-0.397583,0.176514,0.834595
0.425903,-0.341553,0.939331
-0.524048,-0.104248,0.705566
0.120728,0.062744,1.006348
0.006714,-0.371826,0.772583
-0.491577,0.182617,0.829102
0.444946,-0.275269,0.982056
-0.386841,-0.184692,0.757568
-0.021973,0.109009,0.959229
0.162476,-0.406372,0.798340
-0.530029,0.135742,0.785522
0.416382,-0.213623,0.994141
-0.267700,-0.262451,0.734375
-0.142090,0.130981,0.894653
0.288940,-0.415161,0.831909
-0.576904,0.080811,0.745239
0.374634,-0.140747,1.019531
-0.201172,-0.277954,0.727295
-0.272339,0.154419,0.862915
0.383179,-0.400269,0.878906
-0.562744,-0.015625,0.724609
0.286011,-0.057617,1.028320
-0.127441,-0.325684,0.741821
-0.394897,0.179932,0.844727
0.420654,-0.338135,0.942749
-0.517822,-0.119995,0.703735
0.142944,0.039185,1.015869
0.005249,-0.386108,0.771729
-0.477417,0.173340,0.826294
0.439941,-0.294678,0.980469
-0.409790,-0.159424,0.754883
0.017212,0.087524,0.980957
0.147583,-0.429321,0.797485
-0.520142,0.139038,0.802612
0.430786,-0.235352,0.983398
-0.295410,-0.228638,0.742065
-0.103027,0.114990,0.912354
0.269043,-0.430176,0.831665
-0.559326,0.082886,0.765259
0.396729,-0.183350,1.011230
-0.221436,-0.289185,0.725342
-0.215942,0.145508,0.884277
0.353882,-0.404541,0.882812
-0.560303,0.011108,0.737183
0.339722,-0.120117,1.031006
-0.163208,-0.322510,0.732544
-0.319458,0.149780,0.849609
0.404297,-0.363525,0.924805
-0.533203,-0.075684,0.714722
0.256104,-0.026245,1.050293
-0.080688,-0.357788,0.756348
-0.419067,0.171143,0.853149
0.442261,-0.326782,0.967773
-0.493164,-0.146240,0.719971
0.127563,0.041016,1.020996
0.048340,-0.403564,0.786621
-0.473633,0.157104,0.834106
0.458130,-0.289185,0.995483
-0.387817,-0.163574,0.771851
0.013306,0.083618,0.978638
0.173584,-0.438232,0.796875
-0.514404,0.115723,0.792603
0.446289,-0.261108,1.002319
-0.294800,-0.244507,0.752319
-0.075073,0.108032,0.929077
0.265991,-0.425171,0.843384
-0.551270,0.066650,0.760620
0.412720,-0.196045,1.016846
-0.217651,-0.308960,0.730713
-0.173218,0.140137,0.915161
0.336670,-0.377075,0.895996
-0.559326,0.014893,0.741455
0.375366,-0.146973,1.039185
-0.166016,-0.329224,0.745361
-0.267212,0.145142,0.876221
0.382935,-0.375732,0.914551
-0.529663,-0.023438,0.734863
0.317871,-0.073120,1.053711
-0.113525,-0.353271,0.758789
-0.341309,0.145996,0.874268
0.430054,-0.351318,0.957275
-0.511353,-0.082520,0.718140
0.242920,-0.008545,1.061279
-0.022095,-0.383057,0.790771
-0.406128,0.152466,0.867432
0.453613,-0.332275,0.985718
-0.485352,-0.119019,0.726685
0.160889,0.036987,1.038696
0.072754,-0.382080,0.811768
-0.455444,0.140625,0.848511
0.480225,-0.317993,1.006714
-0.427368,-0.177246,0.744019
0.073730,0.068115,1.008545
0.150024,-0.391357,0.827637
-0.470947,0.114380,0.831421
0.477905,-0.281128,1.019531
-0.348389,-0.225098,0.763916
0.015503,0.078979,0.972412
0.218506,-0.407715,0.835815
-0.497070,0.099487,0.803101
0.461548,-0.256836,1.023804
-0.278198,-0.258789,0.769043
-0.034058,0.077026,0.952393
0.269775,-0.414917,0.850708
-0.513916,0.089233,0.782593
0.459473,-0.233032,1.039917
-0.232300,-0.290894,0.759399
-0.085815,0.093872,0.936523
0.311279,-0.393921,0.875000
-0.523804,0.053833,0.772095
0.446289,-0.208862,1.041504
-0.193848,-0.296021,0.764648
-0.134033,0.122192,0.941895
0.348389,-0.381226,0.899292
-0.520508,0.028320,0.756226
0.423706,-0.154053,1.065918
-0.163818,-0.305664,0.772339
-0.188232,0.136719,0.933105
0.379883,-0.363159,0.924561
-0.516357,-0.017944,0.748413
0.404297,-0.121094,1.080688
-0.129761,-0.332031,0.786987
-0.230835,0.156738,0.929565
0.417480,-0.355957,0.948730
-0.508789,-0.049561,0.737915
0.377075,-0.078979,1.089600
-0.095825,-0.338623,0.796509
-0.273315,0.142578,0.917236
0.438599,-0.355103,0.974731
-0.492798,-0.071045,0.744995
0.346436,-0.043945,1.102905
-0.047974,-0.350830,0.799683
-0.303589,0.154785,0.914307
0.468872,-0.349854,0.983765
-0.469604,-0.097656,0.737305
0.307861,-0.028198,1.090332
-0.000244,-0.364380,0.819092
-0.325439,0.144409,0.906982
0.483032,-0.329468,1.011475
-0.435547,-0.145752,0.743286
0.260498,0.005981,1.093506
0.058228,-0.391846,0.835938
-0.352539,0.134033,0.904907
0.495728,-0.315918,1.023682
-0.419678,-0.164917,0.757324
0.204834,0.030029,1.082031
0.112183,-0.394043,0.858032
-0.371094,0.130615,0.899658
0.518921,-0.307617,1.047363
-0.403198,-0.169067,0.768799
0.167236,0.058472,1.078979
0.168701,-0.396118,0.868408
-0.392456,0.120605,0.888550
0.532471,-0.295898,1.065430
-0.369629,-0.193359,0.778442
0.121338,0.062378,1.051758
0.212769,-0.405151,0.875244
-0.405762,0.093994,0.870361
0.533203,-0.275757,1.072876
-0.332642,-0.226807,0.791260
0.080688,0.074341,1.039062
0.256592,-0.399292,0.889648
-0.411499,0.080933,0.855225
0.535156,-0.248169,1.084717
-0.255615,-0.249512,0.807129
0.037842,0.094849,1.019775
0.295776,-0.394531,0.905273
-0.424683,0.059570,0.846680
0.522827,-0.217163,1.095825
-0.205200,-0.256958,0.826294
0.010010,0.093018,1.002686
0.333862,-0.386475,0.924561
-0.430786,0.030518,0.831299
0.513062,-0.174072,1.111328
-0.162354,-0.266602,0.824219
-0.029053,0.104248,0.987915
0.365967,-0.382080,0.932983
-0.440796,-0.003784,0.803223
0.499023,-0.155396,1.119751
-0.128418,-0.268799,0.822510
-0.077637,0.125488,0.988892
0.410767,-0.365234,0.962891
-0.445190,-0.034180,0.799316
0.479370,-0.116577,1.136963
-0.092041,-0.299683,0.820435
-0.129150,0.139771,0.981812
0.446045,-0.357788,0.988770
-0.448486,-0.040649,0.806396
0.462891,-0.078979,1.155151
-0.067017,-0.300415,0.838013
-0.171387,0.165039,0.986694
0.480591,-0.349487,1.015625
-0.441406,-0.072021,0.794800
0.434937,-0.049194,1.153687
-0.028931,-0.306152,0.856567
-0.216309,0.178467,0.985718
0.507812,-0.341675,1.038940
-0.420776,-0.107422,0.790405
0.392822,-0.033813,1.148926
0.020020,-0.318604,0.867676
-0.244263,0.158936,0.967163
0.537476,-0.333862,1.059448
-0.399658,-0.129028,0.785156
0.353516,-0.005615,1.144653
0.074097,-0.354736,0.879883
-0.261353,0.136719,0.957642
0.546265,-0.322144,1.068726
-0.365723,-0.178223,0.797852
0.304077,0.009888,1.134644
0.128906,-0.369019,0.895874
-0.278320,0.120361,0.944946
0.563965,-0.300537,1.089355
-0.339355,-0.196045,0.804565
0.246582,0.042114,1.128418
0.186890,-0.403076,0.913086
-0.297729,0.116699,0.930786
0.570068,-0.278564,1.103271
-0.322876,-0.195557,0.822510
0.207764,0.061768,1.122559
0.233887,-0.414917,0.922974
-0.321655,0.107666,0.931763
0.572144,-0.262573,1.110352
-0.299683,-0.203003,0.828857
0.166626,0.088135,1.108643
0.277954,-0.426636,0.940674
-0.339355,0.098267,0.920654
0.570801,-0.239868,1.119629
-0.266602,-0.215576,0.832153
0.131714,0.106079,1.102539
0.314331,-0.435791,0.946533
-0.362305,0.101807,0.919434
0.576416,-0.211304,1.141113
-0.249512,-0.219116,0.849121
0.092285,0.124390,1.090454
0.354126,-0.426636,0.960571
-0.371948,0.082153,0.901123
0.575684,-0.206665,1.150879
-0.212524,-0.217529,0.865601
0.063354,0.147339,1.087769
0.378174,-0.418091,0.967896
-0.379761,0.057739,0.889282
0.567139,-0.190430,1.160156
-0.172974,-0.215820,0.881836
0.032104,0.157349,1.069946
0.404785,-0.413330,0.973022
-0.387695,0.050171,0.889404
0.554199,-0.168213,1.168091
-0.110840,-0.235229,0.904419
-0.005371,0.155640,1.059692
0.423584,-0.400879,0.989014
-0.392578,0.020630,0.880981
0.544434,-0.152466,1.170898
-0.060913,-0.263306,0.903564
-0.038696,0.171143,1.051636
0.446289,-0.388916,1.009766
-0.404175,-0.002563,0.867676
0.531250,-0.120483,1.181519
-0.026611,-0.296021,0.902588
-0.067627,0.174561,1.046021
0.470459,-0.370239,1.024048
-0.404541,-0.017700,0.853516
0.519775,-0.098145,1.199707
-0.007690,-0.296265,0.900635
-0.102051,0.190552,1.035156
0.491333,-0.364868,1.033569
-0.409424,-0.038574,0.850952
0.487549,-0.077637,1.189209
0.004639,-0.314697,0.887939
-0.144043,0.189453,1.033936
0.517090,-0.359253,1.052734
-0.407471,-0.059692,0.829956
0.463989,-0.056152,1.188843
0.024414,-0.327515,0.896240
-0.178955,0.198242,1.026245
0.533569,-0.342407,1.070435
-0.394165,-0.075195,0.829712
0.437500,-0.034424,1.177734
0.054932,-0.336914,0.905762
-0.203735,0.197266,1.021729
0.555298,-0.335083,1.078735
-0.388428,-0.094971,0.823364
0.406738,-0.019043,1.170044
0.088623,-0.351929,0.916260
-0.225098,0.172363,1.007568
0.572876,-0.333374,1.097168
-0.370728,-0.117920,0.826660
0.361328,-0.001221,1.153931
0.121826,-0.369873,0.923340
-0.247559,0.162109,0.980957
0.584717,-0.312622,1.108643
-0.349121,-0.138916,0.832153
0.323730,0.015503,1.146851
0.152344,-0.382080,0.935913
-0.260254,0.141113,0.970947
0.584961,-0.297852,1.122314
-0.324463,-0.154053,0.848267
0.282471,0.033691,1.131104
0.184937,-0.418945,0.925537
-0.274170,0.107666,0.941284
0.578247,-0.285034,1.128418
-0.306641,-0.158081,0.865479
0.239258,0.058105,1.128540
0.227783,-0.428589,0.936279
-0.295654,0.085205,0.918213
0.582397,-0.275635,1.124390
-0.291382,-0.173706,0.863281
0.201294,0.093384,1.119263
0.261719,-0.424316,0.934814
-0.317139,0.064087,0.892578
0.580078,-0.265137,1.131714
-0.276978,-0.185669,0.858765
0.172363,0.106323,1.110352
0.293823,-0.444214,0.953857
-0.340454,0.072021,0.892090
0.573608,-0.255615,1.131836
-0.252075,-0.201416,0.869385
0.127441,0.126221,1.099854
0.317749,-0.448242,0.953613
-0.353516,0.061646,0.885376
0.565430,-0.243530,1.136841
-0.240967,-0.194092,0.875122
0.097046,0.134277,1.102661
0.351929,-0.458008,0.956177
-0.371948,0.086304,0.896973
0.561523,-0.229248,1.135254
-0.210327,-0.205200,0.884766
0.064697,0.144653,1.092773
0.367432,-0.446411,0.967529
-0.394897,0.080933,0.885986
0.545776,-0.210327,1.148682
-0.188965,-0.207275,0.890259
0.034058,0.151733,1.090576
0.382324,-0.441406,0.978394
-0.412476,0.074097,0.883789
0.537842,-0.187744,1.150635
-0.162476,-0.220825,0.897583
0.002319,0.172241,1.085083
0.406738,-0.442749,0.972656
-0.433350,0.065796,0.875610
0.520874,-0.163086,1.152832
-0.136963,-0.227661,0.899292
-0.027832,0.172852,1.071777
0.427856,-0.440674,0.988525
-0.442017,0.045288,0.865723
0.505981,-0.144165,1.155273
-0.096191,-0.238159,0.902832
-0.057007,0.182861,1.066528
0.432495,-0.433350,0.987671
-0.443726,0.036011,0.864258
0.492065,-0.132446,1.151001
-0.067505,-0.260254,0.897339
-0.088989,0.186523,1.051758
0.444458,-0.433716,0.984253
-0.444824,0.011353,0.854492
0.463501,-0.117188,1.150879
-0.033569,-0.284546,0.904297
-0.109253,0.170898,1.038696
0.454834,-0.428467,0.993408
-0.447388,-0.018677,0.833374
0.453735,-0.104370,1.148926
-0.003906,-0.321045,0.888794
-0.143921,0.179199,1.022339
0.473877,-0.417603,0.999146
-0.443237,-0.015259,0.833008
0.428833,-0.095947,1.140137
0.017090,-0.352051,0.880859
-0.168213,0.169678,1.005493
0.479492,-0.411255,1.000732
-0.445557,-0.034912,0.819702
0.411743,-0.089355,1.137939
0.036133,-0.369873,0.879150
-0.194824,0.162720,0.993042
0.484619,-0.392944,1.006470
-0.438721,-0.056030,0.813110
0.386108,-0.067505,1.131470
-0.226196,0.155029,0.962646
0.069580,-0.403076,0.865601
-0.249634,0.146240,0.951538
0.495361,-0.404297,1.001221
-0.431030,-0.093018,0.802002
0.347778,-0.046265,1.116089
0.083252,-0.402832,0.855591
-0.273560,0.134766,0.936890
0.502808,-0.400757,1.003540
-0.421509,-0.107666,0.799683
0.311890,-0.030640,1.105347
0.092651,-0.409180,0.855103
-0.285889,0.114746,0.914917
0.505371,-0.380859,1.019653
-0.423096,-0.121460,0.792480
0.284790,-0.017700,1.093506
0.106567,-0.417480,0.850342
-0.317993,0.112183,0.892334
0.507935,-0.374023,1.016479
-0.415039,-0.154175,0.785645
0.247314,-0.001831,1.068726
0.117065,-0.410889,0.843506
-0.340332,0.103882,0.872437
0.510986,-0.355347,1.022827
-0.399414,-0.168335,0.791626
0.199585,0.016113,1.057251
0.140625,-0.427124,0.850952
-0.358032,0.097290,0.861450
0.511230,-0.334961,1.033325
-0.390259,-0.180786,0.782471
0.151489,0.043213,1.051147
0.182373,-0.448364,0.851807
-0.497559,0.086304,0.794067
0.451294,-0.257080,1.022217
-0.307373,-0.196045,0.802002
-0.064697,0.143188,0.991699
0.279785,-0.478638,0.860718
-0.515381,0.078247,0.790894
0.430908,-0.234741,1.036255
-0.251465,-0.179932,0.833252
-0.096924,0.161743,0.981934
0.300903,-0.460571,0.874390
-0.534790,0.079346,0.805054
0.410034,-0.197998,1.043945
-0.200806,-0.220581,0.840942
-0.135254,0.162842,0.954956
0.329468,-0.450928,0.894409
-0.546509,0.087891,0.804077
0.385620,-0.151855,1.063110
-0.135986,-0.286255,0.833862
-0.179932,0.164307,0.942383
0.365112,-0.441772,0.913940
-0.559692,0.080322,0.803223
0.359619,-0.120361,1.049805
-0.082642,-0.323730,0.827515
-0.231445,0.167236,0.911743
0.387695,-0.429443,0.915649
-0.550659,0.040161,0.779785
0.331665,-0.093384,1.045898
-0.044556,-0.359497,0.805176
-0.288696,0.159058,0.889038
0.422852,-0.408813,0.923584
-0.533691,-0.010986,0.760498
0.268555,-0.041626,1.028076
-0.000854,-0.378052,0.801025
-0.343506,0.129150,0.857178
0.434326,-0.389648,0.935913
-0.514648,-0.060181,0.756470
0.201782,0.010742,1.023315
0.032593,-0.402832,0.788086
-0.389404,0.126831,0.831543
0.446777,-0.349365,0.950562
-0.485596,-0.109131,0.748535
0.131470,0.050659,1.016235
0.074829,-0.422852,0.793701
-0.435059,0.135132,0.810791
0.443359,-0.302246,0.972534
-0.442505,-0.145386,0.758545
0.063110,0.089600,1.007202
0.115967,-0.425781,0.808105
-0.480713,0.146851,0.805420
0.441284,-0.270752,0.976318
-0.374756,-0.157959,0.779419
-0.010620,0.141235,0.989868
0.185669,-0.428223,0.833984
-0.519653,0.140137,0.789795
0.433228,-0.236206,0.997803
-0.302734,-0.187256,0.785645
-0.080811,0.173218,0.979980
0.258911,-0.447876,0.848755
-0.553589,0.126831,0.798462
0.413696,-0.190063,1.020996
-0.218628,-0.228271,0.802856
-0.146729,0.182373,0.953125
0.320190,-0.432495,0.880493
-0.576172,0.130615,0.792725
0.375000,-0.122803,1.041260
-0.134399,-0.287231,0.810791
-0.205444,0.163940,0.907837
0.363403,-0.411377,0.902222
-0.571045,0.092896,0.782104
0.329956,-0.071655,1.035400
-0.082397,-0.335571,0.784668
-0.282227,0.151978,0.867798
0.405518,-0.390503,0.924683
-0.555908,0.017578,0.749634
0.268677,-0.007690,1.032349
-0.032715,-0.361084,0.767334
-0.351685,0.149780,0.846680
0.423096,-0.357178,0.937988
-0.519043,-0.051270,0.744263
0.182739,0.039795,1.018188
0.015503,-0.399536,0.772339
-0.415405,0.163086,0.832031
0.447266,-0.318481,0.960083
-0.481079,-0.111084,0.746338
0.095703,0.100098,1.015381
0.072021,-0.397217,0.792236
-0.475830,0.193604,0.829224
0.451050,-0.279907,0.967773
-0.411377,-0.151001,0.763428
0.021240,0.140503,0.993896
0.142090,-0.409424,0.808594
-0.529175,0.196289,0.811401
0.438477,-0.241089,0.984497
-0.327637,-0.174927,0.781372
-0.056030,0.160645,0.972656
0.225464,-0.414551,0.837646
-0.561157,0.187256,0.800415
0.419189,-0.183960,0.996582
-0.239014,-0.224365,0.780640
-0.133423,0.171265,0.932739
0.297485,-0.410645,0.871826
-0.580688,0.153320,0.789795
0.389893,-0.128296,1.024292
-0.162720,-0.283447,0.775635
-0.208252,0.170410,0.894531
0.351440,-0.386841,0.900391
-0.575562,0.113892,0.781616
0.336304,-0.061279,1.039917
-0.105103,-0.329224,0.762451
-0.298218,0.178711,0.868042
0.394653,-0.378174,0.915771
-0.555176,0.028687,0.754028
0.268799,-0.001953,1.019897
-0.060303,-0.360962,0.753540
-0.369141,0.166382,0.850952
0.417847,-0.342651,0.940674
-0.528076,-0.057739,0.721313
0.178589,0.052612,1.008911
-0.008911,-0.376831,0.766479
-0.429932,0.184448,0.838013
0.439087,-0.309204,0.954590
-0.461060,-0.115356,0.750000
0.083740,0.106079,1.007935
0.067383,-0.388916,0.790527
-0.494629,0.195801,0.828003
0.441162,-0.267456,0.973389
-0.382080,-0.169434,0.756104
-0.001831,0.136475,0.981201
0.159912,-0.396973,0.816650
-0.545166,0.201416,0.802490
0.428589,-0.222656,0.985474
-0.291260,-0.229614,0.756226
-0.084106,0.160034,0.949951
0.241943,-0.395142,0.842163
-0.579834,0.197510,0.800659
0.404907,-0.173950,0.995972
-0.212402,-0.263550,0.760376
-0.166992,0.169434,0.918823
0.308594,-0.407104,0.861572
-0.595215,0.146118,0.768677
0.368774,-0.118896,1.014282
-0.161377,-0.304932,0.748779
-0.257202,0.167480,0.875366
0.366211,-0.386719,0.897827
-0.576172,0.066772,0.750366
0.309082,-0.044434,1.027222
-0.113770,-0.358032,0.740479
-0.348633,0.179443,0.857666
0.406982,-0.356201,0.935425
-0.545044,-0.031250,0.714966
0.210083,0.022705,1.017090
-0.057983,-0.386108,0.747681
-0.420044,0.185913,0.848999
0.428101,-0.325195,0.945435
-0.496826,-0.080811,0.730469
0.115967,0.077637,1.004272
0.019165,-0.383179,0.769897
-0.486572,0.213501,0.840088
0.435669,-0.290161,0.961182
-0.411987,-0.147827,0.754272
0.025391,0.114746,0.992554
0.111328,-0.413818,0.787842
-0.538574,0.208252,0.811646
0.434204,-0.252808,0.975342
-0.326416,-0.228394,0.737671
-0.050659,0.146118,0.961426
0.200806,-0.428223,0.815186
-0.583496,0.171143,0.786377
0.418579,-0.212769,0.989746
-0.252075,-0.259033,0.737061
-0.131836,0.165894,0.926270
0.284912,-0.399536,0.852905
-0.594482,0.126953,0.765137
0.376831,-0.152222,0.996826
-0.200806,-0.313232,0.730103
-0.216919,0.162842,0.891113
0.346802,-0.385498,0.884521
-0.583252,0.067139,0.746582
0.325073,-0.080444,1.021362
-0.152832,-0.341797,0.718750
-0.309204,0.172485,0.865601
0.388062,-0.370117,0.920288
-0.554932,0.005005,0.732300
0.268433,-0.024170,1.027954
-0.112183,-0.376465,0.720703
-0.390259,0.185669,0.859741
0.419189,-0.349976,0.937378
-0.540649,-0.064697,0.711548
0.181519,0.023560,1.027832
-0.041382,-0.388916,0.751831
-0.445923,0.194092,0.849487
0.438354,-0.329224,0.958008
-0.490845,-0.113525,0.735596
0.092651,0.069092,1.005249
0.040161,-0.409424,0.773193
-0.501831,0.191895,0.822510
0.438599,-0.290283,0.972046
-0.410034,-0.176758,0.748535
0.021118,0.096680,0.995850
0.130981,-0.429077,0.790894
-0.547241,0.189575,0.813599
0.434082,-0.265869,0.974243
-0.329102,-0.242554,0.744751
-0.051636,0.106079,0.948364
0.201660,-0.429932,0.815674
-0.574341,0.150269,0.781616
0.419556,-0.216431,0.985962
-0.265015,-0.257935,0.737427
-0.116943,0.132812,0.927856
0.272705,-0.415161,0.849609
-0.580322,0.108765,0.756958
0.391479,-0.171387,1.003174
-0.232910,-0.282715,0.729370
-0.190918,0.149048,0.911865
0.332397,-0.411255,0.878296
-0.581665,0.049927,0.744507
0.361572,-0.120972,1.026123
-0.190552,-0.322266,0.719360
-0.270752,0.155518,0.882935
0.382812,-0.410400,0.899780
-0.560791,-0.008789,0.728760
0.325562,-0.072266,1.039062
-0.145142,-0.337524,0.734253
-0.349365,0.157715,0.859131
0.414551,-0.386353,0.920044
-0.529541,-0.061035,0.725464
0.257568,-0.038330,1.052002
-0.082886,-0.365845,0.755981
-0.412109,0.182373,0.864990
0.435791,-0.353271,0.957642
-0.504883,-0.114136,0.723633
0.183716,0.003662,1.027954
-0.010010,-0.388794,0.763306
-0.451050,0.187012,0.859497
0.454224,-0.319946,0.979248
-0.468140,-0.167969,0.741455
0.103149,0.039185,1.009521
0.073730,-0.416504,0.790405
-0.481079,0.159546,0.834106
0.449219,-0.294312,0.981323
-0.388550,-0.186035,0.766968
0.043091,0.066895,0.998779
0.151367,-0.422852,0.812012
-0.515747,0.139771,0.806641
0.448730,-0.256714,1.001465
-0.309082,-0.247681,0.760376
-0.023926,0.086914,0.966919
0.227295,-0.425903,0.833008
-0.543213,0.099976,0.779785
0.438477,-0.213501,1.023193
-0.259521,-0.259033,0.741699
-0.089478,0.112671,0.946411
0.288818,-0.418335,0.862183
-0.543579,0.058350,0.758423
0.416626,-0.165771,1.036743
-0.217773,-0.296997,0.728394
-0.169556,0.141357,0.936401
0.345947,-0.410034,0.894775
-0.536011,0.016846,0.749756
0.390503,-0.117920,1.055176
-0.176270,-0.301392,0.755859
-0.235840,0.148804,0.911987
0.396729,-0.396606,0.928955
-0.529419,-0.043579,0.737305
0.355957,-0.083740,1.067749
-0.122803,-0.322021,0.769897
-0.300537,0.154053,0.899048
0.445435,-0.369873,0.960571
-0.501343,-0.091064,0.735229
0.300049,-0.042236,1.070190
-0.055176,-0.346558,0.792847
-0.347534,0.166260,0.897339
0.474121,-0.356812,0.990601
-0.467529,-0.123169,0.733643
0.236328,-0.005249,1.064575
0.023071,-0.373657,0.805908
-0.396362,0.155884,0.882446
0.489014,-0.327637,1.016235
-0.427002,-0.179321,0.747803
0.164795,0.033325,1.054810
0.107544,-0.396851,0.831665
-0.424316,0.127808,0.851929
0.487305,-0.285156,1.032104
-0.377808,-0.207397,0.769531
0.087891,0.059326,1.025269
0.185425,-0.418579,0.847900
-0.448853,0.103394,0.830688
0.485840,-0.251709,1.043213
-0.298950,-0.241455,0.791626
0.029541,0.080444,1.011841
0.259033,-0.408569,0.872437
-0.477051,0.071289,0.801880
0.472900,-0.217896,1.055786
-0.219727,-0.273560,0.789917
-0.021362,0.102905,0.991943
0.317383,-0.407104,0.907593
-0.487671,0.033081,0.792969
0.463623,-0.174194,1.075073
-0.188477,-0.282715,0.768188
-0.090820,0.124268,0.971680
0.375610,-0.391357,0.933105
-0.484375,0.011841,0.785156
0.450317,-0.132080,1.094849
-0.146851,-0.298462,0.780518
-0.160034,0.157349,0.972290
0.426514,-0.364258,0.963989
-0.477417,-0.051758,0.768921
0.419312,-0.091431,1.112183
-0.102173,-0.323853,0.793335
-0.230347,0.172852,0.961792
0.472168,-0.365479,0.996216
-0.462280,-0.080322,0.770142
0.378174,-0.049683,1.113403
-0.038330,-0.326660,0.816650
-0.271729,0.161865,0.946289
0.494751,-0.345215,1.020508
-0.428589,-0.139771,0.763428
0.334351,-0.018311,1.118774
0.025879,-0.348511,0.844482
-0.299072,0.137695,0.925049
0.519165,-0.326538,1.040039
-0.391479,-0.183716,0.767578
0.273071,0.002930,1.108765
0.099121,-0.365356,0.867798
-0.332886,0.144897,0.925171
0.533691,-0.308960,1.055420
-0.368896,-0.197632,0.781738
0.222534,0.029297,1.090210
0.166748,-0.386963,0.895264
-0.353638,0.125000,0.906006
0.540161,-0.278564,1.080566
-0.340454,-0.205444,0.801514
0.159424,0.057251,1.075073
0.228394,-0.405029,0.901123
-0.368774,0.096436,0.889038
0.540894,-0.249512,1.095215
-0.306641,-0.223877,0.815552
0.116211,0.076172,1.067139
0.286499,-0.410156,0.923340
-0.394043,0.093018,0.885620
0.542847,-0.221924,1.105225
-0.254028,-0.238403,0.826050
0.064697,0.098511,1.051514
0.328003,-0.403442,0.943359
-0.405762,0.074951,0.874390
0.538940,-0.191528,1.121460
-0.186401,-0.263062,0.843262
0.025146,0.112549,1.033813
0.371094,-0.402222,0.954224
-0.412231,0.049072,0.863403
0.534302,-0.155762,1.144653
-0.123047,-0.300659,0.839478
-0.022217,0.127441,1.023315
0.407104,-0.395996,0.970093
-0.420898,0.024170,0.847778
0.525146,-0.115967,1.161133
-0.087036,-0.300781,0.847534
-0.071411,0.145752,1.019165
0.435669,-0.381958,0.985718
-0.423340,-0.010620,0.839722
0.511108,-0.095459,1.170410
-0.063843,-0.321045,0.845581
-0.123535,0.169800,1.017578
0.465576,-0.375732,1.010986
-0.421265,-0.028931,0.835205
0.495239,-0.065186,1.183472
-0.037354,-0.313477,0.859619
-0.168823,0.183105,1.010376
0.496338,-0.372681,1.035034
-0.412476,-0.068481,0.815063
0.457642,-0.049561,1.176147
-0.003418,-0.295288,0.883789
-0.200928,0.192017,1.017212
0.529297,-0.344238,1.058594
-0.397217,-0.104004,0.807983
0.422607,-0.013672,1.179321
0.038330,-0.303711,0.894531
-0.233643,0.193481,1.012207
0.550171,-0.334717,1.080078
-0.370361,-0.131836,0.816284
0.381226,0.001465,1.157959
0.083740,-0.321533,0.910156
-0.254639,0.178711,0.995117
0.564575,-0.323853,1.092773
-0.351929,-0.163574,0.813721
0.337524,0.019409,1.152954
0.126953,-0.349731,0.917725
-0.270630,0.157349,0.973999
0.582031,-0.314819,1.105347
-0.336914,-0.194458,0.815063
0.291138,0.045654,1.147583
0.180786,-0.366577,0.936768
-0.286499,0.141846,0.956543
0.583984,-0.312866,1.105347
-0.308594,-0.202271,0.838623
0.247437,0.055298,1.138184
0.225708,-0.400513,0.937622
-0.305176,0.107300,0.930908
0.588745,-0.288452,1.117432
-0.281250,-0.215088,0.847168
0.207031,0.071045,1.130981
0.269897,-0.411133,0.954712
-0.331421,0.107422,0.916016
0.582764,-0.264526,1.123169
-0.256226,-0.207397,0.862915
0.158569,0.094604,1.113770
0.310669,-0.409668,0.965698
-0.352539,0.091431,0.906128
0.581421,-0.228760,1.138794
-0.229980,-0.209717,0.872681
0.118286,0.114746,1.105103
0.353882,-0.425293,0.979736
-0.379639,0.092407,0.896606
0.571777,-0.203491,1.152588
-0.203125,-0.218018,0.876343
0.079956,0.134277,1.102661
0.376587,-0.407959,0.996826
-0.389038,0.074463,0.886353
0.562866,-0.177368,1.160522
-0.170166,-0.215454,0.888672
0.038208,0.162598,1.100708
-0.405518,0.067993,0.886475
0.544067,-0.165283,1.158936
0.006592,0.169189,1.091187
0.529053,-0.145508,1.163574
0.458984,-0.395386,1.023804
-0.414429,0.023560,0.874390
0.509521,-0.119995,1.164673
-0.039917,-0.279297,0.904419
-0.077637,0.178101,1.060181
0.476196,-0.396118,1.031006
-0.409302,0.001587,0.863159
0.489380,-0.087524,1.171143
0.002808,-0.320557,0.903687
-0.114136,0.171143,1.045654
0.494995,-0.393311,1.031616
-0.409668,-0.023682,0.838013
0.462524,-0.071655,1.177002
0.033203,-0.332886,0.896729
-0.150757,0.168823,1.026978
0.508667,-0.379883,1.046631
-0.402466,-0.050171,0.843628
0.445068,-0.046509,1.175781
0.045898,-0.337646,0.896606
-0.195312,0.171509,1.006836
0.531128,-0.372070,1.052368
-0.397827,-0.070801,0.835815
0.411133,-0.030884,1.155762
0.059082,-0.353394,0.893921
-0.220093,0.174316,1.001831
0.546631,-0.368042,1.065918
-0.396362,-0.076904,0.826904
0.374878,-0.015503,1.145264
0.084595,-0.358643,0.899902
-0.251099,0.173218,0.990601
0.557617,-0.340576,1.087036
-0.378540,-0.122681,0.815918
0.337524,0.007812,1.128418
0.115967,-0.375488,0.893799
-0.274292,0.154785,0.962646
0.570312,-0.339478,1.084106
-0.366333,-0.147949,0.819824
0.286987,0.026978,1.114502
0.157349,-0.400024,0.896973
-0.301392,0.132202,0.933594
0.575928,-0.335938,1.091553
-0.337158,-0.161133,0.833618
0.239258,0.042603,1.104736
0.192383,-0.413696,0.899902
-0.314819,0.101440,0.904053
0.572632,-0.317261,1.097778
-0.318237,-0.178833,0.845581
0.179443,0.066650,1.083862
0.236084,-0.431641,0.905273
-0.348999,0.069336,0.871826
0.561523,-0.301392,1.100098
-0.288818,-0.178955,0.855103
0.126099,0.095825,1.083496
0.274292,-0.447021,0.917969
-0.381348,0.061157,0.850098
0.549194,-0.277710,1.105225
-0.250854,-0.196533,0.866089
0.070923,0.117676,1.079712
0.318237,-0.452271,0.926514
-0.415039,0.057739,0.843872
0.521851,-0.241821,1.109131
-0.211792,-0.205688,0.866821
0.026855,0.140381,1.078247
0.363037,-0.441895,0.957031
-0.457642,0.073853,0.848267
0.494507,-0.204834,1.111816
-0.165894,-0.237183,0.871094
-0.030518,0.152222,1.058105
0.398071,-0.439209,0.970703
-0.470093,0.057739,0.849609
0.465698,-0.154785,1.122559
-0.099243,-0.272827,0.874756
-0.089844,0.156738,1.033203
0.437866,-0.432007,0.989746
-0.470093,0.021118,0.835205
0.425293,-0.115967,1.114014
-0.019653,-0.325439,0.877686
-0.164795,0.154297,0.994263
0.471069,-0.421753,0.999634
-0.458130,-0.029663,0.813477
0.375244,-0.068237,1.121094
0.043823,-0.394653,0.859131
-0.235107,0.141968,0.955933
0.494751,-0.402344,1.015259
-0.436523,-0.077515,0.807251
0.317383,-0.029541,1.101196
0.082397,-0.420166,0.840576
-0.301147,0.133301,0.919434
0.507568,-0.382568,1.020020
-0.405518,-0.129395,0.798096
0.245483,0.016724,1.084106
0.116821,-0.432129,0.837402
-0.342651,0.120117,0.889893
0.522827,-0.350220,1.035522
-0.382324,-0.164551,0.789551
0.167236,0.054688,1.062134
0.191162,-0.456787,0.854126
-0.382202,0.081787,0.844971
0.522705,-0.333374,1.042969
-0.341797,-0.201660,0.799072
0.085571,0.089966,1.041748
0.255859,-0.460693,0.875854
-0.421631,0.062256,0.823975
0.501953,-0.297607,1.052856
-0.285400,-0.214233,0.833130
0.005493,0.119995,1.037354
0.306152,-0.460815,0.897949
-0.460693,0.059570,0.819824
0.466797,-0.243042,1.067993
-0.217041,-0.219238,0.854614
-0.053345,0.145508,1.030518
0.350220,-0.456909,0.927002
-0.499023,0.071533,0.829834
0.438477,-0.185669,1.075073
-0.146118,-0.264893,0.850830
-0.118042,0.148193,1.000244
0.389282,-0.439941,0.945679
-0.499878,0.037842,0.812866
0.400513,-0.135254,1.086914
-0.068237,-0.336426,0.837769
-0.182617,0.129150,0.963501
0.420654,-0.429932,0.952271
-0.485352,-0.024658,0.790771
0.351562,-0.091919,1.071533
0.005981,-0.384033,0.831787
-0.252808,0.126343,0.926270
0.444580,-0.423950,0.957520
-0.475464,-0.068848,0.780151
0.302368,-0.054199,1.064575
0.045776,-0.415649,0.817871
-0.309326,0.106812,0.891602
0.463867,-0.399536,0.974243
-0.459229,-0.098022,0.776489
0.245850,-0.017212,1.052490
0.081787,-0.448120,0.805420
-0.352905,0.107422,0.855957
0.480591,-0.375366,0.983032
-0.444702,-0.129639,0.760498
0.176270,0.019409,1.035034
0.106323,-0.454102,0.805786
-0.388428,0.092773,0.841675
0.478394,-0.346924,0.988892
-0.418945,-0.147217,0.770996
0.114990,0.073242,1.037354
0.160034,-0.457642,0.828369
-0.427734,0.087646,0.822388
0.473145,-0.320190,1.000122
-0.395752,-0.191895,0.760010
0.053101,0.097046,1.028076
0.218506,-0.470947,0.853882
-0.463501,0.077515,0.801392
0.469727,-0.308960,1.009033
-0.348389,-0.194702,0.786133
-0.005249,0.120239,1.009155
0.264038,-0.456299,0.878784
-0.490723,0.074707,0.795410
0.447510,-0.284424,1.011841
-0.289307,-0.201904,0.812988
-0.050049,0.120972,0.997681
0.289062,-0.452759,0.883667
-0.512207,0.080566,0.803345
0.433105,-0.243408,1.029053
-0.237427,-0.235840,0.819092
-0.098511,0.150391,0.982300
0.323486,-0.451904,0.897339
-0.529907,0.078491,0.804321
0.418823,-0.184937,1.048828
-0.157837,-0.271362,0.827637
-0.160034,0.160522,0.967651
0.354736,-0.437256,0.907227
-0.532349,0.067139,0.803711
0.387329,-0.130859,1.060669
-0.103149,-0.318115,0.824341
-0.215454,0.141968,0.929565
0.385132,-0.432373,0.913574
-0.534546,0.026001,0.787964
0.356079,-0.084229,1.070557
-0.041626,-0.354004,0.814331
-0.266113,0.139404,0.906494
0.405396,-0.422729,0.924316
-0.529053,-0.018433,0.764160
0.296875,-0.038818,1.051636
0.005981,-0.397095,0.805420
-0.320923,0.137207,0.867554
0.416992,-0.400146,0.930298
-0.514893,-0.050903,0.748291
0.232300,-0.005493,1.031250
0.045654,-0.417969,0.789307
-0.370605,0.132935,0.844971
0.444702,-0.374146,0.948853
-0.499390,-0.076416,0.743042
0.171021,0.031372,1.018799
0.076538,-0.424683,0.798218
-0.410156,0.121094,0.834351
0.450073,-0.344604,0.965942
-0.473877,-0.126587,0.743286
0.100098,0.072021,1.007690
0.115234,-0.432983,0.805908
-0.452759,0.128052,0.816040
0.460571,-0.308228,0.985718
-0.427246,-0.152588,0.753784
0.025757,0.100952,0.986328
0.173096,-0.437500,0.818848
-0.485352,0.131714,0.808105
0.459106,-0.270386,1.008545
-0.366577,-0.165161,0.773926
-0.034058,0.142578,0.991699
0.223389,-0.441895,0.839600
-0.515259,0.106323,0.784912
0.447754,-0.228149,1.020996
-0.292603,-0.183594,0.797729
-0.087891,0.168213,0.972778
0.267090,-0.457520,0.847290
-0.556641,0.098389,0.784546
0.427002,-0.197632,1.038940
-0.212891,-0.209106,0.819214
-0.133667,0.181396,0.948975
0.306885,-0.442505,0.876831
-0.581543,0.107422,0.786865
0.396606,-0.145630,1.043457
-0.137695,-0.261230,0.818237
-0.186035,0.191772,0.929077
0.355347,-0.412476,0.904785
-0.581299,0.085083,0.781372
0.350708,-0.116821,1.031860
-0.073364,-0.322144,0.804077
-0.245728,0.186157,0.909058
0.393799,-0.399658,0.916870
-0.567871,0.033203,0.760010
0.291016,-0.072510,1.018677
-0.041260,-0.367310,0.791870
-0.297241,0.158447,0.884277
0.416138,-0.344482,0.943481
-0.556030,-0.016357,0.739624
0.219482,-0.006836,1.003052
0.006714,-0.395264,0.777588
-0.376587,0.147095,0.844849
0.452393,-0.287476,0.972168
-0.416626,-0.138916,0.756714
0.016235,0.132568,0.983521
0.122070,-0.396973,0.802124
-0.525269,0.194824,0.812988
0.447876,-0.237183,0.989990
-0.315308,-0.209106,0.763550
-0.068970,0.160278,0.950928
0.204712,-0.394897,0.827515
-0.565552,0.154297,0.782593
0.421997,-0.198853,1.005005
-0.228394,-0.270874,0.757324
-0.160889,0.180786,0.915894
0.308228,-0.393433,0.860962
-0.584961,0.126099,0.771729
0.366699,-0.134766,1.014282
-0.159668,-0.302246,0.749390
-0.262939,0.157715,0.865234
0.373413,-0.368774,0.897217
-0.562134,0.030029,0.736328
0.267456,-0.024658,1.027466
-0.099854,-0.335938,0.753906
-0.391479,0.187378,0.859985
0.435791,-0.358765,0.945557
-0.527588,-0.086426,0.714111
0.132568,0.056152,1.005371
0.003784,-0.358276,0.773682
-0.487915,0.199707,0.838989
0.446411,-0.278320,0.977783
-0.373779,-0.182495,0.756592
-0.030151,0.134521,0.954224
0.162354,-0.374268,0.804932
0.301758,-0.370239,0.868286
0.315552,-0.073242,1.020630
-0.144287,-0.341309,0.726074
-0.359253,0.160522,0.839722
0.409180,-0.373291,0.910522
-0.530151,-0.044434,0.718750
0.147217,0.057251,1.017700
-0.005371,-0.353027,0.774414
-0.490234,0.204102,0.849121
0.442505,-0.277588,0.981445
-0.361572,-0.198242,0.755615
-0.053223,0.132935,0.950073
0.204346,-0.391479,0.829102
-0.566284,0.133423,0.786377
0.398560,-0.182739,0.997681
-0.207397,-0.291260,0.737183
-0.226807,0.136108,0.868896
0.343994,-0.372681,0.880371
-0.541382,-0.002441,0.727417
0.273315,-0.035889,1.033691
-0.116699,-0.328735,0.746948
-0.423950,0.184204,0.842163
0.415527,-0.322876,0.954712
-0.464355,-0.155151,0.720825
0.055298,0.108276,1.012451
0.095337,-0.365479,0.801514
-0.522949,0.177124,0.822266
0.425537,-0.247070,0.976685
-0.283569,-0.281128,0.725586
-0.129639,0.134521,0.913086
0.275635,-0.392090,0.846558
-0.561890,0.056519,0.758545
0.351807,-0.126587,1.020874
-0.173584,-0.321411,0.719971
-0.322998,0.164185,0.862671
0.388916,-0.355347,0.915894
-0.520508,-0.053711,0.722656
0.195190,0.019653,1.023682
-0.036499,-0.374878,0.764771
-0.471802,0.184937,0.839478
0.433594,-0.295166,0.966187
-0.394287,-0.195435,0.746216
-0.000244,0.105469,0.976929
0.156372,-0.386230,0.809692
-0.544556,0.121460,0.776855
0.418335,-0.228271,0.988403
-0.237427,-0.295898,0.742554
-0.161865,0.131226,0.904785
0.295410,-0.369629,0.857300
-0.567261,0.041626,0.733765
0.332031,-0.106812,1.022705
-0.137451,-0.344849,0.738281
-0.332397,0.148682,0.857056
0.393311,-0.342041,0.938599
-0.524048,-0.064209,0.710449
0.195312,0.021606,1.033936
-0.028076,-0.376465,0.778442
-0.459351,0.148071,0.846924
0.441528,-0.283203,0.994629
-0.412231,-0.171143,0.756592
0.015259,0.107300,0.986572
0.137939,-0.392700,0.803467
-0.520264,0.102539,0.790405
0.440186,-0.251465,1.006226
-0.262085,-0.285400,0.736328
-0.123291,0.127197,0.920288
0.285522,-0.388916,0.852661
-0.560791,0.032715,0.744263
0.363892,-0.163696,1.011353
-0.162231,-0.325073,0.739624
-0.272217,0.128174,0.874634
0.375366,-0.337524,0.919067
-0.528931,-0.069336,0.712524
0.250732,-0.025391,1.051758
-0.059448,-0.354126,0.773560
-0.419067,0.148682,0.851196
0.441406,-0.302368,0.989014
-0.449951,-0.160889,0.737549
0.069214,0.066528,1.002075
0.113647,-0.397095,0.798584
-0.488892,0.105957,0.806030
0.455933,-0.255249,1.011841
-0.279297,-0.259399,0.764648
-0.082397,0.097534,0.932739
0.258301,-0.419312,0.823120
-0.534546,0.024170,0.738892
0.402588,-0.166260,1.029785
-0.176270,-0.279419,0.768921
-0.228516,0.138916,0.892212
0.364746,-0.376709,0.913574
-0.529053,-0.056274,0.725098
0.306030,-0.070557,1.048462
-0.091797,-0.319946,0.766113
-0.359863,0.159302,0.884521
0.446045,-0.337646,0.980103
-0.473145,-0.144897,0.714111
0.159058,0.040894,1.032471
0.071899,-0.364746,0.823730
-0.457153,0.129761,0.843262
0.472290,-0.288086,1.014160
-0.347778,-0.218140,0.767212
0.001099,0.069946,0.984863
0.214355,-0.403564,0.840088
-0.509155,0.076294,0.781128
0.460571,-0.234253,1.028564
-0.219971,-0.290405,0.755127
-0.117554,0.110718,0.933716
0.320435,-0.361572,0.895386
-0.520386,-0.013184,0.741821
0.389404,-0.135742,1.049561
-0.144897,-0.318604,0.772339
-0.262451,0.145020,0.915161
0.411377,-0.346436,0.954102
-0.502686,-0.069824,0.739868
0.303467,-0.051270,1.071655
-0.047363,-0.353149,0.792725
-0.339722,0.144409,0.896362
0.457397,-0.316528,0.997314
-0.449829,-0.148682,0.738892
0.187744,0.020264,1.061035
0.081909,-0.393066,0.824707
-0.420166,0.122192,0.862061
0.493042,-0.271362,1.045776
-0.369263,-0.223755,0.770264
0.042725,0.083374,1.019409
0.210693,-0.410034,0.851929
-0.458496,0.068359,0.822266
0.481934,-0.221069,1.064209
-0.240479,-0.258667,0.789551
-0.050171,0.076904,0.959106
0.300659,-0.405518,0.881226
-0.498291,0.017456,0.771729
0.459839,-0.176392,1.070679
-0.168579,-0.258179,0.790161
-0.153198,0.135498,0.950073
0.392944,-0.371826,0.940308
-0.499878,-0.050903,0.745605
0.392090,-0.091553,1.093628
-0.087402,-0.302246,0.800659
-0.262207,0.153564,0.920044
0.476196,-0.336304,0.999512
-0.450806,-0.142334,0.741699
0.272705,-0.030640,1.087524
0.027710,-0.358276,0.820923
-0.337280,0.118286,0.891113
0.507812,-0.277832,1.050781
-0.368286,-0.193726,0.775513
0.138916,0.055908,1.063477
0.170532,-0.385986,0.868042
-0.398926,0.067139,0.846924
0.525391,-0.248901,1.075195
-0.259399,-0.248169,0.803955
0.010986,0.082642,1.000244
0.291260,-0.379883,0.893311
-0.454956,0.025146,0.796753
0.494995,-0.188721,1.086792
-0.145264,-0.312866,0.793335
-0.102905,0.127075,0.973633
0.386597,-0.368042,0.938599
-0.465210,-0.017944,0.782837
0.438599,-0.113770,1.111572
-0.094604,-0.304565,0.815796
-0.221924,0.161987,0.963257
0.475220,-0.352295,1.001709
-0.447021,-0.091064,0.761963
0.340820,-0.023193,1.123047
0.021118,-0.310059,0.856079
-0.292969,0.141724,0.937866
0.513184,-0.304443,1.046997
-0.379517,-0.193481,0.763794
0.221436,0.040527,1.093872
0.149658,-0.379150,0.875366
-0.367188,0.109741,0.896973
0.538940,-0.270264,1.077393
-0.318848,-0.223267,0.803955
0.096069,0.087524,1.071777
0.263550,-0.390015,0.912842
-0.398804,0.071533,0.861572
0.521240,-0.214355,1.096191
-0.200562,-0.283447,0.820312
0.015015,0.100586,1.029175
0.340698,-0.383667,0.929077
-0.439331,0.029907,0.823975
0.515015,-0.174438,1.117920
-0.116699,-0.303955,0.825195
-0.077026,0.140381,1.010742
0.411133,-0.372925,0.969116
-0.445435,-0.015991,0.803711
0.470947,-0.113770,1.128540
-0.071045,-0.307251,0.839478
-0.178101,0.175415,1.005371
0.473511,-0.341675,1.018799
-0.434204,-0.076172,0.793823
0.394531,-0.035400,1.141357
0.004272,-0.320435,0.864868
-0.246582,0.157227,0.978638
0.526489,-0.314941,1.055054
-0.398315,-0.140137,0.786743
0.311646,0.012695,1.135376
0.105957,-0.372803,0.880859
-0.289551,0.111694,0.936646
0.546875,-0.300293,1.093506
-0.335938,-0.210693,0.802979
0.553345,-0.263062,1.106934
0.288086,-0.394165,0.940674
-0.380981,0.092896,0.881836
0.551758,-0.217285,1.120361
-0.214233,-0.248779,0.844604
0.050903,0.124634,1.069336
0.351318,-0.398071,0.962158
-0.414062,0.049072,0.865234
0.544556,-0.172729,1.140747
-0.107056,-0.291870,0.864502
-0.025269,0.149292,1.052246
0.409912,-0.385010,0.977783
-0.426880,0.011475,0.845093
0.510376,-0.125000,1.151733
-0.060059,-0.311279,0.855591
-0.101685,0.175781,1.030273
0.467285,-0.369995,1.010986
-0.427124,-0.030762,0.826782
0.475464,-0.069458,1.171387
-0.018799,-0.311523,0.872559
-0.176636,0.192505,1.025391
0.519165,-0.349976,1.055908
-0.407104,-0.083252,0.810059
0.413818,-0.024292,1.160889
0.046509,-0.317505,0.894287
-0.230347,0.177490,1.005615
0.560791,-0.313110,1.093384
-0.378296,-0.135010,0.815796
0.332764,0.012085,1.149048
0.119995,-0.341797,0.917358
-0.256348,0.123535,0.952515
0.576660,-0.279907,1.115723
-0.331055,-0.190796,0.828491
0.242432,0.056519,1.124390
0.206421,-0.404419,0.926025
-0.306030,0.095337,0.932739
0.579468,-0.273071,1.122437
-0.278809,-0.215332,0.845581
0.161865,0.105469,1.114746
0.283569,-0.405029,0.950562
-0.347900,0.090332,0.910156
0.576294,-0.241089,1.136108
-0.231567,-0.223633,0.865356
0.098389,0.125122,1.098877
0.354126,-0.416016,0.967407
-0.387695,0.071777,0.889404
0.561279,-0.195557,1.149292
-0.163574,-0.243652,0.885986
0.030518,0.145874,1.081421
0.399902,-0.403198,0.988647
-0.405518,0.052979,0.876831
0.537964,-0.145386,1.170288
-0.074219,-0.265991,0.903931
-0.034302,0.173340,1.068726
0.447632,-0.406006,1.007568
-0.423462,0.022583,0.863037
0.523560,-0.106934,1.176270
-0.007690,-0.308472,0.900635
-0.096558,0.184326,1.049683
0.484741,-0.382324,1.023682
-0.418579,-0.011841,0.848022
0.485107,-0.071899,1.184326
0.012329,-0.316772,0.889648
-0.151367,0.198730,1.044434
0.519409,-0.365601,1.049072
-0.408691,-0.053589,0.830200
0.434082,-0.030029,1.171631
0.043823,-0.322876,0.898438
-0.217041,0.195190,1.025024
0.554077,-0.342041,1.085571
-0.387451,-0.103271,0.821045
0.370361,0.013062,1.161987
0.109619,-0.352173,0.919800
-0.253906,0.151001,0.985718
0.580566,-0.318726,1.115234
-0.348022,-0.164307,0.820068
0.293945,0.038086,1.140381
0.173096,-0.373901,0.935059
-0.278687,0.115967,0.944458
0.591797,-0.294067,1.127197
-0.311890,-0.197388,0.835327
0.222778,0.074463,1.122681
0.246094,-0.406250,0.945435
-0.314209,0.086548,0.910400
0.588989,-0.263672,1.140137
-0.263062,-0.218628,0.856934
0.145264,0.113525,1.111328
0.314941,-0.423950,0.963013
-0.365112,0.076904,0.890381
0.564819,-0.237427,1.142334
-0.218018,-0.227051,0.867310
0.073730,0.143433,1.106689
0.369263,-0.412598,0.987427
-0.403687,0.078369,0.881592
0.552246,-0.196289,1.154541
-0.155396,-0.223267,0.897339
0.004272,0.168945,1.086792
0.417114,-0.418457,1.000488
-0.420410,0.062378,0.873657
0.532104,-0.148315,1.160767
-0.070679,-0.256958,0.909180
-0.056641,0.194702,1.079590
0.453735,-0.408447,1.013184
-0.423950,0.019409,0.860474
0.495483,-0.109619,1.168213
0.004150,-0.309692,0.906616
-0.127319,0.186035,1.047363
0.491089,-0.404785,1.033325
-0.418091,-0.010132,0.847900
0.459595,-0.071533,1.172363
0.045410,-0.335815,0.902588
-0.175537,0.181519,1.019897
0.519897,-0.373535,1.054321
-0.415649,-0.060303,0.814941
0.403564,-0.027710,1.157959
0.066895,-0.344727,0.902100
-0.229736,0.172485,1.005371
0.543945,-0.351929,1.071655
-0.400391,-0.114014,0.808960
0.349976,0.000244,1.135864
0.117432,-0.361816,0.921021
-0.269409,0.152466,0.982056
0.568481,-0.335815,1.098877
-0.367554,-0.155029,0.817017
0.281860,0.040161,1.113525
0.172974,-0.390381,0.914551
-0.290283,0.114868,0.938232
0.583862,-0.310303,1.108643
-0.332886,-0.180786,0.838257
0.203857,0.068237,1.100586
0.221558,-0.413574,0.920532
-0.317017,0.068237,0.892212
0.574829,-0.284546,1.124878
-0.301147,-0.197388,0.845825
0.148438,0.097168,1.094727
0.275024,-0.424194,0.934937
-0.351440,0.060303,0.879639
0.563354,-0.264526,1.124023
-0.263550,-0.214844,0.851685
0.315552,-0.444824,0.943604
-0.393433,0.064819,0.860840
0.542236,-0.245728,1.120117
-0.213379,-0.226807,0.865967
0.033569,0.134521,1.081909
0.357910,-0.441162,0.962524
-0.432007,0.074707,0.864624
0.522095,-0.201172,1.138062
-0.156006,-0.234131,0.884155
-0.026123,0.170166,1.077637
0.400146,-0.445068,0.969482
-0.451660,0.073486,0.849976
0.492188,-0.164917,1.134521
-0.085938,-0.251709,0.897583
-0.077881,0.179810,1.064209
0.435303,-0.435425,0.992065
-0.459351,0.025146,0.843018
0.458862,-0.133789,1.133789
-0.017456,-0.306641,0.902588
-0.144409,0.168945,1.031006
0.465576,-0.430054,1.000000
-0.449219,-0.007812,0.826294
0.409058,-0.093628,1.121826
0.042969,-0.361816,0.884521
-0.203003,0.161011,0.993896
0.494385,-0.404175,1.019409
-0.431763,-0.060059,0.813354
0.366089,-0.049194,1.114258
0.079346,-0.390137,0.873779
-0.254272,0.138916,0.964233
0.515869,-0.371948,1.040161
-0.408447,-0.107422,0.799927
0.305298,-0.001221,1.101074
0.100464,-0.396118,0.870483
-0.296753,0.125854,0.928711
0.532959,-0.344727,1.058350
-0.387695,-0.151245,0.795410
0.227783,0.040161,1.088013
0.160034,-0.415283,0.873535
-0.328125,0.103271,0.896851
0.549561,-0.329468,1.065674
-0.357422,-0.188599,0.801392
0.150146,0.069824,1.063721
0.223022,-0.436523,0.885376
-0.361206,0.064453,0.859497
0.532104,-0.303101,1.077026
-0.308960,-0.211060,0.818481
0.081421,0.107544,1.058105
0.275879,-0.457153,0.897461
-0.407349,0.050659,0.842651
0.516479,-0.269653,1.072876
-0.261597,-0.214478,0.841187
0.019531,0.139282,1.062134
0.323975,-0.461548,0.916504
-0.451904,0.057983,0.838135
0.486694,-0.227295,1.090576
-0.199219,-0.233765,0.861816
-0.042480,0.144165,1.049194
0.361084,-0.449463,0.942017
-0.481934,0.060425,0.838623
0.454102,-0.181152,1.095337
-0.121460,-0.261597,0.871338
-0.097534,0.147705,1.028076
0.399780,-0.438965,0.957520
-0.484009,0.036133,0.819580
0.422119,-0.136475,1.092285
-0.038330,-0.320923,0.863770
-0.165039,0.139771,0.996704
0.439453,-0.436157,0.971558
-0.473999,-0.006104,0.797729
0.372803,-0.092163,1.086182
0.024292,-0.376343,0.859497
-0.229736,0.137207,0.956909
0.472534,-0.427856,0.982544
-0.459961,-0.077148,0.786133
0.314331,-0.042847,1.078735
0.073608,-0.417725,0.838989
-0.290649,0.119385,0.916016
0.489380,-0.402100,0.994019
-0.435181,-0.126709,0.786621
0.245972,-0.002808,1.057739
0.103760,-0.417847,0.830566
-0.337158,0.108032,0.879150
0.504395,-0.364868,1.016846
-0.419067,-0.163452,0.774414
0.174438,0.037476,1.049805
0.148071,-0.423218,0.843628
-0.379272,0.081177,0.851196
0.503052,-0.349609,1.023193
-0.379272,-0.188843,0.784302
0.088623,0.075073,1.038452
0.223633,-0.459106,0.861328
-0.412476,0.062744,0.816650
0.493652,-0.320557,1.035522
-0.329590,-0.212158,0.804810
0.019897,0.095337,1.020874
0.274292,-0.464355,0.876953
-0.459106,0.060059,0.807495
0.466797,-0.270996,1.044312
-0.258301,-0.242554,0.815552
-0.050293,0.134399,1.024292
0.321899,-0.457764,0.913818
-0.495972,0.060425,0.812134
0.435669,-0.208008,1.062744
-0.182739,-0.258179,0.843750
-0.103271,0.140137,1.002197
0.368042,-0.454590,0.921143
-0.512207,0.053467,0.812134
0.399048,-0.151611,1.070312
-0.088257,-0.317261,0.836426
-0.171387,0.140259,0.977539
0.405518,-0.433594,0.942871
-0.506348,0.008179,0.792969
0.361206,-0.094971,1.063110
-0.014038,-0.380371,0.834839
-0.243164,0.127563,0.927002
0.437988,-0.413696,0.958740
-0.483398,-0.048096,0.776001
0.285645,-0.036987,1.051270
0.048462,-0.431519,0.806030
-0.319824,0.124023,0.885742
0.471191,-0.396973,0.969482
-0.459473,-0.099854,0.768311
0.203857,0.012817,1.041870
0.091675,-0.453125,0.794678
-0.380005,0.104248,0.848999
0.480591,-0.361694,0.985474
-0.431152,-0.139038,0.768188
0.123779,0.057373,1.028564
0.148804,-0.444824,0.817383
-0.425537,0.076660,0.813843
0.476929,-0.327881,0.997314
-0.376587,-0.170654,0.786011
0.037964,0.094360,1.015137
0.224487,-0.458740,0.843506
-0.468872,0.053955,0.795044
0.460205,-0.277710,1.021118
-0.299805,-0.214355,0.807495
-0.049561,0.134399,1.006348
0.290039,-0.465210,0.877563
-0.519653,0.063965,0.797485
0.427124,-0.217041,1.045898
-0.199585,-0.246582,0.827271
-0.120117,0.150024,0.990112
0.344971,-0.446167,0.912598
-0.542969,0.074463,0.807129
0.398804,-0.157471,1.054688
-0.094971,-0.316406,0.828369
-0.193481,0.154663,0.948853
0.385986,-0.428589,0.923096
-0.530029,0.017212,0.781006
0.334839,-0.100830,1.047119
-0.014038,-0.392456,0.808960
-0.274414,0.133179,0.896729
0.432129,-0.410156,0.946655
-0.502686,-0.070679,0.754517
0.250244,-0.034424,1.023071
0.051025,-0.437622,0.790283
-0.351685,0.119141,0.852417
0.459473,-0.376343,0.961426
-0.475708,-0.109497,0.765137
0.157227,0.018311,1.012573
0.093994,-0.444824,0.792847
-0.411865,0.110840,0.817383
0.463501,-0.332031,0.976318
-0.415405,-0.162598,0.769409
0.054199,0.088257,1.007324
0.166260,-0.450684,0.814941
-0.463501,0.095215,0.797607
0.451904,-0.268921,0.997070
-0.340088,-0.204712,0.786377
-0.037842,0.135132,0.998047
0.256714,-0.457275,0.853760
-0.524170,0.068481,0.777466
0.418091,-0.212036,1.032959
-0.227417,-0.233032,0.815186
-0.122437,0.167114,0.975586
0.329468,-0.452271,0.894043
-0.551880,0.080688,0.800049
0.386230,-0.145020,1.052612
-0.111206,-0.314087,0.819214
-0.199219,0.164185,0.939209
0.374756,-0.425171,0.917603
-0.546265,0.038330,0.779419
0.335571,-0.084106,1.042358
-0.031738,-0.379150,0.794067
-0.281860,0.154419,0.890991
0.422485,-0.395630,0.937744
-0.520264,-0.048462,0.751099
0.242065,-0.024048,1.018066
0.030518,-0.424194,0.775879
-0.364380,0.127075,0.843140
0.447021,-0.357056,0.958130
-0.482422,-0.092163,0.753540
0.139282,0.035767,1.006836
0.076660,-0.431396,0.783447
-0.433716,0.116577,0.817261
0.452271,-0.306763,0.973389
-0.416382,-0.143433,0.773071
0.040405,0.101807,0.998901
0.166626,-0.443604,0.810913
-0.496704,0.118652,0.794800
0.444336,-0.252808,0.998291
-0.324951,-0.181763,0.790283
-0.056030,0.156250,0.985229
0.265137,-0.437256,0.863037
-0.543945,0.095703,0.787842
0.416016,-0.203857,1.019531
-0.210083,-0.244019,0.807251
-0.134766,0.168213,0.956299
0.324829,-0.419922,0.899048
-0.556396,0.084961,0.790894
0.375244,-0.118652,1.050171
-0.095337,-0.330200,0.799683
-0.227417,0.163574,0.913330
0.386597,-0.410889,0.911011
-0.546265,0.036011,0.762939
0.305542,-0.052979,1.038330
-0.030151,-0.390503,0.774414
-0.315308,0.146606,0.863159
0.428467,-0.375122,0.934204
-0.519775,-0.052368,0.744019
0.209839,0.015015,1.014282
0.034912,-0.422974,0.769043
-0.398926,0.145142,0.836182
0.443604,-0.325317,0.959229
-0.467896,-0.120850,0.752563
0.103027,0.077637,1.007568
0.096924,-0.422974,0.793701
-0.468262,0.154297,0.812866
0.439087,-0.266846,0.979004
-0.379395,-0.152954,0.772949
0.003052,0.140625,0.994141
0.192383,-0.411499,0.839600
-0.533325,0.150269,0.800415
0.431519,-0.218872,1.000000
-0.271118,-0.213745,0.784912
-0.091919,0.172607,0.970093
0.282471,-0.407837,0.875854
-0.569214,0.116821,0.791382
0.400635,-0.155640,1.026001
-0.160156,-0.275757,0.801270
-0.178467,0.167358,0.931519
0.349976,-0.399902,0.906128
-0.562500,0.088989,0.776978
0.344360,-0.069458,1.040771
-0.069092,-0.357300,0.783569
-0.271484,0.145386,0.883667
0.400024,-0.379883,0.917480
-0.539307,0.009521,0.754028
0.266479,-0.001465,1.025146
-0.014893,-0.390381,0.757446
-0.359253,0.147583,0.852539
0.430420,-0.341431,0.945190
-0.504639,-0.078735,0.738525
0.149414,0.068115,1.014038
0.049683,-0.407471,0.776611
-0.445435,0.170288,0.828857
0.446777,-0.288452,0.973389
-0.434692,-0.131470,0.760498
0.052734,0.118530,1.004639
0.135742,-0.404419,0.807007
-0.522461,0.181763,0.816772
0.440674,-0.250610,0.981689
-0.330444,-0.181763,0.774902
-0.035400,0.165039,0.980225
0.231445,-0.398560,0.856201
-0.564697,0.169434,0.799805
0.420044,-0.194702,1.004517
-0.214600,-0.266724,0.776489
-0.129272,0.169800,0.940674
0.313721,-0.396851,0.885010
-0.577515,0.126465,0.795410
0.381470,-0.121094,1.030640
-0.119263,-0.332764,0.772095
-0.224854,0.160767,0.898193
0.370972,-0.376465,0.912476
-0.554077,0.057007,0.761230
0.314697,-0.031006,1.032471
-0.060059,-0.388550,0.755127
-0.319458,0.151367,0.859131
0.417725,-0.352417,0.936768
-0.531982,-0.024780,0.727905
0.209473,0.036011,1.015015
-0.004395,-0.400757,0.756592
-0.409546,0.171143,0.843384
0.430908,-0.269775,0.974365
-0.378906,-0.183228,0.743164
0.003296,0.136353,0.980347
0.164795,-0.382324,0.821045
-0.578003,0.189209,0.785278
0.419556,-0.222412,0.986206
-0.262817,-0.266724,0.736084
-0.099487,0.163330,0.949951
0.259033,-0.382446,0.856567
-0.595703,0.147827,0.778564
0.397461,-0.169189,1.004761
-0.191895,-0.321045,0.729492
-0.194458,0.161499,0.905273
0.325684,-0.373657,0.879395
-0.577148,0.082642,0.755981
0.344849,-0.098877,1.024902
-0.145142,-0.350830,0.725220
-0.304199,0.158569,0.878662
0.381226,-0.367798,0.901489
-0.557617,0.023926,0.732544
0.267212,-0.020752,1.021729
-0.086060,-0.379639,0.735107
-0.394897,0.178833,0.866699
0.410278,-0.331543,0.940552
-0.522949,-0.058228,0.719116
0.155762,0.058105,1.012939
-0.005493,-0.382080,0.765503
-0.479736,0.190063,0.848022
0.425537,-0.305786,0.955322
-0.466797,-0.132446,0.723145
0.056152,0.123413,1.009521
0.098389,-0.401245,0.799683
-0.543335,0.206787,0.824097
0.430908,-0.279785,0.969604
-0.351562,-0.229736,0.725464
-0.029175,0.139893,0.973877
0.190796,-0.395264,0.827637
-0.573486,0.156006,0.783936
0.423828,-0.229858,0.988403
-0.266968,-0.290161,0.722290
-0.114990,0.141235,0.937134
0.273071,-0.394531,0.854614
-0.591919,0.114014,0.764771
0.389038,-0.157959,1.006226
-0.189575,-0.337524,0.723145
-0.212646,0.139404,0.898560
0.327271,-0.375366,0.886597
-0.577759,0.056274,0.739014
0.342896,-0.103882,1.024048
-0.143311,-0.360352,0.727417
-0.313477,0.155762,0.871460
0.383301,-0.365845,0.910034
-0.553955,0.000244,0.730713
0.261475,-0.028442,1.025024
-0.089844,-0.385742,0.739014
-0.395996,0.174194,0.860352
0.407593,-0.330688,0.945190
-0.526001,-0.078613,0.713135
0.165039,0.042480,1.019775
-0.013672,-0.406982,0.760376
-0.467041,0.193970,0.856079
0.420410,-0.298462,0.970215
-0.480469,-0.136353,0.723633
0.067017,0.098999,1.006470
0.076782,-0.412354,0.790649
-0.526489,0.175537,0.823975
0.430908,-0.272461,0.979980
-0.383423,-0.204102,0.731323
-0.008545,0.125244,0.983276
0.170166,-0.421387,0.808716
-0.568481,0.157837,0.791992
0.426147,-0.244629,0.984375
-0.288452,-0.279541,0.726929
-0.086670,0.131592,0.942261
0.246826,-0.410889,0.843018
-0.582153,0.101440,0.762817
0.406250,-0.203003,0.999390
-0.224854,-0.310303,0.726685
-0.175415,0.142700,0.924072
0.308350,-0.401611,0.872070
-0.578369,0.063110,0.753906
0.364380,-0.137817,1.022461
-0.175537,-0.325684,0.727783
-0.270752,0.144897,0.888672
0.364258,-0.378418,0.909546
-0.559204,-0.008545,0.732788
0.303711,-0.066162,1.036865
-0.130615,-0.356323,0.741333
-0.361084,0.166138,0.884888
0.404053,-0.344116,0.943481
-0.520264,-0.062256,0.731079
0.194092,0.016113,1.029907
-0.042358,-0.386719,0.764160
-0.438599,0.167236,0.864502
0.424438,-0.304565,0.969482
-0.478394,-0.142090,0.723755
0.073975,0.087158,1.007812
0.078613,-0.396606,0.801025
-0.502686,0.162598,0.830566
0.441650,-0.285034,0.993286
-0.368164,-0.220459,0.736450
-0.012085,0.118896,0.989136
0.179199,-0.415527,0.821167
-0.555054,0.120605,0.786743
0.435913,-0.261841,0.987915
-0.274780,-0.283081,0.726562
-0.094360,0.134155,0.945801
0.274658,-0.404541,0.854980
-0.572998,0.074219,0.760742
0.402832,-0.192993,1.016357
-0.212402,-0.327393,0.721924
-0.202759,0.140747,0.922974
0.343140,-0.380127,0.903076
-0.565918,0.007935,0.747559
0.344604,-0.117798,1.035278
-0.150391,-0.350220,0.736450
-0.307373,0.149048,0.892944
0.392944,-0.350708,0.937622
-0.529541,-0.050049,0.738770
0.260254,-0.034790,1.042603
-0.073853,-0.377808,0.760376
-0.397583,0.167236,0.867554
0.422241,-0.322266,0.972900
-0.484009,-0.133789,0.716919
0.146240,0.054077,1.036865
0.041626,-0.397583,0.794189
-0.468018,0.164062,0.852173
0.443237,-0.281006,0.994019
-0.402832,-0.202881,0.746338
0.039307,0.093994,1.011841
0.151489,-0.419312,0.812866
-0.525269,0.121826,0.796997
0.443359,-0.261353,1.003052
-0.298218,-0.266724,0.745972
-0.046143,0.117065,0.963379
0.244263,-0.415039,0.842529
-0.550659,0.084351,0.772217
0.432495,-0.210083,1.024170
-0.228149,-0.306519,0.727173
-0.148926,0.131836,0.940063
0.316406,-0.402466,0.881714
-0.554199,0.019531,0.750000
0.380371,-0.145142,1.035767
-0.170166,-0.316772,0.749023
-0.248901,0.147339,0.918823
0.375488,-0.370972,0.929688
-0.529663,-0.057007,0.729858
0.305786,-0.076294,1.052612
-0.101074,-0.345947,0.763184
-0.346924,0.149414,0.888184
0.421021,-0.348511,0.964722
-0.486816,-0.108643,0.724854
0.220093,0.002441,1.056641
0.001343,-0.388916,0.791016
-0.419800,0.157104,0.871582
0.448730,-0.308594,0.989136
-0.446045,-0.159180,0.747681
0.106079,0.059204,1.028320
0.119629,-0.405273,0.822266
-0.472534,0.130737,0.834717
0.456421,-0.264648,1.015747
-0.339600,-0.218872,0.769043
0.010132,0.100220,0.995728
0.213867,-0.420532,0.841553
-0.509888,0.081543,0.789062
0.454102,-0.227783,1.028687
-0.254517,-0.266846,0.753052
-0.075439,0.105225,0.958374
0.294189,-0.408325,0.877563
-0.528687,0.039551,0.770874
0.429565,-0.181885,1.043823
-0.192017,-0.301880,0.749878
-0.183838,0.137573,0.947876
0.359375,-0.376465,0.917969
-0.523071,-0.030029,0.749634
0.376831,-0.115479,1.060791
-0.137085,-0.301025,0.769531
-0.276611,0.157471,0.915527
0.415649,-0.340454,0.972656
-0.492310,-0.119873,0.724243
0.291748,-0.055908,1.069946
-0.049805,-0.351440,0.789429
-0.356201,0.161377,0.892212
0.450195,-0.328613,0.989990
-0.438110,-0.162720,0.739624
0.193115,0.020142,1.062134
0.055786,-0.383179,0.824219
-0.415649,0.147095,0.873291
0.468628,-0.286499,1.017700
-0.409058,-0.202393,0.751221
0.090576,0.076294,1.038696
0.170166,-0.421021,0.846680
-0.467529,0.116455,0.838013
0.486694,-0.261597,1.033569
-0.301514,-0.226318,0.782593
0.012817,0.108521,1.008667
0.251343,-0.414429,0.868896
-0.496094,0.073364,0.798706
0.468262,-0.213867,1.044922
-0.224854,-0.274902,0.759155
-0.064575,0.112671,0.975830
0.328613,-0.409180,0.898193
-0.510742,0.023438,0.771729
0.442505,-0.159790,1.061279
-0.173828,-0.290039,0.765259
-0.168091,0.142944,0.961060
0.390503,-0.367920,0.949829
-0.505737,-0.054321,0.749146
0.388672,-0.098877,1.083130
-0.114990,-0.303589,0.785889
-0.254395,0.147583,0.938843
0.443481,-0.344360,0.995850
-0.472412,-0.113525,0.757446
0.312866,-0.038818,1.086304
-0.033813,-0.338867,0.801880
-0.319946,0.151001,0.912231
0.481201,-0.330688,1.013672
-0.424561,-0.190796,0.748169
0.223633,0.014404,1.078003
0.066650,-0.372681,0.832153
-0.383423,0.146240,0.888550
0.507812,-0.293945,1.044556
-0.386597,-0.206787,0.770020
0.137695,0.053711,1.056152
0.167847,-0.397095,0.867676
-0.431763,0.114624,0.862793
0.502563,-0.256592,1.057007
-0.299072,-0.232544,0.797241
0.050781,0.087280,1.031372
0.255249,-0.408936,0.880371
-0.468750,0.077393,0.813477
0.500732,-0.220215,1.067871
-0.203979,-0.268311,0.801270
-0.028931,0.105469,0.989258
0.325073,-0.404053,0.899170
-0.483887,0.028198,0.786987
0.468506,-0.162231,1.088867
-0.149902,-0.296631,0.789795
-0.119019,0.122681,0.981445
0.389038,-0.372559,0.949707
-0.487061,-0.028931,0.773071
0.421753,-0.095581,1.110107
-0.099487,-0.308350,0.812256
-0.222046,0.166870,0.973877
0.454590,-0.342285,1.007690
-0.459106,-0.102661,0.763916
0.353760,-0.038940,1.105713
-0.026855,-0.314087,0.834473
-0.286987,0.156006,0.947144
0.504150,-0.320557,1.040771
-0.411133,-0.177246,0.763306
0.257568,0.014648,1.102295
0.076660,-0.365967,0.856079
-0.344604,0.135620,0.908447
0.521240,-0.299561,1.055908
-0.356201,-0.221069,0.773560
0.170044,0.063721,1.083252
0.179199,-0.396240,0.882324
-0.397339,0.102417,0.876587
0.523438,-0.262207,1.078613
-0.302368,-0.252441,0.796997
0.074097,0.088501,1.056030
0.270874,-0.391479,0.912964
-0.443726,0.078735,0.836304
0.517090,-0.220825,1.085815
-0.184692,-0.293213,0.810791
-0.000610,0.101562,1.013794
0.338379,-0.379028,0.928467
-0.460938,0.030762,0.803467
0.494141,-0.160278,1.112427
-0.127808,-0.309326,0.803833
-0.098022,0.139404,1.008911
0.408325,-0.363892,0.973755
-0.463867,-0.034302,0.788940
0.442871,-0.096924,1.123047
-0.089478,-0.323364,0.813477
-0.193481,0.164795,0.993164
0.470703,-0.342041,1.027832
-0.445923,-0.090332,0.786499
0.375977,-0.032837,1.130981
-0.009399,-0.322266,0.849976
-0.261108,0.158569,0.970337
0.517578,-0.322144,1.055420
-0.389526,-0.170654,0.774780
0.287964,0.021118,1.118408
0.082764,-0.356201,0.864868
-0.319580,0.126099,0.927979
0.542969,-0.300293,1.081909
-0.339355,-0.210449,0.801025
0.191895,0.068115,1.101807
0.188721,-0.390015,0.900146
-0.375854,0.105957,0.898071
0.545898,-0.265991,1.101318
-0.292358,-0.246094,0.811035
0.106445,0.098877,1.074829
0.279175,-0.381226,0.926270
-0.417725,0.084961,0.864868
0.540283,-0.222534,1.108521
-0.189941,-0.284790,0.831299
0.020996,0.131470,1.053833
0.356445,-0.384277,0.947876
-0.437256,0.035889,0.830566
0.520142,-0.169800,1.119873
-0.111938,-0.315063,0.820312
-0.060791,0.145020,1.028687
0.409668,-0.364502,0.980591
-0.442505,-0.005859,0.820068
0.481201,-0.112427,1.138428
-0.078613,-0.317139,0.828857
-0.154541,0.165771,1.021851
0.475098,-0.336426,1.036255
-0.429321,-0.069580,0.801758
0.411621,-0.029297,1.152954
-0.009399,-0.315918,0.862793
-0.226807,0.151001,0.994263
0.520630,-0.315308,1.076050
-0.393433,-0.130981,0.798584
0.327026,0.014526,1.139404
0.085815,-0.365356,0.875977
-0.286987,0.139526,0.946411
0.552002,-0.302368,1.090698
-0.341187,-0.199097,0.809082
0.236816,0.066528,1.129639
0.183472,-0.382202,0.907349
-0.352295,0.120361,0.919800
0.567383,-0.282349,1.106323
-0.288940,-0.233032,0.827271
0.141724,0.110229,1.108276
0.280518,-0.397217,0.944702
-0.395386,0.096436,0.888428
0.559082,-0.242554,1.115967
-0.226196,-0.253052,0.846313
0.058716,0.128662,1.076294
0.345581,-0.383911,0.964966
-0.414795,0.059326,0.857910
0.539429,-0.186279,1.129517
-0.117676,-0.306641,0.857178
-0.014648,0.145386,1.059448
0.402588,-0.375488,0.989380
-0.429688,0.010376,0.833740
0.515503,-0.128784,1.153076
-0.063110,-0.315674,0.842407
-0.096558,0.168701,1.037720
0.454956,-0.358032,1.011719
-0.430420,-0.017944,0.824951
0.474121,-0.071411,1.163574
-0.022461,-0.331543,0.857056
-0.171997,0.185547,1.027222
0.508057,-0.330200,1.064453
-0.414795,-0.077271,0.817261
0.406250,-0.009155,1.164185
0.037354,-0.334717,0.879150
-0.230347,0.177368,1.013428
0.548584,-0.314331,1.098267
-0.381958,-0.146362,0.812866
0.334717,0.017822,1.151855
0.115112,-0.368042,0.902344
-0.278198,0.138184,0.961914
0.569702,-0.295532,1.106689
-0.324829,-0.212158,0.815430
0.249878,0.060913,1.135376
0.197754,-0.391846,0.927368
-0.325195,0.122559,0.929443
0.577515,-0.273560,1.126221
-0.279175,-0.229736,0.841187
0.168579,0.095703,1.114746
0.276855,-0.402100,0.949829
-0.371704,0.103760,0.910645
0.577881,-0.242798,1.133179
-0.232422,-0.238037,0.856812
0.089233,0.124146,1.090942
0.347412,-0.396606,0.971680
-0.408325,0.081055,0.881470
0.559448,-0.192139,1.150269
-0.148682,-0.263428,0.874023
0.010620,0.144043,1.075562
0.400879,-0.389160,0.995239
-0.411621,0.036499,0.858032
0.536133,-0.137329,1.159302
-0.059448,-0.303589,0.884155
-0.057373,0.162231,1.066406
0.444092,-0.378418,1.012329
-0.419189,-0.007080,0.845703
0.510010,-0.096191,1.173462
-0.027710,-0.320312,0.868652
-0.121826,0.169556,1.049194
0.490601,-0.355469,1.048950
-0.424438,-0.037964,0.829468
0.468018,-0.047852,1.177856
0.004639,-0.316162,0.888916
-0.174805,0.193848,1.046875
0.531738,-0.331909,1.078125
-0.405396,-0.086792,0.823975
0.397827,-0.003052,1.163086
0.057739,-0.337524,0.900757
-0.222168,0.173218,1.025269
0.560547,-0.317749,1.108521
-0.380127,-0.154297,0.815552
0.347778,0.016357,1.154785
0.122070,-0.340576,0.927368
-0.260620,0.149536,0.977539
0.578735,-0.286743,1.125244
-0.339355,-0.194702,0.825684
0.279297,0.046997,1.141968
0.187988,-0.360718,0.939819
-0.299316,0.121948,0.932983
0.585205,-0.269653,1.130127
-0.295898,-0.221558,0.845215
0.204346,0.080933,1.126587
0.261353,-0.403442,0.948486
-0.338989,0.110962,0.918091
0.576416,-0.249878,1.132812
-0.256348,-0.239258,0.854370
0.133911,0.105713,1.110840
0.323730,-0.417847,0.966064
-0.370117,0.096191,0.904419
0.571899,-0.215088,1.150024
-0.201538,-0.265137,0.862183
0.069824,0.139160,1.099976
0.374146,-0.415405,0.984863
-0.395996,0.088013,0.886230
0.556274,-0.184204,1.155640
-0.152100,-0.269287,0.873657
0.016846,0.164429,1.100098
0.416748,-0.413574,0.997681
-0.414795,0.068359,0.882568
0.539917,-0.140869,1.164795
-0.086670,-0.289429,0.881592
-0.049072,0.192627,1.087769
0.449219,-0.404175,1.007324
-0.414917,0.030884,0.869995
0.524658,-0.116211,1.177490
-0.011230,-0.325317,0.899902
-0.094971,0.191040,1.062378
0.473267,-0.380127,1.027100
-0.417358,0.004395,0.850342
0.497925,-0.085205,1.180054
0.021362,-0.329712,0.893066
-0.153809,0.191406,1.061035
0.506714,-0.363892,1.053345
-0.410278,-0.038574,0.835938
0.449219,-0.034058,1.177856
0.040405,-0.328369,0.912231
-0.198486,0.200073,1.046631
0.543457,-0.341064,1.082031
-0.399902,-0.090576,0.815796
0.396973,-0.010132,1.160645
0.098389,-0.341064,0.916626
-0.237793,0.175903,1.020020
0.574219,-0.316284,1.106934
-0.364990,-0.132324,0.823608
0.327026,0.026123,1.152344
0.161255,-0.360962,0.934082
-0.266724,0.130981,0.972900
0.581421,-0.295166,1.128784
-0.329590,-0.186035,0.833374
0.255371,0.058228,1.128052
0.212402,-0.384766,0.950317
-0.300903,0.097778,0.930176
0.588745,-0.278564,1.139771
-0.290649,-0.221558,0.839233
0.181396,0.079834,1.113770
0.283325,-0.412842,0.964355
-0.346802,0.065674,0.903564
0.579834,-0.238403,1.148193
-0.235229,-0.225464,0.868774
0.119629,0.116821,1.112671
0.343994,-0.420776,0.975830
-0.397339,0.079712,0.883911
0.561157,-0.207397,1.153687
-0.182739,-0.234253,0.880981
0.046997,0.154297,1.097656
0.393433,-0.409302,0.993164
-0.425293,0.074951,0.873169
0.543335,-0.173584,1.157227
-0.123169,-0.244263,0.894287
-0.014038,0.178955,1.084229
0.432373,-0.403076,1.007935
-0.424072,0.039673,0.867188
0.514038,-0.140869,1.159546
-0.036133,-0.285278,0.906006
-0.085571,0.200928,1.068848
0.472900,-0.396362,1.018677
-0.428955,0.012695,0.856323
0.485596,-0.095703,1.164429
0.033203,-0.334473,0.902954
-0.144531,0.195801,1.050415
0.503296,-0.364990,1.050293
-0.418701,-0.047363,0.828857
0.437500,-0.055176,1.164795
0.053223,-0.344238,0.902588
-0.201294,0.190430,1.025757
0.529175,-0.344849,1.075195
-0.389893,-0.089478,0.827393
0.380127,-0.005005,1.148438
0.097778,-0.350830,0.915649
-0.241211,0.191284,1.022095
0.556885,-0.322144,1.100098
-0.372070,-0.130737,0.836304
0.316040,0.026001,1.138794
0.160400,-0.389282,0.917725
-0.282227,0.148071,0.970947
0.572876,-0.293945,1.115356
-0.333374,-0.191772,0.821899
0.242188,0.052856,1.117554
0.220459,-0.405640,0.937622
-0.312622,0.107544,0.931519
0.578369,-0.274414,1.120972
-0.296509,-0.202271,0.842285
0.171631,0.076782,1.109741
0.283813,-0.435547,0.939941
-0.349121,0.078491,0.887939
0.565918,-0.232788,1.140015
-0.244263,-0.209473,0.866211
0.104248,0.104736,1.100586
0.340454,-0.450928,0.962158
-0.390381,0.081055,0.872925
0.550903,-0.202271,1.145020
-0.198364,-0.215820,0.879028
0.041138,0.134766,1.093506
0.379517,-0.438599,0.980591
-0.423828,0.069946,0.869873
0.529297,-0.162964,1.147339
-0.145996,-0.222290,0.889038
-0.020264,0.165771,1.079102
0.429810,-0.441528,0.992798
-0.434814,0.037842,0.862793
0.502319,-0.127563,1.156372
-0.067993,-0.264526,0.902466
-0.088257,0.178101,1.066162
0.458496,-0.423828,1.001831
-0.434204,-0.001831,0.833984
0.468994,-0.096191,1.150879
0.019043,-0.322998,0.902344
-0.148926,0.193237,1.041260
0.487061,-0.403687,1.022827
-0.424072,-0.044800,0.825684
0.428589,-0.058716,1.146118
0.060303,-0.352051,0.903442
-0.194214,0.177612,1.019165
0.511597,-0.372803,1.047852
-0.411499,-0.083862,0.816528
0.367188,-0.022949,1.137695
0.087891,-0.361816,0.892944
-0.240234,0.171509,0.992920
0.533936,-0.336060,1.071167
-0.390381,-0.133179,0.812500
0.309937,0.002197,1.109619
0.139648,-0.377075,0.906616
-0.285156,0.150146,0.961792
0.563232,-0.319824,1.097046
-0.357910,-0.170898,0.811157
0.232910,0.042603,1.098145
0.203491,-0.403809,0.919067
-0.323608,0.115234,0.920044
0.573242,-0.299561,1.111450
-0.324463,-0.199707,0.821533
0.160645,0.074097,1.083618
0.261841,-0.436646,0.923462
-0.362061,0.071167,0.876587
0.553833,-0.276123,1.112183
-0.272217,-0.218018,0.836060
0.092163,0.107056,1.080200
0.327515,-0.452881,0.941650
-0.404785,0.069824,0.862427
0.534424,-0.232666,1.112671
-0.220947,-0.228882,0.854126
0.024414,0.134399,1.064941
0.369629,-0.435669,0.967529
-0.443970,0.072144,0.859497
0.515015,-0.186279,1.135132
-0.146606,-0.246094,0.880249
-0.045776,0.151611,1.058105
0.412720,-0.432983,0.980835
-0.449097,0.044434,0.843750
0.481445,-0.139282,1.132690
-0.064941,-0.285034,0.887573
-0.116455,0.163330,1.035645
0.453491,-0.418701,0.998901
-0.445068,-0.004761,0.827026
0.429932,-0.094727,1.131226
0.023193,-0.347290,0.887451
-0.182739,0.166504,1.010254
0.481567,-0.392090,1.013550
-0.425903,-0.063599,0.810425
0.377686,-0.055176,1.118042
0.090820,-0.392212,0.879761
-0.255005,0.154297,0.970459
0.504761,-0.363159,1.033813
-0.403320,-0.122925,0.805054
0.304932,-0.010010,1.094971
0.119995,-0.393555,0.878540
-0.307373,0.140015,0.934814
0.526978,-0.329102,1.060547
-0.367065,-0.167603,0.809082
0.218018,0.042236,1.092285
0.191895,-0.419067,0.892944
-0.344360,0.101318,0.894409
0.535400,-0.294556,1.080078
-0.331421,-0.202515,0.801514
0.132446,0.082520,1.069092
0.264648,-0.453125,0.905518
-0.392334,0.062256,0.852783
0.522461,-0.270996,1.085571
-0.270508,-0.219971,0.831665
0.046997,0.116943,1.058716
0.331787,-0.460693,0.926147
-0.433228,0.053955,0.833618
0.504150,-0.231567,1.096680
-0.211914,-0.230713,0.847900
-0.023682,0.133057,1.049683
0.379517,-0.459473,0.955322
-0.463623,0.056274,0.837524
0.471191,-0.173462,1.113403
-0.123169,-0.261597,0.869995
-0.103149,0.159424,1.035400
0.417603,-0.427979,0.971436
-0.469360,0.014526,0.823853
0.433472,-0.121826,1.106445
-0.028442,-0.310669,0.881104
-0.172241,0.159424,1.008179
0.450317,-0.422974,0.980957
-0.442749,-0.048340,0.805542
0.370117,-0.077148,1.102661
0.051392,-0.380371,0.868286
-0.231934,0.146484,0.973145
0.484009,-0.395264,1.010864
-0.439575,-0.092285,0.785767
0.313843,-0.032104,1.085205
0.096558,-0.409912,0.856812
-0.285767,0.142944,0.946899
0.504272,-0.365845,1.020264
-0.411499,-0.148193,0.788452
0.242554,0.003418,1.065552
0.127563,-0.427490,0.853760
-0.326904,0.128540,0.914795
0.517700,-0.338135,1.049072
-0.384399,-0.172363,0.795898
0.176514,0.032715,1.052856
0.180420,-0.450928,0.848877
-0.364136,0.102661,0.881592
0.520874,-0.320068,1.051392
-0.358643,-0.200439,0.787842
0.115967,0.063721,1.046265
0.240967,-0.463745,0.874146
-0.406250,0.078979,0.850708
0.517090,-0.291748,1.062988
-0.314697,-0.202515,0.802002
0.055176,0.099243,1.039673
0.288940,-0.482056,0.890015
-0.441040,0.058350,0.823486
0.490356,-0.259399,1.063110
-0.268311,-0.209351,0.825195
0.003662,0.117798,1.038940
0.331299,-0.476685,0.914307
-0.472900,0.059204,0.819824
0.473267,-0.224854,1.067749
-0.218018,-0.205933,0.843872
-0.042847,0.131226,1.025146
0.357300,-0.457153,0.928833
-0.487793,0.036499,0.812134
0.450562,-0.181396,1.080078
-0.154785,-0.238159,0.850342
-0.100708,0.156006,1.014893
0.387573,-0.448608,0.947266
-0.488159,0.015503,0.811401
0.317017,-0.075073,1.028809
-0.093994,-0.282104,0.846069
-0.298584,0.162476,0.890015
0.432861,-0.394287,0.938232
-0.498535,-0.071289,0.748657
0.264526,-0.041748,1.025635
0.053467,-0.447998,0.779541
-0.346313,0.150635,0.866943
0.446533,-0.376953,0.953369
-0.487305,-0.080933,0.755249
0.218994,-0.016235,1.015625
0.080688,-0.463745,0.781250
-0.377808,0.141357,0.841431
0.450562,-0.343506,0.960938
-0.466919,-0.095703,0.755859
0.160034,0.026367,1.010254
0.105347,-0.475586,0.777466
-0.408325,0.122803,0.830933
0.458008,-0.312012,0.986572
-0.445435,-0.113525,0.756226
0.109863,0.072388,1.016724
0.134277,-0.469116,0.795898
-0.445435,0.129395,0.819458
0.464233,-0.287842,1.000732
-0.422485,-0.127197,0.754761
0.070923,0.096680,1.008545
0.172363,-0.483154,0.811768
-0.479126,0.118896,0.810547
0.464722,-0.282471,1.003174
-0.391479,-0.149780,0.761841
0.025513,0.108154,1.001831
0.208008,-0.469482,0.832397
-0.508057,0.112793,0.795288
0.464722,-0.276001,1.006348
-0.351440,-0.164062,0.775391
-0.013550,0.130859,0.998169
0.241943,-0.465332,0.850464
-0.524414,0.101074,0.781494
0.463257,-0.264771,1.008545
-0.304199,-0.194824,0.784424
-0.046997,0.142700,0.989990
0.266846,-0.457275,0.853882
-0.538818,0.090698,0.781494
0.454834,-0.242676,1.024780
-0.263306,-0.222656,0.788940
-0.084839,0.164551,0.989502
0.292969,-0.453003,0.871338
-0.554199,0.095825,0.777222
0.445190,-0.217407,1.029175
-0.222290,-0.222534,0.799194
-0.104126,0.158203,0.967285
0.309082,-0.439453,0.884766
-0.554932,0.091797,0.778809
0.431274,-0.181274,1.042725
-0.182617,-0.256348,0.796875
-0.127686,0.171509,0.970459
0.333984,-0.437744,0.892090
-0.559692,0.099854,0.778198
0.420166,-0.160278,1.039551
-0.146118,-0.284424,0.795044
-0.166016,0.162231,0.950439
0.354614,-0.436279,0.899658
-0.555542,0.079102,0.787109
0.403687,-0.143921,1.034302
-0.114014,-0.304321,0.787109
-0.180298,0.170532,0.939331
0.375122,-0.431152,0.898926
-0.551880,0.081909,0.787842
0.392334,-0.115601,1.032593
-0.087769,-0.324829,0.783081
-0.222412,0.163452,0.911133
0.390869,-0.440308,0.903320
-0.550903,0.058716,0.777222
0.369385,-0.095703,1.020386
-0.071167,-0.335083,0.786377
-0.240234,0.165161,0.896729
0.398560,-0.415649,0.914673
-0.545166,0.034546,0.761108
0.356445,-0.087402,1.021484
-0.055542,-0.359741,0.775024
-0.272461,0.161133,0.882812
0.413696,-0.406372,0.921631
-0.534180,0.009277,0.763306
0.329712,-0.065430,1.023804
-0.039062,-0.366943,0.773560
-0.292969,0.178101,0.877686
0.421387,-0.399780,0.931274
-0.530884,-0.008423,0.761475
0.303955,-0.049194,1.012451
-0.017334,-0.396118,0.758423
-0.317017,0.168579,0.867188
0.433228,-0.381470,0.936646
-0.524536,-0.024048,0.758911
0.271973,-0.029663,1.001221
0.001343,-0.404175,0.763794
-0.335815,0.161499,0.856567
0.435791,-0.368652,0.940918
-0.518677,-0.040771,0.755493
0.251587,-0.017090,1.006958
0.010986,-0.415894,0.759766
-0.364746,0.174194,0.851562
0.447144,-0.351318,0.947754
-0.514771,-0.065308,0.734375
0.225220,-0.012207,1.001099
0.024658,-0.423218,0.758667
-0.385986,0.183960,0.837524
0.449219,-0.334351,0.951416
-0.496094,-0.054688,0.753174
0.193115,0.018799,1.006226
0.054321,-0.432373,0.764771
-0.419434,0.185669,0.831421
0.451050,-0.325562,0.954468
-0.483276,-0.075073,0.748413
0.160278,0.037109,1.009888
0.069092,-0.424561,0.778442
-0.441772,0.198486,0.828003
0.460449,-0.301514,0.961548
-0.464111,-0.107666,0.748047
0.132324,0.058960,1.011475
0.087769,-0.426392,0.790649
-0.470581,0.188232,0.820679
0.456421,-0.284912,0.966064
-0.433105,-0.118408,0.758423
0.082397,0.090942,0.998169
0.119751,-0.436646,0.799927
-0.498047,0.187622,0.813721
0.451050,-0.257446,0.984619
-0.411743,-0.133057,0.755249
0.045166,0.113403,1.000244
0.164429,-0.435791,0.822266
-0.529419,0.181152,0.805786
0.448486,-0.244873,0.982544
-0.366089,-0.143799,0.771851
0.007202,0.140503,0.999756
0.204834,-0.436035,0.833740
-0.551636,0.176636,0.801392
0.447388,-0.217651,1.002319
-0.321289,-0.174316,0.766968
-0.036011,0.154297,0.984863
0.252197,-0.426147,0.850830
-0.564575,0.164185,0.790039
0.438110,-0.183472,1.014404
-0.252197,-0.223999,0.771973
-0.089966,0.161133,0.960449
0.294922,-0.430542,0.874756
-0.571777,0.145996,0.784302
0.431519,-0.158203,1.025879
-0.198730,-0.238281,0.780762
-0.136230,0.158203,0.941650
0.325439,-0.416992,0.888428
-0.586792,0.129150,0.771484
0.410522,-0.122681,1.036133
-0.146851,-0.292725,0.768921
-0.193359,0.179810,0.928711
0.352295,-0.413574,0.898438
-0.577637,0.122070,0.777466
0.383057,-0.090332,1.033447
-0.106201,-0.317749,0.770752
-0.232666,0.166016,0.904785
0.382324,-0.397827,0.908081
-0.561890,0.078979,0.767578
0.344971,-0.050415,1.032227
-0.073730,-0.363770,0.749390
-0.296509,0.177856,0.875000
0.413940,-0.383423,0.922363
-0.552490,0.019653,0.746948
0.293823,-0.019897,1.010620
-0.045776,-0.367432,0.751953
-0.352417,0.182495,0.853760
0.427856,-0.352783,0.938232
-0.520142,-0.043579,0.732544
0.233398,0.012939,1.004639
-0.000977,-0.380127,0.762817
-0.406128,0.199463,0.844116
0.436157,-0.318848,0.950806
-0.497192,-0.088989,0.727417
0.164795,0.046265,0.998047
0.043213,-0.407593,0.775879
-0.461548,0.207642,0.827515
0.450684,-0.295654,0.953613
-0.453369,-0.109497,0.745605
0.106445,0.088867,1.009155
0.088745,-0.404541,0.793213
-0.505371,0.222412,0.816895
0.459595,-0.279541,0.957397
-0.418945,-0.132324,0.746338
0.053467,0.117554,1.001831
0.149658,-0.405396,0.816040
-0.538452,0.215088,0.813721
0.450928,-0.231445,0.987061
-0.363403,-0.177368,0.745117
-0.002441,0.134644,0.990356
0.199707,-0.426514,0.833740
-0.563354,0.194580,0.806885
0.442383,-0.201660,0.993408
-0.299805,-0.169678,0.775513
-0.055542,0.148315,0.972778
0.247070,-0.416626,0.854126
-0.578979,0.177856,0.792603
0.439819,-0.168945,1.011963
-0.246094,-0.204102,0.767700
-0.100830,0.159302,0.956665
0.290039,-0.404297,0.873047
-0.587524,0.159668,0.780640
0.424316,-0.148560,1.015015
-0.191772,-0.252563,0.764160
-0.160645,0.173462,0.934204
0.329346,-0.401611,0.885498
-0.586060,0.141235,0.785278
0.402954,-0.124268,1.022583
-0.157837,-0.308228,0.756592
-0.210449,0.167969,0.911499
0.365356,-0.395630,0.899414
-0.581177,0.105713,0.764160
0.363159,-0.083008,1.026611
-0.113159,-0.337158,0.749634
-0.263672,0.183228,0.892212
0.388306,-0.375488,0.913208
-0.564697,0.058228,0.748169
0.321899,-0.037842,1.023193
-0.088379,-0.349609,0.745728
-0.314819,0.181519,0.873657
0.409424,-0.371094,0.927124
-0.549683,-0.004517,0.727173
0.260742,-0.002075,1.006470
-0.051025,-0.372681,0.740112
-0.365479,0.181274,0.861450
0.430054,-0.343018,0.943115
-0.526123,-0.052368,0.715698
0.195557,0.035889,0.999878
-0.012329,-0.379761,0.748047
-0.431641,0.206909,0.847168
0.435791,-0.322510,0.942505
-0.491089,-0.103149,0.730591
0.140381,0.067017,1.005859
0.031494,-0.391357,0.767944
-0.481812,0.222168,0.832031
0.443481,-0.298340,0.961914
-0.434814,-0.149292,0.742188
0.082764,0.101196,1.007568
0.083618,-0.390137,0.794189
-0.524780,0.230469,0.816772
0.451660,-0.267090,0.967896
-0.384399,-0.182373,0.744629
0.033081,0.129272,0.999023
0.142822,-0.403564,0.807739
-0.560913,0.221680,0.807251
0.447876,-0.242188,0.972900
-0.328003,-0.207031,0.749878
-0.025024,0.147217,0.984253
0.206299,-0.409424,0.834595
-0.581909,0.203491,0.785889
0.438599,-0.212769,0.989136
-0.272705,-0.213257,0.751465
-0.074463,0.161743,0.969116
0.250610,-0.407104,0.855713
-0.598389,0.173828,0.767944
0.428589,-0.170532,0.997192
-0.216675,-0.252075,0.752808
-0.139893,0.169312,0.949097
0.310669,-0.400879,0.878052
-0.593018,0.145630,0.769409
0.397095,-0.140015,1.012207
-0.175781,-0.285767,0.742920
-0.191895,0.171143,0.929810
0.353760,-0.407104,0.889526
-0.595093,0.113647,0.754150
0.369995,-0.108887,1.007812
-0.139526,-0.326782,0.738647
-0.253540,0.177856,0.905151
0.373657,-0.394165,0.901245
-0.575073,0.083130,0.752808
0.321533,-0.061157,1.004517
-0.107544,-0.343018,0.737915
-0.300049,0.180786,0.890015
0.393921,-0.371216,0.919067
-0.560791,0.007812,0.723389
0.268311,-0.030762,0.996460
-0.085083,-0.377563,0.725586
-0.359619,0.195557,0.878784
0.419189,-0.357300,0.939575
-0.550171,-0.030029,0.708008
0.222168,-0.001709,0.989502
-0.058472,-0.376465,0.743530
-0.405273,0.211426,0.875488
0.431519,-0.340942,0.944946
-0.529175,-0.079834,0.708496
0.175415,0.034790,0.985718
-0.025757,-0.391724,0.749268
-0.448608,0.222290,0.859619
0.431030,-0.314209,0.952271
-0.495605,-0.091553,0.723633
0.136475,0.059814,0.999390
0.008545,-0.394775,0.758911
-0.484619,0.225098,0.836060
0.430420,-0.299438,0.963623
-0.456787,-0.134155,0.730713
0.100464,0.080933,1.002563
0.046997,-0.400269,0.776367
-0.523071,0.235352,0.828125
0.442627,-0.299805,0.963623
-0.431152,-0.155518,0.733398
0.076538,0.088745,1.008545
0.084229,-0.396729,0.789673
-0.546143,0.225952,0.816895
0.446533,-0.279053,0.973511
-0.401367,-0.176392,0.739258
0.048828,0.119263,1.010742
0.121704,-0.427368,0.801147
-0.560425,0.218018,0.814941
0.440063,-0.271851,0.968750
-0.361938,-0.183228,0.746460
0.022949,0.119141,0.997925
0.152466,-0.425537,0.809082
-0.570190,0.211670,0.801392
0.434082,-0.255859,0.968872
-0.345825,-0.208374,0.737793
0.004272,0.114746,0.991821
0.179810,-0.430420,0.825317
-0.586304,0.201660,0.798584
0.438232,-0.251587,0.974121
-0.318726,-0.216675,0.740723
-0.020020,0.136230,0.995728
0.207642,-0.421143,0.831055
-0.596680,0.195068,0.795044
0.427002,-0.234985,0.970581
-0.304321,-0.235107,0.736206
-0.031982,0.124268,0.983643
0.224854,-0.415771,0.844482
-0.601929,0.183228,0.781738
0.422974,-0.224365,0.971436
-0.283936,-0.255249,0.722412
-0.048950,0.135254,0.975708
0.246826,-0.421631,0.849731
-0.606079,0.178345,0.780884
0.418823,-0.209106,0.975708
-0.273804,-0.271362,0.716431
-0.079468,0.149902,0.974365
0.259399,-0.413330,0.863403
-0.601074,0.155640,0.775269
0.417603,-0.211548,0.984375
-0.264160,-0.273804,0.709839
-0.097656,0.144775,0.958496
0.275513,-0.412842,0.872559
-0.602417,0.152954,0.778809
0.404419,-0.195190,0.987061
-0.251831,-0.305542,0.707886
-0.123169,0.149414,0.961548
0.293457,-0.415283,0.880127
-0.608032,0.142212,0.780029
0.406860,-0.185181,0.995483
-0.238647,-0.285400,0.715332
-0.145874,0.156250,0.957642
0.307251,-0.412476,0.883789
-0.601440,0.124268,0.765137
0.394897,-0.168579,0.997192
-0.225220,-0.303101,0.705933
-0.174194,0.161133,0.949219
0.327881,-0.415161,0.887695
-0.600586,0.117188,0.767212
0.389160,-0.155884,0.996826
-0.216797,-0.298950,0.712769
-0.193970,0.156372,0.928711
0.337402,-0.417603,0.892212
-0.593750,0.097656,0.763794
0.379028,-0.134766,1.008057
-0.210083,-0.322632,0.698730
-0.223633,0.163696,0.925293
0.350342,-0.417480,0.897339
-0.585327,0.073486,0.751587
0.372070,-0.128906,1.012573
-0.198242,-0.317627,0.704102
-0.246338,0.157227,0.918579
0.359985,-0.412109,0.899658
-0.584717,0.047241,0.746460
0.355347,-0.119751,1.016602
-0.187500,-0.326416,0.705688
-0.271606,0.171387,0.908325
0.377563,-0.412720,0.916138
-0.578491,0.020386,0.740845
0.334106,-0.095093,1.012207
-0.169189,-0.325317,0.725464
-0.296753,0.169922,0.901001
0.386108,-0.407593,0.905396
-0.572388,0.006470,0.736084
0.314331,-0.083496,1.012207
-0.152710,-0.324219,0.724976
-0.333252,0.174072,0.885864
0.403198,-0.394897,0.927490
-0.563232,-0.005005,0.735840
0.292480,-0.058472,1.020142
-0.126831,-0.347168,0.731079
-0.361816,0.177612,0.878052
0.405029,-0.387451,0.929443
-0.547119,-0.043457,0.720093
0.261963,-0.044434,1.016724
-0.110596,-0.360962,0.740845
-0.388794,0.197144,0.887939
0.417480,-0.376709,0.943726
-0.534790,-0.064575,0.712402
0.228149,-0.016602,1.010986
-0.078125,-0.368530,0.751953
-0.424438,0.203247,0.881958
0.426636,-0.346558,0.954834
-0.523560,-0.076904,0.716919
0.197021,0.010376,1.016113
-0.033569,-0.383545,0.769287
-0.465088,0.203369,0.858154
0.426636,-0.340210,0.956787
-0.502441,-0.130493,0.708252
0.153931,0.020752,1.017456
0.015381,-0.390381,0.786011
-0.495605,0.214233,0.858398
0.438599,-0.323120,0.961914
-0.476074,-0.163574,0.710693
0.108643,0.055176,1.018188
0.063110,-0.410889,0.794678
-0.531616,0.209106,0.833130
0.447632,-0.293823,0.977051
-0.425903,-0.184570,0.734863
0.064697,0.080566,1.020996
0.116821,-0.421143,0.812744
-0.549194,0.182251,0.813232
0.443726,-0.273071,0.995361
-0.358887,-0.219360,0.739746
0.020874,0.100098,1.013794
0.176514,-0.430908,0.823486
-0.575317,0.154419,0.789673
0.439697,-0.246094,0.998657
-0.304199,-0.273926,0.725830
-0.046143,0.118652,0.992554
0.229858,-0.439331,0.842529
-0.579590,0.115479,0.770752
0.425659,-0.210205,1.002441
-0.259155,-0.295532,0.708374
-0.109985,0.135742,0.974854
0.286255,-0.426636,0.871338
-0.579956,0.077759,0.758057
0.401978,-0.176270,1.014648
-0.223999,-0.311157,0.716187
-0.184204,0.155640,0.966797
0.335571,-0.410522,0.909668
-0.576782,0.030151,0.754395
0.366577,-0.142090,1.029785
-0.187256,-0.326294,0.723022
-0.267700,0.164307,0.928711
0.380615,-0.393677,0.925781
-0.558960,-0.031006,0.734619
0.312744,-0.093994,1.032715
-0.134277,-0.341553,0.741455
-0.344360,0.167236,0.893921
0.403931,-0.366089,0.941895
-0.525024,-0.067383,0.722656
0.254639,-0.040649,1.039307
-0.070190,-0.366821,0.758057
-0.427490,0.192871,0.876099
0.438110,-0.338379,0.974121
-0.497925,-0.123535,0.717529
0.169678,0.017456,1.032593
0.020752,-0.390869,0.790527
-0.481079,0.186768,0.853760
0.442871,-0.307983,0.982788
-0.451538,-0.177246,0.734375
0.089111,0.067261,1.024292
0.106079,-0.413696,0.815918
-0.521606,0.166870,0.833374
0.449585,-0.284058,0.987061
-0.372437,-0.199829,0.742065
0.026245,0.093750,1.015503
0.188232,-0.410400,0.845093
-0.542969,0.116943,0.799561
0.447388,-0.251831,0.999878
-0.299194,-0.267578,0.735107
-0.054199,0.117065,0.986206
0.259399,-0.410400,0.862671
-0.550415,0.073730,0.780273
0.429565,-0.204834,1.020630
-0.243408,-0.298218,0.718140
-0.142944,0.136108,0.965332
0.315796,-0.404419,0.898193
-0.552124,0.026123,0.761841
0.395996,-0.154419,1.039551
-0.189819,-0.324951,0.725342
-0.239502,0.153076,0.932129
0.363647,-0.393555,0.917725
-0.534912,-0.028809,0.745117
0.343384,-0.114868,1.045166
-0.141357,-0.328491,0.752686
-0.311890,0.164185,0.907959
0.405273,-0.357544,0.949097
-0.523804,-0.089478,0.724121
0.283325,-0.063110,1.052246
-0.079468,-0.347534,0.772705
-0.384888,0.184570,0.892700
0.427856,-0.328979,0.984741
-0.488403,-0.138794,0.711060
0.210815,-0.015869,1.045044
0.004272,-0.381470,0.803467
-0.458252,0.187622,0.869873
0.448486,-0.302002,0.996460
-0.459961,-0.162231,0.734863
0.131470,0.039429,1.041748
0.103638,-0.403931,0.830078
-0.498413,0.155640,0.839478
0.453491,-0.273560,1.009033
-0.395508,-0.194458,0.744385
0.054199,0.072266,1.021606
0.188599,-0.415039,0.845215
-0.527222,0.130127,0.815063
0.456421,-0.254150,1.017090
-0.306885,-0.233643,0.752563
-0.022827,0.106934,1.005005
0.256592,-0.406006,0.878418
-0.537231,0.080078,0.793945
0.443481,-0.214478,1.028198
-0.240601,-0.290894,0.736694
-0.106812,0.124634,0.981079
0.312866,-0.389893,0.911987
-0.547363,0.025146,0.762451
0.419678,-0.167236,1.050537
-0.193970,-0.327881,0.733887
-0.206421,0.153931,0.954712
0.366089,-0.359131,0.943115
-0.524536,-0.019653,0.761841
0.369141,-0.119263,1.058472
-0.157959,-0.342163,0.755005
-0.283325,0.151489,0.918701
0.398926,-0.358765,0.960083
-0.501465,-0.061768,0.750977
0.322998,-0.080811,1.070190
-0.098145,-0.360474,0.770752
-0.346924,0.166016,0.905640
0.427246,-0.347900,0.977539
-0.488770,-0.099365,0.730957
0.272217,-0.033813,1.074341
-0.019653,-0.368652,0.802002
-0.415405,0.180542,0.888062
0.446655,-0.326294,0.995972
-0.457031,-0.148438,0.728638
0.199097,0.022339,1.065430
0.050049,-0.377686,0.825684
-0.467041,0.168701,0.863159
0.464355,-0.316895,1.005737
-0.436035,-0.166016,0.741577
0.127319,0.061523,1.043335
0.131592,-0.400024,0.841919
-0.487915,0.140625,0.842163
0.472168,-0.287476,1.013550
-0.363770,-0.221924,0.755127
0.064331,0.090210,1.042725
0.184448,-0.391113,0.854736
-0.502075,0.111206,0.818481
0.474731,-0.255005,1.032227
-0.301147,-0.281738,0.753662
0.005005,0.097046,1.032837
0.248657,-0.404663,0.878418
-0.517944,0.077881,0.802612
0.460327,-0.226807,1.039062
-0.248291,-0.288696,0.757690
-0.056030,0.112305,1.001099
0.294189,-0.405273,0.897583
-0.518433,0.054443,0.791626
0.453247,-0.201050,1.056519
-0.209595,-0.302246,0.749756
-0.126221,0.126587,0.983398
0.351685,-0.386719,0.924072
-0.526123,0.011719,0.773682
0.419434,-0.153687,1.067017
-0.181152,-0.312500,0.764160
-0.193115,0.148071,0.976440
0.393799,-0.371582,0.957520
-0.519043,-0.026733,0.759888
0.383667,-0.108154,1.081543
-0.142212,-0.311279,0.766357
-0.255981,0.166626,0.965942
0.427734,-0.364014,0.981201
-0.511108,-0.064209,0.751831
0.338135,-0.068115,1.075317
-0.097168,-0.319702,0.794922
-0.307007,0.159180,0.931641
0.453003,-0.341553,1.006958
-0.479248,-0.123047,0.733643
0.283936,-0.030029,1.078369
-0.026001,-0.349243,0.807495
-0.377441,0.167358,0.905029
0.476440,-0.326538,1.022827
-0.435181,-0.165771,0.737427
0.222534,0.020142,1.071045
0.047729,-0.372437,0.830933
-0.409912,0.153931,0.874756
0.482788,-0.302368,1.031738
-0.417969,-0.198364,0.747192
0.155884,0.058350,1.061523
0.134155,-0.398804,0.853149
-0.456787,0.145264,0.862183
0.489014,-0.271973,1.047119
-0.373657,-0.236816,0.755249
0.093140,0.087280,1.062866
0.196045,-0.404907,0.866699
-0.479370,0.109009,0.840698
0.487183,-0.257446,1.045776
-0.284424,-0.266479,0.775757
0.024780,0.094116,1.040894
0.254272,-0.400024,0.888062
-0.494995,0.080811,0.816528
0.479858,-0.229614,1.052246
-0.220459,-0.297974,0.769897
-0.046387,0.114014,1.019287
0.313354,-0.388916,0.921143
-0.503906,0.041504,0.798828
0.457153,-0.187622,1.070923
-0.183716,-0.316650,0.756592
-0.119263,0.145020,1.005615
0.370361,-0.371582,0.950562
-0.503052,-0.010620,0.789673
0.429199,-0.141235,1.092773
-0.150879,-0.320435,0.771240
-0.212280,0.162109,0.979370
0.413696,-0.362183,0.984985
-0.487427,-0.053589,0.772949
0.381836,-0.083252,1.104248
-0.104736,-0.330566,0.793823
-0.273315,0.166748,0.952881
0.459106,-0.343994,1.002686
-0.463867,-0.105103,0.758057
0.318481,-0.035034,1.100586
-0.027954,-0.343384,0.818848
-0.335327,0.169922,0.931763
0.478271,-0.322876,1.028809
-0.427979,-0.152832,0.762695
0.260498,0.002319,1.098877
0.045654,-0.366089,0.840088
-0.389404,0.157837,0.910278
0.489990,-0.300659,1.044189
-0.391846,-0.195068,0.765625
0.192749,0.037476,1.088745
0.131714,-0.386963,0.864502
-0.439697,0.145874,0.867676
0.498047,-0.273071,1.051147
-0.357910,-0.239624,0.761719
0.120483,0.071411,1.068604
0.204224,-0.396484,0.889282
-0.462646,0.105225,0.845337
0.511841,-0.247803,1.061279
-0.290527,-0.264282,0.781372
0.043213,0.096191,1.049316
0.265503,-0.387085,0.904175
-0.475220,0.079102,0.829468
0.497192,-0.222046,1.072754
-0.209961,-0.308838,0.777954
-0.027344,0.116333,1.029907
0.319580,-0.394043,0.926514
-0.483276,0.044556,0.807739
0.485718,-0.173218,1.096558
-0.164551,-0.322876,0.775879
-0.107788,0.140137,1.019409
0.377563,-0.385864,0.952148
-0.484741,-0.004395,0.797241
0.456909,-0.118530,1.121216
-0.133057,-0.313477,0.789917
-0.192139,0.160645,1.004639
0.422974,-0.371094,0.984863
-0.479370,-0.045776,0.791992
0.415527,-0.068359,1.131226
-0.083618,-0.300049,0.820190
-0.262207,0.181152,0.976685
0.560425,-0.299072,1.107422
-0.459229,-0.103760,0.773193
0.255249,0.056396,1.135620
-0.014160,-0.306885,0.836060
-0.342773,0.133667,0.929199
0.572876,-0.265259,1.118408
-0.294800,-0.255249,0.817749
0.170776,0.083130,1.114258
0.275513,-0.407715,0.948853
-0.378540,0.121582,0.912354
0.574951,-0.226929,1.141602
-0.234131,-0.270142,0.841919
0.089111,0.116455,1.108643
0.328979,-0.412476,0.965210
-0.399292,0.082886,0.877930
0.565674,-0.182739,1.139771
-0.160278,-0.276733,0.865845
0.012207,0.148560,1.102661
0.383911,-0.406372,0.983765
-0.419922,0.041870,0.862183
0.540039,-0.138428,1.160522
-0.073120,-0.312378,0.877197
-0.042847,0.157715,1.076660
0.427612,-0.400635,1.005249
-0.434326,0.011108,0.850952
0.518555,-0.096680,1.179321
-0.044067,-0.313965,0.868408
-0.098877,0.177490,1.073364
0.467651,-0.369629,1.034424
-0.440063,-0.024170,0.839600
0.483887,-0.058838,1.187988
-0.006958,-0.313232,0.879272
-0.164062,0.203247,1.055176
0.510742,-0.351074,1.064941
-0.421509,-0.071167,0.822876
0.432251,-0.035522,1.171875
0.026978,-0.318359,0.887817
-0.219116,0.208740,1.048828
0.546021,-0.319580,1.104492
-0.394897,-0.120605,0.808350
0.368408,0.002319,1.154663
0.085449,-0.338989,0.913086
-0.262573,0.183838,1.004517
0.573853,-0.306152,1.113770
-0.359985,-0.168335,0.810913
0.304688,0.032349,1.144043
0.159302,-0.371460,0.919067
-0.302124,0.147827,0.956787
0.588745,-0.293701,1.126831
-0.325439,-0.207031,0.814819
0.231689,0.065430,1.120117
0.228760,-0.407959,0.936646
-0.344482,0.117065,0.913818
0.590332,-0.269653,1.125854
-0.273315,-0.244385,0.844971
0.161743,0.097900,1.122803
0.306519,-0.413696,0.962280
-0.400024,0.110107,0.896484
0.568115,-0.218262,1.138794
-0.202393,-0.253052,0.859009
0.082031,0.128784,1.114380
0.350830,-0.391968,0.995972
-0.408936,0.072632,0.875977
0.561523,-0.174561,1.150513
-0.137207,-0.276489,0.869751
0.004272,0.156372,1.100464
0.404541,-0.380249,1.019653
-0.412109,0.031372,0.862183
0.537109,-0.134155,1.161011
-0.040283,-0.329102,0.882080
-0.067383,0.175415,1.083008
0.450928,-0.374390,1.028564
-0.425049,-0.013916,0.838013
0.493774,-0.080566,1.182007
-0.009155,-0.314941,0.889526
-0.131592,0.193481,1.073242
0.493286,-0.349854,1.063599
-0.417847,-0.048096,0.824829
0.450195,-0.025879,1.181030
0.042358,-0.315796,0.899292
-0.211792,0.213257,1.052124
0.537720,-0.330444,1.097290
-0.390259,-0.118286,0.819336
0.377441,0.008789,1.166748
0.099243,-0.340698,0.923584
-0.265503,0.180664,1.005493
0.583618,-0.303833,1.129517
-0.353760,-0.191284,0.805298
0.281128,0.046509,1.144653
0.193481,-0.367310,0.945923
-0.309326,0.143066,0.952881
0.585449,-0.266235,1.132202
-0.291138,-0.228882,0.839844
0.200317,0.072388,1.125000
0.269409,-0.406616,0.950439
-0.365234,0.122681,0.906738
0.588989,-0.236084,1.138306
-0.224731,-0.247925,0.859863
0.101074,0.114380,1.104858
0.345947,-0.411621,0.984131
-0.402100,0.091919,0.883179
0.564941,-0.174805,1.152222
-0.154663,-0.265869,0.881714
0.017944,0.152222,1.105591
0.405640,-0.396240,1.014160
-0.421631,0.039795,0.865601
0.534668,-0.128296,1.167358
-0.043335,-0.290527,0.904053
-0.059814,0.178711,1.083984
0.453125,-0.369019,1.038208
-0.423828,-0.019897,0.846313
0.495728,-0.080811,1.167847
0.006958,-0.311279,0.897827
-0.140137,0.200195,1.069580
0.503296,-0.354980,1.067383
-0.412720,-0.067139,0.814331
0.435059,-0.021484,1.174561
0.058594,-0.331543,0.910034
-0.216431,0.216309,1.054932
0.559204,-0.330444,1.104004
-0.382080,-0.125732,0.813843
0.353027,0.016357,1.156250
0.131348,-0.353516,0.928833
-0.278442,0.176270,0.997925
0.596313,-0.304321,1.135742
-0.328369,-0.207153,0.817261
0.247925,0.056641,1.136353
0.225952,-0.387085,0.945312
-0.323364,0.124390,0.929443
0.604736,-0.269897,1.135864
-0.272949,-0.243164,0.840454
0.148193,0.100342,1.111328
0.315063,-0.427246,0.961182
-0.380615,0.115356,0.895264
0.588379,-0.215454,1.145752
-0.187622,-0.249634,0.872192
0.050171,0.146851,1.105469
0.383911,-0.409424,0.999512
-0.407837,0.062866,0.873413
0.554932,-0.150513,1.164307
-0.112305,-0.262329,0.888916
-0.028320,0.169434,1.099731
0.431030,-0.398926,1.026733
-0.417358,0.019287,0.865479
0.512207,-0.088745,1.167603
-0.003296,-0.304199,0.904053
-0.094604,0.194458,1.083740
0.482178,-0.385010,1.047974
-0.422119,-0.047607,0.835571
0.465942,-0.047363,1.175293
0.013916,-0.300415,0.906860
-0.161865,0.214600,1.073364
0.536621,-0.352051,1.088989
-0.401001,-0.093262,0.822876
0.394043,-0.004883,1.159058
0.080444,-0.331787,0.911621
-0.224976,0.224609,1.043945
0.586670,-0.307739,1.120972
-0.371094,-0.165649,0.806030
0.319946,0.018555,1.144897
0.149780,-0.375977,0.921875
-0.268433,0.169556,0.982178
0.596436,-0.277344,1.137207
-0.321533,-0.201538,0.830200
0.245117,0.053833,1.135254
0.229126,-0.419556,0.936035
-0.324463,0.124390,0.923584
0.589722,-0.252563,1.135864
-0.266602,-0.216919,0.852295
0.174438,0.098145,1.124268
0.301270,-0.423706,0.960938
-0.374512,0.107544,0.893677
0.575806,-0.215942,1.140869
-0.208740,-0.239990,0.872192
0.092163,0.129272,1.109131
0.360107,-0.420166,0.988892
-0.406128,0.087524,0.885254
0.563110,-0.171997,1.146606
-0.149170,-0.243652,0.893188
0.019897,0.166748,1.107056
0.409790,-0.412354,1.012695
-0.424194,0.055542,0.861206
0.537476,-0.133423,1.154785
-0.067017,-0.260620,0.896729
-0.049194,0.195801,1.101807
0.458862,-0.395264,1.030518
-0.420776,0.005615,0.860718
0.499878,-0.089478,1.166138
0.011230,-0.305420,0.903198
-0.106323,0.205200,1.087158
0.500244,-0.371094,1.058716
-0.416016,-0.056763,0.833252
0.449463,-0.051636,1.162598
0.034180,-0.322876,0.896851
-0.169800,0.217773,1.065674
0.545044,-0.339355,1.092651
-0.398926,-0.091187,0.821411
0.394775,-0.021973,1.156250
0.079712,-0.342529,0.910889
-0.230957,0.217285,1.042236
0.582520,-0.316528,1.115723
-0.372192,-0.163086,0.811157
0.318726,0.017212,1.145752
0.156128,-0.377808,0.929077
-0.281372,0.170166,0.978760
0.598145,-0.288696,1.137573
-0.317505,-0.199463,0.827881
0.245728,0.067505,1.130615
0.234863,-0.409302,0.935181
-0.332397,0.111328,0.913330
0.602783,-0.267700,1.139526
-0.263672,-0.222412,0.851440
0.159546,0.098145,1.113525
0.295044,-0.417969,0.956787
-0.370605,0.095703,0.892090
0.588013,-0.230957,1.134644
-0.210083,-0.228882,0.869873
0.079346,0.130005,1.101685
0.362183,-0.411743,0.987915
-0.412109,0.070679,0.863037
0.556030,-0.179199,1.142090
-0.138672,-0.233032,0.896362
0.005127,0.169434,1.098511
0.416260,-0.392700,1.023193
-0.421753,0.020508,0.850830
0.528076,-0.130127,1.154053
-0.038696,-0.269409,0.917480
-0.070190,0.207642,1.100830
0.466675,-0.382568,1.036255
-0.416626,-0.015259,0.850464
0.484253,-0.085693,1.163818
0.031494,-0.334106,0.896118
-0.137207,0.218750,1.077148
0.518066,-0.363037,1.066772
-0.408447,-0.077637,0.834717
0.421387,-0.038086,1.155396
0.049561,-0.340454,0.911133
-0.202515,0.229248,1.056885
0.565063,-0.334106,1.100464
-0.388672,-0.117676,0.817261
0.346802,0.010620,1.143677
0.130493,-0.372192,0.923828
-0.265381,0.200195,1.015991
0.583008,-0.292969,1.122681
-0.341919,-0.177246,0.820312
0.270142,0.039795,1.131592
0.199463,-0.405273,0.933594
-0.312622,0.140625,0.941040
0.599121,-0.270630,1.135010
-0.286621,-0.202393,0.848267
0.185425,0.081665,1.115479
0.273804,-0.427368,0.950317
-0.358887,0.088745,0.885254
0.573364,-0.226685,1.125977
-0.232056,-0.202759,0.878296
0.112793,0.126953,1.111084
0.350830,-0.436157,0.980103
-0.406616,0.079102,0.882690
0.555298,-0.183105,1.140747
-0.167236,-0.208984,0.880737
0.032349,0.173706,1.109253
0.410522,-0.416992,1.005005
-0.429199,0.050659,0.863525
0.522949,-0.144287,1.149048
-0.084106,-0.246338,0.895630
-0.037109,0.206787,1.107666
0.466187,-0.401611,1.035767
-0.436279,0.003662,0.850220
0.491455,-0.104126,1.144531
0.009277,-0.319702,0.901245
-0.109131,0.225586,1.087036
0.506714,-0.367554,1.061035
-0.423584,-0.039185,0.843262
0.444214,-0.073608,1.149414
0.042725,-0.347412,0.889282
-0.169067,0.223145,1.066650
0.547729,-0.334106,1.091675
-0.404907,-0.079956,0.825806
0.382080,-0.025635,1.144653
0.081787,-0.370239,0.899536
-0.232178,0.188843,1.015137
0.572632,-0.300781,1.119629
-0.371216,-0.129272,0.829834
0.318726,0.018677,1.139282
0.157959,-0.399536,0.919800
-0.287842,0.153320,0.964722
0.592529,-0.290039,1.127808
-0.327393,-0.169189,0.828979
0.247192,0.062622,1.123291
0.221191,-0.412354,0.937622
-0.330322,0.107056,0.922119
0.583740,-0.275391,1.118652
-0.290283,-0.199097,0.842041
0.188599,0.088257,1.125366
0.281982,-0.424194,0.947510
-0.365234,0.082642,0.889771
0.574707,-0.246460,1.134155
-0.252563,-0.211548,0.848145
0.129150,0.127563,1.112183
0.336792,-0.421753,0.970581
-0.399048,0.092896,0.888306
0.562378,-0.210693,1.125854
-0.192017,-0.221558,0.873169
0.049316,0.167480,1.100342
0.392456,-0.427124,0.991943
-0.415527,0.055054,0.863647
0.532593,-0.168457,1.143066
-0.132202,-0.245483,0.874878
-0.007690,0.188477,1.104736
0.432617,-0.416260,1.018188
-0.425293,0.031982,0.862061
0.507324,-0.118774,1.152100
-0.062256,-0.268921,0.894897
-0.064941,0.209595,1.102661
0.474121,-0.415283,1.028198
-0.431152,-0.010010,0.849487
0.477905,-0.101807,1.149414
0.017212,-0.312500,0.913696
-0.119019,0.218262,1.081299
0.501831,-0.381348,1.056885
-0.427490,-0.049927,0.827637
0.449097,-0.078857,1.148438
0.049072,-0.338379,0.897339
-0.171509,0.233398,1.061890
0.528564,-0.349365,1.065308
-0.408691,-0.069458,0.821655
0.400513,-0.037109,1.150269
0.067749,-0.355591,0.902344
-0.213135,0.198364,1.029419
0.548706,-0.330566,1.092407
-0.397583,-0.113647,0.806519
0.350830,-0.006470,1.140259
0.116455,-0.370483,0.906982
-0.260376,0.190308,1.007690
0.568970,-0.304321,1.112427
-0.363403,-0.152100,0.814575
0.299561,0.023438,1.128540
0.160522,-0.395020,0.925415
-0.295654,0.159424,0.966309
0.583008,-0.291992,1.117310
-0.332764,-0.179932,0.822510
0.250244,0.057983,1.121460
0.215088,-0.417603,0.933594
-0.333618,0.130737,0.919556
0.579956,-0.273560,1.120483
-0.296997,-0.200684,0.830688
0.195679,0.082275,1.121338
0.268555,-0.436401,0.943848
-0.359009,0.093506,0.894043
0.574585,-0.253174,1.121704
-0.266235,-0.204468,0.845581
0.142578,0.112671,1.100464
0.317139,-0.446411,0.953369
-0.392944,0.084595,0.879395
0.565186,-0.226562,1.117920
-0.236084,-0.224121,0.855591
0.086792,0.146851,1.104004
0.368286,-0.442017,0.972778
-0.411011,0.082031,0.869751
0.548218,-0.199829,1.131104
-0.183228,-0.221558,0.866333
0.035400,0.162598,1.096313
0.399048,-0.430176,0.997681
-0.434692,0.064209,0.859985
0.537476,-0.180054,1.133545
-0.123657,-0.230225,0.890747
-0.017578,0.202026,1.094238
0.438110,-0.416504,1.011963
-0.445679,0.029297,0.839844
0.505005,-0.155884,1.135132
-0.053955,-0.281250,0.888062
-0.071411,0.212158,1.106567
0.475586,-0.392700,1.024902
-0.444336,0.006348,0.833130
0.479492,-0.115845,1.140625
0.014771,-0.329346,0.899414
-0.125732,0.215454,1.079590
0.504517,-0.386719,1.051880
-0.437134,-0.022217,0.830200
0.445068,-0.078003,1.144287
0.050659,-0.350220,0.887329
-0.169434,0.205933,1.050781
0.528198,-0.351562,1.068726
-0.420044,-0.070679,0.818726
0.387939,-0.039307,1.130005
0.071411,-0.362427,0.897461
-0.228638,0.206177,1.031250
0.556274,-0.323486,1.098877
-0.395630,-0.120728,0.812866
0.332275,-0.005005,1.121094
0.135864,-0.387939,0.907593
-0.282104,0.170166,0.984253
0.576416,-0.299927,1.120239
-0.353149,-0.164795,0.826782
0.260132,0.044678,1.110718
0.208130,-0.417114,0.916260
-0.335205,0.120728,0.922729
0.584351,-0.288696,1.120361
-0.302124,-0.199463,0.838989
0.178101,0.084595,1.099609
0.266968,-0.433838,0.931641
-0.378662,0.085571,0.875610
0.573120,-0.255249,1.123535
-0.250977,-0.209351,0.850708
0.107910,0.129028,1.097168
0.331055,-0.449097,0.949829
-0.406250,0.077759,0.868042
0.545410,-0.229248,1.112671
-0.204102,-0.219360,0.864624
0.054688,0.160645,1.101807
0.386963,-0.431641,0.987305
-0.440186,0.082764,0.854736
0.523560,-0.188965,1.122192
-0.145996,-0.236084,0.876953
-0.007080,0.190308,1.101562
0.420898,-0.416748,1.009521
-0.444824,0.048950,0.846802
0.516235,-0.166748,1.127686
-0.064819,-0.286011,0.882812
-0.077515,0.198364,1.081177
0.466187,-0.394653,1.027954
-0.431030,0.004517,0.841797
0.467529,-0.109131,1.131714
0.022827,-0.346313,0.897949
-0.139771,0.195679,1.061523
0.494995,-0.373535,1.044800
-0.427979,-0.042358,0.822144
0.424072,-0.064087,1.141724
0.068237,-0.362427,0.892334
-0.190186,0.193115,1.043091
0.530029,-0.348389,1.072388
-0.409912,-0.080444,0.816406
0.367676,-0.021240,1.130737
0.091431,-0.360352,0.906250
-0.256226,0.189087,1.005005
0.564331,-0.327515,1.094971
-0.385376,-0.137329,0.801636
0.291138,0.016602,1.105713
0.165039,-0.387451,0.908325
-0.305908,0.151489,0.966553
0.575317,-0.298584,1.112427
-0.338257,-0.192993,0.813599
0.217896,0.062622,1.099609
0.241577,-0.425781,0.921509
-0.349243,0.102173,0.903564
0.576538,-0.273315,1.111572
-0.280518,-0.212646,0.831299
0.135498,0.112793,1.096558
0.311279,-0.444458,0.942993
-0.395386,0.080200,0.863770
0.559082,-0.241211,1.110352
-0.211670,-0.222290,0.860718
0.053345,0.143433,1.093506
0.368164,-0.448364,0.966431
-0.430298,0.078247,0.852173
0.523560,-0.183594,1.128052
-0.141846,-0.235107,0.880371
-0.015503,0.182129,1.098389
0.422607,-0.444092,0.996826
-0.447998,0.035522,0.836182
0.498779,-0.137817,1.130005
-0.061646,-0.263062,0.889771
-0.084595,0.200195,1.076782
0.471069,-0.411499,1.027710
-0.443115,-0.014526,0.832031
0.453491,-0.089722,1.139038
0.031982,-0.343750,0.892090
-0.142456,0.187866,1.045410
0.512329,-0.379028,1.051270
-0.430664,-0.055420,0.820068
0.402466,-0.054443,1.131226
0.062378,-0.353882,0.883179
-0.207764,0.189453,1.022217
0.542603,-0.347168,1.077271
-0.399170,-0.121460,0.811768
0.335938,-0.019531,1.114990
0.108887,-0.378906,0.896973
-0.287720,0.175659,0.979980
0.565186,-0.320068,1.100098
-0.359253,-0.174927,0.812378
0.259399,0.035400,1.109253
0.186157,-0.420532,0.908081
-0.331787,0.137817,0.918579
0.575806,-0.293945,1.110352
-0.320068,-0.201294,0.819702
0.186646,0.077393,1.102905
0.261108,-0.443604,0.922974
-0.361328,0.087036,0.879395
0.558228,-0.252686,1.107788
-0.267822,-0.218262,0.833862
0.118652,0.111328,1.096680
0.314453,-0.456299,0.941162
-0.403564,0.070679,0.851685
0.547729,-0.227783,1.108032
-0.229614,-0.208618,0.849121
0.059692,0.145630,1.096680
0.364136,-0.457031,0.965332
-0.438965,0.080811,0.851196
0.532227,-0.209839,1.113647
-0.170288,-0.227783,0.865356
0.009033,0.176147,1.090088
0.403564,-0.442871,0.977173
-0.455078,0.067383,0.851562
0.514526,-0.179443,1.120850
-0.120239,-0.248047,0.870117
-0.048462,0.199707,1.088745
0.450684,-0.432373,1.003784
-0.454468,0.030884,0.850220
0.481201,-0.129639,1.126465
-0.054565,-0.309937,0.871338
-0.092773,0.190308,1.072876
0.481689,-0.409912,1.034668
-0.448120,-0.001831,0.827759
0.446533,-0.093628,1.133789
0.014160,-0.349731,0.873413
-0.143311,0.184082,1.047974
0.505249,-0.384521,1.050293
-0.430786,-0.046265,0.824219
0.417969,-0.059692,1.124878
0.055176,-0.367554,0.881836
-0.197266,0.180786,1.016357
0.529785,-0.352661,1.069458
-0.399780,-0.089722,0.812500
0.366455,-0.023315,1.123535
0.076782,-0.363525,0.881348
-0.251343,0.168457,0.989868
0.548462,-0.335571,1.089844
-0.384155,-0.127197,0.809570
0.316528,0.011963,1.117554
0.134888,-0.383911,0.898315
-0.308228,0.159302,0.952148
0.565552,-0.325439,1.100464
-0.352783,-0.176147,0.813354
0.249023,0.049438,1.105713
0.193237,-0.409668,0.910278
-0.341919,0.131836,0.925293
0.573608,-0.300781,1.100220
-0.321167,-0.195312,0.811890
0.182617,0.085205,1.102173
0.259033,-0.435181,0.925781
-0.377686,0.090820,0.875610
0.557983,-0.286255,1.098755
-0.283203,-0.223633,0.827393
0.137329,0.120850,1.102295
0.314575,-0.431763,0.945312
-0.413330,0.086182,0.860107
0.547241,-0.263184,1.091064
-0.225342,-0.231201,0.845947
0.061523,0.161011,1.102295
0.364136,-0.439575,0.970093
-0.437134,0.089478,0.850586
0.532593,-0.224365,1.112305
-0.176147,-0.253418,0.855835
-0.000732,0.165039,1.093140
0.412109,-0.432861,0.987061
-0.451660,0.064697,0.849243
0.504517,-0.167969,1.118164
-0.098511,-0.282715,0.871094
-0.069458,0.193726,1.080688
0.448608,-0.418701,1.012695
-0.450195,0.024292,0.833374
0.471680,-0.138916,1.117920
-0.023804,-0.334106,0.875366
-0.115723,0.198608,1.053345
0.478882,-0.405273,1.025269
-0.444702,-0.016235,0.828613
0.447388,-0.082031,1.132080
0.033325,-0.359741,0.880737
-0.167847,0.179565,1.037231
0.508911,-0.389038,1.044556
-0.419434,-0.063110,0.811523
0.405518,-0.065186,1.126343
0.058228,-0.366089,0.878662
-0.217896,0.178589,1.014526
0.533203,-0.358154,1.066650
-0.395020,-0.095703,0.815430
0.340698,-0.008057,1.113037
0.089844,-0.360718,0.891724
-0.267456,0.169189,0.987427
0.552734,-0.336670,1.086182
-0.387817,-0.131836,0.806641
0.295654,0.028320,1.116821
0.157715,-0.388428,0.896973
-0.316162,0.161377,0.953979
0.563843,-0.324463,1.091064
-0.351318,-0.174316,0.807251
0.233521,0.052979,1.098267
0.215454,-0.418579,0.911133
-0.357056,0.135864,0.906372
0.569458,-0.304199,1.088257
-0.314087,-0.208984,0.807251
0.163208,0.088623,1.091309
0.280151,-0.444824,0.931396
-0.380249,0.085693,0.870239
0.549438,-0.271118,1.086304
-0.273071,-0.215942,0.822266
0.114624,0.128784,1.098022
0.323120,-0.448730,0.944214
-0.414551,0.081543,0.860718
0.540405,-0.240112,1.102295
-0.231201,-0.233276,0.839478
0.055054,0.162476,1.097534
0.370117,-0.439697,0.975586
-0.437256,0.076660,0.854248
0.532837,-0.208008,1.109375
-0.181396,-0.251099,0.851685
-0.003174,0.180298,1.091919
0.403687,-0.444092,0.979980
-0.451294,0.064087,0.841919
0.506592,-0.178711,1.117676
-0.121704,-0.256470,0.868164
-0.049194,0.178101,1.085938
0.427979,-0.434570,0.990723
-0.450928,0.038086,0.840942
0.493408,-0.153564,1.117798
-0.054077,-0.280518,0.889160
-0.090210,0.180664,1.054810
0.454956,-0.421631,1.005371
-0.451538,-0.001709,0.829346
0.461426,-0.111328,1.123657
0.007202,-0.329468,0.892700
-0.134766,0.189697,1.052124
0.481934,-0.392090,1.031616
-0.436768,-0.029175,0.820679
0.424316,-0.080444,1.127075
0.042603,-0.351562,0.886597
-0.163330,0.181641,1.034668
0.507080,-0.370239,1.052246
-0.438599,-0.064209,0.798706
0.397583,-0.065430,1.116455
0.067261,-0.382324,0.881348
-0.201904,0.171997,1.018799
0.519409,-0.352783,1.063843
-0.412476,-0.102661,0.802612
0.355957,-0.036133,1.104614
0.080322,-0.379272,0.884155
-0.239502,0.186768,1.001465
0.544312,-0.340210,1.081787
-0.401123,-0.114868,0.803223
0.326660,-0.007812,1.106812
0.109619,-0.396240,0.873901
-0.286255,0.173462,0.985474
0.562012,-0.343994,1.083496
-0.378418,-0.151733,0.809692
0.290649,0.022461,1.108765
0.144531,-0.403076,0.892578
-0.316406,0.153931,0.949585
0.579346,-0.325073,1.099854
-0.363403,-0.173828,0.801147
0.254150,0.047363,1.111084
0.178833,-0.416992,0.901245
-0.329346,0.130127,0.927856
0.569702,-0.303955,1.100952
-0.344849,-0.184814,0.799194
0.220825,0.057861,1.100586
0.210693,-0.438477,0.915894
-0.350098,0.116699,0.909058
0.567383,-0.296631,1.098755
-0.330444,-0.194092,0.799194
0.190063,0.072876,1.096313
0.243530,-0.450928,0.908203
-0.366699,0.100586,0.887573
0.561646,-0.284668,1.094360
-0.315796,-0.196899,0.809326
-0.008789,0.137085,1.042603
0.267212,-0.443726,0.925903
-0.492798,0.074341,0.795654
0.474609,-0.236816,1.054810
-0.288818,-0.213501,0.814575
-0.036377,0.158081,1.040405
0.357300,-0.470581,0.922729
-0.508789,0.074341,0.805908
0.467163,-0.204712,1.056763
-0.187500,-0.261230,0.814209
-0.067627,0.158569,1.032837
0.382324,-0.471558,0.929077
-0.503052,0.068604,0.808472
0.450073,-0.190796,1.059570
-0.143311,-0.267090,0.824585
-0.103271,0.164429,1.021851
0.403809,-0.460083,0.941650
-0.498291,0.041870,0.799927
0.437012,-0.159546,1.064209
-0.089478,-0.322998,0.825928
-0.153809,0.163696,0.996094
0.427124,-0.452148,0.956909
-0.493286,0.007202,0.799927
0.411743,-0.129272,1.058228
-0.035034,-0.342407,0.830200
-0.188843,0.140747,0.967285
0.450439,-0.428467,0.973145
-0.481689,-0.036255,0.782837
0.374512,-0.091675,1.067993
0.017334,-0.377930,0.830566
-0.235352,0.142090,0.941772
0.470093,-0.414673,0.980835
-0.470093,-0.082886,0.771484
0.328979,-0.064087,1.068726
0.056030,-0.402100,0.826294
-0.277588,0.135376,0.920654
0.484619,-0.381592,0.993408
-0.448730,-0.126953,0.764160
0.278320,-0.025757,1.052002
0.081299,-0.415039,0.824219
-0.319824,0.121704,0.897583
0.495361,-0.367798,1.008789
-0.423218,-0.141724,0.761719
0.224365,-0.009644,1.040161
0.110718,-0.434814,0.828003
-0.365112,0.130981,0.881226
0.508789,-0.349731,1.021484
-0.415039,-0.175903,0.754639
0.173340,0.029541,1.038940
0.165894,-0.441406,0.845703
-0.399902,0.121460,0.858398
0.524048,-0.319092,1.035034
-0.374268,-0.183472,0.775024
0.110840,0.079102,1.042725
0.228394,-0.464478,0.860107
-0.435303,0.064819,0.810791
0.504761,-0.322144,1.020386
-0.312866,-0.224365,0.795532
0.054565,0.096069,1.043823
0.274414,-0.473145,0.882446
-0.467041,0.069702,0.793457
0.499146,-0.284790,1.031494
-0.273193,-0.248291,0.790894
-0.011841,0.115234,1.030762
0.323730,-0.486328,0.899902
-0.485840,0.071289,0.791870
0.471313,-0.234131,1.045410
-0.206055,-0.228760,0.828125
-0.052612,0.135254,1.033691
0.358521,-0.479736,0.915039
-0.501587,0.066406,0.795532
0.448853,-0.183960,1.050781
-0.132690,-0.265381,0.843628
-0.099976,0.152710,1.019531
0.394287,-0.464478,0.938110
-0.507690,0.031372,0.791016
0.419189,-0.142090,1.056030
-0.073975,-0.323242,0.828003
-0.154785,0.145508,0.987427
0.433594,-0.432007,0.969849
-0.490601,-0.014404,0.784302
0.379395,-0.115356,1.059570
-0.015747,-0.384888,0.814087
-0.206787,0.143799,0.952759
0.463867,-0.402466,0.983032
-0.475586,-0.062378,0.779419
0.342773,-0.089966,1.051514
0.032837,-0.422363,0.814453
-0.265137,0.145264,0.934448
0.489746,-0.392334,1.000977
-0.450317,-0.097168,0.776489
0.302490,-0.054810,1.054810
0.070312,-0.437622,0.810791
-0.316895,0.135864,0.903809
0.503174,-0.379028,1.000854
-0.436890,-0.127441,0.771484
0.249390,-0.002441,1.051025
0.095581,-0.433716,0.814087
-0.364380,0.131958,0.888916
0.511108,-0.365356,1.016724
-0.417603,-0.148804,0.770874
0.198608,0.029663,1.051758
0.140137,-0.434204,0.837402
-0.399658,0.117188,0.859375
0.513062,-0.352173,1.023438
-0.393311,-0.168701,0.766113
0.142944,0.076294,1.050171
0.207886,-0.447510,0.861572
-0.428223,0.100586,0.831177
0.514526,-0.346802,1.020752
-0.358887,-0.203125,0.779663
0.089478,0.084351,1.039062
0.245483,-0.452515,0.872803
-0.447266,0.086060,0.817017
0.508301,-0.311157,1.035522
-0.318726,-0.233887,0.784424
0.032349,0.098511,1.034180
0.282104,-0.466431,0.884399
-0.472046,0.073486,0.791016
0.493896,-0.294678,1.034912
-0.253906,-0.232910,0.820679
-0.017822,0.139160,1.038574
0.315430,-0.467773,0.896362
-0.484741,0.064087,0.803345
0.485718,-0.246460,1.050415
-0.212891,-0.249390,0.827148
-0.062866,0.151855,1.025146
0.351318,-0.465454,0.912964
-0.488159,0.048950,0.807495
0.463501,-0.203003,1.067261
-0.163086,-0.257812,0.833984
-0.097412,0.165771,1.016113
0.374023,-0.442139,0.933228
-0.494751,0.032349,0.804443
0.436646,-0.170654,1.073853
-0.096191,-0.292358,0.848022
-0.138428,0.151733,1.003296
0.400879,-0.445068,0.938843
-0.495483,0.016113,0.786377
0.417480,-0.154663,1.059204
-0.038330,-0.339233,0.836670
-0.181885,0.144897,0.974854
0.419800,-0.442627,0.948730
-0.489990,-0.021240,0.783203
0.389160,-0.117188,1.049438
-0.002686,-0.367432,0.835571
-0.221558,0.150513,0.958740
0.459961,-0.415405,0.975830
-0.471680,-0.062744,0.773193
0.339233,-0.085449,1.053467
0.035034,-0.410278,0.821045
-0.252930,0.140503,0.944824
0.481812,-0.410400,0.983643
-0.465820,-0.094971,0.761719
0.313965,-0.061768,1.041260
0.061035,-0.421753,0.821655
-0.293823,0.141479,0.923340
0.491821,-0.388062,1.004395
-0.448853,-0.126099,0.765137
0.277588,-0.025513,1.052002
0.082153,-0.430298,0.818359
-0.326904,0.138184,0.908691
0.501221,-0.377197,1.002563
-0.437500,-0.140747,0.760742
0.229980,0.010742,1.042236
0.106812,-0.422485,0.833008
-0.361938,0.139893,0.891602
0.505981,-0.365845,1.016846
-0.422241,-0.163940,0.756226
0.192139,0.031494,1.041870
0.146973,-0.427124,0.843872
-0.394043,0.140869,0.877930
0.514526,-0.354736,1.019409
-0.405762,-0.202515,0.752930
0.153320,0.048218,1.041626
0.182617,-0.447388,0.848633
-0.408325,0.122314,0.848267
0.520630,-0.330566,1.029541
-0.382324,-0.205811,0.763062
0.114258,0.067383,1.046143
0.214722,-0.452026,0.859741
-0.425171,0.102417,0.832153
0.521240,-0.329346,1.030518
-0.351074,-0.222534,0.775513
0.072388,0.076782,1.025757
0.243652,-0.470459,0.860352
-0.438721,0.094604,0.817139
0.512939,-0.313110,1.026001
-0.322998,-0.219971,0.792847
0.048828,0.086670,1.031372
0.267090,-0.485962,0.861938
-0.449951,0.071411,0.801147
0.502197,-0.282837,1.031738
-0.288330,-0.194946,0.808960
0.019775,0.099365,1.032349
0.293701,-0.493286,0.874756
-0.468506,0.060059,0.786621
0.484009,-0.257568,1.034302
-0.258301,-0.200073,0.817139
-0.002441,0.120117,1.044678
0.311035,-0.487305,0.893066
-0.485596,0.054565,0.786743
0.480591,-0.235229,1.046143
-0.232422,-0.227295,0.824951
-0.025635,0.132935,1.029907
0.336792,-0.488525,0.906128
-0.489380,0.047485,0.791016
0.460083,-0.212524,1.051514
-0.207153,-0.203857,0.830933
-0.035645,0.135742,1.036987
0.348267,-0.479248,0.917725
-0.497070,0.049194,0.795288
0.458618,-0.231567,1.042969
-0.194580,-0.242188,0.825073
-0.059937,0.142944,1.025024
0.370239,-0.469849,0.931763
-0.501221,0.064941,0.795654
0.453491,-0.203857,1.048218
-0.162476,-0.273926,0.821411
-0.083130,0.137451,1.015625
0.380737,-0.473022,0.930786
-0.493896,0.056152,0.795288
0.436890,-0.170776,1.048828
-0.142456,-0.239136,0.836060
-0.093384,0.135986,1.014771
0.404419,-0.474365,0.943115
-0.507690,0.049194,0.788452
0.427979,-0.149048,1.054932
-0.117920,-0.268555,0.835449
-0.121948,0.141968,1.002197
0.412842,-0.465210,0.953491
-0.498169,0.029907,0.798462
0.418335,-0.126587,1.064941
-0.093750,-0.300171,0.825684
-0.135620,0.146484,0.998291
0.421021,-0.458618,0.951782
-0.491821,0.027588,0.795532
0.416992,-0.125000,1.055664
-0.070801,-0.339478,0.821777
-0.158325,0.150513,0.980469
0.441162,-0.447266,0.969849
-0.484741,0.007202,0.797974
0.399780,-0.108643,1.064697
-0.052490,-0.338501,0.823608
-0.169556,0.139160,0.975586
0.436646,-0.437378,0.969604
-0.474121,-0.012329,0.788208
0.389526,-0.089722,1.071777
-0.032593,-0.343750,0.829712
-0.197021,0.138062,0.957764
0.450195,-0.451538,0.961548
-0.477539,-0.027710,0.779297
0.377441,-0.081665,1.064331
-0.002075,-0.350708,0.836670
-0.211670,0.139526,0.956055
0.449829,-0.442749,0.958618
-0.473511,-0.057739,0.775391
0.365845,-0.084229,1.064453
0.016479,-0.371948,0.824707
-0.238892,0.159790,0.945312
0.467285,-0.439819,0.969238
-0.459839,-0.081421,0.774902
0.340210,-0.075317,1.051147
0.032593,-0.382324,0.832153
-0.262207,0.156860,0.938477
0.481812,-0.422729,0.980591
-0.461426,-0.103638,0.770996
0.322876,-0.048828,1.062622
0.045532,-0.398193,0.831299
-0.280396,0.140137,0.928345
0.487671,-0.422729,0.984253
-0.447266,-0.122192,0.771118
0.299927,-0.042847,1.049561
0.072876,-0.411987,0.821289
-0.304932,0.148804,0.919800
0.496216,-0.389526,0.995483
-0.444458,-0.132202,0.763184
0.275879,-0.023438,1.055176
0.084717,-0.421509,0.817871
-0.330688,0.153809,0.910522
0.505127,-0.382446,1.000488
-0.432373,-0.149536,0.761475
0.245483,-0.000854,1.057739
0.104858,-0.403809,0.836304
-0.361938,0.138672,0.888916
0.508179,-0.378540,1.001465
-0.410645,-0.174072,0.770874
0.215576,0.021851,1.056030
0.120728,-0.403809,0.843018
-0.386475,0.140747,0.877075
0.520020,-0.369873,1.017090
-0.405396,-0.193237,0.763550
0.176025,0.030518,1.050293
0.152954,-0.417847,0.852295
-0.398560,0.132324,0.864380
0.519287,-0.348633,1.019165
-0.381348,-0.205078,0.760132
0.144043,0.039551,1.038818
0.194458,-0.444702,0.859863
-0.419922,0.117065,0.840454
0.525146,-0.341919,1.016235
-0.365967,-0.207520,0.768921
0.110718,0.058350,1.041016
0.222656,-0.442993,0.876099
-0.428467,0.094849,0.818726
0.519165,-0.319702,1.030640
-0.337158,-0.227661,0.770874
0.081421,0.070557,1.040894
0.254395,-0.461670,0.871094
-0.443237,0.084595,0.811523
0.512817,-0.308105,1.033203
-0.305420,-0.216431,0.806641
0.054077,0.100952,1.051025
0.285400,-0.475220,0.884155
-0.460327,0.075684,0.795166
0.497070,-0.285034,1.033691
-0.275757,-0.230469,0.804077
0.021851,0.108032,1.038208
0.306519,-0.481689,0.893921
-0.467285,0.072632,0.797119
0.483398,-0.257812,1.041748
-0.251099,-0.248169,0.810059
-0.011475,0.127686,1.041626
0.332153,-0.473145,0.905762
-0.476440,0.063110,0.797607
0.476074,-0.228638,1.050415
-0.229980,-0.220947,0.830200
-0.032104,0.133545,1.035645
0.349976,-0.476318,0.913086
-0.490479,0.060425,0.798584
0.464478,-0.207397,1.055420
-0.185913,-0.259521,0.823364
-0.062622,0.149780,1.030273
0.375366,-0.469604,0.923218
-0.495483,0.058472,0.799683
0.453369,-0.182007,1.057739
-0.150024,-0.248047,0.840088
-0.089111,0.147461,1.016479
0.390503,-0.459106,0.940063
-0.493408,0.041504,0.798096
0.438354,-0.159180,1.065308
-0.109131,-0.284424,0.838257
-0.129028,0.146362,0.990234
0.401733,-0.449463,0.945068
-0.487427,0.012085,0.788696
0.418457,-0.138550,1.067505
-0.061279,-0.319580,0.841431
-0.163452,0.146118,0.987183
0.429810,-0.438721,0.957886
-0.480957,-0.021729,0.786377
0.389893,-0.116333,1.060791
-0.007935,-0.353149,0.835449
-0.207520,0.160278,0.971680
0.453857,-0.435181,0.965332
-0.474487,-0.057861,0.778931
0.364624,-0.099731,1.065186
0.031616,-0.386597,0.837280
-0.231567,0.155884,0.950317
0.465088,-0.405518,0.992432
-0.473755,-0.084961,0.759766
0.334595,-0.076050,1.057251
0.052368,-0.410034,0.829834
-0.265015,0.158081,0.942749
0.488037,-0.387817,1.000366
-0.453125,-0.110352,0.767700
0.298218,-0.051758,1.046997
0.074707,-0.405762,0.826904
-0.297119,0.149292,0.918945
0.502441,-0.382446,1.010132
-0.444702,-0.128052,0.755981
0.259644,-0.033813,1.044678
0.091675,-0.424683,0.820068
-0.325684,0.136475,0.912842
0.512817,-0.363770,1.027344
-0.433350,-0.143188,0.767578
0.218384,-0.002441,1.032227
0.111450,-0.430298,0.826660
-0.354248,0.140747,0.895020
0.526978,-0.351807,1.039185
-0.418579,-0.162231,0.762817
0.178955,0.026367,1.039429
0.147339,-0.460083,0.835449
-0.382202,0.124146,0.870972
0.528931,-0.334106,1.042358
-0.397217,-0.184448,0.766724
0.140503,0.059204,1.037720
0.188599,-0.477661,0.841309
-0.410645,0.096558,0.841919
0.536011,-0.315430,1.043701
-0.360840,-0.195923,0.774170
0.106201,0.079468,1.044800
0.223267,-0.483765,0.851318
-0.432617,0.085205,0.819214
0.529907,-0.320679,1.039429
-0.337036,-0.203613,0.786011
0.078491,0.090942,1.042847
0.250244,-0.476562,0.860352
-0.442383,0.067139,0.810425
0.514404,-0.293213,1.050537
-0.319946,-0.208252,0.798950
0.055298,0.103394,1.047607
0.279419,-0.481079,0.870361
-0.458496,0.063599,0.802124
0.509155,-0.289307,1.051758
-0.280396,-0.216919,0.808594
0.025269,0.120850,1.040039
0.291992,-0.468872,0.885864
-0.466919,0.053467,0.793701
0.499390,-0.263184,1.055298
-0.252441,-0.227173,0.818115
-0.009644,0.141479,1.047974
0.320312,-0.477417,0.893555
-0.479858,0.051514,0.796265
0.484985,-0.248413,1.049927
-0.225464,-0.221924,0.824829
-0.030029,0.146729,1.038696
0.339111,-0.480347,0.904785
-0.490356,0.063965,0.800293
0.479858,-0.229614,1.060669
-0.196289,-0.244263,0.833618
-0.049316,0.153320,1.035889
0.345825,-0.467651,0.914429
-0.497925,0.073486,0.808594
0.473755,-0.224243,1.060547
-0.176392,-0.244507,0.838135
-0.075317,0.166504,1.038452
0.368164,-0.470093,0.923828
-0.500244,0.054321,0.804688
0.456787,-0.198975,1.068848
-0.133911,-0.280518,0.831421
-0.088379,0.183472,1.050537
0.373413,-0.460938,0.923096
-0.508423,0.052979,0.808105
0.464966,-0.200073,1.069946
-0.119995,-0.272095,0.841064
-0.115112,0.186279,1.028198
0.388184,-0.453003,0.933105
-0.501953,0.040771,0.805054
0.456299,-0.199219,1.059204
-0.089478,-0.286987,0.847046
-0.137085,0.173828,1.014526
0.399170,-0.458740,0.936523
-0.500244,0.017212,0.787842
0.439941,-0.170166,1.056763
-0.076294,-0.286011,0.842896
-0.131104,0.168457,1.020508
0.417725,-0.450684,0.958008
-0.494507,-0.006592,0.795532
0.417847,-0.162964,1.050659
-0.065063,-0.320068,0.833374
-0.141968,0.186768,1.015015
0.428955,-0.446411,0.957520
-0.506836,-0.004761,0.789062
0.400635,-0.142212,1.058594
-0.026123,-0.344727,0.833740
-0.164673,0.164062,1.002808
0.443359,-0.427856,0.972900
-0.495972,-0.022339,0.781738
0.377441,-0.122192,1.056885
0.002808,-0.385986,0.823853
-0.190308,0.161499,0.986206
0.458374,-0.411377,0.985474
-0.485596,-0.049805,0.770630
0.358032,-0.096680,1.046753
0.025391,-0.387695,0.829102
-0.214844,0.158081,0.969604
0.481323,-0.412720,0.993896
-0.476196,-0.087891,0.768433
0.317261,-0.066406,1.050049
0.054321,-0.409546,0.828003
-0.254150,0.144409,0.947754
0.487671,-0.398193,1.003540
-0.449829,-0.117188,0.779907
0.291870,-0.060913,1.038696
0.069702,-0.435791,0.821533
-0.291992,0.141113,0.913330
0.517334,-0.360840,1.016479
-0.429932,-0.123779,0.775513
0.248047,-0.033325,1.031738
0.079956,-0.433228,0.813843
-0.317017,0.115479,0.891724
0.526611,-0.345459,1.042725
-0.416504,-0.124512,0.794556
0.204346,0.006592,1.044800
0.117554,-0.448853,0.818970
-0.352051,0.109741,0.871582
0.526611,-0.331421,1.046387
-0.397583,-0.164673,0.783813
0.170654,0.039551,1.047485
0.155518,-0.462036,0.827881
-0.375854,0.100342,0.861572
0.541260,-0.328369,1.045288
-0.383301,-0.178711,0.774048
0.130737,0.065918,1.043457
0.196167,-0.477539,0.841187
-0.404053,0.078613,0.833618
0.541748,-0.327881,1.048584
-0.347534,-0.172974,0.799438
0.096924,0.088501,1.050171
0.223755,-0.479858,0.856201
-0.429565,0.066162,0.815552
0.521851,-0.298584,1.051514
-0.305908,-0.193848,0.809692
0.054688,0.117798,1.051880
0.256348,-0.478394,0.866821
-0.446167,0.058838,0.799072
0.518066,-0.279785,1.050903
-0.282349,-0.210571,0.809814
0.017578,0.133057,1.045166
0.294678,-0.491821,0.878906
-0.464844,0.058960,0.801514
0.497437,-0.259155,1.059082
-0.238037,-0.225586,0.822876
-0.021606,0.133545,1.043335
0.333618,-0.487427,0.902832
-0.483032,0.056519,0.795654
0.470581,-0.220459,1.058105
-0.185547,-0.240967,0.837891
-0.057129,0.157349,1.032959
0.365723,-0.483398,0.923096
-0.494507,0.051392,0.808716
0.450806,-0.185913,1.057739
-0.139282,-0.238403,0.848389
-0.087402,0.155151,1.020752
0.396973,-0.459351,0.941162
-0.495850,0.022705,0.800903
0.429443,-0.158325,1.071045
-0.078735,-0.300537,0.835571
-0.130127,0.153564,1.010132
0.435303,-0.464478,0.958374
-0.495972,0.000854,0.787964
0.400879,-0.129639,1.061279
-0.025635,-0.347168,0.830078
-0.176758,0.156250,0.988647
0.466553,-0.435181,0.981934
-0.489502,-0.052368,0.776245
0.360962,-0.098022,1.060547
0.020264,-0.388916,0.824341
-0.213623,0.156860,0.963379
0.491943,-0.411133,1.003174
-0.474731,-0.080200,0.764526
0.322754,-0.064453,1.052002
0.057983,-0.410889,0.824707
-0.258667,0.129883,0.932861
0.502441,-0.392700,1.011230
-0.443481,-0.108521,0.774292
0.287964,-0.041138,1.048218
0.079712,-0.427612,0.816406
-0.305908,0.138306,0.915283
0.518921,-0.373657,1.028564
-0.416260,-0.145142,0.764404
0.238525,0.006714,1.052979
0.106323,-0.421875,0.825195
-0.342896,0.133911,0.899902
0.526733,-0.360229,1.034912
-0.408203,-0.172607,0.767578
0.191162,0.036865,1.053345
0.156860,-0.437744,0.846191
-0.382690,0.130737,0.865723
0.530273,-0.335327,1.039307
-0.366699,-0.193359,0.774658
0.147217,0.064819,1.048218
0.196045,-0.455688,0.851440
-0.408081,0.090454,0.835571
0.532959,-0.308716,1.049561
-0.346802,-0.199219,0.777954
0.101685,0.095093,1.061279
0.253906,-0.470947,0.873413
-0.441528,0.073975,0.820435
0.504517,-0.293213,1.049805
-0.302856,-0.221558,0.785889
0.066406,0.118042,1.057861
0.286011,-0.458130,0.897217
-0.459106,0.067505,0.805542
0.496582,-0.286133,1.038208
-0.264160,-0.237427,0.809692
0.020874,0.122314,1.046875
0.318848,-0.448975,0.908569
-0.476318,0.058472,0.798218
0.490234,-0.251343,1.049072
-0.223022,-0.256958,0.811646
-0.018799,0.133423,1.037964
0.347168,-0.453247,0.927979
-0.478760,0.048340,0.795166
0.476685,-0.210815,1.058960
-0.178833,-0.249268,0.840088
-0.067139,0.154175,1.041992
0.377197,-0.473267,0.934937
-0.488037,0.045776,0.804321
0.454834,-0.160278,1.074951
-0.132080,-0.258911,0.841553
-0.083740,0.151367,1.030762
0.405396,-0.487549,0.942993
-0.495728,0.046753,0.808350
0.432861,-0.129150,1.069702
-0.096069,-0.269653,0.845215
-0.112549,0.157349,1.022095
0.428589,-0.475342,0.957397
-0.498535,0.021851,0.798828
0.420898,-0.142944,1.056519
-0.062256,-0.303467,0.845581
-0.146606,0.132080,1.000122
0.442993,-0.449463,0.976318
-0.481201,-0.019409,0.785889
0.398926,-0.108765,1.071655
-0.016968,-0.347412,0.829956
-0.184692,0.153442,0.987183
0.476196,-0.438965,0.987061
-0.474487,-0.037964,0.774292
0.376221,-0.087524,1.066040
0.027344,-0.375244,0.839478
-0.231934,0.158691,0.971680
0.482910,-0.416260,0.993530
-0.447998,-0.091675,0.779297
0.337036,-0.047974,1.070923
0.057983,-0.388428,0.846313
-0.271851,0.151123,0.943359
0.499512,-0.402344,1.007812
-0.435669,-0.135864,0.768188
0.302490,-0.025269,1.068359
0.079468,-0.395996,0.836792
-0.302734,0.159912,0.936279
0.516113,-0.377441,1.027100
-0.418945,-0.164551,0.769409
0.259277,-0.007202,1.064819
0.104004,-0.408447,0.838013
-0.342773,0.158691,0.918213
0.525146,-0.353394,1.035767
-0.385254,-0.181396,0.785034
0.204834,0.017822,1.056274
0.148560,-0.419556,0.857056
-0.378418,0.148560,0.884277
0.525269,-0.320068,1.039551
-0.361938,-0.209473,0.780273
0.154907,0.047485,1.059204
0.208374,-0.460571,0.863892
-0.415283,0.105713,0.842529
0.531372,-0.308228,1.041382
-0.323975,-0.212646,0.781494
0.099121,0.080444,1.055420
0.260376,-0.456665,0.885254
-0.430908,0.082397,0.818115
0.511963,-0.276978,1.044312
-0.285767,-0.213501,0.803467
0.040161,0.107056,1.047729
0.316528,-0.468140,0.901611
-0.462158,0.068726,0.806152
0.496826,-0.235718,1.052856
-0.232178,-0.246094,0.814575
-0.021240,0.118774,1.036011
0.354248,-0.464478,0.933350
-0.475952,0.071045,0.801270
0.471680,-0.191650,1.062866
-0.153809,-0.280762,0.835205
-0.081299,0.141602,1.023438
0.393433,-0.447388,0.951538
-0.483398,0.050537,0.806396
0.444458,-0.140625,1.075928
-0.069580,-0.297852,0.854370
-0.143555,0.148438,1.011230
0.429321,-0.446167,0.965576
-0.472900,-0.015381,0.782471
0.265625,-0.027222,1.017944
-0.002930,-0.333252,0.854492
-0.343750,0.152954,0.875610
0.478882,-0.393066,0.979370
-0.468140,-0.136963,0.756104
0.205322,-0.008789,1.011719
0.086182,-0.415771,0.792114
-0.401733,0.150024,0.847412
0.486572,-0.357544,0.986572
-0.419678,-0.163208,0.770874
0.129150,0.042358,1.016479
0.127319,-0.426636,0.805664
-0.447754,0.130859,0.814087
0.500488,-0.324463,1.000610
-0.372192,-0.207886,0.769531
0.049805,0.081909,1.008789
0.199951,-0.448730,0.835449
-0.484863,0.082642,0.769409
0.490112,-0.284912,1.013306
-0.286377,-0.233643,0.792969
-0.028198,0.128418,1.008789
0.263550,-0.468262,0.855957
-0.520264,0.068115,0.762451
0.464111,-0.248413,1.018555
-0.204712,-0.262451,0.806885
-0.098999,0.146118,0.995850
0.315552,-0.451782,0.886597
-0.527832,0.055542,0.764404
0.432007,-0.175903,1.040283
-0.117554,-0.294922,0.817505
-0.159912,0.151855,0.973877
0.369629,-0.445312,0.917114
-0.528809,0.032349,0.769531
0.384644,-0.133301,1.029419
-0.044922,-0.343994,0.804688
-0.219482,0.143677,0.939331
0.413818,-0.420898,0.944214
-0.504272,-0.046997,0.764282
0.323486,-0.092407,1.018311
0.006714,-0.395630,0.796021
-0.290527,0.143555,0.900757
0.454834,-0.398804,0.968018
-0.487671,-0.098389,0.753906
0.248291,-0.047852,1.010132
0.054077,-0.436768,0.791138
-0.360229,0.148438,0.870850
0.483276,-0.358765,0.989380
-0.458374,-0.156494,0.739014
0.181152,0.000610,1.009888
0.090088,-0.449585,0.793335
-0.411011,0.123901,0.835083
0.492798,-0.324463,1.005005
-0.407227,-0.155884,0.767212
0.110107,0.062134,1.029053
0.153320,-0.473633,0.809937
-0.458984,0.115234,0.808472
0.494263,-0.305786,1.005615
-0.358154,-0.197021,0.766602
0.034912,0.116577,1.027710
0.235474,-0.487305,0.836914
-0.503174,0.080688,0.769287
0.482422,-0.283447,1.014160
-0.292969,-0.203369,0.788818
-0.026855,0.136841,1.023682
0.281128,-0.479980,0.869873
-0.523560,0.074463,0.768555
0.461548,-0.234253,1.019043
-0.223511,-0.220947,0.812012
-0.085815,0.165649,1.005737
0.321045,-0.476196,0.892212
-0.532959,0.065063,0.771851
0.437500,-0.207520,1.029175
-0.142578,-0.272217,0.820068
-0.137573,0.171875,0.984619
0.360474,-0.459229,0.906250
-0.529663,0.039429,0.779907
0.402588,-0.172241,1.027588
-0.069580,-0.317383,0.821167
-0.190430,0.177979,0.971802
0.398926,-0.443237,0.925537
-0.523315,-0.004150,0.773804
0.370361,-0.130249,1.029297
-0.018921,-0.380981,0.802246
-0.239990,0.167114,0.938843
0.431885,-0.426392,0.947388
-0.512695,-0.069336,0.741211
0.313232,-0.082153,1.024292
0.018188,-0.417969,0.785767
-0.279053,0.161255,0.916992
0.457275,-0.399780,0.965576
-0.495972,-0.091064,0.743896
0.269409,-0.066772,1.005737
0.041382,-0.434082,0.780762
-0.318481,0.146118,0.889404
0.473145,-0.356323,0.988403
-0.465088,-0.102295,0.767456
0.219360,-0.039185,1.007324
0.073486,-0.452026,0.780396
-0.364014,0.132690,0.850952
0.491211,-0.348389,0.992065
-0.448242,-0.127563,0.759766
0.161255,0.000000,1.013672
0.109619,-0.476929,0.789429
-0.410522,0.114990,0.825195
0.504272,-0.319580,1.003906
-0.412109,-0.155151,0.761230
0.105103,0.044800,1.017700
0.164185,-0.495972,0.807983
-0.445923,0.092773,0.798096
0.494629,-0.289307,1.015991
-0.360352,-0.142334,0.793213
0.055176,0.082886,1.027832
0.211670,-0.501221,0.835083
-0.482666,0.072266,0.767090
0.489014,-0.269409,1.020264
-0.305054,-0.167236,0.802246
-0.000732,0.114868,1.027710
0.258545,-0.510620,0.851685
-0.514893,0.057129,0.754517
0.472290,-0.248047,1.024780
-0.244873,-0.211670,0.815552
-0.047607,0.155151,1.033081
0.300415,-0.499023,0.889771
-0.532593,0.056885,0.771484
0.446899,-0.218872,1.034302
-0.197510,-0.231689,0.820801
-0.078735,0.166138,1.024048
0.340576,-0.487305,0.909302
-0.542603,0.059692,0.771240
0.424927,-0.186157,1.030396
-0.131714,-0.278931,0.819824
-0.118042,0.168457,1.011353
0.377563,-0.437256,0.934570
-0.545044,0.034912,0.774414
0.398438,-0.163574,1.027100
-0.074341,-0.344116,0.818848
-0.159912,0.173218,0.983032
0.403687,-0.412109,0.950562
-0.526855,-0.011841,0.762329
0.366943,-0.145020,1.020020
-0.032227,-0.397217,0.792725
-0.203735,0.165771,0.950562
0.442383,-0.386108,0.973511
-0.516357,-0.048584,0.755737
0.317383,-0.119507,1.015259
0.001953,-0.429077,0.780396
-0.244751,0.140015,0.915649
0.471313,-0.369629,0.981567
-0.505249,-0.063599,0.746704
0.283203,-0.085205,1.015869
0.026489,-0.451172,0.771851
-0.283447,0.102417,0.882202
0.483643,-0.355713,0.990234
-0.482056,-0.094116,0.753906
0.248901,-0.058350,1.010864
0.066162,-0.468384,0.778198
-0.326660,0.110596,0.857788
0.492554,-0.335693,0.996338
-0.449463,-0.089355,0.768433
0.208496,-0.022949,1.015747
0.078613,-0.467285,0.781860
-0.362671,0.088379,0.833740
0.496094,-0.329468,1.006592
-0.429565,-0.124512,0.768311
0.166748,0.030518,1.026978
0.100952,-0.458740,0.801636
-0.402466,0.099365,0.816650
0.501953,-0.320068,1.008423
-0.397949,-0.138672,0.774902
0.127930,0.046265,1.030762
0.133911,-0.472900,0.806152
-0.447144,0.095093,0.802002
0.522583,-0.311401,1.018433
-0.373291,-0.165039,0.777588
0.089722,0.083496,1.034546
0.185303,-0.493652,0.826660
-0.469116,0.088013,0.786499
0.506958,-0.299927,1.013184
-0.339844,-0.173950,0.786133
0.058838,0.102783,1.044800
0.226562,-0.501465,0.836060
-0.497437,0.071533,0.765015
0.489014,-0.283936,1.021240
-0.299805,-0.196899,0.798096
0.021362,0.130859,1.044434
0.260498,-0.475098,0.864746
-0.510132,0.058594,0.765015
0.483887,-0.291260,1.002563
-0.278076,-0.187378,0.806396
-0.013916,0.132935,1.038330
0.299805,-0.490112,0.879761
-0.520142,0.052979,0.766602
0.467041,-0.252930,1.018677
-0.232056,-0.197021,0.816528
-0.054443,0.167603,1.027954
0.330444,-0.469482,0.912354
-0.536011,0.057129,0.778320
0.440796,-0.215942,1.026733
-0.161133,-0.244751,0.821655
-0.086792,0.182861,1.022095
0.356812,-0.474854,0.918335
-0.539307,0.051880,0.783691
0.428467,-0.195557,1.029053
-0.121338,-0.285400,0.815552
-0.135132,0.177368,1.001221
0.399048,-0.472778,0.927124
-0.537354,0.043091,0.791626
0.392456,-0.151611,1.024902
-0.067505,-0.338257,0.805298
-0.179321,0.155640,0.972046
0.427979,-0.439331,0.948608
-0.514282,-0.008911,0.779907
0.351440,-0.111084,1.022461
-0.004883,-0.381592,0.805298
-0.236206,0.133301,0.926880
0.457886,-0.408569,0.976562
-0.495972,-0.069946,0.755371
0.298096,-0.080322,1.012451
0.036011,-0.420776,0.800293
-0.301392,0.135254,0.889038
0.487427,-0.382935,0.986816
-0.455444,-0.118652,0.765137
0.233887,-0.036621,1.009277
0.063110,-0.428467,0.792480
-0.357178,0.119995,0.857422
0.501099,-0.355957,0.997192
-0.418213,-0.151489,0.769897
0.160645,0.022217,1.021484
0.118774,-0.442383,0.807983
-0.420288,0.127563,0.823364
0.503662,-0.304810,1.025757
-0.352417,-0.193481,0.780396
0.075928,0.070190,1.022583
0.203003,-0.473755,0.828613
-0.472534,0.082764,0.776367
0.501587,-0.276001,1.030029
-0.288086,-0.227539,0.795654
-0.008911,0.117432,1.027832
0.280762,-0.484131,0.870117
-0.516479,0.063232,0.761475
0.466919,-0.219116,1.033936
-0.188721,-0.240601,0.824219
-0.083130,0.148804,1.011841
0.343506,-0.472412,0.903931
-0.533936,0.064941,0.770020
0.425049,-0.154419,1.041748
-0.082153,-0.298462,0.824463
-0.169556,0.156006,0.975464
0.407104,-0.452271,0.942993
-0.504639,-0.027710,0.764771
0.350342,-0.103271,1.029907
0.004272,-0.374512,0.810059
-0.252808,0.148682,0.922363
0.462891,-0.412476,0.967041
-0.478394,-0.112915,0.753784
0.270386,-0.046631,1.027954
0.059448,-0.411011,0.794556
-0.347168,0.150757,0.884644
0.495850,-0.371338,0.992920
-0.419922,-0.168457,0.767212
0.163940,0.015259,1.014160
0.119507,-0.423706,0.817261
-0.420166,0.117188,0.830200
0.505371,-0.316162,1.014771
-0.345093,-0.206909,0.781982
0.052979,0.084839,1.026733
0.231689,-0.471191,0.847778
-0.479370,0.068848,0.776855
0.488037,-0.253906,1.033081
-0.243164,-0.228638,0.810181
-0.048706,0.128296,1.020508
0.321289,-0.475708,0.895752
-0.524048,0.069702,0.781250
0.440063,-0.190918,1.039429
-0.126221,-0.260010,0.830811
-0.134277,0.151123,0.993530
0.391357,-0.453125,0.935425
-0.509521,0.001709,0.777222
0.372437,-0.112793,1.030273
-0.020020,-0.343384,0.824341
-0.234497,0.124512,0.937866
0.448975,-0.420654,0.971069
-0.475830,-0.091919,0.758911
0.289795,-0.051758,1.029053
0.051025,-0.406982,0.807373
-0.322510,0.132812,0.892578
0.495605,-0.380981,0.995850
-0.435181,-0.157104,0.763672
0.190186,-0.001221,1.016235
0.100098,-0.409424,0.816895
-0.409424,0.131348,0.832031
0.512939,-0.333252,1.019409
-0.359619,-0.195923,0.778076
0.074463,0.071289,1.027710
0.212036,-0.477783,0.835938
-0.473633,0.080811,0.779419
0.502075,-0.273804,1.031494
-0.270142,-0.195801,0.818481
-0.023560,0.125244,1.028076
0.295898,-0.506470,0.866455
-0.514404,0.061646,0.766113
0.459717,-0.207031,1.042114
-0.179443,-0.214233,0.837158
-0.094849,0.148804,1.016479
0.374756,-0.491211,0.917603
-0.531982,0.050415,0.781738
0.404907,-0.155518,1.037842
-0.063965,-0.319946,0.825806
-0.177979,0.157349,0.981812
0.433594,-0.439697,0.964233
-0.497681,-0.047485,0.760498
0.345581,-0.104004,1.035034
0.004639,-0.398438,0.808594
-0.257080,0.152710,0.938599
0.487671,-0.390869,0.991455
-0.461548,-0.110596,0.768433
0.256470,-0.048706,1.024658
0.062500,-0.445801,0.788330
-0.334229,0.133545,0.874512
0.504761,-0.358765,1.009033
-0.417603,-0.152588,0.775146
0.184814,-0.008667,1.029785
0.117188,-0.436401,0.817871
-0.408081,0.112427,0.835571
0.510864,-0.316895,1.021851
-0.357422,-0.182251,0.786743
0.087891,0.067749,1.031982
0.214111,-0.479248,0.844360
-0.461304,0.080811,0.788818
0.499878,-0.287109,1.027344
-0.282349,-0.203247,0.816528
0.002075,0.103638,1.033447
0.285767,-0.486206,0.873779
-0.508667,0.058594,0.766357
0.466675,-0.225830,1.029419
-0.195190,-0.220947,0.835938
-0.068237,0.137085,1.019043
0.353516,-0.472046,0.921875
-0.521851,0.042847,0.783447
0.414062,-0.162476,1.039062
-0.098877,-0.295898,0.834961
-0.140381,0.143066,0.995850
0.411133,-0.439697,0.964233
-0.506226,-0.005859,0.773560
0.369995,-0.117554,1.033813
-0.015869,-0.378784,0.803955
-0.220093,0.136597,0.947510
0.473877,-0.407593,0.993042
-0.483032,-0.083618,0.765503
0.299927,-0.064941,1.026001
0.041626,-0.437744,0.798950
-0.311523,0.146240,0.905151
0.505981,-0.367798,1.006836
-0.423218,-0.135132,0.780518
0.212280,-0.013672,1.029297
0.090820,-0.430298,0.809814
-0.383667,0.115234,0.847534
0.511475,-0.350220,1.010864
-0.375732,-0.174072,0.779419
0.127197,0.056885,1.036499
0.184204,-0.470947,0.832764
-0.449097,0.087158,0.805298
0.517456,-0.316284,1.027100
-0.320312,-0.205444,0.791260
0.037476,0.099609,1.036255
0.262817,-0.488525,0.868042
-0.492920,0.057007,0.775879
0.493408,-0.268921,1.031860
-0.249756,-0.227783,0.804688
-0.036621,0.154785,1.039185
0.339966,-0.481323,0.909912
-0.516846,0.062622,0.784180
0.448120,-0.210205,1.030884
-0.152344,-0.263550,0.820557
-0.098633,0.174194,1.022217
0.396240,-0.452515,0.951416
-0.519653,0.038940,0.785767
0.413452,-0.168091,1.043335
-0.070068,-0.341431,0.816528
-0.160645,0.163208,0.986572
0.439209,-0.430054,0.971680
-0.494507,-0.019897,0.789551
0.363281,-0.123901,1.039795
0.002686,-0.401123,0.817993
-0.236938,0.156860,0.946655
0.467285,-0.405884,0.984619
-0.464233,-0.091187,0.776733
0.307129,-0.077393,1.039551
0.051270,-0.431885,0.803223
-0.296509,0.140381,0.906738
0.502563,-0.384766,0.997314
-0.437622,-0.140747,0.772095
0.249268,-0.029175,1.036865
0.076538,-0.434082,0.800537
-0.341309,0.124512,0.874023
0.520874,-0.352783,1.014771
-0.418213,-0.170898,0.756104
0.191162,0.009155,1.051514
0.116699,-0.444214,0.815186
-0.404053,0.126099,0.847168
0.528076,-0.325806,1.023071
-0.373413,-0.179688,0.774536
0.125977,0.070435,1.044800
0.188477,-0.469116,0.833252
-0.434570,0.073730,0.799072
0.519653,-0.311035,1.028809
-0.317017,-0.191406,0.800049
0.064209,0.099731,1.050537
0.255493,-0.466553,0.876465
-0.474854,0.061646,0.782227
0.490356,-0.264771,1.039185
-0.253906,-0.218506,0.811279
-0.003296,0.135742,1.046143
0.308838,-0.461792,0.903687
-0.506226,0.079468,0.780396
0.470581,-0.230103,1.037964
-0.175537,-0.253174,0.826416
-0.064819,0.147461,1.028564
0.367432,-0.446655,0.945557
-0.514038,0.050659,0.777954
0.428833,-0.172974,1.047974
-0.092773,-0.311035,0.830322
-0.121460,0.150024,1.004028
0.420288,-0.431030,0.970459
-0.501221,0.010986,0.782593
0.383301,-0.127197,1.049072
-0.018555,-0.377197,0.816284
-0.203003,0.127319,0.952393
0.468750,-0.407715,0.994629
-0.472290,-0.061157,0.771729
0.327271,-0.071289,1.047974
0.039795,-0.419067,0.807861
-0.276367,0.130493,0.924927
0.509644,-0.387939,1.011841
-0.442383,-0.118896,0.774780
0.259766,-0.017090,1.040161
0.071045,-0.429077,0.806152
-0.339966,0.127563,0.882324
0.523438,-0.360596,1.029663
-0.402344,-0.157349,0.777466
0.181641,0.034180,1.043213
0.150879,-0.449951,0.827515
-0.410400,0.112793,0.846313
0.527344,-0.332764,1.033325
-0.336548,-0.195190,0.787842
0.091675,0.080688,1.043091
0.232788,-0.460449,0.863403
-0.465698,0.062012,0.793457
0.509155,-0.280273,1.038818
-0.266846,-0.232300,0.800781
0.007080,0.129639,1.042480
0.317505,-0.456543,0.904175
-0.500366,0.061523,0.787476
0.465576,-0.225342,1.051025
-0.165894,-0.258545,0.835449
-0.074585,0.153809,1.030151
0.378174,-0.441040,0.943481
-0.502319,0.037354,0.788818
0.426880,-0.158203,1.043213
-0.060303,-0.338989,0.829346
-0.159546,0.149536,0.990967
0.438599,-0.419678,0.980713
-0.480225,-0.026733,0.785522
0.362915,-0.104736,1.052734
0.020508,-0.408325,0.819702
-0.251343,0.136963,0.945435
0.488037,-0.385986,1.002563
-0.436646,-0.111572,0.770874
0.282227,-0.024780,1.049316
0.075195,-0.425903,0.813965
-0.325562,0.136353,0.900635
0.519287,-0.353271,1.029419
-0.399048,-0.167236,0.768066
0.185669,0.035889,1.053955
0.149536,-0.441528,0.834351
-0.402466,0.116577,0.846069
0.528198,-0.325317,1.034058
-0.338379,-0.219849,0.770874
0.078613,0.088745,1.039062
0.251099,-0.473999,0.866699
-0.457886,0.074707,0.798950
0.506714,-0.267700,1.046753
-0.250488,-0.230225,0.810303
-0.012085,0.135010,1.043457
0.335938,-0.472046,0.913574
-0.500610,0.062378,0.799194
0.456909,-0.197754,1.057861
-0.151489,-0.245972,0.842651
-0.096313,0.141235,1.013916
0.398682,-0.449951,0.957642
-0.486328,0.002563,0.792358
0.411377,-0.122070,1.059814
-0.037720,-0.329346,0.835815
-0.183472,0.159546,0.979736
0.453857,-0.429932,0.975830
-0.458984,-0.069214,0.776489
0.340576,-0.082153,1.053467
0.047363,-0.404297,0.826294
-0.269897,0.159912,0.936768
0.499390,-0.383667,1.009033
-0.431274,-0.127441,0.776978
0.263916,-0.028442,1.049316
0.093262,-0.416138,0.825439
-0.347290,0.140015,0.889526
0.527100,-0.357544,1.026001
-0.393433,-0.178467,0.767456
0.163574,0.044189,1.047607
0.185059,-0.447876,0.845459
-0.405762,0.104492,0.839722
0.529419,-0.318848,1.041382
-0.335327,-0.209961,0.791016
0.079590,0.071777,1.045654
0.255127,-0.471680,0.875977
-0.458740,0.066650,0.793213
0.502441,-0.252808,1.060547
-0.241699,-0.205200,0.830933
-0.007568,0.145142,1.057739
0.330078,-0.476440,0.911499
-0.490356,0.035400,0.787720
0.467529,-0.214233,1.062988
-0.169312,-0.238770,0.843384
-0.073120,0.151855,1.032104
0.389893,-0.468018,0.943604
-0.494507,0.035889,0.804199
0.432007,-0.178223,1.056763
-0.074829,-0.318848,0.841675
-0.132324,0.156494,1.006226
0.429810,-0.430420,0.969360
-0.481201,-0.021606,0.792358
0.391724,-0.122437,1.064819
-0.004761,-0.386963,0.819458
-0.206665,0.160034,0.970093
0.483154,-0.403809,0.999512
-0.454468,-0.073975,0.779419
0.335938,-0.074585,1.057861
0.051392,-0.416504,0.825928
-0.274658,0.132202,0.930664
0.509155,-0.386353,1.011963
-0.424438,-0.123413,0.783691
0.269531,-0.007080,1.059326
0.081787,-0.409668,0.829590
-0.337891,0.136353,0.905518
0.528809,-0.370361,1.026367
-0.400269,-0.165771,0.775757
0.212402,0.038696,1.070679
0.150879,-0.434204,0.848633
-0.401855,0.132324,0.877075
0.538330,-0.351440,1.036621
-0.366455,-0.203491,0.766602
0.138550,0.072266,1.058472
0.225952,-0.450928,0.863525
-0.430664,0.085693,0.824463
0.523315,-0.321289,1.035522
-0.305786,-0.234009,0.783813
0.069702,0.106689,1.052612
0.285034,-0.458252,0.891724
-0.471436,0.073730,0.808716
0.505493,-0.288818,1.038086
-0.255981,-0.243286,0.806763
0.001953,0.131958,1.056274
0.345947,-0.443481,0.931885
-0.486450,0.076904,0.812988
0.466797,-0.213501,1.059204
-0.179077,-0.244019,0.846313
-0.057861,0.137451,1.038086
0.389771,-0.437866,0.960571
-0.484131,0.046387,0.806396
0.430664,-0.150269,1.066528
-0.083130,-0.287476,0.853882
-0.124146,0.129272,1.006226
0.424072,-0.427124,0.972534
-0.474731,-0.010010,0.787720
0.399902,-0.102905,1.072144
-0.003174,-0.353882,0.844238
-0.193970,0.149780,0.982056
0.467896,-0.419800,0.993652
-0.453003,-0.070068,0.780640
0.347412,-0.053101,1.078491
0.044678,-0.398071,0.833984
-0.254150,0.143677,0.953735
0.503906,-0.394653,1.012817
-0.431885,-0.113525,0.786499
0.297729,-0.020752,1.066406
0.082031,-0.400635,0.847656
-0.314697,0.145386,0.922729
0.520142,-0.378052,1.027832
-0.410156,-0.173218,0.773560
0.235229,0.022217,1.074463
0.135986,-0.403076,0.858398
-0.377563,0.145874,0.887939
0.535156,-0.346191,1.038818
-0.360596,-0.204834,0.780151
0.148315,0.055786,1.055298
0.212280,-0.426514,0.882812
-0.415527,0.091064,0.831299
0.533325,-0.315918,1.049927
-0.311646,-0.217529,0.793457
0.076416,0.094116,1.056885
0.290894,-0.451660,0.904175
-0.458496,0.075562,0.809692
0.505615,-0.274292,1.049805
-0.237915,-0.250244,0.813965
-0.003662,0.127563,1.047974
0.346924,-0.451416,0.935303
-0.482422,0.067261,0.805420
0.475464,-0.205688,1.064575
-0.141968,-0.259766,0.852539
-0.082520,0.148315,1.026001
0.406128,-0.427246,0.973022
-0.467529,0.022583,0.804443
0.416260,-0.108765,1.073853
-0.040161,-0.322754,0.860107
-0.157959,0.142578,0.997681
0.457031,-0.433594,0.990234
-0.464844,-0.042603,0.785889
0.367188,-0.064453,1.072998
0.048950,-0.375977,0.845459
-0.240112,0.157104,0.961182
0.500122,-0.405518,1.014404
-0.428467,-0.125854,0.776611
0.295898,-0.010010,1.069946
0.070435,-0.372192,0.850342
-0.315186,0.157593,0.933228
0.534180,-0.381836,1.029541
-0.397583,-0.184204,0.769165
0.206909,0.041626,1.062134
0.169067,-0.405151,0.867432
-0.384521,0.130737,0.878174
0.541748,-0.342285,1.044312
-0.343872,-0.229248,0.780640
0.121826,0.073608,1.057007
0.255981,-0.436890,0.891235
-0.440918,0.092041,0.823120
0.527222,-0.284302,1.049683
-0.242432,-0.240234,0.816528
0.027954,0.116821,1.065430
0.328857,-0.450928,0.922974
-0.476807,0.057373,0.797119
0.489258,-0.217041,1.066528
-0.170410,-0.258301,0.831909
-0.055420,0.150024,1.045654
0.400757,-0.439453,0.964966
-0.473389,0.030762,0.812988
0.444946,-0.142822,1.075684
-0.074951,-0.303955,0.843994
-0.132080,0.165283,1.019775
0.458496,-0.418213,0.998169
-0.463867,-0.028809,0.791260
0.382568,-0.079224,1.073120
0.027710,-0.380371,0.837769
-0.213867,0.163574,0.980103
0.497070,-0.380127,1.022461
-0.427734,-0.109497,0.787842
0.315674,-0.042236,1.070679
0.069580,-0.403687,0.835205
-0.297119,0.146484,0.935425
0.501709,-0.317749,1.006226
-0.387207,-0.158447,0.789917
0.059448,0.096436,1.028076
0.160889,-0.419922,0.857178
-0.490356,0.077881,0.760498
0.484253,-0.272095,1.021729
-0.269775,-0.221436,0.794312
-0.041504,0.122437,1.014404
0.304199,-0.464111,0.887939
-0.520996,0.059082,0.771606
0.442139,-0.216919,1.026001
-0.158081,-0.261353,0.815308
-0.124390,0.156494,0.988037
0.376831,-0.448730,0.931885
-0.512207,0.021606,0.774658
0.390137,-0.139648,1.026855
-0.056152,-0.348755,0.811523
-0.214355,0.163818,0.948242
0.435791,-0.423218,0.952393
-0.496460,-0.063354,0.761230
0.316040,-0.082275,1.031738
0.025391,-0.408936,0.798828
-0.302490,0.149292,0.895996
0.475098,-0.412720,0.971802
-0.463379,-0.109741,0.774536
0.243896,-0.028198,1.032715
0.071289,-0.426880,0.788818
-0.373779,0.143799,0.858032
0.496582,-0.372314,0.987061
-0.420044,-0.159180,0.770264
0.155518,0.004761,1.014648
0.127686,-0.439697,0.812866
-0.438110,0.126953,0.824341
0.505493,-0.316406,1.014771
-0.367554,-0.199585,0.762329
0.066528,0.062500,1.018677
0.225220,-0.491699,0.835205
-0.478760,0.078369,0.767456
0.485718,-0.276978,1.012329
-0.296631,-0.178833,0.794678
-0.009644,0.121216,1.022705
0.291992,-0.503662,0.873901
-0.511108,0.052856,0.761353
0.453369,-0.238525,1.022827
-0.223633,-0.201660,0.816895
-0.072632,0.143555,1.007202
0.349487,-0.470215,0.910889
-0.524902,0.041504,0.783325
0.426270,-0.183960,1.035034
-0.141235,-0.264771,0.823364
-0.131592,0.167480,0.992676
0.391968,-0.454712,0.936523
-0.521973,0.013550,0.782104
0.394409,-0.152222,1.032837
-0.065308,-0.325195,0.828857
-0.195435,0.178955,0.972778
0.425781,-0.425293,0.960205
-0.508545,-0.026611,0.771973
0.351685,-0.126221,1.027222
-0.010864,-0.403931,0.798950
-0.243164,0.175903,0.937988
0.457153,-0.423096,0.955566
-0.494629,-0.068604,0.756592
0.313965,-0.085693,1.027222
0.026978,-0.422852,0.797974
-0.288208,0.163086,0.905518
0.482422,-0.391724,0.975342
-0.470337,-0.118896,0.758423
0.257324,-0.045532,1.028442
0.060913,-0.449097,0.786255
-0.333984,0.136841,0.877686
0.499756,-0.384888,0.990112
-0.465210,-0.124512,0.753662
0.218018,-0.025391,1.024414
0.094238,-0.464478,0.792725
-0.367676,0.130249,0.864136
0.504150,-0.358032,0.997681
-0.436890,-0.141479,0.768311
0.166138,0.011230,1.021606
0.120117,-0.466309,0.811157
-0.403809,0.124146,0.843384
0.506714,-0.333984,1.011108
-0.406982,-0.163086,0.768188
0.119995,0.041992,1.023926
0.166870,-0.462280,0.821655
-0.435425,0.096313,0.818970
0.514038,-0.311523,1.021606
-0.371582,-0.190186,0.768921
0.064331,0.079102,1.022583
0.225830,-0.494873,0.837280
-0.463989,0.072388,0.788818
0.500000,-0.289551,1.025146
-0.320679,-0.194946,0.796143
0.022461,0.105591,1.026611
0.262939,-0.483643,0.854980
-0.481201,0.058350,0.777466
0.482178,-0.275024,1.030762
-0.278687,-0.211304,0.801636
-0.019043,0.118652,1.020142
0.284790,-0.481445,0.870850
-0.504639,0.055786,0.778687
0.469482,-0.248413,1.030762
-0.226929,-0.227661,0.813599
-0.050537,0.130493,1.017090
0.321289,-0.473511,0.896851
-0.514771,0.050903,0.779175
0.450073,-0.211792,1.044312
-0.191284,-0.228271,0.821655
-0.084473,0.142456,1.014160
0.353271,-0.470581,0.915283
-0.527344,0.062134,0.787964
0.436279,-0.194092,1.042480
-0.134521,-0.272461,0.831055
-0.128906,0.172485,1.004395
0.386230,-0.466431,0.935059
-0.515381,0.043945,0.791382
0.414551,-0.161011,1.046265
-0.090332,-0.326782,0.807983
-0.159668,0.165649,0.994263
0.412842,-0.447754,0.947021
-0.517456,0.027100,0.783203
0.386108,-0.133667,1.033936
-0.042358,-0.354980,0.820068
-0.189941,0.149536,0.961914
0.434082,-0.443970,0.947510
-0.508423,-0.004517,0.779419
0.363037,-0.121582,1.037842
-0.004028,-0.393311,0.813232
-0.223389,0.143066,0.953247
0.446411,-0.425293,0.963257
-0.490967,-0.042969,0.762207
0.330933,-0.081421,1.042847
0.025391,-0.407715,0.804199
-0.256958,0.130859,0.920410
0.466431,-0.405518,0.970215
-0.490601,-0.081665,0.753540
0.303589,-0.051758,1.032471
0.051514,-0.422729,0.797607
-0.292725,0.130005,0.907104
0.485474,-0.405884,0.979492
-0.468628,-0.105713,0.762207
0.272583,-0.035156,1.034790
0.069824,-0.433960,0.800537
-0.328125,0.142334,0.894165
0.497314,-0.388916,0.990479
-0.448242,-0.139038,0.755981
0.231934,-0.023682,1.024658
0.097900,-0.442261,0.803589
-0.352661,0.142944,0.871704
0.500732,-0.363159,0.997437
-0.425171,-0.147217,0.757324
0.199585,0.006836,1.034302
0.114380,-0.445923,0.817139
-0.394043,0.123657,0.848633
0.500732,-0.343140,0.999390
-0.401489,-0.170288,0.762329
0.169800,0.029297,1.044800
0.143677,-0.461792,0.824585
-0.427979,0.126831,0.832397
0.515137,-0.334717,1.004272
-0.385254,-0.189941,0.760498
0.129272,0.055420,1.048584
0.188477,-0.465942,0.838989
-0.442017,0.102051,0.809937
0.507568,-0.320557,1.006470
-0.353638,-0.188110,0.773682
0.085571,0.082031,1.041260
0.230103,-0.481567,0.850342
-0.462158,0.081055,0.800537
0.499390,-0.309448,1.011230
-0.327271,-0.209473,0.784180
0.062256,0.095703,1.044189
0.257812,-0.470581,0.869995
-0.481079,0.069336,0.782104
0.487183,-0.291504,1.013916
-0.295898,-0.229248,0.786011
0.018921,0.111572,1.034546
0.283447,-0.464722,0.887695
-0.490967,0.073608,0.786255
0.481567,-0.271729,1.027222
-0.262573,-0.233521,0.803711
-0.021362,0.121460,1.018311
0.317261,-0.472168,0.897461
-0.496216,0.078735,0.789673
0.467163,-0.238159,1.034302
-0.213257,-0.223877,0.823242
-0.052002,0.135620,1.017578
0.338745,-0.474976,0.902710
-0.501099,0.070312,0.794556
0.458496,-0.208984,1.045776
-0.169189,-0.243286,0.831299
-0.089355,0.144775,1.009766
0.365723,-0.463379,0.917603
-0.502075,0.042114,0.786987
0.441040,-0.178467,1.057007
-0.128052,-0.274658,0.820801
-0.119507,0.150635,0.995728
0.393799,-0.459351,0.933228
-0.507324,0.025879,0.790527
0.428833,-0.150879,1.057617
-0.102173,-0.302490,0.822021
-0.160034,0.150513,0.985474
0.428345,-0.454956,0.947632
-0.499512,0.007690,0.783569
0.395996,-0.119629,1.044434
-0.050293,-0.333130,0.820557
-0.186279,0.152832,0.970337
0.441162,-0.448853,0.960205
-0.495239,-0.020630,0.774170
0.367310,-0.085571,1.057983
-0.009644,-0.359497,0.823486
-0.218140,0.152222,0.961182
0.452637,-0.447876,0.962158
-0.488647,-0.058838,0.770874
0.351562,-0.073242,1.055542
0.024658,-0.385986,0.823730
-0.243164,0.145996,0.944824
0.464478,-0.429443,0.974365
-0.477539,-0.082520,0.759155
0.325562,-0.050537,1.052490
0.034790,-0.393799,0.810425
-0.267944,0.135010,0.918335
0.476807,-0.409912,0.977905
-0.468628,-0.096436,0.763794
0.301880,-0.046997,1.045654
0.057983,-0.398315,0.820312
-0.298218,0.142090,0.911621
0.496460,-0.411987,0.981689
-0.464478,-0.112427,0.763306
0.263062,-0.022949,1.035156
0.087524,-0.416260,0.816040
-0.334351,0.140625,0.896240
0.500977,-0.382202,1.000000
-0.444702,-0.141846,0.749390
0.222778,0.005005,1.035400
0.094849,-0.410767,0.823853
-0.367310,0.147339,0.889404
0.516724,-0.389893,1.002686
-0.425903,-0.169434,0.756104
0.175659,0.027344,1.033936
0.132080,-0.429565,0.834961
-0.394287,0.141602,0.858887
0.517944,-0.358521,1.012451
-0.394287,-0.197388,0.758179
0.128296,0.053711,1.030151
0.180908,-0.451172,0.836304
-0.423584,0.113647,0.842896
0.528809,-0.338501,1.025757
-0.365967,-0.214966,0.762817
0.086548,0.092651,1.040161
0.230225,-0.477051,0.846680
-0.448120,0.102539,0.814941
0.516113,-0.329224,1.019775
-0.318359,-0.212891,0.792847
0.048828,0.092529,1.028320
0.257202,-0.465088,0.865234
-0.475830,0.068481,0.786255
0.506104,-0.296631,1.028809
-0.273682,-0.250244,0.801392
-0.005493,0.125122,1.029541
0.293335,-0.463867,0.885986
-0.490112,0.057007,0.779053
0.484863,-0.265015,1.037720
-0.226685,-0.240112,0.821777
-0.042358,0.141846,1.032715
0.329712,-0.457886,0.906250
-0.508545,0.067139,0.786621
0.458374,-0.217773,1.049927
-0.179810,-0.262817,0.827148
-0.076660,0.141357,1.016846
0.363770,-0.450439,0.924194
-0.507690,0.065063,0.795044
0.435181,-0.169189,1.045166
-0.118774,-0.275391,0.836792
-0.115845,0.140137,0.998901
0.395508,-0.437988,0.947632
-0.495483,0.023315,0.781616
0.410889,-0.133301,1.046387
-0.053101,-0.313721,0.834717
-0.171875,0.138550,0.979004
0.425903,-0.430298,0.958252
-0.491943,-0.035278,0.776367
0.363525,-0.097412,1.053589
0.001587,-0.375610,0.819946
-0.230469,0.148926,0.945679
0.463135,-0.432495,0.971802
-0.466064,-0.076660,0.772827
0.326294,-0.065308,1.049805
0.045044,-0.411865,0.806641
-0.292358,0.146851,0.923950
0.487183,-0.401001,0.984863
-0.443848,-0.118652,0.774780
0.267334,-0.028320,1.046143
0.076782,-0.422852,0.820801
-0.351440,0.130981,0.881348
0.511597,-0.379272,1.007690
-0.421387,-0.158936,0.768188
0.203125,0.035400,1.051392
0.122925,-0.418091,0.831787
-0.396118,0.137329,0.863403
0.519653,-0.362305,1.020142
-0.387695,-0.201416,0.759399
0.134521,0.052002,1.039307
0.185303,-0.449585,0.845093
-0.424561,0.100342,0.824341
0.519287,-0.326782,1.022461
-0.342896,-0.201904,0.780029
0.074707,0.078003,1.035889
0.245239,-0.469482,0.867310
-0.455200,0.058960,0.787109
0.491333,-0.298828,1.021606
-0.292114,-0.212402,0.800659
0.022095,0.096069,1.030640
0.300415,-0.483032,0.888184
-0.476685,0.058838,0.782959
0.468750,-0.250122,1.031372
-0.240845,-0.220947,0.820557
-0.027344,0.114014,1.028564
0.339966,-0.481689,0.910278
-0.496094,0.064453,0.793701
0.447754,-0.197144,1.038574
-0.164917,-0.254272,0.829956
-0.077759,0.136475,1.017944
0.381104,-0.460938,0.934326
-0.502563,0.049072,0.787476
0.426025,-0.161621,1.051270
-0.115967,-0.280396,0.828613
-0.127563,0.141235,1.001343
0.418579,-0.460205,0.950562
-0.505371,0.011475,0.782959
0.401733,-0.128418,1.047241
-0.054688,-0.328125,0.825195
-0.174438,0.149292,0.974243
0.443115,-0.443604,0.967529
-0.481689,-0.047119,0.779053
0.365479,-0.099121,1.058716
-0.017090,-0.362549,0.816040
-0.223267,0.155396,0.960327
0.474365,-0.434448,0.984131
-0.473267,-0.076294,0.771973
0.332397,-0.068604,1.052734
0.032837,-0.394043,0.815186
-0.261841,0.152588,0.933594
0.490601,-0.419678,0.997314
-0.457031,-0.119019,0.766479
0.302734,-0.051514,1.051025
0.060425,-0.409180,0.812622
-0.286133,0.155273,0.919189
0.501953,-0.405396,0.996216
-0.444702,-0.138428,0.757812
0.271973,-0.047363,1.040527
0.082520,-0.424316,0.808838
-0.325562,0.157593,0.906250
0.516235,-0.373657,1.005737
-0.422729,-0.157227,0.768921
0.232544,-0.026367,1.039185
0.097778,-0.447632,0.800781
-0.355591,0.151245,0.887573
0.524902,-0.366821,1.012939
-0.411499,-0.165405,0.771118
0.191650,0.001221,1.038208
0.122925,-0.444336,0.816895
-0.376465,0.143921,0.868530
0.524658,-0.345337,1.019287
-0.397705,-0.166626,0.777222
0.172729,0.016724,1.039062
-0.406128,0.124023,0.851440
-0.424927,0.108276,0.833130
-0.354004,-0.182495,0.781738
0.107056,0.057861,1.039185
0.219849,-0.483765,0.850342
-0.433350,0.068237,0.808960
0.510010,-0.312622,1.022705
-0.333374,-0.176025,0.794434
0.093628,0.070557,1.046753
0.239014,-0.479858,0.864258
-0.440918,0.066284,0.805664
0.506226,-0.302612,1.028198
-0.321167,-0.193237,0.797119
0.082275,0.087036,1.045410
0.257690,-0.477051,0.874878
-0.448120,0.056519,0.803223
0.501343,-0.307861,1.029053
-0.317749,-0.228760,0.782104
0.053101,0.091919,1.042236
0.277954,-0.471191,0.877441
-0.459595,0.068604,0.795532
0.505005,-0.297363,1.028198
-0.289185,-0.218628,0.807617
0.035889,0.110474,1.044434
0.286743,-0.472778,0.879883
-0.454590,0.068481,0.798340
0.493652,-0.267456,1.046997
-0.268188,-0.205322,0.824463
0.012573,0.094727,1.032227
0.298096,-0.494751,0.880859
-0.473511,0.062866,0.782959
0.495483,-0.256470,1.039307
-0.240356,-0.200562,0.831787
-0.010498,0.097412,1.034302
0.317871,-0.510498,0.886597
-0.491821,0.062622,0.788452
0.490723,-0.234497,1.045410
-0.217896,-0.198364,0.833496
-0.030518,0.131104,1.035889
0.332886,-0.502930,0.893311
-0.492065,0.048462,0.783569
0.467529,-0.217529,1.045776
-0.201050,-0.206055,0.831909
-0.035645,0.127563,1.033447
0.350464,-0.484009,0.912964
-0.506836,0.069458,0.791992
0.464722,-0.210571,1.049072
-0.175415,-0.232056,0.838013
-0.053955,0.137329,1.032593
0.361572,-0.475952,0.914551
-0.509766,0.067383,0.792358
0.457520,-0.194092,1.054321
-0.161987,-0.226685,0.830933
-0.071533,0.154785,1.027466
0.375000,-0.469116,0.929932
-0.500000,0.043579,0.797729
0.450073,-0.184814,1.059204
-0.138306,-0.263550,0.842529
-0.092041,0.148560,1.023682
0.392334,-0.464600,0.943237
-0.512939,0.056030,0.791382
0.446533,-0.173950,1.061279
-0.106689,-0.292603,0.834351
-0.120361,0.165649,1.025146
0.401245,-0.468628,0.939575
-0.512451,0.041626,0.795654
0.434570,-0.156982,1.063232
-0.081543,-0.283081,0.845947
-0.134766,0.163452,1.011475
0.412231,-0.461304,0.945557
-0.492188,0.013184,0.787476
0.421875,-0.144043,1.054443
-0.069336,-0.312866,0.836670
-0.145874,0.165527,1.000610
0.424072,-0.456909,0.952148
-0.487549,-0.008667,0.790161
0.416382,-0.123657,1.063965
-0.047119,-0.323853,0.828003
-0.181763,0.164429,0.987183
0.441528,-0.444824,0.956787
-0.478271,-0.030884,0.784180
0.388550,-0.098877,1.071167
-0.026489,-0.343140,0.828003
-0.184814,0.147339,0.973755
0.449585,-0.440186,0.968872
-0.487183,-0.054443,0.770996
0.372681,-0.099731,1.064697
0.016602,-0.390869,0.831543
-0.220703,0.149292,0.960693
0.459473,-0.426025,0.972168
-0.475708,-0.078613,0.762207
0.349487,-0.078491,1.064453
0.033813,-0.399048,0.827026
-0.240845,0.137817,0.950684
0.476807,-0.405396,0.993408
-0.476807,-0.086548,0.757812
0.335205,-0.066040,1.056519
0.042725,-0.399536,0.832275
-0.260620,0.150024,0.942993
0.488647,-0.400269,0.995239
-0.461182,-0.110107,0.763062
0.307495,-0.050293,1.046997
0.060059,-0.419067,0.822388
-0.297485,0.151855,0.926880
0.501587,-0.388306,0.998901
-0.437988,-0.120972,0.777222
0.270264,-0.040771,1.044067
0.078613,-0.429565,0.807617
-0.324951,0.146362,0.904053
0.505981,-0.361572,1.010132
-0.426147,-0.131592,0.777100
0.244751,-0.007446,1.054688
0.103882,-0.421997,0.832031
-0.362671,0.134521,0.884644
0.514038,-0.366089,1.016846
-0.415405,-0.171875,0.758911
0.194702,0.034424,1.049683
0.146362,-0.428345,0.844971
-0.389648,0.125732,0.860229
0.520630,-0.349243,1.027100
-0.387817,-0.183472,0.766846
0.156372,0.042236,1.048584
0.187744,-0.441284,0.860718
-0.417236,0.096069,0.835938
0.522705,-0.340454,1.022095
-0.349609,-0.215210,0.773193
0.095459,0.085083,1.056641
0.240601,-0.451904,0.873779
-0.441162,0.082153,0.811768
0.515747,-0.310303,1.030273
-0.309814,-0.235229,0.787231
0.041016,0.093506,1.041016
0.286621,-0.478882,0.887329
-0.465942,0.064819,0.803833
0.491821,-0.253540,1.045044
-0.259888,-0.203857,0.821167
-0.006836,0.121948,1.041626
0.328857,-0.493530,0.892944
-0.488770,0.064453,0.795532
0.472778,-0.216797,1.051758
-0.192017,-0.228271,0.832031
-0.050293,0.124512,1.030273
0.360474,-0.494263,0.917114
-0.506592,0.054565,0.789795
0.462524,-0.182983,1.059570
-0.137573,-0.256470,0.830322
-0.098389,0.158813,1.019409
0.395752,-0.467285,0.933960
-0.502930,0.028076,0.789917
0.429199,-0.144165,1.063477
-0.076782,-0.292114,0.842163
-0.134033,0.134033,0.995605
0.420288,-0.451050,0.955566
-0.495850,-0.015137,0.777588
0.397461,-0.118896,1.064453
-0.019287,-0.346802,0.829102
-0.186890,0.160767,0.980347
0.450806,-0.427734,0.973999
-0.485229,-0.043091,0.777222
0.363647,-0.109863,1.046143
0.027100,-0.394043,0.827637
-0.241089,0.158569,0.949463
0.483032,-0.391479,0.997070
-0.463623,-0.098267,0.770752
0.322144,-0.066040,1.049805
0.057495,-0.411743,0.820435
-0.284180,0.153442,0.931641
0.498047,-0.373413,1.010254
-0.445557,-0.134033,0.770142
0.283325,-0.045044,1.048340
0.081543,-0.424194,0.820190
-0.324341,0.163940,0.916382
0.511108,-0.364868,1.011841
-0.418945,-0.154663,0.772827
0.235840,-0.026367,1.032837
0.106323,-0.423584,0.823364
-0.350464,0.145386,0.893799
0.517090,-0.344482,1.019775
-0.401367,-0.154785,0.777710
0.192871,0.014160,1.052612
0.144775,-0.442505,0.842773
-0.389282,0.128174,0.861450
0.524414,-0.334106,1.025635
-0.384521,-0.180420,0.772705
0.156494,0.050293,1.056030
0.190674,-0.452515,0.854858
-0.414185,0.098999,0.835571
0.521606,-0.331421,1.028931
-0.346924,-0.204590,0.777344
0.111206,0.078979,1.053833
0.235352,-0.462524,0.864014
-0.442627,0.091553,0.807007
0.521606,-0.325439,1.031128
-0.321289,-0.220947,0.792603
0.074097,0.087524,1.052002
0.273438,-0.468506,0.884521
-0.465332,0.088989,0.800659
0.504272,-0.294189,1.031982
-0.287476,-0.231567,0.793335
0.036133,0.107178,1.051270
0.304077,-0.481567,0.893799
-0.473145,0.073853,0.796387
0.502930,-0.283203,1.040405
-0.261475,-0.227295,0.805054
-0.007935,0.138062,1.044922
0.328125,-0.479980,0.897583
-0.486938,0.058594,0.789673
0.490967,-0.247681,1.053223
-0.232056,-0.218384,0.820679
-0.035889,0.152588,1.038696
0.344727,-0.482544,0.906006
-0.483765,0.040649,0.795776
0.480957,-0.224121,1.059082
-0.193848,-0.223633,0.834839
-0.056030,0.157715,1.025757
0.363770,-0.492432,0.913086
-0.497925,0.046997,0.797119
0.464600,-0.198486,1.057495
-0.178101,-0.220093,0.837158
-0.073608,0.150879,1.029907
0.378784,-0.482300,0.926392
-0.502197,0.040405,0.798706
0.453857,-0.188477,1.069214
-0.164795,-0.236084,0.831543
-0.083862,0.164551,1.028198
0.395996,-0.472900,0.933960
-0.506104,0.050171,0.797241
0.457031,-0.200562,1.050537
-0.138672,-0.263184,0.834595
-0.102905,0.161743,1.016235
0.394653,-0.460327,0.938843
-0.505371,0.048096,0.797241
0.453857,-0.192871,1.064941
-0.110107,-0.284668,0.835938
-0.129639,0.170288,1.012817
0.414429,-0.464478,0.950806
-0.497559,0.018188,0.798096
0.437622,-0.158447,1.070312
-0.077393,-0.317139,0.831909
-0.145630,0.168823,1.005615
0.427124,-0.454956,0.953735
-0.501831,0.010742,0.795532
0.424316,-0.146606,1.064697
-0.055542,-0.340942,0.831787
-0.170166,0.159424,0.986328
0.442017,-0.433838,0.963013
-0.488647,-0.019043,0.787842
0.401733,-0.118164,1.069702
-0.020264,-0.351440,0.838135
-0.192017,0.140625,0.971436
0.454346,-0.437622,0.975098
-0.478027,-0.027588,0.784302
0.366699,-0.101562,1.059814
0.018921,-0.385620,0.836060
-0.228516,0.133179,0.951416
0.469360,-0.409668,0.984985
-0.471680,-0.062988,0.774170
0.348022,-0.076538,1.059204
0.042725,-0.408691,0.830078
-0.264404,0.136841,0.940552
0.494629,-0.399658,0.997437
-0.447510,-0.094604,0.778198
0.305786,-0.044922,1.054443
0.070190,-0.399902,0.825928
-0.296753,0.141846,0.921387
0.497314,-0.387085,1.002319
-0.439941,-0.127197,0.768799
0.269287,-0.019165,1.050903
0.087891,-0.409058,0.822998
-0.331543,0.132202,0.895264
0.510132,-0.360352,1.017944
-0.422241,-0.158936,0.765991
0.212280,0.001953,1.044678
0.120972,-0.420532,0.833130
-0.372803,0.132446,0.869507
0.513794,-0.337646,1.028076
-0.381958,-0.163330,0.784058
0.156128,0.040649,1.041870
0.174072,-0.455444,0.846313
-0.407471,0.104126,0.838867
0.523560,-0.312988,1.043091
-0.360718,-0.183228,0.777588
0.109131,0.081787,1.042236
0.228149,-0.484375,0.854370
-0.541260,0.076050,0.761841
0.463989,-0.248413,1.019775
-0.224609,-0.236206,0.796143
-0.088379,0.165527,0.998657
0.321289,-0.471313,0.885254
-0.550781,0.075684,0.771484
0.438721,-0.209229,1.026978
-0.162964,-0.264648,0.801880
-0.131836,0.158936,0.974487
0.356445,-0.452515,0.900635
-0.546997,0.067871,0.782837
0.408203,-0.180786,1.022583
-0.108398,-0.317261,0.801514
-0.168823,0.156250,0.954468
0.380981,-0.428955,0.924561
-0.530518,0.028687,0.776855
0.383667,-0.153687,1.013062
-0.062988,-0.346069,0.806152
-0.207397,0.143677,0.926758
0.404785,-0.403809,0.935059
-0.530029,0.006958,0.764648
0.362305,-0.127930,1.013062
-0.028198,-0.390869,0.793701
-0.255249,0.140503,0.897705
0.420776,-0.395142,0.943848
-0.517578,-0.034790,0.770142
0.330811,-0.095337,1.028198
0.004761,-0.424316,0.783569
-0.289185,0.160156,0.890015
0.433472,-0.376831,0.945557
-0.504395,-0.037964,0.768188
0.302246,-0.086060,1.009888
0.026245,-0.434692,0.782593
-0.325562,0.133423,0.874512
0.443359,-0.366089,0.955200
-0.491699,-0.080200,0.746338
0.269897,-0.031738,1.026123
0.050415,-0.437622,0.777344
-0.343140,0.139404,0.858032
0.447266,-0.364502,0.952759
-0.484741,-0.086426,0.745117
0.256592,-0.026733,1.024780
0.056641,-0.444946,0.787231
-0.355591,0.131958,0.857544
0.454468,-0.360352,0.964844
-0.493774,-0.105957,0.735596
0.251099,-0.025757,1.028076
0.062866,-0.442871,0.792358
-0.376465,0.147949,0.850098
0.465332,-0.365356,0.962036
-0.489868,-0.108765,0.736694
0.226929,-0.017212,1.019531
0.079346,-0.428833,0.797363
-0.384155,0.145996,0.840210
0.467163,-0.369263,0.955200
-0.476318,-0.110962,0.746460
0.207397,-0.006592,1.005981
0.072266,-0.434448,0.787354
-0.386719,0.148560,0.848999
0.481567,-0.357422,0.974365
-0.481079,-0.119507,0.729370
0.187134,0.003052,1.017334
0.082275,-0.445312,0.799683
-0.403564,0.137207,0.835571
0.475830,-0.320679,0.981567
-0.452637,-0.127197,0.741577
0.156494,0.022339,1.008423
0.094116,-0.450928,0.792114
-0.416138,0.135376,0.827881
0.479736,-0.319336,0.984741
-0.435425,-0.115479,0.760620
0.138428,0.032715,1.007324
0.121582,-0.460938,0.789795
-0.432007,0.137207,0.811890
0.477661,-0.286743,0.991577
-0.415039,-0.164429,0.757812
0.112183,0.049927,1.018921
0.144897,-0.465454,0.812988
-0.448608,0.138794,0.806885
0.483154,-0.270752,1.004883
-0.396851,-0.159302,0.759277
0.079956,0.061890,1.019287
0.168945,-0.485474,0.807495
-0.471069,0.121338,0.790161
0.480835,-0.270630,1.003662
-0.369263,-0.141113,0.775635
0.050537,0.099487,1.019043
0.200317,-0.484253,0.824707
-0.483032,0.108765,0.780518
0.485229,-0.270264,1.004395
-0.358154,-0.171509,0.770630
0.027710,0.104248,1.018677
0.219238,-0.484131,0.837524
-0.500366,0.110474,0.770996
0.484741,-0.284180,0.990845
-0.306885,-0.210449,0.787354
-0.004761,0.122192,1.024048
0.232300,-0.469360,0.836426
-0.515625,0.107056,0.763062
0.483521,-0.277222,1.004517
-0.274292,-0.218384,0.802734
-0.026611,0.119507,1.013672
0.254761,-0.461792,0.848145
-0.536865,0.085693,0.745972
0.468628,-0.234497,1.015259
-0.228638,-0.211792,0.819214
-0.061157,0.134644,1.007568
0.284790,-0.479126,0.855713
-0.551147,0.078125,0.744629
0.444458,-0.216675,1.014893
-0.193970,-0.259888,0.811035
-0.084961,0.146973,1.003540
0.319214,-0.460571,0.887939
-0.554443,0.090698,0.761475
0.423584,-0.191406,1.008301
-0.127075,-0.297607,0.810791
-0.136230,0.145752,0.971436
0.358154,-0.442139,0.912842
-0.559326,0.075684,0.765137
0.396240,-0.149780,1.005859
-0.061157,-0.336426,0.799316
-0.194336,0.153931,0.949829
0.387939,-0.431396,0.926270
-0.539185,0.010498,0.755005
0.357300,-0.105225,1.001221
-0.014160,-0.368408,0.800781
-0.266724,0.145996,0.914062
0.425781,-0.408936,0.935181
-0.509399,-0.064209,0.739136
0.289307,-0.065308,1.005615
0.022705,-0.412231,0.779785
-0.329712,0.143555,0.873413
0.463379,-0.392334,0.965820
-0.482788,-0.132202,0.737671
0.199219,0.001343,1.007446
0.070557,-0.428955,0.777222
-0.394287,0.141602,0.844116
0.480225,-0.349121,0.973999
-0.433838,-0.169678,0.740234
0.113159,0.057373,1.010376
0.126099,-0.436523,0.796387
-0.469482,0.125854,0.803833
0.499878,-0.314453,1.002075
-0.354736,-0.193970,0.767944
0.002563,0.121948,1.011353
0.229492,-0.463989,0.831787
-0.513428,0.089111,0.764160
0.475220,-0.258423,1.022827
-0.240967,-0.232910,0.803711
-0.085205,0.149048,0.992065
0.304321,-0.451294,0.876831
-0.540527,0.072876,0.764893
0.426392,-0.173706,1.032593
-0.105713,-0.308228,0.811279
-0.175171,0.146973,0.955811
0.371094,-0.429199,0.915771
-0.528076,0.015259,0.758057
0.347778,-0.104736,1.011230
-0.015015,-0.392578,0.782837
-0.282715,0.143066,0.891479
0.439697,-0.396240,0.955200
-0.488892,-0.098511,0.744385
0.232666,-0.024658,0.991211
0.045532,-0.423584,0.770264
-0.395142,0.134644,0.841064
0.474609,-0.350952,0.975830
-0.410278,-0.162598,0.762817
0.113403,0.048584,1.001587
0.128052,-0.432129,0.809570
-0.487183,0.107544,0.786133
0.474854,-0.288574,0.998047
-0.303589,-0.213257,0.785889
-0.022827,0.136475,1.012695
0.262207,-0.453857,0.859253
-0.544312,0.070435,0.753784
0.429443,-0.208618,1.012451
-0.126099,-0.296631,0.816284
-0.147705,0.141968,0.955078
0.355347,-0.418823,0.920654
-0.527466,0.004150,0.754395
0.339233,-0.097168,1.011230
-0.004883,-0.390991,0.784790
-0.289673,0.131348,0.882080
0.440308,-0.385254,0.962524
-0.478882,-0.114380,0.740356
0.214111,-0.007935,1.009155
0.066528,-0.420288,0.775635
-0.422729,0.133545,0.824341
0.477173,-0.324097,0.985718
-0.375122,-0.202881,0.762939
0.039673,0.095581,1.010498
0.195068,-0.440918,0.830444
-0.509766,0.077759,0.761841
0.467041,-0.265625,1.007568
-0.223633,-0.230347,0.810425
-0.101807,0.154663,0.974243
0.322876,-0.418335,0.895508
-0.535034,0.058960,0.782227
0.386719,-0.154541,1.020996
-0.045898,-0.364502,0.800659
-0.231934,0.145752,0.915405
0.399902,-0.401245,0.934937
-0.507446,-0.055664,0.754883
0.283081,-0.072876,1.001099
0.038574,-0.435425,0.771362
-0.369019,0.129639,0.848389
0.460693,-0.353271,0.977173
-0.445190,-0.160767,0.742676
0.137695,0.039062,1.007568
0.116943,-0.431396,0.796143
-0.470459,0.119019,0.797485
0.467285,-0.300171,0.978149
-0.322998,-0.199463,0.784790
-0.005127,0.127686,1.013672
0.249512,-0.448730,0.857544
-0.535156,0.087524,0.758911
0.444946,-0.229126,1.009399
-0.145264,-0.286743,0.805176
-0.132568,0.146362,0.970825
0.350464,-0.415405,0.918091
-0.525635,0.032227,0.768188
0.371460,-0.125977,1.014648
-0.030151,-0.383179,0.780151
-0.267090,0.140137,0.894531
0.440918,-0.400757,0.947388
-0.485718,-0.090332,0.755615
0.244263,-0.016846,1.010986
0.043091,-0.430176,0.757568
-0.381470,0.111816,0.834351
0.474243,-0.363525,0.970337
-0.434814,-0.148926,0.758667
0.128662,0.053955,1.014282
0.125488,-0.432007,0.798706
-0.481323,0.128662,0.790771
0.479004,-0.311279,0.987061
-0.319946,-0.228516,0.775635
-0.005737,0.126709,1.007202
0.244385,-0.427734,0.865967
-0.528076,0.082642,0.754395
0.444824,-0.226562,1.007324
-0.167236,-0.300781,0.796875
-0.122925,0.147705,0.977173
0.340576,-0.430786,0.908203
-0.531128,0.055786,0.771118
0.386230,-0.139893,1.016235
-0.048950,-0.351318,0.798218
-0.227539,0.142090,0.910522
0.417725,-0.417358,0.934448
-0.514282,-0.052368,0.743042
0.288452,-0.062744,0.999756
0.031616,-0.421387,0.776489
-0.337280,0.132690,0.857300
0.464478,-0.364746,0.963135
-0.471191,-0.118530,0.748657
0.184204,0.015259,1.006836
0.090698,-0.449707,0.780640
-0.426758,0.123047,0.811768
0.474487,-0.300659,0.986816
-0.396118,-0.178223,0.748413
0.072388,0.087646,1.023804
0.187744,-0.467285,0.823120
-0.516968,0.107178,0.772217
0.472534,-0.263306,1.012329
-0.294189,-0.202881,0.779297
-0.036865,0.146851,1.002808
0.279541,-0.467529,0.868164
-0.545776,0.055542,0.752930
0.442383,-0.229004,1.010376
-0.186157,-0.248657,0.801758
-0.113892,0.181396,0.988892
0.345093,-0.422729,0.910034
-0.535645,0.058350,0.778442
0.401245,-0.169800,1.020020
-0.082520,-0.341431,0.788208
-0.195801,0.168213,0.943481
0.401489,-0.402588,0.929932
-0.526489,0.013550,0.770630
0.342163,-0.121948,1.006836
-0.009277,-0.416748,0.785400
-0.280273,0.146851,0.889404
0.435059,-0.375732,0.952393
-0.482056,-0.077759,0.765137
0.264771,-0.050049,1.013672
0.048950,-0.463501,0.766846
-0.364136,0.141479,0.841431
0.467285,-0.364258,0.961792
-0.448608,-0.101074,0.765259
0.185059,0.001343,1.011719
0.083252,-0.440430,0.786255
-0.431152,0.134766,0.800171
0.481812,-0.339355,0.978882
-0.409302,-0.165894,0.766724
0.102539,0.073608,1.017578
0.148682,-0.443115,0.817139
-0.492554,0.114624,0.783691
0.479248,-0.302002,0.990112
-0.359619,-0.181519,0.770142
0.042725,0.118896,1.037109
0.227661,-0.450195,0.845215
-0.526611,0.106079,0.779297
0.468140,-0.279785,0.996338
-0.279419,-0.211914,0.794189
-0.031372,0.138794,1.001953
0.280884,-0.438843,0.874512
-0.541504,0.086548,0.762085
0.446167,-0.238525,1.006958
-0.196777,-0.245361,0.814453
-0.101196,0.153809,0.983521
0.318848,-0.413452,0.903320
-0.535522,0.075439,0.776245
0.416748,-0.193848,1.021973
-0.116699,-0.337158,0.796875
-0.162964,0.160522,0.956787
0.361450,-0.422485,0.911499
-0.529175,0.051392,0.779785
0.390747,-0.145142,1.019775
-0.067627,-0.359253,0.793091
-0.219238,0.148926,0.930298
0.410767,-0.438232,0.920166
-0.521851,-0.001099,0.761108
0.344849,-0.098633,1.014038
-0.013916,-0.393311,0.779175
-0.276123,0.149536,0.900879
0.430420,-0.423706,0.935547
-0.495605,-0.046631,0.760986
0.299438,-0.059326,1.011841
0.005615,-0.402466,0.757446
-0.319214,0.139038,0.865479
0.453857,-0.407471,0.947754
-0.491211,-0.075928,0.753296
0.258667,-0.031738,1.020264
0.037231,-0.425049,0.769165
-0.370972,0.130249,0.840332
0.472046,-0.389648,0.962524
-0.473633,-0.103882,0.759766
0.218018,0.002686,1.020264
0.058716,-0.428955,0.779907
-0.416016,0.136719,0.828003
0.485962,-0.376587,0.970337
-0.448364,-0.131958,0.751709
0.166504,0.036499,1.015137
0.091919,-0.446533,0.782471
-0.445190,0.123413,0.808472
0.486572,-0.367798,0.979980
-0.435669,-0.135742,0.758789
0.132324,0.071777,1.025879
0.121582,-0.426025,0.801880
-0.475708,0.135620,0.805664
0.478516,-0.342041,0.982910
-0.400513,-0.177734,0.760376
0.102905,0.090454,1.031372
0.155396,-0.443359,0.821655
-0.508301,0.144043,0.792725
0.484497,-0.327148,0.981445
-0.379395,-0.210938,0.745117
0.054810,0.115356,1.028442
0.202759,-0.447388,0.839844
-0.530884,0.134155,0.775513
0.471558,-0.296021,0.985474
-0.335327,-0.208862,0.758789
0.022583,0.132324,1.034302
0.241699,-0.461060,0.859985
-0.545288,0.112305,0.755859
0.461426,-0.287476,0.988892
-0.289551,-0.207153,0.779907
-0.020874,0.148926,1.031616
0.278442,-0.441040,0.889893
-0.552246,0.113403,0.769775
0.439087,-0.260620,0.996460
-0.234619,-0.244019,0.800049
-0.048462,0.151001,1.005859
0.304077,-0.417847,0.902954
-0.552246,0.122925,0.781128
0.429077,-0.236694,1.001099
-0.193115,-0.276611,0.796631
-0.086182,0.137451,0.977295
0.329468,-0.415771,0.908447
-0.548584,0.126099,0.789551
0.429688,-0.196411,1.015381
-0.137817,-0.314697,0.792847
-0.146851,0.142090,0.959961
0.353027,-0.435547,0.908813
-0.540771,0.073853,0.792969
0.409668,-0.171997,1.016968
-0.088379,-0.340332,0.798950
-0.201904,0.153320,0.931763
0.381470,-0.422485,0.918213
-0.519165,0.035278,0.774170
0.382935,-0.113892,1.036743
-0.052002,-0.348877,0.796875
-0.246460,0.135986,0.897583
0.412109,-0.432495,0.922974
-0.519409,-0.014282,0.769775
0.339478,-0.075562,1.018921
-0.003418,-0.379150,0.792603
-0.284180,0.139160,0.882446
0.429932,-0.401367,0.936035
-0.507935,-0.062988,0.746460
0.287109,-0.038452,1.015991
0.030518,-0.408813,0.782837
-0.329102,0.132812,0.861572
0.448364,-0.391968,0.945557
-0.494873,-0.087769,0.738647
0.248047,-0.029419,1.010498
0.047485,-0.417236,0.788330
-0.360229,0.123291,0.843140
0.455933,-0.355957,0.962646
-0.464478,-0.104858,0.751465
0.210938,0.000000,1.013306
0.073486,-0.429321,0.792236
-0.405151,0.135132,0.833496
0.469604,-0.352051,0.968384
-0.465088,-0.116577,0.747070
0.170044,0.015747,1.018066
0.106201,-0.444214,0.808105
-0.446045,0.140747,0.807251
0.468872,-0.316528,0.975952
-0.421021,-0.156616,0.741211
0.122925,0.064209,1.026367
0.135376,-0.462524,0.804443
-0.474854,0.136475,0.801025
0.480225,-0.329102,0.972290
-0.410889,-0.169189,0.740601
0.092285,0.080322,1.028564
0.176514,-0.446655,0.829468
-0.491211,0.142944,0.796875
0.480469,-0.308228,0.980591
-0.386108,-0.196533,0.750854
0.055542,0.089111,1.020996
0.210693,-0.465698,0.837524
-0.499756,0.132568,0.788086
0.480957,-0.288452,0.992065
-0.356445,-0.174683,0.769409
0.034546,0.099121,1.011230
0.239258,-0.473267,0.853271
-0.512329,0.110474,0.777832
0.469971,-0.280029,0.990723
-0.328247,-0.191162,0.773682
0.013550,0.130005,1.019287
0.255005,-0.456665,0.865356
-0.503784,0.099365,0.788208
0.466431,-0.277832,0.986572
-0.322144,-0.179565,0.782837
0.012695,0.119507,1.011963
0.268433,-0.457886,0.872314
-0.523193,0.110229,0.775146
0.468628,-0.263062,1.002441
-0.302246,-0.197754,0.786743
-0.011719,0.121338,1.002319
0.268799,-0.465088,0.862549
-0.517090,0.095093,0.773560
0.471558,-0.263062,1.002686
-0.298340,-0.198242,0.785278
-0.030640,0.140015,1.002441
0.285156,-0.469849,0.863281
-0.521484,0.096802,0.774414
0.471802,-0.261841,0.996704
-0.291504,-0.201782,0.784912
-0.038452,0.145264,1.000977
0.282227,-0.482544,0.855469
-0.513916,0.088867,0.777344
0.467529,-0.254883,1.011475
-0.296143,-0.190918,0.785034
-0.033691,0.133057,0.996948
0.280518,-0.491455,0.854858
-0.514038,0.086182,0.768677
0.470825,-0.261719,1.005249
-0.298584,-0.182495,0.780396
-0.045898,0.157227,1.000488
0.295288,-0.492920,0.868896
-0.513306,0.080444,0.767944
0.466431,-0.250244,1.010620
-0.316162,-0.182373,0.776001
-0.025391,0.132690,0.996094
0.282959,-0.481323,0.857544
-0.512329,0.097168,0.782227
0.483643,-0.284790,1.010742
-0.315186,-0.201294,0.774170
-0.026123,0.131348,1.002441
0.269653,-0.493286,0.848022
-0.507935,0.109985,0.777344
0.482056,-0.262573,1.009644
-0.331665,-0.152588,0.778442
0.004272,0.123657,1.012207
0.241333,-0.494751,0.844849
-0.515991,0.105225,0.782715
0.485962,-0.279541,1.000854
-0.339844,-0.183960,0.769043
0.025757,0.128052,1.028442
0.227051,-0.463989,0.849487
-0.516846,0.113770,0.785889
0.491211,-0.300293,0.996948
-0.355713,-0.191406,0.767456
0.034058,0.112061,1.028198
0.216919,-0.457031,0.843994
-0.505371,0.121948,0.774292
0.495483,-0.319336,0.992676
-0.373901,-0.189087,0.758667
0.048584,0.104004,1.016602
0.209351,-0.462524,0.840210
-0.502075,0.126099,0.792480
0.482178,-0.323853,0.976074
-0.386597,-0.183838,0.750488
0.061157,0.098633,1.031494
0.194580,-0.462158,0.840088
-0.496704,0.120605,0.795532
0.484863,-0.307617,0.992798
-0.392456,-0.164185,0.762695
0.066650,0.093262,1.024048
0.191650,-0.470825,0.828979
-0.489868,0.136719,0.796997
0.482300,-0.307373,0.985840
-0.402832,-0.164062,0.746582
0.074463,0.081421,1.022827
0.179199,-0.466187,0.832520
-0.487915,0.127563,0.787231
0.477539,-0.295532,0.986938
-0.394775,-0.169800,0.744507
0.082642,0.099121,1.035278
0.164795,-0.474121,0.816284
-0.491577,0.133667,0.794312
0.484375,-0.331909,0.973267
-0.408936,-0.144165,0.759155
0.095581,0.079590,1.027832
0.162231,-0.464233,0.819946
-0.495483,0.149658,0.798828
0.485718,-0.322876,0.976929
-0.401001,-0.190674,0.754517
0.089844,0.091919,1.035400
0.154663,-0.464478,0.815063
-0.499146,0.149780,0.796265
0.493408,-0.333130,0.977173
-0.398071,-0.175293,0.755127
0.086914,0.098267,1.037109
0.171753,-0.459839,0.827271
-0.500977,0.141479,0.799072
0.479980,-0.318237,0.982300
-0.391846,-0.144775,0.766479
0.089355,0.092163,1.027344
0.169922,-0.463501,0.817261
-0.500366,0.145264,0.798096
0.481934,-0.306885,0.986694
-0.377197,-0.162598,0.760132
0.058960,0.118408,1.031738
0.181274,-0.463745,0.829224
-0.501953,0.122803,0.790894
0.479614,-0.304810,0.984497
-0.381592,-0.192261,0.750244
0.058472,0.118652,1.030151
0.203613,-0.454224,0.836914
-0.509521,0.130859,0.787842
0.475708,-0.301392,0.983154
-0.362183,-0.175171,0.769287
0.047363,0.092529,1.024292
0.213135,-0.456421,0.845459
-0.521484,0.113892,0.774292
0.475830,-0.294556,0.988159
-0.332520,-0.181152,0.779297
0.018188,0.129272,1.035522
0.233154,-0.477661,0.845581
-0.529663,0.107544,0.770752
0.471313,-0.282471,0.986450
-0.312866,-0.173584,0.784790
-0.000732,0.133545,1.026489
0.268433,-0.462524,0.865356
-0.548462,0.093994,0.764038
0.446655,-0.260376,0.995728
-0.265747,-0.219116,0.783447
-0.040771,0.141235,1.012085
0.289917,-0.454590,0.879883
-0.546997,0.092896,0.769531
0.444214,-0.240723,0.994995
-0.236084,-0.245972,0.775146
-0.072632,0.162720,1.005127
0.332520,-0.446899,0.896729
-0.555054,0.107422,0.781372
0.420166,-0.226929,0.992554
-0.185181,-0.286011,0.779785
-0.096924,0.136108,0.973267
0.359741,-0.430542,0.918457
-0.555786,0.095581,0.778076
0.400513,-0.177979,1.005005
-0.110107,-0.336304,0.792847
-0.146973,0.139771,0.951416
0.377319,-0.406372,0.927002
-0.533936,0.064209,0.780396
0.378418,-0.142944,1.012329
-0.068359,-0.372559,0.788330
-0.205322,0.135742,0.924194
0.407471,-0.386353,0.941650
-0.518066,0.014038,0.776611
0.338135,-0.093018,1.013550
-0.028198,-0.427246,0.765015
-0.270386,0.116333,0.877319
0.447021,-0.374756,0.954102
-0.494751,-0.019775,0.765259
0.278687,-0.046997,1.006470
0.014404,-0.434814,0.766968
-0.335327,0.111084,0.850586
0.463257,-0.382080,0.957642
-0.473267,-0.074097,0.751343
0.241699,-0.011963,1.020386
0.050903,-0.439941,0.758911
-0.402832,0.124878,0.825317
0.467773,-0.361450,0.964478
-0.446045,-0.129395,0.752441
0.183105,0.046265,1.025879
0.076904,-0.419922,0.783325
-0.452759,0.136597,0.813110
0.485962,-0.361694,0.971802
-0.418701,-0.161743,0.756104
0.113159,0.089722,1.032227
0.140137,-0.432129,0.808228
-0.496460,0.129761,0.794678
0.484497,-0.335693,0.980469
-0.366943,-0.186768,0.768433
0.047729,0.122681,1.027588
0.207275,-0.447388,0.837158
-0.516357,0.109375,0.775146
0.478394,-0.299805,0.987915
-0.298950,-0.214111,0.784668
-0.015259,0.137939,1.020386
0.266846,-0.457764,0.866333
-0.551270,0.088379,0.762085
0.457275,-0.256470,1.007812
-0.226562,-0.221680,0.801514
-0.074219,0.167603,1.004761
0.316406,-0.445190,0.899048
-0.545654,0.082397,0.775513
0.424316,-0.205078,1.010254
-0.167114,-0.275513,0.798950
-0.116455,0.157593,0.977417
0.359619,-0.437378,0.916260
-0.540283,0.087158,0.786865
0.405151,-0.156006,1.030151
-0.109131,-0.327271,0.789429
-0.176270,0.156982,0.951294
0.395508,-0.435913,0.930542
-0.533691,0.037354,0.769287
0.372192,-0.122559,1.018433
-0.059082,-0.369507,0.779419
-0.238159,0.151367,0.914307
0.423584,-0.416382,0.939087
-0.508423,-0.015991,0.769409
0.330444,-0.084351,1.011841
-0.017090,-0.383423,0.780762
-0.285767,0.133423,0.874390
0.448364,-0.414185,0.944824
-0.481567,-0.108398,0.738403
0.185181,0.035767,1.026733
0.013428,-0.421631,0.764160
-0.475342,0.199585,0.814575
0.453247,-0.315674,0.952637
-0.436768,-0.142944,0.747559
0.124146,0.086426,1.031860
0.096436,-0.410522,0.801514
-0.510620,0.196899,0.812744
0.458862,-0.291626,0.964111
-0.388794,-0.136475,0.770752
0.074463,0.113525,1.018066
0.151123,-0.420654,0.816528
-0.551025,0.190674,0.788330
0.460083,-0.266357,0.972534
-0.334229,-0.175171,0.770142
0.014038,0.144165,1.017822
0.220337,-0.414795,0.859131
-0.569458,0.164307,0.784790
0.445679,-0.223389,0.989868
-0.256836,-0.223145,0.771484
-0.052490,0.163208,0.993652
0.276978,-0.417969,0.877197
-0.579712,0.142578,0.774414
0.426147,-0.192993,0.987549
-0.182007,-0.272827,0.775513
-0.112671,0.178955,0.968750
0.323730,-0.405884,0.895020
-0.576416,0.115601,0.774048
0.395630,-0.143066,1.001465
-0.126709,-0.324341,0.766235
-0.177856,0.167358,0.928955
0.370117,-0.378296,0.919312
-0.551392,0.076416,0.772705
0.360596,-0.101196,1.013428
-0.084229,-0.363037,0.754028
-0.246094,0.154541,0.891724
0.407349,-0.374634,0.932617
-0.526001,0.009888,0.758667
0.301147,-0.044922,1.007935
-0.048340,-0.395874,0.746704
-0.321167,0.164429,0.856445
0.437622,-0.356323,0.949219
-0.505249,-0.041138,0.755981
0.242188,-0.001953,1.003296
-0.012573,-0.416260,0.746826
-0.387573,0.154541,0.838867
0.450928,-0.345459,0.959961
-0.476807,-0.074219,0.749146
0.189453,0.042114,1.020752
0.040039,-0.409912,0.762451
-0.457886,0.183960,0.827271
0.452393,-0.326294,0.953125
-0.441406,-0.121094,0.756592
0.135742,0.087402,1.020630
0.080200,-0.393066,0.799438
-0.507812,0.203491,0.807495
0.458618,-0.292236,0.967773
-0.387695,-0.169312,0.747925
0.066528,0.126099,1.022095
0.157959,-0.415283,0.815674
-0.552246,0.207642,0.794678
0.461426,-0.270874,0.979370
-0.311035,-0.209106,0.763428
-0.005737,0.156860,1.017700
0.226440,-0.417114,0.855347
-0.571533,0.159912,0.770142
0.448730,-0.220215,0.986328
-0.222534,-0.253540,0.766724
-0.078735,0.172241,0.989136
0.296387,-0.399292,0.887817
-0.571289,0.125244,0.772461
0.412354,-0.181274,0.997681
-0.146484,-0.321289,0.760376
-0.152344,0.149536,0.936523
0.367065,-0.392090,0.920166
-0.564209,0.107666,0.772217
0.365112,-0.097046,1.002930
-0.083130,-0.378052,0.732910
-0.242432,0.155273,0.888550
0.409546,-0.379150,0.936157
-0.537842,0.005615,0.746216
0.303345,-0.030518,1.000366
-0.026611,-0.398926,0.743652
-0.342041,0.162964,0.857300
0.435181,-0.363525,0.945435
-0.498413,-0.059814,0.743896
0.223755,0.022705,1.010376
0.013672,-0.417480,0.750244
-0.425293,0.173462,0.834106
0.462036,-0.331787,0.959961
-0.455566,-0.090942,0.749634
0.151978,0.067505,1.021362
0.065674,-0.405640,0.783936
-0.490479,0.199829,0.809082
0.466919,-0.309570,0.963013
-0.392578,-0.154175,0.761597
0.071411,0.116089,1.019287
0.141479,-0.417603,0.819092
-0.544678,0.172729,0.784302
0.458008,-0.263062,0.976074
-0.320557,-0.195923,0.760986
-0.003174,0.153809,1.006836
0.222656,-0.424683,0.855957
-0.562012,0.151733,0.783569
0.447754,-0.223999,0.995361
-0.239258,-0.221680,0.773438
-0.079468,0.177124,0.976074
0.299194,-0.405029,0.890747
-0.562500,0.113281,0.779175
0.419678,-0.172119,1.005127
-0.149902,-0.302856,0.758789
-0.157471,0.168579,0.937622
0.360107,-0.396484,0.909668
-0.564575,0.098877,0.779907
0.370117,-0.117065,1.003052
-0.079102,-0.358276,0.758789
-0.233276,0.171631,0.895630
0.399902,-0.350952,0.943848
-0.536133,-0.007446,0.744873
0.312012,-0.062866,0.995605
-0.048828,-0.391479,0.741089
-0.313965,0.164551,0.863159
0.435669,-0.350220,0.950928
-0.504150,-0.045044,0.740112
0.243774,-0.005981,1.006836
0.002441,-0.415771,0.750977
-0.390015,0.165649,0.839233
0.444946,-0.340942,0.953979
-0.478516,-0.084717,0.745972
0.184082,0.049927,1.013672
0.040161,-0.413696,0.763306
-0.460449,0.193481,0.826050
0.459717,-0.322754,0.962646
-0.433472,-0.120361,0.758667
0.122559,0.084839,1.018799
0.098511,-0.411865,0.794434
-0.525146,0.200684,0.809692
0.471313,-0.300049,0.967041
-0.375732,-0.156616,0.765259
0.051025,0.139893,1.024414
0.173218,-0.408813,0.829468
-0.551514,0.173828,0.790649
0.466187,-0.270386,0.981323
-0.304443,-0.204224,0.770996
-0.011963,0.147949,1.007324
0.239014,-0.394165,0.869629
-0.561890,0.159424,0.782837
0.453003,-0.221924,0.995728
-0.229370,-0.229004,0.790039
-0.076538,0.153931,0.970215
0.297729,-0.394409,0.884644
-0.571289,0.122070,0.774170
0.416138,-0.155029,1.006226
-0.142090,-0.302002,0.772949
-0.141357,0.162720,0.933228
0.340698,-0.384033,0.908203
-0.558350,0.092651,0.774902
0.385986,-0.124023,1.009155
-0.094971,-0.356812,0.755127
-0.207764,0.170044,0.921021
0.384155,-0.386475,0.915894
-0.547852,0.059448,0.764282
0.336182,-0.075684,1.004028
-0.061768,-0.380737,0.753418
-0.285034,0.155273,0.878296
0.424683,-0.365723,0.939209
-0.526611,-0.001587,0.746826
0.283447,-0.028442,1.004517
-0.025024,-0.399048,0.740601
-0.362793,0.157471,0.852905
0.447754,-0.372559,0.943970
-0.503296,-0.050049,0.751953
0.222656,0.025146,1.017822
0.013062,-0.394043,0.751221
-0.424194,0.170044,0.827515
0.458130,-0.358887,0.954346
-0.469727,-0.110718,0.752930
0.171997,0.050537,1.024536
0.043945,-0.395264,0.776367
-0.480835,0.190796,0.810425
0.476318,-0.330200,0.973022
-0.431763,-0.125854,0.757568
0.108276,0.097900,1.025879
0.104492,-0.402466,0.802124
-0.521240,0.180420,0.802002
0.467773,-0.293823,0.966797
-0.369385,-0.152344,0.769287
0.044678,0.125732,1.016724
0.173706,-0.413574,0.840942
-0.547485,0.166992,0.785034
0.452759,-0.256958,0.981323
-0.304077,-0.175293,0.783691
-0.019775,0.145630,0.990967
0.248291,-0.414062,0.877441
-0.570312,0.136841,0.771240
0.440918,-0.214478,0.986450
-0.223877,-0.240723,0.771484
-0.079102,0.175415,0.982422
0.302612,-0.403198,0.887451
-0.569824,0.117798,0.781128
0.414917,-0.179810,0.995117
-0.152710,-0.290283,0.776367
-0.150146,0.156982,0.939331
0.346558,-0.387329,0.913818
-0.560669,0.100098,0.774414
0.374756,-0.104736,1.000122
-0.081421,-0.359009,0.765015
-0.213867,0.157349,0.917725
0.380615,-0.384888,0.922852
-0.552002,0.040161,0.754150
0.323242,-0.084351,0.995972
-0.040771,-0.391602,0.750000
-0.302856,0.177734,0.880737
0.423950,-0.347412,0.943115
-0.508789,-0.020996,0.765747
0.260132,-0.040039,0.992554
-0.008301,-0.415283,0.748291
-0.376343,0.151978,0.846558
0.444336,-0.328247,0.961914
-0.484497,-0.076416,0.749756
0.191162,0.046631,1.022583
0.056152,-0.427246,0.770874
-0.455200,0.168457,0.822632
0.447388,-0.321899,0.953613
-0.446289,-0.112427,0.755859
0.116333,0.095703,1.021973
0.111938,-0.416382,0.796509
-0.511108,0.181519,0.796631
0.449463,-0.275269,0.971680
-0.368042,-0.145264,0.759766
0.050903,0.118896,1.018799
0.171143,-0.436401,0.822998
-0.554077,0.176147,0.786743
0.460815,-0.278076,0.978027
-0.303589,-0.182251,0.775146
-0.019653,0.166748,1.008545
0.254150,-0.416138,0.875854
-0.576416,0.148071,0.776733
0.440796,-0.210571,0.995728
-0.202026,-0.249512,0.773438
-0.088501,0.172241,0.973022
0.307983,-0.409790,0.890381
-0.561768,0.116821,0.789673
0.410522,-0.162476,1.005493
-0.139771,-0.312012,0.767578
-0.179688,0.182495,0.933472
0.371460,-0.412476,0.918945
-0.544312,0.067993,0.776489
0.367798,-0.102539,1.008545
-0.086304,-0.351440,0.756958
-0.251465,0.159302,0.891479
0.410522,-0.385620,0.930542
-0.522949,-0.004272,0.755981
0.302979,-0.055054,1.004639
-0.041504,-0.408325,0.729858
-0.315308,0.157471,0.862427
0.431641,-0.346436,0.945068
-0.502808,-0.034424,0.757568
0.252563,-0.012695,1.004639
0.005127,-0.417725,0.751099
-0.400024,0.187012,0.839355
0.446289,-0.331909,0.948730
-0.472534,-0.095825,0.747314
0.196289,0.025757,1.021729
0.045532,-0.422241,0.767456
-0.451050,0.173828,0.812744
0.443970,-0.312134,0.953369
-0.435913,-0.131348,0.744873
0.149170,0.062378,1.024536
0.084351,-0.414795,0.790894
-0.505493,0.186768,0.797729
0.460449,-0.301514,0.956543
-0.390015,-0.165771,0.756592
0.089233,0.097900,1.031128
0.153076,-0.415649,0.817993
-0.547852,0.206909,0.797485
0.458130,-0.281860,0.958496
-0.333984,-0.198242,0.762451
0.021484,0.122803,1.011841
0.207153,-0.406494,0.854858
-0.557861,0.165405,0.772705
0.450562,-0.248169,0.977417
-0.260010,-0.227051,0.773682
-0.038818,0.144653,0.993896
0.275391,-0.416138,0.876953
-0.572754,0.150146,0.770386
0.436401,-0.204346,0.994995
-0.193115,-0.250000,0.781494
-0.098877,0.146606,0.970337
0.321533,-0.407349,0.896118
-0.574707,0.120361,0.779907
0.400269,-0.150146,1.004639
-0.120850,-0.337769,0.767578
-0.161255,0.147339,0.933105
0.369019,-0.389404,0.915649
-0.550537,0.083740,0.771851
0.374268,-0.111450,1.010498
-0.076904,-0.367310,0.763794
-0.237305,0.150024,0.893799
0.403564,-0.372070,0.930542
-0.529175,0.030640,0.768188
0.322266,-0.058472,0.997192
-0.033691,-0.395386,0.746704
-0.320068,0.153320,0.866699
0.432129,-0.369995,0.934692
-0.510986,-0.033203,0.754272
0.259033,-0.005127,1.012329
0.016724,-0.427490,0.749268
-0.385254,0.168701,0.838623
0.442261,-0.344727,0.942505
-0.479248,-0.088623,0.745728
0.206055,0.037231,1.023193
0.058228,-0.423096,0.773804
-0.455078,0.187134,0.827148
0.456909,-0.332275,0.953735
-0.453003,-0.110474,0.752686
0.134155,0.060059,1.015503
0.112061,-0.426270,0.789673
-0.500000,0.199463,0.809326
0.461182,-0.282227,0.967285
-0.396973,-0.155518,0.756714
0.074829,0.103149,1.025391
0.166870,-0.434692,0.824341
-0.535767,0.187012,0.798584
0.466553,-0.269775,0.972656
-0.332642,-0.172241,0.767456
-0.000732,0.142944,1.017334
0.238892,-0.434692,0.851074
-0.558105,0.144165,0.773804
0.446533,-0.220825,0.994385
-0.249878,-0.207642,0.784790
-0.060547,0.153931,0.983154
0.292358,-0.427246,0.881104
-0.566162,0.141968,0.772583
0.429199,-0.186157,0.997559
-0.177734,-0.259521,0.791748
-0.105713,0.139893,0.955078
0.322510,-0.409180,0.890015
-0.560425,0.110352,0.782593
0.406250,-0.141846,1.013550
-0.119507,-0.318237,0.778076
-0.170654,0.152466,0.931519
0.367432,-0.403931,0.915039
-0.548096,0.081543,0.766113
0.372681,-0.109985,1.013428
-0.070557,-0.368896,0.772339
-0.231323,0.131836,0.895630
0.396973,-0.391724,0.916138
-0.538208,0.020264,0.751831
0.333252,-0.051025,1.013062
-0.036865,-0.374023,0.761719
-0.294922,0.137939,0.860107
0.428223,-0.376221,0.945312
-0.520630,-0.029541,0.745117
0.272339,-0.016602,1.002808
-0.004150,-0.405151,0.750122
-0.359619,0.156860,0.848999
0.446045,-0.367798,0.943726
-0.506714,-0.062012,0.739014
0.223022,0.006958,1.008423
0.028931,-0.412964,0.759644
-0.417725,0.165161,0.833008
0.457031,-0.357178,0.937988
-0.468262,-0.092773,0.752319
0.159668,0.053345,1.029419
0.068604,-0.406372,0.790527
-0.469727,0.178345,0.822144
0.463745,-0.328491,0.953857
-0.424316,-0.142334,0.752319
0.117065,0.085083,1.028076
0.114258,-0.399414,0.812134
-0.514038,0.173828,0.793579
0.476929,-0.302734,0.973145
-0.369263,-0.196167,0.757080
0.038574,0.121460,1.018677
0.179321,-0.420776,0.836792
-0.541138,0.157715,0.779297
0.466187,-0.269165,0.977051
-0.308350,-0.175781,0.781006
-0.017822,0.139648,1.003662
0.240601,-0.419678,0.857788
-0.554443,0.129883,0.767700
0.452393,-0.215820,1.008301
-0.247192,-0.219482,0.781738
-0.067261,0.145386,0.974609
0.291626,-0.427612,0.882935
-0.574829,0.127441,0.768555
0.429321,-0.180054,1.004395
-0.163452,-0.281494,0.789795
-0.119751,0.145386,0.958374
0.326538,-0.406616,0.895264
-0.560791,0.108765,0.780884
0.404785,-0.137085,1.018921
-0.105713,-0.322510,0.787354
-0.187012,0.141113,0.913574
0.371094,-0.400757,0.912964
-0.549927,0.071777,0.772949
0.361938,-0.087646,1.016357
-0.061035,-0.362671,0.765991
-0.250610,0.138794,0.884277
0.395386,-0.393555,0.913574
-0.537964,0.003296,0.748169
0.317871,-0.070679,1.008423
-0.031860,-0.385986,0.756836
-0.313110,0.148926,0.864990
0.432983,-0.381104,0.944702
-0.515015,-0.055786,0.738647
0.259766,-0.015747,1.003174
0.002563,-0.396729,0.762329
-0.375122,0.147827,0.844360
0.452148,-0.365479,0.953857
-0.497559,-0.088623,0.740601
0.205200,0.018066,1.015747
0.038940,-0.415283,0.764404
-0.429565,0.166382,0.829224
0.476196,-0.352295,0.960693
-0.462158,-0.122803,0.744019
0.138184,0.059570,1.019775
0.078613,-0.417847,0.784424
-0.483154,0.174927,0.806274
0.478760,-0.324829,0.976074
-0.411011,-0.142456,0.760010
0.070190,0.099487,1.021118
0.140747,-0.434326,0.808228
-0.523071,0.177612,0.798218
0.480469,-0.286865,0.983032
-0.347778,-0.183716,0.771118
0.025513,0.123291,1.020996
0.196167,-0.423706,0.834961
-0.549805,0.147705,0.776855
0.478271,-0.267090,0.986816
-0.275146,-0.209717,0.779175
-0.036499,0.145874,1.004883
0.251343,-0.411255,0.862061
-0.561157,0.112305,0.758667
0.453491,-0.235229,0.999512
-0.200562,-0.255615,0.788574
-0.089111,0.159790,0.973267
0.298950,-0.408081,0.883057
-0.563599,0.113770,0.774658
0.435913,-0.194702,1.004028
-0.136841,-0.293579,0.792603
-0.145630,0.149170,0.934326
0.338989,-0.389282,0.903809
-0.544434,0.096558,0.771362
0.395142,-0.134644,1.020996
-0.093750,-0.327271,0.785522
-0.198853,0.142578,0.907959
0.376953,-0.403687,0.913330
-0.547852,0.045776,0.759521
0.354614,-0.094116,1.009277
-0.053711,-0.374390,0.763916
-0.261108,0.131226,0.884277
0.408569,-0.385010,0.924927
-0.528931,-0.003540,0.750488
0.312866,-0.054810,1.006714
-0.023071,-0.388306,0.760498
-0.329468,0.142090,0.858032
0.441040,-0.385864,0.937744
-0.515747,-0.048340,0.745361
0.245972,-0.008057,1.009521
0.022705,-0.403442,0.766113
-0.387451,0.160522,0.840820
0.447998,-0.353027,0.948730
-0.481934,-0.089355,0.754150
0.195801,0.016724,1.011963
0.061890,-0.413574,0.779907
-0.448608,0.171143,0.824219
0.467163,-0.339233,0.962524
-0.443115,-0.118164,0.760498
0.136597,0.052002,1.016724
0.101318,-0.399536,0.798706
-0.494995,0.168701,0.804199
0.476440,-0.305908,0.977783
-0.387085,-0.175171,0.762939
0.062378,0.117554,1.023926
0.170410,-0.418457,0.824097
-0.528809,0.166504,0.788696
0.478271,-0.291504,0.970825
-0.341553,-0.194214,0.771240
0.011353,0.127319,1.002930
0.230347,-0.426636,0.849487
-0.546143,0.132812,0.765381
0.461792,-0.251221,0.995850
-0.282227,-0.244751,0.762817
-0.045532,0.156250,0.991455
0.275635,-0.436768,0.866455
-0.555664,0.113403,0.765137
0.450195,-0.225708,1.002441
-0.211914,-0.254639,0.791138
-0.091797,0.137573,0.965088
0.309204,-0.438354,0.875854
-0.563721,0.114258,0.768188
0.438354,-0.180420,1.019897
-0.161743,-0.269165,0.794800
-0.130859,0.145508,0.944824
0.339844,-0.427124,0.898926
-0.558472,0.098511,0.774536
0.419067,-0.144653,1.025146
-0.112793,-0.319824,0.781372
-0.180176,0.170654,0.929688
0.374146,-0.424072,0.912598
-0.542480,0.069580,0.775879
0.377319,-0.108154,1.013428
-0.075562,-0.350830,0.777954
-0.224731,0.130371,0.902344
0.404419,-0.403442,0.921753
-0.545410,0.036743,0.758911
0.335083,-0.079468,1.008423
-0.029907,-0.377441,0.771362
-0.278564,0.131348,0.870972
0.418945,-0.380371,0.931274
-0.526123,-0.018311,0.752930
0.286377,-0.046387,0.998047
0.005371,-0.410522,0.760132
-0.334717,0.135498,0.853271
0.441040,-0.368896,0.951416
-0.510864,-0.057617,0.735962
0.234619,-0.001953,1.002319
0.028442,-0.410645,0.765503
-0.384155,0.133301,0.840088
0.453369,-0.346069,0.960449
-0.482422,-0.100586,0.742310
0.181763,0.031128,1.014404
0.061523,-0.425293,0.780396
-0.434326,0.149292,0.825073
0.466309,-0.320435,0.970581
-0.449097,-0.097900,0.753906
0.139160,0.069214,1.023438
0.103760,-0.434692,0.799072
-0.485107,0.156982,0.807617
0.463379,-0.297119,0.970093
-0.404175,-0.150757,0.758911
0.090088,0.102661,1.028076
0.142090,-0.437256,0.818359
-0.517578,0.157349,0.783203
0.465454,-0.286255,0.971924
-0.349121,-0.172729,0.768555
0.039551,0.125000,1.017944
0.199951,-0.443481,0.840332
-0.542236,0.134766,0.776367
0.460571,-0.268311,0.983154
-0.308350,-0.183838,0.780518
-0.003296,0.141357,1.015869
0.249756,-0.445435,0.855225
-0.553101,0.124023,0.762939
0.452759,-0.253296,0.984497
-0.262939,-0.220581,0.785034
-0.045654,0.160278,1.000366
0.282349,-0.426025,0.872803
-0.554199,0.117798,0.771362
0.443115,-0.223999,0.996704
-0.204468,-0.250366,0.792358
-0.097534,0.154175,0.982178
0.313721,-0.430542,0.891357
-0.552490,0.105225,0.781372
0.422119,-0.171387,1.014160
-0.156250,-0.287598,0.778198
-0.132446,0.150757,0.962646
0.352295,-0.418579,0.909790
-0.555542,0.084351,0.778320
0.405518,-0.144165,1.023682
-0.109863,-0.321167,0.779541
-0.189941,0.157227,0.929932
0.380371,-0.421631,0.919922
-0.544312,0.062012,0.777710
0.368286,-0.110107,1.015259
-0.068970,-0.352051,0.776367
-0.232422,0.158936,0.907471
0.410767,-0.419067,0.927856
-0.532593,0.019531,0.770020
0.338501,-0.087280,1.004517
-0.036255,-0.365479,0.779053
-0.280273,0.138672,0.883667
0.429688,-0.382202,0.947998
-0.521973,-0.036255,0.741089
0.300415,-0.064575,1.007690
-0.005493,-0.404907,0.755249
-0.338257,0.149658,0.861450
0.451660,-0.393433,0.941650
-0.494995,-0.073853,0.756714
0.237793,-0.005493,1.009766
0.028687,-0.421021,0.757324
-0.384155,0.145996,0.841187
0.464966,-0.362061,0.960938
-0.494263,-0.088623,0.738770
0.193726,0.029297,1.021362
0.057129,-0.430908,0.770874
-0.436523,0.161011,0.825195
0.471680,-0.356079,0.957520
-0.443726,-0.133911,0.756226
0.124146,0.066528,1.014404
0.098877,-0.439331,0.785400
-0.469849,0.146240,0.797485
0.477661,-0.324707,0.975952
-0.403442,-0.149414,0.760986
0.077026,0.089355,1.016113
0.152344,-0.460693,0.806763
-0.512939,0.143433,0.787109
0.483887,-0.285278,0.998901
-0.353882,-0.152954,0.781494
0.024658,0.123291,1.006226
0.220703,-0.479980,0.828125
-0.541382,0.122925,0.770752
0.474976,-0.260498,0.999390
-0.290527,-0.195435,0.782471
-0.033936,0.150269,1.008545
0.276855,-0.449097,0.868042
-0.558472,0.104492,0.758057
0.440918,-0.229248,1.001587
-0.212524,-0.250977,0.790771
-0.073486,0.155029,0.988281
0.303101,-0.419067,0.899780
-0.567017,0.090820,0.760498
0.425903,-0.185425,1.009277
-0.149048,-0.284424,0.797241
-0.130615,0.159668,0.962280
0.353882,-0.411987,0.918945
-0.552612,0.078857,0.779175
0.394043,-0.154785,1.004761
-0.099365,-0.328979,0.782104
-0.183960,0.148193,0.937866
0.404419,-0.406616,0.938110
-0.545166,0.025146,0.757812
0.346558,-0.094238,1.005493
-0.044678,-0.402222,0.763916
-0.249023,0.147095,0.899170
0.435181,-0.395874,0.948120
-0.527222,-0.003662,0.758911
0.297729,-0.052734,1.005371
-0.011963,-0.423340,0.752686
-0.309448,0.125000,0.863647
0.448486,-0.374634,0.960205
-0.498779,-0.059814,0.751709
0.253662,-0.010132,1.011108
0.021484,-0.442139,0.760864
-0.376099,0.133545,0.847778
0.464966,-0.344727,0.963135
-0.465332,-0.101318,0.738281
0.190674,0.020020,1.014404
0.058838,-0.447998,0.770264
-0.428101,0.132812,0.812378
0.473999,-0.328369,0.968628
-0.440796,-0.118042,0.752563
0.134644,0.059937,1.019653
0.113037,-0.458740,0.783203
-0.476318,0.151611,0.807861
0.461304,-0.240601,0.987549
-0.288696,-0.198975,0.768555
-0.039185,0.169678,0.996948
0.261963,-0.411865,0.866455
-0.584839,0.170654,0.782959
0.448120,-0.214844,0.993530
-0.206665,-0.243042,0.770752
-0.097534,0.180298,0.968384
0.305054,-0.401855,0.888428
-0.576782,0.106323,0.769531
0.419434,-0.160400,1.014648
-0.164062,-0.281982,0.765503
-0.164673,0.179199,0.935181
0.363159,-0.399902,0.910767
-0.567383,0.084961,0.770386
0.365601,-0.081055,1.018188
-0.103394,-0.347046,0.747314
-0.234131,0.189087,0.909058
0.401367,-0.399048,0.920288
-0.552246,0.035034,0.752686
0.307373,-0.048584,1.002930
-0.061523,-0.375366,0.734741
-0.303833,0.178467,0.874634
0.429321,-0.368896,0.930176
-0.523193,-0.032471,0.736328
0.257080,-0.023438,0.995850
-0.020142,-0.385010,0.743774
-0.389282,0.184570,0.853149
0.450073,-0.359253,0.953857
-0.498047,-0.082275,0.744141
0.185425,0.035889,1.011230
0.026611,-0.391479,0.765503
-0.456787,0.212769,0.837158
0.464600,-0.308594,0.964722
-0.426392,-0.139160,0.766968
0.113647,0.066650,1.008179
0.096191,-0.406860,0.804321
-0.526855,0.226318,0.811768
0.463501,-0.273804,0.968628
-0.348267,-0.171509,0.770874
0.034180,0.137451,1.020752
0.169312,-0.407227,0.832764
-0.563599,0.184814,0.785522
0.457642,-0.255859,0.981445
-0.276001,-0.202759,0.769287
-0.028931,0.164429,1.004028
0.245483,-0.398926,0.868896
-0.575317,0.136597,0.765503
0.438232,-0.196289,0.992920
-0.203491,-0.275879,0.761108
-0.099854,0.177368,0.960449
0.317749,-0.401489,0.893555
-0.575928,0.127075,0.770752
0.401123,-0.151489,1.000854
-0.128540,-0.313843,0.767212
-0.159546,0.151855,0.931030
0.358398,-0.380981,0.922607
-0.565430,0.078125,0.755005
0.362915,-0.089233,1.012329
-0.076416,-0.366821,0.753052
-0.247559,0.173828,0.897827
0.406128,-0.377563,0.932129
-0.544189,0.005127,0.747803
0.305908,-0.056396,0.998657
-0.046021,-0.393433,0.739014
-0.322754,0.164185,0.873413
0.435181,-0.356445,0.939453
-0.507935,-0.065186,0.737183
0.242432,0.001343,1.011841
-0.007935,-0.403931,0.750366
-0.406738,0.184570,0.844727
0.453735,-0.324585,0.952759
-0.455688,-0.081421,0.765503
0.166382,0.047852,1.014526
0.060181,-0.432007,0.783081
-0.479858,0.188354,0.812988
0.448608,-0.300781,0.958008
-0.423950,-0.125610,0.755615
0.116943,0.100830,1.029297
0.119629,-0.395020,0.817627
-0.529541,0.186279,0.793457
0.443848,-0.274536,0.960083
-0.354370,-0.179688,0.761475
0.049194,0.126831,1.023682
0.184448,-0.389648,0.849976
-0.561890,0.181152,0.781250
0.449951,-0.248047,0.975708
-0.277954,-0.202515,0.777710
-0.021240,0.152100,0.994507
0.250488,-0.385376,0.876953
-0.570190,0.143555,0.767456
0.442505,-0.206055,0.997925
-0.211792,-0.252808,0.773071
-0.085938,0.170654,0.961670
0.320312,-0.401367,0.900879
-0.566040,0.115479,0.777832
0.411133,-0.162720,1.006226
-0.153809,-0.307861,0.766846
-0.153564,0.161621,0.929688
0.363403,-0.404541,0.903442
-0.557373,0.119507,0.788330
0.390625,-0.107056,1.011230
-0.096680,-0.326660,0.764282
-0.221069,0.155518,0.899536
0.389404,-0.409912,0.912354
-0.541748,0.064941,0.773193
0.353760,-0.048950,1.018677
-0.063599,-0.351807,0.759644
-0.276367,0.146240,0.874634
0.408936,-0.386353,0.932617
-0.537231,0.009888,0.748535
0.311279,-0.037720,1.010864
-0.026733,-0.379517,0.746582
-0.327881,0.172119,0.864746
0.431030,-0.361450,0.941528
-0.525024,-0.036377,0.740723
0.271240,-0.005981,1.015259
-0.004150,-0.411499,0.741699
-0.382202,0.197021,0.859009
0.447266,-0.349854,0.946289
-0.507690,-0.047363,0.739136
0.224731,0.023804,1.017334
0.028320,-0.414917,0.752563
-0.416016,0.206055,0.848511
0.459595,-0.350952,0.956055
-0.497437,-0.071045,0.737183
0.186157,0.044189,1.016479
0.058472,-0.423340,0.767212
-0.448364,0.196899,0.832520
0.465332,-0.329712,0.958008
-0.477417,-0.086426,0.741943
0.154663,0.063232,1.019409
0.077515,-0.411133,0.787476
-0.476318,0.196045,0.822754
0.476685,-0.316162,0.968750
-0.449829,-0.120117,0.757690
0.123901,0.083496,1.017578
0.105103,-0.414795,0.807861
-0.501831,0.199585,0.812378
0.469482,-0.305908,0.962891
-0.412598,-0.154541,0.753296
0.100220,0.099731,1.024170
0.122437,-0.406372,0.809448
-0.520020,0.177490,0.797852
0.473633,-0.308594,0.969604
-0.385254,-0.158691,0.766968
0.064331,0.127075,1.027100
0.165283,-0.416382,0.825073
-0.541016,0.188599,0.796143
0.479614,-0.296143,0.977783
-0.348511,-0.169678,0.767090
0.027344,0.140747,1.012817
0.198853,-0.423828,0.841064
-0.545532,0.172974,0.796631
0.474487,-0.265137,0.986816
-0.328003,-0.184937,0.772949
-0.005981,0.132202,0.997803
0.230103,-0.442139,0.845581
-0.560791,0.166748,0.787476
0.477905,-0.241943,0.992310
-0.278198,-0.197266,0.783447
-0.047363,0.145752,0.988281
0.255493,-0.429810,0.863770
-0.562988,0.149292,0.769653
0.463379,-0.221680,1.000366
-0.232178,-0.202759,0.797363
-0.070190,0.141235,0.970947
0.276489,-0.425415,0.869019
-0.568970,0.121338,0.765015
0.453857,-0.182495,1.017700
-0.197998,-0.239380,0.783447
-0.089844,0.169922,0.976562
0.304565,-0.436279,0.874512
-0.574829,0.115845,0.772339
0.429932,-0.176147,1.012695
-0.168457,-0.262817,0.792480
-0.126953,0.169189,0.955200
0.328247,-0.417480,0.899780
-0.568481,0.104004,0.776855
0.414062,-0.149902,1.013794
-0.141479,-0.291260,0.785034
-0.157715,0.173096,0.952637
0.344238,-0.417969,0.888184
-0.565796,0.117310,0.782471
0.412964,-0.130005,1.029663
-0.116577,-0.288330,0.788940
-0.175903,0.162964,0.925903
0.356689,-0.402588,0.901123
-0.560059,0.088623,0.784058
0.407349,-0.115845,1.027222
-0.099121,-0.310425,0.795654
-0.210815,0.175415,0.919434
0.371948,-0.411377,0.900391
-0.547974,0.063599,0.767334
0.383179,-0.103882,1.021851
-0.082153,-0.317627,0.782837
-0.226196,0.173828,0.906982
0.384766,-0.401855,0.915161
-0.544678,0.046143,0.761597
0.356934,-0.064209,1.027710
-0.065308,-0.352539,0.766602
-0.238037,0.163574,0.906738
0.403198,-0.396606,0.927734
-0.547974,0.032227,0.759766
0.337280,-0.054077,1.009399
-0.050171,-0.357666,0.767578
-0.253418,0.164185,0.897095
0.406982,-0.397217,0.926636
-0.559692,0.028931,0.746826
0.339478,-0.077148,1.007935
-0.045410,-0.380493,0.753052
-0.273071,0.168457,0.891235
0.413452,-0.384155,0.921143
-0.542358,0.025513,0.750610
0.328247,-0.065186,1.002930
-0.042236,-0.353882,0.773682
-0.280640,0.166260,0.888672
0.424072,-0.388306,0.937622
-0.547363,0.006958,0.742554
0.321777,-0.074951,1.003784
-0.024658,-0.395996,0.770752
-0.287231,0.156372,0.882080
0.415527,-0.374512,0.931152
-0.537598,-0.011108,0.745117
0.332275,-0.083252,1.007446
-0.033569,-0.387329,0.753662
-0.284668,0.171265,0.891602
0.420898,-0.386108,0.928589
-0.535767,-0.006226,0.753540
0.333862,-0.074829,1.009888
-0.035889,-0.367065,0.768677
-0.290771,0.179443,0.889648
0.419434,-0.408936,0.924438
-0.549561,0.011841,0.752075
0.343018,-0.078491,1.009766
-0.024292,-0.359497,0.779663
-0.286743,0.177612,0.892700
0.416260,-0.405396,0.917114
-0.544556,-0.002197,0.746948
0.336304,-0.082275,1.009155
-0.036865,-0.378784,0.762939
-0.271851,0.165405,0.892944
0.420898,-0.391235,0.929565
-0.552002,0.002808,0.738159
0.342163,-0.101562,1.005981
-0.031006,-0.391968,0.758789
-0.263672,0.183350,0.906128
0.416870,-0.393433,0.926270
-0.560913,0.015991,0.744751
0.344360,-0.117920,1.001587
-0.031372,-0.381470,0.779663
-0.272339,0.171753,0.897583
0.412354,-0.383789,0.931396
-0.550659,-0.000977,0.749023
0.347534,-0.107422,1.009888
-0.041870,-0.381592,0.763184
-0.273071,0.181885,0.900024
0.419678,-0.400513,0.931641
-0.533203,0.008545,0.769531
0.348145,-0.088013,1.019531
-0.045166,-0.367554,0.774048
-0.268066,0.161621,0.888184
0.419312,-0.402222,0.933472
-0.544067,0.005737,0.752930
0.343018,-0.085449,1.007080
-0.038574,-0.371582,0.769653
-0.261353,0.166870,0.908325
0.420898,-0.399292,0.932983
-0.554321,0.014038,0.745483
0.348267,-0.082886,1.013794
-0.034180,-0.385742,0.775146
-0.262085,0.160889,0.898560
0.416870,-0.403076,0.931396
-0.551392,0.017944,0.757568
0.346191,-0.093994,1.009888
-0.038452,-0.391846,0.760986
-0.272583,0.167358,0.895386
0.423096,-0.386963,0.933228
-0.542603,0.011475,0.758057
0.339966,-0.097046,0.999512
-0.045166,-0.382446,0.761841
-0.260864,0.146240,0.886353
0.417114,-0.386230,0.935059
-0.549194,0.003906,0.754028
0.338135,-0.097412,1.009033
-0.031738,-0.397461,0.769165
-0.270020,0.147705,0.887817
0.418335,-0.370483,0.946533
-0.541870,-0.019287,0.736084
0.338379,-0.099854,1.004395
-0.019775,-0.406738,0.763794
-0.275635,0.141357,0.885986
0.421753,-0.379761,0.930176
-0.539429,-0.018188,0.738037
0.329956,-0.083496,1.010132
-0.011597,-0.392822,0.767334
-0.284668,0.159058,0.887329
0.427490,-0.400513,0.924683
-0.544922,-0.012573,0.749756
0.323853,-0.107422,0.992188
-0.016602,-0.400635,0.770508
-0.279541,0.159058,0.886108
0.424683,-0.357544,0.951538
-0.535034,-0.047852,0.748779
0.314453,-0.090698,1.004761
-0.014893,-0.415283,0.761353
-0.294434,0.168091,0.884155
0.440918,-0.368896,0.951416
-0.538208,-0.015625,0.744385
0.314331,-0.090210,1.000244
-0.014038,-0.419800,0.762085
-0.305908,0.155884,0.871216
0.446045,-0.376953,0.945801
-0.523560,-0.048340,0.747437
0.303711,-0.085327,1.007568
-0.001465,-0.427612,0.758545
-0.303589,0.163330,0.872070
0.436646,-0.382080,0.938965
-0.524780,-0.046143,0.756836
0.305908,-0.071655,1.008545
0.002563,-0.406128,0.770020
-0.331299,0.166016,0.870117
0.446777,-0.388062,0.941895
-0.515259,-0.069702,0.750366
0.285645,-0.067749,1.010254
0.006470,-0.396606,0.762207
-0.326660,0.145020,0.864258
0.444702,-0.392456,0.942505
-0.514771,-0.082275,0.744263
0.280762,-0.052002,1.009888
0.012573,-0.409668,0.762817
-0.358154,0.164917,0.852417
0.458252,-0.391479,0.951050
-0.498657,-0.077148,0.750366
0.264282,-0.048096,1.010376
0.013550,-0.419434,0.764771
-0.367676,0.162598,0.851562
0.464355,-0.391846,0.952393
-0.486450,-0.089844,0.750732
0.238159,-0.026245,1.007446
0.032715,-0.410400,0.778442
-0.382202,0.141113,0.841553
0.470581,-0.393066,0.954590
-0.480591,-0.110229,0.746460
0.228516,-0.007568,1.020996
0.042358,-0.419800,0.771851
-0.406616,0.166260,0.837280
0.476440,-0.381714,0.961060
-0.477661,-0.112793,0.751343
0.204468,0.009644,1.022827
0.062622,-0.426025,0.778687
-0.419800,0.150513,0.827148
0.471313,-0.375000,0.958618
-0.458496,-0.133179,0.746094
0.183716,0.029785,1.017334
0.076782,-0.409790,0.791992
-0.426270,0.133667,0.822144
0.472290,-0.357056,0.961426
-0.458374,-0.119751,0.742065
0.178711,0.045166,1.031982
0.094849,-0.424927,0.793701
-0.445435,0.143677,0.813477
0.470215,-0.344849,0.971069
-0.452515,-0.140259,0.744995
0.157471,0.040283,1.021973
0.113281,-0.419922,0.816162
-0.475708,0.165283,0.809082
0.479614,-0.349609,0.971313
-0.419189,-0.186401,0.741211
0.115601,0.065063,1.020020
0.129761,-0.425415,0.816895
-0.479004,0.139404,0.801392
0.482422,-0.329834,0.978638
-0.407104,-0.158325,0.759888
0.099243,0.075439,1.021484
0.167969,-0.449585,0.825928
-0.501831,0.157959,0.794800
0.485352,-0.307739,0.986938
-0.375244,-0.169678,0.763184
0.074463,0.099854,1.024536
0.186890,-0.452637,0.826416
-0.510620,0.140015,0.783203
0.481323,-0.296387,0.986084
-0.353149,-0.208008,0.764160
0.033691,0.102905,1.020996
0.221436,-0.457153,0.841309
-0.515747,0.120239,0.768066
0.474731,-0.287231,0.993896
-0.320679,-0.192261,0.786011
0.011719,0.116211,1.016968
0.250122,-0.462524,0.853760
-0.526855,0.096924,0.762207
0.462402,-0.256714,1.002441
-0.274780,-0.214233,0.787231
-0.031372,0.133667,1.005615
0.286743,-0.472168,0.865356
-0.529175,0.100952,0.759521
0.452637,-0.232300,1.012817
-0.247437,-0.223999,0.790771
-0.072388,0.129761,0.991455
0.313721,-0.480835,0.867065
-0.536133,0.087158,0.765991
0.440552,-0.199463,1.018311
-0.201172,-0.216187,0.808838
-0.094482,0.149414,0.990234
0.331299,-0.466553,0.886719
-0.538452,0.075806,0.775635
0.435059,-0.168701,1.030762
-0.160645,-0.251587,0.806152
-0.121216,0.166260,0.976562
0.353394,-0.455688,0.905029
-0.538208,0.063477,0.775879
0.413452,-0.155029,1.031738
-0.134033,-0.302612,0.793701
-0.135742,0.156128,0.970581
0.370605,-0.447144,0.908081
-0.536133,0.075928,0.786987
0.411133,-0.173950,1.020020
-0.109619,-0.292603,0.807251
-0.156006,0.161621,0.965210
0.375122,-0.424683,0.922729
-0.531128,0.047241,0.774170
0.400879,-0.165894,1.013916
-0.099976,-0.317627,0.804321
-0.170654,0.145508,0.959717
0.395996,-0.440918,0.923462
-0.529175,0.042236,0.768799
0.394409,-0.150269,1.010132
-0.079956,-0.346680,0.785889
-0.190063,0.160889,0.953979
0.403198,-0.445923,0.917114
-0.534668,0.029053,0.774536
0.390259,-0.141235,1.021484
-0.068359,-0.338501,0.801880
-0.197754,0.145142,0.942261
0.404663,-0.427124,0.928101
-0.537231,0.013916,0.764771
0.381348,-0.127686,1.026123
-0.052734,-0.343628,0.797607
-0.212158,0.157593,0.943726
0.413696,-0.439819,0.931396
-0.530396,0.009521,0.771729
0.372925,-0.138306,1.004395
-0.046387,-0.369507,0.801025
-0.213867,0.155518,0.950073
0.421875,-0.427124,0.942749
-0.538086,0.003418,0.761108
0.368286,-0.129761,1.021729
-0.031250,-0.386719,0.796875
-0.228271,0.164551,0.939453
0.419312,-0.424194,0.936646
-0.533569,-0.017700,0.760132
0.359375,-0.120972,1.022339
-0.028076,-0.393188,0.792114
-0.228271,0.163330,0.938599
0.422363,-0.427979,0.939087
-0.532715,-0.014160,0.760986
0.351685,-0.109863,1.023926
-0.015747,-0.396606,0.788452
-0.239136,0.158447,0.928467
0.426270,-0.425049,0.941772
-0.539062,-0.022583,0.754639
0.353760,-0.113525,1.022827
-0.011230,-0.397705,0.794556
-0.242188,0.162964,0.933838
0.428345,-0.418823,0.944458
-0.535400,-0.028442,0.756348
0.351929,-0.109009,1.025391
-0.003540,-0.400269,0.786987
-0.249268,0.156738,0.928711
0.427002,-0.421021,0.937500
-0.523071,-0.033325,0.757690
0.346436,-0.116089,1.018921
-0.003174,-0.396118,0.787720
-0.252319,0.166748,0.929688
0.439453,-0.428223,0.945557
-0.523682,-0.045410,0.752930
0.339722,-0.115967,1.007446
-0.001831,-0.384033,0.795898
-0.251587,0.156006,0.919067
0.442017,-0.422363,0.948730
-0.514893,-0.061035,0.754272
0.337036,-0.098022,1.024780
0.000610,-0.399048,0.790771
-0.258301,0.158081,0.920166
0.440918,-0.427490,0.942017
-0.521729,-0.048706,0.757446
0.336304,-0.106445,1.026733
-0.002075,-0.395142,0.796021
-0.244873,0.150513,0.929077
0.445679,-0.428101,0.947632
-0.517456,-0.053589,0.758179
0.337280,-0.100098,1.019653
-0.000366,-0.399170,0.790771
-0.256958,0.137207,0.912964
0.453125,-0.427612,0.955688
-0.520874,-0.048340,0.754150
0.346313,-0.096436,1.035156
-0.002930,-0.402466,0.787354
-0.269531,0.147095,0.915649
0.459595,-0.433472,0.956909
-0.508179,-0.052612,0.757690
0.330688,-0.094238,1.018433
-0.006226,-0.409058,0.787964
-0.262451,0.135620,0.909424
0.465088,-0.427124,0.958130
-0.503052,-0.050049,0.760498
0.326416,-0.083008,1.024780
0.004150,-0.403198,0.792725
-0.271729,0.125122,0.903931
0.461182,-0.427612,0.962769
-0.499756,-0.056396,0.760620
0.318237,-0.064331,1.031494
0.012573,-0.395020,0.798584
-0.287354,0.124390,0.894165
0.465576,-0.422241,0.967773
-0.491699,-0.071167,0.754272
0.310791,-0.068237,1.032471
0.036011,-0.409546,0.796753
-0.310303,0.118286,0.880127
0.472656,-0.414795,0.960815
-0.470825,-0.089233,0.757690
0.287720,-0.050415,1.030029
0.046265,-0.409302,0.794556
-0.333740,0.126465,0.876709
0.477539,-0.407471,0.964966
-0.470215,-0.113403,0.755249
0.263184,-0.023804,1.035278
0.065918,-0.423706,0.802368
-0.351440,0.133179,0.880371
0.490479,-0.394287,0.971680
-0.456787,-0.151489,0.744507
0.218750,-0.006470,1.032715
0.089233,-0.416016,0.812500
-0.379517,0.139893,0.862305
0.503418,-0.381714,0.989502
-0.443848,-0.155273,0.748901
0.177490,0.010864,1.024536
0.117310,-0.428101,0.812988
-0.403931,0.136230,0.842651
0.495605,-0.341919,0.992432
-0.416992,-0.153564,0.757324
0.141479,0.028931,1.019409
0.157715,-0.445557,0.832275
-0.434326,0.119873,0.821777
0.505249,-0.326416,1.007080
-0.375854,-0.196411,0.756592
0.095703,0.056152,1.037109
0.202759,-0.466309,0.840088
-0.457153,0.106567,0.799805
0.510620,-0.326172,1.004639
-0.340210,-0.220947,0.769165
0.048828,0.092163,1.028198
0.249023,-0.468262,0.857422
-0.481445,0.079224,0.780396
0.492188,-0.292358,1.009521
-0.297119,-0.181396,0.804810
0.020752,0.099731,1.022827
0.283569,-0.483521,0.866455
-0.493530,0.067749,0.762817
0.474731,-0.250977,1.019775
-0.245117,-0.213623,0.812378
-0.020508,0.114502,1.028320
0.313354,-0.470337,0.889893
-0.508789,0.078247,0.779175
0.460693,-0.224976,1.031738
-0.199341,-0.242920,0.819214
-0.062500,0.129150,1.010742
0.344604,-0.477905,0.908203
-0.509155,0.055908,0.783203
0.440918,-0.185303,1.043579
-0.156616,-0.257202,0.815918
-0.091553,0.138672,1.012817
0.376831,-0.468506,0.926880
-0.511963,0.059326,0.780640
0.419556,-0.151855,1.038330
-0.118530,-0.297241,0.816895
-0.127075,0.145630,0.991089
0.411621,-0.456055,0.938965
-0.504272,0.034302,0.792358
0.401733,-0.122803,1.043701
-0.077515,-0.321045,0.814575
-0.166870,0.135254,0.972778
0.434937,-0.450317,0.953247
-0.487549,-0.006836,0.792480
0.371216,-0.091797,1.050293
-0.031006,-0.350708,0.819824
-0.210449,0.129517,0.945557
0.456055,-0.435913,0.972534
-0.478516,-0.059692,0.771118
0.340942,-0.079834,1.046387
0.007568,-0.398926,0.800415
-0.256104,0.140625,0.923218
0.480713,-0.428833,0.979736
-0.462646,-0.085815,0.773804
0.309937,-0.056519,1.038330
0.040161,-0.415405,0.804321
-0.289185,0.131470,0.906128
0.497070,-0.410400,0.995850
-0.461426,-0.114624,0.760986
0.275146,-0.030029,1.037109
0.069702,-0.421753,0.808350
-0.328247,0.125977,0.885620
0.505127,-0.386963,0.997925
-0.436646,-0.145630,0.760132
0.230225,-0.003174,1.046875
0.098755,-0.427002,0.820068
-0.371948,0.134033,0.880371
0.515137,-0.364380,1.009888
-0.406006,-0.178345,0.753174
0.174194,0.031128,1.046509
0.152344,-0.438843,0.834961
-0.410034,0.126343,0.850342
0.523804,-0.345947,1.021729
-0.375488,-0.194336,0.772095
0.112549,0.077393,1.044800
0.216187,-0.461792,0.851562
-0.439697,0.096558,0.813354
0.514893,-0.312134,1.023438
-0.333374,-0.234131,0.762329
0.055420,0.102051,1.048706
0.272095,-0.474243,0.873657
-0.468140,0.077637,0.789673
0.503662,-0.287109,1.036377
-0.277954,-0.243164,0.786377
0.003540,0.130493,1.044922
0.317749,-0.485229,0.898682
-0.482300,0.063965,0.787231
0.477295,-0.238159,1.048706
-0.232422,-0.221924,0.814941
-0.039673,0.141479,1.037598
0.351929,-0.480347,0.913940
-0.484985,0.064209,0.796997
0.451660,-0.185059,1.059937
-0.183105,-0.229492,0.834961
-0.074097,0.138428,1.028564
0.378540,-0.482788,0.931396
-0.494385,0.048706,0.799927
0.442627,-0.162964,1.059814
-0.138062,-0.246338,0.836914
-0.109619,0.143433,1.005371
0.407837,-0.480957,0.943237
-0.494141,0.027466,0.791870
0.427612,-0.153320,1.065796
-0.088867,-0.298462,0.835327
-0.140747,0.152344,0.998413
0.456055,-0.424438,0.945679
-0.502808,-0.064453,0.763184
0.297607,-0.058960,1.019775
-0.044556,-0.330933,0.833862
-0.326904,0.158813,0.880493
0.468262,-0.400757,0.956543
-0.492310,-0.087769,0.756470
0.263062,-0.044922,1.021729
0.051514,-0.448975,0.779297
-0.360718,0.150146,0.855835
0.476929,-0.384277,0.966553
-0.468262,-0.110596,0.751587
0.238037,-0.008545,1.021484
0.072144,-0.428223,0.777710
-0.384766,0.142090,0.838745
0.478882,-0.400269,0.956543
-0.465210,-0.108521,0.749634
0.212524,0.005249,1.022949
0.087769,-0.436646,0.786743
-0.411499,0.150146,0.833740
0.485474,-0.380737,0.962036
-0.444580,-0.156494,0.741699
0.171997,0.024292,1.024658
0.111572,-0.437866,0.801147
-0.428833,0.140259,0.831299
0.496948,-0.347778,0.988403
-0.430908,-0.173828,0.735596
0.125610,0.044312,1.017090
0.147095,-0.455322,0.815308
-0.462280,0.141602,0.805542
0.490601,-0.319458,0.993164
-0.392090,-0.172729,0.759277
0.086060,0.065308,1.022461
0.179077,-0.473755,0.820557
-0.477783,0.109497,0.793457
0.490479,-0.309082,0.997437
-0.359131,-0.165283,0.779907
0.060791,0.090576,1.027344
0.223633,-0.477661,0.836670
-0.497803,0.098267,0.778809
0.484009,-0.291016,0.994507
-0.331665,-0.206421,0.776245
0.019043,0.109009,1.027100
0.250244,-0.469971,0.855103
-0.505737,0.077515,0.764282
0.469116,-0.276245,1.005493
-0.288696,-0.227539,0.785278
-0.017822,0.133789,1.024536
0.283936,-0.472656,0.869141
-0.515625,0.081909,0.764893
0.459839,-0.247681,1.020752
-0.249390,-0.208740,0.803711
-0.046997,0.144165,1.012573
0.314209,-0.478271,0.885132
-0.529297,0.074829,0.770508
0.450806,-0.228516,1.029663
-0.219849,-0.249634,0.795776
-0.073853,0.161499,1.010498
0.337646,-0.467163,0.900513
-0.529053,0.083130,0.790039
0.446289,-0.226196,1.020386
-0.180298,-0.284302,0.795776
-0.102295,0.163574,0.994507
0.356812,-0.450562,0.912964
-0.534546,0.077148,0.782837
0.433350,-0.205566,1.031128
-0.129883,-0.287720,0.827759
-0.135254,0.176636,0.986206
0.370728,-0.439453,0.922119
-0.531860,0.054932,0.780518
0.436279,-0.194702,1.044800
-0.123779,-0.302612,0.806152
-0.157471,0.178711,0.986206
0.393677,-0.454468,0.930786
-0.523438,0.029907,0.783325
0.408447,-0.169556,1.035278
-0.084351,-0.315674,0.817505
-0.179443,0.171875,0.977783
0.401978,-0.447021,0.925171
-0.521851,0.020996,0.781738
0.407837,-0.149414,1.046509
-0.067139,-0.348267,0.811157
-0.203125,0.177734,0.972290
0.412720,-0.465942,0.929565
-0.517944,0.003418,0.778320
0.392822,-0.130371,1.037354
-0.056030,-0.361938,0.796021
-0.206665,0.183960,0.975708
0.437500,-0.467285,0.943237
-0.515259,-0.003784,0.772461
0.376831,-0.128906,1.032104
-0.035889,-0.387085,0.794434
-0.211060,0.160278,0.959717
0.435059,-0.436401,0.946045
-0.506836,-0.007324,0.777100
0.370239,-0.118652,1.030640
-0.020142,-0.378296,0.806152
-0.223389,0.153198,0.945923
0.437256,-0.421387,0.946289
-0.498657,-0.021606,0.770996
0.361694,-0.100830,1.043457
-0.001831,-0.383789,0.806396
-0.241211,0.150513,0.935669
0.440063,-0.432495,0.948975
-0.501953,-0.044434,0.757568
0.341919,-0.088989,1.037109
0.013062,-0.390747,0.811646
-0.251343,0.147583,0.930298
0.453491,-0.425781,0.960693
-0.490234,-0.072876,0.758301
0.328857,-0.091431,1.029297
0.024414,-0.423584,0.802002
-0.273438,0.150269,0.918823
0.481812,-0.412598,0.980103
-0.481201,-0.078491,0.753662
0.298706,-0.061523,1.032715
0.041626,-0.437378,0.789062
-0.294312,0.141479,0.905396
0.490234,-0.401367,0.984009
-0.476440,-0.106079,0.748047
0.277344,-0.035400,1.027954
0.060791,-0.433960,0.793701
-0.325806,0.135986,0.895142
0.503174,-0.402832,0.988770
-0.456543,-0.120361,0.762207
0.236450,-0.007202,1.028809
0.087402,-0.422607,0.797974
-0.348633,0.115112,0.878174
0.501221,-0.385010,0.995361
-0.437744,-0.140625,0.766357
0.214478,0.009399,1.029297
0.101685,-0.428101,0.809448
-0.387085,0.116699,0.856689
0.514282,-0.368164,1.012329
-0.411133,-0.172241,0.760498
0.162354,0.043457,1.036621
0.150146,-0.435791,0.832275
-0.419312,0.105713,0.834351
0.512573,-0.344604,1.004883
-0.374390,-0.203979,0.758057
0.118164,0.071899,1.033325
0.198364,-0.441284,0.850464
-0.443359,0.092041,0.805542
0.517090,-0.338745,1.027466
-0.333496,-0.228760,0.769043
0.057373,0.089111,1.025635
0.249390,-0.452026,0.860718
-0.466064,0.071533,0.785522
0.501465,-0.293945,1.032959
-0.281616,-0.229492,0.799072
0.009033,0.117554,1.035156
0.296875,-0.467285,0.881348
-0.485352,0.071777,0.786499
0.473633,-0.243042,1.041870
-0.207764,-0.240479,0.824341
-0.049194,0.146240,1.029785
0.333740,-0.467163,0.907715
-0.509521,0.079956,0.797974
0.457031,-0.203979,1.054199
-0.141724,-0.280762,0.828735
-0.106689,0.166626,1.019653
0.380493,-0.447388,0.935181
-0.503418,0.047607,0.793579
0.432495,-0.171387,1.051392
-0.069824,-0.330811,0.831909
-0.146362,0.154419,1.000000
0.418213,-0.433105,0.952393
-0.488159,-0.001465,0.781128
0.385986,-0.109619,1.052002
-0.006958,-0.381592,0.828735
-0.201904,0.151245,0.973999
0.456787,-0.416504,0.981934
-0.479858,-0.050171,0.764404
0.339966,-0.074951,1.048706
0.041016,-0.416260,0.814575
-0.261963,0.145142,0.936768
0.490967,-0.400513,1.000122
-0.467285,-0.097778,0.760620
0.299072,-0.045166,1.042725
0.074463,-0.428711,0.816162
-0.311035,0.145386,0.916138
0.509155,-0.384155,1.015137
-0.437012,-0.146484,0.761230
0.231445,0.005005,1.047974
0.105957,-0.429199,0.817627
-0.360718,0.148682,0.900635
0.533325,-0.372437,1.020142
-0.411133,-0.166626,0.758179
0.173584,0.038330,1.046997
0.164185,-0.449463,0.840698
-0.400635,0.122314,0.867920
0.537476,-0.344604,1.036133
-0.369141,-0.197266,0.771118
0.116577,0.074707,1.042725
0.213867,-0.451294,0.859253
-0.431030,0.070190,0.812500
0.532471,-0.328735,1.036987
-0.310425,-0.212280,0.799072
0.051025,0.104858,1.045044
0.272095,-0.464600,0.880371
-0.462280,0.061279,0.800659
0.507935,-0.291992,1.041138
-0.258545,-0.226318,0.818115
0.004395,0.121460,1.048584
0.310303,-0.452637,0.907959
-0.480469,0.062866,0.792969
0.486572,-0.245728,1.055542
-0.197632,-0.255371,0.828979
-0.049561,0.167236,1.040283
0.361328,-0.455078,0.930420
-0.497681,0.065796,0.801270
0.462891,-0.203247,1.064697
-0.132202,-0.288452,0.838257
-0.098755,0.156982,1.030029
0.395630,-0.436035,0.959961
-0.491577,0.029663,0.801880
0.428101,-0.145996,1.064575
-0.059082,-0.332642,0.839478
-0.143188,0.167236,1.015381
0.430054,-0.424316,0.978516
-0.477173,-0.003784,0.783936
0.400146,-0.114990,1.061035
-0.000854,-0.364868,0.844116
-0.187134,0.154175,0.984985
0.459351,-0.408691,0.989502
-0.458252,-0.052246,0.783081
0.361328,-0.072144,1.066406
0.043213,-0.385498,0.836914
-0.230957,0.145630,0.954712
0.490723,-0.395630,1.015747
-0.446777,-0.108154,0.772339
0.319580,-0.029053,1.078735
0.072754,-0.401733,0.835083
-0.280396,0.150635,0.942749
0.514771,-0.377197,1.028564
-0.428833,-0.134399,0.772095
0.270142,-0.009155,1.063843
0.101318,-0.409180,0.845215
-0.324707,0.151123,0.918335
0.532104,-0.358154,1.036621
-0.402832,-0.168213,0.769043
0.223511,0.006592,1.053223
0.139893,-0.421753,0.854370
-0.371094,0.133667,0.881592
0.545776,-0.352051,1.041626
-0.365479,-0.193237,0.787598
0.164185,0.057373,1.055054
0.201538,-0.448853,0.864258
-0.387695,0.102173,0.861084
0.545776,-0.325562,1.049683
-0.329834,-0.209473,0.788574
0.117432,0.073364,1.051758
0.252197,-0.448608,0.885132
-0.423340,0.084961,0.826660
0.532104,-0.282104,1.061157
-0.281616,-0.236938,0.802246
0.060181,0.107422,1.053955
0.300659,-0.459351,0.906250
-0.447754,0.063477,0.818115
0.511963,-0.256226,1.061035
-0.230469,-0.234985,0.821533
0.007812,0.136230,1.062744
0.348633,-0.456909,0.936035
-0.466431,0.052368,0.816650
0.489136,-0.206787,1.079590
-0.176880,-0.253418,0.840820
-0.042847,0.158691,1.057983
0.392822,-0.442505,0.961792
-0.476807,0.068115,0.818970
0.468872,-0.172363,1.081909
-0.112671,-0.284058,0.849609
-0.085205,0.157104,1.037720
0.427490,-0.433350,0.983276
-0.479614,0.032349,0.812256
0.440308,-0.125366,1.087402
-0.037598,-0.324341,0.854370
-0.140259,0.162842,1.020996
0.456055,-0.420288,0.996704
-0.465576,-0.035278,0.788696
0.404419,-0.094849,1.092285
0.025513,-0.365479,0.860229
-0.189575,0.168091,1.006714
0.487305,-0.394531,1.013916
-0.438721,-0.069824,0.789795
0.361938,-0.061279,1.090332
0.073120,-0.387451,0.858765
-0.238770,0.175659,0.983521
0.511353,-0.361084,1.036499
-0.408691,-0.117920,0.789795
0.319092,-0.023804,1.088623
0.097168,-0.407471,0.857788
-0.289551,0.159058,0.957031
0.524658,-0.357910,1.044312
-0.395142,-0.139648,0.791992
0.274414,0.004883,1.077637
0.136108,-0.406494,0.871948
-0.338257,0.168823,0.939941
0.550049,-0.341187,1.058594
-0.376221,-0.168579,0.793457
0.213135,0.043091,1.073486
0.202026,-0.434326,0.884644
-0.370239,0.137817,0.897949
0.553101,-0.321411,1.072388
-0.335449,-0.209717,0.791016
0.151855,0.061523,1.072144
0.257690,-0.455811,0.898560
-0.396851,0.095215,0.861206
0.547119,-0.301880,1.068604
-0.297241,-0.228516,0.802856
0.101562,0.099976,1.067139
0.299683,-0.461792,0.915161
-0.416504,0.066406,0.834473
0.533813,-0.253296,1.072754
-0.249634,-0.233643,0.824829
0.049072,0.126099,1.068237
0.345703,-0.462524,0.934326
-0.440430,0.073120,0.833862
0.518677,-0.229980,1.082153
-0.201538,-0.212402,0.857788
-0.003906,0.140259,1.056152
0.382446,-0.460205,0.955322
-0.456055,0.066772,0.832520
0.503052,-0.191284,1.099731
-0.155151,-0.228760,0.865601
-0.046997,0.159180,1.062378
0.406006,-0.453369,0.968994
-0.459839,0.044189,0.828857
0.487183,-0.152222,1.099609
-0.092896,-0.247559,0.867798
-0.091797,0.180420,1.058472
0.446533,-0.434937,0.994141
-0.461670,0.005493,0.813965
0.452148,-0.123901,1.101685
-0.035034,-0.301270,0.874023
-0.129028,0.184204,1.049805
0.475952,-0.429443,1.005981
-0.460205,-0.022217,0.812012
0.432739,-0.107422,1.107544
0.019653,-0.333862,0.881226
-0.171509,0.192627,1.029297
0.496460,-0.404297,1.026123
-0.435913,-0.057251,0.807129
0.401245,-0.080322,1.100708
0.043457,-0.366699,0.862671
-0.194702,0.195679,1.021240
0.513916,-0.385132,1.042969
-0.432495,-0.067871,0.804565
0.379639,-0.054321,1.107178
0.074707,-0.389038,0.868042
-0.224121,0.177368,1.004883
0.520996,-0.369141,1.047607
-0.417480,-0.115112,0.795288
0.357056,-0.039673,1.106812
0.083618,-0.383423,0.871704
-0.260254,0.185425,0.993530
0.540161,-0.350708,1.062012
-0.396484,-0.140747,0.794922
0.329468,-0.012573,1.107422
0.098877,-0.377686,0.885620
-0.285400,0.186646,0.981689
0.549561,-0.353638,1.071899
-0.388062,-0.157593,0.792603
0.305542,-0.003418,1.097900
0.124268,-0.378784,0.890625
-0.308838,0.176636,0.960693
0.561401,-0.338013,1.073364
-0.368286,-0.177856,0.793701
0.285278,0.012939,1.097778
0.144287,-0.388062,0.899780
-0.321167,0.174438,0.947632
0.566406,-0.337158,1.082886
-0.354736,-0.173828,0.811401
0.262695,0.029175,1.099854
0.176514,-0.403687,0.901245
-0.336914,0.152588,0.925903
0.570312,-0.322388,1.087402
-0.345337,-0.201660,0.800903
0.245605,0.042847,1.100952
0.196289,-0.400391,0.909790
-0.350708,0.135010,0.911743
0.573975,-0.330566,1.082886
-0.333740,-0.221558,0.795532
0.220947,0.059937,1.098755
0.215454,-0.405273,0.919312
-0.352905,0.127563,0.914185
0.575317,-0.329102,1.085083
-0.328003,-0.211670,0.802002
0.210327,0.072632,1.105103
0.234131,-0.418579,0.921265
-0.361328,0.118774,0.905151
0.576416,-0.315063,1.089600
-0.328735,-0.198853,0.809692
0.195679,0.083008,1.100464
0.256714,-0.427979,0.932983
-0.365845,0.112671,0.900635
0.567261,-0.303711,1.086914
-0.312866,-0.215942,0.811768
0.182129,0.084961,1.097412
0.273438,-0.429565,0.936157
-0.369385,0.111938,0.892212
0.571655,-0.291504,1.086060
-0.298706,-0.216431,0.825073
0.164917,0.091187,1.097412
0.281494,-0.438721,0.934570
-0.376465,0.091309,0.879395
0.568604,-0.279785,1.098145
-0.284912,-0.228638,0.823853
0.147461,0.092041,1.100586
0.300171,-0.436401,0.948364
-0.382446,0.091675,0.873413
0.567871,-0.274414,1.099121
-0.271973,-0.230835,0.820557
0.131348,0.103027,1.098145
0.313232,-0.440552,0.944824
-0.382080,0.083984,0.868286
0.564819,-0.256104,1.106079
-0.253906,-0.230835,0.829346
0.116577,0.117676,1.096436
0.333130,-0.441650,0.956787
-0.399048,0.071289,0.860840
0.560303,-0.258545,1.113647
-0.242920,-0.228271,0.839355
0.095947,0.127808,1.094849
0.346069,-0.446289,0.964233
-0.407349,0.082642,0.871460
0.553467,-0.245728,1.118164
-0.233398,-0.234619,0.836426
0.074341,0.146240,1.095093
0.365723,-0.447144,0.971191
-0.414307,0.095093,0.865234
0.555664,-0.219727,1.118408
-0.215576,-0.232544,0.845703
0.050659,0.158325,1.092285
0.382446,-0.439941,0.980469
-0.418213,0.090942,0.862427
0.541992,-0.210938,1.122192
-0.197876,-0.233521,0.856079
0.039917,0.162598,1.099854
0.390381,-0.438110,0.987671
-0.420898,0.084106,0.865356
0.542725,-0.205688,1.119385
-0.172729,-0.250000,0.861084
0.016602,0.170654,1.093018
0.405396,-0.427124,0.990356
-0.428833,0.079590,0.862061
0.544800,-0.195190,1.125488
-0.152466,-0.265991,0.868042
-0.003906,0.185547,1.097046
0.419922,-0.429565,0.992554
-0.424805,0.067505,0.858398
0.535034,-0.187500,1.127808
-0.131714,-0.251953,0.881592
-0.020996,0.186646,1.096924
0.427490,-0.429443,0.998901
-0.428955,0.054688,0.856934
0.535645,-0.161743,1.139526
-0.114258,-0.260376,0.886475
-0.031860,0.187500,1.099976
0.431396,-0.426147,1.000610
-0.431519,0.051880,0.862183
0.525757,-0.156982,1.142822
-0.095947,-0.257935,0.884521
-0.043213,0.205566,1.106323
0.442261,-0.425537,1.005127
-0.441772,0.044678,0.857544
0.521851,-0.161377,1.139282
-0.072632,-0.272095,0.891724
-0.052490,0.195435,1.093994
0.446777,-0.406738,1.010498
-0.439575,0.031128,0.850220
0.518921,-0.136475,1.144043
-0.052368,-0.279297,0.890259
-0.059692,0.205933,1.099121
0.454834,-0.412720,1.012085
-0.442993,0.034302,0.852905
0.509644,-0.124756,1.150269
-0.028320,-0.286133,0.894409
-0.067261,0.202148,1.095093
0.460083,-0.404297,1.020264
-0.439697,0.027100,0.854980
0.507202,-0.119019,1.159058
-0.021118,-0.316162,0.896851
-0.080811,0.202148,1.089966
0.471191,-0.407349,1.028687
-0.440918,0.010010,0.848267
0.502563,-0.109985,1.155518
-0.006348,-0.312256,0.902344
-0.083130,0.192871,1.083252
0.469116,-0.391602,1.027954
-0.436768,0.008667,0.843262
0.504028,-0.115479,1.157227
-0.003540,-0.310303,0.911011
-0.085571,0.195679,1.093018
0.469727,-0.389648,1.023804
-0.437988,0.005859,0.841675
0.507935,-0.125244,1.153687
-0.001831,-0.314941,0.907471
-0.100342,0.206787,1.081177
0.473511,-0.385620,1.035034
-0.430542,0.010620,0.848389
0.501831,-0.122803,1.155762
-0.001831,-0.314575,0.905640
-0.087891,0.199707,1.092285
0.464966,-0.381836,1.029663
-0.431763,0.015381,0.849976
0.506226,-0.118164,1.155762
-0.001343,-0.327271,0.897339
-0.087891,0.202026,1.094727
0.467529,-0.389282,1.033447
-0.440308,0.008057,0.846069
0.509033,-0.121704,1.163696
0.003296,-0.316528,0.908447
-0.082031,0.209106,1.101440
0.466919,-0.400513,1.034180
-0.444214,0.014038,0.843628
0.510742,-0.129761,1.158813
-0.000488,-0.309448,0.906738
-0.085571,0.223022,1.096558
0.467896,-0.386597,1.028809
-0.447266,0.018799,0.840942
0.520264,-0.142822,1.153564
0.000610,-0.323608,0.898682
-0.085205,0.229980,1.098267
0.467529,-0.389526,1.024292
-0.438599,0.018799,0.857666
0.516968,-0.142212,1.157837
-0.010498,-0.295776,0.910156
-0.077637,0.208984,1.089111
0.461304,-0.377686,1.035278
-0.437744,0.013550,0.844604
0.529053,-0.140503,1.159668
-0.013428,-0.296387,0.902588
-0.077271,0.222412,1.100342
0.465088,-0.395142,1.027222
-0.450195,0.020630,0.854736
0.529175,-0.133423,1.166992
-0.017578,-0.308594,0.901123
-0.067139,0.219971,1.098999
0.465576,-0.385742,1.029175
-0.448853,0.018555,0.851196
0.536377,-0.143677,1.171265
-0.017212,-0.297363,0.901733
-0.074585,0.218628,1.095459
0.452026,-0.391113,1.017700
-0.433716,0.025146,0.860107
0.529785,-0.146606,1.160278
-0.018677,-0.286011,0.921143
-0.063843,0.200073,1.090088
0.453979,-0.381104,1.021973
-0.443115,0.015869,0.844849
0.536133,-0.140991,1.159546
-0.017090,-0.310059,0.912598
-0.060425,0.201172,1.096680
0.455444,-0.381104,1.023682
-0.447144,0.023315,0.844971
0.526001,-0.150635,1.157471
-0.017456,-0.297729,0.917969
-0.050293,0.204468,1.097290
0.448364,-0.376465,1.022339
-0.447998,0.026123,0.847778
0.533081,-0.147827,1.162720
-0.016113,-0.303223,0.910278
-0.054321,0.208496,1.102539
0.440308,-0.383301,1.014648
-0.452515,0.033203,0.853882
0.539429,-0.150513,1.163330
-0.026489,-0.303833,0.909424
-0.052612,0.213623,1.109863
0.443604,-0.388550,1.018677
-0.449707,0.044922,0.856445
0.543823,-0.156372,1.159302
-0.029663,-0.308594,0.907104
-0.058105,0.211182,1.111694
0.448120,-0.394653,1.016357
-0.438843,0.034302,0.860352
0.534058,-0.138672,1.164917
-0.043701,-0.282593,0.909424
-0.052612,0.205688,1.094238
0.447632,-0.402222,1.018188
-0.434448,0.010376,0.856934
0.538330,-0.133789,1.170776
-0.050171,-0.278564,0.902100
-0.049072,0.217773,1.104004
0.456055,-0.404053,1.021118
-0.442871,0.023682,0.851929
0.535767,-0.152344,1.159912
-0.048706,-0.287354,0.898804
-0.042847,0.204590,1.097778
0.444458,-0.390503,1.020142
-0.432129,0.020874,0.858154
0.540771,-0.146118,1.161377
-0.049316,-0.284912,0.892334
-0.046143,0.212402,1.105469
0.444946,-0.391235,1.020996
-0.435059,0.022461,0.860718
0.530273,-0.148682,1.154663
-0.054810,-0.304199,0.893066
-0.028931,0.201538,1.115601
0.437988,-0.373413,1.030029
-0.438477,0.031982,0.852539
0.535645,-0.161133,1.151489
-0.043701,-0.309204,0.896606
-0.032959,0.203003,1.114258
0.436646,-0.375488,1.022827
-0.447754,0.040649,0.852539
0.545898,-0.155884,1.158569
-0.041382,-0.311401,0.898071
-0.046143,0.214844,1.113281
0.441162,-0.391357,1.011963
-0.444702,0.031494,0.855469
0.542847,-0.149536,1.162109
-0.046753,-0.311523,0.897461
-0.043823,0.194092,1.104370
0.446411,-0.391846,1.018188
-0.448853,0.036255,0.848145
0.539917,-0.158569,1.152832
-0.031006,-0.303467,0.904175
-0.055176,0.196899,1.094971
0.438721,-0.382446,1.017334
-0.439087,0.024536,0.860474
0.532837,-0.146606,1.162598
-0.032837,-0.296631,0.904175
-0.051392,0.186279,1.091675
0.445923,-0.377930,1.025024
-0.438721,0.016479,0.860962
0.530151,-0.124878,1.169067
-0.035645,-0.312744,0.898193
-0.055420,0.176392,1.087158
0.453735,-0.376099,1.037598
-0.429565,0.016235,0.857056
0.523560,-0.107666,1.164917
-0.032959,-0.308472,0.891724
-0.069580,0.184937,1.088745
0.459229,-0.374023,1.037354
-0.434448,0.015015,0.850464
0.504395,-0.098389,1.163330
-0.019897,-0.317261,0.877319
-0.070923,0.192627,1.095825
0.469238,-0.367065,1.043213
-0.436523,0.011353,0.849731
0.499268,-0.090576,1.173340
-0.022217,-0.325073,0.871460
-0.090332,0.192749,1.085327
0.485840,-0.349609,1.050903
-0.432739,-0.011841,0.841675
0.365356,-0.001709,1.124878
-0.013794,-0.322754,0.871826
-0.254028,0.206543,1.022461
0.495361,-0.344971,1.072754
-0.374146,-0.130493,0.819458
0.338745,0.029053,1.135986
0.128174,-0.376465,0.909058
-0.285278,0.196655,0.999146
0.577637,-0.322021,1.104004
-0.367432,-0.166138,0.805542
0.308716,0.031006,1.131836
0.164062,-0.378296,0.924561
-0.300781,0.171997,0.968262
0.582275,-0.311646,1.109131
-0.342651,-0.196045,0.791748
0.260132,0.055786,1.117188
0.203979,-0.388184,0.939087
-0.322388,0.143555,0.948242
0.583496,-0.305908,1.107788
-0.320312,-0.203003,0.805542
0.220093,0.074707,1.112549
0.239136,-0.401978,0.942505
-0.335205,0.115601,0.914795
0.590332,-0.286743,1.123413
-0.296631,-0.233398,0.814209
0.184204,0.100586,1.107178
0.276855,-0.415771,0.938477
-0.354736,0.099731,0.894531
0.585327,-0.269653,1.117554
-0.267822,-0.242432,0.825317
0.132935,0.121216,1.114014
0.315552,-0.429688,0.960693
-0.384644,0.091187,0.875610
0.570557,-0.244019,1.122803
-0.221191,-0.248779,0.854370
0.090088,0.141113,1.111084
0.359131,-0.443604,0.972534
-0.411255,0.093994,0.873535
0.560669,-0.207642,1.127197
-0.195068,-0.234253,0.867188
0.052734,0.164795,1.122314
0.397583,-0.447266,0.987183
-0.429321,0.082031,0.857910
0.542114,-0.168091,1.132935
-0.142334,-0.234863,0.882324
0.005249,0.198242,1.119385
0.430054,-0.424683,1.005981
-0.450928,0.063110,0.854126
0.523560,-0.160034,1.140259
-0.073853,-0.287598,0.882935
-0.052979,0.207886,1.106812
0.454102,-0.399658,1.029419
-0.430176,0.016113,0.848145
0.501953,-0.120483,1.146851
-0.003540,-0.326904,0.901001
-0.098999,0.196655,1.084839
0.483521,-0.382690,1.049561
-0.422485,-0.018433,0.836304
0.470215,-0.074707,1.159912
0.032227,-0.338135,0.891479
-0.136597,0.212891,1.080933
0.512451,-0.376465,1.067993
-0.425781,-0.041992,0.836914
0.433716,-0.038940,1.154785
0.040771,-0.338623,0.896729
-0.176636,0.196167,1.056885
0.540527,-0.349121,1.088135
-0.411865,-0.083252,0.813354
0.394165,-0.010986,1.146729
0.079468,-0.356079,0.906494
-0.239380,0.200073,1.032471
0.574951,-0.331177,1.105103
-0.375610,-0.132446,0.810913
0.341797,0.030029,1.145386
0.128296,-0.360840,0.923828
-0.276978,0.182251,1.001221
0.588989,-0.312988,1.122925
-0.360474,-0.164307,0.809937
0.287964,0.057129,1.128418
0.183350,-0.383545,0.941162
-0.302612,0.151489,0.962524
0.588745,-0.297119,1.121094
-0.323730,-0.190308,0.820190
0.246216,0.078979,1.130859
0.228271,-0.411865,0.935913
-0.322876,0.120605,0.927490
0.598999,-0.278809,1.134766
-0.301514,-0.193848,0.838135
0.199463,0.115479,1.137817
0.269531,-0.422607,0.949097
-0.351196,0.107300,0.906494
0.588257,-0.263062,1.127930
-0.275879,-0.206299,0.836304
0.163818,0.136841,1.128540
0.314087,-0.432983,0.962646
-0.386963,0.098999,0.890381
0.577881,-0.257324,1.126709
-0.244751,-0.227295,0.848755
0.121826,0.151611,1.127930
0.350464,-0.424683,0.979736
-0.410522,0.114380,0.887695
0.566772,-0.235840,1.127319
-0.201782,-0.237793,0.859985
0.080200,0.168823,1.126465
0.378540,-0.429199,0.992676
-0.419678,0.089844,0.878906
0.557495,-0.212646,1.129883
-0.171387,-0.220825,0.876831
0.047363,0.183716,1.129883
0.409424,-0.407104,1.009155
-0.423950,0.068970,0.870239
0.546021,-0.184814,1.138672
-0.140747,-0.252197,0.883423
0.005127,0.190063,1.111816
0.442017,-0.406006,1.021729
-0.427124,0.054932,0.873047
0.517456,-0.153442,1.140991
-0.095093,-0.291138,0.874878
-0.032471,0.192871,1.095215
0.467773,-0.381104,1.040283
-0.422729,0.035034,0.866821
0.520996,-0.129150,1.148560
-0.031982,-0.337036,0.876953
-0.072754,0.183350,1.089966
0.475342,-0.384888,1.048706
-0.411255,0.006348,0.859131
0.513916,-0.091675,1.172363
0.003174,-0.357666,0.885864
-0.109619,0.184326,1.077637
0.499268,-0.388184,1.056763
-0.417969,-0.002808,0.853760
0.488770,-0.066040,1.174194
0.024292,-0.339478,0.888672
-0.133545,0.198608,1.074341
0.501343,-0.370117,1.061646
-0.421997,-0.036987,0.830444
0.475464,-0.037964,1.193604
0.022217,-0.314697,0.909424
-0.151367,0.200806,1.064697
0.519531,-0.380371,1.061035
-0.420288,-0.052002,0.833984
0.458618,-0.038696,1.176636
0.026978,-0.314209,0.897705
-0.160889,0.218384,1.067505
0.535156,-0.356079,1.081909
-0.419556,-0.044067,0.831665
0.446533,-0.040283,1.160156
0.033691,-0.321289,0.900269
-0.179199,0.224976,1.058350
0.543945,-0.335205,1.091431
-0.405762,-0.063721,0.827393
0.431885,-0.034668,1.164429
0.039307,-0.356934,0.890625
-0.196411,0.227295,1.059570
0.552368,-0.337158,1.096313
-0.402954,-0.071289,0.825684
0.427856,-0.015503,1.178833
0.035522,-0.347778,0.904297
-0.208252,0.208374,1.055542
0.557251,-0.347900,1.096924
-0.407959,-0.067871,0.822632
0.421997,-0.010010,1.180664
0.053955,-0.338989,0.905273
-0.228027,0.212524,1.044922
0.553955,-0.349731,1.096558
-0.398071,-0.094116,0.817627
0.416016,0.002686,1.181396
0.056274,-0.330200,0.913696
-0.227295,0.213135,1.041748
0.551392,-0.340454,1.093872
-0.391968,-0.104004,0.818359
0.401978,0.004272,1.170654
0.080078,-0.326538,0.920898
-0.243164,0.228638,1.035889
0.559082,-0.334473,1.099121
-0.385498,-0.106689,0.821655
0.393311,0.020020,1.167969
0.082520,-0.341431,0.908936
-0.254150,0.214844,1.033691
0.568481,-0.327271,1.100586
-0.397339,-0.132568,0.798096
0.379639,0.009033,1.166992
0.101440,-0.344238,0.918823
-0.261597,0.213257,1.025146
0.575684,-0.324951,1.110840
-0.388672,-0.142456,0.805542
0.361694,0.022461,1.162109
0.108765,-0.332397,0.911011
-0.262695,0.222778,1.021973
0.586060,-0.325928,1.123657
-0.385620,-0.155762,0.800537
0.343384,0.013672,1.158203
0.124023,-0.365601,0.916382
-0.260010,0.195923,1.008789
0.583008,-0.303833,1.122559
-0.374878,-0.174194,0.803345
0.327515,0.017456,1.150879
0.126831,-0.385254,0.917114
-0.267944,0.186035,0.996216
0.586182,-0.311035,1.120117
-0.372070,-0.159424,0.813354
0.325806,0.018433,1.143677
0.130127,-0.365356,0.929810
-0.280762,0.186768,0.988525
0.585693,-0.307251,1.119629
-0.354614,-0.167236,0.822144
0.325806,0.032715,1.150879
0.136108,-0.389160,0.914185
-0.284058,0.174316,0.983398
0.591064,-0.321411,1.115479
-0.358398,-0.167480,0.812988
0.328979,0.040771,1.161743
0.142334,-0.369751,0.921021
-0.301636,0.187500,0.983398
0.593506,-0.335815,1.113770
-0.348389,-0.169312,0.821533
0.323608,0.050293,1.155151
0.141235,-0.356934,0.931763
-0.291504,0.188965,0.993408
0.587158,-0.320312,1.112915
-0.361328,-0.173828,0.802734
0.330200,0.030762,1.153809
0.144165,-0.372437,0.928345
-0.304199,0.191284,0.985596
0.583496,-0.328125,1.105957
-0.352539,-0.203369,0.803711
0.323364,0.048828,1.163818
0.142334,-0.371704,0.922485
-0.296143,0.197876,0.988770
0.583618,-0.323608,1.106567
-0.353882,-0.175537,0.813843
0.321899,0.046509,1.165405
0.143677,-0.361572,0.922485
-0.296753,0.188599,0.988647
0.584595,-0.321045,1.107422
-0.357300,-0.169922,0.818481
0.323242,0.030029,1.156128
0.145386,-0.361938,0.925903
-0.303833,0.171753,0.970703
0.591309,-0.318481,1.117432
-0.353882,-0.182373,0.808716
0.317871,0.053955,1.163086
0.151855,-0.362671,0.921753
-0.301758,0.173828,0.970825
0.590576,-0.315430,1.105957
-0.349243,-0.177368,0.812378
0.295410,0.041504,1.153320
0.163696,-0.389160,0.915894
-0.302368,0.161621,0.962036
0.594238,-0.311401,1.108398
-0.345337,-0.165161,0.828979
0.297119,0.060059,1.153687
0.172241,-0.382202,0.929077
-0.319458,0.148071,0.949463
0.588135,-0.313721,1.111206
-0.337646,-0.191162,0.817017
0.273926,0.080078,1.160278
0.182495,-0.383179,0.914551
-0.321045,0.157959,0.955444
0.587646,-0.302490,1.113525
-0.329956,-0.205688,0.820068
0.270996,0.071289,1.153809
0.193726,-0.381836,0.925415
-0.331909,0.157959,0.939331
0.580444,-0.277832,1.126221
-0.307861,-0.225342,0.818848
0.235962,0.086182,1.153564
0.222290,-0.415405,0.928589
-0.346924,0.142456,0.925293
0.585815,-0.288818,1.111328
-0.296631,-0.232666,0.823608
0.212280,0.098877,1.145630
0.246460,-0.406860,0.940308
-0.373779,0.126343,0.914062
0.586792,-0.287109,1.116211
-0.287598,-0.232422,0.837769
0.180786,0.116333,1.149536
0.274048,-0.409058,0.944946
-0.391357,0.139893,0.911865
0.586060,-0.265381,1.120850
-0.266113,-0.231812,0.837280
0.149780,0.138062,1.135620
0.307129,-0.406860,0.967896
-0.406128,0.121582,0.899414
0.573608,-0.249634,1.122559
-0.240723,-0.243408,0.846680
0.123169,0.136841,1.130371
0.317627,-0.389893,0.974854
-0.422241,0.104370,0.884766
0.573486,-0.242310,1.127930
-0.220093,-0.252686,0.847656
0.097656,0.164795,1.135132
0.345215,-0.415527,0.972900
-0.419922,0.086792,0.882446
0.560303,-0.231812,1.126831
-0.204956,-0.267334,0.843750
0.064575,0.167236,1.118652
0.368530,-0.404907,0.983398
-0.425171,0.085815,0.878418
0.553711,-0.209961,1.132812
-0.173096,-0.285767,0.852783
0.034180,0.165283,1.120239
0.388062,-0.392334,0.987305
-0.434937,0.063354,0.868164
0.545166,-0.173462,1.141602
-0.114746,-0.317871,0.855469
-0.015503,0.171387,1.098755
0.407227,-0.399902,0.999146
-0.431519,0.044678,0.863403
0.535156,-0.156006,1.149780
-0.080200,-0.341797,0.853516
-0.041504,0.165283,1.082031
0.422241,-0.369995,1.018311
-0.434814,0.018188,0.847534
0.525757,-0.118408,1.172729
-0.062500,-0.344971,0.849487
-0.082764,0.174194,1.077881
0.448364,-0.374390,1.024658
-0.442627,0.008179,0.848145
0.504517,-0.094971,1.171387
-0.051880,-0.324951,0.846558
-0.113037,0.180908,1.064087
0.464111,-0.354248,1.043579
-0.442017,-0.019043,0.831055
0.483032,-0.086670,1.166748
-0.033569,-0.346802,0.849976
-0.156738,0.197510,1.056030
0.477417,-0.343872,1.044556
-0.439209,-0.021362,0.831665
0.467896,-0.070190,1.172241
-0.023682,-0.329590,0.858643
-0.195068,0.206299,1.043701
0.501221,-0.347656,1.061646
-0.432495,-0.058594,0.816895
0.443604,-0.036865,1.178101
-0.004883,-0.301270,0.869873
-0.227417,0.217896,1.038086
0.525513,-0.349243,1.074585
-0.420776,-0.108032,0.804077
0.403931,-0.030640,1.166992
0.026611,-0.334839,0.881104
-0.251465,0.208130,1.010010
0.538086,-0.329590,1.077026
-0.415039,-0.107910,0.798828
0.376587,-0.009033,1.164062
0.067383,-0.357422,0.891968
-0.275635,0.201294,1.004883
0.536499,-0.323120,1.079102
-0.410156,-0.123291,0.792603
0.354858,0.015991,1.164795
0.098511,-0.357422,0.894287
-0.289795,0.183105,0.989380
0.547363,-0.322266,1.091064
-0.404419,-0.149658,0.776611
0.333862,0.019165,1.160278
0.113892,-0.377808,0.895996
-0.305054,0.177856,0.971924
0.543823,-0.312012,1.088379
-0.393066,-0.169434,0.783569
0.306274,0.018311,1.135010
0.126831,-0.366577,0.911255
-0.307495,0.159424,0.961548
0.548828,-0.295776,1.093262
-0.376221,-0.181274,0.789551
0.289429,0.014160,1.134033
0.138306,-0.370972,0.916992
-0.315186,0.162964,0.958130
0.549438,-0.281616,1.090820
-0.372681,-0.162476,0.794678
0.287476,0.034546,1.135132
0.144653,-0.368286,0.917358
-0.313110,0.161743,0.953979
0.533081,-0.288208,1.080200
-0.381226,-0.177368,0.775269
0.298706,0.031982,1.141968
0.147095,-0.388428,0.903076
-0.313232,0.166992,0.953003
0.534180,-0.293091,1.078003
-0.388062,-0.164795,0.787231
0.299072,0.008423,1.131714
0.121338,-0.370850,0.909180
-0.305786,0.164429,0.953613
0.531982,-0.292114,1.080444
-0.404053,-0.147583,0.782593
0.325073,-0.003174,1.141846
0.108887,-0.367554,0.896973
-0.307251,0.188721,0.966187
0.531982,-0.313965,1.074097
-0.415161,-0.142822,0.780151
0.339600,-0.009888,1.144287
0.075195,-0.335327,0.882935
-0.288208,0.207031,0.991699
0.531982,-0.326782,1.067017
-0.417480,-0.146118,0.782227
0.359131,-0.035278,1.132202
0.027954,-0.327393,0.879272
-0.257202,0.218140,1.010376
0.528809,-0.340332,1.062866
-0.438721,-0.100342,0.785645
0.383179,-0.022827,1.147949
-0.000854,-0.328735,0.871826
-0.240479,0.193115,1.022217
0.510742,-0.355225,1.054565
-0.450928,-0.060059,0.796509
0.418579,-0.018555,1.161987
-0.027588,-0.325684,0.847900
-0.221802,0.197266,1.026978
0.488892,-0.364868,1.037354
-0.471069,-0.026855,0.814209
0.459473,-0.049683,1.171143
-0.055176,-0.326050,0.839111
-0.188354,0.189941,1.032104
0.469482,-0.371826,1.016724
-0.472656,0.007935,0.828369
0.482910,-0.072266,1.171387
-0.073242,-0.317993,0.836548
-0.174561,0.181885,1.034546
0.447754,-0.361938,1.021606
-0.462402,-0.015503,0.807129
0.492676,-0.101074,1.162476
-0.089478,-0.315918,0.819092
-0.157349,0.187134,1.038818
0.449463,-0.386475,1.003784
-0.479126,0.016724,0.828857
0.505615,-0.112915,1.153931
-0.095703,-0.312378,0.821777
-0.132568,0.177612,1.041138
0.426147,-0.401367,0.988159
-0.471191,0.009399,0.826172
0.508911,-0.127686,1.143799
-0.102051,-0.300049,0.833252
-0.109985,0.176270,1.048462
0.406006,-0.403198,0.974976
-0.469482,0.016968,0.829102
0.514038,-0.140137,1.144775
-0.124512,-0.284058,0.827759
-0.092041,0.150513,1.042725
0.399414,-0.402710,0.969604
-0.473877,0.032715,0.827393
0.521973,-0.157471,1.144897
-0.134277,-0.299805,0.813599
-0.071411,0.166992,1.051270
0.386963,-0.397461,0.970703
-0.473022,0.022339,0.826660
0.528076,-0.170044,1.127441
-0.142578,-0.300537,0.809570
-0.062256,0.153198,1.050537
0.384644,-0.390259,0.964722
-0.467773,0.034912,0.831421
0.523315,-0.167480,1.125610
-0.151367,-0.320679,0.798340
-0.056152,0.149780,1.052368
0.382324,-0.400879,0.965942
-0.478149,0.046753,0.835815
0.524170,-0.175415,1.131104
-0.157471,-0.326050,0.799683
-0.054810,0.135620,1.045166
0.370728,-0.406006,0.953125
-0.468994,0.042847,0.834961
0.524658,-0.177856,1.128418
-0.158936,-0.295776,0.812134
-0.053345,0.146729,1.042847
0.369629,-0.401123,0.956787
-0.468140,0.032227,0.830811
0.518066,-0.176147,1.134521
-0.161865,-0.285767,0.818726
-0.042603,0.135742,1.045044
0.361694,-0.392822,0.956177
-0.464355,0.021606,0.819580
0.525635,-0.171143,1.125854
-0.167847,-0.297729,0.805298
-0.049072,0.135376,1.044556
0.361816,-0.414551,0.949341
-0.461304,0.039307,0.828369
0.523560,-0.182739,1.126953
-0.177612,-0.295776,0.804810
-0.034180,0.128418,1.050537
0.354980,-0.413208,0.945312
-0.466919,0.043823,0.828613
0.519653,-0.177734,1.119019
-0.186523,-0.289551,0.800049
-0.032349,0.121094,1.040283
0.354248,-0.409302,0.941284
-0.465454,0.050293,0.834473
0.519043,-0.179199,1.113892
-0.195801,-0.275391,0.803833
-0.016113,0.132080,1.049072
0.337280,-0.401001,0.944946
-0.471191,0.057495,0.828613
0.533447,-0.192749,1.125977
-0.204224,-0.301758,0.796753
-0.012085,0.124878,1.058960
0.337891,-0.407837,0.940308
-0.461304,0.068115,0.830078
0.522949,-0.197632,1.105225
-0.213989,-0.282959,0.787964
-0.006348,0.124756,1.058960
0.329468,-0.418213,0.936768
-0.466309,0.073486,0.835938
0.516357,-0.197388,1.101074
-0.226440,-0.280273,0.794189
0.005249,0.129395,1.061768
0.324585,-0.416382,0.931152
-0.473267,0.084839,0.836182
0.519531,-0.214355,1.087158
-0.241943,-0.271362,0.793823
0.014526,0.108398,1.058838
0.316284,-0.413452,0.928467
-0.468018,0.090698,0.836792
0.527588,-0.208862,1.098389
-0.245117,-0.264038,0.789307
0.014282,0.106812,1.051880
0.315063,-0.425537,0.926636
-0.466797,0.086304,0.843872
0.517456,-0.193848,1.100464
-0.251709,-0.268677,0.786743
0.014893,0.100464,1.054443
0.311157,-0.416016,0.929688
-0.469360,0.088013,0.842529
0.519043,-0.196533,1.098877
-0.249146,-0.271362,0.780396
0.022339,0.105225,1.061768
0.305176,-0.407837,0.924072
-0.474854,0.092285,0.838135
0.514282,-0.199097,1.095337
-0.245728,-0.283325,0.787231
0.008667,0.103027,1.046631
0.300049,-0.401733,0.929565
-0.464722,0.077393,0.831177
0.517822,-0.208008,1.095459
-0.246826,-0.265991,0.788818
0.002319,0.107178,1.048340
0.302856,-0.423950,0.921387
-0.473022,0.087036,0.834717
0.504028,-0.199463,1.088135
-0.220947,-0.292480,0.802856
0.001099,0.091553,1.038574
0.297363,-0.404053,0.916504
-0.471680,0.063843,0.820557
0.512085,-0.194824,1.100220
-0.216187,-0.272461,0.800781
-0.016357,0.110229,1.042358
0.305908,-0.424194,0.921387
-0.480347,0.069214,0.824097
0.504639,-0.190552,1.101562
-0.209473,-0.298462,0.790283
-0.033691,0.109253,1.033081
0.315674,-0.421387,0.916382
-0.483887,0.054688,0.816528
0.501953,-0.184082,1.103638
-0.193481,-0.301147,0.784668
-0.062622,0.131958,1.026123
0.334595,-0.418945,0.917480
-0.479492,0.033325,0.808472
0.488647,-0.168945,1.101562
-0.183960,-0.294067,0.781738
-0.079224,0.127930,1.018433
0.351562,-0.423828,0.929321
-0.500732,0.030640,0.798828
0.482910,-0.167358,1.105835
-0.174805,-0.285889,0.790405
-0.108276,0.136963,1.016479
0.370361,-0.406372,0.940063
-0.509033,0.011719,0.796997
0.470215,-0.144165,1.109985
-0.164917,-0.277344,0.780762
-0.140869,0.153687,1.020508
0.383545,-0.406738,0.947266
-0.500488,-0.009277,0.786011
0.454224,-0.128784,1.115723
-0.160767,-0.280151,0.784058
-0.172119,0.164062,1.011719
0.401367,-0.400146,0.959473
-0.500488,-0.022949,0.784668
0.428223,-0.110474,1.109985
-0.144531,-0.291992,0.784546
-0.205444,0.179321,1.005615
0.421631,-0.384766,0.974731
-0.510132,-0.026733,0.781494
0.411499,-0.099487,1.113770
-0.115845,-0.278809,0.799683
-0.249390,0.200928,0.997314
0.437988,-0.373291,0.984741
-0.498047,-0.063721,0.770386
0.388306,-0.085938,1.108398
-0.110596,-0.283691,0.809570
-0.286865,0.203735,0.970947
0.452026,-0.356201,1.009399
-0.483276,-0.100830,0.752441
0.352539,-0.069824,1.104980
-0.078491,-0.307983,0.814697
-0.312988,0.182617,0.952148
0.466675,-0.361572,1.003906
-0.471924,-0.104248,0.757446
0.330688,-0.058960,1.099243
-0.047729,-0.336670,0.807495
-0.333252,0.167847,0.924927
0.467041,-0.350464,1.004272
-0.466675,-0.138916,0.733032
0.307617,-0.041870,1.102783
-0.015625,-0.345703,0.817383
-0.370850,0.186157,0.916016
0.470093,-0.341431,1.008789
-0.441772,-0.167114,0.734863
0.277222,-0.006714,1.097046
0.015991,-0.339600,0.835083
-0.403198,0.190674,0.909058
0.482422,-0.338135,1.016113
-0.427734,-0.190186,0.740234
0.237183,0.017090,1.099609
0.056396,-0.359863,0.841797
-0.421753,0.170410,0.889160
0.487061,-0.318115,1.023560
-0.424683,-0.217407,0.739258
0.189697,0.033569,1.083618
0.091675,-0.373047,0.850586
-0.433472,0.163940,0.883057
0.486450,-0.280640,1.032227
-0.416626,-0.221191,0.743408
0.156250,0.041504,1.070190
0.125122,-0.382324,0.864868
-0.452271,0.142578,0.860229
0.496216,-0.282104,1.047852
-0.395386,-0.240723,0.741455
0.119019,0.074707,1.063477
0.158081,-0.394287,0.864990
-0.466553,0.127441,0.854980
0.497681,-0.288940,1.038330
-0.374146,-0.231812,0.754883
0.083740,0.084595,1.060059
0.187256,-0.399292,0.868408
-0.468384,0.131348,0.849243
0.491089,-0.254272,1.043823
-0.333374,-0.245850,0.772583
0.060425,0.074219,1.050171
0.213745,-0.415405,0.875977
-0.494141,0.133789,0.830811
0.494385,-0.239990,1.046753
-0.298218,-0.280029,0.770142
0.023438,0.092407,1.048706
0.232788,-0.414673,0.876953
-0.504150,0.109619,0.816284
0.497314,-0.122192,1.143677
-0.265747,-0.295532,0.768677
-0.090332,0.160278,1.064941
0.425171,-0.384277,1.000488
-0.472290,0.015747,0.822998
0.488525,-0.119141,1.147583
-0.100220,-0.335449,0.810425
-0.119263,0.164307,1.046021
0.443848,-0.370728,1.015503
-0.466309,0.009033,0.829834
0.476929,-0.099854,1.147095
-0.096436,-0.340332,0.805298
-0.146240,0.194824,1.046387
0.453613,-0.368530,1.016357
-0.460938,-0.016113,0.819580
0.457886,-0.091187,1.148682
-0.087402,-0.310181,0.823486
-0.171021,0.187988,1.046143
0.467041,-0.369507,1.022461
-0.465454,-0.039307,0.806152
0.442871,-0.065796,1.154785
-0.076538,-0.317017,0.819092
-0.200073,0.192749,1.028809
0.485474,-0.364380,1.036011
-0.464844,-0.052368,0.792725
0.427002,-0.050781,1.156616
-0.059570,-0.309082,0.829346
-0.215210,0.205566,1.027710
0.483765,-0.350830,1.042725
-0.456543,-0.075439,0.787231
0.417236,-0.063110,1.144775
-0.056641,-0.292969,0.847656
-0.237305,0.197144,1.013184
0.490479,-0.353516,1.040527
-0.454224,-0.063843,0.798462
0.409180,-0.050049,1.151978
-0.038940,-0.313477,0.837280
-0.250854,0.191528,1.003418
0.496094,-0.351074,1.037964
-0.450439,-0.073853,0.795288
0.395874,-0.032349,1.153931
-0.028809,-0.304199,0.845703
-0.265015,0.204590,1.000244
0.505737,-0.356567,1.042603
-0.447144,-0.107178,0.783203
0.384888,-0.024170,1.153198
-0.028564,-0.298340,0.844727
-0.272583,0.194702,0.993164
0.508911,-0.352173,1.048340
-0.446045,-0.108398,0.780518
0.366577,-0.012207,1.148071
-0.009644,-0.300659,0.861938
-0.279053,0.197632,0.994507
0.512207,-0.355591,1.049072
-0.436890,-0.125000,0.775757
0.359253,-0.004028,1.145752
-0.005493,-0.317749,0.856445
-0.296875,0.193237,0.980957
0.516113,-0.343262,1.047974
-0.429810,-0.127930,0.782471
0.349609,0.012085,1.144531
0.002808,-0.322998,0.852417
-0.303955,0.177246,0.972656
0.510498,-0.349731,1.041016
-0.428467,-0.115967,0.775513
0.346924,0.006348,1.146484
0.011108,-0.322021,0.857910
-0.311890,0.180176,0.959595
0.513550,-0.339844,1.043091
-0.426270,-0.146606,0.772095
0.333252,0.018433,1.140259
0.022217,-0.327515,0.853271
-0.311157,0.180542,0.963135
0.513794,-0.353271,1.038696
-0.422729,-0.153687,0.769287
0.331787,0.017822,1.145264
0.026367,-0.329102,0.857788
-0.319336,0.173218,0.952515
0.514282,-0.340820,1.049072
-0.427490,-0.143311,0.759033
0.327271,0.021851,1.133789
0.030884,-0.323608,0.855469
-0.312988,0.177734,0.953369
0.508911,-0.342041,1.043213
-0.433472,-0.149292,0.762329
0.322876,0.006714,1.133301
0.037354,-0.330078,0.863403
-0.318604,0.175415,0.955688
0.509033,-0.342896,1.044922
-0.431396,-0.162720,0.756958
0.315918,0.011719,1.131958
0.042480,-0.313110,0.872192
-0.316040,0.178711,0.958618
0.504517,-0.338257,1.040649
-0.433472,-0.154785,0.759399
0.312988,0.001465,1.123413
0.040771,-0.333618,0.855713
-0.310425,0.168213,0.962891
0.508057,-0.334717,1.043579
-0.437866,-0.154053,0.757568
0.310059,0.001587,1.119873
0.042969,-0.342651,0.855835
-0.326050,0.177612,0.953735
0.500854,-0.319336,1.047729
-0.425293,-0.174805,0.746582
0.300537,0.009155,1.121582
0.040771,-0.326660,0.863281
-0.325073,0.177856,0.962891
0.506470,-0.312988,1.055908
-0.430054,-0.182983,0.747070
0.290771,0.002930,1.107056
0.048828,-0.357544,0.846680
-0.331421,0.178223,0.945068
0.503418,-0.319214,1.052368
-0.428101,-0.161133,0.755127
0.289551,0.008057,1.109619
0.049194,-0.355591,0.850952
-0.338379,0.164062,0.933472
0.505127,-0.332642,1.042603
-0.417603,-0.180786,0.753174
0.282837,0.018799,1.116455
0.050415,-0.339966,0.859741
-0.338135,0.170776,0.942505
0.499756,-0.323975,1.038330
-0.418945,-0.174438,0.751465
0.288696,0.025391,1.126709
0.043945,-0.329712,0.857666
-0.351929,0.170532,0.936646
0.502930,-0.341675,1.036987
-0.425537,-0.180298,0.758179
0.280884,0.033325,1.129028
0.044800,-0.331543,0.854614
-0.355957,0.157837,0.927368
0.497437,-0.342529,1.025146
-0.426880,-0.169678,0.755127
0.287231,0.032959,1.136353
0.042358,-0.338867,0.854736
-0.354736,0.170532,0.934570
0.501099,-0.346802,1.029175
-0.431396,-0.156372,0.757446
0.294312,0.018799,1.123901
0.027832,-0.330811,0.855103
-0.332153,0.169312,0.935181
0.489868,-0.314453,1.034302
-0.464233,-0.114380,0.756348
0.309082,-0.014404,1.117310
0.014160,-0.344116,0.844116
-0.329468,0.168945,0.944946
0.481323,-0.341919,1.028564
-0.468384,-0.108643,0.758911
0.334351,-0.015259,1.119751
-0.016235,-0.318848,0.847168
-0.313232,0.185181,0.963013
0.471069,-0.338135,1.020996
-0.479004,-0.094971,0.749634
0.350830,-0.044556,1.115967
-0.040161,-0.316650,0.832031
-0.292847,0.183838,0.978638
0.458618,-0.351318,1.001953
-0.499390,-0.053589,0.763428
0.383057,-0.063843,1.118408
-0.068848,-0.308838,0.822266
-0.268921,0.179199,0.968506
0.450073,-0.367188,1.003174
-0.504272,-0.045044,0.766724
0.394531,-0.061890,1.122559
-0.098389,-0.288208,0.808105
-0.230591,0.203125,1.015015
0.442627,-0.381348,0.990601
-0.526855,-0.014282,0.771973
0.423950,-0.095825,1.115967
-0.121948,-0.312622,0.797363
-0.190430,0.187012,1.026978
0.412231,-0.369507,0.983276
-0.537964,0.005371,0.770996
0.453125,-0.151001,1.106201
-0.131714,-0.322144,0.777466
-0.166016,0.198486,1.019165
0.387695,-0.390503,0.951050
-0.515503,0.011963,0.793579
0.470581,-0.158325,1.098145
-0.174561,-0.307983,0.771240
-0.126831,0.153198,1.007080
0.366089,-0.414185,0.940552
-0.512817,0.037231,0.795288
0.494507,-0.162231,1.112061
-0.192627,-0.288940,0.776245
-0.080688,0.129028,1.016113
0.335449,-0.435059,0.908325
-0.510620,0.076660,0.806274
0.492920,-0.194702,1.087769
-0.208130,-0.284546,0.771606
-0.035400,0.124512,1.024780
0.310181,-0.415161,0.905518
-0.505005,0.092773,0.811279
0.509888,-0.238037,1.078247
-0.236084,-0.308350,0.774902
-0.003540,0.123657,1.049561
0.289673,-0.407471,0.902588
-0.502319,0.092651,0.818848
0.523560,-0.244019,1.076416
-0.268311,-0.278076,0.780396
0.007446,0.119629,1.046265
0.264771,-0.432495,0.886719
-0.485107,0.095337,0.828979
0.512573,-0.243896,1.070801
-0.296631,-0.244873,0.776489
0.049072,0.110107,1.060547
0.230103,-0.423340,0.873657
-0.479248,0.103394,0.836792
0.522461,-0.262695,1.065430
-0.339844,-0.209595,0.779297
0.069458,0.100098,1.069946
0.202637,-0.419189,0.871704
-0.472900,0.128174,0.846802
0.517822,-0.265137,1.060547
-0.374146,-0.216187,0.766357
0.097290,0.071777,1.057861
0.176147,-0.407104,0.866089
-0.451172,0.155640,0.870972
0.521362,-0.266479,1.072388
-0.404175,-0.193726,0.762085
0.125977,0.052856,1.060425
0.157227,-0.422729,0.856323
-0.448120,0.149658,0.875732
0.507812,-0.290283,1.057007
-0.425049,-0.171997,0.746704
0.154541,0.044556,1.072876
0.127930,-0.410889,0.858276
-0.439331,0.166626,0.883057
0.504639,-0.305908,1.040894
-0.438599,-0.171997,0.735596
0.186157,0.034302,1.072266
0.103516,-0.394409,0.850830
-0.432983,0.172852,0.895142
0.500488,-0.303345,1.044067
-0.446167,-0.183960,0.728149
0.202515,0.040039,1.083496
0.076538,-0.399292,0.838379
-0.413208,0.177612,0.898804
0.497070,-0.333862,1.029541
-0.454712,-0.149414,0.741821
0.229614,0.011353,1.078003
0.041504,-0.393188,0.819092
-0.396973,0.193359,0.913574
0.494385,-0.345093,1.025879
-0.471924,-0.135376,0.744507
0.255859,-0.007446,1.079102
0.014893,-0.348389,0.833130
-0.383301,0.189331,0.926636
0.492554,-0.350098,1.028442
-0.478027,-0.149536,0.721069
0.270020,-0.005371,1.081787
-0.013062,-0.332397,0.823120
-0.350464,0.194580,0.941772
0.478760,-0.344849,1.019165
-0.502686,-0.099976,0.729492
0.296631,-0.035156,1.085938
-0.037354,-0.334839,0.809692
-0.338257,0.186035,0.945801
0.471436,-0.365234,1.006348
-0.512451,-0.093018,0.730103
0.320435,-0.044556,1.092773
-0.074219,-0.316528,0.807251
-0.306885,0.188477,0.959839
0.458130,-0.363647,0.998657
-0.528564,-0.056030,0.733887
0.345337,-0.075195,1.083130
-0.095825,-0.326416,0.800049
-0.272949,0.177246,0.973877
0.422729,-0.366089,0.983154
-0.532715,-0.026733,0.759399
0.374756,-0.093506,1.085693
-0.130127,-0.303955,0.788818
-0.241333,0.167114,0.975098
0.406372,-0.376709,0.957031
-0.547852,-0.003906,0.760498
0.404297,-0.135498,1.081543
-0.154419,-0.290283,0.787476
-0.209717,0.171875,0.995361
0.387817,-0.377075,0.954956
-0.542480,0.015747,0.767822
0.433350,-0.169678,1.077881
-0.173706,-0.325562,0.759766
-0.190063,0.167847,0.996948
0.372070,-0.385742,0.940308
-0.533447,0.018921,0.775635
0.441650,-0.178101,1.073975
-0.200562,-0.320557,0.744263
-0.151978,0.153687,1.000122
0.363647,-0.413696,0.920044
-0.533813,0.043335,0.784668
0.450562,-0.173950,1.068237
-0.208618,-0.316772,0.744019
-0.122559,0.141113,0.999878
0.343872,-0.417725,0.919556
-0.536865,0.052979,0.787109
0.461548,-0.176636,1.082153
-0.217529,-0.294678,0.750732
-0.094238,0.115845,1.008667
0.316406,-0.416504,0.900146
-0.534912,0.053833,0.784058
0.468994,-0.208618,1.064453
-0.224854,-0.285522,0.755249
-0.083374,0.139404,1.006226
0.304443,-0.413452,0.893677
-0.523315,0.054077,0.786499
0.472778,-0.216553,1.057129
-0.251465,-0.273315,0.748535
-0.048462,0.118652,1.007935
0.285889,-0.411987,0.891968
-0.526733,0.076660,0.796021
0.476562,-0.235107,1.049805
-0.258545,-0.284302,0.755249
-0.032227,0.109619,1.022949
0.268555,-0.423462,0.891724
-0.529175,0.096558,0.802368
0.484985,-0.237183,1.050049
-0.284912,-0.249878,0.765503
-0.010498,0.099731,1.021362
0.248779,-0.414185,0.878662
-0.518433,0.104980,0.806763
0.487305,-0.256226,1.048340
-0.299805,-0.253052,0.764160
0.003540,0.100098,1.026733
0.244263,-0.432495,0.869751
-0.518311,0.111694,0.807739
0.490601,-0.266602,1.037598
-0.322998,-0.233398,0.770386
0.020752,0.109619,1.041992
0.225586,-0.437378,0.851440
-0.514038,0.122070,0.824707
0.480225,-0.257935,1.042603
-0.351318,-0.221924,0.752441
0.040894,0.083496,1.031372
0.201538,-0.423218,0.860840
-0.503418,0.129395,0.828979
0.492798,-0.264160,1.036133
-0.390137,-0.213867,0.745605
0.067261,0.079712,1.050781
0.183472,-0.426147,0.859741
-0.491699,0.153442,0.844971
0.485474,-0.269165,1.035278
-0.419922,-0.198364,0.747070
0.088013,0.063843,1.044312
0.166382,-0.423462,0.852173
-0.495239,0.159790,0.853638
0.485840,-0.286865,1.032959
-0.425903,-0.175171,0.751221
0.112061,0.060059,1.047119
0.124756,-0.419434,0.836426
-0.473999,0.156738,0.848022
0.479248,-0.289917,1.020630
-0.451904,-0.164551,0.734375
0.141724,0.051758,1.064087
0.106323,-0.421143,0.838013
-0.479980,0.170410,0.864258
0.473511,-0.304199,1.018066
-0.459473,-0.164185,0.727905
0.174316,0.040283,1.065430
0.068359,-0.408813,0.820801
-0.465820,0.184082,0.877441
0.471436,-0.323730,1.008301
-0.473389,-0.147827,0.741333
0.194092,0.012207,1.064087
0.036743,-0.395996,0.822021
-0.443848,0.167603,0.876953
0.459106,-0.336060,1.001465
-0.485474,-0.116455,0.733276
0.224243,-0.001709,1.073486
0.009521,-0.374268,0.813843
-0.432495,0.179810,0.894165
0.457886,-0.352661,0.989990
-0.482910,-0.119629,0.731201
0.245483,-0.011719,1.073242
-0.027588,-0.343994,0.815796
-0.397705,0.171265,0.902588
0.449707,-0.348145,0.986816
-0.495605,-0.107910,0.731567
0.267822,-0.025269,1.070679
-0.045776,-0.360474,0.794189
-0.395508,0.184326,0.902100
0.450195,-0.373413,0.981201
-0.510498,-0.085083,0.728149
0.285400,-0.043579,1.068970
-0.069092,-0.366577,0.780518
-0.368530,0.182007,0.911499
0.439453,-0.373779,0.976440
-0.518066,-0.078369,0.738403
0.301147,-0.053589,1.078003
-0.096436,-0.337646,0.783691
-0.347778,0.168457,0.917114
0.441895,-0.399902,0.963867
-0.520996,-0.047852,0.738037
0.312012,-0.051636,1.067749
-0.117310,-0.304443,0.786133
-0.306885,0.161133,0.944946
0.424438,-0.391968,0.962158
-0.538330,-0.038208,0.728516
0.336548,-0.064819,1.077393
-0.129883,-0.318726,0.782104
-0.291748,0.166016,0.941406
0.422363,-0.393677,0.957153
-0.552490,-0.017456,0.743652
0.345581,-0.102417,1.063843
-0.140625,-0.327759,0.776123
-0.251587,0.158936,0.956543
0.396973,-0.375854,0.959595
-0.573730,0.003662,0.744995
0.370117,-0.135620,1.057739
-0.155396,-0.353271,0.763306
-0.234253,0.168457,0.972534
0.368042,-0.369019,0.939209
-0.575562,0.007568,0.746338
0.395142,-0.173096,1.045410
-0.172119,-0.332642,0.752563
-0.209351,0.165527,0.972778
0.355469,-0.388916,0.922241
-0.559692,0.036499,0.757324
0.422363,-0.183594,1.046997
-0.210571,-0.300415,0.734863
-0.170044,0.158325,0.985352
0.341919,-0.403809,0.909302
-0.563110,0.046021,0.768433
0.432129,-0.196533,1.040527
-0.224609,-0.323608,0.721313
-0.133057,0.144287,0.978271
0.324463,-0.412109,0.891357
-0.561035,0.068237,0.767944
0.444458,-0.238525,1.021484
-0.243652,-0.297119,0.725464
-0.093872,0.139648,0.991577
0.297607,-0.415527,0.882690
-0.556030,0.092529,0.779175
0.461914,-0.244751,1.030273
-0.266602,-0.279541,0.740112
-0.057495,0.125732,1.007202
0.274414,-0.433594,0.870728
-0.552612,0.093018,0.782837
0.467896,-0.246338,1.036011
-0.293213,-0.277100,0.747559
-0.029053,0.124634,1.008545
0.245483,-0.432373,0.863525
-0.544678,0.105835,0.780640
0.474121,-0.250366,1.030884
-0.313354,-0.227783,0.763428
-0.005127,0.107910,1.016724
0.213257,-0.432007,0.844482
-0.530640,0.115112,0.806763
0.471313,-0.253662,1.030273
-0.353760,-0.197754,0.761475
0.027588,0.104248,1.021973
0.193237,-0.433960,0.844482
-0.524292,0.131958,0.812622
0.479492,-0.278442,1.026001
-0.376221,-0.213989,0.752808
0.040649,0.076416,1.030151
0.172607,-0.423950,0.843384
-0.522095,0.139282,0.810547
0.473389,-0.276245,1.022827
-0.369995,-0.198975,0.770264
0.064941,0.071777,1.039917
0.142700,-0.420044,0.833008
-0.510742,0.140015,0.824219
0.482300,-0.290894,1.015381
-0.401733,-0.191406,0.750122
0.067749,0.083618,1.048340
0.138428,-0.427368,0.831299
-0.505249,0.163818,0.843994
0.474609,-0.289185,1.004761
-0.421387,-0.168823,0.753662
0.093506,0.064575,1.045776
0.131226,-0.412964,0.839233
-0.509033,0.160034,0.837891
0.462769,-0.299316,1.003540
-0.434570,-0.174683,0.743774
0.103882,0.057983,1.045776
0.119385,-0.413208,0.834717
-0.504883,0.164917,0.844116
0.467773,-0.305054,1.012817
-0.431152,-0.179321,0.751831
0.099609,0.046997,1.042236
0.113281,-0.411621,0.835327
-0.506104,0.167603,0.843872
0.463257,-0.303467,1.003174
-0.430176,-0.203125,0.741699
0.098511,0.041626,1.041870
0.113403,-0.416260,0.834106
-0.514526,0.171997,0.843140
0.471069,-0.305298,1.011597
-0.422485,-0.176758,0.758057
0.099243,0.040405,1.032104
0.109619,-0.405151,0.824341
-0.526611,0.176880,0.842773
0.479858,-0.323486,1.002808
-0.400635,-0.217773,0.751709
0.077637,0.072998,1.036865
0.124390,-0.407593,0.825806
-0.523926,0.169067,0.835327
0.479858,-0.329590,1.001343
-0.393555,-0.217041,0.755981
0.059937,0.081299,1.037720
0.137573,-0.418457,0.832397
-0.515869,0.145142,0.833252
0.473999,-0.299683,1.015991
-0.385376,-0.214111,0.746460
0.049683,0.087646,1.038086
0.154297,-0.424927,0.828857
-0.533081,0.147095,0.826538
0.472168,-0.294312,1.012817
-0.372314,-0.228149,0.747192
0.030884,0.107300,1.033325
0.173950,-0.424683,0.846924
-0.532959,0.133789,0.812988
0.463745,-0.281616,1.016357
-0.353271,-0.257202,0.739746
0.010864,0.102051,1.022339
0.188354,-0.423218,0.849243
-0.533691,0.139893,0.816772
0.466309,-0.258545,1.020508
-0.337402,-0.221802,0.763672
0.005493,0.094971,1.014160
0.205933,-0.432007,0.850952
-0.544678,0.130859,0.803345
0.458984,-0.260864,1.017944
-0.317017,-0.239502,0.747437
-0.010498,0.109619,1.013428
0.223022,-0.426147,0.856079
-0.545288,0.112061,0.794434
0.448608,-0.251343,1.009644
-0.310547,-0.256836,0.734131
-0.024780,0.103638,1.000977
0.242188,-0.421265,0.869385
-0.551514,0.088013,0.780640
0.445557,-0.236450,1.020264
-0.301147,-0.269531,0.727051
-0.036865,0.110962,1.007324
0.255859,-0.425293,0.878174
-0.561646,0.111206,0.790649
0.432129,-0.216309,1.016724
-0.278442,-0.283447,0.734131
-0.042358,0.103149,0.995117
0.257080,-0.424683,0.874878
-0.561523,0.102417,0.776733
0.447632,-0.218384,1.030029
-0.269287,-0.275757,0.736328
-0.060547,0.116455,0.998901
0.263062,-0.410767,0.883057
-0.552002,0.081055,0.778809
0.442383,-0.217041,1.026978
-0.276245,-0.278564,0.727539
-0.077881,0.122681,0.996094
0.276367,-0.444336,0.869995
-0.550171,0.101074,0.793945
0.434204,-0.206421,1.029541
-0.266357,-0.284058,0.725464
-0.091675,0.116821,0.987305
0.289795,-0.428345,0.885864
-0.567871,0.092041,0.776489
0.438599,-0.203857,1.033325
-0.250244,-0.286255,0.738892
-0.102539,0.125610,0.991577
0.295288,-0.416870,0.894165
-0.557251,0.073486,0.773193
0.428223,-0.190918,1.038452
-0.247925,-0.276978,0.731201
-0.115845,0.124023,0.984131
0.305542,-0.434326,0.887207
-0.565918,0.069458,0.766357
0.412231,-0.176514,1.032104
-0.233276,-0.294800,0.724487
-0.135254,0.138184,0.992554
0.319092,-0.424072,0.899780
-0.572021,0.070679,0.765747
0.415771,-0.177490,1.037109
-0.222046,-0.307861,0.729248
-0.163452,0.140747,0.975586
0.329468,-0.409546,0.917358
-0.569092,0.034546,0.757324
0.399658,-0.162842,1.042236
-0.210571,-0.293091,0.745728
-0.194336,0.159790,0.967041
0.349609,-0.408081,0.915894
-0.557373,0.018555,0.754028
0.394043,-0.141968,1.048462
-0.211914,-0.298584,0.721313
-0.211060,0.159668,0.967896
0.363892,-0.420654,0.925781
-0.567139,0.014038,0.752930
0.379395,-0.120239,1.044800
-0.199219,-0.286499,0.740234
-0.240601,0.168945,0.965454
0.373047,-0.419556,0.933838
-0.552612,0.006470,0.757935
0.365234,-0.103516,1.052734
-0.198486,-0.281616,0.752563
-0.245361,0.159058,0.956543
0.379028,-0.409180,0.936646
-0.556763,-0.000732,0.741699
0.348389,-0.092285,1.050415
-0.180054,-0.281982,0.756348
-0.273438,0.170044,0.957153
0.385254,-0.399170,0.939087
-0.553223,-0.014648,0.733032
0.334961,-0.086914,1.045410
-0.160278,-0.304688,0.763550
-0.299438,0.158569,0.933838
0.397339,-0.385376,0.955811
-0.547485,-0.046875,0.720825
0.316528,-0.061768,1.061646
-0.140991,-0.306396,0.766846
-0.326294,0.169556,0.925049
0.409180,-0.387451,0.949951
-0.544800,-0.052368,0.721558
0.291260,-0.033325,1.058350
-0.105957,-0.318848,0.778320
-0.356812,0.189453,0.923096
0.415161,-0.371704,0.965332
-0.544800,-0.065674,0.705688
0.272949,-0.026489,1.048096
-0.080688,-0.342041,0.777832
-0.397949,0.203003,0.917114
0.432007,-0.370239,0.965576
-0.520996,-0.091309,0.705444
0.245117,-0.009033,1.049316
-0.051636,-0.348877,0.788208
-0.429810,0.190063,0.897217
0.442139,-0.355225,0.968994
-0.514038,-0.102783,0.704712
0.217529,0.016113,1.048340
-0.017334,-0.379395,0.798218
-0.459595,0.214722,0.882812
0.438477,-0.346680,0.970703
-0.498535,-0.144409,0.715088
0.185181,0.019531,1.043823
0.016113,-0.379395,0.811401
-0.474487,0.209106,0.876221
0.505493,-0.249756,1.057739
-0.491211,-0.163452,0.714722
0.078613,0.088135,1.074829
0.044312,-0.394653,0.804077
-0.478882,0.114868,0.831909
0.508423,-0.241333,1.063965
-0.464722,-0.172607,0.720215
0.042236,0.101929,1.064575
0.256226,-0.410645,0.897095
-0.485840,0.095459,0.842407
0.507935,-0.241943,1.073242
-0.255249,-0.280029,0.784790
0.010132,0.106079,1.050781
0.282471,-0.403687,0.903809
-0.478027,0.082031,0.821655
0.496338,-0.212646,1.077271
-0.226807,-0.301270,0.795288
-0.022339,0.107422,1.032349
0.305786,-0.405640,0.914185
-0.486572,0.061401,0.807983
0.495483,-0.179565,1.098022
-0.196411,-0.311157,0.775879
-0.055786,0.118896,1.033569
0.328979,-0.422974,0.922363
-0.493408,0.050537,0.800293
0.479980,-0.177612,1.085083
-0.192505,-0.305298,0.773926
-0.086548,0.120850,1.014648
0.349121,-0.405029,0.930420
-0.499023,0.040039,0.807129
0.477173,-0.154053,1.107788
-0.174927,-0.297729,0.775879
-0.113403,0.131226,1.010254
0.366699,-0.397461,0.949463
-0.496948,0.027832,0.799438
0.458618,-0.118408,1.104858
-0.161255,-0.300049,0.784302
-0.139404,0.141113,1.021851
0.382935,-0.397705,0.951416
-0.508545,0.008789,0.785156
0.439941,-0.129272,1.100708
-0.142456,-0.299316,0.786743
-0.171875,0.159302,1.007080
0.399658,-0.369019,0.970825
-0.507080,-0.007446,0.783691
0.428467,-0.108765,1.109741
-0.141602,-0.312744,0.785278
-0.207520,0.192139,1.012451
0.418701,-0.377686,0.977295
-0.499878,-0.035034,0.776733
0.412842,-0.097290,1.112671
-0.128784,-0.305176,0.798584
-0.234375,0.177856,0.998535
0.432739,-0.373413,0.993896
-0.491943,-0.045532,0.776245
0.393311,-0.066772,1.118286
-0.114624,-0.276001,0.812012
-0.251953,0.169800,0.979492
0.439087,-0.369385,0.995850
-0.489868,-0.067993,0.775146
0.388184,-0.058472,1.126465
-0.098511,-0.296509,0.800049
-0.280396,0.186646,0.972412
0.454834,-0.371460,0.995605
-0.478516,-0.090942,0.766846
0.362427,-0.051758,1.110596
-0.081299,-0.289795,0.813965
-0.295166,0.180054,0.956177
0.468872,-0.369629,1.008301
-0.465210,-0.123901,0.759277
0.332764,-0.029907,1.114502
-0.047729,-0.321533,0.815430
-0.319092,0.174194,0.941772
0.479980,-0.350586,1.006226
-0.458496,-0.127930,0.750244
0.300781,-0.016479,1.105713
-0.000732,-0.347534,0.827026
-0.352051,0.175049,0.933105
0.474365,-0.336548,1.020020
-0.439697,-0.154175,0.738770
0.280396,0.000122,1.107544
0.022095,-0.349365,0.833374
-0.380493,0.173340,0.930054
0.492188,-0.320435,1.034912
-0.424316,-0.169067,0.743652
0.241455,0.026733,1.101929
0.064087,-0.379272,0.848877
-0.401611,0.146240,0.901978
0.486450,-0.309082,1.041748
-0.415039,-0.191162,0.745972
0.204102,0.043701,1.089722
0.110352,-0.388062,0.866821
-0.424438,0.155396,0.894165
0.492432,-0.286255,1.048462
-0.403442,-0.204346,0.742310
0.175537,0.041382,1.086182
0.140625,-0.389526,0.877441
-0.450073,0.147705,0.873047
0.500977,-0.274780,1.051392
-0.391113,-0.205566,0.759155
0.141235,0.068237,1.083130
0.178955,-0.405640,0.879517
-0.455322,0.140259,0.868286
0.503540,-0.267334,1.055054
-0.375977,-0.222168,0.754150
0.100098,0.068970,1.068115
0.208252,-0.416870,0.885742
-0.463745,0.122070,0.852417
0.494751,-0.249390,1.049561
-0.335815,-0.242065,0.770630
0.066284,0.076050,1.057373
0.231812,-0.411621,0.885986
-0.473267,0.104248,0.834961
0.487183,-0.231079,1.059448
-0.306396,-0.234985,0.779785
0.036255,0.097412,1.053101
0.258667,-0.424683,0.890259
-0.478638,0.103760,0.835449
0.494141,-0.214722,1.072998
-0.257568,-0.272095,0.781128
0.006348,0.097534,1.046753
0.285278,-0.425781,0.903564
-0.489868,0.094971,0.825684
0.494263,-0.210205,1.072144
-0.230469,-0.281494,0.781982
-0.019287,0.110840,1.042847
0.302246,-0.414551,0.909668
-0.497925,0.069214,0.813599
0.492065,-0.195068,1.088745
-0.205688,-0.327393,0.769287
-0.059326,0.126587,1.031860
0.332886,-0.413330,0.926270
-0.498047,0.046387,0.807007
0.477783,-0.192139,1.085815
-0.190308,-0.294434,0.778198
-0.092163,0.134399,1.018066
0.346802,-0.398193,0.923462
-0.499756,0.042236,0.797363
0.471680,-0.159668,1.099121
-0.173706,-0.305664,0.778931
-0.127808,0.150513,1.007812
0.367676,-0.391968,0.947266
-0.495117,0.010986,0.790649
0.457520,-0.139526,1.107422
-0.165161,-0.288696,0.775513
-0.170288,0.165527,1.008667
0.399048,-0.384644,0.965820
-0.501587,-0.002441,0.787109
0.440430,-0.100586,1.121094
-0.155884,-0.297852,0.775024
-0.204346,0.182983,1.002563
0.422241,-0.389893,0.969482
-0.497437,-0.025513,0.781250
0.417603,-0.091797,1.115234
-0.139160,-0.305542,0.777954
-0.230225,0.179077,0.991455
0.445801,-0.373901,0.999634
-0.493530,-0.043823,0.770508
0.381958,-0.067139,1.110229
-0.111572,-0.297485,0.799316
-0.265747,0.186646,0.986206
0.457642,-0.365967,1.009766
-0.483032,-0.074341,0.762085
0.362549,-0.052734,1.114624
-0.071899,-0.327393,0.804321
-0.304443,0.167480,0.951172
0.467896,-0.363770,1.009155
-0.470337,-0.101440,0.758911
0.321533,-0.036011,1.104370
-0.028931,-0.335938,0.821777
-0.334229,0.165283,0.930786
0.474487,-0.332397,1.028687
-0.446533,-0.156616,0.742554
0.278320,-0.001465,1.102783
0.020020,-0.376099,0.828003
-0.369629,0.171875,0.923706
0.484863,-0.321167,1.033203
-0.429443,-0.183228,0.752197
0.234497,0.012329,1.097778
0.063599,-0.382812,0.842163
-0.402954,0.147217,0.890259
0.495483,-0.295654,1.045288
-0.400879,-0.187012,0.755615
0.186890,0.044067,1.087891
0.112915,-0.393799,0.860229
-0.438354,0.139771,0.864868
0.498535,-0.279297,1.054077
-0.383423,-0.224121,0.759033
0.140747,0.070679,1.078979
0.161621,-0.400146,0.881348
-0.455811,0.122681,0.856567
0.503418,-0.251831,1.064697
-0.358765,-0.229980,0.761963
0.088501,0.090454,1.068237
0.203735,-0.421631,0.879150
-0.468140,0.100342,0.845947
0.492920,-0.257080,1.057495
-0.303223,-0.242188,0.791260
0.051025,0.107300,1.067871
0.246948,-0.410522,0.886108
-0.488647,0.086182,0.827637
0.492188,-0.244263,1.068115
-0.250732,-0.263062,0.785278
0.009888,0.112305,1.049194
0.277466,-0.403442,0.905884
-0.499756,0.066162,0.804810
0.491699,-0.202881,1.082642
-0.215698,-0.291992,0.771606
-0.042480,0.130859,1.038696
0.316040,-0.418823,0.910156
-0.501953,0.054443,0.809937
0.480469,-0.187744,1.084473
-0.189087,-0.298462,0.765381
-0.084473,0.150879,1.021362
0.348633,-0.392700,0.933105
-0.510498,0.030884,0.793945
0.471191,-0.175659,1.090820
-0.170044,-0.317749,0.762329
-0.136108,0.172729,1.030884
0.377686,-0.386108,0.949585
-0.513916,0.014160,0.789551
0.449341,-0.157715,1.094727
-0.154907,-0.306274,0.773193
-0.189819,0.175903,1.001343
0.408447,-0.379028,0.963623
-0.502808,-0.009155,0.787231
0.423462,-0.113403,1.107178
-0.127686,-0.285645,0.795654
-0.240234,0.183960,0.987183
0.437500,-0.363403,0.989502
-0.494873,-0.038452,0.768677
0.394043,-0.080811,1.106201
-0.087646,-0.296875,0.810303
-0.274658,0.189087,0.977539
0.447510,-0.357422,1.006592
-0.485229,-0.088135,0.761475
0.353638,-0.058594,1.107178
-0.057007,-0.311035,0.822144
-0.308105,0.178955,0.946655
0.470093,-0.340332,1.017090
-0.467285,-0.119507,0.760010
0.314331,-0.027710,1.105103
-0.016357,-0.328491,0.830200
-0.335693,0.172485,0.933594
0.479736,-0.313110,1.030396
-0.441650,-0.164673,0.734253
0.271851,-0.004272,1.101807
0.023926,-0.356445,0.834717
-0.366577,0.165405,0.921875
0.493774,-0.307983,1.044922
-0.423828,-0.190918,0.746948
0.223267,0.026245,1.095093
0.077881,-0.387695,0.847900
-0.404785,0.164307,0.900391
0.499512,-0.293457,1.051392
-0.407349,-0.178345,0.754639
0.188354,0.045166,1.084106
0.123169,-0.403076,0.852661
-0.425903,0.147217,0.893555
0.510498,-0.287231,1.053833
-0.394775,-0.204712,0.755615
0.143311,0.054565,1.073364
0.168579,-0.406616,0.870972
-0.453613,0.142334,0.870117
0.513062,-0.268799,1.053833
-0.366943,-0.238525,0.762085
0.096802,0.070679,1.067505
0.203247,-0.399048,0.888672
-0.466187,0.119629,0.854004
0.513184,-0.254272,1.069214
-0.312866,-0.260742,0.773682
0.049194,0.101318,1.060181
0.240479,-0.405396,0.894775
-0.478149,0.091431,0.826416
0.499390,-0.235107,1.073486
-0.257690,-0.267456,0.787598
0.015747,0.109131,1.047729
0.267334,-0.403687,0.901367
-0.486084,0.072876,0.821533
0.494263,-0.223022,1.073486
-0.222900,-0.293701,0.775879
-0.029175,0.125854,1.038696
0.312012,-0.412964,0.914307
-0.492310,0.057373,0.811401
0.486084,-0.191406,1.079834
-0.197754,-0.298828,0.775513
-0.071777,0.134888,1.022095
0.336426,-0.400635,0.931885
-0.502319,0.032349,0.805176
0.476562,-0.154053,1.099121
-0.174438,-0.313232,0.767700
-0.122925,0.156128,1.021729
0.373901,-0.409912,0.942383
-0.513306,0.023071,0.800781
0.464355,-0.131470,1.111084
-0.160645,-0.293213,0.769897
-0.167358,0.180054,1.019287
0.404785,-0.410645,0.950684
-0.509644,-0.015015,0.787476
0.438965,-0.123657,1.107300
-0.138794,-0.281860,0.785522
-0.207520,0.197388,1.020020
0.427612,-0.400635,0.978760
-0.512939,-0.018555,0.792358
0.415771,-0.096436,1.112427
-0.121338,-0.294556,0.793945
-0.247681,0.193604,0.994141
0.449707,-0.385132,0.996948
-0.497681,-0.059937,0.772339
0.378784,-0.066650,1.117065
-0.095215,-0.282837,0.808960
-0.282471,0.184326,0.973755
0.475708,-0.377075,1.013550
-0.480591,-0.100830,0.765625
0.338989,-0.029053,1.112671
-0.059448,-0.318481,0.806885
-0.312744,0.169067,0.941772
0.484009,-0.365723,1.023926
-0.452759,-0.135132,0.751221
0.308228,-0.012939,1.113892
-0.013550,-0.343628,0.814819
-0.353027,0.181641,0.933105
0.497437,-0.358276,1.031616
-0.436768,-0.178223,0.746094
0.269653,0.010010,1.104858
0.037354,-0.328247,0.840820
-0.392944,0.192505,0.919312
0.505859,-0.333618,1.036865
-0.403442,-0.215576,0.746582
0.214844,0.038452,1.095337
0.089600,-0.351074,0.860840
-0.418945,0.147339,0.892090
0.512573,-0.298096,1.053711
-0.384888,-0.233276,0.757812
0.156128,0.064819,1.079834
0.144531,-0.383911,0.865356
-0.442871,0.139160,0.872559
0.512573,-0.278931,1.056030
-0.360962,-0.251587,0.766968
0.109375,0.080078,1.075684
0.197144,-0.385620,0.888184
-0.461670,0.107666,0.846802
0.513672,-0.255615,1.067139
-0.285156,-0.286133,0.786621
0.050415,0.096802,1.063599
0.236938,-0.399658,0.891846
-0.472168,0.077759,0.827515
0.505127,-0.227417,1.079224
-0.236328,-0.287354,0.787720
0.004761,0.112793,1.046143
0.284668,-0.405640,0.912476
-0.480835,0.069458,0.818115
0.492676,-0.200806,1.081543
-0.204834,-0.289429,0.782349
-0.036255,0.123657,1.030884
0.320801,-0.393555,0.930420
-0.494873,0.038452,0.793823
0.473999,-0.169189,1.093628
-0.175537,-0.306641,0.783936
-0.093994,0.141602,1.020264
0.362061,-0.384277,0.948975
-0.496094,0.003418,0.788330
0.460327,-0.134033,1.110840
-0.155640,-0.314087,0.778809
-0.159546,0.157959,1.013184
0.401733,-0.376953,0.969971
-0.492676,-0.003662,0.794312
0.427979,-0.094482,1.113647
-0.130249,-0.315918,0.783447
-0.210449,0.174805,0.995117
0.432861,-0.370605,0.990479
-0.497192,-0.024536,0.784546
0.397217,-0.062378,1.126587
-0.089600,-0.306763,0.808838
-0.260742,0.190796,0.986694
0.453491,-0.348145,1.017700
-0.477783,-0.087769,0.761597
0.360718,-0.033325,1.122070
-0.047852,-0.327271,0.811890
-0.307983,0.187134,0.960327
0.484009,-0.344116,1.029297
-0.454590,-0.120117,0.748413
0.306274,-0.006714,1.112793
0.012451,-0.345947,0.829834
-0.349731,0.183960,0.929810
0.500244,-0.331909,1.045044
-0.425903,-0.180664,0.747803
0.244873,0.024658,1.102905
0.070190,-0.365845,0.851318
-0.395752,0.167847,0.908936
0.507812,-0.296265,1.058105
-0.397461,-0.218140,0.756714
0.179565,0.047974,1.086914
0.133057,-0.391235,0.869141
-0.426270,0.134644,0.877319
0.507202,-0.282349,1.060303
-0.358276,-0.230103,0.772339
0.121826,0.072021,1.069580
0.193604,-0.391357,0.885132
-0.449951,0.101440,0.853638
0.509766,-0.241211,1.069702
-0.295654,-0.267334,0.779297
0.052124,0.085571,1.059448
0.245239,-0.390015,0.904175
-0.462402,0.072388,0.827271
0.501465,-0.200928,1.090576
-0.222778,-0.289307,0.795044
-0.010254,0.108643,1.040039
0.299927,-0.403687,0.914917
-0.476196,0.034790,0.808594
0.481445,-0.167603,1.096680
-0.179199,-0.308838,0.781250
-0.079712,0.128296,1.025269
0.346313,-0.397217,0.947266
-0.485962,0.008057,0.796753
0.462524,-0.141724,1.107666
-0.148804,-0.302246,0.793823
-0.145508,0.165405,1.023926
0.393555,-0.365112,0.983521
-0.492554,-0.041504,0.773682
0.418945,-0.096802,1.121704
-0.111694,-0.306274,0.806885
-0.219971,0.187012,1.010498
0.442261,-0.349243,1.011719
-0.483398,-0.085327,0.760498
0.381470,-0.068481,1.113037
-0.068970,-0.307983,0.818359
-0.279663,0.193726,0.977417
0.475830,-0.330688,1.032593
-0.457275,-0.105347,0.759521
0.321655,-0.028076,1.111694
-0.008423,-0.357666,0.821045
-0.329102,0.184326,0.947021
0.492310,-0.328857,1.040771
-0.423218,-0.164307,0.756958
0.264771,0.000732,1.108765
0.057495,-0.387451,0.842041
-0.381104,0.170776,0.915161
0.510498,-0.304443,1.058594
-0.391846,-0.199219,0.759644
0.198730,0.033813,1.100586
0.131714,-0.396240,0.869385
-0.424438,0.159668,0.897461
0.520630,-0.270508,1.067993
-0.370239,-0.205811,0.765991
0.134521,0.064209,1.087402
0.200806,-0.403931,0.889282
-0.453003,0.129028,0.871460
0.514038,-0.252197,1.072876
-0.321899,-0.258179,0.777954
0.070068,0.085693,1.071533
0.255737,-0.398804,0.910522
-0.468140,0.101074,0.847656
0.501709,-0.225098,1.075195
-0.233032,-0.276367,0.799438
0.010376,0.100098,1.054565
0.297729,-0.392822,0.925293
-0.470825,0.054810,0.819824
0.486938,-0.187256,1.087280
-0.185913,-0.299805,0.788696
-0.042114,0.113037,1.036377
0.345947,-0.381104,0.944702
-0.481567,0.026611,0.811279
0.471191,-0.144165,1.105347
-0.159790,-0.314819,0.773560
-0.105835,0.155396,1.030396
0.384521,-0.369507,0.972900
-0.482544,-0.017822,0.783447
0.446289,-0.105103,1.114746
-0.126343,-0.314453,0.791382
-0.176758,0.189331,1.036133
0.426147,-0.361206,0.998901
-0.480347,-0.048828,0.790161
0.412598,-0.077881,1.121460
-0.093140,-0.307983,0.804932
-0.240723,0.189087,0.994629
0.464233,-0.351929,1.026855
-0.470825,-0.089966,0.781982
0.371216,-0.049438,1.127441
-0.046021,-0.318604,0.823975
-0.285156,0.194946,0.972168
0.487061,-0.337280,1.034180
-0.442017,-0.140137,0.762085
0.320435,-0.034058,1.122803
0.013184,-0.362549,0.829590
-0.340698,0.184570,0.937256
0.504150,-0.323730,1.040283
-0.409058,-0.164062,0.762573
0.266235,0.011719,1.120361
0.071777,-0.379517,0.847534
-0.382446,0.173462,0.914062
0.515625,-0.298950,1.052246
-0.387573,-0.197876,0.768433
0.208618,0.035278,1.103027
0.137573,-0.406006,0.873657
-0.419922,0.167603,0.894165
0.522217,-0.267822,1.066528
-0.365845,-0.213135,0.776001
0.151611,0.065430,1.091064
0.194824,-0.415039,0.891113
-0.442383,0.125244,0.871704
0.520386,-0.251343,1.079834
-0.339478,-0.223877,0.779785
0.102661,0.078491,1.078491
0.244873,-0.407227,0.903198
-0.458984,0.104126,0.855225
0.516235,-0.226196,1.082642
-0.278076,-0.222778,0.799683
0.038452,0.106934,1.067627
0.289185,-0.397217,0.922729
-0.473022,0.072266,0.839111
0.504883,-0.208740,1.081055
-0.208008,-0.279663,0.799072
-0.011719,0.113403,1.052734
0.325562,-0.395264,0.945190
-0.474731,0.036133,0.817383
0.489502,-0.180908,1.098022
-0.169312,-0.299805,0.796387
-0.070557,0.140747,1.036743
0.365723,-0.378418,0.963989
-0.485229,0.012939,0.807373
0.469238,-0.162842,1.104736
-0.133789,-0.309570,0.797119
-0.127197,0.158813,1.024170
0.400513,-0.352417,0.987305
-0.480469,-0.021484,0.792480
0.449585,-0.123657,1.122314
-0.113525,-0.318115,0.806885
-0.184326,0.184204,1.018188
0.423340,-0.348145,1.003906
-0.471191,-0.055420,0.784180
0.424927,-0.095093,1.123657
-0.087036,-0.320312,0.812744
-0.240479,0.190918,0.990723
0.452148,-0.333740,1.017700
-0.463135,-0.071899,0.779053
0.392212,-0.066528,1.128418
-0.057617,-0.331421,0.817261
-0.270996,0.198120,0.983032
0.487549,-0.338135,1.025513
-0.454590,-0.094360,0.772827
0.349731,-0.045410,1.120728
-0.008179,-0.349487,0.838013
-0.298340,0.187622,0.967896
0.491333,-0.319824,1.044678
-0.440063,-0.118286,0.763550
0.322266,-0.031494,1.117798
0.032837,-0.366455,0.851562
-0.330933,0.172485,0.949463
0.498657,-0.304321,1.049316
-0.410522,-0.146851,0.761475
0.286987,-0.001709,1.124268
0.079590,-0.389893,0.865967
-0.363403,0.177002,0.934814
0.501099,-0.287598,1.055786
-0.396484,-0.169434,0.764648
0.249878,0.009277,1.110596
0.110352,-0.392212,0.874512
-0.385254,0.166870,0.910645
0.511719,-0.270996,1.069214
-0.378418,-0.213989,0.756592
0.219360,0.039551,1.117554
0.148682,-0.396362,0.886841
-0.414795,0.169678,0.913940
0.520508,-0.263794,1.070312
-0.366211,-0.211792,0.772583
0.177490,0.061279,1.100952
0.187012,-0.404663,0.903931
-0.426025,0.134277,0.886108
0.518799,-0.250732,1.075928
-0.352539,-0.216675,0.780762
0.147217,0.061768,1.094482
0.226318,-0.404175,0.920654
-0.445190,0.123901,0.870239
0.522339,-0.227417,1.082275
-0.330688,-0.226807,0.781494
0.110474,0.079346,1.088257
0.254028,-0.395752,0.927734
-0.456665,0.111938,0.862549
0.522705,-0.214233,1.095947
-0.291748,-0.234253,0.789917
0.067627,0.101562,1.079224
0.289062,-0.403809,0.927979
-0.461792,0.092163,0.848511
0.518311,-0.208618,1.093628
-0.231567,-0.266479,0.805420
0.026978,0.121094,1.066162
0.317139,-0.398315,0.943604
-0.470947,0.065186,0.842529
0.513184,-0.186157,1.107178
-0.181763,-0.301270,0.804565
-0.022827,0.139282,1.055542
0.351685,-0.411133,0.942261
-0.469604,0.051270,0.831543
0.508301,-0.173950,1.118164
-0.159424,-0.306763,0.796021
-0.057495,0.142700,1.044067
0.377319,-0.395752,0.956543
-0.474609,0.024536,0.824097
0.493896,-0.154663,1.126221
-0.144775,-0.294067,0.792725
-0.099731,0.167603,1.040405
0.409180,-0.388306,0.981201
-0.479492,0.000366,0.810059
0.479858,-0.127319,1.125977
-0.117432,-0.284912,0.804443
-0.150635,0.183960,1.039185
0.425537,-0.372925,1.001099
-0.472046,-0.023926,0.811646
0.464233,-0.104980,1.139038
-0.102051,-0.295410,0.809814
-0.201172,0.191406,1.018799
0.457764,-0.360962,1.021362
-0.462769,-0.055298,0.802246
0.427856,-0.073242,1.137817
-0.081055,-0.289429,0.825684
-0.236328,0.201172,1.006836
0.482666,-0.348022,1.045532
-0.443481,-0.101196,0.788818
0.393188,-0.042847,1.142944
-0.041138,-0.311279,0.837158
-0.283325,0.189819,0.979858
0.507812,-0.345947,1.046509
-0.434570,-0.116821,0.780640
0.350830,-0.021606,1.140381
0.009766,-0.329956,0.848999
-0.315552,0.172607,0.947144
0.518677,-0.325684,1.052612
-0.409302,-0.167725,0.779663
0.299683,-0.002563,1.134155
0.065308,-0.359619,0.861328
-0.348267,0.173950,0.931030
0.524170,-0.309448,1.058350
-0.376831,-0.213257,0.774536
0.246948,0.023315,1.118408
0.125244,-0.388672,0.877930
-0.388550,0.151611,0.898560
0.527832,-0.287720,1.071533
-0.348145,-0.227173,0.783813
0.187378,0.052734,1.108521
0.192871,-0.398193,0.906250
-0.424316,0.090942,0.880127
0.542603,-0.163696,1.137939
-0.156982,-0.265869,0.856201
0.023315,0.166992,1.109985
0.415405,-0.398438,1.009399
-0.427856,0.060303,0.866455
0.532471,-0.139404,1.151367
-0.097412,-0.292480,0.871094
-0.029663,0.171021,1.094360
0.441895,-0.384033,1.030396
-0.419678,0.017944,0.857788
0.511353,-0.102173,1.167969
-0.035034,-0.336670,0.866821
-0.082153,0.180176,1.087769
0.473267,-0.374390,1.041870
-0.428223,-0.001343,0.850586
0.493896,-0.070190,1.173462
-0.017456,-0.321777,0.874146
-0.135010,0.207275,1.079956
0.502563,-0.352295,1.069580
-0.413818,-0.040161,0.837280
0.454712,-0.027832,1.178223
0.013062,-0.319092,0.884277
-0.195557,0.218262,1.054077
0.534302,-0.327271,1.094604
-0.398682,-0.083130,0.823730
0.407715,0.002686,1.173096
0.058838,-0.338501,0.891235
-0.241699,0.207642,1.031372
0.565796,-0.323608,1.108521
-0.375000,-0.139404,0.809448
0.354980,0.027588,1.159180
0.112305,-0.346680,0.914429
-0.281738,0.183960,0.989990
0.589233,-0.310547,1.121948
-0.340454,-0.192261,0.814209
0.293091,0.064941,1.157349
0.176636,-0.365723,0.931763
-0.312256,0.136963,0.942505
0.592773,-0.293945,1.123169
-0.316284,-0.224976,0.819092
0.231689,0.088989,1.138672
0.239380,-0.392212,0.943848
-0.354492,0.124878,0.912598
0.587280,-0.275146,1.124634
-0.273682,-0.241211,0.831909
0.169189,0.110962,1.137817
0.298828,-0.403931,0.970581
-0.391357,0.120483,0.895996
0.574219,-0.231201,1.135132
-0.229248,-0.248535,0.847412
0.109131,0.130737,1.124146
0.345581,-0.412354,0.979248
-0.410278,0.100830,0.875000
0.560791,-0.195923,1.132324
-0.177246,-0.266602,0.868408
0.049316,0.147095,1.109131
0.384766,-0.396606,1.005615
-0.421265,0.067139,0.866333
0.543701,-0.155396,1.151245
-0.117065,-0.274658,0.883545
-0.012939,0.167725,1.096802
0.427979,-0.392212,1.016968
-0.428589,0.024902,0.858643
0.522339,-0.123901,1.154297
-0.041870,-0.309814,0.886841
-0.065674,0.176758,1.083130
0.455933,-0.366821,1.041992
-0.423218,-0.001221,0.838745
0.496338,-0.081787,1.167725
-0.008301,-0.322510,0.873291
-0.125488,0.203247,1.074463
0.491455,-0.352905,1.063965
-0.418335,-0.036377,0.836670
0.460449,-0.039307,1.174316
0.016235,-0.314819,0.890015
-0.180420,0.215698,1.065430
0.526733,-0.335205,1.088745
-0.406006,-0.071045,0.827759
0.424194,-0.005249,1.178589
0.055420,-0.335327,0.899292
-0.239136,0.219238,1.044678
0.554688,-0.319214,1.103882
-0.383423,-0.129272,0.814331
0.364746,0.022461,1.156494
0.119263,-0.356445,0.924194
-0.289673,0.191162,0.998291
0.582397,-0.308716,1.117920
-0.357666,-0.180054,0.803101
0.297729,0.053223,1.153564
0.180420,-0.375610,0.932739
-0.324463,0.160400,0.956421
0.592041,-0.289673,1.123169
-0.316406,-0.220581,0.817749
0.221436,0.088501,1.139282
0.250610,-0.404541,0.950806
-0.350220,0.119995,0.912842
0.580933,-0.257568,1.123535
-0.277710,-0.245850,0.827148
0.165649,0.096069,1.122070
0.312256,-0.417969,0.970825
-0.388428,0.120972,0.903320
0.575684,-0.229004,1.134033
-0.234253,-0.259155,0.840332
0.109863,0.118408,1.120972
0.351562,-0.411621,0.993408
-0.404785,0.103638,0.883423
0.564453,-0.184082,1.142700
-0.190063,-0.254883,0.865845
0.050049,0.146362,1.117554
0.385864,-0.410034,0.995239
-0.412842,0.072021,0.872559
0.548950,-0.151978,1.150269
-0.125366,-0.257446,0.885132
0.000732,0.164429,1.096924
0.418701,-0.395020,1.011597
-0.424927,0.040771,0.869995
0.535889,-0.123779,1.171631
-0.050537,-0.289673,0.890991
-0.052368,0.179932,1.094971
0.451172,-0.390503,1.024414
-0.417236,-0.006592,0.850586
0.506836,-0.092285,1.170410
-0.015625,-0.307129,0.892944
-0.086914,0.184814,1.079956
0.481812,-0.369141,1.044312
-0.435791,-0.013062,0.836548
0.483521,-0.067261,1.173218
0.008057,-0.307007,0.893433
-0.140747,0.212891,1.078613
0.507446,-0.345459,1.076294
-0.420776,-0.041504,0.835083
0.445923,-0.034790,1.171265
0.032227,-0.326782,0.900146
-0.188110,0.221924,1.056641
0.537109,-0.333252,1.100464
-0.403564,-0.075684,0.821411
0.404053,-0.012573,1.159790
0.069702,-0.330933,0.908325
-0.235352,0.210938,1.039917
0.564453,-0.308960,1.113647
-0.387085,-0.130493,0.813110
0.362305,0.020874,1.155396
0.125000,-0.350586,0.920532
-0.275024,0.186035,1.000610
0.582642,-0.317749,1.116699
-0.358643,-0.178711,0.806641
0.303833,0.052246,1.146851
0.183838,-0.383057,0.922852
-0.307861,0.163452,0.962158
0.591797,-0.291504,1.116089
-0.324341,-0.210938,0.824097
0.244019,0.081421,1.146851
0.232788,-0.405884,0.944092
-0.329346,0.127930,0.933105
0.596680,-0.264526,1.124023
-0.285400,-0.226807,0.819458
0.182739,0.108765,1.132812
0.290283,-0.420166,0.958008
-0.362671,0.102661,0.901367
0.577637,-0.235229,1.133545
-0.246582,-0.231445,0.839111
0.130371,0.124146,1.122070
0.339478,-0.436768,0.972290
-0.397583,0.102661,0.888184
0.570923,-0.198853,1.139526
-0.199707,-0.244385,0.861206
0.066040,0.156494,1.123413
0.382446,-0.431641,0.993408
-0.428711,0.094238,0.870850
0.556763,-0.163818,1.153809
-0.137939,-0.252686,0.872681
0.004761,0.189453,1.111084
0.413452,-0.413818,1.005737
-0.430176,0.057861,0.862549
0.537598,-0.140137,1.152222
-0.082642,-0.262939,0.892456
-0.049683,0.204834,1.100830
0.446411,-0.395996,1.027832
-0.436279,0.021606,0.850586
0.509521,-0.104370,1.157837
-0.003418,-0.297119,0.900391
-0.094116,0.211914,1.098145
0.479736,-0.369385,1.048462
-0.437988,-0.013184,0.836670
0.481812,-0.071899,1.162842
0.016724,-0.323730,0.883301
-0.150513,0.218994,1.079590
0.521973,-0.356201,1.073608
-0.429077,-0.074219,0.816406
0.426636,-0.038940,1.159912
0.046265,-0.339600,0.898682
-0.204468,0.227783,1.061279
0.564209,-0.332764,1.108887
-0.401001,-0.105469,0.810669
0.366211,-0.002808,1.143311
0.105835,-0.359253,0.910889
-0.251953,0.204102,1.020874
0.584473,-0.298828,1.124756
-0.357300,-0.162354,0.809692
0.300781,0.042725,1.145752
0.168701,-0.391235,0.925903
-0.303711,0.163086,0.961426
0.590454,-0.280884,1.128662
-0.319336,-0.191895,0.828857
0.239502,0.075806,1.130981
0.243042,-0.421021,0.937012
-0.343384,0.118896,0.907104
0.582275,-0.255371,1.127197
-0.263550,-0.219727,0.841919
0.165771,0.116821,1.126587
0.313354,-0.433350,0.964600
-0.389160,0.093872,0.883911
0.568237,-0.225342,1.130371
-0.214478,-0.231323,0.862793
0.090820,0.155396,1.131104
0.377075,-0.419189,0.994873
-0.433960,0.088501,0.866211
0.550415,-0.176270,1.145874
-0.144775,-0.247314,0.881104
0.020142,0.182373,1.123901
0.425903,-0.397095,1.027344
-0.432983,0.048828,0.858032
0.524780,-0.138794,1.143799
-0.058350,-0.276367,0.889526
-0.055298,0.202393,1.099487
0.467407,-0.379517,1.037964
-0.433960,0.020630,0.850342
0.496460,-0.092773,1.169678
0.014160,-0.338135,0.890015
-0.116699,0.202148,1.081299
0.503540,-0.352539,1.073975
-0.422974,-0.032471,0.830811
0.440063,-0.032104,1.166382
0.043579,-0.339355,0.891724
-0.190552,0.218140,1.059204
0.545776,-0.325562,1.106689
-0.401489,-0.084351,0.818604
0.382080,-0.000488,1.149048
0.108398,-0.345215,0.922607
-0.255859,0.197388,1.019897
0.573242,-0.312378,1.113770
-0.362305,-0.167603,0.808838
0.295654,0.050659,1.131836
0.193726,-0.372925,0.937988
-0.317139,0.149536,0.943970
0.601074,-0.284912,1.128540
-0.304443,-0.219971,0.825806
0.198975,0.094727,1.125366
0.275513,-0.404785,0.950562
-0.365356,0.111816,0.902832
0.585693,-0.244385,1.133545
-0.243286,-0.246826,0.845459
0.107178,0.129883,1.103638
0.351318,-0.405640,0.991577
-0.412231,0.103760,0.879395
0.564453,-0.190796,1.139526
-0.159912,-0.252441,0.868652
0.021851,0.163940,1.102661
0.406616,-0.396606,1.017822
-0.427490,0.048950,0.859009
0.519531,-0.135620,1.143066
-0.059082,-0.280151,0.906738
-0.057983,0.178467,1.095093
0.457764,-0.377563,1.042358
-0.435791,0.002197,0.843994
0.479370,-0.071899,1.160156
0.032104,-0.316895,0.893799
-0.134644,0.202148,1.077515
0.513794,-0.361328,1.075806
-0.432739,-0.062866,0.810059
0.411987,-0.029175,1.144043
0.070801,-0.317871,0.910767
-0.220947,0.227051,1.052124
0.572021,-0.323486,1.109741
-0.386230,-0.146118,0.804565
0.310059,0.023682,1.124146
0.155518,-0.385010,0.914551
-0.288574,0.169800,0.978027
0.611816,-0.299438,1.134277
-0.322876,-0.213013,0.816528
0.189697,0.090454,1.098999
0.256104,-0.406616,0.938965
-0.349976,0.096558,0.897583
0.595947,-0.242920,1.139648
-0.240112,-0.242432,0.846313
0.088623,0.130127,1.100098
0.345581,-0.413208,0.976196
-0.404419,0.089600,0.869995
0.555176,-0.191772,1.129395
-0.136108,-0.253052,0.883423
-0.020142,0.176147,1.093628
0.422974,-0.395020,1.012207
-0.417847,0.028809,0.854248
0.502808,-0.113403,1.145020
-0.013794,-0.297363,0.906128
-0.119263,0.192017,1.082275
0.479980,-0.367065,1.059937
-0.420166,-0.045532,0.825928
0.442139,-0.047485,1.152832
0.062622,-0.325317,0.909424
-0.227295,0.220947,1.043457
0.543457,-0.355225,1.085693
-0.373535,-0.123291,0.829956
0.337769,0.035767,1.145630
0.141724,-0.348755,0.916260
-0.312378,0.193970,0.969849
0.578735,-0.316162,1.109253
-0.317383,-0.238525,0.804321
0.198120,0.095459,1.114014
0.276489,-0.407227,0.946655
-0.364746,0.108521,0.893677
0.572876,-0.258301,1.116333
-0.225586,-0.275269,0.836304
0.074707,0.125732,1.095215
0.373413,-0.390259,1.006836
-0.398438,0.069214,0.862427
0.525391,-0.146606,1.131836
-0.115967,-0.276001,0.876709
-0.046631,0.166992,1.078369
0.457153,-0.402222,1.037231
-0.407471,0.013672,0.844116
0.481323,-0.079834,1.153198
0.035278,-0.352173,0.896118
-0.160522,0.192139,1.053955
0.504028,-0.377808,1.066895
-0.393799,-0.056885,0.830322
0.408813,-0.010132,1.150024
0.078491,-0.323242,0.912598
-0.265381,0.205322,1.022339
0.554688,-0.353516,1.098999
-0.362427,-0.166016,0.809814
0.314209,0.046143,1.147095
0.191162,-0.364868,0.926514
-0.354614,0.169067,0.928101
0.587036,-0.317383,1.103027
-0.296509,-0.246216,0.814453
0.187012,0.098877,1.115112
0.302368,-0.415283,0.952881
-0.394531,0.093872,0.869629
0.561279,-0.258179,1.100098
-0.212280,-0.274902,0.842896
0.064209,0.127075,1.089478
0.393311,-0.408813,1.004517
-0.430298,0.089355,0.859985
0.526001,-0.154419,1.114868
-0.104004,-0.255615,0.886230
-0.044556,0.169189,1.075928
0.449097,-0.404541,1.031128
-0.433838,0.000000,0.844238
0.490967,-0.101074,1.146973
0.000732,-0.300903,0.896606
-0.123535,0.208740,1.074219
0.505615,-0.400879,1.049072
-0.420898,-0.071045,0.824829
0.420654,-0.054932,1.133545
0.051147,-0.333862,0.884155
-0.192993,0.218140,1.051880
0.548828,-0.369629,1.074707
-0.397705,-0.128296,0.805176
0.349854,-0.017456,1.119995
0.101196,-0.352051,0.906128
-0.265259,0.179688,0.985840
0.590332,-0.300171,1.120117
-0.363892,-0.164062,0.809692
0.269775,0.029175,1.112427
0.180054,-0.395020,0.911865
-0.315918,0.142578,0.930176
0.590454,-0.281738,1.122314
-0.298706,-0.200073,0.824829
0.190186,0.078491,1.103638
0.258179,-0.451782,0.927979
-0.384155,0.095947,0.861328
0.579956,-0.254028,1.115234
-0.243286,-0.205444,0.841187
0.119995,0.130493,1.103271
0.318115,-0.456421,0.944336
-0.413208,0.075195,0.855591
0.549072,-0.216675,1.120361
-0.204468,-0.219238,0.849731
0.061768,0.169678,1.117065
0.379517,-0.464478,0.980713
-0.456299,0.098022,0.851685
0.527222,-0.191650,1.115479
-0.160278,-0.226807,0.867188
0.017090,0.183350,1.116211
0.415894,-0.439941,0.994019
-0.468018,0.072876,0.848022
0.506470,-0.166382,1.114258
-0.115479,-0.257812,0.868530
-0.034302,0.207886,1.105713
0.462158,-0.404297,1.029541
-0.460327,0.040894,0.838623
0.479370,-0.141235,1.115479
-0.059692,-0.303955,0.864258
-0.079346,0.192017,1.071899
0.492798,-0.395508,1.041016
-0.444336,0.001343,0.835815
0.459961,-0.106812,1.125000
-0.006958,-0.341187,0.875122
-0.126831,0.194336,1.059692
0.499023,-0.389648,1.039795
-0.428467,-0.031494,0.831665
0.433838,-0.086670,1.127808
0.031982,-0.350708,0.886230
-0.160767,0.176025,1.041504
0.518311,-0.374146,1.057373
-0.422852,-0.048584,0.826904
0.407349,-0.052002,1.130005
0.046021,-0.364868,0.866943
-0.189941,0.176758,1.022949
0.534302,-0.366699,1.064209
-0.416748,-0.085205,0.804565
0.378296,-0.034790,1.118286
0.062256,-0.364746,0.884766
-0.221436,0.179077,1.013062
0.542236,-0.344849,1.079834
-0.410156,-0.108154,0.802002
0.360596,-0.027710,1.114136
0.086670,-0.366577,0.891846
-0.262573,0.187012,0.995361
0.549194,-0.323120,1.091675
-0.385742,-0.134155,0.806152
0.323120,-0.000977,1.114014
0.117920,-0.386841,0.892700
-0.296387,0.183350,0.969971
0.570679,-0.323730,1.095703
-0.363525,-0.159546,0.806396
0.278809,0.017822,1.106934
0.157715,-0.403320,0.896851
-0.326782,0.150635,0.939819
0.567505,-0.316040,1.095337
-0.346558,-0.178833,0.807129
0.242798,0.048950,1.113037
0.197998,-0.416504,0.904053
-0.345459,0.126709,0.902344
0.569214,-0.306519,1.092529
-0.324219,-0.196655,0.808716
0.209595,0.072021,1.102905
0.235229,-0.418579,0.916870
-0.369629,0.105835,0.880249
0.567871,-0.291992,1.090332
-0.298584,-0.217285,0.814941
0.161499,0.090820,1.088623
0.276001,-0.437866,0.928345
-0.402344,0.094238,0.855469
0.567383,-0.285767,1.083496
-0.266602,-0.233032,0.817383
0.112061,0.114014,1.089478
0.322632,-0.443726,0.939331
-0.422241,0.080322,0.844849
0.547852,-0.260498,1.099609
-0.233643,-0.231689,0.834961
0.069092,0.143188,1.100586
0.358398,-0.439209,0.965088
-0.444458,0.084229,0.837524
0.528320,-0.220459,1.095947
-0.197266,-0.230103,0.850586
0.026855,0.163452,1.092773
0.386475,-0.444580,0.974487
-0.455566,0.065308,0.835327
0.514526,-0.201294,1.102539
-0.156860,-0.246094,0.857178
-0.024658,0.171143,1.081909
0.420776,-0.432861,0.992310
-0.462280,0.065186,0.841675
0.496582,-0.168945,1.102417
-0.098511,-0.271240,0.867554
-0.061768,0.178223,1.070312
0.445190,-0.418457,1.010986
-0.456299,0.027100,0.828003
0.477539,-0.137817,1.107910
-0.043213,-0.313599,0.868286
-0.113037,0.178101,1.054932
0.472778,-0.404419,1.021851
-0.447021,-0.019409,0.814453
0.444092,-0.095093,1.119995
0.010742,-0.337769,0.873657
-0.159424,0.187256,1.043945
0.494019,-0.403076,1.033203
-0.424561,-0.046387,0.812012
0.408203,-0.063110,1.119385
0.047119,-0.367554,0.871216
-0.190918,0.184204,1.019165
0.514404,-0.386475,1.034912
-0.427124,-0.079102,0.801636
0.378052,-0.037598,1.114014
0.070557,-0.373291,0.864502
-0.233765,0.178955,1.004639
0.529785,-0.373413,1.054199
-0.410645,-0.105591,0.800659
0.337280,-0.015991,1.102417
0.082520,-0.364258,0.869629
-0.271240,0.179321,0.983643
0.543457,-0.357788,1.071289
-0.403320,-0.121460,0.798950
0.302612,0.006348,1.103271
0.114624,-0.378296,0.878296
-0.312866,0.169189,0.956909
0.562378,-0.355103,1.072144
-0.386108,-0.164307,0.781738
0.260132,0.028076,1.090454
0.160767,-0.391113,0.892090
-0.341309,0.147095,0.926392
0.561768,-0.346436,1.076172
-0.359741,-0.199951,0.788818
0.222534,0.042480,1.087891
0.193604,-0.405884,0.895874
-0.364868,0.120850,0.896484
0.567505,-0.321167,1.080566
-0.342773,-0.194824,0.790894
0.177612,0.078003,1.078735
0.235352,-0.434937,0.906738
-0.385620,0.073120,0.859619
0.555420,-0.303467,1.079834
-0.310669,-0.214722,0.805176
0.128662,0.099854,1.080688
0.273926,-0.447754,0.910278
-0.404419,0.078979,0.841797
0.544067,-0.289917,1.074951
-0.282837,-0.230225,0.815552
0.093018,0.117920,1.078857
0.304077,-0.450928,0.916992
-0.427490,0.078735,0.833618
0.548340,-0.272339,1.074219
-0.260254,-0.239990,0.816650
0.058594,0.128906,1.075439
0.335083,-0.461670,0.934937
-0.442139,0.071899,0.829712
0.520996,-0.245361,1.082397
-0.224609,-0.235352,0.835205
0.029541,0.145264,1.078857
0.355591,-0.457886,0.937012
-0.458740,0.059814,0.830688
0.512573,-0.222900,1.093506
-0.194824,-0.227905,0.848999
-0.006592,0.152222,1.072510
0.381104,-0.462036,0.957031
-0.459351,0.064819,0.819824
0.496704,-0.197754,1.082153
-0.168091,-0.238403,0.842896
-0.037231,0.153076,1.056885
0.397705,-0.453491,0.964355
-0.468262,0.057861,0.822754
0.487671,-0.190552,1.087158
-0.133545,-0.251953,0.851562
-0.061157,0.165771,1.055298
0.422241,-0.451050,0.966797
-0.467041,0.046021,0.820312
0.474731,-0.157593,1.088257
-0.100830,-0.268188,0.857910
-0.088013,0.169434,1.052490
0.442505,-0.440674,0.983765
-0.467651,0.036133,0.823730
0.455444,-0.140991,1.092651
-0.071533,-0.288696,0.858643
-0.113281,0.161743,1.036987
0.452881,-0.427124,0.993774
-0.466553,0.016113,0.805786
0.432861,-0.122192,1.087402
-0.024414,-0.349854,0.848022
-0.134277,0.155151,1.017090
0.469482,-0.412354,1.004883
-0.463623,-0.001831,0.798340
0.412354,-0.104736,1.081421
0.002808,-0.370117,0.850708
-0.159790,0.155273,1.011841
0.479248,-0.394897,1.015625
-0.456421,-0.030273,0.788452
0.400024,-0.097046,1.089966
0.030396,-0.391235,0.851196
-0.200806,0.158081,0.988525
0.496704,-0.397705,1.022583
-0.440918,-0.056519,0.792236
0.370483,-0.065552,1.083374
0.050903,-0.392212,0.843140
-0.223877,0.138794,0.976318
0.505371,-0.383301,1.027222
-0.439331,-0.074829,0.784058
0.346069,-0.037964,1.079468
0.070312,-0.394653,0.846191
-0.260742,0.144409,0.960693
0.514160,-0.375854,1.021484
-0.426392,-0.116943,0.780640
0.311523,-0.021118,1.075928
0.086670,-0.386230,0.854248
-0.290039,0.140015,0.941284
0.524902,-0.366577,1.037476
-0.410034,-0.151611,0.784912
0.265747,-0.003906,1.061523
0.106445,-0.393921,0.850464
-0.323853,0.150635,0.922485
0.541138,-0.351562,1.051636
-0.399536,-0.173950,0.774780
0.221069,0.034424,1.067505
0.149536,-0.419067,0.858032
-0.357788,0.133667,0.895874
0.546387,-0.344238,1.047974
-0.371582,-0.192383,0.782349
0.163574,0.049805,1.051270
0.202881,-0.441528,0.874512
-0.390381,0.093384,0.854004
0.546021,-0.311401,1.056396
-0.334961,-0.219116,0.775391
0.113037,0.081299,1.059814
0.249878,-0.457642,0.885742
-0.426392,0.086426,0.825928
0.532471,-0.292603,1.054443
-0.284912,-0.241577,0.797363
0.059692,0.108032,1.056519
0.291748,-0.465210,0.896973
-0.460327,0.067017,0.803833
0.518311,-0.274658,1.057129
-0.243896,-0.238647,0.818848
0.007812,0.127441,1.057861
0.331787,-0.466797,0.916138
-0.477417,0.054077,0.802612
0.486206,-0.226074,1.065796
-0.186646,-0.244873,0.838867
-0.042114,0.150146,1.044800
0.370972,-0.461060,0.932983
-0.491211,0.065430,0.807739
0.471802,-0.182251,1.077759
-0.126221,-0.270996,0.844727
-0.101685,0.153320,1.026978
0.407593,-0.448120,0.952515
-0.493286,0.030884,0.799927
0.438599,-0.152100,1.066284
-0.061157,-0.311401,0.847412
-0.158203,0.150635,1.003418
0.437378,-0.436157,0.973633
-0.476318,-0.013550,0.790894
0.396484,-0.111572,1.066284
0.000000,-0.357422,0.838501
-0.203735,0.143799,0.972046
0.468384,-0.374390,0.970947
-0.469482,-0.129883,0.742065
0.213257,0.003296,1.021606
0.049316,-0.383423,0.845703
-0.399902,0.132690,0.839966
0.478271,-0.359131,0.971313
-0.438965,-0.156128,0.747437
0.148315,0.043091,1.026611
0.125122,-0.423828,0.818115
-0.447388,0.123291,0.806519
0.491943,-0.344238,0.983521
-0.392456,-0.189331,0.749146
0.079956,0.073975,1.022949
0.188354,-0.447876,0.826904
-0.489380,0.113647,0.784424
0.490723,-0.318359,0.994995
-0.345703,-0.204346,0.766357
0.018677,0.113525,1.020996
0.245850,-0.463379,0.853760
-0.513428,0.088135,0.761841
0.478882,-0.285645,0.999512
-0.272949,-0.200562,0.797974
-0.045654,0.139648,1.005737
0.291382,-0.472412,0.865479
-0.536377,0.085327,0.768311
0.455933,-0.240234,1.006104
-0.209351,-0.227051,0.807617
-0.088379,0.146240,0.989990
0.334595,-0.457886,0.898682
-0.542114,0.085083,0.776611
0.426514,-0.192261,1.011475
-0.141968,-0.293579,0.797119
-0.132690,0.145752,0.975708
0.363892,-0.433960,0.909912
-0.542847,0.065063,0.770630
0.405029,-0.156250,1.019653
-0.085571,-0.348511,0.797363
-0.184448,0.151123,0.944824
0.400757,-0.417114,0.935669
-0.535645,0.021362,0.766724
0.368408,-0.140015,1.007080
-0.041992,-0.381836,0.781494
-0.245117,0.150635,0.910278
0.429688,-0.411377,0.946655
-0.511353,-0.039917,0.768799
0.325195,-0.100220,1.009277
-0.013184,-0.419922,0.768799
-0.297363,0.147095,0.883667
0.458984,-0.402588,0.943359
-0.500366,-0.071899,0.750366
0.267456,-0.060425,1.001343
0.033081,-0.444092,0.769897
-0.347412,0.145996,0.871460
0.465942,-0.369873,0.958130
-0.478271,-0.100586,0.757202
0.229004,-0.029175,1.008179
0.059326,-0.461670,0.771606
-0.389526,0.135986,0.832520
0.469360,-0.346191,0.963501
-0.450928,-0.102417,0.764160
0.177490,0.017212,1.018433
0.090088,-0.462646,0.783569
-0.426636,0.141357,0.818970
0.481201,-0.328857,0.981934
-0.433594,-0.138550,0.753174
0.126221,0.059204,1.023560
0.129272,-0.453003,0.807617
-0.473145,0.121460,0.798706
0.477783,-0.314209,0.977539
-0.399170,-0.181519,0.736816
0.074585,0.099976,1.024658
0.179443,-0.460938,0.820801
-0.514526,0.131348,0.780396
0.477173,-0.300659,0.989380
-0.346069,-0.168579,0.767090
0.014893,0.123169,1.011475
0.230347,-0.463501,0.839600
-0.525024,0.110718,0.771851
0.478027,-0.272949,1.002319
-0.298706,-0.208008,0.780396
-0.033691,0.147583,1.001953
0.273804,-0.458130,0.864014
-0.534546,0.091553,0.762573
0.459717,-0.237427,1.007568
-0.235107,-0.244995,0.791138
-0.081787,0.147949,0.979858
0.300903,-0.446899,0.877197
-0.546631,0.087524,0.771484
0.448364,-0.214966,1.011719
-0.171143,-0.256714,0.806763
-0.118408,0.163208,0.963745
0.331299,-0.437378,0.887817
-0.548706,0.080566,0.772461
0.423218,-0.172974,1.026978
-0.124146,-0.296509,0.797729
-0.161377,0.165039,0.953613
0.360840,-0.424927,0.905029
-0.551514,0.071289,0.779785
0.406250,-0.136841,1.029419
-0.081421,-0.340088,0.794678
-0.207520,0.164429,0.931030
0.386230,-0.421265,0.918457
-0.535889,0.037476,0.774170
0.377319,-0.091553,1.025513
-0.053833,-0.357788,0.775635
-0.249756,0.158447,0.897827
0.410767,-0.426147,0.918457
-0.531006,0.009155,0.763916
0.337402,-0.079712,1.016479
-0.026978,-0.369751,0.783813
-0.278564,0.146118,0.882446
0.424072,-0.399414,0.932495
-0.518066,-0.030151,0.756592
0.302612,-0.075317,0.996826
0.003052,-0.393188,0.767700
-0.322876,0.140015,0.851685
0.441650,-0.374268,0.946411
-0.501587,-0.056396,0.747681
0.266235,-0.041626,1.004150
0.032715,-0.415527,0.770264
-0.362061,0.137451,0.841064
0.448608,-0.361938,0.944946
-0.494263,-0.077148,0.744995
0.232300,-0.010864,1.020508
0.055298,-0.427856,0.775879
-0.400879,0.157593,0.834717
0.456055,-0.360840,0.950806
-0.474854,-0.113892,0.735596
0.192017,0.014771,1.017456
0.081299,-0.420044,0.782715
-0.434937,0.166870,0.822021
0.466064,-0.338989,0.963623
-0.459839,-0.141968,0.734253
0.150024,0.046143,1.016724
0.099243,-0.421997,0.804565
-0.472046,0.166016,0.807251
0.473999,-0.315430,0.968506
-0.428345,-0.144043,0.752808
0.098755,0.079224,1.020386
0.146240,-0.436157,0.814331
-0.500732,0.160156,0.790527
0.479492,-0.305054,0.975830
-0.385742,-0.187988,0.748413
0.042480,0.111694,1.007812
0.193604,-0.444092,0.823730
-0.523682,0.149536,0.783691
0.478149,-0.279297,0.985840
-0.334351,-0.184570,0.774780
-0.007446,0.140015,1.008179
0.240845,-0.455566,0.848999
-0.549927,0.129639,0.772217
0.472412,-0.245972,1.003540
-0.267578,-0.194214,0.791992
-0.059326,0.155396,0.981689
0.271484,-0.446777,0.863159
-0.560059,0.107910,0.768311
0.460327,-0.221069,1.011475
-0.212280,-0.243896,0.782227
-0.105957,0.168091,0.976685
0.306152,-0.432007,0.879150
-0.556519,0.102051,0.772461
0.438477,-0.190186,1.013550
-0.153076,-0.277710,0.792358
-0.146729,0.165649,0.956421
0.337158,-0.424316,0.889038
-0.567749,0.093872,0.770630
0.415527,-0.147705,1.027466
-0.108521,-0.323975,0.782715
-0.184692,0.168579,0.937378
0.364502,-0.399780,0.913330
-0.553589,0.066284,0.773804
0.378418,-0.117188,1.013062
-0.077271,-0.362305,0.774658
-0.229736,0.174194,0.912354
0.398560,-0.390503,0.917847
-0.541748,0.044067,0.766724
0.340576,-0.099609,0.990967
-0.045654,-0.367798,0.770142
-0.281860,0.159180,0.879150
0.423218,-0.379272,0.934937
-0.527100,-0.012085,0.753052
0.300415,-0.052734,1.004150
-0.017822,-0.401611,0.760010
-0.334106,0.149414,0.864746
0.433716,-0.359253,0.941162
-0.508667,-0.052368,0.742554
0.250000,0.000732,1.018188
0.014038,-0.407837,0.752319
-0.382935,0.157471,0.844849
0.446655,-0.342041,0.955566
-0.491211,-0.087158,0.734375
0.197144,0.027222,1.011230
0.049805,-0.410400,0.766113
-0.431396,0.180176,0.832886
0.466064,-0.317505,0.962769
-0.464233,-0.111450,0.744873
0.135254,0.074829,1.014038
0.102417,-0.421997,0.789795
-0.475586,0.186523,0.820801
0.475830,-0.310425,0.972778
-0.426270,-0.121826,0.764404
0.081177,0.085327,0.998779
0.142212,-0.420288,0.807129
-0.512207,0.173828,0.799194
0.476807,-0.278442,0.978516
-0.366089,-0.151855,0.773193
0.027954,0.126831,1.008301
0.190430,-0.428711,0.833740
-0.544678,0.147705,0.779541
0.479492,-0.248047,1.002930
-0.307495,-0.208740,0.765259
-0.030884,0.151978,1.003296
0.247559,-0.440308,0.854126
-0.556152,0.140259,0.767090
0.466064,-0.214600,1.015381
-0.246948,-0.206421,0.788208
-0.077515,0.163330,0.983643
0.285034,-0.442627,0.862671
-0.567383,0.114380,0.767700
0.447754,-0.191528,1.015137
-0.189697,-0.248169,0.787354
-0.117310,0.172852,0.956787
0.315674,-0.418945,0.882080
-0.570312,0.106812,0.773071
0.424194,-0.156738,1.020020
-0.134766,-0.277466,0.789795
-0.151855,0.163696,0.934448
0.347290,-0.410278,0.900513
-0.576050,0.101685,0.771240
0.396362,-0.123779,1.012817
-0.096680,-0.330933,0.768188
-0.191528,0.175293,0.921509
0.376709,-0.394531,0.911377
-0.567993,0.068237,0.760132
0.375244,-0.108032,1.011719
-0.075317,-0.359985,0.755737
-0.238647,0.188232,0.913452
0.405884,-0.381592,0.922729
-0.564087,0.043945,0.754150
0.340210,-0.089355,0.998779
-0.057739,-0.370972,0.749268
-0.278198,0.175415,0.889038
0.421265,-0.354004,0.938599
-0.554932,-0.000366,0.741455
0.306396,-0.067627,0.995605
-0.038940,-0.395386,0.748657
-0.326538,0.178833,0.874634
0.436768,-0.347656,0.941284
-0.534668,-0.009644,0.741821
0.268555,-0.028687,0.995361
-0.020874,-0.409302,0.740967
-0.351318,0.174805,0.856812
0.441528,-0.333008,0.941650
-0.525757,-0.036987,0.733398
0.240356,-0.017822,0.998901
0.005737,-0.416748,0.745972
-0.383545,0.189453,0.849731
0.453613,-0.330322,0.950317
-0.505981,-0.055420,0.736816
0.211060,0.018066,1.012329
0.011475,-0.412842,0.758789
-0.410156,0.189819,0.845703
0.451660,-0.313965,0.957886
-0.500122,-0.042114,0.745361
0.193115,0.031494,1.014526
0.026001,-0.407593,0.769897
-0.429443,0.187866,0.840210
0.448975,-0.317017,0.954224
-0.489380,-0.062866,0.739746
0.179565,0.042847,1.022949
0.042480,-0.408447,0.773804
-0.440063,0.184082,0.826050
0.447876,-0.311279,0.955444
-0.493530,-0.063232,0.741821
0.172119,0.049683,1.024780
0.049072,-0.407349,0.784180
-0.459595,0.197876,0.837524
0.457031,-0.306641,0.961548
-0.484741,-0.078613,0.744629
0.151978,0.063843,1.024780
0.056519,-0.411865,0.790771
-0.472900,0.197388,0.830444
0.460327,-0.294189,0.960449
-0.476562,-0.088135,0.746948
0.141968,0.062622,1.022583
0.065552,-0.415894,0.789795
-0.485840,0.214722,0.838989
0.465698,-0.298218,0.966064
-0.456787,-0.105591,0.745361
0.126221,0.079346,1.024170
0.079590,-0.412231,0.794556
-0.494629,0.210083,0.823853
0.466431,-0.288452,0.971680
-0.438965,-0.073608,0.765015
0.116943,0.085571,1.017578
0.098145,-0.408447,0.801880
-0.511353,0.206787,0.818359
0.466919,-0.273560,0.972290
-0.424561,-0.109741,0.756592
0.093994,0.097900,1.016479
0.128906,-0.414307,0.812744
-0.528320,0.218506,0.818237
0.459595,-0.263794,0.975586
-0.402344,-0.136108,0.755859
0.077148,0.107422,1.015381
0.138916,-0.406494,0.823486
-0.545776,0.215942,0.806519
0.470703,-0.254150,0.987305
-0.368286,-0.157959,0.753174
0.043701,0.131104,1.016357
0.164307,-0.417480,0.823730
-0.550537,0.217163,0.804443
0.472046,-0.257690,0.985229
-0.346313,-0.158691,0.763672
0.016968,0.137085,1.009399
0.189209,-0.417725,0.833374
-0.559082,0.201782,0.804199
0.466675,-0.228516,0.986084
-0.313599,-0.181641,0.763306
-0.009399,0.150024,1.003174
0.219604,-0.426880,0.840088
-0.583252,0.195190,0.791748
0.466064,-0.220459,0.994629
-0.279785,-0.200806,0.769409
-0.037598,0.165161,1.005615
0.244751,-0.420044,0.861450
-0.589111,0.169312,0.772583
0.463501,-0.211670,0.995728
-0.245117,-0.219482,0.761475
-0.066040,0.182983,0.992432
0.268921,-0.425171,0.862793
-0.589844,0.151001,0.768555
0.443848,-0.183594,1.005615
-0.217407,-0.240234,0.756104
-0.087036,0.192749,0.977539
0.298218,-0.410645,0.885498
-0.598755,0.141113,0.768188
0.427002,-0.183472,0.998169
-0.190186,-0.274658,0.748535
-0.116333,0.199829,0.964722
0.323975,-0.390015,0.890625
-0.595581,0.119995,0.770630
0.402588,-0.156616,0.998413
-0.167725,-0.303955,0.744873
-0.153687,0.192261,0.955444
0.349243,-0.380859,0.904541
-0.596924,0.117798,0.754639
0.390259,-0.135010,0.997437
-0.139893,-0.320557,0.738037
-0.188599,0.186279,0.934082
0.359741,-0.381104,0.912231
-0.587524,0.098999,0.759766
0.381836,-0.124756,1.003784
-0.126343,-0.331299,0.729858
-0.229248,0.197754,0.914917
0.381104,-0.385010,0.906494
-0.575317,0.090576,0.760620
0.354370,-0.087646,1.012817
-0.114746,-0.341187,0.734985
-0.260498,0.201294,0.914795
0.392212,-0.381226,0.918213
-0.568481,0.044800,0.754883
0.324951,-0.062866,0.997437
-0.098755,-0.354858,0.730347
-0.299683,0.197876,0.900269
0.415894,-0.362427,0.933105
-0.563232,0.006470,0.724731
0.286499,-0.052124,0.989258
-0.063110,-0.399414,0.730347
-0.349609,0.205688,0.885254
0.422729,-0.345215,0.941528
-0.538818,-0.000488,0.731567
0.245239,-0.022339,0.992188
-0.045898,-0.396729,0.740356
-0.386475,0.208008,0.871826
0.436035,-0.337402,0.942017
-0.536133,-0.040527,0.716919
0.200562,0.007812,0.990967
-0.015503,-0.378540,0.753418
-0.427490,0.212524,0.867065
0.440918,-0.322876,0.949219
-0.508057,-0.074219,0.722046
0.154785,0.055420,1.012207
0.019043,-0.395264,0.770508
-0.462402,0.217285,0.858398
0.445557,-0.291260,0.968384
-0.476440,-0.119263,0.725586
0.112305,0.086914,1.021851
0.062012,-0.404663,0.791748
-0.506714,0.236572,0.840942
0.456543,-0.280151,0.976685
-0.429565,-0.141602,0.742310
0.074707,0.095215,1.012085
0.102417,-0.406982,0.800903
-0.531860,0.216797,0.823608
0.456909,-0.258545,0.984741
-0.377808,-0.176636,0.748779
0.041260,0.124146,1.021606
0.146606,-0.428833,0.808594
-0.569336,0.218994,0.806152
0.460083,-0.235840,0.988770
-0.317261,-0.181519,0.761353
0.004028,0.138794,1.008423
0.198364,-0.426514,0.832642
-0.584717,0.204956,0.785767
0.447144,-0.215210,0.987915
-0.279907,-0.212036,0.751587
-0.046631,0.157715,0.994873
0.237915,-0.419189,0.852539
-0.598022,0.176025,0.774780
0.442749,-0.193481,0.994141
-0.249878,-0.254517,0.729248
-0.081299,0.188599,0.988281
0.273682,-0.414673,0.873291
-0.602783,0.147339,0.779907
0.417969,-0.191406,0.991333
-0.220093,-0.275757,0.730713
-0.123657,0.170166,0.962646
0.311279,-0.389404,0.889404
-0.599243,0.129639,0.768433
0.397217,-0.163330,0.997314
-0.189575,-0.296387,0.736328
-0.177124,0.177734,0.944824
0.340088,-0.395386,0.894775
-0.593262,0.089233,0.755127
0.373291,-0.136353,0.995239
-0.161865,-0.323608,0.725708
-0.219971,0.181152,0.920898
0.368896,-0.380249,0.902344
-0.584229,0.069824,0.752808
0.348389,-0.095825,1.014771
-0.139160,-0.356934,0.718750
-0.278320,0.184692,0.906128
0.385376,-0.372559,0.919800
-0.567871,0.031860,0.733643
0.310181,-0.060669,1.006104
-0.109863,-0.361816,0.728027
-0.334717,0.212769,0.900513
0.405396,-0.365356,0.925781
-0.552979,-0.011719,0.716064
0.263794,-0.037842,0.992676
-0.078369,-0.377686,0.738525
-0.387939,0.220337,0.884277
0.422852,-0.342529,0.946533
-0.542358,-0.062988,0.698975
0.209106,-0.000366,1.004639
-0.041748,-0.394409,0.754517
-0.456177,0.242065,0.875244
0.440674,-0.331055,0.953125
-0.508911,-0.091797,0.719238
0.161133,0.041382,1.020386
0.012207,-0.396484,0.775146
-0.506958,0.241699,0.853394
0.442993,-0.315674,0.954956
-0.448486,-0.151611,0.737671
0.100830,0.085327,1.023560
0.064209,-0.385986,0.799805
-0.530029,0.227905,0.838013
0.438599,-0.286011,0.969360
-0.383423,-0.195801,0.739136
0.057861,0.109985,1.022949
0.129761,-0.402100,0.820801
-0.564819,0.222412,0.814819
0.441284,-0.254395,0.972290
-0.327026,-0.232910,0.730103
-0.010864,0.125366,1.006470
0.199341,-0.405884,0.845825
-0.590088,0.189819,0.787720
0.420044,-0.221680,0.973389
-0.260254,-0.287109,0.721069
-0.071777,0.144043,0.989990
0.253052,-0.401123,0.865112
-0.596680,0.155396,0.775879
0.412720,-0.179932,0.994263
-0.224854,-0.300049,0.710815
-0.151489,0.163940,0.954956
0.309326,-0.405273,0.887573
-0.591797,0.098877,0.763550
0.369141,-0.130981,1.001099
-0.189697,-0.325317,0.712280
-0.235474,0.166992,0.930664
0.354614,-0.405396,0.900024
-0.580444,0.049194,0.745605
0.326050,-0.089966,1.008423
-0.150391,-0.328369,0.720093
-0.308960,0.172119,0.892090
0.381470,-0.393433,0.907227
-0.553345,-0.018555,0.717041
0.260498,-0.028687,1.010742
-0.105469,-0.361328,0.732788
-0.398193,0.210327,0.888916
0.416260,-0.365967,0.939575
-0.539429,-0.070923,0.710449
0.198730,-0.004272,1.007568
-0.053833,-0.365601,0.764893
-0.466064,0.232300,0.874268
0.434204,-0.329224,0.952637
-0.496338,-0.141357,0.712524
0.126465,0.049072,1.019287
0.024170,-0.394043,0.776123
-0.518188,0.233643,0.854004
0.440308,-0.310303,0.960815
-0.421753,-0.196411,0.732300
0.067261,0.085815,1.020996
0.087524,-0.408936,0.802856
-0.555542,0.215332,0.824829
0.450317,-0.278931,0.982788
-0.353882,-0.235840,0.732056
0.001587,0.119507,1.010254
0.167114,-0.420288,0.825562
-0.576538,0.169067,0.797852
0.432373,-0.229004,0.991699
-0.293091,-0.274170,0.721436
-0.065308,0.140015,0.990356
0.244873,-0.429810,0.855225
-0.601074,0.138916,0.780884
0.412964,-0.195312,0.998413
-0.243530,-0.274536,0.717651
-0.135132,0.155151,0.968262
0.295288,-0.413574,0.880981
-0.604126,0.105835,0.762451
0.383789,-0.158936,0.996460
-0.205078,-0.307983,0.709595
-0.213379,0.163208,0.943115
0.343750,-0.414551,0.891357
-0.584106,0.058716,0.752563
0.351196,-0.113647,1.009766
-0.170166,-0.314209,0.719604
-0.291748,0.192627,0.921021
0.381226,-0.399902,0.915283
-0.571777,-0.004639,0.716919
0.295288,-0.068848,1.017578
-0.124146,-0.359497,0.725098
-0.375122,0.219971,0.904175
0.415161,-0.372681,0.937500
-0.544556,-0.074463,0.703613
0.224487,-0.029663,1.013672
-0.068970,-0.375244,0.755981
-0.444702,0.224121,0.887695
0.430908,-0.350342,0.956787
-0.513550,-0.117920,0.707642
0.147827,0.025635,1.019287
0.004761,-0.394165,0.779541
-0.494873,0.217529,0.857056
0.439331,-0.310303,0.965820
-0.450439,-0.150391,0.734253
0.096680,0.070557,1.022583
0.075073,-0.400879,0.793701
-0.539307,0.199707,0.829468
0.438843,-0.286255,0.976440
-0.371826,-0.221680,0.734375
0.026245,0.099976,1.011597
0.146606,-0.421265,0.820801
-0.565186,0.163696,0.797607
0.432251,-0.244507,0.983032
-0.310913,-0.275146,0.726074
-0.046021,0.108643,0.994873
0.215820,-0.429321,0.847290
-0.581787,0.126831,0.776367
0.406250,-0.207764,0.990112
-0.258789,-0.286133,0.714600
-0.118652,0.148560,0.973633
0.279541,-0.412231,0.879028
-0.584473,0.097900,0.768066
0.386841,-0.172241,1.000854
-0.223877,-0.310913,0.706299
-0.196655,0.157959,0.960327
0.333252,-0.397583,0.904297
-0.576538,0.040649,0.759277
0.355591,-0.113892,1.021240
-0.193848,-0.318115,0.718384
-0.289185,0.172729,0.922119
0.378296,-0.397827,0.921631
-0.563843,-0.015747,0.734253
0.305786,-0.060425,1.033447
-0.147461,-0.329956,0.734741
-0.370361,0.192627,0.903809
0.402222,-0.385498,0.934448
-0.532837,-0.067383,0.713867
0.236816,-0.011353,1.031860
-0.072754,-0.330444,0.772095
-0.442505,0.205444,0.888062
0.418335,-0.359131,0.947876
-0.505615,-0.134521,0.703857
0.154663,0.028076,1.021118
0.004517,-0.365479,0.792480
-0.496582,0.215698,0.870361
0.434937,-0.323364,0.973267
-0.451904,-0.191040,0.729248
0.094604,0.058105,1.026611
0.088379,-0.382568,0.819702
-0.544312,0.195190,0.833984
0.441895,-0.274170,0.990112
-0.358032,-0.249146,0.737671
0.017822,0.084839,1.015991
0.166748,-0.416260,0.841675
-0.558228,0.137573,0.789062
0.427246,-0.246338,0.989014
-0.292114,-0.293213,0.727417
-0.060303,0.117920,1.003418
0.252319,-0.435669,0.867065
-0.577515,0.100464,0.771484
0.404907,-0.187744,1.012329
-0.241089,-0.295166,0.716309
-0.152588,0.135742,0.975708
0.315063,-0.415161,0.910156
-0.567871,0.044922,0.754883
0.371338,-0.142334,1.022583
-0.215942,-0.296631,0.723511
-0.246582,0.157104,0.945435
0.373413,-0.408569,0.923096
-0.557373,-0.005981,0.747559
0.334839,-0.091309,1.037109
-0.166382,-0.322632,0.730469
-0.332153,0.183838,0.916138
0.405762,-0.395752,0.935547
-0.537231,-0.052979,0.727417
0.273193,-0.043823,1.044434
-0.092041,-0.338135,0.764893
-0.411987,0.205811,0.897827
0.430298,-0.357666,0.967651
-0.501953,-0.141357,0.704834
0.193359,0.012207,1.042236
-0.004028,-0.379883,0.793945
-0.479736,0.215576,0.880493
0.448975,-0.324219,0.985718
-0.459839,-0.159058,0.742188
0.111084,0.059326,1.042969
0.081055,-0.396729,0.814941
-0.510010,0.166260,0.836304
0.445312,-0.283813,0.997925
-0.373169,-0.210815,0.748413
0.040649,0.092041,1.033081
0.157837,-0.431885,0.833618
-0.541748,0.133667,0.805786
0.465454,-0.161499,1.088867
-0.313354,-0.243774,0.741211
-0.115112,0.151123,1.027954
0.229614,-0.426880,0.860107
-0.504883,-0.013428,0.784546
0.433838,-0.122314,1.103271
-0.154907,-0.302490,0.773315
-0.187012,0.179810,1.016479
0.424438,-0.379883,0.992188
-0.496338,-0.041870,0.773193
0.395996,-0.074829,1.113892
-0.094849,-0.292603,0.811279
-0.266479,0.194580,0.986206
0.469849,-0.368774,1.015015
-0.460693,-0.115601,0.760498
0.337891,-0.038818,1.119629
-0.025024,-0.304321,0.833496
-0.327026,0.180298,0.941406
0.501587,-0.333496,1.033691
-0.419434,-0.170410,0.755737
0.262573,0.006958,1.107788
0.058350,-0.371582,0.844482
-0.386841,0.155273,0.894897
0.507568,-0.301270,1.057373
-0.377563,-0.223999,0.770020
0.182251,0.045776,1.095581
0.148438,-0.385010,0.877930
-0.437012,0.130615,0.862549
0.515259,-0.249878,1.077026
-0.334351,-0.252930,0.769653
0.100830,0.084839,1.077637
0.235352,-0.398438,0.906860
-0.452393,0.089355,0.847534
0.508423,-0.221191,1.086548
-0.251709,-0.270752,0.806396
0.023193,0.113037,1.071289
0.301758,-0.404663,0.927734
-0.466064,0.044556,0.816162
0.487061,-0.173096,1.099731
-0.182373,-0.281738,0.798218
-0.037964,0.125244,1.049927
0.358765,-0.395020,0.962280
-0.476074,0.013306,0.811523
0.468872,-0.141724,1.110474
-0.140137,-0.292969,0.801758
-0.128906,0.159424,1.031372
0.414917,-0.365601,0.994263
-0.476562,-0.024292,0.796509
0.436279,-0.097168,1.127686
-0.096313,-0.302246,0.810059
-0.210693,0.196045,1.018677
0.470703,-0.347046,1.033569
-0.463013,-0.074707,0.789673
0.390137,-0.050537,1.138428
-0.048462,-0.321045,0.822021
-0.270874,0.185669,0.980713
0.505859,-0.329102,1.052856
-0.429810,-0.127930,0.776733
0.333618,-0.011230,1.133545
0.021973,-0.331543,0.850220
-0.313477,0.161133,0.939697
0.522949,-0.305664,1.060425
-0.381958,-0.195679,0.774780
0.264282,0.031128,1.125854
0.100220,-0.364990,0.869873
-0.376709,0.160278,0.910156
0.533203,-0.283081,1.077393
-0.330688,-0.240356,0.788940
0.190552,0.065674,1.115723
0.185791,-0.397217,0.897461
-0.413330,0.131348,0.884277
0.535156,-0.259766,1.093384
-0.304688,-0.255737,0.800171
0.130371,0.091064,1.101318
0.249878,-0.389282,0.925049
-0.444702,0.106445,0.860718
0.528564,-0.223145,1.094727
-0.241089,-0.276245,0.812134
0.063843,0.122925,1.091187
0.305786,-0.390015,0.940674
-0.446899,0.072388,0.843506
0.524658,-0.191772,1.111084
-0.164551,-0.306763,0.826904
-0.005005,0.137817,1.078247
0.360474,-0.391113,0.961792
-0.445557,0.034424,0.843262
0.500732,-0.140259,1.128052
-0.120361,-0.327881,0.814453
-0.065186,0.149536,1.057739
0.412598,-0.365723,0.996582
-0.454224,0.005493,0.832031
0.484619,-0.103027,1.146729
-0.092163,-0.316895,0.811768
-0.131226,0.189453,1.056030
0.458862,-0.353149,1.029785
-0.456543,-0.030151,0.811523
0.439209,-0.064819,1.159058
-0.055298,-0.303223,0.839600
-0.204956,0.205078,1.039307
0.505371,-0.339600,1.061279
-0.431885,-0.090210,0.796631
0.389526,-0.035034,1.150635
0.003540,-0.331787,0.858887
-0.265625,0.184692,0.997192
0.541626,-0.323120,1.080078
-0.396973,-0.137451,0.796509
0.317627,0.020142,1.146729
0.091431,-0.360474,0.881714
-0.314087,0.156616,0.948120
0.548340,-0.307251,1.085815
-0.345947,-0.200562,0.799194
0.254395,0.077759,1.138916
0.164307,-0.389648,0.904785
-0.374634,0.141602,0.919556
0.557739,-0.279907,1.097290
-0.306152,-0.243530,0.812866
0.180054,0.110352,1.131958
0.236206,-0.410522,0.918213
-0.408691,0.113892,0.895264
0.558105,-0.256958,1.115234
-0.270142,-0.254639,0.822266
0.112671,0.114746,1.114746
0.297363,-0.397827,0.959229
-0.427856,0.093384,0.872070
0.548584,-0.218506,1.118652
-0.206055,-0.264648,0.843628
0.045410,0.144897,1.112061
0.345337,-0.395874,0.976196
-0.443481,0.058350,0.848999
0.536133,-0.177124,1.131226
-0.129272,-0.277588,0.860352
-0.009155,0.155518,1.091919
0.390259,-0.381592,0.998657
-0.442017,0.017090,0.843384
0.517700,-0.143311,1.150757
-0.090942,-0.311523,0.846558
-0.063599,0.171021,1.065674
0.435547,-0.369019,1.021362
-0.444946,-0.006958,0.841309
0.497559,-0.098633,1.168945
-0.063965,-0.305664,0.839478
-0.130127,0.207153,1.066528
0.480225,-0.348511,1.045166
-0.435059,-0.032715,0.832031
0.455688,-0.063232,1.167725
-0.026245,-0.321411,0.851929
-0.198364,0.206299,1.047363
0.519409,-0.343872,1.070190
-0.422241,-0.071777,0.821167
0.409058,-0.024292,1.161621
0.021606,-0.335205,0.870850
-0.241821,0.201904,1.022583
0.543335,-0.313599,1.099731
-0.391357,-0.130859,0.809448
0.364136,0.011475,1.163086
0.078491,-0.356201,0.889160
-0.291626,0.184082,0.979248
0.560547,-0.305664,1.104736
-0.356323,-0.177612,0.802490
0.300293,0.044189,1.159058
0.153442,-0.390259,0.908691
-0.330200,0.174194,0.947266
0.567627,-0.298706,1.104126
-0.321411,-0.207886,0.820190
0.244751,0.070557,1.147461
0.219116,-0.405640,0.930176
-0.366577,0.139893,0.910889
0.570801,-0.279053,1.113037
-0.285278,-0.240112,0.829590
0.177734,0.090576,1.120117
0.280884,-0.394287,0.955078
-0.396362,0.118164,0.889282
0.567383,-0.226562,1.126587
-0.234131,-0.254517,0.843506
0.103638,0.129639,1.121582
0.333740,-0.401978,0.979248
-0.411255,0.096313,0.878418
0.555298,-0.191040,1.134888
-0.195557,-0.254028,0.851074
0.044312,0.153198,1.113037
0.383667,-0.408691,0.995239
-0.424072,0.072388,0.869873
0.542847,-0.148682,1.148926
-0.113403,-0.282104,0.876465
-0.014526,0.164062,1.091431
0.419556,-0.397095,1.014404
-0.426514,0.024536,0.848633
0.524536,-0.119263,1.160522
-0.058105,-0.311890,0.875977
-0.063721,0.194702,1.090576
0.458008,-0.382446,1.023438
-0.430054,0.017578,0.850464
0.506714,-0.097412,1.169434
-0.023682,-0.316406,0.884155
-0.109863,0.196777,1.074219
0.476562,-0.357422,1.048706
-0.431274,-0.013672,0.845703
0.479126,-0.062012,1.173218
-0.000488,-0.331299,0.883789
-0.164673,0.208984,1.065308
0.508545,-0.345825,1.073364
-0.427734,-0.062988,0.819580
0.441162,-0.036987,1.173584
0.033081,-0.334229,0.896851
-0.220947,0.219238,1.042725
0.552124,-0.328857,1.097168
-0.393921,-0.121460,0.807251
0.386108,-0.005127,1.167114
0.081543,-0.336060,0.913696
-0.254761,0.197632,1.018921
0.569580,-0.308960,1.112427
-0.371094,-0.152832,0.810669
0.328857,0.028809,1.152832
0.140137,-0.369751,0.920044
-0.293457,0.178955,0.982910
0.588623,-0.302856,1.121216
-0.338135,-0.174805,0.820557
0.265991,0.063232,1.143799
0.207031,-0.400269,0.931885
-0.320679,0.136597,0.936890
0.583130,-0.268677,1.129028
-0.303955,-0.212158,0.824097
0.210693,0.104248,1.139282
0.264160,-0.413330,0.947021
-0.360474,0.123413,0.910645
0.589111,-0.252808,1.139404
-0.271606,-0.230103,0.834473
0.147705,0.130005,1.118042
0.317017,-0.430420,0.959229
-0.387085,0.101562,0.899048
0.579712,-0.233643,1.136230
-0.237427,-0.231445,0.850098
0.095459,0.166382,1.119751
0.356567,-0.430664,0.976807
-0.406860,0.096680,0.890625
0.572754,-0.215088,1.143066
-0.194214,-0.238770,0.866455
0.043457,0.177124,1.114502
0.397461,-0.415161,0.997559
-0.426147,0.075317,0.873047
0.555908,-0.167114,1.151611
-0.135376,-0.249023,0.873413
-0.007812,0.195557,1.106323
0.431396,-0.413330,1.020264
-0.433350,0.044434,0.863281
0.531128,-0.138794,1.156494
-0.075562,-0.273315,0.890625
-0.046875,0.199097,1.091797
0.451538,-0.387817,1.026978
-0.428589,0.013550,0.858643
0.510498,-0.120361,1.165894
-0.013672,-0.317871,0.897827
-0.083496,0.200195,1.084595
0.471802,-0.375244,1.039185
-0.431396,0.003784,0.847534
0.497803,-0.100952,1.165039
0.012695,-0.336060,0.881592
-0.124146,0.216553,1.079468
0.494995,-0.359253,1.052979
-0.431641,-0.014282,0.840210
0.471191,-0.075684,1.156250
0.028687,-0.350220,0.897949
-0.161621,0.218628,1.068481
0.519409,-0.345825,1.072998
-0.422729,-0.048340,0.828369
0.434937,-0.045288,1.160156
0.057251,-0.338135,0.909790
-0.201660,0.213867,1.052490
0.532349,-0.319946,1.103638
-0.409058,-0.076904,0.817993
0.395630,-0.011963,1.153076
0.099243,-0.364502,0.912720
-0.243530,0.208496,1.032715
0.559448,-0.320801,1.111206
-0.392944,-0.118896,0.806763
0.358521,0.012451,1.147949
0.131470,-0.366821,0.929077
-0.268677,0.183960,1.008301
0.567749,-0.302490,1.115356
-0.372192,-0.134644,0.803833
0.325806,0.029541,1.131592
0.169678,-0.376343,0.937500
-0.280762,0.163940,0.975342
0.570312,-0.270386,1.121338
-0.356934,-0.162842,0.803955
0.286255,0.042114,1.133301
0.203247,-0.406128,0.945190
-0.308472,0.148193,0.957397
0.568237,-0.275879,1.119019
-0.339355,-0.193726,0.802490
0.257202,0.048218,1.129395
0.243530,-0.406128,0.949585
-0.341675,0.132568,0.926514
0.578247,-0.274048,1.116943
-0.310669,-0.200806,0.831909
0.209229,0.067505,1.118652
0.268311,-0.417358,0.949951
-0.360962,0.114624,0.896851
0.584351,-0.273315,1.111938
-0.286621,-0.219971,0.837280
0.160156,0.100586,1.112671
0.297119,-0.438232,0.949463
-0.383545,0.107910,0.891113
0.583984,-0.255371,1.118896
-0.251831,-0.224976,0.845215
0.115356,0.132324,1.113159
0.327026,-0.440674,0.957520
-0.401611,0.085205,0.875977
0.575195,-0.232666,1.128418
-0.224487,-0.230713,0.846558
0.065186,0.156372,1.106812
0.371948,-0.440918,0.980835
-0.413574,0.071655,0.863159
0.545288,-0.194702,1.132812
-0.197266,-0.224609,0.854126
0.026978,0.176636,1.094604
0.404785,-0.441772,0.994141
-0.426147,0.050903,0.853638
0.527710,-0.159180,1.128296
-0.145752,-0.233521,0.867065
-0.012939,0.202515,1.102661
0.434204,-0.432983,1.001465
-0.435791,0.043091,0.852905
0.510864,-0.145752,1.130127
-0.098755,-0.256104,0.881226
-0.048584,0.192139,1.084229
0.460938,-0.400757,1.028931
-0.436890,0.012085,0.845093
0.488525,-0.114136,1.135620
-0.022705,-0.304932,0.883423
-0.100586,0.214844,1.082397
0.476440,-0.405762,1.031494
-0.433594,-0.004150,0.839722
0.466675,-0.091553,1.143311
0.019775,-0.329224,0.889893
-0.136963,0.199341,1.057983
0.499756,-0.386108,1.047607
-0.428833,-0.032104,0.825195
0.436035,-0.057373,1.155884
0.046509,-0.345459,0.887329
-0.171997,0.203003,1.045532
0.517090,-0.372681,1.058472
-0.422119,-0.067139,0.809204
0.399902,-0.037231,1.132812
0.060669,-0.349365,0.886597
-0.209839,0.192871,1.026855
0.534546,-0.347900,1.070557
-0.407349,-0.101196,0.801514
0.366821,-0.012451,1.126953
0.075562,-0.344727,0.893799
-0.257080,0.196289,1.009155
0.559204,-0.339966,1.085938
-0.388672,-0.143433,0.792603
0.321167,0.011230,1.118408
0.127441,-0.369629,0.901611
-0.295532,0.182129,0.980591
0.574951,-0.340454,1.090088
-0.371826,-0.174438,0.791260
0.273315,0.034790,1.113647
0.180908,-0.392456,0.913330
-0.321655,0.156982,0.942261
0.572510,-0.311035,1.102295
-0.343018,-0.189697,0.798950
0.235718,0.056030,1.101074
0.214600,-0.404297,0.917969
-0.349854,0.141479,0.916626
0.575317,-0.288452,1.101440
-0.314209,-0.223755,0.805420
0.169312,0.091553,1.093140
0.259888,-0.431641,0.928955
-0.371460,0.083740,0.871826
0.565674,-0.280151,1.100220
-0.290527,-0.226074,0.808350
0.129761,0.106323,1.094727
0.298218,-0.443237,0.940430
-0.407471,0.082642,0.854980
0.554443,-0.252441,1.099365
-0.250000,-0.220947,0.831421
0.088135,0.128052,1.089111
0.336304,-0.451416,0.944092
-0.429199,0.073364,0.842285
0.541016,-0.238159,1.102539
-0.220093,-0.216553,0.841675
0.045532,0.152832,1.089844
0.371948,-0.444214,0.958618
-0.448853,0.074585,0.840942
0.517578,-0.208618,1.104492
-0.184204,-0.249390,0.839844
0.009033,0.163574,1.082642
0.401611,-0.437012,0.986084
-0.458862,0.073608,0.838379
0.500244,-0.180420,1.105347
-0.133789,-0.269165,0.847534
-0.035767,0.171021,1.070557
0.425659,-0.427490,0.994507
-0.464111,0.052612,0.832275
0.481567,-0.153198,1.102905
-0.066895,-0.304321,0.861450
-0.079346,0.195068,1.067505
0.447632,-0.415039,1.001587
-0.461670,0.016602,0.827026
0.459351,-0.141235,1.101685
-0.023682,-0.327759,0.872925
-0.124634,0.170898,1.038330
0.471313,-0.409180,1.010010
-0.455322,-0.011108,0.815186
0.444702,-0.104858,1.111328
0.025635,-0.360229,0.873413
-0.176270,0.179199,1.025635
0.491821,-0.401733,1.015503
-0.441772,-0.055420,0.804932
0.406006,-0.087158,1.114258
0.041504,-0.376221,0.864502
-0.197876,0.173218,1.010742
0.504028,-0.384033,1.036743
-0.435913,-0.094849,0.793091
0.377930,-0.058228,1.109863
0.060913,-0.379028,0.856323
-0.221069,0.169800,0.995728
0.514893,-0.374878,1.039185
-0.436279,-0.094482,0.785889
0.351685,-0.051758,1.095947
0.073975,-0.383179,0.857666
-0.249878,0.174561,0.981201
0.517212,-0.357544,1.041992
-0.428467,-0.111572,0.784668
0.331665,-0.047485,1.087158
0.089111,-0.402588,0.864380
-0.266113,0.162109,0.973511
0.511963,-0.347778,1.049927
-0.429321,-0.121216,0.783203
0.322632,-0.053711,1.086182
0.096191,-0.405640,0.865723
-0.283447,0.175171,0.967773
0.524170,-0.353394,1.051025
-0.416138,-0.132080,0.782593
0.311890,-0.034790,1.085815
0.096436,-0.390625,0.872314
-0.289673,0.185791,0.968262
0.513428,-0.346680,1.035278
-0.424683,-0.133301,0.778320
0.327026,-0.039551,1.091187
0.099609,-0.413696,0.858032
-0.287354,0.163818,0.955566
0.510742,-0.357544,1.033813
-0.419067,-0.125488,0.781738
0.317383,-0.028687,1.088501
0.089600,-0.396240,0.862671
-0.288452,0.163208,0.957397
0.516235,-0.355225,1.041504
-0.423218,-0.133667,0.774170
0.310425,-0.025024,1.087769
0.095703,-0.403320,0.854736
-0.292969,0.160889,0.950806
0.509155,-0.364258,1.034424
-0.433105,-0.137451,0.765747
0.308838,-0.023193,1.078857
0.088501,-0.381958,0.859741
-0.294556,0.162354,0.955322
0.521606,-0.364624,1.039673
-0.422119,-0.141846,0.767822
0.297119,-0.016724,1.068848
0.094238,-0.383301,0.858643
-0.305908,0.169678,0.941162
0.537842,-0.362549,1.045044
-0.419800,-0.153442,0.768555
0.265869,-0.005249,1.067627
0.105713,-0.398071,0.848267
-0.307129,0.143921,0.927856
0.540649,-0.350464,1.043945
-0.416870,-0.162964,0.762329
0.237061,0.001831,1.053711
0.121094,-0.413208,0.847900
-0.336548,0.139648,0.907104
0.534302,-0.343018,1.045532
-0.398071,-0.161621,0.772705
0.219360,0.003784,1.056152
0.151733,-0.447998,0.842163
-0.370117,0.137573,0.880737
0.549805,-0.337524,1.048096
-0.361816,-0.170776,0.798462
0.168091,0.039062,1.050659
0.176270,-0.466797,0.845703
-0.400757,0.089233,0.837036
0.556274,-0.314819,1.059570
-0.339600,-0.173340,0.798340
0.133423,0.071045,1.054321
0.225098,-0.493164,0.860962
-0.428345,0.068115,0.812134
0.532959,-0.299927,1.051147
-0.320435,-0.207886,0.792358
0.103760,0.093506,1.064941
0.257446,-0.481323,0.880249
-0.453735,0.069458,0.811035
0.518188,-0.305908,1.037842
-0.305542,-0.233154,0.787231
0.065186,0.124146,1.068115
0.292725,-0.462891,0.908691
-0.466431,0.073730,0.799316
0.497437,-0.280029,1.038452
-0.260986,-0.232300,0.810425
0.022705,0.127319,1.055054
0.319824,-0.460693,0.917236
-0.481812,0.080688,0.797974
0.485962,-0.259277,1.048218
-0.214111,-0.237427,0.831055
-0.020996,0.137817,1.043335
0.340088,-0.455322,0.926392
-0.494263,0.072754,0.807373
0.476196,-0.238647,1.049561
-0.168945,-0.270630,0.822144
-0.075562,0.160522,1.033081
0.376831,-0.468506,0.937500
-0.508667,0.054565,0.789551
0.450317,-0.187378,1.050781
-0.108154,-0.299683,0.816528
-0.118530,0.169800,1.017456
0.414185,-0.447021,0.953003
-0.505249,0.025635,0.790894
0.413452,-0.144897,1.045654
-0.054932,-0.320068,0.837769
-0.170410,0.148315,0.981079
0.444092,-0.439575,0.968750
-0.486206,-0.038086,0.772827
0.357788,-0.092529,1.047485
0.001465,-0.378906,0.811401
-0.233154,0.133423,0.938110
0.488403,-0.411743,0.998047
-0.470825,-0.090088,0.767944
0.301758,-0.049072,1.035400
0.052002,-0.403687,0.813477
-0.283691,0.113403,0.902832
0.504150,-0.379761,1.006958
-0.435547,-0.162354,0.744507
0.219116,-0.015991,1.026123
0.082031,-0.401733,0.817627
-0.346802,0.134766,0.875732
0.517578,-0.368652,1.015625
-0.398560,-0.185669,0.772461
0.146484,0.019775,1.016113
0.149170,-0.443115,0.811890
-0.404419,0.111206,0.834473
0.527100,-0.326904,1.030518
-0.345703,-0.208252,0.779541
0.063110,0.071655,1.023682
0.218750,-0.478149,0.842529
-0.460815,0.075439,0.780396
0.514404,-0.278809,1.036499
-0.266968,-0.219971,0.820557
-0.011353,0.125854,1.040771
0.283813,-0.482544,0.865845
-0.506714,0.072754,0.773560
0.472778,-0.231812,1.037964
-0.181396,-0.205078,0.851196
-0.076050,0.156738,1.029541
0.336914,-0.474121,0.904175
-0.519897,0.054321,0.775146
0.430176,-0.182739,1.045288
-0.096802,-0.289795,0.823486
-0.137939,0.167114,0.999634
0.407104,-0.458618,0.938354
-0.503540,-0.006714,0.768799
0.373535,-0.111694,1.036011
-0.015381,-0.372925,0.802734
-0.225098,0.144287,0.943970
0.462402,-0.424194,0.975342
-0.480103,-0.080811,0.754150
0.311279,-0.055786,1.038452
0.040161,-0.428955,0.782959
-0.302368,0.122192,0.889648
0.492920,-0.391602,0.992188
-0.451172,-0.117676,0.765381
0.228882,-0.007324,1.028076
0.087646,-0.443604,0.790894
-0.388550,0.122925,0.852173
0.513794,-0.371216,1.005249
-0.413452,-0.178223,0.752441
0.145752,0.040649,1.022705
0.160034,-0.444580,0.818848
-0.446289,0.110596,0.807617
0.511230,-0.325806,1.011108
-0.354126,-0.205444,0.767456
0.059204,0.090576,1.027710
0.232910,-0.469360,0.852295
-0.485352,0.073608,0.771729
0.485107,-0.296875,1.006104
-0.275391,-0.215210,0.797363
-0.013428,0.110596,1.020752
0.301514,-0.466675,0.879395
-0.523926,0.083984,0.768555
0.450684,-0.237427,1.020020
-0.179199,-0.261475,0.817139
-0.092651,0.138672,1.000366
0.353149,-0.448975,0.917969
-0.523926,0.063721,0.777954
0.421753,-0.161133,1.035034
-0.091675,-0.330566,0.809814
-0.175293,0.143433,0.969238
0.407715,-0.424438,0.945679
-0.509399,-0.001343,0.770508
0.354126,-0.096313,1.018188
-0.007568,-0.387085,0.804443
-0.251709,0.129272,0.914185
0.449219,-0.412231,0.960693
-0.488892,-0.075684,0.751831
0.287964,-0.044189,1.028320
0.048096,-0.414185,0.784912
-0.341187,0.124634,0.863037
0.481079,-0.392456,0.968994
-0.457642,-0.121338,0.749268
0.208618,-0.001587,1.015259
0.079468,-0.424072,0.793457
-0.401245,0.126953,0.838989
0.489990,-0.366455,0.993896
-0.426514,-0.178101,0.739624
0.125854,0.037598,1.011841
0.153320,-0.441162,0.814941
-0.468506,0.122925,0.807983
0.500610,-0.327881,1.007690
-0.350708,-0.199707,0.781128
0.033813,0.092407,1.010376
0.229004,-0.448486,0.840698
-0.491821,0.078979,0.759888
0.484985,-0.257568,1.017090
-0.252686,-0.227783,0.807251
-0.056519,0.120605,1.001587
0.281738,-0.468994,0.863647
-0.518311,0.076050,0.767090
0.447144,-0.197998,1.032349
-0.160278,-0.252686,0.822876
-0.133179,0.152710,0.989502
0.351196,-0.471558,0.897949
-0.544189,-0.006592,0.747070
0.311523,-0.062622,0.999146
-0.020020,-0.385742,0.749634
-0.324463,0.181641,0.871582
0.456543,-0.365234,0.956665
-0.514893,-0.071533,0.743164
0.214233,-0.007446,0.996826
0.035645,-0.411377,0.754761
-0.407959,0.184204,0.843628
0.473633,-0.323608,0.972778
-0.457397,-0.137695,0.753052
0.126099,0.054199,1.007446
0.090820,-0.413574,0.785278
-0.488525,0.184814,0.808350
0.482544,-0.285278,0.978516
-0.356323,-0.171143,0.773071
0.024658,0.114868,1.002197
0.181885,-0.417725,0.830444
-0.540771,0.148682,0.779053
0.475098,-0.212158,1.008911
-0.234497,-0.225342,0.795898
-0.083374,0.161743,0.981812
0.273315,-0.423584,0.858276
-0.557251,0.110840,0.759766
0.429565,-0.144043,1.018555
-0.114502,-0.309692,0.784790
-0.176392,0.172607,0.937866
0.348389,-0.412720,0.895996
-0.548218,0.056030,0.756226
0.364990,-0.090454,1.011353
-0.044556,-0.368042,0.757690
-0.282227,0.170410,0.879761
0.412109,-0.375244,0.921265
-0.517212,-0.036133,0.729736
0.260864,-0.011963,1.004883
0.011841,-0.403809,0.756226
-0.380127,0.164917,0.848145
0.442261,-0.326782,0.954834
-0.480103,-0.111206,0.734131
0.149170,0.061646,1.011963
0.082886,-0.419067,0.780762
-0.476440,0.182739,0.821533
0.457153,-0.282593,0.972778
-0.384888,-0.181885,0.751465
0.047729,0.121948,1.010254
0.177368,-0.404541,0.837158
-0.546021,0.159912,0.782349
0.452393,-0.223267,0.993774
-0.248779,-0.234497,0.769653
-0.064819,0.157837,0.987061
0.276123,-0.409790,0.874023
-0.566040,0.131958,0.773438
0.419922,-0.158203,1.003418
-0.123169,-0.316406,0.773560
-0.188354,0.162964,0.933716
0.362061,-0.393188,0.904175
-0.545532,0.056396,0.757446
0.341309,-0.056885,1.004761
-0.042114,-0.369019,0.758179
-0.313354,0.155884,0.870605
0.416626,-0.348633,0.945068
-0.513428,-0.070435,0.728760
0.226562,0.009277,1.006958
0.013550,-0.382446,0.764282
-0.433472,0.181030,0.840942
0.458740,-0.313721,0.967651
-0.432739,-0.143433,0.754883
0.100586,0.089600,1.014404
0.118164,-0.391724,0.811768
-0.533569,0.193604,0.802002
0.461670,-0.255981,0.978271
-0.299438,-0.211060,0.768433
-0.034668,0.152588,1.000244
0.242432,-0.403442,0.867310
-0.562500,0.148926,0.774170
0.435303,-0.167114,1.004517
-0.161987,-0.293945,0.762329
-0.159912,0.163696,0.943115
0.345215,-0.403809,0.903564
-0.547119,0.074951,0.767456
0.353394,-0.061035,1.011353
-0.075073,-0.363159,0.730835
-0.291748,0.180786,0.876587
0.420654,-0.380737,0.931885
-0.531128,-0.057617,0.721802
0.245483,-0.007568,1.001709
0.000000,-0.387085,0.755615
-0.427124,0.208740,0.854736
0.458374,-0.321167,0.959961
-0.448730,-0.138062,0.747559
0.110474,0.077148,1.008057
0.096069,-0.389771,0.808594
-0.514648,0.206543,0.814819
0.459717,-0.235596,0.990112
-0.322388,-0.223389,0.761963
-0.015259,0.122681,0.999390
0.216919,-0.411133,0.851807
-0.565552,0.165649,0.781372
0.436646,-0.150024,1.011841
-0.175659,-0.252075,0.781372
-0.129639,0.149414,0.955688
0.321777,-0.428711,0.880737
-0.571533,0.101807,0.768311
0.372925,-0.082397,1.020508
-0.093262,-0.330200,0.740723
-0.258179,0.185913,0.905273
0.405884,-0.390991,0.929688
-0.545166,-0.035522,0.728638
0.267334,-0.029419,0.985962
-0.035034,-0.378052,0.734497
-0.378418,0.229614,0.867188
0.461426,-0.321655,0.954834
-0.480347,-0.086426,0.742676
0.146973,0.042236,1.000977
0.034546,-0.391357,0.778076
-0.476440,0.218262,0.839478
0.466797,-0.271362,0.975464
-0.381226,-0.151123,0.763306
0.053345,0.111084,1.018188
0.146729,-0.414673,0.811279
-0.551025,0.185791,0.793457
0.447754,-0.220581,0.986572
-0.264282,-0.198975,0.771118
-0.033447,0.167358,1.001221
0.248535,-0.403687,0.857666
-0.588867,0.141968,0.772217
0.430054,-0.186768,0.990845
-0.180908,-0.270752,0.760498
-0.124390,0.190430,0.963989
0.338745,-0.373779,0.901001
-0.583618,0.102783,0.761475
0.374268,-0.119629,1.007812
-0.116699,-0.349121,0.735352
-0.224609,0.190796,0.913696
0.400635,-0.367188,0.923706
-0.563599,0.043335,0.751343
0.302979,-0.078857,0.986206
-0.074707,-0.395996,0.728394
-0.323608,0.183594,0.877930
0.431641,-0.325562,0.951294
-0.524048,-0.034790,0.727905
0.226807,0.000610,0.998047
-0.022461,-0.410645,0.737549
-0.407104,0.192505,0.854858
0.444214,-0.309937,0.958252
-0.476807,-0.066406,0.747314
0.165894,0.052002,1.014038
0.032593,-0.411011,0.767090
-0.478027,0.209473,0.836060
0.451782,-0.289062,0.970947
-0.425537,-0.115723,0.758545
0.099487,0.107910,1.030884
0.100830,-0.412231,0.799805
-0.539551,0.206177,0.810791
0.451660,-0.266846,0.969238
-0.364258,-0.145752,0.757812
0.038208,0.139404,1.021851
0.177490,-0.403076,0.842651
-0.580200,0.207642,0.787598
0.450195,-0.241333,0.985474
-0.282349,-0.220337,0.752808
-0.029907,0.168335,0.999268
0.244263,-0.402344,0.867065
-0.590454,0.168945,0.782593
0.436157,-0.200317,0.994751
-0.226929,-0.253174,0.749878
-0.088745,0.171265,0.973755
0.299438,-0.383057,0.890503
-0.593506,0.139404,0.771851
0.407104,-0.153564,1.006226
-0.168213,-0.307007,0.736938
-0.157593,0.170288,0.940674
0.339966,-0.367065,0.900635
-0.579834,0.106567,0.762573
0.373291,-0.117920,1.000366
-0.132690,-0.343018,0.726685
-0.231934,0.184204,0.909912
0.377686,-0.361450,0.918213
-0.562256,0.078369,0.761963
0.326172,-0.061035,1.003418
-0.096558,-0.382202,0.721680
-0.296143,0.185181,0.886963
0.403931,-0.360229,0.926392
-0.549438,0.027466,0.740845
0.287842,-0.029907,1.010864
-0.077393,-0.372681,0.722656
-0.357422,0.184692,0.872070
0.425903,-0.354614,0.931396
-0.536133,-0.015991,0.719604
0.244751,0.004517,1.000977
-0.043335,-0.378784,0.744141
-0.414551,0.203125,0.864014
0.439941,-0.344238,0.944824
-0.508911,-0.070435,0.730957
0.186035,0.041138,1.016724
-0.007080,-0.376831,0.774048
-0.465576,0.222290,0.854858
0.447876,-0.314331,0.954468
-0.465210,-0.102051,0.739868
0.135864,0.079224,1.022705
0.045654,-0.391479,0.787842
-0.506592,0.241211,0.848877
0.449097,-0.292847,0.965332
-0.417114,-0.119141,0.755737
0.090454,0.106689,1.026978
0.105225,-0.397827,0.804077
-0.545166,0.233643,0.825073
0.451538,-0.265503,0.967529
-0.352295,-0.182495,0.747314
0.041382,0.128906,1.021240
0.159302,-0.389282,0.831787
-0.572998,0.221436,0.805176
0.453003,-0.242554,0.978760
-0.301880,-0.224365,0.745361
-0.016357,0.151733,1.003540
0.211548,-0.405518,0.845703
-0.582886,0.198608,0.791382
0.446777,-0.222168,0.988281
-0.259277,-0.257446,0.739380
-0.064819,0.162354,0.984497
0.264893,-0.404785,0.866577
-0.601440,0.158936,0.771973
0.434204,-0.184570,1.000122
-0.202148,-0.283447,0.743530
-0.126709,0.180420,0.962769
0.308472,-0.400513,0.876709
-0.597412,0.125366,0.764160
0.407959,-0.154541,1.008423
-0.168823,-0.314697,0.735229
-0.182373,0.184814,0.942383
0.348999,-0.391113,0.895996
-0.589966,0.082275,0.748657
0.372559,-0.136230,1.002441
-0.141479,-0.342773,0.730713
-0.246704,0.192505,0.920044
0.391113,-0.382935,0.909424
-0.571655,0.046997,0.734131
0.314331,-0.074463,0.994019
-0.105225,-0.363159,0.731323
-0.312622,0.197144,0.901489
0.412598,-0.363403,0.931030
-0.565430,-0.010010,0.724854
0.260254,-0.032471,0.994751
-0.072266,-0.378052,0.740234
-0.374146,0.210327,0.890747
0.430420,-0.340332,0.939331
-0.539429,-0.063477,0.705811
0.190674,0.003540,0.991455
-0.030640,-0.375488,0.758545
-0.430908,0.231323,0.879272
0.438965,-0.309692,0.962891
-0.502686,-0.119995,0.711914
0.126343,0.060547,1.004272
0.033325,-0.399780,0.774292
-0.491821,0.231812,0.856445
0.443726,-0.278564,0.970093
-0.430176,-0.152222,0.746094
0.067505,0.098511,1.015503
0.084717,-0.405762,0.792480
-0.539307,0.219849,0.824219
0.449463,-0.253540,0.980225
-0.347046,-0.189087,0.751587
0.005859,0.127075,0.999146
0.158691,-0.416138,0.820190
-0.569946,0.201172,0.794922
0.438843,-0.209839,0.995117
-0.277466,-0.249756,0.730225
-0.056396,0.146362,0.987915
0.228516,-0.423950,0.851074
-0.593750,0.152466,0.770264
0.431396,-0.178589,1.003540
-0.217407,-0.295532,0.730103
-0.134521,0.168213,0.958618
0.290894,-0.408569,0.872925
-0.597412,0.111816,0.761108
0.392822,-0.148926,1.004150
-0.172363,-0.307983,0.732178
-0.206299,0.174683,0.929443
0.353149,-0.400024,0.897827
-0.588867,0.054077,0.740845
0.341797,-0.083496,1.005249
-0.135010,-0.357056,0.710571
-0.301880,0.198608,0.911011
0.396851,-0.373779,0.923096
-0.558716,-0.025635,0.710693
0.259033,-0.034912,0.999268
-0.078003,-0.382690,0.732056
-0.395142,0.221924,0.885010
0.430054,-0.345825,0.942383
-0.523560,-0.098022,0.699097
0.167847,0.027954,1.004761
-0.005371,-0.380249,0.767822
-0.490967,0.232178,0.863525
0.442017,-0.305908,0.962280
-0.439453,-0.147827,0.744141
0.085938,0.084473,1.009888
0.085205,-0.397583,0.799683
-0.551636,0.216309,0.830078
0.443237,-0.254272,0.978394
-0.328369,-0.207764,0.747559
-0.002930,0.121338,1.008545
0.189453,-0.416382,0.832520
-0.589722,0.177612,0.792358
0.425171,-0.202637,0.987305
-0.248169,-0.274170,0.732910
-0.105469,0.155762,0.977051
0.280396,-0.410156,0.872192
-0.596924,0.123169,0.764893
0.390381,-0.148804,0.998291
-0.193359,-0.297241,0.723877
-0.202148,0.169312,0.935791
0.354004,-0.394531,0.903076
-0.583862,0.044556,0.742676
0.326904,-0.084473,1.003418
-0.131104,-0.355225,0.716431
-0.327515,0.196045,0.897095
0.402588,-0.356201,0.940796
-0.537109,-0.041748,0.720093
0.231567,-0.017090,1.004272
-0.073364,-0.386230,0.735352
-0.431519,0.227173,0.876099
0.433594,-0.329956,0.960571
-0.496338,-0.112915,0.711548
0.142334,0.044800,1.010132
0.011597,-0.394287,0.768799
-0.507568,0.234131,0.848145
0.444946,-0.292114,0.962402
-0.414795,-0.179199,0.741211
0.056030,0.100220,1.024292
0.109253,-0.419189,0.801636
-0.562134,0.202881,0.819824
0.441406,-0.238525,0.984863
-0.323730,-0.216553,0.748413
-0.010254,0.117065,1.003662
0.204834,-0.408203,0.835815
-0.595703,0.160400,0.781250
0.417603,-0.202148,0.987305
-0.244995,-0.278931,0.722290
-0.105469,0.160645,0.982178
0.283813,-0.399048,0.877197
-0.601685,0.122437,0.766724
0.394653,-0.177368,1.000610
-0.199341,-0.326050,0.713867
-0.202148,0.173462,0.942505
0.344238,-0.386719,0.902588
-0.586914,0.061890,0.753906
0.344360,-0.115967,1.001953
-0.154297,-0.362183,0.707886
-0.296143,0.185303,0.909424
0.395264,-0.360596,0.930054
-0.556641,0.003784,0.729248
0.276367,-0.051758,1.018188
-0.100342,-0.393921,0.720093
-0.380615,0.196899,0.877686
0.407959,-0.338135,0.938232
-0.535767,-0.058472,0.707031
0.199219,0.005371,1.011108
-0.044800,-0.401245,0.752441
-0.456177,0.215820,0.876343
0.429688,-0.313110,0.963623
-0.506592,-0.102661,0.710693
0.130859,0.053467,1.022827
0.030884,-0.413208,0.775513
-0.520386,0.209229,0.850952
0.434692,-0.293579,0.970947
-0.446777,-0.147339,0.727173
0.075073,0.101807,1.034424
0.105835,-0.406982,0.808594
-0.561035,0.207520,0.823242
0.442017,-0.271240,0.977661
-0.373535,-0.198730,0.727661
0.031128,0.120239,1.019531
0.155640,-0.404541,0.836792
-0.580688,0.183228,0.800781
0.442993,-0.258911,0.977051
-0.316528,-0.250488,0.729980
-0.030029,0.133545,0.998901
0.217529,-0.414062,0.853271
-0.595947,0.164551,0.788696
0.428955,-0.223267,0.990112
-0.276611,-0.261841,0.724609
-0.092285,0.150513,0.986328
0.270020,-0.405640,0.871948
-0.601318,0.135864,0.774048
0.401733,-0.184570,0.990356
-0.230713,-0.291626,0.718262
-0.159424,0.157471,0.958862
0.315918,-0.395264,0.891479
-0.587769,0.098145,0.758911
0.377441,-0.161011,0.995117
-0.203491,-0.300415,0.720581
-0.221680,0.159546,0.932861
0.352417,-0.411621,0.907349
-0.586304,0.066895,0.755249
0.346802,-0.117188,1.004028
-0.166626,-0.338989,0.713379
-0.280029,0.171265,0.917969
0.387207,-0.406982,0.916382
-0.581177,0.029785,0.740234
0.307495,-0.069214,1.015991
-0.142334,-0.346924,0.726318
-0.338989,0.171021,0.892578
0.406372,-0.390869,0.931152
-0.561035,-0.012085,0.716187
0.260620,-0.024658,1.017456
-0.093750,-0.370972,0.741577
-0.386108,0.203003,0.889771
0.417114,-0.364380,0.938354
-0.551880,-0.059204,0.702637
0.209106,-0.006470,1.011597
-0.050171,-0.376465,0.767090
-0.445190,0.218140,0.885132
0.434448,-0.340454,0.963257
-0.530640,-0.126953,0.688477
0.149292,0.034912,1.020996
0.003662,-0.392944,0.776489
-0.489258,0.223145,0.874878
0.443115,-0.333130,0.962280
-0.485352,-0.145020,0.716064
0.093384,0.072632,1.021973
0.062378,-0.422729,0.788574
-0.531128,0.222534,0.850830
0.450195,-0.308228,0.970703
-0.417480,-0.177002,0.737915
0.048706,0.088135,1.016113
0.116577,-0.420166,0.796265
-0.563599,0.198608,0.825439
0.451294,-0.281372,0.989014
-0.351440,-0.226074,0.740356
-0.001953,0.106079,1.007935
0.171875,-0.426758,0.815063
-0.575806,0.171875,0.792358
0.443237,-0.240112,0.995605
-0.297241,-0.272827,0.724854
-0.049561,0.109253,0.987305
0.225464,-0.427002,0.845337
-0.594604,0.134644,0.772827
0.424927,-0.200439,1.008911
-0.254639,-0.291382,0.725342
-0.121460,0.141235,0.977905
0.277222,-0.407959,0.878540
-0.591431,0.090454,0.755127
0.387817,-0.172485,1.003540
-0.217407,-0.293213,0.721313
-0.177734,0.141113,0.958252
0.319946,-0.401123,0.896484
-0.590332,0.069946,0.745728
0.365112,-0.134766,1.015625
-0.189697,-0.315796,0.727417
-0.248901,0.160278,0.932739
0.362061,-0.395996,0.907837
-0.583984,0.019775,0.735474
0.326660,-0.105835,1.017456
-0.157104,-0.344849,0.715698
-0.312744,0.178101,0.910034
0.383545,-0.380127,0.930298
-0.565796,-0.026123,0.718750
0.279175,-0.054932,1.019897
-0.118652,-0.376587,0.726196
-0.374878,0.199341,0.906006
0.414062,-0.371094,0.943604
-0.541016,-0.050049,0.716187
0.220215,-0.004639,1.019165
-0.069214,-0.374512,0.754517
-0.433716,0.201904,0.879883
0.431396,-0.355835,0.955078
-0.530518,-0.111816,0.697754
0.163574,0.023315,1.016968
-0.018555,-0.389282,0.775391
-0.484009,0.211182,0.873901
0.444946,-0.333618,0.977295
-0.490356,-0.144287,0.718506
0.104492,0.071045,1.027832
0.044312,-0.406738,0.788330
-0.519043,0.209106,0.854980
0.455322,-0.305664,0.989502
-0.429688,-0.159668,0.744873
0.060181,0.087402,1.023193
0.109253,-0.415894,0.812134
-0.554321,0.185059,0.823853
0.453369,-0.278076,0.995117
-0.376831,-0.210083,0.738770
0.012207,0.099731,1.009766
0.163208,-0.417603,0.839111
-0.569458,0.148315,0.792847
0.438843,-0.255371,0.993408
-0.319946,-0.263672,0.728760
-0.036499,0.115356,1.003784
0.223022,-0.426880,0.851685
-0.588135,0.131104,0.777344
0.426392,-0.216309,1.004639
-0.274536,-0.305786,0.716797
-0.101807,0.134399,0.986938
0.276855,-0.423218,0.877197
-0.591553,0.080688,0.757935
0.402344,-0.186646,1.005737
-0.239990,-0.290771,0.720581
-0.161621,0.154541,0.968994
0.321411,-0.398193,0.906372
-0.587402,0.045776,0.753174
0.368286,-0.145508,1.014648
-0.203613,-0.326538,0.714111
-0.232544,0.169800,0.949097
0.364868,-0.384399,0.923462
-0.581055,0.013306,0.744629
0.330078,-0.118530,1.021118
-0.162476,-0.355225,0.720215
-0.301758,0.181030,0.910889
0.400879,-0.358643,0.946899
-0.560547,-0.043457,0.722290
0.279419,-0.068481,1.026245
-0.106934,-0.381592,0.738892
-0.374390,0.194458,0.901245
0.417114,-0.343994,0.954224
-0.538940,-0.078003,0.714600
0.218018,-0.031128,1.033569
-0.049194,-0.390991,0.759155
-0.446777,0.205566,0.883179
0.430664,-0.321777,0.975342
-0.510132,-0.132446,0.709229
0.155884,0.030151,1.031738
0.018188,-0.398071,0.791260
-0.497925,0.185303,0.855469
0.438965,-0.302734,0.988892
-0.463379,-0.162598,0.718384
0.082397,0.068848,1.032471
0.095215,-0.412598,0.809814
-0.533325,0.167114,0.831787
0.440796,-0.285767,0.987549
-0.383423,-0.180176,0.756226
0.034546,0.081299,1.021973
0.161133,-0.414429,0.837280
-0.555298,0.147705,0.800415
0.441284,-0.241455,1.002319
-0.317505,-0.236328,0.734619
-0.030151,0.115723,0.996338
0.221313,-0.428345,0.851074
-0.565063,0.104858,0.775757
0.424194,-0.214600,1.010010
-0.270142,-0.281982,0.714478
-0.108521,0.154541,0.986450
0.281982,-0.422363,0.880493
-0.582275,0.062012,0.762939
0.404663,-0.182495,1.014404
-0.231323,-0.304321,0.706665
-0.181885,0.167236,0.971069
0.330444,-0.402466,0.906494
-0.579102,0.024536,0.742798
0.368896,-0.143677,1.024170
-0.195312,-0.314941,0.725952
-0.263672,0.173706,0.942017
0.380737,-0.390747,0.930054
-0.564697,-0.020996,0.735229
0.323608,-0.095337,1.032471
-0.157227,-0.325073,0.738892
-0.333130,0.183472,0.910767
0.405884,-0.365845,0.950195
-0.542114,-0.067139,0.724121
0.263550,-0.053223,1.032227
-0.094727,-0.356689,0.757935
-0.406006,0.187988,0.894775
0.427734,-0.343506,0.977905
-0.513428,-0.116821,0.713989
0.189819,0.000488,1.036621
-0.023926,-0.381348,0.782104
-0.460449,0.201416,0.879517
0.440552,-0.318481,0.987061
-0.475342,-0.154053,0.736694
0.123047,0.047852,1.032349
0.058105,-0.403442,0.803345
-0.508545,0.184570,0.852783
0.450439,-0.286133,1.001099
-0.400635,-0.195557,0.752563
0.051025,0.083008,1.026978
0.132446,-0.423706,0.828003
-0.535767,0.145508,0.811035
0.445190,-0.261230,1.009644
-0.329468,-0.225708,0.746948
-0.015625,0.108765,1.018066
0.202148,-0.425293,0.852783
-0.551758,0.103271,0.789307
0.438965,-0.229492,1.018799
-0.275879,-0.263916,0.736206
-0.080200,0.128540,0.997192
0.265503,-0.424072,0.869629
-0.567139,0.072632,0.770386
0.423218,-0.188354,1.025269
-0.238037,-0.283447,0.719238
-0.157227,0.149780,0.975708
0.317749,-0.416138,0.899292
-0.566528,0.028564,0.750854
0.385620,-0.141602,1.035034
-0.215088,-0.292603,0.722168
-0.234741,0.160034,0.955444
0.366333,-0.393188,0.937500
-0.561157,-0.022949,0.733765
0.354492,-0.106445,1.046753
-0.164307,-0.315308,0.746216
-0.301880,0.184204,0.935913
0.399048,-0.392578,0.944092
-0.547974,-0.063843,0.724854
0.304443,-0.078369,1.046631
-0.111084,-0.322266,0.766846
-0.366089,0.199097,0.913818
0.428955,-0.368408,0.964722
-0.519775,-0.113159,0.708740
0.238525,-0.018433,1.047607
-0.044312,-0.359497,0.778076
-0.427856,0.202148,0.896362
0.444214,-0.328003,0.997437
-0.499390,-0.144287,0.718750
0.169556,0.025024,1.046875
0.027466,-0.393066,0.801025
-0.487183,0.177368,0.865356
0.456177,-0.306396,1.000122
-0.442261,-0.171143,0.740479
0.103027,0.057861,1.045166
0.093872,-0.401978,0.812622
-0.511353,0.154419,0.832397
0.465576,-0.277588,1.013916
-0.365967,-0.212280,0.755249
0.030518,0.083984,1.033203
0.167969,-0.403320,0.839111
-0.536499,0.129272,0.806030
0.448853,-0.250366,1.005493
-0.296021,-0.273682,0.743774
-0.030884,0.107910,1.007324
0.230713,-0.414062,0.866821
-0.551147,0.087280,0.784790
0.431396,-0.222900,1.025146
-0.263184,-0.276001,0.729614
-0.101196,0.124634,0.993164
0.290283,-0.417847,0.898071
-0.496338,-0.056885,0.764526
0.393311,-0.072510,1.115112
-0.088989,-0.312256,0.804443
-0.266724,0.195679,0.980591
0.469116,-0.343262,1.029419
-0.468018,-0.112183,0.754272
0.327881,-0.029663,1.117432
-0.017090,-0.341309,0.826660
-0.323608,0.173096,0.947510
0.494629,-0.322388,1.035767
-0.411743,-0.171021,0.755737
0.259766,0.012207,1.103149
0.052124,-0.369873,0.846313
-0.382690,0.159546,0.914307
0.508911,-0.302490,1.052246
-0.382446,-0.213013,0.767822
0.191895,0.049561,1.092896
0.132446,-0.386719,0.873901
-0.427612,0.130737,0.878418
0.512573,-0.269775,1.061890
-0.337646,-0.250610,0.775146
0.114868,0.077026,1.078735
0.202637,-0.389771,0.895508
-0.454712,0.095703,0.845093
0.512817,-0.241333,1.072021
-0.253296,-0.269653,0.805664
0.041504,0.098389,1.066650
0.265625,-0.379761,0.916260
-0.470825,0.055908,0.819702
0.500244,-0.208008,1.083252
-0.186890,-0.304688,0.798828
-0.029297,0.137695,1.049683
0.325562,-0.385498,0.946167
-0.482178,0.023926,0.805176
0.487671,-0.170654,1.105591
-0.153809,-0.308472,0.786743
-0.115601,0.168213,1.040527
0.390503,-0.381348,0.968262
-0.486572,-0.016846,0.791626
0.452271,-0.116089,1.121094
-0.130859,-0.312256,0.782349
-0.194092,0.190552,1.020630
0.446411,-0.358032,1.001831
-0.487305,-0.052979,0.783691
0.406860,-0.081177,1.124878
-0.080566,-0.309570,0.816528
-0.253174,0.195801,0.996704
0.476440,-0.346680,1.032715
-0.460327,-0.097900,0.777222
0.348999,-0.031982,1.125488
-0.016602,-0.326050,0.836792
-0.307373,0.175903,0.952148
0.502563,-0.328979,1.046997
-0.423096,-0.154419,0.764282
0.283325,0.004395,1.115356
0.045898,-0.358398,0.851440
-0.349243,0.148560,0.917480
0.522705,-0.304443,1.064453
-0.383667,-0.210938,0.761719
0.225830,0.045776,1.107910
0.120361,-0.385132,0.868164
-0.400391,0.134766,0.892212
0.522339,-0.272217,1.071899
-0.356567,-0.229614,0.776123
0.160522,0.058472,1.098511
0.183105,-0.400391,0.894897
-0.422974,0.106201,0.860352
0.524292,-0.247437,1.079346
-0.317139,-0.239380,0.786377
0.094727,0.084473,1.076050
0.239380,-0.384766,0.914917
-0.449707,0.089600,0.852173
0.519897,-0.224854,1.093140
-0.251465,-0.261475,0.808594
0.032959,0.110474,1.071167
0.288574,-0.384277,0.924194
-0.466431,0.064087,0.822632
0.514893,-0.197144,1.090698
-0.180542,-0.298096,0.811035
-0.026611,0.139160,1.053589
0.342285,-0.391479,0.953735
-0.478149,0.029053,0.809204
0.501221,-0.169312,1.101440
-0.151367,-0.302490,0.791138
-0.087158,0.159302,1.041992
0.389404,-0.376709,0.973267
-0.481567,0.013428,0.817749
0.468872,-0.123779,1.119385
-0.120728,-0.332153,0.782593
-0.155884,0.176392,1.032227
0.430054,-0.361084,0.999268
-0.481445,-0.022705,0.801025
0.436279,-0.082764,1.126831
-0.089722,-0.321777,0.808838
-0.216797,0.192383,1.017578
0.465210,-0.343140,1.025513
-0.473633,-0.063843,0.786011
0.395874,-0.058960,1.134399
-0.045776,-0.326416,0.827393
-0.263184,0.187500,0.995117
0.494385,-0.325806,1.050293
-0.449829,-0.105957,0.770996
0.342407,-0.027588,1.129028
0.015015,-0.319946,0.854980
-0.301025,0.182373,0.966431
0.512695,-0.309937,1.057861
-0.408813,-0.168091,0.771606
0.284058,0.005615,1.123291
0.078247,-0.355591,0.867554
-0.343018,0.164795,0.929443
0.523560,-0.282959,1.076782
-0.372681,-0.208130,0.766479
0.222778,0.049316,1.113647
0.143188,-0.382812,0.895874
-0.389526,0.141357,0.898438
0.536743,-0.255615,1.091309
-0.337646,-0.225586,0.794067
0.157471,0.086060,1.102661
0.203247,-0.405151,0.906616
-0.414917,0.105103,0.876709
0.536377,-0.226929,1.100220
-0.305298,-0.256592,0.785400
0.093506,0.102539,1.090820
0.267822,-0.404785,0.924927
-0.438477,0.082397,0.861084
0.537720,-0.210205,1.115479
-0.235840,-0.263672,0.815308
0.028076,0.132324,1.083862
0.311646,-0.392212,0.950195
-0.454102,0.056519,0.838257
0.525635,-0.188477,1.110352
-0.159058,-0.302124,0.815063
-0.031494,0.151855,1.069336
0.365356,-0.390503,0.963379
-0.465576,0.022583,0.817627
0.500977,-0.144653,1.127075
-0.120361,-0.318970,0.808105
-0.095337,0.169434,1.046997
0.406616,-0.369385,0.980591
-0.472656,-0.002441,0.806885
0.467163,-0.113892,1.135010
-0.092651,-0.320312,0.810181
-0.171875,0.199097,1.041748
0.449829,-0.349243,1.019775
-0.460938,-0.048218,0.796997
0.427124,-0.072754,1.141968
-0.049194,-0.319824,0.837524
-0.233154,0.192627,1.014282
0.495117,-0.328979,1.044800
-0.445557,-0.090698,0.792603
0.367065,-0.036133,1.138306
0.009033,-0.337280,0.851318
-0.287842,0.177612,0.976685
0.517456,-0.320435,1.072510
-0.404663,-0.146973,0.784424
0.300659,0.001099,1.129395
0.075073,-0.355835,0.869019
-0.336304,0.158203,0.927856
0.541870,-0.293213,1.083374
-0.360474,-0.213867,0.789551
0.224243,0.042358,1.115479
0.157593,-0.375732,0.897705
-0.385376,0.143188,0.898193
0.539795,-0.248779,1.102173
-0.315796,-0.249634,0.799316
0.152100,0.081909,1.103271
0.230835,-0.395386,0.922485
-0.420410,0.091797,0.866699
0.535034,-0.228027,1.102539
-0.263794,-0.270142,0.810425
0.067871,0.114990,1.089233
0.291748,-0.395508,0.937866
-0.431396,0.070312,0.846680
0.525513,-0.195679,1.116943
-0.171143,-0.305908,0.824585
-0.005859,0.141602,1.076904
0.346191,-0.387939,0.951538
-0.447632,0.031128,0.834351
0.510864,-0.153442,1.137817
-0.115112,-0.331055,0.814209
-0.076782,0.173828,1.062012
0.397705,-0.380127,0.974609
-0.458984,-0.005737,0.825439
0.482788,-0.112671,1.147949
-0.084595,-0.342896,0.812012
-0.160767,0.188477,1.040283
0.456909,-0.359253,1.018311
-0.460693,-0.027100,0.809814
0.438354,-0.060181,1.151367
-0.040649,-0.325195,0.837769
-0.230225,0.211060,1.029785
0.496582,-0.336548,1.054565
-0.441406,-0.090332,0.795654
0.372314,-0.034302,1.148193
0.025757,-0.307617,0.869995
-0.284302,0.184814,0.983643
0.526001,-0.315308,1.073242
-0.400024,-0.145996,0.783813
0.302979,0.014404,1.138916
0.101685,-0.360352,0.889038
-0.328003,0.137085,0.936279
0.539673,-0.290161,1.085693
-0.350586,-0.213745,0.795776
0.218018,0.059448,1.117554
0.189209,-0.388916,0.909668
-0.391357,0.118042,0.893433
0.543457,-0.241089,1.108521
-0.295044,-0.259521,0.802002
0.126953,0.100586,1.106934
0.270874,-0.395752,0.933838
-0.430908,0.100220,0.863525
0.544434,-0.209351,1.114990
-0.220459,-0.282104,0.821655
0.038452,0.131592,1.082520
0.331665,-0.393677,0.962280
-0.435181,0.055542,0.844238
0.523315,-0.169189,1.124146
-0.122925,-0.326172,0.828369
-0.034424,0.154541,1.079590
0.386230,-0.386841,0.978516
-0.448975,0.011108,0.829956
0.499512,-0.126953,1.135742
-0.085449,-0.321045,0.822388
-0.125732,0.189453,1.057007
0.446533,-0.363159,1.013550
-0.451294,-0.028320,0.822144
0.456299,-0.081909,1.149414
-0.048950,-0.305176,0.835449
-0.202271,0.205933,1.036865
0.493652,-0.325928,1.059326
-0.437256,-0.084473,0.808105
0.396606,-0.027588,1.156006
0.012939,-0.338379,0.858765
-0.268311,0.181396,0.990479
0.528198,-0.309692,1.078735
-0.396484,-0.141602,0.792114
0.315186,0.017700,1.144531
0.094604,-0.367432,0.878540
-0.319580,0.160645,0.940430
0.543945,-0.288208,1.078491
-0.348511,-0.206787,0.800537
0.227539,0.057617,1.125977
0.186157,-0.392334,0.918945
-0.379028,0.134521,0.902832
0.544678,-0.241821,1.101074
-0.290771,-0.243042,0.813110
0.140015,0.090088,1.105103
0.264893,-0.393555,0.937256
-0.408691,0.094116,0.873779
0.541626,-0.213013,1.120117
-0.231689,-0.261230,0.831421
0.049194,0.117432,1.089600
0.330811,-0.386719,0.969482
-0.433716,0.056396,0.847900
0.530273,-0.165039,1.130737
-0.116455,-0.312256,0.844116
-0.029785,0.159058,1.080078
0.383789,-0.379395,0.988892
-0.443604,0.004028,0.831421
0.502319,-0.120117,1.141724
-0.084961,-0.320312,0.823242
-0.109985,0.191772,1.077026
0.443604,-0.365479,1.017334
-0.456177,-0.025391,0.828735
0.454224,-0.066040,1.152954
-0.046631,-0.320068,0.840332
-0.200928,0.212402,1.041870
0.507324,-0.341675,1.063232
-0.440796,-0.087769,0.799316
0.380249,-0.013550,1.154175
0.024902,-0.334473,0.868408
-0.270752,0.189209,1.006226
0.548340,-0.307007,1.095459
-0.381958,-0.165894,0.790894
0.298462,0.034546,1.143921
0.121948,-0.354980,0.894775
-0.332642,0.154907,0.939453
0.559204,-0.276123,1.107178
-0.319336,-0.226074,0.806763
0.200195,0.072998,1.121826
0.215576,-0.406494,0.919434
-0.395142,0.117432,0.898193
0.560669,-0.245239,1.126465
-0.268311,-0.257202,0.822021
0.106079,0.105591,1.103027
0.297607,-0.403564,0.947754
-0.422485,0.082764,0.869873
0.545654,-0.195557,1.119873
-0.186401,-0.277588,0.847900
0.018433,0.136719,1.093506
0.354736,-0.384521,0.986328
-0.435303,0.033813,0.843018
0.522949,-0.150757,1.135132
-0.093628,-0.300049,0.853271
-0.057373,0.171143,1.073853
0.422241,-0.367554,1.007812
-0.449097,-0.003906,0.824585
0.476440,-0.083984,1.146118
-0.048706,-0.310547,0.845459
-0.153931,0.209106,1.068848
0.474976,-0.332642,1.055298
-0.436890,-0.070068,0.813477
0.416504,-0.031616,1.164307
0.007446,-0.312622,0.871094
-0.246826,0.210815,1.027222
0.531982,-0.312866,1.085815
-0.402710,-0.134033,0.792725
0.345337,0.014160,1.152344
0.084473,-0.363159,0.876953
-0.313110,0.171753,0.959839
0.566406,-0.296875,1.102905
-0.340698,-0.203369,0.805176
0.250122,0.055054,1.138428
0.176025,-0.387451,0.902954
-0.363525,0.132690,0.907959
0.567749,-0.271729,1.114502
-0.284058,-0.246094,0.820312
0.163940,0.093262,1.122314
0.259033,-0.395142,0.942383
-0.415405,0.115479,0.882690
0.551758,-0.218750,1.117798
-0.238159,-0.260132,0.836548
0.081787,0.110229,1.096924
0.328003,-0.382690,0.969238
-0.432251,0.072998,0.866943
0.535034,-0.176636,1.132568
-0.137329,-0.281860,0.863159
0.001587,0.141479,1.085327
0.375854,-0.359985,1.001221
-0.434326,0.014893,0.835571
0.510254,-0.130737,1.146484
-0.076660,-0.312744,0.850586
-0.074341,0.167725,1.073486
0.439819,-0.359497,1.027710
-0.442749,-0.010254,0.831665
0.467896,-0.065796,1.154175
-0.037598,-0.318848,0.847656
-0.157593,0.191650,1.059814
0.493774,-0.330933,1.073364
-0.439575,-0.060181,0.810547
0.415405,-0.015869,1.162598
0.015015,-0.340088,0.862427
-0.237915,0.203369,1.028687
0.542358,-0.319092,1.101196
-0.406860,-0.126465,0.793335
0.348145,0.027832,1.157471
0.089111,-0.346069,0.881226
-0.293579,0.179688,0.975464
0.567383,-0.304443,1.114624
-0.356567,-0.199707,0.801758
0.264526,0.052979,1.134644
0.161865,-0.379150,0.902588
-0.349365,0.148804,0.929688
0.577881,-0.283569,1.117310
-0.302124,-0.235229,0.826904
0.180176,0.092407,1.124756
0.241577,-0.407715,0.930664
-0.396851,0.113770,0.891357
0.569458,-0.240723,1.129395
-0.256226,-0.255493,0.839722
0.101929,0.113281,1.108643
0.310059,-0.403687,0.957031
-0.428833,0.099976,0.869873
0.555054,-0.199707,1.128784
-0.179321,-0.275391,0.858032
0.026733,0.129883,1.089478
0.359863,-0.378540,0.981079
-0.435669,0.048706,0.860107
0.525269,-0.154785,1.142700
-0.079224,-0.326538,0.859131
-0.041992,0.142944,1.076904
0.410645,-0.364136,1.012573
-0.445557,0.023438,0.849976
0.508789,-0.106201,1.157837
-0.053955,-0.327759,0.852905
-0.116333,0.177734,1.061890
0.455933,-0.341309,1.039429
-0.446533,-0.021240,0.823975
0.454834,-0.048584,1.167847
-0.010620,-0.328491,0.877930
-0.188965,0.208984,1.058350
0.510376,-0.320801,1.077637
-0.425781,-0.085083,0.801758
0.391113,-0.005615,1.159546
0.054443,-0.339111,0.889404
-0.254883,0.191895,1.019897
0.548218,-0.292969,1.104614
-0.384766,-0.154175,0.794678
0.308960,0.039429,1.153564
0.138428,-0.361328,0.908447
-0.309448,0.163208,0.956055
0.564575,-0.277710,1.115479
-0.326416,-0.211426,0.809448
0.227173,0.079102,1.137573
0.218994,-0.408813,0.922607
-0.369873,0.134277,0.915405
0.572632,-0.240723,1.126953
-0.277588,-0.229370,0.826904
0.136475,0.115967,1.120605
0.295776,-0.420776,0.944092
-0.398071,0.098267,0.884155
0.557495,-0.211548,1.133789
-0.222534,-0.249512,0.841553
0.059570,0.137329,1.098145
0.354370,-0.402344,0.975098
-0.421265,0.071045,0.874634
0.542725,-0.170410,1.140625
-0.117065,-0.277222,0.868530
-0.015259,0.158447,1.084961
0.399658,-0.378296,0.998779
-0.431763,0.017212,0.850220
0.518066,-0.129761,1.154297
-0.054932,-0.312744,0.855957
-0.089478,0.180786,1.071533
0.455200,-0.350220,1.030762
-0.436401,-0.025513,0.831543
0.472290,-0.077393,1.165283
-0.013794,-0.329102,0.862671
-0.180298,0.216309,1.052368
0.504761,-0.321655,1.065918
-0.421387,-0.081177,0.814209
0.403198,-0.015503,1.161011
0.042114,-0.341675,0.890503
-0.249634,0.197021,1.023315
0.551392,-0.304688,1.105957
-0.375854,-0.151733,0.808594
0.317017,0.034058,1.156860
0.126221,-0.367188,0.903320
-0.303223,0.162598,0.961792
0.567383,-0.276733,1.114380
-0.326538,-0.200317,0.817383
0.232178,0.072388,1.131714
0.216919,-0.403809,0.925415
-0.360474,0.133057,0.915771
0.570068,-0.246948,1.120483
-0.277100,-0.218140,0.837402
0.140503,0.114868,1.116821
0.295654,-0.415527,0.947266
-0.405640,0.100220,0.893799
0.562256,-0.202148,1.142334
-0.214966,-0.242554,0.854614
0.059814,0.140869,1.109009
0.360107,-0.400635,0.985718
-0.427124,0.055420,0.861084
0.548340,-0.170166,1.150513
-0.106323,-0.287964,0.872437
-0.033203,0.170166,1.085083
0.410278,-0.385498,1.009399
-0.432007,0.006104,0.848877
0.511353,-0.113770,1.156006
-0.046143,-0.313354,0.858276
-0.109497,0.205078,1.073242
0.463623,-0.356934,1.029785
-0.441162,-0.028320,0.835205
0.467041,-0.064819,1.175537
-0.004395,-0.341553,0.865601
-0.200562,0.217285,1.055664
0.514404,-0.324219,1.082397
-0.418335,-0.095337,0.820801
0.394287,-0.012329,1.166748
0.061035,-0.345703,0.895020
-0.270020,0.201782,1.010620
0.557861,-0.310059,1.106201
-0.373413,-0.163574,0.797241
0.308105,0.026855,1.148071
0.149780,-0.382935,0.912476
-0.311279,0.155029,0.949097
0.571045,-0.279541,1.112549
-0.326416,-0.204224,0.812378
0.217651,0.076782,1.129883
0.240723,-0.403687,0.937256
-0.369995,0.129517,0.907227
0.572632,-0.230713,1.127686
-0.267944,-0.234863,0.840210
0.123535,0.119751,1.114502
0.312134,-0.409302,0.960571
-0.406128,0.095825,0.884766
0.557495,-0.191650,1.137207
-0.188599,-0.250122,0.869873
0.036499,0.146362,1.101440
0.370972,-0.399170,0.987915
-0.419434,0.050415,0.855469
0.536011,-0.150024,1.147461
-0.085205,-0.297119,0.873535
-0.036377,0.157104,1.079712
0.420654,-0.376099,1.016113
-0.425903,0.012329,0.852173
0.512695,-0.103516,1.166138
-0.041992,-0.298950,0.857544
-0.113525,0.207764,1.080688
0.476440,-0.350220,1.049072
-0.437378,-0.033569,0.839355
0.466064,-0.055298,1.172974
0.000854,-0.318115,0.881226
-0.193481,0.218628,1.058838
0.526367,-0.328613,1.078369
-0.415039,-0.087036,0.816406
0.392700,-0.007935,1.155273
0.066528,-0.344604,0.900635
-0.254150,0.196411,1.011597
0.556152,-0.294678,1.105957
-0.370728,-0.162720,0.806519
0.312134,0.042358,1.145508
0.152710,-0.374023,0.919922
-0.300781,0.151978,0.958496
0.576416,-0.265747,1.119873
-0.320557,-0.208496,0.813232
0.217041,0.077759,1.124268
0.238403,-0.415161,0.937988
-0.354980,0.120239,0.916626
0.579590,-0.233398,1.131714
-0.268311,-0.222900,0.839844
0.130493,0.113770,1.111450
0.313110,-0.422119,0.962524
-0.400024,0.093506,0.884277
0.564697,-0.202026,1.149170
-0.206299,-0.244141,0.860718
0.053589,0.147461,1.102417
0.368286,-0.407349,0.981079
-0.421875,0.053589,0.866943
0.547241,-0.159546,1.152466
-0.093750,-0.294434,0.877930
-0.021851,0.175293,1.096436
0.414673,-0.387695,1.001465
-0.440063,0.023315,0.854614
0.515747,-0.108032,1.162842
-0.042236,-0.321899,0.866821
-0.089111,0.191772,1.072998
0.457275,-0.368652,1.031738
-0.441284,-0.011841,0.839478
0.479370,-0.065796,1.178345
-0.009277,-0.336426,0.866455
-0.166016,0.206177,1.059326
0.507446,-0.351562,1.067993
-0.429199,-0.083618,0.811157
0.421021,-0.030884,1.169067
0.038940,-0.331299,0.892212
-0.230591,0.213013,1.033691
0.550659,-0.310669,1.100830
-0.398926,-0.137451,0.803833
0.346436,0.014160,1.163818
0.110352,-0.352783,0.911255
-0.280151,0.182251,0.983154
0.571411,-0.280273,1.125122
-0.349854,-0.182739,0.813965
0.270752,0.051147,1.143799
0.182861,-0.394775,0.919067
-0.322754,0.146484,0.936890
0.582397,-0.262207,1.128174
-0.304810,-0.213623,0.822998
0.201538,0.082642,1.131104
0.250977,-0.412964,0.933350
-0.383667,0.135742,0.902466
0.581177,-0.232422,1.137085
-0.255981,-0.240112,0.837646
0.129639,0.123291,1.124268
0.306030,-0.417358,0.956421
-0.408813,0.117920,0.885498
0.576294,-0.211182,1.132935
-0.215088,-0.251221,0.846802
0.062622,0.145142,1.109741
0.358887,-0.411255,0.976318
-0.410034,0.090332,0.873169
0.554565,-0.175537,1.139893
-0.148926,-0.252319,0.878418
0.019653,0.150635,1.099243
0.387329,-0.396118,0.997192
-0.430542,0.057495,0.860596
0.536255,-0.144409,1.151489
-0.080322,-0.299561,0.872314
-0.025513,0.176514,1.095581
0.422852,-0.380249,1.016724
-0.444092,0.025024,0.851562
0.526978,-0.121826,1.165771
-0.037842,-0.326294,0.873169
-0.073730,0.192139,1.097534
0.466797,-0.377686,1.032837
-0.452637,0.014160,0.845703
0.492798,-0.093506,1.156738
-0.027710,-0.322998,0.861206
-0.114746,0.200928,1.083374
0.497803,-0.365723,1.046387
-0.452515,0.002808,0.828857
0.458618,-0.058594,1.166016
0.006592,-0.337036,0.870117
-0.163452,0.206909,1.069702
0.522705,-0.349609,1.069458
-0.443359,-0.031250,0.830933
0.427734,-0.037720,1.160522
0.038086,-0.340576,0.883545
-0.211426,0.218018,1.052612
0.538940,-0.321655,1.091309
-0.425293,-0.068726,0.810425
0.393311,-0.008423,1.157227
0.067017,-0.346069,0.899292
-0.245117,0.202515,1.029053
0.560547,-0.314575,1.105591
-0.406006,-0.117798,0.808350
0.349121,0.010864,1.156128
0.109009,-0.353882,0.912109
-0.270630,0.182739,0.998047
0.576050,-0.312378,1.117065
-0.377686,-0.154785,0.796875
0.302734,0.045776,1.150513
0.147217,-0.367798,0.917480
-0.292847,0.154541,0.970581
0.579468,-0.296509,1.118164
-0.352905,-0.190552,0.807251
0.266968,0.073242,1.149902
0.187500,-0.375488,0.922363
-0.319946,0.151733,0.943726
0.583374,-0.288452,1.119507
-0.331421,-0.217407,0.808960
0.219238,0.083740,1.127563
0.226807,-0.405151,0.929321
-0.340332,0.118530,0.922363
0.580200,-0.260376,1.137329
-0.296631,-0.250488,0.818848
0.180664,0.096313,1.125610
0.269287,-0.417236,0.941772
-0.369995,0.114136,0.910278
0.584961,-0.245728,1.137085
-0.270996,-0.245972,0.830811
0.133911,0.116455,1.110229
0.302734,-0.415405,0.959106
-0.387573,0.101318,0.896606
0.574097,-0.232056,1.137085
-0.234375,-0.258301,0.852417
0.101196,0.118530,1.108398
0.327026,-0.407837,0.974487
-0.407349,0.099121,0.879639
0.509277,-0.145752,1.139160
-0.200073,-0.244873,0.870972
-0.064697,0.186890,1.087646
0.458252,-0.418701,1.020264
-0.447754,0.026611,0.833740
0.489136,-0.119019,1.132812
0.002441,-0.316772,0.900269
-0.094971,0.197632,1.075928
0.484009,-0.406982,1.029175
-0.446899,0.009521,0.830933
0.471924,-0.088989,1.146606
0.027100,-0.334351,0.884766
-0.122803,0.199219,1.066528
0.496704,-0.388306,1.037231
-0.449097,-0.019653,0.822510
0.455322,-0.066528,1.150879
0.034668,-0.344971,0.880859
-0.151001,0.204102,1.066895
0.521362,-0.378174,1.060181
-0.445923,-0.031738,0.815308
0.423950,-0.051270,1.142090
0.047729,-0.355713,0.883667
-0.165039,0.191040,1.049438
0.531250,-0.352783,1.076904
-0.428589,-0.044434,0.814819
0.399658,-0.039795,1.135010
0.049927,-0.359497,0.876343
-0.195679,0.203857,1.041138
0.552979,-0.347778,1.088257
-0.424805,-0.074951,0.807861
0.378784,-0.026367,1.123535
0.064331,-0.364136,0.880981
-0.223389,0.189087,1.021973
0.565308,-0.335205,1.098389
-0.401001,-0.106445,0.804810
0.350464,0.001221,1.120728
0.086548,-0.383789,0.883911
-0.243286,0.180420,1.011719
0.578003,-0.337891,1.104248
-0.390015,-0.118164,0.808350
0.331055,0.009155,1.119507
0.106567,-0.390381,0.889038
-0.270386,0.169678,0.989014
0.582275,-0.325806,1.108032
-0.374634,-0.137451,0.816040
0.313843,0.028320,1.125854
0.124878,-0.399292,0.895508
-0.295166,0.166992,0.972168
0.584106,-0.327026,1.103516
-0.356201,-0.143921,0.821411
0.296753,0.044556,1.128174
0.152832,-0.402710,0.900513
-0.309326,0.144653,0.951538
0.568848,-0.314209,1.104858
-0.356445,-0.168579,0.807251
0.292969,0.060913,1.145752
0.174316,-0.402832,0.916016
-0.324463,0.144531,0.946167
0.579346,-0.323730,1.101807
-0.352539,-0.183228,0.802979
0.271606,0.061279,1.133667
0.189941,-0.395264,0.930420
-0.333496,0.148926,0.950073
0.572021,-0.331909,1.095825
-0.345337,-0.198242,0.800659
0.249878,0.078979,1.128662
0.217163,-0.402710,0.931152
-0.339966,0.150879,0.927124
0.567261,-0.325195,1.090210
-0.337402,-0.207275,0.795654
0.231689,0.078125,1.119507
0.241821,-0.411987,0.943848
-0.351807,0.132080,0.921509
0.569458,-0.320557,1.087280
-0.328003,-0.222534,0.794189
0.213135,0.083740,1.109375
0.266846,-0.411377,0.947632
-0.356323,0.119629,0.906982
0.573120,-0.307007,1.097168
-0.316772,-0.222534,0.808350
0.189941,0.089233,1.112061
0.285522,-0.428467,0.944580
-0.371094,0.125366,0.900513
0.574951,-0.283203,1.105591
-0.294434,-0.235962,0.812988
0.155762,0.112427,1.106445
0.312012,-0.446289,0.943359
-0.374023,0.112183,0.891968
0.578247,-0.266357,1.107910
-0.286499,-0.230591,0.820312
0.133667,0.109619,1.095337
0.335571,-0.447021,0.957031
-0.391602,0.100952,0.874512
0.571167,-0.255981,1.103271
-0.250610,-0.245972,0.833984
0.099487,0.124634,1.096313
0.341797,-0.432617,0.963623
-0.396729,0.099731,0.871826
0.566528,-0.225464,1.122070
-0.235840,-0.253296,0.831421
0.066162,0.129883,1.089111
0.372070,-0.442017,0.978149
-0.411743,0.089233,0.864136
0.550903,-0.209717,1.125366
-0.196045,-0.245483,0.859131
0.038940,0.158447,1.094971
0.392212,-0.436523,0.982666
-0.419312,0.084717,0.864258
0.542358,-0.190308,1.122925
-0.156738,-0.253052,0.865845
0.005249,0.176392,1.094971
0.403198,-0.431152,0.989868
-0.430420,0.070435,0.855591
0.538086,-0.164185,1.140503
-0.124512,-0.252075,0.880615
-0.038452,0.183594,1.088135
0.421753,-0.437988,0.990356
-0.432617,0.060669,0.856812
0.523560,-0.145630,1.135254
-0.085449,-0.264771,0.892944
-0.064087,0.186523,1.095825
0.440552,-0.431274,1.004883
-0.438232,0.045044,0.839966
0.509277,-0.128296,1.140869
-0.039185,-0.277466,0.902954
-0.093140,0.192505,1.078979
0.460571,-0.415649,1.012451
-0.434692,0.004028,0.828979
0.486084,-0.106323,1.147095
0.004761,-0.307129,0.902100
-0.127930,0.198486,1.071411
0.486572,-0.399902,1.027710
-0.441406,-0.015015,0.819458
0.449341,-0.064575,1.138672
0.046631,-0.327393,0.908813
-0.166260,0.197632,1.059937
0.507690,-0.392090,1.047485
-0.432861,-0.061646,0.805664
0.416260,-0.045654,1.141357
0.065552,-0.329834,0.909912
-0.198364,0.206055,1.048096
0.537720,-0.363403,1.070557
-0.416016,-0.103027,0.799683
0.362305,-0.013672,1.120117
0.086914,-0.341553,0.900757
-0.253052,0.213745,1.026367
0.570923,-0.336914,1.098267
-0.390503,-0.148926,0.794312
0.304443,0.008789,1.110474
0.148926,-0.376587,0.911011
-0.290894,0.177368,0.974365
0.589233,-0.312134,1.111938
-0.354492,-0.197144,0.794678
0.235718,0.044678,1.096069
0.206299,-0.404663,0.922607
-0.326660,0.130981,0.918823
0.588013,-0.285889,1.124756
-0.310669,-0.221924,0.825073
0.174438,0.074707,1.090332
0.261353,-0.429565,0.930786
-0.352783,0.108521,0.889648
0.585815,-0.244385,1.122803
-0.258789,-0.241699,0.835815
0.109985,0.106934,1.083374
0.317993,-0.445679,0.945679
-0.383545,0.082642,0.864990
0.565796,-0.214111,1.128540
-0.211792,-0.235107,0.853027
0.053589,0.126709,1.087769
0.360962,-0.438843,0.967407
-0.416748,0.081787,0.851196
0.546265,-0.183716,1.125488
-0.158447,-0.226074,0.884399
0.006348,0.160522,1.094238
0.395630,-0.430908,0.985229
-0.433594,0.057495,0.850342
0.532471,-0.156738,1.136719
-0.102173,-0.237549,0.894043
-0.043579,0.188843,1.093262
0.435425,-0.433350,0.999390
-0.439697,0.023071,0.836426
0.495605,-0.117432,1.136475
-0.024414,-0.277710,0.900269
-0.093628,0.209473,1.084106
0.467651,-0.423462,1.019287
-0.449829,-0.007202,0.819702
0.474365,-0.089600,1.141235
0.029541,-0.318726,0.898438
-0.131104,0.217651,1.070312
0.505249,-0.395142,1.039551
-0.446655,-0.024780,0.818237
0.438843,-0.072632,1.136963
0.054810,-0.321167,0.893066
-0.170410,0.223389,1.054565
0.527344,-0.363647,1.061890
-0.431763,-0.078979,0.799927
0.395752,-0.037354,1.132080
0.067383,-0.352905,0.890137
-0.212891,0.213257,1.035034
0.558594,-0.343994,1.082275
-0.406006,-0.119629,0.796631
0.348877,-0.011719,1.121948
0.110718,-0.366821,0.903198
-0.263550,0.206543,1.000610
0.574463,-0.322144,1.106323
-0.373901,-0.152588,0.807739
0.298706,0.004761,1.109375
0.147461,-0.393921,0.901978
-0.297729,0.178223,0.969238
0.590942,-0.302612,1.113159
-0.335571,-0.170898,0.821533
0.246582,0.037842,1.107910
0.189575,-0.427734,0.902588
-0.333618,0.127197,0.919922
0.588989,-0.286621,1.108398
-0.302490,-0.178345,0.840576
0.201294,0.072632,1.111206
0.241211,-0.442261,0.921021
-0.369995,0.090454,0.869873
0.580933,-0.264038,1.112549
-0.273071,-0.194214,0.846680
0.160522,0.110474,1.119385
0.292847,-0.443115,0.937256
-0.411133,0.083618,0.846680
0.564697,-0.252319,1.104492
-0.239380,-0.215942,0.847656
0.114624,0.134766,1.116699
0.339233,-0.442017,0.962036
-0.433960,0.094482,0.853149
0.539795,-0.233643,1.103638
-0.214844,-0.216187,0.852173
0.085205,0.147705,1.115234
0.379150,-0.434814,0.982422
-0.447021,0.100708,0.853638
0.529663,-0.201660,1.111694
-0.169922,-0.230347,0.872559
0.032471,0.160767,1.108276
0.402588,-0.418213,0.995728
-0.449341,0.079834,0.853882
0.519775,-0.173340,1.119019
-0.128784,-0.248047,0.879150
-0.006104,0.171143,1.102539
0.426270,-0.406860,1.016235
-0.451904,0.055908,0.844604
0.503052,-0.149658,1.122192
-0.077026,-0.268555,0.890137
-0.045166,0.187012,1.094482
0.456177,-0.393921,1.028198
-0.451782,0.035522,0.838013
0.486572,-0.133911,1.126099
-0.014771,-0.332642,0.880493
-0.099243,0.202759,1.077881
0.487915,-0.385132,1.044189
-0.436035,0.007202,0.839111
0.459839,-0.084106,1.136597
0.026733,-0.369873,0.873047
-0.145386,0.193359,1.065186
0.508179,-0.380371,1.057251
-0.431641,-0.020142,0.830444
0.432861,-0.039062,1.152222
0.047852,-0.355347,0.873413
-0.177734,0.202759,1.049072
0.532959,-0.368896,1.065308
-0.424561,-0.044189,0.821411
0.399780,-0.017822,1.142212
0.062378,-0.343628,0.894409
-0.212402,0.189087,1.032837
0.546997,-0.349243,1.078125
-0.416260,-0.099609,0.795166
0.370483,0.007812,1.135376
0.086060,-0.351807,0.905151
-0.247925,0.182007,1.015747
0.556152,-0.333984,1.093872
-0.395630,-0.137451,0.790405
0.331299,0.021118,1.128174
0.123413,-0.366943,0.911621
-0.271606,0.188477,1.008057
0.570312,-0.329346,1.095093
-0.385620,-0.149780,0.793213
0.299072,0.029663,1.112183
0.154175,-0.387085,0.914185
-0.293945,0.165405,0.971558
0.583008,-0.322632,1.103394
-0.351196,-0.163208,0.813965
0.265991,0.046631,1.108032
0.179810,-0.407959,0.905640
-0.318848,0.152832,0.948975
0.596802,-0.310547,1.118530
-0.333618,-0.180908,0.819214
0.236450,0.061890,1.102783
0.215332,-0.401733,0.918457
-0.340210,0.125610,0.908936
0.595215,-0.292480,1.114868
-0.311646,-0.195801,0.828735
0.195068,0.088135,1.103394
0.246582,-0.430664,0.929932
-0.363281,0.099609,0.887817
0.586792,-0.289917,1.117920
-0.290649,-0.220093,0.830200
0.167480,0.104126,1.113037
0.284790,-0.432373,0.943481
-0.387207,0.087891,0.870117
0.572144,-0.274048,1.116577
-0.264648,-0.221191,0.831055
0.145264,0.115479,1.113892
0.304932,-0.433960,0.954834
-0.397705,0.092285,0.876099
0.568604,-0.258911,1.107422
-0.241943,-0.219604,0.848389
0.120850,0.136108,1.108887
0.325439,-0.421265,0.959106
-0.409790,0.106445,0.869873
0.560303,-0.237793,1.113770
-0.220459,-0.226685,0.847412
0.095215,0.152344,1.113403
0.345093,-0.440796,0.949585
-0.422974,0.103882,0.866943
0.555786,-0.246216,1.112671
-0.197510,-0.220093,0.869995
0.058960,0.156860,1.110962
0.374512,-0.437866,0.985840
-0.442383,0.091431,0.858521
0.547852,-0.208618,1.119263
-0.171997,-0.234131,0.862305
0.024292,0.183838,1.113892
0.392456,-0.425415,0.991821
-0.440918,0.082397,0.851685
0.537476,-0.184326,1.124878
-0.131714,-0.251343,0.876221
-0.012573,0.183594,1.095947
0.425293,-0.425537,1.006714
-0.444702,0.064697,0.854736
0.518433,-0.153564,1.132568
-0.090942,-0.256958,0.883423
-0.044922,0.192139,1.094849
0.442627,-0.411621,1.021118
-0.442261,0.042603,0.846680
0.503052,-0.125000,1.130127
-0.041138,-0.280273,0.891846
-0.076172,0.199951,1.088013
0.463501,-0.404297,1.025024
-0.441895,0.018066,0.849487
0.489746,-0.101685,1.144165
0.003418,-0.324219,0.901855
-0.124146,0.202881,1.077881
0.486694,-0.389038,1.045288
-0.433594,-0.031860,0.820312
0.458740,-0.070801,1.147217
0.037109,-0.339111,0.901855
-0.157959,0.215942,1.069946
0.507202,-0.380615,1.056030
-0.421509,-0.050781,0.820923
0.426636,-0.041748,1.145752
0.061401,-0.341187,0.887085
-0.189453,0.218018,1.046387
0.532837,-0.349976,1.070679
-0.411255,-0.092896,0.800659
0.387573,-0.026123,1.135986
0.080811,-0.338623,0.902954
-0.239136,0.214478,1.028687
0.562622,-0.334351,1.090942
-0.386719,-0.125854,0.809448
0.334351,0.006226,1.118774
0.128906,-0.365601,0.913574
-0.274292,0.190918,0.994629
0.583862,-0.310913,1.118408
-0.363159,-0.170410,0.807617
0.282715,0.025269,1.109619
0.184082,-0.393188,0.921143
-0.311279,0.160278,0.945801
0.592285,-0.285645,1.120972
-0.319092,-0.209229,0.810547
0.217407,0.046265,1.098633
0.235962,-0.417847,0.927490
-0.339844,0.111694,0.908569
0.580933,-0.263672,1.124756
-0.280884,-0.221191,0.826538
0.160034,0.086914,1.099487
0.296753,-0.432861,0.942017
-0.380005,0.089844,0.872070
0.578003,-0.241089,1.126465
-0.245239,-0.227295,0.847778
0.101562,0.118042,1.098633
0.349243,-0.435669,0.967651
-0.401611,0.090576,0.872681
0.561523,-0.215088,1.125244
-0.194214,-0.241577,0.851440
0.034790,0.156006,1.088257
0.390503,-0.428223,0.982178
-0.428955,0.070190,0.859131
0.537842,-0.172607,1.135132
-0.133179,-0.248413,0.874756
-0.033081,0.184570,1.089355
0.435547,-0.414551,1.008911
-0.421509,0.025269,0.852417
0.510132,-0.135010,1.140259
-0.038940,-0.287354,0.894287
-0.098633,0.200073,1.075195
0.477173,-0.383911,1.043945
-0.419922,-0.013306,0.843140
0.466064,-0.086548,1.146484
0.040771,-0.340210,0.894531
-0.165771,0.204956,1.052124
0.504272,-0.348877,1.066895
-0.400269,-0.068237,0.837280
0.427734,-0.045166,1.147339
0.066895,-0.343140,0.899902
-0.231567,0.204712,1.028198
0.532227,-0.319092,1.085571
-0.373169,-0.112061,0.831787
0.366089,-0.002930,1.144043
0.118286,-0.364990,0.917114
-0.294678,0.191406,0.989380
0.564087,-0.299316,1.108887
-0.333618,-0.168091,0.826172
0.287354,0.043213,1.135010
0.199219,-0.398193,0.938843
-0.337280,0.146484,0.933105
0.565796,-0.275513,1.105957
-0.297119,-0.198486,0.828125
0.209595,0.091919,1.136108
0.291504,-0.436279,0.958496
-0.392700,0.109741,0.883057
0.552368,-0.247559,1.103638
-0.244141,-0.216919,0.834473
0.129517,0.137817,1.119019
0.365967,-0.439331,0.981201
-0.422729,0.098633,0.871948
0.535034,-0.197632,1.114624
-0.185425,-0.220215,0.858032
0.050415,0.168579,1.108154
0.418457,-0.419678,1.002441
-0.442993,0.051270,0.850708
0.511841,-0.147217,1.138672
-0.103271,-0.269531,0.870972
-0.044922,0.202393,1.094971
0.468018,-0.384277,1.038818
-0.430298,-0.008057,0.841309
0.485962,-0.115967,1.141846
-0.013672,-0.321289,0.885864
-0.117310,0.191528,1.056030
0.508545,-0.342896,1.072388
-0.402344,-0.059814,0.832764
0.427490,-0.056885,1.151855
0.061035,-0.358765,0.890259
-0.202759,0.191406,1.028931
0.536987,-0.308350,1.100342
-0.373657,-0.109009,0.822510
0.362671,-0.002197,1.148193
0.108521,-0.364380,0.908325
-0.281494,0.194580,0.994141
0.569214,-0.291260,1.115845
-0.337891,-0.157471,0.822632
0.288208,0.052124,1.141602
0.203979,-0.406250,0.929443
-0.342407,0.143677,0.926025
0.586304,-0.280518,1.121948
-0.289185,-0.209961,0.821289
0.197998,0.087036,1.125122
0.286499,-0.431030,0.952637
-0.380981,0.097290,0.879883
0.564453,-0.244995,1.118530
-0.236938,-0.229370,0.843872
0.120850,0.127319,1.108276
0.363647,-0.432495,0.978638
-0.428833,0.088989,0.868042
0.544067,-0.202393,1.124878
-0.171387,-0.230591,0.865967
0.041870,0.160156,1.101440
0.418091,-0.397949,1.017090
-0.435913,0.056519,0.854370
0.517334,-0.153076,1.135376
-0.083496,-0.263916,0.871582
-0.048096,0.200684,1.087769
0.468018,-0.384399,1.028687
-0.433472,0.011963,0.849487
0.483032,-0.106934,1.144043
0.016602,-0.333496,0.901733
-0.118164,0.195801,1.072754
0.494385,-0.342163,1.063721
-0.420166,-0.046143,0.837891
0.434326,-0.051880,1.155518
0.053345,-0.346802,0.898315
-0.197144,0.209351,1.039551
0.534546,-0.313232,1.100220
-0.390991,-0.095825,0.818115
0.375488,-0.007568,1.144043
0.102539,-0.367554,0.905884
-0.275024,0.206787,1.009521
0.567261,-0.301392,1.117676
-0.348633,-0.147095,0.824585
0.302368,0.032104,1.131592
0.173218,-0.399902,0.924561
-0.330444,0.169434,0.956665
0.587402,-0.296143,1.120239
-0.306519,-0.190674,0.832031
0.227783,0.078979,1.125000
0.246582,-0.421021,0.932861
-0.364868,0.120483,0.906372
0.576538,-0.259033,1.122681
-0.251831,-0.213013,0.851562
0.159180,0.116089,1.115967
0.319092,-0.440063,0.957520
-0.403198,0.092285,0.875244
0.563721,-0.231812,1.125854
-0.218384,-0.223511,0.854980
0.092407,0.152100,1.114014
0.379272,-0.421143,0.989502
-0.431641,0.077515,0.864624
0.545288,-0.193848,1.132080
-0.160156,-0.244141,0.867432
0.022217,0.184570,1.108643
0.421753,-0.401001,1.017822
-0.433960,0.046387,0.858643
0.520142,-0.152954,1.140137
-0.078735,-0.289795,0.878906
-0.047119,0.197998,1.091431
0.462891,-0.372192,1.038330
-0.430176,0.007568,0.856689
0.493164,-0.111328,1.150513
0.009521,-0.344849,0.889404
-0.104004,0.180786,1.071045
0.492554,-0.345947,1.061768
-0.420898,-0.014282,0.849121
0.461548,-0.067871,1.163208
0.046875,-0.353027,0.893188
-0.166870,0.195190,1.051392
0.524658,-0.333496,1.087280
-0.409302,-0.055664,0.828369
0.421631,-0.031372,1.160278
0.068726,-0.355469,0.912109
-0.239136,0.207153,1.027100
0.553589,-0.323120,1.105103
-0.371338,-0.111694,0.824585
0.361206,0.018188,1.159668
0.129883,-0.366577,0.924805
-0.288086,0.193604,1.001221
0.568237,-0.299072,1.115967
-0.337036,-0.152466,0.825684
0.305542,0.037720,1.138550
0.184814,-0.393066,0.932373
-0.326294,0.166992,0.953125
0.583984,-0.284546,1.117554
-0.312500,-0.186157,0.818115
0.250610,0.073242,1.135742
0.247192,-0.410278,0.943359
-0.352783,0.129639,0.916016
0.575806,-0.268799,1.113159
-0.281616,-0.209351,0.828247
0.188965,0.120239,1.132202
0.306641,-0.425415,0.956543
-0.387451,0.118774,0.892334
0.571411,-0.238647,1.119995
-0.251587,-0.212158,0.843872
0.143311,0.130371,1.123413
0.352661,-0.423950,0.982056
-0.422119,0.113892,0.884644
0.556519,-0.209595,1.120483
-0.200928,-0.224976,0.853638
0.074463,0.159912,1.123413
0.393799,-0.415649,1.001465
-0.440308,0.097412,0.875000
0.542480,-0.180908,1.135986
-0.151733,-0.234619,0.868530
0.015503,0.183838,1.110840
0.434814,-0.394043,1.035400
-0.437012,0.054810,0.859131
0.518066,-0.140747,1.134155
-0.092407,-0.269897,0.878296
-0.030029,0.186279,1.094849
0.463013,-0.370850,1.048096
-0.423218,0.004395,0.849854
0.491699,-0.097778,1.151855
-0.012329,-0.314209,0.881592
-0.097168,0.195068,1.078613
0.499023,-0.362061,1.062500
-0.419434,-0.031372,0.846558
0.462036,-0.059082,1.162720
0.021851,-0.338257,0.880249
-0.157715,0.194092,1.053345
0.527710,-0.334351,1.093018
-0.394531,-0.084351,0.832520
0.415161,-0.027222,1.160278
0.044189,-0.324341,0.896851
-0.228394,0.212036,1.034668
0.566284,-0.315796,1.115234
-0.358765,-0.142944,0.821533
0.348755,0.009277,1.152954
0.112427,-0.355469,0.908081
-0.288208,0.197388,0.984375
0.583740,-0.299438,1.127441
-0.315430,-0.185181,0.837646
0.277466,0.060303,1.142334
0.182983,-0.393799,0.929810
-0.325684,0.140015,0.929321
0.584473,-0.270508,1.123901
-0.281738,-0.220947,0.835815
0.204590,0.099243,1.137695
0.270386,-0.438965,0.941772
-0.378784,0.123047,0.892944
0.578003,-0.242554,1.119873
-0.235840,-0.226929,0.854736
0.136353,0.125122,1.115601
0.335327,-0.437378,0.968018
-0.415649,0.110229,0.886719
0.562500,-0.205811,1.130859
-0.190674,-0.236572,0.865845
0.063477,0.152222,1.120361
0.388672,-0.419067,0.999756
-0.429443,0.072754,0.871338
0.547485,-0.168457,1.144775
-0.126221,-0.241943,0.880005
-0.013306,0.186646,1.109253
0.448242,-0.406738,1.020142
-0.434814,0.014771,0.849365
0.513184,-0.126221,1.145386
-0.028198,-0.289917,0.890625
-0.075195,0.193970,1.085327
0.484497,-0.367554,1.043091
-0.420898,-0.025024,0.847290
0.468384,-0.069214,1.160034
0.014282,-0.312500,0.883301
-0.132935,0.200806,1.067993
0.522339,-0.331299,1.083496
-0.412476,-0.068848,0.832031
0.266357,0.028931,1.101074
0.043701,-0.339355,0.899536
-0.341431,0.149536,0.918091
0.574341,-0.301025,1.096680
-0.369507,-0.123779,0.818848
0.202393,0.070923,1.101685
0.243408,-0.435059,0.913452
-0.392090,0.105225,0.864990
0.565430,-0.271240,1.092163
-0.268677,-0.223755,0.821045
0.133179,0.111084,1.102051
0.313110,-0.459717,0.938965
-0.424561,0.095459,0.850098
0.540894,-0.243286,1.096436
-0.229736,-0.231201,0.836304
0.072388,0.139160,1.096558
0.375244,-0.454102,0.965088
-0.452881,0.087524,0.834961
0.517822,-0.201782,1.104004
-0.177490,-0.235840,0.848633
0.009644,0.162476,1.083740
0.425659,-0.437500,1.002808
-0.462036,0.066528,0.841187
0.499634,-0.151001,1.115723
-0.122314,-0.241699,0.859619
-0.052612,0.180298,1.077393
0.461792,-0.419922,1.017944
-0.441895,0.014160,0.841553
0.472656,-0.112915,1.121460
-0.036865,-0.289917,0.874878
-0.113281,0.184814,1.054077
0.488647,-0.388184,1.036865
-0.428345,-0.038452,0.821289
0.432495,-0.073608,1.136108
0.031372,-0.348633,0.882690
-0.166626,0.193237,1.028442
0.526367,-0.375244,1.060059
-0.404297,-0.089600,0.820068
0.379028,-0.038574,1.126221
0.061035,-0.350830,0.886108
-0.230103,0.201660,1.013794
0.547729,-0.334595,1.079712
-0.376587,-0.138184,0.810547
0.323853,0.005371,1.129639
0.110229,-0.377197,0.898804
-0.290527,0.197510,0.985474
0.573608,-0.317871,1.097046
-0.348389,-0.177368,0.809692
0.258911,0.038818,1.101196
0.179565,-0.404541,0.912842
-0.336060,0.151611,0.923950
0.582886,-0.296265,1.105835
-0.305908,-0.209106,0.820435
0.198486,0.072754,1.105469
0.256958,-0.433472,0.922119
-0.379517,0.116089,0.877441
0.568726,-0.261353,1.099609
-0.255981,-0.228149,0.835083
0.135742,0.115845,1.102905
0.320435,-0.455811,0.947632
-0.419312,0.088867,0.846313
0.549316,-0.238037,1.100220
-0.219238,-0.223022,0.849609
0.075684,0.132446,1.099121
0.379395,-0.450073,0.978638
-0.445923,0.090454,0.855469
0.528320,-0.190552,1.109375
-0.165405,-0.233154,0.862427
0.010742,0.161865,1.095215
0.417114,-0.426392,1.000732
-0.451904,0.073242,0.847656
0.513062,-0.142090,1.120972
-0.094238,-0.253540,0.873535
-0.051758,0.192139,1.089111
0.464111,-0.415161,1.020264
-0.442993,0.021240,0.842285
0.471802,-0.090820,1.136597
-0.015381,-0.304321,0.890259
-0.115356,0.188477,1.068726
0.506226,-0.390869,1.048218
-0.431763,-0.039795,0.818970
0.434204,-0.048340,1.136719
0.052368,-0.342041,0.889526
-0.169067,0.188110,1.041504
0.534058,-0.367554,1.068237
-0.406250,-0.084595,0.819458
0.395142,-0.020142,1.132324
0.062988,-0.334961,0.891724
-0.234009,0.215332,1.023315
0.565552,-0.341919,1.096802
-0.379150,-0.152710,0.803589
0.331665,0.007690,1.124634
0.122314,-0.360107,0.907349
-0.297607,0.188843,0.977905
0.582031,-0.315796,1.103882
-0.342529,-0.199951,0.805420
0.267090,0.033081,1.119751
0.195190,-0.391113,0.922607
-0.335327,0.152710,0.927734
0.581909,-0.278198,1.116089
-0.300293,-0.224609,0.817993
0.197388,0.076660,1.110352
0.261353,-0.432861,0.927612
-0.371216,0.118286,0.880615
0.574829,-0.251099,1.113770
-0.245483,-0.230469,0.843872
0.129395,0.112305,1.111694
0.328491,-0.449707,0.954102
-0.422363,0.105713,0.860352
0.555176,-0.214844,1.108643
-0.200439,-0.226074,0.859741
0.056396,0.138306,1.098022
0.383423,-0.433960,0.984497
-0.441650,0.079346,0.853760
0.531128,-0.167969,1.132324
-0.138428,-0.233521,0.873169
-0.008911,0.173828,1.107056
0.433960,-0.430298,1.007568
-0.438721,0.042725,0.848267
0.502808,-0.119629,1.131226
-0.058228,-0.264160,0.887207
-0.072632,0.200195,1.085815
0.474976,-0.401489,1.034302
-0.433594,-0.005615,0.844238
0.459961,-0.077393,1.141724
0.024902,-0.323608,0.897217
-0.139404,0.205444,1.055420
0.514160,-0.368896,1.059570
-0.416504,-0.066284,0.827148
0.412842,-0.029053,1.147583
0.051270,-0.333862,0.893799
-0.202393,0.210693,1.042969
0.552124,-0.329468,1.099365
-0.389404,-0.119751,0.809570
0.356201,0.001709,1.136719
0.111328,-0.356934,0.906738
-0.275024,0.195557,1.001221
0.586304,-0.294434,1.123535
-0.342407,-0.191772,0.812134
0.282227,0.049561,1.129761
0.190430,-0.402466,0.925171
-0.328857,0.156616,0.938477
0.586182,-0.290039,1.114868
-0.298096,-0.223267,0.822388
0.205444,0.087036,1.122681
0.276489,-0.426392,0.941528
-0.370728,0.114258,0.893188
0.578979,-0.254517,1.114868
-0.243164,-0.237305,0.838989
0.128052,0.118774,1.111084
0.341675,-0.435059,0.961426
-0.407471,0.102783,0.871094
0.557495,-0.204346,1.129883
-0.192261,-0.239380,0.860352
0.048828,0.160278,1.113403
0.401367,-0.421875,0.999146
-0.429810,0.076050,0.860596
0.534546,-0.153320,1.131958
-0.120239,-0.252686,0.874390
-0.024292,0.182251,1.097900
0.448608,-0.401367,1.027832
-0.429565,0.027222,0.853394
0.499268,-0.098633,1.152466
-0.015259,-0.314697,0.888916
-0.095581,0.195190,1.074463
0.488159,-0.367798,1.054810
-0.417725,-0.030029,0.839355
0.462891,-0.057007,1.166504
0.043457,-0.335449,0.897217
-0.169800,0.203369,1.051636
0.524536,-0.337524,1.087524
-0.401611,-0.090210,0.821899
0.394775,0.003906,1.155640
0.076660,-0.340332,0.906128
-0.239990,0.209106,1.030273
0.566895,-0.318481,1.106934
-0.365601,-0.150757,0.804688
0.332275,0.039062,1.143066
0.153320,-0.370850,0.916626
-0.301636,0.174805,0.975342
0.593384,-0.290283,1.124878
-0.319092,-0.194092,0.823853
0.236572,0.082520,1.136353
0.240112,-0.411255,0.942139
-0.344604,0.119751,0.905884
0.589722,-0.253418,1.130127
-0.264893,-0.220337,0.835815
0.155518,0.125000,1.120117
0.317383,-0.432617,0.963135
-0.394287,0.101929,0.886963
0.567017,-0.217773,1.126953
-0.202759,-0.241699,0.856689
0.068359,0.161987,1.112915
0.384521,-0.415161,0.994263
-0.431152,0.067505,0.860718
0.535645,-0.156250,1.143066
-0.125000,-0.246826,0.877197
-0.018433,0.187012,1.102661
0.444214,-0.388062,1.029785
-0.423462,0.017578,0.862305
0.505859,-0.103516,1.158081
-0.008911,-0.323730,0.898315
-0.097412,0.192749,1.081421
0.486328,-0.358032,1.056396
-0.413696,-0.036865,0.834351
0.458496,-0.057373,1.157837
0.033203,-0.341064,0.888916
-0.181763,0.209229,1.048828
0.527100,-0.325317,1.090454
-0.400146,-0.091431,0.812866
0.393311,0.000854,1.160034
0.090088,-0.346069,0.915161
-0.253296,0.210571,1.022095
0.561768,-0.291260,1.117920
-0.359497,-0.142212,0.818848
0.313477,0.049438,1.152710
0.170776,-0.395630,0.923950
-0.306763,0.167480,0.963745
0.583496,-0.280273,1.121582
-0.306396,-0.202026,0.828735
0.218994,0.098145,1.130249
0.262329,-0.419800,0.941284
-0.356689,0.109131,0.903076
0.583740,-0.253906,1.130859
-0.251099,-0.216553,0.845215
0.133301,0.126831,1.114990
0.335205,-0.422241,0.968018
-0.403320,0.100952,0.882324
0.563965,-0.213501,1.134766
-0.185669,-0.223633,0.869385
0.053467,0.159058,1.101196
0.394653,-0.392334,1.015137
-0.428467,0.052856,0.865234
0.541260,-0.162354,1.154297
-0.098633,-0.270142,0.888550
-0.030884,0.185547,1.091064
0.439087,-0.364990,1.028442
-0.423950,-0.011230,0.851685
0.509888,-0.117554,1.162964
-0.002808,-0.322144,0.890991
-0.104370,0.199707,1.068237
0.484741,-0.340332,1.055054
-0.413208,-0.054321,0.832031
0.455322,-0.057983,1.174072
0.023682,-0.346313,0.891846
-0.182983,0.214233,1.053345
0.528442,-0.309814,1.095459
-0.396118,-0.093994,0.816650
0.388794,0.001831,1.166748
0.091675,-0.361816,0.913940
-0.260498,0.213989,1.015869
0.570801,-0.286743,1.119263
-0.354614,-0.144287,0.810059
0.317627,0.043091,1.154053
0.175659,-0.397339,0.926514
-0.308594,0.169312,0.960327
0.586426,-0.266479,1.121094
-0.306641,-0.197388,0.824463
0.226807,0.092163,1.137207
0.257812,-0.422607,0.950195
-0.359375,0.129150,0.920166
0.574097,-0.241089,1.123779
-0.260986,-0.213867,0.840332
0.144531,0.123779,1.132935
0.335938,-0.418823,0.979492
-0.403442,0.101562,0.890137
0.561279,-0.197510,1.134888
-0.197876,-0.225464,0.863770
0.058838,0.156006,1.114868
0.389648,-0.398804,1.007324
-0.420410,0.057007,0.869385
0.540649,-0.152466,1.142700
-0.095703,-0.259399,0.888062
-0.026367,0.188721,1.094849
0.435547,-0.366577,1.028320
-0.415894,-0.007568,0.852417
0.507202,-0.106323,1.157104
-0.009521,-0.320801,0.874023
-0.105957,0.199951,1.075195
0.484009,-0.340820,1.057129
-0.420898,-0.049683,0.833984
0.459351,-0.056274,1.169922
0.014282,-0.323242,0.884766
-0.186401,0.220825,1.058350
0.531860,-0.311646,1.092773
-0.402344,-0.102417,0.817627
0.390137,-0.013306,1.163086
0.085938,-0.342896,0.914917
-0.263916,0.204590,1.012207
0.564697,-0.290649,1.115234
-0.358765,-0.166626,0.812622
0.308350,0.035767,1.151611
0.166016,-0.385620,0.924316
-0.315308,0.163452,0.947754
0.578857,-0.259644,1.122437
-0.305420,-0.214355,0.824829
0.220215,0.085938,1.134888
0.254761,-0.416992,0.946289
-0.371094,0.137451,0.913696
0.574463,-0.229736,1.132446
-0.248291,-0.241211,0.839233
0.133789,0.126831,1.128296
0.327637,-0.426758,0.971436
-0.408203,0.104980,0.885376
0.562866,-0.203125,1.132568
-0.191528,-0.255859,0.854858
0.043335,0.155884,1.110718
0.386230,-0.396240,0.995728
-0.420044,0.053589,0.874756
0.547119,-0.154541,1.157349
-0.101562,-0.282593,0.866333
-0.032471,0.180054,1.093750
0.437866,-0.380493,1.022949
-0.427002,0.005737,0.854126
0.512695,-0.106201,1.162842
-0.024902,-0.314575,0.881226
-0.090576,0.180542,1.071045
0.472778,-0.333618,1.054199
-0.424683,-0.047607,0.838013
0.476685,-0.063110,1.187988
0.005371,-0.334717,0.873901
-0.177612,0.200073,1.044922
0.511719,-0.307861,1.084961
-0.411987,-0.088501,0.825317
0.406006,-0.015869,1.171021
0.055176,-0.336304,0.899780
-0.244263,0.207153,1.018555
0.554443,-0.286255,1.109619
-0.379395,-0.155396,0.805542
0.335693,0.011475,1.153320
0.129517,-0.370239,0.919189
-0.302612,0.177124,0.964844
0.570801,-0.279419,1.116455
-0.329224,-0.199463,0.814575
0.254639,0.056274,1.137695
0.216309,-0.399902,0.931274
-0.357910,0.148926,0.928223
0.574097,-0.252930,1.117798
-0.277466,-0.234131,0.818726
0.169922,0.105957,1.127197
0.293091,-0.406860,0.961304
-0.402710,0.128174,0.902222
0.569092,-0.210815,1.125732
-0.228149,-0.247437,0.843262
0.083008,0.142944,1.107544
0.352905,-0.405396,0.982422
-0.414062,0.072144,0.869507
0.545776,-0.171509,1.142212
-0.160522,-0.277100,0.850220
0.012085,0.150024,1.095215
0.402466,-0.383301,1.012817
-0.424561,0.034790,0.863647
0.530762,-0.123779,1.161987
-0.067139,-0.298706,0.869141
-0.062256,0.168945,1.083130
0.443237,-0.373535,1.029297
-0.435181,-0.021118,0.835327
0.495972,-0.088135,1.168579
-0.039185,-0.305298,0.863892
-0.136230,0.185425,1.052856
0.484985,-0.329712,1.061157
-0.428589,-0.074463,0.811279
0.438354,-0.040649,1.173096
-0.001831,-0.328369,0.863159
-0.213379,0.208496,1.033447
0.527710,-0.304932,1.094604
-0.410156,-0.107178,0.800171
0.384155,-0.003174,1.164307
0.062012,-0.337280,0.885986
-0.275513,0.201294,1.000854
0.550171,-0.296509,1.108398
-0.378662,-0.165283,0.799927
0.316650,0.015503,1.142334
0.133667,-0.366943,0.909912
-0.323242,0.174805,0.951904
0.568970,-0.285400,1.111450
-0.338989,-0.225464,0.804688
0.237183,0.052612,1.130859
0.203857,-0.400635,0.919556
-0.368896,0.143921,0.921021
0.568848,-0.264404,1.109863
-0.285767,-0.255249,0.820557
0.157227,0.088989,1.122559
0.268799,-0.406006,0.948853
-0.410522,0.126099,0.890991
0.566406,-0.222534,1.118652
-0.242554,-0.266602,0.835205
0.085693,0.113525,1.105713
0.318237,-0.398071,0.966309
-0.423706,0.087158,0.866699
0.547729,-0.179443,1.120483
-0.169067,-0.279663,0.849854
0.016724,0.135010,1.092163
0.364380,-0.389038,0.981567
-0.444458,0.052734,0.852173
0.527954,-0.129028,1.149780
-0.097656,-0.315796,0.840576
-0.045410,0.145752,1.070679
0.406616,-0.375977,1.000732
-0.448730,0.010864,0.837280
0.502686,-0.104004,1.157104
-0.070435,-0.305664,0.834351
-0.119751,0.191772,1.069824
0.452393,-0.373901,1.025513
-0.450317,-0.036133,0.822754
0.459717,-0.066040,1.159058
-0.044434,-0.287598,0.860107
-0.184204,0.213867,1.047485
0.493164,-0.336914,1.061035
-0.438721,-0.082520,0.802368
0.398682,-0.025757,1.154907
0.003174,-0.302612,0.870850
-0.247070,0.209106,1.016846
0.529053,-0.307007,1.090454
-0.406616,-0.150391,0.789062
0.333618,0.006470,1.141113
0.068604,-0.357300,0.872925
-0.293823,0.172729,0.957031
0.553345,-0.293823,1.096436
-0.358032,-0.210815,0.786133
0.261719,0.042114,1.135254
0.140137,-0.391602,0.898560
-0.343750,0.144531,0.915649
0.550049,-0.269409,1.095215
-0.318359,-0.234009,0.808594
0.189575,0.073975,1.124146
0.206177,-0.413086,0.914062
-0.397217,0.130615,0.893555
0.552002,-0.247681,1.103882
-0.283447,-0.236084,0.818970
0.115234,0.100464,1.111084
0.277222,-0.402710,0.937744
-0.430664,0.099365,0.865967
0.537964,-0.205688,1.106567
-0.244507,-0.265747,0.821411
0.051147,0.124756,1.098755
0.322144,-0.402710,0.947632
-0.453003,0.078979,0.844849
0.530396,-0.181274,1.114380
-0.151611,-0.286499,0.830078
-0.011353,0.138428,1.070679
0.363647,-0.386475,0.973755
-0.460449,0.031616,0.840454
0.508423,-0.143066,1.130859
-0.120728,-0.302734,0.816040
-0.073975,0.155640,1.056763
0.406616,-0.358032,0.993164
-0.468262,-0.016479,0.808838
0.471680,-0.101807,1.144165
-0.083862,-0.318115,0.817383
-0.160400,0.179443,1.031006
0.438232,-0.330688,1.033081
-0.456665,-0.057739,0.798950
0.430420,-0.065308,1.143677
-0.059937,-0.331055,0.827026
-0.230347,0.187134,1.005493
0.484619,-0.328735,1.054688
-0.441895,-0.096802,0.785645
0.375366,-0.027954,1.142212
-0.006592,-0.332275,0.848877
-0.282349,0.188477,0.983887
0.509155,-0.299438,1.062988
-0.411865,-0.157593,0.771484
0.314087,-0.003906,1.130127
0.057129,-0.331787,0.874146
-0.332520,0.162842,0.937134
0.516357,-0.297974,1.069458
-0.378052,-0.201416,0.772949
0.248291,0.039795,1.130005
0.121094,-0.383057,0.875977
-0.383911,0.153320,0.912231
0.525757,-0.277954,1.076172
-0.348145,-0.225098,0.783813
0.183716,0.069092,1.112061
0.181152,-0.398926,0.892822
-0.430054,0.138428,0.880005
0.535767,-0.253784,1.085327
-0.328613,-0.248047,0.779297
0.121216,0.088379,1.095215
0.234985,-0.405762,0.910522
-0.444336,0.115967,0.863647
0.524780,-0.228516,1.084839
-0.275635,-0.265503,0.792480
0.061401,0.103516,1.080078
0.274780,-0.403809,0.917358
-0.461670,0.087646,0.847656
0.520020,-0.203125,1.097534
-0.209717,-0.274048,0.810913
0.003052,0.112793,1.061401
0.317261,-0.405640,0.922974
-0.474976,0.058838,0.822266
0.508179,-0.181763,1.105347
-0.167847,-0.294556,0.813110
-0.048340,0.128174,1.053345
0.354736,-0.398804,0.949951
-0.481079,0.026245,0.815063
0.487671,-0.158569,1.110840
-0.152832,-0.283081,0.793823
-0.103271,0.146240,1.035400
0.389404,-0.387451,0.966797
-0.492798,0.004150,0.808350
0.460205,-0.136108,1.111206
-0.141479,-0.290161,0.794189
-0.157104,0.178467,1.028687
0.420410,-0.365845,0.993164
-0.491455,-0.034546,0.786865
0.424072,-0.105957,1.109253
-0.124390,-0.293945,0.787476
-0.202026,0.184937,1.012451
0.441650,-0.346436,1.012451
-0.487793,-0.051880,0.781372
0.393677,-0.058838,1.119385
-0.093384,-0.311401,0.802490
-0.246216,0.187012,0.987671
0.463013,-0.339722,1.015015
-0.476685,-0.069946,0.776855
0.363770,-0.054321,1.107300
-0.064087,-0.313477,0.819336
-0.284302,0.182983,0.959595
0.472778,-0.329834,1.033447
-0.462646,-0.120239,0.755493
0.321289,-0.030029,1.111938
-0.026367,-0.333252,0.819946
-0.322266,0.181763,0.949097
0.488037,-0.314941,1.039795
-0.440552,-0.153931,0.750854
0.280884,-0.005737,1.103516
0.010742,-0.363770,0.826294
-0.357788,0.170166,0.919678
0.490845,-0.315796,1.033569
-0.416260,-0.182495,0.755127
0.246582,0.009888,1.094971
0.044434,-0.374756,0.839844
-0.390503,0.168335,0.909302
0.497803,-0.304565,1.039185
-0.398071,-0.193970,0.746704
0.197021,0.032715,1.090332
0.090454,-0.399780,0.849976
-0.428345,0.149170,0.871948
0.497925,-0.286133,1.049194
-0.396118,-0.196289,0.759766
0.161621,0.057129,1.085938
0.133179,-0.399536,0.862061
-0.452759,0.136108,0.866089
0.494629,-0.269043,1.053467
-0.378784,-0.223389,0.754761
0.118164,0.072998,1.075806
0.175415,-0.408325,0.869507
-0.475098,0.134399,0.851318
0.491943,-0.260498,1.050171
-0.344116,-0.236572,0.768555
0.075073,0.085083,1.065186
0.203003,-0.414307,0.870605
-0.493530,0.118164,0.836060
0.493408,-0.257324,1.053467
-0.287598,-0.247070,0.787964
0.031738,0.100342,1.048096
0.241455,-0.408569,0.882446
-0.501465,0.089111,0.813232
0.481323,-0.243286,1.051392
-0.253296,-0.269043,0.778809
-0.016479,0.099121,1.034058
0.275879,-0.401733,0.894043
-0.524902,0.071411,0.797241
0.475830,-0.220703,1.055786
-0.216675,-0.300659,0.769409
-0.066528,0.122681,1.019409
0.306396,-0.391479,0.915039
-0.525757,0.047485,0.786133
0.463989,-0.188965,1.069092
-0.202393,-0.291748,0.756104
-0.119629,0.143921,1.008789
0.344604,-0.388062,0.932983
-0.535522,0.030518,0.776245
0.428101,-0.156616,1.072754
-0.180908,-0.313843,0.746460
-0.180664,0.158081,1.000610
0.374756,-0.375977,0.949341
-0.537720,0.000488,0.772583
0.400513,-0.120483,1.079224
-0.161987,-0.319702,0.762451
-0.243286,0.178345,0.979980
0.408813,-0.367065,0.974121
-0.525024,-0.045532,0.755737
0.350952,-0.075806,1.073730
-0.132812,-0.319580,0.772705
-0.280884,0.182495,0.951294
0.438110,-0.364258,0.992676
-0.503418,-0.072876,0.742065
0.308594,-0.043945,1.076294
-0.086304,-0.340088,0.786499
-0.337402,0.167847,0.926880
0.450439,-0.361816,0.995605
-0.483154,-0.104370,0.733887
0.264526,-0.010986,1.077148
-0.039795,-0.360107,0.791870
-0.385620,0.170410,0.907715
0.462524,-0.350952,0.998413
-0.460815,-0.144287,0.732544
0.216797,0.014282,1.070435
0.012451,-0.370728,0.809204
-0.437866,0.169922,0.882812
0.472290,-0.324951,1.014648
-0.446777,-0.175659,0.735107
0.163696,0.046509,1.058716
0.069702,-0.383789,0.823364
-0.472778,0.155396,0.859253
0.471313,-0.306763,1.015137
-0.417725,-0.211060,0.742554
0.113037,0.068481,1.061157
0.122192,-0.392578,0.833618
-0.498779,0.155151,0.835449
0.476318,-0.288574,1.016968
-0.358765,-0.239746,0.750610
0.061279,0.071655,1.035400
0.167725,-0.396240,0.855835
-0.523071,0.123535,0.812134
0.461792,-0.266846,1.020874
-0.303223,-0.258057,0.769165
0.001587,0.082397,1.023438
0.220215,-0.392578,0.868652
-0.541748,0.109253,0.790405
0.452881,-0.245972,1.023804
-0.263184,-0.295166,0.739258
-0.054565,0.105103,0.997314
0.260742,-0.402710,0.886963
-0.554565,0.086304,0.775269
0.431763,-0.208984,1.031860
-0.232178,-0.294312,0.738159
-0.214355,0.184082,1.017822
0.306030,-0.398193,0.903442
-0.485352,-0.043213,0.783081
0.385986,-0.048584,1.124023
-0.072510,-0.313110,0.812012
-0.274780,0.180420,0.982178
0.470215,-0.340698,1.036011
-0.464233,-0.097534,0.757324
0.333252,-0.016357,1.113281
-0.024414,-0.329590,0.835693
-0.320312,0.168701,0.950928
0.492188,-0.331787,1.042480
-0.436523,-0.147949,0.748657
0.277588,0.016724,1.109863
0.037476,-0.363770,0.837769
-0.370361,0.148682,0.910522
0.503540,-0.314331,1.045776
-0.401001,-0.197754,0.750000
0.209839,0.050049,1.098267
0.101074,-0.377930,0.855225
-0.417969,0.140137,0.880371
0.505371,-0.281250,1.063965
-0.375732,-0.231201,0.763306
0.146240,0.072754,1.078857
0.162476,-0.378906,0.877441
-0.450684,0.119019,0.858154
0.508301,-0.259888,1.073853
-0.335938,-0.256714,0.769409
0.075562,0.093384,1.068726
0.214600,-0.387695,0.896973
-0.473511,0.093994,0.834595
0.497437,-0.236694,1.067383
-0.250000,-0.294312,0.790771
0.016479,0.093140,1.041138
0.264282,-0.392822,0.902344
-0.490112,0.078369,0.812500
0.481079,-0.198730,1.081909
-0.209839,-0.300781,0.777588
-0.051392,0.114014,1.026855
0.317139,-0.393311,0.922485
-0.503540,0.044067,0.787354
0.458862,-0.156860,1.086670
-0.185059,-0.305542,0.759399
-0.114258,0.142456,1.019897
0.359985,-0.377808,0.942749
-0.519287,0.013428,0.784424
0.427612,-0.129272,1.085815
-0.163818,-0.317871,0.759155
-0.196167,0.178955,1.004517
0.404541,-0.379272,0.977661
-0.513428,-0.014404,0.770386
0.381226,-0.087891,1.084229
-0.116943,-0.294189,0.794067
-0.261719,0.177002,0.978882
0.435303,-0.357544,1.006714
-0.496704,-0.080200,0.745850
0.323242,-0.031372,1.089355
-0.075073,-0.299561,0.811401
-0.318848,0.168091,0.947998
0.460693,-0.347168,1.011475
-0.469604,-0.150146,0.728394
0.257446,0.012939,1.087646
-0.001709,-0.333862,0.819458
-0.391113,0.175537,0.913330
0.477173,-0.317993,1.029175
-0.430420,-0.192993,0.735474
0.187622,0.054810,1.081177
0.062866,-0.374146,0.832397
-0.443970,0.152832,0.874268
0.493896,-0.298218,1.040161
-0.411011,-0.222168,0.733154
0.115112,0.076294,1.064697
0.144409,-0.395264,0.846069
-0.487915,0.125488,0.834961
0.486084,-0.277344,1.041138
-0.327637,-0.267700,0.769287
0.048462,0.081055,1.045166
0.200439,-0.396240,0.866333
-0.510864,0.101929,0.816040
0.479126,-0.240845,1.048828
-0.268799,-0.283569,0.764893
-0.024414,0.094604,1.020508
0.247925,-0.407715,0.880737
-0.532104,0.074463,0.792969
0.456787,-0.211182,1.051636
-0.228516,-0.312866,0.742676
-0.100952,0.129761,1.006226
0.311401,-0.402344,0.911499
-0.541626,0.042480,0.771362
0.430542,-0.173340,1.057739
-0.202393,-0.301758,0.748291
-0.187622,0.161011,1.005615
0.360229,-0.391602,0.945435
-0.540894,-0.007690,0.759033
0.381348,-0.123779,1.064453
-0.163696,-0.314697,0.750122
-0.265137,0.156494,0.953491
0.400146,-0.378540,0.963867
-0.522827,-0.046875,0.742554
0.333618,-0.057007,1.065308
-0.125122,-0.313354,0.770874
-0.332642,0.163208,0.918701
0.433105,-0.369629,0.977295
-0.501587,-0.103027,0.725464
0.263916,-0.009521,1.072144
-0.059937,-0.348389,0.782227
-0.396240,0.176147,0.905396
0.449219,-0.344604,0.997681
-0.470459,-0.151611,0.725220
0.198975,0.035034,1.063599
0.013428,-0.370972,0.805542
-0.454590,0.161865,0.868530
0.456909,-0.319336,1.010986
-0.447632,-0.187622,0.728149
0.131592,0.060547,1.054443
0.084839,-0.373657,0.831299
-0.495483,0.159546,0.853027
0.472046,-0.300415,1.021240
-0.381836,-0.236206,0.751831
0.064453,0.083984,1.043091
0.142212,-0.397583,0.840698
-0.523071,0.147583,0.828247
0.465332,-0.276978,1.014771
-0.322998,-0.237549,0.766724
0.009766,0.093262,1.021118
0.202271,-0.401245,0.857910
-0.548950,0.114868,0.795044
0.450073,-0.251709,1.018433
-0.271240,-0.287720,0.740723
-0.058105,0.106323,1.001343
0.255493,-0.410767,0.880737
-0.556763,0.069214,0.773438
0.431152,-0.209961,1.022827
-0.242188,-0.307617,0.731201
-0.133179,0.139648,0.991089
0.305420,-0.400269,0.908569
-0.567993,0.043091,0.759766
0.405396,-0.169067,1.044067
-0.206055,-0.300781,0.743164
-0.210083,0.159180,0.972412
0.350830,-0.384644,0.934204
-0.553955,-0.007202,0.741333
0.358765,-0.112061,1.041626
-0.178833,-0.301758,0.749146
-0.271973,0.170166,0.944580
0.389893,-0.381592,0.946655
-0.551025,-0.033203,0.732300
0.312256,-0.076904,1.044312
-0.130737,-0.341431,0.753174
-0.344604,0.179565,0.919434
0.408936,-0.369995,0.958984
-0.537476,-0.073486,0.718994
0.266846,-0.036499,1.044067
-0.078369,-0.371704,0.750244
-0.410767,0.196289,0.893066
0.433716,-0.352417,0.972046
-0.511597,-0.122559,0.708130
0.203369,0.006958,1.042358
-0.020874,-0.383057,0.784790
-0.464966,0.202759,0.882202
0.447021,-0.332031,0.991943
-0.495728,-0.155273,0.713623
0.134644,0.038696,1.025757
0.051636,-0.397339,0.802612
-0.508301,0.181763,0.848511
0.452026,-0.307495,0.999146
-0.436646,-0.166138,0.741699
0.077393,0.063965,1.032837
0.105835,-0.408325,0.816406
-0.538330,0.166870,0.831665
0.443359,-0.285645,0.989990
-0.369995,-0.205200,0.747803
0.027344,0.076416,1.019043
0.165527,-0.416626,0.832886
-0.562988,0.143311,0.799927
0.442261,-0.254150,1.004150
-0.316406,-0.250977,0.739868
-0.033325,0.100342,0.994629
0.212524,-0.421997,0.851074
-0.579224,0.100830,0.771484
0.429932,-0.219482,1.004150
-0.273193,-0.282471,0.720825
-0.101440,0.133911,0.984741
0.264160,-0.416260,0.868652
-0.582764,0.091064,0.758423
0.410034,-0.185547,1.012695
-0.227173,-0.297852,0.720337
-0.165771,0.143677,0.961914
0.309204,-0.407104,0.889648
-0.581909,0.047852,0.747681
0.383911,-0.160034,1.021606
-0.202759,-0.308716,0.724243
-0.236084,0.161133,0.951416
0.347900,-0.395264,0.908936
-0.576416,0.009277,0.733398
0.337524,-0.120483,1.019165
-0.167480,-0.315308,0.733398
-0.301880,0.168579,0.928955
0.375366,-0.376587,0.931519
-0.565430,-0.035400,0.720825
0.291626,-0.066528,1.029785
-0.118164,-0.340698,0.752808
-0.373535,0.196777,0.895386
0.402222,-0.352295,0.950806
-0.540894,-0.084106,0.699951
0.225830,-0.008911,1.027100
-0.057007,-0.373047,0.764282
-0.435181,0.217773,0.894409
0.422607,-0.337646,0.963989
-0.525757,-0.130981,0.692871
0.153320,0.032593,1.026978
0.009399,-0.398193,0.778442
-0.498535,0.219971,0.870483
0.441895,-0.305054,0.983154
-0.460083,-0.163696,0.727417
0.084961,0.071899,1.026001
0.082764,-0.420776,0.796021
-0.543945,0.196655,0.841675
0.445312,-0.292725,0.984863
-0.387207,-0.186523,0.740967
0.024658,0.104126,1.016479
0.153564,-0.424438,0.820435
-0.571167,0.179199,0.809448
0.442261,-0.265747,0.989014
-0.316528,-0.257446,0.731812
-0.036987,0.125244,1.000122
0.210327,-0.422852,0.842163
-0.589844,0.147339,0.789185
0.426880,-0.222778,1.001831
-0.263550,-0.286377,0.716797
-0.117065,0.148682,0.973999
0.270630,-0.407837,0.874390
-0.594849,0.106079,0.765137
0.399292,-0.176880,1.008057
-0.220093,-0.320557,0.706177
-0.195801,0.160034,0.953003
0.324951,-0.396606,0.895264
-0.589478,0.054810,0.755371
0.365723,-0.123535,1.018555
-0.181519,-0.333008,0.721436
-0.275635,0.172119,0.919556
0.363647,-0.391846,0.912476
-0.576050,-0.003662,0.728027
0.301270,-0.072266,1.017822
-0.130859,-0.348511,0.735718
-0.358643,0.184570,0.893555
0.392822,-0.370728,0.923828
-0.539185,-0.040405,0.708618
0.228149,-0.008423,1.010742
-0.070435,-0.370972,0.754150
-0.429199,0.207886,0.886841
0.418213,-0.346924,0.954102
-0.526123,-0.094971,0.703491
0.157227,0.031128,1.011353
-0.001831,-0.387939,0.773682
-0.491333,0.229370,0.880249
0.435181,-0.309204,0.974487
-0.462280,-0.132446,0.731445
0.094604,0.086670,1.021240
0.077881,-0.400757,0.796753
-0.547729,0.211792,0.838867
0.446289,-0.280640,0.988037
-0.378784,-0.202881,0.735107
0.024048,0.115356,1.013062
0.149780,-0.406860,0.820435
-0.570190,0.191528,0.811279
0.434814,-0.243042,0.990234
-0.301636,-0.264404,0.723877
-0.049194,0.129761,0.987549
0.222900,-0.408081,0.850952
-0.592773,0.150757,0.775757
0.412231,-0.201050,0.998413
-0.240234,-0.303833,0.719849
-0.135620,0.150879,0.963013
0.292114,-0.396729,0.880493
-0.595337,0.113037,0.760376
0.383423,-0.155273,1.007446
-0.187012,-0.334717,0.711914
-0.211426,0.153564,0.935913
0.330811,-0.390381,0.894531
-0.582764,0.067993,0.750122
0.344971,-0.103638,1.018677
-0.151367,-0.340820,0.724976
-0.301758,0.173218,0.905273
0.369507,-0.377197,0.913574
-0.564087,0.007080,0.720703
0.280518,-0.041504,1.009399
-0.100708,-0.372681,0.736328
-0.385132,0.199463,0.890625
0.409912,-0.345703,0.938477
-0.549438,-0.065308,0.693359
0.205566,0.002319,1.005249
-0.037231,-0.385864,0.756104
-0.460693,0.232422,0.881104
0.427124,-0.320557,0.957397
-0.501465,-0.127563,0.707153
0.129761,0.052490,1.009766
0.040283,-0.390015,0.785522
-0.520752,0.234253,0.859497
0.446045,-0.282227,0.977417
-0.405396,-0.178345,0.732056
0.062378,0.105225,1.023438
0.117065,-0.405151,0.806030
-0.556763,0.208618,0.819092
0.443359,-0.248291,0.981079
-0.330933,-0.242432,0.726318
-0.010864,0.129395,1.000732
0.195923,-0.401733,0.840088
-0.585449,0.179321,0.791138
0.432495,-0.208008,0.996582
-0.247437,-0.292480,0.725220
-0.097534,0.157959,0.978394
0.270142,-0.393555,0.864136
-0.593750,0.145752,0.772217
0.404053,-0.166138,1.008057
-0.195435,-0.308105,0.724731
-0.171875,0.158081,0.943726
0.331177,-0.384277,0.886963
-0.590820,0.098877,0.753418
0.369629,-0.112793,1.003784
-0.148560,-0.330566,0.724976
-0.256348,0.175171,0.911865
0.373779,-0.374146,0.906128
-0.571167,0.043945,0.735352
0.307861,-0.058594,1.004272
-0.105469,-0.372559,0.718750
-0.335938,0.197144,0.894043
0.411621,-0.359375,0.937256
-0.553711,-0.030884,0.706787
0.228149,-0.005127,0.996948
-0.049438,-0.376221,0.754883
-0.415527,0.209106,0.878174
0.430054,-0.325806,0.953125
-0.508667,-0.085815,0.712646
0.163696,0.055664,1.007324
0.012939,-0.375488,0.778809
-0.486206,0.234375,0.863159
0.439209,-0.294434,0.970459
-0.443604,-0.145386,0.739014
0.089355,0.097046,1.018677
0.081665,-0.392700,0.804321
-0.538940,0.226807,0.838257
0.450806,-0.259888,0.979858
-0.368652,-0.209839,0.735352
0.028564,0.128418,1.018066
0.164917,-0.406494,0.829468
-0.582642,0.209717,0.804321
0.444824,-0.225098,0.992310
-0.278198,-0.238892,0.743896
-0.055176,0.149170,0.990967
0.243408,-0.394531,0.858154
-0.596924,0.178589,0.781982
0.428711,-0.182739,0.996094
-0.212036,-0.295288,0.740234
-0.119995,0.159302,0.969604
0.297974,-0.390381,0.878540
-0.593628,0.132935,0.776489
0.401733,-0.147461,1.005493
-0.155762,-0.333740,0.738403
-0.200562,0.173096,0.933350
0.354736,-0.393188,0.900391
-0.579956,0.083618,0.758423
0.353394,-0.092896,1.002441
-0.109131,-0.359863,0.725586
-0.277832,0.181030,0.903198
0.389648,-0.365601,0.923218
-0.559448,0.013550,0.729126
0.286377,-0.041260,0.994019
-0.065674,-0.372070,0.743896
-0.353760,0.197021,0.885620
0.414429,-0.333374,0.942627
-0.529907,-0.056519,0.715210
0.208862,0.007690,0.988892
-0.018555,-0.373779,0.759155
-0.422119,0.205200,0.856812
0.438232,-0.310059,0.957520
-0.480957,-0.099731,0.736206
0.135132,0.071533,1.016968
0.042847,-0.393433,0.778442
-0.491333,0.215820,0.838745
0.452271,-0.281250,0.971436
-0.414307,-0.147705,0.751709
0.079102,0.115723,1.023804
0.120850,-0.404175,0.808350
-0.542480,0.219971,0.815796
0.458008,-0.249023,0.982178
-0.338135,-0.207886,0.744873
0.010986,0.138184,1.017212
0.197510,-0.409790,0.833374
-0.573364,0.192749,0.791748
0.448486,-0.211304,1.001831
-0.252930,-0.235229,0.752808
-0.061523,0.166260,0.980225
0.265503,-0.398315,0.866455
-0.592407,0.159790,0.772461
0.430664,-0.166748,1.002563
-0.178345,-0.289917,0.751831
-0.134399,0.167236,0.945068
0.325439,-0.394653,0.891846
-0.589600,0.118652,0.762695
0.395752,-0.135376,1.007202
-0.112549,-0.329712,0.752075
-0.219727,0.181274,0.918823
0.372681,-0.376343,0.903809
-0.563354,0.063354,0.757324
0.339233,-0.077393,1.006348
-0.072754,-0.354126,0.749512
-0.295898,0.183838,0.886353
0.410156,-0.352539,0.930420
-0.542969,-0.016113,0.727905
0.263672,-0.032959,0.991943
-0.026001,-0.370361,0.759644
-0.375122,0.204224,0.868774
0.430908,-0.326050,0.955078
-0.501465,-0.075073,0.737549
0.188354,0.028564,1.006714
0.027100,-0.396118,0.771606
-0.444702,0.211182,0.843018
0.452637,-0.289673,0.969238
-0.448242,-0.119751,0.754272
0.112671,0.083252,1.022339
0.085449,-0.409912,0.797363
-0.507568,0.215454,0.825684
0.465820,-0.264404,0.986084
-0.372681,-0.153809,0.758667
0.047607,0.111694,1.012207
0.160645,-0.408447,0.828735
-0.554810,0.197876,0.792114
0.458008,-0.237427,0.990234
-0.299927,-0.218750,0.756104
-0.024292,0.151123,0.998901
0.237183,-0.420166,0.855103
-0.581177,0.168823,0.778442
0.456177,-0.196167,1.012207
-0.219727,-0.245850,0.773071
-0.100952,0.170044,0.969849
0.297974,-0.418945,0.873413
-0.578125,0.133423,0.774902
0.426392,-0.150879,1.011475
-0.145020,-0.314453,0.764893
-0.162354,0.160522,0.943604
0.341797,-0.406738,0.894531
-0.567871,0.107422,0.776733
0.387939,-0.108765,1.013062
-0.091187,-0.332886,0.762573
-0.231812,0.164795,0.898438
0.384155,-0.377319,0.919312
-0.553345,0.037354,0.746460
0.329834,-0.064331,1.005981
-0.050537,-0.371460,0.754150
-0.301147,0.168945,0.875977
0.420532,-0.353394,0.933472
-0.536987,-0.032227,0.728638
0.261597,-0.015991,0.992065
-0.010620,-0.392700,0.755859
-0.367188,0.182495,0.860718
0.443359,-0.325317,0.960938
-0.501953,-0.088623,0.729736
0.193604,0.026123,1.006470
0.042480,-0.423218,0.770630
-0.433350,0.195923,0.839478
0.458862,-0.304565,0.968628
-0.456909,-0.101196,0.755249
0.138550,0.059692,1.017822
0.083984,-0.426147,0.780029
-0.482910,0.201538,0.823120
0.465942,-0.292969,0.967407
-0.416748,-0.127563,0.755859
0.092407,0.093018,1.024658
0.135498,-0.428711,0.801025
-0.515015,0.188477,0.799561
0.475830,-0.279175,0.982056
-0.372559,-0.167114,0.760254
0.039185,0.122803,1.015747
0.187256,-0.437256,0.830933
-0.545166,0.159180,0.786621
0.476685,-0.255981,0.991333
-0.303955,-0.194336,0.768555
-0.016113,0.144653,1.005371
0.240356,-0.434814,0.851929
-0.565796,0.145996,0.771118
0.470581,-0.237671,1.002686
-0.251953,-0.218384,0.786255
-0.064209,0.163696,0.987549
0.279419,-0.430908,0.869141
-0.569824,0.114258,0.767822
0.453857,-0.214966,1.011353
-0.197876,-0.234985,0.790161
-0.104858,0.167847,0.976074
0.310059,-0.421143,0.888428
-0.571167,0.108643,0.770996
0.431519,-0.171875,1.018799
-0.148438,-0.274292,0.787354
-0.138672,0.174072,0.951660
0.339844,-0.410889,0.893188
-0.566284,0.109253,0.775879
0.413086,-0.148682,1.016357
-0.111938,-0.314697,0.784058
-0.176270,0.174316,0.930664
0.365234,-0.401978,0.906250
-0.553467,0.082642,0.775635
0.395508,-0.135498,1.011108
-0.085571,-0.342285,0.778076
-0.208984,0.156372,0.923462
0.385254,-0.403931,0.916748
-0.548706,0.054565,0.770630
0.367310,-0.119141,1.002075
-0.060547,-0.370117,0.773682
-0.248901,0.150879,0.899292
0.394043,-0.386108,0.926514
-0.546143,0.023315,0.754028
0.348389,-0.088135,1.011963
-0.033936,-0.381104,0.765137
-0.278320,0.153687,0.879761
0.414185,-0.389038,0.927612
-0.530640,-0.012207,0.751709
0.319702,-0.057373,1.015991
-0.008423,-0.402466,0.765137
-0.315308,0.148438,0.874390
0.428833,-0.390015,0.931152
-0.516479,-0.050903,0.749023
0.283203,-0.039795,1.006226
0.015747,-0.408691,0.770752
-0.339355,0.153198,0.866333
0.441406,-0.378662,0.939575
-0.511841,-0.087646,0.729736
0.248169,-0.022583,1.009888
0.029419,-0.414551,0.769653
-0.384277,0.156860,0.846313
0.461914,-0.369873,0.954956
-0.484131,-0.094604,0.748901
0.208618,-0.009399,1.006714
0.059814,-0.430664,0.774658
-0.416748,0.159790,0.833862
0.471558,-0.342041,0.967407
-0.453369,-0.124634,0.750366
0.164429,0.022583,1.016479
0.086304,-0.443115,0.781372
-0.449951,0.144043,0.808228
0.478516,-0.309082,0.979492
-0.413208,-0.161011,0.749878
0.102051,0.062256,1.014282
0.122070,-0.457642,0.793579
-0.485107,0.134155,0.794678
0.483521,-0.294434,0.987793
-0.373413,-0.172119,0.763306
0.056396,0.109619,1.023560
0.181641,-0.457031,0.823242
-0.521240,0.115479,0.771240
0.477905,-0.290161,0.998291
-0.319336,-0.206909,0.775024
-0.007446,0.129639,1.019897
0.236938,-0.475220,0.844482
-0.532837,0.096069,0.751221
0.470337,-0.263428,1.001221
-0.254639,-0.208740,0.798462
-0.060303,0.156372,1.008667
0.286621,-0.470093,0.855469
-0.551758,0.081787,0.756958
0.445801,-0.218018,1.016479
-0.189209,-0.233765,0.812256
-0.097778,0.164062,0.993042
0.325195,-0.458740,0.884888
-0.555298,0.081543,0.770508
0.424072,-0.174805,1.025513
-0.122314,-0.307617,0.800537
-0.146729,0.160400,0.969360
-0.546509,0.073242,0.773926
0.398438,-0.429810,0.934692
-0.538330,0.028076,0.765137
0.356445,-0.116211,1.009766
-0.024780,-0.368774,0.794067
-0.244995,0.151855,0.918091
0.434082,-0.425781,0.946167
-0.519897,-0.027588,0.753174
0.302368,-0.077026,0.997437
0.009399,-0.413940,0.768066
-0.299438,0.137695,0.892456
0.469971,-0.404175,0.960205
-0.492188,-0.088013,0.750610
0.236572,-0.030884,0.995850
0.041870,-0.438599,0.771606
-0.353760,0.121826,0.855347
0.487793,-0.369263,0.982300
-0.455444,-0.092041,0.769531
0.182251,0.006836,0.998291
0.075073,-0.440918,0.775391
-0.409058,0.131226,0.830933
0.503052,-0.356812,0.993164
-0.409424,-0.150879,0.766235
0.109131,0.061401,1.021606
0.134033,-0.446289,0.801392
-0.457764,0.118896,0.800903
0.509399,-0.328613,0.999512
-0.353271,-0.205200,0.770020
0.034058,0.113159,1.015259
0.210327,-0.440308,0.841919
-0.494629,0.076782,0.763428
0.486816,-0.299316,1.003662
-0.266724,-0.225586,0.805054
-0.033936,0.137207,1.012207
0.272705,-0.433105,0.869263
-0.524902,0.074463,0.760620
0.448730,-0.250366,1.014893
-0.172607,-0.294312,0.805542
-0.099487,0.143677,1.006226
0.330200,-0.437256,0.899170
-0.538574,0.078247,0.770752
0.418457,-0.191040,1.017822
-0.074707,-0.328003,0.826538
-0.171021,0.153809,0.979980
0.389526,-0.432861,0.928833
-0.517212,0.010498,0.765503
0.361084,-0.115112,1.023560
-0.012329,-0.387207,0.809204
-0.230835,0.140869,0.936523
0.435913,-0.422241,0.947754
-0.510498,-0.060913,0.745850
0.291016,-0.045654,1.024536
0.043457,-0.429199,0.789551
-0.302246,0.140869,0.904785
0.480469,-0.351074,0.970825
-0.445190,-0.141479,0.750488
0.104858,0.072998,1.012207
0.079468,-0.445679,0.782959
-0.488647,0.147949,0.791382
0.496704,-0.296997,0.997437
-0.361938,-0.130981,0.793213
0.024048,0.115479,1.001587
0.186401,-0.460693,0.814697
-0.522583,0.118408,0.775635
0.484253,-0.239990,1.019897
-0.296387,-0.183105,0.791992
-0.037842,0.146118,0.999146
0.250488,-0.466431,0.846069
-0.537720,0.077637,0.741699
0.456055,-0.211792,1.011719
-0.213501,-0.203369,0.808472
-0.083374,0.172485,0.997070
0.295288,-0.455933,0.880249
-0.555664,0.073486,0.757324
0.432373,-0.207642,0.997925
-0.161377,-0.229004,0.808472
-0.115479,0.183105,0.987183
0.341919,-0.442139,0.902344
-0.563599,0.086914,0.767944
0.419434,-0.177490,1.018921
-0.108521,-0.299561,0.804443
-0.162598,0.186890,0.972168
0.377441,-0.427734,0.916992
-0.558350,0.064331,0.765015
0.393677,-0.145874,1.013306
-0.065063,-0.333862,0.791260
-0.199829,0.182861,0.958984
0.398560,-0.436035,0.922729
-0.549683,0.019653,0.755127
0.359375,-0.113892,1.005493
-0.039673,-0.362305,0.785645
-0.224854,0.161743,0.932251
0.429077,-0.424194,0.945312
-0.545532,-0.007446,0.758789
0.326416,-0.081299,1.004761
-0.010254,-0.391968,0.774536
-0.268433,0.155151,0.903809
0.448242,-0.424072,0.948486
-0.523315,-0.051147,0.735596
0.284424,-0.062256,0.994629
0.015503,-0.405151,0.767090
-0.308838,0.154541,0.887451
0.462524,-0.408203,0.953613
-0.501343,-0.087646,0.742310
0.241821,-0.045410,0.996338
0.037354,-0.425537,0.760132
-0.355591,0.150513,0.859009
0.483276,-0.372681,0.976562
-0.481079,-0.119141,0.748047
0.196045,0.002319,1.005493
0.072998,-0.441772,0.774536
-0.400635,0.137817,0.839478
0.494507,-0.360840,0.980103
-0.443970,-0.158325,0.745850
0.145874,0.035889,1.020508
0.102295,-0.441895,0.793335
-0.434326,0.138184,0.822754
0.505249,-0.343018,0.991821
-0.408936,-0.170654,0.762329
0.096313,0.058350,1.009399
0.153687,-0.461914,0.804077
-0.470703,0.119629,0.796021
0.503174,-0.313843,1.007812
-0.363159,-0.160645,0.774292
0.049438,0.102051,1.025635
0.203003,-0.483032,0.818726
-0.501221,0.091797,0.772461
0.494385,-0.294922,1.009277
-0.313232,-0.173828,0.798584
0.005737,0.121338,1.019897
0.241333,-0.486938,0.841919
-0.518188,0.075195,0.759644
0.481689,-0.272949,1.009644
-0.261353,-0.219116,0.802734
-0.044678,0.146973,1.025269
0.280151,-0.479370,0.860229
-0.532471,0.074219,0.763184
0.461548,-0.258545,1.010498
-0.204834,-0.232422,0.813843
-0.070068,0.160767,1.018311
0.313354,-0.463989,0.880371
-0.540894,0.067261,0.767212
0.451782,-0.222656,1.020020
-0.157349,-0.256348,0.817749
-0.104370,0.165894,1.011230
0.345459,-0.448975,0.908081
-0.544556,0.066895,0.772827
0.435425,-0.199829,1.026001
-0.105469,-0.310425,0.814331
-0.137939,0.162231,0.993530
0.375122,-0.437988,0.922974
-0.542725,0.057007,0.769653
0.398560,-0.164551,1.018066
-0.062256,-0.327881,0.819946
-0.160400,0.140381,0.975586
0.400269,-0.437134,0.937134
-0.532837,0.024048,0.758545
0.376709,-0.137207,1.020142
-0.030396,-0.361450,0.806885
-0.199097,0.146606,0.956299
0.430908,-0.426147,0.946289
-0.521240,-0.005371,0.760376
0.350342,-0.108887,1.015869
-0.002197,-0.373047,0.808838
-0.231689,0.139771,0.937622
0.447021,-0.411987,0.961914
-0.503174,-0.062012,0.763428
0.318970,-0.063110,1.030762
0.015259,-0.400635,0.808350
-0.252930,0.119873,0.909546
0.471069,-0.401733,0.977539
-0.499756,-0.074341,0.742798
0.288574,-0.035522,1.042114
0.038818,-0.431763,0.787720
-0.282959,0.114502,0.900879
0.483643,-0.397095,0.979492
-0.488770,-0.087158,0.751343
0.271118,-0.030640,1.027222
0.058105,-0.428223,0.795776
-0.305664,0.116943,0.897705
0.491943,-0.390991,0.986694
-0.469727,-0.105225,0.758301
0.238892,-0.018921,1.030518
0.068359,-0.423706,0.803589
-0.332031,0.100586,0.875610
0.503174,-0.377075,0.999023
-0.455688,-0.115845,0.761597
0.212036,-0.003052,1.035278
0.089478,-0.442871,0.810913
-0.364624,0.119507,0.871094
0.516724,-0.366211,1.007935
-0.427490,-0.143188,0.762939
0.186523,0.024536,1.032837
0.112183,-0.433228,0.818359
-0.390747,0.109985,0.848022
0.527832,-0.361450,1.019287
-0.407227,-0.170166,0.764038
0.148438,0.055786,1.041016
0.160400,-0.448364,0.830078
-0.421143,0.101685,0.833130
0.538452,-0.349121,1.030396
-0.375732,-0.170044,0.776978
0.104858,0.077759,1.036621
0.203613,-0.473145,0.843750
-0.436401,0.082275,0.814331
0.530762,-0.341797,1.022949
-0.346558,-0.215088,0.775146
0.073364,0.091797,1.037354
0.230835,-0.462524,0.859741
-0.448242,0.064209,0.800415
0.521606,-0.303833,1.031006
-0.312622,-0.212280,0.792725
0.039917,0.107300,1.037842
0.267944,-0.467041,0.879028
-0.468506,0.049927,0.781372
0.501221,-0.278198,1.040649
-0.269775,-0.221558,0.807617
0.005005,0.134521,1.046143
0.304443,-0.477051,0.892578
-0.485596,0.055786,0.782349
0.491089,-0.259399,1.046021
-0.211548,-0.232056,0.833496
-0.040039,0.160767,1.040039
0.338989,-0.466064,0.912231
-0.497314,0.064087,0.795532
0.476929,-0.220215,1.052368
-0.169189,-0.256836,0.831665
-0.072388,0.168457,1.035767
0.375122,-0.456177,0.935303
-0.496826,0.045898,0.798340
0.451416,-0.181885,1.063599
-0.116943,-0.289917,0.836792
-0.097900,0.167969,1.037354
0.395142,-0.442749,0.952148
-0.491577,0.032593,0.790527
0.442627,-0.160034,1.067017
-0.060547,-0.326416,0.838623
-0.138428,0.172852,1.018188
0.424683,-0.439575,0.966919
-0.479248,0.012695,0.789307
0.412964,-0.135498,1.062866
-0.007446,-0.358765,0.844116
-0.184937,0.177734,0.997070
0.454224,-0.423950,0.977051
-0.470825,-0.031006,0.783203
0.381592,-0.108643,1.058350
0.036011,-0.387817,0.838257
-0.217041,0.171997,0.980103
0.485474,-0.399048,1.000244
-0.453125,-0.071533,0.779419
0.343750,-0.075806,1.063232
0.067139,-0.411987,0.837402
-0.254272,0.145386,0.958130
0.507568,-0.372437,1.028442
-0.434937,-0.109863,0.773926
0.299805,-0.025879,1.063599
0.087280,-0.407715,0.833008
-0.298950,0.156738,0.943359
0.528564,-0.363647,1.029907
-0.417603,-0.136475,0.775146
0.257812,0.006592,1.070312
0.124634,-0.410034,0.851807
-0.344116,0.144653,0.916870
0.541504,-0.343140,1.046021
-0.387085,-0.162598,0.777222
0.204956,0.037720,1.062988
0.184814,-0.421875,0.876099
-0.371094,0.113037,0.880981
0.551636,-0.323975,1.063110
-0.356201,-0.207886,0.777100
0.149780,0.057983,1.059204
0.229004,-0.431519,0.884766
-0.399536,0.087280,0.853394
0.548584,-0.299805,1.067993
-0.313477,-0.213135,0.804932
0.097046,0.096802,1.054199
0.288330,-0.453979,0.910645
-0.427246,0.048828,0.815308
0.524048,-0.258911,1.071289
-0.248291,-0.226929,0.821411
0.039795,0.121582,1.056885
0.343506,-0.443970,0.938843
-0.452637,0.055298,0.819946
0.510498,-0.223389,1.086060
-0.180786,-0.243164,0.849121
-0.027832,0.153076,1.057739
0.385132,-0.428711,0.966553
-0.463867,0.050659,0.820435
0.486450,-0.172119,1.095703
-0.101929,-0.279419,0.858887
-0.089478,0.177368,1.045532
0.427490,-0.417725,0.993164
-0.464722,-0.002563,0.804321
0.448608,-0.125732,1.102051
-0.006348,-0.354614,0.859741
-0.152588,0.196167,1.036865
0.476196,-0.411377,1.010254
-0.447266,-0.028320,0.808228
0.404785,-0.082031,1.108521
0.054443,-0.378174,0.867065
-0.205444,0.192871,1.012207
0.513062,-0.379761,1.032593
-0.419067,-0.089600,0.792969
0.341553,-0.027832,1.106445
0.077515,-0.377197,0.868408
-0.260986,0.181396,0.982910
0.549561,-0.346802,1.062988
-0.391968,-0.144043,0.797729
0.280151,0.012695,1.088989
0.141357,-0.400146,0.880737
-0.323975,0.154541,0.942627
0.569092,-0.321045,1.083740
-0.354004,-0.185181,0.789795
0.203491,0.059692,1.082397
0.222046,-0.417114,0.905151
-0.357300,0.124634,0.889282
0.568481,-0.291748,1.091797
-0.299438,-0.204346,0.818604
0.127930,0.110229,1.083862
0.300171,-0.435791,0.929077
-0.406128,0.083862,0.852661
0.560791,-0.253174,1.096558
-0.230347,-0.244995,0.847046
0.044556,0.148438,1.073242
0.357544,-0.431030,0.959351
-0.434937,0.074463,0.843872
0.530151,-0.207886,1.110718
-0.151367,-0.251343,0.865479
-0.027466,0.176270,1.081543
0.417847,-0.421021,0.988037
-0.442261,0.043457,0.832886
0.491943,-0.138794,1.115723
-0.043579,-0.296265,0.883545
-0.094727,0.183838,1.063110
0.461670,-0.387329,1.016602
-0.433960,-0.010742,0.814209
0.447388,-0.073486,1.129272
0.048218,-0.358154,0.887939
-0.168579,0.194824,1.048340
0.505249,-0.369385,1.049561
-0.419312,-0.065063,0.809326
0.379150,-0.020996,1.130127
0.084595,-0.364502,0.888306
-0.240845,0.206177,1.022217
0.549683,-0.337036,1.080811
-0.392822,-0.122925,0.795166
0.308472,0.021118,1.125732
0.155151,-0.387695,0.908936
-0.305176,0.176636,0.972412
0.570312,-0.301270,1.103882
-0.341431,-0.193359,0.799683
0.218872,0.066284,1.098145
0.243652,-0.421997,0.931030
-0.358398,0.125244,0.899048
0.585449,-0.269531,1.107178
-0.275513,-0.225952,0.822510
0.128174,0.109009,1.095581
0.324585,-0.441772,0.949097
-0.400879,0.086182,0.869629
0.560791,-0.227905,1.122559
-0.206055,-0.236694,0.856934
0.042236,0.157471,1.093384
0.390625,-0.424561,0.993164
-0.428589,0.057861,0.856567
0.530762,-0.168701,1.132080
-0.119263,-0.246094,0.880859
-0.041016,0.180908,1.087769
0.442627,-0.400635,1.014404
-0.428955,0.002319,0.842651
0.493408,-0.113770,1.140747
-0.001465,-0.310059,0.898560
-0.124023,0.198608,1.064697
0.488403,-0.369141,1.051514
-0.422729,-0.033447,0.829468
0.446899,-0.059937,1.156982
0.049927,-0.343628,0.891846
-0.193604,0.207397,1.046875
0.532959,-0.335815,1.080444
-0.399902,-0.087769,0.823242
0.378296,-0.004150,1.145630
0.108643,-0.360352,0.902466
-0.271851,0.206299,1.019409
0.571655,-0.311890,1.115112
-0.359741,-0.155396,0.808228
0.288452,0.040405,1.132202
0.189453,-0.383667,0.930542
-0.317749,0.157593,0.950806
0.579346,-0.284790,1.121338
-0.306152,-0.202515,0.826538
0.199829,0.080566,1.110229
0.280640,-0.414551,0.954102
-0.368774,0.099731,0.891724
0.570557,-0.242188,1.118774
-0.246948,-0.236450,0.852173
0.118774,0.120239,1.102417
0.353394,-0.413330,0.984985
-0.406860,0.079102,0.866455
0.556152,-0.181641,1.143188
-0.169312,-0.248413,0.862061
0.023438,0.162964,1.098022
0.410400,-0.408081,1.012329
-0.427002,0.048950,0.859253
0.528809,-0.139282,1.150146
-0.068604,-0.279663,0.890991
-0.051514,0.190430,1.090210
0.459717,-0.373169,1.031494
-0.421875,0.007812,0.855835
0.492065,-0.094971,1.153198
0.016846,-0.330933,0.895630
-0.135986,0.201050,1.069214
0.500854,-0.339355,1.067749
-0.411133,-0.053345,0.831665
0.444458,-0.040771,1.166382
0.040161,-0.334106,0.893066
-0.216064,0.218506,1.048828
0.551636,-0.318359,1.103027
-0.383545,-0.118774,0.815063
0.359741,0.028320,1.154907
0.127686,-0.353882,0.924072
-0.282104,0.188232,0.995239
0.571777,-0.284546,1.119995
-0.334595,-0.178101,0.818604
0.272949,0.056885,1.138550
0.215088,-0.380493,0.945312
-0.335449,0.131958,0.924805
0.577148,-0.254883,1.123901
-0.271362,-0.230103,0.827026
0.184082,0.117798,1.132324
0.299194,-0.396729,0.965332
-0.389160,0.122070,0.903564
0.568359,-0.214966,1.133911
-0.216919,-0.239868,0.855957
0.085449,0.158447,1.114868
0.368286,-0.414551,0.994507
-0.409546,0.083862,0.878662
0.552856,-0.172363,1.145508
-0.136230,-0.257446,0.873535
-0.012207,0.186523,1.097290
0.425049,-0.385986,1.022827
-0.420898,0.026489,0.870972
0.526855,-0.130859,1.161743
-0.028442,-0.314575,0.890259
-0.085938,0.191650,1.082642
0.468384,-0.351196,1.052368
-0.416992,-0.029785,0.846924
0.481201,-0.067261,1.175537
0.002075,-0.329102,0.880493
-0.169678,0.217407,1.065674
0.511963,-0.321045,1.078491
-0.406006,-0.083984,0.822144
0.416260,-0.019409,1.170654
0.066772,-0.348267,0.906372
-0.252563,0.211060,1.024414
0.553345,-0.292847,1.111694
-0.370361,-0.150024,0.808960
0.323975,0.027344,1.162964
0.155151,-0.369873,0.925049
-0.316162,0.168091,0.959106
0.579468,-0.268311,1.119263
-0.319214,-0.202271,0.817383
0.224731,0.080200,1.132202
0.254395,-0.394897,0.955566
-0.366089,0.125732,0.913452
0.572144,-0.223999,1.132202
-0.259521,-0.237427,0.834106
0.123901,0.121216,1.110718
0.323364,-0.402588,0.974976
-0.401855,0.094727,0.883545
0.557251,-0.196167,1.134644
-0.190308,-0.270874,0.849609
0.027222,0.157959,1.101562
0.387939,-0.381714,1.015869
-0.419800,0.034180,0.860596
0.536987,-0.140015,1.157837
-0.072144,-0.320312,0.865234
-0.062866,0.187744,1.087280
0.435425,-0.365845,1.021729
-0.421753,-0.010498,0.844971
0.510742,-0.099243,1.173828
-0.035522,-0.337280,0.851440
-0.153687,0.211792,1.056030
0.487427,-0.344604,1.056030
-0.428223,-0.044434,0.829956
0.452759,-0.051392,1.174316
0.013184,-0.337524,0.877563
-0.233521,0.209473,1.028687
0.527466,-0.309814,1.084839
-0.403931,-0.114136,0.801270
0.372314,-0.003052,1.170410
0.086060,-0.332397,0.914673
-0.283936,0.181152,0.978516
0.550415,-0.280396,1.108521
-0.359497,-0.183594,0.798218
0.282349,0.034546,1.144287
0.168335,-0.369873,0.928101
-0.336548,0.135132,0.930176
0.556519,-0.260376,1.111084
-0.301880,-0.219360,0.812134
0.196411,0.101440,1.134155
0.256104,-0.392334,0.945312
-0.391846,0.113403,0.891846
0.561890,-0.225220,1.119507
-0.248413,-0.247681,0.829834
0.090332,0.139526,1.114136
0.324585,-0.390503,0.969116
-0.420410,0.078003,0.869751
0.547852,-0.187622,1.133789
-0.169067,-0.272705,0.843994
0.007812,0.166748,1.094604
0.369995,-0.391235,0.980225
-0.428833,0.024536,0.843018
0.528320,-0.156372,1.140625
-0.088501,-0.332153,0.832764
-0.074219,0.176880,1.068359
0.427734,-0.369873,1.006348
-0.444092,0.000732,0.836670
0.494873,-0.106323,1.155151
-0.055664,-0.330811,0.828979
-0.165527,0.203979,1.046875
0.471802,-0.327393,1.045410
-0.445068,-0.054443,0.807495
0.434692,-0.052368,1.158203
-0.003906,-0.327881,0.861572
-0.243164,0.207275,1.019409
0.510132,-0.300049,1.075928
-0.416748,-0.120972,0.792236
0.353638,-0.007324,1.145386
0.064209,-0.338989,0.891968
-0.299561,0.164062,0.965454
0.533691,-0.285400,1.087280
-0.372925,-0.181396,0.789062
0.263306,0.029053,1.124756
0.144287,-0.365845,0.905884
-0.352783,0.142212,0.927612
0.531616,-0.263428,1.090088
-0.325562,-0.229248,0.800171
0.177368,0.074707,1.106079
0.218384,-0.378540,0.933105
-0.404907,0.114990,0.885498
0.537720,-0.221680,1.111572
-0.273560,-0.252441,0.812622
0.086182,0.107178,1.086548
0.282104,-0.384888,0.948486
-0.426880,0.068359,0.863647
0.532471,-0.191162,1.127441
-0.184326,-0.311768,0.818848
-0.002930,0.130615,1.073242
0.335938,-0.383423,0.955078
-0.450073,0.036011,0.844116
0.516602,-0.157104,1.135498
-0.133667,-0.326294,0.804810
-0.086304,0.165039,1.055176
0.395996,-0.382202,0.977051
-0.472290,0.000610,0.822754
0.482422,-0.124268,1.136475
-0.094727,-0.327881,0.802612
-0.171875,0.193970,1.029785
0.437134,-0.359741,1.006958
-0.470825,-0.050171,0.792969
0.427124,-0.085327,1.136719
-0.062500,-0.308838,0.839355
-0.246094,0.199951,1.008301
0.479614,-0.317383,1.044556
-0.456055,-0.086182,0.777222
0.355469,-0.033936,1.127441
0.007690,-0.329468,0.855103
-0.295654,0.177124,0.963501
0.501099,-0.294800,1.059082
-0.413574,-0.157837,0.762329
0.274902,0.013306,1.122192
0.083252,-0.366211,0.866455
-0.357666,0.157104,0.924072
0.512695,-0.264282,1.073608
-0.375488,-0.215576,0.761719
0.188599,0.045288,1.097778
0.157593,-0.385742,0.892944
-0.412354,0.133545,0.891113
0.521240,-0.250610,1.085815
-0.340454,-0.235718,0.770874
0.105225,0.080078,1.071655
0.219604,-0.384644,0.907471
-0.437500,0.100952,0.862549
0.521362,-0.223633,1.089111
-0.263062,-0.265869,0.795532
0.028320,0.104858,1.063110
0.279541,-0.381958,0.926147
-0.458374,0.047852,0.822998
0.499634,-0.176025,1.104004
-0.179565,-0.316406,0.799805
-0.060425,0.135864,1.034424
0.334106,-0.387573,0.938232
-0.477417,0.000244,0.795410
0.483643,-0.152954,1.109497
-0.149414,-0.314331,0.778198
-0.154053,0.175781,1.024414
0.392822,-0.384521,0.966431
-0.496948,-0.029785,0.794556
0.434692,-0.111694,1.119385
-0.111816,-0.297852,0.798462
-0.237549,0.195679,0.998901
0.435547,-0.366699,0.985352
-0.489136,-0.063721,0.765015
0.369995,-0.070312,1.113403
-0.060303,-0.317505,0.819580
-0.298950,0.187744,0.953613
0.466919,-0.345459,1.007446
-0.462280,-0.131470,0.749878
0.297607,-0.032227,1.110107
0.006836,-0.349243,0.837402
-0.366089,0.165161,0.917480
0.480713,-0.308472,1.036011
-0.424438,-0.192749,0.743164
0.207886,0.016968,1.081787
0.083862,-0.371582,0.860474
-0.415039,0.149414,0.885742
0.492798,-0.273193,1.050171
-0.394409,-0.219971,0.750854
0.118408,0.048096,1.060425
0.164917,-0.388428,0.880371
-0.457397,0.110596,0.846069
0.494263,-0.227783,1.063721
-0.299683,-0.272949,0.774048
0.024048,0.081909,1.041260
0.221680,-0.405273,0.887085
-0.479614,0.051392,0.807739
0.481079,-0.200073,1.074707
-0.234009,-0.276245,0.777222
-0.054077,0.119507,1.023438
0.291382,-0.424561,0.898438
-0.506226,0.029175,0.786011
0.456177,-0.160889,1.081543
-0.194946,-0.290527,0.760742
-0.141113,0.151367,1.007812
0.349731,-0.408325,0.935913
-0.528564,-0.022217,0.765503
0.415771,-0.125488,1.085693
-0.161987,-0.308960,0.771851
-0.234131,0.191528,0.988281
0.405151,-0.386719,0.965698
-0.529175,-0.062256,0.746582
0.360107,-0.086426,1.083740
-0.116333,-0.308716,0.784180
-0.294800,0.188965,0.955200
0.440186,-0.345459,1.000854
-0.513916,-0.094971,0.729004
0.296631,-0.054565,1.070068
-0.056763,-0.348267,0.790161
-0.365601,0.191406,0.922241
0.457642,-0.312256,1.015381
-0.470215,-0.154907,0.728149
0.221191,-0.006958,1.065186
0.015137,-0.382446,0.813843
-0.419312,0.167358,0.885010
0.467285,-0.295288,1.029297
-0.445679,-0.150513,0.748169
0.153809,0.027954,1.049072
0.088257,-0.401001,0.830933
-0.469482,0.152344,0.860107
0.475830,-0.268677,1.034302
-0.402100,-0.211914,0.748901
0.071045,0.062134,1.040649
0.157959,-0.412476,0.854736
-0.508545,0.123657,0.830444
0.467285,-0.253174,1.029541
-0.318604,-0.231201,0.765259
0.006714,0.098267,1.022461
0.215454,-0.402344,0.873535
-0.525024,0.080322,0.792480
0.456909,-0.215332,1.044800
-0.265747,-0.277832,0.746826
-0.055176,0.128540,1.013306
0.269775,-0.411255,0.892090
-0.551025,0.055908,0.769043
0.442871,-0.188110,1.051147
-0.231323,-0.293823,0.728149
-0.141602,0.150024,0.993896
0.324219,-0.406372,0.915039
-0.555542,0.014771,0.758911
0.406372,-0.158813,1.048340
-0.196411,-0.308105,0.730713
-0.229004,0.172974,0.966187
0.483276,-0.327026,1.031860
-0.552124,-0.012695,0.760010
0.315552,-0.040894,1.106445
-0.158569,-0.307617,0.749268
-0.337524,0.172363,0.927368
0.496460,-0.300171,1.048096
-0.420288,-0.188354,0.744385
0.238037,0.008545,1.101318
0.081909,-0.369507,0.861450
-0.399902,0.162354,0.908447
0.503662,-0.275513,1.056274
-0.389648,-0.223999,0.752808
0.154907,0.048584,1.085815
0.146484,-0.389404,0.876221
-0.442505,0.124634,0.861450
0.501343,-0.244141,1.077148
-0.353638,-0.224365,0.774780
0.078125,0.080933,1.069214
0.213623,-0.407227,0.886597
-0.467163,0.091431,0.837402
0.500366,-0.225586,1.070801
-0.262817,-0.248413,0.789917
0.005859,0.108276,1.048096
0.269775,-0.402832,0.905151
-0.492676,0.060181,0.802612
0.480225,-0.204346,1.078491
-0.207642,-0.280518,0.784912
-0.067017,0.133667,1.028442
0.320435,-0.404175,0.922607
-0.503540,0.026733,0.791626
0.455933,-0.173096,1.077271
-0.182495,-0.289917,0.760986
-0.153931,0.154175,1.008057
0.373291,-0.383423,0.955811
-0.510132,-0.017700,0.774902
0.411255,-0.128784,1.082764
-0.150024,-0.303955,0.775757
-0.237183,0.186157,0.984497
0.416748,-0.350464,0.979614
-0.505615,-0.060547,0.757202
0.356323,-0.084717,1.079834
-0.102539,-0.315796,0.788940
-0.305664,0.173218,0.942871
0.447266,-0.325317,1.015869
-0.483276,-0.115112,0.737915
0.284668,-0.032471,1.084717
-0.029785,-0.352173,0.806152
-0.378662,0.167725,0.906982
0.466309,-0.325073,1.016113
-0.451538,-0.156738,0.741577
0.208618,0.015991,1.075806
0.046265,-0.370728,0.832520
-0.437744,0.161987,0.885132
0.476440,-0.296143,1.028931
-0.433472,-0.182007,0.745972
0.135010,0.045044,1.051270
0.126587,-0.384888,0.855225
-0.478394,0.148315,0.857788
0.483032,-0.271606,1.037964
-0.367920,-0.210693,0.770020
0.055420,0.074707,1.041260
0.189941,-0.398438,0.862671
-0.505981,0.102905,0.819458
0.473145,-0.245605,1.041504
-0.282349,-0.263184,0.770752
-0.019409,0.095093,1.015869
0.250610,-0.407959,0.880005
-0.522949,0.058228,0.778687
0.456177,-0.209961,1.042603
-0.233032,-0.287231,0.748169
-0.108032,0.131836,0.999756
0.306152,-0.414795,0.901855
-0.533813,0.019043,0.766846
0.420776,-0.162842,1.055054
-0.195068,-0.304321,0.741943
-0.203613,0.168213,0.981934
0.367310,-0.388184,0.932861
-0.545776,-0.016846,0.755615
0.372925,-0.120728,1.065552
-0.159058,-0.306030,0.755249
-0.289062,0.179932,0.947021
0.406006,-0.370483,0.958740
-0.527588,-0.066040,0.733032
0.306885,-0.074463,1.057983
-0.093750,-0.326904,0.778564
-0.359985,0.174194,0.915894
0.432251,-0.352173,0.983276
-0.504150,-0.118408,0.712036
0.226440,-0.026855,1.049438
-0.026245,-0.363159,0.791016
-0.428101,0.190063,0.895996
0.446411,-0.314331,1.005981
-0.478760,-0.141846,0.734863
0.148804,0.031372,1.041870
0.052734,-0.382812,0.813965
-0.486328,0.166748,0.856445
0.455078,-0.293945,1.019531
-0.427124,-0.201050,0.740967
0.072754,0.075928,1.036499
0.127808,-0.412598,0.833008
-0.523438,0.142334,0.823853
0.462036,-0.274292,1.010132
-0.345215,-0.226562,0.754639
0.005737,0.100342,1.022461
0.206177,-0.417603,0.853271
-0.553833,0.098633,0.792969
0.444580,-0.236816,1.020752
-0.282227,-0.271240,0.737183
-0.069702,0.109253,0.991455
0.258179,-0.416260,0.869629
-0.563354,0.063721,0.766479
0.420410,-0.193970,1.030029
-0.232666,-0.299194,0.730957
-0.159058,0.137207,0.970947
0.313599,-0.403931,0.911621
-0.571655,0.017456,0.754028
0.384033,-0.151489,1.036621
-0.190674,-0.305176,0.736450
-0.235962,0.159546,0.945190
0.359375,-0.377319,0.933105
-0.560791,-0.024048,0.740112
0.331421,-0.104248,1.040039
-0.153442,-0.339722,0.737427
-0.317383,0.176392,0.916260
0.397461,-0.369873,0.948730
-0.548218,-0.056763,0.720581
0.271484,-0.055542,1.038330
-0.098022,-0.376465,0.745728
-0.388794,0.197876,0.900391
0.423584,-0.354736,0.962158
-0.521484,-0.085693,0.718262
0.212280,-0.004761,1.034424
-0.040771,-0.407471,0.760376
-0.451904,0.214355,0.884521
0.438354,-0.330444,0.981323
-0.509766,-0.140625,0.711548
0.140503,0.029907,1.034302
0.031494,-0.397461,0.793457
-0.506104,0.212769,0.862793
0.452271,-0.312256,0.981323
-0.445190,-0.167480,0.730957
0.071289,0.070068,1.021118
0.105469,-0.425171,0.804199
-0.541626,0.187866,0.838257
0.453247,-0.275879,0.996704
-0.368896,-0.212769,0.742920
0.015503,0.103027,1.012207
0.175171,-0.444092,0.825928
-0.573364,0.145264,0.792725
0.439453,-0.240723,1.003540
-0.300903,-0.249268,0.737061
-0.053711,0.127075,0.995117
0.233521,-0.438477,0.848999
-0.589233,0.115967,0.775513
0.418335,-0.204712,1.007568
-0.254883,-0.299683,0.702881
-0.127563,0.154419,0.981812
0.296265,-0.423828,0.881714
-0.600098,0.083252,0.759277
0.400024,-0.173218,1.009033
-0.211670,-0.314209,0.711060
-0.201782,0.167847,0.957275
0.334717,-0.408569,0.904663
-0.591064,0.048706,0.754883
0.358887,-0.138794,1.014038
-0.183838,-0.329224,0.716675
-0.277710,0.175171,0.919067
0.371582,-0.396118,0.910889
-0.573608,-0.001587,0.734131
0.303589,-0.098877,1.014160
-0.136108,-0.357910,0.719971
-0.345947,0.182861,0.896240
0.391602,-0.364624,0.936646
-0.553467,-0.043335,0.715210
0.247437,-0.048096,1.019165
-0.088013,-0.377808,0.750366
-0.417236,0.201538,0.882324
0.415894,-0.335083,0.954590
-0.525391,-0.098389,0.711304
0.177124,0.013672,1.023682
-0.025635,-0.396729,0.760742
-0.479736,0.214844,0.867065
0.429199,-0.309448,0.969482
-0.481812,-0.129761,0.724609
0.117676,0.052368,1.019287
0.042603,-0.407227,0.790771
-0.527344,0.210083,0.849243
0.436890,-0.283203,0.984985
-0.429077,-0.162354,0.737915
0.057007,0.095703,1.015503
0.110352,-0.416382,0.808228
-0.559814,0.201294,0.822632
0.432861,-0.264038,0.983276
-0.357422,-0.207031,0.736572
0.007690,0.116455,1.011475
0.176514,-0.417847,0.840088
-0.585327,0.173462,0.793213
0.434937,-0.248169,0.991577
-0.298950,-0.251709,0.727173
-0.055176,0.141479,0.994263
0.236084,-0.415161,0.859619
-0.601440,0.146484,0.776733
0.418823,-0.207642,1.000000
-0.253662,-0.290283,0.710693
-0.112915,0.162842,0.976929
0.284424,-0.405640,0.878418
-0.604492,0.122803,0.770508
0.403809,-0.167603,1.007202
-0.205811,-0.305786,0.714844
-0.181274,0.164673,0.948486
0.328979,-0.389648,0.896484
-0.593018,0.078735,0.753906
0.370728,-0.138428,1.011475
-0.172119,-0.334717,0.707153
-0.249146,0.180298,0.924805
0.361450,-0.381470,0.910278
-0.580933,0.058472,0.744263
0.332275,-0.101685,1.010498
-0.147217,-0.361938,0.714111
-0.303467,0.189941,0.905396
0.385986,-0.363159,0.927002
-0.558594,0.011108,0.732666
0.281616,-0.047607,1.007568
-0.094604,-0.374268,0.729980
-0.364990,0.195557,0.883179
0.407349,-0.354980,0.937500
-0.543823,-0.041748,0.703003
0.232422,-0.006592,1.008911
-0.062012,-0.383545,0.744385
-0.421875,0.217041,0.878174
0.422363,-0.336426,0.952026
-0.520996,-0.085205,0.703125
0.177612,0.032471,1.012939
-0.017212,-0.409546,0.763550
-0.463135,0.229492,0.870361
0.438232,-0.319580,0.962402
-0.499512,-0.107788,0.718628
0.136353,0.069702,1.019409
0.026001,-0.411255,0.771606
-0.501953,0.246948,0.861816
0.449585,-0.297852,0.969482
-0.458496,-0.104126,0.747314
0.100952,0.085938,1.019165
0.076904,-0.425781,0.786133
-0.536987,0.239014,0.839844
0.449829,-0.275024,0.975220
-0.412964,-0.133545,0.758057
0.068237,0.117065,1.018677
0.123047,-0.431519,0.801880
-0.569214,0.223633,0.820923
0.456787,-0.273315,0.980347
-0.366821,-0.158936,0.755859
0.025269,0.137207,1.011841
0.175293,-0.419434,0.828979
-0.588135,0.206543,0.805420
0.453613,-0.249512,0.983887
-0.316284,-0.183838,0.754272
-0.009766,0.155518,1.007935
0.213989,-0.412354,0.854248
-0.601685,0.190063,0.798218
0.442993,-0.230347,0.985840
-0.263672,-0.236572,0.740723
-0.071655,0.178589,0.989746
0.260742,-0.405273,0.871704
-0.602783,0.171509,0.788940
0.431030,-0.210449,0.986694
-0.228149,-0.289062,0.729614
-0.111084,0.171143,0.975708
0.307007,-0.393921,0.891235
-0.605469,0.133301,0.772583
0.406860,-0.177124,1.004395
-0.177490,-0.315918,0.733032
-0.166382,0.171021,0.950439
0.339478,-0.365601,0.911865
-0.595825,0.104614,0.753662
0.381226,-0.133667,0.997559
-0.139771,-0.351440,0.723755
-0.229614,0.182007,0.918457
0.371948,-0.364502,0.917603
-0.572876,0.085571,0.753784
0.338501,-0.093994,1.004028
-0.094849,-0.367798,0.730347
-0.287598,0.182617,0.889038
0.392212,-0.345581,0.925415
-0.544312,0.022461,0.735962
0.296265,-0.044434,1.005249
-0.065674,-0.385742,0.739502
-0.345581,0.187622,0.875000
0.414185,-0.339600,0.938965
-0.539185,-0.028442,0.711792
0.243042,-0.008545,1.005615
-0.021729,-0.384888,0.754395
-0.402466,0.198120,0.861206
0.431274,-0.323120,0.947754
-0.510010,-0.074707,0.716553
0.191650,0.038208,1.017944
0.021484,-0.398438,0.765259
-0.460938,0.215576,0.851562
0.454346,-0.316895,0.956909
-0.471069,-0.105835,0.736938
0.129272,0.084229,1.018555
0.081055,-0.390015,0.802612
-0.513672,0.227539,0.841064
0.464600,-0.295776,0.973511
-0.413330,-0.139771,0.750000
0.079590,0.112427,1.019043
0.137573,-0.407593,0.817627
-0.548340,0.216431,0.820801
0.463501,-0.254639,0.984863
-0.346924,-0.167725,0.755371
0.011475,0.150146,1.012451
0.205444,-0.414307,0.841431
-0.574585,0.207275,0.801636
0.454102,-0.219727,0.992920
-0.269043,-0.215088,0.758423
-0.049438,0.159912,0.988770
0.260376,-0.402710,0.865479
-0.587158,0.167847,0.786987
0.437622,-0.179932,0.998291
-0.203857,-0.250854,0.766968
-0.115356,0.165894,0.962402
0.311157,-0.395508,0.888428
-0.585938,0.124756,0.772339
0.410522,-0.153442,1.007446
-0.138550,-0.291748,0.772095
-0.181030,0.178711,0.937866
0.349365,-0.385376,0.905640
-0.570557,0.091919,0.772949
0.375122,-0.104736,1.013428
-0.088867,-0.331909,0.758057
-0.258179,0.185425,0.911865
0.399292,-0.369263,0.925415
-0.550415,0.023926,0.745728
0.314209,-0.056030,1.000000
-0.052124,-0.376953,0.746094
-0.326416,0.178711,0.872314
0.423340,-0.347778,0.942261
-0.531250,-0.055542,0.726929
0.240601,-0.010010,0.999512
-0.006348,-0.396729,0.750122
-0.394897,0.192749,0.858032
0.453125,-0.323120,0.963013
-0.499634,-0.085449,0.734985
0.164673,0.048706,1.012451
0.048950,-0.408447,0.770386
-0.458008,0.209229,0.840576
0.463623,-0.295044,0.973267
-0.454956,-0.120850,0.748413
0.106934,0.080566,1.009277
0.103149,-0.416016,0.803101
-0.508301,0.206421,0.818970
0.473389,-0.270020,0.983032
-0.384521,-0.169189,0.754517
0.042603,0.128052,1.013184
0.174805,-0.421265,0.828857
-0.546265,0.182007,0.793213
0.471558,-0.243652,0.996948
-0.308350,-0.191895,0.770142
-0.029541,0.153198,0.997559
0.240479,-0.424072,0.856689
-0.566040,0.147461,0.775513
0.456543,-0.206665,1.011108
-0.222778,-0.227295,0.784912
-0.096558,0.170654,0.971313
0.306030,-0.412720,0.884766
-0.574097,0.121216,0.771362
0.428589,-0.167114,1.008545
-0.131226,-0.301636,0.778076
-0.171997,0.166870,0.946411
0.350830,-0.386108,0.910889
-0.554688,0.079224,0.772827
0.384155,-0.110107,1.016235
-0.075806,-0.348022,0.770752
-0.237915,0.163696,0.897339
0.400269,-0.378296,0.927368
-0.537964,0.010986,0.750366
0.318604,-0.056519,1.006958
-0.020630,-0.390869,0.751953
-0.314819,0.185791,0.877319
0.434937,-0.373901,0.936279
-0.522339,-0.045410,0.733276
0.240112,-0.014893,1.001343
0.022705,-0.415771,0.755615
-0.377930,0.168091,0.844604
0.456543,-0.343750,0.958252
-0.491821,-0.095703,0.739380
0.173462,0.025757,1.000610
0.064331,-0.422363,0.778931
-0.437500,0.170044,0.821655
0.469971,-0.299561,0.971436
-0.438721,-0.124023,0.758545
0.098145,0.077515,1.008301
0.117798,-0.447998,0.793945
-0.502563,0.164185,0.802734
0.483032,-0.281738,0.988159
-0.364502,-0.142334,0.776978
0.024414,0.137573,1.018555
0.198120,-0.453369,0.822388
-0.545410,0.139771,0.775146
0.475586,-0.250122,0.996704
-0.274780,-0.203613,0.783325
-0.061157,0.162109,0.991943
0.269653,-0.453857,0.851685
-0.565308,0.098145,0.765503
0.443481,-0.204468,1.012085
-0.170288,-0.254028,0.800293
-0.119019,0.167358,0.957764
0.322876,-0.415894,0.894653
-0.558350,0.080322,0.765137
0.399414,-0.150146,1.014893
-0.083984,-0.333374,0.788086
-0.188599,0.181763,0.940796
0.378052,-0.398560,0.919067
-0.533569,0.022583,0.751709
0.344238,-0.115601,0.995361
-0.032349,-0.396606,0.769165
-0.269165,0.171143,0.897949
0.424438,-0.370361,0.942505
-0.520874,-0.030762,0.746460
0.274902,-0.058105,0.998047
0.012573,-0.444092,0.754395
-0.339844,0.153564,0.865112
0.454956,-0.356812,0.954712
-0.489746,-0.069824,0.746948
0.202637,0.008057,1.006104
0.058228,-0.463379,0.756104
-0.414551,0.148315,0.827271
0.469116,-0.332642,0.969849
-0.448975,-0.120239,0.750000
0.140381,0.057251,1.018799
0.109131,-0.455078,0.792114
-0.483643,0.148071,0.807739
0.484253,-0.305420,0.990112
-0.391113,-0.154663,0.762085
0.066772,0.109497,1.029053
0.180908,-0.455811,0.824219
-0.519775,0.114258,0.774170
0.479004,-0.282349,0.996826
-0.320435,-0.183960,0.775146
-0.005005,0.140137,1.007812
0.257446,-0.442993,0.862549
-0.540527,0.084961,0.750854
0.453979,-0.261719,0.995117
-0.232544,-0.215088,0.799438
-0.070312,0.161621,1.000732
0.309448,-0.419556,0.892456
-0.553345,0.093506,0.774170
0.434570,-0.220703,1.002686
-0.146851,-0.308716,0.795044
-0.133179,0.161987,0.972412
0.359619,-0.415527,0.915771
-0.550659,0.075439,0.771240
0.401123,-0.171021,1.005981
-0.072998,-0.367188,0.788452
-0.196655,0.172119,0.944580
0.395874,-0.403687,0.932129
-0.535400,0.018433,0.763306
0.362305,-0.119141,1.013916
-0.016357,-0.414429,0.782471
-0.256714,0.147827,0.903442
0.435669,-0.397095,0.945312
-0.511230,-0.041260,0.747070
0.299561,-0.070557,1.011597
0.022217,-0.450928,0.767700
-0.316650,0.134766,0.878662
0.462891,-0.386841,0.958496
-0.489258,-0.085571,0.745728
0.246582,-0.021729,1.018433
0.058838,-0.447144,0.772461
-0.367310,0.124390,0.846436
0.477905,-0.363892,0.983765
-0.467041,-0.120239,0.738892
0.194702,0.009155,1.012207
0.085083,-0.446533,0.781372
-0.408813,0.108887,0.823975
0.489746,-0.346069,0.983154
-0.427490,-0.141479,0.756348
0.130005,0.063354,1.022217
0.136108,-0.450073,0.815430
-0.455566,0.109253,0.804565
0.493042,-0.321289,1.001709
-0.379028,-0.175415,0.764893
0.073242,0.087646,1.015259
0.198120,-0.459106,0.839966
-0.491089,0.086304,0.780151
0.493774,-0.294678,1.016724
-0.321289,-0.209961,0.780640
0.006714,0.128540,1.023071
0.255737,-0.478516,0.855347
-0.504883,0.058228,0.762329
0.472656,-0.269287,1.016113
-0.270630,-0.222046,0.802490
-0.041138,0.146851,1.017456
0.300903,-0.460693,0.883667
-0.521606,0.059082,0.769043
0.457520,-0.232788,1.029541
-0.198242,-0.251465,0.803345
-0.091675,0.170776,1.013550
0.342651,-0.455444,0.908325
-0.533936,0.065186,0.779175
0.437500,-0.221558,1.027954
-0.138794,-0.280151,0.820801
-0.126587,0.162354,0.996094
0.379761,-0.440430,0.929810
-0.526855,0.044434,0.783569
0.410278,-0.182861,1.031738
-0.075684,-0.350952,0.818115
-0.175903,0.167358,0.971313
0.412964,-0.428711,0.942017
-0.511353,0.011230,0.770752
0.380981,-0.141846,1.025757
-0.028809,-0.392090,0.802856
-0.217163,0.158325,0.952881
0.444824,-0.415527,0.956055
-0.497192,-0.034668,0.769409
0.338379,-0.094482,1.039429
0.022095,-0.432617,0.799927
-0.265503,0.151489,0.921753
0.469971,-0.399536,0.974365
-0.467651,-0.080566,0.766357
0.307983,-0.063354,1.044434
0.050781,-0.452026,0.793335
-0.300293,0.135010,0.909058
0.489990,-0.391113,0.985352
-0.462646,-0.105713,0.761597
0.271729,-0.027954,1.040649
0.073120,-0.437622,0.807617
-0.344360,0.141846,0.884644
0.508545,-0.381470,1.000488
-0.437622,-0.122803,0.760254
0.221558,0.012207,1.042969
0.103394,-0.428467,0.816650
-0.376953,0.119385,0.864380
0.512329,-0.366699,1.012695
-0.415771,-0.147339,0.759888
0.179565,0.049072,1.047485
0.148315,-0.443726,0.836548
-0.405640,0.116699,0.855591
0.526611,-0.351440,1.025757
-0.397095,-0.175781,0.758423
0.145996,0.073730,1.053101
0.196655,-0.454102,0.854370
-0.427246,0.100342,0.838989
0.520020,-0.348877,1.027344
-0.364990,-0.219849,0.754517
0.107178,0.094238,1.051392
0.233887,-0.455933,0.869507
-0.436279,0.082886,0.819458
0.517578,-0.320801,1.022217
-0.322144,-0.215210,0.783325
0.073486,0.098267,1.049561
0.266235,-0.467285,0.874756
-0.453613,0.073364,0.806519
0.504761,-0.301758,1.035034
-0.288818,-0.232544,0.794189
0.039673,0.113770,1.039917
0.299927,-0.467407,0.894775
-0.471924,0.070312,0.806885
0.498047,-0.283203,1.040649
-0.252319,-0.247681,0.808472
0.006348,0.133789,1.043457
0.327148,-0.461548,0.911621
-0.487061,0.084839,0.814819
0.495117,-0.252197,1.051270
-0.207397,-0.249634,0.815796
-0.034790,0.150513,1.048950
0.357056,-0.472656,0.928101
-0.492432,0.077271,0.807617
0.490112,-0.230591,1.061157
-0.173584,-0.257324,0.835205
-0.063965,0.165771,1.043335
0.386597,-0.460327,0.939941
-0.489502,0.064941,0.814819
0.471191,-0.186401,1.070190
-0.125610,-0.282227,0.833008
-0.082153,0.169067,1.045776
0.414795,-0.452026,0.961060
-0.484741,0.046631,0.803345
0.460571,-0.168213,1.075195
-0.089111,-0.302246,0.844238
-0.119873,0.173462,1.031738
0.439697,-0.442383,0.980957
-0.478027,0.009033,0.803467
0.437744,-0.127563,1.079834
-0.042725,-0.334229,0.844238
-0.144531,0.171143,1.022827
0.458862,-0.429932,0.994263
-0.467407,-0.015869,0.797119
0.413208,-0.108154,1.085449
-0.004883,-0.366577,0.840088
-0.166138,0.168945,1.014893
0.481689,-0.413330,1.008789
-0.456787,-0.025757,0.791626
0.399170,-0.092163,1.080200
0.031860,-0.380859,0.845825
-0.188721,0.166382,0.998047
0.495239,-0.398560,1.015381
-0.453369,-0.054688,0.792114
0.380493,-0.073608,1.088745
0.049316,-0.382202,0.853882
-0.221924,0.167603,0.990112
0.512695,-0.388428,1.025269
-0.424683,-0.089233,0.793457
0.352295,-0.046265,1.091064
0.063599,-0.387939,0.853149
-0.247437,0.176758,0.987061
0.529419,-0.369629,1.042358
-0.418945,-0.111206,0.787231
0.331055,-0.024170,1.101685
0.077393,-0.388306,0.859009
-0.271118,0.159180,0.970825
0.540771,-0.352783,1.053955
-0.405396,-0.132446,0.786987
0.303955,-0.005493,1.101196
0.103516,-0.388916,0.874634
-0.298950,0.161987,0.966553
0.552856,-0.342285,1.066650
-0.385986,-0.146973,0.787842
0.281616,0.013794,1.099121
0.137573,-0.393066,0.881958
-0.317993,0.149292,0.935669
0.563965,-0.333252,1.075439
-0.369263,-0.169067,0.789917
0.257568,0.032715,1.096924
0.175171,-0.411377,0.895508
-0.351685,0.149170,0.921387
0.570435,-0.333618,1.081299
-0.345337,-0.174072,0.808716
0.053955,0.101929,1.046753
0.196289,-0.405762,0.911133
-0.477173,0.076660,0.792236
0.499023,-0.288818,1.024780
-0.277588,-0.228027,0.788330
0.028198,0.117554,1.055298
0.300903,-0.465942,0.900757
-0.483765,0.073242,0.797119
0.491455,-0.273926,1.031738
-0.250366,-0.240356,0.804932
-0.000854,0.133057,1.041138
0.333618,-0.453857,0.923340
-0.486206,0.073242,0.796265
0.482300,-0.250977,1.049683
-0.207031,-0.268921,0.815674
-0.031006,0.139771,1.034912
0.358154,-0.464600,0.931152
-0.481323,0.072876,0.806641
0.475830,-0.217529,1.060425
-0.178345,-0.261841,0.825562
-0.054199,0.140747,1.041382
0.384888,-0.471924,0.929810
-0.487549,0.076294,0.811890
0.472900,-0.182129,1.076416
-0.135254,-0.270508,0.837769
-0.090210,0.152344,1.028809
0.404785,-0.471191,0.945801
-0.488647,0.051270,0.799805
0.458008,-0.152222,1.072266
-0.085938,-0.276245,0.853271
-0.112793,0.156128,1.018677
0.425659,-0.451416,0.963501
-0.486206,0.023804,0.797852
0.438110,-0.137817,1.072998
-0.039917,-0.316406,0.842529
-0.139771,0.162109,1.015991
0.456055,-0.431396,0.981079
-0.477295,-0.011597,0.792969
0.411499,-0.101562,1.083374
-0.003052,-0.371948,0.845703
-0.169189,0.163696,1.008911
0.479126,-0.419434,1.009888
-0.465820,-0.042603,0.781738
0.391357,-0.079224,1.088623
0.034668,-0.379639,0.851074
-0.198853,0.153442,0.996094
0.498901,-0.408936,1.019043
-0.448730,-0.064087,0.786621
0.364136,-0.055298,1.093628
0.064697,-0.386353,0.857910
-0.231079,0.167114,0.981201
0.514282,-0.388062,1.030151
-0.425415,-0.090820,0.784790
0.333374,-0.025513,1.081055
0.078125,-0.380493,0.865356
-0.257202,0.165405,0.972900
0.531494,-0.382324,1.041992
-0.416992,-0.122803,0.788208
0.303223,-0.006348,1.083130
0.100830,-0.389160,0.866577
-0.299072,0.175415,0.961060
0.552612,-0.357178,1.065430
-0.399902,-0.151855,0.786011
0.263550,0.021606,1.087280
0.145020,-0.392822,0.890381
-0.334595,0.161499,0.936890
0.565308,-0.341309,1.078857
-0.372681,-0.181763,0.780640
0.232300,0.054810,1.088623
0.186279,-0.413818,0.892090
-0.360352,0.133545,0.912476
0.562866,-0.324097,1.080688
-0.342285,-0.205200,0.787842
0.197021,0.072876,1.089233
0.227051,-0.415405,0.906250
-0.378662,0.118408,0.894287
0.566406,-0.313110,1.079712
-0.311890,-0.217773,0.800293
0.155273,0.094604,1.083374
0.269775,-0.423340,0.925659
-0.401245,0.100586,0.866943
0.565063,-0.292725,1.087158
-0.280151,-0.232544,0.807251
0.114014,0.124146,1.082520
0.310547,-0.445068,0.939819
-0.417725,0.070679,0.848389
0.551025,-0.265015,1.096680
-0.240967,-0.230103,0.840088
0.074219,0.145630,1.096069
0.349609,-0.444946,0.956909
-0.440918,0.068604,0.837646
0.533691,-0.233276,1.100952
-0.198364,-0.250244,0.851440
0.035522,0.169189,1.096802
0.380737,-0.422485,0.972656
-0.452026,0.084961,0.847412
0.525879,-0.195557,1.106934
-0.146484,-0.262573,0.858154
-0.012451,0.180298,1.093384
0.416626,-0.418213,0.989990
-0.451050,0.057861,0.845825
0.504883,-0.167480,1.118408
-0.098877,-0.270142,0.872437
-0.053345,0.203125,1.088257
0.448364,-0.406372,1.016479
-0.443848,0.030640,0.838013
0.479858,-0.128052,1.123047
-0.029785,-0.310791,0.883423
-0.100342,0.186646,1.067139
0.481323,-0.385864,1.041016
-0.430542,-0.009155,0.831543
0.453369,-0.080566,1.136963
0.037109,-0.348511,0.887573
-0.149780,0.186890,1.055786
0.511719,-0.363647,1.065308
-0.421997,-0.052246,0.818359
0.406128,-0.042969,1.136475
0.060181,-0.350586,0.885864
-0.207275,0.190796,1.032593
0.547363,-0.338989,1.092041
-0.397095,-0.099121,0.804932
0.357300,0.005493,1.129150
0.104492,-0.354614,0.906372
-0.264526,0.193115,1.003052
0.577271,-0.311523,1.115723
-0.359985,-0.159302,0.807739
0.289795,0.044800,1.127075
0.177856,-0.389893,0.921753
-0.304321,0.143555,0.941406
0.590576,-0.290161,1.123657
-0.311279,-0.211426,0.816162
0.212769,0.083374,1.116577
0.252441,-0.412354,0.937500
-0.362427,0.105469,0.884888
0.583618,-0.261108,1.120117
-0.246338,-0.231567,0.844604
0.130859,0.130737,1.117920
0.325806,-0.427002,0.963989
-0.404785,0.091187,0.872925
0.560303,-0.219604,1.121582
-0.179932,-0.231689,0.877808
0.053223,0.163086,1.106567
0.390625,-0.414307,0.992798
-0.439575,0.060303,0.848755
0.535522,-0.151245,1.138184
-0.104370,-0.248657,0.883545
-0.029663,0.197388,1.108154
0.449951,-0.397827,1.030640
-0.441406,0.014160,0.846924
0.493896,-0.105103,1.152466
0.004272,-0.320312,0.892456
-0.106689,0.213623,1.078369
0.500000,-0.353638,1.067749
-0.426025,-0.032593,0.828857
0.438721,-0.052979,1.145996
0.020386,-0.323608,0.890503
-0.179199,0.232910,1.072388
0.540527,-0.315674,1.103516
-0.402832,-0.088013,0.819702
0.379150,-0.007324,1.151733
0.090576,-0.358765,0.904175
-0.247314,0.196045,1.019409
0.578125,-0.295166,1.124146
-0.355835,-0.160645,0.818237
0.303223,0.047241,1.144653
0.173706,-0.391479,0.922363
-0.305298,0.147095,0.948608
0.593994,-0.279785,1.131592
-0.310791,-0.212036,0.826172
0.224121,0.084351,1.134155
0.253418,-0.419556,0.941895
-0.368530,0.118652,0.898804
0.583496,-0.254395,1.129883
-0.254150,-0.227051,0.844849
0.150269,0.131714,1.130005
0.317749,-0.432983,0.964111
-0.409790,0.103760,0.881226
0.567627,-0.212524,1.134521
-0.205078,-0.232422,0.857666
0.075195,0.158325,1.121582
0.375488,-0.412354,0.993774
-0.425171,0.078857,0.869263
0.553589,-0.172729,1.142822
-0.140503,-0.250610,0.872192
0.012207,0.175781,1.105103
0.415649,-0.395874,1.013794
-0.428833,0.038330,0.860840
0.528442,-0.136719,1.149780
-0.058228,-0.299927,0.879150
-0.047607,0.188721,1.092407
0.455444,-0.378784,1.026489
-0.432983,0.008179,0.854858
0.504517,-0.098389,1.168091
-0.018677,-0.334961,0.866333
-0.110962,0.196655,1.087280
0.487793,-0.360474,1.053467
-0.435913,-0.032715,0.836670
0.473633,-0.055176,1.177490
-0.003540,-0.341431,0.874756
-0.170776,0.208374,1.061646
0.516479,-0.333984,1.079956
-0.419800,-0.057495,0.825928
0.431763,-0.039551,1.164551
0.030151,-0.328003,0.894043
-0.215576,0.211304,1.041992
0.548218,-0.321655,1.095337
-0.394409,-0.107788,0.813599
0.366577,0.000610,1.157471
0.072876,-0.340454,0.904907
-0.251587,0.176392,1.008057
0.566772,-0.301636,1.117798
-0.375854,-0.143066,0.807007
0.313965,0.033569,1.147705
0.130981,-0.363892,0.916870
-0.295410,0.156738,0.964478
0.576172,-0.287476,1.112305
-0.340088,-0.183838,0.816406
0.252441,0.072388,1.140747
0.194092,-0.389038,0.917847
-0.347046,0.137207,0.921997
0.579468,-0.261841,1.120972
-0.284668,-0.223389,0.834961
0.171631,0.106323,1.119751
0.253540,-0.415649,0.942749
-0.392456,0.106689,0.885742
0.575317,-0.242676,1.126343
-0.234375,-0.238892,0.859741
0.101074,0.128296,1.107300
0.304565,-0.400391,0.957764
-0.411255,0.081665,0.872192
0.563110,-0.199829,1.138916
-0.184448,-0.257812,0.868042
0.024048,0.134521,1.093994
0.353394,-0.384644,0.982178
-0.430908,0.046631,0.845337
0.538574,-0.160278,1.144775
-0.082764,-0.308594,0.867920
-0.048584,0.154175,1.075928
0.396606,-0.370850,1.000977
-0.444580,0.003540,0.826538
0.508789,-0.113647,1.151733
-0.052124,-0.301270,0.847534
-0.121704,0.190430,1.061890
0.455200,-0.348022,1.032715
-0.452393,-0.038696,0.823730
0.449341,-0.061523,1.164429
-0.023193,-0.310547,0.857788
-0.217285,0.214844,1.046631
0.507935,-0.326538,1.076294
-0.422485,-0.113770,0.798950
0.362305,-0.003174,1.146362
0.049316,-0.334717,0.875000
-0.279785,0.191406,0.987549
0.547485,-0.301636,1.099976
-0.378540,-0.179443,0.786621
0.256714,0.051758,1.132446
0.147583,-0.377319,0.896362
-0.354614,0.151001,0.930664
0.562744,-0.272095,1.103882
-0.325684,-0.227173,0.807617
0.151733,0.091553,1.105835
0.239624,-0.397949,0.923828
-0.403687,0.094238,0.881714
0.542969,-0.222168,1.118774
-0.252808,-0.263916,0.824463
0.054199,0.101685,1.075928
0.308960,-0.383667,0.949097
-0.433838,0.057007,0.852417
0.527222,-0.169067,1.127197
-0.133179,-0.314941,0.832031
-0.045654,0.133301,1.056274
0.375488,-0.363892,0.974731
-0.448486,-0.007812,0.819824
0.478760,-0.122803,1.130737
-0.092407,-0.308350,0.817261
-0.154053,0.179688,1.039795
0.436401,-0.343018,1.024658
-0.446899,-0.074585,0.790771
0.403076,-0.048096,1.143921
-0.037109,-0.309692,0.839722
-0.264526,0.178467,0.985474
0.503174,-0.307617,1.070557
-0.410889,-0.148071,0.776855
0.293823,0.017212,1.121704
0.072754,-0.359253,0.860596
-0.348389,0.150269,0.915283
0.526245,-0.281982,1.078491
-0.340942,-0.239258,0.780640
0.167847,0.069458,1.099854
0.188843,-0.387329,0.899292
-0.425293,0.113159,0.863525
0.527710,-0.223511,1.092773
-0.266235,-0.282837,0.800781
0.038330,0.104126,1.076416
0.282227,-0.405396,0.926392
-0.455566,0.045166,0.819946
0.500854,-0.167236,1.116699
-0.151978,-0.286743,0.823853
-0.066406,0.137329,1.042847
0.358521,-0.393066,0.950439
-0.484253,-0.013184,0.802368
0.455566,-0.111328,1.119507
-0.118286,-0.258301,0.814331
-0.186279,0.181519,1.022705
0.442017,-0.371704,1.013184
-0.490356,-0.095093,0.764526
0.365967,-0.043579,1.113647
-0.036133,-0.302612,0.822998
-0.295166,0.180908,0.959473
0.496826,-0.328491,1.044556
-0.423706,-0.198364,0.753052
0.235352,0.022095,1.102051
0.073975,-0.343872,0.854492
-0.383545,0.159790,0.903809
0.507568,-0.269165,1.069336
-0.373413,-0.240234,0.767456
0.120605,0.067871,1.077393
0.182495,-0.391968,0.886963
-0.438477,0.103394,0.855225
0.509644,-0.224487,1.082031
-0.259399,-0.267578,0.812378
0.013794,0.088257,1.051758
0.248901,-0.404297,0.898682
-0.472778,0.047119,0.794678
0.487427,-0.175293,1.085327
-0.192139,-0.273560,0.801270
-0.075806,0.117676,1.022827
0.322876,-0.410889,0.923340
-0.497437,0.005249,0.778442
0.447998,-0.140259,1.092896
-0.157227,-0.276123,0.794434
-0.167725,0.161255,1.007935
0.378784,-0.381836,0.959473
-0.513184,-0.034180,0.775757
0.406738,-0.080811,1.113647
-0.121826,-0.291260,0.795288
-0.262207,0.185303,0.984253
0.436523,-0.380005,0.986572
-0.500488,-0.070557,0.753784
0.340332,-0.035645,1.098999
-0.069946,-0.299438,0.808472
-0.328125,0.182617,0.941895
0.466797,-0.364868,1.007935
-0.471558,-0.152832,0.725586
0.257690,0.007690,1.088867
0.005005,-0.342896,0.810181
-0.393188,0.183716,0.903320
0.479370,-0.327515,1.020874
-0.447632,-0.190918,0.731812
0.174438,0.039917,1.073486
0.084351,-0.374756,0.845093
-0.450073,0.149780,0.868286
0.483032,-0.282715,1.041626
-0.402588,-0.226685,0.748291
0.086060,0.073486,1.048828
0.157715,-0.397827,0.859131
-0.479614,0.138428,0.844116
0.479248,-0.257690,1.038208
-0.314209,-0.275024,0.758301
0.018066,0.089233,1.033203
0.214355,-0.397583,0.879150
-0.506226,0.101562,0.811035
0.480957,-0.220459,1.044434
-0.264160,-0.271729,0.760498
-0.054932,0.114014,1.019409
0.269409,-0.422363,0.883179
-0.519653,0.069092,0.798340
0.455933,-0.187256,1.060669
-0.241699,-0.278076,0.743164
-0.124146,0.141235,0.996216
0.320923,-0.424683,0.891968
-0.527832,0.031128,0.782715
0.425537,-0.152466,1.055908
-0.217529,-0.311523,0.728271
-0.192017,0.158691,0.963989
0.359619,-0.409180,0.923706
-0.539429,-0.006592,0.759399
0.387939,-0.131836,1.068604
-0.197754,-0.306885,0.738770
-0.221558,0.158569,0.968994
0.377808,-0.406250,0.939941
-0.552368,-0.009766,0.757324
0.367310,-0.107422,1.070312
-0.178833,-0.290161,0.753174
-0.260742,0.161499,0.941772
0.382080,-0.384399,0.943726
-0.552002,-0.027222,0.741577
0.357666,-0.121460,1.062744
-0.170410,-0.308716,0.751831
-0.280029,0.169434,0.942505
0.393311,-0.379761,0.952637
-0.557373,-0.027344,0.736084
0.342529,-0.107666,1.051514
-0.169312,-0.303345,0.763184
-0.297485,0.167114,0.927246
0.400635,-0.383545,0.947754
-0.552734,-0.029907,0.735718
0.330200,-0.093506,1.051880
-0.167114,-0.307983,0.754761
-0.294189,0.160156,0.926392
0.395020,-0.371948,0.951050
-0.567383,-0.024780,0.732788
0.326172,-0.089355,1.048340
-0.160889,-0.322510,0.759277
-0.301147,0.167358,0.927734
0.397461,-0.386841,0.938965
-0.569824,-0.007690,0.735962
0.323730,-0.086792,1.039551
-0.166138,-0.304077,0.756104
-0.293335,0.166870,0.925415
0.392700,-0.388794,0.939575
-0.573975,-0.000854,0.740234
0.328735,-0.088013,1.044556
-0.176392,-0.297729,0.741577
-0.281250,0.169434,0.921631
0.380127,-0.400269,0.928711
-0.578247,0.005127,0.738770
0.349487,-0.119019,1.030151
-0.191162,-0.302124,0.739746
-0.256226,0.154175,0.931030
0.368530,-0.407593,0.916016
-0.584717,0.030273,0.745361
0.374023,-0.139771,1.033203
-0.199463,-0.303711,0.729248
-0.236328,0.163818,0.942749
0.342896,-0.407837,0.896729
-0.572388,0.052124,0.761108
0.375488,-0.164551,1.019165
-0.227295,-0.317505,0.719238
-0.202026,0.145142,0.961304
0.329346,-0.422729,0.897827
-0.588623,0.087402,0.769897
0.403564,-0.175293,1.017578
-0.250854,-0.298462,0.717407
-0.162964,0.127441,0.963745
0.304321,-0.424927,0.880859
-0.598389,0.116333,0.769897
0.415039,-0.202759,0.999023
-0.261841,-0.276367,0.728516
-0.112549,0.123779,0.975952
0.280273,-0.424561,0.870605
-0.595459,0.139404,0.771973
0.426147,-0.219482,0.999268
-0.277954,-0.259521,0.721924
-0.088745,0.119507,0.978760
0.255615,-0.449951,0.856201
-0.591309,0.146606,0.788086
0.433105,-0.234253,0.993774
-0.309204,-0.244629,0.727295
-0.052002,0.127075,0.987427
0.230957,-0.431396,0.850342
-0.593628,0.169678,0.791382
0.439575,-0.265625,0.988281
-0.330322,-0.271240,0.716553
-0.024292,0.128418,0.997925
0.195435,-0.413086,0.840088
-0.582642,0.171875,0.808716
0.447144,-0.277466,0.981934
-0.367188,-0.220337,0.723633
0.000732,0.137695,1.015259
0.176392,-0.419067,0.835083
-0.579590,0.188599,0.809326
0.446533,-0.291626,0.977783
-0.390137,-0.184448,0.742432
0.037476,0.119263,1.019043
0.141846,-0.418335,0.831665
-0.577637,0.208862,0.811401
0.445801,-0.292480,0.975342
-0.404907,-0.196655,0.722900
0.053345,0.108765,1.029297
0.125000,-0.418579,0.817627
-0.578003,0.230835,0.826660
0.447998,-0.302979,0.975464
-0.410156,-0.175537,0.733032
0.066528,0.117676,1.028320
0.100586,-0.410522,0.808472
-0.551392,0.229248,0.834351
0.454468,-0.297729,0.974365
-0.428223,-0.167847,0.728516
0.068604,0.108154,1.030640
0.088135,-0.408936,0.804443
-0.541870,0.223633,0.840942
0.442017,-0.296021,0.970581
-0.424683,-0.182739,0.725952
0.067993,0.105835,1.026367
0.083618,-0.412354,0.799316
-0.550537,0.221069,0.832153
0.452881,-0.297974,0.976685
-0.409546,-0.148926,0.745361
0.064819,0.111328,1.035645
0.095581,-0.406616,0.803101
-0.552734,0.217407,0.828369
0.450684,-0.283691,0.971191
-0.386597,-0.176392,0.737793
0.046265,0.114990,1.024170
0.120117,-0.409058,0.812744
-0.567017,0.227539,0.817627
0.448364,-0.282104,0.975586
-0.359985,-0.228271,0.730469
0.025146,0.120850,1.019653
0.141357,-0.405884,0.817627
-0.576660,0.220459,0.806641
0.456055,-0.265381,0.987427
-0.323486,-0.219727,0.743286
-0.003052,0.139526,1.011475
0.181396,-0.412598,0.818604
-0.591675,0.207031,0.796875
0.445190,-0.248291,0.975098
-0.290039,-0.242065,0.735596
-0.046387,0.146729,0.994263
0.222778,-0.408203,0.847900
-0.600220,0.195190,0.783691
0.436523,-0.213867,0.986328
-0.250732,-0.287231,0.722046
-0.083862,0.156738,0.989258
0.257935,-0.409180,0.859131
-0.599243,0.167725,0.784058
0.425781,-0.193970,0.994263
-0.225342,-0.276367,0.728149
-0.127197,0.172607,0.972046
0.293701,-0.396240,0.873657
-0.599854,0.138794,0.766357
0.407837,-0.173950,0.995239
-0.192993,-0.308716,0.724365
-0.182617,0.174683,0.950195
0.336914,-0.392334,0.894409
-0.594360,0.104126,0.759399
0.378906,-0.138794,0.992676
-0.161987,-0.324219,0.716431
-0.235596,0.173218,0.925537
0.367432,-0.384521,0.908447
-0.584106,0.070435,0.750610
0.345093,-0.100098,1.005493
-0.130127,-0.340088,0.723267
-0.288574,0.180420,0.897217
0.390991,-0.371948,0.923950
-0.563965,0.029297,0.724976
0.294434,-0.046875,1.004395
-0.099243,-0.369263,0.730225
-0.337646,0.190796,0.886963
0.406006,-0.356079,0.928467
-0.559326,-0.006836,0.718140
0.250854,-0.026245,0.992920
-0.063232,-0.372925,0.742310
-0.385742,0.194946,0.877197
0.419922,-0.327148,0.946167
-0.532593,-0.052246,0.714600
0.206787,0.009277,1.002563
-0.024536,-0.387695,0.759521
-0.436157,0.211548,0.864868
0.429688,-0.307129,0.955322
-0.489136,-0.098389,0.727539
0.155396,0.044312,1.011108
0.020020,-0.389526,0.776978
-0.483643,0.233521,0.848022
0.446045,-0.300171,0.964478
-0.449829,-0.117188,0.738525
0.107666,0.088257,1.020508
0.075195,-0.390747,0.795532
-0.523438,0.231567,0.832153
0.448120,-0.272217,0.970947
-0.400024,-0.169678,0.745972
0.069214,0.115479,1.027222
0.121094,-0.399780,0.813354
-0.552002,0.220825,0.808350
0.459717,-0.263916,0.980835
-0.342651,-0.181885,0.755249
0.014893,0.143066,1.017578
0.181030,-0.406128,0.835571
-0.579834,0.223999,0.798462
0.457397,-0.237061,0.987183
-0.287354,-0.225464,0.748779
-0.030029,0.158203,1.003662
0.227417,-0.399170,0.858276
-0.585693,0.196289,0.785400
0.449829,-0.216553,0.995850
-0.233154,-0.267334,0.749146
-0.086182,0.171265,0.978760
0.281006,-0.395508,0.877075
-0.594238,0.166748,0.769531
0.432251,-0.185547,1.000488
-0.178833,-0.288574,0.757324
-0.134033,0.176270,0.958252
0.320801,-0.395996,0.890503
-0.586670,0.125122,0.766724
0.408325,-0.152954,1.007568
-0.132690,-0.324341,0.748047
-0.202026,0.175415,0.922974
0.362915,-0.382935,0.907471
-0.569702,0.089600,0.759521
0.363037,-0.099976,1.008179
-0.095459,-0.357788,0.739014
-0.252808,0.171265,0.899902
0.396606,-0.359375,0.925659
-0.556396,0.033203,0.742798
0.312744,-0.070312,0.993652
-0.059082,-0.387329,0.743408
-0.323853,0.172729,0.879150
0.423950,-0.335571,0.951294
-0.531616,-0.034302,0.724976
0.247314,-0.014771,0.988892
-0.018433,-0.395264,0.748291
-0.386353,0.186646,0.854858
0.441284,-0.315308,0.957886
-0.496582,-0.085327,0.725464
0.191040,0.040283,1.015259
0.029175,-0.388916,0.781372
-0.455200,0.207886,0.838379
0.449829,-0.306152,0.963379
-0.450439,-0.133423,0.744019
0.125977,0.087769,1.023682
0.078247,-0.397949,0.794434
-0.509888,0.210571,0.811646
0.461426,-0.279541,0.973267
-0.380615,-0.147461,0.762085
0.061035,0.116089,1.023926
0.151245,-0.398071,0.834229
-0.557495,0.196777,0.795776
0.456787,-0.254761,0.980713
-0.312256,-0.182861,0.762817
-0.009155,0.156250,1.006226
0.227173,-0.406372,0.845703
-0.570679,0.173950,0.786011
0.453003,-0.211182,0.986938
-0.162720,-0.311401,0.729858
-0.205200,0.174927,0.929810
0.352051,-0.374878,0.907593
-0.581421,0.079224,0.741699
0.343262,-0.092529,1.001099
-0.113159,-0.361816,0.714722
-0.288818,0.183716,0.906494
0.396973,-0.367798,0.915527
-0.564941,0.031006,0.726074
0.291016,-0.045532,1.000977
-0.071899,-0.374512,0.730835
-0.357788,0.198853,0.886108
0.424561,-0.356079,0.936157
-0.542236,-0.045654,0.713135
0.219727,0.004395,0.995972
-0.024292,-0.377808,0.752930
-0.425781,0.216187,0.866699
0.438721,-0.330566,0.950317
-0.500977,-0.086792,0.726440
0.168701,0.041626,1.013794
0.019653,-0.360840,0.776978
-0.477905,0.232422,0.857056
0.455322,-0.313599,0.967163
-0.447876,-0.125000,0.747437
0.112915,0.086792,1.023071
0.079468,-0.378784,0.803101
-0.516724,0.228760,0.841553
0.455078,-0.270752,0.980225
-0.384033,-0.164917,0.746216
0.052490,0.112305,1.016968
0.144287,-0.397949,0.832275
-0.555664,0.215088,0.810425
0.451660,-0.242676,0.982056
-0.301270,-0.190552,0.758423
-0.009399,0.157471,1.007690
0.213013,-0.398926,0.852539
-0.575317,0.184814,0.786743
0.441040,-0.207275,0.987305
-0.235474,-0.259888,0.755737
-0.066650,0.167847,0.991333
0.273804,-0.391357,0.874634
-0.585327,0.156128,0.778076
0.428955,-0.172119,1.005737
-0.174683,-0.300659,0.748535
-0.141602,0.166260,0.946899
0.325928,-0.395142,0.896606
-0.582031,0.123535,0.767212
0.393921,-0.124268,1.005737
-0.124512,-0.326660,0.744263
-0.203979,0.162109,0.920532
0.371338,-0.381104,0.914795
-0.561157,0.081299,0.759399
0.348633,-0.066040,1.010132
-0.076294,-0.362427,0.741089
-0.281494,0.175659,0.886719
0.399048,-0.368774,0.926147
-0.547852,0.007812,0.736450
0.293457,-0.046021,0.999634
-0.044189,-0.369019,0.739624
-0.348633,0.184204,0.867432
0.432617,-0.354858,0.939697
-0.522583,-0.043945,0.719727
0.229248,0.003174,0.999268
-0.008545,-0.386963,0.751831
-0.419678,0.203613,0.856689
0.458130,-0.336304,0.953735
-0.484619,-0.095459,0.737305
0.164429,0.044312,1.014404
0.046631,-0.393555,0.778198
-0.477051,0.214111,0.841064
0.464844,-0.307495,0.971558
-0.439575,-0.133301,0.756470
0.103027,0.090332,1.018188
0.101318,-0.401855,0.802368
-0.517334,0.206665,0.813843
0.466309,-0.280029,0.982666
-0.358521,-0.159546,0.780396
0.034790,0.120728,1.009155
0.157471,-0.405884,0.829834
-0.552490,0.191040,0.794067
0.465942,-0.235718,0.997192
-0.289795,-0.193848,0.769165
-0.021973,0.152832,0.997681
0.225952,-0.417480,0.857056
-0.568481,0.165649,0.771240
0.459717,-0.217163,0.996460
-0.238159,-0.217773,0.779053
-0.073730,0.170776,0.982788
0.282837,-0.421021,0.875366
-0.579834,0.134399,0.765991
0.437134,-0.196045,1.001221
-0.169556,-0.278076,0.775146
-0.125977,0.172119,0.965332
0.331787,-0.408203,0.895386
-0.572388,0.128052,0.775513
0.407837,-0.149048,1.008057
-0.122070,-0.325562,0.764526
-0.181885,0.166260,0.927734
0.370483,-0.412842,0.908936
-0.558350,0.085571,0.768555
0.378418,-0.114746,1.006836
-0.083740,-0.351318,0.766357
-0.237183,0.155396,0.901245
0.406006,-0.390747,0.928589
-0.554810,0.029297,0.748291
0.329956,-0.079834,0.999756
-0.036865,-0.391846,0.754150
-0.313843,0.168457,0.875488
0.431763,-0.371582,0.941528
-0.516724,-0.033081,0.748535
0.270996,-0.039185,0.998535
-0.003662,-0.405396,0.753662
-0.368896,0.151489,0.845703
0.449585,-0.372314,0.941162
-0.498535,-0.062256,0.744385
0.225098,0.001343,1.009644
0.025269,-0.396729,0.767090
-0.428101,0.169556,0.837036
0.467896,-0.357178,0.951660
-0.462158,-0.101074,0.754150
0.160522,0.048828,1.016968
0.066650,-0.404541,0.783569
-0.474487,0.176514,0.810669
0.472656,-0.333740,0.965820
-0.417603,-0.138306,0.751953
0.102783,0.087769,1.022217
0.123657,-0.414062,0.805298
-0.520020,0.162109,0.789185
0.470581,-0.302490,0.975952
-0.364136,-0.181274,0.768921
0.035156,0.126587,1.019531
0.194702,-0.432739,0.840576
-0.542480,0.145996,0.773193
0.476440,-0.271729,0.996094
-0.298096,-0.195923,0.784058
-0.025146,0.151733,1.006592
0.264160,-0.442017,0.864624
-0.553711,0.113647,0.763062
0.457031,-0.238037,1.004272
-0.220703,-0.237305,0.789185
-0.077759,0.158325,0.983398
0.304810,-0.429810,0.889282
-0.558472,0.112671,0.777100
0.434326,-0.205566,0.998169
-0.160522,-0.290771,0.792358
-0.133667,0.154785,0.968628
0.349121,-0.419556,0.903809
-0.557617,0.084473,0.763306
0.403564,-0.166626,1.004395
-0.099976,-0.352539,0.779419
-0.196289,0.149292,0.935791
0.388550,-0.423340,0.920898
-0.543945,0.050415,0.771729
0.372314,-0.127930,1.014404
-0.053589,-0.356445,0.786865
-0.241821,0.145020,0.899902
0.418335,-0.413696,0.932007
-0.526611,-0.007446,0.759155
0.328247,-0.081299,1.018799
-0.015503,-0.401611,0.764526
-0.303345,0.131958,0.875366
0.442261,-0.405396,0.938599
-0.503662,-0.058105,0.747803
0.277954,-0.041138,1.013794
0.023438,-0.411133,0.770264
-0.344482,0.135010,0.850098
0.449585,-0.386719,0.950439
-0.486328,-0.102905,0.749512
0.236206,0.000366,1.023926
0.055664,-0.417114,0.777832
-0.399170,0.144043,0.836060
0.468872,-0.366089,0.972900
-0.465210,-0.136230,0.737549
0.183350,0.032837,1.021729
0.085938,-0.409790,0.792603
-0.435303,0.137573,0.818115
0.481079,-0.357056,0.968872
-0.429443,-0.158325,0.745483
0.135254,0.055176,1.023438
0.127930,-0.424316,0.813110
-0.464478,0.142334,0.807373
0.489746,-0.334595,0.993408
-0.391479,-0.195923,0.753784
0.077759,0.078491,1.028076
0.182617,-0.456787,0.820435
-0.493286,0.127563,0.787231
0.493530,-0.319092,0.983887
-0.344238,-0.211182,0.765381
0.029053,0.105713,1.017578
0.235596,-0.462891,0.843262
-0.507935,0.091187,0.759155
0.487183,-0.289551,1.002808
-0.284546,-0.205933,0.794189
-0.027832,0.131836,1.010742
0.285889,-0.474365,0.867676
-0.527100,0.081787,0.767212
0.462158,-0.235840,1.016602
-0.225586,-0.223877,0.801636
-0.070190,0.142944,1.000488
0.326538,-0.466187,0.894409
-0.534302,0.089966,0.780884
0.443359,-0.218384,1.026733
-0.173950,-0.265381,0.806030
-0.114258,0.145874,0.990845
0.359863,-0.452271,0.914062
-0.520264,0.073853,0.786255
0.421631,-0.187134,1.026367
-0.110962,-0.289795,0.818237
-0.159058,0.142944,0.969971
0.395386,-0.455322,0.922852
-0.518188,0.038086,0.776978
0.393799,-0.141724,1.031616
-0.058472,-0.334595,0.812988
-0.198853,0.133789,0.944580
0.424683,-0.440308,0.928223
-0.510864,0.000488,0.769043
0.362427,-0.117310,1.028809
-0.007202,-0.380859,0.808350
-0.248413,0.127319,0.920288
0.444336,-0.427734,0.958252
-0.483887,-0.058105,0.755859
0.325928,-0.072266,1.036377
0.018066,-0.389893,0.800781
-0.284058,0.135010,0.897949
0.465820,-0.417603,0.968140
-0.474121,-0.102417,0.754517
0.288574,-0.043213,1.031128
0.050659,-0.401978,0.809570
-0.319702,0.129028,0.892822
0.488281,-0.407227,0.973755
-0.454224,-0.125854,0.751221
0.248291,-0.009766,1.030518
0.078735,-0.408325,0.811890
-0.357178,0.131592,0.873535
0.504150,-0.391968,0.996826
-0.437378,-0.165771,0.755493
0.197876,0.025879,1.038330
0.107544,-0.411865,0.826050
-0.395142,0.136475,0.856934
0.518066,-0.370850,1.000244
-0.411987,-0.184204,0.760132
0.152100,0.042236,1.037720
0.167114,-0.436768,0.841797
-0.427490,0.123535,0.838989
0.515747,-0.352661,1.010742
-0.370239,-0.202026,0.769043
0.106323,0.080688,1.040039
0.230103,-0.462891,0.861084
-0.456665,0.093872,0.808594
0.519775,-0.332642,1.024292
-0.321167,-0.231812,0.773438
0.050537,0.107300,1.041382
0.268921,-0.455566,0.878052
-0.463623,0.064941,0.795410
0.505493,-0.295776,1.032715
-0.268188,-0.239502,0.798218
-0.001831,0.123779,1.034912
0.323364,-0.468628,0.895142
-0.484741,0.078613,0.795898
0.482788,-0.246826,1.044434
-0.201050,-0.248901,0.824951
-0.043457,0.136108,1.032349
0.355957,-0.458862,0.919800
-0.488159,0.062866,0.795898
0.464355,-0.199463,1.052124
-0.149292,-0.263062,0.837524
-0.081787,0.147705,1.026367
0.391724,-0.448486,0.947876
-0.500854,0.050781,0.793945
0.449707,-0.150879,1.075562
-0.094482,-0.267334,0.849976
-0.123291,0.146851,1.013550
0.422241,-0.445312,0.971558
-0.482178,0.004272,0.789917
0.413696,-0.108643,1.078613
-0.029541,-0.338623,0.843750
-0.166382,0.147095,0.999146
0.459106,-0.429199,0.987183
-0.470581,-0.021851,0.786377
0.386841,-0.099854,1.062988
0.024414,-0.365723,0.849609
-0.199097,0.142700,0.973633
0.481934,-0.404785,1.009033
-0.451172,-0.067871,0.780151
0.353760,-0.072876,1.069580
0.061035,-0.386597,0.842529
-0.239380,0.144043,0.965820
0.505249,-0.382690,1.021729
-0.435425,-0.099243,0.776245
0.325562,-0.034302,1.072998
0.077148,-0.381958,0.854370
-0.286621,0.147095,0.937500
0.530884,-0.368286,1.040527
-0.417358,-0.142578,0.773071
0.271851,0.003540,1.076660
0.117188,-0.393555,0.862915
-0.333496,0.158447,0.931885
0.553833,-0.356445,1.051025
-0.394165,-0.160034,0.779663
0.219360,0.033081,1.070435
0.178833,-0.415649,0.884888
-0.368286,0.128296,0.893921
0.549805,-0.328491,1.060547
-0.349854,-0.205322,0.780518
0.170898,0.067871,1.064331
0.226685,-0.426514,0.894775
-0.396606,0.102783,0.860474
0.553711,-0.312378,1.062866
-0.306641,-0.227783,0.796997
0.127075,0.104248,1.082886
0.282104,-0.441284,0.908813
-0.422241,0.084595,0.830444
0.541626,-0.289062,1.069946
-0.262939,-0.227417,0.816650
0.078979,0.130249,1.088989
0.333496,-0.448486,0.936523
-0.444214,0.077759,0.832397
0.522339,-0.249878,1.075195
-0.209106,-0.244263,0.841797
0.028076,0.140015,1.078613
0.375244,-0.439819,0.969116
-0.463379,0.084473,0.833496
0.506348,-0.189087,1.098755
-0.156128,-0.256104,0.849854
-0.023071,0.170288,1.077515
0.409668,-0.427979,0.991333
-0.463745,0.057983,0.823364
0.491699,-0.161743,1.106445
-0.093872,-0.286621,0.865234
-0.070923,0.176514,1.072510
0.460449,-0.424316,1.011963
-0.454224,0.025513,0.828491
0.467896,-0.107300,1.110718
-0.020996,-0.322388,0.871460
-0.118896,0.180786,1.050171
0.488037,-0.417114,1.020142
-0.440796,-0.004761,0.825562
0.437012,-0.076294,1.126953
0.030762,-0.347168,0.879639
-0.157715,0.177734,1.041260
0.507324,-0.387939,1.047607
-0.433105,-0.059204,0.812012
0.411865,-0.040649,1.132324
0.064209,-0.346069,0.887817
-0.212158,0.181152,1.015869
0.533325,-0.380127,1.056030
-0.401855,-0.086548,0.804932
0.374390,-0.016724,1.128784
0.069702,-0.330566,0.897705
-0.241699,0.183594,1.013306
0.556396,-0.348511,1.073853
-0.386230,-0.124634,0.800415
0.332520,0.016357,1.124146
0.118652,-0.356201,0.906860
-0.285889,0.189575,0.997070
0.567017,-0.333008,1.090576
-0.362671,-0.162598,0.797119
0.300293,0.038086,1.121582
0.161499,-0.370117,0.921631
-0.310425,0.160645,0.959106
0.581177,-0.311035,1.109375
-0.341919,-0.199219,0.799561
0.244751,0.068604,1.116333
0.215088,-0.401611,0.934326
-0.334229,0.148682,0.935303
0.585083,-0.293457,1.104858
-0.325439,-0.202759,0.810669
0.208496,0.077515,1.105469
0.260498,-0.425903,0.944946
-0.354736,0.110107,0.900269
0.578857,-0.276245,1.111328
-0.284424,-0.229980,0.819702
0.164551,0.099609,1.111450
0.301636,-0.420654,0.959717
-0.380127,0.093018,0.882812
0.571777,-0.260620,1.118286
-0.260742,-0.230469,0.835938
0.126343,0.118896,1.108032
0.334106,-0.433960,0.963379
-0.394897,0.091675,0.869385
0.571899,-0.231323,1.125366
-0.223755,-0.235962,0.841797
0.087524,0.137939,1.108398
0.365601,-0.438110,0.983032
-0.418579,0.083130,0.867188
0.559448,-0.197876,1.130127
-0.194580,-0.238647,0.858643
0.053833,0.160645,1.119385
0.403442,-0.422852,1.002563
-0.427612,0.080566,0.862061
0.549316,-0.174194,1.144287
-0.157593,-0.250122,0.868774
0.008179,0.172119,1.107178
0.421265,-0.416382,1.010254
-0.427490,0.065186,0.862061
0.540283,-0.153320,1.147217
-0.100220,-0.264160,0.889038
-0.036011,0.192261,1.103882
0.439697,-0.410400,1.016235
-0.420044,0.035889,0.869873
0.520386,-0.117676,1.159058
-0.045654,-0.290161,0.897339
-0.062866,0.186401,1.085938
0.463745,-0.394165,1.039917
-0.432129,0.004272,0.848999
0.505737,-0.086060,1.174316
-0.008057,-0.313354,0.900757
-0.093872,0.187012,1.081543
0.486450,-0.382690,1.047241
-0.427002,-0.014771,0.839111
0.475952,-0.058472,1.167847
0.001587,-0.308472,0.891113
-0.124634,0.197632,1.074829
0.508301,-0.364014,1.057251
-0.427856,-0.028076,0.833740
0.454834,-0.038574,1.171143
0.018066,-0.316772,0.890137
-0.169922,0.212158,1.070190
0.531616,-0.343994,1.082153
-0.404541,-0.049561,0.834839
0.420654,-0.000854,1.167114
0.038330,-0.342407,0.887573
-0.207886,0.204712,1.046387
0.563354,-0.336060,1.102661
-0.401123,-0.072144,0.825439
0.382202,0.019409,1.162231
0.083496,-0.354126,0.901123
-0.242310,0.190186,1.028320
0.571289,-0.315552,1.117065
-0.384766,-0.122314,0.812988
0.349976,0.030396,1.157837
0.120117,-0.347778,0.920410
-0.284058,0.181274,0.992310
0.582520,-0.306763,1.123413
-0.350586,-0.160400,0.826660
0.301025,0.052124,1.145630
0.165649,-0.372925,0.933105
-0.311768,0.150513,0.949219
0.584839,-0.301270,1.109253
-0.331787,-0.207886,0.819702
0.249878,0.076904,1.145874
0.216431,-0.409424,0.927979
-0.344849,0.136475,0.931763
0.581055,-0.289673,1.114502
-0.297974,-0.222778,0.827148
0.205933,0.093140,1.128296
0.269897,-0.399536,0.954956
-0.385254,0.132446,0.903687
0.575806,-0.253906,1.124512
-0.260620,-0.236328,0.836792
0.152344,0.124390,1.130249
0.300293,-0.417969,0.962158
-0.408569,0.115845,0.894287
0.567871,-0.230591,1.128174
-0.236572,-0.258667,0.837891
0.098511,0.137817,1.127075
0.336426,-0.410400,0.973877
-0.417236,0.096924,0.880127
0.558105,-0.201660,1.129517
-0.200439,-0.271240,0.846313
0.046387,0.146484,1.103149
0.368652,-0.402710,0.988770
-0.421265,0.069214,0.867798
0.538208,-0.175293,1.138184
-0.143799,-0.293091,0.855713
0.009644,0.145020,1.098389
0.382812,-0.382935,0.997803
-0.436035,0.038574,0.852417
0.538574,-0.155151,1.153931
-0.087891,-0.310547,0.862305
-0.033447,0.163330,1.083130
0.403320,-0.371582,1.004883
-0.439087,0.020020,0.842651
0.524780,-0.130859,1.155151
-0.074341,-0.323120,0.849976
-0.080322,0.175293,1.073364
0.431763,-0.369141,1.008179
-0.442383,-0.004272,0.835449
0.499268,-0.111572,1.157715
-0.072266,-0.327393,0.829468
-0.120972,0.175659,1.053345
0.460815,-0.363281,1.033691
-0.445190,-0.014771,0.832764
0.481445,-0.068359,1.167847
-0.060791,-0.318970,0.831665
-0.158081,0.181519,1.036865
0.474854,-0.349731,1.046021
-0.436890,-0.039551,0.823486
0.449585,-0.038086,1.168701
-0.043701,-0.307617,0.845703
-0.208374,0.193481,1.033447
0.497192,-0.341431,1.057739
-0.440918,-0.054077,0.816528
0.413818,-0.018066,1.167847
-0.019165,-0.324951,0.850464
-0.236572,0.205078,1.026611
0.513672,-0.328979,1.066528
-0.436157,-0.091187,0.786133
0.385742,-0.026611,1.148438
0.012207,-0.317139,0.870605
-0.276001,0.199219,0.994263
0.520142,-0.333130,1.063232
-0.412354,-0.132935,0.778442
0.346069,0.002075,1.147217
0.044922,-0.327515,0.877319
-0.307373,0.187378,0.975952
0.528442,-0.322510,1.065552
-0.396606,-0.137207,0.784668
0.313232,0.021851,1.142334
0.068359,-0.341797,0.872559
-0.325806,0.157715,0.939819
0.530396,-0.323608,1.070190
-0.388916,-0.177856,0.776733
0.276001,0.057495,1.135376
0.098877,-0.372314,0.871582
-0.353638,0.167358,0.935059
0.526611,-0.308716,1.068115
-0.380981,-0.199463,0.767822
0.244629,0.050293,1.121826
0.129761,-0.395996,0.876221
-0.378906,0.161621,0.916504
0.518677,-0.295776,1.062988
-0.371338,-0.210571,0.774292
0.206055,0.067017,1.112671
0.148682,-0.397583,0.882446
-0.401489,0.151123,0.909302
0.536377,-0.297974,1.075195
-0.375610,-0.222412,0.778320
0.177490,0.071777,1.099854
0.166260,-0.391479,0.885132
-0.427734,0.145020,0.885376
0.532715,-0.285034,1.079590
-0.355347,-0.233887,0.771973
0.142456,0.082031,1.091675
0.188354,-0.383179,0.891846
-0.438965,0.133545,0.882324
0.534668,-0.274048,1.083618
-0.354736,-0.236450,0.776123
0.103760,0.098267,1.084106
0.201050,-0.391602,0.892944
-0.439087,0.114868,0.872803
0.523438,-0.268433,1.074219
-0.345093,-0.237427,0.784790
0.087769,0.093018,1.076416
0.217896,-0.402466,0.889038
-0.456909,0.116333,0.862305
0.517212,-0.252441,1.071533
-0.326172,-0.239136,0.781006
0.067627,0.091919,1.066284
0.224365,-0.407837,0.893799
-0.466309,0.108887,0.853394
0.516479,-0.256348,1.074463
-0.314331,-0.240234,0.790161
0.046265,0.092407,1.050903
0.238647,-0.411743,0.886353
-0.471924,0.099365,0.837646
0.504883,-0.248779,1.071899
-0.290039,-0.248169,0.785278
0.034180,0.097778,1.049438
0.243774,-0.406494,0.892700
-0.485352,0.082642,0.825562
0.497314,-0.242065,1.062622
-0.273682,-0.264282,0.778076
0.019409,0.109009,1.052734
0.248169,-0.402832,0.884644
-0.490967,0.079590,0.821045
0.491333,-0.243774,1.056030
-0.268799,-0.282959,0.772095
0.001953,0.113892,1.041260
0.258423,-0.411987,0.889648
-0.507080,0.091553,0.820923
0.485962,-0.250977,1.053833
-0.271484,-0.284790,0.764404
-0.011353,0.115234,1.029297
0.268311,-0.417236,0.893311
-0.509399,0.090088,0.806396
0.478760,-0.225952,1.051392
-0.268433,-0.280396,0.762085
-0.011230,0.117188,1.028931
0.259888,-0.410889,0.887573
-0.520142,0.082397,0.796631
0.480957,-0.233276,1.056763
-0.269043,-0.303101,0.754761
-0.023682,0.112671,1.017700
0.267090,-0.412842,0.884766
-0.530884,0.088745,0.802612
0.478760,-0.230835,1.050903
-0.275146,-0.287598,0.753296
-0.026855,0.114746,1.023804
0.254272,-0.411865,0.880615
-0.529907,0.081665,0.799683
0.469116,-0.240723,1.046753
-0.280151,-0.268311,0.756226
-0.029297,0.118286,1.017456
0.257935,-0.418945,0.878174
-0.540039,0.102173,0.799683
0.467529,-0.250122,1.036133
-0.275391,-0.264648,0.745850
-0.038330,0.115845,1.006836
0.249023,-0.422852,0.868652
-0.541260,0.092529,0.795044
0.474487,-0.241943,1.035522
-0.281006,-0.278564,0.739136
-0.050537,0.135010,1.011963
0.255005,-0.430054,0.859619
-0.546875,0.092407,0.791504
0.464966,-0.246704,1.035400
-0.292603,-0.265259,0.742920
-0.044922,0.124512,1.003784
0.242554,-0.427979,0.866943
-0.545044,0.093506,0.792358
0.456177,-0.233521,1.029053
-0.300781,-0.263184,0.743652
-0.024658,0.112671,1.009033
0.234131,-0.440552,0.856445
-0.558105,0.118042,0.793213
0.463501,-0.247437,1.028687
-0.312134,-0.274414,0.728638
-0.026001,0.109619,1.010620
0.228882,-0.435425,0.859131
-0.564087,0.121216,0.795532
0.459473,-0.262817,1.017212
-0.324463,-0.226929,0.756592
-0.011963,0.097168,1.009766
0.210815,-0.429688,0.852417
-0.556519,0.136597,0.793579
0.465210,-0.162964,1.084839
-0.335449,-0.224609,0.745728
-0.074097,0.134155,1.024414
0.185425,-0.415039,0.841553
-0.523193,0.062866,0.792847
0.484375,-0.193970,1.086914
-0.201660,-0.301880,0.770630
-0.064209,0.137329,1.017456
0.320312,-0.410522,0.915527
-0.517334,0.073242,0.804199
0.483887,-0.205811,1.078735
-0.230591,-0.282837,0.772339
-0.045166,0.109253,1.023804
0.295044,-0.410645,0.906494
-0.518066,0.074585,0.800781
0.489014,-0.225220,1.068237
-0.249756,-0.271240,0.779785
-0.031250,0.117554,1.018677
0.273804,-0.415039,0.897827
-0.515625,0.085449,0.804199
0.484619,-0.233032,1.063965
-0.267578,-0.266235,0.772949
-0.009277,0.117920,1.026367
0.250366,-0.424561,0.862305
-0.513306,0.091675,0.812500
0.493408,-0.259521,1.053833
-0.304810,-0.242920,0.768677
0.014648,0.101196,1.037476
0.228027,-0.414185,0.865845
-0.508179,0.106079,0.822144
0.488403,-0.255127,1.049316
-0.335938,-0.237793,0.759888
0.032959,0.099609,1.041626
0.203491,-0.419189,0.862427
-0.507446,0.128784,0.836060
0.484863,-0.267578,1.040894
-0.372559,-0.222900,0.755127
0.058228,0.091064,1.049072
0.171997,-0.427124,0.858154
-0.499634,0.133301,0.836304
0.475708,-0.283081,1.024902
-0.401001,-0.190186,0.761841
0.075806,0.073486,1.052002
0.149292,-0.431030,0.841553
-0.500000,0.163330,0.849487
0.484741,-0.295898,1.026855
-0.428589,-0.198730,0.748047
0.094971,0.054932,1.047607
0.126099,-0.419922,0.832764
-0.505249,0.182373,0.852051
0.475830,-0.310181,1.014771
-0.443604,-0.200195,0.738403
0.121460,0.048828,1.052002
0.091675,-0.409180,0.823608
-0.496338,0.173706,0.851440
0.473389,-0.333862,1.006226
-0.468872,-0.174316,0.726074
0.138916,0.056274,1.054565
0.064819,-0.393433,0.806885
-0.481812,0.195312,0.871216
0.468262,-0.357056,0.986572
-0.500366,-0.166992,0.703979
0.151367,0.036133,1.041260
0.048340,-0.379150,0.811279
-0.474976,0.212524,0.887207
0.453979,-0.334717,0.994141
-0.511841,-0.159790,0.692505
0.170166,0.021851,1.040039
0.022095,-0.388428,0.806396
-0.463989,0.192871,0.877319
0.449829,-0.350586,0.988525
-0.515991,-0.118042,0.710571
0.193848,0.019653,1.050049
-0.000488,-0.390015,0.794067
-0.442627,0.194824,0.891113
0.441528,-0.357422,0.973267
-0.533936,-0.112671,0.694092
0.211548,0.008301,1.047974
-0.024414,-0.384888,0.786377
-0.440796,0.206055,0.890991
0.439453,-0.353394,0.971924
-0.534302,-0.101318,0.697632
0.216797,0.002441,1.043335
-0.046143,-0.383911,0.775879
-0.430786,0.195557,0.891113
0.426270,-0.365356,0.963867
-0.538086,-0.080688,0.702759
0.235962,-0.010132,1.040771
-0.063477,-0.370239,0.776978
-0.428345,0.205322,0.899414
0.427612,-0.366943,0.967407
-0.537231,-0.082520,0.704468
0.231689,-0.006470,1.035522
-0.072266,-0.356934,0.778442
-0.410278,0.192749,0.890625
0.419189,-0.372925,0.953979
-0.551636,-0.070312,0.697388
0.241943,-0.025269,1.041260
-0.077148,-0.356079,0.770142
-0.411865,0.195068,0.890259
0.414307,-0.382812,0.942261
-0.552734,-0.043945,0.706177
0.247070,-0.030762,1.024780
-0.082153,-0.356201,0.765991
-0.395264,0.197998,0.895630
0.401855,-0.364380,0.942871
-0.554810,-0.060791,0.699463
0.250488,-0.044189,1.025269
-0.088013,-0.362061,0.762085
-0.411011,0.224243,0.905396
0.408569,-0.352417,0.944702
-0.563354,-0.068481,0.697144
0.247070,-0.047852,1.021729
-0.096436,-0.364624,0.758301
-0.398071,0.211304,0.903198
0.414795,-0.361084,0.942993
-0.561890,-0.043579,0.713501
0.237305,-0.030518,1.022827
-0.081299,-0.364868,0.757202
-0.409546,0.206177,0.902100
0.409546,-0.356934,0.946289
-0.571533,-0.043091,0.692261
0.235229,-0.032837,1.016357
-0.073486,-0.377197,0.759766
-0.419678,0.214600,0.895508
0.410767,-0.368042,0.935791
-0.563354,-0.066895,0.699707
0.214478,-0.019653,1.010620
-0.067627,-0.380371,0.760498
-0.425171,0.225952,0.900879
0.414917,-0.349365,0.940796
-0.550903,-0.069702,0.697510
0.210693,-0.017456,1.012695
-0.060059,-0.387939,0.760498
-0.447388,0.233765,0.883301
0.419067,-0.355835,0.949097
-0.540894,-0.082275,0.703979
0.209351,-0.005981,1.016846
-0.054810,-0.376953,0.759155
-0.466309,0.234131,0.877808
0.438232,-0.374390,0.944702
-0.534790,-0.109985,0.687622
0.187256,0.026489,1.019531
-0.040283,-0.380737,0.762329
-0.465576,0.240723,0.887207
0.437988,-0.358398,0.953491
-0.533325,-0.109741,0.685303
0.166992,0.038330,1.019043
-0.014282,-0.400146,0.765991
-0.493652,0.257690,0.882446
0.443604,-0.351440,0.950317
-0.519531,-0.099731,0.705688
0.161255,0.039185,1.026733
-0.002563,-0.404785,0.770630
-0.498779,0.250854,0.871948
0.445923,-0.336548,0.958374
-0.508789,-0.120239,0.699341
0.141235,0.066895,1.029175
0.017334,-0.397949,0.779785
-0.509277,0.238647,0.867432
0.442383,-0.331421,0.950684
-0.494385,-0.112915,0.716919
0.128784,0.072754,1.020020
0.043945,-0.403564,0.782959
-0.520020,0.238159,0.854858
0.447632,-0.309570,0.954590
-0.470581,-0.128052,0.718384
0.102905,0.098877,1.024536
0.063354,-0.397339,0.785156
-0.527710,0.236572,0.852661
0.458496,-0.315918,0.971313
-0.456421,-0.118652,0.740112
0.082886,0.101196,1.015015
0.093262,-0.408081,0.803589
-0.534668,0.229370,0.847168
0.446533,-0.284912,0.976685
-0.443848,-0.142822,0.723877
0.077759,0.114258,1.019897
0.116333,-0.417358,0.806396
-0.549316,0.227051,0.842896
0.455078,-0.274780,0.981201
-0.413818,-0.152710,0.739136
0.053101,0.108032,1.006592
0.131470,-0.419067,0.819702
-0.546021,0.229126,0.827881
0.445923,-0.257202,0.979492
-0.394897,-0.156128,0.740601
0.040039,0.118774,1.015991
0.146118,-0.430908,0.810181
-0.566040,0.235229,0.824097
0.445923,-0.256836,0.967896
-0.374268,-0.170288,0.743896
0.033813,0.122314,1.009521
0.153931,-0.422485,0.823364
-0.559082,0.217041,0.820190
0.453491,-0.254272,0.978027
-0.379883,-0.154053,0.746460
0.036377,0.120361,1.015503
0.162231,-0.410889,0.833618
-0.562378,0.200562,0.814453
0.452026,-0.245972,0.986328
-0.365845,-0.171875,0.748901
0.024048,0.138062,1.006226
0.179199,-0.415283,0.836548
-0.565063,0.205200,0.808105
0.450806,-0.236938,0.984253
-0.367676,-0.183838,0.737183
0.019043,0.129028,1.004395
0.189697,-0.425537,0.834717
-0.565063,0.198242,0.815308
0.447388,-0.227417,0.993408
-0.363159,-0.160278,0.742065
0.012207,0.135376,1.006958
0.196533,-0.422852,0.839233
-0.567017,0.214966,0.818604
0.453491,-0.230713,0.982178
-0.367798,-0.164062,0.739014
0.026733,0.117676,1.004272
0.187866,-0.429199,0.840454
-0.554688,0.211670,0.813965
0.448608,-0.221924,0.988525
-0.381958,-0.154297,0.731445
0.035034,0.117920,1.014526
0.183960,-0.423584,0.831055
-0.562622,0.219360,0.816284
0.461426,-0.233643,0.993042
-0.376709,-0.149170,0.753418
0.044067,0.123291,1.008301
0.164673,-0.415771,0.829590
-0.555542,0.217163,0.822510
0.468628,-0.255737,0.983276
-0.386108,-0.138428,0.749390
0.051636,0.130859,1.009888
0.162842,-0.394287,0.829224
-0.545776,0.213135,0.813599
0.458374,-0.257812,0.977417
-0.404541,-0.142334,0.744995
0.059692,0.120850,1.014404
0.150024,-0.421875,0.819336
-0.533569,0.201294,0.818970
0.462036,-0.256714,0.991089
-0.424072,-0.121460,0.742676
0.076294,0.119751,1.014771
0.145508,-0.431030,0.821411
-0.528931,0.206909,0.821655
0.462646,-0.266602,0.981079
-0.434570,-0.098633,0.750488
0.088257,0.106445,1.014160
0.135620,-0.426636,0.806641
-0.518433,0.208862,0.821167
0.459351,-0.266235,0.979248
-0.440308,-0.106689,0.742798
0.100098,0.106689,1.024292
0.120605,-0.433716,0.805908
-0.511597,0.211670,0.827637
0.457886,-0.264648,0.981079
-0.449219,-0.094116,0.750488
0.124756,0.082397,1.015869
0.096924,-0.429810,0.801270
-0.501221,0.213867,0.825195
0.464478,-0.292358,0.974731
-0.463623,-0.088867,0.735229
0.140503,0.077881,1.026611
0.083496,-0.416504,0.795532
-0.467896,0.193359,0.838013
0.460083,-0.300415,0.968506
-0.494751,-0.074951,0.730591
0.162598,0.070312,1.022583
0.068115,-0.417114,0.790405
-0.459351,0.184937,0.829346
0.454956,-0.325806,0.958374
-0.497192,-0.067017,0.746582
0.179810,0.049561,1.024658
0.048950,-0.418701,0.772705
-0.427124,0.175903,0.829468
0.458740,-0.332520,0.957031
-0.517334,-0.064697,0.729858
0.208008,0.014160,1.012817
0.037231,-0.421509,0.772095
-0.412598,0.186646,0.841675
0.460327,-0.348267,0.952026
-0.517090,-0.057739,0.732056
0.227417,0.010132,1.008667
0.023438,-0.420532,0.760620
-0.394653,0.186401,0.846558
0.450073,-0.356689,0.946411
-0.524292,-0.027954,0.735596
0.253174,-0.009521,1.006470
0.010132,-0.421265,0.752075
-0.372070,0.198853,0.856323
0.451538,-0.361938,0.942871
-0.530151,-0.015625,0.740234
0.270752,-0.035645,1.004150
-0.004517,-0.403198,0.755981
-0.330688,0.183838,0.870117
0.439331,-0.385010,0.937378
-0.538696,-0.031128,0.724731
0.308228,-0.050415,1.011963
-0.013916,-0.391968,0.763428
-0.314209,0.189697,0.882202
0.436523,-0.406250,0.930054
-0.540649,0.007324,0.750488
0.317871,-0.071167,1.005005
-0.034058,-0.372681,0.769897
-0.282104,0.160889,0.876343
0.423828,-0.410034,0.920776
-0.546753,0.028809,0.761963
0.360107,-0.098022,1.012695
-0.057983,-0.357666,0.769775
-0.255859,0.177246,0.909058
0.417969,-0.427734,0.912231
-0.544800,0.060791,0.778687
0.382202,-0.114624,1.018677
-0.079712,-0.345093,0.774780
-0.220703,0.166870,0.917725
0.402954,-0.436890,0.912842
-0.552246,0.075439,0.780762
0.409790,-0.126831,1.033569
-0.098022,-0.313843,0.788208
-0.182373,0.153442,0.936401
0.374512,-0.439453,0.905396
-0.560913,0.102051,0.776245
0.418945,-0.134888,1.029175
-0.119873,-0.300781,0.797485
-0.143555,0.140381,0.954834
0.339111,-0.444824,0.888794
-0.562866,0.107300,0.765625
0.446655,-0.174438,1.030640
-0.150391,-0.268311,0.800781
-0.114258,0.148560,0.971558
0.317505,-0.466431,0.865112
-0.569946,0.114380,0.772095
0.461304,-0.214355,1.029541
-0.189331,-0.234619,0.809326
-0.078003,0.153320,0.995483
0.288818,-0.452148,0.865479
-0.555542,0.100952,0.764404
0.471924,-0.250610,1.014648
-0.225342,-0.251343,0.801880
-0.058105,0.156250,1.007202
0.274170,-0.458252,0.854736
-0.546631,0.114258,0.762329
0.479858,-0.272583,1.006226
-0.251587,-0.232056,0.807007
-0.032349,0.140137,1.015991
0.243164,-0.459595,0.844360
-0.526733,0.108398,0.760986
0.498657,-0.276978,1.023071
-0.297119,-0.192505,0.804199
-0.007812,0.133057,1.014771
0.230347,-0.466919,0.827026
-0.505371,0.098755,0.767822
0.493286,-0.297241,1.011230
-0.334961,-0.209961,0.775146
0.026855,0.115356,1.019531
0.205078,-0.459839,0.829956
-0.490479,0.097412,0.775635
0.513184,-0.333008,1.010498
-0.372925,-0.190308,0.764648
0.045898,0.107544,1.010620
0.191040,-0.459961,0.817383
-0.470947,0.113525,0.798584
0.516357,-0.343750,1.005127
-0.398804,-0.177979,0.764771
0.085571,0.084717,1.016113
0.167480,-0.462769,0.810913
-0.462891,0.127563,0.818970
0.521729,-0.344360,1.015625
-0.410522,-0.168457,0.755859
0.107666,0.069092,1.015503
0.140259,-0.471924,0.804077
-0.435913,0.120605,0.818970
0.522217,-0.355591,1.008911
-0.436157,-0.162109,0.750854
0.133667,0.066162,1.026367
0.124390,-0.455078,0.797119
-0.413208,0.118042,0.836548
0.520874,-0.379028,1.006104
-0.457153,-0.137939,0.742188
0.167969,0.031616,1.017334
0.116089,-0.452393,0.801636
-0.389771,0.125977,0.852417
0.512207,-0.357666,1.009033
-0.453369,-0.127930,0.744141
0.183105,0.006348,1.006592
0.101440,-0.459595,0.801636
-0.366821,0.122925,0.859375
0.503540,-0.355225,1.012573
-0.463501,-0.119019,0.743286
0.213135,-0.015991,1.010986
0.093872,-0.446167,0.800659
-0.338379,0.119141,0.875000
0.494995,-0.371216,0.998291
-0.473633,-0.108643,0.739014
0.245483,-0.011597,1.038208
0.089966,-0.433960,0.810669
-0.328125,0.131104,0.888428
0.493530,-0.386597,0.988403
-0.481812,-0.112061,0.734375
0.270142,-0.036133,1.032959
0.082886,-0.443970,0.806152
-0.307495,0.153809,0.915283
0.485229,-0.394531,0.977295
-0.484131,-0.095337,0.754395
0.305176,-0.060425,1.042114
0.065063,-0.421997,0.818115
-0.285767,0.144043,0.921265
0.482178,-0.421509,0.977173
-0.479614,-0.076172,0.760132
0.323975,-0.067017,1.047729
0.055054,-0.402710,0.826904
-0.246460,0.141235,0.946289
0.466064,-0.412842,0.977539
-0.495972,-0.060425,0.759521
0.362549,-0.103638,1.059814
0.025391,-0.402100,0.827026
-0.216553,0.144775,0.964111
0.455811,-0.424316,0.971313
-0.493286,-0.036743,0.767334
0.391113,-0.139160,1.042480
0.000244,-0.381470,0.833008
-0.187500,0.162720,0.990601
0.447754,-0.438843,0.954834
-0.497925,-0.005371,0.781616
0.420288,-0.154663,1.054443
-0.035400,-0.338867,0.837646
-0.148438,0.169434,1.021606
0.434692,-0.457886,0.958740
-0.514404,0.031616,0.789185
0.450928,-0.173340,1.075073
-0.088135,-0.309204,0.837769
-0.105591,0.177490,1.032593
0.417603,-0.461060,0.950806
-0.504883,0.052002,0.807251
0.482544,-0.207275,1.074829
-0.144409,-0.258179,0.848022
-0.074341,0.175537,1.046509
0.388428,-0.475586,0.930176
-0.495605,0.063232,0.808228
0.498779,-0.210327,1.079590
-0.181885,-0.238525,0.841919
-0.032593,0.168335,1.065430
0.360107,-0.488159,0.919556
-0.477539,0.066040,0.817139
0.522217,-0.252197,1.080322
-0.233154,-0.218384,0.834961
0.013306,0.148315,1.056763
0.333374,-0.484741,0.909668
-0.446411,0.069580,0.832886
0.535400,-0.276978,1.070190
-0.280273,-0.219727,0.813965
0.072632,0.112793,1.064331
0.294922,-0.469604,0.894653
-0.415649,0.068726,0.827515
0.554321,-0.308838,1.068970
-0.325439,-0.233398,0.782227
0.122070,0.094482,1.069580
0.257568,-0.471313,0.886841
-0.372803,0.089600,0.873169
0.562134,-0.330078,1.066895
-0.380127,-0.208008,0.772827
0.183960,0.052002,1.073853
0.219971,-0.456665,0.888916
-0.348389,0.147339,0.927979
0.556396,-0.344971,1.062012
-0.403809,-0.176392,0.769653
0.260620,-0.001221,1.075684
0.151245,-0.411255,0.873535
-0.299927,0.172974,0.972534
0.533936,-0.345825,1.054688
-0.429199,-0.144165,0.766235
0.330933,-0.037964,1.095459
0.098511,-0.389160,0.870605
-0.250732,0.205200,1.012695
0.535522,-0.385132,1.041138
-0.456787,-0.067261,0.779785
0.401367,-0.069580,1.111694
0.071167,-0.372314,0.879028
-0.193237,0.180786,1.027710
0.502197,-0.384033,1.037964
-0.458252,-0.030273,0.805054
0.447510,-0.109253,1.118042
0.029541,-0.352783,0.887817
-0.143677,0.198975,1.054565
0.472412,-0.421997,1.004028
-0.458130,0.014282,0.826660
0.496704,-0.160767,1.120728
-0.050537,-0.289795,0.883667
-0.097290,0.194214,1.063721
0.450317,-0.437378,0.990723
-0.449341,0.035767,0.836792
0.526123,-0.183350,1.123047
-0.128052,-0.237793,0.875977
-0.039429,0.199585,1.079956
0.412354,-0.460083,0.969604
-0.441040,0.058594,0.848511
0.544800,-0.205811,1.134399
-0.208618,-0.212402,0.858643
0.029785,0.155640,1.089966
0.387695,-0.464722,0.968872
-0.417847,0.066406,0.862671
0.550781,-0.218506,1.118286
-0.253296,-0.212402,0.848755
0.103149,0.113647,1.098511
0.334595,-0.474731,0.949219
-0.390015,0.096069,0.863770
0.564209,-0.256104,1.105713
-0.282104,-0.202515,0.826904
0.169434,0.079468,1.101440
0.276123,-0.454224,0.933472
-0.365356,0.110352,0.891968
0.591797,-0.284912,1.119629
-0.322388,-0.207642,0.815308
0.216797,0.084229,1.123413
0.241333,-0.438354,0.928101
-0.338745,0.143921,0.925049
0.597656,-0.315186,1.113037
-0.352905,-0.175781,0.809326
0.266602,0.065430,1.125854
0.189209,-0.377563,0.934692
-0.295898,0.166870,0.978882
0.581421,-0.322510,1.111206
-0.384033,-0.151978,0.801636
0.334229,0.022583,1.137695
0.146851,-0.361938,0.930176
-0.268921,0.217285,1.019775
0.567505,-0.329102,1.092651
-0.416138,-0.109985,0.795166
0.382568,-0.020386,1.142822
0.097778,-0.362793,0.912842
-0.226929,0.205200,1.041504
0.548340,-0.328735,1.099609
-0.440796,-0.092163,0.787720
0.424561,-0.049805,1.150024
0.066650,-0.360352,0.906250
-0.188599,0.225708,1.051025
0.522461,-0.360107,1.070190
-0.443237,-0.038696,0.823730
0.465576,-0.065796,1.170410
0.033691,-0.332886,0.897827
-0.124878,0.212891,1.092041
0.496460,-0.378052,1.051514
-0.457764,0.030151,0.839966
0.503784,-0.092773,1.160522
0.010010,-0.309937,0.895142
-0.086182,0.205811,1.101562
0.457520,-0.390137,1.029175
-0.453857,0.034668,0.843872
0.530884,-0.136841,1.150146
-0.020386,-0.258545,0.918213
-0.042725,0.212402,1.105347
0.429932,-0.393921,1.008301
-0.439453,0.049072,0.859253
0.552246,-0.174561,1.155396
-0.095825,-0.236938,0.907349
0.011719,0.190063,1.115967
0.401489,-0.404053,0.997681
-0.444092,0.086182,0.865112
0.572754,-0.209961,1.138306
-0.156006,-0.254883,0.883667
0.040771,0.165894,1.114990
0.377441,-0.430176,0.976685
-0.427002,0.102295,0.880981
0.582886,-0.228516,1.150391
-0.210205,-0.250000,0.857910
0.075073,0.164673,1.124512
0.352417,-0.440308,0.974487
-0.416138,0.107910,0.888916
0.593506,-0.258911,1.136475
-0.255127,-0.228027,0.847534
0.127197,0.141846,1.133911
0.315796,-0.450684,0.949463
-0.387207,0.137817,0.913330
0.592163,-0.270264,1.128662
-0.290649,-0.217896,0.829834
0.173950,0.115356,1.124023
0.275024,-0.436646,0.942627
-0.353394,0.127808,0.924805
0.584106,-0.273804,1.126099
-0.324585,-0.208984,0.814819
0.228271,0.079224,1.143311
0.226074,-0.414429,0.934448
-0.319092,0.142212,0.946533
0.579956,-0.281738,1.116821
-0.343872,-0.185791,0.811401
0.267090,0.062256,1.146729
0.183228,-0.385498,0.927856
-0.305786,0.159424,0.967529
0.572510,-0.298462,1.111816
-0.375366,-0.159424,0.800293
0.316772,0.039795,1.150024
0.126709,-0.368042,0.911499
-0.283936,0.175781,0.997070
0.564575,-0.315552,1.107300
-0.407104,-0.123291,0.786377
0.363647,0.018433,1.162109
0.092041,-0.341919,0.911011
-0.263062,0.217163,1.030518
0.543213,-0.332397,1.081055
-0.421387,-0.069580,0.802734
0.402710,-0.004639,1.165405
0.038330,-0.325928,0.894409
-0.228882,0.214966,1.051270
0.511597,-0.338867,1.070557
-0.451172,-0.028320,0.818115
0.444336,-0.032593,1.171265
-0.004883,-0.329956,0.872681
-0.196289,0.217163,1.053955
0.494263,-0.354858,1.046265
-0.471680,-0.009888,0.815552
0.474976,-0.076050,1.173950
-0.025757,-0.318481,0.855225
-0.167358,0.210571,1.045532
0.469360,-0.371216,1.025635
-0.466553,0.002686,0.825195
0.484009,-0.087769,1.168091
-0.062988,-0.288330,0.853149
-0.114380,0.167603,1.052002
0.436401,-0.378784,1.013306
-0.467651,0.012451,0.826660
0.506714,-0.104492,1.167236
-0.088257,-0.313965,0.832397
-0.098755,0.163208,1.041504
0.420532,-0.399048,0.985229
-0.457642,0.030518,0.841797
0.452881,-0.034912,1.185547
-0.122437,-0.311157,0.823242
-0.164673,0.226440,1.065430
0.516724,-0.377075,1.065796
-0.438599,-0.016968,0.835938
0.484863,-0.060059,1.184448
0.000854,-0.325806,0.881836
-0.137329,0.207275,1.060303
0.492798,-0.360474,1.047363
-0.426025,0.003052,0.863892
0.509277,-0.077637,1.190796
-0.024902,-0.332275,0.873291
-0.118286,0.187866,1.067139
0.476074,-0.383301,1.045044
-0.431030,0.007935,0.856445
0.512817,-0.081177,1.186035
-0.041748,-0.323120,0.879639
-0.074341,0.171021,1.076538
0.453735,-0.380737,1.036865
-0.422607,0.018921,0.854980
0.518555,-0.101196,1.159302
-0.058105,-0.308716,0.877563
-0.049927,0.165039,1.079346
0.434082,-0.393677,1.015015
-0.436890,0.040405,0.848633
0.539062,-0.117920,1.155396
-0.060669,-0.293579,0.882568
-0.042603,0.169067,1.079956
0.412476,-0.400513,0.998901
-0.433472,0.034546,0.853027
0.544434,-0.142456,1.159912
-0.085815,-0.293701,0.876953
-0.037109,0.171265,1.084595
0.406860,-0.383911,0.998413
-0.435059,0.035034,0.851440
0.541992,-0.146362,1.159302
-0.098267,-0.303589,0.862183
-0.024780,0.166016,1.083862
0.406250,-0.394531,0.998291
-0.428711,0.033813,0.857178
0.535522,-0.162476,1.151489
-0.114746,-0.299927,0.854492
-0.019653,0.162598,1.084961
0.400635,-0.394409,0.991089
-0.432861,0.046875,0.858521
0.542358,-0.164429,1.150391
-0.127563,-0.307495,0.851929
-0.016235,0.146606,1.075562
0.391113,-0.394165,0.983521
-0.436523,0.042603,0.863647
0.542603,-0.156616,1.149536
-0.123535,-0.321899,0.841431
-0.025269,0.149536,1.079224
0.383667,-0.405029,0.969116
-0.437500,0.045044,0.845947
0.538574,-0.152222,1.142944
-0.128662,-0.304932,0.841309
-0.021362,0.141479,1.075073
0.371216,-0.398682,0.973755
-0.447876,0.050537,0.851685
0.540771,-0.165039,1.145996
-0.133667,-0.317261,0.831055
-0.023804,0.139648,1.059570
0.366821,-0.382080,0.975098
-0.452759,0.048828,0.842163
0.534912,-0.166382,1.138428
-0.143555,-0.303711,0.829834
-0.041382,0.152222,1.071411
0.375244,-0.387939,0.972046
-0.457275,0.037720,0.837646
0.522095,-0.167603,1.128540
-0.143799,-0.305298,0.816284
-0.047485,0.160645,1.053223
0.381226,-0.386353,0.972412
-0.470459,0.031006,0.832031
0.510010,-0.161255,1.127441
-0.147827,-0.308838,0.806396
-0.057983,0.155151,1.052734
0.385864,-0.385376,0.974609
-0.465454,0.024170,0.825928
0.501587,-0.164795,1.119629
-0.144409,-0.314453,0.802490
-0.070312,0.160889,1.054932
0.381714,-0.372314,0.969971
-0.475708,0.024414,0.810547
0.490356,-0.160400,1.119019
-0.135498,-0.337646,0.799805
-0.097168,0.150146,1.035767
0.388916,-0.374756,0.968750
-0.480225,0.020508,0.814209
0.481323,-0.150391,1.119385
-0.144165,-0.317993,0.794800
-0.111450,0.155151,1.037231
0.386597,-0.384155,0.969727
-0.495239,0.027344,0.805420
0.481079,-0.132568,1.116333
-0.144653,-0.305298,0.780151
-0.142578,0.176636,1.031494
0.409058,-0.381836,0.973022
-0.486572,0.019775,0.810425
0.451050,-0.130859,1.117920
-0.145752,-0.321411,0.785034
-0.159912,0.160767,1.009521
0.407104,-0.365967,0.978271
-0.496338,-0.008301,0.791870
0.454956,-0.113892,1.125488
-0.143311,-0.323853,0.776245
-0.193726,0.171631,0.997925
0.417358,-0.376953,0.980591
-0.489990,-0.026733,0.787354
0.429932,-0.092285,1.124146
-0.148071,-0.307007,0.774292
-0.219849,0.171143,0.989746
0.424805,-0.385498,0.979126
-0.497681,-0.030640,0.784302
0.425171,-0.093872,1.122559
-0.148804,-0.311401,0.773071
-0.246460,0.188843,0.981079
0.420654,-0.373169,0.975952
-0.485596,-0.053223,0.771362
0.399536,-0.085327,1.119995
-0.126953,-0.302368,0.804077
-0.276489,0.180054,0.972290
0.422363,-0.376221,0.970093
-0.495728,-0.055664,0.766357
0.388062,-0.065552,1.119141
-0.114746,-0.276611,0.807373
-0.289673,0.175781,0.962646
0.419800,-0.387085,0.972778
-0.497681,-0.063599,0.761230
0.374878,-0.068604,1.106934
-0.115845,-0.281982,0.805542
-0.292725,0.192749,0.957153
0.417236,-0.370117,0.964233
-0.501343,-0.071289,0.749756
0.361572,-0.082764,1.096924
-0.116699,-0.296753,0.801758
-0.314453,0.183472,0.947632
0.419678,-0.380127,0.966187
-0.500000,-0.081543,0.741455
0.341919,-0.055420,1.096313
-0.105835,-0.305542,0.797852
-0.335815,0.179321,0.923828
0.425659,-0.382935,0.963379
-0.504150,-0.094849,0.724365
0.324463,-0.042603,1.090698
-0.090576,-0.313354,0.798706
-0.351440,0.196289,0.935791
0.433960,-0.375244,0.974487
-0.514282,-0.107666,0.718384
0.297852,-0.050659,1.076172
-0.072266,-0.329712,0.798950
-0.382446,0.201538,0.918823
0.435669,-0.354614,0.981934
-0.506958,-0.111938,0.724731
0.270142,-0.042114,1.063843
-0.062256,-0.355347,0.789673
-0.396851,0.191650,0.910522
0.436523,-0.348389,0.977905
-0.510986,-0.108887,0.718994
0.247192,-0.015625,1.065430
-0.031372,-0.375732,0.793945
-0.430176,0.204346,0.895874
0.440308,-0.351074,0.980347
-0.503296,-0.129150,0.709473
0.226685,-0.010498,1.062866
-0.023560,-0.373535,0.798584
-0.443237,0.210449,0.900024
0.439575,-0.337769,0.985596
-0.510254,-0.113403,0.717896
0.207764,-0.002563,1.055420
0.002075,-0.381104,0.810669
-0.467407,0.206299,0.881226
0.444214,-0.341675,0.981323
-0.510010,-0.150757,0.697021
0.187012,0.015259,1.049927
0.013916,-0.380493,0.804077
-0.473999,0.212036,0.879883
0.449829,-0.333862,0.988892
-0.516235,-0.144897,0.697998
0.159424,0.015991,1.038574
0.035889,-0.403198,0.805542
-0.481567,0.206909,0.870117
0.445435,-0.333862,0.976562
-0.503052,-0.128784,0.713257
0.146118,0.025757,1.033813
0.030029,-0.418335,0.791992
-0.487305,0.207642,0.865601
0.449951,-0.328979,0.987671
-0.499390,-0.120483,0.715332
0.130859,0.046021,1.034058
0.048950,-0.418213,0.806152
-0.497314,0.195312,0.865601
0.442261,-0.322144,0.976929
-0.503052,-0.145630,0.702637
0.121460,0.056396,1.027466
0.059448,-0.412231,0.806885
-0.505005,0.199341,0.868042
0.441528,-0.323242,0.979492
-0.480713,-0.133667,0.730957
0.112671,0.055542,1.022827
0.047607,-0.410767,0.793701
-0.505737,0.206543,0.859009
0.453003,-0.324829,0.973633
-0.490112,-0.117920,0.732056
0.105591,0.064941,1.032227
0.050659,-0.432983,0.785522
-0.511841,0.210449,0.860718
0.448853,-0.326172,0.980225
-0.492798,-0.144409,0.713257
0.102661,0.069214,1.022949
0.061890,-0.415161,0.804077
-0.513550,0.190918,0.859009
0.438721,-0.320312,0.971436
-0.504028,-0.125244,0.702881
0.108398,0.077026,1.024536
0.060181,-0.415161,0.800781
-0.513916,0.204346,0.860474
0.433472,-0.309326,0.972778
-0.507446,-0.112183,0.703369
0.115479,0.063843,1.024170
0.058838,-0.396729,0.805664
-0.524780,0.220703,0.858276
0.438110,-0.333740,0.971191
-0.500000,-0.137085,0.698120
0.106323,0.093262,1.025757
0.062866,-0.415405,0.799927
-0.525024,0.229858,0.865112
0.437988,-0.335083,0.958496
-0.488892,-0.126831,0.719360
0.111450,0.071411,1.013062
0.046387,-0.410034,0.787476
-0.529663,0.243530,0.871460
0.444092,-0.328857,0.969360
-0.491821,-0.137207,0.704102
0.108887,0.077881,1.024536
0.050781,-0.407593,0.792969
-0.522827,0.234131,0.862549
0.443604,-0.319580,0.970215
-0.491333,-0.125488,0.715454
0.110962,0.074341,1.027588
0.058716,-0.409912,0.797974
-0.526611,0.240967,0.864746
0.441895,-0.320557,0.960815
-0.483154,-0.125732,0.714355
0.105103,0.072144,1.020996
0.054688,-0.404297,0.799072
-0.526855,0.240845,0.862793
0.448730,-0.320068,0.960205
-0.480713,-0.141724,0.714233
0.101318,0.083618,1.018311
0.067871,-0.406738,0.793091
-0.530884,0.248413,0.861694
0.446899,-0.307739,0.972656
-0.470947,-0.153320,0.713379
0.099243,0.086426,1.020386
0.061890,-0.406494,0.797363
-0.531250,0.241089,0.852295
0.453857,-0.310669,0.969482
-0.465942,-0.136108,0.717285
0.089233,0.098022,1.029053
0.075928,-0.402710,0.805786
-0.528687,0.243286,0.864380
0.454102,-0.301758,0.966553
-0.456055,-0.126953,0.730957
0.095215,0.088379,1.022461
0.090576,-0.398682,0.812378
-0.542725,0.241089,0.841431
0.442139,-0.291138,0.963013
-0.428711,-0.152100,0.726074
0.086792,0.106445,1.026245
0.110596,-0.395630,0.814453
-0.557007,0.247314,0.835938
0.441406,-0.293579,0.956543
-0.400391,-0.179199,0.736328
0.065430,0.088501,1.008789
0.127441,-0.395752,0.825195
-0.558594,0.254395,0.830322
0.445679,-0.286133,0.954834
-0.370361,-0.211548,0.728027
0.038086,0.099731,1.003784
0.151001,-0.414917,0.820557
-0.563721,0.249023,0.825317
0.447510,-0.245728,0.972412
-0.352661,-0.212036,0.733765
0.020020,0.133179,1.016968
0.177979,-0.419556,0.834351
-0.572754,0.216431,0.808594
0.450317,-0.236694,0.985962
-0.341431,-0.219482,0.727295
-0.010376,0.121216,1.007080
0.203735,-0.426147,0.841187
-0.582397,0.215820,0.799561
0.446899,-0.210571,0.980225
-0.300781,-0.201538,0.745605
-0.028564,0.140381,0.998901
0.227783,-0.432983,0.845581
-0.594238,0.202759,0.789551
0.442749,-0.207642,0.988037
-0.269043,-0.210571,0.756104
-0.046387,0.156006,0.983032
0.248535,-0.408325,0.857300
-0.599243,0.195801,0.782593
0.443604,-0.209229,0.992798
-0.247314,-0.243774,0.742798
-0.076538,0.162598,0.974731
0.267334,-0.403564,0.869873
-0.593018,0.184570,0.786133
0.439697,-0.190063,0.997925
-0.218384,-0.263184,0.740356
-0.107300,0.165894,0.962280
0.292847,-0.403442,0.879761
-0.584106,0.151245,0.780884
0.428955,-0.172485,1.007080
-0.201538,-0.297363,0.746338
-0.135132,0.173462,0.949951
0.319580,-0.406372,0.884399
-0.590698,0.133301,0.777832
0.416260,-0.150635,1.014526
-0.167114,-0.289429,0.763550
-0.157959,0.166138,0.938843
0.335571,-0.404419,0.882446
-0.579834,0.136108,0.776733
0.405640,-0.140015,1.013672
-0.143066,-0.304932,0.755371
-0.187988,0.167236,0.930298
0.361450,-0.388184,0.898315
-0.576416,0.133545,0.768799
0.380981,-0.104004,1.015747
-0.113892,-0.332153,0.754639
-0.216309,0.157471,0.908691
0.367065,-0.374023,0.902710
-0.557983,0.092407,0.760132
0.372070,-0.073486,1.018433
-0.105591,-0.330566,0.739868
-0.247192,0.171997,0.891968
0.385010,-0.386353,0.914429
-0.555786,0.048950,0.750000
0.340698,-0.044067,1.014526
-0.082153,-0.342163,0.747925
-0.277222,0.171631,0.886963
0.402222,-0.388550,0.924072
-0.548828,0.015503,0.744629
0.309814,-0.046265,0.996582
-0.061401,-0.367798,0.740845
-0.304077,0.166382,0.878418
0.420654,-0.368652,0.940674
-0.552979,-0.004150,0.728516
0.275879,-0.041382,0.988647
-0.038208,-0.389771,0.746582
-0.342041,0.177002,0.869263
0.432617,-0.361816,0.932251
-0.519531,-0.034790,0.734863
0.254028,0.002808,1.009155
-0.018555,-0.398560,0.741577
-0.375977,0.188599,0.862427
0.441772,-0.344604,0.953247
-0.516357,-0.072876,0.724365
0.212402,0.011353,1.014893
0.016357,-0.407593,0.756226
-0.425049,0.198364,0.842773
0.459106,-0.339478,0.959473
-0.482788,-0.092041,0.746826
0.175537,0.034424,1.018433
0.042236,-0.405029,0.782471
-0.457886,0.189331,0.814819
0.452759,-0.311035,0.962402
-0.444336,-0.114990,0.742920
0.140015,0.073364,1.029907
0.081055,-0.418335,0.795288
-0.498779,0.186401,0.811890
0.466797,-0.317993,0.957153
-0.417114,-0.124146,0.761353
0.094604,0.109985,1.030640
0.141968,-0.413574,0.813721
-0.539673,0.193481,0.796997
0.474365,-0.303833,0.977173
-0.361450,-0.166016,0.768433
0.036865,0.125488,1.013916
0.194946,-0.417358,0.840820
-0.550781,0.182617,0.791504
0.473633,-0.265869,0.990967
-0.308594,-0.208496,0.771729
-0.008179,0.120239,1.000732
0.237427,-0.437988,0.847778
-0.560059,0.141724,0.767944
0.461792,-0.233643,0.989990
-0.255981,-0.203247,0.788086
-0.056519,0.147339,0.983643
0.284912,-0.439697,0.871338
-0.563232,0.111450,0.767090
0.449951,-0.213623,1.008179
-0.207397,-0.243652,0.781616
-0.104004,0.148071,0.966187
0.324585,-0.443970,0.888794
-0.558105,0.111938,0.774658
0.424927,-0.173584,1.015991
-0.148438,-0.287720,0.792603
-0.141724,0.135132,0.943237
0.348267,-0.432617,0.900757
-0.556763,0.075439,0.766602
0.408813,-0.149658,1.017578
-0.095459,-0.321899,0.777954
-0.180420,0.161987,0.930054
0.380127,-0.409546,0.924805
-0.545288,0.040527,0.765381
0.378662,-0.128540,1.009888
-0.073486,-0.363403,0.766724
-0.225952,0.158325,0.915771
0.420776,-0.414551,0.944580
-0.538452,-0.000366,0.757446
0.339722,-0.100098,1.008179
-0.033325,-0.399414,0.769531
-0.277344,0.156128,0.893677
0.435181,-0.407349,0.942383
-0.508789,-0.044189,0.757324
0.307495,-0.072388,1.011597
-0.001709,-0.407837,0.770508
-0.326904,0.133301,0.861572
0.447266,-0.404419,0.939819
-0.498291,-0.061035,0.750732
0.281372,-0.030029,1.027588
0.015503,-0.395508,0.769531
-0.355957,0.129272,0.849976
0.452515,-0.389160,0.946045
-0.488159,-0.089722,0.740845
0.245850,-0.021118,1.016479
0.049683,-0.422241,0.781860
-0.379639,0.151489,0.849487
0.467163,-0.364380,0.960815
-0.477417,-0.114990,0.737061
0.219604,-0.012573,1.021973
0.076294,-0.448120,0.793091
-0.413696,0.156006,0.831787
0.474487,-0.376099,0.954590
-0.465698,-0.126587,0.748779
0.189209,0.014893,1.027344
0.093506,-0.434448,0.806152
-0.442627,0.153076,0.820068
0.482300,-0.365479,0.964722
-0.432617,-0.148193,0.752808
0.161865,0.022827,1.026245
0.105103,-0.431519,0.813965
-0.448975,0.134766,0.810425
0.492432,-0.355957,0.974976
-0.420044,-0.159424,0.740234
0.136841,0.063110,1.042603
0.144897,-0.437012,0.825806
-0.458008,0.124512,0.813232
0.491211,-0.343750,0.982300
-0.407959,-0.158813,0.756836
0.107056,0.077759,1.032471
0.193237,-0.460693,0.839233
-0.475098,0.132935,0.810669
0.499634,-0.351929,0.988647
-0.388306,-0.184326,0.759888
0.085449,0.077271,1.030273
0.221069,-0.469360,0.850586
-0.475342,0.119263,0.794800
0.502808,-0.317749,1.003540
-0.354126,-0.198120,0.774780
0.053589,0.089844,1.027588
0.232178,-0.473755,0.854858
-0.473389,0.091309,0.780762
0.504028,-0.311523,1.014160
-0.330688,-0.184814,0.775635
0.042969,0.112305,1.035400
0.255859,-0.466553,0.867188
-0.481567,0.071899,0.777344
0.490601,-0.312378,1.002686
-0.316895,-0.211060,0.777466
0.024048,0.116821,1.032227
0.277100,-0.458984,0.886841
-0.489258,0.074097,0.781860
0.491333,-0.300659,1.013672
-0.287720,-0.240234,0.787476
0.004883,0.114990,1.024170
0.303467,-0.455811,0.893555
-0.499634,0.083252,0.780029
0.485474,-0.301880,1.014893
-0.240112,-0.244629,0.816772
-0.013672,0.133057,1.037964
0.326416,-0.465332,0.906250
-0.505737,0.094604,0.788940
0.479614,-0.264771,1.028320
-0.226562,-0.265259,0.802368
-0.019531,0.130127,1.040894
0.346680,-0.460449,0.921631
-0.515015,0.099609,0.801514
0.470581,-0.249634,1.032349
-0.218506,-0.278931,0.795288
-0.038208,0.134888,1.030396
0.363525,-0.452148,0.939453
-0.505859,0.092285,0.799683
0.471680,-0.242432,1.040039
-0.192627,-0.256958,0.824829
-0.052490,0.139160,1.026001
0.378784,-0.454102,0.937256
-0.500488,0.079346,0.800293
0.460083,-0.207520,1.054199
-0.179077,-0.280151,0.809570
-0.050415,0.134277,1.037964
0.398193,-0.452271,0.946777
-0.502563,0.085693,0.812378
0.464478,-0.196899,1.055054
-0.151855,-0.283813,0.826172
-0.072388,0.125732,1.023682
0.399170,-0.455322,0.952393
-0.490845,0.070923,0.807129
0.467407,-0.171387,1.070312
-0.119995,-0.288330,0.836792
-0.099365,0.147461,1.031250
0.412231,-0.468262,0.954956
-0.491333,0.040405,0.810547
0.463257,-0.162109,1.069092
-0.111694,-0.274048,0.838135
-0.105347,0.161987,1.023438
0.440674,-0.442871,0.980591
-0.480347,0.026367,0.810303
0.447144,-0.168579,1.059204
-0.078247,-0.308472,0.846680
-0.108643,0.146240,1.018311
0.452026,-0.424438,0.988281
-0.477905,0.035278,0.803589
0.445679,-0.138184,1.084106
-0.049072,-0.318115,0.852173
-0.113037,0.152588,1.028687
0.449219,-0.432617,0.987061
-0.474243,0.025146,0.810425
0.445801,-0.145264,1.084961
-0.025879,-0.336548,0.861938
-0.140381,0.174683,1.027344
0.459473,-0.432251,0.988647
-0.463013,0.002197,0.812622
0.447998,-0.122192,1.107666
-0.034058,-0.309326,0.868530
-0.125244,0.153687,1.029297
0.466309,-0.420654,1.003662
-0.458374,0.000122,0.802490
0.451782,-0.104858,1.101440
-0.016846,-0.317383,0.880371
-0.134888,0.163574,1.030762
0.459717,-0.416626,0.999878
-0.448364,-0.007202,0.816040
0.444946,-0.106812,1.111450
-0.017700,-0.328857,0.874268
-0.114014,0.143433,1.034058
0.471680,-0.417358,1.017334
-0.459473,0.014771,0.809937
0.445801,-0.106812,1.111328
-0.001221,-0.359619,0.860229
-0.116577,0.174805,1.051392
0.484131,-0.400269,1.024414
-0.463257,0.023560,0.814087
0.449951,-0.116211,1.110107
0.003296,-0.377319,0.863770
-0.123535,0.188110,1.054321
0.491699,-0.413696,1.022583
-0.449097,0.009155,0.828369
0.453491,-0.109009,1.120972
0.000244,-0.356567,0.861816
-0.127563,0.177002,1.046387
0.498535,-0.392090,1.039917
-0.441772,-0.000366,0.819946
0.454956,-0.100342,1.133057
0.013550,-0.364258,0.863281
-0.144653,0.174438,1.038330
0.500244,-0.383545,1.043579
-0.433838,-0.005371,0.831665
0.444824,-0.075562,1.129761
0.026855,-0.364502,0.877686
-0.162598,0.177856,1.045044
0.512573,-0.391968,1.045776
-0.428467,-0.024170,0.827637
0.431519,-0.056885,1.137085
0.042603,-0.348267,0.879761
-0.175537,0.189819,1.047485
0.526611,-0.374878,1.064209
-0.432739,-0.055908,0.808594
0.413086,-0.033936,1.140625
0.037476,-0.344971,0.881958
-0.195923,0.198120,1.041870
0.548706,-0.367310,1.073853
-0.421143,-0.067749,0.812866
0.391724,-0.012573,1.137695
0.057739,-0.363892,0.878296
-0.218872,0.194824,1.035400
0.561890,-0.342041,1.096680
-0.405273,-0.091064,0.806152
0.358765,0.025146,1.144897
0.093872,-0.365234,0.898926
-0.254150,0.185425,1.012451
0.575439,-0.338013,1.104980
-0.381226,-0.118530,0.819702
0.340210,0.030396,1.141846
0.115356,-0.363525,0.907104
-0.277100,0.173340,0.987183
0.589844,-0.312622,1.115723
-0.350952,-0.154419,0.819702
0.301270,0.051514,1.130249
0.165405,-0.384155,0.917358
-0.303223,0.139648,0.948853
0.583740,-0.307373,1.117065
-0.318970,-0.184082,0.830811
0.254517,0.088989,1.141357
0.218628,-0.411499,0.933960
-0.335815,0.129028,0.919189
0.590576,-0.296509,1.116211
-0.288452,-0.205933,0.824097
0.196655,0.117554,1.130615
0.280029,-0.421753,0.948608
-0.369385,0.113525,0.899536
0.575439,-0.260742,1.120728
-0.251831,-0.223389,0.849731
0.147583,0.138062,1.130493
0.333618,-0.419556,0.973267
-0.412598,0.113159,0.877075
0.565552,-0.229858,1.117676
-0.199097,-0.239746,0.866943
0.074097,0.179688,1.135498
0.388916,-0.406738,1.001709
-0.434814,0.093750,0.864502
0.458496,-0.133911,1.103638
-0.135498,-0.247437,0.871460
-0.131348,0.172852,1.037598
0.435791,-0.382324,1.030640
-0.432739,-0.034180,0.818237
0.421265,-0.077026,1.123169
0.040283,-0.391357,0.857422
-0.189941,0.174805,1.018555
0.527100,-0.354614,1.070557
-0.410400,-0.073853,0.811035
0.369385,-0.021729,1.110596
0.073853,-0.368164,0.875854
-0.256592,0.161621,0.980957
0.557617,-0.316895,1.095703
-0.371216,-0.132446,0.806885
0.295898,0.045166,1.120850
0.152710,-0.393433,0.901123
-0.316406,0.128662,0.939697
0.573608,-0.314941,1.103638
-0.336548,-0.183960,0.809326
0.220581,0.088989,1.115845
0.245972,-0.434692,0.916504
-0.367432,0.117920,0.892090
0.563232,-0.265625,1.101196
-0.269531,-0.211548,0.829468
0.150269,0.120239,1.108887
0.318726,-0.454468,0.942383
-0.423828,0.107300,0.858521
0.546021,-0.234741,1.108643
-0.210938,-0.207275,0.847900
0.080933,0.173340,1.125610
0.378540,-0.418701,0.995605
-0.449707,0.090698,0.860596
0.529297,-0.207031,1.113525
-0.134399,-0.264771,0.860352
0.001221,0.215210,1.120361
0.440308,-0.394775,1.016968
-0.442993,0.070923,0.859619
0.501465,-0.138794,1.131470
-0.044312,-0.318359,0.873291
-0.074707,0.204102,1.086792
0.481689,-0.376343,1.052002
-0.433472,0.006714,0.841919
0.470947,-0.090088,1.144897
0.022705,-0.346313,0.880005
-0.126831,0.210571,1.075562
0.519531,-0.351440,1.071655
-0.428955,-0.028931,0.826904
0.430420,-0.041138,1.161133
0.038940,-0.348999,0.895752
-0.195435,0.205444,1.053345
0.544922,-0.328735,1.094360
-0.404663,-0.068237,0.825439
0.390381,-0.010742,1.150635
0.088135,-0.366821,0.905762
-0.250488,0.190918,1.014404
0.572144,-0.315308,1.109863
-0.371460,-0.116577,0.822754
0.338867,0.023560,1.144165
0.138062,-0.382446,0.918701
-0.294678,0.168457,0.978638
0.586304,-0.306030,1.120605
-0.323975,-0.162598,0.833008
0.272705,0.074097,1.145508
0.206421,-0.406006,0.931519
-0.330811,0.119507,0.926025
0.583008,-0.292236,1.116699
-0.298462,-0.196777,0.838745
0.216675,0.124268,1.144897
0.266479,-0.432617,0.936890
-0.369751,0.121704,0.907593
0.576904,-0.272461,1.122559
-0.256104,-0.224854,0.844727
0.164429,0.152588,1.148682
0.306641,-0.423584,0.959351
-0.410400,0.115967,0.887207
0.572021,-0.257568,1.120605
-0.217285,-0.237183,0.853149
0.099976,0.179199,1.150146
0.368896,-0.411133,0.990356
-0.434326,0.099243,0.879761
0.559204,-0.207397,1.138916
-0.175537,-0.250488,0.859253
0.028442,0.197021,1.115601
0.416260,-0.406128,1.010742
-0.423828,0.056763,0.871460
0.531738,-0.168823,1.135986
-0.105347,-0.304932,0.870361
-0.025757,0.178955,1.100464
0.435303,-0.383057,1.030396
-0.424316,0.031860,0.854736
0.515869,-0.112549,1.161133
-0.045044,-0.351807,0.866333
-0.079468,0.162354,1.089355
0.466553,-0.374268,1.049316
-0.430908,0.025269,0.859863
0.487305,-0.070068,1.173706
-0.015259,-0.344116,0.860229
-0.135254,0.182007,1.058960
0.482422,-0.347900,1.065430
-0.428589,-0.023560,0.840210
0.473633,-0.046387,1.185425
-0.006958,-0.338501,0.862549
-0.188843,0.224976,1.064453
0.522339,-0.349854,1.075806
-0.415405,-0.053955,0.828857
0.423340,-0.015503,1.176147
0.021729,-0.319092,0.886719
-0.230713,0.187012,1.025269
0.545898,-0.325684,1.099243
-0.405273,-0.100952,0.803711
0.375488,0.024414,1.167847
0.075439,-0.355103,0.893555
-0.264282,0.165161,0.997437
0.547607,-0.305908,1.092163
-0.369873,-0.159424,0.802979
0.320312,0.038208,1.161377
0.120239,-0.385498,0.893921
-0.316162,0.175049,0.962646
0.564819,-0.300903,1.095825
-0.322388,-0.186890,0.814209
0.256348,0.074829,1.141968
0.167969,-0.397827,0.913208
-0.344727,0.132690,0.927612
0.555420,-0.269043,1.109741
-0.310181,-0.200317,0.827393
0.214722,0.091553,1.135376
0.220337,-0.402710,0.930786
-0.389893,0.115601,0.895386
0.566895,-0.268433,1.105469
-0.292358,-0.217041,0.822021
0.155762,0.125977,1.122192
0.259033,-0.396973,0.929199
-0.432129,0.111206,0.870850
0.555908,-0.253662,1.099243
-0.211060,-0.262695,0.853394
0.082886,0.143188,1.111694
0.295776,-0.389282,0.945801
-0.445923,0.073975,0.844482
0.540771,-0.210449,1.109863
-0.180298,-0.279419,0.838013
0.026733,0.137207,1.093262
0.343018,-0.375610,0.969604
-0.455811,0.048706,0.830811
0.505493,-0.166016,1.121094
-0.114990,-0.337646,0.816284
-0.036255,0.151367,1.072632
0.386475,-0.355225,0.992920
-0.468262,0.019775,0.823120
0.472412,-0.143311,1.119263
-0.097900,-0.332642,0.818970
-0.106934,0.180420,1.062378
0.432373,-0.333252,1.022339
-0.470703,-0.025024,0.806885
0.427734,-0.098022,1.130493
-0.072754,-0.329590,0.829346
-0.198975,0.193970,1.025269
0.475708,-0.318604,1.055786
-0.460815,-0.053589,0.792725
0.375610,-0.025024,1.140015
-0.016846,-0.338867,0.837280
-0.262207,0.160400,0.987549
0.504639,-0.316895,1.066406
-0.418701,-0.151855,0.773560
0.309814,0.030762,1.137207
0.057617,-0.373047,0.844116
-0.341064,0.164795,0.939819
0.526733,-0.310547,1.071289
-0.381348,-0.214478,0.763062
0.205933,0.076294,1.111816
0.139771,-0.397583,0.866699
-0.395020,0.133789,0.900757
0.522217,-0.272095,1.080444
-0.345947,-0.255127,0.772461
0.131348,0.087769,1.089111
0.203491,-0.395630,0.893921
-0.435913,0.096436,0.858643
0.527588,-0.239502,1.085449
-0.245361,-0.281616,0.809814
0.031006,0.122681,1.067017
0.264771,-0.398315,0.905151
-0.466553,0.052002,0.817383
0.508545,-0.202881,1.092163
-0.170166,-0.310059,0.804688
-0.047607,0.128662,1.044800
0.320068,-0.386353,0.932739
-0.484741,0.014160,0.801880
0.463745,-0.146851,1.105347
-0.144165,-0.292847,0.802002
-0.143799,0.165405,1.034302
0.383911,-0.380127,0.967773
-0.498047,-0.036011,0.778687
0.404785,-0.091919,1.111694
-0.115112,-0.271973,0.810547
-0.238892,0.187256,0.990601
0.456177,-0.339722,1.024414
-0.472168,-0.122314,0.751099
0.313354,-0.028687,1.097900
-0.054199,-0.315918,0.815674
-0.321899,0.165527,0.943726
0.489258,-0.311401,1.046875
-0.426514,-0.190430,0.737793
0.222168,0.036743,1.093506
0.046509,-0.382080,0.828247
-0.406006,0.162964,0.892334
0.490967,-0.294312,1.041504
-0.393921,-0.228882,0.756104
0.143433,0.073486,1.087524
0.138306,-0.390747,0.855835
-0.472900,0.131592,0.850342
0.498047,-0.269409,1.053345
-0.323364,-0.262207,0.771851
0.044312,0.098633,1.055298
0.208130,-0.399170,0.873169
-0.495117,0.095947,0.815430
0.479858,-0.243408,1.054443
-0.252808,-0.279663,0.776123
-0.036499,0.114258,1.026855
0.277100,-0.389038,0.894043
-0.517944,0.052246,0.791138
0.442749,-0.190308,1.049072
-0.206665,-0.308228,0.754883
-0.122437,0.125000,1.002686
0.329712,-0.372192,0.935425
-0.525391,0.006592,0.765381
0.406372,-0.141357,1.072876
-0.169678,-0.312012,0.762451
-0.227783,0.168091,0.975708
0.384155,-0.365234,0.961670
-0.524414,-0.053833,0.746460
0.351074,-0.084717,1.076294
-0.123535,-0.308594,0.783325
-0.311279,0.177979,0.943848
0.415771,-0.360596,0.978638
-0.503906,-0.097778,0.723633
0.280762,-0.019653,1.080811
-0.057129,-0.350952,0.791260
-0.386841,0.175537,0.906006
0.433228,-0.350220,0.985107
-0.480591,-0.156372,0.711304
0.211670,0.029663,1.073608
0.013550,-0.374268,0.807007
-0.448242,0.177856,0.883911
0.462646,-0.322632,1.019409
-0.474976,-0.177124,0.712280
0.134888,0.062012,1.046265
0.089478,-0.392700,0.826050
-0.490967,0.147949,0.854980
0.473755,-0.303589,1.021240
-0.412354,-0.185181,0.750488
0.050903,0.092285,1.034668
0.148315,-0.416992,0.836548
-0.510132,0.138794,0.830933
0.455444,-0.262695,1.016235
-0.337524,-0.229248,0.762085
0.010376,0.089355,1.014160
0.193115,-0.424805,0.849854
-0.545654,0.120972,0.804688
0.445312,-0.240967,1.014160
-0.295166,-0.299683,0.727051
-0.042603,0.127075,1.011597
0.249512,-0.424927,0.866577
-0.567139,0.121704,0.793579
0.422241,-0.211060,1.013550
-0.269775,-0.293701,0.718384
-0.085449,0.127930,0.997192
0.277954,-0.423706,0.884888
-0.569336,0.088379,0.770752
0.407227,-0.171875,1.021606
-0.240112,-0.295410,0.713379
-0.127197,0.144531,0.995117
0.299683,-0.411255,0.898071
-0.585327,0.079834,0.763550
0.389404,-0.176392,1.015015
-0.226318,-0.315552,0.711914
-0.177979,0.158813,0.977417
0.323364,-0.383301,0.913940
-0.574341,0.032715,0.747192
0.361572,-0.146240,1.013550
-0.220093,-0.302124,0.723755
-0.222290,0.156128,0.950806
0.359131,-0.387085,0.925537
-0.560425,0.021484,0.750488
0.344482,-0.125366,1.025879
-0.205688,-0.307983,0.720825
-0.268311,0.145508,0.919189
0.372314,-0.385132,0.927490
-0.557129,0.006714,0.736938
0.318848,-0.071777,1.040039
-0.173584,-0.328369,0.729492
-0.310059,0.146484,0.908081
0.370117,-0.404663,0.914673
-0.551514,-0.029907,0.725586
0.299072,-0.056519,1.035767
-0.148804,-0.312500,0.741577
-0.352661,0.180420,0.896118
0.389160,-0.400757,0.921509
-0.546387,-0.030273,0.727295
0.278931,-0.039307,1.036743
-0.136230,-0.322632,0.744751
-0.378174,0.200684,0.904785
0.399048,-0.381470,0.938232
-0.546509,-0.052002,0.707764
0.258545,-0.019531,1.039917
-0.111572,-0.341309,0.753052
-0.415405,0.213745,0.898071
0.417725,-0.379761,0.942017
-0.541870,-0.071167,0.710083
0.211060,0.010376,1.020386
-0.073608,-0.376953,0.746216
-0.446045,0.231323,0.891113
0.427368,-0.367188,0.947021
-0.524658,-0.097168,0.710327
0.171997,0.032959,1.026367
-0.034912,-0.382812,0.768799
-0.474854,0.221558,0.881958
0.435669,-0.346191,0.968750
-0.500366,-0.122192,0.716919
0.124023,0.079590,1.030396
0.019287,-0.395508,0.782959
-0.512939,0.227539,0.867676
0.447266,-0.331543,0.970947
-0.450073,-0.144897,0.729858
0.078247,0.122192,1.027466
0.070190,-0.395264,0.797485
-0.531494,0.208008,0.848511
0.450928,-0.299561,0.981689
-0.405029,-0.169678,0.732788
0.037476,0.134888,1.028687
0.134033,-0.419189,0.811157
-0.556763,0.191650,0.819702
0.436401,-0.266846,0.979736
-0.350952,-0.219238,0.721191
-0.005737,0.141602,1.008423
0.193970,-0.406616,0.841187
-0.585205,0.185791,0.806030
0.434204,-0.241455,0.979858
-0.305786,-0.259033,0.718018
-0.067017,0.145386,0.981812
0.241821,-0.391968,0.865967
-0.587524,0.147095,0.787109
0.421631,-0.219116,0.998413
-0.249634,-0.306641,0.708496
-0.124023,0.175659,0.965454
0.284790,-0.374512,0.883301
-0.583984,0.124878,0.776855
0.407227,-0.195801,0.994019
-0.217041,-0.330322,0.707153
-0.167358,0.170532,0.941772
0.323730,-0.384766,0.888550
-0.589600,0.106689,0.761719
0.374634,-0.147705,0.997559
-0.168091,-0.335693,0.709106
-0.235962,0.186768,0.928589
0.356079,-0.378174,0.896484
-0.575562,0.079102,0.767090
0.340088,-0.108643,1.005615
-0.146362,-0.374512,0.703979
-0.291016,0.175659,0.894287
0.376343,-0.360352,0.910156
-0.553345,0.047607,0.744385
0.310059,-0.059570,1.011841
-0.124023,-0.349854,0.722046
-0.325928,0.174683,0.881836
0.393677,-0.375610,0.917969
-0.549316,0.006714,0.725830
0.278076,-0.029785,1.003906
-0.104614,-0.343994,0.737671
-0.367065,0.208496,0.889038
0.405273,-0.359985,0.919067
-0.552734,-0.001953,0.715088
0.260010,-0.029541,1.011353
-0.071899,-0.366211,0.754517
-0.400024,0.207153,0.870239
0.401245,-0.353638,0.927368
-0.538208,-0.021240,0.707642
0.249756,0.014526,1.028076
-0.043823,-0.367554,0.759033
-0.422607,0.206421,0.862061
0.402344,-0.344727,0.921631
-0.521362,-0.060181,0.708740
0.229004,0.026978,1.026489
-0.024536,-0.379150,0.756836
-0.451904,0.239990,0.855469
0.426147,-0.358521,0.930176
-0.512329,-0.062500,0.719238
0.192749,0.049927,1.024780
-0.002686,-0.377319,0.771118
-0.456055,0.224609,0.863281
0.425781,-0.340332,0.934448
-0.518677,-0.068481,0.708252
0.186890,0.054932,1.018921
0.021240,-0.388672,0.777100
-0.480347,0.232422,0.855957
0.429932,-0.321167,0.948486
-0.495605,-0.122803,0.708862
0.172607,0.062500,1.029175
0.035889,-0.394897,0.787231
-0.499878,0.246216,0.857422
0.444580,-0.328003,0.956787
-0.476074,-0.112915,0.727783
0.161377,0.062378,1.019775
0.054565,-0.385376,0.795898
-0.507568,0.246094,0.862305
0.447754,-0.317261,0.951416
-0.464966,-0.125122,0.731812
0.141357,0.083496,1.037964
0.061890,-0.393433,0.792603
-0.501709,0.257324,0.853516
0.447754,-0.304810,0.953125
-0.456177,-0.110962,0.743896
0.145020,0.059082,1.027954
0.077393,-0.398193,0.797852
-0.520752,0.250000,0.841309
0.453857,-0.293701,0.963379
-0.439331,-0.155884,0.740723
0.126221,0.079590,1.025391
0.091309,-0.379150,0.819580
-0.520508,0.241943,0.830322
0.460327,-0.282715,0.975586
-0.425903,-0.140625,0.743408
0.108887,0.082520,1.019531
0.108765,-0.400635,0.808838
-0.527100,0.235962,0.837402
0.460938,-0.294556,0.957886
-0.432129,-0.139282,0.743286
0.098877,0.086060,1.020020
0.139282,-0.410034,0.820435
-0.535156,0.242432,0.826660
0.455566,-0.279175,0.963745
-0.421509,-0.152588,0.737671
0.085327,0.090942,1.016602
0.149414,-0.410889,0.828979
-0.529785,0.230469,0.823975
0.466675,-0.256470,0.978638
-0.425171,-0.150513,0.738647
0.066895,0.096802,1.016846
0.160156,-0.439941,0.819946
-0.532959,0.219238,0.825195
0.464966,-0.252075,0.980591
-0.406372,-0.143555,0.741699
0.069702,0.092773,1.007446
0.151489,-0.427246,0.821533
-0.525391,0.221924,0.827515
0.474365,-0.238037,0.989258
-0.413574,-0.142456,0.736694
0.057617,0.103638,1.010620
0.165161,-0.439209,0.819092
-0.523071,0.211792,0.821045
0.475830,-0.275757,0.977173
-0.432983,-0.126831,0.732910
0.068604,0.088989,1.001587
0.171997,-0.428711,0.825073
-0.533203,0.209595,0.813965
0.473267,-0.277954,0.977295
-0.411255,-0.136353,0.747925
0.068970,0.112305,1.013916
0.148926,-0.443848,0.807983
-0.522705,0.191406,0.817383
0.479980,-0.298706,0.978760
-0.436890,-0.122803,0.740845
0.085693,0.113403,1.025024
0.159546,-0.428711,0.819702
-0.512695,0.194702,0.812744
0.458740,-0.293213,0.964844
-0.436646,-0.141235,0.737793
0.112427,0.095337,1.029053
0.132690,-0.423706,0.814453
-0.523926,0.200317,0.814453
0.472290,-0.326172,0.953613
-0.439941,-0.127563,0.742310
0.128784,0.102783,1.031982
0.127563,-0.418579,0.815430
-0.509399,0.201904,0.813110
0.468262,-0.342529,0.952393
-0.455688,-0.130005,0.729980
0.139404,0.089844,1.031616
0.119751,-0.421387,0.812622
-0.491211,0.187622,0.817505
0.465210,-0.346924,0.947388
-0.465942,-0.116821,0.729126
0.152100,0.088135,1.032349
0.104858,-0.413208,0.812744
-0.478149,0.189331,0.815796
0.460571,-0.353638,0.951172
-0.458618,-0.117432,0.745483
0.162720,0.065308,1.032471
0.081421,-0.415161,0.797119
-0.486450,0.189453,0.818481
0.477295,-0.355713,0.955566
-0.451294,-0.140259,0.739014
0.132080,0.092163,1.026245
0.092163,-0.432007,0.781860
-0.471924,0.187012,0.815674
0.479980,-0.354492,0.962158
-0.463989,-0.139648,0.732056
0.135620,0.057129,1.018555
0.101196,-0.438843,0.797363
-0.472656,0.176270,0.809937
0.470703,-0.323730,0.969849
-0.433960,-0.111084,0.757446
0.135742,0.083618,1.029175
0.098999,-0.432983,0.790405
-0.495850,0.166138,0.805420
0.476685,-0.359253,0.962646
-0.427002,-0.158691,0.731689
0.125488,0.095703,1.039551
0.118042,-0.412720,0.808472
-0.492920,0.166016,0.812500
0.482178,-0.357666,0.971802
-0.428833,-0.149658,0.750977
0.102905,0.085693,1.023804
0.150391,-0.432983,0.823975
-0.497559,0.159424,0.796753
0.464355,-0.324219,0.958862
-0.398926,-0.161743,0.748657
0.097168,0.087280,1.023315
0.164429,-0.434204,0.823242
-0.513306,0.161499,0.800415
0.465820,-0.325073,0.961670
-0.384644,-0.187256,0.745239
0.081055,0.093262,1.036255
0.198242,-0.439453,0.846802
-0.522705,0.129395,0.789917
0.466431,-0.325562,0.977173
-0.368164,-0.201538,0.756836
0.041870,0.119873,1.023560
0.237671,-0.448730,0.866333
-0.515991,0.111328,0.781494
0.477295,-0.291992,0.996704
-0.331421,-0.175415,0.778564
0.015015,0.115967,1.017334
0.261353,-0.472290,0.853760
-0.525024,0.120117,0.778809
0.468750,-0.296021,0.990112
-0.296875,-0.229736,0.768677
-0.014526,0.124268,1.013550
0.287720,-0.450562,0.882812
-0.528564,0.110718,0.781128
0.461914,-0.288818,0.991333
-0.277710,-0.241089,0.776367
-0.037964,0.125488,1.001709
0.319824,-0.447754,0.894531
-0.534668,0.109131,0.782715
0.463501,-0.255737,1.006348
-0.244385,-0.245117,0.786621
-0.059204,0.123535,0.992676
0.332764,-0.464600,0.897095
-0.528809,0.086060,0.775146
0.457764,-0.229492,1.025269
-0.220947,-0.248779,0.793701
-0.087769,0.136963,0.997803
0.350952,-0.476685,0.897095
-0.514160,0.069214,0.784058
0.454346,-0.212524,1.033325
-0.197021,-0.240967,0.805054
-0.110474,0.147583,0.984863
0.365234,-0.481689,0.903442
-0.513428,0.074707,0.790283
0.439941,-0.197632,1.035156
-0.187622,-0.242188,0.809937
-0.113892,0.144897,0.988770
0.375977,-0.473145,0.914307
-0.506348,0.067261,0.795044
0.435547,-0.182495,1.039307
-0.160156,-0.302612,0.791016
-0.119629,0.144165,0.993286
0.381470,-0.468872,0.919189
-0.508423,0.048462,0.792603
0.435547,-0.183105,1.044922
-0.137329,-0.283691,0.812256
-0.136230,0.151855,0.987793
0.395386,-0.457397,0.925781
-0.504639,0.033569,0.789062
0.428223,-0.158447,1.055664
-0.122803,-0.285522,0.823853
-0.133911,0.155396,0.985840
0.403442,-0.469971,0.928589
-0.514404,0.046387,0.801147
0.430054,-0.179199,1.056885
-0.097168,-0.324951,0.816162
-0.135254,0.154175,0.994873
0.398926,-0.444214,0.941406
-0.503418,0.031738,0.793823
0.440063,-0.170898,1.062134
-0.098633,-0.303711,0.830444
-0.150146,0.173706,1.004028
0.401123,-0.458984,0.936279
-0.513306,0.047363,0.795044
0.453369,-0.180786,1.060669
-0.100098,-0.291382,0.835938
-0.131104,0.159424,1.006836
0.394897,-0.476929,0.925537
-0.500366,0.043457,0.795166
0.454346,-0.183472,1.059326
-0.113647,-0.267944,0.843018
-0.105835,0.176636,1.025269
0.392090,-0.474609,0.920166
-0.504150,0.053711,0.800049
0.478394,-0.211548,1.087402
-0.151855,-0.248657,0.843262
-0.097168,0.178589,1.024780
0.400757,-0.467651,0.933472
-0.480103,0.033813,0.813232
0.482056,-0.207642,1.083252
-0.193115,-0.236450,0.822388
-0.056641,0.155151,1.031860
0.388184,-0.490723,0.928101
-0.473511,0.043213,0.807617
0.488525,-0.232178,1.072754
-0.219971,-0.222656,0.823853
-0.022095,0.159424,1.051270
0.365234,-0.483643,0.915405
-0.464233,0.052856,0.809448
0.514282,-0.256348,1.065308
-0.256592,-0.225708,0.805542
0.015137,0.141968,1.054199
0.340088,-0.489136,0.900024
-0.454834,0.070923,0.813599
0.521484,-0.284668,1.055908
-0.291016,-0.231323,0.788696
0.079712,0.121582,1.078857
0.300415,-0.476318,0.898804
-0.543213,0.084961,0.789551
0.474609,-0.263306,1.036865
-0.233887,-0.260376,0.798584
-0.044922,0.146484,1.024780
0.328003,-0.499512,0.883789
-0.516235,0.082520,0.784912
0.483398,-0.290894,1.020874
-0.295166,-0.227783,0.777466
-0.010498,0.133545,1.027222
0.299194,-0.500244,0.878174
-0.480957,0.075439,0.790039
0.482788,-0.288208,1.012207
-0.349854,-0.216064,0.757690
0.052368,0.083374,1.030518
0.260254,-0.486572,0.863159
-0.455688,0.072510,0.794556
0.498291,-0.330078,1.007202
-0.371948,-0.207031,0.762939
0.087036,0.078369,1.046021
0.227661,-0.502075,0.849731
-0.436768,0.098511,0.821899
0.510132,-0.325684,1.019043
-0.413574,-0.178223,0.749634
0.148193,0.042847,1.038086
0.186157,-0.462524,0.850830
-0.407227,0.117676,0.856323
0.516235,-0.361816,1.010742
-0.431396,-0.181396,0.737549
0.187988,0.029419,1.047852
0.141724,-0.446777,0.838013
-0.374023,0.143799,0.875854
0.504761,-0.353027,1.007935
-0.447266,-0.141357,0.748779
0.246338,-0.034546,1.032593
0.114746,-0.421753,0.841553
-0.346558,0.160522,0.901611
0.488892,-0.366333,0.990967
-0.435913,-0.152954,0.755981
0.298462,-0.039185,1.061768
0.086670,-0.400024,0.836670
-0.319214,0.186157,0.919800
0.512939,-0.409180,0.995483
-0.454102,-0.129761,0.750732
0.312988,-0.044189,1.052490
0.064331,-0.398071,0.830322
-0.258423,0.155518,0.946777
0.497070,-0.415405,0.991699
-0.473633,-0.085327,0.772339
0.365234,-0.079834,1.071411
0.044312,-0.399048,0.843262
-0.243652,0.125488,0.942871
0.476318,-0.397217,0.997192
-0.457520,-0.067139,0.783936
0.392822,-0.084717,1.092407
0.026123,-0.382324,0.848145
-0.212280,0.145874,0.968140
0.462891,-0.423706,0.979736
-0.464722,-0.046265,0.788574
0.420532,-0.109619,1.097656
-0.004761,-0.352295,0.846069
-0.190430,0.165771,0.989502
0.457031,-0.451782,0.968140
-0.466797,-0.025146,0.788696
0.441040,-0.121338,1.095459
-0.029053,-0.303833,0.863892
-0.160400,0.165894,1.001709
0.452881,-0.460205,0.968384
-0.465332,-0.005615,0.804321
0.452026,-0.125000,1.105957
-0.071045,-0.285767,0.855469
-0.126099,0.174072,1.016357
0.445801,-0.452881,0.966431
-0.473145,0.030518,0.820435
0.467651,-0.184204,1.091797
-0.090332,-0.301880,0.843384
-0.103149,0.171509,1.028076
0.438843,-0.430786,0.978149
-0.472778,0.056396,0.830322
0.499390,-0.184448,1.106079
-0.132202,-0.271362,0.844116
-0.082520,0.145752,1.034424
0.439453,-0.456909,0.982422
-0.469604,0.061157,0.827759
0.490967,-0.174316,1.095825
-0.143311,-0.268188,0.843994
-0.051270,0.148804,1.052490
0.424316,-0.468506,0.973877
-0.469971,0.081055,0.828369
0.505127,-0.175293,1.095337
-0.162109,-0.238892,0.839722
-0.017700,0.158691,1.069092
0.414551,-0.455322,0.975342
-0.458862,0.070923,0.839600
0.502197,-0.199097,1.093018
-0.185913,-0.256714,0.838501
0.002686,0.147339,1.083496
0.415283,-0.447998,0.992310
-0.463623,0.105103,0.844849
0.506714,-0.201416,1.092529
-0.176025,-0.265259,0.845825
0.019287,0.132446,1.081421
0.390015,-0.431030,0.977173
-0.470215,0.119019,0.835571
0.536743,-0.221924,1.099121
-0.182617,-0.247803,0.853760
0.025513,0.145630,1.090088
0.389893,-0.424316,0.985352
-0.455688,0.087646,0.839111
0.530151,-0.221558,1.100464
-0.192749,-0.262451,0.838989
0.033569,0.158936,1.102051
0.396729,-0.441162,0.974609
-0.446899,0.112793,0.852051
0.531128,-0.220215,1.097168
-0.194946,-0.261841,0.839355
0.043579,0.149658,1.098755
0.387329,-0.439697,0.980103
-0.432617,0.093872,0.852417
0.546265,-0.222412,1.110718
-0.217651,-0.240845,0.834106
0.067871,0.149780,1.115723
0.382080,-0.442139,0.986694
-0.439941,0.098633,0.855713
0.546509,-0.219238,1.109619
-0.216919,-0.224731,0.845459
0.078857,0.157227,1.122925
0.379639,-0.452515,0.979004
-0.439331,0.113403,0.869385
0.549194,-0.213867,1.119507
-0.228516,-0.233154,0.831421
0.085205,0.152832,1.126709
0.386230,-0.452759,0.986694
-0.433228,0.121460,0.868164
0.546021,-0.224487,1.107178
-0.221680,-0.242920,0.842163
0.086548,0.160400,1.119629
0.378052,-0.445435,0.976074
-0.417725,0.100952,0.875854
0.553345,-0.231323,1.110229
-0.244629,-0.238525,0.833374
0.108765,0.125977,1.119141
0.378296,-0.426636,0.992310
-0.423340,0.114746,0.875000
0.552612,-0.224487,1.122192
-0.233765,-0.265991,0.813232
0.098511,0.143677,1.120728
0.371460,-0.444458,0.982910
-0.415894,0.114502,0.883057
0.565430,-0.230103,1.116455
-0.234009,-0.242554,0.834473
0.098877,0.148804,1.119995
0.375488,-0.431030,1.002930
-0.417236,0.119263,0.881836
0.560059,-0.236938,1.117676
-0.227295,-0.243408,0.852905
0.095093,0.145996,1.125366
0.371826,-0.433716,0.994385
-0.419312,0.127808,0.878906
0.571533,-0.220093,1.125122
-0.220581,-0.219971,0.855225
0.098633,0.159180,1.132324
0.364258,-0.425293,0.984497
-0.421143,0.125854,0.883911
0.572266,-0.211060,1.127563
-0.220215,-0.233154,0.860229
0.089111,0.152832,1.124634
0.370361,-0.430420,0.981079
-0.426514,0.103394,0.881104
0.566406,-0.220459,1.138306
-0.207642,-0.247070,0.846191
0.085083,0.171875,1.131104
0.379639,-0.423340,0.992920
-0.413940,0.111328,0.890381
0.571411,-0.216797,1.134155
-0.211060,-0.265625,0.843872
0.075439,0.157715,1.122559
0.386719,-0.436523,0.986572
-0.417236,0.119263,0.885132
0.571777,-0.199829,1.135620
-0.197388,-0.245483,0.851929
0.065186,0.163696,1.131104
0.386353,-0.432251,0.989380
-0.421509,0.103516,0.884521
0.576416,-0.210693,1.135864
-0.194458,-0.247192,0.860474
0.059082,0.175659,1.137085
0.380737,-0.432129,0.990479
-0.423340,0.090576,0.881470
0.580200,-0.202515,1.149048
-0.199219,-0.248291,0.851074
0.056152,0.168823,1.109985
0.382568,-0.427979,0.983765
-0.407593,0.079102,0.889526
0.575317,-0.222900,1.144043
-0.221924,-0.247437,0.843140
0.068237,0.148438,1.114746
0.375732,-0.432983,0.982910
-0.417114,0.108398,0.882690
0.580078,-0.203613,1.145508
-0.218384,-0.260010,0.851074
0.075195,0.120483,1.104858
0.368042,-0.429077,0.982300
-0.412109,0.112183,0.894775
0.572876,-0.209717,1.139526
-0.230713,-0.253296,0.843628
0.086792,0.144653,1.119995
0.356812,-0.422729,0.980835
-0.413696,0.097900,0.894897
0.568726,-0.212402,1.136963
-0.248535,-0.256226,0.833984
0.103760,0.138794,1.126953
0.341797,-0.428833,0.969360
-0.411743,0.108154,0.897705
0.578491,-0.228882,1.132568
-0.250122,-0.248779,0.838379
0.109497,0.129272,1.113647
0.316895,-0.406494,0.970093
-0.398926,0.111694,0.898071
0.572510,-0.217529,1.135498
-0.273926,-0.247192,0.831543
0.121582,0.119019,1.119995
0.306885,-0.423706,0.955078
-0.396729,0.123413,0.905762
0.571167,-0.232300,1.125610
-0.285767,-0.242554,0.819214
0.143799,0.106934,1.120728
0.285034,-0.409058,0.949585
-0.402222,0.124268,0.899536
0.572632,-0.249878,1.125122
-0.296875,-0.259888,0.810181
0.158936,0.104004,1.122192
0.260498,-0.410034,0.937012
-0.387939,0.123657,0.900757
0.572266,-0.261353,1.119019
-0.309082,-0.241577,0.811401
0.167236,0.091187,1.120728
0.249512,-0.424194,0.932373
-0.385986,0.145752,0.912354
0.567993,-0.264648,1.118652
-0.326904,-0.233887,0.796143
0.187134,0.089966,1.132202
0.233276,-0.430908,0.929443
-0.390503,0.143311,0.920532
0.555664,-0.273804,1.104736
-0.337036,-0.215332,0.795410
0.215698,0.091919,1.138184
0.206543,-0.396851,0.921143
-0.383301,0.151733,0.920166
0.565308,-0.303101,1.093994
-0.356934,-0.225952,0.783447
0.239746,0.074463,1.140259
0.172363,-0.376953,0.912354
-0.363281,0.164185,0.936768
0.555298,-0.306030,1.084839
-0.374878,-0.177734,0.784546
0.255371,0.075562,1.147461
0.132812,-0.367798,0.903564
-0.331299,0.139771,0.943237
0.528809,-0.316284,1.067871
-0.404175,-0.172363,0.772949
0.307983,0.045776,1.148071
0.074341,-0.342773,0.885742
-0.302368,0.171997,0.971191
0.506592,-0.314697,1.057617
-0.425171,-0.118896,0.773071
0.363892,-0.018799,1.144775
0.013794,-0.312622,0.884766
-0.279419,0.194702,0.995850
0.484497,-0.337891,1.039673
-0.465088,-0.081299,0.777832
0.403442,-0.047974,1.153931
-0.056641,-0.299316,0.838135
-0.204346,0.179565,1.021851
0.459839,-0.366821,1.012939
-0.492798,-0.005371,0.807495
0.447998,-0.096436,1.142578
-0.105713,-0.310913,0.807251
-0.157227,0.172852,1.029663
0.418945,-0.401978,0.977417
-0.496826,0.007446,0.802246
0.499390,-0.147461,1.133911
-0.160767,-0.302856,0.785522
-0.070435,0.138794,1.041870
0.363403,-0.411499,0.947144
-0.503540,0.073730,0.826660
0.520996,-0.194702,1.112427
-0.218994,-0.290405,0.784424
0.012695,0.127563,1.066895
0.292480,-0.415405,0.908691
-0.493652,0.118286,0.839722
0.541748,-0.285522,1.075562
-0.320312,-0.241577,0.783936
0.082275,0.119629,1.086060
0.242188,-0.440674,0.894165
-0.483276,0.163940,0.862305
0.525513,-0.299438,1.058350
-0.402466,-0.213013,0.752441
0.181152,0.063110,1.099731
0.135376,-0.377686,0.878296
-0.428833,0.173462,0.892212
0.507080,-0.322144,1.046265
-0.428345,-0.186768,0.738892
0.267822,0.024170,1.114258
0.040283,-0.368408,0.837769
-0.374756,0.201294,0.924927
0.480713,-0.337891,1.018311
-0.458984,-0.127808,0.739502
0.325684,-0.013916,1.113892
-0.040894,-0.337158,0.828857
-0.316406,0.166748,0.939697
0.452026,-0.383179,0.983276
-0.498779,-0.065674,0.756714
0.385010,-0.043701,1.127930
-0.102539,-0.299438,0.814819
-0.271606,0.187500,0.970947
0.419434,-0.383545,0.965210
-0.515503,-0.029053,0.774048
0.428467,-0.104370,1.123291
-0.160645,-0.286865,0.773438
-0.231323,0.179932,0.981567
0.402100,-0.397461,0.954834
-0.522949,0.001221,0.775269
0.431030,-0.131714,1.093994
-0.173462,-0.324097,0.770874
-0.171875,0.155518,0.996582
0.357056,-0.391235,0.935181
-0.519775,0.023071,0.792603
0.462402,-0.179321,1.079346
-0.208862,-0.283081,0.759155
-0.133057,0.139893,0.986206
0.330566,-0.399536,0.910400
-0.517822,0.043335,0.791016
0.465088,-0.187500,1.079468
-0.228394,-0.314331,0.747070
-0.098022,0.113403,0.992188
0.303345,-0.422607,0.888672
-0.530396,0.085693,0.797852
0.485718,-0.196899,1.078369
-0.244019,-0.303223,0.758057
-0.069702,0.108032,1.004272
0.275024,-0.423950,0.888550
-0.541382,0.073608,0.778442
0.479980,-0.223145,1.055054
-0.266235,-0.291016,0.744751
-0.042236,0.125732,1.018311
0.264404,-0.438965,0.876465
-0.536377,0.100586,0.804932
0.472168,-0.236572,1.041504
-0.310181,-0.236450,0.756592
0.000854,0.103882,1.023804
0.231934,-0.437012,0.867310
-0.536011,0.138916,0.809082
0.470215,-0.276489,1.016602
-0.348755,-0.239502,0.754395
0.037720,0.089478,1.031738
0.192627,-0.432007,0.852417
-0.545776,0.167480,0.826660
0.474487,-0.310059,1.005249
-0.391724,-0.228638,0.736206
0.072876,0.081299,1.040771
0.144043,-0.405640,0.845703
-0.524658,0.170532,0.833008
0.469116,-0.339111,0.989624
-0.439575,-0.198608,0.728149
0.106445,0.064331,1.048340
0.103638,-0.403809,0.821533
-0.510376,0.187012,0.859131
0.461548,-0.341309,0.997681
-0.480225,-0.191406,0.716431
0.136719,0.058594,1.056519
0.065063,-0.383301,0.828735
-0.487915,0.204468,0.874634
0.446411,-0.347534,0.979248
-0.495605,-0.157837,0.705566
0.178833,0.045776,1.051514
0.021729,-0.359131,0.807007
-0.488647,0.206299,0.880371
0.449463,-0.391968,0.963257
-0.521118,-0.126709,0.700562
0.196777,0.022461,1.049561
-0.008911,-0.363037,0.806152
-0.467285,0.218140,0.888062
0.437988,-0.379883,0.956177
-0.512695,-0.115723,0.701172
0.222168,0.016479,1.063110
-0.029053,-0.345703,0.795166
-0.463013,0.221313,0.894775
0.430908,-0.374146,0.953857
-0.522827,-0.112549,0.698608
0.232544,0.003418,1.055542
-0.053345,-0.360718,0.780762
-0.459961,0.225098,0.895752
0.436890,-0.375122,0.957031
-0.519287,-0.112183,0.704468
0.220459,0.011597,1.057739
-0.057251,-0.357544,0.774414
-0.444580,0.214355,0.894287
0.423950,-0.366821,0.950562
-0.530029,-0.087402,0.708252
0.220581,0.011353,1.044556
-0.042969,-0.352417,0.791748
-0.450317,0.222412,0.888184
0.411499,-0.363647,0.953247
-0.540527,-0.097046,0.697510
0.217407,0.014893,1.036987
-0.028320,-0.360352,0.787109
-0.476562,0.222900,0.885864
0.421509,-0.350220,0.953979
-0.531860,-0.117920,0.691772
0.188965,0.024414,1.038940
-0.014648,-0.372925,0.787354
-0.488403,0.224243,0.879272
0.430908,-0.369507,0.954346
-0.518066,-0.134521,0.697754
0.144043,0.059814,1.021851
0.009888,-0.378906,0.794189
-0.484009,0.226318,0.884644
0.429688,-0.333862,0.969238
-0.519897,-0.127563,0.700439
0.127441,0.044067,1.025024
0.041382,-0.396973,0.800781
-0.518799,0.233765,0.865601
0.430420,-0.305176,0.971191
-0.478149,-0.159912,0.712158
0.099609,0.069458,1.031372
0.073242,-0.407227,0.813232
-0.541260,0.219971,0.847168
0.434814,-0.313110,0.960938
-0.431396,-0.182251,0.727783
0.071655,0.091675,1.030029
0.103760,-0.399048,0.818726
-0.558838,0.226562,0.836914
0.436279,-0.298340,0.963501
-0.389526,-0.221802,0.718140
0.043457,0.104736,1.020142
0.141479,-0.409424,0.831665
-0.572876,0.208008,0.812134
0.436157,-0.296753,0.967285
-0.344238,-0.227539,0.729126
0.000732,0.112183,1.008179
0.167114,-0.413940,0.825684
-0.576416,0.196899,0.803467
0.436035,-0.273071,0.974976
-0.307007,-0.261475,0.723633
-0.044556,0.122559,0.987305
0.195312,-0.404297,0.836914
-0.589844,0.164429,0.789062
0.433105,-0.246094,0.977539
-0.278931,-0.295898,0.711060
-0.102051,0.139404,0.973511
0.245361,-0.416626,0.861450
-0.591309,0.143311,0.779419
0.421265,-0.204590,0.991455
-0.249512,-0.307983,0.705688
-0.125122,0.147339,0.967529
0.281616,-0.403564,0.872070
-0.600342,0.126221,0.774536
0.405273,-0.216675,0.995117
-0.221191,-0.313721,0.714355
-0.158081,0.167847,0.955444
0.301025,-0.372559,0.888062
-0.596313,0.104492,0.767822
0.390015,-0.185913,0.993286
-0.202026,-0.347046,0.703369
-0.200317,0.168213,0.939331
0.333008,-0.389526,0.889893
-0.583496,0.092773,0.752930
0.376343,-0.131592,1.005005
-0.167969,-0.332275,0.719360
-0.234985,0.151733,0.910767
0.337158,-0.389893,0.888794
-0.582275,0.074951,0.755371
0.376343,-0.117798,1.022583
-0.167236,-0.312378,0.726074
-0.271118,0.190918,0.907593
0.364014,-0.411499,0.889160
-0.579346,0.063965,0.750366
0.353882,-0.104248,1.009766
-0.157349,-0.337891,0.714233
-0.281494,0.188232,0.906250
0.374390,-0.400269,0.906372
-0.575073,0.058594,0.749390
0.333374,-0.086426,1.017334
-0.151733,-0.325439,0.722290
-0.291748,0.186646,0.899536
0.385010,-0.387451,0.911011
-0.568237,0.046143,0.740234
0.322144,-0.069824,1.010254
-0.145142,-0.355347,0.714966
-0.311157,0.194824,0.888672
0.390015,-0.382812,0.912964
-0.551392,0.041504,0.749146
0.301758,-0.052490,1.008179
-0.130493,-0.340454,0.726929
-0.315918,0.176270,0.883789
0.396240,-0.391479,0.910156
-0.553223,0.059326,0.737183
0.312256,-0.036377,1.016235
-0.110596,-0.339600,0.739014
-0.332520,0.177979,0.882446
0.389526,-0.395996,0.908325
-0.560425,0.035034,0.735840
0.303345,-0.035400,1.008789
-0.097412,-0.371948,0.724609
-0.319092,0.199585,0.897827
0.382690,-0.369263,0.901855
-0.554077,0.032227,0.731567
0.307373,-0.044922,1.016113
-0.100098,-0.376465,0.715088
-0.342285,0.202637,0.887329
0.402100,-0.370972,0.916626
-0.546021,0.016235,0.731567
0.286255,-0.031250,0.996704
-0.097168,-0.377686,0.710327
-0.335571,0.205566,0.887939
0.402222,-0.362183,0.922485
-0.553345,0.024292,0.726074
0.290771,-0.042236,1.002930
-0.086670,-0.379517,0.723633
-0.349609,0.201172,0.873047
0.409790,-0.353638,0.930420
-0.532593,0.006348,0.731201
0.279541,-0.016479,1.011353
-0.066650,-0.364868,0.730103
-0.349609,0.189819,0.872925
0.406250,-0.345337,0.923950
-0.546997,-0.005005,0.717163
0.280518,-0.016602,1.005981
-0.038574,-0.368896,0.754395
-0.386719,0.205444,0.862671
0.408447,-0.357056,0.918091
-0.538330,-0.046265,0.703857
0.266235,0.007446,1.010742
-0.032715,-0.368286,0.759399
-0.396851,0.205811,0.868530
0.414185,-0.350952,0.922729
-0.530518,-0.051147,0.709961
0.235962,0.008789,1.012085
-0.009521,-0.388794,0.761230
-0.412842,0.216187,0.862427
0.427002,-0.343018,0.929810
-0.530884,-0.046997,0.719238
0.224731,0.008423,1.014893
0.008301,-0.399902,0.767334
-0.423828,0.221436,0.858521
0.426392,-0.323853,0.944946
-0.527222,-0.063354,0.703735
0.213745,0.031860,1.020142
0.027222,-0.409302,0.773682
-0.435913,0.215210,0.856323
0.427246,-0.332153,0.939575
-0.522583,-0.079102,0.708862
0.197266,0.044678,1.018433
0.038208,-0.412964,0.787720
-0.442505,0.223633,0.856934
0.451538,-0.332642,0.952515
-0.527710,-0.055542,0.722656
0.193359,0.023071,1.006958
0.040283,-0.420654,0.785522
-0.438354,0.214966,0.862427
0.441772,-0.318970,0.946045
-0.528198,-0.066895,0.705200
0.197144,0.027344,1.016602
0.044312,-0.399902,0.782959
-0.436157,0.228027,0.855835
0.431030,-0.303223,0.945557
-0.524658,-0.089233,0.708740
0.217773,-0.006714,1.014648
0.030029,-0.409668,0.779419
-0.439087,0.236694,0.849731
0.446533,-0.318726,0.948242
-0.514038,-0.049805,0.715088
0.205444,0.025269,1.005981
0.032227,-0.415649,0.760864
-0.410522,0.208984,0.858643
0.443481,-0.340088,0.938110
-0.534424,-0.036255,0.727051
0.241821,-0.006836,1.007202
0.012817,-0.397461,0.765015
-0.389404,0.197021,0.858154
0.444702,-0.348633,0.940796
-0.544922,-0.033691,0.708984
0.260132,-0.005981,1.013184
0.002441,-0.407593,0.751587
-0.372803,0.183228,0.859131
0.439087,-0.370605,0.940308
-0.542480,-0.022339,0.724243
0.275513,-0.012939,1.006226
-0.015991,-0.393799,0.747070
-0.348877,0.196411,0.877808
0.437622,-0.363770,0.937134
-0.547363,-0.018188,0.713257
0.299438,-0.036377,1.001587
-0.024658,-0.378662,0.760010
-0.324585,0.178467,0.868530
0.428589,-0.383057,0.941772
-0.549438,0.000488,0.736572
0.310059,-0.037598,1.011841
-0.034180,-0.383179,0.749268
-0.298218,0.176025,0.881836
0.415894,-0.383057,0.927246
-0.556152,0.005249,0.739014
0.330688,-0.054443,1.010376
-0.043823,-0.368896,0.765991
-0.281128,0.186401,0.884033
0.421021,-0.398804,0.928101
-0.554688,0.021729,0.756592
0.333740,-0.072876,1.009277
-0.058838,-0.386475,0.757935
-0.266846,0.153931,0.883057
0.413452,-0.395996,0.927246
-0.536133,0.023193,0.755005
0.347290,-0.093262,1.005493
-0.053833,-0.367432,0.764771
-0.268555,0.152344,0.879639
0.406250,-0.389282,0.924194
-0.536255,0.041626,0.769165
0.358276,-0.075684,1.025024
-0.063110,-0.360352,0.769287
-0.401489,0.194702,0.859009
0.423828,-0.355347,0.938843
-0.542480,-0.030151,0.710938
0.251709,0.021851,1.012573
-0.010254,-0.365723,0.767578
-0.378540,0.191528,0.868042
0.412231,-0.367676,0.930298
-0.535156,-0.030151,0.721436
0.260010,0.005615,1.011353
-0.014526,-0.387695,0.757202
-0.376221,0.186401,0.861084
0.423462,-0.347290,0.929443
-0.549683,-0.017700,0.707886
0.258789,-0.016479,1.011108
-0.012085,-0.408936,0.753052
-0.371948,0.185913,0.857666
0.428223,-0.346313,0.939209
-0.534668,-0.011963,0.723389
0.256592,-0.020508,0.997314
-0.000977,-0.411743,0.755127
-0.379761,0.186523,0.852417
0.426025,-0.346191,0.932983
-0.522949,-0.036133,0.724976
0.251953,-0.005737,1.010742
-0.006836,-0.412109,0.746094
-0.372070,0.176392,0.855469
0.435547,-0.352783,0.943604
-0.536987,-0.054688,0.714233
0.247925,0.000366,1.008545
0.010620,-0.410156,0.762085
-0.380737,0.197144,0.858276
0.437744,-0.341919,0.944214
-0.522949,-0.057129,0.711670
0.240845,0.011597,1.014648
0.019043,-0.410522,0.763184
-0.391602,0.185791,0.858276
0.435913,-0.346924,0.941162
-0.527344,-0.057739,0.719238
0.228638,-0.007202,1.011841
0.021240,-0.420288,0.770996
-0.398682,0.191895,0.847168
0.448975,-0.330078,0.946777
-0.515991,-0.052612,0.729736
0.221680,-0.014771,1.002563
0.030029,-0.422363,0.761963
-0.411377,0.192627,0.840454
0.450317,-0.335571,0.945557
-0.500488,-0.076782,0.730713
0.208008,0.013428,1.011597
0.042603,-0.435181,0.765137
-0.423706,0.185913,0.838989
0.459351,-0.331299,0.954102
-0.492798,-0.073242,0.744751
0.192993,0.016602,1.017578
0.053223,-0.427368,0.778076
-0.429199,0.163452,0.813721
0.442627,-0.325562,0.944702
-0.481201,-0.077637,0.739502
0.193848,0.037231,1.030640
0.051270,-0.420044,0.780762
-0.446167,0.166016,0.825928
0.446289,-0.328369,0.950684
-0.479614,-0.090454,0.736328
0.188599,0.034424,1.027588
0.066284,-0.418823,0.785645
-0.447388,0.168213,0.815430
0.453613,-0.336426,0.950562
-0.491821,-0.096680,0.726807
0.179321,0.044189,1.023804
0.087402,-0.435669,0.796143
-0.447998,0.172607,0.828125
0.452881,-0.326538,0.950806
-0.483276,-0.085571,0.739502
0.182861,0.042725,1.029907
0.093384,-0.419922,0.796997
-0.454712,0.162109,0.823120
0.456543,-0.325806,0.963013
-0.477051,-0.096680,0.743286
0.174438,0.050415,1.031616
0.089966,-0.429688,0.794067
-0.449463,0.174438,0.826782
0.470703,-0.331665,0.967041
-0.476685,-0.114014,0.727661
0.164062,0.053711,1.018433
0.101196,-0.423584,0.802002
-0.451904,0.170166,0.827637
0.473145,-0.365723,0.957886
-0.473999,-0.106445,0.738770
0.156006,0.055542,1.022217
0.102539,-0.431030,0.795776
-0.444336,0.147461,0.823608
0.467163,-0.346558,0.963501
-0.466309,-0.112793,0.736694
0.165771,0.050537,1.015503
0.099976,-0.432373,0.796265
-0.441406,0.144531,0.821289
0.475952,-0.353516,0.964478
-0.464233,-0.104492,0.736206
0.151855,0.060547,1.015625
0.108398,-0.432495,0.798828
-0.441772,0.135864,0.813354
0.475220,-0.360352,0.968262
-0.460815,-0.125977,0.738647
0.151733,0.062256,1.025391
0.103516,-0.420654,0.797607
-0.431763,0.125732,0.818237
0.481445,-0.369385,0.971313
-0.463501,-0.135742,0.731689
0.154419,0.055420,1.012817
0.106079,-0.429565,0.795532
-0.430420,0.141357,0.829346
0.491211,-0.359253,0.978638
-0.459473,-0.144409,0.735962
0.143188,0.044556,1.017700
0.111206,-0.443604,0.797241
-0.419189,0.126465,0.823242
0.496216,-0.360229,0.985596
-0.465332,-0.127930,0.741577
0.146484,0.037598,1.008545
0.110962,-0.453369,0.800415
-0.421753,0.131714,0.829224
0.491943,-0.350708,0.984863
-0.459961,-0.141113,0.734009
0.155029,0.031982,1.013672
0.116089,-0.461182,0.793335
-0.421631,0.139160,0.830933
0.501465,-0.370239,0.986572
-0.454102,-0.135620,0.741333
0.159058,0.035034,1.014648
0.117798,-0.459961,0.802246
-0.405273,0.127930,0.832397
0.495728,-0.370850,0.988159
-0.461182,-0.142944,0.736816
0.175049,0.022949,1.021484
0.103271,-0.445312,0.805908
-0.415039,0.140015,0.843018
0.504272,-0.375366,0.987915
-0.452637,-0.138428,0.737793
0.177246,0.025146,1.025146
0.100342,-0.442017,0.800537
-0.392578,0.127075,0.846191
0.499146,-0.380981,0.987549
-0.457153,-0.135254,0.750488
0.198120,0.014526,1.036255
0.092529,-0.430420,0.804688
-0.388184,0.130249,0.855591
0.503906,-0.387695,0.989502
-0.463013,-0.132690,0.736450
0.199097,0.013672,1.027344
0.104126,-0.432373,0.808350
-0.373291,0.138184,0.872559
0.502808,-0.393677,0.978882
-0.454468,-0.148315,0.750366
0.208374,-0.002686,1.020386
0.095703,-0.416382,0.810303
-0.371826,0.144043,0.866577
0.510620,-0.390381,0.985718
-0.445435,-0.140381,0.749146
0.220337,-0.013794,1.037109
0.099243,-0.438721,0.799805
-0.360474,0.128174,0.866699
0.514893,-0.378784,0.996460
-0.441406,-0.129517,0.756470
0.231323,0.000244,1.038208
0.099365,-0.437622,0.819702
-0.366821,0.129517,0.873657
0.505493,-0.386719,0.992798
-0.435669,-0.144897,0.757690
0.232788,0.003906,1.049194
0.107666,-0.432861,0.832153
-0.358398,0.141235,0.883179
0.503052,-0.370850,0.995605
-0.437622,-0.141113,0.755859
0.240845,0.008057,1.054932
0.108276,-0.425415,0.829224
-0.354004,0.138550,0.890381
0.509521,-0.375610,1.004395
-0.439453,-0.146729,0.757324
0.239624,0.009277,1.053955
0.104370,-0.421631,0.824707
-0.353149,0.130493,0.891602
0.516724,-0.370972,1.017334
-0.425781,-0.141357,0.754272
0.238647,0.010254,1.054321
0.107788,-0.411987,0.842529
-0.350342,0.118286,0.887207
0.516602,-0.370361,1.025513
-0.427368,-0.139648,0.760864
0.233887,0.029541,1.068848
0.125000,-0.410522,0.848633
-0.348755,0.125244,0.903198
0.524902,-0.379517,1.029419
-0.416992,-0.153687,0.765015
0.228394,0.035278,1.060425
0.128906,-0.405151,0.863037
-0.357300,0.135864,0.907227
0.534180,-0.377441,1.037354
-0.414673,-0.148804,0.767822
0.226807,0.037109,1.065796
0.143188,-0.411499,0.869141
-0.353271,0.140259,0.916016
0.525635,-0.357910,1.030151
-0.409424,-0.171143,0.764771
0.232178,0.036499,1.078613
0.163574,-0.416016,0.871582
-0.362427,0.151489,0.911255
0.539673,-0.357544,1.047241
-0.399170,-0.183350,0.764282
0.217163,0.039429,1.076660
0.170410,-0.419800,0.870117
-0.363159,0.155151,0.912354
0.562012,-0.357788,1.045776
-0.395386,-0.176636,0.763794
0.199463,0.043945,1.068359
0.193848,-0.423340,0.893311
-0.351074,0.121338,0.908936
0.546997,-0.327148,1.062744
-0.371704,-0.182617,0.774414
0.196289,0.044067,1.067261
0.211304,-0.425049,0.894775
-0.363159,0.114380,0.887573
0.558472,-0.319336,1.067627
-0.350952,-0.194946,0.777832
0.174683,0.067383,1.074829
0.225098,-0.439575,0.902100
-0.367065,0.110107,0.886841
0.565430,-0.307129,1.074097
-0.341309,-0.187012,0.789185
0.170532,0.075317,1.078857
0.250000,-0.437134,0.912720
-0.369873,0.093018,0.876221
0.552979,-0.306030,1.070435
-0.321655,-0.217529,0.786011
0.149536,0.086060,1.080933
0.274048,-0.442017,0.916260
-0.387939,0.086304,0.868652
0.554077,-0.306030,1.078735
-0.300415,-0.223511,0.804810
0.136841,0.106934,1.081421
0.292725,-0.425049,0.932251
-0.395996,0.082153,0.863159
0.554810,-0.293213,1.083740
-0.277954,-0.240845,0.816284
0.116455,0.118042,1.092407
0.320923,-0.432739,0.937744
-0.406372,0.092896,0.872803
0.556152,-0.265991,1.091919
-0.258545,-0.242432,0.820923
0.095459,0.117432,1.085449
0.338501,-0.421387,0.968872
-0.412720,0.079712,0.859253
0.541992,-0.241089,1.100220
-0.230103,-0.246094,0.828003
0.067383,0.138672,1.087646
0.362915,-0.431030,0.968262
-0.419678,0.081787,0.859375
0.545044,-0.231567,1.102539
-0.210205,-0.260010,0.845215
0.036743,0.149780,1.088257
0.383057,-0.421143,0.989136
-0.425537,0.076538,0.866455
0.537476,-0.208618,1.121704
-0.171143,-0.256836,0.859497
0.010132,0.165649,1.092529
0.406738,-0.412231,1.003296
-0.437378,0.069702,0.857056
0.535400,-0.190552,1.128662
-0.134033,-0.271484,0.873291
-0.029785,0.184570,1.095581
0.428223,-0.407227,1.009155
-0.440796,0.037598,0.845337
0.523926,-0.161011,1.132690
-0.065918,-0.286865,0.887207
-0.062500,0.192993,1.091553
0.451294,-0.408936,1.022461
-0.436890,0.028564,0.845459
0.502563,-0.130493,1.144775
-0.023438,-0.305908,0.893433
-0.093506,0.189453,1.076050
0.477295,-0.394409,1.033936
-0.434326,-0.002075,0.846313
0.484131,-0.093384,1.153076
0.026611,-0.329834,0.900024
-0.123901,0.204712,1.072266
0.496826,-0.371948,1.043091
-0.429565,-0.023560,0.837280
0.464600,-0.071533,1.161865
0.038452,-0.336304,0.888916
-0.143677,0.201050,1.066162
0.520752,-0.354980,1.074951
-0.425415,-0.041870,0.819702
0.428467,-0.034912,1.162720
0.049683,-0.335693,0.898926
-0.179199,0.226685,1.059204
0.550293,-0.334106,1.100464
-0.406494,-0.072144,0.819092
0.392090,-0.010742,1.148315
0.077026,-0.339966,0.900635
-0.222534,0.209717,1.035034
0.567261,-0.316650,1.113770
-0.377319,-0.113770,0.815430
0.357666,0.020752,1.139404
0.112427,-0.371826,0.906250
-0.257446,0.187012,1.009277
0.587402,-0.309326,1.123779
-0.352539,-0.155518,0.818848
0.319336,0.045898,1.149414
0.156494,-0.390381,0.918335
-0.303711,0.160034,0.962402
0.598022,-0.301880,1.130005
-0.327148,-0.183960,0.821533
0.267212,0.082397,1.144775
0.214722,-0.396484,0.944336
-0.328613,0.119263,0.925049
0.588135,-0.279541,1.116821
-0.293945,-0.206787,0.830444
0.219604,0.107056,1.143311
0.268311,-0.406860,0.950317
-0.367920,0.122314,0.915649
0.579590,-0.248901,1.127686
-0.267700,-0.232422,0.827148
0.157593,0.131226,1.128174
0.322144,-0.418091,0.963013
-0.392822,0.111084,0.900513
0.574707,-0.225098,1.134277
-0.231567,-0.229126,0.845215
0.098389,0.164795,1.130493
0.370972,-0.404419,0.994263
-0.411865,0.081299,0.886230
0.557373,-0.189087,1.143311
-0.181763,-0.260010,0.850098
0.027100,0.177734,1.112183
0.409668,-0.385498,1.009155
-0.425659,0.062500,0.864624
0.538818,-0.156860,1.150146
-0.088867,-0.297241,0.872192
-0.041870,0.182983,1.094727
0.428711,-0.376953,1.023560
-0.416748,0.014282,0.861694
0.510742,-0.118164,1.166382
-0.031372,-0.344360,0.873413
-0.101318,0.166748,1.066162
0.464355,-0.354004,1.044312
-0.419922,-0.021362,0.839966
0.477539,-0.057373,1.182129
-0.010742,-0.337646,0.870361
-0.169678,0.195190,1.059692
0.492798,-0.335083,1.067627
-0.417725,-0.058228,0.828247
0.439331,-0.016968,1.181885
0.018677,-0.321899,0.881348
-0.239868,0.214844,1.036377
0.535034,-0.322510,1.091797
-0.399658,-0.115723,0.803711
0.372437,0.016846,1.172363
0.073120,-0.323364,0.906738
-0.290161,0.188110,0.993530
0.561768,-0.305298,1.103394
-0.366821,-0.170166,0.794556
0.303467,0.047607,1.152588
0.145386,-0.346680,0.917725
-0.320312,0.169189,0.955200
0.556885,-0.296753,1.104858
-0.335815,-0.221558,0.806274
0.235718,0.057495,1.126465
0.206421,-0.386841,0.925049
-0.372559,0.147949,0.913086
0.570923,-0.266968,1.113525
-0.295654,-0.259521,0.805664
0.154419,0.079468,1.108643
0.262939,-0.393921,0.937622
-0.400513,0.120483,0.891602
0.558838,-0.229980,1.115479
-0.255859,-0.277710,0.816772
0.083130,0.101440,1.087036
0.314331,-0.389648,0.953979
-0.422607,0.086914,0.859009
0.543945,-0.181396,1.126343
-0.187744,-0.302124,0.832764
0.007690,0.119629,1.072754
0.352539,-0.385620,0.966187
-0.438354,0.045654,0.836670
0.522339,-0.156128,1.134888
-0.112793,-0.338989,0.829590
-0.049438,0.139282,1.060303
0.381714,-0.368652,0.982666
-0.450317,0.020630,0.829834
0.500610,-0.115479,1.149536
-0.096436,-0.316528,0.828857
-0.112427,0.153809,1.051392
0.424683,-0.364502,1.004639
-0.456177,-0.015625,0.816040
0.465332,-0.089844,1.155029
-0.085693,-0.303223,0.826050
-0.182861,0.176880,1.029297
0.451782,-0.346680,1.024292
-0.467041,-0.046997,0.800903
0.413086,-0.047485,1.154907
-0.052612,-0.308472,0.840454
-0.244507,0.185181,1.008301
0.493652,-0.333496,1.054077
-0.446899,-0.098511,0.779053
0.345215,-0.000977,1.141602
0.006226,-0.328369,0.843018
-0.296021,0.181274,0.966919
0.504883,-0.313721,1.061768
-0.418945,-0.167480,0.763794
0.284058,0.011841,1.122192
0.069580,-0.377075,0.856201
-0.364258,0.165771,0.931274
0.511108,-0.309814,1.064697
-0.377197,-0.217651,0.767578
0.212036,0.040283,1.101440
0.129883,-0.385498,0.874023
-0.415405,0.157715,0.897583
0.525024,-0.276733,1.072021
-0.351318,-0.235107,0.775146
0.120483,0.078857,1.078247
0.207031,-0.391602,0.903320
-0.451660,0.121216,0.862915
0.514160,-0.240479,1.077271
-0.295044,-0.271973,0.787354
0.045044,0.092529,1.065796
0.255981,-0.393799,0.908081
-0.471924,0.070801,0.827271
0.503052,-0.213745,1.078491
-0.217407,-0.281128,0.797241
-0.029907,0.102661,1.032227
0.299683,-0.401001,0.919678
-0.491211,0.049316,0.805420
0.481812,-0.169434,1.097046
-0.180786,-0.281982,0.783569
-0.104980,0.128174,1.021606
0.357544,-0.392090,0.951538
-0.504028,0.004395,0.785278
0.440186,-0.132935,1.103394
-0.150269,-0.297974,0.781860
-0.192383,0.179199,1.015503
0.401123,-0.363647,0.981689
-0.510376,-0.052368,0.753662
0.381592,-0.085571,1.101196
-0.114502,-0.299316,0.799438
-0.265869,0.178467,0.974365
0.434326,-0.348877,1.001709
-0.496582,-0.085815,0.745117
0.319092,-0.038086,1.082397
-0.060059,-0.323853,0.806885
-0.333008,0.170166,0.935303
0.451416,-0.330078,1.010010
-0.463623,-0.152466,0.725952
0.257324,0.005981,1.088379
0.004272,-0.354248,0.815430
-0.410156,0.172607,0.906372
0.470703,-0.310547,1.026978
-0.443970,-0.186646,0.731689
0.173340,0.035767,1.070557
0.080078,-0.393311,0.829712
-0.463623,0.156860,0.862549
0.479858,-0.289551,1.035522
-0.410278,-0.196045,0.747803
0.093994,0.065063,1.049805
0.148193,-0.401978,0.850342
-0.499756,0.135254,0.833618
0.477539,-0.261230,1.034302
-0.326538,-0.255005,0.755493
0.023682,0.096069,1.041016
0.208496,-0.408447,0.860840
-0.526245,0.100220,0.799561
0.459961,-0.233643,1.041260
-0.274292,-0.299805,0.746338
-0.055298,0.102051,1.011353
0.266602,-0.418823,0.886841
-0.543945,0.069214,0.781860
0.439697,-0.189087,1.046997
-0.224731,-0.298584,0.740234
-0.131470,0.139160,0.992676
0.309814,-0.407471,0.903687
-0.553467,0.025513,0.763062
0.403076,-0.160278,1.051880
-0.202271,-0.308228,0.736450
-0.220947,0.178101,0.975464
0.359863,-0.387817,0.933716
-0.555420,-0.012451,0.751709
0.356689,-0.108765,1.047729
-0.164673,-0.311890,0.756592
-0.292236,0.168701,0.934082
0.392212,-0.365723,0.954224
-0.540039,-0.072510,0.722168
0.298218,-0.047607,1.056763
-0.108032,-0.351929,0.756714
-0.370605,0.179443,0.901489
0.419312,-0.352539,0.966064
-0.511353,-0.107178,0.713867
0.231323,-0.010376,1.048828
-0.041992,-0.373779,0.772705
-0.443115,0.197998,0.886963
0.439331,-0.335205,0.989014
-0.484497,-0.171875,0.702515
0.146729,0.048584,1.038330
0.036865,-0.385620,0.798706
-0.498779,0.186035,0.861206
0.452515,-0.313965,0.994873
-0.435669,-0.200562,0.725342
0.079468,0.078979,1.036255
0.109375,-0.399658,0.818848
-0.537964,0.159302,0.822510
0.449585,-0.295654,0.987305
-0.352539,-0.224243,0.754639
0.016235,0.093750,1.015503
0.166382,-0.413696,0.834595
-0.562622,0.135498,0.792114
0.439819,-0.264404,0.998413
-0.293213,-0.290039,0.730103
-0.064209,0.116577,0.987793
0.231567,-0.415283,0.855591
-0.579102,0.116577,0.780396
0.426880,-0.221313,1.006226
-0.252686,-0.303955,0.716675
-0.137573,0.149536,0.971680
0.287842,-0.411377,0.880249
-0.587158,0.082886,0.762207
0.388306,-0.176025,1.012939
-0.213745,-0.311401,0.721436
-0.218384,0.160156,0.959106
0.336426,-0.398682,0.907471
-0.586548,0.040527,0.744873
0.353638,-0.124023,1.020752
-0.175537,-0.327393,0.725342
-0.293457,0.173218,0.921997
0.362549,-0.383423,0.923950
-0.576050,-0.009644,0.727905
0.303833,-0.079956,1.026489
-0.133545,-0.350464,0.738770
-0.377930,0.191650,0.898682
0.397705,-0.358032,0.942017
-0.552490,-0.053223,0.711426
0.226685,-0.011841,1.016968
-0.071167,-0.366089,0.762817
-0.447998,0.207520,0.887207
0.420898,-0.331543,0.964722
-0.523804,-0.112549,0.696411
0.148804,0.041382,1.013550
0.004883,-0.375977,0.790405
-0.501709,0.213745,0.871094
0.433105,-0.308472,0.974243
-0.456543,-0.172485,0.719971
0.068604,0.090576,1.017944
0.090454,-0.402344,0.809570
-0.548462,0.201904,0.839478
0.437378,-0.265015,0.984741
-0.366211,-0.213135,0.731934
0.001343,0.113159,1.000854
0.170776,-0.414673,0.828003
-0.581543,0.176270,0.806274
0.423096,-0.227295,0.991699
-0.279907,-0.276123,0.716553
-0.082764,0.144653,0.977173
0.248291,-0.411255,0.859253
-0.591797,0.136108,0.783691
0.404175,-0.184692,1.000610
-0.220093,-0.313721,0.708984
-0.172485,0.161987,0.958130
0.307617,-0.399048,0.886353
-0.590820,0.094116,0.765503
0.374878,-0.124756,1.017334
-0.179077,-0.336304,0.712280
-0.260010,0.176025,0.926758
0.359741,-0.392456,0.901978
-0.575073,0.041626,0.738403
0.315063,-0.073730,1.008423
-0.124023,-0.367920,0.714355
-0.352417,0.202026,0.897217
0.394897,-0.369019,0.921021
-0.557495,-0.033936,0.703735
0.236328,-0.016235,1.004761
-0.057617,-0.371094,0.749878
-0.430298,0.219849,0.886353
0.419922,-0.326172,0.955566
-0.513184,-0.096191,0.703857
0.144165,0.053711,1.012817
0.021118,-0.367310,0.789062
-0.505493,0.230957,0.859131
0.429688,-0.289917,0.966675
-0.433838,-0.166992,0.734619
0.069458,0.101807,1.017944
0.108154,-0.383179,0.819946
-0.559082,0.210815,0.819946
0.435547,-0.249023,0.980713
-0.326538,-0.245728,0.724365
-0.018066,0.135742,0.995361
0.197144,-0.405396,0.843628
-0.578491,0.194824,0.800659
0.427490,-0.213623,0.994385
-0.244629,-0.282837,0.733643
-0.111694,0.158325,0.973145
0.274902,-0.401367,0.867432
-0.589478,0.150757,0.778198
0.416260,-0.170166,1.003296
-0.185059,-0.315186,0.724121
-0.192139,0.169189,0.939819
0.332886,-0.398071,0.890015
-0.588623,0.095337,0.761108
0.369141,-0.109619,1.010132
-0.132568,-0.351318,0.721436
-0.279419,0.182495,0.898682
0.372925,-0.376953,0.908936
-0.560913,0.031860,0.739136
0.301514,-0.053833,0.999268
-0.076294,-0.371216,0.740112
-0.362793,0.201538,0.884888
0.405762,-0.334351,0.937134
-0.539551,-0.058716,0.704712
0.217163,-0.000854,0.991455
-0.018555,-0.371216,0.769287
-0.434814,0.227661,0.872559
0.427368,-0.304810,0.961914
-0.490967,-0.110718,0.729736
0.135010,0.061646,1.015137
0.050415,-0.375000,0.795288
-0.493042,0.232300,0.850586
0.437744,-0.224243,1.006592
-0.407593,-0.151245,0.748779
-0.058838,0.139404,0.989990
0.224243,-0.421509,0.840088
-0.594360,0.150024,0.776123
0.421021,-0.194702,1.002930
-0.232666,-0.290894,0.719482
-0.146606,0.150635,0.967896
0.293579,-0.403809,0.877075
-0.592163,0.108765,0.757935
0.390137,-0.145752,1.006592
-0.180420,-0.322388,0.718994
-0.226562,0.171387,0.931396
0.345947,-0.392334,0.895752
-0.587891,0.043579,0.733032
0.333496,-0.089233,1.013916
-0.138428,-0.358521,0.707031
-0.315796,0.187378,0.906982
0.391113,-0.376953,0.916016
-0.564819,-0.005493,0.709839
0.266602,-0.037476,1.002319
-0.094482,-0.356201,0.743530
-0.385010,0.212891,0.890015
0.410034,-0.353027,0.934326
-0.548828,-0.075562,0.694824
0.195679,0.011597,0.997070
-0.027344,-0.371582,0.761841
-0.453735,0.235229,0.879517
0.429565,-0.314697,0.966309
-0.492676,-0.112183,0.715820
0.119629,0.068848,1.013672
0.039185,-0.395874,0.782349
-0.520874,0.233765,0.856934
0.449951,-0.287720,0.973389
-0.419312,-0.167969,0.732788
0.062378,0.102295,1.018921
0.107666,-0.404785,0.797974
-0.557373,0.222900,0.827393
0.449829,-0.256714,0.978271
-0.330688,-0.200562,0.745361
-0.004639,0.125122,0.997559
0.188599,-0.397339,0.830566
-0.577148,0.197144,0.797241
0.441284,-0.215820,0.988647
-0.263306,-0.239136,0.747192
-0.072754,0.150757,0.975342
0.244873,-0.396729,0.862305
-0.592651,0.157471,0.778442
0.422974,-0.169434,0.998047
-0.211304,-0.293701,0.742432
-0.138428,0.165039,0.958984
0.302979,-0.389648,0.886108
-0.589844,0.103271,0.764648
0.392822,-0.125977,1.011108
-0.156372,-0.311157,0.737671
-0.214111,0.177368,0.928467
0.361206,-0.391846,0.904053
-0.579956,0.072754,0.744873
0.344727,-0.078491,1.011719
-0.107056,-0.359985,0.726440
-0.295410,0.198730,0.892456
0.400391,-0.356201,0.927246
-0.564087,0.004761,0.729004
0.276978,-0.037109,0.994141
-0.065430,-0.382080,0.736694
-0.372803,0.209473,0.874756
0.430908,-0.334106,0.943848
-0.526001,-0.059082,0.708374
0.200195,0.004883,0.999756
-0.014648,-0.389648,0.756470
-0.430176,0.227295,0.859009
0.444702,-0.310425,0.955200
-0.488525,-0.107910,0.729858
0.143921,0.054199,1.018799
0.047729,-0.406494,0.778198
-0.498901,0.228149,0.836792
0.456665,-0.274292,0.974365
-0.407471,-0.123413,0.758789
0.081909,0.099487,1.021118
0.107056,-0.401245,0.802124
-0.542847,0.211060,0.809326
0.460205,-0.247803,0.980469
-0.339478,-0.173706,0.761841
0.016846,0.133545,1.008545
0.184448,-0.401245,0.836670
-0.568604,0.184570,0.792847
0.442017,-0.218140,0.984619
-0.270630,-0.226685,0.754395
-0.046387,0.160645,0.994507
0.257080,-0.402588,0.860352
-0.584351,0.157104,0.785034
0.433350,-0.185547,0.997803
-0.200562,-0.257935,0.763794
-0.116699,0.164917,0.953979
0.313599,-0.392700,0.888550
-0.579956,0.124268,0.769775
0.401367,-0.135254,1.009155
-0.136475,-0.315186,0.754883
-0.206543,0.176758,0.917847
0.366333,-0.376587,0.913696
-0.554688,0.084106,0.762085
0.354370,-0.084839,1.004761
-0.082886,-0.366455,0.743042
-0.281128,0.182251,0.890991
0.407715,-0.375366,0.928711
-0.535522,-0.006104,0.741333
0.289307,-0.050537,0.994019
-0.031860,-0.386108,0.735840
-0.355347,0.185791,0.863281
0.432617,-0.351318,0.935059
-0.515015,-0.061035,0.735840
0.218994,0.005005,1.004883
0.019531,-0.408936,0.759644
-0.431152,0.193970,0.833740
0.449097,-0.320801,0.959839
-0.469360,-0.121948,0.740601
0.149902,0.060669,1.023560
0.068726,-0.418335,0.780396
-0.491577,0.196655,0.814697
0.462891,-0.283447,0.970337
-0.410645,-0.152100,0.745361
0.083984,0.101196,1.029053
0.129639,-0.418213,0.802124
-0.536499,0.190796,0.793579
0.466309,-0.266724,0.974731
-0.332764,-0.154297,0.778687
0.014526,0.125122,1.010742
0.210449,-0.419434,0.837769
-0.563599,0.159546,0.780762
0.461792,-0.233154,0.990845
-0.255371,-0.185425,0.786743
-0.054688,0.144531,0.981079
0.270630,-0.417480,0.867920
-0.567627,0.118408,0.768066
0.441162,-0.189087,1.001587
-0.171631,-0.254639,0.788940
-0.126343,0.160156,0.951904
0.321533,-0.408691,0.893799
-0.562012,0.101562,0.772827
0.411621,-0.150024,1.009644
-0.104980,-0.313477,0.785645
-0.197632,0.157227,0.923462
0.375732,-0.400879,0.904297
-0.546021,0.042480,0.757080
0.363403,-0.101685,1.007324
-0.051758,-0.362671,0.764282
-0.270386,0.174316,0.890625
0.415039,-0.389648,0.930176
-0.532715,-0.017822,0.749756
0.295654,-0.060181,0.994995
0.000000,-0.390503,0.764893
-0.339478,0.158325,0.861450
0.447388,-0.369873,0.945312
-0.501343,-0.082642,0.733521
0.221558,0.002930,1.002563
0.041138,-0.413330,0.770386
-0.397583,0.158081,0.834595
0.456787,-0.354980,0.956299
-0.463013,-0.127563,0.740479
0.153198,0.043213,1.006714
0.084961,-0.433105,0.780518
-0.456665,0.156616,0.810059
0.469604,-0.318604,0.971313
-0.414185,-0.153564,0.754517
0.082031,0.081787,1.011475
0.140259,-0.445923,0.802124
-0.496094,0.150757,0.798706
0.477417,-0.288574,0.989502
-0.358032,-0.162354,0.776978
0.014648,0.113770,1.008179
0.211304,-0.457520,0.831421
-0.532104,0.122681,0.770386
0.471680,-0.248779,1.007324
-0.280640,-0.200439,0.794556
-0.056030,0.134766,0.990845
0.268188,-0.471436,0.853394
-0.541260,0.099487,0.757324
0.443359,-0.208740,1.014160
-0.191406,-0.228271,0.800293
-0.108398,0.141357,0.974365
0.320923,-0.461304,0.881470
-0.554932,0.085205,0.761963
0.418213,-0.166382,1.023560
-0.115723,-0.297119,0.801147
-0.160400,0.166626,0.960938
0.367554,-0.437134,0.913330
-0.548950,0.055054,0.768066
0.389282,-0.137695,1.015991
-0.056274,-0.337769,0.789673
-0.229980,0.156982,0.928711
0.416138,-0.429565,0.930176
-0.529907,-0.008545,0.757935
0.332642,-0.095947,1.000366
-0.008789,-0.371948,0.791016
-0.283203,0.137451,0.885620
0.450439,-0.410034,0.955444
-0.491699,-0.072998,0.761475
0.270996,-0.059814,1.001465
0.037842,-0.415894,0.786377
-0.335938,0.139038,0.870850
0.474854,-0.382324,0.963867
-0.474365,-0.119385,0.750244
0.215576,-0.018799,1.010376
0.082031,-0.446899,0.778931
-0.394287,0.141968,0.839478
0.489136,-0.360107,0.979492
-0.440918,-0.168091,0.749878
0.150269,0.024658,1.018921
0.118042,-0.449341,0.794556
-0.440063,0.131592,0.810303
0.500000,-0.322754,1.000977
-0.384644,-0.151611,0.775024
0.085449,0.061768,1.015625
0.177856,-0.476807,0.811157
-0.473999,0.108032,0.796021
0.503296,-0.288208,1.019531
-0.334961,-0.188232,0.785156
0.025879,0.109375,1.028931
0.245239,-0.493408,0.840576
-0.504395,0.068481,0.768555
0.482544,-0.287720,1.011597
-0.276001,-0.217773,0.794189
-0.027832,0.128174,1.022095
0.293213,-0.483765,0.873657
-0.515503,0.068726,0.769287
0.460327,-0.240845,1.023193
-0.216064,-0.212036,0.824707
-0.067627,0.137817,1.017700
0.333374,-0.470215,0.893677
-0.521729,0.068970,0.782227
0.435303,-0.203247,1.035278
-0.150391,-0.252441,0.833252
-0.108521,0.144653,1.003906
0.376343,-0.459595,0.918213
-0.519043,0.047119,0.782959
0.419556,-0.174194,1.031372
-0.081787,-0.314697,0.826416
-0.161987,0.150757,0.976807
0.417725,-0.444336,0.956055
-0.504028,0.007690,0.776123
0.388062,-0.133667,1.034912
-0.026123,-0.368896,0.806519
-0.209106,0.170044,0.968750
0.456665,-0.431030,0.963379
-0.490112,-0.042236,0.768677
0.350830,-0.104614,1.036987
0.019287,-0.399658,0.811768
-0.247192,0.148682,0.934082
0.483032,-0.413208,0.981934
-0.474854,-0.076782,0.762939
0.313232,-0.056763,1.040894
0.057983,-0.423096,0.816895
-0.288330,0.135620,0.920044
0.499023,-0.402466,1.003174
-0.449463,-0.115112,0.771362
0.277222,-0.029419,1.044312
0.078613,-0.419312,0.823486
-0.321289,0.124023,0.902466
0.512085,-0.380981,1.013306
-0.430176,-0.145020,0.762329
0.244751,-0.008423,1.054688
0.097534,-0.419922,0.833008
-0.349121,0.129639,0.878418
0.519897,-0.371460,1.016235
-0.408691,-0.159912,0.771851
0.215332,0.026245,1.058838
0.140625,-0.418945,0.847900
-0.381592,0.130615,0.877197
0.543945,-0.380127,1.028564
-0.395874,-0.199463,0.755127
0.170898,0.052490,1.053833
0.185547,-0.434326,0.859497
-0.394043,0.118164,0.864746
0.546021,-0.350342,1.045044
-0.360474,-0.212036,0.768555
0.143921,0.061035,1.057617
0.217651,-0.453003,0.870483
-0.404785,0.101318,0.840576
0.545288,-0.332764,1.041260
-0.333496,-0.202148,0.788330
0.121948,0.072998,1.053833
0.255249,-0.461182,0.885742
-0.419800,0.075195,0.829224
0.535645,-0.304199,1.050415
-0.314697,-0.213135,0.789062
0.107788,0.087280,1.065918
0.284912,-0.460205,0.903564
-0.439575,0.086548,0.830688
0.535767,-0.291748,1.056030
-0.286499,-0.221680,0.801758
0.081055,0.109375,1.073364
0.304810,-0.466309,0.921997
-0.444458,0.088135,0.824707
0.520386,-0.279785,1.060791
-0.258179,-0.221802,0.825928
0.061890,0.109253,1.077148
0.332275,-0.469238,0.927246
-0.442627,0.078003,0.827026
0.518188,-0.253418,1.067261
-0.246460,-0.213135,0.831787
0.052490,0.119507,1.067139
0.348999,-0.469238,0.936401
-0.450195,0.066162,0.827759
0.525024,-0.242432,1.082275
-0.229126,-0.226196,0.841064
0.030396,0.124634,1.075195
0.368286,-0.476807,0.949463
-0.446167,0.073608,0.831787
0.517822,-0.208130,1.087646
-0.214966,-0.215210,0.842529
0.026245,0.123535,1.069458
0.375244,-0.463501,0.955322
-0.446289,0.068848,0.831787
0.519409,-0.207031,1.098877
-0.192871,-0.223145,0.854736
0.010254,0.141602,1.076660
0.395264,-0.454712,0.967773
-0.438721,0.083008,0.836792
0.518555,-0.186890,1.110718
-0.182983,-0.233398,0.853638
0.010742,0.132446,1.073730
0.394775,-0.461304,0.969604
-0.451416,0.089722,0.841309
0.534424,-0.176392,1.120605
-0.172974,-0.231445,0.850830
-0.000488,0.146606,1.068848
0.405151,-0.453247,0.972656
-0.442871,0.081055,0.844604
0.526245,-0.183228,1.111938
-0.159790,-0.223633,0.873901
0.009521,0.150757,1.088867
0.405396,-0.453125,0.982422
-0.439819,0.078613,0.846924
0.529785,-0.174927,1.126587
-0.167969,-0.230103,0.865234
-0.002319,0.175537,1.094238
0.414917,-0.451904,0.980347
-0.425049,0.064331,0.858154
0.531494,-0.187012,1.122803
-0.185303,-0.219727,0.867188
0.015137,0.157349,1.079468
0.415771,-0.452881,0.988159
-0.430420,0.063965,0.853271
0.537231,-0.182373,1.136353
-0.183716,-0.228638,0.864502
0.018921,0.149292,1.086182
0.396362,-0.467041,0.974731
-0.424561,0.076294,0.861328
0.559326,-0.192139,1.134766
-0.201904,-0.227661,0.851929
0.043091,0.146729,1.082153
0.389771,-0.457886,0.972778
-0.410645,0.091064,0.872925
0.564209,-0.212280,1.137329
-0.230347,-0.223999,0.847168
0.068237,0.140869,1.089600
0.385254,-0.462036,0.974121
-0.402344,0.100220,0.878662
0.561401,-0.237549,1.122314
-0.261841,-0.231201,0.837646
0.108398,0.115723,1.092773
0.355225,-0.444946,0.975952
-0.382690,0.091553,0.892334
0.572510,-0.249756,1.120239
-0.277588,-0.240479,0.827881
0.144165,0.109985,1.111328
0.321411,-0.446289,0.948975
-0.374756,0.119995,0.901123
0.593140,-0.264282,1.122925
-0.298828,-0.230713,0.813721
0.177734,0.075439,1.104126
0.289185,-0.441162,0.968018
-0.346924,0.098755,0.921509
0.598145,-0.278687,1.130493
-0.329712,-0.211792,0.803467
0.216919,0.066040,1.111206
0.257568,-0.426636,0.951660
-0.327271,0.131592,0.937744
0.593018,-0.275635,1.117798
-0.344971,-0.203003,0.795654
0.259521,0.051025,1.130615
0.221680,-0.422607,0.940918
-0.305054,0.185791,0.974731
0.582397,-0.290527,1.115479
-0.369141,-0.163574,0.805664
0.306274,0.011108,1.129517
0.174927,-0.398193,0.935425
-0.275024,0.181885,0.995117
0.572388,-0.288330,1.117676
-0.381226,-0.152954,0.803955
0.358154,0.008301,1.142944
0.132324,-0.348511,0.934082
-0.266724,0.232178,1.023926
0.571289,-0.322388,1.099731
-0.395020,-0.118530,0.807983
0.387085,-0.007812,1.156250
0.088135,-0.325073,0.920898
-0.229980,0.226318,1.047241
0.551147,-0.322266,1.099854
-0.406738,-0.098022,0.808472
0.416260,-0.017090,1.168579
0.055786,-0.324707,0.906250
-0.194336,0.223022,1.057983
0.536011,-0.317871,1.092529
-0.435181,-0.066284,0.802612
0.444214,-0.061157,1.159424
0.040771,-0.339478,0.901123
-0.176514,0.218506,1.051392
0.509399,-0.338135,1.067627
-0.436523,-0.054321,0.817871
0.475098,-0.069946,1.178467
0.001709,-0.331665,0.885132
-0.159912,0.244019,1.071777
0.504639,-0.372070,1.046387
-0.438477,-0.010254,0.851074
0.493286,-0.082642,1.178467
-0.022095,-0.337280,0.874634
-0.114014,0.188721,1.059204
0.472778,-0.370728,1.039429
-0.440552,0.011230,0.852539
0.526245,-0.096558,1.171753
-0.041992,-0.302979,0.879883
-0.070190,0.177124,1.067505
0.431885,-0.384155,1.005981
-0.446289,0.034790,0.861206
0.555542,-0.164429,1.165161
-0.075439,-0.281494,0.893311
-0.041504,0.165405,1.071777
0.407593,-0.403809,0.996338
-0.433838,0.039429,0.862061
0.562500,-0.175415,1.162231
-0.139648,-0.275879,0.872681
0.008423,0.147705,1.087158
0.377319,-0.427002,0.966187
-0.423706,0.072021,0.877441
0.570801,-0.212769,1.145142
-0.213989,-0.256348,0.837280
0.056274,0.136230,1.102417
0.354614,-0.428101,0.957764
-0.422119,0.102539,0.892822
0.576050,-0.210571,1.135986
-0.265869,-0.230225,0.823608
0.099609,0.117798,1.111450
0.321289,-0.444458,0.942139
-0.406738,0.130615,0.908081
0.576538,-0.244385,1.118286
-0.305542,-0.227051,0.807861
0.151245,0.097534,1.116821
0.273071,-0.426880,0.931885
-0.392700,0.148926,0.921631
0.570068,-0.268921,1.109131
-0.324463,-0.228027,0.801025
0.207520,0.086548,1.131104
0.229126,-0.410767,0.937378
-0.376953,0.152344,0.920166
0.560547,-0.274902,1.100464
-0.353271,-0.204834,0.788086
0.262085,0.075562,1.150879
0.163330,-0.413208,0.895752
-0.349609,0.168457,0.934326
0.550903,-0.304077,1.079102
-0.373901,-0.176880,0.785645
0.303223,0.020020,1.146729
0.110718,-0.358032,0.909790
-0.320557,0.164795,0.958740
0.522583,-0.323853,1.061157
-0.392944,-0.158081,0.778442
0.351562,0.018433,1.155273
0.059448,-0.325806,0.889160
-0.304321,0.198730,0.984985
0.517334,-0.338501,1.057983
-0.424072,-0.109131,0.785645
0.374756,0.006592,1.155640
0.017944,-0.322388,0.867432
-0.272461,0.203491,1.002930
0.502930,-0.343628,1.046021
-0.455688,-0.076416,0.791748
0.409180,-0.021240,1.164673
-0.019653,-0.324951,0.849365
-0.237305,0.175537,0.996826
0.473877,-0.336792,1.036255
-0.479858,-0.030396,0.800049
0.439453,-0.061523,1.160156
-0.058350,-0.324463,0.832397
-0.222656,0.190308,1.014893
0.464478,-0.358276,1.022339
-0.475464,-0.011230,0.814087
0.447754,-0.080811,1.142090
-0.091431,-0.317871,0.819214
-0.197144,0.174072,1.015015
0.432373,-0.369019,0.994019
-0.481445,-0.006470,0.812744
0.476318,-0.114258,1.163940
-0.121582,-0.308228,0.802246
-0.159424,0.176514,1.018433
0.413452,-0.387329,0.983032
-0.486084,0.012451,0.811890
0.486694,-0.131104,1.141113
-0.132690,-0.319336,0.804077
-0.144043,0.166382,1.023438
0.405029,-0.407227,0.966919
-0.489990,0.030762,0.823242
0.483643,-0.145020,1.119385
-0.157227,-0.318237,0.788940
-0.104126,0.144775,1.029297
0.377197,-0.390991,0.955566
-0.504883,0.039429,0.801514
0.494629,-0.167725,1.120239
-0.172119,-0.313477,0.777466
-0.078491,0.128906,1.019043
0.354126,-0.406128,0.927368
-0.497070,0.050049,0.822388
0.500244,-0.183716,1.113770
-0.189819,-0.322510,0.767212
-0.078979,0.150391,1.021240
0.352295,-0.429077,0.917480
-0.502441,0.060669,0.824097
0.492310,-0.203003,1.092529
-0.205444,-0.321167,0.774292
-0.044434,0.119873,1.026855
0.321655,-0.424927,0.906616
-0.508789,0.092529,0.826172
0.500244,-0.224609,1.085327
-0.222534,-0.306030,0.774902
-0.026978,0.097778,1.021606
0.289307,-0.417114,0.899170
-0.503784,0.095947,0.823608
0.508667,-0.243774,1.081665
-0.259277,-0.312744,0.761475
0.004761,0.104736,1.040039
0.267090,-0.416382,0.887451
-0.510132,0.127197,0.832397
0.508545,-0.265503,1.057739
-0.293335,-0.261475,0.772461
0.033691,0.093750,1.034668
0.229004,-0.409668,0.871948
-0.491455,0.104736,0.831055
0.503418,-0.274536,1.051392
-0.325317,-0.274902,0.752075
0.058838,0.106567,1.054932
0.198730,-0.420410,0.850586
-0.494995,0.153931,0.849854
0.507080,-0.307983,1.035645
-0.390015,-0.196167,0.755981
0.081421,0.087280,1.054077
0.172485,-0.415283,0.864014
-0.476318,0.124390,0.854980
0.480469,-0.283813,1.033813
-0.425049,-0.201172,0.730835
0.115112,0.087524,1.067871
0.146729,-0.428955,0.840088
-0.477661,0.155518,0.872925
0.465454,-0.293945,1.016479
-0.456421,-0.189575,0.727905
0.139771,0.057129,1.049927
0.126099,-0.414307,0.848389
-0.481445,0.182617,0.871948
0.453247,-0.303101,1.009033
-0.467773,-0.183105,0.717896
0.164795,0.038452,1.059937
0.088989,-0.390991,0.847900
-0.481567,0.178467,0.880127
0.458740,-0.313843,1.013062
-0.484863,-0.169312,0.717285
0.164917,0.024414,1.050415
0.071533,-0.391724,0.837158
-0.461670,0.194580,0.884155
0.446777,-0.288330,1.014038
-0.494263,-0.152710,0.709717
0.189331,0.019653,1.069824
0.046509,-0.412842,0.822021
-0.467896,0.197388,0.879517
0.434937,-0.324341,0.986694
-0.498169,-0.151001,0.704834
0.210449,0.001709,1.060059
0.009521,-0.364502,0.821045
-0.440063,0.199707,0.893188
0.433716,-0.335083,0.981689
-0.522095,-0.123657,0.697632
0.235596,-0.009521,1.060181
-0.013062,-0.361084,0.807739
-0.433960,0.199219,0.902466
0.429321,-0.375854,0.970947
-0.526611,-0.103760,0.705688
0.244263,-0.014038,1.050415
-0.051270,-0.337402,0.797729
-0.416138,0.195435,0.909424
0.420044,-0.385010,0.954468
-0.537720,-0.061035,0.710449
0.278198,-0.033813,1.056030
-0.077148,-0.331055,0.795532
-0.397827,0.207886,0.902344
0.406494,-0.368652,0.937988
-0.551392,-0.045898,0.717285
0.302368,-0.054688,1.058960
-0.119141,-0.331543,0.765015
-0.364014,0.204102,0.912964
0.397827,-0.383301,0.933105
-0.560303,-0.055542,0.709595
0.315674,-0.083130,1.047607
-0.142090,-0.349487,0.753540
-0.346069,0.199463,0.914062
0.389648,-0.387451,0.932373
-0.558472,0.002075,0.745239
0.328003,-0.080200,1.042358
-0.158203,-0.317627,0.755127
-0.310303,0.157715,0.909424
0.366699,-0.406250,0.909790
-0.574219,-0.004883,0.724365
0.354004,-0.105225,1.039062
-0.170776,-0.302002,0.745361
-0.276123,0.174927,0.936279
0.353027,-0.397339,0.911621
-0.590698,0.028198,0.728149
0.375244,-0.136475,1.037354
-0.185181,-0.330811,0.731934
-0.251343,0.159912,0.938599
0.332642,-0.408203,0.893188
-0.591431,0.044189,0.741821
0.341431,-0.054810,1.088989
-0.213013,-0.306885,0.730103
-0.300659,0.192627,0.961182
0.411011,-0.377441,0.968994
-0.552124,-0.035278,0.736084
0.368286,-0.115479,1.074707
-0.119019,-0.312622,0.803345
-0.280151,0.193237,0.963135
0.375244,-0.371460,0.936890
-0.547485,-0.021118,0.743164
0.400757,-0.136108,1.078247
-0.171143,-0.304810,0.771118
-0.230835,0.174561,0.983887
0.364868,-0.411621,0.921509
-0.568359,0.025757,0.760376
0.423462,-0.162720,1.078369
-0.189575,-0.299683,0.755981
-0.198608,0.166626,0.965454
0.337524,-0.428223,0.894653
-0.552246,0.041382,0.776489
0.445435,-0.183594,1.063110
-0.237915,-0.284790,0.730591
-0.158081,0.156250,0.963989
0.315918,-0.447998,0.886475
-0.547607,0.060669,0.780151
0.453003,-0.199341,1.058105
-0.269165,-0.281128,0.726074
-0.089355,0.119995,0.978516
0.279663,-0.433838,0.875244
-0.555298,0.105103,0.796509
0.457764,-0.235718,1.029785
-0.307983,-0.280640,0.728760
-0.039917,0.107422,0.998169
0.242310,-0.437378,0.856689
-0.559692,0.140869,0.810913
0.461304,-0.275635,1.006958
-0.337158,-0.255737,0.736328
-0.016113,0.102905,1.003906
0.216309,-0.438843,0.853027
-0.551270,0.141113,0.809937
0.460327,-0.276001,1.013428
-0.367798,-0.218384,0.747925
0.006714,0.096191,1.017212
0.191162,-0.439575,0.848511
-0.547119,0.159790,0.819336
0.460815,-0.285156,1.006348
-0.389160,-0.197632,0.735352
0.029541,0.085327,1.018921
0.177490,-0.444702,0.830933
-0.553345,0.180420,0.822266
0.454224,-0.285278,0.995117
-0.396118,-0.236206,0.718994
0.038818,0.088623,1.032349
0.150391,-0.439575,0.829834
-0.553223,0.177002,0.820190
0.444702,-0.301147,0.984131
-0.420410,-0.170410,0.732178
0.063721,0.088867,1.027588
0.136353,-0.429932,0.830566
-0.549438,0.186523,0.832764
0.438721,-0.311401,0.975464
-0.454834,-0.185059,0.711914
0.088867,0.083008,1.033936
0.115601,-0.412842,0.825562
-0.545532,0.209229,0.849365
0.437744,-0.317017,0.968872
-0.478394,-0.179321,0.700073
0.106689,0.069580,1.032104
0.079956,-0.415649,0.811035
-0.541626,0.227417,0.862305
0.451782,-0.334961,0.970947
-0.494385,-0.115967,0.723389
0.111694,0.069458,1.034912
0.056763,-0.422119,0.795898
-0.511353,0.208252,0.854492
0.441162,-0.334839,0.964233
-0.501465,-0.134521,0.708008
0.132202,0.055176,1.032349
0.026001,-0.401611,0.793579
-0.514648,0.227783,0.869141
0.456909,-0.359009,0.967529
-0.523071,-0.150391,0.687744
0.137939,0.043091,1.023315
0.018921,-0.395508,0.787842
-0.499023,0.242310,0.883545
0.440552,-0.334717,0.970581
-0.513306,-0.144653,0.698120
0.141724,0.044067,1.020264
-0.008789,-0.413452,0.766602
-0.487305,0.236938,0.878784
0.447510,-0.360107,0.956543
-0.536011,-0.113647,0.693970
0.158569,0.019043,1.007568
-0.011719,-0.410034,0.776611
-0.467285,0.226440,0.881836
0.424316,-0.347656,0.950562
-0.541382,-0.111206,0.686646
0.186035,0.012817,1.025513
-0.031982,-0.392578,0.768188
-0.463745,0.242065,0.887207
0.430054,-0.362671,0.946411
-0.549683,-0.083984,0.698608
0.200317,0.003052,1.023315
-0.042725,-0.394409,0.768066
-0.450073,0.218994,0.868896
0.422119,-0.350098,0.944214
-0.555054,-0.068848,0.690796
0.221802,-0.013428,1.015503
-0.061279,-0.381592,0.759033
-0.438721,0.214111,0.874146
0.418335,-0.357544,0.942383
-0.550171,-0.056030,0.689453
0.232666,-0.010864,1.026855
-0.067749,-0.394165,0.751099
-0.436646,0.245850,0.883301
0.422852,-0.371338,0.928467
-0.556030,-0.056763,0.709351
0.233276,-0.024414,1.013184
-0.077271,-0.386963,0.752686
-0.424805,0.234741,0.891113
0.422852,-0.370117,0.932129
-0.555176,-0.058838,0.697144
0.231689,-0.020508,1.009521
-0.076538,-0.397461,0.740845
-0.421509,0.234863,0.890625
0.425903,-0.360352,0.938721
-0.545044,-0.035278,0.717163
0.225220,-0.006348,1.014038
-0.068726,-0.396606,0.739502
-0.413696,0.220215,0.880859
0.417114,-0.367188,0.928345
-0.562378,-0.037598,0.703613
0.238525,-0.012695,1.006592
-0.071167,-0.357788,0.750122
-0.411499,0.216553,0.881592
0.418213,-0.348633,0.936279
-0.554199,-0.051514,0.702759
0.226318,-0.008789,1.003662
-0.051147,-0.393066,0.754028
-0.411377,0.211670,0.871704
0.427490,-0.345703,0.943359
-0.561401,-0.053345,0.693359
0.223877,-0.016968,1.000366
-0.039062,-0.405884,0.750244
-0.428955,0.220581,0.873047
0.430298,-0.346191,0.928711
-0.538574,-0.029663,0.710938
0.235840,-0.005493,1.018188
-0.039429,-0.403442,0.743164
-0.435303,0.219116,0.863770
0.425537,-0.343506,0.932617
-0.540527,-0.041504,0.707520
0.223999,-0.015503,1.002686
-0.033447,-0.400757,0.752686
-0.437256,0.234009,0.866211
0.428955,-0.340576,0.934814
-0.530762,-0.060669,0.708252
0.223022,-0.003418,1.010376
-0.033203,-0.386108,0.752441
-0.440552,0.244995,0.866089
0.435791,-0.344116,0.936646
-0.531006,-0.071411,0.702759
0.207275,0.017822,1.019287
-0.017578,-0.401855,0.763550
-0.448853,0.239868,0.872803
0.438599,-0.357910,0.939819
-0.525269,-0.064575,0.708862
0.196777,0.033691,1.023071
-0.010010,-0.391602,0.762207
-0.458740,0.232300,0.864258
0.436890,-0.331787,0.950073
-0.514038,-0.072510,0.710693
0.177124,0.044922,1.016602
0.011963,-0.397705,0.771484
-0.467041,0.230591,0.858887
0.445068,-0.319824,0.950684
-0.509644,-0.072754,0.713745
0.173096,0.049683,1.019775
0.027466,-0.411865,0.770142
-0.490234,0.244629,0.851807
0.448608,-0.327271,0.950684
-0.498901,-0.098999,0.716919
0.155029,0.066895,1.021240
0.044312,-0.401367,0.784668
-0.491089,0.231934,0.856201
0.449707,-0.326172,0.951172
-0.493652,-0.088623,0.729004
0.139648,0.084961,1.029663
0.061401,-0.415527,0.780518
-0.498901,0.229736,0.847656
0.457153,-0.308838,0.961060
-0.484131,-0.087158,0.734131
0.131348,0.087036,1.024780
0.084229,-0.426147,0.796875
-0.517456,0.239380,0.853149
0.457642,-0.306030,0.965332
-0.476929,-0.111938,0.729004
0.125244,0.088379,1.029297
0.093018,-0.417480,0.792969
-0.524414,0.243286,0.846558
0.458008,-0.284790,0.968384
-0.459229,-0.117188,0.728149
0.117920,0.099487,1.036865
0.108032,-0.427124,0.793823
-0.528076,0.233398,0.841553
0.469482,-0.288208,0.972412
-0.458618,-0.116699,0.736328
0.100464,0.107422,1.027832
0.117432,-0.434937,0.796875
-0.523682,0.228882,0.837402
0.457031,-0.282471,0.969727
-0.442017,-0.117798,0.740356
0.107178,0.103027,1.028931
0.120850,-0.429932,0.801514
-0.526611,0.218506,0.837280
0.458496,-0.276855,0.983398
-0.440430,-0.115601,0.731689
0.097412,0.096436,1.018921
0.134033,-0.434937,0.804810
-0.524292,0.225830,0.831421
0.457153,-0.265503,0.977051
-0.442993,-0.107544,0.732910
0.106445,0.102539,1.023315
0.136108,-0.436523,0.808594
-0.526001,0.229126,0.831665
0.453857,-0.291626,0.956909
-0.453613,-0.100220,0.734985
0.127808,0.093628,1.035767
0.129639,-0.425415,0.816528
-0.518188,0.223755,0.834717
0.453491,-0.284424,0.971191
-0.459473,-0.120117,0.730225
0.145996,0.080811,1.023804
0.115601,-0.417480,0.807495
-0.505371,0.221680,0.831299
0.463989,-0.309570,0.967407
-0.469116,-0.109619,0.732910
0.144409,0.074707,1.026733
0.090454,-0.433228,0.788940
-0.474976,0.216675,0.840088
0.471069,-0.305298,0.963745
-0.486938,-0.078491,0.732910
0.160034,0.062866,1.024536
0.073364,-0.451660,0.765869
-0.463745,0.223999,0.849731
0.472900,-0.327515,0.961060
-0.491455,-0.099976,0.731567
0.167358,0.061646,1.026001
0.053345,-0.442261,0.762451
-0.440308,0.207520,0.847534
0.481812,-0.360596,0.963745
-0.512939,-0.075439,0.727173
0.193970,0.037720,1.017700
0.023804,-0.423096,0.755859
-0.407227,0.210815,0.862427
0.470703,-0.376953,0.945068
-0.534790,-0.049927,0.743164
0.237305,-0.017212,1.008545
-0.000610,-0.409180,0.758301
-0.367554,0.195557,0.859497
0.459106,-0.381226,0.939331
-0.530396,-0.037720,0.731201
0.274048,-0.035767,1.008911
-0.023804,-0.396362,0.750610
-0.322266,0.190918,0.875977
0.455444,-0.405151,0.936768
-0.546021,0.011597,0.750488
0.315430,-0.054199,1.014160
-0.043579,-0.372437,0.754639
-0.273804,0.170898,0.889648
0.427124,-0.408936,0.928345
-0.562378,0.056030,0.761719
0.363037,-0.086304,1.020752
-0.063721,-0.359985,0.774658
-0.235596,0.188354,0.919556
0.397705,-0.420410,0.914185
-0.558838,0.073730,0.768311
0.392212,-0.125122,1.025635
-0.099365,-0.336670,0.778809
-0.187012,0.175659,0.939209
0.375610,-0.409912,0.906006
-0.565308,0.103638,0.778198
0.414429,-0.147217,1.031250
-0.135498,-0.296509,0.791260
-0.133423,0.143555,0.958984
0.355957,-0.418213,0.904541
-0.566406,0.144409,0.785767
0.439575,-0.153564,1.031250
-0.176270,-0.270752,0.793701
-0.098633,0.134277,0.971924
0.299561,-0.435913,0.875366
-0.565552,0.125977,0.769165
0.469971,-0.220825,1.017090
-0.228760,-0.255859,0.790894
-0.070190,0.154175,0.994019
0.268066,-0.451294,0.853027
-0.531372,0.104126,0.771118
0.481201,-0.258057,1.013672
-0.300171,-0.172852,0.784912
-0.030151,0.143433,1.000732
0.259033,-0.484253,0.837158
-0.517700,0.117310,0.780518
0.486206,-0.267212,1.018433
-0.360718,-0.190918,0.751709
0.021240,0.125122,1.013672
0.227783,-0.479614,0.826172
-0.515015,0.156494,0.800781
0.489868,-0.311401,0.987061
-0.396851,-0.173462,0.749634
0.062012,0.089844,1.019775
0.182495,-0.466309,0.820190
-0.494019,0.161133,0.798950
0.484253,-0.325684,0.973022
-0.416260,-0.162964,0.740356
0.102173,0.069580,1.015991
0.150635,-0.460571,0.804443
-0.471191,0.162720,0.810669
0.486938,-0.332153,0.978516
-0.437744,-0.153809,0.741211
0.129883,0.054565,1.021606
0.115356,-0.447510,0.799438
-0.452637,0.168701,0.820435
0.494507,-0.355469,0.973389
-0.443726,-0.151978,0.739380
0.151245,0.034180,1.016113
0.102539,-0.434204,0.790405
-0.424683,0.155273,0.827026
0.490845,-0.344482,0.977905
-0.460083,-0.111206,0.748169
0.176392,0.012695,1.011841
0.093384,-0.445923,0.774048
-0.409180,0.147949,0.837280
0.488770,-0.361328,0.982178
-0.482788,-0.124268,0.733887
0.192017,0.000732,1.016113
0.089966,-0.442261,0.792114
-0.389160,0.148560,0.842041
0.478638,-0.379639,0.963867
-0.489380,-0.111816,0.727661
0.218262,-0.008667,1.015259
0.081055,-0.446045,0.785645
-0.376953,0.140625,0.844238
0.484253,-0.386841,0.963989
-0.491333,-0.091309,0.737305
0.223022,-0.005737,1.013916
0.080078,-0.427734,0.795776
-0.356079,0.130371,0.858643
0.472778,-0.385376,0.970337
-0.498657,-0.113037,0.729614
0.247192,-0.030884,1.022461
0.076416,-0.436401,0.790894
-0.342896,0.144409,0.869873
0.479614,-0.404175,0.964722
-0.490356,-0.104980,0.733032
0.253174,-0.022461,1.018921
0.072998,-0.438965,0.785156
-0.331665,0.152466,0.894165
0.473022,-0.397095,0.955200
-0.492676,-0.092041,0.737183
0.270020,-0.032349,1.030884
0.060547,-0.438232,0.783081
-0.329102,0.136597,0.882935
0.474854,-0.385254,0.971436
-0.489136,-0.103271,0.723999
0.272095,-0.054932,1.020264
0.063843,-0.456909,0.783081
-0.316040,0.142212,0.890503
0.481201,-0.393921,0.967651
-0.479858,-0.104492,0.736206
0.277588,-0.043823,1.026611
0.059814,-0.450806,0.788574
-0.312134,0.131348,0.886353
0.479370,-0.384399,0.974609
-0.474854,-0.102783,0.752563
0.279785,-0.049927,1.033447
0.069946,-0.441650,0.798218
-0.319458,0.133789,0.888916
0.473755,-0.401001,0.969849
-0.474976,-0.118042,0.753540
0.283569,-0.046021,1.041626
0.070801,-0.417603,0.810059
-0.324463,0.136963,0.899658
0.477295,-0.399902,0.980347
-0.457397,-0.127319,0.750610
0.276489,-0.028687,1.043579
0.076294,-0.439453,0.808350
-0.334717,0.147339,0.897949
0.499390,-0.400879,0.984375
-0.466797,-0.112793,0.746948
0.267090,-0.023438,1.042236
0.088379,-0.441650,0.810669
-0.340332,0.147705,0.899780
0.495850,-0.395142,0.990112
-0.441040,-0.135742,0.757568
0.248413,-0.010376,1.046875
0.091187,-0.430908,0.818115
-0.340088,0.141479,0.904297
0.512329,-0.383179,0.998291
-0.437622,-0.133911,0.763428
0.235718,-0.010132,1.034424
0.103882,-0.419800,0.823730
-0.357544,0.160889,0.891846
0.520386,-0.357666,1.015015
-0.423950,-0.155518,0.755249
0.211426,-0.003418,1.039551
0.123657,-0.442871,0.825195
-0.369873,0.136719,0.882446
0.526733,-0.345825,1.030884
-0.402588,-0.151733,0.767212
0.193604,0.018066,1.047607
0.145630,-0.463379,0.834229
-0.379761,0.124146,0.869141
0.527100,-0.330444,1.034790
-0.390381,-0.159668,0.769897
0.173462,0.039917,1.052979
0.184204,-0.480957,0.851196
-0.394897,0.092163,0.856323
0.531616,-0.341919,1.044800
-0.384277,-0.190186,0.757202
0.158325,0.085083,1.059204
0.215332,-0.450073,0.866211
-0.398193,0.100464,0.857056
0.536377,-0.350098,1.037231
-0.363403,-0.216553,0.765503
0.133789,0.054199,1.037842
0.234985,-0.447388,0.881226
-0.407837,0.106934,0.845581
0.532227,-0.309204,1.050049
-0.323730,-0.221191,0.785767
0.114014,0.076782,1.051758
0.254639,-0.458130,0.880127
-0.428223,0.097290,0.828857
0.538818,-0.300049,1.057495
-0.303223,-0.220215,0.796875
0.072510,0.114868,1.061279
0.288208,-0.463745,0.904663
-0.433105,0.062744,0.824341
0.531372,-0.290039,1.058838
-0.276611,-0.222046,0.800537
0.047607,0.134399,1.064941
0.323364,-0.463135,0.915771
-0.450562,0.069336,0.823853
0.521973,-0.270630,1.061646
-0.236572,-0.243286,0.817871
0.018921,0.163818,1.070679
0.350708,-0.441406,0.942261
-0.468262,0.094238,0.831787
0.514648,-0.231445,1.083618
-0.197632,-0.259644,0.827026
-0.006958,0.148315,1.065918
0.372681,-0.435547,0.957886
-0.469727,0.082520,0.821411
0.496582,-0.183228,1.094604
-0.140259,-0.256470,0.859497
-0.042114,0.166992,1.071899
0.398804,-0.436523,0.972900
-0.473999,0.054810,0.816040
0.484619,-0.165283,1.102661
-0.098999,-0.269409,0.869629
-0.082397,0.190186,1.062988
0.432617,-0.440918,0.987183
-0.471313,0.042236,0.822144
0.467896,-0.141113,1.104736
-0.045044,-0.304443,0.863403
-0.109985,0.194946,1.054443
0.458374,-0.414795,1.004883
-0.456543,-0.005249,0.809204
0.438477,-0.101807,1.111450
-0.001587,-0.340942,0.867432
-0.138794,0.189697,1.050537
0.483643,-0.397583,1.018433
-0.456909,-0.021851,0.811401
0.417358,-0.088379,1.108032
0.041504,-0.360352,0.874268
-0.170288,0.187378,1.027466
0.504272,-0.385742,1.039795
-0.437866,-0.044434,0.800659
0.404419,-0.058105,1.107666
0.060547,-0.363159,0.867798
-0.203735,0.181152,1.005859
0.528320,-0.371582,1.057495
-0.419189,-0.092041,0.801147
0.360840,-0.024902,1.108765
0.077759,-0.355103,0.883789
-0.238525,0.171875,0.999634
0.554565,-0.332642,1.092407
-0.413574,-0.117676,0.783936
0.325684,0.005737,1.112793
0.130371,-0.379883,0.894165
-0.281250,0.176392,0.984131
0.567383,-0.321289,1.091309
-0.383667,-0.152588,0.791992
0.278931,0.021484,1.094238
0.180908,-0.406372,0.908936
-0.319702,0.166748,0.953979
0.588745,-0.299805,1.110474
-0.340210,-0.202515,0.796997
0.215820,0.065796,1.090210
0.233276,-0.423096,0.926636
-0.336182,0.121582,0.902832
0.586182,-0.279175,1.105103
-0.302856,-0.218384,0.816528
0.169067,0.086304,1.099365
0.284058,-0.451294,0.937378
-0.374023,0.099243,0.877197
0.573975,-0.248047,1.112061
-0.253784,-0.201416,0.840698
0.111450,0.119263,1.105225
0.323975,-0.469238,0.943481
-0.404297,0.078125,0.868042
0.566528,-0.212524,1.130615
-0.218506,-0.213379,0.859131
0.063721,0.155518,1.105469
0.376709,-0.454468,0.979126
-0.424927,0.074097,0.857422
0.544800,-0.185669,1.133911
-0.183960,-0.218262,0.867065
0.021240,0.187622,1.112549
0.416992,-0.449829,0.991699
-0.444092,0.063110,0.856323
0.528564,-0.165771,1.135620
-0.120605,-0.226440,0.882690
-0.024902,0.214478,1.104980
0.432251,-0.419067,1.007812
-0.428223,0.019043,0.853638
0.522827,-0.146240,1.152466
-0.081909,-0.250854,0.892090
-0.062988,0.205200,1.088867
0.462891,-0.398560,1.034180
-0.418701,-0.016724,0.848267
0.494507,-0.102539,1.157349
-0.024292,-0.292236,0.897461
-0.095459,0.224121,1.086914
0.485107,-0.380859,1.048462
-0.422485,-0.025513,0.849365
0.472046,-0.085449,1.153931
0.013550,-0.322388,0.898926
-0.117554,0.213013,1.070435
0.505371,-0.348389,1.067993
-0.422729,-0.052246,0.824951
0.449829,-0.060059,1.160278
0.040527,-0.340088,0.894165
-0.151123,0.224976,1.056152
0.517090,-0.331543,1.083496
-0.413574,-0.067017,0.820557
0.433716,-0.035645,1.169556
0.046265,-0.344849,0.898193
-0.192383,0.229980,1.053833
0.541504,-0.336426,1.085815
-0.399902,-0.069336,0.813477
0.408936,-0.012573,1.159180
0.064331,-0.363281,0.894653
-0.220337,0.213379,1.043701
0.566284,-0.318970,1.112793
-0.395264,-0.101440,0.810913
0.371338,0.012695,1.156372
0.097534,-0.369385,0.906128
-0.240845,0.210693,1.027954
0.570312,-0.310303,1.114746
-0.377319,-0.137695,0.807495
0.343872,0.027466,1.157349
0.135986,-0.370728,0.921021
-0.279907,0.193848,0.998901
0.585938,-0.311646,1.121582
-0.356323,-0.155273,0.805908
0.302002,0.053711,1.146118
0.171875,-0.382568,0.925049
-0.301025,0.157104,0.968140
0.588623,-0.290649,1.127563
-0.344238,-0.178345,0.810059
0.266479,0.068604,1.141357
0.220337,-0.403809,0.934326
-0.328857,0.150635,0.944824
0.592529,-0.281738,1.123535
-0.309814,-0.217163,0.812744
0.207520,0.091919,1.132812
0.262573,-0.427734,0.945557
-0.360107,0.126831,0.918335
0.582275,-0.259644,1.118896
-0.260498,-0.223755,0.842651
0.151978,0.119629,1.126831
0.301514,-0.432495,0.954102
-0.390015,0.114136,0.902588
0.574829,-0.211548,1.141724
-0.230713,-0.228271,0.849854
0.096436,0.139038,1.117798
0.346191,-0.420044,0.975220
-0.416016,0.079346,0.881226
0.562500,-0.189087,1.146606
-0.194458,-0.238037,0.864380
0.048096,0.171265,1.118164
0.374268,-0.413330,0.985962
-0.420898,0.048584,0.873901
0.546021,-0.176392,1.147583
-0.141968,-0.249268,0.866089
0.002075,0.176758,1.100342
0.402466,-0.380371,1.003540
-0.436401,0.021606,0.846436
0.536377,-0.150513,1.155029
-0.067139,-0.297485,0.868774
-0.049316,0.189575,1.080811
0.430664,-0.354126,1.022583
-0.428589,-0.005859,0.837646
0.510132,-0.118286,1.162720
-0.056763,-0.312622,0.849609
-0.091675,0.201172,1.080566
0.464233,-0.352905,1.035278
-0.435181,-0.027710,0.837646
0.481812,-0.088257,1.160156
-0.044556,-0.304077,0.851440
-0.139893,0.207642,1.063477
0.484741,-0.344238,1.058960
-0.428833,-0.060181,0.828613
0.445068,-0.053345,1.166138
-0.019287,-0.321045,0.856812
-0.191895,0.221313,1.051880
0.504517,-0.331299,1.068481
-0.419556,-0.078613,0.815796
0.416992,-0.025879,1.163818
0.001343,-0.317993,0.870605
-0.310669,0.175781,0.957397
0.584106,-0.289795,1.111816
-0.416382,-0.103760,0.802124
0.268555,0.062500,1.145020
0.214478,-0.401001,0.943481
-0.339478,0.156128,0.937378
0.584473,-0.284546,1.120361
-0.304688,-0.216553,0.820923
0.224487,0.087524,1.140503
0.255371,-0.424072,0.942627
-0.358276,0.129028,0.917480
0.580566,-0.279663,1.120605
-0.289795,-0.226440,0.828979
0.195312,0.102417,1.130859
0.285767,-0.422485,0.953247
-0.377686,0.128540,0.916138
0.578613,-0.243652,1.121704
-0.268555,-0.230713,0.833252
0.160034,0.116699,1.128296
0.318359,-0.439331,0.963623
-0.395386,0.127075,0.901367
0.578735,-0.233276,1.128296
-0.248047,-0.230591,0.845825
0.118652,0.123901,1.117676
0.352539,-0.412231,0.986938
-0.402466,0.113525,0.896729
0.560669,-0.205933,1.133179
-0.212646,-0.250610,0.847046
0.071899,0.144165,1.115601
0.376343,-0.411743,0.998535
-0.413452,0.083984,0.888062
0.549927,-0.180908,1.141968
-0.180542,-0.257446,0.857666
0.032715,0.158691,1.102295
0.396851,-0.407837,1.000977
-0.416748,0.059692,0.885986
0.542480,-0.154663,1.157715
-0.139160,-0.272217,0.866211
-0.009766,0.173218,1.087280
0.416748,-0.398071,1.008545
-0.417236,0.023926,0.867432
0.535767,-0.149780,1.155884
-0.094604,-0.272095,0.888062
-0.043213,0.189087,1.082397
0.433350,-0.384644,1.017700
-0.416870,0.005615,0.863159
0.533569,-0.140259,1.157104
-0.056030,-0.299438,0.870361
-0.079956,0.182251,1.066772
0.453857,-0.373779,1.022705
-0.422974,0.001343,0.859009
0.508911,-0.098389,1.171631
-0.046875,-0.307129,0.869751
-0.092773,0.178101,1.065063
0.467041,-0.370117,1.033813
-0.431396,-0.008545,0.848755
0.498657,-0.081909,1.174805
-0.039062,-0.275635,0.862183
-0.132935,0.208252,1.062622
0.481201,-0.358643,1.051880
-0.438354,-0.045654,0.839600
0.474731,-0.063354,1.171631
-0.042725,-0.307007,0.846436
-0.158813,0.216309,1.062012
0.514038,-0.361328,1.062134
-0.440674,-0.066040,0.819092
0.447021,-0.048340,1.167603
-0.029907,-0.298462,0.858887
-0.180176,0.204834,1.049316
0.521606,-0.340454,1.083496
-0.437622,-0.073120,0.816528
0.419189,-0.026489,1.167725
-0.017212,-0.304565,0.852173
-0.213623,0.205200,1.037842
0.535767,-0.337646,1.089478
-0.416870,-0.101196,0.807739
0.400146,-0.013672,1.158447
-0.007690,-0.330322,0.852173
-0.240723,0.196045,1.019531
0.546143,-0.346191,1.082153
-0.410034,-0.126343,0.803955
0.374023,-0.006348,1.159058
0.012573,-0.314575,0.874268
-0.264160,0.197876,0.991699
0.551636,-0.345215,1.078247
-0.402466,-0.140869,0.796265
0.337891,0.015625,1.151611
0.043701,-0.336548,0.876099
-0.286499,0.174927,0.971802
0.546021,-0.324341,1.091431
-0.391113,-0.172607,0.787354
0.313843,0.024170,1.154053
0.076538,-0.364990,0.876343
-0.315308,0.172729,0.948120
0.553345,-0.331787,1.077881
-0.381592,-0.187378,0.785400
0.282959,0.036743,1.139648
0.105957,-0.380127,0.879883
-0.334961,0.166626,0.938477
0.540161,-0.304565,1.083130
-0.363159,-0.209351,0.784546
0.248291,0.049438,1.126831
0.136353,-0.387451,0.886230
-0.365112,0.174927,0.927368
0.541138,-0.293091,1.081543
-0.350830,-0.220825,0.787476
0.216187,0.052612,1.116821
0.162231,-0.405762,0.887939
-0.384155,0.155273,0.903442
0.539551,-0.285522,1.077637
-0.339233,-0.225098,0.784668
0.188232,0.067749,1.118042
0.185791,-0.396484,0.899048
-0.403076,0.142944,0.896606
0.534180,-0.264771,1.083008
-0.342407,-0.227173,0.785522
0.156128,0.084961,1.105713
0.214844,-0.391357,0.913452
-0.424438,0.130005,0.881836
0.536621,-0.253540,1.088257
-0.334229,-0.242798,0.776733
0.115356,0.103516,1.091553
0.242554,-0.404175,0.930176
-0.438110,0.098877,0.873779
0.531250,-0.246948,1.088867
-0.306641,-0.241211,0.785034
0.069946,0.107422,1.073486
0.271851,-0.413330,0.912231
-0.451660,0.094727,0.860596
0.517578,-0.239746,1.083130
-0.270752,-0.257324,0.799805
0.047729,0.098022,1.061646
0.277954,-0.403687,0.914429
-0.465088,0.086426,0.847656
0.507568,-0.220215,1.088257
-0.232056,-0.279419,0.800903
0.016846,0.109009,1.060791
0.288208,-0.394775,0.925415
-0.472412,0.076538,0.839844
0.505371,-0.206909,1.096924
-0.227783,-0.293579,0.790527
-0.013062,0.109253,1.043579
0.315552,-0.409424,0.923096
-0.485474,0.072876,0.828125
0.484009,-0.187988,1.089844
-0.210693,-0.281128,0.781128
-0.025757,0.114380,1.033081
0.333862,-0.405396,0.927979
-0.499390,0.057983,0.812866
0.479492,-0.175415,1.089111
-0.198853,-0.278687,0.770874
-0.065918,0.137695,1.030884
0.351929,-0.410645,0.937012
-0.497437,0.043457,0.809570
0.469116,-0.168335,1.087524
-0.204468,-0.291870,0.763672
-0.098022,0.131836,1.022583
0.372314,-0.399292,0.958618
-0.511597,0.036499,0.799561
0.452515,-0.154907,1.083252
-0.192627,-0.303223,0.755371
-0.127563,0.147339,1.021484
0.382812,-0.409546,0.955444
-0.512329,0.031494,0.790527
0.438843,-0.144043,1.091187
-0.190308,-0.293945,0.759277
-0.162598,0.143311,1.001343
0.392944,-0.401855,0.959595
-0.515381,0.025146,0.795776
0.431641,-0.108154,1.100342
-0.183716,-0.302002,0.750244
-0.184204,0.152344,0.994141
0.391968,-0.401245,0.951904
-0.511475,0.013184,0.802002
0.417236,-0.112915,1.091797
-0.187500,-0.300781,0.756348
-0.214966,0.158691,0.982300
0.410034,-0.404297,0.956665
-0.506836,-0.012451,0.780151
0.397095,-0.092285,1.092163
-0.172363,-0.303955,0.762207
-0.230225,0.162231,0.973022
0.402466,-0.394897,0.957397
-0.514771,-0.026367,0.775269
0.392456,-0.097778,1.100586
-0.168945,-0.298706,0.760742
-0.261230,0.159424,0.951538
0.399658,-0.395142,0.953979
-0.504272,-0.032104,0.769653
0.377808,-0.088745,1.095215
-0.163574,-0.287720,0.774170
-0.276978,0.173096,0.946533
0.405151,-0.394531,0.955078
-0.509521,-0.027832,0.766113
0.364258,-0.098755,1.081543
-0.149414,-0.303833,0.781372
-0.297485,0.166260,0.932983
0.401611,-0.374634,0.958618
-0.520020,-0.058716,0.745605
0.348389,-0.083984,1.082764
-0.126587,-0.323730,0.778809
-0.318359,0.171997,0.926636
0.408936,-0.380981,0.957886
-0.518188,-0.065796,0.734741
0.317505,-0.061890,1.073853
-0.104248,-0.322998,0.782837
-0.346191,0.183960,0.919800
0.416260,-0.374634,0.965454
-0.520874,-0.082031,0.716064
0.297241,-0.043213,1.073730
-0.079834,-0.341309,0.790771
-0.383789,0.196533,0.918823
0.422852,-0.356079,0.973389
-0.512329,-0.096802,0.717285
0.253052,-0.018311,1.072632
-0.045776,-0.370239,0.791992
-0.415283,0.202148,0.901367
0.427002,-0.341797,0.974976
-0.499512,-0.121338,0.719849
0.215698,0.006592,1.060425
-0.006836,-0.387939,0.804810
-0.449219,0.204102,0.888794
0.428223,-0.322632,0.984619
-0.497681,-0.127197,0.715576
0.169922,0.020264,1.041260
0.031860,-0.398682,0.809692
-0.475830,0.193970,0.877563
0.440186,-0.312012,0.990234
-0.483032,-0.125854,0.732788
0.122192,0.059082,1.037476
0.076172,-0.407349,0.819092
-0.502563,0.177979,0.857422
0.446655,-0.290771,0.999146
-0.438965,-0.156738,0.743652
0.078979,0.075562,1.034790
0.126831,-0.414062,0.828613
-0.528320,0.165283,0.839844
0.449951,-0.282959,1.001587
-0.393921,-0.200195,0.737915
0.032471,0.100952,1.026978
0.171143,-0.414307,0.838989
-0.551880,0.156372,0.816284
0.444336,-0.263916,1.004028
-0.331421,-0.244507,0.738403
-0.015625,0.116455,1.012939
0.211548,-0.428711,0.844971
-0.566406,0.120361,0.790771
0.432617,-0.234375,1.008423
-0.287720,-0.278442,0.724243
-0.073975,0.123779,0.996948
0.252686,-0.434326,0.858521
-0.580322,0.116821,0.784180
0.427490,-0.221924,1.008789
-0.257568,-0.315186,0.704224
-0.139893,0.145508,0.979248
0.291870,-0.422852,0.880249
-0.583984,0.073486,0.766235
0.404785,-0.186768,1.017700
-0.232422,-0.312866,0.708252
-0.200439,0.156616,0.958252
0.324463,-0.400024,0.898682
-0.583008,0.058838,0.762817
0.374634,-0.145386,1.028809
-0.195068,-0.318237,0.724976
-0.255981,0.157959,0.927368
0.353516,-0.393677,0.912231
-0.572021,0.014526,0.739502
0.333984,-0.103394,1.022827
-0.163574,-0.336792,0.730225
-0.326294,0.175781,0.909546
0.378784,-0.377686,0.921021
-0.557495,-0.021118,0.724365
0.279419,-0.050903,1.030396
-0.118164,-0.352051,0.747070
-0.380615,0.187500,0.901733
0.396118,-0.359985,0.945923
-0.545776,-0.047852,0.695801
0.223389,-0.005859,1.015503
-0.061523,-0.361450,0.765015
-0.437134,0.209229,0.891235
0.407959,-0.341309,0.951172
-0.530762,-0.109497,0.691406
0.159546,0.035645,1.019043
-0.000977,-0.372559,0.788696
-0.498535,0.223877,0.873047
0.426270,-0.330688,0.968262
-0.479248,-0.140747,0.711670
0.097412,0.084106,1.022095
0.068481,-0.397095,0.804565
-0.539917,0.206665,0.847534
0.435913,-0.289307,0.979980
-0.394287,-0.182495,0.739136
0.034180,0.113892,1.021484
0.138550,-0.413574,0.817383
-0.572388,0.194702,0.817871
0.439575,-0.258179,0.987305
-0.323975,-0.244873,0.733154
-0.036499,0.126709,0.994629
0.204590,-0.416626,0.841187
-0.585693,0.167847,0.786987
0.424805,-0.215210,0.993164
-0.260498,-0.304688,0.708008
-0.112061,0.151611,0.974365
0.265869,-0.407104,0.871216
-0.593018,0.119629,0.770508
0.406982,-0.178833,1.002563
-0.219727,-0.324097,0.707886
-0.187134,0.158081,0.958618
0.323242,-0.400269,0.885742
-0.591309,0.081421,0.750977
0.371460,-0.121582,1.017822
-0.176025,-0.320435,0.721069
-0.265137,0.169067,0.921997
0.361328,-0.392578,0.906616
-0.579834,0.030884,0.735962
0.312134,-0.066284,1.017090
-0.125000,-0.364868,0.726562
-0.345581,0.197510,0.903809
0.396362,-0.354370,0.931519
-0.551880,-0.035156,0.711548
0.234009,-0.017334,1.008423
-0.061890,-0.397339,0.743530
-0.425659,0.223022,0.885742
0.419922,-0.327637,0.948853
-0.516602,-0.096191,0.709473
0.149658,0.036865,1.008301
0.002197,-0.389038,0.775146
-0.490479,0.236816,0.864136
0.429443,-0.299072,0.968750
-0.454346,-0.137695,0.727661
0.095215,0.099609,1.032227
0.078613,-0.409668,0.789673
-0.543091,0.220947,0.836426
0.441895,-0.273438,0.973389
-0.371582,-0.190430,0.738037
0.031006,0.121826,1.016357
0.162231,-0.409058,0.823364
-0.586304,0.216064,0.805176
0.440186,-0.237061,0.982666
-0.292114,-0.249512,0.735229
-0.043579,0.145386,0.993774
0.236084,-0.392090,0.865234
-0.594971,0.174194,0.790405
0.414673,-0.192383,0.986938
-0.226685,-0.296021,0.722290
-0.118774,0.159302,0.969238
0.294312,-0.381592,0.880859
-0.591797,0.142944,0.772583
0.397217,-0.151245,1.004883
-0.174683,-0.321289,0.721069
-0.209229,0.163452,0.922119
0.343628,-0.382812,0.905029
-0.572266,0.090332,0.757446
0.348511,-0.093750,1.010620
-0.124634,-0.339478,0.734497
-0.287720,0.176270,0.898804
0.372559,-0.365112,0.915283
-0.548340,0.027832,0.740479
0.296875,-0.035645,1.014160
-0.082886,-0.363770,0.732056
-0.361206,0.187134,0.880005
0.408325,-0.347534,0.935181
-0.535278,-0.035034,0.703979
0.229980,0.015503,1.009277
-0.029785,-0.374756,0.753906
-0.424927,0.219482,0.876343
0.427368,-0.327515,0.944458
-0.500122,-0.093628,0.715210
0.162109,0.056030,1.015137
0.029053,-0.374268,0.785156
-0.481079,0.234253,0.857300
0.445801,-0.294678,0.965332
-0.447754,-0.141968,0.732544
0.096069,0.098145,1.019043
0.093750,-0.387695,0.808960
-0.526245,0.222046,0.837646
0.452515,-0.264526,0.981323
-0.369019,-0.169922,0.751831
0.039551,0.115601,1.009033
0.164185,-0.398926,0.827515
-0.568237,0.221191,0.799438
0.457031,-0.232422,0.988525
-0.287476,-0.229614,0.745117
-0.034912,0.147339,0.996948
0.228516,-0.394653,0.856934
-0.581665,0.179688,0.786499
0.444214,-0.192871,0.997925
-0.220581,-0.271729,0.746460
-0.101562,0.166626,0.970215
0.286499,-0.401611,0.877075
-0.587769,0.145508,0.771851
0.419678,-0.151855,1.008911
-0.163940,-0.295166,0.756104
-0.171875,0.174683,0.926270
0.347046,-0.392578,0.904419
-0.578979,0.116333,0.761597
0.377686,-0.110229,1.009155
-0.113403,-0.331787,0.740356
-0.233154,0.182251,0.909912
0.376587,-0.378296,0.911133
-0.565186,0.061768,0.747192
0.337769,-0.064697,1.003296
-0.076050,-0.358154,0.742920
-0.295288,0.182617,0.893066
0.401733,-0.367065,0.935669
-0.546265,-0.009766,0.724976
0.280884,-0.031738,0.995117
-0.041382,-0.388550,0.733521
-0.350952,0.179077,0.869019
0.434082,-0.343506,0.945923
-0.526489,-0.051880,0.727051
0.221191,0.011108,1.006714
-0.004639,-0.398560,0.753052
-0.402100,0.198242,0.857666
0.445190,-0.319336,0.959717
-0.495117,-0.084106,0.734375
0.170898,0.045898,1.011230
0.033691,-0.403931,0.769287
-0.447754,0.198242,0.837769
0.454956,-0.310059,0.955078
-0.462769,-0.090576,0.748291
0.139404,0.071289,1.010742
0.076660,-0.417969,0.785400
-0.494629,0.208374,0.818848
0.464844,-0.293335,0.970947
-0.418457,-0.105835,0.761719
0.100830,0.095215,1.017700
0.117554,-0.415283,0.800903
-0.524292,0.196167,0.799316
0.465576,-0.275879,0.979492
-0.382080,-0.150757,0.747925
0.060059,0.128662,1.030518
0.170654,-0.423706,0.816162
-0.542603,0.181152,0.792847
0.469482,-0.259888,0.993286
-0.346069,-0.143188,0.776245
0.020142,0.140015,1.007080
0.213745,-0.437622,0.837646
-0.574585,0.176514,0.782715
0.468384,-0.228516,1.003906
-0.299438,-0.169556,0.775146
-0.016846,0.153931,1.000732
0.246460,-0.423340,0.855225
-0.579346,0.158447,0.761353
0.463989,-0.225830,1.006226
-0.255493,-0.203735,0.771362
-0.053223,0.175171,0.989136
0.283691,-0.416870,0.882568
-0.578247,0.147095,0.774170
0.451538,-0.219482,1.001099
-0.224731,-0.228394,0.785889
-0.079712,0.160034,0.971680
0.299438,-0.406738,0.880737
-0.569092,0.141235,0.777466
0.445190,-0.211548,1.008789
-0.194824,-0.264771,0.773071
-0.112549,0.167603,0.966309
0.319214,-0.427246,0.888428
-0.568848,0.110229,0.773560
0.435669,-0.189453,1.006592
-0.162231,-0.300903,0.776978
-0.136963,0.168091,0.951660
0.322876,-0.428711,0.883911
-0.561279,0.101929,0.775391
0.438843,-0.179688,1.024658
-0.147461,-0.277344,0.788086
-0.162964,0.176514,0.953369
0.339600,-0.430664,0.892700
-0.556763,0.099121,0.790405
0.427612,-0.159912,1.026733
-0.120605,-0.300903,0.787720
-0.178589,0.179932,0.933960
0.357056,-0.435303,0.890503
-0.562378,0.097534,0.774536
0.420532,-0.164307,1.015991
-0.101807,-0.313721,0.795410
-0.190186,0.168945,0.932251
0.360107,-0.423706,0.898804
-0.558960,0.077271,0.781128
0.410645,-0.142212,1.029907
-0.087891,-0.326294,0.784790
-0.208374,0.174316,0.930908
0.378296,-0.430298,0.904419
-0.547729,0.063965,0.771240
0.400635,-0.137817,1.019653
-0.067139,-0.327026,0.790894
-0.224487,0.156738,0.911011
0.390747,-0.433716,0.906494
-0.543701,0.040894,0.762451
0.382935,-0.120605,1.013306
-0.055298,-0.350586,0.781982
-0.229492,0.158936,0.915283
0.399414,-0.420532,0.916382
-0.541016,0.022461,0.763672
0.361328,-0.109863,1.014282
-0.034912,-0.379028,0.782593
-0.257324,0.168213,0.910156
0.417480,-0.414062,0.921509
-0.531128,-0.011475,0.757812
0.333496,-0.105225,0.997314
-0.011230,-0.387939,0.785889
-0.277954,0.165039,0.891479
0.425659,-0.395630,0.935059
-0.516113,-0.056763,0.743042
0.309814,-0.078003,1.002686
0.015991,-0.407837,0.779541
-0.310669,0.159180,0.871582
0.445190,-0.386719,0.950073
-0.505981,-0.081787,0.749512
0.279053,-0.052856,1.011108
0.029053,-0.428345,0.769165
-0.340088,0.165161,0.869873
0.465332,-0.397583,0.958252
-0.499268,-0.088013,0.742676
0.247192,-0.039551,1.012695
0.053101,-0.427856,0.781738
-0.367432,0.156494,0.855591
0.472046,-0.383667,0.958252
-0.478638,-0.121338,0.740356
0.218140,-0.014404,1.013306
0.072510,-0.447754,0.776367
-0.396973,0.152222,0.829590
0.491699,-0.380005,0.964600
-0.457031,-0.133911,0.746826
0.182007,0.011353,1.015381
0.088867,-0.452271,0.783569
-0.420288,0.154785,0.836060
0.499268,-0.376099,0.975586
-0.431885,-0.162476,0.750854
0.140503,0.037109,1.011597
0.129395,-0.455200,0.807129
-0.457520,0.143311,0.813965
0.503174,-0.349731,0.985596
-0.398315,-0.195923,0.743652
0.093506,0.072754,1.021729
0.174072,-0.466919,0.821655
-0.479004,0.113037,0.792847
0.503784,-0.333374,0.998413
-0.357788,-0.187500,0.776489
0.046265,0.103394,1.023315
0.223389,-0.471680,0.833008
-0.488892,0.085327,0.781006
0.485840,-0.309448,1.001465
-0.311890,-0.213501,0.777222
-0.000122,0.110352,1.029175
0.269775,-0.472412,0.866577
-0.504272,0.059448,0.768555
0.465698,-0.272095,1.011963
-0.262329,-0.237061,0.791382
-0.046143,0.129272,1.008789
0.311523,-0.467163,0.891479
-0.513672,0.062988,0.768921
0.444214,-0.227417,1.022705
-0.201172,-0.239258,0.802612
-0.075928,0.136108,1.004761
0.352417,-0.453003,0.914062
-0.515747,0.066528,0.785400
0.423218,-0.189453,1.022705
-0.131958,-0.296631,0.807983
-0.126709,0.153564,0.996338
0.390869,-0.450806,0.930542
-0.512817,0.045288,0.778198
0.406250,-0.162109,1.024658
-0.069092,-0.337524,0.805786
-0.172363,0.153076,0.969482
0.422485,-0.439941,0.950684
-0.502075,0.004395,0.772583
0.377686,-0.118530,1.035522
-0.015991,-0.381470,0.805054
-0.227661,0.147949,0.946533
0.458252,-0.424805,0.964844
-0.486450,-0.057739,0.764404
0.332031,-0.082520,1.036133
0.041260,-0.416504,0.812256
-0.275635,0.146362,0.918823
0.483765,-0.406616,0.981079
-0.455444,-0.106079,0.762817
0.284302,-0.040894,1.041138
0.070068,-0.429932,0.801758
-0.328003,0.151123,0.899658
0.507324,-0.392212,1.001953
-0.436646,-0.147827,0.759277
0.221680,-0.008545,1.042969
0.102417,-0.424561,0.823730
-0.370972,0.140503,0.879883
0.519165,-0.355225,1.017578
-0.397217,-0.174927,0.772095
0.166748,0.046997,1.049561
0.167114,-0.450439,0.834473
-0.414551,0.113159,0.841919
0.523193,-0.333618,1.031494
-0.358887,-0.203491,0.765259
0.111938,0.081543,1.046875
0.234619,-0.462402,0.860474
-0.444214,0.074341,0.808228
0.516968,-0.308716,1.031982
-0.302246,-0.230591,0.785156
0.049194,0.105103,1.048462
0.288452,-0.472900,0.880859
-0.469238,0.070312,0.801758
0.502197,-0.271606,1.031982
-0.249023,-0.243164,0.796875
-0.005615,0.126221,1.045166
0.337280,-0.470459,0.915405
-0.484863,0.070557,0.806030
0.480469,-0.228882,1.048584
-0.183594,-0.254395,0.817627
-0.061035,0.150391,1.034912
0.391968,-0.450195,0.954346
-0.489868,0.064453,0.811035
0.458008,-0.168091,1.066528
-0.094604,-0.281738,0.846558
-0.117310,0.168457,1.025635
0.426758,-0.429932,0.967651
-0.465698,0.007202,0.801025
0.418213,-0.125488,1.072876
-0.012573,-0.339233,0.846924
-0.179565,0.171997,1.008057
0.467529,-0.414062,0.998901
-0.457642,-0.120850,0.753052
0.245361,-0.022705,1.019897
0.048340,-0.396240,0.843262
-0.386108,0.138306,0.854492
0.492920,-0.366577,0.986206
-0.431152,-0.145386,0.755615
0.179565,0.018799,1.033936
0.127319,-0.442139,0.810913
-0.423584,0.125977,0.838989
0.501587,-0.342285,0.995850
-0.389893,-0.194702,0.752808
0.107788,0.065552,1.029785
0.192871,-0.458008,0.842773
-0.460815,0.087402,0.800049
0.503784,-0.316162,1.016235
-0.337524,-0.214355,0.770996
0.047974,0.089478,1.023926
0.256592,-0.462769,0.873169
-0.486084,0.056030,0.769531
0.478516,-0.276001,1.020386
-0.264404,-0.220337,0.800903
-0.024048,0.136230,1.026123
0.314209,-0.473633,0.889893
-0.501221,0.058472,0.774902
0.451050,-0.224243,1.033203
-0.187866,-0.246582,0.813232
-0.086304,0.150024,1.018433
0.367310,-0.467163,0.918945
-0.507324,0.060791,0.789429
0.433716,-0.179932,1.039062
-0.114868,-0.300171,0.821777
-0.139038,0.161255,0.997192
0.410889,-0.448975,0.945801
-0.493408,0.009155,0.784302
0.397827,-0.131958,1.043579
-0.030151,-0.353516,0.829224
-0.205322,0.157715,0.969238
0.444946,-0.429443,0.972290
-0.473145,-0.053101,0.776245
0.351562,-0.090820,1.050293
0.032471,-0.404419,0.815186
-0.264282,0.163818,0.946533
0.490112,-0.410645,0.991089
-0.443970,-0.106567,0.767334
0.300293,-0.042114,1.064819
0.072632,-0.410156,0.823486
-0.309326,0.142578,0.911621
0.510132,-0.384399,1.017090
-0.418823,-0.140869,0.770020
0.243286,-0.006958,1.050537
0.106934,-0.411255,0.834717
-0.359741,0.128906,0.889038
0.534302,-0.353638,1.022583
-0.390747,-0.171753,0.770752
0.179199,0.037842,1.050415
0.182739,-0.430054,0.853516
-0.402832,0.115845,0.857666
0.541870,-0.331299,1.033203
-0.346436,-0.213623,0.775024
0.111938,0.069580,1.042114
0.248291,-0.439209,0.883057
-0.430664,0.072876,0.814331
0.521484,-0.278564,1.051758
-0.273438,-0.238281,0.795410
0.039917,0.111328,1.040894
0.306519,-0.456787,0.906738
-0.461060,0.052124,0.794678
0.500610,-0.242310,1.059692
-0.207764,-0.245972,0.822876
-0.030029,0.142212,1.052368
0.364380,-0.456177,0.942383
-0.476074,0.057983,0.806396
0.471924,-0.179565,1.080322
-0.127441,-0.276245,0.844116
-0.084717,0.175537,1.049683
0.410767,-0.437378,0.976807
-0.472900,0.024658,0.805298
0.443359,-0.130249,1.080688
-0.042969,-0.325684,0.844360
-0.146240,0.183472,1.027100
0.454956,-0.429321,0.994385
-0.461060,-0.016479,0.803589
0.403564,-0.101440,1.083008
0.029541,-0.372559,0.844116
-0.195679,0.175415,1.000366
0.490356,-0.400269,1.014038
-0.447510,-0.073364,0.791260
0.364136,-0.067505,1.080078
0.075562,-0.382812,0.859741
-0.246338,0.163208,0.979736
0.521118,-0.364380,1.046997
-0.416870,-0.134521,0.787720
0.306396,-0.026733,1.076782
0.105103,-0.370361,0.878784
-0.306885,0.159668,0.946777
0.546509,-0.345459,1.068604
-0.377686,-0.177490,0.782715
0.239624,0.024292,1.082397
0.179199,-0.405273,0.889526
-0.349976,0.135620,0.907104
0.556396,-0.308105,1.083496
-0.334473,-0.203857,0.798706
0.174683,0.067993,1.079956
0.245972,-0.442505,0.903564
-0.384155,0.095703,0.860596
0.557739,-0.277954,1.079834
-0.282104,-0.213745,0.819824
0.113525,0.110352,1.079224
0.314331,-0.454224,0.925903
-0.417969,0.074707,0.836304
0.538574,-0.238770,1.088989
-0.225830,-0.233643,0.833496
0.050903,0.131958,1.080322
0.363281,-0.436157,0.957031
-0.448853,0.075684,0.835205
0.524536,-0.199585,1.110718
-0.161133,-0.233765,0.851562
-0.010254,0.165405,1.074585
0.405762,-0.425293,0.984985
-0.452271,0.053833,0.833984
0.504395,-0.148926,1.114014
-0.090332,-0.268677,0.874390
-0.070312,0.189087,1.078247
0.452026,-0.409302,1.012695
-0.444580,0.013428,0.827515
0.475098,-0.112427,1.116089
-0.006714,-0.314941,0.880615
-0.123657,0.198242,1.057373
0.490234,-0.381226,1.039673
-0.428955,-0.032715,0.823242
0.433838,-0.077026,1.125610
0.062988,-0.355347,0.884155
-0.183472,0.204834,1.034912
0.514160,-0.345825,1.060913
-0.413208,-0.082397,0.805298
0.390381,-0.040649,1.127197
0.080566,-0.356812,0.893555
-0.246826,0.202759,1.022461
0.541504,-0.321167,1.090210
-0.379639,-0.127563,0.808716
0.335327,0.007812,1.128174
0.132080,-0.383789,0.905640
-0.302979,0.184814,0.974121
0.574585,-0.309082,1.115234
-0.350342,-0.166260,0.804077
0.260620,0.054321,1.121338
0.201050,-0.413818,0.918701
-0.331421,0.137207,0.934448
0.578735,-0.279175,1.112915
-0.307617,-0.195190,0.812378
0.200562,0.088013,1.109497
0.268433,-0.429321,0.936401
-0.369751,0.102661,0.898560
0.570923,-0.268066,1.116943
-0.267578,-0.216675,0.837524
0.145508,0.122192,1.106567
0.321533,-0.430176,0.959351
-0.403198,0.101074,0.881470
0.572510,-0.232666,1.121094
-0.212280,-0.231079,0.856323
0.064331,0.156128,1.100342
0.378540,-0.415771,0.992432
-0.419678,0.077637,0.874023
0.553589,-0.193970,1.132080
-0.143921,-0.249634,0.873047
-0.019287,0.184814,1.093506
0.431641,-0.393433,1.010376
-0.413818,0.033203,0.856934
0.514404,-0.124634,1.151978
-0.031494,-0.307251,0.899658
-0.084106,0.193848,1.078735
0.466919,-0.365112,1.051270
-0.423706,-0.023438,0.839355
0.476440,-0.070190,1.164307
0.040161,-0.335327,0.907227
-0.153198,0.209229,1.070801
0.503052,-0.343994,1.064941
-0.415771,-0.065063,0.819458
0.424561,-0.020264,1.161133
0.071289,-0.345337,0.910400
-0.227051,0.233276,1.049072
0.551880,-0.310303,1.101685
-0.393799,-0.111572,0.805176
0.351562,0.019897,1.150391
0.145874,-0.361084,0.928345
-0.276978,0.206787,1.009155
0.573242,-0.289307,1.126465
-0.347900,-0.174194,0.809326
0.269409,0.051636,1.132812
0.220459,-0.399902,0.935059
-0.330566,0.148804,0.947632
0.590942,-0.267334,1.131104
-0.293335,-0.218750,0.825684
0.177368,0.094482,1.118286
0.286621,-0.416626,0.953979
-0.367065,0.095703,0.900513
0.580933,-0.240845,1.140137
-0.234009,-0.251953,0.847412
0.102417,0.126709,1.098633
0.340942,-0.401489,0.981445
-0.401001,0.083374,0.879761
0.563843,-0.194458,1.145874
-0.165894,-0.257446,0.871948
0.021606,0.165283,1.084961
0.391235,-0.380005,1.003174
-0.417969,0.046143,0.864502
0.543213,-0.156982,1.157715
-0.078003,-0.280640,0.896973
-0.052979,0.182617,1.079956
0.434082,-0.367676,1.025879
-0.424316,0.007935,0.848145
0.512329,-0.108276,1.166138
-0.004639,-0.334717,0.898193
-0.108765,0.187012,1.069336
0.460571,-0.334595,1.047119
-0.422729,-0.033203,0.836182
0.471924,-0.062378,1.174194
0.011475,-0.335938,0.888550
-0.174072,0.218384,1.062256
0.505737,-0.313721,1.082275
-0.422852,-0.067261,0.821411
0.421753,-0.028564,1.167236
0.055176,-0.348267,0.897949
-0.236450,0.227051,1.043579
0.546631,-0.310059,1.098389
-0.403931,-0.098145,0.807861
0.357422,0.001709,1.152344
0.111694,-0.354980,0.913330
-0.269409,0.195435,1.006104
0.565063,-0.300537,1.115112
-0.366577,-0.154785,0.807129
0.301147,0.034180,1.141113
0.163574,-0.370728,0.921509
-0.305664,0.152222,0.956055
0.579956,-0.281128,1.115112
-0.340698,-0.201782,0.810059
0.238281,0.066040,1.129517
0.217651,-0.406128,0.926636
-0.346436,0.127808,0.928955
0.577026,-0.273560,1.116333
-0.300171,-0.230225,0.816895
0.178223,0.087891,1.117554
0.256592,-0.405029,0.944092
-0.378662,0.116455,0.897827
0.567871,-0.240479,1.129517
-0.269287,-0.244873,0.827515
0.123291,0.113892,1.112671
0.302979,-0.409058,0.957886
-0.404175,0.103271,0.881104
0.559082,-0.215820,1.123657
-0.225464,-0.250244,0.841431
0.073486,0.133057,1.104492
0.325195,-0.404297,0.962036
-0.424072,0.071533,0.858276
0.554932,-0.200439,1.125854
-0.184204,-0.258423,0.851196
0.035889,0.148071,1.097656
0.357178,-0.400146,0.974243
-0.437134,0.057373,0.846680
0.535889,-0.177734,1.132324
-0.131104,-0.286011,0.859131
-0.006348,0.163330,1.092529
0.378662,-0.390015,0.984131
-0.442993,0.032471,0.849854
0.523193,-0.151611,1.143555
-0.106445,-0.300293,0.843628
-0.041992,0.163086,1.082642
0.399170,-0.375610,0.996826
-0.457520,0.016846,0.839233
0.504761,-0.121094,1.153687
-0.094604,-0.330811,0.829346
-0.079102,0.175659,1.075439
0.425049,-0.374756,0.996460
-0.473267,0.012573,0.827271
0.489014,-0.105591,1.144409
-0.078247,-0.309814,0.830200
-0.117432,0.196289,1.064941
0.442139,-0.356934,1.021118
-0.479370,-0.012451,0.809326
0.458618,-0.093262,1.146118
-0.072876,-0.330811,0.816162
-0.155762,0.209229,1.056030
0.469238,-0.342407,1.036377
-0.474609,-0.014038,0.808350
0.431396,-0.063843,1.146729
-0.060181,-0.337158,0.829956
-0.204712,0.202026,1.035034
0.479980,-0.340088,1.045410
-0.460083,-0.048706,0.798584
0.400024,-0.046509,1.145020
-0.035522,-0.350342,0.829590
-0.238281,0.196533,1.006470
0.496460,-0.322754,1.061646
-0.440918,-0.085938,0.786621
0.366333,-0.020752,1.134399
-0.015747,-0.338867,0.838013
-0.266235,0.175171,0.980591
0.509033,-0.328003,1.059937
-0.428589,-0.104370,0.779907
0.328125,-0.006348,1.134766
0.023193,-0.350830,0.847168
-0.299561,0.171509,0.968628
0.512939,-0.323608,1.061523
-0.412354,-0.151978,0.771484
0.291992,0.024292,1.134155
0.058350,-0.356445,0.855713
-0.342773,0.170898,0.941406
0.508301,-0.317017,1.050781
-0.390503,-0.186646,0.764893
0.257935,0.038208,1.123535
0.088623,-0.362305,0.871094
-0.378418,0.164185,0.918701
0.516968,-0.292114,1.070068
-0.381714,-0.200073,0.764771
0.218140,0.062988,1.108765
0.122803,-0.382812,0.870972
-0.398071,0.144531,0.902832
0.515991,-0.294312,1.058594
-0.380737,-0.226807,0.767334
0.170288,0.074341,1.091797
0.163330,-0.395508,0.883911
-0.428345,0.140381,0.882324
0.518188,-0.281006,1.064941
-0.363525,-0.248657,0.762207
0.131104,0.082520,1.088257
0.189209,-0.398071,0.882202
-0.448364,0.132080,0.868164
0.515747,-0.278564,1.057617
-0.327637,-0.260132,0.777466
0.081543,0.094116,1.085938
0.212891,-0.391235,0.888672
-0.466919,0.112305,0.848755
0.513550,-0.253784,1.073608
-0.277588,-0.280884,0.784180
0.042725,0.106201,1.067749
0.234863,-0.394653,0.896606
-0.481079,0.074097,0.817017
0.500122,-0.234131,1.071411
-0.237671,-0.291870,0.785522
-0.002808,0.116943,1.047119
0.267822,-0.391357,0.899170
-0.498413,0.064941,0.807007
0.481812,-0.208862,1.077393
-0.220947,-0.310547,0.767212
-0.044678,0.116699,1.031860
0.300171,-0.382568,0.917358
-0.510742,0.049438,0.796875
0.465210,-0.181152,1.079712
-0.191406,-0.330566,0.756714
-0.105103,0.132446,1.014282
0.338501,-0.386108,0.932495
-0.514038,0.010254,0.779541
0.442871,-0.155518,1.094116
-0.178101,-0.311401,0.766479
-0.173706,0.152466,0.996704
0.374146,-0.379639,0.953735
-0.516235,-0.010498,0.770386
0.403687,-0.097046,1.098022
-0.144287,-0.296875,0.789307
-0.241699,0.167847,0.983887
0.402344,-0.366455,0.977173
-0.510498,-0.046021,0.751831
0.365845,-0.061646,1.093140
-0.108032,-0.302734,0.787476
-0.304077,0.181030,0.957153
0.429321,-0.359985,0.991821
-0.492798,-0.102051,0.737305
0.306152,-0.036255,1.093994
-0.051880,-0.314819,0.809204
-0.367798,0.188354,0.921021
0.452759,-0.342163,1.009888
-0.468994,-0.168457,0.716064
0.226318,0.004761,1.072266
0.012207,-0.359619,0.806396
-0.423828,0.185425,0.899536
0.475342,-0.312378,1.024780
-0.444946,-0.208252,0.730713
0.146851,0.041260,1.058228
0.086304,-0.384644,0.834229
-0.467896,0.142456,0.849243
0.485718,-0.285889,1.027710
-0.387939,-0.221924,0.750122
0.066406,0.077515,1.049316
0.158691,-0.402588,0.842163
-0.507690,0.123291,0.831299
0.473633,-0.260620,1.033569
-0.303467,-0.280762,0.759277
-0.010254,0.095215,1.022827
0.218140,-0.411011,0.858765
-0.535645,0.083252,0.792725
0.450806,-0.213257,1.042725
-0.243652,-0.292725,0.746826
-0.090088,0.115601,1.002319
0.276001,-0.409302,0.887207
-0.551025,0.032349,0.756348
0.423950,-0.166748,1.054321
-0.208130,-0.302612,0.738281
-0.194946,0.156616,0.981812
0.338257,-0.395386,0.926270
-0.545776,-0.005981,0.742432
0.371216,-0.103760,1.052856
-0.170288,-0.296753,0.754883
-0.278687,0.176270,0.948853
0.383301,-0.363403,0.965820
-0.545166,-0.070557,0.722778
0.294922,-0.049316,1.050903
-0.098877,-0.343750,0.762085
-0.373535,0.191772,0.916016
0.428101,-0.348633,0.981934
-0.515381,-0.130371,0.710693
0.210938,-0.001709,1.040405
-0.015625,-0.370361,0.787842
-0.445801,0.188599,0.878540
0.446655,-0.323730,1.002808
-0.461792,-0.176758,0.728394
0.101685,0.047607,1.032227
0.078247,-0.396240,0.813965
-0.509277,0.158691,0.844482
0.465210,-0.288330,1.019409
-0.361694,-0.239258,0.746948
0.004761,0.090088,1.015869
0.168945,-0.413818,0.828735
-0.545898,0.116699,0.791992
0.447388,-0.234253,1.018677
-0.279419,-0.305298,0.732300
-0.088745,0.114380,0.987305
0.249390,-0.429321,0.867798
-0.567993,0.055054,0.753662
0.409546,-0.183716,1.026489
-0.215576,-0.292725,0.734009
-0.190796,0.153198,0.977051
0.320190,-0.393799,0.907715
-0.566040,-0.002319,0.734253
0.353027,-0.115356,1.033081
-0.171143,-0.313232,0.729614
-0.307007,0.180298,0.933105
0.390503,-0.372803,0.947388
-0.553589,-0.065430,0.705200
0.259033,-0.051392,1.029663
-0.089478,-0.362061,0.751465
-0.412964,0.200439,0.895508
0.423828,-0.334473,0.977661
-0.513550,-0.136841,0.710083
0.144409,0.028809,1.022949
0.017578,-0.389526,0.781982
-0.501099,0.197876,0.863281
0.447876,-0.287109,0.997437
-0.409668,-0.208740,0.733765
0.037598,0.087646,1.017090
0.129395,-0.410767,0.820435
-0.556396,0.151489,0.809570
0.436523,-0.244629,1.005981
-0.293335,-0.296875,0.720703
-0.071899,0.113037,0.983521
0.228882,-0.411743,0.854858
-0.585938,0.088867,0.762207
0.406860,-0.183105,1.018677
-0.217896,-0.303955,0.729248
-0.192139,0.146729,0.960083
0.315918,-0.391602,0.903564
-0.581177,0.014160,0.735229
0.333008,-0.107788,1.020386
-0.156250,-0.341797,0.722656
-0.325317,0.181030,0.916260
0.375854,-0.361084,0.934204
-0.546997,-0.060181,0.708618
0.234375,-0.021973,1.024536
-0.076416,-0.365356,0.755005
-0.448975,0.210571,0.879272
0.427368,-0.315918,0.977539
-0.483765,-0.158936,0.711060
0.094727,0.070435,1.023315
0.048706,-0.389282,0.795288
-0.528687,0.200562,0.840088
0.446533,-0.273071,0.989746
-0.359985,-0.234985,0.728760
-0.002563,0.107544,1.001465
0.174561,-0.406494,0.830322
-0.580566,0.149414,0.789551
0.425171,-0.222046,0.996094
-0.249268,-0.309937,0.723022
-0.117065,0.139771,0.979126
0.268677,-0.391968,0.879517
-0.589233,0.086060,0.752197
0.385376,-0.153564,1.005981
-0.187500,-0.311768,0.720215
-0.248169,0.156860,0.926880
0.354858,-0.375610,0.915894
-0.569580,0.003052,0.723267
0.289795,-0.054932,1.013672
-0.111206,-0.371948,0.720337
-0.380859,0.192139,0.887939
0.408081,-0.353149,0.940308
-0.532837,-0.093384,0.694458
0.165894,0.029907,1.005615
-0.021362,-0.364380,0.770752
-0.477783,0.222656,0.876831
0.432373,-0.303711,0.972778
-0.448486,-0.172729,0.724854
0.057983,0.099854,1.021729
0.097168,-0.392090,0.810425
-0.554932,0.196655,0.821655
0.440063,-0.257812,0.988647
-0.311768,-0.242188,0.739258
-0.038208,0.128784,0.990845
0.202637,-0.400757,0.842285
-0.587891,0.147339,0.779297
0.428711,-0.203491,0.996948
-0.228760,-0.300903,0.730591
-0.155029,0.161133,0.959473
0.302368,-0.386230,0.889648
-0.594482,0.080444,0.753906
0.363892,-0.134277,1.007324
-0.154785,-0.334229,0.717285
-0.275513,0.180176,0.914307
0.374756,-0.377197,0.921021
-0.569580,0.011475,0.727051
0.271973,-0.041260,1.008423
-0.090698,-0.375977,0.730713
-0.397339,0.203125,0.885864
0.416992,-0.339233,0.949951
-0.524292,-0.087769,0.705322
0.151733,0.042969,1.004883
0.004150,-0.379395,0.783447
-0.494141,0.222656,0.866943
0.438354,-0.291260,0.971558
-0.432251,-0.161011,0.729980
0.055786,0.106445,1.014771
0.110718,-0.392700,0.812012
-0.560181,0.203857,0.821289
0.444702,-0.242432,0.993774
-0.297852,-0.229492,0.745605
-0.042969,0.141724,0.993652
0.225464,-0.392944,0.851562
-0.592896,0.161987,0.778076
0.415771,-0.182739,0.992920
-0.206421,-0.296265,0.741089
-0.153564,0.177002,0.957275
0.306152,-0.370972,0.891113
-0.584595,0.098145,0.755859
0.372925,-0.131470,1.010986
-0.138550,-0.347290,0.726929
-0.278076,0.183350,0.903931
0.379517,-0.366333,0.912231
-0.554932,0.022217,0.738037
0.283691,-0.026855,1.009155
-0.071167,-0.381104,0.727783
-0.387085,0.211304,0.888306
0.427490,-0.337769,0.947510
-0.522217,-0.076416,0.708618
0.172119,0.033813,1.007324
0.003540,-0.384033,0.763916
-0.475586,0.228638,0.859985
0.447021,-0.297119,0.965088
-0.439697,-0.142212,0.739746
0.081665,0.105835,1.021973
0.101807,-0.389771,0.806885
-0.536865,0.220947,0.834595
0.451538,-0.247925,0.984741
-0.334351,-0.204224,0.748291
-0.001465,0.136597,1.002686
0.195312,-0.392822,0.842285
-0.587036,0.184448,0.786865
0.446167,-0.218628,0.997559
-0.235474,-0.258911,0.756714
-0.086182,0.161499,0.974731
0.281494,-0.378540,0.882080
-0.592896,0.138184,0.768799
0.414307,-0.154419,1.006104
-0.158203,-0.315308,0.739502
-0.185425,0.166260,0.936401
0.343506,-0.377319,0.900024
-0.581299,0.090576,0.750366
0.351440,-0.087402,1.002563
-0.099487,-0.372192,0.722046
-0.281250,0.190186,0.903809
0.394409,-0.365112,0.917480
-0.557007,-0.005615,0.721313
0.262939,-0.029297,0.990967
-0.053101,-0.390625,0.730103
-0.361816,0.187134,0.877808
0.429565,-0.314819,0.949707
-0.520874,-0.078491,0.717285
0.176270,0.031372,1.008423
0.004883,-0.406738,0.755371
-0.446167,0.203369,0.849854
0.443604,-0.274292,0.977295
-0.449097,-0.109741,0.749023
0.101807,0.089478,1.022217
0.085083,-0.409180,0.794556
-0.513672,0.209717,0.823730
0.455566,-0.252319,0.981934
-0.362793,-0.136841,0.768921
0.032959,0.128906,1.012939
0.174438,-0.404907,0.830933
-0.568970,0.188354,0.787231
0.447632,-0.214233,0.996338
-0.258057,-0.217529,0.760498
-0.053223,0.170776,0.994629
0.266357,-0.397461,0.875244
-0.586182,0.146484,0.771729
0.424683,-0.181519,0.997925
-0.175293,-0.284668,0.756714
-0.147949,0.183716,0.954712
0.339844,-0.391846,0.898315
-0.583740,0.105957,0.766602
0.383545,-0.121948,1.002319
-0.105713,-0.343872,0.742065
-0.233032,0.177246,0.902588
0.390015,-0.357300,0.919922
-0.550903,0.020264,0.744141
0.312012,-0.063721,0.995850
-0.047485,-0.385742,0.732300
-0.331299,0.185303,0.873901
0.437378,-0.344360,0.941406
-0.520752,-0.056519,0.725830
0.088867,0.099121,1.025391
0.004517,-0.410400,0.747559
-0.533325,0.220337,0.842285
0.448608,-0.258667,0.977295
-0.362549,-0.165039,0.759155
0.021606,0.118774,1.007080
0.170898,-0.405884,0.829468
-0.589111,0.211426,0.797729
0.431030,-0.214111,0.985962
-0.258545,-0.247192,0.751831
-0.068115,0.156250,0.992065
0.251465,-0.396362,0.874878
-0.597412,0.149414,0.777466
0.411133,-0.178345,0.995728
-0.190918,-0.315796,0.733276
-0.156494,0.168823,0.956665
0.320923,-0.379395,0.897461
-0.590332,0.088989,0.757812
0.369873,-0.117188,1.011230
-0.134399,-0.353882,0.723633
-0.261963,0.189575,0.920532
0.380005,-0.363403,0.916016
-0.561279,0.019653,0.729858
0.291504,-0.046143,0.999268
-0.081299,-0.382202,0.718506
-0.351929,0.198975,0.884766
0.413696,-0.339844,0.939819
-0.533813,-0.059204,0.712036
0.199463,0.001953,1.005127
-0.020752,-0.387573,0.759033
-0.446899,0.228394,0.865723
0.444946,-0.299683,0.965332
-0.461670,-0.130005,0.735596
0.117310,0.085815,1.021729
0.062134,-0.394897,0.792480
-0.513428,0.231201,0.835571
0.460083,-0.251831,0.986328
-0.368408,-0.166626,0.760864
0.037231,0.115723,1.014893
0.162476,-0.405396,0.828613
-0.565063,0.202393,0.796631
0.448608,-0.198120,1.000977
-0.265259,-0.207031,0.753540
-0.049194,0.147095,0.989258
0.247070,-0.409424,0.862671
-0.588379,0.151489,0.770996
0.423706,-0.159180,1.000732
-0.184448,-0.286865,0.750610
-0.141235,0.173096,0.946411
0.333008,-0.388306,0.904297
-0.579956,0.103271,0.760864
0.379150,-0.113647,1.002808
-0.111938,-0.338989,0.745850
-0.240967,0.181274,0.912598
0.388062,-0.369873,0.926392
-0.555786,0.021484,0.743896
0.299072,-0.052368,0.993408
-0.063232,-0.383545,0.729858
-0.341797,0.181274,0.872070
0.431763,-0.329590,0.943726
-0.518433,-0.061401,0.726074
0.204102,0.016846,0.999878
-0.007446,-0.397583,0.751221
-0.430054,0.208252,0.851074
0.449829,-0.297241,0.969360
-0.449097,-0.114746,0.753540
0.112427,0.083252,1.020752
0.076660,-0.410889,0.789917
-0.506714,0.210083,0.822388
0.460693,-0.254761,0.984253
-0.364746,-0.164062,0.761108
0.035889,0.126709,1.016602
0.167603,-0.416870,0.825439
-0.563599,0.195435,0.787598
0.453247,-0.220825,0.998657
-0.259766,-0.214355,0.776733
-0.042480,0.155151,0.990234
0.252441,-0.408691,0.866455
-0.585571,0.151123,0.771606
0.429077,-0.183716,0.999023
-0.168335,-0.283081,0.770386
-0.135742,0.176392,0.952026
0.331665,-0.394287,0.905273
-0.570190,0.102051,0.769897
0.380127,-0.120850,0.999390
-0.098633,-0.344849,0.750488
-0.228149,0.182495,0.916138
0.393555,-0.367188,0.928589
-0.552856,0.015869,0.742065
0.307739,-0.067139,0.997803
-0.045532,-0.395386,0.729370
-0.324463,0.174927,0.875610
0.434937,-0.351440,0.940674
-0.525024,-0.056763,0.731079
0.225586,-0.008057,1.000244
0.000244,-0.419434,0.745972
-0.405762,0.190308,0.849976
0.457153,-0.311646,0.963501
-0.467041,-0.096802,0.748779
0.146484,0.045166,1.014648
0.063110,-0.429443,0.770752
-0.481567,0.181641,0.819946
0.462891,-0.286865,0.971313
-0.395386,-0.119385,0.770386
0.080566,0.094482,1.013916
0.133667,-0.413696,0.815918
-0.539307,0.166016,0.781494
0.459839,-0.266357,0.976440
-0.315552,-0.193848,0.769165
0.000122,0.159424,1.018433
0.229858,-0.428833,0.854736
-0.564087,0.136963,0.764893
0.454102,-0.233521,0.991089
-0.221191,-0.245239,0.771240
-0.081421,0.172729,0.983032
0.300781,-0.417725,0.880493
-0.571167,0.113159,0.769165
0.420288,-0.182739,1.005127
-0.131714,-0.309570,0.777466
-0.159302,0.170044,0.944458
0.360352,-0.387451,0.917847
-0.555176,0.078735,0.775024
0.374146,-0.130615,0.999268
-0.073853,-0.362915,0.765015
-0.240967,0.165649,0.900879
0.405762,-0.377319,0.937866
-0.534668,-0.005127,0.750854
0.305542,-0.067993,0.992676
-0.025269,-0.402588,0.753784
-0.322998,0.142700,0.871460
0.443604,-0.359375,0.956543
-0.507568,-0.075684,0.740234
0.229126,-0.008179,1.003174
0.027588,-0.434082,0.753418
-0.393066,0.154175,0.836304
0.463257,-0.335938,0.963257
-0.463501,-0.102051,0.750854
0.151733,0.047852,1.017334
0.070557,-0.434937,0.776733
-0.466553,0.159912,0.811646
0.474243,-0.321533,0.973389
-0.410278,-0.151611,0.757690
0.085327,0.088135,1.021973
0.141724,-0.440186,0.805420
-0.520996,0.144165,0.778687
0.477783,-0.282227,0.990112
-0.333618,-0.168823,0.778198
0.009399,0.143677,1.020752
0.221313,-0.456421,0.836914
-0.558472,0.109497,0.761597
0.466553,-0.258789,1.000366
-0.251465,-0.212524,0.790771
-0.063599,0.173218,1.002808
0.286743,-0.431641,0.882080
-0.571045,0.102173,0.767700
0.443848,-0.233154,0.998779
-0.158936,-0.290161,0.794922
-0.138428,0.183716,0.978760
0.345825,-0.420166,0.909790
-0.556030,0.068115,0.767822
0.404907,-0.173950,1.000854
-0.084351,-0.352905,0.782715
-0.196411,0.172119,0.935425
0.398560,-0.402588,0.930542
-0.541382,0.019043,0.767944
0.349121,-0.109375,1.001709
-0.025269,-0.405762,0.770752
-0.276855,0.156250,0.894043
0.431885,-0.380493,0.944702
-0.515381,-0.069946,0.742676
0.278198,-0.051758,1.002808
0.026001,-0.427368,0.768921
-0.346924,0.147583,0.860107
0.462036,-0.360840,0.966431
-0.473755,-0.108521,0.746338
0.201050,-0.007202,1.012451
0.068970,-0.447876,0.770508
-0.404297,0.123657,0.818481
0.476196,-0.344604,0.972534
-0.433838,-0.122192,0.761719
0.144775,0.022461,1.004761
0.114136,-0.446899,0.793823
-0.464966,0.130859,0.801025
0.483643,-0.323730,0.983521
-0.383179,-0.173584,0.765625
0.071167,0.076294,1.016113
0.191162,-0.459961,0.831543
-0.501831,0.091187,0.770996
0.481445,-0.297241,0.987549
-0.315918,-0.199951,0.783203
-0.010010,0.126465,1.010742
0.256836,-0.469604,0.860352
-0.526611,0.079102,0.766113
0.456055,-0.260010,0.999390
-0.225098,-0.218872,0.808960
-0.073364,0.145874,0.998169
0.314819,-0.460938,0.889282
-0.537842,0.075073,0.774170
0.432739,-0.211304,1.013672
-0.139160,-0.277710,0.810791
-0.139160,0.157349,0.972778
0.377441,-0.436279,0.928833
-0.536499,0.032227,0.770630
0.390503,-0.152466,1.016357
-0.060547,-0.352783,0.797241
-0.210083,0.151733,0.942017
0.424072,-0.420166,0.950073
-0.511841,-0.035889,0.758789
0.329956,-0.092773,1.016846
0.014282,-0.405640,0.794678
-0.285522,0.136841,0.901001
0.463623,-0.404663,0.970703
-0.479370,-0.104126,0.751953
0.266235,-0.038330,1.024048
0.060303,-0.437256,0.787109
-0.348145,0.127441,0.858765
0.496826,-0.377441,0.994263
-0.447388,-0.141846,0.748413
0.189087,0.007324,1.015503
0.098755,-0.437012,0.797974
-0.405518,0.121338,0.837036
0.509888,-0.350342,0.998413
-0.399292,-0.175049,0.759521
0.117554,0.056641,1.027954
0.177002,-0.469971,0.813965
-0.451904,0.101074,0.803589
0.511108,-0.321167,1.019775
-0.331299,-0.202881,0.781738
0.046509,0.093994,1.025879
0.242676,-0.473267,0.852539
-0.486572,0.070801,0.778564
0.486328,-0.280396,1.014893
-0.250488,-0.225220,0.808228
-0.028320,0.136841,1.031738
0.310547,-0.468384,0.894043
-0.518433,0.079346,0.786133
0.456665,-0.210449,1.030884
-0.156738,-0.270020,0.817627
-0.085693,0.159424,1.014648
0.378662,-0.443604,0.938721
-0.526001,0.042236,0.772949
0.415161,-0.166016,1.038330
-0.066528,-0.343750,0.816284
-0.157715,0.146973,0.987427
0.428833,-0.429199,0.964355
-0.499878,-0.023682,0.774414
0.364868,-0.108398,1.038330
0.012573,-0.401733,0.814575
-0.237549,0.139282,0.942383
0.481567,-0.397949,1.004028
-0.460938,-0.088013,0.775635
0.304077,-0.058838,1.031738
0.058350,-0.421631,0.809937
-0.306030,0.128784,0.901489
0.513794,-0.359863,1.011597
-0.421509,-0.141235,0.772339
0.220581,0.002686,1.044312
0.109253,-0.421875,0.826050
-0.378784,0.124146,0.868530
0.526611,-0.343994,1.032593
-0.366943,-0.190430,0.781250
0.126465,0.065552,1.042114
0.208008,-0.465820,0.858154
-0.432129,0.083008,0.817993
0.522949,-0.292969,1.044922
-0.291382,-0.216309,0.797241
0.035400,0.127930,1.054932
0.294800,-0.467285,0.891602
-0.477661,0.068237,0.795410
0.488647,-0.235718,1.057739
-0.207764,-0.239746,0.823608
-0.033936,0.157349,1.052246
0.365356,-0.451416,0.938721
-0.495605,0.063721,0.803711
0.450073,-0.178711,1.052856
-0.103760,-0.287354,0.846069
-0.105469,0.167969,1.028198
0.428589,-0.423584,0.975586
-0.477051,0.001343,0.793091
0.402954,-0.112671,1.065430
0.000122,-0.355225,0.839600
-0.188599,0.149658,0.986938
0.487793,-0.390137,1.021973
-0.445190,-0.085693,0.782715
0.334839,-0.044922,1.073242
0.078735,-0.400024,0.842407
-0.274048,0.142212,0.946899
0.526123,-0.346558,1.043335
-0.397217,-0.151611,0.787842
0.240356,0.017700,1.066162
0.149658,-0.413574,0.864258
-0.354126,0.138550,0.894043
0.552246,-0.320312,1.065674
-0.340942,-0.197388,0.784546
0.140991,0.083008,1.067749
0.249512,-0.458374,0.885010
-0.410156,0.087524,0.837646
0.543579,-0.272217,1.072754
-0.264771,-0.220703,0.803589
0.050659,0.145386,1.072998
0.334473,-0.464966,0.920532
-0.462036,0.084717,0.825806
0.505249,-0.215454,1.082153
-0.168091,-0.251099,0.846558
-0.030151,0.156982,1.069946
0.405151,-0.434326,0.976929
-0.468140,0.034424,0.819702
0.469238,-0.138794,1.093262
-0.057373,-0.291992,0.867676
-0.116333,0.172119,1.039551
0.462769,-0.412354,1.011841
-0.452026,-0.024902,0.803833
0.414062,-0.088501,1.096313
0.044434,-0.367310,0.868652
-0.200928,0.178223,1.005493
0.515259,-0.368164,1.045410
-0.416016,-0.094116,0.800171
0.336182,-0.022339,1.100708
0.090332,-0.369629,0.881226
-0.278931,0.166748,0.971680
0.557617,-0.328857,1.084473
-0.373291,-0.164673,0.797607
0.244019,0.041260,1.090820
0.193237,-0.421143,0.893555
-0.348999,0.137817,0.904175
0.574463,-0.288086,1.106201
-0.308838,-0.217529,0.803711
0.153564,0.098999,1.086304
0.287476,-0.450562,0.921021
-0.406982,0.085449,0.851562
0.550537,-0.242676,1.097412
-0.231445,-0.239746,0.832764
0.057739,0.144043,1.097900
0.360962,-0.438721,0.972168
-0.452148,0.074097,0.840454
0.520630,-0.179565,1.109619
-0.145630,-0.252686,0.865112
-0.025391,0.175049,1.090332
0.431274,-0.421509,1.005737
-0.447266,0.039062,0.835815
0.482788,-0.122192,1.120972
-0.033081,-0.291260,0.878418
-0.105225,0.192383,1.066406
0.492188,-0.386353,1.037964
-0.439453,-0.018921,0.826538
0.428223,-0.068115,1.130493
0.053711,-0.350220,0.886597
-0.177490,0.191650,1.035645
0.526367,-0.344482,1.080444
-0.402466,-0.090698,0.817627
0.367554,-0.005371,1.128052
0.096436,-0.361450,0.900879
-0.266968,0.189941,0.996338
0.574585,-0.307617,1.111206
-0.360596,-0.160278,0.810303
0.269287,0.054688,1.124512
0.196411,-0.405640,0.921021
-0.330322,0.127319,0.921265
0.578613,-0.277832,1.114990
-0.296265,-0.208252,0.823608
0.181885,0.107056,1.116577
0.293091,-0.430054,0.948730
-0.386597,0.100830,0.873535
0.563232,-0.236572,1.117676
-0.224609,-0.226196,0.843384
0.092407,0.160522,1.118286
0.366211,-0.427612,0.980591
-0.423462,0.094238,0.864258
0.543579,-0.177856,1.124634
-0.153442,-0.246338,0.866333
0.003662,0.183716,1.107666
0.433350,-0.416870,1.015503
-0.437744,0.047607,0.860718
0.502808,-0.115234,1.141479
-0.037598,-0.293213,0.894409
-0.082764,0.196289,1.085205
0.489990,-0.378052,1.052368
-0.436279,-0.016235,0.844727
0.459229,-0.063110,1.150146
0.036255,-0.330688,0.888672
-0.159424,0.199585,1.059814
0.526123,-0.325806,1.093994
-0.402466,-0.080688,0.824829
0.402588,-0.015625,1.154419
0.086426,-0.353027,0.905396
-0.256226,0.203979,1.022095
0.570068,-0.305054,1.114990
-0.350220,-0.166382,0.819092
0.300537,0.046875,1.146240
0.176880,-0.374878,0.934570
-0.311890,0.146484,0.939575
0.585205,-0.271118,1.131104
-0.293213,-0.225098,0.830322
0.203979,0.102051,1.130371
0.274048,-0.428467,0.952393
-0.376221,0.121704,0.900757
0.581177,-0.230225,1.135498
-0.231934,-0.236450,0.851196
0.108398,0.141235,1.122437
0.351074,-0.429688,0.980835
-0.418213,0.095459,0.877319
0.555298,-0.179932,1.140259
-0.167969,-0.234497,0.872681
0.023682,0.177979,1.117920
0.409912,-0.398071,1.014771
-0.429565,0.045410,0.864746
0.531494,-0.126465,1.155273
-0.057251,-0.288330,0.883667
-0.054321,0.185425,1.093506
0.463379,-0.366699,1.047485
-0.428101,-0.001709,0.849854
0.487549,-0.080200,1.158081
0.001343,-0.312012,0.884644
-0.125977,0.195679,1.067871
0.507202,-0.327026,1.075195
-0.418213,-0.058228,0.830078
0.430054,-0.023560,1.165527
0.037720,-0.332886,0.888916
-0.219849,0.199463,1.033936
0.554688,-0.298218,1.117798
-0.385986,-0.130127,0.813965
0.350708,0.030396,1.153687
0.119263,-0.346802,0.916870
-0.282471,0.174927,0.980835
0.578735,-0.282715,1.120972
-0.337402,-0.202148,0.811279
0.264160,0.077393,1.152832
0.210449,-0.404175,0.921875
-0.341309,0.138184,0.920532
0.581665,-0.265869,1.125244
-0.289551,-0.221191,0.823975
0.181763,0.108154,1.134033
0.281250,-0.428711,0.944702
-0.385254,0.115356,0.905151
0.571167,-0.229004,1.136719
-0.236572,-0.244507,0.844604
0.100952,0.125244,1.118774
0.343628,-0.409668,0.973999
-0.419312,0.084229,0.878906
0.549561,-0.177734,1.136719
-0.176636,-0.260620,0.856445
0.030396,0.150269,1.103149
0.382690,-0.384766,1.000366
-0.431641,0.044922,0.863892
0.530273,-0.141479,1.146240
-0.084961,-0.307495,0.866943
-0.038086,0.167725,1.082397
0.415894,-0.373047,1.015015
-0.436035,0.007812,0.845337
0.508911,-0.099854,1.163696
-0.064087,-0.328369,0.850586
-0.104126,0.176147,1.072144
0.463013,-0.356567,1.037231
-0.443237,-0.020142,0.830688
0.465820,-0.051270,1.168701
-0.032471,-0.310303,0.859863
-0.177856,0.194458,1.054565
0.491089,-0.331421,1.066284
-0.431641,-0.073364,0.817993
0.416260,-0.012939,1.174316
0.005371,-0.321533,0.866333
-0.238281,0.204346,1.023438
0.528564,-0.324951,1.086792
-0.419678,-0.119385,0.799927
0.366089,0.017700,1.160278
0.046509,-0.344604,0.876587
-0.282715,0.167847,0.973022
0.549561,-0.314087,1.091797
-0.378906,-0.165161,0.793335
0.305786,0.036377,1.149536
0.109131,-0.353271,0.898682
-0.323608,0.157837,0.941650
0.549072,-0.292603,1.092041
-0.348877,-0.208252,0.793945
0.246948,0.065552,1.141357
0.168457,-0.373779,0.903687
-0.375732,0.147827,0.911255
0.547119,-0.272217,1.096802
-0.313721,-0.238159,0.799194
0.179443,0.093872,1.122803
0.224243,-0.398804,0.918091
-0.412231,0.118286,0.891357
0.545166,-0.244873,1.101196
-0.297974,-0.244751,0.802979
0.120239,0.099365,1.102661
0.274170,-0.395874,0.930420
-0.435059,0.103516,0.861572
0.535400,-0.218872,1.105713
-0.250488,-0.270996,0.813843
0.053711,0.122192,1.082886
0.310547,-0.404053,0.942505
-0.444580,0.075195,0.850342
0.521973,-0.188232,1.113892
-0.176880,-0.308472,0.817139
-0.008057,0.130615,1.060547
0.339111,-0.397583,0.943604
-0.458984,0.050537,0.834473
0.511475,-0.158203,1.125000
-0.144409,-0.321777,0.805420
-0.061157,0.139282,1.048462
0.368896,-0.378906,0.968018
-0.468872,0.019897,0.817871
0.480835,-0.134399,1.125122
-0.128662,-0.325684,0.801880
-0.120850,0.163818,1.041260
0.398193,-0.372559,0.978271
-0.480469,-0.007080,0.802856
0.447876,-0.093140,1.132568
-0.114624,-0.289917,0.817993
-0.183105,0.176270,1.030640
0.441406,-0.363037,1.020996
-0.484253,-0.041138,0.790527
0.403687,-0.036255,1.137817
-0.084839,-0.284302,0.826782
-0.241333,0.178467,0.998779
0.478149,-0.359253,1.035889
-0.471924,-0.089600,0.771729
0.345215,-0.019043,1.130249
-0.037231,-0.315063,0.829956
-0.292480,0.175171,0.971924
0.489990,-0.342651,1.043823
-0.436523,-0.142944,0.763306
0.288940,0.006226,1.112427
0.014526,-0.348389,0.838989
-0.352417,0.171753,0.929443
0.509888,-0.325439,1.048950
-0.406738,-0.181030,0.760254
0.232666,0.041748,1.103638
0.068359,-0.385986,0.835693
-0.401611,0.148926,0.893188
0.502441,-0.307007,1.043945
-0.385254,-0.213989,0.767212
0.180908,0.077026,1.100830
0.120239,-0.391968,0.850464
-0.448242,0.135376,0.863647
0.506592,-0.292969,1.048584
-0.370483,-0.226196,0.759399
0.121704,0.095581,1.080078
0.177612,-0.385376,0.875122
-0.475342,0.120117,0.844116
0.492920,-0.263306,1.042236
-0.322510,-0.252808,0.772339
0.070068,0.101562,1.063110
0.223877,-0.388672,0.893188
-0.482544,0.079102,0.812988
0.478271,-0.255737,1.046021
-0.269287,-0.299805,0.762817
0.009766,0.118408,1.046509
0.259766,-0.396973,0.892090
-0.494385,0.066772,0.811523
0.467041,-0.217651,1.057007
-0.232300,-0.319702,0.746948
-0.048462,0.116089,1.022095
0.295776,-0.395996,0.907959
-0.517944,0.059570,0.797607
0.455933,-0.192383,1.074951
-0.204956,-0.351440,0.735596
-0.125488,0.134766,1.006714
0.331665,-0.392578,0.917603
-0.516113,0.022705,0.779175
0.435913,-0.156250,1.080444
-0.190918,-0.302856,0.761353
-0.188110,0.150757,0.988281
0.361816,-0.398193,0.930420
-0.527832,-0.009521,0.763184
0.403076,-0.113525,1.083740
-0.173462,-0.298828,0.765625
-0.237671,0.163574,0.980591
0.380127,-0.386108,0.950195
-0.527222,-0.040527,0.755981
0.370972,-0.075806,1.090332
-0.145142,-0.295654,0.777222
-0.281982,0.175537,0.956543
0.399536,-0.375732,0.964966
-0.522461,-0.060303,0.736084
0.338135,-0.060059,1.080200
-0.125000,-0.316040,0.774780
-0.322876,0.164917,0.924561
0.408813,-0.369141,0.965332
-0.513428,-0.087158,0.724121
0.300781,-0.039917,1.072876
-0.089478,-0.343750,0.779053
-0.368530,0.179443,0.907349
0.421143,-0.364380,0.965576
-0.504883,-0.111450,0.717651
0.268921,-0.014526,1.075439
-0.062012,-0.347900,0.789429
-0.408325,0.193481,0.901489
0.433472,-0.359985,0.971802
-0.494995,-0.127441,0.713135
0.232666,0.006226,1.065430
-0.022827,-0.356689,0.799194
-0.434204,0.199707,0.901855
0.437134,-0.346924,0.975586
-0.496582,-0.136719,0.714600
0.198608,0.020996,1.056396
0.009521,-0.365967,0.807373
-0.457764,0.192017,0.876709
0.441284,-0.343018,0.984741
-0.498657,-0.155396,0.697266
0.167480,0.029175,1.047607
0.037964,-0.385254,0.813721
-0.487305,0.195923,0.870117
0.446655,-0.335571,0.987427
-0.485107,-0.161499,0.710449
0.137451,0.054077,1.041016
0.053345,-0.395386,0.812866
-0.503540,0.192139,0.855835
0.454590,-0.327026,0.994995
-0.455322,-0.155273,0.734375
0.112305,0.068970,1.043091
0.077148,-0.410400,0.808105
-0.514771,0.182739,0.844482
0.446167,-0.319580,0.978149
-0.433960,-0.171143,0.737671
0.094482,0.077148,1.035278
0.097046,-0.405884,0.817017
-0.526001,0.186401,0.836060
0.481323,-0.238159,1.050415
-0.429810,-0.204956,0.720581
-0.000366,0.103149,1.036011
0.115356,-0.418335,0.829346
-0.515991,0.075317,0.805298
0.473145,-0.241455,1.056030
-0.263550,-0.293457,0.762329
-0.024780,0.108276,1.025635
0.268433,-0.411377,0.892822
-0.519653,0.084473,0.796387
0.470093,-0.229858,1.056274
-0.258911,-0.282593,0.760742
-0.042236,0.111328,1.010864
0.275024,-0.394409,0.911865
-0.529663,0.068604,0.795044
0.470703,-0.215454,1.060913
-0.258545,-0.292847,0.741333
-0.061035,0.129150,1.013916
0.293335,-0.415894,0.898315
-0.525635,0.064819,0.789307
0.459106,-0.214233,1.056396
-0.249390,-0.309448,0.729980
-0.088135,0.137573,1.001953
0.300171,-0.425415,0.891968
-0.537354,0.070557,0.781250
0.454468,-0.193115,1.058716
-0.240601,-0.321289,0.730225
-0.109619,0.136597,1.008911
0.311523,-0.422363,0.896362
-0.554932,0.067261,0.783325
0.445923,-0.199341,1.044434
-0.238770,-0.301636,0.733154
-0.126953,0.142822,0.991333
0.313965,-0.415649,0.910278
-0.553955,0.052490,0.771606
0.436768,-0.181274,1.057251
-0.226318,-0.296631,0.737183
-0.141846,0.141968,0.981567
0.311890,-0.404541,0.903076
-0.558105,0.032959,0.761230
0.426758,-0.180786,1.049438
-0.216431,-0.318359,0.719360
-0.173218,0.158813,0.978516
0.322510,-0.401733,0.903442
-0.561768,0.035156,0.758545
0.420654,-0.168579,1.056641
-0.215820,-0.317749,0.722412
-0.199829,0.167358,0.973145
0.339844,-0.408203,0.908203
-0.560181,0.022827,0.757202
0.403198,-0.153320,1.052490
-0.213745,-0.320923,0.723999
-0.217163,0.175781,0.966309
0.343262,-0.420166,0.902710
-0.559204,0.026611,0.758789
0.402222,-0.157593,1.046021
-0.209717,-0.308105,0.725830
-0.224854,0.157593,0.965332
0.342041,-0.417114,0.907349
-0.572144,0.028809,0.753540
0.403198,-0.145386,1.049316
-0.209595,-0.298950,0.739624
-0.237793,0.158203,0.952637
0.341431,-0.424683,0.899902
-0.572998,0.015381,0.749634
0.386230,-0.137329,1.052124
-0.201904,-0.284912,0.739136
-0.240967,0.166016,0.957275
0.343750,-0.415161,0.908936
-0.582520,0.026978,0.753174
0.380981,-0.148193,1.038208
-0.193481,-0.319580,0.737305
-0.245728,0.168457,0.945679
0.329102,-0.408081,0.897217
-0.585693,0.029663,0.739380
0.385620,-0.154785,1.042114
-0.197510,-0.303711,0.727661
-0.256958,0.172119,0.944458
0.342041,-0.408691,0.898438
-0.577637,0.027222,0.750610
0.381226,-0.147217,1.032104
-0.201294,-0.303345,0.739380
-0.245117,0.175659,0.940430
0.340820,-0.410034,0.895508
-0.597168,0.032959,0.746216
0.386597,-0.158569,1.033081
-0.191528,-0.309204,0.725464
-0.254150,0.178589,0.940796
0.332886,-0.409424,0.896973
-0.592041,0.031860,0.743652
0.397949,-0.154175,1.034180
-0.203125,-0.292358,0.720947
-0.250732,0.174805,0.932495
0.344238,-0.413330,0.889648
-0.593140,0.049927,0.744263
0.389282,-0.152344,1.031616
-0.209106,-0.290771,0.724365
-0.246948,0.168579,0.931396
0.340210,-0.419434,0.891235
-0.592773,0.037842,0.740112
0.389038,-0.139282,1.036499
-0.198853,-0.308716,0.714355
-0.242310,0.172607,0.930908
0.340088,-0.418945,0.892212
-0.586182,0.054443,0.750000
0.388794,-0.160889,1.019653
-0.202881,-0.302979,0.725220
-0.245117,0.169434,0.934692
0.344727,-0.417114,0.892212
-0.588989,0.051392,0.751587
0.387573,-0.150146,1.018921
-0.199463,-0.302002,0.722412
-0.240845,0.162842,0.922241
0.343140,-0.423706,0.888306
-0.599609,0.067505,0.747681
0.382080,-0.138794,1.028198
-0.191040,-0.301636,0.715454
-0.239746,0.168091,0.928101
0.342041,-0.420044,0.889893
-0.595947,0.051636,0.741943
0.381836,-0.138184,1.022461
-0.197632,-0.305664,0.710083
-0.234009,0.171509,0.931519
0.352051,-0.432373,0.884644
-0.607178,0.066650,0.741821
0.383423,-0.145508,1.015381
-0.182739,-0.320068,0.715820
-0.239868,0.180664,0.935181
0.343628,-0.411743,0.888672
-0.600220,0.060791,0.743042
0.385620,-0.146851,1.021484
-0.191650,-0.325073,0.710571
-0.229736,0.178345,0.936157
0.347046,-0.432739,0.884888
-0.606079,0.087036,0.755615
0.382568,-0.141479,1.012573
-0.190796,-0.311768,0.718384
-0.219238,0.162231,0.929932
0.343140,-0.405151,0.885620
-0.600830,0.090820,0.749023
0.383057,-0.139404,1.014282
-0.190063,-0.291870,0.727295
-0.217896,0.177734,0.934692
0.340698,-0.404541,0.895752
-0.612549,0.100464,0.743042
0.392212,-0.158813,1.009155
-0.182861,-0.314209,0.720459
-0.216797,0.183472,0.929077
0.349854,-0.401611,0.887085
-0.604858,0.108643,0.754028
0.398804,-0.146851,1.014282
-0.189331,-0.309082,0.726562
-0.214722,0.184082,0.932861
0.343018,-0.419800,0.877319
-0.602783,0.110352,0.762939
0.405518,-0.158936,1.015503
-0.181885,-0.313354,0.724731
-0.207397,0.188232,0.941895
0.343140,-0.419067,0.874512
-0.600098,0.114258,0.766235
0.405273,-0.160400,1.011108
-0.185913,-0.294800,0.730957
-0.199219,0.182129,0.931396
0.339966,-0.420044,0.882202
-0.604004,0.110229,0.752686
0.412109,-0.155029,1.018921
-0.189697,-0.290283,0.731201
-0.186768,0.172852,0.939209
0.340454,-0.412231,0.883179
-0.597412,0.123047,0.753052
0.409546,-0.144653,1.017090
-0.183105,-0.284302,0.745972
-0.192139,0.180542,0.932617
0.332764,-0.414917,0.876587
-0.599976,0.129639,0.762817
0.413940,-0.146240,1.009399
-0.177368,-0.290161,0.741455
-0.184326,0.183350,0.934814
0.329468,-0.411011,0.885254
-0.605469,0.128662,0.760498
0.417847,-0.152710,1.015869
-0.178589,-0.283081,0.750122
-0.170654,0.181763,0.941162
0.326416,-0.406616,0.878174
-0.600464,0.128418,0.756958
0.418213,-0.146484,1.011597
-0.182251,-0.281372,0.743530
-0.171021,0.181396,0.942139
0.338989,-0.420288,0.880737
-0.603882,0.133423,0.767334
0.418457,-0.150513,1.012695
-0.181030,-0.283081,0.746338
-0.166382,0.171753,0.938354
0.329834,-0.400269,0.896851
-0.592285,0.128784,0.765869
0.417236,-0.145996,1.021484
-0.178101,-0.310303,0.730103
-0.177856,0.176636,0.935913
0.344727,-0.402100,0.890869
-0.587158,0.126709,0.782837
0.411865,-0.143677,1.016235
-0.173096,-0.309326,0.744995
-0.177124,0.187012,0.936768
0.347412,-0.413086,0.892944
-0.583008,0.137329,0.776611
0.414917,-0.141235,1.018188
-0.171753,-0.304565,0.742920
-0.172852,0.168701,0.936768
0.336792,-0.402344,0.893188
-0.577026,0.129272,0.774048
0.417969,-0.131714,1.023560
-0.161621,-0.279907,0.752441
-0.172729,0.166138,0.933350
0.341431,-0.421875,0.875854
-0.589844,0.142822,0.778320
0.422119,-0.120117,1.033325
-0.151367,-0.291504,0.755859
-0.172729,0.187012,0.942749
0.346558,-0.420044,0.880005
-0.589722,0.137085,0.778687
0.418945,-0.137085,1.022583
-0.147217,-0.299194,0.764282
-0.178467,0.177124,0.936035
0.341919,-0.405396,0.889648
-0.583496,0.127075,0.777710
0.420166,-0.135620,1.025146
-0.150757,-0.305054,0.756836
-0.180786,0.185913,0.937256
0.353149,-0.399780,0.893433
-0.573730,0.118408,0.781006
0.411255,-0.122803,1.027466
-0.137329,-0.302246,0.760498
-0.188110,0.185181,0.933960
0.353516,-0.408813,0.893066
-0.579590,0.125000,0.772095
0.410156,-0.126099,1.023315
-0.130493,-0.311035,0.765991
-0.189331,0.183472,0.923584
0.353638,-0.408081,0.887817
-0.576294,0.108643,0.775024
0.418213,-0.122925,1.027710
-0.125244,-0.307983,0.769287
-0.205811,0.183472,0.921875
0.365234,-0.411255,0.894531
-0.567139,0.105835,0.777710
0.412109,-0.126953,1.025635
-0.118530,-0.308228,0.761353
-0.201538,0.178955,0.925293
0.370728,-0.426270,0.896729
-0.562500,0.103149,0.771729
0.398926,-0.121948,1.019043
-0.106567,-0.297607,0.786255
-0.196533,0.168945,0.921265
0.362915,-0.412476,0.890991
-0.568726,0.103760,0.779541
0.403076,-0.108032,1.031616
-0.105957,-0.321289,0.767944
-0.213379,0.165283,0.917358
0.367310,-0.414795,0.902588
-0.556519,0.082397,0.772583
0.394775,-0.109497,1.024780
-0.099854,-0.320801,0.769531
-0.218750,0.165161,0.913940
0.379517,-0.415649,0.905762
-0.559570,0.076538,0.773071
0.386353,-0.112549,1.022461
-0.085205,-0.337524,0.772827
-0.229858,0.172607,0.907593
0.387207,-0.401123,0.914917
-0.554932,0.054565,0.760742
0.383179,-0.108398,1.022949
-0.076050,-0.347534,0.768188
-0.241211,0.188232,0.913818
0.402466,-0.404785,0.916992
-0.558838,0.054565,0.759277
0.370361,-0.100464,1.009155
-0.063721,-0.361206,0.775146
-0.257202,0.172852,0.905151
0.405640,-0.400513,0.921875
-0.547852,0.034546,0.762085
0.353394,-0.074341,1.018799
-0.049194,-0.376099,0.757202
-0.268066,0.165649,0.892334
0.413818,-0.404785,0.924683
-0.534180,0.015381,0.759766
0.342896,-0.074219,1.016357
-0.036011,-0.362061,0.774048
-0.292114,0.165405,0.881958
0.425049,-0.398193,0.928711
-0.528320,-0.012451,0.754272
0.318481,-0.073608,1.011475
-0.020874,-0.384766,0.767822
-0.308228,0.158569,0.877808
0.432861,-0.396851,0.933716
-0.518677,-0.033325,0.756592
0.302979,-0.052856,1.018555
-0.005737,-0.400757,0.762695
-0.330200,0.158813,0.866455
0.450806,-0.395752,0.941772
-0.507690,-0.052246,0.748657
0.283691,-0.038086,1.011353
0.006104,-0.413452,0.760254
-0.348999,0.166626,0.861206
0.457275,-0.395020,0.943359
-0.499878,-0.063232,0.758057
0.262695,-0.014404,1.019287
0.032715,-0.423340,0.774292
-0.371582,0.143311,0.844238
0.458252,-0.386719,0.944946
-0.493652,-0.092041,0.745728
0.241455,0.001221,1.022461
0.039062,-0.422607,0.767334
-0.389893,0.143066,0.828613
0.473022,-0.382324,0.960205
-0.483887,-0.085205,0.750244
0.217285,0.010132,1.020020
0.062378,-0.428345,0.777466
-0.406372,0.146729,0.830444
0.470459,-0.371948,0.960815
-0.467407,-0.120728,0.741089
0.194824,0.020020,1.028442
0.082031,-0.427490,0.790527
-0.424561,0.146484,0.824585
0.479614,-0.368164,0.966431
-0.447876,-0.139893,0.732422
0.161987,0.033936,1.024536
0.103882,-0.419556,0.796265
-0.448120,0.143921,0.810303
0.487793,-0.357666,0.977539
-0.434448,-0.162476,0.743164
0.119995,0.061279,1.022461
0.140869,-0.438110,0.819092
-0.467285,0.143921,0.804688
0.495972,-0.342041,0.984009
-0.400024,-0.168457,0.746216
0.081665,0.078735,1.016479
0.175537,-0.450684,0.825562
-0.480713,0.126221,0.797363
0.492798,-0.322632,0.993164
-0.364380,-0.198608,0.758789
0.045898,0.101685,1.020996
0.215576,-0.468018,0.833252
-0.493652,0.097412,0.768188
0.496582,-0.305054,1.001099
-0.317627,-0.187134,0.788208
-0.000732,0.116455,1.013672
0.246826,-0.459229,0.856079
-0.503540,0.071899,0.760742
0.484863,-0.273804,1.020142
-0.270264,-0.217896,0.796753
-0.042603,0.137207,1.015381
0.280151,-0.469971,0.868042
-0.518311,0.063721,0.764404
0.475098,-0.254395,1.016357
-0.221802,-0.247437,0.795044
-0.078247,0.154663,1.008667
0.325195,-0.474976,0.874756
-0.527222,0.068970,0.772583
0.456909,-0.233765,1.027832
-0.174805,-0.255859,0.813477
-0.103882,0.164551,1.001099
0.353516,-0.468384,0.901733
-0.531372,0.068726,0.778809
0.436157,-0.200317,1.025635
-0.122803,-0.278564,0.823242
-0.124878,0.152344,0.999878
0.373413,-0.447998,0.926636
-0.536133,0.044189,0.770386
0.411743,-0.170288,1.035278
-0.062866,-0.331177,0.820801
-0.157837,0.148560,0.981201
0.402710,-0.427124,0.948242
-0.528564,0.015259,0.763428
0.386719,-0.150757,1.026733
-0.016846,-0.361572,0.816284
-0.192505,0.142578,0.971680
0.427124,-0.423706,0.952515
-0.506836,-0.017090,0.760986
0.357178,-0.115356,1.031494
0.020630,-0.407959,0.806152
-0.240967,0.148926,0.944946
0.467896,-0.397705,0.988770
-0.489258,-0.076904,0.758179
0.307861,-0.077026,1.025391
0.061035,-0.422729,0.809692
-0.271851,0.129395,0.916260
0.485840,-0.370239,0.992554
-0.462158,-0.126465,0.755859
0.267456,-0.047119,1.031860
0.079346,-0.431396,0.808838
-0.317871,0.117065,0.881592
0.521851,-0.369751,1.014404
-0.428101,-0.130493,0.774292
0.206787,0.003296,1.040283
0.113525,-0.439941,0.818359
-0.359131,0.105591,0.869141
0.532471,-0.353516,1.028442
-0.400757,-0.161621,0.771851
0.151367,0.054443,1.037598
0.175781,-0.448242,0.838623
-0.396240,0.093140,0.841187
0.543701,-0.343384,1.036255
-0.359497,-0.184937,0.777344
0.090820,0.094971,1.042236
0.241699,-0.476807,0.862915
-0.418823,0.067017,0.823486
0.532593,-0.295898,1.052490
-0.313843,-0.205322,0.789551
0.054932,0.103516,1.031006
0.284424,-0.482300,0.877930
-0.454102,0.069458,0.811890
0.525635,-0.272461,1.064209
-0.256104,-0.224976,0.807739
0.001465,0.140991,1.044067
0.323608,-0.486450,0.890747
-0.458862,0.055908,0.810303
0.501953,-0.241333,1.071777
-0.203125,-0.227905,0.844360
-0.035767,0.150635,1.046631
0.356445,-0.462280,0.920898
-0.472168,0.064331,0.808716
0.481567,-0.188354,1.072998
-0.139282,-0.233398,0.852661
-0.072754,0.177246,1.048584
0.394409,-0.445801,0.949585
-0.483276,0.034546,0.808350
0.460205,-0.165405,1.070068
-0.061035,-0.296387,0.859375
-0.126587,0.181274,1.039062
0.436890,-0.411133,0.980957
-0.471313,-0.003540,0.802979
0.413574,-0.113892,1.077393
0.027588,-0.356812,0.860107
-0.189697,0.186646,1.009277
0.490234,-0.374878,1.031860
-0.438354,-0.082031,0.780151
0.338867,-0.054321,1.078247
0.076904,-0.381836,0.855469
-0.248535,0.163208,0.974365
0.535400,-0.339966,1.061646
-0.404907,-0.140137,0.780029
0.258667,0.007568,1.071899
0.141113,-0.394531,0.868774
-0.320068,0.133789,0.921509
0.567261,-0.306519,1.091919
-0.346802,-0.214478,0.778076
0.144287,0.073242,1.063843
0.242188,-0.436890,0.892212
-0.390015,0.077148,0.851929
0.561157,-0.285156,1.084229
-0.247070,-0.224731,0.840942
0.049194,0.119141,1.061157
0.335571,-0.442139,0.937256
-0.446411,0.075928,0.832031
0.519043,-0.195557,1.099731
-0.133667,-0.238159,0.876587
-0.050903,0.167480,1.073853
0.411621,-0.423950,0.988647
-0.453125,0.033203,0.825684
0.462402,-0.116333,1.106079
0.012817,-0.329468,0.885010
-0.145996,0.205444,1.061157
0.481201,-0.392212,1.033936
-0.437866,-0.053101,0.799194
0.395264,-0.055664,1.107544
0.074463,-0.355591,0.886841
-0.235474,0.219116,1.024536
0.540894,-0.360840,1.071167
-0.393311,-0.154907,0.786011
0.292480,0.002563,1.102905
0.147949,-0.377563,0.905273
-0.302734,0.156128,0.955200
0.583374,-0.300049,1.108032
-0.325439,-0.202881,0.809937
0.188477,0.076294,1.091309
0.245850,-0.424927,0.917725
-0.361938,0.073364,0.861816
0.584473,-0.257568,1.122681
-0.243164,-0.224121,0.851440
0.087891,0.124634,1.081787
0.322388,-0.440430,0.952271
-0.413452,0.073730,0.851929
0.554810,-0.199219,1.126709
-0.156372,-0.209717,0.892822
-0.005859,0.175781,1.085083
0.389893,-0.422485,0.981201
-0.426514,0.046265,0.846558
0.520142,-0.152466,1.121948
-0.079834,-0.240845,0.897095
-0.079468,0.196167,1.083496
0.459961,-0.402222,1.023193
-0.430298,0.000122,0.828735
0.466919,-0.087036,1.130127
0.039917,-0.314331,0.904419
-0.149780,0.208740,1.064575
0.507568,-0.361450,1.067261
-0.421265,-0.067505,0.811157
0.406250,-0.030518,1.140259
0.068604,-0.337158,0.908081
-0.247681,0.230469,1.034180
0.572510,-0.335693,1.100708
-0.379028,-0.156860,0.799194
0.303101,0.038086,1.126221
0.155762,-0.377075,0.919067
-0.303223,0.165649,0.963867
0.591553,-0.300781,1.123047
-0.322754,-0.219971,0.806519
0.212769,0.092407,1.115234
0.265381,-0.407715,0.940552
-0.362915,0.099121,0.890747
0.581055,-0.258667,1.126709
-0.240234,-0.248413,0.841064
0.111816,0.128418,1.100952
0.339966,-0.416748,0.974365
-0.418457,0.092041,0.863281
0.561890,-0.201294,1.142212
-0.162476,-0.245239,0.870850
0.010376,0.183472,1.107178
0.418945,-0.404663,1.012817
-0.425049,0.046631,0.865112
0.518311,-0.134644,1.139404
-0.044067,-0.284668,0.893799
-0.072998,0.185303,1.086548
0.473267,-0.360107,1.042114
-0.419800,-0.019897,0.849854
0.467407,-0.053223,1.170532
0.026001,-0.336914,0.887939
-0.169189,0.211548,1.062500
0.531372,-0.329224,1.087646
-0.400513,-0.088257,0.817749
0.382446,0.008545,1.151611
0.100098,-0.351562,0.912109
-0.263916,0.192139,1.003662
0.578247,-0.278198,1.136963
-0.340942,-0.181274,0.817017
0.279419,0.063843,1.144897
0.202271,-0.393677,0.929321
-0.323364,0.127930,0.930908
0.589355,-0.247192,1.129028
-0.272095,-0.211060,0.846558
0.170288,0.116211,1.121460
0.302002,-0.420288,0.959351
-0.400391,0.102051,0.887329
0.578735,-0.218140,1.135132
-0.188110,-0.251221,0.866943
0.052490,0.162842,1.110229
0.382324,-0.392334,1.006592
-0.421265,0.057861,0.863892
0.536499,-0.138184,1.149902
-0.060303,-0.286743,0.893555
-0.050903,0.184814,1.094360
0.449219,-0.364624,1.035767
-0.426880,-0.013184,0.849487
0.484863,-0.072266,1.165771
0.003174,-0.313232,0.888672
-0.156372,0.209839,1.063843
0.502686,-0.317383,1.083984
-0.419800,-0.075317,0.821289
0.400269,-0.010132,1.162109
0.081055,-0.336914,0.914673
-0.260254,0.199463,1.013428
0.562012,-0.270264,1.134888
-0.357666,-0.179565,0.802856
0.273193,0.047729,1.148315
0.197388,-0.394165,0.924194
-0.343872,0.131836,0.928955
0.580200,-0.251465,1.130127
-0.253052,-0.244751,0.834473
0.136230,0.114380,1.122681
0.306763,-0.393311,0.971313
-0.410645,0.089478,0.873901
0.559570,-0.192871,1.140015
-0.156372,-0.273071,0.864746
0.005859,0.164307,1.103271
0.389404,-0.364502,1.009399
-0.423828,0.020630,0.851196
0.515625,-0.123779,1.154785
-0.047729,-0.315308,0.867310
-0.105469,0.189453,1.075073
0.461792,-0.332397,1.054932
-0.432983,-0.046631,0.818237
0.441772,-0.040894,1.171997
0.016602,-0.324585,0.878906
-0.235718,0.213379,1.037354
0.536743,-0.308838,1.096313
-0.385132,-0.140259,0.807007
0.327759,0.030762,1.155273
0.114624,-0.371094,0.894043
-0.319458,0.142334,0.941406
0.579468,-0.298096,1.117798
-0.319214,-0.219604,0.817261
0.191040,0.094238,1.122925
0.230347,-0.388794,0.934937
-0.383545,0.107544,0.892456
0.563354,-0.227661,1.125977
-0.243774,-0.253174,0.831299
0.075317,0.140137,1.100342
0.323608,-0.397217,0.954956
-0.427490,0.059814,0.854980
0.536133,-0.176392,1.128784
-0.127441,-0.293091,0.858521
-0.016235,0.154541,1.084595
0.381226,-0.373291,0.989868
-0.447876,0.019165,0.840698
0.503418,-0.128296,1.153198
-0.082886,-0.323120,0.830933
-0.105225,0.175903,1.067261
0.437378,-0.350464,1.019043
-0.461304,-0.018066,0.822876
0.445068,-0.065796,1.145752
-0.051514,-0.308960,0.845093
-0.205811,0.198486,1.042236
0.496826,-0.326416,1.065918
-0.449585,-0.084351,0.789673
0.372925,-0.020386,1.146851
0.021606,-0.310303,0.878662
-0.283569,0.176880,0.980835
0.591553,-0.254639,1.134155
-0.395630,-0.169189,0.786743
0.160400,0.116577,1.122925
0.104858,-0.378052,0.875610
-0.400146,0.105103,0.888062
0.569336,-0.217896,1.136108
-0.209595,-0.251465,0.854980
0.073608,0.147583,1.117920
0.372559,-0.394043,0.991089
-0.421143,0.066895,0.862671
0.548828,-0.162842,1.150757
-0.117310,-0.270386,0.875610
-0.014771,0.172241,1.100952
0.422241,-0.377319,1.012573
-0.433594,0.014282,0.841797
0.512329,-0.115479,1.161255
-0.024414,-0.320312,0.879028
-0.097046,0.184692,1.080078
0.470459,-0.338501,1.055420
-0.432861,-0.031616,0.829346
0.450806,-0.044434,1.170410
0.012695,-0.339844,0.877808
-0.200439,0.212891,1.053467
0.532837,-0.302490,1.105835
-0.397949,-0.104370,0.814331
0.359253,0.021973,1.160522
0.098389,-0.362427,0.902100
-0.278198,0.169922,0.973145
0.574097,-0.282715,1.122314
-0.337402,-0.187134,0.821899
0.246704,0.072754,1.135498
0.206055,-0.401245,0.922485
-0.365234,0.136230,0.922729
0.568481,-0.242432,1.120605
-0.254272,-0.246826,0.843018
0.124512,0.120239,1.109863
0.303345,-0.401001,0.963013
-0.413086,0.091675,0.870728
0.547119,-0.188721,1.126099
-0.165649,-0.272095,0.851562
0.010376,0.156128,1.099854
0.376831,-0.380249,0.984375
-0.442383,0.019775,0.838013
0.506592,-0.130005,1.145630
-0.071899,-0.317749,0.843140
-0.090210,0.177124,1.066162
0.448364,-0.344116,1.034058
-0.448975,-0.044800,0.822510
0.440552,-0.065796,1.150024
-0.027100,-0.313354,0.858765
-0.196899,0.210938,1.047607
0.506836,-0.300293,1.087402
-0.418579,-0.110962,0.799805
0.352173,-0.007935,1.148071
0.066895,-0.352417,0.875122
-0.297363,0.164551,0.958252
0.553955,-0.278198,1.105347
-0.339844,-0.212402,0.805908
0.220703,0.066895,1.129272
0.179565,-0.388062,0.912109
-0.389648,0.120605,0.897705
0.551270,-0.239136,1.114624
-0.276245,-0.262695,0.816772
0.099854,0.112061,1.103394
0.285645,-0.394775,0.944214
-0.443481,0.077393,0.855225
0.522827,-0.197632,1.117432
-0.162109,-0.305664,0.832397
-0.007080,0.136353,1.075562
0.360107,-0.372803,0.973267
-0.453003,0.025391,0.826050
0.494629,-0.136719,1.131836
-0.111816,-0.317383,0.812866
-0.114624,0.163086,1.045532
0.430542,-0.342407,1.018677
-0.462769,-0.032837,0.805542
0.428101,-0.061279,1.144775
-0.053589,-0.316650,0.837646
-0.238159,0.203735,1.011108
0.489258,-0.317261,1.057617
-0.428467,-0.123169,0.778931
0.334961,-0.003540,1.134399
0.030518,-0.355713,0.848511
-0.322876,0.160034,0.941528
0.515381,-0.302856,1.071899
-0.377441,-0.198486,0.773804
0.238281,0.050293,1.120483
0.134277,-0.373413,0.879761
-0.406616,0.140991,0.894653
0.525269,-0.265015,1.079834
-0.328125,-0.245728,0.783813
0.133179,0.078247,1.090576
0.220825,-0.372070,0.913940
-0.453247,0.099487,0.851929
0.517090,-0.227905,1.091431
-0.245117,-0.288696,0.799072
0.028564,0.109619,1.068604
0.291626,-0.370728,0.930786
-0.467651,0.045776,0.818481
0.491943,-0.186646,1.098755
-0.172607,-0.318481,0.790283
-0.064331,0.118774,1.026855
0.351807,-0.368896,0.963867
-0.487549,0.000977,0.790771
0.456909,-0.114746,1.115356
-0.136108,-0.312866,0.789062
-0.177856,0.172241,1.015137
0.407349,-0.359619,0.994385
-0.488037,-0.056030,0.773804
0.394409,-0.067749,1.117676
-0.088013,-0.301758,0.817993
-0.276001,0.182983,0.975220
0.458862,-0.333008,1.022827
-0.467163,-0.106079,0.754395
0.319458,-0.018188,1.113281
-0.012451,-0.351562,0.812256
-0.348022,0.174561,0.930664
0.481323,-0.330811,1.036255
-0.432129,-0.179688,0.741821
0.226318,0.027100,1.090942
0.071533,-0.377686,0.845459
-0.427124,0.153442,0.886597
0.487915,-0.286865,1.047241
-0.395142,-0.217163,0.751953
0.137451,0.053101,1.067749
0.148071,-0.384766,0.874878
-0.470459,0.126709,0.852173
0.498535,-0.256226,1.060791
-0.311157,-0.250732,0.783569
0.044189,0.083130,1.051758
0.214600,-0.393555,0.882812
-0.490356,0.084717,0.816162
0.478394,-0.221436,1.071411
-0.240479,-0.292480,0.770752
-0.033691,0.108154,1.030029
0.283691,-0.414551,0.893555
-0.519531,0.043823,0.790405
0.453979,-0.180298,1.063477
-0.204346,-0.296265,0.757812
-0.124390,0.135132,1.006836
0.340698,-0.395142,0.937012
-0.531982,-0.010986,0.760864
0.406494,-0.123657,1.080444
-0.181519,-0.284302,0.764526
-0.211304,0.164429,0.984253
0.389771,-0.373779,0.962280
-0.533691,-0.040649,0.749268
0.351318,-0.084106,1.070923
-0.131958,-0.305054,0.782471
-0.294067,0.176392,0.947632
0.416382,-0.344604,0.987305
-0.509155,-0.090820,0.734741
0.296875,-0.054810,1.062622
-0.073364,-0.340576,0.782715
-0.362061,0.179443,0.922363
0.438110,-0.336060,1.000488
-0.484009,-0.159912,0.715210
0.225830,-0.005615,1.066406
-0.000122,-0.378052,0.799194
-0.437012,0.186523,0.884033
0.459839,-0.299683,1.028564
-0.461792,-0.180054,0.727539
0.147827,0.043579,1.052002
0.082153,-0.406616,0.821655
-0.493530,0.157959,0.856689
0.463989,-0.286011,1.022949
-0.391357,-0.215576,0.755737
0.068604,0.069458,1.044312
0.148071,-0.404663,0.835205
-0.527710,0.131958,0.821777
0.465454,-0.260986,1.031128
-0.312134,-0.256592,0.755737
-0.016846,0.093140,1.017700
0.208984,-0.422974,0.849365
-0.535156,0.082764,0.784424
0.445557,-0.221680,1.028687
-0.268066,-0.263794,0.738892
-0.106079,0.122925,0.984009
0.272095,-0.420776,0.877319
-0.553955,0.046753,0.758789
0.418945,-0.170654,1.043701
-0.213501,-0.287720,0.744019
-0.213257,0.167236,0.969482
0.335205,-0.398071,0.922119
-0.556519,-0.015869,0.736084
0.355347,-0.114136,1.045532
-0.172119,-0.302490,0.751221
-0.293091,0.175659,0.937988
0.381592,-0.372803,0.946167
-0.547363,-0.079468,0.714233
0.279297,-0.064575,1.038696
-0.102905,-0.345093,0.763672
-0.397949,0.193481,0.895874
0.424805,-0.341675,0.977295
-0.511963,-0.121094,0.711914
0.178467,0.012939,1.031128
-0.003052,-0.380859,0.786011
-0.478149,0.186890,0.860962
0.443726,-0.297852,0.996582
-0.445435,-0.178223,0.735596
0.073120,0.068604,1.033447
0.093140,-0.403076,0.806885
-0.532227,0.157593,0.824707
0.452637,-0.260742,1.007690
-0.337402,-0.228760,0.743652
-0.020752,0.103638,1.011353
0.200562,-0.434204,0.837646
-0.561646,0.105103,0.786011
0.428955,-0.207764,1.009888
-0.262329,-0.264282,0.726196
-0.127930,0.143433,0.981201
0.282715,-0.417480,0.873413
-0.580566,0.049194,0.749146
0.389526,-0.164551,1.020142
-0.203125,-0.293335,0.723633
-0.245483,0.175415,0.949097
0.346924,-0.388184,0.908813
-0.569458,-0.015015,0.727173
0.315796,-0.090454,1.029541
-0.137207,-0.338745,0.740112
-0.358643,0.192383,0.899780
0.395752,-0.355225,0.946899
-0.539551,-0.094849,0.692505
0.206421,0.001465,1.021484
-0.040771,-0.380371,0.771851
-0.468018,0.196167,0.867432
0.427368,-0.315430,0.972168
-0.484497,-0.166748,0.702515
0.088257,0.074829,1.026367
0.086426,-0.403076,0.803345
-0.550049,0.200684,0.845703
0.444214,-0.270386,0.987427
-0.346924,-0.240967,0.733643
-0.022461,0.112183,1.003296
0.184692,-0.419556,0.826050
-0.574707,0.142822,0.791870
0.419434,-0.207886,0.999268
-0.258667,-0.277954,0.718628
-0.138672,0.138062,0.975464
0.285889,-0.407349,0.875366
-0.580444,0.070190,0.758789
0.370850,-0.140381,1.007812
-0.192749,-0.293945,0.729126
-0.260132,0.168091,0.932495
0.355103,-0.388672,0.910156
-0.572510,-0.010864,0.721191
0.297241,-0.066528,1.018066
-0.129150,-0.350220,0.731934
-0.388794,0.217529,0.893677
0.417236,-0.351196,0.942993
-0.542603,-0.102539,0.695801
0.171265,0.010742,1.008789
-0.019409,-0.380615,0.772583
-0.487793,0.220947,0.867065
0.436035,-0.279053,0.981934
-0.423462,-0.150269,0.743042
0.052246,0.088257,1.020630
0.102661,-0.406738,0.808350
-0.547729,0.179443,0.813843
0.437134,-0.220093,0.988403
-0.302124,-0.229980,0.741577
-0.053223,0.131104,0.994385
0.225952,-0.413208,0.849731
-0.590454,0.122681,0.766724
0.409668,-0.157837,1.006958
-0.203979,-0.291992,0.724731
-0.180542,0.172974,0.955200
0.323120,-0.404297,0.890869
-0.588379,0.047729,0.740601
0.349609,-0.109985,1.009399
-0.143555,-0.348755,0.719604
-0.318481,0.212891,0.912109
0.399414,-0.376343,0.921265
-0.550903,-0.038818,0.716187
0.239990,-0.031982,1.003540
-0.065308,-0.380981,0.739990
-0.431641,0.240723,0.884399
0.440430,-0.312744,0.962036
-0.487549,-0.136230,0.709961
0.114258,0.050537,1.008667
0.036987,-0.387085,0.790283
-0.514160,0.223755,0.846680
0.454712,-0.268188,0.976562
-0.366089,-0.192749,0.757080
0.007935,0.115356,1.004639
0.155518,-0.406006,0.821899
-0.569336,0.162720,0.791382
0.432007,-0.202515,0.998413
-0.251221,-0.239990,0.750854
-0.090332,0.152344,0.975586
0.259644,-0.386841,0.862427
-0.588135,0.119751,0.750488
0.399414,-0.138794,1.009155
-0.171997,-0.304688,0.728760
-0.205933,0.175293,0.938843
0.357422,-0.400146,0.893677
-0.578979,0.060547,0.741211
0.325928,-0.071411,1.004150
-0.104980,-0.352905,0.725098
-0.322388,0.198120,0.903076
0.409790,-0.343872,0.944092
-0.549072,-0.058838,0.704956
0.210815,-0.004028,0.995850
-0.021973,-0.396118,0.755615
-0.435547,0.225708,0.877197
0.444946,-0.296509,0.968506
-0.462524,-0.115356,0.738403
0.099976,0.083496,1.016235
0.073975,-0.395630,0.795654
-0.521484,0.215820,0.829346
0.450073,-0.244263,0.989258
-0.342407,-0.179077,0.757080
0.007324,0.109619,1.002197
0.182983,-0.399170,0.833252
-0.568604,0.182251,0.781006
0.441162,-0.184082,1.001221
-0.226562,-0.233398,0.759766
-0.091675,0.157471,0.967529
0.284424,-0.404053,0.876221
-0.589111,0.116211,0.748657
0.400635,-0.133789,1.002319
-0.151123,-0.307495,0.746338
-0.195190,0.178955,0.930420
0.365356,-0.390259,0.910156
-0.570923,0.067505,0.748047
0.333130,-0.081177,0.993164
-0.085449,-0.356323,0.736938
-0.295898,0.192383,0.896851
0.417480,-0.352051,0.938843
-0.544189,-0.024780,0.722168
0.238403,-0.013062,0.996338
-0.026978,-0.380493,0.751465
-0.395752,0.189453,0.860962
0.443726,-0.310425,0.967407
-0.481323,-0.091309,0.743774
0.146729,0.059326,1.017944
0.042847,-0.389282,0.782959
-0.481445,0.211670,0.842407
0.461670,-0.288940,0.969971
-0.391235,-0.133057,0.771118
0.070557,0.103516,1.014404
0.127808,-0.383911,0.818481
-0.538574,0.187256,0.792725
0.458984,-0.238647,0.987183
-0.299683,-0.200073,0.765869
-0.014648,0.143921,1.002319
0.219116,-0.400146,0.853882
-0.568481,0.144165,0.768799
0.438477,-0.192871,0.992676
-0.207520,-0.253662,0.768921
-0.099854,0.171509,0.980469
0.295288,-0.402222,0.884155
-0.577393,0.120361,0.772461
0.410767,-0.156372,1.001953
-0.136475,-0.323120,0.760742
-0.184448,0.153809,0.926514
0.368530,-0.391479,0.918823
-0.562378,0.076050,0.763306
0.349731,-0.083862,1.004272
-0.070312,-0.372070,0.741089
-0.271606,0.158203,0.890259
0.408936,-0.374512,0.935547
-0.550903,-0.019897,0.724731
0.278198,-0.032837,0.996460
-0.018921,-0.396729,0.746338
-0.357178,0.182739,0.865356
0.441772,-0.340088,0.949829
-0.502197,-0.086060,0.733398
0.192139,0.016724,1.010132
0.034912,-0.413818,0.766479
-0.430908,0.196533,0.838623
0.463623,-0.318359,0.965332
-0.453735,-0.106934,0.760376
0.129272,0.052002,1.012085
0.093628,-0.418579,0.796387
-0.502319,0.193359,0.810181
0.466187,-0.273193,0.970581
-0.370239,-0.174561,0.764893
0.056030,0.100830,1.017944
0.164551,-0.427368,0.811279
-0.540283,0.163696,0.780762
0.466675,-0.248535,0.989624
-0.304077,-0.173218,0.784302
-0.018677,0.145874,0.998779
0.242065,-0.443237,0.859253
-0.557861,0.112305,0.762695
0.450562,-0.206909,1.001709
-0.233276,-0.202026,0.780518
-0.078613,0.158325,0.986328
0.312378,-0.441895,0.889893
-0.572510,0.121582,0.774536
0.419067,-0.164917,1.010864
-0.151001,-0.266602,0.783447
-0.134644,0.162720,0.952271
0.362549,-0.430420,0.916870
-0.573364,0.084229,0.769287
0.392334,-0.119995,1.026001
-0.097778,-0.333984,0.768921
-0.203247,0.181641,0.925293
0.403076,-0.407227,0.932739
-0.544189,0.035400,0.779663
0.349609,-0.096924,1.010376
-0.058350,-0.373169,0.766724
-0.257324,0.169800,0.910034
0.433716,-0.393066,0.947021
-0.529907,-0.018066,0.759888
0.302490,-0.066162,1.005737
-0.017090,-0.410278,0.760376
-0.305664,0.158569,0.878418
0.449341,-0.391113,0.943848
-0.519531,-0.051514,0.751465
0.252563,-0.035645,1.003174
0.018555,-0.430298,0.759521
-0.355225,0.135498,0.842407
0.452759,-0.366089,0.948730
-0.492065,-0.084106,0.746948
0.217651,-0.015747,1.013672
0.040161,-0.435303,0.768311
-0.397217,0.126831,0.826782
0.467163,-0.353638,0.962036
-0.467529,-0.096436,0.754761
0.173828,0.019287,1.016479
0.083008,-0.449097,0.786011
-0.444092,0.128296,0.810425
0.473389,-0.335327,0.967041
-0.433838,-0.137085,0.749268
0.131226,0.060547,1.016724
0.132568,-0.442505,0.806274
-0.486694,0.141235,0.796875
0.478394,-0.333130,0.973755
-0.397461,-0.173218,0.749146
0.080933,0.076660,1.016602
0.188843,-0.445190,0.827148
-0.506714,0.112671,0.776855
0.483521,-0.296997,0.988525
-0.332397,-0.193848,0.778564
0.016724,0.109131,1.010498
0.242920,-0.462402,0.844238
-0.511963,0.095337,0.765869
0.471436,-0.268066,0.996704
-0.278564,-0.220581,0.788574
-0.032349,0.133789,1.006958
0.290894,-0.458618,0.872803
-0.529907,0.087646,0.771973
0.450928,-0.235840,1.009033
-0.208130,-0.231812,0.801514
-0.082397,0.151855,0.994995
0.330200,-0.470581,0.880005
-0.533936,0.090698,0.779785
0.439575,-0.197021,1.022827
-0.156738,-0.266357,0.810303
-0.134644,0.139771,0.970825
0.371216,-0.465698,0.909302
-0.519531,0.058838,0.774658
0.404053,-0.148682,1.023926
-0.098633,-0.305542,0.812622
-0.168213,0.123779,0.950806
0.398193,-0.456299,0.932861
-0.521484,0.015625,0.769165
0.375977,-0.114502,1.026611
-0.044312,-0.326782,0.814941
-0.218506,0.133423,0.930054
0.424683,-0.428467,0.950806
-0.500488,-0.048096,0.758789
0.338867,-0.070923,1.030273
0.002197,-0.376465,0.812134
-0.262329,0.135620,0.916504
0.450562,-0.425781,0.965942
-0.482300,-0.078857,0.752075
0.296387,-0.045776,1.031616
0.047974,-0.387085,0.818237
-0.310425,0.128418,0.892334
0.478516,-0.403320,0.983154
-0.462158,-0.129395,0.748291
0.250488,-0.012817,1.030518
0.079102,-0.408569,0.813721
-0.348022,0.142456,0.878296
0.503052,-0.388550,0.994019
-0.439331,-0.166138,0.753418
0.206543,0.018188,1.038452
0.107788,-0.410522,0.816284
-0.393066,0.156250,0.869995
0.522095,-0.358643,1.025146
-0.407104,-0.203979,0.741943
0.146729,0.047974,1.036377
0.175781,-0.452271,0.832886
-0.427002,0.123779,0.838013
0.535400,-0.334229,1.027710
-0.353638,-0.224976,0.763672
0.081421,0.084473,1.035034
0.238159,-0.468750,0.854614
-0.447021,0.078857,0.794800
0.521362,-0.307129,1.033936
-0.290039,-0.223267,0.802002
0.026367,0.103882,1.038818
0.288330,-0.485229,0.872925
-0.479492,0.060913,0.779053
0.495728,-0.262451,1.037231
-0.234985,-0.216797,0.828735
-0.018677,0.111938,1.036499
0.342407,-0.476074,0.908691
-0.495117,0.072144,0.786621
0.479004,-0.213257,1.048828
-0.160767,-0.220825,0.864014
-0.074463,0.135864,1.030029
0.381958,-0.451782,0.940796
-0.492065,0.047852,0.793945
0.449829,-0.163940,1.070557
-0.088013,-0.257935,0.858276
-0.120728,0.152222,1.014160
0.427124,-0.449219,0.963257
-0.481934,-0.003662,0.786133
0.413818,-0.109009,1.073853
-0.008301,-0.329224,0.843994
-0.172241,0.171021,1.003540
0.468872,-0.426514,0.989380
-0.470215,-0.050415,0.779663
0.381104,-0.079346,1.071777
0.051147,-0.369019,0.847168
-0.229370,0.170532,0.974121
0.506104,-0.385986,1.018799
-0.437256,-0.114258,0.782959
0.324707,-0.043091,1.066406
0.081177,-0.385376,0.852173
-0.278320,0.174683,0.962402
0.530396,-0.359253,1.038086
-0.414307,-0.147217,0.772095
0.267090,-0.010376,1.061523
0.118530,-0.395508,0.865356
-0.332764,0.165161,0.933716
0.560547,-0.324707,1.071655
-0.374756,-0.181396,0.787842
0.202026,0.033691,1.070923
0.188110,-0.432495,0.881714
-0.364868,0.108398,0.878906
0.564575,-0.309570,1.079590
-0.324951,-0.197876,0.799683
0.148438,0.074341,1.069092
0.255859,-0.460693,0.893677
-0.388794,0.068848,0.846558
0.552979,-0.267944,1.086426
-0.274170,-0.215942,0.818115
0.091064,0.113647,1.075928
0.306152,-0.458740,0.925171
-0.429810,0.062256,0.827148
0.531738,-0.244629,1.089233
-0.230225,-0.219727,0.837158
0.045654,0.149048,1.076416
0.362061,-0.449219,0.955811
-0.443237,0.075195,0.839722
0.517944,-0.206909,1.099731
-0.180420,-0.223999,0.856323
0.004150,0.171387,1.083252
0.400513,-0.425659,0.980225
-0.454590,0.061157,0.838989
0.504639,-0.170410,1.107178
-0.115967,-0.251343,0.869873
-0.043213,0.185425,1.090820
0.437134,-0.419800,1.004761
-0.453247,0.026733,0.843262
0.489868,-0.134033,1.118896
-0.048340,-0.300049,0.875122
-0.093018,0.197510,1.077759
0.479736,-0.402710,1.028809
-0.439575,-0.011963,0.829712
0.454956,-0.093506,1.134766
0.019165,-0.337524,0.886475
-0.139282,0.207764,1.055786
0.504150,-0.372437,1.050903
-0.428101,-0.049561,0.823608
0.426880,-0.057129,1.134766
0.055054,-0.360474,0.882080
-0.188354,0.200562,1.031372
0.531250,-0.345215,1.070679
-0.414307,-0.083008,0.813232
0.392944,-0.027100,1.139648
0.070190,-0.354614,0.888306
-0.239746,0.208008,1.018921
0.556274,-0.326294,1.092529
-0.385010,-0.124634,0.801392
0.344727,0.001709,1.138794
0.117798,-0.367432,0.914551
-0.281860,0.189209,0.997437
0.572510,-0.308594,1.114136
-0.356445,-0.159668,0.805908
0.289307,0.039185,1.128906
0.175293,-0.393066,0.917114
-0.309570,0.144531,0.955566
0.583252,-0.284790,1.115479
-0.329956,-0.175537,0.818481
0.237915,0.069458,1.123413
0.236206,-0.417358,0.936401
-0.344238,0.114258,0.912720
0.585449,-0.265991,1.121216
-0.286987,-0.197876,0.842651
0.187500,0.096558,1.121704
0.287964,-0.427002,0.957642
-0.379272,0.102783,0.888184
0.574585,-0.242065,1.127319
-0.237549,-0.218750,0.861938
0.123535,0.134155,1.123779
0.342773,-0.411499,0.976685
-0.418457,0.110229,0.880493
0.565796,-0.204346,1.134521
-0.189575,-0.226318,0.869751
0.057983,0.166748,1.115723
0.389893,-0.411987,0.997803
-0.427612,0.072754,0.863281
0.541870,-0.166870,1.136230
-0.121704,-0.246826,0.881592
-0.004150,0.184814,1.112793
0.428711,-0.388062,1.023438
-0.429199,0.027222,0.855225
0.520874,-0.122314,1.148804
-0.028564,-0.308960,0.892456
-0.069214,0.193726,1.088257
0.471802,-0.365234,1.049072
-0.407837,-0.102905,0.802612
0.355957,-0.003784,1.124390
-0.000854,-0.327393,0.875244
-0.258423,0.185547,1.001709
0.507935,-0.333740,1.072144
-0.378174,-0.138184,0.802490
0.301758,0.037109,1.119141
0.160156,-0.390015,0.904297
-0.313232,0.170898,0.952148
0.574463,-0.306396,1.103027
-0.343262,-0.178955,0.806030
0.236084,0.073730,1.108154
0.234741,-0.421387,0.926147
-0.354736,0.124390,0.904175
0.578613,-0.283325,1.100464
-0.287109,-0.210327,0.821655
0.163208,0.104980,1.106323
0.301147,-0.437622,0.944092
-0.392456,0.091064,0.874390
0.562500,-0.247192,1.108765
-0.232178,-0.229370,0.849731
0.102417,0.137817,1.111206
0.363647,-0.424438,0.975098
-0.428589,0.093506,0.863037
0.546265,-0.213867,1.111816
-0.172363,-0.226440,0.872803
0.035767,0.174805,1.108032
0.404663,-0.409424,1.006836
-0.443115,0.063232,0.858765
0.526855,-0.163818,1.130615
-0.093872,-0.272461,0.880615
-0.036987,0.194092,1.103882
0.459229,-0.387207,1.033325
-0.437012,0.018921,0.850098
0.496460,-0.112427,1.148926
-0.002930,-0.332397,0.891357
-0.102051,0.207397,1.088013
0.492188,-0.366211,1.055908
-0.421387,-0.021118,0.839844
0.456665,-0.066040,1.157227
0.025513,-0.327271,0.886719
-0.171875,0.216309,1.051880
0.534424,-0.326294,1.088745
-0.406128,-0.064575,0.831543
0.406494,-0.017334,1.158447
0.072998,-0.345093,0.905029
-0.238281,0.201172,1.024780
0.559937,-0.307007,1.120850
-0.369141,-0.131958,0.818970
0.338379,0.026489,1.151855
0.139893,-0.354492,0.928101
-0.289551,0.167358,0.965698
0.588257,-0.288086,1.131226
-0.325073,-0.191650,0.822266
0.257568,0.073242,1.139038
0.228149,-0.401123,0.942383
-0.339233,0.120239,0.916870
0.592529,-0.269043,1.129395
-0.275391,-0.230957,0.835327
0.168945,0.118652,1.131836
0.301392,-0.417725,0.961060
-0.393311,0.106445,0.883423
0.572998,-0.224487,1.132568
-0.213867,-0.247437,0.851562
0.090454,0.148193,1.115479
0.362183,-0.412476,0.989502
-0.418091,0.086670,0.866333
0.560059,-0.175293,1.141479
-0.145630,-0.258179,0.872803
0.005981,0.178833,1.116089
0.410400,-0.404541,1.004639
-0.432617,0.041870,0.865234
0.528564,-0.126709,1.161255
-0.051392,-0.302612,0.879150
-0.058960,0.180420,1.083618
0.451660,-0.374268,1.026733
-0.428223,-0.007446,0.846069
0.488037,-0.081055,1.161621
-0.028198,-0.305176,0.874634
-0.134888,0.200806,1.073975
0.490601,-0.328247,1.072021
-0.429199,-0.061157,0.821411
0.434814,-0.030762,1.166504
0.015747,-0.323364,0.880249
-0.213745,0.211914,1.045776
0.536865,-0.307251,1.102295
-0.410156,-0.122070,0.798706
0.370728,0.008911,1.161865
0.082886,-0.352905,0.897217
-0.281006,0.176270,0.987061
0.564331,-0.295410,1.111816
-0.360840,-0.189453,0.801514
0.282959,0.053589,1.153809
0.153442,-0.397827,0.905396
-0.326416,0.139893,0.938232
0.578613,-0.288818,1.114990
-0.319824,-0.223755,0.812622
0.205078,0.083374,1.128174
0.223511,-0.408936,0.924194
-0.381348,0.135376,0.898193
0.571045,-0.245483,1.120117
-0.273071,-0.240356,0.821655
0.122070,0.110596,1.110352
0.284180,-0.419556,0.934082
-0.416382,0.102783,0.885620
0.562866,-0.211670,1.128784
-0.231201,-0.265259,0.830200
0.049438,0.127808,1.086304
0.334839,-0.400146,0.963379
-0.438477,0.064575,0.854858
0.533203,-0.171387,1.135376
-0.140625,-0.289917,0.847046
-0.018799,0.150879,1.076172
0.370728,-0.385620,0.974121
-0.449707,0.019409,0.834961
0.506836,-0.134155,1.141113
-0.111206,-0.311401,0.820435
-0.078613,0.151001,1.055908
0.415161,-0.371948,0.993286
-0.461914,0.001221,0.820679
0.473877,-0.093384,1.149780
-0.091309,-0.303589,0.822388
-0.152710,0.191528,1.037964
0.457520,-0.353760,1.027954
-0.469116,-0.040161,0.792725
0.426514,-0.063599,1.142334
-0.057983,-0.303955,0.840088
-0.223877,0.201782,1.027100
0.484131,-0.323730,1.052368
-0.455933,-0.088501,0.775879
0.368286,-0.030151,1.132202
-0.010498,-0.300049,0.860962
-0.286865,0.171265,0.973267
0.506958,-0.317017,1.060303
-0.422852,-0.151611,0.766113
0.298096,0.006348,1.129883
0.054932,-0.343750,0.865845
-0.346191,0.168823,0.933960
0.516846,-0.295776,1.068115
-0.385132,-0.215332,0.761230
0.218750,0.050049,1.107910
0.120361,-0.391602,0.858643
-0.404419,0.146973,0.895508
0.520752,-0.275024,1.083496
-0.366455,-0.234375,0.761108
0.143433,0.073608,1.090332
0.188965,-0.413696,0.875854
-0.441284,0.118774,0.863892
0.517822,-0.240112,1.086670
-0.328003,-0.254028,0.775757
0.066895,0.099731,1.084717
0.237915,-0.411743,0.892578
-0.468872,0.085815,0.825684
0.505371,-0.217896,1.080444
-0.237793,-0.291382,0.785522
-0.001831,0.118164,1.049194
0.283813,-0.412964,0.910400
-0.492920,0.058716,0.810791
0.483398,-0.185181,1.087280
-0.206665,-0.277466,0.781006
-0.075928,0.117554,1.014771
0.327148,-0.407471,0.925415
-0.502441,0.022461,0.788086
0.453003,-0.135376,1.101807
-0.185669,-0.260986,0.780640
-0.152588,0.162231,1.013794
0.373535,-0.403442,0.953979
-0.515625,-0.019897,0.782959
0.413696,-0.107544,1.099365
-0.156006,-0.281982,0.780273
-0.234985,0.176514,0.988647
0.408813,-0.378906,0.975952
-0.506958,-0.063843,0.758911
0.347778,-0.065308,1.086304
-0.112305,-0.294556,0.797119
-0.298706,0.165894,0.950195
0.429321,-0.345581,0.995850
-0.495361,-0.104614,0.731689
0.294312,-0.015503,1.084595
-0.047363,-0.335205,0.805664
-0.370239,0.169434,0.916382
0.445435,-0.338745,1.001587
-0.468018,-0.151978,0.725952
0.222900,0.014771,1.068604
0.017578,-0.378784,0.811768
-0.436035,0.174316,0.894775
0.469849,-0.323853,1.012939
-0.449341,-0.183838,0.729614
0.145630,0.051392,1.056885
0.098633,-0.397217,0.832764
-0.483765,0.157104,0.848022
0.470703,-0.288452,1.020752
-0.394531,-0.207031,0.759033
0.066650,0.084229,1.045288
0.149414,-0.417847,0.838989
-0.515259,0.128784,0.821777
0.461548,-0.266357,1.018799
-0.321045,-0.243408,0.761475
0.002075,0.089111,1.027466
0.205078,-0.420410,0.861206
-0.543579,0.107544,0.794800
0.444946,-0.238647,1.020508
-0.275757,-0.292236,0.737061
-0.069824,0.117188,0.996338
0.257446,-0.416504,0.873413
-0.561401,0.069824,0.779175
0.434570,-0.205444,1.033936
-0.247437,-0.297363,0.726807
-0.139771,0.143311,0.983887
0.307373,-0.406860,0.896729
-0.560913,0.041748,0.759521
0.400513,-0.170532,1.034180
-0.220093,-0.296143,0.735107
-0.213257,0.161621,0.963989
0.344116,-0.403687,0.911865
-0.556763,0.018799,0.762085
0.369507,-0.135986,1.037842
-0.197021,-0.306641,0.725830
-0.268311,0.171021,0.939453
0.373413,-0.393799,0.923462
-0.565796,-0.016479,0.735840
0.327515,-0.093872,1.039795
-0.152344,-0.336426,0.736694
-0.323608,0.180908,0.919067
0.390137,-0.368774,0.941528
-0.556519,-0.048706,0.710938
0.284790,-0.051270,1.040771
-0.111328,-0.359863,0.747681
-0.396240,0.199707,0.904663
0.411011,-0.358765,0.944702
-0.531982,-0.063477,0.714233
0.240356,-0.016235,1.045044
-0.066650,-0.370361,0.765747
-0.437134,0.201660,0.881592
0.420654,-0.356323,0.950806
-0.525879,-0.106812,0.700806
0.182007,0.017212,1.028076
-0.013306,-0.368164,0.790894
-0.479492,0.204956,0.865601
0.427612,-0.323853,0.969482
-0.499756,-0.153564,0.697510
0.127319,0.054810,1.033325
0.036987,-0.389282,0.800781
-0.514893,0.211792,0.863770
0.437134,-0.301270,0.978638
-0.451904,-0.154663,0.733521
0.085571,0.090820,1.036011
0.090454,-0.406006,0.800415
-0.548584,0.208130,0.833130
0.440308,-0.295166,0.970459
-0.402832,-0.194458,0.735840
0.037720,0.110474,1.025635
0.140137,-0.417725,0.827148
-0.572388,0.198730,0.817749
0.434692,-0.270142,0.979248
-0.348389,-0.236572,0.733643
-0.007324,0.116699,1.007568
0.181641,-0.419800,0.833496
-0.585938,0.180420,0.791016
0.438110,-0.254272,0.981934
-0.298218,-0.266235,0.725220
-0.073975,0.130371,0.983643
0.233032,-0.422974,0.852539
-0.587402,0.164551,0.796021
0.427368,-0.214111,0.992188
-0.266357,-0.300049,0.710938
-0.117554,0.145386,0.971558
0.273438,-0.415649,0.865601
-0.599976,0.143188,0.786255
0.416138,-0.190186,1.007446
-0.234009,-0.328491,0.700684
-0.166870,0.161255,0.957764
0.312256,-0.415527,0.880371
-0.601196,0.115356,0.763550
0.393555,-0.160522,1.005981
-0.202271,-0.310425,0.721924
-0.217773,0.171875,0.936035
0.340942,-0.407715,0.890991
-0.592163,0.087036,0.749390
0.365234,-0.112793,1.013672
-0.162231,-0.336914,0.713013
-0.272827,0.177246,0.909180
0.373291,-0.394897,0.899048
-0.580933,0.066406,0.745361
0.330688,-0.078003,1.017700
-0.130981,-0.349365,0.722900
-0.317993,0.191040,0.894043
0.393066,-0.385132,0.913330
-0.559082,0.024902,0.740479
0.289673,-0.044312,1.007202
-0.105103,-0.349731,0.733032
-0.359741,0.200195,0.880981
0.410156,-0.368042,0.926025
-0.552246,-0.021851,0.721191
0.245728,-0.013672,1.007812
-0.064575,-0.360352,0.757935
-0.404663,0.202393,0.867188
0.426880,-0.343384,0.942383
-0.528809,-0.061768,0.710938
0.196167,0.025146,1.013062
-0.023071,-0.387329,0.759399
-0.452515,0.210815,0.864746
0.433716,-0.314453,0.956177
-0.488281,-0.105225,0.722778
0.150757,0.067139,1.023315
0.031006,-0.389771,0.784546
-0.499756,0.230957,0.854858
0.450806,-0.311890,0.963501
-0.443359,-0.130005,0.739380
0.101807,0.092407,1.022705
0.078613,-0.383545,0.801514
-0.530396,0.238403,0.842773
0.454590,-0.278076,0.973633
-0.397705,-0.162231,0.739868
0.059448,0.118774,1.027100
0.141846,-0.394165,0.828979
-0.563721,0.213379,0.811279
0.451416,-0.255005,0.977173
-0.336792,-0.195801,0.744629
0.010864,0.143188,1.016235
0.189941,-0.395996,0.849854
-0.576172,0.199097,0.795410
0.443115,-0.228516,0.979370
-0.275513,-0.242188,0.744995
-0.043701,0.155762,0.994629
0.248535,-0.406006,0.863281
-0.593628,0.174561,0.784668
0.444580,-0.197021,0.998047
-0.222290,-0.255249,0.752563
-0.093384,0.168213,0.967529
0.293701,-0.401489,0.882202
-0.591309,0.155273,0.773682
0.425415,-0.164062,1.005859
-0.175415,-0.293701,0.750000
-0.148560,0.181641,0.941528
0.333008,-0.395752,0.896118
-0.583374,0.140625,0.772583
0.396362,-0.133911,1.004150
-0.136475,-0.327148,0.748169
-0.197388,0.176025,0.922485
0.366089,-0.390503,0.909546
-0.570557,0.104126,0.768311
0.366821,-0.092285,1.010864
-0.095337,-0.349487,0.748291
-0.245117,0.173706,0.907104
0.397217,-0.381714,0.921143
-0.562256,0.071289,0.759644
0.336182,-0.068726,1.008667
-0.064453,-0.366333,0.742432
-0.292969,0.171265,0.879028
0.416016,-0.371948,0.929443
-0.541626,0.008057,0.744385
0.297729,-0.044189,1.003296
-0.036743,-0.383179,0.747925
-0.347168,0.173584,0.863159
0.433716,-0.366577,0.935791
-0.518799,-0.032837,0.748657
0.253418,-0.005005,1.003784
-0.007568,-0.391968,0.755493
-0.384888,0.166748,0.840332
0.446045,-0.351562,0.941528
-0.499390,-0.067993,0.741699
0.213623,0.023560,1.023071
0.033325,-0.404907,0.766357
-0.422119,0.180420,0.836792
0.452026,-0.341797,0.948608
-0.476929,-0.095215,0.744263
0.172852,0.040161,1.026123
0.061523,-0.410889,0.782593
-0.464233,0.180908,0.816528
0.458374,-0.327026,0.949463
-0.450195,-0.133667,0.744873
0.144653,0.067505,1.028076
0.096558,-0.405640,0.807617
-0.499878,0.186035,0.802490
0.463745,-0.319092,0.967285
-0.412109,-0.135864,0.768066
0.110352,0.084473,1.026245
0.136841,-0.409180,0.821899
-0.534180,0.171021,0.791016
0.467163,-0.311768,0.964600
-0.372070,-0.163696,0.766968
0.059326,0.120850,1.020874
0.186768,-0.407104,0.840942
-0.547729,0.158081,0.780762
0.463135,-0.291748,0.970215
-0.326660,-0.206909,0.762085
0.011841,0.129517,1.018555
0.237549,-0.420044,0.861206
-0.555542,0.130615,0.770142
0.462402,-0.265625,0.994019
-0.278198,-0.207153,0.780029
-0.039307,0.144653,0.996338
0.282959,-0.434692,0.876587
-0.550171,0.116333,0.769775
0.448853,-0.231934,0.999146
-0.219238,-0.266479,0.784668
-0.099976,0.155151,0.968872
0.327393,-0.436035,0.896729
-0.551758,0.105713,0.770020
0.427856,-0.184692,1.006836
-0.159546,-0.297729,0.786865
-0.144043,0.159180,0.953247
0.355957,-0.436035,0.908691
-0.542847,0.082886,0.790283
0.417603,-0.153687,1.030640
-0.115601,-0.313721,0.790283
-0.190063,0.149170,0.933228
0.380981,-0.426025,0.909180
-0.531372,0.041748,0.786133
0.388428,-0.116333,1.031006
-0.061646,-0.359863,0.783691
-0.238647,0.154053,0.907593
0.414551,-0.434326,0.924316
-0.522095,-0.013184,0.768311
0.346680,-0.076416,1.032959
-0.014526,-0.386963,0.783569
-0.288452,0.152710,0.891968
0.437500,-0.416138,0.939331
-0.497681,-0.060913,0.753784
0.304565,-0.049561,1.030029
0.020630,-0.404907,0.782104
-0.328125,0.143433,0.868286
0.459961,-0.411255,0.945801
-0.483398,-0.096191,0.752808
0.265381,-0.033813,1.024780
0.066650,-0.422485,0.788086
-0.373901,0.147949,0.852661
0.468506,-0.388428,0.960205
-0.458496,-0.125977,0.740601
0.213745,-0.012085,1.019897
0.085449,-0.417236,0.796387
-0.403687,0.150391,0.842041
0.489746,-0.370483,0.975464
-0.446533,-0.155273,0.745605
0.159058,0.023926,1.022583
0.135620,-0.440918,0.813477
-0.432739,0.134888,0.831787
0.493408,-0.345947,0.988281
-0.404663,-0.174927,0.756226
0.105713,0.052979,1.027832
0.194702,-0.472046,0.834229
-0.459351,0.109985,0.807007
0.502441,-0.317749,1.009521
-0.352661,-0.195923,0.774658
0.055664,0.076660,1.025269
0.246460,-0.480957,0.850952
-0.472168,0.075073,0.777100
0.488281,-0.285034,1.011475
-0.291382,-0.212524,0.797363
-0.005493,0.109131,1.012695
0.292114,-0.467773,0.884644
-0.487793,0.048340,0.776123
0.470703,-0.230591,1.035156
-0.232056,-0.209473,0.827271
-0.039673,0.128418,1.023926
0.331665,-0.473267,0.905151
-0.504028,0.065063,0.789551
0.461426,-0.199951,1.042603
-0.167847,-0.242188,0.836182
-0.091431,0.153198,1.013794
0.378662,-0.469116,0.928223
-0.511597,0.052490,0.786255
0.442749,-0.166626,1.054932
-0.098511,-0.278198,0.829590
-0.127441,0.170776,1.009277
0.409790,-0.453369,0.952393
-0.496094,0.004761,0.787964
0.420288,-0.131836,1.063965
-0.047363,-0.329712,0.826538
-0.169800,0.163330,0.989746
0.450928,-0.433228,0.975830
-0.485352,-0.030640,0.782104
0.391968,-0.101440,1.064209
0.011841,-0.371948,0.835449
-0.202393,0.171509,0.979980
0.476074,-0.416870,0.996338
-0.462646,-0.063232,0.778198
0.364624,-0.081665,1.069824
0.056519,-0.397827,0.837769
-0.242310,0.168335,0.968628
0.498779,-0.397827,1.005859
-0.441772,-0.099976,0.783691
0.336182,-0.048950,1.072510
0.074829,-0.392456,0.852783
-0.268555,0.156006,0.947266
0.511230,-0.375244,1.029663
-0.420044,-0.121460,0.775757
0.306885,-0.025269,1.079102
0.093262,-0.387329,0.863647
-0.291260,0.158936,0.950806
0.523804,-0.346924,1.043213
-0.402344,-0.147949,0.782104
0.278687,-0.001831,1.079346
0.113892,-0.386719,0.870361
-0.319946,0.156250,0.942505
0.540161,-0.340454,1.060547
-0.389160,-0.163086,0.783936
0.253540,0.014404,1.072754
0.151245,-0.388672,0.890991
-0.333130,0.135864,0.918579
0.569702,-0.321533,1.082397
-0.368896,-0.181274,0.776855
0.225830,0.036499,1.074463
0.186157,-0.417480,0.892700
-0.346313,0.119141,0.891724
0.566650,-0.295166,1.091797
-0.342529,-0.194336,0.793701
0.196289,0.055298,1.076416
0.223145,-0.432373,0.906738
-0.362427,0.114502,0.885986
0.569458,-0.293945,1.092896
-0.316650,-0.212402,0.803101
0.169678,0.069824,1.086670
0.257202,-0.434692,0.918579
-0.373779,0.086670,0.871460
0.566040,-0.272949,1.099243
-0.285645,-0.229858,0.823242
0.151611,0.092407,1.094727
0.288086,-0.444824,0.936890
-0.392456,0.079956,0.856689
0.567261,-0.266602,1.104980
-0.261719,-0.235962,0.832153
0.125122,0.116699,1.096313
0.316895,-0.443604,0.947510
-0.398193,0.082520,0.866089
0.567261,-0.243408,1.113159
-0.245728,-0.235352,0.843140
0.103271,0.122925,1.102661
0.339844,-0.444946,0.958984
-0.407593,0.078613,0.853760
0.560669,-0.230835,1.122437
-0.229736,-0.228516,0.843750
0.095947,0.127441,1.103760
0.358032,-0.437622,0.966797
-0.416992,0.103638,0.870239
0.559937,-0.209351,1.128784
-0.205933,-0.232666,0.855835
0.077271,0.153687,1.109619
0.373779,-0.449341,0.970093
-0.425659,0.109253,0.870483
0.563965,-0.209473,1.123047
-0.196899,-0.224487,0.862183
0.066284,0.154297,1.107178
0.382446,-0.439697,0.984741
-0.432739,0.090088,0.862305
0.556885,-0.200562,1.128296
-0.184692,-0.239380,0.877441
0.057495,0.161987,1.125244
0.388794,-0.436523,0.996582
-0.439941,0.104004,0.875977
0.564209,-0.199829,1.135742
-0.174927,-0.226562,0.876099
0.045898,0.166626,1.119751
0.393311,-0.422241,0.995483
-0.435547,0.094727,0.862671
0.560669,-0.180664,1.139771
-0.164429,-0.228882,0.874146
0.044556,0.174072,1.117188
0.389038,-0.429321,0.993652
-0.436523,0.088501,0.866577
0.557007,-0.196655,1.135742
-0.169922,-0.242310,0.878906
0.040039,0.170532,1.123779
0.398193,-0.412354,1.009155
-0.442261,0.084351,0.870972
0.554077,-0.191772,1.134155
-0.156128,-0.242676,0.879395
0.039062,0.169189,1.126221
0.390381,-0.401001,1.002686
-0.439331,0.091553,0.869385
0.554565,-0.186890,1.140381
-0.156616,-0.247559,0.879272
0.033936,0.167725,1.118408
0.388428,-0.402466,0.997559
-0.443726,0.079956,0.857422
0.561279,-0.193726,1.143433
-0.144287,-0.267822,0.877686
0.029785,0.165039,1.112427
0.392334,-0.394897,0.998779
-0.437012,0.070679,0.867554
0.559814,-0.176392,1.146362
-0.147583,-0.260742,0.874146
0.025269,0.160522,1.110229
0.391602,-0.398804,0.995605
-0.431885,0.068726,0.868286
0.551880,-0.174805,1.140869
-0.131592,-0.282227,0.872925
0.017456,0.161133,1.104126
0.389771,-0.391724,0.997803
-0.435303,0.058594,0.859375
0.550781,-0.181152,1.135864
-0.133789,-0.274414,0.867676
0.015503,0.165039,1.105103
0.385742,-0.390503,0.996704
-0.444336,0.052734,0.852539
0.540161,-0.167725,1.143677
-0.123779,-0.288818,0.862183
0.014526,0.157349,1.104126
0.382690,-0.386719,0.988770
-0.451904,0.061279,0.851196
0.537231,-0.177979,1.132568
-0.134521,-0.288208,0.861450
0.012939,0.152832,1.086914
0.378174,-0.383545,0.981689
-0.462280,0.071045,0.851929
0.539185,-0.178345,1.139282
-0.127563,-0.313354,0.842651
0.004028,0.137817,1.088745
0.374634,-0.387817,0.979858
-0.460938,0.061890,0.842529
0.532715,-0.180664,1.131226
-0.122192,-0.314087,0.841064
-0.007080,0.143799,1.073364
0.363159,-0.380737,0.974609
-0.463257,0.048950,0.841797
0.473999,-0.069946,1.168579
-0.132935,-0.307007,0.832031
-0.117798,0.196899,1.072021
0.369873,-0.383057,0.971558
-0.441040,-0.011841,0.841431
0.465088,-0.060059,1.170898
-0.006226,-0.329102,0.874390
-0.131104,0.203247,1.076416
0.512207,-0.337036,1.078247
-0.439209,-0.013916,0.840088
0.456665,-0.055786,1.174438
-0.003540,-0.337769,0.876587
-0.151123,0.202148,1.070801
0.517578,-0.338379,1.074951
-0.432861,-0.019043,0.826294
0.447388,-0.054321,1.169434
0.006348,-0.329102,0.885864
-0.173950,0.206421,1.049438
0.516602,-0.315552,1.081177
-0.428955,-0.037231,0.826782
0.438477,-0.041626,1.173950
0.008057,-0.348389,0.874023
-0.200317,0.200073,1.046265
0.532471,-0.328735,1.090454
-0.415161,-0.061401,0.820068
0.416504,-0.023315,1.170288
0.012329,-0.340698,0.871826
-0.228638,0.199463,1.030273
0.538818,-0.326050,1.089844
-0.416016,-0.076294,0.815918
0.399658,-0.010620,1.163940
0.027100,-0.338867,0.876343
-0.249146,0.201050,1.016235
0.540283,-0.324341,1.095337
-0.410767,-0.084229,0.814941
0.382202,-0.003052,1.173218
0.025513,-0.351685,0.868530
-0.261108,0.175781,1.002686
0.546265,-0.330444,1.089233
-0.407715,-0.088013,0.809814
0.361572,0.006470,1.154175
0.036621,-0.350342,0.872437
-0.276611,0.172241,0.983765
0.540283,-0.317261,1.084961
-0.401733,-0.117554,0.796631
0.346069,-0.002075,1.152588
0.050903,-0.348755,0.875854
-0.298828,0.180054,0.975220
0.535034,-0.324341,1.078125
-0.395630,-0.129517,0.798462
0.326294,0.006348,1.140503
0.058472,-0.351074,0.879028
-0.312256,0.167725,0.962769
0.526123,-0.318604,1.073120
-0.395630,-0.156860,0.783813
0.309326,0.019287,1.144165
0.068481,-0.358276,0.877563
-0.333252,0.175659,0.950439
0.529785,-0.322021,1.053589
-0.386108,-0.174805,0.778687
0.282104,0.021973,1.134033
0.083374,-0.372559,0.875366
-0.361084,0.153320,0.923462
0.528076,-0.315430,1.061157
-0.379883,-0.183350,0.774414
0.252197,0.034668,1.117798
0.104492,-0.377319,0.873901
-0.392090,0.158081,0.908569
0.132324,-0.382324,0.888550
-0.415283,0.144775,0.895874
0.521729,-0.289795,1.060425
-0.371338,-0.209351,0.770630
0.174438,0.066406,1.096924
0.159912,-0.383667,0.890137
-0.436401,0.128540,0.876709
0.510498,-0.270874,1.064087
-0.364990,-0.210205,0.772095
0.131714,0.076782,1.073975
0.186768,-0.383179,0.888184
-0.449341,0.118042,0.864014
0.508911,-0.270020,1.068237
-0.353149,-0.239868,0.771729
0.079712,0.085693,1.067871
0.209229,-0.396362,0.890259
-0.467041,0.104370,0.838379
0.502686,-0.241943,1.075684
-0.303711,-0.259033,0.775513
0.040039,0.094482,1.059204
0.235107,-0.409546,0.889282
-0.488525,0.095459,0.826416
0.488281,-0.216309,1.076538
-0.271973,-0.280151,0.776245
0.004639,0.097046,1.043091
0.251099,-0.413086,0.889160
-0.505981,0.078247,0.802979
0.475220,-0.209839,1.067261
-0.251709,-0.273682,0.774658
-0.026489,0.098633,1.029297
0.268799,-0.403809,0.900635
-0.511475,0.078003,0.799683
0.461548,-0.208618,1.058228
-0.244995,-0.266724,0.767456
-0.067017,0.108276,1.008423
0.297119,-0.407471,0.903931
-0.525879,0.063354,0.787231
0.439453,-0.184937,1.058105
-0.228394,-0.293579,0.744751
-0.112671,0.135986,1.000977
0.320312,-0.393677,0.922852
-0.540894,0.046265,0.777588
0.414917,-0.166260,1.048828
-0.217773,-0.327515,0.725464
-0.156738,0.146851,0.996216
0.340088,-0.395264,0.935303
-0.552856,0.025879,0.758911
0.392700,-0.142334,1.052979
-0.204346,-0.308472,0.727783
-0.201172,0.164795,0.983643
0.359985,-0.388184,0.937866
-0.555786,0.019043,0.765503
0.375488,-0.125000,1.047119
-0.196045,-0.306641,0.733398
-0.242798,0.166748,0.954224
0.374756,-0.385864,0.949341
-0.555664,-0.019775,0.747803
0.354614,-0.103271,1.047729
-0.182617,-0.309448,0.735474
-0.268188,0.164795,0.938721
0.384644,-0.377441,0.950684
-0.554199,-0.037964,0.734497
0.326294,-0.078979,1.052490
-0.168823,-0.339233,0.736694
-0.304321,0.172485,0.922363
0.399414,-0.383789,0.946411
-0.553955,-0.042358,0.721069
0.300293,-0.063354,1.048584
-0.142578,-0.327759,0.757080
-0.334717,0.170166,0.921265
0.406128,-0.386597,0.948486
-0.554199,-0.057373,0.714478
0.262817,-0.028076,1.042236
-0.114502,-0.328003,0.760498
-0.361328,0.182373,0.912354
0.412231,-0.375488,0.954224
-0.548218,-0.070190,0.711426
0.249756,-0.036621,1.028809
-0.100220,-0.338745,0.761475
-0.400146,0.203491,0.904175
0.431641,-0.332886,0.980225
-0.515991,-0.105835,0.721680
0.180298,0.016479,1.020508
-0.072021,-0.375366,0.749390
-0.424805,0.206055,0.904663
0.443115,-0.333496,0.986450
-0.503906,-0.120117,0.731689
0.120972,0.047119,1.023682
-0.016235,-0.397827,0.760620
-0.474243,0.217773,0.860229
0.452026,-0.304321,0.982666
-0.454956,-0.138428,0.747681
0.057129,0.089111,1.024292
0.041748,-0.412476,0.782959
-0.517822,0.191040,0.831909
0.447998,-0.282227,0.988770
-0.397827,-0.186523,0.753540
0.023804,0.099854,1.017700
0.113892,-0.416504,0.800537
-0.564697,0.177856,0.800049
0.435425,-0.246338,0.994507
-0.325439,-0.268188,0.728882
-0.024414,0.111328,1.009766
0.194458,-0.406982,0.837646
-0.614746,0.179810,0.779785
0.414429,-0.216675,0.987183
-0.241333,-0.323730,0.732788
-0.108398,0.126099,0.986816
0.271118,-0.364136,0.889526
-0.610596,0.112793,0.753418
0.373535,-0.150024,0.988281
-0.169312,-0.331787,0.725708
-0.234985,0.151611,0.931152
0.351685,-0.362427,0.921143
-0.577759,0.042969,0.731689
0.289062,-0.047119,1.004395
-0.109497,-0.376587,0.720215
-0.351807,0.174072,0.895752
0.411621,-0.346802,0.939331
-0.545654,-0.029053,0.705933
0.193726,0.019897,1.001465
-0.033813,-0.367920,0.761963
-0.472900,0.214966,0.872437
0.449341,-0.313110,0.984009
-0.459106,-0.146240,0.724976
0.074829,0.100830,1.014526
0.082397,-0.382080,0.802734
-0.549805,0.197998,0.826416
0.451538,-0.254395,1.000488
-0.311890,-0.230347,0.752808
-0.043091,0.142212,0.992188
0.216064,-0.373779,0.852051
-0.583374,0.140747,0.784790
0.412842,-0.182861,1.001953
-0.191406,-0.311890,0.735596
-0.173706,0.168091,0.951172
0.325928,-0.370605,0.896973
-0.572754,0.053955,0.745972
0.337280,-0.089722,1.007690
-0.125732,-0.369141,0.711182
-0.333862,0.186035,0.880981
0.404907,-0.329224,0.942261
-0.532593,-0.061646,0.700684
0.193848,0.031982,1.010132
-0.014771,-0.387573,0.764771
-0.474731,0.223755,0.861694
0.442871,-0.281494,0.979492
-0.418457,-0.141724,0.741333
0.057495,0.117065,1.022217
0.121826,-0.390137,0.819702
-0.561157,0.195312,0.810425
0.435303,-0.229858,0.987427
-0.257324,-0.245483,0.748413
-0.078613,0.165894,0.985474
0.267212,-0.376709,0.880371
-0.584106,0.137817,0.772827
0.383545,-0.144043,0.994263
-0.135742,-0.357910,0.729614
-0.225342,0.162964,0.916016
0.366821,-0.361572,0.917847
-0.541748,0.031372,0.744995
0.281372,-0.038086,0.993042
-0.060791,-0.380249,0.728516
-0.383545,0.188232,0.866943
0.426636,-0.312012,0.956787
-0.481445,-0.087524,0.730591
0.143677,0.067627,1.017456
0.043701,-0.383179,0.785400
-0.508667,0.213013,0.831177
0.452881,-0.272461,0.984131
-0.355957,-0.172607,0.756714
0.024414,0.135742,1.011963
0.180786,-0.385498,0.845459
-0.580322,0.174438,0.788086
0.445801,-0.225220,0.989746
-0.203979,-0.271973,0.760498
-0.103394,0.178589,0.966553
0.304565,-0.365845,0.897705
-0.579468,0.120972,0.764771
0.387817,-0.150757,1.004150
-0.089478,-0.366577,0.749512
-0.253662,0.176147,0.902466
0.391113,-0.349243,0.937744
-0.533203,0.002563,0.738403
0.281250,-0.043701,0.995850
-0.033691,-0.394043,0.739502
-0.373657,0.171509,0.854370
0.440186,-0.335938,0.948120
-0.476196,-0.088989,0.738892
0.154907,0.066895,1.013550
0.054443,-0.384033,0.778809
-0.488892,0.193970,0.829712
0.458984,-0.281860,0.977051
-0.367676,-0.166992,0.764160
0.045410,0.115845,1.014404
0.178101,-0.410767,0.826660
-0.566650,0.180786,0.785645
0.452637,-0.219971,0.993408
-0.216919,-0.239624,0.786499
-0.084717,0.158447,0.975952
0.287842,-0.390869,0.888428
-0.570923,0.106323,0.762817
0.406372,-0.142578,1.007568
-0.090576,-0.343750,0.770752
-0.218628,0.171875,0.919800
0.374146,-0.376465,0.919922
-0.534302,0.000854,0.742554
0.311646,-0.056274,0.999756
-0.008667,-0.396973,0.755981
-0.347168,0.150635,0.850586
0.441528,-0.351074,0.946655
-0.488525,-0.097534,0.731445
0.174072,0.035767,1.002441
0.065552,-0.405273,0.780151
-0.461548,0.152954,0.811890
0.465088,-0.303833,0.978149
-0.387939,-0.184448,0.748901
0.041016,0.119385,1.006836
0.190308,-0.419067,0.833374
-0.547363,0.121460,0.773560
0.464233,-0.249756,0.998169
-0.230225,-0.257202,0.790283
-0.111816,0.167725,0.968994
0.308960,-0.407471,0.888306
-0.545654,0.069946,0.773560
0.396973,-0.163696,1.016968
-0.075073,-0.354492,0.783203
-0.241821,0.164551,0.906982
0.394409,-0.373779,0.929932
-0.508789,-0.045410,0.742920
0.275513,-0.054199,1.003174
0.035156,-0.452759,0.762817
-0.376343,0.148315,0.839844
0.444214,-0.327393,0.950806
-0.448975,-0.125854,0.744995
0.142822,0.031372,1.012573
0.125732,-0.453247,0.802979
-0.485962,0.118774,0.785522
0.457764,-0.271118,0.980347
-0.323730,-0.196289,0.760986
-0.021118,0.146484,0.999634
0.265503,-0.451904,0.855835
-0.527954,0.051880,0.761597
0.432739,-0.209717,1.011719
-0.156494,-0.269165,0.803101
-0.159790,0.166748,0.959839
0.351807,-0.404053,0.911743
-0.519409,0.008179,0.769775
0.365234,-0.121582,1.016479
-0.002686,-0.389893,0.796753
-0.294922,0.164917,0.888062
0.427856,-0.374268,0.938354
-0.478760,-0.090088,0.752319
0.234863,-0.036377,1.011719
0.093140,-0.464233,0.785034
-0.396729,0.130249,0.832520
0.466309,-0.304810,0.980103
-0.410645,-0.150635,0.749146
0.086060,0.068359,1.017090
0.190308,-0.482422,0.823364
-0.486694,0.080444,0.781860
0.475830,-0.276733,1.002075
-0.293335,-0.209595,0.772705
-0.050415,0.144897,1.004272
0.305542,-0.479492,0.875977
-0.528931,0.042603,0.767212
0.439331,-0.215088,1.021484
-0.138062,-0.268677,0.817505
-0.160034,0.179077,0.973389
0.384033,-0.427612,0.927856
-0.515625,-0.014160,0.770874
0.374390,-0.142456,1.029175
-0.001587,-0.385498,0.820557
-0.258789,0.165283,0.914307
0.438354,-0.384888,0.957275
-0.467529,-0.107544,0.762817
0.277344,-0.071655,1.021240
0.082153,-0.450562,0.802979
-0.344482,0.128784,0.863892
0.472168,-0.332153,0.985229
-0.420654,-0.150757,0.768433
0.172852,0.003906,1.029175
0.138916,-0.466431,0.816895
-0.423462,0.105225,0.825562
0.498291,-0.293579,1.020630
-0.352905,-0.203369,0.760986
0.055786,0.103516,1.038940
0.257446,-0.501587,0.853271
-0.480103,0.058105,0.781128
0.491333,-0.264771,1.032593
-0.247925,-0.231567,0.798462
-0.038818,0.151001,1.031494
0.326904,-0.458496,0.910522
-0.505249,0.057861,0.788208
0.457886,-0.223999,1.044189
-0.139038,-0.268188,0.837769
-0.122559,0.180786,1.012451
0.401123,-0.433472,0.945557
-0.495117,0.016846,0.791504
0.414185,-0.147583,1.052979
-0.029907,-0.336304,0.840088
-0.190918,0.159058,0.978027
0.451050,-0.396851,0.979980
-0.455200,-0.088379,0.774658
0.347168,-0.076538,1.067261
0.058350,-0.403320,0.833496
-0.275269,0.155396,0.937012
0.498901,-0.375000,1.013428
-0.416748,-0.150391,0.775757
0.265503,-0.026001,1.058960
0.107056,-0.403320,0.848267
-0.334473,0.142456,0.898926
0.521240,-0.328247,1.041016
-0.364258,-0.185913,0.790039
0.180054,0.044922,1.057251
0.199097,-0.441284,0.873779
-0.400757,0.107910,0.850952
0.537231,-0.303467,1.055420
-0.305786,-0.219238,0.802979
0.100464,0.094727,1.061279
0.280151,-0.460693,0.902344
-0.437134,0.066528,0.818848
0.522461,-0.256348,1.064209
-0.234497,-0.242188,0.819458
0.017456,0.136353,1.066528
0.353516,-0.449219,0.944580
-0.467163,0.079712,0.821533
0.489258,-0.197876,1.070679
-0.142700,-0.253784,0.850464
-0.056519,0.174072,1.062622
0.410767,-0.421631,0.987061
-0.475098,0.033569,0.823486
0.473755,-0.158081,1.092896
-0.046265,-0.297485,0.864502
-0.133667,0.197632,1.042236
0.466675,-0.394775,1.017578
-0.442139,-0.033447,0.814087
0.411011,-0.081909,1.104004
0.049561,-0.356323,0.873535
-0.190063,0.174194,1.015381
0.514648,-0.355835,1.050171
-0.422852,-0.096802,0.791138
0.349609,-0.031494,1.108398
0.090454,-0.365234,0.889038
-0.264526,0.176270,0.986816
0.555542,-0.328003,1.081177
-0.385986,-0.148071,0.800537
0.276611,0.009277,1.098511
0.172607,-0.392334,0.914062
-0.330444,0.142578,0.929810
0.569214,-0.285400,1.112671
-0.317993,-0.213623,0.806763
0.186523,0.073486,1.090942
0.259033,-0.417847,0.932861
-0.376343,0.100098,0.868652
0.568237,-0.259033,1.106689
-0.251221,-0.243408,0.819214
0.101562,0.124878,1.090454
0.348389,-0.437378,0.955322
-0.415283,0.090942,0.854858
0.544556,-0.207153,1.118286
-0.179810,-0.254883,0.853882
0.019409,0.160156,1.088013
0.413940,-0.422241,0.998047
-0.437256,0.067505,0.861328
0.520874,-0.136719,1.128662
-0.093262,-0.257568,0.877563
-0.054688,0.194946,1.083740
0.457886,-0.389038,1.028076
-0.425903,-0.003174,0.839844
0.490112,-0.101196,1.147217
0.029541,-0.322510,0.902954
-0.145020,0.212524,1.061157
0.501221,-0.335327,1.063110
-0.412231,-0.061401,0.832642
0.425781,-0.044189,1.145142
0.057495,-0.339111,0.899780
-0.214722,0.199951,1.031006
0.544189,-0.293823,1.107178
-0.371216,-0.135254,0.815186
0.338745,0.025513,1.150635
0.149780,-0.371704,0.930664
-0.296509,0.172607,0.977783
0.579224,-0.273315,1.129883
-0.315186,-0.208496,0.822144
0.232056,0.083008,1.140747
0.255127,-0.410278,0.944214
-0.357178,0.117065,0.906982
0.578491,-0.240845,1.127197
-0.246460,-0.233521,0.839600
0.127808,0.127563,1.118774
0.333008,-0.415161,0.979248
-0.407471,0.100220,0.875122
0.567627,-0.183350,1.134155
-0.172852,-0.245605,0.862915
0.021729,0.169800,1.104736
0.420166,-0.393799,1.015869
-0.424683,0.049927,0.867065
0.523560,-0.112427,1.146973
-0.031616,-0.304688,0.896851
-0.082642,0.190552,1.078247
0.466187,-0.355469,1.051392
-0.414795,-0.040405,0.841064
0.465454,-0.060547,1.164551
0.013062,-0.317383,0.895142
-0.194702,0.215576,1.047974
0.533203,-0.305298,1.100708
-0.388184,-0.129517,0.812012
0.366699,0.019165,1.167847
0.098633,-0.345337,0.910767
-0.281494,0.182251,0.993530
0.574707,-0.277100,1.123535
-0.329468,-0.202148,0.812378
0.252441,0.067993,1.143677
0.220093,-0.380981,0.934570
-0.362671,0.137329,0.914673
0.576050,-0.245361,1.124023
-0.261353,-0.235718,0.831787
0.131104,0.117798,1.106323
0.319946,-0.390503,0.973999
-0.410889,0.083008,0.878906
0.555176,-0.172852,1.144775
-0.175781,-0.268799,0.849243
0.007935,0.152954,1.095947
0.394287,-0.366943,1.011108
-0.430664,0.018311,0.848022
0.515747,-0.121704,1.152222
-0.052856,-0.320679,0.854858
-0.099976,0.178955,1.062500
0.448730,-0.321655,1.046021
-0.424438,-0.063110,0.824585
0.444092,-0.061157,1.159546
-0.009155,-0.329590,0.863770
-0.225830,0.203125,1.023560
0.506958,-0.282104,1.085815
-0.387329,-0.138184,0.800781
0.338745,0.014648,1.159424
0.084473,-0.354370,0.888062
-0.316284,0.153809,0.944214
0.545410,-0.270386,1.102539
-0.335815,-0.213501,0.802368
0.223145,0.068726,1.130493
0.206543,-0.392944,0.925903
-0.403931,0.132446,0.900879
0.542358,-0.226929,1.104370
-0.272095,-0.261841,0.807983
0.083618,0.110962,1.092773
0.307495,-0.380127,0.958496
-0.439331,0.063477,0.850220
0.520630,-0.182129,1.122559
-0.147949,-0.290894,0.831543
-0.033569,0.131714,1.059204
0.366455,-0.353027,0.987183
-0.448486,-0.022095,0.818970
0.474854,-0.115356,1.131226
-0.098511,-0.308594,0.815552
-0.169556,0.174194,1.028809
0.440308,-0.323364,1.034546
-0.448364,-0.088745,0.787964
0.386719,-0.046753,1.137207
-0.033569,-0.319824,0.839600
-0.284302,0.185303,0.973755
0.494629,-0.299316,1.064087
-0.406128,-0.169189,0.763672
0.278076,0.013550,1.123047
0.068115,-0.371460,0.855957
-0.371582,0.148560,0.910400
0.510254,-0.278809,1.068970
-0.356201,-0.222656,0.765259
0.162964,0.054688,1.097046
0.184326,-0.390137,0.888550
-0.449463,0.113281,0.857422
0.506592,-0.230225,1.076294
-0.286987,-0.264526,0.789307
0.044556,0.101196,1.073730
0.263062,-0.378662,0.918091
-0.476196,0.052002,0.820312
0.485229,-0.185791,1.085571
-0.188599,-0.301270,0.783203
-0.069092,0.132568,1.030884
0.346680,-0.373291,0.948975
-0.494751,-0.008667,0.787598
0.432617,-0.128662,1.096680
-0.156616,-0.305176,0.772949
-0.202271,0.168335,1.001709
0.411133,-0.339111,0.998169
-0.489502,-0.073730,0.756226
0.352417,-0.071167,1.093628
-0.095459,-0.323975,0.791016
-0.302368,0.171753,0.938232
0.453003,-0.328247,1.010620
-0.459351,-0.142700,0.735596
0.260620,-0.015625,1.092407
0.004639,-0.356445,0.820435
-0.407471,0.161499,0.894043
0.469360,-0.292725,1.032471
-0.422119,-0.210449,0.736816
0.146362,0.041626,1.067627
0.116333,-0.393066,0.853394
-0.471680,0.114258,0.840942
0.466797,-0.253174,1.042847
-0.336060,-0.229736,0.776855
0.042480,0.084595,1.047852
0.198364,-0.401855,0.872681
-0.515747,0.083008,0.806030
0.447266,-0.214111,1.043213
-0.254639,-0.284302,0.752075
-0.065430,0.120117,1.004272
0.285156,-0.407104,0.900513
-0.546387,0.033813,0.775146
0.423340,-0.163574,1.054199
-0.208618,-0.305786,0.731445
-0.203857,0.171387,0.987427
0.362305,-0.393188,0.941772
-0.540283,-0.035645,0.747437
0.345215,-0.110352,1.057495
-0.155151,-0.318481,0.747803
-0.312134,0.173950,0.930908
0.407227,-0.364502,0.965942
-0.517822,-0.092285,0.731812
0.262817,-0.049194,1.055420
-0.075806,-0.345825,0.780273
-0.404663,0.180908,0.901489
0.423096,-0.313110,0.994629
-0.480347,-0.177979,0.716919
0.150757,0.022827,1.040649
0.035034,-0.395752,0.810059
-0.500732,0.173950,0.845947
0.445312,-0.269653,1.010010
-0.394653,-0.199463,0.752930
0.050293,0.080811,1.038940
0.130493,-0.411133,0.827759
-0.541260,0.129150,0.809082
0.446289,-0.245239,1.008057
-0.295166,-0.256836,0.748169
-0.045776,0.112793,1.010620
0.224365,-0.424316,0.860840
-0.572998,0.080566,0.770752
0.420532,-0.197388,1.023193
-0.237183,-0.300049,0.721436
-0.162109,0.163208,0.982422
0.308960,-0.401855,0.897217
-0.573242,0.021240,0.752563
0.312866,-0.048828,1.083984
-0.188110,-0.323730,0.720337
-0.357788,0.174316,0.916992
0.448730,-0.322510,1.006226
-0.453613,-0.169434,0.730103
0.210571,0.010620,1.074097
0.023071,-0.379028,0.817749
-0.446411,0.163818,0.871704
0.462402,-0.278442,1.030029
-0.423218,-0.215454,0.741943
0.104248,0.056396,1.054565
0.120728,-0.391724,0.848145
-0.495117,0.120850,0.827393
0.463745,-0.247681,1.032349
-0.319702,-0.273804,0.753540
-0.001587,0.084839,1.030151
0.206543,-0.414429,0.870239
-0.535400,0.069214,0.786011
0.441284,-0.214111,1.030396
-0.254272,-0.284424,0.734985
-0.107178,0.122925,0.991211
0.287354,-0.403076,0.894043
-0.550415,0.026489,0.752441
0.402466,-0.155640,1.042236
-0.209839,-0.299683,0.720581
-0.228027,0.167725,0.967529
0.359009,-0.381470,0.939087
-0.546875,-0.048950,0.736084
0.339233,-0.095703,1.048950
-0.154663,-0.334961,0.731445
-0.336304,0.180542,0.921387
0.408691,-0.364136,0.963379
-0.518066,-0.092407,0.716919
0.242432,-0.024170,1.049805
-0.066284,-0.366455,0.760986
-0.427002,0.189453,0.885498
0.430054,-0.319458,0.977295
-0.487671,-0.146606,0.717896
0.139160,0.033447,1.035522
0.042847,-0.385498,0.799683
-0.502808,0.175781,0.841309
0.437866,-0.273315,1.000854
-0.396484,-0.220093,0.736694
0.040039,0.091919,1.024048
0.140747,-0.404175,0.829712
-0.552734,0.141113,0.805054
0.429443,-0.233032,1.000488
-0.294800,-0.265625,0.734985
-0.057129,0.126221,0.997437
0.226196,-0.414917,0.863281
-0.576660,0.091187,0.765625
0.410278,-0.194580,1.011475
-0.236206,-0.285889,0.718384
-0.179321,0.170044,0.973755
0.307251,-0.399780,0.896362
-0.577637,0.039551,0.757446
0.362427,-0.136475,1.016846
-0.184937,-0.321411,0.719116
-0.277832,0.176880,0.924316
0.365234,-0.387939,0.920532
-0.573486,-0.026611,0.723999
0.290161,-0.068481,1.020020
-0.120728,-0.354858,0.738037
-0.385132,0.189453,0.890747
0.406128,-0.345703,0.942749
-0.543579,-0.085938,0.700195
0.188599,0.007935,1.018311
-0.042603,-0.378784,0.767822
-0.476318,0.214233,0.868408
0.433838,-0.310913,0.980225
-0.471069,-0.160156,0.717529
0.093384,0.080444,1.028198
0.056030,-0.394897,0.793945
-0.543945,0.200317,0.841309
0.438721,-0.267090,0.994385
-0.364746,-0.217285,0.739868
0.014893,0.110840,1.014160
0.161499,-0.401855,0.828247
-0.576904,0.151489,0.789673
0.431641,-0.221191,0.999268
-0.266968,-0.277954,0.731689
-0.093140,0.156128,0.978149
0.251465,-0.390747,0.877319
-0.599121,0.110596,0.758179
0.399170,-0.165894,1.001221
-0.195801,-0.329468,0.711914
-0.204224,0.186523,0.959473
0.335327,-0.385376,0.905029
-0.595581,0.059448,0.734863
0.332153,-0.112671,1.010864
-0.130127,-0.377197,0.705444
-0.313843,0.208252,0.911011
0.393066,-0.346802,0.932129
-0.566528,-0.005249,0.716797
0.242432,-0.031006,0.995117
-0.069458,-0.393188,0.736084
-0.418335,0.218018,0.879395
0.428833,-0.305420,0.961548
-0.508667,-0.093628,0.715088
0.136963,0.050171,1.011353
0.017578,-0.395630,0.778320
-0.498291,0.206787,0.851929
0.444214,-0.260742,0.981689
-0.398071,-0.138672,0.750366
0.056763,0.103882,1.017822
0.127319,-0.400757,0.813843
-0.562866,0.182373,0.799561
0.440308,-0.208008,0.997314
-0.278564,-0.240479,0.743530
-0.051758,0.155762,0.985962
0.229858,-0.386841,0.857300
-0.584351,0.134033,0.774780
0.420410,-0.169434,0.998291
-0.190674,-0.309204,0.728882
-0.161255,0.193115,0.960815
0.324219,-0.395508,0.885864
-0.585083,0.072876,0.744751
0.360352,-0.107178,1.006836
-0.114014,-0.367554,0.711792
-0.274170,0.206055,0.913330
0.396729,-0.369019,0.925415
-0.565308,-0.011230,0.712646
0.266479,-0.036743,0.993530
-0.058716,-0.393921,0.733276
-0.389648,0.217773,0.879517
0.441895,-0.320557,0.958008
-0.496704,-0.093994,0.733643
0.141846,0.051025,1.010254
0.030029,-0.389404,0.773560
-0.478638,0.215088,0.840332
0.451172,-0.262085,0.984863
-0.385010,-0.156128,0.766357
0.055176,0.104248,1.019409
0.131348,-0.396729,0.815430
-0.554199,0.186279,0.795654
0.460938,-0.222168,0.997925
-0.267700,-0.226196,0.763184
-0.058105,0.157227,0.991455
0.249756,-0.412964,0.863770
-0.583740,0.131592,0.771973
0.426880,-0.163086,1.006104
-0.152466,-0.293091,0.761230
-0.173096,0.184448,0.941040
0.345337,-0.397095,0.897217
-0.570312,0.071289,0.756714
0.352295,-0.088379,1.007324
-0.073975,-0.363037,0.736938
-0.289673,0.186157,0.890991
0.412354,-0.364868,0.931030
-0.543823,-0.054077,0.714355
0.244751,-0.020874,0.992798
-0.011597,-0.403198,0.741577
-0.399536,0.206421,0.858643
0.455078,-0.314697,0.957642
-0.473511,-0.112427,0.742798
0.132568,0.052734,1.015381
0.077515,-0.413330,0.783691
-0.493286,0.198608,0.820557
0.464600,-0.269043,0.982544
-0.376953,-0.178467,0.754883
0.035889,0.114502,1.010864
0.181763,-0.420044,0.832764
-0.558105,0.168579,0.781982
0.467163,-0.225586,0.999634
-0.250854,-0.205688,0.779663
-0.072266,0.145142,0.971680
0.275879,-0.428223,0.870361
-0.566895,0.110352,0.766235
0.430420,-0.165039,1.010132
-0.127075,-0.293945,0.777466
-0.182373,0.165894,0.937256
0.353149,-0.412964,0.899414
-0.549438,0.050537,0.759399
0.368652,-0.104858,1.004272
-0.044189,-0.363159,0.759521
-0.297974,0.164917,0.878662
0.422119,-0.374878,0.939819
-0.515503,-0.066162,0.739502
0.255615,-0.026123,0.994629
0.022583,-0.400391,0.767090
-0.398560,0.177368,0.837769
0.464966,-0.341187,0.973633
-0.459595,-0.134033,0.747559
0.139648,0.044312,1.008545
0.088989,-0.405396,0.788452
-0.477417,0.164551,0.794678
0.468384,-0.288086,0.983765
-0.369019,-0.197510,0.758423
0.041870,0.098511,1.009155
0.182251,-0.436157,0.825806
-0.543213,0.121094,0.770386
0.467041,-0.244873,0.995972
-0.245483,-0.219360,0.802490
-0.070190,0.146973,0.983643
0.281494,-0.443970,0.867065
-0.565186,0.090576,0.755981
0.424561,-0.175049,1.014648
-0.119507,-0.304932,0.791626
-0.168823,0.166870,0.956055
0.360962,-0.432983,0.911255
-0.551392,0.051270,0.765015
0.364624,-0.109009,1.017578
-0.025879,-0.372925,0.784424
-0.270386,0.157471,0.896484
0.425903,-0.403198,0.945190
-0.510254,-0.058105,0.743164
0.276611,-0.046143,1.010132
0.041016,-0.426270,0.770386
-0.366943,0.154175,0.855591
0.466431,-0.375366,0.963623
-0.463013,-0.133911,0.748535
0.179321,0.015503,1.010254
0.098267,-0.447754,0.782837
-0.447510,0.144287,0.816650
0.487915,-0.332275,0.982666
-0.386963,-0.193237,0.756836
0.070801,0.075562,1.010620
0.195801,-0.458374,0.817139
-0.499512,0.085083,0.766602
0.475464,-0.273193,1.003418
-0.278687,-0.213379,0.788452
-0.028320,0.123901,1.003296
0.283081,-0.474731,0.864746
-0.533691,0.062988,0.750854
0.436523,-0.211548,1.016968
-0.166138,-0.262817,0.807129
-0.112915,0.144775,0.985840
0.360107,-0.449219,0.918213
-0.522827,0.049561,0.777832
0.391113,-0.134644,1.023438
-0.049316,-0.327515,0.812744
-0.212036,0.151733,0.946533
0.423218,-0.427002,0.946533
-0.491089,-0.047607,0.761963
0.310425,-0.067017,1.022339
0.034058,-0.414673,0.792847
-0.303345,0.140991,0.892700
0.480591,-0.394775,0.971069
-0.454102,-0.126587,0.762451
0.224609,-0.017578,1.028076
0.095947,-0.433228,0.810181
-0.387329,0.131104,0.854980
0.501465,-0.339111,1.012329
-0.389771,-0.195679,0.760010
0.118164,0.046875,1.031494
0.191162,-0.457520,0.831787
-0.447754,0.094482,0.801514
0.506592,-0.302979,1.024170
-0.300903,-0.215332,0.790283
0.019287,0.104736,1.025024
0.283081,-0.466309,0.879517
-0.487427,0.048462,0.779541
0.465576,-0.224487,1.050415
-0.192261,-0.237549,0.831055
-0.074829,0.156494,1.018188
0.373657,-0.449219,0.933350
-0.500122,0.032959,0.787964
0.420044,-0.155396,1.058838
-0.068848,-0.330566,0.825195
-0.160522,0.163330,0.998047
0.446777,-0.420898,0.974121
-0.476685,-0.040283,0.781860
0.362305,-0.081299,1.056885
0.045898,-0.407959,0.825073
-0.245850,0.164185,0.956299
0.500610,-0.380493,1.015869
-0.439575,-0.112183,0.779175
0.276123,-0.025269,1.051147
0.090088,-0.404785,0.838745
-0.327881,0.150146,0.912476
0.530396,-0.347900,1.040161
-0.380371,-0.171753,0.780396
0.180542,0.032837,1.050293
0.202026,-0.440918,0.864502
-0.391235,0.090088,0.848633
0.538452,-0.295532,1.061279
-0.296875,-0.209717,0.799561
0.078369,0.094971,1.050903
0.298340,-0.449341,0.910400
-0.446045,0.064575,0.809204
0.511841,-0.221436,1.082153
-0.207886,-0.238892,0.829468
-0.013428,0.154175,1.056641
0.386353,-0.430542,0.963013
-0.468872,0.053467,0.819946
0.469238,-0.157715,1.090698
-0.106567,-0.276489,0.848022
-0.092896,0.181030,1.044189
0.448608,-0.421265,1.000977
-0.455811,-0.019043,0.807739
0.423218,-0.103271,1.099609
0.029297,-0.354736,0.873535
-0.186646,0.191772,1.015991
0.511841,-0.380737,1.040527
-0.417725,-0.085571,0.801147
0.359497,-0.047363,1.097168
0.073853,-0.360107,0.878174
-0.265747,0.186035,0.983154
0.551147,-0.322144,1.080200
-0.371704,-0.154541,0.805908
0.253906,0.037964,1.097046
0.179688,-0.418823,0.889282
-0.332886,0.125610,0.907715
0.574829,-0.286865,1.099121
-0.303955,-0.197388,0.814087
0.153076,0.099243,1.092896
0.281738,-0.447632,0.923828
-0.402832,0.072754,0.850220
0.556519,-0.234375,1.105225
-0.217285,-0.223267,0.847168
0.056763,0.150146,1.090210
0.370483,-0.421997,0.978394
-0.437988,0.071045,0.846802
0.524536,-0.164673,1.122803
-0.124268,-0.235474,0.871338
-0.031128,0.196289,1.089478
0.452881,-0.404175,1.020996
-0.444336,0.010986,0.834839
0.479370,-0.108276,1.137939
0.011719,-0.326416,0.894165
-0.126953,0.215088,1.065186
0.507446,-0.366333,1.059204
-0.422974,-0.043823,0.831299
0.423828,-0.059448,1.140625
0.050537,-0.338501,0.895508
-0.211060,0.216431,1.039673
0.557739,-0.313965,1.099609
-0.380127,-0.114746,0.819824
0.338257,0.010864,1.135010
0.140381,-0.373535,0.915283
-0.284058,0.174561,0.978638
0.586548,-0.275513,1.124756
-0.310303,-0.182129,0.831421
0.235596,0.072388,1.124878
0.246216,-0.415039,0.938477
-0.347168,0.102539,0.902588
0.581909,-0.237183,1.129517
-0.242554,-0.222046,0.854126
0.128662,0.130005,1.114502
0.339233,-0.414551,0.978271
-0.407349,0.082520,0.876587
0.554321,-0.175903,1.139771
-0.165039,-0.228394,0.878296
0.030762,0.183350,1.110107
0.419556,-0.399780,1.013794
-0.432373,0.039062,0.857300
0.526245,-0.132446,1.149170
-0.056641,-0.277710,0.883911
-0.064697,0.206665,1.092407
0.471191,-0.366333,1.039551
-0.432007,-0.013672,0.844238
0.474976,-0.086426,1.157349
0.006348,-0.318604,0.878296
-0.152100,0.220581,1.063232
0.523804,-0.326416,1.083008
-0.408691,-0.077515,0.831787
0.406006,-0.019653,1.160156
0.067749,-0.344604,0.899170
-0.242310,0.207520,1.030273
0.564941,-0.296509,1.119629
-0.364258,-0.150635,0.816406
0.304077,0.027954,1.141968
0.164062,-0.377686,0.919922
-0.314331,0.141235,0.943237
0.585571,-0.257812,1.130981
-0.293457,-0.215820,0.838745
0.192993,0.089111,1.129272
0.260620,-0.406616,0.950317
-0.385986,0.101929,0.887939
0.574585,-0.213379,1.135986
-0.222900,-0.235962,0.854980
0.081665,0.146362,1.109741
0.345947,-0.396851,0.977173
-0.424561,0.065796,0.861450
0.543701,-0.160889,1.141846
-0.127075,-0.293823,0.859619
-0.017090,0.168457,1.089111
0.405884,-0.376221,1.007568
-0.435913,0.009521,0.844238
0.505737,-0.122070,1.154175
-0.060913,-0.317627,0.839111
-0.108765,0.196045,1.065918
0.459473,-0.349121,1.041748
-0.445312,-0.042847,0.818115
0.441650,-0.066162,1.156982
-0.027954,-0.321167,0.855225
-0.208374,0.213745,1.045532
0.514771,-0.312012,1.075317
-0.420776,-0.099854,0.800781
0.355835,-0.015259,1.146362
0.059814,-0.332275,0.881836
-0.287964,0.172974,0.963989
0.539185,-0.280640,1.096802
-0.366089,-0.187256,0.788330
0.244873,0.044556,1.120361
0.155762,-0.378052,0.902710
-0.366333,0.126831,0.911865
0.539429,-0.245972,1.102539
-0.311279,-0.225220,0.806763
0.136230,0.087891,1.096191
0.243530,-0.391846,0.929321
-0.422119,0.078491,0.875122
0.531738,-0.209473,1.107544
-0.234985,-0.267944,0.814575
0.031006,0.117188,1.068970
0.306641,-0.378174,0.943604
-0.454712,0.037964,0.836792
0.500366,-0.180176,1.112427
-0.149902,-0.310181,0.812988
-0.064941,0.149414,1.046753
0.369995,-0.366821,0.967163
-0.471436,-0.008667,0.800415
0.455078,-0.129028,1.118530
-0.118286,-0.296997,0.814453
-0.178345,0.193726,1.031494
0.429565,-0.341309,1.011108
-0.479980,-0.071289,0.777466
0.382690,-0.061890,1.125122
-0.067017,-0.325806,0.817993
-0.277954,0.174194,0.971924
0.474243,-0.323853,1.034180
-0.443726,-0.127686,0.757202
0.282837,-0.007690,1.107300
0.021729,-0.355347,0.830444
-0.359863,0.157837,0.915527
0.495117,-0.289062,1.053955
-0.403809,-0.200073,0.752441
0.177368,0.039185,1.080444
0.117310,-0.382446,0.865723
-0.434570,0.122314,0.863525
0.495361,-0.255615,1.063965
-0.363403,-0.243896,0.767212
0.072266,0.091431,1.063110
0.204712,-0.395874,0.883545
-0.481323,0.074219,0.823242
0.479492,-0.230713,1.060181
-0.250488,-0.286011,0.769531
-0.025879,0.108276,1.031128
0.277588,-0.398926,0.903931
-0.515747,0.035400,0.788696
0.456665,-0.188965,1.070557
-0.206055,-0.292236,0.760864
-0.127441,0.143188,1.006348
0.343262,-0.385620,0.935791
-0.531128,-0.013794,0.765991
0.405029,-0.139526,1.071289
-0.165161,-0.309692,0.761597
-0.252686,0.186035,0.979126
0.402466,-0.354614,0.981567
-0.517822,-0.079956,0.734375
0.322144,-0.072266,1.068237
-0.098267,-0.335205,0.776367
-0.342896,0.163574,0.913818
0.431152,-0.335938,0.992798
-0.486938,-0.123413,0.721191
0.226807,0.001709,1.066772
-0.012207,-0.371826,0.792847
-0.430786,0.177002,0.883789
0.449585,-0.298950,1.006470
-0.459473,-0.172363,0.729492
0.131226,0.050537,1.046265
0.086304,-0.394653,0.827637
-0.499878,0.147705,0.843628
0.456543,-0.274536,1.019653
-0.373291,-0.228638,0.749023
0.033691,0.092041,1.030762
0.169922,-0.405762,0.849976
-0.543091,0.110840,0.798462
0.449951,-0.245972,1.013794
-0.292725,-0.259399,0.732422
-0.067993,0.127930,1.002563
0.251709,-0.413208,0.872681
-0.567749,0.070679,0.765869
0.418823,-0.197998,1.020508
-0.241577,-0.299316,0.715698
-0.176758,0.159546,0.974121
0.322754,-0.393188,0.908936
-0.575439,0.019409,0.759399
0.366821,-0.144653,1.025269
-0.185547,-0.324341,0.726196
-0.276245,0.176270,0.935303
0.376465,-0.370361,0.943481
-0.568848,-0.032837,0.728638
0.297363,-0.077271,1.030762
-0.133423,-0.368408,0.736938
-0.375122,0.188354,0.900024
0.412964,-0.342285,0.969971
-0.529663,-0.093750,0.710815
0.207642,-0.003784,1.031616
-0.050171,-0.374756,0.764404
-0.455322,0.187866,0.868652
0.427612,-0.313354,0.984009
-0.488159,-0.141846,0.718872
0.112305,0.054443,1.024536
0.033936,-0.399170,0.788086
-0.522949,0.190674,0.848022
0.441772,-0.283447,0.986328
-0.406250,-0.190308,0.742065
0.042114,0.103882,1.013184
0.129395,-0.416992,0.817627
-0.567993,0.162354,0.792480
0.433105,-0.250366,0.990234
-0.311646,-0.244019,0.736328
-0.038940,0.135620,1.007324
0.220337,-0.418823,0.846802
-0.598145,0.134888,0.771118
0.416382,-0.203369,0.998535
-0.241455,-0.300415,0.709473
-0.135498,0.170044,0.982056
0.291992,-0.411255,0.882202
-0.603149,0.103271,0.759399
0.387939,-0.161743,1.010010
-0.190430,-0.343506,0.711304
-0.222046,0.179688,0.949585
0.358398,-0.391357,0.909790
-0.595093,0.052734,0.750366
0.331299,-0.108887,1.007812
-0.142578,-0.363037,0.706543
-0.312988,0.193726,0.907227
0.394409,-0.372559,0.928955
-0.567261,-0.001953,0.718384
0.258545,-0.053589,1.004150
-0.093140,-0.371704,0.735840
-0.391968,0.203247,0.886841
0.414917,-0.331055,0.948975
-0.533325,-0.069092,0.708618
0.180908,0.012695,0.998901
-0.027100,-0.385254,0.760132
-0.465942,0.212402,0.859253
0.433716,-0.295654,0.967773
-0.470337,-0.111206,0.738159
0.102661,0.078125,1.015625
0.054199,-0.400024,0.786377
-0.523682,0.218262,0.840942
0.441162,-0.253784,0.983276
-0.398804,-0.173340,0.741333
0.045898,0.111206,1.018188
0.140381,-0.414429,0.807617
-0.569092,0.200439,0.807739
0.440796,-0.226440,0.995605
-0.308838,-0.213623,0.747437
-0.028442,0.147217,1.002563
0.217163,-0.413086,0.849609
-0.594116,0.172241,0.777954
0.429810,-0.192993,1.002563
-0.239258,-0.261353,0.742554
-0.098633,0.172363,0.972046
0.291504,-0.393188,0.880981
-0.601807,0.135376,0.764771
0.411987,-0.164429,1.007202
-0.175781,-0.303711,0.736084
-0.184692,0.190674,0.943481
0.350464,-0.385132,0.902466
-0.579712,0.084839,0.760132
0.365234,-0.111938,0.997559
-0.118896,-0.350220,0.728882
-0.254150,0.192749,0.903931
0.396362,-0.349609,0.932495
-0.552490,0.017700,0.732422
0.295166,-0.058838,0.997559
-0.067017,-0.397217,0.728760
-0.333252,0.186035,0.870117
0.421753,-0.322876,0.946411
-0.538818,-0.050293,0.713623
0.227173,0.010132,1.000000
-0.011719,-0.416992,0.739380
-0.407104,0.194824,0.847534
0.446289,-0.306152,0.954102
-0.487305,-0.082153,0.738647
0.167358,0.055054,1.020874
0.038818,-0.422729,0.766846
-0.468506,0.196899,0.831665
0.460205,-0.282593,0.972290
-0.440430,-0.107544,0.752441
0.103271,0.090698,1.025513
0.107178,-0.416748,0.795776
-0.525757,0.192749,0.813110
0.462646,-0.265137,0.982666
-0.370605,-0.146484,0.763672
0.041016,0.140747,1.020874
0.179077,-0.425537,0.827148
-0.563721,0.177979,0.788086
0.458618,-0.239380,0.991821
-0.295776,-0.182129,0.766479
-0.027832,0.162598,1.004395
0.248047,-0.413086,0.865356
-0.588745,0.140015,0.769287
0.446899,-0.212646,0.995117
-0.210815,-0.243530,0.770508
-0.097900,0.180542,0.974487
0.305298,-0.407104,0.892090
-0.584595,0.120605,0.770142
0.423584,-0.182373,1.006226
-0.142212,-0.300659,0.770508
-0.165405,0.178589,0.940674
0.361328,-0.380249,0.911377
-0.563599,0.074707,0.767944
0.377563,-0.134399,1.008301
-0.085693,-0.353149,0.762329
-0.231567,0.168823,0.903564
0.399414,-0.370972,0.935425
-0.551270,0.015991,0.752930
0.322998,-0.083374,0.993652
-0.032227,-0.400391,0.760498
-0.306519,0.162354,0.873169
0.432129,-0.363037,0.950073
-0.520508,-0.051270,0.739990
0.250977,-0.043335,0.999512
0.007935,-0.422241,0.756714
-0.363770,0.158203,0.843018
0.456299,-0.352539,0.957886
-0.487305,-0.088623,0.738159
0.191528,0.011230,1.005493
0.060425,-0.448242,0.764404
-0.539062,0.194702,0.803833
0.467041,-0.328979,0.962158
-0.356445,-0.148315,0.760498
0.036743,0.140747,1.013916
0.186768,-0.408569,0.832031
-0.572021,0.174316,0.784668
0.461914,-0.245972,0.989258
-0.290649,-0.200195,0.760010
-0.037109,0.168091,1.002441
0.254395,-0.404663,0.872192
-0.582275,0.130127,0.774414
0.447144,-0.206909,1.002319
-0.206909,-0.255981,0.762573
-0.105591,0.179077,0.973267
0.319336,-0.397461,0.896118
-0.585571,0.119507,0.771484
0.409668,-0.161133,1.006836
-0.131348,-0.314575,0.770142
-0.170288,0.178101,0.937012
0.360840,-0.385132,0.913696
-0.567505,0.082520,0.772827
0.376587,-0.127563,1.014282
-0.076294,-0.371826,0.759033
-0.236816,0.169312,0.905273
0.394775,-0.370483,0.932373
-0.553345,0.016846,0.749146
0.328613,-0.084473,1.003540
-0.037354,-0.401367,0.747192
-0.303955,0.162720,0.878540
0.431763,-0.364502,0.939209
-0.527588,-0.038574,0.734863
0.263550,-0.035278,1.001465
0.000854,-0.415894,0.756836
-0.357910,0.162842,0.850586
0.450806,-0.345825,0.952393
-0.503418,-0.077148,0.739990
0.218018,-0.008179,1.006226
0.041504,-0.424927,0.769775
-0.412109,0.156494,0.831787
0.467651,-0.345703,0.962646
-0.463257,-0.112183,0.742920
0.160278,0.031860,1.011353
0.080933,-0.430542,0.788086
-0.464355,0.151001,0.804932
0.484009,-0.336060,0.961548
-0.429932,-0.149292,0.752808
0.107544,0.072754,1.012085
0.137573,-0.440308,0.809204
-0.499268,0.137085,0.792236
0.484741,-0.317749,0.973633
-0.379761,-0.150879,0.771973
0.051636,0.108765,1.015259
0.198608,-0.455322,0.839600
-0.525391,0.124390,0.778198
0.481445,-0.292725,0.990845
-0.327515,-0.180542,0.781860
-0.006348,0.133057,1.014893
0.256958,-0.471558,0.851807
-0.535278,0.105713,0.764771
0.467041,-0.265747,0.996948
-0.258667,-0.220581,0.798340
-0.056641,0.153320,1.006104
0.295410,-0.451416,0.881714
-0.544922,0.080322,0.771118
0.451904,-0.227051,1.020264
-0.197510,-0.244507,0.809937
-0.091187,0.156006,0.993286
0.334351,-0.453613,0.900024
-0.546143,0.075562,0.776733
0.426758,-0.190186,1.022827
-0.129517,-0.291016,0.804321
-0.144775,0.156860,0.982056
0.376343,-0.449219,0.913330
-0.538208,0.057251,0.780640
0.399292,-0.159058,1.018921
-0.078735,-0.333374,0.809326
-0.187866,0.148071,0.956543
0.408447,-0.433838,0.937988
-0.526001,0.006958,0.763916
0.366455,-0.121704,1.029541
-0.024292,-0.374878,0.798828
-0.231567,0.140503,0.930542
0.440063,-0.420044,0.948608
-0.504150,-0.035645,0.756714
0.328491,-0.089233,1.028931
0.019165,-0.408569,0.801025
-0.273193,0.137573,0.904663
0.471436,-0.406860,0.969971
-0.479370,-0.085571,0.752808
0.284790,-0.054443,1.027588
0.061279,-0.417725,0.804565
-0.314819,0.138184,0.886230
0.488525,-0.388794,0.991699
-0.457642,-0.115845,0.752197
0.247925,-0.022217,1.035400
0.089722,-0.418579,0.816528
-0.352783,0.134766,0.883667
0.505249,-0.366211,1.001953
-0.426270,-0.156738,0.757324
0.192017,0.010498,1.034546
0.126831,-0.418213,0.830078
-0.383545,0.136841,0.866943
0.529785,-0.353149,1.024048
-0.394897,-0.182861,0.751831
0.146240,0.046387,1.032593
0.195557,-0.437622,0.860718
-0.410522,0.106812,0.834473
0.532715,-0.332642,1.031494
-0.343384,-0.219482,0.772217
0.095703,0.066284,1.039062
0.247437,-0.448364,0.873291
-0.429932,0.086304,0.815918
0.521362,-0.300659,1.037842
-0.284546,-0.218750,0.814941
0.043335,0.104614,1.042725
0.304565,-0.464722,0.904297
-0.457397,0.072266,0.799194
0.511597,-0.263062,1.054077
-0.224243,-0.236206,0.827637
-0.002686,0.137817,1.047852
0.352539,-0.450562,0.939941
-0.469360,0.074219,0.811646
0.497437,-0.215332,1.077148
-0.161377,-0.240845,0.852539
-0.045166,0.154907,1.054565
0.396240,-0.446045,0.964233
-0.473999,0.043091,0.815308
0.479370,-0.158936,1.093018
-0.100586,-0.282593,0.852783
-0.097656,0.173706,1.047241
0.446289,-0.438354,0.989136
-0.466553,0.012451,0.814697
0.445312,-0.128174,1.099243
-0.010742,-0.328003,0.872803
-0.146851,0.179932,1.028809
0.478638,-0.408081,1.021973
-0.453125,-0.027710,0.797363
0.415649,-0.073853,1.112915
0.046143,-0.364502,0.872437
-0.190796,0.187744,1.016235
0.511841,-0.378540,1.043457
-0.433105,-0.068604,0.802979
0.374390,-0.037964,1.117554
0.072388,-0.356567,0.880249
-0.243286,0.181519,0.998657
0.544434,-0.360107,1.064209
-0.401123,-0.138306,0.786621
0.316284,0.000366,1.109741
0.118408,-0.369019,0.902832
-0.290527,0.183838,0.985107
0.569336,-0.334229,1.087524
-0.368774,-0.149902,0.804077
0.273560,0.026001,1.102051
0.179443,-0.387207,0.921021
-0.327637,0.156372,0.939941
0.583008,-0.303711,1.104858
-0.329956,-0.180542,0.818970
0.224243,0.068237,1.103027
0.238892,-0.408203,0.931641
-0.350586,0.119019,0.902466
0.585571,-0.278564,1.112061
-0.293579,-0.202271,0.825928
0.172241,0.105957,1.106323
0.296509,-0.425293,0.955933
-0.382080,0.093750,0.870728
0.573486,-0.244385,1.117188
-0.240112,-0.232544,0.842651
0.114990,0.127808,1.107300
0.348877,-0.425293,0.972778
-0.407837,0.088501,0.873291
0.558472,-0.204102,1.132202
-0.195068,-0.235229,0.857422
0.056152,0.155518,1.107300
0.390991,-0.425659,0.993164
-0.419312,0.074097,0.864868
0.553345,-0.179688,1.146606
-0.151245,-0.246216,0.870728
0.011597,0.182251,1.106323
0.424561,-0.418579,1.009644
-0.428589,0.059692,0.862305
0.538940,-0.150024,1.147949
-0.099365,-0.267700,0.880615
-0.030518,0.198364,1.100586
0.445312,-0.396118,1.021240
-0.420654,0.027222,0.861694
0.519531,-0.123413,1.159058
-0.034546,-0.304932,0.890625
-0.069092,0.190552,1.085815
0.462524,-0.377319,1.030273
-0.430420,0.011108,0.857544
0.504761,-0.097412,1.178223
-0.006836,-0.335815,0.887085
-0.105103,0.188843,1.071777
0.483276,-0.348877,1.053589
-0.432861,-0.012695,0.844849
0.482178,-0.068115,1.181030
-0.006348,-0.339355,0.875610
-0.148193,0.206055,1.066406
0.502930,-0.348511,1.072510
-0.433716,-0.026245,0.833496
0.452393,-0.036499,1.178223
0.017334,-0.337036,0.880127
-0.194336,0.213013,1.055908
0.522095,-0.331177,1.079712
-0.424194,-0.068970,0.811401
0.407593,-0.015503,1.170044
0.036621,-0.334717,0.897583
-0.236450,0.199097,1.031982
0.540527,-0.309692,1.100952
-0.405151,-0.113525,0.801514
0.369141,0.007568,1.160645
0.076904,-0.327271,0.906982
-0.261841,0.178223,1.003174
0.555420,-0.297607,1.111694
-0.385742,-0.157349,0.795532
0.318237,0.029663,1.149048
0.119263,-0.354858,0.907715
-0.299805,0.156372,0.959839
0.558594,-0.288330,1.109619
-0.361328,-0.195312,0.795410
0.265259,0.049927,1.137939
0.160767,-0.387451,0.908691
-0.335571,0.137207,0.923462
0.565674,-0.283203,1.111938
-0.328613,-0.233887,0.792603
0.202881,0.082153,1.129150
0.201782,-0.406738,0.913940
-0.382202,0.135864,0.905762
0.556030,-0.253784,1.110840
-0.305054,-0.247559,0.808960
0.134766,0.099121,1.107788
0.253052,-0.404785,0.924438
-0.419312,0.106812,0.872803
0.548340,-0.234131,1.105713
-0.274414,-0.267944,0.804321
0.080688,0.112793,1.088379
0.278198,-0.390869,0.935181
-0.437744,0.086792,0.861328
0.536499,-0.206299,1.113281
-0.212524,-0.276123,0.821167
0.012695,0.115967,1.068726
0.308716,-0.391968,0.936401
-0.461060,0.058105,0.826050
0.514038,-0.175415,1.115479
-0.166016,-0.285278,0.816406
-0.045410,0.131714,1.049561
0.343018,-0.388062,0.949341
-0.472778,0.027832,0.821167
0.490112,-0.159058,1.119385
-0.158325,-0.296997,0.796509
-0.110474,0.152344,1.031982
0.381714,-0.386963,0.969116
-0.490234,-0.007202,0.794556
0.453613,-0.129639,1.113770
-0.142944,-0.290771,0.795288
-0.183472,0.173462,1.012939
0.416626,-0.368896,0.984009
-0.494751,-0.043579,0.780640
0.403320,-0.083130,1.115479
-0.115967,-0.296021,0.795044
-0.253418,0.179199,0.985596
0.442139,-0.364380,1.004517
-0.495728,-0.081177,0.755859
0.348022,-0.050903,1.110474
-0.083008,-0.290405,0.815674
-0.311890,0.177856,0.953979
0.452271,-0.353149,1.010742
-0.477539,-0.125732,0.733521
0.294556,-0.021362,1.096069
-0.036377,-0.336670,0.807739
-0.369873,0.170776,0.914795
0.470459,-0.344971,1.015869
-0.453125,-0.160522,0.734741
0.227417,0.019775,1.077515
0.020630,-0.361938,0.822388
-0.425537,0.163330,0.890625
0.472778,-0.322754,1.020142
-0.446411,-0.199463,0.730469
0.166382,0.045654,1.063232
0.075806,-0.382690,0.832642
-0.475220,0.171143,0.870972
0.470581,-0.301392,1.026001
-0.422852,-0.226196,0.735474
0.094360,0.066895,1.048462
0.126221,-0.395752,0.838257
-0.500366,0.141357,0.841064
0.467407,-0.278564,1.021851
-0.364868,-0.211670,0.758423
0.034302,0.091919,1.034180
0.176636,-0.420898,0.842285
-0.525146,0.127075,0.815552
0.454102,-0.244019,1.030518
-0.311157,-0.249756,0.761353
-0.018433,0.102417,1.014160
0.219238,-0.416016,0.860352
-0.548218,0.096924,0.786011
0.438232,-0.216187,1.019409
-0.265747,-0.284302,0.742676
-0.080933,0.120117,0.989746
0.267578,-0.432129,0.874512
-0.569214,0.075073,0.766724
0.421631,-0.186401,1.030029
-0.238281,-0.282104,0.727783
-0.147095,0.136230,0.982910
0.296753,-0.413696,0.890869
-0.575806,0.045288,0.751343
0.400757,-0.169800,1.027344
-0.220825,-0.305298,0.717407
-0.205688,0.166016,0.967041
0.333374,-0.405884,0.912354
-0.582520,0.022949,0.740234
0.365723,-0.136841,1.025024
-0.195312,-0.302246,0.732544
-0.267212,0.175903,0.935425
0.360596,-0.393433,0.928101
-0.574707,-0.011108,0.737549
0.316650,-0.098999,1.031006
-0.160400,-0.341797,0.725952
-0.324829,0.184204,0.916870
0.396973,-0.391113,0.931641
-0.564331,-0.025269,0.728027
0.273560,-0.058594,1.021973
-0.126587,-0.353027,0.742065
-0.380371,0.194336,0.898071
0.409912,-0.369751,0.942627
-0.544556,-0.053833,0.720459
0.230469,-0.022705,1.023438
-0.087280,-0.376343,0.745361
-0.436523,0.214600,0.884155
0.426025,-0.352783,0.957642
-0.533569,-0.109497,0.700073
0.168823,0.019897,1.018921
-0.026978,-0.396118,0.759399
-0.487183,0.226074,0.871094
0.434937,-0.325195,0.968628
-0.501831,-0.126465,0.708130
0.121460,0.061035,1.020630
0.027100,-0.398926,0.784790
-0.516968,0.223267,0.848389
0.437012,-0.294312,0.977783
-0.440063,-0.159546,0.734741
0.075195,0.089111,1.019409
0.080078,-0.403809,0.798828
-0.545532,0.220703,0.830444
0.448975,-0.276978,0.984497
-0.380981,-0.191040,0.741455
0.032471,0.111694,1.022827
0.134644,-0.410767,0.822998
-0.572998,0.205078,0.811279
0.432617,-0.251587,0.986084
-0.327759,-0.219238,0.739502
-0.002319,0.121216,1.001099
0.186890,-0.400879,0.843018
-0.588745,0.188110,0.787598
0.435303,-0.225952,0.985107
-0.284912,-0.244751,0.734985
-0.062744,0.142334,0.981812
0.239014,-0.403687,0.856201
-0.586304,0.162354,0.779419
0.423706,-0.183838,0.991211
-0.247559,-0.283813,0.731445
-0.113525,0.160522,0.971313
0.285767,-0.396484,0.880371
-0.594849,0.143311,0.780518
0.414307,-0.163940,1.012817
-0.206787,-0.288208,0.735840
-0.156982,0.160645,0.948120
0.318115,-0.394653,0.893433
-0.590332,0.128540,0.761597
0.397827,-0.125122,1.012939
-0.163574,-0.314331,0.732544
-0.211914,0.171265,0.918457
0.356567,-0.391235,0.901611
-0.580444,0.109619,0.759888
0.369385,-0.105347,1.014526
-0.124634,-0.347900,0.723999
-0.261597,0.185913,0.911133
0.375732,-0.383057,0.906006
-0.573853,0.080322,0.752930
0.344482,-0.071655,1.005493
-0.092041,-0.358276,0.730713
-0.313599,0.197021,0.898071
0.406128,-0.388550,0.917358
-0.563599,0.015259,0.728271
0.301270,-0.031982,1.008301
-0.055664,-0.365601,0.740479
-0.351807,0.200073,0.886841
0.420654,-0.374268,0.931152
-0.552124,-0.033203,0.710449
0.248901,-0.005615,1.000977
-0.024170,-0.364258,0.757202
-0.391479,0.216553,0.876709
0.435913,-0.342163,0.951660
-0.527710,-0.091431,0.712524
0.198486,0.021240,1.002808
0.011841,-0.387817,0.768311
-0.425537,0.219360,0.860474
0.468506,-0.319580,0.957520
-0.492432,-0.102539,0.728760
0.148315,0.043335,1.012085
0.052734,-0.396362,0.780640
-0.468994,0.233154,0.851562
0.482788,-0.305176,0.975220
-0.454834,-0.128784,0.747559
0.107422,0.079224,1.009277
0.084473,-0.427002,0.779053
-0.497925,0.214355,0.825684
0.484741,-0.274292,0.991455
-0.406738,-0.145874,0.768677
0.062378,0.096436,1.004761
0.127563,-0.428833,0.801880
-0.520874,0.184326,0.804810
0.483643,-0.263672,0.997559
-0.359863,-0.157104,0.776001
0.021362,0.115967,1.002686
0.177368,-0.447876,0.814087
-0.541138,0.159912,0.788696
0.479614,-0.232910,1.006348
-0.311279,-0.159912,0.783936
-0.013550,0.143555,0.997803
0.214722,-0.463623,0.824707
-0.565063,0.141968,0.767578
0.477173,-0.217407,1.015991
-0.272217,-0.177002,0.788452
-0.058228,0.159058,0.989380
0.250732,-0.451416,0.852295
-0.560547,0.109985,0.756592
0.471436,-0.213745,1.012939
-0.233276,-0.198120,0.795532
-0.082275,0.169556,0.994385
0.280029,-0.461060,0.865112
-0.567261,0.092163,0.750977
0.452759,-0.211182,1.008667
-0.189209,-0.218506,0.803833
-0.108276,0.171753,0.981079
0.305542,-0.450562,0.877930
-0.575806,0.093628,0.760498
0.439575,-0.208984,1.010376
-0.158447,-0.251221,0.801758
-0.124756,0.182617,0.979614
0.333252,-0.431396,0.898438
-0.568481,0.089966,0.774170
0.425293,-0.200928,1.007080
-0.124756,-0.296875,0.802124
-0.151978,0.186279,0.977417
0.361084,-0.432617,0.907349
-0.557983,0.076782,0.776611
0.412720,-0.182495,1.004639
-0.102295,-0.323364,0.792725
-0.173218,0.177612,0.969604
0.380249,-0.417847,0.922241
-0.554321,0.052979,0.773438
0.396118,-0.167236,1.007568
-0.068237,-0.363037,0.790161
-0.199219,0.175781,0.953003
0.405640,-0.421265,0.932983
-0.540161,0.028320,0.763794
0.378052,-0.148193,1.012329
-0.041138,-0.387817,0.789673
-0.229492,0.171387,0.937256
0.420654,-0.419556,0.935303
-0.515259,-0.021606,0.759766
0.350586,-0.124756,1.008789
-0.013794,-0.401855,0.779907
-0.251587,0.158936,0.920898
0.445923,-0.419067,0.953735
-0.507446,-0.040649,0.763916
0.325195,-0.098633,1.023193
0.021362,-0.411499,0.788208
-0.270752,0.140381,0.911743
0.458496,-0.403320,0.963867
-0.488770,-0.088989,0.751343
0.300415,-0.074097,1.019775
0.042358,-0.425415,0.781372
-0.294434,0.152588,0.904541
0.483032,-0.402710,0.976807
-0.477295,-0.104614,0.755249
0.269775,-0.047241,1.024780
0.062988,-0.433472,0.794067
-0.319946,0.140991,0.887451
0.502075,-0.384399,0.993530
-0.464722,-0.124023,0.748413
0.241455,-0.025269,1.026489
0.087280,-0.428955,0.803589
-0.330078,0.133057,0.887085
0.501221,-0.380249,0.996948
-0.449097,-0.137573,0.751343
0.219849,-0.007324,1.035278
0.112305,-0.419189,0.820557
-0.358765,0.154785,0.898193
0.520020,-0.355225,1.019775
-0.417480,-0.175171,0.756592
0.188721,0.011963,1.032837
0.146240,-0.431152,0.836182
-0.378540,0.142212,0.875244
0.538940,-0.341309,1.036621
-0.384766,-0.174194,0.775391
0.154175,0.041748,1.040039
0.188721,-0.450684,0.853149
-0.396240,0.116455,0.849976
0.543457,-0.319214,1.045776
-0.346802,-0.192505,0.787109
0.124268,0.070801,1.047607
0.224487,-0.456909,0.867432
-0.408325,0.086670,0.836426
0.541992,-0.302734,1.055542
-0.319702,-0.205444,0.797241
0.095825,0.089355,1.053223
0.265625,-0.458618,0.892090
-0.416504,0.071289,0.827759
0.543701,-0.281738,1.067017
-0.279541,-0.220703,0.821167
0.070435,0.101685,1.058350
0.307251,-0.464844,0.912842
-0.431152,0.059082,0.816528
0.527710,-0.250488,1.077881
-0.236572,-0.229370,0.835693
0.050415,0.132202,1.077271
0.327271,-0.459961,0.924438
-0.449463,0.083618,0.833130
0.534424,-0.227173,1.093750
-0.208252,-0.208374,0.845825
0.029785,0.149658,1.085449
0.364624,-0.454468,0.953125
-0.455078,0.081055,0.837402
0.524780,-0.205933,1.102905
-0.175537,-0.221558,0.851074
0.005737,0.167114,1.089111
0.396729,-0.448975,0.967041
-0.461548,0.083496,0.837524
0.519775,-0.183350,1.107300
-0.149292,-0.229736,0.867798
-0.007080,0.177124,1.089355
0.414307,-0.432129,0.988403
-0.456665,0.071655,0.850464
0.515503,-0.174194,1.115601
-0.115967,-0.249023,0.867554
-0.029053,0.178467,1.083008
0.433472,-0.426514,0.997314
-0.455811,0.056641,0.846191
0.511475,-0.145142,1.130127
-0.093628,-0.270142,0.875732
-0.046265,0.187378,1.087036
0.449463,-0.415771,1.011719
-0.447632,0.028931,0.849609
0.508545,-0.132935,1.143066
-0.062378,-0.296997,0.887085
-0.061890,0.182251,1.087036
0.457031,-0.404175,1.023682
-0.436157,0.037231,0.851685
0.518921,-0.116333,1.152832
-0.036377,-0.303223,0.891602
-0.079590,0.189087,1.072510
0.465088,-0.397827,1.028931
-0.429932,0.017090,0.845459
0.508545,-0.104858,1.162476
-0.014038,-0.306030,0.904907
-0.081787,0.174683,1.074829
0.471558,-0.387451,1.028809
-0.434326,0.011230,0.844482
0.505371,-0.096191,1.165405
0.001465,-0.312500,0.900635
-0.088989,0.186768,1.080688
0.475342,-0.380859,1.031860
-0.432251,0.008179,0.846802
0.506592,-0.087402,1.168335
0.007446,-0.310303,0.900024
-0.107544,0.193604,1.071655
0.472656,-0.360962,1.051514
-0.434937,0.001465,0.847900
0.490234,-0.081055,1.169556
-0.006104,-0.318604,0.885010
-0.119873,0.200073,1.078125
0.487183,-0.347290,1.063232
-0.435547,-0.013672,0.836182
0.476807,-0.061401,1.174194
0.003540,-0.325317,0.882812
-0.145874,0.211060,1.082886
0.506714,-0.337280,1.072388
-0.439209,-0.026978,0.826538
0.450562,-0.035156,1.169312
0.026367,-0.330200,0.884766
-0.181519,0.213623,1.066284
0.522217,-0.329346,1.084106
-0.448364,-0.058594,0.802002
0.421387,-0.024658,1.162109
0.049561,-0.334229,0.888184
-0.224731,0.209106,1.041138
0.546509,-0.318604,1.103638
-0.429810,-0.107544,0.781860
0.366333,0.005981,1.155273
0.090698,-0.325806,0.908569
-0.265869,0.212158,1.022583
0.565430,-0.312134,1.112549
-0.406250,-0.155273,0.796143
0.308472,0.013184,1.134155
0.135986,-0.347900,0.911865
-0.307617,0.179810,0.964844
0.578735,-0.286987,1.121460
-0.361694,-0.207397,0.787109
0.234741,0.047119,1.123169
0.176636,-0.385864,0.909424
-0.348999,0.125977,0.926636
0.575562,-0.262817,1.119141
-0.313232,-0.238037,0.806885
0.157349,0.087036,1.103149
0.232910,-0.394897,0.925415
-0.405151,0.113525,0.890503
0.560303,-0.231079,1.124268
-0.270752,-0.258057,0.813599
0.075562,0.114014,1.088989
0.274536,-0.383911,0.939819
-0.428711,0.062134,0.858887
0.542358,-0.203247,1.120728
-0.198608,-0.299072,0.818115
-0.082397,0.194092,1.088867
0.318115,-0.380981,0.952759
-0.428467,-0.005127,0.845337
0.485352,-0.078857,1.168945
-0.010742,-0.325928,0.877075
-0.152222,0.218140,1.066650
0.493530,-0.324707,1.069214
-0.428833,-0.053955,0.822021
0.428711,-0.039917,1.167480
0.037231,-0.332153,0.886353
-0.227905,0.219482,1.042358
0.528931,-0.298096,1.092163
-0.406250,-0.108643,0.798096
0.359863,0.001831,1.148193
0.098877,-0.328125,0.912598
-0.282471,0.176392,0.985107
0.554565,-0.288208,1.104736
-0.361206,-0.182007,0.798096
0.277588,0.043701,1.135376
0.162842,-0.383545,0.912476
-0.339111,0.132446,0.927124
0.564453,-0.276611,1.110229
-0.309204,-0.226318,0.816162
0.173462,0.087158,1.115112
0.230469,-0.388916,0.930298
-0.387451,0.107666,0.893188
0.555542,-0.234741,1.110962
-0.271362,-0.247681,0.827759
0.095093,0.109619,1.091187
0.291382,-0.395874,0.942017
-0.420654,0.069702,0.855225
0.531372,-0.191772,1.114990
-0.193115,-0.273804,0.832275
0.015015,0.119751,1.073853
0.335205,-0.375610,0.958496
-0.448853,0.035767,0.826904
0.504639,-0.146362,1.127075
-0.132202,-0.319214,0.808472
-0.062622,0.146851,1.051880
0.374146,-0.363281,0.976685
-0.476929,0.005981,0.807495
0.474731,-0.126221,1.128418
-0.119019,-0.313965,0.800049
-0.151733,0.184326,1.041504
0.429321,-0.356567,1.008789
-0.477661,-0.034424,0.792725
0.414307,-0.080933,1.130493
-0.083130,-0.309570,0.813843
-0.241943,0.195679,1.011719
0.470947,-0.340088,1.037231
-0.472168,-0.086548,0.770020
0.342041,-0.027832,1.116455
-0.032104,-0.325928,0.826660
-0.310303,0.154907,0.939575
0.488403,-0.320435,1.045166
-0.434448,-0.155640,0.758301
0.264893,0.009399,1.103638
0.041016,-0.369263,0.840454
-0.385986,0.163696,0.904053
0.485229,-0.295654,1.047607
-0.401123,-0.215088,0.750122
0.177124,0.065308,1.085327
0.115723,-0.365723,0.867554
-0.444702,0.127319,0.865845
0.490845,-0.277222,1.052368
-0.377930,-0.232056,0.756226
0.091187,0.072510,1.059204
0.174561,-0.387329,0.865723
-0.477783,0.106079,0.835205
0.487061,-0.256470,1.053833
-0.299683,-0.277466,0.767456
0.005981,0.099487,1.028198
0.231812,-0.395752,0.875610
-0.507812,0.080688,0.806641
0.470703,-0.216431,1.062500
-0.239380,-0.312378,0.750977
-0.087769,0.124146,1.001099
0.289551,-0.406494,0.896118
-0.531494,0.031372,0.769653
0.442017,-0.182251,1.055908
-0.202881,-0.302002,0.744873
-0.201050,0.160522,0.976318
0.345703,-0.381470,0.933472
-0.539429,-0.020752,0.747925
0.376221,-0.117432,1.064575
-0.160522,-0.314941,0.757324
-0.290039,0.166260,0.940796
0.392090,-0.374146,0.956665
-0.535645,-0.057373,0.725342
0.310425,-0.068848,1.050049
-0.104370,-0.313599,0.781372
-0.365112,0.182129,0.911987
0.419800,-0.348877,0.966797
-0.513916,-0.121460,0.708862
0.218018,-0.015991,1.041992
-0.034546,-0.363159,0.788940
-0.438599,0.181885,0.885498
0.435181,-0.313965,0.999390
-0.498291,-0.155273,0.705933
0.123901,0.046021,1.030884
0.044312,-0.405029,0.806519
-0.500000,0.168579,0.848389
0.446289,-0.284424,1.001465
-0.420654,-0.170532,0.745972
0.054932,0.092651,1.033813
0.119019,-0.426270,0.814331
-0.539429,0.147949,0.814941
0.447632,-0.271484,0.996582
-0.357300,-0.196411,0.752319
-0.007446,0.107788,1.006958
0.176636,-0.435791,0.831787
-0.567749,0.135010,0.795898
0.435059,-0.226318,1.005127
-0.307007,-0.251343,0.722534
-0.062988,0.133545,0.995728
0.227905,-0.429321,0.852539
-0.593384,0.111572,0.769653
0.419800,-0.207031,1.012451
-0.261353,-0.275757,0.719727
-0.118896,0.153442,0.982300
0.267822,-0.424561,0.867310
-0.601074,0.101318,0.761108
0.408691,-0.192749,1.004761
-0.233276,-0.290771,0.713745
-0.176514,0.180298,0.970825
0.317505,-0.411987,0.883911
-0.597534,0.080566,0.752319
0.380737,-0.162354,1.006714
-0.198120,-0.328003,0.704834
-0.222900,0.172607,0.937988
0.344849,-0.387573,0.907227
-0.590942,0.058228,0.746216
0.343872,-0.117676,1.012329
-0.165039,-0.356812,0.709717
-0.276123,0.180054,0.914185
0.372314,-0.368530,0.911621
-0.576660,0.036133,0.729980
0.304321,-0.071167,1.011353
-0.116699,-0.381104,0.722046
-0.337158,0.188477,0.888794
0.394409,-0.349854,0.929932
-0.560913,-0.010864,0.717651
0.251343,-0.026001,1.009766
-0.074097,-0.405396,0.731934
-0.406982,0.208862,0.880737
0.408569,-0.326782,0.938599
-0.542847,-0.047485,0.701660
0.200317,0.018555,1.006958
-0.023071,-0.384888,0.770874
-0.466919,0.214966,0.867432
0.428589,-0.309814,0.965454
-0.492432,-0.094971,0.721069
0.125732,0.079102,1.014038
0.051392,-0.384888,0.790771
-0.512451,0.216431,0.849365
0.438843,-0.270996,0.972168
-0.435303,-0.140137,0.730835
0.072632,0.109253,1.019531
0.124146,-0.402954,0.811035
-0.553345,0.205322,0.826294
0.443359,-0.240601,0.987305
-0.350342,-0.206055,0.731079
0.002930,0.143066,1.005005
0.195557,-0.403442,0.846680
-0.583252,0.189941,0.796021
0.441895,-0.212158,0.997192
-0.260010,-0.253906,0.735840
-0.073975,0.169434,0.985840
0.269653,-0.395752,0.872070
-0.592041,0.163940,0.784180
0.419312,-0.182373,0.993530
-0.187012,-0.309692,0.739380
-0.150635,0.178589,0.947388
0.328735,-0.386230,0.898315
-0.590210,0.114746,0.756836
0.380127,-0.125732,0.995728
-0.113403,-0.358154,0.733521
-0.242065,0.180420,0.912720
0.378418,-0.370361,0.915649
-0.561768,0.036499,0.741211
0.315796,-0.063477,1.002930
-0.068115,-0.382446,0.736450
-0.326172,0.177124,0.873657
0.421753,-0.335815,0.942993
-0.533325,-0.039673,0.723145
0.221069,-0.002075,0.996460
-0.005737,-0.393677,0.758911
-0.410400,0.187622,0.860229
0.446533,-0.308105,0.962402
-0.471191,-0.096313,0.746094
0.142456,0.053467,1.010132
0.072510,-0.394165,0.793823
-0.490112,0.197510,0.825806
0.462891,-0.279541,0.972534
-0.389893,-0.155273,0.754761
0.052124,0.117798,1.021118
0.161255,-0.404541,0.833618
-0.548218,0.169800,0.784058
0.458862,-0.244385,0.986938
-0.276001,-0.193726,0.777344
-0.038208,0.161499,0.997192
0.252441,-0.420166,0.868286
-0.582520,0.129517,0.761841
0.442627,-0.202881,1.001587
-0.170044,-0.283813,0.771484
-0.142334,0.174316,0.958618
0.330811,-0.402954,0.897827
-0.567383,0.096191,0.769043
0.392090,-0.134399,1.014526
-0.079834,-0.354248,0.765747
-0.241699,0.171631,0.907837
0.394165,-0.388306,0.920654
-0.543579,-0.006470,0.748291
0.311157,-0.081543,0.991821
-0.017090,-0.408691,0.757568
-0.331177,0.156982,0.865723
0.437378,-0.354004,0.950195
-0.491333,-0.077148,0.746826
0.207886,-0.008545,0.998901
0.040039,-0.414917,0.761230
-0.421265,0.147827,0.826782
0.466187,-0.332275,0.968506
-0.435913,-0.141724,0.754272
0.115601,0.059082,1.013184
0.113037,-0.419556,0.805176
-0.504272,0.126709,0.785034
0.467773,-0.284424,0.980713
-0.337158,-0.202026,0.764648
0.007568,0.128174,1.016724
0.222046,-0.448120,0.854858
-0.545410,0.097656,0.753296
0.463989,-0.241821,1.009766
-0.217407,-0.228149,0.798706
-0.104858,0.182007,0.990234
0.318481,-0.443237,0.896484
-0.552979,0.072021,0.767944
0.408081,-0.186768,1.013916
-0.096436,-0.322754,0.794434
-0.197021,0.184692,0.952881
0.401733,-0.426758,0.926392
-0.529053,-0.001953,0.760376
0.340088,-0.113403,1.004761
-0.010620,-0.390625,0.784912
-0.280273,0.141357,0.894043
0.453369,-0.384399,0.957886
-0.489258,-0.101318,0.748535
0.245728,-0.046143,1.000122
0.057129,-0.435791,0.773926
-0.357300,0.122437,0.843628
0.482300,-0.337769,0.982056
-0.436157,-0.149658,0.753540
0.140259,0.017944,1.011108
0.118164,-0.450317,0.798828
-0.435547,0.107544,0.804932
0.496704,-0.292969,1.009888
-0.359497,-0.189575,0.764404
0.043579,0.100098,1.017822
0.229248,-0.476440,0.842529
-0.484863,0.057007,0.760864
0.484253,-0.275635,1.022461
-0.261353,-0.216553,0.794312
-0.054443,0.158813,1.018433
0.320557,-0.480469,0.893921
-0.519653,0.061157,0.774902
0.447998,-0.206055,1.035645
-0.142212,-0.282959,0.810547
-0.134155,0.190186,1.012207
0.394775,-0.454712,0.934326
-0.507690,0.025635,0.782715
0.398560,-0.153076,1.033325
-0.026978,-0.365234,0.813965
-0.209106,0.174683,0.968018
0.453003,-0.412964,0.974365
-0.476318,-0.052979,0.777954
0.325317,-0.089233,1.036255
0.052856,-0.414062,0.819580
-0.277222,0.128784,0.920288
0.492798,-0.364014,1.008179
-0.431885,-0.135010,0.781372
0.248657,-0.026978,1.039917
0.094482,-0.423950,0.828003
-0.345093,0.112305,0.878418
0.521729,-0.319580,1.038086
-0.384766,-0.162720,0.778320
0.165405,0.037720,1.052490
0.185425,-0.447998,0.857788
-0.397339,0.071167,0.828369
0.542969,-0.288574,1.055542
-0.317749,-0.197754,0.788818
0.077637,0.103516,1.041870
0.281860,-0.470703,0.891357
-0.441040,0.041870,0.801270
0.512695,-0.248413,1.064453
-0.228149,-0.228027,0.822266
-0.002441,0.161133,1.059937
0.363403,-0.465698,0.931519
-0.475098,0.064209,0.814087
0.494629,-0.196411,1.082520
-0.137085,-0.254028,0.842651
-0.070312,0.202881,1.062256
0.417603,-0.426270,0.978882
-0.465942,0.033203,0.820190
0.456909,-0.139648,1.087891
-0.035889,-0.319702,0.850464
-0.134155,0.201172,1.046875
0.476196,-0.396973,1.018066
-0.449463,-0.032715,0.803955
0.414062,-0.093994,1.100342
0.051025,-0.378052,0.868530
-0.199097,0.188354,1.024536
0.522339,-0.354492,1.050171
-0.418091,-0.086182,0.794922
0.354004,-0.037354,1.101440
0.080566,-0.368530,0.875488
-0.258179,0.174072,0.992798
0.560913,-0.334106,1.084351
-0.387207,-0.127319,0.810913
0.288818,0.018799,1.102661
0.162231,-0.397705,0.905396
-0.318970,0.141724,0.939697
0.577148,-0.296997,1.107910
-0.332397,-0.188354,0.806396
0.207275,0.070923,1.100952
0.242310,-0.411621,0.934448
-0.355347,0.096802,0.885010
0.573364,-0.261719,1.106689
-0.272583,-0.217041,0.831055
0.131592,0.115845,1.096558
0.323242,-0.432251,0.960205
-0.399170,0.085693,0.861084
0.559448,-0.215088,1.125366
-0.204346,-0.232300,0.850708
0.056519,0.159302,1.101196
0.385498,-0.422241,0.989868
-0.430420,0.080688,0.858276
0.539917,-0.168823,1.131958
-0.135742,-0.253662,0.869995
-0.016724,0.195801,1.101318
0.436157,-0.404297,1.016113
-0.437378,0.039673,0.856812
0.513916,-0.124878,1.147217
-0.022583,-0.301270,0.891602
-0.088257,0.217896,1.093018
0.474731,-0.377319,1.036377
-0.424072,-0.012085,0.845337
0.483521,-0.092285,1.157593
0.020020,-0.330811,0.887207
-0.145264,0.217285,1.070801
0.516724,-0.328979,1.068481
-0.412109,-0.061890,0.832642
0.426636,-0.037964,1.167114
0.049927,-0.353027,0.900513
-0.217651,0.210815,1.047729
0.555054,-0.292725,1.115601
-0.377319,-0.117554,0.816895
0.362305,0.011597,1.155029
0.113525,-0.365234,0.917114
-0.279419,0.171631,0.989380
0.575562,-0.272095,1.129883
-0.332642,-0.167114,0.820312
0.281982,0.062622,1.154297
0.187866,-0.400635,0.924561
-0.328979,0.121582,0.930420
0.584351,-0.266357,1.130371
-0.284058,-0.205933,0.834961
0.200073,0.099609,1.130737
0.263916,-0.405396,0.955322
-0.384521,0.100708,0.889771
0.580811,-0.245605,1.125000
-0.248413,-0.234131,0.848022
0.120361,0.131226,1.116699
0.324951,-0.387573,0.975220
-0.421509,0.090942,0.867798
0.559814,-0.189087,1.141113
-0.180908,-0.266602,0.853149
0.037109,0.167480,1.111938
0.375244,-0.390991,0.985962
-0.434937,0.052368,0.860962
0.534424,-0.165283,1.141724
-0.087891,-0.322144,0.849731
-0.031616,0.168213,1.080566
0.406494,-0.344971,1.015747
-0.439575,0.003784,0.836304
0.497314,-0.121338,1.147095
-0.064575,-0.338379,0.838379
-0.110962,0.191162,1.069824
0.451538,-0.332275,1.040405
-0.455444,-0.026123,0.815796
0.445068,-0.069824,1.156860
-0.038208,-0.331299,0.844238
-0.200806,0.200195,1.037354
0.493408,-0.309448,1.070312
-0.443237,-0.069824,0.798340
0.382568,-0.023193,1.155273
0.012817,-0.332397,0.854126
-0.276245,0.177612,0.982422
0.520996,-0.299438,1.078369
-0.407837,-0.135742,0.776123
0.296753,0.010254,1.128174
0.068481,-0.350708,0.871094
-0.339966,0.153931,0.932251
0.528931,-0.292969,1.074585
-0.364136,-0.212524,0.780396
0.214844,0.056152,1.121094
0.139771,-0.381592,0.880859
-0.402832,0.126831,0.891846
0.527344,-0.254395,1.093384
-0.340698,-0.233887,0.776367
0.139282,0.091431,1.100586
0.200073,-0.389648,0.909790
-0.448486,0.111450,0.855225
0.525513,-0.241943,1.084106
-0.288086,-0.254150,0.793579
0.050659,0.110840,1.071655
0.256714,-0.388184,0.914307
-0.476807,0.067505,0.832397
0.498413,-0.217773,1.086060
-0.212158,-0.299194,0.784790
-0.026855,0.135376,1.045654
0.301880,-0.383911,0.919800
-0.496704,0.039307,0.802979
0.475952,-0.179443,1.085571
-0.179199,-0.319214,0.760498
-0.101318,0.147583,1.022461
0.346680,-0.369873,0.944824
-0.509888,0.008545,0.785767
0.438721,-0.150757,1.080933
-0.161743,-0.320190,0.764038
-0.194458,0.177002,1.001587
0.391113,-0.352173,0.972900
-0.514404,-0.040649,0.766357
0.380981,-0.100586,1.090454
-0.133911,-0.307983,0.779541
-0.270020,0.176270,0.959473
0.424683,-0.346802,0.998901
-0.508301,-0.079834,0.742798
0.310791,-0.064819,1.076538
-0.087158,-0.327393,0.785156
-0.340820,0.160889,0.924683
0.445923,-0.337158,0.998047
-0.484619,-0.129517,0.728638
0.248535,-0.018188,1.076660
-0.022217,-0.364624,0.802490
-0.418701,0.177002,0.890503
0.446411,-0.316406,1.008423
-0.463501,-0.171265,0.724365
0.172363,0.027954,1.053833
0.045898,-0.390259,0.816040
-0.482666,0.172852,0.862915
0.457031,-0.297241,1.014038
-0.436890,-0.190186,0.743286
0.096924,0.061646,1.040771
0.112427,-0.403320,0.829224
-0.519287,0.147705,0.833984
0.456787,-0.272705,1.008545
-0.359619,-0.213135,0.759155
0.026367,0.098633,1.029053
0.171997,-0.404663,0.841187
-0.551147,0.117188,0.792969
0.440430,-0.249512,1.003540
-0.298096,-0.270020,0.736694
-0.048584,0.128296,1.005127
0.233276,-0.416748,0.863525
-0.575195,0.098755,0.775391
0.427612,-0.214844,1.017334
-0.253052,-0.294922,0.717163
-0.134888,0.150146,0.989258
0.293457,-0.406494,0.898071
-0.585083,0.067993,0.760254
0.396362,-0.177734,1.020996
-0.214111,-0.315063,0.719971
-0.225220,0.168457,0.960449
0.349365,-0.390991,0.920044
-0.583862,0.018555,0.744019
0.342285,-0.123047,1.020752
-0.170776,-0.338745,0.721191
-0.296265,0.169678,0.918091
0.379761,-0.373535,0.936157
-0.563965,-0.032959,0.716431
0.282593,-0.063965,1.028931
-0.123169,-0.375000,0.732422
-0.386353,0.195068,0.888428
0.409058,-0.350220,0.952393
-0.532227,-0.069336,0.715332
0.205933,-0.002441,1.016479
-0.054321,-0.382324,0.762817
-0.457886,0.204224,0.873047
0.430420,-0.316772,0.974487
-0.504028,-0.109131,0.721191
0.125732,0.050659,1.024292
0.021606,-0.399902,0.778564
-0.515259,0.209229,0.855347
0.438599,-0.296631,0.979980
-0.434326,-0.148071,0.741333
0.062744,0.102173,1.021362
0.106689,-0.400269,0.809692
-0.560303,0.202148,0.821777
0.434937,-0.262573,0.987061
-0.349976,-0.205811,0.740479
-0.000977,0.139038,1.016602
0.183472,-0.415771,0.839478
-0.593872,0.169556,0.786133
0.432617,-0.234619,0.992920
-0.282227,-0.275024,0.718262
-0.074951,0.161133,0.986572
0.249756,-0.406616,0.863037
-0.614868,0.148193,0.769287
0.416260,-0.193726,0.999634
-0.218994,-0.323730,0.714111
-0.149292,0.180298,0.969971
0.312500,-0.395020,0.885254
-0.612671,0.121704,0.754639
0.391968,-0.156616,0.996704
-0.178223,-0.335571,0.715698
-0.226440,0.190796,0.939941
0.363037,-0.393555,0.899170
-0.594238,0.082397,0.750977
0.344727,-0.104858,1.006836
-0.129517,-0.357788,0.715454
-0.293701,0.205811,0.913818
0.397949,-0.375488,0.920288
-0.576538,0.024902,0.733398
0.283569,-0.054077,0.993286
-0.087524,-0.361694,0.731201
-0.353638,0.203491,0.897217
0.422241,-0.348999,0.942749
-0.550781,-0.034546,0.715210
0.219116,-0.005737,0.994507
-0.045166,-0.382080,0.744141
-0.406738,0.194702,0.868164
0.436523,-0.311523,0.963623
-0.500122,-0.083496,0.735718
0.157715,0.032959,1.001099
0.004150,-0.374634,0.764282
-0.465332,0.208252,0.852539
0.455322,-0.286499,0.974121
-0.437012,-0.104736,0.764038
0.102661,0.081787,1.012573
0.068604,-0.380005,0.795532
-0.512817,0.209229,0.830200
0.456299,-0.259033,0.981567
-0.372437,-0.150269,0.768799
0.053589,0.103882,1.011597
0.135498,-0.390137,0.812988
-0.554199,0.198120,0.797974
0.463867,-0.241333,0.992676
-0.296509,-0.200562,0.762207
-0.018921,0.154907,1.008911
0.210327,-0.409424,0.840088
-0.576538,0.166016,0.773193
0.454468,-0.208862,0.995117
-0.235840,-0.245850,0.759155
-0.076294,0.170532,0.979980
0.276611,-0.415405,0.868408
-0.595703,0.141968,0.768677
0.427856,-0.177612,1.002563
-0.161377,-0.293823,0.766602
-0.143433,0.188232,0.961548
0.332520,-0.403564,0.897949
-0.590210,0.116455,0.766846
0.393921,-0.133057,1.013184
-0.108154,-0.345337,0.758545
-0.204346,0.187744,0.931274
0.375488,-0.390137,0.914062
-0.568604,0.068970,0.756226
0.347900,-0.086182,0.998047
-0.057007,-0.374390,0.755737
-0.270142,0.174316,0.891235
0.404907,-0.382690,0.928223
-0.547485,-0.003906,0.733887
0.289429,-0.052490,0.997070
-0.027100,-0.399292,0.747437
-0.325806,0.168457,0.874634
0.440308,-0.362305,0.944580
-0.529175,-0.049561,0.729492
0.230103,-0.014282,0.990356
0.017090,-0.408447,0.751587
-0.385254,0.175293,0.851318
0.459106,-0.344360,0.956299
-0.490845,-0.096802,0.738159
0.177856,0.020996,0.999878
0.053467,-0.412598,0.772583
-0.446045,0.164795,0.827393
0.471069,-0.329590,0.972534
-0.438843,-0.135254,0.753540
0.122559,0.065430,1.007446
0.103027,-0.425659,0.792603
-0.488892,0.156372,0.798340
0.483765,-0.311157,0.985962
-0.384033,-0.165894,0.764526
0.057373,0.103882,1.013550
0.171631,-0.444092,0.818848
-0.525879,0.136230,0.782104
0.483765,-0.298828,0.982788
-0.318604,-0.198486,0.772339
-0.007690,0.119507,1.001465
0.231689,-0.446289,0.844116
-0.540283,0.107300,0.750122
0.479614,-0.272949,0.999512
-0.245117,-0.209473,0.799438
-0.066772,0.150146,0.991333
0.288208,-0.451904,0.866577
-0.552002,0.092041,0.765747
0.452393,-0.218872,1.011353
-0.172119,-0.254395,0.813110
-0.125366,0.157959,0.978271
0.330933,-0.445679,0.887695
-0.548340,0.075684,0.772461
0.421021,-0.173462,1.029663
-0.102661,-0.306885,0.803955
-0.178467,0.166626,0.962158
0.379639,-0.450073,0.915771
-0.533569,0.032471,0.760132
0.278076,-0.040771,0.996948
-0.011719,-0.402100,0.750122
-0.338867,0.170532,0.863525
0.443237,-0.359863,0.948120
-0.517090,-0.072876,0.724365
0.220459,-0.007080,1.001587
0.024536,-0.419434,0.765259
-0.391479,0.169189,0.847534
0.458862,-0.341919,0.957275
-0.481567,-0.100342,0.740234
0.173340,0.022461,1.000366
0.057251,-0.421875,0.777710
-0.438965,0.159180,0.820557
0.473511,-0.319946,0.970093
-0.442139,-0.133301,0.755249
0.122559,0.059570,1.012207
0.111694,-0.434692,0.792114
-0.489502,0.157715,0.802124
0.480225,-0.309082,0.984863
-0.388550,-0.153809,0.767212
0.067627,0.086426,1.010254
0.163696,-0.444458,0.815552
-0.517944,0.143555,0.780273
0.492432,-0.288330,0.991089
-0.337158,-0.181152,0.783325
0.013794,0.114990,1.010132
0.222412,-0.466431,0.830933
-0.536377,0.108032,0.761719
0.478882,-0.273560,0.996338
-0.283936,-0.227051,0.778442
-0.035645,0.127686,1.001221
0.272705,-0.466064,0.867676
-0.548706,0.086182,0.761963
0.465332,-0.232300,1.012817
-0.213135,-0.221191,0.808228
-0.080933,0.146973,0.988281
0.310059,-0.455811,0.880493
-0.549561,0.086548,0.765625
0.447632,-0.215088,1.015137
-0.162231,-0.268799,0.811279
-0.129639,0.155396,0.982666
0.349609,-0.459473,0.911499
-0.535522,0.074219,0.779907
0.420776,-0.184937,1.023560
-0.114136,-0.293579,0.816528
-0.155151,0.154175,0.969482
0.382935,-0.448853,0.922607
-0.531860,0.047119,0.778564
0.390747,-0.147583,1.025879
-0.068115,-0.329712,0.809692
-0.182251,0.142944,0.959839
0.407837,-0.437378,0.939697
-0.521240,0.004883,0.768677
0.377197,-0.125244,1.026001
-0.030151,-0.377319,0.800537
-0.221191,0.140625,0.942871
0.440063,-0.427734,0.957153
-0.498901,-0.040771,0.759766
0.350830,-0.090332,1.035767
0.000854,-0.385254,0.799438
-0.245850,0.134521,0.929321
0.465454,-0.421875,0.967773
-0.494141,-0.065552,0.755981
0.320923,-0.066772,1.046143
0.036865,-0.416992,0.812012
-0.277466,0.142090,0.922729
0.486694,-0.411011,0.984619
-0.469482,-0.093262,0.764282
0.295410,-0.049194,1.039673
0.063721,-0.417847,0.817261
-0.300293,0.140625,0.909912
0.515137,-0.402466,1.007568
-0.445557,-0.113770,0.770386
0.275757,-0.026001,1.051147
0.074585,-0.416382,0.819092
-0.318848,0.145752,0.911255
0.525513,-0.388672,1.009399
-0.423218,-0.128906,0.766968
0.252075,-0.006958,1.045166
0.096802,-0.419067,0.828491
-0.343262,0.156860,0.908691
0.539307,-0.380615,1.026611
-0.407837,-0.137207,0.773438
0.236084,0.016479,1.055420
0.122314,-0.416260,0.839478
-0.366943,0.160278,0.903076
0.556763,-0.363647,1.043701
-0.388062,-0.171509,0.776245
0.212891,0.035767,1.066528
0.165771,-0.419922,0.871216
-0.378784,0.141968,0.893311
0.557983,-0.348389,1.047852
-0.358276,-0.181641,0.789795
0.184082,0.052124,1.064575
0.198364,-0.425293,0.880981
-0.386108,0.118164,0.869507
0.563110,-0.328003,1.057861
-0.336304,-0.197998,0.792603
0.166382,0.071533,1.075684
0.234375,-0.433960,0.901245
-0.404053,0.099487,0.852417
0.557983,-0.313599,1.066528
-0.296509,-0.222778,0.815430
0.138184,0.097534,1.083618
0.275146,-0.449341,0.924683
-0.420044,0.084473,0.839111
0.549805,-0.293335,1.073975
-0.269531,-0.218750,0.828247
0.112427,0.117554,1.092407
0.313110,-0.444580,0.933105
-0.431274,0.085083,0.840332
0.552124,-0.260864,1.090210
-0.244385,-0.216187,0.833618
0.089111,0.140869,1.101562
0.346802,-0.453735,0.952026
-0.435669,0.082031,0.840820
0.536743,-0.237427,1.097778
-0.212524,-0.234619,0.844604
0.063232,0.152954,1.103149
0.382080,-0.443970,0.973145
-0.448730,0.087646,0.843628
0.532104,-0.217529,1.101685
-0.180908,-0.233643,0.855835
0.029907,0.175171,1.109253
0.402832,-0.414917,0.996826
-0.445312,0.080566,0.852417
0.526001,-0.182251,1.111084
-0.147339,-0.246948,0.865601
0.004761,0.186035,1.103027
0.435181,-0.412964,1.008301
-0.447510,0.054688,0.854370
0.517578,-0.153076,1.131104
-0.104248,-0.263428,0.876953
-0.034668,0.197144,1.099609
0.454956,-0.388794,1.033936
-0.434937,0.030762,0.853394
0.507812,-0.128052,1.141113
-0.043213,-0.297241,0.893555
-0.067383,0.187866,1.089478
0.478271,-0.377686,1.045410
-0.428955,-0.001587,0.848999
0.486694,-0.094971,1.154907
0.008789,-0.332397,0.887939
-0.100342,0.195801,1.074951
0.495972,-0.365845,1.056519
-0.413208,-0.023071,0.838745
0.468994,-0.063477,1.166870
0.007568,-0.330688,0.880737
-0.133545,0.205811,1.067139
0.519165,-0.346558,1.081543
-0.416138,-0.031372,0.839478
0.445801,-0.040283,1.176880
0.024048,-0.343872,0.879150
-0.175049,0.221436,1.060791
0.530151,-0.323608,1.092041
-0.408936,-0.058472,0.822144
0.423218,-0.009277,1.174927
0.039917,-0.357544,0.891479
-0.218872,0.220581,1.044189
0.552124,-0.327393,1.099609
-0.397339,-0.086060,0.818481
0.396362,0.010986,1.170532
0.064453,-0.354492,0.900269
-0.253052,0.206665,1.036133
0.570801,-0.325684,1.117310
-0.384521,-0.120728,0.814331
0.361206,0.025879,1.170044
0.097534,-0.350586,0.903076
-0.278564,0.201172,1.004517
0.578125,-0.309570,1.117188
-0.367554,-0.158325,0.804932
0.316406,0.052490,1.155640
0.138062,-0.379272,0.910767
-0.309326,0.166992,0.959717
0.572266,-0.302368,1.107910
-0.347168,-0.190674,0.809814
0.275513,0.061279,1.150391
0.168823,-0.369995,0.925293
-0.333984,0.144409,0.938721
0.574463,-0.295898,1.110718
-0.320923,-0.214478,0.818970
0.226929,0.082520,1.141968
0.206909,-0.388306,0.928955
-0.374512,0.138794,0.906738
0.569946,-0.271729,1.111328
-0.294434,-0.227539,0.820190
0.181030,0.103027,1.129395
0.245361,-0.402954,0.933838
-0.402710,0.130981,0.895752
0.558838,-0.255615,1.104492
-0.275146,-0.238770,0.824585
0.134155,0.113770,1.115967
0.278198,-0.397705,0.937866
-0.424683,0.106689,0.874268
0.540283,-0.233154,1.103394
-0.247559,-0.273438,0.820312
0.093262,0.118286,1.103271
0.302002,-0.385376,0.951294
-0.441528,0.081299,0.854980
0.528687,-0.196045,1.109131
-0.208496,-0.289917,0.813477
0.033813,0.121704,1.091797
0.328369,-0.376465,0.963135
-0.451660,0.060669,0.839966
0.509277,-0.188232,1.099609
-0.164917,-0.315552,0.814575
-0.009399,0.130371,1.070679
0.358765,-0.375000,0.970459
-0.469482,0.038086,0.824097
0.488892,-0.149658,1.118408
-0.145142,-0.326294,0.785034
-0.073486,0.146484,1.048096
0.384888,-0.362793,0.980347
-0.473389,0.016968,0.816650
0.463379,-0.131836,1.119019
-0.146118,-0.323975,0.790894
-0.146484,0.171509,1.034058
0.415649,-0.362427,0.996948
-0.480225,-0.014160,0.794434
0.424316,-0.091919,1.119141
-0.126099,-0.325684,0.789551
-0.217163,0.179199,1.005493
0.435303,-0.350830,1.014404
-0.474487,-0.036011,0.796143
0.391724,-0.062012,1.120972
-0.098999,-0.325928,0.795898
-0.282959,0.170410,0.962402
0.449585,-0.350952,1.008057
-0.465332,-0.077393,0.766113
0.345459,-0.026978,1.113647
-0.058472,-0.334717,0.803345
-0.333008,0.164185,0.926758
0.461914,-0.349731,1.006470
-0.451538,-0.124878,0.753662
0.283691,0.001343,1.107056
-0.007690,-0.336792,0.826904
-0.392334,0.178833,0.913208
0.459106,-0.328857,1.010498
-0.429199,-0.192749,0.734131
0.221191,0.029053,1.090576
0.047974,-0.360229,0.836060
-0.437012,0.155151,0.874023
0.462280,-0.306885,1.019409
-0.429199,-0.202148,0.732544
0.161377,0.051758,1.068481
0.104614,-0.376953,0.848389
-0.476440,0.150635,0.853149
0.460571,-0.289062,1.019653
-0.400024,-0.230103,0.743896
0.089478,0.072998,1.050903
0.153564,-0.391479,0.852661
-0.503296,0.133667,0.832642
0.456787,-0.274414,1.009644
-0.331177,-0.261475,0.748169
0.024170,0.090088,1.029785
0.194458,-0.400269,0.863037
-0.526611,0.110352,0.806519
0.457642,-0.255615,1.022583
-0.294434,-0.281372,0.747437
-0.039917,0.110107,1.011963
0.240967,-0.414429,0.878296
-0.550659,0.094238,0.790771
0.442505,-0.225464,1.023682
-0.257568,-0.309937,0.729004
-0.108765,0.143433,0.996704
0.280884,-0.413818,0.886108
-0.569824,0.072021,0.768799
0.423950,-0.197632,1.028809
-0.227417,-0.303345,0.724854
-0.185059,0.159424,0.977661
0.321777,-0.403076,0.903809
-0.569580,0.033691,0.760254
0.388672,-0.148193,1.039795
-0.206909,-0.299194,0.731812
-0.252930,0.163696,0.945312
0.347290,-0.399658,0.915283
-0.561890,0.001099,0.745850
0.344482,-0.114624,1.042236
-0.179688,-0.318481,0.737427
-0.299805,0.165039,0.922241
0.374634,-0.385010,0.926025
-0.560059,-0.031250,0.733032
0.297729,-0.072144,1.031860
-0.145752,-0.338745,0.747314
-0.355835,0.181152,0.909912
0.390747,-0.366699,0.946289
-0.546753,-0.064819,0.709839
0.254028,-0.037842,1.030762
-0.107178,-0.354248,0.755737
-0.404053,0.198853,0.889893
0.413208,-0.348877,0.958862
-0.541016,-0.090698,0.698975
0.197144,0.007446,1.030884
-0.053467,-0.369629,0.765747
-0.455444,0.208130,0.880005
0.429688,-0.341553,0.961182
-0.512085,-0.123047,0.711792
0.143188,0.049683,1.021118
-0.000244,-0.390625,0.776855
-0.499023,0.225464,0.864990
0.444092,-0.325439,0.970337
-0.467041,-0.138306,0.731934
0.094849,0.078857,1.024658
0.057861,-0.406494,0.793823
-0.539429,0.217651,0.846802
0.439209,-0.300293,0.974854
-0.411377,-0.159790,0.738647
0.063232,0.109863,1.033813
0.106689,-0.415161,0.803345
-0.569702,0.216553,0.816895
0.446777,-0.284058,0.971802
-0.369263,-0.207886,0.730347
0.027832,0.118286,1.020508
0.160645,-0.410767,0.821899
-0.586792,0.202026,0.797363
0.440186,-0.251343,0.980103
-0.321167,-0.225464,0.731079
-0.016479,0.142578,1.005371
0.209961,-0.407715,0.847046
-0.602539,0.184937,0.785889
0.426636,-0.230591,0.983032
-0.273071,-0.274780,0.725586
-0.069458,0.151489,0.983643
0.250488,-0.395264,0.871338
-0.606934,0.168701,0.771973
0.413086,-0.197510,0.982422
-0.236328,-0.290283,0.719727
-0.114380,0.161621,0.968384
0.285645,-0.390137,0.886719
-0.600708,0.143799,0.780518
0.397827,-0.165649,0.991455
-0.204102,-0.307983,0.715454
-0.163818,0.167114,0.942627
0.328491,-0.370850,0.893188
-0.586304,0.115723,0.766479
0.377319,-0.139282,1.003296
-0.175537,-0.326050,0.718872
-0.216797,0.173340,0.923828
0.359009,-0.382568,0.901611
-0.578491,0.102905,0.767334
0.356689,-0.100220,1.005371
-0.135132,-0.361816,0.717529
-0.269653,0.174683,0.906006
0.386230,-0.374756,0.916138
-0.560669,0.063599,0.751099
0.325317,-0.061646,1.008545
-0.103271,-0.364380,0.720825
-0.303467,0.182617,0.889404
0.402100,-0.363525,0.928101
-0.553101,0.028442,0.740112
0.292358,-0.036743,1.003418
-0.079224,-0.370483,0.733154
-0.344360,0.186768,0.870850
0.417725,-0.351562,0.936768
-0.534790,-0.016968,0.726196
0.261963,-0.004761,1.014038
-0.042969,-0.385986,0.739746
-0.388428,0.190430,0.862549
0.431763,-0.348145,0.944580
-0.518188,-0.043335,0.725098
0.211548,0.024170,1.012939
-0.010620,-0.388794,0.760498
-0.423706,0.200806,0.857910
0.439331,-0.336426,0.951172
-0.489624,-0.073364,0.741943
0.184570,0.046143,1.018433
0.026733,-0.388794,0.774902
-0.456909,0.202759,0.851440
0.444702,-0.322510,0.959473
-0.461182,-0.099121,0.742188
0.142212,0.072144,1.027832
0.068970,-0.398804,0.785767
-0.502930,0.218872,0.837402
0.459351,-0.302490,0.964722
-0.424561,-0.132080,0.749268
0.107666,0.099854,1.027344
0.111938,-0.395752,0.811890
-0.535034,0.207642,0.807495
0.467163,-0.296875,0.974731
-0.382690,-0.169434,0.752808
0.057129,0.133911,1.021606
0.165771,-0.406372,0.823608
-0.552979,0.190186,0.799072
0.469116,-0.271729,0.978149
-0.332764,-0.174683,0.767456
0.000977,0.144409,1.005127
0.217041,-0.413086,0.853638
-0.563354,0.165649,0.783081
0.468262,-0.241699,0.992188
-0.280396,-0.203003,0.766235
-0.050171,0.160645,0.992065
0.267212,-0.427490,0.862549
-0.567871,0.133423,0.772095
0.454224,-0.212402,1.001221
-0.211914,-0.257080,0.772461
-0.101196,0.168823,0.978149
0.303223,-0.434814,0.876465
-0.569458,0.128418,0.778564
0.433960,-0.176514,1.020508
-0.165161,-0.266846,0.789185
-0.139648,0.161255,0.944580
0.328735,-0.422974,0.891113
-0.566284,0.099854,0.774658
0.414185,-0.142334,1.028564
-0.119873,-0.308472,0.784912
-0.176636,0.161621,0.941040
0.355347,-0.428467,0.897339
-0.550049,0.081787,0.779175
0.398804,-0.129883,1.019043
-0.081055,-0.341919,0.782227
-0.222778,0.156738,0.917236
0.391235,-0.421875,0.912842
-0.541626,0.024292,0.753052
0.359497,-0.119263,1.000366
-0.035889,-0.373047,0.782104
-0.260376,0.154907,0.902100
0.416138,-0.422363,0.918945
-0.526367,-0.014282,0.755371
0.326172,-0.077881,1.010986
-0.013184,-0.393677,0.765991
-0.300415,0.154785,0.880615
0.438965,-0.421631,0.935669
-0.508667,-0.059082,0.751953
0.282104,-0.048706,1.013672
0.026978,-0.412476,0.767212
-0.346436,0.141968,0.852295
0.458008,-0.403809,0.946533
-0.493652,-0.092651,0.738281
0.242920,-0.017700,1.017456
0.054565,-0.429443,0.774780
-0.381592,0.124878,0.839233
0.477783,-0.391479,0.962646
-0.476807,-0.115356,0.744263
0.208008,0.006592,1.023560
0.086670,-0.434814,0.795166
-0.410889,0.138550,0.836304
0.487793,-0.377075,0.971924
-0.451294,-0.147339,0.741455
0.167725,0.024780,1.026855
0.122070,-0.445312,0.798218
-0.436523,0.140503,0.823486
0.495483,-0.360962,0.980835
-0.419800,-0.181396,0.733032
0.118652,0.063477,1.025391
0.165039,-0.458496,0.824219
-0.463989,0.121094,0.811523
0.504517,-0.339233,0.987793
-0.376099,-0.194702,0.758667
0.074585,0.085083,1.024658
0.227905,-0.468140,0.841675
-0.478027,0.094727,0.782349
0.495972,-0.311646,1.010376
-0.331055,-0.212769,0.772095
0.019287,0.109863,1.021606
0.275146,-0.475098,0.862427
-0.488525,0.086914,0.780273
0.485962,-0.286255,1.012939
-0.279907,-0.225098,0.798096
-0.022705,0.118408,1.021729
0.310425,-0.467773,0.892212
-0.500610,0.066650,0.785889
0.470825,-0.244507,1.036621
-0.205811,-0.245117,0.815918
-0.060547,0.154175,1.020386
0.354126,-0.471558,0.910522
-0.504028,0.066895,0.801514
0.458862,-0.204590,1.049194
-0.154785,-0.269531,0.825562
-0.098389,0.144775,1.009521
0.389404,-0.453003,0.941772
-0.492798,0.051270,0.802612
0.439331,-0.164795,1.058228
-0.094849,-0.316406,0.828857
-0.138672,0.146484,0.999023
0.430786,-0.436890,0.963989
-0.481689,0.010620,0.786499
0.414429,-0.124023,1.060913
-0.021484,-0.342896,0.836914
-0.175049,0.149780,0.988770
0.464722,-0.423706,0.988403
-0.471069,-0.036743,0.781738
0.386475,-0.080811,1.079102
0.034668,-0.375244,0.848755
-0.215454,0.152222,0.974365
0.486694,-0.402100,1.010620
-0.448364,-0.073120,0.782349
0.358765,-0.049316,1.089355
0.061401,-0.384888,0.850464
-0.253662,0.157227,0.970825
0.510620,-0.383667,1.029907
-0.429810,-0.102417,0.780640
0.321167,-0.019287,1.083984
0.088013,-0.380249,0.860718
-0.285278,0.155029,0.957397
0.533325,-0.356934,1.048950
-0.401123,-0.143677,0.788330
0.270752,0.015381,1.088013
0.127197,-0.393433,0.871338
-0.324951,0.154053,0.938232
0.558594,-0.344604,1.066040
-0.381348,-0.169312,0.785645
0.226562,0.049072,1.084595
0.197510,-0.410156,0.902344
-0.356445,0.133301,0.902466
0.561035,-0.306763,1.087646
-0.333130,-0.197998,0.793701
0.183838,0.078125,1.079834
0.254517,-0.432617,0.916504
-0.384033,0.108032,0.871826
0.560547,-0.286865,1.085083
-0.293945,-0.217407,0.808594
0.139038,0.099731,1.092651
0.306641,-0.435669,0.942261
-0.408325,0.101196,0.854492
0.555298,-0.255981,1.099487
-0.248901,-0.232788,0.823853
0.090698,0.139526,1.096069
0.363037,-0.446533,0.963623
-0.431274,0.104248,0.853760
0.544922,-0.220337,1.109985
-0.195679,-0.243774,0.846313
0.034302,0.160156,1.093628
0.399170,-0.435669,0.994507
-0.434692,0.093018,0.859009
0.533081,-0.179565,1.119507
-0.149048,-0.247192,0.866577
-0.002563,0.178101,1.092651
0.430542,-0.409302,1.008911
-0.441406,0.063232,0.860962
0.525269,-0.147339,1.136475
-0.076538,-0.282837,0.880249
-0.055420,0.197266,1.090210
0.461914,-0.400024,1.031860
-0.434814,0.020996,0.852051
0.501709,-0.099609,1.154419
-0.009888,-0.319580,0.892944
-0.096069,0.188599,1.080688
0.490845,-0.375732,1.052856
-0.432129,-0.008667,0.839111
0.468628,-0.059082,1.166138
0.026611,-0.330933,0.890747
-0.143555,0.187134,1.060425
0.515015,-0.351318,1.079102
-0.424805,-0.036743,0.831909
0.439575,-0.028931,1.169678
0.039917,-0.328613,0.903564
-0.195679,0.198975,1.048706
0.541504,-0.324585,1.094604
-0.403442,-0.071899,0.826904
0.396484,0.000732,1.167725
0.087769,-0.359619,0.908081
-0.251343,0.194336,1.020752
0.564209,-0.311035,1.109375
-0.372070,-0.127686,0.816040
0.348999,0.031006,1.156250
0.131958,-0.368774,0.924805
-0.288818,0.173706,0.985596
0.575195,-0.295288,1.119507
-0.342163,-0.163452,0.816895
0.289062,0.075195,1.156860
0.195312,-0.381958,0.935791
-0.323975,0.139526,0.938110
0.574097,-0.282471,1.120972
-0.312866,-0.200806,0.817383
0.234253,0.098877,1.145020
0.246582,-0.405640,0.949829
-0.363037,0.124023,0.918213
0.570679,-0.263184,1.118896
-0.285889,-0.230347,0.829224
0.183594,0.118652,1.134888
0.282104,-0.399780,0.956421
-0.393066,0.133179,0.906494
0.575684,-0.242188,1.120605
-0.263916,-0.254272,0.827271
0.116211,0.133057,1.118896
0.330322,-0.414917,0.969849
-0.408203,0.108765,0.886108
0.561646,-0.216675,1.125122
-0.225952,-0.266113,0.842163
0.064819,0.146240,1.104370
0.349365,-0.408569,0.971313
-0.420166,0.076050,0.874390
0.554810,-0.194580,1.128906
-0.171631,-0.291748,0.848633
0.010132,0.144165,1.083984
0.367554,-0.394653,0.973999
-0.425049,0.051392,0.862183
0.534790,-0.163574,1.143311
-0.115112,-0.317993,0.849365
-0.032593,0.152100,1.072876
0.376465,-0.390503,0.979370
-0.440552,0.030518,0.845459
0.521118,-0.134155,1.150391
-0.105713,-0.312622,0.836792
-0.069580,0.156494,1.063354
0.400879,-0.381348,0.982910
-0.449951,-0.003784,0.828247
0.495483,-0.116455,1.152588
-0.094604,-0.322388,0.824707
-0.112549,0.163452,1.039307
0.417114,-0.371216,0.994629
-0.464111,-0.013062,0.810791
0.477661,-0.097046,1.147705
-0.091797,-0.311523,0.821167
-0.160034,0.187134,1.035522
0.429077,-0.359009,1.006958
-0.466064,-0.032715,0.799561
0.440063,-0.075806,1.147095
-0.085449,-0.296997,0.821777
-0.213501,0.187988,1.015503
0.449097,-0.354736,1.024902
-0.475098,-0.052734,0.792114
0.404785,-0.044312,1.145264
-0.069824,-0.302612,0.832031
-0.297729,0.161499,0.971924
0.563110,-0.290649,1.111572
-0.469238,-0.085815,0.770264
0.278809,0.055176,1.146118
-0.039917,-0.309326,0.830078
-0.327148,0.148926,0.944946
0.562988,-0.273071,1.112793
-0.341797,-0.216919,0.801514
0.230469,0.073608,1.135742
0.215332,-0.387207,0.922729
-0.368408,0.148315,0.921631
0.568359,-0.256836,1.116455
-0.308960,-0.237915,0.797485
0.176392,0.093506,1.120728
0.249146,-0.409912,0.933228
-0.390259,0.126343,0.901001
0.567383,-0.246948,1.120483
-0.291870,-0.264404,0.807129
0.123291,0.108887,1.116211
0.269287,-0.412720,0.932251
-0.414551,0.108276,0.883301
0.554688,-0.223511,1.116699
-0.262329,-0.275513,0.805420
0.069702,0.121460,1.089111
0.294312,-0.406860,0.936401
-0.434204,0.081299,0.858765
0.545166,-0.205322,1.116821
-0.222168,-0.284424,0.816284
0.029419,0.119873,1.076416
0.310059,-0.408447,0.933838
-0.454468,0.071411,0.844727
0.529663,-0.185547,1.118530
-0.178345,-0.313110,0.812378
-0.005127,0.131714,1.073730
0.335205,-0.388672,0.938843
-0.473511,0.053589,0.829834
0.502808,-0.170166,1.114014
-0.152710,-0.320801,0.804199
-0.052734,0.136353,1.049194
0.346191,-0.387207,0.945557
-0.485596,0.032715,0.811890
0.487427,-0.154785,1.122559
-0.153198,-0.292603,0.798828
-0.099121,0.137817,1.026978
0.364746,-0.379272,0.963379
-0.493530,-0.001587,0.792725
0.459351,-0.121826,1.119995
-0.142700,-0.313965,0.780029
-0.147339,0.162109,1.024414
0.386719,-0.382935,0.964355
-0.512817,-0.005493,0.788330
0.437744,-0.109497,1.115723
-0.138672,-0.307739,0.781982
-0.200806,0.196411,1.017822
0.407593,-0.376831,0.978760
-0.512939,-0.023560,0.778809
0.410278,-0.100586,1.112427
-0.135864,-0.317017,0.773560
-0.246582,0.175049,0.972534
0.419312,-0.361694,0.990723
-0.506592,-0.051147,0.761353
0.373779,-0.073853,1.103516
-0.124390,-0.311279,0.780640
-0.278687,0.183838,0.958740
0.432007,-0.361084,0.990845
-0.502197,-0.083008,0.737183
0.331665,-0.058838,1.085815
-0.106567,-0.312744,0.787354
-0.305542,0.171997,0.946655
0.439819,-0.343262,0.996582
-0.505127,-0.111084,0.731934
0.296997,-0.051025,1.081665
-0.080811,-0.332642,0.794312
-0.338135,0.173950,0.928589
0.440796,-0.346802,0.996582
-0.502197,-0.114136,0.720703
0.271484,-0.027710,1.067261
-0.066406,-0.345215,0.789307
-0.369385,0.185303,0.914551
0.438721,-0.347412,0.988770
-0.504028,-0.124512,0.718018
0.238647,-0.014648,1.061035
-0.040771,-0.359985,0.787476
-0.408691,0.190674,0.902954
0.441528,-0.338379,0.994385
-0.499390,-0.152954,0.707397
0.199463,0.009033,1.051025
-0.013184,-0.373291,0.800415
-0.436523,0.211792,0.897827
0.452759,-0.336060,1.000977
-0.508057,-0.172119,0.703735
0.165405,0.018066,1.046997
0.013916,-0.400391,0.791016
-0.468994,0.187500,0.872314
0.452759,-0.331299,0.988159
-0.489502,-0.150024,0.724365
0.134644,0.048950,1.038330
0.037109,-0.414795,0.790527
-0.501587,0.204224,0.855103
0.458374,-0.328491,0.993286
-0.460938,-0.177612,0.735352
0.095337,0.061768,1.029175
0.068237,-0.426392,0.792847
-0.525024,0.199585,0.848145
0.458862,-0.311401,0.990845
-0.432617,-0.192261,0.737671
0.064819,0.085693,1.031982
0.099609,-0.437500,0.796997
-0.540039,0.186279,0.829712
0.447510,-0.295166,0.991699
-0.396118,-0.194824,0.741333
0.032104,0.088379,1.017090
0.128296,-0.425293,0.811401
-0.563599,0.178833,0.809326
0.443848,-0.270996,0.990234
-0.369385,-0.239624,0.731323
0.016724,0.094849,1.013306
0.164185,-0.434937,0.828003
-0.586182,0.187622,0.806885
0.439331,-0.265137,0.986328
-0.333740,-0.264648,0.726074
-0.018433,0.121216,1.010376
0.194092,-0.425537,0.842407
-0.591553,0.170776,0.794189
0.436646,-0.251587,0.992065
-0.306274,-0.248535,0.728027
-0.050415,0.132446,0.996582
0.227417,-0.422852,0.850098
-0.602295,0.166260,0.780518
0.423218,-0.225708,0.988892
-0.270508,-0.279297,0.724976
-0.084351,0.138794,0.977173
0.253418,-0.405884,0.870361
-0.600464,0.136719,0.777832
0.413696,-0.199463,0.996582
-0.248169,-0.323853,0.698853
-0.134277,0.164917,0.976196
0.288330,-0.400635,0.874878
-0.597412,0.114624,0.768921
0.399780,-0.172852,1.003296
-0.218018,-0.312744,0.709473
-0.186401,0.166382,0.947144
0.320923,-0.404907,0.885254
-0.593506,0.098145,0.762695
0.376343,-0.139404,1.010132
-0.184204,-0.323120,0.717407
-0.222290,0.165649,0.929810
0.347412,-0.399048,0.893433
-0.583618,0.083374,0.750488
0.357788,-0.114990,1.007202
-0.159668,-0.328857,0.723022
-0.269653,0.176758,0.914062
0.365479,-0.380493,0.910156
-0.573242,0.038940,0.738770
0.320435,-0.081543,1.011597
-0.123657,-0.372192,0.716675
-0.320190,0.201904,0.894531
0.398560,-0.375610,0.917114
-0.556885,0.009033,0.723145
0.281006,-0.042236,1.005127
-0.082886,-0.384033,0.725708
-0.360596,0.199951,0.888428
0.408447,-0.346924,0.929932
-0.550171,-0.017822,0.714111
0.247070,-0.013062,1.006348
-0.057129,-0.375488,0.744385
-0.401978,0.210815,0.880615
0.423462,-0.342163,0.942383
-0.523438,-0.066040,0.708862
0.200806,0.027832,1.009521
-0.010864,-0.387329,0.758911
-0.457031,0.222534,0.868652
0.439697,-0.324341,0.958008
-0.489868,-0.095459,0.729126
0.154541,0.070190,1.026245
0.040039,-0.390991,0.784790
-0.493286,0.227051,0.849243
0.453125,-0.303345,0.969727
-0.445312,-0.131104,0.739258
0.113159,0.095825,1.031738
0.097778,-0.399658,0.798096
-0.523193,0.220703,0.828857
0.458862,-0.275146,0.978027
-0.393433,-0.137695,0.751343
0.060303,0.121948,1.016479
0.154907,-0.401733,0.823730
-0.551514,0.213989,0.807983
0.458374,-0.243530,0.990479
-0.326904,-0.195923,0.751221
-0.000610,0.137817,1.006714
0.215454,-0.403809,0.847900
-0.568970,0.188965,0.799805
0.451904,-0.215698,0.996826
-0.262573,-0.244751,0.756226
-0.063232,0.148193,0.974731
0.268677,-0.413330,0.868652
-0.581177,0.154541,0.784668
0.442139,-0.193726,1.001953
-0.190918,-0.250610,0.771240
-0.124878,0.152832,0.941284
0.309692,-0.401489,0.879150
-0.579346,0.116943,0.766479
0.418091,-0.136719,1.020386
-0.134888,-0.312256,0.760742
-0.190186,0.157593,0.925659
0.351562,-0.401245,0.907104
-0.561035,0.074463,0.770264
0.377075,-0.104370,1.017090
-0.083862,-0.337891,0.766846
-0.256348,0.160522,0.887573
0.391846,-0.387451,0.921143
-0.551025,0.006470,0.743774
0.324829,-0.064697,1.007446
-0.038818,-0.372681,0.759033
-0.315552,0.166138,0.869995
0.420654,-0.366089,0.936890
-0.525269,-0.055908,0.727051
0.261719,-0.018921,0.999512
0.005493,-0.392334,0.763672
-0.384033,0.173096,0.844360
0.444214,-0.353516,0.952759
-0.497314,-0.094971,0.737915
0.190674,0.024292,1.009277
0.059448,-0.414917,0.784302
-0.445068,0.182007,0.832031
0.462036,-0.333130,0.959961
-0.451172,-0.136230,0.740967
0.127686,0.061890,1.015503
0.109741,-0.426636,0.799316
-0.498413,0.174805,0.798096
0.478394,-0.308105,0.987061
-0.380005,-0.182617,0.758423
0.043457,0.099854,1.017212
0.195923,-0.443481,0.827026
-0.531250,0.138916,0.786499
0.480835,-0.274048,0.996460
-0.297119,-0.200195,0.781494
-0.040771,0.137573,0.992554
0.266357,-0.456543,0.854370
-0.549072,0.104370,0.760742
0.458374,-0.221558,1.011475
-0.198486,-0.241455,0.804810
-0.109131,0.161255,0.976318
0.319336,-0.433105,0.884521
-0.551025,0.084595,0.774170
0.428223,-0.167114,1.024292
-0.119995,-0.288940,0.803101
-0.177002,0.135254,0.940186
0.369751,-0.433228,0.905151
-0.536255,0.042358,0.767822
0.378418,-0.120850,1.018799
-0.039062,-0.364014,0.798828
-0.249756,0.138062,0.904175
0.414917,-0.412720,0.933472
-0.524536,-0.029419,0.748535
0.312500,-0.078735,1.010010
0.025879,-0.399292,0.793823
-0.315430,0.133057,0.879150
0.448242,-0.391479,0.950317
-0.489624,-0.106567,0.738525
0.243408,-0.027222,1.010132
0.068359,-0.420532,0.797485
-0.377075,0.128784,0.855103
0.480713,-0.370850,0.978149
-0.449829,-0.151245,0.735962
0.159180,0.020752,1.008789
0.125488,-0.438965,0.807251
-0.431274,0.128784,0.831421
0.499512,-0.337158,0.996460
-0.390137,-0.203735,0.745361
0.073730,0.072388,1.018188
0.210938,-0.464600,0.835815
-0.466309,0.091309,0.789917
0.518311,-0.303101,1.021362
-0.304199,-0.234375,0.782959
-0.014526,0.122314,1.008667
0.278931,-0.468750,0.861572
-0.505127,0.069336,0.774414
0.478760,-0.247925,1.030396
-0.206055,-0.223999,0.823486
-0.071289,0.143555,1.014160
0.334473,-0.462280,0.898560
-0.516357,0.057739,0.775635
0.450806,-0.189453,1.047607
-0.101074,-0.267334,0.849976
-0.138672,0.153320,1.002808
0.390991,-0.447998,0.939331
-0.492676,0.007690,0.775879
0.406250,-0.123657,1.048096
-0.005493,-0.347168,0.840332
-0.201172,0.155273,0.976440
0.445801,-0.422119,0.970825
-0.471436,-0.061890,0.775513
0.345947,-0.060547,1.055420
0.059570,-0.378540,0.842773
-0.252075,0.146118,0.950195
0.489990,-0.378540,1.005859
-0.442383,-0.124390,0.762329
0.267456,-0.016235,1.053101
0.104614,-0.400879,0.844116
-0.325317,0.150635,0.924683
0.530029,-0.350220,1.039551
-0.396362,-0.175171,0.771973
0.173828,0.037354,1.050293
0.201660,-0.438965,0.871338
-0.390015,0.111572,0.861694
0.547729,-0.308472,1.065186
-0.312134,-0.244263,0.779907
0.073120,0.099609,1.044800
0.290405,-0.451660,0.902222
-0.435547,0.072510,0.824829
0.524048,-0.248047,1.078613
-0.204468,-0.242065,0.838257
-0.023315,0.158081,1.048828
0.375854,-0.445801,0.948853
-0.462769,0.050049,0.806641
0.473633,-0.149658,1.088135
-0.074463,-0.279297,0.862061
-0.107300,0.176392,1.043213
0.453613,-0.412598,1.007935
-0.450684,-0.016357,0.813232
0.415283,-0.081787,1.103516
0.056030,-0.360229,0.883423
-0.197632,0.168213,1.010376
0.509399,-0.362427,1.049927
-0.408447,-0.098633,0.806763
0.327759,-0.005371,1.100464
0.108398,-0.359009,0.896118
-0.300049,0.166260,0.965454
0.556274,-0.311646,1.092896
-0.344604,-0.182251,0.800293
0.207764,0.075928,1.093994
0.246704,-0.414429,0.920776
-0.376953,0.104492,0.880737
0.565674,-0.260864,1.107788
-0.243286,-0.229370,0.827637
0.077271,0.148804,1.090576
0.361328,-0.423096,0.967407
-0.442017,0.078857,0.842041
0.526611,-0.181396,1.114990
-0.117432,-0.255493,0.869019
-0.046753,0.189331,1.076538
0.456909,-0.383301,1.034058
-0.430542,0.007812,0.837036
0.459717,-0.093628,1.130859
0.042969,-0.354126,0.892212
-0.154541,0.184082,1.047974
0.523682,-0.316162,1.084473
-0.385620,-0.089111,0.819946
0.353516,0.002197,1.134277
0.119263,-0.358398,0.908691
-0.284912,0.175903,0.984131
0.575439,-0.269653,1.126099
-0.300659,-0.199951,0.831299
0.199463,0.109497,1.113892
0.279663,-0.426270,0.943481
-0.379395,0.098511,0.886841
0.571411,-0.208984,1.134766
-0.192993,-0.236572,0.858154
0.050781,0.178467,1.113647
0.399536,-0.409912,1.003784
-0.434814,0.062744,0.854248
0.516113,-0.117188,1.139771
-0.038574,-0.291992,0.888062
-0.092773,0.198242,1.092529
0.486816,-0.357544,1.067627
-0.425415,-0.039185,0.840820
0.426636,-0.030518,1.157715
0.050903,-0.334106,0.893677
-0.223877,0.198975,1.032593
0.566528,-0.281738,1.127319
-0.338745,-0.175659,0.824097
0.276855,0.059570,1.135498
0.202637,-0.380005,0.934204
-0.342529,0.113647,0.911865
0.587769,-0.234131,1.143066
-0.222290,-0.250366,0.852905
0.105347,0.153809,1.121826
0.353027,-0.403442,0.997559
-0.420898,0.077881,0.862793
0.537598,-0.149536,1.137085
-0.071899,-0.307007,0.872070
-0.051270,0.187866,1.100586
0.447510,-0.348389,1.047729
-0.425049,-0.019775,0.841797
0.454102,-0.046753,1.170166
0.015381,-0.341797,0.879517
-0.203247,0.203369,1.049683
0.527466,-0.280396,1.111572
-0.375610,-0.124756,0.810913
0.324097,0.050537,1.157104
0.144531,-0.371460,0.911499
-0.326416,0.137817,0.938477
0.580566,-0.262573,1.124512
-0.269287,-0.247925,0.829712
0.147461,0.127930,1.126221
0.294067,-0.388428,0.958984
-0.420532,0.100342,0.873779
0.551025,-0.197388,1.124512
-0.147095,-0.293945,0.857422
-0.013306,0.162720,1.091919
0.395874,-0.354980,1.007202
-0.432129,-0.011597,0.833374
0.481323,-0.093018,1.146606
-0.044067,-0.341431,0.839233
-0.162598,0.191650,1.049316
0.484009,-0.311157,1.070801
-0.418701,-0.085938,0.814575
0.363892,0.002319,1.148560
0.046021,-0.350708,0.857910
-0.295654,0.160645,0.964722
0.545898,-0.287231,1.102417
-0.330078,-0.222046,0.797241
0.205322,0.075562,1.112427
0.186768,-0.383667,0.904053
-0.409668,0.113159,0.871704
0.548096,-0.234497,1.110840
-0.245117,-0.277222,0.825073
0.041016,0.127319,1.078125
0.300171,-0.374756,0.940552
-0.433472,0.032104,0.825562
0.502441,-0.159424,1.112427
-0.126221,-0.317383,0.815430
-0.078125,0.143188,1.051514
0.384521,-0.364990,0.978394
-0.465698,-0.026001,0.808960
0.437256,-0.085327,1.132568
-0.085205,-0.312256,0.814697
-0.223145,0.192139,1.017456
0.460815,-0.328369,1.036255
-0.445435,-0.098267,0.766235
0.330200,-0.010010,1.129272
0.000366,-0.328979,0.838013
-0.325195,0.177734,0.943726
0.503784,-0.303467,1.061157
-0.391479,-0.220215,0.755005
0.193481,0.043823,1.103394
0.114746,-0.376953,0.866821
-0.417725,0.117310,0.873901
0.506958,-0.256470,1.070557
-0.334961,-0.234375,0.783569
0.075317,0.084595,1.054321
0.210571,-0.388550,0.885498
-0.468140,0.057983,0.814087
0.499878,-0.226318,1.076782
-0.215454,-0.286011,0.790527
-0.041138,0.113525,1.026123
0.289185,-0.394043,0.912964
-0.504028,0.010132,0.784058
0.448975,-0.174683,1.074707
-0.177246,-0.306396,0.768677
-0.166870,0.165161,1.003174
0.371948,-0.369507,0.955444
-0.514893,-0.047363,0.759155
0.373291,-0.093140,1.088135
-0.124023,-0.315552,0.785400
-0.287842,0.177002,0.952637
0.427368,-0.346313,0.989136
-0.493530,-0.114258,0.729004
0.277222,-0.020020,1.080811
-0.047729,-0.348267,0.791992
-0.388184,0.176880,0.908203
0.450562,-0.314209,1.007080
-0.449707,-0.184326,0.727051
0.171021,0.027344,1.059937
0.056519,-0.380127,0.831909
-0.479980,0.157837,0.857788
0.460327,-0.278687,1.024170
-0.372559,-0.205811,0.771729
0.062012,0.076782,1.041870
0.146973,-0.384521,0.848145
-0.528809,0.099976,0.802734
0.458496,-0.255615,1.022949
-0.269897,-0.295410,0.753906
-0.057983,0.126099,1.005493
0.232056,-0.417358,0.863281
-0.555908,0.053833,0.755005
0.430420,-0.201782,1.032349
-0.215088,-0.281128,0.750977
-0.169067,0.154785,0.988281
0.310547,-0.397217,0.900391
-0.567261,0.005127,0.737793
0.377930,-0.133423,1.042725
-0.181763,-0.314575,0.731201
-0.281250,0.184448,0.944946
0.376831,-0.395508,0.936890
-0.556152,-0.037842,0.716309
0.297485,-0.063354,1.036987
-0.126465,-0.329224,0.747192
-0.372681,0.187500,0.908691
0.411255,-0.371216,0.957153
-0.523560,-0.112427,0.707642
0.189209,0.003662,1.027954
-0.037598,-0.374634,0.770752
-0.461792,0.205933,0.886841
0.441895,-0.319336,0.992798
-0.481079,-0.156738,0.729736
0.090210,0.057129,1.024902
0.059692,-0.386230,0.797119
-0.523926,0.173584,0.838623
0.450562,-0.267944,1.005127
-0.372925,-0.222168,0.739258
-0.000610,0.101685,1.004517
0.154663,-0.406982,0.826050
-0.566040,0.128418,0.787109
0.431152,-0.225220,1.002808
-0.271240,-0.260986,0.744141
-0.099487,0.125000,0.977051
0.252930,-0.406128,0.868652
-0.590698,0.084229,0.749512
0.390503,-0.156128,1.013062
-0.197388,-0.309326,0.715942
-0.207520,0.156616,0.948120
0.330444,-0.390625,0.897217
-0.579346,0.003906,0.726562
0.323486,-0.100830,1.013550
-0.151489,-0.354736,0.705200
-0.325562,0.209351,0.920166
0.394531,-0.374390,0.926758
-0.554321,-0.056030,0.707642
0.217041,-0.031494,1.001587
-0.087280,-0.362183,0.744141
-0.442383,0.232910,0.890015
0.437378,-0.311768,0.978149
-0.492554,-0.120239,0.723877
0.106812,0.060425,1.015137
0.031250,-0.384766,0.787231
-0.524902,0.209351,0.842163
0.447754,-0.264893,0.988159
-0.376953,-0.181152,0.757324
0.016113,0.111206,1.010498
0.146729,-0.401123,0.821167
-0.585693,0.176147,0.794312
0.425781,-0.213013,0.994995
-0.254395,-0.275269,0.739990
-0.087158,0.159912,0.989258
0.252441,-0.401001,0.872559
-0.600098,0.122437,0.769165
0.393555,-0.149170,1.002686
-0.182861,-0.324585,0.716431
-0.194702,0.184937,0.946167
0.352783,-0.387207,0.912842
-0.588867,0.058472,0.741333
0.322388,-0.086792,1.006470
-0.121338,-0.360596,0.712402
-0.310547,0.199463,0.907227
0.406372,-0.346558,0.942017
-0.554077,-0.037476,0.716675
0.225952,-0.032104,0.989136
-0.050049,-0.369019,0.752563
-0.426514,0.221191,0.869385
0.439087,-0.289795,0.960693
-0.464600,-0.107178,0.740845
0.115234,0.066650,1.010254
0.034058,-0.399292,0.775635
-0.506470,0.211060,0.836426
0.452515,-0.251465,0.985352
-0.366943,-0.159912,0.755493
0.036255,0.122070,1.016846
0.150635,-0.405273,0.829224
-0.565308,0.198242,0.797119
0.441772,-0.210815,0.983276
-0.256104,-0.242310,0.753174
-0.051758,0.156250,0.990967
0.252441,-0.406494,0.857666
-0.598999,0.165405,0.772827
0.431274,-0.177734,0.998291
-0.165649,-0.302856,0.744629
-0.159058,0.188599,0.957397
0.346680,-0.399780,0.894531
-0.589111,0.090210,0.757935
0.365356,-0.112183,0.998657
-0.101562,-0.360107,0.728638
-0.252563,0.188232,0.901978
0.407104,-0.370361,0.932983
-0.552368,-0.001831,0.725708
0.271606,-0.052124,0.988037
-0.048462,-0.378174,0.735962
-0.361572,0.191528,0.861328
0.441284,-0.332764,0.954590
-0.493164,-0.086426,0.739624
0.180420,0.011719,0.998901
0.005371,-0.391846,0.757568
-0.445801,0.208374,0.845581
0.467529,-0.312622,0.966553
-0.424194,-0.123169,0.776733
0.104980,0.071411,1.014648
0.083618,-0.398682,0.792603
-0.520020,0.204712,0.802124
0.465942,-0.282471,0.965942
-0.333618,-0.177979,0.782715
0.014893,0.127686,1.020752
0.191528,-0.421753,0.837036
-0.566040,0.161987,0.776367
0.461548,-0.228516,0.997803
-0.227417,-0.222412,0.783813
-0.066406,0.149780,0.985474
0.276855,-0.420898,0.874390
-0.581299,0.111084,0.759766
0.419800,-0.173706,1.006226
-0.128418,-0.308228,0.769409
-0.153687,0.174927,0.947632
0.356934,-0.392700,0.921875
-0.562988,0.060791,0.755127
0.363281,-0.111328,1.005859
-0.059448,-0.374390,0.755371
-0.256470,0.154663,0.893799
0.421143,-0.382935,0.935913
-0.535278,-0.035278,0.733643
0.271362,-0.052246,0.996582
-0.005493,-0.415161,0.743530
-0.351807,0.161011,0.859619
0.461304,-0.290039,0.972900
-0.396973,-0.133179,0.771484
0.079712,0.094482,1.012329
0.055420,-0.427368,0.771484
-0.538818,0.202759,0.804077
0.461182,-0.251221,0.984253
-0.304443,-0.206055,0.769653
-0.004517,0.134399,1.007812
0.216675,-0.424194,0.843140
-0.576782,0.153809,0.767212
0.440186,-0.210083,0.996460
-0.197998,-0.246338,0.781616
-0.093872,0.165771,0.968140
0.307007,-0.406250,0.889038
-0.585083,0.108154,0.763062
0.394653,-0.142822,1.007324
-0.103394,-0.344116,0.756836
-0.204956,0.174927,0.916382
0.387085,-0.391235,0.921387
-0.559326,0.029053,0.744629
0.322510,-0.079834,0.998779
-0.040527,-0.382446,0.747437
-0.321045,0.170044,0.868408
0.435913,-0.366943,0.944214
-0.511353,-0.077271,0.736206
0.218628,-0.027344,0.990845
0.009766,-0.399170,0.762329
-0.409180,0.170288,0.832642
0.461548,-0.317017,0.965820
-0.441895,-0.137695,0.755127
0.118530,0.055420,1.010864
0.094116,-0.423950,0.787598
-0.493530,0.157104,0.794312
0.462158,-0.272949,0.982056
-0.336914,-0.190308,0.780029
0.018921,0.117554,1.011108
0.200684,-0.453735,0.830566
-0.550049,0.130859,0.762573
0.457642,-0.225586,0.998291
-0.235840,-0.219604,0.786255
-0.064575,0.153076,0.990479
0.297119,-0.455811,0.871338
-0.572632,0.106323,0.765747
0.420654,-0.181396,1.004883
-0.115967,-0.306152,0.791016
-0.155640,0.164917,0.953491
0.366211,-0.419434,0.916992
-0.557129,0.032471,0.762451
0.362183,-0.132324,1.002563
-0.040161,-0.387329,0.772095
-0.262939,0.161377,0.912476
0.437256,-0.406372,0.947144
-0.514893,-0.050659,0.756592
0.274902,-0.069092,0.986938
0.017334,-0.433472,0.759766
-0.343872,0.142700,0.858643
0.473145,-0.362671,0.969360
-0.461792,-0.121582,0.763306
0.175537,-0.002075,1.001343
0.081421,-0.454468,0.768311
-0.430054,0.124146,0.809326
0.486816,-0.320557,0.989502
-0.385742,-0.187012,0.757568
0.070190,0.084961,1.019653
0.179565,-0.471069,0.811768
-0.493164,0.094849,0.770752
0.484375,-0.281128,1.008179
-0.293457,-0.212280,0.785156
-0.020874,0.138672,1.021973
0.278198,-0.475830,0.864136
-0.534302,0.077148,0.754761
0.447876,-0.237061,1.019531
-0.191528,-0.267334,0.799927
-0.100098,0.173950,1.011597
0.360107,-0.465088,0.917114
-0.540527,0.075439,0.784790
0.408447,-0.179077,1.016724
-0.079346,-0.338257,0.807251
-0.184692,0.150635,0.960205
0.428101,-0.426758,0.962036
-0.510010,-0.018433,0.772705
0.342407,-0.097656,1.029663
0.017578,-0.405396,0.802246
-0.270142,0.140747,0.916748
0.476929,-0.399658,0.984619
-0.460815,-0.106934,0.771973
0.260010,-0.046265,1.020386
0.071655,-0.433472,0.795410
-0.350220,0.129150,0.874268
0.512817,-0.352905,1.015869
-0.397217,-0.171509,0.776367
0.161011,0.028809,1.026245
0.151489,-0.438110,0.826172
-0.416870,0.109131,0.836182
0.532349,-0.313965,1.041504
-0.332153,-0.219971,0.777100
0.061157,0.105957,1.038940
0.267700,-0.475220,0.865234
-0.467529,0.076660,0.790283
0.507446,-0.263306,1.048218
-0.228760,-0.240356,0.825684
-0.021851,0.145996,1.042236
0.347290,-0.463257,0.916992
-0.500732,0.063477,0.794678
0.467163,-0.192749,1.057251
-0.120605,-0.271118,0.843262
-0.098022,0.164673,1.032959
0.413330,-0.434204,0.962646
-0.483765,0.026733,0.788086
0.419434,-0.126465,1.062012
-0.014648,-0.336548,0.847778
-0.173096,0.158813,1.003784
0.486694,-0.401855,1.014771
-0.456665,-0.054688,0.793091
0.350098,-0.056274,1.067261
0.075806,-0.377930,0.853760
-0.254639,0.159424,0.967773
0.531860,-0.361206,1.050415
-0.406860,-0.138062,0.787720
0.260986,0.007812,1.062744
0.141724,-0.388062,0.873047
-0.343140,0.147827,0.923340
0.572510,-0.307495,1.091187
-0.340088,-0.213135,0.788452
0.149658,0.079956,1.070557
0.249390,-0.437500,0.906860
-0.394043,0.081177,0.842041
0.557373,-0.249023,1.098877
-0.241089,-0.234497,0.831055
0.060425,0.137817,1.082764
0.343018,-0.460693,0.942627
-0.447510,0.068115,0.831665
0.521240,-0.177246,1.110229
-0.149658,-0.235229,0.868652
-0.022217,0.171387,1.083008
0.413452,-0.432617,0.992920
-0.460327,0.049805,0.825928
0.490112,-0.128662,1.118652
-0.037720,-0.272949,0.885864
-0.096436,0.198730,1.070801
0.479858,-0.398438,1.029419
-0.448608,-0.014038,0.820312
0.436157,-0.069214,1.122437
0.052979,-0.341431,0.887695
-0.187256,0.212646,1.048584
0.534180,-0.355347,1.072876
-0.407837,-0.114990,0.795044
0.357544,-0.018066,1.119385
0.108765,-0.349609,0.908447
-0.264038,0.198730,0.997681
0.584229,-0.311279,1.119263
-0.347900,-0.188965,0.811279
0.248657,0.047485,1.113647
0.213989,-0.400757,0.933594
-0.327759,0.137329,0.919800
0.589600,-0.246704,1.131348
-0.266113,-0.224487,0.841797
0.153564,0.103394,1.107666
0.303955,-0.438599,0.950806
-0.388916,0.084473,0.873291
0.568604,-0.206665,1.130493
-0.190796,-0.228516,0.873291
0.066040,0.158081,1.117065
0.380493,-0.423462,0.996216
-0.436279,0.062012,0.854004
0.532227,-0.135254,1.148804
-0.101318,-0.247070,0.884033
-0.026245,0.195679,1.109985
0.446045,-0.402222,1.029907
-0.439087,0.021606,0.843628
0.492188,-0.096558,1.151733
-0.003174,-0.296509,0.897705
-0.094238,0.204712,1.094727
0.501831,-0.364258,1.064209
-0.436646,-0.018799,0.844971
0.431763,-0.047974,1.156250
0.017334,-0.325806,0.887451
-0.178955,0.219849,1.076416
0.555786,-0.319824,1.111084
-0.401733,-0.111694,0.817139
0.352295,0.009155,1.143677
0.099854,-0.363281,0.902466
-0.254761,0.176147,0.996216
0.588623,-0.275269,1.144653
-0.343018,-0.193359,0.822144
0.256958,0.057007,1.133789
0.188110,-0.410278,0.916870
-0.325684,0.132935,0.926880
0.599121,-0.258789,1.135620
-0.279419,-0.215210,0.845459
0.161377,0.110474,1.127563
0.273193,-0.422607,0.946411
-0.394653,0.093262,0.878906
0.572266,-0.210449,1.140991
-0.210449,-0.241089,0.859009
0.071411,0.150024,1.111572
0.338135,-0.407471,0.969971
-0.430298,0.056519,0.851807
0.540161,-0.173584,1.136963
-0.127319,-0.270996,0.869385
-0.009033,0.184326,1.100586
0.391724,-0.393555,0.986450
-0.445435,0.026123,0.837891
0.508667,-0.136841,1.139893
-0.085693,-0.302979,0.835083
-0.076172,0.191040,1.076782
0.446167,-0.363525,1.021118
-0.463623,-0.019409,0.821655
0.456299,-0.078735,1.159180
-0.056519,-0.317383,0.836792
-0.169556,0.206543,1.057373
0.498169,-0.338745,1.065063
-0.451416,-0.071777,0.800781
0.387451,-0.027222,1.151123
-0.011963,-0.328735,0.843872
-0.249023,0.177246,0.996094
0.533691,-0.312012,1.089600
-0.409790,-0.142334,0.785278
0.301025,0.011230,1.134766
0.053589,-0.363892,0.860474
-0.321533,0.160522,0.938599
0.550903,-0.303345,1.092163
-0.363403,-0.195068,0.788818
0.217896,0.050659,1.115356
0.124878,-0.393677,0.866455
-0.393555,0.118530,0.882568
0.532227,-0.271484,1.087524
-0.319824,-0.232300,0.806641
0.138550,0.084839,1.101685
0.188599,-0.388184,0.886841
-0.439087,0.094360,0.849731
0.522339,-0.245972,1.081665
-0.281372,-0.259766,0.810669
0.069580,0.098022,1.080078
0.239990,-0.388306,0.912354
-0.473145,0.067749,0.816650
0.502441,-0.216309,1.076660
-0.211792,-0.290527,0.793457
-0.006226,0.127686,1.058960
0.292603,-0.383667,0.924561
-0.495483,0.040649,0.796631
0.468140,-0.189209,1.071167
-0.188843,-0.303345,0.769287
-0.074951,0.150879,1.035522
0.347412,-0.386230,0.949219
-0.521118,0.005249,0.783813
0.434814,-0.151001,1.081665
-0.171631,-0.306763,0.762207
-0.167969,0.180786,1.026245
0.401367,-0.364624,0.985352
-0.526978,-0.038086,0.762451
0.376831,-0.098267,1.076660
-0.136841,-0.315430,0.765137
-0.250000,0.188232,0.978394
0.440552,-0.353638,1.002441
-0.509521,-0.076660,0.747070
0.319946,-0.056396,1.076416
-0.090088,-0.344238,0.768555
-0.328979,0.192017,0.935547
0.461670,-0.352417,1.009766
-0.479492,-0.131348,0.735596
0.246094,-0.008545,1.069580
-0.028809,-0.380249,0.790649
-0.403564,0.188843,0.903564
0.472534,-0.319702,1.020874
-0.451538,-0.172974,0.736206
0.171387,0.027588,1.061279
0.035156,-0.396118,0.807739
-0.472168,0.159302,0.859985
0.473145,-0.301147,1.026245
-0.419312,-0.198975,0.750732
0.103027,0.068481,1.055786
0.100708,-0.403564,0.827515
-0.519897,0.131836,0.821167
0.466553,-0.276245,1.019165
-0.345459,-0.223877,0.762207
0.026123,0.100708,1.032959
0.170898,-0.409180,0.846436
-0.552979,0.107910,0.791138
0.448730,-0.244263,1.015747
-0.293701,-0.256958,0.743530
-0.051880,0.119141,0.998291
0.242920,-0.416504,0.868774
-0.581665,0.079712,0.765625
0.414307,-0.206787,1.015747
-0.243774,-0.287109,0.723022
-0.137329,0.145630,0.981567
0.294922,-0.390747,0.898682
-0.577271,0.033447,0.749268
0.370728,-0.159058,1.015747
-0.215210,-0.304810,0.717773
-0.216431,0.157227,0.956421
0.355957,-0.380859,0.927979
-0.573975,-0.004761,0.739502
0.318237,-0.112061,1.021973
-0.168945,-0.347778,0.723999
-0.315430,0.180054,0.922363
0.393555,-0.362915,0.943970
-0.549927,-0.034790,0.726318
0.256226,-0.038940,1.023438
-0.109497,-0.367310,0.741455
-0.395630,0.203003,0.898438
0.416260,-0.343262,0.961426
-0.522705,-0.096924,0.713623
0.181885,0.010620,1.022705
-0.037720,-0.392090,0.764038
-0.479858,0.226318,0.876465
0.438110,-0.306763,0.973633
-0.473755,-0.143799,0.727783
0.099365,0.066162,1.026733
0.046631,-0.407837,0.797363
-0.531738,0.199219,0.838257
0.441406,-0.286255,0.977539
-0.377075,-0.178101,0.757080
0.043823,0.113159,1.021729
0.132446,-0.411987,0.818359
-0.582275,0.188599,0.799316
0.432861,-0.247925,0.979004
-0.298584,-0.247925,0.739380
-0.033813,0.144287,1.000610
0.214233,-0.411133,0.843994
-0.606323,0.142334,0.783325
0.405762,-0.191895,0.987427
-0.238281,-0.299194,0.709717
-0.112305,0.171631,0.980957
0.292725,-0.397095,0.886841
-0.605591,0.091309,0.752319
0.368286,-0.151123,0.998413
-0.194702,-0.333984,0.707275
-0.208618,0.181274,0.946411
0.359131,-0.375854,0.918335
-0.582642,0.037964,0.742310
0.309082,-0.090088,1.006714
-0.147217,-0.368408,0.697388
-0.315796,0.203369,0.912109
0.408447,-0.358032,0.942871
-0.556396,-0.010010,0.730957
0.234985,-0.020996,0.996216
-0.078613,-0.389771,0.728638
-0.408691,0.214844,0.880371
0.432373,-0.322021,0.957886
-0.495728,-0.082031,0.725830
0.156006,0.043091,1.012573
-0.011475,-0.388062,0.770020
-0.493164,0.219360,0.849121
0.447754,-0.294312,0.969482
-0.416992,-0.131104,0.757202
0.095825,0.107666,1.029175
0.076416,-0.394165,0.792847
-0.545898,0.209717,0.820801
0.449585,-0.264404,0.980347
-0.321655,-0.206299,0.759644
0.009155,0.145264,1.017700
0.177979,-0.394653,0.834717
-0.586914,0.192017,0.790527
0.430176,-0.215332,0.985107
-0.235352,-0.261108,0.745728
-0.067017,0.165527,0.982910
0.272217,-0.376099,0.877808
-0.594727,0.138916,0.764404
0.408203,-0.159790,0.999268
-0.164062,-0.317749,0.732666
-0.172363,0.179321,0.938721
0.351196,-0.372803,0.905273
-0.567749,0.089722,0.765137
0.348389,-0.086182,1.003784
-0.102417,-0.364502,0.731079
-0.276855,0.185547,0.891724
0.405151,-0.356201,0.934326
-0.548340,-0.001465,0.728027
0.269409,-0.031738,0.998535
-0.051392,-0.384766,0.736572
-0.378784,0.188599,0.861084
0.442627,-0.330566,0.954956
-0.496094,-0.066284,0.734863
0.183594,0.035767,1.008057
0.020996,-0.391968,0.763550
-0.470459,0.201782,0.838989
0.453613,-0.301147,0.969482
-0.425537,-0.140137,0.756714
0.100708,0.088501,1.015137
0.109619,-0.396729,0.810669
-0.537109,0.201050,0.805786
0.456055,-0.270874,0.982666
-0.323730,-0.192505,0.771240
0.001831,0.140625,1.014526
0.210449,-0.406372,0.849243
-0.568848,0.158447,0.783447
0.445312,-0.224243,0.988770
-0.220581,-0.248047,0.769897
-0.092529,0.169678,0.978638
0.303101,-0.416504,0.885010
-0.575439,0.118286,0.770874
0.405884,-0.150513,1.016846
-0.117188,-0.329590,0.765015
-0.194336,0.160645,0.922363
0.367310,-0.394897,0.914185
-0.555176,0.050537,0.758545
0.343506,-0.085083,1.016357
-0.048706,-0.381836,0.756836
-0.294922,0.153564,0.871704
0.423950,-0.373779,0.930054
-0.519165,-0.042358,0.727905
0.257568,-0.036255,0.997314
0.005737,-0.398315,0.757812
-0.388550,0.160522,0.841064
0.452759,-0.357788,0.943604
-0.470093,-0.108887,0.747803
0.168823,0.029541,1.009766
0.072388,-0.412964,0.783813
-0.469238,0.166260,0.807251
0.471313,-0.332520,0.962036
-0.393799,-0.162598,0.765137
0.073120,0.085205,1.012451
0.161621,-0.423706,0.821289
-0.531128,0.145752,0.781250
0.467163,-0.281128,0.986572
-0.290894,-0.214111,0.783081
-0.026489,0.135010,1.004150
0.262573,-0.445923,0.860474
-0.554810,0.104004,0.760254
0.441406,-0.213623,1.000977
-0.177124,-0.263306,0.792725
-0.118530,0.156128,0.974487
0.336670,-0.439819,0.898804
-0.549194,0.078125,0.774170
0.402954,-0.146484,1.021606
-0.086670,-0.333374,0.793091
-0.212646,0.156250,0.929932
0.404053,-0.431519,0.921509
-0.531738,0.000122,0.751465
0.335449,-0.087280,1.012695
-0.009155,-0.388672,0.778320
-0.298950,0.134644,0.877686
0.448608,-0.406372,0.947998
-0.494629,-0.082031,0.749390
0.257690,-0.038818,1.013794
0.039185,-0.420410,0.776855
-0.371704,0.130127,0.845947
0.477905,-0.379761,0.970581
-0.441040,-0.136841,0.762329
0.168213,0.015747,1.014160
0.097778,-0.437744,0.800781
-0.442139,0.138672,0.814575
0.496826,-0.347412,0.995483
-0.381836,-0.188477,0.764282
0.073242,0.083618,1.025513
0.201660,-0.466309,0.828369
-0.496094,0.107666,0.784668
0.499390,-0.300049,1.011719
-0.300659,-0.223389,0.780884
-0.020630,0.122559,1.016724
0.282104,-0.466064,0.870728
-0.519287,0.064697,0.772095
0.465576,-0.233154,1.029175
-0.191772,-0.241089,0.813354
-0.092407,0.144531,1.006348
0.350586,-0.454712,0.906738
-0.524292,0.062622,0.790283
0.426392,-0.161621,1.041626
-0.088867,-0.305786,0.826904
-0.162476,0.139893,0.980347
0.415039,-0.436035,0.951416
-0.491211,-0.009277,0.771118
0.363525,-0.086182,1.035889
0.005371,-0.367310,0.825562
-0.239868,0.143311,0.932007
0.464233,-0.415527,0.979736
-0.458130,-0.093872,0.764282
0.300293,-0.042480,1.040405
0.066040,-0.401978,0.819580
-0.303711,0.132080,0.907349
0.504395,-0.379272,1.010864
-0.418213,-0.141235,0.766846
0.231079,0.005249,1.036621
0.123047,-0.419922,0.827759
-0.372925,0.145874,0.884399
0.535522,-0.346924,1.033936
-0.381470,-0.186401,0.767822
0.148682,0.065308,1.052368
0.212891,-0.447754,0.859375
-0.418579,0.106934,0.830322
0.541992,-0.322021,1.044678
-0.299438,-0.231079,0.792969
0.061523,0.110229,1.052856
0.294800,-0.465332,0.887939
-0.458862,0.072144,0.798828
0.516846,-0.262451,1.053467
-0.224731,-0.242920,0.826782
-0.005981,0.138306,1.054688
0.362549,-0.457397,0.942017
-0.485474,0.065308,0.813477
0.483521,-0.192383,1.076782
-0.128662,-0.268921,0.847778
-0.075928,0.159058,1.051636
0.415161,-0.430176,0.979370
-0.469849,0.039062,0.815308
0.446899,-0.126709,1.089233
-0.034424,-0.323242,0.862793
-0.129150,0.153931,1.027588
0.471802,-0.413940,1.013672
-0.452759,-0.018799,0.803345
0.406494,-0.075195,1.096558
0.043945,-0.365723,0.867432
-0.191040,0.164673,1.010498
0.507690,-0.376953,1.042725
-0.426025,-0.082153,0.798096
0.357788,-0.024292,1.104980
0.076416,-0.353027,0.871338
-0.255493,0.179443,0.988770
0.547363,-0.336914,1.078735
-0.392700,-0.140869,0.798096
0.287109,0.027954,1.096680
0.159424,-0.386963,0.898193
-0.324219,0.161499,0.946411
0.577515,-0.318970,1.100220
-0.338623,-0.202148,0.799072
0.215576,0.073364,1.103149
0.245361,-0.420654,0.926270
-0.365723,0.119385,0.885132
0.575928,-0.276733,1.107544
-0.269775,-0.226318,0.824097
0.134399,0.124390,1.095093
0.318359,-0.428345,0.956543
-0.407227,0.095337,0.858887
0.564087,-0.218506,1.117920
-0.205200,-0.223633,0.853516
0.059082,0.156494,1.099121
0.378540,-0.418335,0.988525
-0.433228,0.077515,0.858276
0.538330,-0.172363,1.127197
-0.129517,-0.255859,0.867065
-0.019287,0.192261,1.103760
0.447876,-0.408325,1.017944
-0.441284,0.045776,0.852783
0.505859,-0.114502,1.140747
-0.029419,-0.295044,0.892334
-0.083008,0.187134,1.084351
0.480835,-0.379517,1.048096
-0.431641,-0.003174,0.846313
0.470337,-0.060181,1.158203
0.035156,-0.322998,0.895630
-0.150391,0.204224,1.061890
0.523682,-0.337524,1.088501
-0.409546,-0.060425,0.822876
0.405884,-0.007446,1.160034
0.060425,-0.344482,0.900513
-0.230469,0.199707,1.039551
0.562622,-0.315552,1.114624
-0.381958,-0.122925,0.812378
0.341309,0.036377,1.156616
0.137207,-0.369019,0.920654
-0.294067,0.173340,0.983887
0.591919,-0.292725,1.125366
-0.326172,-0.195190,0.825195
0.250122,0.081665,1.141724
0.221558,-0.394653,0.934448
-0.344849,0.141113,0.918579
0.594482,-0.271729,1.129028
-0.271484,-0.225220,0.843262
0.165405,0.121948,1.119873
0.298096,-0.417480,0.956543
-0.395508,0.104248,0.890259
0.580444,-0.232788,1.130371
-0.214966,-0.256714,0.851074
0.076294,0.143921,1.112793
0.357788,-0.398560,0.988525
-0.421143,0.076782,0.866211
0.551636,-0.170410,1.146240
-0.138672,-0.268555,0.869263
0.006470,0.163452,1.095703
0.403931,-0.379395,1.007935
-0.438721,0.032715,0.843262
0.520264,-0.130737,1.152588
-0.051514,-0.322876,0.863892
-0.061279,0.167114,1.080566
0.437134,-0.359009,1.022949
-0.435791,-0.007812,0.835327
0.479858,-0.083740,1.161255
-0.040405,-0.324707,0.857178
-0.133545,0.196899,1.070679
0.482910,-0.338013,1.054443
-0.438354,-0.039917,0.817749
0.437988,-0.052002,1.162354
-0.014404,-0.338257,0.857544
-0.216553,0.206177,1.043457
0.518921,-0.325806,1.066040
-0.421631,-0.078979,0.798950
0.378052,0.000488,1.159302
0.037964,-0.334717,0.876099
-0.284546,0.176636,0.985718
0.548218,-0.314697,1.097046
-0.390137,-0.157227,0.787354
0.297119,0.038208,1.141479
0.109863,-0.357666,0.891968
-0.339233,0.162354,0.939331
0.544434,-0.293091,1.087769
-0.351807,-0.208740,0.790161
0.218872,0.066772,1.121704
0.180664,-0.391968,0.899902
-0.398438,0.132812,0.902710
0.539551,-0.260254,1.096069
-0.318726,-0.243408,0.797485
0.140137,0.078247,1.094971
0.229858,-0.393433,0.914673
-0.432739,0.111328,0.865967
0.531250,-0.227661,1.101685
-0.280762,-0.267822,0.807617
0.062866,0.095581,1.072998
0.274292,-0.381470,0.935425
-0.449829,0.081909,0.845337
0.511475,-0.186890,1.105347
-0.200684,-0.285156,0.818115
-0.003540,0.101562,1.052856
0.305664,-0.389160,0.936523
-0.431396,-0.018799,0.834961
0.475708,-0.058350,1.168701
-0.174438,-0.305054,0.803955
-0.164429,0.216797,1.067749
0.500732,-0.350586,1.062134
-0.436523,-0.061035,0.816162
0.425171,-0.019043,1.164551
0.000000,-0.311401,0.865723
-0.219360,0.215210,1.041138
0.528076,-0.325195,1.079590
-0.432739,-0.106567,0.789185
0.373169,0.007812,1.163086
0.048584,-0.338501,0.875732
-0.277832,0.191772,0.993530
0.550537,-0.318726,1.091797
-0.394775,-0.165283,0.785156
0.308838,0.026733,1.147583
0.092529,-0.354126,0.885742
-0.319824,0.157959,0.947266
0.551147,-0.294922,1.097778
-0.358887,-0.200317,0.790894
0.244507,0.046387,1.129517
0.138184,-0.383667,0.887207
-0.363647,0.151611,0.919067
0.545044,-0.276733,1.090576
-0.336670,-0.233765,0.788452
0.184937,0.066284,1.112549
0.191284,-0.403442,0.902466
-0.409424,0.120972,0.885620
0.537231,-0.253662,1.098755
-0.324219,-0.243774,0.795288
0.121948,0.074097,1.089966
0.232666,-0.408447,0.906372
-0.433472,0.112305,0.864258
0.517090,-0.220581,1.091675
-0.294678,-0.252319,0.794922
0.066406,0.084351,1.073730
0.262329,-0.395020,0.920044
-0.453003,0.087402,0.846680
0.507446,-0.200684,1.097046
-0.231445,-0.282837,0.808838
0.013794,0.099487,1.066406
0.288330,-0.403442,0.919067
-0.475586,0.058960,0.817261
0.493042,-0.193604,1.086304
-0.198364,-0.284790,0.796997
-0.041382,0.110107,1.023926
0.319580,-0.383545,0.937622
-0.494995,0.031006,0.802979
0.473267,-0.166016,1.084717
-0.190796,-0.289185,0.770996
-0.105591,0.150391,1.020996
0.361328,-0.385254,0.949463
-0.513062,0.010986,0.780640
0.437500,-0.138184,1.095581
-0.167358,-0.298096,0.770386
-0.163208,0.170288,1.014648
0.383423,-0.368042,0.971802
-0.527832,-0.012329,0.763916
0.410156,-0.116699,1.081055
-0.149780,-0.295654,0.777588
-0.236572,0.175293,0.984497
0.409912,-0.374023,0.977417
-0.521973,-0.044678,0.754761
0.363159,-0.082520,1.086426
-0.133301,-0.309204,0.774658
-0.292847,0.185913,0.957520
0.431519,-0.373169,0.983154
-0.516846,-0.066895,0.748535
0.317871,-0.054321,1.078003
-0.101318,-0.337891,0.774170
-0.333862,0.188110,0.926636
0.444824,-0.365479,0.991089
-0.506836,-0.093140,0.733643
0.275024,-0.039062,1.070312
-0.062988,-0.366821,0.776978
-0.400513,0.186279,0.897583
0.453491,-0.353516,0.996582
-0.496094,-0.131470,0.723389
0.225464,-0.006348,1.063843
-0.023682,-0.373657,0.793457
-0.440552,0.192871,0.890015
0.456055,-0.330933,1.000122
-0.487183,-0.157837,0.723999
0.170044,0.020752,1.053467
0.033447,-0.394409,0.804565
-0.481689,0.189209,0.869019
0.450684,-0.317993,1.001343
-0.468750,-0.155640,0.737671
0.122681,0.038330,1.035156
0.070190,-0.400635,0.814697
-0.509155,0.171997,0.843872
0.451782,-0.299561,1.002441
-0.428711,-0.171997,0.746704
0.076172,0.054810,1.030762
0.099609,-0.407959,0.814331
-0.532349,0.166992,0.827148
0.450073,-0.274414,1.004150
-0.376709,-0.211060,0.750000
0.030762,0.070190,1.018921
0.148071,-0.436890,0.818237
-0.555054,0.150879,0.798950
0.435791,-0.258057,1.000000
-0.336304,-0.218872,0.755249
-0.001221,0.089111,1.005371
0.184082,-0.432617,0.833740
-0.574341,0.135254,0.784912
0.429443,-0.229858,1.010254
-0.303711,-0.249390,0.746460
-0.049683,0.107788,0.997925
0.213989,-0.439819,0.839966
-0.589722,0.122314,0.774292
0.423706,-0.210693,1.004028
-0.271118,-0.259155,0.727173
-0.085938,0.127075,0.978027
0.252808,-0.418701,0.873535
-0.597046,0.103760,0.753784
0.406616,-0.184326,1.002441
-0.245850,-0.283325,0.713257
-0.128540,0.144653,0.978516
0.287598,-0.417603,0.882812
-0.602417,0.096069,0.758057
0.389648,-0.165405,0.999268
-0.224976,-0.301758,0.712646
-0.169556,0.154541,0.960205
0.317749,-0.404907,0.903809
-0.611450,0.081665,0.750488
0.375366,-0.140747,1.009277
-0.202759,-0.319702,0.698975
-0.211426,0.166870,0.945312
0.351562,-0.395264,0.911865
-0.598511,0.061646,0.746460
0.341797,-0.113037,1.011353
-0.172485,-0.342163,0.701294
-0.271118,0.172729,0.924194
0.380981,-0.390869,0.925903
-0.584839,0.042480,0.736084
0.312622,-0.069336,1.010742
-0.133911,-0.364990,0.708496
-0.320557,0.199585,0.909058
0.399170,-0.374634,0.929443
-0.569214,-0.005127,0.725830
0.267456,-0.036499,1.008057
-0.108154,-0.388550,0.720337
-0.370850,0.203491,0.886597
0.427124,-0.366577,0.941284
-0.557373,-0.037964,0.708252
0.221680,-0.006836,0.995483
-0.068604,-0.387207,0.746216
-0.411133,0.219116,0.883911
0.432129,-0.341064,0.955444
-0.531372,-0.077759,0.703857
0.176636,0.035889,1.014282
-0.029785,-0.388062,0.749878
-0.457886,0.221802,0.865845
0.449829,-0.317627,0.963135
-0.487183,-0.105835,0.722534
0.124023,0.076294,1.020630
0.034546,-0.403198,0.770020
-0.506470,0.227539,0.853516
0.455322,-0.296753,0.971069
-0.433960,-0.135620,0.744873
0.091431,0.101318,1.026367
0.088135,-0.413940,0.793823
-0.544678,0.226685,0.830566
0.460815,-0.275391,0.972534
-0.367310,-0.174561,0.755493
0.046143,0.129395,1.026611
0.146240,-0.403564,0.821411
-0.567871,0.216797,0.806763
0.455322,-0.244629,0.988403
-0.308228,-0.201660,0.753662
-0.008545,0.140381,1.003540
0.207642,-0.391846,0.848633
-0.584839,0.192139,0.789673
0.442383,-0.210327,0.991089
-0.250122,-0.250000,0.750854
-0.070312,0.153076,0.984619
0.262085,-0.397461,0.875244
-0.584229,0.162109,0.778687
0.433228,-0.185547,1.000610
-0.191895,-0.260010,0.765869
-0.130249,0.157471,0.952026
0.318726,-0.386963,0.894653
-0.584595,0.119019,0.768066
0.400879,-0.135010,1.011353
-0.136108,-0.313110,0.747803
-0.194214,0.165894,0.921143
0.364990,-0.392944,0.911499
-0.575806,0.091553,0.761230
0.359375,-0.074219,1.012573
-0.092529,-0.351929,0.751831
-0.263062,0.171509,0.896606
0.400391,-0.390625,0.920410
-0.557129,0.029663,0.746460
0.316772,-0.055664,1.003662
-0.050293,-0.386719,0.741577
-0.314819,0.190308,0.876099
0.430542,-0.366211,0.935425
-0.533691,-0.025269,0.730713
0.257080,-0.016846,1.002808
-0.009155,-0.409424,0.744995
-0.367065,0.178955,0.861694
0.449829,-0.351807,0.945679
-0.513062,-0.065796,0.732056
0.200439,0.020386,1.003052
0.016846,-0.415771,0.750610
-0.413330,0.178101,0.842407
0.464844,-0.327759,0.965698
-0.474487,-0.091553,0.751221
0.144287,0.058350,1.011963
0.072388,-0.434570,0.777832
-0.470703,0.181274,0.822754
0.473022,-0.303101,0.973145
-0.430542,-0.116089,0.759888
0.105347,0.082764,1.014038
0.120972,-0.433472,0.796631
-0.511230,0.184082,0.804321
0.473145,-0.282715,0.977905
-0.370483,-0.168701,0.767822
0.044556,0.117188,1.013794
0.181274,-0.442139,0.825317
-0.535400,0.141235,0.773193
0.469482,-0.257324,0.992310
-0.314819,-0.193359,0.770630
-0.012695,0.140991,1.009888
0.240112,-0.455444,0.849976
-0.553467,0.107422,0.767212
0.456543,-0.225098,1.002319
-0.244507,-0.208130,0.786865
-0.076294,0.168579,0.994629
0.303223,-0.456177,0.869995
-0.562012,0.100952,0.765503
0.429199,-0.195312,1.005005
-0.175537,-0.245605,0.795288
-0.123657,0.145996,0.962524
0.337402,-0.437134,0.898071
-0.554443,0.080444,0.771729
0.408569,-0.151733,1.026001
-0.109619,-0.301636,0.794556
-0.178101,0.151489,0.941528
0.378174,-0.430420,0.915894
-0.547241,0.049072,0.771362
0.378052,-0.123779,1.013184
-0.053833,-0.358032,0.783447
-0.239502,0.173218,0.924316
0.418213,-0.424927,0.928833
-0.517700,-0.032471,0.749023
0.319336,-0.081299,1.005493
-0.001709,-0.405029,0.777344
-0.291504,0.162354,0.893921
0.448730,-0.405151,0.947510
-0.501953,-0.082520,0.739380
0.269287,-0.057617,1.003418
0.044434,-0.435547,0.778320
-0.339233,0.152344,0.864746
0.467896,-0.384155,0.961304
-0.470703,-0.111206,0.748535
0.221313,-0.021118,1.010864
0.081787,-0.454590,0.783325
-0.378662,0.144653,0.849854
0.484863,-0.359375,0.986572
-0.447876,-0.126221,0.756714
0.171387,0.011597,1.017700
0.118774,-0.457764,0.796509
-0.413208,0.130859,0.833618
0.495483,-0.325806,0.994873
-0.415771,-0.160889,0.755981
0.123535,0.040405,1.018066
0.168823,-0.463135,0.818115
-0.442505,0.132812,0.825684
0.502319,-0.318481,0.995117
-0.373047,-0.206787,0.746094
0.082886,0.067993,1.020386
0.214722,-0.476074,0.834473
-0.462646,0.097168,0.791504
0.509399,-0.300659,1.019653
-0.335571,-0.224365,0.761353
0.040283,0.093506,1.025024
0.263306,-0.483032,0.857666
-0.484009,0.078735,0.776733
0.496948,-0.286133,1.023438
-0.274292,-0.206909,0.813721
-0.004883,0.107910,1.018555
0.299927,-0.484009,0.885132
-0.488403,0.067627,0.778687
0.481201,-0.251709,1.029175
-0.218994,-0.227905,0.824585
-0.034302,0.124268,1.024414
0.329224,-0.460938,0.895996
-0.509033,0.067993,0.782715
0.476074,-0.223755,1.048584
-0.164917,-0.243530,0.835815
-0.064697,0.153198,1.024658
0.362915,-0.449707,0.925903
-0.502930,0.062256,0.801758
0.456299,-0.186890,1.059570
-0.121338,-0.274536,0.843750
-0.096558,0.165649,1.034424
0.398438,-0.448975,0.952148
-0.491943,0.038086,0.795166
0.444214,-0.162598,1.065796
-0.071655,-0.309570,0.835938
-0.134521,0.184570,1.025146
0.439453,-0.432129,0.974976
-0.482788,0.002563,0.792725
0.420654,-0.141479,1.076782
-0.007446,-0.358521,0.833862
-0.163818,0.196777,1.017700
0.467407,-0.413208,0.990845
-0.471069,-0.028076,0.786621
0.400024,-0.111572,1.083374
0.032959,-0.381836,0.849121
-0.198730,0.198486,1.016479
0.500732,-0.395630,1.018677
-0.465088,-0.048828,0.783691
0.383789,-0.087524,1.090576
0.068848,-0.398560,0.861450
-0.222900,0.187744,0.997559
0.512085,-0.366089,1.036011
-0.442261,-0.076904,0.783936
0.356445,-0.046997,1.099243
0.085449,-0.396606,0.860840
-0.247681,0.170898,0.986084
0.525879,-0.360229,1.043091
-0.424316,-0.101929,0.787720
0.338867,-0.027222,1.105957
0.105713,-0.377319,0.894897
-0.275146,0.185181,0.983643
0.539795,-0.339966,1.066528
-0.406860,-0.123413,0.780151
0.311157,-0.018311,1.093994
0.136963,-0.379883,0.901611
-0.287964,0.176270,0.974243
0.550659,-0.311157,1.085938
-0.389404,-0.152588,0.786133
0.291016,0.001709,1.095459
0.176758,-0.395752,0.911377
-0.314453,0.174194,0.962158
0.566284,-0.312988,1.091675
-0.365723,-0.177246,0.788208
0.257568,0.018433,1.098145
0.198486,-0.411865,0.917236
-0.317993,0.151489,0.953491
0.575439,-0.300415,1.106445
-0.352051,-0.188110,0.796021
0.231567,0.036743,1.102783
0.236816,-0.422485,0.929199
-0.335205,0.145020,0.936523
0.585815,-0.284302,1.115601
-0.332153,-0.189697,0.814453
0.207764,0.060791,1.100830
0.256592,-0.425537,0.942749
-0.349121,0.127197,0.913330
0.587036,-0.264526,1.121338
-0.292847,-0.209839,0.829346
0.179321,0.074585,1.103027
0.279419,-0.432251,0.947388
-0.364868,0.103882,0.892212
0.586304,-0.249512,1.129272
-0.274414,-0.219238,0.834595
0.154419,0.100708,1.102173
0.307373,-0.445312,0.949585
-0.371094,0.097412,0.890015
0.573853,-0.231445,1.134644
-0.247437,-0.239990,0.846558
0.124146,0.126831,1.114868
0.332153,-0.444702,0.966797
-0.402344,0.092773,0.886353
0.576904,-0.227295,1.135010
-0.228271,-0.225952,0.850342
0.100830,0.135742,1.113037
0.353149,-0.433472,0.979248
-0.401733,0.094116,0.888184
0.560303,-0.195801,1.142456
-0.213989,-0.220459,0.860474
0.082764,0.152466,1.112061
0.380127,-0.427856,0.984741
-0.418823,0.100708,0.883057
0.552734,-0.172485,1.145020
-0.190552,-0.228271,0.871948
0.066040,0.148682,1.108643
0.382324,-0.414673,0.992798
-0.420044,0.073120,0.874634
0.551514,-0.174805,1.145020
-0.170532,-0.233154,0.877686
0.039062,0.162842,1.105713
0.391479,-0.403076,0.997070
-0.419800,0.066528,0.869507
0.546143,-0.160889,1.148071
-0.145264,-0.254272,0.865479
0.017212,0.166016,1.107666
0.401245,-0.398560,1.007568
-0.427856,0.049072,0.866699
0.536987,-0.161255,1.143799
-0.123047,-0.284424,0.869629
-0.004639,0.169678,1.095947
0.406860,-0.392700,1.016357
-0.434692,0.036987,0.862183
0.528076,-0.151489,1.148071
-0.101440,-0.300293,0.857056
-0.028076,0.173462,1.089844
0.412964,-0.387329,1.003296
-0.428223,0.023315,0.851562
0.523804,-0.138550,1.155396
-0.092773,-0.304443,0.846191
-0.046021,0.175781,1.087036
0.423462,-0.390137,1.003418
-0.447144,0.022461,0.848389
0.515625,-0.132568,1.154541
-0.091919,-0.319458,0.836182
-0.061401,0.167603,1.069214
0.424927,-0.383301,1.010132
-0.451172,0.015991,0.840942
0.506836,-0.109741,1.155273
-0.099487,-0.323242,0.820801
-0.077637,0.169189,1.064453
0.418701,-0.377441,1.005615
-0.457520,0.010864,0.829224
0.494385,-0.100342,1.148682
-0.102417,-0.308838,0.818970
-0.097534,0.165283,1.048462
0.428955,-0.371216,1.003906
-0.473755,0.007324,0.817627
0.483032,-0.110840,1.140503
-0.097656,-0.302856,0.818604
-0.120483,0.181763,1.045654
0.425171,-0.359863,1.004272
-0.485474,-0.001953,0.809937
0.468506,-0.114136,1.134766
-0.096436,-0.321899,0.806763
-0.148315,0.181030,1.039429
0.427612,-0.359741,1.005737
-0.491333,-0.004028,0.801270
0.448486,-0.102417,1.138672
-0.096436,-0.319336,0.821045
-0.188354,0.203247,1.036865
0.434692,-0.361450,1.006104
-0.489258,-0.038818,0.786255
0.423340,-0.084961,1.135620
-0.097412,-0.314087,0.809570
-0.218506,0.200073,1.015259
0.453979,-0.359619,1.009399
-0.488770,-0.050659,0.780884
0.397583,-0.067627,1.132568
-0.088745,-0.313599,0.811157
-0.253174,0.187744,0.987305
0.464722,-0.363770,1.020508
-0.493652,-0.057007,0.773193
0.365723,-0.044434,1.117798
-0.081543,-0.321411,0.807129
-0.276978,0.184570,0.970337
0.467407,-0.355469,1.016357
-0.485474,-0.078491,0.764282
0.332275,-0.032471,1.107544
-0.060059,-0.314087,0.819092
-0.301514,0.173584,0.950073
0.455444,-0.345825,1.012451
-0.486572,-0.111328,0.744629
0.308350,-0.023682,1.097412
-0.044067,-0.334595,0.811523
-0.339600,0.166138,0.926758
0.458008,-0.343994,1.005859
-0.474854,-0.125854,0.736572
0.274170,-0.016235,1.092163
-0.024048,-0.342529,0.814697
-0.369019,0.180298,0.919556
0.453491,-0.333496,1.006104
-0.470581,-0.141846,0.723755
0.244141,-0.001343,1.077759
0.002441,-0.355713,0.820435
-0.401367,0.179688,0.908325
0.463989,-0.322754,1.011719
-0.476074,-0.150635,0.722412
0.200439,0.009277,1.066895
0.025635,-0.378784,0.820068
-0.418579,0.163452,0.883545
0.456299,-0.311401,1.015869
-0.474609,-0.145386,0.732544
0.175659,0.023560,1.060425
0.049438,-0.391235,0.816406
-0.459839,0.177612,0.869385
0.461670,-0.311035,1.004639
-0.468628,-0.168579,0.726440
0.144165,0.030151,1.048950
0.071167,-0.399292,0.822510
-0.492554,0.177490,0.854126
0.465088,-0.310425,1.006836
-0.444702,-0.192017,0.737061
0.104004,0.064453,1.046021
0.098511,-0.399170,0.825195
-0.505859,0.158447,0.839233
0.451660,-0.299438,1.004150
-0.414551,-0.177246,0.758789
0.074219,0.064941,1.035645
0.122314,-0.411011,0.833130
-0.521729,0.161865,0.830688
0.452637,-0.289062,1.001953
-0.373901,-0.207520,0.750732
0.042725,0.088379,1.031006
0.146606,-0.414062,0.830322
-0.547974,0.169312,0.818237
0.455566,-0.270142,1.001221
-0.342773,-0.247437,0.745117
0.001587,0.102783,1.016235
0.175903,-0.428833,0.836792
-0.558960,0.132690,0.794556
0.446899,-0.248291,1.004150
-0.322266,-0.267090,0.729248
-0.031982,0.115967,1.005859
0.208374,-0.447388,0.837036
-0.571411,0.128662,0.785034
0.430298,-0.227173,1.007446
-0.296265,-0.267944,0.728638
-0.073120,0.122925,0.991699
0.231079,-0.444946,0.841431
-0.586548,0.114990,0.765991
0.426636,-0.214355,1.006104
-0.272461,-0.255615,0.728516
-0.101196,0.144165,0.981812
0.262085,-0.441406,0.860107
-0.595337,0.108154,0.763062
0.406738,-0.192017,1.009644
-0.248291,-0.290283,0.716309
-0.133911,0.139404,0.963257
0.281128,-0.422363,0.871826
-0.591797,0.099365,0.760010
0.402344,-0.170532,1.011475
-0.237061,-0.299561,0.707275
-0.157959,0.145630,0.968628
0.292480,-0.412598,0.879150
-0.603271,0.093140,0.754150
0.394043,-0.166992,1.001343
-0.216064,-0.288208,0.724609
-0.181396,0.162109,0.956909
0.310791,-0.408081,0.894165
-0.599731,0.077515,0.750122
0.385132,-0.147583,1.003296
-0.202515,-0.307495,0.707886
-0.205811,0.173828,0.940186
0.338013,-0.395264,0.890991
-0.601562,0.071411,0.743286
0.359497,-0.143921,1.003784
-0.183594,-0.327881,0.714355
-0.228638,0.180298,0.937500
0.356201,-0.390137,0.904663
-0.597534,0.066650,0.737061
0.345215,-0.116211,1.005981
-0.167480,-0.338501,0.708740
-0.269043,0.189697,0.932739
0.376953,-0.392578,0.911255
-0.587280,0.063110,0.746582
0.326782,-0.087646,1.000488
-0.143311,-0.346191,0.722290
-0.294434,0.188232,0.918701
0.387939,-0.378662,0.915161
-0.584351,0.049438,0.737671
0.308472,-0.061523,1.009399
-0.119507,-0.353516,0.728394
-0.322754,0.200684,0.906372
0.403564,-0.363403,0.936157
-0.573730,0.011719,0.720337
0.278198,-0.031250,1.005005
-0.096191,-0.372559,0.729370
-0.361816,0.193481,0.890381
0.403809,-0.358765,0.932495
-0.565308,0.001221,0.716064
0.258057,-0.019165,1.004639
-0.071777,-0.367676,0.747803
-0.384277,0.203613,0.876221
0.416260,-0.357300,0.939087
-0.555664,-0.032349,0.713501
0.229492,-0.002075,1.003540
-0.037720,-0.386475,0.750122
-0.411011,0.213135,0.880981
0.423096,-0.335327,0.948486
-0.538452,-0.058350,0.704590
0.208740,0.010986,1.007202
-0.020874,-0.377075,0.768921
-0.431763,0.221313,0.873657
0.432739,-0.324341,0.954712
-0.520020,-0.088379,0.711182
0.182983,0.035400,1.011475
0.007690,-0.383423,0.778320
-0.446411,0.212036,0.865234
0.443115,-0.310059,0.961670
-0.516602,-0.091064,0.718018
0.158813,0.046265,1.016235
0.041870,-0.405518,0.784058
-0.464233,0.221802,0.863037
0.439453,-0.287476,0.961182
-0.476318,-0.094360,0.738037
0.138550,0.051392,1.009766
0.058716,-0.401978,0.796753
-0.478638,0.225098,0.846802
0.453857,-0.277344,0.963623
-0.468262,-0.105103,0.744507
0.125366,0.065430,1.014038
0.083008,-0.411865,0.801270
-0.494019,0.216553,0.829346
0.459717,-0.271240,0.977661
-0.440063,-0.124268,0.750732
0.103882,0.082153,1.019287
0.102173,-0.410278,0.804688
-0.510742,0.213989,0.830811
0.468140,-0.263916,0.985352
-0.415771,-0.096924,0.767334
0.077026,0.088135,1.013428
0.130615,-0.437378,0.803955
-0.527344,0.214478,0.815674
0.472900,-0.258423,0.983276
-0.262695,-0.227295,0.743408
-0.076416,0.159424,0.985107
0.257080,-0.427979,0.856201
-0.606445,0.160645,0.776489
0.432129,-0.190063,0.993530
-0.246338,-0.249146,0.736084
-0.098877,0.174561,0.979370
0.288940,-0.422607,0.872192
-0.607300,0.155151,0.775146
0.423584,-0.171997,1.003174
-0.220093,-0.272217,0.732422
-0.121826,0.165894,0.961914
0.309570,-0.410889,0.881226
-0.602905,0.145996,0.762207
0.425049,-0.151978,1.016602
-0.190674,-0.276367,0.743408
-0.152100,0.173584,0.942383
0.324097,-0.413086,0.887451
-0.594116,0.123901,0.765991
0.413452,-0.142578,1.013306
-0.166870,-0.295654,0.738281
-0.174316,0.168945,0.931763
0.347778,-0.398438,0.893433
-0.592773,0.108765,0.759277
0.405518,-0.127197,1.024292
-0.145386,-0.313110,0.748901
-0.198975,0.187744,0.926758
0.362915,-0.402954,0.902710
-0.577515,0.091675,0.769287
0.382446,-0.083618,1.026245
-0.117188,-0.327637,0.744507
-0.228760,0.183228,0.918579
0.376465,-0.409424,0.904419
-0.575195,0.088623,0.767334
0.368286,-0.078857,1.018066
-0.097534,-0.322754,0.761353
-0.233398,0.185425,0.908203
0.385132,-0.395020,0.915039
-0.567505,0.061768,0.752563
0.350342,-0.078857,1.012939
-0.086548,-0.341064,0.749756
-0.256226,0.185547,0.904175
0.411743,-0.391602,0.920044
-0.570068,0.053467,0.751709
0.331055,-0.069214,1.004639
-0.068115,-0.368286,0.743042
-0.281128,0.183105,0.893066
0.422363,-0.378296,0.938477
-0.557983,0.020508,0.740845
0.317261,-0.060547,0.998901
-0.062500,-0.382324,0.735352
-0.309692,0.185181,0.883179
0.433350,-0.387939,0.938843
-0.551270,0.009277,0.739502
0.290405,-0.041138,1.006836
-0.037109,-0.397217,0.739990
-0.325195,0.180542,0.880249
0.439697,-0.383057,0.935913
-0.542725,-0.007080,0.738525
0.275513,-0.029053,1.004761
-0.012207,-0.410767,0.742554
-0.348389,0.174683,0.868408
0.450439,-0.374878,0.943970
-0.528564,-0.031494,0.734375
0.258911,-0.002075,1.014526
-0.009644,-0.406494,0.752686
-0.351074,0.158691,0.864624
0.453979,-0.383301,0.942627
-0.524170,-0.031006,0.739502
0.248047,-0.008789,1.006226
0.010620,-0.417480,0.754150
-0.359619,0.156006,0.858154
0.456421,-0.379761,0.944214
-0.519897,-0.046387,0.738159
0.240234,-0.006348,1.007080
0.021606,-0.401978,0.758179
-0.360718,0.144531,0.842163
0.464722,-0.378906,0.951172
-0.518555,-0.055420,0.728760
0.229858,0.013794,1.012329
0.027832,-0.410645,0.762695
-0.373169,0.157837,0.848633
0.473877,-0.385254,0.954468
-0.517944,-0.056641,0.738403
0.226440,-0.004639,1.010620
0.050171,-0.421509,0.773438
-0.388184,0.160034,0.843994
0.467407,-0.373169,0.958130
-0.499390,-0.086426,0.731445
0.218262,-0.008667,1.011963
0.049438,-0.429688,0.766846
-0.392944,0.164429,0.841431
0.481812,-0.385010,0.960449
-0.487427,-0.102783,0.745117
0.216553,-0.011230,1.002686
0.045898,-0.422607,0.768799
-0.395020,0.159180,0.840820
0.490479,-0.403809,0.966675
-0.480835,-0.116211,0.737549
0.204346,-0.004150,1.003540
0.062500,-0.426758,0.767578
-0.398193,0.150635,0.840454
0.493774,-0.388062,0.970459
-0.470947,-0.120239,0.760376
0.205322,0.008789,1.019287
0.074707,-0.444092,0.775635
-0.393433,0.164429,0.850464
0.491943,-0.394409,0.965698
-0.467651,-0.127808,0.749512
0.203735,-0.005127,1.022827
0.069946,-0.438599,0.778198
-0.402344,0.149902,0.837158
0.497925,-0.386353,0.977173
-0.463257,-0.136719,0.748779
0.191406,0.011108,1.020142
0.081543,-0.445923,0.782104
-0.389404,0.154175,0.847534
0.505127,-0.394165,0.977417
-0.466431,-0.139038,0.743652
0.197754,0.004395,1.023560
0.082642,-0.435791,0.785400
-0.403076,0.153809,0.849121
0.516235,-0.398560,0.983276
-0.451050,-0.148560,0.758301
0.183228,0.009399,1.018799
0.100342,-0.452759,0.791504
-0.384277,0.146484,0.865601
0.505737,-0.377808,0.986938
-0.447510,-0.121216,0.760742
0.196533,0.011475,1.025146
0.103882,-0.455566,0.798706
-0.389648,0.152466,0.863892
0.512329,-0.374268,0.994995
-0.439453,-0.146973,0.755249
0.189575,0.023926,1.040894
0.119751,-0.448975,0.810425
-0.386475,0.138062,0.862061
0.512817,-0.361694,1.004639
-0.435669,-0.154419,0.741089
0.188721,0.027466,1.033569
0.131348,-0.454712,0.818237
-0.376831,0.134033,0.870972
0.505493,-0.350220,1.003418
-0.429321,-0.155518,0.748169
0.189453,0.012695,1.037964
0.145996,-0.444458,0.836914
-0.375122,0.136841,0.875732
0.511719,-0.347534,1.012939
-0.418091,-0.148315,0.760132
0.196167,0.011597,1.041382
0.145996,-0.450439,0.834351
-0.370239,0.141113,0.892944
0.524170,-0.344727,1.023071
-0.420166,-0.164307,0.758057
0.197510,0.007690,1.042603
0.154419,-0.445435,0.838623
-0.369873,0.148193,0.884521
0.538818,-0.329956,1.037964
-0.412231,-0.153687,0.759888
0.198853,0.012817,1.047241
0.164795,-0.446777,0.859009
-0.373291,0.142212,0.889404
0.537354,-0.348022,1.030518
-0.395386,-0.149780,0.780029
0.194092,0.025635,1.050781
0.167480,-0.439209,0.865234
-0.364990,0.137207,0.895386
0.547852,-0.333252,1.051270
-0.392090,-0.180786,0.760498
0.208252,0.018799,1.072388
0.168091,-0.442139,0.860840
-0.364990,0.148071,0.904053
0.557983,-0.339844,1.055542
-0.383911,-0.172119,0.786743
0.210693,0.022095,1.068115
0.169800,-0.434814,0.867188
-0.354126,0.136963,0.901978
0.556885,-0.345459,1.053223
-0.381836,-0.181641,0.777344
0.222534,0.016357,1.068481
0.185425,-0.431030,0.882568
-0.356934,0.148682,0.911011
0.563354,-0.333496,1.064453
-0.370972,-0.172119,0.784912
0.230103,0.035889,1.081177
0.184814,-0.413696,0.889648
-0.338989,0.142456,0.916992
0.569946,-0.328125,1.078247
-0.370117,-0.177979,0.772705
0.227539,0.040771,1.083618
0.193848,-0.421631,0.898071
-0.333496,0.140259,0.924194
0.569458,-0.314697,1.088013
-0.367554,-0.163208,0.789795
0.234253,0.028442,1.085327
0.196411,-0.423462,0.906616
-0.331787,0.138428,0.930176
0.570435,-0.312744,1.085327
-0.362671,-0.171753,0.792725
0.248291,0.049072,1.100464
0.203491,-0.400269,0.921875
-0.330811,0.165649,0.937622
0.571289,-0.311157,1.091187
-0.352783,-0.183350,0.801758
0.250610,0.049927,1.108032
0.209351,-0.411133,0.930176
-0.334229,0.149780,0.931396
0.578369,-0.320068,1.094971
-0.346191,-0.195312,0.797241
0.243408,0.047852,1.102783
0.208740,-0.396240,0.935425
-0.322876,0.132812,0.936035
0.585449,-0.300537,1.112427
-0.348145,-0.191284,0.797729
0.240723,0.051025,1.102295
0.222778,-0.401611,0.931152
-0.332886,0.147461,0.944702
0.586792,-0.293579,1.110229
-0.334229,-0.202881,0.796875
0.232300,0.069824,1.115356
0.236816,-0.413940,0.936157
-0.332642,0.139282,0.937012
0.583984,-0.288452,1.114746
-0.333740,-0.192261,0.813477
0.227173,0.063110,1.109497
0.249878,-0.413330,0.953491
-0.336304,0.135742,0.935303
0.583130,-0.267822,1.118530
-0.313721,-0.200562,0.816528
0.221924,0.063232,1.119141
0.259399,-0.420654,0.953735
-0.345703,0.138306,0.918213
0.586426,-0.256714,1.123657
-0.302368,-0.206421,0.819214
0.208618,0.073364,1.121094
0.274536,-0.434814,0.949829
-0.355225,0.126465,0.912109
0.586426,-0.252441,1.121704
-0.287842,-0.216187,0.828979
0.191040,0.082031,1.120850
0.287109,-0.430298,0.960693
-0.360107,0.111084,0.905029
0.581543,-0.251343,1.120361
-0.275635,-0.213013,0.840820
0.170288,0.101318,1.119751
0.295898,-0.412109,0.967896
-0.375244,0.126587,0.907715
0.580811,-0.244995,1.135620
-0.260254,-0.224121,0.848511
0.155640,0.105225,1.121704
0.308960,-0.416626,0.968384
-0.380859,0.103027,0.894653
0.575806,-0.231689,1.136230
-0.254761,-0.235840,0.838989
0.140137,0.111206,1.121216
0.323242,-0.418823,0.965088
-0.397339,0.120483,0.895020
0.579956,-0.224731,1.133057
-0.241455,-0.248047,0.845825
0.118530,0.116699,1.118042
0.317749,-0.412598,0.969116
-0.394653,0.094116,0.893555
0.577515,-0.229736,1.142578
-0.253540,-0.246704,0.836548
0.101685,0.114136,1.105957
0.325562,-0.418701,0.964233
-0.403687,0.102539,0.895508
0.575073,-0.215942,1.139771
-0.245117,-0.229980,0.843506
0.092285,0.123413,1.111816
0.329712,-0.413818,0.968140
-0.395386,0.087769,0.880737
0.565918,-0.200684,1.135986
-0.239136,-0.238525,0.849243
0.074097,0.126709,1.100098
0.320923,-0.412964,0.963013
-0.408325,0.074707,0.885254
0.558228,-0.201660,1.132446
-0.237915,-0.229248,0.844116
0.067993,0.116699,1.097778
0.321777,-0.410156,0.961304
-0.414429,0.080811,0.873779
0.554565,-0.195068,1.129517
-0.235962,-0.233154,0.847412
0.064453,0.110352,1.085693
0.316162,-0.412476,0.957520
-0.424561,0.078247,0.869629
0.555054,-0.192383,1.131470
-0.242432,-0.237671,0.828979
0.061401,0.111938,1.087158
0.317139,-0.403564,0.954712
-0.427490,0.073242,0.866089
0.553589,-0.208252,1.130737
-0.240356,-0.239014,0.833984
0.058472,0.123901,1.091064
0.304199,-0.411499,0.944336
-0.425415,0.074951,0.867920
0.543579,-0.208252,1.114990
-0.264771,-0.215942,0.823730
0.066040,0.106812,1.084106
0.298706,-0.413574,0.933960
-0.432373,0.076782,0.859863
0.536865,-0.198608,1.111572
-0.277710,-0.227539,0.809814
0.066040,0.114258,1.089233
0.290527,-0.422363,0.929932
-0.437622,0.100342,0.870850
0.531006,-0.207397,1.109131
-0.311768,-0.222778,0.791382
0.073364,0.092041,1.074463
0.276367,-0.422119,0.925537
-0.440918,0.109131,0.873169
0.528564,-0.204346,1.100708
-0.316895,-0.220093,0.797852
0.079346,0.076782,1.078247
0.258179,-0.430298,0.916016
-0.445801,0.109009,0.862793
0.521118,-0.205811,1.092529
-0.331543,-0.196777,0.795898
0.082764,0.060669,1.062256
0.246338,-0.425293,0.902954
-0.454468,0.118652,0.858765
0.523560,-0.210571,1.088867
-0.353638,-0.182861,0.786377
0.097046,0.060791,1.077637
0.215454,-0.422485,0.892700
-0.466675,0.130005,0.858521
0.516235,-0.235352,1.071655
-0.364868,-0.207275,0.779419
0.101074,0.044312,1.067139
0.192505,-0.404785,0.889771
-0.463867,0.125610,0.854492
0.506836,-0.251709,1.066284
-0.375244,-0.206543,0.775635
0.109131,0.047241,1.073120
0.170654,-0.405151,0.866699
-0.468262,0.152954,0.866943
0.504639,-0.269165,1.054321
-0.401123,-0.196289,0.758057
0.118896,0.037476,1.054199
0.147461,-0.396240,0.866821
-0.471924,0.158081,0.857910
0.501343,-0.275146,1.058594
-0.414062,-0.204834,0.751709
0.122192,0.047607,1.060791
0.134155,-0.412231,0.852783
-0.463013,0.158936,0.859985
0.487793,-0.282593,1.034912
-0.432861,-0.151733,0.765625
0.146118,0.031738,1.070435
0.105957,-0.414185,0.833496
-0.464844,0.166748,0.866943
0.484863,-0.291992,1.034668
-0.449951,-0.150269,0.759888
0.154907,0.028320,1.066284
0.088013,-0.409668,0.829956
-0.471191,0.176514,0.867554
0.474487,-0.303955,1.018066
-0.458252,-0.188354,0.726685
0.156250,0.020508,1.056641
0.073730,-0.401855,0.827393
-0.475220,0.188477,0.869141
0.473755,-0.314331,1.015015
-0.469849,-0.160400,0.730225
0.150635,0.032593,1.049683
0.062866,-0.397095,0.820801
-0.475830,0.184692,0.879517
0.464722,-0.324707,1.009644
-0.486328,-0.156494,0.718994
0.162964,0.023071,1.038574
0.041016,-0.392578,0.819824
-0.472168,0.197266,0.876831
0.454224,-0.322632,1.001221
-0.501953,-0.131714,0.717163
0.169678,0.009155,1.046021
0.023438,-0.399048,0.803833
-0.469482,0.201782,0.873413
0.446899,-0.332642,0.988892
-0.509399,-0.105469,0.723022
0.187500,-0.000244,1.046021
-0.004883,-0.395142,0.791870
-0.461060,0.205078,0.880127
0.443481,-0.342529,0.979248
-0.525879,-0.112061,0.713745
0.196533,-0.013794,1.041870
-0.022217,-0.394287,0.781982
-0.445435,0.211548,0.888184
0.440430,-0.362427,0.972412
-0.546875,-0.091675,0.708496
0.216553,-0.033325,1.037354
-0.049316,-0.391479,0.774658
-0.446167,0.220337,0.891846
0.437500,-0.371460,0.972290
-0.543823,-0.079712,0.710205
0.226440,-0.031494,1.034424
-0.067505,-0.381836,0.760254
-0.427490,0.219238,0.889771
0.434082,-0.377319,0.951416
-0.555664,-0.071045,0.706909
0.235962,-0.034546,1.029785
-0.083130,-0.391479,0.756470
-0.414795,0.212646,0.896973
0.429077,-0.389404,0.951538
-0.562012,-0.048950,0.711060
0.244873,-0.024902,1.032959
-0.095337,-0.375854,0.747314
-0.410889,0.210938,0.898071
0.431519,-0.393066,0.944824
-0.567505,-0.037476,0.704102
0.246338,-0.023071,1.027222
-0.097778,-0.376953,0.750000
-0.378784,0.204346,0.909180
0.415771,-0.379272,0.943970
-0.582520,-0.023315,0.701660
0.263184,-0.046631,1.010498
-0.100220,-0.359131,0.755981
-0.370117,0.208984,0.903564
0.407104,-0.368164,0.946655
-0.588623,-0.008667,0.702026
0.265503,-0.056885,1.015991
-0.099854,-0.371460,0.750732
-0.376099,0.204956,0.902588
0.405151,-0.367554,0.932617
-0.580322,-0.000854,0.704468
0.269409,-0.065796,1.011963
-0.103882,-0.387573,0.739990
-0.360596,0.204224,0.897827
0.398315,-0.372070,0.932495
-0.581055,-0.004272,0.704590
0.276733,-0.058594,1.013184
-0.113159,-0.384766,0.730469
-0.355225,0.209595,0.900757
0.407104,-0.375488,0.925781
-0.586548,0.005493,0.713989
0.273315,-0.058105,1.007568
-0.109375,-0.389404,0.724854
-0.355469,0.211060,0.898560
0.402710,-0.377075,0.929077
-0.589233,0.009033,0.711182
0.276123,-0.047119,1.013550
-0.109009,-0.389648,0.725586
-0.342285,0.216553,0.916016
0.406738,-0.365723,0.932617
-0.595093,0.022095,0.719360
0.278320,-0.058960,1.000000
-0.094971,-0.383057,0.726074
-0.342896,0.198730,0.906006
0.402222,-0.354736,0.930420
-0.579224,0.033325,0.713257
0.285400,-0.055420,1.003906
-0.094116,-0.379395,0.732178
-0.325928,0.189575,0.894409
0.392456,-0.360840,0.919922
-0.578125,0.025024,0.722168
0.300537,-0.057129,1.011963
-0.095093,-0.370850,0.726074
-0.327148,0.194458,0.893066
0.400635,-0.367188,0.921509
-0.581787,0.046387,0.719116
0.302734,-0.060181,0.996338
-0.087036,-0.351318,0.746216
-0.318115,0.194458,0.896118
0.395386,-0.360474,0.920410
-0.583130,0.051025,0.723877
0.306274,-0.059814,0.993774
-0.093872,-0.339111,0.744263
-0.295410,0.179932,0.898926
0.390869,-0.354614,0.923218
-0.587402,0.049438,0.724365
0.316772,-0.072266,0.996338
-0.084106,-0.364380,0.741699
-0.289551,0.184692,0.897461
0.388794,-0.355225,0.908691
-0.587891,0.066528,0.732300
0.340576,-0.092773,1.001831
-0.087036,-0.361694,0.739990
-0.291138,0.196411,0.895020
0.387817,-0.353516,0.916504
-0.578857,0.048828,0.732910
0.351196,-0.090698,1.014282
-0.098633,-0.361694,0.727783
-0.276489,0.206909,0.907104
0.390747,-0.372803,0.910767
-0.588135,0.066040,0.740967
0.359253,-0.090698,1.010864
-0.100952,-0.363037,0.730469
-0.262207,0.196777,0.903442
0.391479,-0.377075,0.911987
-0.584106,0.073608,0.752075
0.360596,-0.100586,1.007202
-0.107422,-0.343872,0.736694
-0.246094,0.183472,0.906128
0.378174,-0.377563,0.911743
-0.582886,0.076660,0.761108
0.376465,-0.108398,1.022095
-0.108276,-0.366821,0.738281
-0.221802,0.182617,0.920776
0.374268,-0.375122,0.918335
-0.589355,0.087280,0.763428
0.383057,-0.116577,1.020020
-0.105469,-0.351318,0.748535
-0.216064,0.195923,0.931519
0.372559,-0.385864,0.908447
-0.588501,0.112915,0.771606
0.395142,-0.133911,1.007935
-0.111328,-0.333496,0.764893
-0.195679,0.197998,0.929199
0.365845,-0.380737,0.906982
-0.581055,0.108521,0.766602
0.399414,-0.146484,1.012695
-0.114014,-0.324341,0.772827
-0.172729,0.186035,0.937622
0.351685,-0.380737,0.903564
-0.582397,0.126221,0.774292
0.418823,-0.165771,1.017212
-0.117065,-0.311646,0.782104
-0.169922,0.198364,0.937988
0.344727,-0.387329,0.897339
-0.575684,0.106567,0.772583
0.423096,-0.172363,1.013062
-0.128662,-0.308105,0.774292
-0.164307,0.207520,0.946167
0.344360,-0.406494,0.895508
-0.580322,0.114502,0.773438
0.431519,-0.174072,1.020264
-0.143188,-0.281006,0.784912
-0.144897,0.201538,0.953735
0.330566,-0.390259,0.884155
-0.581055,0.117920,0.782471
0.444458,-0.190063,1.021729
-0.161133,-0.261963,0.782715
-0.139648,0.213135,0.967773
0.318970,-0.419800,0.880493
-0.571899,0.104126,0.768188
0.454102,-0.202148,1.023926
-0.187500,-0.243530,0.788086
-0.126343,0.202637,0.976929
0.316650,-0.445435,0.871704
-0.561157,0.106934,0.774902
0.462158,-0.215454,1.017700
-0.224609,-0.216797,0.787109
-0.101440,0.176514,0.974854
0.302124,-0.468750,0.854736
-0.559448,0.102661,0.765991
0.464355,-0.226440,1.013672
-0.263428,-0.187134,0.787598
-0.072876,0.165405,0.987305
0.291016,-0.485107,0.851074
-0.548950,0.109131,0.772461
0.470703,-0.235474,1.008789
-0.293335,-0.168213,0.785278
-0.042969,0.145020,0.989502
0.267822,-0.500977,0.831421
-0.539551,0.119263,0.769531
0.484253,-0.255371,1.008789
-0.320679,-0.158691,0.785156
-0.016602,0.131836,1.003662
0.243408,-0.506592,0.820190
-0.520020,0.120483,0.772827
0.482056,-0.266602,1.004272
-0.356323,-0.167603,0.766602
0.018066,0.102783,1.008179
0.220093,-0.507324,0.815063
-0.501343,0.115845,0.778809
0.491821,-0.282227,0.994263
-0.384033,-0.134399,0.765137
0.045654,0.099854,1.004028
0.197998,-0.506592,0.800415
-0.478394,0.126953,0.798706
0.492676,-0.309570,0.997925
-0.418701,-0.156616,0.746338
0.088623,0.062378,1.005981
0.167725,-0.480225,0.801025
-0.453369,0.149414,0.811890
0.497437,-0.315186,0.997192
-0.434570,-0.146362,0.738403
0.119019,0.042114,1.013184
0.143311,-0.487793,0.789429
-0.423584,0.149780,0.824585
0.488159,-0.313354,0.995117
-0.447632,-0.143066,0.732300
0.153076,0.019775,1.008545
0.125244,-0.479492,0.786865
-0.416992,0.160645,0.828491
0.494751,-0.352661,0.988037
-0.446655,-0.147339,0.741821
0.185059,-0.002441,1.013428
0.101196,-0.454834,0.780518
-0.401001,0.165283,0.845215
0.505127,-0.374878,0.982788
-0.453003,-0.155396,0.744507
0.202148,-0.014648,1.016846
0.094604,-0.444336,0.790405
-0.377930,0.156982,0.862305
0.497192,-0.392456,0.978516
-0.465088,-0.145630,0.747681
0.226562,-0.025391,1.025391
0.088745,-0.437012,0.797363
-0.360596,0.169556,0.879028
0.501221,-0.401855,0.977783
-0.466553,-0.147461,0.741577
0.244141,-0.024048,1.024536
0.076660,-0.420898,0.792358
-0.345703,0.162231,0.892578
0.506104,-0.435425,0.979980
-0.462891,-0.140869,0.746460
0.248901,-0.007446,1.040649
0.065552,-0.403442,0.803711
-0.321777,0.147949,0.902588
0.509277,-0.430664,0.987183
-0.474121,-0.121948,0.745728
0.264893,-0.010376,1.044800
0.073486,-0.412598,0.813843
-0.450195,0.178345,0.822144
0.506348,-0.366699,0.974854
-0.451538,-0.159424,0.741699
0.133423,0.052979,1.017944
0.110840,-0.450195,0.792358
-0.445923,0.160156,0.822754
0.503174,-0.369629,0.977905
-0.448975,-0.133301,0.757935
0.131348,0.048218,1.014282
0.116089,-0.455322,0.786621
-0.436768,0.154053,0.821655
0.491333,-0.350830,0.980225
-0.441650,-0.150635,0.743164
0.143311,0.036133,1.022461
0.110962,-0.458496,0.794067
-0.434204,0.143433,0.824707
0.496704,-0.360962,0.981689
-0.452515,-0.136230,0.749023
0.149048,0.044434,1.018677
0.120117,-0.446899,0.800781
-0.427979,0.137207,0.823486
0.498413,-0.368774,0.984375
-0.441284,-0.135742,0.754517
0.159668,0.026245,1.020264
0.115112,-0.458130,0.792969
-0.418823,0.136597,0.826416
0.499878,-0.363037,0.986694
-0.443726,-0.145142,0.745361
0.159668,0.027710,1.023071
0.117310,-0.457397,0.795776
-0.412476,0.144653,0.836304
0.504395,-0.359253,0.993530
-0.442993,-0.144409,0.742676
0.160156,0.029663,1.022949
0.131226,-0.465210,0.799927
-0.405762,0.135132,0.838623
0.504517,-0.362549,0.989990
-0.441162,-0.145020,0.746948
0.174072,0.009399,1.020752
0.133789,-0.451050,0.812500
-0.408936,0.141357,0.843384
0.509766,-0.353638,1.007202
-0.427979,-0.148804,0.749268
0.185791,0.012085,1.031738
0.130249,-0.447144,0.825073
-0.396362,0.146240,0.859497
0.504395,-0.352539,0.992310
-0.418091,-0.151978,0.761108
0.199951,0.006836,1.042480
0.125610,-0.440308,0.829102
-0.387329,0.152710,0.871460
0.504761,-0.360474,0.994629
-0.428345,-0.156982,0.748779
0.210815,0.001343,1.039795
0.129395,-0.425781,0.833862
-0.370361,0.159180,0.887207
0.517212,-0.370605,1.005371
-0.430420,-0.153809,0.750366
0.224121,0.007324,1.039917
0.124146,-0.415649,0.840210
-0.363281,0.166870,0.892212
0.521729,-0.387085,1.011597
-0.433960,-0.175781,0.748657
0.227173,0.000732,1.043213
0.119629,-0.415527,0.852905
-0.340820,0.164917,0.917603
0.519653,-0.388550,1.017700
-0.429077,-0.152832,0.755371
0.239868,-0.002808,1.052734
0.121338,-0.412964,0.846436
-0.326416,0.180420,0.942139
0.530273,-0.381592,1.018311
-0.442261,-0.147217,0.760498
0.261353,-0.021240,1.051147
0.109131,-0.404297,0.850098
-0.312866,0.172241,0.944458
0.515015,-0.376831,1.020752
-0.428833,-0.138916,0.767212
0.285645,-0.020386,1.063477
0.097412,-0.389526,0.855347
-0.308960,0.189697,0.955566
0.534424,-0.388550,1.031494
-0.429565,-0.124512,0.765015
0.303955,-0.014648,1.070557
0.092041,-0.387573,0.859985
-0.282593,0.182129,0.968628
0.531860,-0.392334,1.032593
-0.433594,-0.139282,0.762817
0.327026,-0.020264,1.099121
0.092407,-0.375977,0.871216
-0.267822,0.181641,0.978516
0.526978,-0.401855,1.027588
-0.425049,-0.123657,0.775635
0.337524,-0.024780,1.100586
0.089722,-0.367432,0.871582
-0.245239,0.179688,0.990234
0.521606,-0.386963,1.036621
-0.432129,-0.086426,0.777832
0.354126,-0.033569,1.100464
0.078369,-0.354858,0.876221
-0.228516,0.180786,1.008179
0.525024,-0.376953,1.040649
-0.434082,-0.092041,0.782471
0.372803,-0.040527,1.101440
0.084106,-0.351807,0.898438
-0.229004,0.194946,1.015991
0.531372,-0.387939,1.044922
-0.428833,-0.096191,0.793823
0.368652,-0.029907,1.113403
0.079590,-0.347290,0.894897
-0.214111,0.206055,1.027344
0.532349,-0.363647,1.057495
-0.432617,-0.072021,0.794189
0.388916,-0.036865,1.122925
0.061768,-0.355103,0.881714
-0.207031,0.221680,1.041992
0.540771,-0.368286,1.069214
-0.432617,-0.071411,0.792969
0.387939,-0.031006,1.127319
0.058594,-0.354126,0.884033
-0.198730,0.211670,1.040649
0.539307,-0.366089,1.067749
-0.427734,-0.069336,0.807983
0.396606,-0.035034,1.127686
0.062378,-0.355103,0.890625
-0.202026,0.222290,1.046875
0.539551,-0.350098,1.074463
-0.427856,-0.059570,0.813232
0.402710,-0.037598,1.137817
0.059204,-0.359131,0.900757
-0.205444,0.216553,1.045166
0.544067,-0.348755,1.078003
-0.426636,-0.071533,0.800415
0.404785,-0.034180,1.145386
0.071533,-0.358521,0.902832
-0.212769,0.216431,1.044556
0.540771,-0.334961,1.082886
-0.420044,-0.071411,0.807251
0.407471,-0.025757,1.148804
0.074585,-0.360474,0.901001
-0.218140,0.225952,1.051025
0.546875,-0.330811,1.093872
-0.414673,-0.074097,0.820312
0.405273,-0.038330,1.151245
0.077148,-0.357666,0.906006
-0.231323,0.222900,1.035034
0.559448,-0.320068,1.100708
-0.405640,-0.091919,0.800781
0.397583,-0.028687,1.153931
0.082764,-0.359375,0.911011
-0.238525,0.215088,1.041382
0.555908,-0.312866,1.100952
-0.393799,-0.100342,0.808472
0.384888,-0.008423,1.159302
0.098633,-0.356445,0.921631
-0.248779,0.218262,1.028198
0.554077,-0.301392,1.107178
-0.392090,-0.117676,0.813843
0.372437,-0.012207,1.162598
0.100708,-0.350342,0.914429
-0.252197,0.211548,1.015625
0.561523,-0.290894,1.111816
-0.390991,-0.121826,0.805542
0.356201,-0.006348,1.148804
0.108643,-0.367676,0.919067
-0.264771,0.214966,1.023560
0.564453,-0.308838,1.109131
-0.385376,-0.124756,0.805298
0.352661,-0.007568,1.142090
0.106567,-0.317261,0.933472
-0.264771,0.193970,1.007080
0.565674,-0.294922,1.115723
-0.377808,-0.151611,0.801392
0.331665,0.008057,1.141113
0.126953,-0.354980,0.920288
-0.273438,0.182373,0.993042
0.568359,-0.290405,1.117310
-0.380493,-0.142822,0.808960
0.316040,0.018921,1.141113
0.138550,-0.377441,0.918945
-0.286377,0.167358,0.983032
0.577271,-0.291504,1.118530
-0.381104,-0.145996,0.794678
0.297974,0.032593,1.141602
0.153931,-0.391479,0.914429
-0.295410,0.156616,0.964966
0.571289,-0.279297,1.119995
-0.367798,-0.168091,0.808960
0.288940,0.033325,1.146240
0.156006,-0.390259,0.920898
-0.316040,0.161377,0.959717
0.573730,-0.290283,1.109375
-0.354126,-0.170044,0.804565
0.269775,0.037231,1.131958
0.159302,-0.393677,0.901367
-0.310791,0.155273,0.957275
0.562134,-0.284546,1.100586
-0.358276,-0.184326,0.803101
0.276611,0.041260,1.146973
0.162964,-0.381348,0.905884
-0.331055,0.159180,0.945923
0.557251,-0.281006,1.096924
-0.349731,-0.205078,0.786865
0.255981,0.045044,1.137329
0.158081,-0.377075,0.913208
-0.340332,0.148926,0.933716
0.557617,-0.288818,1.094849
-0.366577,-0.177490,0.792358
0.245361,0.055542,1.129272
0.167236,-0.394287,0.902100
-0.343262,0.143677,0.929443
0.540161,-0.273193,1.093384
-0.372314,-0.176025,0.789673
0.231445,0.040283,1.122070
0.163452,-0.392822,0.907593
-0.354126,0.134399,0.925171
0.539307,-0.271118,1.093506
-0.370605,-0.184937,0.787842
0.218872,0.042969,1.123657
0.168213,-0.402100,0.895874
-0.371460,0.140503,0.927734
0.534302,-0.264771,1.086426
-0.361450,-0.193481,0.786011
0.198364,0.048828,1.113525
0.166870,-0.406128,0.895386
-0.388794,0.144043,0.908691
0.531494,-0.260864,1.088379
-0.360474,-0.206299,0.784180
0.185303,0.051392,1.104248
0.170288,-0.400513,0.889038
-0.408203,0.141479,0.894897
0.531494,-0.265503,1.088989
-0.366455,-0.194214,0.785522
0.161865,0.061035,1.098511
0.181641,-0.412354,0.896606
-0.424072,0.128784,0.876465
0.529053,-0.260986,1.081177
-0.365112,-0.202881,0.777344
0.134399,0.058716,1.081299
0.194092,-0.406250,0.890991
-0.442139,0.120117,0.866333
0.518188,-0.251587,1.083008
-0.360229,-0.217285,0.775513
0.116333,0.062988,1.074097
0.210571,-0.401489,0.896118
-0.461792,0.118530,0.855835
0.508057,-0.247803,1.070435
-0.340698,-0.217407,0.777588
0.084839,0.086304,1.069946
0.215454,-0.404785,0.888550
-0.466919,0.107544,0.843384
0.506226,-0.251343,1.067383
-0.315186,-0.244141,0.779663
0.055054,0.090576,1.060669
0.221680,-0.403931,0.881958
-0.489380,0.095703,0.830078
0.502319,-0.259155,1.062256
-0.283203,-0.262573,0.781006
0.025024,0.113403,1.046631
0.234131,-0.402466,0.879028
-0.495728,0.094482,0.820190
0.490479,-0.255127,1.059692
-0.278564,-0.269653,0.775391
-0.000122,0.095703,1.031616
0.255371,-0.413818,0.883545
-0.519165,0.085571,0.808838
0.484497,-0.233887,1.065063
-0.254517,-0.301514,0.761841
-0.036987,0.125244,1.024170
0.272949,-0.408569,0.889526
-0.532593,0.071167,0.792358
0.471680,-0.223999,1.054565
-0.249268,-0.286865,0.750977
-0.071411,0.131592,1.013184
0.290649,-0.408081,0.895752
-0.540894,0.061890,0.785767
0.457397,-0.206909,1.051025
-0.245850,-0.293091,0.734619
-0.112305,0.138672,1.001099
0.311157,-0.423706,0.901367
-0.553223,0.062378,0.778687
0.435547,-0.196533,1.052856
-0.233521,-0.308228,0.731567
-0.139160,0.152100,0.995361
0.321777,-0.393677,0.912598
-0.564697,0.050049,0.766357
0.428711,-0.185425,1.047607
-0.217529,-0.318481,0.723145
-0.177368,0.159302,0.979248
0.336670,-0.385132,0.922607
-0.562256,0.017700,0.756470
0.406006,-0.160767,1.061401
-0.213501,-0.327759,0.710571
-0.220581,0.161133,0.962158
0.352783,-0.398560,0.927124
-0.551758,0.007935,0.757568
0.382568,-0.139648,1.050171
-0.198853,-0.315674,0.737427
-0.248047,0.155151,0.946533
0.355103,-0.398682,0.921265
-0.560059,-0.009644,0.743408
0.365967,-0.116577,1.048828
-0.177002,-0.293579,0.749512
-0.278076,0.166626,0.931396
0.369751,-0.410400,0.924194
-0.563965,-0.022339,0.724854
0.350098,-0.093994,1.053345
-0.168335,-0.302246,0.745361
-0.310669,0.177979,0.916992
0.376831,-0.398193,0.926392
-0.560669,-0.039062,0.722412
0.314453,-0.066040,1.050781
-0.149170,-0.319702,0.745972
-0.347900,0.180420,0.904907
0.394287,-0.397217,0.936157
-0.554565,-0.054810,0.711548
0.271851,-0.044067,1.041870
-0.114990,-0.348511,0.757812
-0.384644,0.198364,0.902832
0.407959,-0.375854,0.948486
-0.556763,-0.080688,0.692749
0.237061,-0.018555,1.039551
-0.078979,-0.372925,0.767212
-0.437500,0.223145,0.902344
0.424438,-0.358398,0.958252
-0.544678,-0.076660,0.712891
0.197144,0.010010,1.021851
-0.041382,-0.381226,0.765259
-0.466675,0.224121,0.887573
0.428711,-0.346802,0.963623
-0.520996,-0.126465,0.703369
0.137817,0.040771,1.023560
0.010620,-0.393677,0.785522
-0.509766,0.221436,0.869751
0.445679,-0.330322,0.966187
-0.481323,-0.172363,0.714478
0.092773,0.074707,1.023926
0.064941,-0.396973,0.793823
-0.544067,0.217163,0.850098
0.454468,-0.301270,0.985352
-0.409424,-0.179810,0.739746
0.039795,0.104126,1.019287
0.117554,-0.412720,0.806763
-0.560669,0.194092,0.823486
0.443726,-0.276855,0.980835
-0.357910,-0.240356,0.726074
-0.002808,0.106079,0.999512
0.173584,-0.416626,0.832886
-0.580200,0.184692,0.804810
0.439819,-0.241089,0.993286
-0.303955,-0.282715,0.712402
-0.065186,0.142456,0.989746
0.229736,-0.414307,0.852905
-0.592163,0.155640,0.783813
0.420166,-0.197510,0.996948
-0.246582,-0.284668,0.725464
-0.126709,0.150635,0.964966
0.282959,-0.388550,0.882446
-0.588013,0.118774,0.764526
0.398315,-0.153687,1.004028
-0.205933,-0.317871,0.709229
-0.195923,0.160645,0.934448
0.329590,-0.396484,0.890869
-0.588257,0.089233,0.749878
0.362671,-0.109375,1.015137
-0.162720,-0.330811,0.722412
-0.252808,0.173462,0.916870
0.353027,-0.382202,0.901001
-0.569336,0.045288,0.744629
0.322021,-0.072144,1.011475
-0.133911,-0.355469,0.726074
-0.319336,0.183472,0.890625
0.387451,-0.365967,0.927368
-0.547485,-0.004639,0.722412
0.270508,-0.028320,1.008179
-0.083740,-0.364502,0.734253
-0.387573,0.204590,0.880859
0.411987,-0.341553,0.936890
-0.536377,-0.059326,0.711304
0.201782,0.031616,1.017822
-0.036133,-0.372925,0.757446
-0.451050,0.222046,0.867065
0.428955,-0.334961,0.946045
-0.493164,-0.092041,0.735962
0.147583,0.073608,1.027710
0.024536,-0.382935,0.784424
-0.511353,0.239502,0.858276
0.443481,-0.305908,0.963989
-0.431030,-0.136475,0.747437
0.079834,0.108765,1.024902
0.099487,-0.392700,0.810303
-0.547729,0.245239,0.830688
0.455078,-0.265137,0.977417
-0.364502,-0.170044,0.746704
0.023926,0.122559,1.009155
0.168701,-0.389404,0.835205
-0.569336,0.223511,0.807007
0.447754,-0.225586,0.983765
-0.287598,-0.234131,0.749146
-0.046143,0.139160,0.995239
0.236572,-0.388062,0.865234
-0.585571,0.183105,0.790649
0.439087,-0.185181,1.000488
-0.216064,-0.263916,0.752563
-0.107178,0.146362,0.952515
0.297363,-0.387695,0.890137
-0.587891,0.134277,0.767090
0.407715,-0.135132,1.012451
-0.147949,-0.310059,0.747437
-0.180176,0.158936,0.929443
0.342163,-0.390991,0.897339
-0.572510,0.096802,0.762329
0.358887,-0.093994,1.005127
-0.097412,-0.364380,0.734131
-0.255615,0.170044,0.898315
0.382568,-0.358643,0.924316
-0.557007,0.010132,0.727417
0.308716,-0.048828,1.005249
-0.058716,-0.375244,0.736938
-0.342163,0.199829,0.876221
0.423218,-0.357788,0.936523
-0.526855,-0.051880,0.717407
0.232422,-0.010254,0.998169
-0.020020,-0.369019,0.756958
-0.415771,0.213135,0.857910
0.447754,-0.331909,0.951782
-0.479980,-0.100098,0.740479
0.156372,0.061523,1.015991
0.041138,-0.393555,0.778076
-0.477905,0.207642,0.828491
0.458496,-0.308960,0.959839
-0.417114,-0.127930,0.765015
0.099121,0.093262,1.023071
0.117310,-0.403198,0.811890
-0.535889,0.204346,0.807251
0.458130,-0.269287,0.970337
-0.340210,-0.178223,0.768555
0.008911,0.142578,1.017334
0.207642,-0.411987,0.850098
-0.563354,0.177856,0.793457
0.457031,-0.236450,0.987427
-0.261841,-0.221191,0.770752
-0.061768,0.150391,0.978638
0.272583,-0.407104,0.876343
-0.575073,0.129883,0.779663
0.435913,-0.180298,1.009155
-0.163452,-0.287231,0.778687
-0.139038,0.167603,0.943359
0.334717,-0.400391,0.901489
-0.572510,0.111450,0.771851
0.395874,-0.128418,1.016235
-0.088013,-0.355469,0.766235
-0.217529,0.168091,0.909790
0.384277,-0.387085,0.916260
-0.539917,0.035400,0.761597
0.339722,-0.084351,1.006104
-0.039917,-0.381226,0.759644
-0.291748,0.161255,0.869751
0.420410,-0.386108,0.925171
-0.526611,-0.025391,0.734863
0.276855,-0.035645,0.998535
0.000244,-0.395630,0.759277
-0.362549,0.160522,0.844727
0.455933,-0.372070,0.949951
-0.488647,-0.088501,0.736572
0.200439,0.018799,1.007812
0.048340,-0.414307,0.769897
-0.437500,0.176147,0.826904
0.469971,-0.347778,0.957153
-0.443481,-0.139648,0.750854
0.125122,0.060303,1.014771
0.100952,-0.425537,0.791748
-0.501221,0.164673,0.793701
0.480957,-0.319824,0.972656
-0.371582,-0.160156,0.768066
0.056396,0.107300,1.013062
0.180542,-0.433838,0.829712
-0.537354,0.148682,0.778320
0.474609,-0.287720,0.985107
-0.313599,-0.192139,0.773926
-0.012451,0.126099,1.007690
0.254272,-0.439819,0.863403
-0.555664,0.121948,0.767334
0.446899,-0.241943,0.997070
-0.226685,-0.257324,0.785400
-0.081909,0.138672,0.981812
0.316528,-0.432495,0.891235
-0.563354,0.106445,0.775269
0.422119,-0.197632,1.001465
-0.126343,-0.312744,0.790649
-0.158081,0.137817,0.947388
0.366821,-0.422607,0.909912
-0.545410,0.061890,0.771484
0.388062,-0.134888,1.013184
-0.063110,-0.376709,0.776123
-0.228394,0.135132,0.913818
0.411499,-0.421021,0.931030
-0.521240,-0.012329,0.754272
0.325073,-0.068359,1.017334
-0.003784,-0.392822,0.776978
-0.294800,0.131836,0.877930
0.449097,-0.406616,0.942993
-0.497681,-0.070557,0.744385
0.271484,-0.039673,1.022949
0.039795,-0.436768,0.775024
-0.351807,0.119263,0.853638
0.473877,-0.398682,0.958008
-0.476196,-0.088867,0.755737
0.223389,-0.003174,1.020508
0.078247,-0.439453,0.783936
-0.395264,0.144409,0.847656
0.486572,-0.373047,0.969482
-0.447021,-0.145752,0.752563
0.159790,0.029663,1.019165
0.119507,-0.440186,0.807007
-0.446411,0.143066,0.819824
0.503174,-0.343384,0.991821
-0.396606,-0.184814,0.747070
0.097412,0.072144,1.029419
0.184570,-0.462769,0.826294
-0.469727,0.104614,0.798706
0.496216,-0.311401,1.005493
-0.339722,-0.187988,0.775513
0.043091,0.096191,1.021118
0.245361,-0.481323,0.848267
-0.493408,0.087402,0.773682
0.489502,-0.294800,1.009399
-0.282837,-0.223022,0.792969
-0.015991,0.114380,1.018677
0.295776,-0.472046,0.871704
-0.522217,0.087402,0.771362
0.465942,-0.246216,1.025391
-0.211426,-0.227051,0.817627
-0.065430,0.144775,1.020264
0.339355,-0.463257,0.907837
-0.526367,0.073486,0.781128
0.438232,-0.195679,1.036621
-0.144775,-0.252930,0.829712
-0.104858,0.138184,1.001221
0.378906,-0.452148,0.934814
-0.515137,0.041260,0.793579
0.413818,-0.151489,1.048828
-0.083740,-0.328979,0.809937
-0.160767,0.142090,0.980591
0.430542,-0.446777,0.955688
-0.493408,0.004272,0.779419
0.375488,-0.116821,1.037598
-0.018311,-0.356079,0.815796
-0.204224,0.141479,0.951294
0.463623,-0.428833,0.979004
-0.468628,-0.059082,0.775879
0.336670,-0.071899,1.046997
0.028564,-0.395752,0.816650
-0.244995,0.127930,0.937744
0.497192,-0.408081,0.993774
-0.456543,-0.093262,0.770752
0.303467,-0.040161,1.059326
0.067017,-0.415283,0.816650
-0.306641,0.148804,0.921753
0.518188,-0.389648,1.021240
-0.416504,-0.129272,0.775391
0.258667,-0.003174,1.060547
0.098267,-0.408691,0.828735
-0.350708,0.160400,0.906738
0.534302,-0.375366,1.023193
-0.392944,-0.162598,0.787109
0.208618,0.026123,1.060425
0.155273,-0.414062,0.853882
-0.385132,0.140991,0.880615
0.545410,-0.359375,1.041016
-0.359375,-0.194336,0.772217
0.152222,0.058105,1.049072
0.223755,-0.428101,0.883667
-0.409546,0.101318,0.847412
0.550415,-0.317017,1.054077
-0.316406,-0.219727,0.787354
0.095581,0.095825,1.063110
0.283447,-0.453125,0.893555
-0.430542,0.080322,0.818848
0.528198,-0.277588,1.056030
-0.253906,-0.224976,0.823242
0.037231,0.128662,1.062256
0.338013,-0.464478,0.926025
-0.457031,0.067871,0.815186
0.502686,-0.214600,1.078857
-0.190918,-0.229858,0.848877
-0.016968,0.152466,1.062134
0.385620,-0.444458,0.962646
-0.470703,0.067627,0.825439
0.479248,-0.163330,1.094238
-0.123047,-0.257080,0.860962
-0.063477,0.170532,1.060669
0.432007,-0.432495,0.994385
-0.469971,0.032227,0.826538
0.458252,-0.121704,1.098511
-0.047974,-0.297607,0.857666
-0.118530,0.174194,1.046509
0.473145,-0.409790,1.017456
-0.448242,-0.014282,0.821167
0.423218,-0.081665,1.113525
0.030029,-0.347656,0.873657
-0.170898,0.190918,1.032104
0.510620,-0.391724,1.040771
-0.431274,-0.060425,0.813110
0.393555,-0.047607,1.125000
0.065308,-0.354248,0.869385
-0.220459,0.201050,1.017212
0.545166,-0.370361,1.061035
-0.404663,-0.119385,0.792236
0.346436,-0.023560,1.108887
0.090576,-0.359253,0.894409
-0.401855,0.119873,0.847168
0.536255,-0.319702,1.038696
-0.377686,-0.143433,0.805908
0.111816,0.067017,1.043701
0.146729,-0.383667,0.898560
-0.429565,0.086426,0.818970
0.528198,-0.295166,1.049561
-0.316528,-0.219116,0.775635
0.060791,0.098022,1.038086
0.290771,-0.481201,0.894043
-0.443848,0.058594,0.802002
0.509155,-0.264282,1.053467
-0.259277,-0.221558,0.809448
0.019409,0.112671,1.043701
0.331787,-0.476196,0.920166
-0.465820,0.069092,0.809692
0.492798,-0.227661,1.066650
-0.202148,-0.240479,0.832397
-0.021606,0.145142,1.045166
0.365479,-0.452637,0.935547
-0.475464,0.071777,0.818237
0.485107,-0.176880,1.084839
-0.151245,-0.243896,0.848145
-0.060547,0.168213,1.059448
0.403198,-0.450806,0.965332
-0.473022,0.044678,0.813721
0.465820,-0.151367,1.086304
-0.091553,-0.275024,0.862793
-0.096313,0.168091,1.048828
0.437866,-0.448975,0.982910
-0.472534,0.014771,0.810791
0.449341,-0.118286,1.097656
-0.041138,-0.308105,0.866821
-0.129639,0.174438,1.036621
0.470825,-0.427612,1.003540
-0.455200,-0.005859,0.805054
0.431641,-0.090454,1.105713
0.018311,-0.340698,0.870728
-0.160278,0.173828,1.021851
0.494019,-0.401245,1.028198
-0.441284,-0.051025,0.800171
0.406128,-0.059326,1.118530
0.053101,-0.359253,0.877808
-0.194458,0.173706,1.015503
0.516724,-0.378540,1.044678
-0.425659,-0.078125,0.800293
0.376099,-0.027344,1.121460
0.069946,-0.356445,0.877808
-0.230957,0.177612,1.005737
0.536133,-0.364502,1.063721
-0.411011,-0.090332,0.810303
0.347534,-0.008057,1.118042
0.094849,-0.358765,0.884033
-0.273682,0.186401,0.996460
0.561646,-0.345215,1.083374
-0.391846,-0.137085,0.789185
0.302612,0.013672,1.107544
0.145264,-0.383667,0.907104
-0.309448,0.177002,0.972046
0.574463,-0.324341,1.092285
-0.370361,-0.156128,0.797974
0.267090,0.034180,1.103027
0.189209,-0.395142,0.924194
-0.330078,0.148804,0.941406
0.580322,-0.301025,1.104980
-0.334839,-0.183228,0.812866
0.229004,0.063965,1.109619
0.237793,-0.416626,0.933228
-0.346191,0.118164,0.907349
0.575073,-0.283813,1.109253
-0.302490,-0.204102,0.814331
0.181641,0.088745,1.102295
0.284546,-0.415771,0.947144
-0.376465,0.102417,0.883179
0.575562,-0.253174,1.123535
-0.262329,-0.225220,0.830078
0.130005,0.126587,1.104736
0.329224,-0.437256,0.958618
-0.394775,0.109375,0.882568
0.573242,-0.227295,1.121338
-0.229736,-0.219360,0.852417
0.087402,0.151489,1.115112
0.361816,-0.441895,0.972046
-0.416260,0.084717,0.871826
0.550781,-0.195679,1.137207
-0.185791,-0.238647,0.862305
0.041992,0.171143,1.109253
0.399292,-0.436523,0.999634
-0.424561,0.066406,0.866333
0.541138,-0.174805,1.136475
-0.160034,-0.230225,0.874390
0.008057,0.188965,1.109375
0.422119,-0.414551,1.009155
-0.422852,0.046631,0.855591
0.532837,-0.147461,1.142578
-0.106812,-0.257202,0.888428
-0.023438,0.198608,1.102539
0.445679,-0.399902,1.025757
-0.427368,0.037720,0.860352
0.531860,-0.124146,1.156006
-0.046875,-0.291748,0.891113
-0.059570,0.195557,1.088623
0.461670,-0.385742,1.030273
-0.433350,0.015015,0.854126
0.505859,-0.104858,1.159424
-0.013672,-0.323608,0.893433
-0.083374,0.194946,1.083252
0.479004,-0.362061,1.045898
-0.436157,-0.000488,0.847168
0.494141,-0.078491,1.173828
0.004272,-0.328369,0.882324
-0.115356,0.198486,1.085327
0.493652,-0.355225,1.064697
-0.434570,-0.005493,0.837402
0.476074,-0.059082,1.171753
0.009644,-0.324219,0.881714
-0.156616,0.219727,1.073364
0.505127,-0.346069,1.067993
-0.429199,-0.030029,0.827881
0.450073,-0.036133,1.170166
0.031250,-0.333130,0.897827
-0.188599,0.193359,1.051025
0.520142,-0.319946,1.090332
-0.424194,-0.057495,0.814819
0.419434,-0.004395,1.174927
0.051758,-0.349365,0.899414
-0.225952,0.199463,1.043091
0.539917,-0.318115,1.097290
-0.409912,-0.093140,0.809326
0.386230,0.004272,1.164185
0.070557,-0.333984,0.909912
-0.250488,0.191895,1.017090
0.551758,-0.299561,1.116821
-0.387695,-0.126831,0.801758
0.352173,0.023193,1.161621
0.097656,-0.339111,0.916748
-0.268066,0.177734,1.006226
0.562744,-0.301392,1.108521
-0.383545,-0.137085,0.802612
0.325073,0.042114,1.154907
0.133667,-0.360596,0.917236
-0.291382,0.159668,0.974243
0.562378,-0.296387,1.113159
-0.382324,-0.164185,0.791504
0.302002,0.051270,1.148315
0.156494,-0.380859,0.918579
-0.314331,0.142944,0.949463
0.573730,-0.294678,1.105835
-0.364380,-0.197632,0.790161
0.264648,0.063232,1.140137
0.183228,-0.372681,0.930420
-0.324585,0.141846,0.941528
0.560181,-0.286255,1.107788
-0.358643,-0.202881,0.791382
0.243286,0.066895,1.135376
0.196899,-0.377441,0.928955
-0.338745,0.149414,0.936279
0.562622,-0.273315,1.109375
-0.345215,-0.220337,0.791626
0.214233,0.069092,1.118164
0.209106,-0.404663,0.917603
-0.353271,0.131470,0.916870
0.561646,-0.277710,1.108521
-0.335693,-0.232300,0.798706
0.189575,0.083252,1.119141
0.217041,-0.407715,0.913818
-0.378784,0.140381,0.915771
0.568848,-0.267456,1.111450
-0.322144,-0.246460,0.794434
0.165161,0.087280,1.118530
0.228394,-0.406860,0.916992
-0.395020,0.125732,0.893311
0.564453,-0.266602,1.114746
-0.317627,-0.245850,0.794922
0.130249,0.105957,1.109375
0.240112,-0.413818,0.920044
-0.401123,0.113770,0.897095
0.549438,-0.247070,1.102539
-0.313110,-0.230713,0.804321
0.120728,0.098755,1.101562
0.252197,-0.394043,0.925903
-0.441040,0.106812,0.867920
0.545898,-0.234741,1.103149
-0.285645,-0.246338,0.807861
0.081421,0.111328,1.094360
0.267700,-0.400513,0.924927
-0.442871,0.084839,0.854492
0.539185,-0.235229,1.104492
-0.258667,-0.272705,0.805054
0.046265,0.116455,1.081787
0.281494,-0.406738,0.916626
-0.456543,0.087036,0.857056
0.539673,-0.217773,1.102905
-0.213013,-0.292236,0.807495
0.023193,0.127930,1.076904
0.298218,-0.406494,0.916626
-0.470703,0.072021,0.826416
0.519653,-0.202515,1.105835
-0.197876,-0.305420,0.807495
-0.003052,0.123291,1.061523
0.312866,-0.397583,0.925903
-0.483276,0.057251,0.818115
0.508789,-0.194702,1.093750
-0.187988,-0.289551,0.796265
-0.023804,0.123413,1.045410
0.325195,-0.394531,0.931396
-0.497681,0.058472,0.806152
0.491577,-0.173096,1.098999
-0.182617,-0.296753,0.799805
-0.052246,0.128296,1.037598
0.333252,-0.390503,0.928711
-0.512085,0.052246,0.804932
0.484253,-0.176147,1.101562
-0.175415,-0.303101,0.786499
-0.089233,0.137451,1.032593
0.348267,-0.389282,0.942383
-0.514160,0.032471,0.791626
0.464233,-0.157227,1.092285
-0.169678,-0.273560,0.784912
-0.124756,0.139893,1.015381
0.369995,-0.384155,0.958374
-0.514648,0.018433,0.792847
0.440552,-0.132935,1.106323
-0.168457,-0.299194,0.773193
-0.168823,0.160400,0.999512
0.380005,-0.377930,0.962280
-0.519409,-0.005615,0.775635
0.425171,-0.129395,1.087769
-0.156982,-0.286255,0.782959
-0.209717,0.181396,1.000122
0.399780,-0.365723,0.978149
-0.522217,-0.038330,0.761597
0.397095,-0.110962,1.093506
-0.151123,-0.291382,0.789551
-0.252686,0.182861,0.983887
0.416260,-0.359253,0.994751
-0.514893,-0.069824,0.752563
0.365723,-0.081787,1.096802
-0.123779,-0.312988,0.787109
-0.294678,0.174927,0.949707
0.425537,-0.372559,0.981079
-0.506592,-0.080933,0.752930
0.337036,-0.070801,1.084839
-0.108643,-0.324829,0.777588
-0.329468,0.176880,0.932129
0.437500,-0.352173,0.993652
-0.498413,-0.110840,0.732422
0.298340,-0.041992,1.081177
-0.074585,-0.331299,0.799561
-0.368042,0.179565,0.915894
0.445557,-0.335327,1.003418
-0.487793,-0.126343,0.722046
0.254883,-0.012817,1.073730
-0.024292,-0.356079,0.810181
-0.408325,0.175537,0.894165
0.450317,-0.329468,1.007690
-0.471069,-0.162720,0.721313
0.198853,0.029297,1.069336
0.025391,-0.365845,0.817749
-0.450562,0.168213,0.877808
0.466797,-0.318237,1.009033
-0.467285,-0.192261,0.712769
0.141479,0.060059,1.050537
0.073120,-0.388184,0.824829
-0.484741,0.166138,0.861084
0.467163,-0.295654,1.017090
-0.434692,-0.212036,0.728516
0.088379,0.077515,1.041870
0.115845,-0.406494,0.831909
-0.509644,0.142212,0.830566
0.466553,-0.286499,1.022217
-0.373047,-0.214844,0.751221
0.041504,0.093506,1.032837
0.160278,-0.413940,0.842529
-0.535278,0.136108,0.810425
0.451538,-0.263550,1.011230
-0.330322,-0.249146,0.747559
-0.005493,0.097412,1.020020
0.213135,-0.412964,0.857056
-0.560181,0.122803,0.801880
0.443359,-0.238892,1.020142
-0.287476,-0.276855,0.727783
-0.057251,0.116943,0.999390
0.250244,-0.422119,0.872803
-0.565918,0.086426,0.784180
0.419189,-0.202393,1.022827
-0.263306,-0.294556,0.719360
-0.115967,0.142700,0.989502
0.292603,-0.415283,0.884277
-0.569946,0.061890,0.768066
0.407471,-0.190308,1.023682
-0.233887,-0.306519,0.715942
-0.182007,0.157837,0.973755
0.331665,-0.404785,0.907593
-0.574463,0.037964,0.752930
0.381836,-0.155518,1.033325
-0.202759,-0.317261,0.713867
-0.239014,0.155518,0.939575
0.350952,-0.389648,0.906006
-0.574707,0.023315,0.749390
0.348633,-0.113403,1.039062
-0.171875,-0.334106,0.732666
-0.291748,0.162109,0.913330
0.365234,-0.386353,0.916992
-0.567139,-0.006470,0.732910
0.325195,-0.089355,1.039429
-0.150269,-0.331177,0.735596
-0.334961,0.186401,0.909912
0.378296,-0.374878,0.929810
-0.559204,-0.034302,0.721802
0.291260,-0.066406,1.037109
-0.114624,-0.344727,0.753540
-0.383423,0.197876,0.897583
0.389893,-0.362549,0.938843
-0.551392,-0.049927,0.707153
0.252197,-0.021484,1.034302
-0.074585,-0.347778,0.771362
-0.414551,0.200317,0.891113
0.403320,-0.354370,0.936768
-0.548828,-0.068604,0.703125
0.212891,-0.006348,1.021484
-0.044067,-0.365601,0.778687
-0.446289,0.199341,0.879028
0.405640,-0.338867,0.944702
-0.546509,-0.088135,0.692749
0.185791,0.019653,1.015869
-0.021729,-0.366699,0.789429
-0.473755,0.210205,0.880859
0.417847,-0.331177,0.961304
-0.525513,-0.125732,0.692017
0.153564,0.036133,1.019043
-0.001465,-0.376099,0.789673
-0.483887,0.217407,0.883057
0.432373,-0.324341,0.969238
-0.512329,-0.143799,0.691162
0.130859,0.049438,1.017456
0.025513,-0.403320,0.785522
-0.507935,0.219604,0.866089
0.440552,-0.321777,0.969116
-0.494751,-0.158813,0.696899
0.110718,0.061035,1.020386
0.043457,-0.399414,0.789795
-0.520996,0.238403,0.868896
0.453979,-0.320190,0.979980
-0.481323,-0.156128,0.708008
0.094971,0.072510,1.017212
0.063843,-0.416138,0.789062
-0.536377,0.234497,0.858765
0.457520,-0.326538,0.968872
-0.456055,-0.174561,0.712646
0.072754,0.086426,1.014893
0.065796,-0.417480,0.780762
-0.533325,0.226807,0.843018
0.462769,-0.321899,0.969360
-0.441772,-0.161011,0.727051
0.058350,0.110840,1.027466
0.073853,-0.421997,0.792236
-0.532227,0.225464,0.855591
0.468628,-0.305664,0.985718
-0.439697,-0.161499,0.722046
0.072388,0.106445,1.030029
0.087646,-0.424194,0.792603
-0.541016,0.235229,0.843140
0.465942,-0.296753,0.979736
-0.442627,-0.154297,0.721069
0.065063,0.117920,1.020020
0.097778,-0.428345,0.791504
-0.552612,0.229736,0.840698
0.468628,-0.302490,0.979736
-0.423218,-0.138672,0.742310
0.052612,0.114136,1.014893
0.092163,-0.425049,0.790527
-0.549072,0.224609,0.836548
0.468384,-0.293579,0.980347
-0.418091,-0.153442,0.733521
0.055786,0.127075,1.025024
0.100342,-0.420410,0.795532
-0.554688,0.230225,0.828003
0.467529,-0.297852,0.978271
-0.411621,-0.158203,0.736938
0.060669,0.127930,1.024536
0.106201,-0.420654,0.799072
-0.554443,0.222900,0.836182
0.456909,-0.290161,0.979126
-0.406982,-0.137817,0.748169
0.062256,0.123657,1.019287
0.116943,-0.409058,0.806763
-0.559937,0.244019,0.837524
0.462158,-0.297363,0.974243
-0.403809,-0.153320,0.747803
0.058350,0.135254,1.025391
0.117310,-0.409790,0.806274
-0.562988,0.219971,0.832153
0.467407,-0.285767,0.978760
-0.405151,-0.128906,0.749023
0.058716,0.125366,1.020508
0.128296,-0.413086,0.813477
-0.553711,0.224243,0.828003
0.455933,-0.276489,0.981079
-0.402954,-0.134888,0.749390
0.057373,0.128052,1.018677
0.141479,-0.408081,0.817383
-0.553711,0.223877,0.825806
0.453979,-0.273926,0.971069
-0.401978,-0.161987,0.736450
0.058594,0.118408,1.019531
0.146973,-0.399658,0.828491
-0.558838,0.226318,0.823975
0.461304,-0.271851,0.974976
-0.385132,-0.163818,0.748413
0.053711,0.130005,1.021729
0.163330,-0.404053,0.838135
-0.568115,0.233521,0.817871
0.456055,-0.258301,0.980103
-0.358154,-0.177612,0.743652
0.029907,0.132324,1.012817
0.189331,-0.406006,0.832275
-0.575806,0.222290,0.813232
0.460327,-0.239502,0.984009
-0.328613,-0.192505,0.753174
-0.003784,0.138062,1.007080
0.207397,-0.409180,0.848755
-0.584961,0.216797,0.805298
0.461304,-0.244141,0.981812
-0.290405,-0.204834,0.759399
-0.024536,0.149170,0.997070
0.229004,-0.394043,0.852417
-0.589111,0.200073,0.797607
0.458618,-0.235962,0.985718
-0.265137,-0.230835,0.752441
-0.058350,0.160645,0.986206
0.260742,-0.392578,0.875732
-0.589600,0.171875,0.784668
0.446533,-0.213623,0.990356
-0.212158,-0.287720,0.742920
-0.095459,0.171265,0.970581
0.292847,-0.390259,0.887817
-0.590942,0.149170,0.775024
0.427612,-0.191162,1.002441
-0.171265,-0.321167,0.751831
-0.147217,0.170288,0.947998
0.331543,-0.392090,0.895630
-0.581299,0.127075,0.774536
0.398193,-0.129272,1.015747
-0.128540,-0.334961,0.753662
-0.195435,0.152344,0.913452
0.359375,-0.369507,0.910400
-0.567993,0.097046,0.766602
0.367554,-0.093872,1.013550
-0.098389,-0.365234,0.746948
-0.253418,0.170532,0.888062
0.384888,-0.366333,0.926025
-0.544800,0.026489,0.752197
0.317261,-0.056030,1.009033
-0.059082,-0.387207,0.744019
-0.319458,0.170654,0.866455
0.416626,-0.352417,0.932739
-0.515015,-0.022217,0.740356
0.261475,-0.022095,1.001465
-0.016846,-0.404907,0.750000
-0.376587,0.170898,0.851074
0.434937,-0.329712,0.949829
-0.482300,-0.070557,0.744385
0.203125,0.027344,1.020020
0.029419,-0.404053,0.768555
-0.450317,0.179932,0.825195
0.447388,-0.329102,0.949707
-0.446899,-0.108398,0.757080
0.144165,0.070557,1.024414
0.087891,-0.396240,0.797119
-0.514038,0.203613,0.808472
0.453979,-0.296143,0.965088
-0.381836,-0.157837,0.755493
0.068848,0.111694,1.027100
0.157959,-0.394409,0.834106
-0.545532,0.186646,0.796265
0.458008,-0.270264,0.968872
-0.317993,-0.219727,0.757568
-0.017334,0.139771,0.993530
0.248291,-0.410889,0.868042
-0.562256,0.152466,0.773926
0.447388,-0.217773,1.000366
-0.214355,-0.268555,0.778931
-0.108765,0.156738,0.960449
0.312622,-0.424316,0.885986
-0.567139,0.127563,0.779419
0.420166,-0.153809,1.012573
-0.116455,-0.325928,0.771729
-0.197266,0.156982,0.932983
0.353882,-0.414673,0.892456
-0.547607,0.066528,0.773926
0.372559,-0.087524,1.025391
-0.057373,-0.367065,0.766479
-0.274658,0.150757,0.880737
0.394531,-0.400879,0.919556
-0.526123,-0.023560,0.741577
0.296143,-0.028320,1.003906
0.002441,-0.377808,0.766235
-0.361206,0.139893,0.839111
0.432861,-0.388672,0.929443
-0.498291,-0.091187,0.727539
0.211426,0.013428,1.009888
0.046753,-0.393311,0.784058
-0.421387,0.161865,0.833984
0.461182,-0.355957,0.953979
-0.459717,-0.151733,0.733398
0.135376,0.053711,1.009888
0.105347,-0.414185,0.803101
-0.485229,0.180420,0.811523
0.469238,-0.298462,0.981934
-0.376465,-0.199707,0.752930
0.038818,0.096802,1.010742
0.190430,-0.450562,0.828247
-0.526245,0.140015,0.779175
0.481079,-0.246826,1.007935
-0.286743,-0.186646,0.785156
-0.055542,0.130859,0.985962
0.275024,-0.463867,0.864014
-0.547729,0.094849,0.758423
0.447144,-0.188354,1.017822
-0.181519,-0.253052,0.797729
-0.123291,0.151367,0.967529
0.332397,-0.446289,0.880493
-0.556641,0.084595,0.772949
0.407959,-0.160645,1.018311
-0.097656,-0.302490,0.802002
-0.188354,0.146606,0.932861
0.376831,-0.428711,0.916626
-0.542603,0.023438,0.765259
0.358032,-0.111938,1.009766
-0.031006,-0.369873,0.783691
-0.259277,0.132568,0.886108
0.425903,-0.395752,0.940918
-0.520020,-0.044434,0.744141
0.291626,-0.072998,0.996460
0.016724,-0.418579,0.773682
-0.339966,0.136230,0.855957
0.455933,-0.377808,0.957031
-0.484131,-0.112549,0.737427
0.217651,-0.015625,1.000854
0.071289,-0.441284,0.773438
-0.405762,0.153442,0.840088
0.480469,-0.356567,0.976807
-0.443604,-0.150024,0.750977
0.145386,0.018555,1.006958
0.108765,-0.440552,0.795166
-0.460815,0.134155,0.802124
0.486084,-0.320923,0.990112
-0.379150,-0.177979,0.765869
0.070801,0.069946,1.011353
0.176758,-0.461670,0.829956
-0.500732,0.118286,0.779175
0.486206,-0.294922,0.997925
-0.313232,-0.218994,0.772461
-0.005127,0.121582,1.017212
0.253418,-0.477661,0.848389
-0.526001,0.083252,0.761108
0.469971,-0.263428,1.010498
-0.232788,-0.234375,0.793701
-0.062012,0.154541,1.010498
0.315063,-0.463501,0.883789
-0.541260,0.070190,0.768066
0.439331,-0.206421,1.021606
-0.173218,-0.262695,0.802246
-0.120117,0.142090,0.992188
0.366577,-0.448120,0.920898
-0.531616,0.060425,0.773560
0.400513,-0.146362,1.025146
-0.080322,-0.334839,0.809692
-0.183716,0.132568,0.956299
0.407959,-0.428589,0.938354
-0.506714,-0.001099,0.763672
0.361206,-0.111816,1.018921
-0.017822,-0.375000,0.805420
-0.244141,0.138672,0.924805
0.445312,-0.421387,0.958862
-0.481567,-0.062866,0.769287
0.307983,-0.055786,1.030151
0.039062,-0.410645,0.792480
-0.300903,0.139282,0.897705
0.468750,-0.406494,0.968506
-0.464355,-0.109863,0.757080
0.262939,-0.035522,1.026611
0.073730,-0.425049,0.794556
-0.347534,0.133911,0.869385
0.497437,-0.379395,0.989746
-0.442871,-0.139771,0.753662
0.202881,-0.005249,1.016724
0.103882,-0.439697,0.801270
-0.388916,0.133301,0.854492
0.516357,-0.359131,1.005859
-0.405273,-0.164307,0.763794
0.133667,0.046143,1.026855
0.171875,-0.465942,0.814697
-0.431274,0.112305,0.828613
0.524780,-0.339966,1.014282
-0.354736,-0.198242,0.770020
0.065674,0.083130,1.021240
0.229004,-0.470825,0.844482
-0.455933,0.071411,0.792358
0.517700,-0.312378,1.027954
-0.291992,-0.214233,0.805664
0.003052,0.122314,1.029907
0.296387,-0.471558,0.876709
-0.482666,0.072144,0.788574
0.480225,-0.250122,1.037964
-0.203247,-0.226807,0.834351
-0.048584,0.147461,1.035034
0.336670,-0.454834,0.912354
-0.505249,0.073120,0.792236
0.370728,-0.121948,1.010376
-0.127319,-0.277466,0.833252
-0.242676,0.140015,0.910767
0.429565,-0.410767,0.935303
-0.515381,-0.047607,0.744019
0.294556,-0.067139,1.009521
0.029907,-0.423340,0.780396
-0.308472,0.116943,0.862061
0.454834,-0.384155,0.957764
-0.489746,-0.110596,0.739014
0.225708,-0.010254,1.015747
0.079590,-0.440918,0.782349
-0.388916,0.132324,0.838135
0.481323,-0.369507,0.975708
-0.440552,-0.152832,0.743896
0.145752,0.038330,1.027710
0.130127,-0.441895,0.805054
-0.456299,0.134766,0.818604
0.505371,-0.344116,0.998047
-0.369385,-0.206787,0.754517
0.042358,0.088501,1.009644
0.221558,-0.460327,0.832031
-0.485962,0.092163,0.780884
0.484497,-0.287354,1.006836
-0.269165,-0.228027,0.799316
-0.049438,0.129150,1.005737
0.293213,-0.475830,0.871948
-0.519531,0.074585,0.771729
0.446533,-0.212524,1.024780
-0.152222,-0.272583,0.823975
-0.126343,0.149048,0.988403
0.363159,-0.455566,0.917480
-0.523193,0.037109,0.772949
0.396973,-0.138916,1.032837
-0.036377,-0.345215,0.818726
-0.210571,0.142944,0.950439
0.417603,-0.426392,0.941162
-0.499146,-0.049561,0.752686
0.326294,-0.075317,1.030273
0.038574,-0.392944,0.809814
-0.286743,0.132446,0.910645
0.475586,-0.392090,0.984009
-0.458618,-0.118286,0.749390
0.236328,-0.022461,1.017212
0.090454,-0.418335,0.806030
-0.370605,0.128784,0.867065
0.514404,-0.349121,1.006104
-0.400635,-0.171387,0.765015
0.133179,0.045654,1.022217
0.184082,-0.453735,0.827637
-0.427612,0.109009,0.826782
0.517212,-0.311157,1.028931
-0.316284,-0.208374,0.791748
0.029663,0.105591,1.025757
0.270874,-0.485352,0.862915
-0.486938,0.064209,0.779297
0.490112,-0.248291,1.042725
-0.214722,-0.242188,0.820435
-0.062988,0.145386,1.025391
0.346680,-0.473511,0.914917
-0.504395,0.064087,0.789673
0.446533,-0.177368,1.051514
-0.098999,-0.282593,0.844482
-0.145508,0.161987,1.003052
0.419800,-0.440552,0.958862
-0.485962,-0.009155,0.771240
0.384277,-0.113892,1.046997
0.001221,-0.352539,0.836304
-0.216797,0.142212,0.960693
0.472778,-0.397583,0.995972
-0.456421,-0.097656,0.769043
0.305542,-0.049561,1.044800
0.078613,-0.405396,0.833496
-0.301514,0.144409,0.922852
0.520752,-0.357056,1.033203
-0.409058,-0.161865,0.772217
0.206665,0.015259,1.040405
0.142944,-0.421631,0.844849
-0.384399,0.135376,0.870728
0.545654,-0.335938,1.044678
-0.343018,-0.197754,0.783447
0.110474,0.080688,1.048706
0.241943,-0.472534,0.868652
-0.439209,0.078369,0.811035
0.531860,-0.278809,1.055542
-0.275024,-0.213867,0.815918
0.041016,0.111694,1.046753
0.320435,-0.466187,0.914795
-0.482910,0.071289,0.799316
0.501343,-0.227173,1.059448
-0.181519,-0.234497,0.840088
-0.040161,0.158936,1.049927
0.391724,-0.436646,0.955566
-0.487183,0.052612,0.810913
0.458618,-0.157593,1.070801
-0.091797,-0.282959,0.846680
-0.101807,0.170288,1.033081
0.449219,-0.408691,0.996704
-0.470703,0.003174,0.802490
0.415771,-0.103760,1.082397
0.014160,-0.360718,0.851685
-0.180542,0.163940,1.004272
0.495605,-0.379761,1.028809
-0.441650,-0.066040,0.792480
0.359497,-0.047241,1.087891
0.079224,-0.395142,0.849976
-0.256226,0.166382,0.968140
0.532593,-0.353638,1.053467
-0.399780,-0.141479,0.796997
0.279053,0.006958,1.078003
0.128052,-0.390137,0.868896
-0.333984,0.169678,0.935791
0.563354,-0.334961,1.071655
-0.352783,-0.177979,0.795044
0.199951,0.057129,1.072266
0.207764,-0.421875,0.893677
-0.377075,0.110596,0.872681
0.561035,-0.294067,1.084473
-0.289185,-0.208862,0.814087
0.117065,0.117798,1.080933
0.296021,-0.457520,0.911011
-0.418823,0.075195,0.834351
0.544312,-0.251099,1.083984
-0.227539,-0.234009,0.832397
0.041870,0.142700,1.079956
0.370239,-0.433960,0.965820
-0.452148,0.071655,0.833252
0.511597,-0.183594,1.110474
-0.145630,-0.259033,0.855347
-0.025269,0.169922,1.080200
0.419312,-0.419922,0.998413
-0.458008,0.049683,0.835205
0.488647,-0.123535,1.121338
-0.060669,-0.289551,0.872437
-0.105835,0.179688,1.053711
0.473877,-0.397217,1.030029
-0.439819,-0.013672,0.823486
0.438477,-0.065796,1.137329
0.042480,-0.358032,0.886108
-0.166260,0.185913,1.038452
0.514404,-0.362915,1.056641
-0.422119,-0.077148,0.801758
0.386597,-0.013306,1.142090
0.074585,-0.353027,0.892700
-0.241821,0.195679,1.022461
0.548950,-0.342651,1.080444
-0.377808,-0.114868,0.806763
0.316406,0.039185,1.124146
0.152466,-0.365479,0.913940
-0.299805,0.173096,0.974487
0.572876,-0.302002,1.105469
-0.337524,-0.182129,0.805664
0.233887,0.072021,1.111938
0.241089,-0.401733,0.931763
-0.353271,0.112305,0.902466
0.569824,-0.274902,1.106323
-0.275391,-0.217896,0.828735
0.142090,0.109985,1.098267
0.322632,-0.421631,0.968018
-0.400757,0.088013,0.873047
0.554932,-0.221436,1.115845
-0.208252,-0.246338,0.852295
0.052124,0.148315,1.099243
0.396118,-0.417603,0.994141
-0.426514,0.074585,0.860718
0.530640,-0.166870,1.130127
-0.116089,-0.270874,0.876709
-0.039307,0.185425,1.095215
0.445190,-0.385254,1.027466
-0.430054,0.015137,0.850708
0.502808,-0.106934,1.151123
0.002197,-0.330444,0.891968
-0.120239,0.202026,1.076538
0.491089,-0.371826,1.056641
-0.418945,-0.032837,0.837524
0.440063,-0.049194,1.153564
0.042847,-0.343018,0.890625
-0.188354,0.212769,1.048462
0.536621,-0.328735,1.093994
-0.398193,-0.090942,0.812134
0.381714,0.014771,1.161377
0.105713,-0.351807,0.915649
-0.266235,0.209717,1.016113
0.571167,-0.303223,1.116455
-0.354370,-0.168823,0.810425
0.302246,0.064087,1.149292
0.184204,-0.363525,0.933594
-0.320435,0.160767,0.948364
0.595703,-0.276733,1.132812
-0.306396,-0.225952,0.812134
0.201294,0.100952,1.124023
0.270630,-0.421143,0.947632
-0.361572,0.107422,0.896729
0.580200,-0.250244,1.127441
-0.245239,-0.248413,0.835083
0.117432,0.127930,1.109863
0.352539,-0.425903,0.977173
-0.402954,0.098999,0.884644
0.560913,-0.196899,1.136719
-0.183228,-0.233643,0.869385
0.040405,0.164185,1.107544
0.402344,-0.398193,1.006104
-0.413574,0.055664,0.865967
0.536621,-0.146362,1.141846
-0.067749,-0.280396,0.890503
-0.049072,0.189575,1.101074
0.447998,-0.370239,1.028809
-0.421265,0.000488,0.857788
0.499390,-0.080322,1.171021
-0.005005,-0.325073,0.879883
-0.118652,0.194702,1.070679
0.496704,-0.335327,1.068970
-0.423706,-0.043457,0.832520
0.445312,-0.016846,1.189575
0.036743,-0.343628,0.893311
-0.212891,0.203857,1.040405
0.543457,-0.313843,1.104736
-0.394043,-0.100342,0.816162
0.370728,0.021606,1.163452
0.097412,-0.335083,0.912964
-0.271606,0.182495,0.992310
0.567383,-0.289551,1.120605
-0.355957,-0.185181,0.805420
0.288696,0.050415,1.143677
0.175171,-0.381592,0.917969
-0.318604,0.138672,0.945679
0.581177,-0.281006,1.124146
-0.308228,-0.237671,0.820190
0.196655,0.091919,1.128296
0.262207,-0.407959,0.940674
-0.383301,0.131470,0.897949
0.579834,-0.240601,1.126221
-0.245728,-0.243408,0.845337
0.105713,0.134766,1.121216
0.331177,-0.399902,0.972656
-0.424927,0.102783,0.869507
0.562866,-0.188965,1.139404
-0.173706,-0.272949,0.853638
0.014771,0.160400,1.103394
0.387329,-0.396606,0.987671
-0.432617,0.051270,0.857910
0.533447,-0.148193,1.146606
-0.062744,-0.325684,0.869019
-0.062744,0.169067,1.085449
0.432373,-0.369751,1.015991
-0.434814,0.008179,0.847778
0.491577,-0.082886,1.173828
-0.041382,-0.323120,0.852661
-0.135864,0.184692,1.062988
0.471069,-0.338379,1.046997
-0.449951,-0.038818,0.820068
0.437012,-0.031250,1.174683
-0.005127,-0.325195,0.867188
-0.213257,0.201538,1.041626
0.521851,-0.315063,1.086548
-0.416626,-0.109985,0.794678
0.356689,0.013672,1.155273
0.064697,-0.325195,0.893555
-0.279785,0.183838,0.981201
0.546387,-0.293457,1.099121
-0.370728,-0.186768,0.785400
0.278076,0.040039,1.140869
0.141968,-0.368286,0.905273
-0.338135,0.162720,0.938721
0.557617,-0.274536,1.105347
-0.322144,-0.221802,0.812866
0.187988,0.082764,1.125610
0.221191,-0.409058,0.920044
-0.397827,0.118408,0.896973
0.551025,-0.243164,1.112915
-0.281494,-0.252441,0.811768
0.101074,0.110962,1.102905
0.290405,-0.395264,0.945557
-0.431519,0.083008,0.863647
0.534180,-0.196533,1.122559
-0.203003,-0.286499,0.830322
0.014771,0.132446,1.085815
0.339478,-0.384033,0.961792
-0.446411,0.047974,0.843262
0.511841,-0.150391,1.136230
-0.126343,-0.312256,0.823975
-0.058960,0.141602,1.055664
0.390015,-0.359131,0.992188
-0.453857,-0.008789,0.820068
0.467163,-0.099121,1.145020
-0.101807,-0.312866,0.817261
-0.153442,0.176758,1.041626
0.447144,-0.348267,1.028442
-0.462646,-0.056763,0.793945
0.406738,-0.052734,1.135498
-0.058716,-0.302734,0.835327
-0.241455,0.186646,1.007568
0.489014,-0.322632,1.063232
-0.437622,-0.109375,0.784058
0.345581,-0.005127,1.139404
0.017700,-0.342285,0.847168
-0.318848,0.175537,0.951660
0.514160,-0.314209,1.062256
-0.393555,-0.194336,0.764893
0.252686,0.042603,1.123779
0.103638,-0.374146,0.868896
-0.385986,0.156982,0.911255
0.527466,-0.288452,1.075439
-0.350708,-0.241089,0.777100
0.152954,0.075928,1.098999
0.185669,-0.391479,0.895142
-0.436157,0.109009,0.863525
0.524536,-0.241211,1.084106
-0.302612,-0.256836,0.786987
0.062866,0.098022,1.073608
0.254272,-0.390625,0.916016
-0.467041,0.071411,0.827393
0.501709,-0.198364,1.096558
-0.198364,-0.298340,0.800171
-0.017334,0.111084,1.052856
0.309082,-0.388550,0.928345
-0.484009,0.019653,0.803589
0.466431,-0.154907,1.103516
-0.167480,-0.307739,0.786255
-0.109741,0.145508,1.035156
0.365601,-0.361328,0.966919
-0.499390,-0.021973,0.781128
0.420166,-0.107666,1.109863
-0.138916,-0.313354,0.786011
-0.208862,0.182861,1.011353
0.423950,-0.342651,1.009766
-0.490967,-0.072144,0.765137
0.365479,-0.059204,1.101074
-0.084961,-0.309814,0.808228
-0.297607,0.195557,0.967407
0.467773,-0.323486,1.028442
-0.466431,-0.153687,0.735962
0.289429,-0.022339,1.094727
-0.009155,-0.353027,0.814453
-0.373047,0.171509,0.913330
0.485840,-0.307373,1.040039
-0.426758,-0.174683,0.748901
0.203125,0.038818,1.094116
0.078491,-0.386719,0.840332
-0.436890,0.139893,0.871948
0.485596,-0.274292,1.054077
-0.395508,-0.223022,0.733765
0.114502,0.090698,1.076294
0.159668,-0.391479,0.864624
-0.480347,0.113159,0.833374
0.481812,-0.251465,1.049438
-0.309814,-0.262573,0.767822
0.041504,0.107300,1.054321
0.212646,-0.399414,0.877686
-0.506958,0.081177,0.813354
0.468384,-0.235107,1.045044
-0.253052,-0.279541,0.756836
-0.032227,0.121948,1.024292
0.271362,-0.402100,0.893311
-0.521118,0.060791,0.784058
0.448120,-0.193237,1.051147
-0.225220,-0.297607,0.748779
-0.105103,0.136353,1.007080
0.323975,-0.398560,0.918457
-0.532715,0.025879,0.776978
0.414185,-0.154053,1.065796
-0.204468,-0.287354,0.753662
-0.196045,0.169189,0.994995
0.368164,-0.388184,0.955078
-0.528442,-0.024536,0.763550
0.382202,-0.113770,1.073242
-0.176025,-0.300781,0.756958
-0.268433,0.171753,0.949829
0.397217,-0.385864,0.954102
-0.522827,-0.063354,0.749634
0.336060,-0.083862,1.070923
-0.131348,-0.322388,0.764648
-0.335205,0.188965,0.928345
0.427368,-0.356201,0.979248
-0.514404,-0.103271,0.720581
0.274902,-0.038086,1.074951
-0.068359,-0.367432,0.780273
-0.396851,0.184937,0.902832
0.428589,-0.330322,0.986938
-0.488770,-0.155151,0.715454
0.199707,0.021484,1.065063
0.010864,-0.390137,0.801025
-0.454224,0.174194,0.878174
0.442261,-0.318481,0.999268
-0.473389,-0.167114,0.721558
0.133423,0.054199,1.042603
0.064819,-0.393188,0.816162
-0.491943,0.163818,0.859009
0.448975,-0.289917,1.002930
-0.420410,-0.184204,0.743774
0.077515,0.076904,1.046021
0.121460,-0.408203,0.836426
-0.522217,0.148560,0.832153
0.450317,-0.271362,1.012573
-0.351440,-0.251465,0.745361
0.016602,0.102905,1.029541
0.187012,-0.416870,0.847290
-0.538940,0.120117,0.798218
0.433594,-0.252075,1.005981
-0.301392,-0.275635,0.736084
-0.045532,0.118530,1.002441
0.240356,-0.421875,0.865234
-0.559814,0.100586,0.781006
0.422852,-0.211426,1.012451
-0.260620,-0.297974,0.723755
-0.113892,0.134399,0.987671
0.286133,-0.422241,0.880737
-0.570801,0.061768,0.764160
0.399658,-0.170288,1.025146
-0.225220,-0.325195,0.716309
-0.190430,0.147827,0.964111
0.318726,-0.401489,0.904297
-0.572754,0.027588,0.747192
0.372192,-0.138794,1.037598
-0.202637,-0.317139,0.724365
-0.252930,0.162354,0.937256
0.353638,-0.381714,0.927734
-0.559937,-0.015503,0.739868
0.328369,-0.089844,1.044678
-0.161133,-0.337646,0.730835
-0.329102,0.193237,0.918579
0.385986,-0.380981,0.933228
-0.556274,-0.033813,0.720459
0.278320,-0.062866,1.030640
-0.108887,-0.348145,0.756226
-0.394653,0.196899,0.899170
0.402954,-0.352783,0.956421
-0.539795,-0.083740,0.699585
0.219971,-0.010010,1.038330
-0.055054,-0.386841,0.769287
-0.460205,0.210083,0.881348
0.423218,-0.335693,0.968140
-0.516846,-0.104858,0.713013
0.160522,0.032715,1.026855
0.003418,-0.395752,0.783813
-0.503784,0.218994,0.865234
0.436401,-0.326904,0.965820
-0.472412,-0.144409,0.731079
0.102173,0.064575,1.034668
0.074829,-0.406006,0.797241
-0.541260,0.220703,0.850464
0.446533,-0.307129,0.980225
-0.404053,-0.205688,0.735840
0.049438,0.091919,1.033813
0.119873,-0.401978,0.816772
-0.570557,0.198730,0.821655
0.445312,-0.274414,0.992676
-0.345703,-0.250000,0.728027
-0.007080,0.111938,1.011353
0.173706,-0.418091,0.836304
-0.582397,0.161377,0.788940
0.432617,-0.240356,0.990845
-0.286865,-0.266235,0.730469
-0.072510,0.133789,0.989258
0.230713,-0.423584,0.856689
-0.593750,0.126343,0.771851
0.408691,-0.198730,0.995361
-0.250732,-0.295532,0.719482
-0.133423,0.151611,0.974487
0.283447,-0.407837,0.876587
-0.593628,0.108276,0.766846
0.388672,-0.157715,1.008301
-0.216309,-0.309937,0.712524
-0.185059,0.151001,0.953247
0.318115,-0.401855,0.893677
-0.593628,0.075684,0.756592
0.364014,-0.120361,1.018555
-0.189819,-0.327393,0.707764
-0.244995,0.170166,0.932617
0.351074,-0.389404,0.910767
-0.583618,0.039551,0.745361
0.324341,-0.096313,1.012695
-0.151978,-0.347412,0.720459
-0.307373,0.184692,0.909790
0.380249,-0.371704,0.924072
-0.566650,0.010254,0.723022
0.284058,-0.059204,1.017090
-0.115967,-0.372070,0.721558
-0.373657,0.206055,0.896606
0.400635,-0.369385,0.926636
-0.554688,-0.039917,0.706421
0.239136,-0.024048,1.000854
-0.076538,-0.372192,0.748047
-0.421265,0.232910,0.891846
0.417603,-0.350830,0.942749
-0.541748,-0.077759,0.704468
0.188232,0.015869,1.015991
-0.038452,-0.389526,0.757568
-0.463623,0.234741,0.888428
0.438477,-0.339355,0.958252
-0.501465,-0.093506,0.718384
0.143677,0.060547,1.017944
0.005371,-0.387451,0.774902
-0.507080,0.245117,0.866699
0.446045,-0.319702,0.958862
-0.451294,-0.145508,0.729858
0.098511,0.089966,1.016846
0.055664,-0.394287,0.790161
-0.532959,0.243774,0.854492
0.452515,-0.308472,0.966553
-0.411011,-0.166870,0.734497
0.069214,0.108765,1.021362
0.099976,-0.399780,0.806396
-0.554077,0.234375,0.834473
0.451782,-0.272583,0.976318
-0.370728,-0.209229,0.725586
0.036011,0.128174,1.028564
0.142822,-0.405884,0.824951
-0.572632,0.225952,0.820190
0.448975,-0.264404,0.972168
-0.332153,-0.229004,0.732178
-0.015747,0.141846,1.003906
0.197144,-0.404663,0.838623
-0.587158,0.214233,0.804443
0.439575,-0.231445,0.978882
-0.284180,-0.240845,0.737427
-0.055908,0.151611,0.988525
0.233276,-0.402710,0.857666
-0.591431,0.185425,0.790771
0.434692,-0.200562,0.992798
-0.246094,-0.253174,0.732178
-0.102295,0.171509,0.973999
0.279175,-0.398560,0.875977
-0.590820,0.151733,0.775757
0.421875,-0.178467,0.999756
-0.223999,-0.287598,0.722900
-0.152588,0.176392,0.954834
0.315918,-0.403076,0.891235
-0.587158,0.133911,0.779297
0.404907,-0.156006,1.007202
-0.185425,-0.297607,0.733765
-0.190186,0.176392,0.934204
0.337891,-0.380615,0.894287
-0.569702,0.094604,0.770752
0.386719,-0.125854,1.012695
-0.155518,-0.324951,0.733643
-0.240601,0.185181,0.902466
0.369385,-0.386353,0.899170
-0.565796,0.083984,0.760132
0.357666,-0.095703,1.021484
-0.120361,-0.351685,0.726685
-0.277466,0.179077,0.887573
0.381714,-0.374756,0.900391
-0.562256,0.061768,0.741943
0.331177,-0.064941,1.008911
-0.078613,-0.373291,0.733765
-0.309570,0.185059,0.881226
0.396851,-0.355713,0.909668
-0.564819,0.018311,0.726196
0.300049,-0.044189,1.007080
-0.059326,-0.377686,0.738525
-0.352905,0.208252,0.879150
0.409546,-0.351440,0.929810
-0.550171,-0.020630,0.714722
0.266235,-0.007446,1.008301
-0.037476,-0.374756,0.750122
-0.383057,0.214111,0.869995
0.432373,-0.363159,0.938232
-0.542358,-0.058594,0.708496
0.228271,0.020630,1.011963
-0.015869,-0.391602,0.759033
-0.418945,0.208252,0.865234
0.443970,-0.343018,0.946289
-0.521362,-0.084595,0.716919
0.191772,0.022339,1.008423
0.013916,-0.394409,0.771851
-0.450317,0.228638,0.854004
0.454224,-0.324219,0.956299
-0.492798,-0.106567,0.727417
0.153931,0.048340,1.010010
0.038574,-0.402344,0.784180
-0.465210,0.223999,0.850830
0.462524,-0.298828,0.968994
-0.472168,-0.109375,0.743530
0.136230,0.063843,1.020874
0.068726,-0.407104,0.786011
-0.491211,0.223022,0.834351
0.465576,-0.295288,0.971924
-0.450684,-0.113159,0.754517
0.113037,0.081909,1.017456
0.092041,-0.406006,0.806519
-0.513550,0.217285,0.823730
0.462036,-0.283325,0.971191
-0.430420,-0.139771,0.743652
0.093018,0.097534,1.018555
0.125244,-0.408447,0.815796
-0.531982,0.206665,0.819092
0.457275,-0.274902,0.967896
-0.396362,-0.158325,0.754517
0.070435,0.116943,1.024536
0.155029,-0.410767,0.826294
-0.550659,0.204956,0.804077
0.460815,-0.270996,0.980347
-0.364624,-0.179932,0.752197
0.037109,0.131836,1.015747
0.178345,-0.401123,0.836670
-0.556030,0.202515,0.801392
0.476562,-0.266235,0.988159
-0.324219,-0.180298,0.767456
0.002563,0.136597,1.002075
0.209717,-0.399780,0.849731
-0.565552,0.194580,0.795898
0.479980,-0.250366,0.986816
-0.293335,-0.223022,0.767212
-0.031250,0.143066,0.990601
0.239258,-0.415894,0.859131
-0.569092,0.163208,0.778320
0.469360,-0.225098,1.003174
-0.245728,-0.222046,0.782227
-0.063965,0.156372,0.980835
0.334717,-0.401367,0.884521
-0.584351,0.100952,0.750488
0.384766,-0.119385,1.015015
-0.212646,-0.234619,0.779297
-0.226318,0.189331,0.913330
0.358765,-0.388428,0.899536
-0.574341,0.092163,0.755127
0.363770,-0.092773,1.015747
-0.123535,-0.344482,0.730469
-0.253662,0.192383,0.908081
0.376953,-0.382568,0.911743
-0.561523,0.055908,0.749390
0.335815,-0.069824,1.008667
-0.097412,-0.367798,0.729492
-0.289185,0.189819,0.896362
0.395508,-0.376465,0.910522
-0.553711,0.018311,0.737427
0.316650,-0.053711,1.011353
-0.084106,-0.368652,0.732422
-0.322388,0.200439,0.879517
0.419434,-0.374756,0.925781
-0.552856,0.009277,0.726318
0.288818,-0.034668,1.004028
-0.059326,-0.377563,0.734619
-0.338135,0.197021,0.877686
0.420410,-0.365479,0.935303
-0.549438,-0.019043,0.720947
0.266602,-0.014893,1.007080
-0.036011,-0.383057,0.742798
-0.378662,0.212158,0.869019
0.436890,-0.357666,0.941650
-0.531250,-0.048828,0.721436
0.239136,0.005737,1.006836
-0.022217,-0.374268,0.755493
-0.396240,0.191650,0.856689
0.444580,-0.344971,0.947632
-0.522339,-0.078613,0.707642
0.209473,0.020020,1.012817
0.001221,-0.396240,0.756592
-0.422729,0.209717,0.856323
0.454956,-0.337524,0.947876
-0.505005,-0.079590,0.733887
0.183228,0.029663,1.016968
0.021362,-0.410522,0.770264
-0.444702,0.240479,0.857788
0.457397,-0.315308,0.953125
-0.489014,-0.094849,0.743652
0.160034,0.037720,1.018188
0.046997,-0.410278,0.773926
-0.464966,0.226318,0.844360
0.463379,-0.316528,0.960327
-0.473145,-0.104858,0.747681
0.142090,0.057861,1.022461
0.061035,-0.413452,0.780396
-0.487427,0.200195,0.826538
0.472290,-0.299927,0.968994
-0.446533,-0.107056,0.748901
0.113037,0.073853,1.012085
0.092163,-0.424561,0.792969
-0.499878,0.207520,0.824341
0.469116,-0.288940,0.980469
-0.438599,-0.127319,0.747314
0.098633,0.084473,1.022949
0.118164,-0.442749,0.807129
-0.522949,0.205811,0.814941
0.472168,-0.277222,0.975220
-0.408325,-0.116333,0.764526
0.075195,0.106201,1.019165
0.140137,-0.430054,0.815063
-0.532837,0.190552,0.801880
0.469604,-0.274292,0.973389
-0.391235,-0.126465,0.765137
0.057739,0.112305,1.013550
0.165405,-0.425171,0.817505
-0.531494,0.195679,0.799072
0.467773,-0.268555,0.974731
-0.378052,-0.153687,0.753418
0.035400,0.123901,1.016968
0.186035,-0.434204,0.834595
-0.543335,0.178101,0.798096
0.471558,-0.277954,0.983643
-0.355957,-0.136597,0.773804
0.023071,0.145264,1.013184
0.204590,-0.426025,0.837402
-0.544922,0.173340,0.801270
0.467651,-0.263306,0.986816
-0.336548,-0.170166,0.762085
0.011963,0.128906,1.005737
0.210083,-0.428711,0.836060
-0.547607,0.177612,0.793945
0.472046,-0.261719,0.979614
-0.325562,-0.165527,0.776611
-0.003784,0.140869,1.004150
0.222046,-0.430908,0.849609
-0.551514,0.160156,0.777588
0.476440,-0.258057,0.985229
-0.309937,-0.186646,0.771851
-0.028809,0.147461,1.002686
0.240112,-0.437500,0.860718
-0.562378,0.157715,0.775269
0.471313,-0.243164,1.005859
-0.276489,-0.201660,0.778076
-0.037109,0.143188,0.997192
0.249878,-0.433960,0.860352
-0.559448,0.137085,0.751953
0.470825,-0.240723,0.999878
-0.261841,-0.230835,0.776978
-0.063599,0.145752,0.979126
0.274170,-0.444580,0.859741
-0.554321,0.121948,0.760254
0.465210,-0.207886,1.011963
-0.248657,-0.207764,0.793945
-0.078613,0.154175,0.975952
0.294556,-0.469604,0.856689
-0.562012,0.124023,0.771729
0.456787,-0.205322,1.015869
-0.213013,-0.229614,0.796875
-0.091309,0.153198,0.968994
0.303467,-0.457275,0.866821
-0.558838,0.102417,0.768066
0.453979,-0.187988,1.020386
-0.190430,-0.245850,0.793579
-0.111572,0.166138,0.965576
0.325317,-0.461670,0.877563
-0.560913,0.097534,0.771362
0.430298,-0.183960,1.015991
-0.167236,-0.286133,0.783325
-0.125977,0.156982,0.961060
0.343140,-0.449829,0.899170
-0.559692,0.105713,0.778320
0.435181,-0.177979,1.015869
-0.145020,-0.278442,0.794067
-0.142090,0.136108,0.951172
0.348877,-0.448242,0.893433
-0.547729,0.090942,0.784912
0.423462,-0.144165,1.024780
-0.133423,-0.285278,0.781006
-0.155762,0.139404,0.952759
0.368652,-0.456177,0.897949
-0.550415,0.091675,0.776611
0.405518,-0.138550,1.021973
-0.105591,-0.321533,0.791870
-0.178467,0.134277,0.937134
0.381348,-0.443726,0.905884
-0.546631,0.063354,0.773926
0.388672,-0.124634,1.020142
-0.083252,-0.316040,0.789551
-0.205444,0.141846,0.923950
0.398926,-0.440430,0.912109
-0.539551,0.031250,0.769165
0.369873,-0.109131,1.014648
-0.054565,-0.347168,0.792725
-0.235352,0.137817,0.903809
0.410278,-0.437378,0.928223
-0.535645,-0.000244,0.751099
0.353394,-0.089844,1.030884
-0.034790,-0.359863,0.782349
-0.261841,0.141235,0.891846
0.421997,-0.437500,0.924438
-0.530640,-0.020020,0.750122
0.334717,-0.077393,1.021240
-0.013672,-0.379150,0.782104
-0.282349,0.134277,0.883911
0.433838,-0.429199,0.936523
-0.516846,-0.050781,0.752563
0.317139,-0.065063,1.020386
-0.002808,-0.391602,0.780273
-0.298340,0.130249,0.876953
0.443848,-0.429565,0.940674
-0.506714,-0.068481,0.748779
0.302368,-0.066284,1.012451
0.022339,-0.403809,0.778809
-0.325439,0.149658,0.868286
0.458374,-0.417603,0.949097
-0.497070,-0.081299,0.749268
0.282104,-0.043335,1.025635
0.041260,-0.419312,0.789795
-0.345215,0.115234,0.844727
0.460693,-0.394043,0.957764
-0.474121,-0.098389,0.746948
0.268188,-0.019531,1.037964
0.050171,-0.411011,0.787598
-0.367798,0.118774,0.849854
0.476074,-0.407349,0.970337
-0.467651,-0.113159,0.746094
0.245728,-0.002319,1.035400
0.071655,-0.415283,0.798462
-0.375366,0.130615,0.849487
0.477417,-0.395752,0.963379
-0.455078,-0.121338,0.747803
0.230103,0.000854,1.034424
0.079102,-0.408447,0.809692
-0.401367,0.139282,0.846191
0.486816,-0.393066,0.976440
-0.445923,-0.140015,0.747559
0.208740,0.021973,1.036133
0.098022,-0.408081,0.819336
-0.412109,0.142700,0.842651
0.490601,-0.385620,0.981201
-0.443481,-0.184570,0.729004
0.176514,0.031738,1.041382
0.132324,-0.422485,0.831909
-0.428101,0.154541,0.838257
0.498413,-0.359863,0.996338
-0.431152,-0.195435,0.736572
0.146729,0.034180,1.035156
0.161011,-0.441406,0.828369
-0.434448,0.135620,0.837036
0.510986,-0.359131,0.997803
-0.410400,-0.187500,0.742310
0.127075,0.043823,1.027466
0.185181,-0.460693,0.833130
-0.446411,0.123779,0.826172
0.515137,-0.354370,1.005249
-0.394043,-0.200073,0.751709
0.104492,0.060913,1.031372
0.208984,-0.462036,0.844971
-0.446045,0.090820,0.808228
0.517334,-0.342773,1.019287
-0.379150,-0.205322,0.743774
0.080811,0.074097,1.025879
0.239136,-0.462280,0.861938
-0.461304,0.096069,0.796021
0.517334,-0.320801,1.020752
-0.355469,-0.218872,0.761841
0.062622,0.086060,1.030396
0.254028,-0.481323,0.860840
-0.451904,0.089844,0.804688
0.507812,-0.305908,1.019409
-0.323242,-0.191528,0.787231
0.046509,0.096069,1.025513
0.281250,-0.486450,0.873413
-0.456665,0.076904,0.793213
0.499756,-0.291016,1.019897
-0.306396,-0.194824,0.789062
0.035156,0.106079,1.040039
0.295532,-0.495361,0.879395
-0.454468,0.063721,0.801758
0.499023,-0.270264,1.036499
-0.297363,-0.220215,0.777344
0.023560,0.101318,1.030273
0.314697,-0.494141,0.897583
-0.457520,0.060547,0.800049
0.494629,-0.280396,1.030396
-0.284668,-0.217896,0.799194
0.018555,0.124390,1.046265
0.323242,-0.495483,0.895508
-0.454712,0.069702,0.802002
0.490479,-0.248901,1.040039
-0.276367,-0.223511,0.803711
0.011475,0.118042,1.046753
0.329956,-0.500244,0.894165
-0.458130,0.063721,0.805664
0.498657,-0.247437,1.052490
-0.264160,-0.222656,0.808350
0.008301,0.110718,1.034546
0.337524,-0.493286,0.909180
-0.457520,0.058228,0.803345
0.504639,-0.236084,1.060913
-0.248169,-0.236206,0.804199
-0.002686,0.118774,1.035645
0.338013,-0.497070,0.908081
-0.466431,0.065430,0.807373
0.514038,-0.249756,1.064575
-0.254883,-0.224487,0.803833
-0.004883,0.130859,1.041138
0.337524,-0.478027,0.913086
-0.450195,0.061646,0.813232
0.515381,-0.234253,1.070557
-0.239014,-0.206177,0.828369
0.003052,0.135498,1.049561
0.334961,-0.480835,0.904419
-0.451050,0.048706,0.806396
0.510620,-0.240601,1.074829
-0.230225,-0.221436,0.837402
0.013794,0.118164,1.050415
0.333984,-0.458740,0.928589
-0.443115,0.040161,0.814453
0.510742,-0.241089,1.073608
-0.242432,-0.229492,0.832886
0.029297,0.124512,1.063721
0.351929,-0.469604,0.925781
-0.439453,0.075684,0.827271
0.511475,-0.242432,1.070312
-0.239258,-0.223022,0.827515
0.026245,0.116699,1.057739
0.351807,-0.467651,0.931519
-0.446777,0.072388,0.821167
0.519653,-0.244141,1.071411
-0.230591,-0.222656,0.831421
0.024048,0.130981,1.063965
0.356079,-0.467163,0.933472
-0.450806,0.078979,0.826294
0.523926,-0.235596,1.083374
-0.241455,-0.217896,0.825806
0.033081,0.126953,1.058472
0.375000,-0.454468,0.945068
-0.446289,0.086304,0.834961
0.520996,-0.245850,1.068237
-0.231079,-0.218018,0.834106
0.045654,0.118530,1.078613
0.369263,-0.464844,0.956543
-0.443848,0.090210,0.837402
0.528198,-0.226074,1.089844
-0.229126,-0.220337,0.837891
0.024536,0.130981,1.072510
0.379883,-0.467529,0.955078
-0.441528,0.083618,0.843262
0.524658,-0.212280,1.096680
-0.220703,-0.242676,0.824829
0.029663,0.133057,1.075928
0.382446,-0.460571,0.960938
-0.440674,0.089966,0.840942
0.528320,-0.220703,1.097656
-0.206543,-0.230835,0.838013
0.023315,0.146118,1.074097
0.392700,-0.454956,0.963989
-0.438354,0.079590,0.841064
0.529419,-0.201660,1.108276
-0.191406,-0.238037,0.854736
0.019409,0.138062,1.079102
0.398071,-0.443237,0.971680
-0.446899,0.078125,0.836792
0.536987,-0.188843,1.112671
-0.168457,-0.229736,0.861084
-0.001221,0.157959,1.072998
0.397705,-0.442993,0.987549
-0.444580,0.077759,0.851074
0.526489,-0.178467,1.117188
-0.154785,-0.245605,0.859375
-0.000732,0.164307,1.087402
0.417603,-0.426636,1.003906
-0.450439,0.071167,0.843384
0.525513,-0.163086,1.116455
-0.126953,-0.247070,0.868164
-0.025635,0.172119,1.091064
0.437866,-0.421631,1.005005
-0.448730,0.055298,0.847046
0.508423,-0.154053,1.121338
-0.096069,-0.267334,0.873779
-0.043823,0.175293,1.076660
0.451416,-0.402466,1.022217
-0.453125,0.031860,0.840454
0.496948,-0.114014,1.146362
-0.048584,-0.299927,0.875000
-0.078735,0.177246,1.072021
0.475342,-0.401001,1.031006
-0.442139,0.026367,0.850830
0.475342,-0.096558,1.141113
-0.001709,-0.339966,0.884399
-0.114014,0.171509,1.057373
0.493164,-0.375854,1.052490
-0.434204,-0.011475,0.833130
0.450562,-0.070190,1.145386
0.031372,-0.349854,0.875000
-0.146118,0.174927,1.046265
0.512451,-0.356445,1.066284
-0.416382,-0.044922,0.820312
0.419312,-0.030518,1.148804
0.040527,-0.338745,0.886719
-0.194946,0.190674,1.038940
0.544067,-0.337769,1.095093
-0.401367,-0.078369,0.813843
0.374268,0.004150,1.140747
0.081299,-0.344849,0.909546
-0.247925,0.183838,1.011475
0.561401,-0.323364,1.106689
-0.369751,-0.128296,0.810547
0.328979,0.051758,1.144043
0.144165,-0.367676,0.925781
-0.290894,0.182129,0.982422
0.581421,-0.324585,1.106567
-0.349121,-0.184937,0.807983
0.275269,0.069824,1.134888
0.207764,-0.383423,0.946411
-0.328491,0.145996,0.937134
0.585693,-0.284668,1.113403
-0.307495,-0.207275,0.815430
0.205444,0.104126,1.127197
0.269775,-0.416626,0.947510
-0.358643,0.123901,0.902710
0.584595,-0.263672,1.124146
-0.265747,-0.215698,0.837524
0.146973,0.132446,1.126709
0.334717,-0.427490,0.978760
-0.397705,0.111694,0.881958
0.578125,-0.210571,1.139282
-0.214233,-0.231812,0.850098
0.096191,0.141479,1.123901
0.376587,-0.428467,0.989258
-0.425049,0.087769,0.869141
0.566650,-0.195557,1.137817
-0.178345,-0.236938,0.867798
0.034790,0.166260,1.118652
0.421021,-0.424072,1.008301
-0.427490,0.063721,0.860107
0.536133,-0.154541,1.143188
-0.122192,-0.244629,0.883423
-0.010254,0.177734,1.095459
0.434204,-0.412476,1.016846
-0.423096,0.039185,0.856323
0.520630,-0.119263,1.154785
-0.060303,-0.284546,0.893433
-0.051636,0.171875,1.078735
0.466675,-0.391357,1.031250
-0.429443,0.019775,0.860596
0.494873,-0.079834,1.171265
-0.020020,-0.337646,0.885010
-0.081787,0.176758,1.080200
0.488647,-0.368530,1.053467
-0.437012,0.006226,0.843750
0.483643,-0.076660,1.181396
-0.002319,-0.345825,0.869873
-0.133301,0.193726,1.066895
0.508179,-0.360352,1.068726
-0.404541,-0.027832,0.839966
0.453125,-0.035522,1.177612
0.002686,-0.332031,0.877808
-0.160889,0.184448,1.057739
0.526978,-0.353394,1.075928
-0.403809,-0.050049,0.829224
0.434448,-0.007202,1.176514
0.025513,-0.326904,0.888306
-0.203735,0.182007,1.033447
0.526611,-0.327881,1.102051
-0.396729,-0.080566,0.824341
0.411011,0.028076,1.185425
0.045288,-0.334106,0.890747
-0.242676,0.207031,1.023560
0.549927,-0.327393,1.096924
-0.385010,-0.121338,0.813843
0.384277,0.022705,1.169189
0.068848,-0.338013,0.903687
-0.263550,0.204102,1.012207
0.556030,-0.320801,1.102417
-0.369873,-0.136230,0.811768
0.357788,0.052734,1.177246
0.099854,-0.345337,0.908936
-0.289551,0.182495,0.991699
0.566406,-0.339355,1.097168
-0.357544,-0.169189,0.812866
0.328247,0.074219,1.178711
0.121826,-0.333008,0.923340
-0.305664,0.181396,0.976685
0.575562,-0.323730,1.104492
-0.352173,-0.190186,0.816162
0.293945,0.076172,1.166016
0.153809,-0.354492,0.920898
-0.328003,0.161377,0.944580
0.574097,-0.304443,1.113037
-0.334351,-0.210815,0.806396
0.254517,0.098633,1.154785
0.184814,-0.381104,0.925293
-0.338745,0.135864,0.937378
0.569702,-0.304565,1.100830
-0.327881,-0.242065,0.798340
0.232544,0.100098,1.140503
0.225464,-0.389038,0.936890
-0.366577,0.134033,0.922119
0.563599,-0.285034,1.106201
-0.321045,-0.255127,0.795166
0.196411,0.089233,1.132324
0.254761,-0.398682,0.939331
-0.376953,0.158203,0.930664
0.566040,-0.253906,1.112915
-0.318726,-0.243896,0.802002
0.163330,0.093140,1.116333
0.275024,-0.413452,0.938110
-0.391968,0.142334,0.907837
0.573486,-0.253540,1.114136
-0.295410,-0.254028,0.807617
0.123535,0.112549,1.111328
0.287598,-0.407593,0.947144
-0.400146,0.118286,0.895386
0.561035,-0.236450,1.112061
-0.264404,-0.255371,0.826660
0.099609,0.111938,1.111572
0.302002,-0.412842,0.942505
-0.412109,0.094727,0.875244
0.558350,-0.216675,1.118652
-0.249634,-0.257446,0.822754
0.072876,0.129883,1.100220
0.308716,-0.402222,0.952148
-0.409668,0.067749,0.864380
0.544189,-0.212769,1.116943
-0.226318,-0.269897,0.829346
0.051514,0.144287,1.104126
0.327026,-0.398926,0.954468
-0.424316,0.074219,0.865112
0.551025,-0.206177,1.123047
-0.192017,-0.295410,0.832275
0.015991,0.131714,1.086792
0.348511,-0.403198,0.963989
-0.427124,0.047974,0.853271
0.531006,-0.177490,1.126587
-0.157837,-0.303223,0.822388
-0.005493,0.146851,1.077515
0.361938,-0.393555,0.971802
-0.445068,0.040039,0.847778
0.512329,-0.158691,1.125000
-0.127563,-0.336182,0.819092
-0.045166,0.142212,1.056030
0.377930,-0.375244,0.979004
-0.450195,0.007812,0.831177
0.505249,-0.119873,1.151978
-0.121460,-0.333130,0.802124
-0.097290,0.150635,1.049072
0.404175,-0.382812,0.982666
-0.455444,-0.010864,0.817017
0.481812,-0.104004,1.148560
-0.117310,-0.312744,0.804688
-0.132690,0.161865,1.039673
0.427856,-0.361816,1.006836
-0.464722,-0.012939,0.811890
0.458252,-0.067871,1.159302
-0.100830,-0.313721,0.820435
-0.178833,0.173828,1.021118
0.442139,-0.352539,1.014526
-0.464600,-0.040161,0.801147
0.423096,-0.047607,1.150146
-0.080078,-0.306030,0.832031
-0.224243,0.197021,1.022461
0.469604,-0.356445,1.027588
-0.471191,-0.065796,0.769775
0.388306,-0.031738,1.141479
-0.056030,-0.293335,0.837524
-0.254272,0.174927,1.003174
0.485840,-0.345581,1.038940
-0.458618,-0.084717,0.769897
0.360352,-0.013672,1.134888
-0.031250,-0.313965,0.841431
-0.279785,0.164673,0.980835
0.491821,-0.342163,1.046021
-0.446899,-0.121704,0.762695
0.324951,0.025879,1.131714
0.003662,-0.319580,0.850586
-0.310791,0.164551,0.955444
0.497559,-0.343628,1.041748
-0.445068,-0.146240,0.755249
0.290527,0.021606,1.128906
0.040405,-0.344849,0.854858
-0.350586,0.163208,0.933350
0.500244,-0.313599,1.052734
-0.413086,-0.204712,0.750122
0.239136,0.031616,1.114502
0.076172,-0.359131,0.860107
-0.393311,0.172974,0.921753
0.505615,-0.308716,1.048096
-0.403809,-0.206299,0.752686
0.198975,0.041870,1.095825
0.104858,-0.386108,0.858521
-0.416138,0.157593,0.889282
0.524658,-0.302124,1.061523
-0.394409,-0.203491,0.769409
0.151855,0.064697,1.085938
0.140625,-0.400635,0.870483
-0.437134,0.120361,0.864136
0.511597,-0.276367,1.063354
-0.374023,-0.222534,0.767700
0.109375,0.080444,1.066895
0.172485,-0.404663,0.871460
-0.451172,0.102417,0.850464
0.505615,-0.272949,1.060547
-0.345825,-0.236450,0.776367
0.081543,0.097900,1.069946
0.194214,-0.388916,0.878296
-0.472412,0.105103,0.849976
0.496582,-0.273804,1.057251
-0.304932,-0.268311,0.775879
0.044922,0.109619,1.062012
0.219971,-0.401123,0.877930
-0.482788,0.093628,0.818481
0.498901,-0.270630,1.047119
-0.280029,-0.299316,0.769409
0.015991,0.109741,1.052856
0.239014,-0.400635,0.882202
-0.499756,0.097290,0.813721
0.485840,-0.241943,1.052368
-0.260986,-0.280640,0.779053
-0.016479,0.119263,1.041504
0.250488,-0.400391,0.881714
-0.502563,0.066895,0.809570
0.475342,-0.219116,1.067749
-0.248779,-0.295776,0.757935
-0.038330,0.124634,1.028931
0.268311,-0.405518,0.891846
-0.505371,0.070679,0.802490
0.464844,-0.204224,1.058105
-0.241089,-0.294556,0.749756
-0.064697,0.124512,1.020752
0.291016,-0.411499,0.905029
-0.524780,0.068359,0.785522
0.457642,-0.195068,1.066284
-0.226196,-0.309448,0.740479
-0.100708,0.126465,1.005005
0.306519,-0.410767,0.906372
-0.532593,0.048340,0.777710
0.442261,-0.174683,1.062866
-0.218018,-0.307617,0.749756
-0.139526,0.133057,0.990601
0.322510,-0.421021,0.910400
-0.529785,0.019531,0.776489
0.421387,-0.143066,1.075073
-0.217041,-0.278076,0.753052
-0.163208,0.143066,1.001953
0.338013,-0.407349,0.917603
-0.539185,0.009277,0.761108
0.410400,-0.131714,1.072021
-0.204956,-0.315918,0.736572
-0.213745,0.155396,0.973389
0.490356,-0.348877,1.041748
-0.539307,-0.009766,0.754272
0.349609,-0.010254,1.137695
-0.024292,-0.293335,0.853149
-0.289185,0.176270,0.977173
0.494995,-0.333008,1.047974
-0.442139,-0.128052,0.754883
0.323242,-0.001465,1.125610
0.003906,-0.325073,0.842896
-0.321411,0.172119,0.956299
0.497681,-0.334595,1.047607
-0.427979,-0.164429,0.751221
0.287720,0.026489,1.120728
0.042969,-0.356201,0.852661
-0.353760,0.170288,0.934082
0.502808,-0.315918,1.051025
-0.412231,-0.198975,0.750244
0.240845,0.048950,1.125977
0.074829,-0.379639,0.843994
-0.396484,0.168335,0.918945
0.504761,-0.328369,1.050781
-0.404663,-0.201904,0.758789
0.208008,0.069580,1.108398
0.119507,-0.375610,0.865356
-0.422363,0.151367,0.893188
0.500610,-0.305420,1.045288
-0.404663,-0.216797,0.746704
0.172241,0.070435,1.093262
0.143677,-0.389893,0.875977
-0.436768,0.155640,0.891113
0.504028,-0.285156,1.053589
-0.393555,-0.255737,0.742676
0.129272,0.067993,1.080200
0.165283,-0.396240,0.873657
-0.457520,0.136841,0.867432
0.511719,-0.270874,1.055298
-0.368286,-0.235352,0.758179
0.086914,0.080566,1.072266
0.190430,-0.411865,0.866821
-0.466675,0.125244,0.843140
0.503662,-0.248535,1.062256
-0.308716,-0.241455,0.788818
0.053223,0.092407,1.060059
0.206177,-0.408691,0.872681
-0.486084,0.107178,0.832642
0.502075,-0.257202,1.065063
-0.281494,-0.293335,0.773682
0.020874,0.099365,1.045654
0.226318,-0.408813,0.882080
-0.502441,0.094971,0.814331
0.492310,-0.229370,1.064697
-0.259521,-0.273560,0.774658
-0.008179,0.103638,1.037964
0.250000,-0.411987,0.880005
-0.508911,0.081421,0.805664
0.479370,-0.210327,1.066162
-0.250732,-0.271362,0.776733
-0.045044,0.111572,1.021362
0.276978,-0.426880,0.885376
-0.515381,0.067993,0.799683
0.458740,-0.197632,1.064941
-0.230591,-0.284668,0.766235
-0.080444,0.111206,1.014771
0.303589,-0.412964,0.905518
-0.523071,0.040894,0.778809
0.446655,-0.168091,1.074585
-0.223999,-0.280273,0.751709
-0.116333,0.130981,1.003906
0.318848,-0.401978,0.916138
-0.528198,0.035889,0.773315
0.433716,-0.158691,1.070679
-0.217041,-0.276489,0.748535
-0.162964,0.153442,0.994507
0.345581,-0.401367,0.938477
-0.531860,-0.004150,0.771729
0.403076,-0.129639,1.071167
-0.206665,-0.295044,0.742432
-0.200928,0.166870,0.983154
0.371704,-0.398926,0.947754
-0.542480,-0.019897,0.748413
0.383057,-0.108765,1.077271
-0.184937,-0.292236,0.755981
-0.245239,0.154907,0.966431
0.380249,-0.389893,0.944824
-0.530640,-0.046265,0.745361
0.352539,-0.078857,1.071777
-0.156372,-0.308228,0.766602
-0.282471,0.175293,0.955933
0.389893,-0.378662,0.956665
-0.524536,-0.073242,0.723145
0.325562,-0.057617,1.078125
-0.136841,-0.308716,0.766113
-0.330322,0.187988,0.943604
0.412842,-0.369751,0.966187
-0.521118,-0.101440,0.718872
0.300903,-0.058594,1.064209
-0.110229,-0.329102,0.766724
-0.387573,0.188110,0.908569
0.438599,-0.369629,0.976929
-0.509277,-0.117065,0.719482
0.249268,-0.011475,1.062256
-0.056763,-0.365601,0.773071
-0.416382,0.205078,0.903687
0.447021,-0.364014,0.981934
-0.496948,-0.140259,0.723022
0.199341,0.012085,1.051025
-0.015625,-0.355225,0.796265
-0.454346,0.188843,0.879395
0.456055,-0.342041,1.001831
-0.489258,-0.172607,0.700928
0.143677,0.056152,1.042969
0.044556,-0.392456,0.802124
-0.494629,0.188354,0.865112
0.460205,-0.325684,0.992188
-0.430176,-0.177124,0.751953
0.098999,0.078491,1.042847
0.088013,-0.404541,0.814819
-0.523682,0.166138,0.828491
0.452881,-0.300171,0.998413
-0.375732,-0.215332,0.750000
0.055298,0.093140,1.042236
0.145142,-0.420288,0.828369
-0.554688,0.150879,0.811646
0.450928,-0.285889,1.002686
-0.330200,-0.273315,0.736084
-0.005127,0.109009,1.014038
0.194336,-0.404541,0.850342
-0.565063,0.127930,0.789917
0.432983,-0.252441,1.003784
-0.284546,-0.295776,0.724609
-0.066895,0.130859,1.002686
0.242065,-0.427490,0.863525
-0.566406,0.112305,0.780151
0.414673,-0.209229,1.010864
-0.252319,-0.319214,0.709351
-0.126709,0.132446,0.986084
0.280518,-0.421265,0.875488
-0.576294,0.077026,0.762085
0.389404,-0.165894,1.019897
-0.225342,-0.324707,0.711548
-0.188477,0.133911,0.967896
0.312256,-0.393799,0.903564
-0.568481,0.025024,0.749023
0.361206,-0.135132,1.028320
-0.211060,-0.299561,0.723755
-0.255859,0.154785,0.945190
0.352417,-0.393799,0.916260
-0.562622,-0.013184,0.733276
0.323975,-0.073730,1.032837
-0.171509,-0.307617,0.726196
-0.325317,0.184692,0.919312
0.380371,-0.379272,0.933594
-0.548706,-0.046387,0.717651
0.278931,-0.041382,1.039917
-0.132812,-0.335815,0.749268
-0.385742,0.192993,0.895874
0.404663,-0.370728,0.950928
-0.537231,-0.089355,0.698120
0.222168,0.006592,1.037231
-0.071899,-0.368530,0.758057
-0.449341,0.223999,0.881348
0.426758,-0.352173,0.964111
-0.521973,-0.130249,0.689697
0.170532,0.021973,1.033691
-0.023926,-0.378906,0.775879
-0.489502,0.224854,0.875732
0.438354,-0.343018,0.969482
-0.490967,-0.154907,0.710449
0.127808,0.062256,1.034180
0.030518,-0.388672,0.796143
-0.527832,0.239868,0.867920
0.449951,-0.330811,0.971924
-0.439209,-0.164551,0.739136
0.084839,0.082764,1.029175
0.083252,-0.404175,0.803589
-0.562866,0.237793,0.841431
0.456421,-0.327881,0.966675
-0.378784,-0.216431,0.740601
0.033936,0.108154,1.025635
0.125366,-0.414551,0.813232
-0.564697,0.206665,0.821533
0.442627,-0.291504,0.970581
-0.340088,-0.247925,0.728027
-0.013184,0.135864,1.010254
0.168091,-0.420654,0.829346
-0.579224,0.181396,0.813354
0.440063,-0.253784,0.980957
-0.309204,-0.250366,0.722656
-0.045776,0.148560,0.996094
0.214355,-0.416870,0.846191
-0.589111,0.153809,0.788574
0.421265,-0.221924,0.992554
-0.269897,-0.291382,0.710327
-0.088867,0.158691,0.985596
0.246826,-0.392944,0.866455
-0.600342,0.157471,0.790649
0.419922,-0.223267,0.985840
-0.243652,-0.309326,0.704102
-0.128540,0.149292,0.965210
0.267334,-0.378662,0.880981
-0.597168,0.129272,0.776978
0.417358,-0.213989,1.003662
-0.227661,-0.340210,0.706177
-0.166260,0.150757,0.942139
0.300293,-0.383179,0.881104
-0.584351,0.109253,0.772827
0.384521,-0.159424,1.003052
-0.196167,-0.335815,0.709961
-0.207031,0.127808,0.923950
0.317871,-0.392090,0.886597
-0.586670,0.096924,0.760132
0.370850,-0.115601,1.017822
-0.178833,-0.303833,0.722900
-0.247559,0.151367,0.913696
0.339233,-0.397095,0.897095
-0.575806,0.069336,0.748169
0.340942,-0.079468,1.017822
-0.163696,-0.312012,0.730835
-0.285522,0.156006,0.905762
0.364014,-0.388428,0.907349
-0.568970,0.043701,0.729614
0.304810,-0.038330,1.020874
-0.132812,-0.300049,0.740967
-0.336914,0.190308,0.899048
0.394287,-0.401855,0.919189
-0.572632,0.012451,0.706055
0.283203,-0.033325,1.008545
-0.105957,-0.319214,0.743042
-0.373901,0.216187,0.893677
0.410522,-0.392456,0.924072
-0.567261,-0.039307,0.697388
0.249878,-0.013306,1.008423
-0.082886,-0.348145,0.745483
-0.403931,0.228638,0.897339
0.430420,-0.375610,0.938965
-0.553345,-0.069458,0.688843
0.217041,0.011841,1.010254
-0.053101,-0.377563,0.748657
-0.430908,0.237793,0.882202
0.431519,-0.349365,0.948364
-0.541382,-0.087280,0.692871
0.188477,0.026001,1.012451
-0.025391,-0.373901,0.766113
-0.454590,0.255737,0.877930
0.439575,-0.329346,0.948486
-0.511230,-0.109863,0.706299
0.157959,0.049927,1.016968
-0.003906,-0.385132,0.772095
-0.479248,0.245117,0.864990
0.443848,-0.314697,0.961914
-0.493408,-0.120361,0.713013
0.150391,0.063354,1.036865
0.028442,-0.381958,0.788086
-0.500488,0.250122,0.858032
0.442749,-0.316406,0.959717
-0.472778,-0.119751,0.726074
0.128296,0.083496,1.031860
0.060059,-0.393555,0.795776
-0.524048,0.252686,0.855347
0.446533,-0.308838,0.962524
-0.440063,-0.141846,0.727905
0.110596,0.087036,1.027710
0.084839,-0.383301,0.810059
-0.529785,0.263672,0.843994
0.456787,-0.312988,0.955444
-0.433960,-0.148438,0.738037
0.085938,0.099243,1.027832
0.120483,-0.409790,0.820557
-0.534790,0.247681,0.849243
0.460571,-0.267578,0.967896
-0.418213,-0.132324,0.733521
0.062378,0.124268,1.018677
0.143677,-0.415527,0.822510
-0.550415,0.251221,0.833740
0.455811,-0.275879,0.969238
-0.394531,-0.166626,0.736084
0.052246,0.118530,1.017090
0.152954,-0.409180,0.831543
-0.552856,0.239746,0.832642
0.460083,-0.270752,0.974609
-0.387573,-0.184204,0.730713
0.027588,0.139648,1.008911
0.176147,-0.421265,0.837402
-0.554688,0.233521,0.837769
0.456177,-0.248535,0.979492
-0.375977,-0.164062,0.742310
0.021484,0.129883,1.002075
0.187866,-0.434448,0.838501
-0.555908,0.227905,0.828613
0.448853,-0.235962,0.983765
-0.382080,-0.145142,0.739502
0.030762,0.130249,1.008057
0.202515,-0.424438,0.848999
-0.557495,0.222900,0.832520
0.445923,-0.249756,0.974487
-0.377319,-0.165649,0.742554
0.033813,0.135254,1.009277
0.193848,-0.418701,0.843384
-0.557739,0.229248,0.829712
0.464233,-0.261230,0.977539
-0.392456,-0.149048,0.738647
0.042969,0.131714,1.004272
0.185913,-0.415039,0.838501
-0.549683,0.228027,0.833740
0.458008,-0.276367,0.968384
-0.406372,-0.166626,0.727051
0.059326,0.112183,1.012207
0.176025,-0.401978,0.840454
-0.548950,0.227417,0.822021
0.471680,-0.261719,0.975586
-0.400269,-0.165771,0.741577
0.057861,0.119385,1.014648
0.150879,-0.420898,0.825562
-0.540039,0.217773,0.817749
0.479004,-0.276855,0.985840
-0.421509,-0.122925,0.748169
0.084961,0.103760,1.017090
0.135620,-0.412476,0.820190
-0.535522,0.241821,0.828125
0.474854,-0.307373,0.969238
-0.415527,-0.133667,0.746460
0.099121,0.102417,1.018188
0.115479,-0.403320,0.814575
-0.517578,0.243530,0.838501
0.477173,-0.309570,0.962280
-0.431641,-0.113403,0.755981
0.106812,0.096558,1.020142
0.114258,-0.402832,0.815674
-0.507690,0.231201,0.823364
0.466919,-0.288452,0.959717
-0.471558,-0.107666,0.727417
0.129883,0.065308,1.023315
0.111206,-0.428711,0.817993
-0.502563,0.223511,0.833862
0.461670,-0.296143,0.958984
-0.484009,-0.078491,0.732422
0.150635,0.054565,1.027832
0.092896,-0.432373,0.799805
-0.494019,0.226196,0.832886
0.464600,-0.325073,0.955078
-0.490479,-0.087891,0.739990
0.176025,0.047607,1.027466
0.083130,-0.421387,0.798950
-0.462036,0.215088,0.833984
0.445190,-0.325562,0.942993
-0.508179,-0.073242,0.723511
0.205811,0.031616,1.028931
0.051636,-0.403809,0.786255
-0.448364,0.203247,0.841187
0.457153,-0.345337,0.953979
-0.517700,-0.073975,0.728027
0.229370,0.029907,1.028809
0.043945,-0.404663,0.779785
-0.413940,0.215332,0.852173
0.451782,-0.357910,0.930542
-0.529297,-0.048218,0.714722
0.245117,-0.001221,1.019287
0.024902,-0.404663,0.767822
-0.386230,0.181396,0.847168
0.442017,-0.391602,0.926636
-0.532227,-0.055542,0.724731
0.274292,-0.028198,1.012451
0.006226,-0.391235,0.762451
-0.375244,0.210815,0.850464
0.447754,-0.404907,0.924072
-0.539551,-0.040039,0.733521
0.301758,-0.051880,1.013184
-0.010376,-0.397705,0.750122
-0.336548,0.201904,0.866333
0.441895,-0.404785,0.921753
-0.545776,-0.012085,0.741699
0.333984,-0.071533,1.018799
-0.017700,-0.370361,0.764648
-0.309448,0.186768,0.875610
0.410034,-0.401001,0.909302
-0.550537,0.023682,0.750122
0.357788,-0.090454,1.025391
-0.048706,-0.370361,0.765991
-0.267090,0.177490,0.896484
0.404419,-0.428955,0.903442
-0.559692,0.046631,0.754395
0.380737,-0.111450,1.018799
-0.060059,-0.358887,0.772461
-0.245361,0.199707,0.906738
0.390259,-0.421509,0.904297
-0.564819,0.065796,0.771606
0.414673,-0.140991,1.038086
-0.099731,-0.309326,0.792114
-0.195190,0.178589,0.925781
0.356323,-0.442017,0.887085
-0.562012,0.087891,0.783936
0.442993,-0.154175,1.045288
-0.148682,-0.257324,0.797485
-0.151245,0.176636,0.953613
0.328857,-0.454346,0.874512
-0.564697,0.078735,0.772705
0.459717,-0.194092,1.048340
-0.186890,-0.237915,0.799561
-0.115112,0.192749,0.976074
0.289917,-0.446777,0.863647
-0.542725,0.079224,0.766968
0.477295,-0.238403,1.031006
-0.259399,-0.227051,0.782227
-0.065674,0.173218,0.987305
0.273193,-0.442871,0.851440
-0.523315,0.098633,0.778076
0.492920,-0.294678,1.010620
-0.338501,-0.200928,0.764526
0.006592,0.123779,0.998779
0.224731,-0.454956,0.838257
-0.509155,0.127075,0.781738
0.497559,-0.290894,1.004517
-0.386841,-0.158691,0.753662
0.057251,0.110718,1.018433
0.182617,-0.497070,0.807861
-0.480835,0.144409,0.807007
0.491333,-0.331055,0.983643
-0.448364,-0.149902,0.730225
0.135742,0.067261,1.035400
0.133545,-0.472046,0.804321
-0.471436,0.174316,0.823730
0.487061,-0.359497,0.965820
-0.465698,-0.111206,0.746094
0.206055,0.030884,1.047607
0.100952,-0.426025,0.811768
-0.427124,0.166016,0.833252
0.465210,-0.386108,0.955566
-0.487549,-0.099854,0.730713
0.250977,-0.001709,1.035156
0.056152,-0.405396,0.792114
-0.366211,0.149414,0.855469
0.458374,-0.424927,0.924438
-0.507568,-0.060181,0.745239
0.297607,-0.067383,1.027832
0.037476,-0.411743,0.798218
-0.337036,0.149780,0.858887
0.439697,-0.413696,0.926758
-0.509155,-0.046387,0.758301
0.342285,-0.083496,1.050537
-0.002319,-0.390015,0.788818
-0.296387,0.151611,0.880371
0.437622,-0.446289,0.925049
-0.506348,-0.047974,0.759644
0.357178,-0.088623,1.043213
-0.031372,-0.368164,0.789917
-0.254395,0.142090,0.891357
0.429932,-0.447632,0.925903
-0.507690,-0.009155,0.766846
0.374512,-0.113037,1.042236
-0.057861,-0.361328,0.789185
-0.217163,0.131104,0.923950
0.420288,-0.454346,0.926392
-0.515259,0.020142,0.779175
0.399658,-0.116821,1.046997
-0.075684,-0.329590,0.793945
-0.203125,0.124268,0.930054
0.414429,-0.472656,0.923950
-0.521484,0.034912,0.783569
0.419067,-0.145996,1.039673
-0.093140,-0.318970,0.806274
-0.187988,0.131348,0.947144
0.410034,-0.464478,0.925781
-0.506348,0.034180,0.787354
0.410645,-0.146362,1.035156
-0.096436,-0.314575,0.804810
-0.165771,0.129395,0.949585
0.408936,-0.451904,0.921509
-0.520752,0.044800,0.785889
0.423950,-0.145142,1.049438
-0.097168,-0.296143,0.814209
-0.157837,0.124268,0.959106
0.397583,-0.460205,0.922119
-0.510010,0.049561,0.785889
0.426025,-0.151978,1.049561
-0.107910,-0.289673,0.815430
-0.152222,0.130493,0.969604
0.404663,-0.465820,0.920776
-0.510864,0.049316,0.784790
0.423340,-0.152222,1.046753
-0.097778,-0.330078,0.812256
-0.155396,0.131592,0.968262
0.411499,-0.447388,0.937866
-0.511108,0.032349,0.783936
0.415161,-0.154053,1.043457
-0.086182,-0.325928,0.803345
-0.153442,0.121338,0.964111
0.424438,-0.447266,0.946289
-0.503174,0.035889,0.792236
0.416992,-0.144409,1.059326
-0.067383,-0.334839,0.817993
-0.177002,0.124512,0.955078
0.422241,-0.447754,0.954346
-0.499756,0.013794,0.775879
0.412720,-0.115845,1.065308
-0.050903,-0.319946,0.833374
-0.178467,0.142212,0.963867
0.422729,-0.434448,0.945679
-0.495850,-0.005859,0.781006
0.420776,-0.121094,1.078857
-0.044678,-0.335693,0.833130
-0.189209,0.137695,0.963867
0.435669,-0.444214,0.946899
-0.483765,-0.004517,0.781006
0.401978,-0.113770,1.062500
-0.017334,-0.350342,0.843872
-0.185791,0.136108,0.969971
0.437866,-0.435791,0.957153
-0.494629,-0.002441,0.767578
0.418335,-0.137573,1.064819
-0.007935,-0.361938,0.846436
-0.195923,0.153320,0.972290
0.447388,-0.422607,0.967285
-0.476318,-0.010376,0.781006
0.398804,-0.119507,1.066284
0.004150,-0.367188,0.850708
-0.196411,0.144165,0.966064
0.453003,-0.416016,0.976562
-0.479370,-0.018433,0.782959
0.404663,-0.107666,1.085571
0.017700,-0.362793,0.847290
-0.204346,0.148682,0.976929
0.460693,-0.424194,0.984497
-0.468018,-0.044434,0.779053
0.404053,-0.094727,1.091309
0.016235,-0.349854,0.854492
-0.210693,0.169067,0.978027
0.468994,-0.423706,0.980835
-0.461060,-0.060425,0.774414
0.400513,-0.099243,1.093140
0.020142,-0.377075,0.848999
-0.217407,0.154541,0.970459
0.487915,-0.424805,0.997314
-0.450073,-0.066528,0.789917
0.376709,-0.074463,1.088013
0.029053,-0.371826,0.846558
-0.211304,0.159668,0.984497
0.492310,-0.411133,0.998901
-0.453613,-0.048218,0.791992
0.393311,-0.087402,1.085205
0.037231,-0.384277,0.850220
-0.219238,0.152344,0.971924
0.488770,-0.397583,1.010254
-0.441162,-0.055542,0.792969
0.396484,-0.071045,1.099854
0.048462,-0.382568,0.855713
-0.224731,0.171753,0.979492
0.494873,-0.410645,1.011108
-0.443237,-0.082642,0.789551
0.396973,-0.067871,1.110962
0.050171,-0.362671,0.867798
-0.224731,0.184204,0.992798
0.502319,-0.419922,1.012939
-0.435425,-0.078979,0.796021
0.388062,-0.065308,1.106689
0.052734,-0.356323,0.873901
-0.202881,0.177979,1.001465
0.499512,-0.403442,1.018311
-0.449585,-0.066162,0.791504
0.403564,-0.069580,1.116455
0.043579,-0.371094,0.857178
-0.193481,0.164429,1.002319
0.498413,-0.405396,1.016602
-0.441650,-0.063721,0.799316
0.414551,-0.070801,1.121216
0.046265,-0.368774,0.873657
-0.197021,0.169067,1.005249
0.503052,-0.396729,1.021729
-0.429321,-0.047729,0.806763
0.421387,-0.061523,1.118652
0.041138,-0.347412,0.872314
-0.186646,0.168945,1.013306
0.501831,-0.404541,1.019165
-0.444824,-0.048218,0.806152
0.429077,-0.060669,1.130005
0.045898,-0.359131,0.876465
-0.195312,0.174805,1.012695
0.510986,-0.410034,1.021484
-0.427246,-0.056641,0.816895
0.423950,-0.067505,1.137329
0.037720,-0.361450,0.870239
-0.183838,0.167480,1.019043
0.519775,-0.396118,1.037964
-0.433472,-0.039307,0.810547
0.415894,-0.072266,1.122314
0.057495,-0.370483,0.880127
-0.190308,0.178833,1.014282
0.513184,-0.376709,1.049072
-0.422363,-0.042725,0.823120
0.424194,-0.058472,1.133911
0.051147,-0.372437,0.879517
-0.198486,0.168457,1.011841
0.514893,-0.373169,1.054199
-0.419556,-0.063599,0.807617
0.422729,-0.045654,1.146118
0.054321,-0.341553,0.884033
-0.204956,0.192993,1.026733
0.525391,-0.380981,1.050537
-0.417114,-0.066040,0.814331
0.413940,-0.033813,1.143433
0.058105,-0.334106,0.894531
-0.197510,0.186768,1.021851
0.527588,-0.367920,1.062012
-0.422241,-0.078735,0.806519
0.404663,-0.035645,1.143555
0.063232,-0.332153,0.899902
-0.209717,0.196045,1.037964
0.532471,-0.353271,1.068848
-0.417358,-0.072021,0.801392
0.229370,0.026489,1.059204
0.069824,-0.341309,0.901611
-0.359863,0.149414,0.902710
0.534058,-0.343384,1.038940
-0.394653,-0.160889,0.775146
0.228149,0.031128,1.071899
0.166992,-0.415894,0.872314
-0.362549,0.125977,0.896362
0.532471,-0.344360,1.049316
-0.380737,-0.178711,0.773926
0.229736,0.040405,1.091919
0.171265,-0.416870,0.874268
-0.375732,0.140625,0.900146
0.542236,-0.358032,1.051880
-0.374634,-0.193237,0.778198
0.226929,0.045898,1.086548
0.167358,-0.390625,0.889648
-0.359619,0.140015,0.908813
0.545532,-0.348145,1.059814
-0.381958,-0.194946,0.767212
0.230713,0.053589,1.091675
0.179565,-0.399658,0.896851
-0.352417,0.144409,0.910522
0.550171,-0.331421,1.066406
-0.374390,-0.187622,0.771729
0.228516,0.037476,1.080933
0.192749,-0.405151,0.908447
-0.346924,0.143433,0.915283
0.545410,-0.318848,1.063843
-0.360352,-0.190918,0.783325
0.225464,0.042603,1.087769
0.195679,-0.434570,0.889893
-0.357544,0.138428,0.908569
0.555786,-0.320679,1.066650
-0.361816,-0.175171,0.796631
0.235229,0.059082,1.107544
0.206177,-0.416016,0.904785
-0.356445,0.132446,0.905273
0.559448,-0.315186,1.075928
-0.354004,-0.200684,0.786377
0.236084,0.046509,1.098389
0.211304,-0.410034,0.915283
-0.355225,0.135742,0.913330
0.557007,-0.323364,1.072266
-0.350708,-0.210083,0.790649
0.228394,0.058228,1.109497
0.219238,-0.419434,0.924683
-0.342651,0.124634,0.916138
0.552246,-0.314575,1.083740
-0.354370,-0.208130,0.789429
0.243530,0.046143,1.114136
0.213501,-0.409058,0.923096
-0.336792,0.160767,0.938110
0.551270,-0.308350,1.079834
-0.349487,-0.187744,0.794067
0.260132,0.036377,1.108276
0.199219,-0.402954,0.917603
-0.341064,0.146606,0.932495
0.569092,-0.308472,1.090942
-0.350464,-0.183472,0.799805
0.257812,0.029053,1.104370
0.191895,-0.408447,0.924683
-0.331909,0.158936,0.939697
0.575684,-0.307861,1.093140
-0.343628,-0.165649,0.817017
0.270264,0.046387,1.122681
0.172119,-0.408325,0.918335
-0.323486,0.149902,0.943604
0.574829,-0.300293,1.102051
-0.340210,-0.176514,0.818726
0.284058,0.031372,1.134277
0.162476,-0.397217,0.914917
-0.306885,0.157227,0.958740
0.575195,-0.315430,1.095337
-0.361450,-0.161621,0.804932
0.304565,0.036377,1.140381
0.166504,-0.404297,0.919922
-0.314087,0.172852,0.960449
0.562378,-0.319092,1.097656
-0.364990,-0.175781,0.805054
0.327393,0.021606,1.147705
0.151001,-0.376343,0.927246
-0.302856,0.186523,0.982422
0.555908,-0.323486,1.089355
-0.369995,-0.163330,0.804443
0.336792,0.013428,1.140381
0.141724,-0.363159,0.932617
-0.288452,0.187500,0.973022
0.566895,-0.318237,1.100708
-0.371704,-0.154663,0.804077
0.349609,0.006836,1.150391
0.124634,-0.357300,0.922852
-0.270752,0.197266,1.005737
0.564941,-0.322754,1.101074
-0.382446,-0.123535,0.810791
0.364746,-0.004639,1.149780
0.115112,-0.349487,0.928101
-0.259521,0.207886,1.008667
0.556396,-0.309082,1.095581
-0.378540,-0.110107,0.821167
0.375122,-0.015503,1.150024
0.085205,-0.363159,0.910645
-0.236816,0.193237,1.022827
0.551758,-0.310547,1.111084
-0.406372,-0.093628,0.806519
0.402100,-0.015503,1.166382
0.076172,-0.355835,0.914917
-0.236450,0.217041,1.038574
0.548706,-0.335815,1.094116
-0.415649,-0.069092,0.824829
0.426147,-0.026855,1.166260
0.051758,-0.343872,0.906006
-0.210571,0.210815,1.050903
0.533691,-0.335693,1.087646
-0.418335,-0.053589,0.827026
0.437256,-0.033447,1.176758
0.041382,-0.353394,0.905151
-0.187500,0.213989,1.058472
0.527832,-0.343262,1.083252
-0.432617,-0.028442,0.828369
0.454102,-0.053955,1.173706
0.030273,-0.333862,0.903442
-0.171387,0.223999,1.075317
0.513672,-0.350464,1.065918
-0.435791,-0.009888,0.833252
0.472168,-0.055176,1.175537
0.007080,-0.342529,0.885864
-0.144043,0.216797,1.072144
0.510254,-0.365234,1.065674
-0.447388,-0.000122,0.837036
0.487427,-0.084717,1.182129
-0.000366,-0.345947,0.886841
-0.125122,0.206055,1.073608
0.501587,-0.368896,1.057129
-0.435791,0.005127,0.845825
0.492065,-0.082153,1.183472
-0.020264,-0.337891,0.873901
-0.094482,0.203247,1.091553
0.477539,-0.379395,1.036865
-0.446045,0.015747,0.851318
0.521118,-0.116699,1.174927
-0.021606,-0.344238,0.878052
-0.081177,0.195190,1.093506
0.463623,-0.389160,1.028564
-0.433350,0.021606,0.854980
0.531494,-0.127319,1.170532
-0.041992,-0.337524,0.870850
-0.072144,0.203613,1.076782
0.465088,-0.396973,1.024414
-0.433105,0.034302,0.861450
0.517090,-0.130737,1.152954
-0.058350,-0.321167,0.877808
-0.038818,0.175171,1.090454
0.432617,-0.396484,1.017578
-0.444580,0.052124,0.858032
0.533691,-0.134033,1.162964
-0.069214,-0.315063,0.878540
-0.027832,0.176025,1.096924
0.415649,-0.396484,1.006104
-0.439819,0.058350,0.865112
0.544556,-0.159302,1.154053
-0.113892,-0.296021,0.862427
-0.007568,0.174194,1.098999
0.407227,-0.396240,1.003662
-0.438110,0.055542,0.871582
0.554565,-0.175171,1.159180
-0.139282,-0.289062,0.860962
-0.011719,0.166382,1.089966
0.401611,-0.410889,0.992432
-0.436768,0.055054,0.865112
0.555054,-0.180298,1.147827
-0.172852,-0.269531,0.857056
0.005005,0.161255,1.094849
0.391357,-0.415405,0.989136
-0.433105,0.074707,0.867310
0.549561,-0.190552,1.141846
-0.175171,-0.265381,0.847412
0.016235,0.163696,1.096436
0.379150,-0.414673,0.969727
-0.434937,0.073975,0.872192
0.554688,-0.197998,1.135864
-0.190186,-0.253174,0.842529
0.028809,0.159912,1.094849
0.365356,-0.413208,0.976074
-0.430420,0.069214,0.871216
0.546875,-0.204590,1.131470
-0.206909,-0.263672,0.832642
0.045776,0.151733,1.097778
0.354858,-0.412598,0.963501
-0.430176,0.091797,0.876709
0.553833,-0.206299,1.126587
-0.228271,-0.265503,0.833374
0.046509,0.135620,1.097534
0.346069,-0.411255,0.966797
-0.429688,0.077515,0.866455
0.548950,-0.208374,1.126587
-0.225098,-0.269531,0.825317
0.049072,0.133301,1.100098
0.332275,-0.417480,0.955688
-0.432861,0.082764,0.874146
0.550781,-0.205322,1.129639
-0.244385,-0.264648,0.825317
0.051270,0.130493,1.100586
0.325806,-0.419067,0.948486
-0.429077,0.096558,0.875488
0.545166,-0.216309,1.116577
-0.247559,-0.267090,0.819946
0.063599,0.114746,1.096558
0.313843,-0.415161,0.948120
-0.445312,0.096313,0.861328
0.545898,-0.223511,1.109741
-0.246948,-0.274170,0.801270
0.055542,0.121338,1.094604
0.309082,-0.417969,0.933716
-0.451660,0.099365,0.871826
0.541504,-0.232300,1.107910
-0.247681,-0.280151,0.810059
0.048828,0.118286,1.091187
0.302856,-0.404663,0.939941
-0.453735,0.088867,0.852539
0.539185,-0.236450,1.107178
-0.248047,-0.286377,0.813721
0.045166,0.118774,1.086792
0.294434,-0.412231,0.925781
-0.450806,0.095581,0.850586
0.538574,-0.236084,1.103516
-0.246094,-0.278931,0.807739
0.044556,0.114868,1.083374
0.285034,-0.404541,0.922119
-0.454834,0.087280,0.857300
0.536011,-0.210571,1.116333
-0.234253,-0.289917,0.807983
0.031616,0.109985,1.077393
0.296021,-0.409912,0.921631
-0.463623,0.088135,0.835693
0.529541,-0.209839,1.103027
-0.218994,-0.285400,0.811890
0.023315,0.115234,1.068604
0.289429,-0.409912,0.916748
-0.480591,0.086182,0.831177
0.530762,-0.222656,1.097778
-0.215698,-0.294922,0.810791
0.015503,0.116943,1.065552
0.291260,-0.404907,0.916260
-0.481079,0.079346,0.825928
0.517212,-0.223022,1.090088
-0.208008,-0.282837,0.807129
0.007446,0.112793,1.053833
0.294678,-0.409058,0.915649
-0.493652,0.071411,0.814819
0.503174,-0.208618,1.094360
-0.206055,-0.302612,0.793701
-0.014893,0.123779,1.055908
0.296875,-0.404663,0.909058
-0.496582,0.061279,0.816895
0.505493,-0.222656,1.088013
-0.211426,-0.307373,0.779541
-0.033936,0.132446,1.039917
0.311035,-0.396484,0.916382
-0.495239,0.051392,0.806641
0.484619,-0.198364,1.089478
-0.203369,-0.312256,0.778687
-0.056152,0.130981,1.032349
0.325073,-0.390137,0.931885
-0.515381,0.039062,0.789429
0.482300,-0.197998,1.080933
-0.191040,-0.314575,0.766113
-0.078857,0.142944,1.029175
0.325928,-0.383911,0.923096
-0.518555,0.042358,0.781372
0.474121,-0.197021,1.078003
-0.202393,-0.300903,0.759033
-0.099243,0.153076,1.025513
0.348022,-0.391846,0.934326
-0.521362,0.036499,0.785645
0.450195,-0.187988,1.073853
-0.196167,-0.319214,0.751587
-0.113403,0.148804,1.019043
0.355713,-0.382446,0.944946
-0.535767,0.034912,0.772461
0.439819,-0.162109,1.073853
-0.183960,-0.322632,0.754272
-0.145874,0.161255,1.005493
0.358398,-0.382690,0.944580
-0.531982,0.017700,0.775391
0.429688,-0.146484,1.081177
-0.181763,-0.313721,0.762817
-0.167236,0.169189,1.015747
0.368530,-0.369507,0.953979
-0.542358,0.018188,0.769531
0.419922,-0.141235,1.074097
-0.172241,-0.319214,0.757812
-0.190918,0.157104,0.994385
0.375732,-0.372192,0.953857
-0.539551,0.008545,0.759644
0.398315,-0.127319,1.074219
-0.168213,-0.317261,0.762939
-0.209351,0.161743,0.988525
0.384888,-0.360596,0.967285
-0.552002,0.002441,0.751221
0.380737,-0.130127,1.068604
-0.164795,-0.320068,0.766724
-0.229004,0.164185,0.984741
0.386963,-0.354004,0.970703
-0.552490,-0.012695,0.746582
0.371460,-0.124268,1.072266
-0.157349,-0.333740,0.766846
-0.265747,0.164795,0.962646
0.395630,-0.354980,0.967651
-0.544922,-0.015259,0.755371
0.351196,-0.110352,1.075562
-0.146606,-0.335938,0.756348
-0.290527,0.164185,0.943726
0.407104,-0.371094,0.961670
-0.539185,-0.021973,0.750366
0.334961,-0.093506,1.065674
-0.134766,-0.336060,0.771851
-0.311768,0.161499,0.937134
0.416138,-0.354736,0.969360
-0.536743,-0.052612,0.739746
0.303589,-0.067627,1.062134
-0.114746,-0.345703,0.775757
-0.337646,0.164917,0.919067
0.418945,-0.354370,0.974976
-0.536133,-0.042603,0.727905
0.281494,-0.049927,1.057983
-0.089600,-0.344849,0.783936
-0.361572,0.167358,0.907837
0.420898,-0.349365,0.970459
-0.526978,-0.072510,0.715576
0.255859,-0.022461,1.062622
-0.064697,-0.357788,0.793213
-0.388428,0.171631,0.908081
0.427368,-0.345581,0.977051
-0.524170,-0.085327,0.715698
0.228638,-0.018677,1.050049
-0.045898,-0.363159,0.792114
-0.410156,0.166626,0.893799
0.437134,-0.336060,0.971924
-0.520386,-0.061401,0.723511
0.209717,-0.003906,1.040039
-0.030762,-0.377197,0.794800
-0.423706,0.164429,0.874634
0.428589,-0.324463,0.976074
-0.515991,-0.080444,0.723511
0.179932,0.023560,1.050659
-0.017700,-0.386108,0.793335
-0.441772,0.163452,0.873535
0.436279,-0.330200,0.984619
-0.516968,-0.101562,0.716553
0.157349,0.044312,1.037231
0.002563,-0.396851,0.785645
-0.458008,0.175781,0.876831
0.440308,-0.330444,0.987549
-0.516968,-0.094604,0.717163
0.141479,0.056763,1.037842
0.026245,-0.399170,0.796875
-0.474365,0.174683,0.864868
0.441406,-0.318604,0.988037
-0.509155,-0.112671,0.720581
0.118774,0.065552,1.033691
0.033081,-0.408936,0.790649
-0.490356,0.182251,0.869995
0.443237,-0.315430,0.987671
-0.502197,-0.123657,0.718872
0.113159,0.065308,1.035278
0.037109,-0.409302,0.798828
-0.499634,0.176025,0.862183
0.448242,-0.318726,0.987915
-0.492554,-0.105957,0.727295
0.104614,0.078491,1.030029
0.049805,-0.415771,0.793945
-0.513794,0.198120,0.852417
0.451660,-0.318481,0.983765
-0.477539,-0.134888,0.725708
0.097290,0.080078,1.029297
0.045654,-0.412354,0.795776
-0.512329,0.193848,0.853027
0.451660,-0.311035,0.991943
-0.477539,-0.140869,0.722778
0.099365,0.074585,1.030640
0.055420,-0.407959,0.797363
-0.522705,0.191772,0.841064
0.454224,-0.317749,0.989136
-0.458984,-0.126709,0.733032
0.087891,0.100708,1.038208
0.064575,-0.411499,0.802612
-0.526978,0.188721,0.848999
0.450073,-0.313721,0.973633
-0.462769,-0.115967,0.733643
0.088867,0.093384,1.036133
0.081299,-0.418823,0.802856
-0.542969,0.199097,0.841675
0.449463,-0.307983,0.971436
-0.451294,-0.137939,0.726562
0.078491,0.097900,1.031982
0.089478,-0.411133,0.812378
-0.553711,0.196411,0.833008
0.448853,-0.297974,0.984253
-0.438232,-0.131592,0.743896
0.066284,0.110840,1.032227
0.102905,-0.417236,0.809814
-0.556396,0.201904,0.832153
0.445312,-0.296387,0.980347
-0.427368,-0.140869,0.742310
0.056641,0.110840,1.026855
0.113647,-0.415527,0.810181
-0.561279,0.196655,0.828613
0.449097,-0.286987,0.977173
-0.411621,-0.169800,0.734497
0.047241,0.110718,1.024902
0.127930,-0.405518,0.827148
-0.574097,0.193848,0.821167
0.448364,-0.277222,0.986206
-0.391846,-0.165527,0.742065
0.029785,0.122192,1.020264
0.136597,-0.406494,0.826660
-0.575562,0.191406,0.812134
0.443726,-0.272949,0.987793
-0.365723,-0.189575,0.740845
0.008911,0.134766,1.016846
0.163574,-0.411621,0.834961
-0.580933,0.190186,0.808960
0.446289,-0.261353,0.989502
-0.352051,-0.203125,0.731079
-0.002319,0.131836,1.004395
0.178955,-0.413696,0.836670
-0.584229,0.182617,0.803101
0.442505,-0.251465,0.987671
-0.327515,-0.217651,0.738281
-0.024536,0.151489,0.999634
0.205933,-0.422363,0.841309
-0.597046,0.180908,0.791016
0.444580,-0.243530,0.989990
-0.305664,-0.236206,0.733765
-0.055542,0.154663,0.992798
0.235107,-0.416504,0.855591
-0.596802,0.164185,0.781250
0.429565,-0.228882,0.991577
-0.283569,-0.263184,0.729004
-0.078857,0.162842,0.985718
0.256348,-0.413696,0.866577
-0.606201,0.151855,0.776001
0.429932,-0.204224,0.997314
-0.249878,-0.272461,0.725586
-0.115112,0.179810,0.977783
0.278564,-0.410767,0.868896
-0.602295,0.133423,0.767334
0.415771,-0.184692,0.998535
-0.231689,-0.290039,0.720337
-0.145508,0.184204,0.968262
0.307861,-0.404663,0.889771
-0.606201,0.125366,0.761353
0.395142,-0.169312,0.999512
-0.207764,-0.317993,0.703979
-0.166260,0.187866,0.964966
0.323853,-0.395386,0.897949
-0.605713,0.116577,0.764282
0.391235,-0.159790,1.005493
-0.190063,-0.337158,0.714966
-0.208740,0.191284,0.946777
0.352539,-0.396118,0.906372
-0.601685,0.091675,0.748901
0.365845,-0.136841,1.001465
-0.156860,-0.342896,0.714722
-0.244141,0.201050,0.924316
0.371460,-0.381592,0.905396
-0.595459,0.080322,0.744751
0.340332,-0.113892,1.002808
-0.134888,-0.363770,0.716187
-0.282104,0.195435,0.910889
0.381958,-0.374512,0.915405
-0.575684,0.062134,0.741455
0.321167,-0.077148,1.011963
-0.109985,-0.378540,0.723267
-0.316162,0.205811,0.904663
0.398926,-0.370117,0.919067
-0.563232,0.034302,0.733032
0.286011,-0.054565,0.999146
-0.088135,-0.390015,0.724609
-0.358521,0.206543,0.891113
0.412964,-0.353149,0.932739
-0.559082,-0.005371,0.718994
0.246582,-0.023926,1.002686
-0.054688,-0.386353,0.738647
-0.395508,0.203979,0.876587
0.423828,-0.331787,0.945068
-0.536865,-0.050171,0.712158
0.207397,0.009155,1.001221
-0.027588,-0.388428,0.754028
-0.432251,0.214111,0.865967
0.431396,-0.308594,0.953613
-0.506104,-0.082886,0.725830
0.159058,0.050171,1.017822
0.012817,-0.403564,0.768311
-0.473389,0.216309,0.852661
0.437378,-0.293701,0.964966
-0.469238,-0.094604,0.742676
0.129028,0.070068,1.025513
0.057251,-0.401123,0.784546
-0.515991,0.227295,0.840454
0.450806,-0.282349,0.973145
-0.422363,-0.116211,0.755737
0.091431,0.100220,1.021973
0.091553,-0.394897,0.809937
-0.539551,0.220947,0.827026
0.452393,-0.270508,0.966797
-0.376953,-0.152100,0.760254
0.053833,0.119873,1.020020
0.136841,-0.393433,0.819946
-0.564697,0.200562,0.796631
0.456055,-0.252808,0.982422
-0.324951,-0.189453,0.759155
0.010254,0.137085,1.009277
0.189697,-0.389160,0.848145
-0.575562,0.185791,0.787354
0.442139,-0.227051,0.989014
-0.276123,-0.226318,0.751343
-0.035767,0.157471,1.000122
0.234619,-0.391602,0.861206
-0.584595,0.155884,0.769775
0.435913,-0.196777,0.988037
-0.233765,-0.252441,0.755127
-0.077148,0.175781,0.984985
0.279785,-0.394165,0.881470
-0.597290,0.141968,0.758667
0.427490,-0.177856,0.997559
-0.190430,-0.285767,0.751953
-0.140259,0.188110,0.959839
0.322998,-0.391235,0.899658
-0.585693,0.122681,0.765381
0.405640,-0.145996,1.007324
-0.143311,-0.329590,0.741333
-0.187134,0.193726,0.936157
0.365845,-0.393677,0.908813
-0.575439,0.100098,0.764648
0.369873,-0.104004,1.014893
-0.109253,-0.358276,0.748169
-0.241699,0.195190,0.911621
0.394531,-0.380981,0.918823
-0.566162,0.053955,0.745117
0.327271,-0.070190,1.001099
-0.076416,-0.375977,0.734863
-0.298828,0.201050,0.893311
0.417969,-0.363647,0.935425
-0.546997,-0.003174,0.730835
0.282837,-0.029175,0.999146
-0.050171,-0.400146,0.735229
-0.352661,0.190918,0.869507
0.442993,-0.349121,0.947388
-0.523682,-0.037964,0.721558
0.222900,0.004395,1.007690
-0.014648,-0.402954,0.752930
-0.406250,0.191772,0.853516
0.456665,-0.330200,0.955322
-0.497803,-0.068237,0.736816
0.172607,0.035645,1.007812
0.025635,-0.415649,0.762085
-0.458374,0.200073,0.839355
0.466431,-0.307251,0.968262
-0.458618,-0.079224,0.751343
0.132202,0.072266,1.021606
0.073975,-0.419556,0.790649
-0.512573,0.201660,0.819946
0.466675,-0.297729,0.966919
-0.408813,-0.127075,0.765137
0.079956,0.107788,1.023926
0.128418,-0.418945,0.807007
-0.538452,0.188721,0.800659
0.469971,-0.276978,0.981689
-0.347046,-0.142822,0.778442
0.024780,0.141479,1.016479
0.184814,-0.402954,0.833862
-0.563599,0.164917,0.779907
0.467651,-0.247559,0.985596
-0.281250,-0.195435,0.778809
-0.034424,0.169800,1.002808
0.250122,-0.417114,0.864990
-0.577515,0.134766,0.761475
0.450928,-0.219360,0.995361
-0.210693,-0.246216,0.782104
-0.092407,0.183472,0.977051
0.302002,-0.408813,0.895020
-0.583740,0.117310,0.764893
0.428589,-0.173584,1.010498
-0.148071,-0.307983,0.762573
-0.151978,0.177612,0.944214
0.351074,-0.399902,0.904419
-0.576294,0.110962,0.766479
0.393799,-0.137939,1.006104
-0.098511,-0.346924,0.755249
-0.206421,0.178955,0.921753
0.386719,-0.388306,0.916382
-0.559204,0.054565,0.756958
0.350220,-0.102539,1.004761
-0.058960,-0.381958,0.760620
-0.269897,0.174072,0.898071
0.418579,-0.380371,0.931641
-0.548096,-0.005981,0.744873
0.295776,-0.067261,0.996338
-0.012939,-0.409790,0.754761
-0.330811,0.171265,0.867188
0.434570,-0.360229,0.942261
-0.510986,-0.059326,0.734863
0.232788,-0.025269,0.997192
0.001831,-0.416260,0.756958
-0.504639,0.208252,0.836426
0.458252,-0.281006,0.974976
-0.405029,-0.132690,0.759644
0.078735,0.112671,1.023560
0.113770,-0.408813,0.808105
-0.538940,0.205444,0.809326
0.458374,-0.267822,0.973877
-0.343262,-0.144409,0.769897
0.032471,0.136475,1.010864
0.171875,-0.400391,0.838379
-0.573975,0.186401,0.787476
0.461548,-0.245850,0.988403
-0.280640,-0.194458,0.765991
-0.032959,0.163574,0.998413
0.234497,-0.391846,0.872803
-0.584106,0.161133,0.772339
0.446289,-0.211548,0.992065
-0.220093,-0.250366,0.761719
-0.088501,0.173706,0.978271
0.289307,-0.384644,0.884155
-0.589233,0.138428,0.758667
0.426758,-0.176270,0.996216
-0.164551,-0.296143,0.757935
-0.149414,0.185547,0.952637
0.331787,-0.384766,0.904175
-0.581421,0.094238,0.763184
0.386353,-0.131958,1.007812
-0.121704,-0.341064,0.746704
-0.215454,0.199097,0.923828
0.384277,-0.378296,0.922363
-0.561279,0.063354,0.758301
0.344727,-0.089355,1.003540
-0.076538,-0.373779,0.751221
-0.276489,0.196533,0.900513
0.415405,-0.360352,0.942749
-0.544312,-0.005005,0.739014
0.289062,-0.032593,1.000366
-0.047363,-0.395996,0.728394
-0.340942,0.195068,0.870605
0.441162,-0.351440,0.945435
-0.529785,-0.043457,0.731689
0.228760,-0.009521,0.992798
-0.013428,-0.408813,0.737305
-0.404907,0.204346,0.854492
0.457886,-0.335449,0.965698
-0.494141,-0.074463,0.741211
0.171631,0.030762,1.005615
0.023804,-0.413818,0.764160
-0.450073,0.195923,0.840820
0.469238,-0.319336,0.960571
-0.457031,-0.098511,0.760986
0.129883,0.071411,1.026855
0.069458,-0.420898,0.776367
-0.499512,0.187988,0.812134
0.478516,-0.295166,0.979248
-0.402588,-0.102051,0.775269
0.079590,0.095093,1.010132
0.132080,-0.419434,0.802002
-0.540894,0.181885,0.799194
0.478882,-0.267090,0.981689
-0.346680,-0.140381,0.776978
0.020508,0.132446,1.011597
0.191528,-0.420410,0.836426
-0.557251,0.155396,0.774292
0.461182,-0.242798,0.990723
-0.280273,-0.202881,0.769653
-0.036255,0.158691,1.003540
0.252563,-0.429688,0.865723
-0.567749,0.118408,0.763916
0.445557,-0.216553,0.994141
-0.217773,-0.227905,0.784546
-0.089478,0.182373,0.979980
0.307129,-0.402222,0.882446
-0.578979,0.105347,0.761230
0.419189,-0.178345,1.009277
-0.148804,-0.297485,0.776855
-0.139648,0.187134,0.955566
0.341919,-0.388062,0.907349
-0.573486,0.096069,0.762939
0.396973,-0.141846,1.018433
-0.102905,-0.347534,0.762695
-0.202026,0.181030,0.930298
0.380615,-0.386841,0.924683
-0.560669,0.050293,0.756470
0.362061,-0.101929,1.008057
-0.066162,-0.379272,0.754150
-0.250854,0.186768,0.904297
0.412720,-0.390259,0.931641
-0.547852,0.012329,0.752319
0.312988,-0.078735,0.995972
-0.029907,-0.409180,0.745972
-0.307739,0.183472,0.887085
0.436157,-0.373779,0.942261
-0.526001,-0.042114,0.737549
0.268066,-0.047607,0.992676
0.000488,-0.427734,0.749146
-0.352417,0.172363,0.861572
0.455444,-0.361816,0.958618
-0.504883,-0.089722,0.739746
0.216064,-0.015259,0.995850
0.025757,-0.429810,0.756348
-0.397095,0.159790,0.836914
0.471191,-0.344849,0.965576
-0.475098,-0.086914,0.749878
0.171753,0.016846,0.999878
0.061768,-0.434448,0.767700
-0.454102,0.160034,0.819824
0.483398,-0.316895,0.971313
-0.435059,-0.131592,0.757568
0.114868,0.056885,1.009033
0.104492,-0.442017,0.785156
-0.487671,0.139526,0.787231
0.487915,-0.292114,0.990356
-0.391235,-0.149902,0.770386
0.061279,0.091064,1.008911
0.166382,-0.462036,0.807495
-0.524902,0.116943,0.771118
0.478394,-0.266113,0.993530
-0.337158,-0.154785,0.781250
-0.002197,0.130981,1.014526
0.230347,-0.470093,0.838623
-0.543579,0.102051,0.755615
0.467163,-0.253418,0.999268
-0.274414,-0.184814,0.790039
-0.047729,0.139648,0.998291
0.279053,-0.458496,0.867310
-0.563110,0.086914,0.750732
0.445923,-0.208374,1.007446
-0.199707,-0.229614,0.799072
-0.095581,0.157471,0.982300
0.317627,-0.442139,0.886963
-0.563721,0.085083,0.761353
0.422241,-0.187378,1.005127
-0.125488,-0.303345,0.793823
-0.162354,0.169434,0.955688
0.363159,-0.416870,0.916504
-0.548950,0.051758,0.767822
0.383423,-0.146729,1.009521
-0.065674,-0.347168,0.787964
-0.218628,0.168091,0.932617
0.404419,-0.402222,0.936646
-0.531982,-0.016968,0.752319
0.327026,-0.103271,0.996948
-0.016235,-0.405151,0.773315
-0.289062,0.164307,0.890381
0.435913,-0.390747,0.948608
-0.502441,-0.076172,0.747803
0.264282,-0.053589,0.995850
0.032104,-0.434937,0.767822
-0.340332,0.156128,0.858765
0.466919,-0.359375,0.965088
-0.473755,-0.107056,0.750610
0.200562,-0.011719,1.002930
0.059570,-0.445801,0.770020
-0.406494,0.135254,0.830322
0.486816,-0.332397,0.992920
-0.437500,-0.133179,0.756714
0.140503,0.031738,1.012695
0.112427,-0.448364,0.796753
-0.454834,0.119629,0.805420
0.485474,-0.300293,0.999268
-0.380005,-0.180298,0.760254
0.062012,0.084229,1.011597
0.185669,-0.463013,0.823853
-0.505493,0.098389,0.765259
0.486816,-0.283203,1.001587
-0.309570,-0.207886,0.771240
-0.015869,0.126465,1.004272
0.261108,-0.484375,0.853149
-0.517700,0.065430,0.752197
0.457153,-0.240112,1.015137
-0.228516,-0.217529,0.801758
-0.085449,0.148560,0.993042
0.314941,-0.477905,0.874756
-0.543213,0.073730,0.772217
0.434448,-0.197876,1.024902
-0.153687,-0.259033,0.807373
-0.142212,0.156372,0.983765
0.364624,-0.462524,0.908447
-0.536377,0.052002,0.769165
0.400635,-0.145264,1.023193
-0.063354,-0.322144,0.813354
-0.211182,0.166870,0.948364
0.412964,-0.437988,0.933960
-0.519653,-0.025269,0.753784
0.340210,-0.104858,1.010254
0.002808,-0.384155,0.791016
-0.275513,0.156372,0.908813
0.453735,-0.405396,0.955444
-0.489136,-0.098999,0.742676
0.258545,-0.041992,1.008545
0.049438,-0.431396,0.781494
-0.343872,0.137451,0.869751
0.487427,-0.376709,0.982788
-0.455566,-0.144653,0.746094
0.182007,0.001465,1.007935
0.099243,-0.435547,0.800415
-0.401489,0.118896,0.833008
0.504028,-0.336182,1.006592
-0.402222,-0.160156,0.762329
0.111816,0.047974,1.023560
0.173828,-0.469971,0.818481
-0.455566,0.086792,0.796997
0.501587,-0.305542,1.015747
-0.339844,-0.203979,0.779663
0.028320,0.098633,1.018311
0.251831,-0.484985,0.850464
-0.488281,0.057983,0.764160
0.482178,-0.260010,1.020264
-0.253662,-0.215576,0.809570
-0.050415,0.149780,1.020630
0.321289,-0.494751,0.877563
-0.513062,0.060913,0.771240
0.448975,-0.211670,1.027466
-0.175049,-0.233887,0.821533
-0.109375,0.141602,0.995117
0.371948,-0.458984,0.927856
-0.511230,0.045410,0.778442
0.407593,-0.142700,1.034180
-0.071899,-0.321777,0.816162
-0.174683,0.160889,0.980469
0.426392,-0.444458,0.959106
-0.496094,-0.025879,0.775024
0.353149,-0.095947,1.027466
0.012817,-0.384766,0.812622
-0.251587,0.153687,0.934448
0.470215,-0.404663,0.973022
-0.467285,-0.097412,0.760376
0.283569,-0.053711,1.028687
0.067139,-0.429810,0.798950
-0.325684,0.149048,0.901245
0.499146,-0.369629,1.001099
-0.436890,-0.146362,0.761108
0.209717,-0.005127,1.028320
0.108154,-0.429688,0.806763
-0.386719,0.135620,0.858032
0.517578,-0.331543,1.027588
-0.390381,-0.190308,0.753662
0.129517,0.048218,1.027832
0.191895,-0.469360,0.834595
-0.434204,0.077271,0.801636
0.520874,-0.311157,1.030151
-0.322632,-0.202759,0.782837
0.042480,0.102051,1.030884
0.270752,-0.485474,0.870728
-0.465942,0.041138,0.775757
0.486084,-0.261108,1.035034
-0.253540,-0.223633,0.803467
-0.024048,0.125244,1.029053
0.336792,-0.475098,0.913696
-0.501343,0.056519,0.787598
0.457642,-0.205078,1.050537
-0.157593,-0.263184,0.823853
-0.093384,0.157471,1.019531
0.391724,-0.446655,0.947876
-0.502930,0.028931,0.792236
0.423218,-0.157104,1.050781
-0.049805,-0.324707,0.835938
-0.165283,0.167847,0.997925
0.444092,-0.424683,0.981323
-0.476929,-0.040894,0.781738
0.362061,-0.092163,1.055664
0.030884,-0.393311,0.827271
-0.229858,0.163330,0.959717
0.488525,-0.382324,1.013184
-0.453369,-0.095459,0.772095
0.306396,-0.043457,1.049438
0.079956,-0.419067,0.819702
-0.294922,0.150269,0.924805
0.516968,-0.358643,1.023682
-0.420898,-0.143921,0.771851
0.224731,0.002319,1.047852
0.126099,-0.426880,0.839600
-0.357300,0.124512,0.884033
0.538452,-0.336792,1.045776
-0.387695,-0.177490,0.774658
0.157471,0.041504,1.048828
0.207764,-0.460693,0.859009
-0.402344,0.082031,0.841187
0.539917,-0.315186,1.055176
-0.327759,-0.205811,0.788818
0.087036,0.087769,1.044434
0.271484,-0.478149,0.887817
-0.439209,0.068848,0.819214
0.520020,-0.262451,1.058594
-0.257935,-0.225098,0.804443
0.018433,0.139526,1.054443
0.331787,-0.478516,0.910522
-0.466553,0.060303,0.812378
0.494385,-0.218994,1.069092
-0.178711,-0.234863,0.839966
-0.037598,0.158325,1.053955
0.378418,-0.451782,0.947388
-0.494873,0.059326,0.809082
0.477051,-0.173584,1.078735
-0.092529,-0.292847,0.847534
-0.100098,0.191162,1.052124
0.426025,-0.439209,0.977539
-0.487305,0.017944,0.802002
0.440674,-0.129395,1.090698
-0.012451,-0.335449,0.849121
-0.139160,0.181274,1.036743
0.452881,-0.411499,1.002808
-0.479248,-0.023438,0.790039
0.411377,-0.093872,1.094849
0.041016,-0.373413,0.858521
-0.192017,0.189575,1.016357
0.485596,-0.406738,1.016113
-0.459106,-0.070801,0.783691
0.373291,-0.073853,1.085815
0.068726,-0.377075,0.850586
-0.228149,0.189697,0.992554
0.524536,-0.375488,1.041260
-0.440918,-0.104492,0.783447
0.321045,-0.031372,1.084106
0.091187,-0.381470,0.857056
-0.272461,0.188843,0.980225
0.545410,-0.344360,1.061890
-0.417358,-0.138428,0.773438
0.280151,-0.014160,1.078613
0.139038,-0.397949,0.876343
-0.317993,0.166016,0.948486
0.553223,-0.321045,1.071411
-0.381470,-0.170654,0.790527
0.231934,0.023926,1.073730
0.185425,-0.413940,0.886963
-0.337036,0.129517,0.903442
0.566406,-0.300293,1.084839
-0.343506,-0.191895,0.798950
0.179688,0.045410,1.070312
0.230835,-0.436157,0.898804
-0.359253,0.098267,0.872925
0.563477,-0.283203,1.085327
-0.298706,-0.213745,0.810791
0.125610,0.085327,1.068726
0.278687,-0.445679,0.918213
-0.397583,0.061279,0.848511
0.552124,-0.248047,1.096069
-0.243530,-0.222778,0.838257
0.062500,0.132812,1.078491
0.339478,-0.450684,0.941772
-0.433716,0.064697,0.839478
0.531982,-0.202881,1.102417
-0.185547,-0.232178,0.855225
0.001221,0.163452,1.080444
0.386353,-0.420654,0.972656
-0.453613,0.064331,0.836670
0.505371,-0.154419,1.114136
-0.099609,-0.251343,0.875244
-0.060181,0.189331,1.072021
0.437134,-0.417725,1.000122
-0.460938,0.037598,0.828735
0.468994,-0.112915,1.118896
-0.011597,-0.304199,0.893311
-0.123169,0.195190,1.067505
0.479736,-0.384521,1.036743
-0.447632,-0.036865,0.802124
0.429321,-0.066895,1.123291
0.066772,-0.343872,0.895630
-0.195312,0.208374,1.036133
0.527344,-0.364990,1.053833
-0.420532,-0.098511,0.791992
0.355347,-0.012939,1.116455
0.107178,-0.349121,0.910156
-0.273804,0.209106,1.000000
0.570801,-0.311523,1.099243
-0.372192,-0.166138,0.796143
0.258057,0.037720,1.092529
0.207031,-0.388306,0.920410
-0.331177,0.141602,0.922241
0.593750,-0.274292,1.118652
-0.299683,-0.215332,0.818604
0.145020,0.098022,1.090942
0.298584,-0.435425,0.933228
-0.385498,0.075684,0.855713
0.571655,-0.234009,1.121460
-0.202515,-0.239380,0.860596
0.034424,0.161133,1.090942
0.377197,-0.422241,0.990356
-0.436523,0.063721,0.850220
0.520386,-0.157471,1.122437
-0.095093,-0.250977,0.886108
-0.054199,0.191162,1.090332
0.452637,-0.396729,1.029907
-0.448242,0.001221,0.826782
0.459961,-0.089233,1.124634
0.043823,-0.331421,0.899048
-0.158936,0.213745,1.060181
0.513672,-0.352783,1.069214
-0.410278,-0.077026,0.817993
0.371216,-0.012939,1.127808
0.094849,-0.358154,0.901245
-0.264404,0.198364,1.008179
0.586670,-0.303589,1.116699
-0.351196,-0.180542,0.814941
0.246948,0.061401,1.117310
0.222046,-0.409668,0.928833
-0.342896,0.110474,0.905151
0.582642,-0.251343,1.126953
-0.247559,-0.224976,0.846680
0.104492,0.137451,1.098145
0.335327,-0.416138,0.974243
-0.415771,0.076050,0.856079
0.545654,-0.172974,1.133179
-0.134766,-0.234985,0.880981
-0.013428,0.192627,1.096924
0.431763,-0.384766,1.026489
-0.426147,0.022705,0.838379
0.484741,-0.091553,1.142822
0.019775,-0.335083,0.894287
-0.133789,0.207397,1.080078
0.512573,-0.342651,1.070435
-0.411011,-0.051880,0.826172
0.394165,-0.014771,1.140503
0.088501,-0.345825,0.907349
-0.262207,0.201050,1.023315
0.576050,-0.293213,1.115723
-0.339478,-0.167603,0.821289
0.253174,0.073242,1.121948
0.235718,-0.399658,0.935303
-0.344116,0.102295,0.907715
0.585083,-0.245483,1.130737
-0.236572,-0.239868,0.840820
0.093628,0.144775,1.106812
0.358765,-0.408203,0.978394
-0.419434,0.083740,0.865845
0.536621,-0.161743,1.137329
-0.109009,-0.268799,0.879395
-0.039062,0.194580,1.099854
0.452271,-0.375000,1.036621
-0.429688,0.006836,0.845581
0.475342,-0.076660,1.160156
0.045654,-0.341064,0.898071
-0.170410,0.206909,1.057495
0.523315,-0.306641,1.096802
-0.388794,-0.093750,0.830933
0.351929,0.009888,1.137207
0.144897,-0.372437,0.912598
-0.290405,0.155762,0.975342
0.587158,-0.269287,1.138062
-0.286987,-0.211914,0.835815
0.176514,0.098267,1.102295
0.291260,-0.397705,0.965698
-0.390991,0.080688,0.874634
0.562622,-0.210571,1.137207
-0.161255,-0.261475,0.869873
0.018311,0.179199,1.099121
0.408691,-0.366455,1.015137
-0.421509,0.032593,0.853638
0.500122,-0.119263,1.152222
0.011353,-0.339111,0.911377
-0.117188,0.185669,1.073120
0.482788,-0.317993,1.073242
-0.400879,-0.034668,0.831421
0.393799,-0.007324,1.146484
0.092041,-0.342041,0.911133
-0.249146,0.169922,1.017456
0.563965,-0.290527,1.128174
-0.326538,-0.174072,0.822388
0.256592,0.082764,1.131104
0.219238,-0.385010,0.926514
-0.359375,0.127808,0.914307
0.588745,-0.265503,1.130493
-0.232666,-0.260864,0.841675
0.103760,0.139893,1.111206
0.344360,-0.383057,0.993164
-0.423096,0.084961,0.871094
0.553345,-0.163208,1.150879
-0.117432,-0.266724,0.878174
-0.030273,0.185791,1.099731
0.427734,-0.362305,1.029175
-0.417358,0.010376,0.850830
0.496216,-0.093750,1.162842
0.001465,-0.332642,0.877930
-0.144897,0.209595,1.077271
0.506348,-0.328369,1.083496
-0.413086,-0.068726,0.833496
0.401123,0.001099,1.167847
0.076538,-0.336792,0.900513
-0.258545,0.205322,1.023682
0.574707,-0.300903,1.123169
-0.344727,-0.182739,0.817871
0.267456,0.067383,1.146973
0.198608,-0.380859,0.924927
-0.345703,0.143311,0.930908
0.587036,-0.259766,1.133911
-0.254272,-0.253418,0.839355
0.111450,0.114014,1.097778
0.318359,-0.393433,0.975464
-0.401001,0.083984,0.875610
0.558716,-0.187500,1.140503
-0.148804,-0.275024,0.870117
-0.015625,0.160400,1.091553
0.404907,-0.376709,1.014404
-0.422119,0.016846,0.850098
0.510864,-0.101440,1.164185
-0.029297,-0.309204,0.882446
-0.114014,0.197998,1.076294
0.478271,-0.341187,1.065674
-0.432983,-0.045410,0.835815
0.437622,-0.026855,1.174438
0.027588,-0.336792,0.886719
-0.229126,0.221924,1.050415
0.546631,-0.316528,1.106567
-0.384033,-0.142700,0.811890
0.324219,0.036743,1.152832
0.130127,-0.361084,0.907471
-0.314697,0.155884,0.954224
0.583496,-0.285034,1.123901
-0.308716,-0.228516,0.820190
0.195435,0.085327,1.125488
0.253784,-0.397217,0.944214
-0.387695,0.123535,0.897217
0.571899,-0.227051,1.132324
-0.230225,-0.258179,0.840820
0.078003,0.130005,1.106689
0.345825,-0.386963,0.984985
-0.422363,0.063232,0.862793
0.537842,-0.155884,1.148926
-0.116211,-0.299683,0.862671
-0.024658,0.159058,1.091919
0.409790,-0.365845,1.014893
-0.431396,-0.001343,0.834839
0.493286,-0.098022,1.157227
-0.048828,-0.318359,0.855713
-0.121704,0.185425,1.064697
0.468262,-0.331543,1.055542
-0.429443,-0.052124,0.821045
0.426392,-0.035522,1.168457
0.008911,-0.335083,0.875977
-0.234009,0.201782,1.027466
0.526367,-0.297241,1.098389
-0.397339,-0.129639,0.795410
0.339722,0.017334,1.157593
0.100830,-0.360229,0.888428
-0.315186,0.171509,0.960938
0.559326,-0.283936,1.104980
-0.335571,-0.209595,0.809448
0.215576,0.071411,1.134033
0.213623,-0.390747,0.924805
-0.389648,0.128906,0.906860
0.555908,-0.244141,1.111084
-0.260620,-0.252075,0.833252
0.101196,0.117310,1.112549
0.312378,-0.380249,0.961182
-0.434082,0.080688,0.865234
0.542847,-0.182129,1.128784
-0.146973,-0.297607,0.845093
-0.008057,0.146606,1.082520
0.376465,-0.360474,0.992188
-0.442139,0.000366,0.825317
0.496216,-0.114502,1.145020
-0.076172,-0.307251,0.846436
-0.113403,0.171631,1.058472
0.444580,-0.328613,1.038818
-0.438232,-0.055664,0.817017
0.423950,-0.051147,1.153687
-0.021240,-0.318604,0.855469
-0.233032,0.187378,1.020508
0.515747,-0.304077,1.089600
-0.401367,-0.149048,0.794312
0.314941,0.021362,1.142212
0.090454,-0.359009,0.876343
-0.324951,0.152100,0.936768
0.551392,-0.278809,1.099731
-0.322632,-0.248047,0.802612
0.175781,0.079468,1.115601
0.218872,-0.399658,0.918213
-0.406494,0.113770,0.881104
0.552368,-0.219116,1.115723
-0.241455,-0.282227,0.824829
0.044067,0.115601,1.089355
0.316772,-0.381226,0.960449
-0.438354,0.043823,0.833984
0.507935,-0.145386,1.126221
-0.111694,-0.319336,0.832397
-0.063965,0.138062,1.059814
0.387085,-0.358398,0.989136
-0.460693,-0.010742,0.820190
0.463989,-0.088135,1.148438
-0.077026,-0.293457,0.839233
-0.199585,0.190674,1.034546
0.471802,-0.329346,1.050659
-0.440186,-0.102539,0.787964
0.362183,-0.012817,1.147339
0.025269,-0.316895,0.868286
-0.306396,0.168457,0.958252
0.524780,-0.302490,1.086792
-0.369751,-0.225220,0.774048
0.228516,0.059448,1.127319
0.155029,-0.388306,0.893066
-0.400146,0.132568,0.899048
0.537964,-0.255493,1.097168
-0.296387,-0.261475,0.800171
0.092773,0.090698,1.086670
0.268188,-0.386597,0.930054
-0.448975,0.072144,0.843018
0.523682,-0.189087,1.113770
-0.163696,-0.293945,0.831787
-0.035522,0.133301,1.060303
0.352783,-0.377930,0.971558
-0.456543,-0.016235,0.810791
0.475586,-0.132568,1.121704
-0.118042,-0.310669,0.814941
-0.162476,0.180786,1.044678
0.442017,-0.343506,1.025635
-0.454224,-0.084351,0.783691
0.285400,0.051514,1.150146
-0.042847,-0.308716,0.839355
-0.329468,0.124878,0.924316
0.584106,-0.259277,1.134644
-0.269287,-0.232300,0.839233
0.153564,0.112549,1.134155
0.282959,-0.398438,0.957642
-0.402832,0.093994,0.885498
0.560181,-0.189331,1.135010
-0.184570,-0.247559,0.861694
0.038696,0.138062,1.106567
0.380859,-0.382324,1.002563
-0.431519,0.042480,0.853027
0.522095,-0.136353,1.144287
-0.056152,-0.317749,0.871216
-0.077026,0.174316,1.084717
0.452393,-0.351196,1.052124
-0.441406,-0.026489,0.839966
0.451172,-0.057373,1.166626
-0.004639,-0.320801,0.864868
-0.203857,0.209351,1.052734
0.527832,-0.313110,1.102173
-0.404053,-0.122070,0.817993
0.342163,0.026245,1.158813
0.097534,-0.348511,0.894287
-0.290649,0.167480,0.972168
0.568359,-0.271362,1.126221
-0.326538,-0.212891,0.814209
0.222412,0.068726,1.133911
0.219482,-0.407104,0.926025
-0.382202,0.118652,0.896362
0.574585,-0.243774,1.127930
-0.242798,-0.256958,0.841431
0.092896,0.122925,1.103638
0.322632,-0.399414,0.963257
-0.423218,0.083984,0.869263
0.537598,-0.166260,1.136475
-0.135986,-0.288330,0.858887
-0.016357,0.142578,1.087524
0.396851,-0.378174,1.001099
-0.437988,0.018799,0.841919
0.497314,-0.108765,1.152466
-0.065918,-0.312988,0.845947
-0.119629,0.191650,1.065430
0.467773,-0.343872,1.053711
-0.444214,-0.047974,0.820679
0.436890,-0.040527,1.166748
-0.010742,-0.319824,0.855835
-0.240601,0.209839,1.028076
0.534668,-0.315552,1.091553
-0.410034,-0.137085,0.796997
0.325439,0.013916,1.145874
0.095825,-0.345337,0.892456
-0.313110,0.170776,0.952881
0.555298,-0.288086,1.105713
-0.336426,-0.221069,0.800415
0.217285,0.060547,1.133057
0.193481,-0.382202,0.927612
-0.392212,0.125122,0.901978
0.557739,-0.234497,1.119141
-0.269775,-0.252319,0.826294
0.100220,0.103516,1.095093
0.297729,-0.387207,0.948853
-0.425293,0.070801,0.862427
0.524536,-0.178101,1.112793
-0.163452,-0.294067,0.847534
-0.006592,0.141235,1.077881
0.363037,-0.375854,0.983765
-0.445312,0.026123,0.838745
0.495972,-0.126465,1.138916
-0.100098,-0.322144,0.825928
-0.106445,0.169312,1.062378
0.433960,-0.362427,1.016724
-0.455566,-0.032227,0.825195
0.441528,-0.069580,1.153809
-0.051147,-0.307495,0.845459
-0.208862,0.205811,1.036621
0.501587,-0.320801,1.065674
-0.433350,-0.103027,0.787231
0.355103,-0.014160,1.139404
0.034180,-0.336670,0.859985
-0.289551,0.165283,0.963501
0.535156,-0.295532,1.086914
-0.380005,-0.181396,0.786133
0.261719,0.042358,1.133667
0.128418,-0.380981,0.876587
-0.364624,0.140381,0.911377
0.538086,-0.272705,1.091187
-0.317017,-0.239136,0.797852
0.151855,0.084229,1.109375
0.228516,-0.388794,0.919189
-0.420288,0.108276,0.874756
0.534424,-0.223389,1.106689
-0.266357,-0.270752,0.803467
0.056763,0.107178,1.087646
0.299805,-0.386230,0.947266
-0.447266,0.055908,0.834839
0.516846,-0.185181,1.112061
-0.154297,-0.309937,0.822388
-0.034668,0.131592,1.052612
0.359619,-0.368164,0.973999
-0.464111,0.010864,0.818481
0.482178,-0.124390,1.131714
-0.113403,-0.307739,0.810669
-0.144043,0.172729,1.034546
0.427612,-0.357178,1.009888
-0.468506,-0.047974,0.806030
0.421997,-0.073608,1.138428
-0.073608,-0.299316,0.827026
-0.242188,0.193115,1.008423
0.487671,-0.332397,1.051025
-0.448120,-0.119141,0.772461
0.338501,-0.004150,1.135864
0.007080,-0.331543,0.844849
-0.309570,0.165894,0.950684
0.510620,-0.308716,1.064453
-0.402710,-0.182129,0.770020
0.242554,0.028076,1.117310
0.102783,-0.373291,0.871826
-0.383057,0.150757,0.908813
0.523804,-0.268677,1.074585
-0.362793,-0.218750,0.774414
0.156128,0.067139,1.088257
0.191528,-0.380859,0.911255
-0.432495,0.114746,0.873413
0.517456,-0.233521,1.083740
-0.305908,-0.260132,0.789917
0.071899,0.083496,1.066162
0.259888,-0.379639,0.925293
-0.451294,0.077393,0.841187
0.503296,-0.197144,1.097778
-0.197998,-0.290894,0.805298
-0.014648,0.105225,1.045776
0.315430,-0.382324,0.948486
-0.468994,0.021484,0.810547
0.476807,-0.149902,1.112793
-0.156860,-0.309692,0.785156
-0.110352,0.150269,1.027466
0.381226,-0.370972,0.976685
-0.485229,-0.019409,0.799072
0.441406,-0.097900,1.130615
-0.125000,-0.306030,0.793213
-0.213379,0.193726,1.017700
0.435791,-0.365723,1.007935
-0.481445,-0.064575,0.778564
0.376587,-0.057129,1.118652
-0.071167,-0.314697,0.815430
-0.297729,0.182495,0.962524
0.473267,-0.352905,1.032227
-0.454834,-0.134277,0.756836
0.310425,-0.012573,1.116943
0.000854,-0.342896,0.823730
-0.361084,0.177856,0.930786
0.496460,-0.321533,1.040039
-0.422485,-0.195435,0.752197
0.215698,0.023560,1.091919
0.086792,-0.355957,0.861450
-0.424438,0.158081,0.894409
0.504028,-0.277832,1.058472
-0.392822,-0.226807,0.763184
0.136963,0.049438,1.069824
0.162598,-0.369995,0.884155
-0.457275,0.106445,0.846436
0.508911,-0.251099,1.071167
-0.309082,-0.253784,0.788330
0.038574,0.084961,1.055054
0.224854,-0.385376,0.893555
-0.473999,0.066772,0.819824
0.491943,-0.215576,1.076538
-0.234497,-0.287476,0.787964
-0.029297,0.101807,1.035034
0.286743,-0.397217,0.916504
-0.496094,0.027832,0.787964
0.470337,-0.169678,1.091309
-0.192627,-0.319580,0.761963
-0.117554,0.143555,1.005371
0.345947,-0.386230,0.939331
-0.510254,0.000854,0.777466
0.436401,-0.129883,1.091553
-0.156738,-0.305542,0.775391
-0.206543,0.178467,1.003174
0.406372,-0.366211,0.979248
-0.519531,-0.047852,0.756104
0.376709,-0.081665,1.104980
-0.113037,-0.302856,0.795532
-0.285522,0.180054,0.958130
0.438110,-0.350464,1.007935
-0.488892,-0.098999,0.748779
0.314209,-0.040649,1.093872
-0.047852,-0.334229,0.799316
-0.357056,0.177002,0.925171
0.459473,-0.342773,1.013428
-0.460938,-0.152100,0.729614
0.244507,-0.005493,1.083496
0.022949,-0.352417,0.825439
-0.425903,0.175415,0.893188
0.474976,-0.309448,1.034668
-0.431030,-0.212646,0.733765
0.154297,0.040894,1.065552
0.105957,-0.383301,0.851562
-0.469116,0.136841,0.854980
0.478149,-0.283569,1.037720
-0.372559,-0.222534,0.760010
0.072021,0.071411,1.045776
0.171143,-0.392334,0.865845
-0.504395,0.110718,0.826294
0.477295,-0.254150,1.042969
-0.288696,-0.266602,0.771484
-0.009521,0.098633,1.025635
0.235352,-0.405273,0.883179
-0.526123,0.067505,0.793579
0.454346,-0.214966,1.050537
-0.242554,-0.296875,0.755005
-0.083984,0.123291,1.015869
0.297729,-0.395630,0.907837
-0.532349,0.031250,0.778076
0.422119,-0.171875,1.055176
-0.201294,-0.313354,0.745850
-0.174316,0.151001,0.984863
0.353149,-0.383179,0.943481
-0.535034,-0.020752,0.757812
0.380615,-0.116211,1.071045
-0.161987,-0.307495,0.759033
-0.265625,0.176636,0.962158
0.391602,-0.362427,0.963867
-0.523315,-0.064697,0.736938
0.334229,-0.060669,1.074951
-0.120239,-0.320312,0.779297
-0.334839,0.166870,0.930420
0.421997,-0.353027,0.986206
-0.501343,-0.097900,0.725342
0.265625,-0.020264,1.069336
-0.051025,-0.361450,0.784912
-0.410156,0.184082,0.896606
0.445679,-0.334229,0.994385
-0.477417,-0.163452,0.726196
0.193481,0.028076,1.059570
0.024170,-0.371094,0.815430
-0.471924,0.183228,0.876831
0.458496,-0.315796,1.012573
-0.439453,-0.206055,0.733276
0.107178,0.056885,1.041870
0.095825,-0.387085,0.835327
-0.504028,0.151855,0.841919
0.462524,-0.292969,1.009888
-0.367310,-0.216187,0.759521
0.036987,0.083374,1.027466
0.164429,-0.410767,0.842285
-0.532837,0.126587,0.806396
0.457153,-0.261230,1.024902
-0.297241,-0.265015,0.750000
-0.030640,0.095703,1.010498
0.215454,-0.425903,0.855103
-0.550293,0.093384,0.779907
0.442017,-0.222412,1.030029
-0.256592,-0.290771,0.737671
-0.106567,0.125000,0.989502
0.277954,-0.421631,0.883667
-0.567505,0.047241,0.755493
0.415039,-0.175293,1.039917
-0.222656,-0.303345,0.727051
-0.187134,0.154053,0.983276
0.328857,-0.413086,0.903564
-0.569824,0.014771,0.754639
0.371948,-0.135986,1.046021
-0.196533,-0.300049,0.741699
-0.245361,0.164917,0.959351
0.368042,-0.385010,0.939087
-0.567017,-0.029907,0.730591
0.325806,-0.091553,1.041260
-0.155273,-0.322144,0.750366
-0.312866,0.172485,0.925049
0.395142,-0.376587,0.959229
-0.552979,-0.076782,0.707275
0.281860,-0.055542,1.042969
-0.110474,-0.351685,0.754761
-0.383423,0.188965,0.907715
0.419067,-0.353271,0.967285
-0.519897,-0.101929,0.713501
0.226196,-0.010132,1.036255
-0.052612,-0.376831,0.762329
-0.440674,0.196411,0.878906
0.430908,-0.331177,0.978149
-0.504517,-0.142090,0.708374
0.159302,0.027344,1.038208
0.006348,-0.395752,0.791626
-0.493286,0.204590,0.866821
0.450073,-0.308594,0.998535
-0.464844,-0.179565,0.720459
0.095581,0.065552,1.040649
0.079102,-0.419312,0.801880
-0.528198,0.182861,0.833008
0.445679,-0.290649,0.998779
-0.402954,-0.196655,0.740967
0.041992,0.086304,1.025024
0.129883,-0.434204,0.812256
-0.562134,0.166138,0.819092
0.447388,-0.277466,1.003174
-0.340088,-0.258179,0.726562
-0.006592,0.103027,1.009521
0.179443,-0.425415,0.827759
-0.579834,0.143188,0.791016
0.440674,-0.241821,1.019287
-0.300903,-0.300171,0.715942
-0.067993,0.125977,0.996338
0.231934,-0.433228,0.847656
-0.589966,0.109985,0.768433
0.427856,-0.218140,1.013428
-0.257935,-0.290771,0.721069
-0.131958,0.156738,0.983276
0.277954,-0.428101,0.870117
-0.589722,0.078247,0.758789
0.396484,-0.180908,1.017334
-0.228149,-0.306152,0.723633
-0.201538,0.163940,0.962646
0.322998,-0.411865,0.896362
-0.589844,0.053467,0.747925
0.368896,-0.143188,1.024170
-0.200439,-0.308594,0.718872
-0.252563,0.169922,0.937866
0.355957,-0.397339,0.916138
-0.580811,0.007935,0.732788
0.333984,-0.102905,1.019409
-0.163696,-0.334229,0.724365
-0.310791,0.194214,0.912598
0.381348,-0.383545,0.931641
-0.568726,-0.026611,0.724365
0.287231,-0.069702,1.018188
-0.127563,-0.358154,0.736084
-0.373047,0.196167,0.903809
0.409180,-0.364136,0.947632
-0.540771,-0.047363,0.719360
0.233276,-0.024170,1.029297
-0.089722,-0.377441,0.749756
-0.422607,0.195190,0.879517
0.418457,-0.351318,0.957153
-0.523193,-0.090088,0.707886
0.181641,0.025391,1.024536
-0.033447,-0.392090,0.760986
-0.469604,0.208252,0.875854
0.427246,-0.335205,0.968628
-0.508545,-0.130249,0.704956
0.068604,-0.412720,0.795044
-0.553101,0.231812,0.849854
0.444580,-0.299194,0.984131
-0.416260,-0.192993,0.737183
0.059448,0.091919,1.028809
0.117920,-0.414795,0.812866
-0.576782,0.217896,0.830688
0.444092,-0.281006,0.985229
-0.357422,-0.222778,0.730469
0.005615,0.119263,1.018311
0.166382,-0.422852,0.825928
-0.584839,0.181519,0.805542
0.439819,-0.252319,0.988525
-0.310547,-0.279907,0.717651
-0.063354,0.138306,0.988770
0.222168,-0.416992,0.851685
-0.598511,0.156250,0.783691
0.429565,-0.208374,0.997192
-0.258179,-0.294434,0.712891
-0.125977,0.163452,0.979126
0.274048,-0.422852,0.864380
-0.604858,0.125977,0.775024
0.403931,-0.173218,1.009644
-0.218750,-0.302612,0.714966
-0.182007,0.165527,0.951172
0.320679,-0.408813,0.882324
-0.600464,0.098145,0.754395
0.371826,-0.134766,1.014282
-0.186890,-0.305786,0.716064
-0.243896,0.170410,0.927612
0.360840,-0.407593,0.898438
-0.587524,0.040771,0.735229
0.324951,-0.090942,1.003906
-0.142700,-0.339966,0.717285
-0.319336,0.197632,0.909058
0.391602,-0.377441,0.923584
-0.573242,-0.005859,0.718262
0.270630,-0.040649,1.008179
-0.102173,-0.374634,0.736328
-0.387329,0.214355,0.894531
0.418579,-0.363281,0.941650
-0.553955,-0.054932,0.702271
0.210327,-0.001709,1.006592
-0.049316,-0.380859,0.746094
-0.447021,0.237427,0.875977
0.434448,-0.328003,0.951294
-0.505127,-0.113892,0.710327
0.144775,0.037842,1.011841
-0.001099,-0.381836,0.768799
-0.499390,0.237915,0.854736
0.439331,-0.303589,0.966675
-0.452393,-0.164429,0.728027
0.100342,0.084473,1.024048
0.053955,-0.402344,0.783936
-0.543213,0.236694,0.835693
0.446777,-0.295044,0.974609
-0.389893,-0.175415,0.744019
0.050415,0.103394,1.024902
0.122925,-0.401001,0.810547
-0.572144,0.225342,0.810913
0.442993,-0.258057,0.973999
-0.335449,-0.227417,0.743164
0.002808,0.118652,1.008911
0.178467,-0.404175,0.839844
-0.593384,0.215088,0.796021
0.437622,-0.228760,0.985352
-0.278687,-0.270142,0.728516
-0.048950,0.138062,0.991699
0.232544,-0.401855,0.859863
-0.602539,0.175903,0.782227
0.422241,-0.195557,0.993530
-0.229126,-0.272217,0.734985
-0.108398,0.162354,0.978394
0.283813,-0.396973,0.874146
-0.597778,0.154541,0.773926
0.404297,-0.166260,0.996826
-0.196411,-0.285522,0.738281
-0.150513,0.149902,0.943604
0.318726,-0.374878,0.897095
-0.591187,0.122314,0.758057
0.381592,-0.118896,1.008423
-0.158936,-0.337524,0.726685
-0.208496,0.168457,0.925171
0.351685,-0.382935,0.908325
-0.590332,0.094971,0.755859
0.349854,-0.094727,1.007080
-0.128906,-0.360840,0.715210
-0.269775,0.181274,0.905518
0.382080,-0.366211,0.923462
-0.565186,0.062012,0.747559
0.311157,-0.057495,1.001709
-0.108765,-0.363403,0.718018
-0.318848,0.183105,0.890991
0.405396,-0.365479,0.929077
-0.561768,0.008301,0.722290
0.264038,-0.018433,1.002075
-0.073486,-0.367310,0.737305
-0.376831,0.199707,0.879639
0.424438,-0.356445,0.933594
-0.539429,-0.037598,0.721924
0.213745,0.015625,1.014526
-0.030762,-0.378174,0.749512
-0.428467,0.228760,0.873169
0.438232,-0.338257,0.952393
-0.508301,-0.070679,0.732056
0.164307,0.044067,1.012207
0.015991,-0.379150,0.777710
-0.480469,0.239624,0.854614
0.441772,-0.303833,0.967896
-0.454712,-0.123413,0.743286
0.127686,0.073242,1.025879
0.066406,-0.386230,0.799438
-0.534058,0.242310,0.834717
0.458008,-0.299683,0.965332
-0.392700,-0.160767,0.752808
0.070801,0.123535,1.024536
0.129761,-0.382202,0.824219
-0.557251,0.227905,0.807373
0.451904,-0.265747,0.971924
-0.346802,-0.200562,0.740601
0.022583,0.139404,1.018555
0.195557,-0.393433,0.850098
-0.578491,0.204468,0.802124
0.441772,-0.226562,0.982666
-0.278442,-0.254028,0.742310
-0.036743,0.157104,0.995239
0.243042,-0.383789,0.871094
-0.578247,0.181274,0.781372
0.436279,-0.188599,1.001465
-0.215088,-0.252808,0.755737
-0.100342,0.162842,0.958984
0.292114,-0.398193,0.878174
-0.580444,0.156494,0.774048
0.417358,-0.149170,1.008423
-0.164429,-0.291138,0.745972
-0.164551,0.163696,0.934814
0.333496,-0.383545,0.894287
-0.576904,0.120728,0.765869
0.387817,-0.119385,1.010986
-0.120361,-0.347412,0.738037
-0.229492,0.181519,0.917114
0.368286,-0.377197,0.912720
-0.558350,0.069214,0.761108
0.348755,-0.076660,1.002686
-0.088867,-0.363647,0.739380
-0.291748,0.176514,0.887085
0.397949,-0.378418,0.925659
-0.550171,-0.006226,0.729980
0.297241,-0.027954,1.012451
-0.048950,-0.366333,0.740723
-0.352295,0.191284,0.868164
0.425781,-0.363159,0.928711
-0.527466,-0.055908,0.720825
0.221436,0.009888,0.998291
-0.008789,-0.395996,0.758667
-0.416260,0.203003,0.856323
0.446655,-0.331665,0.953003
-0.486084,-0.077759,0.743896
0.155273,0.039307,1.001831
0.039307,-0.393555,0.776855
-0.478271,0.222046,0.840454
0.461670,-0.306274,0.968994
-0.439819,-0.140259,0.745483
0.099243,0.091553,1.020020
0.105225,-0.405640,0.802734
-0.526001,0.218750,0.810669
0.469238,-0.285767,0.978394
-0.366333,-0.186768,0.748169
0.035156,0.126099,1.015137
0.181763,-0.420654,0.833496
-0.563599,0.190796,0.788818
0.471191,-0.247925,0.989380
-0.286255,-0.191284,0.774536
-0.036255,0.142334,0.986450
0.240967,-0.424194,0.853760
-0.567871,0.155029,0.783081
0.448975,-0.187744,1.008301
-0.208496,-0.225708,0.784424
-0.098267,0.163330,0.962646
0.306519,-0.427124,0.875244
-0.582153,0.118286,0.769165
0.422852,-0.167480,1.008545
-0.153320,-0.281860,0.771118
-0.145508,0.171265,0.938477
0.345947,-0.395874,0.905151
-0.575806,0.103760,0.771118
0.384033,-0.119507,1.012451
-0.100342,-0.340820,0.767822
-0.203491,0.165161,0.911621
0.384521,-0.391479,0.919556
-0.562744,0.065918,0.757568
0.344360,-0.082275,1.002686
-0.059692,-0.365967,0.756958
-0.262695,0.174561,0.901489
0.406860,-0.386963,0.927979
-0.552734,0.015503,0.742188
0.311401,-0.054077,1.004028
-0.031372,-0.377197,0.751465
-0.323364,0.163452,0.873413
0.428589,-0.379517,0.936157
-0.538574,-0.034302,0.729004
0.265137,-0.013428,1.010620
0.001709,-0.399780,0.753540
-0.363159,0.177124,0.857422
0.445801,-0.377197,0.933350
-0.526489,-0.065308,0.728394
0.223389,0.002441,1.000122
0.026978,-0.406982,0.764038
-0.400879,0.178467,0.849121
0.456543,-0.350830,0.960449
-0.495728,-0.091553,0.743530
0.175659,0.037842,1.008301
0.057739,-0.427246,0.773560
-0.445312,0.196289,0.833618
0.473877,-0.327759,0.972778
-0.456543,-0.121948,0.752563
0.134277,0.059448,1.022217
0.099976,-0.429810,0.791382
-0.488281,0.181274,0.816528
0.477783,-0.305542,0.975708
-0.417480,-0.137207,0.752930
0.099854,0.088867,1.018433
0.134521,-0.426392,0.810181
-0.512573,0.158081,0.789551
0.471802,-0.296265,0.977295
-0.370483,-0.176147,0.752808
0.040161,0.127441,1.018311
0.195679,-0.456299,0.827271
-0.533813,0.164185,0.786865
0.471436,-0.283203,0.975342
-0.332031,-0.195435,0.758545
-0.004028,0.136108,1.007202
0.236694,-0.459473,0.843750
-0.553345,0.142334,0.770020
0.465088,-0.260132,0.994507
-0.255005,-0.208252,0.789185
-0.051025,0.146118,0.989380
0.276123,-0.442383,0.860718
-0.563110,0.116943,0.764282
0.452515,-0.220825,1.004150
-0.200073,-0.261597,0.784058
-0.093506,0.142456,0.970581
0.312866,-0.432617,0.888184
-0.562134,0.110107,0.766846
0.429688,-0.185547,1.017090
-0.136841,-0.330566,0.778076
-0.141479,0.143188,0.952881
0.349121,-0.430908,0.898682
-0.562378,0.095215,0.760498
0.404053,-0.154663,1.008301
-0.091431,-0.320068,0.789917
-0.197266,0.146851,0.926514
0.378662,-0.412109,0.919556
-0.554077,0.052490,0.764893
0.371826,-0.125732,1.012085
-0.057861,-0.371948,0.787598
-0.244751,0.139160,0.908447
0.405518,-0.411011,0.929932
-0.528076,-0.005371,0.750122
0.220459,0.006348,1.002563
-0.022583,-0.393311,0.782227
-0.407593,0.186523,0.846191
0.443970,-0.337524,0.947876
-0.495850,-0.081421,0.734985
0.190674,0.033081,1.013184
0.054199,-0.411011,0.777222
-0.447510,0.195923,0.839478
0.455444,-0.317505,0.953735
-0.477783,-0.088623,0.742554
0.161499,0.049561,1.025635
0.077515,-0.426025,0.789185
-0.476807,0.213989,0.833862
0.465454,-0.310547,0.957397
-0.462891,-0.108521,0.740356
0.128906,0.074951,1.011963
0.111450,-0.415771,0.809937
-0.488281,0.199341,0.829834
0.460938,-0.296753,0.972290
-0.452271,-0.117920,0.742432
0.102661,0.085205,1.024048
0.130371,-0.443481,0.814087
-0.511841,0.188354,0.817627
0.465576,-0.279785,0.977295
-0.426758,-0.117310,0.757935
0.079834,0.101074,1.021240
0.151978,-0.456787,0.805908
-0.524048,0.191406,0.813477
0.478760,-0.291626,0.984131
-0.412109,-0.125000,0.755371
0.057495,0.118164,1.014160
0.174316,-0.437256,0.825684
-0.532349,0.174683,0.796753
0.482910,-0.289673,0.988770
-0.395264,-0.151245,0.750977
0.042236,0.120117,1.009155
0.182129,-0.453003,0.814941
-0.522827,0.171021,0.797241
0.485352,-0.284424,0.997192
-0.402466,-0.173462,0.743652
0.036743,0.117920,1.008911
0.180664,-0.467773,0.812378
-0.515137,0.177979,0.804810
0.489014,-0.285400,0.977173
-0.393188,-0.153931,0.755493
0.052002,0.110962,1.010254
0.171753,-0.457886,0.811890
-0.513550,0.169678,0.800293
0.497925,-0.286011,0.999512
-0.417603,-0.129028,0.759766
0.059082,0.099731,1.009277
0.168945,-0.456177,0.815063
-0.496948,0.177490,0.808472
0.500244,-0.307739,0.995483
-0.423828,-0.121460,0.755859
0.087891,0.088257,1.010986
0.146851,-0.455078,0.809937
-0.491821,0.190430,0.822632
0.492920,-0.313232,0.987183
-0.453613,-0.126343,0.736694
0.118164,0.050415,1.009521
0.120728,-0.470337,0.797852
-0.459106,0.167236,0.823608
0.487793,-0.319702,0.977295
-0.482178,-0.103271,0.721802
0.151978,0.054932,1.009521
0.108154,-0.449707,0.792236
-0.432861,0.171387,0.829956
0.479492,-0.352295,0.968628
-0.498657,-0.119263,0.716797
0.198608,0.009644,1.018555
0.080322,-0.435913,0.785767
-0.395386,0.173828,0.854980
0.461060,-0.371948,0.941895
-0.520508,-0.052979,0.735596
0.247192,-0.023193,1.023682
0.056763,-0.431763,0.783203
-0.377319,0.166748,0.843384
0.457275,-0.384277,0.946899
-0.517212,-0.082397,0.726318
0.296753,-0.052734,1.022217
0.021362,-0.398804,0.776733
-0.321167,0.176392,0.885620
0.444702,-0.413330,0.931274
-0.539917,-0.039185,0.730591
0.341553,-0.099365,1.023315
-0.005615,-0.385010,0.791260
-0.279053,0.158691,0.891113
0.422241,-0.424194,0.926636
-0.542603,-0.003540,0.764160
0.389771,-0.116455,1.046875
-0.055908,-0.365112,0.786255
-0.223389,0.163696,0.929199
0.390259,-0.434204,0.904419
-0.531006,0.033691,0.768066
0.412231,-0.137573,1.036621
-0.089722,-0.330322,0.794800
-0.174438,0.158203,0.957031
0.372559,-0.477905,0.885254
-0.535522,0.079102,0.789917
0.438354,-0.172119,1.026001
-0.154297,-0.250000,0.800537
-0.125610,0.140991,0.959595
0.345215,-0.471436,0.882202
-0.525269,0.083740,0.788696
0.456665,-0.188232,1.042847
-0.208984,-0.226929,0.809448
-0.089844,0.128418,0.984863
0.326782,-0.489502,0.872314
-0.531616,0.083130,0.767822
0.473389,-0.235596,1.034424
-0.259644,-0.217773,0.796997
-0.053467,0.133057,1.003052
0.299927,-0.498413,0.854248
-0.509155,0.072144,0.771240
0.482788,-0.274292,1.013794
-0.298462,-0.188721,0.788452
-0.000610,0.124634,1.020874
0.280518,-0.485474,0.855957
-0.513062,0.087402,0.768433
0.488281,-0.317871,0.999512
-0.341309,-0.225342,0.762817
0.030029,0.099243,1.029053
0.265869,-0.482300,0.861572
-0.481689,0.103027,0.798218
0.493164,-0.317871,0.997559
-0.365967,-0.201050,0.750122
0.053223,0.088013,1.017700
0.244385,-0.498901,0.845581
-0.459961,0.100342,0.805664
0.505127,-0.317749,1.005615
-0.395386,-0.157837,0.748413
0.081909,0.078735,1.014160
0.228149,-0.485352,0.846924
-0.442627,0.115112,0.826416
0.509521,-0.353149,0.997681
-0.433228,-0.180542,0.733765
0.119629,0.046021,1.020264
0.201782,-0.479492,0.837891
-0.423340,0.123779,0.843384
0.505981,-0.336914,1.008667
-0.427856,-0.166382,0.734253
0.149780,0.046265,1.032227
0.161133,-0.472778,0.825806
-0.407104,0.142822,0.869995
0.511353,-0.370850,0.992554
-0.451050,-0.148682,0.735474
0.207031,0.008545,1.035400
0.136963,-0.427490,0.837891
-0.377563,0.149414,0.876221
0.505737,-0.370850,0.987183
-0.458252,-0.149170,0.738892
0.239380,-0.018677,1.046021
0.109619,-0.430908,0.829102
-0.365601,0.163330,0.887451
0.494751,-0.398926,0.988037
-0.470093,-0.129395,0.741089
0.264038,-0.013062,1.044800
0.107178,-0.412231,0.834839
-0.326050,0.157593,0.913818
0.483154,-0.394287,0.982910
-0.472412,-0.128174,0.737671
0.294678,-0.048462,1.053467
0.098022,-0.432251,0.826538
-0.307983,0.166382,0.935059
0.477539,-0.402466,0.981445
-0.466309,-0.095825,0.753418
0.320190,-0.043945,1.061646
0.077881,-0.416138,0.838013
-0.279541,0.175049,0.939697
0.475952,-0.404175,0.982056
-0.475586,-0.078369,0.756104
0.346191,-0.068359,1.067261
0.065796,-0.421875,0.828491
-0.253906,0.168213,0.946899
0.461548,-0.387451,0.985596
-0.468018,-0.080811,0.767456
0.394775,-0.108643,1.088257
0.035400,-0.389282,0.856812
-0.237183,0.174194,0.966553
0.457397,-0.425293,0.966675
-0.464966,-0.061035,0.778320
0.417847,-0.114014,1.096558
-0.010742,-0.342407,0.850830
-0.192505,0.196899,0.994507
0.449951,-0.455444,0.953735
-0.471558,-0.015869,0.797607
0.450195,-0.138062,1.095703
-0.066772,-0.303711,0.846069
-0.149414,0.189697,1.012695
0.435669,-0.476440,0.938965
-0.469727,0.022217,0.815063
0.476929,-0.182983,1.093750
-0.145752,-0.236450,0.838013
-0.085693,0.159668,1.026611
0.410645,-0.484131,0.938965
-0.469238,0.050171,0.822021
0.505127,-0.207886,1.092529
-0.212280,-0.230103,0.825562
-0.028320,0.152954,1.037964
0.385254,-0.492188,0.929565
-0.451538,0.069214,0.835327
0.520874,-0.253174,1.076904
-0.265625,-0.212769,0.823242
0.032715,0.126343,1.052979
0.348389,-0.480713,0.922729
-0.418213,0.055054,0.839233
0.527222,-0.276611,1.074463
-0.308105,-0.220825,0.793091
0.095337,0.091431,1.044922
0.308838,-0.469116,0.923584
-0.397705,0.099854,0.868164
0.538818,-0.285889,1.073120
-0.341431,-0.235107,0.762939
0.153076,0.049561,1.069458
0.253418,-0.448608,0.905884
-0.376587,0.122437,0.885986
0.546509,-0.306152,1.067139
-0.357666,-0.189575,0.790771
0.226196,0.016724,1.091309
0.212524,-0.428589,0.910767
-0.364258,0.146240,0.913086
0.537720,-0.330444,1.051758
-0.365479,-0.167969,0.788330
0.268799,0.022461,1.107910
0.157104,-0.394775,0.911499
-0.327759,0.165283,0.960938
0.539429,-0.357910,1.050659
-0.396851,-0.130493,0.785400
0.325684,0.004395,1.120117
0.127319,-0.363647,0.907227
-0.299927,0.205811,0.988647
0.535889,-0.351685,1.061646
-0.411865,-0.119507,0.787231
0.361450,-0.017944,1.122925
0.097168,-0.344849,0.911255
-0.254883,0.209473,1.015625
0.513672,-0.352295,1.049805
-0.418457,-0.080933,0.799927
0.401123,-0.030273,1.143066
0.075317,-0.353638,0.903564
-0.232666,0.208130,1.015259
0.515015,-0.364502,1.050537
-0.433472,-0.058838,0.797729
0.428223,-0.056030,1.139771
0.063843,-0.329956,0.902832
-0.179565,0.198242,1.041626
0.489014,-0.377319,1.023926
-0.435791,-0.051880,0.807861
0.465576,-0.067749,1.157471
0.046143,-0.323120,0.903809
-0.158691,0.211304,1.057861
0.491211,-0.399292,1.020996
-0.446533,-0.008789,0.827393
0.473511,-0.100342,1.147583
0.026001,-0.318481,0.908813
-0.128052,0.200684,1.053589
0.477539,-0.398804,1.018555
-0.423950,-0.013428,0.845337
0.501465,-0.130127,1.146851
-0.035278,-0.283203,0.902100
-0.092529,0.194458,1.073730
0.457031,-0.406494,1.005981
-0.428345,0.031616,0.855957
0.527588,-0.145630,1.152222
-0.082275,-0.246216,0.898438
-0.056885,0.179077,1.089844
0.436768,-0.449341,0.996338
-0.434937,0.052979,0.858154
0.553955,-0.161499,1.155029
-0.123535,-0.234619,0.883423
-0.027832,0.213013,1.107910
0.423950,-0.453613,0.981934
-0.430786,0.074951,0.866333
0.555176,-0.192261,1.144775
-0.181152,-0.232300,0.867432
0.018799,0.191406,1.107910
0.406494,-0.470215,0.974609
-0.416504,0.104126,0.878540
0.563721,-0.235596,1.121582
-0.233521,-0.234009,0.844727
0.093018,0.146729,1.112061
0.373291,-0.454956,0.972168
-0.390137,0.098999,0.892456
0.561401,-0.218384,1.130615
-0.266113,-0.234985,0.827881
0.151733,0.120239,1.122925
0.321167,-0.455566,0.954956
-0.373779,0.136841,0.911011
0.586426,-0.285889,1.117065
-0.317383,-0.219238,0.804077
0.211548,0.095093,1.134399
0.269897,-0.416504,0.963989
-0.338867,0.122314,0.920410
0.590942,-0.287598,1.119263
-0.340942,-0.192383,0.802124
0.263428,0.088867,1.138672
0.217651,-0.397705,0.948608
-0.307251,0.132812,0.971069
0.589966,-0.318481,1.120850
-0.374756,-0.161621,0.795532
0.316284,0.036255,1.138916
0.158936,-0.372803,0.928589
-0.275391,0.192017,1.002808
0.574463,-0.322754,1.107422
-0.402100,-0.114746,0.800659
0.368164,0.018188,1.159424
0.111938,-0.368408,0.929932
-0.254517,0.209229,1.034058
0.551147,-0.332520,1.103882
-0.418701,-0.085815,0.801758
0.412476,-0.012695,1.171875
0.070679,-0.336792,0.920532
-0.220703,0.224365,1.066040
0.519043,-0.346436,1.075684
-0.427856,-0.025513,0.824585
0.467163,-0.059326,1.171265
0.020386,-0.325073,0.898682
-0.158203,0.210571,1.067993
0.479614,-0.341309,1.055298
-0.445557,-0.002197,0.825806
0.525391,-0.106201,1.184204
-0.021362,-0.332153,0.889404
-0.115356,0.197632,1.062744
0.454102,-0.379272,1.015747
-0.430298,0.038574,0.858765
0.546387,-0.140015,1.178833
-0.055908,-0.325928,0.892212
-0.063843,0.175415,1.078247
0.425781,-0.406372,0.991821
-0.424438,0.048584,0.874512
0.566650,-0.179077,1.158325
-0.130005,-0.288574,0.871460
-0.000977,0.168701,1.083862
0.384155,-0.411621,0.968262
-0.427124,0.083984,0.877930
0.591919,-0.233887,1.151367
-0.251587,-0.233032,0.843628
0.075928,0.119263,1.092285
0.327026,-0.420532,0.961914
-0.400757,0.088379,0.906982
0.605225,-0.278687,1.146851
-0.324829,-0.214111,0.802612
0.149292,0.112305,1.109009
0.278809,-0.440918,0.941528
-0.356323,0.134277,0.932861
0.578735,-0.281616,1.116455
-0.372681,-0.182373,0.790894
0.235718,0.065063,1.124390
0.201050,-0.427002,0.917358
-0.313477,0.161987,0.975220
0.547729,-0.297119,1.098389
-0.427490,-0.118408,0.775146
0.348267,0.004150,1.152344
0.104858,-0.356079,0.918335
-0.277344,0.195435,1.008423
0.512939,-0.312500,1.076538
-0.454712,-0.068726,0.792725
0.422241,-0.036499,1.172729
0.010376,-0.328735,0.888550
-0.241211,0.221191,1.031250
0.498779,-0.352905,1.049683
-0.462646,-0.014160,0.820068
0.469116,-0.075806,1.178223
-0.046143,-0.322754,0.860229
-0.162720,0.190918,1.045044
0.444702,-0.381226,1.004883
-0.469849,0.019165,0.832886
0.520874,-0.104980,1.175049
-0.103638,-0.302612,0.842041
-0.102539,0.157349,1.047363
0.406128,-0.398193,0.994629
-0.464722,0.048828,0.834961
0.533325,-0.163574,1.148804
-0.143311,-0.307007,0.833130
-0.043213,0.139282,1.051147
0.363037,-0.409302,0.957275
-0.454224,0.053589,0.837646
0.541382,-0.195679,1.124878
-0.197998,-0.285645,0.821411
0.030151,0.126221,1.079590
0.312988,-0.417480,0.929932
-0.452271,0.094360,0.864502
0.548706,-0.234497,1.113403
-0.278198,-0.275391,0.789673
0.071045,0.104004,1.078003
0.276001,-0.418945,0.920288
-0.442993,0.128174,0.870483
0.555176,-0.267944,1.104736
-0.344482,-0.240112,0.766846
0.121216,0.113159,1.085693
0.223389,-0.409546,0.897705
-0.424561,0.133423,0.899780
0.546387,-0.313843,1.078369
-0.385864,-0.223999,0.761597
0.171387,0.074829,1.096558
0.185181,-0.375610,0.898926
-0.413208,0.153687,0.904175
0.535400,-0.289917,1.081177
-0.397461,-0.212158,0.751465
0.202881,0.083862,1.114746
0.133545,-0.383789,0.877319
-0.394287,0.156006,0.920044
0.505005,-0.312744,1.052368
-0.438232,-0.168945,0.757324
0.252930,0.062012,1.124390
0.092529,-0.364258,0.857788
-0.373413,0.174194,0.929077
0.489502,-0.318481,1.037354
-0.451294,-0.151855,0.741577
0.283936,0.015259,1.119507
0.046143,-0.359619,0.863281
-0.369019,0.183105,0.936401
0.462646,-0.327393,1.015137
-0.463989,-0.104370,0.741089
0.322998,0.005859,1.132690
-0.010132,-0.332764,0.847412
-0.340820,0.178833,0.952759
0.449829,-0.356567,1.004272
-0.487793,-0.073364,0.751953
0.348511,-0.022705,1.130737
-0.058838,-0.320557,0.827393
-0.316528,0.174316,0.952271
0.446167,-0.370850,0.990723
-0.509521,-0.045898,0.757324
0.372070,-0.047485,1.120728
-0.088379,-0.312012,0.818237
-0.284180,0.173828,0.965210
0.421387,-0.350708,0.984253
-0.518311,-0.026978,0.753662
0.397217,-0.103394,1.109497
-0.106445,-0.344604,0.797363
-0.275879,0.185059,0.954102
0.394287,-0.357544,0.952637
-0.506592,0.003906,0.776123
0.417480,-0.115356,1.111206
-0.140991,-0.334106,0.780518
-0.253540,0.164551,0.951904
0.378296,-0.364624,0.939697
-0.520264,-0.012207,0.763306
0.422607,-0.130371,1.106445
-0.163574,-0.335571,0.765869
-0.238403,0.173828,0.966797
0.361328,-0.386719,0.923462
-0.525024,-0.012329,0.763672
0.444458,-0.157715,1.101074
-0.185181,-0.322998,0.756348
-0.217407,0.170898,0.967773
0.344482,-0.394531,0.906372
-0.538696,0.017090,0.771362
0.448120,-0.179688,1.085205
-0.197266,-0.321167,0.748657
-0.176025,0.150879,0.969849
0.321167,-0.414551,0.904419
-0.550659,0.049683,0.768433
0.448730,-0.205688,1.063843
-0.226807,-0.323364,0.729736
-0.137329,0.126221,0.979004
0.299072,-0.418701,0.884277
-0.563721,0.052856,0.766113
0.466553,-0.227295,1.046631
-0.266602,-0.282959,0.726196
-0.091064,0.121216,0.979492
0.259155,-0.424072,0.870728
-0.552124,0.089844,0.784546
0.471924,-0.247192,1.038330
-0.307617,-0.263062,0.732300
-0.038696,0.129272,1.010254
0.232544,-0.443848,0.848145
-0.555420,0.133057,0.803833
0.468872,-0.282104,1.017090
-0.348389,-0.219971,0.747070
0.010010,0.101807,1.019043
0.196533,-0.436035,0.845093
-0.548828,0.143433,0.803955
0.458008,-0.287964,1.009888
-0.409058,-0.182129,0.735107
0.043457,0.103516,1.030396
0.160522,-0.419067,0.852905
-0.539062,0.161011,0.831665
0.440308,-0.293701,0.995850
-0.468140,-0.165405,0.698486
0.094727,0.084839,1.045654
0.129761,-0.431396,0.834351
-0.535889,0.203369,0.852173
0.427856,-0.314453,0.971680
-0.488525,-0.162109,0.700195
0.128296,0.054688,1.030273
0.079590,-0.417725,0.818604
-0.524170,0.224365,0.868652
0.426392,-0.345459,0.945557
-0.523560,-0.114624,0.697632
0.166138,0.030884,1.048584
0.041626,-0.395142,0.818115
-0.513794,0.234375,0.870361
0.416870,-0.342651,0.950439
-0.534790,-0.115356,0.692993
0.187988,0.027832,1.043457
0.005859,-0.384033,0.803711
-0.494995,0.242798,0.875000
0.409058,-0.359253,0.939087
-0.534912,-0.113770,0.680786
0.211426,0.008423,1.046631
-0.049072,-0.386230,0.775635
-0.472046,0.214722,0.879639
0.418579,-0.372681,0.943359
-0.539185,-0.070190,0.703125
0.226074,0.001953,1.038330
-0.055664,-0.396362,0.762573
-0.463501,0.235474,0.880005
0.410889,-0.362183,0.944946
-0.524414,-0.068604,0.708008
0.239624,0.005005,1.049316
-0.080322,-0.373291,0.771362
-0.463379,0.221191,0.868408
0.413452,-0.368408,0.932495
-0.533936,-0.065186,0.697510
0.237061,0.014160,1.034668
-0.059326,-0.382324,0.765991
-0.449219,0.213867,0.868774
0.394775,-0.353516,0.928101
-0.526367,-0.065308,0.706421
0.225952,0.019775,1.037231
-0.062378,-0.393066,0.752197
-0.449951,0.225098,0.866699
0.417603,-0.366455,0.930298
-0.539307,-0.069824,0.700806
0.203491,0.018066,1.020264
-0.049194,-0.387085,0.754761
-0.453735,0.228882,0.889648
0.419800,-0.352783,0.942871
-0.543335,-0.069580,0.697510
0.197388,0.022217,1.018311
-0.035645,-0.386719,0.761108
-0.468018,0.239746,0.874146
0.426270,-0.355469,0.945679
-0.524780,-0.092163,0.702515
0.179932,0.038208,1.018433
-0.024414,-0.405396,0.758545
-0.488159,0.248657,0.867676
0.436401,-0.341675,0.948730
-0.513184,-0.092163,0.715576
0.158447,0.039917,1.023193
-0.014404,-0.393311,0.771362
-0.494385,0.241455,0.868286
0.441406,-0.331055,0.963623
-0.503784,-0.094727,0.724121
0.132202,0.063599,1.026489
0.011963,-0.414551,0.769531
-0.508301,0.246338,0.859375
0.433838,-0.323486,0.952393
-0.471680,-0.110718,0.740479
0.124146,0.091919,1.033203
0.033936,-0.417725,0.778320
-0.533569,0.228516,0.838745
0.431641,-0.296143,0.965088
-0.435425,-0.109863,0.746216
0.110474,0.112183,1.035889
0.072876,-0.386963,0.803711
-0.537476,0.208740,0.824585
0.424438,-0.283813,0.960205
-0.428833,-0.116699,0.734375
0.103271,0.106079,1.028564
0.099121,-0.380249,0.820312
-0.550171,0.213623,0.824585
0.433472,-0.298462,0.958862
-0.414185,-0.137085,0.726562
0.091309,0.137329,1.032959
0.131104,-0.386353,0.831665
-0.562988,0.232422,0.820435
0.428345,-0.309326,0.940552
-0.380249,-0.190063,0.713623
0.050049,0.157837,1.022827
0.175903,-0.400269,0.838135
-0.578857,0.278076,0.842163
0.439697,-0.293823,0.953003
-0.361816,-0.242310,0.714355
0.019531,0.129883,1.011597
0.201782,-0.401978,0.858765
-0.569458,0.235718,0.832397
0.433472,-0.245239,0.968140
-0.335449,-0.193481,0.736572
-0.002197,0.143677,1.010132
0.224731,-0.400757,0.866333
-0.577026,0.219727,0.815186
0.423706,-0.218018,0.971802
-0.303345,-0.214844,0.727539
-0.015259,0.144897,0.994019
0.250366,-0.397095,0.877075
-0.584106,0.227661,0.818848
0.416626,-0.211060,0.974731
-0.271973,-0.241211,0.745483
-0.045288,0.159424,0.985352
0.265137,-0.396484,0.883911
-0.593506,0.193970,0.797241
0.424927,-0.200684,0.993042
-0.228760,-0.283081,0.742065
-0.090088,0.162354,0.977905
0.294800,-0.390137,0.892090
-0.586426,0.166504,0.787964
0.419556,-0.187012,0.992310
-0.189453,-0.302856,0.737915
-0.132812,0.166504,0.943359
0.341797,-0.378906,0.910889
-0.569702,0.106689,0.780762
0.384033,-0.154175,1.001221
-0.152832,-0.346802,0.730713
-0.196533,0.188110,0.922607
0.402466,-0.362549,0.919434
-0.518921,-0.004517,0.736450
0.254395,0.020752,1.027832
-0.118530,-0.338135,0.725586
-0.424805,0.202637,0.856812
0.418579,-0.387207,0.925293
-0.527954,-0.063477,0.706787
0.218262,0.027344,1.009155
-0.026733,-0.358398,0.761841
-0.475952,0.257690,0.862061
0.413452,-0.342651,0.931274
-0.486206,-0.083374,0.736450
0.182739,0.077881,1.036499
0.004272,-0.336792,0.801270
-0.504395,0.237671,0.855225
0.419434,-0.335693,0.937622
-0.456665,-0.136108,0.723999
0.121826,0.097900,1.029785
0.067627,-0.388794,0.801514
-0.533936,0.263428,0.850708
0.440308,-0.311157,0.955933
-0.420654,-0.162720,0.732666
0.081909,0.114258,1.027222
0.129639,-0.387695,0.828613
-0.553101,0.240967,0.834229
0.448242,-0.266479,0.970825
-0.373657,-0.195923,0.737915
0.027710,0.112183,1.007202
0.181152,-0.395996,0.849365
-0.573730,0.237305,0.809448
0.450195,-0.216797,0.996948
-0.286499,-0.218506,0.747192
-0.042603,0.139771,0.994507
0.229980,-0.409912,0.854004
-0.581787,0.189575,0.795166
0.441895,-0.181519,1.002441
-0.216675,-0.264404,0.748657
-0.093750,0.150757,0.966553
0.274658,-0.393677,0.880371
-0.595215,0.125977,0.765259
0.427002,-0.151978,1.009644
-0.177002,-0.276123,0.753784
-0.154053,0.159912,0.937378
0.337036,-0.396362,0.900757
-0.582153,0.100220,0.760864
0.376709,-0.126709,1.009888
-0.127686,-0.344849,0.732056
-0.224121,0.175415,0.913086
0.380249,-0.376953,0.910645
-0.559082,0.071777,0.758545
0.340698,-0.082764,1.004028
-0.086792,-0.360474,0.740112
-0.286621,0.169434,0.879639
0.404663,-0.369629,0.927734
-0.551636,0.011108,0.734619
0.297363,-0.040283,1.000244
-0.054321,-0.387451,0.728149
-0.348022,0.185425,0.866577
0.420166,-0.358521,0.940063
-0.526001,-0.047241,0.723755
0.247437,-0.005737,1.006348
-0.027100,-0.383911,0.747437
-0.396240,0.183960,0.851318
0.435181,-0.343994,0.951172
-0.487427,-0.076538,0.743530
0.211426,0.033691,1.023315
-0.005981,-0.381958,0.762451
-0.452271,0.227661,0.843018
0.452026,-0.335083,0.949341
-0.450806,-0.114380,0.756714
0.172974,0.061035,1.031860
0.036133,-0.405151,0.778320
-0.495239,0.213257,0.817383
0.442749,-0.345703,0.938354
-0.428223,-0.114502,0.753296
0.131592,0.120483,1.043335
0.103516,-0.397949,0.816650
-0.529907,0.230835,0.813232
0.446167,-0.352173,0.933716
-0.394287,-0.197021,0.743896
0.093628,0.119995,1.034546
0.166138,-0.410889,0.833618
-0.557617,0.245117,0.815186
0.454468,-0.323975,0.951538
-0.368896,-0.203735,0.742554
0.039185,0.128784,1.018799
0.213501,-0.400146,0.859985
-0.564453,0.203125,0.803955
0.454346,-0.268188,0.976685
-0.326782,-0.224609,0.740479
0.000854,0.109253,1.003662
0.261963,-0.415771,0.890259
-0.569824,0.166504,0.781982
0.434937,-0.219482,0.991821
-0.233521,-0.224487,0.787354
-0.057861,0.135742,0.975708
0.297607,-0.426514,0.883057
-0.558350,0.127563,0.778687
0.427124,-0.186768,1.002686
-0.185181,-0.278809,0.776978
-0.131958,0.135986,0.943970
0.356201,-0.417480,0.917603
-0.541382,0.106689,0.788330
0.395996,-0.133057,1.008789
-0.117310,-0.336182,0.777832
-0.187256,0.137085,0.910767
0.384399,-0.411743,0.913940
-0.534790,0.061646,0.781494
0.368652,-0.107178,1.010010
-0.059204,-0.374390,0.774902
-0.259766,0.126831,0.878784
0.410400,-0.400635,0.932007
-0.507080,-0.013550,0.760498
0.324097,-0.065674,1.021484
-0.016724,-0.421143,0.755371
-0.340332,0.135864,0.850098
0.446533,-0.382812,0.946289
-0.478149,-0.067505,0.750122
0.246704,-0.023560,1.012207
0.038452,-0.453247,0.761719
-0.399292,0.109009,0.818726
0.452515,-0.369751,0.943726
-0.458862,-0.099731,0.757080
0.195068,0.033813,1.031006
0.064819,-0.403809,0.788208
-0.464111,0.131104,0.800049
0.467529,-0.363770,0.963867
-0.414062,-0.164673,0.744751
0.114014,0.080444,1.031738
0.155029,-0.438477,0.826538
-0.511108,0.154541,0.800293
0.466675,-0.333008,0.966919
-0.365234,-0.205200,0.754639
0.056396,0.111572,1.042969
0.236694,-0.459595,0.855591
-0.548462,0.131958,0.776001
0.471558,-0.296143,0.998291
-0.274292,-0.238159,0.787231
-0.031616,0.154297,1.020996
0.299561,-0.458740,0.886719
-0.539429,0.110962,0.786987
0.448853,-0.268311,1.011963
-0.231323,-0.278320,0.770630
-0.082153,0.149902,0.989380
0.357910,-0.427002,0.918213
-0.532837,0.105347,0.796875
0.426880,-0.197876,1.015381
-0.121216,-0.346436,0.796143
-0.149292,0.151611,0.977783
0.389648,-0.422729,0.938721
-0.525269,0.059570,0.796997
0.402832,-0.160156,1.028687
-0.037231,-0.376709,0.807251
-0.221191,0.135254,0.930786
0.431885,-0.427979,0.952515
-0.491455,-0.022949,0.774658
0.343994,-0.084351,1.033203
-0.007568,-0.395752,0.780518
-0.260376,0.126343,0.914062
0.480591,-0.400391,0.993408
-0.483398,-0.077393,0.756226
0.288574,-0.050537,1.028564
0.052734,-0.455322,0.787109
-0.334473,0.096558,0.864868
0.499512,-0.386963,0.990112
-0.446289,-0.115479,0.761841
0.228516,0.023926,1.040405
0.083252,-0.433960,0.800659
-0.379883,0.108276,0.851074
0.512207,-0.377197,1.010376
-0.413940,-0.177856,0.756714
0.164429,0.043579,1.034058
0.142090,-0.446167,0.817871
-0.431519,0.111572,0.825684
0.530396,-0.351562,1.026855
-0.353516,-0.213379,0.768433
0.102905,0.071411,1.044434
0.208496,-0.451416,0.846680
-0.463013,0.095215,0.797729
0.523804,-0.332886,1.031616
-0.289795,-0.215942,0.801514
0.048462,0.105225,1.048218
0.275513,-0.463623,0.878540
-0.481079,0.082153,0.793457
0.496704,-0.270386,1.038696
-0.237183,-0.227173,0.812988
-0.005615,0.134521,1.049561
0.332275,-0.464722,0.912598
-0.510254,0.098145,0.805176
0.473145,-0.220703,1.050781
-0.161377,-0.246582,0.843140
-0.053345,0.152222,1.039917
0.393311,-0.461548,0.954712
-0.509766,0.056396,0.795166
0.442139,-0.166992,1.054321
-0.086426,-0.295288,0.823853
-0.094849,0.164307,1.032104
0.442017,-0.419312,0.996216
-0.490967,0.036987,0.806885
0.411987,-0.147827,1.057129
-0.013428,-0.372803,0.839111
-0.150757,0.155396,1.001831
0.476929,-0.381836,1.018921
-0.459473,-0.011719,0.792969
0.379395,-0.086670,1.083618
0.050659,-0.426514,0.837524
-0.217041,0.152466,0.985474
0.510376,-0.387817,1.031616
-0.435303,-0.083862,0.797119
0.338257,-0.031128,1.081543
0.092163,-0.401855,0.851318
-0.264771,0.174316,0.963013
0.539185,-0.355225,1.058716
-0.403076,-0.139038,0.791748
0.287964,-0.014893,1.068237
0.113647,-0.401001,0.859985
-0.320435,0.169922,0.933228
0.561768,-0.325073,1.073730
-0.363403,-0.166138,0.789062
0.224121,0.049805,1.081543
0.178833,-0.420044,0.881592
-0.352905,0.109741,0.880737
0.577026,-0.309448,1.088135
-0.331055,-0.199341,0.800415
0.154785,0.093140,1.083862
0.257202,-0.478394,0.887817
-0.391235,0.086182,0.868286
0.561401,-0.296875,1.083862
-0.284668,-0.221924,0.812134
0.107056,0.124268,1.090820
0.316284,-0.463623,0.932251
-0.427856,0.093628,0.853271
0.554565,-0.267700,1.094971
-0.218140,-0.230835,0.846436
0.059570,0.150757,1.093994
0.351562,-0.434326,0.963379
-0.452637,0.074951,0.839966
0.541504,-0.215088,1.105591
-0.167236,-0.215576,0.857056
0.025391,0.184204,1.111572
0.397705,-0.425293,0.995361
-0.452148,0.071533,0.845947
0.510010,-0.182495,1.110352
-0.133789,-0.249146,0.860474
-0.008179,0.189209,1.097778
0.447876,-0.397583,1.017090
-0.461182,0.069092,0.840576
0.504395,-0.162109,1.120850
-0.046875,-0.296997,0.880249
-0.061768,0.214233,1.091797
0.462158,-0.381714,1.029419
-0.446655,0.029419,0.846436
0.485840,-0.118286,1.137695
0.009277,-0.323975,0.891846
-0.111450,0.210083,1.075439
0.496948,-0.367920,1.053101
-0.423462,-0.025024,0.840088
0.458374,-0.080933,1.149658
0.023804,-0.347778,0.883789
-0.152954,0.198120,1.050171
0.525146,-0.347168,1.074097
-0.412598,-0.048462,0.830688
0.422119,-0.049683,1.154663
0.043457,-0.348145,0.893433
-0.212646,0.210571,1.049194
0.548218,-0.318726,1.106445
-0.383179,-0.102905,0.817993
0.379761,0.005981,1.157104
0.082764,-0.349731,0.901611
-0.255981,0.208740,1.013550
0.577148,-0.322632,1.106934
-0.362793,-0.152100,0.811890
0.316040,0.050293,1.143311
0.139282,-0.363892,0.914307
-0.286743,0.178833,0.979614
0.602417,-0.300903,1.128052
-0.333984,-0.186646,0.827026
0.264893,0.065918,1.136719
0.190796,-0.419312,0.924683
-0.329102,0.142578,0.939087
0.594727,-0.289429,1.123047
-0.279663,-0.190552,0.850586
0.217651,0.122437,1.155151
0.244141,-0.437134,0.925903
-0.367432,0.123169,0.917725
0.583862,-0.274048,1.119629
-0.260132,-0.203735,0.848633
0.175659,0.132935,1.133301
0.305420,-0.419556,0.962280
-0.403809,0.120605,0.898804
0.565186,-0.235962,1.123291
-0.239136,-0.231934,0.841187
0.128174,0.127808,1.133789
0.351196,-0.418701,0.984985
-0.429688,0.113037,0.883301
0.552490,-0.174316,1.147095
-0.174927,-0.236206,0.868164
0.047974,0.170776,1.119385
0.390503,-0.396362,1.002075
-0.425781,0.063232,0.872681
0.537231,-0.157959,1.141357
-0.116455,-0.255981,0.866821
-0.015869,0.196045,1.104980
0.421265,-0.382568,1.015747
-0.429932,0.020630,0.856689
0.521362,-0.155518,1.144531
-0.046509,-0.330078,0.866089
-0.071533,0.199707,1.087524
0.460083,-0.355835,1.036133
-0.431274,0.000488,0.843384
0.474609,-0.091797,1.157959
-0.035645,-0.334839,0.853271
-0.142822,0.192993,1.061035
0.485107,-0.325195,1.068848
-0.423706,-0.056274,0.833862
0.445557,-0.067383,1.171509
-0.016846,-0.350586,0.848145
-0.213745,0.199097,1.028442
0.517822,-0.308472,1.084839
-0.406860,-0.097534,0.813354
0.390137,-0.009521,1.164673
0.026489,-0.364502,0.863281
-0.267212,0.184082,0.984497
0.540161,-0.310913,1.083008
-0.381592,-0.152222,0.801270
0.319458,0.021240,1.147095
0.088257,-0.375488,0.881958
-0.306274,0.169067,0.948975
0.549438,-0.290527,1.091919
-0.354614,-0.215698,0.793091
0.254883,0.064087,1.144043
0.150269,-0.407349,0.891113
-0.362305,0.154419,0.922119
0.547607,-0.287964,1.089722
-0.325073,-0.221924,0.797363
0.200073,0.104126,1.126099
0.211182,-0.408081,0.914795
-0.416870,0.135742,0.892090
0.543335,-0.266846,1.096924
-0.311890,-0.232178,0.800171
0.141846,0.118896,1.112305
0.242676,-0.394653,0.922241
-0.434082,0.119507,0.875488
0.547241,-0.255005,1.105713
-0.304443,-0.261108,0.784302
0.086670,0.112915,1.097290
0.280518,-0.412109,0.922607
-0.448486,0.104980,0.869995
0.524048,-0.223022,1.100098
-0.262573,-0.264526,0.798706
0.037964,0.105835,1.074951
0.307129,-0.416504,0.928223
-0.463257,0.082153,0.845947
0.504761,-0.185425,1.108154
-0.224487,-0.279785,0.798828
-0.002075,0.114990,1.057861
0.330322,-0.416748,0.932007
-0.466309,0.077881,0.837769
0.477295,-0.159302,1.095093
-0.201416,-0.292358,0.786499
-0.012451,0.112915,1.056519
0.341187,-0.415649,0.936279
-0.490601,0.071045,0.821045
0.474854,-0.167236,1.091064
-0.194946,-0.277344,0.784302
-0.051880,0.117676,1.030029
0.352295,-0.414185,0.936279
-0.501953,0.060303,0.816772
0.468384,-0.179810,1.081909
-0.200195,-0.268066,0.783325
-0.081543,0.121826,1.016113
0.349854,-0.394775,0.942749
-0.493164,0.035645,0.811401
0.459229,-0.174561,1.080078
-0.206543,-0.290283,0.768311
-0.088257,0.127563,1.012817
0.348999,-0.411377,0.932373
-0.502808,0.050781,0.800659
0.462402,-0.171265,1.082275
-0.215210,-0.278320,0.761963
-0.096558,0.126099,1.008545
0.343994,-0.414917,0.931152
-0.510498,0.062256,0.812256
0.471069,-0.181396,1.089355
-0.224243,-0.276245,0.760864
-0.096924,0.111084,0.994385
0.334839,-0.413330,0.920166
-0.517334,0.062256,0.801514
0.463989,-0.191895,1.071655
-0.225952,-0.308228,0.750122
-0.095337,0.128174,0.998535
0.308594,-0.406616,0.909058
-0.540649,0.066284,0.787109
0.468262,-0.226685,1.055664
-0.232788,-0.338501,0.730591
-0.087280,0.134521,0.999512
0.298706,-0.404175,0.903076
-0.551514,0.052124,0.768188
0.462280,-0.240967,1.051758
-0.250366,-0.322510,0.729004
-0.073853,0.133301,1.000977
0.280151,-0.407837,0.887695
-0.565063,0.068848,0.771973
0.457275,-0.261963,1.026367
-0.265869,-0.334717,0.718140
-0.060059,0.149658,1.021851
0.257202,-0.407837,0.867432
-0.558960,0.108765,0.784668
0.454224,-0.258057,1.028687
-0.278198,-0.298218,0.740356
-0.048096,0.117920,1.009277
0.239502,-0.408325,0.869507
-0.560059,0.116699,0.779419
0.450073,-0.261597,1.013062
-0.290283,-0.268311,0.747681
-0.045166,0.129028,1.008057
0.223755,-0.411133,0.862305
-0.569580,0.118042,0.785522
0.455200,-0.268555,1.009888
-0.301880,-0.285156,0.740356
-0.035278,0.121216,1.009155
0.206421,-0.417725,0.844727
-0.576294,0.132568,0.779785
0.457153,-0.255249,1.009644
-0.299927,-0.253296,0.742065
-0.037720,0.125000,1.007935
0.211304,-0.417847,0.849731
-0.574829,0.127197,0.782959
0.443481,-0.263916,1.006470
-0.310303,-0.241089,0.738525
-0.035522,0.127563,1.008057
0.219116,-0.411743,0.860107
-0.580933,0.123169,0.773804
0.431030,-0.257812,0.990479
-0.309692,-0.270264,0.730347
-0.032593,0.133545,1.008179
0.218384,-0.420288,0.846069
-0.584229,0.133057,0.777710
0.426636,-0.236206,0.999878
-0.302246,-0.251099,0.739380
-0.052002,0.138062,0.990845
0.228394,-0.433716,0.861084
-0.585205,0.141235,0.781982
0.420288,-0.244263,0.990723
-0.290405,-0.262573,0.726562
-0.053711,0.127441,0.992432
0.238281,-0.413696,0.862183
-0.605591,0.153198,0.775391
0.423096,-0.251465,0.993164
-0.272583,-0.318237,0.708496
-0.079956,0.146729,0.995850
0.246460,-0.391479,0.872070
-0.612305,0.155762,0.786133
0.421753,-0.238281,0.988403
-0.259888,-0.345581,0.692139
-0.095825,0.151367,0.993164
0.258789,-0.394531,0.880371
-0.622925,0.130981,0.755737
0.413940,-0.213623,0.997437
-0.236694,-0.310425,0.715332
-0.130737,0.164429,0.980713
0.285645,-0.388550,0.885986
-0.619019,0.108154,0.751709
0.393799,-0.196289,0.998657
-0.217773,-0.326782,0.716553
-0.158936,0.165527,0.971558
0.312622,-0.389160,0.897217
-0.613281,0.093018,0.745728
0.364990,-0.161865,0.997681
-0.181152,-0.345093,0.718872
-0.227417,0.168335,0.938232
0.340942,-0.377930,0.909912
-0.599854,0.053223,0.734253
0.341064,-0.131592,1.003906
-0.155640,-0.358154,0.709106
-0.270264,0.180908,0.920166
0.377319,-0.364380,0.924805
-0.583008,0.042969,0.733154
0.300415,-0.073120,1.009644
-0.120728,-0.375732,0.727661
-0.320557,0.187134,0.904419
0.395752,-0.351929,0.940918
-0.564331,0.001343,0.713013
0.253052,-0.020874,1.006958
-0.086426,-0.395020,0.731567
-0.376831,0.204224,0.895752
0.412964,-0.337891,0.948486
-0.542603,-0.057617,0.703735
0.196655,0.022095,1.008911
-0.035278,-0.405518,0.744507
-0.438477,0.229614,0.877197
0.435669,-0.317139,0.959961
-0.508667,-0.078857,0.720459
0.131348,0.065674,1.012085
0.014893,-0.409668,0.767944
-0.494873,0.237549,0.869629
0.450684,-0.298828,0.979370
-0.447021,-0.117676,0.742310
0.080322,0.098145,1.018555
0.080078,-0.403198,0.791382
-0.540894,0.242065,0.839966
0.454224,-0.278564,0.980469
-0.372314,-0.182617,0.749756
0.026489,0.127197,1.015991
0.157227,-0.406006,0.831177
-0.575073,0.219238,0.811157
0.438477,-0.230225,0.989624
-0.286743,-0.230347,0.747681
-0.028931,0.145508,0.999390
0.224243,-0.385498,0.855469
-0.595581,0.191284,0.780396
0.424561,-0.183594,0.990845
-0.210815,-0.280518,0.742676
-0.110840,0.146729,0.963013
0.293335,-0.387451,0.891357
-0.596680,0.140381,0.756348
0.392578,-0.135010,0.994141
-0.151123,-0.311646,0.739380
-0.197144,0.154419,0.923584
0.355469,-0.386353,0.919556
-0.572388,0.066406,0.740479
0.327393,-0.067627,1.003296
-0.107056,-0.352661,0.721802
-0.287476,0.191528,0.911499
0.398315,-0.362915,0.931030
-0.552734,-0.008789,0.724487
0.260864,-0.026978,0.993286
-0.048096,-0.376221,0.745728
-0.384399,0.211426,0.875000
0.434204,-0.337524,0.947510
-0.502930,-0.075806,0.728516
0.180542,0.038818,1.010742
-0.000610,-0.392090,0.754150
-0.460083,0.217407,0.852539
0.452637,-0.309204,0.964355
-0.437866,-0.124512,0.755493
0.112671,0.086182,1.020020
0.077759,-0.389771,0.788696
-0.528320,0.210938,0.822266
0.464722,-0.285767,0.969360
-0.344360,-0.151611,0.771851
0.042114,0.121948,1.011841
0.171021,-0.391357,0.832153
-0.566284,0.213013,0.797363
0.447388,-0.225830,0.980103
-0.267090,-0.220703,0.769897
-0.033447,0.134888,0.992188
0.252441,-0.411133,0.865967
-0.580688,0.174683,0.780029
0.434326,-0.178223,0.998657
-0.188110,-0.259155,0.773193
-0.127197,0.171753,0.957642
0.319946,-0.426270,0.892456
-0.570190,0.117432,0.780273
0.403320,-0.113892,1.018555
-0.137939,-0.292847,0.765381
-0.186768,0.162109,0.931030
0.368896,-0.411499,0.913330
-0.555054,0.077148,0.765259
0.367920,-0.069946,1.016724
-0.088135,-0.321899,0.758667
-0.249878,0.163086,0.897827
0.405884,-0.423950,0.913208
-0.550049,0.019775,0.752441
0.325928,-0.066895,1.001343
-0.044800,-0.367920,0.746948
-0.304565,0.182129,0.872314
0.427979,-0.380249,0.925049
-0.533447,-0.031982,0.734741
0.275391,-0.039429,1.008423
-0.002686,-0.399170,0.757446
-0.345947,0.156738,0.842896
0.448975,-0.358765,0.951904
-0.516113,-0.066895,0.728394
0.227295,-0.011230,1.000122
0.021973,-0.419556,0.761353
-0.382080,0.166504,0.844116
0.454468,-0.337646,0.961792
-0.491089,-0.091675,0.738037
0.194336,-0.005493,1.004517
0.041260,-0.452759,0.756104
-0.420776,0.169189,0.819946
0.467773,-0.340210,0.959473
-0.459717,-0.106445,0.744019
0.168701,0.036743,1.014771
0.060791,-0.444092,0.765747
-0.446533,0.147461,0.816162
0.478516,-0.331055,0.974609
-0.449219,-0.121094,0.743896
0.149902,0.043701,1.016357
0.081909,-0.462769,0.771606
-0.461426,0.156128,0.814453
0.484375,-0.346313,0.967285
-0.432251,-0.121582,0.750122
0.128296,0.085083,1.026978
0.117188,-0.446045,0.789429
-0.484253,0.146851,0.797485
0.485962,-0.360718,0.969849
-0.427124,-0.140259,0.759766
0.106323,0.090088,1.023804
0.125854,-0.455322,0.797485
-0.484375,0.137817,0.787720
0.485840,-0.337646,0.978027
-0.418579,-0.171509,0.730103
0.092651,0.085083,1.022827
0.150757,-0.457764,0.803955
-0.498535,0.149292,0.800537
0.462524,-0.241089,0.989990
-0.251709,-0.207153,0.794312
-0.045166,0.151978,0.987427
0.242188,-0.425415,0.859619
-0.580322,0.139893,0.761963
0.465454,-0.233521,1.005127
-0.222168,-0.221802,0.788330
-0.064453,0.179810,0.982666
0.275024,-0.427368,0.870972
-0.582153,0.123779,0.757935
0.447144,-0.215942,1.002319
-0.196167,-0.240967,0.786377
-0.089355,0.182129,0.980591
0.311035,-0.422241,0.892944
-0.566772,0.100220,0.774048
0.428711,-0.198853,1.007446
-0.168457,-0.283325,0.775269
-0.123413,0.169189,0.966797
0.338745,-0.423340,0.897217
-0.565063,0.101562,0.781738
0.416626,-0.167969,1.011963
-0.132812,-0.293823,0.777832
-0.152344,0.164307,0.941528
0.366943,-0.417969,0.909668
-0.557007,0.067749,0.778564
0.399780,-0.157227,1.008667
-0.102173,-0.330444,0.782959
-0.189941,0.193359,0.949341
0.381104,-0.356323,0.935791
-0.544678,0.040283,0.766602
0.370605,-0.162109,0.995117
-0.064575,-0.367310,0.783325
-0.232544,0.167480,0.913208
0.409058,-0.377197,0.945435
-0.532715,0.000732,0.752197
0.332031,-0.109131,0.993896
-0.029907,-0.403076,0.770996
-0.258789,0.149170,0.903564
0.425903,-0.396606,0.943726
-0.537354,-0.038330,0.727783
0.315430,-0.088379,0.996338
0.006958,-0.413086,0.766602
-0.304565,0.167236,0.890503
0.451782,-0.392700,0.958374
-0.514038,-0.088867,0.732300
0.260010,-0.032104,1.003418
0.022095,-0.430542,0.754272
-0.328003,0.151367,0.872559
0.471558,-0.387451,0.969971
-0.504150,-0.103882,0.721558
0.234009,-0.015747,1.001587
0.026733,-0.432007,0.750366
-0.377075,0.143311,0.851562
0.499512,-0.376465,0.986450
-0.467163,-0.131714,0.746948
0.184937,-0.000854,1.004395
0.053955,-0.457275,0.767822
-0.406128,0.137817,0.837280
0.498779,-0.369995,0.984131
-0.431274,-0.131470,0.763794
0.161011,0.038330,1.030762
0.091431,-0.463257,0.778931
-0.449219,0.122925,0.810425
0.506714,-0.359497,0.987549
-0.407837,-0.155518,0.754028
0.123047,0.081421,1.047363
0.155151,-0.479980,0.802490
-0.476562,0.108765,0.786987
0.501831,-0.339844,0.992188
-0.377930,-0.185547,0.755981
0.085571,0.111572,1.051880
0.207764,-0.464722,0.844482
-0.488892,0.094849,0.784546
0.489258,-0.331909,0.999878
-0.337769,-0.215210,0.768799
0.051147,0.109863,1.041138
0.244873,-0.468506,0.866943
-0.512817,0.083130,0.772095
0.488647,-0.313843,1.002563
-0.292480,-0.233276,0.776611
0.012207,0.148926,1.040649
0.287109,-0.453003,0.894897
-0.520630,0.095215,0.781250
0.471069,-0.290161,1.012207
-0.247192,-0.243164,0.816528
-0.021484,0.143311,1.041626
0.331421,-0.456543,0.920410
-0.526489,0.093750,0.789062
0.448608,-0.229248,1.034912
-0.175903,-0.280640,0.808716
-0.060547,0.164429,1.034912
0.358154,-0.444092,0.932617
-0.519653,0.082764,0.797852
0.438477,-0.202148,1.039185
-0.116577,-0.317993,0.814209
-0.110352,0.171387,1.020996
0.407959,-0.417114,0.964722
-0.505737,0.040649,0.785156
0.413696,-0.164307,1.039795
-0.043213,-0.357056,0.827148
-0.157227,0.151855,0.991455
0.439819,-0.417725,0.977905
-0.476929,-0.034912,0.777344
0.376221,-0.089355,1.060791
0.021240,-0.390015,0.829712
-0.204590,0.162354,0.983887
0.487183,-0.409912,1.005127
-0.481201,-0.051514,0.775879
0.336792,-0.075562,1.046021
0.050415,-0.407471,0.812500
-0.244873,0.144165,0.942017
0.538330,-0.371826,1.038818
-0.450195,-0.102173,0.761841
0.276367,-0.030029,1.038940
0.082275,-0.445312,0.811279
-0.300537,0.129028,0.919434
0.544922,-0.358887,1.043457
-0.406128,-0.125610,0.780151
0.220093,0.055786,1.056763
0.146484,-0.443970,0.835083
-0.352295,0.109131,0.887573
0.562134,-0.355835,1.071655
-0.374390,-0.195435,0.772583
0.169189,0.063965,1.055786
0.211304,-0.432617,0.874512
-0.391113,0.105347,0.854370
0.556519,-0.318848,1.069092
-0.307739,-0.209473,0.801514
0.105957,0.114014,1.068970
0.271240,-0.441040,0.901001
-0.434204,0.087524,0.831421
0.541626,-0.266235,1.081177
-0.226685,-0.233032,0.837891
0.037842,0.152588,1.080688
0.333496,-0.435913,0.944946
-0.467285,0.087036,0.824951
0.514526,-0.238770,1.085815
-0.157959,-0.266235,0.847900
-0.026733,0.177368,1.081421
0.408081,-0.402222,0.994751
-0.471191,0.079956,0.828979
0.474731,-0.152588,1.101562
-0.032349,-0.337646,0.867554
-0.097046,0.177490,1.068970
0.458618,-0.402100,1.020630
-0.451782,0.016357,0.816162
0.438477,-0.084839,1.106323
0.031860,-0.359497,0.863892
-0.167480,0.185425,1.036621
0.525513,-0.366943,1.064087
-0.424072,-0.062378,0.812866
0.369629,-0.007690,1.120239
0.064087,-0.348511,0.873169
-0.235229,0.158936,0.997192
0.568115,-0.331055,1.098267
-0.398438,-0.117920,0.798218
0.291016,0.047729,1.101318
0.160400,-0.384399,0.908203
-0.309326,0.123047,0.934204
0.587524,-0.303833,1.114258
-0.328369,-0.184448,0.814087
0.197144,0.101685,1.101562
0.257446,-0.422974,0.924683
-0.372070,0.093018,0.881470
0.583740,-0.258057,1.130493
-0.250732,-0.226074,0.834839
0.109741,0.150146,1.104248
0.337891,-0.432251,0.961304
-0.425293,0.094482,0.860107
0.555908,-0.210205,1.121216
-0.154053,-0.218750,0.876343
0.021729,0.204102,1.124146
0.404663,-0.413086,1.012329
-0.451294,0.069336,0.858398
0.517700,-0.143066,1.132568
-0.049683,-0.286133,0.896606
-0.061646,0.195312,1.099609
0.471558,-0.370361,1.046997
-0.436523,0.020508,0.838257
0.453003,-0.062012,1.149414
0.026978,-0.348389,0.884644
-0.142334,0.206299,1.081421
0.526855,-0.330688,1.091309
-0.420532,-0.046997,0.830688
0.378174,0.001343,1.136719
0.089966,-0.364868,0.903198
-0.234497,0.190796,1.025757
0.567505,-0.292603,1.121704
-0.354980,-0.147827,0.811646
0.293579,0.064575,1.131836
0.186279,-0.397827,0.915283
-0.308838,0.145874,0.959351
0.587524,-0.264648,1.137085
-0.296509,-0.222778,0.820312
0.187378,0.106689,1.113281
0.278687,-0.422241,0.942383
-0.382202,0.121948,0.890991
0.584106,-0.237183,1.138550
-0.204712,-0.241211,0.858765
0.065552,0.159790,1.117920
0.365601,-0.405029,0.984741
-0.424805,0.073730,0.861694
0.558105,-0.179199,1.149414
-0.101685,-0.272339,0.886597
-0.028564,0.207886,1.119019
0.434204,-0.386841,1.018677
-0.441528,0.027344,0.845459
0.500488,-0.087158,1.163452
-0.011841,-0.313599,0.892700
-0.099487,0.194702,1.084106
0.481567,-0.344238,1.057983
-0.438965,-0.012329,0.820190
0.425415,-0.030640,1.155762
0.045410,-0.336670,0.901489
-0.201660,0.208984,1.050903
0.528320,-0.281250,1.108887
-0.398560,-0.120728,0.800781
0.328735,0.035645,1.142578
0.127441,-0.392456,0.896362
-0.283447,0.161011,0.984131
0.569946,-0.276245,1.136841
-0.340698,-0.203491,0.808838
0.217651,0.095093,1.109009
0.216187,-0.413452,0.916748
-0.349365,0.131958,0.923584
0.573975,-0.241211,1.138428
-0.259033,-0.240234,0.841187
0.120728,0.125244,1.117798
0.298218,-0.425171,0.948364
-0.418579,0.094727,0.873291
0.554932,-0.218140,1.125488
-0.160156,-0.275024,0.864136
0.005249,0.166504,1.099487
0.368774,-0.385010,0.990479
-0.443115,0.035278,0.850464
0.511841,-0.150269,1.137207
-0.080933,-0.313232,0.854736
-0.070923,0.165039,1.071411
0.428711,-0.346436,1.022949
-0.444824,-0.016724,0.826172
0.449707,-0.074463,1.147217
-0.052124,-0.315430,0.850220
-0.168945,0.191528,1.052246
0.481689,-0.324341,1.062622
-0.441650,-0.069580,0.805664
0.370728,0.000488,1.142334
0.023560,-0.341064,0.870117
-0.268921,0.171997,0.985107
0.526489,-0.297607,1.089600
-0.382202,-0.185303,0.783081
0.268677,0.023315,1.129272
0.120361,-0.388428,0.876221
-0.369629,0.174683,0.935181
0.546265,-0.278198,1.094482
-0.315552,-0.232788,0.802124
0.144287,0.112915,1.112915
0.226440,-0.401123,0.925415
-0.429565,0.111572,0.874634
0.536011,-0.239990,1.095581
-0.242310,-0.287109,0.816284
0.033569,0.126953,1.086670
0.293091,-0.386719,0.939331
-0.455688,0.048950,0.830078
0.500854,-0.179810,1.105469
-0.149048,-0.326538,0.804932
-0.056641,0.146851,1.062988
0.370239,-0.395386,0.964966
-0.497070,0.020630,0.820312
0.453369,-0.104614,1.122437
-0.123169,-0.303955,0.796631
-0.176758,0.192261,1.034302
0.437012,-0.345947,1.026733
-0.472168,-0.093140,0.770508
0.363647,-0.038086,1.124756
-0.065063,-0.301392,0.821045
-0.289062,0.167847,0.964111
0.490723,-0.309082,1.068481
-0.422119,-0.183838,0.753540
0.252563,0.031006,1.110229
0.041626,-0.389771,0.833740
-0.389648,0.145630,0.903320
0.504639,-0.298340,1.060059
-0.371460,-0.231934,0.758545
0.140625,0.070923,1.087280
0.149048,-0.395386,0.865601
-0.455688,0.114014,0.848511
0.497070,-0.253052,1.052368
-0.298340,-0.264771,0.786255
0.052979,0.073364,1.055908
0.221558,-0.383423,0.898315
-0.499512,0.079834,0.807495
0.477539,-0.217529,1.055786
-0.217163,-0.305908,0.768188
-0.055420,0.125610,1.036377
0.294434,-0.381470,0.927246
-0.510254,0.007202,0.777832
0.428589,-0.151367,1.073486
-0.192017,-0.315918,0.740845
-0.183716,0.176147,1.012085
0.386597,-0.368408,0.973267
-0.510864,-0.046875,0.754883
0.351318,-0.067627,1.080444
-0.141724,-0.303223,0.772217
-0.282227,0.173462,0.959961
0.435181,-0.370239,0.988403
-0.485718,-0.133545,0.728394
0.267944,-0.003540,1.078491
-0.063843,-0.332397,0.781372
-0.393311,0.186401,0.911743
0.466919,-0.334351,1.028809
-0.454224,-0.207520,0.715210
0.170044,0.049805,1.064941
0.035156,-0.380371,0.814941
-0.474243,0.156616,0.863525
0.475952,-0.319458,1.025146
-0.397583,-0.209106,0.757202
0.061768,0.103027,1.051147
0.134399,-0.399170,0.830811
-0.509766,0.105469,0.812012
0.466675,-0.267456,1.032227
-0.300659,-0.259033,0.769409
-0.026733,0.106445,1.016113
0.212402,-0.409546,0.862183
-0.546753,0.065796,0.776367
0.428589,-0.206909,1.035767
-0.244873,-0.284180,0.739136
-0.119019,0.136841,0.994263
0.295288,-0.400757,0.900146
-0.564087,0.005737,0.745483
0.371704,-0.151489,1.036865
-0.204712,-0.309448,0.729614
-0.220459,0.167358,0.953491
0.352417,-0.364624,0.943848
-0.549194,-0.024780,0.737915
0.329590,-0.093262,1.044556
-0.167480,-0.331177,0.740845
-0.321655,0.177368,0.931641
0.397949,-0.382690,0.944946
-0.537720,-0.081299,0.715698
0.258789,-0.022583,1.049805
-0.106445,-0.339355,0.753296
-0.416870,0.214355,0.901611
0.433838,-0.352417,0.975464
-0.513184,-0.144531,0.706787
0.164307,0.023560,1.032227
-0.017700,-0.387939,0.772583
-0.483154,0.203491,0.872681
0.436523,-0.317505,0.980713
-0.453613,-0.122192,0.748779
0.092529,0.066284,1.032227
0.078003,-0.405029,0.808838
-0.540527,0.203857,0.838501
0.431152,-0.291626,0.973389
-0.378784,-0.191284,0.746826
0.040039,0.097168,1.026001
0.152344,-0.416992,0.822998
-0.575806,0.186401,0.804810
0.427246,-0.264893,0.972534
-0.319214,-0.238159,0.734863
-0.041504,0.137329,1.008179
0.232422,-0.428467,0.860352
-0.598999,0.151245,0.794800
0.406250,-0.228882,0.984009
-0.282104,-0.254883,0.717651
-0.103149,0.155151,0.987915
0.275635,-0.401001,0.889404
-0.586548,0.112061,0.777710
0.393433,-0.188232,1.000122
-0.243042,-0.296753,0.715454
-0.178467,0.153809,0.947510
0.324219,-0.420166,0.888062
-0.586060,0.097656,0.774292
0.381592,-0.156250,1.022705
-0.207275,-0.309326,0.717407
-0.228516,0.158936,0.923828
0.342773,-0.404541,0.896362
-0.573975,0.037231,0.751221
0.368042,-0.121826,1.021484
-0.191162,-0.295898,0.714111
-0.269531,0.176880,0.907837
0.379517,-0.411865,0.903076
-0.569336,0.039062,0.750610
0.338989,-0.097412,1.020264
-0.167480,-0.323120,0.713379
-0.306152,0.181885,0.888428
0.391113,-0.387695,0.915039
-0.559570,0.032715,0.735474
0.323730,-0.068359,1.028442
-0.142090,-0.343140,0.718140
-0.323853,0.186035,0.887695
0.383789,-0.390503,0.894775
-0.553345,0.023438,0.729492
0.319214,-0.054077,1.029053
-0.119995,-0.344238,0.734375
-0.341675,0.205566,0.878662
0.393921,-0.397095,0.902222
-0.558350,0.027832,0.731567
0.318726,-0.053345,1.021118
-0.108154,-0.337402,0.730103
-0.343262,0.199585,0.877808
0.398804,-0.392822,0.913574
-0.565063,0.031128,0.728760
0.314941,-0.050781,1.015259
-0.094604,-0.335571,0.748779
-0.334961,0.187622,0.875977
0.396240,-0.376221,0.917358
-0.561279,0.019409,0.719971
0.314209,-0.037964,1.028320
-0.097412,-0.361328,0.729004
-0.332520,0.190552,0.881348
0.409668,-0.394165,0.910645
-0.570679,0.047119,0.734863
0.318970,-0.053955,1.008301
-0.093872,-0.358032,0.724731
-0.330688,0.204224,0.885864
0.405884,-0.388306,0.911865
-0.556396,0.036499,0.743774
0.325562,-0.056152,1.015991
-0.113281,-0.365234,0.716187
-0.309814,0.187012,0.888062
0.409790,-0.399536,0.920654
-0.566772,0.052002,0.740234
0.315430,-0.047119,0.997314
-0.103882,-0.366699,0.717285
-0.279541,0.181763,0.896851
0.406372,-0.367798,0.927246
-0.562988,0.048828,0.748169
0.317627,-0.083130,0.994263
-0.098511,-0.354614,0.740723
-0.267456,0.169434,0.889160
0.411133,-0.367065,0.927612
-0.560425,0.073730,0.744995
0.323730,-0.067627,0.999634
-0.090454,-0.361084,0.730469
-0.279907,0.180176,0.890381
0.409180,-0.379150,0.927979
-0.548950,0.043579,0.763794
0.333862,-0.064209,1.005859
-0.100342,-0.353271,0.733154
-0.287231,0.170288,0.878418
0.426147,-0.393066,0.937500
-0.556274,0.047607,0.750854
0.316284,-0.046875,1.010010
-0.085815,-0.369141,0.723511
-0.281738,0.161743,0.884277
0.416382,-0.380737,0.935669
-0.558594,0.021973,0.740845
0.303833,-0.054688,1.000488
-0.071777,-0.390869,0.736450
-0.303711,0.178223,0.882324
0.425293,-0.373169,0.942017
-0.554565,0.004639,0.733643
0.288086,-0.054688,0.995239
-0.060303,-0.381470,0.740479
-0.327026,0.159912,0.871094
0.433960,-0.366821,0.943604
-0.538940,-0.017944,0.735718
0.269531,-0.023071,1.008301
-0.039429,-0.390015,0.741211
-0.336426,0.148071,0.862549
0.439941,-0.360229,0.945312
-0.530518,-0.027954,0.727417
0.248779,-0.026367,0.998535
-0.008057,-0.410522,0.756958
-0.365723,0.157593,0.855103
0.446899,-0.351318,0.951538
-0.510376,-0.043945,0.742554
0.226074,-0.001099,1.007202
0.011597,-0.420288,0.759155
-0.390991,0.146606,0.843262
0.446533,-0.352661,0.947754
-0.504517,-0.051147,0.739868
0.219971,0.011108,1.014771
0.036133,-0.412964,0.768433
-0.416504,0.157593,0.824707
0.450562,-0.352905,0.952393
-0.480591,-0.105835,0.729492
0.195923,0.031860,1.028931
0.059937,-0.443237,0.768677
-0.437012,0.173096,0.832642
0.464966,-0.347900,0.951416
-0.463623,-0.111572,0.739868
0.162109,0.045898,1.018799
0.070923,-0.439941,0.774780
-0.463257,0.153320,0.807983
0.478149,-0.328003,0.974976
-0.435913,-0.121094,0.749268
0.123535,0.061523,1.017700
0.106079,-0.448975,0.793579
-0.500732,0.163574,0.806641
0.483887,-0.323364,0.979492
-0.397827,-0.144531,0.765991
0.088867,0.098755,1.030762
0.144165,-0.460938,0.802490
-0.514648,0.156006,0.791870
0.485474,-0.302246,0.986816
-0.366333,-0.168945,0.765747
0.036011,0.121826,1.023560
0.195435,-0.461792,0.819336
-0.527100,0.126709,0.774170
0.490967,-0.302368,0.997070
-0.299805,-0.218384,0.780518
-0.015259,0.148193,1.018799
0.236938,-0.461670,0.841919
-0.546387,0.104492,0.763916
0.475830,-0.275391,1.010864
-0.238159,-0.225342,0.804932
-0.068237,0.154785,1.002075
0.285767,-0.456909,0.875000
-0.552979,0.100708,0.766602
0.454590,-0.243530,1.014526
-0.183960,-0.269165,0.811646
-0.107666,0.144409,0.983276
0.339233,-0.435547,0.905273
-0.549438,0.092041,0.776855
0.422363,-0.189087,1.013428
-0.093994,-0.324097,0.822021
-0.153564,0.141479,0.959595
0.373047,-0.418457,0.927368
-0.541382,0.049194,0.767700
0.389771,-0.140747,1.027222
-0.028687,-0.364502,0.811279
-0.210327,0.125488,0.934204
0.412598,-0.412720,0.941040
-0.514526,-0.023682,0.755615
0.341187,-0.083008,1.026978
0.019287,-0.414062,0.793701
-0.276611,0.129517,0.899048
0.462402,-0.408081,0.976074
-0.484009,-0.089966,0.743896
0.278809,-0.039307,1.024048
0.061279,-0.430542,0.783813
-0.330322,0.127808,0.878662
0.491943,-0.387329,0.986450
-0.445923,-0.136719,0.748047
0.211060,-0.003906,1.013550
0.098267,-0.429810,0.808472
-0.381958,0.126221,0.848389
0.512329,-0.356812,1.007080
-0.411377,-0.176392,0.749023
0.129761,0.057617,1.029785
0.182251,-0.462646,0.828369
-0.426880,0.109375,0.832764
0.509644,-0.326782,1.013428
-0.355469,-0.201172,0.761597
0.062500,0.092407,1.024658
0.249878,-0.466187,0.865234
-0.463623,0.081787,0.793335
0.508545,-0.299194,1.026123
-0.266479,-0.228027,0.801880
-0.004639,0.126587,1.026245
0.297119,-0.457764,0.881836
-0.484131,0.072754,0.795898
0.493164,-0.247192,1.056641
-0.184814,-0.235962,0.851318
-0.059204,0.160522,1.041138
0.347656,-0.460693,0.914062
-0.503418,0.079224,0.798950
0.467163,-0.203613,1.060791
-0.114258,-0.259644,0.847046
-0.092896,0.176758,1.041748
0.403564,-0.446777,0.953857
-0.487671,0.014038,0.796143
0.432007,-0.155396,1.065552
-0.054199,-0.304932,0.846802
-0.139404,0.188721,1.022949
0.449219,-0.421753,0.977295
-0.467285,-0.022461,0.787476
0.399902,-0.101196,1.076294
0.014526,-0.361572,0.859985
-0.170898,0.151855,0.992676
0.484863,-0.392334,1.011719
-0.458130,-0.050781,0.781006
0.370117,-0.069458,1.089722
0.059204,-0.401367,0.850952
-0.220947,0.167969,0.991211
0.505249,-0.364014,1.029297
-0.430542,-0.078613,0.789185
0.324463,-0.013428,1.085205
0.088257,-0.397827,0.859497
-0.268188,0.161011,0.968384
0.534668,-0.338867,1.065308
-0.416870,-0.130005,0.770142
0.278564,0.019287,1.083618
0.150269,-0.401855,0.885010
-0.326538,0.167725,0.945923
0.564453,-0.330566,1.086670
-0.372925,-0.174805,0.784668
0.223511,0.055298,1.080200
0.210693,-0.412476,0.900146
-0.345825,0.122437,0.910034
0.575195,-0.305176,1.095093
-0.323975,-0.203613,0.793579
0.153931,0.107300,1.080566
0.267090,-0.437622,0.911011
-0.377075,0.091797,0.870483
0.568604,-0.286743,1.106323
-0.272339,-0.233032,0.809204
0.097778,0.134766,1.073730
0.323853,-0.431396,0.945068
-0.416138,0.081177,0.853271
0.547974,-0.247925,1.112549
-0.201782,-0.270386,0.846680
0.045532,0.143555,1.092407
0.370483,-0.419189,0.973389
-0.439697,0.086182,0.845215
0.430542,-0.133301,1.069702
-0.146240,-0.249146,0.874023
-0.156494,0.166138,1.016235
0.423584,-0.405884,1.007935
-0.458740,-0.016357,0.788818
0.397827,-0.088623,1.068481
0.033447,-0.372070,0.852295
-0.203125,0.148926,0.989990
0.497314,-0.383667,1.029785
-0.439575,-0.064941,0.788086
0.349976,-0.040405,1.085083
0.093994,-0.400269,0.859375
-0.260376,0.165161,0.969604
0.522949,-0.364380,1.045532
-0.413330,-0.122192,0.792358
0.300781,0.007690,1.082031
0.117676,-0.381226,0.875977
-0.318237,0.169800,0.951416
0.558960,-0.353394,1.066406
-0.382446,-0.170410,0.784790
0.229126,0.044556,1.073608
0.196899,-0.412842,0.895386
-0.350586,0.135132,0.910278
0.576050,-0.323730,1.090088
-0.339111,-0.205688,0.786377
0.157593,0.085693,1.077026
0.255493,-0.440918,0.895264
-0.379150,0.102051,0.867432
0.570435,-0.295898,1.093262
-0.279663,-0.243774,0.813721
0.098022,0.116211,1.079590
0.312134,-0.452759,0.921021
-0.412720,0.079590,0.858521
0.552979,-0.254028,1.101929
-0.216675,-0.243164,0.854248
0.045654,0.144897,1.078857
0.364746,-0.439575,0.967896
-0.438232,0.096558,0.854736
0.537231,-0.209717,1.111084
-0.146851,-0.241699,0.881470
-0.008057,0.171265,1.083374
0.402588,-0.406738,0.990845
-0.447998,0.058105,0.840332
0.519775,-0.154907,1.127930
-0.061157,-0.265747,0.890869
-0.066528,0.202026,1.094482
0.446411,-0.393921,1.026489
-0.447266,0.020630,0.837280
0.494751,-0.113281,1.148560
0.005615,-0.309204,0.899414
-0.106812,0.214111,1.083984
0.488647,-0.363159,1.042480
-0.438721,-0.011108,0.828125
0.457764,-0.075439,1.149536
0.040405,-0.339722,0.897217
-0.149414,0.216797,1.072998
0.516113,-0.336304,1.074219
-0.428101,-0.046875,0.815430
0.421143,-0.029297,1.154541
0.052734,-0.342041,0.896240
-0.198975,0.208618,1.044922
0.547729,-0.327026,1.105591
-0.405884,-0.087402,0.806396
0.376587,0.005859,1.159668
0.101685,-0.368774,0.908203
-0.249878,0.201294,1.026978
0.571289,-0.299561,1.118408
-0.370483,-0.128174,0.812012
0.333130,0.036987,1.156982
0.146606,-0.392456,0.913574
-0.289185,0.191162,0.989746
0.586792,-0.293579,1.127563
-0.356445,-0.148071,0.813843
0.289062,0.048950,1.139038
0.190552,-0.396484,0.930298
-0.318115,0.157349,0.958740
0.575317,-0.278320,1.121216
-0.327271,-0.171143,0.821655
0.248047,0.076172,1.133789
0.231934,-0.420776,0.939331
-0.338501,0.131470,0.940063
0.564575,-0.266357,1.122437
-0.314575,-0.192871,0.816040
0.218750,0.090454,1.136841
0.267456,-0.423584,0.944214
-0.364258,0.140503,0.927979
0.571411,-0.249512,1.117188
-0.294800,-0.193848,0.828979
0.179443,0.098511,1.114868
0.292847,-0.430054,0.959229
-0.378540,0.116577,0.913330
0.567139,-0.243652,1.121460
-0.285034,-0.204712,0.822754
0.151123,0.118164,1.114258
0.302490,-0.410767,0.954346
-0.390503,0.112427,0.905884
0.571411,-0.230713,1.135376
-0.273438,-0.218994,0.823364
0.118042,0.122925,1.109375
0.314209,-0.417480,0.962402
-0.401001,0.102905,0.904663
0.571045,-0.232788,1.133057
-0.253662,-0.238770,0.825806
0.088989,0.126587,1.092407
0.317627,-0.401978,0.955322
-0.409180,0.086304,0.888916
0.565063,-0.219360,1.133179
-0.246460,-0.260620,0.820679
0.056519,0.136719,1.084351
0.323120,-0.399048,0.952393
-0.416260,0.064941,0.879272
0.551270,-0.207031,1.131104
-0.221680,-0.264282,0.832886
0.041138,0.140747,1.077637
0.328247,-0.406982,0.952026
-0.432007,0.072388,0.869019
0.539917,-0.210693,1.122070
-0.204468,-0.265625,0.830444
0.021851,0.131958,1.082764
0.323120,-0.397705,0.942993
-0.456543,0.081299,0.861084
0.539307,-0.222168,1.112671
-0.186401,-0.288208,0.832153
0.015015,0.130737,1.071411
0.316406,-0.381714,0.942993
-0.468384,0.064331,0.838013
0.522705,-0.213135,1.111328
-0.181641,-0.295166,0.819092
0.014038,0.128418,1.078979
0.314331,-0.380493,0.936401
-0.480347,0.067017,0.826172
0.506714,-0.218506,1.093628
-0.175171,-0.325684,0.813354
0.000977,0.126465,1.056152
0.309082,-0.380859,0.946655
-0.487915,0.080688,0.817749
0.502808,-0.216797,1.099243
-0.168945,-0.330322,0.796021
-0.020508,0.118896,1.057495
0.303345,-0.364014,0.918701
-0.502808,0.072632,0.811157
0.504883,-0.213623,1.091675
-0.183716,-0.326782,0.791992
-0.030029,0.122559,1.036011
0.302734,-0.386597,0.920044
-0.507935,0.051880,0.802368
0.503052,-0.212158,1.103516
-0.188232,-0.334473,0.770874
-0.064331,0.129395,1.030884
0.309937,-0.385986,0.920898
-0.504272,0.049927,0.797607
0.484741,-0.217529,1.085571
-0.206421,-0.327393,0.758423
-0.070679,0.126343,1.021362
0.320801,-0.372070,0.924805
-0.529541,0.047485,0.783691
0.471436,-0.218750,1.075806
-0.196167,-0.325806,0.756836
-0.091797,0.140747,1.015503
0.316162,-0.371094,0.921997
-0.532349,0.042114,0.773682
0.454712,-0.218750,1.055420
-0.197998,-0.332397,0.751099
-0.118408,0.139404,1.007690
0.316772,-0.392334,0.916138
-0.544312,0.062500,0.781982
0.447998,-0.204468,1.052368
-0.202637,-0.323120,0.759033
-0.127563,0.139404,0.998047
0.314331,-0.395264,0.912231
-0.556152,0.054932,0.768433
0.437622,-0.192749,1.047607
-0.206421,-0.297607,0.754150
-0.147949,0.145630,0.989258
0.317993,-0.403931,0.907837
-0.554565,0.044800,0.774170
0.432861,-0.172241,1.059204
-0.205566,-0.300659,0.754028
-0.168945,0.147949,0.988647
0.321777,-0.415527,0.904297
-0.558960,0.040161,0.757935
0.420288,-0.174316,1.052490
-0.215698,-0.310181,0.734497
-0.174072,0.149536,0.983887
0.325073,-0.422241,0.904541
-0.573364,0.064209,0.761841
0.400513,-0.160034,1.035522
-0.200317,-0.295898,0.748413
-0.179443,0.150879,0.981079
0.325195,-0.412231,0.904907
-0.591431,0.050293,0.744751
0.396973,-0.156616,1.033936
-0.197632,-0.304199,0.739746
-0.184326,0.166992,0.993652
0.327026,-0.409668,0.907349
-0.597412,0.043457,0.740845
0.380493,-0.141602,1.033936
-0.201538,-0.325439,0.735352
-0.212891,0.168579,0.972778
0.336670,-0.408691,0.913940
-0.603394,0.041748,0.734375
0.372437,-0.158325,1.028564
-0.197510,-0.303955,0.733887
-0.223389,0.169922,0.959106
0.344116,-0.397827,0.916626
-0.606323,0.040283,0.739014
0.361694,-0.143555,1.016479
-0.200439,-0.337158,0.717529
-0.236816,0.174805,0.944336
0.357544,-0.395508,0.915649
-0.595581,0.039795,0.752197
0.347534,-0.139526,1.022705
-0.191284,-0.335693,0.711914
-0.252197,0.174316,0.942139
0.365112,-0.396118,0.920532
-0.595947,0.036865,0.748047
0.335938,-0.125244,1.018188
-0.182373,-0.335083,0.711304
-0.278809,0.178833,0.926147
0.375610,-0.406494,0.927368
-0.589111,0.028320,0.746216
0.321655,-0.107300,1.008301
-0.175659,-0.346436,0.710571
-0.292114,0.185181,0.924683
0.386353,-0.401123,0.927979
-0.583740,0.024902,0.734131
0.306152,-0.081543,1.007080
-0.156006,-0.357910,0.705566
-0.305298,0.197876,0.923096
0.392944,-0.394043,0.925781
-0.585449,0.028320,0.737549
0.298340,-0.084595,1.002197
-0.139893,-0.367310,0.705078
-0.333374,0.206787,0.904541
0.404541,-0.381226,0.932373
-0.571045,0.017456,0.728027
0.274780,-0.063599,0.998901
-0.115723,-0.380005,0.719604
-0.355713,0.212524,0.902954
0.407349,-0.359497,0.937256
-0.565186,-0.016968,0.715454
0.260254,-0.043457,1.006470
-0.095459,-0.389160,0.723999
-0.386841,0.215088,0.889404
0.412354,-0.352295,0.934082
-0.547607,-0.026001,0.716064
0.240234,-0.021118,1.003662
-0.071777,-0.392944,0.741089
-0.412964,0.230591,0.879639
0.421143,-0.344971,0.934570
-0.541992,-0.055054,0.708984
0.217163,-0.020386,1.010010
-0.058838,-0.405151,0.735962
-0.439331,0.240356,0.872192
0.435791,-0.337646,0.939941
-0.527100,-0.058716,0.715210
0.194946,0.010864,1.019775
-0.024658,-0.398438,0.755127
-0.458862,0.233032,0.866089
0.433838,-0.320312,0.944214
-0.509888,-0.061035,0.718994
0.173462,0.043701,1.025024
0.004883,-0.398071,0.770264
-0.461792,0.224243,0.861084
0.424683,-0.301147,0.950439
-0.508057,-0.064819,0.723022
0.163818,0.053833,1.026489
0.035034,-0.407593,0.788330
-0.479614,0.212402,0.852051
0.432007,-0.288574,0.947998
-0.494873,-0.041748,0.738159
0.154785,0.074097,1.026367
0.056396,-0.408447,0.784546
-0.499023,0.201416,0.839478
0.444458,-0.288818,0.964844
-0.476929,-0.078857,0.722778
0.133057,0.092285,1.020630
0.075073,-0.420166,0.780762
-0.499268,0.217285,0.843140
0.456177,-0.288940,0.971191
-0.479126,-0.099609,0.728271
0.120972,0.081909,1.020386
0.089233,-0.425171,0.792725
-0.514160,0.225952,0.838135
0.461548,-0.290649,0.966064
-0.459106,-0.111084,0.732422
0.115723,0.083374,1.027466
0.093018,-0.415649,0.798828
-0.525024,0.232300,0.830933
0.467529,-0.292236,0.967651
-0.433472,-0.113770,0.749756
0.096924,0.096802,1.017822
0.104370,-0.417969,0.795532
-0.528076,0.222900,0.819214
0.465820,-0.289673,0.965698
-0.419678,-0.140747,0.740845
0.083130,0.114136,1.027710
0.120850,-0.430664,0.800903
-0.537720,0.206787,0.815674
0.473511,-0.277954,0.980713
-0.400146,-0.110107,0.761108
0.059326,0.124390,1.027832
0.146973,-0.434937,0.814697
-0.556274,0.193848,0.796509
0.468506,-0.276489,0.980835
-0.371704,-0.136353,0.764526
0.042358,0.118408,1.009644
0.170654,-0.430908,0.824219
-0.563721,0.197632,0.798584
0.473755,-0.278931,0.974121
-0.335693,-0.170898,0.768311
0.008179,0.141846,1.008911
0.199219,-0.433838,0.835571
-0.564209,0.174316,0.791870
0.468872,-0.275513,0.977905
-0.300781,-0.196411,0.770264
-0.019165,0.154053,1.013794
0.237305,-0.414551,0.855103
-0.579224,0.155273,0.771240
0.464233,-0.255737,0.994141
-0.250732,-0.215332,0.776733
-0.044189,0.151367,0.994385
0.258057,-0.429443,0.870117
-0.575317,0.136841,0.765991
0.456055,-0.221802,1.006470
-0.206787,-0.236694,0.796997
-0.082397,0.162231,0.978882
0.291138,-0.434448,0.875488
-0.574585,0.122559,0.776001
0.442383,-0.197876,1.015503
-0.157715,-0.288452,0.783447
-0.125366,0.162842,0.964478
0.329102,-0.419189,0.893311
-0.558960,0.096191,0.777954
0.418091,-0.167725,1.020630
-0.121460,-0.321167,0.775879
-0.162231,0.150024,0.944336
0.364990,-0.414673,0.914062
-0.547363,0.059814,0.772461
0.387817,-0.144653,1.002319
-0.083008,-0.360840,0.774780
-0.215210,0.153076,0.912354
0.406006,-0.408447,0.931274
-0.529541,0.016968,0.754150
0.349487,-0.109863,1.001953
-0.039429,-0.387329,0.772339
-0.269653,0.124634,0.885986
0.427979,-0.415771,0.942139
-0.515503,-0.023560,0.755981
0.308594,-0.061157,1.011841
0.005249,-0.407104,0.773438
-0.320190,0.137573,0.866821
0.451172,-0.405273,0.952026
-0.497070,-0.083618,0.742798
0.262695,-0.038818,1.020630
0.044189,-0.431274,0.773926
-0.371582,0.130737,0.847656
0.475586,-0.390259,0.961182
-0.473755,-0.116699,0.745605
0.218628,-0.007446,1.018677
0.074585,-0.425537,0.788330
-0.416870,0.137939,0.828003
0.488525,-0.383057,0.973999
-0.428589,-0.153198,0.749023
0.165161,0.029663,1.019897
0.108398,-0.423584,0.814819
-0.458008,0.137207,0.818970
0.505371,-0.361084,0.986450
-0.384399,-0.194336,0.760010
0.097168,0.064941,1.024292
0.170532,-0.436157,0.829346
-0.473267,0.114014,0.802612
0.506836,-0.338989,0.995605
-0.338745,-0.219727,0.760376
0.044556,0.092407,1.021606
0.240479,-0.451660,0.859497
-0.499756,0.079712,0.770386
0.492554,-0.297974,1.013184
-0.276978,-0.210083,0.801392
-0.005127,0.128052,1.033447
0.297363,-0.460449,0.880615
-0.508911,0.074341,0.774414
0.463257,-0.243042,1.023315
-0.205811,-0.217773,0.832275
-0.054199,0.135132,1.017944
0.333618,-0.454956,0.913574
-0.516235,0.078247,0.782471
0.442505,-0.192627,1.045410
-0.136963,-0.276733,0.831909
-0.096924,0.139038,1.010498
0.387329,-0.441650,0.950317
-0.508545,0.057373,0.781982
0.414551,-0.155396,1.036987
-0.061157,-0.318481,0.833862
-0.135498,0.153931,1.006958
0.430298,-0.427490,0.968872
-0.506348,0.014526,0.783936
0.391235,-0.119019,1.055908
-0.008423,-0.372070,0.824463
-0.183838,0.150391,0.982178
0.467651,-0.402344,1.002441
-0.476562,-0.045776,0.775513
0.360596,-0.086670,1.050049
0.045410,-0.399292,0.832397
-0.241089,0.152588,0.953491
0.508545,-0.389648,1.022583
-0.442139,-0.091797,0.778687
0.315552,-0.041748,1.060669
0.077881,-0.416504,0.825684
-0.281006,0.149536,0.940186
0.531372,-0.371582,1.033569
-0.415161,-0.124634,0.781250
0.274902,-0.003540,1.064819
0.112793,-0.403198,0.846558
-0.338745,0.159790,0.909668
0.549805,-0.344727,1.066772
-0.366577,-0.175049,0.791382
0.228027,0.030396,1.072876
0.168701,-0.424194,0.870483
-0.370850,0.130981,0.891846
0.560791,-0.328613,1.060791
-0.333496,-0.181763,0.799927
0.184570,0.079956,1.091309
0.231934,-0.434570,0.897949
-0.397339,0.095093,0.863159
0.547852,-0.301514,1.067871
-0.293945,-0.219360,0.799683
0.143555,0.102905,1.100586
0.299927,-0.436890,0.936523
-0.424927,0.091797,0.838379
0.531860,-0.282715,1.072144
-0.257812,-0.241943,0.813354
0.102905,0.123657,1.097290
0.346802,-0.438599,0.959595
-0.437500,0.101318,0.838745
0.541016,-0.234009,1.094849
-0.220337,-0.243042,0.835693
0.050903,0.143799,1.090942
0.381348,-0.438110,0.980957
-0.433472,0.081543,0.843506
0.527100,-0.209839,1.108154
-0.180298,-0.245239,0.855469
0.012817,0.157349,1.085571
0.423462,-0.438477,0.995117
-0.446777,0.081177,0.844482
0.522095,-0.167114,1.121460
-0.128906,-0.266479,0.864624
-0.029785,0.162964,1.085693
0.444580,-0.422974,1.015015
-0.442261,0.054443,0.845093
0.519531,-0.134399,1.140137
-0.073608,-0.279541,0.885498
-0.072632,0.181885,1.075073
0.466187,-0.412476,1.018799
-0.432983,0.019531,0.853149
0.505005,-0.108032,1.149414
-0.014893,-0.309326,0.901367
-0.097534,0.182983,1.071289
0.477417,-0.394775,1.038330
-0.425171,-0.016357,0.834595
0.494873,-0.083374,1.165161
0.013184,-0.311157,0.898193
-0.121704,0.200928,1.071411
0.493286,-0.384399,1.051636
-0.427979,-0.033447,0.834229
0.479736,-0.060425,1.170288
0.024048,-0.320068,0.900146
-0.139282,0.204956,1.064819
0.502563,-0.355591,1.065796
-0.422607,-0.029419,0.839478
0.457275,-0.045776,1.175903
0.026245,-0.315552,0.899170
-0.160889,0.205322,1.073242
0.513184,-0.340820,1.071899
-0.416626,-0.048950,0.822510
0.450439,-0.033325,1.171631
0.039062,-0.316895,0.911621
-0.193481,0.220825,1.058838
0.522217,-0.334961,1.087158
-0.414795,-0.073975,0.817017
0.437500,-0.020752,1.181152
0.052368,-0.318970,0.907959
-0.233398,0.223267,1.041382
0.546021,-0.329590,1.094849
-0.407349,-0.084961,0.814209
0.406372,-0.004150,1.167847
0.064697,-0.323242,0.915771
-0.240601,0.209595,1.031982
0.547119,-0.321045,1.101318
-0.411377,-0.104736,0.802246
0.395996,0.020996,1.175903
0.074341,-0.320923,0.912354
-0.255737,0.204590,1.031494
0.553101,-0.326416,1.103027
-0.402100,-0.121582,0.807983
0.379761,0.033569,1.176270
0.087280,-0.345215,0.903442
-0.262573,0.206543,1.018433
0.552979,-0.314819,1.102783
-0.394287,-0.135010,0.797607
0.360596,0.030396,1.167358
0.084595,-0.318970,0.908081
-0.268066,0.198853,1.011230
0.552368,-0.322754,1.094849
-0.405273,-0.148438,0.783081
0.355957,0.022339,1.165894
0.088745,-0.316895,0.909058
-0.277344,0.196167,1.008179
0.548218,-0.322754,1.094482
-0.410889,-0.148804,0.777832
0.343140,0.022705,1.156250
0.078613,-0.342041,0.899170
-0.272705,0.186890,0.994019
0.546387,-0.329590,1.083618
-0.422241,-0.149658,0.778687
0.347046,-0.001831,1.150513
0.062256,-0.343384,0.882812
-0.280518,0.183716,0.989258
0.540405,-0.332642,1.081787
-0.427490,-0.123901,0.778320
0.354248,0.012573,1.154175
0.044189,-0.301270,0.893677
-0.288574,0.183960,0.980957
0.524414,-0.325317,1.079102
-0.426880,-0.145386,0.781250
0.349609,-0.002441,1.154053
0.022095,-0.337646,0.860596
-0.287354,0.185547,0.990967
0.520020,-0.333618,1.058838
-0.442993,-0.119507,0.770142
0.347778,-0.000732,1.141846
0.019775,-0.315796,0.868408
-0.297119,0.188110,0.981567
0.507812,-0.349121,1.047119
-0.454590,-0.110474,0.767334
0.343506,-0.004761,1.135864
0.007446,-0.324463,0.854858
-0.299683,0.186401,0.984253
0.490356,-0.338745,1.043945
-0.458130,-0.117554,0.763184
0.327881,-0.005493,1.130493
0.005859,-0.323730,0.851318
-0.309326,0.184937,0.966675
0.478882,-0.323242,1.043579
-0.461792,-0.135132,0.746826
0.328613,-0.031860,1.116699
-0.000366,-0.349609,0.840088
-0.335449,0.194824,0.950684
0.481812,-0.353760,1.027710
-0.450073,-0.153931,0.735107
0.302246,-0.007690,1.118408
0.010742,-0.345581,0.831421
-0.348145,0.191650,0.938965
0.486694,-0.341675,1.023682
-0.463623,-0.153564,0.726929
0.283081,-0.000244,1.107422
0.016113,-0.315552,0.854126
-0.375122,0.184814,0.933716
0.482910,-0.345337,1.027100
-0.462769,-0.171509,0.720093
0.245239,0.016602,1.097412
0.037109,-0.347290,0.830322
-0.398315,0.188232,0.914673
0.488525,-0.323608,1.029541
-0.453857,-0.192993,0.721680
0.190674,0.029419,1.068970
0.060059,-0.382080,0.830444
-0.433472,0.179199,0.894287
0.497681,-0.319336,1.040405
-0.457764,-0.183960,0.731812
0.152222,0.036499,1.063354
0.087769,-0.396973,0.837280
-0.457275,0.168213,0.876221
0.482300,-0.298584,1.035034
-0.430786,-0.173340,0.752686
0.111572,0.057495,1.049194
0.111938,-0.405273,0.832397
-0.483643,0.141724,0.845947
0.483154,-0.283936,1.040649
-0.383789,-0.194458,0.760986
0.059326,0.079224,1.041992
0.145386,-0.406372,0.838135
-0.508789,0.129761,0.824585
0.476807,-0.281860,1.027466
-0.345337,-0.227783,0.768066
0.013672,0.100464,1.032593
0.180420,-0.445435,0.844116
-0.534668,0.117798,0.804688
0.455811,-0.247681,1.022583
-0.304321,-0.248169,0.759033
-0.026978,0.111694,1.020630
0.215210,-0.437012,0.852783
-0.552246,0.099121,0.793823
0.442383,-0.246338,1.013062
-0.287720,-0.265137,0.737793
-0.061890,0.129883,1.007202
0.247192,-0.424561,0.866089
-0.565186,0.093384,0.774414
0.431396,-0.214600,1.024658
-0.261841,-0.291748,0.728882
-0.121948,0.129761,0.981812
0.274658,-0.434082,0.870239
-0.568848,0.084229,0.771851
0.416016,-0.181152,1.022217
-0.243408,-0.279663,0.719849
-0.176514,0.150269,0.974731
0.304077,-0.429443,0.883179
-0.512695,-0.036133,0.763672
0.365112,-0.070068,1.093994
-0.227417,-0.296875,0.721313
-0.299927,0.171753,0.942993
0.416138,-0.375000,0.978149
-0.510986,-0.079712,0.735352
0.328979,-0.049316,1.090698
-0.096191,-0.301880,0.802979
-0.329834,0.178467,0.940186
0.419678,-0.359497,0.976440
-0.525391,-0.094727,0.713135
0.307251,-0.045654,1.090210
-0.072876,-0.312378,0.807129
-0.376221,0.185913,0.918457
0.423340,-0.350464,0.981445
-0.509766,-0.131470,0.709229
0.262329,-0.016968,1.079102
-0.048096,-0.362549,0.798340
-0.416992,0.202026,0.905396
0.432373,-0.350708,0.980591
-0.506226,-0.137695,0.711792
0.226440,-0.000977,1.063721
-0.013306,-0.371338,0.795654
-0.440796,0.218384,0.888916
0.430786,-0.339355,0.989258
-0.499756,-0.167358,0.698486
0.190796,0.001221,1.046021
0.010498,-0.378418,0.804077
-0.475708,0.206055,0.875732
0.455200,-0.323730,0.993652
-0.479004,-0.185669,0.716431
0.131104,0.039307,1.040894
0.044556,-0.391968,0.807373
-0.492188,0.190918,0.856445
0.455688,-0.304810,1.004272
-0.442627,-0.189087,0.731445
0.076294,0.083008,1.040527
0.094849,-0.423828,0.810181
-0.528442,0.174805,0.843994
0.456787,-0.287842,0.999512
-0.412109,-0.198608,0.731812
0.047607,0.093140,1.028564
0.136230,-0.413330,0.830444
-0.545898,0.157715,0.814575
0.440918,-0.271118,1.000122
-0.362915,-0.232544,0.731689
-0.004395,0.105103,1.010254
0.184814,-0.427856,0.837646
-0.562012,0.155151,0.807495
0.434570,-0.240845,1.002808
-0.318481,-0.304810,0.700439
-0.068481,0.123535,0.986206
0.224976,-0.427856,0.854980
-0.583130,0.122925,0.781250
0.427979,-0.210693,1.008911
-0.275024,-0.287476,0.711670
-0.130249,0.138428,0.972534
0.276245,-0.436523,0.866455
-0.579224,0.105957,0.774292
0.396484,-0.172974,1.008179
-0.236694,-0.279297,0.717407
-0.184814,0.151489,0.952271
0.308228,-0.413574,0.882202
-0.579590,0.073975,0.760864
0.375122,-0.135620,1.018677
-0.220337,-0.309204,0.705566
-0.241211,0.158203,0.928467
0.347534,-0.410767,0.897095
-0.586548,0.054932,0.752930
0.349731,-0.106689,1.027466
-0.174683,-0.301392,0.728760
-0.298828,0.166138,0.903198
0.368408,-0.387817,0.916016
-0.570068,0.017090,0.727295
0.296753,-0.055298,1.015137
-0.129150,-0.337891,0.736572
-0.353149,0.189575,0.890259
0.392456,-0.360596,0.934937
-0.558472,-0.030518,0.706299
0.258301,-0.020752,1.006348
-0.080322,-0.365356,0.743042
-0.400879,0.209351,0.882690
0.407715,-0.342285,0.941162
-0.552246,-0.075684,0.687500
0.205200,0.018188,1.009766
-0.037109,-0.390869,0.757446
-0.452148,0.219604,0.876465
0.427490,-0.329346,0.951172
-0.520386,-0.086792,0.700806
0.157104,0.048828,1.015991
0.009644,-0.389648,0.779053
-0.482666,0.233765,0.873291
0.438843,-0.302002,0.965332
-0.490234,-0.126831,0.709595
0.127686,0.067383,1.019653
0.045044,-0.398315,0.789185
-0.510986,0.251343,0.856323
0.455444,-0.285889,0.972656
-0.457886,-0.146729,0.723267
0.090088,0.090210,1.024658
0.086548,-0.403931,0.802124
-0.535278,0.239014,0.837402
0.453857,-0.263062,0.979126
-0.408569,-0.140503,0.757202
0.056030,0.104858,1.013916
0.126587,-0.423096,0.804077
-0.555054,0.229492,0.817505
0.450195,-0.245117,0.987549
-0.362671,-0.164307,0.752319
0.027710,0.125244,1.008057
0.166992,-0.413940,0.824951
-0.573730,0.217285,0.801025
0.451538,-0.239258,0.978271
-0.325317,-0.183105,0.754761
-0.013062,0.137329,1.000366
0.204102,-0.418457,0.839966
-0.579346,0.202271,0.799561
0.459839,-0.226440,0.999146
-0.296021,-0.196899,0.762573
-0.047974,0.148926,0.987671
0.240967,-0.417236,0.856323
-0.581909,0.189697,0.786499
0.454346,-0.197510,1.009155
-0.254272,-0.231812,0.757324
-0.083496,0.169800,0.978516
0.273804,-0.440918,0.858643
-0.583618,0.171387,0.780518
0.444580,-0.194214,1.003784
-0.216187,-0.259521,0.761841
-0.101685,0.165283,0.964478
0.288818,-0.418823,0.873535
-0.583374,0.132446,0.773193
0.439087,-0.168457,1.022095
-0.186768,-0.275513,0.757080
-0.126099,0.173340,0.948975
0.318237,-0.403442,0.884521
-0.587646,0.127197,0.765259
0.426147,-0.149048,1.018066
-0.150024,-0.306641,0.759399
-0.172729,0.168823,0.927246
0.343750,-0.411255,0.898438
-0.576904,0.128418,0.773438
0.407471,-0.115479,1.020874
-0.118896,-0.319702,0.760498
-0.204834,0.172485,0.919067
0.364990,-0.410034,0.895996
-0.567139,0.087891,0.769287
0.380859,-0.098999,1.018066
-0.083984,-0.345825,0.770020
-0.234253,0.157471,0.905151
0.382812,-0.390991,0.922974
-0.567871,0.052002,0.745117
0.348145,-0.081055,1.007690
-0.050293,-0.363892,0.762573
-0.280029,0.162354,0.892090
0.401611,-0.398193,0.919067
-0.550049,0.003540,0.744873
0.317871,-0.060303,1.001831
-0.030640,-0.379639,0.752686
-0.309448,0.161621,0.868896
0.428223,-0.391846,0.937500
-0.544434,-0.028320,0.736816
0.278198,-0.035645,1.002686
-0.001831,-0.395752,0.755005
-0.343140,0.166626,0.861816
0.445557,-0.385254,0.946167
-0.529785,-0.073975,0.716553
0.242432,-0.032837,0.991455
0.024048,-0.407227,0.771240
-0.371216,0.159912,0.847656
0.463989,-0.358276,0.961914
-0.504272,-0.102295,0.716431
0.203613,-0.009521,0.997437
0.050537,-0.434570,0.764282
-0.387695,0.157104,0.843994
0.474487,-0.352783,0.960449
-0.488770,-0.092407,0.737305
0.179688,0.015259,0.999390
0.084839,-0.454468,0.775513
-0.422119,0.157227,0.829102
0.471558,-0.348145,0.972412
-0.464600,-0.127686,0.737793
0.157471,0.035400,1.020142
0.094238,-0.442383,0.792480
-0.440918,0.154785,0.823120
0.488525,-0.350098,0.976685
-0.451416,-0.155396,0.735474
0.120972,0.047241,1.019653
0.121582,-0.447510,0.798096
-0.455811,0.148315,0.813721
0.489014,-0.331909,0.975220
-0.420288,-0.150269,0.757324
0.096436,0.063965,1.010376
0.145996,-0.462524,0.811646
-0.459595,0.136963,0.809570
0.487305,-0.322266,0.988525
-0.403320,-0.170776,0.749512
0.076538,0.066772,1.010254
0.180054,-0.466187,0.818237
-0.473022,0.114868,0.791504
0.495850,-0.301514,1.001343
-0.375366,-0.206055,0.750366
0.038696,0.087158,1.010620
0.227295,-0.494873,0.828857
-0.474976,0.089111,0.779053
0.487793,-0.277710,1.010254
-0.328735,-0.182129,0.782227
0.009033,0.098511,1.011230
0.260010,-0.494629,0.843872
-0.487061,0.077515,0.770630
0.485229,-0.256226,1.017700
-0.287842,-0.196289,0.803467
-0.028198,0.116943,1.012817
0.289307,-0.486816,0.871704
-0.493286,0.066772,0.775757
0.470703,-0.232056,1.034668
-0.229492,-0.240234,0.803711
-0.068359,0.141724,1.009766
0.327759,-0.477417,0.883789
-0.498291,0.057617,0.779907
0.458130,-0.194092,1.051880
-0.174072,-0.226562,0.837646
-0.097778,0.151245,1.004395
0.358032,-0.466431,0.917725
-0.508545,0.038574,0.784058
0.439331,-0.152832,1.058594
-0.101196,-0.273682,0.839478
-0.143188,0.161499,0.996582
0.407227,-0.455933,0.938721
-0.487427,0.008789,0.788574
0.397339,-0.107910,1.058716
-0.037476,-0.326538,0.829590
-0.186035,0.151489,0.975220
0.453613,-0.438477,0.979248
-0.479736,-0.034302,0.765503
0.366699,-0.083740,1.064453
0.026245,-0.381836,0.824097
-0.232422,0.155151,0.957275
0.483398,-0.414062,0.982788
-0.463135,-0.078491,0.774658
0.327881,-0.056274,1.063232
0.073486,-0.411133,0.840576
-0.282959,0.168213,0.953125
0.511108,-0.393799,1.016846
-0.428589,-0.125122,0.780640
0.283203,-0.029907,1.055664
0.110718,-0.399414,0.849854
-0.341431,0.180176,0.930664
0.536743,-0.358765,1.042114
-0.387817,-0.173462,0.784180
0.219360,0.021729,1.062500
0.173584,-0.412354,0.864868
-0.382446,0.134277,0.880981
0.562622,-0.333740,1.056030
-0.334106,-0.207031,0.789551
0.128296,0.091064,1.060547
0.262573,-0.433960,0.909546
-0.412231,0.084961,0.837280
0.545532,-0.284058,1.071289
-0.257446,-0.255249,0.812866
0.059448,0.126343,1.068726
0.328125,-0.444336,0.933350
-0.439941,0.082764,0.830322
0.527954,-0.221313,1.087402
-0.186646,-0.241577,0.851074
-0.002197,0.158203,1.072510
0.390381,-0.441284,0.977051
-0.448364,0.060547,0.832397
0.496460,-0.159668,1.093140
-0.115967,-0.252441,0.865601
-0.057739,0.182007,1.070435
0.450317,-0.417847,1.017212
-0.454102,0.012329,0.826904
0.468506,-0.109741,1.119873
-0.001831,-0.320679,0.879028
-0.136475,0.209717,1.052246
0.495483,-0.386230,1.043091
-0.442505,-0.031860,0.806641
0.431763,-0.073730,1.133545
0.065796,-0.375366,0.878906
-0.189453,0.210205,1.039795
0.531982,-0.355469,1.065552
-0.417236,-0.065918,0.810425
0.378662,-0.033081,1.118408
0.093262,-0.363525,0.897827
-0.248047,0.206177,1.012207
0.556519,-0.311646,1.100098
-0.378540,-0.137207,0.800781
0.319458,0.022827,1.126831
0.154419,-0.390991,0.921875
-0.294189,0.174072,0.978760
0.581177,-0.293579,1.119141
-0.346313,-0.159912,0.810547
0.256104,0.057251,1.124634
0.222656,-0.421387,0.930420
-0.332886,0.137207,0.933960
0.586060,-0.271729,1.120605
-0.298584,-0.187988,0.827637
0.200806,0.084351,1.116577
0.279419,-0.439087,0.941406
-0.359619,0.102295,0.900391
0.576904,-0.247681,1.127808
-0.257690,-0.218506,0.836182
0.137207,0.132690,1.120239
0.333862,-0.431885,0.971069
-0.390747,0.095581,0.887451
0.565430,-0.210693,1.132690
-0.221313,-0.235107,0.852661
0.085571,0.156738,1.117920
0.379150,-0.420410,0.996582
-0.405151,0.082031,0.881348
0.556763,-0.172363,1.145264
-0.178101,-0.230347,0.866821
0.032104,0.172974,1.107666
0.412842,-0.403931,1.015259
-0.411499,0.055420,0.881958
0.544922,-0.140747,1.147461
-0.105103,-0.256226,0.888794
-0.028931,0.183716,1.092041
0.438477,-0.379517,1.027466
-0.413330,0.018677,0.868042
0.521240,-0.102051,1.168213
-0.037476,-0.310059,0.883179
-0.081299,0.178467,1.084473
0.471313,-0.362061,1.049438
-0.426270,-0.009521,0.849365
0.494629,-0.076416,1.172607
-0.013306,-0.320557,0.876343
-0.135498,0.201538,1.057129
0.491089,-0.329346,1.072510
-0.428345,-0.056885,0.826660
0.458130,-0.043701,1.177246
0.010864,-0.331055,0.876221
-0.199829,0.214844,1.041382
0.518188,-0.309570,1.087769
-0.422241,-0.097168,0.809448
0.403076,-0.012451,1.172119
0.051758,-0.346069,0.891724
-0.254272,0.213257,1.025146
0.543457,-0.303711,1.098755
-0.397949,-0.130859,0.800415
0.340942,0.020630,1.160522
0.098511,-0.349731,0.901855
-0.296631,0.187866,0.976685
0.551880,-0.287720,1.106445
-0.367554,-0.185181,0.791870
0.280151,0.046509,1.141113
0.156006,-0.382690,0.907715
-0.339355,0.166870,0.944214
0.557495,-0.277344,1.106079
-0.342285,-0.209717,0.786987
0.215088,0.075806,1.131714
0.203247,-0.409302,0.903320
-0.381348,0.147705,0.923828
0.549072,-0.254272,1.112549
-0.313477,-0.232300,0.808594
0.151489,0.073975,1.104004
0.236694,-0.395020,0.924805
-0.405396,0.115234,0.889648
0.550903,-0.226562,1.117310
-0.282715,-0.249756,0.806763
0.096924,0.090698,1.088379
0.271484,-0.384033,0.937500
-0.440063,0.087280,0.856323
0.530884,-0.208618,1.107422
-0.217041,-0.281494,0.825073
0.030640,0.114990,1.074707
0.295776,-0.380981,0.939087
-0.452271,0.066284,0.841309
0.519409,-0.183594,1.118286
-0.176636,-0.305664,0.814087
-0.021851,0.113159,1.044556
0.329346,-0.379395,0.953613
-0.472656,0.043579,0.815186
0.490845,-0.161743,1.112671
-0.158203,-0.300781,0.806030
-0.080688,0.132812,1.038818
0.355591,-0.375244,0.958618
-0.489502,0.016113,0.795288
0.472900,-0.124390,1.119873
-0.144653,-0.312500,0.793701
-0.144043,0.157471,1.027832
0.383545,-0.382812,0.973022
-0.504028,-0.003906,0.786743
0.441284,-0.105347,1.115234
-0.133667,-0.301392,0.801270
-0.197266,0.187256,1.025269
0.409790,-0.380981,0.986450
-0.511475,-0.032715,0.768311
0.395752,-0.095947,1.102417
-0.117554,-0.298584,0.802124
-0.249756,0.192505,0.993042
0.431763,-0.352783,1.005859
-0.511475,-0.061523,0.752319
0.352417,-0.078735,1.098022
-0.100830,-0.325317,0.794922
-0.289795,0.190918,0.968628
0.445557,-0.340210,1.008179
-0.498169,-0.101929,0.740723
0.316895,-0.051392,1.084839
-0.069580,-0.338257,0.800537
-0.335083,0.169922,0.924805
0.447510,-0.334595,1.003662
-0.485352,-0.096802,0.738159
0.273071,-0.032959,1.078369
-0.043945,-0.354980,0.795654
-0.383301,0.177246,0.905884
0.451660,-0.328003,1.004517
-0.472900,-0.121094,0.727051
0.226074,0.003784,1.077148
0.002319,-0.377197,0.807007
-0.429443,0.178345,0.887451
0.452271,-0.310913,1.008911
-0.467285,-0.156006,0.727905
0.169556,0.030151,1.055542
0.041992,-0.396362,0.815430
-0.474731,0.177490,0.868774
0.453857,-0.298706,1.017944
-0.450928,-0.166138,0.736572
0.111572,0.057861,1.044556
0.085205,-0.412476,0.819702
-0.506836,0.160400,0.840210
0.462402,-0.276489,1.012329
-0.405396,-0.213989,0.742432
0.052856,0.090576,1.040161
0.132812,-0.422852,0.825439
-0.531494,0.140015,0.817627
0.451782,-0.255859,1.010376
-0.353394,-0.219360,0.754395
0.008911,0.108887,1.030273
0.179199,-0.439453,0.833618
-0.557983,0.112305,0.791870
0.441162,-0.236572,1.009521
-0.317993,-0.232666,0.737793
-0.045410,0.124756,1.009033
0.229370,-0.442017,0.854004
-0.572632,0.094727,0.775269
0.418335,-0.205444,1.017944
-0.277710,-0.271240,0.721313
-0.108398,0.153564,0.988770
0.277832,-0.436279,0.869263
-0.593384,0.081543,0.768066
0.403198,-0.181152,1.014526
-0.239380,-0.307739,0.716064
-0.165527,0.168579,0.968018
0.305664,-0.402588,0.901001
-0.590210,0.043579,0.756348
0.383911,-0.157593,1.024170
-0.215576,-0.321045,0.699585
-0.235596,0.176636,0.949341
0.350342,-0.415161,0.904297
-0.583374,0.023071,0.744629
0.348267,-0.119019,1.017822
-0.183472,-0.323242,0.712524
-0.298462,0.197021,0.919678
0.385254,-0.405518,0.921631
-0.575439,-0.023560,0.727173
0.300049,-0.081787,1.019897
-0.151611,-0.343140,0.721191
-0.349487,0.201172,0.909180
0.401489,-0.374268,0.930054
-0.562256,-0.052124,0.710327
0.246338,-0.041626,1.017700
-0.101318,-0.368652,0.735596
-0.407837,0.213379,0.880859
0.421509,-0.353394,0.945435
-0.542480,-0.089111,0.700562
0.188599,-0.004272,1.010620
-0.045166,-0.390991,0.752686
-0.458740,0.222046,0.876099
0.427246,-0.327026,0.955322
-0.509155,-0.126465,0.706787
0.140869,0.036133,1.016235
0.009277,-0.409668,0.767578
-0.505371,0.236816,0.857910
0.437378,-0.301025,0.961060
-0.449707,-0.145630,0.736694
0.085083,0.083618,1.025513
0.062012,-0.414917,0.788208
-0.546143,0.231079,0.831299
0.440918,-0.285034,0.966431
-0.404297,-0.169556,0.734131
0.049072,0.094849,1.023926
0.123413,-0.422729,0.804565
-0.573364,0.218872,0.822021
0.447998,-0.252808,0.991333
-0.354858,-0.199829,0.735718
0.001953,0.125488,1.007935
0.178955,-0.423950,0.833374
-0.596191,0.203247,0.797974
0.447144,-0.225220,0.992554
-0.296143,-0.209351,0.740356
-0.054810,0.159180,1.000977
0.241577,-0.418945,0.851562
-0.605103,0.186890,0.782227
0.432983,-0.195557,0.997681
-0.241211,-0.253540,0.737427
-0.099731,0.171387,0.980469
0.281616,-0.410522,0.878540
-0.607788,0.164185,0.774292
0.422974,-0.171753,1.009644
-0.197021,-0.278442,0.736328
-0.153564,0.183960,0.957031
0.320068,-0.401978,0.884399
-0.597290,0.130005,0.774048
0.407104,-0.148804,1.009766
-0.155151,-0.319458,0.734985
-0.206177,0.193726,0.934082
0.362793,-0.397339,0.904175
-0.583252,0.100464,0.769287
0.373779,-0.120728,1.006592
-0.125977,-0.316650,0.748413
-0.253906,0.190918,0.907104
0.385620,-0.381958,0.915894
-0.567505,0.053711,0.751343
0.331299,-0.082275,0.996704
-0.086914,-0.351685,0.750000
-0.291504,0.185913,0.888428
0.401001,-0.353149,0.931885
-0.548584,-0.001343,0.734619
0.288086,-0.041260,0.998779
-0.061157,-0.385376,0.731567
-0.331055,0.177002,0.871338
0.428467,-0.340332,0.940552
-0.534546,-0.037720,0.725098
0.241821,-0.014282,0.995605
-0.028198,-0.394531,0.745850
-0.369019,0.179810,0.855591
0.446411,-0.334717,0.958496
-0.516113,-0.078247,0.723511
0.197754,0.024170,1.008301
0.003784,-0.400024,0.759766
-0.409302,0.187500,0.848877
0.454590,-0.319214,0.962402
-0.481567,-0.107300,0.732178
0.152222,0.047974,1.006104
0.047119,-0.414551,0.773071
-0.446045,0.181396,0.829956
0.468628,-0.298950,0.977173
-0.447998,-0.113159,0.746338
0.124756,0.081787,1.015991
0.079834,-0.418823,0.784424
-0.483643,0.186279,0.816528
0.473999,-0.283447,0.981689
-0.416138,-0.143188,0.752197
0.080811,0.114014,1.020874
0.123779,-0.429321,0.797607
-0.521606,0.184326,0.799194
0.476318,-0.274048,0.990967
-0.383179,-0.178955,0.749634
0.040771,0.128784,1.025635
0.166504,-0.442017,0.822998
-0.547485,0.170776,0.780029
0.475342,-0.261719,0.993286
-0.328613,-0.165894,0.770752
-0.001099,0.143677,1.020386
0.210205,-0.449463,0.831177
-0.557983,0.139771,0.771240
0.479980,-0.254883,0.999512
-0.288330,-0.192505,0.770752
-0.040771,0.150146,1.008667
0.247314,-0.462280,0.851196
-0.566650,0.118774,0.756958
0.467407,-0.230835,1.008667
-0.237183,-0.194824,0.794678
-0.077515,0.159424,0.986938
0.279419,-0.468750,0.853027
-0.568726,0.108887,0.759399
0.454834,-0.207520,1.015015
-0.192139,-0.230347,0.807373
-0.112183,0.167725,0.978760
0.310547,-0.464233,0.883789
-0.567139,0.091797,0.767090
0.442627,-0.207031,1.012817
-0.152466,-0.247437,0.810669
-0.140503,0.177246,0.974976
0.349487,-0.455200,0.898193
-0.564209,0.083374,0.767334
0.423096,-0.196655,1.003052
-0.113403,-0.258789,0.812988
-0.163818,0.171509,0.959229
0.372192,-0.445801,0.910889
-0.557251,0.064087,0.778931
0.412598,-0.169189,1.014893
-0.082153,-0.314697,0.807983
-0.193970,0.172729,0.952515
0.392212,-0.441406,0.911621
-0.544067,0.028320,0.760864
0.385498,-0.139648,1.014038
-0.042725,-0.340942,0.803467
-0.211182,0.165161,0.945190
0.403931,-0.432129,0.929810
-0.523926,-0.012451,0.752197
0.370239,-0.132202,1.010986
-0.023438,-0.359985,0.808350
-0.229736,0.149658,0.931885
0.428345,-0.420654,0.938599
-0.512817,-0.043823,0.761475
0.342773,-0.100952,1.016235
0.002808,-0.380981,0.802490
-0.260498,0.151978,0.925171
0.456543,-0.416382,0.964600
-0.502075,-0.073853,0.741211
0.310059,-0.085938,1.017090
0.030762,-0.404419,0.802002
-0.282349,0.151855,0.905518
0.474976,-0.324463,0.970825
-0.465332,-0.120728,0.744873
0.143433,0.031738,1.000732
0.064453,-0.424805,0.805420
-0.446167,0.150635,0.813110
0.482666,-0.315796,0.983276
-0.433838,-0.137573,0.750244
0.112793,0.058350,1.008789
0.119263,-0.460693,0.790527
-0.470337,0.145874,0.798950
0.482544,-0.314331,0.984863
-0.404297,-0.177612,0.737549
0.070801,0.079834,1.014160
0.158936,-0.463623,0.804688
-0.492188,0.126465,0.782471
0.494995,-0.303223,0.987793
-0.365967,-0.179443,0.761475
0.024414,0.114868,1.014404
0.217896,-0.480591,0.819580
-0.511353,0.104126,0.770142
0.489746,-0.288452,1.000977
-0.320557,-0.191772,0.779419
-0.012329,0.132446,1.014893
0.253906,-0.489014,0.842651
-0.519043,0.093018,0.768433
0.483398,-0.271118,0.999878
-0.269653,-0.212036,0.797729
-0.055420,0.138306,1.006226
0.294189,-0.480347,0.865112
-0.519409,0.080811,0.763550
0.461670,-0.243164,1.015137
-0.214111,-0.216187,0.816162
-0.089233,0.157104,0.999268
0.329102,-0.464478,0.890015
-0.532104,0.078247,0.784180
0.443604,-0.203125,1.033081
-0.151367,-0.261841,0.827637
-0.135864,0.159546,0.999512
0.369019,-0.457642,0.914795
-0.530029,0.064575,0.782715
0.427490,-0.168091,1.040894
-0.089233,-0.309448,0.820801
-0.164795,0.160522,0.978271
0.395386,-0.443481,0.929810
-0.510620,0.019409,0.775269
0.395508,-0.131958,1.036743
-0.026489,-0.355835,0.819946
-0.217163,0.158203,0.959351
0.437378,-0.432983,0.952637
-0.490723,-0.039917,0.763550
0.358398,-0.083374,1.052979
0.023804,-0.394043,0.823975
-0.251953,0.152100,0.944336
0.468994,-0.416626,0.981689
-0.471069,-0.088135,0.759766
0.312012,-0.052124,1.047241
0.069458,-0.414307,0.828613
-0.287720,0.146118,0.925537
0.490479,-0.389771,1.000610
-0.447510,-0.121094,0.762573
0.266235,-0.026367,1.046021
0.106812,-0.422363,0.835693
-0.329956,0.152466,0.909180
0.514893,-0.369873,1.013550
-0.418335,-0.150024,0.770386
0.216553,0.019897,1.048706
0.153198,-0.427002,0.849121
-0.371460,0.144165,0.890747
0.539795,-0.331055,1.052734
-0.377075,-0.186890,0.770020
0.159424,0.057739,1.044312
0.214478,-0.458374,0.863892
-0.402466,0.112549,0.859497
0.546021,-0.309570,1.057617
-0.321411,-0.219971,0.787476
0.096191,0.093872,1.050903
0.279053,-0.466675,0.889893
-0.419678,0.076538,0.829712
0.535034,-0.275391,1.067871
-0.267456,-0.225464,0.822266
0.044678,0.122803,1.056641
0.328003,-0.457397,0.925293
-0.437988,0.060791,0.815674
0.515503,-0.223877,1.080200
-0.199707,-0.228394,0.845703
-0.009399,0.148193,1.058716
0.373047,-0.442627,0.953369
-0.452759,0.058350,0.826782
0.500977,-0.172974,1.099854
-0.144043,-0.242188,0.860718
-0.063477,0.161377,1.054565
0.417480,-0.428955,0.988281
-0.452637,0.022461,0.821411
0.474121,-0.134277,1.112671
-0.054321,-0.284058,0.876831
-0.110962,0.185059,1.059937
0.456299,-0.415649,1.006714
-0.451050,-0.001343,0.822754
0.460815,-0.093994,1.122192
0.025146,-0.329468,0.890381
-0.163086,0.208618,1.037842
0.489258,-0.380615,1.041260
-0.428101,-0.050537,0.815308
0.419800,-0.059082,1.127930
0.075073,-0.350708,0.890381
-0.204468,0.204712,1.030640
0.524292,-0.347412,1.065430
-0.405884,-0.104614,0.798462
0.374634,-0.021729,1.121460
0.092529,-0.338867,0.912354
-0.254517,0.211914,1.014526
0.557617,-0.322021,1.100342
-0.382080,-0.151367,0.794922
0.321167,0.021118,1.127930
0.151001,-0.360352,0.921875
-0.292847,0.187378,0.985107
0.588013,-0.298706,1.117554
-0.342651,-0.180176,0.811890
0.263794,0.059570,1.128784
0.211304,-0.405396,0.923828
-0.324341,0.150391,0.933350
0.585815,-0.270020,1.125732
-0.308472,-0.221069,0.813843
0.204102,0.077148,1.108032
0.272217,-0.428711,0.944336
-0.359985,0.111084,0.894165
0.584839,-0.245483,1.134888
-0.264648,-0.244263,0.828979
0.144287,0.109253,1.112427
0.316650,-0.439575,0.957764
-0.386719,0.105103,0.887329
0.574341,-0.218384,1.137573
-0.223389,-0.242798,0.852905
0.086304,0.139404,1.107666
0.360596,-0.435059,0.979370
-0.414795,0.110718,0.876343
0.569336,-0.189209,1.149048
-0.176880,-0.236206,0.875366
0.025757,0.165161,1.105713
0.395386,-0.416016,1.000488
-0.421753,0.076782,0.876343
0.552246,-0.154175,1.146729
-0.104126,-0.261597,0.884399
-0.030396,0.186890,1.102661
0.422852,-0.405518,1.015381
-0.426514,0.039795,0.871948
0.532227,-0.117188,1.167358
-0.038940,-0.298218,0.882080
-0.075562,0.195923,1.088501
0.458984,-0.387451,1.031006
-0.445801,0.006592,0.848633
0.509033,-0.087769,1.163940
-0.012329,-0.298706,0.891968
-0.115112,0.204712,1.073608
0.476929,-0.349609,1.057739
-0.440063,-0.035889,0.820435
0.469971,-0.053589,1.172607
-0.002563,-0.299072,0.885132
-0.176514,0.216187,1.063965
0.507080,-0.323730,1.079834
-0.431030,-0.074585,0.818237
0.426758,-0.031616,1.166504
0.028198,-0.326660,0.886963
-0.227173,0.210327,1.037476
0.537964,-0.311646,1.097534
-0.421387,-0.142334,0.787231
0.361206,-0.001343,1.160645
0.070679,-0.343018,0.895508
-0.267822,0.197510,0.999756
0.552246,-0.304932,1.110718
-0.393799,-0.178345,0.784302
0.308594,0.021973,1.143188
0.118286,-0.370483,0.896729
-0.307373,0.159180,0.957886
0.554688,-0.292603,1.103638
-0.374634,-0.186646,0.787476
0.257935,0.039917,1.135620
0.151245,-0.394775,0.896606
-0.346680,0.157471,0.934326
0.561768,-0.276855,1.101196
-0.350952,-0.200928,0.793579
0.190308,0.058350,1.110474
0.204834,-0.414917,0.910034
-0.381836,0.146240,0.911133
0.551514,-0.260986,1.101562
-0.338135,-0.224609,0.802124
0.146362,0.073486,1.098877
0.233276,-0.405762,0.923462
-0.417725,0.128174,0.889893
0.544678,-0.235718,1.101074
-0.317627,-0.229248,0.799927
0.095947,0.078979,1.093750
0.254028,-0.388306,0.929688
-0.435303,0.093140,0.865723
0.531982,-0.217896,1.110229
-0.275513,-0.234131,0.809204
0.045410,0.101929,1.071045
0.269409,-0.383667,0.931030
-0.447144,0.070679,0.843994
0.519775,-0.203491,1.101440
-0.216187,-0.269287,0.813477
0.002808,0.111206,1.052979
0.290283,-0.395630,0.926392
-0.470093,0.051880,0.824707
0.504150,-0.179077,1.099487
-0.191284,-0.280640,0.812744
-0.034180,0.115234,1.031128
0.311401,-0.397705,0.931152
-0.489746,0.032837,0.794067
0.492920,-0.172485,1.107910
-0.179932,-0.284424,0.792603
-0.085815,0.125488,1.026611
0.333618,-0.386597,0.931274
-0.499634,0.014648,0.780151
0.473755,-0.153564,1.095459
-0.168213,-0.303955,0.783447
-0.124512,0.145630,1.020264
0.352173,-0.395020,0.946167
-0.522583,0.001343,0.765747
0.453491,-0.154663,1.093750
-0.157104,-0.304077,0.776123
-0.166992,0.167480,1.015259
0.365356,-0.411255,0.948608
-0.535767,-0.011353,0.765625
0.430420,-0.145264,1.080933
-0.151611,-0.278076,0.788330
-0.212891,0.179443,0.990479
0.383789,-0.400391,0.947510
-0.541626,-0.014038,0.755859
0.411133,-0.131104,1.078003
-0.155273,-0.294556,0.768433
-0.240601,0.186157,0.988892
0.391724,-0.399536,0.950684
-0.552979,-0.018311,0.759033
0.371094,-0.113647,1.060425
-0.140869,-0.302734,0.780273
-0.272461,0.182617,0.953857
0.404541,-0.386963,0.970337
-0.556152,-0.050171,0.730469
0.348755,-0.108887,1.064087
-0.130615,-0.327271,0.759521
-0.299561,0.177856,0.938110
0.402100,-0.362183,0.963623
-0.552856,-0.063477,0.722900
0.318726,-0.096436,1.052856
-0.120605,-0.337402,0.760986
-0.325684,0.192749,0.940186
0.410400,-0.360840,0.965942
-0.551025,-0.067383,0.723022
0.290894,-0.076660,1.055176
-0.107178,-0.360596,0.763550
-0.352783,0.183716,0.916626
0.415527,-0.352661,0.966919
-0.552979,-0.053345,0.722168
0.268799,-0.069214,1.035400
-0.086060,-0.378662,0.769043
-0.373779,0.180054,0.899902
0.403687,-0.361572,0.960693
-0.546997,-0.061279,0.714355
0.258301,-0.054077,1.038452
-0.075928,-0.390747,0.759033
-0.401367,0.199585,0.901978
0.416504,-0.346802,0.964844
-0.550781,-0.083374,0.694824
0.230103,-0.036987,1.035034
-0.070312,-0.391479,0.763062
-0.413086,0.199341,0.901123
0.420776,-0.342651,0.960083
-0.554932,-0.053833,0.711060
0.212158,-0.010986,1.029175
-0.051025,-0.402588,0.765259
-0.428467,0.202881,0.888184
0.420288,-0.347046,0.959717
-0.557129,-0.075562,0.697754
0.194336,-0.015869,1.014038
-0.054688,-0.400391,0.756470
-0.433350,0.203613,0.894043
0.432861,-0.335693,0.975464
-0.555786,-0.075317,0.696411
0.180420,-0.007690,1.011719
-0.041138,-0.409302,0.758423
-0.440063,0.204346,0.885132
0.430786,-0.327759,0.971313
-0.552246,-0.042847,0.710815
0.180054,0.002075,1.017578
-0.035889,-0.411621,0.755005
-0.453369,0.203369,0.880127
0.429443,-0.335693,0.963135
-0.554199,-0.055054,0.703857
0.176514,0.014526,1.009033
-0.028442,-0.402344,0.760498
-0.450073,0.198120,0.875610
0.427368,-0.331421,0.960815
-0.550171,-0.046997,0.706055
0.174927,0.021729,1.008179
-0.022705,-0.404175,0.761230
-0.454956,0.201660,0.871948
0.429688,-0.339355,0.948364
-0.550781,-0.054077,0.698608
0.172119,0.015015,1.007324
-0.018433,-0.394043,0.761353
-0.441406,0.213135,0.878906
0.423950,-0.329834,0.955688
-0.555786,-0.048828,0.695068
0.195068,0.005859,1.006836
-0.027100,-0.400635,0.761230
-0.443604,0.218750,0.875854
0.427246,-0.331421,0.952271
-0.554443,-0.032959,0.702026
0.203247,0.002563,1.004761
-0.034058,-0.394897,0.755005
-0.433350,0.202881,0.870361
0.425049,-0.332275,0.950317
-0.557251,-0.030273,0.696533
0.208374,0.001221,1.001709
-0.032715,-0.407471,0.749390
-0.419434,0.208374,0.871948
0.412842,-0.334473,0.939453
-0.564209,-0.026001,0.687256
0.232910,-0.010254,0.995239
-0.044800,-0.395264,0.739258
-0.402100,0.202271,0.873901
0.422729,-0.337891,0.935669
-0.560059,-0.021729,0.691895
0.239990,-0.005615,1.001099
-0.047974,-0.376709,0.750977
-0.370483,0.204468,0.884644
0.414795,-0.354614,0.935303
-0.566406,-0.000366,0.704224
0.264771,-0.023071,1.002319
-0.060181,-0.377075,0.736450
-0.350220,0.191406,0.878784
0.424316,-0.341064,0.936035
-0.572998,0.010742,0.709961
0.288086,-0.037598,0.997437
-0.060669,-0.365845,0.742432
-0.330688,0.187012,0.879761
0.418701,-0.357056,0.935059
-0.568115,0.026733,0.720947
0.305908,-0.046997,1.002686
-0.073608,-0.366821,0.727905
-0.304565,0.187378,0.887207
0.415649,-0.362793,0.922363
-0.569580,0.050049,0.734741
0.320557,-0.071167,0.997314
-0.079224,-0.343384,0.741699
-0.270264,0.180298,0.893311
0.399170,-0.367798,0.922852
-0.574219,0.059326,0.747681
0.348145,-0.081055,1.006348
-0.088745,-0.343994,0.740601
-0.249634,0.180542,0.904175
0.389771,-0.376709,0.920288
-0.574463,0.079468,0.759155
0.365479,-0.092773,1.011230
-0.098022,-0.341553,0.751587
-0.228516,0.185425,0.915039
0.380859,-0.385132,0.924438
-0.583740,0.091797,0.768921
0.389038,-0.112427,1.006958
-0.107422,-0.324341,0.752197
-0.209351,0.187622,0.927612
0.369751,-0.409668,0.898438
-0.583130,0.104736,0.768677
0.401978,-0.127441,1.017212
-0.121460,-0.308472,0.761719
-0.187378,0.195190,0.939453
0.361816,-0.414307,0.908325
-0.582520,0.114624,0.773071
0.403931,-0.141357,1.011230
-0.131592,-0.304077,0.776978
-0.161865,0.181396,0.950073
0.348267,-0.406372,0.908569
-0.587524,0.127441,0.768555
0.417969,-0.161865,1.014648
-0.137329,-0.290283,0.778564
-0.153687,0.185669,0.955322
0.340454,-0.417480,0.895874
-0.578491,0.122681,0.784546
0.433472,-0.170654,1.019653
-0.154541,-0.266479,0.784668
-0.127686,0.171875,0.961182
0.326660,-0.429810,0.891235
-0.573730,0.114136,0.775879
0.436279,-0.170044,1.018188
-0.168701,-0.255005,0.791016
-0.121704,0.173462,0.971069
0.326660,-0.431641,0.880249
-0.576538,0.121704,0.775391
0.446167,-0.176758,1.023804
-0.166992,-0.259644,0.790039
-0.115723,0.170410,0.973145
0.322754,-0.452026,0.884888
-0.565796,0.124756,0.776489
0.449097,-0.199585,1.014771
-0.182495,-0.236938,0.800659
-0.106567,0.161011,0.977417
0.318115,-0.465576,0.874756
-0.569946,0.124634,0.775635
0.448242,-0.198975,1.018921
-0.199097,-0.216187,0.806274
-0.093018,0.159912,0.991455
0.317139,-0.477173,0.876709
-0.565552,0.113037,0.768677
0.441650,-0.215088,1.009766
-0.200195,-0.215088,0.807129
-0.082031,0.155884,1.000610
0.313965,-0.470093,0.880371
-0.562988,0.104736,0.769287
0.440552,-0.224365,1.011597
-0.211914,-0.232300,0.802490
-0.072998,0.150879,1.003540
0.306885,-0.482056,0.876221
-0.552612,0.094727,0.767822
0.449097,-0.235596,1.014526
-0.218384,-0.209106,0.801392
-0.063843,0.143311,1.006104
0.310791,-0.483276,0.872070
-0.554932,0.099854,0.765503
0.451660,-0.227051,1.015381
-0.228638,-0.197876,0.808350
-0.056396,0.149170,1.009277
0.308594,-0.495850,0.876953
-0.547974,0.089478,0.766235
0.462769,-0.241577,1.018555
-0.230347,-0.205444,0.807617
-0.053467,0.149414,1.015503
0.307129,-0.493042,0.875732
-0.530396,0.076660,0.776489
0.472168,-0.268311,1.015259
-0.247559,-0.205933,0.803833
-0.042603,0.134888,1.019165
0.308228,-0.487183,0.883179
-0.521851,0.077515,0.779175
0.466553,-0.256592,1.022217
-0.245483,-0.222168,0.798218
-0.033203,0.129761,1.025391
0.306519,-0.476562,0.885132
-0.519165,0.066284,0.780273
0.478027,-0.265625,1.021973
-0.248779,-0.209473,0.802490
-0.021729,0.125488,1.022827
0.316162,-0.479126,0.890991
-0.506226,0.068604,0.791382
0.473633,-0.251221,1.029907
-0.247192,-0.209595,0.818359
-0.014648,0.120850,1.031494
0.330322,-0.486694,0.901123
-0.508057,0.078735,0.789185
0.474243,-0.250488,1.033081
-0.239258,-0.219482,0.816040
-0.007202,0.112183,1.033936
0.325806,-0.483276,0.895996
-0.494995,0.075562,0.788940
0.488037,-0.248779,1.035278
-0.239258,-0.227783,0.809570
-0.006470,0.127808,1.039551
0.335449,-0.478760,0.913208
-0.484863,0.075073,0.799561
0.490112,-0.252563,1.048828
-0.238403,-0.217529,0.831055
0.005493,0.116211,1.046509
0.334839,-0.467896,0.915161
-0.470093,0.083618,0.807007
0.499756,-0.249756,1.051025
-0.246704,-0.235352,0.816650
0.017090,0.120972,1.048828
0.344482,-0.468262,0.919678
-0.462769,0.081299,0.814453
0.511597,-0.249146,1.061279
-0.235840,-0.220337,0.826782
0.018433,0.118652,1.056030
0.343872,-0.474487,0.924316
-0.452148,0.072632,0.817627
0.516357,-0.237671,1.069336
-0.236328,-0.203247,0.841431
0.036011,0.122925,1.062744
0.345947,-0.475220,0.923218
-0.450806,0.071289,0.818237
0.520142,-0.239868,1.072998
-0.231812,-0.211426,0.829712
0.044189,0.125366,1.075317
0.349487,-0.478516,0.935669
-0.442627,0.078003,0.833374
0.531128,-0.241211,1.080322
-0.240723,-0.216797,0.827515
0.061768,0.126099,1.072998
0.349854,-0.469360,0.943359
-0.438110,0.084351,0.841064
0.537231,-0.242676,1.092407
-0.244507,-0.219238,0.825806
0.074829,0.120972,1.087158
0.347778,-0.456421,0.948730
-0.429199,0.087402,0.850952
0.538696,-0.236084,1.092285
-0.240479,-0.222412,0.835815
0.087036,0.114502,1.093018
0.350952,-0.455200,0.958862
-0.429443,0.102539,0.853882
0.547974,-0.244507,1.093506
-0.238770,-0.228760,0.830933
0.097168,0.128296,1.105225
0.345459,-0.449707,0.953247
-0.417603,0.103882,0.865112
0.555176,-0.249268,1.098999
-0.236328,-0.226807,0.843750
0.102905,0.115967,1.095337
0.354736,-0.443604,0.962891
-0.416260,0.114502,0.880249
0.569214,-0.248779,1.107422
-0.245483,-0.221802,0.836914
0.110107,0.126099,1.104004
0.344849,-0.428467,0.971802
-0.405640,0.104492,0.879395
0.572388,-0.237061,1.120239
-0.239502,-0.239746,0.833130
0.107788,0.134644,1.111084
0.350708,-0.431274,0.967651
-0.403809,0.095337,0.884155
0.576172,-0.238403,1.121460
-0.234375,-0.227051,0.849854
0.105713,0.147095,1.111938
0.356689,-0.433350,0.976440
-0.405151,0.098389,0.876831
0.576782,-0.221436,1.136597
-0.227295,-0.236450,0.844482
0.099243,0.142944,1.114746
0.357788,-0.425781,0.976685
-0.406250,0.097900,0.879395
0.570923,-0.216064,1.135864
-0.223755,-0.233154,0.853027
0.094360,0.138184,1.115112
0.355469,-0.424316,0.980713
-0.411987,0.101318,0.885254
0.571289,-0.205566,1.148071
-0.217285,-0.239014,0.857666
0.089233,0.142334,1.118286
0.360352,-0.406982,0.989014
-0.409058,0.095581,0.885010
0.569092,-0.197998,1.147583
-0.208618,-0.242188,0.860229
0.073364,0.137817,1.105957
0.363525,-0.411743,0.986816
-0.408813,0.086548,0.884888
0.566162,-0.195068,1.140625
-0.189209,-0.253296,0.860962
0.054810,0.144531,1.107178
0.365601,-0.394653,0.984375
-0.416260,0.078735,0.887085
0.561768,-0.183472,1.150391
-0.184570,-0.253418,0.865112
0.043335,0.152100,1.104370
0.378052,-0.401489,0.991699
-0.429565,0.071655,0.871582
0.553589,-0.177368,1.150879
-0.176147,-0.263062,0.858398
0.028687,0.152954,1.105347
0.373291,-0.391724,0.989502
-0.428711,0.069458,0.862061
0.551025,-0.177002,1.138672
-0.142090,-0.284546,0.859741
0.013672,0.149414,1.104126
0.376343,-0.390747,0.983521
-0.429688,0.062012,0.861572
0.542603,-0.173462,1.135620
-0.133545,-0.295898,0.859863
-0.005005,0.145142,1.081177
0.381592,-0.386963,0.989380
-0.437744,0.057983,0.857788
0.531494,-0.164429,1.138184
-0.126099,-0.294922,0.850098
-0.013916,0.149292,1.087158
0.391357,-0.378784,0.992432
-0.458496,0.052734,0.840210
0.518066,-0.148804,1.134155
-0.116577,-0.318726,0.841553
-0.021606,0.139771,1.073242
0.376465,-0.378296,0.986816
-0.461060,0.048096,0.844604
0.512573,-0.143066,1.135498
-0.123047,-0.326416,0.817505
-0.039673,0.142090,1.068604
0.388916,-0.388672,0.979370
-0.478394,0.058716,0.836426
0.500732,-0.146973,1.129761
-0.126587,-0.319092,0.809326
-0.065918,0.152954,1.051147
0.393066,-0.391113,0.982056
-0.482788,0.038696,0.822632
0.487061,-0.127808,1.133789
-0.130615,-0.323242,0.801392
-0.088867,0.152466,1.056152
0.390503,-0.377808,0.976807
-0.492920,0.027100,0.809082
0.474854,-0.134277,1.121948
-0.135498,-0.320923,0.792969
-0.110352,0.162354,1.034912
0.397949,-0.371582,0.979248
-0.493042,0.021484,0.803711
0.459717,-0.131470,1.115601
-0.141602,-0.320435,0.786011
-0.143921,0.162720,1.025879
0.407959,-0.377441,0.980225
-0.502808,0.014893,0.802124
0.440430,-0.108521,1.120972
-0.140137,-0.315918,0.782837
-0.181396,0.171143,1.011353
0.413330,-0.379517,0.984497
-0.501221,-0.009399,0.783936
0.377563,-0.002319,1.162354
-0.144287,-0.316650,0.779419
-0.272339,0.177856,0.994385
0.539917,-0.324097,1.083374
-0.403809,-0.110962,0.802246
0.348633,0.010498,1.151001
0.053345,-0.315918,0.885010
-0.296997,0.165527,0.972290
0.538696,-0.322876,1.081421
-0.394897,-0.148193,0.793823
0.322266,0.014771,1.151733
0.064453,-0.338501,0.882324
-0.319214,0.162964,0.952026
0.536865,-0.319580,1.073486
-0.390015,-0.158691,0.787354
0.296265,0.032471,1.144653
0.083862,-0.356201,0.874878
-0.335083,0.141968,0.928589
0.530151,-0.312622,1.068481
-0.383667,-0.187622,0.773315
0.261230,0.046753,1.132568
0.109741,-0.361084,0.880615
-0.367188,0.155762,0.922485
0.517944,-0.308716,1.075195
-0.382202,-0.209351,0.758179
0.224243,0.062500,1.118408
0.131226,-0.363525,0.879272
-0.389282,0.167358,0.915771
0.515747,-0.295410,1.068604
-0.384766,-0.223755,0.759521
0.194458,0.060059,1.099731
0.144653,-0.388306,0.883301
-0.405396,0.140869,0.898804
0.510254,-0.280151,1.066284
-0.379272,-0.242920,0.747559
0.153320,0.070679,1.090942
0.167725,-0.383423,0.871460
-0.439819,0.133911,0.872437
0.523193,-0.269409,1.081665
-0.363525,-0.256226,0.758911
0.101318,0.084839,1.067993
0.185669,-0.395020,0.875000
-0.458862,0.114380,0.848877
0.513794,-0.247437,1.076782
-0.330688,-0.232666,0.783813
0.058960,0.089478,1.059814
0.206055,-0.407227,0.873901
-0.474731,0.107300,0.840576
0.495605,-0.248413,1.064209
-0.298706,-0.267212,0.777954
0.027222,0.090332,1.038086
0.220703,-0.392822,0.879395
-0.502930,0.097046,0.816772
0.495728,-0.253052,1.065674
-0.277710,-0.294800,0.771606
-0.012939,0.096558,1.023560
0.237915,-0.398315,0.874634
-0.516357,0.074219,0.805176
0.487427,-0.234863,1.065186
-0.255859,-0.288086,0.768921
-0.064087,0.107056,0.994263
0.253784,-0.400513,0.885620
-0.525757,0.066406,0.783325
0.473633,-0.217163,1.059692
-0.240967,-0.282227,0.754883
-0.107178,0.122803,0.993164
0.284790,-0.406616,0.889893
-0.538574,0.057617,0.773193
0.449951,-0.185669,1.064697
-0.212280,-0.311035,0.746582
-0.161499,0.138794,0.979004
0.311768,-0.391479,0.912598
-0.555542,0.024780,0.748535
0.425415,-0.162842,1.066162
-0.194214,-0.296997,0.751953
-0.215454,0.162231,0.977661
0.328613,-0.386597,0.921265
-0.558594,0.004150,0.750854
0.385254,-0.129028,1.052856
-0.165161,-0.319336,0.759277
-0.271729,0.175659,0.959595
0.359131,-0.379761,0.926514
-0.564331,-0.014160,0.729004
0.346069,-0.094238,1.048096
-0.132446,-0.311279,0.769653
-0.323486,0.177002,0.933105
0.381470,-0.371094,0.943481
-0.568359,-0.039062,0.713379
0.281616,-0.050293,1.047241
-0.085571,-0.341064,0.775635
-0.387329,0.185913,0.906372
0.400269,-0.357178,0.956909
-0.546265,-0.084351,0.690674
0.219238,-0.005615,1.026733
-0.026855,-0.365967,0.789673
-0.453247,0.194458,0.878906
0.417847,-0.336548,0.982056
-0.531982,-0.150391,0.670532
0.153320,0.028687,1.022217
0.033081,-0.376831,0.800537
-0.502197,0.202515,0.876587
0.437256,-0.306763,0.988770
-0.484741,-0.179565,0.693604
0.068481,0.070312,1.007324
0.108032,-0.392456,0.824585
-0.538818,0.186401,0.852295
0.441040,-0.283203,0.996826
-0.387573,-0.216553,0.722046
-0.004639,0.102173,1.003418
0.167236,-0.403687,0.838257
-0.565674,0.141968,0.795654
0.423828,-0.237671,1.000854
-0.297363,-0.285278,0.724854
-0.080933,0.125244,0.971191
0.228271,-0.394531,0.857422
-0.578979,0.111084,0.780151
0.417358,-0.202148,1.018188
-0.226440,-0.337524,0.702148
-0.170532,0.152344,0.953613
0.288086,-0.369751,0.891113
-0.582397,0.066040,0.751099
0.380737,-0.152100,1.020752
-0.187744,-0.333130,0.714722
-0.248169,0.156982,0.919434
0.348022,-0.378662,0.906250
-0.578491,0.039062,0.728760
0.330933,-0.088989,1.018555
-0.123779,-0.371948,0.724731
-0.331177,0.185791,0.900146
0.375366,-0.380371,0.906250
-0.558716,0.013916,0.722778
0.276611,-0.037720,1.013916
-0.083740,-0.357056,0.753662
-0.400513,0.211792,0.878540
0.412231,-0.359497,0.936523
-0.552979,-0.038818,0.699707
0.204224,0.000000,1.001831
-0.034912,-0.382446,0.764648
-0.460815,0.217896,0.865601
0.426514,-0.322876,0.957520
-0.515503,-0.086914,0.706177
0.151978,0.062378,1.022217
0.018188,-0.392944,0.772583
-0.512329,0.233521,0.865112
0.446655,-0.327271,0.961792
-0.463379,-0.134033,0.719360
0.093750,0.114136,1.029053
0.087402,-0.389648,0.806396
-0.550415,0.229980,0.841553
0.447388,-0.311035,0.962402
-0.406128,-0.179565,0.729736
0.061768,0.118042,1.021240
0.134766,-0.382080,0.822144
-0.576416,0.213867,0.810669
0.445557,-0.275269,0.973877
-0.354614,-0.221436,0.732544
0.022095,0.113403,1.011475
0.190063,-0.401123,0.845337
-0.601074,0.220093,0.806519
0.442749,-0.243530,0.980103
-0.301636,-0.235596,0.736572
-0.027710,0.133545,0.994629
0.234619,-0.408081,0.861206
-0.594360,0.188843,0.802856
0.433105,-0.198364,0.985962
-0.257812,-0.241089,0.745850
-0.060669,0.142456,0.976196
0.261719,-0.387695,0.870850
-0.590698,0.171265,0.790649
0.427368,-0.177490,1.000732
-0.215820,-0.257690,0.755615
-0.104736,0.153931,0.964478
0.302856,-0.394287,0.890503
-0.584717,0.146851,0.783081
0.413208,-0.158936,0.997803
-0.188599,-0.276489,0.748657
-0.135498,0.174927,0.947876
0.330566,-0.389038,0.897949
-0.588501,0.134521,0.769043
0.410645,-0.147461,1.010254
-0.161621,-0.299805,0.733032
-0.175537,0.178711,0.933838
0.354004,-0.372803,0.906494
-0.570068,0.107178,0.777466
0.392212,-0.122803,1.016357
-0.125732,-0.334961,0.752197
-0.220459,0.188110,0.919556
0.374023,-0.385742,0.909424
-0.565552,0.098022,0.770752
0.381836,-0.115601,1.019043
-0.092773,-0.354492,0.746094
-0.253540,0.192139,0.903564
0.385376,-0.377563,0.907593
-0.554443,0.057129,0.758423
0.363159,-0.089600,1.016846
-0.078369,-0.361694,0.757690
-0.283936,0.174316,0.879028
0.406738,-0.390015,0.911255
-0.545166,0.051147,0.753784
0.329712,-0.058472,1.014404
-0.048462,-0.387817,0.748901
-0.307373,0.176636,0.864014
0.422485,-0.381226,0.927856
-0.541138,0.010010,0.752686
0.288208,-0.045410,0.998901
-0.029053,-0.409424,0.740723
-0.347412,0.183228,0.858276
0.441772,-0.382812,0.934814
-0.523682,-0.031006,0.733765
0.265869,-0.031006,1.005005
0.010132,-0.405151,0.761230
-0.377441,0.178955,0.845703
0.448364,-0.351562,0.946899
-0.504761,-0.058716,0.746094
0.233398,-0.005005,1.013916
0.034912,-0.428711,0.765259
-0.404907,0.189087,0.841431
0.452759,-0.364258,0.940674
-0.494385,-0.071289,0.753296
0.213501,0.011108,1.021240
0.071411,-0.434570,0.770508
-0.435181,0.192383,0.827881
0.459717,-0.351685,0.944702
-0.470703,-0.097412,0.745972
0.185181,0.036987,1.026611
0.093262,-0.436279,0.781006
-0.466919,0.176514,0.817749
0.461792,-0.346069,0.949097
-0.454590,-0.123901,0.740845
0.157715,0.043091,1.021851
0.109619,-0.427490,0.806885
-0.485107,0.170898,0.791382
0.470459,-0.332031,0.967407
-0.425171,-0.157959,0.742798
0.118896,0.060913,1.013550
0.136597,-0.433716,0.813721
-0.499390,0.158569,0.800903
0.480835,-0.334839,0.970581
-0.417725,-0.159058,0.746826
0.096802,0.072510,1.011597
0.157959,-0.430786,0.822876
-0.504028,0.128296,0.786011
0.487549,-0.319702,0.988770
-0.397461,-0.190796,0.746460
0.073364,0.096191,1.026489
0.189941,-0.446289,0.834106
-0.506470,0.120605,0.792969
0.489746,-0.343262,0.977417
-0.385498,-0.184082,0.750854
0.061523,0.100098,1.022217
0.213135,-0.455444,0.840088
-0.517944,0.114990,0.775024
0.490112,-0.323364,0.988159
-0.355957,-0.201538,0.759521
0.046997,0.093994,1.018921
0.230591,-0.462158,0.837769
-0.516846,0.113525,0.777588
0.490112,-0.318970,0.993164
-0.334961,-0.202759,0.778809
0.035278,0.086304,1.020508
0.243042,-0.476807,0.844482
-0.502930,0.105835,0.774414
0.488525,-0.301514,0.995239
-0.320679,-0.192627,0.783936
0.028809,0.098633,1.024292
0.257202,-0.484131,0.845947
-0.497070,0.087769,0.769043
0.485962,-0.311279,0.995361
-0.302002,-0.194580,0.800415
0.031982,0.104248,1.041870
0.261963,-0.475464,0.859009
-0.512451,0.084961,0.772583
0.494751,-0.299072,1.019165
-0.294800,-0.219238,0.792847
0.013550,0.112915,1.031006
0.278931,-0.494751,0.858398
-0.510864,0.086914,0.766357
0.486694,-0.298096,1.011963
-0.281616,-0.229614,0.791260
0.014282,0.106079,1.031616
0.289062,-0.485107,0.875854
-0.506836,0.078125,0.766724
0.491455,-0.281250,1.021851
-0.264038,-0.221191,0.812866
0.001343,0.104126,1.034058
0.306274,-0.480347,0.888428
-0.506470,0.079590,0.773682
0.490112,-0.265991,1.032837
-0.249268,-0.228882,0.809692
0.004395,0.128662,1.049683
0.319458,-0.484619,0.897217
-0.502197,0.082031,0.798096
0.482788,-0.248535,1.034180
-0.228149,-0.236938,0.820923
-0.019287,0.150513,1.053467
0.341675,-0.492432,0.909180
-0.498901,0.089111,0.794434
0.489746,-0.249146,1.054199
-0.211914,-0.228638,0.833618
-0.035400,0.152832,1.047607
0.353516,-0.469360,0.916138
-0.483521,0.072388,0.814453
0.484253,-0.215088,1.062256
-0.193970,-0.235229,0.833862
-0.043457,0.167480,1.049072
0.385254,-0.472412,0.941284
-0.481812,0.074707,0.819580
0.480835,-0.198120,1.073486
-0.162354,-0.232910,0.845703
-0.059692,0.166992,1.044312
0.400757,-0.449463,0.958130
-0.473511,0.051147,0.812012
0.477905,-0.176514,1.078125
-0.125732,-0.249023,0.859985
-0.079590,0.187500,1.057617
0.424072,-0.445923,0.976196
-0.469360,0.041016,0.830078
0.472778,-0.157227,1.089966
-0.092285,-0.253174,0.868164
-0.096558,0.186768,1.055664
0.446045,-0.425537,0.998291
-0.458862,0.014771,0.823120
0.456543,-0.125488,1.097656
-0.049927,-0.288208,0.872559
-0.117676,0.193848,1.049194
0.473511,-0.416748,1.018066
-0.452637,-0.016602,0.820435
0.437988,-0.102417,1.112305
0.008179,-0.315674,0.885498
-0.153564,0.201538,1.040283
0.491821,-0.406006,1.029785
-0.444702,-0.046875,0.815430
0.422485,-0.088623,1.124268
0.052246,-0.345459,0.886475
-0.172363,0.211792,1.033936
0.504028,-0.347778,1.050049
-0.428467,-0.069580,0.817627
0.406494,-0.091064,1.116577
0.082153,-0.360596,0.893188
-0.213135,0.207397,1.018311
0.526855,-0.326416,1.068848
-0.412842,-0.107910,0.794556
0.378662,-0.051636,1.129028
0.102661,-0.369019,0.905273
-0.255371,0.216431,1.004883
0.538818,-0.302246,1.084229
-0.377197,-0.144775,0.809692
0.334351,-0.014893,1.130005
0.137695,-0.375732,0.921875
-0.290283,0.198853,0.992065
0.561401,-0.278687,1.109253
-0.352295,-0.156006,0.809692
0.282715,0.031616,1.126709
0.185669,-0.404419,0.925049
-0.308594,0.164062,0.954102
0.581665,-0.256104,1.123169
-0.330200,-0.174805,0.814941
0.226562,0.070068,1.117432
0.254761,-0.434204,0.944336
-0.339722,0.116089,0.915039
0.580200,-0.241333,1.127075
-0.294800,-0.192749,0.820923
0.177246,0.097656,1.112061
0.298462,-0.437988,0.955200
-0.362793,0.094849,0.898438
0.577026,-0.220581,1.139282
-0.252930,-0.215088,0.840210
0.125488,0.145386,1.111450
0.335449,-0.436035,0.970581
-0.388672,0.091187,0.894043
0.570557,-0.219482,1.137695
-0.219971,-0.221924,0.847656
0.071045,0.173584,1.109009
0.371460,-0.417236,0.985596
-0.411133,0.071777,0.883179
0.567993,-0.200562,1.150391
-0.173096,-0.247925,0.874634
0.019897,0.193115,1.104126
0.399536,-0.396118,1.001831
-0.422729,0.047729,0.872925
0.553589,-0.178467,1.156250
-0.113770,-0.267456,0.883179
-0.029053,0.202271,1.099121
0.425537,-0.378784,1.017578
-0.427246,0.030029,0.854126
0.536743,-0.159302,1.158813
-0.039429,-0.298584,0.899170
-0.072266,0.208984,1.086670
0.434814,-0.360840,1.019409
-0.436401,0.006348,0.847168
0.515503,-0.135132,1.167236
-0.011841,-0.336670,0.885986
-0.109497,0.210693,1.076172
0.462158,-0.334595,1.037598
-0.438110,-0.016968,0.842041
0.481934,-0.099976,1.165894
0.004272,-0.347656,0.881958
-0.160522,0.229736,1.077515
0.488281,-0.316528,1.065674
-0.436523,-0.023926,0.818726
0.441650,-0.056641,1.167358
0.039673,-0.361938,0.896851
-0.218140,0.228516,1.047974
0.509033,-0.299438,1.083496
-0.419067,-0.051025,0.810059
0.390991,-0.019043,1.166748
0.072998,-0.357666,0.897095
-0.268677,0.193970,1.010376
0.538818,-0.293091,1.101440
-0.394775,-0.107666,0.804199
0.317749,0.020508,1.143921
0.133423,-0.367920,0.908569
-0.310059,0.168457,0.965576
0.549683,-0.277588,1.107422
-0.357544,-0.178101,0.785767
0.245239,0.048706,1.133545
0.184448,-0.397583,0.912109
-0.360352,0.140015,0.932251
0.550171,-0.265137,1.109619
-0.325073,-0.204468,0.796753
0.162842,0.091309,1.099121
0.243286,-0.399536,0.933228
-0.395874,0.097534,0.896484
0.544556,-0.237427,1.118286
-0.291260,-0.238037,0.807007
0.087280,0.112427,1.080078
0.287842,-0.387695,0.941528
-0.424805,0.067627,0.866943
0.534180,-0.207520,1.120361
-0.214233,-0.271362,0.821289
0.003540,0.131470,1.058350
0.326782,-0.375488,0.954224
-0.445312,0.031738,0.842651
0.515015,-0.187988,1.131592
-0.141968,-0.320190,0.818481
-0.061523,0.131226,1.038452
0.365356,-0.359497,0.964355
-0.462524,-0.004272,0.808105
0.488647,-0.152710,1.133179
-0.109131,-0.330200,0.804565
-0.148071,0.169312,1.020264
0.402466,-0.345337,0.995239
-0.471069,-0.040283,0.784912
0.437012,-0.106689,1.132690
-0.079956,-0.327881,0.824341
-0.242188,0.195801,1.007324
0.445801,-0.337158,1.020020
-0.468750,-0.067627,0.773926
0.364624,-0.047485,1.128296
-0.033325,-0.326660,0.836426
-0.298218,0.169312,0.961914
0.467407,-0.318604,1.030884
-0.456421,-0.135864,0.746582
0.280762,0.003418,1.110596
0.048096,-0.366211,0.849976
-0.373779,0.176880,0.929199
0.480835,-0.290649,1.045532
-0.424316,-0.182861,0.741699
0.182861,0.033203,1.080933
0.126953,-0.385132,0.871826
-0.432983,0.142822,0.886353
0.497437,-0.252930,1.067383
-0.397583,-0.208008,0.751953
0.076538,0.088135,1.057617
0.196777,-0.400146,0.891113
-0.455566,0.088501,0.850952
0.479004,-0.217041,1.065674
-0.306152,-0.221436,0.774780
-0.008423,0.097168,1.030151
0.253540,-0.416504,0.895020
-0.488159,0.044556,0.813965
0.470703,-0.194702,1.075806
-0.238037,-0.268433,0.769409
-0.087036,0.122192,0.995117
0.301392,-0.402710,0.920532
-0.512695,0.007935,0.767822
0.445435,-0.174805,1.081665
-0.201904,-0.288574,0.755005
-0.190674,0.157104,0.976318
0.355713,-0.388550,0.935059
-0.526733,-0.031128,0.750244
0.395386,-0.125000,1.072144
-0.154663,-0.307373,0.768311
-0.281372,0.182739,0.953979
0.387573,-0.367920,0.963745
-0.533325,-0.066895,0.724487
0.326782,-0.080811,1.075806
-0.099609,-0.343140,0.766479
-0.354614,0.181396,0.911743
0.411499,-0.343750,0.967651
-0.514404,-0.124512,0.713135
0.252686,-0.039185,1.055054
-0.026733,-0.367188,0.794922
-0.437378,0.194458,0.890747
0.433838,-0.304688,1.002686
-0.484009,-0.151245,0.711914
0.149536,0.027832,1.037598
0.064087,-0.391113,0.826294
-0.501343,0.174927,0.861206
0.445679,-0.275269,1.011108
-0.422241,-0.187988,0.738037
0.048950,0.075806,1.025513
0.148804,-0.405029,0.842285
-0.537231,0.127441,0.816406
0.452271,-0.240356,1.031616
-0.321411,-0.253784,0.729614
-0.056274,0.121582,0.994263
0.227783,-0.426025,0.853271
-0.558350,0.084961,0.786255
0.424805,-0.197144,1.029785
-0.243286,-0.299316,0.726318
-0.163574,0.146240,0.972656
0.301025,-0.405396,0.902222
-0.568726,0.034058,0.748169
0.382446,-0.142944,1.038574
-0.185303,-0.321289,0.732544
-0.274170,0.174072,0.929810
0.353027,-0.377075,0.926636
-0.559204,-0.040894,0.723999
0.311401,-0.075317,1.039673
-0.132690,-0.358398,0.742798
-0.376709,0.197388,0.896973
0.395508,-0.358032,0.951050
-0.545288,-0.086304,0.690063
0.208984,-0.005859,1.030762
-0.035400,-0.378052,0.774902
-0.477417,0.212524,0.878052
0.421143,-0.304932,0.979370
-0.489624,-0.166504,0.703125
0.094482,0.081787,1.025146
0.076660,-0.384644,0.812012
-0.543213,0.176025,0.843140
0.433472,-0.268677,0.998535
-0.371704,-0.217529,0.727905
-0.014282,0.114380,0.999023
0.184204,-0.400879,0.850830
-0.568359,0.127808,0.791504
0.417847,-0.206421,1.012207
-0.260742,-0.308960,0.716675
-0.126465,0.141113,0.971802
0.274658,-0.394531,0.877563
-0.584961,0.076172,0.749268
0.392822,-0.161743,1.024292
-0.188354,-0.340088,0.714600
-0.245483,0.161255,0.923950
0.344727,-0.374268,0.904419
-0.578979,0.016602,0.734985
0.314209,-0.077881,1.021362
-0.121826,-0.387817,0.719727
-0.366333,0.197632,0.897095
0.394287,-0.345215,0.935303
-0.549561,-0.053589,0.703247
0.200195,0.005493,1.005005
-0.031860,-0.389771,0.766357
-0.470337,0.214355,0.872437
0.420532,-0.287476,0.981689
-0.479126,-0.133667,0.710571
0.083862,0.083374,1.021729
0.085083,-0.386475,0.814697
-0.549805,0.197754,0.838135
0.434692,-0.256836,0.985107
-0.336182,-0.235840,0.736206
-0.025513,0.129150,0.988770
0.197144,-0.381714,0.846558
-0.584106,0.155273,0.788208
0.422974,-0.201782,1.007202
-0.230469,-0.324951,0.714111
-0.145020,0.157349,0.962280
0.301880,-0.381348,0.887817
-0.586670,0.092896,0.765625
0.385010,-0.129272,1.018921
-0.154175,-0.360107,0.709961
-0.268799,0.175415,0.909180
0.360596,-0.357788,0.913696
-0.559937,0.016968,0.727051
0.289429,-0.040771,1.009277
-0.079590,-0.380615,0.734253
-0.386108,0.207031,0.883179
0.415527,-0.321167,0.947021
-0.517090,-0.081421,0.702881
0.160645,0.053223,1.018066
0.023071,-0.386597,0.777222
-0.492310,0.211914,0.848999
0.434204,-0.267456,0.974243
-0.415894,-0.161377,0.733521
0.052979,0.118408,1.017212
0.136841,-0.381226,0.833130
-0.557983,0.186035,0.816895
0.437988,-0.211670,0.999512
-0.287598,-0.241821,0.741089
-0.055298,0.163208,0.991333
0.245972,-0.380981,0.870361
-0.578247,0.146973,0.787598
0.419067,-0.162598,1.010742
-0.177979,-0.320068,0.738403
-0.167847,0.180542,0.950439
0.334473,-0.385010,0.896606
-0.574951,0.088135,0.762085
0.366455,-0.104004,1.015869
-0.104736,-0.379272,0.713013
-0.286743,0.192871,0.897583
0.388428,-0.358276,0.912842
-0.544312,-0.000244,0.731201
0.272949,-0.036133,0.999878
0.027710,-0.384155,0.789429
-0.521118,0.217163,0.857056
0.436035,-0.262085,0.989502
-0.400024,-0.185791,0.733398
0.028198,0.121826,1.019531
0.141479,-0.396362,0.822510
-0.572388,0.181885,0.809692
0.434448,-0.213379,1.000000
-0.288574,-0.264526,0.729614
-0.071777,0.156738,0.990967
0.248535,-0.389893,0.864868
-0.592163,0.130371,0.778442
0.414062,-0.169312,1.012207
-0.193604,-0.320801,0.721069
-0.175903,0.181274,0.953491
0.330933,-0.369507,0.891968
-0.578857,0.081055,0.749756
0.365112,-0.109253,1.007202
-0.125854,-0.365356,0.709229
-0.291382,0.191650,0.897217
0.389404,-0.362549,0.919067
-0.556396,0.009644,0.716553
0.272705,-0.039429,1.005493
-0.063599,-0.389404,0.726440
-0.393677,0.199097,0.873169
0.421021,-0.317871,0.946533
-0.519653,-0.078735,0.711426
0.165771,0.033569,1.006104
0.020386,-0.389648,0.780396
-0.482788,0.210327,0.851196
0.435303,-0.254639,0.979736
-0.425415,-0.135864,0.739502
0.066895,0.110352,1.019043
0.118652,-0.389038,0.815063
-0.549927,0.181519,0.822266
0.437500,-0.207520,1.000122
-0.318970,-0.213257,0.738770
-0.034424,0.165161,1.003784
0.227173,-0.400391,0.864380
-0.582764,0.157837,0.794189
0.432373,-0.179443,1.001709
-0.202026,-0.298706,0.729126
-0.137207,0.188965,0.964355
0.312866,-0.391235,0.895264
-0.574463,0.097290,0.767334
0.395752,-0.139526,1.011108
-0.123657,-0.360474,0.722534
-0.242310,0.190186,0.905640
0.376099,-0.371460,0.903442
-0.550049,0.025879,0.745850
0.324463,-0.084595,0.997314
-0.049194,-0.390625,0.732910
-0.349121,0.187744,0.860840
0.419678,-0.343384,0.935913
-0.516602,-0.071045,0.721069
0.210815,-0.004395,1.003906
0.015381,-0.398804,0.763794
-0.434082,0.186157,0.840576
0.440918,-0.293701,0.959717
-0.449951,-0.113770,0.748047
0.115356,0.074463,1.009277
0.100830,-0.412354,0.804932
-0.515259,0.182007,0.802734
0.449829,-0.241455,0.988647
-0.351074,-0.174438,0.748413
0.012695,0.145020,1.011841
0.200195,-0.422119,0.838623
-0.562622,0.157715,0.788208
0.450195,-0.213989,0.999512
-0.238525,-0.242310,0.762451
-0.092163,0.188843,0.975708
0.289673,-0.423706,0.874878
-0.572998,0.107178,0.764282
0.427734,-0.186401,1.012817
-0.129517,-0.316406,0.769043
-0.181641,0.194824,0.942017
0.346313,-0.395752,0.893799
-0.555420,0.068970,0.769897
0.374878,-0.132446,1.008789
-0.050415,-0.377808,0.763672
-0.270508,0.177490,0.884766
0.397217,-0.355591,0.926270
-0.531372,-0.019409,0.740356
0.291504,-0.072632,0.994751
0.010620,-0.422363,0.758179
-0.358765,0.161255,0.851196
0.443726,-0.346802,0.948364
-0.490845,-0.083740,0.743652
0.186157,0.017944,1.002808
0.059814,-0.437622,0.770264
-0.428223,0.140015,0.816772
0.456909,-0.293457,0.973145
-0.436890,-0.142700,0.743286
0.104858,0.083984,1.019653
0.127563,-0.445190,0.798950
-0.503296,0.148560,0.793945
0.465332,-0.269409,0.989014
-0.350464,-0.187744,0.755249
0.004761,0.151001,1.014526
0.219971,-0.455566,0.839111
-0.540771,0.109375,0.767700
0.462036,-0.247437,1.004639
-0.253296,-0.222534,0.774658
-0.090576,0.187866,0.993652
0.297607,-0.445190,0.879272
-0.557129,0.088379,0.772461
0.434448,-0.205566,1.020264
-0.144043,-0.280640,0.797241
-0.160645,0.191650,0.968628
0.356689,-0.422241,0.908813
-0.544067,0.055176,0.781372
0.393311,-0.163696,1.010620
-0.048218,-0.366089,0.793945
-0.242920,0.174561,0.919067
0.405151,-0.406128,0.931030
-0.520752,-0.031982,0.751953
0.327637,-0.120972,0.999023
0.021851,-0.418823,0.780029
-0.317017,0.151001,0.872070
0.444336,-0.378540,0.943237
-0.488892,-0.090088,0.751099
0.237915,-0.035278,1.007690
0.071167,-0.452515,0.773071
-0.384155,0.125977,0.837036
0.469482,-0.345337,0.973389
-0.450684,-0.145752,0.738403
0.147949,0.026001,1.004517
0.122070,-0.447632,0.798218
-0.447632,0.121582,0.817993
0.487061,-0.319702,0.994873
-0.388428,-0.182251,0.755249
0.052856,0.087524,1.011841
0.209229,-0.474854,0.834351
-0.477783,0.081665,0.777588
0.490601,-0.284424,1.018555
-0.308228,-0.207642,0.779663
-0.031738,0.134644,1.008179
0.278076,-0.482056,0.861328
-0.508667,0.061157,0.773804
0.461914,-0.234985,1.032471
-0.212036,-0.247925,0.797852
-0.104736,0.172607,0.995972
0.344360,-0.465454,0.907349
-0.517944,0.064209,0.781616
0.433960,-0.192017,1.036133
-0.114258,-0.277588,0.818237
-0.170654,0.180054,0.985840
0.403687,-0.448730,0.925415
-0.502319,0.010986,0.779907
0.384521,-0.132202,1.041260
-0.007568,-0.366943,0.818359
-0.242798,0.186523,0.952637
0.444458,-0.430908,0.955200
-0.475342,-0.075317,0.761230
0.319824,-0.084229,1.034302
0.064941,-0.419067,0.820435
-0.311035,0.168823,0.916138
0.487305,-0.391235,0.978149
-0.437378,-0.128906,0.772583
0.242920,-0.028198,1.033447
0.100708,-0.421143,0.821289
-0.361206,0.137573,0.876343
0.508911,-0.346313,1.015991
-0.393433,-0.178955,0.767822
0.164551,0.021729,1.036987
0.168457,-0.433960,0.848022
-0.413574,0.110352,0.843140
0.508789,-0.306274,1.030396
-0.336182,-0.233643,0.760864
0.081909,0.075439,1.036621
0.258301,-0.462524,0.879395
-0.453369,0.078003,0.806519
0.499023,-0.263916,1.043823
-0.261841,-0.248535,0.793823
0.005005,0.118408,1.037109
0.336182,-0.456543,0.931030
-0.477661,0.070312,0.792480
0.471069,-0.201904,1.056396
-0.168945,-0.223267,0.856079
-0.071899,0.158936,1.038818
0.388306,-0.444458,0.953613
-0.475342,0.035278,0.806763
0.447266,-0.134644,1.076416
-0.075073,-0.265625,0.862183
-0.145752,0.174072,1.023560
0.441406,-0.428101,0.977295
-0.446411,-0.057129,0.789795
0.396851,-0.074585,1.095459
0.033447,-0.355469,0.864868
-0.222290,0.196045,1.006836
0.495850,-0.394043,1.017090
-0.424805,-0.112305,0.782471
0.337402,-0.027588,1.085815
0.101074,-0.369873,0.868530
-0.282715,0.185669,0.971313
0.520752,-0.349243,1.044922
-0.393066,-0.178955,0.780029
0.273193,-0.000244,1.079956
0.151245,-0.382690,0.884766
-0.345337,0.169312,0.930298
0.548340,-0.325073,1.066284
-0.339844,-0.217285,0.785767
0.191895,0.048706,1.086792
0.239502,-0.439087,0.900024
-0.388306,0.109375,0.874146
0.554443,-0.281860,1.078003
-0.285400,-0.228027,0.807861
0.108521,0.100586,1.080078
0.311157,-0.444824,0.933105
-0.424072,0.086060,0.834839
0.535034,-0.221558,1.084961
-0.216309,-0.226807,0.846680
0.034912,0.131714,1.071533
0.382812,-0.432373,0.975586
-0.450195,0.067993,0.839722
0.504639,-0.157104,1.115356
-0.125488,-0.249512,0.875122
-0.042480,0.168091,1.067017
0.426025,-0.408081,1.005127
-0.448120,0.005615,0.827393
0.481812,-0.104736,1.136108
-0.024658,-0.292358,0.895630
-0.131226,0.206421,1.059082
0.477295,-0.400269,1.027100
-0.424805,-0.046021,0.817505
0.435547,-0.062378,1.141602
0.065918,-0.337036,0.908203
-0.192383,0.219604,1.046265
0.515747,-0.352905,1.065063
-0.401978,-0.101196,0.810547
0.378296,-0.015625,1.135498
0.093750,-0.342285,0.914185
-0.260376,0.222412,1.026855
0.554321,-0.307495,1.097778
-0.367432,-0.149292,0.802734
0.298462,0.026245,1.122681
0.182739,-0.380493,0.924316
-0.313354,0.188477,0.970947
0.578491,-0.279175,1.109863
-0.312866,-0.195435,0.821655
0.215820,0.071167,1.112305
0.260742,-0.422241,0.943359
-0.352051,0.112061,0.896362
0.579956,-0.245728,1.121582
-0.263672,-0.232300,0.827026
0.134155,0.111572,1.106812
0.336914,-0.419800,0.972656
-0.395264,0.092896,0.879517
0.560913,-0.201050,1.131348
-0.201050,-0.242310,0.854858
0.052979,0.135620,1.093994
0.397217,-0.398071,1.010620
-0.420410,0.065063,0.862305
0.536743,-0.136108,1.151611
-0.101562,-0.266602,0.881348
-0.037109,0.181641,1.085815
0.447388,-0.377808,1.034180
-0.411011,-0.001587,0.856079
0.496826,-0.082520,1.160522
0.000122,-0.309326,0.892090
-0.113159,0.186401,1.068848
0.489258,-0.345947,1.059204
-0.412720,-0.051514,0.843750
0.447632,-0.034790,1.172119
0.031494,-0.307129,0.900757
-0.196533,0.225464,1.055176
0.531738,-0.310913,1.102295
-0.399536,-0.105591,0.817017
0.376343,0.008789,1.168457
0.101074,-0.353516,0.912231
-0.263672,0.198853,1.011719
0.568970,-0.298706,1.122803
-0.363647,-0.172852,0.802612
0.298340,0.020508,1.137451
0.175903,-0.371460,0.930664
-0.316040,0.143677,0.940186
0.579956,-0.257568,1.133545
-0.299561,-0.229370,0.818970
0.207642,0.062744,1.123291
0.250366,-0.395508,0.943237
-0.366455,0.124756,0.903809
0.570923,-0.211426,1.133179
-0.247437,-0.253662,0.839844
0.123901,0.108032,1.109131
0.320801,-0.410645,0.973511
-0.405029,0.098877,0.883301
0.557739,-0.181274,1.142090
-0.190186,-0.256226,0.856201
0.041504,0.135986,1.097534
0.372192,-0.389648,0.994385
-0.430176,0.054321,0.870972
0.536499,-0.129150,1.153198
-0.102173,-0.281860,0.867432
-0.036255,0.156738,1.083618
0.413086,-0.379028,1.014771
-0.443604,0.006714,0.840454
0.500122,-0.093994,1.164062
-0.055420,-0.291260,0.850464
-0.104492,0.188843,1.067993
0.459351,-0.360352,1.036987
-0.460083,-0.024536,0.829102
0.456787,-0.064331,1.171143
-0.029541,-0.326904,0.855469
-0.181641,0.202515,1.048584
0.496338,-0.331543,1.066284
-0.447266,-0.071045,0.807129
0.397461,-0.028320,1.160034
0.009399,-0.329224,0.865234
-0.250122,0.202759,1.018433
0.532227,-0.308350,1.096436
-0.421875,-0.120850,0.789307
0.333496,-0.002686,1.139893
0.065552,-0.349854,0.869629
-0.307007,0.166504,0.960083
0.541992,-0.290527,1.095581
-0.374023,-0.192505,0.794434
0.259155,0.020142,1.127197
0.123657,-0.381226,0.883789
-0.358887,0.134277,0.900879
0.542725,-0.269043,1.104004
-0.328735,-0.228882,0.790771
0.184204,0.052612,1.110352
0.184814,-0.396240,0.906738
-0.412109,0.124756,0.876831
0.537231,-0.238281,1.092163
-0.302246,-0.245850,0.801025
0.115845,0.083008,1.090942
0.245972,-0.386475,0.930420
-0.447510,0.108521,0.847900
0.523682,-0.199219,1.105225
-0.263672,-0.257202,0.809570
0.038330,0.108765,1.073853
0.291016,-0.392944,0.931885
-0.468140,0.063354,0.833130
0.505981,-0.173584,1.103027
-0.183472,-0.286011,0.813599
-0.023560,0.131836,1.050659
0.333984,-0.403198,0.942871
-0.481812,0.032593,0.808472
0.482666,-0.147705,1.111450
-0.151367,-0.297363,0.791382
-0.097656,0.161133,1.038696
0.372437,-0.382080,0.966675
-0.493286,0.003784,0.800293
0.449219,-0.124878,1.112061
-0.141357,-0.285156,0.787231
-0.179077,0.188232,1.016113
0.421997,-0.357910,0.996704
-0.502075,-0.033203,0.780518
0.409546,-0.091675,1.115234
-0.110962,-0.280640,0.801025
-0.268066,0.191772,0.980347
0.447021,-0.348267,1.016357
-0.484619,-0.091187,0.765503
0.350830,-0.061646,1.105347
-0.067505,-0.310669,0.810303
-0.318726,0.173340,0.937744
0.464233,-0.332031,1.019287
-0.463379,-0.135986,0.752441
0.284058,-0.041016,1.088257
-0.011963,-0.342529,0.822754
-0.384399,0.172607,0.905640
0.471313,-0.300049,1.040161
-0.435547,-0.186035,0.744995
0.213379,0.002197,1.077637
0.055054,-0.365723,0.839722
-0.436157,0.155396,0.871338
0.470703,-0.279053,1.040039
-0.410522,-0.223999,0.734619
0.135498,0.040771,1.062378
0.125000,-0.400513,0.854492
-0.484619,0.149170,0.843384
0.478516,-0.258057,1.043579
-0.382202,-0.234619,0.748413
0.061523,0.084961,1.059082
0.181396,-0.423340,0.861206
-0.503662,0.110718,0.816162
0.466797,-0.241699,1.034302
-0.307007,-0.240234,0.772217
0.003052,0.093506,1.038574
0.236328,-0.430664,0.869385
-0.533325,0.104004,0.798584
0.453003,-0.211304,1.044312
-0.258423,-0.268677,0.752686
-0.069458,0.116699,1.008667
0.284546,-0.431030,0.888306
-0.557007,0.065674,0.776123
0.436890,-0.187256,1.045166
-0.232788,-0.294922,0.736816
-0.152344,0.146484,0.997681
0.325928,-0.424194,0.916260
-0.561279,0.016724,0.750977
0.399414,-0.148193,1.051392
-0.200684,-0.281982,0.748291
-0.230225,0.167847,0.965576
0.364380,-0.393555,0.937012
-0.553955,-0.027222,0.747681
0.355103,-0.108643,1.050049
-0.168579,-0.294678,0.746460
-0.296753,0.170166,0.928955
0.393066,-0.371216,0.957153
-0.543457,-0.081055,0.722778
0.302490,-0.083496,1.050415
-0.128540,-0.342529,0.749756
-0.369385,0.182739,0.902222
0.407471,-0.341309,0.970337
-0.525024,-0.120483,0.702271
0.238770,-0.032959,1.043091
-0.071045,-0.383789,0.766602
-0.429810,0.190796,0.879150
0.420044,-0.328979,0.980591
-0.505005,-0.153076,0.705200
0.174194,-0.000488,1.035767
-0.000488,-0.394409,0.782471
-0.484741,0.203491,0.861694
0.435303,-0.296265,0.993286
-0.473755,-0.166016,0.727295
0.108276,0.043945,1.034668
0.060425,-0.417358,0.798340
-0.525146,0.185547,0.843018
0.438354,-0.281006,0.989380
-0.416748,-0.166626,0.743286
0.056519,0.081299,1.029175
0.121826,-0.426758,0.817383
-0.554565,0.168579,0.809082
0.435669,-0.262451,0.988159
-0.358032,-0.212402,0.744019
0.007812,0.090210,1.017212
0.181030,-0.429565,0.830933
-0.579468,0.150635,0.789673
0.433838,-0.238525,0.995605
-0.307617,-0.252441,0.726196
-0.060059,0.121704,0.993530
0.241455,-0.431519,0.861206
-0.603516,0.133301,0.776123
0.420166,-0.215454,1.003906
-0.257568,-0.277344,0.722168
-0.127075,0.148560,0.980103
0.280762,-0.406250,0.887939
-0.598633,0.093994,0.763428
0.399292,-0.180664,1.010742
-0.219482,-0.300659,0.724121
-0.202148,0.153931,0.949097
0.329834,-0.389771,0.900269
-0.593750,0.051147,0.741943
0.356567,-0.130249,1.021851
-0.181274,-0.337280,0.704712
-0.263794,0.169800,0.916870
0.358521,-0.384399,0.909912
-0.584229,0.017090,0.735229
0.317383,-0.090820,1.015747
-0.146484,-0.359985,0.712524
-0.327637,0.183960,0.895752
0.394043,-0.369263,0.931519
-0.555298,-0.002319,0.729370
0.264160,-0.042358,1.014526
-0.097900,-0.369995,0.735229
-0.395508,0.195923,0.880859
0.406128,-0.345215,0.938354
-0.542603,-0.066040,0.699951
0.216431,-0.001343,1.014771
-0.053467,-0.380737,0.759521
-0.453613,0.216919,0.864868
0.426392,-0.323486,0.960938
-0.515259,-0.099243,0.714600
0.152710,0.049683,1.021973
0.007568,-0.383911,0.775635
-0.499634,0.216797,0.852539
0.429443,-0.297852,0.962769
-0.462891,-0.146362,0.723877
0.105103,0.085938,1.027466
0.075806,-0.393799,0.808228
-0.538696,0.217407,0.836548
0.437134,-0.271240,0.973633
-0.397217,-0.181030,0.738403
0.050171,0.101074,1.012573
0.140259,-0.393066,0.824829
-0.566284,0.202148,0.815186
0.430542,-0.235840,0.984741
-0.333740,-0.241089,0.724731
-0.012817,0.121460,0.998169
0.198608,-0.397583,0.848022
-0.587158,0.181152,0.785645
0.435303,-0.202393,1.003174
-0.260742,-0.269409,0.725830
-0.085327,0.150269,0.976074
0.258545,-0.392700,0.873291
-0.597778,0.160767,0.778931
0.413452,-0.159668,1.012695
-0.207764,-0.299805,0.733643
-0.149658,0.169800,0.947876
0.305542,-0.395996,0.882446
-0.594238,0.135010,0.765381
0.405762,-0.137329,1.020874
-0.167480,-0.336060,0.726807
-0.207275,0.182983,0.939209
0.348511,-0.410522,0.893188
-0.590088,0.104980,0.758179
0.374390,-0.104980,1.020264
-0.126709,-0.348877,0.724121
-0.266602,0.189453,0.911255
0.381470,-0.388184,0.902588
-0.573486,0.060181,0.742798
0.333740,-0.065063,1.013306
-0.091431,-0.372803,0.723999
-0.324463,0.199341,0.890137
0.408325,-0.370972,0.922729
-0.555298,0.008057,0.729614
0.281494,-0.039917,1.003662
-0.055420,-0.365234,0.735840
-0.368408,0.200439,0.874146
0.423706,-0.343750,0.943848
-0.531006,-0.070312,0.712402
0.221313,-0.003784,0.999390
-0.004150,-0.386230,0.765747
-0.420898,0.201904,0.857178
0.433716,-0.315186,0.961914
-0.496094,-0.098145,0.727295
0.172363,0.037231,1.011597
0.027344,-0.383057,0.769531
-0.458740,0.207397,0.847290
0.444824,-0.293457,0.965698
-0.454956,-0.129272,0.744141
0.125366,0.074341,1.016113
0.066772,-0.397583,0.789185
-0.500610,0.201904,0.824219
0.453979,-0.268066,0.982300
-0.408569,-0.147583,0.747803
0.076538,0.096313,1.016602
0.122559,-0.410522,0.803711
-0.543945,0.209473,0.806152
0.463867,-0.248169,0.987305
-0.351440,-0.196411,0.750122
0.020874,0.126709,1.005737
0.176880,-0.420044,0.827271
-0.567505,0.185059,0.786133
0.465088,-0.232666,0.999634
-0.292725,-0.210449,0.758179
-0.039673,0.161133,1.002930
0.231934,-0.423828,0.850098
-0.585571,0.169800,0.776001
0.454346,-0.207642,1.004883
-0.235474,-0.226196,0.765747
-0.077881,0.166992,0.983521
0.285522,-0.419800,0.871460
-0.582886,0.145996,0.767456
0.441650,-0.183228,1.004272
-0.172852,-0.281860,0.775513
-0.134766,0.180054,0.965088
0.325073,-0.415039,0.881348
-0.587891,0.129272,0.773071
0.418335,-0.157593,1.011597
-0.116577,-0.316772,0.776123
-0.175293,0.180786,0.948486
0.356445,-0.399292,0.905640
-0.572021,0.100220,0.772827
0.387329,-0.124756,1.007324
-0.077515,-0.351929,0.771729
-0.237549,0.178833,0.916260
0.390259,-0.390625,0.921997
-0.557617,0.039185,0.751221
0.339111,-0.085693,1.004639
-0.042725,-0.376953,0.756226
-0.281128,0.175659,0.892090
0.413208,-0.372803,0.930664
-0.536743,-0.019409,0.729126
0.288208,-0.067383,0.984253
-0.015137,-0.397217,0.753906
-0.327881,0.167480,0.871338
0.443604,-0.364868,0.948975
-0.516968,-0.047729,0.741455
0.237305,-0.032959,0.987793
0.027466,-0.421875,0.758545
-0.380249,0.155518,0.842041
0.454834,-0.337036,0.961792
-0.483765,-0.092896,0.746826
0.182495,0.011108,0.996704
0.052979,-0.432617,0.763794
-0.426392,0.154785,0.817871
0.470581,-0.332275,0.972534
-0.455933,-0.131958,0.741821
0.137817,0.041382,1.009033
0.087036,-0.437622,0.786621
-0.474854,0.141846,0.797119
0.480713,-0.312134,0.980469
-0.406128,-0.144897,0.761963
0.083130,0.088623,1.007812
0.137695,-0.452637,0.796997
-0.502563,0.127197,0.780762
0.483521,-0.291138,0.988403
-0.359253,-0.180664,0.758301
0.029541,0.121338,1.018188
0.193848,-0.459106,0.818848
-0.532715,0.109131,0.765991
0.477661,-0.269165,0.994629
-0.305420,-0.208252,0.774658
-0.021851,0.148682,1.004272
0.250366,-0.467163,0.845825
-0.546875,0.094116,0.742798
0.458008,-0.247925,1.006348
-0.253540,-0.249023,0.774414
-0.062500,0.158936,1.000366
0.298828,-0.455811,0.875122
-0.562866,0.091797,0.758789
0.439575,-0.222168,1.004395
-0.181152,-0.280640,0.787354
-0.112793,0.175537,0.992065
0.387939,-0.389893,0.911743
-0.561768,0.056274,0.759521
0.351440,-0.099487,1.003052
-0.055664,-0.373291,0.764160
-0.280151,0.178345,0.885254
0.412476,-0.374268,0.934814
-0.543823,0.002075,0.747803
0.303711,-0.065063,0.997070
-0.021851,-0.398315,0.752441
-0.324097,0.168701,0.866089
0.428467,-0.352783,0.941162
-0.525269,-0.042114,0.738037
0.254761,-0.034424,1.000366
0.012573,-0.416504,0.762939
-0.371704,0.166016,0.848755
0.443726,-0.337524,0.963867
-0.497437,-0.082397,0.744385
0.206909,0.004150,1.006226
0.044312,-0.426392,0.765137
-0.413452,0.152954,0.834717
0.462036,-0.330444,0.964478
-0.476196,-0.102173,0.743652
0.169067,0.033691,1.013428
0.087036,-0.432251,0.780518
-0.453247,0.155884,0.811646
0.463989,-0.311035,0.967529
-0.440430,-0.136841,0.743652
0.126953,0.067383,1.010742
0.116699,-0.432617,0.801880
-0.485229,0.149780,0.800293
0.468750,-0.288208,0.979492
-0.400391,-0.166992,0.742310
0.080933,0.102539,1.017944
0.167236,-0.442139,0.812256
-0.520264,0.138428,0.781494
0.472534,-0.286621,0.988159
-0.356934,-0.166260,0.766235
0.027588,0.115479,1.006470
0.214233,-0.443481,0.833130
-0.532593,0.124146,0.769775
0.470093,-0.269775,0.998413
-0.317139,-0.224243,0.756836
-0.023071,0.138672,1.004517
0.258423,-0.462646,0.859985
-0.547241,0.102905,0.756836
0.461182,-0.253662,0.998047
-0.254883,-0.257080,0.770142
-0.074219,0.150391,0.989746
0.293945,-0.459595,0.862183
-0.547241,0.087280,0.766602
0.448486,-0.223633,1.014282
-0.203491,-0.249146,0.800659
-0.110840,0.151978,0.978760
0.318115,-0.448486,0.877075
-0.546143,0.082520,0.771606
0.431519,-0.183228,1.027832
-0.143677,-0.291748,0.798706
-0.154297,0.162720,0.967529
0.356079,-0.442261,0.899780
-0.545410,0.071411,0.764038
0.410278,-0.150024,1.030151
-0.089966,-0.331543,0.801147
-0.184570,0.156616,0.949341
0.385620,-0.438843,0.909790
-0.541870,0.037720,0.762573
0.380859,-0.124634,1.024414
-0.041138,-0.359741,0.797363
-0.231445,0.158081,0.933228
0.409546,-0.430420,0.927002
-0.527710,-0.016113,0.751709
0.344849,-0.095703,1.018433
0.002197,-0.391846,0.793579
-0.269653,0.160278,0.918579
0.438232,-0.417114,0.947144
-0.504517,-0.065430,0.744385
0.299561,-0.057007,1.013916
0.042480,-0.428101,0.784912
-0.315063,0.157715,0.900269
0.467285,-0.402954,0.962280
-0.484009,-0.096313,0.744751
0.257690,-0.026001,1.023682
0.078369,-0.441528,0.796875
-0.351807,0.145264,0.874146
0.488159,-0.386963,0.974487
-0.455322,-0.137939,0.747681
0.212158,-0.008179,1.018555
0.106323,-0.440063,0.794189
-0.384644,0.152710,0.861206
0.493652,-0.357910,0.996216
-0.424194,-0.162842,0.754883
0.165405,0.015381,1.017944
0.134155,-0.435059,0.820068
-0.418457,0.128662,0.849976
0.510376,-0.325195,1.008911
-0.384277,-0.210205,0.750244
0.107056,0.051147,1.017090
0.187500,-0.444824,0.842529
-0.444946,0.091797,0.811035
0.507935,-0.303589,1.023926
-0.340942,-0.202148,0.782227
0.060181,0.076050,1.025146
0.237915,-0.470825,0.852173
-0.455322,0.062744,0.790283
0.498291,-0.276001,1.026611
-0.291992,-0.212646,0.797729
0.011841,0.107544,1.022705
0.282227,-0.474731,0.872314
-0.480347,0.050049,0.777588
0.480835,-0.240234,1.043945
-0.234863,-0.246460,0.803223
-0.031738,0.130737,1.028076
0.322388,-0.465088,0.909180
-0.496216,0.059937,0.790283
0.475464,-0.209473,1.052734
-0.170654,-0.250000,0.833252
-0.082764,0.150513,1.022705
0.360840,-0.467896,0.925293
-0.493774,0.059204,0.795654
0.460205,-0.183105,1.066162
-0.114258,-0.272339,0.841187
-0.118042,0.172607,1.026001
0.407593,-0.453735,0.946655
-0.489136,0.027222,0.792358
0.435669,-0.148682,1.062378
-0.046387,-0.320923,0.836670
-0.160767,0.174805,1.011597
0.445923,-0.436646,0.970825
-0.482300,-0.014282,0.776001
0.402832,-0.112305,1.055176
0.017578,-0.352173,0.840210
-0.200562,0.177246,0.995117
0.470825,-0.412476,0.996704
-0.467163,-0.063599,0.776978
0.371826,-0.088135,1.068481
0.056396,-0.392944,0.846680
-0.242554,0.184204,0.978394
0.500488,-0.387695,1.018188
-0.439331,-0.107056,0.780518
0.324585,-0.048950,1.069214
0.081055,-0.386353,0.852905
-0.280762,0.178955,0.961548
0.526367,-0.363892,1.035889
-0.420166,-0.143921,0.779785
0.278809,-0.025269,1.068848
0.114380,-0.389160,0.867920
-0.317139,0.155396,0.940918
0.540283,-0.333984,1.053711
-0.385132,-0.170654,0.782593
0.228760,0.011108,1.061157
0.161987,-0.403076,0.884155
-0.345459,0.126831,0.904785
0.557983,-0.299438,1.088135
-0.350220,-0.199463,0.790894
0.181030,0.058838,1.066772
0.222656,-0.435303,0.889404
-0.375000,0.100342,0.877075
0.562500,-0.278076,1.086182
-0.312988,-0.221313,0.791504
0.131836,0.093140,1.067261
0.276001,-0.450684,0.915771
-0.399292,0.061157,0.842651
0.544800,-0.255737,1.091064
-0.255737,-0.238037,0.815430
0.092773,0.120605,1.074829
0.323486,-0.450073,0.933350
-0.424316,0.071411,0.833130
0.542236,-0.225220,1.095581
-0.219727,-0.235474,0.839722
0.045532,0.147583,1.078613
0.369385,-0.447266,0.952637
-0.441772,0.075195,0.837402
0.524414,-0.197876,1.111450
-0.170410,-0.240112,0.845581
-0.004150,0.174927,1.079590
0.403931,-0.421021,0.992676
-0.448242,0.064209,0.844360
0.508911,-0.165527,1.112061
-0.111816,-0.249023,0.878662
-0.044678,0.183594,1.077271
0.442505,-0.404907,1.011353
-0.443604,0.029785,0.837524
0.494141,-0.129761,1.124390
-0.030640,-0.283325,0.884155
-0.098022,0.200562,1.078125
0.471069,-0.385986,1.027344
-0.440308,-0.005615,0.833740
0.464722,-0.100098,1.133789
0.024902,-0.333374,0.893311
-0.146851,0.211304,1.063599
0.504517,-0.363403,1.052490
-0.432495,-0.043823,0.821899
0.426147,-0.062744,1.137817
0.049072,-0.343872,0.891968
-0.190430,0.208862,1.049438
0.532715,-0.344849,1.078613
-0.413940,-0.083130,0.811279
0.382324,-0.025391,1.140015
0.078857,-0.342773,0.902100
-0.242798,0.202881,1.032227
0.559326,-0.308838,1.105469
-0.382812,-0.118530,0.804321
0.332520,0.017822,1.134766
0.139282,-0.371704,0.917725
-0.284424,0.181885,0.993042
0.580566,-0.288086,1.119629
-0.347534,-0.166748,0.811279
0.274658,0.045654,1.128906
0.199585,-0.395996,0.928223
-0.324219,0.135864,0.941406
0.583008,-0.278320,1.126587
-0.302979,-0.211548,0.817627
0.218628,0.085327,1.124390
0.258545,-0.415771,0.949463
-0.362549,0.102539,0.892700
0.586670,-0.248535,1.129028
-0.258911,-0.220581,0.844604
0.153442,0.115845,1.122559
0.313477,-0.415771,0.965454
-0.394409,0.110107,0.894653
0.571655,-0.214355,1.132324
-0.211792,-0.237793,0.860352
0.081299,0.148193,1.103271
0.367188,-0.406860,0.991333
-0.418945,0.090332,0.875610
0.552979,-0.186523,1.148071
-0.160645,-0.252808,0.865723
0.014771,0.168091,1.101562
0.410156,-0.385010,1.016602
-0.425903,0.047607,0.863281
0.531494,-0.143921,1.152954
-0.080566,-0.288452,0.882324
-0.043701,0.194946,1.093018
0.442871,-0.379883,1.031494
-0.430054,0.019165,0.853149
0.512207,-0.108032,1.164429
-0.009277,-0.312500,0.898804
-0.099609,0.191772,1.073242
0.477905,-0.351929,1.051758
-0.427368,-0.019165,0.841919
0.470337,-0.061523,1.173950
0.004761,-0.326782,0.890137
-0.156860,0.201660,1.058472
0.504517,-0.329590,1.079834
-0.415283,-0.053711,0.831665
0.435791,-0.028076,1.177490
0.036621,-0.341187,0.899902
-0.221313,0.216309,1.049316
0.538696,-0.304443,1.111084
-0.391724,-0.091675,0.817261
0.381592,0.013672,1.170532
0.083008,-0.348755,0.902222
-0.281738,0.212280,1.010864
0.566284,-0.304932,1.116455
-0.369019,-0.144287,0.815918
0.321777,0.051636,1.154907
0.148071,-0.377930,0.917358
-0.320190,0.166626,0.963013
0.574463,-0.295044,1.111694
-0.332031,-0.187988,0.811890
0.253418,0.076782,1.149170
0.208374,-0.395264,0.930664
-0.359009,0.141724,0.931763
0.573486,-0.273682,1.114624
-0.301270,-0.216187,0.828979
0.185669,0.099976,1.127441
0.266846,-0.389282,0.949463
-0.391113,0.121704,0.905029
0.568481,-0.239014,1.124512
-0.263794,-0.247437,0.825073
0.119873,0.119995,1.116577
0.310425,-0.386108,0.967041
-0.409546,0.082153,0.889771
0.549683,-0.211792,1.126343
-0.221680,-0.283081,0.832520
0.046997,0.120483,1.089233
0.354126,-0.383667,0.977905
-0.425049,0.053467,0.875122
0.529541,-0.169556,1.141113
-0.134766,-0.320679,0.841553
-0.009033,0.132812,1.068604
0.374878,-0.365723,0.990967
-0.435425,0.024170,0.839722
0.518066,-0.138184,1.152222
-0.093140,-0.336792,0.839966
-0.082764,0.153809,1.047852
0.413818,-0.353516,1.011353
-0.452271,-0.003906,0.826416
0.488403,-0.099609,1.161865
-0.071289,-0.326782,0.836548
-0.154419,0.182983,1.043823
0.446289,-0.344238,1.028076
-0.448486,-0.051880,0.810181
0.443359,-0.057983,1.163818
-0.048340,-0.317993,0.846069
-0.220215,0.201294,1.028320
0.478516,-0.333252,1.049438
-0.444946,-0.077881,0.791138
0.388672,-0.025391,1.157837
-0.004272,-0.324951,0.854370
-0.277466,0.191528,0.997559
0.509399,-0.316650,1.065186
-0.431274,-0.116455,0.775879
0.333984,-0.000244,1.130127
0.049072,-0.346680,0.869385
-0.320923,0.161499,0.941040
0.518799,-0.301636,1.070801
-0.393066,-0.180908,0.765747
0.254517,0.032104,1.127686
0.124756,-0.369751,0.880615
-0.379028,0.163208,0.923096
0.522339,-0.274048,1.079834
-0.364380,-0.230103,0.768433
0.180054,0.059570,1.100708
0.180908,-0.385986,0.894043
-0.429321,0.144897,0.891968
0.519653,-0.253052,1.081299
-0.336792,-0.245239,0.777832
0.099609,0.073853,1.072632
0.223145,-0.379150,0.900513
-0.446655,0.106079,0.856689
0.514404,-0.228149,1.087769
-0.272949,-0.283447,0.788696
0.016968,0.094482,1.059082
0.270142,-0.380981,0.923218
-0.463867,0.066650,0.827148
0.504639,-0.192505,1.098511
-0.206055,-0.325195,0.789551
-0.053223,0.118042,1.035522
0.322388,-0.398682,0.937744
-0.485596,0.032837,0.808228
0.476562,-0.164795,1.107422
-0.173340,-0.317139,0.773926
-0.128296,0.144165,1.010986
0.364014,-0.384521,0.953247
-0.502686,0.007935,0.792114
0.449219,-0.121826,1.111206
-0.148682,-0.319946,0.778931
-0.204590,0.174927,0.999512
0.401978,-0.370117,0.978394
-0.508179,-0.033936,0.768799
0.399902,-0.085571,1.114136
-0.115723,-0.300781,0.807129
-0.282837,0.192017,0.973511
0.429688,-0.354736,0.999512
-0.493530,-0.083008,0.756104
0.339478,-0.045654,1.106689
-0.059082,-0.322388,0.814331
-0.345947,0.166748,0.925415
0.456909,-0.342163,1.009155
-0.460815,-0.131104,0.731323
0.264526,0.004028,1.101685
0.008911,-0.346313,0.827637
-0.417847,0.162231,0.892212
0.463135,-0.307617,1.020996
-0.432861,-0.192383,0.725708
0.191162,0.036987,1.069702
0.082886,-0.354980,0.855103
-0.469971,0.157104,0.863281
0.464844,-0.279785,1.036987
-0.412964,-0.238892,0.732422
0.106689,0.062500,1.052368
0.156738,-0.383911,0.860840
-0.504395,0.128296,0.832886
0.452515,-0.256958,1.032471
-0.324829,-0.265503,0.759766
0.037720,0.083984,1.033081
0.201538,-0.401855,0.873169
-0.525513,0.104248,0.818237
0.440918,-0.232178,1.036865
-0.275513,-0.289673,0.740845
-0.046509,0.102539,1.015259
0.260132,-0.391235,0.891724
-0.545288,0.066895,0.781982
0.432251,-0.202148,1.042603
-0.236206,-0.301147,0.731567
-0.135742,0.134888,0.985840
0.321167,-0.376099,0.925049
-0.551758,0.022583,0.759888
0.397949,-0.151978,1.055664
-0.204956,-0.307373,0.739990
-0.234131,0.169434,0.969849
0.369751,-0.379883,0.940430
-0.541626,-0.023926,0.742920
0.344238,-0.096680,1.056274
-0.167969,-0.316650,0.747925
-0.306519,0.168091,0.923828
0.399536,-0.377319,0.956543
-0.529663,-0.071899,0.723145
0.294678,-0.054077,1.059326
-0.110474,-0.346558,0.756836
-0.386963,0.182739,0.900024
0.430176,-0.358765,0.975098
-0.508667,-0.099487,0.718262
0.229614,-0.014648,1.050171
-0.039673,-0.357056,0.780640
-0.460449,0.202271,0.877197
0.433594,-0.330566,0.982422
-0.487183,-0.159668,0.717163
0.150513,0.036865,1.037842
0.037964,-0.395264,0.808350
-0.515137,0.180420,0.845215
0.444946,-0.304810,1.004272
-0.425903,-0.187378,0.736450
0.074951,0.072754,1.034058
0.114868,-0.400269,0.824341
-0.551880,0.165283,0.823486
0.446899,-0.272705,0.998413
-0.353882,-0.213501,0.754272
0.011475,0.099243,1.018555
0.181274,-0.418091,0.846191
-0.580933,0.140015,0.782104
0.429321,-0.238647,0.999512
-0.288574,-0.261841,0.734253
-0.061279,0.127319,0.994019
0.237549,-0.414795,0.855713
-0.593140,0.108643,0.781738
0.418945,-0.212524,1.008667
-0.245972,-0.305298,0.710815
-0.144287,0.163818,0.983398
0.291626,-0.421509,0.883911
-0.598877,0.068481,0.758545
0.378296,-0.166626,1.007202
-0.211426,-0.317261,0.710083
-0.210815,0.158081,0.952026
0.343384,-0.407959,0.899780
-0.603394,0.039062,0.749023
0.342285,-0.126587,1.016357
-0.182861,-0.315796,0.722290
-0.274292,0.161987,0.921387
0.368774,-0.391724,0.918945
-0.584961,0.000488,0.718506
0.293457,-0.067505,1.026733
-0.125732,-0.350098,0.742676
-0.357910,0.185181,0.890991
0.398193,-0.365601,0.936646
-0.551025,-0.048828,0.709839
0.224121,-0.019165,1.021729
-0.068115,-0.373047,0.756470
-0.430908,0.203857,0.881592
0.423706,-0.348389,0.958862
-0.524780,-0.114746,0.700439
0.147095,0.032593,1.020996
-0.005981,-0.378784,0.772827
-0.501343,0.213867,0.863403
0.438965,-0.316040,0.969482
-0.459351,-0.176147,0.711548
0.079712,0.093628,1.028687
0.067505,-0.400879,0.795776
-0.554321,0.216187,0.835938
0.442749,-0.276489,0.986694
-0.367065,-0.200195,0.743164
0.011230,0.116211,1.016113
0.152222,-0.404297,0.820190
-0.584106,0.183472,0.802612
0.429077,-0.236450,0.985718
-0.286499,-0.273926,0.727539
-0.075928,0.131348,0.985596
0.237427,-0.407837,0.856567
-0.605347,0.141602,0.775146
0.407715,-0.175537,1.001343
-0.226929,-0.298462,0.726318
-0.154907,0.151733,0.964722
0.301636,-0.392944,0.889648
-0.603516,0.101074,0.753662
0.372437,-0.133057,1.008789
-0.165405,-0.344849,0.711670
-0.244385,0.169189,0.934692
0.360352,-0.379150,0.910278
-0.589478,0.046997,0.731934
0.303345,-0.076172,1.007935
-0.106201,-0.374756,0.721924
-0.347168,0.185425,0.888428
0.405273,-0.351929,0.938110
-0.552979,-0.028198,0.710449
0.207520,0.003296,0.998657
-0.048706,-0.367188,0.758423
-0.442017,0.187988,0.867920
0.428711,-0.314697,0.969238
-0.494019,-0.117310,0.713379
0.106079,0.088135,1.011230
0.041260,-0.371948,0.795166
-0.518799,0.188599,0.849365
0.452148,-0.274658,0.993774
-0.392334,-0.183228,0.728394
0.014160,0.137329,1.001465
0.161743,-0.383911,0.825439
-0.567871,0.154663,0.796509
0.442871,-0.221924,1.004395
-0.270752,-0.262573,0.735474
-0.094727,0.164917,0.970215
0.266602,-0.374268,0.873169
-0.582031,0.130127,0.775635
0.409546,-0.165283,1.009644
-0.174316,-0.331421,0.732056
-0.209717,0.176147,0.923828
0.346924,-0.366211,0.902710
-0.569336,0.046143,0.741089
0.332886,-0.087769,1.008423
-0.096558,-0.379395,0.733398
-0.331543,0.190186,0.883545
0.400513,-0.331299,0.933838
-0.542725,-0.039185,0.707153
0.227783,-0.009033,1.012451
-0.022095,-0.414062,0.748901
-0.435181,0.205322,0.856689
0.425659,-0.284058,0.957153
-0.486084,-0.100464,0.721680
0.111450,0.076538,1.015991
0.081909,-0.408691,0.806519
-0.526001,0.208008,0.837769
0.440552,-0.227661,0.984375
-0.367798,-0.153687,0.745850
0.005493,0.129517,0.997192
0.198853,-0.414185,0.839355
-0.581909,0.164429,0.795898
0.437500,-0.177856,1.010620
-0.242188,-0.244629,0.741089
-0.115601,0.178101,0.965332
0.300415,-0.409424,0.875244
-0.590454,0.109863,0.778564
0.409180,-0.158936,1.016846
-0.141113,-0.310791,0.743530
-0.228271,0.186890,0.923340
0.360474,-0.372803,0.904785
-0.555054,0.041626,0.754883
0.345093,-0.100220,1.011230
-0.076050,-0.358398,0.741455
-0.317017,0.196655,0.871582
0.409058,-0.331055,0.927124
-0.532349,-0.046143,0.729492
0.246704,-0.033691,1.000732
-0.012451,-0.415771,0.744263
-0.400146,0.197632,0.845337
0.434570,-0.294556,0.955078
-0.488770,-0.084961,0.728149
0.151733,0.037476,1.012695
0.056152,-0.434692,0.772705
-0.479248,0.190674,0.826904
0.447388,-0.248901,0.974243
-0.421753,-0.109985,0.751099
0.086792,0.099487,1.020630
0.128052,-0.436279,0.796753
-0.540039,0.189697,0.809937
0.461304,-0.225464,0.990112
-0.340698,-0.148315,0.755615
-0.006958,0.151245,1.012207
0.213501,-0.418945,0.842407
-0.582031,0.143066,0.786011
0.451050,-0.201172,1.009033
-0.242920,-0.230103,0.760986
-0.093872,0.167969,0.968262
0.289307,-0.414917,0.880737
-0.576782,0.111816,0.769897
0.425659,-0.169556,1.013550
-0.149414,-0.273926,0.776489
-0.168457,0.177612,0.936768
0.349243,-0.401855,0.900391
-0.573364,0.072510,0.763550
0.381226,-0.123901,1.011230
-0.082764,-0.343506,0.758423
-0.241211,0.176880,0.900024
0.386475,-0.381348,0.911865
-0.546265,-0.010986,0.744141
0.314575,-0.075317,0.996948
-0.027832,-0.390259,0.742065
-0.329590,0.169189,0.865723
0.437012,-0.362061,0.936646
-0.526001,-0.060425,0.732910
0.222900,-0.020874,0.992676
0.029175,-0.416138,0.763306
-0.408569,0.167847,0.834595
0.450317,-0.320801,0.958740
-0.467163,-0.100342,0.748657
0.139771,0.038574,1.006714
0.084595,-0.422363,0.787354
-0.481201,0.165771,0.810547
0.467529,-0.283569,0.981567
-0.408447,-0.138916,0.750000
0.048462,0.111084,1.012329
0.170532,-0.441528,0.815552
-0.530151,0.146851,0.792969
0.476196,-0.251953,0.995361
-0.317993,-0.185303,0.766357
-0.038208,0.154785,0.998413
0.254150,-0.444336,0.859619
-0.558228,0.106323,0.756958
0.453003,-0.219971,1.015869
-0.199219,-0.251343,0.787109
-0.125488,0.174683,0.959229
0.321655,-0.417725,0.886719
-0.561523,0.081177,0.762085
0.407471,-0.158447,1.012817
-0.085571,-0.331421,0.787231
-0.200928,0.173462,0.934448
0.359863,-0.397095,0.906860
-0.538940,0.029907,0.754761
0.356323,-0.105103,1.012939
-0.023926,-0.381714,0.770752
-0.286255,0.160156,0.889038
0.425171,-0.398193,0.928955
-0.529053,-0.043213,0.727905
0.265747,-0.050171,0.999878
0.026733,-0.425049,0.756470
-0.358032,0.151367,0.857300
0.457886,-0.374756,0.951416
-0.483643,-0.109009,0.740356
0.072266,0.107300,1.009766
0.063110,-0.437256,0.765625
-0.534180,0.183838,0.795898
0.466187,-0.243652,0.994019
-0.314819,-0.162598,0.775635
-0.010132,0.144531,1.002197
0.211914,-0.406128,0.852417
-0.565552,0.153687,0.772461
0.462769,-0.206787,1.007324
-0.222290,-0.236572,0.772583
-0.089233,0.173950,0.979492
0.291748,-0.421753,0.869629
-0.582031,0.125122,0.764282
0.428711,-0.155518,1.020386
-0.124268,-0.302734,0.782104
-0.176025,0.172729,0.941528
0.357788,-0.412842,0.904907
-0.564331,0.068359,0.754639
0.365356,-0.090820,1.017090
-0.065918,-0.369019,0.746948
-0.266846,0.183350,0.890381
0.412598,-0.390625,0.931885
-0.543945,-0.027100,0.726440
0.284302,-0.044067,0.996094
-0.008789,-0.399292,0.748169
-0.356934,0.177124,0.857422
0.448242,-0.367798,0.944336
-0.504395,-0.084717,0.739624
0.196533,0.020264,1.008301
0.038696,-0.420166,0.753906
-0.438354,0.170654,0.831299
0.470215,-0.320435,0.970703
-0.435303,-0.151489,0.748291
0.110229,0.064331,1.016968
0.090088,-0.413330,0.788574
-0.508179,0.157837,0.792725
0.475098,-0.288086,0.979614
-0.349609,-0.173218,0.779175
0.013062,0.122559,1.011108
0.193726,-0.425903,0.838623
-0.551025,0.124634,0.765381
0.470093,-0.247437,0.993774
-0.231079,-0.214844,0.799316
-0.076538,0.152222,0.984497
0.277710,-0.419678,0.868164
-0.565552,0.089722,0.769287
0.423706,-0.171387,1.011353
-0.116455,-0.312744,0.787964
-0.164673,0.168701,0.944214
0.357666,-0.399414,0.913574
-0.545776,0.041992,0.756226
0.366333,-0.112549,1.005615
-0.042969,-0.383179,0.763306
-0.261719,0.154541,0.890747
0.414429,-0.377441,0.937134
-0.516846,-0.055054,0.743164
0.277222,-0.054688,0.999268
0.026245,-0.434937,0.752319
-0.364746,0.151733,0.841675
0.462891,-0.358398,0.964722
-0.467773,-0.125244,0.740112
0.171753,0.019775,1.008057
0.077515,-0.450684,0.769287
-0.456909,0.136597,0.806763
0.483887,-0.320557,0.976807
-0.395630,-0.160767,0.761108
0.067017,0.094360,1.012329
0.165039,-0.439453,0.819824
-0.525269,0.112549,0.762207
0.465210,-0.279541,0.994141
-0.279663,-0.208130,0.789551
-0.030029,0.136475,1.010986
0.271484,-0.455322,0.862061
-0.568970,0.099731,0.754028
0.427734,-0.225098,1.003418
-0.136230,-0.309814,0.794922
-0.114868,0.152710,0.973999
0.342163,-0.404785,0.916504
-0.552124,0.051392,0.752441
0.370850,-0.150513,1.003662
-0.045654,-0.385742,0.778564
-0.213623,0.139771,0.923950
0.420532,-0.384766,0.951782
-0.517944,-0.052246,0.738647
0.281738,-0.077515,0.993652
0.014282,-0.443115,0.763428
-0.315308,0.103394,0.860107
0.476562,-0.350830,0.986694
-0.469849,-0.087524,0.755981
0.184937,0.010620,1.005249
0.078491,-0.477539,0.761108
-0.402100,0.119995,0.822632
0.486816,-0.330200,0.987061
-0.402710,-0.134644,0.770752
0.083984,0.074219,1.019043
0.163330,-0.481567,0.799683
-0.483276,0.109619,0.786377
0.500610,-0.296143,1.012817
-0.309692,-0.197266,0.779785
-0.017822,0.145630,1.024170
0.256958,-0.485840,0.844971
-0.520996,0.067383,0.768433
0.468262,-0.269287,1.008789
-0.182373,-0.254395,0.813477
-0.098022,0.179443,1.008545
0.329224,-0.429565,0.904175
-0.540161,0.071777,0.781738
0.416626,-0.197754,1.024536
-0.064575,-0.352905,0.811890
-0.178711,0.159424,0.970337
0.397461,-0.401611,0.951904
-0.511841,-0.003174,0.763306
0.341797,-0.117676,1.014526
0.027466,-0.447266,0.792603
-0.259644,0.127930,0.917114
0.456909,-0.373779,0.975830
-0.465454,-0.084351,0.753906
0.248413,-0.026733,1.015137
0.078857,-0.465088,0.780029
-0.358765,0.094849,0.856323
0.501465,-0.349731,1.011353
-0.415771,-0.159424,0.751831
0.148438,0.055908,1.034424
0.145508,-0.450562,0.811890
-0.443481,0.107056,0.826050
0.513184,-0.350464,1.014404
-0.338745,-0.212646,0.778564
0.068115,0.102295,1.036255
0.234497,-0.453979,0.858521
-0.484741,0.098755,0.794556
0.498901,-0.312378,1.017944
-0.252197,-0.250977,0.809570
-0.031616,0.146484,1.033813
0.308350,-0.444702,0.905518
-0.508911,0.082520,0.787598
0.465454,-0.230713,1.037354
-0.138428,-0.264038,0.844238
-0.097046,0.177979,1.033203
0.374756,-0.432373,0.937866
-0.507324,0.056519,0.791016
0.428223,-0.173340,1.042725
-0.033936,-0.336670,0.858643
-0.166016,0.154541,1.005615
0.432495,-0.417358,0.970459
-0.483154,-0.015015,0.776123
0.366089,-0.078613,1.053345
0.039551,-0.385986,0.835449
-0.226807,0.126587,0.950562
0.482910,-0.393555,1.009888
-0.456543,-0.101685,0.768311
0.302612,-0.022827,1.058105
0.086182,-0.402710,0.833618
-0.300659,0.129028,0.917236
0.517700,-0.384888,1.021851
-0.406616,-0.166748,0.782959
0.234375,0.013062,1.057739
0.120361,-0.392212,0.842896
-0.350708,0.134521,0.898193
0.537231,-0.360352,1.039795
-0.384033,-0.196777,0.776001
0.153564,0.053467,1.045044
0.198364,-0.440552,0.856689
-0.390625,0.100342,0.860596
0.546875,-0.323120,1.058105
-0.327271,-0.216431,0.782715
0.092163,0.100098,1.049438
0.263794,-0.451904,0.886230
-0.436646,0.075317,0.819824
0.528198,-0.281006,1.063965
-0.247070,-0.259155,0.817993
0.030640,0.138672,1.063843
0.321899,-0.449463,0.912354
-0.468994,0.080566,0.807251
0.514893,-0.242798,1.069824
-0.175171,-0.271606,0.850098
-0.032104,0.170166,1.072266
0.370239,-0.425659,0.954224
-0.479980,0.080811,0.828125
0.486084,-0.195679,1.075562
-0.090454,-0.292969,0.869141
-0.086304,0.178467,1.060425
0.415771,-0.413330,0.986694
-0.465698,0.039429,0.808594
0.452515,-0.134888,1.090088
-0.025146,-0.313477,0.863892
-0.135376,0.177979,1.051880
0.472412,-0.398560,1.017822
-0.453735,-0.017944,0.803101
0.403076,-0.080078,1.088867
0.059204,-0.372803,0.868042
-0.189941,0.188354,1.032349
0.508667,-0.379639,1.045166
-0.428833,-0.065430,0.794434
0.361206,-0.025391,1.096924
0.094238,-0.370605,0.871216
-0.248169,0.172485,0.994995
0.543823,-0.341187,1.067261
-0.391235,-0.149902,0.789307
0.293701,0.021851,1.097046
0.137085,-0.378662,0.890259
-0.315552,0.158691,0.949829
0.568115,-0.335571,1.095825
-0.350708,-0.197998,0.792358
0.223877,0.056641,1.090332
0.211426,-0.405884,0.903687
-0.358643,0.123047,0.901367
0.577271,-0.304565,1.098633
-0.294067,-0.232788,0.812988
0.154053,0.098999,1.085449
0.278687,-0.425049,0.926636
-0.398315,0.096802,0.863770
0.570923,-0.271118,1.104980
-0.236450,-0.247192,0.836792
0.081665,0.143555,1.093384
0.336304,-0.415527,0.951172
-0.432007,0.075195,0.851562
0.553955,-0.229980,1.123047
-0.178101,-0.254272,0.855225
0.013184,0.183594,1.091797
0.391235,-0.395630,0.991821
-0.442505,0.068848,0.845459
0.520996,-0.176025,1.122070
-0.088989,-0.276733,0.886230
-0.049316,0.195312,1.086548
0.443481,-0.378052,1.027466
-0.450073,0.023438,0.838501
0.484985,-0.127686,1.136597
0.000977,-0.336304,0.898438
-0.106689,0.197510,1.081787
0.491699,-0.359863,1.049316
-0.428345,-0.016235,0.832153
0.432861,-0.069824,1.144409
0.052979,-0.381592,0.882935
-0.165894,0.165161,1.044067
0.532104,-0.327148,1.093384
-0.399658,-0.055908,0.829834
0.382812,0.007568,1.147827
0.083374,-0.348267,0.906860
-0.243164,0.166504,1.009888
0.558228,-0.311523,1.118042
-0.361450,-0.129517,0.818970
0.310791,0.053589,1.142822
0.159302,-0.369995,0.925781
-0.300293,0.158203,0.965820
0.580688,-0.302002,1.123169
-0.318481,-0.213989,0.813354
0.240234,0.079590,1.120850
0.228882,-0.402100,0.920776
-0.348511,0.131836,0.918579
0.596313,-0.289307,1.129395
-0.279297,-0.231445,0.828247
0.167969,0.120972,1.118774
0.293213,-0.407837,0.945312
-0.391724,0.120483,0.892822
0.588135,-0.262817,1.121826
-0.231567,-0.262573,0.843994
0.104492,0.144775,1.104980
0.338867,-0.401001,0.975586
-0.420410,0.107300,0.876587
0.570923,-0.218262,1.137817
-0.182617,-0.275757,0.860596
0.043213,0.162964,1.109985
0.386963,-0.389404,0.997925
-0.433228,0.083374,0.867554
0.553223,-0.171021,1.153076
-0.106567,-0.289185,0.887329
-0.021729,0.172974,1.102417
0.432251,-0.378784,1.021362
-0.431885,0.040649,0.859985
0.526001,-0.139893,1.149902
-0.018555,-0.312012,0.899902
-0.077881,0.186035,1.085327
0.459961,-0.352417,1.039185
-0.430786,0.010254,0.845947
0.493408,-0.099365,1.162720
0.010498,-0.336548,0.884766
-0.126465,0.190918,1.070801
0.492798,-0.322021,1.070435
-0.425415,-0.030151,0.837402
0.451782,-0.053101,1.164795
0.029175,-0.327637,0.898315
-0.196289,0.206665,1.049927
0.524048,-0.292969,1.099365
-0.413330,-0.074585,0.817627
0.392456,-0.016602,1.156860
0.078613,-0.338379,0.923218
-0.246704,0.188477,1.018433
0.552612,-0.275146,1.125000
-0.382690,-0.123535,0.808105
0.330322,0.026733,1.154907
0.132568,-0.383667,0.914429
-0.284302,0.145996,0.976196
0.565796,-0.273071,1.129150
-0.353516,-0.159058,0.812378
0.271362,0.056641,1.145630
0.189697,-0.405762,0.916992
-0.329224,0.124878,0.932739
0.577515,-0.268921,1.134277
-0.302490,-0.201538,0.825073
0.197876,0.094238,1.126465
0.241699,-0.404785,0.934326
-0.372314,0.113892,0.910034
0.578613,-0.234619,1.139771
-0.257568,-0.236816,0.834351
0.125122,0.127930,1.117554
0.291870,-0.411621,0.950562
-0.415283,0.098633,0.885742
0.575195,-0.221680,1.143677
-0.219727,-0.263428,0.840332
0.059937,0.148315,1.103516
0.338867,-0.383179,0.976807
-0.428711,0.063965,0.860107
0.554077,-0.180664,1.144531
-0.134644,-0.303833,0.857666
-0.009399,0.167480,1.094971
0.381836,-0.383301,0.987305
-0.443970,0.029419,0.841309
0.530029,-0.149780,1.152466
-0.067749,-0.333618,0.851929
-0.076050,0.181396,1.076294
0.418579,-0.351196,1.007812
-0.449097,-0.014893,0.826660
0.489136,-0.109375,1.157837
-0.046753,-0.335449,0.844849
-0.157715,0.197998,1.054077
0.465332,-0.320557,1.046143
-0.456787,-0.049805,0.812256
0.433838,-0.064575,1.159302
-0.011841,-0.328491,0.868652
-0.233643,0.204956,1.020142
0.499268,-0.302490,1.069824
-0.429565,-0.109375,0.795532
0.363647,-0.028564,1.145874
0.051025,-0.346313,0.872192
-0.296875,0.160767,0.967773
0.524658,-0.282837,1.090210
-0.380981,-0.179565,0.790161
0.272217,0.027832,1.129395
0.122192,-0.382324,0.883789
-0.353516,0.127319,0.914307
0.529907,-0.261475,1.095825
-0.338013,-0.232666,0.785400
0.177856,0.070190,1.113647
0.206665,-0.403687,0.912964
-0.419800,0.127808,0.889160
0.533936,-0.238770,1.099365
-0.296753,-0.258179,0.791382
0.087036,0.110596,1.093506
0.274536,-0.389038,0.935547
-0.453979,0.095093,0.854614
0.523438,-0.211182,1.109863
-0.209961,-0.283813,0.805542
0.006714,0.125732,1.080688
0.323486,-0.380249,0.947632
-0.469727,0.050415,0.833984
0.501099,-0.171753,1.107544
-0.144775,-0.313354,0.806274
-0.085815,0.141846,1.031616
0.375000,-0.354492,0.979858
-0.478638,-0.005615,0.806519
0.466431,-0.121582,1.125366
-0.121704,-0.300293,0.802002
-0.183594,0.189453,1.023926
0.430298,-0.333008,1.012329
-0.472046,-0.072266,0.780762
0.386719,-0.062134,1.128906
-0.073242,-0.318970,0.822632
-0.272949,0.177979,0.973022
0.470947,-0.321167,1.036743
-0.452637,-0.133423,0.758911
0.308716,-0.012695,1.116699
0.009399,-0.354614,0.828125
-0.349731,0.159058,0.926270
0.489990,-0.303467,1.047974
-0.404785,-0.197998,0.759766
0.219604,0.031738,1.095459
0.091553,-0.380981,0.854980
-0.418457,0.141479,0.882690
0.499390,-0.273438,1.060669
-0.384766,-0.239502,0.755127
0.125000,0.075195,1.089722
0.174561,-0.386230,0.889404
-0.469604,0.120483,0.858643
0.494629,-0.247681,1.060059
-0.294067,-0.274170,0.775879
0.037231,0.101807,1.056030
0.232422,-0.385254,0.897827
-0.489624,0.069092,0.815430
0.481689,-0.214478,1.075684
-0.226929,-0.300781,0.766602
-0.051392,0.125854,1.027710
0.299683,-0.392090,0.915771
-0.508911,0.030884,0.787354
0.454346,-0.171143,1.079468
-0.188354,-0.317993,0.760986
-0.148193,0.151489,1.007812
0.354980,-0.376465,0.945679
-0.522827,-0.004272,0.769043
0.416504,-0.129761,1.092285
-0.151367,-0.303711,0.776978
-0.247070,0.182495,0.991211
0.393188,-0.355103,0.978149
-0.518921,-0.057251,0.758423
0.354126,-0.083740,1.090820
-0.107178,-0.305298,0.793213
-0.314453,0.176758,0.938599
0.427246,-0.348633,0.988037
-0.505615,-0.110596,0.725586
0.279297,-0.031738,1.077148
-0.036499,-0.333984,0.808350
-0.388184,0.169922,0.909546
0.443848,-0.311035,1.012207
-0.465942,-0.177856,0.713135
0.199585,0.019409,1.065674
0.034668,-0.375244,0.827271
-0.448730,0.148926,0.864624
0.458496,-0.285278,1.023071
-0.439209,-0.199707,0.726440
0.106689,0.069092,1.041992
0.106934,-0.404907,0.832642
-0.489380,0.135742,0.835205
0.459473,-0.263184,1.024902
-0.372925,-0.223511,0.742310
0.038086,0.102783,1.042236
0.173706,-0.404419,0.849243
-0.527588,0.105103,0.810669
0.459106,-0.251221,1.033081
-0.302734,-0.269165,0.741943
-0.032837,0.130127,1.026733
0.232788,-0.408203,0.862427
-0.554688,0.093018,0.795898
0.450439,-0.227417,1.036987
-0.253540,-0.300537,0.727783
-0.111206,0.141602,0.996338
0.277588,-0.392212,0.888672
-0.564453,0.040283,0.768799
0.425415,-0.201904,1.043823
-0.229614,-0.296875,0.730469
-0.192017,0.162720,0.972046
0.325439,-0.390259,0.921021
-0.562256,0.005493,0.753662
0.384644,-0.159790,1.041870
-0.193359,-0.310303,0.735840
-0.269287,0.173218,0.948853
0.363403,-0.368164,0.939575
-0.560425,-0.045898,0.731934
0.336914,-0.123657,1.034546
-0.154419,-0.333130,0.731201
-0.320435,0.172729,0.910645
0.385986,-0.352661,0.951294
-0.543335,-0.078369,0.720581
0.285767,-0.070679,1.041016
-0.107178,-0.359985,0.750977
-0.385376,0.188477,0.893433
0.410034,-0.344482,0.959351
-0.519287,-0.107788,0.715698
0.215210,-0.023315,1.038330
-0.054443,-0.377197,0.774048
-0.446777,0.190918,0.874023
0.429565,-0.308350,0.989136
-0.503418,-0.154419,0.695557
0.137939,0.027954,1.023071
0.009644,-0.401855,0.791748
-0.497192,0.175171,0.852173
0.439331,-0.294312,0.999878
-0.463623,-0.168457,0.716675
0.077148,0.071289,1.029785
0.075928,-0.408569,0.800903
-0.535645,0.173218,0.828735
0.443848,-0.271851,1.000366
-0.386353,-0.206299,0.739136
0.019897,0.104126,1.015381
0.137329,-0.427734,0.818237
-0.566162,0.162354,0.805176
0.438843,-0.251465,1.006226
-0.332275,-0.243286,0.727661
-0.043457,0.141479,0.997192
0.202393,-0.434570,0.832275
-0.588257,0.134277,0.790039
0.436157,-0.221802,1.006348
-0.281860,-0.275146,0.723755
-0.106689,0.159302,0.980347
0.255493,-0.419800,0.867188
-0.601929,0.105713,0.766602
0.422363,-0.200562,1.013062
-0.236572,-0.301514,0.717407
-0.174683,0.176880,0.971680
0.296021,-0.410156,0.885620
-0.594849,0.075684,0.758057
0.391235,-0.170044,1.014648
-0.198120,-0.326904,0.715942
-0.231812,0.179565,0.942261
0.336426,-0.394043,0.903809
-0.592896,0.026245,0.739502
0.354736,-0.140503,1.013794
-0.159302,-0.347900,0.718994
-0.298584,0.194824,0.922852
0.372192,-0.377808,0.918457
-0.575562,-0.029907,0.716064
0.297363,-0.082642,1.015381
-0.122559,-0.379639,0.713379
-0.356323,0.211914,0.898071
0.398926,-0.363037,0.935425
-0.560059,-0.044312,0.709717
0.239624,-0.039307,1.010986
-0.078369,-0.387085,0.735352
-0.418823,0.217651,0.885986
0.419678,-0.322754,0.945312
-0.530396,-0.098022,0.705322
0.165894,0.016968,1.009277
-0.022949,-0.400513,0.761230
-0.475098,0.227783,0.861694
0.429810,-0.293579,0.970825
-0.481201,-0.145752,0.713257
0.099609,0.066772,1.023560
0.045044,-0.404541,0.778809
-0.523071,0.221191,0.845215
0.436279,-0.257446,0.986694
-0.407471,-0.171631,0.740845
0.033813,0.107788,1.014648
0.122803,-0.415161,0.804565
-0.570801,0.198120,0.817383
0.444336,-0.229248,0.993652
-0.317749,-0.221802,0.744751
-0.026245,0.138306,1.004395
0.202271,-0.411865,0.842529
-0.601562,0.176025,0.780762
0.426392,-0.189941,0.995972
-0.256836,-0.260864,0.729492
-0.101929,0.170044,0.978760
0.276489,-0.416870,0.862061
-0.603638,0.140747,0.767700
0.405884,-0.152710,1.003540
-0.204346,-0.295288,0.731689
-0.178223,0.177368,0.954834
0.332886,-0.417480,0.890259
-0.596802,0.103516,0.755859
0.371582,-0.111694,1.007446
-0.152344,-0.336670,0.720093
-0.265259,0.189331,0.921509
0.380981,-0.394165,0.912964
-0.571167,0.033569,0.737549
0.303833,-0.059082,1.002075
-0.092407,-0.357788,0.727905
-0.353638,0.202759,0.883301
0.407959,-0.344727,0.935181
-0.543823,-0.061157,0.707642
0.225586,-0.012085,0.994019
-0.044067,-0.360107,0.754883
-0.432129,0.214111,0.861206
0.426270,-0.306519,0.960693
-0.491577,-0.128540,0.714966
0.141968,0.054077,1.008667
0.026001,-0.376099,0.780640
-0.494263,0.223999,0.839966
0.436279,-0.266602,0.976685
-0.408447,-0.174561,0.730225
0.062988,0.110352,1.018799
0.110107,-0.394531,0.805664
-0.539795,0.216919,0.809082
0.448120,-0.223999,0.991943
-0.321777,-0.214478,0.752075
-0.010986,0.136475,1.011475
0.197266,-0.402466,0.845093
-0.584351,0.181030,0.781860
0.439453,-0.191650,1.002441
-0.232666,-0.279053,0.744873
-0.098389,0.177002,0.978516
0.286499,-0.410767,0.873901
-0.591064,0.153442,0.773438
0.414795,-0.156250,1.002563
-0.162354,-0.310669,0.744263
-0.186035,0.169434,0.939209
0.354614,-0.390869,0.907959
-0.583862,0.098389,0.752808
0.360107,-0.090088,1.013550
-0.097900,-0.362183,0.736206
-0.286743,0.186035,0.886841
0.402466,-0.369507,0.922241
-0.551025,0.001709,0.736206
0.276245,-0.025879,1.000000
-0.041260,-0.382935,0.738770
-0.375732,0.188232,0.857300
0.428467,-0.338379,0.945435
-0.506226,-0.070557,0.730591
0.187012,0.033203,1.008179
0.014648,-0.394165,0.766479
-0.452026,0.194946,0.840210
0.453613,-0.288208,0.974976
-0.435303,-0.135376,0.745972
0.102661,0.084229,1.011597
0.093262,-0.389404,0.801880
-0.519409,0.194946,0.810181
0.457397,-0.252319,0.986328
-0.350464,-0.205688,0.754761
0.019897,0.128296,1.014404
0.183716,-0.392090,0.843384
-0.564331,0.174561,0.781250
0.443604,-0.209473,0.996216
-0.244873,-0.265137,0.749390
-0.075562,0.161255,0.978882
0.269287,-0.406006,0.875488
-0.571777,0.121948,0.768555
0.423462,-0.154297,1.012451
-0.147827,-0.317749,0.757202
-0.167358,0.178467,0.941895
0.338379,-0.402954,0.897095
-0.564331,-0.008789,0.711548
0.261597,-0.021851,0.996948
-0.063232,-0.384155,0.735352
-0.403564,0.208862,0.876221
0.427979,-0.345825,0.950928
-0.514282,-0.093140,0.713623
0.168335,0.036743,1.005615
0.001465,-0.368530,0.772095
-0.473145,0.211304,0.853516
0.441040,-0.282715,0.972900
-0.429321,-0.141113,0.744263
0.088501,0.087158,1.012329
0.090820,-0.371704,0.804565
-0.535522,0.201538,0.818481
0.445923,-0.229736,0.986450
-0.327759,-0.232666,0.741455
0.001831,0.127930,1.000977
0.183960,-0.378174,0.848145
-0.571289,0.181641,0.789673
0.432129,-0.187256,1.003906
-0.231689,-0.258789,0.757812
-0.089600,0.161621,0.980469
0.273682,-0.391846,0.876221
-0.589722,0.136719,0.761475
0.415771,-0.137817,1.010620
-0.157959,-0.326660,0.735718
-0.195557,0.185791,0.938721
0.355835,-0.393677,0.902710
-0.579712,0.102173,0.753174
0.351196,-0.081665,1.009033
-0.093262,-0.379639,0.725220
-0.287720,0.187622,0.902222
0.406006,-0.372559,0.929932
-0.557251,0.001709,0.725586
0.275024,-0.022583,1.001465
-0.035522,-0.398560,0.735718
-0.377930,0.197754,0.869995
0.433960,-0.342651,0.947144
-0.521729,-0.061157,0.724731
0.178101,0.028076,1.001465
0.030762,-0.400879,0.768555
-0.462646,0.202881,0.846313
0.452148,-0.285645,0.982300
-0.449707,-0.122192,0.751587
0.099365,0.083130,1.009521
0.100342,-0.396851,0.805542
-0.518799,0.187378,0.814087
0.459351,-0.243408,0.988159
-0.348877,-0.189453,0.755859
0.013306,0.133423,1.003784
0.189697,-0.402832,0.840088
-0.563110,0.150635,0.781738
0.450684,-0.205933,1.001953
-0.233887,-0.227783,0.770264
-0.083618,0.180908,0.974121
0.272827,-0.394653,0.874390
-0.572754,0.106934,0.762939
0.422974,-0.161377,1.005615
-0.137207,-0.308960,0.771973
-0.177856,0.199585,0.945312
0.344116,-0.387207,0.898071
-0.564575,0.074951,0.754028
0.368408,-0.097290,1.014282
-0.062988,-0.380615,0.748413
-0.262573,0.194214,0.903076
0.396240,-0.366089,0.922119
-0.553833,-0.007446,0.729248
0.301636,-0.056763,0.996948
-0.012817,-0.417236,0.738892
-0.352051,0.197632,0.861816
0.436523,-0.337769,0.944946
-0.517700,-0.040405,0.731445
0.215820,-0.016724,0.999878
0.030151,-0.421265,0.758789
-0.430664,0.201416,0.848877
0.458252,-0.301514,0.960571
-0.458130,-0.103027,0.759399
0.126831,0.050171,1.008423
0.093750,-0.420410,0.790649
-0.496582,0.159790,0.809448
0.464478,-0.259277,0.981445
-0.386963,-0.171753,0.753662
0.033569,0.109253,1.012207
0.182129,-0.429077,0.832275
-0.538086,0.132202,0.778809
0.451538,-0.222656,1.003906
-0.284180,-0.197144,0.772095
-0.058228,0.156372,0.988647
0.260864,-0.442383,0.863647
-0.558838,0.088745,0.756714
0.442749,-0.189087,1.020508
-0.182739,-0.255005,0.778198
-0.132080,0.184814,0.963379
0.330811,-0.434692,0.882812
-0.559448,0.092896,0.774170
0.407593,-0.136963,1.017822
-0.097412,-0.332642,0.774902
-0.212891,0.183228,0.930420
0.379028,-0.421875,0.905396
-0.546631,0.029541,0.752808
0.353516,-0.097900,1.006470
-0.033936,-0.393066,0.765503
-0.289917,0.181396,0.891479
0.425293,-0.399780,0.931519
-0.521118,-0.049805,0.741699
0.282349,-0.060669,0.996948
0.022583,-0.420898,0.759521
-0.362061,0.171265,0.859131
0.450317,-0.364502,0.942017
-0.491821,-0.096680,0.739380
0.198486,0.002686,0.997559
0.075928,-0.449829,0.768921
-0.427856,0.159668,0.817871
0.468140,-0.327148,0.960571
-0.443481,-0.137573,0.743164
0.114014,0.053589,1.007324
0.126465,-0.449951,0.789673
-0.485107,0.134644,0.788208
0.475098,-0.291992,0.980591
-0.368286,-0.163574,0.764038
0.022827,0.105469,0.997192
0.207031,-0.466919,0.830200
-0.514160,0.089722,0.768555
0.468628,-0.243164,1.011475
-0.275513,-0.211304,0.784180
-0.064209,0.143799,0.992188
0.284058,-0.459717,0.856689
-0.538940,0.074463,0.761963
0.437500,-0.200562,1.024048
-0.173340,-0.258789,0.804810
-0.141357,0.169067,0.964478
0.331299,-0.448486,0.894897
-0.544922,0.054565,0.766357
0.410522,-0.149780,1.026123
-0.086426,-0.324219,0.795288
-0.219482,0.177246,0.938843
0.393433,-0.439209,0.914185
-0.520386,-0.009033,0.754272
0.347168,-0.096802,1.012573
-0.008789,-0.392090,0.791138
-0.288452,0.167603,0.898926
0.437622,-0.411377,0.939453
-0.503052,-0.079590,0.743042
0.276367,-0.050659,1.009399
0.054810,-0.433472,0.773315
-0.358521,0.153442,0.869629
0.466187,-0.381592,0.954224
-0.461670,-0.117310,0.755371
0.197510,0.001221,1.003296
0.106201,-0.441528,0.789429
-0.411743,0.136108,0.818237
0.480225,-0.333984,0.986084
-0.409424,-0.185059,0.746216
0.106201,0.041992,1.012817
0.167603,-0.447998,0.812378
-0.467285,0.107300,0.792480
0.491089,-0.292358,1.003052
-0.335571,-0.230225,0.754761
0.007690,0.104614,1.008545
0.248535,-0.478149,0.848022
-0.502808,0.062866,0.758545
0.471191,-0.255005,1.018188
-0.234253,-0.222778,0.813232
-0.071655,0.148193,1.007324
0.310425,-0.461914,0.887451
-0.529175,0.065186,0.769775
0.436157,-0.192383,1.034302
-0.145020,-0.281006,0.822388
-0.135254,0.160034,1.000366
0.368530,-0.448486,0.920654
-0.520874,0.052734,0.775879
0.401123,-0.136108,1.034912
-0.044067,-0.344849,0.823242
-0.205200,0.164185,0.965698
0.421631,-0.427856,0.948853
-0.504517,-0.050171,0.755249
0.340698,-0.086304,1.027710
0.036011,-0.414551,0.810181
-0.282227,0.153320,0.925781
0.469849,-0.408936,0.975952
-0.471802,-0.106567,0.753052
0.263794,-0.034302,1.024048
0.081909,-0.424194,0.810791
-0.347046,0.137451,0.881836
0.505371,-0.367554,1.000000
-0.423340,-0.174072,0.751099
0.169067,0.032471,1.024048
0.141235,-0.425537,0.828735
-0.406006,0.119873,0.845337
0.520264,-0.322144,1.021118
-0.360962,-0.207275,0.761108
0.078613,0.085938,1.022949
0.229248,-0.460449,0.854248
-0.453369,0.066284,0.790771
0.509033,-0.289673,1.035156
-0.281250,-0.235107,0.796875
0.000244,0.122070,1.030884
0.296387,-0.469604,0.884033
-0.485229,0.063110,0.783081
0.479492,-0.246338,1.036499
-0.188721,-0.250732,0.825073
-0.075439,0.151123,1.023193
0.355957,-0.440918,0.928101
-0.497314,0.050781,0.793945
0.450195,-0.178223,1.057007
-0.078735,-0.298584,0.843018
-0.149170,0.176147,1.012695
0.416260,-0.430298,0.952881
-0.483154,-0.007446,0.783447
0.401245,-0.115845,1.061035
0.010742,-0.370605,0.845459
-0.213135,0.173340,0.985718
0.463013,-0.404419,0.989136
-0.469482,-0.083862,0.767822
0.337769,-0.064697,1.063477
0.076904,-0.418091,0.834473
-0.276245,0.166138,0.948730
0.507080,-0.372559,1.013916
-0.433960,-0.129639,0.770630
0.261353,-0.015015,1.054932
0.111328,-0.406860,0.848877
-0.332764,0.145752,0.923462
0.530273,-0.338623,1.043457
-0.385376,-0.175415,0.770752
0.175049,0.035034,1.050049
0.200317,-0.435791,0.869141
-0.385986,0.092651,0.867188
0.544556,-0.299683,1.060913
-0.318726,-0.211426,0.791382
0.092651,0.091675,1.042725
0.269653,-0.435425,0.897339
-0.425781,0.054565,0.824585
0.525391,-0.246582,1.082764
-0.246826,-0.234009,0.814819
0.016235,0.149658,1.054443
0.337036,-0.436157,0.928711
-0.463379,0.065308,0.812012
0.499878,-0.203491,1.079956
-0.151245,-0.257202,0.853516
-0.058228,0.185059,1.062744
0.395752,-0.429321,0.968628
-0.467651,0.043335,0.810791
0.465332,-0.151001,1.088013
-0.056396,-0.302979,0.868408
-0.123047,0.199097,1.047119
0.451294,-0.407227,1.006226
-0.460083,-0.014526,0.798340
0.424072,-0.096191,1.095215
0.041260,-0.367310,0.867065
-0.189087,0.213013,1.025635
0.498535,-0.367676,1.032837
-0.433838,-0.085938,0.794434
0.358032,-0.044800,1.097534
0.086304,-0.381958,0.876709
-0.257202,0.202148,0.998291
0.537354,-0.342651,1.065674
-0.404785,-0.134277,0.786377
0.283569,0.005005,1.089600
0.143921,-0.388062,0.890869
-0.313965,0.164673,0.952271
0.568970,-0.305054,1.086426
-0.358643,-0.162598,0.806519
0.203491,0.052734,1.075195
0.215454,-0.411499,0.904419
-0.354126,0.095459,0.884399
0.572998,-0.267212,1.106323
-0.296997,-0.205566,0.804199
0.133423,0.096436,1.070801
0.292969,-0.437134,0.937744
-0.401245,0.059937,0.847046
0.553223,-0.225464,1.104614
-0.231323,-0.235229,0.840942
0.055420,0.141357,1.069580
0.362549,-0.425293,0.979370
-0.437500,0.066040,0.838013
0.531128,-0.178223,1.124023
-0.157959,-0.241943,0.863647
-0.020264,0.193237,1.084717
0.420288,-0.413940,1.008057
-0.441284,0.034668,0.846558
0.500854,-0.119873,1.130127
-0.061523,-0.289795,0.871948
-0.087402,0.214355,1.081055
0.468384,-0.397217,1.030273
-0.433960,-0.007202,0.828125
0.464722,-0.075439,1.132690
0.034180,-0.339844,0.890137
-0.144897,0.222900,1.071045
0.505981,-0.364014,1.054810
-0.426147,-0.046509,0.821167
0.418579,-0.042725,1.135864
0.066528,-0.347534,0.892944
-0.203003,0.229614,1.049316
0.534668,-0.323120,1.091919
-0.403931,-0.101685,0.803589
0.357910,-0.005615,1.133545
0.114258,-0.374268,0.903564
-0.272095,0.200562,1.015747
0.577148,-0.305420,1.110596
-0.366821,-0.155273,0.809692
0.283203,0.034058,1.122070
0.195068,-0.401733,0.929443
-0.311646,0.135986,0.948975
0.586914,-0.277466,1.125000
-0.318359,-0.197266,0.816406
0.206665,0.068604,1.118286
0.267456,-0.423584,0.947144
-0.362915,0.098633,0.888306
0.574341,-0.237549,1.130005
-0.254028,-0.228638,0.841431
0.125854,0.121826,1.102661
0.329102,-0.424316,0.966553
-0.403564,0.098022,0.878052
0.564941,-0.197876,1.132935
-0.187134,-0.238770,0.857788
0.042725,0.175293,1.112427
0.387451,-0.412720,0.998901
-0.424316,0.075195,0.867920
0.542358,-0.156250,1.147827
-0.118408,-0.248779,0.879028
-0.029175,0.206421,1.098511
0.436279,-0.390747,1.017456
-0.423462,0.014282,0.854492
0.517822,-0.118286,1.151489
-0.015625,-0.304810,0.896362
-0.090454,0.212646,1.092041
0.476929,-0.362427,1.051025
-0.427490,-0.036377,0.837524
0.475220,-0.069458,1.177368
0.016846,-0.321655,0.890259
-0.156860,0.225220,1.073486
0.523193,-0.336060,1.082520
-0.419800,-0.058838,0.825806
0.423706,-0.035156,1.160400
0.060913,-0.331177,0.912354
-0.227661,0.225708,1.041260
0.554810,-0.297974,1.106201
-0.380127,-0.122070,0.817017
0.350586,0.005371,1.148804
0.126221,-0.365967,0.917725
-0.282837,0.185181,0.991211
0.586304,-0.275391,1.134766
-0.345581,-0.183105,0.815796
0.274048,0.048584,1.139282
0.196045,-0.401001,0.928955
-0.326660,0.130981,0.936768
0.588501,-0.251953,1.135254
-0.290283,-0.220947,0.828735
0.186523,0.093262,1.122925
0.270630,-0.412109,0.951660
-0.372192,0.112427,0.900146
0.579346,-0.222534,1.136230
-0.238892,-0.226685,0.848389
0.102417,0.133057,1.118164
0.332764,-0.413208,0.984009
-0.410400,0.089355,0.884766
0.566528,-0.187500,1.144165
-0.177124,-0.238770,0.863159
0.032227,0.171509,1.108521
0.380615,-0.383301,1.001099
-0.418823,0.038696,0.862549
0.542847,-0.151367,1.157349
-0.093262,-0.280640,0.885986
-0.041504,0.187378,1.088867
0.425049,-0.370728,1.024292
-0.435791,0.002808,0.852173
0.514160,-0.106567,1.158203
-0.039307,-0.316162,0.868042
-0.101196,0.206543,1.079834
0.474365,-0.348389,1.053101
-0.439575,-0.029785,0.838013
0.474609,-0.066650,1.174927
-0.009766,-0.324097,0.873291
-0.175415,0.220215,1.069580
0.511719,-0.310181,1.084961
-0.430298,-0.068604,0.811523
0.405640,-0.026123,1.164185
0.043701,-0.337158,0.888794
-0.239624,0.208984,1.029419
0.543457,-0.293945,1.107422
-0.404297,-0.123779,0.799316
0.338745,0.014160,1.151489
0.103760,-0.370850,0.900391
-0.286011,0.150146,0.975586
0.568481,-0.276611,1.114502
-0.354736,-0.180420,0.810425
0.255859,0.040283,1.125488
0.173340,-0.391357,0.908936
-0.347900,0.132690,0.918945
0.571655,-0.257568,1.121216
-0.305908,-0.224243,0.817871
0.177979,0.077881,1.121094
0.232666,-0.403809,0.930786
-0.388428,0.108521,0.897705
0.565918,-0.232910,1.125610
-0.269531,-0.244019,0.828491
0.099243,0.114258,1.098877
0.293945,-0.394897,0.953247
-0.428589,0.083496,0.875000
0.555054,-0.198120,1.137573
-0.213623,-0.265015,0.834839
0.030273,0.142700,1.095459
0.338013,-0.381714,0.973145
-0.443115,0.045898,0.844849
0.534302,-0.174561,1.131470
-0.116333,-0.311035,0.843384
-0.030518,0.160034,1.076538
0.377075,-0.368042,0.982300
-0.451050,0.003296,0.825317
0.500244,-0.141846,1.144043
-0.091431,-0.323486,0.829468
-0.098999,0.179565,1.064941
0.421753,-0.348022,1.010132
-0.467651,-0.015503,0.825684
0.472168,-0.099854,1.142944
-0.070435,-0.319214,0.832886
-0.166626,0.197021,1.046509
0.467407,-0.325195,1.050293
-0.462158,-0.060181,0.794678
0.415283,-0.060425,1.142334
-0.036133,-0.326172,0.843140
-0.235962,0.191895,1.008057
0.493774,-0.308228,1.071533
-0.449097,-0.104614,0.781860
0.354858,-0.024536,1.135864
0.017456,-0.349487,0.857666
-0.290283,0.168823,0.970825
0.517456,-0.294189,1.082031
-0.415527,-0.163574,0.761719
0.276367,0.006226,1.129028
0.075562,-0.368164,0.875977
-0.341675,0.155273,0.940063
0.531494,-0.283447,1.085938
-0.377686,-0.195557,0.778198
0.204590,0.044800,1.109497
0.135620,-0.396973,0.882202
-0.390991,0.122925,0.897583
0.530640,-0.259766,1.088867
-0.352295,-0.211426,0.784180
0.140259,0.078125,1.088135
0.196411,-0.384644,0.903564
-0.430908,0.094971,0.873047
0.531494,-0.230469,1.100708
-0.297485,-0.243774,0.795776
0.061768,0.104126,1.070679
0.243774,-0.379639,0.917969
-0.457642,0.073608,0.847290
0.523682,-0.212891,1.098877
-0.221069,-0.282959,0.806519
-0.007446,0.128052,1.056641
0.303345,-0.386230,0.919556
-0.474487,0.032959,0.809814
0.494751,-0.187866,1.106934
-0.181519,-0.305786,0.792725
-0.064697,0.139771,1.039307
0.345215,-0.372070,0.942871
-0.494629,0.020874,0.794312
0.469849,-0.165283,1.095703
-0.145020,-0.308838,0.780151
-0.139526,0.168823,1.021729
0.386719,-0.357056,0.970825
-0.505127,-0.016113,0.778076
0.429688,-0.120605,1.105469
-0.120483,-0.311768,0.797729
-0.219971,0.197754,1.011108
0.423218,-0.344604,1.003174
-0.502075,-0.060059,0.767700
0.372925,-0.075073,1.110962
-0.087280,-0.320923,0.813599
-0.284912,0.178101,0.969360
0.452026,-0.334229,1.019775
-0.485474,-0.091064,0.749512
0.314941,-0.036377,1.099365
-0.029175,-0.346069,0.808716
-0.339722,0.170532,0.942993
0.470581,-0.317627,1.034424
-0.453491,-0.151367,0.740723
0.258423,-0.004883,1.095703
0.025391,-0.366089,0.836060
-0.403442,0.167114,0.909546
0.482178,-0.306152,1.043701
-0.425781,-0.203491,0.734863
0.175537,0.035156,1.076416
0.086914,-0.377930,0.856323
-0.446899,0.143188,0.878662
0.489258,-0.286621,1.051025
-0.404053,-0.213867,0.752075
0.104492,0.060425,1.052856
0.144775,-0.386230,0.866333
-0.477783,0.119385,0.840332
0.491821,-0.260742,1.055054
-0.342896,-0.234863,0.775879
0.038330,0.085327,1.048950
0.206177,-0.389893,0.874146
-0.510986,0.100464,0.821533
0.478516,-0.235718,1.052490
-0.274658,-0.286743,0.764404
-0.028687,0.114502,1.025879
0.257690,-0.396606,0.890747
-0.531738,0.062622,0.789062
0.462524,-0.213989,1.053345
-0.237793,-0.288208,0.745605
-0.093018,0.142334,1.013550
0.306152,-0.394043,0.912354
-0.538574,0.038574,0.773315
0.435547,-0.176392,1.062500
-0.204102,-0.315674,0.741577
-0.172363,0.160767,0.997314
0.343872,-0.376831,0.936523
-0.542847,0.010132,0.770386
0.405151,-0.141357,1.061523
-0.177124,-0.320557,0.752808
-0.243042,0.177979,0.977539
0.378418,-0.357788,0.965698
-0.544312,-0.036133,0.744141
0.355713,-0.108643,1.066406
-0.139893,-0.343628,0.764282
-0.299194,0.173340,0.950073
0.405273,-0.361084,0.975098
-0.536377,-0.064087,0.739014
0.315796,-0.074341,1.067627
-0.095459,-0.352539,0.766968
-0.370239,0.173096,0.914429
0.428101,-0.361938,0.977661
-0.516479,-0.099609,0.718140
0.251221,-0.030396,1.059570
-0.044434,-0.365601,0.786865
-0.421387,0.175537,0.894043
0.439575,-0.348877,0.985840
-0.500244,-0.141968,0.710815
0.188965,0.013916,1.045776
0.011108,-0.376953,0.804565
-0.466187,0.164185,0.871582
0.449463,-0.314209,1.002563
-0.481445,-0.166382,0.711426
0.123901,0.048462,1.038452
0.071899,-0.391479,0.819946
-0.499634,0.162476,0.855957
0.463013,-0.292603,1.014648
-0.427979,-0.211914,0.734741
0.067505,0.067383,1.032471
0.118286,-0.393433,0.843628
-0.526733,0.146729,0.832397
0.463257,-0.263184,1.020996
-0.364014,-0.241455,0.733887
0.007080,0.105225,1.023682
0.174438,-0.412476,0.843628
-0.548584,0.119629,0.799072
0.448608,-0.244507,1.020264
-0.309814,-0.254028,0.741577
-0.047485,0.112915,1.001953
0.223755,-0.405762,0.866699
-0.565918,0.096680,0.782471
0.434082,-0.223511,1.017700
-0.271851,-0.300537,0.715332
-0.112061,0.129883,0.982300
0.273682,-0.404541,0.880249
-0.580078,0.070679,0.761963
0.416748,-0.198486,1.026245
-0.234619,-0.308594,0.731812
-0.178955,0.149536,0.969238
0.312744,-0.387207,0.901367
-0.575195,0.038818,0.756714
0.386963,-0.148804,1.027466
-0.202515,-0.333984,0.725464
-0.241089,0.165649,0.955566
0.345337,-0.394165,0.921387
-0.582397,0.014282,0.744263
0.353760,-0.120728,1.036987
-0.163452,-0.332886,0.736572
-0.309814,0.184448,0.923096
0.367432,-0.381470,0.928345
-0.568970,-0.030273,0.721802
0.310181,-0.075073,1.034790
-0.132568,-0.369751,0.730835
-0.361084,0.185669,0.903320
0.403931,-0.369385,0.942993
-0.558960,-0.053345,0.701294
0.257690,-0.037231,1.036133
-0.086426,-0.376221,0.751343
-0.416260,0.195801,0.896240
0.416260,-0.347168,0.954712
-0.543579,-0.090698,0.693726
0.198364,-0.000244,1.027710
-0.037964,-0.393066,0.770630
-0.467407,0.216919,0.885132
0.431030,-0.333008,0.976685
-0.520142,-0.124268,0.695801
0.132202,0.039673,1.023560
0.024658,-0.404541,0.783691
-0.506226,0.204834,0.868896
0.440918,-0.305664,0.979126
-0.471802,-0.142090,0.726929
0.082397,0.079346,1.023193
0.076782,-0.401978,0.810181
-0.544189,0.192871,0.841187
0.446533,-0.281372,0.996704
-0.410522,-0.187012,0.734863
0.031738,0.098145,1.010010
0.128418,-0.407471,0.828125
-0.565186,0.172974,0.824707
0.447510,-0.254883,1.005005
-0.348511,-0.210938,0.737793
-0.020386,0.117798,1.003052
0.182983,-0.415649,0.833008
-0.583374,0.150635,0.787231
0.433838,-0.227295,1.003784
-0.297974,-0.251099,0.729370
-0.080933,0.136963,0.975952
0.335571,-0.395142,0.921753
-0.561401,0.005493,0.753174
0.386230,-0.145386,1.055664
-0.184204,-0.326660,0.746582
-0.256592,0.178101,0.961304
0.370605,-0.374390,0.940308
-0.557861,-0.040161,0.734375
0.347656,-0.111206,1.055664
-0.152588,-0.342041,0.748779
-0.313843,0.174316,0.924316
0.394165,-0.368774,0.952148
-0.548950,-0.055176,0.723999
0.304810,-0.063477,1.058838
-0.111450,-0.363525,0.752075
-0.358276,0.186646,0.901001
0.407349,-0.356567,0.965332
-0.537476,-0.090454,0.705322
0.255127,-0.028809,1.051636
-0.067749,-0.381836,0.767334
-0.415649,0.201172,0.889038
0.421631,-0.343262,0.967285
-0.511475,-0.124756,0.697632
0.201538,0.001709,1.047974
-0.024536,-0.392212,0.782104
-0.465210,0.206177,0.881714
0.443848,-0.318726,0.990112
-0.505371,-0.141479,0.706421
0.142456,0.037598,1.035156
0.035034,-0.411865,0.807983
-0.502563,0.206055,0.861694
0.447510,-0.301025,0.998291
-0.467529,-0.156006,0.721069
0.091309,0.074585,1.041626
0.080078,-0.426392,0.804321
-0.531616,0.187744,0.842651
0.451538,-0.294922,1.002197
-0.420288,-0.162231,0.748779
0.046997,0.086304,1.027466
0.128052,-0.428833,0.823975
-0.556519,0.163330,0.819946
0.450928,-0.274658,1.004761
-0.360107,-0.202026,0.744995
0.000854,0.100952,1.010010
0.175903,-0.429688,0.830811
-0.572388,0.147949,0.798462
0.445068,-0.262817,0.998413
-0.320190,-0.244141,0.737183
-0.047241,0.110229,0.990845
0.214233,-0.412231,0.853027
-0.581299,0.125366,0.780396
0.434570,-0.233887,1.013916
-0.284302,-0.270020,0.720825
-0.101196,0.137451,0.981689
0.258301,-0.407471,0.871460
-0.591431,0.093994,0.776245
0.416260,-0.211182,1.018066
-0.253296,-0.291382,0.708984
-0.165894,0.157593,0.961060
0.295410,-0.401611,0.888428
-0.584595,0.065308,0.753662
0.393799,-0.169189,1.016602
-0.219482,-0.320435,0.710693
-0.217285,0.167847,0.949097
0.328613,-0.395142,0.902832
-0.578125,0.032959,0.747437
0.363892,-0.141968,1.024658
-0.186523,-0.322998,0.719238
-0.268677,0.180298,0.923096
0.358398,-0.376587,0.916870
-0.580566,0.006592,0.733032
0.325684,-0.104126,1.027344
-0.157593,-0.348389,0.724854
-0.319580,0.187988,0.898193
0.384888,-0.374634,0.927490
-0.567993,-0.021973,0.714722
0.285034,-0.072754,1.027710
-0.126587,-0.386963,0.727051
-0.374878,0.203613,0.893799
0.402832,-0.357910,0.943970
-0.557251,-0.036133,0.709717
0.242188,-0.027832,1.017700
-0.091064,-0.390991,0.741333
-0.422241,0.209473,0.876099
0.413696,-0.345215,0.953369
-0.544434,-0.075195,0.694702
0.200928,-0.000977,1.025757
-0.048340,-0.404541,0.749878
-0.463989,0.222900,0.874390
0.427002,-0.330566,0.957764
-0.522827,-0.097290,0.695923
0.156372,0.038818,1.020630
-0.003418,-0.401123,0.775269
-0.502808,0.223145,0.862671
0.437378,-0.318359,0.971069
-0.495117,-0.120361,0.717163
0.110107,0.061646,1.026855
0.042969,-0.409180,0.786621
-0.540527,0.225464,0.852295
0.449463,-0.305542,0.974976
-0.449341,-0.145508,0.725830
0.072021,0.083008,1.024658
0.093140,-0.425659,0.803223
-0.563232,0.215942,0.838257
0.447632,-0.274170,0.981567
-0.394775,-0.166138,0.741821
0.039917,0.111328,1.022461
0.148804,-0.418579,0.817383
-0.582886,0.200073,0.817627
0.441284,-0.254761,0.977905
-0.346436,-0.197021,0.741577
-0.003662,0.127808,1.003540
0.195190,-0.411499,0.845947
-0.592651,0.172852,0.790283
0.428711,-0.225708,0.985718
-0.296753,-0.239136,0.722534
-0.060303,0.147095,0.996216
0.241211,-0.407959,0.864868
-0.603638,0.145508,0.779053
0.411743,-0.200439,0.995361
-0.254883,-0.283081,0.712769
-0.116577,0.165649,0.979736
0.286499,-0.405273,0.879272
-0.601685,0.123291,0.779175
0.402344,-0.168945,1.005127
-0.222778,-0.304321,0.719604
-0.169312,0.172607,0.951416
0.326050,-0.385864,0.896851
-0.595947,0.098145,0.754272
0.369995,-0.141113,1.002563
-0.175537,-0.336670,0.712524
-0.225464,0.182129,0.924072
0.351929,-0.382812,0.910156
-0.597412,0.059570,0.743286
0.344116,-0.109497,1.009888
-0.146484,-0.368164,0.713867
-0.275269,0.191406,0.906494
0.388062,-0.374634,0.915039
-0.577515,0.032471,0.732056
0.302856,-0.079956,1.015381
-0.116821,-0.382690,0.722046
-0.329468,0.207520,0.897095
0.401733,-0.357544,0.928589
-0.558594,-0.007324,0.720825
0.259277,-0.039307,0.996582
-0.078857,-0.387451,0.730347
-0.372681,0.204224,0.876465
0.419922,-0.332764,0.942871
-0.543823,-0.051147,0.701538
0.210571,-0.004517,1.007080
-0.046875,-0.388794,0.751953
-0.428223,0.214478,0.869873
0.437988,-0.323486,0.953613
-0.518066,-0.082642,0.715698
0.153320,0.047363,1.017578
0.000977,-0.404053,0.765991
-0.479492,0.220703,0.855469
0.446411,-0.299683,0.966309
-0.471680,-0.098633,0.729370
0.115112,0.074585,1.017944
0.058350,-0.405396,0.782959
-0.520752,0.224609,0.836914
0.450562,-0.270386,0.974731
-0.411987,-0.139038,0.752319
0.066650,0.110718,1.018311
0.112061,-0.415161,0.807007
-0.554810,0.210693,0.815552
0.450073,-0.246338,0.986206
-0.347656,-0.178833,0.754028
0.019897,0.129883,1.009277
0.168091,-0.407104,0.827393
-0.587402,0.205933,0.796021
0.448975,-0.224121,0.991821
-0.287842,-0.221680,0.746338
-0.039795,0.166992,1.002686
0.232178,-0.407837,0.850098
-0.603882,0.182373,0.785156
0.435425,-0.211060,0.999146
-0.224365,-0.258789,0.749634
-0.101929,0.176270,0.970947
0.282471,-0.409546,0.870483
-0.611206,0.153198,0.766602
0.421753,-0.172485,1.007690
-0.163940,-0.305786,0.753418
-0.160767,0.178711,0.947388
0.331543,-0.410767,0.881226
-0.602539,0.107666,0.760132
0.388794,-0.132446,1.007080
-0.122559,-0.317749,0.741089
-0.218872,0.184814,0.919556
0.372070,-0.387817,0.909058
-0.588989,0.063965,0.737915
0.330444,-0.094971,0.995117
-0.077271,-0.368164,0.734009
-0.292603,0.193604,0.897339
0.411133,-0.367065,0.921997
-0.565430,0.000244,0.723267
0.268066,-0.045532,0.990601
-0.041382,-0.377686,0.750000
-0.357910,0.196655,0.876709
0.432617,-0.341309,0.953247
-0.529175,-0.062622,0.717651
0.196411,0.007080,0.995605
0.001343,-0.384399,0.763916
-0.421997,0.203857,0.856445
0.445068,-0.304443,0.958008
-0.485840,-0.105469,0.734619
0.128784,0.065308,1.005981
0.052490,-0.388672,0.790405
-0.483398,0.207275,0.833862
0.458008,-0.264160,0.983521
-0.399048,-0.167725,0.756592
0.066162,0.104736,1.012207
0.117310,-0.394775,0.807983
-0.535767,0.194580,0.803955
0.452637,-0.234131,0.992920
-0.318970,-0.216553,0.757446
-0.014526,0.141357,1.003418
0.197266,-0.416748,0.834839
-0.576050,0.172363,0.774658
0.449707,-0.200684,1.002930
-0.223633,-0.236084,0.769653
-0.085449,0.167358,0.976685
0.275757,-0.407471,0.877197
-0.583008,0.127686,0.763672
0.427124,-0.168579,1.009888
-0.150391,-0.303345,0.763672
-0.164062,0.170532,0.937744
0.343506,-0.389648,0.900635
-0.575928,0.086914,0.750366
0.365234,-0.111450,1.012085
-0.080078,-0.377441,0.736938
-0.258301,0.178223,0.896240
0.398438,-0.368164,0.922852
-0.550903,-0.006348,0.735962
0.292358,-0.054443,0.987793
-0.027832,-0.404541,0.736206
-0.351196,0.170288,0.849854
0.441650,-0.343994,0.949219
-0.508789,-0.083496,0.724121
0.192993,0.023926,1.002075
0.028076,-0.407837,0.752686
-0.434814,0.185059,0.834717
0.459106,-0.309570,0.968750
-0.445312,-0.129517,0.755249
0.106445,0.083252,1.014771
0.092651,-0.404907,0.791016
-0.512207,0.183594,0.801025
0.463013,-0.273438,0.981201
-0.348999,-0.193604,0.755127
0.010986,0.139404,1.006714
0.183838,-0.408936,0.824951
-0.562500,0.145264,0.784546
0.463745,-0.240845,1.000122
-0.240234,-0.215210,0.780762
-0.088623,0.185669,0.992676
0.278442,-0.395020,0.870117
-0.583984,0.111328,0.770508
0.433472,-0.181519,1.019165
-0.123169,-0.327026,0.766968
-0.190063,0.186157,0.943726
0.347168,-0.373413,0.910645
-0.552734,0.069092,0.761230
0.353149,-0.103882,1.008179
-0.045532,-0.392700,0.758301
-0.289185,0.184570,0.882446
0.413696,-0.344727,0.935791
-0.529419,-0.016357,0.746704
0.246582,-0.036865,0.987793
0.017578,-0.440796,0.753052
-0.388062,0.161255,0.847534
0.446289,-0.313965,0.965210
-0.472046,-0.091431,0.749390
0.135620,0.063232,1.009766
0.088745,-0.433105,0.786865
-0.490601,0.149414,0.805298
0.457886,-0.278320,0.979614
-0.361816,-0.166382,0.761719
0.017822,0.142456,1.004883
0.191772,-0.410278,0.843750
-0.554932,0.130615,0.769531
0.453247,-0.247925,0.987305
-0.215332,-0.257202,0.777466
-0.094360,0.182617,0.978271
0.297974,-0.399536,0.886719
-0.570679,0.100220,0.761841
0.409790,-0.188965,0.997681
-0.081055,-0.371948,0.767578
-0.217285,0.158691,0.915039
0.378784,-0.358643,0.918945
-0.532349,0.007080,0.740967
0.312256,-0.066895,0.996338
0.005859,-0.428223,0.747437
-0.338989,0.140991,0.852783
0.436646,-0.343384,0.946533
-0.493286,-0.086914,0.725098
0.166870,0.034058,1.005127
0.075073,-0.440063,0.771729
-0.452271,0.134033,0.816162
0.468262,-0.313110,0.977661
-0.402100,-0.167603,0.742065
0.042358,0.124878,1.010742
0.189209,-0.430420,0.821899
-0.543823,0.127563,0.779053
0.462646,-0.270020,0.993530
-0.253540,-0.243774,0.776245
-0.086792,0.163574,0.978516
0.286743,-0.410156,0.882202
-0.559814,0.088257,0.768433
0.420898,-0.195557,1.010864
-0.089355,-0.370117,0.776855
-0.208130,0.169189,0.922974
0.369019,-0.382324,0.905273
-0.533447,0.000122,0.753784
0.322876,-0.094482,1.000977
0.009644,-0.431274,0.762207
-0.329346,0.146973,0.862915
0.429199,-0.358521,0.937622
-0.487549,-0.096069,0.739746
0.183838,0.014038,1.004639
0.080322,-0.463623,0.765503
-0.436768,0.128174,0.819092
0.462402,-0.302612,0.982422
-0.401245,-0.159302,0.751465
0.045898,0.112549,1.006958
0.186401,-0.448975,0.826904
-0.515625,0.078003,0.785889
0.467285,-0.256714,1.007080
-0.265747,-0.221313,0.786255
-0.090698,0.179565,0.982666
0.296631,-0.430786,0.879395
-0.543701,0.056152,0.761597
0.426392,-0.210693,1.017456
-0.100586,-0.355103,0.781982
-0.198975,0.173096,0.932983
0.370972,-0.387817,0.898804
-0.514771,-0.013428,0.749756
0.347290,-0.121094,1.016235
0.008789,-0.445068,0.775024
-0.314819,0.157104,0.864746
0.434326,-0.370483,0.933838
-0.486938,-0.071411,0.741455
0.228271,-0.022339,1.003418
0.084106,-0.480835,0.774292
-0.420654,0.134277,0.825806
0.462891,-0.337280,0.961426
-0.425293,-0.149170,0.749268
0.104248,0.075317,1.024536
0.158325,-0.457153,0.814087
-0.499756,0.114502,0.792603
0.465210,-0.299438,0.983887
-0.325684,-0.204102,0.765869
-0.020630,0.141113,1.015259
0.271362,-0.447021,0.868530
-0.533203,0.078003,0.765137
0.444092,-0.251709,1.002197
-0.174683,-0.287842,0.797241
-0.126953,0.154907,0.968018
0.340820,-0.409668,0.914673
-0.529907,0.046631,0.764648
0.388672,-0.155273,1.016602
-0.050415,-0.380493,0.786011
-0.229248,0.144775,0.918213
0.416138,-0.402588,0.940552
-0.503418,-0.038574,0.755371
0.299438,-0.069702,1.011719
0.045532,-0.446899,0.776733
-0.332153,0.135986,0.866821
0.459351,-0.379150,0.965820
-0.464233,-0.094727,0.758179
0.196777,0.003540,1.014893
0.099487,-0.473511,0.777588
-0.422363,0.115845,0.814331
0.491333,-0.331421,0.997681
-0.394653,-0.163452,0.757324
0.079102,0.090332,1.014404
0.185303,-0.478516,0.817993
-0.487915,0.073853,0.781250
0.489624,-0.299438,1.006714
-0.306763,-0.204956,0.776978
-0.027954,0.145020,1.013306
0.284180,-0.473633,0.869751
-0.521118,0.057739,0.767944
0.444458,-0.237427,1.019409
-0.165894,-0.256226,0.808105
-0.131348,0.170776,0.989136
0.354370,-0.437500,0.911987
-0.518311,0.030029,0.775757
0.400269,-0.165161,1.026611
-0.046387,-0.350220,0.810913
-0.220947,0.159790,0.938110
0.420044,-0.411377,0.947754
-0.488403,-0.067383,0.757935
0.305298,-0.083496,1.023560
0.044189,-0.435913,0.794800
-0.320312,0.125122,0.876343
0.466675,-0.362671,0.981201
-0.441162,-0.133179,0.756836
0.202271,-0.007324,1.019897
0.107544,-0.464844,0.793945
-0.408081,0.112671,0.831543
0.487549,-0.329712,0.996582
-0.387817,-0.185059,0.754272
0.095703,0.073486,1.026489
0.201416,-0.473999,0.831543
-0.475586,0.085693,0.783203
0.489136,-0.292847,1.012695
-0.296631,-0.218994,0.777100
-0.011108,0.126099,1.019531
0.304321,-0.487793,0.876709
-0.511841,0.070312,0.775269
0.447998,-0.229126,1.022217
-0.184814,-0.250366,0.808472
-0.102417,0.160889,1.004028
0.379272,-0.447266,0.935425
-0.517456,0.027710,0.783447
0.410767,-0.149170,1.044434
-0.063843,-0.329712,0.812622
-0.190308,0.142822,0.960449
0.433594,-0.406860,0.968384
-0.479858,-0.051270,0.773193
0.337158,-0.083130,1.038940
0.047363,-0.421997,0.815430
-0.283936,0.126831,0.909912
0.473633,-0.363403,0.990234
-0.438477,-0.117676,0.765137
0.249146,-0.025879,1.033203
0.096558,-0.440308,0.808838
-0.357178,0.119385,0.870117
0.501831,-0.329590,1.016846
-0.388550,-0.166870,0.765381
0.155029,0.049072,1.048584
0.184937,-0.455688,0.841797
-0.429810,0.093750,0.816528
0.509155,-0.295288,1.032715
-0.328857,-0.212036,0.766968
0.043579,0.117554,1.033447
0.284058,-0.475586,0.883301
-0.481323,0.067017,0.792847
0.479126,-0.246948,1.042847
-0.227783,-0.245483,0.804565
-0.055176,0.156860,1.026123
0.365845,-0.463135,0.924561
-0.493164,0.042847,0.805054
0.442017,-0.174683,1.060791
-0.122925,-0.279907,0.818481
-0.141479,0.166870,0.999634
0.426758,-0.419922,0.965210
-0.477783,-0.033936,0.778564
0.389404,-0.124878,1.062378
0.015503,-0.373535,0.834717
-0.233765,0.164185,0.953613
0.470825,-0.374390,0.999756
-0.433594,-0.096558,0.787109
0.304932,-0.063354,1.050903
0.097900,-0.428711,0.834106
-0.319702,0.153198,0.913574
0.504883,-0.315430,1.030884
-0.391602,-0.159302,0.781006
0.203613,0.007935,1.050049
0.163696,-0.431274,0.865479
-0.391113,0.115601,0.852539
0.523193,-0.290649,1.047485
-0.326172,-0.200562,0.783569
0.091919,0.085571,1.054932
0.282837,-0.472900,0.894287
-0.442749,0.069336,0.807983
0.495728,-0.228149,1.057495
-0.236938,-0.221802,0.818237
0.001099,0.136719,1.052490
0.371338,-0.470459,0.941406
-0.484497,0.068726,0.807861
0.471924,-0.178589,1.068115
-0.147339,-0.250244,0.832153
-0.091797,0.175659,1.033081
0.425903,-0.431152,0.968140
-0.473145,-0.002808,0.810425
0.434204,-0.130249,1.075562
-0.029175,-0.319702,0.853271
-0.171509,0.177002,1.001221
0.469849,-0.398804,1.011963
-0.445068,-0.071533,0.794312
0.375977,-0.082764,1.088501
0.063110,-0.382202,0.860840
-0.244507,0.176392,0.970093
0.511475,-0.351562,1.032227
-0.411377,-0.116089,0.798462
0.310425,-0.034790,1.085083
0.094604,-0.383911,0.859131
-0.308472,0.162109,0.931885
0.537109,-0.313232,1.055786
-0.376953,-0.166748,0.788208
0.227173,0.023193,1.074951
0.178467,-0.410400,0.895874
-0.361084,0.114868,0.892700
0.543457,-0.296387,1.068604
-0.324219,-0.211548,0.786499
0.146729,0.070923,1.075928
0.258057,-0.438721,0.912231
-0.404541,0.078491,0.841553
0.543457,-0.265625,1.077637
-0.262573,-0.234619,0.808105
0.071045,0.122559,1.066406
0.330444,-0.450317,0.940674
-0.439575,0.071167,0.834595
0.525146,-0.225464,1.085815
-0.197021,-0.243408,0.834961
-0.000977,0.155762,1.069214
0.390137,-0.441284,0.973999
-0.463135,0.067139,0.831543
0.498535,-0.164429,1.100342
-0.114380,-0.260864,0.859497
-0.064331,0.181030,1.070190
0.437500,-0.421509,1.008911
-0.459473,0.019165,0.821411
0.469116,-0.114624,1.113525
-0.010376,-0.314941,0.872314
-0.133911,0.200806,1.054321
0.479736,-0.399292,1.031372
-0.441895,-0.049683,0.810547
0.425903,-0.085815,1.119507
0.066162,-0.361084,0.890259
-0.205811,0.195923,1.023438
0.514526,-0.362061,1.049072
-0.412231,-0.097778,0.800659
0.357422,-0.038208,1.110840
0.096924,-0.350098,0.887085
-0.269531,0.179565,0.991211
0.541260,-0.309570,1.087036
-0.374390,-0.145630,0.810425
0.288086,0.015259,1.107056
0.168945,-0.395996,0.911865
-0.328857,0.160767,0.942505
0.568115,-0.290649,1.106079
-0.327026,-0.189087,0.803955
0.201660,0.068115,1.094604
0.256836,-0.428833,0.925537
-0.378296,0.103638,0.879639
0.561157,-0.258789,1.095459
-0.261719,-0.220947,0.824097
0.117554,0.118286,1.095215
0.331543,-0.430664,0.955811
-0.418335,0.090332,0.859131
0.545410,-0.212891,1.112427
-0.190796,-0.237793,0.849365
0.030273,0.170288,1.082275
0.393555,-0.417236,0.995972
-0.442749,0.061768,0.852295
0.522827,-0.157837,1.131226
-0.109131,-0.255249,0.872070
-0.054321,0.192749,1.084839
0.459229,-0.395996,1.028809
-0.437012,0.015747,0.839478
0.481323,-0.103394,1.136597
0.009033,-0.311279,0.898560
-0.132568,0.198975,1.057983
0.497559,-0.359497,1.055786
-0.420044,-0.042236,0.830933
0.422119,-0.040527,1.149536
0.072388,-0.352539,0.894775
-0.214600,0.200684,1.033569
0.542969,-0.320435,1.098389
-0.381714,-0.130737,0.813477
0.339600,0.002197,1.136108
0.142334,-0.369995,0.915894
-0.299072,0.184937,0.988403
0.573364,-0.286255,1.116455
-0.330566,-0.184814,0.815796
0.242188,0.061646,1.120728
0.242676,-0.403564,0.939575
-0.348877,0.125732,0.909180
0.580078,-0.243652,1.128906
-0.267700,-0.206177,0.838379
0.148071,0.120483,1.111572
0.326294,-0.429688,0.970581
-0.396973,0.087524,0.875122
0.560181,-0.202271,1.140747
-0.195435,-0.231201,0.857178
0.048218,0.161865,1.110229
0.395386,-0.402954,1.007446
-0.426147,0.057007,0.864746
0.539795,-0.146729,1.147095
-0.106445,-0.258789,0.879150
-0.045898,0.202515,1.089600
0.456665,-0.380127,1.038818
-0.428223,0.006714,0.853638
0.498657,-0.097534,1.167725
0.015747,-0.316528,0.898071
-0.122803,0.207886,1.073730
0.495361,-0.343384,1.066895
-0.414673,-0.048706,0.831177
0.442383,-0.055786,1.153198
0.041260,-0.325073,0.895508
-0.202026,0.221924,1.047729
0.546997,-0.305664,1.105957
-0.387451,-0.103271,0.819824
0.364746,0.005371,1.154175
0.121948,-0.359253,0.916870
-0.275757,0.190308,0.998535
0.576294,-0.280884,1.119385
-0.332520,-0.171509,0.824707
0.269653,0.061401,1.137207
0.208862,-0.397095,0.933716
-0.330322,0.123901,0.926025
0.581177,-0.250977,1.130005
-0.278320,-0.226318,0.827881
0.180908,0.107056,1.136963
0.298828,-0.423340,0.963501
-0.384521,0.111450,0.900757
0.509521,-0.159058,1.118408
-0.219360,-0.236450,0.858154
-0.053223,0.187500,1.076050
0.362061,-0.416626,0.995728
-0.442749,0.019897,0.841064
0.475342,-0.112061,1.126587
-0.019897,-0.298828,0.875122
-0.119141,0.200073,1.066650
0.494507,-0.383789,1.040649
-0.437500,-0.028442,0.820923
0.426636,-0.066162,1.135376
0.062622,-0.352905,0.888184
-0.186646,0.196411,1.035645
0.524048,-0.352173,1.067993
-0.412231,-0.087646,0.812378
0.372192,-0.023926,1.125610
0.087769,-0.340820,0.902222
-0.256958,0.190308,1.004395
0.560791,-0.316284,1.101074
-0.368530,-0.145996,0.807861
0.297363,0.031250,1.121582
0.170654,-0.376953,0.914429
-0.308350,0.148926,0.947998
0.575684,-0.283081,1.117432
-0.319702,-0.203247,0.812622
0.221313,0.071045,1.113770
0.249146,-0.412231,0.942139
-0.356567,0.111694,0.895996
0.576172,-0.259888,1.123169
-0.268921,-0.234619,0.827148
0.145020,0.109619,1.102173
0.318726,-0.421509,0.961304
-0.400391,0.097778,0.870239
0.566895,-0.226196,1.122314
-0.211060,-0.261719,0.847412
0.071167,0.145020,1.099854
0.370361,-0.418457,0.984131
-0.429321,0.084473,0.857056
0.547974,-0.193359,1.134766
-0.160156,-0.260254,0.868774
0.014404,0.172485,1.111206
0.424438,-0.401123,1.010986
-0.440796,0.066650,0.849976
0.519043,-0.150879,1.140259
-0.079346,-0.282227,0.884277
-0.046753,0.185791,1.091675
0.453857,-0.377930,1.037842
-0.433594,0.019531,0.848022
0.498901,-0.111572,1.150879
0.013428,-0.329834,0.905029
-0.101318,0.189697,1.072266
0.489014,-0.352539,1.050415
-0.436035,-0.007690,0.834717
0.461548,-0.065674,1.159058
0.036865,-0.346191,0.892944
-0.162964,0.206909,1.061157
0.525391,-0.328979,1.082031
-0.415894,-0.054810,0.830811
0.409180,-0.013672,1.159302
0.069824,-0.355957,0.907837
-0.228027,0.210205,1.039307
0.558960,-0.299438,1.114990
-0.384399,-0.105713,0.817871
0.351196,0.026733,1.154785
0.133301,-0.376587,0.916992
-0.273193,0.177124,1.003662
0.580444,-0.285278,1.134399
-0.342651,-0.158325,0.822876
0.281250,0.075317,1.143799
0.203003,-0.400879,0.933594
-0.318359,0.131958,0.938721
0.586914,-0.268555,1.133667
-0.303101,-0.205078,0.823730
0.209717,0.108032,1.135620
0.267334,-0.415405,0.949219
-0.366455,0.112549,0.908569
0.585449,-0.241333,1.135742
-0.262573,-0.228760,0.841919
0.142944,0.137573,1.127319
0.323608,-0.406860,0.974976
-0.398315,0.107666,0.891602
0.568726,-0.199097,1.148560
-0.208740,-0.253296,0.850464
0.077148,0.161621,1.121948
0.364502,-0.405640,0.989014
-0.421997,0.068970,0.878784
0.558105,-0.184204,1.150513
-0.152222,-0.273804,0.869263
0.006714,0.175049,1.104858
0.407715,-0.385742,1.018311
-0.432251,0.039307,0.863647
0.534912,-0.140991,1.159424
-0.057373,-0.308838,0.886108
-0.054688,0.184326,1.096069
0.443726,-0.363770,1.030396
-0.433960,0.011597,0.847656
0.504761,-0.101440,1.161255
-0.022461,-0.333252,0.868774
-0.104004,0.198486,1.081665
0.478149,-0.351074,1.050659
-0.439087,-0.014282,0.830078
0.473145,-0.052490,1.184204
0.001465,-0.337524,0.873657
-0.172852,0.225830,1.070679
0.513916,-0.332397,1.074707
-0.423706,-0.053833,0.822021
0.428589,-0.035767,1.168091
0.034546,-0.318970,0.901611
-0.230347,0.207031,1.032715
0.544556,-0.303223,1.109375
-0.396118,-0.125244,0.806396
0.361816,0.003052,1.158936
0.095825,-0.353516,0.900635
-0.275391,0.176025,0.997437
0.565552,-0.299072,1.112183
-0.367920,-0.161011,0.807983
0.297607,0.039429,1.144287
0.159668,-0.379395,0.916748
-0.314087,0.147461,0.944458
0.571045,-0.279175,1.116333
-0.335693,-0.209229,0.808716
0.239746,0.057983,1.132568
0.207764,-0.382324,0.933105
-0.363281,0.129639,0.909546
0.570312,-0.251831,1.128540
-0.278931,-0.245728,0.823853
0.160767,0.108398,1.118164
0.260620,-0.401123,0.947021
-0.396362,0.105225,0.884766
0.558228,-0.215210,1.131104
-0.246704,-0.254761,0.837646
0.096680,0.124756,1.109253
0.309326,-0.393921,0.965698
-0.425537,0.084351,0.865723
0.553467,-0.192749,1.135498
-0.197632,-0.277588,0.848267
0.031494,0.141357,1.094482
0.353516,-0.394287,0.971924
-0.435913,0.061523,0.851074
0.537109,-0.159058,1.145020
-0.120972,-0.303345,0.855347
-0.019653,0.146362,1.079224
0.386108,-0.373901,0.993286
-0.451782,0.035522,0.841187
0.514893,-0.131470,1.150757
-0.085205,-0.340332,0.835938
-0.087158,0.170776,1.065186
0.430054,-0.358643,1.011353
-0.455933,-0.002930,0.823364
0.482788,-0.097290,1.154663
-0.056641,-0.332031,0.835205
-0.152466,0.204956,1.060059
0.464355,-0.342407,1.035889
-0.453369,-0.034546,0.816772
0.435913,-0.065430,1.162109
-0.032837,-0.332642,0.847168
-0.217896,0.201294,1.027344
0.498779,-0.321655,1.063599
-0.448486,-0.067139,0.800049
0.383057,-0.029663,1.146484
0.020264,-0.344849,0.860107
-0.275269,0.180298,0.986450
0.519775,-0.299438,1.080200
-0.407715,-0.132202,0.784058
0.319214,0.005249,1.143433
0.080811,-0.359009,0.878296
-0.323853,0.156616,0.943359
0.527710,-0.285156,1.085205
-0.365967,-0.191406,0.782715
0.240112,0.051880,1.126465
0.146484,-0.394287,0.885498
-0.377686,0.139526,0.908691
0.527954,-0.260986,1.095825
-0.333740,-0.224365,0.789429
0.177490,0.074585,1.114624
0.207397,-0.392090,0.912964
-0.432495,0.129761,0.886841
0.528931,-0.234985,1.101074
-0.310425,-0.246338,0.791504
0.100830,0.092529,1.088379
0.268066,-0.392578,0.939209
-0.455078,0.095703,0.858398
0.516479,-0.205322,1.099731
-0.234863,-0.275024,0.798340
0.023193,0.111328,1.065063
0.308594,-0.375122,0.949341
-0.466431,0.057129,0.838745
0.503906,-0.178467,1.109497
-0.166504,-0.315796,0.796387
-0.042358,0.127686,1.041016
0.354126,-0.361938,0.969604
-0.472656,0.006836,0.808228
0.481445,-0.147095,1.121826
-0.135010,-0.333252,0.791138
-0.135254,0.169312,1.026855
0.398071,-0.338135,0.994263
-0.479004,-0.033325,0.797485
0.436523,-0.096558,1.140625
-0.096558,-0.331177,0.812744
-0.224854,0.198364,1.004883
0.443481,-0.330688,1.022583
-0.474854,-0.079834,0.774414
0.377075,-0.048218,1.128662
-0.039307,-0.337769,0.828003
-0.302002,0.186279,0.971436
0.470337,-0.319092,1.032959
-0.449463,-0.118530,0.753296
0.311279,-0.010986,1.127441
0.030273,-0.363892,0.839722
-0.365356,0.183716,0.941650
0.479736,-0.295776,1.042603
-0.419678,-0.179321,0.744873
0.241577,0.019165,1.104614
0.108398,-0.384766,0.869263
-0.425781,0.164062,0.903442
0.492676,-0.269165,1.063599
-0.395630,-0.202881,0.758057
0.145142,0.070801,1.084961
0.177856,-0.398193,0.882080
-0.450806,0.113281,0.872314
0.494141,-0.248413,1.069580
-0.341675,-0.238892,0.761353
0.055420,0.095459,1.065063
0.234497,-0.396729,0.906616
-0.470825,0.090576,0.842896
0.478760,-0.220337,1.072266
-0.256104,-0.274414,0.769897
-0.012817,0.096802,1.029907
0.289062,-0.381958,0.918091
-0.486694,0.049927,0.814209
0.477051,-0.175049,1.088257
-0.207153,-0.299438,0.761719
-0.106689,0.132446,1.002075
0.336914,-0.390747,0.932617
-0.494385,-0.000854,0.791016
0.453003,-0.147827,1.103027
-0.174316,-0.286255,0.772095
-0.202881,0.168213,0.982300
0.381592,-0.381836,0.960693
-0.501099,-0.038574,0.767700
0.404907,-0.110718,1.098022
-0.133911,-0.300537,0.794189
-0.278198,0.171387,0.957520
0.407837,-0.364014,0.973755
-0.498413,-0.080322,0.750000
0.356934,-0.075684,1.104980
-0.093384,-0.305420,0.796387
-0.330566,0.173950,0.928711
0.435181,-0.348511,0.989868
-0.488770,-0.131226,0.727661
0.291626,-0.030151,1.100708
-0.027832,-0.350342,0.807495
-0.397095,0.179810,0.894653
0.439575,-0.336304,1.000000
-0.465210,-0.177856,0.721924
0.218872,0.004395,1.078003
0.043091,-0.382446,0.830444
-0.447388,0.183472,0.889771
0.450317,-0.303711,1.015869
-0.454956,-0.199585,0.722534
0.140503,0.034180,1.059937
0.105225,-0.395386,0.847534
-0.485107,0.167603,0.860718
0.465454,-0.274780,1.027100
-0.409790,-0.195679,0.751343
0.064697,0.077271,1.043579
0.168457,-0.418701,0.858032
-0.506348,0.134399,0.833374
0.454224,-0.241699,1.033691
-0.329224,-0.244751,0.759521
0.001709,0.094238,1.034180
0.220581,-0.432617,0.864746
-0.531128,0.106201,0.811523
0.454956,-0.222412,1.031738
-0.279175,-0.271118,0.749146
-0.065063,0.112305,1.007202
0.263916,-0.425537,0.890747
-0.540649,0.067383,0.780884
0.452515,-0.192993,1.051147
-0.241333,-0.295166,0.735840
-0.144775,0.139771,0.984253
0.305054,-0.415161,0.900024
-0.549683,0.027222,0.772583
0.424805,-0.171143,1.051880
-0.205811,-0.294922,0.732666
-0.209351,0.172485,0.970947
0.345703,-0.399048,0.923828
-0.555786,0.001587,0.748291
0.389404,-0.140747,1.059082
-0.177490,-0.305664,0.749268
-0.267212,0.169922,0.946533
0.374146,-0.390381,0.943726
-0.553467,-0.042236,0.738647
0.340942,-0.093750,1.060669
-0.144043,-0.320190,0.757568
-0.328003,0.176880,0.924072
0.401611,-0.379883,0.953979
-0.551880,-0.065918,0.717773
0.290527,-0.058960,1.055542
-0.107300,-0.343384,0.767578
-0.380493,0.193115,0.905151
0.411377,-0.355347,0.965576
-0.527954,-0.100708,0.705322
0.231079,-0.015869,1.047363
-0.052368,-0.378540,0.782593
-0.427612,0.192871,0.891602
0.422974,-0.333252,0.974854
-0.521484,-0.114990,0.713379
0.180786,0.019287,1.036743
0.004761,-0.393433,0.788574
-0.472290,0.193237,0.877686
0.437500,-0.311768,0.992432
-0.495483,-0.154053,0.714722
0.119507,0.052856,1.034058
0.050049,-0.404419,0.804443
-0.503906,0.190430,0.862793
0.450806,-0.298096,1.001709
-0.438843,-0.148804,0.741699
0.070923,0.084961,1.030884
0.097046,-0.408325,0.813232
-0.537231,0.170044,0.830688
0.450317,-0.280396,1.000488
-0.389771,-0.201538,0.753540
0.021606,0.102539,1.021729
0.142944,-0.419678,0.822021
-0.557251,0.152954,0.803467
0.447998,-0.263672,0.995117
-0.337036,-0.233765,0.745117
-0.022095,0.115112,1.002563
0.187134,-0.427734,0.835571
-0.573975,0.137939,0.788452
0.438965,-0.233643,1.011475
-0.287109,-0.258423,0.741211
-0.067871,0.137085,0.996216
0.221924,-0.421997,0.852539
-0.586426,0.109741,0.768921
0.429565,-0.223877,1.008057
-0.262451,-0.289795,0.721802
-0.124268,0.149170,0.972778
0.263062,-0.416992,0.865356
-0.595093,0.094727,0.759521
0.415039,-0.194458,1.016724
-0.238647,-0.304443,0.718018
-0.169434,0.161621,0.968750
0.300903,-0.402466,0.891602
-0.603760,0.087769,0.752075
0.392944,-0.169678,1.012817
-0.210571,-0.325073,0.712891
-0.209717,0.158936,0.953979
0.326660,-0.397949,0.907471
-0.601929,0.066772,0.753906
0.369141,-0.145752,1.018311
-0.184082,-0.338379,0.714844
-0.267334,0.164062,0.929810
0.357422,-0.394043,0.913086
-0.596680,0.029663,0.734619
0.334839,-0.109497,1.017212
-0.159302,-0.344238,0.727295
-0.305054,0.182129,0.915039
0.371338,-0.377563,0.923096
-0.583008,-0.000122,0.719604
0.296143,-0.069580,1.021973
-0.129150,-0.352539,0.740234
-0.360474,0.188477,0.903442
0.395996,-0.370361,0.932739
-0.567871,-0.035522,0.708008
0.247925,-0.032227,1.011963
-0.082642,-0.359619,0.755493
-0.416626,0.194458,0.878418
0.409546,-0.349487,0.948120
-0.543823,-0.079590,0.693115
0.194214,0.015991,1.016357
-0.039795,-0.369019,0.764526
-0.454468,0.201904,0.869751
0.429688,-0.326294,0.962769
-0.518311,-0.123291,0.701538
0.131470,0.063232,1.017578
0.010376,-0.389038,0.781006
-0.505127,0.211914,0.853516
0.439331,-0.301758,0.980835
-0.468750,-0.147461,0.725830
0.083740,0.094971,1.021851
0.071533,-0.400024,0.797974
-0.539551,0.207520,0.835205
0.438599,-0.284058,0.982178
-0.409546,-0.190063,0.731567
0.036011,0.105835,1.013306
0.126587,-0.396851,0.819458
-0.572266,0.198975,0.818115
0.438232,-0.259888,0.985107
-0.349365,-0.263062,0.712646
-0.010498,0.127441,1.001221
0.179810,-0.404541,0.838623
-0.587524,0.183350,0.804565
0.435913,-0.232300,0.998779
-0.293335,-0.294434,0.710938
-0.076660,0.140259,0.983032
0.237915,-0.399292,0.864502
-0.606079,0.147461,0.774536
0.421021,-0.200195,1.006226
-0.236572,-0.298584,0.723755
-0.140503,0.170288,0.961792
0.284912,-0.393311,0.882812
-0.605957,0.128784,0.757568
0.404541,-0.167236,1.009888
-0.190308,-0.318481,0.717041
-0.202881,0.167480,0.942871
0.333740,-0.389160,0.889771
-0.597168,0.095947,0.745728
0.373657,-0.117676,1.008911
-0.153320,-0.340698,0.724609
-0.263062,0.178833,0.913940
0.367188,-0.382690,0.901611
-0.589478,0.052856,0.734497
0.325928,-0.087402,1.015381
-0.117188,-0.373047,0.722534
-0.326294,0.189453,0.894043
0.393188,-0.357422,0.923462
-0.568359,0.015991,0.720947
0.269409,-0.034302,1.003540
-0.081177,-0.387085,0.733521
-0.385498,0.197388,0.885864
0.414185,-0.340820,0.939941
-0.552856,-0.052490,0.696045
0.211548,-0.000122,1.005005
-0.031982,-0.401489,0.754761
-0.445312,0.217773,0.872681
0.431763,-0.322632,0.953613
-0.508911,-0.078247,0.724487
0.148315,0.048828,1.003296
0.020630,-0.394043,0.772949
-0.497437,0.224976,0.859497
0.440674,-0.286499,0.975098
-0.452148,-0.140259,0.733032
0.089111,0.091675,1.023071
0.080444,-0.391479,0.797119
-0.532349,0.212646,0.839600
0.436646,-0.256226,0.982910
-0.390381,-0.193604,0.728394
0.038086,0.121582,1.015625
0.147339,-0.396118,0.828979
-0.566772,0.194946,0.812500
0.435059,-0.223022,0.998779
-0.309814,-0.223389,0.735840
-0.020752,0.140991,0.999146
0.210815,-0.387451,0.857300
-0.586548,0.187744,0.793945
0.429321,-0.191650,0.999634
-0.244263,-0.273315,0.733398
-0.095947,0.159180,0.972168
0.271851,-0.382568,0.878662
-0.594238,0.165039,0.778564
0.420288,-0.154663,1.013184
-0.190063,-0.308228,0.741699
-0.159668,0.162109,0.946899
0.310547,-0.379639,0.895020
-0.590698,0.128906,0.768188
0.402100,-0.127686,1.023560
-0.143799,-0.332153,0.729492
-0.233154,0.177368,0.916992
0.353760,-0.376221,0.900024
-0.572876,0.097168,0.760864
0.350220,-0.064697,1.017944
-0.092407,-0.369019,0.721436
-0.301392,0.193359,0.893555
0.392944,-0.365967,0.919922
-0.562378,0.029419,0.724609
0.289673,-0.020630,1.005615
-0.043579,-0.400024,0.729858
-0.367554,0.195312,0.872681
0.416626,-0.343018,0.934937
-0.541870,-0.022949,0.709106
0.221436,0.004761,0.995239
-0.001953,-0.397583,0.762695
-0.433105,0.210449,0.857178
0.424927,-0.293701,0.963013
-0.506226,-0.082764,0.715088
0.155396,0.055298,1.011353
0.050659,-0.397461,0.790771
-0.494873,0.221313,0.850220
0.437378,-0.274292,0.972412
-0.447144,-0.129272,0.728027
0.092773,0.109253,1.022827
0.113770,-0.396240,0.812866
-0.534790,0.202759,0.824097
0.441650,-0.245483,0.982300
-0.373047,-0.159546,0.752197
0.026611,0.129272,1.007812
0.188843,-0.413940,0.841064
-0.563354,0.187012,0.806641
0.442139,-0.207275,1.000000
-0.283203,-0.211670,0.749146
-0.047729,0.154663,0.978271
0.255005,-0.409912,0.867188
-0.580322,0.148071,0.779419
0.431641,-0.175537,1.009399
-0.212280,-0.265137,0.741943
-0.125000,0.172363,0.950317
0.316406,-0.405640,0.885742
-0.581665,0.114990,0.773071
0.411865,-0.147339,1.014893
-0.140015,-0.326660,0.749512
-0.196045,0.174805,0.918335
0.358521,-0.376831,0.898926
-0.559326,0.074829,0.760620
0.365845,-0.100586,1.019287
-0.086304,-0.366455,0.745605
-0.265869,0.195801,0.893188
0.386841,-0.356689,0.918945
-0.542969,0.007446,0.742188
0.304199,-0.046997,1.004883
-0.041260,-0.395508,0.746704
-0.343872,0.187622,0.864990
0.414673,-0.339722,0.932861
-0.519897,-0.050293,0.725220
0.238770,-0.004028,1.002686
0.008057,-0.406616,0.753296
-0.413696,0.195435,0.844849
0.428711,-0.317993,0.949707
-0.485474,-0.092407,0.733398
0.174316,0.034912,1.015747
0.056396,-0.402222,0.787842
-0.473267,0.206421,0.829590
0.443970,-0.291748,0.968506
-0.447998,-0.121338,0.740601
0.115967,0.090210,1.021606
0.114746,-0.414429,0.814087
-0.522095,0.206055,0.813965
0.447632,-0.267334,0.968018
-0.383423,-0.168335,0.744019
0.049805,0.117432,1.012451
0.181152,-0.422729,0.827515
-0.558594,0.189087,0.803833
0.456909,-0.239014,0.986938
-0.314331,-0.201904,0.759399
-0.023315,0.145386,0.997314
0.248657,-0.442383,0.858521
-0.572388,0.158691,0.787598
0.452515,-0.207520,0.999878
-0.238403,-0.227661,0.763672
-0.089600,0.164795,0.971313
0.303955,-0.430054,0.876709
-0.571411,0.116943,0.785278
0.433960,-0.167847,1.013062
-0.167114,-0.287231,0.757812
-0.151489,0.159424,0.930420
0.349976,-0.415039,0.899292
-0.564209,0.098145,0.777710
0.402466,-0.137817,1.016724
-0.102783,-0.337646,0.760986
-0.223999,0.176025,0.903442
0.381592,-0.395630,0.909546
-0.541138,0.027222,0.766357
0.359375,-0.089111,1.011108
-0.059204,-0.373413,0.756104
-0.291260,0.174805,0.871094
0.407349,-0.380005,0.925659
-0.521118,-0.033691,0.749878
0.301392,-0.046509,1.013550
-0.013428,-0.403442,0.751587
-0.356689,0.161865,0.846069
0.431030,-0.362061,0.937500
-0.495239,-0.072510,0.746460
0.240234,-0.014893,1.016113
0.025146,-0.415283,0.759644
-0.414917,0.174072,0.833130
0.436157,-0.346069,0.943726
-0.476562,-0.113159,0.745117
0.182251,0.018677,1.018311
0.079590,-0.434326,0.790283
-0.471558,0.170532,0.799316
0.447144,-0.311157,0.948730
-0.429199,-0.152710,0.747925
0.124756,0.059204,1.020752
0.123535,-0.416382,0.815674
-0.517456,0.166382,0.791382
0.451172,-0.274292,0.969360
-0.378662,-0.171387,0.755127
0.048950,0.106201,1.019897
0.195190,-0.437866,0.837036
-0.545898,0.148926,0.782715
0.443726,-0.253296,0.979004
-0.306396,-0.202026,0.765625
-0.022705,0.134644,0.999634
0.264038,-0.449097,0.866455
-0.556396,0.119019,0.765991
0.441895,-0.216431,0.996216
-0.238647,-0.219116,0.770630
-0.093994,0.146240,0.968994
0.324341,-0.444580,0.891724
-0.557129,0.107056,0.766724
0.417725,-0.166870,1.012329
-0.161011,-0.281006,0.778687
-0.155273,0.153564,0.948975
0.368652,-0.430298,0.908325
-0.544434,0.079590,0.785889
0.388428,-0.130615,1.017334
-0.079468,-0.344727,0.778442
-0.231201,0.157837,0.902466
0.397949,-0.410034,0.926758
-0.517090,-0.002686,0.769409
0.343872,-0.090576,1.022095
-0.031372,-0.380249,0.768921
-0.304077,0.156006,0.868774
0.427368,-0.395996,0.931396
-0.503784,-0.053223,0.753052
0.281982,-0.045654,1.018066
0.019165,-0.416992,0.769043
-0.368408,0.146729,0.835205
0.448975,-0.376953,0.940674
-0.435669,-0.126099,0.743652
0.111572,0.091309,1.019775
0.078857,-0.436890,0.778198
-0.531494,0.203125,0.804688
0.444458,-0.257446,0.976929
-0.370239,-0.184082,0.749634
0.037476,0.127930,1.012451
0.196899,-0.411255,0.840088
-0.559570,0.180664,0.791016
0.451904,-0.234131,0.990356
-0.301636,-0.228882,0.744873
-0.039429,0.159180,0.995850
0.263672,-0.425537,0.860474
-0.572266,0.156982,0.776978
0.451416,-0.224976,1.003540
-0.223877,-0.251099,0.765137
-0.109131,0.171631,0.960327
0.316284,-0.420898,0.883667
-0.571167,0.124268,0.780762
0.436768,-0.176025,1.016113
-0.145752,-0.290039,0.775024
-0.180908,0.175293,0.923218
0.356445,-0.402954,0.905518
-0.565430,0.088867,0.774170
0.393433,-0.129639,1.020874
-0.088623,-0.346191,0.765625
-0.248291,0.180786,0.896973
0.382080,-0.391724,0.910034
-0.546753,0.030518,0.760132
0.345093,-0.089844,1.010864
-0.037598,-0.380615,0.776123
-0.310669,0.172607,0.867554
0.410767,-0.369385,0.927002
-0.521851,-0.033691,0.732178
0.282227,-0.037720,1.009399
0.007446,-0.411987,0.761108
-0.369629,0.161987,0.849487
0.433350,-0.351685,0.933228
-0.504761,-0.080444,0.726440
0.211060,0.009888,1.013916
0.052124,-0.429932,0.772949
-0.420776,0.163696,0.835938
0.444946,-0.314941,0.957397
-0.475586,-0.112671,0.731445
0.156128,0.050293,1.019531
0.095581,-0.433838,0.791138
-0.475830,0.161133,0.809326
0.451660,-0.298706,0.964233
-0.426880,-0.154541,0.733398
0.091187,0.095337,1.016113
0.144775,-0.437134,0.816895
-0.511230,0.148682,0.786011
0.459106,-0.284546,0.974243
-0.369995,-0.149658,0.751953
0.029785,0.127319,1.012695
0.212280,-0.451538,0.831909
-0.544067,0.145264,0.784912
0.464111,-0.258667,0.987549
-0.308472,-0.173218,0.767944
-0.036255,0.143677,0.989136
0.271851,-0.455322,0.864380
-0.560669,0.122559,0.770142
0.457886,-0.232056,1.005371
-0.239746,-0.216675,0.775391
-0.090088,0.155884,0.973511
0.309326,-0.441406,0.880249
-0.561401,0.095825,0.776001
0.437134,-0.202393,1.011841
-0.165039,-0.269287,0.780884
-0.155640,0.170654,0.951294
0.345825,-0.422607,0.898682
-0.549561,0.068237,0.780273
0.412231,-0.158203,1.023926
-0.104248,-0.322632,0.783936
-0.220093,0.164429,0.924194
0.380249,-0.397217,0.911743
-0.530396,0.025757,0.762695
0.367676,-0.117065,1.015625
-0.042358,-0.379883,0.777832
-0.279541,0.158203,0.877075
0.406494,-0.380127,0.926758
-0.514648,-0.041626,0.743408
0.315918,-0.082642,1.003540
0.009155,-0.406860,0.774536
-0.334961,0.153198,0.852295
0.426758,-0.368164,0.934937
-0.496704,-0.076782,0.737183
0.252930,-0.032715,1.010986
0.054810,-0.426514,0.777100
-0.390381,0.160767,0.836548
0.448730,-0.355469,0.951416
-0.476074,-0.118042,0.737793
0.190308,0.013428,1.009277
0.092163,-0.437256,0.781372
-0.429321,0.151611,0.820190
0.473755,-0.335938,0.963989
-0.451050,-0.158447,0.724487
0.125732,0.053467,1.009155
0.124878,-0.441528,0.794312
-0.473145,0.148315,0.800903
0.483887,-0.307129,0.983521
-0.400146,-0.156006,0.750977
0.072510,0.084595,1.011353
0.181274,-0.475342,0.808472
-0.499512,0.129761,0.785645
0.481323,-0.293457,0.989624
-0.353271,-0.196655,0.749634
0.010254,0.108154,1.011963
0.238281,-0.494995,0.830444
-0.522339,0.105957,0.765259
0.477783,-0.279175,0.992554
-0.302246,-0.209106,0.775879
-0.037964,0.135986,0.998291
0.275879,-0.485840,0.852295
-0.530762,0.079590,0.761353
0.462891,-0.251831,1.006836
-0.241943,-0.220337,0.800415
-0.092285,0.150024,0.989258
0.309814,-0.466553,0.866821
-0.537476,0.081421,0.779663
0.445068,-0.211670,1.018066
-0.180542,-0.251221,0.802490
-0.130737,0.158081,0.974854
0.334229,-0.448364,0.892334
-0.535645,0.064575,0.770508
0.421631,-0.170288,1.027466
-0.117310,-0.266235,0.816040
-0.170654,0.162842,0.959473
0.366333,-0.436523,0.901367
-0.527954,0.029175,0.767700
0.397583,-0.130249,1.037842
-0.058350,-0.314819,0.812256
-0.223633,0.169556,0.943481
0.399902,-0.445190,0.920044
-0.517090,-0.013550,0.754883
0.358154,-0.098633,1.023804
-0.015015,-0.354614,0.812134
-0.253174,0.166138,0.927124
0.425781,-0.425781,0.940796
-0.519531,-0.055298,0.737915
0.321289,-0.081665,1.014648
0.020874,-0.395508,0.795288
-0.280518,0.154419,0.905396
0.452271,-0.409058,0.949585
-0.502319,-0.094482,0.733032
0.279541,-0.046265,1.014893
0.048584,-0.425781,0.794434
-0.313354,0.141602,0.882324
0.466187,-0.389648,0.971436
-0.486084,-0.121094,0.736206
0.244141,-0.034912,1.026123
0.072388,-0.440796,0.794067
-0.340576,0.137817,0.871460
0.487915,-0.378296,0.974976
-0.467041,-0.133057,0.744385
0.204834,-0.016113,1.015381
0.085083,-0.445068,0.792847
-0.374756,0.130859,0.850708
0.493896,-0.364990,0.987793
-0.439209,-0.138184,0.753784
0.164795,0.012695,1.012451
0.109985,-0.456055,0.796997
-0.406616,0.130981,0.836792
0.504395,-0.347046,0.997437
-0.419434,-0.179565,0.747681
0.126343,0.041748,1.018188
0.146606,-0.470703,0.807373
-0.424438,0.119141,0.820312
0.510742,-0.330322,1.007568
-0.394409,-0.192383,0.745972
0.094482,0.066772,1.021240
0.187012,-0.480591,0.821045
-0.454102,0.102661,0.807861
0.514160,-0.311768,1.020996
-0.366455,-0.209351,0.756470
0.059204,0.098389,1.024536
0.220947,-0.491089,0.824341
-0.461182,0.076904,0.792480
0.506714,-0.306152,1.021484
-0.326294,-0.207886,0.782104
0.031372,0.099609,1.022583
0.254517,-0.480469,0.857544
-0.475586,0.069092,0.780640
0.494385,-0.272217,1.028076
-0.283203,-0.219849,0.802368
-0.005493,0.117432,1.022339
0.285767,-0.478882,0.871582
-0.489746,0.059326,0.778076
0.489624,-0.253906,1.040894
-0.245483,-0.200928,0.819458
-0.032959,0.135010,1.026733
0.320679,-0.482788,0.886963
-0.502319,0.069458,0.779663
0.468750,-0.226562,1.041138
-0.206909,-0.232788,0.816528
-0.062012,0.156616,1.021606
0.352905,-0.478271,0.912598
-0.514893,0.070923,0.789673
0.457886,-0.202759,1.044678
-0.158203,-0.234619,0.833740
-0.098511,0.163208,1.021118
0.376587,-0.468506,0.930420
-0.508301,0.047607,0.786377
0.441040,-0.179932,1.055298
-0.108887,-0.270752,0.839355
-0.126099,0.160889,1.010376
0.397827,-0.458984,0.941162
-0.508789,0.025879,0.788696
0.426758,-0.159180,1.052368
-0.072998,-0.305908,0.833374
-0.157715,0.161011,1.003906
0.420898,-0.447266,0.954468
-0.491943,-0.013062,0.773071
0.401367,-0.135254,1.044312
-0.024414,-0.339355,0.829590
-0.187134,0.165771,0.986572
0.451660,-0.428711,0.967651
-0.481323,-0.036499,0.772217
0.374634,-0.106201,1.055542
0.018188,-0.374756,0.834473
-0.218750,0.169067,0.974731
0.472046,-0.416748,0.989014
-0.463013,-0.065918,0.777100
0.349976,-0.074585,1.065308
0.043823,-0.393066,0.822754
-0.245728,0.163940,0.957642
0.502075,-0.404907,0.997314
-0.457520,-0.098511,0.766724
0.321045,-0.039795,1.060181
0.075684,-0.401367,0.840210
-0.275269,0.153076,0.942261
0.506470,-0.393677,1.012207
-0.446655,-0.123657,0.760864
0.289307,-0.025269,1.063843
0.096802,-0.399902,0.842407
-0.308228,0.157227,0.941040
0.516846,-0.384399,1.019897
-0.431030,-0.137451,0.765747
0.256470,0.000122,1.054688
0.111084,-0.389648,0.859253
-0.329346,0.158813,0.924683
0.532349,-0.358398,1.039551
-0.412109,-0.169067,0.752319
0.206543,0.023926,1.052734
0.160278,-0.415283,0.863037
-0.367554,0.132446,0.894165
0.547729,-0.342651,1.050171
-0.375488,-0.202881,0.769775
0.163086,0.048462,1.050659
0.204956,-0.425537,0.871948
-0.383423,0.109985,0.867310
0.550171,-0.319214,1.060059
-0.339111,-0.220581,0.786743
0.113525,0.070679,1.046997
0.248047,-0.450562,0.884277
-0.405518,0.091919,0.839600
0.550415,-0.296509,1.068237
-0.291748,-0.213989,0.817139
0.068726,0.108643,1.049194
0.291992,-0.463867,0.893066
-0.428833,0.065063,0.816040
0.533569,-0.255737,1.077637
-0.237793,-0.224609,0.832764
0.028809,0.127563,1.061035
0.330811,-0.462036,0.922974
-0.453003,0.059570,0.812378
0.517700,-0.224243,1.087524
-0.190552,-0.222290,0.851685
-0.022095,0.156982,1.061523
0.373779,-0.443115,0.951050
-0.468140,0.064697,0.822632
0.491211,-0.178101,1.093628
-0.125244,-0.244995,0.859985
-0.067383,0.175293,1.056274
0.411743,-0.423950,0.983521
-0.474854,0.037231,0.804932
0.466309,-0.139282,1.099854
-0.053101,-0.287598,0.866821
-0.112793,0.182373,1.057251
0.451660,-0.413086,1.002319
-0.460571,-0.007202,0.802246
0.435059,-0.096558,1.102661
0.018311,-0.328125,0.875610
-0.168091,0.201294,1.026611
0.489136,-0.390503,1.025635
-0.446655,-0.051392,0.794189
0.388916,-0.066040,1.107544
0.067993,-0.371094,0.868408
-0.212646,0.197998,1.011108
0.519165,-0.364258,1.050659
-0.419678,-0.085327,0.804077
0.335938,-0.025635,1.091797
0.079224,-0.373535,0.871826
-0.269165,0.190552,0.984497
0.544556,-0.338135,1.067017
-0.391357,-0.130615,0.791260
0.286743,0.009766,1.087891
0.140015,-0.395142,0.884766
-0.322266,0.175415,0.949219
0.564575,-0.322144,1.085205
-0.354614,-0.170898,0.801758
0.226562,0.051025,1.090088
0.208252,-0.419556,0.904175
-0.360107,0.136841,0.904541
0.570312,-0.307861,1.090576
-0.315063,-0.203979,0.796509
0.160522,0.089600,1.090576
0.270630,-0.434692,0.924561
-0.385620,0.086792,0.869019
0.555298,-0.272217,1.086914
-0.276489,-0.219604,0.822754
0.106689,0.117798,1.077637
0.339355,-0.435059,0.963867
-0.416382,0.077881,0.850464
0.540649,-0.224854,1.096313
-0.219727,-0.213135,0.840088
0.048584,0.148315,1.083984
0.376099,-0.426758,0.975952
-0.421509,0.067871,0.851807
0.523071,-0.177124,1.112549
-0.159180,-0.239136,0.861694
-0.020020,0.165405,1.074951
0.422119,-0.411865,1.007690
-0.434570,0.031372,0.848511
0.501587,-0.126587,1.138672
-0.093262,-0.268066,0.869629
-0.079468,0.190796,1.073975
0.463013,-0.399048,1.028809
-0.428589,-0.009033,0.834351
0.475464,-0.086304,1.145020
0.005127,-0.326050,0.887695
-0.145752,0.205200,1.056519
0.493896,-0.384155,1.046509
-0.423706,-0.046997,0.831299
0.430786,-0.050171,1.147949
0.056274,-0.353760,0.888672
-0.194458,0.197876,1.031738
0.523682,-0.352539,1.073730
-0.396240,-0.101196,0.809326
0.373535,-0.014160,1.136230
0.079956,-0.345215,0.903809
-0.262573,0.208618,1.019165
0.553223,-0.323486,1.096191
-0.368042,-0.135864,0.814453
0.315796,0.027100,1.136597
0.147583,-0.364502,0.917603
-0.307861,0.188599,0.973999
0.569946,-0.304688,1.107788
-0.335938,-0.184570,0.809937
0.241333,0.061279,1.122803
0.226807,-0.412109,0.926758
-0.346802,0.130981,0.915894
0.579834,-0.278809,1.113403
-0.293457,-0.223022,0.819214
0.164307,0.107422,1.111816
0.311401,-0.433228,0.960205
-0.380615,0.086914,0.880493
0.555054,-0.221558,1.121460
-0.233032,-0.226074,0.842285
0.095581,0.130249,1.096191
0.367065,-0.417847,0.988159
-0.413574,0.099854,0.871094
0.546997,-0.180298,1.127563
-0.173096,-0.231445,0.862183
0.023560,0.161743,1.099976
0.419067,-0.416016,1.009766
-0.429810,0.057129,0.857910
0.520020,-0.139771,1.136841
-0.094360,-0.260986,0.882324
-0.047852,0.188965,1.091187
0.457886,-0.386597,1.034180
-0.426147,0.002563,0.841919
0.491577,-0.093872,1.155151
0.005005,-0.319458,0.896362
-0.119751,0.204102,1.082031
0.498047,-0.361084,1.058594
-0.417847,-0.032471,0.833008
0.448486,-0.049072,1.153564
0.035645,-0.319092,0.899414
-0.188599,0.213257,1.055786
0.534668,-0.333008,1.093262
-0.403931,-0.085815,0.821045
0.387939,0.002075,1.159302
0.091309,-0.345581,0.907837
-0.258545,0.208496,1.028931
0.568237,-0.312866,1.112305
-0.370850,-0.167969,0.806885
0.307251,0.047119,1.147827
0.182251,-0.369751,0.933716
-0.311768,0.171753,0.968018
0.580444,-0.282593,1.124878
-0.315674,-0.202393,0.822998
0.226562,0.087646,1.126343
0.258789,-0.409180,0.954956
-0.355835,0.107788,0.909790
0.577271,-0.249023,1.129517
-0.257080,-0.242676,0.828857
0.137695,0.127075,1.115112
0.336060,-0.415039,0.973022
-0.391968,0.091064,0.881836
0.561523,-0.203125,1.140503
-0.206055,-0.255005,0.850586
0.060547,0.151001,1.107788
0.395752,-0.404907,1.007568
-0.423706,0.071655,0.869507
0.539795,-0.150024,1.152832
-0.122070,-0.278564,0.876709
-0.023560,0.177246,1.099121
0.434204,-0.390137,1.034790
-0.420532,0.025024,0.861206
0.516479,-0.110840,1.163696
-0.007812,-0.323853,0.883057
-0.096313,0.182495,1.081299
0.470215,-0.356201,1.047852
-0.415771,-0.019409,0.846069
0.470337,-0.063721,1.169312
0.015625,-0.326050,0.887573
-0.174805,0.209717,1.062744
0.515869,-0.330444,1.083618
-0.403564,-0.064453,0.827637
0.415649,-0.012817,1.178467
0.068115,-0.339844,0.906982
-0.250244,0.200073,1.034546
0.551636,-0.311401,1.100342
-0.371948,-0.139526,0.814697
0.331909,0.040161,1.152466
0.151367,-0.361328,0.928467
-0.309570,0.151001,0.962158
0.565308,-0.286377,1.118164
-0.317749,-0.229736,0.804443
0.238037,0.082031,1.145508
0.240479,-0.397217,0.944458
-0.365234,0.121582,0.912842
0.577393,-0.264038,1.128418
-0.265503,-0.254028,0.823730
0.147705,0.119995,1.119873
0.326904,-0.398926,0.977417
-0.411255,0.131226,0.895508
0.567383,-0.210938,1.134277
-0.208984,-0.257568,0.843262
0.057983,0.145630,1.107910
0.381714,-0.387573,1.006348
-0.420410,0.073853,0.875488
0.550049,-0.164917,1.143799
-0.105835,-0.294189,0.867554
-0.027710,0.162598,1.093994
0.432861,-0.369263,1.030762
-0.419556,0.020996,0.857300
0.512939,-0.106445,1.164429
-0.031982,-0.326904,0.861572
-0.116943,0.175659,1.069580
0.482422,-0.341553,1.069946
-0.423340,-0.022461,0.848511
0.459961,-0.044678,1.179443
0.013184,-0.336792,0.876343
-0.215576,0.197021,1.033325
0.529175,-0.306152,1.098633
-0.380737,-0.097290,0.831055
0.379639,0.020752,1.174683
0.063599,-0.340332,0.897339
-0.276367,0.167480,0.975830
0.563843,-0.285767,1.128052
-0.337769,-0.171021,0.818237
0.282104,0.066162,1.148193
0.163574,-0.365356,0.908081
-0.337280,0.125122,0.925903
0.567871,-0.277466,1.119873
-0.281494,-0.233032,0.833130
0.195312,0.099365,1.136108
0.252319,-0.391846,0.938721
-0.412354,0.115723,0.881714
0.569336,-0.253174,1.129395
-0.222778,-0.286255,0.835815
0.086792,0.148682,1.120605
0.343018,-0.385620,0.971558
-0.441650,0.076294,0.868408
0.544800,-0.193359,1.140381
-0.144287,-0.296021,0.865234
-0.000488,0.157227,1.101074
0.397339,-0.367432,1.007568
-0.446899,0.027588,0.843384
0.500366,-0.135986,1.147827
-0.058960,-0.333008,0.858276
-0.072266,0.154297,1.076294
0.451904,-0.332520,1.040894
-0.453003,-0.017456,0.818970
0.457275,-0.078857,1.153076
-0.012207,-0.344971,0.868652
-0.180054,0.212158,1.056519
0.498413,-0.298584,1.087036
-0.417847,-0.080322,0.806396
0.383789,-0.036987,1.146729
0.025269,-0.353760,0.882446
-0.247803,0.170776,0.996338
0.543579,-0.280762,1.120728
-0.390137,-0.126709,0.804688
0.321411,0.031616,1.164917
0.102417,-0.378540,0.893066
-0.309814,0.157715,0.963135
0.553589,-0.279175,1.117432
-0.346680,-0.192627,0.798706
0.253784,0.060669,1.143433
0.161011,-0.386475,0.908447
-0.368652,0.157104,0.926147
0.566895,-0.280151,1.111694
-0.309570,-0.223755,0.815308
0.190186,0.077393,1.128296
0.222290,-0.403687,0.927734
-0.406372,0.127808,0.889038
0.555786,-0.246216,1.113525
-0.271484,-0.235474,0.822632
0.121826,0.103271,1.107666
0.280029,-0.395752,0.948608
-0.430298,0.091675,0.871338
0.543701,-0.195801,1.123291
-0.235352,-0.245239,0.822510
0.059692,0.147705,1.104980
0.320435,-0.387573,0.961548
-0.444214,0.052612,0.853638
0.535278,-0.200439,1.126343
-0.179443,-0.268311,0.839722
0.003296,0.154785,1.091919
0.359131,-0.386841,0.965576
-0.458252,0.040405,0.846069
0.506104,-0.170044,1.133911
-0.109619,-0.293945,0.842163
-0.042969,0.130615,1.063477
0.388672,-0.378052,0.990967
-0.465454,0.004883,0.826416
0.483765,-0.135498,1.129272
-0.100220,-0.316650,0.823608
-0.082275,0.160156,1.068726
0.420532,-0.372070,1.003906
-0.484131,0.008667,0.824585
0.470947,-0.104004,1.146729
-0.086792,-0.319336,0.813477
-0.147583,0.178345,1.048828
0.452637,-0.344116,1.030640
-0.480103,-0.016357,0.813232
0.432007,-0.064209,1.146362
-0.065796,-0.315186,0.832397
-0.200073,0.171509,1.023926
0.481079,-0.338379,1.050781
-0.461914,-0.055542,0.801147
0.395142,-0.026123,1.149414
-0.044434,-0.303101,0.834351
-0.247925,0.170654,0.995117
0.513794,-0.342163,1.076416
-0.443237,-0.106567,0.787964
0.336792,-0.000610,1.138550
0.017700,-0.323608,0.847534
-0.309082,0.181519,0.956909
0.525513,-0.322632,1.079956
-0.398926,-0.172852,0.780273
0.277710,0.014771,1.131958
0.078857,-0.361938,0.862183
-0.376953,0.162354,0.918823
0.536255,-0.322754,1.069702
-0.350830,-0.210205,0.796875
0.194092,0.049683,1.112183
0.141602,-0.378174,0.884888
-0.418335,0.140381,0.882080
0.535645,-0.275391,1.091187
-0.327759,-0.235596,0.793213
0.110596,0.096191,1.095337
0.226685,-0.384644,0.914673
-0.454834,0.099487,0.848267
0.528809,-0.229736,1.093262
-0.245117,-0.265381,0.816284
0.020630,0.090820,1.066284
0.284424,-0.389282,0.933472
-0.466431,0.062622,0.830200
0.503784,-0.182129,1.105103
-0.160889,-0.286621,0.812988
-0.054321,0.122070,1.042114
0.345337,-0.378174,0.963867
-0.490479,-0.001709,0.789062
0.477783,-0.142822,1.118896
-0.123901,-0.305542,0.810059
-0.159790,0.178589,1.036377
0.411133,-0.353149,1.002930
-0.483154,-0.059326,0.784912
0.405762,-0.093140,1.121094
-0.083374,-0.310425,0.821289
-0.264771,0.187134,0.984741
0.473389,-0.314941,1.049194
-0.451904,-0.130493,0.760132
0.312988,-0.025757,1.118286
-0.002808,-0.353760,0.827026
-0.330933,0.161133,0.937744
0.500000,-0.298706,1.055664
-0.400391,-0.198486,0.762451
0.210571,0.032837,1.093994
0.104492,-0.388550,0.859375
-0.420532,0.142456,0.881714
0.510620,-0.249878,1.078247
-0.346924,-0.230347,0.769897
0.097412,0.081299,1.085693
0.203491,-0.397705,0.895630
-0.464966,0.075928,0.834351
0.498535,-0.206909,1.079346
-0.230103,-0.291992,0.789795
-0.002563,0.117798,1.064209
0.282959,-0.404297,0.918091
-0.494629,0.046875,0.801514
0.474121,-0.183228,1.082275
-0.174072,-0.292236,0.786499
-0.115723,0.146851,1.035645
0.362427,-0.387451,0.956909
-0.509155,-0.020508,0.783569
0.420654,-0.105347,1.102173
-0.138184,-0.289429,0.801147
-0.279907,0.162109,0.972168
0.552612,-0.291748,1.110596
-0.491333,-0.095825,0.749023
0.255127,0.048584,1.135498
-0.046875,-0.312744,0.820801
-0.370239,0.139160,0.916260
0.566650,-0.257202,1.115356
-0.281860,-0.260254,0.824341
0.118042,0.098877,1.106689
0.272583,-0.386230,0.949951
-0.416382,0.077759,0.865112
0.545654,-0.207153,1.121704
-0.198853,-0.291626,0.828491
0.000854,0.135132,1.086548
0.356934,-0.370361,0.985840
-0.436279,0.028320,0.843994
0.497925,-0.123901,1.142456
-0.090698,-0.325439,0.826416
-0.097900,0.155884,1.058960
0.429688,-0.344360,1.029541
-0.460083,-0.034424,0.815552
0.443726,-0.063965,1.160034
-0.043945,-0.296021,0.849487
-0.230225,0.200806,1.034424
0.492310,-0.315918,1.071777
-0.430542,-0.116943,0.788818
0.356323,-0.001953,1.158447
0.056396,-0.338501,0.875977
-0.334106,0.155273,0.944824
0.528076,-0.304199,1.086060
-0.352905,-0.221924,0.787231
0.231445,0.068604,1.136108
0.178345,-0.374268,0.905396
-0.410767,0.131714,0.890259
0.538818,-0.236816,1.104736
-0.286377,-0.273438,0.795776
0.087402,0.096313,1.092285
0.283325,-0.376221,0.952148
-0.443848,0.079712,0.860962
0.525757,-0.184937,1.117554
-0.160522,-0.301147,0.827026
-0.029785,0.131348,1.066650
0.359375,-0.359253,0.982056
-0.447021,-0.004639,0.820312
0.476807,-0.115234,1.137085
-0.112549,-0.307495,0.810669
-0.150391,0.174072,1.034058
0.440796,-0.338135,1.025269
-0.453857,-0.071289,0.797119
0.400879,-0.055176,1.138306
-0.045654,-0.305908,0.842896
-0.256226,0.197388,1.001465
0.499634,-0.287476,1.083496
-0.410889,-0.190918,0.770142
0.280884,0.004150,1.127075
0.062744,-0.370972,0.860352
-0.346558,0.151367,0.925415
0.528076,-0.255493,1.090820
-0.346558,-0.225586,0.794312
0.156738,0.079468,1.099976
0.188721,-0.401367,0.906006
-0.424927,0.101685,0.861328
0.527222,-0.210327,1.096436
-0.280884,-0.259399,0.797241
0.034180,0.129761,1.088745
0.284058,-0.392944,0.938232
-0.464111,0.041626,0.827515
0.510376,-0.186279,1.105469
-0.169800,-0.283813,0.808838
-0.058594,0.156372,1.062866
0.353149,-0.376709,0.964966
-0.485474,-0.011719,0.802124
0.467285,-0.147949,1.119141
-0.122437,-0.302246,0.794434
-0.180786,0.183960,1.026611
0.426514,-0.333374,1.000488
-0.485596,-0.063843,0.787476
0.386475,-0.093994,1.112549
-0.058105,-0.319214,0.822876
-0.270264,0.186035,0.979492
0.470703,-0.309204,1.037354
-0.449463,-0.123901,0.761841
0.287598,-0.047607,1.102905
0.039185,-0.357788,0.847778
-0.353149,0.160400,0.915649
0.497192,-0.274658,1.062256
-0.389893,-0.201538,0.765747
0.171631,0.048340,1.093872
0.141357,-0.396484,0.879517
-0.423218,0.123291,0.882568
0.512939,-0.239868,1.073975
-0.346436,-0.225708,0.776611
0.074341,0.088867,1.068970
0.221680,-0.392822,0.903442
-0.461670,0.070557,0.844727
0.507324,-0.211182,1.096558
-0.233765,-0.270508,0.793213
-0.019287,0.134399,1.051514
0.296021,-0.398071,0.916504
-0.483643,0.027222,0.811279
0.480835,-0.177002,1.101318
-0.177124,-0.306641,0.781616
-0.123779,0.154785,1.019287
0.363403,-0.370850,0.952881
-0.499390,-0.017700,0.784912
0.432373,-0.142822,1.098511
-0.140747,-0.308472,0.788086
-0.233643,0.184204,1.000000
0.417725,-0.333496,1.006836
-0.494751,-0.085693,0.762695
0.363403,-0.082642,1.107910
-0.075073,-0.320435,0.813354
-0.306641,0.176392,0.954224
0.462158,-0.315674,1.028198
-0.470093,-0.146729,0.744507
0.278442,-0.031738,1.099243
0.007812,-0.347290,0.829102
-0.379395,0.158325,0.907104
0.480469,-0.296265,1.039551
-0.412842,-0.192993,0.752319
0.173828,0.044800,1.072388
0.104248,-0.383545,0.858398
-0.447876,0.130249,0.860596
0.491821,-0.264648,1.050537
-0.379639,-0.230469,0.760742
0.084473,0.077393,1.063110
0.186768,-0.384644,0.883301
-0.485596,0.092773,0.822021
0.484863,-0.245361,1.058838
-0.270874,-0.278687,0.776367
0.006714,0.091797,1.033447
0.253662,-0.392822,0.895874
-0.503052,0.069580,0.801147
0.468750,-0.199097,1.071899
-0.223877,-0.309082,0.750244
-0.092651,0.136108,1.022827
0.319946,-0.398071,0.917969
-0.518921,0.012085,0.773560
0.432129,-0.140991,1.083618
-0.184814,-0.305420,0.770142
-0.193359,0.155151,1.001709
0.376587,-0.383667,0.958862
-0.523315,-0.033325,0.761597
0.386353,-0.089355,1.090454
-0.141724,-0.299561,0.781494
-0.284668,0.172974,0.963379
0.423584,-0.355103,0.992798
-0.510376,-0.082520,0.741455
0.303467,-0.039673,1.081299
-0.071655,-0.340942,0.786011
-0.354004,0.163818,0.923096
0.446899,-0.343750,1.007202
-0.479248,-0.148071,0.724487
0.221802,0.007324,1.072876
0.016357,-0.365112,0.816040
-0.421875,0.166992,0.892090
0.463501,-0.298950,1.029297
-0.442871,-0.216309,0.727539
0.129150,0.047485,1.052368
0.096680,-0.378174,0.846313
-0.477173,0.122803,0.842407
0.471558,-0.265747,1.035278
-0.360596,-0.240112,0.755859
0.045044,0.086060,1.043335
0.173706,-0.380493,0.856934
-0.514648,0.100342,0.804565
0.469849,-0.237061,1.041382
-0.273560,-0.283081,0.756226
-0.042480,0.127808,1.022827
0.246094,-0.404053,0.871094
-0.540405,0.071777,0.779419
0.450073,-0.207642,1.042725
-0.223389,-0.300659,0.745239
-0.131836,0.153198,1.005859
0.309814,-0.382935,0.920288
-0.552002,0.022705,0.752930
0.406860,-0.159180,1.056152
-0.192505,-0.319214,0.741577
-0.228149,0.166626,0.980225
0.365356,-0.358643,0.954224
-0.550781,-0.028320,0.740723
0.348022,-0.100342,1.055664
-0.133545,-0.326660,0.768188
-0.299194,0.161865,0.937988
0.400391,-0.339111,0.978271
-0.519409,-0.091919,0.718018
0.280273,-0.041504,1.060181
-0.077271,-0.343262,0.781738
-0.385498,0.164673,0.904419
0.432495,-0.319336,1.003174
-0.492676,-0.143555,0.706665
0.189941,0.021729,1.054810
0.005005,-0.375610,0.808228
-0.452637,0.159546,0.873779
0.452271,-0.302612,1.014771
-0.468384,-0.169556,0.722290
0.098511,0.071411,1.042358
0.099243,-0.393921,0.830933
-0.510742,0.137329,0.843018
0.465332,-0.286621,1.023804
-0.378174,-0.205811,0.757568
0.019775,0.103638,1.022583
0.176025,-0.395508,0.848145
-0.543335,0.107544,0.809570
0.449585,-0.251709,1.022339
-0.290161,-0.286743,0.741089
-0.064209,0.131226,0.996948
0.245361,-0.387817,0.876099
-0.558838,0.064941,0.770996
0.434448,-0.227661,1.028198
-0.234497,-0.331177,0.720825
-0.154297,0.148071,0.988281
0.306763,-0.369995,0.910645
-0.572510,0.034302,0.755615
0.393311,-0.176025,1.033325
-0.189087,-0.340698,0.730469
-0.239136,0.159424,0.959473
0.352173,-0.360596,0.940430
-0.569214,-0.019897,0.732178
0.335938,-0.118774,1.043945
-0.141846,-0.344849,0.745850
-0.325684,0.169067,0.917603
0.393311,-0.337891,0.955444
-0.543335,-0.065552,0.723145
0.270386,-0.055420,1.035889
-0.082153,-0.370239,0.766113
-0.406738,0.184326,0.882202
0.415894,-0.320190,0.982056
-0.517456,-0.113770,0.705322
0.178467,0.010986,1.042725
0.011719,-0.397095,0.795410
-0.482300,0.190918,0.865967
0.435669,-0.283936,1.002319
-0.467407,-0.187500,0.707886
0.077515,0.074707,1.034058
0.096802,-0.414917,0.815918
-0.529175,0.159790,0.834961
0.448242,-0.267334,1.010742
-0.376343,-0.205322,0.735962
0.003296,0.108032,1.028931
0.179565,-0.426025,0.837646
-0.565918,0.119873,0.805786
0.441040,-0.230957,1.013672
-0.297241,-0.253784,0.740356
-0.092285,0.137695,0.986816
0.261597,-0.421631,0.875610
-0.587158,0.079224,0.766357
0.417603,-0.187988,1.024170
-0.234619,-0.292969,0.717285
-0.200317,0.171265,0.972290
0.330200,-0.386353,0.912354
-0.572144,0.016968,0.750854
0.366333,-0.139282,1.025635
-0.178711,-0.325195,0.719238
-0.295898,0.183594,0.918213
0.376587,-0.374756,0.939941
-0.566406,-0.043457,0.717896
0.288574,-0.062744,1.032715
-0.115723,-0.369507,0.740234
-0.383301,0.187134,0.900269
0.408447,-0.342041,0.954834
-0.529785,-0.106812,0.696167
0.194824,0.002563,1.032349
-0.027466,-0.381836,0.772949
-0.468872,0.197021,0.865356
0.430786,-0.302002,0.985107
-0.481079,-0.144409,0.721069
0.092407,0.069458,1.022949
0.071289,-0.403442,0.803955
-0.532227,0.180542,0.840576
0.434937,-0.265869,0.995361
-0.379028,-0.203491,0.740356
0.005615,0.100952,1.014282
0.167236,-0.412964,0.841187
-0.570679,0.131470,0.801392
0.428833,-0.219116,1.012207
-0.283447,-0.269043,0.724976
-0.097412,0.147095,0.980957
0.254517,-0.405396,0.870605
-0.580933,0.084961,0.771729
0.393188,-0.170288,1.016235
-0.218750,-0.315186,0.718506
-0.226318,0.162964,0.946411
0.327393,-0.385864,0.903442
-0.578003,0.026733,0.753540
0.355103,-0.124878,1.021973
-0.158325,-0.346436,0.715820
-0.324585,0.175415,0.899536
0.373413,-0.365723,0.929321
-0.567261,-0.031128,0.712158
0.269775,-0.050659,1.029663
-0.094604,-0.366089,0.751465
-0.420288,0.206909,0.882690
0.407349,-0.325439,0.952148
-0.529663,-0.093140,0.709351
0.158813,0.024536,1.021606
0.011841,-0.392090,0.784790
-0.504761,0.207886,0.858887
0.426392,-0.288574,0.977661
-0.458862,-0.143066,0.722778
0.062622,0.098022,1.022827
0.112183,-0.409180,0.813965
-0.558594,0.179321,0.824829
0.433716,-0.242432,0.991699
-0.343750,-0.243042,0.721313
-0.026123,0.123291,1.000732
0.203735,-0.409668,0.846924
-0.590698,0.137695,0.791016
0.417480,-0.183228,1.016113
-0.254028,-0.290894,0.714355
-0.135986,0.156616,0.970825
0.284424,-0.401001,0.873169
-0.591919,0.087402,0.770142
0.386475,-0.135010,1.017578
-0.195801,-0.331299,0.712036
-0.259644,0.173950,0.921021
0.357544,-0.391724,0.909058
-0.574829,0.013794,0.743774
0.322388,-0.074585,1.021118
-0.141968,-0.357544,0.713379
-0.368164,0.200073,0.890869
0.394409,-0.361694,0.927368
-0.541992,-0.064819,0.709961
0.236328,-0.017578,1.019165
-0.064575,-0.373169,0.747681
-0.464966,0.226074,0.869385
0.416870,-0.322144,0.950317
-0.494995,-0.153320,0.705200
0.130005,0.040405,1.016968
0.035645,-0.383789,0.802246
-0.540039,0.226196,0.838379
0.428101,-0.280640,0.965942
-0.392334,-0.205566,0.735474
0.036255,0.095093,1.016479
0.142578,-0.395020,0.826660
-0.580200,0.190796,0.807617
0.416504,-0.223145,0.978027
-0.293945,-0.280151,0.724487
-0.066406,0.131470,0.991333
0.250122,-0.400757,0.863647
-0.590698,0.153442,0.788818
0.391968,-0.161743,1.001099
-0.215210,-0.343018,0.705688
-0.189087,0.158081,0.945923
0.319702,-0.387939,0.891724
-0.577148,0.086792,0.764526
0.353149,-0.099976,1.013184
-0.158691,-0.325806,0.719604
-0.302002,0.177002,0.893433
0.369141,-0.383911,0.914429
-0.550903,0.005737,0.727173
0.284790,-0.036255,1.015991
-0.101562,-0.363403,0.732544
-0.402832,0.197510,0.870483
0.407837,-0.342529,0.934692
-0.522095,-0.082642,0.713257
0.190918,0.035034,1.012451
-0.023071,-0.374023,0.767334
-0.486694,0.223999,0.857788
0.422485,-0.307983,0.960571
-0.468384,-0.144165,0.713745
0.104126,0.071289,1.018921
0.082275,-0.394043,0.801270
-0.560669,0.223999,0.834595
0.429932,-0.262573,0.968994
-0.368530,-0.214355,0.727661
0.014526,0.116333,1.001221
0.182373,-0.397949,0.840698
-0.583862,0.197754,0.806519
0.421265,-0.216431,0.986816
-0.269165,-0.293213,0.718384
-0.090698,0.140869,0.979004
0.262939,-0.377197,0.882080
-0.599243,0.152588,0.791504
0.393677,-0.158447,1.004395
-0.194824,-0.308350,0.730835
-0.195068,0.156982,0.935425
0.331055,-0.378418,0.895996
-0.582520,0.093262,0.758301
0.354248,-0.093140,1.014893
-0.141357,-0.351074,0.717285
-0.301270,0.169800,0.890503
0.375610,-0.369141,0.918823
-0.546265,0.002686,0.728882
0.272949,-0.016479,1.016357
-0.082153,-0.372925,0.731567
-0.396851,0.204590,0.872070
0.408936,-0.335693,0.944580
-0.522705,-0.094727,0.693848
0.187988,0.032593,1.009644
-0.005127,-0.383423,0.767334
-0.481079,0.233643,0.859131
0.437256,-0.305664,0.957886
-0.448975,-0.145752,0.732300
0.100586,0.082520,1.012573
0.072144,-0.379028,0.801147
-0.538330,0.228149,0.834961
0.435791,-0.270874,0.975952
-0.361084,-0.209106,0.736328
0.028809,0.116943,1.016113
0.168701,-0.390991,0.841675
-0.578979,0.207642,0.807373
0.428345,-0.218262,0.989136
-0.269531,-0.262085,0.744019
-0.066772,0.148926,0.984619
0.253784,-0.371704,0.879883
-0.598511,0.172119,0.791382
0.405640,-0.162476,0.993042
-0.199951,-0.320435,0.720215
-0.161377,0.158813,0.948486
0.326172,-0.382812,0.895386
-0.580444,0.116455,0.765137
0.367188,-0.098022,1.013428
-0.145752,-0.336914,0.723755
-0.259399,0.171753,0.906006
0.374023,-0.379395,0.917236
-0.555176,0.051514,0.751343
0.297729,-0.035156,1.001953
-0.090820,-0.378174,0.721558
-0.353394,0.179565,0.867920
0.407959,-0.343994,0.935669
-0.528442,-0.050049,0.708130
0.220703,0.024170,1.010864
-0.027344,-0.387573,0.750244
-0.441650,0.205566,0.856201
0.426147,-0.315063,0.951172
-0.483398,-0.104004,0.730347
0.146484,0.077148,1.030518
0.041016,-0.376831,0.794800
-0.513306,0.228271,0.842285
0.432983,-0.285889,0.962158
-0.403076,-0.177856,0.740479
0.070435,0.115723,1.027710
0.131348,-0.386108,0.827026
-0.562744,0.225708,0.816162
0.434204,-0.242188,0.976074
-0.300659,-0.234253,0.741943
-0.019043,0.144165,0.999268
0.227417,-0.374390,0.862427
-0.577637,0.192993,0.796265
0.423462,-0.188477,0.984253
-0.215942,-0.289673,0.736572
-0.116455,0.161499,0.960815
0.299683,-0.379150,0.892090
-0.576050,0.140747,0.778198
0.398193,-0.125000,1.008545
-0.150391,-0.319092,0.739868
-0.222290,0.159424,0.916016
0.360229,-0.367432,0.905884
-0.549683,0.075684,0.758667
0.334106,-0.038086,1.015625
-0.092285,-0.356445,0.719482
-0.319580,0.159668,0.866699
0.395142,-0.345093,0.934326
-0.526489,-0.026733,0.725220
0.243042,0.014160,1.011230
-0.027222,-0.389160,0.742554
-0.422241,0.198608,0.850952
0.428955,-0.326660,0.941406
-0.485962,-0.099976,0.723877
0.163452,0.067383,1.025269
0.037231,-0.387451,0.789429
-0.504150,0.228027,0.834351
0.451050,-0.304810,0.966431
-0.422852,-0.142090,0.743286
0.088379,0.109619,1.025024
0.131714,-0.378296,0.828491
-0.554199,0.224365,0.811035
0.446655,-0.263794,0.964600
-0.319092,-0.237183,0.750610
-0.005493,0.139160,0.998535
0.214355,-0.369873,0.872314
-0.572754,0.183838,0.796021
0.435059,-0.197754,0.995850
-0.220337,-0.286621,0.752930
-0.099609,0.149780,0.960938
0.293213,-0.374023,0.890137
-0.572388,0.127808,0.775879
0.410767,-0.133179,1.015381
-0.134521,-0.322632,0.755737
-0.194580,0.158813,0.915527
0.347656,-0.370605,0.900024
-0.555420,0.086548,0.759033
0.349121,-0.063721,1.010864
-0.078125,-0.384888,0.734741
-0.300903,0.176270,0.874756
0.389893,-0.363159,0.918945
-0.535645,-0.011108,0.725586
0.271118,-0.007324,1.009521
-0.031860,-0.395752,0.744873
-0.385986,0.180908,0.851807
0.422607,-0.341919,0.945312
-0.501221,-0.081787,0.725708
0.187134,0.037720,1.015747
0.020020,-0.384766,0.774780
-0.465576,0.206787,0.837036
0.441772,-0.309937,0.958252
-0.449707,-0.122437,0.751587
0.117798,0.071655,1.018677
0.098633,-0.383789,0.814575
-0.530029,0.211426,0.817017
0.454956,-0.270874,0.978394
-0.360352,-0.209229,0.748901
0.022705,0.124878,1.012207
0.190430,-0.389282,0.852295
-0.562744,0.189575,0.792480
0.440552,-0.207031,0.984863
-0.245605,-0.254272,0.763428
-0.064087,0.149658,0.979004
0.269043,-0.399536,0.871948
-0.576172,0.143433,0.765503
0.418701,-0.149536,1.012329
-0.158569,-0.291016,0.755859
-0.143799,0.149170,0.933105
0.337158,-0.392822,0.897827
-0.573975,0.113281,0.765259
0.383911,-0.092773,1.013184
-0.085327,-0.358887,0.747559
-0.236816,0.171753,0.906616
0.381958,-0.381714,0.917969
-0.546997,0.032959,0.740967
0.320557,-0.040894,1.003174
-0.041626,-0.381592,0.745605
-0.328369,0.185913,0.870972
0.424683,-0.371460,0.936401
-0.528931,-0.059692,0.715332
0.233887,0.002075,1.001709
0.009888,-0.412231,0.748535
-0.411255,0.190552,0.852783
0.447388,-0.332397,0.961060
-0.483154,-0.100464,0.736572
0.164917,0.057251,1.016602
0.071655,-0.419434,0.774536
-0.482422,0.203491,0.825684
0.464844,-0.305298,0.969604
-0.424561,-0.144531,0.749878
0.085571,0.091064,1.009644
0.128296,-0.416260,0.802979
-0.531494,0.177612,0.797974
0.468262,-0.265503,0.983643
-0.347412,-0.179932,0.759033
0.007080,0.141724,1.009033
0.208984,-0.425293,0.834473
-0.555908,0.142578,0.763672
0.464111,-0.235474,0.996826
-0.248047,-0.216431,0.779297
-0.070312,0.162109,0.986816
0.271240,-0.425659,0.867310
-0.568237,0.117432,0.766602
0.439697,-0.192505,1.007568
-0.165039,-0.277344,0.780151
-0.138794,0.164917,0.945312
0.329712,-0.399414,0.893066
-0.567383,0.096069,0.764038
0.404297,-0.134399,1.010254
-0.089844,-0.344238,0.769775
-0.213135,0.178955,0.913086
0.377319,-0.395264,0.913818
-0.554688,0.043457,0.754883
0.347046,-0.083496,1.011353
-0.034912,-0.389038,0.759521
-0.293579,0.180664,0.882690
0.418335,-0.374756,0.932007
-0.532104,-0.041382,0.719604
0.274902,-0.025635,1.003418
0.004883,-0.418945,0.755249
-0.361206,0.162354,0.841675
0.447998,-0.348755,0.952637
-0.501953,-0.088745,0.728760
0.193726,0.011353,1.005859
0.050903,-0.427368,0.765381
-0.426392,0.176025,0.828491
0.461914,-0.322632,0.968994
-0.460815,-0.115479,0.753052
0.127930,0.047607,1.010376
0.090942,-0.432861,0.786865
-0.487305,0.163818,0.802979
0.467163,-0.300049,0.976807
-0.406250,-0.159424,0.755493
0.059692,0.097412,1.014526
0.154175,-0.440674,0.807861
-0.528564,0.143921,0.780884
0.471680,-0.276489,0.975708
-0.320679,-0.193848,0.776855
-0.019043,0.128662,0.994629
0.221802,-0.445312,0.840942
-0.550781,0.099976,0.751709
0.460205,-0.236572,1.001221
-0.238037,-0.213623,0.789795
-0.084229,0.162720,0.985596
0.284424,-0.445068,0.861816
-0.565674,0.085815,0.760498
0.433838,-0.182739,1.014160
-0.155029,-0.266724,0.792358
-0.145996,0.167603,0.956787
0.336914,-0.428955,0.894043
-0.563232,0.076416,0.758179
0.411377,-0.147095,1.014526
-0.086426,-0.320312,0.790405
-0.204712,0.176636,0.934570
0.380737,-0.402832,0.917480
-0.543579,0.004517,0.747681
0.350464,-0.106689,0.995117
-0.031372,-0.375732,0.766479
-0.273315,0.170288,0.886475
0.420898,-0.388672,0.931274
-0.529541,-0.055786,0.730103
0.289551,-0.067627,0.993896
0.008179,-0.406860,0.767212
-0.332520,0.168823,0.868652
0.447876,-0.359741,0.958130
-0.501221,-0.099121,0.734863
0.100952,0.074341,1.005005
0.041260,-0.433594,0.767212
-0.507202,0.199341,0.810303
0.468628,-0.266846,0.976318
-0.382446,-0.147095,0.761353
0.042114,0.119873,1.017700
0.148193,-0.421875,0.810059
-0.557251,0.185181,0.792114
0.471191,-0.244873,0.991577
-0.308228,-0.179810,0.766479
-0.019287,0.152710,0.996826
0.218994,-0.424683,0.850952
-0.575806,0.157837,0.766602
0.459351,-0.217407,0.991699
-0.236938,-0.220215,0.770996
-0.079346,0.167480,0.971558
0.274414,-0.427612,0.873047
-0.581787,0.125000,0.756226
0.433838,-0.173096,1.009644
-0.163940,-0.275024,0.783813
-0.141113,0.165527,0.952881
0.327393,-0.402954,0.891968
-0.585327,0.098633,0.760864
0.398804,-0.128296,1.014038
-0.108521,-0.320312,0.769409
-0.201172,0.173706,0.919922
0.366943,-0.379272,0.920898
-0.561401,0.042480,0.755127
0.352905,-0.081177,1.008911
-0.057861,-0.373047,0.747070
-0.268555,0.182495,0.888550
0.407349,-0.363037,0.928101
-0.546753,-0.024414,0.728149
0.292725,-0.041382,0.997681
-0.016602,-0.408936,0.739868
-0.333862,0.183838,0.862305
0.433594,-0.349609,0.943237
-0.519653,-0.069458,0.718872
0.224976,-0.006104,1.002441
0.011719,-0.418579,0.748413
-0.395508,0.195190,0.848022
0.463379,-0.339111,0.955444
-0.492065,-0.097900,0.737061
0.161865,0.033447,1.001709
0.047119,-0.422363,0.768677
-0.458374,0.191284,0.829346
0.476318,-0.307983,0.969849
-0.448608,-0.132202,0.746216
0.105957,0.069214,1.005371
0.102783,-0.434570,0.782837
-0.507324,0.183472,0.807007
0.478760,-0.289551,0.979004
-0.384033,-0.124268,0.774170
0.046509,0.104614,1.007324
0.163208,-0.432617,0.815674
-0.549927,0.169434,0.785767
0.478882,-0.258789,0.989502
-0.312378,-0.165283,0.778442
-0.018921,0.148682,0.997070
0.214111,-0.428223,0.840088
-0.558594,0.131348,0.764282
0.458740,-0.229126,0.989014
-0.235474,-0.227417,0.779541
-0.081055,0.158203,0.978394
0.277466,-0.426270,0.872925
-0.569824,0.102173,0.759155
0.439697,-0.190918,1.004272
-0.153198,-0.267334,0.798706
-0.138184,0.168457,0.952515
0.328247,-0.408325,0.895874
-0.565308,0.083740,0.762573
0.406738,-0.133179,1.023682
-0.094849,-0.323486,0.781616
-0.201538,0.171509,0.928101
0.368896,-0.395264,0.916870
-0.549805,0.028687,0.755005
0.357910,-0.093140,1.005615
-0.043579,-0.372314,0.760620
-0.263794,0.170410,0.887573
0.415527,-0.382446,0.933350
-0.543213,-0.025269,0.732544
0.292603,-0.063599,0.995605
-0.002930,-0.411255,0.757690
-0.329956,0.174683,0.867676
0.440918,-0.356567,0.944092
-0.512817,-0.084473,0.724121
0.218872,-0.018799,0.999268
0.031006,-0.428223,0.757935
-0.396484,0.170898,0.836548
0.460205,-0.328491,0.971313
-0.475464,-0.126221,0.735107
0.154785,0.032349,1.007446
0.068604,-0.446167,0.768677
-0.452026,0.155029,0.817139
0.478394,-0.314819,0.973755
-0.428955,-0.128418,0.750488
0.092529,0.075684,1.012573
0.120605,-0.458862,0.792114
-0.497681,0.135498,0.785034
0.484253,-0.292969,0.986206
-0.372925,-0.147949,0.763428
0.031494,0.117432,1.010254
0.183228,-0.466797,0.811523
-0.532715,0.115845,0.769775
0.482056,-0.273315,0.992920
-0.307861,-0.173096,0.783813
-0.028198,0.154785,1.003784
0.243896,-0.460938,0.850464
-0.555176,0.088501,0.747925
0.466431,-0.251587,1.002075
-0.241699,-0.218872,0.788574
-0.077881,0.174927,0.992920
0.291138,-0.444336,0.872681
-0.557617,0.078735,0.755615
0.437012,-0.215698,0.999390
-0.167114,-0.261597,0.795044
-0.129517,0.184448,0.974121
0.335083,-0.429932,0.904785
-0.557983,0.083984,0.770386
0.419556,-0.184082,1.011475
-0.112061,-0.317017,0.786133
-0.182129,0.183960,0.951904
0.369019,-0.417358,0.910400
-0.547974,0.038818,0.767822
0.383667,-0.144287,1.010742
-0.066040,-0.367920,0.784546
-0.231567,0.168213,0.924072
0.397949,-0.403931,0.929810
-0.537354,-0.009521,0.757446
0.343384,-0.116577,1.007080
-0.021851,-0.400146,0.774902
-0.281616,0.163330,0.898193
0.425659,-0.394775,0.936157
-0.517578,-0.053833,0.741821
0.289429,-0.082397,0.998413
0.011597,-0.420654,0.772705
-0.332886,0.156982,0.865723
0.453735,-0.375366,0.953247
-0.495972,-0.095093,0.749023
0.239258,-0.041626,1.007812
0.053589,-0.441528,0.768066
-0.377075,0.135986,0.836670
0.464844,-0.345215,0.962646
-0.471924,-0.104004,0.743286
0.184692,-0.002319,1.009644
0.084351,-0.450684,0.780029
-0.416626,0.132202,0.811279
0.476685,-0.323242,0.970581
-0.441772,-0.147949,0.740967
0.127441,0.040039,1.013306
0.120850,-0.452759,0.800171
-0.462769,0.124756,0.799438
0.486694,-0.307251,0.991333
-0.393555,-0.179565,0.741211
0.067383,0.091064,1.017944
0.182739,-0.471436,0.817383
-0.498291,0.102783,0.780396
0.488770,-0.298096,0.994141
-0.337891,-0.170288,0.774658
0.002197,0.124146,1.002441
0.240723,-0.484131,0.840576
-0.520386,0.083130,0.761108
0.479980,-0.258667,1.014526
-0.278320,-0.207520,0.786865
-0.053467,0.146729,1.000977
0.285767,-0.476196,0.867676
-0.538208,0.071899,0.762573
0.452393,-0.237915,1.011841
-0.210205,-0.235840,0.805908
-0.100098,0.163330,0.986084
0.322754,-0.459473,0.886719
-0.546875,0.067993,0.766479
0.440186,-0.192261,1.024658
-0.145996,-0.265991,0.809570
-0.150635,0.173096,0.974609
0.363525,-0.456299,0.908691
-0.536865,0.040527,0.772217
0.405396,-0.156250,1.027222
-0.083740,-0.328003,0.800903
-0.196655,0.164185,0.944336
0.403198,-0.435303,0.931152
-0.528076,-0.008057,0.751221
0.362183,-0.132935,1.014282
-0.016235,-0.383545,0.788574
-0.256836,0.158203,0.916870
0.428711,-0.401367,0.952393
-0.503418,-0.068726,0.744995
0.315308,-0.087769,1.017090
0.027100,-0.427612,0.786743
-0.308838,0.161377,0.883545
0.457520,-0.393921,0.958252
-0.483032,-0.101807,0.754150
0.261475,-0.046631,1.012451
0.064453,-0.447754,0.788330
-0.350830,0.143555,0.859985
0.477539,-0.378540,0.966431
-0.462769,-0.121826,0.750000
0.213867,-0.023804,1.015259
0.097168,-0.456787,0.787598
-0.400024,0.151123,0.842041
0.486572,-0.347656,0.984375
-0.431030,-0.166138,0.746826
0.149780,0.023682,1.015747
0.130371,-0.462280,0.804077
-0.431885,0.126953,0.820679
0.493286,-0.327759,0.995361
-0.389648,-0.170288,0.755737
0.092285,0.071289,1.025269
0.185181,-0.474854,0.825439
-0.466309,0.100220,0.799194
0.495850,-0.307251,1.009644
-0.349121,-0.203125,0.767334
0.029297,0.101929,1.015015
0.250244,-0.493408,0.841553
-0.495972,0.071167,0.767456
0.479858,-0.279175,1.011963
-0.290527,-0.221802,0.782471
-0.028931,0.120972,1.009277
0.287964,-0.474487,0.872070
-0.510742,0.053955,0.768555
0.461060,-0.229614,1.025635
-0.225220,-0.226196,0.810303
-0.071289,0.148438,1.003174
0.330688,-0.466919,0.899048
-0.515381,0.060059,0.776978
0.444214,-0.197266,1.036743
-0.163696,-0.258301,0.811646
-0.117065,0.154053,0.991943
0.368042,-0.447632,0.919556
-0.519043,0.037354,0.777222
0.421631,-0.161621,1.037842
-0.098511,-0.306641,0.807007
-0.163940,0.159058,0.974365
0.403564,-0.433716,0.946289
-0.509033,-0.011719,0.765137
0.384399,-0.122437,1.044678
-0.029053,-0.351440,0.812012
-0.224854,0.159302,0.949951
0.431641,-0.422485,0.954468
-0.486084,-0.066772,0.757202
0.341431,-0.086670,1.039551
0.031860,-0.408936,0.803955
-0.274780,0.170776,0.931152
0.470947,-0.404785,0.973267
-0.467651,-0.102539,0.756348
0.294800,-0.060669,1.036743
0.072021,-0.436523,0.811279
-0.316162,0.155029,0.897583
0.485229,-0.377930,0.987793
-0.446777,-0.141724,0.751587
0.236572,-0.023071,1.036621
0.095947,-0.440308,0.806396
-0.356079,0.151123,0.880127
0.501465,-0.363892,0.993042
-0.424438,-0.157715,0.749634
0.187012,0.012939,1.033936
0.135864,-0.456421,0.817139
-0.397339,0.135132,0.856201
0.510742,-0.333862,1.011963
-0.397461,-0.181152,0.754761
0.137329,0.056763,1.036133
0.188232,-0.474609,0.833496
-0.425293,0.107422,0.830078
0.513062,-0.317017,1.027100
-0.361816,-0.192871,0.762695
0.081055,0.083374,1.031372
0.243652,-0.493896,0.843506
-0.449829,0.078003,0.805176
0.509399,-0.297119,1.037720
-0.319580,-0.208252,0.785156
0.038940,0.099487,1.026733
0.278442,-0.487671,0.873169
-0.468750,0.059814,0.794067
0.496948,-0.272705,1.035522
-0.270752,-0.218384,0.804077
-0.004761,0.128418,1.034546
0.322754,-0.482056,0.894043
-0.492676,0.067383,0.790283
0.477783,-0.250122,1.045044
-0.214233,-0.231323,0.819092
-0.047363,0.142578,1.026123
0.347046,-0.458740,0.921143
-0.495728,0.058960,0.794312
0.467407,-0.211426,1.048828
-0.165771,-0.254883,0.826782
-0.085083,0.149414,1.017334
0.377808,-0.442627,0.939819
-0.501587,0.044800,0.793579
0.452271,-0.177002,1.058716
-0.103271,-0.291992,0.832764
-0.128174,0.176147,1.017212
0.407104,-0.436401,0.952026
-0.490112,0.007935,0.795044
0.435303,-0.143066,1.067139
-0.061279,-0.313965,0.838379
-0.161255,0.160645,0.994263
0.435547,-0.420410,0.973999
-0.482544,-0.035034,0.779297
0.396606,-0.109253,1.072510
0.000122,-0.364746,0.834717
-0.197021,0.161011,0.979858
0.459961,-0.418335,0.981934
-0.468018,-0.067383,0.773804
0.365601,-0.094727,1.060913
0.046265,-0.391968,0.841553
-0.238525,0.170410,0.967285
0.482178,-0.394653,1.004883
-0.455688,-0.097656,0.765747
0.330811,-0.062378,1.062988
0.075806,-0.414551,0.838501
-0.265869,0.165161,0.961182
0.500000,-0.374268,1.017090
-0.442505,-0.121948,0.763062
0.298828,-0.030640,1.065186
0.095337,-0.418579,0.835693
-0.290283,0.164673,0.946655
0.519043,-0.353760,1.028198
-0.435913,-0.133789,0.760254
0.261719,-0.013062,1.057983
0.109497,-0.424194,0.844727
-0.325562,0.166504,0.927002
0.545654,-0.342529,1.042969
-0.416992,-0.145386,0.767090
0.223633,0.014526,1.052979
0.150879,-0.433105,0.847046
-0.357178,0.140747,0.901001
0.552856,-0.336914,1.049194
-0.389771,-0.165039,0.781494
0.182495,0.024780,1.044067
0.191528,-0.461426,0.865112
-0.377075,0.116577,0.878784
0.545288,-0.316040,1.061890
-0.359497,-0.188354,0.784058
0.150024,0.051025,1.051147
0.225830,-0.453979,0.876465
-0.392578,0.092529,0.855469
0.544922,-0.290405,1.065063
-0.325806,-0.194214,0.793823
0.103394,0.084595,1.050171
0.264160,-0.477417,0.886475
-0.420776,0.066650,0.828247
0.538208,-0.280151,1.069702
-0.294678,-0.208374,0.802856
0.075806,0.106323,1.057373
0.301880,-0.482056,0.901367
-0.439453,0.064331,0.819824
0.526733,-0.264771,1.065552
-0.261841,-0.214478,0.816650
0.040039,0.141846,1.064087
0.329102,-0.466309,0.927490
-0.451050,0.051270,0.816162
0.516602,-0.236084,1.082886
-0.234375,-0.224243,0.814941
0.005737,0.163086,1.069092
0.357666,-0.453125,0.938721
-0.456421,0.053223,0.822144
0.508545,-0.215576,1.084229
-0.196533,-0.234253,0.840454
-0.024048,0.177368,1.057861
0.382202,-0.433228,0.960449
-0.460327,0.044556,0.828735
0.500854,-0.194946,1.099243
-0.157715,-0.244507,0.837036
-0.056763,0.193359,1.056763
0.407593,-0.418457,0.979858
-0.460327,0.041260,0.826416
0.490601,-0.170288,1.095825
-0.116943,-0.267700,0.852905
-0.083496,0.200195,1.057251
0.424683,-0.408569,0.989136
-0.464722,0.023560,0.823853
0.473999,-0.138550,1.114380
-0.070435,-0.306763,0.861572
-0.114624,0.198242,1.053345
0.441650,-0.404541,0.998169
-0.455200,-0.008545,0.813110
0.459839,-0.126709,1.109863
-0.014648,-0.319336,0.875000
-0.153687,0.207886,1.047607
0.465210,-0.407471,1.009155
-0.450195,-0.028564,0.810913
0.443359,-0.110352,1.105957
0.023926,-0.332886,0.877075
-0.165527,0.200195,1.038208
0.474365,-0.379272,1.024902
-0.447632,-0.051025,0.802490
0.419922,-0.085571,1.114624
0.054932,-0.363159,0.879517
-0.197388,0.200073,1.028076
0.492310,-0.372559,1.034302
-0.440430,-0.087280,0.785645
0.396851,-0.076294,1.116333
0.072998,-0.374756,0.880737
-0.210571,0.205688,1.019165
0.513916,-0.365967,1.046875
-0.443848,-0.088013,0.782104
0.369751,-0.056519,1.113403
0.077881,-0.361572,0.880859
-0.223877,0.202271,1.010254
0.526489,-0.332275,1.053955
-0.431274,-0.105835,0.781494
0.352051,-0.048706,1.098633
0.098022,-0.389282,0.885620
-0.251587,0.194824,1.004761
0.540161,-0.320923,1.076172
-0.415527,-0.116211,0.784424
0.324463,-0.031860,1.097778
0.108276,-0.397461,0.884521
-0.270874,0.192749,1.004517
0.553467,-0.309570,1.083374
-0.406006,-0.118408,0.787109
0.307617,-0.008545,1.103271
0.135010,-0.414673,0.891968
-0.281616,0.180542,0.985474
0.559448,-0.299194,1.095093
-0.397827,-0.124512,0.789062
0.287476,0.001221,1.101562
0.153687,-0.420654,0.898804
-0.305420,0.165527,0.973145
0.566528,-0.300171,1.094238
-0.385376,-0.137939,0.789429
0.265747,0.020874,1.097778
0.167480,-0.425781,0.910522
-0.305542,0.156006,0.964355
0.573730,-0.307495,1.097656
-0.378296,-0.149414,0.793335
0.248901,0.025269,1.099976
0.188599,-0.438599,0.892578
-0.321411,0.156372,0.941772
0.581909,-0.294189,1.110352
-0.371338,-0.152832,0.792603
0.241455,0.031250,1.105103
0.200439,-0.449341,0.905640
-0.326172,0.150757,0.938354
0.583374,-0.296265,1.103271
-0.358154,-0.156738,0.807251
0.242310,0.037476,1.102173
0.212402,-0.445312,0.906006
-0.331543,0.148926,0.934937
0.579102,-0.290283,1.106323
-0.356079,-0.162354,0.805786
0.229614,0.053711,1.103027
0.225586,-0.435913,0.921753
-0.331177,0.130371,0.930786
0.572510,-0.285767,1.101685
-0.342163,-0.172363,0.807373
0.219604,0.064575,1.105225
0.240845,-0.440918,0.925659
-0.338623,0.122681,0.918945
0.580078,-0.291382,1.099854
-0.337646,-0.171387,0.803711
0.203857,0.063599,1.100464
0.253296,-0.430054,0.936401
-0.345215,0.111938,0.908813
0.581055,-0.275146,1.112793
-0.322754,-0.178955,0.821777
0.191284,0.081055,1.104004
0.265869,-0.434814,0.933350
-0.343750,0.092041,0.899292
0.580933,-0.260498,1.121704
-0.311890,-0.183228,0.815063
0.179321,0.093018,1.103882
0.286133,-0.446167,0.946533
-0.356445,0.098755,0.908447
0.572876,-0.263184,1.115479
-0.299194,-0.196899,0.824341
0.151123,0.100952,1.097534
0.298096,-0.437012,0.951660
-0.362549,0.084839,0.891724
0.572510,-0.255005,1.123779
-0.289917,-0.205322,0.824341
0.140259,0.109131,1.094849
0.315918,-0.430664,0.956543
-0.374390,0.079468,0.892578
0.578247,-0.246460,1.125488
-0.261230,-0.209229,0.839355
0.109131,0.135254,1.094238
0.323730,-0.429688,0.959106
-0.385498,0.075317,0.879761
0.576050,-0.229614,1.134644
-0.243652,-0.212524,0.848633
0.085083,0.144287,1.093262
0.356323,-0.440552,0.967773
-0.399292,0.085815,0.884155
0.574463,-0.225464,1.135986
-0.221436,-0.223511,0.865356
0.064209,0.164429,1.105225
0.367432,-0.439453,0.983032
-0.409790,0.083252,0.866821
0.567017,-0.207642,1.143799
-0.203125,-0.210815,0.869629
0.041138,0.174194,1.104126
0.373291,-0.421265,0.981812
-0.407471,0.073853,0.878662
0.564575,-0.195435,1.142334
-0.181152,-0.211426,0.879517
0.025269,0.183716,1.102173
0.392700,-0.433350,0.993530
-0.417480,0.073242,0.865234
0.553589,-0.182739,1.139282
-0.153198,-0.229614,0.894287
0.014160,0.184937,1.107056
0.399536,-0.415405,0.998169
-0.432007,0.055420,0.859375
0.546509,-0.165283,1.153320
-0.126343,-0.235107,0.893555
-0.012451,0.201294,1.106201
0.410278,-0.416992,1.001709
-0.437622,0.047607,0.855713
0.548096,-0.168091,1.150269
-0.112183,-0.236450,0.901123
-0.023315,0.209961,1.111206
0.419556,-0.407593,1.006104
-0.442871,0.040649,0.855591
0.533325,-0.157715,1.152100
-0.086670,-0.246582,0.898804
-0.033447,0.222290,1.114258
0.428955,-0.405151,1.012085
-0.443115,0.033569,0.844604
0.525269,-0.166260,1.143799
-0.077881,-0.261597,0.904053
-0.035400,0.217285,1.113281
0.440186,-0.403809,1.013794
-0.437500,0.025269,0.846924
0.525391,-0.154907,1.145386
-0.069946,-0.255249,0.908936
-0.038452,0.220337,1.110596
0.444824,-0.397949,1.020386
-0.444824,0.031860,0.858398
0.523560,-0.149536,1.146851
-0.058838,-0.263428,0.904419
-0.036865,0.220703,1.118042
0.445923,-0.393677,1.028442
-0.445801,0.032349,0.850464
0.518921,-0.145386,1.156372
-0.055786,-0.298706,0.894775
-0.039673,0.215820,1.109253
0.449951,-0.387573,1.028076
-0.443115,0.022339,0.847412
0.524048,-0.151123,1.149780
-0.062988,-0.291748,0.890259
-0.034790,0.213013,1.115967
0.456665,-0.390015,1.034668
-0.449219,0.032593,0.852417
0.521362,-0.145508,1.151489
-0.064331,-0.294067,0.885010
-0.037476,0.218872,1.115723
0.451172,-0.382690,1.028564
-0.441284,0.047363,0.858032
0.522827,-0.153076,1.144897
-0.078369,-0.290771,0.883911
-0.029053,0.206421,1.114136
0.444580,-0.392456,1.029785
-0.443726,0.043457,0.855347
0.535400,-0.152466,1.156128
-0.075684,-0.297485,0.884521
-0.035767,0.199463,1.108521
0.442261,-0.400391,1.024658
-0.443604,0.046387,0.863892
0.532959,-0.141113,1.164673
-0.087646,-0.296265,0.874268
-0.026978,0.194702,1.111328
0.443848,-0.407471,1.017944
-0.436646,0.056763,0.867310
0.536011,-0.148315,1.154175
-0.092651,-0.291504,0.880859
-0.025024,0.186157,1.101807
0.434448,-0.399414,1.019165
-0.433960,0.051514,0.866943
0.536133,-0.142944,1.161377
-0.093506,-0.279053,0.886719
-0.022339,0.188721,1.110107
0.435913,-0.396973,1.015625
-0.436157,0.050415,0.865845
0.537109,-0.141113,1.160767
-0.094360,-0.273926,0.893066
-0.019409,0.192139,1.112549
0.430664,-0.392822,1.018066
-0.432617,0.050659,0.860718
0.537598,-0.148560,1.153809
-0.088989,-0.286743,0.880127
-0.025635,0.187134,1.107666
0.427246,-0.386963,1.019653
-0.436523,0.042603,0.869995
0.537964,-0.144897,1.159912
-0.084595,-0.286743,0.891968
-0.020874,0.182617,1.103149
0.427490,-0.384888,1.024902
-0.435425,0.035889,0.856812
0.536133,-0.142578,1.160889
-0.065430,-0.291382,0.886963
-0.045288,0.188599,1.101440
0.437012,-0.379517,1.020142
-0.433472,0.026367,0.857056
0.525635,-0.131592,1.160278
-0.060913,-0.313843,0.887207
-0.044678,0.182983,1.098389
0.442261,-0.379028,1.027710
-0.441895,0.029541,0.855347
0.523071,-0.127686,1.155151
-0.040527,-0.322144,0.880859
-0.057617,0.185791,1.096680
0.435059,-0.374268,1.026855
-0.441284,0.021973,0.852905
0.523682,-0.122681,1.163574
-0.031738,-0.338745,0.883057
-0.078247,0.198853,1.095581
0.447632,-0.369873,1.031250
-0.443481,0.023193,0.858032
0.516357,-0.103027,1.176147
-0.023926,-0.336914,0.878662
-0.083496,0.191772,1.095703
0.455811,-0.371704,1.037476
-0.451904,0.014038,0.844849
0.392334,-0.024292,1.143799
-0.018311,-0.336426,0.872070
-0.223633,0.221069,1.047363
0.470459,-0.367676,1.041260
-0.419067,-0.082764,0.799927
0.382202,-0.012207,1.145630
0.082275,-0.350098,0.907959
-0.230957,0.213135,1.039185
0.551758,-0.339233,1.093018
-0.409302,-0.093750,0.798340
0.364258,-0.005005,1.136108
0.104370,-0.348267,0.904785
-0.254395,0.207520,1.027466
0.566895,-0.325806,1.099121
-0.395020,-0.112305,0.805664
0.345093,0.007690,1.133423
0.128174,-0.366089,0.921021
-0.279053,0.208740,1.013672
0.574341,-0.327393,1.104248
-0.374268,-0.145142,0.811157
0.312500,0.023193,1.119873
0.159424,-0.380615,0.917114
-0.301147,0.185181,0.988037
0.585449,-0.315796,1.114380
-0.356812,-0.162964,0.817017
0.277222,0.037598,1.122681
0.189453,-0.385620,0.927246
-0.317383,0.159302,0.954468
0.591797,-0.288818,1.130737
-0.338013,-0.186279,0.805664
0.240845,0.065674,1.122925
0.229858,-0.404419,0.933350
-0.332764,0.130127,0.927612
0.588867,-0.279541,1.123779
-0.306885,-0.207520,0.818359
0.204224,0.091797,1.122437
0.265259,-0.416870,0.944458
-0.350708,0.108643,0.902222
0.585449,-0.267090,1.116333
-0.287720,-0.209229,0.831787
0.167969,0.106934,1.114380
0.296387,-0.415527,0.956421
-0.370483,0.089722,0.895874
0.576660,-0.238647,1.128052
-0.255371,-0.237061,0.839722
0.125610,0.121094,1.102783
0.337646,-0.411011,0.974121
-0.387329,0.087524,0.880737
0.565796,-0.214478,1.131836
-0.219482,-0.240601,0.851074
0.078003,0.141602,1.094727
0.364014,-0.401611,0.995361
-0.402954,0.072998,0.878052
0.555054,-0.188477,1.141357
-0.184570,-0.246582,0.864624
0.026611,0.159668,1.104126
0.398315,-0.401611,1.008301
-0.416504,0.059570,0.871948
0.541870,-0.161743,1.152954
-0.130127,-0.256104,0.884399
-0.020020,0.173828,1.091064
0.421753,-0.379639,1.029907
-0.418823,0.026123,0.861206
0.529785,-0.131836,1.160645
-0.072632,-0.276001,0.891602
-0.062744,0.191162,1.088379
0.446167,-0.376953,1.034668
-0.414429,0.000732,0.859619
0.513306,-0.116089,1.166138
-0.002563,-0.317139,0.902222
-0.102539,0.203857,1.070068
0.468506,-0.356689,1.042480
-0.413086,-0.027100,0.843994
0.489746,-0.079834,1.175537
0.031372,-0.332520,0.898560
-0.137329,0.208862,1.060059
0.500732,-0.344116,1.056763
-0.417847,-0.049316,0.828979
0.458862,-0.051392,1.173462
0.039062,-0.343872,0.896362
-0.186401,0.221313,1.057983
0.520142,-0.326050,1.092041
-0.408203,-0.083496,0.820190
0.421021,-0.019165,1.170044
0.063599,-0.354614,0.905151
-0.225220,0.229492,1.048584
0.549927,-0.316162,1.102783
-0.391235,-0.100952,0.810791
0.378296,0.003906,1.159668
0.108765,-0.367065,0.918701
-0.269409,0.214844,1.015503
0.567261,-0.302734,1.117798
-0.376221,-0.138184,0.815430
0.327515,0.031250,1.158813
0.152710,-0.376221,0.922363
-0.298218,0.186035,0.989014
0.582153,-0.294067,1.119751
-0.352661,-0.184204,0.804688
0.272949,0.052246,1.137695
0.205200,-0.387573,0.947510
-0.326172,0.150879,0.944946
0.590820,-0.284302,1.130249
-0.320679,-0.201538,0.820190
0.222656,0.074463,1.132324
0.256836,-0.402954,0.948853
-0.349121,0.139038,0.925537
0.588257,-0.260132,1.123413
-0.280396,-0.222656,0.834595
0.166138,0.114624,1.127197
0.303345,-0.416504,0.971558
-0.381470,0.118774,0.906860
0.578247,-0.232666,1.136719
-0.237915,-0.238770,0.848511
0.101318,0.130493,1.117432
0.351685,-0.411011,0.991211
-0.409424,0.094849,0.890625
0.566528,-0.194824,1.148193
-0.191162,-0.255127,0.870117
0.038330,0.160278,1.107544
0.395386,-0.407837,1.007690
-0.416626,0.069946,0.880005
0.552368,-0.144897,1.156006
-0.123413,-0.251831,0.886108
-0.026611,0.180298,1.095703
0.437378,-0.392090,1.030518
-0.424438,0.019043,0.858398
0.519043,-0.114746,1.161987
-0.031006,-0.293457,0.896606
-0.071167,0.178589,1.081177
0.465576,-0.358154,1.044800
-0.425781,-0.008545,0.838135
0.481567,-0.063232,1.170532
0.006958,-0.316040,0.887573
-0.132324,0.198730,1.084839
0.496460,-0.342163,1.071167
-0.422852,-0.051636,0.824219
0.435059,-0.018066,1.172119
0.045166,-0.322144,0.901733
-0.206055,0.225708,1.056274
0.542480,-0.316895,1.101562
-0.409180,-0.112671,0.805542
0.373169,0.015625,1.159912
0.102417,-0.333008,0.920410
-0.278687,0.196899,1.007812
0.572998,-0.302490,1.133179
-0.366577,-0.201660,0.787231
0.290039,0.052856,1.147949
0.180298,-0.359009,0.933228
-0.322144,0.146484,0.956909
0.589600,-0.282715,1.130615
-0.308228,-0.239380,0.809082
0.201294,0.085083,1.129761
0.264526,-0.404663,0.953979
-0.372314,0.128174,0.897217
0.581055,-0.244385,1.134277
-0.250366,-0.278320,0.828979
0.117432,0.109131,1.111206
0.339600,-0.400879,0.978271
-0.406494,0.110107,0.900269
0.567993,-0.183472,1.143555
-0.186157,-0.262695,0.856201
0.037476,0.141724,1.098755
0.399170,-0.389404,1.011230
-0.421387,0.056519,0.866577
0.532593,-0.135864,1.155151
-0.075073,-0.300049,0.885742
-0.044678,0.163696,1.089111
0.442017,-0.359741,1.038574
-0.425171,0.001587,0.849365
0.490967,-0.091064,1.159546
-0.017700,-0.329468,0.874634
-0.121582,0.176880,1.071411
0.490845,-0.317993,1.085815
-0.422241,-0.046265,0.830200
0.420166,-0.016235,1.162964
0.030029,-0.352417,0.880127
-0.213623,0.191162,1.046997
0.534058,-0.287964,1.115967
-0.373779,-0.127441,0.822754
0.338867,0.046265,1.161377
0.110840,-0.365356,0.908691
-0.282593,0.155029,0.972290
0.579346,-0.273315,1.139893
-0.320557,-0.192261,0.827637
0.241821,0.092041,1.142212
0.208374,-0.404541,0.917480
-0.364136,0.115112,0.909058
0.580200,-0.260376,1.127686
-0.250244,-0.246582,0.848145
0.145874,0.125732,1.141968
0.302368,-0.395630,0.965210
-0.430054,0.095703,0.864868
0.564453,-0.211304,1.137085
-0.166748,-0.264771,0.868652
0.033203,0.163208,1.117798
0.378052,-0.374634,1.002563
-0.437134,0.039307,0.846313
0.526855,-0.142090,1.146851
-0.041138,-0.334717,0.871704
-0.066772,0.183105,1.097168
0.439819,-0.335327,1.040527
-0.433960,-0.024170,0.840698
0.466187,-0.060791,1.168091
-0.004517,-0.336548,0.871704
-0.176636,0.198608,1.056274
0.520996,-0.306763,1.096069
-0.401245,-0.088135,0.811768
0.364868,0.022461,1.163818
0.084473,-0.354248,0.895386
-0.276611,0.162231,0.990356
0.568359,-0.287720,1.126343
-0.322998,-0.200806,0.822021
0.245483,0.091431,1.149170
0.212280,-0.396973,0.924194
-0.372314,0.129517,0.906738
0.574341,-0.254395,1.125610
-0.244263,-0.245483,0.852661
0.116455,0.149780,1.127808
0.317383,-0.385498,0.979736
-0.432007,0.081543,0.865601
0.557251,-0.178467,1.141724
-0.138550,-0.273682,0.869629
-0.008301,0.169922,1.105225
0.401489,-0.363403,1.018555
-0.438599,0.020142,0.848389
0.502441,-0.098999,1.166992
-0.037476,-0.329468,0.849609
-0.120972,0.179565,1.076660
0.473633,-0.327637,1.055542
-0.430176,-0.053467,0.818970
0.426270,-0.016479,1.162720
0.020630,-0.314087,0.875366
-0.241943,0.181885,1.022705
0.549805,-0.293945,1.128662
-0.375366,-0.168823,0.812012
0.292480,0.060669,1.158325
0.145752,-0.365234,0.910400
-0.310791,0.125000,0.929077
0.579956,-0.267456,1.132935
-0.277222,-0.256348,0.827148
0.144775,0.097046,1.119629
0.255005,-0.383179,0.942017
-0.395508,0.087280,0.874512
0.577148,-0.196411,1.148438
-0.177368,-0.270020,0.869019
0.021973,0.134277,1.090576
0.358032,-0.362427,0.989624
-0.435425,0.025024,0.845947
0.526978,-0.135498,1.160278
-0.045776,-0.323975,0.868530
-0.092529,0.166138,1.070557
0.437012,-0.319580,1.046997
-0.428467,-0.047729,0.827026
0.430298,-0.048706,1.157593
0.013550,-0.322388,0.888306
-0.226440,0.201294,1.038940
0.534424,-0.277954,1.117188
-0.375244,-0.159546,0.802490
0.270996,0.038208,1.133545
0.165161,-0.390381,0.908569
-0.342773,0.125854,0.927856
0.557861,-0.222534,1.123901
-0.249512,-0.256348,0.823853
0.098145,0.118774,1.103394
0.307129,-0.376831,0.965820
-0.420776,0.039062,0.855469
0.535156,-0.165771,1.144653
-0.084229,-0.314697,0.865234
-0.057739,0.161865,1.080444
0.411865,-0.336914,1.013916
-0.433960,-0.036011,0.831543
0.450928,-0.072876,1.156006
-0.005005,-0.327393,0.867188
-0.223755,0.207397,1.044434
0.526489,-0.287720,1.105957
-0.371460,-0.158203,0.807983
0.286987,0.046265,1.151611
0.147095,-0.376587,0.902344
-0.357788,0.114624,0.913574
0.567261,-0.237061,1.135986
-0.246826,-0.259399,0.833984
0.075439,0.134888,1.092041
0.323730,-0.378418,0.968628
-0.417969,0.038086,0.856689
0.533081,-0.157959,1.148682
-0.066040,-0.322144,0.866333
-0.079834,0.165161,1.070801
0.427612,-0.324829,1.031128
-0.431763,-0.054199,0.821167
0.424194,-0.051880,1.161743
0.019043,-0.341064,0.873413
-0.340332,-0.197754,0.807739
-0.384033,0.106689,0.889893
0.551880,-0.205444,1.130981
-0.213745,-0.262329,0.839600
0.027222,0.145386,1.094727
0.352783,-0.365723,0.984497
-0.434570,-0.010132,0.830933
0.492188,-0.124512,1.149536
-0.064697,-0.324829,0.835815
-0.148438,0.197021,1.059326
0.472778,-0.288696,1.078125
-0.408203,-0.114624,0.813843
0.334106,-0.005859,1.146851
0.090942,-0.368896,0.893921
-0.323608,0.131592,0.935547
0.542847,-0.231323,1.119629
-0.272583,-0.244019,0.820557
0.122314,0.118530,1.114746
0.290649,-0.383789,0.957031
-0.432129,0.059326,0.849976
0.526245,-0.169312,1.127075
-0.092041,-0.322998,0.852661
-0.068115,0.152100,1.076050
0.413940,-0.321045,1.024658
-0.441528,-0.032104,0.830566
0.415161,-0.056641,1.148438
0.002686,-0.321289,0.866699
-0.258423,0.179810,1.003418
0.520630,-0.267212,1.102173
-0.348755,-0.195923,0.800049
0.241699,0.051147,1.133667
0.180542,-0.370972,0.911621
-0.404541,0.132568,0.899292
0.547974,-0.218872,1.118896
-0.213745,-0.274170,0.830933
0.039062,0.132324,1.088867
0.340088,-0.366577,0.978638
-0.445190,0.018555,0.843872
0.501221,-0.132812,1.144043
-0.075806,-0.322510,0.836304
-0.139160,0.175659,1.058228
0.450439,-0.308716,1.049194
-0.430908,-0.081665,0.814575
0.377441,-0.021118,1.153442
0.034424,-0.340698,0.870850
-0.297974,0.163574,0.970947
0.540039,-0.284668,1.098755
-0.325806,-0.214600,0.803223
0.195923,0.078369,1.119019
0.208374,-0.366821,0.930054
-0.408813,0.083374,0.874512
0.536255,-0.213501,1.117676
-0.212524,-0.302002,0.825684
0.018555,0.124023,1.075928
0.336914,-0.356323,0.973389
-0.440186,0.001831,0.818604
0.485718,-0.126587,1.135742
-0.076660,-0.329834,0.832153
-0.145508,0.171997,1.052246
0.438354,-0.322388,1.032959
-0.442383,-0.079102,0.810181
0.386353,-0.029419,1.152954
0.024902,-0.319336,0.874878
-0.300171,0.177734,0.975708
0.521484,-0.291870,1.092651
-0.346191,-0.229004,0.794800
0.224731,0.056641,1.125000
0.177246,-0.370605,0.918823
-0.407959,0.122681,0.885620
0.537476,-0.225952,1.109863
-0.240723,-0.296021,0.813232
0.052612,0.114624,1.090454
0.310181,-0.365112,0.957031
-0.437378,0.034546,0.843018
0.503662,-0.140381,1.130371
-0.103638,-0.330078,0.816406
-0.108276,0.161499,1.056641
0.420166,-0.343628,1.018311
-0.452148,-0.056885,0.816162
0.411011,-0.048828,1.150757
-0.023438,-0.336548,0.848389
-0.254395,0.176270,1.007202
0.504639,-0.296143,1.084717
-0.392822,-0.166992,0.791260
0.276978,0.041504,1.137573
0.111450,-0.358643,0.876099
-0.377441,0.138184,0.915405
0.542236,-0.273682,1.100952
-0.298584,-0.266235,0.806396
0.118774,0.092529,1.097290
0.247437,-0.372070,0.934937
-0.444824,0.072754,0.847168
0.526245,-0.194458,1.113281
-0.155884,-0.323364,0.827637
-0.018188,0.134766,1.069092
0.344482,-0.356567,0.977417
-0.460938,0.013794,0.824829
0.481934,-0.134644,1.133789
-0.086792,-0.346436,0.818604
-0.155029,0.186279,1.045288
0.431519,-0.317627,1.029175
-0.456543,-0.057251,0.802124
0.402344,-0.047363,1.142944
-0.023560,-0.326782,0.847778
-0.275269,0.193848,0.993408
0.504639,-0.300659,1.077393
-0.407227,-0.155762,0.772949
0.281860,0.016235,1.126709
0.107422,-0.366577,0.882935
-0.372681,0.139404,0.920654
0.527832,-0.270142,1.081299
-0.325195,-0.235474,0.794067
0.155396,0.080933,1.100952
0.219971,-0.381714,0.921021
-0.429810,0.105347,0.867554
0.533447,-0.207153,1.111328
-0.259399,-0.264038,0.806519
0.032593,0.123413,1.076172
0.312988,-0.388428,0.954224
-0.451782,0.031128,0.829590
0.504517,-0.166870,1.121216
-0.134766,-0.297241,0.821289
-0.068359,0.145142,1.054199
0.380737,-0.362549,0.993774
-0.471680,-0.024780,0.818359
0.461182,-0.096924,1.141968
-0.098145,-0.314697,0.809937
-0.196289,0.201538,1.028931
0.462158,-0.343140,1.033569
-0.452393,-0.099609,0.791870
0.378662,-0.039185,1.145630
-0.018677,-0.315918,0.838623
-0.291260,0.189331,0.973999
0.508179,-0.304199,1.071289
-0.410034,-0.183350,0.771118
0.275146,0.011108,1.125854
0.095337,-0.364624,0.869019
-0.380005,0.154907,0.908569
0.517334,-0.260986,1.078613
-0.339722,-0.235352,0.786011
0.156616,0.066040,1.104370
0.202881,-0.377075,0.916748
-0.438843,0.096802,0.864258
0.522583,-0.214966,1.096558
-0.255981,-0.282471,0.796753
0.037354,0.117432,1.073730
0.288208,-0.362061,0.951782
-0.454224,0.041260,0.825439
0.505493,-0.170654,1.113770
-0.150757,-0.309692,0.802124
-0.064941,0.144531,1.063599
0.371948,-0.372314,0.978149
-0.467285,-0.011230,0.813232
0.464722,-0.107666,1.131592
-0.107910,-0.302734,0.805664
-0.191040,0.189209,1.023560
0.444702,-0.338745,1.029175
-0.455688,-0.089966,0.782959
0.383423,-0.048462,1.139893
-0.041748,-0.307861,0.839111
-0.285522,0.176636,0.978760
0.495728,-0.304565,1.052856
-0.414795,-0.154053,0.780151
0.286133,0.012207,1.124146
0.060547,-0.359619,0.855957
-0.366943,0.147583,0.918091
0.527222,-0.288208,1.077026
-0.348267,-0.216797,0.779663
0.189575,0.066895,1.106812
0.159668,-0.390869,0.880981
-0.434204,0.116577,0.868164
0.532471,-0.258789,1.088013
-0.304932,-0.260986,0.794556
0.089355,0.098755,1.085693
0.250000,-0.380127,0.917236
-0.470459,0.079468,0.836426
0.513428,-0.215332,1.104370
-0.193237,-0.322266,0.805298
0.001465,0.122437,1.067505
0.309692,-0.370605,0.947754
-0.484497,0.035034,0.815063
0.492920,-0.174072,1.105225
-0.143066,-0.321533,0.795166
-0.101685,0.146606,1.049805
0.374634,-0.356689,0.980957
-0.487915,0.000366,0.807251
0.453735,-0.115723,1.129150
-0.113525,-0.324707,0.800049
-0.206421,0.191772,1.027100
0.439941,-0.342285,1.018921
-0.471313,-0.061401,0.784912
0.391724,-0.054688,1.132935
-0.052979,-0.314575,0.829834
-0.284302,0.186523,0.982422
0.483154,-0.320923,1.041504
-0.441650,-0.132446,0.765747
0.317505,-0.015381,1.127441
0.029663,-0.358154,0.851196
-0.352417,0.164551,0.924316
0.513916,-0.313110,1.059692
-0.391235,-0.191772,0.767090
0.217163,0.036499,1.112305
0.115723,-0.366211,0.874390
-0.408813,0.135376,0.890015
0.519897,-0.264160,1.078979
-0.351318,-0.240234,0.777100
0.129517,0.081665,1.083496
0.207275,-0.380005,0.907593
-0.454346,0.098511,0.850952
0.516602,-0.247192,1.082886
-0.262573,-0.286621,0.798462
0.036865,0.110718,1.063599
0.268799,-0.374146,0.922852
-0.473877,0.055176,0.819214
0.499146,-0.207886,1.099487
-0.182495,-0.329590,0.781372
-0.058838,0.134399,1.044067
0.333740,-0.379150,0.939575
-0.484131,0.021851,0.800781
0.474976,-0.150879,1.120483
-0.144653,-0.335815,0.785767
-0.142334,0.155151,1.031982
0.396118,-0.358887,0.974609
-0.492676,-0.032593,0.775879
0.428223,-0.089966,1.126709
-0.111694,-0.311279,0.803223
-0.236938,0.181030,1.011963
0.450684,-0.350708,1.017456
-0.485352,-0.058105,0.772705
0.363281,-0.028564,1.128052
-0.038818,-0.306641,0.830078
-0.309082,0.164185,0.958862
0.482178,-0.333374,1.038940
-0.433594,-0.151855,0.763306
0.284546,0.010986,1.116699
0.049561,-0.351318,0.846069
-0.380493,0.164551,0.919922
0.496460,-0.303467,1.051514
-0.381714,-0.219116,0.761841
0.190674,0.048706,1.088379
0.145874,-0.372681,0.889526
-0.429688,0.126709,0.877930
0.508911,-0.252319,1.080444
-0.348633,-0.259766,0.765015
0.086914,0.082397,1.072754
0.238037,-0.375610,0.914551
-0.462158,0.094604,0.851074
0.503296,-0.202393,1.095825
-0.219727,-0.331543,0.786865
-0.008179,0.112671,1.050781
0.298828,-0.377563,0.926758
-0.477173,0.025146,0.806641
0.487061,-0.155640,1.117432
-0.158936,-0.327271,0.785034
-0.120361,0.128784,1.021240
0.358521,-0.384521,0.960571
-0.479858,-0.000122,0.802246
0.434937,-0.096069,1.124512
-0.124634,-0.301025,0.799072
-0.216431,0.184814,1.013428
0.421265,-0.363403,1.000000
-0.487305,-0.058838,0.773315
0.375854,-0.045044,1.126099
-0.053833,-0.289429,0.829224
-0.296387,0.185547,0.970825
0.468140,-0.324341,1.039795
-0.456299,-0.157104,0.748901
0.283081,-0.001221,1.111084
0.038696,-0.326050,0.847778
-0.378784,0.173584,0.914673
0.495728,-0.288208,1.072388
-0.390259,-0.238281,0.745361
0.176025,0.042603,1.081909
0.138428,-0.376343,0.868774
-0.438354,0.137451,0.869141
0.509644,-0.243164,1.074463
-0.328369,-0.279297,0.771729
0.063721,0.081909,1.059692
0.219971,-0.383545,0.900269
-0.461670,0.083862,0.828369
0.502319,-0.193359,1.093018
-0.210938,-0.304077,0.791748
-0.031616,0.114502,1.045532
0.292358,-0.407227,0.914917
-0.489014,0.017944,0.797974
0.475586,-0.147095,1.110107
-0.176270,-0.276001,0.783447
-0.127930,0.160400,1.030151
0.372070,-0.383057,0.965332
-0.502563,-0.034180,0.783447
0.429932,-0.107788,1.116455
-0.133423,-0.288574,0.792847
-0.229736,0.187500,1.001099
0.436768,-0.350952,1.015137
-0.489014,-0.092407,0.758911
0.348267,-0.067871,1.097778
-0.051880,-0.313843,0.819214
-0.311646,0.179810,0.949219
0.475098,-0.297607,1.046875
-0.441040,-0.191284,0.732910
0.249268,-0.009399,1.095215
0.044067,-0.381226,0.835449
-0.391968,0.154907,0.903198
0.493896,-0.274780,1.065796
-0.389160,-0.219604,0.755859
0.146973,0.050537,1.080444
0.136719,-0.387085,0.880981
-0.449097,0.103882,0.858765
0.504517,-0.235474,1.076172
-0.328125,-0.251099,0.783936
0.050781,0.105957,1.063354
0.216919,-0.390747,0.896973
-0.472778,0.061279,0.820312
0.490601,-0.221436,1.075928
-0.226196,-0.293945,0.785767
-0.032227,0.136230,1.046021
0.289917,-0.384766,0.912476
-0.495605,0.025635,0.794556
0.470581,-0.177368,1.088501
-0.169434,-0.329956,0.768799
-0.137085,0.161499,1.019165
0.359497,-0.372437,0.956177
-0.429688,-0.102905,0.794434
0.374756,-0.011963,1.159912
0.054443,-0.353149,0.873291
-0.283203,0.178589,0.994141
0.548584,-0.298096,1.094360
-0.372070,-0.172485,0.803101
0.265015,0.022461,1.129883
0.143066,-0.382690,0.901733
-0.338989,0.146240,0.929077
0.554810,-0.253906,1.114014
-0.309082,-0.228760,0.815308
0.160156,0.086426,1.106323
0.235596,-0.398560,0.933838
-0.400269,0.098877,0.881470
0.549438,-0.204468,1.133667
-0.244019,-0.268311,0.835205
0.064453,0.120850,1.095581
0.309448,-0.383911,0.965942
-0.436279,0.056274,0.855469
0.544189,-0.174194,1.138794
-0.135986,-0.312378,0.847534
-0.027466,0.159668,1.085815
0.363037,-0.375732,0.985596
-0.442505,0.007324,0.845093
0.517090,-0.133911,1.154175
-0.084717,-0.334351,0.824707
-0.105591,0.181763,1.066772
0.433472,-0.355103,1.024170
-0.460083,-0.030273,0.824585
0.461182,-0.067261,1.170898
-0.038208,-0.333008,0.851685
-0.196167,0.212891,1.054199
0.489990,-0.330200,1.060913
-0.443481,-0.098389,0.791382
0.396240,-0.030640,1.160034
0.024292,-0.324463,0.871582
-0.270508,0.194824,0.999268
0.531250,-0.287842,1.096802
-0.388428,-0.169800,0.791016
0.293579,0.012817,1.142334
0.108521,-0.381836,0.886597
-0.322876,0.141724,0.934814
0.550537,-0.264893,1.110596
-0.337769,-0.223145,0.800781
0.196899,0.072388,1.124146
0.198120,-0.408936,0.911987
-0.391113,0.117188,0.903564
0.549438,-0.225830,1.121948
-0.288208,-0.244629,0.817383
0.104614,0.109863,1.104736
0.268555,-0.403076,0.940063
-0.427002,0.083374,0.870117
0.547241,-0.197632,1.130127
-0.221191,-0.276123,0.825684
0.013794,0.147461,1.090576
0.344604,-0.400879,0.966064
-0.449707,0.041870,0.840942
0.524292,-0.175903,1.130493
-0.115479,-0.322388,0.838501
-0.054688,0.171631,1.079468
0.395264,-0.374268,0.997437
-0.461182,-0.007812,0.822998
0.495361,-0.125977,1.150024
-0.083374,-0.325928,0.822144
-0.137939,0.201294,1.069336
0.444580,-0.340576,1.030518
-0.465698,-0.036133,0.807739
0.440552,-0.082031,1.149414
-0.034668,-0.320923,0.850098
-0.221558,0.201172,1.029663
0.489380,-0.306519,1.065430
-0.441528,-0.077026,0.798706
0.375977,-0.031250,1.154175
0.021240,-0.346924,0.863525
-0.278687,0.167480,0.980225
0.528442,-0.309570,1.078735
-0.395508,-0.149170,0.793579
0.291992,0.027588,1.144653
0.107178,-0.367676,0.890381
-0.334595,0.154907,0.941406
0.545654,-0.287109,1.091797
-0.358643,-0.203369,0.792114
0.209595,0.068359,1.120361
0.183350,-0.383789,0.914551
-0.389526,0.129028,0.898804
0.554077,-0.248413,1.110352
-0.317139,-0.236938,0.802856
0.126221,0.113770,1.108765
0.253174,-0.411133,0.930786
-0.418457,0.087280,0.885986
0.550415,-0.223755,1.116821
-0.266479,-0.253296,0.815796
0.054932,0.131226,1.098389
0.297363,-0.399658,0.945312
-0.437378,0.061157,0.856079
0.540405,-0.198120,1.128784
-0.184937,-0.284424,0.826416
-0.008301,0.146851,1.077515
0.344971,-0.392700,0.958252
-0.444580,0.029297,0.843750
0.521606,-0.178589,1.133057
-0.130371,-0.317993,0.817017
-0.075928,0.164185,1.059204
0.394897,-0.367065,0.989746
-0.458252,-0.006592,0.825684
0.486694,-0.134033,1.143188
-0.092529,-0.332397,0.812256
-0.141479,0.188965,1.052612
0.440430,-0.349731,1.015381
-0.457520,-0.042603,0.817993
0.447266,-0.095215,1.147095
-0.064331,-0.328125,0.832031
-0.207886,0.204834,1.023682
0.475952,-0.327515,1.052368
-0.446777,-0.091064,0.794312
0.390625,-0.048584,1.144653
-0.013428,-0.333008,0.849854
-0.258911,0.194336,1.003296
0.500854,-0.302734,1.069824
-0.422363,-0.133667,0.782349
0.331909,-0.014771,1.147583
0.047485,-0.372192,0.852173
-0.310425,0.177246,0.954102
0.526611,-0.307129,1.072998
-0.385742,-0.181641,0.781372
0.260254,0.027832,1.131226
0.114380,-0.390625,0.880127
-0.361816,0.142700,0.918213
0.529541,-0.270142,1.095337
-0.337036,-0.229126,0.794312
0.182739,0.073242,1.117065
0.189697,-0.398926,0.903687
-0.407227,0.112671,0.884521
0.538330,-0.238647,1.105713
-0.298096,-0.247070,0.802612
0.101074,0.103760,1.087158
0.254272,-0.390991,0.930908
-0.439697,0.073364,0.858032
0.524414,-0.207153,1.116455
-0.218018,-0.297119,0.821167
0.022095,0.130981,1.082031
0.310547,-0.381104,0.950684
-0.460571,0.043213,0.833496
0.513184,-0.176514,1.123169
-0.136475,-0.336792,0.812500
-0.051147,0.154419,1.070068
0.370483,-0.375977,0.973633
-0.473145,0.000854,0.809692
0.479614,-0.136230,1.133789
-0.100586,-0.335938,0.809326
-0.141602,0.197754,1.055176
0.430786,-0.349609,1.013550
-0.478149,-0.034302,0.800171
0.430176,-0.074585,1.148560
-0.054810,-0.346558,0.829468
-0.230469,0.207520,1.025391
0.481812,-0.329468,1.051880
-0.456421,-0.079224,0.778564
0.361816,-0.028442,1.144531
0.024170,-0.361328,0.846313
-0.300049,0.185791,0.978516
0.506592,-0.305176,1.062622
-0.411499,-0.153809,0.771973
0.271362,0.025513,1.127319
0.102295,-0.381714,0.872070
-0.362549,0.155762,0.927124
0.531616,-0.290039,1.079590
-0.357666,-0.206299,0.785034
0.173340,0.062134,1.104614
0.190186,-0.376099,0.907104
-0.415771,0.104126,0.886841
0.530029,-0.238403,1.097412
-0.301758,-0.244751,0.801514
0.067505,0.105835,1.075195
0.265625,-0.371704,0.939575
-0.437134,0.055664,0.844116
0.519897,-0.200317,1.116333
-0.189575,-0.302002,0.806641
-0.019531,0.121948,1.057495
0.330444,-0.363770,0.954834
-0.460938,0.004761,0.816650
0.500122,-0.161011,1.132080
-0.117065,-0.333252,0.807617
-0.117554,0.155273,1.032715
0.391479,-0.339844,0.999878
-0.468384,-0.037598,0.794434
0.456177,-0.101440,1.150757
-0.078003,-0.338135,0.813110
-0.226074,0.205811,1.017456
0.450195,-0.329102,1.027222
-0.452393,-0.084473,0.786621
0.380005,-0.046021,1.145508
-0.016846,-0.359619,0.842285
-0.299194,0.196167,0.973755
0.493774,-0.311890,1.059204
-0.413452,-0.149292,0.770996
0.291138,0.008667,1.136719
0.075928,-0.378296,0.864380
-0.362915,0.147705,0.922852
0.514404,-0.278931,1.068970
-0.368896,-0.197388,0.776978
0.194702,0.056641,1.102661
0.172241,-0.389893,0.897949
-0.422607,0.125488,0.888550
0.524780,-0.236938,1.085571
-0.318970,-0.247314,0.780396
0.096802,0.094360,1.086914
0.256470,-0.376099,0.937744
-0.455811,0.078247,0.852295
0.522095,-0.205444,1.103271
-0.218750,-0.286743,0.806519
-0.009521,0.134277,1.069702
0.312256,-0.374268,0.949951
-0.462524,0.013428,0.822144
0.498291,-0.176025,1.111694
-0.151978,-0.320679,0.797607
-0.100098,0.152222,1.027710
0.380859,-0.355103,0.982910
-0.473999,-0.030884,0.798340
0.457520,-0.127197,1.123657
-0.099487,-0.329224,0.803467
-0.207397,0.187378,1.010620
0.434082,-0.318848,1.019531
-0.466919,-0.083496,0.776367
0.391602,-0.061768,1.133057
-0.050293,-0.334351,0.830566
-0.287964,0.194336,0.980103
0.474731,-0.314453,1.038940
-0.433105,-0.135620,0.759888
0.310547,-0.016479,1.126343
0.038818,-0.359253,0.853638
-0.356445,0.176392,0.939087
0.494141,-0.286621,1.057007
-0.391479,-0.205811,0.752075
0.227905,0.037598,1.111816
0.126343,-0.395630,0.873413
-0.412354,0.163208,0.908691
0.514404,-0.271729,1.082153
-0.354736,-0.231689,0.771973
0.130005,0.075684,1.089966
0.210327,-0.403442,0.897583
-0.442627,0.118042,0.874756
0.515381,-0.226196,1.084229
-0.298706,-0.256226,0.787354
0.041016,0.099731,1.068115
0.276367,-0.387451,0.932983
-0.463745,0.067871,0.840942
0.507568,-0.196655,1.102417
-0.187866,-0.297119,0.793457
-0.042603,0.125000,1.045410
0.333740,-0.380859,0.950562
-0.473267,0.015259,0.803955
0.472900,-0.152588,1.112183
-0.145020,-0.310547,0.796753
-0.138672,0.162842,1.029053
0.393555,-0.365723,0.988281
-0.481567,-0.036987,0.794189
0.429932,-0.095459,1.130859
-0.107788,-0.323242,0.805298
-0.236450,0.192261,1.002319
0.448120,-0.352051,1.016602
-0.472778,-0.081421,0.778320
0.365601,-0.037109,1.129517
-0.041260,-0.342041,0.815918
-0.306763,0.181641,0.958130
0.478760,-0.328125,1.038330
-0.448486,-0.133301,0.766724
0.286377,-0.006592,1.114746
0.042725,-0.368530,0.844849
-0.373901,0.164185,0.920044
0.496094,-0.296753,1.054321
-0.395264,-0.205322,0.760498
0.204346,0.031250,1.099731
0.129028,-0.378540,0.878662
-0.431030,0.147461,0.890747
0.502563,-0.265503,1.072266
-0.353760,-0.240601,0.774658
0.115723,0.061890,1.069580
0.208252,-0.377197,0.911499
-0.459351,0.106445,0.857056
0.506226,-0.227417,1.082886
-0.268921,-0.285522,0.790161
0.027832,0.095825,1.053589
0.266846,-0.373535,0.922485
-0.473511,0.052612,0.824829
0.492920,-0.197876,1.091919
-0.186890,-0.323730,0.788208
-0.053955,0.121826,1.035767
0.331543,-0.378906,0.948975
-0.490479,0.009766,0.794800
0.464722,-0.148193,1.109253
-0.149292,-0.333008,0.777954
-0.152588,0.159058,1.015991
0.383179,-0.361328,0.976074
-0.495850,-0.020752,0.780640
0.421997,-0.105713,1.111450
-0.112427,-0.328369,0.793823
-0.244385,0.183105,0.990967
0.430054,-0.348022,1.010132
-0.482056,-0.072876,0.766479
0.364624,-0.052368,1.116821
-0.049805,-0.333496,0.818359
-0.317871,0.176392,0.952393
0.464355,-0.325562,1.022217
-0.453247,-0.133545,0.755859
0.280762,-0.005127,1.110596
0.028687,-0.363403,0.837891
-0.384399,0.166870,0.920410
0.484253,-0.296509,1.038940
-0.409912,-0.192993,0.752441
0.197266,0.042358,1.094482
0.125000,-0.376465,0.877075
-0.444702,0.144287,0.886108
0.494385,-0.265503,1.065674
-0.379761,-0.234375,0.754761
0.103271,0.075684,1.073120
0.205811,-0.380371,0.898682
-0.476929,0.102295,0.849609
0.494263,-0.236328,1.074097
-0.280518,-0.280273,0.770020
0.008057,0.098755,1.045410
0.268799,-0.382202,0.919067
-0.489258,0.042725,0.811401
0.484375,-0.205200,1.083252
-0.194092,-0.323608,0.775757
-0.080688,0.127441,1.015991
0.329834,-0.374268,0.940430
-0.498779,0.004883,0.792480
0.455078,-0.145508,1.104492
-0.156128,-0.338867,0.769165
-0.187134,0.165039,1.001709
0.384888,-0.363892,0.976685
-0.502197,-0.031494,0.775391
0.397705,-0.094360,1.103516
-0.108521,-0.334473,0.781372
-0.280273,0.195923,0.974487
0.434448,-0.343750,1.007080
-0.485229,-0.086182,0.755615
0.326172,-0.044067,1.106934
-0.034546,-0.344360,0.810669
-0.349487,0.180420,0.931519
0.458618,-0.318604,1.026123
-0.451172,-0.171387,0.733887
0.240234,0.011108,1.097534
0.059204,-0.357666,0.847290
-0.420044,0.169556,0.903198
0.485352,-0.281250,1.050537
-0.406006,-0.228638,0.749146
0.140869,0.057129,1.074951
0.146118,-0.382935,0.874268
-0.464844,0.120117,0.856323
0.487061,-0.259766,1.054932
-0.344360,-0.241455,0.769409
0.055786,0.078491,1.055664
0.215698,-0.381470,0.887695
-0.486450,0.073242,0.821167
0.484497,-0.220703,1.076538
-0.240967,-0.310913,0.776001
-0.031006,0.115723,1.027710
0.279663,-0.386353,0.916748
-0.512573,0.038086,0.792969
0.465210,-0.194458,1.077515
-0.187866,-0.331055,0.756714
-0.129761,0.158936,1.015503
0.343628,-0.363281,0.950439
-0.512817,-0.012329,0.777588
0.426880,-0.135864,1.092773
-0.155273,-0.340332,0.759644
-0.230713,0.189697,0.994385
0.393433,-0.355103,0.980957
-0.513916,-0.062744,0.755981
0.367798,-0.077515,1.099365
-0.101440,-0.343140,0.782227
-0.311279,0.196777,0.949463
0.435913,-0.340698,0.998535
-0.488037,-0.114990,0.740967
0.306519,-0.036011,1.102661
-0.026733,-0.359741,0.812744
-0.388306,0.188599,0.916748
0.456909,-0.319824,1.013428
-0.454102,-0.160645,0.735596
0.212280,0.020264,1.085327
0.059204,-0.381592,0.835449
-0.446411,0.171631,0.884155
0.465332,-0.276855,1.035645
-0.423950,-0.201294,0.745239
0.131592,0.055420,1.065430
0.137939,-0.395630,0.862671
-0.483643,0.130859,0.854858
0.472534,-0.250488,1.047119
-0.341553,-0.240479,0.765991
0.044312,0.084595,1.047363
0.208862,-0.391724,0.890503
-0.505493,0.086060,0.820435
0.466553,-0.232056,1.047363
-0.261108,-0.286621,0.762085
-0.041626,0.109497,1.021606
0.280151,-0.386230,0.913696
-0.516113,0.039429,0.792480
0.449707,-0.186646,1.063843
-0.210938,-0.302979,0.739136
-0.137451,0.151855,1.004761
0.341431,-0.371826,0.943115
-0.522949,-0.007690,0.768677
0.411865,-0.143433,1.075317
-0.171143,-0.319214,0.753540
-0.238770,0.188599,0.981812
0.397339,-0.361450,0.973999
-0.511475,-0.069458,0.760010
0.353760,-0.085571,1.078369
-0.116943,-0.340576,0.770996
-0.315186,0.170044,0.928955
0.422852,-0.353149,0.983276
-0.501343,-0.106323,0.730713
0.288940,-0.036133,1.093262
-0.042725,-0.376465,0.785278
-0.392334,0.190063,0.903442
0.447754,-0.319092,0.999634
-0.463135,-0.160889,0.732056
0.213623,0.023071,1.090210
0.034546,-0.401489,0.814209
-0.453247,0.186279,0.885742
0.456909,-0.292480,1.030273
-0.446899,-0.186890,0.735596
0.135498,0.045898,1.071655
0.128296,-0.414062,0.845337
-0.498291,0.161621,0.850098
0.460327,-0.258911,1.032349
-0.377686,-0.231812,0.749268
0.055176,0.067261,1.053101
0.185791,-0.426758,0.861572
-0.522217,0.119019,0.818115
0.461304,-0.241699,1.035156
-0.292603,-0.248047,0.769653
-0.024536,0.095215,1.028687
0.247437,-0.432007,0.880249
-0.529175,0.076782,0.802002
0.444092,-0.198242,1.047241
-0.250244,-0.264282,0.752686
-0.099609,0.118286,0.999390
0.304932,-0.404785,0.921753
-0.536255,0.028320,0.785400
0.414429,-0.149170,1.060913
-0.210083,-0.281494,0.745117
-0.189209,0.156738,0.985718
0.357910,-0.393799,0.942871
-0.528931,-0.023193,0.760010
0.383179,-0.114136,1.058960
-0.170166,-0.301514,0.755859
-0.266113,0.174927,0.958618
0.397949,-0.376953,0.968628
-0.523682,-0.081909,0.739258
0.320923,-0.069458,1.066040
-0.114014,-0.339722,0.759033
-0.337891,0.180542,0.919556
0.425659,-0.354858,0.989136
-0.502686,-0.121582,0.724731
0.256226,-0.021118,1.080688
-0.055664,-0.370117,0.775513
-0.405396,0.180786,0.892944
0.442505,-0.329468,1.004395
-0.479370,-0.163086,0.719604
0.206299,0.008545,1.067139
0.009644,-0.394531,0.804565
-0.459229,0.187622,0.873901
0.459351,-0.311279,1.020386
-0.460938,-0.185425,0.722046
0.132080,0.042236,1.053223
0.080200,-0.406738,0.821167
-0.497437,0.166748,0.858887
0.461914,-0.290405,1.021240
-0.419556,-0.187866,0.755859
0.076294,0.071411,1.042236
0.136475,-0.412964,0.840210
-0.525635,0.146606,0.833374
0.466553,-0.278076,1.020386
-0.358032,-0.232422,0.747681
0.024536,0.085083,1.028076
0.191650,-0.414551,0.860840
-0.545288,0.120483,0.806396
0.458130,-0.247803,1.022461
-0.300171,-0.240845,0.764648
-0.036133,0.106201,1.009155
0.228882,-0.421753,0.868652
-0.552246,0.082520,0.794067
0.442383,-0.215088,1.033447
-0.265747,-0.268555,0.729980
-0.086792,0.125000,0.998169
0.282715,-0.423218,0.881592
-0.561401,0.059448,0.776733
0.428101,-0.191650,1.037964
-0.234619,-0.282227,0.727905
-0.147949,0.147461,0.993286
0.322510,-0.405762,0.910645
-0.561890,0.020874,0.762939
0.402466,-0.161499,1.038574
-0.218872,-0.291504,0.732056
-0.218506,0.166992,0.977905
0.358032,-0.386475,0.944336
-0.559082,-0.023682,0.753906
0.360107,-0.124146,1.046875
-0.188721,-0.313965,0.732056
-0.273193,0.176636,0.940674
0.392822,-0.379761,0.960327
-0.547119,-0.064941,0.736572
0.313843,-0.086670,1.055664
-0.152344,-0.332275,0.747437
-0.329712,0.174561,0.908936
0.412598,-0.362793,0.966675
-0.530640,-0.092163,0.729370
0.278198,-0.055298,1.059814
-0.110718,-0.358643,0.749756
-0.380127,0.187866,0.900269
0.424072,-0.346558,0.974487
-0.516602,-0.122559,0.714111
0.232788,-0.041504,1.051025
-0.061890,-0.389038,0.766724
-0.444092,0.197754,0.878540
0.438232,-0.324585,0.999878
-0.489258,-0.136597,0.723633
0.179565,0.010986,1.056274
0.004517,-0.397583,0.795532
-0.489136,0.194458,0.865845
0.447876,-0.317627,0.992798
-0.468628,-0.143799,0.731079
0.127075,0.029907,1.040039
0.064697,-0.405518,0.804443
-0.522583,0.187866,0.851196
0.443970,-0.291138,0.995605
-0.412842,-0.200195,0.743896
0.071899,0.058838,1.037598
0.131592,-0.414307,0.835693
-0.556030,0.169556,0.824585
0.441040,-0.270752,0.989746
-0.352905,-0.208740,0.745605
0.018188,0.088501,1.018433
0.186768,-0.406250,0.861084
-0.567505,0.136475,0.793213
0.428101,-0.232300,1.004150
-0.303467,-0.272339,0.715454
-0.051636,0.125122,1.009766
0.245361,-0.434204,0.868042
-0.581543,0.117188,0.780151
0.416626,-0.203857,1.010376
-0.261597,-0.291016,0.722046
-0.129028,0.144165,0.983643
0.300781,-0.412476,0.903564
-0.586670,0.076904,0.772095
0.394165,-0.168823,1.014526
-0.229370,-0.303589,0.713989
-0.205078,0.163574,0.967529
0.334473,-0.390869,0.928345
-0.570679,0.030029,0.755249
0.362671,-0.121094,1.037720
-0.192749,-0.322510,0.722046
-0.281982,0.174072,0.934448
0.375610,-0.390381,0.943359
-0.570801,-0.016113,0.744141
0.319702,-0.078857,1.044800
-0.152710,-0.333740,0.743408
-0.349487,0.178955,0.908569
0.405151,-0.386108,0.948853
-0.550781,-0.060913,0.715088
0.266357,-0.035889,1.042847
-0.098511,-0.359253,0.756592
-0.421387,0.201294,0.897949
0.421631,-0.353027,0.967041
-0.515381,-0.120117,0.711670
0.177124,0.031128,1.035767
-0.014160,-0.378906,0.781250
-0.476318,0.208252,0.868408
0.436279,-0.318604,0.985107
-0.477051,-0.162842,0.723877
0.104004,0.047974,1.027100
0.058472,-0.396851,0.798462
-0.523071,0.195312,0.849121
0.449951,-0.272583,1.004028
-0.385742,-0.222900,0.744507
0.025513,0.065552,1.012695
0.128906,-0.410400,0.823975
-0.550171,0.145386,0.794556
0.435669,-0.239502,0.996826
-0.304077,-0.272095,0.738770
-0.051392,0.116699,1.004517
0.201782,-0.423218,0.839233
-0.583130,0.108032,0.777100
0.416260,-0.190430,1.015137
-0.247192,-0.304443,0.719727
-0.133911,0.152954,0.981934
0.276123,-0.414062,0.879761
-0.600952,0.075562,0.746460
0.385986,-0.161255,1.020508
-0.210327,-0.321411,0.707275
-0.229004,0.169922,0.953247
0.346069,-0.390625,0.914062
-0.583496,0.021240,0.738525
0.325562,-0.087036,1.021118
-0.171875,-0.334351,0.721558
-0.309082,0.183228,0.918823
0.385986,-0.378906,0.938477
-0.561890,-0.036255,0.707520
0.261841,-0.038818,1.026123
-0.114380,-0.369995,0.734375
-0.404907,0.210205,0.890991
0.421631,-0.360596,0.961670
-0.527710,-0.100586,0.706909
0.168213,0.009033,1.014893
-0.035034,-0.392456,0.764404
-0.477295,0.203369,0.864380
0.437988,-0.322754,0.973145
-0.471313,-0.155640,0.727783
0.101562,0.062622,1.021240
0.042114,-0.395386,0.785767
-0.535767,0.203857,0.838623
0.450928,-0.297974,0.979980
-0.270752,-0.279053,0.754639
-0.050171,0.107788,1.016113
0.133545,-0.398682,0.821533
-0.558350,0.066284,0.771484
0.423950,-0.191650,1.037109
-0.227905,-0.289917,0.748657
-0.143311,0.142456,0.998901
0.318604,-0.396362,0.924561
-0.565308,0.023438,0.756348
0.385986,-0.126221,1.050171
-0.191650,-0.311035,0.735229
-0.244141,0.185913,0.983765
0.380493,-0.381104,0.965210
-0.554321,-0.037720,0.738892
0.329102,-0.090332,1.056885
-0.148804,-0.327393,0.753784
-0.316650,0.173828,0.939209
0.413696,-0.368652,0.975464
-0.536987,-0.084229,0.712280
0.280029,-0.043823,1.061401
-0.093506,-0.338501,0.767212
-0.390869,0.188477,0.903442
0.443970,-0.359497,0.981323
-0.510498,-0.125977,0.716675
0.205688,-0.007446,1.048950
-0.028564,-0.349487,0.796631
-0.439453,0.194092,0.883667
0.447144,-0.321777,0.998657
-0.486816,-0.179321,0.705566
0.159058,0.022339,1.043091
0.036743,-0.384033,0.807251
-0.489136,0.196167,0.871948
0.459595,-0.297974,1.012939
-0.443848,-0.201538,0.738281
0.081177,0.050781,1.030518
0.095703,-0.415283,0.828857
-0.523193,0.180298,0.836182
0.454468,-0.280518,1.009766
-0.386230,-0.225220,0.742920
0.032593,0.080566,1.032349
0.153320,-0.432617,0.835938
-0.539795,0.142578,0.813110
0.450684,-0.245605,1.021484
-0.327148,-0.248169,0.748413
-0.015747,0.106201,1.018677
0.204224,-0.444092,0.846924
-0.561646,0.126343,0.789795
0.432983,-0.237427,1.014038
-0.293945,-0.244751,0.747559
-0.070312,0.115723,1.007324
0.251343,-0.438477,0.865723
-0.579468,0.107178,0.774658
0.421509,-0.203125,1.012695
-0.258911,-0.276245,0.728027
-0.125488,0.149658,0.999756
0.286133,-0.425171,0.891357
-0.580322,0.070190,0.765137
0.404663,-0.176025,1.018799
-0.235107,-0.284058,0.730591
-0.191040,0.160522,0.988525
0.336548,-0.421875,0.922852
-0.581787,0.027100,0.749390
0.374023,-0.151123,1.028442
-0.212280,-0.303833,0.717651
-0.243896,0.163696,0.946899
0.363403,-0.399536,0.923462
-0.572998,-0.001953,0.740479
0.352417,-0.106812,1.040527
-0.178589,-0.328857,0.721680
-0.299438,0.180176,0.923462
0.385376,-0.396973,0.929321
-0.561401,-0.036987,0.726440
0.315430,-0.075073,1.041626
-0.145874,-0.341187,0.729614
-0.348877,0.193115,0.910400
0.407104,-0.386841,0.947754
-0.554932,-0.054932,0.717285
0.272217,-0.043823,1.031006
-0.109131,-0.355957,0.750122
-0.392822,0.200928,0.900024
0.418945,-0.376587,0.950562
-0.538208,-0.100464,0.691772
0.229980,-0.020142,1.044312
-0.068359,-0.361572,0.760132
-0.443848,0.217651,0.882812
0.427856,-0.346924,0.973389
-0.519165,-0.138916,0.693359
0.180542,0.015625,1.030518
-0.034302,-0.366455,0.780273
-0.474121,0.216675,0.881836
0.434814,-0.326904,0.983887
-0.504761,-0.165161,0.689941
0.127075,0.046021,1.029419
0.010254,-0.391235,0.780762
-0.509033,0.204834,0.855835
0.444336,-0.314819,0.978638
-0.468506,-0.157471,0.722778
0.080688,0.077759,1.029541
0.060547,-0.415161,0.793091
-0.528564,0.198853,0.838623
0.436157,-0.292480,0.982544
-0.430298,-0.174927,0.730103
0.052734,0.089600,1.028076
0.107056,-0.432739,0.804199
-0.552979,0.194946,0.819702
0.432617,-0.265625,0.983032
-0.378174,-0.213745,0.736450
0.019043,0.105225,1.028564
0.146240,-0.441284,0.819092
-0.582764,0.187744,0.804932
0.441528,-0.273438,0.982544
-0.347778,-0.226440,0.734985
-0.014404,0.115234,1.009399
0.186523,-0.429810,0.834961
-0.596436,0.174561,0.796753
0.440552,-0.252319,0.988037
-0.312256,-0.263306,0.721436
-0.051514,0.121338,0.998413
0.218750,-0.431396,0.849243
-0.605347,0.160645,0.786011
0.431885,-0.227295,0.999512
-0.282227,-0.279907,0.719604
-0.095093,0.138672,0.985596
0.244629,-0.430786,0.863525
-0.605591,0.139038,0.773926
0.426270,-0.204224,1.007324
-0.254761,-0.276855,0.731201
-0.135376,0.159790,0.978149
0.283691,-0.436523,0.864990
-0.608643,0.124268,0.761719
0.409790,-0.185425,1.008423
-0.233765,-0.274658,0.721191
-0.171143,0.158691,0.964233
0.297729,-0.415649,0.873535
-0.601562,0.089844,0.755249
0.387329,-0.155273,1.008667
-0.209473,-0.300049,0.721313
-0.218140,0.172241,0.942749
0.333130,-0.428223,0.877441
-0.603027,0.073486,0.739868
0.373657,-0.143555,1.007324
-0.185181,-0.291992,0.734375
-0.249634,0.173828,0.927490
0.355835,-0.400146,0.911621
-0.597046,0.035645,0.721802
0.350098,-0.121704,1.015137
-0.161865,-0.319580,0.736572
-0.284302,0.181152,0.910522
0.372803,-0.399780,0.907471
-0.598267,0.026978,0.725342
0.329468,-0.099243,1.012329
-0.136230,-0.334961,0.733154
-0.313965,0.186646,0.901611
0.386475,-0.372925,0.923462
-0.588623,-0.006470,0.701050
0.302246,-0.061890,1.021606
-0.117065,-0.377930,0.721680
-0.347412,0.202026,0.900635
0.407471,-0.380249,0.924683
-0.575806,-0.022217,0.701904
0.266479,-0.042236,1.011597
-0.084106,-0.377686,0.736084
-0.386597,0.213135,0.891968
0.414062,-0.364990,0.942505
-0.570557,-0.055542,0.686768
0.244995,-0.023193,1.002930
-0.075928,-0.384521,0.735840
-0.401733,0.223755,0.895142
0.425415,-0.348389,0.952148
-0.563965,-0.078125,0.684692
0.201660,0.007324,1.010376
-0.048584,-0.409546,0.737061
-0.429688,0.219604,0.879395
0.433838,-0.341431,0.953369
-0.547485,-0.079834,0.696777
0.166504,0.031494,1.002930
-0.020264,-0.403564,0.754761
-0.458740,0.232910,0.877441
0.438721,-0.331665,0.963623
-0.542358,-0.116333,0.683838
0.156250,0.027710,1.011108
-0.003418,-0.396973,0.767334
-0.475830,0.238403,0.864624
0.440796,-0.304932,0.973511
-0.511963,-0.124268,0.699829
0.130249,0.049316,1.022339
0.017944,-0.408691,0.767578
-0.489136,0.232788,0.861084
0.440674,-0.300049,0.968872
-0.488159,-0.121582,0.713501
0.107666,0.078369,1.020996
0.042236,-0.421997,0.771240
-0.511353,0.242065,0.861938
0.444702,-0.291748,0.962158
-0.468140,-0.141357,0.729126
0.087158,0.084229,1.017090
0.076416,-0.412720,0.795532
-0.533447,0.245239,0.842163
0.453613,-0.269531,0.984131
-0.442017,-0.140869,0.728638
0.067627,0.094360,1.014160
0.099609,-0.413818,0.798950
-0.545532,0.228149,0.826050
0.453735,-0.249390,0.982910
-0.404541,-0.165283,0.738037
0.040039,0.112061,1.012085
0.138550,-0.420166,0.807129
-0.559082,0.223877,0.824585
0.451904,-0.244751,0.987305
-0.363892,-0.175781,0.743652
0.003418,0.123047,1.002563
0.168091,-0.417725,0.822510
-0.571533,0.207153,0.808105
0.453369,-0.222290,0.990479
-0.322021,-0.208374,0.740967
-0.034302,0.143188,0.989136
0.206055,-0.423828,0.839111
-0.585938,0.179443,0.793823
0.437500,-0.203369,0.996094
-0.282227,-0.216187,0.749146
-0.065674,0.153198,0.980347
0.248779,-0.402100,0.860840
-0.603760,0.181763,0.781372
0.436523,-0.183105,1.002441
-0.244629,-0.256104,0.740601
-0.104980,0.164429,0.980713
0.271851,-0.398438,0.874268
-0.595581,0.162109,0.780396
0.430176,-0.172974,1.006714
-0.214233,-0.283691,0.735107
-0.135620,0.166016,0.958740
0.305298,-0.398804,0.886230
-0.595215,0.136963,0.773804
0.412231,-0.143555,1.020996
-0.179810,-0.301270,0.735962
-0.181885,0.177246,0.937744
0.340088,-0.399536,0.888428
-0.590454,0.120972,0.763306
0.396606,-0.129639,1.009277
-0.150635,-0.306396,0.742188
-0.228516,0.175537,0.909302
0.366943,-0.387207,0.907104
-0.582031,0.091675,0.755249
0.369507,-0.094604,1.020508
-0.122803,-0.337891,0.741821
-0.255249,0.174194,0.910034
0.376831,-0.373169,0.913940
-0.563232,0.058594,0.749268
0.341675,-0.065796,1.010742
-0.092651,-0.348022,0.750732
-0.293091,0.188599,0.885254
0.383667,-0.367065,0.916382
-0.564453,0.029419,0.735840
0.314453,-0.064331,0.999390
-0.072021,-0.359741,0.743774
-0.325928,0.193726,0.876221
0.411499,-0.348511,0.934814
-0.553467,-0.018066,0.715088
0.276367,-0.026978,1.003906
-0.045898,-0.379395,0.748047
-0.361328,0.191040,0.865845
0.422119,-0.341309,0.935303
-0.544678,-0.041138,0.705566
0.244385,-0.009766,1.005493
-0.021729,-0.404663,0.747192
-0.396606,0.203857,0.861816
0.432251,-0.323486,0.947388
-0.523926,-0.074951,0.712158
0.201904,0.023071,1.005371
0.010986,-0.397705,0.755249
-0.427612,0.213257,0.852783
0.449341,-0.309448,0.961426
-0.501831,-0.102417,0.717773
0.156860,0.053711,1.010742
0.043945,-0.414062,0.766479
-0.451416,0.218872,0.848877
0.453247,-0.297852,0.965576
-0.480347,-0.099365,0.736694
0.139160,0.070923,1.016113
0.064453,-0.414307,0.781128
-0.481323,0.211548,0.829712
0.462646,-0.267700,0.985840
-0.449219,-0.109985,0.747314
0.105591,0.093262,1.015381
0.092041,-0.416504,0.787109
-0.509399,0.219604,0.827759
0.469849,-0.263672,0.980835
-0.416748,-0.123047,0.752930
0.073853,0.105957,1.016479
0.131470,-0.422607,0.796509
-0.536133,0.209839,0.816406
0.463257,-0.253418,0.983521
-0.374023,-0.156982,0.760254
0.039307,0.121094,1.001099
0.165039,-0.431274,0.817383
-0.554443,0.193359,0.794678
0.472046,-0.247803,0.995117
-0.348511,-0.165894,0.754028
0.006714,0.134766,0.997070
0.193726,-0.415161,0.829224
-0.562500,0.170288,0.785767
0.466675,-0.227417,0.995117
-0.301636,-0.199219,0.761963
-0.027222,0.157471,0.993164
0.225830,-0.432495,0.837280
-0.577148,0.166992,0.783447
0.458862,-0.227417,0.997803
-0.268433,-0.191528,0.768921
-0.057861,0.153931,0.985352
0.262695,-0.427856,0.856201
-0.579834,0.155762,0.771851
0.455322,-0.200317,1.003418
-0.226929,-0.225464,0.773560
-0.090698,0.171021,0.969971
0.290283,-0.433716,0.865112
-0.588135,0.140503,0.762939
0.447998,-0.196289,1.010132
-0.183960,-0.265869,0.774048
-0.125366,0.175781,0.962158
0.311768,-0.425293,0.879028
-0.581299,0.123047,0.770142
0.433838,-0.178589,1.003906
-0.150635,-0.280640,0.778931
-0.151367,0.171509,0.940430
0.334717,-0.413574,0.885010
-0.582886,0.123779,0.772217
0.414307,-0.149536,1.011353
-0.119751,-0.317627,0.770630
-0.183472,0.161499,0.934082
0.356812,-0.406006,0.898438
-0.574585,0.107788,0.777100
0.403809,-0.125366,1.012695
-0.095825,-0.334473,0.767822
-0.216431,0.168823,0.916504
0.381958,-0.406860,0.907227
-0.562012,0.073486,0.767700
0.376099,-0.112671,1.009644
-0.070190,-0.351929,0.766113
-0.254395,0.175415,0.894653
0.398560,-0.392212,0.922852
-0.553345,0.028564,0.760010
0.334106,-0.079102,0.998535
-0.038696,-0.368774,0.766479
-0.286987,0.168457,0.871094
0.415649,-0.388672,0.929810
-0.537964,-0.009766,0.740356
0.307983,-0.059937,0.997192
-0.015015,-0.381470,0.761719
-0.315430,0.159790,0.860962
0.431152,-0.375122,0.936646
-0.526978,-0.044678,0.731567
0.271484,-0.043579,0.997437
0.003540,-0.397339,0.759521
-0.342163,0.147827,0.849243
0.444824,-0.356812,0.944336
-0.514160,-0.062622,0.737061
0.240234,-0.020996,0.999878
0.032593,-0.412842,0.770630
-0.376221,0.157471,0.839233
0.459351,-0.360840,0.955200
-0.499634,-0.091309,0.733887
0.209961,0.002808,1.000854
0.058716,-0.424194,0.763184
-0.409180,0.152222,0.827759
0.461060,-0.339233,0.967041
-0.476318,-0.110229,0.737061
0.174683,0.025757,1.009155
0.078125,-0.423462,0.775146
-0.439453,0.161743,0.817871
0.474243,-0.336060,0.974854
-0.456787,-0.116455,0.743286
0.135864,0.056152,1.009155
0.104736,-0.425415,0.791626
-0.466797,0.160645,0.808594
0.477173,-0.314087,0.980713
-0.424683,-0.169556,0.746948
0.096558,0.069214,1.013550
0.139404,-0.432861,0.803711
-0.493164,0.156860,0.790771
0.478394,-0.302246,0.981689
-0.384033,-0.200928,0.750854
0.045776,0.096191,1.013062
0.178467,-0.441650,0.821289
-0.518311,0.136230,0.773193
0.479858,-0.290894,0.998291
-0.341675,-0.218384,0.760742
0.003662,0.110962,1.000122
0.225342,-0.459839,0.833374
-0.530396,0.117676,0.762329
0.474121,-0.270386,1.002563
-0.287231,-0.232422,0.782715
-0.052246,0.130493,0.987793
0.270752,-0.465088,0.855347
-0.549316,0.101685,0.743286
0.463013,-0.239258,1.010254
-0.229126,-0.223267,0.804199
-0.087036,0.146362,0.980103
0.301758,-0.458984,0.862671
-0.553589,0.097290,0.758911
0.440308,-0.213379,1.011597
-0.171021,-0.272827,0.798950
-0.123047,0.152222,0.977783
0.327393,-0.442383,0.889526
-0.550781,0.084106,0.767578
0.424072,-0.176270,1.020020
-0.116455,-0.318115,0.790405
-0.167725,0.156250,0.966675
0.365234,-0.440796,0.902954
-0.539673,0.060669,0.766235
0.394409,-0.150269,1.012939
-0.075928,-0.338379,0.802002
-0.203247,0.147461,0.934204
0.393311,-0.416504,0.919189
-0.529785,0.011475,0.755615
0.365112,-0.107910,1.023926
-0.033813,-0.367554,0.796021
-0.248169,0.133911,0.916016
0.421265,-0.415894,0.937744
-0.511963,-0.036255,0.751343
0.321289,-0.066650,1.019897
0.010620,-0.396973,0.790039
-0.297852,0.129028,0.881714
0.444092,-0.407227,0.948486
-0.495239,-0.081299,0.744873
0.279541,-0.037842,1.017700
0.047974,-0.409180,0.787109
-0.332520,0.122192,0.863770
0.459595,-0.387329,0.958740
-0.471558,-0.117065,0.743530
0.238525,-0.007446,1.016602
0.070435,-0.423218,0.788452
-0.359131,0.129028,0.855103
0.485229,-0.386108,0.973267
-0.465088,-0.142334,0.740112
0.200928,0.007568,1.021851
0.100220,-0.434692,0.789795
-0.404297,0.138672,0.845703
0.496216,-0.370239,0.986450
-0.435913,-0.174683,0.739014
0.153931,0.035767,1.013184
0.130615,-0.435669,0.812134
-0.429443,0.140137,0.829590
0.498169,-0.356079,0.997803
-0.399170,-0.192993,0.750854
0.112183,0.055542,1.021729
0.173950,-0.455444,0.822510
-0.454224,0.129028,0.815186
0.503784,-0.329468,1.008423
-0.357666,-0.210693,0.767578
0.067627,0.078491,1.020874
0.219360,-0.466919,0.841553
-0.470703,0.090088,0.789429
0.501343,-0.300781,1.021240
-0.324463,-0.237061,0.777832
0.027954,0.089233,1.019287
0.252075,-0.465698,0.856812
-0.481689,0.058960,0.773804
0.492920,-0.267456,1.024170
-0.269287,-0.206543,0.810303
-0.020630,0.131958,1.026001
0.292480,-0.480835,0.874268
-0.500488,0.065430,0.770264
0.472534,-0.243652,1.031494
-0.228882,-0.228149,0.815674
-0.050659,0.133057,1.017944
0.326904,-0.463257,0.903931
-0.506592,0.064453,0.778320
0.459473,-0.218750,1.039062
-0.185547,-0.240112,0.830933
-0.084595,0.143921,1.017822
0.356323,-0.460327,0.908203
-0.508057,0.056396,0.787720
0.448853,-0.192261,1.047363
-0.130859,-0.282227,0.834473
-0.110840,0.140015,1.006104
0.385132,-0.453125,0.940918
-0.511841,0.038696,0.787109
0.436279,-0.159790,1.052246
-0.083130,-0.314453,0.827271
-0.151001,0.150513,0.992310
0.421997,-0.435913,0.952026
-0.496948,0.011353,0.777710
0.413086,-0.129883,1.054321
-0.027344,-0.342773,0.838501
-0.182495,0.151978,0.977173
0.447632,-0.423950,0.971558
-0.485107,-0.020874,0.776733
0.376953,-0.088867,1.067139
0.022827,-0.386719,0.836426
-0.227173,0.163696,0.965210
0.475708,-0.407715,0.996826
-0.461426,-0.072876,0.767212
0.335571,-0.056641,1.066528
0.062988,-0.409790,0.837280
-0.264404,0.152100,0.952271
0.496338,-0.390137,1.004272
-0.444458,-0.098389,0.766968
0.302124,-0.034058,1.064819
0.088135,-0.409912,0.840942
-0.303711,0.152344,0.934570
0.508423,-0.368042,1.019165
-0.421509,-0.126221,0.773438
0.269165,-0.003052,1.067993
0.107056,-0.406250,0.846313
-0.348999,0.163208,0.918091
0.527710,-0.347900,1.040894
-0.400391,-0.165161,0.776001
0.220337,0.032227,1.063232
0.168579,-0.416870,0.863159
-0.378052,0.135864,0.891479
0.541504,-0.329346,1.052246
-0.364014,-0.196411,0.775513
0.161743,0.071045,1.065063
0.225220,-0.428955,0.884521
-0.400513,0.104614,0.861572
0.536865,-0.306885,1.054810
-0.320190,-0.233643,0.782593
0.109741,0.104248,1.058960
0.281006,-0.439209,0.908203
-0.427734,0.092896,0.834595
0.528198,-0.275146,1.062256
-0.264893,-0.251587,0.796997
0.049438,0.119507,1.048462
0.337646,-0.441040,0.929688
-0.438843,0.071045,0.830200
0.510742,-0.223145,1.076050
-0.206543,-0.245972,0.835693
-0.004761,0.144287,1.056519
0.380127,-0.434814,0.960693
-0.449097,0.052368,0.823364
0.496948,-0.176758,1.095581
-0.146606,-0.258179,0.850464
-0.060791,0.162354,1.056641
0.419189,-0.423706,0.986084
-0.455688,0.030518,0.831177
0.479614,-0.132446,1.106567
-0.072632,-0.282471,0.862061
-0.112427,0.180542,1.042603
0.451660,-0.410034,1.009521
-0.449707,-0.022461,0.803833
0.450928,-0.097290,1.120728
-0.000244,-0.326782,0.877197
-0.169312,0.184814,1.035767
0.487793,-0.394897,1.029175
-0.437012,-0.066040,0.802979
0.407837,-0.052368,1.129761
0.062866,-0.354858,0.890747
-0.218018,0.195068,1.018066
0.517090,-0.367310,1.058716
-0.415527,-0.101807,0.796021
0.357788,-0.014282,1.119629
0.089722,-0.350952,0.893677
-0.271973,0.188721,0.996460
0.541382,-0.323975,1.073853
-0.385254,-0.164673,0.785034
0.298096,0.021484,1.111938
0.156494,-0.378906,0.910522
-0.323608,0.189087,0.969727
0.562622,-0.304565,1.095337
-0.346924,-0.195312,0.793335
0.229980,0.055908,1.105957
0.227051,-0.411621,0.925171
-0.354248,0.139648,0.919067
0.570190,-0.268799,1.100342
-0.297852,-0.223267,0.808594
0.159912,0.096680,1.094971
0.294556,-0.433105,0.948730
-0.388062,0.091675,0.862427
0.559204,-0.244263,1.105591
-0.240356,-0.244995,0.831909
0.088623,0.137085,1.093872
0.356323,-0.430542,0.970337
-0.419922,0.083618,0.855469
0.542969,-0.201050,1.119385
-0.186768,-0.255249,0.849121
0.011108,0.165527,1.089355
0.408325,-0.422241,1.002930
-0.427856,0.050781,0.856079
0.519287,-0.158936,1.130615
-0.112671,-0.258667,0.883789
-0.064941,0.191650,1.083008
0.452271,-0.405151,1.022827
-0.423218,0.007202,0.847534
0.493530,-0.109985,1.141479
0.011841,-0.327759,0.894409
-0.136841,0.197510,1.061768
0.490234,-0.369751,1.049927
-0.418701,-0.038940,0.832764
0.443970,-0.060425,1.155518
0.059570,-0.337891,0.903198
-0.197266,0.200073,1.041382
0.523926,-0.325928,1.079590
-0.398926,-0.093018,0.822510
0.378662,0.004395,1.152100
0.111450,-0.344482,0.918945
-0.271240,0.215454,1.022461
0.563110,-0.285034,1.118774
-0.364136,-0.160400,0.802856
0.302979,0.046143,1.140747
0.190674,-0.373169,0.946045
-0.318115,0.161011,0.951538
0.574707,-0.259155,1.133423
-0.302246,-0.208008,0.807617
0.218140,0.098145,1.131836
0.278076,-0.406982,0.954346
-0.374023,0.116455,0.899414
0.572144,-0.252319,1.121582
-0.248657,-0.250610,0.826904
0.122314,0.135864,1.107788
0.358643,-0.410522,0.994995
-0.412476,0.106201,0.880981
0.558350,-0.192017,1.140015
-0.175659,-0.250610,0.854004
0.030151,0.164673,1.105225
0.418701,-0.393188,1.017456
-0.426392,0.050659,0.862549
0.526733,-0.125732,1.147827
-0.066650,-0.277100,0.880859
-0.056030,0.186768,1.093140
0.462158,-0.358276,1.056641
-0.395996,-0.106445,0.812134
0.348389,-0.015259,1.114380
0.010498,-0.329468,0.882324
-0.281982,0.181030,0.975098
0.562988,-0.315430,1.096924
-0.358154,-0.155396,0.809570
0.272461,0.043579,1.115112
0.186768,-0.397339,0.904175
-0.354126,0.152710,0.924683
0.584106,-0.298706,1.104614
-0.296387,-0.222046,0.807861
0.168945,0.093140,1.108276
0.285889,-0.422974,0.933105
-0.400513,0.088989,0.852417
0.554932,-0.243652,1.106567
-0.219971,-0.239746,0.843750
0.071289,0.146851,1.100952
0.372925,-0.422363,0.982422
-0.444702,0.083984,0.849365
0.521118,-0.159912,1.125366
-0.135498,-0.238403,0.867676
-0.016479,0.172363,1.084717
0.440430,-0.392212,1.037109
-0.446899,0.016479,0.835205
0.484375,-0.103271,1.138428
-0.006104,-0.309204,0.882935
-0.107422,0.200317,1.074341
0.497681,-0.357056,1.062012
-0.428345,-0.052246,0.818604
0.420898,-0.043945,1.140259
0.058716,-0.343140,0.891479
-0.202393,0.213257,1.039307
0.548096,-0.318848,1.103027
-0.393677,-0.134033,0.806152
0.338623,0.003174,1.136597
0.127319,-0.367310,0.914307
-0.289307,0.197998,0.991333
0.581177,-0.288574,1.130249
-0.334106,-0.202026,0.807739
0.241577,0.061279,1.120728
0.227905,-0.407471,0.933960
-0.344849,0.123169,0.909668
0.585693,-0.255615,1.126343
-0.264404,-0.230835,0.839355
0.145264,0.111694,1.114258
0.318237,-0.433838,0.966309
-0.394043,0.102539,0.880981
0.559082,-0.203735,1.124512
-0.193604,-0.223511,0.864502
0.058838,0.150635,1.115234
0.387573,-0.415283,1.002686
-0.422241,0.071289,0.860352
0.532471,-0.143677,1.141357
-0.105103,-0.247437,0.884277
-0.027710,0.186035,1.096680
0.454712,-0.383301,1.038940
-0.429688,0.003662,0.847900
0.489258,-0.086670,1.161621
0.012695,-0.319458,0.893799
-0.122559,0.188599,1.073853
0.508179,-0.332031,1.081299
-0.414551,-0.057373,0.828125
0.434082,-0.031860,1.167969
0.040405,-0.318481,0.897827
-0.210815,0.208374,1.037964
0.556763,-0.307007,1.114502
-0.370728,-0.136719,0.826538
0.335205,0.034180,1.158813
0.138184,-0.362427,0.924927
-0.293701,0.163696,0.972046
0.581543,-0.268311,1.136108
-0.312988,-0.210815,0.833008
0.229858,0.078979,1.137451
0.253540,-0.405029,0.952759
-0.367432,0.122070,0.900635
0.579590,-0.228882,1.141968
-0.236206,-0.251465,0.836426
0.111206,0.143433,1.126221
0.354614,-0.411133,0.987549
-0.417969,0.090942,0.875244
0.551270,-0.168213,1.148682
-0.158936,-0.261597,0.860718
0.006958,0.166870,1.100342
0.424194,-0.382568,1.020508
-0.422974,0.030273,0.859741
0.514893,-0.096313,1.169189
-0.018433,-0.335327,0.881958
-0.107910,0.181030,1.072632
0.472046,-0.349121,1.057617
-0.417480,-0.037964,0.835938
0.457520,-0.039673,1.173828
0.021362,-0.321899,0.889526
-0.225464,0.204834,1.040039
0.539917,-0.297852,1.113647
-0.382446,-0.128906,0.809570
0.344238,0.036987,1.166748
0.131958,-0.351685,0.917847
-0.306519,0.160767,0.970825
0.566284,-0.259888,1.128906
-0.303711,-0.223022,0.821777
0.212646,0.097656,1.138306
0.257202,-0.401733,0.948975
-0.389038,0.113403,0.893677
0.569824,-0.217773,1.134399
-0.221802,-0.266357,0.839111
0.071533,0.142578,1.115112
0.353271,-0.395508,0.977905
-0.429565,0.063232,0.853760
0.549438,-0.144043,1.156738
-0.087891,-0.302002,0.875000
-0.057861,0.168335,1.084839
0.420898,-0.374756,1.013916
-0.436401,-0.015991,0.835693
0.490601,-0.066772,1.169067
-0.030518,-0.310669,0.857910
-0.182739,0.200439,1.056030
0.495728,-0.326294,1.078369
-0.424805,-0.110107,0.812134
0.380615,-0.013550,1.159058
0.061157,-0.322021,0.895508
-0.287720,0.183716,0.982788
0.556274,-0.269287,1.118530
-0.347412,-0.217163,0.808716
0.240479,0.046509,1.132690
0.196533,-0.392090,0.922485
-0.380249,0.126587,0.897339
0.558716,-0.219116,1.126099
-0.256470,-0.271606,0.817749
0.083740,0.105103,1.097290
0.310669,-0.383545,0.961548
-0.422363,0.063843,0.857300
0.535400,-0.151733,1.141968
-0.111450,-0.303833,0.850830
-0.046997,0.156006,1.073120
0.385620,-0.368652,1.000977
-0.432983,-0.030884,0.821167
0.490601,-0.106689,1.156372
-0.062622,-0.307251,0.838379
-0.184448,0.205322,1.039429
0.468628,-0.306885,1.057373
-0.428467,-0.111816,0.796997
0.374023,-0.022095,1.144043
0.039062,-0.347290,0.873779
-0.304199,0.179321,0.964722
0.526733,-0.292725,1.093506
-0.358276,-0.211060,0.795532
0.225098,0.042114,1.121582
0.168457,-0.382812,0.901245
-0.398682,0.130493,0.898926
0.546265,-0.231812,1.113647
-0.286011,-0.268433,0.805664
0.078247,0.095947,1.089600
0.281372,-0.378784,0.952637
-0.444336,0.062012,0.843994
0.513428,-0.168823,1.123779
-0.134033,-0.321777,0.825439
-0.057739,0.129272,1.055664
0.361206,-0.373779,0.977905
-0.473022,-0.020142,0.812622
0.473755,-0.109619,1.149658
-0.096436,-0.313477,0.814209
-0.196411,0.198364,1.029541
0.448486,-0.335205,1.032837
-0.454834,-0.099731,0.786621
0.368042,-0.045044,1.135620
-0.012451,-0.335571,0.844238
-0.307251,0.186279,0.961914
0.500732,-0.295654,1.064941
-0.398560,-0.206543,0.767090
0.236206,0.018555,1.120605
0.116943,-0.394897,0.864868
-0.409790,0.137939,0.887573
0.516968,-0.241089,1.086792
-0.330688,-0.243408,0.790161
0.097900,0.075195,1.076172
0.235352,-0.406494,0.910889
-0.462402,0.085938,0.838013
0.498901,-0.186523,1.096680
-0.194946,-0.288086,0.806763
-0.016235,0.119385,1.061401
0.311279,-0.402344,0.934937
-0.494263,0.015869,0.800293
0.461548,-0.147583,1.098145
-0.153442,-0.292236,0.797485
-0.148560,0.160400,1.035645
0.398682,-0.384399,0.984619
-0.494385,-0.067139,0.768433
0.382446,-0.065430,1.113647
-0.099121,-0.290771,0.803711
-0.278931,0.180298,0.977783
0.463989,-0.335327,1.029663
-0.466309,-0.155884,0.738525
0.272827,-0.010864,1.100708
0.014771,-0.345825,0.824097
-0.384766,0.159912,0.908203
0.489502,-0.292236,1.057373
-0.395142,-0.256592,0.744141
0.145874,0.041870,1.071777
0.133667,-0.381714,0.859375
-0.466919,0.133911,0.850952
0.491577,-0.242798,1.062134
-0.299438,-0.273071,0.785645
0.020020,0.080566,1.048950
0.225464,-0.394897,0.891602
-0.504883,0.070679,0.803589
0.469116,-0.197266,1.058838
-0.211548,-0.289551,0.767700
-0.095093,0.128174,1.025024
0.314819,-0.403442,0.923706
-0.507446,-0.009888,0.776978
0.414429,-0.123535,1.079590
-0.161743,-0.298096,0.768921
-0.239746,0.165527,0.979736
0.397827,-0.375732,0.977783
-0.505371,-0.082764,0.742065
0.321289,-0.038818,1.081421
-0.079834,-0.316284,0.779419
-0.349731,0.177856,0.913330
0.442871,-0.315063,1.005615
-0.452759,-0.194336,0.720337
0.200195,0.022949,1.074341
0.031860,-0.359253,0.820190
-0.464111,0.179077,0.871826
0.462769,-0.270264,1.040527
-0.404907,-0.253174,0.728027
0.080078,0.060791,1.041016
0.145996,-0.394653,0.850952
-0.515381,0.099487,0.814575
0.465332,-0.238892,1.045044
-0.275757,-0.286865,0.760986
-0.045898,0.111572,1.018677
0.240845,-0.415771,0.868286
-0.538330,0.053711,0.770752
0.431763,-0.188354,1.048828
-0.217407,-0.281738,0.756470
-0.181396,0.145264,0.979126
0.324341,-0.396729,0.915161
-0.550781,-0.022217,0.735229
0.372803,-0.114380,1.061401
-0.151489,-0.310425,0.759644
-0.303101,0.181396,0.940552
0.384766,-0.357300,0.954956
-0.549927,-0.084229,0.707520
0.282104,-0.043945,1.060913
-0.063232,-0.347046,0.780518
-0.424438,0.197632,0.900024
0.419556,-0.323853,0.985962
-0.494873,-0.165771,0.700439
0.158203,0.028320,1.042480
0.056274,-0.369507,0.829834
-0.511597,0.180176,0.860229
0.436401,-0.268921,1.005737
-0.400269,-0.205811,0.736694
0.044067,0.075928,1.029419
0.163208,-0.398804,0.844360
-0.550781,0.132080,0.810425
0.433105,-0.228638,1.015625
-0.291748,-0.270508,0.733643
-0.072021,0.109741,0.980713
0.247314,-0.398193,0.877319
-0.568604,0.062012,0.767090
0.408936,-0.173096,1.034668
-0.225464,-0.322510,0.714722
-0.217285,0.160034,0.957031
0.332153,-0.374756,0.922852
-0.562134,-0.010376,0.749023
0.342651,-0.098389,1.040894
-0.167725,-0.346802,0.728882
-0.328491,0.172119,0.903687
0.388184,-0.363892,0.937134
-0.540771,-0.041016,0.725586
0.253784,-0.021973,1.041992
-0.085083,-0.366089,0.755249
-0.439087,0.189453,0.870605
0.413452,-0.337158,0.957275
-0.507324,-0.116211,0.710449
0.153076,0.040405,1.031860
0.020020,-0.376099,0.800415
-0.526611,0.211670,0.848999
0.435547,-0.294067,0.986572
-0.417358,-0.202271,0.723511
0.044434,0.095215,1.026978
0.121460,-0.405396,0.822754
-0.571289,0.173706,0.810059
0.431274,-0.250488,0.997559
-0.315918,-0.258179,0.730835
-0.046875,0.122192,1.002441
0.219116,-0.424194,0.856934
-0.597168,0.135742,0.782227
0.400024,-0.184692,1.000366
-0.235718,-0.309326,0.709961
-0.149780,0.148560,0.969238
0.303833,-0.407715,0.885986
-0.601685,0.077759,0.754028
0.364380,-0.135498,1.007690
-0.183838,-0.322998,0.709839
-0.259766,0.160034,0.920044
0.370239,-0.387695,0.924438
-0.576416,0.005981,0.727905
0.285156,-0.060181,1.022705
-0.125732,-0.357178,0.726562
-0.376343,0.194458,0.895630
0.408569,-0.355225,0.946045
-0.538452,-0.070190,0.700195
0.188354,0.018066,1.005249
-0.046753,-0.367920,0.758911
-0.478516,0.236694,0.878174
0.433960,-0.319824,0.968506
-0.478516,-0.140869,0.714600
0.092896,0.093018,1.020874
0.060059,-0.393921,0.795654
-0.555420,0.234009,0.843384
0.442993,-0.275513,0.986816
-0.367188,-0.212524,0.747070
0.010254,0.113525,1.009766
0.165771,-0.394165,0.839111
-0.600586,0.203857,0.804932
0.430664,-0.214111,0.996948
-0.258667,-0.284424,0.733276
-0.091797,0.145752,0.981567
0.258057,-0.383301,0.873169
-0.600220,0.144897,0.773682
0.392456,-0.153564,1.004761
-0.193604,-0.309937,0.717896
-0.193115,0.142944,0.932617
0.337646,-0.389648,0.904175
-0.581055,0.064575,0.749268
0.336914,-0.089111,1.005249
-0.142944,-0.352783,0.711060
-0.317017,0.167236,0.891113
0.394287,-0.359375,0.932617
-0.546265,-0.018921,0.720459
0.233521,0.001343,1.005615
-0.067139,-0.370239,0.742676
-0.420288,0.208740,0.868896
0.425903,-0.318726,0.968384
-0.492920,-0.113770,0.713379
0.140869,0.075439,1.017578
0.022095,-0.370239,0.785156
-0.519775,0.250122,0.856445
0.446167,-0.280029,0.977417
-0.380615,-0.181885,0.748291
0.045776,0.125488,1.022949
0.131348,-0.385010,0.819092
-0.567627,0.220337,0.813599
0.435547,-0.225586,0.985596
-0.274780,-0.239014,0.750610
-0.044189,0.148560,1.000244
0.233154,-0.382690,0.863770
-0.604614,0.174072,0.779785
0.410645,-0.169067,0.987427
-0.186890,-0.314697,0.735229
-0.149780,0.160034,0.948608
0.320435,-0.379639,0.893188
-0.585815,0.096069,0.755737
0.356689,-0.102051,1.002197
-0.136719,-0.366333,0.701904
-0.259888,0.167969,0.893799
0.393921,-0.367920,0.918335
-0.555420,0.015259,0.729492
0.266724,-0.027710,0.996094
-0.077515,-0.392334,0.716675
-0.380371,0.195679,0.869873
0.432251,-0.332031,0.946167
-0.507202,-0.074951,0.729126
0.173218,0.048584,1.004272
0.002563,-0.375854,0.769653
-0.475952,0.220825,0.844116
0.445435,-0.295776,0.963501
-0.435181,-0.142090,0.745605
0.095337,0.112915,1.025635
0.095215,-0.370728,0.817627
-0.548096,0.225464,0.817871
0.441650,-0.254028,0.978760
-0.316528,-0.208984,0.746216
0.006714,0.152466,1.014771
0.196167,-0.377686,0.851807
-0.580688,0.206421,0.786011
0.435669,-0.219727,0.983154
-0.232544,-0.249390,0.754150
-0.079834,0.148926,0.966431
0.289429,-0.374268,0.885498
-0.585571,0.157715,0.774902
0.405640,-0.153442,1.004272
-0.144531,-0.319824,0.747437
-0.183105,0.159180,0.923706
0.354980,-0.375000,0.912842
-0.565430,0.078613,0.758789
0.342285,-0.058594,1.007935
-0.085815,-0.380859,0.729736
-0.281006,0.165649,0.873535
0.404053,-0.371338,0.926514
-0.536499,-0.010498,0.735718
0.274170,0.004639,1.013062
-0.030884,-0.385742,0.745483
-0.375610,0.170898,0.851318
0.437256,-0.355225,0.946411
-0.505615,-0.067749,0.739258
0.192993,0.053589,1.021606
0.027588,-0.393433,0.764160
-0.464600,0.186523,0.827881
0.451538,-0.334229,0.962280
-0.454346,-0.132812,0.742432
0.119751,0.072266,1.024414
0.092651,-0.388672,0.803223
-0.523926,0.192017,0.801147
0.462036,-0.297974,0.970337
-0.362793,-0.199951,0.758545
0.036987,0.122070,1.010620
0.178833,-0.390137,0.837402
-0.567749,0.178467,0.773438
0.459229,-0.243408,0.989380
-0.262939,-0.234985,0.773071
-0.049561,0.144043,0.987061
0.267700,-0.404663,0.865356
-0.572388,0.141479,0.765015
0.432007,-0.176270,1.000366
-0.165039,-0.282349,0.782104
-0.131348,0.159424,0.956177
0.317261,-0.404785,0.892456
-0.569214,0.118042,0.768066
0.398438,-0.124512,1.024658
-0.096802,-0.339355,0.770874
-0.210327,0.148804,0.916382
0.375977,-0.405884,0.907837
-0.554810,0.051880,0.752563
0.351074,-0.065430,1.018799
-0.044922,-0.374756,0.758789
-0.293091,0.163574,0.872437
0.414795,-0.402466,0.929810
-0.532959,-0.028931,0.730225
0.284058,-0.029419,1.002197
-0.000854,-0.387451,0.758057
-0.356079,0.153198,0.846313
0.442993,-0.383301,0.936401
-0.501953,-0.086792,0.736816
0.213379,0.012817,1.009399
0.051514,-0.421387,0.762085
-0.426758,0.153442,0.824219
0.462158,-0.350464,0.959839
-0.469482,-0.120361,0.746582
0.151978,0.046265,1.007935
0.094971,-0.419312,0.793945
-0.478760,0.155396,0.802734
0.462158,-0.321899,0.968140
-0.411987,-0.185181,0.748535
0.088623,0.084717,1.018555
0.151123,-0.428467,0.815186
-0.519653,0.128418,0.778076
0.465332,-0.285645,0.979248
-0.338135,-0.175293,0.783569
0.015991,0.105957,1.005005
0.219360,-0.446655,0.841064
-0.541992,0.117554,0.755371
0.463379,-0.255981,0.996826
-0.270142,-0.204468,0.792358
-0.041504,0.128052,0.988403
0.279663,-0.448853,0.871216
-0.550293,0.084595,0.757690
0.442993,-0.223633,1.005981
-0.188110,-0.263062,0.794678
-0.106567,0.149780,0.973022
0.330444,-0.421143,0.907471
-0.551636,0.074829,0.773560
0.418457,-0.173462,1.024902
-0.119141,-0.318848,0.789917
-0.176758,0.147827,0.945923
0.386963,-0.425049,0.919800
-0.538452,0.032715,0.770508
0.373779,-0.121826,1.021240
-0.048340,-0.383301,0.788574
-0.242676,0.138550,0.910400
0.426025,-0.416016,0.937500
-0.518677,-0.028198,0.755615
0.314941,-0.073242,1.019775
0.015381,-0.425415,0.772217
-0.318848,0.139648,0.875366
0.455688,-0.402832,0.946167
-0.479126,-0.076538,0.763550
0.253052,-0.024170,1.024048
0.069092,-0.450806,0.778442
-0.381592,0.120605,0.838135
0.469604,-0.376099,0.968262
-0.442383,-0.144531,0.750610
0.180542,0.015503,1.020386
0.107910,-0.436523,0.800171
-0.445557,0.137573,0.817871
0.491943,-0.359497,0.978760
-0.396118,-0.185913,0.758789
0.101685,0.068848,1.028809
0.184204,-0.448853,0.833862
-0.478882,0.100708,0.784790
0.492798,-0.309082,1.005249
-0.322632,-0.220825,0.777222
0.018799,0.106323,1.011108
0.269775,-0.462036,0.872192
-0.503418,0.070068,0.762329
0.466309,-0.258545,1.012451
-0.236572,-0.237793,0.798828
-0.050415,0.122681,1.008179
0.336914,-0.451416,0.903564
-0.524048,0.070068,0.771851
0.437256,-0.195068,1.032715
-0.137573,-0.295654,0.819458
-0.120239,0.140869,0.986572
0.386841,-0.425049,0.947144
-0.505005,0.022827,0.777954
0.397095,-0.120117,1.046753
-0.035522,-0.363281,0.818237
-0.205200,0.140137,0.951904
0.442261,-0.412598,0.972778
-0.479858,-0.056519,0.762573
0.339478,-0.063110,1.052979
0.051147,-0.422485,0.813599
-0.282104,0.143433,0.919189
0.480835,-0.381958,0.996216
-0.449463,-0.112793,0.764282
0.268555,-0.016113,1.056885
0.088135,-0.423096,0.810791
-0.348145,0.140503,0.893921
0.513916,-0.365356,1.014526
-0.412720,-0.161743,0.766724
0.184082,0.045898,1.054443
0.164917,-0.427246,0.854614
-0.402466,0.120972,0.850952
0.528320,-0.331909,1.031860
-0.357178,-0.214478,0.761597
0.096069,0.092773,1.048462
0.256714,-0.452759,0.875854
-0.447388,0.079224,0.810791
0.512451,-0.280151,1.042969
-0.268433,-0.243164,0.806641
0.011719,0.126709,1.041260
0.331055,-0.451416,0.917603
-0.465820,0.054565,0.797363
0.477661,-0.204590,1.066162
-0.177856,-0.255127,0.835205
-0.059448,0.150024,1.036133
0.389038,-0.430908,0.963257
-0.474243,0.025635,0.799805
0.449219,-0.130737,1.084839
-0.069092,-0.315674,0.841187
-0.136475,0.175293,1.020386
0.456543,-0.410034,0.998291
-0.462891,-0.026245,0.798340
0.406250,-0.084351,1.093506
0.041626,-0.386353,0.851318
-0.209473,0.164795,0.990723
0.498413,-0.372437,1.035522
-0.432617,-0.093994,0.789307
0.343018,-0.030518,1.096191
0.092285,-0.392334,0.857422
-0.292236,0.172363,0.961426
0.526123,-0.329956,1.056519
-0.390625,-0.154053,0.792114
0.258301,0.030029,1.093018
0.166626,-0.412231,0.885010
-0.361938,0.144043,0.906372
0.555664,-0.303589,1.081299
-0.335449,-0.201538,0.785400
0.168701,0.086670,1.086304
0.264038,-0.442993,0.910034
-0.410767,0.097046,0.851562
0.543579,-0.264893,1.083618
-0.265869,-0.228271,0.822998
0.079590,0.123901,1.080811
0.345337,-0.445679,0.956421
-0.441406,0.076904,0.828613
0.521484,-0.216553,1.096313
-0.193848,-0.239380,0.838501
-0.000244,0.163574,1.075073
0.411133,-0.427124,0.990967
-0.458618,0.067261,0.839355
0.500122,-0.146240,1.115601
-0.091187,-0.263916,0.867676
-0.079834,0.188965,1.061035
0.469727,-0.397949,1.025757
-0.437256,-0.000854,0.829102
0.449219,-0.089844,1.130127
0.028320,-0.347656,0.878540
-0.162720,0.178955,1.032227
0.517456,-0.347412,1.065918
-0.408813,-0.063110,0.826050
0.389648,-0.019897,1.132690
0.068481,-0.353271,0.891968
-0.240601,0.173706,0.999512
0.557373,-0.308350,1.098145
-0.366089,-0.131470,0.818726
0.299561,0.041992,1.124268
0.173950,-0.391602,0.921509
-0.322632,0.146973,0.947144
0.573120,-0.292236,1.108032
-0.311890,-0.206909,0.816162
0.200562,0.103027,1.110352
0.276978,-0.418823,0.943604
-0.382446,0.109741,0.885498
0.565186,-0.242554,1.116089
-0.242676,-0.238281,0.841309
0.098633,0.151367,1.104980
0.358521,-0.420654,0.987549
-0.422119,0.097290,0.868652
0.539062,-0.185303,1.131470
-0.160400,-0.249023,0.859009
0.010010,0.183228,1.100220
0.434082,-0.393677,1.025391
-0.426270,0.026489,0.851318
0.498413,-0.108643,1.148560
-0.039307,-0.308472,0.884277
-0.087158,0.184937,1.069336
0.490112,-0.356934,1.065796
-0.421875,-0.023682,0.839966
0.446411,-0.034668,1.170044
0.034058,-0.344360,0.890625
-0.175415,0.197388,1.058716
0.532837,-0.330444,1.091309
-0.389526,-0.088013,0.826904
0.380493,0.018677,1.160767
0.105835,-0.351807,0.911743
-0.269653,0.200806,1.009155
0.571899,-0.298584,1.117920
-0.339355,-0.169067,0.826660
0.109619,0.113647,1.084351
0.211060,-0.394653,0.931763
-0.429321,0.078247,0.838745
0.527588,-0.197998,1.103638
-0.183350,-0.262207,0.841797
0.007935,0.161133,1.079712
0.406982,-0.406494,1.006348
-0.459106,0.054443,0.836914
0.486938,-0.118530,1.132324
-0.083130,-0.291748,0.865112
-0.086914,0.187866,1.077759
0.471802,-0.393066,1.040283
-0.438721,0.000122,0.826172
0.439209,-0.063965,1.143799
0.046997,-0.366821,0.881592
-0.169800,0.199097,1.051758
0.520264,-0.362671,1.062866
-0.421509,-0.069092,0.811646
0.378174,0.004395,1.143677
0.090698,-0.351685,0.902710
-0.264648,0.200928,1.016968
0.556763,-0.310913,1.107788
-0.369873,-0.152222,0.807495
0.288940,0.053589,1.129395
0.191772,-0.391235,0.922974
-0.322632,0.144409,0.947998
0.574585,-0.271973,1.124390
-0.299194,-0.220093,0.820190
0.178833,0.103882,1.109619
0.288086,-0.421875,0.949219
-0.377075,0.094849,0.879517
0.574219,-0.226562,1.132202
-0.228638,-0.250244,0.841309
0.079224,0.152100,1.104614
0.368896,-0.424194,0.987061
-0.421509,0.080078,0.861450
0.549927,-0.165894,1.150635
-0.149536,-0.252075,0.871582
-0.011719,0.198853,1.097168
0.434570,-0.409546,1.026367
-0.429077,0.032349,0.857910
0.519043,-0.112183,1.159180
-0.036987,-0.288208,0.899048
-0.095825,0.213013,1.078369
0.475220,-0.370483,1.043579
-0.421875,-0.017334,0.848755
0.471313,-0.067017,1.159912
0.025879,-0.318970,0.900269
-0.167358,0.216797,1.064941
0.517700,-0.317017,1.094604
-0.414551,-0.081177,0.824463
0.410767,-0.012939,1.167603
0.086060,-0.356323,0.910278
-0.251343,0.220703,1.038818
0.560669,-0.295532,1.117188
-0.370728,-0.159668,0.810913
0.312134,0.033203,1.151123
0.172974,-0.382080,0.939209
-0.311646,0.160156,0.954224
0.576904,-0.256958,1.135010
-0.306641,-0.216309,0.825928
0.213501,0.082031,1.129395
0.260254,-0.411987,0.947876
-0.364380,0.117676,0.908447
0.569702,-0.219482,1.133179
-0.240967,-0.241577,0.847290
0.121704,0.124268,1.117798
0.329834,-0.409058,0.984375
-0.411987,0.092896,0.883301
0.560303,-0.175781,1.149780
-0.172363,-0.248657,0.866333
0.022705,0.170410,1.108643
0.391846,-0.399170,1.000977
-0.425049,0.043579,0.867920
0.534424,-0.130005,1.160645
-0.073486,-0.298462,0.881836
-0.053589,0.191772,1.087891
0.434448,-0.365479,1.026733
-0.437744,-0.011108,0.847168
0.500610,-0.093994,1.176147
-0.041138,-0.320068,0.861938
-0.124756,0.205811,1.072510
0.485962,-0.337036,1.058960
-0.445190,-0.047363,0.826416
0.451538,-0.048096,1.184082
0.009399,-0.321289,0.881592
-0.215332,0.227783,1.058472
0.524414,-0.305908,1.095703
-0.408447,-0.121460,0.806885
0.370605,-0.014893,1.157715
0.062256,-0.330444,0.896118
-0.272461,0.191040,0.997559
0.546997,-0.285400,1.106812
-0.379150,-0.177612,0.798950
0.290771,0.024170,1.146118
0.135864,-0.385498,0.898315
-0.328369,0.153931,0.942017
0.557251,-0.266724,1.109131
-0.330444,-0.228149,0.800781
0.207031,0.055542,1.122070
0.210815,-0.402100,0.921143
-0.383301,0.134277,0.911621
0.554565,-0.229492,1.121826
-0.287598,-0.258057,0.809082
0.122070,0.080566,1.102051
0.272827,-0.402710,0.954956
-0.417480,0.089355,0.872314
0.545532,-0.193848,1.125000
-0.240601,-0.271729,0.819458
0.036499,0.129028,1.091675
0.318970,-0.390991,0.965454
-0.433716,0.052124,0.854248
0.531494,-0.160889,1.130981
-0.150879,-0.296753,0.832886
-0.036133,0.141113,1.067749
0.358765,-0.385864,0.973267
-0.447876,0.000610,0.819092
0.499512,-0.130005,1.139282
-0.114624,-0.307739,0.820312
-0.116333,0.173096,1.047729
0.410034,-0.369385,1.000610
-0.468750,-0.023926,0.810425
0.455078,-0.098877,1.142090
-0.096069,-0.323242,0.813599
-0.201416,0.202148,1.035278
0.454102,-0.349243,1.030396
-0.473999,-0.072266,0.784546
0.403076,-0.060669,1.143921
-0.054810,-0.312622,0.829102
-0.269409,0.203857,0.996460
0.484619,-0.324951,1.053101
-0.458496,-0.121704,0.763428
0.328979,-0.032471,1.118530
-0.001831,-0.361938,0.831543
-0.332764,0.176758,0.946289
0.502808,-0.322021,1.056152
-0.422974,-0.169556,0.757935
0.252075,0.003784,1.103882
0.065430,-0.379761,0.844116
-0.386963,0.167603,0.901855
0.502197,-0.290283,1.060181
-0.394897,-0.222168,0.760498
0.183960,0.034058,1.088135
0.137817,-0.395142,0.871094
-0.441650,0.145996,0.873657
0.508179,-0.253540,1.078979
-0.370728,-0.237305,0.759399
0.094238,0.064941,1.069946
0.197144,-0.404541,0.882935
-0.471802,0.114990,0.845703
0.501099,-0.236084,1.070190
-0.291138,-0.246948,0.787231
0.017212,0.093018,1.050171
0.245605,-0.413574,0.892944
-0.493164,0.084717,0.822021
0.484253,-0.204712,1.072388
-0.240601,-0.282471,0.772095
-0.053223,0.114990,1.023438
0.300171,-0.409180,0.914917
-0.514282,0.044678,0.794678
0.458862,-0.165039,1.079468
-0.199097,-0.297485,0.760498
-0.144165,0.158813,1.006348
0.345581,-0.417847,0.932129
-0.528442,-0.001221,0.766235
0.414795,-0.127808,1.078979
-0.179077,-0.297241,0.766479
-0.229004,0.184326,0.990967
0.388672,-0.391724,0.957031
-0.524658,-0.041260,0.763916
0.366821,-0.091797,1.087036
-0.145996,-0.310913,0.774048
-0.297607,0.173096,0.940918
0.405640,-0.375977,0.967773
-0.522339,-0.078613,0.745728
0.317505,-0.064209,1.077637
-0.100830,-0.313843,0.782349
-0.360352,0.179810,0.918091
0.427002,-0.347778,0.987671
-0.505005,-0.146118,0.715332
0.243408,-0.022827,1.061035
-0.036987,-0.341675,0.802490
-0.428833,0.187500,0.887695
0.435913,-0.317261,1.008667
-0.476440,-0.169922,0.722412
0.168213,0.024902,1.055542
0.031128,-0.381836,0.822388
-0.480347,0.181641,0.865234
0.451904,-0.296143,1.011475
-0.448730,-0.187866,0.722656
0.099365,0.058105,1.033447
0.095215,-0.407837,0.818481
-0.514771,0.163818,0.833496
0.456177,-0.277344,1.007202
-0.384644,-0.227783,0.743164
0.035034,0.096558,1.027466
0.147705,-0.430542,0.830933
-0.545410,0.138184,0.807251
0.450317,-0.258179,1.018677
-0.315918,-0.247070,0.748291
-0.031128,0.119873,1.012085
0.210449,-0.427368,0.848267
-0.569580,0.119629,0.792358
0.440430,-0.228149,1.011719
-0.279175,-0.303955,0.712769
-0.099609,0.138428,0.992432
0.266602,-0.424683,0.874634
-0.593872,0.078247,0.764771
0.416016,-0.191772,1.022217
-0.245239,-0.301880,0.723389
-0.165161,0.155396,0.983398
0.316895,-0.422119,0.895020
-0.598755,0.060547,0.755615
0.378418,-0.160278,1.020020
-0.217529,-0.304565,0.714844
-0.237061,0.162231,0.947144
0.350952,-0.404663,0.916626
-0.586792,0.023926,0.746338
0.341309,-0.117676,1.019775
-0.178467,-0.335205,0.718140
-0.304443,0.177124,0.918091
0.383545,-0.391113,0.924805
-0.573120,-0.015747,0.732422
0.284302,-0.063721,1.024658
-0.139648,-0.343506,0.736572
-0.369507,0.188843,0.896973
0.408569,-0.364624,0.943726
-0.550781,-0.062988,0.704712
0.217285,-0.003906,1.020996
-0.080200,-0.378052,0.748169
-0.431030,0.207153,0.880005
0.417847,-0.342896,0.960815
-0.522095,-0.111938,0.694702
0.160767,0.040283,1.015869
-0.028931,-0.383179,0.763306
-0.484741,0.224854,0.878052
0.441528,-0.322144,0.978271
-0.484375,-0.158569,0.711426
0.102295,0.073975,1.017212
0.035889,-0.402954,0.776733
-0.527222,0.230103,0.847778
0.449829,-0.295044,0.979492
-0.421753,-0.172974,0.740845
0.055908,0.110352,1.021606
0.092285,-0.410522,0.800049
-0.560303,0.213745,0.825562
0.447388,-0.273193,0.977661
-0.355835,-0.212158,0.739258
0.010132,0.115845,1.012329
0.147705,-0.410889,0.815552
-0.582275,0.200562,0.801392
0.447632,-0.248535,0.989746
-0.300049,-0.258545,0.735718
-0.037109,0.130737,0.996094
0.198242,-0.408936,0.840576
-0.604980,0.183105,0.789917
0.432007,-0.220337,0.986938
-0.252563,-0.288940,0.731934
-0.091553,0.152100,0.980835
0.255005,-0.395752,0.871704
-0.611450,0.147461,0.769897
0.419312,-0.184204,1.003418
-0.210205,-0.304932,0.717407
-0.151245,0.162598,0.960327
0.312378,-0.385498,0.894775
-0.604004,0.112793,0.755371
0.383789,-0.146118,0.991455
-0.173096,-0.323120,0.719482
-0.208984,0.176270,0.939819
0.354980,-0.380615,0.919556
-0.594971,0.075073,0.735718
0.342651,-0.097168,1.004028
-0.133301,-0.361816,0.715576
-0.276611,0.192505,0.909912
0.391357,-0.369507,0.923462
-0.566772,0.034912,0.730225
0.292603,-0.045288,0.996826
-0.100220,-0.385620,0.721436
-0.335571,0.199707,0.888916
0.412964,-0.353516,0.938477
-0.561279,-0.021240,0.707275
0.239502,-0.002563,0.994873
-0.051392,-0.390625,0.732178
-0.394409,0.205200,0.876709
0.435913,-0.335083,0.949463
-0.522705,-0.073242,0.706177
0.179565,0.039185,1.007812
-0.011597,-0.399658,0.748901
-0.452026,0.219604,0.860962
0.452637,-0.317505,0.969116
-0.476440,-0.092529,0.733032
0.136108,0.072021,1.017456
0.030884,-0.394287,0.768555
-0.503540,0.225830,0.840088
0.466919,-0.297852,0.969360
-0.428345,-0.128052,0.754639
0.085693,0.097046,1.016113
0.083984,-0.391357,0.793823
-0.531860,0.231323,0.824341
0.460449,-0.280029,0.973511
-0.373779,-0.167969,0.760986
0.040527,0.130005,1.013306
0.146973,-0.392700,0.827271
-0.561523,0.191406,0.788818
0.460693,-0.243164,0.986084
-0.301514,-0.189331,0.768921
-0.013550,0.138794,0.999268
0.211914,-0.394165,0.847656
-0.581421,0.164307,0.771240
0.446167,-0.199463,0.999634
-0.236206,-0.231812,0.765625
-0.075806,0.159912,0.971191
0.271240,-0.390137,0.882324
-0.582520,0.138306,0.757202
0.428101,-0.164917,1.009155
-0.170044,-0.280273,0.761963
-0.143921,0.167969,0.950928
0.334106,-0.387451,0.902344
-0.575195,0.119995,0.764771
0.392334,-0.119263,1.002808
-0.111816,-0.331299,0.764038
-0.204956,0.169922,0.919922
0.376221,-0.387939,0.914917
-0.559448,0.071899,0.759399
0.356201,-0.076416,1.018188
-0.072021,-0.372803,0.749878
-0.277222,0.182007,0.887695
0.416748,-0.385254,0.920898
-0.543823,0.005493,0.739380
0.291992,-0.030762,1.001587
-0.030151,-0.406860,0.743164
-0.342529,0.173950,0.862427
0.437622,-0.376587,0.946289
-0.518188,-0.050293,0.740601
0.229736,-0.000122,1.009033
0.013428,-0.411133,0.751587
-0.404785,0.166260,0.828735
0.450195,-0.347168,0.948364
-0.479858,-0.090210,0.746948
0.177246,0.025269,1.006226
0.062134,-0.426392,0.774048
-0.460815,0.169189,0.813965
0.460815,-0.326782,0.960938
-0.442505,-0.136475,0.749878
0.125488,0.062866,1.019043
0.113525,-0.424561,0.800903
-0.501465,0.161133,0.792480
0.462524,-0.292358,0.972900
-0.379883,-0.166382,0.762695
0.053223,0.112915,1.018188
0.164185,-0.431152,0.812378
-0.527832,0.136108,0.776978
0.458740,-0.259155,0.981201
-0.327026,-0.188965,0.769287
-0.013062,0.135864,1.002441
0.230469,-0.443970,0.851685
-0.550659,0.112671,0.757935
0.455322,-0.244995,0.997192
-0.254150,-0.229980,0.772461
-0.064087,0.148315,0.983398
0.292847,-0.450562,0.867432
-0.564453,0.093262,0.749634
0.434448,-0.211792,1.000244
-0.188965,-0.271118,0.780396
-0.115723,0.162720,0.971313
0.334351,-0.435181,0.894287
-0.557495,0.087036,0.772339
0.416626,-0.177856,1.015137
-0.131592,-0.306641,0.781128
-0.174561,0.157227,0.948975
0.367065,-0.429932,0.903442
-0.544800,0.055664,0.779175
0.393677,-0.133667,1.023682
-0.075317,-0.339844,0.792847
-0.222412,0.144531,0.920654
0.402100,-0.431885,0.918213
-0.538452,0.020874,0.766968
0.360718,-0.099365,1.022095
-0.029663,-0.380249,0.787598
-0.275879,0.155762,0.901978
0.428711,-0.426147,0.926758
-0.517822,-0.026489,0.759277
0.318604,-0.075684,1.010620
0.020630,-0.410522,0.789673
-0.319214,0.149780,0.879517
0.450195,-0.418579,0.947388
-0.496826,-0.078003,0.743408
0.272827,-0.039551,1.020630
0.050415,-0.408447,0.791382
-0.351807,0.139771,0.869385
0.470703,-0.400024,0.965088
-0.467285,-0.122070,0.748047
0.230591,-0.008667,1.015503
0.083374,-0.419678,0.799438
-0.376587,0.133301,0.856567
0.487427,-0.378662,0.975342
-0.455688,-0.154297,0.738647
0.189453,0.011230,1.021973
0.114746,-0.427124,0.807495
-0.401001,0.136108,0.837891
0.492065,-0.358276,0.995483
-0.417725,-0.177734,0.752441
0.156982,0.041504,1.029053
0.137207,-0.433472,0.813843
-0.417969,0.133301,0.845703
0.499512,-0.341553,1.003296
-0.389893,-0.186401,0.758057
0.129150,0.049438,1.028809
0.178223,-0.448486,0.830322
-0.445923,0.125122,0.816895
0.504639,-0.335449,1.012085
-0.362915,-0.217529,0.759521
0.093750,0.070801,1.031128
0.218262,-0.466919,0.843384
-0.458374,0.095215,0.812866
0.517700,-0.325195,1.018066
-0.338501,-0.226685,0.773438
0.054321,0.078125,1.025146
0.253540,-0.475098,0.869507
-0.463379,0.074463,0.789551
0.506226,-0.297485,1.025757
-0.301025,-0.224609,0.791870
0.035278,0.089600,1.030640
0.287476,-0.472412,0.875488
-0.471924,0.069946,0.788818
0.493774,-0.265625,1.036377
-0.266724,-0.226440,0.806152
0.009766,0.110718,1.037842
0.321899,-0.469849,0.901489
-0.482788,0.065552,0.798218
0.488281,-0.249390,1.051636
-0.225220,-0.250977,0.813477
-0.015869,0.132080,1.032593
0.348999,-0.461548,0.913208
-0.486938,0.083496,0.801758
0.489746,-0.223511,1.056641
-0.195312,-0.246094,0.819458
-0.027466,0.140137,1.049683
0.370483,-0.446533,0.942627
-0.485474,0.080933,0.814331
0.484375,-0.202148,1.074097
-0.163940,-0.249268,0.837769
-0.048096,0.156616,1.051514
0.399170,-0.457520,0.959839
-0.482544,0.072632,0.821533
0.472778,-0.176147,1.081177
-0.140625,-0.250610,0.853760
-0.069946,0.159058,1.054199
0.416138,-0.440308,0.977905
-0.474121,0.056274,0.823486
0.478882,-0.150635,1.089600
-0.093750,-0.270142,0.869629
-0.095703,0.175171,1.052124
0.434570,-0.438110,0.984375
-0.467896,0.041748,0.821777
0.468872,-0.135376,1.102539
-0.052002,-0.283325,0.882935
-0.123169,0.180420,1.046143
0.458740,-0.433350,0.994751
-0.460083,0.005371,0.814087
0.457153,-0.105835,1.113403
-0.010986,-0.321533,0.884766
-0.144775,0.194824,1.057739
0.470825,-0.427734,1.009521
-0.451050,-0.013062,0.809937
0.446899,-0.094727,1.130859
0.020386,-0.334351,0.884766
-0.159546,0.203735,1.051880
0.484619,-0.408813,1.025635
-0.453003,-0.026489,0.815552
0.442383,-0.070801,1.132568
0.041138,-0.338745,0.890747
-0.163208,0.200562,1.055542
0.497314,-0.390625,1.041992
-0.444214,-0.033447,0.809326
0.439331,-0.060181,1.143433
0.057617,-0.339355,0.891357
-0.178101,0.211304,1.056274
0.518311,-0.375977,1.057251
-0.440430,-0.064575,0.800049
0.417358,-0.039429,1.140625
0.061523,-0.342529,0.901611
-0.191406,0.213989,1.048584
0.528442,-0.369385,1.065186
-0.429199,-0.073853,0.804565
0.406006,-0.035278,1.145630
0.065186,-0.335571,0.898926
-0.213379,0.223755,1.047119
0.541992,-0.348267,1.087036
-0.416626,-0.078735,0.811890
0.395630,-0.022705,1.143188
0.076416,-0.336426,0.916016
-0.232178,0.221191,1.049194
0.560547,-0.343140,1.098511
-0.410400,-0.111328,0.802612
0.371094,-0.004517,1.142212
0.099487,-0.350220,0.920288
-0.256470,0.204468,1.023804
0.566650,-0.316772,1.110962
-0.391235,-0.134399,0.805420
0.349731,0.022095,1.154297
0.125610,-0.358643,0.925537
-0.273438,0.210571,1.018311
0.567993,-0.304565,1.120483
-0.375977,-0.148071,0.804932
0.329346,0.033936,1.146118
0.149414,-0.362671,0.930786
-0.291504,0.192871,0.998291
0.579712,-0.296509,1.123047
-0.362305,-0.165527,0.812134
0.293091,0.049438,1.145996
0.174805,-0.384766,0.933960
-0.302612,0.158325,0.965820
0.586914,-0.285767,1.130981
-0.343018,-0.212280,0.804932
0.268311,0.058594,1.137695
0.208740,-0.393555,0.939209
-0.322632,0.159546,0.955078
0.587036,-0.279419,1.132568
-0.316528,-0.237915,0.808472
0.232788,0.085938,1.145508
0.232178,-0.400024,0.935669
-0.341797,0.147217,0.940552
0.583374,-0.266602,1.128540
-0.300781,-0.229370,0.818359
0.205322,0.092529,1.134888
0.255737,-0.393311,0.951172
-0.360107,0.137939,0.923828
0.576294,-0.244385,1.133667
-0.282715,-0.246704,0.819824
0.170288,0.113403,1.127686
0.277466,-0.399292,0.949097
-0.388916,0.129761,0.912598
0.568604,-0.236206,1.129395
-0.269043,-0.263062,0.828735
0.132568,0.113525,1.114990
0.297241,-0.401733,0.960449
-0.399536,0.108154,0.888672
0.563354,-0.221558,1.132690
-0.250977,-0.273682,0.826782
0.100342,0.108887,1.104248
0.314331,-0.389526,0.966309
-0.413086,0.097046,0.884521
0.555908,-0.206543,1.128906
-0.233887,-0.287842,0.824463
0.056641,0.119141,1.100830
0.331909,-0.395264,0.970825
-0.426270,0.085327,0.879028
0.548218,-0.191406,1.138794
-0.191650,-0.292725,0.832031
0.021240,0.126953,1.090698
0.344360,-0.396484,0.961548
-0.435913,0.078369,0.863403
0.536377,-0.173340,1.135498
-0.154053,-0.310791,0.842529
-0.006104,0.125244,1.076294
0.350586,-0.390869,0.961182
-0.450562,0.054810,0.842407
0.528564,-0.161133,1.138550
-0.127808,-0.315552,0.827637
-0.046631,0.135376,1.065552
0.370605,-0.389282,0.977173
-0.450439,0.029053,0.830078
0.507935,-0.140625,1.134155
-0.127075,-0.312012,0.815186
-0.084839,0.129395,1.051636
0.389526,-0.366333,0.983521
-0.473389,0.026733,0.828003
0.494629,-0.118530,1.147217
-0.115967,-0.319336,0.810181
-0.138794,0.153809,1.030273
0.402954,-0.373535,0.989014
-0.479370,-0.002319,0.804688
0.460571,-0.101562,1.133667
-0.113770,-0.293823,0.823730
-0.192627,0.176636,1.022461
0.420532,-0.349609,1.006470
-0.481567,-0.036377,0.795288
0.431885,-0.080078,1.138306
-0.101440,-0.303955,0.818481
-0.251831,0.189087,1.000488
0.442749,-0.365723,1.008057
-0.489136,-0.062134,0.776367
0.378784,-0.061279,1.126587
-0.067871,-0.295044,0.828735
-0.291992,0.184570,0.973999
0.457642,-0.344849,1.023926
-0.486206,-0.103149,0.757446
0.333618,-0.036621,1.112671
-0.038574,-0.313110,0.838013
-0.323975,0.177734,0.946289
0.467407,-0.335449,1.026367
-0.472656,-0.139893,0.733887
0.278198,-0.012695,1.101196
0.008789,-0.349243,0.829590
-0.376465,0.178589,0.928711
0.477417,-0.319336,1.024780
-0.450806,-0.179688,0.733032
0.222778,0.009644,1.080078
0.052979,-0.357178,0.847290
-0.428467,0.177490,0.895142
0.481567,-0.285889,1.044678
-0.431763,-0.222168,0.724854
0.150879,0.039429,1.060791
0.094360,-0.380371,0.840454
-0.457275,0.155029,0.869141
0.485352,-0.275879,1.042114
-0.413452,-0.209961,0.750122
0.092407,0.069092,1.050903
0.132446,-0.397827,0.842407
-0.484131,0.128418,0.839966
0.472656,-0.261841,1.037354
-0.353882,-0.240479,0.764404
0.029175,0.082275,1.039917
0.180542,-0.406860,0.857910
-0.522827,0.120117,0.812622
0.468018,-0.250488,1.038452
-0.303711,-0.270874,0.756836
-0.020752,0.095825,1.020508
0.221924,-0.423950,0.862549
-0.550415,0.096924,0.793335
0.458374,-0.120728,1.121216
-0.259644,-0.294312,0.738403
-0.176270,0.171631,1.025391
0.406616,-0.368164,0.991943
-0.490967,-0.041504,0.778564
0.416748,-0.082520,1.119629
-0.119263,-0.290527,0.800781
-0.230957,0.183960,1.004639
0.432007,-0.345947,1.013062
-0.496948,-0.083862,0.762817
0.361206,-0.053345,1.116577
-0.088623,-0.314453,0.808228
-0.288208,0.170410,0.964722
0.456909,-0.348145,1.019531
-0.482910,-0.119873,0.741333
0.308105,-0.011597,1.107422
-0.036011,-0.340820,0.810669
-0.359131,0.164795,0.929077
0.467896,-0.342285,1.013672
-0.459351,-0.157227,0.729492
0.247437,0.020874,1.096069
0.016235,-0.368286,0.812378
-0.417358,0.178589,0.902222
0.472900,-0.329590,1.017578
-0.451782,-0.186035,0.726562
0.178833,0.041382,1.069092
0.073730,-0.382080,0.824219
-0.464111,0.163330,0.880737
0.469849,-0.297119,1.026123
-0.428467,-0.224243,0.731445
0.102661,0.066040,1.049683
0.129761,-0.388794,0.852783
-0.503906,0.148560,0.849365
0.476929,-0.279419,1.030640
-0.352417,-0.246216,0.762573
0.035034,0.081665,1.035645
0.174316,-0.389893,0.858765
-0.523560,0.115479,0.823364
0.449463,-0.245239,1.024170
-0.292236,-0.280518,0.747437
-0.035278,0.097778,1.011841
0.229004,-0.394287,0.879272
-0.543823,0.084839,0.785645
0.437622,-0.215454,1.034912
-0.250854,-0.308228,0.730835
-0.117920,0.113770,0.984619
0.286499,-0.387085,0.901611
-0.554199,0.048340,0.759644
0.405762,-0.160034,1.046265
-0.205322,-0.320190,0.730225
-0.219727,0.148560,0.955200
0.333618,-0.375732,0.919189
-0.554321,0.000854,0.746094
0.369263,-0.105469,1.053345
-0.167847,-0.327148,0.744141
-0.304321,0.171875,0.917603
0.372925,-0.368042,0.939087
-0.557617,-0.053101,0.718384
0.291748,-0.049561,1.047974
-0.103394,-0.348633,0.754028
-0.394775,0.197876,0.899048
0.397827,-0.342896,0.955811
-0.535767,-0.101440,0.705933
0.204956,0.011475,1.041138
-0.026489,-0.368530,0.785889
-0.478027,0.209473,0.869507
0.427002,-0.326172,0.972290
-0.489624,-0.163330,0.701172
0.103394,0.068604,1.027710
0.072876,-0.387939,0.812866
-0.543091,0.203491,0.855225
0.431641,-0.277832,0.985596
-0.388550,-0.217285,0.731201
0.013428,0.090454,1.009888
0.159790,-0.401978,0.834839
-0.574585,0.163330,0.806152
0.425781,-0.225220,0.999146
-0.286743,-0.293091,0.718018
-0.093262,0.117554,0.977417
0.243530,-0.392212,0.869141
-0.579590,0.102295,0.778442
0.398193,-0.162231,1.017090
-0.211304,-0.317871,0.715698
-0.209473,0.155762,0.935059
0.312134,-0.382935,0.897095
-0.571289,0.040283,0.751709
0.340454,-0.092285,1.026611
-0.159180,-0.344727,0.707275
-0.333130,0.191528,0.903442
0.371338,-0.380615,0.909302
-0.552734,-0.023682,0.714355
0.265381,-0.028564,1.014893
-0.084961,-0.367798,0.740967
-0.438110,0.229004,0.878296
0.408691,-0.336548,0.943726
-0.511230,-0.125854,0.703369
0.145874,0.036621,1.013794
0.016113,-0.379150,0.784912
-0.524414,0.240479,0.855469
0.435059,-0.273071,0.974609
-0.398560,-0.175659,0.740845
0.045288,0.090088,1.014404
0.129883,-0.381714,0.829224
-0.569458,0.195923,0.811279
0.428345,-0.209717,0.991211
-0.284424,-0.273926,0.724243
-0.068726,0.134888,0.973267
0.232910,-0.380981,0.871094
-0.589111,0.138672,0.775635
0.401733,-0.145142,1.003784
-0.190186,-0.323486,0.718506
-0.189941,0.175171,0.944824
0.319702,-0.387817,0.887207
-0.575928,0.066284,0.761719
0.353149,-0.088013,1.018311
-0.138306,-0.355835,0.716187
-0.315918,0.197144,0.902466
0.391357,-0.369507,0.926758
-0.542480,-0.033447,0.719360
0.249634,-0.015869,1.001831
-0.053833,-0.382568,0.731445
-0.429688,0.235107,0.866211
0.432739,-0.319458,0.957275
-0.479004,-0.134155,0.728027
0.132324,0.046387,1.005615
0.031250,-0.371460,0.788818
-0.511719,0.229248,0.831543
0.446045,-0.252319,0.977417
-0.367920,-0.179077,0.747314
0.045532,0.106812,1.011475
0.146484,-0.391357,0.820923
-0.570557,0.185303,0.801880
0.433228,-0.183228,0.994263
-0.245117,-0.262939,0.744995
-0.073608,0.157837,0.987183
0.256714,-0.405762,0.864868
-0.584595,0.136475,0.767944
0.410889,-0.141235,1.011353
-0.153442,-0.309570,0.745483
-0.194092,0.192627,0.941284
0.355835,-0.398315,0.896973
-0.565430,0.061279,0.757812
0.338379,-0.085938,0.995361
-0.083740,-0.362305,0.735229
-0.317139,0.200439,0.879150
0.420532,-0.344727,0.937378
-0.528320,-0.063965,0.721680
0.228149,-0.014893,0.995117
-0.008911,-0.392700,0.757324
-0.428223,0.200562,0.840820
0.447266,-0.289917,0.961670
-0.449829,-0.138184,0.750977
0.105591,0.051270,1.002319
0.080688,-0.402100,0.795410
-0.509033,0.189819,0.805664
0.445679,-0.230225,0.979126
-0.337036,-0.177124,0.762085
-0.000610,0.130615,1.001709
0.192383,-0.417725,0.836548
-0.560425,0.153809,0.773193
0.443481,-0.184570,1.002930
-0.214844,-0.245361,0.763428
-0.113281,0.167358,0.962891
0.301758,-0.416260,0.881592
-0.573853,0.098511,0.756836
0.398682,-0.127075,1.010742
-0.103027,-0.333618,0.761597
-0.234131,0.183472,0.909790
0.391235,-0.397339,0.915771
-0.541382,-0.003662,0.743530
0.311890,-0.056763,1.003296
-0.024902,-0.396606,0.744141
-0.343628,0.178955,0.858765
0.436646,-0.349609,0.936646
-0.496216,-0.092163,0.735474
0.196167,0.002197,0.999146
0.050781,-0.420166,0.762817
-0.437378,0.160767,0.818359
0.462891,-0.291992,0.971680
-0.416992,-0.154541,0.750244
0.079834,0.078979,1.007324
0.130981,-0.431641,0.807373
-0.516113,0.134033,0.780151
0.465454,-0.246704,0.992554
-0.318848,-0.177979,0.776123
-0.034302,0.137085,0.997681
0.242676,-0.448242,0.854736
-0.558472,0.102905,0.754761
0.447632,-0.200317,1.008667
-0.183838,-0.248657,0.795166
-0.136108,0.163208,0.966797
0.330444,-0.449219,0.880615
-0.557373,0.073975,0.765869
0.391235,-0.139771,1.007446
-0.068970,-0.346069,0.791138
-0.231934,0.151855,0.919067
0.398438,-0.417114,0.918091
-0.532715,-0.025269,0.752930
0.307007,-0.070190,1.008789
0.007568,-0.394775,0.770874
-0.336792,0.147461,0.862427
0.441162,-0.387939,0.937988
-0.481201,-0.100098,0.757080
0.209106,-0.006104,1.005005
0.080444,-0.443604,0.780762
-0.421387,0.146606,0.822632
0.473022,-0.336182,0.971802
-0.420532,-0.184204,0.739990
0.098022,0.048706,1.012939
0.156006,-0.442505,0.817993
-0.488037,0.114014,0.795044
0.471558,-0.295044,0.991455
-0.323120,-0.243530,0.756226
-0.012329,0.127808,1.006714
0.262207,-0.452026,0.854614
-0.522339,0.075073,0.753906
0.453979,-0.241699,1.006104
-0.204712,-0.246948,0.801880
-0.114990,0.153809,0.979614
0.340210,-0.442505,0.905273
-0.519043,0.049805,0.779785
0.413208,-0.160522,1.034668
-0.089722,-0.331177,0.810425
-0.212646,0.145264,0.943604
0.405396,-0.416626,0.935791
-0.487183,-0.037231,0.761841
0.332642,-0.078247,1.025879
0.024292,-0.427856,0.799927
-0.312622,0.148438,0.891602
0.461060,-0.388916,0.965454
-0.445679,-0.106323,0.759644
0.238770,-0.016968,1.029663
0.100830,-0.451538,0.800537
-0.387573,0.133789,0.846802
0.491821,-0.340698,0.996460
-0.390625,-0.187134,0.767822
0.129272,0.059204,1.033569
0.172974,-0.446533,0.848145
-0.455811,0.105713,0.813110
0.496948,-0.300415,1.012451
-0.311768,-0.226807,0.767090
0.024170,0.113037,1.033203
0.289917,-0.458862,0.897217
-0.489502,0.058838,0.780762
0.466797,-0.227905,1.034912
-0.204102,-0.258545,0.806396
-0.075928,0.145020,1.022827
0.387573,-0.454956,0.947998
-0.502319,0.040161,0.786987
0.424072,-0.134766,1.064331
-0.071045,-0.318726,0.830200
-0.176025,0.155518,0.988281
0.459473,-0.405884,0.994751
-0.463135,-0.052002,0.780029
0.347900,-0.076050,1.058960
0.065063,-0.404053,0.836548
-0.278809,0.147949,0.927612
0.507690,-0.364258,1.024170
-0.404419,-0.123413,0.785645
0.247681,-0.006104,1.057861
0.117676,-0.397095,0.850708
-0.356201,0.135864,0.893799
0.532349,-0.317139,1.054810
-0.340210,-0.192749,0.800659
0.133301,0.080322,1.058105
0.255371,-0.443848,0.892822
-0.430542,0.072388,0.824585
0.519165,-0.258545,1.064209
-0.242920,-0.235229,0.816650
0.021729,0.142212,1.053467
0.365845,-0.444824,0.955811
-0.466064,0.050049,0.808350
0.476685,-0.186157,1.080811
-0.135376,-0.278931,0.835449
-0.072021,0.151978,1.047241
0.450562,-0.411621,1.010376
-0.461670,0.015991,0.815430
0.423828,-0.096436,1.100220
0.016602,-0.345093,0.868530
-0.179443,0.166504,1.017090
0.506592,-0.369629,1.049072
-0.414062,-0.076172,0.810669
0.356812,-0.033325,1.101685
0.096436,-0.364258,0.887207
-0.277222,0.176270,0.979980
0.545044,-0.324219,1.074829
-0.346802,-0.190430,0.812744
0.252197,0.040527,1.102417
0.198730,-0.393188,0.917969
-0.356201,0.136963,0.900879
0.575928,-0.285278,1.110718
-0.274292,-0.241211,0.816162
0.137573,0.111572,1.090820
0.307739,-0.434814,0.933472
-0.407227,0.073364,0.853027
0.552979,-0.235352,1.111450
-0.192261,-0.257202,0.852905
0.040649,0.147949,1.085938
0.386963,-0.418823,0.992188
-0.443970,0.065308,0.843018
0.522583,-0.151611,1.135254
-0.092529,-0.272583,0.880737
-0.051758,0.209961,1.094849
0.451538,-0.400269,1.028076
-0.450195,0.015869,0.844116
0.479370,-0.097046,1.145874
0.034302,-0.337158,0.903076
-0.127197,0.212646,1.074951
0.494507,-0.352661,1.062134
-0.431885,-0.038330,0.832275
0.419922,-0.041870,1.151978
0.064575,-0.343872,0.904419
-0.206665,0.218262,1.063721
0.540894,-0.302124,1.109497
-0.399780,-0.104370,0.811279
0.348999,0.017822,1.145630
0.143066,-0.370239,0.934082
-0.286377,0.183838,0.993652
0.577393,-0.269531,1.131714
-0.335938,-0.175293,0.833252
0.249512,0.058105,1.134277
0.235229,-0.403564,0.929932
-0.339844,0.130737,0.922363
0.595703,-0.245850,1.141846
-0.262451,-0.226074,0.842407
0.144653,0.118652,1.121948
0.312012,-0.414429,0.963745
-0.397095,0.093506,0.881470
0.582275,-0.198975,1.148804
-0.182373,-0.231445,0.880371
0.042847,0.172729,1.105835
0.378784,-0.389893,0.996094
-0.417969,0.059448,0.868530
0.544922,-0.156982,1.151123
-0.082642,-0.284058,0.892212
-0.033325,0.179199,1.095459
0.424316,-0.359863,1.032959
-0.432739,0.009644,0.844604
0.501831,-0.113525,1.159424
-0.003540,-0.341797,0.876709
-0.120239,0.208740,1.082886
0.483276,-0.323975,1.067261
-0.428589,-0.046509,0.824219
0.433960,-0.042114,1.166870
0.028809,-0.339600,0.893311
-0.220093,0.195435,1.037842
0.531738,-0.283447,1.109375
-0.390381,-0.110718,0.813599
0.332153,0.021973,1.156738
0.114380,-0.370605,0.903320
-0.291870,0.137695,0.968384
0.559448,-0.267334,1.126709
-0.335693,-0.187866,0.809814
0.220337,0.076294,1.137573
0.210327,-0.402466,0.920898
-0.368408,0.105835,0.909302
0.562866,-0.243530,1.128662
-0.274048,-0.234131,0.824463
0.116577,0.123901,1.108887
0.287720,-0.377686,0.955688
-0.416992,0.067383,0.878052
0.549805,-0.208374,1.136353
-0.196167,-0.269043,0.837036
0.012573,0.147583,1.071411
0.345947,-0.357910,0.971680
-0.437134,0.017578,0.843506
0.521118,-0.185059,1.133179
-0.095703,-0.347168,0.827393
-0.082275,0.150513,1.049194
0.404907,-0.334351,0.996704
-0.452637,-0.016113,0.820312
0.457886,-0.120972,1.139038
-0.063354,-0.341064,0.835938
-0.188354,0.169434,1.017944
0.452881,-0.301270,1.041870
-0.449097,-0.076050,0.789551
0.372803,-0.041504,1.142944
-0.008667,-0.348267,0.847046
-0.275391,0.167847,0.972046
0.489868,-0.288330,1.063599
-0.421265,-0.144165,0.765869
0.283203,0.012939,1.123291
0.075684,-0.377197,0.868530
-0.371338,0.141968,0.917480
0.512817,-0.277588,1.070801
-0.373535,-0.182983,0.776245
0.169800,0.072998,1.097412
0.167969,-0.385376,0.894653
-0.436035,0.123291,0.882935
0.508789,-0.250854,1.070557
-0.333618,-0.230469,0.777710
0.068848,0.108154,1.071777
0.238281,-0.381470,0.909546
-0.474487,0.071655,0.831543
0.494385,-0.217407,1.085693
-0.219482,-0.301392,0.781372
-0.035400,0.127075,1.043335
0.298340,-0.370483,0.928101
-0.495239,0.026001,0.801392
0.464844,-0.181030,1.083496
-0.179321,-0.310669,0.769897
-0.131104,0.128540,0.996582
0.354004,-0.368652,0.951294
-0.505005,-0.008545,0.779297
0.418579,-0.134399,1.101196
-0.154663,-0.302368,0.782104
-0.234375,0.163818,0.969116
0.394653,-0.354492,0.977051
-0.506104,-0.070679,0.751709
0.353149,-0.085693,1.089233
-0.099976,-0.320557,0.791016
-0.313110,0.173096,0.928955
0.419922,-0.325684,0.994751
-0.498901,-0.111328,0.734497
0.279175,-0.032715,1.084229
-0.034058,-0.341919,0.809326
-0.402832,0.169067,0.903076
0.441528,-0.321289,1.004272
-0.472290,-0.161011,0.715454
0.188354,0.029419,1.070557
0.037964,-0.374634,0.821777
-0.458008,0.160034,0.867310
0.451416,-0.301270,1.010132
-0.467285,-0.162964,0.721191
0.122437,0.051758,1.056030
0.100342,-0.389771,0.834106
-0.507812,0.153687,0.841553
0.452637,-0.285522,1.012939
-0.415161,-0.192627,0.737183
0.045532,0.103882,1.041504
0.155396,-0.406982,0.840088
-0.541016,0.137939,0.834961
0.458496,-0.268311,1.019775
-0.355225,-0.230103,0.738403
-0.014282,0.121826,1.008301
0.193726,-0.405640,0.856567
-0.563721,0.125854,0.806519
0.445557,-0.245728,1.023071
-0.308716,-0.257080,0.733154
-0.056763,0.113647,0.995117
0.225464,-0.415161,0.865112
-0.575195,0.104248,0.791626
0.442383,-0.223511,1.018311
-0.278809,-0.269775,0.721191
-0.117920,0.138184,0.972046
0.262695,-0.398315,0.875977
-0.575073,0.080078,0.784302
0.423950,-0.195557,1.026001
-0.245239,-0.307861,0.716919
-0.174072,0.157104,0.961914
0.296875,-0.411743,0.887817
-0.585815,0.070923,0.770752
0.403809,-0.173584,1.022827
-0.218994,-0.327515,0.715332
-0.214966,0.160522,0.952637
0.322388,-0.405273,0.894775
-0.586548,0.050659,0.751343
0.377686,-0.141479,1.030762
-0.186279,-0.328979,0.722900
-0.261841,0.170776,0.922241
0.343628,-0.389771,0.897705
-0.584595,0.016602,0.737671
0.354248,-0.127075,1.021606
-0.167603,-0.345215,0.714722
-0.307251,0.182373,0.901855
0.371338,-0.391846,0.912720
-0.573364,-0.010010,0.725708
0.319946,-0.091553,1.026978
-0.133667,-0.362671,0.718262
-0.346924,0.197021,0.890381
0.383667,-0.369141,0.920532
-0.563477,-0.035034,0.707886
0.281860,-0.064087,1.013672
-0.108154,-0.377563,0.727051
-0.388550,0.201294,0.882568
0.399780,-0.349121,0.939941
-0.554321,-0.068237,0.695190
0.235840,-0.027710,1.013428
-0.070801,-0.378540,0.740967
-0.428345,0.217407,0.870728
0.417847,-0.334961,0.948608
-0.539917,-0.099487,0.695312
0.185059,0.008911,1.008423
-0.023438,-0.393799,0.762573
-0.464600,0.227783,0.860840
0.431763,-0.300659,0.962280
-0.504395,-0.111816,0.711182
0.139771,0.036499,1.006714
0.027954,-0.396729,0.771240
-0.502563,0.234375,0.844238
0.438965,-0.287842,0.966919
-0.452515,-0.133789,0.725708
0.094849,0.071533,1.022705
0.074829,-0.388062,0.799927
-0.536865,0.238037,0.829224
0.448120,-0.258667,0.972534
-0.399902,-0.190430,0.730591
0.045410,0.104736,1.016479
0.132080,-0.402344,0.813110
-0.573975,0.223999,0.809814
0.451050,-0.231079,0.988281
-0.322632,-0.200439,0.750000
-0.016235,0.135376,1.000854
0.187866,-0.396118,0.842896
-0.589478,0.194214,0.793823
0.438110,-0.196289,0.991821
-0.262817,-0.240234,0.744141
-0.073730,0.159912,0.981689
0.261841,-0.396606,0.871094
-0.598633,0.169556,0.777588
0.421753,-0.159302,1.004272
-0.181885,-0.290771,0.747314
-0.154419,0.164917,0.947388
0.319824,-0.398560,0.883667
-0.592285,0.120483,0.767456
0.389404,-0.121338,1.010254
-0.128174,-0.333618,0.744507
-0.229004,0.175537,0.908691
0.369873,-0.389648,0.913452
-0.560547,0.062622,0.750977
0.332764,-0.066284,1.009644
-0.073364,-0.363037,0.737671
-0.315308,0.175537,0.880127
0.419922,-0.359131,0.930786
-0.540649,-0.015991,0.736206
0.259521,-0.012817,0.997925
-0.016602,-0.386230,0.742432
-0.392334,0.184937,0.849976
0.440308,-0.329224,0.951416
-0.489258,-0.083740,0.743774
0.177368,0.038208,1.014282
0.035034,-0.390747,0.767944
-0.473145,0.194702,0.824951
0.456909,-0.303101,0.963501
-0.418579,-0.130859,0.756714
0.093994,0.086304,1.012451
0.112549,-0.388428,0.810181
-0.532349,0.189209,0.797485
0.460083,-0.253540,0.977051
-0.331665,-0.174683,0.774292
-0.009766,0.132812,0.996948
0.207886,-0.403198,0.843140
-0.562744,0.140625,0.772095
0.446533,-0.209229,0.998779
-0.217896,-0.253052,0.771362
-0.102173,0.161865,0.967285
0.297363,-0.411255,0.884888
-0.570068,0.099609,0.764038
0.410767,-0.160156,1.007568
-0.112305,-0.323975,0.775635
-0.205322,0.166138,0.925781
0.371338,-0.400391,0.906616
-0.551270,0.051880,0.758911
0.342773,-0.082764,1.009277
-0.040283,-0.379150,0.764771
-0.299072,0.156006,0.871826
0.422485,-0.389893,0.925781
-0.519653,-0.055664,0.734741
0.251099,-0.025391,0.992920
0.030640,-0.415527,0.759277
-0.394165,0.156494,0.829712
0.454712,-0.349243,0.951050
-0.461670,-0.139282,0.744263
0.143677,0.031006,1.002441
0.079468,-0.413208,0.784546
-0.466553,0.140137,0.798462
0.464844,-0.300903,0.976440
-0.367676,-0.182495,0.768677
0.051147,0.095459,1.015503
0.172852,-0.439575,0.817627
-0.532227,0.119141,0.766968
0.470825,-0.258667,1.006836
-0.262817,-0.247559,0.780273
-0.058838,0.146851,0.999512
0.280640,-0.453735,0.864380
-0.549683,0.085205,0.750854
0.426636,-0.198608,1.007812
-0.147217,-0.275757,0.805298
-0.142578,0.148560,0.964600
0.347534,-0.436157,0.904907
-0.548706,0.061890,0.764404
0.383911,-0.132202,1.020508
-0.051514,-0.352417,0.800659
-0.229858,0.148804,0.927856
0.411377,-0.431030,0.928223
-0.524292,-0.044800,0.744141
0.308472,-0.071289,1.008911
0.021484,-0.405029,0.784912
-0.317871,0.138550,0.873291
0.454590,-0.391602,0.963257
-0.474731,-0.132690,0.743652
0.230347,-0.018311,1.012817
0.071777,-0.437256,0.783569
-0.394043,0.127075,0.840210
0.490356,-0.355591,0.989990
-0.417603,-0.169434,0.765747
0.133057,0.035156,1.024170
0.141602,-0.442139,0.812256
-0.446533,0.118042,0.811768
0.492554,-0.306763,1.008301
-0.345459,-0.217285,0.765503
0.039307,0.099731,1.015137
0.244873,-0.473633,0.848389
-0.489380,0.071899,0.764771
0.490356,-0.264771,1.022461
-0.254517,-0.242310,0.786011
-0.043579,0.141968,1.021484
0.322144,-0.462646,0.898560
-0.520142,0.072876,0.779663
0.459961,-0.206421,1.033813
-0.151001,-0.266724,0.824951
-0.115845,0.167480,1.001953
0.390137,-0.449219,0.937866
-0.507812,0.030151,0.778687
0.408081,-0.134644,1.046509
-0.050903,-0.339844,0.824219
-0.190796,0.154053,0.979614
0.447510,-0.424194,0.977173
-0.473633,-0.048950,0.777710
0.346802,-0.083496,1.050659
0.047607,-0.393188,0.838379
-0.258179,0.149414,0.937744
0.479614,-0.343872,0.981689
-0.430420,-0.154785,0.748535
0.130005,0.036133,1.015259
0.093872,-0.417847,0.830566
-0.460205,0.118042,0.799072
0.488403,-0.308105,0.996338
-0.362183,-0.211426,0.760742
0.040161,0.097534,1.016235
0.233032,-0.467773,0.839966
-0.503174,0.074585,0.756958
0.485107,-0.275146,1.017456
-0.270630,-0.212036,0.794922
-0.042969,0.137695,1.016235
0.303101,-0.462646,0.883179
-0.528320,0.072388,0.767212
0.449219,-0.204102,1.032349
-0.167114,-0.255859,0.818604
-0.103271,0.153931,1.008423
0.361572,-0.454712,0.918579
-0.526001,0.058716,0.775024
0.424316,-0.165771,1.040527
-0.089966,-0.304077,0.830688
-0.166626,0.151733,0.978516
0.415161,-0.437012,0.948853
-0.504028,-0.003296,0.774414
0.377197,-0.125366,1.036987
0.002441,-0.371338,0.823242
-0.222778,0.155273,0.961548
0.462769,-0.417847,0.976440
-0.478760,-0.074951,0.772095
0.319458,-0.062256,1.044800
0.060791,-0.402954,0.826050
-0.283203,0.129272,0.921753
0.499023,-0.382202,1.015747
-0.442383,-0.117432,0.768677
0.265015,-0.031006,1.044312
0.100586,-0.416748,0.831909
-0.335938,0.129517,0.900146
0.523682,-0.346802,1.033936
-0.397705,-0.164673,0.778198
0.200073,0.026855,1.051514
0.151001,-0.421509,0.852905
-0.390381,0.132935,0.870850
0.543701,-0.325928,1.052979
-0.353638,-0.193481,0.772705
0.138916,0.075562,1.060181
0.230835,-0.444092,0.870728
-0.416626,0.099121,0.842285
0.541382,-0.301392,1.059937
-0.298096,-0.213135,0.795776
0.092407,0.097656,1.060913
0.300171,-0.451660,0.913818
-0.450317,0.082031,0.817505
0.526001,-0.267090,1.067993
-0.233032,-0.242920,0.820801
0.031006,0.137817,1.073120
0.357788,-0.437744,0.949219
-0.461060,0.078491,0.830444
0.507568,-0.208008,1.081787
-0.180786,-0.248535,0.844849
-0.016113,0.152710,1.067505
0.406372,-0.415039,0.994507
-0.460449,0.051880,0.826416
0.489502,-0.162109,1.099609
-0.101929,-0.277588,0.865967
-0.071411,0.169312,1.062500
0.443848,-0.400635,1.018799
-0.451904,0.015503,0.829956
0.469116,-0.102051,1.133057
-0.023193,-0.322144,0.875366
-0.123657,0.190186,1.054443
0.482056,-0.387939,1.041382
-0.438721,-0.030884,0.822998
0.435547,-0.066284,1.132202
0.044312,-0.355347,0.894653
-0.172607,0.191284,1.052490
0.516846,-0.364502,1.070190
-0.418701,-0.071411,0.815918
0.403564,-0.031860,1.142578
0.057739,-0.353149,0.886963
-0.215942,0.194458,1.028931
0.540527,-0.329956,1.088257
-0.397949,-0.100342,0.813232
0.360718,0.006470,1.142334
0.098633,-0.360718,0.907959
-0.269409,0.192871,1.003296
0.569092,-0.307007,1.123047
-0.367432,-0.148682,0.808716
0.311157,0.033081,1.135620
0.156982,-0.392822,0.907837
-0.305786,0.168091,0.980713
0.583618,-0.303589,1.115601
-0.330933,-0.180420,0.821045
0.260864,0.059204,1.130615
0.216553,-0.393677,0.936157
-0.336914,0.139526,0.925537
0.590698,-0.279053,1.125854
-0.287354,-0.203247,0.843506
0.207642,0.097900,1.135376
0.269165,-0.412720,0.950195
-0.372437,0.113647,0.892822
0.586426,-0.256348,1.124634
-0.247314,-0.226074,0.854370
0.147217,0.119629,1.123169
0.319580,-0.408569,0.974487
-0.404297,0.095703,0.878052
0.572144,-0.207642,1.144775
-0.207275,-0.244141,0.855957
0.080444,0.146729,1.117920
0.369751,-0.400269,1.003174
-0.424072,0.072388,0.866699
0.552979,-0.170044,1.147339
-0.151001,-0.261963,0.873535
0.015259,0.181763,1.116699
0.409546,-0.382812,1.021729
-0.426025,0.037231,0.854980
0.526855,-0.139404,1.157349
-0.067627,-0.311401,0.883789
-0.045898,0.181763,1.094238
0.437378,-0.363525,1.035156
-0.434326,0.006104,0.846191
0.507324,-0.102295,1.168091
-0.031738,-0.325439,0.864624
-0.107666,0.199707,1.083618
0.471680,-0.347534,1.047485
-0.431519,-0.025146,0.837646
0.470215,-0.066040,1.170410
-0.011719,-0.347046,0.863770
-0.169312,0.199585,1.054810
0.501953,-0.332764,1.075195
-0.427490,-0.042969,0.828735
0.428833,-0.020630,1.180176
0.015137,-0.343140,0.867188
-0.241699,0.205811,1.024048
0.535034,-0.311890,1.096436
-0.411987,-0.106323,0.805664
0.365845,0.005493,1.164062
0.064575,-0.346191,0.883301
-0.289307,0.169556,0.979980
0.552734,-0.305054,1.099609
-0.381836,-0.165039,0.800659
0.293945,0.032715,1.147949
0.117188,-0.373291,0.891846
-0.330078,0.132324,0.925537
0.545166,-0.282471,1.096558
-0.341064,-0.215698,0.800903
0.220947,0.066650,1.127686
0.178345,-0.389893,0.909790
-0.395264,0.131836,0.894531
0.538574,-0.254150,1.103394
-0.316895,-0.239380,0.797607
0.149170,0.087280,1.104980
0.234375,-0.389282,0.923584
-0.429077,0.104980,0.877197
0.531250,-0.222046,1.102417
-0.282593,-0.274658,0.796753
0.067627,0.112549,1.082886
0.275391,-0.385010,0.937134
-0.451782,0.072021,0.847168
0.515625,-0.209473,1.108643
-0.211060,-0.309937,0.797974
0.001831,0.114868,1.068848
0.313599,-0.381104,0.943237
-0.478149,0.054565,0.822998
0.500244,-0.184326,1.101685
-0.171753,-0.324341,0.788940
-0.075073,0.140137,1.042236
0.351685,-0.375244,0.958496
-0.490479,0.005371,0.794678
0.466309,-0.145142,1.113281
-0.158813,-0.327271,0.770142
-0.167847,0.178467,1.029053
0.401978,-0.370117,0.979980
-0.496582,-0.031738,0.782837
0.413208,-0.096436,1.114014
-0.129883,-0.320312,0.784546
-0.255005,0.177856,0.976807
0.431274,-0.367798,0.992676
-0.490479,-0.058105,0.767822
0.348267,-0.052734,1.105713
-0.088257,-0.330078,0.793701
-0.309937,0.161621,0.944946
0.436035,-0.349609,0.997437
-0.478760,-0.142212,0.734009
0.284912,-0.017334,1.099487
-0.020874,-0.336792,0.812744
-0.395386,0.169556,0.908081
0.453491,-0.314697,1.010498
-0.442505,-0.190186,0.729492
0.199707,0.029297,1.078003
0.047852,-0.367188,0.837891
-0.457764,0.167725,0.883667
0.453979,-0.290039,1.026123
-0.435669,-0.230957,0.716309
0.112183,0.066406,1.054565
0.124878,-0.383423,0.855347
-0.510132,0.150269,0.849243
0.459595,-0.265869,1.025879
-0.347168,-0.254028,0.754517
0.039551,0.089600,1.037231
0.182739,-0.414307,0.852661
-0.535522,0.118286,0.811768
0.448730,-0.243286,1.021118
-0.284546,-0.264771,0.745117
-0.049561,0.096802,1.003418
0.241699,-0.406982,0.865356
-0.557251,0.087524,0.788208
0.432007,-0.199463,1.029541
-0.236694,-0.307007,0.721436
-0.147583,0.138916,0.987427
0.294312,-0.410645,0.889404
-0.568604,0.034790,0.755249
0.395508,-0.146729,1.039307
-0.208008,-0.321533,0.722656
-0.238770,0.171631,0.961060
0.351074,-0.390747,0.926514
-0.563843,-0.027588,0.728149
0.331299,-0.100830,1.036987
-0.169922,-0.336914,0.736938
-0.322510,0.183716,0.913818
0.385620,-0.382080,0.943359
-0.549438,-0.067505,0.720825
0.270508,-0.037231,1.045044
-0.113892,-0.363159,0.741943
-0.408081,0.209229,0.895508
0.411987,-0.347534,0.957153
-0.528809,-0.109009,0.702637
0.197876,0.011108,1.036377
-0.052979,-0.389771,0.761719
-0.475098,0.221191,0.876831
0.431763,-0.324097,0.975464
-0.498657,-0.127808,0.720093
0.124756,0.057007,1.033203
0.032715,-0.398438,0.788940
-0.537598,0.223389,0.848633
0.435913,-0.297363,0.975098
-0.427490,-0.180908,0.738159
0.062744,0.091553,1.036133
0.103027,-0.402222,0.809814
-0.573608,0.207031,0.819946
0.433350,-0.264282,0.981323
-0.345581,-0.220215,0.734741
0.004272,0.122070,1.015259
0.172241,-0.405273,0.834351
-0.596436,0.175049,0.787964
0.415405,-0.226807,0.984375
-0.285522,-0.269775,0.722778
-0.072388,0.146484,0.993652
0.234985,-0.392212,0.866577
-0.602661,0.139160,0.775391
0.398071,-0.173096,0.988770
-0.231201,-0.294189,0.715454
-0.142944,0.162476,0.964111
0.297119,-0.395996,0.885986
-0.598022,0.115967,0.763672
0.380005,-0.130127,1.006226
-0.190552,-0.317627,0.707031
-0.221680,0.173584,0.925415
0.354614,-0.387573,0.900146
-0.584351,0.064941,0.742432
0.331055,-0.096313,1.010864
-0.143311,-0.361084,0.713501
-0.303589,0.188354,0.897339
0.389526,-0.364502,0.925293
-0.560547,0.016602,0.727295
0.275269,-0.036743,1.004395
-0.093262,-0.390625,0.721558
-0.369385,0.203003,0.880493
0.416016,-0.342896,0.934448
-0.542236,-0.044434,0.713135
0.219727,0.002808,0.996338
-0.046509,-0.397827,0.742432
-0.440186,0.226196,0.866577
0.425903,-0.310059,0.952637
-0.500488,-0.085571,0.724121
0.163696,0.045044,1.010010
0.017578,-0.395508,0.771973
-0.491089,0.218506,0.841675
0.430298,-0.291016,0.962158
-0.444458,-0.141235,0.737305
0.113037,0.092896,1.023071
0.080688,-0.405151,0.795532
-0.533936,0.223755,0.829224
0.441650,-0.266724,0.970459
-0.375366,-0.165527,0.750854
0.053467,0.125977,1.018921
0.148438,-0.397095,0.828491
-0.568115,0.209351,0.799805
0.437988,-0.239990,0.973389
-0.308350,-0.195312,0.746338
-0.011597,0.156982,0.996582
0.220703,-0.396729,0.855347
-0.585205,0.172607,0.782349
0.434448,-0.204712,0.988647
-0.241455,-0.238403,0.753174
-0.074951,0.167725,0.973389
0.283936,-0.400024,0.875610
-0.585449,0.157227,0.778687
0.425903,-0.176758,0.998657
-0.184204,-0.284668,0.755981
-0.149048,0.186401,0.942627
0.335815,-0.398560,0.895874
-0.576172,0.126953,0.782471
0.395752,-0.144043,1.003540
-0.115356,-0.346191,0.757324
-0.213867,0.178711,0.902222
0.367065,-0.375732,0.906494
-0.555908,0.079712,0.775757
0.361694,-0.096436,1.016235
-0.080322,-0.371582,0.744629
-0.281738,0.168701,0.877197
0.403442,-0.359741,0.921631
-0.544312,0.015503,0.753052
0.314941,-0.066284,0.997925
-0.028687,-0.407959,0.750000
-0.340942,0.165527,0.855225
0.423584,-0.356323,0.934326
-0.521118,-0.028687,0.744263
0.265991,-0.033936,1.007935
0.005859,-0.426880,0.750610
-0.390137,0.166138,0.834473
0.437622,-0.340942,0.936523
-0.490723,-0.078491,0.742798
0.213013,0.010864,1.013672
0.050293,-0.427490,0.767944
-0.438965,0.167969,0.821167
0.453857,-0.334106,0.953491
-0.462402,-0.086914,0.754395
0.160400,0.044434,1.019775
0.089844,-0.441406,0.786133
-0.474976,0.155518,0.801636
0.457520,-0.314819,0.957397
-0.430298,-0.124634,0.750977
0.111816,0.078369,1.018311
0.139038,-0.430664,0.814331
-0.511841,0.140747,0.785767
0.462891,-0.304443,0.973877
-0.376953,-0.189087,0.752930
0.051514,0.115356,1.024414
0.193481,-0.436279,0.844482
-0.538574,0.129761,0.767090
0.468018,-0.296021,0.979614
-0.325195,-0.201050,0.769775
-0.007202,0.132935,1.013916
0.251099,-0.447510,0.853516
-0.550171,0.101807,0.749512
0.459717,-0.275391,0.994141
-0.265991,-0.246216,0.773804
-0.059326,0.147461,0.995728
0.291382,-0.447754,0.882812
-0.554932,0.085693,0.760498
0.439697,-0.237305,1.001587
-0.198853,-0.258911,0.800659
-0.101685,0.157227,0.980103
0.330688,-0.434692,0.904053
-0.542725,0.074219,0.775269
0.420044,-0.189819,1.018799
-0.141113,-0.316895,0.796875
-0.159424,0.164795,0.970215
0.374268,-0.433594,0.923828
-0.523682,0.043335,0.775146
0.389893,-0.138672,1.031372
-0.076782,-0.362915,0.789551
-0.202393,0.162231,0.949585
0.411377,-0.428589,0.946777
-0.515259,-0.005737,0.768799
0.359863,-0.109741,1.025024
-0.016968,-0.407227,0.794922
-0.252075,0.163452,0.924438
0.450317,-0.420410,0.958618
-0.500000,-0.045044,0.759277
0.320923,-0.064209,1.034912
0.034058,-0.431030,0.798828
-0.296265,0.147339,0.906372
0.470825,-0.406006,0.966064
-0.469116,-0.088379,0.757446
0.279785,-0.030640,1.039673
0.073608,-0.446899,0.797485
-0.339966,0.149414,0.890503
0.494629,-0.391846,0.987427
-0.442993,-0.122925,0.768555
0.237183,-0.009766,1.037964
0.108887,-0.431152,0.817627
-0.389282,0.144287,0.870972
0.509644,-0.363647,1.006470
-0.407349,-0.172119,0.767578
0.179443,0.034546,1.047119
0.161743,-0.428833,0.845093
-0.417480,0.120605,0.851440
0.521973,-0.336182,1.023438
-0.363892,-0.206543,0.768921
0.118896,0.068481,1.041870
0.232422,-0.441406,0.871826
-0.430786,0.069824,0.816040
0.514282,-0.291504,1.050903
-0.302368,-0.226074,0.786865
0.066162,0.118286,1.049927
0.291382,-0.452393,0.909424
-0.462524,0.065308,0.798462
0.504761,-0.253296,1.057007
-0.241089,-0.247803,0.809326
0.015381,0.123901,1.045288
0.354492,-0.449219,0.940063
-0.472290,0.054932,0.798096
0.484253,-0.196655,1.075684
-0.173218,-0.263550,0.827271
-0.038574,0.158813,1.054199
0.404663,-0.435669,0.974243
-0.475586,0.055664,0.813477
0.471313,-0.157715,1.087036
-0.107788,-0.296631,0.839844
-0.095947,0.178955,1.047485
0.449219,-0.420654,0.995850
-0.462036,0.015137,0.815674
0.451538,-0.118286,1.103516
-0.005981,-0.343872,0.862061
-0.154541,0.188965,1.036377
0.490234,-0.397095,1.033936
-0.447266,-0.030273,0.804810
0.415039,-0.076050,1.110107
0.063599,-0.388550,0.876099
-0.209473,0.187134,1.024658
0.513550,-0.367676,1.054443
-0.418091,-0.078003,0.809570
0.365723,-0.029175,1.110962
0.089600,-0.369019,0.884155
-0.265381,0.197266,1.004639
0.548340,-0.336182,1.079834
-0.386963,-0.135864,0.801025
0.308960,0.021729,1.121338
0.154419,-0.382812,0.908203
-0.311646,0.170898,0.965332
0.570557,-0.317261,1.101807
-0.350098,-0.178833,0.806641
0.245972,0.056763,1.111938
0.223267,-0.399292,0.935059
-0.341919,0.124878,0.915405
0.564331,-0.288818,1.111084
-0.303345,-0.208374,0.816895
0.187500,0.097046,1.110474
0.291016,-0.418701,0.961060
-0.375366,0.092896,0.880127
0.562988,-0.234375,1.121338
-0.250244,-0.221680,0.841553
0.119141,0.135498,1.110840
0.352173,-0.428711,0.978027
-0.403320,0.100342,0.873169
0.563599,-0.191284,1.143799
-0.195312,-0.240967,0.846436
0.050293,0.163696,1.108276
0.399414,-0.424438,1.005005
-0.420288,0.075562,0.873535
0.544434,-0.154907,1.149414
-0.136841,-0.259277,0.872437
-0.007812,0.202637,1.107544
0.434692,-0.409546,1.018799
-0.424194,0.043823,0.870728
0.536499,-0.131104,1.156738
-0.057739,-0.293579,0.892822
-0.075439,0.204956,1.096802
0.470337,-0.385742,1.038208
-0.420166,0.005371,0.859985
0.503418,-0.090210,1.168213
0.011108,-0.332031,0.886719
-0.122925,0.201904,1.075439
0.493164,-0.356812,1.061279
-0.422729,-0.029297,0.841797
0.465698,-0.054810,1.177246
0.016357,-0.342407,0.877319
-0.187378,0.211548,1.060547
0.520630,-0.315186,1.088013
-0.413086,-0.069946,0.830933
0.419800,-0.027100,1.171021
0.055786,-0.342163,0.902222
-0.250610,0.205444,1.028076
0.547119,-0.300293,1.110840
-0.390259,-0.130371,0.811279
0.354004,0.021973,1.167236
0.113647,-0.354248,0.912964
-0.296875,0.178223,0.976196
0.557983,-0.289062,1.107910
-0.357300,-0.178467,0.812622
0.286743,0.056274,1.161743
0.174561,-0.392212,0.922485
-0.335938,0.133911,0.929932
0.561035,-0.277344,1.107178
-0.322144,-0.212524,0.817139
0.222290,0.074951,1.146240
0.225952,-0.397705,0.935181
-0.381104,0.119995,0.902100
0.560059,-0.234009,1.128662
-0.283325,-0.251099,0.822144
0.154541,0.104004,1.120850
0.275879,-0.398804,0.950928
-0.416626,0.105591,0.879883
0.541504,-0.199951,1.132690
-0.253784,-0.276245,0.814331
0.079346,0.119263,1.099487
0.317871,-0.387939,0.964111
-0.440063,0.081665,0.857910
0.531860,-0.177368,1.131104
-0.193481,-0.300293,0.822266
0.004395,0.140381,1.075073
0.347168,-0.384399,0.972656
-0.448975,0.046265,0.843262
0.506714,-0.150635,1.129028
-0.139038,-0.332886,0.812012
-0.057861,0.151367,1.051392
0.377319,-0.381104,0.984741
-0.465454,0.012573,0.815063
0.479370,-0.114746,1.141357
-0.121094,-0.322998,0.802612
-0.139893,0.161743,1.044556
0.412964,-0.370850,0.995117
-0.466797,-0.035889,0.806030
0.445435,-0.089233,1.139771
-0.111328,-0.319946,0.806519
-0.220703,0.192139,1.018066
0.445190,-0.366211,1.010132
-0.470947,-0.061157,0.785034
0.397583,-0.055176,1.131104
-0.072021,-0.317749,0.815796
-0.286743,0.192261,0.973999
0.459229,-0.350830,1.024414
-0.456665,-0.135376,0.762573
0.328857,-0.020996,1.120239
-0.018921,-0.326660,0.833252
-0.352661,0.186646,0.937378
0.471802,-0.327637,1.031128
-0.442505,-0.180664,0.736694
0.261841,0.003662,1.105103
0.045776,-0.371460,0.829224
-0.417603,0.179077,0.905273
0.481934,-0.309448,1.031372
-0.418579,-0.208130,0.741699
0.176392,0.046509,1.081421
0.103760,-0.385742,0.858521
-0.463623,0.158325,0.869141
0.473145,-0.274048,1.042358
-0.403442,-0.249756,0.734741
0.093750,0.064331,1.059204
0.157715,-0.392700,0.868408
-0.496704,0.135376,0.843628
0.469482,-0.255737,1.039185
-0.323364,-0.244019,0.775879
0.021851,0.081299,1.033691
0.200195,-0.403931,0.873169
-0.521118,0.105347,0.810669
0.457764,-0.225708,1.044800
-0.281128,-0.278320,0.753540
-0.044678,0.103394,1.016479
0.248779,-0.426147,0.878662
-0.534180,0.071167,0.792236
0.441406,-0.196899,1.047485
-0.248779,-0.279541,0.742676
-0.127075,0.122070,0.990112
0.299438,-0.417236,0.901489
-0.551270,0.021362,0.763794
0.409058,-0.157227,1.049805
-0.218262,-0.287109,0.740356
-0.216431,0.159058,0.967651
0.346191,-0.401611,0.922852
-0.547485,-0.016235,0.751221
0.364746,-0.109863,1.048706
-0.187500,-0.299683,0.741699
-0.281860,0.168579,0.933838
0.370483,-0.386719,0.933594
-0.563232,-0.053467,0.717163
0.328125,-0.071777,1.052368
-0.140869,-0.340942,0.737549
-0.356689,0.200317,0.909912
0.399170,-0.376221,0.944458
-0.546265,-0.094360,0.700073
0.250732,-0.022949,1.041748
-0.084961,-0.375244,0.760254
-0.434204,0.208862,0.884888
0.417114,-0.347534,0.957520
-0.523071,-0.111328,0.707031
0.176270,0.021729,1.029053
-0.013184,-0.385620,0.790649
-0.493408,0.215210,0.870117
0.429688,-0.312134,0.981323
-0.478271,-0.164185,0.718628
0.101318,0.055786,1.024414
0.053589,-0.387939,0.805176
-0.536377,0.207275,0.837158
0.427734,-0.277222,0.985962
-0.402344,-0.222290,0.729004
0.039551,0.093018,1.019409
0.125977,-0.414917,0.820190
-0.569458,0.190918,0.810547
0.430664,-0.252075,0.995361
-0.334473,-0.234619,0.731567
-0.025757,0.118652,1.001953
0.190918,-0.421997,0.836792
-0.589355,0.163330,0.798096
0.415405,-0.209106,0.990356
-0.274048,-0.275757,0.712280
-0.094971,0.146362,0.984741
0.255493,-0.423218,0.857178
-0.596436,0.142822,0.777832
0.407715,-0.169800,1.006958
-0.229980,-0.304077,0.711792
-0.169434,0.163696,0.965698
0.314331,-0.412720,0.883423
-0.600830,0.111206,0.764160
0.380981,-0.135132,1.007446
-0.184814,-0.315918,0.705811
-0.238281,0.170410,0.924805
0.358887,-0.391479,0.902344
-0.585327,0.053955,0.742310
0.332764,-0.090576,1.006958
-0.144775,-0.352295,0.720703
-0.311035,0.192383,0.896851
0.392456,-0.375610,0.924561
-0.559814,0.009033,0.730103
0.274414,-0.032104,1.004150
-0.092773,-0.367554,0.734863
-0.381714,0.198364,0.876465
0.414062,-0.346191,0.940063
-0.536011,-0.068237,0.709595
0.206055,0.015015,1.002686
-0.044434,-0.366821,0.758667
-0.438599,0.210327,0.851562
0.427734,-0.327148,0.956665
-0.500000,-0.113892,0.708374
0.037109,0.099243,1.025513
0.015625,-0.387207,0.771484
-0.570190,0.195190,0.816040
0.433838,-0.269531,0.981689
-0.337036,-0.231079,0.736328
-0.015137,0.113525,1.005127
0.187744,-0.409180,0.837891
-0.584106,0.180786,0.794556
0.420776,-0.221558,0.986084
-0.272827,-0.262817,0.727417
-0.088379,0.130371,0.975098
0.252075,-0.408081,0.859741
-0.601929,0.144775,0.779907
0.402954,-0.177734,1.000244
-0.234741,-0.316284,0.707275
-0.152100,0.156372,0.962891
0.303589,-0.407837,0.881104
-0.605103,0.110718,0.758545
0.383911,-0.135010,1.011475
-0.187744,-0.303589,0.724365
-0.229492,0.165039,0.929932
0.344482,-0.391724,0.901245
-0.587646,0.069092,0.744507
0.345947,-0.084106,1.013428
-0.147705,-0.332764,0.720825
-0.289551,0.192139,0.905029
0.388672,-0.392090,0.920044
-0.576294,0.032593,0.736816
0.293457,-0.045532,1.008423
-0.104736,-0.358765,0.726196
-0.357544,0.199585,0.877319
0.411011,-0.368164,0.934448
-0.552856,-0.036499,0.713257
0.237549,-0.001343,1.002563
-0.062378,-0.368774,0.746704
-0.403564,0.221069,0.877686
0.427490,-0.337036,0.944580
-0.525146,-0.084717,0.713013
0.180908,0.036133,1.002441
-0.018311,-0.381226,0.766113
-0.456665,0.218994,0.854858
0.444702,-0.310791,0.962891
-0.476074,-0.125244,0.720703
0.132690,0.065674,1.016602
0.040894,-0.389771,0.786255
-0.500000,0.230713,0.845581
0.452026,-0.277588,0.970825
-0.425903,-0.153809,0.744995
0.091309,0.092407,1.018433
0.092773,-0.386230,0.801758
-0.529907,0.225220,0.818726
0.453979,-0.255981,0.981934
-0.366943,-0.193970,0.742310
0.039917,0.125610,1.019287
0.151855,-0.399170,0.823486
-0.559204,0.202637,0.803345
0.456177,-0.229980,0.984131
-0.308228,-0.197144,0.759521
-0.019165,0.146362,1.001099
0.213623,-0.408569,0.847900
-0.574951,0.189819,0.786255
0.449341,-0.211182,0.987305
-0.252930,-0.236206,0.757690
-0.072754,0.167847,0.985474
0.268066,-0.417725,0.871826
-0.582031,0.155396,0.774292
0.435913,-0.182007,1.003540
-0.196289,-0.269165,0.764893
-0.123413,0.168701,0.957520
0.318359,-0.414673,0.882812
-0.592651,0.118652,0.757080
0.411377,-0.147217,1.009033
-0.130859,-0.320435,0.760986
-0.172974,0.166626,0.928833
0.355957,-0.387573,0.907227
-0.575806,0.078125,0.752686
0.378906,-0.105103,1.015381
-0.091187,-0.363159,0.746704
-0.239746,0.184692,0.909302
0.392334,-0.388550,0.923828
-0.559082,0.032715,0.750122
0.332275,-0.071777,1.006958
-0.043457,-0.394043,0.745361
-0.291992,0.178711,0.880981
0.427368,-0.395996,0.928101
-0.546509,-0.023193,0.729248
0.278442,-0.043823,0.998413
-0.004028,-0.415527,0.749268
-0.350342,0.171631,0.859131
0.454102,-0.380249,0.945190
-0.513916,-0.053833,0.743042
0.221069,-0.014771,0.996826
0.028076,-0.425293,0.754272
-0.397217,0.164673,0.835938
0.463013,-0.358398,0.953613
-0.477539,-0.098389,0.740967
0.168457,0.018921,1.002563
0.064331,-0.435913,0.772339
-0.446533,0.157715,0.817383
0.477051,-0.335571,0.963501
-0.432861,-0.125977,0.762695
0.109619,0.061157,1.009644
0.107910,-0.438843,0.787964
-0.490845,0.147095,0.794556
0.476196,-0.308594,0.986694
-0.384644,-0.164795,0.762695
0.055786,0.091919,1.008789
0.170044,-0.452881,0.805542
-0.518066,0.121948,0.772949
0.474731,-0.282349,0.987305
-0.333862,-0.196045,0.777100
-0.000610,0.113403,1.005005
0.233032,-0.461060,0.837524
-0.532959,0.083130,0.746826
0.462769,-0.253296,1.001709
-0.258423,-0.220947,0.791260
-0.056274,0.136719,0.996582
0.281860,-0.455322,0.868896
-0.542969,0.070557,0.753418
0.441895,-0.217407,1.007080
-0.180176,-0.249268,0.812012
-0.109985,0.153198,0.975220
0.333618,-0.441528,0.902344
-0.540283,0.068726,0.768677
0.419067,-0.177490,1.025391
-0.114868,-0.291870,0.814453
-0.163696,0.147705,0.965332
0.382446,-0.438477,0.929688
-0.533203,0.022583,0.764648
0.382812,-0.132812,1.025635
-0.043091,-0.360718,0.798584
-0.213257,0.145020,0.945557
0.425171,-0.426514,0.944702
-0.514282,-0.025513,0.751221
0.339722,-0.098145,1.022827
0.008911,-0.401733,0.798096
-0.271729,0.152344,0.914551
0.466187,-0.409180,0.969482
-0.485596,-0.088623,0.750732
0.288696,-0.059937,1.026733
0.051758,-0.438110,0.789062
-0.319824,0.143433,0.893555
0.495850,-0.386108,0.989990
-0.461060,-0.117310,0.759155
0.226318,-0.024902,1.020508
0.087036,-0.437134,0.805176
-0.361450,0.117554,0.865479
0.512817,-0.357300,1.011230
-0.416260,-0.145508,0.769409
0.173096,0.020630,1.042236
0.137939,-0.436646,0.825806
-0.402954,0.118042,0.847168
0.516846,-0.332397,1.016479
-0.372070,-0.186401,0.777710
0.117065,0.056152,1.029175
0.210449,-0.462891,0.846558
-0.430054,0.079346,0.812744
0.523560,-0.313721,1.033569
-0.314697,-0.208252,0.776489
0.061157,0.090210,1.034912
0.276611,-0.459595,0.879761
-0.451782,0.052734,0.792480
0.508057,-0.269287,1.039062
-0.254272,-0.219604,0.820801
0.006592,0.120117,1.039062
0.331787,-0.455078,0.924194
-0.470825,0.047729,0.796509
0.489624,-0.215210,1.063232
-0.187256,-0.240845,0.835083
-0.037231,0.154175,1.048584
0.379761,-0.437256,0.963135
-0.476807,0.051025,0.815308
0.470459,-0.163452,1.086914
-0.127563,-0.271240,0.846313
-0.081055,0.175781,1.043579
0.429565,-0.429321,0.989502
-0.472534,0.021118,0.810791
0.447632,-0.119995,1.092041
-0.048340,-0.315063,0.853271
-0.138306,0.195679,1.045288
0.475708,-0.417236,1.014282
-0.461304,-0.016357,0.802002
0.420776,-0.090576,1.105469
0.027588,-0.367432,0.858154
-0.178711,0.195557,1.027588
0.506714,-0.385742,1.036255
-0.444458,-0.050171,0.800049
0.385742,-0.052246,1.111572
0.069336,-0.383545,0.866699
-0.222656,0.200317,1.015747
0.537842,-0.362793,1.056519
-0.411987,-0.096924,0.797852
0.343872,-0.019165,1.114258
0.085449,-0.364014,0.870483
-0.267822,0.206665,1.003174
0.560547,-0.339355,1.084961
-0.387573,-0.132324,0.804565
0.296631,0.015381,1.109985
0.151978,-0.391113,0.902100
-0.313599,0.181519,0.967896
0.584351,-0.303101,1.106934
-0.343506,-0.171265,0.812256
0.242432,0.053589,1.117676
0.207275,-0.415771,0.917969
-0.333496,0.139404,0.929688
0.589478,-0.287231,1.110352
-0.303223,-0.186523,0.831543
0.193481,0.087769,1.112183
0.273682,-0.430664,0.941772
-0.367920,0.091431,0.895020
0.580078,-0.257690,1.116577
-0.264282,-0.198364,0.848389
0.137329,0.114014,1.107910
0.326050,-0.422852,0.967285
-0.402954,0.084106,0.871338
0.561768,-0.209595,1.128418
-0.209351,-0.209595,0.874512
0.084717,0.156982,1.115234
0.373901,-0.420654,1.000732
-0.425781,0.080444,0.866455
0.545654,-0.170654,1.144531
-0.161133,-0.226196,0.874512
0.022461,0.183472,1.119995
0.416870,-0.396973,1.025757
-0.437988,0.051147,0.865601
0.527832,-0.133301,1.154175
-0.092285,-0.269165,0.888184
-0.029785,0.188232,1.101929
0.451782,-0.379761,1.039307
-0.437012,0.008301,0.847534
0.510742,-0.106079,1.168579
-0.020752,-0.315308,0.886230
-0.084351,0.209839,1.093506
0.477051,-0.363403,1.052124
-0.424805,-0.021362,0.844727
0.478394,-0.067017,1.177979
-0.004883,-0.332520,0.876587
-0.133545,0.217529,1.079102
0.510498,-0.345947,1.068359
-0.425293,-0.048096,0.830444
0.444336,-0.034790,1.184570
0.014526,-0.339722,0.884766
-0.193604,0.235229,1.066406
0.540405,-0.326782,1.103394
-0.407104,-0.084473,0.819336
0.400146,-0.002441,1.173462
0.056519,-0.345825,0.897949
-0.244385,0.208984,1.026245
0.561523,-0.305908,1.112793
-0.378540,-0.138306,0.817505
0.342896,0.028198,1.161255
0.101807,-0.361572,0.906860
-0.286499,0.176880,0.979248
0.570557,-0.296265,1.117554
-0.343994,-0.178711,0.813965
0.273804,0.053467,1.155273
0.165527,-0.394653,0.913940
-0.335815,0.145752,0.933960
0.572021,-0.282837,1.112915
-0.317139,-0.210693,0.825195
0.211792,0.076660,1.135010
0.216797,-0.405396,0.923340
-0.384766,0.134277,0.903809
0.563843,-0.255737,1.116455
-0.290405,-0.221680,0.824829
0.151855,0.091187,1.119995
0.258789,-0.407349,0.946045
-0.421875,0.122437,0.878052
0.553345,-0.221313,1.119019
-0.262817,-0.245850,0.827026
0.086060,0.116699,1.107910
0.298462,-0.396729,0.958008
-0.437500,0.077393,0.856567
0.531738,-0.202393,1.119385
-0.220947,-0.275757,0.823975
0.026733,0.120483,1.079712
0.331909,-0.384277,0.966797
-0.454224,0.052002,0.841431
0.516357,-0.171265,1.126343
-0.150391,-0.302246,0.814331
-0.032837,0.135742,1.057007
0.360840,-0.371338,0.974365
-0.464844,0.014282,0.824097
0.496338,-0.144409,1.129883
-0.133179,-0.313110,0.794312
-0.104492,0.149658,1.036255
0.391846,-0.367065,0.984619
-0.479370,-0.019165,0.803467
0.456421,-0.117798,1.131470
-0.129761,-0.314575,0.792725
-0.180542,0.181885,1.024048
0.426636,-0.361206,1.001831
-0.484009,-0.055908,0.783203
0.417725,-0.090942,1.127686
-0.108887,-0.312256,0.809570
-0.240967,0.196289,0.998413
0.444336,-0.348267,1.019775
-0.485352,-0.094849,0.754395
0.369629,-0.056030,1.130371
-0.076294,-0.309570,0.810791
-0.293945,0.187256,0.969727
0.458130,-0.345215,1.016235
-0.474365,-0.125488,0.742798
0.314453,-0.029297,1.111450
-0.042603,-0.342407,0.804810
-0.350830,0.178223,0.932495
0.471802,-0.341797,1.017578
-0.462036,-0.160034,0.735229
0.257690,-0.005981,1.098755
0.001343,-0.363647,0.817139
-0.400391,0.177246,0.908936
0.469482,-0.321045,1.029053
-0.446411,-0.170044,0.743530
0.205322,0.018555,1.080688
0.048462,-0.384521,0.826416
-0.441650,0.173096,0.876221
0.466919,-0.297607,1.025513
-0.437622,-0.184204,0.740112
0.149902,0.042114,1.066406
0.095337,-0.397949,0.834351
-0.476807,0.151611,0.857178
0.462891,-0.270996,1.022461
-0.408813,-0.202637,0.753296
0.090088,0.066650,1.049194
0.128540,-0.394897,0.849487
-0.506348,0.138062,0.826782
0.462646,-0.260132,1.026001
-0.352295,-0.239258,0.749268
0.040527,0.083252,1.037964
0.174561,-0.400269,0.862061
-0.541626,0.121460,0.813965
0.454712,-0.250732,1.023682
-0.322632,-0.242676,0.749634
-0.017456,0.103516,1.014648
0.220337,-0.412354,0.867554
-0.555908,0.109619,0.793945
0.438354,-0.227051,1.022827
-0.285278,-0.282593,0.737305
-0.082275,0.126343,0.997925
0.258057,-0.409058,0.881104
-0.580444,0.087769,0.775269
0.420410,-0.194946,1.024170
-0.250854,-0.292114,0.726074
-0.144653,0.147705,0.988770
0.292847,-0.396118,0.905396
-0.576782,0.056641,0.763794
0.389771,-0.156494,1.032593
-0.223389,-0.315674,0.710815
-0.214478,0.163452,0.959351
0.333008,-0.406372,0.910156
-0.575195,0.030640,0.752441
0.358154,-0.115967,1.038086
-0.196045,-0.335327,0.715576
-0.272095,0.168457,0.928833
0.366333,-0.408447,0.910156
-0.575439,-0.000610,0.727661
0.325439,-0.082886,1.036255
-0.155273,-0.342651,0.721191
-0.331543,0.195312,0.911133
0.394165,-0.386963,0.935913
-0.567505,-0.021240,0.717651
0.280029,-0.045288,1.033813
-0.115112,-0.367065,0.724609
-0.389893,0.205566,0.897705
0.416016,-0.363525,0.941528
-0.553345,-0.066040,0.699341
0.218750,-0.007446,1.024780
-0.066528,-0.389648,0.755493
-0.449463,0.231812,0.885254
0.429077,-0.344849,0.954102
-0.529175,-0.108032,0.695435
0.153320,0.031372,1.025879
-0.013550,-0.395874,0.769409
-0.499023,0.235107,0.866089
0.441162,-0.321411,0.968506
-0.485352,-0.111450,0.734985
0.104614,0.065186,1.023682
0.048584,-0.401367,0.791626
-0.541504,0.231812,0.845581
0.445190,-0.286865,0.980347
-0.409302,-0.180298,0.740845
0.054321,0.089722,1.024292
0.110840,-0.397095,0.804321
-0.567627,0.219604,0.823853
0.441650,-0.255005,0.977417
-0.347900,-0.228394,0.730225
-0.000366,0.118164,1.001465
0.176392,-0.398438,0.841064
-0.594238,0.186035,0.801270
0.431152,-0.216553,0.992920
-0.275879,-0.253906,0.736084
-0.071167,0.137817,0.985718
0.239136,-0.393188,0.869629
-0.605225,0.147339,0.777100
0.408081,-0.168091,1.000732
-0.223877,-0.292847,0.723267
-0.137329,0.160278,0.962769
0.300049,-0.385132,0.893677
-0.599487,0.115967,0.760864
0.385986,-0.127808,1.010864
-0.175171,-0.323364,0.719482
-0.209351,0.173706,0.930054
0.350342,-0.383667,0.903076
-0.589111,0.076782,0.745850
0.347778,-0.087891,1.016113
-0.127930,-0.360229,0.711548
-0.275146,0.188721,0.900146
0.391235,-0.373047,0.922607
-0.562256,0.019775,0.738770
0.294800,-0.042480,1.000488
-0.085815,-0.378418,0.721924
-0.343506,0.191650,0.873291
0.416382,-0.353271,0.939819
-0.545288,-0.032471,0.715088
0.236694,-0.013062,1.003418
-0.038696,-0.385986,0.736694
-0.404541,0.210571,0.862305
0.435669,-0.329102,0.949585
-0.505981,-0.084717,0.726685
0.177246,0.023560,1.011963
0.005859,-0.386230,0.755737
-0.469482,0.222534,0.836304
0.446899,-0.306641,0.949829
-0.449341,-0.122070,0.754272
0.121338,0.070679,1.014404
0.068604,-0.388306,0.796997
-0.518311,0.222412,0.818481
0.450317,-0.271851,0.972046
-0.388184,-0.127197,0.764893
0.067017,0.105347,1.012939
0.130615,-0.389648,0.816406
-0.553955,0.205322,0.792114
0.447632,-0.234253,0.984619
-0.317749,-0.181763,0.760986
-0.002930,0.133423,1.004150
0.203735,-0.391846,0.838867
-0.579102,0.188354,0.784424
0.443970,-0.210571,0.989136
-0.242065,-0.234009,0.763916
-0.066406,0.158203,0.973999
0.272827,-0.397217,0.876465
-0.589966,0.150146,0.768921
0.430908,-0.186401,0.999512
-0.174072,-0.273071,0.770630
-0.129395,0.156128,0.947021
0.325317,-0.391113,0.905151
-0.579712,0.116211,0.771240
0.399170,-0.138184,1.006714
-0.114014,-0.326416,0.769531
-0.200073,0.151245,0.919189
0.374878,-0.386353,0.913208
-0.563110,0.068115,0.762573
0.349121,-0.091309,0.999146
-0.060303,-0.367798,0.762451
-0.275391,0.144409,0.875610
0.411255,-0.368408,0.936157
-0.540039,-0.007446,0.745605
0.289062,-0.043701,0.997314
-0.009766,-0.402222,0.753662
-0.350098,0.135498,0.847656
0.437012,-0.362793,0.939575
-0.509766,-0.067871,0.738892
0.221924,-0.000122,1.002930
0.033813,-0.416870,0.753418
-0.428467,0.164429,0.823242
0.462524,-0.348755,0.956299
-0.446777,-0.123169,0.750854
0.139038,0.053589,1.009766
0.083252,-0.404297,0.786987
-0.486694,0.155273,0.796265
0.471558,-0.324463,0.970703
-0.381836,-0.182739,0.759521
0.055664,0.098145,1.011963
0.165283,-0.424805,0.819824
-0.533447,0.134521,0.767822
0.483154,-0.298950,0.996582
-0.292725,-0.219482,0.779663
-0.040894,0.137695,0.998169
0.244385,-0.430298,0.855713
-0.549194,0.076294,0.751587
0.460327,-0.244873,1.011108
-0.175171,-0.282471,0.801880
-0.129150,0.166748,0.965454
0.310913,-0.430176,0.886353
-0.539673,0.057373,0.761230
0.424072,-0.171509,1.024048
-0.093506,-0.333740,0.790527
-0.207520,0.166992,0.936646
0.378174,-0.431274,0.909180
-0.525757,-0.007080,0.753906
0.353760,-0.107422,1.005005
-0.014648,-0.387451,0.784668
-0.277222,0.151489,0.899170
0.438354,-0.400024,0.948608
-0.502563,-0.083862,0.748901
0.263184,-0.057739,1.006958
0.062134,-0.458008,0.775757
-0.359253,0.141968,0.853516
0.472412,-0.351440,0.979248
-0.454590,-0.135254,0.746704
0.173950,0.004517,1.010864
0.109009,-0.463867,0.783569
-0.425049,0.124268,0.819214
0.489258,-0.310303,1.003784
-0.378052,-0.179077,0.763062
0.066284,0.076416,1.019165
0.195068,-0.485718,0.820557
-0.486938,0.091187,0.780640
0.500366,-0.275391,1.018799
-0.287964,-0.190308,0.804199
-0.038330,0.140381,1.015259
0.289429,-0.482788,0.868774
-0.515625,0.050293,0.768433
0.458740,-0.228027,1.020752
-0.174438,-0.232178,0.832520
-0.118896,0.174683,1.009644
0.367554,-0.443481,0.922729
-0.514526,0.024780,0.780762
0.403564,-0.150391,1.036011
-0.040894,-0.341553,0.818726
-0.200806,0.165405,0.973877
0.430542,-0.406738,0.969360
-0.482666,-0.069580,0.760376
0.328735,-0.059814,1.045166
0.065430,-0.422363,0.823608
-0.287354,0.143555,0.916626
0.488159,-0.377930,1.009399
-0.432129,-0.133545,0.767578
0.217529,0.001709,1.033447
0.123901,-0.433716,0.815674
-0.371582,0.138184,0.881104
0.526489,-0.351562,1.027466
-0.353882,-0.197998,0.785278
0.105957,0.069336,1.027222
0.214355,-0.450439,0.850098
-0.439087,0.082764,0.809814
0.529175,-0.303955,1.043823
-0.259033,-0.241211,0.817017
-0.008301,0.142822,1.043091
0.317993,-0.440796,0.909424
-0.487793,0.069214,0.798828
0.477173,-0.219849,1.060425
-0.132324,-0.278931,0.842529
-0.083740,0.178711,1.053955
0.394287,-0.409546,0.967896
-0.482422,0.032715,0.792603
0.414185,-0.125854,1.067993
0.003418,-0.367798,0.847290
-0.158325,0.168823,1.024780
0.473877,-0.364624,1.026123
-0.446899,-0.047607,0.795166
0.339722,-0.048950,1.077393
0.091797,-0.423584,0.842651
-0.252441,0.142822,0.964478
0.539185,-0.317749,1.074097
-0.389160,-0.139160,0.787109
0.228638,0.034912,1.069702
0.176514,-0.421631,0.867188
-0.346436,0.101318,0.900391
0.566040,-0.308960,1.096313
-0.317017,-0.211426,0.789185
0.126099,0.106079,1.070557
0.288086,-0.437744,0.915894
-0.421509,0.068848,0.835571
0.545654,-0.248047,1.102173
-0.203735,-0.235229,0.833252
0.010254,0.173218,1.074219
0.384521,-0.424072,0.976562
-0.468018,0.061401,0.830444
0.504272,-0.180176,1.109497
-0.091431,-0.257935,0.874512
-0.076416,0.203369,1.076172
0.459351,-0.383179,1.019897
-0.446411,0.002930,0.831299
0.438477,-0.095459,1.124023
0.049438,-0.370239,0.887573
-0.170044,0.189941,1.036499
0.526733,-0.332520,1.078735
-0.411621,-0.083130,0.817505
0.366455,-0.022461,1.131470
0.101929,-0.362549,0.900879
-0.270264,0.199463,1.002075
0.560181,-0.280396,1.119507
-0.343872,-0.176758,0.813599
0.252319,0.056030,1.121094
0.211792,-0.409180,0.919800
-0.335449,0.130371,0.915649
0.588257,-0.255493,1.128906
-0.264526,-0.219971,0.828125
0.141968,0.118164,1.100708
0.313965,-0.416138,0.965210
-0.404907,0.089966,0.879883
0.558716,-0.209473,1.133423
-0.182739,-0.228027,0.871826
0.044922,0.182251,1.107544
0.399780,-0.390259,1.014282
-0.439087,0.062988,0.861816
0.536499,-0.176758,1.134644
-0.082642,-0.270264,0.893555
-0.057373,0.219604,1.098755
0.467529,-0.347534,1.042725
-0.428711,0.003540,0.843994
0.471313,-0.098755,1.153198
0.041748,-0.358154,0.892334
-0.146484,0.192505,1.058472
0.517944,-0.302246,1.092773
-0.399048,-0.053833,0.841187
0.394531,-0.002808,1.161987
0.081177,-0.359619,0.910400
-0.248535,0.176147,1.019165
0.557373,-0.270386,1.138672
-0.336670,-0.152954,0.832642
0.304321,0.058960,1.149536
0.179199,-0.389771,0.918823
-0.331665,0.143066,0.941528
0.586914,-0.276733,1.133423
-0.272095,-0.206543,0.848633
0.204224,0.115723,1.138184
0.266846,-0.404053,0.947998
-0.404053,0.106201,0.893921
0.586548,-0.256348,1.130859
-0.216431,-0.251465,0.860596
0.095459,0.138062,1.110840
0.350830,-0.386230,0.973145
-0.427856,0.083252,0.868896
0.557373,-0.189575,1.149414
-0.139526,-0.282471,0.874268
-0.127319,0.200684,1.068115
0.404907,-0.380615,1.011963
-0.420410,-0.031860,0.834717
0.432495,-0.039673,1.157837
0.066406,-0.359863,0.888794
-0.214111,0.205688,1.034058
0.548096,-0.316895,1.105469
-0.372192,-0.107422,0.832520
0.356689,0.005981,1.142334
0.110229,-0.356079,0.921631
-0.285645,0.179199,0.983398
0.589966,-0.282104,1.139648
-0.324219,-0.174805,0.836792
0.268799,0.052246,1.129639
0.202026,-0.398560,0.932617
-0.334717,0.123535,0.926025
0.590210,-0.257568,1.132446
-0.269897,-0.210449,0.844238
0.180786,0.111816,1.129150
0.290894,-0.418701,0.958496
-0.386841,0.102295,0.890259
0.571167,-0.221924,1.139648
-0.215088,-0.231812,0.859985
0.103027,0.145264,1.121826
0.353760,-0.404297,0.995239
-0.423462,0.086792,0.876343
0.555420,-0.181274,1.153198
-0.149292,-0.250977,0.879395
0.009644,0.187988,1.112427
0.410522,-0.389038,1.013794
-0.435669,0.035645,0.861816
0.532715,-0.147583,1.151245
-0.061035,-0.291870,0.887573
-0.060669,0.194946,1.082642
0.457397,-0.365967,1.038330
-0.435791,-0.010010,0.845947
0.494873,-0.101685,1.169189
-0.019775,-0.332642,0.864624
-0.130127,0.210083,1.075439
0.498169,-0.345947,1.062012
-0.436035,-0.037964,0.839722
0.441650,-0.057739,1.169312
0.010132,-0.333008,0.882935
-0.202026,0.223511,1.053711
0.531738,-0.319214,1.088135
-0.410278,-0.095947,0.817261
0.386230,-0.008423,1.170288
0.054321,-0.347046,0.885742
-0.265137,0.194580,1.007812
0.556030,-0.307861,1.105713
-0.383667,-0.130859,0.806641
0.321777,0.023682,1.158081
0.117432,-0.362427,0.899780
-0.325439,0.176147,0.957520
0.568115,-0.296631,1.103394
-0.345459,-0.188965,0.806519
0.247803,0.048096,1.141724
0.172852,-0.388916,0.908203
-0.376099,0.150635,0.915771
0.559570,-0.267212,1.104126
-0.307007,-0.222778,0.817383
0.169189,0.076660,1.116455
0.232422,-0.392944,0.936768
-0.417358,0.126099,0.891357
0.543091,-0.238525,1.108765
-0.283203,-0.244995,0.812378
0.109253,0.107544,1.102905
0.278809,-0.386475,0.940308
-0.445801,0.087769,0.861328
0.534180,-0.215576,1.114014
-0.237793,-0.276733,0.813599
0.029297,0.123413,1.081421
0.310791,-0.381470,0.945557
-0.451294,0.059814,0.851807
0.513672,-0.191528,1.114014
-0.170532,-0.309692,0.814941
-0.020874,0.119995,1.057983
0.340088,-0.374756,0.962769
-0.469482,0.026733,0.817261
0.493164,-0.158325,1.118042
-0.136963,-0.324707,0.791382
-0.096191,0.149170,1.036133
0.383667,-0.378906,0.965210
-0.475952,-0.000366,0.805786
0.452026,-0.135254,1.107178
-0.127319,-0.324463,0.789062
-0.167114,0.163086,1.018677
0.414917,-0.354492,1.005493
-0.481445,-0.043701,0.786011
0.413208,-0.086914,1.125122
-0.127930,-0.293945,0.792603
-0.227173,0.175171,0.995850
0.443115,-0.354126,1.016724
-0.485352,-0.092651,0.764526
0.374878,-0.060913,1.113403
-0.110107,-0.308838,0.788696
-0.282104,0.189331,0.973511
0.462158,-0.352295,1.024536
-0.475342,-0.115601,0.750854
0.330688,-0.047729,1.102661
-0.067749,-0.329102,0.793335
-0.340942,0.173462,0.931030
0.471436,-0.359253,1.010620
-0.460205,-0.136597,0.752808
0.274902,-0.015625,1.090820
-0.034424,-0.345215,0.805054
-0.384155,0.154419,0.895996
0.478149,-0.345581,1.020752
-0.444824,-0.161499,0.743774
0.217529,0.013550,1.084473
0.010620,-0.365967,0.815308
-0.437378,0.155273,0.868042
0.481079,-0.319214,1.027710
-0.434692,-0.189697,0.749023
0.158691,0.034546,1.059814
0.061646,-0.379028,0.828125
-0.465942,0.157104,0.852661
0.479126,-0.301880,1.031372
-0.419922,-0.202637,0.744263
0.095337,0.076660,1.060303
0.111694,-0.396851,0.832031
-0.501221,0.143311,0.838623
0.475830,-0.280029,1.030396
-0.381592,-0.217285,0.754395
0.053711,0.088989,1.053467
0.155640,-0.404053,0.848389
-0.533691,0.127197,0.808960
0.464478,-0.273071,1.027344
-0.336304,-0.257446,0.743652
0.009277,0.118042,1.034790
0.189331,-0.405396,0.854614
-0.547241,0.127441,0.819702
0.457153,-0.259521,1.017334
-0.310791,-0.252319,0.746582
-0.035034,0.118652,1.006348
0.229126,-0.407837,0.864014
-0.568359,0.108398,0.788818
0.440674,-0.240234,1.026489
-0.280029,-0.288208,0.726196
-0.083618,0.130981,0.994995
0.257568,-0.426147,0.874756
-0.585083,0.112549,0.780884
0.425537,-0.212402,1.025269
-0.251221,-0.303833,0.724487
-0.130981,0.125488,0.977051
0.285645,-0.413940,0.876953
-0.592896,0.085205,0.761719
0.414551,-0.202026,1.025879
-0.226074,-0.298828,0.729858
-0.180542,0.137817,0.954956
0.298706,-0.409668,0.884766
-0.579468,0.064087,0.760864
0.399780,-0.185303,1.018555
-0.215942,-0.306763,0.711792
-0.219849,0.159668,0.952393
0.324097,-0.399414,0.906494
-0.583496,0.049072,0.758545
0.378418,-0.161133,1.018921
-0.200073,-0.313354,0.722290
-0.241089,0.156738,0.926270
0.341431,-0.390991,0.910767
-0.596313,0.040649,0.738525
0.362793,-0.133545,1.035400
-0.183472,-0.336548,0.716187
-0.283325,0.172607,0.915405
0.352783,-0.389771,0.917236
-0.578613,0.013916,0.740601
0.334351,-0.102295,1.027832
-0.156860,-0.338623,0.721436
-0.312744,0.175171,0.901001
0.370483,-0.390503,0.917236
-0.579224,0.014160,0.735352
0.308228,-0.067505,1.028442
-0.135620,-0.337158,0.729370
-0.344238,0.189453,0.903687
0.380005,-0.390137,0.921875
-0.578613,-0.002808,0.716553
0.274414,-0.040894,1.022705
-0.102173,-0.378418,0.731689
-0.381348,0.197754,0.902100
0.392578,-0.356323,0.924316
-0.574829,-0.026367,0.697144
0.239014,-0.022583,1.005371
-0.071289,-0.382935,0.745239
-0.421143,0.211914,0.882935
0.411133,-0.344849,0.935059
-0.554932,-0.066772,0.690186
0.196899,0.019165,1.013672
-0.030029,-0.381592,0.766724
-0.466187,0.214111,0.869995
0.415161,-0.324341,0.949829
-0.508789,-0.093384,0.712891
0.156250,0.052490,1.014282
0.010254,-0.371948,0.783447
-0.495972,0.231934,0.860596
0.432983,-0.311523,0.958374
-0.479004,-0.145264,0.714844
0.122437,0.071777,1.025269
0.058228,-0.375977,0.795166
-0.530762,0.240845,0.853882
0.439453,-0.290039,0.962158
-0.426514,-0.170898,0.725708
0.071899,0.106445,1.023682
0.110352,-0.383667,0.819458
-0.555420,0.235840,0.829956
0.441040,-0.269775,0.966431
-0.366821,-0.198608,0.738037
0.032104,0.123047,1.015869
0.170776,-0.379272,0.843994
-0.584229,0.226074,0.798218
0.431274,-0.234009,0.972290
-0.300537,-0.280762,0.723877
-0.016357,0.136719,1.006348
0.218384,-0.380981,0.867188
-0.610107,0.210693,0.783325
0.436523,-0.201660,0.987427
-0.226685,-0.304077,0.729004
-0.088135,0.162476,0.984131
0.267944,-0.370239,0.877686
-0.597046,0.180176,0.786621
0.427124,-0.171509,0.999146
-0.186035,-0.303589,0.753052
-0.152710,0.161865,0.942871
0.313110,-0.375732,0.891968
-0.587524,0.138306,0.766968
0.399170,-0.128906,1.012329
-0.131958,-0.323120,0.745483
-0.213745,0.168579,0.909546
0.357178,-0.388916,0.892212
-0.572144,0.113525,0.773926
0.365112,-0.082764,1.010864
-0.096191,-0.352661,0.734619
-0.275757,0.173462,0.892578
0.392944,-0.375977,0.917725
-0.559204,0.055664,0.746582
0.319336,-0.041260,1.004761
-0.056274,-0.367310,0.730957
-0.320190,0.169556,0.870117
0.412476,-0.361938,0.927002
-0.544922,-0.004761,0.724121
0.269653,-0.009766,1.004272
-0.009766,-0.379150,0.750122
-0.377930,0.193848,0.872437
0.422363,-0.359741,0.928711
-0.528442,-0.069580,0.720703
0.216797,0.016602,1.001953
0.020752,-0.392944,0.754761
-0.438965,0.209595,0.847900
0.451904,-0.332886,0.957886
-0.488159,-0.106079,0.735352
0.148193,0.058350,1.009888
0.078735,-0.405396,0.783569
-0.484253,0.197998,0.827148
0.464722,-0.300659,0.968628
-0.432129,-0.153931,0.749146
0.090698,0.076904,0.999878
0.135010,-0.406372,0.813721
-0.535522,0.186035,0.797119
0.463501,-0.272705,0.983032
-0.361938,-0.185913,0.759521
0.016846,0.113892,0.999512
0.195068,-0.416504,0.831177
-0.555664,0.150757,0.776123
0.462036,-0.225342,1.000244
-0.268433,-0.233276,0.775513
-0.063354,0.151611,0.978638
0.252808,-0.428589,0.853638
-0.565186,0.110962,0.749390
0.451172,-0.201782,1.010620
-0.180420,-0.280029,0.782837
-0.132324,0.173706,0.963379
0.312500,-0.435669,0.870850
-0.565430,0.109375,0.769165
0.417358,-0.148682,1.018433
-0.107056,-0.323242,0.782104
-0.200073,0.170898,0.933838
0.363647,-0.419067,0.895020
-0.558105,0.058960,0.762451
0.371826,-0.090942,1.016968
-0.042969,-0.371948,0.767578
-0.264282,0.164307,0.897705
0.402954,-0.395630,0.922729
-0.540039,-0.020874,0.734009
0.312988,-0.053833,1.007935
0.016357,-0.414185,0.767212
-0.334717,0.179199,0.878540
0.433716,-0.382324,0.938965
-0.507812,-0.096436,0.733154
0.229004,-0.022095,0.997314
0.066528,-0.449829,0.772461
-0.396851,0.174927,0.843872
0.465576,-0.354736,0.965576
-0.467285,-0.123535,0.740479
0.146240,0.032471,1.005249
0.107788,-0.462524,0.779785
-0.442627,0.142090,0.816895
0.477783,-0.310547,0.980713
-0.408691,-0.155884,0.754761
0.060791,0.074951,0.999023
0.180908,-0.463867,0.820923
-0.488647,0.102661,0.788696
0.477783,-0.267700,1.008423
-0.330688,-0.202026,0.761597
-0.018311,0.118652,0.993042
0.245605,-0.467285,0.845703
-0.509644,0.056396,0.746582
0.461426,-0.220093,1.024658
-0.221313,-0.240845,0.799072
-0.099121,0.155884,0.983154
0.300293,-0.457886,0.878662
-0.518677,0.042236,0.764404
0.432373,-0.178589,1.038452
-0.120117,-0.281372,0.816284
-0.171875,0.171387,0.971436
0.365967,-0.445679,0.908936
-0.520996,0.017700,0.758301
0.389038,-0.125854,1.035645
-0.021606,-0.365112,0.814331
-0.236328,0.176758,0.940674
0.418701,-0.427368,0.939941
-0.504639,-0.062134,0.749146
0.330444,-0.091431,1.023804
0.047974,-0.419678,0.809082
-0.304321,0.167969,0.905884
0.461792,-0.393311,0.964355
-0.470825,-0.119751,0.745728
0.241455,-0.040161,1.015869
0.096191,-0.447754,0.797485
-0.364136,0.144653,0.872803
0.492065,-0.341919,1.002930
-0.420410,-0.164185,0.757080
0.142700,0.022217,1.012817
0.151855,-0.462646,0.818970
-0.410156,0.100586,0.831787
0.510010,-0.284058,1.033325
-0.347900,-0.189453,0.781860
0.056030,0.088501,1.022949
0.239624,-0.490601,0.849243
-0.445190,0.057251,0.786987
0.493774,-0.256958,1.041504
-0.272095,-0.220825,0.807861
-0.022339,0.125488,1.026367
0.308838,-0.479492,0.895508
-0.477905,0.039673,0.783325
0.475098,-0.221436,1.050537
-0.174072,-0.223755,0.839600
-0.085571,0.166138,1.031128
0.367554,-0.462280,0.924805
-0.485962,0.030029,0.792603
0.446777,-0.167725,1.065430
-0.078003,-0.287231,0.845825
-0.150513,0.196777,1.016968
0.429688,-0.435791,0.973267
-0.477661,-0.015503,0.779053
0.398315,-0.116211,1.053589
0.033325,-0.360840,0.848877
-0.215332,0.191528,0.994141
0.478394,-0.393799,0.996948
-0.453491,-0.092896,0.766357
0.331543,-0.065308,1.057129
0.098755,-0.395264,0.862305
-0.287476,0.180786,0.956787
0.520874,-0.362915,1.029907
-0.414917,-0.148682,0.778076
0.243042,-0.000854,1.044189
0.141968,-0.389160,0.875244
-0.344604,0.156006,0.924561
0.552979,-0.317383,1.070190
-0.360352,-0.203247,0.775635
0.149414,0.073853,1.057983
0.233032,-0.443970,0.890869
-0.388672,0.081177,0.855713
0.555298,-0.267700,1.078369
-0.280884,-0.238037,0.812012
0.054321,0.122437,1.054565
0.307983,-0.455444,0.920776
-0.425293,0.058472,0.831665
0.535767,-0.222656,1.098633
-0.197754,-0.230713,0.843872
-0.015137,0.161133,1.065063
0.371216,-0.431274,0.964233
-0.437988,0.042969,0.831055
0.501953,-0.157715,1.113647
-0.107788,-0.249268,0.875366
-0.085815,0.200684,1.059692
0.431030,-0.412964,0.997681
-0.442505,-0.003296,0.820435
0.470337,-0.114014,1.123657
0.010010,-0.305786,0.893433
-0.159790,0.219727,1.052734
0.482788,-0.370361,1.036133
-0.422363,-0.063599,0.805420
0.414429,-0.060059,1.132690
0.081543,-0.359131,0.899902
-0.218018,0.217651,1.032349
0.534058,-0.336060,1.068848
-0.398071,-0.119507,0.802368
0.334717,-0.000122,1.119507
0.135864,-0.366455,0.913330
-0.281372,0.196167,0.996948
0.559937,-0.293335,1.103027
-0.356323,-0.180298,0.804932
0.244751,0.049072,1.109375
0.221802,-0.413452,0.923950
-0.329102,0.131226,0.931519
0.583740,-0.257690,1.129883
-0.288330,-0.204834,0.825073
0.153687,0.097900,1.093140
0.299805,-0.441406,0.945068
-0.373047,0.085083,0.877319
0.575806,-0.223633,1.133057
-0.222900,-0.223022,0.852173
0.071045,0.131714,1.085327
0.359253,-0.409180,0.993286
-0.404785,0.061768,0.865112
0.553223,-0.165039,1.154419
-0.157104,-0.235962,0.875366
-0.011719,0.183960,1.088135
0.425049,-0.395630,1.021973
-0.416748,0.021240,0.849854
0.529053,-0.117676,1.160522
-0.036987,-0.274414,0.901855
-0.095825,0.221924,1.078247
0.474121,-0.373657,1.041870
-0.419434,-0.035767,0.839233
0.481934,-0.074829,1.169800
0.041138,-0.328857,0.905518
-0.166260,0.228271,1.066528
0.512695,-0.337402,1.071045
-0.403442,-0.084106,0.821045
0.407837,-0.025513,1.158569
0.071899,-0.339722,0.916992
-0.239990,0.232300,1.048462
0.564453,-0.290527,1.119263
-0.370117,-0.149414,0.814941
0.319946,0.025269,1.152710
0.158936,-0.380615,0.932251
-0.293457,0.169922,0.979614
0.583984,-0.261353,1.136475
-0.319580,-0.198975,0.821289
0.220581,0.072632,1.133545
0.250610,-0.412354,0.943481
-0.349854,0.121338,0.917969
0.582031,-0.226685,1.136841
-0.251709,-0.237549,0.845825
0.128662,0.115234,1.114868
0.316284,-0.403320,0.980469
-0.398315,0.090576,0.890137
0.566772,-0.180054,1.156616
-0.190063,-0.240601,0.864136
0.025024,0.152710,1.101440
0.375488,-0.390625,1.002075
-0.418579,0.028564,0.869751
0.541870,-0.136597,1.167969
-0.083740,-0.288208,0.877075
-0.056152,0.177124,1.075073
0.429932,-0.354736,1.032593
-0.433838,-0.024414,0.836792
0.506470,-0.093506,1.174194
-0.042358,-0.311523,0.860962
-0.136353,0.210327,1.072021
0.485840,-0.342163,1.054810
-0.436646,-0.069946,0.817383
0.439087,-0.050293,1.173584
0.011597,-0.341431,0.875977
-0.220459,0.220215,1.038574
0.522339,-0.320801,1.079956
-0.413208,-0.126343,0.797607
0.352417,-0.008057,1.154785
0.081787,-0.352783,0.888428
-0.291260,0.196899,0.984009
0.557617,-0.289673,1.110107
-0.372192,-0.185669,0.791382
0.260498,0.030762,1.136108
0.160889,-0.395996,0.904541
-0.351440,0.143433,0.928101
0.557007,-0.253784,1.111206
-0.315796,-0.228149,0.805176
0.162720,0.073730,1.114014
0.234619,-0.393799,0.936890
-0.406250,0.118652,0.895630
0.549194,-0.204224,1.125854
-0.272095,-0.251831,0.814575
0.062256,0.111450,1.082153
0.301758,-0.383179,0.953247
-0.431519,0.047852,0.848877
0.533691,-0.173950,1.125610
-0.174683,-0.287598,0.837158
-0.025391,0.135254,1.065796
0.343262,-0.382690,0.966553
-0.458740,-0.001831,0.816162
0.498657,-0.151245,1.140137
-0.120605,-0.302734,0.821533
-0.100464,0.154175,1.041504
0.395386,-0.357300,0.984253
-0.481079,-0.027588,0.803223
0.462280,-0.112061,1.139404
-0.093506,-0.320923,0.818848
-0.183350,0.197510,1.023315
0.431885,-0.350220,1.013550
-0.478760,-0.067871,0.782471
0.398193,-0.083130,1.130371
-0.049683,-0.325684,0.826172
-0.268188,0.201172,0.991333
0.476074,-0.321045,1.038818
-0.462158,-0.113647,0.769043
0.319336,-0.026367,1.120239
0.021729,-0.356934,0.843140
-0.345703,0.184570,0.940552
0.498535,-0.302124,1.055908
-0.413208,-0.193970,0.753540
0.218506,0.016479,1.097656
0.099365,-0.378906,0.867188
-0.416748,0.151733,0.893799
0.504517,-0.260864,1.068115
-0.384033,-0.224487,0.761475
0.121582,0.063110,1.065918
0.172974,-0.378662,0.894775
-0.459106,0.113037,0.858276
0.501709,-0.226807,1.075317
-0.323486,-0.255371,0.779541
0.024292,0.092041,1.050781
0.235229,-0.406982,0.903687
-0.489990,0.067261,0.810791
0.485107,-0.205933,1.072388
-0.241455,-0.269531,0.779907
-0.052124,0.105957,1.021362
0.292114,-0.396729,0.923340
-0.505615,0.013916,0.785156
0.456665,-0.179199,1.079468
-0.199829,-0.290527,0.763794
-0.148926,0.140869,0.998413
0.346069,-0.380005,0.946899
-0.522461,-0.026123,0.755127
0.410522,-0.133057,1.085815
-0.165894,-0.300659,0.765503
-0.251099,0.188110,0.985352
0.397949,-0.376099,0.971191
-0.520142,-0.071655,0.748413
0.349243,-0.088745,1.081543
-0.114136,-0.314941,0.772339
-0.329956,0.186035,0.929321
0.425781,-0.345703,0.989014
-0.506348,-0.129761,0.722168
0.276733,-0.044678,1.072388
-0.048950,-0.362305,0.792114
-0.412476,0.190796,0.897827
0.444946,-0.321289,1.004150
-0.475464,-0.167480,0.722900
0.174072,0.020264,1.058105
0.038818,-0.380005,0.823975
-0.479736,0.184814,0.865479
0.453735,-0.283691,1.014526
-0.447021,-0.196655,0.726196
0.089478,0.053589,1.040039
0.119507,-0.415894,0.836548
-0.523438,0.148193,0.837036
0.454956,-0.252075,1.019287
-0.361450,-0.203247,0.763672
0.006836,0.089722,1.019287
0.184448,-0.424683,0.848877
-0.546875,0.102539,0.790527
0.436768,-0.219116,1.025391
-0.291382,-0.254761,0.743408
-0.067261,0.113770,0.995850
0.249878,-0.423584,0.877319
-0.570679,0.074219,0.771851
0.423218,-0.189453,1.027222
-0.243774,-0.288452,0.725708
-0.165649,0.165283,0.985962
0.309448,-0.395630,0.910034
-0.576660,0.025757,0.753540
0.381592,-0.159180,1.031616
-0.203979,-0.326538,0.716797
-0.253418,0.181519,0.951904
0.364380,-0.383789,0.934692
-0.570190,-0.020020,0.731445
0.329590,-0.097656,1.032471
-0.163208,-0.362671,0.712891
-0.328491,0.190918,0.914917
0.392334,-0.365601,0.944946
-0.554688,-0.072876,0.711304
0.265625,-0.048218,1.028809
-0.106445,-0.388306,0.729126
-0.414185,0.208496,0.892212
0.416870,-0.331909,0.967896
-0.530640,-0.111206,0.701050
0.192383,0.003662,1.032837
-0.032104,-0.406250,0.768433
-0.477783,0.207642,0.872681
0.429565,-0.299927,0.983887
-0.501831,-0.121094,0.720947
0.113647,0.057617,1.026733
0.045532,-0.415039,0.792969
-0.532959,0.196899,0.845215
0.439697,-0.271729,0.997192
-0.427368,-0.169434,0.727661
0.046753,0.095581,1.018921
0.114136,-0.414551,0.815796
-0.568604,0.173950,0.816040
0.434937,-0.249512,0.991943
-0.354248,-0.216064,0.728149
-0.020508,0.115112,0.994507
0.186523,-0.410400,0.848145
-0.589966,0.137329,0.786377
0.419678,-0.217651,1.002808
-0.286865,-0.283569,0.713989
-0.097412,0.147217,0.975342
0.252441,-0.396362,0.875122
-0.597534,0.107544,0.772583
0.409302,-0.185181,1.003418
-0.225830,-0.311279,0.715332
-0.174438,0.168213,0.954468
0.306519,-0.378540,0.896484
-0.596680,0.069336,0.739746
0.372314,-0.139893,1.017334
-0.174438,-0.348267,0.707886
-0.248779,0.181641,0.925903
0.352661,-0.374268,0.905518
-0.589600,0.033081,0.728638
0.333984,-0.090210,1.015381
-0.127075,-0.387573,0.708130
-0.326660,0.202759,0.892944
0.385742,-0.357910,0.919678
-0.564819,0.000244,0.719971
0.170044,0.020752,1.039917
-0.080811,-0.414185,0.718018
-0.495728,0.204102,0.865601
0.434082,-0.299927,0.987671
-0.493042,-0.129883,0.722046
0.092529,0.058594,1.029175
0.080322,-0.399170,0.812500
-0.539795,0.199585,0.852905
0.437622,-0.284546,0.989868
-0.425293,-0.160034,0.739136
0.038452,0.088501,1.015625
0.141724,-0.404663,0.837158
-0.572266,0.168945,0.821289
0.435181,-0.253906,0.994995
-0.342773,-0.245361,0.718262
-0.032104,0.107300,0.992065
0.200562,-0.408691,0.853882
-0.589355,0.134644,0.795166
0.421509,-0.215332,1.001831
-0.282104,-0.278442,0.724609
-0.104370,0.140259,0.967163
0.259888,-0.399048,0.886841
-0.595459,0.090088,0.760498
0.396240,-0.175781,1.018555
-0.223511,-0.303955,0.714600
-0.182007,0.162476,0.951782
0.312622,-0.385254,0.898071
-0.591431,0.063965,0.751831
0.376221,-0.130249,1.022949
-0.180054,-0.348877,0.715332
-0.251343,0.174561,0.920654
0.351807,-0.380615,0.909668
-0.587891,0.020142,0.725586
0.335693,-0.095459,1.022949
-0.137939,-0.387573,0.707520
-0.321411,0.203979,0.900024
0.383911,-0.358521,0.918335
-0.570068,-0.012329,0.713379
0.280762,-0.051758,1.017822
-0.088623,-0.410400,0.726562
-0.398438,0.228760,0.888672
0.409668,-0.346558,0.941284
-0.557129,-0.061157,0.693726
0.217407,-0.009521,1.010376
-0.045288,-0.410400,0.745972
-0.457642,0.234741,0.875610
0.420532,-0.310303,0.953979
-0.526611,-0.094727,0.702026
0.155640,0.040649,1.018311
0.008911,-0.409790,0.770752
-0.503052,0.238281,0.859985
0.433960,-0.283081,0.968872
-0.472168,-0.127319,0.718750
0.096313,0.085205,1.015259
0.072144,-0.415771,0.796753
-0.542114,0.229248,0.830933
0.440430,-0.256836,0.975464
-0.414673,-0.160156,0.732056
0.040894,0.109619,1.014404
0.137939,-0.418579,0.818359
-0.570923,0.212036,0.806519
0.441162,-0.223511,0.990479
-0.346069,-0.216675,0.728760
-0.011230,0.139404,1.004883
0.197388,-0.417603,0.839600
-0.588013,0.185181,0.798096
0.432617,-0.198242,0.999756
-0.277344,-0.233398,0.737183
-0.075806,0.164307,0.984253
0.255859,-0.401611,0.871216
-0.597778,0.166748,0.781616
0.424561,-0.171387,0.994751
-0.217896,-0.266479,0.742432
-0.135376,0.178589,0.958008
0.302856,-0.394531,0.879883
-0.586304,0.125732,0.776123
0.403931,-0.141846,1.004150
-0.167725,-0.298828,0.739502
-0.202393,0.186768,0.927612
0.351074,-0.382446,0.897461
-0.584351,0.078247,0.758179
0.371216,-0.107422,1.012939
-0.128296,-0.347168,0.728760
-0.262939,0.198120,0.902100
0.375977,-0.362793,0.914551
-0.560425,0.036987,0.741577
0.323975,-0.064453,1.004395
-0.082397,-0.376099,0.730713
-0.317383,0.195679,0.880981
0.403564,-0.342163,0.929810
-0.552856,-0.023560,0.718262
0.270020,-0.031128,1.005615
-0.051147,-0.408447,0.726196
-0.370117,0.195435,0.861572
0.430298,-0.321777,0.941650
-0.524780,-0.049316,0.721069
0.212158,0.003540,1.000122
-0.005249,-0.413330,0.743896
-0.417236,0.197632,0.844482
0.447266,-0.304565,0.960083
-0.498291,-0.090942,0.725220
0.165161,0.045776,1.016724
0.035645,-0.415039,0.764648
-0.458740,0.201416,0.834961
0.452637,-0.279785,0.968384
-0.457764,-0.103149,0.740112
0.119141,0.076660,1.021118
0.087158,-0.428101,0.786743
-0.504150,0.197021,0.809326
0.456299,-0.263062,0.974121
-0.416504,-0.146484,0.736816
0.076782,0.108887,1.022461
0.131348,-0.409668,0.812012
-0.533203,0.184082,0.795288
0.453247,-0.249878,0.983643
-0.362915,-0.179932,0.747437
0.014038,0.144165,1.008301
0.181152,-0.418335,0.828613
-0.556274,0.164673,0.790039
0.459106,-0.243408,0.993408
-0.310181,-0.187500,0.760620
-0.041382,0.160889,0.993042
0.243042,-0.430908,0.848511
-0.569946,0.143188,0.783325
0.456665,-0.220703,0.998413
-0.239746,-0.229614,0.769409
-0.089844,0.180298,0.978638
0.283325,-0.429810,0.871704
-0.580322,0.122559,0.767822
0.437256,-0.193481,1.004517
-0.176636,-0.275269,0.771973
-0.143433,0.179077,0.957886
0.323975,-0.418579,0.887329
-0.574463,0.101929,0.773682
0.420410,-0.159058,1.011108
-0.124756,-0.323730,0.770264
-0.189331,0.186523,0.935181
0.364014,-0.404297,0.906128
-0.559204,0.068970,0.763672
0.385254,-0.121948,1.013550
-0.073242,-0.366455,0.765381
-0.241089,0.175171,0.911011
0.394897,-0.395874,0.919434
-0.547119,0.015991,0.756836
0.351685,-0.090942,1.006714
-0.033081,-0.399536,0.756958
-0.284912,0.181396,0.889404
0.419922,-0.376831,0.931763
-0.532227,-0.035156,0.742554
0.294556,-0.067871,0.991333
0.006958,-0.423096,0.761841
-0.336426,0.159180,0.855225
0.432861,-0.363892,0.945312
-0.511230,-0.063843,0.738159
0.236328,-0.021240,1.001465
0.044556,-0.449585,0.759644
-0.387451,0.160034,0.845825
0.456299,-0.346558,0.953979
-0.484619,-0.107178,0.729858
0.179199,0.020020,1.012085
0.074707,-0.465942,0.762329
-0.433594,0.138794,0.813965
0.466431,-0.324097,0.964844
-0.448364,-0.134888,0.734985
0.122314,0.058105,1.012573
0.116821,-0.466553,0.784790
-0.468872,0.134644,0.799072
0.472900,-0.308472,0.973511
-0.410522,-0.158081,0.748779
0.069580,0.091919,1.016479
0.168213,-0.468140,0.811157
-0.510864,0.120728,0.778931
0.477539,-0.281616,0.996216
-0.354370,-0.185059,0.758911
0.005005,0.130859,1.015137
0.227661,-0.484375,0.833252
-0.529419,0.094604,0.763794
0.480957,-0.267456,1.000977
-0.288940,-0.197266,0.782837
-0.047119,0.157837,1.002319
0.280518,-0.469482,0.867188
-0.541504,0.073486,0.758057
0.455322,-0.231201,1.008179
-0.217896,-0.231323,0.802490
-0.097290,0.157349,0.989868
0.326416,-0.449341,0.891846
-0.543823,0.061157,0.773071
0.428711,-0.199463,1.014404
-0.140137,-0.301758,0.802124
-0.150757,0.154175,0.967651
0.368652,-0.435425,0.921753
-0.535156,0.037109,0.769653
0.405029,-0.160034,1.016479
-0.071533,-0.347534,0.798584
-0.209473,0.150879,0.936646
0.408936,-0.419189,0.940430
-0.515991,-0.025269,0.761841
0.356934,-0.116089,1.026123
-0.006226,-0.395874,0.794312
-0.271362,0.147461,0.904175
0.444824,-0.392578,0.964844
-0.487061,-0.087524,0.760132
0.299805,-0.068726,1.027954
0.048706,-0.440430,0.792847
-0.324097,0.140869,0.876953
0.472534,-0.375732,0.975586
-0.455566,-0.128296,0.755737
0.234009,-0.022949,1.028931
0.086548,-0.441528,0.793945
-0.375000,0.124634,0.851807
0.494751,-0.356201,0.997437
-0.418701,-0.159180,0.752319
0.171265,0.024414,1.026611
0.136841,-0.461182,0.812012
-0.424194,0.128784,0.834229
0.513306,-0.336426,1.008789
-0.375732,-0.198730,0.753784
0.096558,0.082153,1.034424
0.218628,-0.478638,0.836914
-0.463379,0.100830,0.798828
0.508179,-0.319702,1.012207
-0.313965,-0.226074,0.780396
0.034302,0.107178,1.031494
0.278076,-0.467773,0.871948
-0.487793,0.066528,0.776367
0.483643,-0.271851,1.026855
-0.244751,-0.240723,0.802124
-0.027710,0.131958,1.026001
0.332031,-0.454102,0.912231
-0.504028,0.068726,0.790161
0.465210,-0.206055,1.048218
-0.163696,-0.261230,0.823853
-0.085571,0.145996,1.013794
0.385986,-0.430054,0.955322
-0.498535,0.043091,0.792603
0.429810,-0.144043,1.064453
-0.081665,-0.317749,0.827026
-0.145142,0.142212,0.994629
0.438843,-0.409912,0.982178
-0.479980,-0.024902,0.781250
0.386108,-0.083496,1.071655
0.013062,-0.393677,0.837280
-0.219604,0.163940,0.975830
0.484253,-0.408081,1.011353
-0.452759,-0.069946,0.777466
0.337891,-0.042114,1.071045
0.064697,-0.415283,0.838379
-0.267212,0.155273,0.953979
0.517700,-0.379639,1.035767
-0.431152,-0.121948,0.776855
0.283325,0.000366,1.072388
0.101074,-0.396851,0.854248
-0.326172,0.168091,0.939941
0.535278,-0.350220,1.053833
-0.388672,-0.163818,0.784424
0.228760,0.041260,1.082153
0.164551,-0.394775,0.872925
-0.361816,0.142334,0.897827
0.557983,-0.311523,1.074463
-0.339600,-0.211914,0.780884
0.156128,0.081177,1.066528
0.233276,-0.425415,0.889282
-0.392700,0.089844,0.843750
0.548828,-0.291992,1.069458
-0.286865,-0.235840,0.808960
0.109009,0.102783,1.073730
0.291138,-0.442383,0.916626
-0.431885,0.075928,0.821777
0.531250,-0.257812,1.075439
-0.226074,-0.240967,0.835693
0.057007,0.127930,1.076660
0.345459,-0.445435,0.953125
-0.456177,0.082275,0.823486
0.518188,-0.201538,1.089111
-0.181885,-0.244385,0.846924
0.002686,0.148193,1.075073
0.395142,-0.428345,0.988281
-0.468994,0.067017,0.824097
0.494385,-0.153320,1.103760
-0.123413,-0.263428,0.857666
-0.046753,0.184204,1.087036
0.435425,-0.412354,1.008423
-0.468140,0.033691,0.823608
0.476440,-0.117676,1.118042
-0.057007,-0.300293,0.867188
-0.091675,0.199829,1.071411
0.471558,-0.405762,1.031616
-0.449463,-0.007812,0.820435
0.452148,-0.088745,1.131104
0.021606,-0.351929,0.880615
-0.136475,0.209717,1.068481
0.509399,-0.386841,1.054443
-0.442871,-0.029907,0.819946
0.423706,-0.052246,1.136963
0.060547,-0.373047,0.882568
-0.169800,0.188232,1.051270
0.531860,-0.359131,1.078125
-0.428223,-0.061646,0.811401
0.390625,-0.015991,1.147339
0.065430,-0.362183,0.883789
-0.214355,0.209351,1.040649
0.553589,-0.328003,1.100952
-0.406006,-0.099365,0.802612
0.354492,0.011353,1.144531
0.098511,-0.367432,0.908936
-0.256958,0.192139,1.016113
0.573486,-0.309326,1.119263
-0.377808,-0.134644,0.809326
0.311646,0.030762,1.134277
0.146606,-0.385864,0.911621
-0.288330,0.168945,0.975830
0.586304,-0.288208,1.138550
-0.352173,-0.167358,0.814453
0.271851,0.053345,1.131104
0.194214,-0.405273,0.922729
-0.320068,0.139526,0.946167
0.594360,-0.291138,1.129150
-0.312744,-0.189819,0.835083
0.222412,0.088257,1.126831
0.244507,-0.416138,0.936523
-0.363037,0.112305,0.907471
0.602417,-0.275146,1.126465
-0.283325,-0.201904,0.842529
0.180298,0.109497,1.131226
0.282349,-0.421509,0.956177
-0.376221,0.104004,0.895630
0.588135,-0.252075,1.125732
-0.243530,-0.200317,0.869385
0.138062,0.137695,1.129883
0.324341,-0.419434,0.967773
-0.400269,0.104492,0.882080
0.584229,-0.223755,1.136230
-0.218750,-0.209351,0.870972
0.095093,0.143555,1.114990
0.352783,-0.411255,0.985962
-0.417114,0.085449,0.875000
0.571167,-0.188354,1.148315
-0.188477,-0.226929,0.870728
0.052246,0.150024,1.117920
0.383423,-0.401978,1.008301
-0.430298,0.068726,0.872681
0.550659,-0.170654,1.142822
-0.135254,-0.246582,0.890625
0.011230,0.166016,1.105713
0.408691,-0.380005,1.021606
-0.439453,0.050049,0.856445
0.531372,-0.150513,1.156494
-0.076538,-0.294312,0.881836
-0.031616,0.173584,1.094971
0.430420,-0.360474,1.033203
-0.430054,0.013916,0.848877
0.517212,-0.116333,1.161499
-0.037354,-0.316040,0.879272
-0.064941,0.190552,1.097168
0.458740,-0.357178,1.042969
-0.441406,-0.012817,0.840942
0.493042,-0.090576,1.168335
-0.038208,-0.323242,0.860840
-0.110474,0.208862,1.081909
0.483765,-0.347778,1.052734
-0.436035,-0.038940,0.831543
0.466675,-0.065308,1.173706
-0.021606,-0.343140,0.859741
-0.161377,0.214966,1.068359
0.509277,-0.332153,1.076172
-0.441284,-0.051147,0.820679
0.437988,-0.044678,1.178467
0.000122,-0.345459,0.870605
-0.205200,0.209717,1.050781
0.523560,-0.321167,1.091553
-0.430176,-0.090576,0.805542
0.400757,-0.019653,1.166870
0.024780,-0.342529,0.871826
-0.242310,0.210938,1.023315
0.541504,-0.308472,1.098877
-0.419189,-0.120239,0.794434
0.354736,-0.001343,1.157104
0.063232,-0.334961,0.890381
-0.278076,0.197632,0.997681
0.553711,-0.306885,1.093018
-0.398193,-0.153809,0.790405
0.312012,0.017090,1.153076
0.096558,-0.364746,0.892578
-0.310303,0.159180,0.952148
0.554688,-0.299561,1.105347
-0.371704,-0.185913,0.789917
0.264038,0.034180,1.141846
0.131714,-0.388916,0.887207
-0.345825,0.150269,0.937988
0.555786,-0.279419,1.100220
-0.342407,-0.218628,0.792114
0.213013,0.064087,1.122070
0.176147,-0.402100,0.903198
-0.382690,0.139771,0.911987
0.545410,-0.264648,1.107910
-0.327637,-0.218018,0.801514
0.161133,0.078491,1.116455
0.212891,-0.411499,0.907959
-0.415527,0.122803,0.896240
0.542114,-0.239746,1.103760
-0.319702,-0.235229,0.795288
0.120850,0.085571,1.103394
0.247803,-0.401367,0.921021
-0.441772,0.116089,0.882324
0.532959,-0.227539,1.100342
-0.281616,-0.248901,0.805054
0.065674,0.096558,1.082153
0.278687,-0.386108,0.938232
-0.462891,0.086670,0.847412
0.519775,-0.201416,1.097290
-0.212280,-0.289673,0.815186
0.017700,0.113159,1.070923
0.304443,-0.380371,0.949097
-0.471802,0.055542,0.824951
0.498657,-0.180664,1.100342
-0.178223,-0.306396,0.801636
-0.038330,0.129883,1.050171
0.335938,-0.383545,0.958984
-0.490234,0.025879,0.808472
0.479370,-0.163940,1.106689
-0.166748,-0.307983,0.772949
-0.106689,0.148438,1.038818
0.372192,-0.374023,0.973267
-0.499634,-0.003418,0.800293
0.448364,-0.134399,1.102417
-0.155151,-0.302246,0.782837
-0.176514,0.172729,1.025391
0.403442,-0.376099,0.989868
-0.505371,-0.036499,0.783081
0.409180,-0.096191,1.108643
-0.136475,-0.292236,0.792358
-0.236694,0.191895,1.004883
0.426636,-0.363281,1.001343
-0.505127,-0.075317,0.761353
0.370728,-0.068237,1.109985
-0.100586,-0.297241,0.796509
-0.288940,0.190552,0.968018
0.451538,-0.352173,1.010986
-0.493774,-0.107666,0.754761
0.319824,-0.040649,1.093262
-0.071777,-0.322266,0.794678
-0.328247,0.173462,0.942017
0.467041,-0.344238,1.023193
-0.476562,-0.159058,0.727783
0.268311,-0.028931,1.081909
-0.019897,-0.362061,0.803345
-0.385132,0.188843,0.916138
0.473511,-0.312622,1.028320
-0.451904,-0.199219,0.718506
0.210938,0.000488,1.074341
0.023315,-0.381836,0.824951
-0.436279,0.175659,0.879639
0.484131,-0.281616,1.040405
-0.440918,-0.179321,0.740234
0.146606,0.046265,1.066650
0.077759,-0.401489,0.830566
-0.470215,0.150513,0.856323
0.470337,-0.271240,1.033447
-0.425293,-0.190063,0.755859
0.091187,0.069092,1.052124
0.127441,-0.420166,0.841187
-0.500488,0.136353,0.830688
0.476440,-0.268188,1.031738
-0.362549,-0.218750,0.764771
0.033691,0.093994,1.045166
0.163208,-0.433228,0.842896
-0.530396,0.122192,0.816895
0.464478,-0.256836,1.022095
-0.321411,-0.226196,0.760864
-0.013062,0.114502,1.018555
0.207031,-0.413696,0.869019
-0.550293,0.098877,0.786987
0.451782,-0.233398,1.024536
-0.283081,-0.267822,0.745605
-0.065796,0.119873,1.006714
0.248413,-0.418213,0.881836
-0.564697,0.073608,0.775757
0.432861,-0.205444,1.036255
-0.256348,-0.282349,0.736084
-0.119507,0.148315,0.993896
0.290649,-0.409912,0.897705
-0.575317,0.050659,0.755859
0.414185,-0.194702,1.030640
-0.232788,-0.310791,0.721924
-0.187378,0.164673,0.975952
0.322144,-0.405151,0.911621
-0.573975,0.026245,0.751221
0.389404,-0.149658,1.041138
-0.215210,-0.315796,0.719238
-0.229492,0.174927,0.962646
0.355957,-0.391968,0.926392
-0.574707,-0.005859,0.747559
0.354126,-0.121704,1.041382
-0.196899,-0.333008,0.717285
-0.272949,0.181885,0.941406
0.387207,-0.386597,0.944092
-0.572266,-0.015625,0.740601
0.319824,-0.094727,1.041748
-0.163452,-0.353271,0.724121
-0.331299,0.190796,0.920410
0.395630,-0.390137,0.934692
-0.568359,-0.028687,0.730957
0.282959,-0.068115,1.035889
-0.125732,-0.380371,0.726685
-0.376709,0.202637,0.896851
0.408813,-0.365234,0.947998
-0.554565,-0.036865,0.714844
0.247559,-0.041504,1.031616
-0.093750,-0.392456,0.739868
-0.417603,0.202637,0.888184
0.419312,-0.360596,0.943970
-0.550049,-0.065430,0.708252
0.207642,-0.012451,1.026367
-0.056152,-0.390137,0.766479
-0.459106,0.206055,0.874146
0.424683,-0.340454,0.955078
-0.533691,-0.081665,0.709717
0.165649,0.011719,1.020264
-0.015869,-0.399658,0.771729
-0.493652,0.215698,0.862793
0.435059,-0.324463,0.959717
-0.511353,-0.109985,0.708008
0.135864,0.046265,1.027222
0.013428,-0.395386,0.786621
-0.510864,0.207886,0.850342
0.438843,-0.308105,0.971436
-0.485352,-0.112305,0.717041
0.107788,0.071777,1.021973
0.052002,-0.404419,0.789795
-0.527954,0.217163,0.851807
0.444702,-0.297485,0.974854
-0.461548,-0.123047,0.733398
0.084351,0.078979,1.019043
0.081421,-0.410767,0.800171
-0.549927,0.214478,0.832275
0.442261,-0.286499,0.978760
-0.423218,-0.152100,0.740723
0.050537,0.104004,1.020630
0.106201,-0.408569,0.815796
-0.562988,0.201416,0.824097
0.446899,-0.273804,0.975342
-0.390625,-0.155762,0.739136
0.027710,0.114258,1.016724
0.145752,-0.403442,0.827881
-0.571045,0.199463,0.819092
0.434570,-0.261230,0.982422
-0.361694,-0.188599,0.736450
0.004883,0.124268,1.005859
0.170776,-0.407349,0.831665
-0.580444,0.192993,0.812500
0.438965,-0.239014,0.989868
-0.336304,-0.242432,0.718994
-0.020508,0.133301,0.993042
0.199463,-0.412842,0.845825
-0.597046,0.185425,0.803711
0.447021,-0.233154,0.991821
-0.303345,-0.224365,0.742432
-0.050293,0.146118,0.978882
0.225342,-0.411865,0.855347
-0.592529,0.184570,0.788574
0.441284,-0.202271,0.999634
-0.273560,-0.251709,0.728882
-0.074585,0.152100,0.980103
0.250000,-0.406128,0.862061
-0.591431,0.166992,0.789551
0.432983,-0.181641,1.001343
-0.245239,-0.255127,0.731689
-0.108521,0.170288,0.958740
0.277466,-0.402710,0.878418
-0.590576,0.161011,0.777344
0.419434,-0.152832,1.004028
-0.221680,-0.282349,0.721802
-0.142944,0.167603,0.951172
0.301025,-0.406616,0.880005
-0.583740,0.138306,0.777100
0.412231,-0.134766,1.017334
-0.195190,-0.302612,0.730103
-0.183105,0.176514,0.942871
0.331421,-0.426025,0.886108
-0.587402,0.119873,0.767822
0.399170,-0.115112,1.019165
-0.159424,-0.304932,0.735352
-0.212646,0.177368,0.916870
0.353271,-0.412476,0.890503
-0.586060,0.086060,0.754639
0.375854,-0.088989,1.025146
-0.132324,-0.348755,0.726685
-0.256348,0.187378,0.906860
0.377319,-0.411255,0.902466
-0.580933,0.075195,0.753296
0.351807,-0.056152,1.018921
-0.096313,-0.353394,0.735229
-0.297241,0.192749,0.880859
0.399780,-0.392578,0.910645
-0.564575,0.033691,0.729858
0.322510,-0.041138,1.015381
-0.065063,-0.382080,0.729370
-0.334106,0.191895,0.873291
0.412598,-0.382080,0.916870
-0.549927,-0.011475,0.734009
0.289062,-0.020996,1.011353
-0.034302,-0.380005,0.744751
-0.381104,0.214355,0.867432
0.425903,-0.362915,0.929321
-0.538208,-0.056885,0.720215
0.238647,0.003418,1.005981
-0.000732,-0.381348,0.760010
-0.422974,0.213989,0.850708
0.439453,-0.342407,0.940796
-0.505981,-0.104370,0.731934
0.182129,0.026733,1.010864
0.033936,-0.389282,0.782837
-0.465698,0.209351,0.837646
0.448486,-0.307373,0.952026
-0.468140,-0.120728,0.739990
0.138794,0.055298,1.012939
0.084839,-0.396729,0.794922
-0.494019,0.217529,0.823608
0.453491,-0.265747,0.966064
-0.425781,-0.155640,0.742676
0.085205,0.080078,1.008057
0.130371,-0.402588,0.816284
-0.528076,0.200439,0.806519
0.447754,-0.237183,0.978882
-0.361328,-0.205322,0.740845
0.020264,0.114014,1.002319
0.193359,-0.424438,0.840698
-0.557617,0.171997,0.783691
0.447144,-0.207397,0.994507
-0.286499,-0.196289,0.761475
-0.173462,0.170166,0.937378
0.327881,-0.400513,0.887207
-0.593384,0.122803,0.767090
0.396240,-0.117676,1.013794
-0.142334,-0.328491,0.733521
-0.246338,0.186646,0.905396
0.368896,-0.390137,0.901978
-0.571777,0.082153,0.755859
0.359131,-0.079346,1.021240
-0.099365,-0.354736,0.736694
-0.311646,0.186646,0.879883
0.395752,-0.364624,0.919800
-0.555054,0.013672,0.741943
0.302124,-0.041382,1.010864
-0.059326,-0.377563,0.736328
-0.359741,0.198975,0.860352
0.416382,-0.348633,0.936035
-0.536377,-0.048462,0.709351
0.232910,-0.002441,1.005737
-0.003174,-0.381470,0.763306
-0.419189,0.211670,0.855103
0.428955,-0.326294,0.949585
-0.504395,-0.093506,0.721924
0.166382,0.044922,1.015991
0.043701,-0.392456,0.779663
-0.470215,0.217651,0.840576
0.450439,-0.293091,0.964722
-0.451294,-0.140381,0.735718
0.106689,0.080200,1.019897
0.108032,-0.399048,0.808838
-0.515991,0.209595,0.827271
0.453369,-0.257324,0.973877
-0.385132,-0.163818,0.750244
0.034546,0.113770,1.002563
0.171021,-0.400635,0.833252
-0.548828,0.197754,0.801270
0.453735,-0.226562,0.991455
-0.304077,-0.225708,0.746216
-0.037964,0.144287,0.987549
0.235962,-0.410522,0.856567
-0.560669,0.150391,0.780151
0.450195,-0.205200,1.004028
-0.217773,-0.261719,0.769897
-0.116455,0.171997,0.957397
0.288330,-0.418945,0.865601
-0.565430,0.120728,0.773926
0.439331,-0.158447,1.028442
-0.147827,-0.297485,0.765747
-0.180542,0.171997,0.924683
0.332031,-0.416260,0.870605
-0.564209,0.102417,0.778198
0.402832,-0.100708,1.028442
-0.076294,-0.342773,0.770142
-0.249756,0.173340,0.904175
0.369995,-0.406250,0.895508
-0.555298,0.035034,0.753540
0.352661,-0.075195,1.018188
-0.028442,-0.377563,0.763672
-0.315674,0.175293,0.864502
0.401978,-0.395020,0.910278
-0.542847,-0.042969,0.714355
0.285156,-0.033203,1.015137
0.012817,-0.401489,0.763062
-0.382812,0.170898,0.846069
0.439819,-0.370361,0.934448
-0.512573,-0.086548,0.723022
0.206177,0.001221,0.998413
0.062256,-0.411011,0.772827
-0.432251,0.178589,0.829346
0.453247,-0.332520,0.955444
-0.467163,-0.134644,0.734497
0.134888,0.044189,1.006592
0.107056,-0.412598,0.797485
-0.473145,0.159912,0.810425
0.463257,-0.291016,0.974365
-0.402100,-0.178101,0.744263
0.059448,0.095825,1.006714
0.169189,-0.427002,0.825928
-0.514893,0.132446,0.778320
0.469238,-0.264893,0.987549
-0.321045,-0.209839,0.763184
-0.030029,0.123901,0.990234
0.248169,-0.449097,0.850952
-0.535278,0.098877,0.754517
0.461182,-0.229614,1.008179
-0.238647,-0.210205,0.787964
-0.098389,0.147705,0.971924
0.300537,-0.453003,0.869751
-0.549927,0.083496,0.768433
0.435913,-0.168945,1.028809
-0.151855,-0.270508,0.793335
-0.168823,0.164307,0.956787
0.349487,-0.447998,0.887939
-0.544556,0.056641,0.772827
0.400513,-0.135742,1.022827
-0.075562,-0.324829,0.796265
-0.233643,0.157959,0.917358
0.390991,-0.435547,0.905518
-0.524048,-0.024414,0.746948
0.344482,-0.094116,1.016846
-0.007568,-0.376953,0.792480
-0.302979,0.151001,0.885376
0.433228,-0.412476,0.939941
-0.496948,-0.088867,0.747314
0.277954,-0.043945,1.016479
0.054443,-0.406128,0.790161
-0.362183,0.147827,0.858032
0.463623,-0.388794,0.954224
-0.469604,-0.141968,0.744385
0.199463,-0.006348,1.008789
0.098633,-0.434326,0.798462
-0.416748,0.140503,0.831177
0.479492,-0.348145,0.980347
-0.419434,-0.180298,0.738647
0.130981,0.046387,1.021851
0.146362,-0.431641,0.818848
-0.460205,0.111450,0.798340
0.479980,-0.316284,0.992432
-0.358521,-0.221436,0.752075
0.044678,0.092651,1.014404
0.236816,-0.456543,0.853638
-0.491333,0.089844,0.780029
0.479492,-0.283569,1.007324
-0.288208,-0.243042,0.771240
-0.036133,0.127563,1.006226
0.300781,-0.465210,0.879639
-0.508423,0.073120,0.771362
0.455200,-0.227295,1.019165
-0.207642,-0.252686,0.801514
-0.099976,0.151489,0.994141
0.356201,-0.454712,0.915039
-0.516602,0.064331,0.782959
0.429810,-0.171021,1.041260
-0.116577,-0.301270,0.813232
-0.171631,0.149658,0.979858
0.406128,-0.437500,0.947510
-0.498047,0.003540,0.780273
0.384888,-0.116699,1.043823
-0.023071,-0.376587,0.809937
-0.242798,0.173218,0.951416
0.461548,-0.415527,0.976074
-0.468872,-0.068481,0.764282
0.325317,-0.071899,1.047974
0.061035,-0.430298,0.814453
-0.305786,0.152466,0.907227
0.491943,-0.380371,0.990112
-0.425781,-0.129883,0.774536
0.253052,-0.011841,1.047241
0.112793,-0.430908,0.828003
-0.371460,0.142822,0.879639
0.506104,-0.345459,1.012085
-0.382446,-0.188354,0.769043
0.176880,0.037598,1.050659
0.173462,-0.424805,0.858643
-0.416626,0.114868,0.845215
0.513672,-0.311035,1.029785
-0.331055,-0.220459,0.773926
0.090576,0.085815,1.035645
0.267822,-0.449829,0.894653
-0.450562,0.061523,0.800781
0.498047,-0.266846,1.042358
-0.261108,-0.235352,0.805420
0.012695,0.130005,1.041504
0.342041,-0.454712,0.931885
-0.477051,0.055298,0.788330
0.472168,-0.198120,1.067383
-0.179443,-0.257080,0.819824
-0.065430,0.158203,1.032471
0.402710,-0.424683,0.974365
-0.479614,0.027588,0.804932
0.450806,-0.144287,1.078247
-0.071289,-0.309448,0.842041
-0.154907,0.178345,1.020386
0.455444,-0.415649,0.998657
-0.453613,-0.035400,0.800903
0.398560,-0.095215,1.090088
0.046021,-0.380493,0.860718
-0.232300,0.189331,0.988403
0.505127,-0.381592,1.027588
-0.415405,-0.096436,0.796021
0.331299,-0.037354,1.089355
0.098877,-0.386353,0.869751
-0.295166,0.174683,0.964355
0.531006,-0.335693,1.056152
-0.375488,-0.165527,0.792480
0.244751,0.031494,1.089844
0.175171,-0.400391,0.894653
-0.360229,0.138306,0.899292
0.556519,-0.300903,1.081421
-0.317993,-0.206543,0.798096
0.157715,0.077271,1.077393
0.272217,-0.441772,0.923096
-0.399536,0.074829,0.848633
0.550537,-0.245605,1.093750
-0.247070,-0.229614,0.819214
0.066895,0.131592,1.076782
0.356689,-0.440186,0.962769
-0.437500,0.065796,0.823120
0.519531,-0.184937,1.110107
-0.164917,-0.245483,0.848755
-0.016602,0.169800,1.081543
0.422974,-0.414673,1.007080
-0.449463,0.036743,0.838257
0.484985,-0.121338,1.116455
-0.055298,-0.294434,0.870239
-0.091309,0.188965,1.072632
0.474731,-0.404663,1.034180
-0.440674,-0.014893,0.827881
0.438232,-0.077026,1.132812
0.049927,-0.342896,0.891357
-0.170044,0.185547,1.043945
0.515015,-0.354370,1.074219
-0.413452,-0.080811,0.811157
0.376099,-0.010132,1.132324
0.089478,-0.343018,0.906372
-0.265503,0.208252,1.012207
0.556274,-0.309937,1.111572
-0.362549,-0.152222,0.816528
0.301270,0.030029,1.136719
0.175171,-0.382324,0.919922
-0.318726,0.148682,0.947754
0.588135,-0.263428,1.131348
-0.301025,-0.225830,0.812378
0.178467,0.097534,1.109375
0.286499,-0.423462,0.944336
-0.372070,0.098145,0.876587
0.574097,-0.230957,1.126099
-0.222046,-0.257446,0.837402
0.084229,0.134521,1.101196
0.369141,-0.412598,0.988037
-0.411255,0.078979,0.865356
0.549805,-0.162842,1.146118
-0.138184,-0.263306,0.863281
-0.011963,0.178345,1.098877
0.429443,-0.385498,1.027588
-0.420532,0.025879,0.856689
0.522461,-0.102295,1.160645
-0.004150,-0.309448,0.899658
-0.111938,0.199097,1.073853
0.478882,-0.353271,1.061401
-0.412354,-0.044312,0.836914
0.451416,-0.028320,1.163208
0.035278,-0.326660,0.897461
-0.200439,0.218140,1.060669
0.537476,-0.308716,1.106812
-0.387817,-0.126465,0.816528
0.366699,0.020020,1.158691
0.119629,-0.356445,0.925049
-0.283569,0.176392,0.990112
0.577515,-0.268677,1.140869
-0.321655,-0.202393,0.821411
0.243774,0.082031,1.139526
0.232544,-0.406860,0.937378
-0.347656,0.122681,0.915894
0.583374,-0.233276,1.137451
-0.249878,-0.245728,0.841064
0.124756,0.129150,1.121704
0.328979,-0.410767,0.980225
-0.404297,0.096802,0.887085
0.569336,-0.173218,1.161255
-0.168213,-0.267700,0.860962
0.020630,0.174438,1.117310
0.402588,-0.381470,1.011475
-0.428101,0.032837,0.854736
0.533691,-0.112427,1.167969
-0.022339,-0.330078,0.877563
-0.091553,0.195312,1.086792
0.454468,-0.344360,1.053467
-0.426392,-0.032104,0.840820
0.473755,-0.067871,1.179199
-0.003540,-0.324829,0.869385
-0.202026,0.212646,1.051025
0.522095,-0.308472,1.097412
-0.394775,-0.119751,0.817627
0.372803,0.008179,1.160400
0.101562,-0.359131,0.903931
-0.296509,0.174561,0.972656
0.551880,-0.268433,1.119507
-0.315430,-0.211426,0.824219
0.234619,0.070312,1.138916
0.228394,-0.389160,0.936035
-0.390015,0.127197,0.898071
0.557373,-0.219604,1.129395
-0.241089,-0.256470,0.835571
0.098267,0.125854,1.113403
0.335083,-0.391113,0.978760
-0.437256,0.063477,0.857422
0.530640,-0.152954,1.142334
-0.115356,-0.311035,0.848755
-0.033447,0.150391,1.073853
0.395020,-0.354126,1.013184
-0.439697,-0.016357,0.828247
0.480591,-0.082397,1.166016
-0.061035,-0.325928,0.831787
-0.161377,0.172852,1.041626
0.459961,-0.324219,1.053223
-0.434570,-0.098022,0.801147
0.397461,-0.019531,1.160278
0.009888,-0.322510,0.865234
-0.287964,0.180054,0.984741
0.529907,-0.309448,1.096436
-0.375732,-0.206055,0.789062
0.271973,0.040771,1.142700
0.126099,-0.369995,0.879028
-0.378540,0.151489,0.907349
0.552246,-0.280273,1.099487
-0.304321,-0.269043,0.806396
0.128906,0.084229,1.098877
0.248169,-0.370239,0.927612
-0.439697,0.082886,0.855713
0.533447,-0.200317,1.115601
-0.191162,-0.320190,0.819458
-0.003296,0.114990,1.064209
0.324341,-0.368652,0.949463
-0.462402,0.013672,0.815308
0.495972,-0.135254,1.133423
-0.116943,-0.305786,0.812622
-0.138794,0.159302,1.037476
0.397461,-0.356079,0.991699
-0.468384,-0.055420,0.794067
0.419067,-0.078613,1.134033
-0.083984,-0.284180,0.828735
-0.263794,0.183716,0.997559
0.471802,-0.320923,1.048828
-0.439575,-0.143555,0.756836
0.300781,-0.001343,1.117554
0.018555,-0.331177,0.831665
-0.353394,0.156128,0.924683
0.497314,-0.300171,1.067261
-0.394043,-0.214966,0.752563
0.182983,0.042603,1.094482
0.135010,-0.381104,0.872559
-0.443359,0.132446,0.873413
0.513306,-0.251831,1.075684
-0.345947,-0.260498,0.762207
0.055542,0.093018,1.068970
0.229004,-0.386719,0.905640
-0.489014,0.071777,0.828003
0.495605,-0.212402,1.083252
-0.218384,-0.285278,0.786865
-0.047852,0.120361,1.031006
0.292725,-0.381104,0.923584
-0.502319,0.011841,0.785034
0.453369,-0.174438,1.087891
-0.168579,-0.304932,0.776611
-0.177124,0.161011,1.000122
0.370972,-0.361938,0.956787
-0.517090,-0.043091,0.763794
0.387329,-0.113525,1.090698
-0.123901,-0.314453,0.787720
-0.284790,0.187866,0.967407
0.423706,-0.321655,1.005371
-0.501221,-0.125854,0.723267
0.287964,-0.051758,1.080811
-0.034302,-0.361206,0.797485
-0.386475,0.172485,0.906738
0.449219,-0.294556,1.023315
-0.457764,-0.169312,0.735352
0.169556,0.025146,1.062622
0.073975,-0.396729,0.839722
-0.471313,0.152222,0.852661
0.464722,-0.258789,1.044312
-0.400513,-0.202515,0.747925
0.053711,0.077148,1.047363
0.169189,-0.407959,0.855957
-0.520386,0.102051,0.817505
0.460938,-0.244751,1.034668
-0.285278,-0.266846,0.751953
-0.056274,0.110718,1.005615
0.255249,-0.391113,0.892212
-0.552002,0.055420,0.774780
0.430176,-0.199463,1.043579
-0.216431,-0.307373,0.737915
-0.183960,0.146484,0.981323
0.326294,-0.375366,0.925537
-0.556519,-0.013306,0.752319
0.364502,-0.124634,1.057495
-0.160522,-0.322876,0.754028
-0.310791,0.172852,0.929810
0.392700,-0.357056,0.960815
-0.540771,-0.074951,0.720947
0.270264,-0.047241,1.053955
-0.083130,-0.361206,0.764038
-0.412964,0.182495,0.893677
0.422852,-0.311401,0.984497
-0.491455,-0.142212,0.714233
0.147339,0.033569,1.034180
0.026489,-0.385620,0.810791
-0.501099,0.169434,0.846924
0.442261,-0.278564,1.002686
-0.408569,-0.210815,0.731445
0.038940,0.090820,1.020874
0.136719,-0.397583,0.834473
-0.556763,0.128662,0.809814
0.439941,-0.240356,1.013184
-0.297119,-0.286621,0.725464
-0.071289,0.124756,0.989868
0.241455,-0.390747,0.868042
-0.583252,0.083618,0.773804
0.404785,-0.187256,1.024780
-0.214355,-0.325806,0.720825
-0.212036,0.155029,0.955322
0.321289,-0.379639,0.910889
-0.582153,0.014038,0.743774
0.336548,-0.109863,1.030762
-0.154419,-0.347168,0.723633
-0.338745,0.183960,0.904175
0.378784,-0.352051,0.931763
-0.546021,-0.055542,0.714233
0.235352,-0.029907,1.029175
-0.075195,-0.376587,0.758179
-0.453735,0.198608,0.875488
0.422241,-0.321655,0.966309
-0.494263,-0.137573,0.707520
0.106079,0.063599,1.022339
0.049072,-0.379150,0.804199
-0.532837,0.196899,0.850586
0.434814,-0.271606,0.985718
-0.376465,-0.215454,0.735229
0.003418,0.115601,1.003296
0.172485,-0.406860,0.842285
-0.580566,0.150879,0.799316
0.417725,-0.213379,0.996094
-0.264771,-0.266602,0.722534
-0.111206,0.151123,0.979126
0.278931,-0.401733,0.872070
-0.596924,0.094360,0.764404
0.386108,-0.151245,1.008789
-0.189575,-0.335693,0.714355
-0.238159,0.173828,0.928711
0.346191,-0.377686,0.905273
-0.580688,0.027100,0.731079
0.312256,-0.091797,1.012573
-0.129150,-0.367188,0.716919
-0.352417,0.196533,0.891846
0.391724,-0.341431,0.934326
-0.545288,-0.056641,0.707031
0.211182,-0.021240,1.001953
-0.056641,-0.393066,0.753662
-0.450928,0.214478,0.868286
0.421387,-0.300171,0.964722
-0.494385,-0.107178,0.718506
0.106323,0.067139,1.009644
0.040771,-0.392212,0.794556
-0.527954,0.217041,0.838135
0.436401,-0.243286,0.990845
-0.391968,-0.168701,0.737671
0.026733,0.114990,1.015625
0.158325,-0.407593,0.832642
-0.586060,0.194214,0.801636
0.433472,-0.207886,0.989014
-0.285156,-0.247192,0.732422
-0.067749,0.159790,0.987305
0.253174,-0.400635,0.869629
-0.604370,0.156982,0.781616
0.417480,-0.176392,1.005005
-0.201294,-0.303833,0.734375
-0.167969,0.176880,0.955444
0.327881,-0.390503,0.897095
-0.589966,0.098755,0.761597
0.377441,-0.122437,1.014893
-0.147705,-0.352661,0.713379
-0.271240,0.189453,0.902100
0.385010,-0.377197,0.920654
-0.560791,0.030151,0.746094
0.302002,-0.046631,1.012207
-0.091431,-0.377686,0.715942
-0.362183,0.191040,0.863525
0.420288,-0.334961,0.935425
-0.528076,-0.050659,0.724365
0.211914,0.000732,0.998047
-0.028809,-0.396240,0.746582
-0.442993,0.205688,0.850342
0.437744,-0.292358,0.965210
-0.460205,-0.106689,0.748047
0.128662,0.061157,1.013062
0.047241,-0.383667,0.787964
-0.513062,0.221191,0.829956
0.441650,-0.254150,0.971680
-0.376709,-0.167847,0.761841
0.052368,0.112671,1.022217
0.128296,-0.398804,0.813599
-0.564331,0.185181,0.785034
0.449707,-0.218628,0.986938
-0.286499,-0.211426,0.759888
-0.039917,0.158691,1.001343
0.228516,-0.401001,0.852539
-0.589844,0.157837,0.765015
0.434448,-0.179443,0.999878
-0.185547,-0.283691,0.747314
-0.129761,0.181519,0.962036
0.320312,-0.406128,0.883423
-0.592407,0.125244,0.753174
0.397461,-0.126953,1.002563
-0.114014,-0.332397,0.748901
-0.223267,0.187500,0.929077
0.388184,-0.386841,0.918579
-0.572632,0.056763,0.752686
0.320068,-0.060181,0.994385
-0.059326,-0.379150,0.726318
-0.320435,0.181641,0.868042
0.430786,-0.364136,0.938843
-0.537109,-0.050903,0.718384
0.226562,-0.002441,0.987549
0.004761,-0.393311,0.749512
-0.409546,0.187866,0.842896
0.456177,-0.324951,0.958130
-0.468384,-0.106079,0.742432
0.123901,0.065552,1.003540
0.065308,-0.388916,0.778931
-0.486572,0.174194,0.816040
0.455811,-0.275757,0.975342
-0.387817,-0.157227,0.763672
0.040527,0.106323,1.002930
0.161255,-0.402710,0.823242
-0.548096,0.157349,0.771973
0.451904,-0.215454,0.994629
-0.254150,-0.220581,0.773682
-0.061768,0.158691,0.993042
0.256836,-0.412598,0.875000
-0.563965,0.093384,0.762085
0.428101,-0.176147,1.000000
-0.141235,-0.293823,0.772827
-0.167114,0.177124,0.946411
0.343140,-0.407349,0.899414
-0.557495,0.057373,0.754028
0.372803,-0.109131,1.007812
-0.053711,-0.385010,0.757935
-0.271484,0.177246,0.901367
0.417969,-0.380249,0.932251
-0.530273,-0.042236,0.731689
0.274048,-0.050049,0.991455
0.008789,-0.432007,0.747925
-0.365112,0.159424,0.846924
0.457886,-0.343384,0.957520
-0.476929,-0.106812,0.738403
0.163696,0.030884,1.006104
0.065308,-0.434692,0.763672
-0.453857,0.143066,0.805908
0.473389,-0.318726,0.978760
-0.400269,-0.145996,0.760132
0.062012,0.083984,1.000122
0.153198,-0.433838,0.805908
-0.522583,0.115234,0.770020
0.476318,-0.267456,1.000000
-0.283447,-0.209961,0.783691
-0.038330,0.155884,1.009644
0.248901,-0.437378,0.858521
-0.550903,0.076538,0.756592
0.442993,-0.223145,1.006470
-0.160767,-0.285034,0.790894
-0.139893,0.170166,0.968506
0.328247,-0.419678,0.898193
-0.546875,0.051758,0.760864
0.388062,-0.146484,1.012939
-0.052124,-0.382080,0.785767
-0.227905,0.167236,0.926392
0.398438,-0.420044,0.922119
-0.524048,-0.028931,0.744141
0.314209,-0.071411,1.011719
0.027222,-0.440186,0.770386
-0.327515,0.151367,0.879150
0.456909,-0.388794,0.947388
-0.486572,-0.109497,0.729858
0.217651,-0.006226,1.007812
0.075806,-0.447998,0.771851
-0.404663,0.131836,0.832764
0.486328,-0.362061,0.979248
-0.427002,-0.168213,0.739380
0.114380,0.048218,1.005127
0.138672,-0.441406,0.804810
-0.474731,0.109009,0.798218
0.493408,-0.312012,0.996826
-0.333496,-0.206787,0.779541
0.010864,0.107544,0.995728
0.236206,-0.458496,0.846191
-0.504761,0.061523,0.752930
0.468384,-0.264282,1.013916
-0.223511,-0.254883,0.812500
-0.076050,0.154541,1.002197
0.318726,-0.430420,0.905029
-0.526855,0.060547,0.771118
0.422607,-0.183105,1.028687
-0.103271,-0.333374,0.807495
-0.162964,0.165039,0.978760
0.395020,-0.425293,0.938354
-0.512939,0.006470,0.763916
0.361816,-0.111206,1.028809
0.000122,-0.395020,0.808228
-0.246216,0.154663,0.935059
0.448853,-0.400879,0.967896
-0.468750,-0.092896,0.759277
0.282593,-0.041138,1.031616
0.068848,-0.445190,0.797607
-0.321167,0.131836,0.887085
0.492310,-0.367065,1.007812
-0.433105,-0.140869,0.765503
0.205322,0.004028,1.033936
0.116699,-0.443359,0.818604
-0.394897,0.114014,0.858643
0.510986,-0.337646,1.025391
-0.371704,-0.189331,0.769897
0.110107,0.074951,1.042236
0.218384,-0.474854,0.840942
-0.450806,0.068359,0.801880
0.516357,-0.304810,1.037476
-0.291260,-0.216675,0.787720
0.027954,0.118408,1.036865
0.295288,-0.454102,0.892212
-0.487793,0.062622,0.781616
0.488647,-0.253418,1.048340
-0.199707,-0.249023,0.820679
-0.052002,0.162964,1.034424
0.365356,-0.435913,0.940308
-0.498169,0.046753,0.797363
0.448730,-0.171631,1.060425
-0.097656,-0.299438,0.842285
-0.127319,0.167847,1.022095
0.426758,-0.418091,0.973877
-0.478516,-0.017456,0.789429
0.396118,-0.100098,1.070435
0.023315,-0.374634,0.848633
-0.210327,0.177490,0.989380
0.483765,-0.389282,1.017456
-0.442505,-0.087524,0.781738
0.332520,-0.050415,1.076172
0.093384,-0.411011,0.847778
-0.282837,0.160278,0.955933
0.525024,-0.338257,1.054810
-0.399292,-0.149048,0.780884
0.244873,0.015625,1.071045
0.147949,-0.422119,0.867920
-0.471558,0.066040,0.782104
0.500488,-0.314575,1.018555
-0.343384,-0.183716,0.792725
-0.000244,0.125977,1.027954
0.293823,-0.467407,0.885864
-0.509766,0.061523,0.775146
0.466553,-0.255249,1.026733
-0.197388,-0.254395,0.812378
-0.077637,0.164429,1.020142
0.355347,-0.444702,0.922607
-0.511963,0.057495,0.790527
0.435303,-0.185547,1.043335
-0.092896,-0.312134,0.819580
-0.153442,0.161377,0.993530
0.410278,-0.417236,0.959961
-0.492676,-0.009521,0.777222
0.383911,-0.106689,1.049438
0.005981,-0.387817,0.822388
-0.224487,0.161255,0.959106
0.462158,-0.393311,0.992188
-0.468018,-0.080200,0.764526
0.324707,-0.063354,1.050049
0.074463,-0.424194,0.829834
-0.286499,0.154785,0.933716
0.498779,-0.362305,1.017456
-0.425781,-0.144653,0.774292
0.253174,-0.011108,1.049805
0.111938,-0.425903,0.840332
-0.350220,0.142090,0.895142
0.522461,-0.330078,1.040527
-0.379150,-0.183960,0.775879
0.180176,0.043091,1.062988
0.192139,-0.437012,0.864624
-0.390503,0.109009,0.858276
0.536499,-0.306152,1.056641
-0.326172,-0.213135,0.780151
0.102905,0.094238,1.055786
0.270752,-0.465576,0.890137
-0.431519,0.071533,0.822144
0.526611,-0.263184,1.060913
-0.257080,-0.234619,0.805420
0.037598,0.123291,1.055298
0.337524,-0.448730,0.936035
-0.455078,0.070557,0.817383
0.502441,-0.212524,1.078491
-0.184326,-0.241455,0.843018
-0.025879,0.157349,1.061768
0.395386,-0.438110,0.976318
-0.480957,0.053589,0.823853
0.486084,-0.159180,1.097412
-0.098389,-0.258545,0.866211
-0.088257,0.174194,1.054321
0.436646,-0.418579,1.003906
-0.458374,-0.014771,0.814453
0.445312,-0.114380,1.101196
-0.000732,-0.329346,0.869751
-0.154663,0.186646,1.038940
0.493652,-0.387207,1.043945
-0.444946,-0.057861,0.808838
0.400391,-0.065674,1.115234
0.061523,-0.364868,0.882568
-0.210449,0.175781,1.004517
0.527588,-0.344727,1.062134
-0.411011,-0.113525,0.803589
0.343994,-0.019531,1.112305
0.096436,-0.368652,0.890381
-0.280884,0.189331,0.993286
0.560059,-0.313599,1.093994
-0.369629,-0.159668,0.811157
0.284180,0.021851,1.118896
0.169312,-0.401245,0.906006
-0.329346,0.167725,0.940430
0.578247,-0.287476,1.111938
-0.324219,-0.200562,0.809692
0.206299,0.075928,1.112061
0.243652,-0.427612,0.934814
-0.360718,0.106689,0.892090
0.579102,-0.262817,1.113037
-0.265381,-0.237061,0.824707
0.143921,0.120361,1.112671
0.315674,-0.440552,0.954102
-0.398193,0.090454,0.873047
0.561768,-0.217896,1.131470
-0.215942,-0.246094,0.850830
0.084961,0.137817,1.111206
0.371582,-0.427124,0.989868
-0.432617,0.095459,0.865601
0.550293,-0.170166,1.144287
-0.153687,-0.242920,0.873535
0.015625,0.175537,1.107422
0.413940,-0.409302,1.015747
-0.446289,0.059448,0.849243
0.532104,-0.134888,1.145752
-0.069824,-0.267456,0.896973
-0.059937,0.196167,1.097534
0.454468,-0.388672,1.040649
-0.429810,0.013062,0.844116
0.490601,-0.092163,1.152832
0.015259,-0.310303,0.904663
-0.111816,0.200806,1.081665
0.490479,-0.359985,1.066772
-0.428833,-0.029297,0.840332
0.447510,-0.040894,1.167969
0.029053,-0.330811,0.886841
-0.171021,0.205322,1.066406
0.530640,-0.333496,1.100098
-0.413940,-0.069214,0.823730
0.399048,0.008911,1.169556
0.078857,-0.338623,0.908936
-0.239868,0.219116,1.035767
0.569092,-0.303101,1.122070
-0.377686,-0.135010,0.824707
0.337402,0.033447,1.156738
0.138794,-0.353516,0.918457
-0.292480,0.172119,0.975464
0.594238,-0.287476,1.134888
-0.337646,-0.207520,0.814575
0.252319,0.068848,1.149048
0.215088,-0.402344,0.930054
-0.335693,0.128906,0.925049
0.587891,-0.267944,1.130981
-0.284424,-0.235962,0.829834
0.178101,0.109253,1.132690
0.282471,-0.412964,0.954590
-0.393677,0.119263,0.895142
0.582031,-0.227417,1.131104
-0.220581,-0.250122,0.849731
0.095703,0.137085,1.120361
0.333740,-0.411499,0.971191
-0.421997,0.087646,0.868286
0.552368,-0.185669,1.137939
-0.176514,-0.273438,0.862183
0.031738,0.152100,1.109375
0.376221,-0.391235,0.998291
-0.437500,0.060547,0.859863
0.534912,-0.142456,1.154907
-0.082275,-0.327637,0.863525
-0.033081,0.164062,1.101562
0.406738,-0.370483,1.001343
-0.454834,0.025513,0.846924
0.506226,-0.116821,1.154419
-0.066650,-0.311401,0.856079
-0.098877,0.183105,1.072144
0.443481,-0.345703,1.036255
-0.464600,-0.019531,0.822021
0.463013,-0.075928,1.163818
-0.039551,-0.319824,0.849121
-0.169067,0.207031,1.057251
0.482544,-0.327759,1.057495
-0.453491,-0.057129,0.813965
0.414551,-0.040649,1.158325
-0.011597,-0.339478,0.860107
-0.229614,0.184204,1.020630
0.512085,-0.317627,1.083252
-0.432251,-0.099243,0.795166
0.354492,-0.009521,1.146973
0.034668,-0.347778,0.854858
-0.286499,0.167480,0.972290
0.536499,-0.303101,1.090454
-0.403931,-0.160278,0.783325
0.278442,0.021729,1.135620
0.093872,-0.368042,0.876587
-0.341187,0.156982,0.934692
0.535278,-0.277588,1.093994
-0.365112,-0.213501,0.780884
0.216064,0.046021,1.116943
0.148071,-0.389893,0.891602
-0.394409,0.129150,0.893188
0.528687,-0.256470,1.094360
-0.334961,-0.236816,0.784180
0.146973,0.076294,1.089478
0.195068,-0.396973,0.901855
-0.426636,0.113892,0.867676
0.526367,-0.231567,1.095337
-0.310059,-0.260132,0.789429
0.074829,0.099243,1.081543
0.250122,-0.398315,0.908936
-0.463745,0.091675,0.838379
0.504639,-0.208984,1.092285
-0.239624,-0.286011,0.796509
0.008057,0.114502,1.067017
0.289917,-0.397461,0.921387
-0.491821,0.065063,0.814697
0.488525,-0.194336,1.087402
-0.192383,-0.299805,0.794922
-0.058838,0.133911,1.042603
0.327148,-0.389038,0.938965
-0.514404,0.037476,0.793457
0.458374,-0.161011,1.096924
-0.171143,-0.322021,0.772583
-0.130859,0.164429,1.036987
0.371948,-0.395142,0.958374
-0.522583,0.000977,0.770996
0.421509,-0.121704,1.097534
-0.146973,-0.305054,0.781982
-0.199219,0.177490,1.015869
0.407349,-0.374390,0.979492
-0.525269,-0.023560,0.761475
0.371704,-0.088379,1.092163
-0.120605,-0.316406,0.786255
-0.275513,0.176147,0.972900
0.428101,-0.361694,0.994507
-0.508911,-0.062378,0.745605
0.322021,-0.048584,1.086792
-0.073853,-0.324829,0.795166
-0.342285,0.173584,0.928101
0.447266,-0.348145,1.003662
-0.497437,-0.120117,0.729736
0.255371,-0.010864,1.077148
-0.012207,-0.361084,0.813843
-0.414673,0.177979,0.905884
0.453003,-0.319092,1.015747
-0.467041,-0.164917,0.729126
0.178467,0.022949,1.059448
0.050293,-0.371094,0.823608
-0.471680,0.157837,0.872192
0.463135,-0.302246,1.027466
-0.439697,-0.194336,0.736328
0.095459,0.068115,1.037598
0.110107,-0.375366,0.844971
-0.516113,0.131592,0.832275
0.463745,-0.273438,1.032837
-0.355103,-0.252441,0.754150
0.019165,0.093628,1.029541
0.171997,-0.399902,0.852173
-0.544556,0.100708,0.800415
0.452393,-0.242310,1.028809
-0.282349,-0.286865,0.753662
-0.058838,0.121948,0.998291
0.234985,-0.410767,0.860840
-0.559204,0.067749,0.763306
0.424072,-0.200684,1.035400
-0.235474,-0.316528,0.722778
-0.144531,0.149536,0.984009
0.291260,-0.405518,0.883423
-0.575928,0.045166,0.754639
0.393799,-0.161255,1.037354
-0.188721,-0.332031,0.734863
-0.230347,0.167725,0.953735
0.338867,-0.378784,0.921753
-0.578735,0.000366,0.726562
0.341919,-0.115601,1.028198
-0.144775,-0.356812,0.729004
-0.318481,0.188721,0.923950
0.387329,-0.364136,0.940063
-0.567383,-0.048828,0.709229
0.265747,-0.049683,1.036621
-0.094482,-0.383423,0.746094
-0.411621,0.207397,0.900391
0.416382,-0.342041,0.958618
-0.544312,-0.079712,0.705933
0.179321,0.020752,1.029297
-0.017212,-0.383301,0.780762
-0.491455,0.217041,0.880737
0.435303,-0.313965,0.986206
-0.495361,-0.129395,0.716797
0.091431,0.072998,1.023315
0.067017,-0.392334,0.806519
-0.544678,0.194946,0.843994
0.442871,-0.276489,0.990967
-0.400879,-0.193848,0.730591
0.015137,0.123291,1.014160
0.147949,-0.404663,0.836670
-0.572876,0.155884,0.807373
0.441528,-0.243164,1.003418
-0.307739,-0.246582,0.730469
-0.068359,0.136963,0.988281
0.227295,-0.400879,0.853760
-0.590332,0.114014,0.781006
0.417603,-0.200073,1.010864
-0.228271,-0.299805,0.735229
-0.167847,0.156128,0.956909
0.302856,-0.383179,0.894775
-0.586792,0.073120,0.753296
0.371216,-0.149048,1.015137
-0.174316,-0.322754,0.723145
-0.251099,0.170044,0.916138
0.352417,-0.375000,0.908936
-0.578735,0.018677,0.727173
0.315063,-0.085571,1.014160
-0.118286,-0.371460,0.726685
-0.343140,0.202026,0.895142
0.391968,-0.349976,0.931885
-0.558350,-0.030884,0.705444
0.236328,-0.021851,1.006958
-0.058716,-0.383789,0.749634
-0.435669,0.224854,0.881470
0.417603,-0.319702,0.950317
-0.523560,-0.114014,0.695190
0.143066,0.045532,1.010742
0.015015,-0.400391,0.781494
-0.510376,0.238281,0.867432
0.440918,-0.279907,0.979492
-0.447510,-0.123657,0.737671
0.066772,0.111084,1.024048
0.106689,-0.418335,0.801270
-0.557129,0.209839,0.832886
0.436768,-0.236816,0.992188
-0.355591,-0.190308,0.736084
-0.001221,0.135864,1.008301
0.184082,-0.395630,0.840942
-0.585571,0.184814,0.806519
0.433716,-0.209595,0.994507
-0.263672,-0.238403,0.743286
-0.090088,0.160767,0.976318
0.261230,-0.384521,0.878174
-0.592285,0.132324,0.771118
0.417725,-0.168213,1.007324
-0.185059,-0.304688,0.736816
-0.183105,0.184692,0.936401
0.335571,-0.379272,0.899292
-0.588989,0.082886,0.751587
0.372803,-0.115479,1.017334
-0.127563,-0.355713,0.727905
-0.265625,0.191650,0.902222
0.380127,-0.364502,0.908813
-0.562256,0.028076,0.735229
0.310059,-0.058960,1.003662
-0.074219,-0.383057,0.724121
-0.342529,0.204224,0.878784
0.411987,-0.334595,0.930054
-0.540283,-0.051880,0.707275
0.232910,-0.024170,0.997437
-0.022461,-0.406250,0.746338
-0.421997,0.209473,0.850830
0.433105,-0.303223,0.953491
-0.490356,-0.070312,0.739380
0.149292,0.053345,1.020264
0.043701,-0.402222,0.780640
-0.490356,0.208984,0.834106
0.445557,-0.274902,0.965698
-0.426147,-0.117798,0.755371
0.081299,0.104004,1.017334
0.114868,-0.409546,0.807007
-0.537964,0.187134,0.810303
0.448120,-0.236084,0.985962
-0.346436,-0.178345,0.749146
0.012207,0.159180,1.019897
0.198975,-0.414795,0.840576
-0.574951,0.158325,0.781860
0.447998,-0.211304,0.992310
-0.257202,-0.215088,0.759155
-0.077271,0.199219,0.980347
0.278931,-0.411743,0.875610
-0.576782,0.122070,0.776733
0.432495,-0.180298,1.010132
-0.178589,-0.276001,0.757446
-0.152466,0.206543,0.957764
0.340088,-0.406006,0.894897
-0.573975,0.096191,0.774658
0.397217,-0.153320,1.001587
-0.104004,-0.332520,0.759155
-0.221436,0.192993,0.917725
0.377563,-0.377075,0.915283
-0.548828,0.040771,0.766113
0.348145,-0.107178,0.996826
-0.051025,-0.379028,0.764160
-0.289062,0.172363,0.869629
0.409058,-0.345215,0.935669
-0.526855,-0.036743,0.741089
0.281006,-0.047363,1.002319
-0.003540,-0.414551,0.751709
-0.351074,0.157349,0.851196
0.433105,-0.328003,0.954102
-0.505371,-0.084961,0.731689
0.209229,-0.005371,1.003052
0.047363,-0.435303,0.766479
-0.413330,0.161133,0.828247
0.448486,-0.303955,0.961182
-0.467896,-0.110229,0.738770
0.147705,0.039551,1.003174
0.090942,-0.442505,0.779541
-0.473511,0.156250,0.804810
0.466919,-0.286499,0.979858
-0.421265,-0.123291,0.756104
0.092041,0.084717,1.006714
0.143433,-0.442505,0.804321
-0.512817,0.151245,0.787231
0.468750,-0.277710,0.981934
-0.357300,-0.169922,0.758789
0.017090,0.131226,1.019775
0.218018,-0.457397,0.837402
-0.541626,0.125610,0.767578
0.469727,-0.279785,0.986450
-0.282959,-0.217651,0.773071
-0.055054,0.153564,0.998535
0.275024,-0.454346,0.869263
-0.544800,0.087158,0.757812
0.449463,-0.237793,1.004639
-0.203125,-0.246704,0.801270
-0.109619,0.170532,0.979858
0.321899,-0.436646,0.887695
-0.551758,0.072754,0.768188
0.422607,-0.191406,1.016968
-0.122314,-0.312622,0.804932
-0.172241,0.173706,0.957275
0.366089,-0.414185,0.908081
-0.544189,0.038696,0.769897
0.388550,-0.149292,1.021484
-0.052002,-0.372925,0.801270
-0.223389,0.161743,0.932251
0.394775,-0.405518,0.933105
-0.527832,-0.008545,0.744873
0.344971,-0.109009,1.012817
0.001953,-0.416870,0.794312
-0.272217,0.156494,0.908203
0.431641,-0.394653,0.948730
-0.507324,-0.057129,0.746094
0.288696,-0.058594,1.012207
0.046509,-0.451660,0.788452
-0.319214,0.147095,0.876709
0.458496,-0.382568,0.962036
-0.484741,-0.097900,0.746826
0.242310,-0.022583,1.023193
0.076904,-0.464111,0.780518
-0.359009,0.131958,0.862305
0.483765,-0.365723,0.973755
-0.458008,-0.123413,0.747192
0.188110,0.014038,1.023804
0.111572,-0.456177,0.801392
-0.392334,0.124023,0.842896
0.498169,-0.338989,1.001831
-0.424805,-0.140137,0.756836
0.135010,0.047119,1.022949
0.164673,-0.473145,0.814941
-0.425659,0.110474,0.827881
0.515137,-0.316772,1.016357
-0.378174,-0.177124,0.764893
0.078979,0.089111,1.027466
0.221558,-0.495850,0.839233
-0.447388,0.070923,0.805786
0.512451,-0.309937,1.016968
-0.332642,-0.205933,0.770874
0.034180,0.110596,1.027588
0.266357,-0.492554,0.861084
-0.476562,0.059814,0.796021
0.492676,-0.272461,1.038696
-0.286011,-0.230957,0.785034
-0.001953,0.136963,1.029663
0.309204,-0.473145,0.890991
-0.485718,0.048584,0.785645
0.479370,-0.244751,1.052612
-0.225220,-0.237671,0.810181
-0.049438,0.142212,1.024170
0.347656,-0.463623,0.923950
-0.495605,0.059570,0.798340
0.471802,-0.210571,1.068115
-0.173950,-0.253540,0.820679
-0.085083,0.160278,1.020752
0.388062,-0.441528,0.947876
-0.490479,0.043579,0.796509
0.453613,-0.167236,1.066284
-0.103516,-0.290039,0.844727
-0.127197,0.172363,1.017456
0.427490,-0.432983,0.972290
-0.478027,-0.016724,0.789307
0.425903,-0.124878,1.084351
-0.033813,-0.326660,0.853027
-0.167236,0.174683,1.014038
0.456177,-0.417480,0.998901
-0.457153,-0.050049,0.791748
0.396362,-0.098389,1.082031
0.032349,-0.369385,0.865112
-0.206665,0.182373,0.992676
0.490112,-0.397339,1.018433
-0.433716,-0.087769,0.787231
0.370117,-0.065186,1.097656
0.074829,-0.390991,0.867798
-0.244385,0.174194,0.985962
0.507690,-0.359619,1.035034
-0.417358,-0.124390,0.787354
0.335449,-0.031372,1.099976
0.096924,-0.396729,0.872925
-0.279297,0.181763,0.968994
0.524536,-0.329834,1.068848
-0.390503,-0.139648,0.797852
0.301392,-0.002075,1.100952
0.126465,-0.393799,0.883911
-0.314453,0.180908,0.965454
0.549927,-0.305298,1.088989
-0.365356,-0.161133,0.799561
0.256348,0.043945,1.099121
0.185059,-0.422607,0.907959
-0.344482,0.140625,0.916016
0.556396,-0.286499,1.101074
-0.331421,-0.207153,0.793091
0.211060,0.069702,1.106689
0.239990,-0.434448,0.922241
-0.377441,0.126343,0.892578
0.562500,-0.275024,1.101929
-0.298584,-0.214111,0.810669
0.162842,0.104858,1.103516
0.301025,-0.447510,0.944214
-0.393188,0.101318,0.865234
0.559937,-0.234009,1.110229
-0.261963,-0.214722,0.831909
0.114258,0.126099,1.101929
0.349487,-0.449219,0.961670
-0.412842,0.088867,0.864136
0.548706,-0.198608,1.125000
-0.221436,-0.225098,0.834595
0.064331,0.147827,1.105347
0.385620,-0.441162,0.996582
-0.429565,0.068604,0.860718
0.540649,-0.174072,1.136230
-0.178833,-0.231323,0.857300
0.013672,0.175415,1.093018
0.425415,-0.427246,1.021118
-0.435547,0.050171,0.857300
0.524170,-0.133911,1.145508
-0.110718,-0.255615,0.872925
-0.036621,0.200073,1.102051
0.444702,-0.406982,1.026367
-0.430298,0.018066,0.861572
0.521484,-0.117798,1.156006
-0.054077,-0.283325,0.887085
-0.081421,0.205933,1.088135
0.477051,-0.389893,1.048462
-0.427002,-0.010742,0.853394
0.496216,-0.092285,1.171631
0.013306,-0.326294,0.891846
-0.124878,0.204224,1.072266
0.497314,-0.365479,1.062012
-0.419922,-0.032471,0.846191
0.474976,-0.060181,1.168457
0.031494,-0.321167,0.894653
-0.167969,0.213623,1.057007
0.517334,-0.333496,1.080200
-0.409302,-0.064819,0.831055
0.442261,-0.038818,1.177002
0.035767,-0.325928,0.892456
-0.213623,0.211426,1.042725
0.546265,-0.323486,1.099976
-0.404175,-0.121094,0.809570
0.394531,-0.015503,1.164673
0.081421,-0.340210,0.920044
-0.256592,0.204712,1.016479
0.556763,-0.292969,1.125366
-0.377686,-0.159180,0.801025
0.347046,0.021118,1.161987
0.127808,-0.350342,0.922974
-0.295410,0.199219,0.994751
0.572021,-0.278442,1.118042
-0.343872,-0.188110,0.820190
0.299438,0.043091,1.160522
0.176880,-0.390259,0.931152
-0.331909,0.163208,0.945557
0.575195,-0.271484,1.124634
-0.318359,-0.203857,0.818237
0.238159,0.064453,1.151489
0.222778,-0.399658,0.940308
-0.361328,0.146851,0.924438
0.566162,-0.244385,1.120361
-0.289673,-0.232056,0.816040
0.183838,0.079224,1.131836
0.271362,-0.420898,0.946899
-0.398193,0.132202,0.904175
0.561523,-0.221924,1.122681
-0.261719,-0.239990,0.823730
0.124634,0.101318,1.113037
0.304932,-0.403931,0.973755
-0.421875,0.112305,0.888306
0.556030,-0.196777,1.139282
-0.235962,-0.257202,0.823364
0.065552,0.117676,1.111816
0.339111,-0.394897,0.973145
-0.435791,0.077637,0.872559
0.541138,-0.174316,1.134277
-0.184570,-0.277466,0.839233
0.006714,0.141602,1.088135
0.359009,-0.382446,0.992676
-0.443115,0.035156,0.843384
0.521851,-0.148804,1.141479
-0.116821,-0.306274,0.828857
-0.052612,0.145630,1.068970
0.397827,-0.372437,0.997314
-0.455811,0.011719,0.831177
0.498047,-0.119019,1.150146
-0.107788,-0.306030,0.811035
-0.117310,0.172729,1.046143
0.428589,-0.368286,1.005127
-0.462769,-0.023926,0.821533
0.466187,-0.094604,1.146484
-0.081787,-0.318237,0.811401
-0.191895,0.199341,1.024292
0.459473,-0.346069,1.024536
-0.458496,-0.063110,0.808350
0.417969,-0.067627,1.139160
-0.069214,-0.300903,0.829590
-0.252808,0.195435,0.993896
0.478394,-0.337524,1.044434
-0.448608,-0.111450,0.784912
0.366943,-0.047485,1.137207
-0.027344,-0.314453,0.843018
-0.304321,0.180420,0.957275
0.496094,-0.324219,1.053833
-0.432373,-0.150513,0.766357
0.305420,-0.015625,1.130615
0.024780,-0.351440,0.841309
-0.360596,0.163208,0.917603
0.501587,-0.309814,1.055420
-0.406494,-0.190674,0.755615
0.251831,0.007935,1.112671
0.082397,-0.366577,0.858765
-0.408691,0.162964,0.892212
0.509155,-0.284912,1.063843
-0.388672,-0.224976,0.757568
0.180054,0.034302,1.086670
0.135498,-0.372681,0.870972
-0.446777,0.155762,0.877197
0.500854,-0.257812,1.066528
-0.376831,-0.254150,0.747925
0.112305,0.065918,1.072266
0.177979,-0.394043,0.884521
-0.473511,0.124878,0.844360
0.498901,-0.248291,1.067017
-0.338989,-0.227661,0.779663
0.053345,0.071167,1.053833
0.208740,-0.407471,0.880859
-0.490112,0.096558,0.827881
0.480347,-0.220215,1.056641
-0.282104,-0.257446,0.771606
0.006592,0.088135,1.040283
0.247925,-0.418945,0.889282
-0.516846,0.088989,0.808716
0.471558,-0.207764,1.056519
-0.253174,-0.267334,0.760498
-0.051270,0.113525,1.021362
0.285645,-0.419067,0.900391
-0.539185,0.060547,0.787598
0.446777,-0.089722,1.140259
-0.232300,-0.291016,0.736816
-0.200439,0.202148,1.025024
0.462524,-0.354248,1.029663
-0.471802,-0.060181,0.792480
0.406250,-0.062012,1.142578
-0.073120,-0.301392,0.829102
-0.256348,0.194336,0.999146
0.484131,-0.335693,1.047363
-0.463135,-0.099854,0.769897
0.351440,-0.037476,1.127319
-0.026489,-0.315918,0.833862
-0.302002,0.175415,0.963257
0.488770,-0.331665,1.048218
-0.447632,-0.127441,0.770386
0.315063,-0.029419,1.114258
0.000732,-0.329224,0.839600
-0.346558,0.171753,0.930908
0.496826,-0.318237,1.046875
-0.427856,-0.181763,0.740601
0.255859,-0.006592,1.104614
0.043579,-0.341919,0.856934
-0.394165,0.177124,0.908936
0.496338,-0.295410,1.051514
-0.416382,-0.220093,0.738647
0.202515,0.020386,1.083984
0.093018,-0.384277,0.860474
-0.445801,0.159424,0.887207
0.489380,-0.284668,1.052612
-0.401733,-0.216675,0.748779
0.140015,0.055176,1.078491
0.132935,-0.395508,0.864380
-0.475952,0.143921,0.860596
0.489990,-0.268188,1.047363
-0.392090,-0.238281,0.750000
0.093994,0.067993,1.054199
0.170898,-0.399902,0.869995
-0.494751,0.124390,0.835938
0.479248,-0.256226,1.049927
-0.339844,-0.244873,0.770874
0.038696,0.084595,1.050537
0.202393,-0.405029,0.875610
-0.510742,0.109619,0.813721
0.477295,-0.238647,1.047363
-0.291504,-0.269775,0.760986
-0.011719,0.101562,1.033081
0.238281,-0.416138,0.878418
-0.529297,0.092651,0.795654
0.459717,-0.220215,1.046265
-0.269897,-0.289429,0.746094
-0.067261,0.119019,1.008545
0.272949,-0.424072,0.880249
-0.548828,0.084473,0.778931
0.441772,-0.197510,1.045288
-0.239746,-0.321045,0.732422
-0.111938,0.128784,0.996338
0.295410,-0.421509,0.903687
-0.562134,0.052002,0.766602
0.423584,-0.176147,1.045532
-0.226318,-0.294800,0.734619
-0.168579,0.151001,0.984253
0.324097,-0.419067,0.911987
-0.566895,0.039673,0.758423
0.398193,-0.145386,1.056030
-0.216675,-0.299561,0.733765
-0.221313,0.154419,0.965576
0.341797,-0.415039,0.917114
-0.572632,0.022461,0.757324
0.374390,-0.125488,1.044067
-0.192261,-0.299683,0.746460
-0.256714,0.153687,0.937744
0.359009,-0.397827,0.927979
-0.574097,0.000366,0.737427
0.349609,-0.109253,1.040649
-0.173218,-0.308838,0.740845
-0.290283,0.169800,0.930664
0.375366,-0.399902,0.933960
-0.564819,-0.028198,0.731689
0.329102,-0.080200,1.039307
-0.152466,-0.316406,0.751831
-0.332031,0.177734,0.910645
0.382446,-0.386230,0.941406
-0.563477,-0.051025,0.714722
0.304443,-0.070679,1.038452
-0.133789,-0.333496,0.750610
-0.368286,0.182739,0.892578
0.398804,-0.376099,0.935669
-0.554810,-0.053345,0.707031
0.279175,-0.043823,1.032715
-0.109131,-0.355225,0.745850
-0.392822,0.199951,0.888916
0.407715,-0.372070,0.942261
-0.548950,-0.073975,0.694458
0.252686,-0.029419,1.031860
-0.085449,-0.373901,0.752197
-0.416260,0.206665,0.878662
0.409302,-0.362183,0.941040
-0.539917,-0.080933,0.697876
0.221069,0.001953,1.026978
-0.062012,-0.387329,0.756714
-0.437988,0.213623,0.878906
0.413086,-0.379639,0.941162
-0.551514,-0.100220,0.682495
0.192627,0.007202,1.010620
-0.039795,-0.383423,0.761108
-0.460938,0.236328,0.876221
0.426025,-0.354614,0.952148
-0.552368,-0.119263,0.672974
0.174683,0.015503,1.018311
-0.022217,-0.400635,0.769287
-0.477783,0.237915,0.878662
0.436157,-0.341675,0.959351
-0.538818,-0.130493,0.674683
0.149048,0.033447,1.020142
0.000488,-0.406250,0.766235
-0.482666,0.240234,0.875977
0.433716,-0.326904,0.960571
-0.523926,-0.138306,0.693604
0.127808,0.054077,1.021973
0.025269,-0.421997,0.767456
-0.504150,0.240356,0.864990
0.445679,-0.316528,0.960938
-0.510010,-0.126953,0.700439
0.113159,0.074219,1.017090
0.047729,-0.432617,0.780151
-0.510498,0.244873,0.858154
0.440308,-0.309692,0.969116
-0.486572,-0.130981,0.710449
0.100708,0.065308,1.015137
0.059937,-0.411133,0.785522
-0.527832,0.262695,0.858643
0.453125,-0.291992,0.972656
-0.468628,-0.174438,0.704102
0.083984,0.079956,1.016357
0.074829,-0.420898,0.788208
-0.536255,0.236084,0.840454
0.455566,-0.288452,0.979980
-0.444336,-0.147339,0.725464
0.064331,0.097900,1.009766
0.092651,-0.417236,0.794922
-0.539795,0.240601,0.852661
0.459351,-0.278687,0.976318
-0.423584,-0.158813,0.730591
0.060425,0.090576,1.008423
0.109009,-0.412231,0.799683
-0.545410,0.236206,0.832275
0.460083,-0.262329,0.985718
-0.414062,-0.166138,0.738647
0.054688,0.098755,1.017212
0.127319,-0.423096,0.805298
-0.555908,0.229126,0.826416
0.461548,-0.255859,0.981323
-0.389404,-0.167725,0.738525
0.021484,0.119019,1.014893
0.155151,-0.424561,0.815308
-0.565430,0.229126,0.818359
0.466919,-0.238281,0.993408
-0.375244,-0.177612,0.735474
0.012695,0.122070,1.005615
0.170654,-0.434814,0.818115
-0.572144,0.212280,0.813354
0.466797,-0.215942,1.002441
-0.348633,-0.186035,0.739868
-0.004761,0.133057,1.006348
0.192383,-0.441650,0.826538
-0.575317,0.207642,0.808594
0.469360,-0.208130,0.993408
-0.327026,-0.152344,0.765015
-0.029785,0.150391,0.992676
0.215088,-0.428955,0.840698
-0.576050,0.196899,0.792847
0.461426,-0.198608,1.004150
-0.306519,-0.173218,0.750366
-0.037964,0.149292,0.995605
0.239990,-0.429565,0.842285
-0.586548,0.196533,0.786621
0.458252,-0.199219,0.995850
-0.274658,-0.186768,0.767212
-0.062622,0.149658,0.974854
0.247925,-0.425293,0.858643
-0.583618,0.160400,0.775513
0.458008,-0.191895,1.008423
-0.247314,-0.195068,0.776855
-0.084961,0.157959,0.973877
0.267700,-0.430054,0.863770
-0.575317,0.150146,0.779541
0.449463,-0.176270,1.010620
-0.224243,-0.223389,0.769653
-0.108276,0.172241,0.962524
0.294922,-0.433472,0.867920
-0.574463,0.135254,0.776733
0.443970,-0.170532,1.021606
-0.192993,-0.225708,0.779663
-0.126587,0.174683,0.959839
0.318604,-0.430786,0.870728
-0.578735,0.124023,0.777466
0.436401,-0.153076,1.016235
-0.157959,-0.256958,0.784790
-0.154297,0.174438,0.945435
0.329590,-0.420776,0.882935
-0.569092,0.109985,0.773193
0.421265,-0.137085,1.023438
-0.133179,-0.289185,0.780884
-0.188721,0.183228,0.938599
0.351807,-0.423218,0.890625
-0.560303,0.082031,0.771606
0.400635,-0.125854,1.014282
-0.099854,-0.309937,0.772095
-0.212402,0.179932,0.919067
0.367432,-0.402832,0.903198
-0.555664,0.058472,0.761230
0.385986,-0.109863,1.010620
-0.073975,-0.339966,0.772827
-0.239868,0.170532,0.903687
0.387939,-0.401245,0.911865
-0.555786,0.024048,0.753052
0.358154,-0.087036,1.012085
-0.045776,-0.371338,0.762573
-0.268555,0.169678,0.889648
0.404175,-0.397827,0.924683
-0.544922,-0.005859,0.737061
0.327271,-0.078369,1.004028
-0.020996,-0.388916,0.767700
-0.301025,0.167603,0.875122
0.424805,-0.384644,0.934448
-0.529663,-0.041992,0.738037
0.289307,-0.042969,1.003174
0.012573,-0.411255,0.759399
-0.332397,0.166748,0.866821
0.434692,-0.390015,0.931152
-0.513550,-0.067017,0.737671
0.267456,-0.030396,1.005493
0.038330,-0.422119,0.769043
-0.357422,0.161987,0.850830
0.451294,-0.378174,0.939941
-0.495850,-0.081299,0.738770
0.236694,-0.004272,1.015381
0.047485,-0.436157,0.767090
-0.377319,0.159668,0.847900
0.467529,-0.381470,0.949829
-0.490723,-0.101562,0.735596
0.208984,0.005737,1.010010
0.069824,-0.437500,0.767212
-0.400513,0.149902,0.836426
0.478760,-0.367554,0.960938
-0.472656,-0.128296,0.734863
0.177124,0.022705,1.010132
0.086914,-0.441772,0.777588
-0.422485,0.145874,0.820923
0.485718,-0.363525,0.973145
-0.462769,-0.133057,0.747925
0.151855,0.029785,1.010376
0.107666,-0.447388,0.791260
-0.430298,0.135254,0.815796
0.486084,-0.353882,0.981934
-0.445557,-0.156006,0.747314
0.130127,0.046875,1.019165
0.123657,-0.445801,0.800293
-0.446045,0.134766,0.820190
0.492310,-0.343872,0.986450
-0.423218,-0.190552,0.733887
0.109497,0.065552,1.018188
0.153320,-0.462524,0.814087
-0.450439,0.133179,0.811035
0.493408,-0.329224,0.995239
-0.398071,-0.159668,0.757812
0.094482,0.070557,1.019165
0.177002,-0.469604,0.819824
-0.454834,0.120483,0.810791
0.501831,-0.325195,1.000000
-0.382690,-0.195679,0.751099
0.081055,0.073608,1.023071
0.201416,-0.477661,0.817871
-0.460327,0.109985,0.806885
0.510132,-0.330566,0.997192
-0.369385,-0.205200,0.757812
0.065918,0.072021,1.015869
0.217651,-0.473999,0.828613
-0.464355,0.077881,0.784180
0.510620,-0.323975,1.014038
-0.345093,-0.197876,0.774902
0.054077,0.093018,1.024048
0.238892,-0.487915,0.841797
-0.466064,0.072021,0.793213
0.507324,-0.310547,1.018555
-0.332275,-0.220093,0.771606
0.044312,0.091553,1.025146
0.245605,-0.471924,0.863037
-0.469727,0.072388,0.789673
0.509277,-0.298096,1.029663
-0.316284,-0.223511,0.780396
0.041138,0.104004,1.028931
0.261719,-0.472290,0.867432
-0.466064,0.067627,0.793335
0.502686,-0.294189,1.030029
-0.296875,-0.223511,0.795166
0.039795,0.108032,1.039917
0.271606,-0.478760,0.872925
-0.470093,0.072510,0.790039
0.515015,-0.290649,1.038940
-0.287231,-0.223145,0.797363
0.031616,0.103882,1.038696
0.287231,-0.469849,0.875122
-0.463379,0.070312,0.796997
0.514282,-0.274414,1.048706
-0.271606,-0.210571,0.818848
0.028687,0.109985,1.034668
0.297729,-0.467651,0.894531
-0.458618,0.054443,0.794189
0.516235,-0.266846,1.058960
-0.262573,-0.214478,0.818848
0.035522,0.107056,1.043945
0.307495,-0.470825,0.900879
-0.453735,0.052368,0.804565
0.518433,-0.269409,1.062744
-0.259521,-0.227417,0.821289
0.032471,0.114136,1.049927
0.321777,-0.457397,0.914185
-0.455933,0.069214,0.817749
0.526367,-0.262329,1.073120
-0.243774,-0.219971,0.828857
0.027832,0.122803,1.046509
0.323242,-0.457886,0.916870
-0.444702,0.050415,0.812378
0.521362,-0.252686,1.080200
-0.236206,-0.232910,0.827271
0.034790,0.119995,1.051392
0.334351,-0.449219,0.926758
-0.444336,0.046143,0.818970
0.523071,-0.237549,1.087769
-0.236084,-0.222046,0.826294
0.033081,0.125488,1.062500
0.341797,-0.452759,0.938965
-0.435547,0.054077,0.830933
0.532715,-0.239746,1.090454
-0.233032,-0.223999,0.834351
0.041138,0.126099,1.067993
0.350952,-0.446655,0.952026
-0.429932,0.058472,0.841431
0.531860,-0.223755,1.099976
-0.225342,-0.227905,0.841797
0.039307,0.135864,1.070190
0.363647,-0.439941,0.966187
-0.432251,0.054077,0.835327
0.531982,-0.215698,1.111206
-0.219727,-0.229004,0.845703
0.043945,0.141357,1.077271
0.371704,-0.436768,0.968872
-0.426025,0.056763,0.839600
0.533936,-0.215942,1.110840
-0.212524,-0.224854,0.848267
0.037231,0.150513,1.083130
0.377686,-0.440796,0.973389
-0.426147,0.073853,0.854004
0.542603,-0.202637,1.121216
-0.201416,-0.220947,0.847900
0.035278,0.156128,1.080322
0.382568,-0.439575,0.979370
-0.424805,0.079468,0.860718
0.545166,-0.197998,1.131348
-0.198975,-0.231201,0.853271
0.031494,0.161987,1.081177
0.396118,-0.433350,0.987549
-0.420166,0.077637,0.858643
0.538452,-0.193970,1.131714
-0.185791,-0.227661,0.863281
0.020386,0.164062,1.086670
0.399780,-0.428589,1.000000
-0.427490,0.067627,0.866211
0.551270,-0.183105,1.141357
-0.182983,-0.228516,0.869385
0.017822,0.164185,1.094116
0.404785,-0.421265,1.004639
-0.414795,0.062988,0.870117
0.542114,-0.173950,1.147339
-0.162476,-0.235840,0.876099
0.008301,0.166382,1.098999
0.416748,-0.414673,1.004395
-0.419678,0.058350,0.875977
0.542969,-0.161987,1.144897
-0.144043,-0.238037,0.874756
-0.000488,0.172119,1.094238
0.421021,-0.404053,1.008301
-0.420654,0.052856,0.871582
0.542236,-0.151001,1.156616
-0.116699,-0.255005,0.881104
-0.014893,0.172974,1.093262
0.430298,-0.403809,1.019043
-0.426392,0.034302,0.863281
0.545776,-0.135864,1.158447
-0.091064,-0.263062,0.891846
-0.040527,0.182617,1.091675
0.441040,-0.389526,1.030151
-0.419312,0.020020,0.862549
0.537354,-0.119629,1.171387
-0.064087,-0.279907,0.892456
-0.054688,0.190552,1.090698
0.453979,-0.395020,1.033569
-0.428955,0.011108,0.863770
0.524414,-0.105957,1.173706
-0.029541,-0.306396,0.889648
-0.082886,0.182373,1.081177
0.463135,-0.374146,1.044434
-0.430664,-0.001465,0.855103
0.504517,-0.084961,1.185059
-0.014893,-0.320923,0.878662
-0.108887,0.193604,1.076538
0.475708,-0.356323,1.055298
-0.432251,-0.024658,0.846802
0.489624,-0.070190,1.181641
-0.014893,-0.315796,0.875488
-0.151611,0.218994,1.067017
0.490112,-0.340088,1.062134
-0.430786,-0.047852,0.834961
0.467651,-0.052490,1.183594
-0.000610,-0.317993,0.880737
-0.204468,0.229004,1.056519
0.511963,-0.337158,1.079712
-0.416382,-0.083496,0.826416
0.432495,-0.024048,1.173096
0.026489,-0.314209,0.892578
-0.238892,0.226074,1.037598
0.528564,-0.306274,1.104126
-0.399902,-0.125732,0.818481
0.372192,-0.004639,1.169312
0.064575,-0.344238,0.901978
-0.270508,0.195312,0.996460
0.545044,-0.300049,1.096069
-0.380737,-0.166992,0.800293
0.325684,0.014404,1.157959
0.105835,-0.353882,0.913330
-0.307129,0.182495,0.964233
0.552002,-0.287109,1.107056
-0.353027,-0.195068,0.798340
0.272583,0.047119,1.152588
0.162231,-0.369141,0.913940
-0.353027,0.160645,0.932495
0.544434,-0.257446,1.106079
-0.329834,-0.233276,0.800659
0.213867,0.069336,1.137695
0.217896,-0.379028,0.941284
-0.397461,0.163452,0.921143
0.543091,-0.234619,1.108643
-0.300903,-0.249023,0.801270
0.144775,0.080078,1.108154
0.261719,-0.403198,0.938232
-0.424316,0.122437,0.884155
0.535278,-0.213989,1.113037
-0.274048,-0.265381,0.808228
0.078857,0.097534,1.090698
0.298706,-0.392090,0.958008
-0.441772,0.092896,0.860962
0.530151,-0.184814,1.121338
-0.215454,-0.275757,0.814575
0.008301,0.118286,1.074097
0.332642,-0.395874,0.964966
-0.444580,0.052246,0.837524
0.517944,-0.155884,1.127808
-0.147583,-0.311279,0.815063
-0.058716,0.153198,1.067505
0.378906,-0.396240,0.973022
-0.463623,0.008789,0.830078
0.483154,-0.136108,1.133789
-0.133179,-0.295288,0.797241
-0.139893,0.160278,1.029297
0.413452,-0.372314,0.995117
-0.469604,-0.035767,0.818726
0.451904,-0.096680,1.147827
-0.108887,-0.304565,0.800537
-0.226807,0.175049,0.997803
0.447266,-0.356445,1.014404
-0.465942,-0.091187,0.788940
0.390869,-0.066895,1.131836
-0.069580,-0.310181,0.826172
-0.291504,0.188721,0.963013
0.466675,-0.323975,1.032715
-0.450073,-0.151611,0.754639
0.316528,-0.026123,1.126587
-0.003296,-0.349976,0.830933
-0.361694,0.197266,0.933594
0.486084,-0.308228,1.035767
-0.425415,-0.181519,0.748291
0.248901,0.008789,1.110596
0.068604,-0.383423,0.854126
-0.411621,0.169678,0.896973
0.480835,-0.288940,1.042969
-0.396118,-0.199097,0.763794
0.169067,0.051147,1.093262
0.128296,-0.397827,0.864380
-0.466675,0.149414,0.868530
0.489014,-0.267212,1.045288
-0.379272,-0.221191,0.742065
0.099976,0.086182,1.078247
0.186890,-0.392456,0.879150
-0.496094,0.115845,0.834717
0.484741,-0.260010,1.044312
-0.317261,-0.241089,0.765015
0.029419,0.097168,1.053223
0.245117,-0.391357,0.884033
-0.524902,0.096313,0.810913
0.478516,-0.240234,1.050415
-0.252075,-0.294678,0.755127
-0.046021,0.103638,1.013672
0.284546,-0.386841,0.912231
-0.542114,0.068237,0.786011
0.449097,-0.201050,1.058838
-0.220703,-0.294434,0.748413
-0.126709,0.125854,1.000244
0.328491,-0.371582,0.936035
-0.545898,0.030396,0.774658
0.412842,-0.171997,1.053833
-0.194336,-0.314575,0.748413
-0.211304,0.143555,0.970215
0.362305,-0.373291,0.952759
-0.539917,-0.010010,0.761963
0.357544,-0.114258,1.063110
-0.161865,-0.307495,0.763550
-0.279053,0.148804,0.929321
0.392456,-0.357178,0.969116
-0.534668,-0.046021,0.741577
0.306396,-0.063477,1.058594
-0.120605,-0.322388,0.774902
-0.346802,0.165161,0.913208
0.421509,-0.357056,0.973267
-0.514526,-0.090332,0.724854
0.242188,-0.012939,1.051025
-0.071045,-0.345459,0.776611
-0.411621,0.172485,0.888306
0.441650,-0.334106,0.989136
-0.495850,-0.137573,0.711426
0.175415,0.031494,1.045166
-0.003174,-0.370361,0.801147
-0.463013,0.190186,0.879883
0.444092,-0.308105,0.996582
-0.473755,-0.185791,0.711182
0.105469,0.072388,1.040283
0.062134,-0.392822,0.811890
-0.515015,0.175049,0.842163
0.452759,-0.295898,0.999756
-0.406128,-0.190430,0.752319
0.053467,0.082642,1.028320
0.116577,-0.398071,0.819946
-0.555420,0.162598,0.806641
0.446655,-0.271240,1.004517
-0.327515,-0.263550,0.742310
-0.018921,0.108276,1.020752
0.179932,-0.422241,0.832153
-0.580933,0.138306,0.786987
0.433960,-0.231323,1.009277
-0.273560,-0.294067,0.730347
-0.095337,0.138550,1.001221
0.250732,-0.423218,0.863281
-0.598633,0.113892,0.771240
0.411621,-0.198120,1.003784
-0.230469,-0.309814,0.727783
-0.172852,0.147217,0.982422
0.297974,-0.405029,0.889526
-0.594238,0.073120,0.750732
0.375122,-0.148438,1.016602
-0.197876,-0.317871,0.721802
-0.233765,0.153442,0.937988
0.348999,-0.410889,0.903809
-0.598511,0.044067,0.735962
0.328125,-0.104370,1.011597
-0.154907,-0.316895,0.733521
-0.303345,0.174683,0.918945
0.381592,-0.383667,0.934814
-0.574463,-0.012085,0.720337
0.272217,-0.052002,1.014282
-0.121704,-0.352905,0.726685
-0.373169,0.198364,0.896118
0.418213,-0.365356,0.954468
-0.552612,-0.050049,0.705444
0.205200,-0.009766,1.006836
-0.071045,-0.374512,0.747314
-0.439209,0.200317,0.878784
0.427246,-0.321655,0.959229
-0.520630,-0.117432,0.706177
0.139893,0.052002,1.010620
-0.003052,-0.390015,0.771484
-0.500732,0.216919,0.863159
0.438721,-0.303101,0.979614
-0.455933,-0.146606,0.734009
0.074829,0.092163,1.014038
0.061401,-0.396240,0.787476
-0.537354,0.200439,0.828247
0.439209,-0.267700,0.989258
-0.372559,-0.196045,0.742310
0.007446,0.119873,1.005737
0.138306,-0.396240,0.810913
-0.572266,0.190552,0.803345
0.440430,-0.244873,0.992065
-0.302856,-0.261963,0.735107
-0.061401,0.139160,0.987915
0.212036,-0.395630,0.851929
-0.603882,0.169922,0.780396
0.428223,-0.202637,1.000122
-0.240234,-0.296753,0.734741
-0.122437,0.148682,0.977173
0.274414,-0.383545,0.877319
-0.612183,0.139404,0.760132
0.408813,-0.158203,1.006348
-0.184204,-0.325928,0.727905
-0.188354,0.174194,0.952637
0.330811,-0.396973,0.890625
-0.603271,0.112061,0.751709
0.371094,-0.127075,1.004272
-0.143799,-0.324219,0.729004
-0.252197,0.171997,0.906738
0.375854,-0.376831,0.917236
-0.582153,0.059082,0.735962
0.319824,-0.068604,1.002930
-0.104370,-0.374023,0.717407
-0.319092,0.169678,0.887329
0.400513,-0.347778,0.933960
-0.557983,0.007202,0.718750
0.260132,-0.031250,0.996216
-0.058105,-0.391846,0.729126
-0.377808,0.186768,0.873291
0.425415,-0.328735,0.947632
-0.536255,-0.053223,0.710938
0.199463,0.011230,0.997925
-0.023193,-0.387329,0.752075
-0.432861,0.199951,0.857544
0.432861,-0.302734,0.964355
-0.497925,-0.096191,0.724487
0.135132,0.067139,1.013672
0.020874,-0.400879,0.768066
-0.483276,0.204224,0.844116
0.451294,-0.283691,0.970093
-0.446289,-0.113525,0.755981
0.083008,0.108887,1.022339
0.082397,-0.397217,0.794189
-0.597534,0.181396,0.780396
0.433105,-0.222534,0.991943
-0.265625,-0.268555,0.734009
-0.092896,0.145630,0.984131
0.241211,-0.419922,0.849976
-0.611572,0.167480,0.764404
0.421509,-0.183350,0.999023
-0.215820,-0.287354,0.736816
-0.142700,0.165405,0.971191
0.288940,-0.419067,0.866089
-0.616333,0.133423,0.757080
0.410522,-0.172852,0.995850
-0.187622,-0.294312,0.739380
-0.195679,0.171265,0.948730
0.330322,-0.411133,0.888428
-0.598511,0.088501,0.746826
0.381592,-0.119263,1.006592
-0.162476,-0.300781,0.733276
-0.241821,0.168579,0.926514
0.361206,-0.408936,0.905884
-0.595093,0.056152,0.740601
0.342896,-0.098022,1.010010
-0.130005,-0.347778,0.725220
-0.294067,0.179565,0.904419
0.394287,-0.374878,0.927246
-0.574585,0.022339,0.720337
0.294678,-0.047852,1.001831
-0.096680,-0.377563,0.722290
-0.352661,0.193237,0.882202
0.413696,-0.365479,0.928101
-0.561890,-0.025757,0.711914
0.246216,-0.025391,0.993774
-0.052124,-0.388550,0.731201
-0.407471,0.214844,0.871338
0.434570,-0.345703,0.948608
-0.525635,-0.075317,0.712646
0.176270,0.021851,1.006104
-0.010010,-0.390747,0.750000
-0.452148,0.220825,0.860474
0.444336,-0.316650,0.956665
-0.482788,-0.086914,0.735718
0.130005,0.067505,1.016479
0.035400,-0.384277,0.775879
-0.498047,0.233276,0.847046
0.448975,-0.290527,0.967407
-0.429688,-0.131592,0.744507
0.094849,0.085571,1.020752
0.088989,-0.379761,0.800171
-0.537964,0.229614,0.814575
0.449219,-0.263428,0.971436
-0.351318,-0.186646,0.756226
0.041138,0.122437,1.025024
0.150879,-0.387573,0.831787
-0.574341,0.222900,0.798950
0.457397,-0.242798,0.984863
-0.286377,-0.227295,0.761108
-0.023560,0.155273,1.006104
0.218628,-0.385254,0.862305
-0.589111,0.189575,0.783081
0.434814,-0.202148,0.992065
-0.215332,-0.289795,0.750000
-0.092285,0.154053,0.976318
0.281006,-0.374146,0.891479
-0.592407,0.137695,0.764282
0.417725,-0.153076,1.006104
-0.149902,-0.312134,0.753052
-0.166626,0.163818,0.935425
0.338501,-0.379639,0.906860
-0.577393,0.095093,0.757446
0.369019,-0.095337,1.006104
-0.090210,-0.362183,0.738892
-0.258667,0.171631,0.900024
0.390625,-0.368408,0.929810
-0.553589,0.019775,0.738525
0.289917,-0.033936,0.986938
-0.041626,-0.391235,0.740112
-0.338501,0.162842,0.860107
0.433228,-0.343872,0.944702
-0.519897,-0.056152,0.723145
0.210693,0.017456,1.003540
0.018799,-0.411011,0.752441
-0.419922,0.171997,0.837402
0.456177,-0.299683,0.970459
-0.467041,-0.109375,0.737671
0.130249,0.077637,1.007690
0.089478,-0.410889,0.793579
-0.507202,0.177124,0.804565
0.465698,-0.292358,0.979736
-0.376465,-0.171997,0.754639
0.035645,0.144165,1.014648
0.176758,-0.409668,0.825317
-0.559448,0.156372,0.789062
0.463623,-0.253662,0.993530
-0.264160,-0.226562,0.778198
-0.064575,0.163330,0.981201
0.260376,-0.394409,0.876587
-0.569458,0.101929,0.764160
0.434448,-0.202759,1.000366
-0.148560,-0.311768,0.772949
-0.162231,0.171875,0.947754
0.337891,-0.373657,0.905518
-0.557129,0.070679,0.763062
0.371948,-0.128540,0.999023
-0.058838,-0.397461,0.760742
-0.261230,0.166992,0.896484
0.395020,-0.354614,0.933838
-0.524902,-0.034180,0.741699
0.290039,-0.065918,0.998657
0.000732,-0.429565,0.755859
-0.360718,0.172485,0.853394
0.446289,-0.345337,0.955688
-0.480469,-0.078735,0.749634
0.177979,0.012329,1.001465
0.073242,-0.443481,0.770630
-0.442139,0.154541,0.813599
0.469116,-0.305176,0.977539
-0.422119,-0.156006,0.744629
0.078247,0.084839,0.999878
0.147583,-0.441772,0.803711
-0.515625,0.123657,0.775269
0.463989,-0.267822,0.991699
-0.312622,-0.199951,0.770874
-0.023438,0.131348,0.993164
0.251099,-0.446167,0.852295
-0.549194,0.078369,0.748413
0.439209,-0.226074,1.002441
-0.176025,-0.261108,0.794800
-0.131714,0.160645,0.959717
0.339722,-0.427856,0.897827
-0.548096,0.057861,0.755981
0.386963,-0.148926,1.008911
-0.056030,-0.357056,0.784546
-0.232300,0.149902,0.912231
0.394653,-0.383301,0.922119
-0.520508,-0.039062,0.750610
0.296265,-0.074463,1.004883
0.035645,-0.451172,0.766235
-0.343140,0.148560,0.857178
0.440674,-0.355225,0.951416
-0.473022,-0.114258,0.739502
0.190063,0.003052,1.014893
0.094971,-0.469727,0.775269
-0.437378,0.153687,0.820435
0.470703,-0.324951,0.973755
-0.394531,-0.187012,0.748657
0.077148,0.083374,1.014648
0.185181,-0.463135,0.821045
-0.508545,0.107666,0.777954
0.479736,-0.289062,0.994507
-0.291260,-0.232300,0.777344
-0.048706,0.151611,1.006714
0.288330,-0.460938,0.872803
-0.529541,0.057617,0.764526
0.437988,-0.208862,1.019897
-0.152954,-0.292969,0.807617
-0.144775,0.151245,0.972290
0.357300,-0.419312,0.915405
-0.517822,0.027710,0.771118
0.385864,-0.122192,1.032349
-0.014404,-0.367065,0.806274
-0.262695,0.143799,0.908081
0.429932,-0.409180,0.947266
-0.481689,-0.082886,0.746582
0.294800,-0.036377,1.033081
0.071167,-0.428345,0.800049
-0.355347,0.131592,0.868652
0.466675,-0.373657,0.971558
-0.439453,-0.163818,0.746094
0.189453,0.026245,1.033325
0.124023,-0.425293,0.820068
-0.428223,0.126099,0.838135
0.489380,-0.338501,1.007812
-0.374634,-0.237671,0.739014
0.070190,0.082886,1.029785
0.245728,-0.462646,0.858032
-0.477539,0.079224,0.782715
0.479980,-0.279785,1.019165
-0.269897,-0.241333,0.794434
-0.031372,0.126831,1.013428
0.324219,-0.458618,0.902222
-0.503174,0.065063,0.788696
0.448853,-0.211670,1.036621
-0.165527,-0.293213,0.798950
-0.123779,0.143799,1.001099
0.394409,-0.448975,0.936401
-0.499634,0.027588,0.780518
0.397217,-0.109985,1.056030
-0.017578,-0.352661,0.832397
-0.210938,0.151855,0.959717
0.441284,-0.411255,0.965576
-0.469971,-0.069946,0.769409
0.333862,-0.055054,1.055054
0.077148,-0.416260,0.826172
-0.301392,0.147583,0.918701
0.494141,-0.372192,1.004150
-0.421387,-0.146606,0.763672
0.238892,0.002319,1.053955
0.122070,-0.404053,0.846069
-0.374878,0.152588,0.892334
0.525146,-0.328979,1.039795
-0.365234,-0.204468,0.766479
0.131226,0.066040,1.045898
0.231079,-0.455688,0.873535
-0.426636,0.086182,0.823608
0.520264,-0.274536,1.054321
-0.274902,-0.236694,0.803467
0.036621,0.121826,1.041992
0.313110,-0.459839,0.907959
-0.465088,0.068237,0.811523
0.492432,-0.206177,1.076782
-0.172485,-0.240967,0.844971
-0.054443,0.157104,1.039429
0.378296,-0.430542,0.962402
-0.472534,0.032104,0.797485
0.449341,-0.140869,1.090210
-0.065918,-0.296021,0.857422
-0.133301,0.177368,1.039429
0.445679,-0.420410,1.001343
-0.464478,-0.025024,0.795898
0.402954,-0.080566,1.094727
0.046875,-0.382446,0.862183
-0.213013,0.188110,1.004272
0.500854,-0.381470,1.041748
-0.432617,-0.102661,0.782837
0.328369,-0.023682,1.092041
0.093384,-0.380981,0.861694
-0.287964,0.194336,0.980591
0.547241,-0.337769,1.070557
-0.385498,-0.151611,0.794556
0.240723,0.043457,1.080933
0.191772,-0.422607,0.884888
-0.351196,0.141235,0.916504
0.568848,-0.296021,1.096558
-0.313477,-0.226318,0.788452
0.147583,0.090942,1.075806
0.276978,-0.440430,0.912109
-0.398315,0.088013,0.861694
0.551758,-0.266357,1.090210
-0.241089,-0.237061,0.833618
0.070312,0.128296,1.077393
0.341919,-0.424805,0.965576
-0.432495,0.080078,0.845337
0.529419,-0.202026,1.110474
-0.169067,-0.246216,0.856201
-0.012329,0.165527,1.076782
0.399780,-0.397095,0.999023
-0.446533,0.041382,0.837524
0.505493,-0.134521,1.137207
-0.075195,-0.287598,0.875366
-0.081909,0.199829,1.071289
0.454590,-0.383667,1.028076
-0.443237,-0.005005,0.822876
0.465942,-0.089478,1.134277
0.036987,-0.353882,0.889893
-0.141968,0.222290,1.064575
0.497437,-0.355225,1.056641
-0.432373,-0.056152,0.818726
0.412354,-0.041138,1.147583
0.063477,-0.353760,0.889160
-0.214233,0.215088,1.045776
0.545654,-0.316162,1.095581
-0.397217,-0.125122,0.804565
0.340088,0.034668,1.141724
0.128662,-0.390869,0.909546
-0.276367,0.200806,1.004150
0.582886,-0.301880,1.123779
-0.355591,-0.171143,0.810059
0.271484,0.064087,1.135742
0.202271,-0.420532,0.919922
-0.323730,0.146729,0.944092
0.594116,-0.273438,1.131226
-0.301636,-0.202271,0.828735
0.198364,0.106812,1.128296
0.275269,-0.449585,0.934570
-0.367310,0.120483,0.900635
0.584106,-0.254761,1.127319
-0.249390,-0.201294,0.851318
0.125610,0.132935,1.122437
0.332397,-0.434448,0.966797
-0.409058,0.093506,0.882568
0.567993,-0.208740,1.138306
-0.192261,-0.216797,0.871948
0.054199,0.172241,1.118896
0.390503,-0.406616,1.003784
-0.429932,0.062744,0.864746
0.548462,-0.162842,1.140991
-0.122559,-0.242432,0.880249
-0.015503,0.193970,1.108276
0.437866,-0.383545,1.026978
-0.434082,0.012695,0.857056
0.515625,-0.119141,1.151978
-0.021851,-0.320190,0.892090
-0.083740,0.205322,1.091431
0.472290,-0.348755,1.053345
-0.429077,-0.026245,0.841919
0.472900,-0.069214,1.168701
-0.005127,-0.324341,0.883667
-0.151367,0.208252,1.075928
0.519043,-0.321289,1.094360
-0.419556,-0.080566,0.821655
0.414185,-0.001831,1.175659
0.051270,-0.342651,0.894409
-0.229492,0.203125,1.042603
0.555420,-0.303589,1.122192
-0.380371,-0.140747,0.813599
0.348877,0.029907,1.165283
0.114258,-0.358154,0.910400
-0.286743,0.180054,0.984253
0.579224,-0.283081,1.131836
-0.336426,-0.192871,0.820679
0.265869,0.076416,1.159058
0.186401,-0.402710,0.911987
-0.340698,0.139526,0.931641
0.588135,-0.279297,1.124023
-0.295776,-0.216064,0.839111
0.187378,0.103638,1.136475
0.254883,-0.418823,0.940918
-0.392334,0.122559,0.898682
0.578125,-0.243774,1.128174
-0.255737,-0.235352,0.842773
0.106323,0.125977,1.123413
0.312744,-0.403931,0.962402
-0.424194,0.098267,0.885498
0.557617,-0.194214,1.144409
-0.196411,-0.264893,0.854004
0.029297,0.140015,1.101562
0.352417,-0.379150,0.988525
-0.434570,0.043701,0.854370
0.536011,-0.156982,1.148804
-0.098022,-0.305420,0.861572
-0.042358,0.152710,1.083130
0.399414,-0.359863,1.006348
-0.445435,-0.005371,0.833862
0.502441,-0.122925,1.156128
-0.076172,-0.316528,0.846069
-0.117310,0.179810,1.059082
0.442017,-0.338501,1.036621
-0.454590,-0.038086,0.817993
0.450317,-0.069458,1.161499
-0.051025,-0.330322,0.840820
-0.204590,0.207642,1.040405
0.490234,-0.323730,1.071533
-0.440796,-0.103516,0.790039
0.384155,-0.022583,1.156860
0.002197,-0.324707,0.868896
-0.278320,0.204956,0.993652
0.522827,-0.301025,1.080078
-0.405151,-0.170654,0.781006
0.300293,0.019287,1.142700
0.082275,-0.374634,0.869751
-0.338257,0.166260,0.938599
0.534546,-0.292480,1.083496
-0.359863,-0.217651,0.789307
0.207275,0.064697,1.125977
0.154053,-0.394165,0.889282
-0.405396,0.145752,0.905884
0.537964,-0.245239,1.096069
-0.328125,-0.249512,0.787231
0.123169,0.083130,1.093872
0.224365,-0.403320,0.911377
-0.440796,0.098999,0.860352
0.528564,-0.222656,1.099854
-0.272217,-0.265503,0.804321
0.040161,0.093506,1.067627
0.275269,-0.388916,0.926147
-0.467163,0.064331,0.835449
0.508423,-0.187622,1.103882
-0.187744,-0.298950,0.800049
-0.044067,0.122803,1.044312
0.331665,-0.382568,0.949463
-0.488525,0.008911,0.794800
0.470703,-0.146729,1.116333
-0.157349,-0.300659,0.789185
-0.143555,0.164795,1.025269
0.383423,-0.365356,0.985474
-0.494629,-0.051147,0.776367
0.417603,-0.100464,1.119629
-0.122070,-0.312744,0.800049
-0.246216,0.182739,0.982544
0.436890,-0.347534,1.014648
-0.472656,-0.111328,0.749146
0.344360,-0.044678,1.109619
-0.052002,-0.326660,0.803345
-0.325928,0.179810,0.938354
0.471069,-0.312378,1.036499
-0.447510,-0.169312,0.733276
0.254883,0.002686,1.102783
0.022949,-0.372314,0.822998
-0.407471,0.176880,0.902222
0.484741,-0.280151,1.048218
-0.411133,-0.211060,0.747437
0.154419,0.053589,1.078979
0.114136,-0.392578,0.853516
-0.462891,0.137695,0.858032
0.483521,-0.250000,1.052612
-0.373779,-0.246216,0.760010
0.060181,0.079102,1.064819
0.178833,-0.408569,0.873291
-0.502075,0.097046,0.821289
0.470337,-0.228027,1.056030
-0.280762,-0.261719,0.770142
-0.023560,0.102539,1.033936
0.252197,-0.427002,0.888672
-0.530273,0.055054,0.783691
0.451782,-0.202637,1.055664
-0.232056,-0.279541,0.749146
-0.121582,0.130127,1.008545
0.315308,-0.409668,0.913818
-0.538086,0.010498,0.772583
0.415161,-0.150391,1.060547
-0.202759,-0.286377,0.753174
-0.217163,0.175049,0.993286
0.365845,-0.378296,0.952393
-0.544800,-0.044556,0.739136
0.353149,-0.106567,1.059570
-0.147827,-0.316406,0.756104
-0.305542,0.185547,0.939209
0.418945,-0.350708,0.973267
-0.522339,-0.115967,0.716064
0.271973,-0.034424,1.058838
-0.074707,-0.361450,0.770264
-0.406616,0.192505,0.899414
0.441406,-0.322388,0.997925
-0.484009,-0.152100,0.719727
0.173218,0.035156,1.056396
0.017456,-0.384033,0.801636
-0.476929,0.179443,0.864258
0.451538,-0.283081,1.015381
-0.441162,-0.202393,0.737427
0.068359,0.083008,1.039551
0.108398,-0.414551,0.820190
-0.533081,0.147583,0.826660
0.453979,-0.260376,1.011475
-0.343628,-0.231445,0.754517
-0.006958,0.103516,1.018921
0.190552,-0.428589,0.835693
-0.558838,0.116577,0.791504
0.437012,-0.225464,1.015259
-0.277466,-0.269165,0.742554
-0.094849,0.122803,0.984619
0.258667,-0.413452,0.877930
-0.588623,0.069702,0.762085
0.404785,-0.180420,1.028198
-0.222534,-0.303955,0.723755
-0.198975,0.162231,0.970337
0.328857,-0.395630,0.915649
-0.588501,0.008911,0.743774
0.348145,-0.130005,1.030884
-0.176880,-0.324707,0.736206
-0.295898,0.182495,0.932251
0.381470,-0.362671,0.940674
-0.561401,-0.051392,0.717896
0.268555,-0.059326,1.023682
-0.111938,-0.362061,0.743652
-0.395630,0.197021,0.895508
0.413818,-0.323608,0.969360
-0.530396,-0.101685,0.706787
0.178833,0.015625,1.028320
-0.024292,-0.393066,0.771973
-0.486572,0.216919,0.864868
0.434204,-0.291626,0.987061
-0.458008,-0.164429,0.725952
0.078857,0.077393,1.027100
0.073853,-0.417725,0.796021
-0.545044,0.193604,0.818237
0.439819,-0.258301,0.989258
-0.365356,-0.211060,0.742676
-0.000610,0.106934,1.017456
0.165405,-0.416992,0.825928
-0.582764,0.169312,0.799927
0.429321,-0.224976,0.995850
-0.277954,-0.253906,0.740112
-0.088745,0.131958,0.986572
0.249878,-0.414673,0.868408
-0.597290,0.106567,0.771606
0.390503,-0.166992,1.002686
-0.211182,-0.304443,0.722290
-0.194336,0.158936,0.953857
0.319946,-0.395752,0.891724
-0.593750,0.046997,0.747559
0.340576,-0.101807,1.019531
-0.168091,-0.341431,0.715332
-0.305664,0.192993,0.916504
0.386353,-0.374023,0.921997
-0.563110,-0.037476,0.703369
0.256958,-0.029297,1.015381
-0.101929,-0.385742,0.721436
-0.406616,0.221191,0.880005
0.425049,-0.325684,0.957886
-0.521240,-0.103027,0.709473
0.164673,0.027588,1.010010
-0.018677,-0.378296,0.766968
-0.494995,0.238281,0.863525
0.445557,-0.288330,0.975708
-0.434692,-0.147339,0.740967
0.073730,0.092529,1.021606
0.083008,-0.394897,0.794922
-0.546143,0.214233,0.829102
0.443604,-0.248047,0.990601
-0.347900,-0.215820,0.739990
0.001099,0.121094,1.004028
0.178589,-0.403809,0.832520
-0.585083,0.175049,0.802612
0.430786,-0.205688,0.999756
-0.255371,-0.258057,0.743286
-0.098145,0.156860,0.976562
0.267944,-0.393555,0.874023
-0.594482,0.126953,0.766235
0.398926,-0.149414,1.007690
-0.190552,-0.313843,0.727905
-0.196411,0.171143,0.941772
0.346069,-0.378662,0.908569
-0.587769,0.058350,0.738525
0.336426,-0.091064,1.007202
-0.115967,-0.367065,0.722412
-0.313843,0.196655,0.894531
0.396851,-0.345947,0.934326
-0.548706,-0.030396,0.718506
0.247437,-0.008301,0.998657
-0.055542,-0.395630,0.726562
-0.406494,0.213867,0.869751
0.433105,-0.310181,0.951416
-0.499146,-0.093262,0.717651
0.147705,0.056885,1.007080
0.029053,-0.393677,0.778809
-0.493042,0.235596,0.846680
0.446045,-0.263184,0.975220
-0.416748,-0.160278,0.737305
0.068481,0.107422,1.024292
0.121094,-0.393799,0.813721
-0.546753,0.209961,0.816895
0.442749,-0.218628,0.993896
-0.303589,-0.211060,0.750488
-0.027588,0.154419,0.999878
0.223511,-0.402466,0.857178
-0.584717,0.174561,0.788086
0.438232,-0.178345,1.006958
-0.202515,-0.275879,0.746460
-0.136108,0.175659,0.961914
0.306763,-0.395264,0.885010
-0.579590,0.110107,0.765381
0.397827,-0.124390,1.011475
-0.123535,-0.340210,0.742188
-0.240112,0.186401,0.911133
0.373291,-0.376953,0.914795
-0.553955,0.032837,0.743408
0.318848,-0.041992,1.008179
-0.052856,-0.395264,0.731934
-0.348145,0.196777,0.866943
0.417725,-0.342651,0.939453
-0.526123,-0.069946,0.714478
0.221436,0.003662,1.002319
0.006470,-0.397949,0.751953
-0.434814,0.208252,0.847290
0.450684,-0.314941,0.958008
-0.464722,-0.138062,0.747070
0.124512,0.072876,1.013550
0.084961,-0.396118,0.799194
-0.507935,0.200562,0.825684
0.461060,-0.264282,0.977295
-0.370972,-0.170288,0.756714
0.029663,0.116211,1.008911
0.174805,-0.401733,0.838135
-0.553345,0.175659,0.785889
0.449219,-0.206177,0.992676
-0.256348,-0.214111,0.774536
-0.066895,0.160278,0.980469
0.262085,-0.414062,0.862427
-0.573975,0.129761,0.773193
0.430542,-0.170776,1.008423
-0.154907,-0.292358,0.775635
-0.153931,0.178101,0.950562
0.330688,-0.395996,0.894165
-0.563232,0.088257,0.771118
0.382080,-0.116089,1.010498
-0.071411,-0.361938,0.757690
-0.250122,0.177612,0.895874
0.385376,-0.373169,0.921509
-0.543823,-0.007690,0.736572
0.320557,-0.062500,1.002441
-0.017334,-0.408691,0.744873
-0.339111,0.181030,0.861084
0.428589,-0.359131,0.934448
-0.508423,-0.061523,0.735352
0.218262,-0.001831,1.001465
0.041016,-0.434204,0.751465
-0.414917,0.175903,0.838379
0.453613,-0.323242,0.962524
-0.473145,-0.123047,0.739746
0.139282,0.045166,1.006226
0.091187,-0.436279,0.786011
-0.482056,0.177490,0.809692
0.468872,-0.287354,0.981934
-0.392578,-0.165405,0.757690
0.042236,0.101807,0.997559
0.168335,-0.434692,0.812378
-0.530640,0.147827,0.782715
0.470947,-0.248169,0.996094
-0.301880,-0.195312,0.775879
-0.042969,0.147339,0.992188
0.245728,-0.450928,0.848633
-0.554810,0.101196,0.755249
0.458252,-0.201172,1.007568
-0.203857,-0.231934,0.791748
-0.115967,0.156738,0.966919
0.310181,-0.440796,0.871704
-0.553833,0.091797,0.767944
0.422974,-0.169067,1.012817
-0.117920,-0.298706,0.794922
-0.181274,0.159790,0.938110
0.365234,-0.421021,0.913940
-0.545044,0.034424,0.756714
0.374023,-0.108643,1.023071
-0.046265,-0.367920,0.774414
-0.257202,0.162476,0.899414
0.419556,-0.409546,0.934937
-0.534424,-0.036743,0.738647
0.309692,-0.067627,1.002441
0.009399,-0.421021,0.768799
-0.328857,0.159546,0.864014
0.442871,-0.380859,0.954834
-0.495972,-0.102295,0.733032
0.238647,-0.022217,1.011108
0.071045,-0.454712,0.767212
-0.390869,0.159058,0.848755
0.466431,-0.348267,0.968994
-0.461792,-0.147095,0.732666
0.160889,0.023926,1.006226
0.099487,-0.458130,0.783691
-0.442261,0.140259,0.802979
0.480103,-0.315430,0.984253
-0.408813,-0.187744,0.737305
0.093994,0.069458,1.010864
0.155884,-0.467529,0.801392
-0.558838,0.134277,0.768066
0.466309,-0.217896,1.000488
-0.355347,-0.192749,0.768555
-0.080933,0.148926,0.971313
0.285278,-0.434814,0.872070
-0.580811,0.109497,0.765015
0.440552,-0.180176,1.014404
-0.164917,-0.259277,0.796021
-0.134155,0.152710,0.950928
0.327026,-0.414185,0.894531
-0.566650,0.090088,0.771240
0.406616,-0.152832,1.011963
-0.099487,-0.314209,0.790405
-0.202026,0.162598,0.927856
0.365356,-0.404663,0.910645
-0.551392,0.038940,0.760864
0.373169,-0.117676,1.014771
-0.056152,-0.357300,0.779053
-0.256348,0.159790,0.889771
0.409912,-0.388184,0.929077
-0.531860,-0.020386,0.745117
0.309814,-0.075684,1.004883
-0.009155,-0.399536,0.764893
-0.315186,0.155640,0.867065
0.440186,-0.385742,0.940430
-0.515747,-0.073242,0.726807
0.257812,-0.041382,1.001831
0.034302,-0.417114,0.778442
-0.365234,0.148193,0.844482
0.458862,-0.354370,0.953613
-0.484497,-0.116699,0.729736
0.197144,-0.000610,1.003174
0.073730,-0.439087,0.777954
-0.416016,0.138550,0.823608
0.468384,-0.333374,0.971680
-0.442383,-0.113892,0.755615
0.143433,0.041626,1.015991
0.114258,-0.451416,0.781738
-0.458740,0.139282,0.801758
0.478516,-0.315063,0.986694
-0.405151,-0.154419,0.760620
0.093750,0.065918,1.012329
0.163208,-0.457886,0.812378
-0.495972,0.122803,0.782471
0.480835,-0.299561,0.990479
-0.360229,-0.189453,0.759644
0.046631,0.093628,1.014404
0.213257,-0.468506,0.822754
-0.524292,0.109985,0.763794
0.482666,-0.286499,0.999756
-0.308594,-0.219849,0.772339
-0.012085,0.119629,1.005371
0.266113,-0.482178,0.852661
-0.538086,0.086792,0.759766
0.466187,-0.265503,1.009888
-0.257202,-0.224365,0.790527
-0.059937,0.143799,0.999878
0.306519,-0.472534,0.877075
-0.540161,0.067017,0.759277
0.446045,-0.225464,1.013550
-0.197998,-0.251221,0.798096
-0.105713,0.158081,0.994263
0.349243,-0.461548,0.901611
-0.538330,0.065430,0.772095
0.426270,-0.196777,1.023682
-0.134888,-0.289062,0.807251
-0.147095,0.150513,0.972412
0.386230,-0.444458,0.914673
-0.531006,0.036987,0.778809
0.401245,-0.147095,1.040161
-0.082642,-0.329346,0.813843
-0.187988,0.145508,0.953979
0.408569,-0.438354,0.939819
-0.511353,-0.001709,0.771118
0.377075,-0.123901,1.038330
-0.023926,-0.369873,0.810181
-0.231689,0.152954,0.933716
0.436523,-0.419434,0.958008
-0.490234,-0.051392,0.757324
0.345215,-0.085938,1.039307
0.028076,-0.419312,0.805420
-0.263794,0.147949,0.925415
0.465942,-0.397095,0.974976
-0.475342,-0.082275,0.758423
0.308105,-0.052612,1.047363
0.061646,-0.423340,0.812744
-0.308228,0.155151,0.908569
0.483032,-0.398926,0.985596
-0.458984,-0.109497,0.766846
0.265747,-0.022217,1.042480
0.091675,-0.419312,0.824341
-0.339478,0.147217,0.896606
0.497925,-0.372803,1.009644
-0.437622,-0.158813,0.755615
0.217773,-0.001343,1.045532
0.111450,-0.430420,0.826660
-0.368164,0.145386,0.890381
0.516357,-0.352661,1.020874
-0.413696,-0.172119,0.756348
0.181030,0.022095,1.040161
0.159790,-0.442139,0.846802
-0.387695,0.134033,0.872437
0.526123,-0.320923,1.035645
-0.385010,-0.193604,0.758423
0.146729,0.050659,1.044067
0.207764,-0.451172,0.859741
-0.404663,0.114746,0.848267
0.535889,-0.302856,1.050537
-0.343872,-0.212891,0.767822
0.107910,0.072754,1.046265
0.242188,-0.451660,0.889893
-0.419434,0.086304,0.828613
0.531250,-0.277954,1.058472
-0.298462,-0.224243,0.793945
0.067261,0.103638,1.050049
0.287598,-0.463257,0.897827
-0.431030,0.059204,0.811890
0.515991,-0.256104,1.058472
-0.258423,-0.225342,0.815552
0.036377,0.123169,1.056519
0.328125,-0.471680,0.913574
-0.455933,0.069702,0.811646
0.508667,-0.227783,1.071899
-0.220703,-0.218628,0.839355
0.001709,0.136597,1.057739
0.357788,-0.463379,0.945557
-0.471558,0.039429,0.802979
0.489990,-0.183472,1.088013
-0.170776,-0.252075,0.836182
-0.029175,0.159546,1.062012
0.382568,-0.451294,0.957642
-0.473633,0.049805,0.818970
0.493408,-0.166016,1.097168
-0.135254,-0.245361,0.856323
-0.070679,0.181030,1.065796
0.423340,-0.445679,0.984009
-0.469727,0.025146,0.816650
0.475464,-0.145630,1.101074
-0.070312,-0.288086,0.866211
-0.100830,0.190796,1.055542
0.446411,-0.421875,1.007568
-0.459473,0.002441,0.815308
0.461670,-0.104858,1.125366
-0.012451,-0.325073,0.864502
-0.138428,0.194214,1.052246
0.475098,-0.411377,1.018188
-0.449951,-0.023560,0.818604
0.437256,-0.081665,1.128784
0.040039,-0.351929,0.885132
-0.171143,0.206299,1.048950
0.497314,-0.389526,1.039795
-0.440552,-0.034180,0.814819
0.412842,-0.057617,1.133179
0.059204,-0.362549,0.885498
-0.197632,0.207520,1.040527
0.518311,-0.368896,1.056030
-0.422729,-0.064941,0.817505
0.385010,-0.015259,1.126587
0.068481,-0.356445,0.880371
-0.232300,0.206055,1.029663
0.540283,-0.345825,1.077881
-0.411133,-0.097290,0.806396
0.351685,0.000610,1.126709
0.103149,-0.351929,0.901001
-0.277100,0.192871,1.007690
0.565918,-0.323975,1.098877
-0.390503,-0.145996,0.793579
0.311523,0.033813,1.117798
0.155762,-0.380127,0.922974
-0.307129,0.182129,0.979248
0.577759,-0.310913,1.114624
-0.357056,-0.182129,0.802124
0.265747,0.055420,1.122070
0.194702,-0.388306,0.931641
-0.328125,0.149414,0.947144
0.587036,-0.285400,1.120605
-0.326782,-0.203979,0.811279
0.217773,0.086182,1.113647
0.249146,-0.415039,0.939087
-0.345459,0.128296,0.909546
0.581421,-0.263428,1.126587
-0.289551,-0.218994,0.814941
0.177490,0.111328,1.116699
0.293213,-0.439575,0.945190
-0.372559,0.105957,0.891602
0.579346,-0.245117,1.128662
-0.259277,-0.236694,0.835693
0.138672,0.129761,1.116089
0.327271,-0.431274,0.961914
-0.400757,0.108521,0.883301
0.569702,-0.220337,1.138550
-0.223145,-0.241211,0.850342
0.091064,0.149414,1.111816
0.362427,-0.425781,0.983154
-0.408569,0.091797,0.879639
0.558960,-0.189575,1.143921
-0.183960,-0.242920,0.865112
0.045288,0.156738,1.114014
0.395020,-0.416626,1.000244
-0.431030,0.078735,0.876831
0.547241,-0.164917,1.156372
-0.143799,-0.262207,0.879028
0.000610,0.177490,1.100952
0.417603,-0.399048,1.023682
-0.436401,0.049805,0.862183
0.535156,-0.140869,1.165649
-0.077026,-0.292847,0.887817
-0.045532,0.180908,1.092651
0.437622,-0.380981,1.025024
-0.430176,0.012573,0.849121
0.512573,-0.111938,1.161621
-0.025269,-0.324585,0.883911
-0.078125,0.189941,1.089844
0.460205,-0.372803,1.043701
-0.436890,0.001587,0.845459
0.497803,-0.083862,1.178345
-0.011719,-0.332520,0.871094
-0.116455,0.193359,1.078613
0.482544,-0.350220,1.057739
-0.438477,-0.011230,0.850464
0.473633,-0.053467,1.178711
-0.006348,-0.341187,0.878784
-0.159424,0.201050,1.066284
0.509888,-0.336304,1.083252
-0.431152,-0.036255,0.830444
0.437012,-0.016602,1.180420
0.030518,-0.349854,0.881958
-0.208984,0.205933,1.045898
0.526367,-0.320801,1.096069
-0.423096,-0.072998,0.820190
0.400024,0.002319,1.171875
0.057739,-0.355713,0.892456
-0.248901,0.195190,1.018433
0.539185,-0.301025,1.113403
-0.410767,-0.118164,0.807129
0.358276,0.022705,1.168823
0.093384,-0.376343,0.897949
-0.281616,0.181641,0.999756
0.554932,-0.302734,1.115479
-0.392090,-0.151611,0.797607
0.306152,0.050049,1.162476
0.134644,-0.378540,0.906372
-0.311157,0.164429,0.963989
0.561157,-0.291748,1.112793
-0.368530,-0.179932,0.795410
0.255005,0.068848,1.146851
0.178955,-0.388550,0.920288
-0.337646,0.148560,0.933960
0.559448,-0.269653,1.119019
-0.338867,-0.213623,0.798096
0.209839,0.087524,1.135010
0.215088,-0.402588,0.919189
-0.382812,0.140747,0.919800
0.556763,-0.252930,1.112305
-0.314697,-0.225220,0.807373
0.160645,0.096924,1.115723
0.248169,-0.419556,0.923706
-0.408813,0.125244,0.895142
0.558960,-0.247437,1.118530
-0.298096,-0.241699,0.801025
0.111450,0.114502,1.108398
0.276855,-0.414185,0.930298
-0.423096,0.108276,0.893311
0.549561,-0.224854,1.116333
-0.261475,-0.251465,0.819458
0.061401,0.111694,1.089111
0.301636,-0.399048,0.946045
-0.441284,0.079956,0.859619
0.538086,-0.213623,1.120483
-0.213135,-0.283081,0.819824
0.013672,0.118774,1.073975
0.322021,-0.389648,0.951782
-0.459595,0.051636,0.840454
0.528076,-0.192993,1.123779
-0.163696,-0.310425,0.811768
-0.030884,0.129028,1.051880
0.342896,-0.386963,0.959717
-0.464600,0.032593,0.829590
0.503784,-0.168335,1.125000
-0.144653,-0.314331,0.814087
-0.084717,0.147217,1.046997
0.367432,-0.371826,0.973389
-0.482422,0.005493,0.813843
0.470581,-0.146118,1.129272
-0.128784,-0.322754,0.806885
-0.146240,0.161377,1.020508
0.398438,-0.360107,0.988159
-0.484131,-0.028809,0.799194
0.442017,-0.112549,1.128418
-0.118042,-0.300659,0.809326
-0.200317,0.186646,1.020752
0.432007,-0.347900,1.009521
-0.487427,-0.068604,0.766968
0.400879,-0.078857,1.124268
-0.079712,-0.311523,0.817749
-0.254272,0.175903,0.978394
0.444580,-0.328125,1.022339
-0.476929,-0.087524,0.771484
0.356812,-0.051270,1.122070
-0.053711,-0.333130,0.822754
-0.296753,0.171997,0.952759
0.463745,-0.335693,1.029907
-0.465942,-0.127319,0.750732
0.306030,-0.024658,1.115356
-0.010376,-0.351685,0.821899
-0.344238,0.168335,0.928955
0.471924,-0.312622,1.034668
-0.450928,-0.173828,0.734253
0.252808,0.002197,1.103394
0.037842,-0.392456,0.831787
-0.403442,0.176392,0.907349
0.483398,-0.306396,1.038574
-0.434082,-0.176025,0.735718
0.190918,0.037354,1.085083
0.086060,-0.403198,0.830811
-0.437378,0.161011,0.882080
0.484497,-0.293091,1.040894
-0.432373,-0.190796,0.742188
0.131836,0.059082,1.074951
0.136841,-0.410278,0.853638
-0.475830,0.151733,0.858398
0.483765,-0.277466,1.045776
-0.392090,-0.206909,0.756470
0.073730,0.078735,1.061768
0.188477,-0.409424,0.867798
-0.503296,0.125610,0.833984
0.474487,-0.257568,1.047241
-0.316895,-0.244385,0.761353
0.014404,0.084473,1.043091
0.232056,-0.406372,0.873779
-0.524780,0.100098,0.820312
0.463867,-0.231812,1.048218
-0.264771,-0.293579,0.752563
-0.058716,0.110474,1.009399
0.278809,-0.401367,0.905029
-0.536621,0.064575,0.799927
0.442017,-0.194336,1.056152
-0.230469,-0.300903,0.742798
-0.135864,0.134521,0.995972
0.311035,-0.397339,0.912476
-0.544312,0.017944,0.768433
0.414917,-0.157593,1.064209
-0.208496,-0.314453,0.734009
-0.222900,0.167480,0.966064
0.360229,-0.395752,0.941650
-0.541016,-0.018433,0.749634
0.375366,-0.107788,1.067749
-0.175537,-0.317261,0.742676
-0.289673,0.177490,0.944824
0.387573,-0.386108,0.946899
-0.542480,-0.057983,0.735596
0.323242,-0.073975,1.059326
-0.142944,-0.348145,0.753296
-0.344849,0.180420,0.911133
0.408569,-0.359863,0.963501
-0.532227,-0.088379,0.722900
0.273560,-0.043091,1.057861
-0.087769,-0.363037,0.770020
-0.419800,0.198486,0.897827
0.428589,-0.341431,0.973633
-0.509033,-0.117310,0.719604
0.200073,0.007935,1.047485
-0.016357,-0.383179,0.799316
-0.475952,0.193237,0.869019
0.435669,-0.324829,0.990356
-0.490112,-0.147827,0.709717
0.136108,0.040527,1.042358
0.052734,-0.406128,0.810547
-0.519043,0.197021,0.853882
0.448486,-0.303955,0.989258
-0.437988,-0.167969,0.732788
0.069946,0.079346,1.036743
0.110107,-0.398682,0.829346
-0.546509,0.170654,0.825195
0.441406,-0.280884,0.987549
-0.382935,-0.202026,0.733032
0.018066,0.103760,1.029175
0.171875,-0.406006,0.844116
-0.569214,0.147827,0.807617
0.433594,-0.251221,0.999756
-0.320679,-0.250854,0.723633
-0.048950,0.123413,0.999878
0.224609,-0.417480,0.857300
-0.583130,0.122070,0.793457
0.419189,-0.213745,1.012817
-0.275757,-0.313110,0.708008
-0.131958,0.147339,0.971558
0.276245,-0.420898,0.882202
-0.591064,0.091309,0.778320
0.403687,-0.177002,1.013672
-0.233887,-0.307129,0.707764
-0.194092,0.169067,0.963013
0.315308,-0.415161,0.892578
-0.586426,0.067139,0.767822
0.382446,-0.150146,1.021240
-0.208008,-0.314575,0.708740
-0.252319,0.176636,0.930420
0.352905,-0.406372,0.904297
-0.577881,0.027100,0.744019
0.343262,-0.105713,1.021484
-0.175293,-0.332886,0.712646
-0.316284,0.184570,0.905762
0.376587,-0.397217,0.910034
-0.571045,-0.001709,0.725098
0.300049,-0.071045,1.015381
-0.127563,-0.349487,0.735474
-0.371826,0.199585,0.887939
0.401733,-0.364868,0.934570
-0.559082,-0.039062,0.703369
0.240601,-0.028931,1.013184
-0.073120,-0.372192,0.756836
-0.421997,0.223267,0.879761
0.411865,-0.324341,0.945068
-0.542847,-0.101440,0.694702
0.176880,0.011230,1.007935
-0.020630,-0.382446,0.773438
-0.473511,0.224609,0.862671
0.417114,-0.294312,0.963623
-0.505493,-0.133911,0.698975
0.128540,0.054932,1.026367
0.035522,-0.408081,0.788696
-0.518311,0.226807,0.847168
0.429077,-0.268799,0.976074
-0.455078,-0.151367,0.713745
0.076294,0.098755,1.024414
0.095825,-0.423706,0.807129
-0.557007,0.214478,0.836548
0.433716,-0.249268,0.979248
-0.398071,-0.180420,0.723389
0.030518,0.115723,1.023560
0.152588,-0.434814,0.816895
-0.577271,0.203247,0.824341
0.440186,-0.227661,0.993042
-0.337769,-0.191162,0.737793
-0.027222,0.138550,1.001587
0.211182,-0.420166,0.848511
-0.590088,0.186035,0.794800
0.432129,-0.207642,0.995605
-0.283813,-0.236694,0.728149
-0.080444,0.163452,0.981689
0.260742,-0.409790,0.865967
-0.597046,0.154053,0.784668
0.426758,-0.183838,0.996582
-0.235107,-0.271484,0.730347
-0.138672,0.179077,0.961914
0.304810,-0.402222,0.885376
-0.595947,0.127075,0.772583
0.408813,-0.160278,1.012451
-0.183838,-0.308838,0.736938
-0.208008,0.184814,0.934692
0.338257,-0.388916,0.894287
-0.582886,0.099731,0.755981
0.374878,-0.121826,1.015503
-0.147583,-0.325439,0.731201
-0.260986,0.196289,0.910767
0.369507,-0.381104,0.897461
-0.574341,0.069458,0.751221
0.341919,-0.085205,1.012573
-0.115234,-0.364990,0.724243
-0.311523,0.195435,0.882935
0.393433,-0.365479,0.924683
-0.557251,0.034424,0.733154
0.300659,-0.042358,1.005249
-0.071533,-0.384521,0.720825
-0.351440,0.197754,0.874268
0.411987,-0.348389,0.929321
-0.549316,-0.016235,0.716309
0.258057,-0.015747,1.002563
-0.037109,-0.375366,0.754150
-0.394165,0.195801,0.861816
0.418457,-0.322021,0.940674
-0.523315,-0.065063,0.710205
0.207886,0.015259,1.010864
-0.003418,-0.392700,0.769409
-0.430176,0.204346,0.850464
0.432495,-0.315308,0.955200
-0.499146,-0.085327,0.723267
0.165894,0.047363,1.008789
0.046631,-0.395996,0.787720
-0.473755,0.206787,0.836182
0.449707,-0.287720,0.964233
-0.467773,-0.107544,0.731689
0.131836,0.073975,1.023315
0.079224,-0.392578,0.795776
-0.502808,0.212036,0.827026
0.455078,-0.275513,0.978271
-0.435303,-0.147339,0.735352
0.086426,0.109375,1.025146
0.122192,-0.399780,0.822876
-0.529297,0.201782,0.820801
0.459839,-0.263550,0.981689
-0.395142,-0.160034,0.749023
0.037720,0.126343,1.010864
0.172974,-0.409180,0.830444
-0.550049,0.177246,0.802856
0.455933,-0.236816,0.989746
-0.343872,-0.175293,0.753296
0.000488,0.134521,0.992065
0.213501,-0.412598,0.842163
-0.567383,0.169922,0.791138
0.464355,-0.222900,1.003296
-0.278564,-0.209717,0.766602
-0.052612,0.160767,0.983521
0.252930,-0.415283,0.857666
-0.574097,0.151367,0.772217
0.456177,-0.214966,1.006958
-0.238037,-0.235229,0.758545
-0.092407,0.174927,0.962036
0.291382,-0.421021,0.864380
-0.579346,0.134155,0.767822
0.444946,-0.182251,1.008545
-0.182129,-0.268799,0.770508
-0.137207,0.182251,0.956421
0.316284,-0.420166,0.884033
-0.580444,0.110962,0.770264
0.426514,-0.154053,1.026489
-0.135254,-0.305420,0.773560
-0.183350,0.185913,0.941406
0.348145,-0.422363,0.885254
-0.559937,0.103760,0.772461
0.403809,-0.131714,1.011108
-0.097290,-0.326294,0.769287
-0.226929,0.181152,0.916992
0.374023,-0.412720,0.899536
-0.557983,0.059692,0.760986
0.375732,-0.091797,1.013428
-0.060425,-0.356689,0.763306
-0.276489,0.169067,0.883057
0.399780,-0.400513,0.912598
-0.543945,-0.001709,0.740723
0.331177,-0.065186,1.014526
-0.021973,-0.379761,0.760254
-0.327637,0.182251,0.873901
0.425659,-0.385254,0.929810
-0.530273,-0.035889,0.729614
0.281250,-0.040771,1.006836
0.013672,-0.406860,0.763306
-0.368896,0.172852,0.843750
0.433960,-0.354980,0.940674
-0.503906,-0.095093,0.729126
0.217773,0.001587,1.003906
0.049438,-0.420166,0.770386
-0.405518,0.160156,0.834106
0.453491,-0.342041,0.953125
-0.479004,-0.123779,0.728638
0.159424,0.036133,1.010986
0.090210,-0.427124,0.798218
-0.454590,0.160156,0.812012
0.461060,-0.316162,0.973145
-0.437988,-0.167480,0.723145
0.102173,0.076050,1.006836
0.131714,-0.427490,0.801514
-0.486206,0.143188,0.797607
0.479248,-0.292847,0.986206
-0.380981,-0.163086,0.757690
0.037109,0.100830,0.998657
0.192505,-0.447021,0.823730
-0.517700,0.131714,0.778687
0.476685,-0.262085,0.996094
-0.311768,-0.185425,0.774048
-0.028442,0.125732,0.990845
0.249756,-0.460815,0.848389
-0.527954,0.088135,0.756226
0.466309,-0.238647,1.007080
-0.244141,-0.232910,0.783081
-0.095947,0.154663,0.975586
0.304443,-0.465332,0.875122
-0.532104,0.058960,0.766724
0.439087,-0.202148,1.024414
-0.162598,-0.262451,0.798828
-0.152710,0.158936,0.960815
0.352661,-0.451050,0.898438
-0.539551,0.050659,0.780762
0.405151,-0.158813,1.026489
-0.086304,-0.328491,0.800537
-0.218140,0.150024,0.929077
0.390015,-0.423218,0.920166
-0.517212,-0.013428,0.760132
0.361328,-0.119751,1.016113
-0.015869,-0.386841,0.796997
-0.284424,0.154297,0.891113
0.424805,-0.405396,0.939453
-0.498413,-0.075928,0.751221
0.297241,-0.056030,1.022705
0.050293,-0.419922,0.791748
-0.350586,0.140991,0.857910
0.452515,-0.367920,0.963867
-0.467896,-0.132080,0.738037
0.228638,-0.018433,1.018921
0.088501,-0.438721,0.797119
-0.399048,0.126709,0.823730
0.476074,-0.334961,0.985474
-0.429321,-0.171387,0.732788
0.148193,0.039673,1.025879
0.146729,-0.440918,0.822144
-0.453735,0.112305,0.814575
0.484741,-0.307251,0.992798
-0.368896,-0.216431,0.748047
0.062744,0.099487,1.028687
0.234741,-0.463135,0.851929
-0.487305,0.087769,0.774170
0.484375,-0.294434,1.018921
-0.303589,-0.244629,0.770020
-0.024536,0.123779,1.003540
0.295410,-0.467651,0.883301
-0.507324,0.067017,0.773682
0.460571,-0.238281,1.025879
-0.209717,-0.269409,0.794312
-0.096924,0.156860,1.000732
0.349121,-0.451660,0.921143
-0.514526,0.059448,0.784424
0.439087,-0.188599,1.041504
-0.109497,-0.316528,0.809448
-0.172729,0.168701,0.979492
0.401611,-0.446289,0.935913
-0.496460,-0.007935,0.769409
0.391235,-0.138794,1.038696
-0.012329,-0.378784,0.824463
-0.244873,0.155151,0.945190
0.441895,-0.417358,0.966309
-0.469360,-0.085083,0.768677
0.330444,-0.062622,1.051514
0.066284,-0.419434,0.821655
-0.311768,0.155029,0.911987
0.482788,-0.381714,0.993286
-0.438110,-0.138916,0.762695
0.250488,-0.012451,1.049438
0.105713,-0.414062,0.835815
-0.382935,0.147583,0.886719
0.504761,-0.348389,1.018188
-0.390625,-0.199341,0.754639
0.155396,0.047119,1.052002
0.202393,-0.440796,0.861816
-0.428589,0.108398,0.830566
0.456177,-0.243408,1.007812
-0.329468,-0.236694,0.760132
-0.095459,0.131958,0.975830
0.323486,-0.444214,0.895630
-0.528809,0.069214,0.773315
0.417725,-0.172729,1.023926
-0.121826,-0.301880,0.806885
-0.184937,0.138550,0.944092
0.376221,-0.430664,0.923096
-0.510132,0.008057,0.774658
0.370361,-0.103149,1.035156
-0.019531,-0.366699,0.800537
-0.277588,0.135864,0.896362
0.427124,-0.416016,0.945679
-0.473633,-0.089233,0.754517
0.291138,-0.034546,1.031738
0.058350,-0.395874,0.794556
-0.366821,0.136108,0.862549
0.472900,-0.387939,0.981201
-0.432617,-0.167969,0.749512
0.191528,0.022705,1.034912
0.113281,-0.411011,0.813477
-0.430908,0.142212,0.828979
0.492188,-0.347656,0.992920
-0.380615,-0.218018,0.747925
0.084473,0.078491,1.028076
0.218262,-0.440796,0.850586
-0.484253,0.092041,0.777344
0.491577,-0.297729,1.010376
-0.274658,-0.258911,0.791870
-0.031616,0.129028,1.013062
0.300415,-0.453491,0.888306
-0.500122,0.060303,0.774170
0.453979,-0.217285,1.033203
-0.167358,-0.264282,0.820801
-0.114624,0.143188,0.994873
0.366211,-0.430786,0.935303
-0.495850,0.029663,0.774902
0.411865,-0.137085,1.046143
-0.059082,-0.322266,0.822388
-0.197144,0.154907,0.968750
0.426758,-0.422485,0.966553
-0.483521,-0.039307,0.758545
0.350952,-0.083618,1.042603
0.046265,-0.418823,0.819336
-0.278687,0.165649,0.935059
0.473999,-0.392578,0.997314
-0.456543,-0.113770,0.762817
0.287354,-0.035767,1.048584
0.086548,-0.423218,0.819702
-0.340332,0.147095,0.900879
0.504272,-0.360229,1.019897
-0.410400,-0.157959,0.767456
0.204102,0.025757,1.046265
0.147095,-0.431396,0.832520
-0.397095,0.128296,0.865723
0.526123,-0.326416,1.038330
-0.360107,-0.193359,0.781006
0.124268,0.075439,1.049316
0.232788,-0.465454,0.872314
-0.440918,0.078613,0.809082
0.527344,-0.306885,1.042480
-0.290161,-0.227051,0.798218
0.051636,0.109131,1.053467
0.294800,-0.455933,0.897461
-0.478027,0.089478,0.804321
0.503540,-0.250122,1.060669
-0.215088,-0.256592,0.813477
-0.010498,0.141357,1.058228
0.351196,-0.438477,0.936035
-0.487061,0.070801,0.802124
0.475342,-0.188232,1.070679
-0.135010,-0.279175,0.842041
-0.076294,0.159790,1.050415
0.403076,-0.424805,0.978394
-0.482544,0.038208,0.807495
0.436035,-0.126831,1.081543
-0.058838,-0.320801,0.844849
-0.127075,0.163330,1.040405
0.450684,-0.412964,1.003540
-0.463013,-0.014404,0.801636
0.415405,-0.080811,1.100220
0.017700,-0.359009,0.856812
-0.188354,0.175537,1.006104
0.487793,-0.382324,1.028076
-0.450562,-0.066406,0.789551
0.374634,-0.057983,1.104492
0.072144,-0.388062,0.869507
-0.242676,0.180420,0.993042
0.513062,-0.371216,1.039185
-0.414185,-0.111206,0.791382
0.329468,-0.014648,1.104736
0.093628,-0.374023,0.874512
-0.277710,0.179565,0.980957
0.546387,-0.356201,1.063599
-0.398438,-0.139282,0.791626
0.279419,0.011597,1.094971
0.144775,-0.386719,0.894653
-0.322021,0.164917,0.949951
0.562256,-0.322266,1.081421
-0.366699,-0.169312,0.804199
0.243164,0.048584,1.095947
0.185181,-0.402954,0.910522
-0.346069,0.135620,0.916382
0.568481,-0.322876,1.092041
-0.341309,-0.200562,0.792480
0.200073,0.061890,1.095215
0.239746,-0.406738,0.928223
-0.378174,0.149048,0.904419
0.575195,-0.304565,1.092529
-0.310059,-0.231323,0.801880
0.168579,0.077026,1.092896
0.268433,-0.405273,0.948975
-0.384399,0.114380,0.885986
0.573120,-0.273926,1.099731
-0.283569,-0.252197,0.806152
0.140625,0.105713,1.095581
0.303101,-0.428711,0.945557
-0.404419,0.082520,0.865356
0.568848,-0.255127,1.104492
-0.252563,-0.249146,0.834229
0.109741,0.115723,1.096802
0.326538,-0.424805,0.962891
-0.410400,0.080688,0.858398
0.574341,-0.258179,1.116577
-0.226318,-0.262329,0.842407
0.086060,0.129517,1.089355
0.351440,-0.411011,0.973022
-0.418457,0.095337,0.866333
0.557495,-0.212646,1.130981
-0.205444,-0.263062,0.852417
0.069092,0.129028,1.104492
0.380249,-0.424805,0.988770
-0.424683,0.112915,0.870483
0.540283,-0.168579,1.123779
-0.186646,-0.253296,0.861450
0.051514,0.139038,1.100586
0.393677,-0.423706,1.003784
-0.422974,0.084961,0.868164
0.543457,-0.168457,1.130005
-0.177856,-0.234985,0.863281
0.032471,0.159668,1.110352
0.418213,-0.405884,1.017212
-0.430908,0.069214,0.861816
0.526733,-0.131836,1.139038
-0.134277,-0.255859,0.874146
-0.001587,0.174438,1.106812
0.430786,-0.394897,1.019165
-0.433594,0.041016,0.858154
0.521729,-0.126221,1.151733
-0.084106,-0.281250,0.884399
-0.032959,0.182007,1.099487
0.449097,-0.375244,1.033813
-0.436890,0.018311,0.855347
0.503906,-0.115479,1.154297
-0.026855,-0.305176,0.895874
-0.073608,0.188110,1.088989
0.470215,-0.361816,1.052979
-0.432617,-0.005859,0.842163
0.480225,-0.083008,1.165894
0.009155,-0.329712,0.898438
-0.113037,0.184570,1.076416
0.492676,-0.328979,1.067017
-0.426880,-0.030640,0.836792
0.450073,-0.046265,1.166992
0.020508,-0.332153,0.886597
-0.182007,0.212891,1.061890
0.527466,-0.315918,1.100708
-0.407593,-0.091064,0.824463
0.412476,-0.016968,1.169434
0.058350,-0.337280,0.903809
-0.245483,0.219971,1.026367
0.561279,-0.304443,1.124268
-0.369995,-0.142090,0.819580
0.341431,0.044434,1.176392
0.121948,-0.351440,0.922974
-0.290527,0.179565,0.989624
0.575195,-0.289062,1.128784
-0.345825,-0.192871,0.815430
0.273193,0.070679,1.159302
0.201660,-0.383423,0.940186
-0.343384,0.143555,0.933105
0.573486,-0.261597,1.128174
-0.295654,-0.236084,0.813232
0.185547,0.091919,1.135864
0.277466,-0.408936,0.959473
-0.387817,0.126465,0.901978
0.568359,-0.223877,1.127441
-0.253296,-0.259033,0.821411
0.095825,0.111450,1.107666
0.337769,-0.389893,0.992554
-0.411865,0.083130,0.868896
0.554321,-0.175171,1.147949
-0.173218,-0.278076,0.852173
0.006714,0.141357,1.090820
0.378906,-0.379883,1.002319
-0.417725,0.037231,0.858276
0.534790,-0.128174,1.156372
-0.070801,-0.327393,0.865967
-0.075073,0.157104,1.062622
0.421021,-0.360962,1.021240
-0.422119,-0.010620,0.844116
0.490112,-0.066650,1.177490
-0.042603,-0.320068,0.855103
-0.177368,0.187744,1.041992
0.478882,-0.337891,1.064453
-0.428467,-0.072754,0.816040
0.432251,-0.010010,1.183716
0.005493,-0.300659,0.882446
-0.262573,0.219360,1.025269
0.517212,-0.319580,1.090576
-0.403809,-0.164795,0.789795
0.342041,0.015015,1.165405
0.079956,-0.348877,0.888916
-0.327026,0.184204,0.959473
0.556030,-0.298828,1.099976
-0.360596,-0.224365,0.789185
0.236450,0.051514,1.142334
0.176514,-0.394775,0.897949
-0.384277,0.149048,0.914062
0.555908,-0.253540,1.119263
-0.301636,-0.267700,0.806152
0.131226,0.092407,1.111084
0.255981,-0.403320,0.932251
-0.432739,0.108643,0.868286
0.552612,-0.202637,1.128662
-0.232422,-0.269287,0.832153
0.019409,0.107910,1.084717
0.308594,-0.396484,0.949585
-0.454956,0.044556,0.826782
0.529419,-0.164307,1.121948
-0.132812,-0.302246,0.834106
-0.059692,0.153320,1.060425
0.364502,-0.384399,0.970581
-0.476074,-0.007935,0.809937
0.481689,-0.111328,1.150635
-0.105957,-0.304932,0.807129
-0.160156,0.199097,1.054932
0.429199,-0.359375,1.006592
-0.486328,-0.054443,0.788940
0.425415,-0.073975,1.142090
-0.060059,-0.293701,0.835327
-0.257080,0.221191,1.020264
0.486572,-0.327393,1.054565
-0.463501,-0.122559,0.760132
0.326782,-0.036743,1.124268
0.010742,-0.347168,0.832397
-0.317627,0.170410,0.948364
0.503296,-0.295288,1.065552
-0.412964,-0.201416,0.755737
0.227051,0.008667,1.098022
0.086792,-0.376709,0.866943
-0.397827,0.144043,0.905029
0.522949,-0.266846,1.085693
-0.377075,-0.226440,0.772705
0.131714,0.066284,1.074463
0.168823,-0.390625,0.887329
-0.441040,0.104126,0.857056
0.515625,-0.237305,1.092041
-0.308960,-0.244507,0.794678
0.045654,0.093872,1.065430
0.220947,-0.391846,0.886841
-0.476318,0.073853,0.825806
0.510864,-0.225952,1.089844
-0.225708,-0.271973,0.798828
-0.038940,0.136597,1.039185
0.270020,-0.384766,0.908813
-0.497192,0.020386,0.792358
0.489502,-0.197144,1.086670
-0.192017,-0.308350,0.777466
-0.113525,0.150757,1.018433
0.331299,-0.385376,0.931030
-0.521484,0.007568,0.775391
0.450073,-0.159180,1.088257
-0.167114,-0.306885,0.771118
-0.196899,0.179443,1.005737
0.376709,-0.372559,0.952393
-0.523560,-0.027466,0.766113
0.401001,-0.113647,1.094482
-0.137695,-0.322876,0.777954
-0.263184,0.170776,0.971924
0.409546,-0.356323,0.976440
-0.518066,-0.056885,0.747803
0.344604,-0.074829,1.083374
-0.093994,-0.331543,0.788086
-0.325073,0.178711,0.932251
0.426147,-0.332275,0.993408
-0.500122,-0.115723,0.723999
0.284790,-0.050659,1.078735
-0.047974,-0.344971,0.795410
-0.382690,0.176636,0.912842
0.439697,-0.319336,1.007812
-0.479736,-0.151367,0.714600
0.215576,0.011597,1.065308
0.005371,-0.374390,0.813477
-0.437012,0.168823,0.881836
0.445679,-0.313232,1.010864
-0.470093,-0.181152,0.712524
0.160767,0.039429,1.056152
0.067871,-0.385742,0.829224
-0.477661,0.165161,0.859985
0.453369,-0.284302,1.021973
-0.441528,-0.224487,0.727417
0.099243,0.071655,1.054932
0.110474,-0.403320,0.835205
-0.517822,0.148071,0.834473
0.465454,-0.274780,1.025635
-0.376221,-0.217529,0.756348
0.040894,0.095947,1.040649
0.157715,-0.402710,0.842896
-0.533813,0.140137,0.804932
0.452759,-0.259399,1.012695
-0.331909,-0.244141,0.752075
-0.003540,0.097900,1.026978
0.206299,-0.410400,0.865112
-0.555298,0.125854,0.790649
0.444946,-0.235107,1.022705
-0.285767,-0.293457,0.727051
-0.061646,0.111572,1.009521
0.245239,-0.410522,0.877686
-0.576782,0.109619,0.776978
0.436035,-0.214844,1.026611
-0.250366,-0.299683,0.726685
-0.116211,0.142090,0.995728
0.280396,-0.412354,0.884888
-0.582397,0.080933,0.764038
0.409668,-0.187744,1.019409
-0.238525,-0.300781,0.721924
-0.166626,0.153931,0.984619
0.308472,-0.415405,0.900757
-0.588135,0.065186,0.753662
0.384766,-0.159790,1.020020
-0.212280,-0.291138,0.728394
-0.224365,0.162231,0.953613
0.338257,-0.401001,0.912842
-0.587402,0.026978,0.751221
0.361816,-0.133911,1.020386
-0.190552,-0.322266,0.715454
-0.276245,0.170532,0.930054
0.364136,-0.393921,0.929688
-0.574463,0.015869,0.742676
0.326172,-0.094116,1.025024
-0.167725,-0.333130,0.721924
-0.317139,0.167725,0.905762
0.383057,-0.387573,0.934448
-0.567871,-0.011353,0.734131
0.295898,-0.064697,1.025879
-0.145874,-0.337036,0.727295
-0.352905,0.192261,0.902344
0.405884,-0.375122,0.935547
-0.565063,-0.017822,0.724487
0.267944,-0.064575,1.015137
-0.113281,-0.346924,0.747070
-0.385254,0.200195,0.888916
0.407593,-0.356812,0.943359
-0.543823,-0.054565,0.703857
0.234131,-0.028809,1.020996
-0.091187,-0.367798,0.747070
-0.414551,0.208008,0.886841
0.409790,-0.346436,0.951172
-0.542236,-0.082275,0.694946
0.208374,-0.001831,1.015747
-0.063354,-0.390137,0.752441
-0.444458,0.222046,0.878662
0.426147,-0.343018,0.953369
-0.531616,-0.096558,0.704224
0.176636,0.021973,1.019775
-0.044556,-0.382446,0.759277
-0.465698,0.208130,0.871216
0.431519,-0.326294,0.963623
-0.514771,-0.109009,0.711792
0.141113,0.054443,1.017090
-0.014893,-0.397217,0.760986
-0.486572,0.229370,0.869019
0.431519,-0.321777,0.966309
-0.487305,-0.118408,0.726685
0.120972,0.060791,1.016113
0.014160,-0.397217,0.772217
-0.517700,0.233643,0.845093
0.430908,-0.309692,0.958618
-0.459961,-0.150269,0.720947
0.102295,0.082886,1.017944
0.044067,-0.398071,0.780518
-0.534668,0.235962,0.840088
0.444580,-0.306763,0.969360
-0.445923,-0.154297,0.729370
0.086548,0.102417,1.028198
0.069824,-0.389404,0.794189
-0.550171,0.218140,0.828735
0.445557,-0.289551,0.972412
-0.400391,-0.180420,0.738525
0.057007,0.130493,1.026123
0.103882,-0.398560,0.807007
-0.565552,0.218872,0.818604
0.441528,-0.267578,0.973877
-0.371826,-0.204346,0.727905
0.043335,0.121826,1.018311
0.131592,-0.395142,0.819946
-0.577271,0.211182,0.804199
0.436890,-0.249146,0.988159
-0.329590,-0.207642,0.746338
0.010132,0.141357,1.015625
0.165283,-0.393921,0.834106
-0.591309,0.213257,0.800415
0.441406,-0.247070,0.977905
-0.299316,-0.238525,0.743896
-0.021240,0.140625,1.002075
0.203735,-0.396484,0.845825
-0.595459,0.197144,0.794800
0.436157,-0.209473,0.991699
-0.270752,-0.258179,0.732300
-0.057251,0.159668,0.993286
0.234375,-0.393555,0.857300
-0.601440,0.188843,0.778076
0.432739,-0.200562,0.993774
-0.232788,-0.263428,0.748169
-0.103149,0.165771,0.969238
0.277344,-0.387939,0.879395
-0.599365,0.171021,0.779419
0.426636,-0.178345,1.011597
-0.205078,-0.293945,0.731445
-0.141968,0.176147,0.952026
0.312256,-0.398926,0.887451
-0.589111,0.133057,0.778931
0.407959,-0.152588,1.011230
-0.167236,-0.323486,0.744873
-0.179443,0.178711,0.941772
0.339355,-0.377441,0.903687
-0.596191,0.113525,0.759766
0.389771,-0.132080,1.012573
-0.128540,-0.325562,0.744873
-0.218994,0.177612,0.916138
0.356934,-0.362793,0.913696
-0.575562,0.091919,0.760254
0.357300,-0.090942,1.015015
-0.094849,-0.371826,0.738037
-0.261841,0.175171,0.899780
0.385010,-0.360718,0.921143
-0.564575,0.050415,0.744263
0.323730,-0.073486,1.006104
-0.075562,-0.385864,0.729248
-0.303955,0.181885,0.882324
0.394165,-0.349731,0.926880
-0.555054,0.010864,0.733398
0.287598,-0.046997,0.994385
-0.041260,-0.401733,0.740234
-0.346924,0.190308,0.863525
0.421021,-0.343994,0.936646
-0.531738,-0.029541,0.727417
0.245605,-0.014893,0.995605
-0.019165,-0.405151,0.740723
-0.393799,0.191162,0.851807
0.437378,-0.329102,0.943237
-0.509888,-0.061401,0.726929
0.202881,0.019897,1.008667
0.012207,-0.402222,0.752686
-0.430054,0.191772,0.837402
0.446655,-0.317627,0.956665
-0.482422,-0.081543,0.741455
0.167725,0.052734,1.021240
0.048218,-0.411743,0.765137
-0.472778,0.205322,0.825928
0.454468,-0.310669,0.962646
-0.447632,-0.108643,0.751587
0.129517,0.081543,1.016968
0.084961,-0.398315,0.797363
-0.503662,0.194580,0.812622
0.460327,-0.301636,0.960571
-0.397583,-0.142944,0.765137
0.083984,0.113770,1.020020
0.128418,-0.406616,0.815674
-0.541504,0.190674,0.791260
0.468994,-0.282715,0.970825
-0.365845,-0.150879,0.762695
0.041992,0.132080,1.015625
0.177368,-0.415649,0.837524
-0.558472,0.171265,0.792114
0.462646,-0.263062,0.973022
-0.326416,-0.171387,0.766113
-0.000244,0.153320,1.000488
0.224731,-0.426025,0.850342
-0.563599,0.154785,0.777832
0.455200,-0.241699,0.988037
-0.278198,-0.200073,0.766113
-0.058594,0.168335,0.985352
0.265503,-0.413452,0.866333
-0.564819,0.109131,0.764526
0.443848,-0.222290,0.999756
-0.233154,-0.233765,0.779907
-0.092285,0.152710,0.965698
0.299561,-0.417847,0.887085
-0.567261,0.101318,0.759521
0.428955,-0.184692,1.012329
-0.172119,-0.295410,0.773682
-0.131958,0.161621,0.956665
0.325317,-0.413696,0.896851
-0.557983,0.086670,0.770874
0.416016,-0.169189,1.010132
-0.132324,-0.307617,0.776245
-0.176392,0.167358,0.938599
0.354004,-0.403564,0.902954
-0.549805,0.063965,0.779175
0.397217,-0.136475,1.015747
-0.101929,-0.336792,0.773682
-0.217407,0.167480,0.920532
0.386230,-0.414795,0.917358
-0.533936,0.020996,0.760498
0.363037,-0.103638,1.017456
-0.053955,-0.378906,0.767090
-0.255737,0.164795,0.899536
0.406738,-0.409424,0.927612
-0.529297,-0.019043,0.752319
0.334351,-0.087646,1.011597
-0.012573,-0.400879,0.782227
-0.289673,0.155029,0.873291
0.422241,-0.381836,0.936768
-0.521118,-0.060425,0.731201
0.300537,-0.061768,1.012939
0.023804,-0.434570,0.764526
-0.332520,0.142212,0.855469
0.432373,-0.378540,0.944214
-0.502319,-0.097168,0.733887
0.257324,-0.037476,1.017334
0.046997,-0.444336,0.768433
-0.382080,0.154175,0.833740
0.461670,-0.368408,0.962891
-0.475952,-0.132080,0.738159
0.211670,0.002808,1.022827
0.092041,-0.453003,0.783447
-0.420654,0.143311,0.820923
0.467163,-0.357300,0.966187
-0.448853,-0.136963,0.742554
0.160645,0.033325,1.018799
0.125732,-0.440063,0.807129
-0.451538,0.140869,0.803101
0.474976,-0.327026,0.974976
-0.415649,-0.175537,0.735474
0.109863,0.060547,1.025391
0.179199,-0.458008,0.828003
-0.482056,0.143188,0.800537
0.481812,-0.304321,0.988892
-0.364502,-0.202148,0.761597
0.032104,0.093994,1.017334
0.226685,-0.466064,0.840576
-0.498169,0.100098,0.769653
0.483154,-0.286743,1.004395
-0.316162,-0.243530,0.764526
-0.016113,0.116577,1.013306
0.276489,-0.463867,0.869873
-0.512451,0.075806,0.763794
0.464233,-0.242676,1.020630
-0.235107,-0.226196,0.811279
-0.082153,0.137451,0.993164
0.318481,-0.471313,0.888550
-0.518311,0.066772,0.778564
0.443481,-0.199219,1.035034
-0.171265,-0.276001,0.809204
-0.130859,0.154053,0.990234
0.364014,-0.454834,0.914307
-0.518433,0.061035,0.781372
0.421021,-0.159912,1.040527
-0.089844,-0.312988,0.816284
-0.183472,0.150757,0.970215
0.404907,-0.438965,0.929932
-0.504395,-0.000854,0.774780
0.379272,-0.098267,1.047363
-0.005981,-0.362549,0.821777
-0.245728,0.146484,0.941772
0.431763,-0.418091,0.960083
-0.474854,-0.069702,0.760742
0.327026,-0.061401,1.045532
0.060791,-0.414062,0.823120
-0.305176,0.140015,0.908203
0.469238,-0.379883,0.983154
-0.448486,-0.116089,0.765869
0.262085,-0.015869,1.041992
0.099854,-0.420776,0.832031
-0.362061,0.133179,0.877441
0.493774,-0.361694,1.004761
-0.412354,-0.173828,0.751343
0.192017,0.030640,1.044922
0.159668,-0.413452,0.859253
-0.418335,0.116211,0.858154
0.505859,-0.339478,1.018066
-0.359741,-0.227783,0.755981
0.102661,0.069946,1.037964
0.251099,-0.440186,0.883545
-0.455322,0.091309,0.807495
0.511108,-0.285522,1.049194
-0.284058,-0.262695,0.773315
0.009644,0.122803,1.039551
0.325928,-0.449097,0.913330
-0.472046,0.062622,0.799927
0.474365,-0.219238,1.047974
-0.197632,-0.271851,0.819458
-0.063843,0.152344,1.029541
0.390503,-0.435303,0.965942
-0.483521,0.049072,0.805176
0.445923,-0.138306,1.079468
-0.100952,-0.308838,0.822632
-0.140015,0.156372,1.003784
0.446045,-0.412842,0.990967
-0.460815,-0.009033,0.796753
0.401001,-0.087402,1.076904
0.020142,-0.377197,0.838379
-0.219482,0.166016,0.981079
0.490723,-0.387817,1.015747
-0.432983,-0.096802,0.785400
0.338623,-0.039062,1.082520
0.083984,-0.380615,0.857056
-0.290527,0.157837,0.945190
0.521118,-0.347900,1.042480
-0.388428,-0.167847,0.791626
0.250732,0.017090,1.079712
0.149048,-0.383179,0.884888
-0.360962,0.145264,0.908569
0.540649,-0.303833,1.066406
-0.331299,-0.201294,0.794312
0.171631,0.067871,1.074219
0.250122,-0.434692,0.912109
-0.413086,0.096558,0.843262
0.534790,-0.262695,1.078003
-0.260376,-0.242310,0.806030
0.070068,0.131470,1.083374
0.333862,-0.450562,0.945190
-0.452515,0.072144,0.822266
0.512085,-0.210571,1.083130
-0.184326,-0.260986,0.834839
-0.009277,0.147949,1.065186
0.401855,-0.429199,0.990234
-0.465454,0.052246,0.820801
0.478394,-0.130859,1.114990
-0.088257,-0.294678,0.855103
-0.090820,0.166016,1.059082
0.465088,-0.405029,1.024536
-0.454468,0.005249,0.824829
0.442871,-0.085815,1.117065
0.035522,-0.343018,0.883057
-0.328247,0.145142,0.901855
0.513794,-0.362427,1.022217
-0.422729,-0.095337,0.802002
0.198120,0.026733,1.047363
0.070190,-0.351562,0.883301
-0.399658,0.135864,0.865112
0.533569,-0.328003,1.043091
-0.348145,-0.214233,0.778564
0.098877,0.083984,1.043823
0.249512,-0.450439,0.883667
-0.433105,0.070068,0.802002
0.517456,-0.257935,1.061279
-0.260010,-0.236816,0.808838
0.004395,0.127563,1.047241
0.333008,-0.454102,0.926758
-0.473633,0.056030,0.793457
0.478271,-0.194458,1.067993
-0.167847,-0.241089,0.844849
-0.067871,0.162842,1.037476
0.399170,-0.439209,0.964600
-0.478271,0.023926,0.803467
0.438477,-0.127441,1.084839
-0.063232,-0.290894,0.855957
-0.140747,0.155029,1.006592
0.460815,-0.411987,1.012085
-0.455933,-0.057739,0.782104
0.384277,-0.070312,1.094116
0.050293,-0.372681,0.855591
-0.229126,0.163330,0.980713
0.513794,-0.362061,1.038208
-0.415894,-0.115723,0.791626
0.312378,-0.015625,1.084229
0.098389,-0.385620,0.872803
-0.309204,0.167236,0.939575
0.547729,-0.317383,1.077515
-0.366211,-0.187988,0.785767
0.208008,0.055786,1.089722
0.206177,-0.425537,0.895996
-0.375122,0.124268,0.879272
0.559937,-0.283447,1.080566
-0.296631,-0.222412,0.812744
0.108765,0.103149,1.077759
0.303833,-0.444214,0.927490
-0.424072,0.072266,0.832642
0.530884,-0.218262,1.100098
-0.212036,-0.221436,0.840820
0.026123,0.148071,1.086548
0.383789,-0.451904,0.972168
-0.466553,0.071899,0.835693
0.499268,-0.142456,1.116089
-0.121460,-0.239868,0.869263
-0.054932,0.178467,1.079834
0.446411,-0.424072,1.016113
-0.454956,-0.012695,0.820435
0.457520,-0.093140,1.126587
-0.000610,-0.302368,0.887451
-0.144409,0.200073,1.052856
0.496338,-0.382690,1.053101
-0.432373,-0.084595,0.803101
0.403931,-0.053223,1.133057
0.063477,-0.342407,0.890381
-0.214844,0.201538,1.022705
0.530762,-0.345093,1.075806
-0.396118,-0.136597,0.812378
0.334595,0.008301,1.127319
0.121948,-0.370605,0.910400
-0.290649,0.193970,0.987305
0.572266,-0.301147,1.113159
-0.353516,-0.186646,0.804688
0.246460,0.059082,1.118530
0.223145,-0.426392,0.921387
-0.343750,0.141968,0.928833
0.585449,-0.282227,1.115601
-0.293945,-0.220459,0.821899
0.163208,0.093628,1.101929
0.303711,-0.449707,0.949219
-0.386108,0.100586,0.877686
0.566650,-0.228027,1.129150
-0.220703,-0.227539,0.843384
0.074951,0.133301,1.100952
0.369141,-0.423462,0.987183
-0.430054,0.094482,0.862793
0.550659,-0.168701,1.141846
-0.145752,-0.235596,0.875977
-0.009033,0.182373,1.104492
0.421387,-0.407349,1.023071
-0.431519,0.028564,0.856201
0.524536,-0.111206,1.160645
-0.036255,-0.282471,0.900146
-0.091675,0.207031,1.092041
0.469482,-0.373169,1.047852
-0.425415,-0.020264,0.838013
0.476929,-0.068481,1.161377
0.029419,-0.312988,0.900513
-0.149658,0.217163,1.081177
0.516357,-0.333130,1.081787
-0.418457,-0.076172,0.812500
0.409180,-0.015991,1.163452
0.074707,-0.336182,0.918213
-0.236938,0.213257,1.038330
0.550293,-0.290649,1.122803
-0.383423,-0.156494,0.801514
0.331299,0.033203,1.154663
0.150513,-0.366455,0.936279
-0.291626,0.172363,0.984009
0.579956,-0.272583,1.136230
-0.326172,-0.200195,0.817505
0.238525,0.083130,1.146851
0.239624,-0.417969,0.937012
-0.346802,0.134888,0.923950
0.592285,-0.244141,1.139282
-0.269287,-0.232910,0.838623
0.148560,0.118774,1.130859
0.318604,-0.422607,0.972046
-0.396851,0.118164,0.901245
0.573120,-0.205200,1.149414
-0.203369,-0.253418,0.857666
0.058350,0.159790,1.116211
0.373169,-0.404785,1.005737
-0.416870,0.068237,0.874023
0.556152,-0.161499,1.154541
-0.114258,-0.276611,0.878174
-0.029541,0.184692,1.105591
0.417358,-0.377441,1.026245
-0.428223,0.015747,0.862183
0.520142,-0.104004,1.167114
-0.022583,-0.333008,0.876953
-0.102661,0.201172,1.077393
0.459473,-0.343140,1.053711
-0.429199,-0.033325,0.829102
0.472534,-0.047852,1.184814
0.000366,-0.334106,0.872437
-0.191895,0.226196,1.064941
0.508789,-0.325073,1.083618
-0.421265,-0.079590,0.822998
0.405151,-0.004028,1.179077
0.055786,-0.354736,0.885864
-0.261597,0.205688,1.023071
0.554565,-0.304688,1.109985
-0.399902,-0.144287,0.800781
0.323364,0.026123,1.153687
0.136230,-0.380615,0.896484
-0.307007,0.160278,0.957886
0.569580,-0.281128,1.116211
-0.346924,-0.212646,0.811523
0.232300,0.059814,1.133667
0.213013,-0.404419,0.915771
-0.368774,0.145020,0.918335
0.570068,-0.258545,1.123047
-0.291992,-0.245850,0.820679
0.141357,0.099731,1.121094
0.271851,-0.397095,0.952393
-0.409546,0.098511,0.890137
0.565308,-0.217163,1.134766
-0.236450,-0.266724,0.834351
0.048950,0.129272,1.086914
0.317505,-0.375000,0.962158
-0.428589,0.046875,0.855469
0.546387,-0.176880,1.142334
-0.131958,-0.322144,0.844116
-0.029175,0.145630,1.068726
0.361328,-0.369141,0.984375
-0.444214,0.013306,0.830444
0.518921,-0.135864,1.146729
-0.099121,-0.329712,0.821533
-0.107056,0.176147,1.065430
0.395508,-0.360840,0.996338
-0.452881,-0.022827,0.822632
0.477417,-0.095337,1.151733
-0.078613,-0.342407,0.814209
-0.187378,0.202637,1.036255
0.447876,-0.354858,1.031250
-0.460205,-0.051270,0.799194
0.432007,-0.059814,1.162109
-0.047974,-0.312378,0.840942
-0.253174,0.211426,1.017090
0.480713,-0.334595,1.044678
-0.453369,-0.098145,0.779419
0.363037,-0.030518,1.148438
0.010132,-0.324707,0.864502
-0.303467,0.187256,0.973389
0.501709,-0.314819,1.064331
-0.416992,-0.168701,0.765503
0.294434,-0.007935,1.125732
0.069824,-0.353394,0.868896
-0.360474,0.165649,0.933472
0.508667,-0.281006,1.070312
-0.379761,-0.203003,0.776611
0.215820,0.027710,1.107666
0.130737,-0.379028,0.878418
-0.411621,0.135010,0.893677
0.508789,-0.267944,1.070435
-0.361816,-0.241211,0.770874
0.137573,0.062012,1.075928
0.185913,-0.382568,0.894409
-0.449707,0.112305,0.864014
0.508301,-0.238037,1.080322
-0.328125,-0.246582,0.784912
0.065308,0.083984,1.066528
0.234009,-0.387939,0.908813
-0.474609,0.067627,0.837891
0.490356,-0.211426,1.084717
-0.237915,-0.296387,0.790283
-0.012085,0.113525,1.047119
0.278931,-0.391479,0.918701
-0.490601,0.042969,0.803711
0.472168,-0.175537,1.091797
-0.194214,-0.320923,0.769409
-0.081909,0.151733,1.031494
0.329834,-0.401123,0.931030
-0.513428,0.010620,0.790894
0.449829,-0.147705,1.091064
-0.174683,-0.324341,0.755493
-0.164551,0.183594,1.022827
0.373291,-0.380615,0.963013
-0.519531,-0.029175,0.770630
0.410400,-0.114380,1.097656
-0.149902,-0.341187,0.759033
-0.247559,0.187744,0.989746
0.403442,-0.364380,0.982422
-0.520142,-0.046875,0.762451
0.359009,-0.080322,1.090698
-0.109985,-0.323242,0.786011
-0.299805,0.179321,0.948608
0.429688,-0.349365,0.998657
-0.510376,-0.097412,0.732422
0.303833,-0.046387,1.089722
-0.062378,-0.353394,0.788086
-0.369873,0.180786,0.920410
0.448120,-0.329834,1.003540
-0.483521,-0.126587,0.723389
0.244995,-0.015747,1.080322
-0.001221,-0.374756,0.804199
-0.429321,0.178345,0.890625
0.450439,-0.298950,1.023071
-0.456177,-0.176392,0.722900
0.167969,0.015625,1.059448
0.066040,-0.398560,0.831665
-0.487183,0.167358,0.858398
0.462280,-0.276489,1.022949
-0.429321,-0.221924,0.735596
0.090576,0.061523,1.039551
0.124512,-0.413574,0.841553
-0.516968,0.135010,0.832520
0.456909,-0.269043,1.025269
-0.352417,-0.221558,0.752075
0.024780,0.088379,1.034302
0.184326,-0.429321,0.851807
-0.542725,0.117432,0.798950
0.442017,-0.240601,1.012695
-0.295898,-0.250000,0.748901
-0.048340,0.110229,1.009155
0.240601,-0.422363,0.868286
-0.560547,0.081177,0.782104
0.432007,-0.212524,1.020142
-0.250854,-0.280151,0.744385
-0.136719,0.145020,0.987671
0.296509,-0.408203,0.902710
-0.563965,0.025391,0.753174
0.405273,-0.168823,1.041748
-0.215942,-0.299805,0.730957
-0.232056,0.176392,0.970093
0.350830,-0.384277,0.932739
-0.569702,-0.015137,0.741089
0.353638,-0.123535,1.044067
-0.182617,-0.322510,0.730591
-0.296387,0.174805,0.937988
0.384888,-0.377441,0.945557
-0.561523,-0.062378,0.719238
0.295288,-0.063965,1.044189
-0.130737,-0.343506,0.744141
-0.384521,0.200073,0.901855
0.405640,-0.347900,0.960693
-0.530151,-0.107910,0.712158
0.220459,-0.021118,1.038086
-0.066040,-0.372437,0.766235
-0.456055,0.204102,0.879883
0.426270,-0.321777,0.982300
-0.500732,-0.153076,0.711792
0.128296,0.041870,1.026978
0.016846,-0.394043,0.796753
-0.511719,0.200684,0.846191
0.438599,-0.285400,0.988892
-0.430664,-0.206787,0.726074
0.052979,0.085938,1.023315
0.102295,-0.414551,0.810059
-0.551636,0.183350,0.824341
0.442627,-0.254395,0.998535
-0.349487,-0.218750,0.742920
-0.010498,0.111572,1.010132
0.174683,-0.436035,0.831665
-0.575562,0.142944,0.789307
0.428101,-0.216064,1.003540
-0.287354,-0.259033,0.726929
-0.095703,0.144653,0.990234
0.252563,-0.422485,0.868042
-0.597900,0.102905,0.767090
0.404419,-0.171387,1.013672
-0.230469,-0.308594,0.709595
-0.189941,0.182617,0.969727
0.311279,-0.408813,0.899170
-0.593628,0.068359,0.750854
0.365356,-0.127441,1.026123
-0.187866,-0.332764,0.705078
-0.266479,0.191406,0.936768
0.361572,-0.398926,0.903198
-0.586182,0.014526,0.733643
0.313843,-0.086182,1.014526
-0.139282,-0.360840,0.712769
-0.357056,0.194458,0.894531
0.394653,-0.368774,0.932251
-0.556519,-0.045776,0.700806
0.235718,-0.018555,1.014526
-0.081909,-0.380615,0.734375
-0.429077,0.219727,0.889526
0.423096,-0.324585,0.955200
-0.528809,-0.115356,0.697021
0.156128,0.034546,1.010742
-0.005127,-0.381958,0.770752
-0.500854,0.224243,0.862427
0.435059,-0.290771,0.976196
-0.449585,-0.157593,0.728760
0.083496,0.088501,1.024292
0.076904,-0.399658,0.795288
-0.548584,0.209473,0.837646
0.436523,-0.252441,0.983643
-0.363770,-0.194214,0.743408
0.014404,0.105591,1.004150
0.154907,-0.401489,0.828369
-0.577515,0.184204,0.799927
0.428711,-0.206299,0.995728
-0.284424,-0.249023,0.732788
-0.068726,0.149048,0.981567
0.232300,-0.390747,0.863159
-0.593018,0.143921,0.773804
0.408936,-0.167114,1.004883
-0.214600,-0.284180,0.734253
-0.159424,0.174316,0.958496
0.306763,-0.390259,0.889648
-0.594849,0.096924,0.757812
0.380371,-0.123291,1.004395
-0.161621,-0.341797,0.714111
-0.242676,0.191772,0.926514
0.366577,-0.385498,0.901611
-0.586548,0.058716,0.738892
0.335449,-0.064331,1.024048
-0.108398,-0.385254,0.709961
-0.326782,0.206055,0.897095
0.400635,-0.361084,0.924805
-0.558350,0.000000,0.723022
0.259888,-0.010498,1.008911
-0.059692,-0.392700,0.730591
-0.399536,0.222656,0.874146
0.429932,-0.341431,0.942017
-0.529541,-0.063110,0.712280
0.181274,0.032715,1.007935
0.001953,-0.395020,0.758789
-0.466187,0.222168,0.859741
0.439819,-0.283936,0.966064
-0.466919,-0.102417,0.739258
0.111572,0.074341,1.015869
0.063965,-0.391724,0.787964
-0.525391,0.216797,0.833618
0.448608,-0.257324,0.979004
-0.384033,-0.145020,0.751343
0.047607,0.103638,0.996948
0.143188,-0.384155,0.822876
-0.562012,0.200317,0.804443
0.443359,-0.217163,0.986694
-0.298950,-0.218140,0.755371
-0.031250,0.147705,0.995483
0.219604,-0.389526,0.860107
-0.581909,0.158081,0.779785
0.437134,-0.182617,1.004150
-0.217773,-0.269531,0.741821
-0.111816,0.176025,0.964111
0.287964,-0.384399,0.883667
-0.585205,0.115845,0.759888
0.411377,-0.137695,1.007812
-0.146240,-0.335938,0.740845
-0.202515,0.189697,0.929443
0.349365,-0.385864,0.892822
-0.574463,0.081299,0.756104
0.363770,-0.086548,1.018311
-0.090210,-0.377930,0.729370
-0.277100,0.199341,0.885986
0.391602,-0.363525,0.927612
-0.553345,0.002930,0.721191
0.296997,-0.037720,1.007568
-0.039551,-0.408203,0.723755
-0.355957,0.200317,0.857788
0.430420,-0.340698,0.942627
-0.525391,-0.067505,0.706665
0.220947,0.012939,1.003784
0.015381,-0.414551,0.750000
-0.428833,0.215088,0.847534
0.450928,-0.308350,0.956787
-0.483521,-0.104370,0.731201
0.142944,0.062012,1.014526
0.068481,-0.417358,0.777344
-0.486084,0.205322,0.828613
0.462402,-0.276245,0.968994
-0.424927,-0.147461,0.736816
0.076050,0.106445,1.012939
0.133057,-0.412354,0.806030
-0.539062,0.184326,0.794189
0.463745,-0.239624,0.997070
-0.334717,-0.185059,0.757324
-0.011597,0.150146,1.008789
0.212646,-0.421631,0.840210
-0.562256,0.151855,0.777710
0.455444,-0.209106,0.995239
-0.244629,-0.228027,0.774658
-0.089600,0.169678,0.978271
0.279663,-0.416138,0.875122
-0.573730,0.117676,0.761963
0.434082,-0.167603,1.015381
-0.147705,-0.286133,0.774048
-0.170288,0.172119,0.939331
0.337891,-0.419678,0.891968
-0.564697,0.082764,0.773682
0.393555,-0.114868,1.016602
-0.079346,-0.344360,0.764893
-0.249634,0.169189,0.892090
0.387085,-0.401001,0.916138
-0.542603,-0.005981,0.736816
0.328003,-0.063721,1.010010
-0.016357,-0.404419,0.754883
-0.324951,0.184814,0.869141
0.427002,-0.377563,0.925049
-0.522217,-0.069092,0.727783
0.244263,-0.021606,0.998901
0.030396,-0.416626,0.756470
-0.388672,0.172729,0.837769
0.457642,-0.336426,0.958740
-0.483276,-0.111328,0.731812
0.165283,0.018433,1.006836
0.073242,-0.438599,0.772095
-0.451904,0.163574,0.806519
0.465454,-0.296509,0.968994
-0.427734,-0.145874,0.753418
0.091919,0.069824,1.011841
0.130859,-0.438721,0.800537
-0.500488,0.137695,0.784058
0.472412,-0.273438,0.981323
-0.353882,-0.177002,0.760498
0.007568,0.119751,1.001709
0.209351,-0.452637,0.835693
-0.536499,0.093140,0.750122
0.459351,-0.235107,0.995728
-0.260010,-0.196533,0.786621
-0.078613,0.161011,0.993652
0.277222,-0.461182,0.861816
-0.551392,0.065308,0.754761
0.430908,-0.182861,1.020996
-0.166138,-0.257568,0.796753
-0.142700,0.177246,0.972290
0.337524,-0.438232,0.901611
-0.552490,0.055298,0.760254
0.401123,-0.129272,1.028076
-0.089966,-0.322510,0.784180
-0.210327,0.179199,0.939453
0.384155,-0.430908,0.916382
-0.540527,0.002930,0.753418
0.355103,-0.104858,1.011597
-0.016724,-0.387329,0.777832
-0.276489,0.188477,0.905151
0.433350,-0.419067,0.935547
-0.511597,-0.057983,0.745239
0.282715,-0.082031,0.991089
0.028442,-0.424927,0.772461
-0.331177,0.159302,0.877930
0.456299,-0.372925,0.955078
-0.479614,-0.112671,0.749756
0.224976,-0.029419,1.000366
0.066895,-0.448120,0.777344
-0.392090,0.134766,0.839966
0.476929,-0.348389,0.979614
-0.444336,-0.155029,0.741455
0.153931,0.016846,1.010132
0.104492,-0.445923,0.783569
-0.439819,0.124023,0.810547
0.488892,-0.317627,0.986938
-0.389038,-0.174072,0.764526
0.073975,0.062256,1.013306
0.174072,-0.462769,0.820557
-0.478149,0.093018,0.780518
0.485962,-0.287231,1.011475
-0.338989,-0.182983,0.777466
0.010620,0.101685,1.017334
0.248291,-0.487061,0.836792
-0.505005,0.070435,0.760376
0.468994,-0.256226,1.009399
-0.261108,-0.217041,0.800903
-0.051270,0.132568,1.006348
0.299316,-0.468628,0.880127
-0.526978,0.050415,0.761108
0.447144,-0.198853,1.035400
-0.189575,-0.234619,0.820190
-0.107910,0.159058,1.003296
0.344604,-0.450806,0.911255
-0.524414,0.043091,0.775146
0.418579,-0.167480,1.029785
-0.107788,-0.286987,0.818359
-0.156128,0.155029,0.977905
0.398926,-0.442627,0.935913
-0.515747,0.011353,0.766235
0.385986,-0.115234,1.038696
-0.036011,-0.344849,0.819824
-0.211670,0.159302,0.959717
0.437622,-0.434082,0.954346
-0.494385,-0.059448,0.759277
0.341064,-0.080322,1.040527
0.037598,-0.402832,0.817505
-0.270508,0.162231,0.936523
0.473267,-0.403320,0.981934
-0.470825,-0.115234,0.756836
0.284668,-0.042480,1.036255
0.075195,-0.436279,0.801270
-0.320312,0.158569,0.907959
0.501221,-0.373413,1.003052
-0.438110,-0.149780,0.757812
0.219238,-0.001709,1.040161
0.098999,-0.434448,0.813721
-0.362915,0.127319,0.879272
0.515869,-0.333130,1.024048
-0.401855,-0.177490,0.769531
0.159668,0.040161,1.037842
0.170166,-0.444946,0.835327
-0.407471,0.099854,0.838257
0.523071,-0.301758,1.045044
-0.353149,-0.211914,0.764648
0.096802,0.079590,1.041626
0.242676,-0.464600,0.864014
-0.440430,0.064087,0.803589
0.509399,-0.268311,1.050781
-0.287598,-0.233276,0.793213
0.040894,0.115601,1.044434
0.297363,-0.476318,0.897705
-0.474243,0.067139,0.790894
0.495117,-0.235962,1.058594
-0.221802,-0.235840,0.817505
-0.021362,0.154297,1.044678
0.356201,-0.455688,0.939209
-0.490967,0.061157,0.792969
0.475586,-0.197632,1.069458
-0.158325,-0.252686,0.831299
-0.072266,0.163330,1.043701
0.399536,-0.439331,0.971069
-0.493042,0.043213,0.805420
0.451172,-0.147217,1.074219
-0.071167,-0.309570,0.842285
-0.130737,0.187378,1.040771
0.447632,-0.427979,0.993408
-0.479858,-0.006348,0.796021
0.415894,-0.113892,1.076782
-0.000366,-0.354736,0.849487
-0.178223,0.189941,1.024902
0.483398,-0.401367,1.016968
-0.459839,-0.055054,0.797241
0.367920,-0.070068,1.077759
0.066284,-0.384521,0.865234
-0.227905,0.171143,0.989746
0.513184,-0.370728,1.038940
-0.427490,-0.102783,0.789673
0.321899,-0.018433,1.086304
0.100220,-0.388184,0.862671
-0.282959,0.158936,0.965332
0.533813,-0.327148,1.066528
-0.385254,-0.156982,0.786377
0.261353,0.021729,1.082397
0.150269,-0.401367,0.882324
-0.330566,0.152832,0.934692
0.561279,-0.308472,1.091064
-0.354736,-0.193237,0.790771
0.198242,0.064087,1.083374
0.217407,-0.425293,0.904419
-0.361572,0.106689,0.887329
0.560059,-0.274902,1.095825
-0.307495,-0.221436,0.800659
0.143677,0.096436,1.081909
0.280151,-0.447754,0.928711
-0.392822,0.082642,0.859253
0.554199,-0.254395,1.098511
-0.255859,-0.231079,0.825806
0.081421,0.127563,1.079590
0.336426,-0.447510,0.953369
-0.427490,0.078735,0.845459
0.540894,-0.211792,1.111084
-0.200928,-0.235718,0.838745
0.014771,0.168335,1.082031
0.381592,-0.436890,0.983521
-0.444580,0.071411,0.845825
0.519775,-0.167725,1.119629
-0.131104,-0.241577,0.870728
-0.042847,0.192871,1.090332
0.431519,-0.416382,1.006836
-0.440918,0.029541,0.839233
0.496460,-0.127319,1.126587
-0.043335,-0.282471,0.885132
-0.107666,0.215576,1.081665
0.471558,-0.392456,1.033569
-0.436646,-0.018433,0.834351
0.466797,-0.089722,1.141968
0.038330,-0.334106,0.898438
-0.153076,0.209961,1.057251
0.505371,-0.355713,1.060913
-0.427368,-0.066284,0.813721
0.423096,-0.044434,1.151733
0.066772,-0.339844,0.899048
-0.209106,0.219604,1.046997
0.540527,-0.319946,1.097778
-0.402832,-0.115601,0.804810
0.364014,-0.008667,1.143433
0.108276,-0.353394,0.916504
-0.261230,0.203491,1.006226
0.570068,-0.294800,1.121948
-0.372070,-0.165283,0.797241
0.304443,0.023926,1.133911
0.168579,-0.389526,0.922241
-0.295044,0.161133,0.968628
0.587402,-0.275391,1.130005
-0.334961,-0.200073,0.821289
0.231567,0.060425,1.124390
0.228271,-0.409668,0.936279
-0.335693,0.129639,0.921509
0.590210,-0.254150,1.133545
-0.289185,-0.212646,0.828491
0.173462,0.100952,1.116333
0.285645,-0.436279,0.951416
-0.376587,0.112915,0.895142
0.580444,-0.230225,1.135742
-0.239746,-0.234741,0.843750
0.110229,0.137573,1.118896
0.343018,-0.435303,0.975342
-0.411133,0.102539,0.893433
0.567627,-0.187866,1.147095
-0.194092,-0.232788,0.866455
0.047607,0.168945,1.120361
0.387695,-0.418335,1.000488
-0.449707,-0.002930,0.825562
0.461792,-0.105225,1.120361
-0.136475,-0.240356,0.879883
-0.149536,0.220093,1.062134
0.497925,-0.389404,1.041138
-0.441040,-0.058594,0.814453
0.419434,-0.067505,1.126587
-0.411377,-0.096313,0.802368
-0.239868,0.209229,1.026245
0.550293,-0.306152,1.095581
-0.382690,-0.149048,0.804443
0.318115,0.011353,1.112061
0.134644,-0.376343,0.912598
-0.294434,0.175293,0.980835
0.566895,-0.289795,1.118286
-0.354126,-0.189087,0.796631
0.254395,0.046265,1.114258
0.198364,-0.406494,0.918945
-0.322754,0.136841,0.935425
0.573853,-0.271118,1.125488
-0.306152,-0.217896,0.822754
0.201538,0.079834,1.111206
0.251709,-0.420654,0.942627
-0.357666,0.116577,0.899780
0.582153,-0.245728,1.126465
-0.267578,-0.214355,0.829590
0.145996,0.121826,1.112427
0.311401,-0.445923,0.948853
-0.388794,0.103394,0.881104
0.574585,-0.227661,1.129639
-0.229004,-0.222046,0.845947
0.089355,0.155640,1.114258
0.357666,-0.437256,0.984863
-0.414795,0.091553,0.878418
0.560913,-0.189331,1.138550
-0.184082,-0.231323,0.869019
0.033447,0.179810,1.109619
0.399414,-0.420288,1.005371
-0.425293,0.069214,0.875122
0.546265,-0.156860,1.151611
-0.120483,-0.234497,0.886108
-0.025513,0.204712,1.116211
0.437134,-0.406250,1.017700
-0.430298,0.033203,0.873657
0.527832,-0.123413,1.156738
-0.056396,-0.274292,0.893799
-0.073242,0.203125,1.089722
0.461792,-0.379517,1.046143
-0.433105,-0.008057,0.862427
0.498535,-0.091919,1.162598
0.007080,-0.315186,0.901978
-0.117065,0.198242,1.078003
0.488403,-0.344971,1.065308
-0.429077,-0.044800,0.845093
0.469482,-0.062988,1.169434
0.017334,-0.327637,0.885498
-0.165039,0.221558,1.060791
0.520508,-0.320435,1.095581
-0.418457,-0.072998,0.829346
0.424072,-0.036377,1.171265
0.046875,-0.347778,0.898438
-0.220093,0.210571,1.041992
0.542603,-0.303711,1.112915
-0.394531,-0.122559,0.814331
0.385132,-0.006226,1.160400
0.088135,-0.345825,0.915771
-0.262451,0.203613,1.011475
0.562622,-0.287109,1.123657
-0.363403,-0.167847,0.805542
0.327393,0.034302,1.164795
0.145142,-0.375488,0.918213
-0.302734,0.186523,0.976929
0.573853,-0.280762,1.114014
-0.337280,-0.182617,0.819946
0.272949,0.054810,1.153442
0.197144,-0.397095,0.932251
-0.336182,0.142212,0.936890
0.574951,-0.263184,1.125244
-0.308228,-0.213013,0.824341
0.217529,0.081177,1.144531
0.243408,-0.401001,0.943359
-0.378540,0.138306,0.923950
0.571289,-0.241943,1.130493
-0.277832,-0.236816,0.826538
0.161011,0.099854,1.126831
0.292114,-0.397583,0.962891
-0.412842,0.124268,0.896118
0.562988,-0.214600,1.136230
-0.238892,-0.248291,0.838501
0.098511,0.127563,1.113281
0.329102,-0.398560,0.975220
-0.420166,0.094116,0.887573
0.558472,-0.203003,1.139648
-0.213135,-0.269409,0.830566
0.047852,0.140015,1.102661
0.359741,-0.386597,0.986572
-0.429443,0.067749,0.883667
0.549316,-0.170166,1.145752
-0.143188,-0.303467,0.851685
-0.010254,0.151611,1.088623
0.387939,-0.375488,1.006714
-0.431519,0.028198,0.858276
0.526245,-0.141357,1.155762
-0.089722,-0.324463,0.853638
-0.069214,0.159424,1.068604
0.411621,-0.359375,1.013794
-0.436035,-0.008545,0.838867
0.500122,-0.104858,1.156738
-0.068726,-0.306274,0.855469
-0.127319,0.174805,1.047729
0.439575,-0.332153,1.035645
-0.448853,-0.041992,0.812866
0.460815,-0.069092,1.172363
-0.047852,-0.321533,0.846436
-0.198364,0.204346,1.035767
0.465698,-0.328857,1.048218
-0.441528,-0.085571,0.798218
0.419189,-0.048462,1.155396
-0.024048,-0.319824,0.858276
-0.255615,0.202026,1.016113
0.487671,-0.318848,1.062988
-0.433594,-0.118164,0.784546
0.369507,-0.020264,1.157837
0.017334,-0.322632,0.866943
-0.296387,0.184937,0.974121
0.504150,-0.314575,1.070801
-0.418579,-0.135132,0.786743
0.324829,0.002197,1.145630
0.071777,-0.359863,0.869141
-0.341919,0.164673,0.944824
0.515625,-0.309082,1.065063
-0.397583,-0.179199,0.775879
0.269653,0.019775,1.130981
0.117554,-0.375854,0.880859
-0.382080,0.164307,0.919678
0.518555,-0.285522,1.075806
-0.369629,-0.226196,0.773804
0.203369,0.038696,1.108765
0.166504,-0.392090,0.895874
-0.425537,0.152710,0.894653
0.525024,-0.261841,1.078979
-0.355957,-0.236572,0.781372
0.134399,0.069946,1.092651
0.212646,-0.389160,0.910034
-0.444336,0.121826,0.876953
0.517456,-0.239746,1.094727
-0.324097,-0.261475,0.784546
0.072021,0.079712,1.072266
0.250122,-0.387817,0.919312
-0.468140,0.104126,0.854980
0.514038,-0.216064,1.086792
-0.253052,-0.281738,0.796143
0.009521,0.091919,1.047852
0.275269,-0.376587,0.938232
-0.469971,0.067749,0.831909
0.503784,-0.196533,1.095703
-0.208984,-0.294067,0.789795
-0.049072,0.101807,1.031616
0.303711,-0.389893,0.940063
-0.482666,0.035645,0.810425
0.478638,-0.162720,1.100098
-0.179077,-0.310059,0.782104
-0.114136,0.133667,1.014526
0.346558,-0.389771,0.954224
-0.500854,0.000122,0.786987
0.459473,-0.145264,1.097412
-0.166748,-0.292358,0.771606
-0.181763,0.156982,1.000244
0.380859,-0.383545,0.962158
-0.508789,-0.020752,0.782837
0.421753,-0.103638,1.108276
-0.148560,-0.295532,0.780640
-0.235107,0.179199,0.983276
0.405884,-0.380371,0.974976
-0.511475,-0.050171,0.766846
0.384521,-0.084595,1.103394
-0.128540,-0.297607,0.794922
-0.292236,0.182373,0.960327
0.424072,-0.362671,0.993530
-0.501099,-0.093384,0.742065
0.337280,-0.057861,1.097290
-0.094971,-0.316772,0.788696
-0.330566,0.167725,0.919678
0.439819,-0.362305,0.989380
-0.498291,-0.122681,0.727783
0.294434,-0.028442,1.098633
-0.054321,-0.339233,0.793091
-0.379028,0.188232,0.914062
0.440796,-0.338135,1.005127
-0.487549,-0.156860,0.714966
0.245728,-0.013794,1.087158
-0.009033,-0.348999,0.805298
-0.416870,0.192749,0.896729
0.450317,-0.311157,1.014771
-0.478394,-0.183228,0.713257
0.187256,0.013550,1.064209
0.025513,-0.383179,0.818359
-0.457886,0.183472,0.879761
0.458374,-0.306274,1.021729
-0.469604,-0.180786,0.723389
0.142944,0.036499,1.056519
0.068115,-0.397583,0.821899
-0.483154,0.177368,0.861450
0.460815,-0.292603,1.024536
-0.443481,-0.181152,0.744995
0.095215,0.046509,1.036987
0.099487,-0.415161,0.829346
-0.506104,0.170776,0.843506
0.466064,-0.274414,1.022217
-0.396851,-0.193115,0.762451
0.051147,0.077637,1.032959
0.144531,-0.434692,0.835815
-0.527954,0.143066,0.824707
0.457642,-0.259521,1.018066
-0.354248,-0.213257,0.764771
0.013428,0.087524,1.021851
0.177734,-0.448853,0.833008
-0.547729,0.136597,0.803467
0.456177,-0.248291,1.014893
-0.313477,-0.237915,0.754883
-0.027832,0.111084,1.017822
0.211304,-0.452148,0.846680
-0.569214,0.119019,0.793945
0.447388,-0.234497,1.015747
-0.286499,-0.243896,0.735962
-0.071167,0.130127,0.992798
0.243042,-0.443115,0.855469
-0.580811,0.097900,0.775757
0.431885,-0.209473,1.021729
-0.266357,-0.268066,0.731079
-0.115356,0.139526,0.984253
0.279541,-0.430664,0.877319
-0.590942,0.087524,0.760376
0.416138,-0.195435,1.022217
-0.242554,-0.281128,0.718872
-0.168091,0.162231,0.977295
0.309082,-0.424927,0.888428
-0.593872,0.062378,0.751465
0.393921,-0.164551,1.020630
-0.219849,-0.300049,0.721924
-0.208740,0.167236,0.960449
0.339722,-0.416260,0.908936
-0.595825,0.032837,0.736084
0.371704,-0.138794,1.031250
-0.195801,-0.320190,0.713989
-0.257935,0.179077,0.942749
0.368530,-0.403687,0.915161
-0.592285,0.025757,0.737183
0.340210,-0.103271,1.024170
-0.171631,-0.321045,0.729980
-0.307617,0.186768,0.918579
0.389771,-0.402710,0.922485
-0.581299,-0.010254,0.717407
0.302979,-0.079956,1.023804
-0.148438,-0.356567,0.728027
-0.349976,0.197021,0.908691
0.407349,-0.389404,0.925293
-0.567749,-0.027466,0.711060
0.262695,-0.045532,1.023193
-0.108887,-0.373657,0.731934
-0.398926,0.206665,0.891602
0.410034,-0.371704,0.951050
-0.551270,-0.056641,0.705078
0.216675,-0.006226,1.012085
-0.077515,-0.371338,0.744019
-0.439697,0.219849,0.888672
0.429688,-0.354004,0.955444
-0.542358,-0.091187,0.700928
0.165405,0.018433,1.012939
-0.032959,-0.373413,0.776367
-0.476807,0.224731,0.873535
0.425781,-0.328125,0.962769
-0.512451,-0.124390,0.707275
0.132812,0.046997,1.016724
0.009277,-0.384888,0.790283
-0.508423,0.226562,0.860596
0.438721,-0.306641,0.966919
-0.467529,-0.170044,0.709473
0.084839,0.087280,1.026611
0.055908,-0.393066,0.790649
-0.538818,0.225464,0.854614
0.449097,-0.278320,0.987305
-0.415283,-0.186157,0.731934
0.043701,0.101807,1.013550
0.112793,-0.400757,0.817505
-0.561890,0.212524,0.825806
0.439941,-0.254883,0.980591
-0.351318,-0.214722,0.737427
0.009399,0.116455,1.007446
0.153442,-0.400635,0.830688
-0.577026,0.194336,0.795532
0.435547,-0.232056,0.990845
-0.303833,-0.265259,0.728027
-0.036743,0.128174,0.985840
0.197266,-0.403076,0.847656
-0.588013,0.181519,0.788086
0.429077,-0.206055,0.995972
-0.260742,-0.271362,0.726685
-0.088135,0.146729,0.987305
0.239380,-0.398438,0.860352
-0.605103,0.168579,0.774902
0.422974,-0.186401,0.994873
-0.227905,-0.273193,0.735596
-0.128906,0.159912,0.964966
0.280396,-0.398804,0.871582
-0.601562,0.153809,0.769775
0.411499,-0.153809,0.997437
-0.194946,-0.294922,0.731445
-0.178711,0.166260,0.945312
0.316895,-0.403076,0.881348
-0.611938,0.122437,0.750732
0.390747,-0.143799,1.002075
-0.157227,-0.319702,0.730713
-0.218262,0.178589,0.924683
0.351440,-0.397217,0.897949
-0.600586,0.088623,0.747803
0.363403,-0.106079,1.006470
-0.135376,-0.320068,0.732422
-0.256958,0.191895,0.920898
0.377930,-0.384644,0.909668
-0.583862,0.056763,0.734985
0.318726,-0.075439,1.002075
-0.101685,-0.364136,0.732300
-0.306763,0.197144,0.904419
0.405029,-0.369385,0.922974
-0.576660,0.014160,0.717163
0.276123,-0.050903,0.990723
-0.073608,-0.383667,0.737305
-0.353271,0.202271,0.886719
0.422852,-0.347168,0.945190
-0.564941,-0.021118,0.707886
0.233154,-0.017822,0.994263
-0.042603,-0.390625,0.736694
-0.391602,0.208374,0.879395
0.434692,-0.331665,0.949097
-0.535889,-0.073120,0.706421
0.193848,0.018188,0.995483
-0.021240,-0.384766,0.750366
-0.432495,0.231445,0.868774
0.439941,-0.312988,0.963379
-0.500977,-0.105347,0.717773
0.146851,0.053101,1.007324
0.019775,-0.391357,0.761108
-0.469971,0.225952,0.852417
0.459961,-0.294678,0.968628
-0.459351,-0.118042,0.737183
0.107056,0.093384,1.015503
0.062988,-0.395996,0.783203
-0.493896,0.227905,0.838379
0.461548,-0.273682,0.975586
-0.421997,-0.115967,0.758179
0.078491,0.100220,1.015991
0.105103,-0.401123,0.796631
-0.534058,0.223633,0.819458
0.470825,-0.262085,0.983032
-0.367554,-0.165283,0.762939
0.032715,0.126953,1.018188
0.152344,-0.408691,0.823364
-0.561890,0.208008,0.808228
0.467651,-0.251587,0.986816
-0.316772,-0.186279,0.766357
-0.011230,0.140747,0.999023
0.198608,-0.410522,0.841797
-0.581665,0.187866,0.788940
0.457642,-0.216187,0.996460
-0.255127,-0.207275,0.778320
-0.060913,0.153198,0.978760
0.239258,-0.388672,0.867188
-0.582520,0.157715,0.773926
0.443481,-0.183716,1.005615
-0.203369,-0.259155,0.769775
-0.109497,0.159912,0.963501
0.285156,-0.391602,0.885986
-0.583130,0.110107,0.760986
0.419312,-0.147217,1.015869
-0.153320,-0.299194,0.769043
-0.163696,0.165283,0.936035
0.338013,-0.392700,0.899414
-0.580200,0.094971,0.768677
0.390137,-0.101929,1.014404
-0.102661,-0.347046,0.756104
-0.219482,0.161621,0.907837
0.372192,-0.384888,0.916626
-0.557861,0.035156,0.751587
0.345947,-0.063110,1.015137
-0.056396,-0.370972,0.746704
-0.275879,0.163208,0.874268
0.408936,-0.374390,0.932617
-0.552490,-0.027344,0.718018
0.298828,-0.034180,1.003906
-0.025391,-0.385498,0.745728
-0.338867,0.174316,0.857544
0.439453,-0.350830,0.945679
-0.523071,-0.071777,0.713135
0.228027,0.004883,1.003784
0.020020,-0.408691,0.736450
-0.392334,0.174072,0.842407
0.458984,-0.333740,0.956177
-0.500854,-0.106689,0.734863
0.165771,0.031372,1.005005
0.057739,-0.427979,0.768311
-0.454712,0.187256,0.826782
0.472656,-0.306763,0.971924
-0.453491,-0.151855,0.734863
0.104492,0.053955,1.004517
0.109375,-0.419922,0.799438
-0.500488,0.178223,0.803833
0.470459,-0.271729,0.980591
-0.379150,-0.156616,0.765259
0.017578,0.112915,0.995483
0.178589,-0.449829,0.816406
-0.530273,0.158936,0.787720
0.473633,-0.235474,0.995605
-0.307129,-0.188843,0.774414
-0.043335,0.141602,0.983154
0.241333,-0.457031,0.843262
-0.558838,0.109009,0.750122
0.463867,-0.220337,1.010864
-0.231201,-0.229370,0.781616
-0.089722,0.166016,0.980225
0.292847,-0.443359,0.861938
-0.565308,0.092041,0.762817
0.444092,-0.188354,1.013672
-0.147705,-0.278564,0.795898
-0.149658,0.167725,0.953125
0.336182,-0.433960,0.893433
-0.557495,0.081909,0.774414
0.408203,-0.145142,1.021851
-0.085327,-0.316895,0.793213
-0.213623,0.157837,0.924805
0.376221,-0.410034,0.916138
-0.543457,0.028442,0.761719
0.360107,-0.105225,1.007812
-0.038818,-0.364868,0.776123
-0.269043,0.148926,0.891846
0.408813,-0.387451,0.937744
-0.532959,-0.037476,0.733643
0.304688,-0.067505,1.006104
0.002197,-0.412720,0.760864
-0.319336,0.151367,0.868896
0.439087,-0.369141,0.948853
-0.504883,-0.100586,0.736206
0.247559,-0.021362,1.004272
0.044067,-0.437500,0.769653
-0.376465,0.146362,0.842773
0.463745,-0.362549,0.971802
-0.478271,-0.121094,0.740234
0.187378,0.010864,1.004761
0.079224,-0.450317,0.766357
-0.422241,0.139771,0.822754
0.477905,-0.343628,0.979248
-0.434814,-0.167236,0.744995
0.122803,0.056152,1.005981
0.107910,-0.449707,0.785522
-0.457764,0.128662,0.800903
0.491821,-0.325684,0.993408
-0.401489,-0.179443,0.751343
0.066162,0.084961,1.006714
0.163330,-0.456055,0.811523
-0.486084,0.107422,0.779907
0.492676,-0.306519,1.000977
-0.342407,-0.195435,0.772095
0.009766,0.127930,1.010498
0.223511,-0.468506,0.820679
-0.514648,0.098022,0.764771
0.486938,-0.294800,1.002808
-0.279663,-0.232666,0.784790
-0.046021,0.146606,1.010010
0.277588,-0.457397,0.868896
-0.535645,0.073608,0.759033
0.457764,-0.260254,1.005005
-0.213257,-0.257446,0.787842
-0.087646,0.162354,1.002441
0.329834,-0.430298,0.910522
-0.556763,0.076050,0.772339
0.424194,-0.213989,1.010620
-0.121826,-0.319702,0.794678
-0.152466,0.165161,0.973022
0.382935,-0.414307,0.937378
-0.540771,0.030762,0.770874
0.379639,-0.144409,1.017456
-0.029785,-0.391235,0.794312
-0.215454,0.142090,0.936523
0.428101,-0.389404,0.961914
-0.517578,-0.052002,0.748169
0.313599,-0.091919,1.019653
0.031006,-0.433716,0.788086
-0.288086,0.128540,0.895752
0.465088,-0.369141,0.984619
-0.469116,-0.111206,0.753418
0.235107,-0.031128,1.023682
0.084473,-0.451660,0.789062
-0.345093,0.104492,0.849487
0.488281,-0.336304,1.004028
-0.433960,-0.153931,0.751099
0.168213,0.016357,1.023071
0.134033,-0.442749,0.810669
-0.423096,0.107910,0.819946
0.499146,-0.309937,1.019043
-0.360718,-0.200439,0.766479
0.075684,0.087646,1.029907
0.228271,-0.465942,0.841431
-0.474121,0.083008,0.785889
0.504150,-0.309814,1.017944
-0.282104,-0.250610,0.779297
-0.010986,0.134521,1.033447
0.302368,-0.461914,0.887817
-0.511230,0.087891,0.786377
0.472412,-0.241455,1.030151
-0.196045,-0.275146,0.808228
-0.092041,0.160522,1.016235
0.364868,-0.432495,0.932251
-0.514160,0.055054,0.786499
0.430908,-0.171631,1.044922
-0.092529,-0.324463,0.822510
-0.162231,0.151001,0.992432
0.421631,-0.406128,0.968018
-0.483154,-0.023804,0.776123
0.370972,-0.089966,1.051392
0.017700,-0.385376,0.834961
-0.239258,0.133423,0.944092
0.464844,-0.372681,1.009399
-0.454102,-0.104004,0.766724
0.302490,-0.042847,1.052734
0.093140,-0.417725,0.835083
-0.315918,0.129395,0.910156
0.508301,-0.353760,1.024292
-0.409790,-0.154053,0.770508
0.215820,0.016357,1.043213
0.144653,-0.409668,0.854980
-0.385864,0.119385,0.874023
0.529419,-0.338623,1.045532
-0.357666,-0.205933,0.772705
0.120972,0.074951,1.044312
0.237671,-0.442139,0.868408
-0.434082,0.080444,0.824829
0.531372,-0.304565,1.051880
-0.279541,-0.250122,0.793823
0.030151,0.123169,1.040771
0.308594,-0.437500,0.907349
-0.478516,0.080078,0.803101
0.508301,-0.231445,1.069336
-0.180542,-0.270386,0.827148
-0.056396,0.174927,1.057007
0.375488,-0.426147,0.953491
-0.491821,0.060425,0.802612
0.463135,-0.157959,1.074829
-0.074097,-0.319336,0.850220
-0.134155,0.182129,1.036499
0.438965,-0.412720,0.996948
-0.472778,-0.002808,0.795044
0.402832,-0.090698,1.090576
0.032959,-0.400269,0.852173
-0.210693,0.178711,1.002319
0.492798,-0.384399,1.029297
-0.439941,-0.073120,0.791748
0.328979,-0.026367,1.088745
0.095581,-0.412598,0.857178
-0.279175,0.153687,0.973633
0.527832,-0.333618,1.068237
-0.394531,-0.135010,0.795410
0.241943,0.039307,1.079590
0.161499,-0.410889,0.884399
-0.342896,0.120117,0.919067
0.552002,-0.302002,1.088257
-0.340088,-0.181274,0.788696
0.153564,0.093140,1.071899
0.261108,-0.443359,0.911011
-0.390991,0.071777,0.856934
0.539795,-0.261963,1.088745
-0.260864,-0.221436,0.813110
0.067383,0.141724,1.071533
0.343384,-0.442017,0.952759
-0.442871,0.063843,0.831665
0.518799,-0.216553,1.103027
-0.174683,-0.235962,0.842407
-0.027710,0.184692,1.073242
0.406128,-0.403076,0.994263
-0.460571,0.044678,0.833374
0.489014,-0.153320,1.107056
-0.063843,-0.290894,0.869019
-0.112793,0.206421,1.058472
0.470459,-0.380859,1.026245
-0.446777,-0.016602,0.820190
0.426636,-0.080444,1.117676
0.066528,-0.384277,0.876709
-0.196777,0.193848,1.035156
0.520630,-0.335571,1.066406
-0.403687,-0.091431,0.812622
0.340454,-0.018188,1.105469
0.096558,-0.365723,0.898071
-0.274902,0.165039,0.982666
0.558472,-0.278687,1.115356
-0.359009,-0.163208,0.808960
0.247559,0.068848,1.120239
0.218018,-0.416138,0.911377
-0.345947,0.111816,0.902710
0.571777,-0.262939,1.117065
-0.280151,-0.215454,0.812866
0.134277,0.131836,1.097290
0.317505,-0.441162,0.950195
-0.405273,0.083496,0.866089
0.550171,-0.208130,1.127197
-0.208252,-0.229736,0.849243
0.035278,0.171631,1.100220
0.393799,-0.427246,0.994873
-0.443359,0.058594,0.850220
0.529541,-0.165039,1.138794
-0.100220,-0.249634,0.885864
-0.057861,0.214722,1.095947
0.448242,-0.397339,1.022461
-0.443970,0.007080,0.834839
0.485840,-0.112793,1.145020
0.016479,-0.329468,0.907959
-0.138306,0.204102,1.068970
0.505859,-0.357056,1.066528
-0.421631,-0.045776,0.831909
0.424927,-0.054565,1.148560
0.070190,-0.346924,0.906982
-0.216675,0.207275,1.042358
0.543335,-0.301392,1.106079
-0.385742,-0.112427,0.818359
0.332764,0.014160,1.138428
0.150391,-0.375244,0.925415
-0.296875,0.170288,0.970337
0.578979,-0.265625,1.134766
-0.312988,-0.191528,0.825684
0.222534,0.086548,1.130493
0.254028,-0.420532,0.942383
-0.353882,0.104736,0.906616
0.580200,-0.224365,1.135620
-0.246826,-0.229858,0.841309
0.112061,0.141357,1.113892
0.347412,-0.431641,0.974854
-0.411621,0.088623,0.878296
0.478760,-0.143677,1.110596
-0.167725,-0.238892,0.866333
-0.123901,0.202148,1.052368
0.474609,-0.395752,1.019775
-0.443481,-0.042236,0.813599
0.420044,-0.087158,1.115967
0.067993,-0.368774,0.885986
-0.208618,0.194580,1.017944
0.514893,-0.341919,1.058838
-0.408936,-0.097778,0.808594
0.341064,-0.019043,1.110962
0.104126,-0.385742,0.885376
-0.283447,0.176147,0.977417
0.544678,-0.300049,1.098267
-0.356445,-0.158813,0.812378
0.251831,0.052490,1.113525
0.202637,-0.417847,0.917725
-0.348877,0.133789,0.916016
0.560303,-0.275146,1.106934
-0.306885,-0.193726,0.814453
0.163330,0.109253,1.094849
0.296875,-0.442749,0.938110
-0.392334,0.083740,0.869019
0.556274,-0.246460,1.107544
-0.236816,-0.225464,0.840088
0.073486,0.152222,1.089355
0.365601,-0.417603,0.981445
-0.431519,0.079956,0.858032
0.537231,-0.190918,1.126831
-0.160156,-0.236572,0.863037
-0.009644,0.186523,1.087891
0.422363,-0.400269,1.012695
-0.436401,0.021729,0.849121
0.512573,-0.145508,1.140381
-0.063232,-0.285889,0.878296
-0.084473,0.201050,1.072754
0.468262,-0.367798,1.033447
-0.430786,-0.023315,0.834229
0.472534,-0.099121,1.155273
0.047974,-0.346436,0.894409
-0.155396,0.205566,1.048828
0.510132,-0.323364,1.068481
-0.417358,-0.071411,0.822876
0.407471,-0.046509,1.153931
0.075439,-0.364502,0.905640
-0.222778,0.193726,1.023682
0.542480,-0.284912,1.111816
-0.378662,-0.117310,0.823242
0.339966,0.015015,1.145874
0.151001,-0.387695,0.923828
-0.302856,0.167603,0.967773
0.570312,-0.260864,1.128296
-0.318359,-0.189575,0.824341
0.239136,0.078369,1.139038
0.247803,-0.425049,0.943237
-0.355103,0.115112,0.911377
0.572632,-0.245117,1.125488
-0.269043,-0.214600,0.839478
0.150146,0.132935,1.130249
0.329956,-0.432495,0.974976
-0.407593,0.106445,0.888428
0.559082,-0.195312,1.139771
-0.195435,-0.230957,0.858276
0.058594,0.171265,1.123657
0.402222,-0.420776,1.002197
-0.435547,0.075928,0.868774
0.545044,-0.153564,1.151489
-0.122314,-0.244019,0.882324
-0.028687,0.201050,1.113159
0.446411,-0.386963,1.038940
-0.432129,0.009277,0.860352
0.506836,-0.107300,1.159180
0.005249,-0.316650,0.900146
-0.114624,0.205322,1.084351
0.490234,-0.348511,1.071899
-0.417358,-0.050171,0.838867
0.450073,-0.048462,1.165161
0.024780,-0.321411,0.885986
-0.203247,0.205444,1.051147
0.547119,-0.306030,1.109253
-0.385620,-0.123657,0.824219
0.360229,0.013428,1.153809
0.107300,-0.331543,0.919312
-0.277832,0.175293,0.987183
0.573364,-0.274292,1.130127
-0.329224,-0.192383,0.831543
0.260864,0.063477,1.148438
0.209717,-0.395874,0.937134
-0.345825,0.122314,0.918091
0.576782,-0.246460,1.133179
-0.260498,-0.239258,0.851807
0.150269,0.115601,1.125244
0.312988,-0.399048,0.969971
-0.412476,0.105957,0.875122
0.564087,-0.194458,1.145020
-0.179077,-0.263306,0.859863
0.032349,0.167725,1.120361
0.390015,-0.387695,1.010010
-0.430908,0.052002,0.862427
0.534424,-0.135742,1.154785
-0.061523,-0.312134,0.872437
-0.056885,0.181152,1.093262
0.443237,-0.367798,1.034668
-0.430908,-0.010254,0.847900
0.481201,-0.067139,1.174683
-0.026001,-0.324097,0.858643
-0.162354,0.203857,1.063354
0.509888,-0.327148,1.084717
-0.419312,-0.082031,0.821655
0.398071,-0.006470,1.174194
0.052979,-0.333130,0.889526
-0.257202,0.190796,1.016113
0.562500,-0.294678,1.124268
-0.367920,-0.175171,0.813721
0.291504,0.036499,1.146606
0.154175,-0.381958,0.909180
-0.335693,0.148804,0.933105
0.571045,-0.267212,1.123779
-0.289429,-0.243774,0.831543
0.172607,0.097656,1.125977
0.252319,-0.388794,0.953613
-0.411011,0.107788,0.882812
0.562378,-0.225464,1.130005
-0.226074,-0.279541,0.828613
0.052002,0.135254,1.095825
0.336182,-0.381226,0.978271
-0.434814,0.050415,0.844482
0.533447,-0.147705,1.147949
-0.106079,-0.318604,0.860107
-0.039795,0.148926,1.078491
0.398315,-0.359619,1.005127
-0.446533,-0.002075,0.829712
0.489014,-0.099365,1.159424
-0.063721,-0.331421,0.841797
-0.147339,0.201538,1.063599
0.457153,-0.331909,1.051025
-0.453613,-0.035156,0.816162
0.421997,-0.050293,1.162842
-0.008911,-0.335815,0.853149
-0.248657,0.201172,1.022461
0.514648,-0.304443,1.087280
-0.420166,-0.120117,0.791870
0.319580,0.006714,1.144043
0.078125,-0.369629,0.875000
-0.327637,0.160400,0.947632
0.536011,-0.282715,1.090698
-0.348999,-0.211426,0.792969
0.206665,0.055786,1.117310
0.185181,-0.381104,0.915771
-0.397095,0.120850,0.898071
0.541870,-0.239502,1.108643
-0.293945,-0.252441,0.806030
0.085449,0.099854,1.091919
0.272095,-0.378540,0.940918
-0.440552,0.061279,0.851562
0.524170,-0.187622,1.120728
-0.167480,-0.298218,0.829590
-0.021606,0.123901,1.059204
0.337524,-0.360718,0.968262
-0.466553,0.007812,0.812012
0.487915,-0.149292,1.125854
-0.111938,-0.318726,0.814575
-0.147461,0.166260,1.042847
0.406372,-0.334717,1.009033
-0.473022,-0.062134,0.791748
0.412720,-0.082642,1.137329
-0.058350,-0.321777,0.827881
-0.264038,0.185425,0.990234
0.471436,-0.308838,1.054199
-0.444092,-0.134399,0.762695
0.302246,-0.016113,1.118896
0.045288,-0.353516,0.853149
-0.366333,0.159912,0.924805
0.501953,-0.276489,1.067505
-0.373657,-0.229736,0.765625
0.172974,0.058105,1.089111
0.168945,-0.370117,0.897339
-0.446533,0.118408,0.875488
0.507568,-0.236694,1.085571
-0.295410,-0.268188,0.783447
0.034302,0.089844,1.058838
0.265747,-0.381958,0.921631
-0.475342,0.037964,0.810303
0.484863,-0.176758,1.100220
-0.171387,-0.321533,0.786865
-0.110962,0.136353,1.019531
0.351196,-0.372559,0.961548
-0.488892,-0.043701,0.786377
0.421875,-0.110596,1.107666
-0.116333,-0.320557,0.789062
-0.255737,0.185181,0.987061
0.425537,-0.330566,1.012207
-0.473389,-0.111816,0.749512
0.308838,-0.031860,1.105347
-0.018799,-0.334961,0.825439
-0.384155,0.177002,0.916748
0.471680,-0.299683,1.040771
-0.407593,-0.203125,0.742554
0.161865,0.050293,1.082031
0.132324,-0.381958,0.869629
-0.472534,0.125732,0.855957
0.482178,-0.241577,1.055176
-0.314331,-0.258911,0.770508
0.011963,0.089600,1.038818
0.243408,-0.390137,0.894653
-0.509033,0.044678,0.795532
0.455200,-0.194336,1.061035
-0.190674,-0.311890,0.767578
-0.145874,0.147583,1.004272
0.342773,-0.362915,0.950928
-0.526245,-0.036621,0.760864
0.377808,-0.117676,1.081299
-0.130371,-0.325806,0.777710
-0.302368,0.170898,0.938110
0.417725,-0.325317,0.999878
-0.480713,-0.138916,0.727295
0.255493,-0.013184,1.083130
-0.004639,-0.367798,0.816406
-0.441284,0.178955,0.882324
0.452515,-0.280151,1.021118
-0.421021,-0.217163,0.730957
0.098022,0.077515,1.057983
0.156372,-0.397461,0.861572
-0.517700,0.111450,0.816650
0.460449,-0.247192,1.031616
-0.275024,-0.300415,0.748779
-0.058350,0.110474,1.002930
0.266235,-0.389648,0.898804
-0.542114,0.030273,0.776367
0.416870,-0.176880,1.049438
-0.199829,-0.313354,0.747314
-0.231689,0.151733,0.965942
0.364136,-0.348511,0.956543
-0.530640,-0.065552,0.734619
0.308594,-0.073364,1.057983
-0.107422,-0.329468,0.760254
-0.388428,0.182617,0.900513
0.413818,-0.314941,0.992188
-0.472412,-0.173828,0.719971
0.160522,0.025635,1.042236
0.041504,-0.361206,0.828491
-0.500854,0.161255,0.845337
0.447388,-0.255371,1.022339
-0.357178,-0.253418,0.741577
0.006226,0.113525,1.027222
0.183105,-0.404419,0.856689
-0.550171,0.093384,0.794189
0.438110,-0.222168,1.020874
-0.247314,-0.305664,0.729614
-0.147095,0.154785,0.996826
0.299927,-0.385254,0.909180
-0.559448,0.009888,0.753540
0.365356,-0.125000,1.037964
-0.179199,-0.324829,0.729980
-0.306519,0.159546,0.929077
0.376099,-0.354858,0.951782
-0.528320,-0.091431,0.713257
0.242798,-0.016479,1.048950
-0.071899,-0.346558,0.776367
-0.460815,0.192139,0.882446
0.420776,-0.303711,0.988281
-0.472778,-0.188477,0.705811
0.091309,0.077271,1.036377
0.084595,-0.382935,0.827759
-0.546509,0.166260,0.826904
0.440186,-0.266724,0.998901
-0.331177,-0.284424,0.721802
-0.046143,0.121826,1.003296
0.216675,-0.397949,0.866211
-0.577393,0.100220,0.778687
0.408081,-0.206055,1.009155
-0.227905,-0.304077,0.724487
-0.206421,0.150635,0.959229
0.321045,-0.377563,0.906616
-0.570312,0.010986,0.745239
0.332764,-0.109375,1.020996
-0.159058,-0.340820,0.719116
-0.346191,0.172119,0.895142
0.377441,-0.341431,0.940186
-0.533203,-0.079712,0.700684
0.216187,-0.004517,1.033447
-0.057861,-0.353882,0.784546
-0.474731,0.219604,0.873901
0.423950,-0.298218,0.979370
-0.463867,-0.161499,0.716553
0.080078,0.087036,1.026733
0.088867,-0.394653,0.821533
-0.558472,0.188965,0.821411
0.435059,-0.242554,0.988770
-0.318848,-0.253662,0.721924
-0.048218,0.128174,0.989380
0.222168,-0.404541,0.862427
-0.589966,0.117432,0.775879
0.401489,-0.168091,1.003296
-0.220581,-0.311157,0.712280
-0.184326,0.163940,0.960449
0.316162,-0.383301,0.900269
-0.583374,0.045166,0.746704
0.338013,-0.101196,1.012573
-0.165161,-0.340210,0.703735
-0.338013,0.197144,0.903931
0.379761,-0.357300,0.924927
-0.546875,-0.044922,0.710693
0.225708,-0.008301,1.015381
-0.065796,-0.358887,0.761108
-0.460449,0.216187,0.869019
0.419434,-0.299316,0.966187
-0.489258,-0.134644,0.714844
0.108398,0.079834,1.023071
0.058472,-0.365112,0.814087
-0.546997,0.211182,0.835938
0.434204,-0.248657,0.993286
-0.363525,-0.229492,0.724609
-0.010254,0.123535,1.011597
0.186279,-0.391235,0.848145
-0.591553,0.166138,0.801147
0.428101,-0.191284,0.996826
-0.239136,-0.292603,0.730591
-0.136230,0.165039,0.967529
0.289429,-0.377808,0.882812
-0.592285,0.111450,0.760986
0.381226,-0.131958,1.007202
-0.155640,-0.353760,0.702148
-0.265503,0.187866,0.916260
0.364502,-0.368774,0.906616
-0.569336,0.027832,0.735107
0.293701,-0.051880,1.007080
-0.094849,-0.378052,0.723022
-0.382446,0.218628,0.875366
0.403931,-0.318970,0.945435
-0.529907,-0.075684,0.709473
0.185059,0.021973,1.005127
-0.013062,-0.376953,0.769653
-0.488770,0.231567,0.853638
0.433350,-0.279907,0.964722
-0.444702,-0.156494,0.729614
0.091919,0.089111,1.022339
0.094971,-0.375122,0.819580
-0.555176,0.210205,0.816650
0.436035,-0.232178,0.985229
-0.328857,-0.232544,0.740967
-0.016724,0.133423,1.006348
0.203857,-0.380493,0.860596
-0.595093,0.177612,0.790405
0.429321,-0.183350,1.004761
-0.216797,-0.288696,0.746094
-0.119751,0.164429,0.968140
0.286987,-0.371948,0.887085
-0.588135,0.122559,0.761230
0.396606,-0.127319,1.013916
-0.137207,-0.344116,0.728149
-0.233032,0.190430,0.921021
0.364380,-0.371094,0.909058
-0.562988,0.053955,0.745850
0.321899,-0.056274,1.004395
-0.083618,-0.381104,0.714233
-0.335449,0.204224,0.880493
0.403809,-0.324951,0.933716
-0.538574,-0.059204,0.712402
0.221313,-0.000977,0.999390
-0.007202,-0.414795,0.743652
-0.427734,0.199097,0.846680
0.425415,-0.283936,0.957397
-0.476440,-0.112549,0.726074
0.131470,0.057861,1.010376
0.062744,-0.394409,0.787842
-0.506836,0.201538,0.822510
0.443726,-0.242920,0.979736
-0.392944,-0.148438,0.742554
0.055420,0.103638,1.006348
0.152954,-0.386475,0.832520
-0.561890,0.186035,0.791870
0.446045,-0.207397,0.992188
-0.290405,-0.206421,0.753418
-0.046021,0.151001,0.989258
0.242676,-0.402832,0.868042
-0.578857,0.148560,0.776978
0.435669,-0.168945,1.010010
-0.192017,-0.284058,0.758911
-0.136963,0.172119,0.956787
0.314209,-0.404907,0.887817
-0.579346,0.101196,0.759521
0.402588,-0.130249,1.018311
-0.106201,-0.354004,0.753052
-0.223511,0.182129,0.912476
0.370117,-0.387329,0.907349
-0.556396,0.049561,0.757202
0.353638,-0.079224,1.007568
-0.056030,-0.387573,0.737671
-0.312622,0.192017,0.880615
0.409058,-0.367432,0.922119
-0.534546,-0.045898,0.724121
0.269775,-0.028931,1.001099
0.004517,-0.405762,0.746216
-0.385132,0.190308,0.849365
0.439331,-0.336914,0.945190
-0.492310,-0.097290,0.732422
0.176636,0.026855,0.999512
0.056885,-0.417114,0.769531
-0.450439,0.171631,0.822021
0.448364,-0.295044,0.964355
-0.435059,-0.129883,0.747925
0.105103,0.083740,1.014648
0.122070,-0.419800,0.804077
-0.514160,0.161255,0.798096
0.457031,-0.258057,0.990479
-0.366333,-0.170776,0.754150
0.020386,0.136230,1.005127
0.198364,-0.430786,0.833862
-0.546631,0.141113,0.773315
0.452881,-0.229614,0.997437
-0.270996,-0.224731,0.767944
-0.058960,0.160522,0.993286
0.263062,-0.430054,0.864624
-0.563599,0.096436,0.751099
0.440430,-0.197021,1.010254
-0.171875,-0.270264,0.779419
-0.137207,0.178345,0.959595
0.324463,-0.426270,0.888428
-0.565063,0.082520,0.771118
0.416016,-0.144775,1.019287
-0.093750,-0.331665,0.777100
-0.209595,0.172485,0.925659
0.375854,-0.412476,0.912109
-0.545654,0.032837,0.753418
0.360352,-0.102905,1.011353
-0.030273,-0.386719,0.766357
-0.284180,0.163452,0.883057
0.415039,-0.397217,0.923584
-0.517090,-0.047607,0.741089
0.297485,-0.054565,1.003540
0.025391,-0.423218,0.760498
-0.351562,0.160767,0.851929
0.439697,-0.364258,0.953247
-0.486206,-0.101440,0.735962
0.225952,-0.010498,1.009155
0.070190,-0.449097,0.769653
-0.410034,0.150635,0.833740
0.458984,-0.332886,0.969604
-0.455322,-0.124878,0.743774
0.150146,0.027832,1.006958
0.120972,-0.462036,0.790771
-0.453857,0.130371,0.801758
0.470703,-0.307617,0.976562
-0.403687,-0.176270,0.738647
0.071899,0.081909,1.006470
0.178955,-0.467285,0.820068
-0.502563,0.108887,0.778198
0.471313,-0.291748,0.994995
-0.340454,-0.203979,0.754883
0.004883,0.118408,1.008179
0.252319,-0.472778,0.848389
-0.528076,0.079956,0.759033
0.462036,-0.253906,1.004272
-0.253906,-0.217407,0.789917
-0.068237,0.140137,0.993774
0.313477,-0.457764,0.889648
-0.536255,0.057983,0.765015
0.433472,-0.205566,1.016846
-0.164795,-0.265015,0.807373
-0.138306,0.157349,0.974243
0.365845,-0.443970,0.914062
-0.528687,0.028198,0.769653
0.402222,-0.154053,1.026123
-0.072510,-0.340942,0.808960
-0.200317,0.160278,0.951294
0.409424,-0.427368,0.933838
-0.509521,-0.020142,0.762817
0.351929,-0.095581,1.025513
0.004150,-0.414185,0.788330
-0.269897,0.153198,0.914795
0.449951,-0.402222,0.963135
-0.479248,-0.078857,0.747803
0.286865,-0.047241,1.033813
0.070923,-0.461182,0.789673
-0.334961,0.155884,0.891479
0.478516,-0.370972,0.988281
-0.453735,-0.131104,0.749390
0.225708,-0.005005,1.030762
0.105591,-0.457642,0.795776
-0.391113,0.134888,0.857666
0.495972,-0.345215,1.002686
-0.400757,-0.179810,0.755615
0.142334,0.045654,1.023926
0.169434,-0.451172,0.830444
-0.437378,0.101807,0.822144
0.504028,-0.310791,1.020386
-0.342407,-0.219238,0.760620
0.069214,0.091553,1.032837
0.255371,-0.468140,0.865234
-0.472778,0.067017,0.785522
0.494629,-0.284546,1.031372
-0.270508,-0.238037,0.799316
-0.003784,0.135864,1.027588
0.316406,-0.449707,0.907471
-0.490967,0.050049,0.789795
0.472290,-0.224243,1.049561
-0.177124,-0.261475,0.825562
-0.074585,0.168945,1.024902
0.374512,-0.443481,0.939453
-0.489258,0.046143,0.798218
0.449219,-0.175659,1.066772
-0.094727,-0.305542,0.839478
-0.143066,0.169678,1.008667
0.430908,-0.419189,0.972046
-0.474243,-0.026855,0.791260
0.399170,-0.106812,1.078491
0.004761,-0.366821,0.836914
-0.208862,0.174683,0.983887
0.475830,-0.404785,1.000732
-0.447266,-0.083496,0.778809
0.349854,-0.051147,1.081909
0.078735,-0.413452,0.849487
-0.275757,0.170776,0.969971
0.505127,-0.363892,1.025269
-0.415283,-0.132080,0.792847
0.281738,-0.010376,1.064453
0.108398,-0.394531,0.865112
-0.323608,0.158325,0.931396
0.533325,-0.323608,1.063110
-0.377808,-0.183472,0.787720
0.209961,0.038940,1.078125
0.195190,-0.420532,0.877441
-0.375610,0.120972,0.888428
0.547974,-0.308716,1.065308
-0.325562,-0.214600,0.790894
0.136719,0.082764,1.068115
0.276001,-0.441528,0.916748
-0.412598,0.082764,0.836304
0.538696,-0.261841,1.075195
-0.258545,-0.238770,0.809570
0.069092,0.124634,1.075684
0.345581,-0.440796,0.944702
-0.444214,0.080200,0.827881
0.521118,-0.205078,1.092651
-0.187988,-0.248535,0.838501
0.000488,0.167603,1.079102
0.399658,-0.427490,0.987305
-0.453979,0.061890,0.834717
0.492310,-0.157104,1.105347
-0.116089,-0.263428,0.861328
-0.064941,0.189209,1.070923
0.448364,-0.407837,1.022217
-0.444702,0.018921,0.830811
0.466919,-0.101929,1.127075
-0.014648,-0.313843,0.883057
-0.131104,0.205933,1.059082
0.486816,-0.379761,1.040283
-0.434082,-0.032959,0.825562
0.427490,-0.059814,1.138306
0.061646,-0.369141,0.886475
-0.188232,0.194458,1.041626
0.526611,-0.345093,1.067993
-0.414429,-0.087402,0.814209
0.383423,-0.027832,1.136597
0.086426,-0.357544,0.901611
-0.254395,0.206543,1.020996
0.552368,-0.313843,1.093140
-0.371094,-0.132324,0.819092
0.312134,0.028442,1.128174
0.159180,-0.381226,0.913696
-0.304932,0.169800,0.967529
0.577393,-0.282593,1.119141
-0.333496,-0.182617,0.815796
0.242188,0.064453,1.118896
0.231445,-0.409668,0.933105
-0.346680,0.118896,0.918457
0.584717,-0.261475,1.129395
-0.281738,-0.216553,0.825562
0.169800,0.104370,1.111938
0.304810,-0.418335,0.967285
-0.385498,0.095703,0.884766
0.571045,-0.224854,1.129517
-0.220337,-0.238281,0.850464
0.094238,0.142700,1.115967
0.361694,-0.397949,0.999878
-0.415283,0.087769,0.873901
0.554077,-0.177490,1.146851
-0.160278,-0.253418,0.867188
0.019409,0.181030,1.104126
0.414062,-0.382690,1.026855
-0.429810,0.032715,0.855835
0.531616,-0.135742,1.164917
-0.072876,-0.286865,0.883179
-0.059326,0.202515,1.095947
0.451782,-0.371582,1.046631
-0.421021,-0.008057,0.853271
0.496338,-0.087280,1.168823
0.014771,-0.338501,0.896606
-0.123535,0.207031,1.085205
0.488037,-0.341797,1.069214
-0.421387,-0.046509,0.837402
0.451416,-0.046997,1.176636
0.024048,-0.341431,0.897095
-0.201782,0.221436,1.057739
0.531006,-0.308716,1.101929
-0.405640,-0.089600,0.820068
0.394287,-0.001343,1.171875
0.079346,-0.358521,0.906250
-0.262451,0.209717,1.021606
0.563477,-0.297363,1.118896
-0.363892,-0.155884,0.820679
0.311768,0.035889,1.160767
0.155762,-0.378784,0.919678
-0.316040,0.160278,0.956055
0.582642,-0.274536,1.130371
-0.319214,-0.204224,0.818237
0.234741,0.074585,1.143921
0.227905,-0.396606,0.940918
-0.367554,0.133301,0.923584
0.572144,-0.248047,1.121460
-0.267334,-0.233887,0.833496
0.146362,0.106445,1.123169
0.294678,-0.387695,0.969360
-0.412598,0.118774,0.898438
0.566895,-0.209351,1.141602
-0.219604,-0.260010,0.841919
0.062866,0.131104,1.101807
0.344849,-0.381226,0.984253
-0.426392,0.057739,0.862061
0.543701,-0.179077,1.144043
-0.146362,-0.295044,0.851929
-0.017822,0.142944,1.076782
0.382446,-0.367310,0.999756
-0.436890,0.016479,0.845825
0.519897,-0.132080,1.162109
-0.084961,-0.330933,0.835815
-0.085083,0.166504,1.067383
0.423828,-0.342896,1.020874
-0.443848,-0.027954,0.831299
0.473755,-0.080811,1.161865
-0.059326,-0.328735,0.847900
-0.174561,0.196167,1.042358
0.464233,-0.327393,1.046509
-0.448242,-0.062500,0.805786
0.421387,-0.037964,1.165527
-0.018066,-0.335449,0.851685
-0.254883,0.205322,1.015137
0.503784,-0.313721,1.076782
-0.438477,-0.099243,0.785400
0.226440,0.084961,1.145264
0.050903,-0.344971,0.867676
-0.361450,0.119629,0.925537
0.581665,-0.249756,1.133179
-0.271240,-0.226074,0.844482
0.147949,0.109863,1.113892
0.311035,-0.397095,0.983765
-0.397705,0.088501,0.890137
0.563843,-0.199829,1.149048
-0.213989,-0.253906,0.854004
0.061890,0.139038,1.100952
0.356934,-0.384399,1.004272
-0.415283,0.046265,0.864136
0.545288,-0.155762,1.157471
-0.141113,-0.292236,0.859131
-0.009033,0.151489,1.092529
0.395996,-0.374023,1.013916
-0.427979,0.015503,0.848022
0.527832,-0.121826,1.165161
-0.061890,-0.335571,0.854370
-0.074341,0.179321,1.074951
0.428955,-0.362793,1.015259
-0.436279,-0.023193,0.840820
0.501221,-0.090210,1.168823
-0.048462,-0.332275,0.843872
-0.152344,0.205078,1.065186
0.467407,-0.344727,1.049805
-0.440552,-0.049194,0.821289
0.452759,-0.066895,1.171875
-0.021484,-0.327515,0.858398
-0.220459,0.225952,1.037476
0.500366,-0.313477,1.073242
-0.431030,-0.095947,0.811035
0.386108,-0.024048,1.161133
0.036255,-0.330200,0.883301
-0.286011,0.199829,0.989868
0.523804,-0.294922,1.088013
-0.400391,-0.153564,0.783691
0.307129,0.004517,1.152222
0.093750,-0.359253,0.874390
-0.334961,0.171143,0.944946
0.526245,-0.282471,1.077515
-0.365234,-0.208252,0.792480
0.233643,0.036011,1.132202
0.151001,-0.391479,0.890381
-0.396729,0.152344,0.910522
0.529785,-0.262085,1.090088
-0.334839,-0.233154,0.788086
0.156006,0.060425,1.104492
0.209595,-0.387695,0.916870
-0.443604,0.118408,0.872437
0.524170,-0.228271,1.098999
-0.314697,-0.256348,0.786865
0.080078,0.085571,1.080444
0.260742,-0.392334,0.925537
-0.462524,0.083496,0.844238
0.509155,-0.197021,1.096680
-0.236694,-0.280029,0.790894
0.009033,0.103149,1.057861
0.298950,-0.388550,0.942383
-0.479248,0.057007,0.826538
0.491089,-0.166016,1.105347
-0.184814,-0.303833,0.781372
-0.066528,0.130493,1.023682
0.342163,-0.394897,0.947388
-0.497437,0.014893,0.805542
0.463379,-0.139160,1.109131
-0.161987,-0.305908,0.783691
-0.151367,0.162598,1.015015
0.385864,-0.380005,0.965454
-0.504272,-0.029785,0.779053
0.418701,-0.118286,1.102661
-0.139282,-0.294556,0.790039
-0.230103,0.179810,0.986816
0.414795,-0.344604,0.990723
-0.509277,-0.059692,0.763672
0.369385,-0.077271,1.091919
-0.103394,-0.318359,0.786621
-0.302246,0.183960,0.943726
0.434326,-0.340698,1.000000
-0.494019,-0.113037,0.739868
0.308105,-0.046631,1.091675
-0.061279,-0.350830,0.792236
-0.367188,0.174316,0.911011
0.447266,-0.330078,1.005005
-0.474976,-0.159424,0.728516
0.243530,-0.022217,1.078613
-0.001831,-0.381714,0.804932
-0.437378,0.182617,0.886475
0.456543,-0.291016,1.023071
-0.452271,-0.188965,0.729736
0.162109,0.028564,1.066650
0.071411,-0.398926,0.833374
-0.482666,0.175415,0.859863
0.459839,-0.278198,1.027466
-0.435303,-0.202515,0.738159
0.098022,0.064575,1.057495
0.132935,-0.415405,0.843872
-0.514038,0.152222,0.846313
0.457397,-0.265259,1.019653
-0.371704,-0.205200,0.759155
0.036133,0.080933,1.034790
0.177734,-0.415771,0.858154
-0.541016,0.128174,0.815308
0.446045,-0.244995,1.013550
-0.318604,-0.236816,0.747559
-0.031128,0.099487,1.012451
0.231567,-0.417480,0.871460
-0.562134,0.094727,0.785034
0.427124,-0.210815,1.019165
-0.266846,-0.273193,0.735962
-0.106201,0.130127,0.989990
0.279663,-0.426514,0.888428
-0.577759,0.074951,0.766602
0.412842,-0.180786,1.029541
-0.235229,-0.299927,0.719971
-0.179688,0.151489,0.976318
0.315186,-0.415161,0.903320
-0.581665,0.036865,0.752686
0.386475,-0.150391,1.030396
-0.206787,-0.309082,0.727661
-0.250977,0.174194,0.945923
0.345703,-0.404541,0.913696
-0.578125,0.013550,0.745972
0.353149,-0.121338,1.028931
-0.169189,-0.320312,0.724854
-0.319580,0.188599,0.915649
0.367310,-0.397705,0.916138
-0.572388,-0.031616,0.721313
0.309326,-0.078735,1.033936
-0.135010,-0.347656,0.731689
-0.368896,0.197266,0.895752
0.390991,-0.372803,0.933472
-0.554077,-0.063965,0.701172
0.261719,-0.043701,1.029541
-0.086426,-0.373657,0.750000
-0.424072,0.207886,0.878784
0.400635,-0.345459,0.943726
-0.534546,-0.091553,0.712036
0.204102,-0.002808,1.020508
-0.039917,-0.385986,0.769897
-0.467773,0.216187,0.869263
0.411987,-0.313599,0.963501
-0.510742,-0.124756,0.711182
0.136475,0.037842,1.012939
0.019287,-0.391479,0.787964
-0.506592,0.219360,0.850586
0.420776,-0.294312,0.960938
-0.479736,-0.174561,0.704834
0.084106,0.073120,1.013428
0.067505,-0.408203,0.809814
-0.546265,0.218384,0.840942
0.435913,-0.270996,0.977051
-0.416992,-0.186768,0.722778
0.040405,0.097900,1.016357
0.125732,-0.415527,0.819458
-0.568726,0.212891,0.829468
0.437866,-0.245483,0.990112
-0.357544,-0.211792,0.733154
-0.006714,0.119995,1.007690
0.186401,-0.414917,0.836182
-0.592529,0.196899,0.812012
0.434326,-0.222046,0.995850
-0.299438,-0.233154,0.734497
-0.055420,0.142944,0.979614
0.230835,-0.409912,0.853149
-0.598022,0.187012,0.795410
0.433105,-0.191895,1.003784
-0.255005,-0.264160,0.725464
-0.126587,0.157471,0.959229
0.279785,-0.410278,0.872192
-0.597290,0.150879,0.783325
0.415527,-0.159180,1.007568
-0.205444,-0.283569,0.727661
-0.178955,0.176270,0.948486
0.318481,-0.409546,0.889038
-0.591431,0.125244,0.777710
0.401733,-0.131592,1.010742
-0.166382,-0.313599,0.739746
-0.234253,0.179810,0.919678
0.352539,-0.396118,0.895142
-0.584717,0.083130,0.761841
0.369385,-0.097656,1.018188
-0.128052,-0.326538,0.740601
-0.279297,0.190674,0.896973
0.381958,-0.382080,0.916748
-0.565796,0.045898,0.747559
0.332031,-0.060181,1.009644
-0.093384,-0.358643,0.735107
-0.325684,0.200439,0.877441
0.398193,-0.355591,0.927002
-0.548828,-0.005981,0.727661
0.283691,-0.035645,1.000732
-0.053223,-0.382446,0.750732
-0.378052,0.196777,0.861084
0.417114,-0.330566,0.944214
-0.531006,-0.060547,0.719238
0.238403,-0.004883,1.006470
-0.020020,-0.386475,0.757812
-0.413086,0.202026,0.849731
0.428711,-0.307739,0.952515
-0.499634,-0.092407,0.725586
0.182861,0.017700,1.011108
0.019165,-0.394775,0.772339
-0.456421,0.216064,0.838379
0.445435,-0.295776,0.962646
-0.461792,-0.099609,0.753662
0.135132,0.055298,1.011353
0.067261,-0.406982,0.786499
-0.492676,0.216797,0.821411
0.455811,-0.270386,0.966797
-0.427979,-0.143311,0.744263
0.101562,0.084473,1.018799
0.099487,-0.415161,0.805542
-0.525757,0.212036,0.807251
0.469482,-0.264038,0.974731
-0.378540,-0.165161,0.762817
0.049561,0.119385,1.017578
0.144165,-0.418213,0.818848
-0.545166,0.180054,0.784912
0.461914,-0.241333,0.981934
-0.332397,-0.163940,0.761597
0.003662,0.131104,1.002563
0.196167,-0.424805,0.836670
-0.568237,0.175049,0.781738
0.458740,-0.220093,0.987915
-0.273682,-0.208496,0.777344
-0.041992,0.140991,0.995361
0.245605,-0.430664,0.860107
-0.579346,0.142700,0.762451
0.456299,-0.206787,1.004883
-0.212524,-0.235962,0.779785
-0.099243,0.157227,0.970093
0.287598,-0.423706,0.873413
-0.574097,0.111938,0.762939
0.441406,-0.181396,1.009277
-0.154541,-0.266602,0.794434
-0.142334,0.154541,0.951050
0.330688,-0.422241,0.890625
-0.563721,0.092285,0.760010
0.408203,-0.139160,1.012207
-0.099243,-0.318359,0.788452
-0.188599,0.159546,0.932129
0.370605,-0.419189,0.913940
-0.563354,0.054688,0.757812
0.367554,-0.107544,1.006226
-0.040649,-0.377197,0.787842
-0.244873,0.163330,0.909302
0.405762,-0.412842,0.925659
-0.549561,0.002075,0.741455
0.330933,-0.072876,1.006836
-0.006348,-0.401733,0.776855
-0.302124,0.168823,0.896484
0.430420,-0.397339,0.937256
-0.521118,-0.063232,0.736328
0.275513,-0.043823,1.008423
0.027222,-0.425415,0.761841
-0.341919,0.153198,0.865479
0.453613,-0.377686,0.955933
-0.498413,-0.097656,0.736694
0.223511,-0.014893,1.004028
0.067017,-0.442993,0.774048
-0.390503,0.146484,0.839355
0.469116,-0.358765,0.967285
-0.460571,-0.147339,0.742920
0.172485,0.009155,1.007812
0.094727,-0.430786,0.792480
-0.435791,0.132812,0.815674
0.478516,-0.331055,0.989746
-0.412842,-0.169678,0.757324
0.114990,0.048462,1.020630
0.140015,-0.444946,0.814819
-0.463623,0.116089,0.798950
0.494751,-0.308838,1.010010
-0.358032,-0.199585,0.762085
0.065796,0.083130,1.019043
0.207642,-0.463989,0.829468
-0.487427,0.091187,0.775635
0.492310,-0.297607,1.007812
-0.310181,-0.230591,0.776001
0.007080,0.106201,1.020508
0.268066,-0.476074,0.854492
-0.503052,0.077026,0.766235
0.476196,-0.267212,1.013794
-0.243530,-0.250244,0.794067
-0.046509,0.132446,1.019531
0.323364,-0.476318,0.890991
-0.525146,0.088013,0.764160
0.464355,-0.223022,1.032837
-0.193604,-0.259155,0.810303
-0.086914,0.143921,1.006958
0.360962,-0.455566,0.924927
-0.521484,0.068481,0.778442
0.438721,-0.173706,1.042236
-0.136963,-0.273071,0.823120
-0.116577,0.140869,1.006348
0.398682,-0.445801,0.943481
-0.507812,0.027222,0.779785
0.417847,-0.130859,1.056274
-0.070801,-0.307373,0.834961
-0.171021,0.152832,0.991699
0.440552,-0.447388,0.966797
-0.494141,-0.016724,0.787720
0.388550,-0.101074,1.054077
-0.004639,-0.344116,0.836670
-0.203735,0.166138,0.976562
0.478027,-0.426270,1.005249
-0.459961,-0.072388,0.776978
0.345459,-0.075928,1.055908
0.047974,-0.385864,0.842651
-0.245483,0.161499,0.963257
0.505615,-0.388916,1.017212
-0.429321,-0.111328,0.783081
0.319458,-0.038208,1.069092
0.088257,-0.402100,0.845215
-0.286133,0.170288,0.958374
0.534546,-0.373291,1.043335
-0.403076,-0.126099,0.792358
0.289307,-0.015381,1.072510
0.102905,-0.389648,0.853149
-0.316406,0.171753,0.941895
0.546875,-0.334717,1.060791
-0.371582,-0.166870,0.789185
0.247192,0.028320,1.089111
0.147217,-0.398804,0.879028
-0.346313,0.139404,0.913330
0.561523,-0.319580,1.075928
-0.354736,-0.177368,0.795044
0.215088,0.049438,1.092896
0.206177,-0.420166,0.906738
-0.373657,0.112671,0.886841
0.562012,-0.294312,1.086792
-0.317261,-0.213623,0.798706
0.171265,0.087158,1.099976
0.251831,-0.430298,0.914551
-0.391968,0.102783,0.867920
0.559692,-0.284302,1.089478
-0.277100,-0.224731,0.818604
0.128784,0.109253,1.090820
0.312012,-0.436279,0.945679
-0.411865,0.078247,0.851685
0.541626,-0.252686,1.092163
-0.238403,-0.237427,0.831787
0.085449,0.127319,1.090942
0.359131,-0.428833,0.972900
-0.427612,0.089233,0.849487
0.537231,-0.203369,1.115356
-0.191528,-0.246948,0.845581
0.038696,0.153076,1.099365
0.398682,-0.421997,1.008179
-0.436401,0.072144,0.857178
0.522705,-0.163330,1.134766
-0.136841,-0.273682,0.863770
-0.016846,0.178833,1.098145
0.439819,-0.411987,1.021606
-0.435303,0.053711,0.863159
0.510986,-0.130127,1.140747
-0.070190,-0.290771,0.883301
-0.064453,0.194824,1.094849
0.468262,-0.392578,1.037964
-0.427002,0.020630,0.853882
0.492554,-0.095215,1.156738
-0.013672,-0.317017,0.892944
-0.099243,0.193848,1.079956
0.488403,-0.384766,1.054443
-0.434082,-0.011475,0.847656
0.471191,-0.062988,1.164551
0.025757,-0.332153,0.903198
-0.141357,0.194336,1.073242
0.505981,-0.344604,1.081177
-0.423584,-0.036743,0.832642
0.444580,-0.032715,1.180298
0.016846,-0.320435,0.891357
-0.189575,0.219360,1.070435
0.537842,-0.343750,1.089844
-0.409546,-0.074463,0.819092
0.403564,-0.003052,1.160767
0.052124,-0.329224,0.899658
-0.225586,0.213135,1.049561
0.546509,-0.322754,1.105347
-0.392090,-0.094360,0.821289
0.375000,0.024414,1.178345
0.074341,-0.348389,0.896729
-0.261963,0.198853,1.021851
0.568359,-0.312744,1.117920
-0.377441,-0.132935,0.825928
0.338989,0.040771,1.159912
0.113403,-0.350952,0.918945
-0.300049,0.174805,0.982544
0.580688,-0.308350,1.118896
-0.350464,-0.174438,0.817749
0.295898,0.050415,1.146729
0.143066,-0.366211,0.906250
-0.318726,0.136230,0.946533
0.576660,-0.289429,1.124268
-0.334595,-0.206909,0.809570
0.258789,0.074097,1.149902
0.182617,-0.377441,0.917725
-0.350220,0.137085,0.929932
0.567017,-0.283813,1.113647
-0.321411,-0.223022,0.813232
0.214722,0.085693,1.136108
0.215454,-0.381348,0.926758
-0.386597,0.141602,0.911865
0.558716,-0.261719,1.120605
-0.305786,-0.240601,0.809814
0.172729,0.096680,1.129150
0.230469,-0.410522,0.916870
-0.410156,0.112183,0.892090
0.552002,-0.251709,1.112061
-0.292847,-0.257080,0.814697
0.130005,0.102173,1.102905
0.252197,-0.409546,0.927734
-0.435913,0.115601,0.876709
0.543335,-0.239502,1.101685
-0.289062,-0.264771,0.794800
0.094604,0.103149,1.097656
0.270996,-0.404907,0.925415
-0.452026,0.103394,0.860352
0.527588,-0.228394,1.095093
-0.271484,-0.269165,0.799927
0.062134,0.101318,1.083740
0.284668,-0.394165,0.927246
-0.462402,0.081055,0.836060
0.517578,-0.218018,1.101196
-0.242554,-0.299316,0.795044
0.027832,0.105103,1.073486
0.292114,-0.395264,0.928711
-0.479614,0.086426,0.840332
0.504517,-0.222046,1.093628
-0.216797,-0.311890,0.786499
-0.011841,0.116089,1.048828
0.306519,-0.397461,0.926025
-0.493286,0.072876,0.823120
0.486938,-0.209351,1.090942
-0.205566,-0.316406,0.778564
-0.052734,0.120239,1.031250
0.315186,-0.389038,0.928101
-0.512085,0.055664,0.808716
0.478882,-0.192871,1.088623
-0.207642,-0.326538,0.762939
-0.101318,0.135986,1.016846
0.339111,-0.401489,0.934814
-0.525513,0.040161,0.789307
0.458008,-0.171387,1.089844
-0.199219,-0.340820,0.745483
-0.147827,0.153442,1.010010
0.350952,-0.399170,0.937256
-0.531982,0.021729,0.778809
0.427979,-0.154785,1.081787
-0.189819,-0.321533,0.748779
-0.199097,0.167236,0.985352
0.359863,-0.391602,0.940186
-0.533569,0.003784,0.765381
0.404297,-0.127808,1.078857
-0.183350,-0.324707,0.754028
-0.238647,0.177368,0.972778
0.371094,-0.395142,0.947998
-0.541382,-0.004517,0.764038
0.384521,-0.111938,1.072388
-0.168213,-0.325562,0.745850
-0.282104,0.175903,0.956421
0.385620,-0.406494,0.937500
-0.540894,-0.017822,0.753052
0.351685,-0.087158,1.071289
-0.156616,-0.305176,0.762695
-0.316895,0.171143,0.923706
0.398682,-0.402222,0.941895
-0.551636,-0.035889,0.728760
0.313599,-0.059692,1.063599
-0.125244,-0.317017,0.768555
-0.363770,0.180908,0.911133
0.396973,-0.380615,0.943604
-0.550537,-0.068115,0.706909
0.288330,-0.044922,1.054199
-0.097656,-0.336548,0.764160
-0.418335,0.202148,0.894287
0.415405,-0.370361,0.952515
-0.541748,-0.088135,0.703735
0.236450,-0.015015,1.040283
-0.065796,-0.347778,0.774170
-0.446655,0.198608,0.879761
0.419800,-0.349365,0.959595
-0.528809,-0.113281,0.702515
0.182739,0.015015,1.024170
-0.020142,-0.366089,0.793823
-0.489258,0.218140,0.876099
0.425293,-0.320801,0.976562
-0.500977,-0.159790,0.705811
0.126465,0.051636,1.017822
0.030151,-0.374512,0.797852
-0.517334,0.208374,0.854492
0.426636,-0.308960,0.975220
-0.450684,-0.164062,0.727173
0.080566,0.082886,1.015503
0.074341,-0.384644,0.814087
-0.547852,0.211792,0.832153
0.432251,-0.282959,0.977295
-0.392822,-0.214844,0.730469
0.037964,0.104492,1.015381
0.119629,-0.390137,0.825195
-0.567017,0.205078,0.819946
0.434692,-0.253540,0.983276
-0.353271,-0.262695,0.711914
-0.006836,0.121826,1.003052
0.172119,-0.397461,0.844238
-0.588257,0.187500,0.800537
0.429199,-0.226685,0.983276
-0.300293,-0.282227,0.720093
-0.061279,0.140503,0.990601
0.221924,-0.394287,0.866089
-0.599609,0.170410,0.788574
0.419678,-0.201660,0.990967
-0.253418,-0.294434,0.716064
-0.121094,0.151489,0.970215
0.279297,-0.388916,0.883057
-0.601318,0.148071,0.774170
0.402710,-0.157349,1.001953
-0.198486,-0.302979,0.729614
-0.183228,0.163330,0.935547
0.317749,-0.389038,0.892212
-0.590576,0.132568,0.764648
0.383911,-0.120605,1.013184
-0.157593,-0.330200,0.715820
-0.243652,0.169922,0.911133
0.362427,-0.380859,0.898804
-0.579346,0.095337,0.760986
0.350464,-0.074097,1.014893
-0.116089,-0.359741,0.715088
-0.309570,0.186523,0.879150
0.387939,-0.374390,0.914307
-0.556274,0.026611,0.725098
0.300903,-0.029663,1.003418
-0.070312,-0.377930,0.720459
-0.362183,0.205444,0.873169
0.412842,-0.367188,0.922241
-0.543579,-0.036621,0.708618
0.250244,0.002441,1.006348
-0.023682,-0.381226,0.754639
-0.425415,0.205811,0.853516
0.427124,-0.348999,0.938232
-0.512085,-0.071655,0.716797
0.190308,0.053711,1.022095
0.020752,-0.385376,0.768799
-0.470215,0.210083,0.847290
0.441406,-0.318604,0.947021
-0.471924,-0.115845,0.730225
0.134644,0.079590,1.025757
0.075317,-0.391846,0.795776
-0.507080,0.209106,0.826904
0.450317,-0.282593,0.969482
-0.416382,-0.135498,0.751953
0.080688,0.111694,1.014404
0.132935,-0.393677,0.819946
-0.542236,0.198730,0.805054
0.458252,-0.266968,0.974609
-0.354370,-0.174072,0.753906
0.017212,0.132446,1.002441
0.196045,-0.398560,0.846802
-0.560059,0.182007,0.790771
0.459717,-0.232910,0.985718
-0.285889,-0.213989,0.761475
-0.053101,0.146240,0.980347
0.255859,-0.409058,0.871338
-0.565796,0.136230,0.765625
0.447388,-0.211304,0.997192
-0.196533,-0.246460,0.782837
-0.117920,0.152100,0.960938
0.296143,-0.410034,0.882324
-0.565674,0.113770,0.775757
0.434082,-0.157593,1.024292
-0.132812,-0.296631,0.790771
-0.180298,0.168335,0.938599
0.339844,-0.413330,0.893433
-0.560059,0.085449,0.763672
0.401367,-0.117920,1.023193
-0.073730,-0.356689,0.775635
-0.244751,0.170044,0.910645
0.387207,-0.416016,0.906860
-0.542847,0.004639,0.754883
0.341431,-0.089966,1.004761
-0.026489,-0.378540,0.768555
-0.299072,0.166016,0.878174
0.424072,-0.403442,0.929810
-0.529785,-0.048218,0.726685
0.276123,-0.045532,1.008545
0.021973,-0.415283,0.766602
-0.354004,0.143677,0.854736
0.445190,-0.376099,0.945557
-0.499268,-0.096313,0.735962
0.217407,0.003540,1.009521
0.068604,-0.442505,0.778076
-0.410889,0.148438,0.827026
0.468384,-0.350220,0.964966
-0.454834,-0.143311,0.735107
0.146484,0.040649,1.016968
0.110352,-0.434814,0.792969
-0.458130,0.142578,0.804443
0.478149,-0.328613,0.981445
-0.394653,-0.169189,0.758301
0.081543,0.075928,1.010254
0.165894,-0.446289,0.814209
-0.493286,0.122803,0.790649
0.484619,-0.298462,0.999146
-0.328491,-0.213867,0.760620
0.008789,0.111694,1.015137
0.240479,-0.463379,0.847168
-0.518311,0.088135,0.762451
0.480835,-0.278442,1.008179
-0.238281,-0.246948,0.803833
-0.063477,0.150879,1.018188
0.299805,-0.449829,0.893555
-0.535156,0.089722,0.778809
0.449097,-0.219238,1.025269
-0.160889,-0.261230,0.826050
-0.122070,0.150513,0.997925
0.359619,-0.433594,0.924927
-0.520752,0.061035,0.779053
0.396729,-0.150391,1.038330
-0.066772,-0.360229,0.815186
-0.176270,0.146240,0.976074
0.425171,-0.415161,0.959106
-0.494507,0.001343,0.774048
0.344116,-0.080322,1.039062
0.021362,-0.420288,0.807129
-0.244629,0.132935,0.931519
0.473145,-0.398193,0.996094
-0.459473,-0.071167,0.770752
0.278442,-0.038452,1.045776
0.085571,-0.450806,0.805908
-0.310791,0.113770,0.902466
0.507690,-0.371460,1.015381
-0.414673,-0.124268,0.784424
0.207520,0.015869,1.033569
0.124023,-0.414429,0.835083
-0.373413,0.108154,0.873535
0.534912,-0.341431,1.049316
-0.362183,-0.189941,0.772827
0.126221,0.092285,1.054932
0.228882,-0.456299,0.862305
-0.419067,0.063843,0.832153
0.458374,-0.250366,1.021729
-0.278687,-0.225952,0.798950
-0.090454,0.153564,0.997314
0.344604,-0.432983,0.920654
-0.545288,0.074219,0.768677
0.417236,-0.185059,1.033081
-0.078003,-0.361572,0.806885
-0.167236,0.151855,0.977295
0.406250,-0.420044,0.949707
-0.504639,0.006714,0.767456
0.357300,-0.104248,1.036621
0.000732,-0.384521,0.813843
-0.243286,0.131226,0.937012
0.465698,-0.411865,0.989258
-0.480225,-0.067139,0.760498
0.312012,-0.047852,1.044922
0.053467,-0.389648,0.829956
-0.290161,0.141357,0.911499
0.485107,-0.392212,1.004639
-0.438965,-0.129272,0.768311
0.285645,-0.010498,1.064697
0.094482,-0.421265,0.829346
-0.324219,0.144531,0.913452
0.514771,-0.372681,1.025391
-0.412842,-0.159302,0.777588
0.248901,0.008423,1.065308
0.116943,-0.404419,0.843384
-0.358521,0.172241,0.916016
0.527710,-0.362549,1.023682
-0.388550,-0.167358,0.780640
0.237793,-0.003662,1.069580
0.133179,-0.405273,0.867310
-0.366089,0.142212,0.889526
0.539307,-0.348633,1.047241
-0.355347,-0.190918,0.795288
0.222534,0.037231,1.085083
0.145752,-0.391479,0.880981
-0.375366,0.156250,0.897827
0.568237,-0.352905,1.064087
-0.355591,-0.205200,0.797485
0.225952,0.017456,1.088257
0.168579,-0.398438,0.885010
-0.382202,0.174805,0.893066
0.576294,-0.338501,1.073120
-0.339355,-0.227905,0.801636
0.221191,0.037842,1.099854
0.167725,-0.400024,0.893799
-0.363525,0.146851,0.897095
0.587769,-0.343750,1.084106
-0.312744,-0.235962,0.820190
0.207275,0.066895,1.100708
0.176147,-0.411255,0.899292
-0.347900,0.151001,0.910645
0.592529,-0.330444,1.102173
-0.317139,-0.221436,0.824219
0.227905,0.062500,1.111938
0.179932,-0.392822,0.905396
-0.323730,0.145142,0.919067
0.595337,-0.312744,1.115845
-0.321777,-0.234009,0.806152
0.236816,0.068848,1.122437
0.195923,-0.404541,0.921875
-0.336670,0.166870,0.935913
0.609253,-0.332642,1.114746
-0.323853,-0.220947,0.812500
0.251465,0.057739,1.135498
0.196411,-0.385376,0.927246
-0.329468,0.174561,0.951538
0.605225,-0.304932,1.120117
-0.313843,-0.224121,0.821289
0.243530,0.073120,1.131836
0.197632,-0.390869,0.935913
-0.330322,0.162720,0.941040
0.609741,-0.303101,1.134644
-0.307617,-0.244263,0.813232
0.241333,0.082153,1.143677
0.193115,-0.389648,0.918213
-0.324951,0.149292,0.931152
0.614990,-0.309082,1.135620
-0.302002,-0.248047,0.826660
0.228760,0.087646,1.147095
0.194336,-0.378052,0.920532
-0.326782,0.138794,0.925781
0.608276,-0.305908,1.136475
-0.311523,-0.244751,0.817505
0.224731,0.094482,1.144531
0.206787,-0.392700,0.921875
-0.336792,0.139038,0.925537
0.606445,-0.292969,1.133301
-0.301270,-0.247925,0.829102
0.212769,0.080078,1.135376
0.213623,-0.402100,0.933838
-0.351318,0.139282,0.912598
0.597656,-0.282471,1.135376
-0.296265,-0.254150,0.815796
0.207031,0.097290,1.142456
0.224854,-0.419556,0.927124
-0.370117,0.157959,0.922729
0.585571,-0.271362,1.127197
-0.293945,-0.234253,0.833862
0.193237,0.091187,1.131958
0.231201,-0.416016,0.934448
-0.387451,0.146240,0.905884
0.576050,-0.255249,1.121094
-0.288452,-0.229492,0.824951
0.166382,0.099243,1.131470
0.244995,-0.411865,0.940308
-0.400513,0.136841,0.903076
0.565063,-0.243164,1.118896
-0.298584,-0.220947,0.821777
0.159058,0.093018,1.119385
0.237305,-0.397583,0.927002
-0.424561,0.125732,0.884644
0.563599,-0.272217,1.113403
-0.285156,-0.241211,0.827148
0.125977,0.097534,1.104858
0.228760,-0.383179,0.913940
-0.435669,0.093750,0.859253
0.567017,-0.272095,1.110718
-0.282104,-0.250732,0.819702
0.096802,0.114502,1.091553
0.231201,-0.390381,0.914185
-0.453735,0.095703,0.848145
0.553589,-0.279175,1.102417
-0.278320,-0.277954,0.808105
0.067871,0.119141,1.081055
0.237061,-0.382446,0.909058
-0.462524,0.092651,0.835083
0.537109,-0.276367,1.080444
-0.268188,-0.271362,0.808472
0.043457,0.106079,1.083130
0.246094,-0.382568,0.902832
-0.476562,0.102417,0.828369
0.525635,-0.256226,1.082642
-0.242065,-0.284302,0.809448
0.015259,0.097290,1.049683
0.255005,-0.390869,0.899536
-0.501099,0.080566,0.809448
0.511597,-0.241943,1.076904
-0.233643,-0.292847,0.788208
-0.027100,0.115234,1.036621
0.274048,-0.387085,0.906128
-0.513062,0.071289,0.809082
0.493896,-0.234741,1.070190
-0.235474,-0.306519,0.773560
-0.057983,0.123901,1.010620
0.278809,-0.376099,0.909912
-0.530640,0.057739,0.782715
0.478760,-0.226685,1.069092
-0.214478,-0.330200,0.758911
-0.087646,0.126831,1.013672
0.289185,-0.379883,0.903809
-0.551147,0.066284,0.772461
0.455444,-0.206665,1.054932
-0.207764,-0.329712,0.758179
-0.132812,0.125977,0.997192
0.303589,-0.384521,0.915649
-0.563354,0.042358,0.760742
0.425659,-0.186646,1.054932
-0.196533,-0.333374,0.739380
-0.192017,0.154175,0.980591
0.334473,-0.370239,0.927246
-0.568481,0.049438,0.763550
0.392700,-0.158813,1.041382
-0.170654,-0.317749,0.757446
-0.239380,0.151245,0.954590
0.348755,-0.364014,0.938232
-0.570312,0.002563,0.734863
0.357422,-0.134033,1.041748
-0.153564,-0.327148,0.749634
-0.282959,0.149292,0.927368
0.369873,-0.350098,0.947021
-0.574097,-0.021362,0.726929
0.314819,-0.091675,1.035767
-0.130005,-0.360352,0.741211
-0.347168,0.172241,0.911865
0.388672,-0.340454,0.949097
-0.556030,-0.049316,0.707397
0.246704,-0.025024,1.027588
-0.084961,-0.359375,0.766357
-0.403931,0.187744,0.887085
0.412109,-0.336792,0.971802
-0.547974,-0.085571,0.696289
0.173462,0.029297,1.029419
-0.027466,-0.399780,0.774902
-0.474243,0.193359,0.873535
0.428833,-0.308472,0.984009
-0.509277,-0.140015,0.708130
0.092773,0.090210,1.017090
0.045288,-0.397949,0.795532
-0.533813,0.190186,0.851074
0.453125,-0.294434,1.006958
-0.426025,-0.160889,0.729248
0.010254,0.136963,1.003418
0.133423,-0.401489,0.817993
-0.566895,0.177124,0.816895
0.441528,-0.247559,1.001831
-0.330444,-0.223511,0.734985
-0.049194,0.141846,0.982422
0.211548,-0.407471,0.849121
-0.597900,0.147827,0.788452
0.426392,-0.208008,1.008789
-0.244873,-0.300293,0.724243
-0.133667,0.161499,0.965210
0.282471,-0.381592,0.881226
-0.604370,0.119995,0.770630
0.399414,-0.155640,1.010620
-0.187134,-0.325562,0.721313
-0.220337,0.172363,0.920654
0.346680,-0.380737,0.894775
-0.579590,0.067139,0.748779
0.338867,-0.083374,1.013428
-0.122314,-0.371826,0.703613
-0.324097,0.185669,0.890869
0.388794,-0.353760,0.924561
-0.547974,-0.013428,0.718994
0.250244,-0.012939,1.008301
-0.054443,-0.396851,0.737915
-0.422241,0.214111,0.863159
0.424927,-0.312744,0.950806
-0.501587,-0.092163,0.709473
0.150391,0.056763,1.016235
0.041382,-0.383301,0.785400
-0.513794,0.208740,0.831909
0.436890,-0.270752,0.972168
-0.406982,-0.164673,0.732178
0.047852,0.117065,1.013306
0.148804,-0.375977,0.832764
-0.569336,0.203003,0.814941
0.433228,-0.221558,0.983032
-0.276245,-0.242188,0.747070
-0.073730,0.152954,0.977783
0.256714,-0.377563,0.871826
-0.575317,0.143433,0.791382
0.403931,-0.150635,1.008545
-0.152100,-0.310303,0.751953
-0.184326,0.167236,0.922485
0.346191,-0.379639,0.897583
-0.563721,0.063721,0.758911
0.347778,-0.078247,1.013184
-0.075684,-0.378662,0.732788
-0.316772,0.184082,0.866089
0.404053,-0.342651,0.929810
-0.510986,-0.060913,0.721313
0.240601,-0.014771,1.000610
-0.004517,-0.397095,0.749756
-0.436279,0.189697,0.832642
0.443115,-0.299805,0.949707
-0.437134,-0.145020,0.741943
0.115112,0.072021,1.018555
0.112671,-0.398193,0.805298
-0.528564,0.168579,0.798218
0.441406,-0.237305,0.975830
-0.315308,-0.207031,0.753906
-0.023438,0.136719,1.000244
0.244995,-0.411499,0.867554
-0.554199,0.123047,0.784058
0.416992,-0.165527,0.998535
-0.167847,-0.277588,0.768188
-0.175537,0.160767,0.943237
0.352295,-0.415894,0.902588
-0.532349,0.032349,0.772461
0.350220,-0.084473,1.012939
-0.052124,-0.368286,0.744263
-0.321167,0.183105,0.862061
0.427246,-0.387573,0.936890
-0.483032,-0.113525,0.737549
0.222412,-0.016479,1.010132
0.055298,-0.420166,0.762817
-0.439819,0.156738,0.795288
0.457886,-0.326172,0.956299
-0.416870,-0.192993,0.746094
0.094604,0.069092,1.014282
0.140015,-0.416138,0.813721
-0.515137,0.126099,0.773438
0.456177,-0.281128,0.981079
-0.302002,-0.244629,0.762329
-0.033447,0.109985,1.001465
0.277710,-0.432739,0.880493
-0.544312,0.077393,0.763916
0.420776,-0.189941,1.001343
-0.128540,-0.311401,0.802856
-0.170898,0.143433,0.940552
0.377197,-0.418823,0.920410
-0.527344,0.016479,0.760986
0.341064,-0.091797,1.014771
-0.007935,-0.390381,0.796997
-0.300781,0.135254,0.881348
0.440308,-0.384521,0.954346
-0.472168,-0.101929,0.752075
0.229492,-0.004517,1.021973
0.094116,-0.460083,0.790527
-0.412964,0.130371,0.827759
0.474731,-0.344971,0.982910
-0.402588,-0.192017,0.749146
0.111572,0.053955,1.024048
0.179565,-0.440430,0.823486
-0.495483,0.104370,0.797729
0.486206,-0.290039,1.005493
-0.291260,-0.243286,0.771484
-0.019287,0.117920,1.015625
0.305298,-0.452637,0.894775
-0.519287,0.064941,0.779663
0.439331,-0.194580,1.030762
-0.148682,-0.271729,0.825928
-0.125854,0.133301,0.991455
0.395020,-0.432251,0.944946
-0.484741,-0.002075,0.779541
0.375244,-0.100952,1.046509
-0.006104,-0.352173,0.833984
-0.242188,0.134766,0.937378
0.469849,-0.398560,0.995239
-0.441284,-0.113770,0.771973
0.282227,-0.014160,1.061401
0.099976,-0.421387,0.825928
-0.350464,0.138184,0.893066
0.516357,-0.349976,1.023438
-0.374268,-0.183228,0.779297
0.165283,0.050781,1.057739
0.195801,-0.433594,0.864624
-0.417969,0.101929,0.833252
0.518188,-0.279175,1.052979
-0.272461,-0.246338,0.797363
0.041992,0.120483,1.054199
0.324829,-0.460083,0.927124
-0.478271,0.060547,0.801270
0.483521,-0.193237,1.079590
-0.158081,-0.273071,0.817749
-0.067139,0.173828,1.052856
0.426636,-0.431396,0.991821
-0.477051,0.027954,0.817993
0.433716,-0.107300,1.093994
-0.007690,-0.347290,0.857178
-0.168335,0.167969,1.005127
0.492432,-0.375977,1.039551
-0.431763,-0.064819,0.810059
0.364624,-0.051880,1.091431
0.087036,-0.374268,0.876343
-0.278931,0.167114,0.969604
0.542236,-0.309326,1.082642
-0.358398,-0.155273,0.807983
0.250122,0.052490,1.104614
0.195190,-0.410156,0.903442
-0.355713,0.128906,0.902710
0.562744,-0.282104,1.104492
-0.287354,-0.230835,0.797119
0.135498,0.110107,1.096313
0.319458,-0.428101,0.950317
-0.418579,0.095581,0.855591
0.538208,-0.214966,1.105835
-0.187744,-0.252319,0.846436
0.024414,0.163940,1.095337
0.410889,-0.401245,1.012695
-0.437256,0.055420,0.850830
0.506348,-0.113159,1.142090
-0.058350,-0.289917,0.884155
-0.092041,0.187988,1.076660
0.476074,-0.368042,1.059082
-0.426025,-0.024048,0.840088
0.456299,-0.045044,1.168457
0.045654,-0.349609,0.893066
-0.199707,0.224243,1.050049
0.531982,-0.331543,1.094971
-0.387939,-0.104736,0.827148
0.367188,0.027222,1.164795
0.126953,-0.372559,0.909058
-0.298584,0.209717,1.010254
0.569214,-0.291138,1.120972
-0.316162,-0.179688,0.829834
0.255005,0.080078,1.142578
0.230103,-0.403809,0.935425
-0.356812,0.134521,0.923462
0.583374,-0.256104,1.134155
-0.247437,-0.252808,0.833374
0.133179,0.110474,1.116699
0.319092,-0.404419,0.979614
-0.403809,0.104248,0.882812
0.571411,-0.177246,1.152588
-0.161865,-0.282349,0.865479
0.013062,0.161255,1.098999
0.403320,-0.387329,1.015503
-0.416748,0.030884,0.851685
0.524902,-0.101196,1.175537
-0.030029,-0.339233,0.881592
-0.089600,0.185913,1.081543
0.459473,-0.372559,1.048828
-0.431274,-0.026611,0.836304
0.455688,-0.018677,1.184326
-0.005737,-0.325073,0.866699
-0.183960,0.212280,1.064331
0.515137,-0.328369,1.082153
-0.431885,-0.094727,0.806030
0.384521,-0.012817,1.161499
0.069092,-0.343140,0.886719
-0.287720,0.179932,0.988403
0.542236,-0.297363,1.110474
-0.369019,-0.193237,0.795898
0.265259,0.058472,1.146851
0.164062,-0.383179,0.901001
-0.368286,0.137573,0.918213
0.555664,-0.270630,1.109985
-0.300903,-0.250366,0.805054
0.134033,0.104614,1.108154
0.253784,-0.379517,0.946289
-0.422485,0.102295,0.880249
0.539673,-0.220215,1.120972
-0.238159,-0.285034,0.820801
0.020630,0.114014,1.070801
0.315430,-0.371216,0.947510
-0.442627,0.036255,0.833496
0.511841,-0.172729,1.122681
-0.130981,-0.325684,0.818726
-0.089844,0.111694,1.025879
0.371704,-0.353394,0.976685
-0.459106,-0.023560,0.797363
0.460693,-0.102661,1.145386
-0.094238,-0.315063,0.819702
-0.221558,0.176880,1.006104
0.429565,-0.335449,1.016846
-0.476440,-0.089111,0.761719
0.371704,-0.046753,1.125366
-0.034424,-0.320557,0.839600
-0.313354,0.190430,0.962524
0.454834,-0.321777,1.021729
-0.448853,-0.161743,0.738647
0.268677,0.005981,1.115356
0.061157,-0.370728,0.849243
-0.419678,0.172241,0.901733
0.480225,-0.296021,1.044312
-0.411133,-0.234863,0.738159
0.131958,0.061401,1.074829
0.155762,-0.387573,0.875000
-0.471924,0.129883,0.855347
0.480591,-0.262207,1.052246
-0.326294,-0.267334,0.769409
0.010620,0.087036,1.035156
0.225708,-0.391724,0.891113
-0.501465,0.072510,0.813232
0.461304,-0.213501,1.060669
-0.245361,-0.299438,0.757324
-0.089111,0.107666,0.992188
0.289185,-0.384644,0.908325
-0.532593,0.024658,0.769653
0.426270,-0.167969,1.065674
-0.193359,-0.327393,0.742432
-0.226318,0.154419,0.969360
0.350586,-0.371216,0.941162
-0.538574,-0.035278,0.744141
0.361450,-0.106934,1.072754
-0.147461,-0.307983,0.760620
-0.338013,0.190063,0.925171
0.399780,-0.366699,0.946289
-0.530762,-0.097046,0.713989
0.276367,-0.043945,1.056030
-0.073486,-0.353882,0.772949
-0.438721,0.204346,0.885254
0.425537,-0.338135,0.977905
-0.501587,-0.138306,0.710449
0.167114,0.026245,1.040527
0.032471,-0.378784,0.811401
-0.517944,0.204346,0.860718
0.428955,-0.289062,0.983643
-0.429932,-0.200439,0.721558
0.060913,0.076172,1.032349
0.122437,-0.395142,0.842041
-0.565796,0.159302,0.813843
0.429565,-0.242676,0.998291
-0.323608,-0.276733,0.722168
-0.044922,0.109375,0.996948
0.210327,-0.397339,0.857910
-0.577026,0.112671,0.784790
0.406128,-0.198364,1.007324
-0.258789,-0.295288,0.721924
-0.158203,0.138794,0.963623
0.295776,-0.391113,0.895020
-0.583496,0.058594,0.751587
0.364380,-0.133057,1.021240
-0.188721,-0.333008,0.714722
-0.251221,0.157959,0.918213
0.347778,-0.378784,0.913696
-0.587524,0.018433,0.731934
0.322266,-0.075317,1.028809
-0.135742,-0.355347,0.718750
-0.351562,0.211548,0.901001
0.397583,-0.365967,0.929565
-0.559937,-0.028442,0.711792
0.237793,-0.017700,1.009399
-0.068237,-0.391968,0.745728
-0.440674,0.223145,0.880981
0.418823,-0.315430,0.948608
-0.516479,-0.108398,0.701416
0.152832,0.046997,1.018677
0.005859,-0.385498,0.780518
-0.512207,0.237671,0.860474
0.438110,-0.283325,0.981445
-0.443237,-0.156006,0.728271
0.083740,0.095703,1.020630
0.095581,-0.389404,0.813354
-0.560059,0.225952,0.826172
0.443481,-0.245117,0.987549
-0.351807,-0.191040,0.741455
0.009399,0.129395,1.004517
0.174438,-0.385498,0.842285
-0.584473,0.182129,0.792114
0.434937,-0.205933,0.992554
-0.259399,-0.255615,0.739258
-0.082031,0.166870,0.982300
0.252930,-0.385864,0.867798
-0.585938,0.143311,0.780884
0.412354,-0.164551,1.008911
-0.189453,-0.302124,0.740845
-0.152710,0.177612,0.943359
0.318237,-0.371338,0.895020
-0.579102,0.095337,0.757935
0.383301,-0.119507,1.016968
-0.123535,-0.363770,0.728882
-0.230225,0.195557,0.915161
0.366577,-0.366455,0.909302
-0.560547,0.048828,0.741333
0.330078,-0.071899,1.009033
-0.069702,-0.403320,0.717285
-0.315063,0.193237,0.874268
0.409912,-0.339966,0.934448
-0.535645,-0.032349,0.716675
0.255371,-0.009644,0.998413
-0.005981,-0.423828,0.742920
-0.399536,0.195679,0.849976
0.440918,-0.318970,0.958008
-0.502686,-0.075806,0.722412
0.175293,0.049438,1.015991
0.054199,-0.419189,0.768311
-0.464722,0.195557,0.836182
0.455078,-0.305176,0.966064
-0.453125,-0.122314,0.747070
0.111938,0.077271,1.015259
0.106934,-0.403687,0.804199
-0.519897,0.182373,0.802979
0.458252,-0.279175,0.979614
-0.378174,-0.178467,0.757812
0.035889,0.125610,1.009644
0.175903,-0.411255,0.835449
-0.552490,0.140503,0.777832
0.456665,-0.249146,0.988892
-0.289673,-0.216919,0.767456
-0.046387,0.156128,0.991943
0.256836,-0.419067,0.869263
-0.562012,0.106079,0.754150
0.446899,-0.223389,0.999146
-0.202637,-0.265747,0.777588
-0.115601,0.174683,0.973145
0.313110,-0.417969,0.896240
-0.567627,0.104492,0.773682
0.418701,-0.172852,1.013794
-0.116455,-0.337402,0.777466
-0.180908,0.171021,0.949707
0.367920,-0.406006,0.913208
-0.554932,0.060303,0.770142
0.384888,-0.132568,1.012085
-0.057739,-0.385864,0.774292
-0.246460,0.171509,0.922607
0.409302,-0.402100,0.931274
-0.539673,-0.005737,0.751221
0.329956,-0.087158,1.017456
0.000488,-0.434692,0.773438
-0.302856,0.157593,0.884888
0.439697,-0.390625,0.947632
-0.506836,-0.066895,0.739258
0.265381,-0.046631,1.008423
0.046875,-0.457642,0.763672
-0.346680,0.133301,0.855591
0.469238,-0.374146,0.960205
-0.477661,-0.096680,0.751221
0.202026,-0.005493,1.013916
0.080566,-0.466064,0.775757
-0.397583,0.123657,0.840088
0.485718,-0.338989,0.986206
-0.438599,-0.141968,0.745605
0.144409,0.027344,1.008545
0.129517,-0.472412,0.796143
-0.433105,0.114746,0.811523
0.497681,-0.320435,1.006714
-0.394287,-0.176392,0.747925
0.088989,0.072266,1.025024
0.197998,-0.493530,0.824829
-0.460571,0.076904,0.803223
0.510132,-0.298462,1.018555
-0.342773,-0.201782,0.770630
0.035156,0.109253,1.033325
0.256714,-0.489502,0.857056
-0.490112,0.061401,0.781128
0.499878,-0.281616,1.033569
-0.279419,-0.211914,0.793335
-0.005005,0.130127,1.037231
0.310547,-0.483643,0.887451
-0.503784,0.055664,0.786621
0.483765,-0.242676,1.053589
-0.218262,-0.227417,0.817017
-0.046265,0.166260,1.043457
0.348755,-0.470947,0.922119
-0.507935,0.047607,0.789917
0.465088,-0.214355,1.058716
-0.154663,-0.248901,0.842285
-0.076904,0.178589,1.035889
0.395874,-0.427734,0.960815
-0.497803,0.027832,0.797241
0.447998,-0.173218,1.073120
-0.088013,-0.296631,0.846436
-0.112061,0.182495,1.038086
0.434082,-0.413696,0.986572
-0.483643,-0.003906,0.796875
0.432495,-0.133545,1.083984
-0.026001,-0.333496,0.850464
-0.142700,0.191772,1.026123
0.472412,-0.387939,1.019165
-0.466553,-0.033813,0.791992
0.400757,-0.094971,1.089844
0.031860,-0.375977,0.859009
-0.173096,0.191162,1.025757
0.509399,-0.372070,1.041504
-0.446289,-0.063843,0.790405
0.380371,-0.063965,1.107056
0.065918,-0.385742,0.867310
-0.207275,0.190308,1.010620
0.540283,-0.332153,1.069824
-0.416992,-0.089111,0.805908
0.346802,-0.023682,1.114380
0.072144,-0.383545,0.873047
-0.242676,0.176025,0.992310
0.558594,-0.304443,1.097900
-0.390991,-0.111084,0.810425
0.312378,0.009766,1.116943
0.127441,-0.401001,0.896851
-0.282837,0.158691,0.963379
0.583252,-0.297729,1.117676
-0.348145,-0.148438,0.820679
0.265259,0.047241,1.114868
0.178833,-0.429932,0.906616
-0.315552,0.131348,0.938354
0.590332,-0.289307,1.129395
-0.318604,-0.174438,0.825562
0.215942,0.088989,1.133057
0.234985,-0.445679,0.925903
-0.345459,0.111450,0.909668
0.524292,-0.260620,1.076782
-0.287109,-0.190918,0.837769
0.016968,0.168457,1.079590
0.285156,-0.454346,0.949097
-0.459473,0.067139,0.834717
0.515503,-0.223267,1.093506
-0.189331,-0.228394,0.845215
-0.008301,0.180664,1.081787
0.405884,-0.426636,0.987671
-0.458618,0.050415,0.838379
0.500366,-0.171875,1.103760
-0.122559,-0.249268,0.864868
-0.044800,0.202637,1.078247
0.435913,-0.401855,1.015747
-0.445923,0.023315,0.838989
0.494751,-0.133667,1.128418
-0.061890,-0.279663,0.881226
-0.085327,0.211914,1.079346
0.464355,-0.376953,1.032715
-0.436768,-0.014526,0.835205
0.472412,-0.104736,1.133667
-0.001831,-0.320190,0.897827
-0.116455,0.206909,1.065063
0.492432,-0.367065,1.052002
-0.420898,-0.048950,0.825317
0.451660,-0.077026,1.156494
0.037231,-0.343872,0.904053
-0.154663,0.201172,1.052612
0.509277,-0.339966,1.065796
-0.413696,-0.065796,0.830078
0.430542,-0.057495,1.159424
0.042603,-0.345825,0.897095
-0.187378,0.215454,1.039673
0.528931,-0.299683,1.093018
-0.399292,-0.098755,0.810303
0.405396,-0.026245,1.166382
0.069946,-0.348999,0.898315
-0.237061,0.224854,1.040161
0.552246,-0.291748,1.117188
-0.382080,-0.117188,0.816528
0.366333,0.003418,1.155396
0.115967,-0.375732,0.920410
-0.265625,0.207031,1.009155
0.563965,-0.278076,1.123779
-0.361084,-0.148438,0.815674
0.321533,0.041626,1.161987
0.153442,-0.399292,0.923340
-0.291748,0.180420,0.985107
0.573608,-0.269165,1.127319
-0.336914,-0.178345,0.822632
0.265503,0.061157,1.155396
0.191650,-0.420166,0.925781
-0.328613,0.148682,0.950073
0.580933,-0.268921,1.124390
-0.312622,-0.188232,0.836548
0.217285,0.081543,1.138062
0.230835,-0.425049,0.933472
-0.362427,0.127075,0.917114
0.570312,-0.242676,1.135010
-0.291626,-0.211304,0.828613
0.158325,0.105591,1.130005
0.272095,-0.420776,0.946167
-0.400879,0.118530,0.909424
0.557617,-0.226196,1.124634
-0.268311,-0.221069,0.829468
0.110107,0.120728,1.114136
0.301514,-0.412354,0.953735
-0.429199,0.100464,0.885986
0.547119,-0.202759,1.125122
-0.239868,-0.254761,0.825439
0.059937,0.122925,1.099609
0.323853,-0.392578,0.961670
-0.438599,0.071655,0.862183
0.535034,-0.180054,1.122070
-0.183594,-0.270630,0.824097
0.003052,0.132080,1.081177
0.344849,-0.384033,0.966309
-0.458252,0.025879,0.839600
0.514771,-0.159424,1.126221
-0.147095,-0.295654,0.814087
-0.048950,0.151978,1.059814
0.371582,-0.379639,0.974976
-0.471802,-0.005981,0.816040
0.480835,-0.143799,1.119141
-0.138184,-0.305176,0.795776
-0.117310,0.163696,1.033813
0.403809,-0.365967,0.991699
-0.483154,-0.033569,0.795898
0.437866,-0.099243,1.123291
-0.134766,-0.292236,0.798828
-0.184326,0.179932,1.016968
0.430176,-0.356689,1.011841
-0.489502,-0.071899,0.772583
0.389526,-0.074707,1.111450
-0.112061,-0.288940,0.802246
-0.258423,0.179199,0.985718
0.450806,-0.335205,1.033813
-0.480835,-0.117432,0.758545
0.327148,-0.035156,1.099365
-0.082153,-0.317749,0.795898
-0.311279,0.171631,0.951294
0.463989,-0.347046,1.024902
-0.473145,-0.128662,0.735474
0.282593,-0.007812,1.095093
-0.037720,-0.358032,0.790771
-0.386108,0.181763,0.903198
0.464844,-0.342651,1.008667
-0.459473,-0.168701,0.731812
0.223755,0.014893,1.082764
0.015991,-0.377930,0.815552
-0.447144,0.182739,0.886841
0.466553,-0.308594,1.026978
-0.451050,-0.194336,0.719849
0.153076,0.048096,1.071411
0.080322,-0.397827,0.827759
-0.499634,0.163574,0.853638
0.469360,-0.293091,1.019165
-0.413452,-0.203125,0.750732
0.080566,0.071167,1.046631
0.134766,-0.404663,0.843506
-0.531738,0.146729,0.832153
0.452148,-0.266113,1.010864
-0.360352,-0.233032,0.744751
0.020142,0.086426,1.025513
0.185547,-0.416748,0.845459
-0.560425,0.125977,0.804077
0.434814,-0.250977,0.998657
-0.302002,-0.272583,0.735718
-0.047729,0.094482,0.992065
0.236572,-0.405029,0.873169
-0.584473,0.107666,0.778198
0.420776,-0.204956,1.020874
-0.250122,-0.310913,0.719238
-0.135132,0.145020,0.982788
0.281250,-0.396240,0.887817
-0.589844,0.075806,0.761475
0.394531,-0.175293,1.019165
-0.219849,-0.328735,0.711792
-0.201172,0.163330,0.961426
0.322388,-0.388794,0.910278
-0.593384,0.043213,0.748657
0.361572,-0.122681,1.029419
-0.181274,-0.328979,0.713379
-0.283691,0.171387,0.928467
0.359741,-0.383057,0.915894
-0.586670,0.007812,0.731812
0.308472,-0.075928,1.020996
-0.140625,-0.365967,0.720825
-0.364868,0.188110,0.894653
0.397705,-0.355347,0.942871
-0.560425,-0.035156,0.709106
0.238770,-0.009521,1.022217
-0.075195,-0.391357,0.744019
-0.437256,0.213623,0.878418
0.414429,-0.320679,0.959717
-0.535278,-0.092285,0.702271
0.156372,0.041382,1.015381
-0.000244,-0.394043,0.781494
-0.505493,0.225952,0.860962
0.429077,-0.298340,0.972168
-0.474609,-0.142090,0.715210
0.096802,0.089722,1.019409
0.069702,-0.396851,0.799683
-0.547729,0.215820,0.830688
0.438232,-0.264282,0.987915
-0.383545,-0.190308,0.735596
0.030884,0.124268,1.014160
0.148193,-0.394897,0.829956
-0.581177,0.193848,0.806396
0.432617,-0.225464,0.990967
-0.299316,-0.255859,0.740601
-0.040771,0.145386,0.992554
0.223267,-0.389893,0.855103
-0.595337,0.168945,0.780762
0.422974,-0.196045,1.001099
-0.225830,-0.280518,0.738159
-0.109375,0.173706,0.970825
0.283691,-0.377319,0.880981
-0.591431,0.123779,0.758545
0.398682,-0.140747,1.007324
-0.172607,-0.332397,0.727661
-0.189453,0.182129,0.938965
0.346191,-0.386353,0.901611
-0.583252,0.101074,0.749023
0.361206,-0.097168,1.008301
-0.116333,-0.351562,0.720581
-0.272583,0.184692,0.898682
0.386719,-0.354492,0.922607
-0.562256,0.026733,0.727539
0.299561,-0.028809,1.000488
-0.066650,-0.391846,0.723511
-0.348633,0.199097,0.874390
0.421387,-0.346436,0.939453
-0.539917,-0.041870,0.710693
0.227905,0.007324,0.993042
-0.012573,-0.413086,0.736816
-0.414307,0.198242,0.853638
0.437012,-0.308716,0.953369
-0.494629,-0.080322,0.738159
0.163330,0.047485,1.014160
0.035156,-0.405151,0.767578
-0.477783,0.194458,0.836548
0.463745,-0.284424,0.971191
-0.436401,-0.110962,0.744751
0.100098,0.085327,1.012329
0.103760,-0.416382,0.797729
-0.526733,0.180176,0.799072
0.458618,-0.249634,0.993408
-0.376221,-0.169556,0.752319
0.036621,0.116699,1.015625
0.182251,-0.410156,0.828125
-0.557495,0.158081,0.782837
0.457275,-0.230591,0.999634
-0.293335,-0.207642,0.770020
-0.033569,0.146240,0.993530
0.245728,-0.422729,0.858398
-0.569092,0.117188,0.762695
0.448120,-0.210205,0.999023
-0.206665,-0.251099,0.778809
-0.112305,0.168945,0.967041
0.304688,-0.417480,0.886597
-0.573120,0.089355,0.756592
0.416382,-0.170532,1.012329
-0.123779,-0.306641,0.780884
-0.177246,0.175659,0.942017
0.349243,-0.416992,0.904053
-0.567993,0.065674,0.758423
0.389404,-0.128540,1.012329
-0.061401,-0.367188,0.776367
-0.246094,0.184326,0.909790
0.400879,-0.406128,0.922485
-0.544556,-0.005127,0.741211
0.325684,-0.084595,1.000122
-0.006592,-0.411133,0.776001
-0.311890,0.165527,0.877075
0.434692,-0.392456,0.941650
-0.513672,-0.069580,0.728638
0.256104,-0.031616,1.000977
0.037476,-0.433838,0.763550
-0.364380,0.135986,0.845947
0.462280,-0.374878,0.965454
-0.488892,-0.107666,0.741211
0.194214,0.004517,1.006958
0.078735,-0.447510,0.771484
-0.412598,0.124390,0.821289
0.476562,-0.340454,0.979858
-0.435425,-0.154053,0.744019
0.127930,0.060791,1.012817
0.131226,-0.446289,0.805420
-0.459229,0.113281,0.805176
0.483398,-0.321777,0.993286
-0.382568,-0.215210,0.741211
0.061401,0.092163,1.014526
0.202759,-0.448730,0.843750
-0.482910,0.075928,0.776367
0.490723,-0.294434,1.013306
-0.312256,-0.246460,0.771118
-0.013916,0.123291,1.010254
0.267456,-0.460571,0.870972
-0.505127,0.062988,0.764404
0.473633,-0.258057,1.030151
-0.231201,-0.252808,0.800659
-0.070801,0.150513,1.014160
0.326294,-0.465210,0.895264
-0.515869,0.064697,0.780762
0.445801,-0.207520,1.046143
-0.154175,-0.267456,0.823975
-0.119263,0.159424,1.006714
0.366699,-0.448730,0.929321
-0.518311,0.049072,0.783203
0.429565,-0.161865,1.052246
-0.070312,-0.322144,0.828735
-0.173340,0.168945,0.994995
0.415894,-0.440308,0.951294
-0.491821,-0.011719,0.770508
0.390747,-0.119263,1.047363
0.008057,-0.370239,0.831299
-0.220947,0.170776,0.977539
0.462280,-0.409424,0.989014
-0.468994,-0.069580,0.762085
0.346313,-0.060303,1.067261
0.067261,-0.416382,0.836182
-0.264038,0.175903,0.964111
0.495117,-0.374634,1.015625
-0.432495,-0.113647,0.776489
0.291504,-0.021118,1.061035
0.101318,-0.419189,0.848633
-0.312866,0.181396,0.944946
0.527954,-0.341919,1.042236
-0.400024,-0.155273,0.781372
0.246826,0.023804,1.083740
0.153198,-0.415039,0.864624
-0.352295,0.153931,0.917847
0.549194,-0.312866,1.067993
-0.358154,-0.181519,0.786377
0.184326,0.064453,1.075562
0.226807,-0.441162,0.895996
-0.388428,0.108032,0.874390
0.560059,-0.282837,1.088013
-0.301392,-0.210327,0.796387
0.125122,0.097778,1.071533
0.288330,-0.448120,0.926758
-0.405640,0.072754,0.851440
0.544678,-0.244507,1.099121
-0.253052,-0.220703,0.822388
0.069580,0.134644,1.079102
0.347290,-0.454712,0.955444
-0.431274,0.072632,0.845215
0.538696,-0.208496,1.109863
-0.196899,-0.231201,0.844116
0.019775,0.159912,1.082031
0.395020,-0.432739,0.988892
-0.436768,0.059570,0.851196
0.525024,-0.161377,1.128418
-0.130615,-0.247437,0.866577
-0.032837,0.193115,1.084839
0.435181,-0.411621,1.011597
-0.437500,0.021973,0.846436
0.509033,-0.130737,1.144653
-0.061279,-0.276978,0.884644
-0.076538,0.205933,1.084351
0.471680,-0.387207,1.039429
-0.430786,-0.011963,0.848511
0.487427,-0.092529,1.163452
0.020020,-0.325439,0.899536
-0.128418,0.210938,1.073242
0.495117,-0.354126,1.063843
-0.420654,-0.045288,0.837646
0.458496,-0.070312,1.160522
0.029907,-0.324585,0.896484
-0.169189,0.218872,1.057373
0.526367,-0.326416,1.084473
-0.405273,-0.083252,0.825562
0.418579,-0.024780,1.169189
0.053955,-0.341431,0.903198
-0.233032,0.210083,1.032837
0.559448,-0.307739,1.109131
-0.385010,-0.139526,0.811157
0.361694,0.013062,1.161133
0.108765,-0.362915,0.915161
-0.278320,0.212524,1.009644
0.570435,-0.283813,1.128540
-0.347900,-0.176025,0.817261
0.304077,0.048706,1.159058
0.151489,-0.369141,0.921753
-0.314575,0.178467,0.963989
0.586182,-0.272095,1.128784
-0.317383,-0.207764,0.826782
0.243164,0.078003,1.153809
0.203613,-0.407593,0.926880
-0.337036,0.133301,0.926270
0.582153,-0.269165,1.123535
-0.288330,-0.218872,0.836548
0.184937,0.106812,1.139893
0.254395,-0.414307,0.940430
-0.390381,0.125610,0.904541
0.573853,-0.233032,1.130615
-0.267090,-0.226196,0.838379
0.126709,0.108765,1.120728
0.296143,-0.418335,0.953979
-0.420776,0.105713,0.876587
0.563232,-0.209961,1.134033
-0.235596,-0.248901,0.839111
0.070801,0.123535,1.111816
0.322998,-0.397095,0.965820
-0.443115,0.080078,0.865845
0.548218,-0.183716,1.129639
-0.189453,-0.271606,0.842407
0.015747,0.131348,1.084229
0.348633,-0.385010,0.977051
-0.454468,0.042725,0.847778
0.520752,-0.161011,1.133179
-0.135620,-0.303467,0.831055
-0.038940,0.139282,1.058594
0.372925,-0.378418,0.978271
-0.462891,0.017334,0.831543
0.494019,-0.130493,1.145752
-0.130981,-0.303955,0.810669
-0.094971,0.160522,1.058472
0.406372,-0.374878,0.984741
-0.489014,-0.014282,0.805298
0.466064,-0.113647,1.134033
-0.124756,-0.301270,0.800537
-0.157349,0.178589,1.033325
0.423706,-0.363281,1.005371
-0.488281,-0.036865,0.787231
0.432251,-0.082153,1.125610
-0.115967,-0.295776,0.801636
-0.223267,0.200317,1.020508
0.447998,-0.369019,1.006592
-0.489380,-0.064697,0.774658
0.385254,-0.059082,1.117798
-0.098755,-0.291138,0.814575
-0.272949,0.183838,0.970581
0.460938,-0.357300,1.024780
-0.487915,-0.105225,0.754883
0.336548,-0.049194,1.104858
-0.071533,-0.305176,0.816772
-0.325317,0.173950,0.948730
0.458130,-0.341309,1.017334
-0.468750,-0.148804,0.738281
0.285645,-0.018799,1.090088
-0.042725,-0.342529,0.806763
-0.369507,0.160522,0.911621
0.453735,-0.350464,1.009155
-0.468018,-0.156006,0.733521
0.238770,-0.003662,1.088013
0.001465,-0.367676,0.810547
-0.417847,0.177979,0.891479
0.455200,-0.326416,1.009521
-0.455933,-0.177979,0.730713
0.182617,0.021240,1.064209
0.035522,-0.367676,0.825684
-0.467041,0.176758,0.875488
0.466797,-0.298828,1.018311
-0.459229,-0.213745,0.719727
0.132812,0.039062,1.051514
0.072388,-0.380127,0.835449
-0.494141,0.173950,0.850464
0.456055,-0.296143,1.013306
-0.431030,-0.221558,0.722168
0.082031,0.064575,1.045166
0.111938,-0.401001,0.835205
-0.532104,0.170288,0.833740
0.448486,-0.267456,1.013428
-0.390137,-0.227295,0.739502
0.047363,0.078613,1.045410
0.144043,-0.425049,0.836304
-0.552612,0.166992,0.812012
0.446167,-0.262451,1.003174
-0.341919,-0.216553,0.754639
-0.005127,0.091553,1.021362
0.178955,-0.430786,0.834717
-0.565063,0.157227,0.801270
0.429321,-0.242188,0.998535
-0.313721,-0.253662,0.736694
-0.052124,0.104980,0.994873
0.218750,-0.433228,0.853760
-0.580078,0.143799,0.786377
0.422852,-0.219482,1.003662
-0.286133,-0.268677,0.725952
-0.097290,0.121338,0.990967
0.252563,-0.438110,0.852783
-0.598877,0.126953,0.776855
0.416382,-0.192871,1.003540
-0.258179,-0.297974,0.712280
-0.145874,0.147461,0.978394
0.289185,-0.433838,0.874390
-0.607178,0.109009,0.762695
0.403320,-0.172974,1.012451
-0.235962,-0.290894,0.713379
-0.175171,0.150635,0.971191
0.316284,-0.411133,0.887207
-0.604858,0.102661,0.759521
0.387939,-0.131470,1.013672
-0.202148,-0.300171,0.721069
-0.211548,0.167847,0.945312
0.338867,-0.422607,0.887939
-0.605347,0.094971,0.752197
0.366333,-0.116455,1.014160
-0.171509,-0.317383,0.718384
-0.263306,0.170532,0.920288
0.366943,-0.405396,0.902466
-0.593994,0.070190,0.744629
0.344116,-0.087891,1.014648
-0.146606,-0.337280,0.722900
-0.306396,0.187134,0.906006
0.392578,-0.399536,0.912720
-0.587891,0.048950,0.735962
0.306885,-0.063354,1.012085
-0.113403,-0.348145,0.725586
-0.337891,0.194092,0.894653
0.403809,-0.383911,0.927612
-0.578735,0.019409,0.726807
0.272217,-0.034912,1.001709
-0.077881,-0.359009,0.738892
-0.369629,0.203369,0.891968
0.407471,-0.364502,0.927856
-0.563354,-0.029297,0.705688
0.243652,-0.021484,0.994873
-0.055298,-0.360596,0.751221
-0.403198,0.204712,0.873657
0.425171,-0.337402,0.949463
-0.531738,-0.078735,0.704834
0.200317,0.012817,1.000244
-0.020996,-0.364868,0.759277
-0.426880,0.206665,0.863770
0.433960,-0.322754,0.959106
-0.509033,-0.098145,0.719604
0.162354,0.047485,1.002686
0.017700,-0.378784,0.777954
-0.460449,0.202393,0.847290
0.451538,-0.291870,0.971680
-0.475464,-0.110229,0.737549
0.120850,0.080688,1.012817
0.065796,-0.396484,0.783569
-0.491455,0.203491,0.834839
0.460449,-0.266602,0.984375
-0.428833,-0.124268,0.744263
0.084106,0.107544,1.011719
0.104126,-0.403687,0.807983
-0.519165,0.203857,0.819214
0.459717,-0.254028,0.991943
-0.386963,-0.165527,0.749146
0.035767,0.127808,1.008789
0.152832,-0.405640,0.819824
-0.547974,0.178467,0.800049
0.463257,-0.244751,0.992432
-0.345703,-0.171387,0.762085
-0.002563,0.145630,1.001831
0.196411,-0.400146,0.841797
-0.558594,0.161255,0.790527
0.467285,-0.225830,1.000244
-0.297974,-0.192749,0.765259
-0.047485,0.164429,0.989990
0.250732,-0.427002,0.853149
-0.571899,0.138184,0.770874
0.458862,-0.220703,0.999268
-0.249512,-0.223022,0.775757
-0.084595,0.165039,0.971313
0.285889,-0.421509,0.872192
-0.576050,0.105957,0.757812
0.448853,-0.189087,1.020508
-0.185303,-0.256470,0.782715
-0.129272,0.174072,0.959106
0.313354,-0.425537,0.886475
-0.574585,0.095703,0.768311
0.423218,-0.165527,1.019409
-0.142090,-0.292358,0.784790
-0.166504,0.171631,0.942261
0.344971,-0.417236,0.897461
-0.568726,0.078247,0.766235
0.403076,-0.134888,1.023438
-0.092407,-0.330688,0.780396
-0.198364,0.172852,0.935913
0.369263,-0.414795,0.910278
-0.558472,0.049194,0.756470
0.384277,-0.132568,1.015991
-0.058228,-0.376221,0.776123
-0.237671,0.169922,0.921387
0.396729,-0.413940,0.922241
-0.539795,-0.002808,0.745850
0.344360,-0.101318,1.003052
-0.020508,-0.384521,0.781006
-0.274658,0.160400,0.900879
0.420654,-0.406982,0.936768
-0.528687,-0.028809,0.744751
0.316528,-0.080322,1.006104
0.006226,-0.420044,0.774902
-0.307983,0.155518,0.885864
0.443237,-0.393433,0.953613
-0.504517,-0.067749,0.740967
0.274048,-0.052124,1.006226
0.044189,-0.453857,0.773315
-0.341187,0.148315,0.864502
0.460571,-0.377319,0.964355
-0.483887,-0.095459,0.746338
0.244507,-0.018433,1.029663
0.070923,-0.466919,0.778320
-0.368774,0.143066,0.858765
0.475952,-0.372192,0.973877
-0.464233,-0.119263,0.747070
0.213379,0.007446,1.029053
0.092651,-0.458984,0.793701
-0.386108,0.135864,0.853149
0.493896,-0.355591,0.990479
-0.445557,-0.150024,0.739380
0.177124,0.022705,1.026367
0.117920,-0.448364,0.808105
-0.394531,0.119873,0.844849
0.500732,-0.337524,1.008545
-0.414062,-0.150879,0.759155
0.154297,0.035645,1.035522
0.154053,-0.460938,0.820435
-0.417725,0.117798,0.841431
0.505615,-0.324097,1.019531
-0.382812,-0.174072,0.771606
0.123169,0.058350,1.037720
0.198486,-0.465820,0.844849
-0.432983,0.096924,0.823853
0.515869,-0.315918,1.029785
-0.355713,-0.211182,0.765747
0.094604,0.069702,1.039551
0.240356,-0.484741,0.861450
-0.451782,0.081055,0.807739
0.521240,-0.300171,1.047241
-0.316772,-0.219727,0.784790
0.057617,0.100098,1.044922
0.279663,-0.486572,0.881714
-0.459717,0.078613,0.798462
0.519653,-0.271240,1.055298
-0.276123,-0.232300,0.796753
0.036621,0.126465,1.056885
0.312866,-0.485352,0.900269
-0.463135,0.068726,0.810669
0.518799,-0.254639,1.067505
-0.245850,-0.229126,0.812012
0.015625,0.145020,1.062378
0.345337,-0.489014,0.913086
-0.468018,0.072754,0.816528
0.512451,-0.235718,1.077148
-0.216675,-0.219849,0.833130
0.001831,0.145508,1.060303
0.375732,-0.457031,0.942505
-0.470703,0.069702,0.822754
0.508667,-0.211426,1.085938
-0.176636,-0.222168,0.847046
-0.021729,0.171265,1.065674
0.395630,-0.445557,0.968262
-0.465820,0.062744,0.829834
0.508179,-0.187744,1.107910
-0.141968,-0.235107,0.854492
-0.044922,0.181885,1.069336
0.420166,-0.420044,0.994019
-0.455566,0.033447,0.833740
0.497803,-0.155273,1.115601
-0.102905,-0.259033,0.864624
-0.064331,0.188110,1.070923
0.449585,-0.412109,1.012939
-0.452271,0.026855,0.844604
0.484619,-0.132568,1.125366
-0.056396,-0.278809,0.879272
-0.088867,0.193237,1.072388
0.470703,-0.385254,1.036499
-0.450806,0.008423,0.843994
0.478394,-0.106689,1.137817
-0.015137,-0.305908,0.889771
-0.115356,0.200928,1.062866
0.486450,-0.374268,1.044678
-0.439331,-0.011963,0.840942
0.471680,-0.098145,1.153076
0.024048,-0.341675,0.898438
-0.133789,0.196655,1.059692
0.508911,-0.352417,1.061646
-0.424561,-0.036133,0.826904
0.453613,-0.062012,1.162354
0.044312,-0.344482,0.904785
-0.166016,0.207031,1.060913
0.521118,-0.348389,1.074829
-0.416504,-0.053101,0.833618
0.436157,-0.042725,1.161743
0.043091,-0.335327,0.901733
-0.188965,0.210205,1.049194
0.529297,-0.340210,1.086914
-0.404175,-0.073730,0.819458
0.259033,0.041382,1.113525
0.053955,-0.340332,0.909546
-0.336182,0.163086,0.946167
0.567627,-0.314575,1.095337
-0.352417,-0.198730,0.790649
0.236084,0.052979,1.109131
0.214355,-0.419678,0.922119
-0.342773,0.153687,0.935547
0.569580,-0.299438,1.104858
-0.338379,-0.217773,0.790283
0.219116,0.072388,1.115723
0.242188,-0.429321,0.927490
-0.352661,0.143433,0.921509
0.574707,-0.290161,1.105225
-0.318604,-0.204468,0.812866
0.201294,0.087158,1.111328
0.269409,-0.423218,0.941650
-0.347412,0.125854,0.915161
0.573975,-0.262817,1.121582
-0.305298,-0.218262,0.812622
0.190186,0.094971,1.116333
0.286377,-0.439819,0.941528
-0.362305,0.113525,0.915894
0.587036,-0.265991,1.126831
-0.289795,-0.220093,0.826294
0.162964,0.105957,1.119263
0.307739,-0.444458,0.959961
-0.366211,0.115112,0.905640
0.576416,-0.254028,1.125977
-0.276489,-0.209717,0.835693
0.151245,0.119629,1.114990
0.324951,-0.440552,0.967773
-0.373779,0.110352,0.904053
0.583862,-0.239990,1.133667
-0.259033,-0.217529,0.841675
0.124146,0.114990,1.111694
0.330933,-0.425293,0.973633
-0.393311,0.114746,0.901855
0.585693,-0.223877,1.156982
-0.247803,-0.218628,0.852051
0.105957,0.127686,1.118896
0.339233,-0.425659,0.979492
-0.398682,0.110107,0.898438
0.577637,-0.215454,1.151978
-0.232056,-0.226440,0.852051
0.080566,0.129761,1.108154
0.345703,-0.415161,0.985107
-0.406616,0.094604,0.892456
0.580688,-0.203613,1.148682
-0.218872,-0.232178,0.851562
0.061401,0.139282,1.100830
0.349976,-0.415283,0.978271
-0.413330,0.091553,0.895508
0.575195,-0.189575,1.162964
-0.215210,-0.255005,0.843384
0.043701,0.130005,1.096924
0.354614,-0.402832,0.978271
-0.418091,0.079346,0.882080
0.565552,-0.181885,1.151123
-0.193604,-0.260254,0.851807
0.021973,0.137451,1.085205
0.347778,-0.402710,0.976318
-0.431641,0.064941,0.874512
0.557495,-0.179321,1.157104
-0.172852,-0.267334,0.855103
0.000610,0.144897,1.081665
0.347290,-0.390015,0.968506
-0.435425,0.060547,0.855713
0.546753,-0.183105,1.138550
-0.148926,-0.286621,0.850098
-0.021729,0.141968,1.069336
0.340210,-0.388306,0.962769
-0.450806,0.041016,0.853394
0.541626,-0.172241,1.144165
-0.150391,-0.289307,0.826904
-0.031128,0.138428,1.068115
0.350830,-0.392212,0.958130
-0.461060,0.037964,0.834473
0.521362,-0.165894,1.136230
-0.145874,-0.301758,0.821167
-0.050293,0.143799,1.060425
0.353149,-0.407104,0.949341
-0.478149,0.038696,0.827515
0.516113,-0.167847,1.122681
-0.156616,-0.290771,0.817627
-0.071289,0.138428,1.039795
0.360107,-0.413208,0.948364
-0.490967,0.029297,0.812256
0.498169,-0.165771,1.121948
-0.156738,-0.281738,0.808594
-0.094727,0.138184,1.035645
0.357300,-0.402466,0.953003
-0.501831,0.016235,0.801270
0.481812,-0.154297,1.119751
-0.163574,-0.279541,0.790283
-0.128662,0.142090,1.012695
0.364136,-0.409668,0.945068
-0.512451,0.016968,0.795410
0.465942,-0.143433,1.107788
-0.173706,-0.276978,0.779175
-0.147095,0.145020,1.009277
0.366089,-0.401733,0.941895
-0.528931,0.005615,0.778320
0.441772,-0.138184,1.097290
-0.177856,-0.291870,0.772705
-0.183105,0.159180,0.999390
0.364624,-0.402588,0.948975
-0.540161,-0.010742,0.764893
0.424438,-0.132446,1.092285
-0.176880,-0.298096,0.761963
-0.213867,0.178955,0.991821
0.370728,-0.398438,0.943726
-0.549194,-0.017212,0.757812
0.400513,-0.129395,1.070435
-0.179810,-0.296143,0.758545
-0.231567,0.173706,0.981567
0.377197,-0.391235,0.950684
-0.554810,-0.022827,0.748779
0.374023,-0.122559,1.065430
-0.169922,-0.311890,0.751465
-0.258301,0.177979,0.951538
0.376953,-0.377930,0.947998
-0.554077,-0.032349,0.740723
0.357056,-0.115234,1.054443
-0.167236,-0.311768,0.745483
-0.286133,0.173584,0.935425
0.387085,-0.381104,0.946899
-0.554321,-0.049316,0.731812
0.337280,-0.103149,1.051025
-0.154175,-0.322144,0.752563
-0.308838,0.184814,0.924561
0.396973,-0.368652,0.953003
-0.564209,-0.062012,0.717163
0.313965,-0.094604,1.046753
-0.139526,-0.338379,0.749390
-0.344238,0.197754,0.916504
0.398438,-0.362671,0.954102
-0.560547,-0.070435,0.708252
0.292114,-0.075073,1.036377
-0.124878,-0.363403,0.743652
-0.377563,0.204712,0.900391
0.401367,-0.364502,0.951416
-0.554321,-0.058960,0.710693
0.265381,-0.050659,1.036255
-0.105225,-0.375977,0.737793
-0.402222,0.203735,0.887573
0.410400,-0.356689,0.951050
-0.541382,-0.074829,0.707275
0.233887,-0.021729,1.033325
-0.080566,-0.393433,0.750977
-0.426880,0.210449,0.882812
0.413574,-0.354248,0.950806
-0.544678,-0.082520,0.697632
0.203857,-0.000732,1.027466
-0.049438,-0.399780,0.760742
-0.459595,0.222534,0.875610
0.423218,-0.334351,0.959229
-0.544067,-0.101562,0.680298
0.178711,0.017578,1.018066
-0.018066,-0.399170,0.769897
-0.487061,0.230225,0.859985
0.424561,-0.319458,0.962158
-0.519409,-0.127075,0.688965
0.149536,0.049072,1.021118
0.013184,-0.412720,0.772461
-0.516479,0.233521,0.853027
0.427612,-0.298950,0.970215
-0.489258,-0.148682,0.701782
0.109009,0.078369,1.029053
0.055542,-0.421753,0.788208
-0.539917,0.237305,0.837158
0.438843,-0.273193,0.974731
-0.453247,-0.132446,0.726318
0.083252,0.084717,1.025391
0.097168,-0.414062,0.811646
-0.557495,0.229004,0.826538
0.435791,-0.250977,0.972534
-0.411499,-0.156128,0.726562
0.049805,0.108887,1.015991
0.132690,-0.414062,0.820068
-0.569214,0.220947,0.809204
0.439331,-0.235474,0.976318
-0.367065,-0.183716,0.732422
0.006958,0.134033,1.015991
0.175415,-0.418945,0.834351
-0.590454,0.219116,0.802490
0.437622,-0.225342,0.977295
-0.314819,-0.209839,0.730713
-0.028931,0.154053,1.005737
0.218140,-0.412964,0.852783
-0.602661,0.195190,0.795410
0.438599,-0.192993,0.994629
-0.264771,-0.235352,0.739990
-0.079590,0.171143,0.990112
0.258423,-0.415039,0.864014
-0.610352,0.176514,0.775269
0.427856,-0.174683,0.992798
-0.213135,-0.268921,0.740112
-0.129883,0.183105,0.970825
0.308838,-0.407959,0.884277
-0.595459,0.152344,0.770874
0.417236,-0.142700,1.006104
-0.170654,-0.288330,0.742920
-0.180542,0.174316,0.929565
0.348145,-0.394653,0.906250
-0.584351,0.102295,0.763428
0.396362,-0.120850,1.015503
-0.129150,-0.312500,0.740601
-0.232910,0.183960,0.914307
0.375977,-0.385864,0.915161
-0.568359,0.065063,0.761475
0.350220,-0.083130,1.001709
-0.081299,-0.342285,0.744385
-0.293335,0.186401,0.876587
0.408813,-0.373169,0.934204
-0.545898,-0.000732,0.745361
0.289062,-0.045654,0.990967
-0.040649,-0.366577,0.753784
-0.350342,0.173828,0.856689
0.429199,-0.349487,0.942993
-0.517212,-0.075806,0.732056
0.230103,-0.013184,0.998657
-0.003662,-0.398071,0.746094
-0.406372,0.153687,0.824341
0.453857,-0.319214,0.963501
-0.466553,-0.101929,0.756958
0.159546,0.044312,1.013428
0.050537,-0.405884,0.772827
-0.460815,0.161865,0.802734
0.452026,-0.298340,0.966309
-0.422607,-0.136108,0.745728
0.116577,0.089966,1.027588
0.095825,-0.401733,0.801392
-0.526245,0.177734,0.787720
0.462891,-0.293823,0.964233
-0.338623,-0.177612,0.774780
0.029419,0.133179,1.016602
0.165039,-0.405884,0.827271
-0.554199,0.157349,0.767090
0.469971,-0.270386,0.978027
-0.276245,-0.225220,0.784912
-0.046265,0.156738,1.008911
0.249512,-0.423096,0.855957
-0.569336,0.119995,0.753296
0.442017,-0.216675,0.994873
-0.184082,-0.260498,0.797119
-0.111938,0.157593,0.984131
0.317383,-0.418701,0.894409
-0.579224,0.114868,0.765503
0.404663,-0.178467,0.994141
-0.097534,-0.345093,0.788452
-0.183716,0.129517,0.936279
0.371948,-0.393433,0.921753
-0.548706,0.047852,0.762329
0.336914,-0.101318,1.002563
-0.027100,-0.416870,0.770874
-0.272095,0.128784,0.882080
0.427612,-0.389282,0.949707
-0.518066,-0.048584,0.744751
0.257935,-0.032349,1.000244
0.041992,-0.428955,0.772705
-0.369873,0.127441,0.844482
0.467529,-0.364746,0.971680
-0.455322,-0.114014,0.757080
0.158325,0.037231,1.008667
0.093628,-0.433105,0.782837
-0.437866,0.103638,0.805908
0.478760,-0.338501,0.985840
-0.378784,-0.203857,0.751099
0.061279,0.097412,1.018188
0.192749,-0.432251,0.828491
-0.507324,0.095093,0.772949
0.474731,-0.303223,0.989258
-0.271606,-0.251343,0.783325
-0.044800,0.138672,1.005859
0.295044,-0.439209,0.881226
-0.537842,0.068237,0.768921
0.435425,-0.231567,1.020630
-0.135986,-0.302490,0.807861
-0.156372,0.155396,0.972656
0.377319,-0.411743,0.928345
-0.514282,0.008789,0.773926
0.365723,-0.121826,1.028198
-0.006104,-0.398682,0.812256
-0.262451,0.137573,0.912231
0.450684,-0.398071,0.976929
-0.464233,-0.088623,0.764771
0.265015,-0.044800,1.029053
0.089600,-0.448608,0.801758
-0.355347,0.122803,0.865845
0.494751,-0.344360,1.011353
-0.398071,-0.163086,0.772949
0.152588,0.049927,1.029663
0.149414,-0.432861,0.831421
-0.437622,0.097900,0.819214
0.519287,-0.315186,1.034058
-0.317261,-0.223633,0.781616
0.031494,0.130737,1.048828
0.286011,-0.459961,0.887573
-0.483521,0.064087,0.783936
0.485718,-0.249390,1.043945
-0.191895,-0.274292,0.811401
-0.063110,0.170288,1.042114
0.371094,-0.418213,0.949585
-0.509033,0.071777,0.797974
0.434204,-0.177368,1.049072
-0.048340,-0.337891,0.847534
-0.159058,0.167603,1.005005
0.437500,-0.380493,0.993652
-0.463623,-0.042969,0.774170
0.355591,-0.084961,1.062378
0.090942,-0.427124,0.853271
-0.262695,0.142700,0.958618
0.493774,-0.311157,1.039429
-0.398926,-0.131348,0.790161
0.238647,0.020874,1.062134
0.153320,-0.440796,0.855591
-0.363770,0.127197,0.914551
0.540527,-0.308472,1.072144
-0.339478,-0.200073,0.779419
0.116577,0.101074,1.062256
0.277100,-0.463745,0.895264
-0.429565,0.051758,0.837158
0.538086,-0.265503,1.088745
-0.228027,-0.225586,0.826050
0.003418,0.199341,1.072021
0.375488,-0.423828,0.960693
-0.471558,0.047363,0.824219
0.505005,-0.216553,1.103271
-0.093750,-0.282471,0.873169
-0.088745,0.218018,1.061768
0.438232,-0.382324,0.997803
-0.455444,0.012207,0.826660
0.442261,-0.153320,1.107910
0.059692,-0.423584,0.886108
-0.177002,0.184082,1.034424
0.489990,-0.327271,1.053223
-0.425293,-0.043579,0.815186
0.368530,-0.059814,1.114868
0.115356,-0.437988,0.898560
-0.243042,0.177734,1.023315
0.527954,-0.274292,1.093384
-0.380493,-0.090454,0.809326
0.288818,0.025513,1.112305
0.195312,-0.448120,0.914062
-0.320557,0.141724,0.967651
0.560547,-0.270020,1.125366
-0.324707,-0.163086,0.816284
0.206665,0.096680,1.109009
0.268066,-0.432129,0.933472
-0.367676,0.079102,0.911255
0.584351,-0.260986,1.144653
-0.270752,-0.237793,0.810059
0.119751,0.149292,1.104126
0.343140,-0.417480,0.977295
-0.418213,0.073242,0.873779
0.567261,-0.238159,1.135376
-0.193237,-0.246704,0.853516
0.037476,0.177124,1.086426
0.392578,-0.401611,1.000977
-0.430542,0.063843,0.869385
0.554321,-0.192749,1.155884
-0.135010,-0.251953,0.876099
-0.011475,0.202881,1.107422
0.428467,-0.387817,1.014526
-0.434326,0.025391,0.864868
0.535034,-0.157593,1.161499
-0.051880,-0.282104,0.905151
-0.060059,0.208496,1.091309
0.451172,-0.348511,1.040405
-0.432739,-0.012817,0.844360
0.508423,-0.140259,1.169067
0.015015,-0.352417,0.894531
-0.113159,0.199097,1.076904
0.483276,-0.322998,1.064453
-0.434570,-0.028931,0.853638
0.470825,-0.096436,1.162964
0.024902,-0.340820,0.891968
-0.161621,0.217285,1.062988
0.504150,-0.295044,1.089844
-0.420654,-0.061768,0.828491
0.432861,-0.067139,1.166748
0.043335,-0.342163,0.908936
-0.227539,0.205322,1.034668
0.525513,-0.284912,1.110229
-0.394043,-0.096191,0.822388
0.373047,-0.015991,1.166016
0.091797,-0.365479,0.915283
-0.269775,0.171509,0.992188
0.540771,-0.258789,1.122070
-0.367188,-0.133179,0.813477
0.304810,0.017334,1.147949
0.148682,-0.384888,0.921753
-0.325195,0.152222,0.953613
0.560791,-0.260376,1.114502
-0.327515,-0.194580,0.817505
0.234741,0.064331,1.137573
0.194580,-0.395020,0.920044
-0.366333,0.135132,0.916382
0.566406,-0.258301,1.119995
-0.299194,-0.217407,0.817505
0.168335,0.115967,1.121704
0.243896,-0.391357,0.945068
-0.405396,0.100220,0.898560
0.565918,-0.244141,1.124878
-0.281006,-0.235474,0.815430
0.106201,0.119629,1.105957
0.288818,-0.390503,0.935913
-0.442627,0.091309,0.868042
0.551514,-0.226196,1.133423
-0.233521,-0.263306,0.821533
0.042114,0.141235,1.075806
0.318237,-0.375610,0.951050
-0.467041,0.059937,0.838867
0.542236,-0.229370,1.119995
-0.148071,-0.305908,0.839478
-0.023926,0.149292,1.067993
0.336914,-0.371216,0.937134
-0.470703,0.029419,0.829590
0.504883,-0.203003,1.110718
-0.124390,-0.342407,0.817505
-0.089233,0.149292,1.037720
0.365112,-0.361694,0.958252
-0.476929,0.003906,0.798828
0.481079,-0.160889,1.124390
-0.118408,-0.351685,0.799561
-0.151001,0.171143,1.024536
0.386597,-0.355713,0.974243
-0.490234,-0.011841,0.801025
0.445435,-0.135010,1.124512
-0.106323,-0.319946,0.818970
-0.226562,0.182129,0.989136
0.415771,-0.332153,1.002563
-0.486816,-0.060181,0.768799
0.391846,-0.095093,1.119507
-0.093384,-0.317017,0.808350
-0.268799,0.176147,0.966553
0.443237,-0.333984,1.004639
-0.500488,-0.065674,0.763184
0.343994,-0.057495,1.110352
-0.063110,-0.348755,0.800049
-0.314453,0.174194,0.944580
0.452759,-0.317139,1.025391
-0.496460,-0.088745,0.744019
0.290527,-0.035767,1.098877
-0.011841,-0.376465,0.808960
-0.375732,0.172852,0.915039
0.464600,-0.303101,1.020874
-0.478027,-0.121338,0.732910
0.217896,0.017944,1.087402
0.038086,-0.390625,0.837280
-0.417969,0.164185,0.897705
0.464966,-0.288574,1.021973
-0.461182,-0.115967,0.742065
0.153198,0.066284,1.069702
0.081665,-0.382446,0.840088
-0.469238,0.137939,0.864868
0.467773,-0.284058,1.029663
-0.449951,-0.153442,0.721313
0.087280,0.095093,1.048096
0.138916,-0.396362,0.850830
-0.505859,0.119385,0.839111
0.466919,-0.280029,1.031006
-0.382568,-0.212524,0.734009
0.009155,0.125122,1.038696
0.187256,-0.396606,0.869873
-0.532104,0.107666,0.818481
0.456543,-0.250000,1.034424
-0.329224,-0.260620,0.730713
-0.032959,0.120483,1.009644
0.225220,-0.402954,0.865845
-0.562012,0.087280,0.785889
0.449219,-0.239624,1.029907
-0.279663,-0.282471,0.740967
-0.099609,0.137207,0.979492
0.260864,-0.392090,0.883301
-0.569580,0.074219,0.778809
0.427246,-0.211060,1.037109
-0.239258,-0.307617,0.719849
-0.158081,0.163452,0.964600
0.297607,-0.392334,0.889526
-0.579834,0.056396,0.767700
0.411011,-0.190552,1.030396
-0.213989,-0.330322,0.723389
-0.215820,0.174561,0.961060
0.320190,-0.382568,0.904785
-0.583374,0.029785,0.745483
0.379272,-0.153931,1.041382
-0.181030,-0.341187,0.720947
-0.283691,0.181030,0.935547
0.353760,-0.389282,0.907227
-0.579712,-0.007202,0.726685
0.345459,-0.128540,1.034058
-0.151733,-0.359741,0.719482
-0.338135,0.190796,0.900513
0.377686,-0.374878,0.921387
-0.572998,-0.039673,0.706421
0.291504,-0.085815,1.020752
-0.107300,-0.376221,0.734619
-0.396484,0.209106,0.884521
0.386841,-0.340088,0.936401
-0.548828,-0.077637,0.697510
0.241089,-0.031982,1.019775
-0.062012,-0.394897,0.754639
-0.452759,0.218506,0.876831
0.411621,-0.319092,0.951904
-0.533691,-0.062134,0.712769
0.172607,0.009155,1.013428
-0.003784,-0.411255,0.770996
-0.495605,0.218628,0.856812
0.426392,-0.286377,0.965820
-0.503052,-0.099121,0.709839
0.104980,0.058960,1.022827
0.058105,-0.414185,0.792725
-0.536011,0.213745,0.847168
0.438232,-0.272583,0.976685
-0.451904,-0.136353,0.721436
0.056519,0.099609,1.017700
0.118408,-0.419678,0.816040
-0.570435,0.196777,0.822388
0.434204,-0.247559,0.985962
-0.385010,-0.154053,0.729980
0.010864,0.129761,1.017944
0.172241,-0.416138,0.833496
-0.583252,0.195312,0.811279
0.438599,-0.216675,0.990356
-0.323242,-0.204712,0.742188
-0.043213,0.148315,0.989258
0.217407,-0.417480,0.853027
-0.599731,0.168457,0.789062
0.434204,-0.209473,0.996338
-0.270020,-0.224609,0.735840
-0.103516,0.177612,0.973145
0.257080,-0.401978,0.859253
-0.599121,0.150269,0.787231
0.425903,-0.187012,1.001587
-0.222778,-0.269775,0.735840
-0.151367,0.180786,0.951538
0.296387,-0.373535,0.886719
-0.591309,0.117188,0.776489
0.413086,-0.159912,1.016113
-0.180664,-0.301025,0.737427
-0.194214,0.191650,0.929199
0.340698,-0.374878,0.897095
-0.593018,0.097412,0.764404
0.395386,-0.140991,1.016235
-0.138794,-0.334839,0.737915
-0.243042,0.193115,0.910522
0.371216,-0.361450,0.916504
-0.576172,0.058350,0.744019
0.359863,-0.094238,1.023315
-0.105225,-0.372314,0.727051
-0.281006,0.201416,0.887695
0.391602,-0.361694,0.923462
-0.558105,0.027588,0.747314
0.329590,-0.077271,1.005859
-0.075928,-0.390015,0.719849
-0.309814,0.192383,0.880493
0.406738,-0.351929,0.922119
-0.548950,-0.009766,0.727905
0.295288,-0.060425,1.000000
-0.049438,-0.388062,0.738525
-0.346802,0.203003,0.860840
0.422363,-0.336426,0.944092
-0.529907,-0.056885,0.717041
0.255859,-0.033936,1.003296
-0.019897,-0.418335,0.731689
-0.390015,0.216431,0.854980
0.444336,-0.331421,0.945801
-0.515015,-0.059448,0.727539
0.221802,-0.012573,0.998413
0.011353,-0.431885,0.744751
-0.408569,0.201660,0.834229
0.443237,-0.304321,0.951904
-0.500732,-0.087769,0.723877
0.181763,0.025024,1.010986
0.048218,-0.434326,0.760132
-0.447144,0.191528,0.827393
0.450195,-0.290405,0.958984
-0.464478,-0.095093,0.740112
0.148315,0.051025,1.016235
0.080078,-0.427368,0.782715
-0.482300,0.181885,0.806030
0.462280,-0.280151,0.964966
-0.423584,-0.124390,0.748535
0.103516,0.069946,1.013184
0.116455,-0.427246,0.800049
-0.515869,0.170898,0.793213
0.462891,-0.267700,0.973022
-0.370483,-0.155396,0.759033
0.041260,0.104492,1.009399
0.170776,-0.428955,0.825195
-0.546143,0.159546,0.766113
0.455566,-0.243164,0.983398
-0.310059,-0.201050,0.765869
-0.024414,0.147949,1.006592
0.237427,-0.456909,0.848511
-0.551025,0.110596,0.759888
0.433594,-0.214600,0.990234
-0.243408,-0.224121,0.771851
-0.078247,0.163574,0.991821
0.296509,-0.461426,0.869385
-0.570923,0.098389,0.769653
0.430298,-0.194092,1.008667
-0.175781,-0.257568,0.791016
-0.137939,0.160400,0.962769
0.341919,-0.441895,0.897461
-0.558960,0.084839,0.775391
0.398438,-0.137695,1.016724
-0.114136,-0.306396,0.780884
-0.189941,0.149780,0.941528
0.391235,-0.434204,0.922363
-0.547607,0.030396,0.760254
0.358521,-0.099609,1.015503
-0.040771,-0.362427,0.776367
-0.258057,0.145630,0.902344
0.425903,-0.414062,0.941528
-0.512817,-0.062012,0.746826
0.305054,-0.057495,1.012329
0.015503,-0.401123,0.764038
-0.332275,0.144775,0.866211
0.462769,-0.409180,0.948608
-0.479004,-0.116211,0.752808
0.230591,-0.023315,1.007080
0.068481,-0.435669,0.768799
-0.390747,0.137207,0.833252
0.484131,-0.373657,0.977661
-0.442749,-0.154663,0.754272
0.155884,0.013184,1.005371
0.106567,-0.438599,0.790771
-0.436890,0.112549,0.805664
0.495728,-0.326294,0.994019
-0.377319,-0.200073,0.766968
0.065918,0.085205,1.012573
0.184448,-0.463989,0.815063
-0.489502,0.088989,0.778564
0.493164,-0.292236,1.013184
-0.296509,-0.231567,0.782471
-0.016724,0.134399,1.027588
0.275635,-0.472046,0.860229
-0.526001,0.085449,0.762451
0.460571,-0.237427,1.022095
-0.184570,-0.245117,0.824341
-0.070801,0.158203,1.024170
0.341919,-0.442261,0.914307
-0.544556,0.020386,0.751465
0.327881,-0.083008,0.996216
0.000977,-0.400513,0.768066
-0.303223,0.127930,0.865112
0.429932,-0.390259,0.944702
-0.499756,-0.084473,0.747070
0.245850,-0.017578,1.009033
0.046387,-0.419067,0.764526
-0.399780,0.139038,0.835693
0.471558,-0.357544,0.973755
-0.446167,-0.148315,0.741577
0.137695,0.052124,1.019897
0.109131,-0.435059,0.796631
-0.470459,0.115234,0.786743
0.474365,-0.325806,0.985474
-0.374878,-0.225830,0.734985
0.049194,0.097290,1.027100
0.200195,-0.447266,0.831177
-0.513550,0.108276,0.763184
0.476685,-0.284424,1.000977
-0.284058,-0.242432,0.777954
-0.043457,0.135620,1.003174
0.281372,-0.459106,0.872070
-0.529053,0.067383,0.762451
0.446411,-0.218140,1.015503
-0.181396,-0.249146,0.817139
-0.111328,0.166748,0.996582
0.341064,-0.456543,0.903198
-0.533936,0.050293,0.774902
0.413208,-0.157471,1.031372
-0.086670,-0.306030,0.823853
-0.183472,0.158447,0.964722
0.394409,-0.427734,0.932861
-0.501221,-0.019409,0.770752
0.370239,-0.113892,1.035400
-0.006348,-0.363770,0.813721
-0.249146,0.155396,0.927368
0.436523,-0.413452,0.958740
-0.481323,-0.090088,0.757202
0.316528,-0.065186,1.036377
0.059448,-0.426025,0.809204
-0.306030,0.140625,0.901978
0.474854,-0.393066,0.978394
-0.460205,-0.127441,0.761353
0.254883,-0.035278,1.028809
0.095459,-0.430176,0.810791
-0.359985,0.131958,0.879395
0.495605,-0.341431,1.013062
-0.411255,-0.165649,0.766968
0.188843,0.012939,1.037231
0.145264,-0.427246,0.837280
-0.407959,0.118896,0.847656
0.514038,-0.309204,1.031372
-0.368164,-0.215454,0.760864
0.113647,0.073486,1.044312
0.234009,-0.477905,0.858887
-0.440186,0.079224,0.808228
0.518188,-0.288940,1.042480
-0.310059,-0.216675,0.785767
0.056274,0.103882,1.049316
0.285522,-0.483398,0.885376
-0.455444,0.060913,0.799805
0.500610,-0.252686,1.055298
-0.242920,-0.240356,0.804932
-0.006592,0.160645,1.059448
0.343628,-0.482178,0.918579
-0.478027,0.069336,0.805542
0.502930,-0.233276,1.064209
-0.191772,-0.245972,0.825195
-0.055664,0.186646,1.057129
0.384888,-0.456787,0.951294
-0.471069,0.034790,0.820435
0.490479,-0.180786,1.087891
-0.125854,-0.259888,0.840332
-0.102417,0.215820,1.054932
0.428589,-0.425903,0.974854
-0.462891,0.004028,0.820435
0.465454,-0.160278,1.098755
-0.048218,-0.301270,0.863647
-0.135620,0.202026,1.038574
0.462891,-0.384766,1.008667
-0.448486,-0.035889,0.805420
0.433105,-0.114502,1.101929
0.028320,-0.359497,0.877563
-0.175537,0.188843,1.020264
0.488159,-0.361572,1.038940
-0.434204,-0.071289,0.806763
0.396851,-0.079468,1.117188
0.078491,-0.379028,0.883667
-0.220825,0.180054,0.997803
0.516846,-0.317993,1.065552
-0.404907,-0.108765,0.795288
0.354370,-0.046631,1.117310
0.090332,-0.384033,0.885376
-0.252441,0.162354,0.985718
0.542358,-0.304688,1.088867
-0.387329,-0.131592,0.805176
0.316406,-0.005737,1.118042
0.127563,-0.391602,0.902954
-0.281982,0.169922,0.976929
0.567261,-0.293823,1.112549
-0.370972,-0.142212,0.803101
0.273926,0.031372,1.123047
0.184570,-0.423462,0.914795
-0.304199,0.152710,0.953369
0.581421,-0.277466,1.121460
-0.349365,-0.166870,0.809204
0.238159,0.062622,1.121826
0.225708,-0.431396,0.930786
-0.332275,0.129883,0.942139
0.586426,-0.261353,1.131226
-0.316772,-0.189209,0.815186
0.202759,0.101440,1.118286
0.269897,-0.459595,0.939697
-0.352905,0.115479,0.922852
0.594482,-0.259399,1.126343
-0.294678,-0.184082,0.837402
0.168701,0.122192,1.117676
0.296509,-0.443481,0.957764
-0.358398,0.096069,0.905273
0.586060,-0.248291,1.137695
-0.274536,-0.187866,0.842896
0.134766,0.144897,1.120239
0.319580,-0.451294,0.968262
-0.379639,0.101196,0.904541
0.588989,-0.233276,1.135254
-0.252075,-0.195435,0.854126
0.107178,0.147217,1.119263
0.338745,-0.431885,0.977417
-0.397827,0.108521,0.904663
0.585083,-0.215332,1.154785
-0.236450,-0.214844,0.849976
0.078247,0.157837,1.109863
0.361328,-0.428467,0.986084
-0.403442,0.097534,0.892334
0.581177,-0.208008,1.148560
-0.207642,-0.218994,0.865601
0.053955,0.171875,1.109497
0.369751,-0.406128,0.991455
-0.419556,0.074707,0.884155
0.577637,-0.195801,1.159302
-0.182861,-0.237793,0.868530
0.022705,0.197632,1.118774
0.385010,-0.406006,0.998413
-0.416016,0.062012,0.879639
0.568359,-0.187500,1.154541
-0.164795,-0.249390,0.865845
0.008301,0.190430,1.102417
0.388672,-0.403442,0.992554
-0.423340,0.052490,0.867432
0.557739,-0.174561,1.160522
-0.150391,-0.275269,0.856445
-0.006592,0.182007,1.102051
0.395508,-0.395386,0.989502
-0.442139,0.057495,0.868774
0.555786,-0.173462,1.161255
-0.129028,-0.295532,0.861450
-0.027344,0.186523,1.093628
0.395996,-0.390015,0.989258
-0.451172,0.038574,0.861572
0.547607,-0.178467,1.158569
-0.108643,-0.312866,0.860962
-0.041626,0.179810,1.082520
0.393555,-0.378784,0.990479
-0.451538,0.018433,0.841797
0.539673,-0.177002,1.151123
-0.093872,-0.311279,0.848389
-0.060669,0.184814,1.080322
0.396484,-0.372437,0.987915
-0.448364,0.004761,0.836304
0.524780,-0.155396,1.153198
-0.101318,-0.330200,0.835571
-0.070801,0.159424,1.058594
0.399292,-0.358276,0.994019
-0.459351,0.001221,0.832153
0.511108,-0.147949,1.153198
-0.097046,-0.341431,0.825073
-0.097046,0.163452,1.053101
0.401245,-0.353760,0.998901
-0.468384,-0.007202,0.815674
0.499512,-0.143188,1.145264
-0.104126,-0.336548,0.817383
-0.120850,0.166382,1.036865
0.409424,-0.359375,0.993530
-0.480957,-0.011719,0.811035
0.477905,-0.130737,1.139160
-0.108643,-0.325073,0.811401
-0.148682,0.163940,1.031494
0.415405,-0.342651,1.000000
-0.487305,-0.024658,0.796753
0.457031,-0.113892,1.145142
-0.108398,-0.334229,0.811035
-0.184692,0.189331,1.022949
0.424316,-0.351318,0.995728
-0.506836,-0.021118,0.785400
0.436279,-0.109863,1.127441
-0.100098,-0.333984,0.808105
-0.220337,0.186279,1.003662
0.425903,-0.343628,1.006226
-0.505005,-0.042236,0.771484
0.421509,-0.108154,1.125488
-0.101318,-0.333008,0.797363
-0.251099,0.183594,0.992676
0.428955,-0.345581,1.007080
-0.505005,-0.050415,0.765381
0.394653,-0.090942,1.116333
-0.103638,-0.333374,0.793823
-0.275635,0.177979,0.975830
0.438477,-0.346069,1.002930
-0.508545,-0.061279,0.755493
0.362305,-0.072510,1.103516
-0.087524,-0.342285,0.792114
-0.295288,0.177612,0.955688
0.441528,-0.352539,1.001587
-0.506592,-0.079102,0.743286
0.327759,-0.056763,1.098755
-0.077515,-0.353516,0.788574
-0.320312,0.174072,0.941406
0.440918,-0.338989,1.003418
-0.512817,-0.084961,0.736084
0.304077,-0.041748,1.087402
-0.065430,-0.339722,0.795166
-0.352295,0.165283,0.924561
0.438477,-0.335571,0.996338
-0.506714,-0.107178,0.717896
0.272705,-0.021484,1.084473
-0.046509,-0.364014,0.796021
-0.380493,0.174683,0.913574
0.442505,-0.345459,0.994263
-0.507202,-0.107056,0.716309
0.242310,-0.018433,1.067505
-0.031860,-0.372925,0.794189
-0.419922,0.183594,0.907715
0.446899,-0.330078,0.996460
-0.501587,-0.108765,0.729004
0.214478,-0.000977,1.055786
-0.011108,-0.375000,0.794067
-0.443970,0.182373,0.879150
0.442383,-0.339478,0.997925
-0.504883,-0.125854,0.716797
0.179321,0.026489,1.052246
0.007935,-0.375977,0.799316
-0.462402,0.174438,0.875488
0.440186,-0.333618,0.986938
-0.503174,-0.140869,0.712036
0.148071,0.041016,1.041260
0.027344,-0.386597,0.806519
-0.484985,0.191528,0.867065
0.447998,-0.328735,0.995117
-0.490723,-0.158081,0.719360
0.117432,0.050049,1.028442
0.051392,-0.386597,0.811157
-0.512817,0.194214,0.864746
0.454590,-0.308228,0.998779
-0.469360,-0.179688,0.718628
0.081543,0.076538,1.024780
0.085205,-0.395264,0.817383
-0.533447,0.186646,0.841187
0.448853,-0.301636,0.996582
-0.439331,-0.188477,0.729248
0.046997,0.105225,1.030884
0.114136,-0.415527,0.814941
-0.553833,0.189697,0.840576
0.453247,-0.287964,0.993530
-0.391968,-0.199829,0.735718
0.020752,0.114990,1.023682
0.138062,-0.430298,0.818359
-0.566772,0.177612,0.822021
0.447266,-0.267334,0.997803
-0.367188,-0.198608,0.744141
-0.011963,0.127197,1.003174
0.163452,-0.419922,0.831909
-0.579468,0.171387,0.798584
0.439453,-0.242798,1.000244
-0.334961,-0.234131,0.732544
-0.035522,0.128418,0.999756
0.192383,-0.427246,0.830688
-0.593384,0.160278,0.796509
0.430908,-0.236572,0.993408
-0.304443,-0.252075,0.720459
-0.061768,0.139526,0.987427
0.221313,-0.407837,0.851685
-0.600830,0.161743,0.784302
0.430786,-0.224609,0.997314
-0.281738,-0.292480,0.713379
-0.098145,0.156738,0.983765
0.257812,-0.414795,0.870117
-0.610718,0.144165,0.774414
0.421753,-0.196167,0.997559
-0.251099,-0.288086,0.725464
-0.128052,0.175659,0.968872
0.278687,-0.403442,0.877197
-0.611084,0.133057,0.767578
0.407349,-0.179077,1.005127
-0.220581,-0.302124,0.721191
-0.164307,0.175903,0.961426
0.305664,-0.393188,0.885742
-0.605713,0.119019,0.761841
0.389648,-0.151733,0.997192
-0.197144,-0.319458,0.710327
-0.193970,0.179688,0.939209
0.333252,-0.394409,0.890625
-0.597046,0.095581,0.760986
0.366211,-0.125854,1.002930
-0.166748,-0.332153,0.711670
-0.221436,0.185425,0.926147
0.351196,-0.382446,0.901855
-0.596069,0.077515,0.747070
0.352905,-0.104126,1.006836
-0.140503,-0.348267,0.723999
-0.259766,0.196533,0.921875
0.376587,-0.374634,0.919312
-0.583618,0.067627,0.750610
0.332031,-0.076294,1.010864
-0.121216,-0.375366,0.711670
-0.292358,0.202515,0.903564
0.392090,-0.364502,0.927124
-0.564575,0.034302,0.729858
0.294800,-0.044556,1.002075
-0.095215,-0.382690,0.715942
-0.327148,0.200684,0.886597
0.408691,-0.349854,0.935913
-0.556030,-0.004883,0.716797
0.265747,-0.014893,0.998047
-0.063965,-0.394653,0.723999
-0.362549,0.202515,0.872437
0.424194,-0.338989,0.947266
-0.540405,-0.046997,0.703857
0.230347,0.000488,1.006592
-0.034424,-0.404785,0.731812
-0.401367,0.206909,0.866577
0.430298,-0.327148,0.948975
-0.518799,-0.063477,0.721558
0.191284,0.025024,1.003174
-0.007935,-0.400757,0.750732
-0.437256,0.207520,0.847412
0.449219,-0.321899,0.955933
-0.494751,-0.079590,0.729736
0.155396,0.057739,1.014282
0.024536,-0.407227,0.756836
-0.464233,0.203735,0.836182
0.453735,-0.299683,0.959839
-0.465332,-0.097778,0.750000
0.125977,0.072144,1.019897
0.060547,-0.407227,0.788086
-0.494141,0.203003,0.821411
0.457886,-0.286499,0.968140
-0.433960,-0.123413,0.750977
0.094482,0.092285,1.018799
0.102051,-0.405884,0.797974
-0.526245,0.199219,0.802246
0.468994,-0.280762,0.974243
-0.394287,-0.139282,0.762573
0.050171,0.124756,1.017456
0.153320,-0.411865,0.820190
-0.551514,0.188110,0.787476
0.467041,-0.261108,0.977295
-0.340820,-0.146606,0.771606
0.008667,0.143188,1.001099
0.198975,-0.417603,0.829102
-0.569092,0.166260,0.773926
0.460815,-0.242188,0.987305
-0.288330,-0.187256,0.772949
-0.036377,0.164307,0.999390
0.240479,-0.420654,0.858398
-0.573120,0.140747,0.766113
0.454956,-0.220215,1.000854
-0.246582,-0.231323,0.770264
-0.085449,0.174438,0.981445
0.283813,-0.425659,0.878540
-0.577393,0.098022,0.754395
0.431641,-0.194946,1.008545
-0.174561,-0.269165,0.779785
-0.126343,0.182373,0.970703
0.309082,-0.423828,0.881836
-0.568237,0.099365,0.778320
0.413330,-0.160156,1.013062
-0.137573,-0.294800,0.788818
-0.163330,0.174194,0.949097
0.346680,-0.411133,0.903076
-0.567627,0.077515,0.766113
0.404907,-0.139282,1.016846
-0.089111,-0.334717,0.772217
-0.213257,0.183594,0.933228
0.375977,-0.402710,0.913818
-0.547119,0.026489,0.759644
0.374756,-0.111816,1.018799
-0.058594,-0.367065,0.773682
-0.252197,0.178223,0.911621
0.405396,-0.402832,0.924805
-0.533569,-0.004028,0.749512
0.335205,-0.088257,1.008057
-0.019043,-0.396118,0.767578
-0.287354,0.163696,0.883179
0.423950,-0.394043,0.931641
-0.510376,-0.056763,0.744507
0.295288,-0.070312,1.000366
0.012695,-0.417358,0.771362
-0.323853,0.138062,0.857056
0.440796,-0.377563,0.948608
-0.499390,-0.072144,0.748413
0.253296,-0.042236,1.009277
0.046143,-0.441284,0.769897
-0.364014,0.136108,0.843506
0.458618,-0.356079,0.952881
-0.480347,-0.118042,0.741821
0.211304,-0.019897,1.006470
0.080688,-0.459839,0.777710
-0.402100,0.136353,0.822632
0.470825,-0.341064,0.972412
-0.450195,-0.147705,0.743896
0.162720,0.022949,1.011719
0.107788,-0.456909,0.792847
-0.435547,0.119019,0.806030
0.486084,-0.330322,0.982788
-0.415039,-0.150269,0.758423
0.112427,0.054321,1.017944
0.152344,-0.465088,0.812134
-0.465454,0.107666,0.796387
0.484863,-0.313232,0.999390
-0.367310,-0.193970,0.763062
0.060059,0.088135,1.024048
0.216675,-0.488403,0.831665
-0.490723,0.086914,0.773682
0.493652,-0.294800,1.011353
-0.321045,-0.211548,0.765381
0.000122,0.117920,1.016602
0.275635,-0.501221,0.858276
-0.515381,0.078125,0.765991
0.477051,-0.257690,1.013672
-0.262329,-0.237549,0.781006
-0.051758,0.142578,1.013550
0.318237,-0.484619,0.882446
-0.522583,0.071777,0.771729
0.460815,-0.221069,1.028687
-0.203857,-0.238892,0.798950
-0.093140,0.154663,1.010620
0.364746,-0.468262,0.921265
-0.523438,0.063965,0.791992
0.439209,-0.172852,1.032959
-0.132935,-0.268555,0.827026
-0.133545,0.158203,0.998657
0.398193,-0.451660,0.941895
-0.512817,0.018921,0.781128
0.415527,-0.130859,1.057617
-0.063599,-0.313965,0.830811
-0.180054,0.154175,0.986084
0.434570,-0.430176,0.975342
-0.490845,-0.031372,0.778442
0.383057,-0.107422,1.051147
0.013184,-0.358154,0.836548
-0.227905,0.151611,0.958130
0.470459,-0.409668,0.994873
-0.459351,-0.081055,0.774658
0.340210,-0.068848,1.057495
0.069580,-0.405762,0.838013
-0.268921,0.148193,0.941040
0.493408,-0.381470,1.013550
-0.437378,-0.124634,0.773315
0.292358,-0.025635,1.061890
0.100586,-0.407715,0.845337
-0.315186,0.149048,0.930908
0.513916,-0.344482,1.037598
-0.402710,-0.171997,0.776001
0.242188,0.010742,1.063965
0.135498,-0.408325,0.864258
-0.359009,0.144409,0.902832
0.533936,-0.320435,1.062256
-0.367676,-0.198853,0.779175
0.181396,0.053833,1.072998
0.209961,-0.439575,0.874023
-0.388794,0.102417,0.860474
0.546143,-0.298706,1.064819
-0.315552,-0.223755,0.795898
0.118042,0.094482,1.070312
0.266968,-0.454224,0.898071
-0.415039,0.075806,0.831421
0.538940,-0.275024,1.076172
-0.269531,-0.234985,0.805054
0.073486,0.119995,1.071045
0.322388,-0.452881,0.931030
-0.439331,0.081665,0.835815
0.535156,-0.226196,1.095947
-0.222168,-0.245850,0.822876
0.016724,0.151489,1.062500
0.371216,-0.439453,0.963989
-0.450195,0.072876,0.832397
0.513916,-0.182495,1.114258
-0.152954,-0.269043,0.849243
-0.039185,0.177002,1.069458
0.404907,-0.416138,0.994263
-0.451660,0.042847,0.836182
0.502686,-0.141357,1.116699
-0.091431,-0.277588,0.873169
-0.085327,0.191162,1.070190
0.448486,-0.404663,1.013062
-0.439941,0.008423,0.834106
0.480469,-0.100830,1.133179
-0.008789,-0.311279,0.882568
-0.135376,0.202515,1.058594
0.484375,-0.381592,1.042480
-0.433105,-0.030884,0.821167
0.443359,-0.064819,1.140747
0.057617,-0.347168,0.904663
-0.178589,0.192871,1.047363
0.513306,-0.349243,1.076660
-0.411499,-0.078125,0.816650
0.401733,-0.026733,1.145752
0.074707,-0.341675,0.899414
-0.231567,0.205322,1.033203
0.542358,-0.319946,1.092529
-0.391113,-0.130493,0.817749
0.346191,0.011841,1.136475
0.132446,-0.355347,0.923950
-0.284180,0.186401,0.992798
0.568237,-0.287720,1.119751
-0.347168,-0.176880,0.812744
0.276367,0.048950,1.125000
0.202881,-0.390259,0.932861
-0.322876,0.155273,0.951416
0.580933,-0.266724,1.130493
-0.309692,-0.222290,0.809814
0.212402,0.082031,1.122559
0.260742,-0.419067,0.942627
-0.353882,0.123535,0.912231
0.588501,-0.246826,1.135132
-0.267212,-0.247192,0.829224
0.146118,0.125488,1.121826
0.323120,-0.436523,0.961182
-0.384521,0.109375,0.895630
0.579834,-0.219482,1.142212
-0.217407,-0.259644,0.839355
0.073364,0.155640,1.116577
0.368652,-0.423096,0.994263
-0.420044,0.093140,0.875488
0.562866,-0.182739,1.162964
-0.160278,-0.253418,0.866455
0.010986,0.183838,1.111816
0.401978,-0.409058,1.014160
-0.428955,0.057373,0.870483
0.551514,-0.146606,1.172607
-0.105469,-0.268677,0.880859
-0.041870,0.197144,1.112305
0.437500,-0.397827,1.018677
-0.433960,0.036743,0.865356
0.527832,-0.118652,1.166382
-0.022827,-0.309692,0.896362
-0.089355,0.193604,1.089600
0.460327,-0.374634,1.042725
-0.436890,0.006470,0.845581
0.504639,-0.093872,1.167480
0.004761,-0.311401,0.887085
-0.135376,0.206421,1.077759
0.483032,-0.334961,1.068726
-0.435059,-0.042603,0.841431
0.460571,-0.052734,1.176880
0.017334,-0.320679,0.897583
-0.199219,0.218018,1.056396
0.515137,-0.312012,1.093872
-0.417847,-0.092773,0.815430
0.408081,-0.017822,1.171021
0.053833,-0.333130,0.896729
-0.246582,0.199829,1.022949
0.542358,-0.289917,1.113403
-0.392944,-0.147827,0.804321
0.343384,0.016479,1.160889
0.102661,-0.358887,0.911255
-0.287842,0.177246,0.981689
0.563477,-0.285767,1.121826
-0.364624,-0.192871,0.799316
0.280762,0.044800,1.151367
0.151001,-0.383301,0.900024
-0.330566,0.153320,0.949463
0.567627,-0.279419,1.118530
-0.330444,-0.230469,0.805786
0.214355,0.074585,1.137085
0.194214,-0.408936,0.917358
-0.374756,0.149048,0.930298
0.570679,-0.268799,1.117798
-0.307617,-0.243652,0.807495
0.159790,0.089355,1.116455
0.233032,-0.408447,0.925781
-0.408691,0.128540,0.895386
0.570801,-0.243042,1.123047
-0.283081,-0.259155,0.808838
0.098999,0.113525,1.107788
0.276123,-0.406372,0.938477
-0.437134,0.113525,0.878418
0.559448,-0.225586,1.127930
-0.259766,-0.264526,0.820557
0.050659,0.122437,1.087891
0.302490,-0.396973,0.944214
-0.450562,0.078735,0.857178
0.545532,-0.212402,1.126831
-0.193481,-0.284546,0.828735
-0.001587,0.116455,1.063843
0.323364,-0.375854,0.952148
-0.463867,0.051514,0.837280
0.530029,-0.201538,1.122192
-0.152832,-0.303223,0.828247
-0.043213,0.122314,1.041870
0.349731,-0.367920,0.957642
-0.481201,0.029541,0.815186
0.507568,-0.168457,1.127930
-0.137695,-0.292358,0.828491
-0.105835,0.140869,1.033936
0.371582,-0.361328,0.970337
-0.488281,-0.010376,0.800171
0.473022,-0.149536,1.124512
-0.122681,-0.320190,0.797607
-0.167114,0.161987,1.018311
0.398193,-0.348999,0.995239
-0.492432,-0.025513,0.785645
0.441895,-0.120239,1.127686
-0.118652,-0.322021,0.799805
-0.221558,0.194824,1.013184
0.419067,-0.350098,0.997925
-0.498047,-0.055054,0.775757
0.405884,-0.094849,1.116333
-0.096436,-0.320435,0.804199
-0.272461,0.204102,0.995117
0.435303,-0.341064,1.005371
-0.498413,-0.077393,0.761353
0.364746,-0.074585,1.111938
-0.060303,-0.342041,0.809937
-0.319336,0.192505,0.953125
0.445190,-0.336670,1.010864
-0.484863,-0.100342,0.748169
0.324707,-0.050415,1.108643
-0.031250,-0.356689,0.817383
-0.365601,0.180542,0.927490
0.443237,-0.326538,1.007324
-0.471069,-0.142334,0.728882
0.278076,-0.024170,1.097900
0.008301,-0.362915,0.831421
-0.409790,0.195068,0.912476
0.452026,-0.299927,1.021362
-0.455078,-0.185059,0.708496
0.215210,0.005005,1.082031
0.051514,-0.393555,0.837036
-0.446045,0.187256,0.895386
0.449585,-0.281372,1.021729
-0.455444,-0.173828,0.732300
0.159546,0.024170,1.066895
0.090454,-0.419189,0.841675
-0.481934,0.185303,0.873291
0.519897,-0.182251,1.111694
-0.440552,-0.199219,0.727417
0.026611,0.096313,1.072876
0.128052,-0.428833,0.841309
-0.461182,0.066406,0.843140
0.514160,-0.177979,1.112305
-0.200073,-0.265991,0.798584
-0.022461,0.115967,1.054688
0.325928,-0.395020,0.946289
-0.469116,0.033325,0.829834
0.494873,-0.175537,1.112183
-0.186523,-0.279907,0.785645
-0.068970,0.126709,1.025024
0.353271,-0.392456,0.952393
-0.484497,0.010986,0.813110
0.475220,-0.149292,1.112793
-0.175049,-0.274414,0.784302
-0.133057,0.142334,1.007812
0.377319,-0.397095,0.966431
-0.492432,-0.022583,0.786621
0.443726,-0.137329,1.105591
-0.163818,-0.295654,0.772461
-0.198608,0.174438,0.996704
0.397827,-0.383423,0.971802
-0.500854,-0.037964,0.778809
0.413696,-0.119629,1.103760
-0.147461,-0.301025,0.783081
-0.248535,0.192627,0.980835
0.405029,-0.366333,0.979126
-0.496948,-0.073364,0.763428
0.387817,-0.103638,1.098389
-0.131836,-0.316040,0.783447
-0.300293,0.197388,0.954102
0.425415,-0.365112,0.982178
-0.506104,-0.084106,0.751099
0.349487,-0.080322,1.099609
-0.099487,-0.321899,0.783447
-0.336792,0.182251,0.927246
0.428223,-0.349121,0.987183
-0.497437,-0.129028,0.736694
0.312988,-0.057373,1.089111
-0.068237,-0.351074,0.786011
-0.381470,0.193604,0.907349
0.431763,-0.338013,0.989990
-0.494141,-0.146118,0.716187
0.266724,-0.028442,1.081055
-0.023071,-0.347168,0.809448
-0.421509,0.203613,0.898071
0.436646,-0.315308,0.989380
-0.479980,-0.170044,0.712891
0.227661,-0.017334,1.066040
0.007202,-0.376221,0.815063
-0.461182,0.194580,0.874023
0.437622,-0.302612,1.004517
-0.467285,-0.182251,0.712769
0.183105,0.004272,1.060547
0.043945,-0.394775,0.817993
-0.493408,0.199585,0.860596
0.435547,-0.296631,0.993774
-0.465332,-0.174316,0.723755
0.133057,0.025879,1.045654
0.081909,-0.409302,0.829224
-0.521362,0.197021,0.841797
0.437622,-0.290894,0.989990
-0.444824,-0.176147,0.730469
0.087891,0.047607,1.040039
0.109131,-0.412720,0.836182
-0.529541,0.179443,0.833618
0.433838,-0.269043,1.005859
-0.411743,-0.205444,0.732178
0.051392,0.058716,1.038818
0.141846,-0.430908,0.835449
-0.547607,0.178223,0.822388
0.437012,-0.260864,0.996582
-0.371338,-0.240356,0.728638
0.012207,0.086914,1.027954
0.173462,-0.430054,0.842651
-0.564819,0.166992,0.820190
0.434448,-0.252563,0.992065
-0.340454,-0.247559,0.734985
-0.020996,0.096191,1.015869
0.206665,-0.447021,0.843384
-0.579590,0.164062,0.804810
0.430298,-0.227661,0.992920
-0.305664,-0.265015,0.727417
-0.066040,0.113159,0.993286
0.241577,-0.444946,0.861938
-0.594238,0.145752,0.797729
0.421265,-0.205933,1.008545
-0.277954,-0.265747,0.722412
-0.114380,0.138916,0.982300
0.264160,-0.430054,0.874268
-0.590088,0.114136,0.781860
0.405518,-0.176392,1.014038
-0.253418,-0.276611,0.713623
-0.166260,0.158813,0.960327
0.289551,-0.421753,0.880859
-0.586670,0.101074,0.771362
0.395264,-0.148926,1.019409
-0.224121,-0.292358,0.717651
-0.222290,0.165894,0.945801
0.320312,-0.418579,0.888550
-0.586914,0.070557,0.757690
0.377563,-0.128540,1.023560
-0.198730,-0.298096,0.717896
-0.259155,0.173218,0.923218
0.339600,-0.415405,0.893799
-0.583740,0.048828,0.739624
0.363892,-0.110352,1.022705
-0.169067,-0.316040,0.715942
-0.302124,0.183716,0.913574
0.362793,-0.400391,0.897095
-0.586426,0.015381,0.723511
0.338501,-0.082520,1.021484
-0.141724,-0.335571,0.727051
-0.339111,0.195557,0.892822
0.379395,-0.386597,0.919189
-0.570312,-0.020874,0.702515
0.297607,-0.046143,1.025146
-0.109009,-0.374146,0.726929
-0.374634,0.214966,0.889771
0.396240,-0.362427,0.926880
-0.562012,-0.051514,0.704468
0.258301,-0.025269,1.012085
-0.066528,-0.380371,0.742310
-0.418457,0.216553,0.874390
0.410645,-0.343750,0.942871
-0.540161,-0.099609,0.691162
0.202881,0.009277,1.010498
-0.033447,-0.385620,0.758667
-0.453857,0.229980,0.866089
0.422729,-0.321533,0.953369
-0.522461,-0.125732,0.692505
0.154907,0.036987,1.009644
0.005005,-0.391602,0.776001
-0.483643,0.234741,0.860352
0.431885,-0.299316,0.964722
-0.495117,-0.128418,0.709961
0.123291,0.056274,1.015137
0.048706,-0.396240,0.793213
-0.521851,0.231812,0.841675
0.446045,-0.281006,0.967529
-0.454102,-0.165527,0.713013
0.083252,0.078735,1.015869
0.094971,-0.401123,0.799072
-0.544312,0.237671,0.840942
0.452515,-0.258179,0.977051
-0.409058,-0.170288,0.737671
0.047607,0.108032,1.017334
0.133301,-0.412598,0.817261
-0.561890,0.227539,0.821533
0.455444,-0.234863,0.986328
-0.353760,-0.187012,0.745483
-0.005127,0.127563,1.000732
0.188110,-0.417114,0.833618
-0.581299,0.208618,0.807373
0.452393,-0.221924,0.989380
-0.304077,-0.217773,0.746094
-0.046509,0.151489,0.985962
0.216187,-0.406738,0.844482
-0.583130,0.174072,0.780640
0.445190,-0.187744,1.004272
-0.254395,-0.239502,0.751953
-0.093140,0.166504,0.971069
0.243652,-0.407593,0.857666
-0.589966,0.152344,0.775757
0.445435,-0.176514,1.013062
-0.220337,-0.246216,0.756836
-0.132568,0.181152,0.957642
0.283691,-0.408936,0.864990
-0.587280,0.140259,0.764893
0.434204,-0.146851,1.012573
-0.187744,-0.281250,0.742920
-0.160889,0.185913,0.946777
0.324951,-0.408203,0.879883
-0.593018,0.113403,0.757324
0.414551,-0.138672,1.016724
-0.145752,-0.295288,0.762451
-0.196655,0.210815,0.939575
0.350952,-0.405884,0.892090
-0.587036,0.102539,0.764526
0.389160,-0.125366,1.021118
-0.116455,-0.302979,0.766235
-0.220459,0.194580,0.921265
0.371582,-0.380249,0.907227
-0.579468,0.073486,0.756104
0.368042,-0.107300,1.007202
-0.092651,-0.348755,0.755615
-0.250610,0.195190,0.903198
0.389771,-0.360229,0.926758
-0.559082,0.041504,0.761597
0.343750,-0.095337,0.999756
-0.067749,-0.369019,0.746338
-0.279785,0.207397,0.891235
0.400391,-0.344238,0.930542
-0.543335,0.009521,0.747803
0.318604,-0.079834,0.999390
-0.043945,-0.392700,0.746582
-0.306396,0.195068,0.873291
0.407471,-0.334717,0.928589
-0.534790,-0.017700,0.746460
0.296997,-0.065063,0.998657
-0.029175,-0.412231,0.742920
-0.333130,0.185059,0.858887
0.419312,-0.333618,0.938599
-0.524170,-0.057129,0.724121
0.273193,-0.034302,1.015747
-0.001465,-0.428101,0.748413
-0.358398,0.180054,0.852051
0.435059,-0.342651,0.944092
-0.516968,-0.058105,0.736816
0.247925,-0.036743,0.992310
0.010864,-0.433960,0.758545
-0.362671,0.169556,0.839478
0.440308,-0.328979,0.943481
-0.516235,-0.064331,0.732178
0.239624,-0.024170,1.001587
0.031860,-0.446411,0.761963
-0.379272,0.172852,0.842651
0.443848,-0.339844,0.950439
-0.509521,-0.086060,0.720703
0.225220,-0.008667,1.008057
0.047485,-0.449829,0.759399
-0.388428,0.179688,0.843994
0.446777,-0.338867,0.952393
-0.505615,-0.083862,0.723511
0.214844,0.008179,1.007935
0.058350,-0.445923,0.770996
-0.406006,0.178101,0.839600
0.448242,-0.354370,0.946777
-0.496582,-0.076416,0.739624
0.203857,0.002075,1.008545
0.068237,-0.465088,0.770630
-0.412109,0.174316,0.829468
0.455811,-0.342651,0.949463
-0.490356,-0.094971,0.734619
0.196411,0.001587,1.003418
0.081177,-0.465942,0.766846
-0.413818,0.172974,0.823608
0.462402,-0.347534,0.952148
-0.490967,-0.086304,0.733398
0.184082,0.008301,1.017090
0.094849,-0.459473,0.779297
-0.412720,0.168945,0.828369
0.465942,-0.345337,0.957886
-0.483398,-0.117065,0.731201
0.184814,0.011597,1.012939
0.094238,-0.460083,0.788696
-0.422119,0.170532,0.825928
0.474976,-0.346069,0.968628
-0.476074,-0.136963,0.721558
0.170776,0.016846,1.017090
0.106323,-0.467407,0.781494
-0.417969,0.160522,0.830688
0.478638,-0.344727,0.964966
-0.467041,-0.107666,0.747437
0.164551,0.020264,1.013794
0.120361,-0.482300,0.782593
-0.421631,0.164429,0.831177
0.479858,-0.353271,0.970703
-0.459839,-0.119507,0.734253
0.150146,0.028198,1.014404
0.123901,-0.469360,0.786377
-0.417969,0.136719,0.822754
0.476562,-0.358276,0.968384
-0.458740,-0.154785,0.724976
0.143188,0.028320,1.005493
0.133423,-0.460815,0.809448
-0.428101,0.138062,0.832397
0.489258,-0.357544,0.973877
-0.446411,-0.161987,0.730957
0.139404,0.026855,1.016113
0.140137,-0.464722,0.807373
-0.427124,0.142822,0.830444
0.487793,-0.343262,0.989868
-0.443115,-0.183594,0.727173
0.137085,0.037720,1.018921
0.156982,-0.468750,0.811279
-0.432495,0.152588,0.840698
0.490112,-0.343506,0.985474
-0.415649,-0.192993,0.727417
0.128906,0.043823,1.023071
0.170898,-0.465454,0.827637
-0.436768,0.151001,0.833984
0.496338,-0.332153,0.992188
-0.404419,-0.213989,0.729614
0.110718,0.046631,1.020142
0.191650,-0.473755,0.826416
-0.440430,0.134888,0.832031
0.510132,-0.327393,1.007202
-0.383179,-0.213257,0.734497
0.091431,0.063110,1.021606
0.215698,-0.477173,0.841553
-0.447266,0.131348,0.825073
0.508545,-0.312378,1.011353
-0.361084,-0.222046,0.745483
0.078735,0.075195,1.031128
0.238037,-0.485352,0.851318
-0.447021,0.096436,0.813965
0.506714,-0.313477,1.017090
-0.335815,-0.203979,0.773071
0.062622,0.077881,1.026978
0.264648,-0.494385,0.860840
-0.456177,0.084229,0.803101
0.503174,-0.305664,1.022217
-0.312622,-0.227783,0.774414
0.041382,0.088623,1.031616
0.287109,-0.491455,0.874023
-0.462402,0.077759,0.799438
0.510010,-0.296143,1.027710
-0.292603,-0.235840,0.786377
0.022461,0.108887,1.032349
0.306519,-0.476196,0.899536
-0.463989,0.068359,0.804077
0.501831,-0.268188,1.043457
-0.266968,-0.238037,0.799072
0.001587,0.125244,1.037231
0.339722,-0.478271,0.908325
-0.469482,0.068481,0.800781
0.490479,-0.231812,1.062500
-0.230347,-0.224976,0.823853
-0.026367,0.152832,1.041016
0.367188,-0.476929,0.926636
-0.474365,0.066162,0.805420
0.485718,-0.206665,1.070068
-0.187256,-0.240112,0.826294
-0.053223,0.157715,1.040894
0.382812,-0.451660,0.944702
-0.467163,0.047974,0.812012
0.480713,-0.176514,1.083252
-0.142944,-0.231812,0.849609
-0.089478,0.169067,1.040283
0.405884,-0.444702,0.959717
-0.456055,0.009888,0.814087
0.471436,-0.145508,1.092773
-0.088989,-0.266846,0.866089
-0.129883,0.179199,1.037598
0.443115,-0.445190,0.981689
-0.451904,-0.024292,0.809937
0.445312,-0.107666,1.107788
-0.035767,-0.287598,0.878174
-0.163086,0.187256,1.027344
0.465332,-0.415283,1.005127
-0.431885,-0.047119,0.806885
0.416748,-0.080322,1.104126
0.030151,-0.338013,0.886230
-0.195801,0.179077,1.015015
0.490356,-0.390991,1.031494
-0.434204,-0.081055,0.798828
0.399414,-0.049072,1.127686
0.077271,-0.359619,0.887695
-0.229492,0.197754,1.013306
0.511597,-0.359497,1.055176
-0.402466,-0.136719,0.788574
0.350708,-0.022461,1.118896
0.104614,-0.361328,0.894653
-0.264526,0.196655,0.986084
0.538940,-0.335693,1.072632
-0.380981,-0.158936,0.791260
0.313110,0.005005,1.112671
0.129272,-0.359253,0.910034
-0.300903,0.181885,0.971802
0.558350,-0.304565,1.088745
-0.351440,-0.184326,0.801758
0.264648,0.050903,1.115967
0.188965,-0.387451,0.919434
-0.332275,0.159912,0.941895
0.570679,-0.292358,1.111694
-0.323975,-0.204834,0.800781
0.212891,0.070923,1.112671
0.249634,-0.429077,0.935303
-0.359253,0.133911,0.906738
0.576294,-0.266724,1.108521
-0.276855,-0.242798,0.816162
0.150635,0.099365,1.104614
0.303955,-0.445068,0.946899
-0.390137,0.113159,0.877197
0.566772,-0.241577,1.114624
-0.244385,-0.240479,0.831909
0.093384,0.130371,1.107544
0.349487,-0.445190,0.971191
-0.405518,0.103271,0.869019
0.559937,-0.198730,1.131470
-0.199097,-0.251465,0.851318
0.035645,0.154541,1.091064
0.396729,-0.434082,0.997437
-0.430298,0.070801,0.859253
0.541870,-0.163086,1.145752
-0.149170,-0.245361,0.875366
-0.023193,0.175537,1.095459
0.438599,-0.420410,1.022339
-0.424194,0.041382,0.855469
0.518921,-0.130859,1.154053
-0.058594,-0.267700,0.895874
-0.073975,0.196777,1.086670
0.464722,-0.395020,1.036011
-0.429077,0.004883,0.853271
0.498535,-0.096680,1.160645
0.021973,-0.312012,0.911499
-0.128784,0.201172,1.072144
0.494751,-0.363770,1.060181
-0.423828,-0.031738,0.838379
0.464233,-0.054321,1.172974
0.032104,-0.320679,0.901489
-0.178711,0.217773,1.063843
0.529175,-0.347412,1.086792
-0.418945,-0.078125,0.820557
0.413452,-0.012695,1.172119
0.065063,-0.329346,0.910889
-0.238525,0.210327,1.035522
0.562988,-0.316895,1.115967
-0.397705,-0.129517,0.813232
0.350952,0.021973,1.156982
0.132324,-0.358887,0.923340
-0.282593,0.175781,0.995850
0.577881,-0.293213,1.130981
-0.349487,-0.194702,0.809326
0.281372,0.044434,1.143066
0.189941,-0.379150,0.938599
-0.321899,0.140625,0.942139
0.579590,-0.266968,1.137939
-0.299561,-0.231567,0.834229
0.208008,0.088379,1.135010
0.254517,-0.383667,0.956299
-0.367432,0.133545,0.908813
0.585571,-0.233643,1.137207
-0.252197,-0.251221,0.847168
0.125977,0.110474,1.116211
0.313965,-0.419434,0.972412
-0.402466,0.099854,0.884644
0.578735,-0.201172,1.158203
-0.205811,-0.264648,0.861328
0.056274,0.144165,1.111572
0.362671,-0.399902,0.993286
-0.421265,0.072510,0.868896
0.555420,-0.167236,1.157715
-0.151123,-0.283691,0.863403
0.001465,0.155884,1.096191
0.400635,-0.375366,1.015015
-0.438232,0.039551,0.852417
0.532349,-0.122070,1.159912
-0.057251,-0.307861,0.879517
-0.066528,0.158813,1.084229
0.430664,-0.370483,1.029297
-0.447876,-0.004883,0.840454
0.494263,-0.092041,1.168823
-0.046631,-0.307007,0.862549
-0.131104,0.184448,1.066650
0.473022,-0.344727,1.053101
-0.445312,-0.050049,0.819702
0.442993,-0.050781,1.168579
-0.019897,-0.296021,0.874390
-0.207031,0.190186,1.037476
0.513184,-0.323120,1.086792
-0.426636,-0.108765,0.802490
0.375488,-0.004761,1.157104
0.035034,-0.314941,0.879517
-0.272949,0.183350,0.998779
0.539185,-0.310547,1.102661
-0.392700,-0.164917,0.795898
0.304810,0.029785,1.145142
0.100098,-0.344971,0.889160
-0.317749,0.147095,0.937134
0.544434,-0.297852,1.103638
-0.349609,-0.231445,0.789551
0.226196,0.067749,1.130249
0.176514,-0.372559,0.902710
-0.391113,0.142700,0.909790
0.552856,-0.253418,1.107178
-0.297729,-0.276855,0.798950
0.129883,0.090088,1.101562
0.241577,-0.375977,0.939331
-0.435059,0.109497,0.872070
0.551758,-0.214722,1.130127
-0.246826,-0.288452,0.815063
0.035889,0.114258,1.084106
0.300537,-0.389038,0.942261
-0.452148,0.067871,0.847656
0.528564,-0.185303,1.128174
-0.148315,-0.313843,0.830566
-0.052734,0.125488,1.054443
0.359985,-0.372681,0.959717
-0.486206,0.022583,0.803589
0.488770,-0.142944,1.131348
-0.106812,-0.312866,0.821899
-0.149170,0.161743,1.038086
0.409668,-0.361938,0.999878
-0.482910,-0.041870,0.789307
0.423096,-0.087891,1.141724
-0.081909,-0.309448,0.824829
-0.250488,0.196045,1.016235
0.464233,-0.352295,1.030762
-0.463745,-0.104614,0.772583
0.341187,-0.025391,1.123901
-0.009521,-0.322021,0.843628
-0.330444,0.185791,0.955200
0.496582,-0.314697,1.053955
-0.418701,-0.187866,0.752808
0.245483,0.017944,1.106934
0.081787,-0.367920,0.852905
-0.401855,0.146118,0.901733
0.512085,-0.285400,1.068848
-0.375488,-0.228394,0.771484
0.127441,0.065918,1.070190
0.173218,-0.369629,0.888428
-0.451538,0.106812,0.855103
0.498291,-0.236572,1.080078
-0.283691,-0.290039,0.782227
0.024658,0.090576,1.058228
0.247070,-0.389404,0.903931
-0.489380,0.071289,0.814941
0.481689,-0.195923,1.076050
-0.198486,-0.317017,0.775146
-0.090942,0.112549,1.020020
0.325562,-0.397949,0.938232
-0.514160,0.005615,0.776123
0.431641,-0.127930,1.095459
-0.168091,-0.286255,0.783081
-0.216553,0.166260,1.005615
0.384277,-0.375732,0.968384
-0.513428,-0.066040,0.752930
0.375244,-0.076538,1.095825
-0.107910,-0.298950,0.796143
-0.327271,0.176147,0.948853
0.427368,-0.359985,0.996826
-0.487671,-0.135010,0.728027
0.280518,-0.010864,1.091187
-0.022705,-0.333252,0.807373
-0.420288,0.178955,0.907837
0.477783,-0.340210,1.027100
-0.446899,-0.214722,0.727905
0.145508,0.049316,1.060181
0.089966,-0.359619,0.846924
-0.487915,0.160400,0.848877
0.479858,-0.275513,1.040283
-0.350464,-0.263184,0.761719
0.019409,0.076050,1.030029
0.193237,-0.399414,0.861938
-0.521484,0.091553,0.795044
0.462402,-0.217896,1.049072
-0.250122,-0.288208,0.762695
-0.091675,0.109131,1.004517
0.275879,-0.396851,0.893188
-0.538086,0.021118,0.761230
0.412720,-0.144653,1.061646
-0.189209,-0.305176,0.754395
-0.234253,0.158569,0.972046
0.350952,-0.377197,0.936890
-0.544434,-0.046021,0.730103
0.336426,-0.070068,1.066162
-0.133057,-0.312500,0.755615
-0.351807,0.174561,0.927124
0.409546,-0.361328,0.970581
-0.520874,-0.112793,0.713745
0.231201,-0.010498,1.055054
-0.037231,-0.344238,0.799194
-0.472656,0.184204,0.880615
0.444824,-0.324585,1.011719
-0.480225,-0.192993,0.722778
0.099731,0.038208,1.019897
0.096924,-0.359375,0.835815
-0.531738,0.155029,0.828491
0.450317,-0.292847,1.005981
-0.343750,-0.256958,0.746582
-0.025513,0.091675,1.003418
0.201416,-0.387207,0.865112
-0.560913,0.103027,0.784912
0.434570,-0.219116,1.020264
-0.240723,-0.294189,0.743164
-0.153931,0.134277,0.976807
0.292603,-0.392700,0.893799
-0.577393,0.039795,0.746216
0.389038,-0.143799,1.035278
-0.175293,-0.333374,0.727905
-0.284424,0.169922,0.928711
0.350708,-0.364746,0.924316
-0.565796,-0.029175,0.732788
0.307495,-0.073608,1.040405
-0.116089,-0.363037,0.742920
-0.402954,0.197388,0.903442
0.397705,-0.327515,0.961304
-0.530151,-0.082642,0.703125
0.192505,0.001587,1.028442
-0.014893,-0.381714,0.782837
-0.492798,0.192261,0.867310
0.428223,-0.282471,0.990967
-0.476807,-0.151367,0.711304
0.065430,0.093140,1.022217
0.104858,-0.395386,0.835693
-0.548706,0.164673,0.842896
0.436279,-0.255615,1.006836
-0.361450,-0.216064,0.727539
-0.034912,0.119751,0.991211
0.197998,-0.400024,0.854736
-0.579346,0.118042,0.789062
0.422363,-0.202026,1.014282
-0.263306,-0.287354,0.728516
-0.129639,0.141479,0.965088
0.276123,-0.378540,0.882568
-0.596191,0.075439,0.752197
0.398438,-0.181885,1.019409
-0.191528,-0.333984,0.720337
-0.233643,0.181885,0.942017
0.339355,-0.369019,0.906250
-0.595825,0.031982,0.732300
0.340210,-0.124878,1.013184
-0.142822,-0.359985,0.723999
-0.323486,0.181885,0.896606
0.386108,-0.359619,0.920898
-0.581299,-0.001099,0.710449
0.256714,-0.046753,1.010498
-0.079590,-0.393555,0.739380
-0.409424,0.204956,0.889404
0.410400,-0.325073,0.948730
-0.557129,-0.061279,0.689453
0.171509,0.018433,1.002441
-0.014771,-0.396484,0.771362
-0.478638,0.208374,0.863281
0.426270,-0.292847,0.970581
-0.499268,-0.136353,0.697876
0.090942,0.091187,1.021729
0.054321,-0.390137,0.802856
-0.532349,0.199219,0.841064
0.446289,-0.266968,0.984497
-0.406982,-0.164917,0.731445
0.015991,0.128052,1.014893
0.146729,-0.412964,0.823364
-0.574219,0.178589,0.815186
0.446899,-0.231934,1.002319
-0.326660,-0.197754,0.736938
-0.051514,0.152710,0.989502
0.217651,-0.394897,0.859375
-0.600220,0.153442,0.783447
0.431274,-0.197021,1.005737
-0.240479,-0.269775,0.726318
-0.132080,0.178223,0.966187
0.286865,-0.384155,0.878052
-0.602295,0.118652,0.772949
0.409424,-0.164795,1.009155
-0.180664,-0.323364,0.723633
-0.215820,0.181030,0.936401
0.330811,-0.383179,0.890137
-0.590332,0.063721,0.739624
0.368042,-0.118896,1.019531
-0.133301,-0.363525,0.710327
-0.292847,0.188965,0.897705
0.376221,-0.357910,0.907227
-0.524536,-0.103271,0.706299
0.175537,0.013550,1.017212
-0.076782,-0.377563,0.731323
-0.496948,0.213501,0.857666
0.427856,-0.283813,0.976685
-0.487305,-0.140747,0.710938
0.090576,0.064575,1.028564
0.076172,-0.412720,0.807373
-0.554199,0.200439,0.833740
0.442505,-0.265137,0.989624
-0.399902,-0.195190,0.723022
0.005615,0.115112,1.013794
0.162598,-0.414185,0.840698
-0.582886,0.165405,0.802856
0.432983,-0.219727,1.001099
-0.298462,-0.253418,0.725098
-0.085693,0.150146,0.984253
0.236694,-0.404053,0.859741
-0.592163,0.117798,0.771606
0.415771,-0.177979,1.008789
-0.228271,-0.309692,0.708374
-0.182739,0.179688,0.958130
0.319580,-0.396973,0.891846
-0.591797,0.078613,0.761230
0.368164,-0.126587,1.019043
-0.169189,-0.344116,0.709717
-0.267456,0.170410,0.915527
0.363281,-0.373657,0.919556
-0.585815,0.026123,0.728149
0.310669,-0.073853,1.018555
-0.118042,-0.375610,0.718750
-0.365356,0.190186,0.884155
0.399170,-0.343994,0.932007
-0.543213,-0.040527,0.716919
0.215332,-0.010376,1.001709
-0.057129,-0.378906,0.763306
-0.453613,0.211792,0.860840
0.415894,-0.299805,0.957886
-0.498169,-0.099731,0.715454
0.122803,0.071899,1.028809
0.029541,-0.394287,0.786255
-0.525757,0.216064,0.842285
0.432495,-0.267090,0.975464
-0.410034,-0.161255,0.741699
0.051270,0.118164,1.028931
0.119507,-0.402954,0.816406
-0.569458,0.207520,0.818726
0.438232,-0.225098,0.992065
-0.315552,-0.229980,0.732666
-0.029785,0.141846,1.001465
0.219360,-0.399902,0.852783
-0.614014,0.191772,0.786133
0.422119,-0.193726,0.988525
-0.227417,-0.283203,0.732422
-0.108154,0.157471,0.974121
0.286621,-0.388184,0.888916
-0.611450,0.141235,0.768066
0.396240,-0.149170,1.001831
-0.164307,-0.323120,0.733032
-0.210327,0.174438,0.932739
0.351562,-0.382690,0.899780
-0.587280,0.073608,0.744873
0.341919,-0.080444,1.004272
-0.115356,-0.354858,0.731812
-0.303101,0.188354,0.893921
0.393799,-0.365356,0.924194
-0.554199,-0.009399,0.722168
0.257080,-0.016113,0.997437
-0.062378,-0.382202,0.731689
-0.388184,0.190430,0.860352
0.422363,-0.313232,0.948975
-0.515747,-0.072021,0.720215
0.177979,0.041382,1.006958
0.016357,-0.384521,0.769409
-0.478271,0.218872,0.837524
0.425781,-0.285400,0.957275
-0.446777,-0.142334,0.727661
0.105591,0.087891,1.019897
0.086914,-0.388428,0.803833
-0.532349,0.224487,0.820068
0.437500,-0.231201,0.983154
-0.368652,-0.159912,0.742188
0.034058,0.117310,1.011597
0.173462,-0.401855,0.833008
-0.575073,0.209229,0.801270
0.437134,-0.194092,0.985352
-0.274048,-0.222290,0.745117
-0.058472,0.149658,0.975830
0.257446,-0.398804,0.872681
-0.588135,0.168945,0.784180
0.427002,-0.164185,0.999512
-0.192383,-0.282227,0.742432
-0.141846,0.170288,0.948364
0.314087,-0.383667,0.895142
-0.577393,0.101929,0.767700
0.396118,-0.130615,1.012085
-0.131226,-0.331177,0.735840
-0.231323,0.186646,0.910400
0.377075,-0.377075,0.912964
-0.558105,0.045288,0.754761
0.332031,-0.068848,1.005737
-0.071777,-0.373291,0.734985
-0.312378,0.183838,0.872070
0.407227,-0.338623,0.935303
-0.526733,-0.022949,0.747070
0.256714,-0.012085,0.993896
-0.021484,-0.388550,0.750610
-0.388794,0.174072,0.841309
0.430176,-0.328613,0.952637
-0.498657,-0.085571,0.732910
0.187866,0.032227,1.011719
0.024292,-0.398315,0.756348
-0.466431,0.194580,0.827881
0.456909,-0.308105,0.957764
-0.442627,-0.125488,0.751465
0.116333,0.072144,1.016846
0.087158,-0.408691,0.791260
-0.515869,0.207275,0.808228
0.460205,-0.268188,0.970825
-0.364380,-0.156738,0.762329
0.043945,0.124634,1.023926
0.151733,-0.409912,0.824341
-0.564697,0.184570,0.777222
0.459473,-0.239624,0.985718
-0.282227,-0.203003,0.762451
-0.024658,0.153320,1.002075
0.228882,-0.418335,0.845581
-0.582520,0.135132,0.762207
0.456299,-0.213379,0.997437
-0.199585,-0.253418,0.776001
-0.109497,0.177002,0.972534
0.294189,-0.399902,0.887695
-0.577637,0.113770,0.761719
0.423828,-0.163086,1.008789
-0.131714,-0.287964,0.780640
-0.177124,0.147095,0.929688
0.348145,-0.396973,0.902344
-0.567993,0.079956,0.765259
0.373779,-0.103394,1.008179
-0.071655,-0.363159,0.762451
-0.253052,0.153809,0.881714
0.396851,-0.380005,0.928589
-0.542603,-0.008301,0.738281
0.309448,-0.042603,1.003418
-0.022705,-0.400024,0.750488
-0.327637,0.144531,0.850098
0.430054,-0.357300,0.952759
-0.508423,-0.054321,0.742676
0.223267,0.006836,0.997559
0.031128,-0.426514,0.750977
-0.389404,0.146240,0.830688
0.457886,-0.337646,0.958618
-0.475830,-0.115601,0.733276
0.160522,0.043091,1.013062
0.080566,-0.433716,0.775269
-0.462769,0.154541,0.804199
0.462524,-0.307617,0.973389
-0.411865,-0.155762,0.748901
0.084961,0.084961,1.007446
0.128174,-0.433838,0.797852
-0.515503,0.138184,0.770874
0.481323,-0.278809,0.990356
-0.337036,-0.191528,0.772339
-0.001343,0.128296,1.002075
0.205322,-0.448486,0.823975
-0.542969,0.103638,0.754028
0.470459,-0.249634,1.001099
-0.236206,-0.207886,0.793213
-0.077881,0.171143,0.985229
0.276733,-0.444458,0.859009
-0.562988,0.082275,0.755371
0.431030,-0.180786,1.019287
-0.141724,-0.264526,0.801270
-0.151489,0.175415,0.966553
0.334717,-0.434204,0.895996
-0.558228,0.047852,0.761353
0.390869,-0.137695,1.013428
-0.064209,-0.340210,0.787476
-0.234375,0.167358,0.923584
0.399780,-0.427246,0.921509
-0.534302,-0.017456,0.743896
0.320679,-0.076660,1.001953
0.001709,-0.397095,0.775146
-0.304321,0.146729,0.877197
0.441406,-0.393799,0.941528
-0.506592,-0.093872,0.732666
0.236938,-0.023071,0.997681
0.050171,-0.427856,0.766968
-0.369751,0.123657,0.838501
0.470093,-0.364502,0.971924
-0.468628,-0.140381,0.748047
0.159180,0.021851,1.006226
0.101807,-0.435425,0.782349
-0.439697,0.126099,0.801514
0.480591,-0.323120,0.980835
-0.402710,-0.196777,0.744629
0.071533,0.078003,1.007690
0.173584,-0.444092,0.815430
-0.496094,0.100952,0.772095
0.486328,-0.291626,0.998657
-0.323486,-0.208496,0.776733
-0.017822,0.118042,1.006836
0.261353,-0.470581,0.854004
-0.524536,0.078613,0.755005
0.456421,-0.244263,1.006958
-0.205933,-0.237915,0.812500
-0.104736,0.157959,0.990479
0.320435,-0.453735,0.895020
-0.531128,0.060791,0.769043
0.421997,-0.170410,1.023926
-0.111084,-0.262695,0.817017
-0.168091,0.157104,0.954468
0.376587,-0.445190,0.917603
-0.512085,-0.014404,0.755493
0.374268,-0.111816,1.026978
-0.019165,-0.359497,0.802246
-0.254761,0.150391,0.924561
0.434692,-0.419922,0.943848
-0.495972,-0.089844,0.749023
0.302368,-0.062744,1.020996
0.058350,-0.436768,0.783081
-0.327148,0.148315,0.890137
0.469238,-0.377441,0.970703
-0.462646,-0.129272,0.753418
0.226440,-0.010132,1.020264
0.107056,-0.447266,0.797852
-0.395020,0.128296,0.844971
0.487427,-0.350952,0.992798
-0.412231,-0.184448,0.742432
0.136230,0.053223,1.026245
0.163818,-0.448486,0.824707
-0.442261,0.111084,0.822510
0.495605,-0.320923,1.003174
-0.348511,-0.226196,0.757935
0.049805,0.102173,1.023926
0.248657,-0.453979,0.866821
-0.475586,0.068359,0.784058
0.485474,-0.276245,1.017212
-0.271362,-0.240845,0.778564
-0.028320,0.131470,1.030029
0.318604,-0.452515,0.904541
-0.505371,0.074707,0.782837
0.449829,-0.219116,1.022827
-0.161255,-0.267700,0.822632
-0.110107,0.153442,1.007324
0.369141,-0.423584,0.933105
-0.496582,0.035645,0.782104
0.424438,-0.158325,1.043579
-0.062134,-0.319824,0.834229
-0.187500,0.148804,0.986938
0.426270,-0.414795,0.964355
-0.475220,-0.052612,0.768555
0.356201,-0.079224,1.056152
0.034302,-0.407593,0.835449
-0.260254,0.153320,0.940063
0.472900,-0.385010,1.008301
-0.439697,-0.117432,0.766357
0.291138,-0.021606,1.058350
0.103149,-0.439819,0.824829
-0.335693,0.144165,0.911743
0.509155,-0.342651,1.033325
-0.403931,-0.168945,0.773315
0.192871,0.033813,1.047974
0.161011,-0.442261,0.838135
-0.400879,0.128784,0.872437
0.533081,-0.320435,1.052368
-0.338623,-0.213745,0.769653
0.097290,0.099731,1.052490
0.256470,-0.475220,0.865601
-0.442505,0.071167,0.807251
0.521729,-0.269775,1.064087
-0.259277,-0.236084,0.800171
0.009888,0.134521,1.049438
0.332153,-0.467529,0.920166
-0.478271,0.062500,0.794189
0.495117,-0.213135,1.071411
-0.176025,-0.253784,0.828979
-0.066528,0.170776,1.039673
0.388428,-0.437500,0.965332
-0.484375,0.039795,0.813477
0.458252,-0.142090,1.084595
-0.066406,-0.303223,0.848511
-0.140137,0.186523,1.031128
0.444824,-0.413452,0.992676
-0.465332,-0.027100,0.795898
0.404907,-0.111206,1.086548
0.048828,-0.374023,0.872803
-0.218384,0.177856,0.993408
0.488403,-0.347778,1.031738
-0.422363,-0.106323,0.790649
0.318481,-0.034180,1.079956
0.099487,-0.400146,0.865723
-0.288818,0.169067,0.967163
0.532349,-0.308105,1.073120
-0.381592,-0.163696,0.793213
0.225586,0.031128,1.081909
0.189575,-0.432373,0.887817
-0.357056,0.120605,0.896118
0.558716,-0.276367,1.090088
-0.318237,-0.206299,0.792114
0.117554,0.095825,1.070312
0.279541,-0.474365,0.904053
-0.401978,0.069580,0.848022
0.550049,-0.225586,1.092773
-0.247803,-0.208618,0.821045
0.041626,0.144165,1.072510
0.356445,-0.473389,0.957764
-0.442627,0.055542,0.833008
0.520508,-0.177002,1.111328
-0.165649,-0.231567,0.843262
-0.038696,0.195312,1.079712
0.421753,-0.443726,0.993164
-0.458984,0.013428,0.824829
0.490723,-0.132202,1.123169
-0.068481,-0.261475,0.882080
-0.111206,0.211670,1.059570
0.475708,-0.411865,1.033569
-0.447510,-0.042358,0.813110
0.439209,-0.093750,1.134033
0.049072,-0.342407,0.894409
-0.189209,0.222900,1.036987
0.510864,-0.360474,1.056152
-0.414429,-0.096191,0.818848
0.382446,-0.049194,1.126099
0.095215,-0.357056,0.899536
-0.249268,0.208740,1.004028
0.544312,-0.301270,1.094360
-0.378906,-0.135132,0.822510
0.299316,-0.004028,1.119751
0.157227,-0.389282,0.915771
-0.313965,0.169312,0.959717
0.574829,-0.259155,1.116089
-0.323730,-0.182007,0.819580
0.219971,0.068237,1.120972
0.253784,-0.437500,0.934204
-0.365479,0.124512,0.892944
0.575073,-0.241821,1.116821
-0.263550,-0.210449,0.833252
0.126099,0.128418,1.114502
0.338501,-0.449097,0.966797
-0.407104,0.092285,0.869141
0.556152,-0.196533,1.133545
-0.198975,-0.228027,0.855957
0.047485,0.160034,1.110718
0.399536,-0.433228,1.005493
-0.437256,0.060791,0.858765
0.528809,-0.150635,1.142578
-0.122437,-0.236450,0.879761
-0.036133,0.199585,1.098389
0.449585,-0.404297,1.030762
-0.436279,0.012939,0.852661
0.498047,-0.109497,1.153931
-0.007690,-0.298828,0.901489
-0.105103,0.202759,1.083374
0.490845,-0.363281,1.060303
-0.420898,-0.036743,0.840576
0.453125,-0.059814,1.163330
0.045532,-0.343262,0.901733
-0.190186,0.207397,1.051636
0.535034,-0.314697,1.097778
-0.399658,-0.099854,0.820679
0.388794,-0.004150,1.159546
0.099121,-0.348633,0.915527
-0.260620,0.197266,1.016968
0.568604,-0.284058,1.122559
-0.359253,-0.164917,0.827148
0.300171,0.054077,1.152100
0.190552,-0.388306,0.938110
-0.314453,0.150391,0.949951
0.584595,-0.263306,1.131226
-0.297607,-0.205811,0.822510
0.210083,0.113403,1.148438
0.271851,-0.419800,0.953857
-0.365723,0.113525,0.905151
0.576050,-0.242065,1.130371
-0.248047,-0.226318,0.841064
0.128784,0.144653,1.127563
0.345337,-0.413452,0.988281
-0.409546,0.105591,0.887939
0.563721,-0.192505,1.149170
-0.179688,-0.250610,0.862427
0.032715,0.177002,1.116699
0.404663,-0.390869,1.020630
-0.422607,0.041016,0.862183
0.533447,-0.144287,1.163940
-0.089966,-0.280884,0.884277
-0.042969,0.188721,1.097046
0.453003,-0.370239,1.039429
-0.428345,0.001221,0.856812
0.501221,-0.085693,1.171509
-0.003906,-0.334473,0.884766
-0.128174,0.194580,1.078857
0.496094,-0.337036,1.079712
-0.416626,-0.048828,0.839844
0.437012,-0.023804,1.180420
0.026123,-0.347046,0.882690
-0.210449,0.198853,1.047607
0.542114,-0.298218,1.110474
-0.390259,-0.123169,0.825317
0.363037,0.014404,1.165649
0.102783,-0.347778,0.916748
-0.282959,0.168701,0.984741
0.571533,-0.283447,1.122925
-0.335693,-0.182373,0.822754
0.266602,0.064697,1.161255
0.188721,-0.397827,0.925049
-0.339355,0.135620,0.927246
0.577148,-0.264038,1.123169
-0.289307,-0.213501,0.844971
0.176514,0.111816,1.135254
0.271729,-0.402100,0.953857
-0.396973,0.115601,0.901733
0.569580,-0.218140,1.138672
-0.226685,-0.244507,0.848022
0.081055,0.133545,1.105957
0.337280,-0.390747,0.983643
-0.421997,0.064331,0.869019
0.544067,-0.165039,1.153931
-0.151978,-0.284912,0.855469
0.000000,0.156738,1.093018
0.386230,-0.369019,1.007935
-0.432739,0.018433,0.850220
0.522095,-0.127686,1.162109
-0.063721,-0.335083,0.850708
-0.084839,0.169556,1.067871
0.426880,-0.345337,1.030640
-0.438965,-0.043457,0.825073
0.484253,-0.076782,1.174438
-0.038452,-0.334839,0.855103
-0.175781,0.200195,1.056030
0.478638,-0.333862,1.061157
-0.434326,-0.085571,0.812988
0.418091,-0.028198,1.171997
-0.001709,-0.334717,0.869629
-0.250977,0.209961,1.021240
0.517578,-0.309692,1.087646
-0.398438,-0.140991,0.795410
0.341064,0.012573,1.165527
0.072754,-0.351318,0.875977
-0.314087,0.170898,0.966675
0.536621,-0.300415,1.093872
-0.358765,-0.199829,0.799438
0.258789,0.042114,1.137207
0.155151,-0.391357,0.891235
-0.380127,0.141357,0.911255
0.547241,-0.265137,1.107544
-0.308960,-0.251221,0.810913
0.162964,0.075317,1.115967
0.226562,-0.395142,0.925537
-0.425293,0.117188,0.882690
0.548706,-0.228516,1.114380
-0.279541,-0.259766,0.813965
0.075562,0.112915,1.096436
0.294067,-0.377197,0.952026
-0.448608,0.069946,0.843262
0.521851,-0.182861,1.117188
-0.168091,-0.306641,0.823730
-0.013184,0.123657,1.065308
0.340942,-0.372803,0.964233
-0.460938,0.024536,0.829956
0.497314,-0.143433,1.133057
-0.127808,-0.326294,0.802002
-0.099243,0.143311,1.043945
0.394531,-0.370239,0.983276
-0.468994,-0.022583,0.800293
0.459961,-0.103027,1.145264
-0.109009,-0.323364,0.806274
-0.192871,0.181274,1.021973
0.443237,-0.349365,1.025024
-0.468628,-0.075439,0.788452
0.396973,-0.041626,1.143555
-0.056519,-0.301392,0.834961
-0.272339,0.188965,0.988770
0.476685,-0.331787,1.042236
-0.450562,-0.129761,0.765625
0.332886,-0.006714,1.141479
0.010132,-0.338745,0.841797
-0.339233,0.179077,0.951172
0.500854,-0.327637,1.051025
-0.414917,-0.179932,0.760498
0.255737,0.026733,1.122925
0.079712,-0.369507,0.854614
-0.406860,0.175049,0.920166
0.507812,-0.289185,1.060913
-0.386719,-0.234863,0.755127
0.169434,0.059814,1.096191
0.152832,-0.379150,0.888916
-0.448120,0.144287,0.879517
0.515747,-0.264648,1.075806
-0.362671,-0.246582,0.765625
0.087402,0.079468,1.072754
0.213501,-0.392822,0.897705
-0.472656,0.109375,0.848145
0.496948,-0.244873,1.068848
-0.288086,-0.276001,0.783691
0.018799,0.095825,1.055786
0.256836,-0.396606,0.905151
-0.493408,0.076660,0.816895
0.483887,-0.213379,1.075317
-0.221191,-0.306519,0.780029
-0.053101,0.113281,1.024414
0.311035,-0.398071,0.930908
-0.501831,0.030273,0.796509
0.458252,-0.163086,1.083618
-0.196777,-0.304199,0.765625
-0.135498,0.129883,1.002563
0.349609,-0.382080,0.953735
-0.510620,-0.010742,0.785400
0.423462,-0.120728,1.105225
-0.162720,-0.306763,0.773926
-0.214478,0.163452,0.984863
0.384277,-0.370117,0.972290
-0.512695,-0.049927,0.754395
0.386475,-0.087769,1.098633
-0.136841,-0.296875,0.785767
-0.285278,0.171875,0.953613
0.417480,-0.355957,0.986572
-0.506470,-0.095825,0.739746
0.327148,-0.047852,1.092773
-0.089722,-0.326050,0.795166
-0.347290,0.166748,0.922607
0.438110,-0.350708,0.996704
-0.494873,-0.133667,0.721191
0.278076,-0.011597,1.094727
-0.026123,-0.369141,0.790771
-0.414917,0.183105,0.897339
0.446777,-0.338379,1.000854
-0.475830,-0.168457,0.726196
0.214233,0.011963,1.073730
0.033569,-0.368042,0.827393
-0.464478,0.188232,0.879150
0.455444,-0.306274,1.019531
-0.457397,-0.190552,0.723267
0.141113,0.052612,1.060669
0.094604,-0.382080,0.844116
-0.503174,0.171021,0.859985
0.456543,-0.296875,1.019775
-0.412842,-0.231812,0.734253
0.072388,0.072021,1.048096
0.147583,-0.400513,0.850586
-0.527954,0.154663,0.840576
0.458374,-0.259521,1.023193
-0.340454,-0.270752,0.727173
0.009888,0.089722,1.027466
0.204712,-0.409302,0.868530
-0.541870,0.109497,0.813477
0.447754,-0.231934,1.032593
-0.290649,-0.282593,0.732422
-0.065430,0.117432,0.998047
0.260742,-0.408203,0.883179
-0.541992,0.084961,0.803589
0.422363,-0.189087,1.039307
-0.254639,-0.297363,0.711548
-0.150269,0.129150,0.972168
0.306885,-0.404907,0.905029
-0.549194,0.038208,0.781616
0.401611,-0.157715,1.047729
-0.221191,-0.302002,0.729614
-0.244629,0.153687,0.946777
0.354248,-0.408936,0.920044
-0.543213,-0.006348,0.745972
0.366089,-0.094604,1.054199
-0.183960,-0.303345,0.733887
-0.303345,0.169434,0.925659
0.373779,-0.407837,0.922729
-0.552002,-0.054565,0.721069
0.316406,-0.059326,1.061157
-0.131714,-0.332886,0.749878
-0.391724,0.194214,0.896606
0.398682,-0.376099,0.943237
-0.530884,-0.100830,0.700195
0.249878,-0.009399,1.051636
-0.060303,-0.354492,0.773193
-0.458252,0.209351,0.882690
0.419434,-0.332397,0.973389
-0.506348,-0.156860,0.699219
0.162842,0.034058,1.038208
0.026123,-0.369751,0.800415
-0.514648,0.203857,0.856201
0.426514,-0.327393,0.963745
-0.441406,-0.207520,0.728394
0.077026,0.073364,1.030029
0.104736,-0.371338,0.839600
-0.548706,0.184814,0.838013
0.437988,-0.292969,0.987061
-0.364868,-0.265015,0.716309
-0.005737,0.093140,1.010864
0.181396,-0.387207,0.854248
-0.563599,0.150513,0.815186
0.426880,-0.216187,1.016846
-0.295410,-0.301880,0.713867
-0.101562,0.114868,0.971191
0.257690,-0.408447,0.877075
-0.578491,0.103638,0.774170
0.400879,-0.175537,1.021606
-0.232544,-0.323608,0.701172
-0.207153,0.155884,0.957397
0.312134,-0.398804,0.892944
-0.579712,0.050781,0.762573
0.361694,-0.107056,1.040039
-0.186646,-0.326172,0.715820
-0.303711,0.174683,0.913452
0.364868,-0.393921,0.917847
-0.573975,-0.011597,0.723999
0.301270,-0.063721,1.032104
-0.125610,-0.357544,0.739746
-0.403931,0.205688,0.886475
0.401001,-0.348755,0.943115
-0.530273,-0.083374,0.711792
0.206299,-0.000610,1.022949
-0.034912,-0.381836,0.768799
-0.485229,0.229004,0.869263
0.415894,-0.307373,0.961060
-0.477661,-0.158203,0.708862
0.108154,0.061279,1.024414
0.046143,-0.375854,0.809937
-0.538452,0.222534,0.839111
0.429688,-0.280518,0.968384
-0.389648,-0.232666,0.712646
0.031616,0.096802,1.021240
0.133667,-0.397827,0.826538
-0.575317,0.198486,0.815552
0.428589,-0.230225,0.988525
-0.308472,-0.257080,0.731201
-0.063477,0.129150,0.992554
0.217163,-0.403931,0.852661
-0.585205,0.144775,0.785034
0.403198,-0.172974,0.999268
-0.239990,-0.284546,0.720703
-0.158691,0.143799,0.956055
0.288086,-0.396973,0.880859
-0.594482,0.106323,0.771851
0.385986,-0.144165,1.003906
-0.191528,-0.303223,0.725952
-0.252808,0.156494,0.914795
0.346802,-0.414917,0.888550
-0.585327,0.043701,0.740356
0.336792,-0.083862,1.017578
-0.141846,-0.311401,0.728638
-0.333008,0.196045,0.897705
0.384399,-0.397583,0.911987
-0.557739,-0.031128,0.712036
0.273560,-0.032227,1.005371
-0.095215,-0.347534,0.733276
-0.412476,0.235840,0.884277
0.420532,-0.360718,0.944458
-0.536865,-0.094482,0.704712
0.197754,0.008057,1.004395
-0.040527,-0.356323,0.759888
-0.465210,0.241089,0.867676
0.447876,-0.269043,0.998413
-0.389282,-0.249023,0.720337
0.015991,0.076782,1.018677
0.148315,-0.425903,0.832153
-0.567017,0.166138,0.807739
0.429443,-0.246460,0.993286
-0.328003,-0.227539,0.744751
-0.042725,0.101807,1.009521
0.209473,-0.432739,0.848267
-0.577393,0.145874,0.805176
0.411133,-0.195557,1.001831
-0.281372,-0.270508,0.727417
-0.109985,0.124023,0.981689
0.261719,-0.429932,0.866211
-0.587769,0.109741,0.773682
0.400146,-0.161743,1.018311
-0.240723,-0.295410,0.718628
-0.174805,0.148438,0.967163
0.299072,-0.425415,0.888062
-0.589844,0.070557,0.755005
0.386719,-0.138916,1.024414
-0.214966,-0.280762,0.726196
-0.241699,0.166260,0.933594
0.342529,-0.421265,0.898438
-0.585083,0.042847,0.746948
0.356934,-0.110840,1.026245
-0.185547,-0.294556,0.724243
-0.275513,0.181030,0.926147
0.367188,-0.413208,0.914673
-0.579956,0.002563,0.723145
0.331787,-0.093384,1.027832
-0.157959,-0.328491,0.722290
-0.327026,0.189209,0.894897
0.387817,-0.397827,0.918213
-0.574219,-0.035889,0.713989
0.292603,-0.052734,1.020386
-0.126587,-0.363403,0.721313
-0.378784,0.195801,0.887695
0.407104,-0.391357,0.931030
-0.555664,-0.044312,0.710205
0.257568,-0.035645,1.019287
-0.091064,-0.371826,0.731079
-0.417236,0.213501,0.878418
0.418213,-0.372803,0.937744
-0.543213,-0.083130,0.695923
0.208984,-0.009033,1.011597
-0.059814,-0.378418,0.745850
-0.452515,0.231201,0.865479
0.421265,-0.358765,0.940796
-0.541260,-0.113159,0.682861
0.181641,0.008789,1.016357
-0.037598,-0.386597,0.753540
-0.468018,0.240723,0.871216
0.435181,-0.331909,0.957397
-0.525513,-0.121704,0.687256
0.150269,0.028931,1.014771
0.000122,-0.402344,0.763550
-0.499878,0.247925,0.856201
0.438354,-0.310791,0.960449
-0.501709,-0.138184,0.700073
0.121216,0.041016,1.020630
0.030396,-0.407715,0.781494
-0.514648,0.244995,0.854736
0.446655,-0.290405,0.963135
-0.479492,-0.148193,0.705566
0.091187,0.073242,1.015259
0.057861,-0.417358,0.788696
-0.529663,0.234497,0.838379
0.452881,-0.280273,0.969360
-0.455688,-0.121582,0.729004
0.071533,0.086548,1.020020
0.086914,-0.424438,0.798462
-0.542358,0.232666,0.835815
0.444092,-0.252319,0.970337
-0.428101,-0.130615,0.735474
0.050415,0.104248,1.020142
0.112305,-0.419312,0.805786
-0.558228,0.223633,0.814453
0.440796,-0.245728,0.966797
-0.401611,-0.170288,0.725952
0.042725,0.104004,1.016113
0.128784,-0.420288,0.820190
-0.573608,0.223877,0.816772
0.448486,-0.239502,0.981079
-0.384399,-0.149536,0.746948
0.028198,0.105347,1.021362
0.154419,-0.424683,0.821533
-0.581299,0.220703,0.809326
0.442627,-0.222534,0.981689
-0.358643,-0.170166,0.737183
0.013794,0.121826,1.007812
0.174194,-0.417969,0.830688
-0.581055,0.216431,0.805542
0.440063,-0.211914,0.980591
-0.331299,-0.190063,0.739868
-0.010254,0.127563,1.009033
0.195801,-0.418701,0.838745
-0.586548,0.209229,0.801514
0.441284,-0.208496,0.982300
-0.311279,-0.194580,0.747925
-0.035645,0.133667,0.998291
0.220581,-0.413086,0.852783
-0.589233,0.200562,0.792603
0.436279,-0.201416,0.990601
-0.281738,-0.219238,0.733765
-0.058472,0.152222,0.993896
0.243530,-0.415039,0.861816
-0.599731,0.198608,0.796265
0.437256,-0.192017,0.997803
-0.271729,-0.249756,0.732666
-0.083374,0.160645,0.981812
0.267090,-0.420166,0.872681
-0.602539,0.175049,0.785889
0.426636,-0.175171,0.990601
-0.240356,-0.266235,0.737793
-0.104858,0.171021,0.974731
0.282104,-0.420044,0.874268
-0.606079,0.159912,0.778564
0.427368,-0.159180,1.007812
-0.212891,-0.257324,0.743652
-0.136475,0.180542,0.965332
0.308228,-0.414429,0.885376
-0.600342,0.140259,0.769897
0.421021,-0.143188,1.008423
-0.190308,-0.277710,0.750244
-0.154053,0.184937,0.949829
0.329712,-0.416748,0.888550
-0.592651,0.130005,0.763916
0.412109,-0.130493,1.012939
-0.165283,-0.292236,0.750000
-0.173706,0.181641,0.939453
0.343384,-0.403320,0.890381
-0.601074,0.112671,0.756470
0.400391,-0.125366,1.014282
-0.141968,-0.321411,0.742676
-0.200073,0.184692,0.926392
0.356689,-0.406006,0.898682
-0.592773,0.115356,0.762817
0.391357,-0.118652,1.008423
-0.126953,-0.311401,0.759888
-0.222534,0.181030,0.912720
0.369873,-0.393677,0.900513
-0.577271,0.095581,0.765503
0.377197,-0.098511,1.011963
-0.107056,-0.330322,0.751709
-0.246704,0.183960,0.906372
0.385864,-0.395874,0.908691
-0.569214,0.080322,0.759155
0.351929,-0.081177,1.004395
-0.090088,-0.349365,0.740601
-0.263306,0.181641,0.895142
0.397705,-0.383423,0.918335
-0.568237,0.044067,0.745728
0.332764,-0.067749,1.004272
-0.075439,-0.368042,0.748169
-0.291748,0.177368,0.883057
0.411255,-0.378296,0.924316
-0.564819,0.027222,0.735596
0.315186,-0.047119,1.005737
-0.056519,-0.376343,0.738892
-0.316528,0.187012,0.869995
0.421143,-0.363037,0.932251
-0.553955,0.006348,0.734497
0.297607,-0.035767,1.001221
-0.044434,-0.383545,0.751221
-0.325806,0.183350,0.871338
0.427612,-0.361084,0.937500
-0.543213,-0.019409,0.730835
0.276489,-0.028320,0.998657
-0.031006,-0.394531,0.741089
-0.345093,0.185425,0.857544
0.442505,-0.348633,0.942383
-0.531128,-0.039795,0.732544
0.255127,-0.017212,1.000977
-0.013672,-0.404785,0.740112
-0.351318,0.181763,0.855957
0.441528,-0.346191,0.945190
-0.528564,-0.056396,0.733154
0.243896,-0.011475,0.999512
0.001343,-0.413574,0.751953
-0.381226,0.175781,0.843872
0.444946,-0.348633,0.948608
-0.513794,-0.050659,0.738647
0.234497,-0.003540,1.009155
0.013062,-0.425171,0.742065
-0.402954,0.191528,0.845093
0.454712,-0.353271,0.944946
-0.507812,-0.065918,0.744019
0.212646,0.001343,0.999512
0.023926,-0.417847,0.764038
-0.401978,0.175293,0.831909
0.454224,-0.346558,0.948486
-0.499756,-0.084717,0.729736
0.207397,0.000977,1.006348
0.044312,-0.428223,0.758545
-0.422607,0.180176,0.819580
0.460205,-0.345947,0.941406
-0.493652,-0.072876,0.743774
0.194336,0.015259,1.006348
0.055908,-0.428345,0.772095
-0.434814,0.175293,0.817993
0.458618,-0.330811,0.953857
-0.482666,-0.102173,0.736694
0.187256,0.024414,1.013062
0.067383,-0.427368,0.774292
-0.444824,0.176514,0.813354
0.459351,-0.325195,0.958496
-0.476562,-0.106201,0.738892
0.175049,0.028320,1.018799
0.071411,-0.426880,0.779053
-0.442993,0.161743,0.813843
0.465576,-0.332397,0.965454
-0.472290,-0.105713,0.743164
0.164551,0.044922,1.016479
0.085693,-0.434814,0.785889
-0.454102,0.170166,0.812744
0.471802,-0.330933,0.961304
-0.466064,-0.111938,0.740845
0.145386,0.044678,1.011353
0.098511,-0.444580,0.784180
-0.459717,0.152466,0.801025
0.469727,-0.326172,0.972778
-0.455811,-0.152832,0.732422
0.145630,0.048340,1.019043
0.104248,-0.445312,0.788696
-0.466431,0.158691,0.794800
0.473389,-0.334229,0.968750
-0.443115,-0.133301,0.743530
0.134399,0.047729,1.008423
0.106201,-0.432007,0.793945
-0.467041,0.155396,0.802612
0.478516,-0.333862,0.966919
-0.443359,-0.162842,0.738770
0.121582,0.054810,1.012573
0.120117,-0.447754,0.794678
-0.473145,0.162964,0.794067
0.476562,-0.329224,0.971191
-0.425537,-0.182007,0.737793
0.109375,0.065918,1.018311
0.136353,-0.446045,0.792236
-0.485229,0.164673,0.792480
0.488647,-0.328125,0.963867
-0.420654,-0.174561,0.748291
0.088867,0.060059,1.000732
0.140747,-0.442017,0.800537
-0.482544,0.145996,0.780762
0.482422,-0.304077,0.990723
-0.412476,-0.194214,0.737915
0.083740,0.068359,1.012451
0.145264,-0.462036,0.794922
-0.487305,0.136597,0.783325
0.483276,-0.301636,0.984009
-0.393433,-0.170166,0.748535
0.066040,0.078491,1.014893
0.165771,-0.472168,0.795532
-0.491943,0.143311,0.788696
0.483276,-0.295288,0.993042
-0.373047,-0.163940,0.768921
0.056885,0.078247,1.013306
0.170410,-0.468262,0.811646
-0.495850,0.121582,0.776123
0.488770,-0.295410,0.994629
-0.373291,-0.176025,0.758545
0.048584,0.089600,1.011353
0.187256,-0.464233,0.820435
-0.493774,0.109741,0.772095
0.485840,-0.298096,0.993042
-0.354370,-0.193359,0.767334
0.032471,0.100220,1.010010
0.213867,-0.482544,0.831421
-0.503296,0.095215,0.772217
0.483887,-0.290894,1.001709
-0.344849,-0.200317,0.759155
0.028564,0.100098,1.016602
0.227539,-0.474487,0.836060
-0.501343,0.080566,0.761108
0.478516,-0.283203,1.001099
-0.324707,-0.202271,0.777344
0.008057,0.120972,1.016479
0.252197,-0.490601,0.847778
-0.512573,0.086792,0.759033
0.473511,-0.283569,0.999634
-0.300293,-0.192749,0.794189
-0.008667,0.113892,1.011475
0.262451,-0.485107,0.864868
-0.515015,0.075806,0.753174
0.473511,-0.269287,1.004639
-0.285400,-0.228760,0.776611
-0.029541,0.121094,1.010498
0.283691,-0.475952,0.870605
-0.525513,0.072388,0.756470
0.467651,-0.256592,1.017822
-0.259644,-0.239990,0.779419
-0.053467,0.145142,1.011841
0.305664,-0.479248,0.884521
-0.527222,0.065186,0.763428
0.464111,-0.235474,1.020508
-0.237427,-0.223022,0.796997
-0.064697,0.151489,1.015869
0.331299,-0.488403,0.888062
-0.523438,0.055298,0.765503
0.447021,-0.209961,1.028809
-0.210205,-0.226685,0.802734
-0.083618,0.153687,1.015747
0.346069,-0.482422,0.903198
-0.529053,0.059937,0.777222
0.451782,-0.200195,1.034058
-0.187622,-0.243042,0.807739
-0.102783,0.166992,1.010254
0.366333,-0.478027,0.916870
-0.524658,0.056274,0.779541
0.438965,-0.201782,1.029785
-0.158203,-0.270630,0.812012
-0.126221,0.156494,1.005127
0.385010,-0.470215,0.930176
-0.509644,0.030884,0.780762
0.425903,-0.168945,1.045288
-0.127563,-0.285767,0.816040
-0.142090,0.155396,0.994751
0.409424,-0.456665,0.940186
-0.513550,0.022461,0.777466
0.415283,-0.145386,1.045532
-0.087769,-0.322632,0.811279
-0.170654,0.157104,0.987793
0.425659,-0.445557,0.952026
-0.510742,0.009644,0.772095
0.396851,-0.120605,1.049072
-0.056885,-0.331787,0.825195
-0.189331,0.148315,0.975098
0.440918,-0.437256,0.969116
-0.499878,-0.024780,0.773682
0.378418,-0.110962,1.055176
-0.011108,-0.359741,0.827759
-0.217529,0.148926,0.959106
0.459106,-0.436646,0.969360
-0.489136,-0.043213,0.761475
0.359253,-0.093018,1.048828
0.031860,-0.383423,0.830688
-0.244263,0.144165,0.949829
0.476196,-0.416626,0.982056
-0.467041,-0.086792,0.760376
0.336304,-0.078247,1.047241
0.057617,-0.407349,0.829346
-0.271118,0.149780,0.941772
0.492432,-0.384766,1.009277
-0.444092,-0.108521,0.766724
0.305664,-0.041870,1.052612
0.078125,-0.412598,0.829224
-0.296631,0.140259,0.925293
0.507324,-0.361694,1.019897
-0.431763,-0.132202,0.769897
0.271729,-0.015259,1.061646
0.103516,-0.413208,0.842529
-0.330200,0.127808,0.908081
0.521606,-0.347656,1.039673
-0.410278,-0.171997,0.767212
0.229370,0.021973,1.068237
0.126099,-0.413940,0.847046
-0.366089,0.144897,0.898315
0.527100,-0.332642,1.047729
-0.378174,-0.197754,0.762573
0.184204,0.050171,1.067383
0.180420,-0.427612,0.865356
-0.397583,0.118896,0.867310
0.534790,-0.326172,1.046875
-0.343018,-0.205078,0.785034
0.140259,0.063232,1.064331
0.229492,-0.436768,0.894043
-0.413330,0.083618,0.832764
0.528320,-0.292114,1.057007
-0.303833,-0.228760,0.789673
0.097168,0.096802,1.059204
0.285278,-0.452759,0.906372
-0.441772,0.077026,0.815186
0.519775,-0.257446,1.060791
-0.260132,-0.242676,0.799561
0.052368,0.129272,1.067627
0.334473,-0.463745,0.926514
-0.469360,0.088379,0.810547
0.504517,-0.229126,1.063110
-0.214966,-0.250122,0.815430
0.006104,0.150391,1.066650
0.370850,-0.441772,0.961548
-0.481079,0.067261,0.807495
0.483398,-0.184204,1.084717
-0.159668,-0.278320,0.830322
-0.036743,0.168823,1.071045
0.401611,-0.446411,0.977539
-0.493530,0.066406,0.809692
0.480957,-0.166626,1.093262
-0.110107,-0.286865,0.838257
-0.088257,0.177368,1.048218
0.440430,-0.424683,0.992310
-0.477173,0.036377,0.814575
0.452759,-0.131836,1.089233
-0.041870,-0.307129,0.854492
-0.132202,0.178955,1.042725
0.477539,-0.408936,1.022461
-0.459106,-0.017944,0.811157
0.410889,-0.082153,1.104126
0.023926,-0.351074,0.867065
-0.177856,0.176147,1.024414
0.509155,-0.387451,1.045776
-0.433960,-0.071045,0.799561
0.371582,-0.033081,1.107056
0.078735,-0.368774,0.878296
-0.228638,0.154907,0.990845
0.532227,-0.345093,1.072510
-0.405884,-0.113525,0.808472
0.327881,0.003052,1.116577
0.101196,-0.379883,0.882690
-0.287354,0.184204,0.981323
0.553589,-0.326172,1.088989
-0.374512,-0.160767,0.803223
0.272705,0.038208,1.109375
0.158325,-0.380249,0.904785
-0.331787,0.156006,0.942383
0.566650,-0.297485,1.102417
-0.325684,-0.213013,0.817993
0.211792,0.071899,1.110962
0.220947,-0.414795,0.919922
-0.378540,0.122803,0.888062
0.572510,-0.287109,1.101929
-0.284912,-0.214355,0.831421
0.153076,0.094727,1.108521
0.286011,-0.426636,0.940918
-0.411377,0.095337,0.861938
0.555176,-0.248047,1.100586
-0.241333,-0.246216,0.827881
0.097900,0.121460,1.094238
0.347168,-0.434692,0.974487
-0.434570,0.095703,0.845337
0.540527,-0.207031,1.111694
-0.193970,-0.252075,0.847534
0.045410,0.145996,1.099731
0.394043,-0.427246,0.994385
-0.447144,0.079956,0.847778
0.528564,-0.163330,1.118774
-0.150879,-0.255981,0.858765
-0.013428,0.178711,1.091309
0.434326,-0.426147,1.019775
-0.451050,0.049438,0.839478
0.509888,-0.140503,1.137085
-0.092407,-0.265503,0.875122
-0.060059,0.197266,1.097046
0.466187,-0.406372,1.034058
-0.443359,0.008667,0.845215
0.494263,-0.110962,1.145386
-0.025757,-0.294922,0.894775
-0.104858,0.203613,1.072144
0.492065,-0.388794,1.049927
-0.425293,-0.022827,0.841309
0.462769,-0.081421,1.156372
0.030273,-0.324829,0.904297
-0.142456,0.201416,1.065063
0.508911,-0.357910,1.066406
-0.425659,-0.047363,0.834595
0.432617,-0.048828,1.164673
0.065674,-0.348999,0.904541
-0.186646,0.192261,1.045044
0.528076,-0.334961,1.087769
-0.404297,-0.087524,0.829468
0.407104,-0.020142,1.159180
0.062622,-0.343018,0.901611
-0.231201,0.204712,1.028809
0.545654,-0.308716,1.107910
-0.385376,-0.127930,0.813721
0.373901,0.004150,1.159302
0.095215,-0.343018,0.918823
-0.265015,0.203247,1.010864
0.559814,-0.280884,1.119263
-0.367188,-0.161133,0.816772
0.334595,0.013306,1.146606
0.143433,-0.375244,0.931030
-0.291382,0.193848,0.993408
0.571777,-0.280884,1.122559
-0.338623,-0.184082,0.812500
0.302124,0.024048,1.144653
0.180054,-0.389648,0.934326
-0.309082,0.160767,0.955322
0.579468,-0.273804,1.126587
-0.321045,-0.209961,0.818359
0.265381,0.057373,1.151001
0.214478,-0.401001,0.949341
-0.326294,0.150879,0.938110
0.580200,-0.261963,1.123047
-0.302979,-0.214966,0.824951
0.225830,0.078857,1.138916
0.250488,-0.418579,0.961304
-0.350830,0.128906,0.921021
0.577271,-0.244873,1.128174
-0.287842,-0.227295,0.822876
0.202759,0.093872,1.139038
0.278931,-0.425537,0.959229
-0.364624,0.129028,0.906860
0.575439,-0.237671,1.128174
-0.270264,-0.238892,0.823364
0.163208,0.103394,1.130371
0.303833,-0.442749,0.968018
-0.383667,0.125854,0.906006
0.579956,-0.223999,1.137329
-0.259155,-0.240967,0.841309
0.142822,0.112305,1.128174
0.321289,-0.427002,0.973267
-0.394531,0.121460,0.904297
0.581421,-0.217041,1.135498
-0.238281,-0.241577,0.843872
0.109863,0.138428,1.126343
0.341797,-0.434082,0.989014
-0.405518,0.122070,0.890991
0.577759,-0.206543,1.139771
-0.227173,-0.232666,0.850220
0.093140,0.138184,1.126465
0.357422,-0.437622,0.983398
-0.418945,0.127197,0.894775
0.569702,-0.192627,1.147583
-0.212280,-0.236084,0.852539
0.071289,0.141846,1.118652
0.367310,-0.433105,0.992554
-0.421387,0.108276,0.884399
0.570068,-0.187622,1.152344
-0.207764,-0.232178,0.855713
0.051758,0.151978,1.114990
0.373779,-0.424072,0.987183
-0.432739,0.091309,0.883911
0.567383,-0.182007,1.149536
-0.192017,-0.237915,0.858398
0.031860,0.152954,1.104126
0.386108,-0.421631,0.993652
-0.434570,0.087524,0.882935
0.556763,-0.166870,1.156494
-0.185547,-0.249146,0.852173
0.023926,0.162354,1.117310
0.389038,-0.409058,1.000488
-0.443481,0.067871,0.876587
0.560425,-0.158813,1.158081
-0.173340,-0.244385,0.860840
0.004517,0.157959,1.103271
0.396240,-0.408936,1.001953
-0.439697,0.058228,0.872437
0.549561,-0.153320,1.158325
-0.140625,-0.243530,0.871826
-0.011108,0.161743,1.097534
0.404907,-0.392212,1.000488
-0.445190,0.052368,0.860718
0.546875,-0.157471,1.155151
-0.107300,-0.270630,0.865845
-0.026611,0.172729,1.086304
0.410767,-0.390381,1.009766
-0.446777,0.044556,0.865601
0.535034,-0.139404,1.157593
-0.093262,-0.290527,0.872803
-0.042480,0.171265,1.088379
0.414673,-0.379395,1.010742
-0.447632,0.026611,0.856079
0.529297,-0.137939,1.158813
-0.088135,-0.306641,0.860107
-0.052002,0.167358,1.085815
0.422852,-0.389160,1.004883
-0.453247,0.023682,0.849854
0.520630,-0.142822,1.157349
-0.085938,-0.300171,0.854126
-0.065430,0.164062,1.070435
0.423096,-0.377930,1.014648
-0.455688,0.017212,0.845337
0.508057,-0.137085,1.153809
-0.084229,-0.292969,0.846680
-0.072998,0.155396,1.063232
0.418823,-0.357910,1.015015
-0.456177,0.002808,0.842651
0.511719,-0.131470,1.153442
-0.090576,-0.318359,0.839600
-0.088257,0.160400,1.062012
0.427124,-0.368164,1.014160
-0.458740,0.006836,0.835327
0.502319,-0.120117,1.157471
-0.087402,-0.314209,0.832031
-0.102417,0.161377,1.053467
0.427856,-0.360107,1.017212
-0.456787,0.002930,0.829834
0.500488,-0.124512,1.148193
-0.097046,-0.307739,0.830078
-0.114258,0.165894,1.051025
0.432129,-0.359009,1.017212
-0.462036,0.001587,0.828125
0.489990,-0.110962,1.154419
-0.096313,-0.312134,0.821899
-0.116577,0.151367,1.044067
0.430664,-0.372681,1.011230
-0.475220,0.004272,0.823242
0.492310,-0.108032,1.153687
-0.107666,-0.290649,0.823853
-0.129150,0.162354,1.043823
0.428833,-0.371338,1.005127
-0.476074,-0.000122,0.822266
0.477661,-0.108643,1.137695
-0.111694,-0.275757,0.830078
-0.132690,0.160278,1.043213
0.430298,-0.370239,1.014771
-0.481445,-0.016357,0.815308
0.469116,-0.108643,1.147827
-0.110962,-0.307495,0.813110
-0.146851,0.176025,1.041138
0.431763,-0.378174,1.005127
-0.488647,0.001099,0.822144
0.470459,-0.123657,1.136597
-0.114990,-0.310181,0.807373
-0.164429,0.170654,1.032715
0.434204,-0.383423,1.004761
-0.488647,-0.006836,0.810303
0.458374,-0.109741,1.141724
-0.113525,-0.288330,0.813599
-0.166748,0.173706,1.034790
0.432251,-0.375000,1.000732
-0.487427,-0.015259,0.802246
0.452148,-0.109497,1.134644
-0.117798,-0.293091,0.809692
-0.183228,0.179077,1.019043
0.433960,-0.375244,1.003418
-0.497925,-0.009644,0.801758
0.441040,-0.094238,1.138428
-0.118652,-0.293579,0.813354
-0.196655,0.180176,1.017944
0.437744,-0.373047,0.997070
-0.503174,-0.031006,0.783325
0.423218,-0.102417,1.117554
-0.110840,-0.298828,0.819824
-0.217529,0.190552,1.016724
0.442627,-0.370239,1.014404
-0.504028,-0.054932,0.763306
0.402100,-0.086670,1.116699
-0.113281,-0.304443,0.804810
-0.236084,0.182251,1.007446
0.452881,-0.369385,1.006226
-0.502441,-0.044067,0.771973
0.381592,-0.073975,1.108398
-0.105103,-0.308838,0.807861
-0.253906,0.194214,0.993652
0.457764,-0.370605,1.015869
-0.507324,-0.063599,0.771362
0.370605,-0.071289,1.106567
-0.092896,-0.301758,0.809692
-0.270630,0.178711,0.978394
0.455566,-0.358643,1.017822
-0.504517,-0.082031,0.760254
0.348511,-0.059814,1.098877
-0.076660,-0.292603,0.822021
-0.293091,0.169922,0.962769
0.564941,-0.283936,1.112549
-0.499023,-0.102051,0.743652
0.232422,0.059326,1.126221
-0.055664,-0.319946,0.809937
-0.355347,0.147461,0.925903
0.566650,-0.279663,1.113281
-0.335693,-0.232910,0.804443
0.192627,0.063965,1.116821
0.184570,-0.396729,0.902954
-0.382690,0.129883,0.909546
0.570557,-0.259644,1.121338
-0.315918,-0.239990,0.811646
0.156860,0.085938,1.114746
0.209106,-0.405762,0.912964
-0.403564,0.122437,0.897217
0.553711,-0.240479,1.121582
-0.296753,-0.247437,0.815918
0.119141,0.091187,1.107178
0.236694,-0.382202,0.931396
-0.421387,0.105713,0.877319
0.552002,-0.230347,1.116089
-0.283936,-0.253784,0.815674
0.081787,0.092896,1.086426
0.264526,-0.390259,0.934082
-0.436646,0.083008,0.850586
0.536865,-0.212646,1.112793
-0.244141,-0.262207,0.823364
0.042725,0.101562,1.079956
0.289185,-0.375977,0.945068
-0.453369,0.076416,0.837891
0.527222,-0.191162,1.116699
-0.167236,-0.307861,0.832153
-0.011719,0.115234,1.070557
0.313477,-0.388184,0.952637
-0.462891,0.041504,0.820801
0.509766,-0.167603,1.117554
-0.144287,-0.320801,0.811890
-0.061768,0.136475,1.052368
0.356812,-0.386841,0.964355
-0.477905,0.030884,0.816895
0.487549,-0.130005,1.125610
-0.125000,-0.291260,0.814697
-0.108276,0.153442,1.046753
0.383789,-0.382935,0.982300
-0.489868,-0.010986,0.802002
0.463257,-0.102173,1.137817
-0.119995,-0.291992,0.812134
-0.176147,0.174561,1.034668
0.426636,-0.373779,1.008911
-0.497559,-0.037598,0.790161
0.424805,-0.060059,1.145996
-0.100098,-0.306030,0.812866
-0.236206,0.190308,1.015991
0.463623,-0.386963,1.019897
-0.478516,-0.092773,0.767822
0.363770,-0.020264,1.135132
-0.055420,-0.287720,0.831177
-0.285034,0.201172,0.997559
0.486938,-0.355591,1.044556
-0.467285,-0.140503,0.756592
0.308960,0.006592,1.123413
0.001099,-0.318481,0.838867
-0.334229,0.182129,0.958862
0.502563,-0.330566,1.055298
-0.441040,-0.190918,0.740112
0.253906,0.019165,1.108521
0.054688,-0.360718,0.840332
-0.390869,0.175171,0.913452
0.517334,-0.317871,1.065186
-0.402222,-0.241211,0.752075
0.179810,0.041626,1.092407
0.111938,-0.386475,0.860229
-0.432861,0.161987,0.883301
0.519043,-0.294678,1.065308
-0.381958,-0.241455,0.771484
0.111206,0.053467,1.068481
0.170776,-0.383545,0.883789
-0.460205,0.125732,0.851440
0.504395,-0.254517,1.076416
-0.322876,-0.258789,0.795532
0.033325,0.061157,1.054810
0.211548,-0.385620,0.883545
-0.483154,0.086426,0.813354
0.498535,-0.223022,1.082520
-0.245361,-0.295532,0.795288
-0.030762,0.087280,1.032104
0.264771,-0.404907,0.908203
-0.503418,0.048706,0.793701
0.472046,-0.178345,1.084595
-0.209595,-0.288574,0.783936
-0.095825,0.116821,1.013794
0.319702,-0.412354,0.926880
-0.521240,0.022705,0.769775
0.442749,-0.150391,1.087891
-0.183716,-0.291016,0.772095
-0.157593,0.162720,1.016479
0.360962,-0.418945,0.939941
-0.526367,-0.007080,0.776245
0.417480,-0.098267,1.104004
-0.167480,-0.288086,0.771973
-0.239868,0.181152,0.988403
0.402710,-0.410156,0.964111
-0.521973,-0.047241,0.755859
0.366089,-0.056396,1.103149
-0.128540,-0.309937,0.778564
-0.298096,0.190430,0.963013
0.431641,-0.383179,0.979736
-0.517944,-0.095215,0.735840
0.311035,-0.034302,1.087402
-0.074097,-0.296753,0.806519
-0.357788,0.199951,0.933472
0.446045,-0.350098,0.998169
-0.492676,-0.149414,0.720337
0.244507,-0.016968,1.078369
-0.022339,-0.360718,0.794434
-0.418701,0.179810,0.901855
0.464233,-0.332520,1.009644
-0.473267,-0.176025,0.720215
0.172729,0.024414,1.062378
0.051392,-0.375488,0.831787
-0.458984,0.173950,0.875977
0.474854,-0.311890,1.025269
-0.454956,-0.205566,0.727661
0.101685,0.051514,1.038330
0.114502,-0.385254,0.846069
-0.493530,0.152344,0.854980
0.480835,-0.272827,1.040527
-0.367188,-0.235352,0.765137
0.026611,0.072144,1.027344
0.173218,-0.401855,0.864258
-0.513428,0.116333,0.821045
0.468750,-0.250366,1.039185
-0.300049,-0.263062,0.757690
-0.043945,0.088013,1.013062
0.225464,-0.413208,0.863037
-0.538818,0.079834,0.790405
0.453125,-0.214111,1.050049
-0.235840,-0.286621,0.754150
-0.129272,0.111694,0.971680
0.281860,-0.416382,0.888306
-0.553101,0.035889,0.762329
0.433716,-0.172363,1.059814
-0.200928,-0.293457,0.759888
-0.227417,0.155029,0.964355
0.333740,-0.409180,0.916748
-0.545532,-0.024048,0.747681
0.375122,-0.114868,1.064575
-0.170410,-0.292236,0.757202
-0.295654,0.172729,0.942139
0.370483,-0.380615,0.937866
-0.550293,-0.073364,0.721924
0.313721,-0.065063,1.056763
-0.111450,-0.323853,0.768555
-0.380005,0.193604,0.910400
0.401245,-0.360596,0.953491
-0.526367,-0.130859,0.693359
0.228271,-0.009644,1.050415
-0.039795,-0.353027,0.788330
-0.455933,0.205688,0.896851
0.431152,-0.314819,0.991699
-0.504639,-0.172241,0.696045
0.145630,0.028076,1.030273
0.051392,-0.371582,0.819092
-0.508667,0.188721,0.855225
0.440796,-0.293457,1.005249
-0.438843,-0.187866,0.733154
0.059570,0.067505,1.025757
0.138428,-0.392578,0.840942
-0.545410,0.167969,0.824219
0.438354,-0.267334,0.995972
-0.338623,-0.254517,0.741821
-0.020386,0.093506,0.999390
0.204712,-0.405884,0.859131
-0.560425,0.132568,0.797119
0.429321,-0.227661,1.002686
-0.270996,-0.296753,0.716309
-0.124268,0.133423,0.972778
0.263794,-0.399414,0.885010
-0.570435,0.078003,0.782471
0.404053,-0.180054,1.027710
-0.230957,-0.312988,0.705688
-0.223633,0.160645,0.949341
0.325928,-0.394897,0.905518
-0.561890,0.035645,0.761963
0.369507,-0.130981,1.036255
-0.184326,-0.342285,0.713745
-0.298950,0.172607,0.921387
0.371460,-0.396362,0.918701
-0.571289,-0.008789,0.730103
0.310669,-0.085449,1.038818
-0.133789,-0.349731,0.738525
-0.365845,0.171509,0.886475
0.388062,-0.363403,0.939819
-0.549683,-0.056274,0.710449
0.259277,-0.033691,1.036499
-0.076782,-0.360474,0.762329
-0.440430,0.204712,0.867676
0.415039,-0.337769,0.964722
-0.528809,-0.090698,0.707275
0.184570,0.016479,1.031616
-0.011353,-0.359619,0.788452
-0.497803,0.204712,0.861694
0.426514,-0.324829,0.961670
-0.500366,-0.140503,0.708618
0.121704,0.066772,1.027466
0.066162,-0.381592,0.812012
-0.542114,0.213013,0.845947
0.424316,-0.286865,0.976318
-0.437744,-0.188232,0.713135
0.063110,0.089722,1.026611
0.119873,-0.396851,0.828003
-0.581665,0.203125,0.826538
0.430298,-0.263184,0.982910
-0.359985,-0.216431,0.737671
0.003662,0.118408,1.015991
0.177124,-0.402222,0.849731
-0.591553,0.177612,0.803223
0.416992,-0.220825,0.992188
-0.304932,-0.251709,0.722778
-0.059937,0.120972,0.991333
0.234253,-0.402588,0.859863
-0.595581,0.141602,0.781982
0.403320,-0.206177,0.998291
-0.253052,-0.295410,0.711304
-0.131714,0.143433,0.962280
0.285400,-0.401733,0.886230
-0.603760,0.121094,0.776733
0.390259,-0.174805,1.005615
-0.220825,-0.316406,0.700562
-0.193970,0.171021,0.948853
0.338257,-0.394531,0.906128
-0.593262,0.075317,0.763428
0.355713,-0.127930,1.013184
-0.190063,-0.343750,0.694580
-0.260986,0.182129,0.923584
0.372803,-0.401611,0.916016
-0.577637,0.027100,0.744141
0.317871,-0.084717,1.017334
-0.154785,-0.354614,0.703979
-0.339111,0.204834,0.894531
0.397827,-0.384399,0.929321
-0.558594,-0.009521,0.728882
0.269531,-0.043457,1.021484
-0.112427,-0.370239,0.723755
-0.404175,0.213257,0.872925
0.411621,-0.339233,0.941040
-0.529297,-0.066650,0.720215
0.203735,-0.011963,1.010010
-0.053101,-0.386475,0.753784
-0.466064,0.219482,0.858643
0.423828,-0.315796,0.952759
-0.495728,-0.115234,0.712036
0.149292,0.045776,1.017090
0.012939,-0.384033,0.787720
-0.523682,0.239014,0.845459
0.425049,-0.296753,0.962769
-0.438477,-0.163452,0.721802
0.093018,0.085327,1.028320
0.071533,-0.393799,0.794678
-0.566284,0.231079,0.820801
0.435059,-0.270508,0.966919
-0.382324,-0.185059,0.735718
0.038452,0.115601,1.028076
0.156006,-0.404175,0.829224
-0.594971,0.213623,0.804565
0.428223,-0.234497,0.971558
-0.318359,-0.217651,0.731934
-0.011841,0.136108,1.009033
0.209839,-0.396362,0.848999
-0.605957,0.192993,0.797607
0.412231,-0.193359,0.987305
-0.256958,-0.283691,0.718018
-0.077881,0.158447,0.995728
0.265259,-0.397949,0.871582
-0.621704,0.161743,0.771606
0.405762,-0.178955,0.991089
-0.212036,-0.303101,0.715088
-0.139160,0.176270,0.958130
0.314941,-0.382080,0.892456
-0.614746,0.135620,0.758667
0.378784,-0.145264,0.998291
-0.178101,-0.322754,0.718872
-0.194824,0.177612,0.937988
0.351440,-0.392700,0.902954
-0.609741,0.103516,0.745972
0.355469,-0.104248,0.998901
-0.141602,-0.328613,0.723389
-0.250977,0.177979,0.918091
0.375122,-0.386597,0.916260
-0.587769,0.058594,0.746948
0.328979,-0.061768,1.006470
-0.119629,-0.367432,0.710815
-0.310791,0.197510,0.897949
0.410278,-0.381470,0.924194
-0.560791,0.025513,0.738159
0.277344,-0.027100,1.004150
-0.077515,-0.374634,0.720459
-0.349854,0.186401,0.885986
0.417358,-0.354248,0.931274
-0.541260,-0.036865,0.710449
0.248047,0.003418,1.006958
-0.060425,-0.384766,0.727539
-0.394775,0.200562,0.859619
0.440796,-0.349243,0.946045
-0.524414,-0.051758,0.722534
0.202026,0.041626,1.012329
-0.027832,-0.376099,0.740112
-0.433472,0.198608,0.844360
0.436279,-0.319092,0.946167
-0.496948,-0.094116,0.729248
0.167603,0.065796,1.020142
0.005615,-0.381714,0.764160
-0.466919,0.213745,0.832275
0.440918,-0.304199,0.960693
-0.468628,-0.115967,0.727661
0.126953,0.088501,1.022217
0.038696,-0.389282,0.779541
-0.506592,0.219849,0.828491
0.458618,-0.295410,0.965942
-0.437012,-0.138672,0.744141
0.089478,0.115967,1.030518
0.090210,-0.399292,0.802734
-0.542480,0.221191,0.825684
0.443970,-0.274414,0.966187
-0.381104,-0.142944,0.762573
0.066040,0.123291,1.023071
0.119385,-0.379517,0.820679
-0.565063,0.217773,0.795898
0.454956,-0.245850,0.977173
-0.326172,-0.182861,0.755981
0.012329,0.144897,1.011719
0.177124,-0.395264,0.829346
-0.579468,0.206421,0.790161
0.448242,-0.216797,0.978027
-0.284058,-0.194580,0.762695
-0.027954,0.144165,0.993286
0.226318,-0.394043,0.863159
-0.591675,0.186890,0.770752
0.437256,-0.181152,0.988159
-0.243042,-0.220337,0.761108
-0.068359,0.163086,0.986450
0.262207,-0.394287,0.875366
-0.600098,0.168091,0.774292
0.434326,-0.177612,0.997192
-0.194092,-0.248901,0.772705
-0.112427,0.166138,0.966553
0.296631,-0.402100,0.884644
-0.600708,0.148438,0.752808
0.425293,-0.148926,1.009766
-0.152222,-0.294678,0.753296
-0.162231,0.178223,0.942139
0.326538,-0.403076,0.890381
-0.593872,0.116455,0.757324
0.407227,-0.137817,1.001709
-0.121094,-0.313599,0.759399
-0.203125,0.173706,0.920166
0.361328,-0.403076,0.911499
-0.578491,0.083618,0.752441
0.367188,-0.091675,1.007690
-0.097290,-0.345703,0.743774
-0.236450,0.168213,0.898926
0.385864,-0.380981,0.915649
-0.573120,0.068848,0.749268
0.354370,-0.074951,1.010864
-0.068115,-0.366211,0.745850
-0.270752,0.176636,0.889282
0.404297,-0.385132,0.927490
-0.557129,0.036987,0.743530
0.314453,-0.043823,0.994263
-0.046875,-0.372437,0.738770
-0.297852,0.159424,0.877319
0.420776,-0.374023,0.927979
-0.544434,-0.002930,0.739868
0.284058,-0.027466,1.002197
-0.026001,-0.399414,0.733154
-0.343140,0.173828,0.860718
0.440918,-0.363281,0.944458
-0.527588,-0.031494,0.733643
0.244873,-0.011719,0.995239
-0.014771,-0.412231,0.740601
-0.377197,0.179199,0.847412
0.445801,-0.358032,0.944458
-0.513550,-0.051758,0.740723
0.214233,0.005737,1.005371
0.010132,-0.422363,0.741333
-0.406860,0.173584,0.832153
0.455078,-0.352539,0.948730
-0.498047,-0.066040,0.749756
0.189697,0.042725,1.004639
0.035889,-0.416992,0.755005
-0.436523,0.181519,0.825806
0.463501,-0.348267,0.961792
-0.476562,-0.102539,0.750122
0.159912,0.052979,1.018433
0.049194,-0.414185,0.761841
-0.459717,0.179932,0.815308
0.473877,-0.333618,0.956787
-0.456665,-0.116577,0.751465
0.138184,0.064819,1.012573
0.063599,-0.416870,0.779663
-0.475098,0.167114,0.794800
0.473877,-0.318115,0.969604
-0.436768,-0.121338,0.753296
0.112671,0.082153,1.011841
0.090454,-0.427246,0.774658
-0.493042,0.179077,0.803467
0.474731,-0.308228,0.969238
-0.419800,-0.140259,0.750366
0.084839,0.097046,1.007812
0.122803,-0.427246,0.802002
-0.508057,0.166138,0.793213
0.470093,-0.299438,0.972168
-0.398804,-0.155518,0.754517
0.074951,0.098511,1.008911
0.143188,-0.427368,0.808228
-0.526611,0.167480,0.785522
0.473267,-0.287720,0.976807
-0.371094,-0.144043,0.768311
0.048462,0.121704,1.011963
0.161377,-0.433716,0.807617
-0.538330,0.149048,0.776733
0.478027,-0.289307,0.984253
-0.359741,-0.158447,0.769531
0.016968,0.136230,1.010498
0.192871,-0.433838,0.831055
-0.542847,0.138794,0.763184
0.470825,-0.286133,0.979248
-0.334229,-0.199707,0.760498
-0.009888,0.139282,1.010620
0.221924,-0.436890,0.848755
-0.554688,0.125488,0.754883
0.475830,-0.262573,1.002319
-0.305176,-0.203003,0.774048
-0.040649,0.163574,1.009277
0.243774,-0.449951,0.848145
-0.553589,0.106934,0.754517
0.467651,-0.246582,0.999512
-0.268555,-0.200562,0.786865
-0.061157,0.161377,0.988403
0.268433,-0.452393,0.859131
-0.563110,0.113892,0.754517
0.454468,-0.232666,0.997803
-0.235840,-0.227417,0.791992
-0.090698,0.162842,0.975464
0.289673,-0.432739,0.877319
-0.557861,0.093384,0.755981
0.442261,-0.210327,1.013672
-0.187134,-0.260864,0.794800
-0.113647,0.165649,0.979248
0.309692,-0.424805,0.885254
-0.561157,0.094727,0.771118
0.437744,-0.198975,1.017212
-0.156616,-0.273071,0.802124
-0.142456,0.159912,0.963257
0.336060,-0.417358,0.898682
-0.556885,0.070312,0.753418
0.416748,-0.178711,1.013794
-0.099243,-0.315674,0.802124
-0.174316,0.161499,0.948975
0.361328,-0.419678,0.911865
-0.556274,0.039062,0.758057
0.397461,-0.142334,1.018188
-0.067261,-0.342773,0.794434
-0.205444,0.155640,0.933838
0.385742,-0.419067,0.918091
-0.544189,0.009766,0.757568
0.374878,-0.122437,1.010010
-0.034790,-0.382690,0.780396
-0.239502,0.157227,0.920288
0.410889,-0.407471,0.933716
-0.535278,-0.021851,0.739014
0.339111,-0.103027,1.007080
-0.000122,-0.406738,0.780151
-0.279541,0.142334,0.896484
0.440552,-0.388428,0.952759
-0.517944,-0.076172,0.729614
0.284668,-0.071045,0.996704
0.030762,-0.442749,0.771606
-0.322021,0.127319,0.857422
0.462402,-0.363159,0.965698
-0.494019,-0.099243,0.740845
0.231812,-0.029785,1.005615
0.068115,-0.464355,0.771973
-0.366455,0.122437,0.842407
0.474121,-0.343872,0.987305
-0.469849,-0.127319,0.743530
0.178467,0.005737,1.009766
0.087158,-0.469482,0.774536
-0.413452,0.130981,0.824951
0.493286,-0.324829,0.993652
-0.434082,-0.154541,0.743530
0.108521,0.044312,1.009644
0.131104,-0.489502,0.779541
-0.451538,0.114502,0.809204
0.492065,-0.307739,1.000244
-0.385498,-0.178223,0.764648
0.055786,0.093018,1.019531
0.193970,-0.507812,0.804932
-0.488647,0.083374,0.774658
0.496582,-0.299683,1.006226
-0.329224,-0.186035,0.777100
0.003174,0.127563,1.020020
0.252930,-0.501099,0.840454
-0.521729,0.063110,0.755127
0.474731,-0.266724,1.011475
-0.250977,-0.209473,0.804443
-0.048950,0.169189,1.024170
0.307007,-0.477173,0.879272
-0.541504,0.063110,0.768066
0.446045,-0.244507,1.019653
-0.179321,-0.247192,0.815308
-0.101562,0.180298,1.005737
0.348755,-0.439087,0.923340
-0.546387,0.052002,0.771484
0.429077,-0.198853,1.016235
-0.115601,-0.307861,0.813477
-0.149170,0.192749,0.995483
0.393677,-0.431763,0.946899
-0.529053,0.006592,0.774536
0.375000,-0.154785,1.016846
-0.039307,-0.367310,0.805664
-0.205322,0.168579,0.952148
0.427612,-0.398682,0.965454
-0.505615,-0.053833,0.763672
0.337158,-0.124023,1.023804
0.022949,-0.425537,0.801758
-0.268311,0.157471,0.909302
0.463013,-0.373291,0.984741
-0.479614,-0.090454,0.771118
0.278809,-0.086792,1.014771
0.055420,-0.460083,0.787598
-0.311401,0.094849,0.867432
0.487305,-0.338867,1.002563
-0.444458,-0.121704,0.768677
0.223145,-0.035889,1.020752
0.088867,-0.466797,0.786499
-0.360840,0.088623,0.842285
0.505249,-0.316284,1.023315
-0.423828,-0.141479,0.760986
0.171143,0.010254,1.028564
0.132202,-0.478638,0.803467
-0.409546,0.102661,0.829468
0.517456,-0.308594,1.028198
-0.376953,-0.171753,0.765503
0.109131,0.063965,1.036011
0.202881,-0.497070,0.828003
-0.449463,0.079224,0.802612
0.523560,-0.300903,1.032349
-0.335205,-0.187500,0.783691
0.050049,0.113403,1.041016
0.256470,-0.505249,0.858276
-0.480225,0.063965,0.782837
0.503662,-0.273926,1.036743
-0.273926,-0.205078,0.801270
-0.003174,0.134521,1.043457
0.303589,-0.493896,0.879517
-0.498291,0.053467,0.780884
0.480957,-0.224976,1.049683
-0.219116,-0.216187,0.821533
-0.057373,0.165771,1.034058
0.348267,-0.486328,0.908447
-0.511963,0.054810,0.786865
0.461060,-0.195801,1.060669
-0.153442,-0.255493,0.824829
-0.098877,0.190063,1.032959
0.387085,-0.459595,0.939087
-0.507446,0.034058,0.793335
0.442017,-0.191895,1.049316
-0.087280,-0.285645,0.841431
-0.138428,0.183472,1.020508
0.422119,-0.427002,0.971313
-0.496704,-0.021240,0.780273
0.417847,-0.148438,1.055542
-0.018555,-0.345459,0.842041
-0.191040,0.187134,0.997681
0.456787,-0.413574,0.990112
-0.474243,-0.065063,0.780151
0.376953,-0.098511,1.084106
0.034180,-0.389282,0.839478
-0.227295,0.174316,0.970947
0.486084,-0.387939,1.003418
-0.454834,-0.096436,0.781738
0.335205,-0.065796,1.068848
0.076416,-0.410522,0.836548
-0.274414,0.163818,0.942139
0.512451,-0.363525,1.022705
-0.427979,-0.145386,0.765503
0.278198,-0.037720,1.060913
0.103882,-0.399536,0.848633
-0.315918,0.139160,0.923096
0.517700,-0.339600,1.043335
-0.395996,-0.167847,0.784302
0.216919,0.013428,1.063477
0.149902,-0.418701,0.858887
-0.359741,0.126831,0.888184
0.541138,-0.298340,1.062866
-0.365601,-0.192871,0.781250
0.156738,0.055176,1.066650
0.215454,-0.442261,0.880859
-0.393433,0.099365,0.855469
0.541016,-0.274902,1.075073
-0.316040,-0.220581,0.791748
0.098511,0.100952,1.058838
0.273438,-0.453003,0.907471
-0.430664,0.073853,0.819214
0.524048,-0.247437,1.080200
-0.247070,-0.218506,0.828979
0.040405,0.135986,1.072144
0.332764,-0.448608,0.940674
-0.457764,0.056396,0.812256
0.507812,-0.210815,1.083984
-0.193481,-0.229492,0.846558
-0.019043,0.163330,1.065552
0.391479,-0.442139,0.966431
-0.476318,0.062012,0.823853
0.486206,-0.160034,1.099731
-0.121704,-0.255981,0.854370
-0.072632,0.186523,1.067139
0.429199,-0.427124,0.992065
-0.477173,0.019287,0.810669
0.457642,-0.128174,1.110474
-0.035767,-0.305298,0.872437
-0.132324,0.183960,1.041870
0.471436,-0.395996,1.014160
-0.461426,-0.036621,0.805786
0.419922,-0.088989,1.111206
0.045898,-0.372803,0.875244
-0.194824,0.178589,1.011353
0.505859,-0.362671,1.049683
-0.435059,-0.081787,0.802124
0.364868,-0.038696,1.111084
0.089355,-0.374146,0.880127
-0.246948,0.171753,0.986816
0.537354,-0.322998,1.079834
-0.392700,-0.125000,0.803467
0.305664,0.011353,1.105591
0.120483,-0.376831,0.885742
-0.310913,0.156372,0.950439
0.565796,-0.319824,1.091187
-0.359497,-0.180542,0.795654
0.231323,0.060913,1.106323
0.209717,-0.423096,0.905029
-0.356812,0.134277,0.903564
0.569336,-0.290161,1.096191
-0.307495,-0.198975,0.812378
0.162476,0.098511,1.103394
0.286377,-0.446411,0.922363
-0.408569,0.103516,0.866699
0.566040,-0.262207,1.105469
-0.243652,-0.213989,0.833252
0.081299,0.143555,1.092529
0.352539,-0.443237,0.959106
-0.439697,0.091797,0.852905
0.442871,-0.157104,1.063965
-0.185913,-0.232910,0.849243
-0.154175,0.159424,0.993530
0.443237,-0.419678,0.980103
-0.475220,-0.023560,0.785034
0.383179,-0.097290,1.062256
0.017578,-0.380127,0.838989
-0.217529,0.142578,0.968018
0.484009,-0.388672,1.018555
-0.446411,-0.088867,0.779297
0.328247,-0.039429,1.072754
0.083740,-0.405029,0.839355
-0.285034,0.148438,0.940552
0.512573,-0.334106,1.038940
-0.412109,-0.149780,0.779297
0.250854,0.006592,1.071777
0.123779,-0.411133,0.854614
-0.347656,0.149780,0.904419
0.530640,-0.312256,1.056519
-0.370605,-0.184937,0.774536
0.171875,0.073364,1.075195
0.213379,-0.445679,0.871582
-0.405762,0.104370,0.852173
0.532104,-0.296753,1.056885
-0.311279,-0.224609,0.785889
0.091187,0.111206,1.067261
0.291504,-0.452148,0.906982
-0.452026,0.084473,0.816772
0.514282,-0.260742,1.064941
-0.235474,-0.230225,0.825684
0.013550,0.134277,1.064697
0.354858,-0.449097,0.945923
-0.478271,0.076172,0.812622
0.491943,-0.206055,1.073120
-0.155762,-0.261230,0.845947
-0.058716,0.161255,1.053467
0.408569,-0.427124,0.985962
-0.481445,0.037109,0.809082
0.453857,-0.145020,1.085938
-0.058960,-0.304688,0.854370
-0.126709,0.154785,1.026123
0.469238,-0.381348,1.028931
-0.465210,-0.032104,0.793457
0.410278,-0.072632,1.103149
0.051270,-0.371704,0.869629
-0.210327,0.162598,0.990234
0.508057,-0.359863,1.047607
-0.423584,-0.109131,0.795288
0.339600,-0.020874,1.106934
0.091553,-0.370239,0.879883
-0.284302,0.163574,0.962769
0.539673,-0.329102,1.073486
-0.372803,-0.167236,0.795532
0.252075,0.038208,1.095581
0.164551,-0.394043,0.891602
-0.349976,0.151367,0.925659
0.565796,-0.309326,1.086304
-0.337036,-0.203125,0.795288
0.166260,0.095947,1.091187
0.256592,-0.437256,0.905151
-0.394653,0.106567,0.868408
0.551270,-0.264404,1.092407
-0.267700,-0.221313,0.811646
0.092651,0.131104,1.091797
0.329712,-0.443604,0.943726
-0.434814,0.096436,0.852173
0.533569,-0.222168,1.100220
-0.196411,-0.231201,0.839233
0.005615,0.165771,1.073975
0.387573,-0.421875,0.985962
-0.453735,0.065552,0.839966
0.501465,-0.158936,1.110962
-0.104980,-0.274292,0.864868
-0.067749,0.182373,1.065308
0.449829,-0.391357,1.020630
-0.452148,0.008423,0.833130
0.461914,-0.095947,1.128662
0.010620,-0.335083,0.886475
-0.138916,0.183838,1.049683
0.497192,-0.371826,1.049805
-0.432129,-0.053833,0.810181
0.404541,-0.037476,1.132568
0.069214,-0.365845,0.884399
-0.216431,0.188110,1.028931
0.539062,-0.336670,1.082397
-0.403320,-0.114136,0.798828
0.339233,0.009766,1.125732
0.119507,-0.374634,0.896240
-0.295166,0.189331,0.988403
0.576904,-0.307007,1.106567
-0.357788,-0.158081,0.809326
0.256470,0.057861,1.113892
0.207031,-0.414673,0.910645
-0.343262,0.128784,0.920776
0.574097,-0.277344,1.116455
-0.301025,-0.200439,0.829712
0.172363,0.109253,1.108398
0.284790,-0.427979,0.936035
-0.393188,0.086670,0.874634
0.559204,-0.245850,1.115601
-0.241333,-0.219360,0.839355
0.104736,0.153320,1.110718
0.351074,-0.412720,0.984741
-0.433105,0.089233,0.857178
0.538818,-0.190796,1.131226
-0.178711,-0.252319,0.854980
0.023071,0.183716,1.113403
0.407837,-0.403320,1.016724
-0.439697,0.053589,0.855591
0.515503,-0.149536,1.137451
-0.101318,-0.277466,0.867920
-0.048462,0.202271,1.098633
0.462646,-0.397217,1.034180
-0.432983,0.016602,0.851318
0.490845,-0.108276,1.148682
-0.012695,-0.327148,0.884277
-0.104370,0.213135,1.089478
0.492310,-0.380493,1.052246
-0.426392,-0.015625,0.847168
0.462036,-0.063354,1.157715
0.040649,-0.356812,0.890625
-0.164185,0.206665,1.062378
0.519653,-0.338867,1.084473
-0.416504,-0.052246,0.824951
0.425781,-0.027222,1.167603
0.060791,-0.349609,0.895996
-0.226440,0.207886,1.050781
0.548584,-0.317627,1.104614
-0.392212,-0.101562,0.824341
0.372559,0.016602,1.155029
0.104492,-0.358032,0.919800
-0.275269,0.186890,1.003052
0.574097,-0.304443,1.120850
-0.367432,-0.156494,0.811646
0.316040,0.043823,1.154175
0.161499,-0.355957,0.937134
-0.309326,0.158691,0.968262
0.578979,-0.295654,1.124634
-0.337524,-0.189331,0.821899
0.252930,0.069824,1.134155
0.231445,-0.394409,0.947144
-0.342896,0.129272,0.925903
0.585693,-0.276367,1.128662
-0.293823,-0.218018,0.832764
0.197266,0.105347,1.128418
0.280884,-0.405762,0.958008
-0.367432,0.107056,0.899048
0.578735,-0.244995,1.131714
-0.254272,-0.252930,0.831787
0.139526,0.115845,1.119751
0.333984,-0.405396,0.980835
-0.401489,0.099243,0.884888
0.563110,-0.204590,1.148193
-0.201172,-0.269531,0.853394
0.069336,0.140381,1.116821
0.371094,-0.392578,1.007446
-0.417114,0.086182,0.870361
0.558350,-0.170288,1.149292
-0.154785,-0.284912,0.861572
0.010986,0.171143,1.111450
0.408813,-0.394043,1.016113
-0.426880,0.054321,0.860840
0.537598,-0.133301,1.165894
-0.081055,-0.304932,0.877075
-0.052002,0.192261,1.095581
0.437744,-0.392578,1.027954
-0.431396,0.022949,0.850708
0.516724,-0.107056,1.165161
-0.011108,-0.333130,0.882202
-0.091675,0.188477,1.089478
0.457764,-0.370483,1.045654
-0.433228,-0.009888,0.845703
0.497803,-0.078369,1.183105
0.001343,-0.334961,0.882202
-0.137817,0.211182,1.076172
0.487305,-0.348511,1.065918
-0.437378,-0.026855,0.831909
0.468994,-0.050415,1.185913
0.019287,-0.342651,0.885620
-0.190430,0.219727,1.069458
0.520874,-0.330444,1.087524
-0.434326,-0.062500,0.816528
0.427124,-0.018677,1.185303
0.053955,-0.349976,0.901978
-0.238892,0.212891,1.041870
0.539673,-0.316040,1.098022
-0.406128,-0.119263,0.806763
0.379395,-0.003174,1.166870
0.094727,-0.345825,0.914429
-0.272949,0.200317,1.007202
0.564819,-0.306030,1.117432
-0.377563,-0.160889,0.807861
0.321533,0.019653,1.151001
0.140625,-0.354614,0.928345
-0.302490,0.168335,0.969604
0.570068,-0.274414,1.120483
-0.346924,-0.207031,0.808105
0.260742,0.046997,1.140747
0.192993,-0.392334,0.932495
-0.330933,0.134644,0.928833
0.573120,-0.259277,1.127563
-0.314941,-0.227295,0.814209
0.206665,0.067383,1.128540
0.240601,-0.409790,0.939453
-0.372559,0.125610,0.919189
0.566772,-0.232422,1.135254
-0.280029,-0.252197,0.830811
0.148071,0.089355,1.114136
0.277710,-0.398682,0.963013
-0.397949,0.111816,0.895142
0.569580,-0.208496,1.138184
-0.251953,-0.257202,0.829956
0.098389,0.115479,1.103882
0.312988,-0.394165,0.976440
-0.410278,0.090820,0.883423
0.560547,-0.186890,1.143433
-0.216309,-0.272583,0.838867
0.045776,0.132568,1.096924
0.344238,-0.383301,0.990601
-0.427856,0.072144,0.865356
0.554810,-0.163940,1.146240
-0.166626,-0.283691,0.853394
-0.002563,0.144531,1.094360
0.365845,-0.383057,0.987061
-0.436646,0.042358,0.848145
0.537964,-0.150757,1.155151
-0.100586,-0.327148,0.853516
-0.046021,0.160400,1.079834
0.386353,-0.375610,0.997681
-0.446045,0.029541,0.846069
0.529419,-0.121216,1.163452
-0.085571,-0.340942,0.828125
-0.089722,0.182495,1.077026
0.420654,-0.367798,1.010376
-0.456299,-0.001465,0.834961
0.502441,-0.104614,1.159668
-0.068237,-0.320312,0.838013
-0.138062,0.207397,1.066040
0.444214,-0.355103,1.028931
-0.461060,-0.024536,0.826294
0.475952,-0.088379,1.163086
-0.054565,-0.316528,0.849731
-0.187744,0.213135,1.052490
0.470581,-0.336548,1.053345
-0.460571,-0.049438,0.802612
0.436157,-0.062500,1.162354
-0.023560,-0.317017,0.851562
-0.233398,0.223022,1.039917
0.497925,-0.333008,1.065918
-0.446899,-0.085815,0.801025
0.390381,-0.028564,1.155396
0.004150,-0.332031,0.861328
-0.272461,0.196899,1.006714
0.514038,-0.311157,1.074585
-0.430420,-0.119141,0.789185
0.341675,-0.017578,1.145752
0.045044,-0.361572,0.862061
-0.301147,0.184570,0.982178
0.523315,-0.316284,1.077271
-0.414307,-0.151611,0.783325
0.295532,0.003418,1.137085
0.090698,-0.374146,0.878540
-0.345215,0.171021,0.943970
0.529785,-0.290283,1.089478
-0.383301,-0.197632,0.771973
0.238525,0.027588,1.121216
0.138550,-0.384888,0.886230
-0.389771,0.151245,0.923096
0.535400,-0.269287,1.091797
-0.365234,-0.204590,0.772827
0.185913,0.047852,1.110718
0.182373,-0.396118,0.903564
-0.427246,0.140747,0.901611
0.534302,-0.252075,1.097778
-0.345825,-0.223511,0.783936
0.123169,0.083130,1.092163
0.224609,-0.390869,0.913574
-0.443481,0.121704,0.883423
0.533813,-0.239990,1.091187
-0.312500,-0.225830,0.788452
0.062378,0.093140,1.071411
0.260254,-0.387329,0.930908
-0.454224,0.085815,0.864014
0.525269,-0.225586,1.099243
-0.255981,-0.258057,0.806763
0.006104,0.109375,1.052002
0.293579,-0.377075,0.938721
-0.463257,0.057983,0.840210
0.512939,-0.201904,1.108765
-0.199097,-0.288696,0.801758
-0.047363,0.121948,1.033325
0.323853,-0.369751,0.946777
-0.478394,0.024292,0.817871
0.504272,-0.185791,1.115601
-0.171021,-0.304688,0.791504
-0.103149,0.154785,1.018311
0.354370,-0.372070,0.964722
-0.479736,-0.015869,0.800415
0.471802,-0.158081,1.114014
-0.143433,-0.299805,0.788940
-0.168213,0.158081,1.008301
0.388306,-0.354370,0.978882
-0.488647,-0.049561,0.782837
0.436523,-0.116089,1.119995
-0.114380,-0.312744,0.801392
-0.230591,0.188110,0.999268
0.415771,-0.342651,0.999634
-0.494385,-0.072754,0.765991
0.393433,-0.094360,1.116089
-0.086182,-0.332397,0.806885
-0.282715,0.189819,0.971313
0.439941,-0.333984,1.004517
-0.487427,-0.095215,0.753540
0.340698,-0.056641,1.113770
-0.043701,-0.354004,0.810669
-0.320923,0.168579,0.934814
0.454712,-0.336182,1.019653
-0.476807,-0.121826,0.739990
0.289062,-0.018921,1.113159
-0.001099,-0.367065,0.810425
-0.373047,0.188843,0.925659
0.475464,-0.321655,1.026001
-0.462769,-0.147217,0.738159
0.238281,-0.003906,1.091309
0.052612,-0.388916,0.835815
-0.419189,0.195923,0.908813
0.478638,-0.296265,1.033447
-0.445312,-0.183350,0.734253
0.179321,0.021484,1.086304
0.095947,-0.395020,0.852905
-0.458984,0.169922,0.890137
0.490234,-0.281250,1.046265
-0.436646,-0.190308,0.744019
0.120361,0.050537,1.067261
0.144043,-0.402710,0.867554
-0.483643,0.154297,0.865601
0.485107,-0.260620,1.047852
-0.407104,-0.199097,0.749023
0.071899,0.057373,1.055664
0.174927,-0.423462,0.868774
-0.498657,0.124878,0.841675
0.479248,-0.253052,1.045898
-0.337769,-0.202881,0.784302
0.021973,0.078369,1.039795
0.210205,-0.413086,0.876587
-0.510132,0.088989,0.824219
0.473633,-0.225342,1.053711
-0.286133,-0.233521,0.781250
-0.030762,0.093750,1.019287
0.252075,-0.420166,0.893311
-0.526978,0.069214,0.801147
0.463013,-0.205322,1.054565
-0.252808,-0.258911,0.765259
-0.079102,0.107666,0.993774
0.287964,-0.402344,0.908569
-0.530762,0.035522,0.774170
0.447144,-0.178955,1.060913
-0.219482,-0.282837,0.753662
-0.154663,0.144897,0.984619
0.327271,-0.414917,0.919922
-0.546997,0.003418,0.753784
0.413574,-0.153809,1.064209
-0.194946,-0.302979,0.749268
-0.215454,0.168091,0.979004
0.354980,-0.390015,0.938599
-0.547363,-0.015625,0.751709
0.385498,-0.121094,1.072510
-0.169434,-0.323975,0.751099
-0.263306,0.182617,0.956909
0.376831,-0.390747,0.951294
-0.553711,-0.028564,0.739136
0.356201,-0.106812,1.065918
-0.150513,-0.327026,0.745605
-0.306030,0.179077,0.939209
0.400146,-0.376465,0.951782
-0.552368,-0.061768,0.718750
0.321411,-0.080933,1.064575
-0.118286,-0.359131,0.747559
-0.358887,0.184937,0.912964
0.417969,-0.373779,0.970337
-0.540649,-0.080811,0.722534
0.278198,-0.060059,1.056763
-0.083496,-0.369385,0.761108
-0.397217,0.204468,0.910889
0.427246,-0.348022,0.979492
-0.529297,-0.108643,0.706177
0.235107,-0.027222,1.055542
-0.039795,-0.387817,0.771484
-0.440552,0.218018,0.898804
0.442261,-0.326782,0.994507
-0.508423,-0.135132,0.711914
0.181396,0.004883,1.051880
0.004517,-0.400879,0.801514
-0.478149,0.204346,0.875977
0.449951,-0.314209,1.001587
-0.504517,-0.121460,0.727295
0.136841,0.025513,1.039307
0.048340,-0.415405,0.812622
-0.511353,0.190063,0.857544
0.444336,-0.294189,1.003296
-0.454712,-0.170410,0.738647
0.088745,0.053833,1.031372
0.086060,-0.432373,0.817017
-0.543701,0.177002,0.841309
0.452515,-0.290649,0.999512
-0.411255,-0.167236,0.759277
0.046021,0.078247,1.027222
0.130859,-0.426514,0.821411
-0.555298,0.165039,0.816528
0.448975,-0.267822,1.002563
-0.363770,-0.212402,0.747070
0.002808,0.085449,0.996948
0.176880,-0.417114,0.849121
-0.571045,0.145752,0.798706
0.441895,-0.234619,1.005249
-0.320923,-0.255859,0.730957
-0.041504,0.111816,0.995728
0.218262,-0.421143,0.866821
-0.594238,0.129883,0.782104
0.431885,-0.224731,1.010254
-0.284668,-0.273560,0.726807
-0.091064,0.134888,0.979980
0.254761,-0.430298,0.873169
-0.590820,0.107788,0.772339
0.416748,-0.201538,1.010498
-0.258545,-0.293579,0.718384
-0.145996,0.157104,0.977051
0.287842,-0.426758,0.880737
-0.593140,0.092407,0.776978
0.399658,-0.175415,1.015625
-0.231812,-0.289429,0.720459
-0.199585,0.159302,0.951294
0.317993,-0.425781,0.887329
-0.591797,0.068481,0.760864
0.379395,-0.151001,1.019897
-0.204956,-0.301392,0.721436
-0.244629,0.171143,0.944580
0.339111,-0.409180,0.905396
-0.586182,0.030884,0.740845
0.353149,-0.127930,1.025269
-0.178101,-0.320312,0.729614
-0.270630,0.163818,0.921509
0.366699,-0.402954,0.914917
-0.587646,0.009521,0.731445
0.328613,-0.099365,1.017944
-0.154419,-0.343384,0.725342
-0.318848,0.178833,0.906860
0.380371,-0.383789,0.920776
-0.581787,-0.017700,0.703735
0.302246,-0.064819,1.029297
-0.132324,-0.347046,0.727539
-0.352905,0.194458,0.897339
0.400635,-0.373779,0.935181
-0.575195,-0.035645,0.701416
0.271606,-0.037476,1.025757
-0.103271,-0.385498,0.730713
-0.393555,0.219116,0.884277
0.409912,-0.364258,0.946899
-0.558594,-0.064575,0.691406
0.230469,-0.018188,1.019653
-0.076416,-0.391602,0.747559
-0.433472,0.214233,0.879395
0.421021,-0.342896,0.953125
-0.544800,-0.088379,0.692383
0.194458,0.011353,1.016846
-0.044800,-0.401245,0.754028
-0.462769,0.224121,0.870850
0.433960,-0.335571,0.959473
-0.524658,-0.113281,0.693237
0.146606,0.039673,1.010986
-0.008423,-0.405518,0.758179
-0.489380,0.226318,0.866455
0.435547,-0.311646,0.966309
-0.507324,-0.130127,0.706787
0.109985,0.057617,1.014282
0.029297,-0.407471,0.781128
-0.513062,0.223511,0.856934
0.436157,-0.296997,0.974487
-0.479614,-0.133911,0.713257
0.091553,0.070190,1.015015
0.059570,-0.411743,0.784424
-0.533447,0.227661,0.849854
0.442627,-0.281982,0.974365
-0.451660,-0.157715,0.716919
0.061890,0.085205,1.010986
0.095337,-0.412231,0.796753
-0.554321,0.231689,0.839233
0.446045,-0.262939,0.982544
-0.409790,-0.199341,0.724731
0.030029,0.104370,1.006470
0.126465,-0.417480,0.803955
-0.558350,0.211548,0.827271
0.453735,-0.259155,0.996948
-0.378540,-0.186401,0.741699
-0.006470,0.116455,0.995239
0.163208,-0.414429,0.817871
-0.579224,0.200195,0.806763
0.444702,-0.245361,0.992920
-0.333374,-0.221680,0.732544
-0.035278,0.120117,0.984619
0.183716,-0.417847,0.835083
-0.593506,0.189087,0.799072
0.446899,-0.224243,0.998169
-0.298096,-0.238892,0.735107
-0.067749,0.148071,0.982788
0.216064,-0.417969,0.843262
-0.597290,0.157104,0.784912
0.447632,-0.206909,1.007690
-0.277710,-0.229126,0.743286
-0.097168,0.162109,0.969727
0.246216,-0.405273,0.858521
-0.604858,0.153809,0.773315
0.438232,-0.192749,1.003540
-0.247070,-0.251587,0.742065
-0.118652,0.169556,0.969971
0.266235,-0.409180,0.860962
-0.601318,0.145142,0.773926
0.435181,-0.179443,1.009644
-0.218994,-0.271484,0.742676
-0.140869,0.181152,0.959229
0.292603,-0.398926,0.875732
-0.609497,0.118408,0.759766
0.418457,-0.160034,1.010986
-0.195557,-0.299805,0.736084
-0.164062,0.189697,0.960449
0.313965,-0.401855,0.882812
-0.609497,0.114624,0.753296
0.407471,-0.156982,1.004639
-0.176392,-0.315308,0.738647
-0.189087,0.193237,0.947876
0.335938,-0.390503,0.896729
-0.607056,0.109497,0.755127
0.384033,-0.144897,1.009888
-0.151978,-0.327515,0.737915
-0.214844,0.192017,0.930908
0.354614,-0.384033,0.903442
-0.603760,0.093384,0.741577
0.371460,-0.116211,1.009155
-0.137085,-0.332520,0.738770
-0.246216,0.192749,0.921997
0.369873,-0.372314,0.907349
-0.588257,0.061890,0.734131
0.352173,-0.075562,1.016968
-0.118164,-0.362061,0.721436
-0.269165,0.202515,0.909180
0.384766,-0.369263,0.918457
-0.584473,0.048584,0.725342
0.333984,-0.065918,1.015869
-0.094849,-0.380737,0.715210
-0.291626,0.197510,0.897339
0.393555,-0.367188,0.916992
-0.570679,0.031372,0.731934
0.313477,-0.053345,1.001709
-0.075317,-0.382446,0.722412
-0.331299,0.200073,0.876099
0.414062,-0.369629,0.925415
-0.557495,0.006348,0.719971
0.277832,-0.031006,0.997803
-0.057495,-0.388306,0.727295
-0.357422,0.208130,0.875122
0.427490,-0.357056,0.934937
-0.554443,-0.029053,0.715088
0.262573,-0.022095,1.001343
-0.045166,-0.391602,0.733765
-0.370239,0.196411,0.870605
0.432617,-0.337280,0.941284
-0.547363,-0.055786,0.706177
0.228271,0.010376,0.997192
-0.021362,-0.419922,0.728516
-0.394897,0.205322,0.860107
0.441895,-0.336426,0.942749
-0.535522,-0.075317,0.708984
0.202881,0.019043,1.000732
-0.005493,-0.420898,0.739868
-0.409912,0.205566,0.856934
0.449341,-0.322754,0.959473
-0.523560,-0.077759,0.718384
0.177979,0.038696,1.005737
0.007935,-0.410889,0.747681
-0.421509,0.211792,0.852417
0.448853,-0.310669,0.963989
-0.512695,-0.094116,0.727051
0.163940,0.047119,1.008789
0.018066,-0.409790,0.748413
-0.443726,0.212158,0.853638
0.462280,-0.314941,0.958618
-0.489624,-0.068115,0.746460
0.138428,0.056763,1.000977
0.048096,-0.408936,0.764282
-0.461426,0.214478,0.837524
0.465820,-0.298706,0.969360
-0.481567,-0.087036,0.747925
0.120117,0.066284,1.005371
0.054443,-0.405029,0.774414
-0.476685,0.204468,0.828979
0.464478,-0.278564,0.973145
-0.460449,-0.109497,0.749390
0.113403,0.066650,1.006104
0.071655,-0.422729,0.780273
-0.502197,0.214111,0.824463
0.465942,-0.275146,0.974243
-0.440674,-0.102783,0.752686
0.094238,0.083618,1.012939
0.092163,-0.427856,0.781616
-0.513428,0.220215,0.821533
0.462158,-0.267944,0.978149
-0.424072,-0.095459,0.766724
0.084595,0.092896,1.013062
0.111450,-0.430542,0.788208
-0.522339,0.198486,0.799316
0.466675,-0.255371,0.974731
-0.398682,-0.112671,0.767090
0.067871,0.111694,1.018433
0.134521,-0.433228,0.801514
-0.538818,0.194214,0.799561
0.471069,-0.249878,0.984741
-0.388672,-0.121704,0.762329
0.054810,0.117432,1.014404
0.147827,-0.446899,0.806396
-0.548706,0.191528,0.794189
0.471924,-0.249634,0.978516
-0.373413,-0.132935,0.771729
0.042969,0.125244,1.012695
0.166382,-0.437622,0.819336
-0.555786,0.178345,0.786011
0.458984,-0.253052,0.979370
-0.352173,-0.148438,0.760742
0.035034,0.130737,1.014282
0.176270,-0.427002,0.822632
-0.570068,0.174194,0.773926
0.465454,-0.250732,0.983398
-0.343994,-0.180298,0.764038
0.026733,0.142212,1.016846
0.191040,-0.426270,0.826660
-0.567871,0.174561,0.770508
0.462891,-0.249512,0.986938
-0.317017,-0.185059,0.775024
0.004395,0.143433,1.012573
0.201660,-0.425659,0.835693
-0.575073,0.172729,0.773560
0.461426,-0.245972,0.984497
-0.307129,-0.168701,0.776001
-0.004395,0.135864,0.994141
0.215698,-0.421021,0.844604
-0.577026,0.151489,0.760742
0.461548,-0.237427,0.994385
-0.293823,-0.177368,0.777588
-0.010864,0.150024,1.006348
0.232788,-0.417725,0.853271
-0.567749,0.143188,0.760864
0.402588,-0.144287,1.000244
-0.288208,-0.198608,0.765747
-0.149170,0.179932,0.945068
0.329834,-0.381592,0.900879
-0.604492,0.142212,0.758789
0.396851,-0.139526,1.002441
-0.165161,-0.303589,0.748169
-0.158569,0.177246,0.943481
0.339600,-0.383911,0.901489
-0.597412,0.125488,0.757935
0.394165,-0.137451,1.002808
-0.159180,-0.319580,0.746338
-0.167725,0.171265,0.936523
0.341919,-0.385132,0.899170
-0.596069,0.138550,0.770142
0.396729,-0.140137,0.998657
-0.148071,-0.326904,0.752930
-0.185547,0.183105,0.921265
0.351074,-0.380371,0.901978
-0.583008,0.124634,0.769043
0.387695,-0.122070,1.008789
-0.135376,-0.328125,0.748169
-0.201050,0.182007,0.925537
0.360352,-0.375854,0.904785
-0.584473,0.112061,0.769165
0.381470,-0.109131,1.015991
-0.111328,-0.343994,0.753296
-0.219971,0.169922,0.908081
0.364136,-0.364136,0.918579
-0.574219,0.100464,0.763062
0.373779,-0.090332,1.023071
-0.090942,-0.364258,0.737671
-0.237549,0.187500,0.907715
0.371460,-0.375610,0.905029
-0.560669,0.078247,0.765137
0.359375,-0.083862,1.009888
-0.078369,-0.364502,0.751221
-0.275513,0.190430,0.887207
0.387695,-0.364868,0.923096
-0.557129,0.041992,0.740234
0.332031,-0.060791,1.008667
-0.059814,-0.383301,0.733643
-0.295532,0.168823,0.871826
0.397705,-0.364014,0.915283
-0.549438,0.010864,0.732788
0.302979,-0.030640,1.001709
-0.037231,-0.400269,0.741211
-0.331543,0.182617,0.869141
0.412964,-0.363037,0.935547
-0.537476,-0.011841,0.734131
0.269409,-0.010132,1.001709
-0.012939,-0.404419,0.752441
-0.366943,0.172852,0.844238
0.421875,-0.347656,0.929810
-0.522095,-0.040527,0.729370
0.238037,0.005615,0.999756
0.007935,-0.410767,0.745850
-0.394775,0.188232,0.838989
0.440674,-0.334961,0.945190
-0.500732,-0.071045,0.733398
0.202881,0.032715,1.010376
0.033936,-0.407471,0.768433
-0.430298,0.182007,0.827637
0.446045,-0.329346,0.951172
-0.482910,-0.104004,0.727661
0.168945,0.051758,1.012817
0.057251,-0.422974,0.767944
-0.466797,0.191162,0.827271
0.463257,-0.308838,0.961792
-0.455322,-0.103027,0.744019
0.128052,0.075439,1.015991
0.092529,-0.419312,0.792480
-0.500122,0.191528,0.811523
0.459229,-0.301147,0.968872
-0.425293,-0.117432,0.758911
0.089478,0.094482,1.014160
0.120605,-0.417236,0.810303
-0.528320,0.181519,0.786499
0.457642,-0.264771,0.972900
-0.382690,-0.173462,0.746826
0.039917,0.121460,1.009644
0.163818,-0.423706,0.829468
-0.544556,0.168701,0.781738
0.456909,-0.255737,0.983032
-0.333008,-0.190552,0.762207
-0.001343,0.144287,1.004395
0.211426,-0.423462,0.844604
-0.560669,0.149536,0.770630
0.454102,-0.223267,0.984863
-0.274658,-0.225464,0.766602
-0.050049,0.155640,0.985107
0.255127,-0.424561,0.866455
-0.569214,0.122559,0.763184
0.452515,-0.206909,1.003174
-0.218262,-0.230225,0.772217
-0.095215,0.155884,0.961182
0.288330,-0.419189,0.875000
-0.566895,0.108887,0.763184
0.436523,-0.169067,1.014160
-0.164062,-0.270386,0.774292
-0.143799,0.170044,0.945679
0.323486,-0.414062,0.886963
-0.567993,0.099487,0.762329
0.410400,-0.137329,1.018433
-0.112183,-0.322632,0.773682
-0.189209,0.164307,0.934204
0.353638,-0.408691,0.894653
-0.558960,0.068848,0.767822
0.391235,-0.097900,1.027466
-0.073242,-0.349243,0.767578
-0.231567,0.169434,0.909668
0.386108,-0.409668,0.912231
-0.550903,0.026855,0.756104
0.359009,-0.080078,1.011597
-0.037109,-0.364502,0.771118
-0.273682,0.158936,0.886719
0.409180,-0.408325,0.919800
-0.533813,-0.023682,0.740845
0.314453,-0.051514,1.007568
-0.007935,-0.386841,0.764282
-0.317505,0.166138,0.864136
0.435181,-0.394897,0.937988
-0.525879,-0.062866,0.730713
0.270996,-0.027466,1.007935
0.019531,-0.411865,0.755737
-0.356689,0.154907,0.843384
0.453125,-0.371094,0.953125
-0.499268,-0.087280,0.738281
0.216187,0.006104,1.003662
0.050659,-0.433105,0.755005
-0.393433,0.161011,0.831299
0.463013,-0.349976,0.962036
-0.484131,-0.123779,0.741577
0.175171,0.024048,1.002563
0.086914,-0.443359,0.780273
-0.434692,0.152466,0.806763
0.468872,-0.325684,0.971069
-0.453003,-0.150024,0.736328
0.133911,0.046997,0.999023
0.105957,-0.439697,0.776733
-0.463257,0.147583,0.794189
0.473755,-0.300659,0.977905
-0.419922,-0.137817,0.762329
0.092163,0.063477,1.001587
0.133667,-0.457520,0.793945
-0.489868,0.145874,0.785522
0.465820,-0.287598,0.984985
-0.379272,-0.184082,0.759521
0.052490,0.096802,1.008667
0.170410,-0.455078,0.809937
-0.513550,0.123901,0.771362
0.468872,-0.271118,0.989014
-0.354858,-0.204956,0.748047
0.017944,0.114380,1.004272
0.214111,-0.466064,0.833862
-0.532959,0.099609,0.759644
0.467773,-0.264404,0.996216
-0.312866,-0.208740,0.767212
-0.017090,0.137573,1.001099
0.250366,-0.474976,0.852783
-0.534424,0.083252,0.755371
0.463989,-0.249268,1.010864
-0.279907,-0.200562,0.781250
-0.048950,0.135132,0.995972
0.286011,-0.455933,0.880615
-0.542847,0.084595,0.752686
0.450073,-0.228271,1.013062
-0.231689,-0.238647,0.788818
-0.086060,0.160522,0.992065
0.304321,-0.458740,0.877930
-0.550171,0.086060,0.764038
0.446777,-0.212036,1.010986
-0.193726,-0.235962,0.794189
-0.112671,0.170166,0.978882
0.316528,-0.459351,0.885010
-0.550049,0.067627,0.764282
0.432251,-0.194214,1.020386
-0.155518,-0.259644,0.796753
-0.138428,0.173218,0.975952
0.340088,-0.453491,0.899414
-0.552246,0.059204,0.769165
0.421021,-0.174805,1.029175
-0.135498,-0.280518,0.797119
-0.154175,0.162720,0.964478
0.368652,-0.439087,0.915649
-0.545410,0.045166,0.773193
0.403320,-0.159180,1.014771
-0.098022,-0.328247,0.794189
-0.168091,0.152588,0.954956
0.376343,-0.433838,0.924316
-0.541382,0.029907,0.759521
0.406982,-0.160645,1.020264
-0.081177,-0.311768,0.810425
-0.190674,0.155151,0.951538
0.390137,-0.426880,0.927124
-0.532471,0.010254,0.765381
0.394653,-0.141235,1.027100
-0.064941,-0.331543,0.800903
-0.199585,0.145630,0.942993
0.402588,-0.443237,0.928101
-0.534302,0.003174,0.747803
0.389526,-0.116577,1.040527
-0.038940,-0.351196,0.802856
-0.217896,0.148926,0.931519
0.407715,-0.439331,0.925415
-0.526367,-0.016602,0.752319
0.372925,-0.116333,1.029419
-0.033447,-0.352051,0.805420
-0.229858,0.157104,0.933350
0.410889,-0.436890,0.931641
-0.520996,-0.028076,0.752075
0.364258,-0.104736,1.029785
-0.032837,-0.353638,0.805420
-0.239136,0.159912,0.934448
0.425903,-0.432861,0.943604
-0.517334,-0.039673,0.754395
0.356689,-0.097534,1.028687
-0.016235,-0.373169,0.798462
-0.247314,0.167480,0.932495
0.436890,-0.435791,0.948853
-0.505127,-0.053467,0.765991
0.345581,-0.086792,1.037598
0.001953,-0.386841,0.797974
-0.261475,0.165405,0.923950
0.450562,-0.427734,0.961548
-0.495483,-0.082886,0.755981
0.312378,-0.079102,1.018677
0.023193,-0.405762,0.796509
-0.275391,0.156372,0.924194
0.467529,-0.412842,0.969360
-0.486816,-0.094727,0.753662
0.298584,-0.060913,1.024292
0.047241,-0.438965,0.791992
-0.304565,0.156982,0.897705
0.479614,-0.394897,0.975708
-0.471924,-0.112549,0.751221
0.259766,-0.031982,1.030029
0.075684,-0.445435,0.789551
-0.338257,0.146729,0.881470
0.491333,-0.390137,0.987793
-0.453857,-0.135010,0.756592
0.228394,0.002686,1.027710
0.105591,-0.432739,0.807007
-0.368286,0.128906,0.865234
0.495483,-0.374878,0.984253
-0.432129,-0.171387,0.753540
0.172119,0.005005,1.021362
0.119141,-0.416992,0.819702
-0.400024,0.124512,0.849609
0.504883,-0.341675,1.014893
-0.391724,-0.205811,0.755127
0.120972,0.048584,1.026611
0.176636,-0.433350,0.842285
-0.449341,0.119629,0.820679
0.515869,-0.314087,1.026245
-0.333862,-0.242676,0.766968
0.053467,0.080933,1.028198
0.237549,-0.455933,0.858398
-0.476074,0.088501,0.789307
0.506836,-0.283325,1.030640
-0.271484,-0.258057,0.787964
-0.010742,0.112793,1.027710
0.290649,-0.446899,0.889893
-0.498535,0.067017,0.776733
0.470459,-0.227905,1.038574
-0.192505,-0.249146,0.827637
-0.055420,0.134766,1.027954
0.334229,-0.429688,0.927979
-0.519775,0.079102,0.776611
0.453613,-0.175537,1.053711
-0.101685,-0.281616,0.858154
-0.139526,0.160889,1.012939
0.379272,-0.423950,0.943359
-0.493286,0.005127,0.767456
0.399170,-0.124023,1.045288
-0.002441,-0.333862,0.852051
-0.220337,0.169678,0.969604
0.447510,-0.404785,0.984619
-0.465698,-0.104370,0.750366
0.320068,-0.064209,1.048584
0.074463,-0.423096,0.818726
-0.303345,0.163086,0.929565
0.508179,-0.383911,1.005249
-0.411133,-0.164185,0.771240
0.212402,0.006470,1.033813
0.121826,-0.421997,0.831543
-0.370728,0.120850,0.870117
0.518433,-0.314087,1.038452
-0.359497,-0.215210,0.771240
0.116089,0.071777,1.037842
0.216187,-0.457886,0.854736
-0.431030,0.072021,0.808838
0.530640,-0.288452,1.047241
-0.269897,-0.218018,0.811401
-0.003540,0.145630,1.036499
0.322021,-0.464600,0.917114
-0.477417,0.050171,0.789673
0.467407,-0.201294,1.047852
-0.159790,-0.226074,0.848511
-0.079956,0.156860,1.038574
0.391602,-0.443848,0.962769
-0.486206,-0.002563,0.779175
0.411255,-0.118164,1.062622
-0.032715,-0.305908,0.847412
-0.172363,0.152954,0.991333
0.469116,-0.402588,1.011841
-0.462036,-0.070679,0.772461
0.331055,-0.045166,1.068848
0.077759,-0.396973,0.839600
-0.281128,0.153442,0.940308
0.522949,-0.376099,1.046265
-0.417358,-0.162476,0.778809
0.219971,0.018433,1.048340
0.130249,-0.394531,0.851074
-0.366699,0.129517,0.896729
0.549316,-0.323608,1.071167
-0.333862,-0.221069,0.786377
0.097412,0.103149,1.042114
0.247803,-0.435059,0.878174
-0.441528,0.066895,0.812012
0.525513,-0.285645,1.072998
-0.223999,-0.249268,0.814697
-0.005371,0.163574,1.054932
0.348999,-0.420532,0.939087
-0.490112,0.063477,0.809204
0.474976,-0.203247,1.067017
-0.109741,-0.290283,0.836670
-0.103638,0.177368,1.028687
0.442627,-0.397461,1.001099
-0.473755,0.001343,0.797363
0.396484,-0.103271,1.071167
0.046143,-0.382690,0.859131
-0.217163,0.144287,0.983643
0.494019,-0.347900,1.044556
-0.413574,-0.115479,0.795410
0.292847,-0.017944,1.074463
0.104492,-0.401123,0.847290
-0.322998,0.140991,0.923584
0.540161,-0.308960,1.075928
-0.344360,-0.193726,0.794434
0.159668,0.081177,1.072144
0.231567,-0.443481,0.885498
-0.411133,0.071533,0.838013
0.544922,-0.281616,1.079590
-0.263916,-0.231689,0.807495
0.047852,0.151855,1.067749
0.336914,-0.435913,0.944824
-0.463013,0.056763,0.814453
0.494385,-0.211792,1.078003
-0.150146,-0.266113,0.843140
-0.049927,0.180908,1.062256
0.408325,-0.402954,0.987549
-0.472656,0.013428,0.806274
0.449219,-0.144531,1.087524
-0.022583,-0.323975,0.870605
-0.151001,0.176514,1.026367
0.473755,-0.363770,1.033813
-0.442383,-0.056274,0.797241
0.372681,-0.072998,1.092651
0.093628,-0.396851,0.877686
-0.246338,0.167358,0.985474
0.524048,-0.316162,1.068481
-0.386597,-0.122803,0.796631
0.277710,0.014771,1.092285
0.146118,-0.394531,0.887451
-0.336914,0.152466,0.937256
0.551880,-0.292969,1.091553
-0.335938,-0.193359,0.800903
0.163696,0.090210,1.080933
0.267700,-0.432251,0.921021
-0.398804,0.090576,0.860840
0.544800,-0.265503,1.096191
-0.252686,-0.246094,0.816162
0.057739,0.132568,1.079224
0.354248,-0.437622,0.966064
-0.453857,0.064453,0.826904
0.514038,-0.193970,1.104980
-0.160522,-0.264160,0.850708
-0.032959,0.171753,1.063843
0.416382,-0.406494,1.006592
-0.466309,0.029907,0.826050
0.480347,-0.136475,1.117432
-0.059692,-0.285156,0.875122
-0.126465,0.190430,1.051880
0.472656,-0.385864,1.040894
-0.443115,-0.050781,0.810181
0.415894,-0.076050,1.115723
0.064209,-0.355835,0.897461
-0.203857,0.180176,1.019165
0.512817,-0.353638,1.067261
-0.404785,-0.109009,0.807617
0.344604,-0.032104,1.111938
0.106323,-0.359619,0.893555
-0.285767,0.188477,0.982666
0.558594,-0.298828,1.098633
-0.350098,-0.181763,0.807739
0.239136,0.045166,1.102051
0.202759,-0.401855,0.907715
-0.357300,0.134155,0.905151
0.581421,-0.275635,1.106323
-0.277466,-0.229614,0.829468
0.126831,0.095703,1.088013
0.298828,-0.438354,0.943970
-0.409546,0.078857,0.848267
0.555298,-0.211426,1.117554
-0.199829,-0.232422,0.856812
0.026367,0.160645,1.085693
0.377075,-0.415771,0.995972
-0.444458,0.052734,0.842407
0.506836,-0.153198,1.125854
-0.098267,-0.251953,0.881958
-0.072876,0.206665,1.084351
0.451904,-0.396484,1.025635
-0.446533,0.002808,0.828979
0.455444,-0.090088,1.131714
0.053955,-0.345093,0.909912
-0.177612,0.207764,1.047363
0.507324,-0.338257,1.063843
-0.407227,-0.081055,0.821655
0.362427,-0.019775,1.122314
0.111084,-0.356323,0.908325
-0.272339,0.191528,0.994751
0.559448,-0.272339,1.115479
-0.333740,-0.176880,0.819092
0.234375,0.065186,1.112549
0.228760,-0.405884,0.924683
-0.357300,0.104492,0.899658
0.568237,-0.244995,1.118652
-0.250366,-0.220215,0.837280
0.104614,0.136719,1.094116
0.351807,-0.405640,0.981323
-0.422607,0.072266,0.856934
0.533691,-0.171021,1.131348
-0.133911,-0.248291,0.870728
-0.029419,0.183594,1.091064
0.443237,-0.389893,1.036133
-0.437622,0.006714,0.839966
0.475586,-0.086670,1.151123
0.050415,-0.331299,0.907959
-0.164917,0.212646,1.063477
0.508179,-0.333618,1.076416
-0.392700,-0.091309,0.828491
0.356079,-0.011108,1.136353
0.118164,-0.362793,0.911621
-0.292603,0.196167,0.997681
0.567993,-0.270630,1.126831
-0.306885,-0.196411,0.830933
0.201172,0.091675,1.123169
0.266235,-0.415527,0.947266
-0.380737,0.097290,0.880737
0.559326,-0.219238,1.126465
-0.201172,-0.238647,0.850952
0.052246,0.169922,1.107910
0.397339,-0.388916,1.012207
-0.435791,0.051758,0.846191
0.510498,-0.130249,1.141479
-0.042358,-0.293823,0.894165
-0.095093,0.186646,1.086060
0.486450,-0.336792,1.074585
-0.412109,-0.041992,0.837158
0.416870,-0.032837,1.150391
0.080078,-0.354126,0.912354
-0.240601,0.209229,1.022461
0.556763,-0.282959,1.119019
-0.339966,-0.141113,0.831787
0.259277,0.068604,1.131470
0.226929,-0.413086,0.930908
-0.346069,0.111938,0.920288
0.569336,-0.237915,1.124512
-0.235596,-0.222656,0.847778
0.096436,0.150391,1.112915
0.369873,-0.394897,1.001953
-0.424194,0.062134,0.860596
0.529297,-0.131470,1.157349
-0.093994,-0.268555,0.878418
-0.061523,0.201538,1.093872
0.472900,-0.354736,1.054199
-0.424194,-0.019897,0.847656
0.448242,-0.062256,1.159058
0.051636,-0.349243,0.897339
-0.210083,0.196411,1.030884
0.539673,-0.279785,1.116333
-0.347900,-0.141968,0.838501
0.301025,0.043335,1.148926
0.186523,-0.389526,0.931274
-0.334717,0.133789,0.927856
0.577026,-0.233398,1.138062
-0.250000,-0.225952,0.845825
0.136719,0.126465,1.128784
0.337524,-0.419922,0.980225
-0.424316,0.107422,0.880859
0.547485,-0.164185,1.143555
-0.131348,-0.259644,0.873291
-0.012329,0.192993,1.112183
0.446411,-0.376709,1.029663
-0.433472,0.010864,0.846924
0.483765,-0.089355,1.165283
0.036255,-0.343140,0.902344
-0.151733,0.200806,1.064453
0.503296,-0.310181,1.102173
-0.392212,-0.089722,0.837646
0.383545,0.001343,1.159424
0.102417,-0.344971,0.916382
-0.278564,0.198853,1.001221
0.566650,-0.267822,1.130493
-0.315674,-0.200195,0.834595
0.245605,0.083862,1.151611
0.234009,-0.402222,0.943726
-0.366089,0.127075,0.915405
0.569824,-0.227295,1.139160
-0.227417,-0.242554,0.847900
0.115112,0.143066,1.138428
0.353271,-0.420532,0.992554
-0.433960,0.097778,0.877686
0.553833,-0.188232,1.145996
-0.145386,-0.269165,0.869751
-0.004883,0.177856,1.113281
0.428711,-0.386475,1.032104
-0.435059,0.025391,0.859985
0.511841,-0.116699,1.151245
-0.008057,-0.326172,0.896606
-0.106445,0.177734,1.076172
0.473389,-0.340210,1.067993
-0.420532,-0.028687,0.845825
0.461548,-0.055542,1.176147
0.019897,-0.330688,0.896362
-0.201172,0.202271,1.049194
0.532227,-0.310547,1.102417
-0.390991,-0.102905,0.835327
0.389038,0.015991,1.178711
0.079590,-0.341797,0.914429
-0.268066,0.190063,1.011963
0.562988,-0.288574,1.134644
-0.351807,-0.170776,0.822876
0.307495,0.053589,1.163818
0.156372,-0.361694,0.926880
-0.317261,0.165894,0.959717
0.577148,-0.281128,1.125977
-0.314819,-0.219360,0.818237
0.236938,0.082275,1.155151
0.221069,-0.407593,0.933472
-0.361084,0.127441,0.912354
0.583252,-0.268066,1.133057
-0.285645,-0.244141,0.825073
0.174194,0.118652,1.141846
0.283325,-0.415405,0.964722
-0.406372,0.116821,0.908203
0.574707,-0.232788,1.143311
-0.247559,-0.253784,0.839355
0.120239,0.131592,1.128906
0.313843,-0.405029,0.974365
-0.426147,0.106812,0.887207
0.568481,-0.227173,1.139526
-0.208862,-0.264893,0.848999
0.063477,0.153564,1.117188
0.346924,-0.399658,0.987061
-0.440430,0.084839,0.867676
0.565674,-0.196655,1.141235
-0.170166,-0.260498,0.856689
0.025024,0.175781,1.114014
0.379639,-0.402466,0.986816
-0.440796,0.065674,0.870117
0.552490,-0.175415,1.150024
-0.126343,-0.285278,0.865356
-0.015747,0.170166,1.101685
0.404297,-0.389282,1.010132
-0.447144,0.049072,0.860352
0.540894,-0.140137,1.166748
-0.076172,-0.310059,0.869873
-0.045898,0.149414,1.085083
0.426880,-0.384399,1.017090
-0.453125,0.021729,0.848755
0.513306,-0.114624,1.163208
-0.059692,-0.301514,0.863770
-0.095215,0.177734,1.073608
0.449219,-0.357788,1.045410
-0.447754,-0.026245,0.830444
0.489380,-0.081299,1.172852
-0.039917,-0.290039,0.871948
-0.145142,0.195557,1.071167
0.475952,-0.344238,1.054932
-0.443970,-0.051636,0.822876
0.452026,-0.059692,1.176880
-0.028198,-0.303345,0.864746
-0.196411,0.208740,1.044312
0.510132,-0.324097,1.081543
-0.430420,-0.077881,0.823486
0.406372,-0.027588,1.164062
0.019409,-0.331299,0.876831
-0.244141,0.195557,1.018555
0.536133,-0.309692,1.097534
-0.408936,-0.130737,0.808960
0.356201,0.002686,1.163086
0.066772,-0.349609,0.884399
-0.294189,0.169800,0.971924
0.552124,-0.299194,1.096680
-0.363403,-0.188477,0.807983
0.285767,0.037231,1.146240
0.120850,-0.371826,0.895874
-0.337769,0.150513,0.926636
0.560425,-0.277954,1.111084
-0.320923,-0.234253,0.805298
0.209106,0.082642,1.148071
0.196167,-0.387573,0.919678
-0.389648,0.141479,0.906616
0.558716,-0.241455,1.123169
-0.289917,-0.264160,0.805298
0.138916,0.109619,1.124390
0.260864,-0.403442,0.934448
-0.425049,0.121460,0.881958
0.551392,-0.215088,1.114624
-0.244995,-0.278076,0.813232
0.070312,0.131104,1.104004
0.309937,-0.390869,0.957764
-0.448608,0.081177,0.854614
0.548340,-0.190796,1.131592
-0.188599,-0.291504,0.831909
0.000732,0.146851,1.090088
0.355713,-0.387939,0.976562
-0.454468,0.054321,0.850830
0.519653,-0.159424,1.139893
-0.115845,-0.318115,0.831787
-0.057861,0.156006,1.071411
0.400757,-0.370117,0.998779
-0.465576,0.015015,0.832642
0.487183,-0.106079,1.146484
-0.090820,-0.311646,0.825073
-0.130249,0.169189,1.048828
0.442871,-0.357056,1.029907
-0.464355,-0.039795,0.807373
0.439575,-0.068726,1.152344
-0.059814,-0.294800,0.845337
-0.211548,0.198364,1.032471
0.480713,-0.328735,1.058105
-0.450195,-0.084106,0.803833
0.384644,-0.025513,1.147949
-0.009033,-0.323120,0.847778
-0.282837,0.187866,0.987305
0.510986,-0.314941,1.074463
-0.411499,-0.158813,0.785889
0.317261,0.011475,1.141113
0.050415,-0.344849,0.861328
-0.333618,0.155273,0.939941
0.530273,-0.298462,1.091187
-0.373779,-0.218994,0.784546
0.235229,0.045044,1.130371
0.129272,-0.382324,0.885742
-0.399170,0.136963,0.902954
0.538330,-0.276367,1.094849
-0.326050,-0.255859,0.786987
0.151733,0.088379,1.109619
0.195435,-0.385132,0.909058
-0.427246,0.122681,0.880493
0.550049,-0.155884,1.154053
-0.300659,-0.266602,0.794312
-0.022217,0.179565,1.100830
0.423462,-0.383667,1.022095
-0.435913,0.020142,0.846313
0.515503,-0.125366,1.156616
-0.037720,-0.325195,0.878418
-0.086670,0.186279,1.089722
0.459351,-0.344604,1.060669
-0.438477,-0.019043,0.836060
0.463379,-0.060913,1.173340
-0.019165,-0.342773,0.864990
-0.159912,0.214233,1.074585
0.503052,-0.320679,1.089111
-0.432129,-0.059326,0.824707
0.418945,-0.022217,1.174561
0.025269,-0.345703,0.883301
-0.237671,0.202271,1.041870
0.547852,-0.306030,1.119995
-0.390869,-0.132690,0.814331
0.346558,0.030273,1.170044
0.100830,-0.365601,0.900635
-0.291992,0.176636,0.986694
0.569336,-0.290405,1.121216
-0.349121,-0.189575,0.804077
0.269043,0.071777,1.158936
0.175903,-0.403564,0.911255
-0.351929,0.155029,0.934570
0.575195,-0.272705,1.113281
-0.299194,-0.230835,0.823486
0.181274,0.108643,1.137207
0.254639,-0.395752,0.951294
-0.401855,0.143066,0.912598
0.578125,-0.236816,1.134521
-0.254395,-0.258301,0.833740
0.097900,0.131714,1.118286
0.325806,-0.394653,0.967163
-0.426758,0.101929,0.875122
0.557495,-0.197388,1.136475
-0.182373,-0.271729,0.858032
0.018555,0.151733,1.100586
0.374023,-0.385498,0.992676
-0.440796,0.038574,0.849365
0.530029,-0.156494,1.147095
-0.081909,-0.319580,0.860474
-0.057739,0.148560,1.073853
0.414429,-0.349121,1.020752
-0.440918,-0.015869,0.840942
0.491821,-0.109497,1.161011
-0.068726,-0.335205,0.852295
-0.136719,0.176147,1.051758
0.464844,-0.324585,1.055664
-0.447998,-0.044189,0.822876
0.432739,-0.052490,1.170654
-0.025635,-0.336670,0.859253
-0.215332,0.200806,1.027588
0.517456,-0.294922,1.087036
-0.418579,-0.119141,0.800659
0.357788,0.003540,1.166626
0.049194,-0.363159,0.875488
-0.276978,0.176514,0.984253
0.539185,-0.282715,1.099731
-0.371948,-0.179443,0.802124
0.280273,0.046265,1.149658
0.138672,-0.396973,0.899170
-0.360596,0.170776,0.938354
0.554077,-0.263062,1.114624
-0.324219,-0.219116,0.812012
0.188843,0.084717,1.137695
0.223145,-0.415527,0.926758
-0.403320,0.127441,0.902832
0.552002,-0.228516,1.115723
-0.277100,-0.256226,0.816040
0.098755,0.115723,1.111206
0.290649,-0.396118,0.956543
-0.433960,0.094971,0.873291
0.539673,-0.199097,1.120972
-0.197754,-0.262085,0.834839
0.014404,0.126831,1.087402
0.348755,-0.387695,0.974243
-0.449219,0.027344,0.841553
0.516968,-0.155640,1.140015
-0.110596,-0.313965,0.838013
-0.068115,0.152954,1.072998
0.391846,-0.369141,0.995239
-0.465454,-0.028931,0.815430
0.474976,-0.112183,1.147461
-0.079102,-0.306763,0.830688
-0.170410,0.180786,1.040894
0.447266,-0.336304,1.036377
-0.460327,-0.065918,0.813843
0.412842,-0.066895,1.146118
-0.028320,-0.311890,0.851440
-0.249390,0.200806,1.000732
0.495850,-0.309448,1.069336
-0.421875,-0.155762,0.789185
0.328247,-0.000488,1.145752
0.043945,-0.359009,0.865601
-0.320312,0.182861,0.958984
0.522949,-0.291626,1.082275
-0.366211,-0.214844,0.781006
0.236572,0.051758,1.129883
0.135742,-0.385742,0.890625
-0.392944,0.153687,0.910278
0.535400,-0.263062,1.096313
-0.324097,-0.253784,0.788818
0.138672,0.095215,1.120239
0.223022,-0.395630,0.913086
-0.434204,0.113281,0.874878
0.532593,-0.218750,1.103638
-0.260498,-0.288574,0.801147
0.034546,0.124634,1.086792
0.291626,-0.383789,0.937500
-0.465332,0.062744,0.834595
0.510254,-0.206177,1.106934
-0.148560,-0.321045,0.820312
-0.055176,0.134277,1.056763
0.346191,-0.368652,0.966919
-0.476562,0.009766,0.813843
0.479370,-0.149780,1.122681
-0.114990,-0.321045,0.807373
-0.156494,0.177246,1.040894
0.417114,-0.341309,1.010010
-0.477905,-0.044067,0.790649
0.415527,-0.076294,1.127563
-0.071045,-0.306885,0.837402
-0.248535,0.174316,0.996704
0.465820,-0.326050,1.054321
-0.451416,-0.109741,0.771240
0.335571,-0.009033,1.131714
0.003174,-0.351440,0.838989
-0.332031,0.155762,0.938721
0.501465,-0.319946,1.058472
-0.396851,-0.207275,0.764404
0.232910,0.046265,1.109497
0.098145,-0.370117,0.869019
-0.412231,0.150879,0.903320
0.526001,-0.285889,1.087036
-0.352173,-0.257935,0.760132
0.125366,0.089966,1.091797
0.192261,-0.377441,0.901611
-0.452271,0.114258,0.860229
0.525879,-0.240967,1.084106
-0.272949,-0.281860,0.795288
0.026978,0.120239,1.071411
0.262817,-0.387817,0.917969
-0.482666,0.055298,0.814087
0.497314,-0.215210,1.091187
-0.184326,-0.317261,0.793335
-0.060913,0.131958,1.041138
0.333618,-0.376831,0.945923
-0.504395,0.020630,0.795044
0.464966,-0.161865,1.103516
-0.148804,-0.311157,0.798096
-0.170654,0.158447,1.019409
0.398315,-0.356567,0.986084
-0.498901,-0.039795,0.774658
0.402588,-0.094238,1.112671
-0.105347,-0.306274,0.810547
-0.253906,0.166382,0.978271
0.443359,-0.335327,1.027588
-0.475830,-0.093872,0.759399
0.330078,-0.036621,1.119263
-0.041138,-0.345947,0.810547
-0.334961,0.160400,0.932007
0.472900,-0.322998,1.040649
-0.440674,-0.176880,0.743164
0.241699,0.020630,1.107788
0.050171,-0.367188,0.848999
-0.412720,0.162231,0.904297
0.494263,-0.286865,1.060913
-0.402954,-0.218262,0.746582
0.146362,0.065430,1.088745
0.149902,-0.371216,0.885376
-0.464966,0.131226,0.857910
0.497559,-0.245728,1.069092
-0.339233,-0.273193,0.756714
0.043823,0.093384,1.058472
0.220459,-0.386353,0.904297
-0.492920,0.079224,0.819824
0.485596,-0.221436,1.074829
-0.237671,-0.306030,0.775757
-0.042603,0.112183,1.033691
0.284180,-0.394531,0.917236
-0.514893,0.041748,0.796509
0.457642,-0.174561,1.080078
-0.186035,-0.317017,0.765869
-0.144897,0.150146,1.011475
0.335693,-0.391846,0.937744
-0.516113,-0.007690,0.774292
0.421387,-0.122314,1.095703
-0.150879,-0.284912,0.786987
-0.247803,0.183228,0.987427
0.404785,-0.367065,0.984009
-0.505127,-0.067505,0.762329
0.348389,-0.050903,1.096802
-0.087402,-0.300171,0.804077
-0.329468,0.162842,0.936279
0.441162,-0.356201,1.000977
-0.473877,-0.148560,0.728516
0.270996,-0.004395,1.091431
-0.010010,-0.331787,0.816162
-0.415894,0.185181,0.912964
0.472534,-0.315186,1.035889
-0.442993,-0.222900,0.721558
0.170044,0.022827,1.064331
0.091919,-0.364990,0.855347
-0.480225,0.154175,0.862427
0.476562,-0.266846,1.046997
-0.383179,-0.249756,0.750732
0.073853,0.064697,1.049194
0.176636,-0.380371,0.876709
-0.508911,0.102051,0.815063
0.470215,-0.232544,1.053955
-0.269897,-0.294922,0.763550
-0.027588,0.097656,1.028564
0.249756,-0.395508,0.889648
-0.523560,0.062500,0.785278
0.450928,-0.190552,1.061768
-0.220581,-0.313843,0.749146
-0.142578,0.139282,1.007202
0.321777,-0.397949,0.926514
-0.536865,0.014526,0.764648
0.402954,-0.116211,1.077271
-0.171753,-0.299561,0.770020
-0.249390,0.170776,0.976440
0.378906,-0.376099,0.957153
-0.524170,-0.056152,0.746704
0.345947,-0.067139,1.078613
-0.110352,-0.317993,0.773315
-0.342651,0.192383,0.940186
0.420898,-0.364746,0.981445
-0.507690,-0.131470,0.711304
0.266602,-0.022949,1.075562
-0.030518,-0.335327,0.802124
-0.433960,0.192749,0.896118
0.454468,-0.318848,1.017456
-0.466919,-0.195435,0.716309
0.147827,0.039551,1.051025
0.079712,-0.363037,0.844971
-0.487061,0.149780,0.848877
0.459961,-0.275513,1.027710
-0.380127,-0.251831,0.745361
0.039551,0.085938,1.036255
0.160156,-0.386841,0.855225
-0.523926,0.110962,0.806885
0.448608,-0.241943,1.034302
-0.283081,-0.307739,0.737183
-0.058350,0.105957,1.006836
0.246338,-0.418701,0.874268
-0.554443,0.074097,0.782471
0.437866,-0.185303,1.053467
-0.219849,-0.314941,0.745850
-0.168701,0.152710,0.989990
0.316895,-0.393677,0.914062
-0.549927,0.006104,0.743286
0.386230,-0.132446,1.062622
-0.178467,-0.318604,0.747437
-0.275391,0.178345,0.954224
0.373657,-0.379150,0.946045
-0.542236,-0.058594,0.730103
0.323364,-0.067871,1.065063
-0.115845,-0.325806,0.765869
-0.368286,0.192261,0.918579
0.408081,-0.346558,0.975342
-0.515991,-0.123901,0.709839
0.231812,-0.010132,1.057495
-0.018677,-0.366821,0.796997
-0.471069,0.196899,0.883789
0.435669,-0.314575,1.000244
-0.475464,-0.184937,0.713623
0.119751,0.041626,1.032349
0.089111,-0.374756,0.834229
-0.522949,0.164551,0.837524
0.443970,-0.274536,1.013794
-0.359009,-0.252808,0.746582
0.017578,0.073975,1.013916
0.174805,-0.400635,0.857544
-0.559814,0.118530,0.798218
0.435913,-0.230835,1.014893
-0.267944,-0.338623,0.721802
-0.096802,0.115967,0.974243
0.263794,-0.397949,0.883423
-0.567505,0.054565,0.758179
0.407837,-0.166748,1.044800
-0.213013,-0.321533,0.723511
-0.218872,0.164062,0.965820
0.328613,-0.390137,0.917480
-0.565186,0.005249,0.751099
0.355591,-0.102783,1.055664
-0.161255,-0.339966,0.726929
-0.324829,0.192017,0.922485
0.380859,-0.379517,0.939941
-0.549194,-0.053467,0.719360
0.281982,-0.048096,1.052979
-0.090088,-0.356079,0.764038
-0.417114,0.208252,0.905151
0.412598,-0.346802,0.972778
-0.521851,-0.134521,0.702271
0.175171,0.009888,1.027344
0.010010,-0.360229,0.810547
-0.504272,0.199097,0.860718
0.435303,-0.296509,0.992920
-0.436523,-0.208862,0.727783
0.069092,0.064697,1.023315
0.111206,-0.388550,0.827759
-0.554321,0.176270,0.819458
0.442383,-0.258179,1.010986
-0.325317,-0.287476,0.732544
-0.031738,0.098633,1.006104
0.190552,-0.415894,0.851685
-0.585083,0.119751,0.778809
0.428345,-0.203979,1.014404
-0.251099,-0.299561,0.732300
-0.138794,0.150024,0.989502
0.274170,-0.409912,0.882690
-0.589355,0.062134,0.753540
0.390503,-0.159058,1.030029
-0.206421,-0.316162,0.716553
-0.247437,0.171509,0.953857
0.349609,-0.410522,0.909302
-0.580444,0.002441,0.736450
0.335693,-0.090210,1.029663
-0.153931,-0.339355,0.721313
-0.342163,0.191162,0.906372
0.389160,-0.371826,0.941650
-0.554321,-0.060181,0.700439
0.251709,-0.031494,1.028076
-0.087769,-0.360229,0.757324
-0.440430,0.209473,0.882202
0.417236,-0.325317,0.970581
-0.522949,-0.129761,0.693848
0.158325,0.030396,1.018066
0.020020,-0.368652,0.801880
-0.512573,0.197266,0.852051
0.431519,-0.303955,0.983765
-0.443115,-0.176758,0.726074
0.063354,0.077271,1.013184
0.107544,-0.391235,0.820801
-0.565552,0.184814,0.815918
0.437012,-0.260010,0.996704
-0.342773,-0.246948,0.734375
-0.026001,0.117432,0.998901
0.191284,-0.409912,0.844849
-0.592651,0.142334,0.777222
0.420898,-0.208008,1.001343
-0.258911,-0.300415,0.723389
-0.119751,0.146118,0.985474
0.264404,-0.406128,0.875977
-0.602905,0.092651,0.757812
0.396606,-0.159668,1.020020
-0.209961,-0.325928,0.710327
-0.216187,0.171875,0.957520
0.325684,-0.401245,0.893433
-0.591553,0.048950,0.745728
0.346924,-0.112915,1.029419
-0.164917,-0.345337,0.708740
-0.315430,0.179810,0.910400
0.377930,-0.384766,0.918457
-0.579102,-0.005981,0.715454
0.284302,-0.065552,1.023926
-0.120728,-0.352539,0.737427
-0.403076,0.211792,0.901978
0.411987,-0.354858,0.942871
-0.551025,-0.071167,0.697632
0.195801,0.004272,1.008057
-0.045654,-0.357544,0.775146
-0.477783,0.220947,0.883911
0.425293,-0.311035,0.979858
-0.494263,-0.145752,0.705078
0.102905,0.067017,1.022095
0.045410,-0.383789,0.797729
-0.535156,0.209106,0.843384
0.429443,-0.266724,0.987793
-0.406494,-0.189331,0.744019
0.031494,0.096069,1.001465
0.127930,-0.389771,0.824951
-0.572632,0.181519,0.809448
0.426392,-0.231689,0.996826
-0.313354,-0.258423,0.730103
-0.050293,0.119385,0.986206
0.204468,-0.393799,0.854614
-0.597778,0.139160,0.777222
0.415894,-0.181763,1.006104
-0.247803,-0.310303,0.709229
-0.138062,0.165527,0.977783
0.279053,-0.399902,0.884277
-0.605591,0.101318,0.755127
0.387085,-0.156738,1.004395
-0.200317,-0.324097,0.718140
-0.231079,0.176147,0.936279
0.343628,-0.395508,0.895874
-0.587891,0.050293,0.742065
0.343628,-0.114014,1.016846
-0.151733,-0.347656,0.709473
-0.318359,0.197021,0.904541
0.374268,-0.380249,0.916138
-0.573730,-0.006470,0.715942
0.280518,-0.048706,1.017334
-0.103516,-0.376221,0.726196
-0.399048,0.223999,0.892578
0.406738,-0.347046,0.939941
-0.552490,-0.073364,0.692139
0.195190,0.010864,1.012695
-0.037476,-0.378906,0.757690
-0.476318,0.229614,0.875000
0.432495,-0.310913,0.962524
-0.501709,-0.110352,0.713623
0.119995,0.061035,1.015503
0.047974,-0.383667,0.799194
-0.537109,0.227539,0.849487
0.434692,-0.272949,0.985596
-0.410889,-0.172729,0.734863
0.042969,0.108276,1.015259
0.124878,-0.386230,0.820923
-0.574585,0.196655,0.811401
0.429321,-0.235474,0.984497
-0.324463,-0.256104,0.724121
-0.031616,0.127075,0.994263
0.203125,-0.391113,0.859619
-0.600342,0.161499,0.787964
0.422607,-0.187500,1.000244
-0.246094,-0.295776,0.725952
-0.121460,0.162109,0.975098
0.276001,-0.387085,0.875610
-0.607178,0.128174,0.769165
0.399658,-0.145386,1.009033
-0.191284,-0.332642,0.717529
-0.196777,0.169434,0.948486
0.337280,-0.388184,0.892456
-0.596558,0.086426,0.748901
0.354370,-0.097534,1.017334
-0.139648,-0.365234,0.711792
-0.289551,0.199951,0.910767
0.374146,-0.377441,0.909302
-0.574585,0.024048,0.723633
0.293823,-0.049927,1.007935
-0.094849,-0.403198,0.714600
-0.371216,0.217896,0.891235
0.408936,-0.345581,0.933350
-0.549438,-0.028687,0.719604
0.221558,-0.011963,0.996216
-0.047729,-0.391357,0.746216
-0.450439,0.227539,0.870972
0.426147,-0.312012,0.949463
-0.511230,-0.089111,0.712769
0.143311,0.045288,1.007080
0.020264,-0.386108,0.780396
-0.502319,0.229980,0.853516
0.433472,-0.267090,0.971680
-0.447632,-0.160767,0.723633
0.074829,0.088379,1.005371
0.095337,-0.385620,0.817505
-0.556030,0.206299,0.820312
0.435425,-0.223877,0.988403
-0.355103,-0.194214,0.738281
0.003174,0.133301,1.005249
0.174316,-0.388306,0.841797
-0.580688,0.184570,0.800415
0.431274,-0.187988,0.996216
-0.270142,-0.244995,0.742554
-0.084961,0.168579,0.968872
0.252930,-0.388916,0.872681
-0.592773,0.145752,0.775757
0.419434,-0.158691,1.009155
-0.206787,-0.286987,0.733032
-0.161255,0.185547,0.947510
0.313354,-0.392456,0.883423
-0.590820,0.109131,0.761841
0.394409,-0.129272,1.010376
-0.145752,-0.341675,0.726074
-0.255737,0.197632,0.911987
0.364014,-0.373169,0.907715
-0.580688,0.057617,0.746460
0.341675,-0.082275,1.012939
-0.114624,-0.372314,0.710449
-0.314087,0.201294,0.896240
0.395142,-0.353882,0.921875
-0.555054,-0.006470,0.721680
0.269043,-0.032349,0.995239
-0.056763,-0.398926,0.728271
-0.395142,0.214355,0.869507
0.418335,-0.313354,0.947144
-0.528442,-0.060547,0.711548
0.188110,0.013672,1.002075
-0.002075,-0.400635,0.762451
-0.458130,0.214722,0.851562
0.430420,-0.269897,0.963501
-0.483887,-0.110229,0.723755
0.119751,0.067627,1.010864
0.060913,-0.400269,0.796143
-0.514404,0.213379,0.828125
0.438843,-0.243530,0.978760
-0.413452,-0.140869,0.747070
0.057983,0.112793,1.014771
0.128662,-0.387451,0.832153
-0.554688,0.197266,0.802368
0.445923,-0.210938,0.994141
-0.332397,-0.203491,0.736328
-0.016846,0.145264,0.993774
0.200439,-0.386963,0.853882
-0.585693,0.174561,0.781494
0.435791,-0.188721,0.999268
-0.257324,-0.253540,0.735962
-0.088745,0.175781,0.976440
0.269775,-0.386841,0.873779
-0.593994,0.149658,0.775391
0.425415,-0.160522,1.015625
-0.185425,-0.296387,0.734863
-0.161621,0.184570,0.947998
0.328613,-0.395386,0.887207
-0.591309,0.102539,0.758179
0.394897,-0.127930,1.009644
-0.131592,-0.346436,0.723633
-0.236328,0.193359,0.911011
0.369751,-0.379761,0.907471
-0.572266,0.067261,0.744263
0.344727,-0.081055,1.004395
-0.085449,-0.369629,0.731689
-0.308472,0.205078,0.887329
0.398438,-0.349487,0.916260
-0.553467,0.004150,0.732178
0.285034,-0.035889,0.996826
-0.056152,-0.373169,0.731934
-0.369507,0.203369,0.869141
0.422119,-0.322998,0.940674
-0.529541,-0.059570,0.715210
0.211182,0.007690,1.002686
0.000610,-0.393066,0.755981
-0.428711,0.198242,0.844971
0.433716,-0.281006,0.963745
-0.487061,-0.101562,0.728638
0.136597,0.065674,1.010864
0.048218,-0.393921,0.784302
-0.482056,0.195068,0.830933
0.445312,-0.247559,0.977539
-0.435303,-0.145752,0.734497
0.081055,0.096069,1.005493
0.104126,-0.401245,0.813110
-0.535400,0.190430,0.810913
0.452515,-0.228271,0.990479
-0.359863,-0.150146,0.751221
0.014771,0.137695,1.005127
0.181030,-0.412842,0.830200
-0.568115,0.182617,0.794922
0.452637,-0.200562,0.995972
-0.291504,-0.202515,0.752319
-0.056030,0.177246,0.980347
0.245361,-0.416016,0.859375
-0.582520,0.151123,0.772339
0.441772,-0.179443,1.009644
-0.214233,-0.244995,0.754272
-0.120361,0.200073,0.975708
0.308105,-0.417725,0.874756
-0.587402,0.129395,0.775757
0.423462,-0.148315,1.017700
-0.151733,-0.296997,0.753052
-0.179443,0.194946,0.936035
0.351929,-0.399780,0.893921
-0.588257,0.083374,0.755127
0.390259,-0.113159,1.008545
-0.101318,-0.350220,0.736206
-0.242554,0.200928,0.909302
0.384644,-0.362671,0.914795
-0.559204,0.034424,0.752930
0.334839,-0.082520,1.001831
-0.054321,-0.385620,0.741821
-0.303589,0.201294,0.879028
0.405273,-0.336182,0.929199
-0.540039,-0.025635,0.730957
0.282471,-0.050415,0.994751
-0.031494,-0.404907,0.744751
-0.364380,0.185181,0.851440
0.427124,-0.301270,0.951782
-0.512939,-0.070435,0.724854
0.211304,-0.000732,0.997925
0.019165,-0.425659,0.754272
-0.421997,0.181274,0.837036
0.438354,-0.282593,0.963013
-0.482300,-0.099731,0.735962
0.144775,0.053589,1.012207
0.064941,-0.422363,0.783569
-0.471069,0.188843,0.819092
0.450439,-0.255127,0.974976
-0.437500,-0.141968,0.738159
0.087646,0.090088,1.015381
0.119507,-0.424316,0.806274
-0.525757,0.176147,0.799194
0.459717,-0.238403,0.984009
-0.370117,-0.153931,0.753052
0.025391,0.141235,1.011108
0.179443,-0.430786,0.826782
-0.553101,0.162598,0.783081
0.459106,-0.213745,0.997559
-0.298706,-0.191406,0.752319
-0.041260,0.164062,0.991577
0.246704,-0.432495,0.854858
-0.575195,0.129639,0.767578
0.444214,-0.182983,1.015991
-0.220215,-0.233765,0.764771
-0.108643,0.190186,0.974976
0.297607,-0.434570,0.875122
-0.580811,0.108643,0.770020
0.430786,-0.164185,1.013184
-0.155396,-0.282471,0.761963
-0.169434,0.183105,0.937134
0.343262,-0.406006,0.883301
-0.566772,0.067017,0.762939
0.394287,-0.124512,1.009766
-0.092163,-0.341553,0.759521
-0.237305,0.193237,0.899658
0.380493,-0.384888,0.905029
-0.543945,0.027100,0.750854
0.344482,-0.083130,1.003784
-0.045898,-0.367798,0.742798
-0.292969,0.179688,0.867310
0.410400,-0.349731,0.928711
-0.530762,-0.034790,0.740479
0.284058,-0.052246,0.994995
-0.001099,-0.418945,0.747070
-0.359375,0.177856,0.841309
0.434814,-0.316528,0.953369
-0.502686,-0.078857,0.729492
0.210938,-0.008545,0.998047
0.042236,-0.437622,0.755737
-0.415405,0.173218,0.820068
0.444092,-0.286621,0.963867
-0.471802,-0.128418,0.725220
0.151978,0.041504,1.008545
0.078979,-0.443726,0.775635
-0.474731,0.163940,0.798950
0.457886,-0.276489,0.965088
-0.419434,-0.132690,0.749756
0.081177,0.086426,1.008911
0.134521,-0.440918,0.816040
-0.524780,0.162720,0.785645
0.453735,-0.248779,0.980713
-0.356812,-0.194580,0.744019
0.011719,0.123169,1.005127
0.205322,-0.440063,0.840820
-0.551270,0.134033,0.761963
0.453857,-0.218384,0.992432
-0.281860,-0.201904,0.771973
-0.055298,0.153198,0.990723
0.260132,-0.450928,0.860474
-0.560181,0.105103,0.763306
0.441040,-0.183960,1.006470
-0.197632,-0.247925,0.770752
-0.116333,0.162109,0.962158
0.318604,-0.438965,0.883423
-0.566650,0.091064,0.765015
0.416016,-0.153198,1.009888
-0.117065,-0.308716,0.778198
-0.311768,0.193970,0.871948
0.397217,-0.358276,0.921997
-0.533569,-0.029663,0.728638
0.275757,-0.034302,0.996094
-0.030518,-0.392700,0.739990
-0.375977,0.193970,0.858276
0.421631,-0.314941,0.943604
-0.514526,-0.070923,0.730225
0.205078,0.008057,0.996704
0.012329,-0.394775,0.760742
-0.440186,0.206787,0.837036
0.435181,-0.291504,0.961426
-0.480591,-0.123047,0.726562
0.136841,0.060669,1.016235
0.061768,-0.401978,0.787842
-0.496094,0.210083,0.829956
0.447632,-0.244873,0.979492
-0.411499,-0.154175,0.739014
0.069946,0.099854,1.014282
0.126221,-0.404541,0.821289
-0.543579,0.203491,0.800049
0.447388,-0.215820,0.991089
-0.337036,-0.185791,0.745361
0.000610,0.132812,1.000977
0.195923,-0.406616,0.846802
-0.572632,0.181274,0.780762
0.451782,-0.192871,1.004395
-0.259277,-0.217773,0.756714
-0.067749,0.174561,0.985229
0.258301,-0.416016,0.866333
-0.589478,0.152588,0.778687
0.438599,-0.171021,1.007935
-0.183228,-0.266357,0.764160
-0.134155,0.177368,0.956909
0.319702,-0.401978,0.890625
-0.579468,0.121704,0.770752
0.411133,-0.131592,1.010376
-0.120972,-0.315308,0.762695
-0.199829,0.172119,0.925659
0.351685,-0.388062,0.902344
-0.564209,0.081177,0.766724
0.370483,-0.096436,1.010010
-0.080933,-0.366821,0.746216
-0.267578,0.183350,0.890015
0.389282,-0.370117,0.923706
-0.552124,0.000854,0.738647
0.323975,-0.058105,1.000000
-0.043091,-0.394409,0.730103
-0.337158,0.184082,0.864502
0.422607,-0.341064,0.935913
-0.525269,-0.053223,0.725830
0.246582,-0.010986,0.992432
0.004272,-0.411255,0.746582
-0.391724,0.185669,0.844849
0.430786,-0.317017,0.949585
-0.499756,-0.093140,0.734985
0.179932,0.028442,1.001953
0.049805,-0.414795,0.768066
-0.441895,0.167969,0.817505
0.442017,-0.276245,0.972046
-0.452393,-0.143066,0.724731
0.117432,0.070435,1.008911
0.095703,-0.420166,0.798340
-0.495117,0.166870,0.803101
0.452393,-0.243164,0.989014
-0.392944,-0.165771,0.743896
0.049927,0.122559,1.011475
0.150269,-0.410400,0.825928
-0.533569,0.158325,0.785400
0.455933,-0.217163,0.995483
-0.326538,-0.200806,0.753906
-0.023804,0.160522,1.000244
0.216919,-0.432373,0.838379
-0.557373,0.129028,0.770386
0.448242,-0.197510,1.007568
-0.249146,-0.221802,0.760742
-0.082886,0.175537,0.973877
0.276978,-0.442871,0.859131
-0.578125,0.111816,0.765503
0.441772,-0.172485,1.016113
-0.178589,-0.264526,0.770508
-0.131226,0.188232,0.956299
0.321777,-0.429077,0.880737
-0.577148,0.089355,0.762451
0.416016,-0.154785,1.021606
-0.119263,-0.319458,0.771729
-0.186279,0.190552,0.939087
0.358032,-0.400024,0.905273
-0.562500,0.062866,0.759033
0.386963,-0.127808,1.017090
-0.065796,-0.372314,0.756714
-0.244629,0.177368,0.905151
0.390625,-0.370239,0.921021
-0.545410,0.008667,0.737549
0.339478,-0.086548,1.007202
-0.027588,-0.407227,0.747192
-0.307617,0.187622,0.876099
0.420044,-0.364868,0.930908
-0.532959,-0.029663,0.737793
0.282837,-0.052002,0.991943
0.012085,-0.436157,0.745483
-0.360229,0.182373,0.854370
0.434204,-0.334351,0.947998
-0.508301,-0.080933,0.723022
0.223022,-0.014038,1.002197
0.057495,-0.468628,0.755249
-0.412476,0.179321,0.838623
0.451782,-0.311523,0.959106
-0.480591,-0.097900,0.741089
0.161987,0.024292,1.005615
0.080444,-0.460205,0.766357
-0.457520,0.171387,0.812134
0.463379,-0.293701,0.966064
-0.442749,-0.127930,0.737549
0.106201,0.071777,1.014893
0.118652,-0.469116,0.789795
-0.500488,0.154175,0.792725
0.470459,-0.278320,0.985718
-0.396118,-0.142944,0.748047
0.050415,0.109131,1.002197
0.169312,-0.462280,0.811768
-0.524292,0.123535,0.778687
0.473877,-0.251343,0.987671
-0.338379,-0.173218,0.763062
-0.007568,0.141357,1.004150
0.225220,-0.458374,0.841309
-0.538086,0.104370,0.770386
0.461548,-0.233154,0.993042
-0.271851,-0.198242,0.775757
-0.059937,0.157715,0.981201
0.266602,-0.450928,0.862671
-0.552368,0.082520,0.755249
0.446045,-0.214478,1.006958
-0.213867,-0.221680,0.780518
-0.112183,0.169800,0.963623
0.310059,-0.438354,0.885132
-0.558350,0.073242,0.765869
0.422607,-0.169189,1.007568
-0.134399,-0.272583,0.794067
-0.156128,0.164551,0.940796
0.347168,-0.418457,0.902710
-0.547974,0.039673,0.761475
0.398682,-0.143677,1.011841
-0.088989,-0.322632,0.780029
-0.217407,0.164551,0.920532
0.384888,-0.404419,0.928467
-0.530640,-0.008423,0.755493
0.350952,-0.095703,1.016357
-0.031494,-0.400269,0.764526
-0.275757,0.176392,0.892456
0.412476,-0.387207,0.938965
-0.516235,-0.053589,0.737305
0.299072,-0.061035,1.006470
0.007080,-0.432739,0.766357
-0.336060,0.169556,0.857788
0.436157,-0.369751,0.947388
-0.495605,-0.084229,0.740723
0.242310,-0.020386,1.011719
0.051636,-0.446533,0.764404
-0.390747,0.163696,0.838989
0.457275,-0.360474,0.953735
-0.476196,-0.119507,0.741089
0.186523,0.016113,1.019043
0.095459,-0.448608,0.773926
-0.432373,0.156006,0.816650
0.461304,-0.336426,0.969482
-0.438721,-0.165649,0.737305
0.132446,0.056030,1.019287
0.125488,-0.450317,0.793213
-0.470459,0.143921,0.795410
0.467896,-0.313843,0.970825
-0.395752,-0.196533,0.735718
0.064819,0.077515,1.010010
0.182495,-0.451172,0.827515
-0.514038,0.119873,0.774048
0.468506,-0.286865,0.990967
-0.336304,-0.194580,0.766846
-0.012817,0.120239,1.004028
0.245239,-0.467285,0.840454
-0.531128,0.097656,0.764282
0.468018,-0.256348,0.999390
-0.257324,-0.211548,0.797485
-0.078613,0.141602,0.979980
0.295532,-0.437134,0.882080
-0.535278,0.068726,0.765747
0.435791,-0.213745,1.018188
-0.163452,-0.273193,0.792847
-0.145386,0.151123,0.954834
0.342529,-0.421509,0.902344
-0.532349,0.035400,0.767212
0.405273,-0.148071,1.025879
-0.080566,-0.331055,0.798828
-0.214600,0.151001,0.927124
0.383423,-0.421143,0.912842
-0.522095,-0.016113,0.751953
0.355225,-0.086792,1.021484
-0.007446,-0.391846,0.784058
-0.280151,0.152832,0.888184
0.425171,-0.409302,0.940796
-0.500977,-0.081299,0.747925
0.281372,-0.044800,1.014038
0.044312,-0.424927,0.779541
-0.353516,0.140381,0.850464
0.460205,-0.382202,0.953857
-0.474609,-0.133301,0.740479
0.202026,-0.008301,1.003296
0.091064,-0.445435,0.786011
-0.404907,0.129639,0.826172
0.471802,-0.348389,0.975586
-0.430664,-0.165649,0.754272
0.122437,0.037476,1.015015
0.132202,-0.446655,0.805664
-0.462158,0.126709,0.803345
0.487061,-0.307251,0.994141
-0.364990,-0.215210,0.752075
0.031982,0.094971,1.012939
0.216064,-0.473877,0.828125
-0.508667,0.086792,0.759277
0.479370,-0.266479,1.010254
-0.290405,-0.220459,0.778076
-0.041016,0.127930,1.007202
0.288940,-0.477539,0.864746
-0.530762,0.065430,0.753174
0.443481,-0.211304,1.017578
-0.187012,-0.237305,0.808105
-0.104126,0.150391,0.998657
0.340820,-0.464355,0.897949
-0.543701,0.060059,0.766479
0.417114,-0.165771,1.027954
-0.104736,-0.300415,0.801147
-0.173218,0.155884,0.959106
0.396362,-0.440186,0.932129
-0.525146,-0.006836,0.763428
0.360962,-0.111816,1.020142
-0.025024,-0.377563,0.795532
-0.242188,0.145874,0.916992
0.437744,-0.402222,0.961670
-0.497070,-0.066040,0.760620
0.298218,-0.075684,1.024170
0.045288,-0.442871,0.785400
-0.320312,0.138062,0.883057
0.468994,-0.372681,0.983154
-0.463257,-0.113037,0.760864
0.235718,-0.023193,1.025024
0.084839,-0.475952,0.779663
-0.373901,0.120728,0.851440
0.482178,-0.349487,0.987427
-0.437500,-0.141479,0.757324
0.179443,0.028809,1.029175
0.125610,-0.459351,0.807495
-0.444214,0.114136,0.817993
0.498657,-0.323853,1.014893
-0.380981,-0.195557,0.749023
0.108398,0.081909,1.036987
0.195679,-0.455200,0.846069
-0.473022,0.092041,0.789917
0.497803,-0.328613,1.000366
-0.335327,-0.218628,0.766602
0.037964,0.108521,1.035156
0.257935,-0.458740,0.875977
-0.495605,0.066772,0.768677
0.476318,-0.296021,1.009277
-0.273438,-0.262329,0.776245
-0.027100,0.138916,1.020874
0.311523,-0.456909,0.892700
-0.515503,0.066284,0.778076
0.461060,-0.253662,1.015869
-0.216797,-0.269531,0.799194
-0.079224,0.141357,1.006104
0.354980,-0.442261,0.925781
-0.527100,0.060791,0.773071
0.439941,-0.190308,1.041382
-0.138306,-0.299194,0.805908
-0.130493,0.138062,0.988037
0.388550,-0.434814,0.940186
-0.517578,0.039062,0.779297
0.412598,-0.147705,1.039062
-0.080200,-0.310181,0.822266
-0.178101,0.148071,0.969971
0.415894,-0.428223,0.954346
-0.501953,-0.017334,0.773560
0.381104,-0.109985,1.047241
-0.025024,-0.352539,0.824097
-0.227173,0.146851,0.952026
0.446045,-0.420288,0.972534
-0.477295,-0.063477,0.771362
0.352173,-0.080688,1.050659
0.031006,-0.388672,0.828613
-0.264038,0.141479,0.927246
0.465332,-0.393799,0.980591
-0.461426,-0.099854,0.762817
0.315918,-0.060913,1.045410
0.070190,-0.413208,0.823486
-0.298828,0.142700,0.916138
0.481567,-0.387573,0.994507
-0.446045,-0.134644,0.765259
0.280640,-0.034912,1.041870
0.089966,-0.425537,0.821899
-0.323975,0.144897,0.901001
0.495728,-0.375122,1.003418
-0.428101,-0.162231,0.763794
0.246826,-0.011719,1.053101
0.104248,-0.427002,0.822388
-0.351440,0.144409,0.897949
0.507324,-0.363281,1.012817
-0.415405,-0.177002,0.756714
0.213745,0.007324,1.051147
0.116455,-0.419800,0.828613
-0.366089,0.137817,0.875488
0.518311,-0.331177,1.028442
-0.402710,-0.176147,0.768433
0.185181,0.019775,1.047729
0.146729,-0.439819,0.841675
-0.390015,0.124756,0.859009
0.516357,-0.333862,1.031494
-0.382935,-0.204956,0.764404
0.163086,0.031006,1.053833
0.177246,-0.451416,0.842651
-0.404663,0.132202,0.857910
0.528076,-0.326538,1.028687
-0.363281,-0.211182,0.766602
0.143799,0.049927,1.047485
0.203125,-0.459473,0.860352
-0.419189,0.109375,0.837524
0.534546,-0.310303,1.044312
-0.348511,-0.206299,0.758057
0.128784,0.059570,1.053467
0.227661,-0.465576,0.866577
-0.412231,0.090088,0.825684
0.522949,-0.301270,1.041748
-0.335083,-0.204224,0.787842
0.112671,0.072632,1.048584
0.241333,-0.467651,0.872803
-0.424561,0.090820,0.828369
0.532227,-0.292725,1.049561
-0.326904,-0.223145,0.781372
0.095459,0.068481,1.043335
0.254883,-0.469849,0.885986
-0.423218,0.070190,0.817017
0.527466,-0.276978,1.052612
-0.320312,-0.187744,0.800415
0.091797,0.077759,1.054810
0.272339,-0.481567,0.887085
-0.432495,0.077637,0.827759
0.529541,-0.269775,1.061523
-0.312744,-0.200806,0.793945
0.087402,0.092285,1.048340
0.276489,-0.494507,0.894775
-0.435791,0.076172,0.817261
0.534668,-0.284790,1.059692
-0.309692,-0.212646,0.790161
0.087036,0.088135,1.057129
0.287964,-0.489868,0.890625
-0.436279,0.074219,0.828735
0.528320,-0.277954,1.062256
-0.304077,-0.206787,0.796875
0.096558,0.085205,1.064941
0.280029,-0.496826,0.895874
-0.429321,0.081299,0.834961
0.541382,-0.276123,1.061157
-0.305420,-0.213623,0.795654
0.097656,0.095825,1.066528
0.283569,-0.485840,0.898071
-0.423950,0.084595,0.837891
0.540527,-0.273071,1.063110
-0.309448,-0.203247,0.794312
0.101562,0.093384,1.056152
0.273804,-0.477051,0.900513
-0.418091,0.068848,0.833008
0.541382,-0.285400,1.068115
-0.308105,-0.200073,0.799316
0.114258,0.091187,1.076294
0.271851,-0.479004,0.900879
-0.405029,0.086670,0.846558
0.541138,-0.286133,1.064087
-0.320923,-0.198364,0.800659
0.131714,0.074097,1.076538
0.268433,-0.480225,0.901733
-0.401001,0.104248,0.855957
0.556274,-0.300049,1.072021
-0.333984,-0.199951,0.782959
0.153320,0.072998,1.074829
0.255249,-0.473145,0.907349
-0.389648,0.110596,0.868408
0.552979,-0.301758,1.073975
-0.342407,-0.202393,0.781860
0.174927,0.057739,1.077637
0.239990,-0.455078,0.897461
-0.371826,0.124023,0.890015
0.554810,-0.297974,1.072266
-0.351685,-0.197266,0.785645
0.194214,0.046265,1.088135
0.214111,-0.444336,0.897583
-0.360840,0.141357,0.911621
0.562256,-0.309570,1.078125
-0.365356,-0.184448,0.781738
0.215454,0.025513,1.084229
0.199463,-0.434570,0.900757
-0.342529,0.150391,0.927490
0.561157,-0.312988,1.086914
-0.374512,-0.159424,0.797852
0.257812,0.013916,1.097412
0.179932,-0.425171,0.900146
-0.336060,0.178101,0.954224
0.553589,-0.327759,1.080933
-0.381592,-0.153198,0.802979
0.285400,-0.005737,1.106445
0.147583,-0.401367,0.898804
-0.317505,0.190674,0.972290
0.550659,-0.329712,1.076294
-0.400146,-0.149658,0.792358
0.311890,-0.020874,1.104492
0.126099,-0.390503,0.901978
-0.286499,0.200806,0.983398
0.542969,-0.318726,1.074097
-0.392578,-0.131348,0.792236
0.345703,-0.033203,1.119385
0.107788,-0.382690,0.896851
-0.261719,0.219238,1.003296
0.527344,-0.328003,1.060425
-0.401245,-0.127075,0.796509
0.367065,-0.045776,1.124268
0.093262,-0.364136,0.894287
-0.238892,0.206177,1.003418
0.535034,-0.343384,1.069214
-0.418213,-0.100098,0.799683
0.389648,-0.058350,1.132935
0.088135,-0.366211,0.902344
-0.208374,0.201538,1.020752
0.511719,-0.349487,1.064819
-0.418701,-0.084717,0.799561
0.416626,-0.068481,1.140503
0.062744,-0.339966,0.900879
-0.184570,0.218384,1.043335
0.506958,-0.361816,1.052246
-0.426025,-0.064697,0.816772
0.436890,-0.080322,1.141235
0.047241,-0.335449,0.911865
-0.164551,0.201904,1.041260
0.493774,-0.366943,1.056152
-0.440186,-0.041626,0.819580
0.451538,-0.088135,1.143677
0.039429,-0.337769,0.902344
-0.137695,0.205566,1.063354
0.486084,-0.365112,1.042480
-0.439453,-0.027222,0.830566
0.468628,-0.106201,1.146240
0.010132,-0.309814,0.906128
-0.124512,0.212646,1.064453
0.481323,-0.370361,1.041016
-0.436646,-0.010132,0.840698
0.484131,-0.119995,1.151489
-0.009521,-0.299561,0.905396
-0.108398,0.207764,1.063599
0.470215,-0.373657,1.030640
-0.440796,-0.011597,0.842041
0.495239,-0.123779,1.152100
-0.021606,-0.299927,0.903564
-0.098999,0.206543,1.072510
0.472412,-0.390625,1.031860
-0.441895,-0.009399,0.835815
0.500000,-0.124756,1.157959
-0.038818,-0.277344,0.903564
-0.089355,0.203491,1.075684
0.464355,-0.395508,1.022217
-0.435791,-0.007202,0.846069
0.506592,-0.136230,1.145630
-0.054810,-0.266968,0.904541
-0.081787,0.198853,1.073364
0.461914,-0.386475,1.032715
-0.437622,0.000244,0.840210
0.513306,-0.124878,1.157959
-0.056641,-0.273315,0.896973
-0.070801,0.195801,1.082275
0.454346,-0.389038,1.026001
-0.435303,-0.000977,0.843994
0.518433,-0.133423,1.159180
-0.057007,-0.272705,0.899902
-0.076904,0.199463,1.083862
0.458374,-0.395752,1.030151
-0.434814,0.000244,0.846313
0.527588,-0.134644,1.157715
-0.056519,-0.269043,0.905762
-0.073975,0.192017,1.076294
0.455933,-0.390747,1.031738
-0.428833,0.007812,0.849976
0.529785,-0.144287,1.156738
-0.057495,-0.260864,0.895874
-0.069458,0.197998,1.073486
0.457275,-0.384155,1.032837
-0.440796,-0.001343,0.848755
0.522827,-0.134644,1.158081
-0.039307,-0.267090,0.911377
-0.070557,0.195557,1.083496
0.457764,-0.392578,1.034790
-0.427734,-0.006714,0.851685
0.517456,-0.115479,1.163086
-0.028687,-0.280273,0.908569
-0.077637,0.198608,1.094971
0.461182,-0.391724,1.037231
-0.429443,0.000488,0.856689
0.517700,-0.117065,1.166382
-0.022827,-0.294678,0.905884
-0.087891,0.216675,1.093506
0.468506,-0.388916,1.041504
-0.439087,-0.005981,0.846436
0.511719,-0.117676,1.168091
-0.006958,-0.291016,0.905518
-0.090820,0.216675,1.089844
0.476196,-0.376831,1.041626
-0.431274,-0.012085,0.846680
0.501709,-0.100586,1.168457
0.012695,-0.308594,0.912842
-0.115723,0.223267,1.086914
0.483765,-0.365723,1.051514
-0.435059,-0.030396,0.839478
0.490845,-0.093262,1.168213
0.018799,-0.305786,0.905029
-0.137695,0.229004,1.076904
0.502075,-0.355835,1.062256
-0.436157,-0.043823,0.828735
0.468750,-0.067017,1.174194
0.022339,-0.322998,0.901245
-0.162354,0.244751,1.088013
0.527344,-0.348999,1.089844
-0.433716,-0.055908,0.823242
0.445923,-0.047729,1.173340
0.037231,-0.332397,0.905640
-0.194214,0.224731,1.063843
0.539307,-0.320312,1.109375
-0.423950,-0.081909,0.815796
0.405518,-0.015869,1.168335
0.063477,-0.328857,0.914917
-0.234497,0.221313,1.050415
0.563232,-0.312988,1.122925
-0.407227,-0.121948,0.811890
0.361816,0.007080,1.161255
0.096680,-0.344604,0.925659
-0.270142,0.200195,1.019775
0.571899,-0.292114,1.136108
-0.371948,-0.157959,0.817383
0.315430,0.040283,1.163696
0.148804,-0.349609,0.932739
-0.300903,0.179932,0.986084
0.583740,-0.278687,1.128296
-0.328369,-0.198120,0.821777
0.265015,0.066650,1.156616
0.192261,-0.369873,0.932617
-0.335083,0.146851,0.941895
0.596069,-0.265015,1.142578
-0.293945,-0.218140,0.829224
0.198975,0.100586,1.145142
0.253418,-0.409912,0.942139
-0.360962,0.114380,0.911865
0.590698,-0.242554,1.142578
-0.261719,-0.238770,0.841675
0.140259,0.119385,1.135620
0.307007,-0.413940,0.969971
-0.406494,0.108276,0.891235
0.577148,-0.199341,1.162964
-0.223877,-0.243286,0.847534
0.076782,0.134766,1.124268
0.349121,-0.404175,0.988037
-0.421387,0.080933,0.874878
0.561035,-0.167603,1.154907
-0.167725,-0.263428,0.856567
0.004028,0.168823,1.109863
0.395996,-0.398071,1.009277
-0.438232,0.057861,0.867676
0.538818,-0.124268,1.172607
-0.087769,-0.294922,0.870239
-0.048218,0.162720,1.098145
0.429932,-0.378418,1.032715
-0.437866,0.008667,0.852905
0.508789,-0.077759,1.179688
-0.042847,-0.293335,0.866455
-0.115112,0.191528,1.079102
0.475220,-0.369263,1.052490
-0.448364,-0.030640,0.830688
0.462769,-0.041992,1.177979
-0.006226,-0.315552,0.867310
-0.204834,0.203857,1.055664
0.521362,-0.339600,1.094238
-0.416992,-0.088867,0.816040
0.399658,-0.005371,1.168945
0.051880,-0.299927,0.893921
-0.272583,0.187988,1.005249
0.563721,-0.320923,1.107910
-0.367188,-0.168213,0.823730
0.304810,0.039185,1.150024
0.139526,-0.343872,0.913574
-0.340210,0.145386,0.939819
0.572876,-0.292480,1.126587
-0.311035,-0.242188,0.822266
0.207031,0.089111,1.140747
0.229858,-0.379517,0.941895
-0.413452,0.111328,0.894043
0.565063,-0.258667,1.124634
-0.235229,-0.288330,0.832886
0.090088,0.132080,1.113159
0.309570,-0.361328,0.965454
-0.432983,0.074463,0.861206
0.544800,-0.190552,1.140747
-0.149658,-0.321777,0.844360
-0.001953,0.151123,1.088623
0.372070,-0.352905,1.000122
-0.446045,0.003784,0.833008
0.511230,-0.140015,1.155884
-0.061890,-0.349731,0.838379
-0.101440,0.172852,1.060547
0.432983,-0.326904,1.035278
-0.449097,-0.023193,0.820312
0.459839,-0.072266,1.166016
-0.026733,-0.347656,0.848511
-0.227905,0.200562,1.038940
0.500854,-0.309204,1.076294
-0.418213,-0.095947,0.803467
0.352661,0.008911,1.154541
0.069458,-0.367310,0.876465
-0.304810,0.158081,0.964844
0.534546,-0.286499,1.100586
-0.351562,-0.186523,0.792847
0.243896,0.076782,1.149170
0.175903,-0.390259,0.908569
-0.393311,0.125488,0.916504
0.550171,-0.265625,1.111206
-0.301880,-0.236450,0.806152
0.128052,0.111084,1.120117
0.261108,-0.373901,0.946777
-0.437012,0.081421,0.872681
0.548706,-0.214600,1.132812
-0.228394,-0.277954,0.807373
0.010620,0.137695,1.074219
0.339478,-0.359009,0.976807
-0.448120,0.009521,0.837891
0.509766,-0.168701,1.134888
-0.107666,-0.324951,0.822388
-0.101562,0.153198,1.044800
0.406860,-0.324707,1.015381
-0.451782,-0.061035,0.803467
0.446289,-0.104858,1.144409
-0.076050,-0.336060,0.833252
-0.219238,0.187256,1.010132
0.472412,-0.318604,1.055908
-0.440918,-0.086670,0.797485
0.359375,-0.034668,1.135498
0.005493,-0.346558,0.855103
-0.296875,0.166260,0.963379
0.510132,-0.288574,1.064941
-0.394165,-0.161865,0.778320
0.273804,0.035156,1.140747
0.098145,-0.382568,0.873291
-0.380249,0.146240,0.919678
0.570679,-0.207397,1.142456
-0.339478,-0.222900,0.790771
0.061768,0.171021,1.129272
0.188965,-0.396606,0.900757
-0.432373,0.051147,0.868164
0.543579,-0.176147,1.146729
-0.124023,-0.264893,0.874512
-0.012329,0.178223,1.104004
0.411743,-0.369751,1.023193
-0.457520,0.014893,0.842163
0.518188,-0.141113,1.166016
-0.025391,-0.328247,0.880493
-0.084839,0.186768,1.086670
0.440674,-0.339600,1.043823
-0.445557,-0.026001,0.828247
0.480591,-0.100098,1.172485
-0.017944,-0.326660,0.875854
-0.162598,0.188110,1.058105
0.494385,-0.319824,1.074707
-0.431030,-0.063965,0.825073
0.424194,-0.033447,1.170288
0.026123,-0.343994,0.889404
-0.225586,0.185059,1.034546
0.526978,-0.305054,1.101685
-0.409912,-0.115967,0.805786
0.367554,0.000977,1.162720
0.062378,-0.345215,0.887817
-0.280640,0.174927,0.985107
0.557495,-0.316650,1.099365
-0.373413,-0.167480,0.810059
0.293701,0.045776,1.151978
0.126099,-0.354370,0.908447
-0.326416,0.164185,0.942749
0.567261,-0.291992,1.116943
-0.341797,-0.209717,0.809326
0.244385,0.059692,1.147339
0.178589,-0.389282,0.912231
-0.374512,0.157104,0.926636
0.571289,-0.286011,1.104492
-0.312622,-0.235840,0.815796
0.173584,0.094604,1.126709
0.226074,-0.402832,0.925903
-0.401611,0.133423,0.894775
0.567993,-0.252197,1.121704
-0.279907,-0.253540,0.816528
0.114868,0.107544,1.113647
0.270020,-0.396240,0.944458
-0.426025,0.099731,0.870117
0.558472,-0.226440,1.127319
-0.252319,-0.275757,0.819214
0.074829,0.108765,1.109985
0.303345,-0.379517,0.953979
-0.448486,0.101929,0.860718
0.550537,-0.215332,1.125122
-0.202026,-0.282959,0.835449
0.017334,0.133789,1.087036
0.338013,-0.376709,0.973755
-0.448120,0.050049,0.851685
0.535645,-0.177490,1.135376
-0.144287,-0.298828,0.835327
-0.037476,0.137939,1.062866
0.375977,-0.374512,0.979004
-0.464478,0.023804,0.828979
0.505493,-0.164307,1.136353
-0.096680,-0.321167,0.837769
-0.089600,0.151733,1.051392
0.396973,-0.348267,0.992920
-0.472168,0.005737,0.816040
0.481934,-0.135864,1.143799
-0.089233,-0.336426,0.817139
-0.147705,0.170776,1.041504
0.426025,-0.340088,1.014893
-0.472290,-0.030029,0.807129
0.448853,-0.095581,1.146362
-0.074097,-0.329712,0.833740
-0.207764,0.180664,1.028564
0.458862,-0.343140,1.034546
-0.470825,-0.044434,0.793823
0.406738,-0.063477,1.144409
-0.049072,-0.308105,0.846680
-0.258423,0.186646,1.002441
0.477783,-0.339355,1.052490
-0.457153,-0.087769,0.788818
0.359985,-0.035034,1.143188
-0.012695,-0.332520,0.853638
-0.291016,0.171753,0.971924
0.500732,-0.328125,1.053711
-0.439697,-0.120850,0.767822
0.312256,-0.002319,1.135742
0.040405,-0.348267,0.848755
-0.337036,0.174561,0.942261
0.517822,-0.309082,1.060425
-0.417114,-0.181641,0.756958
0.261475,0.028687,1.125854
0.086060,-0.373535,0.863281
-0.380371,0.173096,0.921631
0.518433,-0.288452,1.076294
-0.387695,-0.200073,0.763916
0.206909,0.051270,1.105835
0.120850,-0.393066,0.873779
-0.415283,0.141724,0.900635
0.520752,-0.289062,1.077637
-0.387085,-0.212891,0.763550
0.161987,0.066895,1.096680
0.152222,-0.400269,0.882446
-0.432861,0.138916,0.891113
0.510254,-0.279663,1.071533
-0.368774,-0.223999,0.771240
0.128418,0.066772,1.084717
0.177368,-0.382324,0.895508
-0.460693,0.135986,0.864502
0.517456,-0.268066,1.072266
-0.351807,-0.252686,0.772217
0.088989,0.086914,1.075562
0.208496,-0.377686,0.898071
-0.480835,0.108643,0.847900
0.517944,-0.255737,1.079224
-0.302002,-0.261841,0.792358
0.041992,0.100830,1.067017
0.233398,-0.388428,0.904785
-0.492310,0.100952,0.830322
0.507690,-0.238159,1.074707
-0.251465,-0.276733,0.786133
-0.005005,0.115112,1.055054
0.264160,-0.403076,0.906250
-0.502319,0.070923,0.812134
0.489746,-0.217407,1.080200
-0.224609,-0.291870,0.784668
-0.057129,0.130005,1.030518
0.307861,-0.416138,0.917847
-0.515015,0.057129,0.800781
0.473755,-0.187622,1.082642
-0.202515,-0.283203,0.772705
-0.105591,0.124390,1.009644
0.330444,-0.417969,0.926880
-0.525513,0.029907,0.790771
0.451538,-0.152466,1.093140
-0.192627,-0.276978,0.778076
-0.156860,0.151001,1.009521
0.365112,-0.402588,0.951416
-0.531250,-0.004150,0.773315
0.425049,-0.143677,1.088379
-0.175049,-0.279419,0.771851
-0.207764,0.176514,1.003296
0.398804,-0.396484,0.969360
-0.533569,-0.044189,0.756958
0.385254,-0.107788,1.085938
-0.147461,-0.274414,0.788574
-0.263672,0.179932,0.968262
0.418091,-0.370850,0.982788
-0.529785,-0.072876,0.749756
0.346436,-0.082764,1.084106
-0.099731,-0.334229,0.776978
-0.319336,0.188599,0.940552
0.437378,-0.348633,0.994751
-0.507568,-0.114624,0.730835
0.291992,-0.054688,1.083618
-0.068726,-0.349731,0.790894
-0.367798,0.179565,0.912720
0.447510,-0.341431,1.001709
-0.487183,-0.124023,0.741577
0.238403,-0.015503,1.078125
-0.024902,-0.364868,0.798462
-0.418701,0.177368,0.885254
0.463989,-0.312744,1.021484
-0.459717,-0.152710,0.739014
0.167725,0.025024,1.068604
0.025513,-0.387939,0.811279
-0.458008,0.167725,0.871948
0.468384,-0.298340,1.028809
-0.447510,-0.172363,0.751343
0.115723,0.054810,1.048584
0.083740,-0.402954,0.832642
-0.492432,0.152344,0.838013
0.472412,-0.281738,1.027588
-0.406128,-0.182739,0.765137
0.067383,0.082397,1.048950
0.130493,-0.400024,0.837646
-0.528076,0.141357,0.825684
0.465942,-0.265991,1.030151
-0.349121,-0.219971,0.761230
0.016846,0.112671,1.035400
0.184204,-0.411377,0.850220
-0.548340,0.111450,0.800293
0.447754,-0.245361,1.028320
-0.296143,-0.272095,0.746826
-0.035156,0.114868,1.017944
0.236572,-0.419922,0.869873
-0.560425,0.094971,0.786377
0.444458,-0.218506,1.033081
-0.260498,-0.301514,0.724365
-0.103271,0.134766,0.991699
0.276001,-0.415405,0.887085
-0.572754,0.063232,0.765503
0.416016,-0.184570,1.031006
-0.231201,-0.308960,0.717896
-0.173828,0.148682,0.978027
0.323853,-0.403198,0.911499
-0.571655,0.051147,0.766235
0.385742,-0.151123,1.045654
-0.202515,-0.306885,0.733276
-0.236328,0.160767,0.962158
0.359375,-0.394897,0.935547
-0.572266,-0.004517,0.742554
0.349121,-0.117554,1.039062
-0.174194,-0.326294,0.732300
-0.290161,0.175171,0.935791
0.385376,-0.390137,0.950562
-0.568115,-0.048828,0.728516
0.293335,-0.066406,1.040405
-0.136963,-0.336060,0.743042
-0.354004,0.196045,0.914795
0.407959,-0.371338,0.957764
-0.551025,-0.066895,0.721191
0.249268,-0.031250,1.036987
-0.089844,-0.368042,0.757568
-0.412842,0.196777,0.891113
0.417725,-0.345459,0.969604
-0.514282,-0.104858,0.718018
0.191650,0.011108,1.036987
-0.045532,-0.379395,0.773071
-0.467407,0.203491,0.875610
0.434937,-0.329102,0.975952
-0.495850,-0.140259,0.720581
0.133057,0.046631,1.022827
0.012085,-0.383301,0.788696
-0.509399,0.202881,0.844604
0.445923,-0.307861,0.991333
-0.447998,-0.198242,0.722900
0.069824,0.082153,1.034912
0.074707,-0.403931,0.808350
-0.545654,0.195312,0.829224
0.442261,-0.265381,0.994507
-0.379761,-0.224365,0.735596
0.015869,0.104126,1.020874
0.139038,-0.412842,0.831055
-0.569824,0.164551,0.804810
0.428711,-0.244751,0.999268
-0.313477,-0.257568,0.736694
-0.032471,0.119995,1.000488
0.201172,-0.403931,0.844604
-0.597168,0.135010,0.777344
0.422363,-0.229492,1.002686
-0.265259,-0.294922,0.714478
-0.105957,0.135620,0.981445
0.264404,-0.400024,0.873779
-0.602051,0.119873,0.768799
0.401733,-0.177124,1.009033
-0.225586,-0.329712,0.708374
-0.182251,0.161743,0.966553
0.312744,-0.402466,0.887695
-0.602295,0.084473,0.760986
0.372437,-0.152100,1.017334
-0.196533,-0.330811,0.704102
-0.245483,0.168701,0.941772
0.357300,-0.408936,0.911011
-0.596191,0.043091,0.742065
0.330688,-0.101196,1.015259
-0.160522,-0.327515,0.722656
-0.316406,0.183960,0.906738
0.386841,-0.400269,0.917969
-0.576782,-0.007935,0.720947
0.284180,-0.063110,1.018433
-0.130005,-0.356201,0.728760
-0.385010,0.199585,0.890137
0.403809,-0.371094,0.939819
-0.550781,-0.060791,0.704102
0.228760,-0.013916,1.014282
-0.079224,-0.383057,0.733276
-0.428467,0.220581,0.873901
0.415771,-0.330811,0.954224
-0.535522,-0.094604,0.701782
0.163818,0.015259,1.011841
-0.032471,-0.384277,0.763184
-0.473145,0.205688,0.861328
0.426392,-0.315918,0.950073
-0.501953,-0.133789,0.707642
0.122803,0.052734,1.013306
0.023804,-0.383057,0.785767
-0.510620,0.224121,0.849854
0.435303,-0.295532,0.969360
-0.454468,-0.175415,0.720459
0.081909,0.085449,1.017578
0.064087,-0.380493,0.799316
-0.543091,0.222046,0.827759
0.440552,-0.267578,0.982788
-0.395996,-0.206055,0.732422
0.043701,0.109253,1.013794
0.125610,-0.410767,0.812012
-0.577148,0.212524,0.812256
0.441040,-0.255249,0.978760
-0.341309,-0.210205,0.736816
-0.002197,0.122559,1.004028
0.165894,-0.399658,0.840210
-0.595703,0.193848,0.793823
0.436890,-0.218262,0.994263
-0.295532,-0.261230,0.723633
-0.057739,0.145874,0.988281
0.218262,-0.401001,0.849365
-0.611084,0.181641,0.783447
0.425049,-0.196289,1.003906
-0.251709,-0.299438,0.725952
-0.096680,0.166992,0.978149
0.262329,-0.399536,0.870239
-0.617676,0.162720,0.777954
0.413818,-0.174316,1.001709
-0.219727,-0.297852,0.726685
-0.142944,0.177734,0.971680
0.299438,-0.401978,0.874146
-0.619995,0.162354,0.771973
0.400024,-0.146606,0.997681
-0.187866,-0.302856,0.733765
-0.171387,0.169800,0.948486
0.321045,-0.396729,0.892822
-0.607178,0.118530,0.748657
0.386230,-0.127808,1.008057
-0.161011,-0.317871,0.731934
-0.223633,0.185425,0.933228
0.348145,-0.392944,0.893555
-0.597778,0.091675,0.754761
0.364624,-0.089844,1.005859
-0.136597,-0.339966,0.723267
-0.262695,0.186401,0.905151
0.374634,-0.383789,0.912354
-0.589966,0.068970,0.734985
0.342285,-0.077393,1.004028
-0.115234,-0.369629,0.709473
-0.298828,0.191772,0.896362
0.387451,-0.367188,0.919189
-0.573486,0.035889,0.734985
0.312988,-0.058472,1.004395
-0.085815,-0.389771,0.719604
-0.345215,0.199341,0.887817
0.403809,-0.367065,0.921021
-0.560547,0.005493,0.723389
0.275513,-0.029419,0.997192
-0.062012,-0.383911,0.731934
-0.374878,0.206421,0.869141
0.417236,-0.347778,0.931641
-0.544922,-0.039062,0.715820
0.233398,-0.000244,1.003662
-0.043701,-0.373291,0.738892
-0.408081,0.212036,0.868408
0.429443,-0.326538,0.943726
-0.519775,-0.069214,0.713989
0.186035,0.030029,1.005615
-0.003906,-0.380493,0.765381
-0.457520,0.218750,0.851074
0.438354,-0.300781,0.960083
-0.482178,-0.107666,0.738281
0.145508,0.053711,1.010742
0.043945,-0.387451,0.781494
-0.504883,0.231323,0.833618
0.454346,-0.278198,0.974121
-0.424316,-0.141968,0.748291
0.091064,0.091919,1.016968
0.089600,-0.384033,0.802368
-0.538818,0.215942,0.813477
0.449951,-0.251831,0.982178
-0.365234,-0.167358,0.746582
0.036865,0.121216,1.014526
0.153687,-0.387817,0.834961
-0.570801,0.206177,0.791382
0.445679,-0.216675,0.982910
-0.294922,-0.208984,0.755249
-0.027100,0.158691,0.995972
0.217041,-0.402344,0.859741
-0.582520,0.170776,0.778931
0.438477,-0.193115,0.992310
-0.238159,-0.263550,0.747925
-0.104614,0.179199,0.978149
0.288818,-0.394531,0.885498
-0.588013,0.137451,0.771240
0.419434,-0.150146,1.006470
-0.162109,-0.300781,0.748291
-0.167847,0.178711,0.943115
0.343628,-0.398804,0.901001
-0.585205,0.116455,0.766113
0.381226,-0.098389,1.010864
-0.102905,-0.353149,0.741943
-0.241333,0.171997,0.905273
0.381104,-0.384155,0.914551
-0.558472,0.051270,0.753784
0.330078,-0.062134,0.995239
-0.059692,-0.373413,0.743408
-0.318970,0.165527,0.864014
0.413940,-0.348267,0.935913
-0.534424,-0.033325,0.732178
0.261719,-0.014282,1.001587
-0.013184,-0.392822,0.741333
-0.386963,0.173584,0.849365
0.437744,-0.328491,0.951660
-0.499023,-0.082397,0.743774
0.191895,0.026001,1.008911
0.028687,-0.396606,0.766113
-0.449707,0.191772,0.820190
0.440674,-0.286865,0.957275
-0.448608,-0.128296,0.746704
0.131592,0.064697,1.015625
0.073975,-0.398804,0.800903
-0.498413,0.181763,0.797729
0.451538,-0.264038,0.968994
-0.378784,-0.159790,0.758057
0.057373,0.110596,1.012451
0.143555,-0.400269,0.827515
-0.548218,0.163940,0.778320
0.455078,-0.231567,0.983398
-0.306519,-0.196777,0.764404
-0.026245,0.151123,1.000488
0.223633,-0.415649,0.856567
-0.566406,0.134033,0.760376
0.446167,-0.193115,1.000366
-0.218384,-0.267456,0.751709
-0.094238,0.185669,0.979370
0.293213,-0.423706,0.880981
-0.578003,0.109375,0.763672
0.429321,-0.160400,1.009766
-0.136108,-0.302490,0.768555
-0.166016,0.178589,0.938232
0.346313,-0.409302,0.897217
-0.571167,0.088257,0.757324
0.388916,-0.114868,1.012207
-0.079346,-0.364990,0.764648
-0.240112,0.178589,0.909912
0.390259,-0.399170,0.909912
-0.553955,0.031738,0.753784
0.342773,-0.086792,1.005005
-0.028320,-0.385132,0.760132
-0.314453,0.169800,0.872559
0.427734,-0.380615,0.941528
-0.524292,-0.046997,0.747559
0.265625,-0.042114,0.996582
0.000977,-0.403931,0.752808
-0.374268,0.148804,0.833862
0.450073,-0.348755,0.951294
-0.492554,-0.099487,0.740723
0.191284,0.006836,1.006470
0.049683,-0.416992,0.763672
-0.433960,0.149414,0.815674
0.456665,-0.328613,0.958740
-0.437744,-0.137085,0.751587
0.125366,0.062500,1.011963
0.101196,-0.416748,0.796509
-0.489990,0.142700,0.784668
0.472412,-0.295288,0.977661
-0.382690,-0.175659,0.762207
0.053833,0.107910,1.007690
0.175903,-0.428223,0.828003
-0.528198,0.113770,0.765137
0.460205,-0.257568,0.989624
-0.307617,-0.196045,0.773438
-0.024902,0.142212,1.000854
0.246216,-0.435425,0.853149
-0.550537,0.098267,0.744995
0.446533,-0.235840,1.007690
-0.216797,-0.252441,0.783447
-0.105835,0.166748,0.974731
0.304199,-0.424805,0.887329
-0.558716,0.081177,0.754639
0.423096,-0.175171,1.015503
-0.128174,-0.331055,0.777588
-0.178955,0.172607,0.949097
0.356812,-0.420410,0.912964
-0.544434,0.034424,0.753784
0.381714,-0.132690,1.013672
-0.061279,-0.361206,0.777954
-0.248169,0.162598,0.914185
0.401978,-0.413208,0.917114
-0.533081,-0.014038,0.746338
0.328247,-0.085571,1.004272
-0.001709,-0.397583,0.776367
-0.314575,0.151855,0.881592
0.437988,-0.406738,0.939819
-0.508789,-0.071899,0.748169
0.261108,-0.039673,1.007324
0.047363,-0.426270,0.771851
-0.377563,0.142090,0.845459
0.461548,-0.364014,0.962769
-0.465820,-0.133545,0.742920
0.184814,0.008545,1.008423
0.094116,-0.444458,0.787231
-0.430176,0.132935,0.811768
0.474731,-0.330200,0.980347
-0.420410,-0.183960,0.737183
0.111938,0.047485,1.010620
0.137939,-0.445801,0.811523
-0.477417,0.118774,0.791748
0.476685,-0.288818,0.993652
-0.350464,-0.217163,0.750122
0.034668,0.111084,1.016846
0.216309,-0.463745,0.843384
-0.511353,0.082031,0.763550
0.478760,-0.285278,1.001465
-0.288940,-0.230591,0.774048
-0.037842,0.130981,1.003174
0.284790,-0.462524,0.870728
-0.535645,0.061401,0.751343
0.448364,-0.218384,1.020020
-0.198364,-0.259766,0.797119
-0.104736,0.163452,1.000732
0.332275,-0.459229,0.896729
-0.539917,0.062866,0.771851
0.425415,-0.180908,1.027832
-0.124878,-0.302124,0.797241
-0.181396,0.166138,0.968262
0.384155,-0.441772,0.926636
-0.518188,0.011475,0.769897
0.381592,-0.123291,1.026001
-0.033569,-0.351807,0.802368
-0.239380,0.152222,0.939697
0.432617,-0.419067,0.945923
-0.494385,-0.068726,0.759277
0.320312,-0.081909,1.027710
0.036499,-0.407959,0.799683
-0.306274,0.143921,0.888916
0.461304,-0.395508,0.971191
-0.468872,-0.124146,0.752197
0.257935,-0.037354,1.027710
0.077881,-0.440063,0.793701
-0.354980,0.135498,0.867920
0.494873,-0.359497,1.000854
-0.430420,-0.153442,0.761475
0.187012,0.009521,1.026855
0.113281,-0.437622,0.802734
-0.407715,0.125000,0.833130
0.496826,-0.324707,1.011108
-0.381958,-0.199585,0.757446
0.116211,0.047607,1.025757
0.182251,-0.450073,0.828491
-0.452271,0.099609,0.798706
0.506226,-0.297485,1.026489
-0.324707,-0.232300,0.764526
0.038574,0.100342,1.034302
0.257324,-0.475464,0.863403
-0.485596,0.068848,0.771851
0.488770,-0.259766,1.030640
-0.252686,-0.240479,0.800293
-0.028687,0.143433,1.035889
0.315063,-0.463013,0.907227
-0.509644,0.063965,0.782837
0.468018,-0.210571,1.046387
-0.187256,-0.242920,0.821777
-0.087524,0.164185,1.026123
0.374512,-0.452637,0.933350
-0.502808,0.037354,0.780884
0.430908,-0.162720,1.058228
-0.092407,-0.313843,0.826416
-0.145142,0.169678,1.011597
0.421509,-0.445068,0.958252
-0.486694,-0.006348,0.780151
0.395752,-0.109863,1.059814
-0.012573,-0.359741,0.830933
-0.205322,0.169678,0.984741
0.462036,-0.417725,0.980103
-0.473633,-0.074463,0.766724
0.346558,-0.075195,1.060913
0.060425,-0.404907,0.838379
-0.260254,0.162964,0.951904
0.495605,-0.385742,1.014771
-0.441162,-0.117065,0.776489
0.286621,-0.025391,1.058594
0.093750,-0.411011,0.832764
-0.312622,0.150024,0.925537
0.518188,-0.357178,1.030396
-0.402222,-0.159180,0.778931
0.220215,0.018555,1.048584
0.132202,-0.404419,0.856812
-0.366089,0.131836,0.891602
0.534302,-0.325562,1.048828
-0.360107,-0.193115,0.779175
0.151733,0.061157,1.056030
0.211182,-0.436646,0.874512
-0.406006,0.088257,0.832642
0.535156,-0.291870,1.060913
-0.306152,-0.224731,0.789307
0.088867,0.102783,1.053101
0.278564,-0.453003,0.902466
-0.438110,0.068726,0.823120
0.529663,-0.253418,1.069458
-0.249634,-0.230225,0.816895
0.023193,0.149048,1.058228
0.338989,-0.448853,0.932739
-0.461792,0.075195,0.821655
0.509155,-0.202271,1.091309
-0.174927,-0.255493,0.833374
-0.038452,0.178345,1.054688
0.396118,-0.427612,0.974487
-0.472778,0.036499,0.815918
0.475098,-0.150024,1.093750
-0.103271,-0.284790,0.852539
-0.100586,0.189209,1.060303
0.439575,-0.413208,1.006104
-0.467285,-0.005127,0.804932
0.443237,-0.109131,1.109619
-0.010620,-0.333252,0.866211
-0.159912,0.195312,1.035889
0.475098,-0.392822,1.024292
-0.448608,-0.065063,0.792358
0.408081,-0.076294,1.109375
0.062012,-0.383423,0.881104
-0.218872,0.194702,1.020264
0.509155,-0.362305,1.054443
-0.410645,-0.102905,0.795532
0.350952,-0.018799,1.110107
0.088135,-0.379395,0.875122
-0.267456,0.199341,0.996094
0.547241,-0.326904,1.071655
-0.378174,-0.134644,0.806641
0.286011,0.033081,1.108276
0.151733,-0.394409,0.898438
-0.322754,0.166016,0.948608
0.567139,-0.293945,1.103027
-0.346436,-0.178467,0.796875
0.213501,0.068359,1.102661
0.228882,-0.430054,0.910156
-0.361694,0.116943,0.903809
0.570557,-0.279541,1.101440
-0.298340,-0.218140,0.812378
0.146973,0.099609,1.093628
0.295044,-0.437744,0.938599
-0.395996,0.086060,0.864136
0.554932,-0.248535,1.108887
-0.239380,-0.215210,0.831299
0.082642,0.140747,1.098145
0.350708,-0.437134,0.967163
-0.426758,0.071777,0.852295
0.541626,-0.210083,1.116821
-0.185669,-0.229004,0.860352
0.016846,0.165527,1.082520
0.396729,-0.410400,0.995728
-0.441772,0.062500,0.852051
0.522827,-0.160400,1.131470
-0.114868,-0.256714,0.876587
-0.045776,0.192017,1.080933
0.433350,-0.388306,1.029053
-0.440308,0.011963,0.844604
0.504150,-0.119751,1.142456
-0.022827,-0.303589,0.891602
-0.107666,0.214844,1.079712
0.480835,-0.367432,1.056030
-0.430908,-0.032837,0.836426
0.465820,-0.069336,1.155518
0.050415,-0.354004,0.904053
-0.163574,0.218872,1.063599
0.516479,-0.343384,1.077759
-0.411255,-0.080322,0.811157
0.418701,-0.025391,1.162720
0.062378,-0.349365,0.895264
-0.215454,0.221069,1.054199
0.542480,-0.322632,1.094604
-0.395264,-0.115845,0.813599
0.361084,0.007080,1.146606
0.117920,-0.356812,0.918335
-0.267456,0.201904,1.017822
0.570679,-0.288574,1.125122
-0.355103,-0.161499,0.813843
0.114746,0.104492,1.065552
0.182739,-0.392090,0.930420
-0.410522,0.061890,0.842651
0.544312,-0.252563,1.095337
-0.243042,-0.243408,0.815186
0.050781,0.146851,1.073853
0.339600,-0.438232,0.956787
-0.441284,0.061890,0.823853
0.527954,-0.205688,1.111206
-0.183350,-0.241333,0.848633
-0.005859,0.167847,1.078491
0.389771,-0.427246,0.985596
-0.454712,0.046875,0.830200
0.508545,-0.172974,1.113159
-0.111450,-0.252075,0.875732
-0.063232,0.195679,1.076660
0.427856,-0.400269,1.011963
-0.450317,0.009399,0.824951
0.489136,-0.130981,1.120605
-0.027832,-0.290771,0.881348
-0.124146,0.208374,1.059814
0.471680,-0.383667,1.027344
-0.439941,-0.041016,0.815308
0.448242,-0.083374,1.133301
0.049927,-0.348267,0.898804
-0.183105,0.209839,1.045410
0.505005,-0.346680,1.068481
-0.421265,-0.080444,0.808228
0.401367,-0.042969,1.135620
0.075439,-0.353149,0.899414
-0.230225,0.203857,1.019409
0.530396,-0.311523,1.094604
-0.389893,-0.129150,0.808228
0.338135,0.004761,1.126953
0.115356,-0.368896,0.907349
-0.288452,0.184570,0.988892
0.565063,-0.297241,1.112915
-0.354614,-0.183228,0.802490
0.274292,0.043457,1.126099
0.191650,-0.394531,0.926025
-0.318359,0.136963,0.939331
0.580444,-0.269409,1.123413
-0.308716,-0.209229,0.818726
0.202637,0.087158,1.111206
0.257935,-0.426758,0.927979
-0.359741,0.093262,0.894043
0.582153,-0.258423,1.124634
-0.270142,-0.223999,0.838867
0.137695,0.104126,1.104004
0.316895,-0.427856,0.961548
-0.395142,0.101807,0.879517
0.569214,-0.215454,1.132568
-0.211914,-0.244141,0.845947
0.070557,0.156738,1.109131
0.368042,-0.410400,0.994995
-0.417114,0.082642,0.864380
0.552979,-0.169678,1.152466
-0.158447,-0.240356,0.869873
-0.001831,0.195679,1.106079
0.416138,-0.408081,1.018677
-0.433228,0.044678,0.864502
0.528931,-0.127075,1.152222
-0.068604,-0.293213,0.891602
-0.061890,0.197021,1.095337
0.452393,-0.373779,1.048218
-0.432251,-0.002441,0.845337
0.497559,-0.092407,1.171753
0.018066,-0.337280,0.904663
-0.118408,0.207397,1.079834
0.480103,-0.339111,1.065796
-0.426514,-0.039917,0.837402
0.464722,-0.051514,1.178589
0.041748,-0.347778,0.903198
-0.186890,0.230957,1.064209
0.518677,-0.320557,1.094482
-0.403320,-0.087158,0.829590
0.406372,-0.004395,1.175903
0.078003,-0.344849,0.918701
-0.242188,0.229004,1.047363
0.559326,-0.295776,1.117310
-0.377441,-0.132324,0.816650
0.338135,0.028809,1.166016
0.140991,-0.382812,0.924316
-0.288208,0.182251,0.994141
0.578125,-0.279907,1.128296
-0.335449,-0.190918,0.814331
0.270264,0.067749,1.148071
0.197876,-0.404785,0.928467
-0.325684,0.140747,0.944580
0.582153,-0.261353,1.133667
-0.296631,-0.208740,0.835938
0.193726,0.088379,1.127686
0.261108,-0.419800,0.960815
-0.367920,0.110474,0.906982
0.578125,-0.223511,1.137939
-0.253906,-0.229126,0.849976
0.122925,0.114624,1.122803
0.321655,-0.409058,0.979370
-0.410767,0.102051,0.891724
0.569092,-0.187744,1.145020
-0.206543,-0.246216,0.859863
0.056152,0.148438,1.105835
0.368652,-0.390869,1.010010
-0.416992,0.053101,0.871338
0.547363,-0.152466,1.162720
-0.138062,-0.263306,0.868530
-0.014771,0.174805,1.102051
0.408936,-0.375732,1.025269
-0.425049,0.005249,0.849365
0.532471,-0.120117,1.163086
-0.055298,-0.311157,0.872437
-0.073608,0.195557,1.089233
0.441895,-0.360840,1.035645
-0.439087,-0.025269,0.843262
0.491699,-0.076050,1.170898
-0.033691,-0.333984,0.857422
-0.139404,0.199951,1.069214
0.483887,-0.336548,1.063232
-0.437378,-0.066772,0.825317
0.445312,-0.042603,1.180908
-0.001465,-0.331787,0.874634
-0.213501,0.221680,1.040161
0.519409,-0.312012,1.088135
-0.429810,-0.116821,0.800659
0.388550,-0.005005,1.169189
0.048340,-0.332764,0.889160
-0.264771,0.204834,1.012207
0.536133,-0.294189,1.105835
-0.389282,-0.155518,0.796631
0.317139,0.026855,1.162598
0.110962,-0.367310,0.897095
-0.317383,0.180542,0.962036
0.545410,-0.280640,1.101440
-0.348267,-0.215820,0.796997
0.251953,0.059448,1.150879
0.171997,-0.404175,0.905396
-0.373779,0.170898,0.936890
0.551270,-0.263794,1.104736
-0.317017,-0.224854,0.800659
0.189331,0.079102,1.130493
0.226562,-0.408569,0.926270
-0.411499,0.138916,0.910400
0.557495,-0.241333,1.108765
-0.297119,-0.236816,0.809204
0.119629,0.094727,1.110352
0.272095,-0.405640,0.938232
-0.434204,0.104614,0.882812
0.544434,-0.211182,1.116455
-0.267212,-0.248047,0.817749
0.058594,0.107300,1.092529
0.308594,-0.389771,0.957153
-0.447388,0.075684,0.863770
0.527588,-0.178711,1.127563
-0.187866,-0.288574,0.828857
-0.003174,0.120361,1.072021
0.341064,-0.377319,0.974365
-0.456787,0.028442,0.832642
0.511597,-0.163696,1.120972
-0.151367,-0.295044,0.818970
-0.066406,0.129395,1.046387
0.378906,-0.364014,0.993774
-0.461670,0.000488,0.817627
0.478394,-0.122314,1.132812
-0.122925,-0.310181,0.810425
-0.142578,0.157837,1.020264
0.408813,-0.352051,1.005981
-0.469360,-0.038086,0.808594
0.449097,-0.083618,1.139404
-0.109009,-0.305420,0.819946
-0.206055,0.192749,1.017822
0.441040,-0.354370,1.025757
-0.472900,-0.072876,0.787231
0.408325,-0.051270,1.141357
-0.075562,-0.313477,0.817749
-0.265503,0.186279,0.983765
0.460083,-0.354126,1.030762
-0.461670,-0.095581,0.770996
0.361816,-0.022095,1.131836
-0.034790,-0.318604,0.831055
-0.309326,0.186890,0.958984
0.475586,-0.332886,1.039062
-0.447632,-0.156250,0.747437
0.312378,0.006714,1.130371
0.016968,-0.350952,0.829834
-0.367798,0.190918,0.938843
0.482910,-0.311523,1.041138
-0.428955,-0.202515,0.741333
0.247559,0.023804,1.111938
0.069336,-0.393555,0.850708
-0.411377,0.183716,0.909424
0.487671,-0.289062,1.051636
-0.411499,-0.199707,0.745605
0.189209,0.028809,1.091919
0.106567,-0.391235,0.854004
-0.450928,0.161011,0.892822
0.486328,-0.267090,1.056885
-0.401855,-0.218994,0.748779
0.133911,0.051880,1.070312
0.158936,-0.410645,0.876587
-0.484741,0.144165,0.857300
0.488037,-0.257935,1.059814
-0.382446,-0.228271,0.749512
0.071655,0.074097,1.064453
0.200562,-0.405029,0.880493
-0.504883,0.125732,0.845825
0.482178,-0.244629,1.054932
-0.308105,-0.253296,0.765747
0.015869,0.087280,1.045898
0.236084,-0.393921,0.899170
-0.510254,0.107178,0.826538
0.467041,-0.221191,1.054688
-0.269043,-0.266479,0.765747
-0.039917,0.103516,1.016357
0.276489,-0.400757,0.910522
-0.525024,0.072876,0.803589
0.463745,-0.212769,1.060181
-0.241089,-0.297974,0.754395
-0.109009,0.125000,0.998535
0.308472,-0.390869,0.917969
-0.530518,0.033691,0.788696
0.444458,-0.182617,1.073242
-0.222046,-0.308838,0.740723
-0.177490,0.146240,0.984375
0.340454,-0.392700,0.937378
-0.540161,-0.009399,0.763184
0.414185,-0.150269,1.076416
-0.194214,-0.307373,0.749634
-0.243774,0.161377,0.961426
0.362061,-0.385986,0.942505
-0.535156,-0.025879,0.753418
0.388428,-0.111938,1.076904
-0.165283,-0.313965,0.748413
-0.301636,0.178345,0.939209
0.388672,-0.394531,0.942383
-0.533813,-0.049316,0.741211
0.346558,-0.083618,1.068115
-0.130737,-0.327759,0.760498
-0.347778,0.182739,0.911377
0.401123,-0.379395,0.948853
-0.532715,-0.090210,0.718384
0.309082,-0.053467,1.072266
-0.086670,-0.349731,0.763916
-0.397095,0.193726,0.895996
0.411255,-0.360596,0.961426
-0.525024,-0.110474,0.706421
0.256592,-0.028198,1.053589
-0.050049,-0.360596,0.782471
-0.439453,0.208130,0.896118
0.419800,-0.330688,0.976318
-0.514893,-0.158936,0.684204
0.193481,0.003418,1.047363
0.004150,-0.384399,0.796509
-0.487915,0.221558,0.876709
0.434448,-0.314941,0.990234
-0.498535,-0.185913,0.688599
0.124268,0.036255,1.031250
0.055298,-0.399292,0.806274
-0.526367,0.203613,0.854004
0.437134,-0.302002,0.986816
-0.455811,-0.176880,0.724121
0.075195,0.060791,1.031494
0.107300,-0.413940,0.818970
-0.552979,0.198120,0.843384
0.437256,-0.282227,0.991943
-0.395508,-0.203613,0.735596
0.023193,0.080444,1.014648
0.152344,-0.421997,0.835693
-0.566895,0.183594,0.826050
0.439575,-0.267090,0.993774
-0.353394,-0.236328,0.726318
-0.029541,0.086548,0.995483
0.205933,-0.415771,0.850830
-0.573486,0.161499,0.809814
0.430420,-0.229248,1.002563
-0.299438,-0.273682,0.719604
-0.092529,0.107910,0.967285
0.247925,-0.416382,0.870850
-0.579224,0.119263,0.789429
0.413696,-0.197632,1.009399
-0.254639,-0.288940,0.723877
-0.156128,0.140015,0.960693
0.284302,-0.416016,0.879883
-0.586182,0.097046,0.780396
0.398193,-0.159424,1.023560
-0.216187,-0.311646,0.719971
-0.219727,0.149658,0.944946
0.311768,-0.408447,0.892334
-0.583862,0.057373,0.750244
0.381226,-0.134766,1.031738
-0.202515,-0.308960,0.716553
-0.270142,0.162476,0.917847
0.348145,-0.401245,0.898071
-0.587036,0.025391,0.732300
0.349976,-0.096924,1.026855
-0.158081,-0.311523,0.729370
-0.315186,0.185181,0.896851
0.366211,-0.391968,0.903198
-0.573120,-0.010132,0.712036
0.304199,-0.061401,1.028687
-0.116699,-0.352539,0.735107
-0.366333,0.195679,0.886230
0.390991,-0.389526,0.921265
-0.559204,-0.040771,0.695312
0.261108,-0.027344,1.018921
-0.084717,-0.370972,0.741455
-0.414062,0.206421,0.877197
0.405396,-0.347046,0.943726
-0.541138,-0.083496,0.677612
0.209229,0.009521,1.022583
-0.044922,-0.384888,0.751709
-0.452148,0.229492,0.877197
0.419922,-0.330200,0.956543
-0.536377,-0.125854,0.674194
0.151611,0.044434,1.015625
0.008301,-0.400024,0.768066
-0.498901,0.229980,0.853882
0.433960,-0.309326,0.966553
-0.502686,-0.125732,0.701538
0.109863,0.076050,1.022217
0.052368,-0.411621,0.789429
-0.527832,0.229126,0.852905
0.438843,-0.292480,0.969482
-0.462036,-0.147583,0.718506
0.069946,0.088867,1.014038
0.096069,-0.410156,0.800171
-0.549316,0.217896,0.833008
0.443237,-0.263672,0.973755
-0.416870,-0.169556,0.728516
0.032227,0.110962,1.005249
0.135376,-0.419067,0.815918
-0.562500,0.214111,0.825195
0.447876,-0.242676,0.985229
-0.361816,-0.199463,0.726685
-0.009888,0.127197,0.996948
0.185913,-0.410278,0.830688
-0.589722,0.207031,0.813599
0.445312,-0.215942,0.995361
-0.323608,-0.210571,0.731445
-0.043701,0.132080,0.981445
0.216064,-0.403076,0.847900
-0.595825,0.193970,0.797729
0.439941,-0.201172,1.001831
-0.268188,-0.239990,0.736572
-0.094482,0.155762,0.977173
0.261963,-0.407349,0.855713
-0.595093,0.180420,0.790405
0.432617,-0.180420,0.988525
-0.232666,-0.241455,0.750244
-0.130859,0.162598,0.946411
0.285034,-0.408813,0.872192
-0.595581,0.150146,0.769897
0.424438,-0.146484,1.010742
-0.195312,-0.263916,0.759033
-0.172729,0.170654,0.945068
0.316284,-0.394897,0.885742
-0.596313,0.124634,0.765015
0.403931,-0.136475,1.014526
-0.158081,-0.305420,0.752563
-0.205200,0.173584,0.923218
0.342407,-0.379639,0.895386
-0.586304,0.092163,0.753662
0.377563,-0.096680,1.022461
-0.122925,-0.317261,0.752075
-0.241089,0.173340,0.899658
0.363525,-0.376953,0.904053
-0.576660,0.083374,0.755981
0.354370,-0.068359,1.015015
-0.086304,-0.355469,0.743408
-0.276611,0.185913,0.886108
0.386719,-0.374878,0.917236
-0.567017,0.043335,0.728638
0.331909,-0.042236,1.020996
-0.067017,-0.358521,0.737793
-0.301514,0.191284,0.874634
0.395996,-0.363892,0.923706
-0.559204,0.003174,0.715210
0.307007,-0.012207,1.024536
-0.051270,-0.396606,0.719971
-0.325928,0.194702,0.872314
0.414062,-0.366211,0.923828
-0.558594,-0.017212,0.706299
0.280273,-0.004761,1.007812
-0.020386,-0.395508,0.739990
-0.367920,0.194946,0.854248
0.428345,-0.363647,0.938110
-0.548096,-0.045166,0.703247
0.250854,0.009033,1.003174
0.002319,-0.411743,0.742188
-0.384766,0.199707,0.850586
0.433228,-0.358032,0.939575
-0.533691,-0.070679,0.706055
0.230713,0.024780,1.008789
0.006470,-0.397949,0.747925
-0.407227,0.200195,0.855835
0.444458,-0.352173,0.946167
-0.520264,-0.079346,0.715576
0.201538,0.040894,1.012695
0.023804,-0.409424,0.750122
-0.417969,0.210327,0.850952
0.453857,-0.343750,0.951172
-0.509399,-0.096191,0.715210
0.180176,0.046265,1.011719
0.046265,-0.410889,0.750488
-0.436401,0.203491,0.840454
0.464844,-0.329346,0.962646
-0.495972,-0.110107,0.726196
0.162354,0.058960,1.014526
0.066895,-0.437378,0.763916
-0.455566,0.199097,0.822876
0.470459,-0.323730,0.959961
-0.479248,-0.118652,0.730347
0.128784,0.079346,1.017090
0.088379,-0.438110,0.780273
-0.471069,0.200928,0.820923
0.477661,-0.327637,0.965942
-0.471313,-0.122070,0.741577
0.116577,0.074341,1.012573
0.098389,-0.431030,0.787842
-0.485718,0.192383,0.805664
0.472656,-0.297485,0.979736
-0.447510,-0.145142,0.727417
0.093628,0.094360,1.017334
0.124756,-0.444092,0.785889
-0.501953,0.182373,0.809570
0.476440,-0.296631,0.979492
-0.424805,-0.163696,0.741455
0.068970,0.096558,1.003662
0.142944,-0.443726,0.798950
-0.514404,0.178833,0.790405
0.479126,-0.281982,0.982910
-0.404419,-0.176514,0.739014
0.045654,0.112183,1.009644
0.164673,-0.452271,0.806030
-0.518921,0.166016,0.792358
0.481323,-0.280396,0.980469
-0.375732,-0.149170,0.760864
0.028320,0.108887,0.996216
0.188110,-0.442139,0.822388
-0.526733,0.148804,0.776123
0.479614,-0.264038,0.993530
-0.346802,-0.177979,0.762207
-0.003174,0.120239,0.996216
0.213623,-0.452759,0.824097
-0.531372,0.135498,0.770752
0.472290,-0.254272,0.994751
-0.318237,-0.200806,0.768188
-0.034302,0.134521,0.988647
0.232056,-0.446899,0.842896
-0.536621,0.109619,0.758301
0.473145,-0.260376,0.996948
-0.290649,-0.184204,0.790527
-0.062500,0.137573,0.983887
0.255127,-0.468140,0.839233
-0.538086,0.107788,0.761353
0.468018,-0.238770,1.008911
-0.251587,-0.200562,0.797974
-0.081787,0.152222,0.983276
0.280762,-0.472778,0.850220
-0.543579,0.095703,0.749878
0.450928,-0.220459,1.013306
-0.220947,-0.219360,0.804443
-0.102417,0.153320,0.981567
0.304077,-0.466797,0.868408
-0.538452,0.079468,0.760864
0.444336,-0.203369,1.013428
-0.196289,-0.217285,0.813110
-0.120972,0.168091,0.984497
0.316406,-0.459229,0.883667
-0.542847,0.083252,0.764648
0.432495,-0.201782,1.015991
-0.169800,-0.249756,0.806519
-0.135010,0.160156,0.981689
0.342896,-0.460815,0.890869
-0.545166,0.066650,0.758545
0.428223,-0.184082,1.018921
-0.134033,-0.290649,0.807251
-0.159180,0.163696,0.980591
0.362793,-0.456909,0.906250
-0.545898,0.066772,0.772705
0.414917,-0.162231,1.031616
-0.114136,-0.283936,0.807251
-0.174561,0.149048,0.971802
0.375000,-0.448853,0.913574
-0.532593,0.036865,0.765625
0.391846,-0.127075,1.027344
-0.076050,-0.316650,0.808838
-0.194946,0.149292,0.954590
0.402222,-0.455688,0.928955
-0.531006,0.030029,0.758911
0.376099,-0.124268,1.015381
-0.036011,-0.354492,0.808716
-0.222534,0.159912,0.947632
0.417480,-0.437012,0.940918
-0.518188,-0.013184,0.753540
0.359375,-0.108276,1.022827
-0.013184,-0.360718,0.806274
-0.241089,0.155762,0.937378
0.438477,-0.442383,0.943970
-0.508911,-0.046021,0.757690
0.338501,-0.087646,1.026489
0.020264,-0.378418,0.816284
-0.270142,0.155151,0.923584
0.461060,-0.427734,0.955078
-0.488403,-0.075317,0.752563
0.305420,-0.063843,1.028442
0.051270,-0.412598,0.803467
-0.289307,0.145752,0.913208
0.473633,-0.420044,0.968140
-0.477539,-0.113037,0.750244
0.283081,-0.041016,1.040527
0.071899,-0.419312,0.812134
-0.321899,0.157837,0.909302
0.489746,-0.408447,0.984253
-0.454712,-0.136719,0.753784
0.242188,-0.012573,1.029541
0.091309,-0.420166,0.807617
-0.336548,0.146606,0.898438
0.506714,-0.378540,1.005249
-0.444458,-0.155762,0.748291
0.213257,0.001343,1.028198
0.104126,-0.406860,0.824707
-0.358643,0.134155,0.878784
0.523315,-0.368286,1.020630
-0.416504,-0.182495,0.748291
0.176514,0.024658,1.031006
0.137695,-0.408081,0.848389
-0.379761,0.137085,0.871338
0.526245,-0.352173,1.029419
-0.388062,-0.196045,0.765869
0.141235,0.035278,1.036133
0.185181,-0.426636,0.860107
-0.405151,0.118774,0.857544
0.540771,-0.321777,1.042236
-0.355591,-0.224854,0.765625
0.107178,0.070923,1.032715
0.225220,-0.447266,0.872314
-0.412720,0.085693,0.816528
0.538208,-0.304077,1.052368
-0.314575,-0.218628,0.793579
0.070557,0.092285,1.041016
0.263916,-0.462280,0.880981
-0.431030,0.078247,0.812866
0.526855,-0.267578,1.058838
-0.275269,-0.242676,0.799805
0.037231,0.117920,1.053711
0.294067,-0.461670,0.900635
-0.448608,0.063721,0.801514
0.522339,-0.248657,1.071655
-0.240234,-0.241211,0.821777
0.004517,0.140259,1.057617
0.329956,-0.463745,0.923950
-0.456543,0.056519,0.802246
0.507202,-0.204712,1.093628
-0.199341,-0.206177,0.847778
-0.018311,0.154663,1.062134
0.364258,-0.469604,0.940674
-0.469482,0.048218,0.802490
0.497803,-0.189819,1.089844
-0.161743,-0.235352,0.849854
-0.044312,0.166382,1.060303
0.396118,-0.452271,0.966675
-0.468628,0.050537,0.820190
0.488525,-0.162720,1.104614
-0.115967,-0.250977,0.864990
-0.073120,0.181763,1.064941
0.416992,-0.442261,0.979736
-0.465820,0.030151,0.822021
0.478271,-0.128784,1.112915
-0.066406,-0.271362,0.870361
-0.105591,0.190186,1.056885
0.451782,-0.428101,1.009033
-0.463379,-0.022461,0.799683
0.457153,-0.111694,1.117065
-0.004639,-0.304932,0.890503
-0.138306,0.198486,1.052368
0.473633,-0.414551,1.021729
-0.459961,-0.039795,0.801270
0.440186,-0.093750,1.127197
0.038086,-0.333496,0.891724
-0.174072,0.208984,1.041748
0.499878,-0.391724,1.044922
-0.437134,-0.059082,0.802124
0.410645,-0.069824,1.127686
0.071899,-0.345947,0.898315
-0.201172,0.203247,1.029907
0.515381,-0.355103,1.057983
-0.421753,-0.083984,0.799561
0.385010,-0.033569,1.129272
0.073242,-0.350220,0.897461
-0.235474,0.207520,1.025635
0.540405,-0.343140,1.080444
-0.408813,-0.116333,0.794189
0.346924,-0.008545,1.126587
0.104980,-0.358521,0.910645
-0.276978,0.218872,1.016113
0.566528,-0.318115,1.108276
-0.382446,-0.149292,0.796753
0.310303,0.021362,1.128418
0.153687,-0.388916,0.914917
-0.304565,0.199829,0.992554
0.590698,-0.303833,1.122925
-0.357666,-0.182861,0.800171
0.260742,0.054810,1.125732
0.200806,-0.408325,0.930786
-0.316162,0.149658,0.951782
0.589722,-0.282104,1.125366
-0.331055,-0.202515,0.813354
0.211548,0.075195,1.119873
0.251343,-0.422607,0.936890
-0.349121,0.125244,0.920410
0.584595,-0.273071,1.125977
-0.287109,-0.217163,0.831421
0.161987,0.095215,1.104004
0.289185,-0.419800,0.958374
-0.376831,0.105225,0.899536
0.586060,-0.244263,1.137451
-0.254395,-0.226929,0.838623
0.112183,0.134888,1.118286
0.334473,-0.428589,0.976074
-0.393188,0.095093,0.888794
0.568604,-0.207397,1.145996
-0.210693,-0.240723,0.853882
0.058350,0.156494,1.109863
0.373169,-0.418823,1.000366
-0.416016,0.083740,0.869873
0.557373,-0.168945,1.154053
-0.159790,-0.235840,0.871704
0.012329,0.174438,1.106812
0.405273,-0.405640,1.011597
-0.424927,0.043823,0.864868
0.540527,-0.126099,1.173462
-0.095093,-0.266113,0.889526
-0.033813,0.178955,1.094116
0.431274,-0.377563,1.035156
-0.427368,0.011475,0.855957
0.528564,-0.107178,1.183350
-0.017822,-0.314331,0.896606
-0.090332,0.194580,1.080688
0.456055,-0.356201,1.049683
-0.419678,-0.022827,0.843628
0.493408,-0.073364,1.179688
0.002808,-0.320679,0.890747
-0.139771,0.200195,1.070312
0.492920,-0.329956,1.070923
-0.421021,-0.050781,0.833374
0.449829,-0.027954,1.188965
0.029541,-0.327759,0.891357
-0.204712,0.221680,1.056152
0.530151,-0.309814,1.101562
-0.412598,-0.094971,0.821167
0.401733,0.007690,1.184937
0.076538,-0.347290,0.913452
-0.263794,0.208984,1.030762
0.546753,-0.297607,1.109253
-0.379639,-0.156738,0.806030
0.175537,0.100098,1.112061
0.139282,-0.355713,0.921753
-0.380127,0.112671,0.893677
0.580200,-0.257812,1.117554
-0.258179,-0.246704,0.830688
0.108276,0.124023,1.101318
0.341187,-0.427490,0.975464
-0.398682,0.091309,0.880005
0.565674,-0.217163,1.134155
-0.205444,-0.256836,0.851440
0.044556,0.146118,1.097412
0.393433,-0.415649,1.005371
-0.422607,0.079468,0.869263
0.548828,-0.168457,1.147705
-0.145264,-0.253540,0.883179
-0.013550,0.165894,1.101196
0.421143,-0.400635,1.016602
-0.425659,0.035400,0.859985
0.533203,-0.131958,1.160156
-0.068848,-0.273926,0.901855
-0.064697,0.182007,1.086914
0.446899,-0.382324,1.031494
-0.422485,0.005005,0.848999
0.511963,-0.095337,1.173096
0.007690,-0.320557,0.900269
-0.109497,0.196533,1.084839
0.477661,-0.361816,1.050781
-0.433472,-0.026733,0.840088
0.485596,-0.053589,1.181519
0.018311,-0.326904,0.895142
-0.159424,0.215210,1.067383
0.516357,-0.344238,1.081299
-0.426636,-0.058960,0.828613
0.439575,-0.025513,1.182739
0.044556,-0.324829,0.907227
-0.209839,0.225708,1.056152
0.542114,-0.318848,1.102051
-0.416870,-0.100464,0.810669
0.389771,0.011230,1.167969
0.089233,-0.339844,0.912231
-0.249634,0.207153,1.029541
0.562866,-0.294800,1.121094
-0.381958,-0.142944,0.812988
0.334351,0.032593,1.162354
0.141357,-0.358154,0.924805
-0.287598,0.185791,0.991089
0.585938,-0.288818,1.135010
-0.351074,-0.187012,0.812134
0.274780,0.054077,1.151245
0.186035,-0.399658,0.925537
-0.324219,0.148682,0.955566
0.590454,-0.282349,1.138428
-0.322876,-0.217041,0.817749
0.214233,0.078003,1.141602
0.235229,-0.414062,0.936523
-0.358887,0.127319,0.922363
0.587402,-0.260010,1.132202
-0.281494,-0.236694,0.832764
0.157349,0.099365,1.134644
0.277588,-0.418701,0.951050
-0.395874,0.120117,0.905273
0.583130,-0.228882,1.139771
-0.247192,-0.249756,0.849731
0.098511,0.126343,1.117432
0.314575,-0.409546,0.971558
-0.415649,0.090210,0.880615
0.567261,-0.206055,1.141968
-0.212158,-0.245972,0.849121
0.052979,0.136353,1.106812
0.347168,-0.389526,0.978760
-0.434814,0.077026,0.858521
0.551392,-0.176514,1.140503
-0.145630,-0.285767,0.855957
0.007202,0.146973,1.095459
0.365601,-0.380371,0.991821
-0.447266,0.049316,0.848389
0.530762,-0.148438,1.148193
-0.097900,-0.321411,0.856934
-0.043579,0.149658,1.080444
0.386353,-0.357910,1.005127
-0.455078,0.017090,0.836548
0.506958,-0.106689,1.156250
-0.083252,-0.318726,0.836304
-0.088257,0.174072,1.072388
0.418701,-0.359619,1.022705
-0.464355,-0.012573,0.822998
0.483154,-0.091919,1.162598
-0.070190,-0.314819,0.836060
-0.149292,0.194092,1.057251
0.458374,-0.347290,1.041870
-0.455688,-0.054932,0.805054
0.442139,-0.062622,1.156372
-0.061890,-0.286621,0.852417
-0.211304,0.212646,1.041260
0.490356,-0.341187,1.061523
-0.449341,-0.095581,0.796021
0.394531,-0.026978,1.154419
-0.030884,-0.300415,0.856812
-0.253906,0.192993,1.013306
0.504272,-0.320068,1.073486
-0.428955,-0.135498,0.781006
0.347412,0.008911,1.150024
0.015015,-0.348877,0.840210
-0.311646,0.185181,0.969849
0.524292,-0.328857,1.068481
-0.401245,-0.183716,0.780518
0.282227,0.025024,1.130127
0.061279,-0.378906,0.850098
-0.357666,0.174438,0.928467
0.532349,-0.318726,1.072510
-0.377686,-0.212891,0.772827
0.222412,0.053223,1.119263
0.112427,-0.386353,0.864746
-0.405762,0.159424,0.906616
0.528809,-0.290039,1.082275
-0.352661,-0.236572,0.779663
0.160400,0.066895,1.102905
0.163696,-0.397583,0.883667
-0.441772,0.129150,0.879150
0.523193,-0.270630,1.085327
-0.342529,-0.253784,0.771851
0.103638,0.082886,1.088257
0.205200,-0.386963,0.894043
-0.473877,0.102051,0.853760
0.516113,-0.248291,1.081177
-0.274780,-0.266968,0.795532
0.038940,0.097290,1.065796
0.244629,-0.385742,0.904175
-0.492310,0.080566,0.824585
0.501587,-0.225830,1.078979
-0.222900,-0.294556,0.787476
-0.021729,0.112183,1.044922
0.293457,-0.382812,0.921753
-0.500854,0.045044,0.800781
0.473389,-0.189941,1.081787
-0.201172,-0.309448,0.766602
-0.098267,0.135864,1.021118
0.337646,-0.393311,0.943726
-0.504639,0.011597,0.794922
0.448486,-0.149780,1.094482
-0.184937,-0.307617,0.758179
-0.171631,0.161987,1.006836
0.379639,-0.378662,0.970337
-0.521484,-0.022949,0.773071
0.403320,-0.128296,1.092773
-0.156494,-0.289429,0.787109
-0.245605,0.182129,0.983643
0.406128,-0.363647,0.983276
-0.518921,-0.052490,0.760254
0.357788,-0.080933,1.091064
-0.123901,-0.298706,0.786377
-0.305542,0.175659,0.942871
0.423950,-0.356689,0.987671
-0.506104,-0.106323,0.734375
0.304321,-0.049316,1.083252
-0.078735,-0.330933,0.791260
-0.363403,0.182495,0.924072
0.437988,-0.336060,0.997803
-0.489746,-0.141846,0.723755
0.248901,-0.029175,1.075073
-0.032349,-0.367188,0.794922
-0.418213,0.188110,0.896118
0.449463,-0.317383,1.011841
-0.469849,-0.174072,0.722900
0.194336,0.010498,1.064453
0.013794,-0.376709,0.811646
-0.464478,0.194702,0.880127
0.463623,-0.311157,1.020874
-0.468384,-0.179932,0.730591
0.140869,0.027832,1.041382
0.069092,-0.400635,0.826904
-0.502930,0.178101,0.854004
0.459839,-0.286499,1.020020
-0.438110,-0.182129,0.739746
0.095581,0.058228,1.053223
0.101562,-0.411133,0.825562
-0.520874,0.172241,0.836548
0.457153,-0.277100,1.012939
-0.388428,-0.215698,0.754395
0.047241,0.064087,1.029175
0.142456,-0.416870,0.832520
-0.549561,0.162598,0.817017
0.452148,-0.265259,1.006348
-0.346558,-0.234497,0.750488
-0.000610,0.099976,1.026489
0.180298,-0.421997,0.848267
-0.563965,0.133545,0.794922
0.438232,-0.239624,1.013794
-0.310059,-0.252319,0.740845
-0.043579,0.115479,1.008911
0.223999,-0.422852,0.859497
-0.571411,0.114014,0.780640
0.421143,-0.209473,1.009644
-0.270508,-0.286621,0.727295
-0.109497,0.126099,0.981079
0.269287,-0.420166,0.877563
-0.580811,0.096680,0.767212
0.409302,-0.180908,1.026123
-0.230957,-0.306519,0.722290
-0.167358,0.156006,0.980591
0.293213,-0.418945,0.879639
-0.575317,0.074829,0.762329
0.390625,-0.160645,1.021240
-0.209717,-0.309570,0.724854
-0.226318,0.162231,0.961670
0.325928,-0.405640,0.903198
-0.587891,0.038208,0.743042
0.365356,-0.132568,1.039307
-0.187012,-0.322266,0.718750
-0.288818,0.168213,0.927002
0.356201,-0.396118,0.906738
-0.574341,0.005737,0.735596
0.328247,-0.090942,1.025269
-0.153809,-0.335938,0.731689
-0.338013,0.187134,0.902466
0.373535,-0.380249,0.934814
-0.569824,-0.025391,0.716187
0.287354,-0.055542,1.029297
-0.104126,-0.375977,0.732666
-0.400635,0.204346,0.890137
0.401245,-0.359131,0.945068
-0.552002,-0.055542,0.699829
0.222534,-0.002808,1.021118
-0.058716,-0.385864,0.753418
-0.458008,0.210449,0.871094
0.427124,-0.338501,0.962402
-0.521973,-0.096436,0.709717
0.144409,0.046753,1.011230
0.002197,-0.390869,0.770386
-0.505859,0.212769,0.859619
0.441284,-0.305542,0.977173
-0.474609,-0.149414,0.709717
0.086670,0.083252,1.013306
0.066772,-0.393311,0.800415
-0.534790,0.210693,0.853149
0.435913,-0.271484,0.984253
-0.425415,-0.193604,0.716919
0.035767,0.110596,1.013184
0.131958,-0.413452,0.824219
-0.576782,0.195435,0.817383
0.433960,-0.235107,0.992676
-0.345337,-0.219360,0.718994
-0.023438,0.131348,1.007446
0.193604,-0.398193,0.838989
-0.596191,0.183105,0.802368
0.426880,-0.203125,0.996338
-0.285889,-0.261841,0.719116
-0.093994,0.139526,0.969360
0.255371,-0.383179,0.877319
-0.599731,0.155151,0.784058
0.406006,-0.163696,1.005005
-0.223267,-0.320435,0.712036
-0.170044,0.151123,0.944580
0.311401,-0.387817,0.893677
-0.587891,0.106934,0.768799
0.381104,-0.133789,1.004272
-0.170288,-0.324097,0.725464
-0.245483,0.164307,0.904785
0.362061,-0.375732,0.903320
-0.574829,0.056519,0.749146
0.329224,-0.076782,1.008301
-0.125488,-0.357544,0.713623
-0.317139,0.179077,0.880859
0.397461,-0.352173,0.927368
-0.548218,-0.000610,0.724487
0.256836,0.001465,1.012817
-0.068359,-0.368652,0.739990
-0.406006,0.203003,0.860474
0.413940,-0.335815,0.947632
-0.515259,-0.078857,0.707153
0.173340,0.053223,1.009155
-0.011353,-0.369751,0.763794
-0.475342,0.219971,0.853271
0.435669,-0.300415,0.959961
-0.464722,-0.143555,0.716431
0.117310,0.088135,1.031372
0.066650,-0.378174,0.793701
-0.547852,0.231934,0.822388
0.446533,-0.279541,0.971313
-0.384888,-0.191772,0.734131
0.041870,0.126343,1.018921
0.152954,-0.376953,0.831665
-0.575439,0.209351,0.805054
0.435181,-0.235352,0.975098
-0.294434,-0.225830,0.747803
-0.031250,0.146729,0.994751
0.238281,-0.365845,0.870972
-0.593628,0.180908,0.790649
0.414673,-0.182861,0.983887
-0.203247,-0.295288,0.745605
-0.121704,0.151733,0.957520
0.306763,-0.358887,0.896240
-0.588745,0.143921,0.771606
0.388428,-0.133545,0.999023
-0.137817,-0.341797,0.740112
-0.215088,0.164795,0.917725
0.369751,-0.347656,0.920898
-0.557861,0.068726,0.754395
0.321167,-0.055664,1.008301
-0.086182,-0.399658,0.715454
-0.312622,0.171753,0.869629
0.408447,-0.333618,0.948120
-0.524170,-0.027710,0.731323
0.235840,-0.003052,0.991577
-0.029541,-0.415405,0.719727
-0.405884,0.176392,0.843506
0.434814,-0.311646,0.956787
-0.472900,-0.094604,0.744141
0.149048,0.071411,1.018677
0.042114,-0.410400,0.763794
-0.490601,0.191284,0.812500
0.456543,-0.286987,0.968018
-0.408447,-0.134033,0.754150
0.065796,0.118530,1.015747
0.133301,-0.418457,0.810791
-0.555664,0.188843,0.792236
0.445068,-0.248291,0.971069
-0.290283,-0.206909,0.768555
-0.014893,0.156860,1.005981
0.223877,-0.395264,0.861450
-0.585327,0.151367,0.766357
0.436035,-0.195557,0.997314
-0.188110,-0.279053,0.764404
-0.112915,0.162964,0.958618
0.309204,-0.389160,0.892944
-0.573486,0.091309,0.766846
0.401489,-0.123169,1.009521
-0.099976,-0.349365,0.749146
-0.223145,0.159912,0.892944
0.380005,-0.382812,0.909912
-0.548218,0.020264,0.748657
0.315430,-0.047119,1.003418
-0.032349,-0.398193,0.730469
-0.329224,0.170898,0.862061
0.427612,-0.368042,0.933716
-0.509644,-0.062378,0.748047
0.214844,-0.006348,0.988037
0.020508,-0.412720,0.751221
-0.419434,0.173828,0.836548
0.450928,-0.324341,0.957520
-0.447632,-0.117798,0.754639
0.127808,0.067383,1.011108
0.077393,-0.421021,0.784546
-0.500732,0.171997,0.799072
0.460327,-0.300781,0.970825
-0.364014,-0.160645,0.780273
0.036987,0.122925,1.018677
0.166992,-0.414795,0.831909
-0.555420,0.150879,0.775146
0.457520,-0.243286,0.986938
-0.270752,-0.219727,0.782349
-0.046753,0.153687,0.999023
0.272827,-0.438843,0.875977
-0.577393,0.101196,0.745239
0.427979,-0.196899,1.003662
-0.138916,-0.297607,0.779663
-0.129639,0.167358,0.965698
0.345215,-0.414917,0.897095
-0.568481,0.070679,0.756836
0.377319,-0.136353,1.006226
-0.060425,-0.363892,0.779907
-0.220093,0.140137,0.904419
0.398438,-0.395020,0.938721
-0.534058,-0.012939,0.752441
0.303101,-0.082764,0.992920
-0.009155,-0.418823,0.758667
-0.314941,0.127930,0.861938
0.443481,-0.373047,0.947998
-0.503418,-0.071045,0.750488
0.227417,-0.024048,0.999634
0.045166,-0.446655,0.750977
-0.407227,0.131958,0.817261
0.465820,-0.348145,0.971680
-0.458862,-0.122437,0.747314
0.143433,0.034546,1.002686
0.098022,-0.432251,0.785156
-0.484375,0.123291,0.786255
0.483032,-0.327759,0.984863
-0.377075,-0.198730,0.750488
0.048828,0.115112,1.016479
0.188843,-0.440308,0.828369
-0.529541,0.112915,0.767578
0.478394,-0.293091,0.993530
-0.278809,-0.249390,0.773804
-0.045288,0.145020,1.006470
0.273560,-0.437256,0.871216
-0.550293,0.092896,0.754639
0.448120,-0.228638,1.015381
-0.163086,-0.291504,0.803589
-0.123535,0.156006,0.978149
0.330688,-0.417725,0.905396
-0.535645,0.064697,0.770630
0.408203,-0.154541,1.031616
-0.071533,-0.347412,0.804321
-0.199585,0.152588,0.942017
0.395874,-0.426758,0.920532
-0.521362,-0.007935,0.760132
0.344116,-0.101440,1.029785
0.004150,-0.393066,0.800537
-0.272827,0.123291,0.894775
0.446411,-0.400269,0.952026
-0.494263,-0.085327,0.750854
0.274902,-0.031250,1.021240
0.060547,-0.428101,0.794312
-0.343018,0.112793,0.866577
0.478638,-0.376465,0.981934
-0.455566,-0.148926,0.746948
0.191406,0.029663,1.034790
0.109619,-0.435059,0.800049
-0.412109,0.117188,0.833984
0.492188,-0.338989,0.998291
-0.405762,-0.214966,0.741821
0.106323,0.069092,1.025635
0.187500,-0.454224,0.833618
-0.465576,0.101318,0.800049
0.505005,-0.300293,1.026855
-0.326172,-0.236450,0.769287
0.023071,0.124023,1.033325
0.263550,-0.473022,0.858521
-0.485718,0.072632,0.780273
0.479126,-0.271973,1.029907
-0.234863,-0.235718,0.815430
-0.052979,0.146362,1.028931
0.322510,-0.467651,0.894409
-0.508911,0.073608,0.781738
0.452515,-0.208740,1.038696
-0.155884,-0.276123,0.829102
-0.104126,0.143066,1.010620
0.381104,-0.439331,0.946899
-0.511597,0.040527,0.778564
0.423218,-0.151611,1.047119
-0.057129,-0.338135,0.829834
-0.170898,0.145874,0.988525
0.428955,-0.419556,0.980591
-0.487793,-0.027466,0.770386
0.377319,-0.087402,1.064331
0.023193,-0.382080,0.833008
-0.229980,0.137573,0.959839
0.472778,-0.392334,1.004272
-0.456299,-0.087769,0.770508
0.323242,-0.033081,1.066772
0.072876,-0.401978,0.836182
-0.288086,0.132446,0.927246
0.509766,-0.363403,1.029785
-0.429199,-0.138672,0.765381
0.260376,0.011108,1.066284
0.103149,-0.392334,0.844849
-0.338257,0.136108,0.912109
0.535889,-0.343994,1.056763
-0.387207,-0.190796,0.766724
0.188232,0.053711,1.064331
0.190552,-0.413696,0.873169
-0.386597,0.122437,0.883301
0.552612,-0.337158,1.060181
-0.339233,-0.220093,0.783325
0.128784,0.075439,1.060547
0.248047,-0.432983,0.904907
-0.417603,0.098511,0.849243
0.551392,-0.298584,1.067505
-0.281494,-0.267456,0.792847
0.062744,0.118042,1.062744
0.306641,-0.430298,0.931274
-0.435547,0.082153,0.829468
0.526855,-0.248779,1.071655
-0.213257,-0.248901,0.846313
0.002197,0.150024,1.071777
0.367188,-0.422974,0.967896
-0.456665,0.076782,0.830322
0.503662,-0.186279,1.100464
-0.141724,-0.259521,0.855469
-0.058594,0.175659,1.070923
0.412964,-0.422485,0.998169
-0.459473,0.032227,0.829590
0.477661,-0.134766,1.112549
-0.054077,-0.284912,0.887817
-0.116211,0.176270,1.060913
0.449585,-0.403687,1.017944
-0.442261,-0.011963,0.811035
0.455811,-0.090454,1.130737
0.033203,-0.341309,0.883179
-0.172729,0.191406,1.048462
0.498047,-0.395264,1.036865
-0.430664,-0.049683,0.807251
0.412842,-0.039185,1.132446
0.079224,-0.341431,0.903809
-0.213501,0.189453,1.024536
0.526978,-0.362793,1.069580
-0.417969,-0.087769,0.810547
0.368896,-0.008667,1.126465
0.095093,-0.336060,0.907959
-0.262085,0.183716,1.006348
0.550049,-0.320068,1.098389
-0.395508,-0.141968,0.792236
0.320068,0.030396,1.134888
0.160278,-0.367188,0.914062
-0.307739,0.173462,0.983398
0.573364,-0.310791,1.117554
-0.354248,-0.202759,0.801147
0.247437,0.059204,1.114746
0.217896,-0.385742,0.939209
-0.337280,0.141602,0.939941
0.595947,-0.285034,1.131348
-0.305664,-0.241455,0.810913
0.183838,0.097168,1.114868
0.270264,-0.406250,0.945923
-0.359375,0.111328,0.904175
0.585449,-0.253906,1.135986
-0.262573,-0.245483,0.836182
0.126953,0.123413,1.106445
0.310669,-0.422852,0.968262
-0.390747,0.105103,0.880615
0.588867,-0.217285,1.146118
-0.209106,-0.259644,0.853027
0.061279,0.156250,1.108765
0.359619,-0.422119,0.982178
-0.410156,0.085815,0.881958
0.572388,-0.183594,1.154297
-0.166626,-0.260010,0.870850
0.010620,0.179077,1.112305
0.403931,-0.414795,1.013306
-0.434448,0.067505,0.871948
0.555420,-0.143555,1.171509
-0.120728,-0.254272,0.885132
-0.027710,0.199951,1.116089
0.433228,-0.409546,1.024170
-0.440796,0.037231,0.863037
0.544434,-0.132080,1.170288
-0.059814,-0.275269,0.894531
-0.061279,0.200562,1.097412
0.449097,-0.378052,1.036499
-0.440674,0.010498,0.848755
0.519653,-0.113281,1.177490
-0.003296,-0.311035,0.902466
-0.093140,0.202393,1.102295
0.468018,-0.363403,1.044067
-0.450562,-0.000854,0.844238
0.500244,-0.104736,1.171143
-0.006104,-0.310669,0.887817
-0.126587,0.222534,1.094238
0.488647,-0.340820,1.060791
-0.445679,-0.023193,0.843262
0.462036,-0.086548,1.169067
0.005493,-0.339233,0.891357
-0.165039,0.225342,1.083496
0.510498,-0.315308,1.082031
-0.449463,-0.027588,0.830933
0.436646,-0.060059,1.163818
0.032715,-0.358398,0.885254
-0.192139,0.215454,1.057373
0.517334,-0.295166,1.094849
-0.433228,-0.066772,0.815552
0.416626,-0.051758,1.163818
0.048950,-0.353271,0.900024
-0.237671,0.206055,1.026001
0.534058,-0.277100,1.114258
-0.416992,-0.109497,0.803711
0.374268,-0.031616,1.163086
0.069092,-0.372803,0.896240
-0.255371,0.175049,1.003540
0.546997,-0.280273,1.116089
-0.412109,-0.118042,0.795166
0.343994,-0.006104,1.152344
0.091919,-0.395142,0.891479
-0.282715,0.176880,0.985107
0.555176,-0.293091,1.108276
-0.400391,-0.122070,0.801636
0.312134,0.007690,1.150391
0.108398,-0.383057,0.906128
-0.299683,0.159424,0.970825
0.541748,-0.294189,1.096558
-0.391846,-0.143921,0.801758
0.296997,0.022827,1.142944
0.129272,-0.396362,0.896362
-0.326172,0.153809,0.951416
0.542358,-0.284912,1.102295
-0.381836,-0.162109,0.787842
0.271851,0.037720,1.140015
0.130249,-0.392212,0.899170
-0.336182,0.147461,0.942993
0.542236,-0.274536,1.097534
-0.377686,-0.183105,0.779053
0.241455,0.051880,1.136841
0.141846,-0.401001,0.898804
-0.357056,0.141235,0.923462
0.527222,-0.260620,1.102173
-0.372070,-0.183960,0.786987
0.225464,0.050049,1.129272
0.140625,-0.395630,0.894775
-0.382324,0.129761,0.925415
0.526245,-0.269531,1.093262
-0.373657,-0.179932,0.782471
0.199219,0.053467,1.112183
0.152710,-0.386719,0.893066
-0.405273,0.124023,0.900024
0.526978,-0.262939,1.091553
-0.374268,-0.197266,0.774536
0.173706,0.072388,1.106323
0.156860,-0.382568,0.895020
-0.416748,0.124023,0.890015
0.525513,-0.266357,1.086304
-0.374512,-0.192505,0.778320
0.144531,0.085571,1.093506
0.172607,-0.409912,0.888306
-0.441650,0.114502,0.882812
0.525635,-0.262939,1.081177
-0.377197,-0.197754,0.763916
0.113525,0.098389,1.073975
0.189697,-0.407471,0.889038
-0.460571,0.112671,0.866943
0.515625,-0.246948,1.080933
-0.367676,-0.221436,0.763916
0.096924,0.091797,1.078979
0.195801,-0.412109,0.887939
-0.482544,0.112061,0.853271
0.514160,-0.247925,1.077026
-0.350708,-0.209595,0.774536
0.061646,0.101807,1.066895
0.197144,-0.407349,0.877441
-0.491333,0.103271,0.836548
0.503418,-0.250366,1.073608
-0.314331,-0.237061,0.782593
0.031250,0.104492,1.052979
0.213257,-0.405151,0.874390
-0.504761,0.097412,0.825806
0.494263,-0.244263,1.060791
-0.297607,-0.259277,0.773071
0.007446,0.112061,1.046509
0.227295,-0.415039,0.880127
-0.523926,0.087158,0.806763
0.483276,-0.229614,1.067261
-0.282471,-0.271484,0.767944
-0.017578,0.124268,1.032593
0.235840,-0.418945,0.875854
-0.538940,0.082764,0.804321
0.473755,-0.234985,1.053101
-0.267090,-0.280273,0.747314
-0.054688,0.128662,1.016724
0.252075,-0.415283,0.882568
-0.547974,0.071533,0.785522
0.458740,-0.223511,1.040161
-0.250977,-0.290649,0.741943
-0.086060,0.140259,1.006348
0.275146,-0.395996,0.901001
-0.571045,0.072388,0.772461
0.452515,-0.222412,1.041016
-0.239258,-0.300781,0.731445
-0.124390,0.169189,1.001587
0.301880,-0.393311,0.903076
-0.582153,0.063965,0.775146
0.420044,-0.197266,1.029297
-0.218750,-0.314453,0.731201
-0.160156,0.167847,0.989014
0.318359,-0.396851,0.908325
-0.521362,-0.042114,0.764648
0.384277,-0.093262,1.104614
-0.206787,-0.336182,0.722046
-0.275269,0.201172,0.988403
0.441895,-0.328247,1.013184
-0.520996,-0.075317,0.755005
0.349854,-0.085205,1.097534
-0.068481,-0.368530,0.799194
-0.306641,0.184692,0.951294
0.445435,-0.326538,1.009155
-0.508545,-0.077515,0.751831
0.319458,-0.069702,1.094238
-0.051514,-0.375366,0.795044
-0.336792,0.171875,0.936035
0.449341,-0.322021,1.005493
-0.501099,-0.088501,0.746216
0.280640,-0.053589,1.086182
-0.026733,-0.384888,0.806885
-0.366089,0.166626,0.906982
0.440552,-0.301147,1.014404
-0.491943,-0.121826,0.736084
0.245850,-0.028198,1.083496
-0.002930,-0.386108,0.804077
-0.405396,0.172974,0.901367
0.447144,-0.290649,1.010376
-0.484741,-0.124512,0.735474
0.198975,-0.011841,1.065063
0.026245,-0.407104,0.820679
-0.446533,0.182861,0.884033
0.449707,-0.283691,1.022217
-0.486816,-0.140259,0.723511
0.150513,0.023071,1.055908
0.059204,-0.419678,0.831299
-0.482178,0.167358,0.871216
0.454956,-0.260254,1.031128
-0.475708,-0.143555,0.732422
0.109619,0.053467,1.046265
0.099243,-0.433228,0.827881
-0.505859,0.157227,0.852661
0.451904,-0.262695,1.021973
-0.432007,-0.152466,0.750610
0.062744,0.070312,1.038940
0.125854,-0.415405,0.835693
-0.526123,0.141602,0.828003
0.445435,-0.255859,1.012939
-0.398560,-0.180176,0.743530
0.024414,0.090942,1.021240
0.168335,-0.434082,0.840576
-0.548950,0.126343,0.812622
0.453247,-0.241577,1.016724
-0.354858,-0.206787,0.745605
-0.022583,0.116821,1.009399
0.211914,-0.426147,0.865356
-0.574097,0.117920,0.797485
0.436646,-0.230957,1.012329
-0.318970,-0.234375,0.728882
-0.063965,0.135986,0.998657
0.240112,-0.415894,0.879028
-0.585938,0.098755,0.786621
0.422485,-0.196289,1.018555
-0.287109,-0.261719,0.719116
-0.109131,0.160278,0.987549
0.274292,-0.422485,0.885986
-0.598755,0.094849,0.776123
0.406616,-0.191406,1.011963
-0.243774,-0.293945,0.714722
-0.170654,0.174927,0.972290
0.313599,-0.418335,0.900391
-0.605835,0.070679,0.758789
0.393188,-0.167236,1.013672
-0.217651,-0.317505,0.704102
-0.216553,0.187256,0.958008
0.334473,-0.408691,0.902832
-0.596680,0.046753,0.751343
0.367798,-0.146606,1.011230
-0.184326,-0.335815,0.708374
-0.267578,0.190796,0.936401
0.360718,-0.395142,0.909790
-0.595947,0.024170,0.737793
0.329590,-0.120117,1.010742
-0.151855,-0.366333,0.714111
-0.328735,0.198120,0.908447
0.391235,-0.374878,0.930908
-0.576050,-0.019165,0.723267
0.279907,-0.069824,1.013916
-0.110840,-0.393677,0.718994
-0.383057,0.218018,0.890747
0.402100,-0.345337,0.941772
-0.548218,-0.044067,0.712158
0.228271,-0.022339,1.008789
-0.076660,-0.390137,0.740356
-0.439209,0.217529,0.874268
0.423462,-0.319702,0.955688
-0.530029,-0.095215,0.696411
0.162598,0.025879,1.005615
-0.022461,-0.389160,0.767944
-0.489624,0.209229,0.858032
0.430542,-0.291016,0.976074
-0.485840,-0.113647,0.723022
0.098877,0.085815,1.013062
0.045288,-0.391602,0.795654
-0.531250,0.215210,0.847168
0.432983,-0.258545,0.983643
-0.416870,-0.166138,0.739014
0.042114,0.124390,1.016968
0.112549,-0.392090,0.820068
-0.562622,0.197021,0.821045
0.440552,-0.221680,0.998169
-0.345703,-0.206299,0.729980
-0.014526,0.146973,1.007202
0.186401,-0.401978,0.838989
-0.590332,0.163574,0.784058
0.429810,-0.173828,1.010986
-0.259644,-0.271851,0.729248
-0.083618,0.171875,0.981323
0.249512,-0.393799,0.868652
-0.602661,0.142090,0.760864
0.415161,-0.156250,1.011475
-0.194702,-0.296997,0.739136
-0.152100,0.187744,0.957153
0.308350,-0.390503,0.886841
-0.595215,0.107422,0.762695
0.388428,-0.135132,1.010376
-0.143921,-0.336670,0.730591
-0.223633,0.195801,0.926636
0.356445,-0.380005,0.901123
-0.581421,0.073242,0.755127
0.348022,-0.092285,1.009521
-0.089233,-0.372070,0.723877
-0.301514,0.203247,0.889404
0.393555,-0.339722,0.920044
-0.556274,0.004639,0.728516
0.271606,-0.048828,0.991455
-0.047974,-0.404541,0.734619
-0.366821,0.201904,0.862183
0.414673,-0.309692,0.939941
-0.526978,-0.056763,0.721680
0.199463,0.000366,0.994751
0.015015,-0.414917,0.753052
-0.437500,0.212402,0.848999
0.434570,-0.279419,0.957764
-0.469727,-0.102173,0.737305
0.126953,0.063354,1.011475
0.078979,-0.416138,0.791626
-0.502686,0.204102,0.821777
0.449707,-0.240356,0.978638
-0.404053,-0.136719,0.750488
0.055786,0.114990,1.009155
0.149780,-0.414795,0.816040
-0.555420,0.181641,0.790527
0.444702,-0.212646,0.986328
-0.309082,-0.193604,0.753784
-0.039062,0.170044,1.001709
0.238281,-0.413452,0.857056
-0.566284,0.142456,0.776489
0.432251,-0.186890,0.998535
-0.212769,-0.257568,0.755493
-0.113525,0.190308,0.969604
0.308350,-0.410156,0.889038
-0.573242,0.095093,0.766113
0.412354,-0.149902,1.018066
-0.119019,-0.328247,0.760864
-0.201904,0.185669,0.925903
0.365601,-0.404541,0.890259
-0.560303,0.059692,0.765137
0.362793,-0.105591,1.010498
-0.057617,-0.379272,0.754639
-0.284180,0.184937,0.880371
0.405273,-0.369507,0.927002
-0.537598,-0.030273,0.738525
0.297119,-0.051636,1.002197
0.000732,-0.426025,0.736816
-0.362793,0.172974,0.844116
0.433350,-0.345093,0.937012
-0.493042,-0.079346,0.744141
0.209229,-0.006226,1.001343
0.064819,-0.450806,0.760254
-0.434814,0.174316,0.814575
0.447388,-0.309204,0.955566
-0.440796,-0.128174,0.751709
0.124634,0.048828,1.006592
0.120361,-0.445435,0.789429
-0.496826,0.147339,0.786865
0.452026,-0.269165,0.973511
-0.372803,-0.180420,0.750366
0.030151,0.104858,0.998901
0.203979,-0.455933,0.831665
-0.535400,0.110107,0.760132
0.446777,-0.226685,0.998291
-0.285645,-0.211670,0.766235
-0.053833,0.143188,0.986572
0.284668,-0.464722,0.862061
-0.556885,0.075073,0.757202
0.433228,-0.189819,1.019531
-0.174561,-0.253784,0.786743
-0.130493,0.154053,0.962769
0.335693,-0.443970,0.894653
-0.545288,0.050293,0.766724
0.394531,-0.133423,1.028442
-0.085449,-0.329468,0.790649
-0.213013,0.167236,0.930664
0.388428,-0.427246,0.922607
-0.530518,-0.005737,0.754761
0.351196,-0.111084,1.011719
-0.005615,-0.401001,0.783936
-0.289673,0.168091,0.895264
0.431519,-0.414917,0.936646
-0.499634,-0.083252,0.750977
0.279541,-0.064331,1.008667
0.061157,-0.447021,0.775879
-0.361572,0.159302,0.858887
0.461182,-0.366943,0.971924
-0.449951,-0.134644,0.745605
0.203247,-0.009521,1.020630
0.107910,-0.468628,0.778320
-0.413330,0.135254,0.824707
0.477661,-0.328979,0.982788
-0.404541,-0.167358,0.755615
0.120483,0.042603,1.014893
0.160767,-0.459961,0.818359
-0.452881,0.105469,0.805908
0.474731,-0.290283,1.006348
-0.349976,-0.211792,0.757812
0.045532,0.081177,1.016846
0.248413,-0.474976,0.855469
-0.488647,0.069580,0.777222
0.469727,-0.264038,1.010864
-0.274658,-0.238281,0.786499
-0.031616,0.131348,1.020752
0.310303,-0.459473,0.894653
-0.508179,0.047852,0.774902
0.451172,-0.201660,1.043457
-0.189331,-0.254028,0.807739
-0.098389,0.155762,1.003418
0.368774,-0.450928,0.931030
-0.506226,0.029053,0.785400
0.427368,-0.162842,1.051025
-0.094360,-0.318970,0.826782
-0.161133,0.169800,0.999878
0.412598,-0.439941,0.958130
-0.493042,-0.018555,0.775635
0.392334,-0.117676,1.061035
0.000122,-0.383423,0.825195
-0.221191,0.177368,0.967407
0.457642,-0.400146,0.986450
-0.468872,-0.075195,0.769287
0.346802,-0.072144,1.065186
0.077148,-0.425171,0.836914
-0.280273,0.171875,0.943115
0.489380,-0.373901,1.010254
-0.433960,-0.123779,0.776123
0.288940,-0.040161,1.052856
0.115112,-0.422852,0.844727
-0.327393,0.162964,0.921143
0.511963,-0.325684,1.038940
-0.393433,-0.167114,0.782349
0.222412,0.013062,1.073242
0.167725,-0.420898,0.876831
-0.375610,0.137329,0.897949
0.536133,-0.306030,1.059814
-0.348999,-0.212036,0.781128
0.149292,0.073608,1.071045
0.249634,-0.449219,0.899902
-0.408569,0.087402,0.845825
0.538452,-0.282471,1.068359
-0.284668,-0.238892,0.793823
0.083008,0.101196,1.061768
0.305298,-0.445801,0.928955
-0.428711,0.065918,0.824951
0.531860,-0.233643,1.090576
-0.234741,-0.242432,0.814209
0.024048,0.142822,1.070679
0.362549,-0.442871,0.966675
-0.446899,0.062622,0.832275
0.515259,-0.183350,1.107666
-0.166748,-0.250610,0.834229
-0.036255,0.182617,1.066284
0.415039,-0.422974,0.992554
-0.446655,0.037354,0.838379
0.500366,-0.144653,1.124878
-0.096191,-0.271973,0.868164
-0.091675,0.195679,1.064697
0.456421,-0.400757,1.026978
-0.439575,-0.009033,0.827515
0.473999,-0.097534,1.145020
0.004883,-0.321899,0.894043
-0.145630,0.204468,1.055664
0.488159,-0.378052,1.045898
-0.431152,-0.061401,0.814453
0.433105,-0.068359,1.145142
0.073486,-0.365723,0.894653
-0.204712,0.225220,1.045410
0.521729,-0.343506,1.072998
-0.408569,-0.097900,0.813843
0.382568,-0.024658,1.137695
0.094604,-0.350342,0.912720
-0.259766,0.217407,1.023438
0.557495,-0.313477,1.102905
-0.380615,-0.145508,0.811157
0.321289,0.020264,1.140503
0.162964,-0.386597,0.924561
-0.301270,0.182861,0.983154
0.574097,-0.274292,1.126221
-0.334595,-0.180664,0.815918
0.252686,0.058838,1.127441
0.227783,-0.401001,0.947266
-0.339355,0.133789,0.931152
0.588867,-0.256958,1.128540
-0.293335,-0.222534,0.821655
0.187378,0.089966,1.118896
0.294678,-0.417725,0.966553
-0.366821,0.110352,0.911011
0.575806,-0.225464,1.133545
-0.243652,-0.229004,0.846802
0.120117,0.122681,1.111450
0.340454,-0.411377,0.991211
-0.400879,0.101440,0.878906
0.565063,-0.185303,1.140015
-0.190186,-0.238403,0.859497
0.056763,0.144409,1.104980
0.377808,-0.400879,1.010498
-0.416138,0.059448,0.873291
0.545044,-0.148926,1.164062
-0.142334,-0.266968,0.873779
-0.002441,0.171387,1.101807
0.416138,-0.387695,1.022583
-0.426880,0.031738,0.860596
0.536499,-0.121338,1.167725
-0.069092,-0.293945,0.880371
-0.069702,0.197754,1.086060
0.446777,-0.365601,1.039429
-0.424805,-0.014282,0.854004
0.505737,-0.091797,1.174927
-0.024170,-0.322388,0.872437
-0.119995,0.195679,1.066895
0.476562,-0.343750,1.061279
-0.425171,-0.046509,0.836060
0.474976,-0.069824,1.175537
-0.024536,-0.309570,0.870728
-0.189941,0.221680,1.057617
0.507568,-0.329712,1.078613
-0.425171,-0.077515,0.822266
0.430786,-0.041504,1.172119
0.020508,-0.322510,0.880859
-0.252441,0.220581,1.026489
0.526611,-0.303223,1.096313
-0.407715,-0.126465,0.803833
0.369019,-0.004761,1.160034
0.069092,-0.352173,0.888062
-0.297852,0.195557,0.985718
0.540894,-0.295898,1.099854
-0.386230,-0.169067,0.793457
0.298462,0.020020,1.152100
0.118042,-0.387695,0.884766
-0.341553,0.162476,0.943970
0.534912,-0.286743,1.092773
-0.359863,-0.208008,0.789917
0.233276,0.038452,1.130615
0.164185,-0.397217,0.901978
-0.381226,0.154541,0.909912
0.541016,-0.253540,1.100830
-0.340576,-0.222290,0.780640
0.170898,0.058716,1.116089
0.211792,-0.391846,0.922974
-0.429688,0.145020,0.889648
0.538086,-0.242554,1.100342
-0.321655,-0.242432,0.796265
0.102539,0.076538,1.084961
0.248535,-0.388672,0.932739
-0.446289,0.098633,0.862915
0.526001,-0.214355,1.103394
-0.282227,-0.244995,0.797241
0.041016,0.096436,1.074829
0.273926,-0.392090,0.922852
-0.464355,0.080811,0.843994
0.516968,-0.208984,1.099121
-0.219360,-0.281738,0.797241
-0.013550,0.104736,1.049194
0.302124,-0.396729,0.934692
-0.489746,0.049561,0.819092
0.488647,-0.182739,1.100586
-0.193848,-0.286987,0.796753
-0.076660,0.127319,1.032959
0.331787,-0.391602,0.942017
-0.494873,0.007812,0.804077
0.462158,-0.146729,1.101440
-0.180420,-0.293213,0.780151
-0.144409,0.160278,1.009644
0.359009,-0.385376,0.953369
-0.505859,-0.017578,0.780762
0.431030,-0.125610,1.102661
-0.172485,-0.300903,0.767456
-0.215942,0.169434,0.983765
0.392334,-0.381470,0.971436
-0.516113,-0.057983,0.762329
0.384888,-0.104004,1.087524
-0.145020,-0.290649,0.775879
-0.278076,0.182983,0.961304
0.406250,-0.357544,0.973999
-0.516602,-0.086792,0.745850
0.343140,-0.083008,1.085815
-0.121094,-0.310059,0.778442
-0.335327,0.185913,0.921631
0.429077,-0.354492,0.983398
-0.507812,-0.122925,0.728027
0.295776,-0.050659,1.082642
-0.088379,-0.352173,0.770630
-0.387817,0.196045,0.902588
0.433105,-0.345825,0.990845
-0.493530,-0.162109,0.712524
0.243286,-0.018188,1.068604
-0.043091,-0.372192,0.786865
-0.444092,0.199341,0.887085
0.442139,-0.335693,0.993408
-0.473999,-0.161621,0.721436
0.180542,0.019287,1.059937
0.009155,-0.385742,0.797607
-0.487671,0.208496,0.869507
0.451538,-0.320435,0.998535
-0.468872,-0.203735,0.707275
0.117188,0.042480,1.040405
0.063721,-0.401123,0.811768
-0.532227,0.210449,0.848633
0.449829,-0.302856,0.998413
-0.426880,-0.244385,0.713623
0.053955,0.078613,1.040039
0.114502,-0.412964,0.816284
-0.555664,0.196045,0.820557
0.454834,-0.270996,1.006958
-0.358398,-0.234009,0.738281
0.000854,0.092041,1.014160
0.160278,-0.424194,0.828369
-0.575928,0.160522,0.795044
0.435425,-0.244507,1.000854
-0.307617,-0.264282,0.725830
-0.049316,0.117188,1.001465
0.210083,-0.419312,0.847534
-0.589233,0.140747,0.780518
0.425293,-0.211914,1.001709
-0.266479,-0.301392,0.713989
-0.111084,0.139648,0.981201
0.258301,-0.421875,0.867676
-0.607056,0.126709,0.769897
0.407837,-0.186035,0.999512
-0.228394,-0.308838,0.723389
-0.178467,0.152344,0.960693
0.294922,-0.404785,0.889648
-0.603882,0.097412,0.758179
0.387573,-0.160522,1.004883
-0.210083,-0.309937,0.725830
-0.229492,0.165771,0.946777
0.333740,-0.402222,0.901001
-0.603149,0.069824,0.749512
0.356079,-0.115112,0.999146
-0.169678,-0.323608,0.716553
-0.286133,0.184814,0.911377
0.364868,-0.379517,0.912598
-0.586304,0.027710,0.729614
0.314819,-0.078857,1.004883
-0.128296,-0.363647,0.715820
-0.345581,0.187744,0.889404
0.386108,-0.364502,0.931274
-0.554565,-0.022949,0.713257
0.266235,-0.032227,1.009277
-0.093872,-0.366943,0.735229
-0.398315,0.202881,0.870483
0.411987,-0.357788,0.938354
-0.546021,-0.066772,0.697021
0.221680,0.004028,1.006348
-0.052368,-0.372803,0.744019
-0.436890,0.221558,0.869873
0.422852,-0.329102,0.946167
-0.522705,-0.107422,0.704102
0.171997,0.039185,1.015137
-0.014648,-0.378662,0.761719
-0.482422,0.233398,0.851440
0.435913,-0.305664,0.957275
-0.483032,-0.135254,0.711670
0.137939,0.067871,1.022339
0.035278,-0.384521,0.779419
-0.515381,0.240479,0.831055
0.444092,-0.287720,0.968872
-0.438232,-0.169678,0.729736
0.099609,0.086182,1.022217
0.087280,-0.402588,0.798950
-0.547729,0.234375,0.816040
0.444946,-0.262939,0.973267
-0.385254,-0.171143,0.739258
0.052856,0.103027,1.008789
0.137451,-0.396973,0.824341
-0.569702,0.220093,0.808228
0.437256,-0.225586,0.980469
-0.335815,-0.203003,0.746338
0.008301,0.140869,1.009277
0.193604,-0.398071,0.852783
-0.585693,0.208130,0.796631
0.438599,-0.206787,0.985107
-0.284668,-0.212646,0.753906
-0.042725,0.152344,0.982910
0.244019,-0.401733,0.869507
-0.588501,0.175049,0.781128
0.440674,-0.175781,0.998047
-0.233032,-0.225342,0.757690
-0.095215,0.169189,0.968994
0.295776,-0.404053,0.887451
-0.579956,0.145264,0.775757
0.429077,-0.152100,1.009399
-0.185181,-0.268921,0.752686
-0.147339,0.174561,0.946655
0.329468,-0.415039,0.899414
-0.580566,0.103149,0.773315
0.406372,-0.119141,1.025269
-0.129517,-0.305664,0.758423
-0.201660,0.183716,0.924561
0.368042,-0.416260,0.903198
-0.564819,0.075806,0.766724
0.377930,-0.085938,1.016602
-0.086304,-0.347778,0.750122
-0.256348,0.179077,0.891357
0.384033,-0.393677,0.918701
-0.549438,0.030762,0.758545
0.346436,-0.061890,1.020264
-0.055298,-0.370728,0.743164
-0.311523,0.172241,0.867310
0.417725,-0.382935,0.934692
-0.525024,-0.035400,0.747559
0.289429,-0.030762,1.008667
-0.010498,-0.398438,0.749268
-0.358643,0.171387,0.847778
0.440674,-0.383667,0.941406
-0.503784,-0.072266,0.743164
0.245361,-0.011719,1.007324
0.026489,-0.404541,0.748657
-0.399292,0.175903,0.840210
0.456543,-0.369019,0.944214
-0.487549,-0.105469,0.741577
0.201782,0.007080,1.009155
0.061279,-0.420776,0.773926
-0.434814,0.165527,0.823975
0.463501,-0.351196,0.958862
-0.450439,-0.142090,0.740112
0.159180,0.042603,1.018188
0.104858,-0.440552,0.781128
-0.473755,0.162598,0.793823
0.468384,-0.331055,0.961914
-0.418701,-0.184814,0.739502
0.110718,0.058838,1.016479
0.137573,-0.440674,0.808716
-0.499634,0.143921,0.789795
0.461304,-0.307129,0.974121
-0.373779,-0.173706,0.770874
0.061401,0.075928,1.013916
0.186157,-0.448730,0.823364
-0.512817,0.117676,0.767944
0.463745,-0.271851,0.991333
-0.332397,-0.205566,0.766357
0.019531,0.095093,1.012939
0.236206,-0.468872,0.849365
-0.519043,0.086304,0.758423
0.461182,-0.261719,0.995361
-0.289795,-0.230347,0.770508
-0.035522,0.116821,1.000244
0.289917,-0.479614,0.871460
-0.525146,0.070801,0.748779
0.451050,-0.234375,1.008911
-0.247070,-0.204834,0.794312
-0.069946,0.128052,1.002686
0.325317,-0.481445,0.886719
-0.527222,0.069336,0.764648
0.434326,-0.196533,1.024048
-0.194824,-0.243652,0.803589
-0.098633,0.143433,0.999512
0.361328,-0.469116,0.915283
-0.524658,0.067627,0.776489
0.422485,-0.168213,1.030396
-0.147949,-0.250000,0.815063
-0.130493,0.141846,0.987671
0.385498,-0.455078,0.935303
-0.509888,0.036743,0.782715
0.420044,-0.146606,1.040649
-0.094971,-0.276367,0.832764
-0.170288,0.151245,0.985840
0.419189,-0.457031,0.948975
-0.498535,0.004028,0.768066
0.396484,-0.114136,1.052856
-0.045898,-0.319336,0.825562
-0.198242,0.153809,0.980103
0.443359,-0.446533,0.961792
-0.482178,-0.034302,0.771362
0.376465,-0.097290,1.059814
0.007324,-0.350586,0.838501
-0.219727,0.163574,0.977539
0.472534,-0.430176,0.986816
-0.466675,-0.067261,0.768311
0.356079,-0.059448,1.072876
0.048218,-0.374756,0.849731
-0.244141,0.175293,0.974609
0.491577,-0.407471,1.008911
-0.445312,-0.093018,0.777588
0.333618,-0.048096,1.069214
0.081299,-0.387451,0.863159
-0.269653,0.174927,0.971436
0.518799,-0.380249,1.035400
-0.421265,-0.135620,0.774048
0.312744,-0.012695,1.077026
0.106934,-0.378784,0.871582
-0.295166,0.183350,0.966309
0.531006,-0.358521,1.051514
-0.384155,-0.176025,0.780640
0.280151,0.007935,1.086670
0.119873,-0.372925,0.888672
-0.308228,0.177368,0.964111
0.549072,-0.345825,1.076294
-0.374756,-0.187988,0.788940
0.250854,0.035400,1.102051
0.150391,-0.389526,0.901367
-0.333252,0.169800,0.953857
0.563599,-0.324829,1.088867
-0.357056,-0.212280,0.791138
0.231567,0.051636,1.102905
0.191284,-0.403320,0.920044
-0.344849,0.137085,0.918335
0.579590,-0.306885,1.101562
-0.327271,-0.223145,0.802368
0.200073,0.073608,1.100830
0.233887,-0.426636,0.924683
-0.358276,0.129395,0.908569
0.580078,-0.275513,1.116089
-0.297241,-0.239014,0.807495
0.171997,0.083862,1.105957
0.275391,-0.439209,0.939453
-0.367065,0.109863,0.894653
0.582275,-0.253540,1.120728
-0.270996,-0.246216,0.816284
0.148560,0.107544,1.111938
0.304688,-0.442261,0.957275
-0.380615,0.100708,0.883423
0.582642,-0.251709,1.120117
-0.250732,-0.233032,0.831177
0.119263,0.121704,1.110352
0.336426,-0.434570,0.971802
-0.395142,0.098877,0.875488
0.580322,-0.223999,1.129517
-0.227295,-0.236694,0.844604
0.097046,0.133911,1.115723
0.359253,-0.438965,0.985229
-0.409058,0.105347,0.882202
0.568115,-0.207275,1.139648
-0.205566,-0.240967,0.859985
0.062988,0.145386,1.113159
0.373901,-0.427124,1.002319
-0.415039,0.098022,0.882812
0.573853,-0.185181,1.152100
-0.184448,-0.238892,0.865356
0.035278,0.149658,1.105469
0.389526,-0.419434,1.012939
-0.416016,0.071655,0.874023
0.565308,-0.165039,1.159424
-0.166016,-0.241333,0.872437
-0.114380,0.205322,1.069458
0.402832,-0.410278,1.011963
-0.442993,-0.017212,0.829468
0.474121,-0.093384,1.140625
0.021729,-0.308838,0.903809
-0.132935,0.212646,1.066162
0.493530,-0.385986,1.047852
-0.426270,-0.051636,0.823608
0.454590,-0.073730,1.151001
0.047241,-0.324463,0.914673
-0.156616,0.210449,1.063477
0.510010,-0.372437,1.067383
-0.430664,-0.058105,0.818604
0.452026,-0.062134,1.160278
0.049194,-0.325317,0.910767
-0.176880,0.215454,1.064087
0.519409,-0.349243,1.084595
-0.421997,-0.078003,0.820435
0.429688,-0.031128,1.156372
0.040527,-0.323730,0.908203
-0.195679,0.225708,1.061646
0.543091,-0.329834,1.099365
-0.415894,-0.092041,0.813599
0.415039,-0.018921,1.163696
0.055176,-0.320190,0.908691
-0.212280,0.217896,1.048340
0.548096,-0.307861,1.109253
-0.404053,-0.114746,0.812622
0.396729,0.000854,1.171753
0.065918,-0.332275,0.920166
-0.238525,0.213989,1.046265
0.560913,-0.308838,1.122070
-0.387451,-0.128662,0.807739
0.381958,0.014404,1.168335
0.086914,-0.310913,0.926636
-0.249268,0.203247,1.026733
0.554443,-0.292114,1.119629
-0.384644,-0.139160,0.808472
0.364014,0.026245,1.167603
0.099731,-0.325928,0.922607
-0.263794,0.194336,1.013550
0.556030,-0.296265,1.125854
-0.383301,-0.150391,0.817627
0.347290,0.019165,1.166870
0.101807,-0.352905,0.919312
-0.290894,0.189087,0.999023
0.559570,-0.303589,1.117676
-0.380493,-0.164062,0.794067
0.322754,0.030518,1.163574
0.100220,-0.353882,0.909424
-0.300537,0.165649,0.974365
0.556763,-0.310913,1.107788
-0.385254,-0.176270,0.786377
0.315186,0.031494,1.163940
0.103760,-0.357178,0.904175
-0.309082,0.169434,0.967285
0.553101,-0.305176,1.096069
-0.384888,-0.183716,0.786011
0.302246,0.020142,1.153809
0.099609,-0.359009,0.887939
-0.319824,0.158813,0.957886
0.548706,-0.312988,1.096313
-0.389160,-0.187988,0.781982
0.285767,0.025757,1.142944
0.103394,-0.347656,0.890869
-0.337158,0.168457,0.942505
0.539795,-0.311157,1.079346
-0.395264,-0.194458,0.773193
0.277100,0.018799,1.134766
0.094238,-0.350220,0.880127
-0.348511,0.176636,0.937012
0.531006,-0.303589,1.077271
-0.403687,-0.191650,0.755615
0.259277,0.019287,1.129395
0.081665,-0.376953,0.860352
-0.358154,0.168213,0.931274
0.517822,-0.330200,1.062988
-0.412964,-0.191284,0.762329
0.241577,0.023438,1.116943
0.073608,-0.379761,0.848389
-0.381958,0.174805,0.923218
0.516846,-0.321655,1.052612
-0.430908,-0.188721,0.749878
0.231445,0.016846,1.106812
0.061035,-0.372070,0.844727
-0.397827,0.182983,0.915894
0.503052,-0.312134,1.049805
-0.440430,-0.188232,0.741821
0.219238,0.021118,1.100464
0.050049,-0.374023,0.843262
-0.404541,0.168335,0.903809
0.497803,-0.322510,1.043945
-0.448242,-0.178955,0.739868
0.211670,0.020264,1.085938
0.041626,-0.376221,0.828979
-0.429077,0.184937,0.899902
0.494873,-0.323242,1.035889
-0.465210,-0.169800,0.725708
0.193604,0.011597,1.072632
0.038452,-0.379639,0.823608
-0.439941,0.186646,0.894165
0.475708,-0.315430,1.024658
-0.471924,-0.170654,0.717896
0.189453,0.012939,1.060425
0.027710,-0.403809,0.813110
-0.460693,0.195068,0.887939
0.467773,-0.331909,1.011475
-0.486450,-0.155029,0.724365
0.180786,0.008667,1.056152
0.021606,-0.395630,0.805298
-0.472900,0.200928,0.878052
0.463013,-0.328247,1.010132
-0.498413,-0.148926,0.714600
0.167114,0.011597,1.051880
0.018188,-0.394531,0.798584
-0.483276,0.206177,0.877930
0.455078,-0.328979,0.999756
-0.502686,-0.129761,0.732056
0.151855,0.020386,1.038330
0.015137,-0.397705,0.801147
-0.489258,0.199829,0.859497
0.447144,-0.323364,0.990479
-0.496826,-0.141479,0.714111
0.139648,0.035156,1.037720
0.017212,-0.396729,0.791504
-0.501953,0.201782,0.857666
0.446167,-0.321411,0.979004
-0.496216,-0.154785,0.706177
0.123169,0.047241,1.027344
0.028564,-0.413330,0.786499
-0.512573,0.215332,0.866089
0.443237,-0.306885,0.985474
-0.490845,-0.152100,0.712646
0.107056,0.055542,1.028076
0.036377,-0.428467,0.785889
-0.522583,0.210815,0.844116
0.440674,-0.301392,0.976929
-0.475586,-0.141968,0.725830
0.094971,0.067871,1.029541
0.045654,-0.427734,0.784302
-0.531494,0.217529,0.849609
0.439331,-0.290283,0.978271
-0.472168,-0.134399,0.729370
0.083984,0.071777,1.023071
0.056396,-0.416626,0.789551
-0.542969,0.216064,0.835693
0.433472,-0.287231,0.971313
-0.450073,-0.161133,0.722412
0.071899,0.091309,1.022827
0.072998,-0.408081,0.796387
-0.556641,0.219238,0.825439
0.437988,-0.277466,0.974976
-0.427368,-0.175171,0.724365
0.068359,0.092407,1.024414
0.089966,-0.412842,0.803345
-0.561768,0.217651,0.818970
0.437866,-0.264893,0.978271
-0.400879,-0.185181,0.729248
0.054321,0.100098,1.023682
0.114868,-0.413208,0.803101
-0.573242,0.220703,0.817993
0.443848,-0.252930,0.978882
-0.373413,-0.157593,0.755615
0.038574,0.104004,1.011841
0.142578,-0.408691,0.820435
-0.584839,0.212646,0.799927
0.442871,-0.235352,0.978149
-0.336914,-0.184937,0.748413
0.015381,0.118408,1.001221
0.171631,-0.401001,0.832886
-0.588989,0.210693,0.796875
0.438843,-0.225342,0.978882
-0.313232,-0.206909,0.748901
-0.017456,0.134277,0.998901
0.202393,-0.391357,0.855225
-0.595825,0.200439,0.791016
0.438965,-0.198730,0.990356
-0.273315,-0.219971,0.738525
-0.049683,0.149658,0.982788
0.237183,-0.393677,0.858643
-0.596558,0.177002,0.784180
0.432617,-0.188843,0.994629
-0.237183,-0.261841,0.749756
-0.096313,0.170410,0.965942
0.269409,-0.395020,0.876221
-0.597168,0.159302,0.772217
0.430176,-0.174438,0.999756
-0.198730,-0.277710,0.749512
-0.131836,0.185059,0.963013
0.308105,-0.395020,0.887207
-0.594604,0.133911,0.770996
0.419556,-0.149170,1.009155
-0.153320,-0.309326,0.748535
-0.174683,0.188354,0.942383
0.340820,-0.399658,0.899414
-0.589111,0.116455,0.766479
0.393433,-0.118042,1.009644
-0.113770,-0.341187,0.750610
-0.222046,0.192871,0.915283
0.366089,-0.388672,0.900879
-0.567749,0.079590,0.758545
0.363159,-0.092896,1.013550
-0.073486,-0.377441,0.752075
-0.264160,0.186279,0.895874
0.390015,-0.382202,0.921631
-0.549683,0.026978,0.748901
0.324463,-0.062500,0.999146
-0.026001,-0.377930,0.763306
-0.324829,0.166016,0.858276
0.414307,-0.372681,0.927124
-0.528931,-0.033569,0.744995
0.270020,-0.027832,1.007324
0.008301,-0.398560,0.761719
-0.373413,0.161865,0.841675
0.439209,-0.356567,0.939331
-0.500244,-0.078369,0.736206
0.208984,0.016968,1.012573
0.047119,-0.413940,0.771484
-0.420166,0.159058,0.823242
0.444580,-0.329590,0.957397
-0.472656,-0.125122,0.736694
0.157227,0.049561,1.022827
0.084839,-0.414673,0.792847
-0.465576,0.156616,0.807251
0.462158,-0.320923,0.966919
-0.424316,-0.174316,0.736084
0.097900,0.081543,1.016113
0.134033,-0.416016,0.812500
-0.506958,0.141479,0.778442
0.471436,-0.304199,0.988770
-0.368530,-0.232300,0.744141
0.026978,0.106201,1.005371
0.206909,-0.440674,0.830933
-0.525146,0.110474,0.768188
0.476196,-0.269043,1.001099
-0.288696,-0.212524,0.783936
-0.044800,0.135376,0.998413
0.257202,-0.464478,0.846313
-0.535156,0.080322,0.750000
0.460693,-0.228882,1.016235
-0.203491,-0.255249,0.803223
-0.112793,0.151123,0.978027
0.314453,-0.459595,0.884644
-0.536865,0.075684,0.769165
0.432739,-0.176514,1.031250
-0.128906,-0.309204,0.810059
-0.176880,0.155518,0.964844
0.366577,-0.455811,0.906250
-0.519775,0.034546,0.764282
0.391724,-0.123291,1.024780
-0.057861,-0.322266,0.813599
-0.225708,0.153198,0.936157
0.410400,-0.445190,0.923340
-0.510376,-0.035522,0.757568
0.345703,-0.068359,1.044800
0.014648,-0.364746,0.807495
-0.277344,0.145630,0.910156
0.449585,-0.432983,0.957642
-0.479736,-0.096069,0.757202
0.296387,-0.033325,1.043945
0.065308,-0.401123,0.812988
-0.321167,0.133301,0.892334
0.483032,-0.405884,0.982666
-0.448364,-0.139526,0.760254
0.234619,-0.001953,1.037964
0.099609,-0.399292,0.825317
-0.366821,0.119385,0.871338
0.506226,-0.359863,1.009888
-0.409058,-0.194336,0.752075
0.165894,0.040894,1.041748
0.169434,-0.412476,0.858154
-0.403320,0.110718,0.848633
0.528687,-0.332520,1.040527
-0.354614,-0.222290,0.765747
0.096191,0.078125,1.040649
0.253052,-0.445801,0.883545
-0.443604,0.086914,0.815308
0.515381,-0.276001,1.042603
-0.267822,-0.243896,0.806763
0.032227,0.109863,1.048584
0.318481,-0.447754,0.923706
-0.465332,0.072632,0.801758
0.489868,-0.218628,1.067505
-0.189331,-0.252686,0.838623
-0.020142,0.136475,1.058472
0.381348,-0.436523,0.970825
-0.492920,0.078125,0.814209
0.471069,-0.157227,1.086060
-0.103516,-0.281250,0.862427
-0.086182,0.162109,1.050659
0.436890,-0.425537,1.004883
-0.469971,0.021484,0.803711
0.443726,-0.105591,1.098022
-0.004028,-0.339722,0.856201
-0.151367,0.189941,1.045288
0.486206,-0.407959,1.033325
-0.448364,-0.033081,0.819092
0.402344,-0.054077,1.117310
0.060303,-0.381470,0.869995
-0.220337,0.185303,1.020752
0.539185,-0.378906,1.065186
-0.412476,-0.096191,0.808350
0.340576,0.014282,1.121826
0.099976,-0.362183,0.889404
-0.293213,0.198120,1.006836
0.574097,-0.342896,1.098999
-0.357300,-0.173096,0.811279
0.267578,0.054199,1.118530
0.181396,-0.389526,0.909546
-0.348267,0.150635,0.941772
0.595825,-0.312256,1.120361
-0.295776,-0.205078,0.828613
0.184937,0.112305,1.123169
0.266113,-0.420410,0.924072
-0.398438,0.103271,0.874634
0.580933,-0.276001,1.119019
-0.223145,-0.240967,0.856567
0.104248,0.144165,1.114136
0.342407,-0.392700,0.984497
-0.431519,0.100098,0.865723
0.557617,-0.204956,1.132446
-0.148071,-0.254883,0.879028
0.027954,0.170166,1.112305
0.411621,-0.375854,1.021240
-0.435669,0.040283,0.848755
0.537231,-0.154053,1.151123
-0.045532,-0.304565,0.891724
-0.072876,0.198486,1.097656
0.473877,-0.371338,1.054321
-0.432251,0.000610,0.850830
0.478149,-0.072510,1.161987
0.026489,-0.322144,0.892334
-0.141479,0.188843,1.067749
0.508423,-0.325317,1.090454
-0.421875,-0.072144,0.822632
0.416870,-0.007202,1.172852
0.069946,-0.338135,0.905273
-0.249634,0.221802,1.044678
0.555420,-0.290039,1.125977
-0.376343,-0.161743,0.804565
0.327148,0.046387,1.166748
0.147705,-0.382935,0.917847
-0.314697,0.177124,0.971069
0.581665,-0.295166,1.130371
-0.320923,-0.224487,0.813110
0.223755,0.076782,1.144775
0.229736,-0.381958,0.940063
-0.382812,0.144775,0.923340
0.575317,-0.253296,1.130371
-0.260620,-0.252441,0.836792
0.127075,0.109619,1.119141
0.306763,-0.389893,0.972534
-0.424316,0.106079,0.880371
0.559814,-0.205200,1.138062
-0.198730,-0.269653,0.846313
0.041504,0.128540,1.087402
0.352539,-0.371094,0.984985
-0.430786,0.036377,0.860474
0.528198,-0.158325,1.142944
-0.101685,-0.321899,0.848999
-0.048706,0.149658,1.063232
0.402588,-0.358154,1.006836
-0.445557,-0.013184,0.833374
0.483765,-0.120972,1.150391
-0.086792,-0.306763,0.835571
-0.142822,0.187012,1.051636
0.450928,-0.331299,1.043579
-0.458740,-0.066528,0.804565
0.412720,-0.079590,1.143799
-0.053101,-0.303101,0.841675
-0.227783,0.206421,1.029297
0.486084,-0.321167,1.064941
-0.459839,-0.106201,0.785522
0.342773,-0.048584,1.118896
-0.007568,-0.342529,0.832153
-0.301147,0.185913,0.968384
0.510742,-0.293701,1.072388
-0.420410,-0.174927,0.764404
0.264771,-0.003174,1.112549
0.045532,-0.363647,0.848389
-0.362061,0.163330,0.921143
0.513428,-0.271851,1.082886
-0.396240,-0.213379,0.756592
0.185791,0.039673,1.090454
0.098511,-0.387939,0.864868
-0.413452,0.131836,0.874512
0.508545,-0.267090,1.069336
-0.395752,-0.207642,0.766724
0.132080,0.060181,1.076782
0.155518,-0.396973,0.872192
-0.467773,0.134766,0.848511
0.501099,-0.239990,1.067993
-0.364502,-0.228638,0.770874
0.068848,0.067139,1.045776
0.175781,-0.412354,0.870972
-0.495728,0.104248,0.820068
0.505859,-0.241455,1.066528
-0.307983,-0.213013,0.787476
0.001953,0.094360,1.035034
0.209839,-0.426514,0.860718
-0.508057,0.077881,0.808350
0.484375,-0.218140,1.066284
-0.292114,-0.231079,0.765259
-0.041016,0.122070,1.019531
0.237549,-0.409668,0.875732
-0.536865,0.079590,0.790405
0.470215,-0.232910,1.044678
-0.263916,-0.287720,0.743042
-0.095825,0.130615,1.001465
0.257446,-0.408569,0.882935
-0.559937,0.061523,0.769165
0.454712,-0.206787,1.050537
-0.245850,-0.291138,0.745239
-0.140015,0.141968,0.989624
0.288452,-0.413574,0.887573
-0.572876,0.062622,0.757935
0.415161,-0.185425,1.028442
-0.225098,-0.300537,0.734741
-0.178955,0.151367,0.974976
0.306396,-0.415649,0.901245
-0.581055,0.049561,0.751587
0.399780,-0.143921,1.043945
-0.211914,-0.303467,0.723755
-0.221680,0.169800,0.962769
0.329468,-0.409058,0.902832
-0.584473,0.027100,0.743530
0.377563,-0.147339,1.029297
-0.202759,-0.312988,0.714111
-0.256470,0.163696,0.934326
0.357178,-0.403931,0.912720
-0.597900,0.009399,0.721313
0.355591,-0.136230,1.031616
-0.175171,-0.328247,0.721680
-0.290894,0.184082,0.919189
0.363403,-0.377808,0.920776
-0.586548,-0.015137,0.718262
0.331299,-0.125366,1.017822
-0.154175,-0.349731,0.709229
-0.315918,0.195068,0.909302
0.385010,-0.377319,0.924683
-0.600342,-0.006714,0.709106
0.304810,-0.106689,1.013306
-0.127319,-0.381958,0.716675
-0.349976,0.201904,0.901489
0.395996,-0.355103,0.929077
-0.576660,-0.022461,0.713989
0.265137,-0.057129,1.006592
-0.088989,-0.398560,0.729980
-0.393677,0.214966,0.892334
0.407837,-0.348877,0.930542
-0.558716,-0.043213,0.696045
0.235229,-0.027100,1.005005
-0.072510,-0.388916,0.743652
-0.417480,0.214355,0.873535
0.426392,-0.318359,0.946533
-0.544312,-0.054810,0.702759
0.182495,0.014282,1.002441
-0.024414,-0.417236,0.746704
-0.440918,0.217407,0.870605
0.426758,-0.291748,0.962280
-0.530518,-0.070679,0.702271
0.151123,0.030640,1.003906
0.015747,-0.420166,0.771118
-0.476562,0.216919,0.854736
0.428589,-0.276489,0.958008
-0.492310,-0.101440,0.722900
0.124023,0.064575,1.015381
0.046509,-0.402832,0.787231
-0.510132,0.226562,0.839111
0.441528,-0.281982,0.965698
-0.457520,-0.106812,0.739014
0.100830,0.095215,1.019531
0.082642,-0.397827,0.800537
-0.537476,0.208740,0.820679
0.452026,-0.267578,0.981079
-0.418579,-0.126831,0.738892
0.080688,0.127197,1.027222
0.118286,-0.399414,0.814087
-0.556030,0.219971,0.815186
0.459595,-0.272217,0.982666
-0.397461,-0.152344,0.745728
0.054565,0.127563,1.013062
0.166870,-0.404541,0.826660
-0.573364,0.220581,0.802856
0.457397,-0.263062,0.979126
-0.355957,-0.170044,0.752686
0.024170,0.137939,1.007080
0.182739,-0.395142,0.839111
-0.575439,0.188110,0.783081
0.459473,-0.242065,0.979858
-0.319946,-0.193726,0.746826
-0.001099,0.157959,1.009888
0.212036,-0.391113,0.845703
-0.578491,0.169556,0.769897
0.458008,-0.256592,0.981445
-0.294678,-0.226318,0.750610
-0.041870,0.178955,0.998291
0.241699,-0.402832,0.860352
-0.574341,0.138550,0.773682
0.453979,-0.248779,0.986328
-0.261475,-0.223755,0.768677
-0.064941,0.181274,0.983032
0.268188,-0.389648,0.886108
-0.573608,0.119141,0.754028
0.450439,-0.243164,0.997925
-0.234619,-0.255859,0.761963
-0.086426,0.182861,0.983521
0.293091,-0.397339,0.886597
-0.576416,0.113770,0.760620
0.437256,-0.237549,0.997803
-0.213013,-0.267944,0.769775
-0.103882,0.190552,0.975220
0.323242,-0.402100,0.891357
-0.565552,0.113525,0.768311
0.426636,-0.216064,0.999756
-0.179932,-0.269287,0.786621
-0.114990,0.177490,0.968750
0.332031,-0.406738,0.893433
-0.572144,0.130615,0.768188
0.431763,-0.214722,0.999756
-0.153687,-0.311279,0.786987
-0.138794,0.180786,0.967651
0.343750,-0.407959,0.902222
-0.567749,0.084473,0.761475
0.424927,-0.207031,1.013306
-0.133911,-0.297852,0.793579
-0.141602,0.163208,0.967163
0.351807,-0.411987,0.913452
-0.556885,0.080078,0.761230
0.424561,-0.201782,1.021362
-0.132446,-0.316528,0.792603
-0.147095,0.163086,0.970459
0.363281,-0.417114,0.916260
-0.552734,0.057861,0.761963
0.413696,-0.194580,1.009644
-0.113159,-0.335083,0.794434
-0.158325,0.170288,0.973022
0.380981,-0.431641,0.933350
-0.564819,0.048340,0.765991
0.409668,-0.182007,1.022339
-0.108521,-0.332520,0.798584
-0.147583,0.157837,0.980469
0.391479,-0.442627,0.929199
-0.540405,0.046875,0.771729
0.404297,-0.165771,1.030518
-0.094116,-0.332886,0.801270
-0.151367,0.156006,0.977173
0.403564,-0.436890,0.944214
-0.535400,0.043701,0.769287
0.402100,-0.156128,1.034546
-0.090332,-0.328003,0.810425
-0.147095,0.149414,0.975952
0.418213,-0.430664,0.956421
-0.527222,0.029907,0.774414
0.402344,-0.155029,1.031006
-0.064453,-0.337769,0.816528
-0.150146,0.163696,0.991943
0.426147,-0.423462,0.968628
-0.511475,0.009277,0.777588
0.407471,-0.142334,1.058350
-0.050781,-0.334717,0.829102
-0.163696,0.163452,0.989014
0.436523,-0.423584,0.982788
-0.492188,-0.016968,0.779541
0.406494,-0.124756,1.064819
-0.033813,-0.337158,0.836548
-0.170410,0.171143,0.999512
0.451782,-0.428101,0.990845
-0.486206,-0.030884,0.784668
0.412598,-0.120728,1.068604
-0.005981,-0.346191,0.851929
-0.163696,0.171875,1.013184
0.463867,-0.402954,1.011108
-0.467163,-0.042969,0.791016
0.405884,-0.106079,1.092896
0.020874,-0.359497,0.860352
-0.168823,0.190796,1.020874
0.481445,-0.390259,1.027344
-0.457886,-0.046631,0.794800
0.405884,-0.088745,1.094604
0.035156,-0.357178,0.868042
-0.168457,0.178589,1.020142
0.497803,-0.363037,1.042969
-0.448120,-0.066040,0.793213
0.404541,-0.067749,1.118896
0.059692,-0.358032,0.876709
-0.168945,0.175903,1.025879
0.505005,-0.351318,1.056152
-0.429932,-0.079346,0.796753
0.400513,-0.060181,1.123169
0.069214,-0.371094,0.888062
-0.189209,0.192017,1.034424
0.524902,-0.353149,1.069458
-0.430664,-0.081177,0.802734
0.392334,-0.045776,1.130371
0.069580,-0.355591,0.895630
-0.204956,0.189087,1.036987
0.545044,-0.330566,1.090576
-0.418579,-0.089600,0.807251
0.381836,-0.018677,1.134155
0.077759,-0.349976,0.908203
-0.227295,0.202026,1.028564
0.556885,-0.304932,1.117554
-0.399170,-0.109985,0.805298
0.359131,0.011963,1.149780
0.098511,-0.368286,0.911255
-0.255127,0.197998,1.020996
0.572021,-0.302246,1.121460
-0.384155,-0.136597,0.813721
0.339478,0.024536,1.148804
0.129028,-0.368286,0.923340
-0.276978,0.187012,0.997803
0.579956,-0.289062,1.133423
-0.351562,-0.166870,0.813599
0.304932,0.054688,1.155640
0.163696,-0.391968,0.915771
-0.299927,0.172607,0.975586
0.593994,-0.293457,1.141357
-0.330200,-0.198486,0.823120
0.266602,0.068481,1.143066
0.195923,-0.390625,0.935059
-0.323364,0.154297,0.947632
0.596313,-0.275391,1.136963
-0.297729,-0.211792,0.836914
0.216064,0.095581,1.142334
0.228760,-0.417236,0.927002
-0.354736,0.135376,0.924438
0.590820,-0.270264,1.135986
-0.282227,-0.220825,0.840820
0.181641,0.104370,1.141479
0.255859,-0.422241,0.934204
-0.391724,0.142456,0.913696
0.588379,-0.249512,1.135376
-0.252441,-0.235718,0.844849
0.136719,0.119507,1.134033
0.278931,-0.427490,0.949829
-0.417236,0.110962,0.882324
0.573242,-0.230713,1.136108
-0.237793,-0.253296,0.844971
0.090576,0.125977,1.123535
0.302856,-0.408447,0.960449
-0.431030,0.105225,0.872070
0.565796,-0.221436,1.120117
-0.229126,-0.252075,0.848145
0.069702,0.115723,1.114014
0.308350,-0.391357,0.958862
-0.448853,0.096558,0.860840
0.552368,-0.192871,1.125610
-0.190918,-0.262329,0.841553
0.026001,0.124023,1.091553
0.318604,-0.396484,0.951538
-0.465210,0.073853,0.847900
0.541626,-0.182007,1.126221
-0.157349,-0.283813,0.841309
-0.005249,0.115967,1.066040
0.332397,-0.379883,0.960815
-0.480469,0.045410,0.813354
0.467285,-0.066650,1.171997
-0.146606,-0.305542,0.818237
-0.142212,0.199707,1.077393
0.343384,-0.366333,0.952026
-0.452637,-0.039917,0.818604
0.444092,-0.052734,1.168091
0.009766,-0.332642,0.882568
-0.194214,0.216919,1.053955
0.502197,-0.300171,1.090454
-0.440918,-0.065552,0.809448
0.414185,-0.034180,1.165894
0.024902,-0.347046,0.875977
-0.236572,0.200928,1.026855
0.525879,-0.297241,1.100586
-0.430542,-0.108154,0.789795
0.365112,-0.018555,1.153931
0.058105,-0.363403,0.877319
-0.270386,0.178101,0.991943
0.525269,-0.283936,1.097534
-0.406128,-0.145996,0.778076
0.314819,0.009644,1.138428
0.081787,-0.355713,0.885132
-0.310059,0.155396,0.946899
0.527466,-0.275146,1.096802
-0.385010,-0.185913,0.778076
0.254028,0.045898,1.133667
0.116699,-0.376099,0.884521
-0.364014,0.152588,0.931763
0.533447,-0.273682,1.096558
-0.370361,-0.224731,0.768555
0.190674,0.070801,1.118042
0.157104,-0.397095,0.897339
-0.412842,0.139526,0.899780
0.523193,-0.261719,1.090088
-0.366211,-0.218750,0.773804
0.130981,0.092529,1.095825
0.193237,-0.410889,0.889282
-0.449463,0.127563,0.876221
0.517578,-0.254639,1.080444
-0.360474,-0.231201,0.768311
0.074829,0.096680,1.073364
0.227173,-0.405884,0.892090
-0.481201,0.103882,0.848145
0.507324,-0.243164,1.078735
-0.296509,-0.262939,0.774292
0.018555,0.117432,1.056030
0.238770,-0.404053,0.885498
-0.495605,0.082397,0.828003
0.498169,-0.228149,1.083374
-0.253174,-0.286987,0.766235
-0.032959,0.128540,1.026001
0.268188,-0.391357,0.894653
-0.521851,0.052368,0.796265
0.474243,-0.223145,1.065186
-0.235352,-0.299805,0.745728
-0.106201,0.134399,0.997070
0.308838,-0.390869,0.911377
-0.541626,0.036987,0.773438
0.447754,-0.193481,1.072998
-0.208496,-0.318726,0.740112
-0.177490,0.156006,0.977295
0.323853,-0.374390,0.931152
-0.552490,0.011597,0.761719
0.414795,-0.163452,1.065430
-0.192505,-0.323120,0.735718
-0.244995,0.175903,0.961548
0.347778,-0.379272,0.933594
-0.557861,-0.007935,0.750366
0.385010,-0.130249,1.071655
-0.171265,-0.331055,0.740967
-0.291138,0.183716,0.941895
0.361694,-0.387695,0.920532
-0.563721,-0.016235,0.736450
0.342163,-0.098633,1.054077
-0.141113,-0.343384,0.750122
-0.346069,0.186035,0.914551
0.386230,-0.377563,0.933960
-0.562134,-0.030396,0.715454
0.292969,-0.068848,1.043335
-0.107666,-0.349121,0.765259
-0.395020,0.189819,0.901001
0.402954,-0.345703,0.955200
-0.544678,-0.053467,0.711060
0.224609,-0.014648,1.028076
-0.055786,-0.360352,0.778198
-0.444336,0.191162,0.878540
0.410034,-0.327271,0.967773
-0.534424,-0.095825,0.691528
0.168823,0.030396,1.022583
-0.007446,-0.373901,0.788696
-0.485352,0.203857,0.870728
0.421143,-0.307617,0.971558
-0.512695,-0.136230,0.699585
0.112671,0.054932,1.017090
0.036865,-0.396118,0.800781
-0.527344,0.209717,0.856079
0.436890,-0.291260,0.986572
-0.461060,-0.173950,0.709351
0.057373,0.104004,1.021362
0.093018,-0.406372,0.809692
-0.556396,0.203735,0.833862
0.432007,-0.253296,0.985107
-0.393677,-0.210205,0.718994
0.015015,0.123779,1.009888
0.151978,-0.406250,0.828613
-0.584473,0.182495,0.803101
0.431030,-0.220947,0.994263
-0.331787,-0.223145,0.731079
-0.034424,0.147705,0.995361
0.208252,-0.405273,0.843384
-0.599731,0.176025,0.786865
0.427246,-0.199341,0.998901
-0.271973,-0.260620,0.725342
-0.088501,0.160034,0.978394
0.251221,-0.387085,0.867188
-0.601929,0.139038,0.773682
0.418091,-0.172607,1.002930
-0.222656,-0.288818,0.724609
-0.144653,0.180542,0.956543
0.301514,-0.391846,0.882690
-0.596436,0.116333,0.761108
0.402100,-0.137817,1.015869
-0.174561,-0.323364,0.731567
-0.199951,0.177124,0.936768
0.337158,-0.379517,0.894287
-0.591309,0.080566,0.740356
0.365234,-0.103027,1.014526
-0.122314,-0.362183,0.726074
-0.263672,0.197754,0.907593
0.375122,-0.366211,0.917358
-0.574585,0.060547,0.746826
0.321289,-0.072021,1.004761
-0.079468,-0.383057,0.721680
-0.326904,0.199341,0.885986
0.405029,-0.338501,0.928345
-0.553955,-0.010742,0.729492
0.265015,-0.027466,0.990112
-0.034058,-0.399414,0.742554
-0.379150,0.197388,0.854370
0.425659,-0.307373,0.950195
-0.513916,-0.066162,0.718262
0.199341,0.021484,0.997681
0.011963,-0.403320,0.757446
-0.425415,0.191772,0.841064
0.441650,-0.294312,0.955811
-0.486694,-0.110352,0.724731
0.138428,0.062744,1.007935
0.064575,-0.407715,0.789429
-0.481445,0.185547,0.816040
0.459351,-0.265137,0.981201
-0.429810,-0.144043,0.738525
0.076294,0.106445,1.013306
0.120239,-0.428101,0.805786
-0.532593,0.170654,0.799683
0.466797,-0.247803,0.995239
-0.357788,-0.172974,0.756836
0.005005,0.149902,0.999878
0.185059,-0.433350,0.828125
-0.557739,0.153809,0.778076
0.463013,-0.235107,1.007324
-0.280884,-0.218018,0.753662
-0.060303,0.186401,0.995483
0.252930,-0.441772,0.847412
-0.562744,0.113281,0.764282
0.454712,-0.214355,1.003662
-0.212402,-0.261353,0.773438
-0.125122,0.197998,0.972412
0.312866,-0.432617,0.888062
-0.566895,0.090942,0.756226
0.423096,-0.184937,1.007080
-0.129272,-0.311768,0.777832
-0.183105,0.201782,0.959473
0.358276,-0.417603,0.901855
-0.560059,0.048706,0.767212
0.391846,-0.135254,1.017700
-0.072144,-0.366821,0.772705
-0.241455,0.201172,0.930664
0.394897,-0.412476,0.923706
-0.534912,-0.002319,0.760010
0.348633,-0.114990,1.001831
-0.008667,-0.408813,0.772949
-0.302612,0.177856,0.890259
0.429810,-0.386963,0.947266
-0.513916,-0.075806,0.744751
0.284546,-0.078247,0.996704
0.045288,-0.435303,0.776367
-0.348633,0.160645,0.863159
0.445190,-0.363892,0.957764
-0.476318,-0.105347,0.749756
0.235596,-0.045654,1.004395
0.086304,-0.467651,0.782715
-0.387817,0.157227,0.844727
0.465088,-0.347168,0.977661
-0.448486,-0.151489,0.738159
0.171753,-0.003540,1.008667
0.119507,-0.451782,0.805786
-0.423218,0.129883,0.823608
0.484009,-0.316162,1.001343
-0.407959,-0.191528,0.743530
0.119019,0.029419,1.018677
0.161621,-0.460449,0.827759
-0.449219,0.110107,0.800537
0.483398,-0.290894,1.008423
-0.355469,-0.206787,0.762451
0.058472,0.082031,1.022583
0.231567,-0.490234,0.840088
-0.466919,0.065186,0.784912
0.488647,-0.262085,1.025146
-0.309082,-0.209839,0.783081
0.011963,0.098999,1.016113
0.288208,-0.509399,0.866821
-0.483643,0.049194,0.770752
0.479492,-0.237427,1.039429
-0.244995,-0.222168,0.803345
-0.033813,0.141724,1.029419
0.335571,-0.489990,0.901001
-0.489502,0.048828,0.793213
0.463013,-0.204468,1.051514
-0.194702,-0.231567,0.819946
-0.066650,0.153076,1.027222
0.376099,-0.466064,0.935791
-0.495117,0.042603,0.798828
0.461304,-0.169189,1.074951
-0.126343,-0.264526,0.830933
-0.116821,0.167725,1.025635
0.420044,-0.452881,0.966919
-0.489014,0.019531,0.807495
0.445435,-0.125000,1.091064
-0.059692,-0.305542,0.848999
-0.157959,0.186157,1.016724
0.464111,-0.425171,1.003174
-0.465088,-0.051392,0.793823
0.410767,-0.084717,1.096924
0.022339,-0.357422,0.866699
-0.201904,0.200684,1.013306
0.497070,-0.401611,1.028320
-0.439331,-0.075684,0.799072
0.380493,-0.057129,1.105591
0.085327,-0.373047,0.876587
-0.240967,0.197021,0.998291
0.522095,-0.355835,1.056030
-0.408813,-0.111450,0.807373
0.340088,-0.015747,1.104126
0.097900,-0.366333,0.892090
-0.281494,0.192993,0.991821
0.546509,-0.328613,1.080078
-0.377441,-0.168823,0.796875
0.283203,0.021973,1.106567
0.160767,-0.382935,0.914917
-0.320679,0.186279,0.967163
0.570435,-0.303223,1.103149
-0.344849,-0.193359,0.808960
0.237549,0.056274,1.111328
0.221069,-0.403442,0.926270
-0.344971,0.143188,0.921387
0.576538,-0.264282,1.119751
-0.296021,-0.229126,0.809814
0.177124,0.086914,1.114136
0.283447,-0.446045,0.943726
-0.364624,0.110107,0.897705
0.565796,-0.228882,1.121460
-0.258423,-0.237183,0.831909
0.119751,0.111694,1.105347
0.340210,-0.441406,0.972412
-0.396362,0.102661,0.876465
0.562866,-0.190063,1.146729
-0.211182,-0.251465,0.843994
0.074463,0.149780,1.112183
0.377808,-0.421875,0.997925
-0.415039,0.089600,0.883667
0.554565,-0.163818,1.157715
-0.165649,-0.261475,0.860474
0.012329,0.181030,1.105591
0.412842,-0.400391,1.024170
-0.422119,0.047119,0.866455
0.539917,-0.122559,1.167847
-0.098755,-0.276123,0.880859
-0.052246,0.200928,1.101074
0.443848,-0.395996,1.026245
-0.427002,0.013916,0.856079
0.526001,-0.102539,1.172485
-0.015991,-0.300415,0.901978
-0.102295,0.215576,1.087158
0.462769,-0.369385,1.035767
-0.435669,-0.012939,0.852661
0.498535,-0.083862,1.184814
-0.006958,-0.327148,0.879028
-0.157349,0.223999,1.078979
0.499023,-0.345581,1.067993
-0.438477,-0.047607,0.833496
0.453125,-0.054932,1.179932
0.008423,-0.327271,0.884277
-0.216309,0.216675,1.047729
0.520874,-0.316162,1.094360
-0.427246,-0.098145,0.810059
0.401001,-0.017456,1.173340
0.043335,-0.350586,0.889648
-0.260742,0.208740,1.020386
0.536255,-0.297852,1.101440
-0.399170,-0.149658,0.796997
0.337769,-0.003296,1.155640
0.093262,-0.351562,0.902222
-0.304321,0.181885,0.969971
0.547241,-0.278198,1.108521
-0.364868,-0.213501,0.788940
0.271973,0.038452,1.147583
0.138672,-0.369995,0.902588
-0.346680,0.161133,0.935547
0.546265,-0.256836,1.109375
-0.333008,-0.248779,0.787598
0.204224,0.062256,1.128906
0.182861,-0.391724,0.912720
-0.404175,0.149048,0.908936
0.548828,-0.233643,1.107910
-0.314331,-0.256592,0.788574
0.125488,0.076782,1.090088
0.224976,-0.399292,0.922852
-0.436523,0.116821,0.865601
0.534180,-0.223999,1.111084
-0.300903,-0.266602,0.777588
0.065796,0.102905,1.082764
0.257690,-0.395874,0.925781
-0.461304,0.089355,0.852295
0.518066,-0.207031,1.105957
-0.249878,-0.289673,0.797119
0.004639,0.104980,1.061890
0.279907,-0.403564,0.923706
-0.486816,0.065430,0.819824
0.504028,-0.193237,1.100098
-0.199829,-0.298218,0.791504
-0.054443,0.120483,1.031982
0.309082,-0.395508,0.923096
-0.500000,0.038818,0.805298
0.474243,-0.175659,1.095459
-0.186157,-0.301758,0.779541
-0.120605,0.152344,1.023193
0.341797,-0.406128,0.931274
-0.524536,0.017700,0.786255
0.447388,-0.159302,1.087769
-0.168457,-0.283447,0.781372
-0.197144,0.175293,1.003540
0.369873,-0.379639,0.958008
-0.531738,-0.021240,0.768311
0.408203,-0.125854,1.086670
-0.157959,-0.289307,0.775513
-0.267700,0.184082,0.975098
0.393677,-0.374878,0.972534
-0.533569,-0.057129,0.741089
0.353149,-0.084717,1.076416
-0.135254,-0.318848,0.767090
-0.314331,0.184204,0.937866
0.413452,-0.371094,0.973389
-0.533936,-0.088379,0.722168
0.299927,-0.056030,1.063721
-0.089966,-0.350220,0.772461
-0.382812,0.191772,0.915161
0.428223,-0.337769,0.990601
-0.521362,-0.110107,0.715576
0.229004,-0.022461,1.048218
-0.038696,-0.367310,0.794434
-0.441650,0.194458,0.892334
0.432495,-0.318604,0.994995
-0.510376,-0.139771,0.709839
0.164673,0.020264,1.036865
0.020874,-0.389160,0.804321
-0.488159,0.195068,0.869263
0.441772,-0.299194,1.001587
-0.481323,-0.171143,0.714966
0.093506,0.054321,1.025024
0.070679,-0.399658,0.814819
-0.523193,0.184326,0.844971
0.446045,-0.271606,1.007812
-0.423584,-0.203003,0.723633
0.029663,0.092651,1.018555
0.131714,-0.422241,0.825684
-0.556763,0.163940,0.817627
0.444946,-0.234497,1.015747
-0.360352,-0.263672,0.716064
-0.033081,0.118286,0.997803
0.177490,-0.438232,0.837891
-0.579468,0.137085,0.792480
0.434448,-0.212036,1.012939
-0.301025,-0.284424,0.708862
-0.092041,0.146484,0.985840
0.237793,-0.437134,0.853394
-0.602051,0.118896,0.772095
0.424194,-0.191040,1.018921
-0.248047,-0.281128,0.725342
-0.151001,0.165283,0.969116
0.278198,-0.414062,0.877808
-0.604980,0.099609,0.760986
0.401367,-0.157715,1.016235
-0.202759,-0.310303,0.723755
-0.211304,0.184937,0.949951
0.320312,-0.404907,0.886719
-0.606323,0.059814,0.739380
0.377319,-0.133667,1.020508
-0.164551,-0.329346,0.711304
-0.272217,0.200439,0.916626
0.360352,-0.382568,0.903564
-0.588257,0.023071,0.729370
0.334717,-0.090210,1.012817
-0.131958,-0.373047,0.714478
-0.327026,0.212280,0.901367
0.392578,-0.368896,0.920044
-0.570801,-0.006714,0.710571
0.281494,-0.053955,1.005249
-0.077271,-0.385254,0.731079
-0.380615,0.215210,0.881226
0.404541,-0.327148,0.941528
-0.548584,-0.069824,0.692749
0.221924,-0.009766,1.004150
-0.039062,-0.397095,0.747314
-0.427002,0.219971,0.865845
0.427124,-0.300415,0.963013
-0.519409,-0.098999,0.700317
0.156128,0.032959,1.001465
0.013794,-0.407593,0.762817
-0.474854,0.218262,0.845825
0.436523,-0.278442,0.965942
-0.478516,-0.095337,0.726318
0.115112,0.070679,1.010132
0.059814,-0.408447,0.783447
-0.517822,0.226074,0.836182
0.449097,-0.253784,0.975464
-0.427856,-0.129028,0.736694
0.073364,0.098877,1.012085
0.121094,-0.407227,0.810791
-0.543823,0.197266,0.813599
0.455444,-0.230225,0.989136
-0.378906,-0.174805,0.740723
0.023071,0.139893,1.005127
0.174194,-0.412109,0.838989
-0.565063,0.179443,0.791870
0.453491,-0.217163,0.989624
-0.312378,-0.179199,0.749512
-0.034424,0.163696,0.993042
0.225342,-0.409912,0.848389
-0.578979,0.150146,0.773682
0.450562,-0.195435,0.998657
-0.249146,-0.226929,0.760010
-0.089600,0.174927,0.974243
0.274780,-0.416382,0.867554
-0.577637,0.123413,0.774292
0.441895,-0.173340,1.008545
-0.190430,-0.268555,0.768799
-0.144653,0.185059,0.950684
0.315796,-0.412842,0.887573
-0.581909,0.097534,0.759521
0.417847,-0.153809,1.018433
-0.127319,-0.317627,0.770386
-0.192139,0.196777,0.935425
0.350098,-0.397339,0.901123
-0.569702,0.072144,0.760498
0.389771,-0.120728,1.014893
-0.078003,-0.350586,0.764771
-0.237549,0.194336,0.920410
0.382812,-0.373779,0.921753
-0.550781,0.020996,0.755859
0.352905,-0.092285,1.016479
-0.040039,-0.388672,0.761719
-0.286255,0.188354,0.893188
0.413086,-0.372314,0.932129
-0.537842,-0.032471,0.735596
0.311523,-0.063721,1.010742
0.005127,-0.419556,0.758911
-0.328369,0.173462,0.865845
0.435303,-0.371826,0.935425
-0.515137,-0.069946,0.729126
0.259521,-0.034668,1.005493
0.038940,-0.447021,0.755981
-0.370605,0.162842,0.851685
0.449341,-0.363892,0.947754
-0.493164,-0.108643,0.729858
0.211548,-0.005859,1.012817
0.072632,-0.470825,0.754761
-0.403076,0.155640,0.832886
0.465454,-0.351562,0.958862
-0.477173,-0.119385,0.735840
0.168091,0.015259,1.012085
0.101440,-0.464478,0.776611
-0.430054,0.142944,0.819580
0.473755,-0.344482,0.963989
-0.441162,-0.143677,0.747559
0.130127,0.037964,1.018677
0.132568,-0.458130,0.792847
-0.461792,0.124634,0.795166
0.479248,-0.327515,0.985107
-0.400269,-0.197510,0.738892
0.086426,0.069824,1.016235
0.170288,-0.456055,0.815552
-0.478516,0.110352,0.797485
0.494507,-0.313477,0.997681
-0.364624,-0.206665,0.749023
0.046021,0.093750,1.016846
0.228516,-0.474854,0.839844
-0.491943,0.071655,0.776489
0.493408,-0.291260,1.016602
-0.316406,-0.208740,0.769043
-0.000366,0.114990,1.015381
0.272827,-0.473633,0.870361
-0.497559,0.055176,0.765503
0.474609,-0.256226,1.029541
-0.276978,-0.239014,0.784912
-0.029907,0.135132,1.016602
0.313599,-0.464844,0.892456
-0.498779,0.058350,0.778809
0.463135,-0.225342,1.033569
-0.222900,-0.245117,0.808716
-0.064209,0.152588,1.017700
0.345947,-0.455566,0.924072
-0.505493,0.042480,0.785156
0.454590,-0.205322,1.054932
-0.160400,-0.252686,0.834717
-0.102051,0.157715,1.024780
0.382080,-0.440430,0.946411
-0.489746,0.020874,0.800903
0.443726,-0.160645,1.066650
-0.103271,-0.293823,0.839478
-0.136475,0.169067,1.014160
0.419922,-0.431641,0.971436
-0.480469,-0.003418,0.793945
0.422852,-0.121948,1.081909
-0.036255,-0.329834,0.843750
-0.171875,0.173706,1.012085
0.453125,-0.402954,0.990723
-0.463867,-0.030640,0.794312
0.401855,-0.089844,1.089478
0.031006,-0.379272,0.864746
-0.202881,0.178223,1.000366
0.484863,-0.383057,1.027344
-0.444702,-0.065918,0.787476
0.374390,-0.056152,1.104492
0.078125,-0.394653,0.865234
-0.238525,0.172485,0.993164
0.506836,-0.362305,1.047241
-0.421509,-0.092041,0.796021
0.344849,-0.016968,1.106934
0.100098,-0.394653,0.882324
-0.270752,0.173340,0.984253
0.528809,-0.350952,1.061890
-0.397583,-0.115356,0.806274
0.312256,0.010376,1.114380
0.122803,-0.380859,0.900513
-0.307251,0.171509,0.979980
0.551636,-0.332642,1.087280
-0.375488,-0.148071,0.804443
0.278076,0.035034,1.108521
0.173340,-0.394287,0.903564
-0.326172,0.151489,0.954346
0.563843,-0.315308,1.107056
-0.339233,-0.173462,0.824219
0.240967,0.072266,1.112915
0.221802,-0.405762,0.924805
-0.352295,0.138428,0.929321
0.574829,-0.282959,1.112305
-0.307739,-0.201050,0.814331
0.191040,0.091553,1.101929
0.273193,-0.412964,0.938721
-0.364258,0.099243,0.898438
0.581055,-0.269897,1.119751
-0.277466,-0.245972,0.813110
0.152832,0.114746,1.108887
0.319946,-0.425659,0.967529
-0.391846,0.103638,0.887207
0.574097,-0.248291,1.130493
-0.234985,-0.246216,0.835815
0.103027,0.138062,1.104858
0.351318,-0.401367,0.986328
-0.402222,0.100098,0.881958
0.572388,-0.221436,1.141968
-0.203735,-0.251831,0.864380
0.052612,0.159424,1.096680
0.386230,-0.396973,1.007568
-0.415405,0.077515,0.876587
0.558228,-0.184692,1.160889
-0.162842,-0.260132,0.871948
0.009033,0.172607,1.105957
0.410034,-0.388306,1.016357
-0.417725,0.046509,0.869873
0.547729,-0.155396,1.164673
-0.101196,-0.277100,0.888550
-0.033813,0.180420,1.090454
0.429443,-0.374023,1.028076
-0.422119,0.019165,0.864502
0.529419,-0.131470,1.171021
-0.035889,-0.324707,0.895020
-0.079956,0.185791,1.077759
0.444580,-0.356812,1.039551
-0.419922,-0.010132,0.856323
0.504517,-0.098267,1.172241
-0.016357,-0.331665,0.891968
-0.117310,0.177734,1.060791
0.464722,-0.331421,1.048218
-0.428833,-0.036255,0.837158
0.479858,-0.071167,1.179932
-0.015259,-0.322144,0.882568
-0.175415,0.199585,1.051514
0.484375,-0.314941,1.067749
-0.428955,-0.074341,0.816040
0.441284,-0.039429,1.171265
0.011597,-0.323608,0.888428
-0.226562,0.212769,1.033691
0.505737,-0.316406,1.077881
-0.421021,-0.093140,0.807129
0.395508,-0.010132,1.169189
0.031250,-0.333374,0.881592
-0.260986,0.194214,1.010742
0.515747,-0.311523,1.089600
-0.421265,-0.127686,0.787720
0.349731,0.017212,1.162720
0.066162,-0.368408,0.870483
-0.303589,0.173584,0.974365
0.529663,-0.304321,1.084473
-0.405396,-0.151123,0.783081
0.301758,0.022705,1.145630
0.092529,-0.381958,0.877930
-0.336914,0.161377,0.952393
0.527832,-0.302734,1.083252
-0.395996,-0.181519,0.772705
0.250244,0.037476,1.131226
0.128052,-0.378906,0.883667
-0.377319,0.166016,0.932373
0.525146,-0.285278,1.078369
-0.383301,-0.210449,0.767944
0.203369,0.050171,1.114746
0.149536,-0.379272,0.892944
-0.416504,0.155640,0.900391
0.526245,-0.272461,1.085449
-0.376587,-0.221069,0.766724
0.150391,0.065063,1.085083
0.170898,-0.394409,0.894287
-0.433228,0.123901,0.885986
0.510498,-0.267334,1.074707
-0.377075,-0.219849,0.764038
0.105835,0.069580,1.068481
0.186035,-0.386597,0.898560
-0.456665,0.103271,0.854614
0.505249,-0.254150,1.078979
-0.353394,-0.226440,0.771729
0.056763,0.081421,1.057007
0.206299,-0.403931,0.885010
-0.481567,0.091064,0.839600
0.492432,-0.236206,1.068115
-0.302368,-0.244019,0.779663
0.009399,0.090210,1.037476
0.228027,-0.400757,0.892090
-0.504883,0.088745,0.819824
0.477173,-0.238037,1.059082
-0.280151,-0.263550,0.771729
-0.026123,0.106079,1.025879
0.244995,-0.404053,0.892700
-0.526611,0.066528,0.795532
0.470215,-0.229492,1.058472
-0.260376,-0.267700,0.761719
-0.068726,0.117798,1.007690
0.269775,-0.399780,0.890381
-0.541382,0.052490,0.775391
0.441406,-0.093018,1.135498
-0.239624,-0.309448,0.734375
-0.125732,0.133667,0.992676
0.427368,-0.357056,1.003296
-0.558594,0.047485,0.769775
0.414551,-0.085938,1.129761
-0.098022,-0.315796,0.803589
-0.251831,0.198975,0.995239
0.441650,-0.346436,1.008301
-0.501465,-0.065186,0.768188
0.378174,-0.068359,1.119507
-0.080200,-0.343384,0.802612
-0.292847,0.199341,0.967041
0.445557,-0.350342,0.998413
-0.505981,-0.074341,0.750732
0.343384,-0.062378,1.107422
-0.065186,-0.355591,0.800903
-0.327148,0.189575,0.946289
0.449951,-0.341309,1.002075
-0.501953,-0.107544,0.736694
0.305786,-0.036865,1.096436
-0.046143,-0.374023,0.791870
-0.362793,0.197998,0.933838
0.453247,-0.335938,1.004395
-0.499756,-0.122437,0.730469
0.257202,-0.021118,1.090210
-0.020752,-0.380493,0.799805
-0.401245,0.189331,0.908569
0.446655,-0.333130,0.999634
-0.492920,-0.129395,0.724731
0.226562,-0.004761,1.074951
0.001465,-0.394409,0.801514
-0.442993,0.196045,0.891479
0.450073,-0.309326,1.007446
-0.493530,-0.140625,0.720947
0.171997,0.020142,1.061279
0.033203,-0.398560,0.813843
-0.474976,0.186035,0.878052
0.446899,-0.305176,1.009888
-0.491821,-0.144287,0.724854
0.140625,0.038696,1.047729
0.055176,-0.395142,0.816528
-0.509399,0.189209,0.857300
0.448853,-0.298706,1.006836
-0.473633,-0.159302,0.730957
0.099854,0.062622,1.041748
0.077881,-0.408691,0.818115
-0.523682,0.183105,0.849609
0.452637,-0.286255,1.001099
-0.450195,-0.180908,0.725952
0.063965,0.082764,1.032471
0.108643,-0.423218,0.819824
-0.541382,0.166748,0.831665
0.448364,-0.276978,0.999634
-0.415405,-0.186157,0.734619
0.034424,0.098633,1.026611
0.132812,-0.417603,0.838623
-0.556396,0.171753,0.815552
0.434082,-0.265381,0.997559
-0.377930,-0.204468,0.737061
0.007690,0.115479,1.022339
0.161377,-0.402588,0.843018
-0.576294,0.175415,0.804077
0.431885,-0.255493,0.995972
-0.341064,-0.262817,0.714111
-0.028076,0.132080,0.999756
0.180542,-0.414795,0.847046
-0.587524,0.157227,0.795044
0.428833,-0.232666,0.999512
-0.320190,-0.266479,0.721069
-0.057739,0.144653,0.998657
0.214355,-0.423584,0.852539
-0.604614,0.166992,0.793091
0.432617,-0.220337,0.996826
-0.290894,-0.262695,0.727051
-0.088135,0.153564,0.980957
0.241211,-0.411255,0.860962
-0.604858,0.157227,0.776978
0.425903,-0.201416,0.997437
-0.257690,-0.286743,0.712769
-0.119385,0.174072,0.979004
0.267578,-0.410522,0.862793
-0.613403,0.153564,0.779907
0.417847,-0.184082,1.001465
-0.235962,-0.300903,0.721924
-0.143677,0.183838,0.971924
0.290283,-0.399292,0.877563
-0.612305,0.150757,0.764038
0.418457,-0.179199,0.999512
-0.210815,-0.298096,0.724243
-0.166382,0.193848,0.963501
0.312378,-0.392334,0.883057
-0.608887,0.141602,0.759888
0.407715,-0.157349,1.005005
-0.181885,-0.325562,0.725586
-0.199341,0.194336,0.940063
0.329468,-0.388062,0.893433
-0.603882,0.117188,0.749634
0.397217,-0.141724,1.007690
-0.155396,-0.335571,0.725220
-0.223755,0.192261,0.929810
0.350952,-0.390747,0.893188
-0.599976,0.098511,0.755127
0.382080,-0.119751,1.017578
-0.135498,-0.348877,0.730591
-0.246338,0.198364,0.920044
0.360229,-0.386108,0.895020
-0.589111,0.083618,0.754150
0.371094,-0.113037,1.013794
-0.111572,-0.358643,0.726074
-0.267578,0.203247,0.899292
0.381958,-0.367310,0.912598
-0.580322,0.065308,0.742432
0.346436,-0.089966,1.008789
-0.086670,-0.368164,0.738403
-0.286255,0.197998,0.896973
0.392578,-0.352783,0.921143
-0.569336,0.027588,0.736084
0.329590,-0.065308,1.006104
-0.068604,-0.383789,0.736938
-0.304443,0.194824,0.884033
0.410645,-0.345947,0.931152
-0.563477,0.011597,0.720459
0.305542,-0.062256,0.992310
-0.046997,-0.401001,0.734253
-0.322876,0.181519,0.867432
0.415161,-0.329346,0.934570
-0.547852,-0.014282,0.720215
0.282227,-0.041992,1.003174
-0.032837,-0.406128,0.739624
-0.350464,0.182617,0.860229
0.423218,-0.338745,0.938721
-0.535767,-0.043457,0.719360
0.256714,-0.020142,1.007690
-0.005371,-0.426880,0.739868
-0.370117,0.185669,0.850342
0.439331,-0.331543,0.945312
-0.521973,-0.065430,0.719116
0.226318,-0.013428,1.001465
0.010620,-0.441650,0.740723
-0.385864,0.171265,0.833740
0.449219,-0.330933,0.953857
-0.509644,-0.063965,0.729004
0.206055,0.003906,1.006592
0.039795,-0.446777,0.756104
-0.403198,0.168091,0.831787
0.459839,-0.326294,0.955811
-0.494019,-0.086670,0.730347
0.191162,0.022461,1.014893
0.052979,-0.447388,0.764038
-0.427368,0.155884,0.817871
0.463867,-0.321899,0.970581
-0.478271,-0.109741,0.729126
0.167114,0.029541,1.011108
0.063477,-0.444824,0.766113
-0.442993,0.155151,0.811523
0.469604,-0.320679,0.967407
-0.462036,-0.105469,0.745728
0.143677,0.038574,1.013062
0.085815,-0.459351,0.770874
-0.451538,0.146606,0.802002
0.469971,-0.316162,0.973267
-0.441650,-0.120972,0.743164
0.123047,0.058838,1.010742
0.107300,-0.452637,0.786621
-0.473755,0.138306,0.794312
0.481323,-0.320801,0.976562
-0.421143,-0.143555,0.754272
0.089600,0.080200,1.018433
0.133667,-0.456055,0.793457
-0.477661,0.127075,0.789917
0.483154,-0.315308,0.987793
-0.405518,-0.175781,0.744263
0.068848,0.084595,1.012573
0.164551,-0.469482,0.813232
-0.492554,0.116333,0.786499
0.486084,-0.308350,0.990845
-0.373779,-0.193970,0.748169
0.041748,0.113770,1.021973
0.201050,-0.473755,0.828125
-0.498047,0.096680,0.775391
0.492065,-0.306885,1.000977
-0.345947,-0.204956,0.764282
0.019409,0.112671,1.008301
0.232910,-0.481323,0.840942
-0.504517,0.080566,0.765747
0.487793,-0.292358,1.007324
-0.311768,-0.221191,0.765747
-0.003296,0.119141,1.013306
0.264404,-0.474731,0.854248
-0.504272,0.067505,0.760376
0.477783,-0.267456,1.014038
-0.278687,-0.232910,0.787964
-0.027710,0.141113,1.018555
0.284302,-0.464111,0.883301
-0.508301,0.061890,0.768799
0.471191,-0.251587,1.025513
-0.248291,-0.249268,0.786133
-0.050293,0.151367,1.016724
0.320312,-0.465698,0.900757
-0.511230,0.060791,0.780029
0.463501,-0.226074,1.036865
-0.211792,-0.256348,0.803833
-0.068359,0.150757,1.018921
0.346680,-0.457642,0.918701
-0.504639,0.053955,0.788818
0.457153,-0.198364,1.045288
-0.170044,-0.255859,0.822266
-0.090088,0.153442,1.015259
0.382446,-0.454102,0.937134
-0.500488,0.051392,0.789795
0.454102,-0.174316,1.061768
-0.135986,-0.286255,0.824341
-0.113770,0.159302,1.019653
0.410767,-0.443970,0.964111
-0.495239,0.023682,0.789307
0.436523,-0.139526,1.073486
-0.078735,-0.312744,0.836060
-0.138550,0.179565,1.021484
0.436768,-0.436035,0.979492
-0.485229,0.010742,0.800537
0.431152,-0.122070,1.084473
-0.038696,-0.347168,0.840210
-0.161377,0.176880,1.018921
0.465088,-0.415894,1.000488
-0.470093,-0.031372,0.792480
0.405762,-0.092651,1.089600
0.021362,-0.364868,0.861084
-0.196045,0.186157,1.012817
0.486816,-0.402588,1.020264
-0.449341,-0.058716,0.801392
0.392700,-0.067871,1.103271
0.056885,-0.380737,0.866089
-0.208618,0.173096,1.008667
0.502441,-0.380615,1.034668
-0.434937,-0.083862,0.804321
0.369507,-0.038940,1.110596
0.088013,-0.375244,0.877563
-0.239746,0.181519,0.998657
0.523926,-0.353638,1.063843
-0.408691,-0.113281,0.795654
0.341919,-0.004517,1.119873
0.099854,-0.370361,0.890991
-0.271484,0.186401,0.996216
0.541260,-0.325684,1.082275
-0.384155,-0.144653,0.803833
0.309692,0.022583,1.108887
0.140381,-0.381836,0.908325
-0.300171,0.182007,0.974365
0.567505,-0.302979,1.114624
-0.358765,-0.161865,0.802490
0.275391,0.055420,1.122681
0.179810,-0.395996,0.919678
-0.317139,0.153320,0.952026
0.574341,-0.281250,1.116943
-0.334351,-0.193237,0.809204
0.231689,0.078979,1.114990
0.232300,-0.417236,0.926270
-0.344971,0.130737,0.924561
0.577759,-0.272461,1.126709
-0.307129,-0.216675,0.813477
0.200684,0.099731,1.128296
0.270752,-0.428223,0.942993
-0.361328,0.108643,0.910645
0.578003,-0.253052,1.131348
-0.271973,-0.222656,0.829590
0.152466,0.126587,1.116943
0.309814,-0.436768,0.953735
-0.382324,0.099243,0.894165
0.581665,-0.238037,1.141846
-0.244019,-0.227295,0.844604
0.120239,0.148193,1.119873
0.344971,-0.431763,0.981812
-0.397095,0.100342,0.884277
0.570435,-0.206665,1.142334
-0.206177,-0.236206,0.865845
0.076660,0.161743,1.112305
0.370239,-0.409302,0.993774
-0.415771,0.090454,0.882568
0.561646,-0.178833,1.156372
-0.171875,-0.245117,0.873413
0.038940,0.168701,1.105591
0.389893,-0.391479,1.008789
-0.415894,0.056274,0.869385
0.555420,-0.155396,1.165161
-0.121826,-0.276978,0.875488
-0.009033,0.179810,1.104492
0.408081,-0.381104,1.015869
-0.426636,0.035767,0.853271
0.532471,-0.140503,1.159546
-0.065918,-0.303345,0.893433
-0.045288,0.184204,1.093140
0.425781,-0.371582,1.033325
-0.436646,0.006470,0.852173
0.521484,-0.110718,1.178223
-0.028320,-0.339844,0.878540
-0.087524,0.177612,1.076172
0.446411,-0.350342,1.041748
-0.442749,-0.011719,0.838989
0.500366,-0.085571,1.179688
-0.029175,-0.340088,0.865601
-0.136841,0.209717,1.063965
0.470581,-0.340576,1.049072
-0.448242,-0.031860,0.826050
0.465942,-0.053833,1.178223
-0.011719,-0.330444,0.869385
-0.184204,0.212769,1.055664
0.488892,-0.323364,1.064453
-0.445557,-0.062012,0.806274
0.424072,-0.040527,1.166382
0.001099,-0.327515,0.874634
-0.232056,0.208862,1.033691
0.508301,-0.307617,1.086914
-0.439941,-0.089722,0.795410
0.383667,-0.014404,1.163330
0.031982,-0.358643,0.863770
-0.269165,0.203125,1.004395
0.511597,-0.299438,1.085938
-0.425903,-0.133911,0.779175
0.334473,0.002563,1.149780
0.062256,-0.373047,0.868286
-0.320435,0.189819,0.964600
0.523071,-0.296387,1.077026
-0.407104,-0.175537,0.767456
0.278198,0.017578,1.136719
0.093750,-0.393433,0.868896
-0.359619,0.173828,0.947021
0.519531,-0.275513,1.082153
-0.388794,-0.188354,0.767578
0.231689,0.044067,1.129639
0.126953,-0.400024,0.875610
-0.404175,0.167236,0.921021
0.515869,-0.271484,1.077637
-0.373291,-0.198975,0.769653
0.173706,0.056763,1.101562
0.168579,-0.406494,0.881592
-0.443726,0.145508,0.888184
0.515503,-0.249634,1.076538
-0.370117,-0.218750,0.757812
0.121216,0.066650,1.086304
0.202148,-0.408081,0.888672
-0.467896,0.126953,0.863037
0.503052,-0.235596,1.074585
-0.340210,-0.227661,0.776245
0.060059,0.093994,1.068481
0.222534,-0.402466,0.898682
-0.492310,0.101807,0.841553
0.487915,-0.232666,1.066895
-0.296753,-0.257446,0.767944
0.011719,0.086304,1.039429
0.248169,-0.401245,0.901733
-0.510376,0.082031,0.821655
0.474609,-0.216919,1.066040
-0.258789,-0.263672,0.773926
-0.040649,0.097046,1.019653
0.274170,-0.383789,0.920044
-0.525269,0.052246,0.794800
0.459106,-0.209229,1.060669
-0.236816,-0.280151,0.753662
-0.105103,0.123169,1.001343
0.312134,-0.394775,0.919189
-0.538696,0.032959,0.780029
0.425171,-0.171387,1.060913
-0.211548,-0.311401,0.738892
-0.184448,0.148071,0.981812
0.346191,-0.387939,0.942139
-0.538574,-0.005859,0.758301
0.394165,-0.135010,1.067261
-0.188110,-0.322144,0.738037
-0.244751,0.172119,0.956909
0.369995,-0.375854,0.946167
-0.542480,-0.038452,0.746094
0.355225,-0.101196,1.066406
-0.164551,-0.337891,0.741333
-0.302979,0.169678,0.926514
0.389038,-0.371948,0.946533
-0.542358,-0.051025,0.736450
0.314209,-0.061279,1.066284
-0.131226,-0.358398,0.745361
-0.362793,0.190063,0.910645
0.397583,-0.359131,0.952393
-0.538696,-0.077148,0.708008
0.266724,-0.031738,1.056152
-0.085938,-0.370117,0.758667
-0.426147,0.199219,0.889404
0.416870,-0.346680,0.961548
-0.520630,-0.103516,0.707642
0.204712,0.005859,1.038818
-0.035767,-0.379639,0.785278
-0.476685,0.204956,0.864380
0.421265,-0.326782,0.966309
-0.504639,-0.130981,0.703491
0.143311,0.041992,1.040527
0.025635,-0.392334,0.796631
-0.525024,0.215210,0.857910
0.428467,-0.311157,0.973633
-0.462158,-0.160522,0.719727
0.089478,0.078491,1.038940
0.084839,-0.406494,0.814697
-0.560303,0.220337,0.840088
0.428467,-0.286255,0.978516
-0.402466,-0.200195,0.729736
0.048706,0.098145,1.031372
0.142090,-0.414062,0.822510
-0.581299,0.210938,0.820435
0.419312,-0.250854,0.970703
-0.331421,-0.238281,0.736938
-0.005371,0.119263,1.006104
0.186768,-0.406494,0.848755
-0.593628,0.177124,0.799683
0.411377,-0.211304,0.989380
-0.285034,-0.251343,0.729980
-0.087158,0.137817,0.982178
0.243652,-0.394653,0.871094
-0.599243,0.137939,0.785767
0.394043,-0.174316,0.988525
-0.243164,-0.296387,0.707886
-0.156250,0.167114,0.966064
0.305054,-0.407349,0.890625
-0.595459,0.117920,0.773438
0.380371,-0.143921,1.005127
-0.209961,-0.327148,0.703735
-0.213623,0.168579,0.943237
0.347900,-0.397339,0.910034
-0.591553,0.084595,0.763184
0.352295,-0.099854,1.018921
-0.166260,-0.334839,0.706543
-0.280151,0.189209,0.906860
0.386597,-0.389526,0.914062
-0.576294,0.047485,0.751221
0.309448,-0.060303,1.008179
-0.119385,-0.370117,0.708374
-0.347412,0.206421,0.884888
0.408081,-0.373535,0.919922
-0.546753,-0.004761,0.735352
0.263672,-0.012939,1.008057
-0.088135,-0.366577,0.729370
-0.403809,0.217041,0.873047
0.425903,-0.341553,0.939941
-0.520508,-0.065430,0.717773
0.195801,0.021240,1.008057
-0.030518,-0.389160,0.746704
-0.468262,0.233765,0.854004
0.441895,-0.312378,0.956299
-0.470703,-0.095947,0.737183
0.143311,0.050415,1.015137
0.024170,-0.383911,0.782471
-0.512695,0.236694,0.830444
0.448364,-0.288330,0.959717
-0.410522,-0.140747,0.753174
0.090210,0.093506,1.023926
0.084961,-0.377563,0.811646
-0.554199,0.231689,0.810791
0.444580,-0.266602,0.963257
-0.342163,-0.198120,0.746338
0.040649,0.134644,1.022339
0.152466,-0.383057,0.832886
-0.581665,0.213013,0.798950
0.447144,-0.232788,0.975220
-0.278076,-0.218140,0.755981
-0.028687,0.153931,1.002197
0.224854,-0.391602,0.862793
-0.591431,0.186035,0.769409
0.431274,-0.187378,0.996094
-0.213013,-0.251099,0.762451
-0.091431,0.157715,0.969604
0.287598,-0.402466,0.878174
-0.587891,0.148804,0.766602
0.419434,-0.149414,1.004028
-0.156982,-0.290649,0.761841
-0.143921,0.158447,0.931641
0.330200,-0.397949,0.895142
-0.586304,0.109863,0.761963
0.394531,-0.127441,1.008423
-0.114624,-0.336670,0.761108
-0.201172,0.164917,0.911133
0.369629,-0.379761,0.914429
-0.572021,0.085083,0.766235
0.362061,-0.099487,1.004761
-0.069946,-0.362915,0.761353
-0.252319,0.162476,0.893799
0.390869,-0.368530,0.923584
-0.552490,0.028320,0.756958
0.329102,-0.080566,1.006836
-0.047974,-0.388428,0.756836
-0.296631,0.157349,0.875366
0.415894,-0.363159,0.937256
-0.527588,-0.023926,0.748413
0.286865,-0.060669,0.992310
-0.009888,-0.418457,0.747192
-0.337280,0.143677,0.844849
0.432983,-0.345947,0.949585
-0.514282,-0.051270,0.749146
0.244385,-0.029297,0.994019
0.011841,-0.417847,0.748169
-0.372681,0.143555,0.838135
0.448364,-0.344238,0.959717
-0.488159,-0.071899,0.749390
0.206055,0.001343,1.002930
0.045166,-0.443726,0.746094
-0.394165,0.131470,0.818848
0.468262,-0.342773,0.963135
-0.476074,-0.085327,0.751221
0.166016,0.035522,1.006958
0.079468,-0.459595,0.765625
-0.433472,0.134766,0.801025
0.469971,-0.335449,0.968994
-0.444946,-0.122437,0.750488
0.138428,0.061523,1.016479
0.096558,-0.440796,0.779907
-0.459229,0.120728,0.792847
0.481445,-0.336182,0.976074
-0.432251,-0.159058,0.748535
0.104858,0.082764,1.012207
0.130005,-0.441895,0.804688
-0.477783,0.129272,0.782227
0.475220,-0.323120,0.975342
-0.399292,-0.192749,0.746826
0.075439,0.077759,1.014404
0.167847,-0.450195,0.815063
-0.506104,0.130981,0.774292
0.486572,-0.318115,0.994507
-0.354004,-0.180786,0.768555
0.050537,0.094360,1.013428
0.184204,-0.471313,0.809082
-0.499268,0.121582,0.772949
0.496460,-0.307861,1.003906
-0.333252,-0.207642,0.776123
0.023438,0.108032,1.024170
0.215088,-0.479248,0.825562
-0.493530,0.100952,0.771118
0.497803,-0.285156,1.016479
-0.335083,-0.184082,0.788086
0.020508,0.112915,1.020020
0.248169,-0.498047,0.838379
-0.489868,0.079468,0.767090
0.488525,-0.273438,1.017578
-0.314575,-0.179077,0.790527
0.012817,0.104858,1.020996
0.257812,-0.501465,0.843018
-0.494019,0.086914,0.771362
0.489990,-0.287231,1.014404
-0.302612,-0.214600,0.781738
-0.000854,0.116821,1.027832
0.276489,-0.487061,0.869507
-0.489502,0.055054,0.770020
0.489624,-0.269409,1.020996
-0.285400,-0.182861,0.811157
-0.005493,0.121826,1.038574
0.290649,-0.493530,0.878540
-0.500000,0.061035,0.778442
0.492676,-0.269409,1.036865
-0.256470,-0.236938,0.791138
-0.008789,0.145508,1.051392
0.302734,-0.478394,0.883667
-0.496704,0.076172,0.796753
0.502930,-0.258911,1.045410
-0.229126,-0.233276,0.829590
-0.036865,0.160278,1.039917
0.328857,-0.470459,0.911865
-0.489746,0.062744,0.788452
0.487915,-0.229370,1.060181
-0.207886,-0.236816,0.829102
-0.036499,0.169189,1.055298
0.355347,-0.466309,0.923706
-0.492554,0.067139,0.801025
0.485840,-0.203735,1.065063
-0.180054,-0.245728,0.839111
-0.052246,0.175537,1.064941
0.376587,-0.468262,0.941406
-0.497314,0.072632,0.804810
0.473633,-0.175537,1.079834
-0.142700,-0.253662,0.850098
-0.062012,0.175903,1.062012
0.397583,-0.449829,0.960205
-0.498901,0.063599,0.803589
0.472656,-0.161987,1.078857
-0.111572,-0.285400,0.854614
-0.083618,0.192505,1.063599
0.426514,-0.438599,0.989136
-0.489502,0.041382,0.806885
0.459351,-0.134277,1.101318
-0.067261,-0.297241,0.859375
-0.119507,0.199463,1.056396
0.443726,-0.404053,1.008667
-0.457153,-0.011719,0.806396
0.451416,-0.111450,1.114136
-0.029785,-0.304199,0.878052
-0.144287,0.205566,1.050171
0.465454,-0.380737,1.024780
-0.436890,-0.048096,0.812012
0.430664,-0.077271,1.125488
0.045654,-0.344849,0.893188
-0.179810,0.203369,1.037720
0.490112,-0.370361,1.039062
-0.422363,-0.075317,0.809326
0.401001,-0.050415,1.134644
0.087891,-0.375854,0.900513
-0.209351,0.197876,1.027710
0.522827,-0.331909,1.062866
-0.406494,-0.086792,0.812134
0.366699,-0.029663,1.129639
0.097900,-0.362183,0.914307
-0.250610,0.199707,1.014404
0.548096,-0.306030,1.096436
-0.374268,-0.125122,0.809570
0.319214,0.013428,1.131104
0.134766,-0.363770,0.917725
-0.286865,0.203125,0.996704
0.566162,-0.293091,1.106934
-0.352661,-0.149292,0.822632
0.269897,0.042114,1.119385
0.197144,-0.402100,0.932007
-0.322510,0.136963,0.941284
0.588257,-0.268555,1.130127
-0.307251,-0.191895,0.830688
0.206909,0.089600,1.128052
0.248413,-0.405029,0.950073
-0.350952,0.092407,0.907959
0.586426,-0.240845,1.145386
-0.263184,-0.230713,0.841309
0.155273,0.112549,1.117188
0.317871,-0.425781,0.965576
-0.400269,0.105347,0.878418
0.580444,-0.221924,1.146362
-0.221924,-0.236938,0.854492
0.095093,0.142212,1.124512
0.365723,-0.423218,0.992065
-0.430298,0.102173,0.873657
0.560669,-0.182983,1.142700
-0.179443,-0.234863,0.874634
0.044312,0.161377,1.118042
0.404297,-0.402344,1.016602
-0.441772,0.086304,0.873657
0.547485,-0.159912,1.148193
-0.122925,-0.259766,0.882568
-0.006714,0.184692,1.115356
0.429932,-0.386841,1.027832
-0.441650,0.038696,0.863281
0.532593,-0.133789,1.161011
-0.062134,-0.309692,0.880005
-0.059814,0.198975,1.109009
0.451782,-0.369263,1.046753
-0.439819,0.011108,0.860229
0.510620,-0.107788,1.167847
-0.020508,-0.344727,0.869385
-0.103394,0.193970,1.088745
0.474609,-0.337769,1.057129
-0.445557,-0.017456,0.842773
0.482666,-0.083252,1.180054
-0.019165,-0.340576,0.867432
-0.149780,0.205444,1.071045
0.496582,-0.335449,1.068604
-0.443726,-0.037109,0.829834
0.447510,-0.049194,1.174072
-0.010010,-0.327393,0.873169
-0.187744,0.189331,1.049194
0.521484,-0.324585,1.091431
-0.439941,-0.059570,0.816528
0.408447,-0.020996,1.170898
0.015503,-0.333252,0.876465
-0.225464,0.186646,1.025024
0.535645,-0.318481,1.090576
-0.316895,-0.178833,0.842285
0.248291,0.087036,1.138062
0.030640,-0.317993,0.895874
-0.329712,0.124634,0.925659
0.588989,-0.276367,1.140991
-0.294067,-0.205566,0.843262
0.218140,0.108276,1.139893
0.242432,-0.413330,0.936768
-0.363281,0.113770,0.906128
0.593750,-0.274902,1.140991
-0.273193,-0.226685,0.847412
0.175171,0.135498,1.135132
0.279541,-0.414795,0.946777
-0.382324,0.116577,0.901001
0.588257,-0.256348,1.139404
-0.254639,-0.237305,0.850586
0.148804,0.135864,1.132812
0.303223,-0.420898,0.957642
-0.408081,0.107300,0.886230
0.579590,-0.244995,1.143677
-0.236450,-0.260986,0.843994
0.109497,0.124756,1.125488
0.326660,-0.418335,0.970215
-0.411743,0.109741,0.892944
0.570679,-0.211914,1.147827
-0.233276,-0.263916,0.833130
0.083252,0.117554,1.114014
0.342773,-0.411865,0.980835
-0.429321,0.103760,0.881714
0.566284,-0.201416,1.143066
-0.220825,-0.240112,0.848633
0.060791,0.139160,1.111328
0.345703,-0.391724,0.983643
-0.436890,0.080200,0.879028
0.559326,-0.191406,1.145386
-0.194580,-0.253174,0.845215
0.019287,0.152222,1.090210
0.366333,-0.395142,0.987549
-0.439209,0.060547,0.873047
0.540649,-0.167358,1.148804
-0.156738,-0.301025,0.831665
-0.002441,0.139282,1.092896
0.362793,-0.387329,0.977173
-0.444336,0.045532,0.861450
0.538940,-0.182495,1.137085
-0.130005,-0.324463,0.832886
-0.032837,0.147583,1.066650
0.366089,-0.386597,0.982910
-0.448730,0.024048,0.843384
0.524780,-0.175049,1.135986
-0.128906,-0.337891,0.810913
-0.050537,0.151855,1.062866
0.373047,-0.376221,0.981445
-0.467651,0.028931,0.828125
0.521729,-0.174438,1.138428
-0.137817,-0.336792,0.812744
-0.074707,0.142456,1.044556
0.374756,-0.376831,0.973389
-0.476685,0.025879,0.829102
0.504517,-0.172485,1.125488
-0.142578,-0.327881,0.796631
-0.086914,0.154663,1.046265
0.374634,-0.378418,0.969849
-0.492798,0.025269,0.817383
0.493164,-0.168823,1.112183
-0.145020,-0.333252,0.796143
-0.106323,0.145752,1.033325
0.369385,-0.380005,0.970459
-0.501221,0.019775,0.808838
0.483887,-0.168823,1.114990
-0.162964,-0.308228,0.784180
-0.113403,0.136963,1.021484
0.371094,-0.385010,0.966309
-0.508545,0.031250,0.803345
0.470703,-0.161377,1.105957
-0.178101,-0.329712,0.765625
-0.119263,0.151001,1.022949
0.362427,-0.385742,0.951538
-0.518799,0.033081,0.798706
0.458618,-0.166260,1.093018
-0.184326,-0.317749,0.765015
-0.124634,0.148315,1.013672
0.346436,-0.386719,0.946655
-0.531250,0.031738,0.786743
0.463013,-0.172241,1.089233
-0.197510,-0.324341,0.752686
-0.125000,0.146362,1.016602
0.338379,-0.414917,0.921997
-0.541626,0.047363,0.793945
0.457153,-0.193115,1.076294
-0.215210,-0.308105,0.748535
-0.124878,0.143433,0.999878
0.333618,-0.404541,0.928589
-0.552246,0.053833,0.778809
0.453003,-0.192627,1.075439
-0.230225,-0.330933,0.726196
-0.125488,0.149414,1.016724
0.325317,-0.413696,0.917236
-0.564331,0.078003,0.779297
0.440552,-0.201416,1.045654
-0.235107,-0.321899,0.733887
-0.124878,0.146606,0.999268
0.310913,-0.423096,0.897949
-0.568115,0.101074,0.787598
0.436279,-0.211792,1.040161
-0.247925,-0.306519,0.727051
-0.102905,0.122437,0.992920
0.285767,-0.422607,0.886230
-0.578369,0.103027,0.778687
0.443359,-0.208618,1.032715
-0.256226,-0.289307,0.733765
-0.093506,0.121826,0.994019
0.275146,-0.412598,0.890747
-0.583618,0.106445,0.778320
0.425171,-0.221436,1.017090
-0.272827,-0.301025,0.722900
-0.080078,0.113647,0.997559
0.258423,-0.416992,0.880249
-0.593994,0.114868,0.769775
0.425537,-0.213135,1.016235
-0.268066,-0.302856,0.721191
-0.087036,0.120483,0.999512
0.258301,-0.417603,0.875000
-0.597046,0.123413,0.780151
0.428711,-0.233032,1.002441
-0.278320,-0.285522,0.726196
-0.086914,0.128540,0.983643
0.248413,-0.414551,0.869873
-0.593262,0.122803,0.776611
0.420532,-0.220703,1.010132
-0.284180,-0.293823,0.712524
-0.084717,0.130615,0.991699
0.251831,-0.427002,0.865723
-0.605835,0.138306,0.777832
0.420044,-0.219604,1.001465
-0.284668,-0.302124,0.706055
-0.082642,0.125488,0.983032
0.246338,-0.426514,0.869141
-0.609375,0.140137,0.781372
0.420410,-0.214600,1.001831
-0.286743,-0.268921,0.722046
-0.082031,0.140137,0.990601
0.244629,-0.424805,0.863159
-0.617310,0.155029,0.781372
0.424438,-0.222900,0.989990
-0.281738,-0.265137,0.721558
-0.080200,0.144897,0.987061
0.239014,-0.425049,0.857666
-0.610229,0.159302,0.780518
0.430420,-0.222290,0.996582
-0.286133,-0.278931,0.712769
-0.080444,0.140991,0.988281
0.242554,-0.419189,0.856201
-0.614502,0.166260,0.789795
0.427612,-0.224609,0.989502
-0.282471,-0.251343,0.727417
-0.076172,0.143066,0.979248
0.241577,-0.403442,0.862305
-0.618652,0.169312,0.768433
0.417480,-0.215088,0.986450
-0.267212,-0.274780,0.716919
-0.081055,0.155151,0.979614
0.250244,-0.404907,0.867676
-0.620728,0.166992,0.778564
0.419556,-0.209106,0.989502
-0.264038,-0.283081,0.721069
-0.073975,0.157349,0.982422
0.244141,-0.394653,0.868286
-0.620239,0.170898,0.783569
0.414429,-0.207031,0.989258
-0.262695,-0.271973,0.722412
-0.071777,0.152710,0.984253
0.250122,-0.391602,0.864014
-0.618164,0.176270,0.779785
0.419922,-0.220215,0.980713
-0.255981,-0.255005,0.733521
-0.078979,0.160522,0.980103
0.254639,-0.371216,0.873413
-0.616943,0.175293,0.781128
0.420898,-0.212158,0.987671
-0.254883,-0.269409,0.730713
-0.082031,0.160767,0.975830
0.266602,-0.382324,0.871826
-0.617798,0.188110,0.789795
0.420410,-0.209595,0.989502
-0.242554,-0.255615,0.735107
-0.088745,0.171509,0.975220
0.276733,-0.377197,0.876709
-0.614380,0.184937,0.782959
0.422119,-0.195801,0.990479
-0.231079,-0.276245,0.737305
-0.096802,0.169800,0.973022
0.279907,-0.374023,0.893311
-0.600098,0.163696,0.783447
0.418213,-0.175781,0.999634
-0.224976,-0.290771,0.734497
-0.107056,0.178955,0.963745
0.292969,-0.375977,0.890625
-0.601685,0.156494,0.782227
0.420288,-0.169189,1.004883
-0.201294,-0.300781,0.738281
-0.129272,0.183472,0.951416
0.304199,-0.380005,0.888916
-0.593506,0.154053,0.776733
0.421509,-0.175293,1.007690
-0.192017,-0.307861,0.749634
-0.140015,0.185059,0.952759
0.323120,-0.384033,0.893921
-0.600464,0.154541,0.772583
0.424194,-0.173706,1.003906
-0.169434,-0.332520,0.742798
-0.154419,0.188477,0.943970
0.329468,-0.366577,0.902954
-0.589844,0.128784,0.768677
0.415894,-0.181030,1.011353
-0.154297,-0.321045,0.755859
-0.166748,0.192383,0.943604
0.345337,-0.364502,0.899414
-0.574097,0.127808,0.783569
0.400024,-0.158813,1.011597
-0.135254,-0.318726,0.765869
-0.182739,0.188599,0.919800
0.357544,-0.369507,0.904053
-0.579346,0.128784,0.782959
0.393677,-0.139893,1.008423
-0.116211,-0.338135,0.761353
-0.197266,0.178223,0.917969
0.366089,-0.367676,0.912964
-0.571777,0.112183,0.780884
0.380981,-0.130615,1.007202
-0.101440,-0.360840,0.755371
-0.214600,0.174438,0.911621
0.379761,-0.369629,0.924683
-0.565308,0.086426,0.769409
0.367798,-0.116211,1.003296
-0.079224,-0.368042,0.763306
-0.228638,0.173584,0.912109
0.392456,-0.375977,0.925903
-0.556885,0.058350,0.767822
0.353149,-0.093994,1.010498
-0.058716,-0.394531,0.759399
-0.248535,0.158691,0.906372
0.401489,-0.379517,0.929810
-0.539673,0.026611,0.750854
0.332886,-0.083740,1.001221
-0.039551,-0.417969,0.750854
-0.272949,0.155029,0.877808
0.417725,-0.367798,0.944458
-0.538452,-0.001709,0.745239
0.314697,-0.076660,0.997925
-0.015869,-0.424805,0.756226
-0.296875,0.160889,0.871094
0.426514,-0.364990,0.940796
-0.525757,-0.038940,0.746094
0.287231,-0.064331,1.000122
-0.001099,-0.431030,0.757690
-0.314087,0.144409,0.861694
0.440430,-0.370972,0.951416
-0.516846,-0.033081,0.755981
0.266602,-0.047729,0.999634
0.015137,-0.448975,0.749878
-0.339966,0.143677,0.856201
0.456665,-0.370361,0.957642
-0.505737,-0.041138,0.754272
0.238892,-0.024414,1.005493
0.039551,-0.456299,0.754761
-0.355103,0.136719,0.842041
0.466553,-0.358643,0.968872
-0.487915,-0.085083,0.735962
0.210938,-0.015747,1.008301
0.057007,-0.463379,0.765015
-0.377075,0.126953,0.838379
0.477295,-0.348633,0.969727
-0.468262,-0.099609,0.750488
0.188721,0.002563,1.004395
0.076050,-0.481079,0.763794
-0.396362,0.117798,0.822998
0.479004,-0.332520,0.986572
-0.444946,-0.125732,0.746094
0.163574,0.030884,1.022583
0.103516,-0.483887,0.770508
-0.421265,0.118286,0.812988
0.490479,-0.347656,0.986816
-0.430176,-0.150146,0.745728
0.141602,0.055298,1.023193
0.125122,-0.465576,0.802124
-0.432129,0.124268,0.807007
0.496338,-0.332764,0.989990
-0.407104,-0.164917,0.755371
0.117432,0.067261,1.026001
0.152466,-0.466064,0.812500
-0.461914,0.121094,0.805908
0.514160,-0.349121,1.010132
-0.382080,-0.185181,0.754761
0.091553,0.083618,1.032715
0.181396,-0.466431,0.823975
-0.468872,0.101807,0.808716
0.513794,-0.340698,1.009155
-0.359863,-0.209473,0.760742
0.062134,0.104614,1.035522
0.221558,-0.476440,0.840698
-0.476318,0.098633,0.796021
0.519531,-0.331055,1.021118
-0.331909,-0.226196,0.761353
0.040405,0.112915,1.036499
0.258423,-0.478760,0.855469
-0.479004,0.080200,0.793091
0.507935,-0.308350,1.025024
-0.294922,-0.227661,0.782104
0.019775,0.123291,1.030273
0.289062,-0.477417,0.878052
-0.488159,0.081909,0.788208
0.502197,-0.295044,1.030884
-0.256836,-0.236694,0.792847
0.000366,0.134399,1.043335
0.319824,-0.468018,0.897461
-0.494751,0.083008,0.797729
0.496948,-0.266602,1.041626
-0.226562,-0.233643,0.811035
-0.021484,0.142578,1.038208
0.346313,-0.451050,0.927490
-0.505249,0.070679,0.795654
0.487915,-0.235107,1.057983
-0.189819,-0.236450,0.831055
-0.045288,0.144043,1.040405
0.376465,-0.436646,0.944458
-0.494507,0.062256,0.806763
0.474243,-0.212280,1.063477
-0.150635,-0.268921,0.839355
-0.070557,0.145996,1.037598
0.405518,-0.418335,0.983643
-0.486328,0.040283,0.808838
0.463135,-0.167847,1.078735
-0.104858,-0.282471,0.846802
-0.095215,0.174438,1.046997
0.439575,-0.411377,1.004395
-0.480957,0.012329,0.803833
0.443237,-0.125000,1.094727
-0.047974,-0.314575,0.853149
-0.129639,0.177734,1.040771
0.469238,-0.414551,1.014526
-0.457397,-0.030762,0.802368
0.422485,-0.089355,1.108032
-0.005859,-0.334839,0.865356
-0.151855,0.175293,1.027344
0.488037,-0.381958,1.041626
-0.442993,-0.051392,0.806519
0.410034,-0.062866,1.116821
0.049316,-0.362061,0.882690
-0.189453,0.179688,1.024292
0.507324,-0.362061,1.051025
-0.425415,-0.074463,0.807495
0.385254,-0.045532,1.116089
0.074585,-0.378296,0.878540
-0.211304,0.180054,1.009521
0.531128,-0.344482,1.069824
-0.410156,-0.095337,0.810181
0.363281,-0.021240,1.126343
0.090942,-0.362793,0.892700
-0.249512,0.182983,0.999634
0.545288,-0.328857,1.082886
-0.385254,-0.128174,0.814453
0.338745,0.005737,1.125732
0.098022,-0.353638,0.903564
-0.267212,0.185059,0.987915
0.564819,-0.302368,1.114380
-0.358154,-0.150391,0.817017
0.300903,0.049805,1.140137
0.147583,-0.391357,0.904419
-0.301514,0.167603,0.972534
0.582275,-0.310303,1.118042
-0.345093,-0.169067,0.823608
0.276978,0.063843,1.138794
0.184570,-0.401123,0.921753
-0.325073,0.151489,0.945557
0.590454,-0.282471,1.130005
-0.315186,-0.189453,0.830811
0.247925,0.083496,1.142944
0.225586,-0.409790,0.937866
-0.344727,0.134155,0.924683
0.589355,-0.288818,1.123047
-0.291748,-0.203369,0.842896
0.212891,0.110840,1.139648
0.261841,-0.410767,0.944092
-0.367310,0.135986,0.913574
0.591431,-0.272339,1.127075
-0.276245,-0.211182,0.841553
0.182983,0.127441,1.144165
0.296753,-0.432251,0.957886
-0.391724,0.126099,0.903687
0.581909,-0.257202,1.132202
-0.251709,-0.230835,0.837280
0.147827,0.136353,1.135254
0.320312,-0.424316,0.979248
-0.407837,0.115723,0.898193
0.575195,-0.232666,1.133667
-0.235474,-0.224243,0.859131
0.123901,0.153320,1.148560
0.341675,-0.424805,0.982422
-0.420776,0.118042,0.886841
0.574951,-0.216187,1.136230
-0.212280,-0.237793,0.855835
0.097168,0.161133,1.141235
0.361084,-0.413452,0.992798
-0.428955,0.098755,0.881104
0.566772,-0.193237,1.151611
-0.194580,-0.250854,0.858765
0.066040,0.173950,1.132690
0.379639,-0.401733,0.998535
-0.436768,0.093994,0.874878
0.560547,-0.192627,1.138306
-0.174683,-0.256226,0.855469
0.038696,0.176392,1.128540
0.386719,-0.391846,1.004272
-0.442627,0.085815,0.868042
0.552246,-0.176147,1.144287
-0.152222,-0.270508,0.864746
0.016479,0.173706,1.121460
0.389893,-0.392456,1.000122
-0.446655,0.060425,0.859497
0.540894,-0.168579,1.141113
-0.138794,-0.286377,0.854980
-0.003662,0.171997,1.105713
0.395874,-0.376953,1.009644
-0.452881,0.056152,0.858032
0.529541,-0.157715,1.144775
-0.101685,-0.306030,0.857666
-0.033325,0.161743,1.097046
0.396606,-0.377441,1.005981
-0.453247,0.033081,0.849976
0.524658,-0.149292,1.151001
-0.085327,-0.335449,0.846436
-0.047241,0.161011,1.079102
0.404053,-0.366943,1.007324
-0.457764,0.017700,0.840576
0.515747,-0.145142,1.148804
-0.098511,-0.321167,0.835083
-0.062500,0.156006,1.066040
0.408691,-0.359253,1.005005
-0.467041,0.008179,0.832275
0.501831,-0.137695,1.149048
-0.100098,-0.327759,0.827637
-0.089600,0.161621,1.058716
0.413208,-0.358154,1.003052
-0.476074,0.002930,0.819580
0.489258,-0.131836,1.139160
-0.100708,-0.337524,0.814941
-0.113403,0.162354,1.051514
0.415283,-0.355591,1.004272
-0.483887,0.000122,0.817139
0.478516,-0.134888,1.134033
-0.112061,-0.332642,0.809204
-0.135498,0.175781,1.050659
0.413086,-0.345825,1.006714
-0.495117,-0.016846,0.799805
0.465942,-0.139404,1.129761
-0.114380,-0.331299,0.798340
-0.165283,0.188354,1.040283
0.411255,-0.349731,1.002075
-0.492554,-0.029175,0.801636
0.449097,-0.140137,1.121948
-0.126465,-0.335327,0.795288
-0.187012,0.167236,1.016235
0.424561,-0.359741,1.001465
-0.496704,-0.005371,0.794312
0.429932,-0.123169,1.113770
-0.131836,-0.319702,0.797485
-0.204468,0.176147,1.008301
0.415527,-0.345947,0.998169
-0.499878,-0.035522,0.781860
0.413208,-0.103394,1.117310
-0.121094,-0.322388,0.789795
-0.233398,0.174805,0.992554
0.422241,-0.347900,0.993530
-0.508179,-0.050781,0.767456
0.392090,-0.095825,1.119751
-0.123169,-0.323975,0.788574
-0.257812,0.176147,0.971558
0.419800,-0.348877,0.997070
-0.509399,-0.072510,0.754517
0.362915,-0.077515,1.105835
-0.112061,-0.338867,0.790527
-0.286011,0.178955,0.964478
0.422852,-0.350586,0.988403
-0.509644,-0.078735,0.750122
0.351685,-0.074951,1.106201
-0.115601,-0.334473,0.778687
-0.308594,0.171143,0.945801
0.428467,-0.360962,0.990356
-0.510010,-0.084351,0.749023
0.323242,-0.049683,1.093384
-0.109253,-0.351807,0.771851
-0.320923,0.160889,0.917969
0.420166,-0.359131,0.976196
-0.508667,-0.086548,0.738647
0.308228,-0.050659,1.086304
-0.099365,-0.357910,0.767700
-0.354248,0.184937,0.912964
0.429688,-0.348755,0.978271
-0.504395,-0.098999,0.728882
0.290161,-0.039795,1.076904
-0.084595,-0.346680,0.784424
-0.383667,0.190552,0.906860
0.430908,-0.350708,0.983765
-0.513428,-0.114746,0.713745
0.256470,-0.021362,1.065186
-0.062012,-0.366089,0.777832
-0.413940,0.192017,0.892334
0.428101,-0.348145,0.974487
-0.506348,-0.104248,0.725586
0.228394,-0.001709,1.066040
-0.043213,-0.376587,0.781860
-0.450317,0.198975,0.889282
0.435913,-0.332764,0.979248
-0.500366,-0.120361,0.723877
0.193848,0.020020,1.061523
-0.021118,-0.391968,0.786743
-0.477295,0.205933,0.875977
0.440308,-0.322510,0.978760
-0.497314,-0.131470,0.723999
0.156738,0.044434,1.046753
0.008789,-0.387939,0.799316
-0.500000,0.207764,0.863403
0.443481,-0.328125,0.983032
-0.478882,-0.150757,0.720703
0.120239,0.064697,1.038818
0.042358,-0.399536,0.798950
-0.526245,0.215454,0.858154
0.446655,-0.315430,0.985596
-0.466553,-0.182373,0.722412
0.087769,0.075928,1.034424
0.069946,-0.394165,0.814209
-0.544678,0.208008,0.844971
0.446167,-0.306274,0.989990
-0.438721,-0.198853,0.716553
0.054565,0.096436,1.028198
0.111084,-0.425903,0.823242
-0.567139,0.202271,0.832153
0.448242,-0.292969,0.980103
-0.385254,-0.182007,0.748169
0.023804,0.110596,1.019653
0.145386,-0.422485,0.832153
-0.584351,0.192993,0.815186
0.439087,-0.270630,0.982910
-0.349976,-0.207031,0.740234
-0.005737,0.115967,1.009521
0.179443,-0.425293,0.835815
-0.601318,0.179932,0.803589
0.432129,-0.260864,0.972168
-0.319946,-0.234985,0.729614
-0.052856,0.137207,0.997437
0.217407,-0.419556,0.849365
-0.608276,0.161987,0.787964
0.418457,-0.229126,0.986206
-0.284790,-0.278320,0.718018
-0.091675,0.143799,0.990112
0.254150,-0.402954,0.869873
-0.614746,0.150024,0.781860
0.411377,-0.211426,0.984863
-0.247925,-0.285889,0.714111
-0.139893,0.161499,0.973267
0.289062,-0.396118,0.879272
-0.605957,0.136353,0.777954
0.406982,-0.181763,0.997437
-0.226440,-0.302246,0.710938
-0.179443,0.167236,0.952637
0.323364,-0.399048,0.895508
-0.597900,0.092285,0.770508
0.377808,-0.149170,1.011597
-0.196899,-0.323608,0.709839
-0.221313,0.176880,0.937012
0.349487,-0.383667,0.906494
-0.594360,0.063965,0.747681
0.341919,-0.124634,1.001465
-0.154541,-0.359009,0.708008
-0.278687,0.185669,0.906860
0.369141,-0.377808,0.911133
-0.576660,0.051758,0.748291
0.314331,-0.088013,1.006836
-0.130005,-0.368896,0.711548
-0.322266,0.194336,0.890381
0.391724,-0.359741,0.924316
-0.559814,0.012939,0.733276
0.275146,-0.050537,1.004272
-0.095825,-0.391113,0.726929
-0.367432,0.202393,0.880371
0.407837,-0.343018,0.931396
-0.545044,-0.019165,0.733032
0.234619,-0.008545,0.998657
-0.059570,-0.398438,0.736938
-0.416016,0.207764,0.856201
0.420654,-0.323486,0.942383
-0.516357,-0.054321,0.726685
0.183105,0.027100,1.012207
-0.018066,-0.405396,0.749023
-0.454102,0.209106,0.848389
0.423340,-0.295166,0.957886
-0.480591,-0.086914,0.726807
0.153564,0.061279,1.022461
0.027710,-0.412598,0.769409
-0.495483,0.217041,0.825073
0.435059,-0.277710,0.964111
-0.440430,-0.116821,0.742920
0.106323,0.092285,1.023682
0.076294,-0.414062,0.793335
-0.533081,0.228271,0.809937
0.439087,-0.267334,0.967529
-0.389771,-0.154053,0.751465
0.068115,0.119019,1.026245
0.129272,-0.402344,0.824463
-0.565063,0.213989,0.793945
0.438599,-0.246948,0.975098
-0.343018,-0.185181,0.748535
0.016235,0.152832,1.022583
0.190674,-0.397705,0.845215
-0.589478,0.199585,0.780029
0.431274,-0.224487,0.965576
-0.274292,-0.236694,0.744507
-0.034668,0.160156,0.993774
0.245483,-0.392090,0.869141
-0.599731,0.175659,0.783325
0.424561,-0.194336,0.985596
-0.222046,-0.260742,0.749512
-0.084106,0.163330,0.966797
0.298462,-0.400879,0.889404
-0.601807,0.147461,0.762817
0.413818,-0.162354,0.991089
-0.165894,-0.301025,0.749146
-0.151123,0.169678,0.936768
0.341064,-0.391479,0.906494
-0.585938,0.119019,0.766479
0.384521,-0.135864,0.999512
-0.112305,-0.350342,0.745850
-0.207275,0.152100,0.913940
0.380249,-0.366699,0.931152
-0.562012,0.065796,0.759766
0.343384,-0.088745,0.999023
-0.074463,-0.376709,0.744263
-0.277588,0.167480,0.881958
0.407227,-0.357056,0.940796
-0.536743,-0.005371,0.750854
0.297241,-0.053467,0.991089
-0.037964,-0.393677,0.737061
-0.342529,0.162720,0.853027
0.432007,-0.346069,0.947266
-0.504517,-0.056396,0.751709
0.237061,-0.009033,1.003418
0.000732,-0.420044,0.745972
-0.394653,0.158936,0.829712
0.442871,-0.328979,0.955566
-0.473022,-0.102295,0.746826
0.182983,0.025635,1.011597
0.046509,-0.435791,0.758789
-0.442749,0.161133,0.807495
0.460449,-0.320923,0.963379
-0.439941,-0.111938,0.764404
0.135498,0.061768,1.009766
0.087524,-0.431152,0.783203
-0.500977,0.165405,0.785400
0.434570,-0.231445,0.972046
-0.273682,-0.217407,0.753418
-0.028198,0.159546,0.998657
0.237671,-0.394165,0.870728
-0.599976,0.172974,0.783447
0.428467,-0.199585,0.984741
-0.217896,-0.271240,0.747070
-0.099731,0.178467,0.974365
0.295288,-0.395264,0.886353
-0.589966,0.142090,0.776978
0.409790,-0.168213,0.998779
-0.166016,-0.296509,0.762939
-0.157349,0.173462,0.943848
0.340332,-0.376465,0.906494
-0.577393,0.101440,0.763062
0.375122,-0.118530,1.002686
-0.109985,-0.359985,0.740967
-0.222290,0.173950,0.910645
0.379272,-0.364990,0.928711
-0.560059,0.052612,0.757324
0.346069,-0.090332,1.005859
-0.072754,-0.394531,0.735596
-0.279297,0.168213,0.879761
0.406982,-0.344238,0.938110
-0.535278,-0.007324,0.746460
0.291870,-0.049683,0.998169
-0.029663,-0.428589,0.717773
-0.336304,0.166138,0.853638
0.431519,-0.335938,0.949463
-0.509644,-0.050171,0.746704
0.239136,-0.012329,1.002808
0.009277,-0.436523,0.742188
-0.401245,0.164429,0.823853
0.443237,-0.329346,0.949951
-0.480835,-0.086548,0.741699
0.186157,0.026367,1.007568
0.044678,-0.452881,0.751343
-0.454346,0.169800,0.811401
0.452148,-0.319824,0.953247
-0.448730,-0.113647,0.749268
0.132812,0.061768,1.015625
0.084961,-0.451294,0.778442
-0.487183,0.161011,0.782471
0.455444,-0.300659,0.963745
-0.407349,-0.136108,0.754639
0.081055,0.097412,1.021973
0.130737,-0.452393,0.802612
-0.527344,0.145874,0.774658
0.458252,-0.281250,0.975586
-0.358032,-0.164795,0.757080
0.028442,0.126587,1.015381
0.204712,-0.465698,0.831177
-0.555176,0.136963,0.763306
0.461060,-0.267212,0.980103
-0.300049,-0.198120,0.764771
-0.021240,0.148315,1.006470
0.253540,-0.458252,0.850708
-0.569702,0.119995,0.761108
0.456909,-0.252197,0.989624
-0.236572,-0.228882,0.777100
-0.078735,0.162842,0.990112
0.311401,-0.450439,0.880859
-0.574219,0.097290,0.764282
0.428589,-0.206177,1.005859
-0.173706,-0.266724,0.788940
-0.120117,0.153564,0.964844
0.343506,-0.437134,0.903931
-0.559448,0.078003,0.766846
0.403320,-0.175659,1.002563
-0.114014,-0.312378,0.793335
-0.175049,0.155151,0.944946
0.381348,-0.411011,0.932495
-0.547852,0.028198,0.760498
0.373535,-0.140137,1.009033
-0.059570,-0.366699,0.784668
-0.225342,0.133667,0.912842
0.412476,-0.401001,0.943970
-0.523804,-0.039307,0.746948
0.327515,-0.102051,1.007080
-0.007446,-0.408447,0.782349
-0.280396,0.123413,0.877808
0.444580,-0.388794,0.959839
-0.494629,-0.061157,0.777710
0.276123,-0.057251,1.012329
0.042358,-0.460571,0.772705
-0.324463,0.123535,0.855713
0.466675,-0.372681,0.972412
-0.469727,-0.099731,0.760620
0.233276,-0.025513,1.015259
0.066284,-0.466187,0.773193
-0.371338,0.114014,0.840088
0.481812,-0.362183,0.978882
-0.439941,-0.138062,0.761353
0.188843,0.006836,1.020020
0.093506,-0.461060,0.788086
-0.404785,0.116943,0.824341
0.493164,-0.338013,0.996582
-0.417358,-0.163818,0.749023
0.135986,0.043579,1.021484
0.139404,-0.470215,0.805542
-0.441040,0.109009,0.802490
0.495361,-0.323364,1.002197
-0.379150,-0.186523,0.757690
0.091431,0.080933,1.031250
0.195557,-0.486694,0.822266
-0.467651,0.094604,0.794189
0.509766,-0.322388,1.009644
-0.341919,-0.207153,0.767212
0.043457,0.110352,1.025513
0.257324,-0.504883,0.848633
-0.497559,0.083862,0.778442
0.506226,-0.294312,1.021729
-0.276611,-0.203125,0.804565
0.000366,0.142822,1.039307
0.287598,-0.481689,0.875244
-0.502563,0.066772,0.774414
0.487915,-0.259521,1.032593
-0.232788,-0.221924,0.803101
-0.037354,0.147339,1.029053
0.332520,-0.467773,0.909790
-0.508301,0.064819,0.787354
0.471436,-0.217163,1.049805
-0.188232,-0.242310,0.814697
-0.074097,0.163452,1.028687
0.375977,-0.445190,0.945190
-0.505493,0.038208,0.789917
0.455444,-0.187866,1.060791
-0.138306,-0.264404,0.828125
-0.108887,0.159058,1.020874
0.410889,-0.438599,0.966553
-0.495605,-0.000610,0.791992
0.433105,-0.141968,1.070923
-0.082764,-0.304077,0.835571
-0.140869,0.163818,1.007812
0.440918,-0.418579,0.991943
-0.487793,-0.026611,0.780273
0.408691,-0.120850,1.069702
-0.027344,-0.339233,0.843384
-0.179321,0.171387,0.997314
0.474487,-0.387817,1.010864
-0.467041,-0.056519,0.790649
0.383667,-0.084351,1.084351
0.036377,-0.378418,0.847900
-0.207642,0.176025,0.988037
0.496094,-0.375854,1.025391
-0.440674,-0.087402,0.785522
0.353516,-0.054321,1.089111
0.078369,-0.401855,0.854980
-0.239380,0.160400,0.976074
0.510010,-0.357788,1.036377
-0.418823,-0.114136,0.792236
0.330200,-0.042236,1.086914
0.102417,-0.405273,0.867798
-0.270508,0.174072,0.972778
0.531616,-0.328857,1.060425
-0.400391,-0.139404,0.791992
0.305176,-0.007202,1.099487
0.119385,-0.398804,0.874268
-0.300415,0.184326,0.957886
0.551514,-0.309692,1.080688
-0.374756,-0.161377,0.799438
0.266602,0.019409,1.096191
0.156738,-0.406738,0.889648
-0.333252,0.165771,0.939453
0.562012,-0.293579,1.099365
-0.347900,-0.180786,0.802246
0.232910,0.055176,1.106934
0.195312,-0.429565,0.902588
-0.351807,0.151978,0.920166
0.563477,-0.275513,1.104858
-0.326782,-0.196533,0.803467
0.197021,0.081177,1.109985
0.240234,-0.446899,0.919556
-0.369141,0.129272,0.894653
0.571289,-0.271118,1.105591
-0.296997,-0.201050,0.821411
0.159912,0.100708,1.105835
0.284546,-0.449341,0.939697
-0.381958,0.112183,0.880371
0.568848,-0.248535,1.110352
-0.266357,-0.205933,0.838501
0.126465,0.124390,1.110840
0.325073,-0.458252,0.949829
-0.407715,0.090698,0.874023
0.563232,-0.240356,1.116577
-0.239624,-0.206055,0.843628
0.088745,0.143799,1.111572
0.360596,-0.452271,0.978149
-0.419312,0.096924,0.867432
0.559082,-0.203857,1.127441
-0.203369,-0.212402,0.865356
0.060425,0.168335,1.116699
0.386230,-0.434692,0.996094
-0.431519,0.084229,0.867798
0.551147,-0.173950,1.138672
-0.172852,-0.217773,0.874146
0.020020,0.178711,1.117432
0.418823,-0.418823,1.018433
-0.436157,0.056152,0.865356
0.542603,-0.147705,1.153687
-0.130127,-0.238159,0.877686
-0.027222,0.209839,1.105835
0.441650,-0.404175,1.031860
-0.434570,0.026733,0.860107
0.527588,-0.133423,1.158813
-0.082520,-0.257935,0.892212
-0.055298,0.195190,1.100952
0.467285,-0.378418,1.046509
-0.433960,0.000732,0.851440
0.511963,-0.108032,1.161255
-0.017822,-0.298828,0.906250
-0.088013,0.193726,1.075684
0.484131,-0.354858,1.062622
-0.431274,-0.020752,0.847290
0.493774,-0.085815,1.176758
0.021606,-0.325195,0.900513
-0.135010,0.202759,1.068115
0.496826,-0.323730,1.076782
-0.420898,-0.059692,0.833740
0.459839,-0.054932,1.175781
0.026611,-0.330444,0.894409
-0.169434,0.216675,1.057129
0.517212,-0.310547,1.087769
-0.421509,-0.077026,0.829224
0.427368,-0.025269,1.188110
0.042847,-0.356689,0.892700
-0.213501,0.220947,1.048096
0.534302,-0.293335,1.112427
-0.398438,-0.107666,0.823730
0.387939,-0.006714,1.175415
0.069824,-0.358276,0.906860
-0.252808,0.208252,1.024048
0.552246,-0.286499,1.121826
-0.374878,-0.153198,0.807739
0.343018,0.029541,1.172363
0.106689,-0.375122,0.907227
-0.282227,0.183716,0.991089
0.562378,-0.282471,1.121582
-0.355957,-0.176025,0.809814
0.300049,0.049072,1.161011
0.148071,-0.381714,0.913818
-0.309082,0.166138,0.961304
0.567871,-0.283813,1.118896
-0.335693,-0.195923,0.812500
0.256958,0.073608,1.156006
0.195679,-0.397217,0.919922
-0.348999,0.162964,0.940674
0.567383,-0.263550,1.117065
-0.308960,-0.219116,0.817139
0.205688,0.093018,1.142578
0.237427,-0.419067,0.934326
-0.384521,0.142578,0.921387
0.566406,-0.248047,1.121704
-0.292480,-0.228516,0.817505
0.154907,0.108154,1.130249
0.273315,-0.422119,0.946533
-0.412720,0.129028,0.903320
0.563232,-0.231323,1.122925
-0.276245,-0.249512,0.813477
0.103516,0.128662,1.121094
0.306396,-0.404297,0.957520
-0.437988,0.114014,0.889038
0.552856,-0.207764,1.127686
-0.250977,-0.256470,0.819092
0.058960,0.122681,1.106323
0.325439,-0.397949,0.969849
-0.455078,0.079468,0.855469
0.542114,-0.191895,1.135010
-0.188965,-0.281860,0.835083
0.006226,0.130615,1.088013
0.344971,-0.374756,0.973755
-0.457153,0.042969,0.838989
0.515747,-0.165405,1.131592
-0.131592,-0.319458,0.833740
-0.054321,0.132080,1.058228
0.378540,-0.370117,0.979858
-0.474854,0.011963,0.820435
0.495850,-0.150757,1.130249
-0.126343,-0.313965,0.816895
-0.110962,0.147461,1.042969
0.411255,-0.348633,0.996582
-0.476440,-0.003296,0.812012
0.460083,-0.109741,1.147461
-0.104980,-0.323975,0.815063
-0.170532,0.169922,1.029663
0.431274,-0.339844,1.026733
-0.479370,-0.042725,0.789917
0.418823,-0.075562,1.137329
-0.085693,-0.309937,0.824707
-0.236084,0.182251,1.001953
0.457520,-0.336914,1.029541
-0.474731,-0.095337,0.771362
0.363647,-0.043335,1.131836
-0.046265,-0.322754,0.838867
-0.293091,0.170898,0.966309
0.468872,-0.330200,1.034912
-0.453003,-0.122803,0.757080
0.315308,-0.007080,1.126953
-0.011597,-0.352539,0.826294
-0.347656,0.165039,0.928589
0.483643,-0.325684,1.037720
-0.428955,-0.181396,0.745850
0.254761,0.021606,1.109009
0.045898,-0.376343,0.834351
-0.405518,0.171387,0.902954
0.494263,-0.306396,1.052002
-0.418457,-0.210938,0.748535
0.192993,0.046997,1.095093
0.096436,-0.389282,0.850830
-0.451538,0.164673,0.880005
0.490112,-0.296997,1.044312
-0.406128,-0.214355,0.748779
0.133545,0.064575,1.072388
0.148438,-0.391113,0.870361
-0.476562,0.147827,0.857544
0.483887,-0.282593,1.043823
-0.378052,-0.241089,0.758301
0.072266,0.064087,1.056519
0.182129,-0.390015,0.876099
-0.504028,0.115112,0.833618
0.476807,-0.258301,1.048462
-0.304810,-0.275024,0.775146
0.008789,0.087036,1.041382
0.226807,-0.400024,0.890015
-0.527588,0.097046,0.808594
0.463867,-0.224731,1.055054
-0.265137,-0.290039,0.759766
-0.044800,0.105835,1.016968
0.270874,-0.410400,0.895752
-0.546387,0.075928,0.789551
0.443237,-0.195435,1.054688
-0.244507,-0.304810,0.732544
-0.108276,0.119629,1.002441
0.304199,-0.416992,0.912231
-0.557373,0.047974,0.773682
0.432861,-0.168945,1.061890
-0.213135,-0.317383,0.733643
-0.179321,0.152710,0.995728
0.341064,-0.403809,0.922729
-0.562134,0.017578,0.767944
0.401123,-0.138306,1.063843
-0.192505,-0.308960,0.741089
-0.247070,0.169189,0.969116
0.368774,-0.392944,0.941162
-0.550537,-0.020752,0.753906
0.356934,-0.109741,1.054932
-0.175415,-0.320801,0.738892
-0.295166,0.157715,0.927734
0.382568,-0.380981,0.946533
-0.550171,-0.049683,0.720947
0.321533,-0.070801,1.056763
-0.134521,-0.337769,0.743774
-0.349609,0.179321,0.902222
0.396606,-0.373657,0.955200
-0.544312,-0.078369,0.712769
0.280396,-0.040161,1.053833
-0.101318,-0.356934,0.753296
-0.407715,0.192139,0.893188
0.411133,-0.361816,0.959351
-0.526978,-0.103516,0.702271
0.235596,-0.005371,1.054932
-0.064941,-0.378174,0.764282
-0.446655,0.202515,0.884888
0.420776,-0.349609,0.967407
-0.524902,-0.121094,0.696655
0.185059,0.015259,1.039062
-0.018433,-0.385498,0.782593
-0.483276,0.212158,0.871338
0.427979,-0.326538,0.973145
-0.508911,-0.146240,0.696655
0.146729,0.046753,1.037109
0.023315,-0.401123,0.783325
-0.520630,0.215820,0.854126
0.436279,-0.320435,0.978027
-0.473511,-0.154053,0.719727
0.095459,0.073975,1.031372
0.061035,-0.398926,0.807373
-0.540039,0.213867,0.842896
0.435913,-0.310791,0.969604
-0.434448,-0.172729,0.726685
0.056763,0.086548,1.031128
0.101318,-0.402100,0.819336
-0.564575,0.216919,0.839600
0.439331,-0.287109,0.979614
-0.394165,-0.225342,0.717285
0.017822,0.099243,1.014771
0.141235,-0.420166,0.830200
-0.587769,0.198120,0.817871
0.431885,-0.269287,0.973267
-0.353271,-0.245605,0.718872
-0.016113,0.113770,1.007935
0.188110,-0.417847,0.841797
-0.597900,0.196289,0.810547
0.426880,-0.236938,0.984985
-0.310303,-0.276733,0.715088
-0.057251,0.125854,0.995850
0.223022,-0.419434,0.859619
-0.605957,0.178101,0.792725
0.415161,-0.210815,0.988647
-0.269897,-0.283936,0.715576
-0.105591,0.145874,0.981567
0.260498,-0.404907,0.868164
-0.607422,0.172607,0.785767
0.411133,-0.181641,0.990967
-0.237305,-0.296143,0.721558
-0.149902,0.150391,0.965698
0.294556,-0.403809,0.876831
-0.607422,0.144165,0.776978
0.394531,-0.156982,0.997559
-0.208740,-0.305664,0.719727
-0.186890,0.154175,0.946167
0.319580,-0.399536,0.883301
-0.602173,0.119629,0.768555
0.378174,-0.133789,1.001953
-0.182983,-0.298218,0.719604
-0.232300,0.166260,0.920776
0.342529,-0.400513,0.897217
-0.588989,0.093628,0.754883
0.357544,-0.101318,1.003540
-0.165649,-0.314575,0.722656
-0.273193,0.176392,0.904907
0.370605,-0.398926,0.905273
-0.581177,0.054077,0.744995
0.328369,-0.068970,1.004517
-0.132935,-0.356689,0.714966
-0.317505,0.192505,0.882324
0.393677,-0.384888,0.921753
-0.568726,0.023193,0.734375
0.302002,-0.047852,1.014771
-0.113892,-0.354858,0.717773
-0.349121,0.197144,0.875488
0.404907,-0.365234,0.926147
-0.541504,-0.023560,0.723145
0.272949,-0.017456,1.013184
-0.082764,-0.357178,0.725098
-0.381836,0.214600,0.870728
0.419434,-0.357300,0.932617
-0.532715,-0.055298,0.718994
0.234497,-0.004395,1.007080
-0.056274,-0.356201,0.732666
-0.408936,0.220825,0.857666
0.432861,-0.350098,0.939209
-0.517578,-0.080078,0.717651
0.207764,0.014526,1.012329
-0.032959,-0.384033,0.741333
-0.434692,0.222534,0.846436
0.440552,-0.330933,0.949463
-0.497559,-0.099487,0.726074
0.178833,0.036011,1.018433
-0.005981,-0.388672,0.751221
-0.460083,0.225708,0.838135
0.435303,-0.308594,0.951050
-0.476562,-0.122925,0.731323
0.151489,0.047607,1.024292
0.027954,-0.398560,0.773682
-0.494507,0.230225,0.830566
0.447754,-0.292847,0.950806
-0.440552,-0.118896,0.750122
0.117798,0.057251,1.013672
0.058594,-0.396729,0.782837
-0.512573,0.229126,0.815552
0.450439,-0.270020,0.964233
-0.415161,-0.120972,0.755859
0.094727,0.074707,1.017944
0.095215,-0.392334,0.800659
-0.539673,0.226562,0.801758
0.449707,-0.248047,0.967285
-0.383667,-0.161865,0.750244
0.062622,0.097412,1.018555
0.132812,-0.396484,0.826538
-0.550171,0.205566,0.794434
0.452026,-0.231201,0.973877
-0.328735,-0.180908,0.760376
0.018555,0.132202,1.015259
0.175415,-0.398560,0.835571
-0.572754,0.195190,0.786255
0.444824,-0.220825,0.968506
-0.292603,-0.185547,0.768677
-0.021973,0.136841,0.993042
0.219727,-0.411621,0.849609
-0.579834,0.168091,0.777222
0.446045,-0.203735,0.987427
-0.250732,-0.218140,0.766235
-0.066528,0.156006,0.978027
0.257080,-0.427612,0.863770
-0.585815,0.141602,0.769653
0.442383,-0.183105,1.000000
-0.216064,-0.238403,0.764404
-0.109131,0.169312,0.961182
0.302490,-0.420410,0.880127
-0.583252,0.111206,0.758179
0.423218,-0.160156,1.006104
-0.167969,-0.270630,0.765625
-0.145020,0.172974,0.950928
0.341675,-0.421997,0.900146
-0.580200,0.102173,0.766479
0.408813,-0.148071,1.011353
-0.124023,-0.313599,0.768799
-0.192749,0.181885,0.936890
0.364746,-0.410156,0.905396
-0.561890,0.073120,0.755005
0.382080,-0.118286,1.008301
-0.089844,-0.339966,0.769653
-0.231201,0.166260,0.897461
0.385986,-0.386597,0.920044
-0.557007,0.037476,0.762329
0.353149,-0.093262,1.007812
-0.053589,-0.367188,0.762329
-0.267944,0.162476,0.884766
0.409058,-0.375610,0.932495
-0.542725,-0.009766,0.747070
0.313843,-0.081665,0.996216
-0.024902,-0.391479,0.764038
-0.311401,0.158325,0.856445
0.427856,-0.367432,0.940918
-0.519775,-0.045166,0.745605
0.269775,-0.045044,1.000366
0.009399,-0.429443,0.754883
-0.348145,0.156494,0.853149
0.449951,-0.370850,0.942993
-0.511597,-0.074951,0.737549
0.228638,-0.019531,1.001099
0.046265,-0.436035,0.757568
-0.387573,0.144653,0.829834
0.459717,-0.358276,0.955200
-0.487061,-0.099976,0.744995
0.196899,0.007690,1.010132
0.065796,-0.440918,0.774658
-0.413452,0.143311,0.822144
0.463989,-0.339355,0.972412
-0.460938,-0.125488,0.747437
0.165527,0.022949,1.011963
0.087891,-0.452881,0.776367
-0.444946,0.153320,0.809082
0.480835,-0.338745,0.962769
-0.437988,-0.154297,0.744385
0.123535,0.048096,1.006226
0.115601,-0.452881,0.790161
-0.461304,0.132568,0.793213
0.475464,-0.323608,0.974976
-0.416016,-0.149536,0.750854
0.099609,0.069214,1.015869
0.141968,-0.458984,0.800049
-0.483276,0.121094,0.790527
0.483276,-0.313965,0.985107
-0.384766,-0.162109,0.758911
0.056152,0.086060,1.008911
0.172241,-0.473267,0.813110
-0.491577,0.098145,0.774170
0.479980,-0.299683,0.989990
-0.359497,-0.171509,0.769287
0.027954,0.101440,1.008789
0.210205,-0.479492,0.826538
-0.505859,0.097046,0.764893
0.481567,-0.297729,1.001587
-0.334595,-0.198853,0.769653
0.004883,0.117310,1.013184
0.247559,-0.484009,0.849854
-0.506348,0.078369,0.757202
0.481689,-0.295044,0.999146
-0.312012,-0.218628,0.768799
-0.017090,0.120361,1.007568
0.273804,-0.485474,0.849365
-0.521484,0.081909,0.758179
0.480713,-0.269043,1.018066
-0.278076,-0.225830,0.780762
-0.043457,0.136353,1.012329
0.300293,-0.484131,0.869507
-0.512207,0.069336,0.763428
0.461426,-0.255737,1.015259
-0.251831,-0.224976,0.799194
-0.047974,0.141235,1.023438
0.319214,-0.483276,0.888062
-0.518433,0.071655,0.772461
0.462769,-0.238037,1.025879
-0.228760,-0.242432,0.798340
-0.063232,0.140869,1.015015
0.332764,-0.479736,0.898438
-0.528931,0.082153,0.777832
0.457642,-0.225220,1.037109
-0.209229,-0.244995,0.802002
-0.082642,0.158325,1.022461
0.351685,-0.468750,0.908325
-0.520874,0.073364,0.781860
0.447998,-0.222778,1.033081
-0.184448,-0.249146,0.814087
-0.088501,0.149414,1.018555
0.366699,-0.469238,0.925049
-0.517334,0.067505,0.781372
0.453735,-0.194336,1.043823
-0.169800,-0.262451,0.819458
-0.099731,0.146362,1.010620
0.388672,-0.464722,0.935059
-0.512939,0.067871,0.788818
0.445435,-0.178711,1.044312
-0.137329,-0.260742,0.834473
-0.109985,0.159424,1.011475
0.401489,-0.447021,0.946899
-0.508057,0.045654,0.786865
0.442017,-0.160278,1.067017
-0.123657,-0.256226,0.842163
-0.117554,0.146118,1.014648
0.410522,-0.447388,0.956177
-0.499390,0.032837,0.790771
0.443359,-0.152344,1.067261
-0.118774,-0.269531,0.840576
-0.119385,0.150635,1.009521
0.427002,-0.459106,0.963379
-0.495361,0.025024,0.794189
0.443726,-0.154907,1.071289
-0.098267,-0.273804,0.848877
-0.123779,0.156494,1.019287
0.424805,-0.440430,0.972656
-0.488770,0.011597,0.789185
0.446045,-0.148438,1.086182
-0.082886,-0.278076,0.853394
-0.124512,0.163452,1.037720
0.440918,-0.438354,0.977417
-0.476685,0.016479,0.801147
0.444092,-0.134277,1.080688
-0.070801,-0.285034,0.860474
-0.119751,0.161377,1.036743
0.448730,-0.436890,0.995972
-0.474365,0.017944,0.798950
0.447266,-0.129639,1.083008
-0.054932,-0.295166,0.864380
-0.120117,0.161987,1.029419
0.457520,-0.423340,0.998657
-0.475464,0.017090,0.802979
0.453979,-0.128784,1.095947
-0.050171,-0.301880,0.864380
-0.127441,0.183716,1.045776
0.472046,-0.422363,1.007202
-0.465698,0.016602,0.813721
0.453491,-0.124146,1.097900
-0.035400,-0.310059,0.859863
-0.128052,0.177734,1.040771
0.471924,-0.404419,1.023071
-0.457031,0.002930,0.811279
0.457153,-0.112915,1.120117
-0.034546,-0.311279,0.864258
-0.127075,0.187744,1.053589
0.479126,-0.404663,1.020142
-0.455078,-0.011597,0.815063
0.452759,-0.102417,1.129272
-0.014648,-0.320312,0.877075
-0.139282,0.197754,1.065918
0.484741,-0.413330,1.031860
-0.453735,-0.016479,0.820801
0.455688,-0.115356,1.122681
0.001221,-0.315063,0.894775
-0.141724,0.196899,1.059448
0.497437,-0.391235,1.038208
-0.438110,-0.016846,0.828369
0.453125,-0.092285,1.141724
0.005737,-0.325439,0.887573
-0.135864,0.201904,1.060303
0.500610,-0.387085,1.051270
-0.437256,-0.010376,0.832397
0.453979,-0.082886,1.148315
0.023071,-0.340210,0.890503
-0.140991,0.200806,1.055786
0.503784,-0.377686,1.053589
-0.416504,-0.131470,0.780518
0.288452,-0.015991,1.076904
0.106079,-0.407959,0.854858
-0.303711,0.161133,0.942627
0.528198,-0.351807,1.039429
-0.415161,-0.131714,0.783447
0.282593,-0.007568,1.081055
0.102661,-0.389526,0.856567
-0.301025,0.156372,0.948120
0.528931,-0.351685,1.038696
-0.406982,-0.138184,0.784912
0.283203,-0.009644,1.083984
0.114746,-0.391724,0.868164
-0.313232,0.157593,0.952026
0.541382,-0.342651,1.056641
-0.389526,-0.157104,0.793823
0.275391,0.010742,1.094849
0.123169,-0.385010,0.872437
-0.324097,0.171997,0.946533
0.553101,-0.343506,1.064209
-0.378906,-0.159668,0.800049
0.269409,0.007324,1.095825
0.138184,-0.394653,0.884399
-0.327515,0.174927,0.947266
0.554077,-0.325684,1.082153
-0.366577,-0.160278,0.809570
0.265991,0.020752,1.101807
0.151978,-0.403687,0.890747
-0.336914,0.167969,0.953369
0.568848,-0.313110,1.086548
-0.357422,-0.179565,0.801147
0.251953,0.036865,1.113403
0.173340,-0.404419,0.905762
-0.340820,0.164307,0.941528
0.571899,-0.309082,1.093140
-0.344604,-0.188354,0.812134
0.231812,0.053955,1.114380
0.192993,-0.416382,0.908203
-0.344849,0.144897,0.917480
0.577637,-0.303833,1.099976
-0.326538,-0.190430,0.813721
0.229492,0.069580,1.123169
0.213013,-0.422241,0.918579
-0.346069,0.134033,0.915771
0.579834,-0.289062,1.102783
-0.311401,-0.184204,0.834351
0.213745,0.078003,1.127319
0.235718,-0.427246,0.934570
-0.366211,0.122314,0.898071
0.582886,-0.285889,1.112305
-0.293091,-0.189819,0.837524
0.197754,0.089111,1.127075
0.259033,-0.432739,0.941040
-0.369507,0.121826,0.895996
0.581543,-0.267822,1.116455
-0.280762,-0.196167,0.837036
0.178955,0.109863,1.130493
0.284180,-0.446655,0.942627
-0.383911,0.110229,0.889648
0.583740,-0.260742,1.116089
-0.265381,-0.206177,0.854980
0.159058,0.121826,1.129150
0.304443,-0.444580,0.956299
-0.393066,0.113281,0.883911
0.576660,-0.243652,1.122314
-0.252686,-0.198364,0.852417
0.146484,0.129883,1.135376
0.320923,-0.447388,0.968018
-0.410767,0.103638,0.877075
0.570679,-0.234253,1.123901
-0.237183,-0.212524,0.860840
0.129028,0.141113,1.138428
0.340698,-0.434692,0.983643
-0.409668,0.104858,0.875854
0.572876,-0.218262,1.130127
-0.223633,-0.206177,0.866943
0.111206,0.147705,1.139893
0.350586,-0.421875,0.995361
-0.419067,0.104126,0.872192
0.568604,-0.202026,1.140259
-0.207031,-0.215576,0.866699
0.085205,0.158447,1.136475
0.369751,-0.420288,0.998047
-0.426147,0.099243,0.879639
0.569458,-0.192627,1.145020
-0.192017,-0.228394,0.862427
0.061523,0.171753,1.130249
0.392700,-0.405640,1.010254
-0.431641,0.081299,0.871216
0.561890,-0.178345,1.140869
-0.171509,-0.227661,0.879028
0.035400,0.172729,1.130615
0.400879,-0.399536,1.018311
-0.442871,0.062988,0.862549
0.552368,-0.166870,1.161011
-0.147705,-0.239990,0.873291
0.015137,0.179932,1.111450
0.410400,-0.384399,1.028809
-0.446167,0.045532,0.862915
0.541382,-0.151001,1.166504
-0.114624,-0.284058,0.873901
-0.008545,0.182251,1.112183
0.417236,-0.367798,1.028931
-0.441650,0.035400,0.861206
0.532227,-0.143677,1.164307
-0.077026,-0.303101,0.873779
-0.028442,0.187256,1.099487
0.436035,-0.364380,1.026001
-0.444092,0.017578,0.854614
0.524048,-0.136475,1.163086
-0.048706,-0.302368,0.876709
-0.059326,0.188843,1.080444
0.435425,-0.344849,1.038086
-0.441162,-0.018433,0.846924
0.508301,-0.122559,1.171997
-0.046387,-0.331299,0.867798
-0.079468,0.193604,1.086060
0.455322,-0.338379,1.049194
-0.449585,-0.009033,0.845703
0.491333,-0.110474,1.173462
-0.054443,-0.328857,0.848633
-0.105469,0.188965,1.067627
0.466064,-0.334839,1.050171
-0.459229,-0.018677,0.828857
0.484863,-0.089111,1.175415
-0.043579,-0.340088,0.845337
-0.148804,0.201416,1.061890
0.473999,-0.329590,1.059814
-0.459106,-0.034058,0.821411
0.458496,-0.083130,1.168457
-0.038574,-0.342041,0.857056
-0.174072,0.194824,1.048584
0.486450,-0.329468,1.066284
-0.460205,-0.050171,0.807739
0.441040,-0.058960,1.172729
-0.029419,-0.329590,0.857422
-0.199463,0.209717,1.042603
0.493530,-0.317871,1.068970
-0.458740,-0.070679,0.797852
0.411255,-0.047241,1.168945
-0.017700,-0.327759,0.862793
-0.223511,0.198730,1.033081
0.486084,-0.310791,1.073608
-0.448486,-0.092651,0.793701
0.404541,-0.046875,1.154663
-0.015991,-0.329834,0.860718
-0.258057,0.193726,1.002197
0.502930,-0.317261,1.066528
-0.440674,-0.102905,0.786011
0.380493,-0.039307,1.145874
-0.014404,-0.333984,0.849731
-0.273315,0.186523,0.996094
0.500000,-0.321289,1.064697
-0.445557,-0.111816,0.784424
0.360352,-0.027954,1.143188
-0.009033,-0.338013,0.850586
-0.287109,0.167236,0.979736
0.491089,-0.316528,1.059692
-0.433594,-0.119507,0.775269
0.337524,-0.019287,1.137939
-0.005859,-0.342041,0.842163
-0.302246,0.163330,0.964233
0.499512,-0.318848,1.063110
-0.440552,-0.134644,0.764038
0.322632,-0.018555,1.127319
0.006836,-0.347778,0.845215
-0.325684,0.173706,0.952515
0.495239,-0.322876,1.057495
-0.438843,-0.140137,0.763428
0.292603,0.003784,1.123901
0.016113,-0.350220,0.849243
-0.339233,0.153687,0.935303
0.495239,-0.320801,1.048096
-0.436401,-0.141724,0.751831
0.279297,0.021729,1.119995
0.033691,-0.359619,0.843384
-0.371582,0.166016,0.920044
0.498657,-0.329468,1.047363
-0.433716,-0.170044,0.746216
0.244385,0.023071,1.108276
0.052612,-0.372925,0.838867
-0.401489,0.172485,0.915039
0.494507,-0.311157,1.058716
-0.431274,-0.168213,0.747559
0.221802,0.038452,1.097290
0.053833,-0.376831,0.838867
-0.415283,0.157715,0.896240
0.493286,-0.317749,1.040161
-0.426758,-0.196533,0.744873
0.192993,0.050049,1.090576
0.061401,-0.387207,0.833496
-0.436646,0.159668,0.887573
0.489380,-0.308350,1.040771
-0.431641,-0.185425,0.748657
0.161743,0.063599,1.086548
0.090454,-0.398560,0.849121
-0.460205,0.160522,0.868774
0.478394,-0.298218,1.039551
-0.429321,-0.195312,0.739502
0.142944,0.058105,1.065430
0.103760,-0.390625,0.847290
-0.483276,0.162109,0.858521
0.483521,-0.295898,1.030762
-0.424561,-0.215088,0.731445
0.107422,0.071655,1.055786
0.115112,-0.397827,0.850708
-0.495850,0.164917,0.855103
0.483398,-0.285400,1.037720
-0.410645,-0.217285,0.742554
0.073730,0.071899,1.049072
0.133057,-0.394897,0.847168
-0.507202,0.132446,0.837036
0.478149,-0.278931,1.035156
-0.396240,-0.203857,0.753906
0.047485,0.087036,1.035645
0.153809,-0.406250,0.846313
-0.525879,0.131714,0.821289
0.476440,-0.269165,1.034424
-0.351562,-0.239746,0.756104
0.009399,0.093506,1.030396
0.171021,-0.426392,0.847534
-0.546997,0.133789,0.807373
0.462524,-0.253784,1.025635
-0.329956,-0.252197,0.756226
-0.020386,0.097778,1.010620
0.197632,-0.423096,0.854004
-0.556396,0.113647,0.794067
0.461304,-0.250000,1.033203
-0.303345,-0.267212,0.741333
-0.054688,0.110229,1.004150
0.229858,-0.424072,0.861938
-0.567627,0.116455,0.791260
0.438354,-0.224609,1.023315
-0.271118,-0.293701,0.735962
-0.095947,0.123901,0.986938
0.255859,-0.412598,0.873535
-0.580444,0.102173,0.768921
0.435547,-0.202393,1.035645
-0.249878,-0.306763,0.725708
-0.134033,0.125488,0.979248
0.284546,-0.416992,0.884277
-0.588623,0.072998,0.750732
0.404907,-0.176270,1.036743
-0.224976,-0.298828,0.732300
-0.182739,0.145386,0.964111
0.306274,-0.402710,0.896729
-0.593872,0.066162,0.752563
0.386597,-0.155762,1.032471
-0.208252,-0.319214,0.719971
-0.229858,0.162231,0.948730
0.333008,-0.398438,0.905396
-0.590088,0.043457,0.753418
0.361328,-0.142090,1.024536
-0.183960,-0.334839,0.718872
-0.279419,0.162109,0.922974
0.362549,-0.399902,0.913940
-0.588013,0.005981,0.730835
0.326660,-0.109985,1.024780
-0.153687,-0.342407,0.726318
-0.321899,0.170288,0.908325
0.379883,-0.376587,0.934570
-0.574219,-0.025757,0.724731
0.294067,-0.069580,1.028687
-0.124146,-0.369507,0.723022
-0.380981,0.190918,0.890015
0.400146,-0.367432,0.941406
-0.551270,-0.055908,0.714478
0.239136,-0.031372,1.022217
-0.087158,-0.376343,0.740723
-0.429443,0.201782,0.882080
0.418457,-0.337646,0.958374
-0.536987,-0.095459,0.697388
0.185425,0.010376,1.017456
-0.045410,-0.373779,0.764404
-0.475342,0.211792,0.868896
0.429321,-0.314697,0.965942
-0.516846,-0.131958,0.700073
0.121094,0.056030,1.021118
0.023315,-0.387085,0.791138
-0.527710,0.218506,0.850220
0.431763,-0.289062,0.977173
-0.467041,-0.149292,0.720337
0.071533,0.085815,1.020874
0.082886,-0.400269,0.804443
-0.561401,0.212769,0.836060
0.432129,-0.264160,0.980835
-0.392578,-0.190674,0.731323
0.021851,0.118652,1.015991
0.137451,-0.395630,0.828003
-0.585571,0.190186,0.807007
0.430542,-0.240479,0.986572
-0.336060,-0.246704,0.714600
-0.034424,0.137207,0.998657
0.207886,-0.396484,0.851318
-0.604858,0.188232,0.790649
0.425415,-0.207764,0.995850
-0.267578,-0.271851,0.726196
-0.092041,0.153442,0.978027
0.258911,-0.388184,0.878174
-0.611084,0.155518,0.771851
0.410767,-0.179321,1.000000
-0.214233,-0.305664,0.729248
-0.163086,0.175293,0.954468
0.311401,-0.384033,0.890015
-0.603516,0.119873,0.765015
0.378540,-0.148926,1.003052
-0.171631,-0.331543,0.717773
-0.223877,0.175903,0.924927
0.349243,-0.377563,0.901733
-0.591431,0.076416,0.753296
0.346802,-0.110474,1.007446
-0.135620,-0.354736,0.717896
-0.280884,0.177734,0.894897
0.379272,-0.364990,0.921021
-0.578735,0.030396,0.724365
0.303833,-0.058472,1.007202
-0.093018,-0.379761,0.724609
-0.336182,0.189453,0.884033
0.397827,-0.347534,0.924805
-0.560181,-0.006226,0.724487
0.253540,-0.020386,0.997559
-0.058350,-0.378174,0.735962
-0.378418,0.195679,0.864380
0.410645,-0.328003,0.937744
-0.541382,-0.046387,0.708984
0.214111,0.014404,1.004028
-0.023682,-0.409058,0.741943
-0.424072,0.203979,0.856689
0.424561,-0.303223,0.946167
-0.518677,-0.070435,0.717163
0.168579,0.047119,1.006836
0.018311,-0.405762,0.759033
-0.461792,0.210815,0.850342
0.444580,-0.302124,0.956787
-0.488159,-0.089966,0.725586
0.129761,0.095825,1.022095
0.053467,-0.402588,0.780884
-0.484497,0.204468,0.837891
0.447021,-0.291138,0.960938
-0.460205,-0.108398,0.736694
0.092041,0.125610,1.023560
0.086792,-0.411011,0.793945
-0.519043,0.193726,0.825684
0.448853,-0.267944,0.979492
-0.429565,-0.116455,0.743774
0.069458,0.121338,1.014282
0.131470,-0.408081,0.813232
-0.558594,0.206665,0.805908
0.448853,-0.265869,0.975708
-0.381104,-0.166992,0.745728
0.030273,0.143799,1.009766
0.169922,-0.406738,0.827515
-0.571777,0.197266,0.797363
0.454590,-0.247070,0.977783
-0.330322,-0.183472,0.747681
-0.012817,0.156128,0.997192
0.206543,-0.393921,0.851318
-0.585449,0.195435,0.786743
0.450806,-0.227905,0.984253
-0.286377,-0.226807,0.748413
-0.045776,0.158325,0.989990
0.248291,-0.392456,0.869751
-0.585815,0.162598,0.778687
0.443115,-0.206421,0.993774
-0.234009,-0.239380,0.761475
-0.084473,0.165527,0.970703
0.277222,-0.399170,0.879639
-0.588013,0.140381,0.768311
0.438965,-0.183350,1.007690
-0.192017,-0.264038,0.763672
-0.124756,0.175171,0.954224
0.314697,-0.409424,0.885498
-0.581055,0.122070,0.771484
0.419434,-0.165649,1.008667
-0.148926,-0.285034,0.776001
-0.164062,0.161133,0.934326
0.344238,-0.406616,0.893677
-0.576782,0.092163,0.775391
0.399048,-0.150513,1.005371
-0.112549,-0.327148,0.770996
-0.206421,0.177612,0.918701
0.369751,-0.383301,0.917236
-0.557983,0.068848,0.760620
0.362427,-0.112915,1.003174
-0.076904,-0.363892,0.757446
-0.236450,0.151245,0.898071
0.395630,-0.373535,0.927979
-0.548340,0.020874,0.753662
0.336304,-0.079956,1.002563
-0.044922,-0.384644,0.754639
-0.279541,0.153687,0.871094
0.416138,-0.369995,0.940063
-0.531250,-0.034790,0.740967
0.299927,-0.051758,1.002686
-0.010498,-0.403687,0.749390
-0.329346,0.161377,0.851440
0.432007,-0.354980,0.950195
-0.500122,-0.069092,0.746338
0.251587,-0.033081,0.998169
0.014526,-0.427490,0.752319
-0.372070,0.134521,0.820190
0.453125,-0.346436,0.959839
-0.493286,-0.088989,0.749634
0.204224,0.006714,1.002808
0.055420,-0.454102,0.752930
-0.420532,0.144775,0.806030
0.457520,-0.332764,0.962769
-0.454102,-0.124390,0.744995
0.159302,0.034912,1.009766
0.081421,-0.459229,0.765991
-0.456055,0.138306,0.790405
0.463989,-0.309082,0.974854
-0.426025,-0.164062,0.742554
0.110474,0.069214,1.018921
0.121460,-0.450439,0.796021
-0.491211,0.126709,0.776123
0.461182,-0.294067,0.980225
-0.379883,-0.191162,0.749268
0.052124,0.110718,1.012573
0.173462,-0.451050,0.824585
-0.524292,0.119263,0.768311
0.461060,-0.274780,0.991455
-0.324341,-0.207642,0.763916
-0.004395,0.130859,1.014404
0.241577,-0.463989,0.848511
-0.547241,0.099365,0.752686
0.461548,-0.245117,0.998047
-0.255493,-0.233643,0.775879
-0.070679,0.150269,0.993164
0.295166,-0.457520,0.876465
-0.552124,0.080811,0.754395
0.436279,-0.207031,1.012817
-0.171997,-0.267334,0.796509
-0.128174,0.156006,0.975830
0.349365,-0.443604,0.903320
-0.545898,0.057251,0.762573
0.401611,-0.155151,1.018066
-0.099731,-0.316650,0.797607
-0.184082,0.140259,0.948120
0.392334,-0.428223,0.931641
-0.531250,-0.004761,0.755981
0.363403,-0.127563,1.007935
-0.032471,-0.376221,0.793579
-0.256104,0.140015,0.905273
0.437378,-0.407593,0.954346
-0.500854,-0.061768,0.756592
0.291626,-0.077881,1.009521
0.035400,-0.427368,0.787598
-0.314209,0.119263,0.868408
0.471436,-0.377441,0.970947
-0.472900,-0.117065,0.759399
0.241211,-0.030396,1.014160
0.085815,-0.452026,0.792725
-0.367798,0.104248,0.844849
0.485474,-0.337402,0.993896
-0.430786,-0.157593,0.756714
0.165283,0.014771,1.013428
0.121216,-0.455566,0.802490
-0.425537,0.111084,0.821899
0.494873,-0.321045,1.007935
-0.376221,-0.197388,0.759521
0.093628,0.073242,1.026611
0.189209,-0.457886,0.829102
-0.468872,0.090454,0.796997
0.499268,-0.297241,1.013428
-0.323120,-0.219116,0.768188
0.017212,0.111694,1.029785
0.266479,-0.471680,0.860718
-0.498901,0.067017,0.770020
0.477783,-0.261108,1.030884
-0.245972,-0.246582,0.795288
-0.042969,0.144653,1.024292
0.330566,-0.451050,0.910645
-0.512695,0.064453,0.777222
0.446533,-0.206421,1.043579
-0.157104,-0.266602,0.817749
-0.099854,0.144043,1.005615
0.387451,-0.443115,0.937988
-0.507202,0.034912,0.781128
0.410034,-0.156006,1.037109
-0.075684,-0.314331,0.829712
-0.162109,0.137207,0.984009
0.439087,-0.419678,0.976929
-0.500244,-0.030151,0.769409
0.369385,-0.083984,1.060669
0.027832,-0.398071,0.829224
-0.237549,0.146729,0.947876
0.476685,-0.397949,0.996826
-0.456543,-0.093506,0.767822
0.309570,-0.049927,1.052612
0.088867,-0.422485,0.835571
-0.302002,0.143311,0.924683
0.507568,-0.355225,1.028931
-0.411621,-0.143921,0.784668
0.237793,0.007324,1.059082
0.117798,-0.406128,0.841797
-0.363281,0.146484,0.895630
0.533325,-0.323242,1.050537
-0.370850,-0.186035,0.780884
0.148926,0.068970,1.056274
0.207642,-0.429443,0.877686
-0.411621,0.082397,0.835083
0.538208,-0.296631,1.059814
-0.298950,-0.222046,0.793701
0.064087,0.119751,1.057007
0.285278,-0.450073,0.909058
-0.447144,0.061768,0.811157
0.516113,-0.253906,1.065552
-0.226074,-0.250244,0.818115
-0.002563,0.149536,1.056763
0.351074,-0.440674,0.942749
-0.472656,0.066406,0.810059
0.492920,-0.198975,1.084229
-0.143188,-0.266479,0.836548
-0.067139,0.172119,1.049561
0.418091,-0.421509,0.982056
-0.473755,0.032959,0.807373
0.456421,-0.132324,1.096436
-0.040405,-0.320679,0.860107
-0.134888,0.179199,1.046631
0.466187,-0.390381,1.027466
-0.449341,-0.024902,0.811035
0.407593,-0.072876,1.109375
0.060547,-0.369995,0.878418
-0.197510,0.172852,1.006714
0.513428,-0.346558,1.057617
-0.422729,-0.091187,0.798340
0.337402,-0.015747,1.102051
0.099976,-0.380005,0.878540
-0.272217,0.169312,0.979248
0.541382,-0.316772,1.084717
-0.376465,-0.158447,0.796875
0.252686,0.037231,1.088501
0.178467,-0.400146,0.902344
-0.336182,0.122559,0.919922
0.568359,-0.287231,1.100464
-0.316895,-0.191528,0.812744
0.165527,0.090698,1.093018
0.266846,-0.427124,0.929810
-0.392944,0.086182,0.866577
0.559937,-0.249756,1.109619
-0.245117,-0.225952,0.833984
0.080933,0.152588,1.094849
0.346313,-0.433472,0.966064
-0.435059,0.078491,0.851685
0.535889,-0.197510,1.122803
-0.171997,-0.240723,0.852173
0.003174,0.196045,1.098511
0.417969,-0.412109,1.007812
-0.455688,0.044312,0.836548
0.514404,-0.142578,1.130249
-0.085205,-0.268555,0.878540
-0.077637,0.214966,1.094727
0.476807,-0.391846,1.039307
-0.445923,-0.000610,0.835083
0.475342,-0.090576,1.141846
0.034912,-0.338013,0.891724
-0.153931,0.203247,1.058350
0.514282,-0.340088,1.075439
-0.422607,-0.054810,0.832520
0.406860,-0.038696,1.145996
0.072021,-0.346924,0.906738
-0.228149,0.190674,1.025757
0.545532,-0.301514,1.109375
-0.380493,-0.132690,0.818726
0.325806,0.024292,1.139893
0.153198,-0.375854,0.926514
-0.293701,0.167847,0.973022
0.573242,-0.276001,1.125977
-0.321899,-0.184326,0.828613
0.233643,0.080688,1.127075
0.242432,-0.407349,0.937012
-0.348999,0.125488,0.907349
0.584229,-0.245239,1.135620
-0.257568,-0.223877,0.836670
0.142700,0.130615,1.118042
0.325562,-0.422852,0.972534
-0.400391,0.103882,0.879150
0.568848,-0.210693,1.138184
-0.191040,-0.241333,0.861450
0.050537,0.169800,1.117432
0.397827,-0.406372,1.012695
-0.433472,0.069458,0.862183
0.539429,-0.146362,1.152710
-0.107788,-0.263916,0.885742
-0.039062,0.202271,1.104736
0.447998,-0.373657,1.037231
-0.431641,0.006104,0.855225
0.506470,-0.099487,1.168335
0.016724,-0.324341,0.911499
-0.116821,0.202271,1.090454
0.487061,-0.333740,1.068726
-0.423584,-0.029907,0.848877
0.447266,-0.044678,1.173340
0.039062,-0.338867,0.901245
-0.202148,0.206543,1.052246
0.539795,-0.289795,1.112915
-0.388550,-0.117554,0.821777
0.358032,0.018921,1.170532
0.117432,-0.357910,0.915039
-0.277954,0.180908,1.000122
0.581909,-0.282349,1.133057
-0.339111,-0.180664,0.821777
0.260620,0.069214,1.143677
0.215820,-0.403198,0.936035
-0.341553,0.138306,0.931030
0.579712,-0.247314,1.137329
-0.265991,-0.221558,0.840332
0.154419,0.126709,1.130249
0.292114,-0.404297,0.968994
-0.395874,0.099609,0.901001
0.578979,-0.214600,1.153931
-0.203491,-0.243164,0.856323
0.054810,0.169189,1.114746
0.378052,-0.391113,1.004028
-0.433105,0.052979,0.861938
0.546387,-0.162109,1.158691
-0.091309,-0.296021,0.877808
-0.034912,0.177124,1.094604
0.421143,-0.367065,1.019531
-0.436646,-0.000122,0.847168
0.498901,-0.109375,1.163330
-0.022217,-0.332153,0.871582
-0.116333,0.190796,1.076660
0.461914,-0.320312,1.060669
-0.435303,-0.046265,0.830688
0.434082,-0.054810,1.174805
0.020020,-0.333984,0.884644
-0.213257,0.206177,1.044800
0.515381,-0.282715,1.095581
-0.397705,-0.120972,0.810181
0.348999,-0.002319,1.154541
0.093140,-0.363037,0.898193
-0.294800,0.177246,0.978271
0.550903,-0.269409,1.113281
-0.348999,-0.190063,0.805786
0.248291,0.068726,1.141968
0.192871,-0.395752,0.920288
-0.373169,0.139160,0.922852
0.561768,-0.239868,1.126099
-0.285645,-0.240723,0.817017
0.130615,0.126343,1.125244
0.281982,-0.400269,0.950439
-0.424194,0.103149,0.890869
0.550293,-0.204346,1.133789
-0.227661,-0.262817,0.823730
0.035645,0.145020,1.093994
0.339966,-0.379150,0.974731
-0.445557,0.037476,0.845703
0.524902,-0.174927,1.136719
-0.116943,-0.317261,0.842163
-0.048950,0.147461,1.062256
0.383057,-0.351440,0.994629
-0.461060,-0.009521,0.827515
0.486816,-0.135742,1.149170
-0.082275,-0.326294,0.833252
-0.150635,0.181030,1.037964
0.434326,-0.336304,1.020508
-0.460571,-0.041382,0.808716
0.334473,0.036621,1.166016
-0.051636,-0.329712,0.848022
-0.299561,0.169312,0.973877
0.574463,-0.273193,1.131470
-0.439941,-0.106201,0.791260
0.239990,0.091553,1.151855
0.232056,-0.424072,0.932251
-0.361694,0.137817,0.934082
0.575562,-0.242432,1.138062
-0.264160,-0.229370,0.839722
0.156006,0.134888,1.136841
0.300049,-0.424072,0.963989
-0.401245,0.113403,0.897339
0.564209,-0.218750,1.141113
-0.226440,-0.246826,0.843140
0.077881,0.152100,1.117554
0.347900,-0.391235,0.979126
-0.424683,0.077393,0.876709
0.555908,-0.170898,1.166016
-0.169067,-0.280396,0.861084
0.014771,0.145996,1.098389
0.387817,-0.388428,0.996094
-0.440796,0.039795,0.857300
0.529663,-0.154175,1.157349
-0.080078,-0.319458,0.864258
-0.056396,0.161255,1.084717
0.413574,-0.362915,1.015991
-0.446533,0.005005,0.852783
0.514282,-0.127075,1.160767
-0.062256,-0.321411,0.854004
-0.124023,0.184570,1.063110
0.454224,-0.347168,1.036621
-0.445190,-0.026611,0.827271
0.467041,-0.078979,1.166626
-0.041016,-0.307861,0.862061
-0.184692,0.200684,1.052612
0.486572,-0.325195,1.062378
-0.444580,-0.080688,0.799927
0.417236,-0.045898,1.160767
-0.002441,-0.315918,0.873657
-0.241699,0.197266,1.022461
0.514893,-0.314575,1.082764
-0.422485,-0.117920,0.798340
0.352051,-0.006470,1.155518
0.036377,-0.351196,0.871094
-0.283691,0.171631,0.983887
0.527954,-0.309937,1.091431
-0.406006,-0.150879,0.790283
0.307617,0.031738,1.156982
0.089355,-0.365112,0.875122
-0.337280,0.166626,0.951538
0.531372,-0.295898,1.086182
-0.372803,-0.206177,0.781250
0.244141,0.055298,1.134155
0.136597,-0.394287,0.889160
-0.372437,0.148926,0.923584
0.541504,-0.276855,1.093262
-0.345459,-0.227661,0.790283
0.184448,0.071411,1.116943
0.181274,-0.401367,0.908447
-0.409790,0.127197,0.894287
0.538574,-0.256104,1.105225
-0.325806,-0.237305,0.792603
0.126465,0.087280,1.099609
0.222046,-0.386475,0.914062
-0.444214,0.100952,0.865479
0.535400,-0.238281,1.096924
-0.295776,-0.271729,0.791626
0.077637,0.100708,1.086304
0.254150,-0.386475,0.927856
-0.465332,0.087769,0.849609
0.525757,-0.219727,1.106079
-0.244263,-0.284790,0.803711
0.016479,0.121338,1.068848
0.288574,-0.385986,0.936157
-0.478882,0.057861,0.822998
0.509399,-0.208008,1.111084
-0.187378,-0.316040,0.798950
-0.024170,0.117188,1.047729
0.321533,-0.389160,0.938232
-0.494263,0.045776,0.814941
0.486450,-0.183716,1.099243
-0.173828,-0.312012,0.789551
-0.083252,0.145996,1.036987
0.349854,-0.374268,0.954834
-0.508179,0.016724,0.797363
0.460327,-0.163696,1.104492
-0.154297,-0.318970,0.780396
-0.144775,0.162598,1.027466
0.380859,-0.357422,0.976562
-0.516113,-0.010620,0.781616
0.431152,-0.132690,1.107544
-0.147461,-0.305298,0.786743
-0.205933,0.162476,1.000854
0.404663,-0.338257,0.994385
-0.506470,-0.051758,0.762573
0.391846,-0.090576,1.105957
-0.125854,-0.312866,0.795044
-0.254028,0.177856,0.983398
0.433350,-0.348755,0.997681
-0.507080,-0.072388,0.759766
0.355469,-0.060425,1.102905
-0.099121,-0.318359,0.793579
-0.302856,0.173462,0.952881
0.441650,-0.348389,1.003540
-0.492065,-0.104492,0.740601
0.311523,-0.029297,1.097656
-0.057129,-0.349121,0.797485
-0.360596,0.177368,0.923218
0.451904,-0.339722,1.015991
-0.482422,-0.130981,0.729126
0.263916,-0.003296,1.088867
-0.020264,-0.355835,0.807617
-0.410767,0.168457,0.909424
0.465332,-0.335693,1.027344
-0.461548,-0.173828,0.728271
0.209961,0.029053,1.082642
0.029053,-0.363281,0.823608
-0.452881,0.173584,0.880127
0.473389,-0.317139,1.026733
-0.454834,-0.187012,0.734375
0.149902,0.048462,1.062500
0.082153,-0.383789,0.842651
-0.488525,0.166016,0.864380
0.471558,-0.302002,1.021484
-0.435669,-0.210205,0.739136
0.096313,0.070435,1.051758
0.130249,-0.382080,0.858032
-0.521118,0.137817,0.830933
0.472046,-0.292725,1.020386
-0.362061,-0.236084,0.756592
0.043945,0.086182,1.043335
0.163208,-0.389526,0.854614
-0.533936,0.134033,0.818481
0.462402,-0.266357,1.022217
-0.322632,-0.266968,0.745361
-0.001709,0.086914,1.019897
0.202393,-0.400269,0.872192
-0.551147,0.107056,0.790649
0.452881,-0.245361,1.036377
-0.283447,-0.279663,0.755127
-0.057983,0.098022,0.996582
0.245728,-0.400757,0.871094
-0.572632,0.099365,0.775879
0.431763,-0.224976,1.028076
-0.252197,-0.309448,0.732666
-0.113892,0.123657,0.992310
0.278809,-0.410522,0.888550
-0.584839,0.080322,0.759888
0.415039,-0.188354,1.037720
-0.230347,-0.318604,0.729980
-0.166626,0.139404,0.980469
0.303223,-0.400513,0.901855
-0.584961,0.059204,0.753540
0.397217,-0.164917,1.033691
-0.216431,-0.313354,0.736938
-0.212891,0.158325,0.964478
0.336060,-0.400146,0.911011
-0.585327,0.054688,0.751831
0.373657,-0.142090,1.031860
-0.189453,-0.312256,0.734863
-0.260986,0.163452,0.948120
0.351929,-0.392822,0.925537
-0.583618,0.011597,0.738647
0.351929,-0.102783,1.040527
-0.170654,-0.339233,0.724121
-0.304932,0.176270,0.929932
0.375122,-0.389404,0.925171
-0.586914,-0.014282,0.722534
0.311157,-0.083740,1.036621
-0.144653,-0.358154,0.725952
-0.359375,0.173828,0.898193
0.391724,-0.381714,0.938110
-0.561890,-0.045166,0.701416
0.276855,-0.037476,1.037354
-0.116089,-0.369751,0.726440
-0.398071,0.183594,0.888428
0.407715,-0.379517,0.942017
-0.551880,-0.061157,0.709595
0.236084,-0.015137,1.034668
-0.090210,-0.347778,0.759766
-0.435669,0.213013,0.879028
0.424927,-0.352417,0.958252
-0.546753,-0.098022,0.693848
0.189087,0.007568,1.023682
-0.043091,-0.389648,0.760132
-0.471436,0.217529,0.873779
0.428101,-0.334961,0.968262
-0.533203,-0.119873,0.694092
0.152954,0.040894,1.023438
-0.011230,-0.393066,0.778320
-0.505005,0.228394,0.867554
0.439697,-0.321167,0.976196
-0.508301,-0.140259,0.706787
0.110718,0.073853,1.026489
0.028564,-0.398560,0.790405
-0.527710,0.225464,0.852661
0.441895,-0.302368,0.974487
-0.469116,-0.131592,0.736206
0.076172,0.093018,1.016968
0.072510,-0.397217,0.802612
-0.556519,0.209473,0.824341
0.435181,-0.282349,0.980225
-0.428711,-0.181763,0.718018
0.040771,0.114258,1.023071
0.113159,-0.405396,0.806030
-0.574707,0.214844,0.825195
0.438965,-0.276367,0.978271
-0.382935,-0.223267,0.718140
0.008789,0.122803,1.015747
0.148193,-0.402344,0.827393
-0.586670,0.208130,0.814087
0.433105,-0.249023,0.987793
-0.333618,-0.245483,0.719849
-0.027832,0.132080,1.000000
0.194214,-0.406494,0.844482
-0.604980,0.189087,0.794434
0.428345,-0.231445,0.992188
-0.291748,-0.262939,0.715942
-0.072388,0.145142,0.984863
0.234375,-0.396973,0.856812
-0.602295,0.168701,0.787354
0.421875,-0.195923,0.999634
-0.252808,-0.288696,0.719482
-0.115356,0.158325,0.975342
0.272461,-0.398682,0.876709
-0.612549,0.155273,0.778687
0.414673,-0.176025,1.002686
-0.220825,-0.293579,0.721191
-0.155884,0.161133,0.951172
0.304443,-0.386108,0.881958
-0.599976,0.120728,0.763428
0.395020,-0.144287,1.006348
-0.184814,-0.313477,0.727905
-0.212036,0.167480,0.929443
0.335327,-0.394165,0.894165
-0.593262,0.093262,0.751831
0.367432,-0.122681,1.008789
-0.164062,-0.322510,0.720093
-0.257568,0.162842,0.903320
0.360840,-0.376953,0.905029
-0.583984,0.041870,0.734863
0.332764,-0.080444,1.009399
-0.127808,-0.355469,0.715454
-0.303223,0.181152,0.891357
0.391113,-0.371094,0.922119
-0.569336,0.022217,0.721680
0.297119,-0.041504,1.013916
-0.098755,-0.377686,0.721436
-0.351807,0.197632,0.875488
0.406250,-0.359619,0.926147
-0.555298,-0.024658,0.707642
0.257324,-0.009033,1.010986
-0.062988,-0.382324,0.736572
-0.391357,0.206299,0.858154
0.416992,-0.337280,0.935547
-0.538574,-0.057617,0.711304
0.212036,0.023315,1.009399
-0.031738,-0.396851,0.754761
-0.435547,0.211060,0.845947
0.430786,-0.327148,0.948853
-0.516357,-0.092163,0.713257
0.165649,0.052856,1.015503
0.002075,-0.390259,0.767578
-0.467163,0.229858,0.847046
0.432617,-0.304077,0.956177
-0.481812,-0.123413,0.725586
0.133057,0.075562,1.022217
0.040894,-0.391357,0.785034
-0.501953,0.226562,0.835327
0.441162,-0.285034,0.962036
-0.450073,-0.144287,0.730225
0.100464,0.093628,1.023926
0.074951,-0.395264,0.803345
-0.531982,0.230835,0.816895
0.447144,-0.259766,0.985107
-0.407227,-0.172363,0.728271
0.078491,0.110107,1.026001
0.115601,-0.391113,0.815796
-0.557983,0.236572,0.812988
0.448608,-0.247192,0.969238
-0.356934,-0.188965,0.748169
0.033813,0.126465,1.017822
0.162720,-0.398560,0.829346
-0.573975,0.233643,0.800049
0.453491,-0.231201,0.979614
-0.314087,-0.177246,0.764648
-0.004150,0.139648,1.000244
0.204346,-0.402954,0.847046
-0.582275,0.200684,0.786377
0.448364,-0.208008,0.980469
-0.273560,-0.201904,0.759399
-0.046021,0.154297,0.992310
0.244507,-0.414185,0.856445
-0.592041,0.188354,0.782593
0.437622,-0.194580,0.985718
-0.229614,-0.218994,0.769165
-0.081299,0.163940,0.978882
0.277466,-0.397705,0.883667
-0.590820,0.157593,0.780273
0.423828,-0.166748,1.000854
-0.187866,-0.263428,0.768188
-0.125244,0.166138,0.959961
0.313232,-0.402100,0.896729
-0.587524,0.130737,0.769653
0.415161,-0.141602,1.007324
-0.150269,-0.296387,0.759277
-0.175781,0.165894,0.924072
0.343384,-0.399048,0.905396
-0.579712,0.100098,0.761963
0.391602,-0.099487,1.025879
-0.112671,-0.326538,0.755737
-0.199707,0.170776,0.915161
0.368164,-0.395508,0.908691
-0.568481,0.070435,0.755005
0.366089,-0.075317,1.016479
-0.085693,-0.341797,0.750488
-0.251709,0.175049,0.889038
0.392212,-0.374390,0.929932
-0.552734,0.035522,0.749023
0.333862,-0.052002,1.013062
-0.059204,-0.372192,0.739868
-0.293945,0.169556,0.877197
0.414673,-0.377563,0.937134
-0.547607,-0.015625,0.738037
0.300537,-0.033569,1.004517
-0.031860,-0.390381,0.743408
-0.330444,0.175049,0.850952
0.422852,-0.360840,0.938843
-0.522705,-0.056030,0.729736
0.266602,-0.017090,1.002686
-0.010620,-0.404297,0.745972
-0.365601,0.174194,0.844971
0.434448,-0.336670,0.956421
-0.507324,-0.085571,0.729736
0.223633,0.005005,1.013062
0.024658,-0.432007,0.751465
-0.405396,0.180542,0.829346
0.450073,-0.340454,0.953613
-0.489624,-0.092163,0.736206
0.193848,0.024048,1.014893
0.048462,-0.440918,0.757568
-0.429810,0.172241,0.819336
0.459473,-0.326172,0.952026
-0.465698,-0.089844,0.747925
0.162231,0.035767,1.011230
0.080444,-0.445312,0.767334
-0.466797,0.187012,0.802002
0.458252,-0.313110,0.957886
-0.443115,-0.109985,0.747925
0.132812,0.049561,1.010742
0.099609,-0.437378,0.787598
-0.495483,0.169189,0.789673
0.465820,-0.306519,0.961914
-0.419556,-0.151123,0.744141
0.102783,0.081421,1.018433
0.129517,-0.437622,0.804077
-0.515137,0.166626,0.783569
0.465210,-0.296509,0.969238
-0.399170,-0.174683,0.748291
0.072388,0.083252,1.013794
0.153687,-0.444580,0.818237
-0.529175,0.148438,0.771729
0.467163,-0.297607,0.967896
-0.365112,-0.156860,0.767090
0.041626,0.101562,1.011475
0.189209,-0.452759,0.827026
-0.543213,0.126709,0.765869
0.460938,-0.277954,0.977295
-0.333374,-0.191040,0.768433
0.008911,0.116821,1.004272
0.227417,-0.473633,0.835938
-0.548584,0.114380,0.761841
0.465454,-0.264282,0.987915
-0.300537,-0.184082,0.779785
-0.018677,0.122314,0.997559
0.252808,-0.461060,0.861084
-0.551147,0.092529,0.756836
0.458496,-0.255615,0.983154
-0.281006,-0.194336,0.786377
-0.041626,0.133423,0.992554
0.286987,-0.457153,0.875610
-0.555542,0.078857,0.744629
0.451416,-0.248169,0.996826
-0.245239,-0.228149,0.783691
-0.073853,0.137939,0.983154
0.308472,-0.460327,0.890503
-0.560181,0.078979,0.747437
0.442017,-0.221680,0.997070
-0.209839,-0.227173,0.792725
-0.101929,0.152344,0.980713
0.327393,-0.454102,0.894043
-0.552856,0.067017,0.765625
0.428223,-0.201416,1.011108
-0.186035,-0.251587,0.792603
-0.124146,0.155151,0.971191
0.349854,-0.443726,0.913208
-0.546631,0.048828,0.768921
0.411987,-0.175293,1.019409
-0.150391,-0.292358,0.785645
-0.149780,0.151611,0.959473
0.375610,-0.438232,0.923706
-0.538696,0.034546,0.769043
0.398804,-0.148315,1.024658
-0.120728,-0.315430,0.790039
-0.175781,0.140869,0.939941
0.395020,-0.427856,0.937134
-0.532837,0.023682,0.777588
0.381958,-0.140503,1.028320
-0.081421,-0.342285,0.790283
-0.200317,0.144531,0.940918
0.417603,-0.424072,0.944580
-0.523926,0.001465,0.766357
0.366943,-0.122925,1.023926
-0.045898,-0.374023,0.788696
-0.242065,0.157227,0.920166
0.434692,-0.420288,0.949829
-0.510376,-0.037964,0.760864
0.345093,-0.098511,1.032104
-0.011841,-0.399170,0.787964
-0.261353,0.147095,0.904175
0.444336,-0.424438,0.954224
-0.497070,-0.052612,0.765381
0.333984,-0.097046,1.026611
0.017212,-0.419189,0.798584
-0.296387,0.141479,0.893677
0.452637,-0.398071,0.966553
-0.480591,-0.078613,0.759155
0.309937,-0.071777,1.036743
0.043091,-0.433960,0.798706
-0.316040,0.148071,0.886475
0.460693,-0.402832,0.961548
-0.469971,-0.098022,0.759399
0.292358,-0.051147,1.041382
0.077393,-0.436890,0.810913
-0.340576,0.137573,0.877808
0.469604,-0.395630,0.966919
-0.455811,-0.112671,0.765137
0.274048,-0.039917,1.040405
0.091553,-0.439575,0.811890
-0.346802,0.144287,0.872681
0.486572,-0.383545,0.978760
-0.446167,-0.133179,0.752075
0.248169,-0.017822,1.036865
0.099487,-0.441528,0.806030
-0.361450,0.138306,0.874878
0.493652,-0.370728,0.999023
-0.437378,-0.148682,0.750610
0.226440,0.004761,1.044312
0.111328,-0.443115,0.815430
-0.370605,0.146118,0.874268
0.504761,-0.371582,1.007202
-0.426636,-0.166138,0.753784
0.208374,0.011841,1.043823
0.118652,-0.432251,0.829102
-0.392578,0.140259,0.880371
0.506348,-0.354492,1.015625
-0.408813,-0.181763,0.759399
0.190186,0.035156,1.053467
0.141724,-0.435059,0.832397
-0.409912,0.145142,0.864014
0.522583,-0.355713,1.013062
-0.390991,-0.191284,0.762207
0.167969,0.040283,1.042236
0.166138,-0.443726,0.846191
-0.411621,0.135132,0.856934
0.519409,-0.335083,1.030029
-0.369263,-0.193481,0.761597
0.142944,0.058838,1.056885
0.200439,-0.454712,0.854370
-0.426758,0.116333,0.840454
0.531006,-0.321655,1.036011
-0.352295,-0.203613,0.774292
0.125366,0.067261,1.050171
0.223145,-0.467773,0.869507
-0.430786,0.098267,0.827148
0.530396,-0.302612,1.041870
-0.327393,-0.216919,0.779175
0.105713,0.084229,1.053467
0.250854,-0.462646,0.883423
-0.434814,0.079590,0.825073
0.521240,-0.294067,1.049438
-0.308716,-0.206421,0.796387
0.094971,0.089355,1.063965
0.267212,-0.457397,0.900269
-0.447266,0.076294,0.815674
0.520142,-0.279663,1.061157
-0.287720,-0.222412,0.805664
0.075684,0.095093,1.056030
0.286621,-0.460083,0.907227
-0.446045,0.057983,0.803833
0.516724,-0.256348,1.069946
-0.265259,-0.216553,0.815186
0.065796,0.118286,1.072510
0.310547,-0.468018,0.920532
-0.457520,0.068481,0.801636
0.514160,-0.256104,1.056274
-0.242310,-0.225830,0.822754
0.049561,0.122070,1.073120
0.325806,-0.449219,0.932617
-0.465210,0.074097,0.813354
0.515381,-0.241089,1.073486
-0.220825,-0.222534,0.833374
0.035034,0.127930,1.066040
0.349243,-0.447876,0.951660
-0.473633,0.076416,0.813110
0.511841,-0.214233,1.082397
-0.203125,-0.227051,0.835571
0.016968,0.146851,1.071899
0.366333,-0.448608,0.964355
-0.478149,0.069824,0.821411
0.506836,-0.202881,1.088379
-0.186279,-0.235840,0.841919
-0.002686,0.151123,1.072876
0.390137,-0.439331,0.980347
-0.478394,0.063721,0.824219
0.495850,-0.178101,1.099976
-0.163452,-0.244873,0.845703
-0.021240,0.166870,1.071411
0.409424,-0.429443,0.987915
-0.478271,0.051636,0.823730
0.491699,-0.158936,1.103271
-0.142090,-0.243408,0.849121
-0.042114,0.179932,1.076660
0.433838,-0.423950,1.009644
-0.476318,0.035156,0.824707
0.489746,-0.143921,1.118896
-0.102295,-0.263794,0.857666
-0.070923,0.184937,1.064209
0.449951,-0.412720,1.018921
-0.461548,0.006714,0.814575
0.482544,-0.133667,1.124146
-0.068359,-0.276367,0.872559
-0.094360,0.187134,1.059326
0.469727,-0.411987,1.029175
-0.448853,-0.002197,0.827393
0.465332,-0.105713,1.128052
-0.031982,-0.299805,0.885010
-0.111084,0.187378,1.061279
0.482178,-0.393188,1.029541
-0.446289,-0.021118,0.824463
0.458740,-0.079590,1.137939
0.009888,-0.310547,0.889282
-0.138672,0.203735,1.059082
0.494995,-0.382324,1.052856
-0.446411,-0.047241,0.809937
0.441040,-0.060547,1.152588
0.040161,-0.346680,0.899658
-0.166870,0.207520,1.051270
0.511597,-0.380005,1.062256
-0.435059,-0.063721,0.815674
0.417236,-0.049805,1.146240
0.060425,-0.350952,0.898193
-0.189209,0.204468,1.037720
0.526489,-0.371216,1.068848
-0.422729,-0.071533,0.816284
0.405640,-0.031616,1.144775
0.069946,-0.346558,0.894653
-0.210938,0.218994,1.040649
0.537598,-0.351685,1.078369
-0.411377,-0.081177,0.819824
0.388428,-0.017456,1.148071
0.066284,-0.343506,0.900391
-0.231934,0.213013,1.034180
0.552612,-0.330444,1.098267
-0.402100,-0.102417,0.822510
0.370728,-0.005249,1.145264
0.089722,-0.357910,0.908691
-0.258911,0.216431,1.023682
0.563232,-0.323242,1.114990
-0.374268,-0.124634,0.816040
0.341919,0.014404,1.140259
0.119507,-0.364380,0.908691
-0.283447,0.209106,1.003906
0.565308,-0.304810,1.120117
-0.360107,-0.148438,0.819702
0.321533,0.036011,1.148804
0.153076,-0.382568,0.919312
-0.305176,0.185181,0.992554
0.575317,-0.297607,1.120972
-0.340820,-0.167358,0.826172
0.292114,0.052612,1.149658
0.180908,-0.396851,0.923462
-0.323486,0.161133,0.953491
0.587891,-0.287964,1.125732
-0.321289,-0.189575,0.824341
0.245972,0.071655,1.144165
0.227905,-0.414062,0.939331
-0.342041,0.131592,0.926025
0.581055,-0.282227,1.123535
-0.300415,-0.216919,0.827271
0.210815,0.095093,1.140381
0.267334,-0.420776,0.951172
-0.360474,0.118408,0.910645
0.573486,-0.250610,1.127686
-0.271484,-0.238525,0.824707
0.165527,0.109375,1.130249
0.309692,-0.427246,0.975464
-0.383301,0.107666,0.898682
0.573975,-0.223877,1.136230
-0.248169,-0.245239,0.841553
0.124146,0.132446,1.134155
0.349243,-0.416382,0.991943
-0.408569,0.101074,0.885864
0.561157,-0.194946,1.140381
-0.215210,-0.254272,0.852295
0.075806,0.134888,1.114624
0.378662,-0.394409,1.010742
-0.419434,0.079834,0.871094
0.551147,-0.156494,1.156250
-0.173706,-0.251343,0.862671
0.032471,0.152954,1.109131
0.405640,-0.392212,1.032715
-0.425903,0.044556,0.857544
0.542114,-0.136597,1.168213
-0.122925,-0.259644,0.874512
-0.023071,0.185425,1.106934
0.440308,-0.387695,1.033203
-0.427124,0.018555,0.854614
0.519653,-0.116699,1.168945
-0.052612,-0.296265,0.887085
-0.063232,0.185303,1.100220
0.459106,-0.368896,1.050171
-0.426392,-0.002441,0.849976
0.502441,-0.080688,1.179565
-0.008423,-0.324219,0.884888
-0.111694,0.199707,1.078369
0.485107,-0.350830,1.061646
-0.424805,-0.034790,0.842651
0.467896,-0.057495,1.180176
-0.003052,-0.313110,0.881470
-0.161011,0.221436,1.075317
0.514038,-0.335205,1.087524
-0.418945,-0.059448,0.836182
0.439941,-0.030640,1.184204
0.015259,-0.334473,0.887939
-0.215820,0.220459,1.045166
0.541870,-0.318726,1.107422
-0.401367,-0.103516,0.817627
0.396362,-0.000977,1.175537
0.059204,-0.350586,0.898804
-0.258911,0.204712,1.017212
0.555176,-0.306396,1.122437
-0.377563,-0.151855,0.813232
0.345459,0.028931,1.180054
0.112183,-0.358276,0.916260
-0.299194,0.184814,0.985107
0.571411,-0.295410,1.114624
-0.350098,-0.184204,0.821289
0.291260,0.058594,1.166626
0.169556,-0.373047,0.929932
-0.330933,0.161865,0.947754
0.561035,-0.270630,1.122803
-0.317505,-0.215820,0.823364
0.244995,0.075806,1.159668
0.218262,-0.395386,0.930298
-0.369995,0.133179,0.919067
0.567871,-0.246094,1.128784
-0.286011,-0.239746,0.828979
0.187012,0.101685,1.144043
0.267456,-0.416260,0.950073
-0.399048,0.120483,0.901855
0.536621,-0.151733,1.149170
-0.262695,-0.255493,0.826050
0.005127,0.178345,1.108398
0.436157,-0.400146,1.036865
-0.433716,0.040161,0.866699
0.529663,-0.124390,1.163818
-0.100342,-0.276489,0.876587
-0.052612,0.191040,1.095337
0.463745,-0.393311,1.051270
-0.424927,0.005127,0.854004
0.510376,-0.106934,1.161743
-0.026611,-0.294556,0.891113
-0.104614,0.192505,1.066406
0.484253,-0.369507,1.062012
-0.417725,-0.030884,0.855103
0.484009,-0.072144,1.178345
0.019287,-0.325073,0.893555
-0.143921,0.197266,1.058838
0.504639,-0.344727,1.073975
-0.405029,-0.054565,0.843384
0.459717,-0.041626,1.184448
0.032837,-0.321899,0.901855
-0.190796,0.216309,1.051880
0.523193,-0.320679,1.089966
-0.393433,-0.084473,0.841431
0.421631,-0.015747,1.172485
0.059204,-0.326538,0.909058
-0.234253,0.220215,1.036377
0.543579,-0.305908,1.112183
-0.385864,-0.131470,0.812744
0.376831,0.008911,1.171753
0.098389,-0.344727,0.921021
-0.271118,0.209717,1.019531
0.554688,-0.290894,1.119141
-0.361328,-0.172241,0.813721
0.336182,0.032593,1.164795
0.136719,-0.362671,0.929810
-0.301025,0.200684,1.000122
0.567017,-0.282837,1.123657
-0.341919,-0.193970,0.818970
0.292236,0.056274,1.167114
0.183960,-0.391235,0.933838
-0.321655,0.165405,0.960571
0.576538,-0.283325,1.123657
-0.333252,-0.218872,0.810547
0.258667,0.066772,1.153687
0.226440,-0.398193,0.942505
-0.349243,0.161987,0.938354
0.580322,-0.265381,1.129761
-0.311279,-0.229492,0.812866
0.221680,0.082397,1.141479
0.256836,-0.414062,0.948364
-0.361938,0.153809,0.929932
0.578369,-0.253784,1.127197
-0.296143,-0.226685,0.820923
0.185669,0.094849,1.127197
0.282959,-0.421265,0.960815
-0.388794,0.148071,0.919067
0.575562,-0.234375,1.141357
-0.281616,-0.240967,0.816406
0.154785,0.098877,1.127563
0.306763,-0.426147,0.970215
-0.402222,0.131348,0.913086
0.573853,-0.220581,1.142212
-0.273682,-0.242188,0.828857
0.128052,0.112427,1.120972
0.322021,-0.429321,0.971802
-0.409668,0.132202,0.904175
0.573730,-0.209473,1.148071
-0.258179,-0.246948,0.839966
0.103149,0.107422,1.118042
0.332764,-0.409668,0.985596
-0.412598,0.129028,0.906860
0.568848,-0.199219,1.146484
-0.240479,-0.248657,0.839722
0.076172,0.118408,1.109497
0.344604,-0.411743,0.982910
-0.417847,0.113159,0.887695
0.563843,-0.189819,1.147095
-0.224365,-0.248047,0.838379
0.062012,0.120483,1.111450
0.355835,-0.404175,0.983887
-0.423828,0.101807,0.884888
0.561279,-0.187744,1.142700
-0.211426,-0.254517,0.853882
0.041870,0.139526,1.102173
0.365234,-0.398560,0.990845
-0.433228,0.091675,0.870972
0.554810,-0.178833,1.144409
-0.185059,-0.267090,0.848755
0.016235,0.142822,1.098755
0.372681,-0.399658,0.994263
-0.433350,0.078491,0.872925
0.555298,-0.175415,1.151001
-0.169922,-0.282349,0.848389
-0.010010,0.144043,1.091919
0.389038,-0.400513,1.003906
-0.439575,0.063965,0.866577
0.539795,-0.149292,1.161865
-0.133667,-0.302246,0.851929
-0.029175,0.144653,1.076172
0.396118,-0.395630,0.998779
-0.441406,0.041992,0.857300
0.527954,-0.143188,1.153564
-0.109131,-0.310181,0.851929
-0.054932,0.148315,1.075928
0.403809,-0.384521,1.008423
-0.445923,0.029785,0.845337
0.519287,-0.136353,1.153076
-0.093384,-0.306641,0.841553
-0.078125,0.166138,1.072632
0.421509,-0.371338,1.011353
-0.449829,0.002197,0.833008
0.509033,-0.121704,1.160889
-0.089600,-0.319458,0.824951
-0.116943,0.177734,1.056885
0.445679,-0.370850,1.019409
-0.460205,-0.003540,0.839722
0.494385,-0.089966,1.167969
-0.085815,-0.305664,0.830566
-0.152588,0.188232,1.052002
0.461182,-0.367798,1.033813
-0.455444,-0.031006,0.825317
0.463501,-0.064575,1.167725
-0.080688,-0.302002,0.838379
-0.180298,0.196655,1.048950
0.472656,-0.357178,1.047241
-0.456543,-0.057495,0.807861
0.431885,-0.054565,1.160400
-0.060181,-0.295166,0.846924
-0.229492,0.204834,1.031006
0.485840,-0.349609,1.052856
-0.449951,-0.090454,0.802124
0.406494,-0.027344,1.160522
-0.032837,-0.296021,0.863403
-0.259277,0.210083,1.011353
0.499023,-0.340332,1.056152
-0.438721,-0.115845,0.783325
0.365479,-0.005615,1.157471
-0.002686,-0.307373,0.871460
-0.289551,0.186157,0.986084
0.511475,-0.331421,1.068359
-0.425781,-0.148804,0.781006
0.334351,-0.000854,1.148193
0.035889,-0.319702,0.869995
-0.318359,0.171387,0.964966
0.514648,-0.314331,1.068115
-0.409058,-0.173096,0.774780
0.289429,0.012207,1.140259
0.075928,-0.340576,0.882080
-0.353271,0.169189,0.935425
0.514648,-0.301758,1.077637
-0.389038,-0.207764,0.773071
0.250122,0.029297,1.126343
0.111572,-0.358032,0.894043
-0.390137,0.158081,0.916382
0.516602,-0.284912,1.078247
-0.367676,-0.226074,0.776001
0.203491,0.051758,1.113159
0.155518,-0.387939,0.899170
-0.418091,0.143555,0.900269
0.515381,-0.269775,1.078613
-0.347168,-0.251221,0.769287
0.156250,0.071167,1.099609
0.188599,-0.392700,0.906738
-0.446777,0.138428,0.885498
0.518066,-0.256714,1.088867
-0.340454,-0.261230,0.772827
0.108398,0.086060,1.082764
0.225342,-0.381348,0.920288
-0.453247,0.120972,0.866699
0.516235,-0.226196,1.096680
-0.312988,-0.267212,0.773193
0.061157,0.100342,1.074341
0.259888,-0.396362,0.921997
-0.467529,0.094360,0.851318
0.505859,-0.220703,1.093506
-0.265259,-0.284058,0.785156
0.019409,0.109009,1.063965
0.284668,-0.393555,0.922241
-0.480957,0.081421,0.836304
0.500366,-0.214600,1.096191
-0.214355,-0.308350,0.784546
-0.025879,0.119751,1.044678
0.308960,-0.398315,0.924683
-0.495972,0.063721,0.820068
0.498535,-0.200806,1.103760
-0.191528,-0.316650,0.773071
-0.081665,0.131348,1.026367
0.337646,-0.395752,0.938232
-0.496338,0.048950,0.812378
0.481323,-0.174683,1.112061
-0.170532,-0.312866,0.788086
-0.129395,0.145752,1.018799
0.362427,-0.390991,0.954224
-0.508423,0.013062,0.793701
0.464111,-0.161865,1.115112
-0.160400,-0.302246,0.789429
-0.195435,0.172852,1.007080
0.386230,-0.386353,0.965088
-0.501343,-0.024170,0.793701
0.436401,-0.125366,1.119507
-0.140869,-0.290527,0.800415
-0.241455,0.177856,0.985352
0.407959,-0.371094,0.983765
-0.504028,-0.050903,0.771484
0.397583,-0.090576,1.109741
-0.114990,-0.291504,0.800903
-0.281738,0.190063,0.964478
0.429688,-0.354980,0.989868
-0.492798,-0.093384,0.750366
0.359009,-0.062744,1.103516
-0.083496,-0.303223,0.810303
-0.324585,0.189331,0.943726
0.444702,-0.347290,1.003418
-0.489624,-0.118164,0.744873
0.314819,-0.041626,1.104492
-0.042847,-0.343628,0.810303
-0.366821,0.175781,0.919922
0.451538,-0.343018,1.005371
-0.469604,-0.155396,0.727783
0.261597,-0.017212,1.086792
0.006958,-0.360229,0.823486
-0.413574,0.190430,0.908081
0.458984,-0.318359,1.015747
-0.451050,-0.173584,0.736938
0.208252,0.007690,1.080688
0.053345,-0.374023,0.842529
-0.449951,0.175659,0.880859
0.467163,-0.293579,1.032715
-0.432983,-0.205688,0.732422
0.139282,0.048950,1.071045
0.114136,-0.390869,0.862549
-0.482178,0.156128,0.862549
0.468140,-0.274536,1.030273
-0.408325,-0.227661,0.739380
0.090088,0.063110,1.052612
0.162354,-0.393677,0.867920
-0.508545,0.143677,0.843750
0.473389,-0.263794,1.037720
-0.343750,-0.252686,0.761108
0.035034,0.087524,1.046265
0.200684,-0.406494,0.872803
-0.520752,0.127930,0.829102
0.472534,-0.252441,1.042480
-0.290039,-0.263428,0.752808
-0.029419,0.095093,1.022217
0.244629,-0.407227,0.883057
-0.537476,0.091553,0.803223
0.449707,-0.218628,1.044189
-0.252563,-0.283936,0.754028
-0.090332,0.107056,0.999023
0.283691,-0.412231,0.896362
-0.547607,0.059692,0.777832
0.432495,-0.187134,1.051758
-0.218994,-0.297119,0.748779
-0.161011,0.133301,0.990479
0.320801,-0.401489,0.915649
-0.552002,0.023438,0.767212
0.414062,-0.162964,1.061523
-0.192505,-0.296875,0.756836
-0.229736,0.156616,0.975098
0.360962,-0.379395,0.945435
-0.544067,-0.015137,0.759644
0.373169,-0.122803,1.060425
-0.170654,-0.301880,0.758423
-0.276245,0.165405,0.949707
0.378418,-0.372192,0.951782
-0.534302,-0.064331,0.736084
0.334473,-0.077271,1.073242
-0.145142,-0.322266,0.757812
-0.337646,0.178833,0.929688
0.415161,-0.376343,0.962036
-0.524902,-0.084106,0.718872
0.287109,-0.036255,1.071899
-0.096436,-0.345337,0.767334
-0.397583,0.175415,0.892090
0.429565,-0.371826,0.982422
-0.518555,-0.105957,0.716187
0.243286,-0.018188,1.067749
-0.044678,-0.377441,0.778564
-0.444946,0.203979,0.878784
0.437378,-0.335693,0.984497
-0.504517,-0.139648,0.718872
0.186768,0.012695,1.062500
0.002075,-0.383911,0.799194
-0.480225,0.198608,0.875244
0.445679,-0.319824,0.992065
-0.481445,-0.168823,0.716187
0.131226,0.051025,1.040039
0.044800,-0.374023,0.815674
-0.508179,0.180298,0.856079
0.451904,-0.301270,1.002686
-0.446655,-0.182617,0.731201
0.084595,0.066895,1.031738
0.096680,-0.382446,0.832153
-0.536865,0.166504,0.824219
0.452026,-0.285156,1.002319
-0.378418,-0.218018,0.752319
0.034302,0.088867,1.026855
0.145508,-0.390503,0.845093
-0.565308,0.165283,0.819092
0.443359,-0.268311,1.000366
-0.325684,-0.237183,0.756226
-0.004517,0.098389,1.019653
0.196167,-0.400391,0.858398
-0.582520,0.140625,0.790894
0.427979,-0.241455,0.997437
-0.280396,-0.277100,0.733032
-0.064941,0.121460,0.996216
0.238770,-0.383911,0.885010
-0.590576,0.103271,0.773804
0.417480,-0.218750,1.017700
-0.258789,-0.301147,0.713257
-0.117310,0.125854,0.982910
0.288452,-0.394775,0.895874
-0.597168,0.084351,0.769531
0.386353,-0.184448,1.015747
-0.224487,-0.324463,0.719482
-0.183960,0.148438,0.976196
0.329468,-0.393799,0.915527
-0.604980,0.072754,0.749390
0.361328,-0.151733,1.018677
-0.187988,-0.333374,0.723633
-0.238403,0.155518,0.952881
0.347168,-0.377075,0.924072
-0.584106,0.009644,0.735718
0.322754,-0.092163,1.034912
-0.161011,-0.340698,0.724854
-0.297852,0.161499,0.916260
0.379272,-0.372681,0.937866
-0.571045,-0.030396,0.725098
0.286743,-0.062378,1.027222
-0.127930,-0.358765,0.737549
-0.371460,0.185913,0.893921
0.408813,-0.369141,0.957153
-0.546997,-0.077881,0.707642
0.230591,-0.022095,1.030396
-0.091064,-0.377686,0.743896
-0.427002,0.215210,0.889771
0.423462,-0.346436,0.968384
-0.542725,-0.092163,0.701172
0.177368,0.001709,1.019165
-0.023193,-0.403198,0.773315
-0.477051,0.213745,0.867798
0.429688,-0.318604,0.969971
-0.511230,-0.111328,0.711426
0.120728,0.041870,1.017700
0.016235,-0.388184,0.794434
-0.515137,0.198486,0.860840
0.439331,-0.305908,0.988647
-0.477539,-0.151978,0.710449
0.066772,0.100708,1.027100
0.077759,-0.397949,0.811768
-0.549072,0.206543,0.844116
0.438843,-0.294678,0.987183
-0.425293,-0.201050,0.719971
0.039673,0.112671,1.023193
0.125122,-0.400757,0.824707
-0.575317,0.184570,0.826050
0.433716,-0.267700,0.993164
-0.360229,-0.228394,0.725830
-0.000488,0.124512,1.011841
0.171265,-0.389648,0.839966
-0.598267,0.180054,0.801636
0.426025,-0.260254,0.988892
-0.298828,-0.282104,0.730835
-0.053223,0.120850,0.991089
0.214478,-0.382568,0.856445
-0.617188,0.158081,0.786011
0.431641,-0.248901,0.999268
-0.260132,-0.329590,0.718628
-0.114136,0.144653,0.972412
0.254761,-0.379883,0.877930
-0.611450,0.131470,0.771729
0.407104,-0.202026,1.003540
-0.222412,-0.313110,0.726929
-0.178345,0.145264,0.956421
0.300171,-0.385986,0.894653
-0.608398,0.106201,0.757690
0.378662,-0.152710,1.008667
-0.192139,-0.320068,0.722168
-0.231812,0.158569,0.937744
0.335083,-0.388428,0.897705
-0.599121,0.080322,0.751221
0.360107,-0.120483,1.015503
-0.168213,-0.328491,0.722290
-0.270020,0.153076,0.914062
0.362061,-0.390869,0.910034
-0.592163,0.053223,0.730347
0.330444,-0.085693,1.009277
-0.144897,-0.333740,0.725830
-0.309082,0.162720,0.889282
0.380249,-0.370728,0.921265
-0.583008,0.018188,0.715820
0.295288,-0.035278,1.022217
-0.113037,-0.357178,0.730469
-0.348511,0.177979,0.889038
0.395996,-0.364624,0.929932
-0.571533,-0.008301,0.711060
0.258789,-0.001465,1.022095
-0.097412,-0.383423,0.728271
-0.398071,0.190308,0.879395
0.419678,-0.365356,0.944336
-0.557251,-0.055908,0.695801
0.198608,0.026611,1.008667
-0.044800,-0.394653,0.750000
-0.431885,0.216919,0.871338
0.416382,-0.332886,0.944458
-0.545410,-0.092773,0.687134
0.162354,0.046143,1.017334
-0.018433,-0.391113,0.762695
-0.474243,0.223633,0.876709
0.420410,-0.320435,0.957153
-0.513428,-0.106079,0.713623
0.120850,0.088135,1.020996
0.022217,-0.391602,0.784546
-0.514893,0.229248,0.858276
0.436646,-0.310303,0.976074
-0.477661,-0.137695,0.714111
0.091675,0.108276,1.031372
0.069580,-0.385864,0.799316
-0.551880,0.232300,0.842407
0.441040,-0.282837,0.979004
-0.424316,-0.178955,0.726074
0.054077,0.113892,1.019043
0.110962,-0.389526,0.819458
-0.572021,0.224121,0.820068
0.444946,-0.255493,0.987793
-0.357056,-0.214844,0.729736
0.007202,0.148071,1.014160
0.166504,-0.391479,0.824707
-0.601074,0.216431,0.805542
0.434937,-0.248169,0.977539
-0.301025,-0.270874,0.729492
-0.037231,0.147461,1.001587
0.216675,-0.387207,0.854614
-0.625366,0.202515,0.783936
0.435303,-0.226196,0.986694
-0.247192,-0.300659,0.731567
-0.103516,0.173340,0.993530
0.253662,-0.373779,0.872437
-0.616699,0.157715,0.767212
0.418335,-0.175659,1.000854
-0.201050,-0.299316,0.741089
-0.157593,0.167236,0.954956
0.303467,-0.371338,0.895142
-0.609375,0.130249,0.758179
0.390381,-0.147095,1.007690
-0.161255,-0.341431,0.724243
-0.223145,0.163940,0.917236
0.343140,-0.354736,0.905762
-0.601929,0.089966,0.741577
0.355591,-0.105591,1.009277
-0.112427,-0.377808,0.723511
-0.294556,0.174561,0.895020
0.381104,-0.344116,0.919189
-0.569092,0.054443,0.723511
0.297974,-0.043091,1.008545
-0.079590,-0.390503,0.727905
-0.360352,0.177002,0.865356
0.402100,-0.325806,0.930420
-0.545288,-0.031494,0.706665
0.231323,0.003784,1.001709
-0.033447,-0.397339,0.746826
-0.428589,0.198120,0.858032
0.416626,-0.312744,0.952515
-0.518921,-0.070557,0.709595
0.166992,0.044556,1.013794
0.011963,-0.394531,0.772705
-0.488403,0.219849,0.847534
0.435547,-0.276245,0.967407
-0.463013,-0.128662,0.730469
0.098389,0.097046,1.017090
0.055420,-0.392212,0.794434
-0.534058,0.210205,0.829834
0.449463,-0.254272,0.976929
-0.394775,-0.164551,0.735229
0.034790,0.136719,1.017456
0.133667,-0.397339,0.818726
-0.561279,0.193726,0.804932
0.444214,-0.216309,0.995972
-0.316650,-0.198608,0.743530
-0.028564,0.159302,0.994019
0.211426,-0.399902,0.853516
-0.591675,0.178833,0.779175
0.432739,-0.191650,0.995239
-0.238403,-0.262573,0.738892
-0.100342,0.174316,0.981201
0.273315,-0.383179,0.874878
-0.597412,0.147095,0.773926
0.412354,-0.147827,1.006226
-0.172119,-0.305054,0.745728
-0.177979,0.175171,0.941284
0.332642,-0.376465,0.892700
-0.590820,0.106079,0.759277
0.375122,-0.108521,1.010132
-0.126343,-0.351562,0.725952
-0.252930,0.174805,0.906616
0.371948,-0.362671,0.912109
-0.562256,0.050537,0.744507
0.316650,-0.051636,1.004761
-0.088257,-0.365356,0.725220
-0.331055,0.179688,0.873413
0.403442,-0.340088,0.936035
-0.541504,-0.030273,0.724731
0.241211,-0.007080,0.993896
-0.050293,-0.387939,0.739014
-0.397827,0.184814,0.855469
0.434204,-0.319092,0.958130
-0.500000,-0.074463,0.734741
0.155884,0.052124,1.003540
0.008423,-0.384277,0.768066
-0.467773,0.201050,0.832031
0.446533,-0.279297,0.976562
-0.440552,-0.133301,0.743652
0.098755,0.090942,1.013306
0.076904,-0.393921,0.796021
-0.523438,0.204346,0.815674
0.453369,-0.250977,0.979614
-0.365479,-0.161865,0.752930
0.029053,0.132690,1.006714
0.165039,-0.382812,0.837280
-0.575806,0.193726,0.791138
0.444580,-0.217529,0.990601
-0.276245,-0.220825,0.751953
-0.055786,0.169189,0.994873
0.240112,-0.383545,0.869751
-0.592163,0.161377,0.778809
0.425781,-0.169312,0.997192
-0.185791,-0.295410,0.746460
-0.140869,0.183105,0.959595
0.313843,-0.385864,0.893066
-0.593994,0.099487,0.762085
0.385010,-0.137573,1.005615
-0.117798,-0.356079,0.732666
-0.239502,0.173828,0.903076
0.373047,-0.361450,0.919312
-0.553101,0.032104,0.743286
0.307007,-0.057617,0.996460
-0.068237,-0.390747,0.717529
-0.330688,0.176392,0.863892
0.416748,-0.339600,0.927490
-0.530884,-0.045776,0.718994
0.216553,0.014771,1.001465
-0.002075,-0.394287,0.752808
-0.428711,0.190186,0.839478
0.442383,-0.302368,0.958496
-0.476929,-0.107422,0.734619
0.134888,0.081909,1.025024
0.062012,-0.382202,0.799561
-0.512573,0.204956,0.817749
0.451904,-0.264038,0.974365
-0.379883,-0.175293,0.751709
0.038086,0.134399,1.013550
0.164062,-0.382812,0.837036
-0.570679,0.182739,0.785889
0.438721,-0.217163,0.984863
-0.255127,-0.250732,0.749878
-0.062012,0.169922,0.984863
0.257812,-0.371826,0.879883
-0.580200,0.140503,0.767090
0.421509,-0.169434,1.003540
-0.149048,-0.323975,0.749268
-0.174927,0.167480,0.935425
0.347290,-0.374146,0.899170
-0.566284,0.092651,0.762207
0.351562,-0.080322,1.008911
-0.082764,-0.389526,0.724365
-0.283569,0.154175,0.869629
0.398193,-0.350952,0.926392
-0.529663,-0.031860,0.724243
0.264526,-0.001709,1.011963
-0.018433,-0.413208,0.734253
-0.395630,0.171997,0.839233
0.432617,-0.317749,0.951538
-0.491943,-0.100342,0.725220
0.157959,0.073853,1.021240
0.054199,-0.393433,0.778687
-0.491943,0.192383,0.819092
0.453003,-0.282471,0.970703
-0.405640,-0.161621,0.737915
0.068848,0.125610,1.021118
0.148682,-0.398193,0.823608
-0.560913,0.188232,0.790405
0.455933,-0.253052,0.984985
-0.288696,-0.239014,0.749634
-0.040771,0.161133,0.997681
0.245605,-0.380127,0.872314
-0.579102,0.144165,0.770508
0.426147,-0.188354,0.996338
-0.159058,-0.315552,0.762939
-0.138550,0.161499,0.944214
0.325806,-0.375000,0.896362
-0.563965,0.103882,0.762329
0.375122,-0.120850,1.002686
-0.085205,-0.388550,0.729980
-0.254150,0.140869,0.871216
0.394531,-0.360229,0.927124
-0.541138,0.000366,0.733276
0.279907,-0.032593,0.994019
-0.015991,-0.406860,0.734741
-0.368286,0.157104,0.842896
0.430420,-0.330933,0.949219
-0.496460,-0.088257,0.725708
0.176636,0.048950,1.002563
0.053345,-0.400146,0.774048
-0.477051,0.181763,0.810425
0.448975,-0.294189,0.967529
-0.411743,-0.167236,0.733765
0.078857,0.112427,1.015625
0.137817,-0.388672,0.824829
-0.551880,0.177368,0.785522
0.452759,-0.246338,0.980225
-0.275879,-0.223022,0.762451
-0.036987,0.165405,0.995850
0.241943,-0.387329,0.871460
-0.574097,0.133911,0.763184
0.433716,-0.190430,1.001221
-0.154175,-0.306763,0.769043
-0.159180,0.165649,0.936523
0.335449,-0.389404,0.906616
-0.558105,0.084473,0.767212
0.364624,-0.101318,1.007080
-0.068848,-0.395874,0.733765
-0.268066,0.153076,0.877075
0.399902,-0.374634,0.921143
-0.528198,-0.022949,0.727173
0.270386,-0.024780,0.997437
-0.001831,-0.410034,0.735840
-0.387939,0.157715,0.837646
0.437500,-0.340576,0.951294
-0.475586,-0.109497,0.741333
0.157227,0.053833,1.011719
0.060669,-0.402466,0.778809
-0.480347,0.172852,0.801514
0.459839,-0.290405,0.967163
-0.384155,-0.184814,0.750610
0.050781,0.116821,1.010742
0.148438,-0.394531,0.828857
-0.552246,0.154175,0.776489
0.456177,-0.223877,0.987427
-0.249634,-0.232544,0.772705
-0.058716,0.163208,0.986572
0.266724,-0.410889,0.875122
-0.565918,0.118042,0.752930
0.427124,-0.173218,1.007935
-0.130005,-0.330322,0.758057
-0.163452,0.163818,0.941528
0.346191,-0.405884,0.904053
-0.556396,0.071899,0.761230
0.363647,-0.099854,1.006836
-0.055420,-0.389893,0.735352
-0.276733,0.147583,0.873413
0.406616,-0.385132,0.926270
-0.531006,-0.032715,0.740723
0.263916,-0.017822,0.999146
-0.002075,-0.405396,0.742310
-0.387573,0.147705,0.830078
0.443115,-0.353882,0.946045
-0.390625,-0.182861,0.744019
0.053955,0.125366,1.016602
0.054932,-0.405151,0.779785
-0.565430,0.204346,0.797119
0.443359,-0.225952,0.990845
-0.275024,-0.263794,0.742676
-0.041870,0.166626,0.998291
0.236572,-0.366577,0.878906
-0.588989,0.166016,0.779541
0.418945,-0.165283,0.994141
-0.164185,-0.318726,0.741333
-0.149414,0.174072,0.951538
0.330200,-0.370239,0.904053
-0.576660,0.110229,0.756958
0.362793,-0.094116,1.005249
-0.102173,-0.394043,0.703979
-0.268066,0.171631,0.899414
0.390259,-0.364990,0.923218
-0.543335,0.025024,0.731934
0.276978,-0.009644,1.005127
-0.048218,-0.414062,0.721191
-0.383545,0.179810,0.860352
0.424194,-0.335083,0.948608
-0.507568,-0.060669,0.727905
0.176514,0.066162,1.008789
0.018555,-0.388794,0.771362
-0.484985,0.192871,0.823364
0.446289,-0.295410,0.967529
-0.421387,-0.147095,0.741211
0.082642,0.122070,1.018555
0.116455,-0.366699,0.819092
-0.554077,0.196899,0.802979
0.445801,-0.261353,0.978027
-0.303345,-0.245850,0.741943
-0.016235,0.165649,1.005249
0.217041,-0.364380,0.865845
-0.590576,0.182007,0.780151
0.432373,-0.199219,0.994141
-0.176514,-0.301880,0.752808
-0.121826,0.181396,0.960327
0.305054,-0.369385,0.890503
-0.576538,0.123535,0.766602
0.391724,-0.135010,1.005737
-0.110229,-0.381836,0.719727
-0.231689,0.168213,0.909180
0.380249,-0.374634,0.905029
-0.552002,0.049927,0.747314
0.310425,-0.054932,0.994751
-0.053589,-0.409790,0.724731
-0.343140,0.168457,0.861084
0.417969,-0.336670,0.937500
-0.520874,-0.048462,0.728760
0.208618,0.010376,1.007690
0.004639,-0.386108,0.758423
-0.441162,0.177002,0.837524
0.435913,-0.289673,0.968750
-0.450806,-0.129761,0.736694
0.114258,0.093140,1.014404
0.094360,-0.388062,0.807251
-0.517212,0.183228,0.811768
0.451904,-0.256104,0.985840
-0.356079,-0.197876,0.749146
0.008423,0.152222,1.010376
0.187744,-0.382568,0.843628
-0.568359,0.173706,0.785034
0.444824,-0.219116,0.991455
-0.232910,-0.268188,0.759766
-0.087402,0.181885,0.976807
0.278931,-0.390625,0.876221
-0.580566,0.131592,0.775757
0.428223,-0.165894,1.008545
-0.137573,-0.334839,0.744995
-0.186646,0.183838,0.928711
0.355347,-0.382935,0.892578
-0.572632,0.091187,0.767456
0.362305,-0.101440,1.008667
-0.074829,-0.393921,0.729980
-0.281738,0.171387,0.873901
0.394287,-0.347900,0.918091
-0.540283,-0.008911,0.731445
0.280273,-0.041626,0.997437
-0.006348,-0.422729,0.738770
-0.382935,0.171997,0.840454
0.425537,-0.312988,0.940552
-0.496704,-0.066650,0.730713
0.187256,0.029175,1.009277
0.046143,-0.418091,0.769775
-0.460815,0.173218,0.814819
0.439941,-0.278198,0.967773
-0.439575,-0.134277,0.733276
0.099976,0.103027,1.018921
0.123901,-0.408203,0.824585
-0.533569,0.163208,0.790405
0.447754,-0.243408,0.982666
-0.351074,-0.189819,0.741943
-0.000122,0.160034,1.009399
0.213867,-0.405151,0.855591
-0.571167,0.154907,0.787109
0.445190,-0.213867,0.997681
-0.242432,-0.235840,0.762329
-0.090942,0.182129,0.968384
0.293457,-0.414673,0.875000
-0.569946,0.113525,0.771362
0.419312,-0.176514,1.004395
-0.147461,-0.324097,0.754150
-0.181396,0.184570,0.932007
0.349731,-0.388550,0.897949
-0.560303,0.079346,0.775757
0.373291,-0.120483,1.012451
-0.076050,-0.386475,0.750488
-0.261597,0.178101,0.883301
0.388062,-0.354858,0.921265
-0.526733,-0.005737,0.746948
0.307251,-0.056641,1.001587
-0.025513,-0.415894,0.736450
-0.345703,0.159302,0.844482
0.414673,-0.323242,0.939087
-0.503540,-0.075195,0.734619
0.221313,0.003906,1.011597
0.026611,-0.428711,0.756714
-0.417236,0.159424,0.827271
0.435303,-0.291382,0.959106
-0.468140,-0.114136,0.733887
0.145264,0.068970,1.023804
0.091187,-0.433350,0.788086
-0.497192,0.171509,0.804199
0.448242,-0.273071,0.971069
-0.397949,-0.167480,0.740723
0.059082,0.123047,1.022095
0.160034,-0.416992,0.832764
-0.545532,0.160278,0.788574
0.452271,-0.229248,0.979370
-0.306396,-0.202515,0.754395
-0.030151,0.155396,0.999634
0.243042,-0.427734,0.862915
-0.564087,0.129272,0.776489
0.443237,-0.191406,1.000488
-0.206177,-0.254883,0.762329
-0.121338,0.191528,0.966919
0.318237,-0.419434,0.888306
-0.566528,0.079590,0.765503
0.407837,-0.151978,1.016113
-0.108398,-0.338257,0.763184
-0.205322,0.176392,0.912842
0.365234,-0.389038,0.905762
-0.546631,0.034790,0.757690
0.355347,-0.099976,1.010254
-0.053955,-0.398193,0.735962
-0.296021,0.160278,0.860962
0.409180,-0.351807,0.925903
-0.522339,-0.039185,0.742310
0.272095,-0.038940,1.000854
-0.000122,-0.433472,0.743774
-0.373901,0.173584,0.840820
0.434937,-0.310547,0.954224
-0.481201,-0.100830,0.731567
0.182739,0.018311,1.006226
0.056030,-0.441162,0.770142
-0.451904,0.170898,0.813477
0.448242,-0.274658,0.964600
-0.424561,-0.135742,0.744995
0.096069,0.080811,1.015381
0.127075,-0.439575,0.801025
-0.517334,0.157837,0.782837
0.463989,-0.251831,0.978760
-0.350220,-0.169556,0.746216
-0.000122,0.152222,1.004517
0.220703,-0.437500,0.843750
-0.568359,0.129761,0.770752
0.455444,-0.209839,1.002075
-0.239868,-0.226318,0.765869
-0.087036,0.173950,0.973389
0.281128,-0.426636,0.871338
-0.567261,0.082153,0.765137
0.432983,-0.182861,1.006592
-0.141602,-0.302490,0.772095
-0.174561,0.175903,0.931274
0.348267,-0.404175,0.898926
-0.548584,0.051025,0.764038
0.373169,-0.113159,1.015747
-0.069946,-0.380493,0.746948
-0.256958,0.163940,0.875977
0.394531,-0.379028,0.920166
-0.531860,-0.023193,0.746582
0.314697,-0.073364,1.004150
-0.008057,-0.417603,0.750366
-0.339844,0.173340,0.848511
0.425781,-0.331787,0.944824
-0.503540,-0.089233,0.740723
0.228149,-0.004272,1.008545
0.041504,-0.443848,0.751587
-0.412476,0.174438,0.827026
0.448975,-0.312744,0.951538
-0.463867,-0.121582,0.736938
0.149170,0.041504,1.018188
0.090942,-0.437622,0.785278
-0.478760,0.158081,0.791138
0.457520,-0.281982,0.969971
-0.400024,-0.145142,0.756226
0.064087,0.103638,1.006958
0.155273,-0.427368,0.817383
-0.526611,0.138428,0.770264
0.459473,-0.237061,0.994141
-0.316284,-0.192383,0.764893
-0.024780,0.150269,1.000488
0.233154,-0.439331,0.848389
-0.553833,0.097656,0.761719
0.443848,-0.201050,1.005371
-0.219482,-0.239502,0.772583
-0.104492,0.181030,0.973511
0.309937,-0.429443,0.887085
-0.567139,0.084229,0.763794
0.413208,-0.173828,1.006836
-0.124268,-0.323486,0.769287
-0.177612,0.179688,0.936890
0.353271,-0.396240,0.909058
-0.548950,0.053833,0.770752
0.378052,-0.123047,1.017090
-0.056763,-0.385132,0.763184
-0.251831,0.179565,0.897827
0.400879,-0.385132,0.920898
-0.532593,-0.010010,0.747803
0.318115,-0.078003,0.998047
-0.004272,-0.422363,0.751099
-0.325562,0.163452,0.859009
0.428345,-0.357544,0.933838
-0.506714,-0.065186,0.744019
0.236938,-0.032959,0.995605
0.038208,-0.450928,0.760010
-0.399170,0.150269,0.824829
0.443237,-0.323975,0.951172
-0.473999,-0.104126,0.738892
0.171387,0.018921,1.008667
0.079468,-0.448120,0.778809
-0.460205,0.143188,0.793213
0.462646,-0.304443,0.971191
-0.427734,-0.128418,0.751099
0.092773,0.080811,1.004395
0.126343,-0.438110,0.802246
-0.504761,0.131958,0.784424
0.466797,-0.270996,0.981934
-0.363892,-0.161621,0.757690
0.020264,0.125977,1.009155
0.198364,-0.438232,0.833374
-0.544434,0.104736,0.762085
0.463257,-0.250244,0.992310
-0.282227,-0.219360,0.769653
-0.051270,0.157104,0.991333
0.258301,-0.433960,0.859131
-0.557373,0.085815,0.744873
0.450928,-0.218140,1.014404
-0.199585,-0.253540,0.781616
-0.115356,0.185669,0.971191
0.312622,-0.419067,0.884155
-0.564575,0.082397,0.756836
0.423096,-0.181885,1.014038
-0.127563,-0.322144,0.780640
-0.164673,0.195435,0.952881
0.356323,-0.412109,0.901001
-0.557495,0.069214,0.756714
0.391479,-0.149048,1.008057
-0.073975,-0.373413,0.765747
-0.220337,0.179810,0.931152
0.384155,-0.390259,0.915161
-0.545288,0.015259,0.752197
0.353027,-0.105591,1.007324
-0.025269,-0.403931,0.763672
-0.280518,0.170044,0.882080
0.414307,-0.381592,0.929688
-0.537231,-0.030518,0.738281
0.308838,-0.079712,1.004761
0.010986,-0.435547,0.758545
-0.331909,0.154785,0.858643
0.430420,-0.360596,0.936646
-0.512939,-0.056030,0.743774
0.262085,-0.051025,1.007080
0.041504,-0.451538,0.760620
-0.372192,0.159790,0.844360
0.448608,-0.326904,0.961304
-0.490723,-0.078247,0.740112
0.208130,-0.009521,1.015381
0.076660,-0.467529,0.768433
-0.411255,0.135864,0.821411
0.454956,-0.308228,0.963257
-0.469360,-0.109131,0.733154
0.153198,0.031372,1.004028
0.106812,-0.466919,0.772339
-0.447510,0.133667,0.798584
0.459229,-0.292725,0.972168
-0.441528,-0.117920,0.744385
0.103149,0.069824,1.004395
0.133057,-0.474976,0.791992
-0.483643,0.124023,0.785522
0.466187,-0.279785,0.979858
-0.396118,-0.153931,0.747070
0.048340,0.105957,1.007568
0.175049,-0.476196,0.807007
-0.516235,0.112061,0.779541
0.476685,-0.272095,0.992798
-0.360718,-0.159180,0.758789
-0.003906,0.136108,1.003418
0.224731,-0.476318,0.834961
-0.534058,0.090088,0.771729
0.469727,-0.251099,1.001465
-0.306763,-0.183838,0.773193
-0.049927,0.160522,0.990723
0.261230,-0.476562,0.849854
-0.538696,0.077637,0.762329
0.466064,-0.245972,0.998535
-0.256104,-0.202515,0.780762
-0.084229,0.178955,0.979980
0.298340,-0.456055,0.873657
-0.548950,0.051147,0.746582
0.444458,-0.213989,1.011963
-0.187866,-0.256348,0.785522
-0.125732,0.181641,0.971436
0.316406,-0.432007,0.892090
-0.549194,0.046631,0.773193
0.430420,-0.181519,1.022705
-0.145508,-0.279663,0.793335
-0.158691,0.192505,0.954712
0.343994,-0.419189,0.899414
-0.549438,0.036133,0.766113
0.406494,-0.163940,1.022827
-0.104614,-0.316162,0.798218
-0.192993,0.188965,0.936279
0.362915,-0.399658,0.904785
-0.548828,0.020264,0.764526
0.384033,-0.150513,1.018433
-0.063965,-0.363159,0.783081
-0.236206,0.182861,0.913330
0.389526,-0.385620,0.930664
-0.541870,-0.009033,0.747559
0.355713,-0.125732,1.016968
-0.031860,-0.394775,0.780884
-0.267212,0.172974,0.892578
0.411621,-0.375244,0.936279
-0.530029,-0.037598,0.735107
0.324219,-0.108032,1.002319
0.000244,-0.431396,0.767700
-0.303711,0.176025,0.879150
0.428223,-0.368042,0.935303
-0.518188,-0.064331,0.737183
0.289551,-0.087524,0.995972
0.014771,-0.446045,0.762207
-0.326538,0.157837,0.858521
0.445801,-0.361694,0.942627
-0.510742,-0.053711,0.753784
0.249634,-0.049683,1.000000
0.048584,-0.481201,0.757812
-0.358643,0.152710,0.843140
0.451538,-0.343872,0.956665
-0.494629,-0.063721,0.741943
0.213135,-0.025391,1.002563
0.070923,-0.482056,0.763428
-0.391357,0.136230,0.825806
0.459351,-0.334595,0.955933
-0.484985,-0.084961,0.730225
0.180054,0.008057,1.012573
0.093750,-0.484863,0.766724
-0.416504,0.128418,0.819824
0.463257,-0.331421,0.957153
-0.467407,-0.085083,0.741577
0.147095,0.037598,1.003540
0.110840,-0.484253,0.781372
-0.440308,0.134033,0.811279
0.472534,-0.313965,0.973633
-0.451294,-0.128540,0.727661
0.117065,0.059814,1.007935
0.133545,-0.475586,0.792969
-0.466553,0.126099,0.801880
0.470581,-0.296143,0.979736
-0.420288,-0.157837,0.731689
0.079224,0.093018,1.019653
0.157227,-0.472900,0.810669
-0.490845,0.125488,0.785034
0.478638,-0.284424,0.990601
-0.396973,-0.153809,0.742310
0.050537,0.105103,1.003662
0.188110,-0.481201,0.812500
-0.511353,0.116821,0.777832
0.471680,-0.267456,1.002563
-0.367432,-0.177368,0.748169
0.018188,0.117065,0.998535
0.216187,-0.474487,0.827515
-0.522339,0.099854,0.767334
0.472290,-0.261353,1.001221
-0.329956,-0.183838,0.764526
-0.018921,0.137207,0.998535
0.245972,-0.476196,0.837402
-0.529663,0.075684,0.748779
0.473877,-0.254150,1.003784
-0.298706,-0.189209,0.779175
-0.048218,0.150635,0.986938
0.268311,-0.454590,0.867920
-0.539551,0.064453,0.746094
0.463867,-0.243408,1.008789
-0.252563,-0.216919,0.786255
-0.078613,0.166626,0.985840
0.287964,-0.439697,0.880127
-0.548218,0.062378,0.751343
0.452026,-0.226318,1.016846
-0.211914,-0.244873,0.783936
-0.109131,0.169434,0.977173
0.311523,-0.444336,0.886597
-0.545776,0.058716,0.764648
0.434448,-0.192627,1.025391
-0.166260,-0.255005,0.799194
-0.139404,0.169678,0.970703
0.339111,-0.435547,0.892700
-0.548218,0.046509,0.766602
0.417969,-0.162354,1.028198
-0.122192,-0.293823,0.789429
-0.172363,0.172241,0.950073
0.358398,-0.430420,0.908936
-0.545288,0.035889,0.762329
0.399902,-0.140503,1.025757
-0.087158,-0.325073,0.791870
-0.209717,0.180786,0.936890
0.373169,-0.417969,0.914429
-0.534546,0.009766,0.766968
0.379761,-0.129028,1.022949
-0.054810,-0.359375,0.785034
-0.242554,0.180176,0.921631
0.399780,-0.415527,0.923828
-0.532959,-0.026001,0.748535
0.346680,-0.100098,1.019775
-0.018921,-0.381226,0.784058
-0.278931,0.173340,0.894897
0.419189,-0.397949,0.935425
-0.522827,-0.057739,0.741943
0.318359,-0.094360,1.002686
0.010254,-0.415649,0.773071
-0.309814,0.181152,0.867432
0.441040,-0.375244,0.951538
-0.501099,-0.090576,0.741211
0.276245,-0.063110,1.009521
0.030396,-0.441406,0.767212
-0.340454,0.159546,0.864014
0.458496,-0.366333,0.959106
-0.493652,-0.102173,0.736328
0.235962,-0.038818,1.005615
0.058838,-0.461426,0.759644
-0.376099,0.154053,0.840332
0.460449,-0.340454,0.965698
-0.478271,-0.122192,0.735840
0.196533,-0.016968,1.000854
0.081909,-0.469849,0.766235
-0.413330,0.130249,0.815918
0.467041,-0.336182,0.966187
-0.459106,-0.114502,0.745605
0.165283,0.016113,1.020020
0.097046,-0.465210,0.776367
-0.440796,0.138916,0.809692
0.473755,-0.318237,0.977661
-0.433838,-0.138306,0.746216
0.115601,0.057129,1.016724
0.131714,-0.472778,0.793945
-0.477173,0.134766,0.799561
0.475952,-0.305786,0.977783
-0.404297,-0.164185,0.746216
0.080811,0.077393,1.017822
0.166138,-0.475586,0.806885
-0.499756,0.125854,0.781616
0.473999,-0.298340,0.976562
-0.367188,-0.161743,0.755981
0.028809,0.110474,1.010986
0.212524,-0.473877,0.828613
-0.526245,0.108765,0.768188
0.472534,-0.267822,0.987671
-0.326416,-0.192383,0.766968
-0.006226,0.140015,1.009277
0.250732,-0.462402,0.852783
-0.534912,0.082275,0.755981
0.460815,-0.251831,0.991699
-0.280762,-0.204346,0.770752
-0.059814,0.156006,1.000732
0.284058,-0.461914,0.872314
-0.547363,0.063599,0.753662
0.450684,-0.228027,1.013428
-0.228271,-0.234131,0.782715
-0.098145,0.159912,0.981323
0.309204,-0.451294,0.883057
-0.550415,0.057739,0.761353
0.433960,-0.200073,1.022827
-0.172852,-0.276978,0.790405
-0.141724,0.172607,0.968018
0.338623,-0.433716,0.900635
-0.546997,0.047241,0.765137
0.414307,-0.165283,1.022217
-0.115967,-0.318359,0.791992
-0.181763,0.174561,0.947876
0.373535,-0.424561,0.920898
-0.542603,0.031006,0.765991
0.388550,-0.130249,1.023926
-0.077393,-0.343750,0.782593
-0.220215,0.160156,0.918823
0.392944,-0.408203,0.927856
-0.533203,-0.010864,0.754150
0.359009,-0.102783,1.025024
-0.033569,-0.385620,0.778809
-0.261719,0.168579,0.898438
0.417725,-0.405884,0.932251
-0.519897,-0.039185,0.755127
0.325073,-0.089722,1.013794
0.004883,-0.402588,0.769409
-0.307617,0.163452,0.871826
0.435181,-0.386963,0.945312
-0.503540,-0.081299,0.736938
0.280273,-0.057007,1.012207
0.029297,-0.442017,0.769775
-0.348389,0.155762,0.854126
0.452271,-0.369629,0.960693
-0.491455,-0.100464,0.737671
0.243042,-0.025513,1.020386
0.061279,-0.467651,0.771240
-0.388916,0.151489,0.832275
0.462280,-0.363281,0.957764
-0.481201,-0.111816,0.736084
0.195312,0.004761,1.012939
0.085571,-0.468750,0.764893
-0.423462,0.146362,0.817383
0.471436,-0.350830,0.954712
-0.455322,-0.105225,0.748169
0.154663,0.029785,1.018433
0.103394,-0.461182,0.781738
-0.456665,0.134399,0.808838
0.476074,-0.327026,0.971069
-0.427490,-0.129883,0.747437
0.112793,0.056152,1.010864
0.141113,-0.450806,0.804077
-0.484131,0.125122,0.792603
0.476318,-0.324341,0.966187
-0.395020,-0.169312,0.748413
0.060547,0.096558,1.009766
0.175171,-0.450439,0.818848
-0.507568,0.106201,0.775879
0.476685,-0.302124,0.981201
-0.355347,-0.189819,0.761597
0.014648,0.113770,1.002930
0.228760,-0.462158,0.843872
-0.521484,0.081665,0.755981
0.469604,-0.280884,0.988525
-0.305664,-0.212280,0.773071
-0.038818,0.134155,0.997559
0.268677,-0.452271,0.873291
-0.544678,0.071167,0.743042
0.444702,-0.238159,1.009766
-0.233154,-0.245850,0.788818
-0.084351,0.149658,0.984375
0.306641,-0.437988,0.890503
-0.550415,0.065186,0.759155
0.430054,-0.196167,1.016968
-0.162354,-0.285767,0.794800
-0.129517,0.163208,0.970703
0.329834,-0.427124,0.894165
-0.542847,0.060791,0.769165
0.410156,-0.154175,1.026611
-0.112793,-0.337036,0.783569
-0.183228,0.174438,0.949707
0.371460,-0.423340,0.910645
-0.544189,0.042114,0.759521
0.381104,-0.118652,1.021729
-0.054443,-0.379517,0.775269
-0.234009,0.170044,0.927246
0.401611,-0.406616,0.925415
-0.540161,0.004883,0.751831
0.346436,-0.093384,1.019775
-0.009766,-0.409180,0.774414
-0.280762,0.159790,0.897949
0.421631,-0.406494,0.934692
-0.521240,-0.040894,0.752930
0.298340,-0.057251,1.010864
0.021851,-0.438721,0.765991
-0.330688,0.160400,0.869385
0.443848,-0.389648,0.945679
-0.504150,-0.071655,0.748657
0.258179,-0.036865,1.004761
0.058105,-0.457520,0.762207
-0.382568,0.149170,0.845459
0.459106,-0.367065,0.958130
-0.479858,-0.110107,0.739136
0.198242,0.004517,1.016235
0.071411,-0.448730,0.770264
-0.418823,0.142456,0.822998
0.473267,-0.357422,0.966797
-0.459595,-0.120728,0.753906
0.152344,0.040527,1.013062
0.104614,-0.442261,0.781738
-0.450684,0.125854,0.804077
0.477783,-0.333984,0.976685
-0.425415,-0.154907,0.748047
0.093750,0.063721,1.004395
0.146118,-0.444702,0.811768
-0.485229,0.114746,0.789551
0.468628,-0.295898,0.988159
-0.383423,-0.186768,0.750122
0.041748,0.098267,1.004883
0.199951,-0.460815,0.827881
-0.514648,0.088379,0.761353
0.471069,-0.286865,0.987549
-0.330200,-0.206299,0.760254
-0.009155,0.129395,1.000244
0.251831,-0.453491,0.856323
-0.531494,0.072510,0.752319
0.459229,-0.253784,1.001343
-0.269775,-0.235474,0.777466
-0.065796,0.148926,0.991333
0.287109,-0.443237,0.879639
-0.541016,0.065186,0.749390
0.441772,-0.220459,1.015137
-0.202759,-0.248779,0.792358
-0.120483,0.164307,0.974609
0.320679,-0.432129,0.894897
-0.546387,0.050537,0.764160
0.422607,-0.175049,1.017944
-0.135864,-0.289185,0.794800
-0.165649,0.164185,0.952637
0.350708,-0.421509,0.905029
-0.540161,0.024048,0.764160
0.399780,-0.144897,1.027588
-0.076538,-0.338257,0.794067
-0.220947,0.172363,0.923096
0.386597,-0.401611,0.921387
-0.526489,-0.018311,0.749756
0.359009,-0.110840,1.018311
-0.027954,-0.399902,0.778198
-0.268066,0.176758,0.900146
0.412720,-0.391968,0.934326
-0.520020,-0.057007,0.745239
0.310181,-0.075684,1.019287
0.009644,-0.432983,0.772827
-0.317627,0.160156,0.867798
0.438354,-0.382202,0.942505
-0.496948,-0.086060,0.744873
0.262451,-0.038086,1.010376
0.046997,-0.456299,0.768188
-0.368286,0.164673,0.847778
0.448608,-0.368042,0.952515
-0.487549,-0.106079,0.735596
0.209595,-0.010864,1.012939
0.074463,-0.475342,0.759644
-0.408936,0.159790,0.825806
0.458374,-0.345337,0.958618
-0.466675,-0.115601,0.739624
0.171021,0.008789,1.008911
0.103149,-0.469849,0.775146
-0.444824,0.146240,0.804565
0.468506,-0.326904,0.965088
-0.433960,-0.138672,0.746948
0.126221,0.055054,1.021606
0.129517,-0.459106,0.788696
-0.477905,0.142578,0.794434
0.470459,-0.305054,0.972778
-0.396118,-0.160278,0.750610
0.070679,0.078491,1.007690
0.178589,-0.466431,0.816162
-0.513428,0.127319,0.774170
0.473511,-0.285767,0.982300
-0.353149,-0.197754,0.751221
0.015747,0.114502,1.007690
0.227417,-0.469116,0.834595
-0.533081,0.102539,0.764282
0.468628,-0.267334,0.990112
-0.168335,-0.271729,0.774292
-0.157715,0.176514,0.937866
0.329712,-0.392090,0.911743
-0.569824,0.075317,0.764648
0.401611,-0.120850,1.016968
-0.117188,-0.322876,0.761597
-0.211670,0.172729,0.906250
0.365845,-0.374146,0.919067
-0.552979,0.052490,0.762695
0.360596,-0.079468,1.015869
-0.075562,-0.363281,0.747925
-0.256714,0.178345,0.889893
0.388428,-0.370728,0.926758
-0.543701,0.000000,0.746704
0.326416,-0.049438,1.016846
-0.045288,-0.383911,0.742920
-0.312744,0.188721,0.865601
0.416260,-0.353638,0.941162
-0.527832,-0.028687,0.735596
0.283569,-0.018555,1.010376
-0.015259,-0.407349,0.741699
-0.357666,0.189941,0.847656
0.437256,-0.330688,0.944336
-0.510620,-0.073364,0.718628
0.226196,0.006470,1.003296
0.009033,-0.424194,0.745361
-0.405640,0.186035,0.836304
0.442871,-0.322754,0.951782
-0.493408,-0.108276,0.723877
0.172729,0.034180,1.011475
0.039062,-0.430786,0.757446
-0.449707,0.187866,0.827148
0.457031,-0.297729,0.964233
-0.463623,-0.092651,0.741577
0.135498,0.062500,1.017578
0.079834,-0.430664,0.777344
-0.498535,0.194824,0.807251
0.460815,-0.279785,0.965698
-0.425537,-0.130737,0.742676
0.092529,0.097046,1.017090
0.119385,-0.414429,0.808350
-0.524414,0.187500,0.790894
0.455566,-0.270508,0.971313
-0.383057,-0.162842,0.746582
0.044922,0.129761,1.019897
0.168701,-0.416016,0.827881
-0.554199,0.180420,0.783569
0.457031,-0.262451,0.976196
-0.324707,-0.169556,0.755615
-0.003296,0.148315,1.005371
0.219116,-0.415649,0.842896
-0.575684,0.175903,0.792603
0.454956,-0.230835,0.978882
-0.282104,-0.220947,0.753174
-0.054688,0.163574,0.983765
0.264893,-0.404907,0.878540
-0.589600,0.156738,0.778198
0.436523,-0.203125,0.989380
-0.213867,-0.258423,0.761475
-0.104004,0.178467,0.973022
0.306641,-0.410889,0.889648
-0.590454,0.140503,0.773315
0.423950,-0.175415,1.004395
-0.158936,-0.292114,0.766235
-0.159424,0.178833,0.940308
0.331787,-0.380737,0.907715
-0.570679,0.105835,0.769165
0.403320,-0.134033,1.010742
-0.122314,-0.334595,0.749268
-0.214233,0.180664,0.918091
0.361206,-0.379395,0.912842
-0.556030,0.075684,0.770386
0.375488,-0.092651,1.016968
-0.084106,-0.355225,0.752197
-0.264282,0.184570,0.884277
0.384766,-0.370972,0.917114
-0.548462,0.031128,0.751709
0.338379,-0.057251,1.016479
-0.057129,-0.377441,0.742676
-0.312134,0.172729,0.859619
0.402588,-0.346436,0.933105
-0.538452,-0.017212,0.731323
0.297241,-0.026978,1.008545
-0.021484,-0.400635,0.745239
-0.354858,0.187256,0.845947
0.419678,-0.332275,0.941162
-0.527588,-0.061890,0.717529
0.245117,-0.000854,1.006836
0.004272,-0.414062,0.752808
-0.396851,0.198486,0.839600
0.435913,-0.316040,0.952637
-0.510132,-0.092041,0.711060
0.198730,0.031250,1.016479
0.028809,-0.426270,0.755371
-0.428955,0.190552,0.836426
0.442505,-0.312378,0.955200
-0.493286,-0.070435,0.725830
0.172363,0.052856,1.019165
0.053955,-0.424072,0.767212
-0.464111,0.204712,0.826660
0.451782,-0.302368,0.957275
-0.473511,-0.100952,0.733887
0.139526,0.068604,1.018311
0.082520,-0.423218,0.790771
-0.493164,0.212891,0.820312
0.457275,-0.288086,0.966553
-0.441772,-0.113037,0.748047
0.106689,0.096191,1.019165
0.105835,-0.420654,0.801880
-0.522949,0.210693,0.811035
0.457886,-0.262329,0.970947
-0.406372,-0.131470,0.749634
0.064941,0.114624,1.016235
0.141602,-0.423950,0.812134
-0.539429,0.202271,0.805786
0.452881,-0.247192,0.976196
-0.371460,-0.163208,0.750732
0.031494,0.137573,1.013672
0.173584,-0.417725,0.829102
-0.562744,0.194580,0.795166
0.455811,-0.228516,0.978638
-0.328735,-0.170166,0.759888
-0.008789,0.153564,1.004150
0.209717,-0.419067,0.842285
-0.581177,0.182495,0.785889
0.456787,-0.215698,0.994995
-0.296021,-0.192871,0.754761
-0.040771,0.159058,0.982300
0.244507,-0.410278,0.860962
-0.589844,0.176025,0.786255
0.449951,-0.206909,0.993774
-0.240356,-0.212280,0.766968
-0.078247,0.165771,0.971680
0.275024,-0.389526,0.881470
-0.585815,0.153809,0.782349
0.446289,-0.189453,1.010376
-0.196533,-0.256714,0.766724
-0.117676,0.177246,0.957275
0.304077,-0.381714,0.887695
-0.580688,0.141235,0.777588
0.431396,-0.164917,1.012085
-0.163086,-0.285645,0.758667
-0.163574,0.171631,0.931396
0.324341,-0.380615,0.893311
-0.577026,0.112671,0.768433
0.410034,-0.130127,1.011475
-0.126953,-0.323242,0.754272
-0.201050,0.170288,0.916382
0.349731,-0.380615,0.892944
-0.574829,0.102417,0.767212
0.385132,-0.104980,1.011963
-0.102783,-0.346191,0.745850
-0.249878,0.173706,0.891479
0.373047,-0.377197,0.907227
-0.560669,0.073975,0.763306
0.352539,-0.073608,1.014771
-0.082764,-0.352295,0.747803
-0.289185,0.173218,0.875977
0.392212,-0.362915,0.922241
-0.552612,0.033081,0.743042
0.316284,-0.048584,1.005371
-0.053833,-0.380493,0.733398
-0.330322,0.168823,0.858032
0.407715,-0.341553,0.938477
-0.535889,-0.013184,0.730225
0.280151,-0.012573,1.007690
-0.032471,-0.381226,0.741333
-0.369995,0.184326,0.851440
0.412231,-0.334839,0.939209
-0.520264,-0.046143,0.731934
0.240112,0.019287,1.014526
-0.003418,-0.372314,0.764282
-0.408081,0.191772,0.844849
0.420044,-0.319214,0.943359
-0.502930,-0.096924,0.716919
0.185669,0.046753,1.010132
0.025757,-0.391235,0.771851
-0.455444,0.198364,0.838867
0.439575,-0.300171,0.958862
-0.479492,-0.123413,0.723633
0.144287,0.063477,1.014282
0.064453,-0.392334,0.793579
-0.490967,0.215332,0.827026
0.442383,-0.277222,0.967041
-0.442383,-0.153687,0.730469
0.102661,0.091553,1.018311
0.097046,-0.395020,0.808960
-0.521484,0.212402,0.822144
0.444458,-0.259644,0.971313
-0.396606,-0.159302,0.752319
0.058838,0.105591,1.010254
0.146484,-0.388184,0.831421
-0.551758,0.226685,0.800049
0.436035,-0.224365,0.972168
-0.340088,-0.210693,0.743042
0.016602,0.125000,1.004150
0.180908,-0.385864,0.848877
-0.567749,0.215210,0.799316
0.442139,-0.205933,0.988281
-0.287598,-0.252075,0.735596
-0.037720,0.143311,0.988892
0.229248,-0.396362,0.867798
-0.582397,0.190918,0.793457
0.438843,-0.179443,0.996216
-0.236938,-0.240723,0.755981
-0.082275,0.154663,0.971802
0.266846,-0.401245,0.867920
-0.589966,0.177490,0.784302
0.430542,-0.148560,1.009888
-0.198242,-0.279175,0.742676
-0.135864,0.160522,0.940186
0.304688,-0.391235,0.879883
-0.585327,0.153687,0.773315
0.410889,-0.124146,1.018311
-0.152466,-0.310547,0.738281
-0.200562,0.167725,0.927368
0.338135,-0.384521,0.896606
-0.585205,0.113037,0.764160
0.383545,-0.084473,1.020142
-0.117188,-0.334839,0.741821
-0.253784,0.186646,0.904907
0.369507,-0.379150,0.913696
-0.565552,0.084595,0.755371
0.342285,-0.044678,1.008057
-0.087158,-0.356934,0.737061
-0.312256,0.186401,0.882202
0.388794,-0.373657,0.915161
-0.549683,0.016846,0.737183
0.295532,-0.015381,1.005371
-0.059570,-0.371582,0.739868
-0.366821,0.205933,0.867432
0.406494,-0.352417,0.932129
-0.529541,-0.033203,0.725220
0.233643,0.021484,1.009155
-0.020142,-0.383789,0.752441
-0.424561,0.213867,0.859009
0.421753,-0.325928,0.943115
-0.512451,-0.085205,0.715698
0.182007,0.058472,1.019287
0.018555,-0.380005,0.766724
-0.479614,0.230591,0.844727
0.434692,-0.298706,0.959351
-0.468140,-0.149048,0.723022
0.117554,0.098877,1.022949
0.069458,-0.389038,0.796631
-0.529785,0.226685,0.836182
0.443359,-0.266235,0.977783
-0.398926,-0.175171,0.748291
0.059814,0.109619,1.012573
0.132446,-0.382202,0.824341
-0.559204,0.221558,0.813232
0.441284,-0.237427,0.970337
-0.323975,-0.232300,0.737671
-0.004883,0.131470,0.990234
0.192017,-0.379272,0.854370
-0.575317,0.200073,0.792480
0.432861,-0.200073,0.990356
-0.252441,-0.262817,0.740845
-0.078735,0.145020,0.977417
0.246704,-0.384766,0.866943
-0.588867,0.174683,0.787720
0.431519,-0.162842,1.009521
-0.190796,-0.290894,0.738770
-0.150146,0.158447,0.945557
0.300537,-0.382812,0.884766
-0.581055,0.138306,0.771851
0.409058,-0.120117,1.014648
-0.153320,-0.323242,0.725098
-0.224609,0.178711,0.916748
0.344971,-0.396240,0.891113
-0.581177,0.092651,0.749756
0.359619,-0.077759,1.018677
-0.114258,-0.337524,0.729736
-0.300171,0.190918,0.894653
0.381836,-0.379883,0.914673
-0.564087,0.032715,0.736694
0.306030,-0.030396,1.017334
-0.078613,-0.371338,0.733521
-0.373413,0.213257,0.876587
0.407593,-0.356201,0.925537
-0.545898,-0.048828,0.705811
0.232300,0.000000,0.996704
-0.039185,-0.369873,0.755005
-0.441040,0.232422,0.869629
0.423706,-0.330811,0.946167
-0.506104,-0.108521,0.711182
0.158203,0.044434,1.006958
0.014771,-0.354126,0.782715
-0.484985,0.238281,0.855835
0.428101,-0.288818,0.957397
-0.446167,-0.169434,0.720459
0.096924,0.089600,1.018677
0.080566,-0.376953,0.808594
-0.534912,0.230591,0.829468
0.440063,-0.252319,0.970581
-0.371338,-0.209351,0.741211
0.028687,0.106812,1.007812
0.157471,-0.390625,0.838745
-0.565674,0.211914,0.801758
0.434570,-0.212891,0.989990
-0.287109,-0.247192,0.736450
-0.058105,0.132324,0.983276
0.224487,-0.397217,0.856689
-0.595459,0.184570,0.790283
0.422852,-0.169434,1.004150
-0.220459,-0.292358,0.728394
-0.139160,0.161255,0.957764
0.280273,-0.402832,0.869263
-0.599731,0.143188,0.776367
0.402100,-0.139038,1.009521
-0.175781,-0.307739,0.728149
-0.212769,0.167847,0.926270
0.333618,-0.406372,0.888550
-0.585571,0.087891,0.755615
0.377441,-0.092773,1.019409
-0.142700,-0.330322,0.721436
-0.290527,0.196289,0.904907
0.371826,-0.394897,0.897461
-0.572144,0.020020,0.733887
0.310913,-0.047852,1.013672
-0.099854,-0.357544,0.725098
-0.365112,0.209961,0.880493
0.403564,-0.363281,0.935059
-0.544189,-0.062256,0.706055
0.242065,-0.006104,1.003906
-0.053345,-0.377930,0.746094
-0.439087,0.227539,0.864868
0.421021,-0.330566,0.941284
-0.513672,-0.124756,0.701782
0.163696,0.036011,1.010010
0.001587,-0.369995,0.782349
-0.495361,0.243896,0.851685
0.424316,-0.282471,0.962524
-0.454712,-0.169434,0.713623
0.090820,0.071411,1.014526
0.063232,-0.390869,0.804199
-0.535645,0.235229,0.835327
0.427246,-0.249634,0.965576
-0.390991,-0.203125,0.730103
0.030762,0.097778,1.009644
0.133789,-0.407715,0.826782
-0.569580,0.218506,0.818481
0.431519,-0.226074,0.981934
-0.318970,-0.236450,0.722290
-0.036987,0.126221,0.991577
0.204712,-0.415283,0.841553
-0.588013,0.189209,0.799927
0.422729,-0.184937,0.992920
-0.261230,-0.273560,0.722656
-0.109253,0.154297,0.979858
0.264282,-0.425659,0.866333
-0.599609,0.148193,0.783691
0.411499,-0.155273,1.016602
-0.218872,-0.283081,0.723389
-0.180054,0.177124,0.958130
0.313354,-0.412231,0.882812
-0.592041,0.104004,0.769775
0.390137,-0.127808,1.017944
-0.182007,-0.317627,0.720459
-0.258789,0.174683,0.913818
0.369141,-0.400146,0.895874
-0.585205,0.048340,0.744019
0.345703,-0.094849,1.011963
-0.138550,-0.340820,0.717407
-0.326416,0.188477,0.888672
0.383911,-0.383057,0.914429
-0.572266,-0.007324,0.724121
0.295288,-0.060791,1.014038
-0.103516,-0.354126,0.736694
-0.380493,0.207520,0.885986
0.398438,-0.351685,0.932373
-0.548706,-0.071899,0.696777
0.232788,-0.029419,1.015625
-0.062866,-0.378540,0.747559
-0.441162,0.221802,0.866943
0.412842,-0.332642,0.939087
-0.524780,-0.114624,0.696655
0.167358,0.029663,1.015137
-0.007080,-0.383789,0.773804
-0.487671,0.236572,0.864014
0.421997,-0.305542,0.963501
-0.494263,-0.151489,0.707886
0.110229,0.055542,1.011353
0.052368,-0.390137,0.804810
-0.532471,0.229248,0.850220
0.424316,-0.271973,0.965088
-0.433228,-0.167847,0.724121
0.055664,0.091675,1.018311
0.109741,-0.402588,0.822876
-0.554321,0.221313,0.823975
0.426514,-0.261841,0.966309
-0.374268,-0.221069,0.726074
-0.005981,0.108154,1.007202
0.174805,-0.417603,0.840576
-0.579224,0.207153,0.820068
0.418823,-0.228760,0.983398
-0.313232,-0.261230,0.727539
-0.057129,0.119019,0.988037
0.223267,-0.417236,0.856567
-0.598267,0.179199,0.809448
0.417358,-0.199829,1.012573
-0.268311,-0.307617,0.706055
-0.127197,0.136597,0.966309
0.272949,-0.409546,0.875244
-0.597778,0.132446,0.782227
0.401611,-0.177124,1.007568
-0.220093,-0.305420,0.724243
-0.205566,0.149536,0.949707
0.313232,-0.402222,0.886108
-0.591675,0.086792,0.758179
0.373901,-0.130615,1.020996
-0.188599,-0.320923,0.718750
-0.268799,0.162598,0.925537
0.346436,-0.395264,0.907715
-0.579590,0.032349,0.745850
0.338745,-0.086304,1.028320
-0.156982,-0.336182,0.718750
-0.346069,0.188599,0.895630
0.389526,-0.376221,0.925049
-0.556152,-0.025757,0.707520
0.277222,-0.035889,1.031372
-0.100586,-0.359375,0.737061
-0.417847,0.208984,0.887573
0.401978,-0.356079,0.943726
-0.529785,-0.098877,0.707520
0.197754,0.018188,1.031982
-0.038330,-0.381470,0.770142
-0.483398,0.223389,0.867798
0.423218,-0.317505,0.966064
-0.501465,-0.159180,0.707153
0.114868,0.060547,1.025757
0.043335,-0.389038,0.802124
-0.531372,0.216309,0.848022
0.429077,-0.291382,0.979858
-0.419678,-0.195068,0.727539
0.043457,0.087524,1.026001
0.119629,-0.406128,0.831299
-0.565430,0.194702,0.818115
0.429688,-0.248657,0.984741
-0.334717,-0.254761,0.725708
-0.040894,0.108643,1.002319
0.201782,-0.408813,0.853882
-0.584961,0.140625,0.795166
0.416260,-0.195923,1.011597
-0.259521,-0.307251,0.710815
-0.133423,0.143433,0.979492
0.278687,-0.414673,0.879150
-0.583862,0.082031,0.767822
0.388184,-0.157471,1.021606
-0.212646,-0.309326,0.717407
-0.234497,0.162109,0.942017
0.344238,-0.398560,0.903687
-0.567749,0.008667,0.742554
0.335327,-0.092041,1.037109
-0.163208,-0.334473,0.728027
-0.327148,0.175049,0.909302
0.387207,-0.375366,0.938599
-0.547607,-0.052612,0.712769
0.259277,-0.032715,1.040894
-0.094971,-0.357666,0.755615
-0.435059,0.205444,0.894287
0.417603,-0.349243,0.966064
-0.515991,-0.124756,0.707031
0.171387,0.035767,1.042725
0.010498,-0.367920,0.802979
-0.512939,0.212402,0.859985
0.436646,-0.316406,0.976562
-0.435913,-0.218750,0.725464
0.066650,0.081055,1.042236
0.104736,-0.380371,0.838745
-0.548706,0.185791,0.830566
0.442383,-0.266357,1.002197
-0.330688,-0.286987,0.735962
-0.031616,0.088135,0.999390
0.203735,-0.394653,0.863525
-0.565796,0.118042,0.791382
0.421509,-0.208862,1.013428
-0.250732,-0.290527,0.729736
-0.143555,0.126709,0.972168
0.283813,-0.394043,0.893433
-0.556152,0.046387,0.762085
0.390625,-0.141968,1.034912
-0.194214,-0.301758,0.736816
-0.256836,0.159424,0.934814
0.344971,-0.377808,0.915894
-0.549316,-0.041138,0.728638
0.340210,-0.087036,1.056274
-0.137329,-0.331421,0.743408
-0.359131,0.184448,0.908813
0.396606,-0.362427,0.951660
-0.524902,-0.113770,0.705933
0.259521,-0.035522,1.060913
-0.057007,-0.359131,0.778931
-0.456421,0.208130,0.878662
0.430664,-0.324219,0.989624
-0.479492,-0.178589,0.713745
0.142456,0.040405,1.049316
0.066406,-0.387329,0.824341
-0.528076,0.196533,0.847656
0.438965,-0.279297,0.999390
-0.386963,-0.230347,0.744385
0.039185,0.082886,1.049561
0.174561,-0.411377,0.861450
-0.545898,0.117920,0.803589
0.436523,-0.229248,1.019531
-0.287109,-0.281372,0.732422
-0.073608,0.123657,1.013550
0.266357,-0.410034,0.894775
-0.550537,0.056274,0.782471
0.416382,-0.173706,1.034790
-0.209839,-0.296387,0.740967
-0.207764,0.160400,0.979248
0.342773,-0.386597,0.930786
-0.534790,-0.025757,0.747925
0.347778,-0.098022,1.057129
-0.148804,-0.317993,0.754639
-0.307373,0.166382,0.934692
0.393555,-0.334961,0.973389
-0.516846,-0.115234,0.722778
0.274780,-0.036011,1.067505
-0.055542,-0.359985,0.794800
-0.421753,0.186401,0.902222
0.432617,-0.297974,1.005005
-0.455811,-0.191650,0.720703
0.162231,0.023560,1.060913
0.072754,-0.397217,0.839233
-0.495605,0.172363,0.859131
0.447632,-0.266113,1.018799
-0.385742,-0.212036,0.756470
0.050293,0.077026,1.048462
0.191772,-0.402588,0.873169
-0.528687,0.097046,0.808228
0.453003,-0.219116,1.046265
-0.262817,-0.271240,0.756958
-0.078125,0.110962,1.012573
0.296143,-0.404785,0.922119
-0.524658,0.013184,0.785767
0.423706,-0.141724,1.070923
-0.204102,-0.301758,0.741455
-0.223755,0.161011,0.976074
0.381470,-0.390503,0.954102
-0.497559,-0.095093,0.753174
0.349854,-0.072388,1.085083
-0.120728,-0.315552,0.777222
-0.332397,0.169800,0.919189
0.423706,-0.333618,0.998657
-0.475952,-0.172119,0.726807
0.256836,-0.006470,1.090576
0.003662,-0.359497,0.816162
-0.436401,0.179199,0.888550
0.457153,-0.293579,1.025146
-0.415771,-0.219482,0.736084
0.134033,0.044434,1.070068
0.136597,-0.371094,0.871582
-0.495605,0.146362,0.849121
0.474731,-0.243286,1.043701
-0.294434,-0.286621,0.778198
-0.007080,0.093506,1.046143
0.239258,-0.401245,0.904175
-0.502441,0.057617,0.803345
0.459717,-0.189941,1.073120
-0.205322,-0.278320,0.773926
-0.119751,0.121582,1.006104
0.344482,-0.400635,0.934204
-0.511108,-0.011963,0.776855
0.408325,-0.101807,1.098633
-0.147461,-0.302612,0.783936
-0.246704,0.168091,0.985596
0.417603,-0.383057,0.989014
-0.497559,-0.075195,0.768799
0.342529,-0.057007,1.110229
-0.068481,-0.319092,0.804321
-0.335327,0.178833,0.936890
0.464722,-0.339966,1.027588
-0.443481,-0.190186,0.738281
0.249023,-0.000244,1.104248
0.048218,-0.357422,0.840210
-0.427490,0.184448,0.897827
0.491577,-0.281250,1.059204
-0.383423,-0.237915,0.752441
0.143066,0.049561,1.078247
0.170288,-0.375854,0.891968
-0.473877,0.123291,0.854004
0.496460,-0.235840,1.076172
-0.304688,-0.255005,0.788330
0.035889,0.089233,1.064453
0.260498,-0.388062,0.911865
-0.499268,0.079712,0.818726
0.486084,-0.212158,1.083740
-0.193481,-0.297729,0.794800
-0.048706,0.115723,1.047607
0.333008,-0.386597,0.947510
-0.502563,0.014648,0.808105
0.455688,-0.153809,1.099243
-0.150513,-0.306885,0.793091
-0.158691,0.151978,1.021118
0.400879,-0.366577,0.996704
-0.497437,-0.038086,0.791870
0.411011,-0.098877,1.123901
-0.095581,-0.324951,0.808716
-0.242188,0.190430,1.001343
0.458496,-0.340698,1.027100
-0.464111,-0.110840,0.773193
0.354858,-0.044556,1.124878
-0.034546,-0.325806,0.829102
-0.308594,0.176880,0.953613
0.500488,-0.321045,1.065063
-0.410400,-0.198853,0.765259
0.265991,0.017212,1.130615
0.058105,-0.355713,0.856689
-0.372559,0.180664,0.922485
0.520142,-0.279419,1.078857
-0.359741,-0.251343,0.778320
0.187744,0.056274,1.119629
0.147095,-0.398193,0.878784
-0.413696,0.142090,0.886963
0.527466,-0.256592,1.090698
-0.310913,-0.263916,0.800659
0.106201,0.083008,1.096680
0.234985,-0.392700,0.922363
-0.450073,0.102173,0.857422
0.526367,-0.206055,1.107788
-0.228760,-0.282349,0.833008
0.025146,0.101074,1.083374
0.306274,-0.397583,0.949707
-0.471436,0.049927,0.823120
0.499878,-0.161499,1.121704
-0.136597,-0.304810,0.824463
-0.052368,0.146484,1.074341
0.379639,-0.386963,0.981812
-0.477783,0.000610,0.824463
0.473389,-0.107056,1.147705
-0.096680,-0.309692,0.828735
-0.151611,0.162720,1.047974
0.447510,-0.349854,1.034302
-0.463257,-0.052246,0.801025
0.409546,-0.036011,1.158203
-0.018921,-0.294312,0.858032
-0.248413,0.189209,1.007812
0.500000,-0.309570,1.079224
-0.414673,-0.151978,0.792603
0.315186,0.013062,1.147827
0.097290,-0.368652,0.882568
-0.337158,0.172607,0.949341
0.537354,-0.273560,1.103149
-0.342041,-0.224243,0.794189
0.199951,0.067505,1.131714
0.204468,-0.384644,0.926270
-0.405884,0.133423,0.912598
0.551025,-0.219604,1.128052
-0.273315,-0.269653,0.816895
0.077637,0.124390,1.109131
0.311890,-0.390137,0.960815
-0.438721,0.079590,0.869751
0.536865,-0.174316,1.140381
-0.150024,-0.294312,0.842041
-0.023438,0.149658,1.081665
0.379150,-0.361328,0.997803
-0.436890,-0.011475,0.831299
0.501465,-0.109741,1.156616
-0.072632,-0.320801,0.844360
-0.133423,0.173950,1.064575
0.451538,-0.319458,1.051147
-0.434448,-0.068115,0.812378
0.307129,0.050293,1.159912
-0.001465,-0.327759,0.876953
-0.322510,0.156860,0.955444
0.587769,-0.274780,1.131348
-0.293457,-0.197266,0.841064
0.180908,0.111816,1.132935
0.285889,-0.418579,0.959229
-0.389648,0.096191,0.885986
0.568970,-0.221436,1.138062
-0.215576,-0.231934,0.859131
0.057739,0.164429,1.118530
0.381592,-0.413940,0.999268
-0.433350,0.071167,0.867554
0.540283,-0.151855,1.151489
-0.111572,-0.251953,0.888672
-0.044556,0.197266,1.105469
0.454346,-0.387329,1.039673
-0.452026,0.008667,0.831543
0.483643,-0.078247,1.161377
0.020874,-0.327515,0.897339
-0.129639,0.186035,1.070435
0.499268,-0.341064,1.081665
-0.428589,-0.062866,0.812744
0.413696,-0.024414,1.153076
0.061646,-0.340576,0.899170
-0.229736,0.208008,1.039429
0.557251,-0.317383,1.104126
-0.374390,-0.156982,0.811401
0.303833,0.026611,1.123047
0.158691,-0.377930,0.917114
-0.308350,0.175537,0.965332
0.586670,-0.287354,1.132568
-0.322266,-0.207520,0.818359
0.189453,0.089722,1.123657
0.257690,-0.431030,0.936279
-0.382324,0.106201,0.877563
0.576904,-0.238037,1.129761
-0.241455,-0.224854,0.834961
0.074829,0.154541,1.108032
0.354126,-0.448853,0.973877
-0.442993,0.083618,0.852295
0.543213,-0.192505,1.117676
-0.162354,-0.230835,0.859863
-0.014526,0.189087,1.092407
0.415161,-0.408569,1.007690
-0.452271,0.032104,0.832397
0.495361,-0.127441,1.131348
-0.045898,-0.284912,0.886841
-0.108765,0.192139,1.064575
0.474609,-0.388306,1.043823
-0.444458,-0.022095,0.823853
0.429688,-0.068848,1.138672
0.058350,-0.361938,0.884033
-0.189331,0.190796,1.034180
0.520752,-0.336182,1.076050
-0.419434,-0.093384,0.804321
0.343262,-0.010864,1.120361
0.090698,-0.374512,0.886841
-0.270264,0.167969,0.972412
0.552124,-0.287231,1.105469
-0.362427,-0.151855,0.801392
0.237549,0.059448,1.103149
0.183472,-0.423828,0.898438
-0.346558,0.106689,0.903320
0.560791,-0.275635,1.109131
-0.312866,-0.197876,0.809448
0.136841,0.109131,1.083008
0.272949,-0.443604,0.911865
-0.410400,0.079468,0.841187
0.544189,-0.250000,1.100708
-0.235229,-0.221802,0.835938
0.031250,0.150391,1.067139
0.348755,-0.437012,0.959595
-0.462769,0.065918,0.823730
0.504395,-0.192139,1.092651
-0.142944,-0.254272,0.871094
-0.062134,0.187622,1.067749
0.410278,-0.408936,0.983398
-0.474365,0.026245,0.809448
0.460327,-0.137573,1.100098
-0.030640,-0.318359,0.864746
-0.149780,0.197632,1.036865
0.469971,-0.385132,1.020264
-0.458008,-0.051025,0.793091
0.383179,-0.070557,1.095581
0.076172,-0.390503,0.871460
-0.236938,0.173584,0.989014
0.499512,-0.338623,1.040771
-0.419922,-0.120605,0.788452
0.297119,-0.016846,1.085693
0.116455,-0.410522,0.863647
-0.309204,0.150513,0.939087
0.523804,-0.297363,1.060669
-0.381348,-0.163940,0.776855
0.184082,0.058838,1.069946
0.200195,-0.460938,0.866577
-0.378540,0.081299,0.855835
0.536987,-0.270630,1.081421
-0.327393,-0.201294,0.785156
0.080078,0.114014,1.052368
0.278687,-0.486572,0.894287
-0.439697,0.048096,0.814819
0.515137,-0.255859,1.070068
-0.259277,-0.218628,0.812622
-0.009521,0.142578,1.036743
0.334595,-0.458618,0.930664
-0.475952,0.044312,0.806885
0.485840,-0.224854,1.068970
-0.171021,-0.250000,0.830444
-0.083374,0.166260,1.028198
0.380859,-0.424194,0.960693
-0.496704,0.032715,0.789795
0.447266,-0.174683,1.072510
-0.069336,-0.318604,0.838257
-0.149170,0.177002,1.010620
0.420288,-0.408813,0.969360
-0.494141,-0.011597,0.777588
0.392212,-0.115234,1.056885
0.016724,-0.381470,0.845459
-0.209229,0.156738,0.974854
0.464600,-0.385864,1.001953
-0.485596,-0.083618,0.748779
0.328125,-0.056274,1.056641
0.083984,-0.430542,0.833618
-0.278931,0.148804,0.937500
0.482422,-0.371948,1.000122
-0.453491,-0.125732,0.756714
0.261230,-0.020630,1.047363
0.104736,-0.428223,0.825806
-0.335938,0.144287,0.897705
0.494263,-0.343262,1.009277
-0.419434,-0.169434,0.760132
0.172485,0.020264,1.030273
0.145386,-0.452759,0.826294
-0.392334,0.121582,0.863525
0.516846,-0.321411,1.032471
-0.395264,-0.183350,0.757935
0.099854,0.053711,1.025635
0.201660,-0.482666,0.840454
-0.436279,0.082275,0.808838
0.508545,-0.284302,1.042480
-0.336792,-0.202515,0.778687
0.027466,0.112061,1.025391
0.249390,-0.499634,0.851074
-0.482056,0.066528,0.775757
0.496460,-0.263916,1.037109
-0.282349,-0.215454,0.796753
-0.025391,0.135132,1.018921
0.292480,-0.478027,0.873047
-0.502808,0.044434,0.767212
0.466187,-0.225952,1.037598
-0.225464,-0.227173,0.804688
-0.073975,0.153564,1.014893
0.331055,-0.466919,0.905762
-0.528198,0.057007,0.771484
0.442749,-0.211792,1.028076
-0.157349,-0.269287,0.813599
-0.120239,0.172119,1.000122
0.362915,-0.448364,0.919189
-0.544556,0.044189,0.771240
0.418579,-0.188843,1.031494
-0.100708,-0.330200,0.806885
-0.166382,0.154175,0.975464
0.387329,-0.420288,0.933228
-0.538940,0.029053,0.767456
0.391602,-0.163818,1.020996
-0.038086,-0.383667,0.798096
-0.206909,0.143799,0.945435
0.402832,-0.391357,0.948853
-0.526367,-0.032227,0.737427
0.348022,-0.125000,1.014893
0.005249,-0.428589,0.792725
-0.256958,0.149292,0.916016
0.433350,-0.372925,0.958130
-0.515503,-0.059204,0.742065
0.303589,-0.095459,1.005615
0.038940,-0.459106,0.778687
-0.307251,0.137939,0.882446
0.447021,-0.364014,0.970215
-0.496094,-0.085815,0.742310
0.259155,-0.051392,1.013062
0.070068,-0.470337,0.779053
-0.354614,0.139160,0.849976
0.466553,-0.339966,0.984619
-0.472534,-0.123657,0.735962
0.203003,-0.007324,1.006226
0.081909,-0.471069,0.771484
-0.381958,0.116943,0.828491
0.477417,-0.336670,0.989136
-0.464478,-0.117310,0.741211
0.155762,0.031494,1.007935
0.106934,-0.470703,0.778198
-0.424561,0.117432,0.807373
0.472900,-0.320923,0.974609
-0.439453,-0.141968,0.737183
0.107056,0.053223,1.009033
0.138916,-0.472900,0.796021
-0.470093,0.112671,0.789551
0.472290,-0.292358,0.986084
-0.393555,-0.167603,0.743896
0.049927,0.095581,1.007324
0.176758,-0.478271,0.807129
-0.511475,0.108643,0.769775
0.484131,-0.286255,0.991211
-0.344482,-0.186768,0.756714
-0.006836,0.130615,1.001465
0.224487,-0.479736,0.828857
-0.533325,0.091187,0.759521
0.472046,-0.261963,0.997437
-0.278687,-0.195679,0.788818
-0.054810,0.161743,0.990479
0.263306,-0.449097,0.859497
-0.551392,0.070801,0.748413
0.449219,-0.230347,1.010376
-0.206909,-0.229004,0.795532
-0.095215,0.178955,0.980591
0.298340,-0.407837,0.889893
-0.564941,0.072021,0.755859
0.430664,-0.204102,1.006470
-0.153442,-0.297607,0.784546
-0.139404,0.179565,0.961670
0.337769,-0.399902,0.906128
-0.561401,0.081543,0.770020
0.406250,-0.167969,1.008667
-0.097412,-0.374268,0.770386
-0.193848,0.169312,0.932373
0.374023,-0.379883,0.911255
-0.542114,0.041626,0.763062
0.361816,-0.120117,1.001465
-0.054565,-0.387939,0.766602
-0.247559,0.161011,0.889038
0.394775,-0.377441,0.924316
-0.541260,0.004150,0.748291
0.325562,-0.079834,1.006104
-0.023560,-0.401489,0.753784
-0.299683,0.156128,0.868408
0.410645,-0.355225,0.937012
-0.530640,-0.033325,0.737427
0.277588,-0.036987,0.998047
0.010620,-0.428223,0.742920
-0.348389,0.149414,0.841431
0.432129,-0.334961,0.943726
-0.517700,-0.072021,0.730469
0.225464,-0.004272,1.000488
0.033936,-0.438354,0.753174
-0.394653,0.156982,0.827393
0.445068,-0.306396,0.964844
-0.494751,-0.078125,0.730957
0.179321,0.031982,1.011841
0.059326,-0.436279,0.767944
-0.429932,0.158203,0.819458
0.456909,-0.294189,0.972534
-0.475464,-0.093140,0.739746
0.132446,0.074463,1.009399
0.088867,-0.436768,0.779053
-0.475586,0.172119,0.815552
0.455566,-0.284302,0.971313
-0.441772,-0.114990,0.738159
0.086548,0.094116,1.010986
0.134644,-0.446655,0.793701
-0.523926,0.177490,0.803955
0.460205,-0.262451,0.982788
-0.393066,-0.129028,0.752441
0.041504,0.129761,1.007080
0.164185,-0.428345,0.809448
-0.551392,0.179565,0.798340
0.462158,-0.246948,0.982666
-0.334839,-0.165894,0.756592
-0.008057,0.157715,0.993408
0.209595,-0.408691,0.833984
-0.566895,0.176392,0.785889
0.455444,-0.220215,0.994507
-0.277588,-0.220337,0.762329
-0.053833,0.175293,0.991089
0.253174,-0.399658,0.873169
-0.580811,0.155518,0.769653
0.453735,-0.202881,1.003418
-0.224609,-0.239136,0.766602
-0.097290,0.189941,0.970947
0.287354,-0.402710,0.872803
-0.588379,0.147095,0.766235
0.440186,-0.175293,1.007324
-0.172852,-0.271973,0.762207
-0.145508,0.194092,0.952026
0.312744,-0.386719,0.880615
-0.589233,0.123657,0.773682
0.416138,-0.145142,1.010620
-0.131470,-0.326294,0.753906
-0.196045,0.197998,0.929077
0.344482,-0.380371,0.902954
-0.590576,0.103271,0.755859
0.379517,-0.126343,1.007812
-0.095825,-0.366455,0.742920
-0.231567,0.196167,0.913452
0.368164,-0.352905,0.906372
-0.584961,0.086426,0.743530
0.346802,-0.093506,1.002197
-0.071777,-0.398804,0.734375
-0.285645,0.198120,0.896851
0.386963,-0.348633,0.915283
-0.568359,0.048462,0.735718
0.303101,-0.060303,0.992554
-0.054199,-0.398560,0.733643
-0.323486,0.185547,0.874023
0.409912,-0.329590,0.932739
-0.561401,0.008057,0.722656
0.259155,-0.037842,0.989502
-0.045410,-0.398438,0.742432
-0.369019,0.177368,0.867432
0.414795,-0.297363,0.947754
-0.536621,-0.029419,0.707397
0.210815,-0.007080,0.991577
-0.017334,-0.402832,0.755493
-0.411011,0.179565,0.860840
0.428467,-0.277222,0.962402
-0.517456,-0.050293,0.721313
0.156738,0.046509,1.004639
0.012451,-0.402100,0.768555
-0.456177,0.184082,0.848022
0.434570,-0.268799,0.967407
-0.486816,-0.071289,0.736572
0.115234,0.094971,1.014160
0.042969,-0.402710,0.789673
-0.500488,0.182495,0.836304
0.445557,-0.253540,0.977051
-0.446777,-0.108276,0.740234
0.067871,0.138428,1.023438
0.083496,-0.389893,0.806274
-0.532471,0.181030,0.812500
0.451050,-0.255249,0.990356
-0.401978,-0.134277,0.741821
0.043701,0.162109,1.016968
0.123291,-0.376709,0.821533
-0.563843,0.191040,0.811890
0.452271,-0.262207,0.981445
-0.359985,-0.171631,0.738892
0.011475,0.178345,1.015015
0.165039,-0.395996,0.826416
-0.589355,0.181396,0.788574
0.451904,-0.268188,0.982422
-0.321899,-0.215942,0.737305
-0.028442,0.180054,1.004639
0.200562,-0.383667,0.849609
-0.605469,0.169067,0.782227
0.443237,-0.263550,0.981445
-0.292725,-0.247681,0.733887
-0.057983,0.177856,0.989990
0.233398,-0.378540,0.861328
-0.615112,0.172852,0.777832
0.438965,-0.244141,0.986938
-0.261719,-0.285889,0.723022
-0.088501,0.172729,0.980103
0.251831,-0.386841,0.864258
-0.619629,0.164429,0.778442
0.435303,-0.227295,0.994019
-0.240234,-0.300537,0.729126
-0.127075,0.168335,0.971558
0.265747,-0.371704,0.880371
-0.614624,0.137939,0.766479
0.418579,-0.193237,1.004150
-0.227417,-0.304810,0.727051
-0.154419,0.166992,0.965332
0.295776,-0.377930,0.891602
-0.613525,0.103149,0.752075
0.405884,-0.170532,1.008545
-0.210693,-0.327881,0.709106
-0.191528,0.173828,0.954956
0.321167,-0.393188,0.899048
-0.602417,0.089355,0.761108
0.385986,-0.167236,1.002686
-0.195312,-0.318115,0.718872
-0.220825,0.171021,0.941528
0.328613,-0.380859,0.906494
-0.599121,0.063599,0.752563
0.369507,-0.144287,1.019287
-0.183472,-0.334961,0.719971
-0.261108,0.171631,0.931152
0.346436,-0.393799,0.912109
-0.593872,0.032227,0.737427
0.351929,-0.116455,1.028687
-0.172241,-0.345459,0.710449
-0.296265,0.181885,0.917236
0.367310,-0.385498,0.917847
-0.582886,-0.000732,0.729126
0.318481,-0.090210,1.026855
-0.145752,-0.354004,0.731934
-0.339722,0.184814,0.900146
0.384033,-0.374390,0.932739
-0.566528,-0.023193,0.731934
0.287231,-0.063599,1.033203
-0.119263,-0.345581,0.746826
-0.375366,0.183838,0.891479
0.393555,-0.356689,0.940796
-0.547363,-0.066772,0.707520
0.250366,-0.035156,1.031494
-0.085815,-0.361450,0.760010
-0.426270,0.205933,0.890503
0.415649,-0.339966,0.963379
-0.523804,-0.121704,0.697754
0.208496,-0.003662,1.037231
-0.040771,-0.371460,0.781738
-0.454834,0.210205,0.887695
0.428345,-0.322144,0.980347
-0.509888,-0.159668,0.699097
0.154175,0.038452,1.036621
0.029419,-0.390991,0.804443
-0.501831,0.213501,0.867920
0.442261,-0.303467,0.994629
-0.474731,-0.184204,0.713257
0.110229,0.046143,1.034058
0.075928,-0.394531,0.822632
-0.522827,0.187866,0.850952
0.447388,-0.286987,1.005737
-0.424927,-0.237549,0.723511
0.054443,0.072144,1.031250
0.134521,-0.404175,0.834961
-0.544800,0.159912,0.827148
0.461426,-0.255493,1.026733
-0.351196,-0.250122,0.748535
-0.007935,0.103149,1.020264
0.197998,-0.428955,0.848633
-0.545044,0.121826,0.804077
0.446411,-0.228027,1.030640
-0.286499,-0.267212,0.751953
-0.058472,0.106079,1.002930
0.246582,-0.418213,0.877808
-0.541748,0.084473,0.790039
0.443481,-0.204468,1.047852
-0.240845,-0.301025,0.732544
-0.129517,0.128296,0.992310
0.301880,-0.413208,0.904419
-0.539429,0.029907,0.774658
0.418701,-0.158569,1.059448
-0.204834,-0.291748,0.747070
-0.204956,0.165405,0.983643
0.349609,-0.399414,0.940430
-0.532837,-0.013672,0.764648
0.381226,-0.107178,1.079712
-0.166016,-0.314453,0.759888
-0.266479,0.173584,0.959595
0.395630,-0.392456,0.962646
-0.519409,-0.069946,0.746338
0.345703,-0.059692,1.088013
-0.115723,-0.324585,0.778931
-0.329102,0.191040,0.940796
0.436401,-0.378784,0.988037
-0.506226,-0.114014,0.734009
0.291260,-0.024536,1.096069
-0.028198,-0.340088,0.804443
-0.394897,0.196411,0.917114
0.470093,-0.333740,1.018433
-0.458984,-0.186890,0.726196
0.213623,0.015381,1.085205
0.059448,-0.366699,0.849487
-0.440674,0.168701,0.892090
0.479248,-0.281494,1.049805
-0.401001,-0.238892,0.740845
0.130737,0.055054,1.070923
0.149902,-0.379272,0.877563
-0.473022,0.142334,0.859863
0.500366,-0.242676,1.072388
-0.345093,-0.274048,0.760986
0.047119,0.089355,1.062744
0.228027,-0.391357,0.901123
-0.486450,0.086060,0.833984
0.498291,-0.208496,1.088013
-0.234375,-0.300049,0.794189
-0.024292,0.093140,1.041992
0.296753,-0.405396,0.922241
-0.489502,0.046143,0.815796
0.481445,-0.161133,1.108887
-0.175903,-0.292603,0.795776
-0.113037,0.131470,1.025879
0.369995,-0.393677,0.958984
-0.491699,-0.004028,0.805908
0.448975,-0.111328,1.119385
-0.134644,-0.287720,0.810791
-0.180908,0.181030,1.036499
0.426025,-0.367065,1.011475
-0.486938,-0.054688,0.787354
0.406006,-0.051514,1.140625
-0.062988,-0.295410,0.832397
-0.264160,0.201538,1.006104
0.475342,-0.338989,1.040894
-0.455200,-0.119751,0.778809
0.337158,-0.020386,1.133423
0.025635,-0.339844,0.854004
-0.325562,0.190186,0.964600
0.519409,-0.309326,1.076416
-0.396606,-0.194092,0.773560
0.249756,0.033569,1.121582
0.120972,-0.373169,0.879883
-0.387207,0.155640,0.914795
0.542480,-0.267212,1.105957
-0.333740,-0.255615,0.789917
0.148193,0.081177,1.102661
0.225830,-0.402466,0.918823
-0.418701,0.106445,0.879517
0.539917,-0.210571,1.122314
-0.270752,-0.277222,0.809814
0.065430,0.106079,1.091919
0.295044,-0.400513,0.959961
-0.444946,0.074585,0.864136
0.533203,-0.157959,1.152954
-0.168701,-0.292725,0.842651
-0.013672,0.123901,1.077881
0.359375,-0.379639,0.981445
-0.458008,0.035645,0.836670
0.517212,-0.133179,1.159546
-0.085205,-0.314575,0.847534
-0.089233,0.162964,1.064087
0.424805,-0.358276,1.026978
-0.454834,-0.018066,0.826904
0.482422,-0.090088,1.172119
-0.049927,-0.317627,0.855225
-0.163086,0.204956,1.059204
0.487671,-0.327148,1.071289
-0.440430,-0.070557,0.811646
0.424316,-0.036621,1.172852
0.021118,-0.333130,0.880737
-0.245728,0.215820,1.037720
0.533569,-0.303955,1.100220
-0.397583,-0.127808,0.817261
0.338135,0.015137,1.156250
0.103027,-0.358643,0.907349
-0.296753,0.171509,0.978760
0.562256,-0.278809,1.118774
-0.341675,-0.191772,0.819702
0.254150,0.060181,1.149048
0.201538,-0.401123,0.922119
-0.354858,0.142334,0.921143
0.569702,-0.251343,1.131470
-0.277466,-0.237549,0.835815
0.163086,0.102173,1.131592
0.285889,-0.403564,0.966187
-0.401123,0.108887,0.891846
0.565552,-0.212402,1.145142
-0.219849,-0.263062,0.851196
0.070190,0.155396,1.123291
0.362305,-0.402466,0.997559
-0.431885,0.079590,0.869873
0.551514,-0.156250,1.156372
-0.135132,-0.281006,0.864258
-0.019897,0.189575,1.108154
0.423584,-0.383545,1.035400
-0.437988,0.025269,0.857056
0.515747,-0.103760,1.170776
-0.026367,-0.317749,0.883911
-0.086914,0.212402,1.105591
0.468994,-0.364380,1.055054
-0.427124,-0.010620,0.849854
0.474731,-0.064087,1.171021
0.011230,-0.325562,0.896606
-0.153809,0.215942,1.077759
0.513916,-0.326172,1.092041
-0.423706,-0.061279,0.827148
0.413208,-0.022583,1.171509
0.061646,-0.342285,0.908691
-0.235352,0.213745,1.049072
0.557495,-0.298462,1.126221
-0.383789,-0.139404,0.808472
0.327271,0.039795,1.159180
0.149414,-0.381714,0.926636
-0.298950,0.177246,0.989502
0.576416,-0.277222,1.130859
-0.333008,-0.190308,0.823608
0.241821,0.082031,1.140015
0.233521,-0.414673,0.932373
-0.353394,0.116821,0.917969
0.578613,-0.253540,1.129395
-0.276123,-0.213623,0.833740
0.146729,0.118896,1.123901
0.304077,-0.430542,0.963379
-0.396362,0.095581,0.885986
0.566406,-0.216431,1.125854
-0.210449,-0.210815,0.861206
0.060913,0.160645,1.099609
0.369873,-0.406982,0.998657
-0.429199,0.055786,0.849731
0.533936,-0.169067,1.135010
-0.133423,-0.240845,0.879639
-0.027344,0.190063,1.091309
0.431274,-0.382935,1.025391
-0.446777,0.011475,0.833130
0.494263,-0.118286,1.142334
-0.034180,-0.295898,0.893188
-0.117065,0.215210,1.076782
0.475098,-0.362061,1.051880
-0.442261,-0.038086,0.818726
0.437744,-0.070435,1.142334
0.051270,-0.377441,0.887451
-0.188721,0.214478,1.045532
0.513916,-0.332764,1.071289
-0.421387,-0.086792,0.803833
0.357178,-0.016235,1.124023
0.083618,-0.388672,0.879761
-0.265259,0.191040,1.005737
0.545654,-0.316284,1.080688
-0.378906,-0.141846,0.801514
0.267090,0.026123,1.100952
0.169434,-0.416016,0.890381
-0.330933,0.132202,0.928833
0.564819,-0.277100,1.102173
-0.338257,-0.182373,0.797974
0.170532,0.081543,1.086060
0.245239,-0.438110,0.909302
-0.393433,0.077515,0.858398
0.548950,-0.257324,1.093140
-0.270142,-0.223877,0.807495
0.068848,0.139160,1.074829
0.323853,-0.441162,0.937744
-0.448242,0.062134,0.820435
0.514771,-0.212646,1.088989
-0.206909,-0.234497,0.833862
-0.014893,0.169800,1.064819
0.381836,-0.420532,0.978394
-0.474121,0.036987,0.803711
0.476074,-0.153809,1.097290
-0.115601,-0.279419,0.843140
-0.101807,0.192627,1.044678
0.429321,-0.417725,0.993774
-0.471802,-0.013916,0.790649
0.420898,-0.119873,1.084717
-0.014893,-0.347412,0.849243
-0.178467,0.185669,1.007690
0.462524,-0.384521,1.010132
-0.458374,-0.072754,0.781616
0.351074,-0.067139,1.075928
0.069946,-0.417725,0.827637
-0.262207,0.160522,0.956177
0.498901,-0.355103,1.028687
-0.433716,-0.128296,0.770874
0.267822,-0.027100,1.052734
0.113281,-0.431030,0.833008
-0.339722,0.132202,0.901245
0.510498,-0.326660,1.038086
-0.389771,-0.179810,0.777222
0.171021,0.036133,1.049805
0.169678,-0.440674,0.840820
-0.408569,0.098877,0.837402
0.525513,-0.294189,1.045288
-0.334839,-0.207275,0.775513
0.071289,0.096313,1.040527
0.254639,-0.468018,0.864014
-0.461792,0.057129,0.784424
0.489746,-0.257446,1.033447
-0.264038,-0.234497,0.803345
-0.019775,0.144897,1.038330
0.314941,-0.456909,0.903564
-0.500122,0.052124,0.767944
0.452148,-0.204834,1.038086
-0.179932,-0.264648,0.812012
-0.094727,0.164551,1.019653
0.364990,-0.446777,0.931763
-0.514038,0.031372,0.776123
0.407593,-0.146606,1.039673
-0.079956,-0.324341,0.819214
-0.183838,0.166992,0.975464
0.416626,-0.431396,0.953735
-0.504761,-0.027710,0.759644
0.349731,-0.098389,1.029541
0.010986,-0.416382,0.794312
-0.264648,0.142456,0.920044
0.453125,-0.402710,0.962769
-0.460693,-0.130127,0.743652
0.150391,0.040771,1.004395
0.060669,-0.448120,0.778076
-0.472412,0.150757,0.789429
0.466187,-0.297852,0.978149
-0.391479,-0.184082,0.743896
0.057129,0.104370,1.005005
0.164307,-0.425903,0.821289
-0.533691,0.132935,0.764404
0.457520,-0.253540,0.989014
-0.298584,-0.212158,0.765381
-0.028564,0.155273,0.999390
0.232544,-0.424072,0.854248
-0.564697,0.111450,0.756348
0.445312,-0.204468,0.997437
-0.184937,-0.281860,0.774780
-0.109741,0.179932,0.973877
0.309570,-0.403076,0.891479
-0.570312,0.091064,0.759155
0.405884,-0.159668,1.007690
-0.104004,-0.363403,0.758911
-0.199829,0.171143,0.921387
0.371338,-0.385498,0.918945
-0.553101,0.042847,0.748169
0.348877,-0.078613,1.011963
-0.054077,-0.404785,0.730591
-0.297729,0.189453,0.875610
0.414185,-0.350952,0.935425
-0.527100,-0.033447,0.739868
0.267212,-0.023438,1.004883
-0.012939,-0.408081,0.735718
-0.381104,0.170654,0.840820
0.439209,-0.317139,0.953857
-0.484253,-0.091431,0.740845
0.176270,0.039307,1.009521
0.038696,-0.399780,0.766846
-0.466797,0.180664,0.814697
0.449585,-0.270630,0.971313
-0.413574,-0.144043,0.757080
0.088745,0.092529,1.005981
0.108276,-0.388184,0.814331
-0.531982,0.176025,0.787231
0.447388,-0.234009,0.983765
-0.325317,-0.184814,0.760132
-0.003662,0.146240,1.003418
0.203369,-0.396118,0.845703
-0.579590,0.166260,0.772583
0.438232,-0.190674,0.992432
-0.223877,-0.248779,0.765137
-0.085205,0.178223,0.976074
0.281738,-0.378906,0.884277
-0.589844,0.136719,0.764771
0.413696,-0.144165,1.002930
-0.147827,-0.338501,0.736328
-0.185791,0.187378,0.941772
0.353516,-0.375122,0.910767
-0.573120,0.083130,0.755859
0.362061,-0.080444,1.012085
-0.103149,-0.391602,0.706665
-0.288086,0.203247,0.900146
0.401367,-0.356323,0.925415
-0.550903,0.009033,0.737305
0.281250,-0.025024,0.996582
-0.068848,-0.398438,0.717651
-0.382568,0.202881,0.865845
0.430786,-0.318848,0.957031
-0.510864,-0.066528,0.713013
0.174805,0.040771,1.000732
0.001587,-0.389526,0.763062
-0.476074,0.210815,0.846069
0.435425,-0.280273,0.973633
-0.450073,-0.126953,0.735352
0.091309,0.097168,1.014282
0.081177,-0.363770,0.817993
-0.538452,0.207520,0.819824
0.441162,-0.240356,0.983521
-0.359985,-0.197510,0.737915
0.008423,0.130981,1.000366
0.169800,-0.378540,0.850342
-0.586182,0.185669,0.789307
0.440308,-0.218872,1.000977
-0.263916,-0.265259,0.738159
-0.087646,0.167114,0.980469
0.250854,-0.377686,0.874878
-0.601440,0.143066,0.780029
0.414307,-0.163208,1.007080
-0.193237,-0.339966,0.714355
-0.179077,0.173462,0.951172
0.326660,-0.377441,0.896851
-0.594727,0.089722,0.753052
0.364624,-0.112671,1.009888
-0.151245,-0.373413,0.701172
-0.288574,0.194092,0.911377
0.372070,-0.366943,0.920166
-0.572144,0.021484,0.725220
0.293945,-0.042969,1.018066
-0.103882,-0.387451,0.721436
-0.387939,0.208496,0.884399
0.411743,-0.339844,0.949585
-0.544434,-0.052856,0.692993
0.198242,0.019653,1.011841
-0.033325,-0.384888,0.771118
-0.476562,0.215576,0.869141
0.425293,-0.298950,0.975830
-0.495117,-0.120850,0.709473
0.108887,0.072876,1.016479
0.042847,-0.379761,0.803589
-0.533569,0.201660,0.841431
0.432007,-0.277222,0.989136
-0.413940,-0.180054,0.733643
0.030396,0.101074,1.011963
0.141479,-0.386841,0.838013
-0.578247,0.174438,0.807739
0.432373,-0.255615,0.983643
-0.316772,-0.260742,0.730103
-0.046875,0.129639,0.994629
0.215698,-0.396484,0.865356
-0.593994,0.135864,0.782959
0.427490,-0.213989,1.004150
-0.248291,-0.293457,0.717285
-0.144897,0.160156,0.976196
0.284302,-0.393677,0.892334
-0.584229,0.079834,0.763672
0.389526,-0.160767,1.018921
-0.197266,-0.338501,0.714478
-0.239258,0.174194,0.950928
0.346191,-0.387695,0.915405
-0.573364,0.024170,0.748535
0.333740,-0.101562,1.033569
-0.154541,-0.362061,0.724976
-0.323608,0.178223,0.908447
0.386230,-0.374878,0.938232
-0.559204,-0.029663,0.716919
0.275879,-0.045166,1.038818
-0.092773,-0.362061,0.756836
-0.400513,0.201050,0.908203
0.412720,-0.358154,0.965088
-0.526611,-0.084717,0.709595
0.198608,0.002808,1.041992
-0.020386,-0.366821,0.795410
-0.466431,0.191895,0.880493
0.440552,-0.316284,0.988770
-0.496216,-0.155640,0.722046
0.125000,0.038452,1.033081
0.058838,-0.369629,0.831055
-0.499512,0.168701,0.857910
0.463989,-0.287598,1.022217
-0.398682,-0.218384,0.750610
0.051514,0.072144,1.022827
0.139160,-0.379761,0.852661
-0.521851,0.124023,0.823608
0.466553,-0.256348,1.034546
-0.309570,-0.251587,0.759644
-0.022217,0.102539,1.013550
0.218140,-0.398682,0.873779
-0.532959,0.071899,0.780518
0.452026,-0.220459,1.048218
-0.241699,-0.303833,0.752075
-0.090454,0.136597,1.002319
0.283203,-0.399780,0.896362
-0.547363,0.042358,0.771851
0.435669,-0.178467,1.062378
-0.197998,-0.329346,0.742310
-0.172852,0.166138,1.001099
0.346436,-0.388428,0.932129
-0.545166,0.012939,0.766235
0.407959,-0.135742,1.087158
-0.153076,-0.315552,0.768555
-0.248413,0.187256,0.990723
0.397827,-0.360596,0.975220
-0.525391,-0.044312,0.757446
0.361572,-0.083130,1.094849
-0.099609,-0.332153,0.786865
-0.307495,0.180298,0.953857
0.440308,-0.353760,1.001099
-0.486572,-0.099609,0.744141
0.303223,-0.035400,1.100708
-0.027832,-0.352661,0.811646
-0.357910,0.169189,0.936768
0.472046,-0.320190,1.033813
-0.436279,-0.168213,0.745605
0.242188,0.015869,1.100342
0.055298,-0.365234,0.852661
-0.414917,0.157593,0.906616
0.500122,-0.292847,1.064453
-0.390869,-0.216797,0.754517
0.171875,0.049194,1.083618
0.135010,-0.370728,0.885742
-0.443359,0.121826,0.877441
0.517456,-0.260864,1.079346
-0.344604,-0.251709,0.776245
0.099121,0.084473,1.085815
0.228027,-0.386353,0.912476
-0.464478,0.089478,0.851685
0.524170,-0.239502,1.096191
-0.262207,-0.290405,0.798828
0.025513,0.120361,1.076904
0.290527,-0.386597,0.940918
-0.475464,0.071289,0.838623
0.518921,-0.201660,1.124756
-0.165039,-0.313599,0.818970
-0.039795,0.145996,1.073120
0.354248,-0.380127,0.969727
-0.476685,0.035522,0.813110
0.509277,-0.161865,1.128906
-0.118042,-0.320557,0.819702
-0.104248,0.171997,1.058960
0.412231,-0.360107,1.008545
-0.475220,-0.003174,0.823608
0.474243,-0.111694,1.154541
-0.075195,-0.324219,0.833374
-0.176636,0.198608,1.044800
0.467651,-0.334229,1.047607
-0.464233,-0.041748,0.815430
0.430176,-0.061401,1.163818
-0.020142,-0.337646,0.861450
-0.240601,0.194946,1.025391
0.510010,-0.316650,1.079956
-0.424683,-0.107666,0.799805
0.369385,-0.005859,1.162354
0.051636,-0.343018,0.885742
-0.278687,0.168091,0.982300
0.539673,-0.293945,1.100464
-0.381104,-0.164917,0.801636
0.296509,0.033691,1.158936
0.132080,-0.378418,0.904663
-0.319214,0.140991,0.955811
0.560669,-0.277710,1.116455
-0.333740,-0.202271,0.814819
0.229126,0.070923,1.136475
0.215088,-0.396729,0.930786
-0.372192,0.133789,0.921997
0.570190,-0.255981,1.123047
-0.284180,-0.226807,0.840088
0.151245,0.117310,1.126343
0.286255,-0.405273,0.966187
-0.399780,0.102295,0.901367
0.570190,-0.213989,1.140747
-0.235596,-0.238770,0.852051
0.081177,0.148315,1.121094
0.355835,-0.393188,0.993286
-0.412231,0.066406,0.885864
0.558472,-0.169434,1.160645
-0.168335,-0.252319,0.867188
0.010254,0.171753,1.098267
0.404419,-0.384277,1.021118
-0.422485,0.018799,0.860596
0.532471,-0.135620,1.166626
-0.067749,-0.288086,0.887817
-0.051880,0.187866,1.095459
0.449097,-0.370117,1.045288
-0.427856,-0.011597,0.846436
0.508423,-0.103882,1.179443
0.003662,-0.327393,0.896484
-0.119019,0.217896,1.081543
0.486694,-0.356323,1.057739
-0.430420,-0.042480,0.844238
0.466919,-0.063843,1.179321
0.038574,-0.345947,0.898682
-0.183228,0.227661,1.050049
0.515869,-0.319824,1.086914
-0.407593,-0.077637,0.828857
0.410400,-0.024536,1.170532
0.068481,-0.355591,0.901123
-0.246704,0.230103,1.036865
0.552002,-0.302612,1.110840
-0.378174,-0.130249,0.816406
0.342285,0.022827,1.166382
0.129395,-0.385742,0.911865
-0.298462,0.211548,1.001099
0.575439,-0.298584,1.114868
-0.353516,-0.159058,0.814575
0.276611,0.056641,1.145630
0.193848,-0.412476,0.919800
-0.332886,0.155518,0.949341
0.573730,-0.284790,1.108276
-0.322388,-0.185181,0.826172
0.207642,0.085693,1.124268
0.263062,-0.439453,0.933350
-0.380493,0.110596,0.888550
0.560913,-0.264648,1.105713
-0.279541,-0.204834,0.831665
0.133667,0.104492,1.106323
0.318726,-0.445923,0.947754
-0.418457,0.101074,0.867188
0.545654,-0.240112,1.098999
-0.242920,-0.215210,0.832764
0.061401,0.135864,1.083862
0.364136,-0.426270,0.971802
-0.440063,0.061646,0.843506
0.514893,-0.190796,1.113037
-0.189453,-0.240356,0.849487
-0.014648,0.153931,1.064209
0.405273,-0.408569,0.998047
-0.450806,0.020752,0.814331
0.482422,-0.131226,1.119873
-0.126343,-0.255371,0.856323
-0.083984,0.166138,1.044189
0.447266,-0.416138,1.017334
-0.453491,-0.018555,0.809814
0.446045,-0.106812,1.108521
-0.035889,-0.310913,0.862793
-0.154053,0.178955,1.016479
0.470093,-0.400513,1.027100
-0.452515,-0.060547,0.795044
0.398926,-0.076050,1.106079
0.039917,-0.371216,0.859375
-0.221313,0.177734,0.990967
0.494141,-0.380249,1.035400
-0.436768,-0.101440,0.782471
0.339355,-0.050659,1.090210
0.087036,-0.403564,0.848389
-0.285400,0.171143,0.950073
0.507446,-0.354614,1.036377
-0.413452,-0.139282,0.785889
0.267700,-0.015503,1.070923
0.106567,-0.415161,0.842285
-0.347778,0.155029,0.908936
0.517578,-0.323730,1.032471
-0.392700,-0.171143,0.771484
0.192139,0.023071,1.066528
0.157959,-0.437134,0.853516
-0.403198,0.114380,0.858154
0.509766,-0.301758,1.035156
-0.366089,-0.194458,0.761963
0.115723,0.063110,1.038940
0.230591,-0.470825,0.866089
-0.448120,0.071289,0.802979
0.492188,-0.272217,1.031738
-0.316040,-0.226807,0.769775
0.034912,0.101929,1.035156
0.291016,-0.475952,0.881958
-0.482300,0.052979,0.775146
0.466431,-0.238159,1.031128
-0.253662,-0.231323,0.783447
-0.046997,0.133545,1.012695
0.347412,-0.475952,0.911865
-0.514771,0.048462,0.774902
0.441772,-0.199463,1.026733
-0.175781,-0.270020,0.803711
-0.128174,0.162842,0.986938
0.377075,-0.456787,0.920166
-0.516113,0.006592,0.767944
0.406860,-0.151245,1.033691
-0.093384,-0.304077,0.802979
-0.207397,0.159180,0.954834
0.406860,-0.438965,0.936646
-0.512939,-0.045044,0.759766
0.352783,-0.107056,1.035034
-0.015259,-0.376831,0.802979
-0.276978,0.167603,0.913696
0.440430,-0.415894,0.948730
-0.489502,-0.092529,0.748779
0.286255,-0.065430,1.014893
0.048218,-0.415771,0.792603
-0.335938,0.154053,0.860718
0.450073,-0.369873,0.961060
-0.475830,-0.129883,0.736450
0.219727,-0.027954,1.003906
0.086304,-0.441162,0.783813
-0.394165,0.147705,0.831787
0.466309,-0.344360,0.966187
-0.442383,-0.151978,0.740112
0.148315,0.022095,1.003662
0.121460,-0.448242,0.789429
-0.445801,0.128906,0.799194
0.467773,-0.301025,0.980957
-0.397827,-0.199585,0.744141
0.066162,0.074585,0.996582
0.157715,-0.440796,0.819214
-0.500977,0.112427,0.769531
0.477539,-0.269653,0.991455
-0.345093,-0.209229,0.754639
-0.009033,0.121094,0.999268
0.221680,-0.450928,0.838745
-0.532227,0.090454,0.750000
0.457397,-0.216187,0.996094
-0.274536,-0.194580,0.770142
-0.071167,0.153564,0.979614
0.279053,-0.459839,0.856812
-0.545532,0.089966,0.763916
0.440186,-0.180542,1.010864
-0.191284,-0.236450,0.779907
-0.140991,0.167603,0.955200
0.328491,-0.446411,0.883057
-0.561401,0.074097,0.773560
0.406128,-0.135010,1.015625
-0.113281,-0.301758,0.780640
-0.208374,0.177979,0.920898
0.370239,-0.411011,0.906616
-0.542480,0.043823,0.765747
0.367798,-0.098267,1.011963
-0.065430,-0.344482,0.762085
-0.269165,0.174072,0.885498
0.405518,-0.363159,0.926514
-0.531982,-0.014038,0.750244
0.307373,-0.051025,1.003052
-0.018799,-0.388672,0.757324
-0.342407,0.173218,0.846680
0.433105,-0.346191,0.942749
-0.514160,-0.070801,0.729248
0.234131,-0.013550,0.998901
0.016724,-0.411865,0.753296
-0.408203,0.181274,0.840088
0.447998,-0.302979,0.964111
-0.471924,-0.110840,0.740356
0.158447,0.049072,1.007202
0.053955,-0.408325,0.773926
-0.470947,0.207031,0.826050
0.455811,-0.270020,0.965820
-0.417603,-0.136597,0.752197
0.086914,0.082153,1.002441
0.101196,-0.406616,0.795898
-0.524048,0.203735,0.802490
0.462280,-0.230469,0.971313
-0.351562,-0.178223,0.755615
0.018799,0.129395,0.998047
0.166138,-0.398438,0.839478
-0.562866,0.179565,0.786499
0.449341,-0.191528,0.997437
-0.267334,-0.238525,0.755249
-0.062744,0.156250,0.981812
0.241699,-0.413208,0.857422
-0.590942,0.162964,0.768311
0.432373,-0.153076,1.010254
-0.196533,-0.260864,0.753540
-0.124878,0.173828,0.966309
0.302734,-0.405273,0.884644
-0.594482,0.131226,0.765137
0.401978,-0.112793,1.010132
-0.145142,-0.313232,0.735840
-0.209351,0.187012,0.924072
0.359863,-0.396484,0.896606
-0.589722,0.078247,0.742920
0.350708,-0.081665,1.006226
-0.110352,-0.345337,0.719116
-0.299927,0.203613,0.899292
0.393433,-0.380493,0.917847
-0.556396,-0.009888,0.721924
0.270020,-0.021851,1.004395
-0.067993,-0.378540,0.726807
-0.395996,0.223511,0.877686
0.420776,-0.355591,0.935059
-0.525635,-0.093140,0.712158
0.184082,0.013062,0.995972
-0.026245,-0.368286,0.763184
-0.473267,0.241455,0.860718
0.441650,-0.303345,0.967529
-0.479126,-0.146484,0.722900
0.099609,0.072632,1.006592
0.040527,-0.382812,0.796021
-0.517090,0.231445,0.842651
0.441406,-0.246216,0.979858
-0.386719,-0.189453,0.738770
0.026489,0.099976,0.999634
0.123779,-0.406982,0.814697
-0.567627,0.200195,0.808228
0.429321,-0.212036,0.991943
-0.298096,-0.259277,0.729492
-0.050903,0.125000,0.991455
0.202759,-0.413696,0.845703
-0.594971,0.150757,0.786743
0.421753,-0.169922,1.008423
-0.237549,-0.291016,0.721313
-0.140015,0.157593,0.977295
0.275513,-0.415161,0.869751
-0.596924,0.104980,0.760742
0.381348,-0.136597,1.021729
-0.197754,-0.312988,0.719727
-0.239380,0.173950,0.945435
0.338501,-0.417358,0.896362
-0.593262,0.044067,0.742554
0.336792,-0.098022,1.020508
-0.155884,-0.309937,0.727539
-0.332520,0.190796,0.911865
0.380249,-0.397705,0.923706
-0.569580,-0.037964,0.704468
0.278442,-0.050049,1.023926
-0.108398,-0.341919,0.753540
-0.426758,0.220581,0.890869
0.419067,-0.349365,0.959717
-0.513428,-0.125610,0.703125
0.184937,-0.000732,1.022949
-0.018799,-0.361694,0.791260
-0.491089,0.219849,0.869995
0.436646,-0.296387,0.995972
-0.468872,-0.218628,0.701050
0.093750,0.048950,1.029053
0.084717,-0.400146,0.818726
-0.531372,0.187866,0.846802
0.442017,-0.257202,1.011719
-0.365967,-0.259155,0.733032
0.007202,0.083252,1.021606
0.181030,-0.428589,0.847656
-0.551514,0.137939,0.810425
0.437012,-0.222778,1.018677
-0.279053,-0.279663,0.743896
-0.084717,0.114746,1.009399
0.265747,-0.438721,0.871338
-0.561401,0.075195,0.787842
0.418091,-0.174561,1.046997
-0.216064,-0.285522,0.747559
-0.192383,0.152344,0.985962
0.333618,-0.423828,0.916992
-0.546631,-0.002930,0.764282
0.389160,-0.132446,1.070923
-0.169434,-0.269165,0.775757
-0.275757,0.175537,0.957031
0.385986,-0.368652,0.969849
-0.519531,-0.076416,0.741943
0.339600,-0.086426,1.082275
-0.109741,-0.320435,0.782227
-0.345459,0.175049,0.914551
0.432983,-0.334473,0.993530
-0.479614,-0.155396,0.724243
0.267212,-0.036011,1.085449
-0.011475,-0.355225,0.812622
-0.417114,0.190918,0.905396
0.466675,-0.298096,1.030518
-0.430054,-0.208862,0.741577
0.188721,0.016968,1.086182
0.090332,-0.392944,0.848755
-0.457153,0.171997,0.881592
0.491943,-0.269165,1.058105
-0.395020,-0.229492,0.757446
0.110840,0.046753,1.074463
0.192383,-0.411255,0.889771
-0.480225,0.142578,0.854370
0.504517,-0.236328,1.079468
-0.321533,-0.227905,0.788452
0.033081,0.077515,1.057495
0.268433,-0.406616,0.928833
-0.478271,0.086426,0.834473
0.502319,-0.190308,1.093140
-0.207520,-0.275635,0.807983
-0.037598,0.109741,1.055786
0.335083,-0.409912,0.950928
-0.474609,0.024780,0.827271
0.494019,-0.156006,1.122314
-0.155151,-0.263672,0.816162
-0.108765,0.146729,1.046265
0.394043,-0.380005,0.986206
-0.470825,-0.026978,0.819092
0.482788,-0.104858,1.157104
-0.114624,-0.269165,0.822388
-0.176880,0.185425,1.033203
0.459106,-0.355225,1.038696
-0.462646,-0.079346,0.805298
0.436890,-0.074585,1.160034
-0.059814,-0.286011,0.847168
-0.236816,0.207520,1.017212
0.496338,-0.327881,1.068115
-0.435791,-0.124512,0.795410
0.378540,-0.032715,1.158325
0.028076,-0.326538,0.872314
-0.283813,0.204712,0.997559
0.532959,-0.308472,1.094482
-0.397583,-0.179688,0.787842
0.309448,0.004883,1.155151
0.109619,-0.375122,0.892700
-0.328613,0.167358,0.951538
0.560303,-0.285645,1.110229
-0.350342,-0.216797,0.803833
0.244019,0.039551,1.151978
0.192261,-0.408203,0.924072
-0.363525,0.159180,0.926025
0.566895,-0.249390,1.122437
-0.295166,-0.232300,0.827881
0.178955,0.083862,1.139893
0.266479,-0.416138,0.954102
-0.392456,0.136353,0.914185
0.578003,-0.222778,1.143677
-0.254883,-0.247925,0.836426
0.108276,0.113647,1.131348
0.327271,-0.417603,0.983887
-0.410034,0.111206,0.894897
0.565430,-0.177002,1.147949
-0.206299,-0.238159,0.863037
0.043213,0.151978,1.123047
0.385132,-0.407593,1.013184
-0.421021,0.064697,0.876953
0.550537,-0.136108,1.162842
-0.140991,-0.246948,0.866699
-0.020996,0.187378,1.107544
0.432617,-0.405396,1.032471
-0.423706,0.017700,0.861450
0.523682,-0.110962,1.167847
-0.068604,-0.252441,0.897949
-0.072876,0.206055,1.105469
0.461914,-0.379272,1.047363
-0.425537,-0.024048,0.856445
0.494751,-0.087769,1.175293
0.005493,-0.310913,0.902954
-0.138428,0.214111,1.074341
0.493652,-0.351685,1.074097
-0.419434,-0.058594,0.837646
0.454224,-0.063965,1.163940
0.051514,-0.324951,0.903687
-0.198364,0.227905,1.052002
0.529053,-0.323242,1.095825
-0.403198,-0.113647,0.815674
0.391357,-0.035278,1.154297
0.072388,-0.336792,0.910278
-0.245117,0.207642,1.019043
0.549683,-0.297363,1.114746
-0.374878,-0.171265,0.798584
0.327393,0.012695,1.134399
0.129028,-0.366577,0.916626
-0.304565,0.190674,0.976196
0.564209,-0.292358,1.112061
-0.342773,-0.191040,0.814209
0.248779,0.045532,1.122437
0.194946,-0.403198,0.918457
-0.346924,0.141968,0.922119
0.571899,-0.282471,1.104126
-0.324951,-0.206177,0.804199
0.177246,0.077637,1.099731
0.250610,-0.443237,0.924316
-0.392212,0.097168,0.872559
0.551147,-0.270630,1.085083
-0.282104,-0.226318,0.809570
0.103882,0.111206,1.091064
0.307861,-0.460205,0.933472
-0.431885,0.081543,0.835571
0.524292,-0.235107,1.078857
-0.242676,-0.239380,0.815552
0.037476,0.134155,1.075806
0.343750,-0.462280,0.947998
-0.464844,0.079224,0.818359
0.504517,-0.195435,1.084351
-0.200928,-0.215210,0.835693
-0.033691,0.160889,1.058838
0.390625,-0.458740,0.966675
-0.484009,0.042847,0.802979
0.471313,-0.157349,1.080811
-0.152100,-0.238403,0.839966
-0.096069,0.167114,1.031738
0.422729,-0.440918,0.976807
-0.489136,-0.000488,0.791260
0.425903,-0.121948,1.068604
-0.070801,-0.291138,0.843384
-0.171265,0.169678,1.005615
0.446045,-0.430176,0.983032
-0.472046,-0.062012,0.776001
0.373535,-0.097168,1.058716
0.001953,-0.351196,0.842407
-0.236694,0.154053,0.952759
0.472290,-0.402466,0.997925
-0.454102,-0.119507,0.763062
0.309326,-0.058228,1.047607
0.061646,-0.402832,0.827881
-0.306396,0.138062,0.901489
0.489868,-0.375366,1.006714
-0.435791,-0.153564,0.759888
0.234741,-0.015137,1.040283
0.095093,-0.429199,0.805908
-0.367188,0.125366,0.857300
0.494507,-0.338989,1.004395
-0.419800,-0.186157,0.744995
0.159790,0.026978,1.029785
0.126343,-0.446899,0.812744
-0.426025,0.108765,0.813354
0.493774,-0.318359,1.000488
-0.374146,-0.203369,0.752319
0.077637,0.072998,1.022949
0.187012,-0.466187,0.820557
-0.477539,0.099854,0.786865
0.439331,-0.201416,0.992065
-0.218018,-0.240723,0.771484
-0.108521,0.158936,0.973022
0.319580,-0.432861,0.890625
-0.560669,0.091675,0.763306
0.403931,-0.144897,1.000488
-0.121094,-0.310181,0.776245
-0.189819,0.164185,0.933228
0.361450,-0.404297,0.905640
-0.538818,0.044067,0.763916
0.360229,-0.073853,1.022949
-0.065918,-0.352417,0.749146
-0.280396,0.177124,0.882446
0.411133,-0.387451,0.920288
-0.532227,-0.007446,0.741577
0.298096,-0.020508,1.014282
-0.028076,-0.391113,0.731079
-0.355347,0.180664,0.845459
0.434082,-0.359253,0.943481
-0.502075,-0.080933,0.722900
0.221802,0.032227,1.012573
0.014771,-0.404053,0.746704
-0.429077,0.194214,0.828247
0.452759,-0.326050,0.956421
-0.470703,-0.128784,0.737061
0.153320,0.058350,1.024292
0.065918,-0.397095,0.782227
-0.504883,0.217163,0.821167
0.460449,-0.283081,0.959473
-0.413452,-0.156860,0.749268
0.078125,0.100464,1.013794
0.128906,-0.384399,0.826538
-0.553467,0.203247,0.807495
0.446167,-0.240601,0.969116
-0.333008,-0.206543,0.752808
0.004639,0.133423,0.997803
0.211060,-0.378296,0.866333
-0.585938,0.185913,0.789062
0.430054,-0.200073,0.985718
-0.237427,-0.258057,0.750122
-0.094727,0.163696,0.969482
0.278809,-0.378784,0.882690
-0.592896,0.152100,0.784424
0.404053,-0.155029,0.993408
-0.181519,-0.297241,0.733887
-0.182861,0.163452,0.931519
0.343018,-0.364502,0.906372
-0.573853,0.094238,0.757568
0.355835,-0.084106,1.010010
-0.135864,-0.344849,0.718628
-0.284668,0.189331,0.892700
0.390869,-0.364258,0.917847
-0.556641,0.033691,0.740112
0.284424,-0.031860,1.009888
-0.098022,-0.386230,0.717407
-0.377075,0.211670,0.872192
0.413452,-0.342163,0.943604
-0.520264,-0.049194,0.722534
0.199463,0.023438,1.006592
-0.047852,-0.390137,0.741821
-0.467529,0.236328,0.864014
0.437622,-0.312134,0.960449
-0.481445,-0.126953,0.712891
0.122437,0.060547,1.020020
0.027832,-0.397583,0.777344
-0.530029,0.229492,0.838013
0.439087,-0.295166,0.968628
-0.412720,-0.164795,0.745239
0.058594,0.079834,1.019287
0.116333,-0.391724,0.822510
-0.588257,0.215942,0.804443
0.434204,-0.266479,0.970215
-0.320801,-0.235474,0.741577
-0.019531,0.099609,1.004517
0.191162,-0.394775,0.849976
-0.604126,0.162842,0.783325
0.415649,-0.217651,0.985596
-0.254272,-0.283936,0.725830
-0.102417,0.146606,0.991211
0.270386,-0.404297,0.884521
-0.608032,0.102905,0.766235
0.392090,-0.170166,0.999390
-0.213379,-0.320068,0.718384
-0.201294,0.161377,0.969727
0.333008,-0.390991,0.914795
-0.583740,0.029785,0.743286
0.340942,-0.099243,1.026123
-0.178955,-0.342041,0.712524
-0.287964,0.182129,0.933105
0.386353,-0.389526,0.941528
-0.565063,-0.044800,0.721802
0.271362,-0.044434,1.033447
-0.124146,-0.341309,0.742798
-0.382080,0.188965,0.900757
0.418335,-0.350464,0.973877
-0.522339,-0.112549,0.710449
0.194458,0.006714,1.046265
-0.039185,-0.362915,0.791626
-0.456543,0.195068,0.889282
0.451904,-0.319824,1.006348
-0.478516,-0.183960,0.714111
0.123413,0.049194,1.043701
0.057373,-0.384766,0.827393
-0.502930,0.169800,0.856323
0.467407,-0.288696,1.023071
-0.419067,-0.236938,0.731934
0.061279,0.071289,1.044556
0.147949,-0.412720,0.847534
-0.533447,0.138306,0.813965
0.480103,-0.262817,1.036011
-0.302979,-0.259766,0.766846
-0.006592,0.091309,1.038086
0.227539,-0.430298,0.875000
-0.537964,0.089722,0.803955
0.464355,-0.222290,1.053345
-0.238403,-0.282959,0.760864
-0.073608,0.123779,1.022339
0.308228,-0.424683,0.904175
-0.534058,0.057129,0.792969
0.454102,-0.175415,1.073486
-0.192261,-0.290527,0.761963
-0.150879,0.159790,1.020996
0.373901,-0.390869,0.955566
-0.533691,-0.001221,0.775879
0.416992,-0.130249,1.090698
-0.127441,-0.305786,0.796509
-0.230835,0.190430,1.011353
0.423462,-0.354126,1.007568
-0.501465,-0.075806,0.768921
0.360229,-0.078857,1.106689
-0.069824,-0.323242,0.813354
-0.282715,0.168091,0.953735
0.471313,-0.328857,1.042847
-0.458862,-0.131958,0.760376
0.302734,-0.024902,1.118652
0.011230,-0.364746,0.830933
-0.333740,0.154419,0.929688
0.500244,-0.296753,1.068115
-0.400879,-0.199219,0.767700
0.233032,0.029907,1.123535
0.109009,-0.389404,0.880981
-0.385498,0.149536,0.916138
0.533325,-0.254150,1.104004
-0.339233,-0.232178,0.798706
0.167114,0.074951,1.116577
0.206787,-0.394897,0.915039
-0.424805,0.123413,0.885864
0.550415,-0.242310,1.106445
-0.279053,-0.256348,0.807983
0.080566,0.106689,1.103882
0.293579,-0.389160,0.951172
-0.438721,0.085327,0.862305
0.545532,-0.194458,1.138062
-0.190552,-0.275757,0.844849
0.006226,0.138550,1.093628
0.362549,-0.390015,0.983643
-0.447021,0.048706,0.849854
0.532349,-0.156738,1.157959
-0.092163,-0.298462,0.859497
-0.066406,0.174438,1.094116
0.425049,-0.365723,1.023682
-0.455811,0.004883,0.856201
0.498291,-0.109985,1.163452
-0.050049,-0.314941,0.863892
-0.137573,0.202759,1.076782
0.484619,-0.324951,1.074707
-0.444580,-0.052490,0.833618
0.428955,-0.048340,1.170410
0.014038,-0.327637,0.885620
-0.197876,0.198853,1.052490
0.526978,-0.292236,1.105591
-0.408691,-0.097534,0.817749
0.374756,-0.006104,1.161255
0.096680,-0.366089,0.908203
-0.265747,0.189575,1.005249
0.559082,-0.284546,1.129883
-0.362061,-0.157349,0.824219
0.297119,0.049805,1.159302
0.182251,-0.392822,0.930054
-0.323364,0.143799,0.944702
0.578369,-0.266968,1.135742
-0.304077,-0.236206,0.818237
0.206299,0.108521,1.148438
0.253052,-0.413574,0.948486
-0.386108,0.133667,0.905884
0.580566,-0.244141,1.136230
-0.246704,-0.246216,0.842651
0.116089,0.145874,1.134644
0.342407,-0.434937,0.981201
-0.429443,0.133789,0.886353
0.561890,-0.220093,1.132324
-0.190796,-0.251587,0.857300
0.042969,0.173096,1.122803
0.393921,-0.402832,1.007935
-0.446411,0.084595,0.863525
0.539551,-0.164062,1.133423
-0.110474,-0.258789,0.886719
-0.033813,0.193726,1.099976
0.434570,-0.381836,1.030884
-0.452393,0.018799,0.841919
0.502686,-0.121582,1.145874
-0.025879,-0.297729,0.903198
-0.114014,0.201660,1.080811
0.476074,-0.361084,1.054932
-0.449463,-0.038696,0.812622
0.441650,-0.085327,1.140137
0.057129,-0.348389,0.908569
-0.180786,0.196289,1.046387
0.510742,-0.343018,1.075684
-0.428101,-0.082642,0.804199
0.372070,-0.041626,1.122681
0.092163,-0.377075,0.885620
-0.239746,0.180664,1.007324
0.535034,-0.324707,1.078247
-0.409790,-0.120117,0.797241
0.297363,-0.000366,1.093262
0.114990,-0.392456,0.877930
-0.300903,0.161011,0.960205
0.552490,-0.319946,1.079468
-0.388672,-0.153076,0.795654
0.213135,0.037354,1.076782
0.170166,-0.423828,0.871338
-0.359131,0.120728,0.900146
0.548218,-0.295166,1.079712
-0.348389,-0.204224,0.780518
0.138428,0.082520,1.064819
0.230713,-0.455811,0.876099
-0.404541,0.078369,0.843262
0.541016,-0.295410,1.060547
-0.308838,-0.211792,0.788940
0.060303,0.134521,1.047729
0.273804,-0.453491,0.888794
-0.447998,0.051025,0.814819
0.517578,-0.269409,1.067261
-0.253662,-0.225098,0.812134
-0.017944,0.160156,1.038818
0.315063,-0.447021,0.905884
-0.485107,0.054443,0.794922
0.478516,-0.236938,1.054565
-0.195801,-0.262329,0.816528
-0.079468,0.169678,1.026245
0.356201,-0.438599,0.931763
-0.507568,0.057617,0.783325
0.444336,-0.187012,1.040649
-0.114258,-0.260620,0.846558
-0.142700,0.177734,1.012939
0.381226,-0.430542,0.938843
-0.507935,0.016602,0.764282
0.408569,-0.146851,1.042969
-0.054565,-0.306885,0.831909
-0.205566,0.169678,0.973511
0.404663,-0.422729,0.944946
-0.491699,-0.043335,0.753906
0.362915,-0.088623,1.042480
-0.008667,-0.338745,0.816772
-0.259888,0.173828,0.939697
0.431152,-0.431152,0.947510
-0.488159,-0.085449,0.748657
0.310303,-0.073608,1.017700
0.042480,-0.394287,0.804565
-0.300049,0.143555,0.888916
0.442383,-0.399780,0.951172
-0.483887,-0.102783,0.747803
0.265869,-0.041016,1.012939
0.072388,-0.433350,0.783936
-0.354370,0.146240,0.850708
0.465454,-0.386108,0.963135
-0.471680,-0.114014,0.744263
0.212402,-0.014771,1.010986
0.088013,-0.449097,0.773560
-0.394409,0.125488,0.820801
0.471191,-0.349854,0.975708
-0.449951,-0.131714,0.752563
0.164307,0.019165,1.005615
0.101929,-0.461670,0.777588
-0.437256,0.121094,0.797119
0.474609,-0.315552,0.977173
-0.431396,-0.141235,0.744507
0.108398,0.065796,1.003784
0.130371,-0.453247,0.797119
-0.483887,0.130127,0.787109
0.471313,-0.299438,0.978027
-0.397461,-0.181396,0.740112
0.059570,0.106201,1.004150
0.162842,-0.439331,0.814941
-0.520508,0.120239,0.767944
0.465454,-0.270752,0.983398
-0.352661,-0.165894,0.758179
-0.005371,0.135864,1.001099
0.211792,-0.437134,0.836060
-0.548096,0.123535,0.759277
0.454956,-0.220947,0.991455
-0.284180,-0.200562,0.770264
-0.057373,0.168945,0.998413
0.269287,-0.430298,0.865234
-0.565552,0.126709,0.774170
0.438599,-0.191895,0.993042
-0.200073,-0.231079,0.780640
-0.115356,0.171631,0.960205
0.314087,-0.397583,0.891602
-0.561768,0.101562,0.764404
0.413208,-0.127319,1.022095
-0.127075,-0.296143,0.764404
-0.186401,0.181030,0.922607
0.351074,-0.405151,0.901245
-0.560303,0.075562,0.762695
0.366943,-0.071899,1.020264
-0.077759,-0.348633,0.747437
-0.269653,0.180054,0.888184
0.395996,-0.384399,0.919678
-0.538574,-0.003418,0.739502
0.303101,-0.031250,1.002930
-0.045532,-0.379395,0.723755
-0.350220,0.189819,0.856934
0.424683,-0.348267,0.937012
-0.520386,-0.066162,0.718994
0.219116,0.011353,1.004150
-0.000610,-0.395142,0.749512
-0.433350,0.192993,0.837158
0.441162,-0.292847,0.968018
-0.473145,-0.118774,0.731445
0.129028,0.081299,1.020020
0.066406,-0.383423,0.800049
-0.519775,0.206299,0.821045
0.452881,-0.250732,0.981079
-0.375854,-0.176880,0.751343
0.041626,0.100464,1.002930
0.153320,-0.358398,0.838135
-0.574341,0.202637,0.798096
0.434082,-0.198120,0.986328
-0.260132,-0.272339,0.734131
-0.078979,0.152100,0.974609
0.249756,-0.377686,0.867065
-0.596191,0.154663,0.775024
0.410278,-0.151123,1.008301
-0.173706,-0.317871,0.737671
-0.181396,0.175659,0.949951
0.325562,-0.388428,0.889160
-0.584351,0.086426,0.751465
0.357178,-0.092773,1.015503
-0.125366,-0.372559,0.707764
-0.313232,0.205078,0.905151
0.382812,-0.375122,0.905884
-0.561890,-0.011719,0.712646
0.264893,-0.030884,1.008789
-0.068481,-0.395996,0.735107
-0.434937,0.227173,0.872559
0.416138,-0.313965,0.953979
-0.522949,-0.080811,0.709106
0.141968,0.058960,1.009155
0.031128,-0.390259,0.794922
-0.521729,0.224976,0.860718
0.428711,-0.272461,0.973389
-0.420776,-0.164307,0.730957
0.045776,0.090576,1.013916
0.136475,-0.396973,0.830322
-0.579590,0.192017,0.823120
0.429077,-0.229126,0.990967
-0.302002,-0.270264,0.730713
-0.062134,0.126953,0.987793
0.231323,-0.388550,0.868164
-0.593628,0.118530,0.772705
0.405273,-0.184326,1.007080
-0.222412,-0.303833,0.723267
-0.181274,0.155640,0.956421
0.310547,-0.385498,0.903076
-0.578979,0.050171,0.755493
0.359863,-0.121460,1.022095
-0.183350,-0.340576,0.710938
-0.286987,0.161255,0.912354
0.368408,-0.387085,0.923340
-0.567017,-0.029175,0.729126
0.310669,-0.071167,1.042236
-0.126953,-0.358643,0.742798
-0.378296,0.181885,0.885864
0.393799,-0.352173,0.948608
-0.530884,-0.095825,0.703125
0.239868,-0.027710,1.048828
-0.045044,-0.380371,0.780029
-0.464844,0.216919,0.879028
0.429443,-0.325806,0.986084
-0.497314,-0.133301,0.718628
0.153442,0.017456,1.041870
0.055054,-0.388062,0.822388
-0.515259,0.205688,0.855713
0.452026,-0.299438,1.007202
-0.446777,-0.208130,0.722412
0.086914,0.064575,1.044434
0.137817,-0.397217,0.850952
-0.534302,0.171387,0.846802
0.466919,-0.262207,1.027588
-0.354492,-0.244385,0.744873
0.022339,0.080933,1.042603
0.205933,-0.418091,0.862061
-0.542236,0.120239,0.811523
0.470337,-0.245117,1.038940
-0.280640,-0.253784,0.757446
-0.040039,0.121582,1.028442
0.261963,-0.420044,0.892212
-0.533447,0.074219,0.807861
0.467407,-0.207520,1.056152
-0.224487,-0.286743,0.766968
-0.107666,0.137329,1.017822
0.322876,-0.424927,0.920898
-0.525879,0.036377,0.802124
0.460327,-0.181885,1.089233
-0.196899,-0.279297,0.768921
-0.160889,0.158447,1.007568
0.365723,-0.385986,0.951050
-0.518311,-0.014771,0.790894
0.447632,-0.174316,1.093994
-0.139893,-0.301025,0.792480
-0.208008,0.183838,1.006348
0.403931,-0.351074,0.977173
-0.506592,-0.044556,0.783081
0.421875,-0.130615,1.111572
-0.100464,-0.312256,0.817383
-0.241333,0.187134,0.998169
0.440796,-0.328003,1.029663
-0.487183,-0.065918,0.783569
0.393311,-0.084351,1.127808
-0.043213,-0.335938,0.831665
-0.262085,0.190674,0.992188
0.462280,-0.312622,1.037842
-0.456787,-0.098267,0.780518
0.364380,-0.058838,1.139893
0.012329,-0.357300,0.851318
-0.299805,0.176514,0.974854
0.503052,-0.294800,1.077148
-0.428101,-0.136963,0.780518
0.317505,-0.022949,1.137451
0.075684,-0.372070,0.880371
-0.323364,0.154175,0.945190
0.527222,-0.278076,1.094116
-0.385498,-0.177368,0.784058
0.265015,0.025879,1.138794
0.143433,-0.393433,0.902344
-0.353516,0.154663,0.937622
0.545410,-0.266357,1.104126
-0.341797,-0.212891,0.790527
0.216309,0.069702,1.136597
0.206909,-0.400879,0.933472
-0.381470,0.149536,0.922852
0.567993,-0.251709,1.131104
-0.299683,-0.231689,0.811157
0.162231,0.105957,1.129761
0.254517,-0.405762,0.945068
-0.397217,0.112915,0.917358
0.580688,-0.237061,1.147461
-0.264893,-0.239136,0.825684
0.113892,0.148315,1.126099
0.311157,-0.413574,0.970825
-0.400757,0.101562,0.898315
0.575806,-0.215820,1.150757
-0.221558,-0.241333,0.841187
0.059082,0.168701,1.109741
0.358521,-0.397461,0.990723
-0.418457,0.078003,0.882202
0.562988,-0.188965,1.159668
-0.177979,-0.242798,0.865601
0.016724,0.181274,1.106201
0.395508,-0.386353,1.018188
-0.432495,0.038574,0.868652
0.556396,-0.162842,1.163452
-0.115479,-0.273438,0.883789
-0.044189,0.217163,1.111572
0.426636,-0.375000,1.014771
-0.427979,0.003540,0.859863
0.527100,-0.142700,1.168091
-0.034668,-0.307983,0.906860
-0.089233,0.227051,1.093140
0.456909,-0.351440,1.030151
-0.436157,-0.015747,0.841431
0.494385,-0.130737,1.173462
0.019897,-0.348877,0.911499
-0.125854,0.209106,1.079834
0.485718,-0.340210,1.064209
-0.444336,-0.024170,0.826172
0.452026,-0.089233,1.158081
0.056152,-0.362183,0.908081
-0.163818,0.195068,1.057861
0.505249,-0.310669,1.080322
-0.433105,-0.056152,0.810059
0.404541,-0.048218,1.148804
0.082397,-0.368408,0.913818
-0.215698,0.193604,1.038452
0.521851,-0.299683,1.091675
-0.406372,-0.101807,0.804199
0.342407,-0.009766,1.121704
0.097900,-0.377930,0.913086
-0.273193,0.178101,0.995117
0.547363,-0.291382,1.108521
-0.388672,-0.149292,0.800415
0.293213,0.025391,1.118896
0.150879,-0.386719,0.906372
-0.321655,0.146240,0.953125
0.560425,-0.298218,1.102295
-0.362671,-0.194458,0.794678
0.228394,0.053711,1.097778
0.195312,-0.413818,0.901245
-0.360596,0.123657,0.902832
0.553589,-0.301514,1.092896
-0.341675,-0.202026,0.790161
0.177368,0.068359,1.082031
0.233643,-0.441284,0.901123
-0.386963,0.084717,0.863892
0.550049,-0.289062,1.079590
-0.317993,-0.215454,0.789795
0.105103,0.108032,1.066772
0.269653,-0.456665,0.894775
-0.420776,0.065552,0.838501
0.531372,-0.290894,1.069458
-0.288208,-0.225708,0.791870
0.058472,0.137573,1.065430
0.297852,-0.452393,0.906738
-0.454834,0.067139,0.822876
0.513550,-0.274048,1.069214
-0.253540,-0.250000,0.798340
0.002197,0.150146,1.048706
0.324951,-0.428101,0.926514
-0.481934,0.048828,0.795776
0.490967,-0.246338,1.059204
-0.211792,-0.264648,0.815674
-0.061279,0.178345,1.036743
0.347290,-0.422241,0.934448
-0.499878,0.035034,0.783447
0.458496,-0.217407,1.058594
-0.169434,-0.284790,0.818115
-0.101196,0.168335,1.010132
0.369141,-0.419067,0.940552
-0.510498,0.029785,0.771973
0.431274,-0.180664,1.054688
-0.100220,-0.322510,0.821045
-0.147827,0.162964,0.992432
0.394653,-0.412842,0.946167
-0.523071,0.022339,0.763062
0.390869,-0.149414,1.031738
-0.033203,-0.372192,0.820801
-0.197021,0.140503,0.949463
0.402222,-0.389771,0.942993
-0.512695,-0.020996,0.750000
0.359741,-0.116943,1.026367
0.008179,-0.406372,0.817505
-0.240234,0.130737,0.915161
0.420532,-0.382568,0.949463
-0.508667,-0.045654,0.745239
0.318481,-0.081543,1.022705
0.030884,-0.431396,0.796753
-0.292603,0.134033,0.886963
0.436890,-0.381104,0.958252
-0.500977,-0.069580,0.740723
0.268066,-0.043335,1.010498
0.055664,-0.450928,0.774658
-0.338501,0.119873,0.854248
0.455200,-0.371582,0.959106
-0.483276,-0.105103,0.741455
0.214111,0.001953,1.005127
0.066406,-0.451050,0.767090
-0.383179,0.106445,0.828003
0.467529,-0.354004,0.971680
-0.475342,-0.106812,0.738647
0.166626,0.047852,1.013306
0.092041,-0.451172,0.774902
-0.431763,0.120483,0.808838
0.472412,-0.335083,0.969482
-0.448120,-0.136597,0.744873
0.120972,0.083740,1.016357
0.111572,-0.442139,0.787842
-0.472900,0.132446,0.793823
0.480713,-0.318359,0.977051
-0.418701,-0.162964,0.734619
0.079956,0.116333,1.020874
0.139648,-0.430542,0.803345
-0.518066,0.137451,0.781982
0.474731,-0.296997,0.982788
-0.368042,-0.154541,0.761353
0.031372,0.140137,1.016724
0.180176,-0.424316,0.823608
-0.545044,0.133179,0.772461
0.472168,-0.272339,0.983398
-0.319946,-0.179443,0.762695
-0.018188,0.158203,0.999023
0.225220,-0.415649,0.846558
-0.565063,0.129028,0.764282
0.460693,-0.243896,0.986572
-0.248901,-0.226318,0.775146
-0.067749,0.182007,0.987183
0.258545,-0.393799,0.864868
-0.579468,0.118164,0.762939
0.451538,-0.213013,1.000000
-0.193604,-0.252441,0.777832
-0.112183,0.186279,0.961060
0.302246,-0.360840,0.888428
-0.578369,0.113403,0.760986
0.422485,-0.163818,1.010376
-0.138794,-0.331421,0.751953
-0.159424,0.176147,0.936035
0.335205,-0.348755,0.898193
-0.575073,0.098511,0.761963
0.392456,-0.133057,1.014160
-0.103760,-0.378662,0.743286
-0.223633,0.175903,0.909912
0.365234,-0.341064,0.911133
-0.564087,0.066040,0.748169
0.349731,-0.083984,1.012207
-0.085815,-0.392578,0.722656
-0.281250,0.181885,0.880737
0.388794,-0.331055,0.926147
-0.562988,0.039917,0.733887
0.302856,-0.044556,1.009277
-0.054321,-0.411133,0.725586
-0.341064,0.180542,0.863281
0.406860,-0.324341,0.935547
-0.548340,-0.020996,0.717163
0.250122,-0.013916,1.004028
-0.036133,-0.398071,0.748291
-0.401001,0.199341,0.850220
0.425293,-0.312500,0.949463
-0.522949,-0.048950,0.713745
0.185913,0.025269,1.006226
-0.010010,-0.390259,0.765747
-0.455688,0.216797,0.853760
0.435425,-0.297729,0.958130
-0.509644,-0.083862,0.712646
0.134155,0.071899,1.015991
0.039062,-0.392090,0.796875
-0.508301,0.215698,0.844727
0.438354,-0.277710,0.970825
-0.464478,-0.118164,0.725464
0.086304,0.108765,1.023926
0.089111,-0.391235,0.810913
-0.550659,0.217163,0.833252
0.446899,-0.261841,0.982056
-0.403320,-0.153320,0.741943
0.033081,0.123779,1.012573
0.144531,-0.408325,0.829346
-0.582642,0.201050,0.813110
0.443359,-0.246582,0.982178
-0.348999,-0.195923,0.732666
-0.026001,0.137329,0.991821
0.200439,-0.407715,0.842407
-0.598633,0.169434,0.792358
0.422729,-0.221680,0.989624
-0.290527,-0.258911,0.719604
-0.081665,0.150879,0.990845
0.242432,-0.398071,0.861816
-0.603394,0.124023,0.771118
0.415527,-0.192993,1.005005
-0.249390,-0.286377,0.722900
-0.149536,0.159058,0.964478
0.291382,-0.390625,0.895630
-0.597534,0.092285,0.764893
0.395630,-0.171143,1.016479
-0.218262,-0.328735,0.708496
-0.205688,0.161865,0.955688
0.326050,-0.390503,0.898315
-0.586060,0.049683,0.755249
0.375977,-0.146851,1.028931
-0.187256,-0.329590,0.721069
-0.271362,0.181030,0.934937
0.354980,-0.380127,0.917847
-0.580566,0.017456,0.743164
0.342041,-0.111328,1.038208
-0.157715,-0.347534,0.729126
-0.321777,0.166504,0.908936
0.376831,-0.370605,0.935547
-0.448120,-0.167969,0.735229
0.224976,0.005493,1.088501
0.060059,-0.383667,0.849243
-0.425903,0.167480,0.899658
0.481445,-0.277344,1.060791
-0.412476,-0.208374,0.756592
0.159790,0.045410,1.086914
0.147583,-0.387085,0.893921
-0.454834,0.148071,0.882080
0.505127,-0.249512,1.082275
-0.367798,-0.234009,0.767456
0.109009,0.072266,1.084229
0.222900,-0.404419,0.911499
-0.461304,0.111328,0.863037
0.519775,-0.235107,1.098999
-0.298340,-0.259766,0.794678
0.037842,0.108643,1.072021
0.287720,-0.395630,0.929321
-0.462524,0.074463,0.844360
0.520630,-0.201782,1.111328
-0.198853,-0.291382,0.811768
-0.019287,0.129883,1.070923
0.340088,-0.389404,0.965454
-0.463867,0.039062,0.837524
0.525024,-0.170288,1.139404
-0.131104,-0.304321,0.828491
-0.071899,0.153076,1.058716
0.389648,-0.377930,0.989624
-0.464233,0.002197,0.831177
0.499512,-0.130615,1.151489
-0.085083,-0.314453,0.836182
-0.133057,0.190674,1.063599
0.437134,-0.353516,1.028442
-0.455933,-0.034790,0.828003
0.468872,-0.089111,1.168213
-0.048584,-0.311279,0.864502
-0.193726,0.206421,1.050293
0.485474,-0.326172,1.066528
-0.448242,-0.065430,0.812378
0.426270,-0.042847,1.174438
0.008911,-0.324097,0.882935
-0.234741,0.195068,1.024292
0.526489,-0.302002,1.097168
-0.406494,-0.127197,0.808105
0.368286,-0.002563,1.166870
0.087158,-0.347534,0.902954
-0.281250,0.176758,0.986084
0.557495,-0.279785,1.125000
-0.354248,-0.186646,0.807129
0.290894,0.046021,1.152954
0.175293,-0.397461,0.928467
-0.322144,0.138916,0.947998
0.569946,-0.254639,1.136719
-0.306152,-0.210815,0.823364
0.212769,0.090088,1.142944
0.249390,-0.419067,0.946045
-0.359619,0.108887,0.920898
0.581665,-0.230347,1.154663
-0.260742,-0.230225,0.847900
0.135132,0.132935,1.128540
0.317871,-0.418945,0.974243
-0.405151,0.100708,0.890991
0.575439,-0.199097,1.156494
-0.216309,-0.224854,0.861206
0.060303,0.172852,1.126953
0.374878,-0.414917,1.005615
-0.425415,0.069214,0.870483
0.552612,-0.187134,1.145996
-0.154175,-0.241333,0.869019
-0.006470,0.194214,1.110474
0.415283,-0.395630,1.020508
-0.441162,0.031616,0.857178
0.534668,-0.145264,1.160889
-0.074097,-0.257935,0.890747
-0.071411,0.210083,1.096313
0.460205,-0.375488,1.041992
-0.435181,-0.005249,0.843750
0.489258,-0.100464,1.153076
0.015015,-0.317261,0.902954
-0.131714,0.204224,1.070068
0.487671,-0.347656,1.066528
-0.428589,-0.053467,0.815796
0.430664,-0.054688,1.149170
0.060913,-0.346313,0.902466
-0.191895,0.202637,1.037598
0.516846,-0.327515,1.083862
-0.401367,-0.102295,0.809814
0.359375,-0.009766,1.130127
0.090820,-0.351318,0.898682
-0.261841,0.188843,0.995972
0.540649,-0.299438,1.103394
-0.384033,-0.141357,0.808350
0.278687,0.028931,1.104614
0.151978,-0.391602,0.893555
-0.317505,0.141602,0.937622
0.555542,-0.285156,1.109375
-0.346558,-0.190674,0.797119
0.192749,0.069946,1.087646
0.220947,-0.426758,0.906006
-0.376221,0.084595,0.869629
0.547974,-0.283203,1.090332
-0.301880,-0.214722,0.800903
0.104736,0.103516,1.074463
0.278320,-0.448730,0.908081
-0.427979,0.057495,0.826660
0.526001,-0.256348,1.076416
-0.252930,-0.231079,0.812500
0.022827,0.141357,1.060425
0.333374,-0.455933,0.932617
-0.473389,0.065918,0.803833
0.492065,-0.215332,1.075562
-0.181396,-0.242065,0.832764
-0.053467,0.164429,1.043091
0.382446,-0.432129,0.961304
-0.491089,0.043579,0.803467
0.452026,-0.163940,1.068481
-0.109619,-0.283691,0.835327
-0.128906,0.167358,1.013306
0.416992,-0.409912,0.978149
-0.495728,-0.007690,0.776123
0.406494,-0.115967,1.064819
-0.015503,-0.354370,0.833984
-0.218018,0.151611,0.958984
0.450806,-0.407837,0.979492
-0.476807,-0.088989,0.763428
0.325439,-0.073853,1.046753
0.054077,-0.413696,0.822266
-0.292725,0.128418,0.904297
0.475098,-0.375122,0.999756
-0.444092,-0.137207,0.757935
0.246582,-0.023438,1.034302
0.100708,-0.442261,0.802002
-0.367432,0.123657,0.853882
0.491211,-0.346313,0.997925
-0.420898,-0.180908,0.750244
0.159302,0.030884,1.029297
0.129761,-0.444824,0.808472
-0.437622,0.115356,0.817505
0.505005,-0.317505,1.005249
-0.368286,-0.213501,0.754639
0.058350,0.089111,1.021851
0.204956,-0.466187,0.825562
-0.486084,0.082520,0.773193
0.490356,-0.292114,1.007446
-0.301514,-0.215088,0.776611
-0.025635,0.135986,1.010254
0.269287,-0.474365,0.864258
-0.527344,0.068604,0.747559
0.450928,-0.239502,1.009033
-0.204224,-0.258911,0.783569
-0.099609,0.150269,0.983521
0.321899,-0.444214,0.897583
-0.547852,0.066650,0.761353
0.417603,-0.182983,1.014526
-0.108643,-0.313599,0.785767
-0.177246,0.145752,0.940796
0.367188,-0.414917,0.909912
-0.531250,0.014038,0.756104
0.369507,-0.118164,1.012695
-0.039307,-0.376343,0.781128
-0.265503,0.136963,0.888794
0.405151,-0.390381,0.928589
-0.512817,-0.050781,0.743286
0.296753,-0.061035,0.999023
0.018311,-0.421021,0.759766
-0.347778,0.139648,0.839600
0.435791,-0.360962,0.946899
-0.485229,-0.095215,0.729370
0.213379,0.006958,1.000977
0.061035,-0.442383,0.760010
-0.419800,0.148560,0.815186
0.451294,-0.323853,0.958130
-0.454346,-0.138672,0.734497
0.133911,0.055908,1.007080
0.097168,-0.430664,0.784546
-0.482178,0.149658,0.792236
0.454590,-0.284912,0.969482
-0.386963,-0.171509,0.738037
0.056641,0.111572,1.007935
0.155640,-0.416138,0.818848
-0.533447,0.142944,0.775146
0.452393,-0.244873,0.984253
-0.301147,-0.188965,0.772339
-0.024780,0.145630,0.987549
0.226318,-0.411987,0.847412
-0.565552,0.141357,0.770020
0.444336,-0.214966,0.993896
-0.197388,-0.262939,0.772705
-0.098999,0.170654,0.961304
0.290649,-0.395752,0.886475
-0.570923,0.105347,0.767212
0.421021,-0.161499,1.007690
-0.129761,-0.331421,0.755615
-0.184937,0.177856,0.926514
0.348389,-0.379272,0.899292
-0.563232,0.092529,0.766357
0.370239,-0.104980,1.004761
-0.088745,-0.377930,0.727051
-0.271729,0.181519,0.885498
0.389160,-0.355469,0.917358
-0.543945,0.016846,0.738892
0.306641,-0.036011,0.998535
-0.068115,-0.380493,0.722290
-0.352173,0.187500,0.862305
0.408081,-0.332397,0.936890
-0.522583,-0.046021,0.725830
0.225342,0.022339,1.006348
-0.023193,-0.386841,0.748413
-0.435059,0.201904,0.849609
0.429565,-0.309570,0.952759
-0.483276,-0.103149,0.728882
0.140503,0.071289,1.014038
0.037109,-0.370239,0.791138
-0.508301,0.222290,0.835083
0.441650,-0.283936,0.969849
-0.415894,-0.157471,0.742065
0.071777,0.109253,1.013184
0.110840,-0.374512,0.831543
-0.554810,0.218262,0.815308
0.437744,-0.241333,0.979614
-0.330811,-0.211792,0.743286
-0.000488,0.135986,0.998291
0.190186,-0.376343,0.846069
-0.589111,0.202515,0.796875
0.427124,-0.211304,0.982910
-0.250732,-0.271729,0.741333
-0.088501,0.152710,0.974731
0.262085,-0.380249,0.872314
-0.600830,0.160034,0.777100
0.406982,-0.163940,1.000122
-0.195557,-0.323853,0.723877
-0.168579,0.161255,0.949463
0.310425,-0.396118,0.884033
-0.587891,0.113647,0.764282
0.376953,-0.124634,1.009888
-0.165161,-0.324219,0.718140
-0.261230,0.168457,0.916016
0.358154,-0.383911,0.903442
-0.575684,0.048218,0.735962
0.321655,-0.061523,1.017578
-0.139893,-0.353394,0.710693
-0.347778,0.200806,0.898193
0.392822,-0.376709,0.919800
-0.560059,-0.015503,0.712402
0.258057,-0.021973,1.021484
-0.094116,-0.367676,0.743530
-0.436035,0.223267,0.889038
0.416138,-0.353760,0.955811
-0.535522,-0.091797,0.697266
0.173706,0.026978,1.020264
-0.016479,-0.369141,0.783936
-0.500977,0.234375,0.870605
0.424072,-0.322266,0.973022
-0.497437,-0.156860,0.700562
0.104980,0.057495,1.017456
0.057861,-0.381836,0.811401
-0.537476,0.212524,0.846558
0.443848,-0.289062,0.988037
-0.413330,-0.218750,0.721069
0.033203,0.088745,1.016235
0.138916,-0.406738,0.840210
-0.563477,0.159302,0.814087
0.443848,-0.258911,1.000000
-0.330322,-0.246338,0.739502
-0.029907,0.107788,1.003174
0.207397,-0.414185,0.856567
-0.572510,0.119751,0.788330
0.435181,-0.218628,1.020020
-0.268066,-0.291382,0.729614
-0.109619,0.128540,0.987793
0.264771,-0.417358,0.874512
-0.569092,0.068604,0.771484
0.417358,-0.175659,1.035034
-0.229370,-0.295776,0.727173
-0.196655,0.153687,0.975708
0.325684,-0.408081,0.905273
-0.556641,0.005493,0.756470
0.383545,-0.132812,1.057739
-0.192993,-0.303101,0.750000
-0.270630,0.181763,0.957764
0.370483,-0.391357,0.941040
-0.537231,-0.057861,0.744263
0.349243,-0.088135,1.072510
-0.134766,-0.313599,0.764648
-0.328857,0.190430,0.935059
0.411743,-0.356812,0.974609
-0.507324,-0.120483,0.725464
0.296387,-0.039307,1.086914
-0.067017,-0.354736,0.780518
-0.381836,0.192871,0.914673
0.444336,-0.343262,0.999634
-0.473633,-0.172363,0.716797
0.232544,-0.000977,1.082153
0.018311,-0.371460,0.822876
-0.429932,0.188354,0.903320
0.477539,-0.298828,1.039429
-0.433960,-0.213135,0.734253
0.157349,0.046753,1.082397
0.118530,-0.396851,0.864868
-0.462646,0.156860,0.877197
0.503906,-0.262695,1.072754
-0.388672,-0.236572,0.761108
0.087280,0.080688,1.072632
0.194336,-0.405396,0.889160
-0.471069,0.108643,0.853638
0.510010,-0.238770,1.081909
-0.295288,-0.247925,0.792603
0.021729,0.090942,1.070923
0.263916,-0.407715,0.907959
-0.478882,0.078125,0.831665
0.516479,-0.207275,1.099121
-0.212646,-0.290894,0.797485
-0.039673,0.115967,1.052612
0.332397,-0.404419,0.945679
-0.480957,0.024292,0.823975
0.500977,-0.168945,1.115356
-0.155762,-0.281250,0.813843
-0.104736,0.150635,1.043579
0.389648,-0.367798,0.987793
-0.475220,-0.015991,0.811279
0.476318,-0.119751,1.140747
-0.099854,-0.288940,0.831177
-0.185059,0.190430,1.039551
0.443359,-0.350220,1.024414
-0.454102,-0.076416,0.803955
0.429932,-0.075806,1.155029
-0.051392,-0.298218,0.844116
-0.239258,0.211914,1.018677
0.489380,-0.325195,1.068115
-0.431885,-0.117798,0.803223
0.376587,-0.030273,1.154907
0.023804,-0.347046,0.864868
-0.288208,0.198242,0.985840
0.529541,-0.310181,1.089844
-0.385254,-0.187988,0.796753
0.305054,0.016602,1.151001
0.109619,-0.362915,0.898193
-0.332397,0.172607,0.951904
0.555054,-0.280518,1.108032
-0.330566,-0.227295,0.813110
0.228638,0.062866,1.142578
0.202881,-0.407593,0.924194
-0.379150,0.151855,0.924805
0.567017,-0.240967,1.137085
-0.281006,-0.249512,0.826050
0.151367,0.095093,1.135010
0.280762,-0.420044,0.958374
-0.404053,0.126099,0.899780
0.571045,-0.206055,1.146118
-0.235718,-0.254761,0.846558
0.086304,0.133301,1.122192
0.345581,-0.414185,0.986084
-0.425415,0.086548,0.883057
0.562988,-0.163818,1.165405
-0.171021,-0.254395,0.864868
0.011108,0.158447,1.112183
0.404785,-0.408325,1.013794
-0.431396,0.050415,0.863281
0.545044,-0.132812,1.167236
-0.087158,-0.268433,0.893921
-0.058105,0.197876,1.103638
0.448242,-0.384888,1.043457
-0.438232,-0.002808,0.847412
0.507812,-0.094971,1.182983
-0.000732,-0.312256,0.896851
-0.119507,0.218506,1.092529
0.484375,-0.373413,1.058350
-0.430420,-0.035522,0.845825
0.461914,-0.056763,1.172119
0.025757,-0.307373,0.902222
-0.177734,0.216675,1.070312
0.520508,-0.334595,1.094971
-0.418579,-0.077026,0.827271
0.407959,-0.009644,1.163330
0.064819,-0.338745,0.907471
-0.241211,0.215576,1.035156
0.554932,-0.308472,1.116577
-0.378174,-0.156738,0.802490
0.329468,0.016113,1.143311
0.134521,-0.367920,0.921875
-0.294556,0.201294,0.992310
0.571045,-0.289917,1.125610
-0.342285,-0.199951,0.814697
0.253784,0.057983,1.137817
0.208252,-0.410522,0.921875
-0.339966,0.156128,0.934570
0.582397,-0.266602,1.119019
-0.304077,-0.203613,0.824829
0.176880,0.101196,1.116333
0.273315,-0.448486,0.935303
-0.382568,0.103027,0.883789
0.564209,-0.250000,1.118896
-0.260010,-0.211304,0.833618
0.109131,0.119873,1.107178
0.324463,-0.452881,0.954468
-0.425171,0.078979,0.850098
0.540894,-0.223145,1.109009
-0.225098,-0.212158,0.838867
0.038940,0.145752,1.093994
0.371704,-0.453491,0.969604
-0.460938,0.080322,0.836792
0.515381,-0.186035,1.110718
-0.185181,-0.233154,0.834229
-0.015991,0.176392,1.078247
0.402954,-0.436279,0.994141
-0.474609,0.045288,0.816895
0.483765,-0.154297,1.102295
-0.126343,-0.266113,0.849731
-0.089722,0.189209,1.063721
0.441406,-0.430420,1.007690
-0.476318,0.016357,0.810669
0.450439,-0.130859,1.095459
-0.056519,-0.302490,0.853149
-0.137939,0.187378,1.025269
0.469360,-0.409912,1.007446
-0.468750,-0.025757,0.791870
0.412109,-0.093628,1.081299
0.010376,-0.355713,0.843628
-0.203857,0.175049,0.992920
0.490112,-0.399902,1.015503
-0.462280,-0.073730,0.777954
0.348511,-0.070312,1.076294
0.053833,-0.393311,0.847656
-0.258667,0.136841,0.947266
0.498657,-0.379639,1.020142
-0.439453,-0.123413,0.773193
0.295410,-0.029053,1.065918
0.088989,-0.413696,0.831177
-0.316162,0.130737,0.906738
0.501587,-0.359009,1.015747
-0.425537,-0.153564,0.770264
0.238525,0.001465,1.057617
0.104858,-0.426270,0.824463
-0.366943,0.123535,0.863159
0.501831,-0.351685,1.015625
-0.406616,-0.180176,0.756958
0.174805,0.035156,1.044189
0.137939,-0.441528,0.827759
-0.412720,0.119507,0.837769
0.514038,-0.326538,1.025757
-0.390625,-0.197144,0.750732
0.118408,0.061401,1.030762
0.064819,0.081543,1.021240
0.226929,-0.473633,0.842651
-0.479980,0.074951,0.769531
0.481689,-0.290894,1.011597
-0.311768,-0.209229,0.781128
0.010010,0.109985,1.013550
0.261230,-0.478271,0.851318
-0.507202,0.068970,0.754761
0.466553,-0.267334,1.008179
-0.279541,-0.231812,0.780762
-0.046875,0.131470,1.004761
0.294189,-0.486206,0.872192
-0.531128,0.074707,0.752563
0.449341,-0.244507,1.004761
-0.239746,-0.217529,0.792603
-0.079956,0.139648,0.989868
0.318481,-0.458496,0.885376
-0.546997,0.078491,0.761597
0.430420,-0.193848,1.013794
-0.186768,-0.234741,0.802734
-0.111572,0.148804,0.979370
0.329712,-0.456909,0.891602
-0.552490,0.072144,0.768921
0.428345,-0.173096,1.021851
-0.148682,-0.280640,0.792725
-0.148071,0.169800,0.971802
0.351196,-0.435913,0.911133
-0.552856,0.058594,0.767334
0.411499,-0.153564,1.008423
-0.117310,-0.313232,0.780884
-0.175659,0.176514,0.948853
0.362549,-0.412231,0.907959
-0.546021,0.062744,0.767334
0.402588,-0.146118,1.008179
-0.093262,-0.336914,0.780518
-0.211182,0.171875,0.931274
0.384766,-0.412720,0.913696
-0.548340,0.042969,0.764648
0.380249,-0.116089,1.020508
-0.074585,-0.345093,0.776733
-0.237915,0.175415,0.899170
0.392578,-0.405518,0.911255
-0.550049,0.033447,0.746338
0.360229,-0.089600,1.011108
-0.050781,-0.375610,0.762207
-0.252075,0.189941,0.907837
0.397339,-0.389404,0.913696
-0.550293,0.023071,0.750244
0.346924,-0.090332,0.998779
-0.048096,-0.388306,0.752197
-0.267090,0.194458,0.895874
0.407715,-0.356934,0.924927
-0.554321,0.010620,0.738403
0.332275,-0.086304,1.002441
-0.044434,-0.395874,0.747070
-0.284912,0.189941,0.882202
0.423218,-0.352783,0.936035
-0.558594,0.013794,0.734009
0.318237,-0.064941,0.997681
-0.034546,-0.404541,0.734985
-0.304810,0.203003,0.880737
0.417847,-0.353271,0.930908
-0.548096,0.004761,0.738647
0.306396,-0.065308,0.991089
-0.040283,-0.401001,0.730103
-0.325073,0.198364,0.876099
0.415771,-0.344360,0.927490
-0.538574,0.000000,0.741821
0.300659,-0.048706,0.993896
-0.041504,-0.410400,0.726929
-0.343384,0.197754,0.856812
0.417969,-0.347656,0.927612
-0.534302,-0.012085,0.732178
0.281250,-0.024780,1.006958
-0.041992,-0.395020,0.737671
-0.354736,0.204590,0.866333
0.429443,-0.349365,0.930664
-0.544312,-0.020264,0.732788
0.266846,-0.021729,1.005127
-0.047974,-0.402588,0.727905
-0.360840,0.198486,0.860596
0.415649,-0.331665,0.928833
-0.544678,-0.015259,0.723755
0.260498,-0.033813,0.990112
-0.041138,-0.401978,0.733765
-0.378784,0.197144,0.861450
0.421021,-0.338501,0.935547
-0.542480,-0.024658,0.719604
0.258545,-0.017212,1.003052
-0.044434,-0.390991,0.739868
-0.384521,0.206543,0.855835
0.420044,-0.338745,0.937622
-0.540894,-0.058228,0.706177
0.242188,-0.006348,1.006958
-0.049683,-0.391113,0.736084
-0.403198,0.211182,0.857666
0.418457,-0.338013,0.936035
-0.539307,-0.062256,0.713013
0.226074,0.000366,1.004028
-0.058716,-0.374268,0.747681
-0.405029,0.216309,0.877563
0.416626,-0.343506,0.938232
-0.553467,-0.069092,0.702148
0.222290,-0.009888,1.002563
-0.061890,-0.372070,0.740601
-0.408569,0.218506,0.873901
0.419067,-0.355835,0.929932
-0.557617,-0.083374,0.687134
0.219482,-0.019409,1.003906
-0.069092,-0.396118,0.746094
-0.426514,0.229370,0.877197
0.422363,-0.344727,0.933350
-0.542358,-0.068115,0.705566
0.221924,-0.024170,1.000488
-0.074951,-0.394409,0.738281
-0.429443,0.227661,0.874146
0.424683,-0.352539,0.934814
-0.540527,-0.068237,0.703613
0.223267,-0.009644,1.023804
-0.075073,-0.403931,0.735840
-0.432007,0.217529,0.873413
0.421265,-0.348633,0.937744
-0.539307,-0.063477,0.703491
0.222412,-0.005615,1.029053
-0.073730,-0.408813,0.739624
-0.438965,0.214966,0.875854
0.419312,-0.355347,0.943359
-0.542114,-0.063354,0.711914
0.214600,0.001221,1.030884
-0.060547,-0.404053,0.745850
-0.444580,0.214478,0.876953
0.419312,-0.364624,0.948486
-0.543823,-0.073242,0.712891
0.208252,-0.008179,1.023193
-0.055054,-0.388916,0.757935
-0.447144,0.220703,0.885986
0.420654,-0.357178,0.949341
-0.538696,-0.089844,0.707764
0.211914,-0.023193,1.028564
-0.054688,-0.380737,0.772339
-0.459595,0.217896,0.885254
0.430054,-0.348755,0.964600
-0.519287,-0.084717,0.721558
0.202393,0.001221,1.036011
-0.038086,-0.388306,0.773926
-0.455566,0.207153,0.880981
0.424438,-0.351685,0.960205
-0.518188,-0.107666,0.714722
0.196533,0.010620,1.038940
-0.017944,-0.379761,0.782349
-0.462891,0.219238,0.887573
0.435547,-0.346802,0.980225
-0.518921,-0.145142,0.702515
0.193237,0.003174,1.040649
-0.010864,-0.371582,0.797607
-0.462891,0.204590,0.889404
0.448975,-0.333130,0.996216
-0.492554,-0.142212,0.720703
0.188721,-0.001099,1.056519
0.003784,-0.375122,0.807983
-0.467651,0.201782,0.880127
0.451538,-0.322388,1.013306
-0.487305,-0.130981,0.742432
0.183838,-0.001587,1.054199
0.020874,-0.395508,0.814941
-0.462036,0.179321,0.881226
0.457520,-0.311401,1.015747
-0.465332,-0.161987,0.739380
0.183228,0.012329,1.063843
0.046753,-0.394409,0.825562
-0.462158,0.174316,0.880371
0.465698,-0.322266,1.014404
-0.456543,-0.171265,0.740479
0.181763,0.011719,1.068604
0.072632,-0.380859,0.838989
-0.465454,0.172119,0.886597
0.481323,-0.306152,1.035156
-0.445557,-0.187988,0.741821
0.173828,0.028320,1.080933
0.100586,-0.392700,0.849365
-0.457642,0.175171,0.886108
0.493286,-0.297974,1.049683
-0.427612,-0.171997,0.757568
0.173462,0.041016,1.079712
0.118774,-0.394775,0.864624
-0.443726,0.155762,0.881226
0.503296,-0.289307,1.065308
-0.414185,-0.189697,0.763062
0.166626,0.041626,1.088867
0.136841,-0.398315,0.882324
-0.444092,0.144531,0.883301
0.505615,-0.265259,1.079712
-0.387451,-0.214355,0.763672
0.160889,0.061768,1.098999
0.158691,-0.405273,0.885742
-0.437988,0.153809,0.898315
0.530029,-0.278442,1.087036
-0.372070,-0.208252,0.777466
0.158691,0.062622,1.101074
0.174561,-0.400635,0.897217
-0.423950,0.144043,0.896729
0.546265,-0.279541,1.095093
-0.365845,-0.218994,0.778076
0.161743,0.084229,1.109253
0.191650,-0.417358,0.895508
-0.415527,0.143555,0.905029
0.554565,-0.279541,1.102783
-0.358521,-0.213135,0.790039
0.167725,0.078979,1.114380
0.214722,-0.426636,0.909912
-0.415527,0.140625,0.901001
0.551025,-0.260498,1.111450
-0.339722,-0.229980,0.786621
0.171265,0.094116,1.128540
0.222290,-0.418701,0.918091
-0.409058,0.143555,0.914429
0.561157,-0.262817,1.114136
-0.334229,-0.215820,0.805908
0.171143,0.084351,1.120850
0.238647,-0.415283,0.927246
-0.400879,0.154419,0.926514
0.562622,-0.195801,1.147339
-0.324219,-0.213135,0.816772
0.036255,0.168945,1.106689
0.380371,-0.409546,0.999512
-0.424072,0.078247,0.875488
0.567627,-0.193481,1.150391
-0.196045,-0.231445,0.868652
0.036621,0.181152,1.113159
0.386353,-0.425293,1.001709
-0.420776,0.073975,0.872437
0.558350,-0.201416,1.136475
-0.197754,-0.208252,0.869995
0.039429,0.187256,1.109375
0.384399,-0.430420,0.997314
-0.425659,0.086792,0.871704
0.559082,-0.206909,1.141113
-0.203003,-0.220825,0.865723
0.027588,0.171021,1.093750
0.382080,-0.430176,0.989990
-0.424561,0.069214,0.863281
0.551392,-0.206177,1.130981
-0.204956,-0.208252,0.858765
0.025635,0.175659,1.103516
0.377563,-0.429077,0.983765
-0.429688,0.067017,0.854614
0.543701,-0.205200,1.128662
-0.221313,-0.201172,0.854736
0.027710,0.177979,1.101196
0.371704,-0.438477,0.977661
-0.438354,0.060181,0.854004
0.539917,-0.208496,1.121460
-0.227783,-0.205811,0.840210
0.016479,0.171265,1.077759
0.372437,-0.466675,0.966309
-0.444458,0.062500,0.847656
0.529907,-0.210938,1.105713
-0.234253,-0.197144,0.826538
0.026245,0.163696,1.072876
0.364502,-0.462524,0.951904
-0.444336,0.055786,0.836182
0.525513,-0.228271,1.097656
-0.247437,-0.223267,0.818481
0.025024,0.154053,1.075317
0.362061,-0.473511,0.948975
-0.458374,0.071167,0.825806
0.520020,-0.235962,1.086304
-0.265503,-0.216064,0.813354
0.022949,0.145874,1.061401
0.355103,-0.489868,0.934937
-0.455811,0.060303,0.821045
0.512085,-0.243530,1.071411
-0.273560,-0.199463,0.798462
0.027588,0.124756,1.045166
0.333984,-0.487305,0.913818
-0.450928,0.052002,0.809692
0.506592,-0.245850,1.062744
-0.293579,-0.195190,0.791016
0.029541,0.118896,1.034912
0.321899,-0.501465,0.901367
-0.461914,0.062866,0.803955
0.499878,-0.281738,1.040039
-0.305298,-0.211670,0.784790
0.038574,0.105591,1.035522
0.303345,-0.499023,0.882446
-0.462524,0.066528,0.810181
0.507568,-0.297974,1.036499
-0.320190,-0.203979,0.772339
0.042725,0.096191,1.023193
0.287476,-0.501831,0.879639
-0.459595,0.068848,0.799194
0.495850,-0.293457,1.030640
-0.332764,-0.209595,0.766357
0.046021,0.095703,1.030029
0.266113,-0.490601,0.864258
-0.461548,0.087158,0.803711
0.506226,-0.310425,1.023438
-0.354248,-0.224243,0.751587
0.051147,0.086548,1.016113
0.241821,-0.486206,0.847412
-0.460449,0.093994,0.803223
0.501465,-0.305664,1.009888
-0.375000,-0.217407,0.734619
0.055664,0.086670,1.014526
0.228760,-0.482788,0.848145
-0.464600,0.090210,0.788818
0.490356,-0.303589,1.005249
-0.381470,-0.200195,0.747314
0.062256,0.085205,1.011841
0.215820,-0.492798,0.831177
-0.465942,0.102783,0.793701
0.481812,-0.307495,0.994263
-0.387695,-0.165283,0.747681
0.062378,0.065430,0.999390
0.198120,-0.482422,0.824341
-0.468384,0.122437,0.793091
0.487061,-0.301392,0.999634
-0.402344,-0.177246,0.738770
0.069580,0.070557,0.997192
0.175903,-0.482300,0.818237
-0.465942,0.111084,0.793823
0.477905,-0.284424,0.994873
-0.413330,-0.160767,0.738892
0.072754,0.067871,0.998291
0.164673,-0.486206,0.806519
-0.459595,0.126343,0.797974
0.481567,-0.293823,0.985962
-0.421875,-0.151611,0.738159
0.081543,0.065552,1.000610
0.150635,-0.497070,0.788330
-0.463745,0.121094,0.791870
0.478638,-0.291382,0.991699
-0.439575,-0.107910,0.737793
0.095459,0.072998,1.000488
0.133911,-0.487793,0.785522
-0.462646,0.135254,0.806396
0.481079,-0.294922,0.989258
-0.456177,-0.097778,0.740356
0.115845,0.059204,1.006714
0.120728,-0.477905,0.783691
-0.456055,0.143677,0.799438
0.477051,-0.311035,0.969482
-0.466675,-0.100464,0.734131
0.132080,0.056641,1.001953
0.104492,-0.479614,0.771118
-0.456299,0.158325,0.808960
0.470825,-0.313599,0.963379
-0.476807,-0.066284,0.743164
0.157959,0.035645,1.007690
0.090942,-0.476318,0.770508
-0.444092,0.166138,0.819580
0.463867,-0.303101,0.966675
-0.495850,-0.073730,0.729248
0.179199,0.035034,1.013672
0.078003,-0.455200,0.778320
-0.436890,0.181519,0.817993
0.454590,-0.296997,0.966064
-0.504761,-0.080078,0.725464
0.201294,0.017944,1.018433
0.061157,-0.438965,0.777832
-0.426270,0.185181,0.822754
0.439697,-0.298706,0.955933
-0.502441,-0.058960,0.731812
0.215332,0.007690,1.016357
0.044800,-0.452026,0.754517
-0.415649,0.203491,0.839233
0.437378,-0.317383,0.940552
-0.513550,-0.050293,0.731201
0.230225,-0.005859,1.010620
0.027100,-0.439941,0.750854
-0.404663,0.196289,0.836304
0.430542,-0.321045,0.930420
-0.526978,-0.043823,0.716431
0.238403,-0.001831,1.009766
0.018555,-0.433594,0.752930
-0.394043,0.203857,0.843262
0.421753,-0.318848,0.931274
-0.535889,-0.035034,0.712402
0.261597,-0.029419,1.009644
-0.001221,-0.414551,0.754761
-0.375977,0.216797,0.849731
0.420288,-0.322998,0.935425
-0.545410,-0.034668,0.704590
0.272217,-0.027466,1.008789
-0.014160,-0.420410,0.735229
-0.359131,0.212524,0.866577
0.412720,-0.328857,0.926147
-0.548828,-0.010132,0.711426
0.290161,-0.040405,1.000610
-0.037109,-0.411011,0.744019
-0.343262,0.208252,0.870361
0.411499,-0.338501,0.917725
-0.566040,0.026123,0.718750
0.302368,-0.052612,1.005127
-0.055786,-0.404663,0.721924
-0.328369,0.213257,0.886719
0.395020,-0.351196,0.917847
-0.572754,0.054565,0.727539
0.326660,-0.068726,1.008911
-0.085449,-0.386719,0.731689
-0.307617,0.199341,0.878418
0.377319,-0.351074,0.906738
-0.574951,0.046875,0.729614
0.347534,-0.093018,1.016357
-0.119141,-0.365234,0.727417
-0.285278,0.201782,0.893188
0.375610,-0.374268,0.900146
-0.588745,0.067383,0.744629
0.372314,-0.127441,1.013184
-0.143188,-0.350220,0.723267
-0.258179,0.196045,0.903320
0.367310,-0.376099,0.902344
-0.601318,0.082520,0.745728
0.383179,-0.137451,1.021362
-0.162720,-0.325195,0.734375
-0.231812,0.180786,0.917480
0.353516,-0.392334,0.897705
-0.608154,0.130249,0.760620
0.395996,-0.156982,1.005737
-0.196899,-0.299561,0.733765
-0.189575,0.173096,0.938965
0.327271,-0.400513,0.890991
-0.610962,0.138916,0.771606
0.409668,-0.175659,1.009033
-0.234497,-0.291992,0.713379
-0.164429,0.166138,0.952881
0.307617,-0.425781,0.879517
-0.619019,0.159058,0.781494
0.412109,-0.190552,0.995361
-0.266479,-0.269287,0.716187
-0.114380,0.154541,0.975220
0.278320,-0.441406,0.865601
-0.618286,0.184204,0.788452
0.417358,-0.202759,0.988647
-0.285278,-0.270386,0.717896
-0.080933,0.138916,0.992310
0.248779,-0.446167,0.856812
-0.618652,0.187622,0.787720
0.433716,-0.234619,0.989258
-0.306396,-0.248169,0.730835
-0.035400,0.127075,1.002319
0.207275,-0.430298,0.854736
-0.605957,0.197876,0.800171
0.445068,-0.276611,0.976562
-0.345581,-0.219238,0.734619
0.001343,0.118286,1.009644
0.172852,-0.427246,0.840576
-0.581055,0.193115,0.817993
0.447876,-0.287964,0.982422
-0.389893,-0.206421,0.728760
0.041748,0.106934,1.034302
0.137085,-0.425537,0.827393
-0.565063,0.203369,0.831665
0.452026,-0.303589,0.981445
-0.445068,-0.181763,0.720581
0.073242,0.085938,1.039917
0.100952,-0.426514,0.813354
-0.546997,0.194580,0.833008
0.453979,-0.323730,0.991089
-0.485352,-0.156860,0.714722
0.115356,0.065918,1.034546
0.064697,-0.415283,0.807251
-0.509033,0.213867,0.872437
0.457764,-0.349121,0.983765
-0.522095,-0.138306,0.710571
0.160522,0.018677,1.036987
0.023560,-0.401978,0.808105
-0.473267,0.215698,0.881958
0.449585,-0.351318,0.988525
-0.522339,-0.114136,0.709961
0.224731,-0.015869,1.054688
-0.028687,-0.385376,0.793823
-0.425537,0.180786,0.892822
0.438232,-0.360474,0.980347
-0.524414,-0.088623,0.708618
0.268799,-0.025146,1.072388
-0.065430,-0.354858,0.797607
-0.382812,0.190186,0.917969
0.429443,-0.369751,0.970093
-0.533447,-0.079834,0.719604
0.312500,-0.059814,1.075073
-0.086182,-0.336670,0.794189
-0.344116,0.173462,0.923218
0.420532,-0.374023,0.971680
-0.527100,-0.062744,0.732544
0.337769,-0.060059,1.089355
-0.099487,-0.313354,0.802368
-0.321167,0.179932,0.942627
0.419312,-0.382202,0.975098
-0.529907,-0.051636,0.739380
0.361450,-0.075562,1.102295
-0.105469,-0.308350,0.806519
-0.304321,0.196777,0.966309
0.433960,-0.375854,0.989380
-0.519043,-0.060913,0.750854
0.369629,-0.085205,1.106079
-0.098755,-0.321655,0.807861
-0.297974,0.211182,0.973389
0.453735,-0.377808,0.998169
-0.512695,-0.047119,0.762451
0.377686,-0.064697,1.125000
-0.076294,-0.305176,0.812012
-0.286621,0.194214,0.976196
0.453857,-0.359619,1.013184
-0.497559,-0.085571,0.756104
0.373291,-0.048950,1.131958
-0.053955,-0.317017,0.827515
-0.298340,0.205322,0.981689
0.478149,-0.364624,1.027100
-0.482056,-0.102783,0.762573
0.352173,-0.030762,1.127686
-0.019653,-0.312256,0.845581
-0.298828,0.205322,0.992188
0.495117,-0.348267,1.054688
-0.454712,-0.151245,0.756226
0.321533,-0.008667,1.135864
0.032104,-0.346680,0.864380
-0.335938,0.187744,0.959595
0.526489,-0.340820,1.065796
-0.411499,-0.188354,0.768921
0.264771,0.014160,1.125732
0.109009,-0.354126,0.883667
-0.356934,0.176636,0.946289
0.546265,-0.289185,1.096802
-0.372803,-0.218140,0.788940
0.187988,0.054932,1.115601
0.197754,-0.389282,0.914307
-0.394531,0.140503,0.914307
0.558350,-0.247925,1.122803
-0.301270,-0.256958,0.814331
0.105469,0.081055,1.094360
0.280518,-0.404663,0.943726
-0.412109,0.094116,0.872681
0.550781,-0.180420,1.144775
-0.230713,-0.264282,0.837402
0.031006,0.129517,1.088379
0.349976,-0.390747,0.973755
-0.433960,0.052246,0.859497
0.546265,-0.157715,1.160156
-0.105591,-0.310547,0.864746
-0.061646,0.149902,1.072998
0.401855,-0.375488,1.007812
-0.429565,-0.016235,0.845215
0.502197,-0.095337,1.172485
-0.042114,-0.317993,0.859985
-0.141235,0.189697,1.064819
0.476807,-0.341919,1.058472
-0.436890,-0.055542,0.828369
0.435669,-0.039429,1.187256
0.021484,-0.310059,0.896362
-0.240967,0.227905,1.046631
0.543457,-0.319336,1.106445
-0.388062,-0.137695,0.813599
0.348145,0.012451,1.171387
0.113525,-0.359741,0.906128
-0.307373,0.182861,0.976807
0.574951,-0.277344,1.128052
-0.307861,-0.207642,0.834839
0.231567,0.095459,1.160522
0.238037,-0.421875,0.928955
-0.363525,0.120361,0.912842
0.582031,-0.249878,1.142822
-0.240356,-0.222046,0.856567
0.123047,0.122192,1.133667
0.340454,-0.410034,0.994507
-0.420654,0.081421,0.870117
0.563232,-0.166016,1.153564
-0.166260,-0.236572,0.880859
0.018921,0.176880,1.118042
0.411377,-0.385986,1.026001
-0.432983,0.021118,0.857666
0.524902,-0.112549,1.165283
-0.046753,-0.287109,0.896240
-0.086670,0.203369,1.081421
0.481812,-0.360352,1.067017
-0.414551,-0.032837,0.842529
0.447754,-0.045044,1.167725
0.035645,-0.343750,0.900391
-0.180054,0.186890,1.057495
0.534912,-0.319458,1.100586
-0.394653,-0.102051,0.818726
0.348999,0.042236,1.171387
0.104126,-0.348755,0.911011
-0.277466,0.185425,1.011108
0.579102,-0.302979,1.121216
-0.327393,-0.196045,0.823853
0.225464,0.070312,1.120483
0.226562,-0.393066,0.933228
-0.357666,0.118530,0.898804
0.582275,-0.262695,1.118408
-0.242676,-0.236206,0.844238
0.094727,0.136841,1.104614
0.351196,-0.406982,0.984131
-0.429565,0.091919,0.853149
0.525513,-0.162598,1.123901
-0.141602,-0.264526,0.860229
-0.022339,0.164429,1.087891
0.434204,-0.389526,1.037720
-0.451416,0.012573,0.822998
0.465332,-0.086060,1.133423
-0.003296,-0.333496,0.874756
-0.152954,0.192139,1.046875
0.506226,-0.364624,1.057617
-0.420898,-0.059814,0.817139
0.361572,-0.020752,1.116699
0.090576,-0.379761,0.882202
-0.273560,0.162354,0.983765
0.551392,-0.317261,1.101562
-0.357910,-0.168823,0.805908
0.231812,0.064331,1.107422
0.183472,-0.405029,0.889160
-0.371338,0.112793,0.888794
0.547974,-0.291504,1.084961
-0.281128,-0.241211,0.802734
0.094971,0.138550,1.094116
0.308350,-0.439575,0.929932
-0.455322,0.097290,0.831665
0.509644,-0.247803,1.076294
-0.196167,-0.263306,0.827881
-0.012817,0.139648,1.063599
0.389771,-0.424194,0.979004
-0.484497,0.060669,0.804199
0.456055,-0.150513,1.081177
-0.105225,-0.283081,0.842651
-0.108765,0.144165,1.035400
0.441895,-0.410034,1.014771
-0.465698,-0.020874,0.788940
0.391968,-0.079468,1.087280
0.018433,-0.363037,0.848999
-0.218140,0.157104,0.972290
0.488770,-0.391968,1.028320
-0.443115,-0.101807,0.779053
0.318970,-0.027954,1.073364
0.081909,-0.402710,0.833130
-0.305786,0.143066,0.919312
0.510620,-0.373535,1.021851
-0.407715,-0.167358,0.778442
0.233887,0.014771,1.064819
0.112061,-0.398804,0.831055
-0.376343,0.142700,0.880615
0.513306,-0.360718,1.016113
-0.390137,-0.182495,0.771118
0.158813,0.037964,1.042480
0.166382,-0.424072,0.854126
-0.422852,0.112793,0.838501
0.513062,-0.324219,1.026978
-0.369141,-0.234741,0.750977
0.092651,0.073853,1.039307
0.225220,-0.450684,0.855469
-0.460449,0.094971,0.803223
0.499268,-0.317017,1.018677
-0.321533,-0.255737,0.764648
0.025635,0.107788,1.027832
0.269653,-0.474854,0.869385
-0.491821,0.075806,0.773926
0.491089,-0.286865,1.018188
-0.285645,-0.231201,0.781494
-0.029175,0.122559,1.016602
0.298340,-0.480347,0.869385
-0.500366,0.061401,0.764526
0.470459,-0.242432,1.019043
-0.244751,-0.193359,0.807983
-0.067993,0.133057,0.999146
0.310791,-0.480835,0.882324
-0.515015,0.046875,0.758423
0.445679,-0.200317,1.026489
-0.208496,-0.219360,0.804077
-0.106934,0.150879,0.985718
0.336182,-0.476929,0.890869
-0.526367,0.033569,0.761353
0.434570,-0.183716,1.029785
-0.177734,-0.214355,0.811157
-0.133911,0.157593,0.976074
0.351562,-0.467041,0.902222
-0.535767,0.033813,0.759155
0.416748,-0.164917,1.024780
-0.137817,-0.253418,0.814697
-0.168701,0.157715,0.957031
0.371094,-0.445679,0.907715
-0.535889,0.025391,0.764648
0.407471,-0.161255,1.023560
-0.100464,-0.289429,0.801514
-0.205078,0.179565,0.943726
0.388550,-0.435303,0.917236
-0.522095,-0.000366,0.761963
0.380249,-0.139404,1.004883
-0.067749,-0.338501,0.790405
-0.236450,0.182617,0.925537
0.415405,-0.419189,0.934326
-0.534790,-0.021240,0.756226
0.349487,-0.101318,1.009155
-0.034424,-0.377197,0.780396
-0.277710,0.177734,0.894287
0.421387,-0.400513,0.927124
-0.526978,-0.038818,0.748535
0.305420,-0.081665,0.999878
0.001709,-0.410522,0.765015
-0.308472,0.160767,0.867554
0.427612,-0.374268,0.937134
-0.502197,-0.055054,0.751953
0.260254,-0.042847,1.001953
0.018921,-0.422485,0.755615
-0.351562,0.153564,0.842285
0.447021,-0.356689,0.946655
-0.501587,-0.090088,0.735352
0.217285,-0.007080,1.003174
0.036499,-0.433350,0.752686
-0.394897,0.155518,0.815552
0.453979,-0.332397,0.954346
-0.474976,-0.108765,0.733398
0.177368,0.021851,1.005737
0.055786,-0.426880,0.762329
-0.437134,0.158081,0.806030
0.462036,-0.293457,0.966431
-0.449585,-0.140503,0.733887
0.135620,0.056274,1.014893
0.085693,-0.438843,0.781982
-0.488403,0.175659,0.797729
0.461914,-0.269775,0.975586
-0.409424,-0.132080,0.747925
0.086426,0.097656,1.011230
0.127808,-0.429688,0.798584
-0.533203,0.184570,0.781616
0.458862,-0.245972,0.982910
-0.364502,-0.146484,0.762817
0.038574,0.120605,1.010010
0.174316,-0.420776,0.833618
-0.562988,0.185913,0.782593
0.447388,-0.226685,0.984253
-0.295166,-0.194214,0.760010
-0.034424,0.152832,1.000366
0.234741,-0.414062,0.859131
-0.578247,0.168823,0.780884
0.440430,-0.193115,0.983643
-0.231323,-0.221680,0.774048
-0.084839,0.158936,0.973022
0.285645,-0.405396,0.882324
-0.583862,0.151611,0.781738
0.420776,-0.149292,1.008057
-0.174438,-0.270264,0.768066
-0.137451,0.160767,0.942505
0.335571,-0.395020,0.891602
-0.581299,0.127808,0.772705
0.391846,-0.102173,1.006958
-0.121094,-0.331665,0.743164
-0.206909,0.164429,0.915771
0.369263,-0.386841,0.908813
-0.578979,0.093506,0.755005
0.349487,-0.072632,0.998535
-0.097046,-0.380005,0.715088
-0.282837,0.182861,0.888062
0.398926,-0.361450,0.927368
-0.553711,0.034912,0.739746
0.283569,-0.022583,1.000732
-0.065918,-0.392334,0.719727
-0.356567,0.185181,0.865845
0.417236,-0.354004,0.934204
-0.537231,-0.041626,0.728516
0.222656,0.022095,1.001709
-0.048340,-0.357544,0.746948
-0.416016,0.206543,0.862183
0.428101,-0.325073,0.957397
-0.509399,-0.092041,0.722534
0.167969,0.049927,1.014526
-0.007812,-0.381226,0.758911
-0.477295,0.226318,0.851318
0.436890,-0.294800,0.967773
-0.465088,-0.140625,0.722046
0.107910,0.084717,1.025635
0.051880,-0.394775,0.785278
-0.531006,0.238159,0.837524
0.447876,-0.288940,0.966309
-0.425903,-0.157227,0.734375
0.064941,0.094360,1.014771
0.111328,-0.387573,0.816284
-0.567627,0.237793,0.828491
0.441895,-0.244995,0.984375
-0.357300,-0.208130,0.738892
0.011353,0.119507,1.012817
0.171143,-0.401978,0.835205
-0.589600,0.218872,0.801270
0.434082,-0.221313,0.987671
-0.307861,-0.236328,0.731201
-0.050171,0.123535,0.991699
0.225830,-0.412720,0.861450
-0.605469,0.178223,0.789062
0.420166,-0.188477,0.991455
-0.256470,-0.260864,0.729126
-0.118164,0.159912,0.973999
0.279053,-0.417725,0.876709
-0.599487,0.119141,0.766968
0.399536,-0.166382,1.005493
-0.224854,-0.278198,0.728271
-0.188965,0.163086,0.948730
0.319092,-0.411865,0.886230
-0.589966,0.072510,0.756836
0.378540,-0.150757,1.012451
-0.183716,-0.308716,0.725464
-0.260132,0.177734,0.914795
0.353516,-0.405396,0.901978
-0.584229,0.029297,0.743530
0.346313,-0.113281,1.019409
-0.157959,-0.339111,0.711548
-0.318848,0.185547,0.897339
0.383545,-0.392090,0.918701
-0.563110,-0.028564,0.729248
0.300781,-0.076782,1.027954
-0.120972,-0.387695,0.726929
-0.388428,0.214355,0.888794
0.390625,-0.376221,0.919434
-0.549561,-0.052734,0.719604
0.262573,-0.055420,1.037964
-0.090454,-0.379761,0.749023
-0.431030,0.221313,0.883057
0.412598,-0.354614,0.955688
-0.531982,-0.096069,0.711426
0.208862,-0.024170,1.032104
-0.031982,-0.398804,0.781494
-0.477295,0.236328,0.878906
0.423096,-0.314941,0.972656
-0.516235,-0.100098,0.720703
0.160156,0.025269,1.048096
0.030884,-0.408569,0.806030
-0.501099,0.205688,0.866455
0.426392,-0.299805,0.987549
-0.494141,-0.140625,0.705444
0.119019,0.053589,1.047241
0.093262,-0.416992,0.827881
-0.525146,0.197754,0.860229
0.449585,-0.289795,1.010010
-0.456177,-0.168945,0.737549
0.072388,0.077271,1.035400
0.139526,-0.417969,0.838745
-0.532959,0.162720,0.843750
0.463135,-0.270508,1.023682
-0.395630,-0.190063,0.744995
0.032959,0.094482,1.025391
0.170288,-0.420044,0.860962
-0.525635,0.124146,0.834839
0.469971,-0.259521,1.040161
-0.352173,-0.217773,0.756836
-0.001587,0.098999,1.020142
0.210571,-0.416260,0.868286
-0.541138,0.123657,0.814331
0.474365,-0.260742,1.044434
-0.312744,-0.265015,0.763062
-0.010620,0.099976,1.031738
0.239014,-0.422974,0.883789
-0.549683,0.112305,0.807251
0.469360,-0.245117,1.044800
-0.266113,-0.269775,0.778687
-0.039673,0.107178,1.019897
0.255981,-0.423340,0.879150
-0.543091,0.105713,0.803955
0.475098,-0.231445,1.056885
-0.241211,-0.282959,0.776001
-0.035278,0.114014,1.032104
0.274536,-0.407593,0.896851
-0.534424,0.090088,0.797607
0.479126,-0.220947,1.062256
-0.228394,-0.302856,0.765137
-0.035034,0.118286,1.041138
0.290405,-0.402710,0.906738
-0.523926,0.088501,0.807617
0.485352,-0.217896,1.078491
-0.219604,-0.288330,0.785278
-0.031372,0.121460,1.044312
0.299927,-0.397827,0.920532
-0.524780,0.087280,0.808838
0.491699,-0.217651,1.081787
-0.207031,-0.304932,0.786011
-0.033936,0.118164,1.048340
0.313477,-0.401489,0.930664
-0.515259,0.075439,0.809570
0.509766,-0.206177,1.103027
-0.188721,-0.317627,0.788452
-0.044556,0.136719,1.056519
0.333740,-0.397705,0.947021
-0.500488,0.069946,0.817505
0.507202,-0.194702,1.104858
-0.175537,-0.330444,0.794434
-0.051392,0.141479,1.060547
0.346924,-0.390259,0.962524
-0.491089,0.052612,0.824585
0.515503,-0.176270,1.122925
-0.156860,-0.314819,0.803589
-0.052002,0.147705,1.058960
0.365112,-0.399658,0.967896
-0.436035,-0.027222,0.845093
0.485596,-0.075928,1.183960
-0.003784,-0.321533,0.880737
-0.165649,0.210327,1.062134
0.509155,-0.351440,1.083496
-0.441406,-0.029907,0.839844
0.474854,-0.074341,1.184570
0.010132,-0.325073,0.890503
-0.175293,0.228882,1.067383
0.507568,-0.332520,1.086060
-0.438477,-0.033813,0.843018
0.465576,-0.077148,1.179199
0.017700,-0.331543,0.902588
-0.168091,0.222778,1.070801
0.512573,-0.335938,1.083252
-0.440674,-0.035034,0.839111
0.459106,-0.073975,1.176880
0.037598,-0.333862,0.906250
-0.178223,0.231812,1.062012
0.519409,-0.333984,1.081665
-0.442017,-0.036621,0.834839
0.450439,-0.061035,1.179688
0.037842,-0.344727,0.902954
-0.173584,0.218750,1.068848
0.524414,-0.342285,1.080688
-0.441895,-0.038086,0.823242
0.447510,-0.064941,1.168091
0.048340,-0.349854,0.905640
-0.171509,0.210693,1.066895
0.513550,-0.347290,1.078857
-0.438843,-0.051147,0.824707
0.439697,-0.059937,1.169556
0.051025,-0.341553,0.915039
-0.176392,0.217773,1.069580
0.515503,-0.350098,1.072998
-0.445679,-0.039673,0.824341
0.438843,-0.069336,1.155273
0.058960,-0.358032,0.904175
-0.172729,0.210449,1.057861
0.510986,-0.344727,1.074097
-0.447510,-0.043335,0.813599
0.442261,-0.078369,1.152100
0.052246,-0.363159,0.893066
-0.172974,0.203247,1.046387
0.512085,-0.357422,1.065063
-0.451904,-0.042236,0.819824
0.427856,-0.084839,1.138062
0.059326,-0.370728,0.897583
-0.173340,0.200195,1.049072
0.494507,-0.360474,1.050537
-0.451294,-0.042114,0.813965
0.435059,-0.106689,1.126465
0.049805,-0.379395,0.885010
-0.185303,0.209473,1.038208
0.494385,-0.373047,1.037476
-0.450195,-0.040405,0.807007
0.445435,-0.104126,1.129028
0.039673,-0.352905,0.889282
-0.184570,0.207153,1.036743
0.480225,-0.381348,1.028076
-0.452148,-0.033081,0.809814
0.440674,-0.117920,1.117554
0.018921,-0.345459,0.876221
-0.175659,0.200806,1.031982
0.463623,-0.398926,1.004517
-0.455566,-0.035400,0.802734
0.445557,-0.119263,1.112915
-0.017456,-0.329834,0.866943
-0.170166,0.188477,1.030640
0.462158,-0.423096,1.001953
-0.463745,-0.023682,0.799805
0.440674,-0.119629,1.102905
-0.040649,-0.310547,0.859497
-0.156250,0.193970,1.031616
0.447266,-0.438599,0.982300
-0.474976,-0.006836,0.797363
0.441895,-0.129272,1.090332
-0.065308,-0.279175,0.860962
-0.145508,0.180298,1.028564
0.432251,-0.453613,0.972046
-0.482300,0.009644,0.788086
0.442261,-0.124146,1.077881
-0.093140,-0.254395,0.861084
-0.123169,0.169189,1.035034
0.410767,-0.462524,0.956787
-0.508545,0.045654,0.784424
0.450439,-0.151245,1.076050
-0.110474,-0.267212,0.842163
-0.124512,0.161621,1.019287
0.395874,-0.462891,0.946899
-0.510864,0.047729,0.784058
0.448608,-0.174316,1.064453
-0.134155,-0.243408,0.838623
-0.113403,0.168213,1.023315
0.371826,-0.467163,0.928101
-0.522705,0.060425,0.774658
0.453125,-0.197388,1.052002
-0.162109,-0.232300,0.836060
-0.096680,0.154663,1.021484
0.344482,-0.475342,0.907227
-0.525757,0.080200,0.785156
0.457764,-0.196777,1.043213
-0.176270,-0.213501,0.845703
-0.082397,0.153198,1.017944
0.331543,-0.485840,0.894897
-0.537476,0.058350,0.760132
0.456177,-0.204712,1.049072
-0.193237,-0.208984,0.828613
-0.073364,0.147095,1.016479
0.316528,-0.480347,0.881104
-0.536377,0.075317,0.757080
0.458008,-0.243896,1.022949
-0.210083,-0.239258,0.811157
-0.064575,0.149170,1.007202
0.299438,-0.465454,0.882202
-0.531372,0.064697,0.753662
0.457886,-0.257690,1.017212
-0.229736,-0.236572,0.799561
-0.058594,0.164551,1.017700
0.286987,-0.466919,0.862061
-0.527466,0.078857,0.764648
0.468018,-0.272217,1.007935
-0.261475,-0.227295,0.791626
-0.041748,0.137817,1.015991
0.269653,-0.455322,0.864136
-0.530518,0.070923,0.752319
0.475952,-0.286499,1.011597
-0.273071,-0.239746,0.785156
-0.050171,0.151978,1.001587
0.260986,-0.455444,0.854492
-0.527466,0.063110,0.747070
0.473389,-0.272827,1.011719
-0.283325,-0.204102,0.791992
-0.047485,0.157837,1.001099
0.253296,-0.460083,0.844971
-0.526855,0.085938,0.753906
0.472046,-0.263916,1.007080
-0.296875,-0.194092,0.781860
-0.031616,0.139648,1.001465
0.249512,-0.456055,0.839722
-0.537476,0.093262,0.755249
0.471191,-0.267700,1.004517
-0.304077,-0.213623,0.771973
-0.033813,0.158081,1.004517
0.242920,-0.451416,0.845825
-0.536865,0.103149,0.760742
0.474487,-0.263428,0.996582
-0.299561,-0.181763,0.772461
-0.027344,0.158569,1.006958
0.233887,-0.447021,0.846069
-0.544189,0.113525,0.755981
0.474365,-0.250000,1.001099
-0.303345,-0.174316,0.783569
-0.028320,0.149292,0.998779
0.232910,-0.441162,0.845825
-0.552979,0.134766,0.765137
0.463501,-0.254150,0.988281
-0.293701,-0.186768,0.777832
-0.032104,0.154053,0.996094
0.236328,-0.429199,0.836670
-0.561157,0.141968,0.768433
0.463867,-0.242676,0.997925
-0.292847,-0.201660,0.771240
-0.035400,0.147217,0.986084
0.226807,-0.424927,0.839722
-0.551636,0.142090,0.769897
0.466187,-0.235352,0.994141
-0.291260,-0.193115,0.773560
-0.046021,0.146118,0.982666
0.223877,-0.415649,0.849609
-0.550537,0.130859,0.762695
0.468140,-0.230225,1.004639
-0.299316,-0.193848,0.759766
-0.049805,0.158936,0.986450
0.240479,-0.432251,0.850342
-0.557617,0.144531,0.768677
0.466064,-0.212891,1.007812
-0.286377,-0.193481,0.768799
-0.045410,0.147461,0.986694
0.228149,-0.429565,0.840454
-0.561768,0.162231,0.783081
0.468872,-0.216309,0.998413
-0.280762,-0.170410,0.775024
-0.052246,0.155029,0.978149
0.233276,-0.423706,0.849854
-0.569336,0.166748,0.779297
0.460571,-0.196777,1.010376
-0.281250,-0.167480,0.775269
-0.064453,0.164795,0.974731
0.245239,-0.417847,0.855469
-0.570557,0.159424,0.789673
0.450317,-0.181763,1.010742
-0.276855,-0.186523,0.768433
-0.066040,0.169922,0.977905
0.249512,-0.410889,0.856079
-0.580811,0.171753,0.785156
0.449951,-0.187378,1.008545
-0.267212,-0.193970,0.762329
-0.086914,0.174561,0.975464
0.250977,-0.411621,0.855957
-0.588013,0.164307,0.779541
0.450806,-0.182251,1.010132
-0.261719,-0.193237,0.756714
-0.095703,0.171875,0.962646
0.271606,-0.418701,0.860840
-0.592163,0.171875,0.783569
0.440063,-0.166382,1.013672
-0.253784,-0.212280,0.758179
-0.097900,0.176025,0.970581
0.274536,-0.413208,0.864990
-0.594971,0.170410,0.783325
0.442749,-0.172729,1.021362
-0.248779,-0.215698,0.758179
-0.115356,0.178467,0.961670
0.282104,-0.415161,0.854126
-0.602295,0.171143,0.780762
0.432739,-0.170776,1.014771
-0.246216,-0.239258,0.738525
-0.130493,0.175415,0.958130
0.285767,-0.406982,0.868286
-0.605347,0.152222,0.776367
0.423950,-0.174316,1.007568
-0.239380,-0.247437,0.744385
-0.135986,0.180542,0.961914
0.292847,-0.403442,0.873657
-0.606812,0.147949,0.773315
0.421753,-0.165039,1.012329
-0.223511,-0.265869,0.743774
-0.148682,0.183472,0.968506
0.293335,-0.406494,0.868408
-0.618774,0.151489,0.775269
0.427979,-0.193604,1.007568
-0.213623,-0.265137,0.745117
-0.172485,0.179321,0.951538
0.305664,-0.398071,0.874023
-0.605957,0.134033,0.756836
0.421631,-0.171387,1.016235
-0.204834,-0.272339,0.742554
-0.197754,0.186035,0.948486
0.320557,-0.409546,0.886719
-0.597778,0.103882,0.749390
0.401611,-0.148560,1.020508
-0.196533,-0.307373,0.733032
-0.214844,0.187622,0.946167
0.325439,-0.399902,0.885010
-0.600708,0.083252,0.753784
0.385864,-0.154175,1.018677
-0.186768,-0.325317,0.721802
-0.234741,0.192261,0.944702
0.343750,-0.383057,0.901245
-0.597656,0.062500,0.742188
0.367920,-0.141602,1.011108
-0.178833,-0.339722,0.716064
-0.252319,0.190796,0.938721
0.354980,-0.388916,0.903809
-0.595825,0.033813,0.732910
0.346558,-0.118164,1.015747
-0.153442,-0.356812,0.716919
-0.298096,0.190308,0.915161
0.380981,-0.378418,0.921143
-0.591431,-0.000488,0.723389
0.318726,-0.111816,1.017212
-0.143433,-0.376465,0.720337
-0.330078,0.187256,0.902954
0.387695,-0.357178,0.940063
-0.577026,-0.016724,0.715942
0.286499,-0.083496,1.024536
-0.116089,-0.382568,0.730591
-0.365356,0.181641,0.890869
0.405151,-0.340088,0.950562
-0.564087,-0.046021,0.702026
0.246582,-0.037476,1.034668
-0.082520,-0.387451,0.748169
-0.402710,0.189819,0.890503
0.412109,-0.324219,0.971191
-0.534912,-0.072998,0.705444
0.210693,-0.014893,1.034302
-0.052124,-0.391968,0.772339
-0.444458,0.179443,0.870117
0.429321,-0.319336,0.977051
-0.522339,-0.084839,0.719482
0.173950,0.017578,1.034058
0.003784,-0.397339,0.798340
-0.470825,0.182251,0.870239
0.434082,-0.302246,0.999512
-0.508667,-0.112549,0.717285
0.145508,0.036499,1.036133
0.041748,-0.389526,0.811401
-0.505737,0.175049,0.853760
0.461182,-0.304565,1.020630
-0.477661,-0.159180,0.721069
0.095215,0.066040,1.039551
0.091919,-0.399170,0.831177
-0.515259,0.167847,0.840942
0.466675,-0.292358,1.026001
-0.436401,-0.167236,0.733887
0.067017,0.064819,1.037354
0.144287,-0.405396,0.849609
-0.523071,0.142212,0.827271
0.474487,-0.272583,1.031128
-0.381470,-0.201294,0.751953
0.020752,0.090454,1.036011
0.183472,-0.409546,0.862305
-0.530151,0.122437,0.826416
0.483276,-0.267334,1.038818
-0.339233,-0.242432,0.753906
-0.022095,0.117554,1.026367
0.229248,-0.409058,0.879761
-0.530640,0.098145,0.821411
0.479492,-0.259399,1.043701
-0.292480,-0.254639,0.761230
-0.054810,0.115356,1.007446
0.265259,-0.405762,0.885742
-0.524292,0.064453,0.804932
0.479126,-0.230835,1.064453
-0.249512,-0.277954,0.762939
-0.079956,0.135986,1.005981
0.298462,-0.409302,0.906006
-0.524780,0.054199,0.801514
0.473633,-0.208130,1.075439
-0.215332,-0.276611,0.774902
-0.117676,0.145142,1.002075
0.335571,-0.397461,0.927490
-0.507935,0.019531,0.791382
0.464844,-0.186646,1.088501
-0.186157,-0.292480,0.780029
-0.151489,0.142944,0.995850
0.360107,-0.381958,0.949341
-0.508667,-0.003906,0.791504
0.459717,-0.165649,1.098022
-0.145264,-0.303833,0.794556
-0.192139,0.159058,0.987061
0.383545,-0.354248,0.971191
-0.496094,-0.035034,0.776611
0.437744,-0.134766,1.116333
-0.116577,-0.309692,0.803223
-0.231445,0.182983,0.996948
0.411743,-0.338013,0.999023
-0.491821,-0.062622,0.777344
0.422607,-0.109375,1.131958
-0.081421,-0.324707,0.817261
-0.261963,0.183105,0.977173
0.442383,-0.336548,1.015625
-0.486816,-0.067017,0.778931
0.400757,-0.077026,1.143311
-0.046387,-0.335693,0.824829
-0.276611,0.201294,0.987427
0.471191,-0.339600,1.030029
-0.470581,-0.091187,0.768799
0.360352,-0.053101,1.143066
0.004272,-0.338501,0.858643
-0.301270,0.188599,0.977051
0.495117,-0.312866,1.060303
-0.448486,-0.116455,0.762451
0.327515,-0.019043,1.146973
0.057007,-0.349121,0.869751
-0.319336,0.181030,0.974487
0.512207,-0.299927,1.077393
-0.417358,-0.153809,0.779785
0.284668,0.004028,1.134399
0.110596,-0.380615,0.884155
-0.347290,0.161499,0.948120
0.531372,-0.287964,1.091675
-0.381958,-0.180054,0.780762
0.241821,0.026123,1.135620
0.152466,-0.388794,0.892944
-0.366333,0.155273,0.928101
0.551025,-0.267822,1.105957
-0.341553,-0.215576,0.798950
0.196045,0.063110,1.119019
0.197266,-0.394043,0.922852
-0.390869,0.136719,0.911987
0.566528,-0.252197,1.125977
-0.306274,-0.227295,0.816162
0.142822,0.094727,1.113403
0.250122,-0.393921,0.944580
-0.404053,0.113770,0.904907
0.567627,-0.228882,1.142944
-0.276611,-0.234741,0.822510
0.103271,0.110229,1.111938
0.307617,-0.406494,0.964233
-0.411743,0.092529,0.892334
0.567749,-0.200195,1.148682
-0.230835,-0.241699,0.849731
0.049194,0.136108,1.103882
0.354370,-0.403687,0.991455
-0.424438,0.081421,0.880737
0.556763,-0.185791,1.148071
-0.181763,-0.248535,0.863647
0.002686,0.146362,1.095215
0.388062,-0.387817,1.002319
-0.424683,0.041626,0.866333
0.541382,-0.149048,1.166504
-0.106445,-0.281494,0.882202
-0.055664,0.162354,1.080078
0.434814,-0.378906,1.028442
-0.434448,0.020630,0.862427
0.519165,-0.115112,1.174683
-0.044800,-0.307129,0.891235
-0.092041,0.170654,1.077271
0.458130,-0.358032,1.054565
-0.428101,-0.020508,0.852295
0.496826,-0.083984,1.181519
0.001221,-0.321411,0.893311
-0.147827,0.195068,1.063721
0.494629,-0.331787,1.077026
-0.422363,-0.059937,0.833130
0.455811,-0.054688,1.182129
0.015503,-0.318726,0.896606
-0.194824,0.207397,1.056030
0.534790,-0.320190,1.100708
-0.409790,-0.089844,0.820312
0.408936,-0.010620,1.176514
0.068726,-0.341675,0.915527
-0.248779,0.215698,1.032471
0.560425,-0.311890,1.117920
-0.383423,-0.127197,0.817993
0.357178,0.017456,1.167480
0.132080,-0.373901,0.916138
-0.290405,0.198853,1.004761
0.578613,-0.286133,1.127563
-0.351074,-0.171631,0.821045
0.296387,0.062988,1.171631
0.183960,-0.402588,0.926392
-0.322998,0.178589,0.978394
0.575562,-0.290161,1.127319
-0.313110,-0.189697,0.832642
0.232544,0.086670,1.141968
0.245728,-0.418091,0.945679
-0.353638,0.142944,0.931274
0.573364,-0.257324,1.119873
-0.295044,-0.184570,0.830688
0.179688,0.101685,1.123535
0.297119,-0.430298,0.962402
-0.378540,0.104980,0.899048
0.560913,-0.225830,1.122192
-0.263794,-0.202026,0.834106
0.128418,0.127808,1.115479
0.346924,-0.441162,0.977173
-0.402222,0.085327,0.871948
0.548462,-0.190674,1.129883
-0.235474,-0.216797,0.836548
0.073608,0.139648,1.100098
0.382812,-0.427368,0.995483
-0.423950,0.070435,0.857788
0.535034,-0.175415,1.137939
-0.192993,-0.233643,0.848389
0.019409,0.155640,1.088501
0.418579,-0.426392,1.008301
-0.455688,0.061646,0.843384
0.521851,-0.141724,1.141724
-0.144531,-0.247437,0.857422
-0.046021,0.188843,1.082153
0.453369,-0.424194,1.022705
-0.457031,0.025879,0.835693
0.496704,-0.123413,1.135376
-0.076538,-0.259033,0.872192
-0.102905,0.196777,1.061523
0.476074,-0.404541,1.028687
-0.462524,-0.012085,0.821289
0.460938,-0.100464,1.143921
-0.022095,-0.298950,0.886108
-0.152710,0.188843,1.041260
0.485474,-0.384766,1.036865
-0.440063,-0.059814,0.807861
0.420898,-0.068359,1.133423
0.050171,-0.333862,0.891235
-0.201904,0.187134,1.009155
0.505493,-0.371094,1.043335
-0.423096,-0.095459,0.799927
0.369629,-0.040649,1.109375
0.083374,-0.362549,0.884277
-0.247437,0.163574,0.981812
0.516235,-0.345093,1.048950
-0.403931,-0.141113,0.792847
0.321899,-0.026001,1.100830
0.107910,-0.374390,0.881104
-0.301636,0.172974,0.950928
0.522705,-0.326782,1.054810
-0.385254,-0.178833,0.792358
0.263794,-0.004028,1.083862
0.128540,-0.376343,0.875977
-0.341675,0.164795,0.928955
0.536499,-0.300781,1.068848
-0.360718,-0.198975,0.785156
0.203857,0.017456,1.073364
0.172241,-0.419189,0.868774
-0.380127,0.146851,0.878662
0.527710,-0.296387,1.054199
-0.331421,-0.222534,0.791748
0.142212,0.052979,1.057495
0.224854,-0.448120,0.885742
-0.423218,0.107788,0.826172
0.526245,-0.274048,1.050171
-0.304321,-0.201050,0.804321
0.088501,0.079224,1.058228
0.269165,-0.479370,0.889648
-0.454712,0.078125,0.789429
0.512573,-0.249634,1.041016
-0.266846,-0.215942,0.805298
0.029053,0.106567,1.049805
0.314209,-0.494019,0.898682
-0.487061,0.072144,0.781250
0.485352,-0.228760,1.044556
-0.231323,-0.240845,0.800415
-0.026611,0.123901,1.041138
0.345703,-0.484253,0.929321
-0.508789,0.069092,0.775879
0.462646,-0.192627,1.047974
-0.184937,-0.224487,0.808472
-0.082397,0.159668,1.030151
0.384521,-0.474609,0.934937
-0.518433,0.048706,0.781128
0.437744,-0.156860,1.050903
-0.140747,-0.251709,0.817017
-0.136475,0.156860,1.001587
0.409912,-0.450684,0.949219
-0.518311,-0.010010,0.776611
0.397705,-0.135010,1.046387
-0.071533,-0.311401,0.817139
-0.193604,0.154419,0.968262
0.436157,-0.421143,0.965332
-0.492310,-0.066528,0.766235
0.350342,-0.107300,1.037231
-0.000488,-0.381836,0.806030
-0.258789,0.151123,0.926514
0.466553,-0.398926,0.978027
-0.473145,-0.103027,0.756226
0.292969,-0.071777,1.023438
0.051025,-0.430054,0.798462
-0.312012,0.129883,0.876709
0.482910,-0.364380,0.986206
-0.447144,-0.137817,0.754028
0.227539,-0.024658,1.019897
0.089600,-0.460571,0.793823
-0.368896,0.118408,0.847534
0.485718,-0.338379,0.994019
-0.427856,-0.152588,0.757690
0.169067,0.015259,1.019653
0.115967,-0.454834,0.797241
-0.424561,0.117310,0.814941
0.483643,-0.315918,0.982910
-0.396606,-0.190186,0.740723
0.107300,0.058838,1.022217
0.149536,-0.461426,0.816650
-0.473999,0.093872,0.782593
0.478638,-0.301514,0.982422
-0.356934,-0.204956,0.750000
0.046387,0.096680,1.017456
0.207886,-0.470703,0.837402
-0.508301,0.084595,0.768921
0.474365,-0.272217,1.006226
-0.319580,-0.188477,0.772583
-0.015625,0.126831,1.011963
0.262329,-0.479248,0.854614
-0.531006,0.069580,0.759033
0.456787,-0.239624,1.002930
-0.247192,-0.205444,0.797241
-0.078247,0.163574,0.998413
0.301392,-0.446411,0.886353
-0.539307,0.053223,0.753540
0.435425,-0.204224,1.010254
-0.181519,-0.263916,0.785034
-0.138794,0.166382,0.970581
0.355347,-0.428589,0.919312
-0.544800,0.044434,0.758545
0.395630,-0.157593,1.015503
-0.102905,-0.332031,0.777710
-0.202637,0.180908,0.934814
0.385376,-0.423706,0.922607
-0.539917,0.017944,0.764282
0.358398,-0.110962,1.016968
-0.047974,-0.367188,0.781128
-0.277100,0.149048,0.879639
0.413696,-0.399048,0.928711
-0.521484,-0.038696,0.752930
0.308716,-0.071899,1.002197
0.005493,-0.407227,0.770264
-0.335083,0.137573,0.844238
0.434692,-0.375244,0.943848
-0.500854,-0.073975,0.749146
0.241699,-0.038086,0.997803
0.043701,-0.427734,0.763550
-0.394043,0.135132,0.812744
0.445557,-0.335205,0.949585
-0.463623,-0.114014,0.744995
0.172974,0.010864,1.001831
0.074341,-0.431763,0.778931
-0.448608,0.149292,0.795654
0.458862,-0.303345,0.969116
-0.427368,-0.161499,0.738647
0.106079,0.063110,1.000000
0.121338,-0.432617,0.805908
-0.511597,0.155151,0.781006
0.457886,-0.265869,0.971558
-0.354980,-0.200195,0.748413
0.031250,0.115356,1.003418
0.177612,-0.425659,0.827881
-0.553955,0.134033,0.762207
0.464233,-0.232666,0.989624
-0.286499,-0.205933,0.763306
-0.054443,0.159790,0.991455
0.260742,-0.436523,0.860962
-0.565796,0.127808,0.766235
0.434448,-0.182617,1.004272
-0.198486,-0.277344,0.763794
-0.133789,0.172241,0.957886
0.323975,-0.429077,0.881836
-0.567139,0.096802,0.763672
0.409546,-0.143311,1.008301
-0.113037,-0.337524,0.762695
-0.208374,0.168945,0.917114
0.363403,-0.396606,0.905151
-0.553833,0.063843,0.772461
0.363770,-0.085327,1.012939
-0.058716,-0.369141,0.750732
-0.289185,0.173096,0.869507
0.397705,-0.362793,0.922363
-0.522583,-0.013062,0.746704
0.294678,-0.044312,0.998535
-0.021851,-0.387817,0.742554
-0.368042,0.168823,0.828613
0.426880,-0.324707,0.939209
-0.493408,-0.077637,0.730469
0.215576,0.014526,1.008911
0.022583,-0.396973,0.761108
-0.434448,0.181396,0.816040
0.431152,-0.286011,0.954590
-0.459106,-0.129517,0.720703
0.133301,0.068970,1.024536
0.083008,-0.410522,0.800537
-0.507935,0.202515,0.811401
0.443604,-0.253296,0.968628
-0.399292,-0.155640,0.736084
0.064453,0.115234,1.022583
0.153687,-0.403931,0.826904
-0.560547,0.205933,0.798340
0.445312,-0.233276,0.978394
-0.323608,-0.195557,0.743530
-0.016602,0.148926,0.999023
0.228394,-0.404053,0.854736
-0.585449,0.188599,0.793091
0.444580,-0.199219,0.993286
-0.240234,-0.230713,0.752808
-0.092163,0.167847,0.973267
0.293579,-0.390625,0.886963
-0.585571,0.159790,0.782104
0.421875,-0.151978,1.003906
-0.183228,-0.269653,0.754028
-0.167969,0.152466,0.927124
0.343018,-0.374023,0.903564
-0.578003,0.111938,0.770996
0.384399,-0.104370,1.011108
-0.124512,-0.328735,0.734985
-0.241943,0.171997,0.897217
0.371460,-0.358521,0.911377
-0.558105,0.057617,0.755005
0.334961,-0.053467,1.015259
-0.093262,-0.364136,0.723145
-0.311523,0.187622,0.867676
0.387817,-0.340942,0.925781
-0.543823,-0.017456,0.714478
0.274780,-0.026978,1.003906
-0.058838,-0.383667,0.730469
-0.384766,0.204590,0.861694
0.430420,-0.309448,0.969238
-0.478271,-0.164429,0.698853
0.089722,0.075195,1.020874
-0.020508,-0.386719,0.760254
-0.548828,0.229248,0.839966
0.437622,-0.283081,0.976562
-0.418579,-0.190918,0.726318
0.028809,0.098022,1.017944
0.141357,-0.406250,0.834229
-0.570435,0.201538,0.825684
0.430298,-0.247192,0.994263
-0.354736,-0.245605,0.719482
-0.031372,0.108032,1.004883
0.201660,-0.420288,0.848999
-0.578979,0.166992,0.804688
0.429688,-0.224487,1.000122
-0.288696,-0.274536,0.728760
-0.102783,0.119629,0.973999
0.248657,-0.419067,0.869263
-0.579102,0.114990,0.787598
0.414795,-0.189331,1.021362
-0.246948,-0.281982,0.727051
-0.164429,0.140869,0.966431
0.291504,-0.421021,0.875000
-0.576782,0.064819,0.758789
0.392212,-0.158081,1.031982
-0.216064,-0.291626,0.730713
-0.234863,0.154785,0.942139
0.337402,-0.408081,0.906128
-0.570557,0.024536,0.751587
0.369751,-0.126221,1.042969
-0.184937,-0.310791,0.735107
-0.292603,0.161255,0.920044
0.365967,-0.390381,0.923218
-0.559082,-0.034180,0.724976
0.340088,-0.090576,1.047607
-0.143555,-0.329346,0.746094
-0.346802,0.180542,0.906006
0.390869,-0.384644,0.941284
-0.555664,-0.078857,0.710938
0.291748,-0.066528,1.051636
-0.093384,-0.342041,0.764038
-0.401001,0.203491,0.899292
0.414917,-0.358032,0.965088
-0.524536,-0.114502,0.705200
0.232422,-0.019897,1.053223
-0.036865,-0.364014,0.788940
-0.453003,0.210571,0.889160
0.428223,-0.327393,0.979614
-0.496948,-0.156494,0.709839
0.177246,0.012207,1.050415
0.027832,-0.391357,0.814087
-0.488525,0.203125,0.878052
0.442383,-0.296387,1.001343
-0.469482,-0.196899,0.715332
0.119751,0.050903,1.048706
0.094360,-0.408203,0.838379
-0.513428,0.179932,0.862305
0.454102,-0.268433,1.024170
-0.422485,-0.186890,0.750977
0.064697,0.072754,1.041382
0.158813,-0.417358,0.852173
-0.516479,0.139282,0.833130
0.457397,-0.239380,1.035156
-0.356445,-0.217407,0.766479
0.013184,0.093628,1.037964
0.210449,-0.432251,0.869507
-0.528320,0.114136,0.810181
0.461670,-0.213989,1.046509
-0.287109,-0.255981,0.764893
-0.037231,0.106567,1.025757
0.262695,-0.432007,0.892090
-0.532349,0.075806,0.805908
0.457642,-0.202271,1.062500
-0.242065,-0.285767,0.760864
-0.096924,0.119751,1.010254
0.315186,-0.414062,0.924194
-0.539917,0.034180,0.782959
0.442871,-0.182007,1.071411
-0.201782,-0.292847,0.750854
-0.151123,0.141846,0.992188
0.352417,-0.407593,0.941772
-0.525269,0.004395,0.788086
0.425781,-0.142090,1.088257
-0.177246,-0.298950,0.760742
-0.204712,0.154175,0.984985
0.386230,-0.398682,0.954956
-0.507568,-0.044678,0.774658
0.405518,-0.113647,1.107910
-0.152710,-0.295044,0.780518
-0.244995,0.181763,0.983154
0.415649,-0.383667,0.977295
-0.500977,-0.082886,0.768677
0.382202,-0.086670,1.114746
-0.116455,-0.309570,0.794189
-0.286255,0.190063,0.964111
0.447876,-0.374756,0.999268
-0.482910,-0.115723,0.767334
0.351929,-0.064331,1.119385
-0.064331,-0.317139,0.817139
-0.314819,0.192139,0.953125
0.469482,-0.348511,1.026733
-0.459839,-0.138794,0.760010
0.320923,-0.039185,1.119629
-0.017578,-0.349121,0.828613
-0.341187,0.173950,0.930786
0.484863,-0.338745,1.027832
-0.432007,-0.167114,0.754883
0.283447,-0.009888,1.118652
0.042969,-0.372314,0.843750
-0.377808,0.191040,0.933350
0.509033,-0.314575,1.051270
-0.409424,-0.199585,0.753540
0.236084,0.014160,1.119019
0.098145,-0.375244,0.870850
-0.404541,0.182861,0.916504
0.515869,-0.281494,1.073975
-0.375122,-0.233032,0.761963
0.187256,0.046875,1.109009
0.152954,-0.386841,0.893188
-0.427124,0.159912,0.901855
0.531982,-0.255371,1.089722
-0.342407,-0.227417,0.787720
0.143677,0.075073,1.109375
0.213501,-0.412476,0.908325
-0.438599,0.137451,0.880859
0.534424,-0.241211,1.097412
-0.310547,-0.254028,0.793213
0.092896,0.100830,1.101196
0.267822,-0.402466,0.934326
-0.450317,0.119995,0.871582
0.541748,-0.214966,1.114136
-0.264160,-0.253296,0.809814
0.042603,0.123779,1.090210
0.305542,-0.401001,0.945557
-0.448853,0.090088,0.858765
0.534302,-0.183228,1.133911
-0.203125,-0.278442,0.833496
-0.008423,0.126221,1.081909
0.354126,-0.395264,0.974731
-0.448975,0.049561,0.843994
0.520142,-0.161621,1.145264
-0.126465,-0.300293,0.842651
-0.051758,0.135986,1.071289
0.390991,-0.377319,1.003052
-0.456787,0.014282,0.830811
0.502319,-0.115356,1.160767
-0.088745,-0.303345,0.844482
-0.120361,0.168701,1.058594
0.442627,-0.362549,1.028809
-0.446411,-0.028442,0.830200
0.472046,-0.074219,1.166992
-0.046387,-0.308960,0.854492
-0.182373,0.195801,1.055054
0.487793,-0.331299,1.065063
-0.437134,-0.074219,0.820190
0.421021,-0.023682,1.177124
-0.003540,-0.314819,0.881104
-0.234375,0.190918,1.028931
0.518433,-0.307495,1.088257
-0.412598,-0.130493,0.805664
0.365601,0.020630,1.173584
0.074829,-0.352905,0.896851
-0.282959,0.182251,0.997925
0.546753,-0.300293,1.108521
-0.369995,-0.175903,0.805542
0.294922,0.044312,1.153076
0.151978,-0.370972,0.912476
-0.328979,0.159424,0.951294
0.566040,-0.278931,1.122925
-0.328491,-0.221313,0.821045
0.225708,0.068970,1.146729
0.227051,-0.401978,0.930908
-0.370483,0.144531,0.915894
0.575806,-0.245850,1.136719
-0.282104,-0.243652,0.825928
0.153687,0.103760,1.127075
0.298218,-0.421875,0.966431
-0.401001,0.119629,0.906128
0.574951,-0.224243,1.145142
-0.242188,-0.249146,0.839722
0.086914,0.133789,1.114380
0.353027,-0.410278,0.988037
-0.417114,0.093750,0.884399
0.564209,-0.182495,1.150391
-0.180542,-0.254028,0.864624
0.018433,0.148560,1.097168
0.395996,-0.392334,1.011597
-0.420776,0.048828,0.868652
0.553101,-0.148315,1.161133
-0.119385,-0.265625,0.887451
-0.039795,0.161499,1.089478
0.433350,-0.382690,1.029541
-0.418091,0.010010,0.865845
0.531738,-0.111450,1.178833
-0.030762,-0.287476,0.903809
-0.097778,0.180664,1.074341
0.461792,-0.356812,1.050171
-0.424194,-0.034546,0.848389
0.494629,-0.079468,1.182007
0.014404,-0.296143,0.907227
-0.150879,0.196533,1.058594
0.494995,-0.344238,1.076660
-0.420776,-0.068970,0.837036
0.441040,-0.032349,1.179077
0.032227,-0.320923,0.907715
-0.208618,0.213379,1.050415
0.534546,-0.319092,1.104492
-0.397339,-0.127075,0.816772
0.391113,-0.003052,1.170532
0.091553,-0.346436,0.916504
-0.253296,0.216187,1.030884
0.565430,-0.291748,1.119751
-0.369263,-0.169434,0.815552
0.326660,0.029419,1.155151
0.157349,-0.382324,0.932983
-0.302124,0.199463,0.981445
0.575806,-0.273071,1.126953
-0.333496,-0.215454,0.810791
0.261597,0.066528,1.147949
0.227661,-0.422119,0.942139
-0.339966,0.153442,0.936157
0.576050,-0.253540,1.130127
-0.298828,-0.234863,0.820190
0.200684,0.090210,1.136719
0.284668,-0.439087,0.954224
-0.378418,0.144775,0.905396
0.568115,-0.233154,1.119385
-0.264404,-0.235107,0.818970
0.133423,0.119019,1.122925
0.334229,-0.452759,0.973755
-0.400635,0.115234,0.882080
0.556885,-0.207520,1.122314
-0.234985,-0.223877,0.835938
0.073730,0.131104,1.104126
0.379517,-0.447754,0.994141
-0.427979,0.102539,0.867676
0.543945,-0.175293,1.133179
-0.191284,-0.219238,0.863159
0.018799,0.154785,1.091064
0.411743,-0.433350,1.002686
-0.425415,0.056152,0.850464
0.524170,-0.140503,1.137573
-0.140869,-0.220581,0.869263
-0.043213,0.182861,1.082397
0.449097,-0.439941,1.010132
-0.438477,0.015381,0.846802
0.493530,-0.107544,1.144775
-0.074951,-0.246704,0.888062
-0.100098,0.192627,1.066895
0.473145,-0.405518,1.037842
-0.437988,-0.036865,0.827759
0.457520,-0.064209,1.153564
0.008911,-0.305664,0.891724
-0.161133,0.204712,1.044434
0.501099,-0.396118,1.043701
-0.431885,-0.079956,0.813965
0.410278,-0.045532,1.137451
0.072144,-0.343018,0.904175
-0.230225,0.206665,1.023193
0.521240,-0.367432,1.054565
-0.402344,-0.129272,0.807617
0.351562,-0.014160,1.120117
0.090698,-0.351196,0.895630
-0.273682,0.182983,0.984375
0.539795,-0.334717,1.071045
-0.380127,-0.168701,0.803345
0.284790,0.014160,1.104004
0.127563,-0.367188,0.905273
-0.330322,0.181274,0.953369
0.553467,-0.308594,1.086548
-0.344971,-0.220947,0.797974
0.217285,0.052490,1.097656
0.195923,-0.392456,0.911743
-0.372070,0.145874,0.893433
0.549927,-0.290527,1.080688
-0.304199,-0.245239,0.798584
0.149170,0.078491,1.085449
0.261719,-0.432129,0.915405
-0.409302,0.106934,0.838379
0.535645,-0.251343,1.075806
-0.262817,-0.239258,0.812622
0.082886,0.098755,1.084351
0.312988,-0.467041,0.927856
-0.448975,0.087158,0.812134
0.509277,-0.222168,1.072388
-0.220215,-0.214722,0.835205
0.019287,0.130615,1.075439
0.364868,-0.463013,0.947876
-0.473267,0.074951,0.805298
0.481689,-0.183105,1.077393
-0.168335,-0.228027,0.849243
-0.055176,0.153564,1.054321
0.398560,-0.449097,0.970581
-0.485962,0.053833,0.809326
0.452759,-0.133545,1.081421
-0.114380,-0.272339,0.843018
-0.118652,0.153442,1.026978
0.444336,-0.443359,0.987183
-0.481689,0.004150,0.794189
0.416626,-0.101074,1.078735
-0.040649,-0.312866,0.851440
-0.178223,0.169312,1.001709
0.469849,-0.426392,0.990479
-0.473877,-0.052734,0.775269
0.369019,-0.079834,1.072632
0.040405,-0.358032,0.851440
-0.241455,0.155884,0.965332
0.490479,-0.400513,1.013306
-0.436768,-0.126953,0.782349
0.306519,-0.030029,1.063477
0.085571,-0.387939,0.849731
-0.310791,0.145630,0.922241
0.505493,-0.366089,1.025635
-0.408569,-0.188965,0.768555
0.236572,-0.000977,1.054810
0.119873,-0.406372,0.838501
-0.366821,0.137817,0.874512
0.509644,-0.336304,1.034180
-0.380371,-0.211548,0.769165
0.162842,0.029053,1.046631
0.167114,-0.433472,0.851685
-0.424438,0.140869,0.845947
0.508911,-0.303711,1.030518
-0.344360,-0.230225,0.765381
0.088745,0.063721,1.034180
0.234253,-0.479614,0.861450
-0.456909,0.092285,0.789429
0.498901,-0.271362,1.030273
-0.303345,-0.202881,0.787354
0.033203,0.104614,1.043823
0.284790,-0.489136,0.871704
-0.491089,0.072388,0.773193
0.476807,-0.244873,1.029785
-0.254272,-0.217651,0.798584
-0.033325,0.125854,1.025024
0.321411,-0.482788,0.895752
-0.505981,0.061401,0.772827
0.449097,-0.212646,1.026001
-0.198364,-0.223999,0.818237
-0.095459,0.145142,1.006348
0.363159,-0.479492,0.918457
-0.518311,0.041870,0.771973
0.426758,-0.175293,1.021606
-0.141479,-0.263428,0.815308
-0.158569,0.157959,0.979126
0.396851,-0.464966,0.927002
-0.514038,-0.002075,0.767090
0.388428,-0.131592,1.028442
-0.071289,-0.292969,0.819336
-0.212646,0.158203,0.945557
0.423706,-0.443848,0.945923
-0.501343,-0.056641,0.762573
0.347900,-0.091309,1.031372
-0.014648,-0.355469,0.808838
-0.270630,0.163208,0.911255
0.446655,-0.423828,0.961060
-0.484253,-0.107178,0.749023
0.293213,-0.060791,1.020386
0.033081,-0.401489,0.804443
-0.313110,0.150879,0.885376
0.465942,-0.380127,0.972534
-0.467041,-0.142334,0.745483
0.239014,-0.029297,1.013428
0.077026,-0.433350,0.786255
-0.366821,0.154053,0.847778
0.477539,-0.361572,0.979858
-0.440552,-0.161621,0.753418
0.191895,-0.005127,1.016724
0.098633,-0.448975,0.785522
-0.413330,0.135864,0.819824
0.482544,-0.333252,0.985229
-0.420288,-0.185791,0.742798
0.138794,0.022095,1.010986
0.122070,-0.455444,0.785522
-0.447632,0.115845,0.785278
0.472290,-0.308716,0.982544
-0.385132,-0.176025,0.758423
0.086914,0.058838,1.015503
0.158325,-0.454102,0.809326
-0.496826,0.128296,0.774048
0.468506,-0.291626,0.979126
-0.346191,-0.207520,0.756348
0.031128,0.088379,1.008179
0.214844,-0.455200,0.834229
-0.523193,0.106445,0.756592
0.453125,-0.249634,0.992920
-0.294922,-0.202759,0.779663
-0.029053,0.121094,0.999023
0.270752,-0.467285,0.862915
-0.546509,0.086060,0.748535
0.450317,-0.216187,1.007080
-0.234741,-0.211426,0.787476
-0.087769,0.144287,0.985962
0.312500,-0.459106,0.885864
-0.550781,0.065063,0.752441
0.414185,-0.171265,1.004395
-0.157593,-0.261230,0.788452
-0.152466,0.149414,0.953369
0.360596,-0.439575,0.913330
-0.548218,0.056519,0.762451
0.381958,-0.130005,1.005127
-0.081909,-0.311035,0.789062
-0.217163,0.148682,0.916016
0.395142,-0.418579,0.922852
-0.532959,-0.006592,0.754395
0.332153,-0.084961,1.007324
-0.032715,-0.363037,0.769653
-0.295410,0.143555,0.872681
0.432617,-0.392578,0.944580
-0.505615,-0.074951,0.741577
0.258545,-0.038818,1.000000
0.016846,-0.407837,0.762085
-0.370361,0.145752,0.836792
0.458252,-0.365112,0.959595
-0.486206,-0.109253,0.746704
0.191162,0.008057,1.002075
0.062378,-0.425293,0.764893
-0.437378,0.150024,0.815308
0.462036,-0.323364,0.963623
-0.441528,-0.132935,0.754639
0.130859,0.049438,1.008057
0.100220,-0.413330,0.785522
-0.496460,0.148926,0.786011
0.458618,-0.282471,0.977539
-0.373413,-0.187622,0.758057
0.048706,0.094727,1.007080
0.163818,-0.414307,0.826538
-0.540894,0.135498,0.768066
0.460815,-0.242798,0.984497
-0.301025,-0.189819,0.771851
-0.033447,0.135742,0.992554
0.240845,-0.425537,0.860352
-0.567993,0.114502,0.755981
0.447266,-0.212036,0.999268
-0.211426,-0.235352,0.777954
-0.108032,0.165771,0.974487
0.305786,-0.420410,0.886353
-0.568604,0.094360,0.761353
0.416626,-0.156006,1.011230
-0.133667,-0.300293,0.779663
-0.177124,0.182861,0.939575
0.355835,-0.400879,0.910278
-0.555786,0.066528,0.765381
0.376343,-0.104370,1.017456
-0.074585,-0.361206,0.747803
-0.255859,0.183105,0.892944
0.397461,-0.391968,0.913818
-0.543091,0.002930,0.741211
0.320557,-0.063965,1.000122
-0.031372,-0.390259,0.741455
-0.330811,0.176270,0.857056
0.434082,-0.375610,0.934937
-0.520630,-0.051880,0.731812
0.257080,-0.023193,0.999023
0.004395,-0.396118,0.741699
-0.398071,0.176514,0.830933
0.442017,-0.340210,0.949707
-0.485596,-0.095337,0.738647
0.185791,0.035400,1.008179
0.042236,-0.398193,0.770508
-0.456665,0.194580,0.819458
0.452515,-0.299072,0.964233
-0.449951,-0.146606,0.735352
0.119507,0.070435,1.015869
0.092285,-0.399902,0.801392
-0.520874,0.191040,0.799072
0.452637,-0.267212,0.975220
-0.375732,-0.182129,0.752075
0.045044,0.112915,1.011597
0.155640,-0.390869,0.830200
-0.556274,0.174194,0.778687
0.440674,-0.231201,0.974854
-0.291626,-0.212524,0.758423
-0.027954,0.153809,1.000122
0.234009,-0.395996,0.858276
-0.583252,0.164551,0.785278
0.435791,-0.186401,0.995850
-0.207397,-0.255371,0.764648
-0.108398,0.166382,0.964844
0.297363,-0.391357,0.880127
-0.585205,0.124756,0.763184
0.409790,-0.140503,1.007080
-0.133789,-0.316162,0.751221
-0.192871,0.175171,0.922363
0.360229,-0.390015,0.903442
-0.576782,0.080444,0.759277
0.346313,-0.078369,1.003418
-0.080322,-0.370117,0.723755
-0.287842,0.183472,0.878052
0.401489,-0.360229,0.923828
-0.544312,-0.000366,0.726929
0.266602,-0.017578,0.999512
-0.041138,-0.393799,0.731323
-0.391113,0.199951,0.863647
0.427368,-0.326416,0.943481
-0.505615,-0.072632,0.735962
0.170410,0.035889,0.996582
0.022217,-0.376587,0.780029
-0.467896,0.211792,0.831665
0.432983,-0.257324,0.970581
-0.428223,-0.144409,0.740356
0.091064,0.094238,1.016479
0.101318,-0.383423,0.810303
-0.543701,0.202881,0.813232
0.442383,-0.227661,0.979980
-0.332397,-0.188721,0.751221
-0.006958,0.132812,0.998535
0.204956,-0.380981,0.861694
-0.590210,0.175293,0.777710
0.419678,-0.177734,0.987915
-0.213989,-0.275635,0.741943
-0.101562,0.169922,0.975342
0.296997,-0.395264,0.885742
-0.594849,0.130127,0.763306
0.391113,-0.130615,0.995850
-0.144531,-0.327393,0.724976
-0.222168,0.178589,0.915283
0.380615,-0.381592,0.916382
-0.566895,0.044434,0.739624
0.303589,-0.047729,1.001709
-0.103760,-0.346558,0.718994
-0.351196,0.191772,0.876587
0.423584,-0.344482,0.947388
-0.534424,-0.075317,0.702148
0.185425,0.028320,0.990845
-0.029053,-0.347046,0.774536
-0.468750,0.224121,0.860596
0.448486,-0.295044,0.972778
-0.434448,-0.156738,0.735229
0.075439,0.102417,1.015381
0.094971,-0.358887,0.815186
-0.550293,0.213501,0.822388
0.446533,-0.239014,0.988403
-0.306885,-0.230591,0.741943
-0.044434,0.145508,0.990845
0.217651,-0.363892,0.869751
-0.593262,0.161743,0.781860
0.406860,-0.167603,1.006470
-0.189941,-0.332764,0.725098
-0.166382,0.166504,0.952515
0.318115,-0.358276,0.894287
-0.580322,0.093994,0.755127
0.352173,-0.106201,1.004028
-0.121338,-0.374023,0.719971
-0.313599,0.169922,0.881104
0.380127,-0.323242,0.933594
-0.536255,-0.014282,0.723022
0.232910,0.016602,1.017090
-0.053345,-0.364014,0.760986
-0.453613,0.198364,0.854004
0.420044,-0.301025,0.966187
-0.490723,-0.107422,0.704346
0.109741,0.087769,1.015869
0.066772,-0.350220,0.816284
-0.553955,0.213623,0.836670
0.439209,-0.263672,0.992065
-0.353882,-0.240112,0.715942
-0.010376,0.131958,1.001587
0.194946,-0.359619,0.864624
-0.600342,0.165771,0.790771
0.417603,-0.210327,0.995850
-0.219727,-0.305786,0.733765
-0.153198,0.177368,0.963379
0.298218,-0.360718,0.892212
-0.592041,0.106812,0.770630
0.361084,-0.129883,0.999878
-0.148071,-0.354248,0.711060
-0.261230,0.149292,0.902954
0.361572,-0.343384,0.920532
-0.577881,0.018555,0.719238
0.291504,-0.045288,1.013184
-0.101685,-0.401611,0.711304
-0.393555,0.182861,0.862427
0.412354,-0.324707,0.948608
-0.535767,-0.032471,0.700684
0.178467,0.039673,1.011230
-0.020996,-0.362305,0.787476
-0.478027,0.195435,0.863892
0.430542,-0.300537,0.972412
-0.490723,-0.105713,0.705078
0.086304,0.116455,1.017700
0.068726,-0.374878,0.810547
-0.545166,0.184082,0.843018
0.446655,-0.276855,0.996460
-0.397217,-0.168701,0.731201
0.005615,0.157471,1.013794
0.144653,-0.376709,0.831787
-0.589111,0.150391,0.802490
0.450317,-0.270874,0.997925
-0.309692,-0.245972,0.738770
-0.070801,0.161011,0.980835
0.207520,-0.378540,0.848877
-0.596802,0.134888,0.786499
0.432739,-0.245239,1.000610
-0.260620,-0.295532,0.724854
-0.130371,0.148560,0.965698
0.276367,-0.393433,0.877441
-0.606812,0.113647,0.772705
0.403076,-0.174072,1.014893
-0.211304,-0.306030,0.723389
-0.177002,0.144043,0.959229
0.310669,-0.387329,0.895508
-0.603882,0.105347,0.748413
0.359619,-0.136963,1.000000
-0.168579,-0.319214,0.733154
-0.249023,0.140137,0.921631
0.350220,-0.390991,0.917358
-0.586426,0.064453,0.739136
0.326782,-0.090576,1.017700
-0.149658,-0.327637,0.733276
-0.298706,0.137085,0.905884
0.376831,-0.388550,0.931152
-0.583740,-0.007935,0.709961
0.292480,-0.040283,1.026123
-0.129517,-0.323242,0.741333
-0.358032,0.154419,0.894287
0.398804,-0.381348,0.942993
-0.561646,-0.036743,0.698486
0.244873,-0.001099,1.019165
-0.092529,-0.325073,0.753296
-0.416748,0.174438,0.882690
0.430786,-0.380005,0.966431
-0.548096,-0.071655,0.691772
0.201050,0.033447,1.027100
-0.041748,-0.338257,0.777588
-0.465454,0.193481,0.865479
0.446777,-0.349854,0.982910
-0.529297,-0.122925,0.688721
0.141968,0.062012,1.017944
0.012695,-0.373291,0.796875
-0.508911,0.183472,0.847534
0.455322,-0.335815,0.999268
-0.489014,-0.157104,0.714966
0.086914,0.100708,1.026245
0.069824,-0.378174,0.815796
-0.534424,0.181152,0.842651
0.459351,-0.325073,1.000610
-0.444092,-0.186279,0.728271
0.043579,0.095093,1.020874
0.114014,-0.373901,0.826660
-0.557495,0.182739,0.836304
0.450806,-0.296387,1.003052
-0.389893,-0.244995,0.721802
0.012451,0.100952,1.018433
0.158691,-0.398560,0.843262
-0.575684,0.170288,0.809937
0.456787,-0.275757,1.010864
-0.331055,-0.234619,0.747192
-0.024658,0.099976,1.003540
0.203735,-0.397583,0.862061
-0.579102,0.142334,0.791992
0.445312,-0.252563,1.012817
-0.291992,-0.269897,0.739746
-0.065918,0.108887,0.988159
0.241821,-0.417236,0.872559
-0.586304,0.115601,0.779907
0.438599,-0.220947,1.027466
-0.259155,-0.285889,0.742188
-0.100464,0.128296,0.987549
0.272095,-0.404663,0.887085
-0.581055,0.088135,0.774780
0.428345,-0.209961,1.036133
-0.239258,-0.306763,0.730103
-0.145752,0.141968,0.985840
0.304443,-0.418457,0.897705
-0.504761,-0.053833,0.778687
0.387451,-0.087158,1.104370
-0.212769,-0.302734,0.741821
-0.272217,0.192139,0.981323
0.444458,-0.343018,1.021118
-0.574097,0.030762,0.761963
0.369995,-0.071045,1.119141
-0.055664,-0.333496,0.812988
-0.298950,0.183228,0.968628
0.467773,-0.332886,1.033081
-0.467407,-0.110107,0.766113
0.326660,-0.035156,1.119995
-0.021851,-0.340576,0.824951
-0.315674,0.176514,0.949585
0.491821,-0.313599,1.050537
-0.455200,-0.137207,0.752563
0.296631,-0.021851,1.122803
0.038452,-0.360596,0.850952
-0.343506,0.183472,0.940918
0.501343,-0.297729,1.060791
-0.417480,-0.168579,0.770996
0.265869,-0.009399,1.108643
0.070312,-0.381348,0.864868
-0.383057,0.161011,0.916016
0.511841,-0.293335,1.072266
-0.382690,-0.203125,0.777954
0.221191,0.021851,1.111938
0.117065,-0.395630,0.873413
-0.398682,0.154419,0.905273
0.525757,-0.275024,1.085083
-0.368774,-0.223633,0.779175
0.183105,0.034302,1.103149
0.171875,-0.385010,0.902954
-0.429565,0.164429,0.894287
0.534912,-0.261597,1.093628
0.136841,0.057861,1.103516
0.213257,-0.391235,0.919434
-0.440552,0.116211,0.875244
0.542969,-0.240479,1.100464
-0.308350,-0.249634,0.799316
0.101929,0.086792,1.096802
0.248901,-0.388550,0.928101
-0.453491,0.112305,0.862549
0.544312,-0.224365,1.109863
-0.271118,-0.260742,0.810791
0.062256,0.103394,1.091553
0.293091,-0.396362,0.942261
-0.457886,0.099365,0.855225
0.532471,-0.212402,1.106689
-0.225708,-0.278442,0.824463
0.025879,0.123779,1.088013
0.329468,-0.393311,0.958008
-0.465820,0.089355,0.854736
0.526611,-0.178223,1.121216
-0.173340,-0.280273,0.837891
-0.019043,0.133545,1.075073
0.362671,-0.384644,0.978516
-0.469116,0.041626,0.834595
0.520142,-0.163818,1.136108
-0.114868,-0.312378,0.842529
-0.063354,0.163208,1.077759
0.391602,-0.373413,0.993896
-0.460693,0.011597,0.833008
0.500977,-0.133423,1.147827
-0.094727,-0.324097,0.832153
-0.106689,0.175415,1.066895
0.427246,-0.364258,1.013916
-0.461304,-0.009399,0.827881
0.488281,-0.096191,1.166016
-0.070190,-0.307617,0.847168
-0.154907,0.194702,1.059570
0.461914,-0.350708,1.045776
-0.443848,-0.056641,0.825073
0.453979,-0.067261,1.169312
-0.039185,-0.304565,0.853882
-0.206055,0.208252,1.044800
0.502075,-0.324829,1.073120
-0.440430,-0.088013,0.808594
0.414795,-0.033447,1.170044
0.006592,-0.302979,0.881836
-0.246704,0.204590,1.023560
0.525513,-0.301270,1.091309
-0.416992,-0.138062,0.794556
0.365112,-0.003418,1.164673
0.065796,-0.354492,0.889648
-0.283081,0.172485,0.979492
0.548950,-0.298462,1.110596
-0.377197,-0.187500,0.799438
0.306274,0.010742,1.153687
0.126831,-0.382812,0.903809
-0.323853,0.149902,0.947144
0.554077,-0.276245,1.118042
-0.342773,-0.222900,0.804688
0.244751,0.051392,1.150391
0.196167,-0.393188,0.926025
-0.365112,0.150146,0.926392
0.573364,-0.263062,1.121460
-0.305176,-0.227417,0.817505
0.179688,0.081543,1.140381
0.256470,-0.404297,0.945801
-0.392822,0.136108,0.910522
0.577637,-0.231689,1.133057
-0.266357,-0.235474,0.834839
0.113892,0.095093,1.109131
0.316772,-0.394531,0.977539
-0.413330,0.102539,0.891724
0.569824,-0.196533,1.149048
-0.216797,-0.250488,0.846558
0.052612,0.139771,1.110229
0.365967,-0.392578,0.997925
-0.417847,0.063965,0.874023
0.547607,-0.156006,1.155518
-0.160034,-0.247803,0.870728
-0.007935,0.163818,1.086670
0.401733,-0.379639,1.015381
-0.426270,0.020264,0.850098
0.531250,-0.134888,1.165039
-0.063232,-0.299438,0.887329
-0.072754,0.192505,1.082642
0.440063,-0.361572,1.034058
-0.430542,-0.010742,0.852173
0.505859,-0.104614,1.176147
-0.003540,-0.337280,0.886597
-0.130615,0.205444,1.074341
0.476685,-0.338989,1.062012
-0.430298,-0.050049,0.838379
0.471069,-0.075806,1.181274
0.009155,-0.325928,0.892944
-0.193481,0.230591,1.068604
0.520874,-0.315308,1.096802
-0.415405,-0.081543,0.824707
0.411499,-0.039185,1.173950
0.060181,-0.331909,0.910400
-0.245850,0.217041,1.033203
0.548828,-0.281250,1.123657
-0.375488,-0.135132,0.823120
0.343628,0.019043,1.168457
0.133545,-0.374634,0.920288
-0.290894,0.169312,0.983398
0.567749,-0.277344,1.128906
-0.332642,-0.179199,0.827759
0.274048,0.050781,1.152222
0.202271,-0.406128,0.937134
-0.330200,0.129395,0.926758
0.584351,-0.249878,1.135010
-0.296753,-0.199707,0.838257
0.196167,0.087646,1.138428
0.278198,-0.422607,0.959717
-0.377075,0.112061,0.901245
0.572144,-0.226562,1.139160
-0.247437,-0.227783,0.840698
0.121948,0.120483,1.113281
0.338135,-0.402588,0.986938
-0.420776,0.093872,0.890991
0.564697,-0.176636,1.157715
-0.190430,-0.236938,0.863525
0.039917,0.160522,1.109131
0.387695,-0.392212,1.010620
-0.423950,0.056885,0.861816
0.547607,-0.154907,1.160645
-0.117676,-0.250732,0.884155
-0.035034,0.201294,1.097046
0.439697,-0.382935,1.026978
-0.426880,0.006592,0.855347
0.518188,-0.114380,1.166260
-0.026733,-0.287842,0.904419
-0.097656,0.208496,1.094604
0.483643,-0.371460,1.052490
-0.434082,-0.018799,0.840454
0.478027,-0.076660,1.174194
0.042603,-0.343262,0.898682
-0.168579,0.217896,1.076416
0.512085,-0.330688,1.085205
-0.418823,-0.070312,0.820801
0.423462,-0.039185,1.168335
0.054565,-0.337891,0.907104
-0.230591,0.222778,1.046509
0.549683,-0.305298,1.115234
-0.381836,-0.119141,0.826294
0.353271,0.000000,1.155396
0.113647,-0.355713,0.920532
-0.281860,0.189209,0.994019
0.575806,-0.281250,1.131958
-0.349121,-0.178589,0.821655
0.281982,0.038330,1.141846
0.197998,-0.399536,0.927979
-0.333496,0.154053,0.937378
0.573120,-0.253906,1.129883
-0.290283,-0.212402,0.835327
0.205078,0.086670,1.126221
0.268799,-0.420532,0.953369
-0.372803,0.111328,0.891724
0.559937,-0.229614,1.123657
-0.243652,-0.231812,0.840088
0.129028,0.114502,1.110229
0.335449,-0.428589,0.976929
-0.415405,0.094849,0.860962
0.553955,-0.203735,1.128540
-0.199219,-0.251831,0.843262
0.051880,0.151733,1.103394
0.388428,-0.418945,1.004517
-0.442017,0.078735,0.855469
0.533569,-0.159546,1.141846
-0.141846,-0.256592,0.868530
-0.021118,0.185181,1.102539
0.431641,-0.417603,1.024170
-0.450928,0.029785,0.838501
0.510742,-0.122681,1.146973
-0.075317,-0.281494,0.874512
-0.081177,0.215332,1.093506
0.465332,-0.406372,1.041016
-0.441284,-0.004883,0.850464
0.476562,-0.080933,1.156616
-0.003540,-0.317139,0.894043
-0.133179,0.208374,1.071533
0.494995,-0.372925,1.053345
-0.428589,-0.060547,0.814819
0.426636,-0.048218,1.152710
0.058838,-0.348999,0.899902
-0.188721,0.195801,1.046143
0.519287,-0.357056,1.071899
-0.414551,-0.090576,0.809082
0.387329,-0.022827,1.143799
0.082275,-0.354614,0.897339
-0.238770,0.216064,1.028320
0.541382,-0.332275,1.083374
-0.396606,-0.135254,0.804321
0.327026,0.001709,1.131714
0.118164,-0.360229,0.910034
-0.295410,0.197144,0.989868
0.554565,-0.317017,1.104126
-0.366455,-0.180786,0.790771
0.268677,0.032349,1.116455
0.171265,-0.374023,0.913696
-0.332031,0.164673,0.945190
0.561890,-0.297607,1.096436
-0.343262,-0.209961,0.798950
0.207642,0.061157,1.107910
0.221069,-0.409668,0.926880
-0.364990,0.124390,0.896240
0.561646,-0.273438,1.099487
-0.304810,-0.228149,0.806763
0.146362,0.090820,1.094604
0.273193,-0.434204,0.931885
-0.395020,0.090576,0.854126
0.544678,-0.250977,1.092651
-0.263306,-0.229736,0.820435
0.090332,0.121826,1.081421
0.324341,-0.445679,0.947021
-0.431763,0.081299,0.835815
0.535767,-0.223022,1.099976
-0.218018,-0.251465,0.825073
0.032715,0.146240,1.084839
0.368042,-0.440796,0.965210
-0.458862,0.087158,0.830200
0.511475,-0.195923,1.094116
-0.171021,-0.255493,0.849243
-0.021729,0.153687,1.066772
0.399048,-0.432861,0.986694
-0.468628,0.060913,0.828003
0.493164,-0.159668,1.099121
-0.121582,-0.272339,0.862305
-0.074951,0.182739,1.070435
0.428467,-0.420044,1.002441
-0.472046,0.016235,0.812378
0.460815,-0.111938,1.112061
-0.063721,-0.302124,0.860718
-0.130005,0.188110,1.048096
0.456177,-0.415405,1.010742
-0.456299,-0.029175,0.803467
0.423096,-0.074951,1.114014
0.008667,-0.347168,0.867798
-0.185913,0.192871,1.024780
0.487305,-0.398926,1.034302
-0.442261,-0.064209,0.797241
0.380859,-0.053101,1.104126
0.063599,-0.371704,0.868408
-0.238037,0.178467,0.992432
0.505127,-0.370361,1.041870
-0.416382,-0.119995,0.788452
0.329590,-0.018066,1.094360
0.093872,-0.388550,0.866211
-0.289062,0.160767,0.961304
0.523071,-0.342163,1.049927
-0.393677,-0.152466,0.795288
0.269409,0.011475,1.086426
0.114380,-0.390137,0.866211
-0.336914,0.148926,0.920898
0.532227,-0.325928,1.062378
-0.373535,-0.175659,0.780640
0.208740,0.042236,1.065796
0.177246,-0.419434,0.863037
-0.390869,0.122314,0.876709
0.541748,-0.316650,1.062744
-0.342529,-0.216553,0.780640
0.141724,0.070801,1.058716
0.236084,-0.434814,0.886841
-0.426758,0.088135,0.834473
0.522827,-0.301636,1.049561
-0.295898,-0.244629,0.790161
0.080933,0.092163,1.060059
0.282349,-0.450684,0.900635
-0.460693,0.079468,0.802490
0.508301,-0.261353,1.055298
-0.257446,-0.255737,0.796143
0.021606,0.122681,1.056519
0.324585,-0.447998,0.923340
-0.481079,0.066528,0.784546
0.484253,-0.221680,1.060547
-0.206177,-0.241943,0.823120
-0.039551,0.150146,1.046387
0.368164,-0.450073,0.947632
-0.493164,0.049561,0.790283
0.459473,-0.169312,1.070312
-0.141846,-0.262085,0.833862
-0.095093,0.158325,1.028320
0.412476,-0.442505,0.964844
-0.497314,0.025757,0.792847
0.424194,-0.130127,1.054932
-0.075684,-0.305420,0.838989
-0.153564,0.145142,0.996948
0.444214,-0.421265,0.985718
-0.490967,-0.031250,0.773926
0.376587,-0.077271,1.079712
0.007935,-0.373169,0.825317
-0.227051,0.148315,0.963501
0.471924,-0.405884,0.995728
-0.463867,-0.094971,0.769165
0.315430,-0.043701,1.062744
0.062012,-0.422974,0.817993
-0.294434,0.157471,0.928345
0.494507,-0.376587,1.006836
-0.436279,-0.143433,0.768677
0.256226,-0.011841,1.048706
0.096558,-0.424072,0.810425
-0.350464,0.143066,0.888794
0.510010,-0.343506,1.025024
-0.407104,-0.168823,0.770996
0.191406,0.019775,1.039307
0.138306,-0.421021,0.828979
-0.409668,0.127686,0.842285
0.514771,-0.325684,1.020874
-0.365112,-0.198364,0.770264
0.115601,0.053711,1.030396
0.208130,-0.459595,0.843628
-0.463989,0.081299,0.791016
0.499878,-0.301270,1.029175
-0.304932,-0.219727,0.783081
0.033691,0.092407,1.027832
0.273926,-0.472412,0.872314
-0.493408,0.050659,0.761963
0.469727,-0.255981,1.028320
-0.240845,-0.250488,0.791138
-0.038818,0.128418,1.019653
0.324707,-0.458496,0.910522
-0.517700,0.056152,0.772461
0.440674,-0.196899,1.036377
-0.165039,-0.285400,0.808105
-0.113159,0.149170,0.997803
0.368286,-0.438110,0.936401
-0.517090,0.031250,0.772217
0.405518,-0.138916,1.040649
-0.086182,-0.338623,0.805054
-0.180664,0.156982,0.964722
0.413574,-0.424194,0.956909
-0.501831,-0.017944,0.762207
0.362915,-0.098389,1.039673
-0.000488,-0.399170,0.800049
-0.251709,0.169922,0.940796
0.445190,-0.410034,0.958496
-0.485229,-0.078857,0.760986
0.305664,-0.057739,1.032715
0.059937,-0.426514,0.793457
-0.323853,0.141724,0.890381
0.463501,-0.390869,0.969727
-0.458984,-0.112549,0.765991
0.238525,-0.023071,1.028076
0.099976,-0.440552,0.791260
-0.384521,0.132568,0.857910
0.479004,-0.368774,0.987793
-0.429565,-0.162354,0.753052
0.166748,0.015503,1.023193
0.124634,-0.426392,0.809692
-0.442383,0.126465,0.816162
0.486328,-0.323242,0.998535
-0.386597,-0.227173,0.739014
0.079590,0.064575,1.013672
0.196411,-0.453979,0.837158
-0.481689,0.090942,0.784302
0.483887,-0.296143,1.000122
-0.327515,-0.207153,0.771240
0.004761,0.104248,1.004883
0.259399,-0.462524,0.864136
-0.511108,0.053589,0.748535
0.463013,-0.243408,1.016357
-0.242310,-0.239258,0.800049
-0.075928,0.144653,0.994995
0.308105,-0.445068,0.886597
-0.525024,0.055908,0.760376
0.433594,-0.203003,1.022095
-0.160767,-0.276611,0.806763
-0.137451,0.154297,0.974365
0.354980,-0.437378,0.908936
-0.527832,0.039307,0.768188
0.402710,-0.149902,1.023193
-0.082153,-0.332153,0.804321
-0.212402,0.160400,0.951172
0.394043,-0.431274,0.924194
-0.521729,-0.005737,0.753662
0.354736,-0.097778,1.021606
-0.009644,-0.392944,0.788940
-0.281860,0.149170,0.897583
0.429932,-0.408081,0.933716
-0.504883,-0.067139,0.740356
0.294312,-0.053711,1.013306
0.042114,-0.453003,0.768555
-0.353027,0.150391,0.864136
0.459473,-0.386719,0.958740
-0.482178,-0.097168,0.740234
0.220459,-0.013550,1.009399
0.077271,-0.464600,0.770508
-0.413452,0.140869,0.828613
0.468872,-0.353760,0.967041
-0.446533,-0.136597,0.737915
0.149536,0.031982,1.007812
0.109131,-0.440430,0.792969
-0.464600,0.124878,0.800293
0.482544,-0.326050,0.979492
-0.404785,-0.177002,0.741943
0.075684,0.089233,1.011841
0.172974,-0.447998,0.817139
-0.506104,0.105835,0.770020
0.478027,-0.296021,0.984497
-0.330322,-0.192749,0.770996
-0.003052,0.128418,1.003052
0.234619,-0.437012,0.848999
-0.525635,0.070557,0.744995
0.462402,-0.261108,0.997803
-0.237549,-0.230225,0.791626
-0.075439,0.143555,0.979248
0.286377,-0.414795,0.893066
-0.542847,0.065674,0.753174
0.432617,-0.191162,1.010742
-0.161987,-0.297974,0.790527
-0.153809,0.155762,0.958984
0.339478,-0.409302,0.903198
-0.541382,0.044067,0.762329
0.393677,-0.139160,1.024536
-0.079346,-0.358521,0.780640
-0.219849,0.157837,0.919556
0.375854,-0.406982,0.916260
-0.541016,0.004028,0.741577
0.353394,-0.086060,1.024902
-0.016846,-0.416016,0.759277
-0.293335,0.162842,0.884277
0.412231,-0.395264,0.927856
-0.517700,-0.045898,0.737549
0.293579,-0.040283,1.012817
0.025024,-0.451172,0.744385
-0.357666,0.158691,0.847534
0.443481,-0.377197,0.944702
-0.491333,-0.083618,0.733765
0.223145,-0.002441,1.012939
0.062134,-0.442993,0.754883
-0.417847,0.150635,0.825195
0.463013,-0.346191,0.950806
-0.463013,-0.117188,0.734741
0.151855,0.044312,1.007080
0.098999,-0.434570,0.782715
-0.476318,0.144531,0.797607
0.459473,-0.312378,0.962280
-0.409424,-0.155884,0.749390
0.082275,0.091797,1.012207
0.149536,-0.423462,0.817993
-0.527588,0.141235,0.781616
0.460449,-0.281738,0.982422
-0.344604,-0.213013,0.751953
-0.000244,0.131592,0.996338
0.219360,-0.422119,0.845947
-0.551270,0.106201,0.758789
0.460449,-0.246704,0.988892
-0.253174,-0.222656,0.781128
-0.070435,0.166382,0.985718
0.271973,-0.414795,0.881470
-0.556885,0.077271,0.755981
0.438965,-0.197754,1.003052
-0.169189,-0.286255,0.775146
-0.138184,0.172974,0.956543
0.328003,-0.396973,0.897705
-0.552734,0.063843,0.768066
0.402710,-0.140625,1.018066
-0.093140,-0.368042,0.753174
-0.205566,0.168701,0.914062
0.373779,-0.392700,0.907349
-0.540771,0.021973,0.750366
0.356689,-0.083374,1.016602
-0.041870,-0.394531,0.751831
-0.284302,0.163818,0.877441
0.402832,-0.364502,0.933472
-0.526367,-0.015747,0.745361
0.289795,-0.031128,1.009277
-0.001343,-0.428345,0.743652
-0.359009,0.169678,0.846069
0.432373,-0.356323,0.933228
-0.507568,-0.065063,0.732300
0.221558,0.004272,1.006714
0.037354,-0.431763,0.749146
-0.422974,0.163208,0.817383
0.446777,-0.324219,0.952148
-0.475342,-0.103882,0.733521
0.156860,0.055176,1.009521
0.082520,-0.424072,0.777222
-0.480835,0.163696,0.805908
0.453857,-0.283813,0.963379
-0.426514,-0.136108,0.739502
0.084106,0.106201,1.022095
0.133057,-0.413818,0.814941
-0.536133,0.166382,0.784790
0.461548,-0.265503,0.977905
-0.348022,-0.167236,0.754395
0.009888,0.148438,1.008301
0.199341,-0.401123,0.845459
-0.562256,0.139160,0.779297
0.452148,-0.224731,0.990112
-0.249146,-0.228760,0.777466
-0.062500,0.167480,0.986694
0.265015,-0.390259,0.877075
-0.575073,0.118774,0.767090
0.437256,-0.175171,1.005615
-0.169556,-0.284180,0.767212
-0.137695,0.173706,0.951172
0.312500,-0.378906,0.892456
-0.569580,0.095703,0.760742
0.397949,-0.132935,1.011475
-0.101685,-0.353882,0.753296
-0.211792,0.170166,0.911987
0.359985,-0.368896,0.907227
-0.555054,0.062134,0.745117
0.354370,-0.078125,1.012085
-0.068481,-0.394531,0.728638
-0.290283,0.171509,0.878906
0.401001,-0.365112,0.919922
-0.551147,0.006714,0.732544
0.302734,-0.033081,1.005981
-0.024292,-0.409668,0.734619
-0.359619,0.179688,0.860474
0.430664,-0.344604,0.939453
-0.525879,-0.030640,0.724365
0.230957,0.008301,1.010132
0.012207,-0.398682,0.754028
-0.422729,0.189087,0.844849
0.439819,-0.313354,0.957764
-0.492310,-0.092285,0.734985
0.165405,0.058228,1.013794
0.052124,-0.390137,0.776123
-0.483521,0.201050,0.831787
0.449463,-0.286133,0.964478
-0.441162,-0.139893,0.735229
0.102539,0.099243,1.021484
0.104614,-0.385742,0.811768
-0.526978,0.185791,0.803101
0.444580,-0.252808,0.980591
-0.367065,-0.160645,0.755493
0.033325,0.130981,1.002075
0.159424,-0.381714,0.828613
-0.562866,0.177734,0.786865
0.448730,-0.217041,0.994385
-0.294922,-0.213501,0.753174
-0.032104,0.158813,0.997681
0.224609,-0.382568,0.866699
-0.577759,0.168823,0.780396
0.438354,-0.181396,1.001709
-0.226685,-0.257080,0.753052
-0.092529,0.172485,0.967651
0.271484,-0.373047,0.882080
-0.583984,0.145386,0.777222
0.426514,-0.151123,1.011108
-0.175293,-0.290894,0.754517
-0.146606,0.184082,0.941284
0.322510,-0.380737,0.888672
-0.584351,0.125366,0.761841
0.402588,-0.115234,1.020508
-0.128418,-0.332764,0.744629
-0.213013,0.181519,0.920776
0.354126,-0.378418,0.898560
-0.576660,0.088379,0.751465
0.365967,-0.085083,1.019043
-0.097290,-0.381104,0.725708
-0.276489,0.189819,0.892456
0.388916,-0.371826,0.916260
-0.567261,0.040649,0.731323
0.320435,-0.044922,1.007324
-0.065308,-0.403320,0.716797
-0.342529,0.200806,0.878296
0.412109,-0.356812,0.924683
-0.546753,-0.001587,0.714355
0.261963,-0.004761,1.013306
-0.049194,-0.396240,0.725098
-0.400024,0.213013,0.860718
0.423218,-0.331665,0.944092
-0.527100,-0.057617,0.714966
0.202759,0.029663,1.001587
-0.005249,-0.386719,0.759521
-0.448608,0.219116,0.854980
0.433472,-0.306641,0.960815
-0.502441,-0.086914,0.726440
0.155884,0.066650,1.019287
0.031738,-0.391479,0.776733
-0.495361,0.219971,0.840942
0.442017,-0.284912,0.971436
-0.448730,-0.123291,0.741699
0.097534,0.103394,1.016968
0.082764,-0.385376,0.804321
-0.535767,0.221069,0.834229
0.445801,-0.257202,0.975708
-0.403442,-0.178711,0.726685
0.049683,0.120239,1.008789
0.134888,-0.380127,0.829956
-0.560547,0.196777,0.807495
0.442627,-0.227539,0.988525
-0.333740,-0.208984,0.740112
-0.005005,0.144653,1.004517
0.193848,-0.384155,0.851929
-0.580811,0.180420,0.804443
0.433350,-0.191895,0.997803
-0.269287,-0.239380,0.740845
-0.077271,0.165771,0.981445
0.247681,-0.385132,0.870972
-0.593994,0.160645,0.778809
0.415894,-0.165283,1.000732
-0.213623,-0.288940,0.740356
-0.135498,0.174438,0.955078
0.293579,-0.378052,0.885254
-0.596069,0.134766,0.770508
0.399292,-0.133545,1.003418
-0.178711,-0.325684,0.722656
-0.193481,0.178101,0.931274
0.331909,-0.386475,0.892212
-0.588745,0.097168,0.750977
0.373169,-0.106201,1.020386
-0.144775,-0.357910,0.709351
-0.260864,0.193359,0.915649
0.371094,-0.383179,0.897949
-0.580933,0.058594,0.733643
0.331299,-0.070435,1.007324
-0.110840,-0.383423,0.710449
-0.330444,0.203613,0.894775
0.391968,-0.375366,0.914917
-0.562134,0.009155,0.716064
0.277100,-0.028931,1.003296
-0.080078,-0.394043,0.723145
-0.391357,0.216797,0.876709
0.410156,-0.347046,0.927734
-0.553955,-0.046265,0.697876
0.223022,-0.003906,1.005127
-0.057251,-0.370239,0.759033
-0.451782,0.228516,0.878174
0.422729,-0.329224,0.945435
-0.526978,-0.094604,0.701660
0.160034,0.033081,1.009521
-0.000854,-0.378662,0.779175
-0.502808,0.228271,0.857422
0.436157,-0.295044,0.966797
-0.357666,-0.227905,0.741821
-0.007812,0.100708,1.010376
0.060913,-0.383789,0.809082
-0.570190,0.139038,0.792480
0.434448,-0.235596,1.003296
-0.297241,-0.289062,0.724731
-0.071045,0.117310,0.989502
0.241821,-0.426636,0.873047
-0.578003,0.092285,0.778687
0.417969,-0.194946,1.025757
-0.254395,-0.284058,0.726318
-0.137207,0.150513,0.984497
0.287109,-0.416260,0.895508
-0.578003,0.062256,0.765381
0.397827,-0.168701,1.029053
-0.218506,-0.322144,0.714478
-0.213867,0.167725,0.963745
0.332153,-0.401733,0.912720
-0.571655,0.019531,0.753418
0.375732,-0.133789,1.042969
-0.189331,-0.317139,0.730469
-0.266113,0.176147,0.948242
0.366211,-0.390015,0.938965
-0.561890,-0.031494,0.743042
0.339966,-0.099365,1.052856
-0.151123,-0.342041,0.747314
-0.333496,0.174316,0.911743
0.392334,-0.384399,0.946045
-0.548340,-0.070679,0.723267
0.303223,-0.065674,1.056763
-0.111816,-0.347412,0.757935
-0.387329,0.202637,0.899780
0.423096,-0.352173,0.960938
-0.528320,-0.116577,0.701660
0.240601,-0.032349,1.051025
-0.041504,-0.365723,0.794189
-0.443604,0.217407,0.896362
0.439087,-0.321289,0.989868
-0.501343,-0.156738,0.698364
0.182739,0.004761,1.049072
0.026611,-0.382202,0.818115
-0.489868,0.199097,0.871948
0.454468,-0.303833,1.006348
-0.474609,-0.167358,0.732910
0.124756,0.046265,1.049194
0.094604,-0.396362,0.838257
-0.514404,0.169312,0.852051
0.457031,-0.276978,1.019775
-0.415527,-0.197388,0.749268
0.058228,0.065674,1.038696
0.158569,-0.407959,0.854614
-0.521973,0.131470,0.817017
0.452271,-0.240234,1.034546
-0.332642,-0.258301,0.756226
0.000732,0.083252,1.025024
0.212402,-0.417969,0.868286
-0.534546,0.107300,0.806641
0.448486,-0.216675,1.044312
-0.270020,-0.280762,0.757446
-0.057983,0.104858,1.009521
0.263672,-0.418457,0.891602
-0.542358,0.079834,0.791626
0.442749,-0.189087,1.060669
-0.234131,-0.291138,0.745850
-0.117432,0.134155,1.005005
0.307129,-0.418823,0.918457
-0.541992,0.037720,0.781250
0.431030,-0.162109,1.074097
-0.208618,-0.286621,0.749268
-0.187134,0.160278,0.996094
0.349487,-0.402222,0.939941
-0.534180,0.004272,0.770752
0.405762,-0.122925,1.083008
-0.179810,-0.299072,0.760498
-0.248413,0.180298,0.976440
0.390259,-0.389893,0.963501
-0.524170,-0.045654,0.762451
0.378540,-0.088745,1.089478
-0.138062,-0.310303,0.770386
-0.292480,0.187988,0.958862
0.418213,-0.372559,0.989136
-0.514038,-0.091675,0.741089
0.342651,-0.071777,1.091187
-0.087402,-0.324341,0.784058
-0.344116,0.185791,0.925659
0.434814,-0.349731,0.997437
-0.487915,-0.131592,0.734253
0.301392,-0.042969,1.096680
-0.036011,-0.356934,0.795776
-0.389038,0.185913,0.921997
0.455078,-0.347778,1.008545
-0.464600,-0.173828,0.733276
0.248169,-0.010742,1.087891
0.029175,-0.364502,0.822266
-0.427246,0.195557,0.907837
0.480347,-0.303833,1.035522
-0.435181,-0.199585,0.742920
0.186768,0.018188,1.078369
0.099243,-0.382080,0.857666
-0.460449,0.164429,0.880127
0.485840,-0.276245,1.042236
-0.410278,-0.228760,0.746460
0.128906,0.038208,1.069580
0.156372,-0.384521,0.885986
-0.483765,0.135254,0.859741
0.487183,-0.249146,1.062622
-0.367432,-0.230103,0.764160
0.073364,0.059814,1.057373
0.206299,-0.380493,0.903564
-0.482422,0.096069,0.827393
0.487671,-0.208252,1.081543
-0.276367,-0.284668,0.781006
0.014160,0.082031,1.045898
0.252441,-0.394043,0.910278
-0.488525,0.077759,0.817871
0.481323,-0.189575,1.088501
-0.211914,-0.307373,0.786499
-0.046143,0.116333,1.036133
0.302002,-0.397705,0.931641
-0.493896,0.049438,0.810669
0.479492,-0.158691,1.108398
-0.176758,-0.296875,0.793457
-0.108032,0.133057,1.026733
0.349609,-0.402588,0.957764
-0.495361,0.006592,0.791870
0.461914,-0.124268,1.119141
-0.149780,-0.290527,0.795776
-0.171631,0.177246,1.020386
0.395264,-0.383545,0.982178
-0.499390,-0.025879,0.790649
0.433228,-0.092407,1.136108
-0.122070,-0.289673,0.810181
-0.231689,0.193115,1.010864
0.435425,-0.360229,1.017822
-0.483398,-0.069214,0.785400
0.401733,-0.055786,1.141113
-0.072144,-0.292969,0.828979
-0.283569,0.208618,0.996826
0.465210,-0.345825,1.040161
-0.467896,-0.102173,0.777344
0.358276,-0.033081,1.137573
-0.012085,-0.325928,0.834717
-0.327393,0.183472,0.958740
0.493652,-0.326782,1.049561
-0.429443,-0.166992,0.755371
0.302368,-0.007446,1.134155
0.058105,-0.362183,0.847778
-0.364868,0.182983,0.926025
0.510620,-0.307373,1.064331
-0.392334,-0.206787,0.765625
0.242188,0.017578,1.115112
0.125000,-0.374146,0.880615
-0.410034,0.157349,0.914795
0.523315,-0.265625,1.092773
-0.357422,-0.235107,0.780396
0.169800,0.041382,1.109009
0.195190,-0.377075,0.914795
-0.436646,0.130127,0.884521
0.526855,-0.233398,1.102783
-0.323730,-0.259399,0.784302
0.101807,0.066406,1.086060
0.252930,-0.386353,0.941772
-0.456177,0.109131,0.865234
0.532837,-0.204102,1.114258
-0.262451,-0.291626,0.798340
0.037354,0.089600,1.070435
0.300781,-0.371460,0.956421
-0.457520,0.057617,0.840698
0.520508,-0.172119,1.129150
-0.161011,-0.308228,0.817261
-0.034180,0.122192,1.064575
0.349976,-0.379883,0.971558
-0.457886,0.026978,0.841431
0.517700,-0.124756,1.155518
-0.120239,-0.324829,0.816040
-0.099731,0.148804,1.050171
0.403320,-0.380371,1.005859
-0.468506,-0.003418,0.829346
0.486328,-0.085693,1.162354
-0.089233,-0.312500,0.833984
-0.162842,0.189453,1.039307
0.446899,-0.367188,1.026733
-0.462524,-0.053345,0.811523
0.448730,-0.051636,1.170898
-0.044067,-0.293091,0.852417
-0.229492,0.217651,1.042236
0.491333,-0.343018,1.059692
-0.453857,-0.090942,0.794556
0.395020,-0.020386,1.174683
0.012329,-0.322144,0.867920
-0.286011,0.217285,1.009277
0.520142,-0.321289,1.085938
-0.426636,-0.140381,0.787231
0.332886,0.008423,1.157349
0.083130,-0.341553,0.884766
-0.322021,0.182861,0.969482
0.541016,-0.296265,1.100220
-0.366943,-0.208740,0.793213
0.260132,0.035400,1.142700
0.151611,-0.375732,0.902588
-0.366821,0.162476,0.929443
0.555542,-0.265991,1.111572
-0.323486,-0.233521,0.808228
0.191406,0.068970,1.130127
0.224609,-0.404053,0.927734
-0.404907,0.144531,0.911499
0.555420,-0.227661,1.124146
-0.277710,-0.254883,0.818359
0.121094,0.097168,1.113403
0.287598,-0.393799,0.962036
-0.421875,0.109131,0.882935
0.558228,-0.193237,1.135864
-0.236572,-0.262817,0.840576
0.053345,0.127319,1.104736
0.341675,-0.385742,0.986084
-0.439575,0.059204,0.862549
0.539795,-0.163940,1.155762
-0.161987,-0.287231,0.851685
-0.008301,0.141113,1.082397
0.376953,-0.373901,1.004639
-0.441284,0.028320,0.843750
0.522217,-0.128052,1.162842
-0.070068,-0.324707,0.863281
-0.071289,0.157104,1.070312
0.417969,-0.350952,1.025879
-0.438843,-0.008667,0.836426
0.498169,-0.091187,1.172485
-0.052002,-0.317749,0.860718
-0.133667,0.191772,1.065796
0.463501,-0.335449,1.058472
-0.433960,-0.048218,0.834229
0.461548,-0.049194,1.182007
-0.018433,-0.326782,0.870361
-0.197266,0.211304,1.052490
0.506714,-0.318359,1.091187
-0.419556,-0.094727,0.822021
0.412598,-0.010620,1.182739
0.030884,-0.324829,0.888184
-0.246338,0.219727,1.026367
0.543823,-0.307129,1.108276
-0.393066,-0.154297,0.813599
0.356201,0.020996,1.173218
0.093018,-0.348633,0.904663
-0.296265,0.185669,0.987061
0.563110,-0.289551,1.121582
-0.351562,-0.197632,0.810303
0.284912,0.050171,1.158081
0.163696,-0.388672,0.912476
-0.336304,0.143555,0.937378
0.573486,-0.273682,1.126709
-0.310669,-0.232056,0.821899
0.218750,0.086304,1.148560
0.236450,-0.415161,0.933960
-0.378052,0.135498,0.919800
0.574341,-0.247559,1.127319
-0.272827,-0.242798,0.831543
0.144531,0.110718,1.133789
0.296631,-0.411987,0.967773
-0.396362,0.117920,0.901489
0.567749,-0.206543,1.146973
-0.230103,-0.253418,0.848633
0.092163,0.123901,1.120239
0.350220,-0.398193,0.995850
-0.420288,0.093262,0.882568
0.556274,-0.173218,1.149048
-0.177368,-0.258301,0.859985
0.022949,0.150879,1.105103
0.390137,-0.379395,1.017944
-0.421021,0.050781,0.867798
0.534668,-0.137085,1.157471
-0.110107,-0.276245,0.877075
-0.033569,0.162231,1.093262
0.424805,-0.378540,1.030640
-0.430786,0.018433,0.855957
0.517334,-0.107788,1.171021
-0.030762,-0.313721,0.888672
-0.090088,0.181519,1.087769
0.459595,-0.361572,1.047729
-0.430908,-0.018188,0.851440
0.488281,-0.068481,1.183105
-0.001587,-0.327393,0.885498
-0.151611,0.199097,1.070312
0.502319,-0.334106,1.081177
-0.425537,-0.061890,0.832397
0.448486,-0.030273,1.182495
0.024902,-0.323730,0.898193
-0.211548,0.215210,1.061035
0.530640,-0.326294,1.101074
-0.403320,-0.105469,0.823242
0.401245,-0.001831,1.174805
0.071899,-0.333496,0.915527
-0.257446,0.220459,1.027344
0.554688,-0.296509,1.124268
-0.364258,-0.150146,0.827026
0.341431,0.022461,1.161011
0.140137,-0.353271,0.932983
-0.299927,0.193115,0.991699
0.564575,-0.274414,1.133789
-0.333008,-0.209473,0.818359
0.282837,0.061646,1.154297
0.199585,-0.404175,0.935547
-0.336060,0.151611,0.942871
0.581177,-0.265747,1.124878
-0.300415,-0.241333,0.813721
0.220215,0.094116,1.143066
0.264648,-0.414551,0.953003
-0.364136,0.128174,0.914551
0.573853,-0.240967,1.137207
-0.268921,-0.255249,0.817261
0.153198,0.118042,1.136597
0.319702,-0.435547,0.974365
-0.397461,0.126221,0.900879
0.572021,-0.214355,1.146973
-0.237061,-0.253662,0.834351
0.090210,0.136230,1.121948
0.359497,-0.420654,0.993530
-0.418457,0.112305,0.881714
0.563965,-0.182007,1.152832
-0.200073,-0.246216,0.846069
0.034546,0.161743,1.118896
0.404785,-0.414551,1.020874
-0.421387,0.068970,0.875122
0.547607,-0.156494,1.152588
-0.138428,-0.246826,0.875366
-0.020874,0.184937,1.093994
0.439331,-0.384521,1.036133
-0.414795,0.023682,0.863525
0.526733,-0.125977,1.165283
-0.074097,-0.268677,0.892700
-0.082397,0.189941,1.083740
0.465576,-0.367065,1.050171
-0.421387,-0.015503,0.852295
0.498535,-0.093262,1.173218
0.006592,-0.302124,0.906860
-0.134033,0.196045,1.065796
0.488770,-0.348755,1.060181
-0.412231,-0.057251,0.838379
0.457397,-0.065918,1.159424
0.048950,-0.326172,0.909546
-0.185303,0.194458,1.044800
0.507935,-0.325317,1.086182
-0.399414,-0.093506,0.824341
0.411865,-0.012817,1.168701
0.065308,-0.324463,0.914185
-0.237549,0.203613,1.027832
0.542603,-0.310669,1.107300
-0.384766,-0.144409,0.809570
0.355469,0.019165,1.160400
0.116821,-0.350952,0.926514
-0.283569,0.201294,1.003540
0.562866,-0.300171,1.124390
-0.361572,-0.189941,0.805298
0.298706,0.050415,1.150879
0.174927,-0.372070,0.934326
-0.315430,0.175293,0.963623
0.574219,-0.290039,1.114624
-0.331665,-0.212036,0.817749
0.240479,0.065063,1.137817
0.227051,-0.395508,0.942627
-0.341064,0.152954,0.928955
0.578247,-0.273315,1.120605
-0.305542,-0.237305,0.810669
0.177368,0.090332,1.114990
0.279419,-0.443237,0.950562
-0.373535,0.129395,0.891357
0.568848,-0.256348,1.117798
-0.264771,-0.232666,0.825439
0.129639,0.109131,1.113403
0.317749,-0.447510,0.954712
-0.398193,0.113647,0.873901
0.562866,-0.222534,1.124268
-0.244507,-0.238892,0.828735
0.083252,0.133911,1.105591
0.352783,-0.449829,0.971924
-0.415527,0.103638,0.868286
0.555176,-0.203613,1.125488
-0.206055,-0.228882,0.845703
0.041870,0.158081,1.105469
0.384644,-0.440674,0.984131
-0.432495,0.077881,0.858398
0.539551,-0.177734,1.133423
-0.177856,-0.220337,0.874390
-0.007812,0.169312,1.087769
0.412354,-0.432373,1.004761
-0.437622,0.046021,0.844482
0.522095,-0.143188,1.131836
-0.130249,-0.230957,0.877686
-0.053955,0.183716,1.090210
0.443237,-0.426758,1.015137
-0.438110,0.017334,0.842285
0.499146,-0.127197,1.132568
-0.084595,-0.256958,0.892700
-0.093018,0.189941,1.078369
0.460571,-0.408203,1.025635
-0.442993,-0.018555,0.827271
0.469238,-0.095459,1.137939
-0.020996,-0.282959,0.896118
-0.134033,0.191284,1.059448
0.482300,-0.388794,1.038086
-0.434692,-0.047119,0.822998
0.438599,-0.075439,1.137085
0.036133,-0.326172,0.900513
-0.175659,0.193604,1.040527
0.503296,-0.378418,1.051880
-0.429932,-0.076172,0.811035
0.406738,-0.051392,1.134766
0.075317,-0.346436,0.902588
-0.214966,0.196411,1.016235
0.516846,-0.349731,1.064697
-0.405518,-0.119019,0.801514
0.365112,-0.025269,1.129028
0.080811,-0.350220,0.893799
-0.250854,0.188354,0.997070
0.540405,-0.327515,1.077271
-0.397705,-0.159424,0.787964
0.319214,-0.003784,1.121338
0.118408,-0.367065,0.901855
-0.304199,0.185669,0.973389
0.557007,-0.320801,1.092041
-0.369995,-0.190430,0.789429
0.255737,0.026733,1.111328
0.166626,-0.397339,0.902588
-0.345215,0.162598,0.934204
0.557495,-0.305054,1.089355
-0.346924,-0.221558,0.787476
0.201782,0.057861,1.090332
0.218384,-0.432251,0.904419
-0.372925,0.132935,0.887329
0.561035,-0.293823,1.083496
-0.312866,-0.232788,0.793579
0.141235,0.091431,1.086182
0.268677,-0.443481,0.918701
-0.401611,0.111328,0.855713
0.547729,-0.262207,1.085938
-0.284546,-0.227295,0.808228
0.088745,0.114136,1.074219
0.312744,-0.451294,0.941895
-0.426758,0.076050,0.841553
0.533569,-0.236572,1.090332
-0.237183,-0.226074,0.824463
0.027588,0.147339,1.074707
0.352295,-0.441406,0.953613
-0.451660,0.077026,0.831543
0.520264,-0.207520,1.092773
-0.195923,-0.217896,0.848145
-0.028931,0.161133,1.059570
0.392090,-0.439575,0.969482
-0.460693,0.043091,0.821045
0.498169,-0.173462,1.097168
-0.127930,-0.248413,0.853394
-0.078003,0.175171,1.059082
0.421265,-0.426880,0.986572
-0.464722,0.014771,0.818970
0.459351,-0.131836,1.096558
-0.061279,-0.285400,0.873413
-0.134277,0.176025,1.035034
0.449585,-0.416138,1.006470
-0.459717,-0.034302,0.790161
0.419800,-0.094238,1.101196
0.013184,-0.328979,0.880371
-0.187256,0.171875,1.011719
0.472412,-0.403442,1.022949
-0.451416,-0.072632,0.788086
0.378052,-0.061523,1.091919
0.062988,-0.367920,0.872192
-0.227539,0.174683,0.989868
0.500854,-0.378540,1.033691
-0.431885,-0.112915,0.775146
0.319214,-0.025024,1.082520
0.095825,-0.382568,0.874268
-0.275024,0.158691,0.958374
0.518188,-0.347290,1.047485
-0.412231,-0.158936,0.772339
0.257935,0.009766,1.070679
0.115234,-0.385864,0.863159
-0.317017,0.153687,0.930542
0.533813,-0.325562,1.063843
-0.396606,-0.187988,0.770264
0.208130,0.039673,1.072632
0.167358,-0.419678,0.860840
-0.366455,0.134399,0.893555
0.547363,-0.325439,1.066284
-0.362427,-0.201294,0.777832
0.148438,0.057007,1.060425
0.207764,-0.451050,0.868408
-0.394287,0.101929,0.856689
0.542114,-0.316650,1.050659
-0.329224,-0.226562,0.783569
0.095581,0.080933,1.046875
0.248291,-0.466064,0.881958
-0.428223,0.089600,0.823853
0.537720,-0.291016,1.057373
-0.299316,-0.231934,0.797974
0.052002,0.110352,1.046509
0.283447,-0.466675,0.896851
-0.445557,0.064453,0.808350
0.519653,-0.267578,1.054810
-0.260498,-0.193726,0.831299
0.007935,0.133911,1.054688
0.321411,-0.463989,0.919800
-0.468872,0.062378,0.792114
0.500122,-0.228149,1.062622
-0.221558,-0.220581,0.826538
-0.025024,0.154419,1.053223
0.347046,-0.476440,0.923462
-0.483154,0.062012,0.799316
0.488403,-0.200684,1.064575
-0.194824,-0.211304,0.842041
-0.057861,0.169189,1.045898
0.367432,-0.473511,0.932129
-0.492676,0.051880,0.793701
0.466187,-0.191895,1.064453
-0.166016,-0.221680,0.838501
-0.082886,0.164307,1.035645
0.385864,-0.481445,0.941528
-0.504639,0.049072,0.795532
0.451416,-0.176270,1.053955
-0.124146,-0.252197,0.847168
-0.106689,0.177490,1.034302
0.395996,-0.462891,0.944214
-0.497681,0.030029,0.787231
0.439697,-0.161743,1.061646
-0.105103,-0.267334,0.837646
-0.123291,0.173462,1.028931
0.421021,-0.456909,0.954834
-0.507935,0.011108,0.781372
0.420898,-0.153687,1.056396
-0.080200,-0.296997,0.830566
-0.136108,0.175537,1.017090
0.427124,-0.454468,0.958862
-0.506958,0.001831,0.781128
0.408569,-0.147461,1.048584
-0.062622,-0.315552,0.831543
-0.149414,0.162842,0.998657
0.441284,-0.430908,0.978394
-0.508545,-0.006958,0.774292
0.398315,-0.136475,1.052979
-0.048340,-0.349487,0.817505
-0.169189,0.155396,0.991089
0.443970,-0.424072,0.976929
-0.501709,-0.024658,0.773682
0.383789,-0.123413,1.049805
-0.029907,-0.359009,0.818359
-0.194092,0.155884,0.975098
0.447632,-0.408569,0.983032
-0.489502,-0.040894,0.773071
0.370239,-0.115723,1.048096
-0.001099,-0.382690,0.825073
-0.213013,0.149292,0.951294
0.451782,-0.404785,0.987427
-0.484741,-0.054199,0.766846
0.367798,-0.106445,1.061890
0.011475,-0.408203,0.816772
-0.242432,0.145020,0.940918
0.461914,-0.417114,0.974609
-0.481201,-0.059448,0.766602
0.347168,-0.088257,1.057007
0.027222,-0.422119,0.810303
-0.242554,0.146484,0.933594
0.466431,-0.406006,0.976440
-0.484375,-0.064209,0.761230
0.339233,-0.079956,1.056519
0.031128,-0.406372,0.820923
-0.258179,0.132690,0.924438
0.458130,-0.402710,0.979736
-0.481201,-0.075928,0.762817
0.337646,-0.075684,1.045532
0.025269,-0.398315,0.820190
-0.266846,0.128784,0.913818
0.461182,-0.408569,0.968262
-0.470093,-0.076294,0.770630
0.324707,-0.057129,1.059570
0.032715,-0.392578,0.819580
-0.268921,0.120239,0.914917
0.448730,-0.416748,0.964355
-0.482910,-0.083252,0.756470
0.326538,-0.064453,1.054077
0.034912,-0.372314,0.822632
-0.261841,0.117432,0.909302
0.455444,-0.429810,0.955688
-0.487427,-0.095337,0.746948
0.322021,-0.055664,1.038574
0.033569,-0.380981,0.818604
-0.277588,0.142822,0.907104
0.456421,-0.431763,0.962158
-0.494629,-0.089966,0.740479
0.322510,-0.068726,1.040527
0.030640,-0.379517,0.803589
-0.274414,0.134155,0.910767
0.462891,-0.427734,0.963745
-0.499023,-0.090332,0.749390
0.320068,-0.071655,1.037842
0.024780,-0.391602,0.809082
-0.263794,0.134033,0.919556
0.459106,-0.423340,0.966675
-0.491821,-0.084473,0.754639
0.315063,-0.062012,1.037354
0.018677,-0.392334,0.801514
-0.264771,0.129761,0.907959
0.457642,-0.427002,0.958008
-0.495605,-0.074951,0.750854
0.313965,-0.065674,1.035278
0.015259,-0.370972,0.806519
-0.263062,0.136108,0.908569
0.452637,-0.431885,0.955811
-0.498901,-0.082153,0.746948
0.314941,-0.061523,1.027222
0.019897,-0.371216,0.810181
-0.273193,0.137695,0.898804
0.450684,-0.428467,0.956665
-0.500244,-0.093018,0.745239
0.320923,-0.068604,1.032349
0.021851,-0.372925,0.807251
-0.273071,0.144775,0.895386
0.453857,-0.423340,0.958374
-0.499146,-0.084473,0.747803
0.315308,-0.063477,1.032104
0.031372,-0.384155,0.806030
-0.280396,0.143555,0.895630
0.453613,-0.420166,0.957397
-0.499634,-0.098389,0.746338
0.303345,-0.061646,1.034302
0.025513,-0.390015,0.801514
-0.292358,0.144897,0.890259
0.449585,-0.412720,0.958252
-0.493286,-0.100952,0.745972
0.294800,-0.058350,1.019653
0.031860,-0.397827,0.793701
-0.292480,0.140259,0.882202
0.449585,-0.406616,0.959229
-0.492676,-0.112671,0.742920
0.286987,-0.046021,1.028809
0.037476,-0.410034,0.795654
-0.304932,0.145996,0.876953
0.456665,-0.409058,0.952637
-0.493408,-0.103271,0.746704
0.271484,-0.046265,1.015747
0.044312,-0.422119,0.785278
-0.313354,0.147705,0.873413
0.461670,-0.404785,0.963013
-0.497070,-0.104248,0.734375
0.270752,-0.052246,1.009521
0.049194,-0.419556,0.781616
-0.322510,0.143066,0.870850
0.464966,-0.400635,0.956055
-0.493530,-0.117310,0.740356
0.257080,-0.039917,1.010986
0.054932,-0.435425,0.781860
-0.333374,0.146851,0.865356
0.471436,-0.387085,0.968750
-0.490234,-0.111694,0.747192
0.237671,-0.025269,1.014893
0.058350,-0.439453,0.781250
-0.349609,0.140991,0.849609
0.472534,-0.379150,0.984131
-0.478516,-0.122681,0.744019
0.220337,-0.008301,1.002686
0.069336,-0.457153,0.778687
-0.355225,0.139526,0.850464
0.474121,-0.371826,0.967285
-0.472534,-0.129150,0.745117
0.211548,-0.010010,1.010986
0.072266,-0.459351,0.764893
-0.378296,0.143188,0.840454
0.477173,-0.352173,0.977295
-0.410156,-0.134644,0.750610
0.083374,0.102295,1.014526
0.081421,-0.476440,0.765991
-0.516968,0.167480,0.789917
0.472168,-0.260742,0.985840
-0.395630,-0.138672,0.757568
0.057007,0.117920,1.018555
0.140503,-0.439941,0.808960
-0.526367,0.178955,0.787109
0.467285,-0.264038,0.978027
-0.376221,-0.150146,0.755249
0.042847,0.128296,1.017944
0.156982,-0.425415,0.817383
-0.546753,0.178955,0.789917
0.470703,-0.259888,0.980713
-0.356201,-0.153931,0.767334
0.022461,0.140015,1.003418
0.183228,-0.426392,0.830444
-0.561646,0.179565,0.775757
0.463623,-0.247437,0.983643
-0.326538,-0.167236,0.766479
-0.000977,0.147095,1.009399
0.205688,-0.426270,0.832031
-0.572510,0.176270,0.782349
0.460205,-0.237915,0.987915
-0.299927,-0.202515,0.757324
-0.024292,0.156128,0.998047
0.227295,-0.419067,0.852783
-0.581909,0.168213,0.771729
0.453857,-0.234741,0.989380
-0.261719,-0.217041,0.763306
-0.047241,0.167236,0.993408
0.253052,-0.422607,0.862427
-0.588867,0.157837,0.768799
0.447876,-0.209839,0.999512
-0.237549,-0.220337,0.773193
-0.074219,0.174561,0.980713
0.279785,-0.408203,0.875732
-0.593262,0.151611,0.761597
0.440552,-0.193481,0.997192
-0.205688,-0.264160,0.763306
-0.100586,0.180786,0.973877
0.299316,-0.406982,0.883789
-0.586182,0.136597,0.765381
0.430786,-0.182251,1.007324
-0.181152,-0.272461,0.755981
-0.122192,0.187012,0.959473
0.320190,-0.407715,0.887329
-0.597046,0.128662,0.765503
0.420532,-0.164551,1.004517
-0.157227,-0.310425,0.760376
-0.155640,0.176514,0.941162
0.338379,-0.395996,0.901245
-0.592285,0.127563,0.767700
0.406372,-0.145142,1.010254
-0.125977,-0.340942,0.754028
-0.185547,0.176880,0.931396
0.361572,-0.380371,0.909668
-0.580566,0.110962,0.766968
0.382568,-0.118286,1.005859
-0.097778,-0.353638,0.750854
-0.227417,0.175903,0.908081
0.373657,-0.373291,0.908325
-0.570557,0.083008,0.755615
0.355103,-0.094604,0.997803
-0.077271,-0.364990,0.744385
-0.260254,0.197754,0.903931
0.402466,-0.365479,0.922852
-0.568604,0.040771,0.746216
0.314697,-0.074341,0.990356
-0.056152,-0.390869,0.735352
-0.307007,0.183594,0.879883
0.417603,-0.351807,0.927734
-0.548340,0.000977,0.732544
0.268066,-0.037842,0.989014
-0.028076,-0.411499,0.733765
-0.360962,0.176514,0.850098
0.425903,-0.328735,0.942749
-0.518677,-0.031738,0.730713
0.214111,0.010132,0.995605
-0.000977,-0.402466,0.746460
-0.411987,0.183350,0.844604
0.440063,-0.308472,0.953247
-0.494629,-0.076538,0.731201
0.160889,0.058960,1.012695
0.036499,-0.411743,0.765625
-0.468506,0.192627,0.827271
0.449829,-0.286621,0.969238
-0.448120,-0.115112,0.746094
0.109009,0.097290,1.020508
0.075317,-0.397461,0.795776
-0.517334,0.192383,0.811157
0.448730,-0.265747,0.979126
-0.391968,-0.136230,0.752441
0.059204,0.122314,1.014160
0.136353,-0.390381,0.816040
-0.560913,0.190918,0.790405
0.444458,-0.234741,0.980225
-0.310059,-0.195312,0.753784
-0.009033,0.151367,0.998779
0.199829,-0.387695,0.843384
-0.584351,0.187134,0.777466
0.445923,-0.208618,0.985352
-0.247070,-0.232788,0.768188
-0.074829,0.160889,0.972534
0.259766,-0.387939,0.870483
-0.592773,0.165894,0.774170
0.424072,-0.163086,1.004517
-0.173950,-0.295044,0.752808
-0.137085,0.172485,0.950684
0.308472,-0.393677,0.883423
-0.593872,0.116089,0.764404
0.397339,-0.133667,1.007568
-0.131836,-0.343140,0.731934
-0.214844,0.187622,0.921265
0.361816,-0.374878,0.909302
-0.576294,0.092773,0.756958
0.356323,-0.091309,1.006958
-0.103271,-0.362183,0.727173
-0.272095,0.184326,0.888916
0.386230,-0.352661,0.924683
-0.559570,0.041260,0.734985
0.302979,-0.044800,0.995850
-0.068115,-0.381226,0.731812
-0.323853,0.189697,0.875732
0.416260,-0.345459,0.934692
-0.545410,-0.017334,0.724731
0.245239,-0.014893,0.985718
-0.041748,-0.385132,0.739502
-0.390869,0.195557,0.861450
0.434082,-0.320068,0.949585
-0.516968,-0.062744,0.722290
0.179688,0.032227,1.000488
0.005249,-0.394409,0.760498
-0.451172,0.215942,0.848022
0.444092,-0.298462,0.961670
-0.475708,-0.095215,0.736084
0.125000,0.075928,1.003662
0.052124,-0.380859,0.785889
-0.505737,0.209595,0.820923
0.441895,-0.264038,0.978149
-0.412109,-0.144897,0.747070
0.067261,0.122803,1.015259
0.110840,-0.387939,0.813599
-0.555420,0.209351,0.799805
0.446411,-0.237793,0.983032
-0.340576,-0.186768,0.750610
-0.003296,0.144531,0.998535
0.174561,-0.387085,0.844727
-0.579346,0.203125,0.790161
0.441528,-0.205566,0.992554
-0.258301,-0.249756,0.749756
-0.068970,0.168335,0.989136
0.251343,-0.389282,0.864868
-0.593140,0.165283,0.779663
0.424438,-0.177368,0.998779
-0.195801,-0.290161,0.753662
-0.131714,0.173340,0.956909
0.299561,-0.383545,0.887085
-0.599487,0.134155,0.764404
0.407471,-0.135986,1.013428
-0.149170,-0.317017,0.740723
-0.203247,0.177002,0.930054
0.346436,-0.391846,0.898315
-0.588867,0.094727,0.749878
0.352417,-0.096558,1.002441
-0.119141,-0.360962,0.720093
-0.268677,0.178833,0.913208
0.382935,-0.370239,0.922241
-0.574585,0.049194,0.733521
0.306641,-0.052734,0.999390
-0.087158,-0.388550,0.714844
-0.335693,0.200073,0.883911
0.412598,-0.352051,0.932495
-0.559326,-0.002075,0.718628
0.242188,-0.003540,0.985474
-0.060303,-0.380493,0.744263
-0.399902,0.192383,0.865845
0.422852,-0.330200,0.950073
-0.526489,-0.060547,0.715088
0.177734,0.047729,1.005127
-0.012085,-0.376953,0.764526
-0.455322,0.211548,0.859009
0.437988,-0.295654,0.967285
-0.476318,-0.092163,0.735840
0.110107,0.088257,1.006592
0.040527,-0.368530,0.795532
-0.508667,0.220947,0.846191
0.440674,-0.267090,0.979858
-0.421875,-0.155396,0.738403
0.060913,0.115112,1.015991
0.099609,-0.374268,0.815430
-0.555298,0.222656,0.821289
0.447876,-0.251343,0.986084
-0.343628,-0.195435,0.754272
0.005249,0.141724,1.004517
0.174561,-0.374512,0.848999
-0.596069,0.200684,0.789917
0.434570,-0.231079,0.977417
-0.267456,-0.257324,0.735229
-0.071533,0.165283,0.989746
0.244141,-0.367676,0.877808
-0.602417,0.157837,0.774902
0.416626,-0.179321,0.992676
-0.201904,-0.308105,0.732788
-0.150269,0.172729,0.953369
0.306030,-0.376831,0.895142
-0.592407,0.118530,0.760254
0.388062,-0.135742,1.009399
-0.158936,-0.335938,0.716309
-0.239136,0.173828,0.919556
0.358643,-0.375000,0.912720
-0.582520,0.052246,0.732910
0.326660,-0.076294,1.011597
-0.120361,-0.376709,0.705200
-0.329712,0.210571,0.900024
0.402710,-0.365967,0.923584
-0.556274,-0.017456,0.708130
0.246338,-0.018066,1.001709
-0.074585,-0.385498,0.737671
-0.416626,0.227051,0.879639
0.425659,-0.317993,0.957397
-0.528076,-0.090942,0.703613
0.158203,0.043579,1.011597
-0.008545,-0.380005,0.774658
-0.490845,0.241455,0.867676
0.444336,-0.281250,0.975464
-0.462769,-0.126587,0.732666
0.077515,0.096436,1.013184
0.071899,-0.386475,0.803345
-0.543579,0.227539,0.833252
0.443237,-0.243530,0.988647
-0.371338,-0.201660,0.730713
0.015259,0.112061,1.005615
0.161743,-0.406738,0.832031
-0.587036,0.214722,0.797974
0.431152,-0.211548,0.988770
-0.281006,-0.252686,0.734863
-0.075439,0.141602,0.986694
0.241577,-0.403809,0.862183
-0.599487,0.164185,0.781128
0.408936,-0.170288,0.998535
-0.209229,-0.288086,0.740845
-0.146973,0.159424,0.963135
0.292603,-0.403564,0.873779
-0.597290,0.115479,0.755249
0.385254,-0.122803,1.015869
-0.176758,-0.309082,0.724487
-0.233154,0.176636,0.929688
0.356445,-0.408325,0.888550
-0.593018,0.055420,0.741089
0.333130,-0.081177,1.011597
-0.151855,-0.330811,0.717529
-0.301880,0.194824,0.905762
0.393433,-0.397095,0.913452
-0.575073,-0.003418,0.715820
0.260620,-0.034302,1.002563
-0.105347,-0.370239,0.723755
-0.380127,0.214478,0.895996
0.415283,-0.363892,0.933228
-0.565186,-0.053711,0.696167
0.198975,0.007324,1.000610
-0.051514,-0.379883,0.754272
-0.446899,0.240112,0.888184
0.426392,-0.328003,0.951660
-0.523926,-0.097778,0.710449
0.130493,0.052490,1.012573
0.012329,-0.375488,0.781006
-0.508301,0.236206,0.861938
0.430908,-0.280029,0.968506
-0.461426,-0.131104,0.733398
0.080933,0.091309,1.015259
0.072998,-0.388428,0.802979
-0.554321,0.220703,0.822266
0.443848,-0.264404,0.984131
-0.376465,-0.186646,0.747314
0.010620,0.119385,1.007080
0.148315,-0.396240,0.833252
-0.580933,0.199951,0.804443
0.438232,-0.239380,0.986816
-0.301025,-0.252686,0.735474
-0.061157,0.141357,0.990112
0.211060,-0.407349,0.846558
-0.593384,0.162476,0.791748
0.422363,-0.197998,0.997192
-0.253784,-0.271973,0.727173
-0.125610,0.157715,0.965576
0.278564,-0.397339,0.884277
-0.604736,0.127808,0.769775
0.387085,-0.158325,1.003662
-0.204346,-0.317017,0.708496
-0.197021,0.155151,0.939819
0.327026,-0.379150,0.905884
-0.599609,0.074463,0.748535
0.354858,-0.115356,1.012573
-0.169189,-0.347778,0.709595
-0.280640,0.176147,0.909546
0.374756,-0.369995,0.921631
-0.572266,0.012329,0.728882
0.282593,-0.050781,1.013062
-0.130493,-0.373413,0.715942
-0.370361,0.201782,0.887695
0.399780,-0.356567,0.943237
-0.548340,-0.050537,0.706909
0.205811,0.005493,1.013672
-0.061890,-0.386475,0.753296
-0.447876,0.213257,0.876953
0.423706,-0.318970,0.971924
-0.514160,-0.118652,0.702393
0.123657,0.061890,1.017822
0.011230,-0.372192,0.788696
-0.529541,0.234375,0.855225
0.442993,-0.286743,0.989014
-0.435059,-0.164429,0.731079
0.052612,0.103271,1.020630
0.103149,-0.405518,0.811401
-0.579956,0.211304,0.819092
0.440796,-0.258667,0.987915
-0.329102,-0.211060,0.742676
-0.018555,0.120850,1.001953
0.187134,-0.402832,0.848633
-0.603760,0.165527,0.786255
0.420410,-0.214600,0.994263
-0.254272,-0.262695,0.742310
-0.112061,0.143921,0.976562
0.265625,-0.391968,0.882568
-0.597290,0.102661,0.765259
0.383545,-0.156372,1.001343
-0.203491,-0.302490,0.718994
-0.206299,0.161499,0.947021
0.332764,-0.390503,0.909302
-0.591675,0.045532,0.747070
0.342407,-0.106201,1.019653
-0.173340,-0.346680,0.698120
-0.315186,0.189453,0.913086
0.384277,-0.379395,0.924194
-0.567993,-0.029175,0.718140
0.267822,-0.043579,1.019897
-0.119995,-0.360474,0.732178
-0.415405,0.225586,0.889771
0.416260,-0.340698,0.956299
-0.529541,-0.099487,0.705200
0.165771,0.020142,1.015259
-0.031738,-0.361084,0.780273
-0.496460,0.229492,0.863525
0.427124,-0.301758,0.976318
-0.473389,-0.180786,0.704224
0.079102,0.083130,1.023926
0.073242,-0.381226,0.817139
-0.556641,0.209961,0.825562
0.434937,-0.255737,0.991089
-0.368530,-0.218384,0.732910
-0.010986,0.108521,1.002686
0.164917,-0.396484,0.845703
-0.585449,0.157349,0.798462
0.418335,-0.226196,0.988770
-0.272705,-0.270508,0.728394
-0.103271,0.134644,0.976440
0.262817,-0.401489,0.882446
-0.591309,0.105713,0.770142
0.385620,-0.167480,1.007690
-0.216309,-0.309448,0.722290
-0.203735,0.145386,0.938354
0.328125,-0.376831,0.913208
-0.580200,0.038940,0.743774
0.341187,-0.105835,1.020264
-0.160278,-0.346436,0.714722
-0.328735,0.171265,0.906250
0.370972,-0.379028,0.922729
-0.553345,-0.038818,0.720337
0.259888,-0.029541,1.028198
-0.102417,-0.349365,0.747559
-0.436523,0.195679,0.877197
0.405762,-0.323608,0.958496
-0.511353,-0.122314,0.696777
0.154907,0.055786,1.033447
0.004517,-0.358276,0.800049
-0.532593,0.208496,0.852051
0.429321,-0.300415,0.982422
-0.436890,-0.198242,0.716431
0.052124,0.103394,1.030640
0.127441,-0.378784,0.828735
-0.571411,0.172852,0.816284
0.425659,-0.264404,0.988403
-0.304932,-0.295654,0.720581
-0.053711,0.134644,1.003662
0.223267,-0.389404,0.867554
-0.593506,0.120361,0.774536
0.410522,-0.206909,1.002197
-0.228149,-0.320435,0.724243
-0.176636,0.149658,0.961548
0.304077,-0.377075,0.901733
-0.584351,0.049316,0.749146
0.343262,-0.111572,1.023071
-0.165771,-0.357300,0.710205
-0.316528,0.170410,0.913574
0.376587,-0.350464,0.939575
-0.554932,-0.046875,0.719238
0.249268,-0.011230,1.039795
-0.098267,-0.354614,0.767456
-0.452148,0.225342,0.893799
0.414917,-0.330811,0.969238
-0.512573,-0.128052,0.706665
0.132812,0.053467,1.032593
0.039062,-0.371338,0.812134
-0.539673,0.192139,0.841797
0.432983,-0.295898,0.986084
-0.379517,-0.236206,0.729126
0.016235,0.104980,1.022217
0.161743,-0.390625,0.850708
-0.574707,0.144165,0.807739
0.418457,-0.240601,1.000366
-0.273682,-0.311157,0.718750
-0.120483,0.149780,0.982910
0.279541,-0.375610,0.900024
-0.580688,0.067627,0.769287
0.373535,-0.155273,1.024292
-0.195801,-0.346069,0.709717
-0.256592,0.155518,0.927002
0.348145,-0.354248,0.933472
-0.545776,-0.038452,0.731079
0.302856,-0.053101,1.045166
-0.137085,-0.350952,0.745361
-0.417236,0.207275,0.894165
0.399902,-0.332275,0.961182
-0.500244,-0.130981,0.716309
0.173340,0.040283,1.044922
0.012817,-0.376953,0.798340
-0.517212,0.196411,0.849121
0.423950,-0.288940,0.981445
-0.420654,-0.210083,0.723145
0.045898,0.091064,1.031982
0.151733,-0.398193,0.851929
-0.571289,0.145752,0.810303
0.427002,-0.240967,0.995605
-0.286255,-0.295044,0.724243
-0.105103,0.120850,0.982300
0.262329,-0.391235,0.893799
-0.557739,0.068481,0.787720
0.387451,-0.152710,1.027710
-0.220215,-0.313721,0.716431
-0.257324,0.142090,0.933105
0.345459,-0.366211,0.919312
-0.536011,-0.045044,0.730347
0.310791,-0.047974,1.056152
-0.135986,-0.324219,0.748413
-0.401123,0.176025,0.887085
0.390869,-0.338135,0.955933
-0.493896,-0.138062,0.705078
0.189941,0.046509,1.055786
0.003418,-0.345337,0.811646
-0.517944,0.201538,0.855591
0.435547,-0.308472,0.981201
-0.411133,-0.235352,0.725342
0.050415,0.090454,1.032471
0.140747,-0.375366,0.842651
-0.552734,0.158569,0.822510
0.438232,-0.243774,1.009399
-0.277954,-0.309204,0.717041
-0.104858,0.116699,0.985596
0.255615,-0.388428,0.888184
-0.548828,0.055542,0.777222
0.386353,-0.136719,1.039551
-0.208374,-0.329956,0.724731
-0.264282,0.151367,0.936523
0.344360,-0.376465,0.930420
-0.535278,-0.060059,0.722412
0.312622,-0.044189,1.060181
-0.134033,-0.313599,0.750854
-0.397461,0.196533,0.906128
0.397461,-0.375000,0.946899
-0.503906,-0.147461,0.711304
0.201904,0.008911,1.037109
-0.001343,-0.341431,0.806885
-0.506836,0.213745,0.862793
0.438354,-0.311646,0.986328
-0.390869,-0.238892,0.740479
0.052979,0.071533,1.027832
0.127930,-0.384399,0.835938
-0.541382,0.151245,0.813843
0.446533,-0.226440,1.016479
-0.276245,-0.303101,0.740112
-0.088989,0.101440,0.994507
0.250732,-0.409180,0.880005
-0.554565,0.051392,0.770630
0.402710,-0.156372,1.032349
-0.224121,-0.278809,0.734741
-0.224731,0.175415,0.973633
0.339600,-0.401367,0.923462
-0.545898,-0.035400,0.738525
0.333374,-0.085449,1.050537
-0.156372,-0.301392,0.742676
-0.344238,0.197754,0.922729
0.400024,-0.368408,0.955566
-0.532593,-0.115112,0.701050
0.253784,-0.035767,1.060425
-0.068848,-0.342285,0.778809
-0.452026,0.205322,0.886841
0.442017,-0.311768,1.003540
-0.484741,-0.181519,0.716553
0.134644,0.033691,1.036499
0.060303,-0.381958,0.828979
-0.517334,0.181641,0.847656
0.450073,-0.284302,1.005859
-0.388550,-0.222046,0.744141
0.044800,0.069702,1.034302
0.151001,-0.404297,0.849976
-0.549683,0.142212,0.812988
0.451294,-0.242676,1.015259
-0.302490,-0.286499,0.742065
-0.046143,0.106689,1.007446
0.235474,-0.414185,0.868652
-0.564697,0.096191,0.796997
0.423706,-0.189697,1.036621
-0.237061,-0.326660,0.723145
-0.145630,0.138428,0.983887
0.304810,-0.400146,0.906006
-0.563477,0.035522,0.766357
0.395874,-0.151733,1.040894
-0.198364,-0.297607,0.747559
-0.232666,0.154053,0.958984
0.356689,-0.385254,0.941284
-0.552124,-0.018433,0.745239
0.346924,-0.093750,1.055420
-0.163818,-0.332275,0.737305
-0.292725,0.166138,0.938843
0.387085,-0.368164,0.953979
-0.550293,-0.049194,0.733154
0.309204,-0.067383,1.052002
-0.109619,-0.369751,0.748291
-0.360107,0.190552,0.916992
0.408936,-0.341064,0.978271
-0.526489,-0.076172,0.731812
0.260620,-0.026001,1.063721
-0.060303,-0.383545,0.773438
-0.411133,0.190674,0.901855
0.432007,-0.331421,0.991211
-0.501221,-0.120483,0.723755
0.210693,0.001343,1.057129
-0.003540,-0.390015,0.788086
-0.453491,0.201050,0.883789
0.448608,-0.309570,1.011353
-0.485107,-0.150879,0.732300
0.150879,0.040405,1.052979
0.060059,-0.403564,0.816406
-0.499512,0.189453,0.865234
0.460571,-0.297852,1.017456
-0.430786,-0.194824,0.749268
0.089966,0.059448,1.047485
0.111328,-0.398682,0.838135
-0.519409,0.156006,0.843262
0.467407,-0.277588,1.021851
-0.370483,-0.204834,0.768433
0.041626,0.088257,1.046143
0.165527,-0.415771,0.856934
-0.533569,0.133545,0.816895
0.459961,-0.260132,1.025757
-0.320557,-0.225708,0.767700
-0.002808,0.098389,1.023193
0.215576,-0.410278,0.871460
-0.546997,0.104736,0.801147
0.455078,-0.236938,1.034912
-0.276611,-0.270630,0.753662
-0.054688,0.114624,1.015381
0.263062,-0.396973,0.891968
-0.552002,0.073364,0.780151
0.445312,-0.212280,1.048828
-0.239868,-0.292969,0.745483
-0.124634,0.142578,1.004395
0.308105,-0.393921,0.913452
-0.551270,0.031860,0.768677
0.423340,-0.163696,1.057739
-0.205200,-0.299561,0.752808
-0.195190,0.155640,0.988525
0.348877,-0.378052,0.942505
-0.561401,-0.008911,0.743652
0.387207,-0.125000,1.065308
-0.167358,-0.318848,0.761475
-0.245850,0.166260,0.967896
0.370728,-0.362427,0.957886
-0.543701,-0.043823,0.747681
0.356323,-0.090820,1.080200
-0.137207,-0.344971,0.761963
-0.296875,0.165649,0.943359
0.400269,-0.357666,0.972534
-0.534180,-0.063232,0.731812
0.316284,-0.061157,1.084229
-0.087402,-0.357788,0.779785
-0.350342,0.180054,0.930908
0.423828,-0.335205,0.991211
-0.512939,-0.128784,0.716553
0.264893,-0.036133,1.077637
-0.031738,-0.367798,0.799072
-0.404663,0.189941,0.912354
0.454224,-0.314819,1.010254
-0.477905,-0.154907,0.724487
0.199829,0.022339,1.072021
0.036743,-0.384399,0.818726
-0.447021,0.175903,0.881714
0.464966,-0.301880,1.022339
-0.449219,-0.195190,0.732422
0.137817,0.051147,1.072144
0.101685,-0.394043,0.848633
-0.479492,0.153931,0.862793
0.470337,-0.268677,1.035645
-0.395630,-0.223877,0.755127
0.073364,0.075439,1.057617
0.156982,-0.396362,0.860962
-0.511475,0.120605,0.829224
0.479980,-0.249390,1.053101
-0.312012,-0.259155,0.776245
0.010254,0.100220,1.040771
0.213623,-0.406616,0.875610
-0.526733,0.085449,0.800293
0.471069,-0.224121,1.061523
-0.249023,-0.298340,0.757935
-0.063354,0.125000,1.020996
0.270508,-0.403198,0.902466
-0.537354,0.050781,0.787842
0.457275,-0.193237,1.068726
-0.210327,-0.309937,0.749268
-0.149170,0.166260,1.013550
0.341064,-0.403320,0.937012
-0.533081,0.002075,0.768921
0.429443,-0.156372,1.077637
-0.176270,-0.297974,0.770020
-0.228027,0.188232,1.000854
0.392700,-0.372925,0.977051
-0.520508,-0.047363,0.762207
0.370361,-0.093506,1.081787
-0.121460,-0.336304,0.771484
-0.291504,0.182373,0.958862
0.431519,-0.352783,0.990112
-0.504028,-0.103149,0.735352
0.300171,-0.046021,1.082031
-0.063354,-0.356445,0.791138
-0.360107,0.176392,0.930664
0.469604,-0.322144,1.027954
-0.471558,-0.144653,0.741455
0.221191,0.006958,1.085327
0.024658,-0.365234,0.829468
-0.426636,0.165405,0.889404
0.491211,-0.292603,1.053223
-0.429321,-0.193481,0.754761
0.131592,0.047119,1.059814
0.107544,-0.394897,0.855713
-0.468994,0.117798,0.849121
0.492920,-0.263062,1.058716
-0.358887,-0.219727,0.781128
0.050659,0.078125,1.053711
0.189453,-0.398193,0.879761
-0.501709,0.076294,0.808105
0.492676,-0.244995,1.062134
-0.256104,-0.274048,0.785645
-0.019531,0.115601,1.036987
0.261963,-0.391235,0.906494
-0.522339,0.053833,0.791260
0.473877,-0.210938,1.077637
-0.198975,-0.287354,0.778564
-0.112427,0.142822,1.023926
0.339478,-0.371704,0.946289
-0.522461,-0.007202,0.770020
0.434082,-0.161743,1.082275
-0.161743,-0.311523,0.777832
-0.217773,0.180664,0.998413
0.525391,-0.286743,1.095581
-0.513672,-0.065552,0.756470
0.291748,0.006592,1.139404
-0.102295,-0.330200,0.780884
-0.339966,0.154053,0.938599
0.549438,-0.268677,1.108887
-0.340332,-0.218018,0.801514
0.202637,0.066162,1.131592
0.193970,-0.386230,0.922485
-0.396973,0.134399,0.909546
0.559204,-0.240479,1.122437
-0.283203,-0.237427,0.817383
0.109741,0.110107,1.110107
0.281494,-0.394287,0.954346
-0.432739,0.087036,0.874634
0.553833,-0.194702,1.140869
-0.210205,-0.262085,0.840210
0.021118,0.134888,1.090820
0.353394,-0.376221,0.983521
-0.448730,0.035400,0.837402
0.529663,-0.161499,1.151123
-0.102173,-0.301392,0.846191
-0.065674,0.160400,1.075684
0.409546,-0.351562,1.012451
-0.450806,-0.023315,0.831421
0.477173,-0.103394,1.157471
-0.063721,-0.312256,0.849854
-0.170776,0.201172,1.058716
0.481934,-0.316528,1.067749
-0.445312,-0.094116,0.808350
0.403564,-0.038330,1.170654
0.001343,-0.344727,0.864624
-0.254517,0.200439,1.009033
0.531982,-0.305786,1.101440
-0.403809,-0.155640,0.798584
0.318359,0.009155,1.152710
0.095459,-0.375244,0.878784
-0.315430,0.169556,0.954590
0.560791,-0.277466,1.114624
-0.339600,-0.225830,0.808228
0.215454,0.049438,1.136963
0.190186,-0.388916,0.921021
-0.382324,0.156494,0.915649
0.566284,-0.238403,1.123779
-0.272827,-0.249512,0.830688
0.124023,0.093018,1.120483
0.275391,-0.388062,0.961792
-0.422363,0.095093,0.877930
0.556641,-0.190796,1.138306
-0.213501,-0.246094,0.851196
0.036255,0.127197,1.100708
0.342041,-0.395142,0.987061
-0.440796,0.038940,0.853394
0.545898,-0.147461,1.155396
-0.113159,-0.285034,0.858521
-0.049927,0.166870,1.089966
0.416382,-0.379150,1.019775
-0.449463,-0.018799,0.837280
0.504272,-0.101074,1.170044
-0.070801,-0.297974,0.853271
-0.127563,0.197144,1.068604
0.470215,-0.347290,1.054810
-0.453979,-0.061401,0.822632
0.446777,-0.054565,1.170776
-0.014893,-0.313354,0.863403
-0.218506,0.231079,1.049072
0.514282,-0.318237,1.091553
-0.424805,-0.112427,0.810547
0.374512,-0.014282,1.171021
0.049194,-0.342651,0.882324
-0.277222,0.209961,1.010376
0.550781,-0.300903,1.107300
-0.380737,-0.171875,0.798218
0.301636,0.016113,1.154175
0.130859,-0.382324,0.901611
-0.328369,0.179077,0.958496
0.565552,-0.275146,1.114380
-0.331299,-0.214355,0.820435
0.223022,0.053345,1.138550
0.212158,-0.401611,0.935303
-0.379883,0.146973,0.915649
0.565918,-0.237915,1.131714
-0.274536,-0.238403,0.830200
0.130859,0.099731,1.125000
0.293701,-0.401367,0.968018
-0.418579,0.115112,0.890259
0.560547,-0.191528,1.131348
-0.215820,-0.249512,0.853882
0.044678,0.128906,1.097900
0.358521,-0.390259,0.991089
-0.430908,0.057373,0.866089
0.537598,-0.151367,1.153809
-0.131714,-0.276611,0.865601
-0.037231,0.168579,1.086548
0.413452,-0.360229,1.026367
-0.436523,-0.005615,0.846924
0.515503,-0.104980,1.172485
-0.041138,-0.317017,0.873535
-0.112671,0.192383,1.073486
0.465942,-0.341309,1.052490
-0.444824,-0.050659,0.833496
0.462524,-0.065918,1.179321
-0.014404,-0.318359,0.870850
-0.194946,0.225830,1.061035
0.517822,-0.311646,1.095459
-0.419678,-0.104126,0.816284
0.390137,-0.010864,1.171753
0.058105,-0.351929,0.888184
-0.263062,0.200684,1.019043
0.553223,-0.281616,1.124756
-0.379639,-0.167603,0.810425
0.305664,0.026733,1.158936
0.146240,-0.391357,0.910034
-0.323730,0.158936,0.950195
0.567261,-0.266479,1.121948
-0.315674,-0.217651,0.825928
0.213501,0.072144,1.141357
0.231812,-0.412842,0.937134
-0.375488,0.131470,0.922974
0.577271,-0.227661,1.145508
-0.264160,-0.236694,0.844971
0.110352,0.108276,1.119019
0.309204,-0.391968,0.976929
-0.413086,0.083862,0.884155
0.565308,-0.185547,1.146606
-0.201050,-0.237183,0.857178
0.030518,0.163086,1.106934
0.377686,-0.380859,1.003296
-0.428955,0.029297,0.860352
0.541992,-0.151733,1.158813
-0.085327,-0.278564,0.886841
-0.053101,0.180420,1.089966
0.426025,-0.354248,1.030518
-0.427856,-0.019409,0.849243
0.501221,-0.099731,1.176392
-0.028076,-0.319946,0.880371
-0.126221,0.205444,1.076782
0.474731,-0.310913,1.072266
-0.428711,-0.058105,0.830933
0.448486,-0.052124,1.188599
0.026611,-0.352051,0.886597
-0.222290,0.232056,1.053223
0.523438,-0.296509,1.103516
-0.407837,-0.103027,0.821045
0.374390,-0.007324,1.171509
0.100220,-0.375122,0.903442
-0.279419,0.199463,1.001465
0.560791,-0.277954,1.113892
-0.363403,-0.165283,0.817139
0.285278,0.042725,1.155273
0.184570,-0.408203,0.920654
-0.322754,0.153076,0.953491
0.569336,-0.254028,1.126953
-0.310425,-0.194214,0.828369
0.201172,0.071289,1.128784
0.259399,-0.418701,0.953735
-0.377197,0.134399,0.919556
0.573608,-0.225464,1.139160
-0.254028,-0.214478,0.855835
0.115479,0.124756,1.122314
0.321777,-0.409424,0.984985
-0.405396,0.085938,0.895142
0.563721,-0.182129,1.152344
-0.192505,-0.241089,0.863770
0.036499,0.162109,1.105103
0.377319,-0.393677,1.007080
-0.427979,0.038452,0.868774
0.546509,-0.151733,1.165894
-0.106445,-0.277832,0.884033
-0.033081,0.192017,1.096069
0.419922,-0.364868,1.029541
-0.431519,-0.000732,0.849609
0.523682,-0.128296,1.173462
-0.024780,-0.324463,0.892578
-0.091431,0.207397,1.087891
0.449341,-0.335327,1.056274
-0.433472,-0.029907,0.840210
0.483887,-0.097778,1.178345
0.001221,-0.339355,0.881714
-0.155151,0.221069,1.074219
0.491821,-0.322754,1.078613
-0.425781,-0.056641,0.832886
0.449829,-0.057983,1.178589
0.025269,-0.348022,0.892944
-0.204346,0.235474,1.059692
0.523438,-0.295044,1.095825
-0.408081,-0.091553,0.823975
0.401367,-0.031006,1.170044
0.076660,-0.363281,0.909912
-0.257812,0.224487,1.035400
0.550781,-0.273438,1.119141
-0.372314,-0.151733,0.817139
0.348022,0.001099,1.166504
0.131226,-0.391479,0.919189
-0.292480,0.179688,0.981567
0.560181,-0.265259,1.122559
-0.342773,-0.178345,0.814819
0.295288,0.038574,1.158325
0.190796,-0.407471,0.934937
-0.330933,0.162231,0.956421
0.574341,-0.257690,1.128418
-0.318604,-0.192627,0.828247
0.232788,0.066040,1.148560
0.237061,-0.420532,0.949463
-0.354370,0.135132,0.931030
0.567627,-0.222534,1.135254
-0.286621,-0.216675,0.822266
0.178345,0.096069,1.142212
0.294067,-0.443237,0.965942
-0.386108,0.128540,0.908081
0.559448,-0.202881,1.132324
-0.262451,-0.219238,0.830933
0.135254,0.114502,1.134033
0.337280,-0.431641,0.989746
-0.411011,0.118286,0.902588
0.564209,-0.182983,1.146851
-0.236572,-0.224976,0.844604
0.081055,0.143311,1.120605
0.370605,-0.412964,1.003906
-0.404053,0.086792,0.894897
0.560791,-0.161499,1.154785
-0.204224,-0.220093,0.853516
0.036865,0.158691,1.112183
0.399414,-0.401123,1.018677
-0.413696,0.064453,0.886841
0.555054,-0.148315,1.166748
-0.159424,-0.239746,0.868042
-0.011719,0.184937,1.104492
0.424561,-0.394775,1.027832
-0.422363,0.029541,0.875000
0.543457,-0.126465,1.174438
-0.110718,-0.256714,0.885742
-0.046753,0.185181,1.089111
0.443604,-0.375488,1.039551
-0.413696,-0.004761,0.861206
0.524658,-0.102783,1.175293
-0.048096,-0.285034,0.890015
-0.086670,0.193481,1.084229
0.465820,-0.372314,1.057495
-0.408691,-0.042236,0.857422
0.495728,-0.074219,1.182983
-0.002075,-0.316406,0.891479
-0.130859,0.203003,1.072021
0.485962,-0.353394,1.069458
-0.412598,-0.063232,0.846680
0.477539,-0.052490,1.187012
0.008301,-0.314209,0.890137
-0.165771,0.202148,1.051758
0.511353,-0.333618,1.078125
-0.409546,-0.085693,0.833618
0.454590,-0.034546,1.187622
0.031860,-0.298950,0.901611
-0.199341,0.220337,1.051270
0.522461,-0.317871,1.093872
-0.395630,-0.109009,0.828369
0.418457,-0.021973,1.178223
0.050537,-0.312744,0.913208
-0.244141,0.228882,1.041992
0.553955,-0.309814,1.114746
-0.385864,-0.156128,0.801514
0.379517,-0.001099,1.170898
0.096680,-0.343140,0.917725
-0.278442,0.208130,1.011719
0.570068,-0.305786,1.116699
-0.359375,-0.207031,0.804565
0.328247,0.023438,1.163330
0.142456,-0.363770,0.927368
-0.304443,0.198242,0.976440
0.573120,-0.292114,1.128296
-0.332886,-0.233887,0.815796
0.284912,0.047241,1.157715
0.188477,-0.391724,0.934814
-0.326294,0.168579,0.960327
0.580688,-0.264160,1.133423
-0.308350,-0.246704,0.821167
0.234985,0.062744,1.150269
0.239502,-0.406372,0.950439
-0.348267,0.139404,0.915161
0.581177,-0.245117,1.132324
-0.277344,-0.240967,0.832031
0.187500,0.095459,1.140015
0.292480,-0.426392,0.964722
-0.376343,0.120483,0.897461
0.578369,-0.238525,1.135986
-0.261475,-0.242310,0.829956
0.133179,0.111816,1.121948
0.331299,-0.417236,0.987915
-0.397461,0.121460,0.893677
0.570312,-0.194824,1.143311
-0.223267,-0.256592,0.840210
0.081909,0.128296,1.115479
0.366821,-0.431641,0.998291
-0.410767,0.110474,0.881836
0.569824,-0.178101,1.150879
-0.194092,-0.246460,0.858276
0.028687,0.151123,1.104004
0.399170,-0.419189,1.021729
-0.422485,0.083862,0.874023
0.555664,-0.145874,1.161255
-0.153320,-0.243774,0.876343
-0.006226,0.164062,1.092163
0.419312,-0.403931,1.024048
-0.422729,0.048218,0.873413
0.543823,-0.119263,1.171509
-0.110352,-0.250366,0.885620
-0.045776,0.188354,1.100098
0.444702,-0.399536,1.037354
-0.423096,0.012451,0.860107
0.519531,-0.103027,1.170410
-0.047119,-0.258667,0.906860
-0.087402,0.195557,1.081055
0.464478,-0.380249,1.048584
-0.415771,-0.021240,0.855347
0.504272,-0.088623,1.172241
-0.003540,-0.293457,0.905518
-0.119385,0.196289,1.074585
0.488403,-0.358398,1.072876
-0.413574,-0.049805,0.837646
0.478638,-0.058838,1.177490
0.030884,-0.316040,0.900757
-0.153320,0.208252,1.072876
0.502686,-0.340942,1.078979
-0.413086,-0.082520,0.823608
0.450073,-0.044556,1.180542
0.039185,-0.319946,0.900879
-0.200317,0.213013,1.055298
0.534058,-0.338257,1.096191
-0.396240,-0.127563,0.808472
0.402466,-0.003540,1.179932
0.059326,-0.332397,0.910278
-0.237427,0.213013,1.034302
0.559082,-0.318848,1.117798
-0.382935,-0.161133,0.805054
0.359375,0.012817,1.164673
0.112183,-0.354126,0.916260
-0.276978,0.215210,1.017334
0.571167,-0.306030,1.121460
-0.362915,-0.194702,0.808105
0.314941,0.025879,1.156128
0.160400,-0.353760,0.944214
-0.310059,0.198730,0.980835
0.581665,-0.284180,1.132935
-0.326782,-0.233398,0.815674
0.261353,0.056274,1.142944
0.211792,-0.391846,0.936768
-0.337891,0.162598,0.951538
0.583862,-0.276611,1.125977
-0.300659,-0.243042,0.827148
0.209106,0.068359,1.134766
0.257690,-0.407227,0.961426
-0.363403,0.128540,0.911377
0.580078,-0.247070,1.128418
-0.268188,-0.230957,0.845459
0.161987,0.092407,1.129272
0.303589,-0.424683,0.971313
-0.392578,0.121948,0.888672
0.576172,-0.221924,1.135376
-0.235107,-0.234619,0.847900
0.108154,0.112305,1.115112
0.339722,-0.428467,0.986694
-0.404663,0.101685,0.876221
0.574829,-0.207031,1.137939
-0.209961,-0.224243,0.861450
0.056274,0.138062,1.114014
0.376465,-0.421387,0.999023
-0.420166,0.080200,0.868286
0.561768,-0.171021,1.147339
-0.178101,-0.232178,0.869263
0.016968,0.161377,1.102783
0.409912,-0.406860,1.023315
-0.422729,0.055908,0.853516
0.542236,-0.148071,1.148071
-0.126709,-0.245605,0.885742
-0.022827,0.183228,1.100098
0.430298,-0.391846,1.033203
-0.427612,0.017090,0.850708
0.524414,-0.122070,1.157349
-0.078979,-0.253906,0.894409
-0.063843,0.198975,1.099731
0.456055,-0.397827,1.047363
-0.438477,-0.005005,0.845215
0.505371,-0.096558,1.168091
-0.027954,-0.282837,0.901978
-0.104492,0.218140,1.094971
0.485474,-0.391724,1.055420
-0.434326,-0.022949,0.841919
0.476440,-0.079834,1.160400
0.023438,-0.320068,0.906128
-0.141479,0.207642,1.077881
0.512573,-0.360718,1.075073
-0.424805,-0.045654,0.834229
0.443481,-0.040894,1.160889
0.049927,-0.325195,0.903564
-0.171997,0.210205,1.063110
0.530518,-0.342041,1.086060
-0.419434,-0.094482,0.811890
0.414795,-0.028809,1.162476
0.059082,-0.326294,0.909058
-0.208984,0.211792,1.053101
0.546387,-0.329468,1.098999
-0.403809,-0.117554,0.811768
0.373535,-0.004150,1.156860
0.086670,-0.343628,0.916992
-0.251953,0.204224,1.028442
0.562378,-0.317993,1.114258
-0.376587,-0.157349,0.799316
0.335449,0.018066,1.144531
0.120605,-0.349365,0.921631
-0.286499,0.191162,0.997070
0.583374,-0.306519,1.130005
-0.357300,-0.186401,0.807495
0.286743,0.041382,1.142212
0.166260,-0.363037,0.935547
-0.314941,0.161499,0.960083
0.588379,-0.290649,1.132324
-0.319702,-0.232178,0.820312
0.239380,0.065552,1.143921
0.208374,-0.398315,0.932739
-0.344482,0.149902,0.923706
0.596436,-0.276978,1.128540
-0.284668,-0.229614,0.840942
0.185669,0.087158,1.122070
0.262573,-0.425171,0.942749
-0.362671,0.120117,0.901733
0.588013,-0.241577,1.126709
-0.261353,-0.222656,0.847900
0.144775,0.090820,1.111572
0.302979,-0.433228,0.968140
-0.388672,0.106567,0.876099
0.575439,-0.231323,1.127930
-0.230591,-0.225098,0.841797
0.105957,0.128540,1.112427
0.341064,-0.434692,0.966187
-0.399658,0.082886,0.867432
0.559570,-0.203491,1.132690
-0.211792,-0.222290,0.859497
0.064209,0.140137,1.113525
0.372559,-0.426147,0.996948
-0.421997,0.081055,0.861572
0.554077,-0.169312,1.146484
-0.180786,-0.229736,0.861084
0.013672,0.176636,1.106689
0.407715,-0.429565,1.014404
-0.434204,0.059204,0.856323
0.536621,-0.144775,1.142700
-0.140381,-0.224487,0.881592
-0.029541,0.186035,1.102783
0.436279,-0.421997,1.025513
-0.433960,0.026001,0.851685
0.517090,-0.121216,1.148560
-0.081055,-0.242676,0.893677
-0.074707,0.205078,1.091187
0.464722,-0.407593,1.036255
-0.433716,-0.009155,0.846558
0.489502,-0.091309,1.157837
-0.017456,-0.279663,0.908081
-0.116333,0.214722,1.075562
0.488525,-0.377441,1.055786
-0.427856,-0.058716,0.824097
0.453247,-0.078125,1.151855
0.039429,-0.306152,0.910400
-0.163452,0.215576,1.058594
0.516113,-0.348511,1.078613
-0.424072,-0.082764,0.822144
0.413330,-0.044312,1.154297
0.070068,-0.336304,0.904053
-0.205444,0.207031,1.039185
0.539551,-0.320435,1.102295
-0.401123,-0.125366,0.810669
0.365601,-0.010376,1.143677
0.084961,-0.344360,0.914185
-0.254150,0.205200,1.020508
0.564453,-0.293579,1.111572
-0.376587,-0.144897,0.819092
0.312012,0.017822,1.142212
0.139404,-0.387329,0.913208
-0.298828,0.167358,0.970825
0.581665,-0.286377,1.122803
-0.334717,-0.177490,0.823242
0.244141,0.050049,1.133057
0.207642,-0.414917,0.921387
-0.340698,0.128906,0.917603
0.583984,-0.273193,1.121826
-0.299072,-0.208252,0.827637
0.189453,0.091187,1.121826
0.257446,-0.407715,0.944336
-0.368896,0.108154,0.888306
0.585449,-0.262939,1.122437
-0.261230,-0.214478,0.844482
0.125122,0.114868,1.104614
0.313721,-0.430786,0.958618
-0.401978,0.085205,0.862793
0.565918,-0.230713,1.126587
-0.218506,-0.237183,0.857910
0.071045,0.142700,1.104736
0.361938,-0.424316,0.982666
-0.437012,0.080688,0.854248
0.556519,-0.208862,1.130127
-0.183716,-0.236938,0.868286
0.011230,0.181274,1.110596
0.400757,-0.428467,1.003784
-0.443604,0.069092,0.850464
0.533936,-0.160522,1.136108
-0.140625,-0.226929,0.880249
-0.032104,0.201294,1.104614
0.431885,-0.423828,1.013672
-0.438232,0.037354,0.857056
0.504761,-0.122070,1.140747
-0.095215,-0.251831,0.881226
-0.072876,0.191284,1.086792
0.457397,-0.413696,1.027832
-0.444092,0.004028,0.831543
0.491577,-0.105225,1.149414
-0.033203,-0.272949,0.900269
-0.112793,0.205811,1.078857
0.487427,-0.394897,1.046875
-0.440918,-0.014038,0.828857
0.453491,-0.074097,1.149658
0.038574,-0.318848,0.903320
-0.155884,0.203369,1.062744
0.500000,-0.370361,1.058716
-0.427979,-0.043823,0.829102
0.430054,-0.050659,1.148438
0.063232,-0.345947,0.911377
-0.200317,0.195923,1.041382
0.529419,-0.348633,1.084473
-0.413330,-0.092041,0.810181
0.383301,-0.022827,1.146973
0.067261,-0.345459,0.898682
-0.232910,0.202881,1.032959
0.549927,-0.334717,1.096680
-0.401489,-0.112671,0.809448
0.338257,0.005005,1.135742
0.111572,-0.354248,0.908203
-0.278442,0.197266,0.994873
0.566528,-0.318848,1.113892
-0.365601,-0.151367,0.809082
0.286255,0.035767,1.127319
0.157959,-0.388062,0.913452
-0.314941,0.162354,0.960083
0.585205,-0.299561,1.116943
-0.339722,-0.191284,0.813110
0.230835,0.066162,1.122681
0.219482,-0.408691,0.926880
-0.344849,0.112549,0.918213
0.580078,-0.286255,1.114014
-0.302979,-0.211304,0.821777
0.178345,0.094238,1.110840
0.266968,-0.427124,0.937378
-0.378174,0.098145,0.879272
0.578613,-0.265015,1.113403
-0.264404,-0.220093,0.839233
0.124023,0.106323,1.096680
0.308105,-0.430298,0.958252
-0.405640,0.082275,0.846191
0.563721,-0.246094,1.118042
-0.222412,-0.230347,0.851685
0.064941,0.140503,1.087524
0.345459,-0.431030,0.976074
-0.428345,0.073364,0.841309
0.548950,-0.202759,1.129028
-0.184204,-0.233032,0.864990
0.018799,0.170898,1.106567
0.381958,-0.437500,0.981689
-0.451416,0.065430,0.841431
0.526245,-0.172729,1.130127
-0.155151,-0.241089,0.877686
-0.015991,0.185059,1.098999
0.410889,-0.417236,1.002686
-0.458496,0.035400,0.829346
0.516846,-0.148804,1.135864
-0.113281,-0.245117,0.880127
-0.049805,0.202393,1.094360
0.438232,-0.413940,1.014404
-0.457886,0.015991,0.826660
0.504517,-0.133911,1.139648
-0.073730,-0.262085,0.892822
-0.079346,0.208862,1.086060
0.459961,-0.411621,1.022827
-0.459717,0.020996,0.832886
0.487549,-0.115234,1.132812
-0.042725,-0.291992,0.886841
-0.102661,0.208252,1.079834
0.470337,-0.408447,1.035522
-0.452881,-0.004517,0.816650
0.467163,-0.100342,1.133911
-0.004883,-0.303955,0.891602
-0.126465,0.209961,1.072632
0.481201,-0.403320,1.034790
-0.444824,-0.029175,0.815552
0.454712,-0.082886,1.139771
0.018677,-0.318115,0.899048
-0.141968,0.212402,1.065918
0.500977,-0.396362,1.047974
-0.441406,-0.038818,0.817017
0.433594,-0.062744,1.138794
0.038818,-0.327148,0.899292
-0.162109,0.217896,1.056396
0.510986,-0.393921,1.054077
-0.437744,-0.049683,0.820435
0.417358,-0.065796,1.133789
0.051025,-0.327515,0.905762
-0.171265,0.206055,1.052490
0.519165,-0.367310,1.064819
-0.432373,-0.063232,0.811768
0.408691,-0.057983,1.135254
0.063721,-0.345459,0.893555
-0.189087,0.207520,1.035034
0.520020,-0.353027,1.066650
-0.420898,-0.085205,0.815674
0.404785,-0.048706,1.129639
0.058350,-0.348755,0.892822
-0.187744,0.193115,1.031128
0.518311,-0.341431,1.070557
-0.424072,-0.086182,0.810059
0.401978,-0.056641,1.137573
0.064209,-0.362915,0.891724
-0.202759,0.199829,1.033691
0.517944,-0.348389,1.069580
-0.422119,-0.072998,0.805298
0.397095,-0.059082,1.123535
0.074951,-0.360352,0.892700
-0.203857,0.196045,1.028320
0.525513,-0.347168,1.072510
-0.425171,-0.081543,0.805542
0.395874,-0.059448,1.122559
0.072998,-0.362671,0.894653
-0.215698,0.199341,1.026978
0.528687,-0.346558,1.073364
-0.416992,-0.088013,0.809082
0.388306,-0.040771,1.132080
0.074341,-0.358154,0.891479
-0.216431,0.201416,1.021240
0.525269,-0.348511,1.074707
-0.419434,-0.097046,0.806396
0.387085,-0.032837,1.136841
0.074951,-0.368286,0.885376
-0.220825,0.186401,1.023682
0.526123,-0.359009,1.069580
-0.413574,-0.102173,0.811890
0.375610,-0.032715,1.131226
0.081543,-0.366455,0.896118
-0.230347,0.192993,1.020142
0.530029,-0.345459,1.071167
-0.419189,-0.098877,0.810303
0.370483,-0.037598,1.130249
0.084595,-0.364624,0.894531
-0.244263,0.196289,1.013306
0.531860,-0.341553,1.078491
-0.414673,-0.102905,0.807251
0.364868,-0.019653,1.132446
0.082153,-0.360107,0.891479
-0.241577,0.177734,1.001709
0.536499,-0.339355,1.080078
-0.402832,-0.123535,0.792603
0.356079,-0.005859,1.132446
0.083252,-0.363281,0.892822
-0.256348,0.190796,1.013794
0.539917,-0.344604,1.080322
-0.409180,-0.114502,0.795166
0.343872,-0.000122,1.123779
0.091919,-0.356201,0.898315
-0.260498,0.182983,1.000610
0.540405,-0.344971,1.074829
-0.404541,-0.139404,0.796875
0.145508,0.057739,1.044678
0.103027,-0.353882,0.902466
-0.410645,0.125000,0.858887
0.528931,-0.344849,1.036743
-0.399902,-0.143677,0.789307
0.123047,0.062378,1.044067
0.194946,-0.448242,0.852173
-0.425171,0.120483,0.851318
0.530029,-0.338135,1.029663
-0.366943,-0.229614,0.754517
0.106934,0.067627,1.029785
0.205566,-0.449951,0.850586
-0.428955,0.112549,0.834595
0.536621,-0.324219,1.040283
-0.350952,-0.230347,0.762939
0.086182,0.079224,1.036743
0.226929,-0.460327,0.852417
-0.440552,0.099121,0.812012
0.532227,-0.319092,1.028931
-0.330933,-0.206055,0.784302
0.066650,0.094238,1.037231
0.246338,-0.470459,0.859009
-0.447144,0.074707,0.801147
0.524658,-0.312378,1.027710
-0.319824,-0.241821,0.776245
0.049438,0.087158,1.033081
0.264893,-0.475098,0.871338
-0.461914,0.070557,0.792114
0.505249,-0.293457,1.036011
-0.292603,-0.236328,0.785034
0.028320,0.102905,1.033203
0.277466,-0.471191,0.876587
-0.473145,0.067993,0.785645
0.500610,-0.275024,1.037964
-0.270020,-0.209473,0.811035
0.007324,0.115601,1.033447
0.292358,-0.475830,0.882080
-0.484131,0.056763,0.781372
0.491089,-0.258545,1.040894
-0.246094,-0.235474,0.807983
-0.024658,0.126709,1.035034
0.306641,-0.471436,0.894531
-0.494629,0.060791,0.781494
0.484497,-0.250610,1.044556
-0.227661,-0.236938,0.820068
-0.051758,0.140015,1.029053
0.335449,-0.465942,0.911743
-0.501587,0.056030,0.780273
0.471436,-0.217285,1.049194
-0.198975,-0.239014,0.822021
-0.068237,0.155029,1.031006
0.355835,-0.467651,0.916382
-0.510864,0.059448,0.781738
0.453247,-0.200562,1.050903
-0.167603,-0.230591,0.840576
-0.090942,0.160645,1.026001
0.369141,-0.456299,0.928833
-0.511963,0.045044,0.783936
0.445435,-0.185913,1.053467
-0.139648,-0.256592,0.837891
-0.105591,0.163208,1.022339
0.386230,-0.458374,0.933472
-0.511230,0.053223,0.786865
0.435181,-0.168091,1.051270
-0.119141,-0.274902,0.835815
-0.129883,0.160522,1.002808
0.401855,-0.446899,0.945923
-0.514282,0.028076,0.786865
0.422241,-0.150269,1.051025
-0.092041,-0.294434,0.836792
-0.147705,0.145142,0.996704
0.416260,-0.450562,0.947754
-0.513794,0.022949,0.768433
0.417358,-0.151367,1.043701
-0.065063,-0.312500,0.835815
-0.163208,0.146240,0.982178
0.425537,-0.434937,0.961670
-0.503052,-0.005737,0.775269
0.396606,-0.129395,1.046509
-0.038330,-0.331055,0.841064
-0.191284,0.155273,0.980225
0.437866,-0.435303,0.962280
-0.495239,-0.031006,0.773193
0.375610,-0.099487,1.060059
0.000122,-0.345825,0.847534
-0.217041,0.151733,0.961426
0.452271,-0.427002,0.970459
-0.490601,-0.050537,0.763062
0.354614,-0.085815,1.052979
0.028687,-0.380127,0.834961
-0.250122,0.153564,0.953125
0.466187,-0.411743,0.979980
-0.471313,-0.080200,0.767578
0.322144,-0.058228,1.051392
0.050415,-0.399292,0.824707
-0.269165,0.133423,0.922974
0.479004,-0.393188,0.988770
-0.463501,-0.097534,0.763184
0.292480,-0.038940,1.047607
0.077026,-0.426147,0.830444
-0.307007,0.134399,0.910034
0.488159,-0.385620,0.997681
-0.448975,-0.121704,0.766479
0.268433,-0.022339,1.043213
0.090332,-0.434204,0.821045
-0.340576,0.131470,0.898560
0.499512,-0.367065,1.015015
-0.429810,-0.142578,0.765259
0.232300,0.001709,1.043457
0.104492,-0.423218,0.821289
-0.365234,0.127319,0.876465
0.509766,-0.358765,1.021484
-0.418579,-0.158447,0.756836
0.194458,0.022217,1.045410
0.122559,-0.419067,0.833496
-0.386108,0.121582,0.859131
0.514893,-0.349854,1.021973
-0.402710,-0.181152,0.763916
0.151123,0.042114,1.037842
0.160034,-0.432983,0.848145
-0.407104,0.109253,0.837402
0.510742,-0.329712,1.018433
-0.375488,-0.201538,0.762695
0.107178,0.074707,1.041626
0.203979,-0.453735,0.853149
-0.432983,0.099487,0.815796
0.512329,-0.311523,1.029175
-0.342651,-0.222900,0.769775
0.068115,0.086304,1.035278
0.240112,-0.470093,0.863647
-0.459595,0.082397,0.789307
0.507812,-0.294312,1.027100
-0.310913,-0.223999,0.778931
0.026489,0.104492,1.025879
0.279907,-0.475464,0.875854
-0.469971,0.052368,0.775146
0.488037,-0.251099,1.040894
-0.273071,-0.211060,0.797729
-0.008545,0.125854,1.031494
0.308350,-0.472656,0.892212
-0.492065,0.052368,0.769043
0.477783,-0.236572,1.043213
-0.240234,-0.215454,0.817017
-0.047729,0.131104,1.015259
0.329712,-0.463379,0.915527
-0.494995,0.042603,0.780151
0.460693,-0.203247,1.050781
-0.200806,-0.231323,0.820679
-0.087036,0.146973,1.013184
0.360474,-0.470215,0.923950
-0.508057,0.044556,0.774414
0.444824,-0.183716,1.045532
-0.162964,-0.236572,0.821167
-0.121338,0.154907,0.997803
0.379639,-0.453979,0.931885
-0.503662,0.026733,0.785156
0.429932,-0.157715,1.049805
-0.117310,-0.267944,0.826416
-0.151611,0.147583,0.983521
0.406982,-0.446777,0.944092
-0.489746,-0.013062,0.770630
0.401611,-0.131592,1.053345
-0.076660,-0.302124,0.829712
-0.186768,0.144531,0.968994
0.433105,-0.430542,0.956665
-0.493164,-0.048218,0.765259
0.384277,-0.101685,1.058594
-0.009155,-0.335327,0.830566
-0.240967,0.152832,0.950073
0.451904,-0.431519,0.964966
-0.472656,-0.092651,0.764038
0.341919,-0.079346,1.056152
0.033447,-0.365967,0.837158
-0.281738,0.150146,0.931763
0.473389,-0.407593,0.986450
-0.449463,-0.132568,0.756836
0.291138,-0.023071,1.059448
0.082153,-0.417480,0.814697
-0.325073,0.153564,0.906494
0.489258,-0.401367,0.993164
-0.443237,-0.145874,0.762085
0.240234,-0.010986,1.035767
0.109863,-0.414307,0.818848
-0.369263,0.135864,0.877319
0.494995,-0.358398,1.003662
-0.412109,-0.186279,0.758057
0.191406,0.017822,1.038940
0.132690,-0.414795,0.836426
-0.407349,0.130371,0.854980
0.499512,-0.342285,1.015991
-0.381592,-0.222656,0.755371
0.127686,0.045166,1.035889
0.178345,-0.431641,0.838989
-0.439941,0.125000,0.828247
0.509644,-0.325439,1.016602
-0.348267,-0.251709,0.742676
0.071289,0.066895,1.025635
0.240723,-0.445679,0.861450
-0.464722,0.088745,0.784302
0.504761,-0.289307,1.030151
-0.306030,-0.249878,0.771484
0.005493,0.104248,1.019287
0.288696,-0.453857,0.882935
-0.483154,0.059814,0.771240
0.470947,-0.249512,1.020874
-0.238281,-0.217285,0.817383
-0.047974,0.120728,1.016602
0.330688,-0.445679,0.910767
-0.503662,0.059326,0.775146
0.447876,-0.197388,1.036255
-0.179077,-0.233154,0.828613
-0.094727,0.129639,0.999634
0.364746,-0.435547,0.941895
-0.520996,0.038696,0.770874
0.421143,-0.139771,1.048584
-0.096436,-0.299072,0.827759
-0.158203,0.155151,0.993408
0.403564,-0.436279,0.952759
-0.504639,-0.000732,0.766602
0.389893,-0.110596,1.052612
-0.035645,-0.336304,0.818359
-0.209229,0.152588,0.956055
0.442017,-0.432373,0.970459
-0.494629,-0.052612,0.750732
0.346069,-0.079956,1.043091
0.028198,-0.394287,0.810791
-0.261475,0.158081,0.934448
0.471069,-0.409546,0.981445
-0.477905,-0.090576,0.753174
0.299316,-0.051147,1.044434
0.070190,-0.422852,0.809937
-0.315674,0.144531,0.901367
0.493286,-0.381836,0.997314
-0.445923,-0.141602,0.757935
0.240356,-0.018677,1.036621
0.099854,-0.441284,0.811523
-0.354736,0.127197,0.872803
0.504639,-0.366943,1.009399
-0.419678,-0.157104,0.765259
0.185791,0.010254,1.031006
0.118164,-0.439209,0.806030
-0.390015,0.115112,0.845215
0.504395,-0.335327,1.013062
-0.394043,-0.185181,0.761597
0.131226,0.046387,1.027588
0.162964,-0.451904,0.828003
-0.436035,0.101196,0.815674
0.506104,-0.312256,1.026733
-0.356812,-0.197388,0.770752
0.067383,0.075562,1.015625
0.216553,-0.469360,0.841919
-0.452515,0.061890,0.788452
0.506958,-0.299316,1.032471
-0.321655,-0.211060,0.783081
0.021240,0.104492,1.032104
0.260254,-0.489624,0.863037
-0.475464,0.057251,0.772217
0.487183,-0.264282,1.031494
-0.280151,-0.219727,0.800537
-0.013550,0.128052,1.029419
0.298828,-0.483765,0.885376
-0.491455,0.046509,0.764648
0.469727,-0.231445,1.036743
-0.231201,-0.235107,0.809448
-0.055420,0.146118,1.022583
0.322021,-0.464966,0.902588
-0.511719,0.053833,0.772095
0.456909,-0.207764,1.044678
-0.192383,-0.230713,0.821777
-0.086670,0.161743,1.013794
0.343018,-0.464233,0.908447
-0.514160,0.042969,0.770386
0.446167,-0.185669,1.049072
-0.156982,-0.245361,0.823120
-0.117676,0.159424,1.007202
0.373657,-0.471191,0.923218
-0.523682,0.039307,0.774902
0.425537,-0.176025,1.046997
-0.124146,-0.276855,0.820190
-0.139160,0.160522,0.993408
0.394897,-0.454834,0.941528
-0.523315,0.019287,0.764893
0.416870,-0.142090,1.053467
-0.089722,-0.309448,0.809937
-0.161133,0.171753,0.986328
0.413574,-0.461670,0.941895
-0.517822,0.016113,0.769653
0.404907,-0.139282,1.048828
-0.065308,-0.328979,0.818481
-0.179321,0.167358,0.972290
0.424683,-0.443481,0.946777
-0.519165,-0.010986,0.769287
0.387695,-0.125854,1.051392
-0.045654,-0.352051,0.812866
-0.197510,0.163574,0.968628
0.435303,-0.459106,0.948242
-0.507690,-0.019897,0.764038
0.381226,-0.119995,1.038086
-0.026611,-0.363037,0.818115
-0.220703,0.165894,0.952759
0.443726,-0.443726,0.959351
-0.508057,-0.030762,0.768921
0.354858,-0.105713,1.047119
-0.002808,-0.372803,0.822144
-0.241577,0.151611,0.947632
0.451660,-0.439697,0.957520
-0.503174,-0.048706,0.756714
0.346680,-0.091431,1.041626
0.012817,-0.386108,0.820190
-0.242798,0.141724,0.932739
0.450806,-0.430054,0.961792
-0.497314,-0.059326,0.753662
0.340088,-0.098511,1.040649
0.026733,-0.398560,0.814453
-0.262573,0.162354,0.934448
0.464722,-0.430054,0.965210
-0.494995,-0.066528,0.754883
0.328003,-0.085693,1.038330
0.033813,-0.405273,0.809937
-0.275391,0.149780,0.924438
0.473145,-0.425781,0.965332
-0.491699,-0.070190,0.754761
0.316772,-0.067749,1.033325
0.044800,-0.398438,0.812500
-0.283081,0.145264,0.919067
0.471069,-0.432251,0.958618
-0.493530,-0.085571,0.752686
0.310791,-0.060181,1.041138
0.056641,-0.399658,0.814697
-0.304077,0.144287,0.915894
0.475952,-0.422485,0.969849
-0.480469,-0.103149,0.749146
0.294800,-0.052246,1.034180
0.059814,-0.418091,0.809082
-0.310547,0.144653,0.909790
0.479858,-0.417725,0.975464
-0.475708,-0.114014,0.752319
0.277954,-0.033691,1.035522
0.082520,-0.424438,0.816528
-0.330811,0.145386,0.891479
0.490112,-0.402222,0.989014
-0.465942,-0.129395,0.745605
0.255127,-0.021729,1.033081
0.095337,-0.427124,0.809570
-0.345581,0.140625,0.887695
0.490967,-0.386841,0.990723
-0.461670,-0.141846,0.744141
0.239868,-0.006470,1.034302
0.103394,-0.422974,0.816162
-0.363037,0.134888,0.877441
0.491699,-0.385864,0.983765
-0.448486,-0.159546,0.742188
0.210449,0.009521,1.032227
0.105347,-0.422974,0.811035
-0.380737,0.133301,0.870239
0.498413,-0.356323,0.997070
-0.432983,-0.173950,0.741211
0.179565,0.033081,1.038330
0.126099,-0.431885,0.820312
-0.411133,0.125977,0.845337
0.500000,-0.345825,1.003906
-0.410034,-0.188110,0.748047
0.139771,0.049561,1.037598
0.154419,-0.442749,0.829834
-0.420288,0.126587,0.832031
0.497803,-0.331665,1.008301
-0.390747,-0.186646,0.757935
0.114380,0.067017,1.026978
0.191040,-0.451660,0.841064
-0.442505,0.111450,0.814331
0.500488,-0.313965,1.016724
-0.367065,-0.219971,0.751587
0.074585,0.082764,1.024414
0.228027,-0.468384,0.858154
-0.460083,0.085083,0.787476
0.494263,-0.305420,1.017456
-0.338623,-0.212891,0.762939
0.038696,0.094971,1.016479
0.251343,-0.465820,0.869507
-0.475098,0.077271,0.771484
0.495361,-0.296143,1.013672
-0.308594,-0.231323,0.774902
-0.000244,0.106445,1.011353
0.281128,-0.471802,0.878296
-0.496460,0.071167,0.765137
0.480591,-0.277466,1.023193
-0.270142,-0.239258,0.792969
-0.039551,0.130005,1.015625
0.315674,-0.469360,0.890381
-0.514038,0.070435,0.772583
0.456055,-0.253784,1.025757
-0.219116,-0.224365,0.823364
-0.074463,0.149414,1.010864
0.333008,-0.461670,0.900757
-0.520142,0.064331,0.778320
0.448730,-0.217651,1.033569
-0.179199,-0.242065,0.815674
-0.102295,0.156128,1.009644
0.363647,-0.464355,0.914917
-0.516235,0.060669,0.780518
0.435913,-0.174194,1.039551
-0.118286,-0.278564,0.830200
-0.143799,0.155396,0.987549
0.382324,-0.446411,0.928101
-0.515991,0.032837,0.779663
0.419922,-0.151611,1.046021
-0.074707,-0.315430,0.830444
-0.188843,0.150269,0.971313
0.408081,-0.438843,0.942749
-0.503174,-0.006348,0.764404
0.384644,-0.112183,1.043213
-0.023071,-0.355957,0.816528
-0.231445,0.150024,0.943237
0.431641,-0.421143,0.964844
-0.489258,-0.057007,0.759644
0.343994,-0.082397,1.037964
0.021973,-0.392212,0.814087
-0.271729,0.148560,0.923828
0.456909,-0.409668,0.977905
-0.478516,-0.089844,0.748291
0.299194,-0.047119,1.040527
0.066650,-0.434692,0.805542
-0.324951,0.141113,0.895874
0.475464,-0.392212,0.982056
-0.456299,-0.114746,0.754395
0.258301,-0.022827,1.036987
0.090210,-0.446777,0.802979
-0.376221,0.130737,0.867310
0.490601,-0.372314,0.990234
-0.435059,-0.136475,0.760864
0.205933,0.008179,1.042114
0.109375,-0.437988,0.814697
-0.413574,0.120605,0.839600
0.493652,-0.352051,0.997681
-0.401001,-0.197510,0.748413
0.150391,0.064331,1.047729
0.159912,-0.436279,0.832153
-0.456543,0.113770,0.813965
0.490356,-0.336670,0.997925
-0.358398,-0.228760,0.753296
0.076538,0.097046,1.029785
0.228149,-0.451904,0.856567
-0.493042,0.071411,0.773926
0.487915,-0.315308,1.004517
-0.298706,-0.235474,0.780029
0.009033,0.123535,1.024048
0.279907,-0.453613,0.882202
-0.513794,0.056763,0.760742
0.459229,-0.265869,1.017212
-0.237915,-0.253906,0.789795
-0.041382,0.144409,1.015869
0.326416,-0.424316,0.922852
-0.525269,0.048340,0.769287
0.434692,-0.219727,1.028809
-0.174194,-0.302612,0.786743
-0.106567,0.149658,0.998535
0.382202,-0.406616,0.945190
-0.526367,0.033447,0.771729
0.405640,-0.173950,1.022827
-0.086304,-0.340576,0.799561
-0.182129,0.157227,0.963135
0.428345,-0.407227,0.959717
-0.498413,-0.032715,0.772827
0.350342,-0.124878,1.026733
-0.006348,-0.395386,0.803711
-0.259644,0.140015,0.907959
0.459473,-0.385254,0.976929
-0.465454,-0.090698,0.775024
0.287964,-0.065430,1.032349
0.057251,-0.439819,0.807007
-0.328491,0.119995,0.869263
0.480225,-0.361450,0.995605
-0.437134,-0.126465,0.769775
0.218384,-0.026733,1.019897
0.103516,-0.460693,0.800049
-0.385010,0.111572,0.836914
0.495728,-0.326660,1.015991
-0.401489,-0.179810,0.758667
0.154053,0.025269,1.029175
0.131348,-0.445923,0.814209
-0.432495,0.107300,0.807129
0.499268,-0.310669,1.016968
-0.357300,-0.194824,0.777222
0.077881,0.072144,1.029175
0.202759,-0.487915,0.832886
-0.477661,0.084839,0.781982
0.494141,-0.276245,1.018433
-0.299927,-0.206909,0.792358
0.005859,0.112305,1.024292
0.266357,-0.501465,0.852783
-0.511841,0.059204,0.748413
0.478149,-0.249268,1.026489
-0.244385,-0.202637,0.811157
-0.052246,0.152588,1.019165
0.318237,-0.486206,0.892578
-0.525879,0.052490,0.763550
0.440674,-0.201660,1.031982
-0.165649,-0.259888,0.817627
-0.098511,0.153809,1.010010
0.360596,-0.471436,0.916504
-0.535645,0.057373,0.766357
0.421631,-0.176270,1.027222
-0.110229,-0.306274,0.811035
-0.149048,0.157715,0.985840
0.398438,-0.446167,0.942261
-0.529541,0.009033,0.767822
0.388916,-0.143433,1.021606
-0.039551,-0.351807,0.813110
-0.206543,0.154541,0.959961
0.432007,-0.429077,0.962280
-0.511475,-0.043335,0.756226
0.339233,-0.097046,1.027466
0.017822,-0.403198,0.809570
-0.259277,0.138184,0.919556
0.464111,-0.407471,0.970703
-0.488525,-0.092651,0.762207
0.289307,-0.066528,1.021240
0.065063,-0.435547,0.803101
-0.317871,0.127197,0.884521
0.483154,-0.378784,0.990723
-0.457397,-0.126587,0.750122
0.225586,-0.012207,1.029785
0.096191,-0.448242,0.798340
-0.372803,0.112671,0.850830
0.496094,-0.343262,1.001953
-0.424316,-0.161133,0.761719
0.164673,0.022461,1.026733
0.124756,-0.451050,0.805054
-0.414062,0.110596,0.818604
0.502930,-0.324585,1.009155
-0.385132,-0.189087,0.754883
0.098389,0.057251,1.024048
0.182129,-0.468872,0.821899
-0.464966,0.089111,0.794678
0.509277,-0.305908,1.033936
-0.336426,-0.219849,0.766968
0.033325,0.102539,1.015381
0.241577,-0.469727,0.849121
-0.487183,0.067993,0.764038
0.496094,-0.295532,1.022461
-0.280151,-0.236694,0.787476
-0.029785,0.141968,1.020508
0.292358,-0.476929,0.865601
-0.515381,0.059326,0.766357
0.468262,-0.240967,1.032104
-0.213257,-0.252808,0.806519
-0.071411,0.150757,1.012207
0.333008,-0.467041,0.900146
-0.530029,0.047974,0.766113
0.438110,-0.199829,1.038208
-0.158325,-0.268311,0.812744
-0.108765,0.150146,1.002197
0.363892,-0.436523,0.923706
-0.533325,0.034546,0.765869
0.414307,-0.178223,1.032959
-0.088745,-0.334351,0.815796
-0.162109,0.154297,0.976318
0.399902,-0.410278,0.953369
-0.526611,-0.001831,0.770142
0.376953,-0.127930,1.035767
-0.031738,-0.375244,0.811157
-0.208862,0.138916,0.946655
0.429688,-0.406494,0.960938
-0.516113,-0.043701,0.748413
0.334839,-0.094116,1.032227
0.024658,-0.395752,0.814575
-0.252808,0.132568,0.917236
0.460327,-0.408447,0.971191
-0.498901,-0.081421,0.754150
0.296265,-0.072876,1.024292
0.056885,-0.427490,0.801514
-0.303101,0.138794,0.898804
0.480225,-0.386353,0.983887
-0.471558,-0.120972,0.755127
0.249634,-0.039429,1.025513
0.086182,-0.431030,0.802124
-0.343140,0.129883,0.876831
0.493896,-0.360352,1.002319
-0.434692,-0.168701,0.752930
0.194580,0.003662,1.023438
0.113403,-0.431274,0.813232
-0.394531,0.130127,0.846436
0.501343,-0.335205,1.000977
-0.399658,-0.205444,0.748779
0.130249,0.048584,1.027344
0.143799,-0.433228,0.818970
-0.430298,0.115479,0.818604
0.507812,-0.307861,1.017578
-0.359375,-0.226440,0.761963
0.062622,0.090698,1.025269
0.207886,-0.456177,0.844360
-0.461792,0.077637,0.787354
0.495605,-0.289795,1.025757
-0.310181,-0.229126,0.778931
0.017212,0.095459,1.020020
0.255005,-0.456543,0.872192
-0.488159,0.061523,0.766357
0.475830,-0.268066,1.020630
-0.249878,-0.243164,0.803223
-0.033691,0.124878,1.011963
0.295410,-0.442383,0.893188
-0.509155,0.055786,0.768799
0.461792,-0.223999,1.037476
-0.183472,-0.277100,0.813599
-0.101318,0.151367,1.004028
0.343628,-0.439575,0.918579
-0.515015,0.046021,0.775879
0.432007,-0.172852,1.047119
-0.110352,-0.311768,0.819092
-0.161377,0.156860,0.991455
0.387329,-0.428833,0.947144
-0.504272,0.008301,0.767700
0.397217,-0.136230,1.038818
-0.035522,-0.360596,0.819092
-0.215820,0.162354,0.964600
0.428223,-0.418945,0.962524
-0.491699,-0.046265,0.756348
0.338257,-0.077393,1.036377
0.029297,-0.391235,0.812378
-0.274048,0.144653,0.920532
0.460693,-0.412476,0.973877
-0.470947,-0.103516,0.762695
0.284302,-0.038940,1.035767
0.069336,-0.437988,0.810303
-0.333984,0.129517,0.893188
0.492065,-0.394531,0.993652
-0.452026,-0.133057,0.760376
0.218384,0.000488,1.031250
0.095459,-0.435913,0.807129
-0.389648,0.128052,0.862305
0.512939,-0.364868,1.008423
-0.413086,-0.172729,0.756226
0.150146,0.048706,1.039429
0.140625,-0.449951,0.811646
-0.436157,0.122314,0.828125
0.519287,-0.341675,1.013794
-0.360596,-0.192261,0.774292
0.079224,0.090088,1.029297
0.214478,-0.466309,0.840698
-0.474609,0.077637,0.785278
0.512329,-0.315918,1.019531
-0.306274,-0.202759,0.794922
0.006958,0.118286,1.032593
0.272705,-0.461426,0.873169
-0.496582,0.056030,0.769165
0.479370,-0.271729,1.019897
-0.238770,-0.224121,0.811157
-0.047729,0.133911,1.018555
0.316528,-0.456787,0.909424
-0.518311,0.053467,0.762451
0.453979,-0.206421,1.042480
-0.172119,-0.262817,0.815796
-0.105835,0.151123,1.004272
0.366333,-0.448853,0.936646
-0.520020,0.036865,0.767700
0.420898,-0.167358,1.036865
-0.102051,-0.315186,0.807495
-0.159790,0.151367,0.975464
0.413086,-0.422241,0.956543
-0.508301,-0.011230,0.762451
0.379150,-0.119507,1.045288
-0.035645,-0.353760,0.817261
-0.213257,0.137939,0.954956
0.443848,-0.410522,0.968262
-0.489868,-0.108398,0.735352
0.214233,-0.008179,1.007202
0.024902,-0.404419,0.808228
-0.412354,0.127563,0.814087
0.473389,-0.354980,0.965576
-0.457520,-0.121460,0.755005
0.150635,0.041748,1.012451
0.090332,-0.445068,0.780518
-0.452515,0.130249,0.797363
0.473389,-0.329102,0.967529
-0.424683,-0.162476,0.748047
0.096436,0.077637,1.013672
0.133301,-0.442261,0.802002
-0.491943,0.140015,0.786621
0.469482,-0.313965,0.981079
-0.371948,-0.197998,0.753052
0.038940,0.101440,1.011963
0.182129,-0.450195,0.821045
-0.523682,0.128540,0.767822
0.477783,-0.293213,0.979126
-0.322510,-0.180298,0.781128
-0.011353,0.124878,1.011841
0.236572,-0.457153,0.840332
-0.544922,0.109985,0.745850
0.462280,-0.271118,0.989990
-0.259521,-0.246094,0.781006
-0.058472,0.138916,0.993652
0.279785,-0.442993,0.873047
-0.559570,0.098511,0.746582
0.446655,-0.225098,1.000977
-0.191895,-0.268066,0.791992
-0.108887,0.154297,0.980591
0.315063,-0.435791,0.889526
-0.554688,0.084351,0.767334
0.427002,-0.180908,1.019653
-0.149170,0.143921,0.958374
0.349243,-0.425171,0.913086
-0.555420,0.056152,0.760376
0.402954,-0.142456,1.018799
-0.091797,-0.324341,0.794922
-0.195801,0.142456,0.933716
0.382812,-0.408691,0.920044
-0.543823,0.025146,0.761963
0.370850,-0.108154,1.015381
-0.050781,-0.374512,0.778320
-0.234741,0.147705,0.910889
0.408691,-0.406006,0.929321
-0.532715,-0.012573,0.755127
0.340088,-0.080322,1.020508
-0.019653,-0.385742,0.777466
-0.279175,0.137329,0.876831
0.433350,-0.396240,0.940552
-0.514038,-0.058472,0.740967
0.287598,-0.047974,1.007324
0.014404,-0.421021,0.767456
-0.313477,0.125977,0.858276
0.444946,-0.373535,0.950439
-0.507446,-0.082764,0.738159
0.257324,-0.027222,1.006348
0.045410,-0.446533,0.757202
-0.365601,0.127319,0.830933
0.451660,-0.357666,0.959229
-0.482056,-0.108154,0.732422
0.210571,-0.000732,1.015991
0.068359,-0.456055,0.768921
-0.406494,0.130005,0.810913
0.466431,-0.364014,0.962036
-0.468140,-0.135498,0.732056
0.171631,0.038696,1.021973
0.090088,-0.450684,0.774780
-0.434326,0.131470,0.800171
0.475220,-0.351685,0.968872
-0.454102,-0.161621,0.720337
0.130005,0.061401,1.016846
0.117310,-0.454224,0.786499
-0.467407,0.138550,0.801636
0.479858,-0.335205,0.967163
-0.418091,-0.174194,0.738892
0.089111,0.086182,1.017944
0.154663,-0.456177,0.806763
-0.496338,0.122192,0.778687
0.477417,-0.303223,0.984863
-0.386475,-0.202271,0.737061
0.049194,0.102417,1.017944
0.187012,-0.463867,0.816284
-0.511963,0.117188,0.770874
0.479126,-0.307617,0.986328
-0.358398,-0.204834,0.746582
0.014648,0.122070,1.017822
0.221069,-0.462891,0.834106
-0.534790,0.125488,0.765869
0.474976,-0.298706,0.986450
-0.304199,-0.211914,0.774292
-0.022949,0.145630,1.013184
0.252197,-0.461060,0.851807
-0.547485,0.108276,0.752686
0.464966,-0.272949,0.993774
-0.273926,-0.231201,0.772217
-0.062866,0.150391,1.002197
0.282715,-0.460693,0.864868
-0.554810,0.091187,0.756470
0.455078,-0.255249,1.007812
-0.223267,-0.262207,0.789307
-0.089600,0.167969,0.996704
0.298828,-0.442383,0.878662
-0.560059,0.093872,0.769287
0.446045,-0.231934,1.013306
-0.179932,-0.252563,0.805908
-0.117920,0.162231,0.981445
0.321899,-0.438965,0.890747
-0.554565,0.075439,0.772827
0.424561,-0.198975,1.012329
-0.130371,-0.298340,0.802490
-0.139648,0.160400,0.971436
0.347900,-0.412720,0.907593
-0.555786,0.069458,0.768433
0.423462,-0.185547,1.021973
-0.098389,-0.343140,0.790894
-0.183472,0.165649,0.956299
0.368896,-0.401123,0.920776
-0.549683,0.035400,0.760132
0.391479,-0.162476,1.009766
-0.066406,-0.361206,0.791504
-0.202881,0.152710,0.931030
0.388550,-0.402222,0.921997
-0.544800,0.026245,0.750488
0.366943,-0.122314,1.021606
-0.035522,-0.369507,0.800171
-0.239624,0.138550,0.906006
0.403931,-0.400635,0.933472
-0.540527,-0.011353,0.747437
0.339111,-0.096436,1.011597
0.005737,-0.395020,0.794800
-0.275513,0.132935,0.888794
0.423828,-0.389648,0.946777
-0.522217,-0.061890,0.730713
0.298096,-0.058105,1.008423
0.024902,-0.406738,0.783691
-0.303345,0.122192,0.863892
0.442139,-0.376099,0.954956
-0.508301,-0.082642,0.738647
0.266357,-0.027588,1.016235
0.047119,-0.423584,0.781616
-0.333130,0.120605,0.848511
0.453369,-0.382568,0.949097
-0.501831,-0.105957,0.732300
0.232056,-0.008301,1.010620
0.071533,-0.443970,0.778564
-0.375000,0.115479,0.826050
0.466553,-0.366943,0.969360
-0.481567,-0.121948,0.730347
0.194580,0.011230,1.012451
0.088623,-0.457397,0.774170
-0.406006,0.121582,0.819214
0.469116,-0.354370,0.974609
-0.461548,-0.128662,0.736938
0.161621,0.034668,1.010742
0.104614,-0.452637,0.779053
-0.437500,0.110229,0.801270
0.477417,-0.341064,0.982178
-0.434204,-0.162109,0.735352
0.121338,0.064453,1.015259
0.121094,-0.447876,0.790649
-0.455078,0.104736,0.789307
0.489258,-0.322632,0.990234
-0.402222,-0.183960,0.734131
0.081055,0.085449,1.015137
0.155640,-0.467651,0.806885
-0.488403,0.110840,0.779419
0.483154,-0.315796,0.993286
-0.368042,-0.178345,0.764160
0.037354,0.120117,1.015747
0.196167,-0.464233,0.829468
-0.506348,0.092651,0.770142
0.485352,-0.295410,0.999390
-0.337891,-0.206543,0.764038
0.003418,0.142212,1.020386
0.229370,-0.473755,0.832886
-0.522949,0.091187,0.761719
0.478516,-0.286865,1.000000
-0.295288,-0.237793,0.772339
-0.028198,0.150513,1.021362
0.256592,-0.461060,0.852905
-0.535889,0.104980,0.756714
0.471313,-0.276855,0.995850
-0.260742,-0.220093,0.799316
-0.058838,0.155029,1.004395
0.281250,-0.456177,0.871948
-0.545654,0.092651,0.753174
0.465820,-0.254150,1.010254
-0.224121,-0.261841,0.792236
-0.093018,0.168701,0.987305
0.306396,-0.449097,0.888428
-0.549194,0.091187,0.762451
0.448730,-0.234863,1.013916
-0.185669,-0.267090,0.798584
-0.117554,0.168579,0.993774
0.324951,-0.439575,0.899536
-0.548828,0.086182,0.771118
0.440308,-0.204346,1.029907
-0.143921,-0.266968,0.812378
-0.137207,0.164551,0.974976
0.342285,-0.438599,0.899536
-0.545288,0.080933,0.772095
0.426270,-0.190796,1.020630
-0.110962,-0.290039,0.814087
-0.159180,0.146118,0.963989
0.360718,-0.429565,0.912720
-0.544678,0.052612,0.758911
0.411865,-0.165771,1.015137
-0.079102,-0.317993,0.818359
-0.189941,0.157227,0.958130
0.383057,-0.423584,0.925781
-0.527954,0.021484,0.758545
0.386963,-0.134155,1.021851
-0.056641,-0.322510,0.817749
-0.213379,0.136841,0.930786
0.399292,-0.432251,0.929443
-0.531860,-0.001709,0.753662
0.361328,-0.115479,1.017700
-0.031128,-0.354492,0.802612
-0.230591,0.141479,0.926880
0.416504,-0.435791,0.936035
-0.525146,-0.008301,0.760132
0.351807,-0.099243,1.016724
-0.005493,-0.380615,0.794922
-0.256714,0.133179,0.901001
0.427612,-0.416748,0.950928
-0.517212,-0.043945,0.748779
0.331787,-0.081055,1.018799
0.014282,-0.400024,0.790405
-0.274902,0.136841,0.896484
0.439697,-0.416138,0.947754
-0.504272,-0.061401,0.742676
0.310791,-0.074585,1.015869
0.024170,-0.415649,0.789062
-0.298706,0.131226,0.884766
0.446899,-0.404175,0.950195
-0.496460,-0.088867,0.741089
0.286011,-0.052002,1.014893
0.041870,-0.417603,0.784058
-0.320679,0.135376,0.869629
0.454590,-0.400146,0.949829
-0.492310,-0.098633,0.743530
0.275024,-0.038330,1.026978
0.053833,-0.436890,0.785156
-0.337646,0.128784,0.862183
0.462524,-0.390869,0.963867
-0.481812,-0.112427,0.738037
0.262329,-0.027344,1.017578
0.056274,-0.442139,0.781006
-0.345825,0.121216,0.857056
0.468018,-0.383057,0.967529
-0.482300,-0.123901,0.735107
0.247559,-0.015625,1.015869
0.077393,-0.447144,0.789917
-0.362549,0.116821,0.838257
0.473022,-0.371338,0.975708
-0.465942,-0.131958,0.734741
0.231812,-0.012695,1.029175
0.082153,-0.448975,0.792847
-0.376831,0.124634,0.843262
0.475098,-0.370361,0.972290
-0.464844,-0.143433,0.733765
0.209229,0.000122,1.020386
0.092651,-0.453369,0.784302
-0.385010,0.116455,0.826782
0.481934,-0.370850,0.979980
-0.457642,-0.135742,0.748535
0.194580,0.023315,1.027222
0.101807,-0.447754,0.786255
-0.401245,0.114380,0.827881
0.475708,-0.370239,0.973999
-0.452881,-0.156860,0.734009
0.177124,0.022217,1.024414
0.106812,-0.458984,0.783691
-0.408447,0.133789,0.835693
0.485352,-0.364990,0.985840
-0.443848,-0.171143,0.730835
0.161011,0.040771,1.023560
0.120605,-0.456787,0.797363
-0.419067,0.128784,0.826172
0.491089,-0.363770,0.985718
-0.435547,-0.174316,0.736084
0.147217,0.053833,1.031128
0.132202,-0.459106,0.799561
-0.433472,0.121826,0.821045
0.489624,-0.356567,0.981445
-0.421997,-0.189575,0.735352
0.128662,0.073364,1.028687
0.140625,-0.453247,0.809082
-0.438232,0.124268,0.817383
0.490845,-0.350952,0.992798
-0.414551,-0.184570,0.737915
0.106567,0.069092,1.025879
0.160034,-0.469727,0.813110
-0.451172,0.122192,0.809448
0.486816,-0.333374,0.994019
-0.398193,-0.192505,0.737671
0.094116,0.076538,1.023926
0.171021,-0.467896,0.816284
-0.462524,0.123047,0.806885
0.499878,-0.340820,0.993042
-0.389526,-0.203003,0.738892
0.074951,0.084106,1.013428
0.193604,-0.465088,0.826904
-0.468994,0.112061,0.797485
0.498169,-0.331665,0.992554
-0.374878,-0.215942,0.741699
0.051270,0.098511,1.022949
0.215210,-0.472290,0.831299
-0.470703,0.089478,0.789185
0.495850,-0.313965,0.998901
-0.363770,-0.190796,0.758667
0.039673,0.100708,1.022827
0.233521,-0.488647,0.828125
-0.480225,0.094116,0.785645
0.492798,-0.309937,1.000610
-0.342163,-0.209229,0.761230
0.020996,0.105835,1.017456
0.247070,-0.486084,0.839966
-0.486572,0.091187,0.778564
0.493042,-0.310913,1.006348
-0.325073,-0.218506,0.767822
0.004883,0.108398,1.011597
0.252686,-0.484131,0.852539
-0.494507,0.076050,0.769653
0.491821,-0.303711,1.004761
-0.308960,-0.205322,0.789307
-0.013184,0.116821,1.006958
0.260254,-0.478027,0.853638
-0.497559,0.061157,0.767090
0.489868,-0.290894,1.014771
-0.291626,-0.220947,0.790161
-0.027832,0.121582,1.006836
0.271362,-0.473145,0.866699
-0.505615,0.061035,0.770630
0.486084,-0.272217,1.016602
-0.267212,-0.212769,0.801880
-0.041870,0.131470,1.009155
0.285767,-0.468262,0.867554
-0.506104,0.051392,0.772583
0.477905,-0.257446,1.026001
-0.248657,-0.192383,0.813232
-0.054321,0.138916,1.009644
0.294312,-0.469604,0.880859
-0.516846,0.043701,0.766846
0.469971,-0.251343,1.017822
-0.231201,-0.219482,0.810669
-0.062012,0.150391,1.014648
0.311890,-0.462280,0.890747
-0.524048,0.049927,0.769531
0.463623,-0.237427,1.035156
-0.213989,-0.240479,0.803955
-0.077759,0.152466,1.006470
0.319214,-0.457031,0.904419
-0.533081,0.046997,0.766724
0.452881,-0.226562,1.033813
-0.202393,-0.248779,0.804077
-0.093628,0.151367,1.004395
0.337280,-0.466553,0.905029
-0.531372,0.056030,0.770874
0.446411,-0.207275,1.035645
-0.187012,-0.246948,0.811035
-0.101562,0.152344,0.994263
0.352051,-0.451050,0.913330
-0.531006,0.043945,0.777588
0.436646,-0.195923,1.037720
-0.172363,-0.260986,0.810547
-0.112915,0.154663,0.995483
0.360107,-0.445557,0.924805
-0.521973,0.032837,0.767090
0.423584,-0.175537,1.045166
-0.160156,-0.271606,0.804321
-0.118896,0.148560,0.986572
0.375366,-0.437378,0.932739
-0.519409,0.030396,0.765015
0.419556,-0.175049,1.036499
-0.135376,-0.308350,0.805054
-0.137451,0.156616,0.984619
0.383423,-0.430542,0.941406
-0.525879,0.032837,0.766602
0.410645,-0.157959,1.035522
-0.117798,-0.322388,0.800171
-0.148682,0.149292,0.974243
0.388184,-0.426147,0.935181
-0.516113,0.017700,0.773193
0.403076,-0.143066,1.038452
-0.095825,-0.318237,0.810181
-0.174072,0.146973,0.971313
0.407104,-0.433472,0.943970
-0.512939,-0.000854,0.764893
0.394775,-0.137451,1.044189
-0.077515,-0.340942,0.800171
-0.195068,0.151855,0.965820
0.425049,-0.434448,0.957520
-0.511475,-0.022827,0.764404
0.383789,-0.113159,1.048462
-0.043213,-0.363525,0.806763
-0.211548,0.150635,0.949585
0.436401,-0.424683,0.967041
-0.502686,-0.028564,0.765137
0.365234,-0.101562,1.050293
-0.027344,-0.376587,0.805054
-0.240356,0.147583,0.935303
0.446289,-0.424316,0.961304
-0.495728,-0.042969,0.765869
0.352295,-0.081909,1.046387
0.009155,-0.390015,0.808228
-0.266113,0.146240,0.920288
0.458862,-0.427979,0.964844
-0.484619,-0.065674,0.760742
0.325195,-0.081909,1.052734
0.036133,-0.414795,0.811646
-0.287720,0.146362,0.912476
0.462646,-0.412476,0.974487
-0.473511,-0.086792,0.757080
0.307617,-0.061035,1.052246
0.057129,-0.426270,0.816284
-0.308716,0.146362,0.907104
0.466064,-0.399048,0.972290
-0.474121,-0.105713,0.765015
0.289307,-0.049561,1.041992
0.075928,-0.430420,0.815796
-0.331787,0.139282,0.894165
0.476318,-0.383179,0.985474
-0.457764,-0.124390,0.757568
0.262451,-0.027588,1.032227
0.093994,-0.443848,0.803223
-0.344727,0.142700,0.878174
0.490845,-0.367676,0.995972
-0.445068,-0.122070,0.770386
0.240112,-0.012817,1.037109
0.117554,-0.453125,0.810425
-0.366821,0.138428,0.874268
0.484863,-0.348022,0.999268
-0.429077,-0.150635,0.754150
0.213501,0.000488,1.041260
0.121460,-0.443848,0.819214
-0.383545,0.132568,0.849609
0.496704,-0.345215,1.001587
-0.420532,-0.165283,0.758301
0.182251,0.020142,1.032837
0.144897,-0.458008,0.825806
-0.405884,0.127563,0.851318
0.494141,-0.339600,1.005493
-0.412842,-0.182251,0.746582
0.161621,0.033569,1.038086
0.165527,-0.458008,0.836548
-0.419434,0.127563,0.840088
0.490845,-0.323120,1.012207
-0.392944,-0.199829,0.747681
0.131714,0.053955,1.041748
0.196899,-0.467896,0.846191
-0.443848,0.129395,0.825806
0.508667,-0.313354,1.015259
-0.372192,-0.205322,0.745972
0.101196,0.069458,1.034668
0.229614,-0.478516,0.854736
-0.451538,0.104248,0.809448
0.505249,-0.311401,1.014282
-0.354858,-0.225342,0.751953
0.069336,0.084473,1.028687
0.248535,-0.473877,0.864746
-0.465576,0.091675,0.795288
0.502319,-0.296997,1.019165
-0.319092,-0.227295,0.773926
0.033203,0.099609,1.031494
0.273193,-0.479614,0.869751
-0.476685,0.072876,0.779053
0.485840,-0.283569,1.022705
-0.296021,-0.226196,0.791138
0.018555,0.100830,1.028320
0.289307,-0.476318,0.886963
-0.489746,0.066895,0.781128
0.478394,-0.264160,1.025024
-0.270630,-0.232056,0.800049
-0.014526,0.129639,1.028442
0.309326,-0.464111,0.906128
-0.491211,0.063721,0.775146
0.479980,-0.235962,1.039551
-0.236938,-0.237183,0.800903
-0.041138,0.145386,1.027344
0.333008,-0.467163,0.914185
-0.489990,0.052612,0.778320
0.463013,-0.222900,1.046143
-0.216309,-0.237793,0.814453
-0.062988,0.152344,1.020142
0.354614,-0.461792,0.923462
-0.500122,0.040771,0.782959
0.457153,-0.200317,1.051758
-0.185913,-0.277100,0.803467
-0.083984,0.156860,1.022705
0.367920,-0.453491,0.937988
-0.505249,0.052368,0.790161
0.450684,-0.179443,1.057251
-0.161865,-0.265747,0.827271
-0.106445,0.153320,1.018799
0.382202,-0.440063,0.943848
-0.506714,0.049072,0.790527
0.448486,-0.163208,1.060913
-0.136963,-0.273193,0.833496
-0.119385,0.155640,1.003784
0.382812,-0.431763,0.946045
-0.505981,0.009766,0.781372
0.436401,-0.151367,1.074829
-0.100952,-0.297729,0.838379
-0.146118,0.166260,1.001099
0.400513,-0.432983,0.948242
-0.499512,0.002075,0.784302
0.431030,-0.147583,1.075317
-0.069824,-0.317383,0.842651
-0.161987,0.155884,0.990479
0.413086,-0.425903,0.958496
-0.494995,-0.013306,0.771240
0.422729,-0.139526,1.064575
-0.043823,-0.333252,0.836914
-0.186646,0.164307,0.974121
0.428345,-0.419556,0.965210
-0.493652,-0.025146,0.772583
0.413330,-0.123169,1.071289
-0.018311,-0.345825,0.847900
-0.203613,0.167969,0.977051
0.440918,-0.411743,0.973145
-0.480713,-0.052246,0.769531
0.393921,-0.110718,1.072510
0.004272,-0.365112,0.838013
-0.220947,0.162842,0.968994
0.455688,-0.407471,0.979858
-0.480469,-0.061401,0.772827
0.375122,-0.095093,1.071899
0.027588,-0.380981,0.840942
-0.241211,0.176147,0.958618
0.458618,-0.399048,0.988770
-0.474731,-0.093506,0.751709
0.358276,-0.089600,1.072632
0.051025,-0.399048,0.846436
-0.260376,0.166382,0.958618
0.475586,-0.403198,0.994019
-0.460815,-0.097168,0.761353
0.340454,-0.072510,1.071045
0.067993,-0.411743,0.837646
-0.267334,0.170166,0.961182
0.478760,-0.389771,0.996460
-0.457031,-0.099243,0.767212
0.333252,-0.051270,1.073853
0.079346,-0.413818,0.837036
-0.285278,0.166504,0.947510
0.495117,-0.383301,1.003174
-0.448242,-0.112915,0.764648
0.313110,-0.038940,1.071411
0.092896,-0.414551,0.842896
-0.297729,0.156860,0.939819
0.496704,-0.380005,1.006836
-0.440796,-0.129272,0.767456
0.295410,-0.034912,1.061890
0.099487,-0.423584,0.844971
-0.311646,0.170166,0.937866
0.489502,-0.371216,1.011230
-0.428223,-0.144165,0.766235
0.282959,-0.023438,1.069824
0.106689,-0.422607,0.846436
-0.328003,0.172607,0.932861
0.506470,-0.356812,1.018677
-0.422974,-0.154907,0.769287
0.263550,-0.006226,1.064575
0.112915,-0.422241,0.844482
-0.340942,0.176270,0.922241
0.508911,-0.351562,1.028076
-0.417725,-0.163940,0.765869
0.252930,0.000977,1.069214
0.119263,-0.421265,0.850830
-0.344604,0.159790,0.915894
0.508057,-0.355835,1.026489
-0.407227,-0.166748,0.774658
0.239746,0.007568,1.066895
0.126953,-0.417236,0.848877
-0.358276,0.160889,0.905884
0.519653,-0.342285,1.036133
-0.403198,-0.164673,0.766602
0.225098,0.019409,1.066162
0.141602,-0.424194,0.849121
-0.368774,0.156738,0.907593
0.526245,-0.339111,1.035767
-0.396484,-0.174438,0.765747
0.202515,0.033203,1.064087
0.154663,-0.426392,0.856934
-0.376587,0.150391,0.904785
0.530396,-0.339600,1.045410
-0.390991,-0.184937,0.769165
0.191284,0.040894,1.061401
0.175781,-0.443359,0.863159
-0.383789,0.149536,0.891479
0.524536,-0.333008,1.046753
-0.382446,-0.195435,0.757080
0.187378,0.036133,1.065308
0.183228,-0.440918,0.863770
-0.393799,0.144897,0.882690
0.530273,-0.331055,1.045532
-0.371704,-0.206055,0.767090
0.173828,0.045410,1.062012
0.196289,-0.444092,0.873779
-0.395386,0.131470,0.875610
0.537476,-0.325928,1.044434
-0.368774,-0.208984,0.758179
0.162231,0.057739,1.056152
0.211792,-0.452271,0.867676
-0.401367,0.125244,0.866333
0.547241,-0.321899,1.048096
-0.358765,-0.203857,0.773315
0.146729,0.069824,1.064209
0.223389,-0.452881,0.877075
-0.403076,0.105103,0.848755
0.538086,-0.309937,1.058105
-0.345703,-0.221924,0.770142
0.125610,0.088379,1.059082
0.241089,-0.453003,0.888184
-0.407715,0.095337,0.845459
0.533081,-0.308105,1.056641
-0.325684,-0.212036,0.786133
0.116699,0.086060,1.061646
0.256958,-0.452515,0.895508
-0.414795,0.075806,0.831909
0.527222,-0.294312,1.053711
-0.314209,-0.229736,0.783691
0.097168,0.093506,1.055054
0.270874,-0.452148,0.897583
-0.421143,0.081665,0.826050
0.527466,-0.290649,1.056396
-0.298462,-0.250732,0.786865
0.076904,0.108276,1.060547
0.288208,-0.446899,0.909546
-0.430298,0.085205,0.815918
0.531982,-0.272339,1.060547
-0.273315,-0.238647,0.798706
0.059814,0.127930,1.068848
0.308228,-0.464233,0.913452
-0.441895,0.088867,0.825806
0.524048,-0.267578,1.066040
-0.266724,-0.237549,0.811646
0.042480,0.131714,1.067749
0.324707,-0.463623,0.917114
-0.453003,0.083984,0.811279
0.520386,-0.250122,1.071289
-0.251465,-0.228516,0.810669
0.024414,0.140869,1.063232
0.340698,-0.458740,0.934570
-0.463623,0.074829,0.812012
0.513916,-0.245850,1.068726
-0.224487,-0.240112,0.814087
-0.003662,0.151245,1.062988
0.357788,-0.459839,0.943726
-0.464233,0.072021,0.812256
0.504639,-0.221069,1.084595
-0.208252,-0.256592,0.827148
-0.026001,0.163940,1.067993
0.377808,-0.452026,0.953369
-0.470093,0.071655,0.819092
0.498657,-0.202393,1.085327
-0.180176,-0.264282,0.827881
-0.049927,0.173950,1.057617
0.389404,-0.438599,0.968628
-0.479126,0.075928,0.815063
0.495605,-0.174561,1.094849
-0.141724,-0.278320,0.840942
-0.071045,0.188354,1.055176
0.410522,-0.436768,0.980469
-0.509644,-0.017456,0.762817
0.362305,-0.103027,1.034912
0.000854,-0.384399,0.820801
-0.244385,0.127563,0.926147
0.439697,-0.410156,0.962524
-0.496582,-0.054932,0.758423
0.333130,-0.085449,1.037354
0.030273,-0.404785,0.817627
-0.271851,0.127930,0.914307
0.454346,-0.392090,0.971558
-0.489258,-0.073364,0.750854
0.307129,-0.065552,1.036621
0.063965,-0.431763,0.817139
-0.302734,0.129150,0.902954
0.464233,-0.387695,0.974243
-0.473022,-0.097900,0.753052
0.284912,-0.035278,1.031006
0.081787,-0.433716,0.813721
-0.329712,0.128296,0.896484
0.479614,-0.379761,0.982300
-0.458618,-0.119629,0.746338
0.243164,-0.015503,1.031006
0.102295,-0.449097,0.807373
-0.351562,0.125732,0.878418
0.485474,-0.366821,0.999023
-0.450562,-0.138428,0.742554
0.212158,0.014160,1.032104
0.115356,-0.439453,0.821045
-0.379395,0.120239,0.863037
0.491943,-0.353760,1.004272
-0.419434,-0.165161,0.763794
0.171753,0.038696,1.029663
0.135254,-0.440308,0.822754
-0.406982,0.123901,0.840332
0.498901,-0.339478,1.016479
-0.398193,-0.199585,0.749878
0.128906,0.059082,1.035034
0.168945,-0.454468,0.834717
-0.430420,0.115967,0.833740
0.507568,-0.332275,1.014404
-0.371216,-0.221680,0.749146
0.093628,0.083496,1.031494
0.212769,-0.462402,0.841309
-0.451782,0.097046,0.805420
0.514893,-0.317139,1.021606
-0.336548,-0.223755,0.775024
0.047607,0.097412,1.018799
0.255981,-0.473511,0.858643
-0.475342,0.073486,0.779663
0.499023,-0.303955,1.019653
-0.294067,-0.236084,0.786621
0.012695,0.111572,1.026978
0.285156,-0.457520,0.883301
-0.486694,0.059448,0.773560
0.485718,-0.267212,1.036987
-0.254761,-0.265503,0.790161
-0.032959,0.131226,1.025146
0.314697,-0.456787,0.900391
-0.501343,0.062134,0.771606
0.465942,-0.230347,1.037231
-0.207520,-0.251953,0.809448
-0.064575,0.144775,1.016968
0.343262,-0.449585,0.920166
-0.506470,0.054321,0.778076
0.451050,-0.183594,1.052246
-0.163818,-0.277100,0.815430
-0.105103,0.152100,1.009644
0.376953,-0.460571,0.929321
-0.514526,0.057007,0.784668
0.442261,-0.153320,1.065430
-0.117798,-0.310791,0.817261
-0.146606,0.154541,0.997192
0.409790,-0.448730,0.952026
-0.505737,0.023926,0.782715
0.415161,-0.119873,1.062744
-0.061646,-0.309814,0.836182
-0.185547,0.153564,0.977051
0.431030,-0.438965,0.968628
-0.491333,-0.017822,0.778198
0.385498,-0.100464,1.059082
-0.014893,-0.348267,0.836304
-0.224243,0.149658,0.959351
0.447144,-0.424683,0.968872
-0.476562,-0.061646,0.766968
0.350220,-0.085083,1.047485
0.051514,-0.393799,0.836914
-0.274170,0.159180,0.937744
0.470947,-0.409302,0.989868
-0.456421,-0.100464,0.768921
0.308472,-0.047852,1.049438
0.078125,-0.420898,0.822388
-0.306763,0.149780,0.919922
0.491333,-0.381226,1.003418
-0.442139,-0.137939,0.766724
0.261108,-0.017334,1.041382
0.114868,-0.425171,0.838989
-0.348633,0.151733,0.902710
0.500977,-0.361084,1.008789
-0.416260,-0.178833,0.763062
0.214600,0.009766,1.048706
0.135010,-0.412476,0.836792
-0.382812,0.138428,0.876587
0.509766,-0.323975,1.033936
-0.378906,-0.212769,0.756836
0.154663,0.052734,1.049072
0.185059,-0.435425,0.852539
-0.414185,0.107056,0.836792
0.520142,-0.306763,1.040161
-0.342163,-0.224976,0.763550
0.096313,0.084961,1.051636
0.248291,-0.464600,0.869263
-0.443848,0.085938,0.802002
0.513428,-0.278198,1.040527
-0.303345,-0.255493,0.767578
0.040161,0.102539,1.043579
0.294556,-0.477051,0.889771
-0.477661,0.082153,0.791260
0.496338,-0.247437,1.050171
-0.249756,-0.244385,0.796021
-0.013550,0.127563,1.041016
0.330322,-0.472656,0.917480
-0.492065,0.061279,0.783081
0.477661,-0.208374,1.061646
-0.206787,-0.204590,0.832153
-0.061768,0.140503,1.025757
0.374390,-0.472412,0.937500
-0.500610,0.045654,0.781250
0.452393,-0.157959,1.069092
-0.146973,-0.235352,0.847656
-0.106323,0.151489,1.021606
0.408325,-0.458008,0.955811
-0.499268,0.026855,0.789185
0.438232,-0.129639,1.069214
-0.068848,-0.264526,0.849487
-0.157349,0.164551,0.998779
0.442627,-0.448853,0.972046
-0.484009,-0.036743,0.772217
0.400391,-0.100464,1.063721
-0.005493,-0.324219,0.856079
-0.208008,0.163086,0.983154
0.468018,-0.422852,0.997437
-0.463623,-0.083862,0.772217
0.354858,-0.062988,1.073364
0.060669,-0.372559,0.849365
-0.257935,0.166626,0.959473
0.489624,-0.395264,1.009644
-0.444580,-0.133423,0.764526
0.317261,-0.045532,1.069214
0.096191,-0.388428,0.853394
-0.313721,0.171265,0.930176
0.503540,-0.375366,1.023315
-0.409424,-0.182495,0.772705
0.253662,-0.025635,1.062988
0.127563,-0.402222,0.850708
-0.351685,0.169678,0.911621
0.519531,-0.338013,1.037842
-0.378906,-0.220459,0.771484
0.197876,0.007324,1.056030
0.160767,-0.404663,0.866699
-0.388916,0.152588,0.886475
0.534424,-0.316284,1.046143
-0.353638,-0.242676,0.766357
0.145874,0.044678,1.053101
0.221069,-0.439087,0.878662
-0.417480,0.114746,0.840088
0.533325,-0.285645,1.056885
-0.305664,-0.198486,0.803955
0.088623,0.083740,1.053223
0.279419,-0.468994,0.894165
-0.439087,0.091675,0.807739
0.513428,-0.255615,1.058716
-0.270630,-0.224121,0.806519
0.043335,0.094116,1.047607
0.316040,-0.477051,0.912109
-0.458984,0.069214,0.795654
0.502441,-0.224609,1.063599
-0.233032,-0.207886,0.828613
-0.008545,0.129639,1.051880
0.355713,-0.485474,0.936157
-0.473511,0.055420,0.802490
0.489136,-0.200928,1.069824
-0.195068,-0.194946,0.847290
-0.051758,0.149414,1.041016
0.389526,-0.467529,0.944458
-0.481689,0.033325,0.799683
0.470337,-0.155151,1.077148
-0.145386,-0.220337,0.854004
-0.093140,0.162231,1.035034
0.417236,-0.454590,0.971558
-0.468384,-0.007080,0.794312
0.455322,-0.126343,1.093506
-0.090210,-0.253296,0.857544
-0.137817,0.183472,1.015381
0.442383,-0.439697,0.992676
-0.458862,-0.038330,0.796021
0.432129,-0.104126,1.099487
-0.035034,-0.292725,0.859375
-0.184204,0.179321,1.005737
0.472046,-0.422729,1.000000
-0.456787,-0.080566,0.780884
0.395630,-0.087158,1.097778
0.025757,-0.330811,0.871216
-0.218506,0.179810,0.983887
0.489990,-0.392212,1.021484
-0.442017,-0.119263,0.775146
0.363403,-0.060059,1.102783
0.070435,-0.372437,0.865967
-0.253906,0.187622,0.979614
0.507202,-0.370117,1.029541
-0.425049,-0.129761,0.777222
0.324829,-0.045898,1.088257
0.094971,-0.381958,0.862793
-0.278931,0.177734,0.959106
0.515869,-0.343384,1.046997
-0.405884,-0.160400,0.783081
0.292725,-0.027344,1.086792
0.114136,-0.389648,0.871216
-0.315063,0.178101,0.942017
0.530151,-0.339478,1.050415
-0.392456,-0.178833,0.783081
0.254272,-0.010864,1.081055
0.139160,-0.401611,0.879028
-0.337402,0.176392,0.931396
0.538940,-0.314331,1.060181
-0.370972,-0.187988,0.786621
0.225342,0.012207,1.081055
0.167725,-0.418213,0.881226
-0.364014,0.163330,0.903564
0.545776,-0.302002,1.078125
-0.353394,-0.206787,0.783325
0.189209,0.046509,1.086182
0.203613,-0.443604,0.888306
-0.379517,0.126587,0.882568
0.548584,-0.289917,1.075439
-0.337280,-0.203125,0.793091
0.163208,0.066040,1.082397
0.239380,-0.453003,0.895996
-0.398926,0.118408,0.868408
0.552124,-0.266968,1.082031
-0.322510,-0.229736,0.781616
0.126831,0.092041,1.075317
0.266479,-0.467041,0.898560
-0.405762,0.109009,0.858521
0.544678,-0.262817,1.077759
-0.306152,-0.215088,0.801880
0.110352,0.100830,1.080933
0.291138,-0.462036,0.923828
-0.413818,0.087402,0.850830
0.538818,-0.245483,1.087402
-0.278076,-0.210205,0.808960
0.087891,0.111206,1.074951
0.311279,-0.475464,0.925415
-0.427979,0.081055,0.835083
0.534668,-0.257446,1.078735
-0.260986,-0.216309,0.815552
0.063599,0.111328,1.073242
0.331787,-0.476196,0.935547
-0.432983,0.078247,0.829712
0.536255,-0.238037,1.086060
-0.251831,-0.213623,0.825073
0.041382,0.128662,1.067383
0.347534,-0.467041,0.952393
-0.441406,0.077637,0.834595
0.536255,-0.219971,1.100342
-0.237427,-0.203003,0.834717
0.022949,0.138306,1.070801
0.371460,-0.464355,0.956055
-0.446777,0.067505,0.831665
0.522095,-0.206299,1.097900
-0.218018,-0.219727,0.839355
0.006958,0.145630,1.060181
0.384888,-0.447144,0.975830
-0.455322,0.066650,0.826904
0.522461,-0.200073,1.109253
-0.196777,-0.222412,0.840210
-0.019043,0.156982,1.069946
0.397095,-0.441040,0.984375
-0.449341,0.045898,0.830566
0.516235,-0.180664,1.108032
-0.175293,-0.225708,0.850220
-0.036133,0.171509,1.067505
0.412476,-0.441895,0.982910
-0.456665,0.039185,0.829224
0.510376,-0.167847,1.113525
-0.148682,-0.234375,0.857910
-0.054688,0.169556,1.058228
0.424683,-0.432861,0.998047
-0.467163,0.034546,0.831787
0.500854,-0.165161,1.120483
-0.115112,-0.239746,0.870728
-0.080200,0.188110,1.069092
0.441772,-0.425903,1.004761
-0.453003,0.005493,0.825806
0.484253,-0.138794,1.121094
-0.085205,-0.261597,0.880615
-0.100464,0.188965,1.060425
0.459473,-0.416504,1.020630
-0.456787,-0.008179,0.819458
0.464355,-0.111450,1.122070
-0.040527,-0.279663,0.886353
-0.120605,0.189209,1.057007
0.472778,-0.403076,1.027344
-0.450317,-0.026245,0.820435
0.454712,-0.107544,1.124878
-0.009888,-0.302734,0.893188
-0.140869,0.188110,1.044922
0.485596,-0.391602,1.033569
-0.441406,-0.037354,0.813721
0.435059,-0.078979,1.132080
0.024536,-0.325195,0.889648
-0.160889,0.189209,1.045410
0.496338,-0.377563,1.044678
-0.434814,-0.052612,0.811890
0.416382,-0.058594,1.128906
0.054932,-0.341064,0.893188
-0.184326,0.187622,1.029419
0.509644,-0.352051,1.070068
-0.424561,-0.083496,0.806152
0.393677,-0.041016,1.131470
0.080322,-0.365723,0.888672
-0.216675,0.190796,1.023926
0.520630,-0.354126,1.065430
-0.410889,-0.117188,0.803955
0.368286,-0.029541,1.122681
0.087280,-0.349976,0.897949
-0.249146,0.186035,1.005005
0.539429,-0.329590,1.085938
-0.396851,-0.128418,0.794067
0.340454,-0.005493,1.127930
0.096802,-0.345947,0.903809
-0.270874,0.182129,0.997192
0.553101,-0.319458,1.094849
-0.381470,-0.158325,0.806885
0.315186,0.016968,1.124146
0.124268,-0.366089,0.905884
-0.301392,0.178955,0.973633
0.575195,-0.308716,1.108521
-0.356689,-0.193237,0.799194
0.269653,0.046143,1.126221
0.167480,-0.376099,0.915649
-0.319946,0.169067,0.958740
0.581055,-0.298462,1.114624
-0.335083,-0.209961,0.814331
0.234741,0.067139,1.119629
0.207153,-0.394165,0.927368
-0.341919,0.144409,0.917847
0.575073,-0.280151,1.118408
-0.310059,-0.228638,0.812134
0.191040,0.091064,1.114624
0.247437,-0.423828,0.936157
-0.375122,0.119141,0.882446
0.578735,-0.276123,1.110718
-0.266602,-0.242188,0.827515
0.147095,0.114136,1.117554
0.290527,-0.428467,0.950439
-0.391235,0.097900,0.864502
0.566895,-0.248413,1.115845
-0.251953,-0.244629,0.830200
0.115723,0.115112,1.108521
0.321899,-0.428955,0.958008
-0.412598,0.099731,0.859619
0.557983,-0.215210,1.117920
-0.219727,-0.247192,0.840454
0.077759,0.138062,1.108398
0.358521,-0.431152,0.979004
-0.441650,0.108521,0.854126
0.556396,-0.194458,1.134155
-0.171631,-0.244263,0.862549
0.014893,0.173950,1.110718
0.399414,-0.427979,0.998291
-0.446899,0.084106,0.846924
0.532471,-0.160400,1.134155
-0.136108,-0.244263,0.875488
-0.026611,0.179810,1.108398
0.436890,-0.423340,1.014648
-0.458374,0.059692,0.841919
0.507935,-0.130615,1.133911
-0.063965,-0.269531,0.898804
-0.078369,0.190552,1.100952
0.454712,-0.403198,1.035889
-0.447754,0.016968,0.836548
0.484741,-0.086060,1.159058
0.003174,-0.301147,0.907471
-0.125732,0.195923,1.081787
0.486816,-0.388550,1.058228
-0.434204,-0.022095,0.830322
0.439209,-0.044678,1.156494
0.058105,-0.335205,0.908813
-0.178589,0.203613,1.062134
0.524780,-0.357422,1.082153
-0.419067,-0.060913,0.824829
0.394409,-0.011719,1.147461
0.066040,-0.331421,0.907959
-0.224731,0.197510,1.045654
0.557007,-0.315430,1.114868
-0.387329,-0.126465,0.815063
0.323853,0.038940,1.136719
0.150635,-0.379028,0.908569
-0.295288,0.181641,0.989502
0.587158,-0.281128,1.134277
-0.326172,-0.185425,0.829346
0.233887,0.075073,1.115112
0.218750,-0.401733,0.928223
-0.347534,0.108765,0.908691
0.594604,-0.261841,1.137695
-0.262207,-0.224609,0.844849
0.131714,0.132568,1.113159
0.297974,-0.402344,0.962158
-0.402954,0.086182,0.865601
0.573975,-0.221802,1.139526
-0.194214,-0.222412,0.868774
0.036133,0.183228,1.113281
0.381592,-0.389893,1.005859
-0.435669,0.057373,0.852783
0.533813,-0.175537,1.140625
-0.096313,-0.268433,0.888428
-0.053833,0.211304,1.106689
0.455078,-0.362061,1.042847
-0.428223,-0.003662,0.835083
0.469849,-0.086792,1.154785
0.039551,-0.340088,0.906494
-0.149170,0.194946,1.067017
0.510864,-0.318115,1.082153
-0.402832,-0.060791,0.834106
0.386963,-0.019165,1.146729
0.086426,-0.352905,0.908813
-0.242920,0.180908,1.013794
0.557983,-0.273438,1.129517
-0.343140,-0.141479,0.832275
0.275146,0.071533,1.133057
0.203857,-0.403320,0.929688
-0.331787,0.114990,0.933472
0.581055,-0.263428,1.136719
-0.260254,-0.218018,0.840942
0.130127,0.150635,1.115112
0.327026,-0.413086,0.973511
-0.413086,0.085449,0.883423
0.559570,-0.202271,1.148804
-0.164795,-0.247314,0.866089
0.007446,0.202515,1.118286
0.421143,-0.375610,1.026123
-0.448486,0.020508,0.843262
0.508789,-0.149414,1.158203
-0.002197,-0.320557,0.907227
-0.114380,0.228638,1.094482
0.489014,-0.333740,1.068604
-0.429077,-0.020630,0.844971
0.415527,-0.057861,1.146729
0.074097,-0.357056,0.914429
-0.225586,0.191040,1.040527
0.548096,-0.268433,1.136108
-0.361694,-0.127930,0.824097
0.278320,0.054688,1.133057
0.203735,-0.406128,0.924805
-0.317505,0.115723,0.951782
0.577026,-0.233887,1.150146
-0.267700,-0.203125,0.845825
0.126831,0.150635,1.111938
0.325317,-0.401245,0.981079
-0.401611,0.074951,0.894775
0.559814,-0.195679,1.152466
-0.140991,-0.247070,0.881470
-0.023193,0.215210,1.100342
0.430908,-0.364868,1.024658
-0.431152,0.004883,0.858521
0.506958,-0.133301,1.166016
0.048096,-0.346436,0.919800
-0.150391,0.233032,1.073120
0.493164,-0.288818,1.077637
-0.397583,-0.057251,0.838867
0.382812,-0.045776,1.148926
0.127808,-0.376831,0.929443
-0.273315,0.191284,1.003540
0.547974,-0.234985,1.132568
-0.320312,-0.169678,0.828979
0.213989,0.098389,1.128418
0.270996,-0.419800,0.967041
-0.366821,0.100220,0.916992
0.568237,-0.208252,1.147705
-0.203491,-0.235352,0.844849
0.038330,0.190430,1.109619
0.394531,-0.390503,1.004517
-0.411743,0.022949,0.869751
0.526611,-0.137207,1.170654
-0.023193,-0.301270,0.904053
-0.111572,0.212036,1.075195
0.473755,-0.330200,1.064331
-0.416016,-0.038452,0.850830
0.434692,-0.050781,1.168701
0.067017,-0.356445,0.910645
-0.238770,0.208618,1.038330
0.541016,-0.272461,1.126465
-0.347900,-0.156494,0.827759
0.283813,0.050293,1.147583
0.201782,-0.404419,0.927734
-0.337402,0.126831,0.933838
0.568115,-0.234863,1.141602
-0.249390,-0.232056,0.847656
0.125854,0.132812,1.126099
0.337646,-0.394775,0.996582
-0.416016,0.080078,0.881104
0.548462,-0.162720,1.157227
-0.152466,-0.257935,0.866333
-0.013184,0.183594,1.102417
0.434082,-0.373291,1.038696
-0.421875,-0.004028,0.851074
0.502197,-0.097778,1.173706
0.020874,-0.350830,0.891724
-0.146118,0.203003,1.069946
0.489136,-0.312256,1.087646
-0.400391,-0.079956,0.843750
0.420166,-0.007568,1.178955
0.070312,-0.335815,0.901001
-0.267700,0.231689,1.031860
0.552490,-0.284668,1.130371
-0.343384,-0.178467,0.826416
0.296265,0.028076,1.154297
0.191406,-0.387451,0.930908
-0.348267,0.161621,0.927734
0.573242,-0.235352,1.130859
-0.258667,-0.231445,0.841064
0.164917,0.093506,1.128296
0.310547,-0.400757,0.983398
-0.420654,0.121216,0.893311
0.566284,-0.192505,1.146118
-0.190308,-0.254761,0.853882
0.037842,0.160767,1.119873
0.390503,-0.382324,1.019531
-0.431030,0.043213,0.861694
0.530884,-0.132446,1.169434
-0.076538,-0.301880,0.881592
-0.073730,0.193970,1.091187
0.443481,-0.355347,1.054932
-0.424561,-0.021484,0.851685
0.483521,-0.072021,1.178467
-0.002075,-0.337524,0.875000
-0.170410,0.213623,1.061401
0.501343,-0.311890,1.093018
-0.416504,-0.076904,0.831665
0.411621,-0.011841,1.177612
0.061768,-0.361084,0.899902
-0.249512,0.199097,1.023804
0.547241,-0.279541,1.118286
-0.364502,-0.139038,0.824829
0.315552,0.044067,1.164307
0.160767,-0.395752,0.919189
-0.326660,0.152100,0.960083
0.559082,-0.261230,1.124878
-0.304443,-0.209473,0.832031
0.223022,0.099976,1.151978
0.236938,-0.398560,0.948608
-0.382324,0.114746,0.918091
0.568970,-0.234985,1.135498
-0.250488,-0.251465,0.829346
0.119263,0.142090,1.123413
0.320312,-0.393433,0.982544
-0.420288,0.085693,0.886108
0.560669,-0.209106,1.150757
-0.192383,-0.278931,0.839722
0.037598,0.170654,1.109863
0.376587,-0.391846,0.993774
-0.440796,0.049438,0.860962
0.549561,-0.164062,1.170288
-0.115112,-0.307251,0.863647
-0.036499,0.182007,1.086182
0.419434,-0.385498,1.007690
-0.440918,0.023315,0.863647
0.533203,-0.135132,1.179321
-0.037354,-0.323975,0.873047
-0.108032,0.183105,1.068115
0.458008,-0.346069,1.045288
-0.435059,-0.026733,0.848267
0.487549,-0.099609,1.179077
-0.030884,-0.304077,0.873047
-0.162354,0.203979,1.056885
0.496338,-0.317383,1.082642
-0.425171,-0.072388,0.834595
0.426147,-0.048462,1.172363
0.016968,-0.334595,0.880005
-0.225220,0.213013,1.041138
0.528442,-0.301147,1.101929
-0.409058,-0.088135,0.820801
0.361694,-0.010864,1.161011
0.072754,-0.361694,0.898438
-0.261230,0.171753,0.997803
0.540283,-0.283081,1.110840
-0.381958,-0.140381,0.810913
0.294189,0.029419,1.151733
0.139893,-0.393799,0.901733
-0.307129,0.146729,0.961792
0.560547,-0.268677,1.117432
-0.343384,-0.176392,0.802979
0.240723,0.066528,1.145508
0.193237,-0.401611,0.926147
-0.365601,0.138184,0.925049
0.556641,-0.248535,1.115112
-0.304321,-0.223633,0.816650
0.177002,0.092896,1.124634
0.250854,-0.401489,0.953735
-0.399414,0.120972,0.911011
0.559814,-0.212769,1.134644
-0.265503,-0.238037,0.823242
0.111694,0.109131,1.112671
0.296753,-0.390869,0.974854
-0.416260,0.080688,0.875244
0.554443,-0.187378,1.140625
-0.228271,-0.256714,0.832642
0.045166,0.139038,1.103394
0.344116,-0.392212,0.979736
-0.432373,0.071045,0.866699
0.545654,-0.171143,1.148193
-0.167480,-0.276245,0.856201
-0.014038,0.133301,1.081421
0.369751,-0.385864,0.990845
-0.446045,0.037598,0.848267
0.531860,-0.150635,1.156860
-0.085815,-0.318115,0.854492
-0.072510,0.163086,1.074097
0.410400,-0.380615,1.008057
-0.449463,-0.011841,0.843018
0.496460,-0.107178,1.169434
-0.068970,-0.305664,0.852905
-0.137451,0.186768,1.061035
0.451416,-0.349487,1.038452
-0.451294,-0.047485,0.824219
0.455566,-0.077637,1.170776
-0.029785,-0.291870,0.864624
-0.214111,0.200317,1.028687
0.489380,-0.330688,1.061157
-0.450684,-0.065430,0.814331
0.412354,-0.041138,1.170898
0.017212,-0.320801,0.873291
-0.273315,0.192261,0.989258
0.509033,-0.295044,1.082642
-0.413574,-0.135620,0.801392
0.343384,-0.016968,1.153564
0.074585,-0.356079,0.877808
-0.325684,0.185547,0.958862
0.539917,-0.297363,1.092896
-0.383301,-0.186890,0.793091
0.276733,0.014893,1.141235
0.136597,-0.385498,0.899414
-0.375732,0.154663,0.920166
0.546143,-0.272461,1.105103
-0.328369,-0.230103,0.803955
0.181641,0.071045,1.124878
0.207275,-0.393921,0.930542
-0.412964,0.133911,0.899780
0.547241,-0.236328,1.109009
-0.295654,-0.244385,0.802002
0.114624,0.098145,1.108398
0.266602,-0.402100,0.942627
-0.443359,0.101562,0.870483
0.548218,-0.225098,1.119263
-0.255249,-0.254761,0.819336
0.040771,0.125610,1.082764
0.317871,-0.399292,0.947876
-0.460693,0.065186,0.844238
0.538696,-0.194336,1.125122
-0.178589,-0.288818,0.829102
-0.017578,0.150513,1.075562
0.351440,-0.386230,0.965454
-0.472900,0.028809,0.833496
0.469482,-0.086182,1.175903
-0.120972,-0.304932,0.837524
-0.173828,0.223022,1.069702
0.384033,-0.364380,0.991943
-0.431885,-0.053101,0.827759
0.426392,-0.056885,1.170166
0.054321,-0.349854,0.911011
-0.240234,0.214233,1.038940
0.533569,-0.303833,1.105835
-0.402344,-0.101318,0.818237
0.371460,-0.007324,1.174805
0.102783,-0.373169,0.916626
-0.275146,0.192627,1.009644
0.559204,-0.283081,1.118896
-0.371582,-0.147949,0.819214
0.313477,0.025635,1.165894
0.164795,-0.399414,0.922241
-0.306152,0.142212,0.957642
0.575439,-0.267090,1.130127
-0.340454,-0.170898,0.817383
0.245972,0.070557,1.144531
0.210327,-0.413818,0.933472
-0.337646,0.124634,0.933960
0.578125,-0.241333,1.137817
-0.302979,-0.216675,0.818481
0.183472,0.099487,1.131836
0.265747,-0.416870,0.952515
-0.376099,0.107544,0.916016
0.572998,-0.221191,1.152222
-0.268066,-0.234863,0.829468
0.124023,0.136719,1.122314
0.302124,-0.415894,0.966797
-0.397949,0.085083,0.898682
0.569092,-0.224243,1.146729
-0.243286,-0.237549,0.832397
0.086670,0.154419,1.113403
0.337036,-0.398438,0.984253
-0.424927,0.082275,0.889526
0.563965,-0.204590,1.149048
-0.214478,-0.253418,0.840454
0.043579,0.166626,1.105957
0.361694,-0.389893,0.993896
-0.427124,0.057495,0.881836
0.555908,-0.190063,1.154175
-0.171875,-0.250732,0.862915
0.005005,0.173096,1.094727
0.389282,-0.381104,1.010864
-0.434692,0.041138,0.864502
0.547852,-0.178467,1.162109
-0.119263,-0.282471,0.865967
-0.033813,0.176147,1.076538
0.401855,-0.365967,1.004517
-0.440674,0.011108,0.847534
0.541138,-0.154785,1.161377
-0.074463,-0.307861,0.861694
-0.066895,0.191772,1.079346
0.426147,-0.365112,1.019775
-0.439941,-0.011108,0.845581
0.521606,-0.138062,1.177734
-0.047241,-0.313110,0.868652
-0.110352,0.192993,1.072876
0.445435,-0.355713,1.032959
-0.449341,-0.036499,0.839233
0.490845,-0.115601,1.179810
-0.044922,-0.311890,0.878540
-0.148315,0.208130,1.058838
0.460938,-0.324585,1.052490
-0.445679,-0.058105,0.824951
0.462158,-0.099487,1.177612
-0.020874,-0.319336,0.878418
-0.191895,0.221802,1.051758
0.488647,-0.316162,1.061279
-0.446533,-0.066772,0.819580
0.432129,-0.075195,1.173096
0.012329,-0.339111,0.882690
-0.241333,0.223267,1.026855
0.504517,-0.303345,1.080200
-0.429443,-0.096191,0.809204
0.396118,-0.052124,1.166504
0.039917,-0.344727,0.889404
-0.270630,0.213989,1.001465
0.523926,-0.294067,1.093018
-0.405396,-0.138306,0.797241
0.344727,-0.016235,1.165527
0.084961,-0.369873,0.894165
-0.303589,0.192627,0.975830
0.540283,-0.277954,1.095703
-0.381348,-0.166992,0.795654
0.285522,0.019165,1.154297
0.137695,-0.404907,0.907471
-0.330322,0.160522,0.943848
0.536987,-0.268433,1.095459
-0.357056,-0.196045,0.791016
0.232300,0.046143,1.132568
0.178223,-0.402100,0.922607
-0.363770,0.145996,0.931885
0.543823,-0.245483,1.110962
-0.336914,-0.205444,0.800171
0.183716,0.076416,1.131226
0.222290,-0.412842,0.937866
-0.388428,0.120972,0.903564
0.546875,-0.222290,1.115723
-0.307861,-0.223267,0.805908
0.128540,0.111206,1.117676
0.253906,-0.401733,0.951294
-0.408569,0.105957,0.897949
0.550049,-0.218628,1.115845
-0.293457,-0.234253,0.810669
0.081787,0.141724,1.116089
0.296021,-0.406372,0.959229
-0.429443,0.078857,0.877075
0.545776,-0.204712,1.125244
-0.251587,-0.248169,0.810425
0.049683,0.145752,1.100464
0.315063,-0.395752,0.958862
-0.435547,0.068726,0.866089
0.536865,-0.200317,1.130615
-0.213135,-0.263794,0.818848
0.008911,0.133179,1.078491
0.327393,-0.386353,0.964722
-0.446533,0.052002,0.846802
0.528076,-0.184448,1.130615
-0.184326,-0.283691,0.820068
-0.017578,0.138550,1.073242
0.354126,-0.388672,0.970093
-0.462158,0.033936,0.835815
0.523804,-0.174194,1.130005
-0.140869,-0.321777,0.812500
-0.051514,0.158691,1.069092
0.369995,-0.384155,0.968872
-0.474487,0.026855,0.824829
0.515259,-0.168091,1.132935
-0.140503,-0.310425,0.803833
-0.070435,0.148682,1.059570
0.394043,-0.374634,0.984619
-0.478149,0.031738,0.829834
0.499268,-0.128052,1.137573
-0.127441,-0.301147,0.808594
-0.097656,0.160156,1.056396
0.406982,-0.376953,0.993652
-0.479980,0.003418,0.825317
0.479858,-0.109619,1.139648
-0.118164,-0.297852,0.828369
-0.130371,0.173950,1.039917
0.417358,-0.370972,1.012939
-0.478760,-0.025879,0.809570
0.455811,-0.086060,1.144531
-0.105469,-0.297974,0.813354
-0.171143,0.171997,1.022095
0.435791,-0.354492,1.023193
-0.479370,-0.040894,0.805786
0.443604,-0.085449,1.145508
-0.105713,-0.299194,0.819458
-0.195801,0.188354,1.015747
0.444336,-0.350586,1.030151
-0.477783,-0.068848,0.791992
0.430054,-0.072632,1.157837
-0.093628,-0.300659,0.815674
-0.228027,0.201538,1.006226
0.457886,-0.338379,1.034912
-0.474121,-0.085205,0.783569
0.406738,-0.078125,1.139893
-0.081665,-0.294800,0.823608
-0.252197,0.205444,0.999634
0.469604,-0.340698,1.040283
-0.470947,-0.097534,0.783569
0.392212,-0.068481,1.140625
-0.069824,-0.324097,0.828369
-0.273438,0.193970,0.975098
0.480225,-0.345093,1.036865
-0.464600,-0.099365,0.778931
0.364258,-0.060303,1.136841
-0.047852,-0.336426,0.827759
-0.296875,0.194824,0.963379
0.482056,-0.337891,1.035889
-0.460083,-0.114624,0.771606
0.341187,-0.047729,1.132446
-0.024536,-0.326416,0.833862
-0.314209,0.182007,0.953003
0.486572,-0.319580,1.044434
-0.449707,-0.143799,0.761108
0.314697,-0.029297,1.127197
-0.005005,-0.355591,0.833496
-0.346802,0.182739,0.933228
0.486572,-0.324463,1.032593
-0.435303,-0.156006,0.759888
0.287720,-0.023560,1.124390
0.018677,-0.363281,0.843628
-0.374268,0.191406,0.923828
0.494995,-0.317017,1.041870
-0.429932,-0.176636,0.752441
0.261353,-0.006958,1.116577
0.045288,-0.368652,0.854004
-0.396973,0.183350,0.925171
0.499512,-0.301025,1.045898
-0.416992,-0.198242,0.751831
0.228760,0.019653,1.110229
0.081665,-0.378296,0.867310
-0.427002,0.181641,0.910522
0.501587,-0.289062,1.061890
-0.410767,-0.194824,0.756226
0.197266,0.026367,1.102783
0.111084,-0.393433,0.871582
-0.446777,0.164917,0.885254
0.494141,-0.280762,1.053711
-0.400269,-0.214844,0.757446
0.156982,0.044800,1.086792
0.142944,-0.395508,0.877808
-0.468506,0.163818,0.877930
0.501465,-0.282715,1.052979
-0.395386,-0.224365,0.758545
0.121460,0.054199,1.073242
0.170166,-0.393799,0.882935
-0.486816,0.147705,0.864380
0.497803,-0.264404,1.065063
-0.375000,-0.225830,0.762695
0.083496,0.069824,1.065308
0.195190,-0.401367,0.887939
-0.483032,0.130249,0.850830
0.496338,-0.249878,1.062988
-0.346436,-0.236938,0.769409
0.048584,0.081177,1.056519
0.225830,-0.400635,0.896484
-0.503540,0.114624,0.831665
0.492310,-0.231445,1.063477
-0.294189,-0.285034,0.765137
0.017090,0.091553,1.047607
0.245361,-0.410767,0.897583
-0.519653,0.106812,0.816650
0.483521,-0.205811,1.079956
-0.257812,-0.284302,0.775146
-0.016479,0.105713,1.040527
0.274658,-0.419678,0.902466
-0.521729,0.084595,0.809448
0.469116,-0.195801,1.070435
-0.237427,-0.287231,0.766602
-0.053467,0.115601,1.028198
0.299561,-0.423706,0.916260
-0.531738,0.077026,0.807617
0.456665,-0.177124,1.073608
-0.219482,-0.288452,0.764771
-0.101562,0.121826,1.018921
0.322388,-0.421753,0.921387
-0.533447,0.050049,0.786987
0.449829,-0.168579,1.079834
-0.209351,-0.291870,0.755249
-0.141968,0.142822,1.009766
0.338501,-0.418457,0.931641
-0.538086,0.027466,0.778076
0.432129,-0.143311,1.075439
-0.190674,-0.278442,0.768921
-0.192627,0.161011,1.005737
0.368164,-0.403076,0.954468
-0.534668,-0.002563,0.770508
0.407471,-0.127686,1.074829
-0.174683,-0.265747,0.776978
-0.234131,0.168457,0.979248
0.389038,-0.388184,0.967896
-0.528687,-0.028076,0.768555
0.377808,-0.100464,1.079102
-0.153931,-0.280640,0.777466
-0.276367,0.178101,0.955688
0.407593,-0.369751,0.977051
-0.524902,-0.076294,0.740845
0.341309,-0.084961,1.076538
-0.124512,-0.305420,0.777466
-0.316650,0.183105,0.932617
0.418701,-0.356445,0.989868
-0.523682,-0.112183,0.736084
0.309570,-0.060547,1.077881
-0.094971,-0.333618,0.776001
-0.368408,0.188843,0.913696
0.428467,-0.335571,0.991821
-0.501465,-0.142456,0.715576
0.269409,-0.035278,1.078247
-0.053589,-0.346558,0.785278
-0.407227,0.190796,0.895142
0.443604,-0.321655,1.010742
-0.481934,-0.173828,0.709961
0.228638,-0.009521,1.069702
-0.016846,-0.371338,0.804077
-0.441162,0.193604,0.892822
0.453735,-0.318481,1.012817
-0.458130,-0.188354,0.722656
0.182861,0.025391,1.070557
0.026367,-0.388428,0.818726
-0.475708,0.191040,0.871948
0.451294,-0.306152,1.011719
-0.454712,-0.212036,0.712891
0.137085,0.038208,1.054688
0.075439,-0.405640,0.830811
-0.512695,0.195068,0.858154
0.462524,-0.290283,1.020996
-0.445679,-0.222412,0.719849
0.093018,0.051880,1.047974
0.114624,-0.408936,0.835205
-0.533569,0.179565,0.831909
0.458740,-0.280029,1.019531
-0.394531,-0.210938,0.752808
0.048828,0.081421,1.044922
0.150391,-0.423706,0.842041
-0.541992,0.169312,0.819824
0.447632,-0.266357,1.006104
-0.343384,-0.237915,0.764038
0.010498,0.087402,1.029053
0.184937,-0.426270,0.856201
-0.559448,0.154541,0.809204
0.447510,-0.237549,1.023193
-0.314941,-0.273193,0.734985
-0.021240,0.100952,1.025024
0.223145,-0.443848,0.858887
-0.573486,0.132202,0.797241
0.444824,-0.227539,1.019775
-0.277222,-0.263672,0.746582
-0.073486,0.116821,1.006470
0.257935,-0.439575,0.871704
-0.574219,0.117432,0.785767
0.431641,-0.212036,1.027222
-0.258789,-0.278198,0.734741
-0.115845,0.123535,0.998657
0.276611,-0.439453,0.878296
-0.586670,0.099121,0.771973
0.423096,-0.195312,1.033325
-0.240601,-0.301636,0.726929
-0.166626,0.139282,0.994263
0.312012,-0.429321,0.897949
-0.591187,0.062012,0.759644
0.404785,-0.181885,1.033813
-0.219360,-0.286133,0.738159
-0.205444,0.161987,0.980103
0.330811,-0.406250,0.907104
-0.580322,0.039673,0.761963
0.383423,-0.153320,1.036743
-0.199829,-0.297241,0.727295
-0.249756,0.168823,0.953247
0.358887,-0.412231,0.923828
-0.571655,0.009766,0.744019
0.363647,-0.126343,1.036499
-0.182373,-0.299194,0.741699
-0.286621,0.164062,0.923096
0.372192,-0.388062,0.937012
-0.566040,-0.031616,0.735107
0.326782,-0.103882,1.033691
-0.159790,-0.337280,0.732910
-0.338623,0.175171,0.909790
0.397827,-0.375732,0.949585
-0.557251,-0.053833,0.720825
0.292114,-0.062866,1.039185
-0.128296,-0.354980,0.737427
-0.369629,0.180054,0.897461
0.405762,-0.354126,0.958618
-0.552979,-0.083496,0.703857
0.247681,-0.040161,1.038940
-0.096436,-0.357300,0.762573
-0.411377,0.190063,0.890137
0.409546,-0.334229,0.973389
-0.536865,-0.111084,0.701050
0.214111,-0.001465,1.041992
-0.061768,-0.379395,0.766602
-0.454590,0.191895,0.877075
0.421753,-0.337036,0.975342
-0.523682,-0.113770,0.701172
0.156128,0.033936,1.033081
-0.014404,-0.379150,0.783447
-0.487061,0.197754,0.869507
0.436890,-0.323486,0.983032
-0.512207,-0.143311,0.705933
0.118652,0.056763,1.024780
0.036499,-0.386353,0.802612
-0.523804,0.199341,0.850586
0.442749,-0.303101,0.992432
-0.466187,-0.159790,0.723267
0.083252,0.085083,1.027466
0.080688,-0.393311,0.816040
-0.554321,0.195312,0.828979
0.444336,-0.287354,0.999268
-0.416504,-0.202026,0.733643
0.037842,0.099609,1.017578
0.123169,-0.402222,0.822754
-0.577026,0.185669,0.812622
0.439575,-0.280151,0.996338
-0.361816,-0.251831,0.728638
-0.004639,0.110352,1.012817
0.163574,-0.412231,0.838135
-0.595581,0.165771,0.801514
0.440063,-0.255737,0.995972
-0.311279,-0.261841,0.736206
-0.051392,0.122925,0.995361
0.212036,-0.403198,0.851440
-0.600342,0.143066,0.776855
0.423706,-0.232300,1.000122
-0.271851,-0.283936,0.725464
-0.093872,0.136230,0.991089
0.253784,-0.405029,0.865234
-0.611206,0.134277,0.766357
0.412842,-0.200806,1.007202
-0.234375,-0.321533,0.720825
-0.146484,0.159790,0.973389
0.284912,-0.403809,0.881836
-0.610596,0.108154,0.755249
0.389404,-0.176880,1.006714
-0.210938,-0.325928,0.719116
-0.190918,0.162231,0.961060
0.316162,-0.391602,0.895386
-0.602173,0.091431,0.757935
0.372803,-0.140503,1.015747
-0.189331,-0.340820,0.713257
-0.238892,0.161133,0.937500
0.344116,-0.386475,0.905640
-0.601685,0.051758,0.738403
0.341309,-0.108276,1.012939
-0.161621,-0.349243,0.718140
-0.299316,0.171753,0.907959
0.370117,-0.375488,0.918945
-0.587646,0.027954,0.721802
0.304321,-0.080078,1.005127
-0.129150,-0.372803,0.720825
-0.346069,0.184570,0.898682
0.391846,-0.359009,0.933716
-0.572388,-0.012085,0.704590
0.257690,-0.032593,1.018433
-0.102417,-0.377808,0.733032
-0.397217,0.204712,0.892456
0.408936,-0.342285,0.949219
-0.562012,-0.050537,0.695190
0.209351,-0.000488,1.008423
-0.060669,-0.380371,0.763062
-0.445801,0.213501,0.880615
0.425903,-0.323486,0.949585
-0.538818,-0.088745,0.696899
0.162231,0.032715,1.010132
-0.015869,-0.395020,0.773804
-0.485107,0.217896,0.871094
0.428711,-0.300903,0.971680
-0.510742,-0.111206,0.709839
0.117676,0.061768,1.020142
0.027954,-0.404297,0.776367
-0.527100,0.225342,0.853149
0.436279,-0.285034,0.977783
-0.468750,-0.153687,0.716797
0.076904,0.103394,1.019897
0.073486,-0.402710,0.801758
-0.553101,0.217529,0.837158
0.439453,-0.264648,0.990479
-0.416138,-0.182129,0.722046
0.043701,0.121948,1.024414
0.118774,-0.403198,0.816406
-0.578735,0.211060,0.822388
0.445068,-0.251221,0.992188
-0.362671,-0.209229,0.731079
-0.000488,0.132812,1.006836
0.166626,-0.401978,0.829102
-0.598389,0.197754,0.804688
0.446289,-0.240601,0.987915
-0.312256,-0.239868,0.728394
-0.044189,0.147827,0.993164
0.219727,-0.399170,0.851685
-0.610107,0.182007,0.786987
0.437256,-0.207764,0.996704
-0.264771,-0.271851,0.734619
-0.087036,0.160156,0.985962
0.249756,-0.394043,0.868530
-0.613647,0.161743,0.777344
0.418945,-0.183838,0.998535
-0.225708,-0.288330,0.727417
-0.137085,0.169800,0.968384
0.287842,-0.385620,0.879150
-0.609009,0.144287,0.762573
0.405640,-0.157837,0.999023
-0.187012,-0.312256,0.729492
-0.192017,0.180786,0.943237
0.319824,-0.381592,0.892090
-0.606079,0.112549,0.764893
0.382202,-0.127563,1.008057
-0.164307,-0.332520,0.723877
-0.238281,0.183228,0.923340
0.349487,-0.378662,0.902100
-0.596436,0.076782,0.751465
0.356934,-0.100220,1.012085
-0.135986,-0.364746,0.712280
-0.286499,0.185669,0.903198
0.382446,-0.363525,0.919434
-0.577393,0.045166,0.736816
0.309814,-0.063477,1.003296
-0.093750,-0.374756,0.723755
-0.335449,0.193726,0.882568
0.390625,-0.346436,0.928833
-0.558716,-0.008911,0.725464
0.274414,-0.027832,0.995728
-0.078125,-0.377319,0.733276
-0.381226,0.203735,0.867432
0.410645,-0.326904,0.946411
-0.540161,-0.066284,0.690063
0.218140,0.002930,1.003540
-0.044067,-0.393433,0.744385
-0.435303,0.210815,0.860229
0.425415,-0.312378,0.961792
-0.514893,-0.090088,0.711670
0.163208,0.043823,1.010864
0.000122,-0.396362,0.761963
-0.471680,0.219482,0.847778
0.440918,-0.288452,0.970581
-0.482422,-0.112305,0.731567
0.120117,0.078857,1.010986
0.048462,-0.385986,0.790283
-0.509888,0.216675,0.833130
0.437622,-0.268066,0.973145
-0.432983,-0.150513,0.732422
0.081299,0.108032,1.021362
0.094238,-0.389282,0.809204
-0.540039,0.209106,0.813232
0.444702,-0.247314,0.982056
-0.373413,-0.187866,0.732666
0.032227,0.143555,1.011963
0.151489,-0.387817,0.830322
-0.570923,0.214111,0.801514
0.444824,-0.222900,0.986816
-0.313354,-0.222656,0.743164
-0.022339,0.159668,1.007202
0.206299,-0.392456,0.851196
-0.590942,0.201904,0.792480
0.441284,-0.204224,0.996948
-0.258301,-0.232910,0.750122
-0.078979,0.182617,0.982910
0.255737,-0.391846,0.860107
-0.602783,0.173706,0.779419
0.427368,-0.176514,1.000000
-0.210449,-0.276855,0.743286
-0.129517,0.194824,0.963867
0.295410,-0.394043,0.887085
-0.600464,0.146973,0.769775
0.416626,-0.142822,1.012451
-0.161621,-0.313232,0.745850
-0.184692,0.197144,0.944458
0.340332,-0.389160,0.904541
-0.591919,0.113647,0.769897
0.384766,-0.108765,1.013184
-0.124512,-0.349609,0.732300
-0.229126,0.184814,0.917847
0.366699,-0.378174,0.905884
-0.577271,0.079590,0.748169
0.356079,-0.073608,1.010498
-0.090454,-0.359253,0.724976
-0.279907,0.188354,0.892212
0.384766,-0.361206,0.922852
-0.556641,0.018066,0.736450
0.309814,-0.054565,0.994263
-0.062500,-0.367920,0.736450
-0.334473,0.178955,0.862061
0.406616,-0.337646,0.931641
-0.541870,-0.045288,0.713989
0.256714,-0.014526,0.996460
-0.029663,-0.388916,0.742310
-0.387085,0.192749,0.853271
0.425659,-0.319458,0.951294
-0.516846,-0.085815,0.716675
0.201782,0.025635,1.006958
0.003052,-0.399048,0.753540
-0.429932,0.194946,0.832397
0.439453,-0.303955,0.958618
-0.490356,-0.110474,0.731323
0.151367,0.060547,1.015381
0.043213,-0.416138,0.770752
-0.474243,0.202637,0.824707
0.452515,-0.280029,0.969727
-0.448853,-0.119141,0.737305
0.108276,0.092407,1.017212
0.087402,-0.412720,0.789062
-0.516968,0.216675,0.813110
0.458618,-0.267334,0.978271
-0.404419,-0.139893,0.744873
0.065063,0.122803,1.014526
0.132935,-0.404175,0.816040
-0.546265,0.202148,0.793335
0.459961,-0.245483,0.980347
-0.352783,-0.173584,0.750488
0.006836,0.151367,1.012695
0.188477,-0.408325,0.838623
-0.572510,0.191650,0.780029
0.461426,-0.226929,0.992798
-0.295288,-0.217163,0.755371
-0.043701,0.174194,0.999146
0.234741,-0.409912,0.863281
-0.579834,0.159668,0.777588
0.448486,-0.210693,0.999023
-0.221436,-0.238403,0.769775
-0.089111,0.178711,0.979370
0.277588,-0.405151,0.875732
-0.585205,0.137939,0.768921
0.439209,-0.186401,1.009888
-0.172119,-0.289917,0.772095
-0.146729,0.171387,0.956787
0.324707,-0.400269,0.900879
-0.574341,0.111938,0.765747
0.407715,-0.145630,1.010742
-0.109131,-0.335571,0.759888
-0.197510,0.180298,0.929077
0.351318,-0.381470,0.910156
-0.567261,0.073853,0.757080
0.382690,-0.110718,1.007324
-0.070557,-0.365845,0.755615
-0.250366,0.174072,0.896362
0.385986,-0.363647,0.921265
-0.547241,0.016846,0.754150
0.338623,-0.068848,1.001221
-0.036865,-0.386475,0.751953
-0.305786,0.168823,0.869873
0.409912,-0.360474,0.924683
-0.532959,-0.040527,0.739380
0.277466,-0.033447,1.006226
0.001221,-0.416504,0.750854
-0.354614,0.157959,0.845703
0.431396,-0.339966,0.947632
-0.513794,-0.073364,0.729858
0.224609,-0.000244,1.008301
0.028442,-0.424683,0.755981
-0.402832,0.147827,0.822754
0.442139,-0.313721,0.960938
-0.487061,-0.104980,0.734497
0.170410,0.032959,1.014771
0.064453,-0.436157,0.769409
-0.452881,0.157959,0.812256
0.454102,-0.292847,0.974121
-0.448730,-0.130981,0.740112
0.115234,0.072021,1.008179
0.101318,-0.422852,0.790283
-0.493896,0.149048,0.784668
0.460327,-0.276733,0.979248
-0.390747,-0.160034,0.750366
0.056885,0.115479,1.010864
0.142822,-0.424805,0.813232
-0.528442,0.140869,0.774048
0.463501,-0.260986,0.989990
-0.343018,-0.188110,0.754883
-0.002319,0.142944,1.005859
0.213623,-0.449829,0.833618
-0.552856,0.120117,0.757812
0.458008,-0.236572,0.997681
-0.282104,-0.216064,0.764282
-0.055298,0.165161,0.995850
0.262451,-0.440552,0.861450
-0.568115,0.099976,0.753296
0.451172,-0.219727,1.005249
-0.208252,-0.252319,0.780884
-0.117798,0.178101,0.967163
0.313721,-0.432983,0.879639
-0.573730,0.097656,0.764893
0.424805,-0.183838,1.017578
-0.137085,-0.307495,0.788818
-0.168579,0.171753,0.948730
0.351318,-0.410645,0.913574
-0.557251,0.056763,0.761963
0.392456,-0.136475,1.017212
-0.075317,-0.357788,0.769531
-0.225830,0.169800,0.923706
0.387939,-0.404907,0.917847
-0.537231,0.014893,0.753662
0.350830,-0.102539,0.998535
-0.024414,-0.398193,0.768555
-0.279053,0.162354,0.887085
0.420532,-0.385010,0.937866
-0.517700,-0.048096,0.740723
0.285156,-0.062134,0.997437
0.015259,-0.426025,0.769653
-0.337524,0.137451,0.850220
0.445068,-0.296631,0.956299
-0.456787,-0.120483,0.742676
0.124512,0.071289,1.010132
0.057007,-0.438232,0.758057
-0.499756,0.178101,0.802734
0.456421,-0.270874,0.973145
-0.403931,-0.154297,0.741333
0.069092,0.111206,1.011597
0.132202,-0.408203,0.816284
-0.542969,0.164307,0.784912
0.462280,-0.250610,0.982910
-0.345337,-0.167236,0.760132
0.003052,0.149536,1.006714
0.196533,-0.414795,0.838257
-0.558838,0.147217,0.771484
0.458130,-0.226318,0.987549
-0.283447,-0.204346,0.768433
-0.053467,0.178589,0.989380
0.252441,-0.423096,0.871094
-0.572388,0.133179,0.768677
0.446167,-0.196655,0.994751
-0.215576,-0.233154,0.768799
-0.109741,0.185547,0.974731
0.308716,-0.412354,0.888062
-0.579468,0.103271,0.765259
0.425293,-0.170776,1.012451
-0.141479,-0.301270,0.777222
-0.161255,0.174561,0.940918
0.338257,-0.386597,0.902954
-0.565308,0.083374,0.765137
0.384888,-0.119873,1.013428
-0.088257,-0.350464,0.769287
-0.224365,0.169556,0.905884
0.376953,-0.382812,0.915039
-0.551758,0.024780,0.757690
0.349487,-0.093384,1.006470
-0.047485,-0.386719,0.755127
-0.282837,0.167114,0.875122
0.404541,-0.373779,0.927979
-0.530518,-0.043823,0.733398
0.296387,-0.054321,0.999146
-0.008301,-0.421875,0.746582
-0.340820,0.164551,0.854370
0.433105,-0.355469,0.940063
-0.501221,-0.065796,0.738037
0.231323,-0.008179,1.006592
0.035034,-0.445923,0.746338
-0.395508,0.166870,0.830688
0.453613,-0.339355,0.951904
-0.485229,-0.106812,0.735352
0.171631,0.033081,1.014404
0.070190,-0.453247,0.755249
-0.449463,0.160889,0.811646
0.465942,-0.323608,0.963013
-0.444214,-0.137939,0.736328
0.112549,0.068359,1.009521
0.098999,-0.450195,0.782715
-0.490967,0.147827,0.786621
0.475952,-0.305054,0.965332
-0.402222,-0.153809,0.749146
0.056030,0.105957,1.011719
0.155396,-0.445435,0.808960
-0.528809,0.132812,0.776367
0.478149,-0.288696,0.980713
-0.335327,-0.173828,0.776733
-0.008423,0.135498,1.001953
0.217163,-0.449829,0.835693
-0.544189,0.103394,0.755737
0.470337,-0.267212,0.993042
-0.272583,-0.208618,0.783936
-0.064575,0.157104,0.997925
0.276489,-0.456543,0.863281
-0.556396,0.082886,0.754028
0.449585,-0.225220,1.000244
-0.184692,-0.251831,0.799927
-0.115234,0.164429,0.968018
0.311646,-0.432861,0.888184
-0.555908,0.073364,0.760742
0.426514,-0.184326,1.008423
-0.135132,-0.298706,0.799316
-0.165039,0.164062,0.956055
0.354004,-0.417725,0.915894
-0.552368,0.042725,0.757324
0.385376,-0.137451,1.008545
-0.071411,-0.348022,0.788086
-0.223633,0.159302,0.923096
0.392212,-0.401489,0.923096
-0.536499,-0.007812,0.752930
0.342163,-0.095215,1.012695
-0.019775,-0.393555,0.776978
-0.277954,0.153198,0.891724
0.421265,-0.394287,0.946655
-0.510254,-0.063599,0.745605
0.291992,-0.062866,1.006836
0.024048,-0.430054,0.769287
-0.333740,0.144043,0.857300
0.449097,-0.374756,0.956299
-0.483887,-0.106689,0.737793
0.239380,-0.026855,1.010742
0.062500,-0.454834,0.771362
-0.383789,0.128174,0.828735
0.470337,-0.356812,0.972412
-0.462646,-0.141724,0.740112
0.182007,0.009888,1.011230
0.089600,-0.461304,0.777588
-0.428711,0.131104,0.813721
0.482300,-0.336060,0.983154
-0.424683,-0.175903,0.740112
0.118774,0.051758,1.018799
0.123657,-0.448608,0.792847
-0.474487,0.120483,0.790894
0.491699,-0.328735,0.980957
-0.380493,-0.178101,0.759155
0.058228,0.088135,1.010376
0.189331,-0.468018,0.819580
-0.495483,0.098511,0.769531
0.485840,-0.300537,1.000488
-0.330811,-0.198853,0.775391
0.000854,0.115234,1.009277
0.243652,-0.476074,0.849487
-0.517334,0.071167,0.758301
0.474243,-0.266479,1.006104
-0.265747,-0.221069,0.784790
-0.049561,0.143066,1.008911
0.293457,-0.471802,0.881104
-0.531128,0.063477,0.759888
0.447021,-0.229614,1.019653
-0.200439,-0.228760,0.812378
-0.096191,0.141479,0.991089
0.334351,-0.449219,0.901489
-0.528564,0.046509,0.768188
0.430786,-0.188110,1.023804
-0.133789,-0.280151,0.813110
-0.142334,0.149170,0.978516
0.377930,-0.440674,0.919556
-0.521362,0.014038,0.769531
0.401489,-0.144653,1.034058
-0.074829,-0.322510,0.812012
-0.200195,0.144897,0.950073
0.412720,-0.427002,0.942505
-0.511353,-0.035645,0.753296
0.362427,-0.108643,1.031128
-0.005737,-0.375000,0.815063
-0.247314,0.141724,0.922852
0.440308,-0.414673,0.963257
-0.491089,-0.087280,0.755371
0.321167,-0.075195,1.039673
0.044678,-0.414917,0.811035
-0.297852,0.144897,0.895996
0.473389,-0.392090,0.979248
-0.464722,-0.127930,0.753540
0.271362,-0.038818,1.029663
0.081909,-0.441284,0.809204
-0.336670,0.133911,0.886597
0.489868,-0.367310,0.999512
-0.437134,-0.158569,0.749878
0.218750,0.001343,1.038574
0.113403,-0.440186,0.810791
-0.374756,0.139526,0.862915
0.506226,-0.335327,1.012573
-0.406494,-0.184204,0.754028
0.163818,0.036011,1.031494
0.142700,-0.449585,0.821655
-0.414429,0.129028,0.847656
0.520752,-0.323120,1.030762
-0.377563,-0.196533,0.757935
0.108398,0.073120,1.044067
0.211548,-0.478516,0.845215
-0.438965,0.096680,0.813965
0.510620,-0.295044,1.028076
-0.328247,-0.203857,0.785400
0.051880,0.108032,1.043823
0.262329,-0.496338,0.864258
-0.461060,0.079712,0.788452
0.499634,-0.279053,1.033569
-0.285156,-0.214111,0.784912
0.009155,0.118774,1.040649
0.309570,-0.492676,0.890015
-0.486084,0.067017,0.790771
0.489746,-0.243164,1.052002
-0.235474,-0.224731,0.807129
-0.036255,0.147705,1.043579
0.355225,-0.479858,0.926147
-0.494507,0.069092,0.799194
0.473633,-0.204468,1.057739
-0.185425,-0.231201,0.819824
-0.079346,0.169434,1.041382
0.397583,-0.468872,0.950317
-0.507080,0.060425,0.802490
0.458130,-0.165894,1.057251
-0.119019,-0.261230,0.839478
-0.117310,0.171631,1.028931
0.427246,-0.435181,0.987671
-0.492920,0.014526,0.797607
0.433716,-0.133301,1.074463
-0.053955,-0.302124,0.842773
-0.168091,0.174927,1.008301
0.455933,-0.414673,1.000732
-0.476196,-0.051758,0.790405
0.395508,-0.097534,1.084717
0.020996,-0.352905,0.859009
-0.214111,0.162964,0.983521
0.483887,-0.391235,1.025635
-0.448730,-0.104126,0.783325
0.359009,-0.059448,1.083862
0.073608,-0.384766,0.864868
-0.257202,0.172363,0.967529
0.510498,-0.362061,1.040894
-0.423950,-0.138306,0.780640
0.311401,-0.020752,1.080688
0.105103,-0.392212,0.856934
-0.299194,0.172119,0.949219
0.533936,-0.329102,1.067139
-0.397217,-0.158813,0.782471
0.265137,0.012817,1.081177
0.123047,-0.395264,0.861694
-0.331299,0.160889,0.931152
0.546387,-0.323364,1.075928
-0.367798,-0.192749,0.784790
0.214355,0.039551,1.080688
0.176636,-0.420288,0.879395
-0.365845,0.135132,0.895630
0.560791,-0.315308,1.081177
-0.340820,-0.203247,0.795654
0.172852,0.069336,1.082642
0.222168,-0.437866,0.891113
-0.390869,0.113403,0.867920
0.568604,-0.290283,1.091675
-0.307861,-0.219727,0.802856
0.122925,0.107178,1.080933
0.270508,-0.444458,0.913818
-0.409790,0.082153,0.847656
0.559082,-0.269897,1.092896
-0.272461,-0.204590,0.825195
0.086548,0.121216,1.084595
0.310913,-0.446533,0.936157
-0.433838,0.079468,0.838623
0.546631,-0.243530,1.094116
-0.231079,-0.220337,0.842407
0.043579,0.142578,1.086426
0.346802,-0.438599,0.962158
-0.448486,0.078247,0.836914
0.531860,-0.212891,1.103638
-0.185913,-0.226440,0.856445
0.005859,0.180298,1.091064
0.392578,-0.423462,0.985840
-0.454956,0.072021,0.843506
0.515869,-0.173584,1.118286
-0.141846,-0.239868,0.871582
-0.029297,0.189941,1.085327
0.421875,-0.411255,1.015259
-0.462769,0.040039,0.823730
0.499878,-0.144165,1.121582
-0.090820,-0.258423,0.884277
-0.074097,0.200928,1.093018
0.454102,-0.396118,1.029785
-0.459229,0.003906,0.823486
0.486938,-0.109009,1.133057
-0.027954,-0.300415,0.895874
-0.107910,0.203979,1.075562
0.483154,-0.386963,1.044434
-0.451172,-0.021606,0.825073
0.458130,-0.092041,1.135986
0.027710,-0.328857,0.903076
-0.144165,0.191162,1.060303
0.502930,-0.355835,1.067383
-0.436646,-0.039429,0.820068
0.434814,-0.060547,1.136475
0.058838,-0.348267,0.900146
-0.170776,0.204224,1.046265
0.518433,-0.322266,1.081909
-0.419800,-0.076294,0.814819
0.400146,-0.026611,1.149658
0.068970,-0.356323,0.900879
-0.213013,0.202759,1.039917
0.540283,-0.311279,1.104248
-0.400757,-0.110962,0.807373
0.364502,0.004517,1.144775
0.100220,-0.366333,0.908569
-0.256226,0.200317,1.020508
0.559448,-0.296387,1.118652
-0.373779,-0.139404,0.816040
0.314819,0.040161,1.133667
0.150269,-0.389038,0.920410
-0.283936,0.177734,1.002808
0.569336,-0.281616,1.133545
-0.351562,-0.167236,0.818726
0.274658,0.051636,1.141968
0.187622,-0.412964,0.918579
-0.313599,0.144287,0.959473
0.590332,-0.281860,1.137817
-0.323730,-0.181641,0.829224
0.231812,0.082031,1.124023
0.237549,-0.429077,0.930054
-0.341309,0.123657,0.923828
0.591675,-0.262695,1.136597
-0.292603,-0.201294,0.836060
0.177124,0.109619,1.126343
0.281494,-0.437500,0.948730
-0.368042,0.098389,0.903076
0.585083,-0.250122,1.137939
-0.264771,-0.207520,0.847534
0.141724,0.135376,1.121338
0.313599,-0.417603,0.971313
-0.389771,0.084717,0.893188
0.581909,-0.226685,1.149170
-0.226196,-0.218018,0.861694
0.090576,0.160156,1.124146
0.348022,-0.404053,0.987549
-0.408447,0.083496,0.885620
0.572876,-0.198242,1.152588
-0.187988,-0.224854,0.874390
0.042969,0.168091,1.112671
0.383789,-0.394043,1.011597
-0.421021,0.061035,0.875732
0.552124,-0.173706,1.159668
-0.150024,-0.253540,0.880249
0.004639,0.178101,1.104126
0.407349,-0.378906,1.021484
-0.427979,0.036621,0.861328
0.541626,-0.147217,1.167236
-0.089844,-0.283081,0.888550
-0.039429,0.184814,1.095581
0.434570,-0.360718,1.032471
-0.427246,0.000488,0.850098
0.524658,-0.123169,1.171265
-0.019531,-0.326172,0.901001
-0.081421,0.189697,1.085938
0.453735,-0.338623,1.050293
-0.426392,-0.021362,0.836670
0.500610,-0.088013,1.177979
0.002075,-0.337646,0.888306
-0.123901,0.211670,1.071655
0.478760,-0.326172,1.063232
-0.433960,-0.031250,0.837769
0.471802,-0.073730,1.179199
0.008789,-0.346069,0.889893
-0.175537,0.225586,1.065186
0.506958,-0.312744,1.087769
-0.422119,-0.067993,0.821289
0.430420,-0.031494,1.180542
0.036377,-0.344360,0.899780
-0.220093,0.227295,1.049438
0.531006,-0.307739,1.094849
-0.406372,-0.086914,0.822632
0.380981,-0.002686,1.172607
0.074585,-0.355103,0.900146
-0.259766,0.209595,1.022827
0.547852,-0.292114,1.115723
-0.383789,-0.127930,0.814453
0.335083,0.022827,1.168091
0.109497,-0.374023,0.909424
-0.289551,0.166870,0.979614
0.562378,-0.284668,1.115112
-0.362671,-0.156372,0.813843
0.287964,0.050781,1.159546
0.158447,-0.393311,0.912476
-0.329834,0.153931,0.952026
0.566650,-0.276489,1.123047
-0.333984,-0.192749,0.815430
0.233398,0.076416,1.150146
0.204956,-0.403198,0.924316
-0.366211,0.138062,0.927979
0.568481,-0.256592,1.121826
-0.309326,-0.209473,0.820679
0.184082,0.095093,1.139038
0.244263,-0.406494,0.943237
-0.395874,0.117188,0.908936
0.565063,-0.236328,1.126953
-0.290771,-0.230225,0.812134
0.134155,0.101807,1.120483
0.279907,-0.400269,0.961914
-0.422607,0.114136,0.895996
0.553345,-0.213867,1.122314
-0.263184,-0.245728,0.818726
0.078857,0.116577,1.108765
0.315918,-0.393677,0.971924
-0.424438,0.075562,0.875244
0.542236,-0.186646,1.140503
-0.234009,-0.253540,0.828491
0.033813,0.125000,1.090088
0.339478,-0.384888,0.982544
-0.435181,0.053467,0.861694
0.528442,-0.165161,1.146118
-0.160645,-0.288330,0.833740
-0.018066,0.135742,1.068848
0.362793,-0.369141,0.980591
-0.440430,0.016235,0.843628
0.520630,-0.151367,1.146240
-0.127930,-0.298706,0.832642
-0.067383,0.154785,1.060669
0.398560,-0.375610,0.995728
-0.448853,-0.018311,0.825439
0.490234,-0.130615,1.139648
-0.108398,-0.297119,0.826660
-0.128296,0.166016,1.044067
0.421387,-0.349243,1.013794
-0.456787,-0.038574,0.810669
0.462891,-0.100708,1.155151
-0.092896,-0.299561,0.829834
-0.191895,0.184814,1.024658
0.446411,-0.343262,1.029785
-0.457153,-0.070801,0.800781
0.423706,-0.064087,1.144531
-0.079346,-0.306152,0.835815
-0.244629,0.199097,1.016113
0.471191,-0.343140,1.039917
-0.452026,-0.107544,0.783325
0.380615,-0.044678,1.149292
-0.043701,-0.315063,0.843994
-0.279541,0.186157,0.971924
0.483398,-0.327271,1.050293
-0.446777,-0.121216,0.770874
0.341675,-0.022339,1.140137
-0.003418,-0.342651,0.839600
-0.316895,0.179810,0.952637
0.488403,-0.314819,1.045654
-0.428833,-0.171143,0.753418
0.295288,0.000366,1.133545
0.030518,-0.350952,0.850830
-0.364746,0.169800,0.928589
0.494873,-0.306763,1.054321
-0.412964,-0.196655,0.751099
0.250488,0.013428,1.118042
0.069458,-0.385010,0.853516
-0.402466,0.165527,0.906128
0.502197,-0.301636,1.053711
-0.406860,-0.216064,0.739502
0.200928,0.028564,1.102295
0.100464,-0.377319,0.868408
-0.438599,0.168457,0.896484
0.502808,-0.281128,1.068726
-0.395142,-0.241333,0.749756
0.147217,0.047974,1.085449
0.144165,-0.392700,0.882690
-0.468384,0.159424,0.875977
0.507812,-0.263672,1.067383
-0.390625,-0.214844,0.758057
0.098633,0.067139,1.077026
0.182373,-0.399414,0.888184
-0.476318,0.141968,0.861938
0.498657,-0.254272,1.058594
-0.363770,-0.215576,0.769653
0.054932,0.085815,1.064209
0.212646,-0.402588,0.891724
-0.494995,0.130615,0.844971
0.493530,-0.242676,1.064941
-0.324463,-0.235107,0.765503
0.012939,0.094238,1.049438
0.240356,-0.415161,0.893188
-0.509521,0.100220,0.814453
0.489502,-0.232910,1.062744
-0.281372,-0.235229,0.780396
-0.021606,0.110474,1.036743
0.258789,-0.417847,0.901001
-0.516113,0.089233,0.811279
0.472534,-0.220337,1.058472
-0.262207,-0.265259,0.769409
-0.061523,0.117798,1.015869
0.283813,-0.420044,0.905884
-0.534302,0.065308,0.806274
0.461060,-0.206421,1.061523
-0.245605,-0.273071,0.759521
-0.100098,0.131470,1.003540
0.305786,-0.430664,0.905762
-0.536255,0.055298,0.784180
0.450073,-0.186401,1.055908
-0.231689,-0.285400,0.753784
-0.147095,0.138672,1.003784
0.326660,-0.412842,0.924561
-0.542725,0.029785,0.774048
0.432495,-0.184692,1.059692
-0.226807,-0.268188,0.750732
-0.180786,0.160400,0.986938
0.343872,-0.413330,0.926147
-0.545410,0.030151,0.774170
0.415161,-0.163940,1.050171
-0.207031,-0.291260,0.741821
-0.217163,0.166016,0.977783
0.355957,-0.412598,0.930054
-0.555054,-0.003540,0.752441
0.392212,-0.143066,1.050537
-0.201904,-0.290649,0.751099
-0.240112,0.174194,0.972290
0.365967,-0.399902,0.943115
-0.564087,-0.016113,0.745972
0.374512,-0.132812,1.053223
-0.188110,-0.311646,0.743164
-0.269531,0.174683,0.945190
0.379028,-0.390869,0.949097
-0.562988,-0.026001,0.745972
0.353394,-0.116943,1.050049
-0.171265,-0.320435,0.747070
-0.300659,0.171631,0.930664
0.387207,-0.384644,0.940796
-0.561279,-0.039673,0.733154
0.331909,-0.094116,1.046509
-0.162720,-0.333496,0.738892
-0.321899,0.175781,0.918945
0.400146,-0.376709,0.953613
-0.564941,-0.051758,0.720703
0.307007,-0.076782,1.044800
-0.138916,-0.350342,0.742920
-0.348145,0.185669,0.906250
0.399536,-0.363892,0.949463
-0.563354,-0.047974,0.724121
0.288696,-0.064453,1.046997
-0.119019,-0.366821,0.746826
-0.376953,0.188721,0.890625
0.402466,-0.375488,0.941895
-0.558838,-0.060059,0.713257
0.268921,-0.060181,1.037964
-0.105591,-0.374634,0.746826
-0.401733,0.198853,0.887573
0.406738,-0.350586,0.947632
-0.549561,-0.085205,0.698975
0.247437,-0.040527,1.037720
-0.086914,-0.383179,0.754272
-0.422974,0.212646,0.884521
0.414307,-0.348389,0.954834
-0.539551,-0.095459,0.701416
0.214600,-0.024902,1.033813
-0.061890,-0.387329,0.766113
-0.446411,0.209595,0.873291
0.412964,-0.331909,0.963623
-0.529785,-0.095337,0.708374
0.200073,-0.000854,1.033813
-0.037598,-0.398071,0.770630
-0.467896,0.220825,0.867432
0.416504,-0.327881,0.961060
-0.520630,-0.105347,0.716309
0.165771,0.011597,1.015869
-0.013550,-0.404175,0.773071
-0.487427,0.224121,0.864380
0.423584,-0.322144,0.961304
-0.513550,-0.109131,0.707275
0.142456,0.021362,1.020508
-0.008545,-0.393677,0.770264
-0.507202,0.223999,0.850830
0.434204,-0.310547,0.966064
-0.506592,-0.148804,0.701294
0.118774,0.048828,1.021851
0.012451,-0.412964,0.778442
-0.522339,0.234985,0.848633
0.436523,-0.308716,0.972778
-0.481323,-0.154053,0.716797
0.086182,0.067627,1.024536
0.037964,-0.416992,0.788818
-0.530151,0.219360,0.833740
0.424683,-0.289795,0.963379
-0.459229,-0.147827,0.729004
0.076660,0.078735,1.022949
0.064575,-0.412720,0.798950
-0.548096,0.223511,0.826904
0.431885,-0.265259,0.977905
-0.435791,-0.170288,0.732910
0.059448,0.092773,1.035278
0.093750,-0.421875,0.802612
-0.570679,0.227173,0.814941
0.438110,-0.255737,0.984131
-0.387939,-0.199707,0.735107
0.023071,0.113770,1.018677
0.129395,-0.422607,0.820557
-0.589844,0.212769,0.806641
0.437012,-0.239258,0.983887
-0.339966,-0.210815,0.740967
-0.010254,0.128052,1.014526
0.177734,-0.414307,0.837524
-0.606689,0.197021,0.788940
0.428467,-0.219360,0.982056
-0.301880,-0.222168,0.750000
-0.053345,0.145508,1.001709
0.223633,-0.411255,0.855591
-0.616455,0.187256,0.778809
0.418701,-0.186035,0.995972
-0.251221,-0.255615,0.739624
-0.109863,0.162964,0.984863
0.273560,-0.413086,0.873535
-0.616821,0.162231,0.776733
0.402710,-0.170898,0.994507
-0.210938,-0.282959,0.736938
-0.160767,0.168701,0.953613
0.314087,-0.404785,0.892822
-0.611450,0.125732,0.760620
0.378296,-0.133423,1.001587
-0.172119,-0.308594,0.725830
-0.216431,0.182617,0.938232
0.355957,-0.405762,0.896606
-0.600952,0.068726,0.736694
0.353027,-0.098389,1.009277
-0.142578,-0.346924,0.717896
-0.280273,0.193237,0.905151
0.396606,-0.389160,0.921753
-0.578247,0.038330,0.727539
0.299805,-0.062744,0.996582
-0.098511,-0.364624,0.723145
-0.327637,0.187256,0.881348
0.410400,-0.359009,0.930664
-0.553711,-0.012695,0.723633
0.254761,-0.020142,0.992310
-0.068359,-0.370605,0.721802
-0.381470,0.198364,0.867554
0.418823,-0.335693,0.937744
-0.529541,-0.057251,0.723145
0.204956,0.017334,1.005859
-0.040405,-0.386963,0.748169
-0.432983,0.205322,0.847778
0.435791,-0.311768,0.954224
-0.497803,-0.098877,0.729248
0.140137,0.053833,1.011353
0.017334,-0.390991,0.766846
-0.480957,0.222534,0.834595
0.446899,-0.288696,0.962036
-0.447998,-0.126099,0.739990
0.098511,0.073975,1.012085
0.064819,-0.376709,0.793945
-0.528076,0.224731,0.820190
0.453369,-0.255981,0.972778
-0.373657,-0.192017,0.747314
0.033813,0.128174,1.010986
0.130493,-0.377319,0.826416
-0.559814,0.201172,0.796631
0.445068,-0.232056,0.988525
-0.297729,-0.209961,0.753906
-0.026123,0.156982,1.007202
0.197144,-0.376099,0.840698
-0.596191,0.206055,0.771240
0.436279,-0.188477,0.991699
-0.220581,-0.260986,0.752319
-0.094604,0.170898,0.985718
0.267944,-0.384521,0.878784
-0.604492,0.174072,0.769409
0.412354,-0.145996,0.999023
-0.148804,-0.321411,0.763062
-0.167725,0.159302,0.949463
0.332642,-0.390259,0.907471
-0.591553,0.118042,0.746826
0.370239,-0.087402,1.010864
-0.102539,-0.359253,0.728149
-0.230835,0.155884,0.914185
0.390869,-0.387817,0.917114
-0.578613,0.072510,0.739136
0.313354,-0.028809,0.991455
-0.051270,-0.374023,0.731445
-0.335083,0.164551,0.866943
0.423584,-0.368042,0.937988
-0.533813,-0.017212,0.727905
0.232666,0.021729,0.999634
-0.003906,-0.379639,0.746216
-0.404419,0.151489,0.852783
0.456787,-0.337891,0.974243
-0.488403,-0.094238,0.740479
0.137085,0.087891,0.996338
0.046387,-0.378174,0.769531
-0.472900,0.163940,0.820068
0.464478,-0.299194,0.983032
-0.419678,-0.147461,0.757324
0.065063,0.109741,1.001709
0.116943,-0.374634,0.808472
-0.537842,0.170532,0.790771
0.462769,-0.260010,0.994995
-0.305176,-0.191895,0.781006
-0.019531,0.141235,0.986084
0.201050,-0.380859,0.844849
-0.572510,0.138672,0.761841
0.391235,-0.146729,1.001343
-0.208618,-0.251587,0.781738
-0.217651,0.166504,0.927979
0.352539,-0.371094,0.906860
-0.583984,0.076416,0.736084
0.328491,-0.073486,1.006104
-0.109741,-0.337036,0.762573
-0.313477,0.187988,0.888550
0.399048,-0.341553,0.931396
-0.554688,-0.029541,0.713135
0.234009,0.004639,0.990479
-0.040771,-0.389160,0.739624
-0.408569,0.210815,0.872314
0.440552,-0.313599,0.957520
-0.503906,-0.077026,0.729004
0.138794,0.072388,1.006592
0.034424,-0.387329,0.776855
-0.488037,0.208862,0.836060
0.440918,-0.263916,0.978760
-0.425415,-0.136963,0.741211
0.066284,0.120361,1.012451
0.120728,-0.382935,0.816895
-0.552612,0.181519,0.801270
0.444458,-0.233276,0.997803
-0.321167,-0.202271,0.746338
-0.023804,0.167603,0.994141
0.210815,-0.378906,0.850220
-0.584473,0.142578,0.785645
0.439209,-0.205688,1.011719
-0.223389,-0.265503,0.755615
-0.103271,0.189697,0.964478
0.289185,-0.363403,0.884644
-0.592651,0.110474,0.762817
0.421265,-0.190308,1.009644
-0.142822,-0.354004,0.740723
-0.190430,0.200562,0.932251
0.362183,-0.351807,0.910889
-0.570435,0.074829,0.758057
0.351440,-0.102905,1.004517
-0.082642,-0.401733,0.719849
-0.265503,0.170288,0.885864
0.401123,-0.330444,0.933716
-0.549072,-0.002075,0.730469
0.271851,-0.048828,0.990723
-0.036377,-0.424805,0.721191
-0.350830,0.151489,0.845825
0.427490,-0.312622,0.947144
-0.506348,-0.059082,0.728882
0.181885,0.029053,1.002930
0.039062,-0.432373,0.763184
-0.432495,0.171143,0.825806
0.447754,-0.283081,0.965210
-0.460083,-0.104370,0.740479
0.107910,0.078857,1.010254
0.081177,-0.412354,0.791260
-0.508545,0.168335,0.800049
0.459106,-0.253662,0.982788
-0.374268,-0.153442,0.745483
0.016602,0.135742,1.005859
0.177368,-0.420532,0.823364
-0.558594,0.149048,0.778931
0.461548,-0.238403,0.994263
-0.262329,-0.206177,0.778564
-0.067627,0.184570,0.983276
0.262695,-0.404785,0.869141
-0.569092,0.081665,0.756958
0.434692,-0.203491,1.001953
-0.147217,-0.298340,0.766724
-0.139648,0.192993,0.958130
0.329956,-0.364258,0.899780
-0.572266,0.087402,0.765869
0.383667,-0.164551,0.997559
-0.066040,-0.404419,0.748169
-0.236694,0.157471,0.900513
0.382690,-0.325806,0.933594
-0.553101,0.017456,0.728394
0.320435,-0.100098,0.997437
-0.002075,-0.438599,0.754639
-0.324097,0.133667,0.853760
0.421021,-0.335815,0.947998
-0.520752,-0.058594,0.725464
0.225220,-0.009399,0.989014
0.053345,-0.451050,0.762085
-0.408447,0.133057,0.820435
0.456787,-0.332520,0.965332
-0.470825,-0.090210,0.740723
0.123779,0.069092,0.996826
0.096924,-0.453003,0.778076
-0.471191,0.114014,0.796753
0.465332,-0.304443,0.983398
-0.403442,-0.156738,0.750244
0.041992,0.130859,1.019531
0.169067,-0.434082,0.816895
-0.526611,0.106445,0.769897
0.474976,-0.280151,0.999146
-0.297729,-0.195068,0.775757
-0.049438,0.181396,0.998047
0.261108,-0.444946,0.849609
-0.556030,0.082520,0.760498
0.446289,-0.250854,1.001099
-0.171631,-0.276001,0.788208
-0.129395,0.181519,0.966431
0.322876,-0.413818,0.895264
-0.554199,0.050171,0.756592
0.402954,-0.187988,1.009277
-0.095947,-0.343750,0.778931
-0.201050,0.156006,0.927856
0.391357,-0.387817,0.932007
-0.528442,-0.009033,0.749390
0.343506,-0.110596,1.010376
-0.026245,-0.412964,0.761597
-0.283813,0.137329,0.874512
0.426758,-0.380615,0.946167
-0.498535,-0.075195,0.747681
0.278809,-0.054443,1.019653
0.042480,-0.445557,0.776367
-0.390747,0.149170,0.839966
0.468018,-0.363892,0.967529
-0.451782,-0.129150,0.752197
0.180054,0.026611,1.019897
0.096069,-0.457764,0.779907
-0.451660,0.116943,0.800171
0.483276,-0.349854,0.978027
-0.392944,-0.181396,0.753052
0.100098,0.083618,1.021851
0.158325,-0.444824,0.819946
-0.507568,0.111084,0.768066
0.471191,-0.324951,0.976807
-0.316040,-0.225952,0.776367
0.021118,0.122925,1.029907
0.247314,-0.447144,0.857910
-0.545776,0.092163,0.755859
0.461426,-0.293701,0.988892
-0.225220,-0.262939,0.798706
-0.058105,0.137573,1.002441
0.310059,-0.428833,0.889282
-0.542969,0.081665,0.766968
0.431274,-0.216187,1.008179
-0.128662,-0.297852,0.814331
-0.134399,0.137695,0.977417
0.361938,-0.423462,0.927490
-0.524414,0.031738,0.770020
0.393433,-0.158569,1.019897
-0.064819,-0.352905,0.801025
-0.209106,0.144043,0.943237
0.422974,-0.399414,0.962646
-0.505371,-0.049316,0.755981
0.331055,-0.080566,1.031372
0.013306,-0.401611,0.810059
-0.271118,0.119629,0.900513
0.458496,-0.389771,0.986694
-0.476318,-0.088867,0.758423
0.282837,-0.041748,1.040894
0.065918,-0.438721,0.809082
-0.327271,0.122803,0.881592
0.489258,-0.373047,1.001343
-0.451660,-0.122681,0.752075
0.238281,-0.006714,1.032471
0.091309,-0.434570,0.809814
-0.372192,0.126465,0.873413
0.505493,-0.370728,1.004028
-0.431152,-0.147461,0.763672
0.199707,0.030029,1.044922
0.120239,-0.438721,0.828003
-0.409180,0.121216,0.860596
0.521851,-0.361206,1.020264
-0.406738,-0.189819,0.755615
0.158691,0.050659,1.050293
0.158569,-0.442505,0.845825
-0.419922,0.104370,0.835449
0.525269,-0.330444,1.036377
-0.376465,-0.198975,0.755249
0.122314,0.078491,1.058228
0.210083,-0.470703,0.849976
-0.439575,0.096069,0.823975
0.528320,-0.324585,1.033691
-0.338867,-0.207764,0.775391
0.088501,0.097168,1.053833
0.244629,-0.458618,0.873901
-0.459106,0.086060,0.808838
0.528442,-0.320557,1.039551
-0.304199,-0.228271,0.783203
0.066284,0.112549,1.061890
0.275879,-0.461792,0.888794
-0.458252,0.088867,0.806396
0.533325,-0.292358,1.044189
-0.273682,-0.239380,0.800537
0.034546,0.143921,1.054688
0.303711,-0.462036,0.904175
-0.457764,0.077881,0.799072
0.517822,-0.275391,1.056030
-0.249512,-0.241943,0.812866
0.015625,0.148682,1.063599
0.332031,-0.451904,0.929932
-0.473145,0.075928,0.806152
0.505127,-0.241333,1.068848
-0.220825,-0.252197,0.824829
-0.002930,0.157104,1.068359
0.353149,-0.443726,0.951904
-0.475586,0.075562,0.802612
0.500854,-0.211182,1.081543
-0.190674,-0.238403,0.840454
-0.016846,0.156616,1.068970
0.370239,-0.433350,0.966431
-0.484375,0.073608,0.807861
0.502319,-0.186035,1.085815
-0.145386,-0.276245,0.841431
-0.049316,0.156982,1.063232
0.397705,-0.434937,0.976196
-0.484497,0.067261,0.805420
0.497314,-0.179688,1.089355
-0.111572,-0.259644,0.868774
-0.063110,0.177246,1.071777
0.416626,-0.409180,0.994263
-0.483276,0.040283,0.808228
0.487915,-0.143677,1.111572
-0.081787,-0.295288,0.868042
-0.088135,0.176880,1.071777
0.446045,-0.403076,1.019043
-0.476074,0.025757,0.809692
0.464722,-0.107666,1.119751
-0.028076,-0.315918,0.879150
-0.122681,0.183472,1.065918
0.463013,-0.402710,1.017700
-0.463623,0.010010,0.819824
0.449585,-0.096802,1.126343
0.018799,-0.335815,0.896729
-0.149780,0.179321,1.048828
0.473267,-0.372314,1.039429
-0.449585,-0.028564,0.808105
0.444946,-0.070679,1.146362
0.053223,-0.344482,0.902344
-0.181641,0.182861,1.041870
0.498291,-0.379395,1.049927
-0.438354,-0.047241,0.813721
0.426270,-0.045898,1.150391
0.064697,-0.334595,0.907227
-0.187622,0.185791,1.058228
0.501465,-0.361572,1.054321
-0.434448,-0.057861,0.810547
0.419556,-0.044678,1.145142
0.083374,-0.341553,0.906616
-0.214722,0.194336,1.039185
0.525269,-0.351562,1.067627
-0.420410,-0.085693,0.802124
0.399170,-0.006958,1.151855
0.079834,-0.317871,0.916016
-0.247070,0.186035,1.031372
0.546265,-0.348999,1.098511
-0.410522,-0.116333,0.802246
0.364258,0.034058,1.160034
0.117310,-0.339233,0.934692
-0.280640,0.200928,1.023804
0.560425,-0.341064,1.107666
-0.392578,-0.137451,0.805908
0.333252,0.034180,1.148804
0.151978,-0.352661,0.936035
-0.298828,0.179810,0.999268
0.573608,-0.297485,1.119995
-0.372070,-0.186523,0.786621
0.299316,0.046021,1.134521
0.189819,-0.351562,0.950684
-0.316162,0.165161,0.973022
0.575806,-0.299805,1.134033
-0.345093,-0.196655,0.807373
0.255127,0.081909,1.135498
0.226807,-0.371460,0.949707
-0.330688,0.120483,0.936768
0.588745,-0.281372,1.140381
-0.317383,-0.231689,0.815308
0.210205,0.092529,1.131592
0.267090,-0.390381,0.963745
-0.357666,0.105957,0.915283
0.592163,-0.263184,1.141724
-0.269897,-0.270996,0.822754
0.143799,0.127808,1.115356
0.309082,-0.391968,0.981201
-0.375366,0.093018,0.894409
0.580200,-0.232544,1.148926
-0.234009,-0.271484,0.831299
0.092896,0.147339,1.115601
0.349854,-0.388550,0.995605
-0.410889,0.093140,0.890015
0.575317,-0.197266,1.159424
-0.186035,-0.281982,0.855835
0.022827,0.176025,1.100220
0.383545,-0.388916,1.003784
-0.417236,0.046631,0.859375
0.559204,-0.164429,1.166992
-0.115479,-0.309692,0.870117
-0.025513,0.196289,1.097290
0.413818,-0.369995,1.020630
-0.409546,0.018188,0.860962
0.536621,-0.133057,1.175903
-0.030884,-0.345459,0.880615
-0.073975,0.183960,1.091309
0.441406,-0.361206,1.037109
-0.434204,-0.005127,0.846558
0.517090,-0.080688,1.194214
-0.015991,-0.334839,0.875854
-0.135864,0.208984,1.081421
0.468628,-0.347290,1.057129
-0.450806,-0.031738,0.834473
0.487915,-0.060791,1.198853
0.002075,-0.325928,0.890259
-0.196533,0.225220,1.062500
0.499878,-0.325562,1.072021
-0.430176,-0.071167,0.823608
0.430054,-0.026611,1.179199
0.030640,-0.314331,0.900879
-0.248413,0.217529,1.037842
0.531128,-0.315918,1.096436
-0.411011,-0.129883,0.803223
0.368042,-0.009155,1.165283
0.081909,-0.325806,0.906494
-0.286255,0.197510,0.997314
0.551758,-0.294312,1.110107
-0.383057,-0.193359,0.791626
0.303101,0.026123,1.149414
0.135376,-0.367432,0.916626
-0.322510,0.145020,0.944336
0.561768,-0.290771,1.113892
-0.343628,-0.225952,0.799194
0.232544,0.074585,1.148071
0.194946,-0.391113,0.915161
-0.367676,0.133423,0.908569
0.566040,-0.255371,1.120850
-0.307983,-0.259033,0.804321
0.157593,0.094360,1.120239
0.245972,-0.388306,0.938110
-0.414307,0.119873,0.892334
0.561890,-0.216064,1.132202
-0.272583,-0.279419,0.812988
0.078125,0.110718,1.090332
0.280518,-0.392334,0.942505
-0.424683,0.092896,0.878540
0.550659,-0.197510,1.131104
-0.216675,-0.293579,0.823975
0.007690,0.122192,1.066406
0.312378,-0.380615,0.952637
-0.441406,0.052002,0.842896
0.536255,-0.169556,1.142578
-0.143555,-0.341553,0.827393
-0.056274,0.134644,1.054443
0.349609,-0.384644,0.971313
-0.458252,0.011353,0.818848
0.510742,-0.126221,1.150269
-0.122559,-0.314453,0.812744
-0.123291,0.162354,1.043457
0.393311,-0.381226,0.981689
-0.474731,-0.010742,0.819214
0.479858,-0.101562,1.157715
-0.119141,-0.301636,0.816650
-0.185547,0.197144,1.038452
0.425659,-0.361084,1.006836
-0.485229,-0.053345,0.788696
0.432617,-0.072998,1.150757
-0.081543,-0.298096,0.834106
-0.257324,0.199341,1.000244
0.448608,-0.344116,1.026733
-0.474243,-0.097656,0.764282
0.377808,-0.046631,1.143188
-0.027954,-0.319824,0.835571
-0.319946,0.189819,0.962891
0.464966,-0.335327,1.028076
-0.457886,-0.154175,0.746094
0.307617,-0.013184,1.124512
0.023315,-0.342285,0.842163
-0.370483,0.209473,0.940186
0.487183,-0.305664,1.054810
-0.431030,-0.216064,0.737061
0.225952,0.003418,1.094727
0.076782,-0.365356,0.861694
-0.427490,0.184692,0.899170
0.499878,-0.256836,1.068359
-0.403442,-0.266235,0.739868
0.128174,0.048584,1.076050
0.141968,-0.385376,0.880127
-0.464600,0.157227,0.861206
0.507446,-0.242065,1.062622
-0.354980,-0.253662,0.773804
0.055298,0.074219,1.061157
0.186157,-0.386963,0.885864
-0.474121,0.108398,0.836670
0.481079,-0.226929,1.064087
-0.279785,-0.267700,0.790039
-0.003052,0.089966,1.038452
0.232910,-0.402832,0.893188
-0.502075,0.075684,0.807007
0.476440,-0.208862,1.066895
-0.238770,-0.285767,0.770752
-0.091553,0.122925,1.009766
0.285645,-0.414429,0.905518
-0.521851,0.042358,0.781494
0.446899,-0.169800,1.071289
-0.202881,-0.292725,0.762207
-0.175293,0.151123,1.000122
0.326538,-0.401978,0.928223
-0.529785,-0.000610,0.764160
0.404419,-0.121826,1.070801
-0.181030,-0.291382,0.770996
-0.246216,0.168335,0.989990
0.364136,-0.392822,0.952271
-0.542114,-0.047729,0.734497
0.360596,-0.090332,1.072998
-0.144531,-0.295654,0.770508
-0.311157,0.185425,0.940918
0.401733,-0.373901,0.972412
-0.536377,-0.097534,0.711792
0.302734,-0.055298,1.064941
-0.094360,-0.339478,0.770752
-0.384888,0.183472,0.912964
0.425903,-0.357666,0.982300
-0.518677,-0.114014,0.707031
0.229980,-0.003052,1.050415
-0.024414,-0.351196,0.798462
-0.451782,0.192993,0.887939
0.432861,-0.325195,0.994019
-0.506104,-0.162964,0.699463
0.151123,0.031494,1.033447
0.050903,-0.374512,0.823486
-0.505493,0.188354,0.867065
0.440552,-0.287476,1.001587
-0.442383,-0.229126,0.716553
0.061401,0.073853,1.026367
0.115234,-0.391479,0.840942
-0.537720,0.159302,0.827759
0.442871,-0.260742,1.011353
-0.360229,-0.231079,0.737061
-0.015869,0.091919,1.005859
0.185791,-0.402222,0.860962
-0.566895,0.123169,0.789917
0.428345,-0.202271,1.015381
-0.277100,-0.290649,0.729126
-0.104492,0.127930,0.981689
0.246094,-0.416260,0.873901
-0.578247,0.089966,0.777344
0.415405,-0.169678,1.029663
-0.233398,-0.294189,0.721436
-0.199707,0.155273,0.967041
0.311035,-0.416138,0.898560
-0.577515,0.037354,0.750000
0.373779,-0.118408,1.041260
-0.197754,-0.313721,0.719849
-0.282349,0.172974,0.928101
0.354492,-0.410645,0.907593
-0.571289,-0.005127,0.739136
0.320190,-0.077637,1.027954
-0.152466,-0.330688,0.728760
-0.354614,0.200684,0.910889
0.380615,-0.379761,0.931519
-0.560913,-0.067749,0.692139
0.255859,-0.027344,1.030029
-0.085449,-0.367676,0.745605
-0.446167,0.241211,0.895020
0.417236,-0.345825,0.955933
-0.534302,-0.127563,0.689087
0.162354,0.030151,1.027466
-0.006348,-0.383545,0.781128
-0.514893,0.242676,0.864624
0.429199,-0.301758,0.977417
-0.472778,-0.168335,0.712891
0.083008,0.072876,1.025513
0.072754,-0.398193,0.802856
-0.555908,0.234009,0.844849
0.437866,-0.255371,0.989868
-0.382812,-0.217285,0.721313
0.013794,0.100098,1.023193
0.144287,-0.410645,0.825928
-0.585938,0.191528,0.805664
0.433838,-0.226196,0.989868
-0.305786,-0.272583,0.715576
-0.065552,0.142944,0.994019
0.221313,-0.414917,0.853638
-0.604004,0.164307,0.789062
0.422852,-0.185181,1.001099
-0.239868,-0.286621,0.723633
-0.146973,0.171143,0.975220
0.287964,-0.404907,0.880127
-0.604980,0.111816,0.766235
0.391724,-0.152100,0.998535
-0.186890,-0.303345,0.725952
-0.236450,0.171875,0.918335
0.348999,-0.385986,0.901245
-0.585205,0.048340,0.736572
0.340698,-0.099365,1.012085
-0.134277,-0.350952,0.714600
-0.320801,0.191650,0.895020
0.376953,-0.363647,0.913208
-0.556152,-0.009155,0.720947
0.283813,-0.046509,1.009033
-0.088135,-0.380737,0.729004
-0.400269,0.219604,0.874268
0.406738,-0.323364,0.947510
-0.528320,-0.083252,0.709473
0.197632,0.012573,0.999756
-0.026123,-0.383301,0.753174
-0.463257,0.236694,0.859985
0.431030,-0.299316,0.961670
-0.485840,-0.139282,0.710938
0.123535,0.066040,1.016968
0.046875,-0.386719,0.789429
-0.516479,0.236572,0.835815
0.434692,-0.255127,0.977783
-0.414062,-0.164185,0.736328
0.056885,0.098389,1.010864
0.119263,-0.395874,0.817627
-0.559448,0.216919,0.809937
0.439941,-0.215332,0.981079
-0.328613,-0.210571,0.741577
-0.010864,0.130737,1.000610
0.197998,-0.396118,0.847046
-0.587280,0.208984,0.788940
0.428223,-0.173584,0.996338
-0.243896,-0.252930,0.744141
-0.089722,0.157837,0.979614
0.263794,-0.395752,0.871826
-0.594116,0.153809,0.772705
0.416260,-0.139771,1.007324
-0.174805,-0.299805,0.739136
-0.173340,0.181641,0.946533
0.328125,-0.405396,0.889404
-0.590210,0.085938,0.752563
0.383911,-0.102783,1.013184
-0.125610,-0.348633,0.730469
-0.257080,0.195679,0.911743
0.382446,-0.387817,0.913086
-0.563721,0.037842,0.747681
0.320435,-0.053711,1.006226
-0.065308,-0.380981,0.725586
-0.331421,0.195312,0.865723
0.412354,-0.349487,0.938354
-0.530273,-0.047485,0.730103
0.239990,0.000366,1.001831
-0.016357,-0.401245,0.737915
-0.408203,0.201172,0.842896
0.430786,-0.308960,0.950317
-0.485352,-0.103760,0.733154
0.164795,0.040039,1.006470
0.043579,-0.402954,0.770142
-0.475586,0.207764,0.822754
0.447266,-0.267822,0.971313
-0.420410,-0.161011,0.740723
0.087280,0.097290,1.021729
0.109741,-0.405151,0.804565
-0.538330,0.187988,0.795776
0.450684,-0.242676,0.980713
-0.337524,-0.196655,0.752808
0.004028,0.147095,1.010864
0.190186,-0.406738,0.841797
-0.564087,0.160156,0.771973
0.446899,-0.217041,0.992065
-0.256592,-0.224854,0.759766
-0.073486,0.173584,0.982422
0.278564,-0.407471,0.881958
-0.577759,0.117798,0.760010
0.423950,-0.172485,1.001343
-0.157593,-0.316284,0.755737
-0.143433,0.174072,0.952637
0.337769,-0.388916,0.904175
-0.568604,0.095703,0.765869
0.381348,-0.126709,0.998047
-0.085571,-0.364990,0.758179
-0.223389,0.151855,0.901611
0.382324,-0.365112,0.928589
-0.551880,0.016235,0.746948
0.326416,-0.080200,1.002441
-0.032471,-0.430054,0.736572
-0.306152,0.151489,0.865967
0.415405,-0.361450,0.931763
-0.516846,-0.050781,0.740845
0.251099,-0.030029,0.995117
0.026245,-0.441895,0.748291
-0.384521,0.141846,0.830078
0.446533,-0.337646,0.952026
-0.486450,-0.096924,0.736938
0.178101,0.026978,1.011719
0.070679,-0.455078,0.768555
-0.447632,0.151123,0.811401
0.463989,-0.312134,0.969971
-0.437012,-0.148438,0.738037
0.104614,0.071533,1.008911
0.126099,-0.441528,0.797607
-0.505493,0.122681,0.785522
0.462524,-0.286377,0.979004
-0.362671,-0.181396,0.752197
0.021729,0.127075,1.009155
0.207764,-0.451050,0.827637
-0.530273,0.085083,0.758545
0.457642,-0.258423,0.991211
-0.285278,-0.208618,0.771851
-0.056763,0.154663,0.992554
0.277222,-0.453125,0.873047
-0.554443,0.069702,0.750854
0.441772,-0.216919,1.009155
-0.185181,-0.264160,0.787109
-0.136108,0.173218,0.971558
0.330566,-0.439087,0.901611
-0.548462,0.048340,0.770386
0.411621,-0.164429,1.019897
-0.101685,-0.324951,0.789917
-0.200195,0.177856,0.947266
0.380371,-0.414917,0.926514
-0.533936,-0.012817,0.755737
0.362061,-0.116211,1.024048
-0.026489,-0.388184,0.795654
-0.272461,0.171509,0.904419
0.427368,-0.399048,0.941895
-0.507812,-0.072876,0.743042
0.300415,-0.081787,1.015015
0.039429,-0.444214,0.782227
-0.330688,0.154175,0.870483
0.448730,-0.365234,0.960815
-0.472656,-0.118164,0.744141
0.232788,-0.035767,1.020874
0.084595,-0.469116,0.782715
-0.389282,0.132080,0.831543
0.470459,-0.349854,0.977539
-0.443970,-0.146729,0.754517
0.170166,0.014648,1.025391
0.124390,-0.459473,0.797363
-0.436279,0.122192,0.817139
0.483154,-0.319092,0.990723
-0.397217,-0.187134,0.748291
0.104126,0.057495,1.028442
0.186890,-0.480591,0.829834
-0.467407,0.104980,0.795532
0.484375,-0.285278,1.007324
-0.341309,-0.204346,0.761719
0.033203,0.101440,1.023804
0.263794,-0.494019,0.860840
-0.494507,0.075439,0.773071
0.474487,-0.252319,1.011963
-0.280518,-0.210083,0.791992
-0.027344,0.117920,1.010254
0.317261,-0.474731,0.899292
-0.508789,0.062012,0.779297
0.455566,-0.212280,1.032104
-0.208374,-0.250977,0.798462
-0.088135,0.154297,1.005737
0.375000,-0.459717,0.935913
-0.509766,0.039429,0.780029
0.433716,-0.160400,1.050903
-0.133057,-0.264038,0.814819
-0.140625,0.165161,0.997192
0.421753,-0.442505,0.959106
-0.495972,-0.009766,0.785645
0.403198,-0.123413,1.056152
-0.043945,-0.329224,0.824219
-0.202515,0.161255,0.971069
0.459229,-0.417480,0.986816
-0.469849,-0.061035,0.780151
0.360474,-0.078003,1.064209
0.040527,-0.385132,0.835938
-0.258789,0.163208,0.948120
0.490601,-0.388916,1.012085
-0.447754,-0.113037,0.772827
0.314209,-0.041870,1.072021
0.086548,-0.406372,0.852661
-0.317017,0.165527,0.925781
0.510010,-0.357178,1.031982
-0.407104,-0.161011,0.773682
0.255981,-0.000488,1.071899
0.117554,-0.395752,0.856812
-0.357178,0.158813,0.911011
0.532837,-0.342285,1.048218
-0.372681,-0.194214,0.781250
0.196167,0.043579,1.070923
0.190552,-0.417358,0.873047
-0.500977,0.088013,0.765137
0.478394,-0.269775,1.011108
-0.276611,-0.222168,0.788940
-0.035034,0.128174,1.014404
0.302979,-0.478638,0.885620
-0.511108,0.071411,0.770874
0.452881,-0.228149,1.025269
-0.215088,-0.241821,0.801147
-0.081055,0.148804,1.004883
0.357666,-0.454346,0.930298
-0.518921,0.057617,0.777222
0.434082,-0.177979,1.041504
-0.133911,-0.283813,0.816162
-0.142456,0.167358,0.997559
0.393677,-0.434692,0.948242
-0.510620,0.016479,0.781250
0.410767,-0.137939,1.048462
-0.064209,-0.331055,0.824341
-0.188354,0.150146,0.973145
0.440186,-0.427979,0.970337
-0.488037,-0.039185,0.774902
0.367920,-0.095459,1.053345
0.020386,-0.389526,0.826294
-0.239502,0.157837,0.956909
0.469604,-0.397217,0.998901
-0.459839,-0.094482,0.773926
0.326660,-0.055664,1.063110
0.079590,-0.416626,0.836548
-0.286499,0.151245,0.934204
0.499146,-0.359619,1.027466
-0.435913,-0.135132,0.768311
0.269043,-0.017456,1.058472
0.104858,-0.413208,0.840332
-0.323608,0.140137,0.910645
0.517212,-0.335083,1.041870
-0.391968,-0.174438,0.784302
0.218750,0.024902,1.064575
0.156982,-0.410767,0.865601
-0.371338,0.140381,0.898193
0.529663,-0.312012,1.055054
-0.363281,-0.206299,0.776733
0.151733,0.063354,1.061401
0.224243,-0.438477,0.883789
-0.400635,0.087891,0.860718
0.537720,-0.292725,1.069702
-0.315186,-0.219971,0.793213
0.107544,0.097046,1.069580
0.280273,-0.443604,0.907593
-0.426270,0.081665,0.834351
0.529785,-0.252319,1.079224
-0.259888,-0.241211,0.814697
0.050781,0.129150,1.071899
0.330811,-0.442871,0.944824
-0.442261,0.064819,0.820068
0.515869,-0.222412,1.096680
-0.206665,-0.246826,0.838379
-0.003906,0.159546,1.073486
0.377075,-0.421875,0.974854
-0.449829,0.064697,0.830200
0.508545,-0.173218,1.110962
-0.149536,-0.262939,0.857300
-0.049561,0.188232,1.074585
0.413818,-0.416504,0.991699
-0.459106,0.047852,0.831787
0.495605,-0.137573,1.120728
-0.079834,-0.275146,0.876709
-0.088257,0.192261,1.069702
0.449829,-0.397339,1.027222
-0.452515,0.003784,0.821289
0.477905,-0.105957,1.136841
-0.004883,-0.322266,0.888062
-0.136597,0.198364,1.064697
0.478882,-0.386841,1.039673
-0.442505,-0.031128,0.824341
0.450562,-0.079102,1.147827
0.057861,-0.347412,0.898804
-0.178223,0.203125,1.048584
0.503418,-0.356934,1.063354
-0.416992,-0.064697,0.827393
0.414551,-0.040405,1.141602
0.071289,-0.350952,0.901123
-0.218994,0.210938,1.038818
0.530151,-0.326538,1.085449
-0.397217,-0.111328,0.813477
0.370605,-0.009155,1.143066
0.101440,-0.349609,0.925049
-0.264648,0.201782,1.021973
0.554932,-0.296753,1.113770
-0.372070,-0.147583,0.809692
0.322388,0.027832,1.144897
0.155640,-0.377808,0.922974
-0.297363,0.180298,0.987793
0.568848,-0.281128,1.128906
-0.341431,-0.180054,0.813843
0.272461,0.060303,1.131836
0.207520,-0.398438,0.933350
-0.319824,0.145874,0.951660
0.579712,-0.268799,1.124390
-0.305908,-0.211060,0.826538
0.217651,0.082275,1.131226
0.256836,-0.416504,0.950806
-0.353027,0.117432,0.914795
0.581787,-0.244507,1.135742
-0.281860,-0.223999,0.831787
0.176758,0.109863,1.127197
0.295410,-0.424072,0.971924
-0.388306,0.106323,0.899780
0.578003,-0.226929,1.141724
-0.242310,-0.243408,0.839355
0.118652,0.131592,1.121826
0.331665,-0.411255,0.987671
-0.406982,0.112427,0.891846
0.580688,-0.207275,1.148682
-0.215332,-0.242310,0.848999
0.078735,0.148193,1.116943
0.365479,-0.400513,1.002197
-0.416138,0.079102,0.878906
0.564819,-0.171875,1.158081
-0.180420,-0.256226,0.860229
0.032593,0.172852,1.121582
0.393311,-0.401001,1.007446
-0.424927,0.058960,0.864868
0.558838,-0.160278,1.161377
-0.138428,-0.268311,0.870605
0.001587,0.177368,1.108032
0.411743,-0.390503,1.013428
-0.430664,0.039429,0.866577
0.540405,-0.137817,1.168335
-0.089600,-0.299683,0.880249
-0.045898,0.176758,1.090088
0.423706,-0.371582,1.031738
-0.440796,0.010986,0.851440
0.526123,-0.126709,1.169922
-0.053101,-0.320068,0.863525
-0.080811,0.188477,1.075684
0.440308,-0.356079,1.034790
-0.451050,-0.008179,0.841309
0.504639,-0.109741,1.173340
-0.048462,-0.310181,0.863770
-0.123169,0.194946,1.071777
0.460938,-0.350098,1.041016
-0.456421,-0.025879,0.828491
0.479370,-0.101440,1.165283
-0.039429,-0.323242,0.864868
-0.173218,0.207520,1.046997
0.473633,-0.332397,1.061035
-0.450073,-0.052490,0.822754
0.453613,-0.076904,1.171387
-0.029175,-0.308960,0.862793
-0.209351,0.213867,1.032227
0.486450,-0.324585,1.061035
-0.442261,-0.082397,0.804565
0.418945,-0.052002,1.165283
-0.010376,-0.315674,0.863892
-0.248169,0.211548,1.017090
0.504150,-0.320557,1.064941
-0.437500,-0.118774,0.788086
0.380371,-0.036255,1.150513
0.008545,-0.329468,0.864868
-0.290649,0.191528,0.980591
0.511353,-0.313354,1.077881
-0.422974,-0.149536,0.792480
0.333008,-0.011841,1.148804
0.038940,-0.351929,0.861328
-0.318237,0.179443,0.958252
0.515869,-0.308472,1.075684
-0.408691,-0.183105,0.777100
0.289185,0.004150,1.130005
0.069702,-0.370361,0.864380
-0.361816,0.173706,0.929810
0.509766,-0.292358,1.074707
-0.387085,-0.220581,0.767700
0.246338,0.027100,1.122803
0.095093,-0.381348,0.871826
-0.399414,0.154663,0.906128
0.511841,-0.290039,1.075439
-0.380005,-0.226929,0.766113
0.203613,0.045776,1.114014
0.120605,-0.386108,0.880127
-0.429810,0.169678,0.898560
0.514893,-0.279297,1.075562
-0.379761,-0.239502,0.765991
0.152344,0.058228,1.099731
0.157837,-0.393677,0.882446
-0.462280,0.146484,0.867432
0.508423,-0.260498,1.073242
-0.374023,-0.236084,0.768433
0.106812,0.078125,1.082031
0.182129,-0.401367,0.890747
-0.476196,0.131226,0.852661
0.494995,-0.250732,1.064453
-0.358154,-0.238281,0.771118
0.064941,0.087524,1.069458
0.205078,-0.407715,0.890381
-0.492432,0.118896,0.836060
0.492310,-0.244019,1.058594
-0.314209,-0.241455,0.774414
0.021973,0.097656,1.063721
0.223877,-0.414673,0.877808
-0.512939,0.101074,0.813477
0.482056,-0.237793,1.057739
-0.278931,-0.264893,0.777710
-0.010986,0.108887,1.040283
0.259766,-0.425903,0.886597
-0.534302,0.092163,0.800537
0.472046,-0.225708,1.052124
-0.254883,-0.264404,0.771240
-0.051270,0.104858,1.020508
0.276367,-0.427368,0.885986
-0.550903,0.082520,0.788330
0.453613,-0.203247,1.045288
-0.240601,-0.272095,0.760742
-0.096802,0.125854,0.999268
0.299561,-0.412354,0.905640
-0.566284,0.057861,0.768799
0.437012,-0.202515,1.051636
-0.229004,-0.284302,0.750122
-0.150146,0.145508,0.993652
0.320190,-0.400146,0.915405
-0.568604,0.023193,0.756836
0.408447,-0.166992,1.047852
-0.219360,-0.297119,0.744751
-0.192749,0.151489,0.979248
0.340454,-0.398438,0.927734
-0.574463,0.019653,0.752808
0.388184,-0.151489,1.049316
-0.200684,-0.306274,0.741821
-0.238525,0.171875,0.968262
0.355591,-0.389526,0.934814
-0.572632,-0.001343,0.739990
0.358643,-0.124756,1.043579
-0.191406,-0.319946,0.736694
-0.271240,0.173828,0.950928
0.367432,-0.380859,0.945190
-0.573608,-0.026367,0.724609
0.328125,-0.104858,1.039429
-0.167480,-0.345703,0.733521
-0.307617,0.170410,0.917603
0.380859,-0.387329,0.938110
-0.569092,-0.018799,0.731201
0.307129,-0.075439,1.037231
-0.151611,-0.349609,0.730103
-0.345337,0.179688,0.908813
0.396606,-0.373291,0.943970
-0.562988,-0.043335,0.716797
0.271729,-0.056274,1.031860
-0.124146,-0.356445,0.742188
-0.386719,0.195312,0.895020
0.405151,-0.365234,0.952026
-0.557739,-0.054443,0.709961
0.245850,-0.022705,1.029785
-0.098145,-0.372559,0.742676
-0.426514,0.210938,0.888306
0.416504,-0.362793,0.958984
-0.542358,-0.069458,0.705444
0.211670,0.001587,1.025635
-0.070557,-0.377197,0.752930
-0.464722,0.230591,0.875977
0.427124,-0.342773,0.966187
-0.531250,-0.093018,0.707397
0.174561,0.026733,1.016724
-0.037964,-0.380493,0.766602
-0.485229,0.226685,0.869263
0.433960,-0.328979,0.966309
-0.520752,-0.113892,0.703613
0.143921,0.061768,1.027100
-0.002075,-0.384155,0.775391
-0.508423,0.238281,0.867432
0.435791,-0.319336,0.974121
-0.499390,-0.121826,0.714355
0.118896,0.074951,1.031860
0.024292,-0.399658,0.778931
-0.532593,0.236450,0.852417
0.442993,-0.305908,0.973877
-0.462524,-0.118652,0.737915
0.086914,0.097900,1.026733
0.063599,-0.394653,0.798462
-0.551514,0.225708,0.838501
0.437134,-0.287231,0.972900
-0.429688,-0.144409,0.736450
0.067383,0.098755,1.024902
0.092407,-0.385010,0.817139
-0.566284,0.237183,0.819702
0.436523,-0.278076,0.966064
-0.386230,-0.174927,0.744873
0.045044,0.103516,1.015259
0.118896,-0.392822,0.818481
-0.574219,0.236572,0.818481
0.443359,-0.254272,0.980835
-0.355103,-0.204712,0.741943
0.016235,0.125488,1.013184
0.154419,-0.401367,0.833740
-0.584595,0.223145,0.799072
0.437012,-0.233398,0.983765
-0.318237,-0.231201,0.733887
-0.014893,0.142334,1.001953
0.192383,-0.407837,0.843628
-0.594604,0.214111,0.789673
0.435913,-0.213013,0.983276
-0.284302,-0.230225,0.741211
-0.044067,0.157227,0.995239
0.223877,-0.409546,0.854492
-0.603516,0.199951,0.781128
0.436890,-0.199219,0.995728
-0.253906,-0.230713,0.748535
-0.073242,0.161133,0.980835
0.250610,-0.396484,0.869019
-0.606323,0.183472,0.777466
0.427124,-0.187866,0.994629
-0.228149,-0.261963,0.741089
-0.097900,0.177368,0.972534
0.279175,-0.395996,0.876953
-0.602173,0.160522,0.784180
0.419434,-0.165283,0.994385
-0.199463,-0.289307,0.741211
-0.130493,0.177368,0.965454
0.310913,-0.395020,0.890869
-0.600098,0.138794,0.766479
0.400757,-0.143433,1.004761
-0.168579,-0.300537,0.742676
-0.153687,0.163940,0.941650
0.335449,-0.380737,0.901001
-0.592773,0.118652,0.762085
0.390015,-0.113403,1.004517
-0.136230,-0.322021,0.745972
-0.190674,0.155396,0.912964
0.364868,-0.375854,0.915039
-0.580688,0.097900,0.761108
0.364258,-0.089966,1.008911
-0.108398,-0.346069,0.742798
-0.234497,0.157471,0.895142
0.382324,-0.361084,0.929932
-0.559814,0.058838,0.751465
0.334839,-0.057739,1.009033
-0.073120,-0.369019,0.736694
-0.287842,0.167969,0.877441
0.411987,-0.374023,0.936768
-0.545654,0.008789,0.746338
0.294678,-0.031860,0.998535
-0.041626,-0.384155,0.736816
-0.331909,0.167358,0.848389
0.422852,-0.371948,0.940308
-0.526978,-0.035400,0.739136
0.256104,-0.001953,1.002686
-0.008789,-0.402100,0.741089
-0.378784,0.165161,0.838501
0.443970,-0.356323,0.934326
-0.508789,-0.070190,0.735229
0.210205,0.016602,1.010864
0.025269,-0.415894,0.746216
-0.417847,0.180664,0.825073
0.445923,-0.326660,0.958862
-0.469238,-0.107300,0.747070
0.174805,0.032837,1.014160
0.067139,-0.417236,0.781128
-0.467896,0.185913,0.804688
0.449219,-0.307373,0.958252
-0.423218,-0.144287,0.755005
0.128418,0.054443,1.012573
0.099243,-0.426514,0.787476
-0.498657,0.170288,0.785767
0.451416,-0.280640,0.959351
-0.384277,-0.184692,0.747681
0.072266,0.086792,1.020142
0.153320,-0.441406,0.811646
-0.538940,0.154907,0.769165
0.456177,-0.274292,0.973389
-0.327393,-0.178711,0.771484
0.003906,0.107544,0.999756
0.213867,-0.447144,0.842651
-0.555298,0.131592,0.760376
0.455688,-0.243408,0.985840
-0.273071,-0.196045,0.780151
-0.054565,0.133667,0.994019
0.274170,-0.463257,0.867554
-0.566040,0.095581,0.748047
0.440674,-0.212646,1.003540
-0.205933,-0.250488,0.778809
-0.114014,0.143677,0.966797
0.328979,-0.457764,0.892334
-0.566406,0.090210,0.761841
0.415039,-0.168091,1.006470
-0.121338,-0.281982,0.796631
-0.177490,0.146484,0.941772
0.371216,-0.442017,0.910767
-0.552979,0.031982,0.756836
0.377808,-0.126343,1.016113
-0.062256,-0.332031,0.788086
-0.238159,0.141357,0.913452
0.411255,-0.423218,0.930420
-0.529297,-0.038818,0.751343
0.330200,-0.087769,1.014648
-0.003906,-0.373779,0.793213
-0.298706,0.142090,0.880493
0.442627,-0.396606,0.956543
-0.491089,-0.102051,0.753418
0.265747,-0.046509,1.012695
0.050171,-0.409424,0.789185
-0.349365,0.129028,0.854370
0.461060,-0.357910,0.977173
-0.461914,-0.151123,0.748169
0.204346,-0.003662,1.013184
0.109131,-0.449951,0.802979
-0.401978,0.128540,0.823608
0.476196,-0.328613,0.992065
-0.415161,-0.182129,0.752441
0.145996,0.019409,1.019287
0.137451,-0.443481,0.812988
-0.437500,0.117676,0.805054
0.487061,-0.304443,1.010742
-0.370850,-0.222656,0.756592
0.080566,0.068359,1.020508
0.203613,-0.474121,0.842407
-0.476685,0.090210,0.778564
0.493652,-0.279419,1.010376
-0.305786,-0.208374,0.775146
0.005005,0.109985,1.026367
0.280640,-0.491333,0.875610
-0.486816,0.051758,0.762695
0.470825,-0.230713,1.025635
-0.245850,-0.212524,0.802856
-0.054321,0.139648,1.019409
0.340698,-0.486450,0.905273
-0.507812,0.052124,0.779907
0.447388,-0.183350,1.050293
-0.169922,-0.252930,0.812378
-0.116211,0.177734,1.013916
0.395264,-0.462524,0.935547
-0.505737,0.017456,0.787231
0.421997,-0.137695,1.058960
-0.096191,-0.287842,0.824341
-0.171509,0.179688,0.994873
0.440430,-0.431885,0.964844
-0.484009,-0.039917,0.778931
0.380737,-0.104492,1.063232
0.005615,-0.353760,0.841919
-0.222900,0.162476,0.971069
0.473633,-0.398804,0.999512
-0.454224,-0.095215,0.776733
0.340332,-0.064209,1.066895
0.075562,-0.398926,0.849121
-0.273804,0.148804,0.939575
0.500366,-0.359009,1.024658
-0.412964,-0.134155,0.791016
0.285278,-0.028076,1.070923
0.104004,-0.394165,0.846191
-0.319702,0.149048,0.917847
0.520874,-0.318726,1.056763
-0.377075,-0.180298,0.777466
0.223999,0.022949,1.069824
0.156860,-0.402100,0.877563
-0.364746,0.123169,0.887085
0.535889,-0.294189,1.068115
-0.337891,-0.208496,0.791992
0.158569,0.066406,1.076904
0.241699,-0.444214,0.897705
-0.405640,0.095093,0.848511
0.540161,-0.268311,1.078735
-0.285278,-0.225586,0.806274
0.103516,0.106445,1.076538
0.308105,-0.458130,0.930054
-0.428955,0.081665,0.829834
0.526489,-0.240601,1.085449
-0.234009,-0.231689,0.823486
0.042969,0.141113,1.073853
0.372437,-0.449463,0.967163
-0.448364,0.075562,0.831787
0.518555,-0.184326,1.112549
-0.182739,-0.242554,0.843506
-0.012695,0.163452,1.079590
0.417725,-0.440918,1.000610
-0.454834,0.042969,0.835815
0.500122,-0.140869,1.122925
-0.112549,-0.245117,0.865356
-0.074219,0.199341,1.076050
0.459106,-0.424072,1.020508
-0.445068,-0.003906,0.831787
0.479614,-0.108765,1.137329
-0.035400,-0.278320,0.880737
-0.127563,0.217285,1.070679
0.494507,-0.389526,1.047974
-0.432617,-0.053711,0.828003
0.439209,-0.076050,1.142090
0.050171,-0.333008,0.896606
-0.178345,0.205444,1.049194
0.522949,-0.357178,1.074585
-0.409546,-0.096191,0.820068
0.401001,-0.035522,1.151489
0.069458,-0.342529,0.897339
-0.230225,0.210815,1.034668
0.552612,-0.328979,1.100586
-0.386230,-0.138306,0.811768
0.351929,0.002686,1.140137
0.112915,-0.347168,0.921875
-0.267578,0.187134,0.997437
0.579224,-0.291382,1.129395
-0.347900,-0.190918,0.815674
0.293457,0.037598,1.143921
0.184204,-0.384399,0.932495
-0.311157,0.149170,0.955200
0.581787,-0.261230,1.132935
-0.297363,-0.221558,0.833984
0.225830,0.064697,1.130127
0.242920,-0.392456,0.955322
-0.344849,0.107910,0.902100
0.586426,-0.232910,1.145508
-0.254395,-0.241333,0.849365
0.154297,0.111084,1.122803
0.307251,-0.411499,0.972778
-0.389893,0.107666,0.880493
0.574463,-0.197144,1.153320
-0.209351,-0.253662,0.847534
0.077759,0.144531,1.120728
0.364502,-0.411499,0.995605
-0.419678,0.077759,0.873413
0.556763,-0.156372,1.161133
-0.155029,-0.258423,0.867554
0.007080,0.171387,1.111328
0.411499,-0.401123,1.017822
-0.434448,0.056396,0.862793
0.541992,-0.125732,1.171143
-0.085327,-0.299316,0.869629
-0.054932,0.199463,1.103149
0.444580,-0.380249,1.036865
-0.432251,0.011597,0.860352
0.510498,-0.106812,1.164307
-0.022827,-0.318726,0.875854
-0.110352,0.208130,1.085938
0.479370,-0.351440,1.050781
-0.429688,-0.037476,0.845825
0.472778,-0.076538,1.170532
-0.023193,-0.315918,0.874512
-0.179565,0.209839,1.064087
0.514526,-0.313721,1.088013
-0.424438,-0.091553,0.818604
0.408203,-0.028442,1.168091
0.022827,-0.326904,0.887085
-0.241821,0.201172,1.025146
0.535645,-0.291138,1.107300
-0.397949,-0.143555,0.807739
0.344238,0.002563,1.159302
0.084839,-0.365601,0.901001
-0.296631,0.177490,0.973145
0.550293,-0.278198,1.109009
-0.367188,-0.190186,0.794922
0.276001,0.032104,1.151001
0.144409,-0.382690,0.909424
-0.347412,0.154663,0.929810
0.546265,-0.263672,1.104980
-0.330933,-0.227295,0.802124
0.209595,0.053345,1.132568
0.194702,-0.389282,0.923340
-0.406738,0.156616,0.912842
0.547241,-0.232178,1.110596
-0.304443,-0.235718,0.806152
0.134766,0.083984,1.115723
0.247192,-0.402100,0.931274
-0.430542,0.130615,0.885742
0.536499,-0.208374,1.116089
-0.283569,-0.250488,0.802002
0.072388,0.104492,1.095459
0.288452,-0.401001,0.947876
-0.455566,0.103394,0.866089
0.530518,-0.189575,1.120728
-0.234863,-0.261475,0.808105
0.004639,0.112915,1.072754
0.312744,-0.403564,0.952148
-0.473755,0.046753,0.826904
0.511230,-0.183350,1.110474
-0.177368,-0.286865,0.804443
-0.051270,0.128784,1.045532
0.351562,-0.396606,0.962769
-0.494019,0.018188,0.814575
0.484131,-0.150635,1.118774
-0.161133,-0.292480,0.793335
-0.127319,0.159790,1.038818
0.397583,-0.394165,0.969849
-0.503296,-0.010010,0.784302
0.442505,-0.123901,1.109009
-0.138794,-0.282227,0.799438
-0.203125,0.180054,1.013794
0.418945,-0.370361,0.992676
-0.498413,-0.060791,0.776611
0.390259,-0.080566,1.106812
-0.119873,-0.282715,0.801147
-0.271606,0.194702,0.984863
0.448608,-0.358765,1.010010
-0.500122,-0.093506,0.756348
0.342407,-0.064209,1.104370
-0.075928,-0.316528,0.802246
-0.321167,0.176025,0.943481
0.452881,-0.358154,1.008667
-0.479980,-0.148682,0.735229
0.287964,-0.023804,1.099609
-0.032715,-0.341919,0.810303
-0.388916,0.190796,0.916382
0.462158,-0.330444,1.021118
-0.464355,-0.184204,0.724243
0.212769,0.005249,1.076416
0.018066,-0.366211,0.824829
-0.444946,0.191284,0.895142
0.463745,-0.289673,1.032593
-0.447998,-0.215576,0.720703
0.145020,0.032959,1.060303
0.079468,-0.386353,0.840576
-0.491943,0.166138,0.864624
0.466797,-0.267578,1.034424
-0.423340,-0.213135,0.745972
0.075562,0.066895,1.039551
0.134033,-0.395630,0.854004
-0.517822,0.130371,0.830566
0.461548,-0.259766,1.034546
-0.362183,-0.231812,0.751587
0.021606,0.080566,1.028198
0.184814,-0.414673,0.854980
-0.543701,0.113281,0.806763
0.446777,-0.233765,1.024902
-0.305664,-0.282593,0.735474
-0.038086,0.098267,1.009888
0.227173,-0.408936,0.865601
-0.567627,0.106201,0.792480
0.433105,-0.210571,1.030273
-0.258667,-0.293945,0.731934
-0.121460,0.126587,0.980835
0.275269,-0.414429,0.885742
-0.572144,0.073364,0.766235
0.410767,-0.177490,1.040161
-0.232666,-0.313110,0.710938
-0.186646,0.151733,0.973511
0.319824,-0.406250,0.907715
-0.583252,0.042480,0.747803
0.375977,-0.143188,1.039673
-0.202393,-0.327881,0.714478
-0.244995,0.164185,0.946533
0.355469,-0.407349,0.915283
-0.587891,0.018555,0.744507
0.344116,-0.111938,1.033081
-0.178833,-0.344727,0.718994
-0.314941,0.179932,0.918579
0.381470,-0.384399,0.929443
-0.571167,-0.020020,0.727417
0.295776,-0.070557,1.032471
-0.136841,-0.360107,0.723755
-0.374756,0.197510,0.893188
0.402710,-0.364136,0.933228
-0.545654,-0.053833,0.709961
0.229614,-0.016968,1.029053
-0.086914,-0.371094,0.752930
-0.439087,0.203491,0.878662
0.410156,-0.331787,0.958374
-0.534912,-0.098511,0.690674
0.166748,0.033569,1.022461
-0.026489,-0.383789,0.769897
-0.494873,0.221680,0.873535
0.433472,-0.320557,0.971313
-0.507568,-0.114868,0.714966
0.118896,0.073730,1.024048
0.032227,-0.390625,0.798828
-0.543823,0.219604,0.856689
0.439697,-0.296631,0.973022
-0.448486,-0.163940,0.719482
0.067261,0.102539,1.026489
0.091187,-0.392456,0.812256
-0.566040,0.220093,0.832275
0.444702,-0.273560,0.985107
-0.277100,-0.298096,0.727173
-0.092651,0.119385,0.984131
0.258057,-0.390625,0.884277
-0.583862,0.087524,0.767700
0.411499,-0.191406,1.029175
-0.242798,-0.324219,0.721069
-0.166260,0.133789,0.964233
0.300659,-0.399902,0.904663
-0.591919,0.066650,0.752075
0.385498,-0.164551,1.026733
-0.215088,-0.333618,0.713867
-0.228760,0.156250,0.947266
0.334351,-0.383911,0.916870
-0.585571,0.043457,0.753662
0.353638,-0.123657,1.031982
-0.185669,-0.347290,0.712158
-0.290771,0.167236,0.920166
0.362671,-0.390869,0.914795
-0.586548,0.016113,0.731445
0.319458,-0.090942,1.033203
-0.147339,-0.362915,0.718262
-0.345459,0.179810,0.893799
0.388306,-0.373901,0.927246
-0.570068,-0.005981,0.709229
0.278198,-0.038086,1.032104
-0.119263,-0.372925,0.735107
-0.397705,0.203247,0.883911
0.405029,-0.356567,0.938110
-0.550415,-0.043579,0.700806
0.228394,0.007690,1.024536
-0.067749,-0.396973,0.749756
-0.445923,0.212036,0.874146
0.417114,-0.341919,0.952393
-0.537720,-0.080811,0.692871
0.175415,0.048828,1.026367
-0.015625,-0.395630,0.763672
-0.494629,0.223145,0.866089
0.432861,-0.327026,0.963379
-0.524780,-0.092773,0.694946
0.140869,0.074097,1.024048
0.026123,-0.398315,0.779541
-0.528320,0.231079,0.849121
0.437256,-0.317139,0.968384
-0.491821,-0.113159,0.715088
0.104492,0.089233,1.029175
0.065796,-0.390503,0.802979
-0.555298,0.236572,0.847534
0.441284,-0.293213,0.966431
-0.438721,-0.143799,0.732910
0.071167,0.107910,1.029785
0.109619,-0.386475,0.815674
-0.571289,0.224365,0.831299
0.444946,-0.274536,0.972412
-0.394775,-0.170898,0.738892
0.032959,0.120728,1.012573
0.151855,-0.383545,0.828979
-0.583740,0.211792,0.820435
0.442139,-0.248657,0.978882
-0.346313,-0.201904,0.736816
-0.008423,0.141357,0.999756
0.192627,-0.388794,0.848877
-0.589355,0.198730,0.803711
0.434326,-0.216064,0.992554
-0.300049,-0.207397,0.744507
-0.044922,0.155884,0.986084
0.227417,-0.384277,0.864502
-0.599854,0.180420,0.789673
0.426025,-0.199951,0.987671
-0.252808,-0.245728,0.739258
-0.091431,0.166870,0.968262
0.264648,-0.378296,0.883179
-0.601685,0.164185,0.782959
0.423584,-0.185791,1.001099
-0.219604,-0.271362,0.744629
-0.122559,0.180664,0.959717
0.295898,-0.374390,0.887329
-0.592285,0.143433,0.782349
0.410889,-0.157715,1.008179
-0.179932,-0.289551,0.751099
-0.156982,0.173218,0.933594
0.321655,-0.377197,0.892822
-0.591431,0.117676,0.768311
0.402954,-0.134766,1.012451
-0.141479,-0.321167,0.751953
-0.199585,0.184448,0.916138
0.347412,-0.368042,0.902466
-0.576294,0.087402,0.762207
0.383667,-0.114258,1.012695
-0.107422,-0.343994,0.751709
-0.239502,0.179810,0.899048
0.370239,-0.355591,0.919556
-0.560791,0.045166,0.749390
0.348022,-0.078125,1.016357
-0.080444,-0.368408,0.742676
-0.274658,0.180176,0.879517
0.386108,-0.340698,0.929077
-0.546997,0.010742,0.739502
0.318604,-0.059082,1.006592
-0.047241,-0.394653,0.737793
-0.323608,0.182129,0.863403
0.409058,-0.339478,0.939697
-0.534546,-0.046631,0.724365
0.272949,-0.032104,0.998657
-0.015259,-0.416992,0.739990
-0.361938,0.183350,0.852661
0.427612,-0.337646,0.939575
-0.518433,-0.063965,0.725830
0.230347,-0.009766,1.001709
0.014893,-0.426270,0.747925
-0.390869,0.174561,0.830200
0.442017,-0.321899,0.951782
-0.502808,-0.086060,0.732788
0.201904,0.006714,1.009644
0.046265,-0.423706,0.754150
-0.434204,0.183838,0.820435
0.451538,-0.309082,0.957642
-0.463989,-0.109009,0.747681
0.150513,0.035400,1.011597
0.074463,-0.424438,0.775024
-0.468384,0.161255,0.799194
0.455322,-0.291504,0.968140
-0.427124,-0.161255,0.745117
0.105957,0.071655,1.006592
0.103394,-0.423462,0.796387
-0.501831,0.145508,0.786865
0.464844,-0.277344,0.975586
-0.389526,-0.181885,0.745239
0.048706,0.104004,1.008667
0.162476,-0.437012,0.818604
-0.530640,0.121826,0.761841
0.458618,-0.258911,0.981689
-0.332886,-0.206787,0.759033
-0.006348,0.129639,1.009277
0.222900,-0.456055,0.850098
-0.552368,0.098389,0.746582
0.460571,-0.243530,0.995850
-0.264893,-0.216431,0.778564
-0.067749,0.159912,0.998291
0.284668,-0.467529,0.870117
-0.550903,0.087280,0.756348
0.441040,-0.209961,1.004272
-0.199585,-0.242188,0.796021
-0.119263,0.157959,0.977661
0.338013,-0.454590,0.895264
-0.553711,0.074951,0.765991
0.413208,-0.159424,1.020996
-0.121826,-0.309692,0.789795
-0.185791,0.162109,0.952393
0.382690,-0.428833,0.919922
-0.536743,0.015015,0.764648
0.366089,-0.120483,1.009277
-0.047363,-0.358276,0.787354
-0.246582,0.153931,0.910889
0.420044,-0.417236,0.940552
-0.510010,-0.050049,0.750610
0.311157,-0.080811,1.009888
0.017578,-0.417725,0.786987
-0.317993,0.149780,0.879639
0.454590,-0.388184,0.968140
-0.480591,-0.114014,0.749390
0.243530,-0.034302,1.016724
0.068237,-0.451172,0.781616
-0.374756,0.133789,0.851074
0.483521,-0.361450,0.982178
-0.439087,-0.164429,0.750732
0.171631,0.013062,1.020630
0.113037,-0.437866,0.802002
-0.425171,0.121948,0.819336
0.486084,-0.322144,1.000122
-0.383545,-0.203247,0.759644
0.102417,0.064575,1.032227
0.183960,-0.457397,0.832153
-0.461426,0.100708,0.797363
0.494507,-0.292358,1.022095
-0.332275,-0.220825,0.768066
0.030029,0.099976,1.026367
0.270874,-0.486206,0.869263
-0.497192,0.068237,0.765869
0.474487,-0.254028,1.029907
-0.252686,-0.228149,0.803101
-0.038574,0.137695,1.026978
0.326294,-0.469604,0.907959
-0.509644,0.058716,0.783691
0.460327,-0.208130,1.046875
-0.180908,-0.247314,0.819458
-0.105835,0.154541,1.013794
0.391357,-0.448975,0.952148
-0.502197,0.023071,0.777344
0.421021,-0.150879,1.044312
-0.082642,-0.301636,0.833862
-0.166138,0.157837,0.995361
0.437134,-0.418701,0.981201
-0.484497,-0.036743,0.779419
0.380249,-0.097168,1.061646
0.010864,-0.368042,0.842407
-0.231689,0.159424,0.960205
0.485352,-0.382080,1.016602
-0.449219,-0.102661,0.775146
0.324463,-0.046875,1.074829
0.083740,-0.398560,0.847046
-0.288574,0.157593,0.939575
0.517212,-0.345703,1.038086
-0.411621,-0.140625,0.788696
0.261597,-0.002686,1.070190
0.116821,-0.390747,0.862427
-0.345947,0.148560,0.916748
0.542358,-0.318604,1.062500
-0.368408,-0.189697,0.778320
0.192505,0.045532,1.069336
0.200928,-0.422363,0.890747
-0.381592,0.104004,0.872925
0.546509,-0.300781,1.073608
-0.316162,-0.219116,0.792114
0.120483,0.091553,1.059937
0.281250,-0.439819,0.921387
-0.415649,0.077637,0.837646
0.529663,-0.270264,1.077637
-0.256958,-0.250732,0.809814
0.062500,0.115356,1.072632
0.345459,-0.443115,0.957031
-0.443115,0.071289,0.826782
0.519043,-0.212646,1.098877
-0.188843,-0.252686,0.844727
-0.008789,0.161255,1.070801
0.396973,-0.426025,0.988647
-0.447632,0.045532,0.832031
0.504150,-0.149292,1.117676
-0.114136,-0.261597,0.869507
-0.062378,0.177979,1.070679
0.450317,-0.402954,1.018921
-0.442627,0.000610,0.822510
0.477783,-0.109253,1.132080
-0.029175,-0.303955,0.887573
-0.123413,0.190674,1.069946
0.488159,-0.383545,1.050049
-0.435791,-0.036743,0.822144
0.440430,-0.067383,1.138428
0.065186,-0.356201,0.906250
-0.184326,0.207031,1.047607
0.519043,-0.341431,1.077515
-0.411255,-0.072754,0.820312
0.385742,-0.013306,1.145020
0.083740,-0.351807,0.903687
-0.247314,0.203491,1.021851
0.548706,-0.309814,1.107910
-0.386475,-0.132324,0.811646
0.327759,0.030151,1.138062
0.154907,-0.384888,0.920288
-0.304810,0.181519,0.981934
0.582275,-0.283203,1.129883
-0.342041,-0.194214,0.820801
0.243896,0.084106,1.137573
0.231812,-0.420410,0.935059
-0.341675,0.137207,0.924316
0.587646,-0.260254,1.134399
-0.282471,-0.218506,0.831299
0.170776,0.121582,1.125977
0.303955,-0.427368,0.963379
-0.384155,0.110840,0.900146
0.583740,-0.224854,1.136963
-0.229858,-0.234131,0.842651
0.097656,0.134399,1.111206
0.360474,-0.407104,0.994995
-0.416626,0.084839,0.871948
0.564331,-0.178223,1.157227
-0.168823,-0.256592,0.867676
0.018066,0.166870,1.105469
0.411377,-0.392334,1.027710
-0.417847,0.038696,0.866821
0.541016,-0.129395,1.172241
-0.082886,-0.276367,0.890015
-0.057251,0.180420,1.088257
0.443970,-0.362549,1.040283
-0.423584,-0.012695,0.851196
0.505737,-0.080200,1.186768
-0.007202,-0.321411,0.889404
-0.120483,0.179565,1.072388
0.475830,-0.335327,1.066650
-0.421997,-0.055542,0.835815
0.455566,-0.043945,1.187988
0.015747,-0.332153,0.894287
-0.204834,0.209595,1.050171
0.520630,-0.298828,1.102661
-0.405518,-0.105469,0.818848
0.391846,-0.007935,1.175415
0.071777,-0.336304,0.909668
-0.270020,0.217163,1.015747
0.550293,-0.282349,1.115601
-0.359619,-0.167969,0.815674
0.307129,0.040527,1.165283
0.149292,-0.367798,0.919434
-0.323486,0.166870,0.949097
0.550781,-0.256104,1.124023
-0.318848,-0.234497,0.807983
0.224243,0.083008,1.150391
0.217651,-0.400146,0.933594
-0.384033,0.153809,0.921875
0.555176,-0.225830,1.125122
-0.275024,-0.258545,0.813477
0.136353,0.107666,1.132202
0.287598,-0.413452,0.958374
-0.426636,0.111816,0.885010
0.546265,-0.199219,1.135498
-0.244263,-0.270630,0.815796
0.054932,0.137207,1.110107
0.334351,-0.404663,0.973877
-0.448608,0.077515,0.857300
0.531982,-0.170044,1.132080
-0.201294,-0.261963,0.828979
-0.008667,0.127441,1.073486
0.365845,-0.382812,0.989014
-0.450928,0.013184,0.831787
0.503418,-0.146851,1.130493
-0.126831,-0.294678,0.820312
-0.080322,0.142578,1.058838
0.403687,-0.367432,1.003174
-0.460449,-0.025513,0.817505
0.470337,-0.115234,1.146729
-0.114258,-0.300903,0.806519
-0.172729,0.175659,1.027222
0.447144,-0.354126,1.031860
-0.466309,-0.078857,0.787598
0.412964,-0.075562,1.138428
-0.081421,-0.289185,0.827759
-0.254883,0.201416,0.999023
0.471802,-0.321289,1.053589
-0.448975,-0.154297,0.763794
0.332886,-0.036255,1.132568
-0.029419,-0.325073,0.830933
-0.326782,0.177124,0.940674
0.501465,-0.312012,1.056030
-0.422485,-0.183105,0.757568
0.251831,0.010742,1.112793
0.038574,-0.373169,0.836304
-0.388794,0.168701,0.899902
0.491089,-0.292480,1.055176
0.109863,-0.385010,0.868408
-0.356445,-0.245117,0.759277
0.087891,0.067139,1.072754
0.186401,-0.413086,0.880127
-0.492554,0.104736,0.819946
0.482422,-0.237427,1.053101
-0.283936,-0.247681,0.783081
0.001709,0.109375,1.049927
0.239258,-0.409668,0.898804
-0.516602,0.075317,0.801758
0.460815,-0.203491,1.055908
-0.226196,-0.282471,0.764160
-0.086792,0.138062,1.022217
0.306641,-0.418579,0.916382
-0.543945,0.033203,0.770264
0.427856,-0.157471,1.068237
-0.199707,-0.294800,0.754883
-0.196899,0.158936,1.001343
0.359863,-0.395142,0.946167
-0.551270,-0.026855,0.743774
0.370972,-0.113281,1.068481
-0.157104,-0.313843,0.759155
-0.287720,0.160767,0.943115
0.397095,-0.371216,0.960815
-0.527222,-0.087524,0.732056
0.296997,-0.051636,1.064331
-0.104858,-0.329590,0.768555
-0.373169,0.174316,0.899658
0.429932,-0.342163,0.987305
-0.510620,-0.138550,0.707520
0.208496,-0.003540,1.054077
-0.021118,-0.358032,0.795410
-0.469604,0.191040,0.876953
0.443237,-0.302856,1.010498
-0.473022,-0.201172,0.707153
0.111084,0.058594,1.043335
0.084106,-0.386597,0.824097
-0.534302,0.170654,0.831787
0.457397,-0.286743,1.006226
-0.368530,-0.229980,0.743530
0.005981,0.101807,1.024780
0.165771,-0.398682,0.844727
-0.569336,0.126587,0.787964
0.440063,-0.242798,1.010498
-0.274780,-0.287109,0.731567
-0.093628,0.133423,0.991089
0.243042,-0.409180,0.867798
-0.593994,0.067749,0.756348
0.410522,-0.192505,1.026855
-0.217529,-0.320557,0.725830
-0.204346,0.168945,0.971802
0.320679,-0.395752,0.908325
-0.591431,0.042114,0.745605
0.348877,-0.130859,1.026978
-0.171387,-0.335571,0.716309
-0.304443,0.167847,0.911377
0.371948,-0.373535,0.929199
-0.572876,-0.011475,0.724609
0.283447,-0.058594,1.030396
-0.114990,-0.348389,0.741089
-0.404907,0.195435,0.885376
0.401978,-0.335938,0.951050
-0.538208,-0.082886,0.690308
0.192993,0.008057,1.016724
-0.025391,-0.370361,0.786865
-0.492920,0.208984,0.867554
0.417725,-0.290771,0.977905
-0.484009,-0.154175,0.703613
0.091064,0.080811,1.024292
0.069580,-0.383667,0.814087
-0.558594,0.206055,0.843384
0.431763,-0.266235,0.994995
-0.392212,-0.197876,0.723633
0.010864,0.120850,1.016357
0.163818,-0.392578,0.842896
-0.604370,0.188965,0.809692
0.426392,-0.235352,0.989990
-0.286377,-0.258789,0.725342
-0.081665,0.155518,0.986206
0.242188,-0.382935,0.877441
-0.612671,0.136719,0.785889
0.406494,-0.187378,1.000977
-0.219971,-0.330933,0.714233
-0.180786,0.179932,0.960449
0.316895,-0.386230,0.896851
-0.595459,0.088013,0.759399
0.363159,-0.124634,1.007812
-0.158936,-0.355347,0.708130
-0.275635,0.181641,0.902588
0.372314,-0.367798,0.913208
-0.573853,0.016968,0.728882
0.299438,-0.060425,1.011841
-0.110107,-0.392822,0.711304
-0.373169,0.205566,0.873657
0.397217,-0.330200,0.934692
-0.541138,-0.052490,0.702148
0.219116,0.000732,1.007935
-0.029419,-0.400757,0.750122
-0.461182,0.230225,0.855103
0.417725,-0.287109,0.956421
-0.490234,-0.111816,0.718994
0.133667,0.058594,1.012817
0.038818,-0.385376,0.786743
-0.528320,0.228882,0.836060
0.436523,-0.243774,0.983765
-0.404785,-0.168457,0.733887
0.042847,0.118164,1.017700
0.133179,-0.390991,0.829590
-0.572388,0.210327,0.807617
0.434692,-0.214722,0.985962
-0.300659,-0.231934,0.738403
-0.042480,0.157837,0.994385
0.228027,-0.380005,0.868286
-0.593384,0.166138,0.786377
0.424683,-0.177612,1.002319
-0.200806,-0.295410,0.741211
-0.138062,0.172852,0.954102
0.313232,-0.382690,0.893799
-0.577759,0.104248,0.766968
0.387451,-0.111694,1.014771
-0.121826,-0.347168,0.737061
-0.243652,0.181030,0.904053
0.375000,-0.372437,0.912231
-0.556641,0.037964,0.746948
0.314941,-0.047607,1.005371
-0.066772,-0.388672,0.721069
-0.348267,0.183472,0.857300
0.418579,-0.329102,0.939087
-0.522827,-0.063599,0.721313
0.215454,0.011841,1.010864
0.003540,-0.404175,0.754395
-0.439453,0.191406,0.831421
0.434937,-0.285278,0.955322
-0.461792,-0.104980,0.739380
0.120483,0.078003,1.013794
0.082397,-0.407593,0.793213
-0.517456,0.189819,0.805908
0.442383,-0.256836,0.973022
-0.374023,-0.182983,0.741089
0.029419,0.129150,1.013916
0.173218,-0.392822,0.839844
-0.561279,0.151855,0.780518
0.448120,-0.217529,0.991455
-0.255249,-0.228882,0.762817
-0.069702,0.169067,0.978760
0.266113,-0.402344,0.875610
-0.567383,0.115845,0.760986
0.422485,-0.156616,1.013306
-0.132202,-0.334595,0.760376
-0.164917,0.168457,0.938965
0.337036,-0.390869,0.895752
-0.561890,0.078735,0.756836
0.378296,-0.109131,1.018921
-0.056885,-0.371582,0.767456
-0.255249,0.171143,0.884888
0.390991,-0.387817,0.908325
-0.541748,0.000488,0.741333
0.304810,-0.053467,1.006470
-0.011719,-0.420166,0.734497
-0.337158,0.147949,0.851196
0.436646,-0.369873,0.935181
-0.521362,-0.052246,0.738770
0.222168,0.006714,1.009155
0.043579,-0.444824,0.756226
-0.420166,0.166870,0.827759
0.456787,-0.332520,0.958862
-0.467896,-0.103149,0.746704
0.136353,0.060913,1.008911
0.106567,-0.432617,0.787598
-0.485596,0.157104,0.794678
0.467896,-0.298706,0.973755
-0.404419,-0.192871,0.736206
0.048584,0.108765,1.015503
0.172852,-0.443237,0.824097
-0.518066,0.105713,0.771240
0.470581,-0.278931,0.985596
-0.327637,-0.190674,0.766357
-0.029419,0.159058,1.007812
0.249878,-0.462036,0.851929
-0.538452,0.070312,0.758911
0.456787,-0.255981,1.001831
-0.236206,-0.226562,0.783081
-0.095215,0.170776,0.984619
0.307495,-0.439331,0.883179
-0.554321,0.056274,0.765137
0.432617,-0.208374,1.018555
-0.140625,-0.285889,0.800049
-0.155884,0.176147,0.960327
0.349609,-0.411255,0.905762
-0.538086,0.020752,0.771240
0.401733,-0.170532,1.023315
-0.071533,-0.349609,0.802979
-0.225464,0.168091,0.928223
0.394653,-0.417358,0.925781
-0.522705,-0.029175,0.759155
0.352905,-0.130371,1.009644
-0.004517,-0.400757,0.790283
-0.281860,0.166992,0.904785
0.432251,-0.397217,0.948364
-0.496460,-0.080444,0.749512
0.298706,-0.098877,1.008789
0.051514,-0.439209,0.792236
-0.319336,0.146606,0.882324
0.458008,-0.351074,0.967163
-0.463501,-0.122437,0.756470
0.238647,-0.043945,1.012817
0.098511,-0.466431,0.795532
-0.357788,0.111572,0.850708
0.476318,-0.326538,0.982422
-0.433105,-0.129883,0.766968
0.178833,0.002563,1.024902
0.132568,-0.483276,0.811279
-0.392822,0.110718,0.831421
0.481812,-0.300415,1.003418
-0.407837,-0.174438,0.738770
0.130981,0.037964,1.026733
0.183228,-0.494507,0.825928
-0.437134,0.118164,0.831909
0.496460,-0.304077,1.013428
-0.369751,-0.191040,0.752075
0.086060,0.083618,1.043823
0.242676,-0.504395,0.853516
-0.453369,0.075684,0.811157
0.505493,-0.292114,1.029053
-0.329102,-0.205566,0.772095
0.044800,0.096802,1.031494
0.279175,-0.496704,0.876099
-0.466919,0.067627,0.796143
0.504517,-0.270142,1.037842
-0.277832,-0.202759,0.805420
0.005859,0.121460,1.037476
0.323486,-0.475342,0.905151
-0.467041,0.060059,0.795898
0.486816,-0.235840,1.049805
-0.231445,-0.203613,0.826660
-0.024780,0.145264,1.048096
0.356689,-0.454956,0.933350
-0.488403,0.038574,0.795654
0.493286,-0.213501,1.074219
-0.174805,-0.241821,0.838257
-0.065918,0.160767,1.043701
0.388672,-0.443604,0.961182
-0.481323,0.034424,0.808838
0.475708,-0.165161,1.086182
-0.135986,-0.251831,0.851196
-0.095093,0.173218,1.049561
0.424438,-0.433472,0.982422
-0.472656,0.011475,0.809326
0.457275,-0.128784,1.094116
-0.079834,-0.265747,0.857300
-0.127075,0.191406,1.041504
0.460449,-0.412598,1.006226
-0.464600,-0.041382,0.797241
0.428223,-0.100464,1.103516
-0.003540,-0.317749,0.879883
-0.170532,0.195557,1.025146
0.485596,-0.395630,1.037231
-0.447876,-0.064575,0.792725
0.409912,-0.064087,1.119751
0.063721,-0.346191,0.902100
-0.208740,0.193970,1.019531
0.513428,-0.368164,1.058960
-0.423462,-0.090820,0.800049
0.371826,-0.034668,1.129761
0.093872,-0.362305,0.893677
-0.244141,0.198853,1.014771
0.537354,-0.335938,1.072754
-0.398193,-0.120605,0.808960
0.329834,-0.000244,1.124634
0.113159,-0.364502,0.906860
-0.281494,0.197021,0.995972
0.556030,-0.314819,1.093384
-0.367310,-0.166748,0.803467
0.277832,0.030884,1.121338
0.171753,-0.387939,0.926636
-0.324341,0.172363,0.962402
0.575439,-0.290039,1.119507
-0.334229,-0.193481,0.812622
0.227295,0.059937,1.118286
0.230835,-0.407837,0.938354
-0.345215,0.146240,0.927734
0.578613,-0.251221,1.121216
-0.288330,-0.211426,0.828613
0.171387,0.095459,1.115967
0.290771,-0.426270,0.951050
-0.378052,0.118408,0.895508
0.574097,-0.217773,1.136108
-0.235962,-0.234009,0.833374
0.110107,0.129761,1.118774
0.342407,-0.440918,0.982910
-0.409668,0.100464,0.878174
0.562622,-0.194946,1.140747
-0.196899,-0.224609,0.861450
0.050049,0.161499,1.117432
0.391113,-0.427246,1.013062
-0.426025,0.072266,0.864136
0.550293,-0.141968,1.157227
-0.144897,-0.230713,0.876343
-0.003174,0.186523,1.112793
0.431152,-0.409058,1.023315
-0.434204,0.029663,0.856323
0.526123,-0.114014,1.162598
-0.074097,-0.268188,0.893066
-0.062378,0.206055,1.105591
0.463135,-0.379150,1.048584
-0.430664,-0.006836,0.852783
0.493164,-0.081177,1.169312
0.004395,-0.325195,0.892456
-0.121948,0.204834,1.086548
0.493286,-0.354492,1.066772
-0.424438,-0.046631,0.846191
0.464966,-0.057617,1.176758
0.004883,-0.305542,0.892578
-0.183350,0.211304,1.060425
0.534302,-0.326538,1.105225
-0.416260,-0.090332,0.828979
0.409790,-0.011108,1.178223
0.054810,-0.321167,0.906250
-0.242310,0.215210,1.028809
0.561401,-0.306763,1.119385
-0.372681,-0.152832,0.822632
0.346069,0.014282,1.171631
0.107788,-0.338379,0.898926
-0.293091,0.172974,0.979370
0.581787,-0.289062,1.133911
-0.346802,-0.206909,0.814453
0.271362,0.038574,1.153198
0.166260,-0.391113,0.907104
-0.408813,0.098267,0.865601
0.563965,-0.206421,1.135864
-0.305420,-0.232422,0.822388
0.069336,0.155029,1.118530
0.225708,-0.392334,0.933594
-0.433838,0.092529,0.863281
0.555542,-0.174927,1.148804
-0.152832,-0.252197,0.874268
0.012329,0.173828,1.112915
0.418091,-0.397095,1.026611
-0.436035,0.048584,0.865112
0.534912,-0.133301,1.159302
-0.078003,-0.281006,0.888794
-0.049805,0.183472,1.104248
0.453979,-0.374023,1.052612
-0.435059,0.010498,0.848389
0.509033,-0.095093,1.170654
0.004272,-0.325439,0.900146
-0.099487,0.187744,1.083740
0.484253,-0.343506,1.064697
-0.433105,-0.020630,0.847900
0.470093,-0.060547,1.174316
0.012817,-0.325439,0.888794
-0.177979,0.219116,1.071899
0.516113,-0.324463,1.088135
-0.423462,-0.068481,0.833130
0.420288,-0.016724,1.176270
0.047485,-0.340088,0.900024
-0.235596,0.208862,1.044434
0.552856,-0.303223,1.120361
-0.396973,-0.126221,0.814575
0.348633,0.030151,1.167969
0.109375,-0.362793,0.909302
-0.281494,0.178955,0.994995
0.570435,-0.286743,1.132935
-0.355835,-0.183838,0.824341
0.283203,0.054688,1.151245
0.168823,-0.383545,0.912842
-0.329590,0.142090,0.939697
0.568359,-0.261963,1.130615
-0.317749,-0.218994,0.819336
0.215942,0.085938,1.137939
0.223145,-0.398560,0.928345
-0.379883,0.129639,0.910400
0.561035,-0.250000,1.127075
-0.271484,-0.254517,0.833008
0.153687,0.105835,1.122681
0.265503,-0.390137,0.948975
-0.418701,0.113770,0.883179
0.557007,-0.219116,1.134033
-0.247437,-0.279907,0.827515
0.083862,0.115845,1.109863
0.301147,-0.381226,0.966553
-0.437378,0.088013,0.860352
0.547852,-0.188843,1.140869
-0.209839,-0.298950,0.822754
0.013306,0.126465,1.087158
0.326782,-0.379517,0.966309
-0.451538,0.049561,0.848999
0.526367,-0.164795,1.139160
-0.129883,-0.339600,0.832520
-0.030029,0.130981,1.074829
0.358765,-0.376709,0.974976
-0.471802,0.034668,0.820679
0.508423,-0.139160,1.148438
-0.112915,-0.342163,0.812866
-0.092163,0.156616,1.052368
0.388794,-0.371216,0.993530
-0.487671,0.008789,0.807129
0.468750,-0.105225,1.142578
-0.096436,-0.333008,0.816162
-0.159546,0.187012,1.049316
0.419067,-0.370728,1.007935
-0.486694,-0.027954,0.791382
0.432983,-0.074585,1.140259
-0.099365,-0.305420,0.821899
-0.217896,0.192261,1.018799
0.447632,-0.365479,1.023438
-0.490356,-0.039673,0.784424
0.396851,-0.049805,1.137695
-0.083374,-0.298950,0.817993
-0.266724,0.189087,0.996948
0.464111,-0.352905,1.024414
-0.483032,-0.084595,0.772705
0.343262,-0.024292,1.122681
-0.054077,-0.309814,0.819946
-0.314453,0.179688,0.970337
0.476318,-0.347656,1.038208
-0.473267,-0.128418,0.755249
0.296631,-0.013306,1.101685
-0.017212,-0.343994,0.816650
-0.359375,0.176147,0.937256
0.479736,-0.325317,1.032715
-0.455566,-0.173950,0.734009
0.245850,0.000854,1.084473
0.018921,-0.352539,0.823242
-0.407349,0.169678,0.906616
0.487671,-0.306152,1.050049
-0.438477,-0.204590,0.737427
0.189819,0.024170,1.074951
0.057739,-0.372437,0.838257
-0.448975,0.162598,0.882812
0.484985,-0.286865,1.045288
-0.427124,-0.197632,0.746460
0.138306,0.054565,1.057495
0.101196,-0.387207,0.849731
-0.488892,0.141968,0.853638
0.477417,-0.294800,1.033936
-0.399536,-0.204224,0.762695
0.086914,0.076782,1.054077
0.131470,-0.390381,0.846069
-0.511719,0.136475,0.828735
0.470703,-0.273682,1.029785
-0.360229,-0.234375,0.756836
0.036743,0.081299,1.039307
0.173340,-0.402222,0.857178
-0.546265,0.136841,0.817261
0.465820,-0.267090,1.029419
-0.314697,-0.268311,0.751221
-0.008667,0.087524,1.020996
0.204956,-0.400269,0.869019
-0.562988,0.115234,0.790649
0.454468,-0.240112,1.032104
-0.285767,-0.273682,0.746216
-0.058838,0.107544,0.999634
0.235596,-0.395752,0.871704
-0.570435,0.096558,0.773193
0.432495,-0.214722,1.028442
-0.262939,-0.299805,0.731445
-0.105957,0.120361,0.989380
0.267578,-0.416138,0.878296
-0.587769,0.095337,0.766479
0.412720,-0.181396,1.022461
-0.235840,-0.318848,0.719360
-0.152954,0.135254,0.981201
0.291870,-0.412598,0.896973
-0.591675,0.080322,0.754883
0.396362,-0.171021,1.020752
-0.220703,-0.297363,0.733154
-0.200439,0.154907,0.969604
0.307983,-0.405029,0.905273
-0.593262,0.064331,0.753174
0.379395,-0.144409,1.021362
-0.201538,-0.316650,0.723145
-0.240845,0.171753,0.955688
0.334229,-0.414307,0.900879
-0.593994,0.048584,0.741577
0.361694,-0.119873,1.021973
-0.175049,-0.318726,0.726440
-0.277710,0.174683,0.937378
0.361450,-0.416260,0.909790
-0.597290,0.024414,0.733398
0.336548,-0.098755,1.019165
-0.157715,-0.325928,0.729858
-0.311279,0.183838,0.921143
0.379028,-0.400879,0.920044
-0.592163,0.003052,0.722412
0.308960,-0.074097,1.021606
-0.142700,-0.337891,0.716431
-0.340942,0.193481,0.903320
0.396973,-0.393555,0.923950
-0.586304,-0.007202,0.706421
0.277954,-0.048706,1.013916
-0.121216,-0.371704,0.723022
-0.368408,0.203491,0.892944
0.409912,-0.388916,0.932739
-0.578491,-0.020630,0.702393
0.244385,-0.019897,1.008057
-0.097656,-0.371826,0.728271
-0.396729,0.208984,0.890137
0.417480,-0.369751,0.942017
-0.569458,-0.048340,0.694458
0.213745,0.000488,0.999512
-0.077026,-0.371460,0.747314
-0.419800,0.216675,0.876221
0.423828,-0.356323,0.941650
-0.561890,-0.070923,0.691284
0.190430,0.011719,0.998413
-0.047729,-0.365845,0.750977
-0.440430,0.225220,0.873901
0.426270,-0.325684,0.955322
-0.540894,-0.092896,0.691406
0.166382,0.027466,0.997681
-0.029053,-0.384521,0.754395
-0.457642,0.231201,0.867065
0.435547,-0.313354,0.960083
-0.515991,-0.111938,0.705444
0.145630,0.052856,1.010254
-0.011597,-0.386963,0.766357
-0.478882,0.229248,0.847412
0.444458,-0.308350,0.964233
-0.504761,-0.131592,0.703735
0.134033,0.056641,1.016724
0.012817,-0.402222,0.767212
-0.492432,0.242310,0.851685
0.444946,-0.298096,0.973755
-0.483032,-0.109375,0.733032
0.116943,0.070190,1.016357
0.031128,-0.404175,0.768677
-0.500854,0.242676,0.839966
0.451660,-0.293091,0.972412
-0.467529,-0.119995,0.732910
0.102661,0.082031,1.018433
0.048096,-0.410156,0.773926
-0.503784,0.230469,0.841675
0.452148,-0.269653,0.968628
-0.458496,-0.117310,0.739868
0.093994,0.093384,1.018677
0.074341,-0.427002,0.782349
-0.519775,0.234985,0.825806
0.458862,-0.270630,0.978516
-0.442383,-0.119019,0.738647
0.095459,0.093506,1.021362
0.079346,-0.423340,0.785522
-0.520996,0.228149,0.818237
0.467163,-0.267212,0.981567
-0.428467,-0.100098,0.759033
0.090942,0.095581,1.016724
0.086792,-0.424194,0.787720
-0.526978,0.230713,0.816162
0.466064,-0.268921,0.978271
-0.420532,-0.112793,0.757690
0.085083,0.099121,1.013306
0.091064,-0.412598,0.796387
-0.524292,0.210815,0.808716
0.463257,-0.274414,0.974487
-0.415405,-0.116943,0.755859
0.084106,0.100342,1.019043
0.099487,-0.419556,0.791748
-0.533081,0.198853,0.802490
0.463623,-0.266357,0.981567
-0.407593,-0.113037,0.762573
0.088501,0.102661,1.016968
0.103882,-0.419189,0.792236
-0.530518,0.190796,0.800781
0.462280,-0.271118,0.979370
-0.407471,-0.105347,0.766602
0.079834,0.103271,1.016113
0.112671,-0.423584,0.793213
-0.533203,0.189575,0.786743
0.469116,-0.275757,0.968628
-0.394775,-0.131104,0.765137
0.076660,0.106201,1.017822
0.119873,-0.425659,0.804199
-0.535156,0.175293,0.784424
0.475830,-0.283447,0.976807
-0.395996,-0.128296,0.766235
0.072388,0.103882,1.016113
0.121094,-0.428711,0.797729
-0.533203,0.161743,0.776611
0.469971,-0.291016,0.964966
-0.391235,-0.137329,0.769287
0.065186,0.104614,1.015747
0.130371,-0.426636,0.812134
-0.535767,0.157715,0.775146
0.472168,-0.298340,0.971069
-0.388916,-0.130859,0.775391
0.063477,0.109131,1.019653
0.144897,-0.431396,0.813721
-0.535767,0.148926,0.774780
0.470825,-0.296631,0.977295
-0.384155,-0.143799,0.770508
0.055908,0.107666,1.019165
0.150024,-0.439575,0.814697
-0.530029,0.145874,0.766968
0.482178,-0.310547,0.974243
-0.369141,-0.167603,0.766479
0.043335,0.119873,1.020752
0.160400,-0.443115,0.815552
-0.530396,0.129761,0.766357
0.486694,-0.314575,0.982910
-0.371338,-0.157715,0.770020
0.037476,0.127930,1.018188
0.172974,-0.457031,0.813965
-0.526978,0.116821,0.767944
0.486572,-0.309570,0.988037
-0.367432,-0.162598,0.764160
0.031616,0.125366,1.021484
0.190430,-0.457031,0.820801
-0.530518,0.107300,0.762329
0.485718,-0.310913,0.987915
-0.364868,-0.187378,0.759766
0.033325,0.127808,1.028442
0.197510,-0.472412,0.830688
-0.522461,0.101807,0.762573
0.485596,-0.324829,0.982300
-0.345703,-0.193848,0.761719
0.021240,0.132080,1.016968
0.212769,-0.473755,0.827515
-0.523926,0.089600,0.757080
0.492676,-0.320435,0.983032
-0.343140,-0.207397,0.766113
0.020996,0.123779,1.021484
0.220947,-0.480103,0.834839
-0.517456,0.080933,0.760742
0.494263,-0.301392,1.012207
-0.324707,-0.189209,0.783325
0.014282,0.116333,1.022461
0.233154,-0.484375,0.840820
-0.513672,0.075073,0.761353
0.495239,-0.302368,1.008423
-0.320679,-0.208374,0.775391
0.009766,0.133667,1.029053
0.244385,-0.485596,0.845581
-0.507690,0.067505,0.763550
0.496094,-0.306030,1.004150
-0.308594,-0.211670,0.782593
0.003296,0.132202,1.029419
0.257690,-0.479370,0.860718
-0.505615,0.061157,0.768677
0.492676,-0.304077,1.023804
-0.296387,-0.204712,0.793945
0.004028,0.125000,1.022583
0.263916,-0.466064,0.869141
-0.503540,0.060791,0.773438
0.495239,-0.302246,1.022827
-0.285400,-0.220703,0.794312
0.000244,0.130615,1.031982
0.280151,-0.466553,0.877319
-0.497925,0.069092,0.773804
0.495117,-0.298340,1.018799
-0.271362,-0.226807,0.800537
-0.006104,0.134399,1.032227
0.297852,-0.459473,0.896362
-0.498047,0.067993,0.776123
0.493408,-0.283203,1.028931
-0.248291,-0.236328,0.802002
-0.008667,0.130371,1.038696
0.310303,-0.466431,0.897583
-0.497925,0.067871,0.780762
0.489624,-0.265137,1.045166
-0.231445,-0.238281,0.812134
-0.012939,0.133179,1.041870
0.325806,-0.456177,0.917847
-0.496216,0.073486,0.792236
0.487549,-0.244995,1.057129
-0.220215,-0.260254,0.815186
-0.019287,0.136230,1.043213
0.346436,-0.447998,0.935303
-0.497681,0.082642,0.799561
0.487183,-0.221313,1.064209
-0.182007,-0.240112,0.840820
-0.032837,0.153198,1.051392
0.370728,-0.446777,0.949219
-0.493286,0.068726,0.799561
0.481201,-0.208008,1.068970
-0.163818,-0.252563,0.845337
-0.052002,0.163696,1.057129
0.387817,-0.439575,0.968506
-0.486572,0.064697,0.812012
0.478760,-0.177856,1.089600
-0.134277,-0.274414,0.845215
-0.070679,0.181519,1.060059
0.417847,-0.434814,0.982544
-0.479004,0.046631,0.811279
0.469604,-0.145264,1.096191
-0.106812,-0.275757,0.850464
-0.084229,0.182251,1.063721
0.438110,-0.434570,0.997314
-0.469238,0.024780,0.817017
0.455933,-0.118042,1.105713
-0.068970,-0.303345,0.859131
-0.101074,0.179565,1.060913
0.449951,-0.420654,1.010376
-0.472412,0.019287,0.812622
0.453735,-0.115356,1.115967
-0.026855,-0.331543,0.859131
-0.117554,0.193481,1.061401
0.466919,-0.401611,1.018311
-0.457764,0.006348,0.813965
0.449585,-0.110352,1.120117
0.009155,-0.350098,0.873779
-0.145630,0.201538,1.060425
0.488037,-0.396362,1.041992
-0.455811,-0.017090,0.816528
0.443848,-0.090576,1.129028
0.035278,-0.358643,0.882568
-0.168213,0.203369,1.052246
0.500000,-0.388184,1.055054
-0.437134,-0.047974,0.819336
0.425903,-0.052979,1.143066
0.048218,-0.357300,0.888794
-0.186646,0.215698,1.054443
0.521362,-0.379761,1.063354
-0.427856,-0.060425,0.820435
0.407593,-0.034302,1.141724
0.048706,-0.349121,0.887573
-0.203003,0.218506,1.046875
0.542358,-0.345337,1.078369
-0.417969,-0.079468,0.807617
0.388306,-0.021729,1.145630
0.069824,-0.345947,0.897095
-0.241943,0.231079,1.046631
0.545166,-0.326294,1.099731
-0.401489,-0.115845,0.807861
0.371582,-0.008301,1.148438
0.090698,-0.354492,0.909058
-0.267700,0.224243,1.032471
0.565796,-0.320679,1.112305
-0.386719,-0.130859,0.816772
0.344849,0.012939,1.145142
0.116333,-0.377686,0.912109
-0.282837,0.195068,1.008179
0.577881,-0.310547,1.119507
-0.366211,-0.145630,0.819458
0.306030,0.035889,1.148804
0.149536,-0.391724,0.918335
-0.293213,0.161987,0.983032
0.581543,-0.291382,1.125488
-0.349243,-0.172485,0.817627
0.283691,0.055298,1.142212
0.183228,-0.394409,0.931152
-0.321899,0.158813,0.968628
0.586426,-0.285156,1.131836
-0.332153,-0.180298,0.826660
0.254883,0.063965,1.138062
0.209961,-0.392456,0.939697
-0.336060,0.137573,0.931274
0.586060,-0.276978,1.132324
-0.311890,-0.188354,0.830811
0.221436,0.083374,1.130981
0.237549,-0.412720,0.946167
-0.361694,0.113647,0.917603
0.582520,-0.275024,1.132080
-0.296875,-0.219849,0.824219
0.184326,0.107910,1.136963
0.265503,-0.410156,0.945923
-0.381226,0.121216,0.905273
0.579468,-0.243408,1.134888
-0.276123,-0.228516,0.830078
0.154785,0.113159,1.131836
0.278931,-0.415649,0.953857
-0.399536,0.106201,0.892578
0.575317,-0.233032,1.138306
-0.255859,-0.236694,0.841309
0.118286,0.124634,1.120361
0.303589,-0.411133,0.960083
-0.414185,0.093018,0.893066
0.568848,-0.220093,1.148560
-0.242065,-0.246704,0.837524
0.084351,0.136597,1.118896
0.330688,-0.400879,0.970215
-0.430664,0.088135,0.882935
0.561646,-0.209595,1.134277
-0.227173,-0.256958,0.827637
0.052734,0.150146,1.104492
0.349609,-0.398926,0.977661
-0.439575,0.077148,0.876343
0.542114,-0.182373,1.136841
-0.188965,-0.266113,0.845581
0.020752,0.146973,1.100952
0.350220,-0.389526,0.981201
-0.442383,0.050659,0.861572
0.527344,-0.175171,1.137207
-0.151245,-0.304199,0.844849
-0.011230,0.144287,1.092041
0.368042,-0.377930,0.992798
-0.457275,0.041016,0.847290
0.509521,-0.156860,1.132935
-0.126099,-0.306519,0.828979
-0.043457,0.149780,1.068237
0.385864,-0.369263,0.997070
-0.466431,0.015259,0.836060
0.485229,-0.133301,1.139038
-0.114990,-0.310425,0.817261
-0.094604,0.163208,1.057861
0.414307,-0.362305,1.011719
-0.474365,0.004761,0.818115
0.465210,-0.098999,1.135864
-0.107300,-0.318970,0.814087
-0.155518,0.183960,1.050659
0.438232,-0.348389,1.018799
-0.466431,-0.038574,0.803467
0.435791,-0.089355,1.140625
-0.097168,-0.312988,0.820190
-0.211060,0.190063,1.020508
0.455322,-0.338379,1.037964
-0.467407,-0.067139,0.781494
0.394043,-0.066895,1.136841
-0.064575,-0.329956,0.830933
-0.267212,0.182373,0.982910
0.464600,-0.333374,1.033691
-0.454102,-0.090088,0.778931
0.353516,-0.029053,1.130005
-0.030640,-0.347168,0.827759
-0.315430,0.168335,0.948975
0.473633,-0.333008,1.036377
-0.436768,-0.139526,0.761597
0.295654,0.013916,1.127808
0.022705,-0.343750,0.842896
-0.374268,0.175171,0.926636
0.482788,-0.320557,1.042969
-0.429321,-0.185547,0.748779
0.233154,0.039062,1.117676
0.079468,-0.367188,0.856445
-0.421753,0.166748,0.907104
0.488647,-0.296875,1.050415
-0.414795,-0.212524,0.750854
0.168091,0.056396,1.082031
0.137329,-0.382812,0.867920
-0.453003,0.142334,0.874268
0.479614,-0.281372,1.050171
-0.394897,-0.234131,0.750732
0.098633,0.072754,1.069702
0.185547,-0.394043,0.881592
-0.489746,0.124268,0.846680
0.476074,-0.262573,1.052856
-0.313110,-0.281494,0.766235
0.035645,0.084106,1.044067
0.224121,-0.389526,0.883057
-0.516479,0.099487,0.817749
0.469482,-0.231689,1.063843
-0.255615,-0.312744,0.767334
-0.042725,0.099243,1.015869
0.262817,-0.390381,0.899536
-0.520020,0.060791,0.787842
0.447510,-0.191528,1.070435
-0.225098,-0.322144,0.743164
-0.126465,0.124023,0.988037
0.307007,-0.395386,0.912231
-0.533569,0.031494,0.776855
0.415894,-0.151245,1.069092
-0.196045,-0.332886,0.741333
-0.217407,0.145020,0.972412
0.352661,-0.388306,0.935669
-0.533569,-0.014404,0.751343
0.373657,-0.108032,1.075562
-0.149170,-0.313110,0.770630
-0.301758,0.168091,0.937744
0.378174,-0.372559,0.956299
-0.524048,-0.065918,0.728760
0.317017,-0.040527,1.072510
-0.106201,-0.351440,0.774414
-0.378052,0.184814,0.913086
0.406128,-0.362915,0.960205
-0.514404,-0.099121,0.715210
0.240723,-0.002808,1.066895
-0.031128,-0.368774,0.784912
-0.456909,0.201904,0.886841
0.421753,-0.330200,0.980591
-0.493896,-0.162476,0.707886
0.148315,0.052246,1.045166
0.061768,-0.388916,0.817505
-0.521606,0.204468,0.861694
0.434692,-0.292236,1.000122
-0.419189,-0.212036,0.733154
0.060181,0.093994,1.036987
0.144897,-0.402832,0.838501
-0.557129,0.166626,0.822388
0.426636,-0.261475,0.996704
-0.323120,-0.268799,0.741089
-0.026978,0.090088,1.000854
0.218750,-0.404053,0.864746
-0.574951,0.125488,0.783813
0.419800,-0.221191,1.013306
-0.250610,-0.317993,0.723145
-0.139160,0.115723,0.972656
0.282227,-0.408447,0.886719
-0.575684,0.065186,0.766846
0.383057,-0.145508,1.029053
-0.194336,-0.333618,0.725464
-0.252319,0.147949,0.937622
0.337891,-0.391602,0.915771
-0.567871,0.006104,0.741089
0.325928,-0.084106,1.040771
-0.151978,-0.339111,0.733765
-0.355347,0.187012,0.900879
0.376831,-0.363037,0.930420
-0.542603,-0.057861,0.703247
0.244141,-0.009521,1.037476
-0.069946,-0.371094,0.759399
-0.453491,0.229858,0.884644
0.410278,-0.334961,0.956299
-0.518921,-0.131470,0.689209
0.141113,0.045410,1.030762
0.029785,-0.378296,0.796875
-0.523315,0.228271,0.867065
0.427124,-0.299683,0.980469
-0.417236,-0.188354,0.739990
0.050903,0.086548,1.017578
0.128540,-0.384155,0.828491
-0.568481,0.192749,0.815918
0.426636,-0.244385,0.988647
-0.305176,-0.250000,0.738281
-0.038818,0.105591,0.984985
0.210083,-0.385742,0.859985
-0.587769,0.138062,0.779785
0.406616,-0.188599,0.997070
-0.227905,-0.318115,0.718384
-0.154663,0.144165,0.960205
0.288818,-0.385376,0.886353
-0.591553,0.107300,0.762207
0.371948,-0.124023,1.022827
-0.166138,-0.337891,0.718018
-0.268311,0.167236,0.920166
0.344971,-0.387451,0.900024
-0.582031,0.046143,0.735474
0.310059,-0.052856,1.018677
-0.110352,-0.375244,0.722412
-0.370972,0.211670,0.892334
0.400879,-0.360474,0.932861
-0.551514,-0.038452,0.707886
0.212646,0.008545,1.008179
-0.036621,-0.370483,0.760132
-0.458740,0.234863,0.876709
0.423462,-0.320557,0.951416
-0.487671,-0.132812,0.717529
0.122681,0.062134,1.011108
0.044312,-0.372070,0.796631
-0.522705,0.238647,0.850586
0.440308,-0.265991,0.979126
-0.382935,-0.177856,0.746704
0.045288,0.088623,1.008545
0.133301,-0.377808,0.824951
-0.568726,0.202148,0.807983
0.442505,-0.219360,0.993652
-0.287231,-0.254028,0.744141
-0.047729,0.132324,0.985718
0.223755,-0.388550,0.859131
-0.592041,0.162964,0.772827
0.424805,-0.159302,1.005737
-0.207642,-0.301636,0.732788
-0.140625,0.164307,0.957275
0.301758,-0.394043,0.888916
-0.592407,0.118652,0.761108
0.391602,-0.112061,1.012695
-0.148193,-0.338867,0.730347
-0.232666,0.182739,0.928101
0.361816,-0.385254,0.906738
-0.580078,0.063721,0.747681
0.326660,-0.067505,1.010498
-0.094727,-0.369873,0.733398
-0.326050,0.204712,0.892456
0.406616,-0.349854,0.932983
-0.561401,-0.019165,0.714233
0.245850,-0.020020,0.990479
-0.038208,-0.383789,0.749512
-0.400391,0.212891,0.872314
0.437134,-0.317139,0.960205
-0.502075,-0.085327,0.724365
0.170532,0.028320,0.998779
0.021484,-0.374146,0.779297
-0.468872,0.218994,0.845825
0.449219,-0.275635,0.968384
-0.431641,-0.141357,0.757202
0.107056,0.076782,1.012573
0.080566,-0.383911,0.799316
-0.523804,0.211060,0.827148
0.459229,-0.250244,0.985352
-0.352539,-0.170044,0.771362
0.038696,0.104370,1.008179
0.154297,-0.382080,0.831665
-0.558228,0.176880,0.782959
0.452148,-0.202148,0.998413
-0.276001,-0.250244,0.742676
-0.031616,0.150391,1.003540
0.224487,-0.397461,0.858032
-0.583496,0.148926,0.773438
0.450073,-0.180176,1.016357
-0.202515,-0.268066,0.751709
-0.109253,0.179810,0.967896
0.300293,-0.402100,0.881226
-0.589722,0.125244,0.760010
0.420410,-0.151245,1.013184
-0.138306,-0.311035,0.758545
-0.172119,0.186890,0.941284
0.395874,-0.358521,0.932007
-0.560791,0.010010,0.728271
0.278076,-0.040283,0.996704
-0.076660,-0.369995,0.734619
-0.369263,0.205688,0.879639
0.418579,-0.330444,0.948975
-0.534912,-0.057617,0.709351
0.213745,0.007324,1.005493
-0.028687,-0.386719,0.753906
-0.425781,0.211792,0.859863
0.437500,-0.314575,0.956543
-0.498169,-0.087524,0.727051
0.148804,0.049072,1.012085
0.021606,-0.375000,0.779541
-0.477783,0.220459,0.848633
0.453613,-0.281860,0.973022
-0.454956,-0.133057,0.729492
0.109863,0.089478,1.025024
0.074707,-0.405273,0.793945
-0.522095,0.213745,0.841431
0.462402,-0.256958,0.984375
-0.396362,-0.132202,0.753418
0.056030,0.112915,1.012451
0.128784,-0.388916,0.819824
-0.549805,0.197754,0.801514
0.458862,-0.225708,0.994385
-0.324219,-0.196045,0.754517
0.000610,0.146973,1.009521
0.183960,-0.397217,0.836548
-0.575073,0.184937,0.786255
0.460449,-0.201660,1.000000
-0.271606,-0.230225,0.758179
-0.051636,0.167480,0.994385
0.243774,-0.410156,0.857422
-0.584595,0.145508,0.766602
0.445801,-0.182739,1.010498
-0.217651,-0.256714,0.756348
-0.105225,0.185791,0.973999
0.295410,-0.400024,0.886108
-0.592163,0.132080,0.760376
0.427856,-0.157227,1.011719
-0.159302,-0.297485,0.767212
-0.160767,0.198364,0.956543
0.326416,-0.386230,0.895142
-0.585938,0.102295,0.756226
0.404297,-0.130859,1.015015
-0.116211,-0.339355,0.760010
-0.205566,0.206909,0.938721
0.367920,-0.393066,0.914429
-0.575317,0.083862,0.756592
0.371094,-0.114624,1.000244
-0.084595,-0.354980,0.757080
-0.250977,0.190918,0.914551
0.397827,-0.375610,0.920410
-0.562500,0.029663,0.749512
0.333984,-0.078979,1.001221
-0.057983,-0.388672,0.745117
-0.291748,0.188477,0.885864
0.417847,-0.364014,0.932007
-0.544067,-0.005615,0.743286
0.291626,-0.062744,0.989136
-0.021362,-0.402222,0.741943
-0.338135,0.169922,0.865479
0.430908,-0.344727,0.953369
-0.525024,-0.053101,0.723267
0.238403,-0.031006,0.990234
-0.002197,-0.403198,0.756470
-0.375977,0.161987,0.850220
0.452026,-0.331055,0.960693
-0.505859,-0.072998,0.737427
0.192993,0.003052,1.006470
0.033081,-0.418945,0.764282
-0.416504,0.163086,0.835327
0.460327,-0.308472,0.971436
-0.468262,-0.108643,0.744995
0.150391,0.036499,1.010864
0.055908,-0.417358,0.774902
-0.452515,0.159180,0.813232
0.472656,-0.299194,0.982910
-0.435913,-0.113281,0.754028
0.110474,0.075439,1.009766
0.103027,-0.423706,0.798584
-0.493164,0.149292,0.796265
0.478149,-0.277466,0.987915
-0.399902,-0.131348,0.761353
0.065796,0.096313,1.008789
0.149658,-0.434937,0.817749
-0.512695,0.132080,0.775635
0.478882,-0.256836,1.003296
-0.360352,-0.182617,0.749512
0.018188,0.134888,1.019775
0.202026,-0.446777,0.835449
-0.531860,0.106689,0.762817
0.475464,-0.242432,1.011597
-0.307129,-0.189087,0.772461
-0.028809,0.155884,1.010132
0.248047,-0.460083,0.849121
-0.551758,0.089111,0.748413
0.467285,-0.242432,1.012329
-0.262573,-0.213379,0.787354
-0.082275,0.159668,0.989624
0.287354,-0.461792,0.869995
-0.563232,0.082153,0.752075
0.448242,-0.215454,1.010742
-0.212524,-0.238037,0.790405
-0.108276,0.167847,0.980957
0.316895,-0.453003,0.882446
-0.565918,0.077881,0.751831
0.431641,-0.198486,1.011353
-0.160767,-0.267212,0.802246
-0.147705,0.173340,0.966919
0.348511,-0.446533,0.905273
-0.549683,0.072876,0.765503
0.417358,-0.178101,1.018921
-0.118530,-0.307739,0.790161
-0.179321,0.170044,0.962036
0.383179,-0.446899,0.917236
-0.542969,0.043335,0.758789
0.393066,-0.154419,1.010986
-0.067139,-0.346069,0.795776
-0.213623,0.162720,0.940918
0.405884,-0.434082,0.926025
-0.535889,0.007202,0.748413
0.366455,-0.116577,1.016968
-0.022461,-0.379150,0.790405
-0.248413,0.161621,0.921509
0.432373,-0.436035,0.929688
-0.526733,-0.038330,0.748413
0.328003,-0.089233,1.018921
0.007935,-0.404541,0.789795
-0.288818,0.161011,0.904175
0.447388,-0.414917,0.958740
-0.509033,-0.081299,0.739014
0.287476,-0.062622,1.010132
0.036743,-0.429810,0.782715
-0.316040,0.151978,0.887207
0.468994,-0.405151,0.964478
-0.488403,-0.106323,0.739990
0.253906,-0.039673,1.015747
0.061890,-0.433960,0.785278
-0.347900,0.134644,0.866821
0.482910,-0.367798,0.982788
-0.462524,-0.135376,0.744385
0.214478,-0.006714,1.018433
0.084839,-0.431396,0.790649
-0.377075,0.142212,0.858643
0.494629,-0.361572,0.994873
-0.438843,-0.168945,0.750000
0.168213,0.018921,1.021240
0.114746,-0.433350,0.809204
-0.413452,0.137573,0.840210
0.506104,-0.333008,1.010498
-0.408447,-0.189209,0.756592
0.123901,0.053345,1.019043
0.165039,-0.446655,0.819580
-0.442871,0.118286,0.815186
0.508667,-0.322266,1.020142
-0.363159,-0.201294,0.767212
0.076172,0.075928,1.027222
0.218506,-0.471069,0.843262
-0.464722,0.084839,0.791260
0.503174,-0.296875,1.034912
-0.319092,-0.236572,0.776733
0.033325,0.090332,1.030884
0.263428,-0.479980,0.863525
-0.477051,0.077026,0.779419
0.495361,-0.274292,1.030762
-0.274658,-0.241821,0.789917
-0.004883,0.109863,1.032471
0.311157,-0.469360,0.893677
-0.503174,0.082520,0.781982
0.476562,-0.220703,1.050903
-0.219238,-0.251221,0.808350
-0.045654,0.140869,1.035400
0.345825,-0.458252,0.922485
-0.504761,0.066406,0.791260
0.461182,-0.183350,1.057373
-0.159790,-0.234253,0.837036
-0.081177,0.152344,1.026855
0.380127,-0.452148,0.937500
-0.499390,0.049194,0.791626
0.442627,-0.155029,1.059448
-0.102905,-0.275024,0.840210
-0.126343,0.156494,1.017456
0.419189,-0.440552,0.969360
-0.493042,0.006226,0.782593
0.417114,-0.119385,1.066895
-0.031250,-0.328857,0.840942
-0.176392,0.180298,1.006104
0.455322,-0.430298,0.994019
-0.474609,-0.047363,0.783081
0.377319,-0.082153,1.074951
0.029297,-0.375000,0.843872
-0.222656,0.180298,0.987549
0.482544,-0.412598,1.006958
-0.453735,-0.091187,0.772461
0.344849,-0.052979,1.081543
0.069458,-0.391968,0.852295
-0.261230,0.178711,0.975220
0.510498,-0.371216,1.033447
-0.424072,-0.122070,0.783447
0.309937,-0.020142,1.075684
0.088013,-0.379517,0.857910
-0.296387,0.176514,0.958496
0.526245,-0.341675,1.060425
-0.397339,-0.177979,0.770508
0.261963,0.016968,1.083618
0.127441,-0.384766,0.881836
-0.337402,0.162109,0.926147
0.546509,-0.328613,1.075317
-0.367310,-0.210815,0.778442
0.213623,0.037476,1.079346
0.184814,-0.417847,0.890381
-0.368774,0.130859,0.896484
0.559082,-0.299561,1.089233
-0.336060,-0.225708,0.791626
0.158569,0.077881,1.078125
0.243286,-0.445679,0.903198
-0.392334,0.095337,0.857910
0.556030,-0.272217,1.083862
-0.280640,-0.224121,0.818359
0.116089,0.099976,1.091797
0.299438,-0.452881,0.925903
-0.423584,0.087036,0.843628
0.545166,-0.247437,1.092529
-0.241089,-0.238647,0.829712
0.066650,0.127563,1.084229
0.335449,-0.447998,0.948364
-0.440552,0.088379,0.837769
0.532471,-0.217163,1.100098
-0.196655,-0.234375,0.852295
0.017578,0.142334,1.086304
0.383667,-0.433350,0.981201
-0.451782,0.075684,0.829346
0.519531,-0.166992,1.111694
-0.139038,-0.241333,0.866211
-0.024658,0.164673,1.088135
0.416626,-0.410278,1.005371
-0.465332,0.035034,0.825073
0.496460,-0.123413,1.129028
-0.072266,-0.274170,0.881714
-0.078979,0.183472,1.070679
0.448975,-0.396606,1.036621
-0.446655,-0.006836,0.828491
0.473022,-0.083618,1.144653
-0.002686,-0.308838,0.901611
-0.129272,0.200317,1.067993
0.487183,-0.382324,1.051025
-0.438965,-0.037354,0.818237
0.434814,-0.051392,1.141479
0.039429,-0.329224,0.890747
-0.168457,0.212524,1.050659
0.519531,-0.360718,1.068970
-0.426025,-0.071655,0.807251
0.400757,-0.019287,1.150391
0.048706,-0.345825,0.891357
-0.222412,0.215454,1.042236
0.545898,-0.334961,1.098022
-0.405273,-0.108398,0.809204
0.357056,0.025757,1.153320
0.098267,-0.354736,0.909058
-0.270874,0.204834,1.014282
0.572754,-0.314819,1.114014
-0.377319,-0.151978,0.813232
0.305054,0.047241,1.139038
0.159180,-0.376953,0.921875
-0.313843,0.168579,0.969116
0.587524,-0.290527,1.125244
-0.335449,-0.200317,0.813110
0.239868,0.073853,1.137817
0.223999,-0.391724,0.946655
-0.348755,0.130005,0.919067
0.587036,-0.267822,1.130859
-0.294556,-0.225586,0.828125
0.179443,0.110107,1.123535
0.288452,-0.413086,0.955566
-0.377930,0.104980,0.890503
0.567261,-0.237915,1.136475
-0.252197,-0.238159,0.836914
0.125732,0.134521,1.124756
0.338867,-0.419800,0.981201
-0.415894,0.096924,0.880737
0.560913,-0.194824,1.144897
-0.206055,-0.248535,0.851685
0.055786,0.149048,1.116333
0.388550,-0.397095,1.010132
-0.421143,0.070557,0.875366
0.543335,-0.161743,1.150635
-0.139771,-0.268921,0.867798
-0.005981,0.172974,1.098999
0.428467,-0.383789,1.030273
-0.424194,0.025635,0.859131
0.524414,-0.120239,1.164673
-0.049561,-0.307129,0.883301
-0.075195,0.186157,1.081543
0.457397,-0.362427,1.046631
-0.419678,-0.016479,0.846558
0.497192,-0.074585,1.181152
-0.023438,-0.331543,0.867920
-0.138794,0.205566,1.070068
0.495239,-0.343750,1.072754
-0.416748,-0.057129,0.840210
0.451172,-0.037231,1.183350
-0.003906,-0.334351,0.873291
-0.207520,0.211548,1.052002
0.530640,-0.319946,1.096313
-0.403809,-0.095093,0.826904
0.401978,0.000122,1.181396
0.042969,-0.328491,0.900024
-0.264771,0.205811,1.022095
0.557739,-0.301636,1.114502
-0.379272,-0.148560,0.807983
0.336670,0.038574,1.173462
0.111450,-0.348389,0.920532
-0.304443,0.174316,0.967896
0.573120,-0.287354,1.115601
-0.336304,-0.199463,0.818970
0.270386,0.064453,1.162231
0.175171,-0.378418,0.928955
-0.349121,0.131714,0.924805
0.571899,-0.269897,1.122925
-0.305664,-0.223755,0.827759
0.195679,0.088501,1.141113
0.245117,-0.402344,0.946167
-0.397339,0.116089,0.894897
0.559448,-0.235107,1.123657
-0.262817,-0.241333,0.833374
0.120361,0.114746,1.117920
0.302612,-0.398071,0.966675
-0.417480,0.090454,0.878906
0.551758,-0.193237,1.140991
-0.225098,-0.256470,0.836914
0.054688,0.129883,1.111206
0.352539,-0.397461,0.981445
-0.440186,0.053833,0.860229
0.522217,-0.156372,1.145630
-0.138428,-0.294434,0.840210
-0.015625,0.149658,1.082764
0.386841,-0.369507,1.003296
-0.453735,0.018433,0.835327
0.501465,-0.130615,1.145142
-0.090698,-0.318359,0.833618
-0.094482,0.172974,1.066528
0.432373,-0.348999,1.030640
-0.455078,-0.024780,0.823242
0.464844,-0.088623,1.151367
-0.070435,-0.327026,0.833496
-0.177246,0.196533,1.051147
0.478760,-0.329468,1.056519
-0.444580,-0.078735,0.803223
0.397583,-0.049927,1.149170
-0.027954,-0.316162,0.860718
-0.242920,0.200195,1.008057
0.512695,-0.303589,1.080078
-0.424316,-0.129639,0.776978
0.328979,-0.010986,1.140015
0.033691,-0.352295,0.869263
-0.298950,0.150269,0.955811
0.526367,-0.293579,1.088623
-0.378784,-0.187378,0.790405
0.256226,0.024658,1.129150
0.106323,-0.382690,0.880005
-0.369873,0.144775,0.916504
0.537109,-0.271484,1.106079
-0.337524,-0.230957,0.796387
0.155029,0.077637,1.104614
0.182007,-0.393799,0.904663
-0.416626,0.108276,0.870239
0.535522,-0.227295,1.102783
-0.298218,-0.259766,0.804565
0.065918,0.116089,1.088623
0.255981,-0.398193,0.927734
-0.459473,0.084717,0.843872
0.523926,-0.205200,1.101929
-0.197388,-0.285522,0.825073
-0.013306,0.133789,1.076416
0.308472,-0.400269,0.931152
-0.479126,0.033325,0.817017
0.484741,-0.175415,1.110840
-0.154785,-0.316895,0.798340
-0.081909,0.135986,1.046631
0.365234,-0.395996,0.961548
-0.503418,0.006592,0.800903
0.449463,-0.129517,1.114624
-0.127197,-0.315796,0.797729
-0.192017,0.186401,1.026978
0.422729,-0.367432,1.006714
-0.504395,-0.044189,0.776489
0.386841,-0.083374,1.109253
-0.079346,-0.299194,0.817261
-0.280273,0.182739,0.979248
0.469482,-0.334229,1.041870
-0.468140,-0.112427,0.765137
0.289795,-0.022949,1.111816
-0.006470,-0.337402,0.829834
-0.354736,0.167114,0.927246
0.496460,-0.313721,1.049194
-0.417358,-0.206421,0.754395
0.193726,0.022095,1.091064
0.084717,-0.370117,0.856323
-0.442749,0.146729,0.877930
0.499878,-0.259399,1.075317
-0.361328,-0.241089,0.769287
0.088257,0.075073,1.060669
0.182861,-0.389160,0.886230
-0.490479,0.088257,0.820190
0.492554,-0.229370,1.072388
-0.248535,-0.277344,0.785400
-0.010864,0.115967,1.048462
0.255371,-0.400757,0.895142
-0.510864,0.045654,0.794556
0.464844,-0.187988,1.079590
-0.197144,-0.297485,0.774658
-0.129639,0.136597,1.016235
0.336914,-0.398926,0.930420
-0.530762,-0.011475,0.755127
0.404053,-0.123291,1.081055
-0.142578,-0.305908,0.778442
-0.255249,0.174438,0.979858
0.411011,-0.373901,0.987061
-0.521973,-0.066895,0.745850
0.313599,-0.060303,1.082153
-0.063721,-0.326904,0.796753
-0.370483,0.160889,0.908936
0.438477,-0.326294,1.012207
-0.460083,-0.174316,0.720337
0.201416,0.013184,1.066895
0.050415,-0.356201,0.834473
-0.468506,0.168457,0.867065
0.475830,-0.279907,1.043701
-0.402344,-0.240723,0.734131
0.057373,0.071899,1.037231
0.169678,-0.382690,0.863892
-0.526978,0.101196,0.816650
0.471191,-0.233276,1.051636
-0.256592,-0.283936,0.765015
-0.081665,0.109619,0.997681
0.275024,-0.391724,0.903442
-0.553955,0.023315,0.757202
0.420044,-0.177490,1.054565
-0.179077,-0.304932,0.757935
-0.237183,0.169312,0.979126
0.351807,-0.358032,0.949097
-0.542847,-0.049683,0.742554
0.320312,-0.091553,1.058838
-0.103882,-0.348389,0.763306
-0.372070,0.175415,0.902222
0.417847,-0.308472,0.991699
-0.495117,-0.139038,0.711792
0.183472,-0.000610,1.053223
0.026245,-0.375732,0.824341
-0.490967,0.149048,0.850708
0.449951,-0.252686,1.026978
-0.421387,-0.188110,0.736450
0.026367,0.096313,1.026978
0.186035,-0.398315,0.858276
-0.546387,0.080078,0.800049
0.439453,-0.232544,1.034180
-0.262329,-0.301392,0.734741
-0.114502,0.134766,0.981445
0.290649,-0.370850,0.897583
-0.564575,0.027954,0.763428
0.382812,-0.177979,1.040771
-0.173462,-0.355103,0.736816
-0.269287,0.149780,0.933472
0.368408,-0.339233,0.942993
-0.556885,-0.019287,0.742798
0.272217,-0.064453,1.039673
-0.080322,-0.375000,0.770996
-0.417480,0.169189,0.877563
0.411987,-0.304199,0.989258
-0.511353,-0.090820,0.722046
0.137451,0.052002,1.032715
0.056396,-0.380249,0.824463
-0.525757,0.167725,0.840332
0.435669,-0.270752,1.015259
-0.386841,-0.210571,0.735229
0.014282,0.121826,1.021118
0.174194,-0.373779,0.856689
-0.579712,0.123169,0.798828
0.421631,-0.235352,1.008423
-0.263672,-0.301880,0.716675
-0.105957,0.121826,0.974976
0.275024,-0.381470,0.886597
-0.593506,0.085083,0.758179
0.384155,-0.171143,1.022095
-0.186157,-0.332642,0.728638
-0.240112,0.149658,0.933228
0.348511,-0.363525,0.930054
-0.581299,0.004761,0.728516
0.307983,-0.093994,1.022461
-0.125854,-0.355225,0.739990
-0.361938,0.169922,0.892578
0.393555,-0.354492,0.947632
-0.542847,-0.068848,0.707153
0.219727,0.001587,1.025513
-0.060181,-0.373047,0.753662
-0.458740,0.194458,0.874023
0.425171,-0.319580,0.975952
-0.503906,-0.114868,0.698120
0.119263,0.078125,1.015625
0.031250,-0.381470,0.793579
-0.524780,0.196289,0.847290
0.431030,-0.279785,0.990601
-0.422974,-0.169189,0.726929
0.046875,0.108032,1.025635
0.110596,-0.383423,0.818726
-0.576904,0.179321,0.819580
0.437134,-0.262817,1.001709
-0.348022,-0.239136,0.725952
-0.021606,0.125366,1.008057
0.196411,-0.396973,0.847656
-0.600586,0.158936,0.791626
0.428833,-0.222778,1.003540
-0.258545,-0.269897,0.732300
-0.113647,0.154663,0.977417
0.267212,-0.395020,0.873291
-0.602905,0.108276,0.774414
0.406128,-0.171265,1.017456
-0.206299,-0.318726,0.718628
-0.208496,0.169067,0.938477
0.329346,-0.376953,0.901733
-0.598022,0.067993,0.746582
0.363037,-0.129639,1.014160
-0.156616,-0.350342,0.719482
-0.285522,0.169556,0.910400
0.371216,-0.367188,0.919189
-0.572021,0.015015,0.728027
0.292969,-0.048828,1.020630
-0.107300,-0.381714,0.730713
-0.370117,0.187378,0.885620
0.395142,-0.347412,0.931763
-0.535645,-0.047852,0.716187
0.226074,0.005981,1.015869
-0.057739,-0.381226,0.753418
-0.455566,0.207153,0.864380
0.430420,-0.326782,0.960693
-0.497681,-0.116577,0.707886
0.148804,0.062744,1.017944
0.012695,-0.377319,0.772705
-0.526978,0.243164,0.858276
0.447510,-0.314575,0.970581
-0.435425,-0.169434,0.730713
0.067505,0.118042,1.033081
0.094482,-0.389404,0.815186
-0.567627,0.228271,0.827759
0.439209,-0.271362,0.977539
-0.357300,-0.225952,0.732544
0.002686,0.139771,1.014282
0.183472,-0.397217,0.843506
-0.590820,0.206177,0.813965
0.425903,-0.208618,0.995239
-0.273926,-0.251831,0.741455
-0.068970,0.146484,0.985596
0.256226,-0.387573,0.875244
-0.611084,0.167847,0.780029
0.406860,-0.175659,0.995483
-0.203247,-0.307373,0.725220
-0.153931,0.171387,0.962280
0.319824,-0.390503,0.900391
-0.598267,0.108154,0.760620
0.375732,-0.121948,1.006836
-0.157471,-0.336548,0.722290
-0.241333,0.184082,0.925781
0.377319,-0.387207,0.912231
-0.573120,0.047974,0.739624
0.313110,-0.070068,1.012695
-0.104370,-0.372437,0.717041
-0.330322,0.194946,0.885864
0.406494,-0.351318,0.931274
-0.546021,-0.029785,0.716309
0.238525,-0.013794,1.001831
-0.042480,-0.383057,0.737671
-0.414917,0.217651,0.865479
0.425293,-0.306641,0.953125
-0.495239,-0.102173,0.716553
0.154419,0.043335,1.011841
0.022705,-0.378540,0.778076
-0.497681,0.218018,0.830933
0.442261,-0.261597,0.975342
-0.418579,-0.160767,0.739746
0.073608,0.110596,1.019531
0.105957,-0.395264,0.810913
-0.554688,0.198975,0.805908
0.448608,-0.226807,0.992065
-0.317017,-0.210938,0.751953
-0.012939,0.143188,1.005371
0.198364,-0.397217,0.844727
-0.592163,0.175171,0.776367
0.440674,-0.189087,1.011475
-0.224731,-0.267822,0.741943
-0.099365,0.194336,0.989868
0.286377,-0.391846,0.879395
-0.596680,0.142700,0.777954
0.407104,-0.157715,1.004150
-0.147339,-0.322388,0.751099
-0.181152,0.182495,0.934448
0.349365,-0.368774,0.894897
-0.583862,0.113525,0.762695
0.366943,-0.106323,1.001831
-0.090088,-0.352661,0.740845
-0.270386,0.174072,0.887695
0.386108,-0.346313,0.926880
-0.554321,0.012207,0.731689
0.295410,-0.043213,0.999390
-0.041870,-0.390625,0.736572
-0.350098,0.170288,0.861816
0.420166,-0.312500,0.946167
-0.521484,-0.054321,0.719849
0.209839,0.025146,1.010986
0.010742,-0.406006,0.761841
-0.433105,0.166016,0.835083
0.442505,-0.290527,0.971680
-0.476685,-0.090210,0.732788
0.138672,0.075073,1.019897
0.070679,-0.394165,0.794312
-0.500000,0.179810,0.825195
0.451904,-0.270142,0.977417
-0.394409,-0.144287,0.760742
0.061401,0.127075,1.004150
0.139648,-0.380737,0.826660
-0.553345,0.153076,0.785522
0.459839,-0.243408,1.000854
-0.322510,-0.211670,0.747314
-0.020142,0.169922,1.005371
0.227295,-0.391724,0.855957
-0.580322,0.140991,0.775024
0.453613,-0.210693,1.014038
-0.224609,-0.250000,0.762085
-0.095337,0.183472,0.972168
0.292358,-0.381348,0.874268
-0.597046,0.135376,0.762329
0.435059,-0.177002,1.014526
-0.133667,-0.324585,0.776123
-0.168213,0.183105,0.939941
0.335449,-0.366821,0.899536
-0.576782,0.111816,0.765015
0.388184,-0.127075,1.016479
-0.079590,-0.361084,0.763184
-0.239746,0.174561,0.904297
0.378052,-0.352295,0.913086
-0.560303,0.044922,0.749390
0.322632,-0.076660,1.005615
-0.036377,-0.398438,0.758789
-0.302856,0.156250,0.872681
0.417969,-0.349243,0.933350
-0.539795,-0.009521,0.727295
0.259155,-0.021362,0.997314
0.012207,-0.424805,0.753052
-0.372803,0.136475,0.836914
0.444824,-0.329590,0.954712
-0.509399,-0.050903,0.731201
0.188110,0.054077,1.014038
0.055176,-0.409058,0.771729
-0.430176,0.122925,0.812500
0.459229,-0.329102,0.971436
-0.456299,-0.097900,0.747192
0.119995,0.110840,1.023071
0.092651,-0.387329,0.800293
-0.500854,0.143311,0.785522
0.467285,-0.308716,0.978638
-0.400024,-0.185425,0.750000
0.059082,0.144531,1.018677
0.157715,-0.411377,0.809570
-0.543213,0.151367,0.785767
0.473267,-0.285278,0.996460
-0.334106,-0.204102,0.761597
-0.005371,0.165161,1.019043
0.222778,-0.423706,0.842773
-0.568481,0.134766,0.769775
0.419556,-0.165405,1.007812
-0.254150,-0.235718,0.773682
-0.172485,0.180786,0.937134
0.336670,-0.359375,0.896118
-0.593384,0.134644,0.763306
0.378418,-0.130005,1.002075
-0.092651,-0.345825,0.759888
-0.224121,0.152100,0.905029
0.371338,-0.335693,0.923706
-0.574585,0.072144,0.745117
0.335815,-0.060547,1.008667
-0.058350,-0.390869,0.742432
-0.291870,0.161499,0.873047
0.396362,-0.319458,0.931763
-0.543213,0.003906,0.726929
0.290405,-0.034912,1.003418
-0.014771,-0.410889,0.747437
-0.351440,0.152222,0.857666
0.418213,-0.315186,0.943481
-0.522949,-0.020630,0.728149
0.235840,0.009277,1.010986
0.009766,-0.417725,0.756470
-0.406006,0.164307,0.826294
0.445435,-0.310059,0.962280
-0.497437,-0.063477,0.731567
0.170166,0.060913,1.026001
0.048462,-0.436890,0.764771
-0.445435,0.164795,0.823730
0.448242,-0.279907,0.973755
-0.476929,-0.074585,0.738037
0.126709,0.078003,1.017578
0.097046,-0.441895,0.788208
-0.501587,0.184082,0.814209
0.461060,-0.240479,0.987671
-0.415161,-0.111450,0.742432
0.074341,0.121704,1.026367
0.134277,-0.432861,0.807861
-0.537842,0.163818,0.793823
0.466064,-0.260986,0.985596
-0.364380,-0.161499,0.755615
0.025635,0.151245,1.011719
0.197510,-0.427856,0.839355
-0.560791,0.153442,0.772339
0.466064,-0.244019,0.988525
-0.294067,-0.195068,0.766479
-0.033203,0.169067,0.994629
0.245728,-0.428955,0.861816
-0.574341,0.129272,0.769409
0.454590,-0.242554,0.990479
-0.226196,-0.231079,0.776489
-0.089722,0.165894,0.968506
0.294189,-0.400024,0.892334
-0.573730,0.086426,0.762085
0.419556,-0.184082,1.006348
-0.150635,-0.315430,0.773804
-0.141113,0.158569,0.947388
0.335571,-0.388062,0.907104
-0.573364,0.080933,0.768555
0.384888,-0.124390,1.012817
-0.085693,-0.367310,0.759155
-0.202148,0.167236,0.924683
0.380371,-0.375854,0.917725
-0.553955,0.030029,0.751221
0.343506,-0.101929,1.007690
-0.041870,-0.404175,0.748169
-0.273682,0.158813,0.881348
0.415771,-0.364014,0.939087
-0.538086,-0.019775,0.737061
0.289673,-0.059326,1.003296
-0.006714,-0.428833,0.749634
-0.326538,0.147949,0.848877
0.440186,-0.354004,0.953125
-0.512451,-0.069092,0.732788
0.224121,-0.022705,1.005249
0.028809,-0.450195,0.753174
-0.398926,0.153442,0.825073
0.462158,-0.336548,0.957642
-0.482788,-0.095947,0.737427
0.173584,0.029907,1.017578
0.071289,-0.454102,0.767700
-0.444092,0.137207,0.806396
0.464722,-0.331177,0.966919
-0.433716,-0.125122,0.760620
0.118896,0.076538,1.018677
0.118652,-0.431396,0.802368
-0.504028,0.139526,0.782227
0.464722,-0.292358,0.979370
-0.377075,-0.185059,0.754883
0.059814,0.103638,1.025513
0.175415,-0.436035,0.825195
-0.536743,0.132812,0.766357
0.474854,-0.282837,0.994141
-0.316162,-0.201050,0.774170
-0.004150,0.132690,1.012451
0.237061,-0.441406,0.849854
-0.548584,0.096069,0.748047
0.453857,-0.247437,0.991821
-0.236572,-0.234619,0.785767
-0.072998,0.160522,0.992676
0.305176,-0.446899,0.874634
-0.559937,0.081299,0.760864
0.431396,-0.208618,1.000366
-0.165039,-0.285034,0.785889
-0.132080,0.154297,0.961914
0.357788,-0.419189,0.922485
-0.561523,0.070801,0.763916
0.402100,-0.165161,1.017090
-0.092041,-0.357666,0.787354
-0.197388,0.169678,0.941284
0.389771,-0.405762,0.928101
-0.541016,0.020142,0.755615
0.350342,-0.121460,1.011475
-0.041138,-0.405273,0.779053
-0.253296,0.147583,0.904663
0.421387,-0.398804,0.947632
-0.522705,-0.042480,0.750000
0.298096,-0.077026,1.001465
0.015991,-0.437256,0.772583
-0.310913,0.135620,0.870117
0.447876,-0.367065,0.959351
-0.492432,-0.081177,0.743286
0.243042,-0.038940,1.012573
0.054443,-0.442383,0.774902
-0.370605,0.126953,0.836060
0.477661,-0.373169,0.969360
-0.461426,-0.110352,0.748901
0.188477,0.014038,1.021729
0.084473,-0.447266,0.788574
-0.422607,0.107300,0.811523
0.486328,-0.345337,0.989624
-0.426880,-0.157471,0.744263
0.127930,0.063477,1.028442
0.122681,-0.460815,0.796631
-0.459351,0.119751,0.805054
0.492798,-0.329956,0.994629
-0.388916,-0.180298,0.755127
0.069946,0.095947,1.031982
0.191772,-0.475586,0.819580
-0.497681,0.101440,0.780273
0.495117,-0.312012,0.997803
-0.334839,-0.191162,0.783813
0.010132,0.111816,1.026001
0.245117,-0.480957,0.848267
-0.512939,0.078491,0.758789
0.475464,-0.274292,1.011719
-0.264038,-0.211914,0.807983
-0.041138,0.138062,1.014771
0.289062,-0.468994,0.876465
-0.526245,0.051514,0.754761
0.454224,-0.228882,1.020264
-0.204956,-0.253296,0.798706
-0.097290,0.170044,1.008789
0.341309,-0.456055,0.914673
-0.533203,0.049683,0.770508
0.431885,-0.187378,1.041016
-0.125122,-0.304810,0.804810
-0.145874,0.178711,0.992920
0.382202,-0.445801,0.932617
-0.528687,0.020996,0.775879
0.404663,-0.148926,1.045166
-0.060425,-0.356079,0.804932
-0.194336,0.167480,0.969360
0.413940,-0.433716,0.942627
-0.513672,-0.019287,0.767578
0.372803,-0.125122,1.039795
-0.001831,-0.388428,0.803345
-0.241455,0.171021,0.944458
0.442627,-0.415283,0.962036
-0.488403,-0.072876,0.758301
0.320801,-0.081909,1.039062
0.035034,-0.427979,0.801392
-0.287109,0.144653,0.907959
0.471924,-0.393921,0.986572
-0.472900,-0.107178,0.758423
0.278687,-0.050293,1.038574
0.071289,-0.441040,0.803467
-0.333984,0.135254,0.889038
0.493042,-0.363159,1.004761
-0.443359,-0.140137,0.755371
0.228882,-0.010864,1.037964
0.094727,-0.438232,0.808472
-0.379639,0.127319,0.858765
0.514282,-0.328979,1.025146
-0.411987,-0.168823,0.751587
0.168213,0.027954,1.037598
0.150146,-0.442871,0.831299
-0.411011,0.101685,0.830078
0.523804,-0.310181,1.035767
-0.378418,-0.190186,0.757935
0.110229,0.072632,1.042358
0.216064,-0.465576,0.856201
-0.438721,0.070312,0.800537
0.514771,-0.302734,1.031372
-0.329224,-0.198120,0.787354
0.051392,0.097290,1.032349
0.266479,-0.475464,0.876465
-0.468994,0.055420,0.786865
0.497559,-0.262329,1.043701
-0.271729,-0.215942,0.808472
0.002075,0.124512,1.036011
0.313354,-0.472534,0.902588
-0.486450,0.053101,0.782715
0.486328,-0.230225,1.057251
-0.214355,-0.242188,0.817993
-0.050293,0.154663,1.037476
0.354370,-0.457764,0.933105
-0.490479,0.051025,0.795166
0.468994,-0.185791,1.075073
-0.163086,-0.260864,0.827271
-0.083130,0.174438,1.037476
0.388916,-0.441772,0.954102
-0.494751,0.036377,0.804443
0.447510,-0.153564,1.076904
-0.087524,-0.292236,0.838135
-0.122192,0.180542,1.028931
0.418335,-0.418945,0.979004
-0.493530,0.004639,0.790649
0.424194,-0.130615,1.079102
-0.027100,-0.348267,0.849243
-0.159546,0.172852,1.007690
0.444214,-0.403320,0.996216
-0.474854,-0.023438,0.788818
0.397095,-0.100952,1.078247
0.022827,-0.377930,0.848511
-0.196533,0.176025,1.002808
0.467407,-0.391479,1.010010
-0.465942,-0.060303,0.785767
0.371216,-0.072021,1.086060
0.056641,-0.401611,0.846680
-0.226440,0.174194,0.988281
0.494873,-0.377319,1.026001
-0.449829,-0.092041,0.776978
0.330078,-0.042725,1.084106
0.085449,-0.398315,0.862915
-0.262329,0.163208,0.972656
0.516602,-0.352051,1.050171
-0.431641,-0.129517,0.773560
0.298584,-0.017334,1.087402
0.100952,-0.396362,0.865234
-0.297363,0.170654,0.956543
0.529907,-0.331055,1.060913
-0.403564,-0.150391,0.783936
0.260742,0.016602,1.079224
0.158936,-0.408081,0.882568
-0.343262,0.154175,0.929810
0.546143,-0.305298,1.082153
-0.370850,-0.182129,0.776245
0.206299,0.047974,1.079102
0.197510,-0.428833,0.891479
-0.368774,0.122681,0.895264
0.550781,-0.300537,1.088501
-0.333618,-0.201904,0.802612
0.155151,0.069946,1.069580
0.245728,-0.439453,0.910400
-0.388062,0.086792,0.857666
0.549683,-0.255005,1.089355
-0.290527,-0.213867,0.806396
0.106445,0.111816,1.080688
0.297363,-0.449097,0.935425
-0.416626,0.072266,0.839355
0.538818,-0.239136,1.096069
-0.241455,-0.223389,0.828613
0.054077,0.153931,1.087402
0.352051,-0.459595,0.957642
-0.445557,0.061279,0.826050
0.528076,-0.204346,1.109497
-0.192383,-0.224976,0.848145
-0.002563,0.180908,1.083252
0.394775,-0.448608,0.975830
-0.460205,0.046265,0.835938
0.511841,-0.158936,1.121094
-0.137939,-0.238647,0.862671
-0.048828,0.199829,1.084473
0.432617,-0.438110,1.003296
-0.462769,0.034302,0.828613
0.496826,-0.135010,1.120728
-0.065674,-0.268311,0.872192
-0.099731,0.222290,1.079224
0.458130,-0.404663,1.020752
-0.459473,0.000244,0.823364
0.464233,-0.106934,1.135376
0.006592,-0.325195,0.886963
-0.148682,0.227905,1.062866
0.491211,-0.386108,1.039917
-0.444580,-0.043579,0.814453
0.433960,-0.067627,1.141724
0.051270,-0.339355,0.892822
-0.190308,0.218750,1.044067
0.516602,-0.363647,1.064209
-0.426392,-0.083252,0.812988
0.393311,-0.031250,1.134644
0.066406,-0.343872,0.901489
-0.238647,0.217041,1.023193
0.546387,-0.335205,1.092651
-0.403320,-0.129517,0.798340
0.345947,0.005981,1.141479
0.114502,-0.363770,0.910156
-0.285889,0.203735,1.008911
0.565674,-0.308716,1.109131
-0.374634,-0.159546,0.809204
0.289062,0.041138,1.128174
0.177368,-0.390137,0.907593
-0.322998,0.179321,0.964600
0.577881,-0.281250,1.121338
-0.333130,-0.205200,0.813110
0.223511,0.068115,1.114746
0.232300,-0.418091,0.933960
-0.353271,0.119873,0.909546
0.579346,-0.264648,1.119141
-0.289551,-0.218384,0.828979
0.161865,0.104980,1.114136
0.295288,-0.414551,0.961060
-0.395630,0.097534,0.868164
0.573486,-0.236816,1.129517
-0.241821,-0.229370,0.851196
0.095215,0.135376,1.110962
0.343750,-0.427979,0.981445
-0.416138,0.101562,0.879517
0.559814,-0.193359,1.140381
-0.178345,-0.239380,0.866211
0.023438,0.167847,1.107056
0.390381,-0.408569,1.000732
-0.425049,0.068237,0.862183
0.543701,-0.149414,1.151489
-0.116943,-0.254395,0.886475
-0.033447,0.186646,1.106323
0.435181,-0.391479,1.025879
-0.431274,0.022339,0.851074
0.517578,-0.110840,1.163208
-0.022705,-0.307861,0.906982
-0.093384,0.192383,1.089111
0.470581,-0.365601,1.057251
-0.437988,-0.017090,0.841675
0.479370,-0.061401,1.170898
0.021973,-0.316284,0.904419
-0.153442,0.207764,1.068970
0.499878,-0.335449,1.073120
-0.431763,-0.057373,0.818604
0.428833,-0.025024,1.168457
0.047729,-0.339600,0.907593
-0.218384,0.217773,1.050171
0.536377,-0.301270,1.107544
-0.401245,-0.103760,0.814087
0.377563,0.009155,1.163574
0.115967,-0.355835,0.919312
-0.272705,0.197876,1.011597
0.561157,-0.272827,1.128662
-0.355225,-0.170654,0.813110
0.299561,0.052124,1.153198
0.184082,-0.388184,0.930542
-0.314941,0.147461,0.961304
0.580078,-0.261597,1.127930
-0.311890,-0.200317,0.827271
0.218506,0.090942,1.140747
0.256226,-0.421143,0.952515
-0.361938,0.110352,0.912354
0.575317,-0.234131,1.140869
-0.268188,-0.234619,0.833618
0.136963,0.128174,1.122070
0.324707,-0.413696,0.980347
-0.401123,0.091919,0.896118
0.558838,-0.194824,1.145630
-0.206909,-0.241211,0.859375
0.054565,0.152710,1.113770
0.380493,-0.397095,1.003418
-0.424072,0.059692,0.867554
0.545044,-0.157837,1.153687
-0.120972,-0.260742,0.885254
-0.025879,0.183594,1.096436
0.417847,-0.375000,1.022705
-0.429810,0.010742,0.855225
0.514648,-0.111206,1.171631
-0.031006,-0.321289,0.887695
-0.090942,0.193481,1.081055
0.457397,-0.353149,1.044678
-0.436035,-0.025513,0.835327
0.468872,-0.067749,1.177856
-0.008911,-0.327515,0.873047
-0.169556,0.229858,1.070312
0.502441,-0.323608,1.081543
-0.424683,-0.072510,0.816162
0.422729,-0.016846,1.175171
0.042725,-0.341553,0.889648
-0.244995,0.214233,1.041382
0.546631,-0.301758,1.105835
-0.390991,-0.130737,0.810303
0.342896,0.024292,1.166138
0.120483,-0.362549,0.906982
-0.304443,0.165283,0.972900
0.569458,-0.282837,1.121216
-0.342041,-0.201172,0.816406
0.245605,0.067383,1.154175
0.210815,-0.395996,0.920654
-0.370605,0.141357,0.924072
0.568115,-0.250122,1.122559
-0.285767,-0.242432,0.822266
0.151855,0.096802,1.123657
0.284302,-0.393677,0.958374
-0.414185,0.098755,0.893799
0.558228,-0.201294,1.146606
-0.225708,-0.266113,0.845703
0.058594,0.139893,1.108643
0.349976,-0.388306,0.985474
-0.425903,0.052979,0.868652
0.536621,-0.151978,1.155518
-0.132446,-0.305542,0.853638
-0.027710,0.152222,1.085571
0.401245,-0.381958,1.010132
-0.434082,0.014526,0.849609
0.506714,-0.110962,1.167236
-0.063477,-0.322021,0.852051
-0.107178,0.183960,1.061523
0.450195,-0.348267,1.040161
-0.442871,-0.039307,0.820801
0.458008,-0.061768,1.171875
-0.027710,-0.325317,0.863159
-0.205322,0.214355,1.052612
0.496582,-0.328125,1.071533
-0.436401,-0.092773,0.807861
0.386719,-0.015015,1.165527
0.040283,-0.344971,0.873535
-0.281738,0.198975,1.003540
0.532227,-0.294800,1.099121
-0.396118,-0.150391,0.802856
0.298340,0.020996,1.145874
0.127441,-0.383179,0.890869
-0.343506,0.162109,0.937622
0.543945,-0.268066,1.105713
-0.333740,-0.228638,0.806519
0.194824,0.072266,1.126587
0.217407,-0.401245,0.925049
-0.406250,0.128662,0.899536
0.550903,-0.239990,1.120483
-0.282593,-0.250244,0.820801
0.096313,0.104614,1.103638
0.285278,-0.393188,0.944214
-0.428833,0.074463,0.863403
0.532471,-0.179565,1.131714
-0.199463,-0.289429,0.835571
0.006714,0.124390,1.072266
0.342773,-0.385254,0.965698
-0.448242,0.034546,0.845215
0.510864,-0.150269,1.141724
-0.119873,-0.317505,0.824219
-0.081543,0.151978,1.058472
0.395996,-0.366699,0.996216
-0.466431,-0.008911,0.820068
0.468628,-0.106934,1.143799
-0.087402,-0.312134,0.826660
-0.181885,0.198242,1.047974
0.445312,-0.343628,1.033203
-0.467163,-0.066895,0.798950
0.408936,-0.062744,1.150635
-0.040039,-0.324585,0.842651
-0.266968,0.204468,1.005493
0.491699,-0.329224,1.058716
-0.435059,-0.140991,0.776489
0.330933,0.002197,1.138916
0.031006,-0.336792,0.852661
-0.327759,0.171875,0.950073
0.523926,-0.304321,1.078979
-0.392090,-0.202393,0.771362
0.239990,0.036987,1.133545
0.128662,-0.394409,0.873169
-0.397095,0.160767,0.910400
0.524048,-0.267212,1.094971
-0.351929,-0.234863,0.782349
0.142700,0.072632,1.104126
0.203125,-0.401733,0.900391
-0.441528,0.110229,0.872314
0.528564,-0.226807,1.109253
-0.306519,-0.268066,0.787842
0.048462,0.094727,1.070068
0.265625,-0.404297,0.918091
-0.469971,0.083496,0.852417
0.515625,-0.211670,1.105225
-0.205933,-0.284058,0.806519
-0.024414,0.115234,1.057983
0.308105,-0.394043,0.936401
-0.485352,0.026733,0.813232
0.499268,-0.180176,1.112915
-0.162964,-0.287598,0.805176
-0.112183,0.145752,1.034058
0.357422,-0.390015,0.959839
-0.492432,-0.020020,0.804688
0.453491,-0.132690,1.120239
-0.137451,-0.279907,0.809937
-0.207642,0.181885,1.011108
0.410522,-0.362793,0.994507
-0.491943,-0.067505,0.786133
0.396973,-0.092407,1.114746
-0.089233,-0.284058,0.826172
-0.282837,0.191895,0.972412
0.450806,-0.330688,1.026978
-0.475464,-0.138672,0.747437
0.330078,-0.044067,1.112915
-0.019531,-0.328003,0.830444
-0.351685,0.195312,0.932251
0.479126,-0.309326,1.037231
-0.437622,-0.182861,0.737427
0.245972,0.000000,1.100342
0.058228,-0.386597,0.846436
-0.424683,0.182739,0.905029
0.492432,-0.279419,1.055786
-0.409058,-0.230713,0.744141
0.149414,0.042603,1.083618
0.134399,-0.406860,0.867432
-0.454834,0.146362,0.870239
0.490967,-0.244019,1.063721
-0.377563,-0.202026,0.774658
0.078613,0.065674,1.064453
0.192139,-0.423950,0.875854
-0.490479,0.119751,0.849243
0.489380,-0.236938,1.064697
-0.293945,-0.221069,0.790405
0.005127,0.088013,1.047729
0.249512,-0.425659,0.894531
-0.511963,0.083008,0.826538
0.479492,-0.211670,1.075928
-0.238037,-0.244751,0.785400
-0.069702,0.120728,1.021973
0.306152,-0.420166,0.916870
-0.524170,0.036499,0.791260
0.457642,-0.177490,1.075562
-0.204590,-0.264282,0.769409
-0.156128,0.161987,1.013916
0.349976,-0.383179,0.958252
-0.526978,-0.014038,0.781616
0.417847,-0.130493,1.085815
-0.179932,-0.276123,0.761597
-0.243164,0.173706,0.972900
0.400024,-0.374146,0.979370
-0.531738,-0.061768,0.750732
0.359863,-0.087891,1.081665
-0.127808,-0.295166,0.783813
-0.312012,0.177368,0.938354
0.423096,-0.350830,0.999512
-0.506836,-0.125854,0.722900
0.291504,-0.035645,1.086792
-0.059937,-0.353760,0.788574
-0.383667,0.184082,0.911377
0.442261,-0.323975,1.004883
-0.469482,-0.186768,0.717651
0.211792,0.007446,1.074219
0.005005,-0.373291,0.813110
-0.443604,0.177612,0.881226
0.463135,-0.298584,1.024658
-0.444580,-0.219849,0.726807
0.136108,0.038086,1.056152
0.080933,-0.390991,0.835815
-0.498047,0.178345,0.856934
0.474854,-0.275879,1.037842
-0.391113,-0.232178,0.750122
0.055054,0.074951,1.041016
0.140625,-0.421509,0.839844
-0.528442,0.135864,0.819946
0.468262,-0.254883,1.033691
-0.311768,-0.244507,0.771729
-0.013428,0.101074,1.026367
0.207031,-0.421997,0.859985
-0.542480,0.095581,0.796997
0.453491,-0.233643,1.037598
-0.257690,-0.269531,0.755615
-0.089966,0.125366,1.003662
0.266968,-0.422485,0.878418
-0.562012,0.058960,0.770996
0.430664,-0.192871,1.039429
-0.222656,-0.290527,0.741577
-0.169922,0.157471,0.989380
0.321167,-0.404297,0.914185
-0.562256,0.004272,0.753418
0.387939,-0.152466,1.046875
-0.188721,-0.299561,0.748657
-0.254395,0.181519,0.971924
0.368042,-0.381470,0.945679
-0.563477,-0.034058,0.729736
0.337280,-0.093140,1.054321
-0.151611,-0.339966,0.741211
-0.315918,0.182617,0.933350
0.405151,-0.361328,0.955444
-0.550903,-0.070435,0.717529
0.269653,-0.050659,1.048096
-0.098877,-0.367188,0.755737
-0.388794,0.201660,0.908691
0.427368,-0.335938,0.989014
-0.526978,-0.125244,0.697266
0.208740,-0.006104,1.043579
-0.034058,-0.392456,0.776489
-0.463989,0.207764,0.883667
0.445679,-0.308105,1.003662
-0.499023,-0.160522,0.698120
0.132080,0.046631,1.033691
0.041016,-0.402954,0.802124
-0.518799,0.192993,0.859619
0.456909,-0.286621,1.010742
-0.428345,-0.185425,0.740601
0.049194,0.081055,1.038696
0.114624,-0.415283,0.829224
-0.545288,0.153809,0.822144
0.444580,-0.250854,1.006348
-0.347778,-0.218872,0.746094
-0.017212,0.105469,1.013184
0.187622,-0.428833,0.844727
-0.573975,0.125854,0.789429
0.433472,-0.233765,1.002686
-0.284058,-0.253418,0.738647
-0.081177,0.126221,0.990479
0.247681,-0.424561,0.864624
-0.589844,0.093628,0.775146
0.415283,-0.194214,1.015991
-0.234619,-0.298706,0.719849
-0.166748,0.151001,0.970947
0.306396,-0.392822,0.901611
-0.593750,0.049316,0.746338
0.377930,-0.154907,1.022461
-0.197876,-0.331543,0.725586
-0.249268,0.176758,0.940063
0.351929,-0.371948,0.928955
-0.577637,-0.004639,0.736938
0.327515,-0.099365,1.026978
-0.162476,-0.354126,0.718262
-0.325806,0.190308,0.915283
0.387329,-0.367798,0.947388
-0.563965,-0.046509,0.711182
0.262451,-0.039062,1.030884
-0.105225,-0.391846,0.734741
-0.411743,0.213257,0.897339
0.416382,-0.347290,0.967041
-0.540527,-0.071167,0.708496
0.189941,0.013428,1.028442
-0.036865,-0.393921,0.769897
-0.481567,0.215210,0.872803
0.431519,-0.315430,0.985352
-0.506470,-0.121338,0.713867
0.116699,0.057129,1.021118
0.042847,-0.383057,0.806885
-0.530396,0.204834,0.845703
0.441284,-0.279907,0.988892
-0.435181,-0.181519,0.720093
0.048096,0.101807,1.019409
0.114136,-0.406006,0.822754
-0.562134,0.181519,0.831665
0.434692,-0.254150,0.993774
-0.350464,-0.219482,0.742065
-0.011475,0.115234,1.004639
0.183594,-0.413330,0.843628
-0.586670,0.153809,0.787842
0.425903,-0.214966,1.008301
-0.282227,-0.266724,0.737305
-0.090454,0.136475,0.982178
0.246826,-0.403442,0.867676
-0.602173,0.115967,0.767334
0.410889,-0.179321,1.018555
-0.226318,-0.314819,0.722290
-0.174072,0.169922,0.962402
0.306763,-0.393677,0.892456
-0.599976,0.085693,0.756836
0.379639,-0.139160,1.015747
-0.174683,-0.350952,0.711792
-0.252563,0.190552,0.931763
0.349976,-0.388916,0.906128
-0.593018,0.041992,0.739868
0.337402,-0.094116,1.020630
-0.137329,-0.370850,0.719971
-0.327515,0.211914,0.907349
0.386108,-0.369873,0.922974
-0.567261,-0.008911,0.723267
0.174316,0.014648,1.039795
-0.092529,-0.386597,0.728638
-0.489136,0.196289,0.865479
0.436646,-0.296143,0.997070
-0.479614,-0.145142,0.728394
0.104126,0.041626,1.024780
0.085083,-0.406006,0.818970
-0.536255,0.174683,0.838013
0.433838,-0.264648,1.003784
-0.403564,-0.216064,0.739380
0.033325,0.087158,1.024414
0.158447,-0.421021,0.839355
-0.562500,0.153687,0.810547
0.438354,-0.249634,0.999146
-0.320923,-0.246826,0.743408
-0.037354,0.103760,0.997803
0.212524,-0.414307,0.856445
-0.576782,0.110229,0.785034
0.422485,-0.208496,1.021118
-0.264282,-0.284790,0.731812
-0.111328,0.130127,0.977661
0.269409,-0.403687,0.888306
-0.586426,0.077759,0.765259
0.397461,-0.172974,1.025513
-0.216675,-0.322632,0.716553
-0.200317,0.170654,0.962524
0.319336,-0.395142,0.908936
-0.581299,0.049194,0.753540
0.369507,-0.139771,1.029663
-0.186890,-0.341553,0.717041
-0.274048,0.181152,0.932495
0.360474,-0.393677,0.918457
-0.580200,0.001953,0.734741
0.325073,-0.091309,1.035156
-0.146606,-0.358154,0.724243
-0.349854,0.200562,0.906860
0.386963,-0.373047,0.935059
-0.560425,-0.039062,0.712646
0.264526,-0.042236,1.035034
-0.092529,-0.372192,0.747192
-0.422974,0.203491,0.885010
0.408447,-0.356079,0.946777
-0.541626,-0.089600,0.694824
0.194458,0.002808,1.025391
-0.035034,-0.392822,0.764038
-0.481323,0.228394,0.873291
0.424805,-0.313232,0.977661
-0.509521,-0.146484,0.698608
0.119873,0.052246,1.019043
0.042725,-0.414062,0.786499
-0.524902,0.229248,0.862793
0.440308,-0.281860,0.981812
-0.442383,-0.170898,0.731079
0.064087,0.089600,1.023560
0.109253,-0.414429,0.816284
-0.562378,0.202393,0.828003
0.437012,-0.263916,0.990234
-0.371460,-0.198730,0.741455
0.004272,0.106201,1.008179
0.175171,-0.413940,0.840698
-0.588135,0.176636,0.802490
0.424561,-0.221191,0.997070
-0.297607,-0.263428,0.721436
-0.068848,0.127441,0.983398
0.231689,-0.412476,0.862671
-0.594360,0.133301,0.782471
0.402832,-0.187012,0.998779
-0.247681,-0.286255,0.721558
-0.145630,0.163208,0.962769
0.295044,-0.405273,0.885132
-0.604370,0.110840,0.763794
0.390991,-0.158813,1.002197
-0.194946,-0.317627,0.720459
-0.210571,0.169312,0.937012
0.339600,-0.390015,0.902466
-0.597168,0.067505,0.746704
0.354492,-0.117310,1.018188
-0.159912,-0.356079,0.716553
-0.282837,0.192627,0.911133
0.370483,-0.380127,0.912598
-0.577881,0.019165,0.731445
0.309326,-0.070312,1.015259
-0.120972,-0.375366,0.715942
-0.347900,0.210449,0.901245
0.395020,-0.355347,0.932251
-0.560059,-0.030640,0.719971
0.246460,-0.032837,1.006958
-0.077026,-0.391968,0.733521
-0.406494,0.216431,0.882202
0.411987,-0.329468,0.955688
-0.533936,-0.069702,0.712524
0.187988,0.006470,0.998657
-0.035278,-0.390381,0.755981
-0.468384,0.224121,0.869385
0.422607,-0.304199,0.961304
-0.502197,-0.107300,0.720459
0.134521,0.051880,1.012573
0.024536,-0.393188,0.783569
-0.515869,0.232910,0.857788
0.434570,-0.274292,0.968506
-0.445068,-0.144775,0.732910
0.084351,0.084839,1.019287
0.080933,-0.407715,0.802368
-0.546509,0.217651,0.830566
0.439331,-0.242554,0.992676
-0.388306,-0.168579,0.741577
0.034180,0.110596,1.015137
0.149414,-0.415039,0.822754
-0.576172,0.204468,0.812378
0.442017,-0.219482,0.998535
-0.315186,-0.217529,0.742554
-0.018677,0.137817,0.997559
0.203491,-0.409302,0.846191
-0.595947,0.181396,0.784668
0.432617,-0.196899,1.000366
-0.258057,-0.275757,0.734741
-0.077515,0.161133,0.984131
0.245972,-0.403320,0.868896
-0.602295,0.147095,0.774292
0.427368,-0.162964,1.012085
-0.217407,-0.291626,0.730591
-0.139404,0.187866,0.957153
0.296021,-0.393799,0.882324
-0.601562,0.120361,0.757935
0.408081,-0.143799,1.010742
-0.173706,-0.320923,0.728760
-0.191528,0.194214,0.944336
0.337524,-0.401611,0.893311
-0.595215,0.091064,0.744507
0.381470,-0.118164,1.012207
-0.139282,-0.337036,0.729980
-0.242432,0.193237,0.917480
0.359741,-0.385864,0.905273
-0.582397,0.056152,0.747070
0.352295,-0.076904,1.022217
-0.102295,-0.366699,0.726807
-0.285645,0.210327,0.901367
0.387207,-0.375488,0.913086
-0.561157,0.028320,0.734985
0.319702,-0.047729,1.009277
-0.067993,-0.376099,0.726929
-0.331787,0.211914,0.884033
0.403442,-0.364624,0.921387
-0.561279,-0.017578,0.715454
0.276367,-0.034668,1.000244
-0.042114,-0.405640,0.734131
-0.369629,0.217896,0.869995
0.419556,-0.344604,0.935669
-0.551025,-0.031128,0.706665
0.227173,-0.016479,0.998657
-0.021240,-0.399414,0.750000
-0.402954,0.216675,0.863403
0.433716,-0.329224,0.944702
-0.536255,-0.066040,0.709473
0.191040,0.011475,1.003784
0.005005,-0.398804,0.764282
-0.433350,0.223145,0.862061
0.441284,-0.307373,0.955322
-0.514648,-0.094116,0.712524
0.153198,0.035522,0.999146
0.033691,-0.412842,0.770020
-0.465088,0.219727,0.849854
0.456909,-0.287598,0.963867
-0.483032,-0.092529,0.742798
0.124756,0.057495,1.010742
0.067261,-0.417480,0.778931
-0.491211,0.215820,0.831421
0.460815,-0.265137,0.974487
-0.451294,-0.110474,0.738770
0.098755,0.086670,1.017456
0.094604,-0.417603,0.793091
-0.520630,0.201660,0.819092
0.464233,-0.261353,0.982666
-0.416748,-0.122437,0.750732
0.066772,0.115356,1.014526
0.126953,-0.403931,0.821045
-0.542480,0.186279,0.806396
0.464111,-0.250122,0.987671
-0.385742,-0.148315,0.743164
0.031128,0.131714,1.014404
0.161377,-0.412842,0.834351
-0.555298,0.168945,0.795044
0.460938,-0.236938,0.983154
-0.337158,-0.160522,0.768555
-0.010742,0.152466,1.000122
0.208618,-0.418335,0.845581
-0.563354,0.162109,0.780273
0.458618,-0.208252,1.000977
-0.299927,-0.165405,0.771118
-0.039917,0.151489,0.982666
0.236328,-0.410156,0.859375
-0.578125,0.142090,0.766846
0.454712,-0.184692,1.010010
-0.252930,-0.208496,0.765381
-0.070801,0.179077,0.985107
0.267212,-0.413086,0.871460
-0.582153,0.130127,0.765625
0.447754,-0.177734,1.011353
-0.213379,-0.237427,0.769653
-0.114014,0.195435,0.977539
0.310181,-0.413086,0.890137
-0.590454,0.109985,0.756104
0.432495,-0.160889,1.011841
-0.169067,-0.272705,0.781372
-0.146606,0.196655,0.955566
0.331299,-0.406128,0.902588
-0.581665,0.103027,0.762939
0.406372,-0.143677,1.014526
-0.135742,-0.306396,0.770996
-0.175049,0.201294,0.945923
0.357422,-0.390991,0.915161
-0.577759,0.098877,0.762939
0.392334,-0.120483,1.010986
-0.100708,-0.344238,0.765381
-0.199829,0.196899,0.937988
0.373779,-0.389404,0.915527
-0.563843,0.076294,0.765991
0.370728,-0.105347,1.006470
-0.073608,-0.366943,0.759888
-0.239990,0.199707,0.914429
0.397217,-0.372437,0.926758
-0.550903,0.047607,0.753052
0.349731,-0.079956,1.008179
-0.050781,-0.385498,0.752930
-0.273804,0.193237,0.897705
0.409180,-0.373901,0.935791
-0.543823,0.011597,0.742065
0.325317,-0.068481,0.998657
-0.034180,-0.403320,0.752075
-0.299316,0.179565,0.877075
0.417847,-0.371582,0.933960
-0.540405,-0.027466,0.734131
0.299194,-0.053955,1.003662
-0.019165,-0.413208,0.743164
-0.318970,0.171265,0.872192
0.430664,-0.368774,0.944336
-0.530884,-0.030273,0.730713
0.271484,-0.037354,1.004517
0.004883,-0.410400,0.752075
-0.341187,0.162476,0.859375
0.444824,-0.361084,0.946533
-0.522949,-0.056641,0.735840
0.247681,-0.016968,1.009033
0.023438,-0.432495,0.751465
-0.367065,0.164185,0.849365
0.455566,-0.362305,0.955811
-0.513428,-0.067017,0.729248
0.222290,0.008911,1.005493
0.042847,-0.445190,0.753418
-0.390747,0.167969,0.847900
0.458252,-0.353638,0.958618
-0.499756,-0.076172,0.742188
0.191772,0.013306,1.003662
0.054077,-0.447388,0.761108
-0.402832,0.153687,0.828735
0.462280,-0.350830,0.960083
-0.490356,-0.101196,0.731689
0.177002,0.018677,1.005859
0.072388,-0.445923,0.777588
-0.435669,0.155762,0.818481
0.469482,-0.338257,0.965332
-0.466919,-0.133301,0.732422
0.143433,0.053589,1.012817
0.092896,-0.446045,0.778320
-0.452759,0.149780,0.813477
0.473999,-0.321045,0.970093
-0.443726,-0.152466,0.732422
0.111694,0.063477,1.011230
0.116211,-0.445679,0.792725
-0.473022,0.145752,0.802246
0.478271,-0.295410,0.988525
-0.414795,-0.148438,0.756348
0.094604,0.074219,1.008545
0.144287,-0.447021,0.804565
-0.488647,0.132935,0.786743
0.482300,-0.296021,0.992310
-0.385010,-0.162964,0.760132
0.052246,0.094238,1.007446
0.179565,-0.459839,0.817505
-0.512207,0.114624,0.772705
0.479736,-0.283081,0.990356
-0.345947,-0.188599,0.764160
0.012207,0.114746,1.015503
0.220825,-0.473389,0.835693
-0.526001,0.089233,0.756226
0.473022,-0.275391,1.001465
-0.305298,-0.191406,0.775635
-0.018921,0.130737,1.011963
0.255371,-0.469849,0.854736
-0.533447,0.077515,0.754883
0.460449,-0.259033,1.002563
-0.268799,-0.237183,0.775024
-0.057007,0.156738,1.007568
0.291138,-0.456177,0.882935
-0.544434,0.081177,0.762573
0.446655,-0.237915,1.005859
-0.222168,-0.254028,0.785522
-0.080444,0.156982,0.991333
0.321777,-0.444092,0.897461
-0.551636,0.077759,0.767212
0.437988,-0.208862,1.016235
-0.170654,-0.263672,0.796997
-0.117798,0.157471,0.973389
0.339966,-0.435425,0.909180
-0.536621,0.066284,0.777588
0.419800,-0.173828,1.030762
-0.129761,-0.290527,0.803101
-0.160400,0.150879,0.967773
0.375366,-0.440552,0.925415
-0.527466,0.032715,0.770386
0.399658,-0.148560,1.029663
-0.076294,-0.345337,0.800415
-0.201050,0.145874,0.949707
0.403198,-0.429810,0.936279
-0.521362,0.000000,0.767090
0.376221,-0.122437,1.034058
-0.040649,-0.359009,0.802856
-0.233765,0.137085,0.937012
0.420166,-0.427856,0.941406
-0.509033,-0.033691,0.756104
0.344482,-0.091064,1.035645
0.009644,-0.391724,0.803955
-0.269653,0.145630,0.914551
0.446655,-0.423096,0.954834
-0.500977,-0.062744,0.752686
0.327881,-0.066406,1.035889
0.034058,-0.403076,0.798340
-0.308960,0.144775,0.891602
0.457031,-0.408447,0.963257
-0.479614,-0.096313,0.751953
0.290405,-0.048828,1.036133
0.062866,-0.429932,0.797852
-0.331421,0.144043,0.891602
0.482056,-0.394897,0.977173
-0.464844,-0.124268,0.748413
0.256226,-0.032471,1.033203
0.082275,-0.423584,0.807495
-0.348877,0.124146,0.871338
0.484131,-0.365967,0.987793
-0.447510,-0.148804,0.741333
0.216309,-0.004639,1.038208
0.101807,-0.425903,0.816528
-0.380127,0.119263,0.846558
0.494141,-0.346558,1.007935
-0.425537,-0.165283,0.745239
0.178955,0.017822,1.043091
0.134155,-0.446167,0.830200
-0.407349,0.136475,0.851196
0.505981,-0.342896,1.008179
-0.401733,-0.198120,0.747803
0.138428,0.047607,1.038940
0.180298,-0.461914,0.838013
-0.429199,0.133423,0.846191
0.514404,-0.334717,1.011108
-0.375732,-0.217163,0.745850
0.099854,0.072632,1.043091
0.227051,-0.466675,0.859253
-0.442627,0.106079,0.813599
0.510254,-0.299438,1.029907
-0.343994,-0.232910,0.762451
0.068604,0.096802,1.037476
0.261475,-0.471069,0.876343
-0.453369,0.079712,0.805298
0.503418,-0.293823,1.030884
-0.303223,-0.223267,0.793457
0.039673,0.105347,1.039185
0.289551,-0.476807,0.889282
-0.467041,0.070679,0.804810
0.495605,-0.267944,1.041504
-0.265015,-0.238281,0.800415
0.003906,0.125610,1.044312
0.316284,-0.462891,0.913086
-0.484253,0.073608,0.797852
0.494507,-0.248291,1.045166
-0.221924,-0.253540,0.812378
-0.034302,0.150757,1.042847
0.342896,-0.451050,0.932251
-0.483032,0.055542,0.799194
0.475952,-0.205078,1.066528
-0.173096,-0.238403,0.844116
-0.061523,0.161133,1.042358
0.371216,-0.447754,0.950317
-0.488037,0.041504,0.796997
0.465332,-0.168457,1.083618
-0.130127,-0.242310,0.856812
-0.092651,0.165039,1.043823
0.393555,-0.440430,0.963135
-0.478271,0.020874,0.804810
0.458130,-0.145874,1.086182
-0.083984,-0.271851,0.863403
-0.122437,0.178345,1.031250
0.419067,-0.433838,0.976807
-0.472412,-0.000610,0.799561
0.441040,-0.121460,1.086670
-0.035522,-0.305420,0.860229
-0.147949,0.182251,1.036011
0.440308,-0.415405,0.996460
-0.474609,-0.029663,0.794922
0.423584,-0.098999,1.102661
0.001221,-0.340454,0.864014
-0.173462,0.190918,1.020264
0.462524,-0.418213,1.004517
-0.462158,-0.061523,0.787476
0.405151,-0.088257,1.096436
0.037720,-0.352783,0.875000
-0.197632,0.187744,1.019409
0.480469,-0.387085,1.028198
-0.450317,-0.083984,0.780151
0.381836,-0.054077,1.106812
0.058350,-0.366821,0.863770
-0.217773,0.204590,1.011475
0.510254,-0.374023,1.034424
-0.442017,-0.099854,0.781982
0.361694,-0.040039,1.108398
0.078491,-0.377563,0.871704
-0.252930,0.202759,1.010620
0.518799,-0.359863,1.050659
-0.416016,-0.129395,0.782593
0.330933,-0.024780,1.103638
0.097900,-0.376343,0.883667
-0.276367,0.201538,0.994507
0.538452,-0.344727,1.066895
-0.405273,-0.150635,0.777100
0.303711,-0.000854,1.103882
0.125854,-0.372803,0.895142
-0.300903,0.196655,0.981079
0.555176,-0.317749,1.090820
-0.394531,-0.158203,0.787354
0.263794,0.026367,1.102783
0.167847,-0.405273,0.897461
-0.330933,0.162354,0.942261
0.561157,-0.298462,1.098145
-0.363892,-0.188354,0.794678
0.236084,0.044434,1.102905
0.202637,-0.418579,0.908813
-0.349487,0.151855,0.923096
0.570923,-0.290039,1.105103
-0.339111,-0.204956,0.802246
0.196899,0.057983,1.099976
0.232300,-0.437012,0.909912
-0.359009,0.132202,0.905884
0.582886,-0.277466,1.112061
-0.312256,-0.214111,0.810303
0.164307,0.085815,1.089844
0.265503,-0.441040,0.928223
-0.372314,0.098633,0.886719
0.569214,-0.266846,1.115356
-0.278076,-0.226196,0.830322
0.132080,0.105591,1.091797
0.301270,-0.433716,0.944336
-0.395386,0.088623,0.867188
0.567627,-0.230957,1.123657
-0.244995,-0.241333,0.843262
0.100464,0.128662,1.100952
0.324829,-0.432495,0.959595
-0.408447,0.088135,0.867432
0.554077,-0.209473,1.130493
-0.216553,-0.232788,0.856689
0.058228,0.155640,1.101685
0.357178,-0.446777,0.972778
-0.427612,0.084473,0.860840
0.546997,-0.192261,1.133667
-0.186768,-0.234619,0.869995
0.039185,0.175781,1.110229
0.385498,-0.427734,0.990112
-0.441162,0.079834,0.856079
0.540894,-0.174683,1.136230
-0.148438,-0.237549,0.880249
0.003662,0.197632,1.116821
0.412231,-0.413208,1.009399
-0.448730,0.057861,0.856812
0.530151,-0.155640,1.143555
-0.112915,-0.242310,0.887207
-0.025879,0.209961,1.115967
0.440186,-0.405029,1.024536
-0.448608,0.037720,0.854004
0.520020,-0.137695,1.155884
-0.065796,-0.288086,0.889038
-0.049438,0.207153,1.108887
0.461426,-0.398193,1.040894
-0.449585,0.020752,0.851929
0.507202,-0.125366,1.151123
-0.023682,-0.314941,0.891602
-0.079224,0.202148,1.100586
0.471436,-0.375610,1.050781
-0.442383,0.014038,0.854614
0.488647,-0.099121,1.158081
0.002686,-0.327637,0.890503
-0.103027,0.214233,1.101318
0.478638,-0.354736,1.069092
-0.451660,-0.004761,0.846558
0.479126,-0.084717,1.163818
0.008667,-0.347290,0.879883
-0.134155,0.213257,1.084595
0.502808,-0.343018,1.077881
-0.443359,-0.029053,0.833496
0.461792,-0.056274,1.173462
0.006104,-0.337280,0.886108
-0.165161,0.214355,1.065308
0.523804,-0.333984,1.090576
-0.431274,-0.047607,0.820679
0.436157,-0.027344,1.178955
0.024292,-0.338623,0.893188
-0.190918,0.216309,1.062134
0.536255,-0.322388,1.107300
-0.419678,-0.061768,0.827148
0.415161,-0.023804,1.173340
0.043579,-0.358154,0.889404
-0.218506,0.217041,1.055786
0.542969,-0.321045,1.110596
-0.409546,-0.076050,0.822632
0.400024,-0.010498,1.170044
0.059692,-0.353760,0.900879
-0.244995,0.209717,1.032959
0.552124,-0.318481,1.111206
-0.397949,-0.101074,0.818726
0.363647,0.013916,1.167603
0.080933,-0.354370,0.909302
-0.259888,0.196411,1.019043
0.556030,-0.315430,1.117920
-0.382690,-0.116211,0.814453
0.345215,0.024048,1.166382
0.100830,-0.366089,0.907715
-0.277832,0.179199,0.992676
0.570679,-0.309448,1.124268
-0.371826,-0.143311,0.813232
0.316528,0.044189,1.159424
0.124023,-0.370605,0.908813
-0.293701,0.168579,0.976685
0.577881,-0.297119,1.125244
-0.359741,-0.172485,0.808960
0.285645,0.049316,1.153931
0.153076,-0.381836,0.912231
-0.322510,0.155273,0.955078
0.578247,-0.287720,1.123169
-0.338745,-0.192871,0.821167
0.249634,0.072144,1.142090
0.177979,-0.389893,0.918945
-0.334961,0.130493,0.936768
0.573975,-0.277222,1.133667
-0.331299,-0.213745,0.813965
0.216431,0.081299,1.143677
0.203979,-0.412231,0.920532
-0.370239,0.135010,0.919312
0.569092,-0.271240,1.120972
-0.308716,-0.229736,0.819702
0.179199,0.093872,1.123047
0.232300,-0.402344,0.926514
-0.399048,0.130859,0.908203
0.565918,-0.256348,1.123291
-0.286255,-0.243530,0.834229
0.138306,0.105347,1.116211
0.262451,-0.399170,0.944946
-0.411255,0.107910,0.883667
0.558472,-0.238403,1.122314
-0.266724,-0.262817,0.816772
0.101318,0.111206,1.105835
0.296387,-0.389648,0.957031
-0.429565,0.092896,0.878418
0.548462,-0.213135,1.123657
-0.228516,-0.278564,0.827759
0.051880,0.120728,1.091064
0.326050,-0.363770,0.973633
-0.453491,0.073242,0.849854
0.538086,-0.188599,1.136475
-0.156128,-0.311157,0.836426
-0.005371,0.134399,1.083008
0.351685,-0.368896,0.973633
-0.452637,0.029419,0.839600
0.505615,-0.149048,1.136230
-0.111694,-0.339233,0.827026
-0.072998,0.137329,1.049683
0.389648,-0.362671,0.993652
-0.464722,0.002563,0.825439
0.474487,-0.100220,1.147949
-0.098389,-0.329834,0.822754
-0.154175,0.180298,1.044922
0.441040,-0.351929,1.033813
-0.467773,-0.042603,0.808960
0.426147,-0.056519,1.158936
-0.064819,-0.299805,0.833130
-0.231934,0.204224,1.020142
0.487183,-0.334106,1.062866
-0.447998,-0.096680,0.783813
0.357666,-0.013184,1.145264
-0.004272,-0.307739,0.861938
-0.304077,0.172852,0.963867
0.514160,-0.313599,1.071777
-0.397339,-0.183228,0.775024
0.270142,0.030640,1.143799
0.079712,-0.355469,0.864502
-0.386597,0.159424,0.916016
0.519775,-0.297607,1.076538
-0.356323,-0.239380,0.780396
0.180298,0.074097,1.105591
0.163208,-0.370972,0.893188
-0.445190,0.130493,0.873413
0.519775,-0.261963,1.070801
-0.311035,-0.258057,0.787720
0.083374,0.087280,1.070557
0.248901,-0.378174,0.915039
-0.471436,0.079956,0.837891
0.503662,-0.222534,1.086426
-0.218018,-0.310547,0.795654
0.004517,0.101440,1.062500
0.298096,-0.367920,0.939819
-0.498413,0.042114,0.810181
0.475098,-0.186523,1.095093
-0.158691,-0.329590,0.786499
-0.090210,0.141235,1.034790
0.355957,-0.358398,0.960815
-0.502808,0.015259,0.795288
0.439819,-0.147705,1.096313
-0.146973,-0.317383,0.791138
-0.184326,0.170654,1.012085
0.409546,-0.330811,1.009277
-0.493164,-0.045166,0.773560
0.366211,-0.072144,1.100464
-0.102051,-0.318848,0.807617
-0.261108,0.160889,0.976562
0.447754,-0.336182,1.027100
-0.482300,-0.084839,0.754028
0.304810,-0.026245,1.103271
-0.023071,-0.341431,0.818726
-0.359741,0.172974,0.927246
0.469971,-0.313965,1.036865
-0.434204,-0.177368,0.741699
0.215210,0.026367,1.087158
0.051025,-0.379272,0.827271
-0.440308,0.148315,0.876709
0.484009,-0.284668,1.050171
-0.396484,-0.208252,0.749023
0.129395,0.062622,1.062744
0.128296,-0.382935,0.854858
-0.477905,0.121460,0.846069
0.482910,-0.269043,1.053833
-0.342407,-0.252563,0.763184
0.043701,0.085327,1.048828
0.206299,-0.389160,0.883179
-0.514526,0.102051,0.813232
0.475464,-0.234375,1.053955
-0.256958,-0.298828,0.764038
-0.043701,0.110718,1.024780
0.273682,-0.404053,0.898682
-0.539307,0.052368,0.788208
0.454956,-0.186401,1.065430
-0.205078,-0.302368,0.745850
-0.157349,0.131470,0.988037
0.337158,-0.375122,0.939087
-0.529541,-0.012573,0.767578
0.397705,-0.136719,1.071045
-0.164917,-0.305786,0.762329
-0.260864,0.172241,0.960693
0.383057,-0.367432,0.967529
-0.529541,-0.060303,0.746094
0.335327,-0.086792,1.067749
-0.098511,-0.326904,0.772949
-0.354614,0.176880,0.914673
0.421265,-0.344360,0.987427
-0.503296,-0.121460,0.723389
0.242065,-0.021973,1.066040
-0.024048,-0.361206,0.807251
-0.452026,0.178589,0.885132
0.438843,-0.322021,1.009644
-0.466309,-0.182739,0.713257
0.144897,0.048706,1.050049
0.074463,-0.378296,0.833862
-0.511230,0.173828,0.843384
0.465088,-0.283691,1.020630
-0.405884,-0.224365,0.734131
0.059326,0.079102,1.042847
0.154419,-0.386475,0.854126
-0.502686,0.035889,0.798706
0.477295,-0.172119,1.104858
-0.166626,-0.316284,0.773926
-0.111694,0.140869,1.025146
0.355835,-0.365967,0.960938
-0.516113,0.016113,0.791870
0.439331,-0.143921,1.098511
-0.141357,-0.339722,0.779053
-0.204956,0.170288,1.000488
0.399658,-0.347046,0.993530
-0.514526,-0.027954,0.770386
0.385742,-0.085571,1.110718
-0.091309,-0.322510,0.809937
-0.287354,0.167236,0.966431
0.432983,-0.342773,1.011597
-0.498291,-0.088745,0.744995
0.315430,-0.034668,1.101929
-0.038940,-0.341919,0.813232
-0.343018,0.153564,0.924561
0.460449,-0.319336,1.022705
-0.468384,-0.129272,0.742798
0.239990,0.008179,1.087036
0.025146,-0.361206,0.824829
-0.413940,0.162231,0.895508
0.478149,-0.302124,1.042114
-0.446045,-0.179199,0.729492
0.165039,0.049927,1.069092
0.087524,-0.375000,0.846436
-0.460693,0.161499,0.871948
0.490845,-0.282959,1.050171
-0.421021,-0.221558,0.733765
0.092285,0.087402,1.060303
0.141968,-0.390869,0.867554
-0.487915,0.125610,0.844482
0.487183,-0.282104,1.044556
-0.348022,-0.234253,0.770508
0.035522,0.090332,1.042969
0.180420,-0.399780,0.857544
-0.510376,0.099243,0.813232
0.486938,-0.234009,1.061401
-0.299194,-0.247925,0.769165
-0.030273,0.112915,1.027954
0.233154,-0.419922,0.875122
-0.531006,0.060059,0.788086
0.463501,-0.209351,1.058105
-0.252075,-0.284546,0.750000
-0.092163,0.127197,1.003418
0.280518,-0.421875,0.890137
-0.547119,0.046021,0.770874
0.442383,-0.177368,1.063232
-0.220703,-0.292603,0.745972
-0.154419,0.137329,0.981567
0.310547,-0.412842,0.911011
-0.563477,0.021729,0.752930
0.415039,-0.168213,1.055542
-0.194092,-0.303833,0.749146
-0.228149,0.176025,0.974243
0.344849,-0.373413,0.939209
-0.559692,-0.014038,0.745850
0.378906,-0.143921,1.056274
-0.162476,-0.326660,0.753418
-0.298950,0.175903,0.944336
0.386841,-0.371338,0.952637
-0.562622,-0.050659,0.725708
0.328491,-0.091431,1.057983
-0.125732,-0.333130,0.758179
-0.357788,0.177490,0.912598
0.408081,-0.342285,0.974731
-0.537109,-0.073364,0.718262
0.257568,-0.045288,1.050659
-0.067017,-0.375610,0.770386
-0.421265,0.192383,0.884155
0.416748,-0.317627,0.982788
-0.505371,-0.129639,0.716431
0.190552,-0.002441,1.046875
0.002930,-0.382568,0.801514
-0.491089,0.197388,0.863892
0.440186,-0.295532,0.993530
-0.483032,-0.164429,0.715088
0.112061,0.050049,1.034790
0.081421,-0.399902,0.824219
-0.535889,0.180054,0.840942
0.450684,-0.290161,0.999023
-0.401978,-0.186768,0.743774
0.035400,0.076050,1.019653
0.142578,-0.416870,0.831787
-0.560059,0.156616,0.819946
0.442871,-0.256348,1.007568
-0.338257,-0.262085,0.730957
-0.033569,0.103271,0.999268
0.203857,-0.427246,0.851929
-0.587280,0.119995,0.788086
0.431763,-0.208740,1.020020
-0.271240,-0.272705,0.729736
-0.110107,0.133423,0.978271
0.264893,-0.414185,0.877563
-0.585083,0.077637,0.765747
0.397217,-0.176270,1.018433
-0.226685,-0.319336,0.710938
-0.203735,0.161865,0.958130
0.322144,-0.398560,0.907837
-0.579834,0.049072,0.756226
0.368652,-0.133423,1.026245
-0.173340,-0.339600,0.720825
-0.288086,0.169067,0.918213
0.358154,-0.378662,0.913818
-0.570801,-0.010132,0.732178
0.316650,-0.093018,1.031128
-0.127563,-0.374023,0.726562
-0.370361,0.181519,0.888062
0.380005,-0.362671,0.937622
-0.548340,-0.037476,0.711182
0.252319,-0.024780,1.033447
-0.069824,-0.372925,0.757324
-0.454468,0.219360,0.874512
0.406494,-0.346436,0.942017
-0.527588,-0.100952,0.699097
0.180176,0.027466,1.023560
-0.004028,-0.378174,0.793945
-0.520996,0.232056,0.859009
0.432007,-0.319824,0.971191
-0.485107,-0.145630,0.707275
0.101440,0.070557,1.024414
0.073120,-0.380371,0.813477
-0.555054,0.209961,0.839966
0.427124,-0.298828,0.968994
-0.414185,-0.206787,0.722412
0.035034,0.103882,1.011841
0.146729,-0.398315,0.838379
-0.584473,0.207886,0.829956
0.429199,-0.265015,0.979980
-0.345215,-0.253784,0.716553
-0.032593,0.113647,0.989258
0.213257,-0.402954,0.861450
-0.591675,0.173706,0.802124
0.427490,-0.225098,0.994507
-0.276978,-0.271484,0.716309
-0.100098,0.146484,0.972656
0.265259,-0.396118,0.876343
-0.594604,0.141968,0.787598
0.409058,-0.174927,1.003540
-0.231812,-0.293701,0.718384
-0.162598,0.149902,0.947144
0.301514,-0.392944,0.900879
-0.591431,0.105835,0.769653
0.394653,-0.143433,1.019165
-0.194458,-0.313599,0.718750
-0.222534,0.162720,0.923218
0.340820,-0.383911,0.905640
-0.577637,0.061646,0.748657
0.357910,-0.106812,1.023315
-0.161377,-0.340698,0.715332
-0.284668,0.174194,0.892334
0.372314,-0.370972,0.917114
-0.572266,0.016724,0.733276
0.320801,-0.069824,1.020508
-0.123291,-0.361694,0.722656
-0.337036,0.188354,0.881714
0.387207,-0.344849,0.926758
-0.547974,-0.022827,0.716675
0.280151,-0.037109,1.021240
-0.081787,-0.384033,0.731079
-0.392822,0.208740,0.864258
0.406982,-0.321167,0.940674
-0.518677,-0.065430,0.703857
0.217896,0.005005,1.018677
-0.046387,-0.395386,0.743774
-0.445312,0.218994,0.853271
0.432129,-0.309692,0.957642
-0.500977,-0.096802,0.712524
0.165771,0.043213,1.021118
0.009644,-0.407227,0.766235
-0.494141,0.234497,0.843872
0.438843,-0.287598,0.960449
-0.472046,-0.120728,0.722534
0.120605,0.075806,1.029541
0.055908,-0.401123,0.791504
-0.531372,0.229858,0.831177
0.438965,-0.269775,0.971069
-0.411743,-0.147827,0.751221
0.079346,0.108276,1.032715
0.109253,-0.417358,0.807373
-0.572632,0.237671,0.818604
0.443237,-0.246582,0.973755
-0.365479,-0.166260,0.751709
0.033447,0.124146,1.022583
0.179199,-0.416992,0.827515
-0.586182,0.219849,0.801514
0.442261,-0.219727,0.982178
-0.302246,-0.192383,0.755493
-0.016846,0.147217,1.003418
0.223389,-0.414917,0.855957
-0.600830,0.190308,0.784668
0.435303,-0.187378,0.993408
-0.249634,-0.235840,0.753296
-0.073242,0.159668,0.984009
0.274048,-0.414185,0.868896
-0.603882,0.173950,0.776733
0.426025,-0.171143,0.999146
-0.195679,-0.265015,0.753418
-0.119629,0.166138,0.962402
0.310913,-0.409180,0.889771
-0.602051,0.133545,0.766724
0.402466,-0.130615,1.009155
-0.156860,-0.293579,0.752930
-0.174438,0.181396,0.937988
0.346069,-0.396362,0.906250
-0.599487,0.092285,0.749390
0.370117,-0.095947,1.006714
-0.119873,-0.336060,0.738892
-0.228516,0.183472,0.915771
0.381470,-0.389771,0.920776
-0.571533,0.049927,0.747803
0.341187,-0.062866,1.009277
-0.089111,-0.342285,0.729980
-0.275635,0.196045,0.890747
0.406250,-0.373413,0.928833
-0.557373,0.004761,0.735352
0.303467,-0.046753,0.999023
-0.058472,-0.368408,0.741089
-0.323242,0.187134,0.872559
0.429443,-0.340698,0.949829
-0.541382,-0.037476,0.730713
0.258179,-0.020508,0.997314
-0.034180,-0.384644,0.738037
-0.366089,0.185303,0.856567
0.436035,-0.321655,0.957031
-0.510620,-0.076294,0.733765
0.203491,0.008057,1.005249
0.005127,-0.400391,0.751709
-0.417480,0.198975,0.843872
0.453613,-0.310547,0.962036
-0.482422,-0.097168,0.743042
0.161743,0.033203,1.009399
0.038208,-0.417969,0.764893
-0.457520,0.202637,0.831421
0.460327,-0.298096,0.971069
-0.455811,-0.089844,0.764648
0.124146,0.056030,1.003540
0.075806,-0.418213,0.774902
-0.487671,0.202759,0.811035
0.465210,-0.274048,0.977295
-0.415771,-0.129028,0.764771
0.079468,0.095093,1.010864
0.117310,-0.422729,0.796631
-0.515503,0.193481,0.801392
0.468506,-0.256592,0.979858
-0.380615,-0.165527,0.751953
0.040771,0.108887,1.006958
0.160156,-0.415039,0.823120
-0.548096,0.170288,0.776123
0.467041,-0.231689,0.996826
-0.321899,-0.170898,0.775269
-0.009277,0.130859,1.010498
0.205566,-0.432373,0.836060
-0.560059,0.149170,0.771118
0.456909,-0.212891,0.998901
-0.282837,-0.175781,0.785889
-0.058472,0.146362,0.992065
0.258789,-0.435181,0.855347
-0.565796,0.129028,0.757935
0.448975,-0.185547,1.008911
-0.206299,-0.209229,0.793091
-0.114746,0.162842,0.975952
0.303101,-0.441650,0.875732
-0.569214,0.093384,0.762085
0.423462,-0.145996,1.017456
-0.145630,-0.254395,0.790283
-0.168213,0.166992,0.945679
0.352661,-0.432617,0.899292
-0.559814,0.071411,0.766968
0.390015,-0.116821,1.018188
-0.080566,-0.320801,0.778198
-0.233154,0.174316,0.913940
0.395752,-0.419067,0.915771
-0.538452,0.000610,0.742676
0.334839,-0.082764,1.002197
-0.032349,-0.359131,0.766113
-0.295532,0.163696,0.868530
0.423584,-0.391724,0.932983
-0.524170,-0.070923,0.738281
0.265381,-0.037598,1.000854
0.024292,-0.411987,0.761353
-0.368774,0.162598,0.844971
0.453247,-0.361816,0.949097
-0.492188,-0.103882,0.740356
0.184326,0.017578,1.004272
0.073486,-0.436157,0.767700
-0.427368,0.150635,0.813477
0.463501,-0.333862,0.963989
-0.445435,-0.153687,0.732788
0.108521,0.058105,1.006226
0.116333,-0.437866,0.795288
-0.487305,0.145142,0.795776
0.475098,-0.298462,0.979126
-0.383911,-0.168335,0.759521
0.031006,0.108276,1.007690
0.187622,-0.461182,0.823486
-0.523315,0.107544,0.763184
0.471313,-0.260376,0.993164
-0.290649,-0.207031,0.781738
-0.050903,0.141724,0.994507
0.260620,-0.457642,0.853271
-0.544678,0.075439,0.748657
0.446289,-0.227051,1.016968
-0.181763,-0.238159,0.812378
-0.120361,0.167847,0.966797
0.319214,-0.427124,0.897339
-0.555054,0.048950,0.754395
0.413208,-0.165527,1.024414
-0.071167,-0.337280,0.801147
-0.201782,0.171265,0.955078
0.375122,-0.412231,0.923706
-0.545044,0.005981,0.746460
0.349854,-0.129639,1.011353
0.001221,-0.422485,0.790283
-0.271484,0.156250,0.902710
0.430908,-0.386597,0.945923
-0.520508,-0.070312,0.732910
0.265747,-0.063232,0.996094
0.052490,-0.453247,0.772461
-0.340088,0.135620,0.859619
0.461182,-0.343018,0.970215
-0.474731,-0.102417,0.752686
0.185791,0.001221,1.009155
0.097412,-0.469360,0.777100
-0.407959,0.108032,0.826538
0.477661,-0.318604,0.990479
-0.415527,-0.159546,0.746460
0.095703,0.065674,1.015625
0.162720,-0.463867,0.811279
-0.470947,0.100342,0.790649
0.483521,-0.292603,1.017334
-0.345825,-0.203491,0.753906
0.004639,0.127197,1.017212
0.249634,-0.478760,0.859131
-0.510254,0.056030,0.759766
0.475464,-0.261841,1.022461
-0.246094,-0.234985,0.795532
-0.077881,0.172119,1.005127
0.311768,-0.462280,0.891235
-0.527954,0.049438,0.763794
0.440552,-0.225586,1.026489
-0.157593,-0.278564,0.810303
-0.139648,0.173096,0.985962
0.359619,-0.439209,0.921143
-0.527466,0.034058,0.775391
0.405029,-0.176025,1.034302
-0.056885,-0.357056,0.812866
-0.206177,0.160767,0.956543
0.405151,-0.403809,0.946289
-0.505493,-0.026245,0.762329
0.350830,-0.124512,1.030884
0.019409,-0.416138,0.806763
-0.266235,0.143311,0.919434
0.448853,-0.384277,0.973511
-0.474243,-0.090210,0.760620
0.284058,-0.046875,1.030640
0.073730,-0.440186,0.802734
-0.320801,0.126221,0.888428
0.480957,-0.355835,0.998535
-0.446411,-0.124634,0.753662
0.215942,-0.004395,1.035400
0.114136,-0.444458,0.813354
-0.378784,0.105713,0.849731
0.498047,-0.316528,1.021606
-0.398071,-0.185913,0.749146
0.137207,0.059570,1.033936
0.171265,-0.461182,0.838623
-0.431274,0.091797,0.821411
0.510376,-0.291748,1.042114
-0.347412,-0.219849,0.754761
0.056885,0.113892,1.036011
0.247681,-0.478882,0.859619
-0.466431,0.059082,0.788696
0.496826,-0.273193,1.040405
-0.277832,-0.240845,0.781982
-0.003174,0.139404,1.034058
0.312500,-0.474487,0.894409
-0.497559,0.057861,0.775879
0.478760,-0.234863,1.054810
-0.197510,-0.270386,0.808472
-0.069336,0.172485,1.032104
0.363159,-0.461304,0.929199
-0.499268,0.053223,0.797974
0.452148,-0.187744,1.052856
-0.115234,-0.293945,0.821289
-0.130249,0.181641,1.019897
0.413208,-0.427368,0.964478
-0.484009,-0.005127,0.794678
0.412476,-0.136475,1.065063
-0.023926,-0.344238,0.826782
-0.189575,0.163940,0.990479
0.459473,-0.407349,0.989746
-0.457031,-0.059814,0.783447
0.351318,-0.077881,1.066650
0.054932,-0.399780,0.838867
-0.254395,0.137329,0.951050
0.495483,-0.358887,1.028687
-0.433350,-0.114746,0.777832
0.280640,-0.024780,1.059204
0.102051,-0.411011,0.848145
-0.323486,0.130615,0.913574
0.519043,-0.299683,1.067505
-0.379883,-0.184082,0.779785
0.195923,0.051758,1.073730
0.182129,-0.436035,0.867188
-0.397461,0.121704,0.862183
0.543701,-0.289673,1.068237
-0.322021,-0.232544,0.782471
0.096436,0.116943,1.075684
0.286499,-0.461060,0.907715
-0.441895,0.089600,0.828613
0.519287,-0.249023,1.070190
-0.246216,-0.250610,0.814087
0.020264,0.152100,1.077393
0.369995,-0.450684,0.959595
-0.483276,0.090942,0.821655
0.491455,-0.195435,1.083618
-0.150757,-0.268921,0.839966
-0.067383,0.178345,1.064209
0.427368,-0.417236,0.991455
-0.464844,0.023682,0.821655
0.446045,-0.128540,1.091309
-0.025391,-0.324829,0.867676
-0.151855,0.170288,1.026733
0.480347,-0.383667,1.032227
-0.443848,-0.050171,0.801392
0.385864,-0.047852,1.109863
0.070557,-0.386475,0.872314
-0.238647,0.153809,0.984375
0.518066,-0.333374,1.066895
-0.390259,-0.126343,0.811523
0.298828,0.030151,1.109985
0.121460,-0.372681,0.888794
-0.323364,0.159180,0.943604
0.547241,-0.293579,1.093872
-0.340698,-0.197876,0.792358
0.204834,0.093994,1.108276
0.237427,-0.425293,0.916870
-0.395996,0.110596,0.880859
0.554199,-0.279663,1.094971
-0.278564,-0.225342,0.812134
0.111206,0.132812,1.092407
0.333008,-0.441650,0.957031
-0.435303,0.087158,0.845337
0.535645,-0.226685,1.104980
-0.196411,-0.243164,0.836548
0.017090,0.163452,1.087891
0.400513,-0.403564,0.998901
-0.455444,0.053345,0.839722
0.506226,-0.156006,1.125366
-0.086670,-0.282227,0.876953
-0.079102,0.185303,1.073486
0.457642,-0.376221,1.035034
-0.445801,-0.001099,0.821533
0.453857,-0.092529,1.134399
0.041748,-0.367798,0.891357
-0.168457,0.184448,1.034424
0.507324,-0.327881,1.083008
-0.420166,-0.063843,0.818481
0.383057,-0.010132,1.145508
0.078491,-0.365967,0.901489
-0.256836,0.191650,1.013428
0.551758,-0.290283,1.118164
-0.368774,-0.127686,0.814575
0.282715,0.068726,1.138428
0.186157,-0.411865,0.917358
-0.331909,0.152588,0.956543
0.571289,-0.270874,1.127686
-0.307739,-0.194702,0.815796
0.183716,0.117188,1.127075
0.283325,-0.433838,0.941528
-0.388916,0.105103,0.885864
0.572021,-0.237793,1.129883
-0.234009,-0.226196,0.840576
0.082153,0.164062,1.107056
0.367798,-0.410400,0.990479
-0.428101,0.083374,0.869751
0.550171,-0.193726,1.140747
-0.157349,-0.244751,0.870239
-0.004639,0.187500,1.097534
0.435791,-0.380005,1.027832
-0.433838,0.017334,0.848633
0.509277,-0.128296,1.153198
-0.007568,-0.329590,0.905884
-0.108887,0.206055,1.070068
0.478638,-0.343628,1.052002
-0.423828,-0.024414,0.843506
0.447754,-0.049927,1.165894
0.033203,-0.353394,0.896362
-0.204712,0.202881,1.046143
0.529053,-0.304321,1.106567
-0.390015,-0.091064,0.822388
0.365601,0.030640,1.167236
0.118774,-0.380615,0.915161
-0.286621,0.188843,1.005859
0.561890,-0.275879,1.127075
-0.327759,-0.168701,0.830444
0.254395,0.096069,1.149048
0.225098,-0.408447,0.937744
-0.348633,0.129028,0.925537
0.578369,-0.253052,1.138184
-0.271484,-0.204224,0.837646
0.151855,0.140259,1.136353
0.328125,-0.425049,0.970703
-0.407593,0.100952,0.888916
0.567261,-0.208618,1.142334
-0.197754,-0.245850,0.856812
0.048706,0.160522,1.111816
0.399780,-0.395264,1.013184
-0.430298,0.045410,0.865845
0.532593,-0.137695,1.161377
-0.071533,-0.303345,0.877197
-0.056396,0.181641,1.090820
0.444946,-0.356323,1.040161
-0.427612,-0.018799,0.850952
0.484375,-0.083008,1.173340
-0.004272,-0.331177,0.882446
-0.157959,0.185547,1.057495
0.494019,-0.317627,1.080078
-0.413452,-0.073120,0.826538
0.408813,-0.005615,1.182251
0.053589,-0.347168,0.895386
-0.258789,0.202026,1.019653
0.543579,-0.283081,1.120361
-0.369873,-0.163086,0.809937
0.307373,0.060913,1.165649
0.157593,-0.391968,0.915161
-0.329590,0.154663,0.950317
0.565430,-0.265259,1.123291
-0.314331,-0.218262,0.816284
0.207031,0.106567,1.148071
0.255737,-0.410156,0.938965
-0.398071,0.133789,0.908447
0.567017,-0.224854,1.124878
-0.249268,-0.244019,0.835815
0.100220,0.128662,1.121094
0.340576,-0.399170,0.983154
-0.434082,0.084595,0.866455
0.551880,-0.179688,1.136353
-0.153687,-0.285400,0.848145
-0.003296,0.162598,1.098022
0.393921,-0.385742,1.001343
-0.440796,0.024780,0.856079
0.509644,-0.119873,1.164307
-0.075928,-0.329224,0.847656
-0.102539,0.160278,1.065430
0.445312,-0.342773,1.041870
-0.443359,-0.031982,0.832397
0.458618,-0.057251,1.168457
-0.035522,-0.325073,0.851929
-0.210083,0.177368,1.035889
0.496460,-0.315063,1.080566
-0.421387,-0.112427,0.816406
0.368164,0.003296,1.163940
0.050537,-0.316284,0.889160
-0.292358,0.173218,0.980591
0.525879,-0.290771,1.101196
-0.365967,-0.200317,0.799805
0.270874,0.055786,1.146729
0.139771,-0.377563,0.890869
-0.370850,0.151611,0.920410
0.547729,-0.269531,1.100952
-0.318970,-0.253174,0.802734
0.173096,0.090698,1.126099
0.228149,-0.398315,0.925415
-0.428345,0.124390,0.881226
0.542847,-0.236816,1.113159
-0.269043,-0.276367,0.818237
0.072388,0.107788,1.095703
0.295288,-0.386353,0.953247
-0.451904,0.079224,0.853149
0.517944,-0.186890,1.120850
-0.156494,-0.325195,0.829468
-0.020020,0.120361,1.070557
0.349243,-0.370483,0.975464
-0.460449,0.026611,0.830688
0.492676,-0.131348,1.136353
-0.118408,-0.317017,0.817261
-0.118286,0.147583,1.040283
0.404663,-0.348999,1.009766
-0.466919,-0.034180,0.806763
0.442749,-0.093994,1.139160
-0.084839,-0.308838,0.828125
-0.222534,0.184082,1.018311
0.455078,-0.329102,1.041992
-0.452759,-0.102783,0.779297
0.366211,-0.034424,1.137695
-0.019531,-0.309937,0.850098
-0.301147,0.172607,0.960083
0.492065,-0.307495,1.064209
-0.420288,-0.184570,0.755981
0.280151,0.021118,1.128418
0.059570,-0.372559,0.850464
-0.387207,0.166626,0.914673
0.506958,-0.288452,1.067749
-0.372925,-0.228271,0.769775
0.183472,0.073364,1.110840
0.139404,-0.387207,0.877686
-0.448242,0.140015,0.874756
0.516724,-0.264038,1.073242
-0.348145,-0.253418,0.766968
0.086426,0.103394,1.088013
0.224365,-0.392212,0.905518
-0.482422,0.107910,0.841919
0.503052,-0.245117,1.077026
-0.241333,-0.288818,0.791992
-0.002197,0.117188,1.065918
0.282227,-0.399536,0.917847
-0.496948,0.049438,0.817871
0.481567,-0.203613,1.088745
-0.191284,-0.304932,0.779419
-0.095581,0.127930,1.022949
0.336670,-0.386475,0.943970
-0.508789,0.019287,0.793823
0.442505,-0.154419,1.093140
-0.157715,-0.317505,0.767822
-0.197998,0.163574,1.003662
0.389526,-0.362427,0.981201
-0.506226,-0.046021,0.766602
0.387329,-0.102417,1.100220
-0.120239,-0.299805,0.798950
-0.282227,0.161377,0.954590
0.428711,-0.336548,1.008789
-0.486450,-0.106689,0.749268
0.307861,-0.040894,1.090576
-0.056641,-0.346191,0.801147
-0.361572,0.159302,0.911133
0.448486,-0.326416,1.009644
-0.451904,-0.162598,0.732910
0.221069,0.017334,1.085571
0.021240,-0.360718,0.823608
-0.437256,0.151733,0.876587
0.465332,-0.293823,1.031250
-0.426147,-0.213989,0.735596
0.130737,0.072632,1.067749
0.117920,-0.391479,0.864258
-0.497437,0.150269,0.853271
0.475098,-0.267944,1.041138
-0.371094,-0.244629,0.751953
0.038696,0.107788,1.055664
0.197388,-0.408325,0.869141
-0.524658,0.106445,0.820801
0.467163,-0.246582,1.036743
-0.283081,-0.281006,0.746216
-0.035400,0.119873,1.026001
0.262573,-0.406372,0.886597
-0.554565,0.087036,0.791748
0.447144,-0.224487,1.046753
-0.222656,-0.304321,0.744385
-0.140015,0.137085,0.997070
0.312500,-0.389526,0.916992
-0.558472,0.028564,0.772583
0.400635,-0.170288,1.042603
-0.191162,-0.320190,0.746094
-0.234375,0.158325,0.964111
0.359131,-0.370361,0.943848
-0.541870,-0.023560,0.759521
0.340210,-0.111328,1.056641
-0.143066,-0.333984,0.761719
-0.328735,0.152344,0.911133
0.389404,-0.340698,0.965332
-0.524414,-0.101440,0.713989
0.270386,-0.036499,1.067383
-0.077515,-0.347656,0.780884
-0.423828,0.181641,0.889893
0.496704,-0.256470,1.067749
-0.489136,-0.161377,0.704712
0.086304,0.114136,1.083496
0.021606,-0.375732,0.820557
-0.481079,0.102905,0.847290
0.489868,-0.242798,1.067627
-0.265625,-0.283691,0.780029
-0.001465,0.115112,1.057617
0.262085,-0.397705,0.904663
-0.506592,0.070923,0.809937
0.476318,-0.216431,1.075317
-0.210205,-0.308105,0.765869
-0.094971,0.127686,1.019897
0.322876,-0.386963,0.930664
-0.517944,0.022339,0.791992
0.437500,-0.179321,1.080444
-0.171875,-0.307617,0.772705
-0.196533,0.162598,0.993164
0.370117,-0.357910,0.969116
-0.528076,-0.039551,0.772339
0.380371,-0.116821,1.087646
-0.124634,-0.314087,0.787109
-0.293335,0.170654,0.956421
0.413452,-0.337646,0.992432
-0.500610,-0.106445,0.735474
0.298706,-0.055664,1.082764
-0.051147,-0.349731,0.798096
-0.386475,0.181152,0.902222
0.436523,-0.305054,1.008423
-0.461060,-0.151978,0.737549
0.205078,0.028442,1.071045
0.036377,-0.374878,0.830322
-0.459595,0.168823,0.871216
0.456299,-0.276123,1.024658
-0.431152,-0.205933,0.728394
0.105957,0.075073,1.057373
0.127686,-0.397827,0.849121
-0.513794,0.141602,0.839111
0.466919,-0.262695,1.034180
-0.332886,-0.257202,0.756348
0.009033,0.117798,1.039185
0.203491,-0.413696,0.858398
-0.544922,0.113281,0.817017
0.458252,-0.241943,1.029907
-0.261108,-0.294312,0.751343
-0.089355,0.126343,1.004272
0.272339,-0.405762,0.889893
-0.555664,0.045776,0.776367
0.433472,-0.209717,1.046509
-0.219849,-0.307129,0.736816
-0.191162,0.154297,0.973022
0.326782,-0.387085,0.918701
-0.548706,0.004395,0.757324
0.377197,-0.140381,1.048462
-0.163818,-0.329712,0.740601
-0.295288,0.162842,0.927490
0.375000,-0.355957,0.940308
-0.539307,-0.059937,0.730103
0.300415,-0.072876,1.058716
-0.112427,-0.352051,0.759888
-0.385376,0.189575,0.897461
0.405396,-0.337769,0.967163
-0.507446,-0.132935,0.698608
0.211548,0.003052,1.048096
-0.026367,-0.371704,0.787842
-0.471069,0.196655,0.874268
0.424072,-0.295898,0.993286
-0.485229,-0.160278,0.715576
0.116943,0.073120,1.043457
0.076782,-0.402588,0.830200
-0.532227,0.173218,0.847778
0.442871,-0.279297,1.001709
-0.402588,-0.190308,0.738770
0.019409,0.103760,1.021729
0.169800,-0.408447,0.854004
-0.567627,0.138306,0.809570
0.435181,-0.250977,1.011230
-0.306763,-0.272583,0.725342
-0.070557,0.124268,0.996460
0.247803,-0.407715,0.878418
-0.580200,0.094727,0.786133
0.412842,-0.204102,1.023682
-0.240356,-0.302002,0.717163
-0.168945,0.149780,0.967773
0.309570,-0.394287,0.896606
-0.584595,0.040405,0.756226
0.375732,-0.147339,1.031128
-0.185059,-0.332764,0.719116
-0.272583,0.164185,0.919800
0.357666,-0.377197,0.917725
-0.571411,-0.000366,0.730103
0.312378,-0.077148,1.031494
-0.132690,-0.362305,0.731201
-0.363770,0.188477,0.892700
0.389771,-0.354492,0.932861
-0.549194,-0.051758,0.708740
0.237793,-0.013306,1.029663
-0.068115,-0.377686,0.758423
-0.451660,0.219238,0.886841
0.407593,-0.309692,0.958374
-0.524170,-0.120728,0.700073
0.143188,0.034424,1.018311
0.021118,-0.385742,0.798340
-0.517090,0.213501,0.857910
0.425903,-0.280640,0.983154
-0.456909,-0.164795,0.714722
0.066895,0.094849,1.026001
0.111450,-0.389404,0.828369
-0.565552,0.192261,0.828979
0.433960,-0.244751,0.993042
-0.346313,-0.223145,0.732910
-0.017456,0.124268,0.997925
0.200195,-0.403442,0.853882
-0.589355,0.148682,0.796997
0.415771,-0.204956,1.001465
-0.260620,-0.261108,0.732056
-0.116577,0.150757,0.964600
0.275879,-0.394653,0.879395
-0.589478,0.114380,0.763306
0.390625,-0.148071,1.008179
-0.198975,-0.317139,0.722656
-0.207153,0.148560,0.927490
0.337891,-0.378052,0.905884
-0.580566,0.061401,0.754150
0.341553,-0.099365,1.015869
-0.148438,-0.347900,0.711670
-0.308594,0.183838,0.895874
0.378296,-0.365723,0.920898
-0.553223,-0.002563,0.725464
0.282104,-0.047241,1.016846
-0.097046,-0.379028,0.727295
-0.398071,0.212280,0.880981
0.409302,-0.344482,0.932983
-0.537842,-0.071411,0.704712
0.200195,0.013062,1.014526
-0.029541,-0.381958,0.756836
-0.477905,0.225098,0.862793
0.427246,-0.309448,0.959106
-0.483154,-0.120605,0.717285
0.115845,0.073120,1.023071
0.062622,-0.385986,0.807129
-0.539917,0.228760,0.835327
0.431274,-0.265747,0.977417
-0.387451,-0.184814,0.734619
0.048584,0.112427,1.018311
0.147583,-0.392700,0.837524
-0.577148,0.209961,0.809814
0.432617,-0.223755,0.982422
-0.298218,-0.234619,0.738037
-0.043457,0.147705,0.993652
0.239380,-0.387451,0.864380
-0.597656,0.166870,0.788574
0.423584,-0.178467,1.000488
-0.223267,-0.286255,0.735229
-0.136230,0.160156,0.952393
0.309814,-0.384644,0.895508
-0.582520,0.113647,0.767700
0.384521,-0.122437,1.011719
-0.157837,-0.332886,0.725830
-0.241211,0.172607,0.913208
0.366211,-0.365723,0.911377
-0.559448,0.044067,0.755615
0.316528,-0.046997,1.010132
-0.095825,-0.374634,0.720337
-0.332153,0.187378,0.872681
0.401978,-0.329956,0.944458
-0.533203,-0.043945,0.723999
0.236694,0.007690,1.010498
-0.030273,-0.393311,0.743652
-0.424927,0.208252,0.858765
0.432861,-0.301880,0.960327
-0.489014,-0.097534,0.728516
0.146118,0.063232,1.020996
0.049194,-0.391235,0.786377
-0.504272,0.218384,0.831421
0.443604,-0.268555,0.975220
-0.402710,-0.158691,0.747314
0.069824,0.112061,1.027222
0.135376,-0.373535,0.832153
-0.559204,0.204956,0.809570
0.437988,-0.220337,0.981201
-0.293945,-0.209961,0.763062
-0.022095,0.146240,0.995361
0.226807,-0.383789,0.869385
-0.588013,0.163818,0.775757
0.420898,-0.171875,1.006226
-0.194702,-0.276611,0.764282
-0.122437,0.164795,0.960083
0.309692,-0.381958,0.898560
-0.573975,0.106567,0.764038
0.382324,-0.102051,1.016846
-0.115479,-0.349121,0.742065
-0.219727,0.168213,0.909058
0.370850,-0.372803,0.918579
-0.557861,0.038696,0.750244
0.322388,-0.042114,1.010864
-0.056152,-0.392944,0.734009
-0.324829,0.182007,0.868042
0.421509,-0.362671,0.937256
-0.535889,-0.032349,0.719604
0.245117,0.001953,1.007324
0.000244,-0.385132,0.744873
-0.407593,0.192505,0.843628
0.441895,-0.327637,0.958618
-0.477539,-0.102173,0.741089
0.159424,0.053589,1.018066
0.056763,-0.392822,0.782349
-0.482178,0.195312,0.819458
0.451294,-0.272217,0.975098
-0.408325,-0.145752,0.761230
0.084961,0.094604,1.013306
0.135742,-0.395874,0.818237
-0.546509,0.177612,0.791016
0.447876,-0.236694,0.992065
-0.306763,-0.208252,0.770142
-0.009521,0.136963,1.001465
0.230713,-0.398682,0.857544
-0.575684,0.139160,0.768433
0.441040,-0.204102,1.008179
-0.205566,-0.268433,0.771240
-0.103516,0.173096,0.969482
0.302490,-0.393677,0.891724
-0.574585,0.103516,0.765869
0.410156,-0.146484,1.010254
-0.116577,-0.333008,0.770264
-0.184814,0.159912,0.917969
0.355225,-0.379272,0.910278
-0.560425,0.076172,0.763306
0.364136,-0.097168,1.013916
-0.051758,-0.369751,0.768799
-0.267456,0.154053,0.882690
0.396851,-0.361572,0.928589
-0.525635,-0.021484,0.755493
0.292847,-0.050537,0.997192
0.001465,-0.395996,0.766235
-0.348511,0.146851,0.837402
0.430664,-0.351929,0.940918
-0.495972,-0.085815,0.737549
0.209961,0.005859,1.003418
0.054565,-0.427490,0.769653
-0.425415,0.156494,0.815430
0.448608,-0.315063,0.968262
-0.456787,-0.150513,0.734131
0.139526,0.051758,1.018188
0.100220,-0.423584,0.795532
-0.490845,0.155273,0.790161
0.461548,-0.284302,0.990967
-0.388306,-0.176758,0.748169
0.059326,0.105835,1.019775
0.172363,-0.432373,0.824707
-0.536499,0.144775,0.773071
0.458008,-0.267822,0.984253
-0.313110,-0.217285,0.763184
-0.022461,0.126099,1.004395
0.256226,-0.452881,0.856079
-0.553955,0.103760,0.752563
0.451904,-0.219238,1.003418
-0.225464,-0.244995,0.770142
-0.099243,0.150024,0.977051
0.312378,-0.443604,0.888550
-0.557983,0.089355,0.764648
0.417969,-0.175537,1.017090
-0.129395,-0.292358,0.792114
-0.171509,0.155151,0.944824
0.369019,-0.428467,0.914673
-0.545654,0.042847,0.765503
0.376099,-0.120483,1.019287
-0.062256,-0.344482,0.789795
-0.241455,0.138550,0.907104
0.397095,-0.409058,0.937622
-0.532593,-0.023560,0.755615
0.320435,-0.079468,1.009399
0.001221,-0.400024,0.783447
-0.307739,0.147095,0.871582
0.436035,-0.383179,0.952515
-0.495728,-0.090210,0.746826
0.256104,-0.030640,1.012817
0.056519,-0.439697,0.779541
-0.371338,0.144409,0.849731
0.468506,-0.359741,0.972900
-0.463013,-0.140137,0.744385
0.192505,0.008057,1.017456
0.094360,-0.450562,0.781372
-0.422485,0.139404,0.821655
0.478394,-0.332886,0.980713
-0.422485,-0.173096,0.744629
0.132080,0.052246,1.017822
0.138550,-0.445801,0.806885
-0.475830,0.127686,0.795410
0.486084,-0.314575,0.995361
-0.367920,-0.220093,0.747803
0.054932,0.093750,1.024292
0.211670,-0.459595,0.842041
-0.503662,0.092529,0.764771
0.478271,-0.281860,1.008179
-0.301758,-0.235718,0.769287
-0.011597,0.119263,1.014893
0.278809,-0.469238,0.866943
-0.524292,0.067993,0.756470
0.453613,-0.243286,1.005981
-0.229004,-0.224487,0.802979
-0.065552,0.130127,0.999512
0.321655,-0.463989,0.895020
-0.538330,0.063477,0.764771
0.436035,-0.200073,1.032104
-0.164185,-0.254272,0.811401
-0.123169,0.137573,0.986572
0.374390,-0.452271,0.923462
-0.527832,0.033325,0.770752
0.407959,-0.144165,1.041870
-0.086670,-0.306396,0.810181
-0.183350,0.152344,0.965210
0.415161,-0.432373,0.948120
-0.508057,-0.030762,0.758545
0.363525,-0.102051,1.041016
-0.014038,-0.359497,0.809082
-0.237427,0.148315,0.926880
0.448730,-0.405518,0.970459
-0.480713,-0.095947,0.759766
0.313965,-0.063843,1.036743
0.046509,-0.409546,0.820923
-0.297974,0.142700,0.907471
0.473267,-0.381592,0.995972
-0.447876,-0.131470,0.764282
0.259888,-0.020508,1.047852
0.089111,-0.419922,0.814087
-0.340576,0.130371,0.886597
0.493896,-0.353638,1.006104
-0.421387,-0.175293,0.764648
0.205444,0.005859,1.048828
0.112793,-0.426392,0.824829
-0.388550,0.138306,0.861084
0.509888,-0.330444,1.027588
-0.385986,-0.210571,0.755737
0.149292,0.040894,1.051270
0.181641,-0.443237,0.853271
-0.424561,0.115601,0.838013
0.519409,-0.311157,1.032593
-0.336792,-0.219360,0.784424
0.093506,0.083740,1.052002
0.245972,-0.460327,0.873047
-0.446411,0.080078,0.802124
0.515381,-0.278320,1.043823
-0.281738,-0.244019,0.781006
0.034790,0.121948,1.052734
0.300049,-0.468384,0.892578
-0.478882,0.083862,0.797241
0.493042,-0.242065,1.045776
-0.231445,-0.256714,0.802734
-0.010986,0.139160,1.045776
0.347046,-0.460083,0.926514
-0.493530,0.073242,0.794312
0.481079,-0.194092,1.069336
-0.176270,-0.246338,0.838379
-0.062012,0.156250,1.043335
0.394287,-0.456909,0.961060
-0.492920,0.041138,0.797485
0.449829,-0.147583,1.075439
-0.111084,-0.278442,0.840820
-0.107666,0.166870,1.032104
0.431030,-0.443481,0.985352
-0.477417,0.006104,0.801025
0.428345,-0.107666,1.082886
-0.041626,-0.307739,0.854248
-0.153931,0.175537,1.027710
0.460449,-0.409424,1.007812
-0.459595,-0.047485,0.792114
0.397827,-0.075073,1.091431
0.028687,-0.358032,0.863159
-0.208008,0.173950,1.008179
0.496582,-0.388794,1.027344
-0.434937,-0.098389,0.789185
0.360718,-0.036621,1.104370
0.063599,-0.364258,0.864258
-0.243164,0.176147,0.986816
0.519409,-0.353027,1.060425
-0.407227,-0.140991,0.795532
0.314819,-0.005005,1.098511
0.090454,-0.372192,0.873047
-0.297852,0.181885,0.967163
0.541382,-0.323975,1.077759
-0.373169,-0.196899,0.789917
0.262085,0.022095,1.095947
0.149536,-0.388794,0.884277
-0.340332,0.159546,0.931885
0.556152,-0.295288,1.098022
-0.339111,-0.219238,0.799438
0.205933,0.062988,1.101318
0.217163,-0.419800,0.905273
-0.371338,0.130249,0.880127
0.563721,-0.274780,1.099487
-0.304199,-0.230103,0.798340
0.161377,0.087036,1.101318
0.277588,-0.450439,0.923950
-0.407227,0.109619,0.860352
0.555176,-0.255371,1.098389
-0.257446,-0.223267,0.829468
0.109985,0.119751,1.102905
0.330078,-0.454468,0.953125
-0.427246,0.102417,0.849854
0.544922,-0.222046,1.101929
-0.221069,-0.228394,0.844727
0.054565,0.149902,1.105957
0.373779,-0.449097,0.972656
-0.446533,0.096558,0.857910
0.526978,-0.176147,1.123169
-0.173096,-0.230713,0.858154
0.004761,0.175781,1.101196
0.411987,-0.431885,1.005615
-0.452148,0.068604,0.855591
0.514038,-0.137573,1.138916
-0.127930,-0.239380,0.875610
-0.047241,0.191040,1.100830
0.441528,-0.411377,1.022339
-0.446167,0.018799,0.847656
0.499512,-0.113525,1.139648
-0.061401,-0.266724,0.893066
-0.092041,0.199463,1.078369
0.473877,-0.387085,1.049316
-0.432251,-0.019775,0.835693
0.474609,-0.076782,1.156738
0.014771,-0.316406,0.893921
-0.138672,0.198486,1.069702
0.499390,-0.363525,1.064209
-0.422974,-0.049072,0.835205
0.442017,-0.051758,1.158203
0.040283,-0.323486,0.890137
-0.179688,0.206421,1.051636
0.525757,-0.330811,1.094360
-0.404053,-0.101074,0.822998
0.402710,-0.015625,1.158936
0.051636,-0.317139,0.908447
-0.235840,0.214722,1.034180
0.557251,-0.307495,1.120239
-0.380981,-0.150391,0.812500
0.353760,0.012451,1.158936
0.109253,-0.354492,0.911865
-0.280640,0.196899,1.001587
0.571777,-0.284790,1.134155
-0.350220,-0.192139,0.803101
0.294434,0.040161,1.153320
0.166260,-0.388794,0.925659
-0.311279,0.157959,0.956909
0.582764,-0.277466,1.130005
-0.314575,-0.231201,0.821777
0.229736,0.070068,1.137329
0.222046,-0.413086,0.937134
-0.353027,0.138184,0.917358
0.585327,-0.251465,1.134277
-0.272095,-0.246460,0.832153
0.177368,0.106201,1.143433
0.281372,-0.427246,0.951660
-0.388062,0.133179,0.900391
0.573853,-0.219116,1.135742
-0.244019,-0.253174,0.843262
0.117310,0.124023,1.127930
0.328369,-0.425659,0.972046
-0.416992,0.106567,0.882446
0.567871,-0.183594,1.138062
-0.202148,-0.254639,0.850464
0.063232,0.146118,1.119385
0.371582,-0.405273,1.002197
-0.430176,0.085693,0.872314
0.552002,-0.153076,1.151367
-0.148560,-0.261597,0.871094
-0.006470,0.170776,1.102539
0.409058,-0.391846,1.016357
-0.436401,0.044678,0.865723
0.521973,-0.119995,1.158081
-0.074219,-0.295410,0.889038
-0.060181,0.174194,1.085571
0.438232,-0.374512,1.032593
-0.444458,-0.000977,0.857300
0.507202,-0.083008,1.168213
-0.046875,-0.310913,0.865967
-0.119995,0.193970,1.083618
0.476074,-0.355835,1.061646
-0.445312,-0.040649,0.831055
0.468140,-0.051514,1.175903
-0.022461,-0.324707,0.865479
-0.186401,0.221436,1.065063
0.512329,-0.329224,1.083618
-0.427612,-0.084351,0.818604
0.409424,-0.023926,1.167114
0.023926,-0.315186,0.878662
-0.243652,0.214722,1.027588
0.545654,-0.304199,1.104492
-0.400391,-0.147949,0.805908
0.343506,0.007812,1.159790
0.077026,-0.350952,0.899536
-0.290039,0.173096,0.978760
0.561768,-0.292603,1.112183
-0.356567,-0.199707,0.804443
0.266113,0.039673,1.146118
0.141235,-0.369629,0.913940
-0.342773,0.146484,0.932007
0.561279,-0.258545,1.114258
-0.316040,-0.236206,0.820312
0.188110,0.077759,1.132690
0.220947,-0.408081,0.929321
-0.403076,0.123779,0.891357
0.550659,-0.229004,1.122192
-0.270874,-0.250000,0.820923
0.114868,0.101562,1.115356
0.274902,-0.398926,0.951294
-0.439941,0.106201,0.873657
0.538330,-0.200317,1.117920
-0.230225,-0.265015,0.822144
0.043457,0.128906,1.096558
0.326050,-0.394897,0.966431
-0.452759,0.063232,0.845825
0.525024,-0.166260,1.126953
-0.137939,-0.301514,0.839844
-0.029175,0.151367,1.082275
0.369141,-0.377930,0.988159
-0.463257,0.018066,0.837402
0.492920,-0.134277,1.138794
-0.128418,-0.309448,0.815308
-0.092163,0.166260,1.062012
0.411621,-0.360840,1.009644
-0.472290,-0.024292,0.819092
0.458618,-0.100098,1.144409
-0.104248,-0.296509,0.824097
-0.179688,0.198364,1.042969
0.454468,-0.345947,1.037354
-0.457520,-0.080078,0.791748
0.401611,-0.054199,1.144287
-0.065918,-0.312988,0.823975
-0.260864,0.191284,0.998779
0.495728,-0.333374,1.058594
-0.444458,-0.107666,0.785645
0.343384,-0.019287,1.134277
-0.014038,-0.339600,0.835205
-0.304810,0.171143,0.955566
0.506470,-0.322876,1.061157
-0.415771,-0.154541,0.770508
0.292480,-0.000366,1.130127
0.039551,-0.363770,0.847046
-0.367554,0.163940,0.918457
0.513428,-0.305054,1.060791
-0.396729,-0.200195,0.757446
0.231567,0.020996,1.116821
0.105957,-0.380371,0.872070
-0.425171,0.164673,0.895752
0.513306,-0.284058,1.062988
-0.368774,-0.217896,0.770020
0.156738,0.052246,1.090454
0.158325,-0.387085,0.885986
-0.454956,0.132080,0.869629
0.506714,-0.253540,1.075684
-0.353760,-0.240845,0.775269
0.092896,0.074463,1.077637
0.213013,-0.391602,0.898926
-0.487305,0.108398,0.839600
0.491089,-0.232910,1.073730
-0.296387,-0.248535,0.791992
0.040039,0.078613,1.061157
0.246948,-0.388794,0.915405
-0.497192,0.094482,0.824829
0.488647,-0.214111,1.068115
-0.243652,-0.279175,0.775024
-0.028564,0.107666,1.038696
0.295044,-0.395630,0.928711
-0.507935,0.057129,0.802124
0.466797,-0.183716,1.077637
-0.212036,-0.292358,0.763794
-0.097046,0.132446,1.021240
0.332520,-0.395264,0.941895
-0.513428,0.028198,0.790161
0.442383,-0.156982,1.081909
-0.200317,-0.295532,0.742676
-0.174072,0.170288,1.004761
0.378052,-0.386475,0.960205
-0.517578,-0.009033,0.780396
0.412231,-0.114014,1.089600
-0.179199,-0.307251,0.759399
-0.253052,0.180054,0.977661
0.403809,-0.394775,0.960327
-0.521362,-0.031738,0.768555
0.371094,-0.086426,1.093750
-0.146118,-0.291382,0.776978
-0.308350,0.182617,0.949829
0.419678,-0.382080,0.980225
-0.512573,-0.076538,0.749878
0.319946,-0.062378,1.078735
-0.101074,-0.309204,0.788330
-0.357056,0.186646,0.922974
0.433228,-0.358154,0.990479
-0.500244,-0.122070,0.724243
0.265869,-0.040649,1.074097
-0.042847,-0.345337,0.800537
-0.421631,0.173950,0.888672
0.438843,-0.332397,0.994263
-0.472290,-0.160645,0.724976
0.201294,0.007935,1.069458
0.025024,-0.369385,0.814575
-0.469482,0.182129,0.872314
0.449463,-0.305054,1.009033
-0.458862,-0.188354,0.722900
0.133301,0.036499,1.040649
0.087891,-0.386719,0.841675
-0.510010,0.168823,0.855225
0.450562,-0.288086,1.001587
-0.404907,-0.218750,0.739990
0.066895,0.077637,1.044189
0.144653,-0.397217,0.858032
-0.540649,0.155884,0.819702
0.443359,-0.255005,1.018799
-0.342529,-0.255981,0.746094
0.003540,0.091309,1.027954
0.197876,-0.405273,0.864868
-0.556152,0.124268,0.805786
0.437012,-0.232544,1.024048
-0.293335,-0.313477,0.718140
-0.073975,0.118042,0.992920
0.258179,-0.422241,0.873901
-0.567871,0.085205,0.780029
0.420776,-0.200928,1.031494
-0.247681,-0.292480,0.723511
-0.163696,0.140991,0.978760
0.302979,-0.402832,0.898071
-0.564575,0.045654,0.765991
0.399170,-0.160278,1.029663
-0.213257,-0.300781,0.722046
-0.248901,0.166504,0.950317
0.348267,-0.399414,0.915527
-0.561157,0.007080,0.747070
0.357788,-0.108398,1.043335
-0.172241,-0.328491,0.735840
-0.319214,0.179077,0.925537
0.377197,-0.388428,0.937256
-0.559570,-0.045166,0.733643
0.299438,-0.066406,1.046631
-0.125122,-0.347412,0.751831
-0.393066,0.195923,0.895874
0.401367,-0.357422,0.954956
-0.534912,-0.072144,0.712646
0.228638,-0.009033,1.031372
-0.059204,-0.374146,0.776001
-0.459839,0.207520,0.880249
0.411987,-0.328613,0.964966
-0.515869,-0.139526,0.695801
0.149536,0.033569,1.026001
0.017090,-0.373779,0.804199
-0.516479,0.215332,0.860962
0.422241,-0.300171,0.979614
-0.465210,-0.179688,0.709961
0.075073,0.071045,1.027588
0.098633,-0.398438,0.827026
-0.557373,0.196655,0.835205
0.435547,-0.275757,0.987671
-0.376587,-0.229980,0.728882
0.007568,0.102173,1.011597
0.165161,-0.408569,0.843506
-0.582764,0.182739,0.815674
0.437500,-0.235840,0.996094
-0.301392,-0.282104,0.727295
-0.074219,0.120605,0.986328
0.230591,-0.416138,0.861084
-0.586670,0.133423,0.783936
0.419800,-0.190674,1.014160
-0.240723,-0.288330,0.728394
-0.165283,0.147705,0.961304
0.286133,-0.396484,0.883667
-0.592407,0.094727,0.760376
0.396729,-0.140381,1.021606
-0.192993,-0.306519,0.719604
-0.248535,0.166016,0.932495
0.332031,-0.400513,0.891724
-0.587524,0.050659,0.740112
0.269165,-0.037231,1.056641
-0.151733,-0.323608,0.735229
-0.422119,0.204224,0.897339
0.419922,-0.338379,0.983032
-0.516235,-0.160767,0.689453
0.181641,0.004639,1.032471
0.007446,-0.366699,0.809570
-0.483521,0.209961,0.877197
0.436401,-0.308105,0.993652
-0.468872,-0.182861,0.712769
0.090210,0.057129,1.019897
0.085083,-0.397217,0.824585
-0.525513,0.190063,0.842651
0.445435,-0.273560,0.996826
-0.382690,-0.238281,0.728394
0.007568,0.087891,1.014282
0.161377,-0.416504,0.835693
-0.565796,0.156372,0.808228
0.439331,-0.230835,1.017578
-0.305664,-0.292725,0.726685
-0.071167,0.114990,0.994751
0.227539,-0.432495,0.854980
-0.583862,0.107300,0.776367
0.419312,-0.186768,1.021240
-0.247803,-0.293213,0.723633
-0.163818,0.142456,0.976807
0.286621,-0.411743,0.875854
-0.581177,0.069336,0.758667
0.389282,-0.146851,1.024658
-0.197998,-0.303711,0.723755
-0.255127,0.165405,0.943115
0.343018,-0.405518,0.902954
-0.579712,0.018921,0.740356
0.344482,-0.098877,1.026733
-0.152710,-0.313477,0.744995
-0.340698,0.182983,0.905884
0.379883,-0.384277,0.923340
-0.564087,-0.041382,0.706177
0.269165,-0.032349,1.029053
-0.096069,-0.342041,0.757080
-0.425293,0.204712,0.885376
0.415771,-0.358887,0.950562
-0.535522,-0.114136,0.683594
0.168335,0.022095,1.009521
-0.019897,-0.365479,0.781250
-0.486816,0.220703,0.877075
0.437622,-0.309082,0.974609
-0.469360,-0.180542,0.714722
0.079346,0.070923,1.016113
0.068726,-0.386353,0.812988
-0.550537,0.215454,0.840820
0.448608,-0.274902,0.994629
-0.381592,-0.227051,0.729614
0.003296,0.106812,1.007446
0.146362,-0.394409,0.830322
-0.577881,0.180664,0.804321
0.440308,-0.232666,1.001953
-0.290894,-0.276123,0.726929
-0.077026,0.129639,0.978271
0.233887,-0.397583,0.867065
-0.594604,0.140381,0.780029
0.415649,-0.176636,1.011475
-0.218506,-0.319214,0.722046
-0.170776,0.151245,0.954834
0.303589,-0.389160,0.893921
-0.592041,0.089478,0.752686
0.371582,-0.121094,1.011353
-0.160645,-0.325562,0.733154
-0.267944,0.170532,0.917847
0.361572,-0.385620,0.904297
-0.583130,0.031982,0.728882
0.308472,-0.053589,1.016602
-0.104614,-0.363159,0.732300
-0.360474,0.199219,0.883911
0.401611,-0.359253,0.934204
-0.558105,-0.044189,0.694336
0.215454,0.010742,1.007690
-0.046387,-0.385132,0.751587
-0.442993,0.224487,0.877441
0.434692,-0.322876,0.961426
-0.508423,-0.130127,0.698608
0.128174,0.061279,1.009644
0.026978,-0.380615,0.786987
-0.508179,0.228149,0.859375
0.450684,-0.276611,0.983154
-0.419678,-0.171021,0.733398
0.058228,0.102661,1.015747
0.108154,-0.386841,0.815674
-0.556396,0.216309,0.825562
0.452881,-0.236816,0.997925
-0.313110,-0.209351,0.753418
-0.022949,0.127075,0.996460
0.194214,-0.398315,0.843506
-0.584106,0.181396,0.786743
0.435913,-0.186401,1.006348
-0.233765,-0.273315,0.746460
-0.109985,0.153198,0.973145
0.272095,-0.393433,0.871216
-0.596558,0.128052,0.757080
0.404663,-0.136230,1.012695
-0.171509,-0.303101,0.731201
-0.187622,0.175537,0.940674
0.334229,-0.393555,0.897827
-0.595215,0.085815,0.738403
0.359009,-0.091064,1.006592
-0.118530,-0.361206,0.723511
-0.278687,0.202148,0.909668
0.396484,-0.374390,0.926270
-0.572388,0.015015,0.728394
0.282715,-0.037598,0.997925
-0.064819,-0.379395,0.733398
-0.356323,0.211304,0.879761
0.431763,-0.343140,0.946045
-0.533691,-0.054932,0.718384
0.206055,0.009766,0.999634
-0.016479,-0.383789,0.750854
-0.431519,0.224365,0.861572
0.448853,-0.307373,0.965332
-0.470947,-0.119873,0.746216
0.133179,0.064941,1.016602
0.045288,-0.387939,0.785400
-0.492920,0.223877,0.836548
0.462402,-0.271973,0.984741
-0.406250,-0.141846,0.764526
0.077271,0.092163,1.014771
0.114258,-0.393311,0.803467
-0.546143,0.201904,0.801025
0.459595,-0.242065,0.977905
-0.322998,-0.175049,0.773438
0.003662,0.135620,1.008301
0.189697,-0.395874,0.838623
-0.576294,0.168701,0.778320
0.449097,-0.204102,0.991821
-0.248291,-0.230469,0.768799
-0.069336,0.155884,0.986572
0.265747,-0.397827,0.878296
-0.589355,0.132812,0.760498
0.432007,-0.169922,1.012573
-0.171143,-0.274414,0.771729
-0.143677,0.176758,0.952759
0.328613,-0.385986,0.910767
-0.581299,0.106445,0.757690
0.392334,-0.110596,1.020630
-0.108765,-0.341064,0.744995
-0.216553,0.189087,0.925293
0.380005,-0.395264,0.920898
-0.561523,0.060913,0.753662
0.338501,-0.072632,1.001831
-0.061035,-0.373413,0.740967
-0.283447,0.179565,0.884399
0.424316,-0.377563,0.935303
-0.546753,-0.005615,0.737427
0.278687,-0.036499,0.996948
-0.011230,-0.407349,0.744385
-0.363892,0.179077,0.852539
0.450562,-0.355469,0.955688
-0.511475,-0.063599,0.736450
0.211304,0.012329,1.003540
0.020142,-0.402100,0.762939
-0.420898,0.176392,0.836548
0.458984,-0.328857,0.961060
-0.472778,-0.111206,0.744507
0.154541,0.051147,1.016602
0.067505,-0.410156,0.776733
-0.470337,0.165894,0.808350
0.462280,-0.299805,0.969360
-0.425171,-0.133057,0.764160
0.098145,0.079590,1.022705
0.120483,-0.414185,0.794922
-0.520874,0.174683,0.791870
0.460693,-0.280273,0.971191
-0.359619,-0.193726,0.764404
0.027466,0.123413,1.010620
0.184448,-0.416138,0.832886
-0.548584,0.142578,0.765259
0.466553,-0.251587,0.996582
-0.291016,-0.217163,0.770996
-0.039673,0.151001,1.003906
0.248291,-0.430054,0.857178
-0.557251,0.107788,0.752197
0.451050,-0.207520,1.013550
-0.215820,-0.232544,0.786743
-0.100342,0.161011,0.974609
0.306396,-0.430542,0.883301
-0.566650,0.091187,0.761597
0.422485,-0.161011,1.017944
-0.135986,-0.297852,0.793335
-0.162964,0.168335,0.961792
0.348022,-0.423340,0.905640
-0.558472,0.068359,0.755615
0.387207,-0.131958,1.015137
-0.075195,-0.328247,0.791138
-0.220825,0.155884,0.921509
0.387573,-0.414917,0.921631
-0.536743,0.006836,0.752563
0.339478,-0.085083,1.009888
-0.022461,-0.385376,0.780884
-0.282227,0.162842,0.887451
0.427002,-0.405396,0.939209
-0.519531,-0.051514,0.737061
0.287109,-0.051636,1.004517
0.018921,-0.416626,0.763672
-0.335205,0.160767,0.863037
0.459473,-0.382080,0.961548
-0.498169,-0.108643,0.731812
0.224365,-0.016846,1.007568
0.058716,-0.437744,0.769531
-0.393677,0.157715,0.834229
0.481201,-0.362915,0.971802
-0.459229,-0.150513,0.743164
0.158691,0.013550,1.000854
0.094116,-0.435791,0.783691
-0.440063,0.134766,0.810181
0.481079,-0.333618,0.985596
-0.408813,-0.158691,0.758667
0.088257,0.055664,1.009033
0.147461,-0.450195,0.808472
-0.477539,0.111816,0.789429
0.483032,-0.305664,0.999146
-0.356201,-0.213135,0.765381
0.021240,0.088379,1.006226
0.223267,-0.467285,0.841187
-0.500488,0.079712,0.758789
0.478271,-0.279541,1.013306
-0.280884,-0.224854,0.788696
-0.044678,0.127563,0.998779
0.283447,-0.467285,0.862671
-0.520508,0.076660,0.761719
0.456299,-0.233887,1.025757
-0.195312,-0.231079,0.812256
-0.114502,0.155273,0.990723
0.341431,-0.464966,0.900146
-0.528198,0.060059,0.767090
0.421631,-0.172363,1.030273
-0.107056,-0.314819,0.808105
-0.173096,0.167969,0.975952
0.386108,-0.440186,0.932007
-0.513916,0.004883,0.771973
0.379517,-0.118652,1.033569
-0.017456,-0.364868,0.809326
-0.244385,0.160278,0.942627
0.435059,-0.438599,0.948120
-0.492065,-0.075195,0.753662
0.324463,-0.066040,1.033325
0.041870,-0.402832,0.803101
-0.310059,0.148071,0.899048
0.470703,-0.400879,0.982788
-0.457764,-0.137207,0.758911
0.246338,-0.013916,1.041382
0.086060,-0.411255,0.811157
-0.366699,0.131958,0.872070
0.499634,-0.357788,1.005859
-0.417236,-0.187866,0.751465
0.175659,0.025146,1.037354
0.137451,-0.409546,0.840332
-0.416626,0.122681,0.836548
0.511353,-0.330444,1.019531
-0.368652,-0.220215,0.757568
0.098267,0.068481,1.034058
0.233276,-0.442017,0.877930
-0.455933,0.090698,0.803955
0.499512,-0.300171,1.026733
-0.293945,-0.234253,0.797729
0.020386,0.106689,1.040771
0.300903,-0.445923,0.903564
-0.484497,0.072998,0.783325
0.466064,-0.236694,1.041504
-0.211548,-0.266479,0.823608
-0.044922,0.120117,1.032715
0.355957,-0.437378,0.946045
-0.499634,0.056152,0.788574
0.444092,-0.175659,1.057251
-0.119873,-0.286865,0.831421
-0.114624,0.147217,1.010376
0.418091,-0.420166,0.983032
-0.478394,0.007812,0.798462
0.402344,-0.103394,1.070312
-0.022949,-0.330566,0.847900
-0.183960,0.154541,0.985107
0.473267,-0.414795,1.005371
-0.461914,-0.065918,0.781006
0.353027,-0.044434,1.086304
0.064087,-0.378052,0.852539
-0.247314,0.139038,0.959595
0.504517,-0.366333,1.045776
-0.421997,-0.137085,0.782959
0.287964,-0.005005,1.081787
0.091553,-0.380737,0.859619
-0.320312,0.158447,0.936401
0.535645,-0.331543,1.071167
-0.376099,-0.181396,0.786255
0.215698,0.031494,1.073853
0.164429,-0.400635,0.871826
-0.372925,0.129883,0.885376
0.562378,-0.294800,1.090088
-0.312500,-0.225708,0.810913
0.117920,0.090454,1.073364
0.256592,-0.438354,0.908325
-0.410034,0.092407,0.833740
0.544434,-0.256836,1.085083
-0.248779,-0.234985,0.831177
0.046997,0.125977,1.071655
0.329468,-0.446655,0.940918
-0.452026,0.079102,0.821045
0.517944,-0.195679,1.094116
-0.163452,-0.238037,0.861694
-0.024902,0.167114,1.084595
0.381714,-0.424194,0.974243
-0.466675,0.044434,0.816284
0.491089,-0.146606,1.109619
-0.066162,-0.273926,0.883301
-0.091797,0.187622,1.071411
0.438477,-0.389648,1.017700
-0.451782,-0.009888,0.809692
0.444458,-0.091675,1.123169
0.038574,-0.338989,0.886841
-0.171631,0.205933,1.048340
0.499023,-0.368408,1.044312
-0.428101,-0.080811,0.806519
0.378906,-0.035645,1.121826
0.083496,-0.363647,0.890015
-0.247314,0.202515,1.011963
0.540527,-0.313721,1.098022
-0.380737,-0.145386,0.799072
0.292847,0.015869,1.110596
0.148560,-0.386963,0.906372
-0.313843,0.163086,0.957153
0.577637,-0.270752,1.131226
-0.328003,-0.185303,0.814453
0.195068,0.085205,1.106201
0.241455,-0.423584,0.932129
-0.357178,0.087769,0.889038
0.571167,-0.239502,1.124512
-0.262939,-0.203247,0.845825
0.114014,0.129028,1.095215
0.334961,-0.424072,0.971313
-0.422974,0.074097,0.858276
0.551758,-0.190063,1.139526
-0.175659,-0.229126,0.870239
0.018188,0.180908,1.104614
0.414917,-0.403564,1.015259
-0.450317,0.046875,0.844604
0.516724,-0.145630,1.139038
-0.057007,-0.276245,0.897461
-0.076294,0.217773,1.096680
0.466309,-0.364380,1.044556
-0.435669,-0.012207,0.840698
0.469727,-0.091797,1.157837
0.037720,-0.348877,0.893677
-0.161255,0.229980,1.071777
0.513550,-0.327026,1.086182
-0.421387,-0.067505,0.825562
0.393555,-0.027588,1.158325
0.077271,-0.350586,0.910522
-0.245605,0.197754,1.029297
0.560059,-0.289307,1.125732
-0.366211,-0.147339,0.817993
0.295776,0.037354,1.142578
0.167847,-0.381104,0.931641
-0.319458,0.148071,0.948242
0.583008,-0.254639,1.141602
-0.292480,-0.213257,0.841431
0.189331,0.095947,1.123779
0.269653,-0.402222,0.958008
-0.378906,0.109009,0.888916
0.577026,-0.212646,1.148438
-0.222778,-0.245728,0.856934
0.081543,0.152588,1.119385
0.356812,-0.408691,0.990601
-0.434937,0.081543,0.860962
0.552490,-0.162476,1.155396
-0.127930,-0.271851,0.875122
-0.022705,0.197021,1.111206
0.427368,-0.388428,1.019897
-0.440918,0.022095,0.843506
0.513306,-0.114136,1.162598
-0.011475,-0.326538,0.887085
-0.109375,0.197266,1.084229
0.466675,-0.351807,1.059570
-0.431152,-0.034546,0.836426
0.443726,-0.044189,1.168823
0.006348,-0.330200,0.887695
-0.197876,0.198364,1.051025
0.519775,-0.307861,1.099243
-0.414185,-0.092529,0.807617
0.366821,0.015503,1.171143
0.073853,-0.342529,0.903076
-0.279541,0.179443,1.000610
0.566528,-0.286255,1.126221
-0.356201,-0.185913,0.803711
0.267212,0.064087,1.146729
0.164917,-0.374512,0.916992
-0.348511,0.134644,0.932983
0.574097,-0.259888,1.137451
-0.292847,-0.242065,0.823242
0.163086,0.101318,1.129395
0.261597,-0.386719,0.952393
-0.415649,0.105225,0.874023
0.563721,-0.224731,1.134155
-0.218140,-0.281006,0.844727
0.047974,0.136841,1.097046
0.340088,-0.371460,0.977539
-0.441162,0.057861,0.850220
0.525757,-0.167358,1.139038
-0.105835,-0.325928,0.854248
-0.049194,0.144287,1.073730
0.397583,-0.361816,0.998413
-0.459473,0.008057,0.822632
0.484375,-0.102905,1.160767
-0.057129,-0.338013,0.843872
-0.159058,0.181152,1.058838
0.453247,-0.338013,1.042114
-0.455444,-0.027222,0.821411
0.400391,-0.014038,1.161011
-0.016846,-0.324097,0.861450
-0.248901,0.189697,1.023438
0.513306,-0.324219,1.084839
-0.428101,-0.111084,0.793823
0.316284,0.027710,1.145630
0.072266,-0.337891,0.885742
-0.330566,0.150391,0.941650
0.530029,-0.300049,1.103271
-0.361572,-0.213501,0.792236
0.211914,0.069824,1.117188
0.165283,-0.348877,0.909424
-0.417603,0.133545,0.897217
0.536255,-0.266357,1.107178
-0.307007,-0.266724,0.799194
0.108032,0.097412,1.089966
0.239624,-0.365479,0.926514
-0.453613,0.077271,0.846191
0.521729,-0.224609,1.109497
-0.217896,-0.308228,0.805908
0.003174,0.108398,1.062866
0.301025,-0.370117,0.946411
-0.476929,0.035522,0.811157
0.492310,-0.170532,1.117310
-0.151245,-0.315186,0.806641
-0.095215,0.138062,1.032349
0.370117,-0.375854,0.964355
-0.492432,-0.005737,0.800293
0.436035,-0.123779,1.114502
-0.126099,-0.319092,0.797607
-0.200928,0.169556,1.011841
0.420898,-0.354004,1.005127
-0.495239,-0.054932,0.771973
0.374023,-0.072510,1.114380
-0.069702,-0.316895,0.814575
-0.291626,0.183350,0.979248
0.455200,-0.328613,1.035889
-0.470947,-0.107544,0.758423
0.298340,-0.018677,1.112793
0.002686,-0.345215,0.826660
-0.375854,0.163696,0.917969
0.485962,-0.304810,1.041626
-0.426880,-0.177612,0.743774
0.204712,0.044678,1.087646
0.085205,-0.382568,0.843750
-0.440552,0.142944,0.877319
0.482666,-0.277832,1.047729
-0.397217,-0.222290,0.746460
0.106201,0.076538,1.063354
0.163574,-0.378662,0.869629
-0.494995,0.120483,0.843384
0.488403,-0.255005,1.059570
-0.311646,-0.275513,0.758911
0.018677,0.097778,1.041382
0.222168,-0.383179,0.890259
-0.519897,0.077148,0.812256
0.472412,-0.223022,1.067871
-0.247559,-0.311401,0.757690
-0.076050,0.105469,1.005981
0.280518,-0.378540,0.912476
-0.537598,0.043091,0.779297
0.440063,-0.187622,1.071167
-0.200806,-0.325073,0.751221
-0.166504,0.139893,0.994629
0.340698,-0.370972,0.935547
-0.542358,0.006958,0.765625
0.388184,-0.142090,1.066040
-0.164551,-0.311523,0.772583
-0.266724,0.169922,0.959229
0.386353,-0.367920,0.960449
-0.539185,-0.043945,0.743408
0.322998,-0.082275,1.065552
-0.111450,-0.331665,0.770264
-0.341309,0.177734,0.925049
0.410034,-0.344238,0.973755
-0.518799,-0.097168,0.715576
0.239014,-0.025024,1.062012
-0.043457,-0.366943,0.795288
-0.438110,0.191406,0.896606
0.430786,-0.293823,1.007446
-0.493042,-0.159302,0.713867
0.137207,0.047729,1.047974
0.060303,-0.407715,0.816040
-0.504395,0.174683,0.860474
0.442505,-0.268066,1.008911
-0.426636,-0.178711,0.744141
0.052490,0.094238,1.040771
0.141235,-0.414307,0.844116
-0.547363,0.142090,0.818481
0.432739,-0.245728,1.010742
-0.328979,-0.237305,0.743042
-0.026733,0.103516,1.006226
0.215576,-0.418213,0.863403
-0.574707,0.107910,0.789307
0.428589,-0.211060,1.016724
-0.261475,-0.302734,0.715576
-0.130981,0.131592,0.990967
0.293213,-0.406128,0.895630
-0.586182,0.062988,0.765747
0.392090,-0.162842,1.022461
-0.207397,-0.312378,0.720581
-0.223511,0.149292,0.950439
0.344482,-0.382202,0.929077
-0.567871,-0.008423,0.742432
0.326660,-0.089722,1.030151
-0.166748,-0.341675,0.722412
-0.338989,0.179688,0.904785
0.381470,-0.358643,0.947388
-0.537231,-0.072266,0.719604
0.239380,-0.027466,1.031128
-0.091187,-0.364014,0.750488
-0.443115,0.211182,0.881958
0.414307,-0.316040,0.973755
-0.497681,-0.150024,0.703613
0.133667,0.056641,1.023315
0.009033,-0.389282,0.786743
-0.526123,0.217651,0.844238
0.431763,-0.283813,0.989014
-0.423462,-0.177490,0.732056
0.057861,0.094238,1.023926
0.114868,-0.406250,0.821167
-0.581909,0.190796,0.818604
0.427734,-0.240234,0.994873
-0.307861,-0.281372,0.723145
-0.041504,0.136108,1.002197
0.215332,-0.405273,0.855347
-0.595825,0.140259,0.793823
0.406860,-0.188721,1.002197
-0.234375,-0.309692,0.713745
-0.145630,0.153076,0.964966
0.299194,-0.388062,0.891602
-0.596802,0.083984,0.758911
0.366089,-0.134033,1.002930
-0.176758,-0.336182,0.707397
-0.259277,0.175903,0.923462
0.362793,-0.383911,0.907959
-0.570557,0.018799,0.740723
0.290283,-0.054321,1.005859
-0.120239,-0.365967,0.719971
-0.376099,0.212646,0.892090
0.404785,-0.348999,0.939331
-0.539307,-0.069946,0.703125
0.194824,0.004395,1.003540
-0.052490,-0.370728,0.758545
-0.462891,0.239502,0.875977
0.432495,-0.310669,0.959473
-0.489624,-0.140503,0.718750
0.104858,0.075684,1.016479
0.054321,-0.381714,0.800415
-0.540405,0.239380,0.844604
0.442383,-0.259033,0.978516
-0.378662,-0.187988,0.736694
0.026733,0.113403,1.014526
0.153320,-0.391968,0.831421
-0.575684,0.200806,0.799805
0.437012,-0.204346,1.002075
-0.277222,-0.261353,0.739990
-0.071533,0.137817,0.988281
0.246948,-0.395508,0.867065
-0.596313,0.160034,0.774292
0.417358,-0.156250,1.003174
-0.195679,-0.277222,0.744263
-0.160034,0.169067,0.949585
0.315918,-0.386719,0.896240
-0.582275,0.092651,0.756470
0.375977,-0.106934,1.013794
-0.137207,-0.332397,0.732666
-0.265381,0.183716,0.900269
0.376709,-0.368530,0.916748
-0.564575,0.023926,0.735352
0.305542,-0.046265,1.007324
-0.080200,-0.364380,0.728027
-0.350464,0.203125,0.875854
0.407715,-0.344849,0.930054
-0.539062,-0.063599,0.709839
0.218140,0.016357,1.005371
-0.023315,-0.379761,0.756836
-0.426636,0.211304,0.851929
0.430176,-0.292480,0.957397
-0.480957,-0.129150,0.719238
0.131104,0.074707,1.020264
0.048096,-0.387329,0.786499
-0.503296,0.223145,0.838745
0.452271,-0.261108,0.982910
-0.392334,-0.153198,0.747070
0.063599,0.112549,1.022095
0.132812,-0.392334,0.817261
-0.559448,0.214111,0.799927
0.458496,-0.229980,0.990967
-0.302490,-0.208374,0.754639
-0.026611,0.152344,1.004517
0.229004,-0.389282,0.855103
-0.585449,0.184326,0.780396
0.440674,-0.191528,1.003540
-0.199219,-0.266479,0.771484
-0.111084,0.160400,0.963135
0.301636,-0.393066,0.887939
-0.585571,0.129639,0.767334
0.411743,-0.143433,1.010742
-0.118164,-0.318237,0.768188
-0.203857,0.157104,0.910522
0.356934,-0.374023,0.903931
-0.558472,0.062378,0.755371
0.351318,-0.073975,1.012207
-0.065430,-0.371338,0.746948
-0.294556,0.160522,0.873535
0.410645,-0.362671,0.931763
-0.528320,-0.032715,0.732666
0.257812,-0.009155,1.002686
-0.013062,-0.397461,0.744385
-0.373657,0.165161,0.841797
0.438232,-0.329590,0.944580
-0.489502,-0.108398,0.729858
0.159668,0.056396,1.014771
0.059937,-0.413940,0.764648
-0.465820,0.179932,0.816895
0.452148,-0.295532,0.969482
-0.424316,-0.145874,0.747559
0.074951,0.097412,1.014038
0.135742,-0.415405,0.808228
-0.536255,0.187134,0.787842
0.459473,-0.251465,0.987549
-0.323853,-0.203491,0.761963
-0.026978,0.144897,1.014648
0.219849,-0.427734,0.855347
-0.557739,0.141846,0.770020
0.459717,-0.207520,1.002441
-0.218506,-0.254883,0.772827
-0.109375,0.160156,0.975220
0.300293,-0.426758,0.873413
-0.575806,0.096680,0.756348
0.424194,-0.161499,1.015259
-0.109375,-0.301270,0.782715
-0.190063,0.162109,0.917358
0.360107,-0.398315,0.915039
-0.546753,0.033325,0.756714
0.365601,-0.091187,1.015747
-0.031128,-0.380005,0.769287
-0.276489,0.157349,0.878784
0.414062,-0.386719,0.932495
-0.525269,-0.040649,0.734497
0.287109,-0.051880,1.000488
0.015259,-0.406982,0.767700
-0.346802,0.135376,0.841064
0.442139,-0.366089,0.948486
-0.492798,-0.109497,0.732422
0.203613,0.001831,1.005737
0.056152,-0.428345,0.767822
-0.420288,0.140869,0.814941
0.464233,-0.337524,0.967285
-0.440063,-0.166748,0.733154
0.116943,0.066650,1.011230
0.110596,-0.425659,0.798828
-0.484863,0.128052,0.789917
0.480835,-0.301025,0.987061
-0.373535,-0.216553,0.744507
0.023071,0.112427,1.009155
0.198730,-0.448608,0.833618
-0.524170,0.106323,0.760620
0.436279,-0.176636,1.015869
-0.283569,-0.229248,0.789917
-0.150146,0.166870,0.938721
0.331665,-0.405396,0.888794
-0.572144,0.088745,0.760376
0.392212,-0.114014,1.018677
-0.082397,-0.349487,0.761475
-0.237183,0.159302,0.894409
0.386597,-0.389526,0.911377
-0.549194,0.011963,0.735840
0.328369,-0.068970,1.013550
-0.022095,-0.384033,0.763550
-0.314575,0.162476,0.867065
0.418091,-0.371704,0.930542
-0.507812,-0.069702,0.731689
0.251099,-0.024414,0.999390
0.016968,-0.418335,0.751343
-0.386841,0.152222,0.830322
0.450195,-0.353027,0.950928
-0.486572,-0.106445,0.736328
0.168823,0.038330,1.010986
0.068848,-0.429077,0.768066
-0.450562,0.159668,0.813843
0.470825,-0.315796,0.971069
-0.424805,-0.156738,0.748779
0.092773,0.081055,1.011597
0.131348,-0.432007,0.803711
-0.508423,0.148315,0.784546
0.480469,-0.291870,0.990601
-0.358276,-0.203247,0.758423
0.008057,0.130737,1.006226
0.207764,-0.446777,0.834473
-0.541138,0.117432,0.761719
0.478882,-0.252563,1.008423
-0.261597,-0.206665,0.795044
-0.066772,0.166992,1.002075
0.273193,-0.450684,0.865112
-0.555664,0.090576,0.754639
0.450073,-0.224854,1.010376
-0.178711,-0.271362,0.804688
-0.128540,0.160400,0.977051
0.322632,-0.438354,0.895752
-0.555420,0.067017,0.762085
0.414673,-0.167725,1.022339
-0.091675,-0.310913,0.803223
-0.173584,0.149048,0.950439
0.366821,-0.417358,0.914551
-0.538818,0.028931,0.762817
0.367798,-0.126709,1.015747
-0.033081,-0.362427,0.799927
-0.233643,0.135864,0.917969
0.405762,-0.403809,0.936279
-0.523438,-0.044678,0.743774
0.310059,-0.072388,1.018433
0.022827,-0.408691,0.788940
-0.293701,0.137573,0.884766
0.447632,-0.385742,0.966187
-0.495728,-0.100098,0.736694
0.259399,-0.027222,1.023804
0.055298,-0.433960,0.773804
-0.344238,0.130737,0.862427
0.476929,-0.373535,0.986938
-0.466431,-0.131470,0.737427
0.203979,0.004395,1.024414
0.084961,-0.433960,0.791260
-0.391113,0.122437,0.841553
0.500122,-0.361206,0.993286
-0.436035,-0.162231,0.745605
0.146118,0.040894,1.021118
0.131592,-0.445435,0.804688
-0.435791,0.118042,0.824219
0.507935,-0.325684,1.013184
-0.389893,-0.208862,0.750854
0.083252,0.089355,1.022949
0.196777,-0.462891,0.837646
-0.457764,0.083374,0.794922
0.504761,-0.317993,1.019165
-0.338989,-0.211426,0.774536
0.038818,0.115845,1.036011
0.248535,-0.470459,0.863159
-0.474976,0.068726,0.783081
0.495239,-0.288696,1.032104
-0.287598,-0.243286,0.793457
-0.008301,0.127808,1.026978
0.289551,-0.462524,0.888550
-0.489746,0.066040,0.783691
0.483887,-0.245728,1.045410
-0.225586,-0.267822,0.797363
-0.055420,0.152222,1.026123
0.336426,-0.452637,0.924561
-0.499756,0.069702,0.793213
0.467896,-0.208252,1.057373
-0.159546,-0.260620,0.837646
-0.090698,0.162842,1.036011
0.367310,-0.450195,0.938232
-0.504028,0.059082,0.791748
0.456421,-0.174805,1.061035
-0.099365,-0.297974,0.844849
-0.131958,0.180298,1.028687
0.411743,-0.423584,0.965942
-0.487915,0.012573,0.788208
0.426636,-0.130615,1.075195
-0.016846,-0.336426,0.847778
-0.174805,0.182617,1.016357
0.438477,-0.412720,0.985474
-0.479736,-0.034912,0.776489
0.392212,-0.096924,1.088379
0.040771,-0.380981,0.858887
-0.212891,0.167114,0.993286
0.474487,-0.393677,1.013550
-0.456787,-0.080811,0.777954
0.360107,-0.056274,1.087646
0.075195,-0.398071,0.858154
-0.264893,0.176514,0.972412
0.510132,-0.370605,1.033081
-0.421875,-0.132690,0.778198
0.301880,-0.018066,1.079712
0.108154,-0.391479,0.869385
-0.305542,0.176270,0.965332
0.532715,-0.336060,1.062866
-0.393311,-0.162720,0.782471
0.248169,0.030273,1.083496
0.169067,-0.397095,0.891846
-0.348022,0.148438,0.920288
0.557495,-0.294556,1.094727
-0.356812,-0.208008,0.785034
0.182129,0.076904,1.082642
0.223755,-0.424072,0.910889
-0.382935,0.093994,0.872192
0.562622,-0.273438,1.108032
-0.298950,-0.235596,0.801392
0.115845,0.112793,1.083374
0.286865,-0.445312,0.929321
-0.408691,0.072021,0.853394
0.553589,-0.246582,1.109741
-0.240723,-0.239502,0.828491
0.054321,0.150879,1.075317
0.345947,-0.436401,0.961670
-0.437012,0.078735,0.850830
0.537476,-0.197388,1.121216
-0.173950,-0.243652,0.866211
-0.014771,0.190186,1.085449
0.394531,-0.420288,0.989014
-0.446045,0.049805,0.845947
0.515381,-0.152466,1.129150
-0.102539,-0.254761,0.885620
-0.067505,0.206177,1.085815
0.440308,-0.400146,1.018311
-0.442261,0.010986,0.843262
0.489746,-0.108765,1.150146
-0.004639,-0.306152,0.894653
-0.132568,0.230469,1.077026
0.476318,-0.373535,1.045532
-0.439209,-0.034058,0.830933
0.458252,-0.074829,1.158325
0.041382,-0.342529,0.893799
-0.181396,0.235840,1.062012
0.515991,-0.338013,1.074585
-0.422852,-0.085449,0.812012
0.404297,-0.040039,1.148315
0.060425,-0.342407,0.907837
-0.238403,0.220215,1.037964
0.543457,-0.305298,1.104858
-0.392944,-0.136841,0.804077
0.349976,-0.001099,1.148682
0.133423,-0.360962,0.926147
-0.292236,0.204956,0.998901
0.567017,-0.263672,1.133789
-0.345825,-0.184326,0.810303
0.275757,0.048340,1.143677
0.206177,-0.407471,0.931274
-0.330322,0.146851,0.935303
0.584229,-0.247559,1.141235
-0.302979,-0.226318,0.816895
0.196045,0.096924,1.130737
0.275024,-0.428345,0.957031
-0.372192,0.124146,0.904907
0.576172,-0.230713,1.140015
-0.252930,-0.243042,0.833740
0.118896,0.133057,1.119019
0.336182,-0.412354,0.985474
-0.408936,0.098267,0.885376
0.561035,-0.181519,1.151611
-0.195190,-0.251587,0.860718
0.040039,0.161133,1.118896
0.387085,-0.398315,1.010132
-0.428467,0.060913,0.875854
0.536621,-0.152344,1.157349
-0.101929,-0.288452,0.880249
-0.034668,0.182007,1.099854
0.420288,-0.371826,1.035767
-0.435425,0.015991,0.851562
0.522827,-0.112549,1.169556
-0.034302,-0.327881,0.870605
-0.109985,0.201904,1.085449
0.455688,-0.344727,1.052979
-0.437134,-0.023560,0.834229
0.471680,-0.060303,1.170532
-0.000854,-0.325684,0.880493
-0.192627,0.211914,1.059570
0.503662,-0.316284,1.089844
-0.431396,-0.067627,0.814331
0.408447,-0.005493,1.176880
0.051270,-0.333496,0.890869
-0.268433,0.200562,1.011963
0.538086,-0.290649,1.113159
-0.389893,-0.144287,0.804565
0.325195,0.029053,1.164795
0.112915,-0.355591,0.901123
-0.328247,0.164917,0.946289
0.556641,-0.282715,1.114746
-0.341797,-0.218872,0.801636
0.233521,0.075684,1.143311
0.190063,-0.399536,0.918945
-0.392822,0.140625,0.906616
0.555176,-0.260254,1.117310
-0.296631,-0.269531,0.808594
0.128296,0.094604,1.111084
0.260498,-0.399536,0.938843
-0.426270,0.118286,0.878662
0.552002,-0.213257,1.131470
-0.235596,-0.291382,0.819702
0.035889,0.124390,1.089966
0.317749,-0.381836,0.967285
-0.455322,0.067383,0.847778
0.522461,-0.172485,1.131958
-0.136963,-0.330933,0.830444
-0.044922,0.143066,1.072021
0.365479,-0.375244,0.977295
-0.459473,0.016357,0.821411
0.489746,-0.135132,1.131714
-0.110352,-0.314941,0.817139
-0.134644,0.168457,1.046143
0.413696,-0.366455,1.006958
-0.472412,-0.019287,0.806641
0.439575,-0.088867,1.139526
-0.082275,-0.291626,0.830688
-0.222778,0.194092,1.019165
0.457275,-0.332275,1.035400
-0.464233,-0.087769,0.784180
0.362671,-0.043091,1.131226
-0.027466,-0.305298,0.844971
-0.304321,0.169556,0.966431
0.487305,-0.318848,1.057007
-0.434204,-0.159302,0.759644
0.275024,0.009155,1.120361
0.044189,-0.359131,0.852295
-0.384277,0.153076,0.917969
0.498901,-0.296143,1.059448
-0.391846,-0.209473,0.764893
0.182007,0.046265,1.090454
0.130859,-0.380127,0.875488
-0.444824,0.138062,0.870117
0.501587,-0.261475,1.071899
-0.364136,-0.241699,0.766357
0.085449,0.086792,1.064209
0.210571,-0.394165,0.898315
-0.473877,0.081421,0.838379
0.492432,-0.221069,1.084961
-0.264771,-0.279297,0.779175
-0.011841,0.111450,1.048096
0.269775,-0.404419,0.906982
-0.506714,0.044189,0.799438
0.469971,-0.193970,1.080933
-0.208130,-0.312622,0.760010
-0.107788,0.143433,1.023193
0.331787,-0.389282,0.934570
-0.525269,0.008301,0.782104
0.429321,-0.151001,1.085571
-0.179688,-0.320190,0.754517
-0.213867,0.180664,1.001831
0.383667,-0.382080,0.958618
-0.530518,-0.036987,0.757568
0.375610,-0.105835,1.087036
-0.132568,-0.314941,0.776489
-0.301025,0.181885,0.952637
0.416260,-0.359497,0.982666
-0.521851,-0.097168,0.730713
0.302002,-0.061646,1.081421
-0.079590,-0.336548,0.789551
-0.385620,0.181763,0.916504
0.435913,-0.327393,1.007446
-0.491455,-0.155762,0.710571
0.214722,-0.001099,1.063721
0.004272,-0.368042,0.817383
-0.455444,0.165283,0.874023
0.448242,-0.301147,1.013794
-0.464844,-0.180420,0.725952
0.124268,0.041504,1.041626
0.093872,-0.379761,0.838745
-0.510620,0.149048,0.835205
0.451172,-0.266357,1.015381
-0.379517,-0.223633,0.751465
0.033569,0.075806,1.026489
0.162842,-0.403076,0.856201
-0.547485,0.125244,0.806641
0.444580,-0.234741,1.024658
-0.298950,-0.282593,0.733643
-0.057861,0.116333,1.004272
0.233276,-0.413818,0.877441
-0.572998,0.081055,0.773560
0.420044,-0.192749,1.034058
-0.244019,-0.323853,0.721924
-0.158936,0.160645,0.990967
0.303345,-0.411987,0.902832
-0.585449,0.046387,0.761841
0.388672,-0.147949,1.042236
-0.196533,-0.330811,0.723999
-0.260254,0.181030,0.952393
0.353394,-0.394775,0.926147
-0.575195,-0.001343,0.743164
0.332642,-0.098389,1.041870
-0.151367,-0.350708,0.724854
-0.350342,0.187134,0.914185
0.394165,-0.374268,0.938599
-0.547363,-0.045288,0.714722
0.252441,-0.037720,1.033081
-0.088623,-0.359497,0.758545
-0.428589,0.198242,0.881348
0.405762,-0.330688,0.959106
-0.523315,-0.109741,0.707397
0.163574,0.010010,1.012207
-0.004761,-0.368530,0.791138
-0.493774,0.196655,0.857788
0.416138,-0.281860,0.983887
-0.462280,-0.181885,0.714111
0.079468,0.083130,1.021362
0.080688,-0.385254,0.811279
-0.551147,0.182129,0.827148
0.429321,-0.254395,0.992554
-0.367188,-0.226807,0.729858
0.000977,0.123169,1.013672
0.170044,-0.410156,0.838867
-0.587280,0.159424,0.796509
0.424438,-0.215820,1.004395
-0.285889,-0.276733,0.718384
-0.093018,0.152954,0.984253
0.252808,-0.400635,0.875122
-0.598511,0.117676,0.773193
0.406250,-0.167236,1.014038
-0.223999,-0.323486,0.702881
-0.185303,0.178833,0.960815
0.317627,-0.396484,0.901245
-0.596558,0.081543,0.754395
0.370361,-0.128662,1.017212
-0.165283,-0.355347,0.700317
-0.268677,0.189941,0.916260
0.371948,-0.379761,0.913452
-0.577515,0.028076,0.732178
0.312012,-0.072998,1.015747
-0.117310,-0.378906,0.713379
-0.357910,0.208862,0.892090
0.402344,-0.340576,0.932983
-0.551758,-0.039551,0.710938
0.229614,-0.010254,1.005981
-0.060181,-0.395752,0.743774
-0.436890,0.222168,0.876221
0.420410,-0.312378,0.946777
-0.508545,-0.086792,0.716064
0.152710,0.039795,1.010254
0.013916,-0.381958,0.784424
-0.505859,0.216919,0.846680
0.428833,-0.267700,0.973389
-0.441162,-0.141357,0.733154
0.082397,0.101318,1.015503
0.108276,-0.392944,0.812256
-0.556763,0.205200,0.814331
0.434082,-0.224854,0.984741
-0.345703,-0.195679,0.735840
0.005737,0.129639,1.005493
0.192139,-0.395630,0.847290
-0.583374,0.172485,0.785889
0.431030,-0.188599,0.995483
-0.254028,-0.250488,0.734131
-0.085083,0.160767,0.976440
0.269287,-0.380249,0.878906
-0.592407,0.135376,0.770386
0.411011,-0.153564,1.015259
-0.181274,-0.313721,0.729980
-0.174805,0.183350,0.940430
0.343384,-0.377808,0.900269
-0.584351,0.083374,0.758545
0.372559,-0.115723,1.021484
-0.119385,-0.364136,0.724976
-0.261841,0.191772,0.902588
0.391968,-0.359863,0.921021
-0.557495,0.020996,0.734741
0.308105,-0.044312,1.013062
-0.061646,-0.403442,0.727661
-0.350586,0.198242,0.870728
0.422729,-0.338379,0.942993
-0.532227,-0.041138,0.721191
0.236572,0.004517,1.011841
-0.006592,-0.405029,0.748657
-0.421997,0.200562,0.843506
0.439331,-0.303711,0.960571
-0.477661,-0.106079,0.735718
0.149658,0.060181,1.020264
0.060059,-0.401245,0.787109
-0.491089,0.201538,0.826416
0.450684,-0.267578,0.973267
-0.407349,-0.146973,0.748779
0.081055,0.102539,1.017822
0.134521,-0.404785,0.822144
-0.544922,0.183594,0.805420
0.455200,-0.231445,0.993286
-0.327637,-0.175049,0.756958
-0.006470,0.144531,0.993896
0.218384,-0.412720,0.850098
-0.576538,0.147461,0.774292
0.447266,-0.192627,1.007080
-0.231934,-0.242310,0.766235
-0.094727,0.175293,0.973145
0.294434,-0.407959,0.885986
-0.585693,0.110962,0.758667
0.422729,-0.162109,1.008057
-0.136719,-0.307739,0.771362
-0.176758,0.170044,0.935669
0.353516,-0.385742,0.906616
-0.563110,0.068359,0.770142
0.368042,-0.110840,1.008911
-0.065674,-0.364624,0.758057
-0.253418,0.153687,0.887573
0.398560,-0.371094,0.929932
-0.536621,-0.008179,0.742432
0.300781,-0.057495,0.994751
-0.013672,-0.398926,0.759644
-0.335449,0.139648,0.846069
0.435547,-0.346191,0.954468
-0.501709,-0.079224,0.738037
0.221924,0.000854,1.002319
0.042725,-0.422241,0.768555
-0.413940,0.156616,0.828613
0.451538,-0.316040,0.970825
-0.456909,-0.146362,0.732422
0.139038,0.050537,1.016235
0.098022,-0.428833,0.792358
-0.483521,0.142456,0.794189
0.465332,-0.294922,0.980225
-0.395630,-0.184814,0.752441
0.054810,0.104736,1.015991
0.170776,-0.439819,0.818726
-0.529175,0.128052,0.772339
0.465942,-0.268799,0.991821
-0.317017,-0.218384,0.767212
-0.022339,0.135986,1.000854
0.245483,-0.456909,0.846558
-0.549316,0.077515,0.746704
0.449951,-0.240356,0.999512
-0.221313,-0.231812,0.794922
-0.096802,0.157471,0.975586
0.307983,-0.441040,0.886108
-0.556152,0.069092,0.757446
0.426270,-0.195679,1.019287
-0.124390,-0.303223,0.799927
-0.163818,0.168823,0.968506
0.363525,-0.439819,0.904663
-0.542603,0.034668,0.758179
0.387085,-0.138428,1.021484
-0.049438,-0.364380,0.799316
-0.235718,0.156372,0.924561
0.409546,-0.414185,0.932373
-0.519409,-0.042114,0.742554
0.322754,-0.090088,1.015625
0.015869,-0.422852,0.784546
-0.301270,0.149170,0.888672
0.445557,-0.382202,0.959595
-0.493042,-0.098022,0.737671
0.253174,-0.039795,1.014282
0.067871,-0.446777,0.786743
-0.360352,0.124146,0.857056
0.473389,-0.352661,0.977905
-0.459839,-0.143921,0.740234
0.187622,-0.000366,1.016357
0.102783,-0.442871,0.803223
-0.413696,0.126099,0.827148
0.491455,-0.316528,1.005493
-0.406006,-0.189697,0.749146
0.098877,0.064941,1.028320
0.177002,-0.460938,0.829590
-0.452515,0.088257,0.801636
0.498657,-0.295410,1.017822
-0.336548,-0.196167,0.777344
0.028198,0.107788,1.026123
0.254272,-0.471069,0.859863
-0.482178,0.050293,0.770874
0.480469,-0.254639,1.032471
-0.253662,-0.234131,0.804565
-0.042236,0.142456,1.023560
0.314209,-0.468384,0.897949
-0.509155,0.049561,0.779541
0.461304,-0.207520,1.046143
-0.180908,-0.270996,0.815796
-0.104370,0.168213,1.021240
0.372314,-0.452881,0.942993
-0.509399,0.050049,0.788818
0.432007,-0.159302,1.056396
-0.084839,-0.328125,0.822388
-0.161621,0.178955,1.004883
0.420288,-0.427246,0.962158
-0.492432,-0.012207,0.781128
0.393677,-0.108521,1.060303
0.005005,-0.371216,0.827515
-0.216309,0.178589,0.986816
0.464478,-0.409180,0.989380
-0.461670,-0.068359,0.777710
0.341431,-0.057129,1.066895
0.070557,-0.401855,0.840576
-0.266479,0.156860,0.953857
0.499756,-0.374390,1.022339
-0.439941,-0.119141,0.772949
0.291016,-0.029541,1.067505
0.106201,-0.393677,0.853271
-0.320557,0.162720,0.933472
0.523071,-0.332642,1.056763
-0.396362,-0.174316,0.777222
0.221313,0.021973,1.057983
0.162964,-0.408813,0.882690
-0.366333,0.133179,0.895386
0.541016,-0.300903,1.078369
-0.352905,-0.205688,0.789307
0.154297,0.063354,1.061523
0.235229,-0.438110,0.892456
-0.402954,0.090454,0.846191
0.547485,-0.266235,1.085449
-0.293579,-0.229370,0.807617
0.093018,0.105591,1.058716
0.300293,-0.448120,0.923462
-0.441895,0.079712,0.825684
0.539307,-0.231323,1.100952
-0.216675,-0.251221,0.832153
0.023193,0.155273,1.074219
0.358765,-0.440186,0.955078
-0.463745,0.067139,0.820801
0.514893,-0.190796,1.108643
-0.151611,-0.267212,0.846313
-0.027344,0.196045,1.087769
0.404419,-0.428711,0.992798
-0.471191,0.059082,0.830444
0.498047,-0.147705,1.112793
-0.084473,-0.285767,0.869873
-0.082397,0.220215,1.092529
0.453247,-0.417725,1.012085
-0.461060,0.027100,0.828735
0.467529,-0.113770,1.125366
0.000732,-0.335571,0.877808
-0.129150,0.220215,1.080200
0.481445,-0.395142,1.036987
-0.448975,-0.009277,0.827393
0.438965,-0.077026,1.138062
0.054932,-0.354614,0.890625
-0.173950,0.217407,1.062622
0.507690,-0.353638,1.062012
-0.424927,-0.055908,0.820679
0.404175,-0.046387,1.136841
0.060913,-0.349976,0.897461
-0.211304,0.207642,1.044067
0.538086,-0.315186,1.089844
-0.411377,-0.096069,0.810303
0.364502,-0.006348,1.143433
0.111816,-0.377563,0.907959
-0.267822,0.182129,1.010864
0.562988,-0.298828,1.116943
-0.377930,-0.143799,0.812622
0.308228,0.033936,1.127563
0.170410,-0.392212,0.929443
-0.308105,0.149536,0.964355
0.579102,-0.275757,1.139648
-0.350464,-0.174316,0.812256
0.259033,0.058838,1.129272
0.222534,-0.406738,0.944580
-0.331909,0.134766,0.937500
0.587646,-0.263428,1.139038
-0.313721,-0.195312,0.825684
0.207764,0.088867,1.122559
0.268677,-0.420288,0.950317
-0.363770,0.129150,0.921997
0.582886,-0.255127,1.142456
-0.280029,-0.212769,0.845337
0.150269,0.119629,1.117188
0.299194,-0.427368,0.959351
-0.392334,0.115723,0.908447
0.580566,-0.233032,1.146240
-0.248291,-0.233398,0.844727
0.103271,0.143677,1.113892
0.339722,-0.417114,0.987183
-0.408569,0.101807,0.896729
0.572144,-0.209473,1.150879
-0.215698,-0.248291,0.857910
0.057373,0.154419,1.108154
0.354858,-0.395386,0.996704
-0.417114,0.068237,0.872803
0.564575,-0.179688,1.161987
-0.167236,-0.261719,0.861084
0.003662,0.169189,1.100464
0.378662,-0.383423,1.003906
-0.426758,0.054443,0.862549
0.554932,-0.161133,1.161743
-0.107910,-0.291382,0.876343
-0.038818,0.178589,1.085083
0.399780,-0.383667,1.002075
-0.436035,0.025146,0.853027
0.532349,-0.132690,1.169922
-0.065186,-0.328003,0.866821
-0.075073,0.175171,1.074463
0.418945,-0.360840,1.017578
-0.442261,0.007080,0.846558
0.516113,-0.114868,1.165527
-0.065063,-0.332764,0.845093
-0.115723,0.183960,1.059326
0.435059,-0.357056,1.024902
-0.457275,0.001343,0.838257
0.490479,-0.098511,1.170776
-0.054688,-0.340454,0.844849
-0.156982,0.186157,1.045532
0.448364,-0.352295,1.035400
-0.458740,-0.030151,0.823730
0.462524,-0.071777,1.169067
-0.044434,-0.325562,0.851196
-0.197876,0.191650,1.038452
0.470825,-0.333130,1.050171
-0.466064,-0.041260,0.806641
0.426636,-0.058960,1.161499
-0.021606,-0.309570,0.861816
-0.233032,0.201904,1.030029
0.484863,-0.327148,1.056885
-0.463745,-0.072388,0.787720
0.393188,-0.034668,1.158691
-0.014282,-0.323853,0.861328
-0.273926,0.190552,1.001953
0.497314,-0.327026,1.057007
-0.458496,-0.082886,0.781250
0.349243,-0.022583,1.147217
0.008545,-0.345093,0.844360
-0.303345,0.181396,0.973267
0.498779,-0.314941,1.054932
-0.441040,-0.126953,0.761719
0.304688,-0.009521,1.120850
0.033813,-0.367554,0.852051
-0.336914,0.166748,0.941772
0.497437,-0.321167,1.052979
-0.430908,-0.146362,0.755493
0.268311,-0.004150,1.115234
0.061279,-0.377441,0.848999
-0.376465,0.172607,0.921875
0.505493,-0.305908,1.055176
-0.418579,-0.167358,0.757568
0.233032,0.010742,1.100830
0.087280,-0.379150,0.859375
-0.415283,0.160278,0.902954
0.499146,-0.284912,1.062378
-0.408813,-0.197266,0.761719
0.178833,0.038818,1.084229
0.119751,-0.381836,0.875122
-0.445679,0.144043,0.873047
0.495972,-0.267944,1.061401
-0.402222,-0.212646,0.757080
0.123291,0.061157,1.065918
0.152588,-0.392822,0.873169
-0.470215,0.126953,0.862427
0.487305,-0.261719,1.058228
-0.383789,-0.206543,0.761963
0.074829,0.067383,1.053711
0.177368,-0.391846,0.878174
-0.498413,0.118164,0.839722
0.490112,-0.254150,1.058105
-0.333008,-0.232788,0.766479
0.023315,0.101440,1.044678
0.210571,-0.402588,0.877808
-0.517944,0.094727,0.822144
0.493652,-0.147949,1.135376
-0.293335,-0.263794,0.760132
-0.103271,0.170166,1.042358
0.242676,-0.395386,0.888794
-0.478638,-0.015503,0.803223
0.464111,-0.127319,1.129150
-0.115479,-0.326172,0.800293
-0.163452,0.172974,1.018799
0.418457,-0.347534,1.004395
-0.483765,-0.034424,0.794800
0.435791,-0.104614,1.130249
-0.105103,-0.322144,0.796875
-0.223755,0.194092,1.008789
0.431519,-0.341309,1.018677
-0.486694,-0.053955,0.779785
0.394897,-0.081177,1.124634
-0.086914,-0.326904,0.808350
-0.282104,0.185913,0.972290
0.448120,-0.334229,1.024780
-0.482178,-0.100586,0.762451
0.341431,-0.045532,1.119385
-0.047607,-0.328369,0.828247
-0.324341,0.185425,0.947021
0.458008,-0.322266,1.020874
-0.466187,-0.136230,0.741577
0.292114,-0.017090,1.108887
-0.006348,-0.360107,0.824829
-0.378052,0.181396,0.925903
0.463379,-0.311035,1.025391
-0.454956,-0.163574,0.727417
0.239136,0.006592,1.096802
0.041992,-0.378784,0.832397
-0.427002,0.170532,0.896851
0.469482,-0.304077,1.033691
-0.440308,-0.177856,0.737671
0.182739,0.030396,1.072632
0.095947,-0.394897,0.846436
-0.470215,0.161255,0.865967
0.471436,-0.285278,1.035767
-0.426880,-0.210083,0.737183
0.119263,0.050415,1.058960
0.137939,-0.391235,0.865723
-0.503784,0.143555,0.851685
0.463989,-0.269775,1.032349
-0.374634,-0.230469,0.751343
0.056274,0.063721,1.036621
0.172241,-0.395874,0.868286
-0.526367,0.136353,0.831177
0.458008,-0.249268,1.033081
-0.318237,-0.248779,0.757568
-0.004517,0.077759,1.013550
0.218628,-0.398315,0.872192
-0.543823,0.096558,0.800293
0.447388,-0.206421,1.043579
-0.267822,-0.306396,0.737915
-0.082031,0.116821,0.999634
0.268066,-0.413574,0.889282
-0.559937,0.076172,0.776733
0.437866,-0.196655,1.048340
-0.238647,-0.301758,0.734497
-0.157715,0.140747,0.979370
0.309570,-0.414795,0.899780
-0.567871,0.041626,0.760254
0.402588,-0.160278,1.049438
-0.207520,-0.304688,0.729736
-0.226196,0.161255,0.955566
0.336914,-0.388062,0.916016
-0.564453,0.022583,0.754150
0.371338,-0.133423,1.041382
-0.180298,-0.316895,0.745239
-0.295776,0.166748,0.926758
0.361450,-0.382690,0.924316
-0.566406,-0.017700,0.730225
0.325195,-0.092529,1.040527
-0.139648,-0.335693,0.748413
-0.352783,0.183472,0.904541
0.380981,-0.366577,0.939941
-0.562622,-0.053955,0.703979
0.278687,-0.061523,1.035034
-0.093750,-0.368774,0.752808
-0.409302,0.210571,0.897095
0.392700,-0.340454,0.955200
-0.540283,-0.087524,0.701538
0.218140,-0.011475,1.034912
-0.041504,-0.386719,0.771973
-0.469238,0.215210,0.875732
0.416748,-0.321655,0.969849
-0.516724,-0.127319,0.699951
0.145874,0.033813,1.022705
0.028564,-0.396118,0.795532
-0.514648,0.218140,0.870239
0.430054,-0.292114,0.975586
-0.473267,-0.150024,0.712524
0.083008,0.063477,1.020508
0.086548,-0.408813,0.814453
-0.550659,0.211914,0.840942
0.432373,-0.258423,0.985107
-0.410400,-0.191406,0.725830
0.036011,0.083496,1.006470
0.138916,-0.417725,0.827515
-0.573853,0.185059,0.817139
0.429932,-0.229858,0.998413
-0.345947,-0.232666,0.720459
-0.022705,0.118164,0.995361
0.196899,-0.417358,0.846069
-0.591431,0.161987,0.796631
0.426514,-0.202881,1.005371
-0.286987,-0.265015,0.722656
-0.083984,0.130371,0.976929
0.245728,-0.413696,0.871704
-0.596924,0.138550,0.784546
0.413330,-0.177612,1.010132
-0.233398,-0.274902,0.731934
-0.150635,0.162231,0.959595
0.302490,-0.402222,0.887207
-0.598755,0.107300,0.762451
0.389893,-0.126831,1.015015
-0.195801,-0.307251,0.718018
-0.208862,0.172485,0.935059
0.338257,-0.408325,0.890869
-0.595581,0.081543,0.750977
0.369629,-0.108887,1.014282
-0.149658,-0.324097,0.725952
-0.273071,0.178955,0.900269
0.368896,-0.383301,0.909668
-0.579102,0.025269,0.726807
0.331177,-0.064453,1.029541
-0.111572,-0.369263,0.724365
-0.333984,0.194214,0.883667
0.393555,-0.356934,0.920776
-0.556519,-0.012329,0.724121
0.279053,-0.029785,1.016113
-0.078491,-0.379395,0.736206
-0.383057,0.208374,0.873779
0.413330,-0.327759,0.943115
-0.536621,-0.065918,0.711060
0.222534,0.005127,1.006470
-0.026733,-0.395752,0.748779
-0.435425,0.227905,0.859741
0.434937,-0.311523,0.956177
-0.510010,-0.102051,0.707886
0.170532,0.034912,1.007812
0.022461,-0.399780,0.775269
-0.481567,0.222534,0.848267
0.444092,-0.272583,0.973877
-0.464722,-0.108887,0.737427
0.125122,0.073853,1.014893
0.072144,-0.398315,0.794067
-0.518555,0.226562,0.832275
0.455688,-0.263306,0.977905
-0.417236,-0.148682,0.740234
0.073975,0.112183,1.017334
0.128174,-0.396851,0.815308
-0.549316,0.203735,0.809570
0.453735,-0.249023,0.987915
-0.360840,-0.173218,0.749268
0.016968,0.131348,1.005005
0.186035,-0.400024,0.832397
-0.575928,0.176758,0.794312
0.458252,-0.217529,0.990967
-0.298462,-0.198608,0.756714
-0.045654,0.155518,0.987061
0.242676,-0.398560,0.865967
-0.577881,0.158203,0.789795
0.439819,-0.180054,1.012695
-0.231934,-0.230713,0.765381
-0.109009,0.169312,0.969727
0.291260,-0.397339,0.883423
-0.580322,0.127808,0.771118
0.432739,-0.145508,1.021484
-0.163940,-0.280151,0.768066
-0.173462,0.185059,0.941162
0.332886,-0.400879,0.889404
-0.570801,0.106201,0.772461
0.409424,-0.121704,1.025879
-0.110596,-0.324097,0.762085
-0.223877,0.174194,0.907104
0.361450,-0.388062,0.905762
-0.548340,0.064575,0.768555
0.371704,-0.093628,1.020996
-0.066650,-0.352417,0.765991
-0.272827,0.173584,0.881836
0.391479,-0.368042,0.923096
-0.535889,0.005615,0.747437
0.325562,-0.052124,1.009277
-0.023560,-0.375977,0.756226
-0.333862,0.166992,0.853271
0.418457,-0.356934,0.932007
-0.524048,-0.053955,0.720825
0.264282,-0.010864,1.007202
0.022827,-0.413208,0.760010
-0.378784,0.170166,0.842041
0.438354,-0.342163,0.947021
-0.501953,-0.100220,0.723145
0.210815,0.021973,1.018188
0.068726,-0.428467,0.781372
-0.429565,0.165771,0.829102
0.450562,-0.329346,0.954834
-0.479248,-0.116699,0.729004
0.156494,0.059448,1.026855
0.104126,-0.419922,0.797852
-0.468140,0.160034,0.815430
0.463867,-0.314941,0.967163
-0.435059,-0.163696,0.740479
0.094971,0.091431,1.017944
0.155396,-0.431274,0.813354
-0.502075,0.139648,0.792480
0.464600,-0.289307,0.988892
-0.374512,-0.188599,0.748657
0.022461,0.128540,1.002808
0.212891,-0.446167,0.832764
-0.521973,0.113159,0.776367
0.467773,-0.266479,1.000122
-0.317505,-0.239380,0.755981
-0.048340,0.147461,0.989868
0.257202,-0.439941,0.860474
-0.536865,0.076172,0.756470
0.462891,-0.246582,1.015015
-0.230835,-0.241333,0.785156
-0.114868,0.166992,0.974854
0.297485,-0.440796,0.872559
-0.529297,0.051392,0.762817
0.438354,-0.207520,1.021973
-0.156616,-0.260376,0.808105
-0.168579,0.175903,0.953979
0.342651,-0.431519,0.898315
-0.527954,0.036987,0.763916
0.411865,-0.156982,1.037109
-0.088013,-0.315552,0.805054
-0.210327,0.163330,0.938477
0.376465,-0.427856,0.913818
-0.523804,-0.002319,0.758667
0.378174,-0.106445,1.042114
-0.025269,-0.357910,0.810791
-0.263428,0.171875,0.923340
0.408569,-0.414551,0.927002
-0.507812,-0.066895,0.745605
0.332031,-0.078735,1.032471
0.022705,-0.396240,0.800415
-0.304077,0.165405,0.904663
0.437622,-0.409668,0.943848
-0.485474,-0.105591,0.739136
0.283813,-0.050415,1.026367
0.067139,-0.426636,0.802612
-0.341919,0.164551,0.884033
0.466187,-0.392944,0.963745
-0.472168,-0.127930,0.743042
0.220215,-0.016724,1.029175
0.105103,-0.442383,0.810181
-0.372681,0.147583,0.869019
0.484863,-0.365723,0.984253
-0.444336,-0.150513,0.744995
0.176025,0.007812,1.019775
0.132080,-0.443359,0.821411
-0.397095,0.143921,0.857300
0.503540,-0.337280,1.013184
-0.412720,-0.180054,0.744507
0.119751,0.048462,1.026001
0.189209,-0.473999,0.835938
-0.425781,0.116699,0.845581
0.504272,-0.313354,1.020020
-0.370850,-0.196899,0.757080
0.072632,0.080933,1.026489
0.243042,-0.484985,0.854004
-0.440430,0.082642,0.808105
0.510864,-0.297485,1.030518
-0.324585,-0.227417,0.775146
0.024536,0.108643,1.020508
0.277222,-0.479370,0.875244
-0.462402,0.066772,0.804077
0.505005,-0.268311,1.048706
-0.277588,-0.213501,0.806885
-0.008545,0.119629,1.031860
0.316406,-0.474854,0.898560
-0.472046,0.045532,0.794067
0.486816,-0.232422,1.052002
-0.216431,-0.233398,0.827393
-0.052490,0.142944,1.035889
0.356445,-0.458374,0.930542
-0.485840,0.049316,0.803223
0.479492,-0.188354,1.076416
-0.154053,-0.241089,0.844604
-0.086426,0.167725,1.039917
0.389404,-0.446533,0.946411
-0.477417,0.020142,0.802124
0.461792,-0.154541,1.083984
-0.101074,-0.273071,0.855591
-0.126099,0.173096,1.029663
0.426392,-0.437988,0.977539
-0.473022,-0.005859,0.795044
0.434692,-0.124634,1.094116
-0.036621,-0.321899,0.851807
-0.158691,0.190918,1.033936
0.453125,-0.420288,0.995728
-0.460327,-0.041260,0.792480
0.418335,-0.090942,1.107422
0.026978,-0.362061,0.873291
-0.195679,0.202026,1.022095
0.482788,-0.390503,1.023438
-0.447510,-0.074585,0.787476
0.382324,-0.065063,1.102661
0.068726,-0.371582,0.877197
-0.230469,0.202026,1.013794
0.506470,-0.367065,1.041870
-0.425903,-0.112183,0.784668
0.353760,-0.024414,1.115356
0.085327,-0.361328,0.887329
-0.260254,0.206665,1.005005
0.531128,-0.337524,1.070068
-0.404297,-0.138184,0.782349
0.319702,0.004150,1.111084
0.124512,-0.385498,0.901978
-0.302002,0.206299,0.986572
0.551392,-0.312500,1.088623
-0.374634,-0.168457,0.790161
0.267944,0.040649,1.117188
0.181763,-0.408203,0.913818
-0.335815,0.189941,0.958130
0.571533,-0.300781,1.103638
-0.350098,-0.191406,0.793945
0.219360,0.064087,1.112427
0.229858,-0.425659,0.932739
-0.350464,0.143066,0.921265
0.577026,-0.276123,1.108521
-0.322876,-0.215820,0.801636
0.181274,0.088989,1.103149
0.276978,-0.440552,0.939087
-0.372437,0.106689,0.902466
0.572754,-0.267090,1.114868
-0.282715,-0.228516,0.818481
0.133179,0.106201,1.094360
0.314209,-0.439087,0.960205
-0.395996,0.099609,0.878906
0.563721,-0.236938,1.122681
-0.242554,-0.234863,0.837036
0.085815,0.136841,1.095947
0.350830,-0.429688,0.979126
-0.414673,0.084229,0.876831
0.562012,-0.204346,1.140503
-0.199219,-0.234619,0.870239
0.037842,0.158325,1.100464
0.384888,-0.415894,0.998413
-0.421997,0.067627,0.867310
0.550659,-0.174683,1.141968
-0.151733,-0.246948,0.880371
-0.005493,0.182007,1.096069
0.417480,-0.403687,1.018433
-0.428589,0.040283,0.861084
0.531250,-0.145874,1.163208
-0.085693,-0.274780,0.894653
-0.046875,0.189087,1.092285
0.437012,-0.380005,1.028320
-0.424805,0.007568,0.858276
0.517700,-0.119751,1.162109
-0.027588,-0.300537,0.895874
-0.089233,0.191406,1.081299
0.454834,-0.364502,1.045654
-0.432373,-0.005127,0.860840
0.503540,-0.096680,1.175537
-0.010620,-0.327271,0.891113
-0.127075,0.196045,1.072754
0.482178,-0.339600,1.073242
-0.436401,-0.032104,0.838257
0.475464,-0.068115,1.181641
0.013428,-0.327881,0.887695
-0.181519,0.222168,1.062988
0.502930,-0.330078,1.073242
-0.427246,-0.069458,0.823486
0.437866,-0.041382,1.181763
0.036133,-0.313477,0.903931
-0.227417,0.223633,1.040649
0.522095,-0.315430,1.090088
-0.400146,-0.113159,0.813599
0.394287,-0.020142,1.169800
0.065430,-0.302246,0.921997
-0.266968,0.217163,1.014038
0.546753,-0.297607,1.114136
-0.381592,-0.162720,0.805664
0.317749,0.021851,1.158203
0.119629,-0.361084,0.912354
-0.294556,0.182251,0.975708
0.556030,-0.295776,1.110840
-0.356934,-0.215698,0.794434
0.258301,0.053833,1.146973
0.183228,-0.386963,0.910889
-0.358643,0.161255,0.932617
0.569946,-0.277222,1.124512
-0.326050,-0.231567,0.803101
0.185303,0.072021,1.125610
0.239746,-0.398193,0.941895
-0.398315,0.134888,0.906250
0.555298,-0.231567,1.113892
-0.279907,-0.267578,0.812500
0.114990,0.106934,1.118408
0.304077,-0.409058,0.960815
-0.449097,0.128052,0.878296
0.538452,-0.199097,1.128296
-0.215454,-0.283691,0.832031
0.032837,0.122803,1.101440
0.326538,-0.384155,0.961060
-0.445435,0.059204,0.854614
0.524414,-0.167969,1.138916
-0.126221,-0.316284,0.832397
-0.040649,0.136108,1.070068
0.372681,-0.372437,0.982056
-0.475342,0.022461,0.822510
0.487061,-0.116211,1.145996
-0.091919,-0.316406,0.828735
-0.139648,0.156616,1.043457
0.422119,-0.338501,1.018799
-0.470947,-0.042847,0.798340
0.411377,-0.059326,1.144287
-0.056519,-0.299561,0.839600
-0.255249,0.194824,1.011353
0.492310,-0.330078,1.069458
-0.434082,-0.135254,0.780518
0.310303,-0.006714,1.123901
0.033447,-0.336304,0.856934
-0.356689,0.154175,0.926514
0.516846,-0.288452,1.086914
-0.350342,-0.223267,0.782959
0.172119,0.074829,1.101807
0.140625,-0.357544,0.887329
-0.434937,0.096924,0.862793
0.520264,-0.242310,1.094849
-0.294067,-0.267212,0.796509
0.033447,0.100464,1.054443
0.269653,-0.366089,0.926025
-0.474243,0.033447,0.813965
0.485718,-0.197754,1.096680
-0.161011,-0.318237,0.798950
-0.120361,0.138062,1.016602
0.366821,-0.353394,0.982300
-0.483032,-0.053955,0.776367
0.393433,-0.094727,1.110718
-0.105591,-0.300781,0.805664
-0.285034,0.176392,0.971802
0.452759,-0.322876,1.034546
-0.448853,-0.167236,0.748779
0.246460,-0.000122,1.100708
0.043823,-0.353516,0.847778
-0.441284,0.152832,0.881348
0.490234,-0.265869,1.054688
-0.363892,-0.252441,0.763672
0.063965,0.080444,1.052368
0.206299,-0.374390,0.894531
-0.501099,0.070068,0.815796
0.461792,-0.201172,1.073730
-0.197388,-0.320679,0.768188
-0.126343,0.109375,1.002686
0.327759,-0.366333,0.951904
-0.510742,-0.037720,0.764404
0.367065,-0.077026,1.090088
-0.120850,-0.295044,0.788086
-0.319946,0.164673,0.938721
0.432251,-0.335693,1.008057
-0.459717,-0.171753,0.732666
0.211548,0.020874,1.076782
0.048096,-0.336548,0.839966
-0.482300,0.153076,0.851562
0.446167,-0.256226,1.038696
-0.322876,-0.291016,0.751587
0.018188,0.062500,1.027344
0.222168,-0.374634,0.882202
-0.538574,0.077759,0.786987
0.417114,-0.203491,1.039795
-0.207153,-0.305786,0.748901
-0.191772,0.123169,0.978394
0.337158,-0.362549,0.953247
-0.536743,-0.039917,0.747559
0.315430,-0.065186,1.060425
-0.118164,-0.321045,0.764038
-0.373779,0.175049,0.908081
0.409668,-0.323120,0.989624
-0.474487,-0.165649,0.718384
0.167969,0.029663,1.046509
0.029175,-0.360352,0.806030
-0.499390,0.159912,0.843994
0.445068,-0.259888,1.020874
-0.353027,-0.244995,0.750366
0.018433,0.093262,1.027344
0.176147,-0.386475,0.855713
-0.561035,0.092773,0.784668
0.422729,-0.215088,1.016846
-0.246094,-0.310547,0.724731
-0.126465,0.132446,0.988525
0.302124,-0.400513,0.902588
-0.588013,0.049561,0.758789
0.363159,-0.150391,1.021240
-0.185547,-0.311279,0.728638
-0.268555,0.156372,0.938232
0.376099,-0.384766,0.935303
-0.568848,-0.033325,0.734375
0.270752,-0.059326,1.025391
-0.115479,-0.349976,0.741699
-0.406128,0.193970,0.891968
0.416626,-0.335693,0.976440
-0.506836,-0.105957,0.719360
0.157471,0.038330,1.028076
-0.017456,-0.383179,0.775513
-0.494141,0.210693,0.854492
0.429688,-0.293579,0.982178
-0.432861,-0.190063,0.730713
0.057617,0.078125,1.023682
0.074707,-0.381958,0.806274
-0.545898,0.188354,0.816284
0.443604,-0.265259,0.997925
-0.339233,-0.259033,0.738892
-0.021973,0.096436,0.996094
0.175781,-0.413208,0.837524
-0.578247,0.152344,0.769409
0.420532,-0.202148,0.994873
-0.258667,-0.286987,0.724121
-0.102173,0.133789,0.987793
0.268066,-0.426636,0.875977
-0.610718,0.123657,0.764404
0.393555,-0.170898,1.004395
-0.211060,-0.296997,0.721191
-0.171509,0.149658,0.958618
0.321777,-0.389404,0.902832
-0.600464,0.083740,0.750977
0.357666,-0.137329,1.002441
-0.168579,-0.322632,0.722168
-0.256470,0.152588,0.918213
0.358032,-0.372925,0.916382
-0.580811,0.023315,0.725952
0.311157,-0.071655,1.015747
-0.135986,-0.352417,0.721313
-0.338379,0.168457,0.884399
0.390259,-0.351685,0.934814
-0.552002,-0.016724,0.708984
0.250000,-0.008179,1.014404
-0.080200,-0.380615,0.734009
-0.399902,0.197632,0.876465
0.411499,-0.334595,0.944458
-0.542725,-0.069702,0.698853
0.187622,0.024414,1.002441
-0.030273,-0.390991,0.762817
-0.452637,0.217651,0.869263
0.424683,-0.295776,0.961426
-0.499878,-0.115234,0.701050
0.131958,0.058472,1.007812
0.023560,-0.387085,0.788452
-0.501953,0.216431,0.846069
0.434082,-0.259644,0.979736
-0.441772,-0.136353,0.732666
0.095337,0.090088,1.025024
0.086304,-0.388428,0.809570
-0.554932,0.224731,0.820068
0.444702,-0.248779,0.980103
-0.358765,-0.189209,0.743530
0.028076,0.121338,1.015381
0.150757,-0.381348,0.839355
-0.578003,0.211426,0.802979
0.438843,-0.217285,0.984497
-0.291992,-0.267334,0.725342
-0.040771,0.155273,0.998291
0.222534,-0.382080,0.860840
-0.588501,0.167847,0.783691
0.425903,-0.179810,1.003296
-0.237183,-0.282593,0.729004
-0.101440,0.165039,0.969116
0.292847,-0.401489,0.882812
-0.592773,0.154175,0.775635
0.402222,-0.137939,1.004395
-0.180420,-0.304321,0.729370
-0.168945,0.167236,0.949219
0.343018,-0.400513,0.895142
-0.587646,0.108643,0.761597
0.374023,-0.086060,1.018677
-0.125244,-0.342896,0.723145
-0.243408,0.184570,0.915161
0.374512,-0.363525,0.916992
-0.569580,0.042236,0.744141
0.324341,-0.055420,1.008911
-0.073608,-0.378906,0.727051
-0.319702,0.191162,0.883179
0.406738,-0.344971,0.930786
-0.544800,-0.023560,0.724121
0.261719,-0.023193,1.000732
-0.036255,-0.381592,0.754395
-0.389038,0.186157,0.851807
0.428345,-0.307373,0.961426
-0.504150,-0.066772,0.731567
0.188232,0.031738,1.010132
0.007446,-0.397583,0.762573
-0.445435,0.199219,0.837769
0.455811,-0.287720,0.972046
-0.464966,-0.095459,0.746826
0.131348,0.070435,1.024292
0.075317,-0.406494,0.789429
-0.503174,0.195068,0.813477
0.459595,-0.286865,0.967285
-0.409790,-0.152588,0.760620
0.081543,0.109619,1.021973
0.130371,-0.387695,0.819702
-0.540039,0.169922,0.785522
0.466919,-0.248169,0.993408
-0.337158,-0.182495,0.758789
0.013550,0.143555,1.015381
0.189453,-0.402710,0.825684
-0.564331,0.135864,0.771484
0.467285,-0.245850,1.000977
-0.268677,-0.216553,0.770996
-0.056641,0.188599,0.998779
0.259766,-0.402466,0.862549
-0.582520,0.126953,0.754395
0.456909,-0.229248,1.006348
-0.209351,-0.254761,0.775513
-0.101196,0.182617,0.978149
0.301392,-0.382935,0.899170
-0.590942,0.100952,0.758667
0.427856,-0.187378,1.016724
-0.141357,-0.306519,0.778320
-0.149170,0.180542,0.947632
0.330933,-0.363525,0.908691
-0.574097,0.079102,0.755737
0.405029,-0.158203,1.016968
-0.095459,-0.347168,0.776123
-0.213135,0.185425,0.923828
0.373901,-0.377930,0.923462
-0.556396,0.043701,0.746216
0.368286,-0.124878,1.007202
-0.047974,-0.384766,0.766479
-0.262207,0.181152,0.896606
0.406616,-0.381104,0.929077
-0.548462,-0.015625,0.743286
0.322632,-0.097168,0.995972
-0.011597,-0.395020,0.768066
-0.308716,0.167725,0.872437
0.428345,-0.384277,0.940063
-0.530518,-0.058838,0.733398
0.278809,-0.038940,1.009644
0.013062,-0.406616,0.758301
-0.350952,0.153931,0.854248
0.447021,-0.383423,0.943115
-0.505737,-0.082642,0.738647
0.216309,-0.000244,1.009888
0.061279,-0.439209,0.766113
-0.385986,0.149292,0.834961
0.459473,-0.347778,0.964355
-0.486572,-0.110718,0.739014
0.181885,0.027344,1.012085
0.072144,-0.433594,0.776245
-0.424561,0.137939,0.825073
0.479004,-0.325928,0.982300
-0.458984,-0.143066,0.731812
0.128540,0.047485,1.013794
0.117798,-0.444580,0.794189
-0.457153,0.134277,0.804443
0.482788,-0.323120,0.989746
-0.423950,-0.166382,0.741577
0.080933,0.081421,1.008301
0.170288,-0.466431,0.813965
-0.484863,0.102295,0.780762
0.489258,-0.315552,1.001465
-0.377808,-0.175415,0.751099
0.042358,0.107544,1.014648
0.223389,-0.467163,0.832520
-0.497803,0.088501,0.773804
0.479492,-0.307739,0.993530
-0.329224,-0.210205,0.770874
0.000366,0.124756,1.016479
0.258423,-0.463623,0.859375
-0.520874,0.086060,0.764282
0.473022,-0.289307,1.001709
-0.273315,-0.249390,0.776367
-0.046021,0.142822,1.011597
0.299072,-0.454102,0.885986
-0.530273,0.076660,0.763062
0.397949,-0.138306,1.013672
-0.218628,-0.249146,0.808105
-0.085327,0.153442,1.008179
0.338379,-0.450684,0.912964
-0.548584,0.042358,0.756592
0.359375,-0.105469,1.016968
-0.044556,-0.386719,0.781250
-0.249268,0.159180,0.898315
0.411499,-0.384521,0.940796
-0.533203,-0.011230,0.739746
0.318726,-0.077637,0.996094
-0.017456,-0.429077,0.757812
-0.284668,0.142212,0.877441
0.434448,-0.376099,0.947144
-0.526489,-0.039673,0.744507
0.285034,-0.057983,1.002563
0.019531,-0.442139,0.759521
-0.334839,0.128906,0.856567
0.442505,-0.361938,0.957397
-0.503052,-0.074341,0.738525
0.244995,-0.026733,1.014526
0.039307,-0.457153,0.762817
-0.370239,0.125366,0.845459
0.461182,-0.353149,0.966919
-0.482788,-0.099243,0.742432
0.197632,0.005615,1.017578
0.072510,-0.464478,0.772461
-0.408081,0.131958,0.831909
0.484009,-0.345947,0.980225
-0.455078,-0.113647,0.753296
0.136597,0.051758,1.015381
0.120361,-0.475098,0.790771
-0.443726,0.125977,0.815430
0.485229,-0.322021,0.986084
-0.421265,-0.129150,0.754028
0.105347,0.064209,1.021118
0.162231,-0.481934,0.813477
-0.470825,0.109131,0.798218
0.492676,-0.326904,0.992554
-0.380981,-0.163574,0.766357
0.060059,0.095581,1.022217
0.215332,-0.473633,0.844849
-0.495117,0.086426,0.771729
0.497437,-0.311035,1.010864
-0.338989,-0.218872,0.762695
0.013550,0.122314,1.028687
0.257080,-0.478027,0.857544
-0.515503,0.082397,0.765381
0.490601,-0.276733,1.022705
-0.278442,-0.226440,0.790894
-0.032837,0.143066,1.016846
0.292969,-0.471313,0.881836
-0.521973,0.062622,0.763062
0.474121,-0.251465,1.033081
-0.220459,-0.238892,0.807495
-0.067627,0.159912,1.014038
0.320923,-0.447266,0.906128
-0.526245,0.058716,0.775269
0.455811,-0.223999,1.042114
-0.164795,-0.272827,0.817993
-0.092773,0.159668,1.021362
0.339478,-0.434692,0.931763
-0.526001,0.054077,0.784058
0.448730,-0.207642,1.041016
-0.116699,-0.301758,0.829346
-0.120728,0.169800,1.013794
0.372803,-0.414917,0.946655
-0.517334,0.040405,0.783569
0.427612,-0.176147,1.041382
-0.058350,-0.327271,0.841675
-0.147583,0.154785,0.996704
0.399658,-0.396240,0.963013
-0.504517,0.003540,0.770752
0.411499,-0.151245,1.055542
-0.014038,-0.375122,0.835693
-0.179932,0.160278,0.994263
0.431641,-0.392700,0.982666
-0.500610,-0.023315,0.774780
0.390625,-0.126221,1.070190
0.028198,-0.416138,0.836182
-0.208740,0.163086,0.988037
0.449097,-0.381226,0.993042
-0.473755,-0.055054,0.777344
0.367310,-0.097778,1.059692
0.051758,-0.414185,0.842773
-0.228638,0.163330,0.979614
0.466797,-0.355469,1.007935
-0.458374,-0.083374,0.773071
0.343140,-0.065674,1.079834
0.083496,-0.414551,0.844360
-0.259399,0.177490,0.973633
0.491577,-0.337524,1.032837
-0.439331,-0.111450,0.773804
0.322632,-0.041748,1.083740
0.098022,-0.408447,0.866821
-0.285767,0.165039,0.961792
0.502319,-0.317261,1.049438
-0.419556,-0.135132,0.773926
0.293701,-0.014771,1.084351
0.122314,-0.401855,0.881104
-0.321289,0.170532,0.955200
0.524170,-0.293335,1.067261
-0.395752,-0.146118,0.781860
0.255737,0.012451,1.094360
0.171753,-0.430908,0.895630
-0.344604,0.146240,0.929199
0.535522,-0.285522,1.078857
-0.364868,-0.169189,0.791626
0.208008,0.048828,1.088379
0.226440,-0.444824,0.915039
-0.373047,0.108032,0.894653
0.542603,-0.261230,1.082764
-0.332520,-0.181274,0.800659
0.162109,0.080933,1.081055
0.272705,-0.450439,0.930664
-0.386475,0.074829,0.869019
0.547363,-0.232788,1.108521
-0.284302,-0.200562,0.818970
0.102051,0.124023,1.083008
0.331055,-0.448364,0.952393
-0.414673,0.058105,0.849365
0.540894,-0.202637,1.118652
-0.234985,-0.232666,0.825562
0.049683,0.160400,1.083618
0.391113,-0.431152,0.989258
-0.432983,0.056396,0.851685
0.516724,-0.160889,1.126221
-0.175659,-0.249390,0.848633
-0.009155,0.178711,1.080566
0.427002,-0.409180,1.023926
-0.441528,0.028198,0.840576
0.506226,-0.124878,1.140869
-0.084106,-0.278687,0.872192
-0.079834,0.201904,1.078003
0.461914,-0.381592,1.036865
-0.432373,-0.020508,0.830444
0.478149,-0.080566,1.158203
0.010254,-0.336182,0.885620
-0.144775,0.214844,1.066895
0.503906,-0.368774,1.066040
-0.420776,-0.056152,0.831665
0.430908,-0.037354,1.160645
0.050903,-0.345703,0.895386
-0.208374,0.221436,1.042114
0.535767,-0.322754,1.100586
-0.389160,-0.113403,0.822266
0.372681,0.012573,1.163574
0.098145,-0.358643,0.904663
-0.272583,0.207642,1.008667
0.562988,-0.284058,1.123535
-0.353271,-0.174194,0.818848
0.301636,0.053589,1.157104
0.177490,-0.388184,0.931030
-0.323730,0.158081,0.947021
0.578979,-0.280273,1.121948
-0.304321,-0.223877,0.825684
0.212158,0.090332,1.144043
0.264526,-0.417358,0.950439
-0.391479,0.128296,0.901733
0.573364,-0.246582,1.124878
-0.255249,-0.218506,0.849487
0.126709,0.121094,1.130737
0.335083,-0.413086,0.987793
-0.421387,0.098389,0.873779
0.551880,-0.185181,1.140259
-0.174194,-0.241943,0.864014
0.029663,0.171265,1.121216
0.397827,-0.386475,1.015747
-0.430908,0.036133,0.859741
0.528320,-0.129028,1.162231
-0.067993,-0.315796,0.863525
-0.057861,0.203613,1.109375
0.453125,-0.349976,1.042358
-0.429321,-0.016846,0.836792
0.478271,-0.074463,1.171509
-0.011353,-0.351318,0.868408
-0.149292,0.214355,1.076172
0.496704,-0.319458,1.079712
-0.412109,-0.065796,0.822876
0.420654,-0.010254,1.180786
0.038574,-0.352905,0.894531
-0.257324,0.207886,1.026855
0.542236,-0.301147,1.110107
-0.363892,-0.146851,0.817017
0.332520,0.042114,1.174194
0.122559,-0.380371,0.898560
-0.327026,0.156982,0.960083
0.555298,-0.277588,1.115967
-0.310425,-0.203125,0.823730
0.227051,0.093628,1.143555
0.227783,-0.407837,0.929321
-0.397095,0.119507,0.898071
0.552246,-0.247314,1.114990
-0.272583,-0.245972,0.819336
0.132202,0.112915,1.124512
0.310181,-0.381958,0.976685
-0.430176,0.083618,0.870972
0.536499,-0.188721,1.128540
-0.201904,-0.278687,0.838867
0.024902,0.129517,1.084229
0.370850,-0.362305,1.001343
-0.435791,0.028687,0.844360
0.507202,-0.127197,1.141357
-0.092896,-0.338379,0.838257
-0.083008,0.143311,1.053711
0.422119,-0.338257,1.031982
-0.435791,-0.033691,0.829956
0.449585,-0.048218,1.163818
-0.056396,-0.346069,0.825562
-0.209839,0.194702,1.026611
0.477051,-0.328491,1.061768
-0.431396,-0.086792,0.807129
0.386108,-0.008301,1.163452
0.011719,-0.342896,0.854126
-0.305298,0.199463,0.985107
0.518066,-0.322388,1.078735
-0.396729,-0.169678,0.780029
0.286743,0.031982,1.144287
0.108521,-0.373291,0.878052
-0.377319,0.169800,0.936768
0.518311,-0.283325,1.081421
-0.339233,-0.236084,0.791870
0.173950,0.071777,1.099854
0.201782,-0.370239,0.912476
-0.432007,0.109497,0.875244
0.522827,-0.230347,1.092896
-0.289673,-0.271606,0.788940
0.056396,0.093872,1.071533
0.276001,-0.376709,0.932983
-0.463745,0.063599,0.836670
0.502441,-0.177002,1.107910
-0.178589,-0.325928,0.793091
-0.048950,0.126221,1.045898
0.345215,-0.376709,0.954102
-0.478027,0.007935,0.810791
0.463989,-0.121826,1.124878
-0.148560,-0.309448,0.795288
-0.168945,0.159912,1.014038
0.401611,-0.366089,0.995605
-0.482788,-0.062012,0.777466
0.401001,-0.072266,1.132080
-0.093384,-0.317505,0.807251
-0.284912,0.200928,0.981445
0.446411,-0.343018,1.021118
-0.469971,-0.113525,0.758179
0.317017,-0.029663,1.121948
-0.017212,-0.337036,0.834839
-0.370361,0.185181,0.932983
0.468750,-0.316528,1.041138
-0.438721,-0.191284,0.730713
0.225220,0.012085,1.098022
0.077881,-0.369873,0.855103
-0.452271,0.180054,0.895752
0.479492,-0.271240,1.048706
-0.407593,-0.229614,0.733643
0.119141,0.058594,1.063110
0.168335,-0.386841,0.877563
-0.482666,0.123657,0.847534
0.479736,-0.246338,1.052246
-0.307495,-0.262817,0.767822
0.009399,0.081421,1.033936
0.236450,-0.395630,0.895630
-0.510986,0.065308,0.797974
0.456055,-0.197632,1.066895
-0.235229,-0.315063,0.744629
-0.099976,0.129395,1.011475
0.309937,-0.403320,0.920410
-0.529541,0.008057,0.769531
0.419434,-0.151489,1.078247
-0.195679,-0.301636,0.753296
-0.220215,0.171875,0.979126
0.364136,-0.383057,0.944702
-0.524292,-0.033325,0.760742
0.358643,-0.105225,1.068726
-0.149170,-0.303467,0.765747
-0.306763,0.167725,0.925537
0.397949,-0.367554,0.966064
-0.522705,-0.087280,0.731201
0.295776,-0.043823,1.073120
-0.079590,-0.345337,0.778198
-0.401855,0.192993,0.903931
0.419678,-0.332886,0.981934
-0.491455,-0.137939,0.725342
0.207153,0.005249,1.059692
0.013550,-0.378174,0.811523
-0.483643,0.190430,0.870239
0.434448,-0.295532,0.998779
-0.462524,-0.196045,0.721191
0.115601,0.043701,1.044067
0.101929,-0.384155,0.836182
-0.538086,0.165771,0.836426
0.443237,-0.258301,1.012695
-0.361206,-0.242065,0.740723
0.019043,0.084106,1.026733
0.184204,-0.410645,0.856812
-0.563477,0.129883,0.802612
0.425781,-0.234741,1.005615
-0.285156,-0.281982,0.736816
-0.089233,0.110352,0.992920
0.252808,-0.415039,0.878174
-0.573486,0.086304,0.780029
0.405396,-0.180542,1.021606
-0.225342,-0.320801,0.724365
-0.204956,0.147827,0.966064
0.323975,-0.408081,0.912720
-0.574951,0.032837,0.748413
0.361694,-0.119751,1.034302
-0.175415,-0.307495,0.739746
-0.299438,0.169556,0.925049
0.371582,-0.384766,0.924561
-0.564209,-0.027100,0.718628
0.296143,-0.060425,1.038330
-0.117798,-0.353271,0.742676
-0.405396,0.199951,0.893311
0.406006,-0.346924,0.952759
-0.532104,-0.109375,0.699097
0.196045,0.001709,1.025146
-0.029419,-0.368286,0.778076
-0.496094,0.223877,0.872559
0.426025,-0.310547,0.969971
-0.474609,-0.186768,0.709351
0.092651,0.063599,1.014282
0.075195,-0.389893,0.811157
-0.550537,0.192017,0.831421
0.419678,-0.253174,0.986938
-0.362427,-0.229248,0.737427
0.003540,0.100830,1.004517
0.179443,-0.398804,0.845947
-0.582031,0.155396,0.789551
0.404297,-0.191284,0.995483
-0.266479,-0.300171,0.715942
-0.100586,0.137817,0.977661
0.269775,-0.398804,0.882080
-0.597412,0.109619,0.767822
0.389771,-0.147949,1.006592
-0.204346,-0.313599,0.716187
-0.216919,0.162476,0.947876
0.342285,-0.393433,0.907227
-0.584961,0.043457,0.749512
0.327148,-0.085938,1.019043
-0.146484,-0.364136,0.706909
-0.338745,0.207642,0.901001
0.399536,-0.364746,0.931763
-0.553467,-0.033691,0.719971
0.240479,-0.013550,1.016602
-0.065796,-0.392944,0.737305
-0.439819,0.233521,0.882202
0.427246,-0.321655,0.959229
-0.508911,-0.116455,0.716553
0.126343,0.058838,1.016846
0.033081,-0.389038,0.780518
-0.527344,0.231934,0.848633
0.436401,-0.268921,0.979248
-0.403931,-0.177246,0.738770
0.045288,0.098999,1.017212
0.131592,-0.401733,0.819214
-0.578003,0.199707,0.816406
0.439209,-0.223755,0.992065
-0.288086,-0.226562,0.742798
-0.051147,0.133911,0.990479
0.232910,-0.391968,0.861938
-0.593994,0.151611,0.783936
0.414673,-0.165405,1.002197
-0.201050,-0.295898,0.733887
-0.157349,0.160034,0.949707
0.319458,-0.381226,0.896240
-0.583496,0.070312,0.751343
0.355957,-0.091675,1.005005
-0.133301,-0.354858,0.717651
-0.275024,0.188354,0.907349
0.375366,-0.346680,0.928711
-0.547607,-0.028809,0.723022
0.270386,-0.020142,1.005127
-0.062012,-0.379761,0.734131
-0.384888,0.211792,0.873535
0.422485,-0.307861,0.955444
-0.510132,-0.112549,0.707397
0.164673,0.047974,1.009766
0.011841,-0.393066,0.766235
-0.481079,0.233276,0.844604
0.444946,-0.254517,0.982544
-0.421875,-0.168945,0.733765
0.065308,0.104248,1.024536
0.115845,-0.413208,0.808350
-0.552246,0.219238,0.818481
0.446777,-0.228516,0.991455
-0.309204,-0.183228,0.763306
-0.026611,0.138794,0.999146
0.210693,-0.391113,0.852539
-0.582153,0.165527,0.788574
0.433838,-0.174927,1.001709
-0.199219,-0.266479,0.758545
-0.130371,0.178101,0.958740
0.308472,-0.392090,0.891479
-0.580200,0.090210,0.765137
0.392212,-0.114014,1.011353
-0.113892,-0.338745,0.742065
-0.249268,0.200073,0.917480
0.384521,-0.374268,0.915771
-0.548462,-0.000122,0.740112
0.298828,-0.046021,0.994141
-0.043945,-0.390503,0.738892
-0.352661,0.191650,0.863037
0.431641,-0.321533,0.953125
-0.507935,-0.098267,0.725708
0.188843,0.018921,1.005249
0.023071,-0.406494,0.764404
-0.457397,0.199219,0.822632
0.448120,-0.268188,0.973022
-0.437500,-0.150635,0.743164
0.089844,0.075073,1.009399
0.110107,-0.406372,0.807983
-0.526611,0.174316,0.799194
0.453125,-0.221802,0.983398
-0.319458,-0.186646,0.758301
-0.016235,0.152710,1.006714
0.222778,-0.423462,0.849243
-0.568359,0.128418,0.774536
0.438232,-0.181152,1.005371
-0.193970,-0.252075,0.774780
-0.126465,0.154663,0.951782
0.317505,-0.398804,0.898682
-0.567017,0.076782,0.759033
0.386719,-0.104980,1.018066
-0.084595,-0.343872,0.764771
-0.240723,0.175293,0.897095
0.392700,-0.375854,0.929810
-0.532959,-0.032715,0.736816
0.295044,-0.036743,1.000122
-0.012329,-0.395020,0.750000
-0.353638,0.173218,0.850342
0.435791,-0.334717,0.951172
-0.483032,-0.123535,0.735474
0.179810,0.022583,1.013672
0.056519,-0.431274,0.769287
-0.461914,0.170654,0.802856
0.461182,-0.290894,0.975464
-0.408447,-0.161011,0.747803
0.076050,0.086914,1.017944
0.152222,-0.436646,0.811523
-0.541382,0.145874,0.775635
0.462891,-0.245361,0.986816
-0.280762,-0.203979,0.784790
-0.044922,0.130371,0.990356
0.261475,-0.435059,0.869873
-0.555908,0.091919,0.757812
0.425903,-0.182739,1.000610
-0.145020,-0.269165,0.791748
-0.161011,0.152344,0.945679
0.352173,-0.424683,0.906738
-0.546509,0.038330,0.762939
0.360229,-0.103149,1.013794
-0.044189,-0.368286,0.776001
-0.271729,0.149170,0.879272
0.421753,-0.388916,0.947632
-0.506226,-0.089722,0.737061
0.254761,-0.036255,1.005737
0.038940,-0.420776,0.762451
-0.386597,0.139282,0.827393
0.454468,-0.340942,0.967407
-0.443359,-0.155884,0.746338
0.141968,0.033813,1.013306
0.102905,-0.439697,0.790405
-0.472046,0.124634,0.790771
0.471436,-0.290771,0.995728
-0.356689,-0.223145,0.748047
0.021729,0.098022,1.010742
0.215576,-0.466675,0.828125
-0.536743,0.100586,0.757568
0.465942,-0.258789,1.002930
-0.248779,-0.246338,0.780518
-0.086304,0.141479,0.991333
0.312378,-0.448608,0.891968
-0.544189,0.061035,0.758545
0.412598,-0.171997,1.016602
-0.107178,-0.302734,0.801025
-0.186157,0.139526,0.945435
0.381836,-0.421509,0.929810
-0.511719,-0.027466,0.757446
0.352295,-0.085571,1.025391
0.009521,-0.386108,0.791138
-0.291382,0.138428,0.887207
0.451172,-0.394287,0.957642
-0.472656,-0.128906,0.740723
0.245972,-0.023804,1.023071
0.081543,-0.433594,0.796387
-0.382202,0.128052,0.843750
0.474487,-0.338623,0.992676
-0.407471,-0.188477,0.748169
0.123047,0.045532,1.020996
0.155273,-0.444214,0.826050
-0.463989,0.105957,0.797485
0.484253,-0.291016,1.019287
-0.319458,-0.240601,0.768433
0.009399,0.120972,1.024902
0.273560,-0.484497,0.861694
-0.515381,0.073730,0.767334
0.464844,-0.231079,1.024902
-0.211060,-0.262085,0.796265
-0.093872,0.157715,1.015259
0.357056,-0.463379,0.918213
-0.526001,0.047363,0.776489
0.416992,-0.157471,1.047607
-0.085815,-0.305420,0.828979
-0.182983,0.151489,0.978027
0.424683,-0.434692,0.959351
-0.489746,-0.048828,0.762207
0.353149,-0.084351,1.045166
0.034302,-0.389893,0.819824
-0.271484,0.136230,0.926270
0.475220,-0.375122,1.000366
-0.438965,-0.138184,0.764771
0.261475,-0.018433,1.042480
0.099976,-0.414673,0.826172
-0.357056,0.132324,0.881836
0.514526,-0.331665,1.027222
-0.380737,-0.200317,0.765259
0.143433,0.057617,1.041992
0.203613,-0.439453,0.863770
-0.426636,0.087524,0.817749
0.510742,-0.286987,1.046997
-0.298706,-0.241821,0.786255
0.037109,0.118774,1.045166
0.298584,-0.468750,0.897461
-0.477051,0.075562,0.793213
0.483887,-0.214233,1.066284
-0.193604,-0.262085,0.822266
-0.056396,0.164429,1.040161
0.386475,-0.440430,0.954834
-0.485840,0.046631,0.801270
0.448853,-0.140747,1.081543
-0.083374,-0.313232,0.844727
-0.148682,0.172241,1.018311
0.445435,-0.415649,0.997070
-0.468018,-0.029785,0.799805
0.396362,-0.075317,1.091919
0.052856,-0.387329,0.855591
-0.238647,0.178833,0.986572
0.501831,-0.379150,1.034180
-0.423828,-0.106567,0.786133
0.309570,-0.007202,1.085083
0.109497,-0.383057,0.874878
-0.314941,0.159302,0.943481
0.530273,-0.302368,1.084106
-0.364746,-0.191162,0.781738
0.197632,0.060547,1.075073
0.222534,-0.425171,0.904419
-0.381958,0.090576,0.866089
0.541016,-0.253052,1.098633
-0.287964,-0.246826,0.798096
0.092529,0.110840,1.073730
0.323853,-0.447144,0.945923
-0.437622,0.073975,0.833862
0.520630,-0.213013,1.099731
-0.196655,-0.256714,0.834595
-0.002930,0.159058,1.073364
0.396362,-0.428345,0.989380
-0.456665,0.059204,0.831299
0.491333,-0.140503,1.114990
-0.090942,-0.277222,0.860718
-0.092407,0.195312,1.072021
0.460693,-0.396606,1.028809
-0.450073,-0.009888,0.827515
0.452881,-0.085938,1.132080
0.041870,-0.353394,0.886230
-0.173584,0.208984,1.046387
0.502930,-0.348633,1.058228
-0.421509,-0.084961,0.808960
0.383545,-0.026733,1.140381
0.080322,-0.360474,0.905396
-0.260620,0.206177,1.006836
0.548828,-0.304688,1.100830
-0.368652,-0.145264,0.817505
0.290527,0.039429,1.128662
0.180542,-0.392578,0.920654
-0.329346,0.151978,0.943237
0.575073,-0.270264,1.126587
-0.315918,-0.196899,0.820068
0.188354,0.092285,1.115723
0.273315,-0.426270,0.941406
-0.374756,0.098755,0.891602
0.562744,-0.222534,1.136719
-0.243896,-0.224854,0.846191
0.097046,0.133545,1.098145
0.348633,-0.417969,0.985229
-0.410156,0.082031,0.868652
0.543701,-0.176514,1.141479
-0.165405,-0.247559,0.868286
0.011230,0.165405,1.091187
0.416992,-0.394775,1.028198
-0.432495,0.033325,0.861206
0.514282,-0.111328,1.163574
-0.050293,-0.307129,0.881836
-0.082153,0.208984,1.093384
0.464111,-0.363403,1.056152
-0.428833,-0.026855,0.845215
0.478516,-0.073486,1.170532
0.033936,-0.355469,0.883423
-0.163940,0.236206,1.062500
0.504639,-0.323853,1.083618
-0.417480,-0.070312,0.821777
0.422729,-0.023071,1.175537
0.076172,-0.363525,0.905029
-0.255737,0.246216,1.044922
0.545654,-0.293945,1.109253
-0.387695,-0.125000,0.816162
0.336670,0.027222,1.165283
0.152710,-0.387695,0.920654
-0.307983,0.184448,0.984009
0.569824,-0.270630,1.133301
-0.336914,-0.183105,0.818726
0.241455,0.059937,1.138550
0.235596,-0.410034,0.944824
-0.353149,0.120117,0.922241
0.575195,-0.239746,1.135254
-0.275391,-0.226074,0.833496
0.148926,0.088013,1.109131
0.306152,-0.394165,0.981812
-0.402954,0.097168,0.889160
0.557983,-0.186401,1.154419
-0.201172,-0.258667,0.859497
0.052734,0.137451,1.094360
0.362305,-0.381958,0.999756
-0.417114,0.045410,0.860229
0.537476,-0.143066,1.160645
-0.092896,-0.299072,0.880371
-0.043213,0.169556,1.084595
0.408325,-0.370972,1.017700
-0.433594,-0.000366,0.842529
0.510864,-0.100342,1.171509
-0.037354,-0.330078,0.862061
-0.130371,0.213501,1.077881
0.450073,-0.339844,1.042603
-0.451172,-0.039917,0.829834
0.460083,-0.065674,1.178589
-0.012939,-0.339233,0.861450
-0.219360,0.232056,1.060059
0.497314,-0.320679,1.081299
-0.441284,-0.077148,0.806641
0.393555,-0.015259,1.161743
0.049683,-0.333862,0.883911
-0.285522,0.214722,1.017212
0.531006,-0.307495,1.090942
-0.406128,-0.148926,0.796265
0.299683,0.025024,1.153564
0.119507,-0.369141,0.897705
-0.336792,0.155884,0.945679
0.546265,-0.273438,1.104126
-0.350586,-0.214844,0.796509
0.213989,0.047852,1.113770
0.193970,-0.383179,0.919922
-0.394653,0.134277,0.915283
0.543823,-0.237427,1.116577
-0.307495,-0.258789,0.801147
0.112061,0.080811,1.093628
0.250854,-0.381226,0.941895
-0.427856,0.092896,0.874878
0.549072,-0.210327,1.126587
-0.235962,-0.284424,0.817871
0.020020,0.102051,1.055542
0.292603,-0.374390,0.943481
-0.451294,0.038086,0.833984
0.528809,-0.171143,1.137451
-0.155273,-0.319580,0.813477
-0.069580,0.141357,1.038452
0.348755,-0.393433,0.959106
-0.469360,-0.006348,0.807007
0.491211,-0.134033,1.134399
-0.124512,-0.314941,0.800903
-0.147583,0.178223,1.029419
0.389404,-0.366699,0.987061
-0.495361,-0.041748,0.792969
0.368408,-0.016724,1.163940
-0.100708,-0.307373,0.813110
-0.285889,0.212402,1.005371
0.437256,-0.348267,1.014648
-0.384155,-0.166260,0.792114
0.285889,0.026611,1.146362
0.154541,-0.392090,0.914307
-0.336182,0.164795,0.952026
0.565308,-0.266602,1.122192
-0.336304,-0.208374,0.808105
0.201538,0.064453,1.128052
0.218994,-0.409424,0.931885
-0.387207,0.141602,0.911255
0.565674,-0.227539,1.125000
-0.299683,-0.222778,0.812012
0.117432,0.081543,1.094116
0.277222,-0.405640,0.946533
-0.423340,0.108521,0.890625
0.550293,-0.184448,1.133301
-0.258545,-0.245117,0.824097
0.041992,0.108643,1.081299
0.312012,-0.395386,0.963135
-0.439453,0.051392,0.857056
0.524536,-0.154297,1.138672
-0.160278,-0.276489,0.832275
-0.024292,0.134033,1.072754
0.352661,-0.390747,0.972290
-0.453369,-0.003906,0.831787
0.499146,-0.132568,1.141113
-0.129761,-0.292114,0.816406
-0.098877,0.162109,1.045776
0.398315,-0.371582,1.001831
-0.478516,-0.042725,0.809082
0.461792,-0.110840,1.142822
-0.105103,-0.286865,0.814209
-0.175293,0.211548,1.030396
0.439941,-0.347534,1.026855
-0.471802,-0.074219,0.790405
0.403442,-0.075073,1.133545
-0.077881,-0.301392,0.824341
-0.253296,0.204712,1.000000
0.476074,-0.318237,1.055176
-0.467651,-0.125488,0.765503
0.341553,-0.036377,1.129639
-0.027710,-0.345703,0.814941
-0.322266,0.192627,0.950317
0.495117,-0.319214,1.053589
-0.432739,-0.156860,0.767578
0.280762,-0.008911,1.113037
0.027344,-0.374023,0.828735
-0.375854,0.178223,0.914185
0.490356,-0.301636,1.052368
-0.410034,-0.194580,0.759766
0.210693,0.026855,1.108032
0.091309,-0.399780,0.845459
-0.440796,0.171387,0.892822
0.491211,-0.281982,1.050415
-0.392090,-0.223877,0.761719
0.134766,0.049072,1.078125
0.148682,-0.380371,0.883545
-0.484131,0.147949,0.855225
0.494385,-0.259644,1.058838
-0.346680,-0.257080,0.759766
0.062012,0.064697,1.060791
0.204834,-0.401367,0.881836
-0.502686,0.122925,0.835571
0.477661,-0.238403,1.061646
-0.284424,-0.281616,0.771973
-0.000610,0.093140,1.042725
0.249023,-0.411865,0.891846
-0.527588,0.085815,0.812012
0.465088,-0.212036,1.059448
-0.247803,-0.289551,0.760010
-0.078247,0.112671,1.011719
0.295654,-0.406616,0.910645
-0.539185,0.039795,0.778931
0.441772,-0.171509,1.067749
-0.222046,-0.294678,0.737671
-0.166626,0.145142,0.993164
0.338135,-0.394409,0.932861
-0.541016,0.003174,0.768066
0.402100,-0.132935,1.072021
-0.192993,-0.285034,0.749512
-0.248657,0.167969,0.958374
0.375366,-0.379517,0.952515
-0.535767,-0.046875,0.752686
0.357544,-0.092163,1.074341
-0.149170,-0.295776,0.766235
-0.315308,0.175171,0.920532
0.398560,-0.373291,0.958008
-0.530151,-0.090942,0.722534
0.296997,-0.057739,1.060425
-0.093994,-0.354614,0.769043
-0.392700,0.191650,0.896118
0.415771,-0.350098,0.971924
-0.511963,-0.122314,0.710938
0.225342,-0.011353,1.055542
-0.030396,-0.381592,0.778809
-0.462646,0.215088,0.886108
0.440308,-0.326050,0.987915
-0.504639,-0.159546,0.702026
0.147827,0.025146,1.039307
0.050171,-0.402100,0.810669
-0.509888,0.204712,0.864746
0.444092,-0.294434,0.994141
-0.456177,-0.194580,0.722046
0.072388,0.057495,1.025513
0.112915,-0.418457,0.823242
-0.547363,0.185425,0.832886
0.444946,-0.266968,1.004150
-0.370605,-0.229248,0.741577
0.003052,0.076172,1.010864
0.167236,-0.432739,0.833374
-0.567871,0.149292,0.804565
0.437500,-0.224243,1.006226
-0.314941,-0.259155,0.731201
-0.056641,0.106445,0.995117
0.230347,-0.440186,0.861328
-0.588135,0.114380,0.784302
0.417358,-0.191772,1.017944
-0.260254,-0.268066,0.726685
-0.123535,0.129883,0.974609
0.279785,-0.412231,0.885864
-0.593262,0.078491,0.758667
0.385498,-0.155273,1.016724
-0.225708,-0.304810,0.709351
-0.202881,0.153198,0.955078
0.327637,-0.401001,0.908203
-0.590454,0.046875,0.749512
0.350830,-0.118042,1.019287
-0.186523,-0.337402,0.716919
-0.283081,0.180420,0.918335
0.368774,-0.396729,0.922974
-0.579590,0.003540,0.733521
0.305054,-0.067383,1.021973
-0.140259,-0.357666,0.719116
-0.362427,0.201904,0.887451
0.398804,-0.373779,0.937866
-0.555420,-0.050415,0.703857
0.250732,-0.023560,1.023682
-0.083496,-0.387329,0.737183
-0.427490,0.224731,0.880371
0.410278,-0.341431,0.946045
-0.541748,-0.109985,0.687500
0.188843,0.018799,1.023560
-0.020752,-0.406006,0.759155
-0.495239,0.248169,0.866455
0.436401,-0.322388,0.954102
-0.490601,-0.116943,0.720947
0.122559,0.052124,1.020508
0.047974,-0.401855,0.784790
-0.540771,0.239746,0.848511
0.430542,-0.286743,0.963501
-0.431396,-0.150879,0.731201
0.069580,0.076538,1.014160
0.103027,-0.398438,0.815063
-0.569824,0.225098,0.824707
0.437256,-0.246826,0.980225
-0.365967,-0.210327,0.725342
0.015991,0.114136,1.015747
0.177368,-0.416992,0.836304
-0.589478,0.195190,0.811157
0.426025,-0.217041,0.984619
-0.306274,-0.218872,0.738281
-0.048584,0.138794,0.987915
0.240723,-0.393311,0.868530
-0.595581,0.166626,0.789673
0.424683,-0.173828,1.008789
-0.246094,-0.238525,0.740723
-0.129272,0.156738,0.949829
0.295166,-0.396729,0.886597
-0.585205,0.133057,0.785400
0.409546,-0.136841,1.020996
-0.191406,-0.266846,0.741577
-0.198486,0.171997,0.928101
0.337524,-0.401367,0.885498
-0.585083,0.076904,0.764038
0.385132,-0.103394,1.030029
-0.140869,-0.322754,0.734131
-0.259644,0.195435,0.908447
0.363770,-0.393066,0.899048
-0.570679,0.032959,0.750977
0.346436,-0.073730,1.017334
-0.096558,-0.347534,0.732056
-0.317871,0.205688,0.879150
0.392822,-0.361938,0.922485
-0.552612,-0.022705,0.732300
0.293457,-0.044189,1.009277
-0.054932,-0.382812,0.743042
-0.376587,0.212402,0.859253
0.424927,-0.329346,0.937622
-0.518677,-0.064087,0.727051
0.226807,-0.006226,1.000000
-0.010498,-0.390137,0.757202
-0.421997,0.223633,0.845459
0.428223,-0.297363,0.949463
-0.488159,-0.102173,0.733398
0.170532,0.031982,1.008057
0.043335,-0.401855,0.777588
-0.475464,0.219727,0.826294
0.434692,-0.266113,0.956421
-0.447388,-0.140381,0.734863
0.119751,0.066284,1.018188
0.098389,-0.420898,0.800171
-0.518188,0.205688,0.811279
0.436646,-0.222412,0.974487
-0.382446,-0.142700,0.754761
0.064209,0.097656,1.020020
0.165649,-0.413940,0.833496
-0.557861,0.193848,0.799316
0.435913,-0.200195,0.985107
-0.313843,-0.182739,0.758667
-0.013306,0.134399,0.998047
0.234863,-0.427612,0.856323
-0.573486,0.152710,0.779663
0.440186,-0.176636,0.994263
-0.245239,-0.218018,0.766235
-0.087280,0.159546,0.973633
0.290771,-0.431030,0.877441
-0.574341,0.114380,0.774292
0.425537,-0.149658,1.014771
-0.170776,-0.271240,0.761475
-0.157837,0.169189,0.946533
0.347656,-0.432739,0.892700
-0.564209,0.090210,0.778564
0.391846,-0.111816,1.014893
-0.106812,-0.310791,0.770508
-0.225708,0.181030,0.916504
0.385498,-0.402222,0.919556
-0.549927,0.036743,0.765381
0.355469,-0.086182,1.013428
-0.052734,-0.363159,0.761230
-0.296997,0.170410,0.869141
0.412354,-0.361572,0.939209
-0.518799,-0.044312,0.751831
0.287720,-0.039673,1.012085
-0.003662,-0.399048,0.769531
-0.368164,0.163940,0.841797
0.434570,-0.349487,0.942993
-0.482788,-0.083008,0.747437
0.217285,-0.001221,1.005737
0.046753,-0.428711,0.768799
-0.423340,0.169067,0.815674
0.458740,-0.330688,0.957031
-0.459106,-0.132080,0.744019
0.156250,0.041626,1.020752
0.093506,-0.431030,0.790771
-0.468872,0.147827,0.798950
0.460571,-0.306274,0.973267
-0.408325,-0.167236,0.749023
0.090332,0.090088,1.024780
0.153442,-0.429810,0.817505
-0.515625,0.138672,0.774780
0.456421,-0.284424,0.975586
-0.348267,-0.211548,0.754150
0.020142,0.120850,1.014282
0.227295,-0.445557,0.849731
-0.535400,0.102051,0.757935
0.453491,-0.255371,0.988770
-0.282227,-0.212769,0.777222
-0.046631,0.140381,0.993408
0.281982,-0.451172,0.871826
-0.548584,0.093872,0.754883
0.431519,-0.220215,1.006714
-0.205200,-0.259644,0.785522
-0.112061,0.151123,0.981445
0.333740,-0.446167,0.901855
-0.551270,0.086060,0.770630
0.413208,-0.171997,1.019531
-0.127319,-0.315308,0.792236
-0.185913,0.151123,0.955322
0.381226,-0.442383,0.917358
-0.532104,0.039062,0.769531
0.380493,-0.131348,1.016602
-0.054810,-0.341675,0.800537
-0.238159,0.145020,0.912598
0.416382,-0.422363,0.935669
-0.501587,-0.036987,0.757935
0.327759,-0.078979,1.026001
0.008789,-0.392212,0.791138
-0.299438,0.148560,0.885254
0.444946,-0.405884,0.949341
-0.479736,-0.102173,0.750366
0.269043,-0.047119,1.020874
0.063110,-0.421021,0.792480
-0.358521,0.132568,0.861450
0.472534,-0.373291,0.966553
-0.445801,-0.142944,0.760498
0.206909,0.002441,1.026123
0.108032,-0.441406,0.807861
-0.404541,0.115234,0.834229
0.487549,-0.341431,0.999023
-0.424316,-0.174561,0.741943
0.143311,0.046631,1.031860
0.158325,-0.459351,0.821411
-0.442261,0.118042,0.826172
0.498535,-0.322021,1.011719
-0.374878,-0.214600,0.749390
0.084229,0.075195,1.030396
0.226807,-0.474365,0.839966
-0.468018,0.087402,0.794434
0.503174,-0.308838,1.019165
-0.314819,-0.226807,0.780029
0.026367,0.103882,1.026978
0.274414,-0.469360,0.876587
-0.484253,0.065308,0.783569
0.485840,-0.268921,1.029297
-0.251465,-0.254028,0.791016
-0.033081,0.142090,1.034912
0.326538,-0.458130,0.910889
-0.500854,0.071045,0.790405
0.470825,-0.216064,1.050049
-0.182739,-0.249146,0.818970
-0.084351,0.161499,1.022461
0.371948,-0.443970,0.939575
-0.494019,0.035400,0.792969
0.439331,-0.171143,1.062744
-0.112183,-0.279907,0.846680
-0.127930,0.153442,1.011353
0.402832,-0.417236,0.968384
-0.480713,-0.004395,0.785767
0.422729,-0.128784,1.079346
-0.032593,-0.327759,0.849976
-0.182495,0.166870,0.996948
0.443726,-0.417114,0.987183
-0.463501,-0.051880,0.791504
0.382812,-0.080811,1.088867
0.031250,-0.384399,0.849609
-0.223877,0.181396,0.987061
0.481079,-0.404053,1.007202
-0.445801,-0.091797,0.780151
0.349243,-0.047852,1.094360
0.075806,-0.397949,0.855591
-0.263916,0.174316,0.969238
0.504761,-0.371582,1.031128
-0.424316,-0.119385,0.777832
0.311279,-0.006958,1.092407
0.101562,-0.380493,0.866821
-0.300537,0.172974,0.959961
0.523682,-0.332031,1.065186
-0.402344,-0.163086,0.776978
0.260742,0.028076,1.094971
0.147827,-0.397461,0.877808
-0.340820,0.161255,0.937134
0.547241,-0.312622,1.078003
-0.366089,-0.189819,0.781128
0.211304,0.051514,1.085938
0.211182,-0.424805,0.911255
-0.370483,0.138916,0.897949
0.553101,-0.292969,1.088623
-0.332031,-0.215454,0.792358
0.162231,0.080566,1.090698
0.259888,-0.434326,0.929443
-0.391357,0.108765,0.873779
0.552979,-0.258667,1.096680
-0.292114,-0.217896,0.813354
0.118530,0.111328,1.092529
0.309937,-0.447876,0.944336
-0.410767,0.083862,0.857422
0.552124,-0.230469,1.113159
-0.241455,-0.233276,0.826904
0.064087,0.131348,1.091675
0.361694,-0.441406,0.964722
-0.424805,0.081665,0.852661
0.535645,-0.200073,1.127563
-0.197266,-0.233887,0.851074
0.016357,0.162842,1.094238
0.396729,-0.440186,0.985107
-0.440186,0.071899,0.861572
0.537354,-0.162842,1.135254
-0.149414,-0.234985,0.876343
-0.042236,0.181030,1.079590
0.435913,-0.416870,1.010986
-0.439941,0.022705,0.847168
0.509644,-0.130371,1.149780
-0.081787,-0.265259,0.895874
-0.083008,0.189087,1.076416
0.463745,-0.387573,1.041626
-0.427856,-0.011475,0.847412
0.492065,-0.100220,1.163208
-0.003052,-0.307251,0.899902
-0.122925,0.204956,1.063843
0.481934,-0.360840,1.052979
-0.414307,-0.040894,0.840454
0.460815,-0.072510,1.156738
0.034302,-0.324585,0.903931
-0.168945,0.211914,1.053467
0.499023,-0.329590,1.079712
-0.415039,-0.068848,0.828125
0.434937,-0.039185,1.164185
0.044922,-0.332886,0.908081
-0.212524,0.217896,1.048950
0.524658,-0.319824,1.098267
-0.397217,-0.101074,0.814819
0.401489,-0.003174,1.169434
0.080688,-0.339355,0.920898
-0.255981,0.221680,1.029541
0.544067,-0.292725,1.119385
-0.376099,-0.143555,0.811035
0.363159,0.027100,1.170898
0.115601,-0.365356,0.916382
-0.290649,0.213013,1.009155
0.562378,-0.290039,1.126221
-0.357300,-0.164673,0.811646
0.314453,0.039917,1.165161
0.163574,-0.372925,0.937012
-0.317749,0.189819,0.975586
0.569824,-0.274658,1.126953
-0.337646,-0.192871,0.811279
0.272095,0.057251,1.166138
0.202759,-0.410278,0.930298
-0.339966,0.163818,0.948364
0.566528,-0.269775,1.118286
-0.316162,-0.216675,0.814331
0.229126,0.076538,1.147705
0.234863,-0.414917,0.940186
-0.365234,0.146118,0.932617
0.571655,-0.250122,1.132935
-0.296143,-0.226807,0.815552
0.181885,0.104370,1.139404
0.267578,-0.419556,0.955688
-0.387085,0.142456,0.915894
0.566895,-0.236938,1.134399
-0.279175,-0.235962,0.823975
0.143066,0.112427,1.124146
0.297974,-0.425903,0.964844
-0.411499,0.128662,0.907104
0.564087,-0.225342,1.136719
-0.267944,-0.243164,0.824219
0.102051,0.114868,1.119385
0.311768,-0.416870,0.963135
-0.427734,0.113525,0.893311
0.560425,-0.205200,1.137939
-0.240601,-0.261353,0.833740
0.053711,0.123535,1.090820
0.334106,-0.409790,0.971069
-0.432129,0.083740,0.868408
0.547363,-0.191162,1.141357
-0.195679,-0.284302,0.836182
0.009766,0.135742,1.091919
0.353516,-0.396240,0.968262
-0.441650,0.063599,0.865723
0.539917,-0.163574,1.143799
-0.137817,-0.313721,0.833130
-0.035522,0.149292,1.072388
0.373169,-0.399048,0.972656
-0.449829,0.038574,0.851074
0.521973,-0.147461,1.150635
-0.121948,-0.307495,0.823975
-0.081177,0.150024,1.056763
0.400146,-0.399414,0.985840
-0.462646,0.016479,0.826782
0.505005,-0.129761,1.149292
-0.117310,-0.294556,0.823975
-0.125610,0.156616,1.034790
0.419067,-0.381714,0.995117
-0.473999,0.002319,0.817139
0.465698,-0.088989,1.149292
-0.102783,-0.283325,0.831909
-0.187744,0.186035,1.025879
0.430664,-0.354614,1.017334
-0.481445,-0.041016,0.793091
0.431641,-0.062256,1.140625
-0.091064,-0.279419,0.832764
-0.238403,0.207520,1.028687
0.449829,-0.355225,1.035889
-0.480469,-0.076782,0.775269
0.388062,-0.038452,1.141968
-0.072021,-0.299683,0.823730
-0.287476,0.190186,0.982300
0.477051,-0.363037,1.027466
-0.474609,-0.093994,0.770752
0.344238,-0.016235,1.135010
-0.037598,-0.312744,0.824707
-0.320435,0.184448,0.949341
0.484131,-0.353394,1.021851
-0.456909,-0.150146,0.754395
0.298950,-0.004639,1.116699
-0.003296,-0.345947,0.828979
-0.363770,0.167236,0.922729
0.486694,-0.330688,1.032715
-0.435181,-0.181763,0.739136
0.245728,0.016846,1.106323
0.037109,-0.360962,0.842896
-0.411621,0.172363,0.902466
0.489136,-0.304932,1.049561
-0.425903,-0.203491,0.741089
0.194092,0.030273,1.084839
0.079712,-0.381958,0.846558
-0.457642,0.177124,0.880615
0.492554,-0.296875,1.045654
-0.423096,-0.225220,0.736938
0.132080,0.059082,1.068359
0.113159,-0.387817,0.855103
-0.476807,0.144653,0.860962
0.482910,-0.288086,1.043091
-0.396851,-0.219238,0.748901
0.082642,0.066772,1.055298
0.151733,-0.398804,0.859253
-0.503662,0.133789,0.833252
0.476074,-0.271362,1.040527
-0.343262,-0.221313,0.772095
0.032715,0.078247,1.041626
0.187500,-0.411011,0.864746
-0.530151,0.118286,0.811035
0.471558,-0.243042,1.040527
-0.301392,-0.231445,0.766479
-0.019897,0.093506,1.026001
0.230835,-0.416748,0.874634
-0.550781,0.089600,0.793701
0.453613,-0.224121,1.034180
-0.272095,-0.266113,0.746582
-0.081909,0.131104,1.006592
0.269531,-0.419312,0.885010
-0.568359,0.070923,0.777832
0.433960,-0.200073,1.032349
-0.242920,-0.293457,0.732056
-0.148315,0.142456,0.989868
0.309692,-0.411865,0.909302
-0.569214,0.037598,0.760864
0.398071,-0.160034,1.038452
-0.217773,-0.298462,0.730103
-0.220581,0.156982,0.964966
0.351318,-0.397217,0.931274
-0.570435,-0.000244,0.749634
0.355591,-0.122192,1.040405
-0.184204,-0.307739,0.739868
-0.275391,0.174194,0.939331
0.382935,-0.390625,0.950806
-0.571899,-0.037476,0.729370
0.305298,-0.084717,1.039062
-0.137329,-0.341675,0.742554
-0.355591,0.190552,0.916138
0.411743,-0.372803,0.957520
-0.537964,-0.084717,0.712769
0.237549,-0.038330,1.038330
-0.091187,-0.362427,0.757446
-0.435791,0.196777,0.885620
0.431763,-0.338623,0.981323
-0.503540,-0.113525,0.724365
0.153198,0.011597,1.016357
-0.010620,-0.367676,0.787720
-0.504639,0.187500,0.853149
0.435547,-0.303223,0.990356
-0.451050,-0.181152,0.730347
0.080566,0.060913,1.020630
0.081177,-0.383301,0.806396
-0.559082,0.175659,0.808350
0.436646,-0.271851,0.998291
-0.345093,-0.264526,0.736084
-0.002808,0.113892,1.008667
0.165161,-0.406006,0.836670
-0.592773,0.149048,0.776733
0.418579,-0.218628,0.998535
-0.259766,-0.297607,0.727539
-0.087524,0.139404,0.982178
0.249023,-0.398926,0.868164
-0.613892,0.110718,0.754395
0.393066,-0.164917,1.005371
-0.205444,-0.347046,0.704590
-0.172485,0.161011,0.969238
0.320312,-0.370728,0.896484
-0.610962,0.077026,0.745850
0.343872,-0.127563,1.014282
-0.157227,-0.369263,0.715332
-0.279053,0.186035,0.917480
0.376587,-0.370728,0.922241
-0.583374,0.028076,0.737915
0.274414,-0.058105,1.003784
-0.103638,-0.384644,0.731812
-0.380859,0.202026,0.892822
0.409546,-0.332275,0.945312
-0.543213,-0.029419,0.712891
0.206421,0.004028,1.006348
-0.047119,-0.392578,0.756104
-0.452637,0.217285,0.872437
0.435181,-0.317749,0.960571
-0.517456,-0.071045,0.719604
0.126343,0.063721,1.018677
0.031250,-0.391968,0.786011
-0.517334,0.224365,0.842896
0.441772,-0.288086,0.980957
-0.432983,-0.141357,0.741455
0.064209,0.099487,1.016113
0.093262,-0.401001,0.801147
-0.553955,0.217529,0.817993
0.451660,-0.251221,0.981812
-0.362549,-0.182007,0.749390
0.021973,0.117554,1.013062
0.156250,-0.400757,0.828003
-0.582886,0.187134,0.795288
0.446899,-0.230225,0.995972
-0.306641,-0.205322,0.748291
-0.028442,0.153076,1.002197
0.211304,-0.389526,0.847656
-0.602539,0.177002,0.788818
0.451416,-0.230469,1.002197
-0.258545,-0.246826,0.744995
-0.073486,0.175781,0.979980
0.253784,-0.380127,0.867310
-0.606323,0.157471,0.779053
0.431763,-0.206055,0.997070
-0.209351,-0.286865,0.742310
-0.115234,0.176514,0.963501
0.286865,-0.376587,0.881470
-0.606079,0.143677,0.764526
0.420898,-0.178467,1.008057
-0.179565,-0.297607,0.755127
-0.143188,0.165649,0.939453
0.317627,-0.355469,0.895752
-0.603760,0.113037,0.750732
0.404907,-0.149902,1.002563
-0.136108,-0.323242,0.757202
-0.193359,0.171021,0.927124
0.354858,-0.377319,0.905518
-0.598145,0.115967,0.756226
0.375977,-0.112915,1.006226
-0.105469,-0.340698,0.755127
-0.222046,0.166260,0.912598
0.377808,-0.373291,0.917358
-0.581909,0.100098,0.753052
0.346680,-0.072144,1.005615
-0.084473,-0.347168,0.753052
-0.246338,0.159912,0.900024
0.399414,-0.374634,0.924438
-0.578979,0.060181,0.734253
0.324219,-0.048828,1.005859
-0.061279,-0.376953,0.737793
-0.276733,0.154663,0.879395
0.421875,-0.373657,0.935303
-0.566040,0.028442,0.733154
0.292480,-0.026978,0.999878
-0.043579,-0.388916,0.740845
-0.310669,0.165039,0.870117
0.437500,-0.377441,0.941528
-0.550781,-0.021118,0.725586
0.256348,-0.014282,0.995605
-0.010620,-0.386353,0.740601
-0.343140,0.173218,0.856934
0.456055,-0.373779,0.951782
-0.526855,-0.066406,0.723755
0.222412,0.023071,1.010864
0.007935,-0.400146,0.748413
-0.382080,0.156372,0.837891
0.474854,-0.376465,0.956909
-0.507202,-0.081787,0.741333
0.185425,0.054321,1.015137
0.017456,-0.393677,0.742798
-0.409790,0.148193,0.824585
0.477295,-0.370117,0.972412
-0.485840,-0.119263,0.734497
0.158081,0.074219,1.022827
0.056641,-0.397095,0.761719
-0.445312,0.169189,0.812256
0.473267,-0.354370,0.967773
-0.448364,-0.163208,0.740112
0.137085,0.065063,1.013672
0.080322,-0.411255,0.773682
-0.489746,0.157593,0.788574
0.485840,-0.331909,0.982666
-0.411133,-0.177734,0.751343
0.082520,0.083252,1.008423
0.122803,-0.416016,0.789795
-0.509277,0.155884,0.779541
0.489502,-0.313721,0.990356
-0.372437,-0.200806,0.765991
0.044678,0.107910,1.023071
0.167725,-0.421631,0.806030
-0.529663,0.156128,0.779541
0.479126,-0.289062,0.993408
-0.331543,-0.233398,0.765747
0.002441,0.127930,1.018188
0.225586,-0.437744,0.839233
-0.556030,0.136108,0.753784
0.413086,-0.133057,1.017212
-0.265137,-0.238281,0.790283
-0.160400,0.156372,0.947754
0.344971,-0.411133,0.899170
-0.584229,0.126343,0.767578
0.387573,-0.112427,1.001831
-0.096069,-0.316284,0.770874
-0.206543,0.152588,0.925049
0.377930,-0.406372,0.918945
-0.566772,0.078735,0.761475
0.356689,-0.089355,1.008423
-0.053711,-0.349976,0.766235
-0.261475,0.154297,0.892822
0.415161,-0.388916,0.932739
-0.543457,0.018311,0.754272
0.311157,-0.061646,0.999268
-0.012573,-0.387695,0.760742
-0.316406,0.161499,0.865356
0.436523,-0.383667,0.944336
-0.523682,-0.037476,0.731567
0.265869,-0.029175,0.997803
0.018433,-0.410522,0.756592
-0.363403,0.141235,0.843872
0.448975,-0.378296,0.951904
-0.498047,-0.088135,0.739014
0.219849,0.002197,1.005371
0.036011,-0.403931,0.759277
-0.409546,0.143188,0.824341
0.472290,-0.368042,0.961670
-0.476562,-0.111450,0.749756
0.169067,0.046875,1.016602
0.062744,-0.409180,0.772095
-0.447632,0.138794,0.805664
0.476562,-0.349609,0.970459
-0.440186,-0.153076,0.753906
0.117310,0.062988,1.008545
0.101074,-0.413818,0.796021
-0.478027,0.138916,0.786499
0.480591,-0.325195,0.984741
-0.399902,-0.185547,0.754883
0.069214,0.083862,1.013062
0.155762,-0.422729,0.815308
-0.511597,0.139282,0.775635
0.482178,-0.307373,0.985718
-0.363525,-0.229492,0.749268
0.023926,0.122925,1.018921
0.199585,-0.438477,0.836060
-0.522217,0.116699,0.766602
0.486450,-0.287720,1.002808
-0.314819,-0.243408,0.760254
-0.019775,0.137817,1.019287
0.247559,-0.460571,0.854980
-0.532471,0.094849,0.751709
0.474854,-0.260620,1.017334
-0.270874,-0.232056,0.785156
-0.060181,0.147827,1.006226
0.288452,-0.469849,0.872803
-0.535767,0.086060,0.762939
0.455811,-0.225220,1.024780
-0.232422,-0.224243,0.804321
-0.087280,0.154907,1.005493
0.314209,-0.472046,0.882080
-0.537720,0.083374,0.770508
0.451050,-0.220703,1.030518
-0.197144,-0.248291,0.812134
-0.101807,0.160889,1.001099
0.333862,-0.465454,0.900513
-0.534180,0.078125,0.776123
0.440308,-0.200928,1.031006
-0.157227,-0.262817,0.814575
-0.114380,0.153564,1.000000
0.356812,-0.455078,0.915405
-0.532959,0.062866,0.779175
0.426147,-0.175415,1.041870
-0.113159,-0.280029,0.824829
-0.142700,0.164307,0.998047
0.378662,-0.455933,0.928101
-0.519775,0.043091,0.781250
0.417725,-0.161743,1.040649
-0.072510,-0.302856,0.828857
-0.170532,0.158813,0.988403
0.403687,-0.441650,0.942383
-0.507202,0.003418,0.775024
0.400879,-0.139038,1.046021
-0.027100,-0.337402,0.837036
-0.200195,0.166138,0.979858
0.428589,-0.430664,0.963135
-0.491943,-0.035034,0.767456
0.381104,-0.109375,1.056763
0.011230,-0.359741,0.838623
-0.234497,0.171631,0.961914
0.461182,-0.419922,0.980713
-0.481445,-0.066895,0.762451
0.349365,-0.068115,1.069824
0.052734,-0.394531,0.840332
-0.257324,0.163574,0.962158
0.487793,-0.406372,0.997559
-0.465454,-0.083862,0.771606
0.317017,-0.045654,1.065186
0.081787,-0.399292,0.847412
-0.285645,0.154419,0.946899
0.515747,-0.380615,1.020996
-0.442627,-0.125732,0.770386
0.279419,-0.014771,1.065186
0.101318,-0.407593,0.841064
-0.320679,0.161865,0.939819
0.532593,-0.362915,1.044556
-0.409668,-0.163818,0.769409
0.239258,0.016846,1.063232
0.137817,-0.393799,0.871582
-0.357666,0.152954,0.916016
0.541748,-0.335815,1.059570
-0.369263,-0.200317,0.780518
0.196533,0.037231,1.063110
0.197388,-0.415283,0.883301
-0.377686,0.117310,0.880249
0.557007,-0.318359,1.074341
-0.328125,-0.232300,0.791504
0.147583,0.072144,1.071655
0.251953,-0.427368,0.908691
-0.408203,0.095947,0.847168
0.554321,-0.263672,1.093262
-0.271362,-0.254028,0.810425
0.091797,0.119019,1.084351
0.311523,-0.439575,0.935425
-0.437622,0.085571,0.832764
0.535767,-0.229736,1.098755
-0.210083,-0.250854,0.840210
0.043335,0.145630,1.092773
0.368530,-0.435181,0.973389
-0.455200,0.088257,0.833008
0.516968,-0.195312,1.112061
-0.155029,-0.260864,0.862305
-0.017578,0.168579,1.082520
0.406494,-0.413330,1.003052
-0.460938,0.065063,0.836304
0.501831,-0.145752,1.129517
-0.089233,-0.275391,0.872192
-0.070190,0.191650,1.090088
0.454346,-0.407104,1.032349
-0.453979,0.020508,0.830811
0.472534,-0.095947,1.139038
-0.006104,-0.328979,0.884521
-0.121948,0.190186,1.076782
0.488525,-0.380737,1.055298
-0.440552,-0.011963,0.831665
0.441772,-0.051270,1.153564
0.053467,-0.342773,0.903687
-0.181030,0.200317,1.053223
0.521240,-0.340698,1.083740
-0.421997,-0.067627,0.828735
0.393433,-0.006592,1.151367
0.067627,-0.337769,0.903809
-0.234009,0.188721,1.028320
0.556030,-0.321655,1.115112
-0.383057,-0.107300,0.826294
0.341553,0.036011,1.145264
0.136353,-0.374756,0.917114
-0.290771,0.187134,0.994141
0.581177,-0.304321,1.126221
-0.346802,-0.179199,0.815796
0.269043,0.069702,1.135010
0.197388,-0.388306,0.925781
-0.335327,0.144775,0.941650
0.587646,-0.277100,1.138428
-0.309692,-0.227051,0.818481
0.201660,0.107300,1.131470
0.267944,-0.409180,0.955078
-0.383667,0.124878,0.913086
0.588501,-0.252197,1.134521
-0.262207,-0.240479,0.835083
0.126221,0.126221,1.119385
0.324097,-0.400513,0.976440
-0.410767,0.104858,0.887329
0.573853,-0.224365,1.136475
-0.199463,-0.258789,0.866577
0.047607,0.150513,1.112183
0.370850,-0.392944,0.997925
-0.428955,0.067627,0.865479
0.553223,-0.168335,1.155273
-0.118042,-0.280518,0.889160
-0.012695,0.166016,1.096558
0.405273,-0.371094,1.020142
-0.427124,0.021118,0.854736
0.530029,-0.120239,1.166260
-0.050049,-0.322510,0.882812
-0.071411,0.172607,1.078369
0.445312,-0.352295,1.045166
-0.446411,-0.016846,0.839233
0.485352,-0.077759,1.177002
-0.043945,-0.331421,0.863281
-0.129395,0.202881,1.072754
0.483398,-0.342529,1.061279
-0.456787,-0.037598,0.809326
0.433838,-0.033325,1.170044
-0.007812,-0.336548,0.878662
-0.198853,0.208496,1.047852
0.517456,-0.318604,1.092529
-0.446411,-0.078003,0.809570
0.385132,-0.017090,1.166626
0.024902,-0.337646,0.879517
-0.256226,0.206055,1.018311
0.542847,-0.315918,1.102295
-0.414795,-0.130737,0.791382
0.329956,0.010620,1.145630
0.077393,-0.367065,0.872925
-0.305786,0.179810,0.973511
0.556519,-0.309326,1.104858
-0.384766,-0.171631,0.794800
0.265991,0.041626,1.136719
0.129028,-0.389282,0.883667
-0.353516,0.156616,0.931274
0.554932,-0.292236,1.096313
-0.343750,-0.221802,0.805542
0.206177,0.073853,1.125122
0.168213,-0.385132,0.902710
-0.406128,0.145630,0.904541
0.559326,-0.273071,1.113647
-0.323608,-0.246704,0.799927
0.135376,0.091553,1.099731
0.209595,-0.383179,0.909424
-0.444336,0.117065,0.875732
0.547485,-0.253662,1.109619
-0.289429,-0.270020,0.811646
0.068359,0.103394,1.087524
0.248047,-0.382324,0.916260
-0.455933,0.071533,0.843384
0.521240,-0.222412,1.097290
-0.221558,-0.289917,0.818604
0.012695,0.096313,1.058472
0.286987,-0.374390,0.931396
-0.479858,0.051758,0.812744
0.497925,-0.191040,1.098022
-0.177490,-0.317871,0.796997
-0.058838,0.114502,1.036377
0.313721,-0.374878,0.950317
-0.497803,0.014771,0.795776
0.463989,-0.166870,1.098999
-0.158569,-0.308960,0.786499
-0.134521,0.151733,1.021973
0.368896,-0.359375,0.972534
-0.508423,-0.020508,0.777100
0.420044,-0.106323,1.112427
-0.130615,-0.316528,0.790649
-0.228516,0.187012,1.000244
0.414062,-0.345947,1.003540
-0.516724,-0.068726,0.759155
0.351562,-0.064209,1.098267
-0.086670,-0.323120,0.791748
-0.310913,0.176025,0.952026
0.450195,-0.336792,1.014160
-0.487793,-0.111816,0.738403
0.270874,-0.012939,1.100464
-0.025024,-0.367065,0.804321
-0.398315,0.181152,0.910767
0.459351,-0.325073,1.022461
-0.454224,-0.152344,0.739502
0.185547,0.036499,1.084839
0.053711,-0.387329,0.827148
-0.470337,0.160034,0.871826
0.463989,-0.297974,1.026489
-0.414062,-0.208984,0.750366
0.097168,0.072510,1.052612
0.130737,-0.380005,0.851807
-0.507935,0.127441,0.839478
0.470581,-0.256714,1.031372
-0.321167,-0.277100,0.756714
0.003662,0.092163,1.025391
0.198975,-0.398438,0.863281
-0.549194,0.097534,0.793945
0.454834,-0.227173,1.037964
-0.250732,-0.295898,0.746216
-0.083862,0.125854,1.011230
0.274414,-0.408936,0.890869
-0.562744,0.045776,0.764771
0.410645,-0.177246,1.037964
-0.212036,-0.310425,0.733276
-0.205688,0.156860,0.973267
0.336060,-0.381470,0.939209
-0.567017,-0.013184,0.749146
0.350464,-0.115601,1.042969
-0.164551,-0.342773,0.733765
-0.311401,0.178223,0.920410
0.395874,-0.366821,0.964722
-0.543457,-0.059204,0.726074
0.266235,-0.045898,1.044556
-0.107910,-0.357178,0.750366
-0.402832,0.191284,0.896851
0.424805,-0.342651,0.975586
-0.506592,-0.114868,0.721924
0.175781,0.021729,1.043579
-0.023560,-0.385010,0.786499
-0.494019,0.200195,0.863281
0.441772,-0.312622,0.991821
-0.452271,-0.151001,0.748291
0.093750,0.077881,1.030396
0.069458,-0.390015,0.806641
-0.554688,0.190918,0.836792
0.447021,-0.288452,0.992554
-0.353760,-0.226807,0.751221
0.006714,0.102539,1.013184
0.162109,-0.408813,0.830566
-0.588623,0.153687,0.788574
0.426758,-0.232910,0.993408
-0.271362,-0.266846,0.739990
-0.072021,0.132446,0.991699
0.234863,-0.398193,0.860474
-0.609253,0.099487,0.755127
0.402344,-0.188232,1.003052
-0.220581,-0.319824,0.718872
-0.178711,0.156372,0.959961
0.308594,-0.388184,0.896851
-0.600220,0.059937,0.739868
0.351685,-0.140137,1.010742
-0.170044,-0.353638,0.714233
-0.270264,0.176147,0.914673
0.362793,-0.361450,0.926147
-0.584961,0.001587,0.715820
0.289673,-0.063477,1.021484
-0.125000,-0.371582,0.720947
-0.360474,0.199707,0.899658
0.398438,-0.324341,0.949341
-0.558105,-0.067993,0.693726
0.203857,-0.000610,1.010498
-0.047729,-0.399292,0.745605
-0.452148,0.230469,0.877930
0.424805,-0.296875,0.971558
-0.492310,-0.107910,0.717163
0.116333,0.069702,1.011475
0.033081,-0.393799,0.789062
-0.528809,0.234741,0.850098
0.437500,-0.263428,0.990845
-0.401367,-0.177002,0.737183
0.041138,0.119385,1.022461
0.127686,-0.411133,0.810059
-0.580322,0.206787,0.813721
0.440552,-0.241333,0.986084
-0.298706,-0.223511,0.742920
-0.037231,0.161987,1.005981
0.216187,-0.396118,0.855957
-0.604492,0.170044,0.784790
0.421265,-0.194214,0.987671
-0.215576,-0.292358,0.739624
-0.132812,0.172974,0.963989
0.294922,-0.384644,0.884521
-0.598022,0.110229,0.760620
0.380981,-0.133423,1.006470
-0.143799,-0.334351,0.732788
-0.231323,0.171021,0.919800
0.363647,-0.359741,0.916748
-0.558472,0.054321,0.751099
0.308838,-0.054077,1.006592
-0.078125,-0.385254,0.726196
-0.333130,0.198730,0.877808
0.402344,-0.323975,0.943481
-0.529907,-0.040649,0.717529
0.219727,0.011353,1.002930
-0.021851,-0.399536,0.754517
-0.429077,0.209229,0.858154
0.427246,-0.295288,0.963745
-0.472656,-0.108032,0.729004
0.126587,0.083618,1.019043
0.059204,-0.394531,0.792847
-0.514160,0.222046,0.829712
0.442261,-0.270752,0.974731
-0.384277,-0.168701,0.752808
0.056030,0.121948,1.019165
0.141602,-0.383667,0.828125
-0.567383,0.204590,0.796387
0.447388,-0.233398,0.991821
-0.281494,-0.216919,0.762573
-0.027954,0.152100,0.996216
0.230469,-0.387207,0.863770
-0.589233,0.173706,0.773315
0.437134,-0.196045,0.993652
-0.174561,-0.286377,0.767944
-0.126099,0.174683,0.959595
0.311157,-0.381592,0.899902
-0.578979,0.110596,0.761475
0.399536,-0.143066,1.002563
-0.101929,-0.340576,0.759644
-0.214600,0.164551,0.918823
0.368652,-0.369141,0.917725
-0.553833,0.027344,0.749512
0.335083,-0.058472,1.014038
-0.043091,-0.391602,0.742554
-0.295532,0.166138,0.875610
0.409546,-0.354492,0.930786
-0.531250,-0.037109,0.726929
0.259155,-0.026367,0.996094
0.003662,-0.411255,0.750610
-0.374268,0.154541,0.847168
0.436646,-0.318848,0.955566
-0.494629,-0.095825,0.734497
0.176270,0.045044,1.012085
0.055420,-0.423706,0.767090
-0.452393,0.179688,0.819946
0.461182,-0.299438,0.973877
-0.436035,-0.153320,0.744751
0.097046,0.089233,1.012451
0.109863,-0.416992,0.796875
-0.510620,0.164185,0.792847
0.467285,-0.276489,0.989990
-0.354248,-0.192505,0.759399
0.016479,0.130127,1.013306
0.193848,-0.439819,0.834473
-0.552734,0.142456,0.764160
0.466797,-0.257080,0.995483
-0.261353,-0.218140,0.786987
-0.063110,0.150024,0.986206
0.262939,-0.437012,0.862915
-0.568481,0.094727,0.744019
0.439331,-0.203857,1.013306
-0.149292,-0.296265,0.799927
-0.125488,0.158203,0.959106
0.319336,-0.412354,0.894775
-0.569214,0.078613,0.762695
0.407471,-0.151489,1.018188
-0.073608,-0.332642,0.802856
-0.200806,0.152100,0.927490
0.377930,-0.418579,0.916504
-0.547241,0.009033,0.751465
0.348511,-0.114868,1.007446
-0.006958,-0.390869,0.787231
-0.270996,0.150391,0.897095
0.421265,-0.399170,0.939331
-0.514160,-0.073730,0.744995
0.282959,-0.069092,1.001343
0.033691,-0.431396,0.768799
-0.334595,0.139404,0.863647
0.460449,-0.378418,0.964355
-0.474854,-0.117676,0.739014
0.211670,-0.009888,1.004272
0.065430,-0.441040,0.767700
-0.386841,0.121582,0.836426
0.486450,-0.355469,0.991821
-0.445312,-0.146973,0.747437
0.146118,0.034790,1.011475
0.120850,-0.448853,0.797363
-0.438477,0.119385,0.818604
0.497681,-0.332275,1.005371
-0.386719,-0.203125,0.751709
0.065796,0.083130,1.015259
0.194946,-0.461304,0.826660
-0.479248,0.086548,0.778931
0.503418,-0.302979,1.019775
-0.319946,-0.238037,0.768921
-0.007080,0.117554,1.010254
0.256470,-0.465332,0.857422
-0.500244,0.066650,0.764160
0.484497,-0.263428,1.021973
-0.229736,-0.222290,0.821655
-0.069824,0.145996,1.010986
0.308350,-0.462280,0.884155
-0.509277,0.059937,0.773071
0.451294,-0.211426,1.040161
-0.143311,-0.264404,0.834229
-0.123535,0.153931,1.002441
0.368530,-0.441895,0.933350
-0.509521,0.034424,0.776001
0.426270,-0.157349,1.047974
-0.045044,-0.320557,0.849121
-0.183350,0.177490,1.000000
0.418823,-0.426758,0.957886
-0.488525,-0.040039,0.775879
0.369995,-0.098145,1.058594
0.034546,-0.384888,0.847534
-0.237061,0.161011,0.959839
0.463745,-0.400879,0.996338
-0.467651,-0.099365,0.757446
0.310791,-0.038330,1.064209
0.085938,-0.421143,0.840332
-0.292847,0.137329,0.936768
0.503174,-0.369995,1.022095
-0.431152,-0.145752,0.770508
0.249756,0.008911,1.063965
0.119141,-0.405273,0.850708
-0.354980,0.145386,0.906372
0.530029,-0.339600,1.052490
-0.387085,-0.191284,0.769897
0.172607,0.072754,1.064453
0.196167,-0.422729,0.878052
-0.401367,0.095337,0.858276
0.545776,-0.315186,1.070312
-0.317627,-0.221680,0.784424
0.102539,0.119019,1.061646
0.278198,-0.441406,0.909546
-0.439819,0.081787,0.825684
0.533936,-0.272217,1.080200
-0.235107,-0.250366,0.826050
0.028687,0.151855,1.071167
0.339966,-0.413940,0.950195
-0.456421,0.079956,0.823486
0.505127,-0.201538,1.094727
-0.157471,-0.270020,0.846313
-0.038818,0.174438,1.073486
0.408813,-0.410400,0.991211
-0.473755,0.063354,0.825928
0.472656,-0.140259,1.104492
-0.060791,-0.317139,0.861206
-0.105103,0.192139,1.068848
0.460938,-0.393799,1.031372
-0.470215,0.006836,0.813110
0.439819,-0.098877,1.119995
0.034180,-0.357056,0.888306
-0.166138,0.194092,1.055542
0.500977,-0.357544,1.064087
-0.430420,-0.062500,0.812500
0.393188,-0.043579,1.125732
0.069092,-0.355835,0.892822
-0.235962,0.183228,1.017944
0.541992,-0.320679,1.096924
-0.383057,-0.125977,0.816528
0.318970,0.021240,1.125000
0.134766,-0.372559,0.906616
-0.296997,0.161987,0.968872
0.571899,-0.289062,1.121948
-0.337524,-0.184692,0.811768
0.239990,0.068726,1.117798
0.224365,-0.416016,0.924194
-0.355957,0.125000,0.909424
0.579712,-0.257690,1.124512
-0.277222,-0.227661,0.830566
0.161255,0.111450,1.116455
0.304077,-0.420776,0.958496
-0.400146,0.096680,0.879517
0.567871,-0.215820,1.139038
-0.221069,-0.256226,0.836792
0.079590,0.165527,1.107056
0.368652,-0.420776,0.994141
-0.430054,0.089966,0.868774
0.551636,-0.178223,1.145020
-0.155273,-0.265381,0.867554
-0.009399,0.190674,1.112427
0.422485,-0.403687,1.023315
-0.442383,0.044189,0.860352
0.521606,-0.134888,1.152100
-0.059326,-0.302490,0.891846
-0.077271,0.203369,1.096802
0.464478,-0.382690,1.043457
-0.440796,0.008545,0.848633
0.498657,-0.093140,1.173096
0.013062,-0.326904,0.893311
-0.132324,0.201904,1.077637
0.489990,-0.344360,1.072266
-0.429077,-0.039185,0.840088
0.445312,-0.035522,1.176636
0.023926,-0.320068,0.890991
-0.209961,0.214844,1.052368
0.530518,-0.314697,1.102295
-0.413208,-0.091553,0.817627
0.384277,0.011963,1.173828
0.073853,-0.343750,0.906372
-0.263916,0.190918,1.016479
0.557617,-0.290771,1.125732
-0.380127,-0.160522,0.803711
0.310181,0.046265,1.154907
0.139404,-0.372559,0.909058
-0.315674,0.164185,0.964966
0.567383,-0.283203,1.125854
-0.336792,-0.221191,0.803101
0.234253,0.071167,1.147095
0.200317,-0.400391,0.921387
-0.372314,0.135620,0.919678
0.569824,-0.269531,1.122559
-0.289185,-0.250732,0.822876
0.159180,0.106689,1.125854
0.255737,-0.393799,0.947632
-0.409790,0.121948,0.890503
0.557129,-0.222656,1.128784
-0.249878,-0.271484,0.833740
0.090820,0.115234,1.105591
0.302612,-0.381714,0.960938
-0.436646,0.092163,0.864746
0.547607,-0.198730,1.132935
-0.184326,-0.286987,0.844238
0.015137,0.130981,1.093018
0.338623,-0.369141,0.972046
-0.449707,0.051147,0.840576
0.525024,-0.164795,1.135864
-0.128540,-0.329834,0.835571
-0.044922,0.132080,1.064331
0.374023,-0.363159,0.987549
-0.469604,0.019531,0.826294
0.488525,-0.122070,1.140625
-0.108887,-0.335449,0.810425
-0.125610,0.168457,1.043823
0.412354,-0.343872,1.001465
-0.471924,-0.037598,0.808350
0.436035,-0.078735,1.146484
-0.089600,-0.316650,0.828125
-0.214478,0.185425,1.025635
0.451538,-0.336182,1.038086
-0.472290,-0.070801,0.785034
0.381836,-0.032837,1.143311
-0.050537,-0.333496,0.830322
-0.285889,0.177856,0.977661
0.478271,-0.329346,1.041748
-0.450806,-0.106934,0.764160
0.325439,-0.005859,1.132812
0.002075,-0.346802,0.829834
-0.345093,0.168823,0.937988
0.490356,-0.323242,1.042114
-0.423950,-0.171387,0.748535
0.242554,0.037354,1.116089
0.061768,-0.365234,0.850098
-0.406738,0.170166,0.915649
0.486816,-0.292603,1.053467
-0.406860,-0.218140,0.748535
0.163818,0.064209,1.085815
0.120361,-0.376343,0.868164
-0.465576,0.137573,0.868408
0.490601,-0.273315,1.062744
-0.384155,-0.241333,0.746216
0.085938,0.090698,1.075562
0.182739,-0.393188,0.881348
-0.497559,0.113159,0.837402
0.494141,-0.262451,1.057617
-0.300171,-0.283569,0.761230
0.008911,0.088013,1.041138
0.231201,-0.397949,0.882568
-0.527222,0.098511,0.808350
0.477417,-0.228760,1.058228
-0.248047,-0.295532,0.762207
-0.067383,0.108154,1.014893
0.278320,-0.401978,0.899292
-0.540039,0.051025,0.780640
0.441406,-0.197021,1.050781
-0.222900,-0.291138,0.754150
-0.150635,0.132812,0.993774
0.331055,-0.396484,0.921753
-0.545654,0.012085,0.767090
0.397583,-0.140625,1.064087
-0.189819,-0.288452,0.759766
-0.239868,0.147827,0.963867
0.361938,-0.382690,0.946655
-0.542358,-0.024292,0.751709
0.340454,-0.083862,1.057983
-0.148193,-0.302246,0.765869
-0.311157,0.160645,0.927490
0.390137,-0.376831,0.958252
-0.541260,-0.076782,0.721558
0.281006,-0.041992,1.052246
-0.094604,-0.330200,0.777100
-0.412964,0.184814,0.891602
0.417114,-0.357178,0.966675
-0.509888,-0.130005,0.702393
0.207886,0.017578,1.048706
-0.037842,-0.356079,0.793091
-0.473999,0.206543,0.873413
0.441528,-0.331787,0.993286
-0.487427,-0.187012,0.703125
0.122437,0.064453,1.038452
0.037964,-0.371460,0.812866
-0.521729,0.192627,0.849609
0.445190,-0.293335,1.000977
-0.415283,-0.220093,0.727783
0.046631,0.098389,1.026123
0.115356,-0.394165,0.831665
-0.557373,0.170898,0.811890
0.433838,-0.263672,0.994263
-0.337769,-0.249512,0.746826
-0.017578,0.117065,1.012939
0.191040,-0.408936,0.843506
-0.585449,0.159546,0.789673
0.421997,-0.231445,0.989502
-0.271973,-0.301880,0.728027
-0.105591,0.126221,0.985474
0.252441,-0.406006,0.875366
-0.605835,0.129150,0.769165
0.406372,-0.191162,1.003418
-0.225220,-0.313354,0.719116
-0.293823,0.147217,0.937256
0.391602,-0.375977,0.958618
-0.538818,-0.064819,0.727661
0.303223,-0.051514,1.052002
-0.184204,-0.301636,0.732666
-0.373291,0.182373,0.902344
0.413330,-0.356323,0.969482
-0.516113,-0.118530,0.703613
0.229980,-0.003174,1.044312
-0.054199,-0.350586,0.780762
-0.452515,0.192627,0.883179
0.431274,-0.324829,0.986694
-0.495972,-0.178589,0.696655
0.146240,0.047852,1.038208
0.024292,-0.376587,0.803467
-0.512573,0.200562,0.854248
0.444702,-0.303589,0.998047
-0.439209,-0.215698,0.722900
0.066895,0.077881,1.030396
0.096436,-0.394653,0.827148
-0.551636,0.169800,0.817139
0.439575,-0.277710,0.995239
-0.354492,-0.235596,0.741821
-0.010986,0.098267,1.012573
0.177490,-0.414673,0.833374
-0.586670,0.157471,0.793457
0.428833,-0.233398,1.000366
-0.281494,-0.291748,0.729370
-0.082031,0.117920,0.987305
0.238159,-0.411499,0.864380
-0.596680,0.122681,0.773560
0.409546,-0.188965,1.002686
-0.229370,-0.308350,0.722046
-0.165649,0.144897,0.967041
0.305786,-0.400635,0.899536
-0.594116,0.068359,0.755493
0.375854,-0.142700,1.011475
-0.194580,-0.318604,0.714233
-0.248779,0.161987,0.929321
0.364258,-0.386719,0.913330
-0.581787,0.017578,0.738037
0.313965,-0.075684,1.012817
-0.148315,-0.356445,0.714355
-0.342529,0.187866,0.896484
0.391113,-0.368408,0.929443
-0.555786,-0.037842,0.710938
0.243042,-0.024048,1.011230
-0.094116,-0.361450,0.739502
-0.426147,0.211182,0.871338
0.417969,-0.329590,0.955444
-0.521851,-0.123535,0.693481
0.158447,0.040039,1.019775
-0.012329,-0.379517,0.773193
-0.501831,0.229492,0.850586
0.424316,-0.291870,0.972900
-0.463135,-0.172852,0.718384
0.088379,0.088257,1.033691
0.068481,-0.387939,0.800903
-0.552734,0.246948,0.834351
0.448486,-0.264404,0.987183
-0.378418,-0.219604,0.724976
0.025757,0.117065,1.015259
0.156982,-0.405762,0.830200
-0.587646,0.223389,0.803833
0.437256,-0.213867,0.986816
-0.290894,-0.249023,0.744263
-0.046753,0.148071,1.006348
0.234985,-0.400024,0.863525
-0.610718,0.190430,0.788818
0.427002,-0.179321,0.996826
-0.219849,-0.257812,0.745239
-0.117798,0.164185,0.967773
0.295654,-0.384888,0.880737
-0.604492,0.165771,0.776245
0.402466,-0.139038,1.000732
-0.164307,-0.298950,0.740234
-0.193604,0.169922,0.929199
0.350830,-0.390015,0.904785
-0.583008,0.097412,0.756958
0.363525,-0.083740,1.010376
-0.111694,-0.353149,0.721191
-0.273926,0.178711,0.893066
0.395264,-0.367920,0.923950
-0.552124,0.021973,0.740479
0.297852,-0.029297,1.003418
-0.062744,-0.375000,0.732178
-0.349731,0.179688,0.864258
0.420288,-0.338257,0.946289
-0.522705,-0.061890,0.717896
0.222168,0.021240,1.000244
-0.005493,-0.381836,0.754883
-0.421509,0.182739,0.837280
0.433594,-0.306030,0.960205
-0.479858,-0.112915,0.731323
0.150635,0.075317,1.018188
0.044434,-0.382568,0.784058
-0.483032,0.180420,0.816528
0.449341,-0.282593,0.978394
-0.417480,-0.161011,0.744507
0.094727,0.111206,1.026001
0.108887,-0.385376,0.810181
-0.539917,0.183105,0.799194
0.455444,-0.256104,0.993530
-0.343750,-0.202637,0.751221
0.017334,0.148804,1.024048
0.191040,-0.387329,0.837769
-0.581909,0.171997,0.772827
0.451904,-0.232178,0.993164
-0.255737,-0.229736,0.769409
-0.061523,0.171509,0.994141
0.269775,-0.389160,0.869873
-0.583984,0.149170,0.770752
0.439209,-0.182861,1.010498
-0.167969,-0.298218,0.768921
-0.132324,0.170044,0.958008
0.337280,-0.393433,0.903076
-0.578247,0.128662,0.769409
0.395630,-0.137085,1.008911
-0.088623,-0.378784,0.761108
-0.214111,0.156128,0.913696
0.387695,-0.382202,0.925781
-0.546631,0.033325,0.742310
0.338501,-0.087402,0.996216
-0.030762,-0.403442,0.755005
-0.299072,0.151489,0.868286
0.424561,-0.374146,0.943359
-0.515137,-0.045166,0.729736
0.264648,-0.016724,1.006226
0.015137,-0.415527,0.752441
-0.371582,0.136353,0.830200
0.445679,-0.349976,0.961060
-0.482422,-0.115723,0.736938
0.184448,0.033447,1.013306
0.066406,-0.426025,0.766968
-0.443848,0.143433,0.813477
0.464478,-0.325317,0.977173
-0.428711,-0.171997,0.746582
0.104614,0.078247,1.017700
0.128784,-0.431641,0.805908
-0.500244,0.130493,0.779907
0.472656,-0.298462,0.981812
-0.362915,-0.190430,0.767700
0.028198,0.116821,1.018433
0.214233,-0.442383,0.845337
-0.540161,0.100830,0.753662
0.469849,-0.272217,1.004639
-0.265869,-0.242554,0.776367
-0.061401,0.158325,1.003540
0.292236,-0.445679,0.876221
-0.557373,0.094360,0.765137
0.441772,-0.234985,1.009033
-0.170532,-0.280396,0.798706
-0.131104,0.159790,0.978027
0.349976,-0.425903,0.914551
-0.542847,0.056763,0.770508
0.403320,-0.166748,1.016113
-0.081909,-0.338257,0.793091
-0.202637,0.155396,0.950806
0.396729,-0.420776,0.925415
-0.515991,-0.010254,0.763306
0.349731,-0.092407,1.025513
-0.001831,-0.401245,0.793213
-0.280518,0.146973,0.907959
0.439453,-0.408569,0.949829
-0.476074,-0.089355,0.754517
0.275513,-0.032104,1.031494
0.064575,-0.438232,0.795166
-0.345459,0.148071,0.883667
0.472900,-0.374390,0.983643
-0.450195,-0.135254,0.752930
0.209595,-0.001953,1.029419
0.109619,-0.427002,0.809692
-0.402588,0.127930,0.853760
0.491211,-0.348389,1.002808
-0.401733,-0.189819,0.763916
0.137451,0.054688,1.040527
0.181763,-0.442993,0.843140
-0.449707,0.113159,0.820435
0.501953,-0.332764,1.014282
-0.343262,-0.227295,0.772461
0.059448,0.080078,1.025879
0.253906,-0.452881,0.874634
-0.471191,0.063232,0.788574
0.493896,-0.286743,1.027588
-0.262695,-0.255493,0.795410
-0.011597,0.120972,1.023926
0.312012,-0.451660,0.914429
-0.485229,0.062134,0.793579
0.469604,-0.217285,1.045898
-0.180298,-0.264160,0.820557
-0.079956,0.155518,1.023071
0.372437,-0.429810,0.955322
-0.490601,0.036621,0.794189
0.445435,-0.142700,1.082275
-0.093018,-0.304688,0.833984
-0.134399,0.173706,1.021118
0.417969,-0.417114,0.972046
-0.477417,-0.011963,0.795898
0.421875,-0.108887,1.084595
-0.009521,-0.366455,0.844116
-0.190552,0.181641,1.001465
0.465942,-0.402344,1.005859
-0.457397,-0.065063,0.784546
0.372070,-0.055420,1.094360
0.066528,-0.392822,0.860352
-0.247803,0.182373,0.984741
0.501465,-0.369751,1.028076
-0.429321,-0.111328,0.781372
0.318115,-0.023560,1.086060
0.097168,-0.396240,0.868652
-0.299316,0.185181,0.969849
0.533203,-0.327637,1.070312
-0.392944,-0.158081,0.783447
0.259277,0.028442,1.088623
0.158325,-0.403198,0.892212
-0.345337,0.157227,0.934326
0.562500,-0.300415,1.096924
-0.351807,-0.196777,0.796021
0.190186,0.075439,1.086060
0.236572,-0.426880,0.915894
-0.380859,0.106201,0.876831
0.563232,-0.265625,1.106079
-0.296265,-0.230957,0.807251
0.129639,0.118896,1.088989
0.302368,-0.446167,0.938965
-0.409302,0.079102,0.863892
0.550659,-0.241943,1.111694
-0.232544,-0.243164,0.835449
0.066895,0.140503,1.088501
0.359863,-0.429810,0.977539
-0.437134,0.072021,0.849976
0.536621,-0.196045,1.132202
-0.171265,-0.255859,0.855713
-0.000244,0.175659,1.080933
0.410156,-0.404785,1.001587
-0.445312,0.056396,0.851074
0.518799,-0.149170,1.140991
-0.094971,-0.279541,0.874512
-0.062378,0.190552,1.084961
0.452759,-0.381104,1.033447
-0.444702,0.013550,0.834473
0.491211,-0.112305,1.150024
0.002808,-0.336426,0.892090
-0.119751,0.208374,1.076172
0.482666,-0.358276,1.057861
-0.434937,-0.027222,0.829102
0.459351,-0.061279,1.163330
0.035400,-0.349365,0.895508
-0.175903,0.213867,1.066650
0.514771,-0.333862,1.084229
-0.415649,-0.066406,0.819458
0.411011,-0.005127,1.166504
0.060547,-0.348755,0.912842
-0.231689,0.226929,1.052856
0.544556,-0.302856,1.121460
-0.396729,-0.112671,0.814697
0.358521,0.022095,1.159912
0.119141,-0.368286,0.922241
-0.286255,0.183228,1.000732
0.567749,-0.280884,1.140747
-0.354614,-0.179443,0.815186
0.287231,0.052368,1.150391
0.190308,-0.394043,0.925903
-0.328735,0.154541,0.952881
0.580200,-0.262817,1.131836
-0.310425,-0.230591,0.815918
0.210205,0.086914,1.134766
0.248901,-0.409668,0.943359
-0.377197,0.125488,0.910400
0.578857,-0.246460,1.132568
-0.280273,-0.240845,0.827881
0.139038,0.107910,1.117188
0.304810,-0.415161,0.969360
-0.408325,0.106812,0.893311
0.572998,-0.207397,1.143066
-0.228027,-0.252075,0.850220
0.072266,0.125977,1.102661
0.346436,-0.400635,0.986938
-0.435547,0.075684,0.871216
0.552612,-0.175537,1.144165
-0.152222,-0.281738,0.858765
-0.002686,0.145508,1.080688
0.379272,-0.365723,0.994629
-0.434937,0.031128,0.853882
0.528564,-0.131348,1.160889
-0.080811,-0.328613,0.863403
-0.069824,0.149536,1.060303
0.405762,-0.369507,1.008057
-0.450684,-0.001587,0.838257
0.502808,-0.101196,1.170166
-0.073730,-0.315674,0.847168
-0.131470,0.178711,1.061646
0.438354,-0.350342,1.038330
-0.462036,-0.033203,0.815674
0.455200,-0.070190,1.164307
-0.045410,-0.314087,0.852051
-0.200073,0.217896,1.048096
0.468506,-0.336060,1.047363
-0.467041,-0.061890,0.799927
0.403809,-0.040161,1.153809
-0.012817,-0.314087,0.857544
-0.265015,0.214111,1.026733
0.494263,-0.317383,1.064453
-0.452026,-0.110962,0.778564
0.351685,-0.018066,1.141602
0.028809,-0.352051,0.850098
-0.318237,0.183228,0.963867
0.503662,-0.307373,1.068604
-0.419067,-0.158813,0.764404
0.279907,0.010132,1.117310
0.087402,-0.369141,0.865479
-0.374756,0.172363,0.927979
0.505737,-0.273438,1.074463
-0.390381,-0.221069,0.757446
0.206421,0.034668,1.107056
0.136597,-0.386353,0.885254
-0.434448,0.157959,0.897217
0.508301,-0.251953,1.082275
-0.373901,-0.242310,0.761475
0.128418,0.057251,1.084106
0.192261,-0.387451,0.899048
-0.471802,0.135132,0.862793
0.500488,-0.240112,1.076294
-0.334351,-0.234741,0.783569
0.051636,0.068359,1.045776
0.230347,-0.391968,0.906494
-0.491943,0.097290,0.837036
0.490967,-0.217041,1.081665
-0.263916,-0.258667,0.786011
-0.013550,0.081665,1.030273
0.268066,-0.396362,0.909668
-0.506226,0.061279,0.802734
0.469360,-0.188477,1.083374
-0.221924,-0.289062,0.773071
-0.099487,0.112793,1.002808
0.307617,-0.404419,0.919800
-0.520020,0.027222,0.776978
0.437256,-0.152588,1.077026
-0.195679,-0.274414,0.769409
-0.178101,0.148560,0.989868
0.355225,-0.388672,0.946167
-0.532471,-0.007568,0.765015
0.398804,-0.116455,1.080933
-0.164062,-0.296387,0.765869
-0.256958,0.176392,0.967285
0.383545,-0.378052,0.964111
-0.541870,-0.056152,0.744263
0.342285,-0.079346,1.073975
-0.127930,-0.315796,0.772949
-0.328125,0.187378,0.931274
0.405884,-0.365601,0.970215
-0.538086,-0.093628,0.721802
0.283447,-0.054565,1.062256
-0.086548,-0.345459,0.778564
-0.404907,0.189087,0.896729
0.423584,-0.352661,0.976318
-0.509277,-0.131470,0.704712
0.214600,-0.005493,1.049438
-0.013184,-0.373047,0.786743
-0.465088,0.216431,0.885254
0.432739,-0.326538,0.983643
-0.498535,-0.174805,0.701050
0.142822,0.024780,1.032349
0.048096,-0.395874,0.808105
-0.513306,0.212769,0.866943
0.449829,-0.287354,1.008179
-0.435303,-0.205078,0.732056
0.064819,0.069824,1.029663
0.110962,-0.416870,0.820312
-0.549194,0.177734,0.831665
0.443848,-0.263428,1.005493
-0.368774,-0.233154,0.739258
0.007080,0.076538,1.008667
0.165161,-0.420166,0.833984
-0.573364,0.150269,0.803833
0.436401,-0.230103,1.014404
-0.306274,-0.279541,0.734863
-0.064575,0.106934,0.984497
0.218994,-0.424194,0.854736
-0.591064,0.121216,0.773560
0.423340,-0.191772,1.018799
-0.253906,-0.292603,0.728638
-0.138062,0.137451,0.970825
0.266724,-0.425537,0.869629
-0.592896,0.086914,0.760620
0.405151,-0.165527,1.017456
-0.212036,-0.287354,0.732788
-0.213257,0.161377,0.946411
0.311157,-0.416260,0.891113
-0.589600,0.055786,0.738647
0.378296,-0.127686,1.022583
-0.173096,-0.306763,0.729980
-0.270386,0.176147,0.917847
0.356812,-0.410645,0.896118
-0.588745,0.017212,0.721680
0.335815,-0.088623,1.025269
-0.133545,-0.358521,0.720825
-0.335083,0.191284,0.892944
0.383667,-0.381104,0.913940
-0.568237,-0.008301,0.711426
0.285034,-0.051147,1.012939
-0.084106,-0.384766,0.730835
-0.392700,0.212646,0.885254
0.401123,-0.353882,0.933594
-0.553467,-0.069824,0.694702
0.218506,-0.013916,1.005615
-0.041138,-0.382568,0.759033
-0.437622,0.233643,0.872314
0.413818,-0.322144,0.949341
-0.534546,-0.107544,0.692383
0.163086,0.033569,1.013550
0.015381,-0.397827,0.784546
-0.494019,0.230835,0.854370
0.427734,-0.289185,0.961182
-0.483521,-0.133301,0.708740
0.106567,0.082275,1.015381
0.070679,-0.406372,0.797607
-0.527222,0.233154,0.846436
0.439941,-0.265137,0.970581
-0.432861,-0.161987,0.726685
0.061157,0.095459,1.012939
0.124878,-0.403076,0.815308
-0.554321,0.222290,0.829834
0.448242,-0.225952,0.990356
-0.370605,-0.182373,0.738647
0.015747,0.116455,1.005859
0.188965,-0.417236,0.838379
-0.580933,0.206909,0.813843
0.444336,-0.209961,0.995239
-0.298706,-0.224243,0.738647
-0.053101,0.142944,0.988159
0.237549,-0.408569,0.863159
-0.587280,0.180786,0.794800
0.437866,-0.172852,1.011353
-0.236206,-0.226807,0.758911
-0.105835,0.157104,0.965698
0.285400,-0.413574,0.871704
-0.592896,0.153687,0.778809
0.429199,-0.145142,1.019043
-0.172607,-0.276123,0.745117
-0.170166,0.166870,0.928345
0.330200,-0.404419,0.889404
-0.584351,0.101440,0.755981
0.406128,-0.108398,1.019897
-0.121094,-0.332153,0.750122
-0.228882,0.180664,0.904053
0.369019,-0.391724,0.909546
-0.569946,0.061890,0.754883
0.365479,-0.063965,1.020874
-0.069946,-0.348999,0.757812
-0.282471,0.188354,0.884644
0.398438,-0.375854,0.921997
-0.546265,-0.000244,0.741943
0.311646,-0.040649,1.004639
-0.031738,-0.365601,0.764526
-0.339355,0.193970,0.861816
0.423950,-0.352539,0.937256
-0.525513,-0.051392,0.722900
0.245361,-0.006714,1.002563
0.017700,-0.399292,0.756226
-0.390869,0.179565,0.838257
0.438599,-0.340576,0.949097
-0.505005,-0.101807,0.730713
0.184082,0.029297,1.015015
0.062988,-0.417480,0.773193
-0.444092,0.189941,0.829102
0.462402,-0.311646,0.966919
-0.461670,-0.126587,0.739990
0.130005,0.056763,1.015259
0.096436,-0.430664,0.794434
-0.490234,0.180298,0.807495
0.466431,-0.276855,0.981689
-0.402344,-0.148193,0.753540
0.062134,0.092896,1.011475
0.155273,-0.438599,0.802612
-0.522461,0.164307,0.790405
0.471558,-0.254639,0.994141
-0.339355,-0.175415,0.770020
0.000000,0.127075,1.007202
0.221313,-0.454590,0.836914
-0.544067,0.132080,0.765259
0.456909,-0.228149,1.000732
-0.265991,-0.227417,0.778564
-0.071289,0.138184,0.990967
0.280762,-0.463501,0.858643
-0.555542,0.088623,0.749268
0.443604,-0.198730,1.008667
-0.186523,-0.229492,0.802979
-0.126343,0.152710,0.964600
0.328979,-0.458496,0.886597
-0.556152,0.077515,0.767090
0.407593,-0.156128,1.017700
-0.118408,-0.274292,0.800537
-0.182739,0.146484,0.948853
0.372803,-0.439941,0.914307
-0.545166,0.031006,0.761963
0.370972,-0.107910,1.028198
-0.052612,-0.331299,0.792725
-0.238281,0.151733,0.917847
0.411499,-0.417236,0.933350
-0.520020,-0.043945,0.742554
0.323486,-0.065308,1.018677
0.005371,-0.379150,0.790161
-0.299561,0.155029,0.889526
0.450562,-0.401367,0.956909
-0.495239,-0.118652,0.735352
0.255249,-0.024536,1.018555
0.050415,-0.424194,0.780884
-0.351318,0.154419,0.867554
0.474487,-0.371948,0.983276
-0.460571,-0.153198,0.739990
0.195557,-0.000610,1.017212
0.089355,-0.442627,0.784424
-0.387085,0.139648,0.842407
0.490723,-0.358887,0.988403
-0.433228,-0.162720,0.749146
0.138306,0.030762,1.020508
0.132568,-0.452393,0.809692
-0.432983,0.128662,0.824097
0.498901,-0.324463,1.012329
-0.377075,-0.192749,0.764893
0.085205,0.053345,1.025024
0.204346,-0.478394,0.831055
-0.459351,0.088135,0.789673
0.503662,-0.290405,1.024658
-0.314697,-0.212524,0.792603
0.028442,0.093750,1.024414
0.260864,-0.483765,0.852417
-0.489136,0.062866,0.773926
0.489380,-0.260864,1.032349
-0.252563,-0.206665,0.814209
-0.026001,0.123535,1.029175
0.309937,-0.482422,0.887085
-0.499268,0.050781,0.772827
0.464478,-0.218994,1.046753
-0.189575,-0.215942,0.838867
-0.080078,0.155884,1.031128
0.367432,-0.464966,0.924194
-0.497559,0.036865,0.786377
0.442505,-0.163208,1.063354
-0.107544,-0.275146,0.842285
-0.132202,0.167725,1.018921
0.411377,-0.449463,0.958374
-0.491577,-0.009399,0.783691
0.412720,-0.118164,1.067505
-0.035645,-0.328491,0.845581
-0.183228,0.180542,1.010498
0.456909,-0.424316,0.987183
-0.465942,-0.053589,0.774536
0.366699,-0.077637,1.076172
0.041382,-0.378784,0.849487
-0.224487,0.177246,0.985352
0.493530,-0.383301,1.019165
-0.436646,-0.113403,0.776733
0.317993,-0.034424,1.073975
0.086548,-0.403076,0.859375
-0.274780,0.175293,0.975098
0.523193,-0.350220,1.047852
-0.398071,-0.153809,0.783081
0.269165,-0.001953,1.082886
0.118286,-0.395508,0.870605
-0.329712,0.175171,0.941772
0.551880,-0.317871,1.076660
-0.362793,-0.193726,0.789429
0.209229,0.045898,1.080566
0.192871,-0.426392,0.895630
-0.368408,0.125122,0.901123
0.569702,-0.284668,1.100830
-0.322388,-0.213257,0.806396
0.152710,0.082520,1.083618
0.259521,-0.446777,0.915894
-0.393555,0.086426,0.862427
0.562134,-0.251831,1.100586
-0.268433,-0.217285,0.835083
0.090332,0.114380,1.082886
0.319946,-0.452271,0.954712
-0.428345,0.075317,0.844482
0.544434,-0.222534,1.112793
-0.214233,-0.220581,0.854858
0.032104,0.142212,1.077515
0.377808,-0.431519,0.988403
-0.434692,0.060059,0.846313
0.528320,-0.169067,1.128296
-0.147339,-0.227661,0.876709
-0.025024,0.180908,1.081177
0.420776,-0.412354,1.012329
-0.438354,0.023804,0.846802
0.508179,-0.125854,1.143921
-0.067017,-0.255127,0.886475
-0.083008,0.205566,1.082642
0.464844,-0.390137,1.033691
-0.438965,-0.016968,0.829956
0.472656,-0.085571,1.155762
0.021973,-0.325928,0.903809
-0.136353,0.211914,1.071899
0.495972,-0.355957,1.072021
-0.430786,-0.069580,0.815674
0.434570,-0.057739,1.165405
0.040161,-0.326172,0.900513
-0.197144,0.237549,1.061768
0.526489,-0.324341,1.083862
-0.407837,-0.097778,0.812866
0.382690,0.003540,1.164062
0.083862,-0.346802,0.907104
-0.261230,0.235229,1.033203
0.563843,-0.295654,1.122192
-0.384033,-0.146362,0.810913
0.331177,0.022095,1.148926
0.130493,-0.376465,0.923828
-0.291626,0.186768,0.988159
0.575928,-0.283813,1.139160
-0.342896,-0.191650,0.812988
0.271118,0.059937,1.151855
0.194458,-0.399292,0.921387
-0.333984,0.159058,0.947388
0.587891,-0.265991,1.133911
-0.306152,-0.213257,0.825562
0.210205,0.079590,1.140015
0.252686,-0.422485,0.939453
-0.374268,0.139893,0.912842
0.585693,-0.238037,1.137451
-0.276978,-0.224731,0.833008
0.144775,0.100708,1.119873
0.298584,-0.412354,0.966064
-0.413696,0.118408,0.897583
0.569580,-0.215820,1.145264
-0.238525,-0.250977,0.842651
0.077881,0.124146,1.105591
0.341553,-0.401245,0.976807
-0.428711,0.092163,0.878784
0.554077,-0.186279,1.148315
-0.188110,-0.257202,0.858398
0.012939,0.144287,1.094238
0.374023,-0.388428,0.994629
-0.440918,0.050659,0.858398
0.530762,-0.158691,1.141357
-0.099609,-0.286621,0.868286
-0.051270,0.156372,1.068481
0.396729,-0.369019,1.007690
-0.449951,0.012451,0.846924
0.504272,-0.106079,1.159546
-0.085083,-0.300781,0.846191
-0.110718,0.163574,1.053589
0.434814,-0.353760,1.029175
-0.458008,-0.021118,0.821899
0.462158,-0.068726,1.160522
-0.066895,-0.296387,0.844482
-0.180420,0.192749,1.045898
0.466431,-0.343140,1.049561
-0.462402,-0.061401,0.802734
0.410645,-0.042236,1.162598
-0.037964,-0.290649,0.861816
-0.250854,0.200073,1.013184
0.490601,-0.321655,1.069702
-0.455444,-0.112183,0.777344
0.360718,-0.015381,1.153442
-0.001221,-0.310425,0.858643
-0.301514,0.183350,0.975342
0.511108,-0.324341,1.068481
-0.434448,-0.153442,0.765259
0.302490,0.002563,1.137451
0.042480,-0.350830,0.852539
-0.354126,0.181152,0.927368
0.514404,-0.308472,1.071411
-0.414917,-0.188232,0.758789
0.243896,0.020508,1.123047
0.084717,-0.384644,0.851807
-0.400635,0.178467,0.909058
0.515137,-0.291016,1.071045
-0.402222,-0.208984,0.765137
0.181274,0.033081,1.100220
0.131226,-0.410522,0.859009
-0.433716,0.156250,0.891113
0.551758,-0.188110,1.140869
-0.393677,-0.211914,0.762817
0.032471,0.113037,1.089600
0.166382,-0.411499,0.871094
-0.445190,0.073120,0.864990
0.538696,-0.173340,1.132812
-0.153198,-0.276123,0.851807
-0.024048,0.131836,1.077026
0.363403,-0.386353,0.982910
-0.461792,0.041504,0.837891
0.515625,-0.149536,1.134888
-0.128784,-0.280640,0.843628
-0.060181,0.140259,1.057251
0.391235,-0.382568,0.993042
-0.475586,0.016113,0.821045
0.490723,-0.126709,1.146729
-0.119263,-0.293823,0.827515
-0.117920,0.156372,1.041260
0.411743,-0.377808,0.995361
-0.482788,-0.013184,0.809814
0.456421,-0.092529,1.137451
-0.111084,-0.281128,0.819702
-0.172241,0.181885,1.028564
0.442627,-0.363159,1.014404
-0.488525,-0.038574,0.797607
0.416992,-0.065063,1.142700
-0.081543,-0.303223,0.823364
-0.236694,0.194214,1.008789
0.452881,-0.354126,1.025635
-0.490479,-0.055908,0.771362
0.373413,-0.035889,1.136597
-0.068604,-0.318481,0.816284
-0.285522,0.184692,0.978149
0.472412,-0.351929,1.034668
-0.483643,-0.091797,0.762207
0.330811,-0.029907,1.109985
-0.044312,-0.304810,0.834717
-0.323242,0.181641,0.947144
0.475098,-0.332397,1.040771
-0.468872,-0.136963,0.745972
0.281738,-0.014771,1.101807
-0.005249,-0.332397,0.829590
-0.365601,0.170898,0.922485
0.476440,-0.329956,1.039917
-0.452148,-0.168945,0.733887
0.223511,0.011475,1.085815
0.024658,-0.370972,0.826904
-0.413574,0.155884,0.884033
0.480469,-0.321899,1.033081
-0.445435,-0.186768,0.742432
0.168213,0.037476,1.065674
0.063599,-0.380615,0.828735
-0.456543,0.169922,0.870483
0.489868,-0.302246,1.036377
-0.437866,-0.211426,0.734497
0.114990,0.058472,1.057251
0.106567,-0.398926,0.835205
-0.487061,0.157227,0.850220
0.477051,-0.285645,1.032959
-0.409424,-0.223267,0.756958
0.066895,0.069580,1.044556
0.129517,-0.407715,0.836548
-0.518188,0.155151,0.833008
0.480103,-0.266357,1.039185
-0.360596,-0.227905,0.765137
0.020874,0.091919,1.037109
0.169922,-0.425293,0.843506
-0.541260,0.145386,0.811279
0.470581,-0.263428,1.024170
-0.329590,-0.242432,0.754395
-0.020630,0.094971,1.017212
0.202271,-0.430542,0.853027
-0.558594,0.121094,0.789673
0.454712,-0.247314,1.024902
-0.289795,-0.287476,0.744629
-0.061768,0.109985,1.000488
0.226685,-0.436523,0.852783
-0.577393,0.103760,0.782104
0.444580,-0.232788,1.025513
-0.267090,-0.312134,0.724487
-0.107300,0.127197,0.984863
0.262085,-0.420776,0.869751
-0.594116,0.087036,0.762939
0.426147,-0.206665,1.026245
-0.237915,-0.291016,0.732300
-0.161011,0.142090,0.972412
0.298096,-0.413452,0.882568
-0.593384,0.073120,0.746704
0.398682,-0.179321,1.019653
-0.220337,-0.295410,0.725708
-0.203735,0.161255,0.963013
0.328003,-0.406738,0.903320
-0.594604,0.054199,0.742554
0.373779,-0.146362,1.012939
-0.196655,-0.317871,0.723267
-0.254883,0.170410,0.943604
0.353394,-0.405029,0.912842
-0.599487,0.034180,0.734985
0.343140,-0.118530,1.015137
-0.160889,-0.328003,0.732300
-0.303345,0.181274,0.914062
0.382568,-0.387329,0.920776
-0.587646,0.006714,0.716431
0.300537,-0.077271,1.020142
-0.136719,-0.351807,0.730713
-0.348389,0.205933,0.902100
0.400513,-0.373291,0.939331
-0.574829,-0.014893,0.712402
0.260986,-0.039917,1.016724
-0.098022,-0.383545,0.730713
-0.390747,0.208618,0.891113
0.416870,-0.352905,0.947266
-0.554321,-0.057861,0.699707
0.204346,-0.005005,1.007324
-0.058105,-0.390747,0.751099
-0.438843,0.215942,0.873779
0.428101,-0.337402,0.960693
-0.530518,-0.079590,0.712646
0.160889,0.027466,1.013306
-0.023438,-0.385254,0.769775
-0.476318,0.220093,0.866333
0.434448,-0.306519,0.970947
-0.493774,-0.113159,0.723511
0.124390,0.073730,1.016235
0.025879,-0.383179,0.788940
-0.505371,0.214111,0.844849
0.440796,-0.281006,0.981812
-0.443115,-0.140869,0.743164
0.083252,0.109497,1.024658
0.073364,-0.388672,0.800537
-0.533447,0.200439,0.824463
0.447754,-0.255005,0.990845
-0.392090,-0.158813,0.750977
0.044312,0.121704,1.019043
0.135254,-0.399414,0.817383
-0.571045,0.213379,0.816895
0.449219,-0.244629,0.988281
-0.338867,-0.196411,0.742310
0.008179,0.138794,1.006958
0.184204,-0.391235,0.837280
-0.585327,0.205200,0.796021
0.443359,-0.214478,0.997925
-0.287354,-0.235718,0.743896
-0.039673,0.148804,0.995361
0.226562,-0.387939,0.861816
-0.594849,0.184570,0.776733
0.438477,-0.187378,1.002197
-0.238281,-0.244385,0.753418
-0.081665,0.158936,0.969604
0.274536,-0.394165,0.877686
-0.593872,0.159302,0.773438
0.434814,-0.160767,1.016479
-0.192261,-0.271240,0.752319
-0.138672,0.167114,0.954224
0.322510,-0.398193,0.889038
-0.596191,0.135742,0.764771
0.416016,-0.132202,1.017578
-0.155151,-0.303345,0.754028
-0.185669,0.174316,0.938599
0.357178,-0.389038,0.906372
-0.586670,0.108154,0.760620
0.388184,-0.110352,1.018433
-0.106567,-0.344116,0.748535
-0.224854,0.180786,0.918579
0.384521,-0.388306,0.908569
-0.568970,0.074829,0.757446
0.351685,-0.081055,1.012329
-0.086182,-0.360718,0.742798
-0.269775,0.189575,0.894775
0.411011,-0.386353,0.924316
-0.560669,0.015869,0.744507
0.311646,-0.067261,0.995483
-0.047974,-0.374023,0.752930
-0.327881,0.186646,0.870972
0.428955,-0.350586,0.943726
-0.534668,-0.046265,0.723511
0.251099,-0.034058,0.990479
-0.013306,-0.388428,0.747314
-0.374512,0.177490,0.844971
0.444702,-0.323853,0.964966
-0.502686,-0.095337,0.736694
0.195557,0.016968,1.004028
0.030762,-0.397461,0.773193
-0.422607,0.178101,0.833984
0.457520,-0.304321,0.968262
-0.462891,-0.124512,0.745239
0.138672,0.055664,1.019775
0.075806,-0.416016,0.785156
-0.474609,0.181519,0.805542
0.470337,-0.289673,0.975342
-0.409302,-0.155151,0.756348
0.075928,0.087646,1.012939
0.136475,-0.415039,0.812988
-0.523071,0.168701,0.780762
0.469849,-0.253784,0.989868
-0.330078,-0.197998,0.771729
-0.001953,0.111084,1.004761
0.208740,-0.432495,0.847168
-0.549316,0.139771,0.760010
0.456421,-0.216431,1.006958
-0.247192,-0.224609,0.794434
-0.077759,0.138184,0.990112
0.278076,-0.440918,0.875000
-0.568848,0.092285,0.743652
0.427612,-0.169800,1.019409
-0.153198,-0.276489,0.786621
-0.143066,0.145386,0.964600
0.334351,-0.440796,0.899048
-0.552734,0.077271,0.761841
0.380371,-0.118652,1.012695
-0.068359,-0.333130,0.790161
-0.215698,0.140625,0.923950
0.398193,-0.420776,0.936157
-0.532471,-0.005859,0.736694
0.315918,-0.067261,0.994385
0.004395,-0.395264,0.780273
-0.292969,0.139038,0.895630
0.450684,-0.403564,0.947998
-0.502319,-0.086060,0.737915
0.235107,-0.001465,1.002441
0.053955,-0.425171,0.773804
-0.381592,0.117065,0.842529
0.483643,-0.367432,0.982300
-0.446533,-0.146606,0.747192
0.139771,0.045532,1.002319
0.106079,-0.418579,0.799683
-0.458374,0.102783,0.796387
0.491455,-0.324585,1.004272
-0.357178,-0.222900,0.767456
0.034790,0.103149,1.006226
0.219604,-0.442993,0.843628
-0.504028,0.064453,0.756836
0.476807,-0.274902,1.020508
-0.252197,-0.241821,0.801147
-0.069092,0.137085,0.996826
0.315552,-0.443726,0.896973
-0.527100,0.051270,0.768066
0.418701,-0.185425,1.026855
-0.110474,-0.315918,0.812744
-0.158936,0.154541,0.982788
0.389771,-0.417358,0.942017
-0.507202,-0.000244,0.767212
0.357178,-0.093140,1.034424
0.002441,-0.387939,0.805542
-0.268677,0.142578,0.911133
0.454468,-0.381104,0.981323
-0.465332,-0.094604,0.760620
0.265137,-0.048584,1.023682
0.081543,-0.428345,0.807739
-0.362549,0.138184,0.876221
0.502930,-0.354858,0.999023
-0.402832,-0.178345,0.764404
0.149048,0.033325,1.038208
0.165894,-0.431519,0.843018
-0.441406,0.103760,0.822876
0.512573,-0.292358,1.037354
-0.312500,-0.232910,0.789795
0.028809,0.103516,1.040161
0.287964,-0.461426,0.890869
-0.489746,0.062012,0.776733
0.475098,-0.226318,1.046631
-0.180786,-0.244751,0.824341
-0.077026,0.148804,1.033447
0.378174,-0.436523,0.953491
-0.493408,0.021484,0.790039
0.422607,-0.127930,1.069214
-0.039551,-0.318848,0.850220
-0.176514,0.161377,0.999634
0.455444,-0.416748,0.996582
-0.462036,-0.062012,0.776001
0.350952,-0.044800,1.077393
0.075928,-0.391968,0.847290
-0.262329,0.161987,0.962769
0.510010,-0.362183,1.045288
-0.417847,-0.150146,0.769043
0.250854,0.008301,1.061890
0.138672,-0.386475,0.868530
-0.364380,0.149780,0.918823
0.546631,-0.322510,1.072021
-0.339844,-0.213135,0.785645
0.131470,0.082764,1.061035
0.257202,-0.421021,0.910889
-0.430786,0.080688,0.832886
0.531738,-0.265991,1.077637
-0.237427,-0.251221,0.827515
0.019043,0.136841,1.059937
0.368042,-0.422729,0.973755
-0.465332,0.060181,0.822876
0.485229,-0.162720,1.102905
-0.103271,-0.295776,0.856323
-0.095215,0.181030,1.053467
0.445312,-0.395264,1.017822
-0.447021,-0.018188,0.819458
0.426147,-0.074097,1.120850
0.046631,-0.363281,0.873779
-0.195435,0.192017,1.022827
0.513916,-0.363281,1.063110
-0.407837,-0.095947,0.809814
0.347290,-0.001099,1.122925
0.090820,-0.356201,0.887085
-0.294434,0.186646,0.986572
0.565796,-0.306519,1.103882
-0.352173,-0.184814,0.800537
0.233887,0.069214,1.108521
0.215088,-0.406982,0.920166
-0.365112,0.111450,0.895142
0.564697,-0.268677,1.116577
-0.267822,-0.250977,0.827881
0.117554,0.118286,1.101929
0.325562,-0.413208,0.967651
-0.426392,0.085571,0.856934
0.537964,-0.204712,1.123169
-0.177734,-0.260620,0.856689
0.007935,0.161987,1.100830
0.410767,-0.390381,1.017578
-0.447021,0.036621,0.843628
0.503296,-0.124023,1.141113
-0.028320,-0.302368,0.888062
-0.104614,0.202881,1.075806
0.478882,-0.358398,1.059448
-0.426880,-0.042114,0.827759
0.442871,-0.042725,1.170044
0.045166,-0.342651,0.890991
-0.212891,0.211304,1.045288
0.537598,-0.307373,1.102295
-0.388550,-0.129883,0.810669
0.345581,0.020874,1.151978
0.139160,-0.357178,0.928345
-0.304199,0.183716,0.980103
0.577271,-0.262451,1.138184
-0.323486,-0.201782,0.816650
0.229736,0.077637,1.132446
0.249634,-0.400879,0.960083
-0.376099,0.119629,0.898071
0.571411,-0.224976,1.137451
-0.233643,-0.221436,0.853516
0.105225,0.133789,1.124756
0.347290,-0.403564,0.996094
-0.433350,0.088623,0.873901
0.549316,-0.177124,1.148560
-0.147949,-0.271729,0.868896
-0.010010,0.195312,1.118408
0.420166,-0.376221,1.025391
-0.439941,0.025879,0.854370
0.501099,-0.117188,1.154663
-0.015869,-0.340210,0.881348
-0.104248,0.193115,1.079590
0.470093,-0.328857,1.062378
-0.432983,-0.040771,0.835205
0.435547,-0.049561,1.165161
0.013794,-0.326172,0.886230
-0.203125,0.199829,1.046509
0.523071,-0.284424,1.103394
-0.402710,-0.113281,0.813721
0.348145,0.004150,1.164185
0.094604,-0.360840,0.908447
-0.292236,0.167114,0.981079
0.560669,-0.270508,1.126831
-0.355347,-0.183228,0.808838
0.245850,0.072876,1.147339
0.192871,-0.401855,0.926025
-0.375122,0.140503,0.917114
0.556885,-0.253784,1.125732
-0.293701,-0.239380,0.816040
0.145142,0.101440,1.126221
0.276733,-0.409302,0.946655
-0.429932,0.122437,0.890259
0.549194,-0.209106,1.122803
-0.239868,-0.268555,0.834595
0.052490,0.125488,1.100098
0.334106,-0.398193,0.968384
-0.445435,0.066406,0.859985
0.522095,-0.153931,1.137451
-0.152710,-0.287964,0.837158
-0.021240,0.121094,1.068970
0.381470,-0.382446,0.995117
-0.456909,0.021851,0.835693
0.489380,-0.109375,1.144287
-0.110718,-0.306763,0.815796
-0.096069,0.157104,1.054810
0.417603,-0.366577,1.008789
-0.473999,-0.015259,0.812134
0.443848,-0.095337,1.137817
-0.082642,-0.308350,0.833374
-0.194702,0.187378,1.036987
0.451782,-0.339478,1.034668
-0.465820,-0.066406,0.789917
0.391479,-0.048950,1.140991
-0.056396,-0.291748,0.845947
-0.268555,0.185791,0.998413
0.481934,-0.338745,1.050415
-0.453491,-0.117554,0.772949
0.318481,0.009277,1.133423
-0.009399,-0.321167,0.852417
-0.320923,0.167725,0.950928
0.487305,-0.310669,1.057251
-0.428833,-0.168091,0.756592
0.268799,0.036865,1.126343
0.041382,-0.350098,0.844360
-0.384033,0.169800,0.912354
0.496338,-0.302490,1.044312
-0.400513,-0.219116,0.755249
0.200562,0.048584,1.097656
0.088623,-0.384277,0.854858
-0.438843,0.159668,0.876953
0.503296,-0.284546,1.061523
-0.387451,-0.236816,0.758301
0.139404,0.058838,1.086792
0.137329,-0.393433,0.862427
-0.474609,0.148071,0.861450
0.497314,-0.254761,1.060059
-0.371216,-0.259766,0.756226
0.081909,0.079102,1.067993
0.186157,-0.409546,0.872559
-0.510254,0.131714,0.834961
0.484619,-0.239014,1.057129
-0.304321,-0.258911,0.775635
0.023682,0.093628,1.052612
0.212158,-0.408081,0.880493
-0.524780,0.115845,0.810547
0.464722,-0.230469,1.050049
-0.266479,-0.262207,0.777344
-0.029541,0.107666,1.031128
0.254150,-0.421387,0.880859
-0.541626,0.092285,0.791748
0.447388,-0.195312,1.050415
-0.245117,-0.290894,0.747314
-0.089966,0.115112,1.008545
0.286743,-0.413696,0.896851
-0.560669,0.060913,0.771118
0.428467,-0.192017,1.048462
-0.219727,-0.293335,0.748779
-0.148682,0.149780,0.998291
0.318481,-0.403931,0.913086
-0.567993,0.041748,0.766235
0.401611,-0.149414,1.051758
-0.205811,-0.310669,0.729492
-0.203979,0.162476,0.985229
0.346558,-0.401855,0.920410
-0.574585,0.015625,0.748047
0.369385,-0.128540,1.050293
-0.179688,-0.308228,0.747925
-0.265625,0.167236,0.954834
0.372559,-0.391602,0.941528
-0.572144,-0.011475,0.737671
0.325928,-0.091919,1.042236
-0.149902,-0.313110,0.759888
-0.317505,0.179810,0.932495
0.395386,-0.389771,0.951904
-0.567017,-0.044434,0.731323
0.283203,-0.056030,1.039673
-0.123413,-0.328247,0.761597
-0.381226,0.175781,0.889893
0.410645,-0.371582,0.955444
-0.538940,-0.078491,0.706787
0.223877,-0.019653,1.030396
-0.076294,-0.359497,0.763672
-0.431763,0.197876,0.881470
0.428955,-0.338745,0.973267
-0.518799,-0.130737,0.701538
0.162842,0.024048,1.020386
-0.014282,-0.377197,0.777466
-0.482056,0.203735,0.870605
0.432373,-0.300659,0.984497
-0.478638,-0.177368,0.717407
0.096191,0.067749,1.024658
0.051758,-0.400757,0.795898
-0.530396,0.200073,0.840332
0.437134,-0.282959,0.990356
-0.408936,-0.201294,0.735352
0.046021,0.094849,1.025391
0.115112,-0.411499,0.816895
-0.573120,0.191772,0.813354
0.440552,-0.255737,0.991333
-0.334595,-0.248901,0.734863
-0.022705,0.113281,1.001953
0.183350,-0.412964,0.838501
-0.595703,0.161743,0.780396
0.434814,-0.218018,1.007568
-0.267090,-0.287109,0.720215
-0.101685,0.137573,0.979492
0.250854,-0.414307,0.867065
-0.609863,0.122681,0.761230
0.407349,-0.168457,1.005127
-0.212036,-0.302979,0.728027
-0.178833,0.163330,0.955811
0.315918,-0.405151,0.884644
-0.598267,0.089478,0.749146
0.371338,-0.118530,1.009766
-0.170532,-0.314575,0.724243
-0.250488,0.171631,0.922241
0.366211,-0.396484,0.914185
-0.589600,0.038696,0.733032
0.317261,-0.076782,1.011963
-0.125610,-0.352051,0.716797
-0.333130,0.195557,0.899780
0.401001,-0.365967,0.934692
-0.560181,-0.032227,0.702393
0.244873,-0.017944,1.002441
-0.071045,-0.377808,0.737549
-0.419067,0.214844,0.878784
0.430664,-0.336426,0.948364
-0.524292,-0.090088,0.711182
0.163574,0.040894,1.005493
-0.004272,-0.384277,0.760498
-0.470703,0.222534,0.852173
0.434082,-0.292969,0.960693
-0.461548,-0.137939,0.738525
0.102905,0.079102,1.017334
0.058594,-0.381592,0.798950
-0.525146,0.223022,0.833374
0.438232,-0.249146,0.978638
-0.388184,-0.192749,0.737671
0.059692,0.111938,1.015503
0.122803,-0.384277,0.816406
-0.562378,0.209839,0.807129
0.442383,-0.212891,0.997192
-0.312378,-0.215454,0.753784
-0.009155,0.139648,1.012329
0.205322,-0.400146,0.843872
-0.591553,0.201294,0.785156
0.438599,-0.183594,0.993652
-0.234497,-0.254395,0.750000
-0.083740,0.174316,0.984619
0.274780,-0.398560,0.879883
-0.591309,0.163940,0.774292
0.427002,-0.140991,1.003906
-0.164185,-0.302246,0.744507
-0.169556,0.179321,0.950562
0.332886,-0.405151,0.894531
-0.587036,0.110840,0.763550
0.389648,-0.116943,1.006836
-0.110718,-0.343994,0.740601
-0.235962,0.179565,0.912109
0.383545,-0.377563,0.913818
-0.566528,0.059937,0.745605
0.333740,-0.068848,1.005249
-0.062866,-0.377563,0.732910
-0.303345,0.170776,0.870850
0.412842,-0.358887,0.931396
-0.540405,-0.025513,0.726318
0.268677,-0.009766,0.997803
-0.023315,-0.373901,0.746216
-0.374146,0.169922,0.851318
0.442139,-0.337524,0.958496
-0.507568,-0.082764,0.729248
0.202148,0.031738,1.010376
0.023804,-0.394287,0.764526
-0.431519,0.176758,0.832397
0.453491,-0.297119,0.968872
-0.461914,-0.119385,0.739868
0.135010,0.079712,1.018188
0.072876,-0.409058,0.784668
-0.495728,0.185181,0.807129
0.457275,-0.278320,0.983032
-0.406616,-0.165161,0.744629
0.079590,0.106567,1.016235
0.138428,-0.399048,0.816528
-0.550781,0.191040,0.790527
0.462769,-0.262451,0.987915
-0.333008,-0.211182,0.762695
0.016357,0.123291,1.009766
0.203735,-0.409180,0.844238
-0.571777,0.155151,0.767456
0.469849,-0.245850,0.992554
-0.258301,-0.210571,0.783813
-0.061035,0.145874,0.985596
0.266602,-0.416382,0.870361
-0.572021,0.128174,0.752808
0.443115,-0.197876,1.003296
-0.184448,-0.273315,0.787354
-0.112061,0.151978,0.969116
0.317139,-0.409546,0.897705
-0.572021,0.113159,0.760010
0.417236,-0.146240,1.014893
-0.110229,-0.340332,0.780762
-0.184448,0.166626,0.946289
0.366333,-0.418945,0.910156
-0.555298,0.070190,0.767456
0.377075,-0.103760,1.011719
-0.064941,-0.349243,0.780029
-0.241577,0.158081,0.912720
0.403198,-0.409912,0.926270
-0.536987,0.003540,0.751343
0.322510,-0.060425,1.012817
-0.016479,-0.385620,0.773804
-0.302002,0.155396,0.890503
0.434937,-0.401001,0.945068
-0.512451,-0.060181,0.747925
0.265137,-0.038940,1.000854
0.026733,-0.410400,0.762207
-0.353149,0.131348,0.856079
0.456055,-0.384399,0.953613
-0.484009,-0.107910,0.746704
0.208130,0.003052,1.009155
0.067383,-0.409912,0.778809
-0.407349,0.125732,0.819946
0.478760,-0.360718,0.972168
-0.445679,-0.162476,0.739258
0.141724,0.043701,1.012329
0.107544,-0.421265,0.796387
-0.456787,0.130493,0.804443
0.487915,-0.339844,0.988403
-0.391235,-0.211060,0.747437
0.073242,0.082764,1.013184
0.186768,-0.438354,0.830811
-0.494873,0.095825,0.772705
0.492920,-0.305176,1.004761
-0.327026,-0.216797,0.778564
0.001831,0.112305,1.008057
0.249878,-0.444702,0.860107
-0.516357,0.065186,0.751587
0.467285,-0.264648,1.019897
-0.253784,-0.243286,0.799316
-0.058716,0.128418,1.002319
0.304443,-0.447021,0.887817
-0.528931,0.047607,0.759521
0.442871,-0.212036,1.034424
-0.168091,-0.282959,0.805176
-0.117554,0.145020,0.988525
0.354370,-0.439575,0.918335
-0.522339,0.044922,0.769043
0.414307,-0.164185,1.040894
-0.093384,-0.323120,0.808716
-0.172485,0.159180,0.977173
0.408691,-0.439819,0.947388
-0.515381,-0.000366,0.754028
0.372925,-0.105103,1.039307
-0.001465,-0.372681,0.815918
-0.229248,0.168457,0.955566
0.448853,-0.427124,0.963135
-0.491577,-0.068359,0.757202
0.326660,-0.070312,1.041626
0.048584,-0.430908,0.812012
-0.286621,0.171631,0.928345
0.487549,-0.398438,0.997314
-0.464600,-0.113403,0.757935
0.268433,-0.027344,1.042236
0.083130,-0.422119,0.820312
-0.333130,0.143311,0.904297
0.508423,-0.360718,1.015381
-0.419922,-0.156250,0.771118
0.210083,0.013306,1.048950
0.132568,-0.424561,0.843872
-0.382446,0.140381,0.880249
0.523804,-0.330811,1.037964
-0.369263,-0.206787,0.781616
0.146851,0.057861,1.042358
0.202271,-0.436035,0.871460
-0.409424,0.091064,0.838989
0.530640,-0.292603,1.056763
-0.320312,-0.227783,0.785034
0.080200,0.098877,1.045898
0.272827,-0.448608,0.898071
-0.441772,0.053833,0.801270
0.517578,-0.246094,1.073608
-0.248169,-0.234253,0.814819
0.015137,0.136353,1.051270
0.338501,-0.456177,0.926270
-0.466919,0.055054,0.807251
0.491333,-0.208374,1.078613
-0.180176,-0.244019,0.841797
-0.043091,0.156616,1.051880
0.392700,-0.435303,0.969604
-0.476929,0.048340,0.813721
0.471069,-0.153320,1.093872
-0.092529,-0.285278,0.859619
-0.101807,0.177124,1.042725
0.435791,-0.421265,0.991943
-0.466553,0.004761,0.806152
0.447510,-0.110718,1.111450
-0.013550,-0.340210,0.858887
-0.157837,0.191895,1.040039
0.474365,-0.400024,1.026733
-0.452515,-0.131592,0.754028
0.259766,-0.016479,1.041504
0.056763,-0.380859,0.877563
-0.357178,0.161621,0.906494
0.509888,-0.368652,1.015625
-0.417969,-0.168457,0.759033
0.208130,0.019165,1.046997
0.133423,-0.418823,0.845093
-0.390381,0.149780,0.883301
0.520630,-0.324829,1.040771
-0.381592,-0.194458,0.773804
0.143555,0.056030,1.052856
0.205444,-0.448242,0.866089
-0.420776,0.097656,0.837280
0.524170,-0.293091,1.052002
-0.333618,-0.219971,0.779541
0.103149,0.081299,1.053345
0.256592,-0.458252,0.885132
-0.446533,0.076416,0.815918
0.522705,-0.260376,1.063110
-0.271729,-0.231567,0.802856
0.044312,0.111206,1.054565
0.318970,-0.471680,0.914185
-0.460571,0.058594,0.806763
0.504028,-0.230835,1.077515
-0.221313,-0.249756,0.829224
0.000244,0.134888,1.057129
0.356567,-0.441040,0.945923
-0.469604,0.060791,0.818970
0.495117,-0.192871,1.093994
-0.159424,-0.252808,0.842285
-0.054199,0.167114,1.053833
0.399902,-0.428223,0.970825
-0.468628,0.030273,0.812500
0.477783,-0.148560,1.108032
-0.085083,-0.286743,0.866089
-0.104004,0.193481,1.053833
0.441406,-0.422119,0.995605
-0.453247,-0.023071,0.816040
0.451538,-0.108032,1.124390
-0.001709,-0.337036,0.872070
-0.155640,0.209229,1.051392
0.478638,-0.400757,1.027466
-0.445435,-0.041016,0.805298
0.420288,-0.067017,1.128052
0.051514,-0.371582,0.872559
-0.187866,0.217896,1.036865
0.503174,-0.365356,1.046265
-0.439941,-0.072754,0.799683
0.392212,-0.048462,1.126221
0.068726,-0.368896,0.887085
-0.227905,0.201660,1.025757
0.522339,-0.335083,1.069336
-0.411255,-0.119385,0.791992
0.347168,-0.012451,1.129150
0.098145,-0.366577,0.906616
-0.277588,0.209229,1.015259
0.554443,-0.317383,1.102539
-0.375854,-0.137329,0.809937
0.309448,0.027222,1.128418
0.159180,-0.382812,0.919312
-0.303223,0.175781,0.971802
0.571777,-0.285522,1.116699
-0.352295,-0.177612,0.808594
0.255493,0.061401,1.130005
0.211670,-0.406860,0.932861
-0.338867,0.138916,0.933105
0.581421,-0.275146,1.123291
-0.313354,-0.212402,0.825928
0.202637,0.088623,1.120239
0.268066,-0.408691,0.947998
-0.367188,0.104370,0.899048
0.576904,-0.244141,1.138916
-0.269409,-0.228882,0.834961
0.140259,0.117676,1.116455
0.310181,-0.418945,0.967407
-0.394897,0.094727,0.886597
0.568970,-0.210327,1.135620
-0.231323,-0.241943,0.853149
0.086792,0.148926,1.110107
0.355225,-0.417358,0.987183
-0.408569,0.090088,0.882935
0.554810,-0.183228,1.155518
-0.177246,-0.252930,0.868530
0.025879,0.170044,1.103760
0.390015,-0.394043,1.011597
-0.423828,0.059570,0.878418
0.543823,-0.148193,1.163452
-0.108032,-0.287964,0.883667
-0.031982,0.192017,1.101318
0.422974,-0.377563,1.027222
-0.430786,0.020996,0.858765
0.521973,-0.110840,1.175293
-0.033813,-0.328979,0.884033
-0.090942,0.202759,1.093262
0.455566,-0.374390,1.042236
-0.434937,0.006470,0.856079
0.503418,-0.093750,1.173828
-0.020508,-0.321655,0.877441
-0.134155,0.210815,1.080444
0.475098,-0.342407,1.072388
-0.439697,-0.027100,0.845947
0.458984,-0.056519,1.176025
-0.002808,-0.334106,0.873657
-0.191528,0.218140,1.073486
0.510498,-0.329468,1.084595
-0.426636,-0.071655,0.815552
0.409424,-0.023926,1.175293
0.037598,-0.328247,0.901978
-0.244629,0.206299,1.038208
0.533203,-0.299316,1.106323
-0.406494,-0.125244,0.798828
0.352905,0.015503,1.165405
0.086304,-0.340576,0.906372
-0.288574,0.189209,0.996338
0.552490,-0.287231,1.117554
-0.371338,-0.176392,0.801514
0.285767,0.045288,1.150513
0.145386,-0.390503,0.910889
-0.337524,0.153320,0.939575
0.562988,-0.283569,1.114624
-0.340942,-0.219238,0.799561
0.220215,0.072754,1.137573
0.195312,-0.401978,0.914307
-0.391479,0.142944,0.915527
0.557007,-0.262939,1.111450
-0.309570,-0.239258,0.810913
0.148926,0.087402,1.112183
0.241211,-0.382690,0.932983
-0.426392,0.114990,0.880493
0.557861,-0.234497,1.116211
-0.273560,-0.263428,0.811401
0.086060,0.108643,1.100830
0.281006,-0.380127,0.950806
-0.445801,0.078247,0.865479
0.541138,-0.217773,1.115723
-0.212158,-0.289429,0.824341
0.017700,0.119629,1.077148
0.312744,-0.369629,0.959961
-0.458618,0.049927,0.843262
0.522583,-0.180664,1.118408
-0.157227,-0.307861,0.819824
-0.042480,0.137207,1.059448
0.350586,-0.362793,0.965332
-0.471558,0.012939,0.811035
0.490845,-0.147583,1.128052
-0.132935,-0.322144,0.806519
-0.121338,0.165405,1.031860
0.386108,-0.360962,0.989380
-0.483887,-0.021240,0.796387
0.453857,-0.125000,1.125000
-0.121338,-0.320068,0.800293
-0.192993,0.191040,1.020874
0.416016,-0.345337,1.007690
-0.490234,-0.055664,0.776001
0.411133,-0.093994,1.120728
-0.092285,-0.327759,0.812134
-0.263184,0.213013,1.010376
0.445923,-0.339844,1.022949
-0.492920,-0.080078,0.768066
0.352173,-0.061279,1.111938
-0.053955,-0.311157,0.834717
-0.310669,0.187866,0.957520
0.467651,-0.336304,1.029663
-0.472534,-0.114624,0.748169
0.302246,-0.026611,1.110596
-0.014404,-0.358154,0.821655
-0.367432,0.163818,0.921021
0.475708,-0.326660,1.034912
-0.440552,-0.153687,0.741455
0.235718,0.013550,1.093506
0.034424,-0.375000,0.832520
-0.416504,0.161865,0.892944
0.480225,-0.288940,1.045776
-0.437988,-0.186279,0.731445
0.174072,0.041748,1.078735
0.089722,-0.399048,0.847900
-0.464478,0.151733,0.865967
0.479492,-0.280396,1.045776
-0.418091,-0.212891,0.740112
0.104370,0.074341,1.057007
0.136597,-0.394043,0.858276
-0.504639,0.136841,0.848511
0.483276,-0.276855,1.043823
-0.354858,-0.233643,0.765991
0.031372,0.088989,1.040527
0.184326,-0.403076,0.867188
-0.525391,0.116211,0.826660
0.463135,-0.255127,1.039917
-0.302612,-0.282715,0.743286
-0.028320,0.110718,1.023682
0.233032,-0.389893,0.881348
-0.549316,0.091187,0.799316
0.455688,-0.230347,1.046875
-0.267334,-0.302246,0.738647
-0.098022,0.129395,1.002075
0.278687,-0.401123,0.896851
-0.563965,0.065063,0.782837
0.431885,-0.197998,1.044556
-0.224854,-0.308960,0.730591
-0.167725,0.154541,0.982910
0.318481,-0.393066,0.904175
-0.571777,0.041626,0.768066
0.403320,-0.164551,1.047119
-0.205322,-0.311157,0.735474
-0.252930,0.170044,0.962402
0.350220,-0.390015,0.928711
-0.567383,0.009521,0.752686
0.359253,-0.119873,1.045288
-0.175903,-0.317627,0.744263
-0.302002,0.165527,0.920166
0.377319,-0.375854,0.937256
-0.562134,-0.043091,0.729004
0.299316,-0.083496,1.038696
-0.132080,-0.333496,0.755981
-0.369141,0.186646,0.895020
0.396729,-0.366821,0.953125
-0.534180,-0.073975,0.716187
0.240723,-0.027466,1.035034
-0.077881,-0.356812,0.770142
-0.433472,0.190308,0.885864
0.414062,-0.348511,0.961304
-0.515259,-0.127808,0.692627
0.175049,0.022217,1.027588
-0.018188,-0.373169,0.781738
-0.486206,0.211426,0.863159
0.433838,-0.311890,0.984253
-0.483276,-0.183472,0.692139
0.113037,0.054077,1.024414
0.046753,-0.399902,0.798950
-0.532959,0.225098,0.858887
0.443481,-0.287720,0.984497
-0.433472,-0.218506,0.709473
0.056641,0.085449,1.015015
0.105591,-0.411499,0.820557
-0.565796,0.194458,0.821777
0.437744,-0.268188,0.984375
-0.356812,-0.229858,0.733887
-0.009766,0.109009,1.008423
0.176147,-0.427734,0.836914
-0.590454,0.183228,0.800171
0.427612,-0.237915,0.995361
-0.295898,-0.284424,0.717651
-0.071411,0.133423,0.991821
0.235352,-0.426392,0.851318
-0.612183,0.158691,0.790649
0.421021,-0.201782,0.998779
-0.242065,-0.326782,0.708984
-0.142700,0.159790,0.972778
0.285889,-0.403809,0.886963
-0.603638,0.119873,0.769775
0.403320,-0.162109,1.011841
-0.205078,-0.321777,0.710327
-0.211060,0.167603,0.937622
0.335449,-0.390625,0.899048
-0.596924,0.093750,0.753784
0.368896,-0.117310,1.008911
-0.164429,-0.330933,0.721680
-0.279663,0.176880,0.910278
0.376343,-0.378906,0.916138
-0.577271,0.042603,0.736938
0.314453,-0.072754,1.005737
-0.113403,-0.353638,0.739136
-0.344727,0.187744,0.882080
0.398193,-0.357788,0.934692
-0.548828,-0.022217,0.720703
0.249268,-0.009033,1.006104
-0.066528,-0.378784,0.742920
-0.402222,0.196289,0.863525
0.421021,-0.340454,0.956543
-0.528931,-0.072876,0.710327
0.184448,0.031372,1.006348
-0.014893,-0.394043,0.761841
-0.462280,0.218750,0.859741
0.436401,-0.306641,0.957520
-0.487793,-0.114014,0.722900
0.133667,0.071045,1.012451
0.039307,-0.380249,0.784546
-0.508545,0.226685,0.847168
0.445435,-0.285889,0.980103
-0.432861,-0.168701,0.729248
0.085571,0.111694,1.025024
0.097534,-0.390625,0.806030
-0.540405,0.220459,0.822266
0.453979,-0.251465,0.991333
-0.361206,-0.184692,0.749878
0.027954,0.128784,1.015625
0.164307,-0.395386,0.827637
-0.576782,0.213135,0.808350
0.455078,-0.233154,0.994141
-0.297363,-0.223145,0.754395
-0.036621,0.153442,1.000366
0.227051,-0.396484,0.860718
-0.597290,0.176514,0.785645
0.444580,-0.199097,1.005859
-0.229492,-0.270020,0.752319
-0.103638,0.179932,0.979736
0.290894,-0.393433,0.885864
-0.594116,0.160034,0.778687
0.429688,-0.168823,1.012695
-0.171387,-0.284912,0.753784
-0.161133,0.166382,0.942627
0.335815,-0.391479,0.891113
-0.580200,0.113281,0.769897
0.395264,-0.117554,1.017090
-0.113159,-0.328247,0.765991
-0.227173,0.170288,0.909302
0.374390,-0.380371,0.917236
-0.564331,0.064087,0.752319
0.351440,-0.065430,1.004150
-0.066772,-0.353271,0.764648
-0.281616,0.177734,0.873291
0.403564,-0.359375,0.938721
-0.545288,-0.012573,0.727539
0.291016,-0.022827,1.006348
-0.020874,-0.391113,0.749390
-0.347900,0.178589,0.855713
0.424072,-0.341675,0.947144
-0.524780,-0.060791,0.720459
0.224976,0.011108,1.005615
0.027222,-0.415527,0.756104
-0.406860,0.189575,0.839233
0.452026,-0.324829,0.952759
-0.493042,-0.098267,0.730957
0.163086,0.047485,1.015991
0.067505,-0.434204,0.773315
-0.454346,0.184082,0.822388
0.459106,-0.304077,0.975952
-0.450562,-0.139282,0.742676
0.114502,0.080566,1.020996
0.120239,-0.435059,0.798096
-0.506104,0.186401,0.802124
0.462402,-0.271973,0.979492
-0.395142,-0.133057,0.758911
0.055298,0.112061,1.019897
0.183838,-0.438477,0.827515
-0.543579,0.164185,0.782104
0.466797,-0.248291,0.988159
-0.327026,-0.197876,0.766602
-0.010620,0.139893,1.006592
0.242188,-0.447388,0.851562
-0.561646,0.124146,0.763550
0.451294,-0.215820,1.001587
-0.252808,-0.219238,0.773193
-0.085205,0.174561,0.989380
0.294434,-0.450317,0.881226
-0.558105,0.092041,0.759399
0.432373,-0.190674,1.007935
-0.184937,-0.231812,0.792725
-0.130371,0.161499,0.961426
0.334229,-0.424194,0.906006
-0.561401,0.066162,0.762329
0.406128,-0.150513,1.022095
-0.119995,-0.302856,0.787354
-0.182373,0.163574,0.945068
0.376221,-0.421021,0.915283
-0.545044,0.035278,0.764893
0.375977,-0.123291,1.013184
-0.065552,-0.356812,0.778320
-0.240479,0.165527,0.919189
0.407104,-0.401489,0.939453
-0.517212,-0.037109,0.750977
0.328247,-0.092529,1.002075
-0.022583,-0.396118,0.778076
-0.291260,0.156738,0.888184
0.441406,-0.394531,0.953735
-0.504883,-0.076782,0.750000
0.288452,-0.053955,1.014160
0.023804,-0.418945,0.776978
-0.341431,0.145630,0.862183
0.462036,-0.369995,0.971191
-0.481567,-0.129028,0.742554
0.233154,-0.021851,1.011841
0.064453,-0.435181,0.780396
-0.383545,0.141724,0.840942
0.481323,-0.363037,0.975220
-0.458374,-0.148682,0.743896
0.190186,0.011841,1.014038
0.097290,-0.435913,0.798096
-0.420288,0.125000,0.819092
0.476196,-0.340454,0.989380
-0.421509,-0.171509,0.749023
0.147583,0.025635,1.015625
0.133667,-0.440063,0.818481
-0.454468,0.119995,0.814087
0.497803,-0.326172,0.996582
-0.391724,-0.205322,0.739990
0.095215,0.062134,1.021606
0.188721,-0.462524,0.826294
-0.471802,0.106567,0.794434
0.502808,-0.298828,1.014282
-0.344360,-0.233154,0.755981
0.045898,0.094604,1.028320
0.245972,-0.484009,0.847900
-0.496704,0.074097,0.771606
0.496460,-0.291382,1.026611
-0.288330,-0.233521,0.786133
-0.004639,0.122681,1.021484
0.277466,-0.480103,0.871704
-0.502808,0.067383,0.770386
0.482422,-0.273315,1.030884
-0.241089,-0.250488,0.805664
-0.055908,0.138306,1.014160
0.324097,-0.468140,0.900879
-0.502808,0.047974,0.782471
0.459106,-0.216309,1.046997
-0.182251,-0.259277,0.818970
-0.086914,0.144897,1.009888
0.359497,-0.459106,0.916504
-0.509521,0.050903,0.790039
0.452637,-0.184082,1.064331
-0.114502,-0.285156,0.832764
-0.120605,0.160767,1.010010
0.388916,-0.444702,0.949951
-0.504639,0.024780,0.783325
0.439209,-0.148071,1.073242
-0.057617,-0.330811,0.828491
-0.153931,0.175781,1.011475
0.426025,-0.427856,0.969238
-0.487427,-0.000122,0.790283
0.413330,-0.111938,1.073975
0.000732,-0.366089,0.831177
-0.191650,0.189087,0.995483
0.457153,-0.406494,0.995728
-0.471436,-0.061890,0.787476
0.388184,-0.081299,1.085083
0.041626,-0.381592,0.848389
-0.233154,0.184814,0.983398
0.487549,-0.384521,1.030396
-0.441406,-0.116211,0.775879
0.342651,-0.054932,1.081299
0.072876,-0.386108,0.852905
-0.261475,0.174805,0.976196
0.503906,-0.360962,1.034058
-0.417236,-0.130737,0.783203
0.309326,-0.031128,1.082520
0.089844,-0.380615,0.863770
-0.295776,0.171631,0.958008
0.529541,-0.322388,1.070068
-0.393066,-0.166138,0.787354
0.274414,0.004395,1.086792
0.129150,-0.392212,0.882690
-0.326172,0.167236,0.937988
0.554443,-0.307007,1.091675
-0.366089,-0.193237,0.791260
0.224854,0.044434,1.094727
0.191284,-0.413086,0.901367
-0.354004,0.134888,0.907593
0.567749,-0.284912,1.103149
-0.330078,-0.206787,0.807617
0.185303,0.063354,1.089111
0.239380,-0.429565,0.917969
-0.379272,0.116333,0.880737
0.567749,-0.275391,1.102173
-0.292236,-0.222290,0.818604
0.141479,0.086304,1.098877
0.289551,-0.449097,0.933716
-0.403931,0.095581,0.865112
0.557861,-0.250732,1.105713
-0.252197,-0.230591,0.829712
0.102539,0.124634,1.100586
0.334229,-0.442017,0.963745
-0.428711,0.099854,0.853638
0.551147,-0.218872,1.123047
-0.211914,-0.235718,0.847900
0.061035,0.143555,1.106323
0.371460,-0.435791,0.984131
-0.445435,0.095093,0.846436
0.540527,-0.180298,1.130127
-0.165039,-0.250000,0.865601
0.004150,0.179810,1.112183
0.413818,-0.431763,1.002686
-0.445435,0.068970,0.846313
0.527466,-0.153564,1.132935
-0.113403,-0.263062,0.870728
-0.036499,0.202271,1.112061
0.440308,-0.408569,1.017456
-0.443848,0.039062,0.854614
0.506348,-0.117065,1.149170
-0.054932,-0.296021,0.885376
-0.075806,0.202026,1.102417
0.467529,-0.384277,1.047974
-0.433960,0.011841,0.848633
0.489746,-0.087158,1.160767
0.002319,-0.330200,0.897095
-0.118774,0.202026,1.078125
0.487671,-0.359863,1.059570
-0.437988,-0.017090,0.835083
0.463013,-0.055176,1.169067
0.006958,-0.331421,0.884766
-0.166382,0.221436,1.069336
0.518311,-0.348389,1.087524
-0.428833,-0.052734,0.823242
0.429810,-0.024536,1.174072
0.030029,-0.321533,0.896484
-0.214111,0.216919,1.053955
0.545654,-0.318726,1.107666
-0.410522,-0.098145,0.810547
0.389893,0.000488,1.166260
0.079346,-0.323975,0.911987
-0.258057,0.207642,1.025391
0.565918,-0.305298,1.128662
-0.375122,-0.158936,0.817261
0.338013,0.031372,1.158325
0.127319,-0.347290,0.917603
-0.301025,0.171265,0.975952
0.578979,-0.284668,1.129761
-0.343872,-0.208984,0.813721
0.267456,0.056519,1.145020
0.181274,-0.380859,0.920166
-0.338501,0.145508,0.936523
0.572388,-0.268921,1.124023
-0.311768,-0.246704,0.816772
0.204346,0.071899,1.132324
0.234375,-0.403564,0.942017
-0.388550,0.136963,0.904419
0.570312,-0.243774,1.133911
-0.276123,-0.266602,0.826782
0.140259,0.098145,1.116211
0.277588,-0.401733,0.954956
-0.409180,0.109863,0.876831
0.553467,-0.205933,1.133911
-0.239014,-0.275635,0.832520
0.078735,0.116211,1.102539
0.318481,-0.395386,0.973755
-0.439209,0.091675,0.861572
0.548950,-0.177979,1.139160
-0.174316,-0.290771,0.840210
0.017822,0.140869,1.094604
0.349121,-0.384399,0.975708
-0.454956,0.061035,0.844116
0.527710,-0.155640,1.146973
-0.110596,-0.318237,0.841553
-0.044556,0.149414,1.078491
0.384766,-0.380737,0.984497
-0.458740,0.014282,0.836060
0.499023,-0.128540,1.148682
-0.102905,-0.320557,0.817383
-0.113892,0.171997,1.059570
0.425293,-0.381958,1.004150
-0.474731,0.001953,0.830322
0.467163,-0.089966,1.160645
-0.090942,-0.326538,0.810425
-0.190796,0.198120,1.041260
0.461060,-0.364868,1.020630
-0.479736,-0.029907,0.807983
0.424316,-0.057251,1.147949
-0.065430,-0.299561,0.835449
-0.252319,0.209961,1.017456
0.485962,-0.351074,1.049316
-0.464844,-0.086060,0.787842
0.366211,-0.032471,1.136719
-0.026123,-0.306152,0.847168
-0.305054,0.170166,0.964111
0.497314,-0.332764,1.056396
-0.439941,-0.140381,0.770874
0.301514,-0.015259,1.117554
0.032471,-0.332886,0.856445
-0.354736,0.164673,0.923828
0.497681,-0.308105,1.053955
-0.405884,-0.199341,0.771362
0.231323,0.025879,1.106689
0.087158,-0.362183,0.864502
0.156616,0.047974,1.078735
-0.355591,-0.260498,0.770996
0.069946,0.070801,1.061646
0.196289,-0.397095,0.880981
-0.490356,0.113281,0.825439
0.485107,-0.221069,1.060059
-0.272461,-0.297607,0.779663
0.013306,0.100952,1.046631
0.243164,-0.415771,0.892456
-0.515747,0.086792,0.805176
0.470459,-0.209839,1.063599
-0.237427,-0.299561,0.769165
-0.065063,0.122437,1.026611
0.285522,-0.423584,0.900024
-0.535278,0.045898,0.777954
0.454956,-0.186646,1.066772
-0.215576,-0.280884,0.754395
-0.144531,0.142456,1.004150
0.334839,-0.411377,0.919312
-0.541138,0.027222,0.779297
0.410522,-0.139648,1.071777
-0.197388,-0.283325,0.749146
-0.211548,0.159424,0.983521
0.366455,-0.388428,0.947144
-0.547363,-0.016602,0.756592
0.365112,-0.111572,1.065796
-0.161255,-0.298218,0.766479
-0.288940,0.175537,0.949341
0.389893,-0.371094,0.961548
-0.540161,-0.063232,0.730713
0.309570,-0.070557,1.062378
-0.125366,-0.316040,0.775757
-0.360352,0.178833,0.920898
0.416748,-0.354248,0.975708
-0.521851,-0.107910,0.715210
0.246338,-0.017822,1.060303
-0.067627,-0.363892,0.778320
-0.426270,0.182007,0.885742
0.430542,-0.348999,0.977661
-0.494263,-0.149170,0.708618
0.176147,0.022827,1.049194
0.002197,-0.376709,0.796875
-0.487549,0.201050,0.870850
0.443604,-0.311157,1.001343
-0.468140,-0.190796,0.714600
0.105225,0.071045,1.029541
0.070312,-0.389160,0.816895
-0.529419,0.191406,0.846313
0.447632,-0.280396,1.007080
-0.413086,-0.240845,0.715454
0.043335,0.091675,1.032227
0.134033,-0.414551,0.824219
-0.563477,0.167236,0.818481
0.444946,-0.258667,1.014526
-0.328735,-0.261353,0.732422
-0.025635,0.110474,1.005737
0.194336,-0.420166,0.843506
-0.580078,0.139893,0.786499
0.425781,-0.230103,0.998779
-0.276367,-0.280884,0.726562
-0.094238,0.121826,0.979126
0.248291,-0.429932,0.861572
-0.597046,0.123535,0.770630
0.418457,-0.197266,1.014648
-0.226562,-0.320068,0.706543
-0.171265,0.154541,0.976074
0.298340,-0.425537,0.880371
-0.607666,0.095825,0.759277
0.390137,-0.169067,1.015015
-0.192505,-0.314453,0.715210
-0.234741,0.163818,0.942261
0.331543,-0.409668,0.894897
-0.592773,0.046631,0.742920
0.360596,-0.119995,1.014038
-0.168701,-0.312988,0.730103
-0.297119,0.192627,0.921875
0.369141,-0.406982,0.912964
-0.580811,0.010376,0.730225
0.302612,-0.066650,1.013062
-0.124390,-0.331787,0.735474
-0.363037,0.199707,0.896118
0.393677,-0.367432,0.931519
-0.561035,-0.041016,0.714355
0.239868,-0.023193,1.007690
-0.079834,-0.365845,0.751465
-0.422974,0.202026,0.873169
0.408813,-0.335693,0.949951
-0.533447,-0.091064,0.702026
0.175903,0.018555,0.999756
-0.017212,-0.354980,0.776001
-0.469971,0.215942,0.864502
0.418091,-0.302979,0.971069
-0.487549,-0.151855,0.711792
0.116699,0.063965,1.014893
0.036865,-0.360229,0.798828
-0.511230,0.232422,0.849731
0.432495,-0.262207,0.983398
-0.422729,-0.181519,0.730591
0.065796,0.104126,1.020264
0.104126,-0.389038,0.808960
-0.559082,0.219971,0.816895
0.442749,-0.236084,0.991333
-0.263184,-0.304565,0.709961
-0.114380,0.134033,0.982788
0.263184,-0.419556,0.867676
-0.605103,0.112549,0.763428
0.413696,-0.172852,1.020752
-0.224243,-0.343994,0.700562
-0.187622,0.163330,0.970581
0.310669,-0.415161,0.888428
-0.612183,0.085449,0.754150
0.383667,-0.142578,1.019287
-0.188110,-0.323120,0.716553
-0.252686,0.170654,0.932983
0.347168,-0.405396,0.895142
-0.592896,0.046997,0.744751
0.335938,-0.096069,1.016968
-0.151245,-0.351562,0.720459
-0.317017,0.190918,0.904663
0.382690,-0.393433,0.915649
-0.577148,0.018311,0.727051
0.283813,-0.049561,1.014648
-0.111816,-0.356812,0.740601
-0.384033,0.211792,0.895142
0.401978,-0.348389,0.942139
-0.550781,-0.053467,0.703979
0.217285,-0.008301,1.010742
-0.064087,-0.378418,0.761841
-0.438232,0.220459,0.878784
0.419434,-0.318970,0.961304
-0.519531,-0.093750,0.715088
0.152832,0.033813,1.008911
-0.004883,-0.387207,0.772827
-0.494385,0.228027,0.855469
0.425415,-0.289185,0.973267
-0.474976,-0.134277,0.715088
0.106323,0.090454,1.018921
0.058105,-0.405151,0.789795
-0.536499,0.238647,0.843262
0.447754,-0.275391,0.984131
-0.419189,-0.159058,0.735962
0.056519,0.105225,1.018433
0.119873,-0.412842,0.813110
-0.566528,0.209106,0.822510
0.445435,-0.246826,0.992432
-0.345337,-0.203857,0.741455
0.015259,0.134644,1.006226
0.179688,-0.410278,0.832031
-0.590332,0.199585,0.800171
0.439697,-0.220215,0.993774
-0.287720,-0.243774,0.744263
-0.044067,0.152466,0.994995
0.243286,-0.398193,0.860107
-0.596924,0.168945,0.787476
0.426025,-0.186890,1.003174
-0.237915,-0.270996,0.737061
-0.097168,0.168091,0.971680
0.288330,-0.386841,0.878418
-0.606689,0.153809,0.775513
0.417725,-0.161011,1.007935
-0.184204,-0.298828,0.737915
-0.162231,0.171631,0.939941
0.327026,-0.376221,0.896484
-0.587891,0.109253,0.761841
0.390991,-0.116577,1.014526
-0.135376,-0.332642,0.739624
-0.225464,0.186401,0.911865
0.364014,-0.370483,0.906250
-0.571289,0.081421,0.759521
0.349976,-0.076904,1.013916
-0.090698,-0.357788,0.743774
-0.285645,0.186401,0.884766
0.391602,-0.353638,0.930786
-0.551025,0.016357,0.734741
0.310791,-0.034424,1.015625
-0.051514,-0.388794,0.748291
-0.339600,0.188232,0.860107
0.419678,-0.337769,0.942017
-0.530151,-0.036743,0.723022
0.256104,-0.000122,1.003052
-0.006226,-0.380859,0.758789
-0.384766,0.191284,0.853638
0.435913,-0.339111,0.942505
-0.505737,-0.076416,0.723999
0.201538,0.032227,1.009399
0.028931,-0.406494,0.762207
-0.437012,0.196289,0.834473
0.450562,-0.317383,0.963867
-0.471069,-0.112183,0.730591
0.151978,0.065308,1.018433
0.076782,-0.421753,0.782104
-0.491089,0.193970,0.819458
0.464111,-0.285278,0.979004
-0.436768,-0.123047,0.746216
0.109009,0.083740,1.023315
0.118408,-0.420410,0.796631
-0.529663,0.193848,0.802368
0.468140,-0.268188,0.982666
-0.389038,-0.164551,0.753906
0.052856,0.121704,1.021729
0.174561,-0.419556,0.817139
-0.551636,0.165771,0.784668
0.465820,-0.255127,0.982544
-0.336182,-0.196289,0.753418
0.003052,0.130615,1.007690
0.229614,-0.436157,0.851440
-0.562866,0.138428,0.767578
0.456787,-0.239624,1.000977
-0.277344,-0.204590,0.770508
-0.047729,0.144409,0.981445
0.275024,-0.438599,0.855469
-0.568115,0.117920,0.764526
0.443848,-0.206787,0.999756
-0.211792,-0.255005,0.778198
-0.109985,0.153320,0.969360
0.314087,-0.439331,0.886230
-0.565552,0.094727,0.771729
0.421997,-0.177368,1.014404
-0.149048,-0.280029,0.787231
-0.159058,0.157227,0.947998
0.350830,-0.417725,0.903687
-0.561768,0.060181,0.767578
0.395508,-0.129395,1.018677
-0.094849,-0.328247,0.785767
-0.213135,0.155396,0.921021
0.385498,-0.406738,0.927734
-0.537964,0.011108,0.764282
0.355469,-0.092407,1.019165
-0.036011,-0.373779,0.777344
-0.275146,0.172363,0.892578
0.420532,-0.393677,0.936646
-0.514771,-0.054810,0.739990
0.298584,-0.062866,1.005493
0.019653,-0.411743,0.779419
-0.328125,0.158325,0.873169
0.444336,-0.382324,0.946777
-0.492432,-0.097046,0.738037
0.241943,-0.021973,1.016113
0.059082,-0.431885,0.783325
-0.374146,0.147217,0.843262
0.467529,-0.366455,0.963013
-0.473145,-0.136841,0.732544
0.197998,-0.003296,1.015747
0.090332,-0.454712,0.786987
-0.409302,0.142944,0.834106
0.478394,-0.332031,0.989380
-0.436890,-0.168823,0.742920
0.142456,0.035889,1.019409
0.128052,-0.462158,0.790649
-0.450684,0.135864,0.820190
0.487427,-0.327026,0.991211
-0.396118,-0.198608,0.749390
0.087769,0.067627,1.015381
0.184814,-0.469116,0.818970
-0.483765,0.126343,0.803345
0.488892,-0.308960,1.000610
-0.353760,-0.222412,0.753174
0.038940,0.086182,1.014038
0.242676,-0.486206,0.841919
-0.502808,0.092163,0.769287
0.489502,-0.283325,1.010864
-0.301392,-0.218506,0.776001
-0.010376,0.115356,1.017090
0.287964,-0.494263,0.864502
-0.509888,0.067505,0.762573
0.471924,-0.256104,1.020996
-0.243652,-0.211304,0.803101
-0.056641,0.141724,1.014771
0.329224,-0.482300,0.889282
-0.512207,0.054688,0.774780
0.455933,-0.225464,1.033936
-0.198853,-0.233398,0.813232
-0.094849,0.143188,1.010132
0.363037,-0.473877,0.917480
-0.513672,0.055176,0.779663
0.443970,-0.183472,1.051880
-0.130615,-0.276245,0.826294
-0.136841,0.159668,1.002197
0.394897,-0.447388,0.943848
-0.506714,0.014771,0.776123
0.426758,-0.138916,1.050903
-0.073120,-0.302490,0.834473
-0.171509,0.163940,0.994385
0.422852,-0.431519,0.963745
-0.482544,-0.039917,0.772583
0.402710,-0.111816,1.064575
-0.012817,-0.345459,0.837646
-0.209595,0.176392,0.985962
0.453613,-0.417603,0.980469
-0.461548,-0.077148,0.779053
0.368286,-0.073975,1.074341
0.042236,-0.373413,0.847778
-0.233276,0.176514,0.971680
0.476562,-0.394653,1.010620
-0.440430,-0.107910,0.765015
0.342529,-0.050781,1.079834
0.074951,-0.388550,0.859497
-0.273804,0.168945,0.962402
0.499023,-0.358887,1.032959
-0.417847,-0.145752,0.774536
0.307739,-0.015869,1.082642
0.094971,-0.385864,0.867188
-0.301758,0.184814,0.959351
0.520996,-0.332764,1.057251
-0.401123,-0.171875,0.773560
0.271362,0.010864,1.090576
0.119629,-0.389282,0.876465
-0.336060,0.190552,0.948120
0.547485,-0.322021,1.072632
-0.380249,-0.181885,0.777954
0.230835,0.036865,1.087036
0.180176,-0.420044,0.896362
-0.351440,0.159058,0.919434
0.564331,-0.298706,1.092285
-0.351685,-0.212036,0.781494
0.195557,0.060913,1.089233
0.223633,-0.446167,0.902100
-0.371582,0.129395,0.903198
0.564453,-0.288452,1.097168
-0.323242,-0.200684,0.805054
0.164429,0.083740,1.096558
0.264893,-0.454468,0.916992
-0.394409,0.100464,0.878540
0.563721,-0.267212,1.100830
-0.293213,-0.216675,0.812256
0.126953,0.110352,1.094849
0.308716,-0.461914,0.927612
-0.410034,0.099609,0.868286
0.557983,-0.246460,1.101807
-0.258789,-0.222778,0.833374
0.087036,0.125732,1.092651
0.339111,-0.457520,0.953491
-0.422974,0.091064,0.862183
0.556763,-0.220215,1.113281
-0.222412,-0.227051,0.843384
0.049194,0.151123,1.092896
0.371826,-0.431885,0.982056
-0.432373,0.092529,0.867432
0.541870,-0.186035,1.127319
-0.183228,-0.222290,0.864380
0.020874,0.173462,1.099731
0.395386,-0.414062,0.991943
-0.435303,0.069824,0.862427
0.536499,-0.165527,1.143188
-0.139648,-0.234009,0.875732
-0.018311,0.192383,1.103760
0.425537,-0.405151,1.016113
-0.433472,0.046265,0.863159
0.520752,-0.137939,1.148560
-0.077881,-0.274170,0.895630
-0.054565,0.192871,1.087646
0.444458,-0.380737,1.037231
-0.432617,0.015869,0.857910
0.504150,-0.108398,1.158447
-0.029541,-0.303101,0.899536
-0.094238,0.203735,1.090942
0.467407,-0.371338,1.047119
-0.435669,-0.017456,0.846558
0.487671,-0.087402,1.173218
0.004150,-0.321411,0.891724
-0.134155,0.215942,1.074707
0.484619,-0.345459,1.063599
-0.429565,-0.035278,0.839722
0.467529,-0.057495,1.173706
0.010498,-0.340210,0.884766
-0.167358,0.216187,1.072754
0.505737,-0.329712,1.085693
-0.429810,-0.063232,0.823364
0.444824,-0.036987,1.180542
0.022217,-0.341064,0.889404
-0.209595,0.224854,1.049683
0.529419,-0.316040,1.102661
-0.416504,-0.087769,0.818481
0.401855,-0.011841,1.174316
0.057495,-0.341675,0.902100
-0.248657,0.210938,1.032837
0.544312,-0.294189,1.110107
-0.405640,-0.115845,0.808594
0.367798,0.005615,1.173218
0.090942,-0.353638,0.910400
-0.279785,0.189697,0.995728
0.562378,-0.296509,1.120361
-0.383911,-0.158813,0.806152
0.312988,0.029541,1.157227
0.122803,-0.371460,0.912354
-0.311035,0.169922,0.966187
0.561035,-0.281860,1.113647
-0.360107,-0.181274,0.806274
0.265991,0.042969,1.146362
0.166992,-0.381714,0.920410
-0.341309,0.159546,0.936646
0.558960,-0.265381,1.114990
-0.337891,-0.202759,0.804810
0.220337,0.067383,1.136475
0.203735,-0.415283,0.923218
-0.377563,0.146729,0.924927
0.558838,-0.255005,1.119751
-0.313354,-0.225586,0.812256
0.169189,0.079712,1.121704
0.236694,-0.413086,0.932983
-0.410889,0.133545,0.905884
0.556274,-0.240479,1.120728
-0.302856,-0.226074,0.817871
0.126587,0.102295,1.117188
0.260620,-0.412354,0.927734
-0.427612,0.109375,0.888184
0.549072,-0.231323,1.116821
-0.282227,-0.231323,0.818481
0.073242,0.115967,1.099121
0.287354,-0.402222,0.936646
-0.453491,0.080200,0.868530
0.529297,-0.218628,1.110962
-0.223999,-0.268677,0.825195
0.020386,0.136475,1.089844
0.301147,-0.390137,0.948608
-0.470947,0.062134,0.844482
0.528320,-0.213257,1.111572
-0.172607,-0.297485,0.819214
-0.022217,0.151123,1.068848
0.331055,-0.386963,0.945068
-0.482178,0.032715,0.822144
0.504761,-0.189941,1.114624
-0.156616,-0.312134,0.807251
-0.077026,0.160278,1.047241
0.356689,-0.370361,0.966553
-0.503662,0.005981,0.797974
0.483032,-0.168457,1.121704
-0.141357,-0.341431,0.778076
-0.145020,0.171387,1.025635
0.384766,-0.380859,0.964600
-0.503052,-0.008667,0.794678
0.446655,-0.134033,1.114258
-0.137085,-0.317871,0.781006
-0.193237,0.186768,1.015747
0.415039,-0.363037,0.980835
-0.520264,-0.021973,0.777344
0.406616,-0.106567,1.097290
-0.112549,-0.322754,0.792358
-0.255005,0.191528,0.986084
0.431519,-0.356079,1.000122
-0.515259,-0.053711,0.753174
0.353516,-0.074463,1.099365
-0.079346,-0.324097,0.804443
-0.304077,0.186157,0.965210
0.446655,-0.334961,1.024658
-0.491699,-0.112671,0.735229
0.279419,-0.025879,1.090942
-0.028564,-0.336548,0.815186
-0.364014,0.169189,0.924561
0.469238,-0.335571,1.026978
-0.475098,-0.156860,0.727783
0.202271,0.020264,1.071411
0.031494,-0.364502,0.824707
-0.435059,0.165161,0.893799
0.488525,-0.306519,1.048340
-0.462158,-0.182617,0.730591
0.119019,0.063110,1.051025
0.105469,-0.376343,0.853638
-0.490234,0.141968,0.856934
0.488037,-0.272827,1.053711
-0.387085,-0.215454,0.757446
0.035278,0.092407,1.029663
0.168823,-0.389771,0.856689
-0.533203,0.100952,0.820068
0.481201,-0.254883,1.054443
-0.288696,-0.271973,0.757202
-0.067871,0.123291,0.995239
0.244995,-0.394409,0.879639
-0.551025,0.043457,0.780518
0.442261,-0.219482,1.049072
-0.217407,-0.326172,0.740234
-0.162231,0.147705,0.977539
0.300781,-0.351562,0.914185
-0.568481,0.008667,0.751587
0.394165,-0.187866,1.043823
-0.160645,-0.346069,0.748779
-0.280151,0.182739,0.936157
0.353271,-0.332642,0.945557
-0.558716,-0.048706,0.723267
0.309448,-0.109375,1.043823
-0.098267,-0.384888,0.751099
-0.372070,0.183228,0.900513
0.398804,-0.313232,0.966187
-0.532104,-0.080322,0.706543
0.199829,-0.016357,1.034912
-0.001221,-0.424072,0.784424
-0.474487,0.200562,0.875000
0.425903,-0.275024,0.991821
-0.496216,-0.139648,0.712158
0.078491,0.055054,1.023438
0.105225,-0.422607,0.821411
-0.549561,0.160889,0.824707
0.440430,-0.243774,1.015137
-0.356934,-0.218384,0.734497
-0.023315,0.124146,1.011108
0.190430,-0.403076,0.851440
-0.586304,0.104980,0.789185
0.429321,-0.213135,1.023804
-0.262695,-0.279297,0.722168
-0.135620,0.157104,0.975952
0.281616,-0.376831,0.898438
-0.595337,0.048828,0.751831
0.378296,-0.169556,1.020264
-0.187866,-0.343628,0.713257
-0.252686,0.183716,0.933350
0.356812,-0.355591,0.923828
-0.579224,-0.006348,0.719849
0.299927,-0.101807,1.013184
-0.118896,-0.383667,0.721802
-0.376343,0.198975,0.888916
0.401001,-0.318970,0.962158
-0.542236,-0.077148,0.704590
0.184570,0.001343,1.013550
-0.028320,-0.411499,0.760986
-0.490601,0.214233,0.855957
0.427368,-0.272827,0.978394
-0.459839,-0.131348,0.732178
0.067993,0.088745,1.021851
0.082886,-0.404541,0.807739
-0.562134,0.190430,0.822144
0.436035,-0.226074,1.004028
-0.343262,-0.211304,0.730713
-0.018799,0.130737,1.009033
0.204102,-0.418579,0.846802
-0.607788,0.152588,0.775269
0.417480,-0.180054,1.004883
-0.228394,-0.275635,0.731079
-0.136963,0.162964,0.967163
0.301758,-0.395630,0.893188
-0.609009,0.086670,0.750854
0.377441,-0.152466,1.000732
-0.166138,-0.319702,0.710693
-0.246216,0.202637,0.918579
0.382568,-0.365479,0.927612
-0.583740,0.018311,0.734009
0.282349,-0.059570,1.005493
-0.109375,-0.362183,0.722290
-0.361938,0.201294,0.888306
0.429199,-0.349121,0.947754
-0.538696,-0.066162,0.707886
0.167114,0.030151,0.996216
-0.017456,-0.366577,0.773560
-0.470459,0.220215,0.856079
0.430664,-0.282593,0.971680
-0.425049,-0.144897,0.753906
0.086548,0.105957,1.023315
0.080933,-0.376465,0.800781
-0.559692,0.226562,0.817261
0.438599,-0.235107,0.984131
-0.312012,-0.211548,0.754639
-0.010498,0.119141,1.002197
0.207886,-0.383789,0.862427
-0.598999,0.196899,0.788208
0.421021,-0.182373,0.992188
-0.206909,-0.275879,0.751587
-0.126587,0.161865,0.961060
0.312866,-0.374268,0.901367
-0.579956,0.120361,0.775757
0.384155,-0.121216,1.007690
-0.120117,-0.335083,0.744019
-0.260986,0.174072,0.894409
0.381104,-0.357422,0.922119
-0.538086,0.011597,0.744263
0.298584,-0.033569,1.013672
-0.059448,-0.379395,0.732178
-0.376953,0.185181,0.848511
0.424072,-0.315674,0.950195
-0.495361,-0.078735,0.731323
0.198608,0.032471,1.019043
0.019409,-0.401001,0.767578
-0.466919,0.219604,0.833496
0.439697,-0.285522,0.956543
-0.441895,-0.129395,0.748291
0.115845,0.072144,1.028076
0.104858,-0.399780,0.816895
-0.546631,0.213623,0.805542
0.440918,-0.237671,0.968628
-0.334595,-0.162476,0.764160
0.014893,0.141235,1.008423
0.202881,-0.390869,0.858276
-0.575684,0.177979,0.778320
0.436279,-0.195190,0.992188
-0.231079,-0.245483,0.755737
-0.091187,0.157593,0.970703
0.296875,-0.390503,0.888916
-0.569946,0.123413,0.765747
0.422485,-0.136841,1.015137
-0.125732,-0.321899,0.762085
-0.199341,0.155640,0.917725
0.363037,-0.396606,0.915283
-0.544189,0.062378,0.764648
0.361572,-0.077759,1.019775
-0.057983,-0.360718,0.752319
-0.299072,0.165771,0.873047
0.406860,-0.383789,0.925659
-0.523926,-0.042969,0.733154
0.278564,-0.012695,1.008789
0.002075,-0.393555,0.757080
-0.377441,0.161743,0.840698
0.437866,-0.352661,0.953125
-0.484619,-0.116455,0.731934
0.184937,0.052734,1.014160
0.068970,-0.413330,0.775269
-0.464966,0.180786,0.812134
0.459595,-0.323608,0.965088
-0.421997,-0.183838,0.734863
0.092041,0.083496,1.011963
0.132446,-0.396362,0.810181
-0.521729,0.152344,0.784058
0.465454,-0.271606,0.985840
-0.322266,-0.208984,0.770386
-0.013550,0.117310,0.992065
0.225708,-0.429443,0.856567
-0.539551,0.102295,0.753174
0.454956,-0.223267,1.003662
-0.214355,-0.243164,0.798462
-0.110229,0.141235,0.966553
0.308105,-0.439819,0.879761
-0.549194,0.073364,0.759155
0.413452,-0.150269,1.021729
-0.098145,-0.308594,0.806396
-0.198975,0.153442,0.937622
0.372437,-0.441895,0.909180
-0.543335,0.019409,0.754395
0.360596,-0.096191,1.015991
-0.026489,-0.352417,0.782471
-0.279541,0.154907,0.892578
0.425049,-0.411743,0.931519
-0.510132,-0.083984,0.744751
0.277588,-0.033081,1.007690
0.039673,-0.393555,0.787964
-0.353271,0.160522,0.859863
0.465332,-0.382446,0.963257
-0.483398,-0.137329,0.741943
0.188965,0.002930,0.999268
0.090454,-0.417236,0.790527
-0.410034,0.149780,0.834595
0.486816,-0.333496,0.990967
-0.429932,-0.205933,0.726929
0.109009,0.048218,1.004028
0.152832,-0.424561,0.826538
-0.467651,0.113770,0.794067
0.496094,-0.305542,1.008179
-0.351318,-0.212280,0.767456
0.028931,0.085449,1.001831
0.239014,-0.453247,0.861328
-0.496094,0.069336,0.757080
0.476807,-0.268433,1.019043
-0.257202,-0.244507,0.790649
-0.060059,0.121704,0.996704
0.301636,-0.454346,0.884033
-0.511963,0.061157,0.763794
0.454224,-0.212280,1.031250
-0.166504,-0.278076,0.812622
-0.130371,0.139893,0.985229
0.360596,-0.436890,0.921753
-0.511475,0.028442,0.769897
0.409668,-0.120972,1.054565
-0.064697,-0.304565,0.822144
-0.202881,0.159302,0.968872
0.414185,-0.453857,0.937744
-0.490723,-0.052490,0.758667
0.354614,-0.068970,1.061279
0.022583,-0.367310,0.826050
-0.268311,0.158691,0.936890
0.459717,-0.418945,0.975220
-0.460083,-0.112671,0.749878
0.295166,-0.027466,1.056030
0.079346,-0.387085,0.822388
-0.326782,0.150146,0.917114
0.499512,-0.388916,0.998413
-0.419067,-0.163574,0.765503
0.215820,0.037231,1.048950
0.131836,-0.383423,0.852295
-0.387451,0.132446,0.884399
0.514648,-0.346436,1.033569
-0.375854,-0.210938,0.753174
0.130249,0.082642,1.051025
0.224365,-0.413208,0.891357
-0.425049,0.075073,0.835815
0.516357,-0.331787,1.037598
-0.307983,-0.262329,0.785889
0.044678,0.104492,1.034302
0.313843,-0.427002,0.923584
-0.462891,0.067261,0.811523
0.492065,-0.245117,1.059937
-0.201050,-0.283936,0.824829
-0.046509,0.122681,1.017822
0.376953,-0.405762,0.964966
-0.459106,0.035400,0.806274
0.463745,-0.165283,1.088623
-0.095215,-0.312012,0.843994
-0.119385,0.152344,1.017334
0.436768,-0.389893,1.006226
-0.444092,-0.026733,0.801270
0.416748,-0.084229,1.102173
0.032837,-0.377563,0.862427
-0.208374,0.164185,0.997803
0.488647,-0.375488,1.033081
-0.418091,-0.085571,0.799927
0.352295,-0.021729,1.111084
0.081421,-0.382935,0.870361
-0.292480,0.160034,0.965454
0.540527,-0.329224,1.075439
-0.382202,-0.147095,0.793945
0.247803,0.068359,1.113525
0.184570,-0.398315,0.902832
-0.355103,0.140869,0.923218
0.558838,-0.308472,1.090942
-0.329346,-0.227661,0.785522
0.146973,0.115112,1.087280
0.298950,-0.416870,0.947144
-0.412720,0.089233,0.861938
0.543579,-0.256104,1.101074
-0.221802,-0.279785,0.824829
0.023560,0.139282,1.066040
0.383423,-0.399536,0.999634
-0.440430,0.067139,0.854492
0.509033,-0.159912,1.125244
-0.087891,-0.315308,0.867798
-0.080444,0.177612,1.061401
0.451782,-0.368896,1.039185
-0.432617,-0.006348,0.831055
0.459351,-0.067383,1.162842
0.056152,-0.384277,0.881226
-0.192749,0.206543,1.053955
0.510498,-0.327026,1.078369
-0.399780,-0.087036,0.821289
0.374756,0.021240,1.159424
0.113647,-0.355469,0.921021
-0.290527,0.191650,1.009155
0.550171,-0.280762,1.124390
-0.353638,-0.167603,0.811768
0.258911,0.073608,1.133789
0.237793,-0.392090,0.946777
-0.360352,0.145874,0.925415
0.571289,-0.245117,1.128418
-0.272461,-0.244385,0.820435
0.124756,0.119751,1.105713
0.338867,-0.412842,0.985229
-0.403198,0.095093,0.880005
0.547241,-0.178955,1.142700
-0.163940,-0.282593,0.852661
-0.008667,0.165039,1.093384
0.420044,-0.381592,1.026123
-0.421631,0.013672,0.858887
0.516724,-0.089355,1.183838
0.001221,-0.346069,0.888550
-0.134888,0.192749,1.059326
0.468140,-0.347412,1.055786
-0.401855,-0.057373,0.843262
0.451538,-0.026123,1.188232
0.034790,-0.337891,0.901245
-0.231079,0.220825,1.052368
0.526733,-0.309204,1.103149
-0.381470,-0.131592,0.820435
0.359863,0.030640,1.179443
0.130249,-0.347534,0.928101
-0.314941,0.197754,0.988770
0.567139,-0.288452,1.125122
-0.330322,-0.206787,0.817871
0.240356,0.078247,1.148804
0.236328,-0.396118,0.947998
-0.376953,0.140625,0.917603
0.575928,-0.245605,1.127441
-0.268188,-0.268677,0.813843
0.104370,0.104370,1.094116
0.330322,-0.396240,0.985474
-0.413330,0.096924,0.887817
0.552612,-0.148804,1.159180
-0.160278,-0.305908,0.851807
-0.017700,0.149780,1.082397
0.388916,-0.380371,1.005005
-0.420654,0.017090,0.854126
0.515869,-0.086060,1.177979
-0.057617,-0.322754,0.856079
-0.118530,0.192017,1.070801
0.436035,-0.371338,1.035034
-0.391235,-0.130737,0.816162
0.351929,0.021729,1.156006
-0.030518,-0.282349,0.860840
-0.303833,0.199463,0.993774
0.583740,-0.293701,1.130981
-0.326660,-0.238770,0.817871
0.230957,0.060059,1.133911
0.236816,-0.401489,0.947144
-0.365601,0.121826,0.903564
0.579834,-0.229248,1.147217
-0.247925,-0.252197,0.840698
0.111206,0.104614,1.105469
0.326294,-0.409790,0.985229
-0.413818,0.095215,0.869873
0.555298,-0.160889,1.153198
-0.170288,-0.257935,0.871094
0.010376,0.163940,1.115234
0.404663,-0.401978,1.013916
-0.423706,0.041626,0.864990
0.521973,-0.110718,1.156128
-0.037842,-0.309448,0.887085
-0.081665,0.192749,1.088867
0.449341,-0.366455,1.049927
-0.425537,-0.025269,0.843506
0.472900,-0.056396,1.174194
-0.020508,-0.320068,0.858398
-0.175049,0.244751,1.079102
0.513550,-0.342896,1.089966
-0.434326,-0.088379,0.807129
0.402832,-0.010742,1.172974
0.044556,-0.346558,0.887573
-0.260010,0.211792,1.024048
0.552856,-0.303955,1.115845
-0.388184,-0.157959,0.797119
0.309814,0.032349,1.150879
0.125610,-0.380859,0.888184
-0.328613,0.175171,0.953857
0.569336,-0.291992,1.116455
-0.334106,-0.225586,0.811035
0.211792,0.066406,1.138672
0.211426,-0.398193,0.919800
-0.398071,0.140015,0.907837
0.561523,-0.235229,1.124634
-0.278564,-0.254883,0.820801
0.113770,0.097412,1.108643
0.282837,-0.398926,0.950684
-0.429443,0.093140,0.870605
0.537354,-0.187500,1.132935
-0.209473,-0.280273,0.830444
0.025269,0.116211,1.078857
0.332886,-0.369263,0.970581
-0.452637,0.047485,0.836670
0.514282,-0.157104,1.139893
-0.124512,-0.327637,0.833740
-0.058960,0.154663,1.062500
0.379395,-0.364258,0.992798
-0.469482,-0.001465,0.817139
0.476562,-0.125366,1.138428
-0.102417,-0.327637,0.819336
-0.153931,0.192017,1.052246
0.435913,-0.349976,1.020752
-0.477661,-0.045044,0.799683
0.417725,-0.075073,1.143188
-0.065552,-0.329102,0.826294
-0.246704,0.198730,1.010498
0.473511,-0.332153,1.050171
-0.470825,-0.086304,0.779907
0.341797,-0.032715,1.130737
-0.006226,-0.348145,0.834229
-0.320435,0.190918,0.958862
0.503418,-0.315674,1.058105
-0.425781,-0.170288,0.761230
0.251099,0.012695,1.115723
0.069092,-0.366943,0.862793
-0.399048,0.177246,0.916016
0.512573,-0.278320,1.073853
-0.392944,-0.221924,0.763672
0.160889,0.056396,1.083862
0.153076,-0.390137,0.883423
-0.451050,0.125610,0.864746
0.502686,-0.246094,1.070923
-0.348022,-0.241455,0.773682
0.070557,0.080444,1.070679
0.216797,-0.402710,0.892456
-0.490356,0.095581,0.827148
0.487061,-0.218262,1.069824
-0.257812,-0.276489,0.782593
-0.015381,0.104858,1.039429
0.272339,-0.404541,0.911255
-0.517212,0.063965,0.802856
0.458740,-0.190552,1.076538
-0.211304,-0.296021,0.765747
-0.114502,0.148071,1.014160
0.336182,-0.393921,0.934326
-0.532104,0.013672,0.774414
0.421753,-0.143799,1.077148
-0.180786,-0.300781,0.764893
-0.225098,0.183594,0.995239
0.390137,-0.375000,0.967896
-0.532349,-0.045166,0.758301
0.351929,-0.094360,1.076538
-0.131226,-0.313721,0.773926
-0.312988,0.180664,0.946289
0.423950,-0.353760,0.989502
-0.514038,-0.099854,0.728882
0.272461,-0.042114,1.078857
-0.058594,-0.363525,0.779785
-0.405151,0.180176,0.896484
0.430298,-0.323242,0.991943
-0.484009,-0.142334,0.726929
0.185059,0.019043,1.056885
0.024536,-0.390015,0.807739
-0.474365,0.176514,0.859375
0.445312,-0.291016,1.008301
-0.453003,-0.184082,0.725708
0.094849,0.062012,1.043335
0.104370,-0.415527,0.820557
-0.528931,0.161865,0.839355
0.451294,-0.269531,1.012085
-0.374512,-0.244263,0.735352
0.008423,0.107178,1.030273
0.187134,-0.426270,0.849121
-0.565430,0.127197,0.806641
0.445068,-0.242310,1.016113
-0.302734,-0.253418,0.736938
-0.073120,0.120728,0.999512
0.248413,-0.427734,0.862061
-0.581421,0.096802,0.774902
0.420654,-0.197510,1.014893
-0.237549,-0.276489,0.744019
-0.169922,0.148560,0.976807
0.299805,-0.400024,0.904175
-0.588013,0.047852,0.750977
0.387451,-0.160889,1.019653
-0.197388,-0.315552,0.727905
-0.250366,0.171509,0.946289
0.348022,-0.389893,0.924438
-0.580688,0.004150,0.740234
0.338745,-0.111816,1.032471
-0.150513,-0.334717,0.733887
-0.338257,0.185791,0.903198
0.383301,-0.372681,0.935425
-0.558350,-0.030396,0.711670
0.265259,-0.055542,1.022095
-0.104004,-0.365967,0.745239
-0.408203,0.210571,0.891479
0.421631,-0.347900,0.956909
-0.542847,-0.096191,0.692993
0.171753,0.005615,1.012451
-0.036011,-0.385620,0.766968
-0.480469,0.218872,0.869507
0.439941,-0.297241,0.992188
-0.484741,-0.137451,0.723022
0.094727,0.072388,1.017578
0.051392,-0.408325,0.790771
-0.546753,0.212891,0.845459
0.447388,-0.271484,0.999390
-0.402954,-0.167358,0.741577
0.032959,0.112915,1.011108
0.125854,-0.405029,0.822021
-0.570679,0.172852,0.807251
0.436646,-0.222168,1.003906
-0.316162,-0.239502,0.737305
-0.038330,0.137939,0.991699
0.206909,-0.408813,0.845459
-0.599854,0.143555,0.776733
0.427734,-0.190186,1.009521
-0.244141,-0.277954,0.726318
-0.119019,0.179199,0.973633
0.275879,-0.390625,0.881226
-0.604614,0.116821,0.754883
0.404541,-0.163330,1.008667
-0.187500,-0.318359,0.726929
-0.200317,0.181519,0.943726
0.331299,-0.376221,0.901611
-0.594116,0.072632,0.749756
0.364014,-0.121216,1.011230
-0.130981,-0.370239,0.714355
-0.279053,0.200928,0.918945
0.377563,-0.352173,0.918457
-0.568481,0.026245,0.728516
0.299194,-0.065430,1.003052
-0.088623,-0.394531,0.723511
-0.360474,0.212646,0.885376
0.405518,-0.315918,0.942139
-0.540771,-0.048950,0.704590
0.217651,0.005859,0.999146
-0.024414,-0.402832,0.750244
-0.431396,0.217407,0.864990
0.435181,-0.301392,0.958374
-0.499146,-0.078735,0.720459
0.142944,0.059814,1.005493
0.042358,-0.397583,0.778809
-0.496460,0.206421,0.845947
0.438965,-0.253296,0.979370
-0.439819,-0.125000,0.739014
0.083374,0.111816,1.024780
0.113403,-0.401123,0.814819
-0.549805,0.201538,0.823608
0.451416,-0.239746,0.994385
-0.363770,-0.170044,0.743164
0.015747,0.132202,1.005981
0.184448,-0.395020,0.845581
-0.578857,0.177734,0.793457
0.453125,-0.206055,1.006104
-0.276367,-0.221802,0.755371
-0.056152,0.161621,0.992920
0.245728,-0.389038,0.861084
-0.590088,0.146606,0.775757
0.445679,-0.175659,1.013306
-0.191650,-0.275513,0.763184
-0.135498,0.184326,0.952637
0.311279,-0.381714,0.890991
-0.588013,0.106201,0.758667
0.408325,-0.136597,1.022217
-0.120728,-0.341309,0.760620
-0.200317,0.184692,0.920044
0.357056,-0.362793,0.905151
-0.560913,0.054199,0.755249
0.359009,-0.081665,1.011841
-0.064331,-0.378906,0.738281
-0.279419,0.193970,0.889893
0.397705,-0.338867,0.926514
-0.541992,-0.020630,0.731201
0.280640,-0.035767,0.988281
-0.012085,-0.410278,0.751221
-0.357422,0.180298,0.853638
0.424438,-0.316528,0.944336
-0.504395,-0.075806,0.732422
0.200562,0.018555,1.000366
0.032227,-0.419556,0.761841
-0.426880,0.171021,0.829712
0.447510,-0.293213,0.969727
-0.463745,-0.132324,0.732056
0.129883,0.072510,1.017700
0.090454,-0.428101,0.788574
-0.494629,0.159058,0.808228
0.467529,-0.269897,0.985352
-0.390015,-0.156738,0.749390
0.040894,0.125488,1.011230
0.169434,-0.428589,0.821655
-0.546387,0.143311,0.781738
0.471313,-0.245117,0.992676
-0.297119,-0.193237,0.770996
-0.037231,0.155640,0.995728
0.254272,-0.427490,0.858887
-0.563843,0.100220,0.753662
0.453735,-0.214355,1.012451
-0.193481,-0.257935,0.778931
-0.120972,0.186157,0.972412
0.315674,-0.417603,0.887207
-0.563599,0.085571,0.769409
0.411621,-0.165405,1.014526
-0.100830,-0.330566,0.786621
-0.199341,0.177246,0.935059
0.363281,-0.397217,0.908203
-0.546021,0.027832,0.753052
0.358032,-0.121704,1.010376
-0.034790,-0.380981,0.770142
-0.275635,0.162598,0.887207
0.408447,-0.389038,0.934204
-0.518921,-0.049072,0.745850
0.285278,-0.058105,1.006104
0.028809,-0.424927,0.766846
-0.346802,0.150391,0.862061
0.452026,-0.367310,0.953979
-0.480103,-0.101440,0.745605
0.201050,-0.009521,1.003174
0.078735,-0.445557,0.775391
-0.414307,0.121826,0.815552
0.467041,-0.317383,0.974976
-0.436646,-0.159912,0.741089
0.130005,0.047119,1.014160
0.132446,-0.438843,0.814819
-0.478027,0.102661,0.783569
0.474976,-0.297607,1.002197
-0.363403,-0.193481,0.762573
0.046143,0.106689,1.021484
0.220947,-0.470459,0.837646
-0.512573,0.070068,0.757324
0.473267,-0.277100,1.010864
-0.275269,-0.232910,0.786621
-0.049561,0.144531,1.006104
0.290771,-0.457397,0.885010
-0.533691,0.059692,0.757446
0.441162,-0.208130,1.024780
-0.177368,-0.275513,0.797974
-0.128906,0.163574,0.983521
0.354492,-0.443359,0.921753
-0.527344,0.037964,0.766724
0.403198,-0.146240,1.036987
-0.061646,-0.348999,0.805542
-0.199951,0.176514,0.966919
0.408569,-0.429688,0.947388
-0.507446,-0.033691,0.754272
0.349731,-0.101074,1.032104
0.020142,-0.394409,0.804688
-0.273560,0.165894,0.925049
0.446655,-0.400757,0.964478
-0.469604,-0.115723,0.756348
0.280273,-0.050171,1.036743
0.082275,-0.433838,0.812744
-0.335571,0.139648,0.882446
0.488037,-0.367065,0.994019
-0.432373,-0.148438,0.772217
0.205078,-0.004028,1.040283
0.123657,-0.426025,0.824585
-0.389160,0.119019,0.850708
0.496216,-0.307495,1.027344
-0.372437,-0.208496,0.761475
0.128662,0.052856,1.039795
0.209351,-0.458130,0.849854
-0.444702,0.089600,0.809814
0.505249,-0.290894,1.035645
-0.310669,-0.232422,0.785278
0.042480,0.107910,1.044067
0.288818,-0.471313,0.890259
-0.470825,0.059326,0.796753
0.491943,-0.242432,1.048340
-0.226440,-0.240356,0.812256
-0.036621,0.146240,1.036011
0.354370,-0.450439,0.935303
-0.489868,0.056641,0.798950
0.467163,-0.192139,1.071289
-0.134033,-0.255371,0.844849
-0.103271,0.169678,1.027222
0.414185,-0.433838,0.961670
-0.474609,0.007324,0.791504
0.427979,-0.118286,1.077271
-0.021118,-0.328369,0.857422
-0.174683,0.188599,1.009155
0.454712,-0.400879,1.000488
-0.454102,-0.056763,0.785522
0.386597,-0.074585,1.083618
0.062256,-0.385986,0.859131
-0.243652,0.187500,0.989014
0.494629,-0.362671,1.034790
-0.424194,-0.127808,0.789917
0.316162,-0.020386,1.093262
0.098633,-0.373901,0.880127
-0.295288,0.171753,0.963135
0.527344,-0.322144,1.068359
-0.383545,-0.179321,0.785522
0.249878,0.023438,1.091553
0.175659,-0.395996,0.896606
-0.351440,0.134888,0.913208
0.545776,-0.290771,1.098022
-0.336792,-0.223999,0.792847
0.172607,0.083252,1.081787
0.260742,-0.432129,0.918335
-0.389893,0.103516,0.872070
0.552490,-0.261597,1.094849
-0.275757,-0.238281,0.816040
0.102051,0.127808,1.080078
0.330444,-0.443237,0.953613
-0.429199,0.087402,0.854858
0.533447,-0.213501,1.118408
-0.199585,-0.258789,0.830688
0.025757,0.169922,1.084106
0.391968,-0.429443,0.993286
-0.450684,0.077515,0.846436
0.517822,-0.162598,1.128052
-0.129395,-0.278564,0.855713
-0.049683,0.195557,1.091309
0.436768,-0.415283,1.012695
-0.448975,0.036255,0.844360
0.487427,-0.123535,1.145752
-0.023438,-0.327759,0.886353
-0.116821,0.212036,1.081787
0.469360,-0.387329,1.034790
-0.440552,-0.011475,0.838013
0.456177,-0.070557,1.148315
0.051147,-0.352417,0.896606
-0.181152,0.218506,1.057739
0.510010,-0.348389,1.068848
-0.414673,-0.062744,0.823730
0.405640,-0.028687,1.153809
0.072998,-0.339966,0.909790
-0.249634,0.213989,1.039551
0.547607,-0.308228,1.105225
-0.380371,-0.129883,0.819580
0.330200,0.024902,1.143677
0.158447,-0.371460,0.930542
-0.302124,0.180908,0.985962
0.568970,-0.266235,1.134155
-0.335571,-0.181274,0.822144
0.245850,0.064209,1.122314
0.232178,-0.401489,0.944824
-0.343994,0.113647,0.921997
0.571533,-0.240967,1.145752
-0.276489,-0.221436,0.836426
0.159302,0.105835,1.112183
0.305176,-0.403687,0.975342
-0.401245,0.100098,0.879883
0.557373,-0.215210,1.141602
-0.212158,-0.260254,0.850952
0.069946,0.155273,1.106201
0.361328,-0.387451,0.998169
-0.430054,0.070190,0.862793
0.551514,-0.171875,1.155029
-0.131714,-0.282593,0.872925
-0.014771,0.181641,1.098999
0.411255,-0.382568,1.021973
-0.441528,0.030029,0.857056
0.522339,-0.118042,1.172485
-0.032593,-0.331787,0.875732
-0.086548,0.190063,1.085938
0.451538,-0.364990,1.033691
-0.437622,-0.010376,0.835693
0.485840,-0.081787,1.173096
-0.016724,-0.330933,0.860718
-0.173218,0.216919,1.071899
0.498657,-0.328979,1.069824
-0.430176,-0.057983,0.824585
0.425659,-0.029663,1.176880
0.030762,-0.340698,0.884766
-0.250244,0.215454,1.027710
0.528198,-0.295044,1.107422
-0.397949,-0.126221,0.804077
0.340942,0.013794,1.155029
0.103149,-0.363892,0.902588
-0.308716,0.169434,0.973999
0.546631,-0.276489,1.117188
-0.355225,-0.188110,0.804688
0.243530,0.050293,1.129150
0.181763,-0.387329,0.924316
-0.371826,0.130493,0.912842
0.546997,-0.243774,1.119995
-0.306519,-0.234253,0.812500
0.150024,0.093872,1.115845
0.260986,-0.381226,0.949951
-0.420654,0.105347,0.882935
0.543579,-0.206665,1.126099
-0.257446,-0.259399,0.812378
0.057739,0.112793,1.088989
0.310913,-0.380249,0.958862
-0.445312,0.064819,0.858032
0.528564,-0.174072,1.134766
-0.158936,-0.311523,0.823242
-0.026367,0.125488,1.060303
0.353638,-0.369751,0.974854
-0.455933,0.016724,0.824585
0.502808,-0.137207,1.142456
-0.116089,-0.323120,0.813110
-0.124268,0.161743,1.035767
0.401733,-0.366211,0.998169
-0.468384,-0.030273,0.807373
0.443726,-0.074463,1.151001
-0.086914,-0.311890,0.822510
-0.223755,0.197021,1.023560
0.451538,-0.351196,1.020264
-0.475952,-0.065430,0.784302
0.376587,-0.038696,1.139893
-0.034302,-0.320435,0.845093
-0.308960,0.197144,0.971436
0.474487,-0.330933,1.045654
-0.440308,-0.131348,0.764771
0.300049,-0.007568,1.112915
0.044922,-0.332275,0.856812
-0.376709,0.190430,0.932129
0.483398,-0.298340,1.057739
-0.412476,-0.208252,0.748779
0.203369,0.030518,1.093872
0.125122,-0.366211,0.872437
-0.441895,0.164673,0.895874
0.501221,-0.261597,1.070679
-0.378174,-0.251343,0.750122
0.094482,0.055420,1.054443
0.197144,-0.368896,0.904053
-0.481812,0.106934,0.848022
0.496094,-0.212402,1.086792
-0.271118,-0.286011,0.778687
-0.007568,0.078369,1.026001
0.244873,-0.387573,0.903931
-0.501343,0.062866,0.812500
0.468506,-0.186157,1.079224
-0.208130,-0.305420,0.766602
-0.098511,0.111206,1.003174
0.304810,-0.400269,0.917114
-0.531250,0.023926,0.776611
0.440063,-0.139282,1.094360
-0.180420,-0.309204,0.762207
-0.201904,0.174194,1.006714
0.358643,-0.393799,0.943604
-0.544678,-0.018066,0.748169
0.393555,-0.107910,1.079834
-0.134521,-0.303955,0.768311
-0.303101,0.200317,0.956421
0.403931,-0.372314,0.970093
-0.525635,-0.080811,0.733398
0.308105,-0.073364,1.066528
-0.073486,-0.326172,0.781372
-0.382202,0.197754,0.916748
0.425781,-0.333862,0.998901
-0.493896,-0.158813,0.715332
0.217529,-0.019165,1.044189
0.000732,-0.359009,0.812012
-0.458984,0.188599,0.878662
0.446655,-0.289062,1.020020
-0.468384,-0.200562,0.714233
0.119751,0.024902,1.032959
0.092163,-0.395020,0.832275
-0.511963,0.163330,0.839844
0.449707,-0.272583,1.020630
-0.384888,-0.209717,0.744995
0.032715,0.067139,1.016113
0.157837,-0.409790,0.843018
-0.547729,0.124146,0.805054
0.436279,-0.232910,1.026611
-0.301636,-0.276245,0.737061
-0.062256,0.104492,0.991577
0.225098,-0.427734,0.853882
-0.574829,0.097656,0.777222
0.430786,-0.200562,1.031860
-0.247314,-0.292358,0.724976
-0.163574,0.155518,0.979858
0.288086,-0.417725,0.884277
-0.577393,0.046753,0.749146
0.401001,-0.170288,1.037720
-0.200073,-0.308350,0.731689
-0.263672,0.179443,0.942261
0.344604,-0.396973,0.912476
-0.576660,-0.004272,0.729004
0.347412,-0.106934,1.036377
-0.153687,-0.347290,0.721680
-0.334229,0.200073,0.915405
0.378052,-0.375366,0.929810
-0.576538,-0.044556,0.709717
0.282837,-0.065796,1.034180
-0.091431,-0.380493,0.743774
-0.420410,0.222290,0.894775
0.405762,-0.336060,0.963013
-0.540527,-0.110107,0.694214
0.195557,-0.006836,1.023315
-0.026245,-0.403931,0.766113
-0.483398,0.216309,0.864624
0.419067,-0.303101,0.971069
-0.487305,-0.133911,0.722900
0.102905,0.051025,1.012573
0.046875,-0.394287,0.799316
-0.534302,0.202515,0.847168
0.423950,-0.257690,0.995483
-0.415894,-0.198120,0.719604
0.031128,0.090576,1.008057
0.137085,-0.418213,0.827148
-0.572632,0.192505,0.819580
0.433838,-0.222046,0.998413
-0.332397,-0.240967,0.722656
-0.036743,0.119141,0.991699
0.206787,-0.411255,0.854248
-0.598633,0.145386,0.780151
0.431152,-0.192383,1.001221
-0.251343,-0.275757,0.725464
-0.130981,0.179443,0.975342
0.280518,-0.412231,0.878296
-0.605347,0.113403,0.763306
0.406738,-0.161865,1.017578
-0.195435,-0.298462,0.732056
-0.210938,0.186646,0.951538
0.329834,-0.392578,0.894775
-0.592163,0.074463,0.751587
0.370728,-0.117676,1.018066
-0.150391,-0.338623,0.719116
-0.287964,0.193970,0.905518
0.369995,-0.379150,0.911377
-0.574951,0.022827,0.732544
0.321533,-0.073364,1.015991
-0.092896,-0.387085,0.721924
-0.361328,0.208374,0.877319
0.404907,-0.341187,0.934692
-0.543823,-0.042480,0.711426
0.247559,-0.016357,1.005005
-0.042358,-0.398438,0.739746
-0.413086,0.214722,0.865112
0.422607,-0.302612,0.953491
-0.513062,-0.095337,0.702026
0.181152,0.021851,1.004761
0.010132,-0.393799,0.770142
-0.460815,0.217285,0.845703
0.433472,-0.270142,0.959351
-0.479858,-0.127563,0.718994
0.119751,0.074707,1.019653
0.067261,-0.410278,0.788574
-0.511841,0.207275,0.836914
0.443115,-0.242920,0.985840
-0.416260,-0.135132,0.751465
0.059204,0.104614,1.011475
0.138794,-0.408691,0.823975
-0.557617,0.201294,0.810669
0.453369,-0.223633,0.992920
-0.344727,-0.171875,0.757690
-0.007935,0.135010,1.001709
0.206543,-0.417358,0.846069
-0.577393,0.181885,0.789429
0.457520,-0.196411,1.004028
-0.273071,-0.215454,0.758545
-0.071777,0.156372,0.985229
0.260254,-0.404907,0.875610
-0.589844,0.137939,0.776123
0.448486,-0.159546,1.020630
-0.202026,-0.243164,0.764771
-0.128784,0.170776,0.952148
0.300781,-0.400391,0.890747
-0.581543,0.098267,0.754517
0.428955,-0.122803,1.029785
-0.138062,-0.311157,0.756836
-0.193237,0.190063,0.934814
0.344238,-0.402466,0.896851
-0.574707,0.078369,0.761353
0.392212,-0.097412,1.025269
-0.095337,-0.351318,0.746094
-0.241699,0.197266,0.905396
0.380981,-0.386475,0.914062
-0.558350,0.013550,0.741211
0.340942,-0.067871,1.012573
-0.045898,-0.382446,0.741943
-0.296509,0.191406,0.880615
0.414917,-0.368164,0.935181
-0.543091,-0.026245,0.732056
0.284790,-0.038208,0.997314
-0.012695,-0.413452,0.746216
-0.347412,0.186523,0.858154
0.436890,-0.346069,0.948486
-0.522705,-0.067383,0.723511
0.232422,-0.010498,1.000366
0.022461,-0.413330,0.753906
-0.392334,0.178101,0.846558
0.451050,-0.314209,0.964844
-0.487671,-0.109619,0.727417
0.168823,0.028320,1.003296
0.062378,-0.420410,0.773682
-0.439941,0.168945,0.822144
0.466675,-0.302979,0.966431
-0.444824,-0.113281,0.754150
0.116821,0.054199,0.997803
0.107910,-0.432007,0.787231
-0.492920,0.156006,0.795410
0.464966,-0.271484,0.984131
-0.389893,-0.153198,0.758789
0.064941,0.098022,1.012695
0.161011,-0.445801,0.812256
-0.524414,0.128174,0.773804
0.465576,-0.260376,0.995239
-0.328247,-0.189575,0.765503
-0.003540,0.137573,1.010132
0.220459,-0.456177,0.837402
-0.546997,0.107300,0.756104
0.462769,-0.235229,1.004395
-0.268433,-0.213623,0.773438
-0.064087,0.161377,0.992188
0.284668,-0.462769,0.861206
-0.559814,0.088257,0.759155
0.446289,-0.204102,1.016235
-0.195190,-0.256470,0.792358
-0.119263,0.182861,0.989380
0.329956,-0.450195,0.897095
-0.554565,0.082031,0.755737
0.419556,-0.180054,1.014404
-0.118530,-0.322266,0.785522
-0.175049,0.168823,0.958130
0.371948,-0.433350,0.912598
-0.543091,0.041138,0.766602
0.390259,-0.145996,1.020386
-0.061890,-0.336792,0.797607
-0.224365,0.152466,0.929321
0.404541,-0.421021,0.930054
-0.519531,-0.030396,0.757080
0.342407,-0.103027,1.013306
-0.006714,-0.388916,0.788696
-0.273682,0.151611,0.903320
0.436768,-0.406738,0.946899
-0.500000,-0.078247,0.752319
0.292847,-0.064575,1.013306
0.036011,-0.430786,0.789673
-0.326538,0.131470,0.873901
0.458862,-0.290283,0.983154
-0.436279,-0.162964,0.736328
0.112305,0.074341,1.014526
0.108398,-0.428589,0.797729
-0.497070,0.157227,0.790527
0.472290,-0.293091,0.976807
-0.383911,-0.185303,0.748413
0.052002,0.099365,1.010620
0.168823,-0.444458,0.820923
-0.532227,0.131592,0.766235
0.466797,-0.275757,0.984253
-0.318481,-0.196289,0.771484
-0.012207,0.139038,1.006104
0.239014,-0.455933,0.842041
-0.548218,0.107178,0.756714
0.457275,-0.256714,0.992798
-0.265503,-0.213257,0.777588
-0.063599,0.141235,0.991699
0.285522,-0.448364,0.876587
-0.555420,0.081909,0.762207
0.433472,-0.214600,1.007935
-0.186523,-0.266113,0.796143
-0.119873,0.145752,0.974365
0.332275,-0.437012,0.906006
-0.553711,0.064087,0.758301
0.409302,-0.171997,1.014526
-0.117676,-0.312012,0.792114
-0.165161,0.154053,0.952637
0.377319,-0.417480,0.919800
-0.541504,0.035034,0.765747
0.381592,-0.132812,1.016357
-0.054688,-0.359009,0.796631
-0.222534,0.149414,0.928833
0.416138,-0.411255,0.950928
-0.518433,-0.040405,0.744385
0.333496,-0.081787,1.022461
0.004150,-0.409790,0.789429
-0.278442,0.152222,0.901855
0.450195,-0.390503,0.966064
-0.489868,-0.101929,0.745972
0.276611,-0.048096,1.032227
0.047119,-0.434814,0.791138
-0.330078,0.129883,0.872559
0.470825,-0.373657,0.976196
-0.460571,-0.138672,0.745972
0.222656,-0.001465,1.029053
0.085327,-0.458374,0.787109
-0.375488,0.133057,0.856445
0.489502,-0.354370,0.992676
-0.423584,-0.155029,0.752197
0.165771,0.036743,1.035034
0.129883,-0.448242,0.817871
-0.429932,0.133057,0.838989
0.504272,-0.331787,1.015991
-0.383301,-0.195679,0.757690
0.111328,0.072510,1.040161
0.202271,-0.465454,0.837402
-0.464478,0.109253,0.812866
0.510498,-0.322144,1.020752
-0.331665,-0.213745,0.774170
0.053955,0.098145,1.033081
0.255615,-0.473877,0.856934
-0.479370,0.074951,0.780884
0.498901,-0.297974,1.026855
-0.274536,-0.227173,0.797119
-0.000977,0.121582,1.031128
0.308838,-0.456177,0.904541
-0.492065,0.063843,0.789307
0.480835,-0.246338,1.043091
-0.202881,-0.234619,0.826172
-0.054077,0.143555,1.024048
0.356812,-0.440918,0.941284
-0.495605,0.041748,0.793213
0.457642,-0.186401,1.058594
-0.135742,-0.269775,0.836548
-0.101929,0.151489,1.025757
0.405884,-0.424438,0.968018
-0.489990,0.015747,0.798950
0.433716,-0.122925,1.080811
-0.047363,-0.318726,0.848145
-0.156738,0.175049,1.011963
0.443604,-0.411499,0.995361
-0.463501,-0.045410,0.783691
0.395386,-0.090576,1.085693
0.023193,-0.360718,0.854126
-0.205200,0.169434,0.991943
0.481079,-0.374390,1.026978
-0.431030,-0.110352,0.776855
0.351074,-0.044434,1.097656
0.071533,-0.375000,0.868774
-0.261597,0.182007,0.977051
0.517578,-0.355225,1.045044
-0.405884,-0.146851,0.784546
0.296265,-0.002563,1.092529
0.104248,-0.383179,0.881836
-0.310059,0.184570,0.957397
0.542480,-0.311768,1.079346
-0.378784,-0.173706,0.787354
0.238892,0.049561,1.098511
0.172485,-0.408203,0.893555
-0.356323,0.160156,0.923706
0.562988,-0.295044,1.097778
-0.341309,-0.209839,0.793091
0.184448,0.080688,1.096191
0.236816,-0.445068,0.911255
-0.379517,0.113770,0.885010
0.565674,-0.279907,1.100952
-0.292236,-0.225708,0.804565
0.127930,0.107422,1.093994
0.303101,-0.454956,0.935303
-0.418213,0.090576,0.855591
0.558472,-0.244507,1.107666
-0.245605,-0.215942,0.838867
0.078491,0.138062,1.093506
0.357422,-0.433105,0.969727
-0.434692,0.081055,0.858154
0.544312,-0.195801,1.128174
-0.179932,-0.231079,0.857422
0.014160,0.167480,1.097412
0.403564,-0.416260,1.004395
-0.446167,0.053223,0.848511
0.521973,-0.153564,1.133789
-0.122070,-0.246582,0.885498
-0.042236,0.189453,1.093994
0.438843,-0.383545,1.033447
-0.431885,0.000610,0.844849
0.494507,-0.112549,1.146362
-0.023193,-0.298828,0.892700
-0.104858,0.209717,1.074585
0.473877,-0.362793,1.056519
-0.434326,-0.026489,0.838623
0.458984,-0.070190,1.166260
0.030518,-0.338257,0.896973
-0.162109,0.204956,1.056396
0.506470,-0.328003,1.082275
-0.415161,-0.073486,0.822876
0.421997,-0.030884,1.163208
0.046753,-0.335083,0.901855
-0.224731,0.217529,1.043701
0.541016,-0.308472,1.105835
-0.384399,-0.121948,0.818848
0.364136,0.012939,1.162476
0.106201,-0.345093,0.920654
-0.279663,0.208862,1.006104
0.565918,-0.277832,1.125977
-0.355103,-0.176270,0.816650
0.298584,0.049927,1.159058
0.174072,-0.394287,0.920410
-0.327393,0.169434,0.951782
0.581665,-0.282959,1.128418
-0.321899,-0.206909,0.824707
0.230225,0.080933,1.147461
0.234131,-0.408325,0.937500
-0.371338,0.135864,0.913940
0.580688,-0.260742,1.123413
-0.281372,-0.229614,0.829224
0.152588,0.106567,1.129150
0.290771,-0.406738,0.966553
-0.403931,0.114746,0.900269
0.568970,-0.217041,1.139160
-0.233887,-0.230957,0.854614
0.082397,0.130005,1.112915
0.336670,-0.388916,0.994141
-0.419678,0.071289,0.873413
0.549438,-0.177734,1.151367
-0.167725,-0.272705,0.865112
0.009644,0.152466,1.097412
0.376709,-0.371216,1.006470
-0.427612,0.035034,0.862915
0.536743,-0.156982,1.151001
-0.088867,-0.304932,0.863892
-0.056763,0.164185,1.075073
0.407837,-0.355469,1.017334
-0.438110,-0.019165,0.832886
0.502075,-0.114502,1.159424
-0.069702,-0.301514,0.852905
-0.130249,0.192871,1.057495
0.439453,-0.341187,1.034058
-0.451294,-0.055420,0.816772
0.458252,-0.069458,1.167847
-0.046143,-0.318359,0.857666
-0.205322,0.197510,1.032837
0.476929,-0.319336,1.057861
-0.444580,-0.089478,0.800049
0.390137,-0.029053,1.160400
0.000122,-0.329956,0.871948
-0.275269,0.205200,0.998169
0.505249,-0.300781,1.075073
-0.423462,-0.147705,0.774658
0.331177,0.008911,1.155762
0.056396,-0.359375,0.868530
-0.329346,0.197266,0.960938
0.520874,-0.290405,1.072998
-0.391235,-0.196411,0.765869
0.255737,0.033081,1.137085
0.120850,-0.403809,0.874023
-0.385620,0.173706,0.922485
0.519287,-0.274780,1.078857
-0.370972,-0.210571,0.775024
0.175049,0.056885,1.108643
0.181152,-0.401978,0.892578
-0.440063,0.159546,0.894653
0.524414,-0.247925,1.088623
-0.341309,-0.228027,0.783325
0.097290,0.075684,1.085815
0.229492,-0.410278,0.908203
-0.467896,0.113403,0.864014
0.513062,-0.229980,1.090210
-0.284790,-0.229980,0.788330
0.024658,0.095093,1.063721
0.268311,-0.397461,0.918579
-0.483887,0.064087,0.833252
0.498169,-0.207031,1.095947
-0.226318,-0.268921,0.781982
-0.044556,0.121338,1.039062
0.312378,-0.392700,0.926147
-0.503662,0.032715,0.807129
0.469971,-0.181030,1.090576
-0.192139,-0.296997,0.767822
-0.135376,0.136963,1.004517
0.356812,-0.376831,0.948608
-0.515259,-0.015747,0.776489
0.433350,-0.147461,1.090332
-0.169067,-0.307373,0.770996
-0.225586,0.178833,0.979004
0.383667,-0.348633,0.982178
-0.517700,-0.068115,0.756104
0.373169,-0.101685,1.095947
-0.134155,-0.316284,0.778320
-0.294189,0.174194,0.945557
0.413208,-0.334229,0.990845
-0.510986,-0.107788,0.733643
0.312988,-0.072632,1.082764
-0.082764,-0.340210,0.782837
-0.360962,0.199463,0.919067
0.421509,-0.328735,0.988403
-0.493408,-0.146240,0.720947
0.248535,-0.041260,1.073975
-0.024414,-0.379150,0.805542
-0.431885,0.200684,0.888428
0.438354,-0.312866,1.001587
-0.471680,-0.152100,0.733765
0.175049,0.013916,1.061035
0.043579,-0.411011,0.812866
-0.478882,0.197998,0.869385
0.447632,-0.276855,1.012817
-0.453857,-0.174194,0.737427
0.099121,0.047241,1.038940
0.106689,-0.429565,0.824097
-0.530762,0.177979,0.848633
0.452026,-0.259033,1.004517
-0.387329,-0.228394,0.734741
0.028442,0.083862,1.033936
0.169678,-0.450562,0.839966
-0.560303,0.145020,0.812134
0.444458,-0.245483,1.016235
-0.319702,-0.224243,0.748047
-0.047852,0.110474,1.005981
0.231934,-0.433350,0.863281
-0.573364,0.110840,0.795532
0.426880,-0.218018,1.019531
-0.275757,-0.251953,0.734253
-0.114502,0.131836,0.987549
0.276855,-0.415894,0.887573
-0.581787,0.065063,0.770752
0.406372,-0.177734,1.021118
-0.239502,-0.286987,0.725952
-0.202026,0.155518,0.959351
0.321899,-0.388184,0.911133
-0.575684,0.027710,0.748535
0.377197,-0.145386,1.031250
-0.197144,-0.312744,0.720947
-0.278320,0.169678,0.916748
0.358032,-0.375732,0.924438
-0.572144,-0.017944,0.732300
0.334717,-0.092285,1.033203
-0.157593,-0.353149,0.720581
-0.337646,0.189941,0.894775
0.380371,-0.375854,0.931885
-0.565918,-0.041382,0.711914
0.284058,-0.055298,1.039185
-0.111206,-0.383179,0.735596
-0.398438,0.219971,0.887817
0.402466,-0.347534,0.943359
-0.541016,-0.062256,0.710815
0.224487,-0.019043,1.025269
-0.047363,-0.409302,0.755005
-0.459106,0.228882,0.871582
0.410400,-0.322876,0.945435
-0.522339,-0.097900,0.702759
0.157959,0.024292,1.022339
0.011230,-0.417236,0.775513
-0.512329,0.237915,0.855835
0.430664,-0.292847,0.970703
-0.487061,-0.131226,0.716919
0.107300,0.056396,1.024902
0.072998,-0.418457,0.798950
-0.544922,0.222778,0.841431
0.438965,-0.258911,0.976318
-0.425659,-0.130371,0.733643
0.064453,0.090576,1.018066
0.135254,-0.420532,0.817261
-0.571411,0.205811,0.815796
0.438843,-0.231689,0.989502
-0.359131,-0.163818,0.747681
0.005005,0.122681,1.010132
0.188843,-0.418335,0.835815
-0.588501,0.192627,0.803833
0.435913,-0.207520,0.994141
-0.305908,-0.231445,0.738647
-0.059326,0.150024,0.995605
0.244385,-0.421143,0.863525
-0.597900,0.161377,0.784302
0.433350,-0.177490,1.008423
-0.249512,-0.240234,0.743774
-0.117676,0.174805,0.972412
0.292358,-0.411011,0.879150
-0.598145,0.140137,0.778931
0.412598,-0.143311,1.007080
-0.197266,-0.271484,0.747559
-0.159302,0.177368,0.947754
0.324219,-0.395264,0.893066
-0.587891,0.104126,0.767700
0.389648,-0.117798,1.015503
-0.151001,-0.315796,0.737061
-0.220947,0.189941,0.927246
0.355225,-0.380615,0.901978
-0.576050,0.058105,0.749268
0.361938,-0.085083,1.018188
-0.112915,-0.344482,0.731201
-0.278564,0.197388,0.899414
0.397827,-0.372559,0.929443
-0.556641,0.034058,0.739258
0.318970,-0.047852,1.015503
-0.071777,-0.363647,0.744263
-0.321289,0.187500,0.870483
0.415649,-0.345825,0.938477
-0.535767,-0.026001,0.730469
0.270874,-0.010864,1.005859
-0.040527,-0.369019,0.745728
-0.367554,0.185669,0.854126
0.423706,-0.332397,0.950562
-0.513672,-0.072266,0.733765
0.216309,0.017212,1.011353
-0.000732,-0.391479,0.760620
-0.423340,0.193237,0.836548
0.441284,-0.312256,0.964233
-0.480957,-0.104492,0.731934
0.168091,0.043213,1.017944
0.046387,-0.403442,0.773438
-0.462402,0.204834,0.823975
0.459717,-0.296143,0.969116
-0.444458,-0.115845,0.748779
0.122803,0.070679,1.018066
0.091919,-0.408203,0.801880
-0.502441,0.189453,0.809082
0.458618,-0.270630,0.977539
-0.397339,-0.165649,0.746338
0.079590,0.100952,1.021973
0.147705,-0.410522,0.818970
-0.547363,0.182617,0.786133
0.469849,-0.255249,0.983276
-0.328369,-0.181641,0.767456
0.004639,0.137207,1.007446
0.203857,-0.425171,0.845215
-0.559326,0.150146,0.771973
0.462036,-0.240234,0.987671
-0.278687,-0.223755,0.764526
-0.049438,0.146484,0.990356
0.263306,-0.430542,0.867310
-0.566895,0.110229,0.758179
0.443848,-0.213013,0.997681
-0.204956,-0.250488,0.784912
-0.109375,0.158447,0.969360
0.309814,-0.424561,0.895508
-0.570435,0.102661,0.767212
0.417969,-0.160278,1.012573
-0.136108,-0.299316,0.786255
-0.167358,0.160034,0.946777
0.358887,-0.405273,0.909546
-0.555298,0.063721,0.769775
0.386108,-0.115845,1.023071
-0.071533,-0.358521,0.778442
-0.227661,0.158081,0.918579
0.393433,-0.401123,0.927246
-0.533936,0.002441,0.747070
0.340454,-0.077637,1.015991
-0.024902,-0.379883,0.778076
-0.294800,0.151001,0.876831
0.431885,-0.403320,0.943481
-0.511475,-0.053467,0.744751
0.274048,-0.042114,1.005371
0.021118,-0.407593,0.776489
-0.350830,0.138306,0.848511
0.456055,-0.389282,0.949341
-0.484619,-0.102905,0.742432
0.215576,-0.003418,1.010010
0.060913,-0.420898,0.785767
-0.405884,0.134644,0.828735
0.468872,-0.356445,0.967651
-0.448975,-0.144165,0.752319
0.159790,0.029663,1.022217
0.106689,-0.428101,0.801514
-0.445679,0.132568,0.813599
0.480713,-0.327881,0.980835
-0.404053,-0.198242,0.735107
0.106201,0.066284,1.022217
0.172974,-0.445557,0.831909
-0.484863,0.113770,0.792725
0.486816,-0.308838,0.998047
-0.351562,-0.219360,0.749390
0.036499,0.104248,1.015015
0.250732,-0.466431,0.855713
-0.506592,0.067871,0.763062
0.474487,-0.275635,1.010376
-0.285522,-0.236206,0.784912
-0.029419,0.130737,1.009644
0.306763,-0.460693,0.888184
-0.507568,0.046509,0.767822
0.450073,-0.228638,1.024048
-0.212769,-0.264648,0.790039
-0.097656,0.154175,1.004028
0.361450,-0.458130,0.919312
-0.519165,0.045776,0.785645
0.430054,-0.180664,1.039917
-0.129639,-0.300171,0.808350
-0.151367,0.163940,0.991333
0.400024,-0.434937,0.949951
-0.494385,-0.001465,0.782715
0.397827,-0.128052,1.061523
-0.050049,-0.356567,0.817871
-0.203491,0.163208,0.969238
0.445801,-0.419922,0.974609
-0.479736,-0.041504,0.772461
0.362427,-0.090332,1.058960
0.023193,-0.402466,0.816895
-0.257080,0.166382,0.948242
0.478638,-0.413574,0.993530
-0.455811,-0.095581,0.777466
0.317017,-0.045776,1.069336
0.071167,-0.420044,0.833862
-0.304199,0.153076,0.936401
0.510864,-0.386353,1.014771
-0.426514,-0.131836,0.781616
0.273071,-0.008423,1.071655
0.100464,-0.391479,0.852539
-0.355225,0.157715,0.917847
0.525757,-0.349854,1.048584
-0.386963,-0.172485,0.780396
0.213745,0.030396,1.073242
0.174072,-0.410767,0.878052
-0.395508,0.122925,0.876221
0.538818,-0.317993,1.061035
-0.340698,-0.205322,0.793091
0.153320,0.072388,1.076294
0.243530,-0.412964,0.917603
-0.421387,0.077271,0.837036
0.533203,-0.284180,1.073608
-0.276001,-0.249023,0.803955
0.081177,0.108643,1.067505
0.312256,-0.422852,0.947266
-0.439209,0.064819,0.820679
0.516602,-0.227173,1.088013
-0.221558,-0.261475,0.825562
0.026001,0.128784,1.071289
0.370972,-0.416382,0.980835
-0.454834,0.064087,0.822632
0.499634,-0.167603,1.105347
-0.134521,-0.290039,0.855225
-0.052124,0.182007,1.073120
0.424194,-0.397705,1.007935
-0.451416,0.031860,0.830078
0.477051,-0.121826,1.115234
-0.048462,-0.325195,0.859863
-0.113037,0.186523,1.063599
0.464233,-0.389404,1.030640
-0.435669,-0.019165,0.826538
0.443359,-0.078613,1.134521
0.040405,-0.365356,0.879517
-0.188110,0.211304,1.051147
0.507812,-0.361450,1.065430
-0.413574,-0.068359,0.826538
0.396484,-0.016113,1.155029
0.059570,-0.359619,0.886475
-0.245972,0.201904,1.025269
0.547241,-0.322876,1.102539
-0.385498,-0.124023,0.819946
0.333740,0.034302,1.143066
0.135620,-0.369141,0.915894
-0.306396,0.182251,0.984985
0.566284,-0.302002,1.122803
-0.337158,-0.177979,0.820435
0.258667,0.067749,1.127441
0.213379,-0.376099,0.936768
-0.350708,0.127563,0.915894
0.584839,-0.260864,1.141846
-0.277466,-0.213989,0.833496
0.169312,0.121948,1.121948
0.296753,-0.401367,0.962524
-0.395752,0.118652,0.890991
0.571533,-0.223511,1.135132
-0.216187,-0.247437,0.857178
0.073853,0.152100,1.106567
0.362549,-0.399536,0.996704
-0.429077,0.079712,0.875488
0.556152,-0.175049,1.147217
-0.138062,-0.265503,0.875366
-0.013794,0.184204,1.109253
0.414917,-0.373657,1.024780
-0.430298,0.015381,0.852661
0.519653,-0.119995,1.160767
-0.013916,-0.335571,0.886230
-0.091187,0.191772,1.089111
0.460327,-0.348267,1.049561
-0.434204,-0.019897,0.836914
0.470215,-0.069336,1.172729
-0.005981,-0.328857,0.877197
-0.186768,0.204712,1.056274
0.523560,-0.305176,1.094849
-0.410645,-0.088135,0.819580
0.381470,0.001587,1.163940
0.075684,-0.339722,0.904419
-0.269531,0.184448,1.001343
0.558228,-0.279907,1.129028
-0.349243,-0.176392,0.822632
0.267578,0.049805,1.137817
0.165161,-0.387817,0.911011
-0.348145,0.132324,0.928711
0.573364,-0.256836,1.128174
-0.286011,-0.228760,0.833984
0.158569,0.103394,1.127075
0.268188,-0.387695,0.955688
-0.426758,0.105103,0.879761
0.552612,-0.216309,1.131470
-0.209229,-0.265869,0.844116
0.034180,0.144897,1.103638
0.355225,-0.376343,0.981201
-0.452515,0.055298,0.849976
0.502197,-0.153198,1.137085
-0.076416,-0.329346,0.856812
-0.091064,0.163940,1.062744
0.419800,-0.328857,1.020386
-0.446777,-0.040649,0.821411
0.431519,-0.065918,1.153564
-0.032959,-0.329102,0.849487
-0.230103,0.189453,1.019531
0.490723,-0.278809,1.084106
-0.419434,-0.133057,0.774536
0.310669,0.004028,1.138184
0.096680,-0.374756,0.880737
-0.360718,0.153564,0.931763
0.521118,-0.249268,1.094849
-0.325684,-0.219971,0.789795
0.143921,0.074097,1.100220
0.228027,-0.367065,0.928345
-0.445190,0.077271,0.855591
0.512329,-0.194092,1.118896
-0.184326,-0.300293,0.825439
-0.039062,0.116943,1.050903
0.331543,-0.361328,0.959473
-0.465576,-0.026978,0.805786
0.449585,-0.136719,1.125610
-0.112671,-0.304688,0.813232
-0.212402,0.175171,1.013916
0.435059,-0.308838,1.034058
-0.468018,-0.107056,0.767090
0.319336,-0.035522,1.112183
0.008667,-0.332764,0.845825
-0.378540,0.159302,0.918579
0.494263,-0.277710,1.069092
-0.379028,-0.204102,0.772217
0.132446,0.075195,1.076904
0.178711,-0.370728,0.895996
-0.469727,0.083496,0.841553
0.486572,-0.206055,1.078857
-0.223022,-0.297607,0.786377
-0.054688,0.108032,1.021851
0.308350,-0.373413,0.938354
-0.499512,-0.041992,0.774536
0.414551,-0.135620,1.091919
-0.151123,-0.291992,0.779175
-0.266113,0.175781,0.966919
0.416626,-0.314697,1.008179
-0.478027,-0.136963,0.745361
0.260498,-0.028442,1.084839
-0.003662,-0.344116,0.825073
-0.440186,0.164917,0.878418
0.456299,-0.273926,1.039795
-0.391724,-0.232788,0.743896
0.063599,0.062134,1.041016
0.193237,-0.371582,0.881836
-0.522583,0.060547,0.791504
0.446777,-0.201782,1.056396
-0.218262,-0.313965,0.750488
-0.152466,0.129150,0.995605
0.325806,-0.366699,0.935181
-0.533813,-0.030518,0.756592
0.348389,-0.104004,1.059814
-0.121460,-0.328003,0.762939
-0.356445,0.180786,0.909668
0.411743,-0.314697,0.997070
-0.474121,-0.143799,0.724487
0.180664,0.005981,1.053223
0.058105,-0.359985,0.835327
-0.514160,0.170044,0.838379
0.443481,-0.252319,1.014404
-0.339111,-0.236572,0.754150
-0.019531,0.088379,1.014404
0.216064,-0.419067,0.864868
-0.551636,0.056885,0.787231
0.410522,-0.171753,1.042480
-0.226807,-0.302734,0.711792
-0.212891,0.155518,0.966064
0.337524,-0.381226,0.926392
-0.546387,-0.044922,0.741333
0.310547,-0.086060,1.052490
-0.137817,-0.335205,0.741577
-0.397217,0.190430,0.889282
0.408569,-0.339478,0.961914
-0.495361,-0.122314,0.720581
0.163940,0.018188,1.034058
0.027954,-0.365845,0.806641
-0.531616,0.214600,0.846069
0.427246,-0.257690,0.990112
-0.378906,-0.229004,0.737305
0.008057,0.078369,1.006836
0.173340,-0.412598,0.838257
-0.580811,0.136353,0.788940
0.411255,-0.197388,1.005859
-0.246948,-0.286865,0.720947
-0.146606,0.140747,0.971680
0.294922,-0.406982,0.894897
-0.579590,0.041016,0.758667
0.348145,-0.107544,1.023804
-0.177124,-0.319702,0.715698
-0.299683,0.168945,0.908081
0.380493,-0.373169,0.930542
-0.557129,-0.050781,0.718262
0.254028,-0.023560,1.021118
-0.093018,-0.362671,0.733643
-0.442871,0.216919,0.875854
0.424927,-0.326660,0.964233
-0.486084,-0.167236,0.709961
0.115356,0.042603,1.015381
0.041138,-0.376587,0.803589
-0.545044,0.217529,0.834717
0.427612,-0.257202,0.978882
-0.338257,-0.215942,0.750000
0.006104,0.103516,1.008545
0.168823,-0.383301,0.839111
-0.589478,0.172974,0.782837
0.411865,-0.184326,0.994995
-0.226685,-0.274780,0.741577
-0.132812,0.144531,0.967896
0.296631,-0.381348,0.897095
-0.596191,0.103149,0.757202
0.362915,-0.106567,1.006714
-0.146118,-0.354004,0.702637
-0.279907,0.185059,0.909912
0.375977,-0.360962,0.925903
-0.551147,-0.002319,0.724976
0.259888,-0.025879,1.009033
-0.077148,-0.364502,0.736206
-0.419189,0.213257,0.872925
0.426636,-0.320068,0.958984
-0.486206,-0.124023,0.720459
0.127930,0.056763,1.008179
0.039551,-0.354858,0.794800
-0.531738,0.222412,0.831055
0.448364,-0.254883,0.985962
-0.351074,-0.221069,0.748901
0.007324,0.125000,1.007446
0.188110,-0.375244,0.856323
-0.597534,0.188721,0.788940
0.361938,-0.119751,1.005615
-0.200439,-0.288574,0.748413
-0.271606,0.166748,0.919312
0.372925,-0.385254,0.921875
-0.561035,-0.010742,0.722412
0.271240,-0.034790,1.012573
-0.103638,-0.362793,0.727417
-0.416992,0.198730,0.875977
0.420776,-0.324829,0.960083
-0.502197,-0.130371,0.707642
0.130371,0.059570,1.013794
0.011597,-0.357056,0.793823
-0.524536,0.223755,0.844482
0.438354,-0.266846,0.991943
-0.378662,-0.225342,0.731201
0.013550,0.101196,1.007080
0.157715,-0.372925,0.843628
-0.584473,0.174561,0.795654
0.428955,-0.194092,1.005005
-0.246216,-0.316162,0.719727
-0.115112,0.159668,0.974854
0.282471,-0.375854,0.883301
-0.595581,0.114868,0.764648
0.380981,-0.133789,1.012085
-0.147949,-0.343994,0.717529
-0.255981,0.176270,0.909668
0.374878,-0.358276,0.920898
-0.561157,0.021118,0.735962
0.284302,-0.045166,1.008545
-0.076538,-0.385864,0.733398
-0.392334,0.200928,0.878662
0.413208,-0.306396,0.945068
-0.492676,-0.100952,0.710327
0.160400,0.051025,1.016235
0.027344,-0.376343,0.783081
-0.504883,0.213989,0.826050
0.439941,-0.252563,0.979858
-0.385254,-0.187988,0.740479
0.040405,0.119019,1.014038
0.161499,-0.379883,0.839233
-0.577637,0.186890,0.795410
0.424316,-0.198730,0.987427
-0.247437,-0.262939,0.744751
-0.086304,0.166260,0.981201
0.283569,-0.380371,0.892456
-0.578247,0.135010,0.775269
0.397461,-0.128662,1.009521
-0.130615,-0.334595,0.734497
-0.215576,0.169067,0.912964
0.366699,-0.366943,0.916260
-0.553223,0.045410,0.758667
0.311401,-0.050537,0.999512
-0.050781,-0.389526,0.735352
-0.355591,0.170288,0.858398
0.420044,-0.322754,0.946167
-0.492188,-0.088013,0.723389
0.185059,0.043823,1.004150
0.026855,-0.386230,0.771729
-0.458984,0.183960,0.829712
0.447998,-0.274902,0.972656
-0.412964,-0.158936,0.743164
0.064941,0.118042,1.015381
0.149780,-0.397949,0.829712
-0.546753,0.148315,0.786743
0.447021,-0.213379,0.992676
-0.272095,-0.224365,0.761230
-0.064941,0.161011,0.983032
0.273071,-0.388916,0.880005
-0.571167,0.108398,0.763794
0.420776,-0.155640,1.008667
-0.126953,-0.326172,0.761841
-0.193481,0.172241,0.928833
0.365601,-0.386230,0.908081
-0.546509,0.047974,0.759033
0.338989,-0.078125,1.015503
-0.024536,-0.405396,0.751099
-0.324829,0.169189,0.857178
0.414795,-0.350220,0.937012
-0.498291,-0.074097,0.739624
0.229370,-0.009521,1.005005
0.046021,-0.429810,0.766479
-0.439941,0.154663,0.816040
0.444946,-0.298706,0.960815
-0.432739,-0.144531,0.739746
0.117798,0.077881,1.022339
0.134766,-0.427490,0.817383
-0.526733,0.135132,0.784424
0.449585,-0.256958,0.986694
-0.317383,-0.217041,0.754150
-0.021973,0.142578,1.005615
0.260864,-0.440186,0.877075
-0.555176,0.084351,0.759521
0.438354,-0.202881,1.008911
-0.179199,-0.263428,0.784058
-0.149536,0.181763,0.960693
0.350586,-0.421265,0.910645
-0.538818,0.027588,0.774780
0.372314,-0.125732,1.024170
-0.057617,-0.367920,0.774414
-0.268311,0.177979,0.898071
0.418701,-0.386963,0.946899
-0.499146,-0.081421,0.750732
0.276611,-0.063232,1.004639
0.046509,-0.436401,0.778687
-0.378784,0.154541,0.838501
0.453369,-0.334351,0.960449
-0.443115,-0.149658,0.749146
0.162354,0.006836,1.010254
0.126221,-0.457886,0.803223
-0.467041,0.117798,0.789062
0.464722,-0.288452,0.983887
-0.357300,-0.173096,0.764526
0.031982,0.097290,1.013062
0.236450,-0.473999,0.844482
-0.513184,0.062378,0.756958
0.450928,-0.238525,1.010132
-0.247803,-0.214355,0.788818
-0.086426,0.145996,0.989868
0.329590,-0.458984,0.907104
-0.527100,0.023560,0.769409
0.421387,-0.172485,1.041260
-0.119019,-0.295410,0.803833
-0.192383,0.168335,0.966797
0.399658,-0.432373,0.942749
-0.500244,-0.041382,0.769531
0.364014,-0.111328,1.038940
-0.002197,-0.390747,0.806519
-0.272949,0.168457,0.920410
0.447021,-0.394165,0.964600
-0.458618,-0.105469,0.767578
0.288574,-0.063965,1.040283
0.079468,-0.432983,0.809692
-0.340454,0.143433,0.880981
0.474854,-0.339111,0.997192
-0.428345,-0.155029,0.765503
0.221558,-0.026123,1.035522
0.116577,-0.426880,0.829468
-0.401611,0.139038,0.854858
0.500610,-0.300781,1.029541
-0.371216,-0.185181,0.765747
0.130249,0.048950,1.049316
0.218994,-0.473511,0.869751
-0.441284,0.094482,0.817505
0.504517,-0.278198,1.040283
-0.323853,-0.198853,0.777832
0.048706,0.088623,1.037598
0.298340,-0.506348,0.892822
-0.470581,0.067139,0.798584
0.498901,-0.242310,1.050537
-0.256226,-0.230103,0.798096
-0.018799,0.149902,1.042847
0.353516,-0.499023,0.925903
-0.478638,0.045166,0.814697
0.484985,-0.200562,1.071167
-0.183228,-0.239746,0.821777
-0.076172,0.176880,1.035767
0.399658,-0.455933,0.962158
-0.472290,0.002441,0.806641
0.467407,-0.147705,1.093872
-0.116577,-0.261597,0.842407
-0.120483,0.190063,1.029175
0.440430,-0.433594,0.986938
-0.455566,-0.028442,0.812988
0.446533,-0.123901,1.094971
-0.038818,-0.310669,0.857056
-0.159912,0.195923,1.024414
0.474243,-0.405762,1.005127
-0.434448,-0.065796,0.810913
0.419189,-0.098389,1.120605
0.033813,-0.352417,0.876343
-0.203369,0.195801,1.005737
0.499146,-0.375610,1.034058
-0.430908,-0.094238,0.803101
0.389038,-0.062744,1.120117
0.067871,-0.356812,0.888062
-0.230347,0.195923,1.005005
0.512207,-0.331421,1.053467
-0.409912,-0.117554,0.792358
0.358032,-0.034790,1.127686
0.083862,-0.361694,0.896240
-0.269775,0.201904,0.999390
0.539917,-0.322632,1.080933
-0.400269,-0.130127,0.794434
0.317017,-0.016113,1.114014
0.139893,-0.382812,0.915649
-0.304810,0.193848,0.978149
0.560059,-0.297485,1.099243
-0.371582,-0.158569,0.800659
0.273193,0.026367,1.115479
0.189331,-0.409180,0.926514
-0.325439,0.169678,0.947754
0.573242,-0.272705,1.119751
-0.340698,-0.185791,0.813599
0.241089,0.065186,1.127808
0.225342,-0.410400,0.937744
-0.349854,0.132812,0.915405
0.573730,-0.254028,1.129028
-0.309204,-0.207764,0.818970
0.198364,0.086548,1.124023
0.267212,-0.421997,0.952026
-0.371338,0.118408,0.895142
0.578613,-0.255249,1.126953
-0.289795,-0.223389,0.817261
0.156616,0.108398,1.115234
0.304810,-0.431641,0.962036
-0.391602,0.116333,0.897705
0.566528,-0.216919,1.132080
-0.257935,-0.241821,0.835693
0.116211,0.130615,1.115845
0.339600,-0.426514,0.985718
-0.410034,0.109375,0.896362
0.562744,-0.199341,1.141846
-0.223633,-0.240845,0.852295
0.071655,0.147583,1.114746
0.370239,-0.415405,0.995850
-0.420654,0.099609,0.880981
0.553467,-0.171753,1.152344
-0.182251,-0.249878,0.861328
0.035645,0.155396,1.108643
0.394775,-0.402222,1.000244
-0.436768,0.073730,0.864014
0.549927,-0.158203,1.146851
-0.126343,-0.272339,0.876343
-0.015015,0.169678,1.093872
0.409424,-0.394165,1.005371
-0.439819,0.046875,0.861816
0.525635,-0.140747,1.154419
-0.078857,-0.293579,0.876831
-0.062256,0.162476,1.072266
0.435547,-0.379517,1.024536
-0.441040,0.017090,0.854004
0.502930,-0.091187,1.173584
-0.060059,-0.325806,0.848389
-0.115234,0.167969,1.071289
0.460327,-0.364624,1.033691
-0.449463,-0.014282,0.840454
0.470093,-0.056519,1.173706
-0.048340,-0.320068,0.856079
-0.178467,0.205933,1.055908
0.490234,-0.344360,1.052856
-0.443237,-0.058350,0.823364
0.427490,-0.037476,1.163696
-0.018433,-0.316284,0.868408
-0.230713,0.209595,1.030640
0.514038,-0.325806,1.077026
-0.441895,-0.094482,0.798340
0.371826,-0.017456,1.161011
0.022949,-0.309204,0.882568
-0.281372,0.193848,0.998413
0.531494,-0.316284,1.092773
-0.415405,-0.145386,0.782471
0.306885,0.014160,1.148193
0.070068,-0.341187,0.879517
-0.331299,0.161621,0.945312
0.531738,-0.285522,1.088501
-0.379028,-0.208252,0.779297
0.243408,0.043823,1.133423
0.118896,-0.370728,0.880981
-0.391357,0.150146,0.909424
0.532593,-0.271973,1.095825
-0.348267,-0.243164,0.775024
0.163574,0.069092,1.099976
0.169678,-0.387939,0.893188
-0.425171,0.120239,0.872192
0.525757,-0.251221,1.089355
-0.331665,-0.257324,0.784790
0.097412,0.076660,1.075073
0.219482,-0.384644,0.910156
-0.462158,0.095581,0.842285
0.509766,-0.215332,1.095459
-0.260742,-0.298584,0.790405
0.025024,0.106689,1.069336
0.262207,-0.391357,0.910400
-0.485352,0.071899,0.817993
0.492554,-0.192993,1.093384
-0.209106,-0.305420,0.790771
-0.044678,0.104614,1.036011
0.302490,-0.384888,0.931763
-0.512695,0.037231,0.790894
0.460693,-0.165894,1.089844
-0.180298,-0.304199,0.772583
-0.137695,0.148315,1.018921
0.350220,-0.400513,0.945312
-0.522583,0.013184,0.776489
0.420654,-0.125244,1.091309
-0.166016,-0.297974,0.780518
-0.227539,0.180908,1.004883
0.391357,-0.386475,0.979126
-0.524658,-0.042114,0.758789
0.355957,-0.075195,1.090942
-0.123291,-0.305786,0.786621
-0.315430,0.185181,0.957520
0.432739,-0.373291,0.991943
-0.511353,-0.090698,0.737183
0.288574,-0.025269,1.084229
-0.062622,-0.348633,0.788696
-0.395020,0.177856,0.904907
0.449097,-0.342163,0.996460
-0.482422,-0.158813,0.716431
0.201782,0.013672,1.057129
0.013428,-0.367310,0.810059
-0.462402,0.176636,0.864868
0.448730,-0.301270,1.014282
-0.449707,-0.197632,0.722290
0.118530,0.044556,1.046021
0.091797,-0.383789,0.833618
-0.517334,0.163818,0.834839
0.453003,-0.271729,1.019897
-0.374756,-0.254028,0.741821
0.033936,0.077881,1.029419
0.154297,-0.413086,0.840332
-0.550415,0.142822,0.817139
0.442261,-0.239624,1.017578
-0.300415,-0.287231,0.741089
-0.045410,0.100952,1.006958
0.222778,-0.418579,0.861206
-0.575317,0.091553,0.774292
0.416748,-0.202271,1.022217
-0.248901,-0.293823,0.732666
-0.131104,0.138428,0.982544
0.287109,-0.414551,0.891357
-0.589111,0.055908,0.746826
0.392334,-0.160767,1.025391
-0.213989,-0.308838,0.722778
-0.229492,0.175537,0.960571
0.347778,-0.401611,0.914917
-0.582275,0.017944,0.742188
0.338013,-0.096558,1.025635
-0.167114,-0.338623,0.715454
-0.306030,0.187988,0.917847
0.391479,-0.389893,0.936279
-0.562134,-0.025391,0.725464
0.271606,-0.041992,1.019043
-0.117676,-0.351318,0.743530
-0.404053,0.208740,0.890503
0.417236,-0.354736,0.956055
-0.545166,-0.084717,0.700195
0.191284,0.015991,1.022827
-0.038574,-0.371826,0.770386
-0.484009,0.218994,0.864624
0.428467,-0.328857,0.973633
-0.495850,-0.137085,0.721191
0.115479,0.069824,1.029663
0.039307,-0.384277,0.795288
-0.540527,0.214844,0.844360
0.441528,-0.283813,0.978027
-0.392822,-0.183105,0.752563
0.046631,0.093750,1.016357
0.129761,-0.392700,0.817139
-0.584473,0.198975,0.804321
0.432251,-0.239258,0.986206
-0.301147,-0.254028,0.733643
-0.030518,0.115234,0.992188
0.202881,-0.383545,0.846313
-0.591797,0.156372,0.775635
0.419189,-0.192261,0.993896
-0.231201,-0.302612,0.724854
-0.121338,0.152344,0.973267
0.276855,-0.381714,0.891479
-0.599731,0.120361,0.761230
0.386963,-0.133911,1.009033
-0.172607,-0.321411,0.730713
-0.208130,0.170044,0.933838
0.341431,-0.375122,0.913330
-0.588013,0.077148,0.745850
0.338257,-0.076172,1.008911
-0.124146,-0.362793,0.716187
-0.299805,0.190918,0.901245
0.386719,-0.357300,0.920898
-0.565308,0.015137,0.716919
0.263062,-0.017700,1.003662
-0.067627,-0.384521,0.732910
-0.385986,0.199463,0.878784
0.412964,-0.323486,0.950684
-0.529541,-0.071045,0.717163
0.192261,0.034424,1.008789
-0.006836,-0.387573,0.760742
-0.469360,0.231445,0.865234
0.451538,-0.291382,0.971924
-0.462524,-0.129272,0.734131
0.107422,0.088623,1.014893
0.072876,-0.393311,0.793579
-0.524902,0.222656,0.835083
0.460571,-0.253174,0.994507
-0.376587,-0.169678,0.746338
0.036255,0.128784,1.019043
0.162476,-0.392700,0.834351
-0.565186,0.195435,0.801270
0.456665,-0.220581,1.007812
-0.281494,-0.229736,0.756470
-0.044800,0.157227,0.995728
0.240723,-0.385376,0.868286
-0.585449,0.145508,0.774170
0.432007,-0.175537,1.014282
-0.191040,-0.272461,0.765503
-0.129272,0.166016,0.953369
0.315063,-0.378296,0.895630
-0.586060,0.110718,0.769409
0.393921,-0.126953,1.022217
-0.108765,-0.361450,0.745239
-0.212646,0.164185,0.911621
0.365967,-0.361694,0.920532
-0.569458,0.050415,0.749268
0.337402,-0.071167,1.006226
-0.046631,-0.405151,0.736816
-0.307495,0.182373,0.879639
0.409912,-0.337158,0.939331
-0.535278,-0.031616,0.712524
0.251221,-0.017700,1.000488
0.006104,-0.427612,0.740479
-0.390259,0.193604,0.849976
0.443970,-0.308228,0.953247
-0.481812,-0.102173,0.735107
0.163330,0.039062,1.010864
0.063232,-0.426025,0.779785
-0.466431,0.175903,0.822021
0.457886,-0.286133,0.978882
-0.425293,-0.131714,0.752930
0.081177,0.083252,1.002808
0.141357,-0.424927,0.813721
-0.530884,0.144165,0.783813
0.455811,-0.243652,0.991699
-0.321533,-0.198364,0.762451
-0.011597,0.135132,1.003418
0.225586,-0.436768,0.850708
-0.560181,0.107056,0.758301
0.453369,-0.206055,1.009155
-0.205200,-0.236572,0.785400
-0.107788,0.165894,0.972778
0.306519,-0.423462,0.896851
-0.562378,0.064941,0.765137
0.410034,-0.154663,1.021240
-0.101196,-0.325806,0.776001
-0.197632,0.167603,0.935303
0.381348,-0.405273,0.920898
-0.545410,0.005493,0.751099
0.349731,-0.099121,1.013306
-0.012817,-0.406494,0.765137
-0.288574,0.161499,0.883667
0.428589,-0.378662,0.938721
-0.515137,-0.088013,0.727905
0.264648,-0.052856,1.010620
0.043457,-0.442261,0.764526
-0.384644,0.164673,0.849976
0.465332,-0.345215,0.972900
-0.460938,-0.144653,0.743652
0.160034,0.015381,1.010864
0.105347,-0.456421,0.786987
-0.456055,0.147461,0.808105
0.471680,-0.300537,0.986328
-0.387695,-0.179321,0.758911
0.051880,0.082031,1.009399
0.203735,-0.473633,0.828003
-0.509155,0.089355,0.758179
0.471802,-0.259277,1.007690
-0.281128,-0.215576,0.792236
-0.043579,0.123047,1.002686
0.288330,-0.470703,0.877319
-0.531738,0.057617,0.755249
0.432251,-0.188599,1.017700
-0.161499,-0.254150,0.810791
-0.140991,0.157471,0.975586
0.364014,-0.445557,0.915894
-0.520630,0.012695,0.763550
0.384033,-0.126343,1.031860
-0.032349,-0.355225,0.802612
-0.240234,0.165283,0.937622
0.432983,-0.422241,0.956543
-0.482422,-0.092285,0.762329
0.304932,-0.053101,1.033569
0.049072,-0.429077,0.790161
-0.331299,0.157349,0.895874
0.486206,-0.381836,0.991577
-0.443726,-0.165771,0.753540
0.195557,-0.007080,1.025879
0.109619,-0.441162,0.805542
-0.405273,0.146973,0.852905
0.503052,-0.318481,1.017334
-0.360352,-0.218506,0.760376
0.090332,0.078125,1.039062
0.214478,-0.460083,0.847290
-0.466187,0.069824,0.786499
0.501343,-0.267090,1.044556
-0.263672,-0.221069,0.802734
-0.016846,0.134033,1.038818
0.321411,-0.476196,0.897339
-0.506470,0.059692,0.779785
0.458862,-0.189941,1.055054
-0.135620,-0.262207,0.839600
-0.106934,0.171509,1.029907
0.395508,-0.442627,0.954102
-0.494995,0.021118,0.783081
0.407104,-0.118408,1.064941
-0.008179,-0.351318,0.841431
-0.196899,0.176025,0.992432
0.470459,-0.406982,1.002075
-0.462769,-0.075928,0.769653
0.335205,-0.042480,1.069458
0.071899,-0.406250,0.841309
-0.278076,0.163818,0.959473
0.509399,-0.345581,1.042725
-0.398926,-0.150513,0.785522
0.232666,0.025146,1.066040
0.149414,-0.411865,0.867554
-0.357056,0.142334,0.906250
0.551025,-0.307251,1.082642
-0.337402,-0.214111,0.781494
0.119019,0.094360,1.060791
0.269287,-0.446533,0.900391
-0.424072,0.073364,0.832031
0.537842,-0.244019,1.089844
-0.233887,-0.248413,0.829956
0.021240,0.141602,1.067139
0.360474,-0.445679,0.955688
-0.462280,0.062134,0.828613
0.500854,-0.164917,1.103882
-0.117676,-0.255005,0.866943
-0.069702,0.184082,1.064331
0.435181,-0.416138,1.011719
-0.457275,0.003662,0.808350
0.447266,-0.093994,1.116211
0.027588,-0.346558,0.885864
-0.165405,0.208496,1.050049
0.501099,-0.357544,1.056641
-0.430664,-0.073486,0.808105
0.373413,-0.021973,1.129395
0.078247,-0.362061,0.886963
-0.266479,0.204468,1.011719
0.551025,-0.310425,1.104004
-0.371582,-0.170898,0.800659
0.261597,0.040039,1.114014
0.191406,-0.414185,0.911987
-0.341309,0.142822,0.923706
0.573853,-0.269165,1.114990
-0.286011,-0.226440,0.816772
0.144531,0.109741,1.100830
0.304810,-0.432495,0.955688
-0.404297,0.087769,0.865356
0.559570,-0.199585,1.137085
-0.189819,-0.245728,0.855835
0.030518,0.177856,1.097290
0.387207,-0.410156,1.002686
-0.433105,0.048096,0.857666
0.522705,-0.130615,1.150024
-0.076294,-0.277588,0.893799
-0.075928,0.212646,1.099365
0.459106,-0.383667,1.034668
-0.433594,-0.015015,0.837158
0.473389,-0.076172,1.157349
0.026245,-0.321167,0.893921
-0.156494,0.218628,1.071777
0.511719,-0.321167,1.084717
-0.413940,-0.078613,0.827271
0.386597,-0.005615,1.152222
0.091919,-0.358276,0.908203
-0.261963,0.213623,1.019653
0.565552,-0.272461,1.130127
-0.359985,-0.175903,0.817017
0.272705,0.057739,1.140747
0.194824,-0.408325,0.922852
-0.339233,0.136841,0.938477
0.575684,-0.240723,1.144165
-0.276611,-0.234863,0.840210
0.150269,0.112671,1.122559
0.296753,-0.414185,0.962524
-0.402588,0.097046,0.885742
0.563354,-0.191650,1.148926
-0.195190,-0.241577,0.858398
0.035156,0.158813,1.109863
0.379028,-0.394165,0.997070
-0.432129,0.035889,0.850830
0.527344,-0.138184,1.160645
-0.060425,-0.293945,0.878540
-0.066284,0.195923,1.090088
0.435181,-0.359497,1.028076
-0.443726,-0.032349,0.833618
0.469604,-0.081909,1.163574
-0.027222,-0.330444,0.857910
-0.172241,0.217285,1.063721
0.495483,-0.320679,1.072021
-0.431885,-0.086426,0.809692
0.391846,-0.017822,1.159302
0.048828,-0.359985,0.874878
-0.273804,0.198364,0.999390
0.539429,-0.280640,1.108643
-0.376465,-0.180420,0.796143
0.274414,0.041870,1.143921
0.143433,-0.401245,0.888306
-0.354614,0.143555,0.924927
0.551636,-0.261230,1.112549
-0.309814,-0.240845,0.807251
0.157593,0.093140,1.116455
0.232178,-0.399414,0.929688
-0.423828,0.107300,0.884766
0.544922,-0.215332,1.118774
-0.253784,-0.254639,0.824341
0.051025,0.119629,1.088867
0.305054,-0.378174,0.966187
-0.455322,0.046143,0.835205
0.516479,-0.187012,1.111450
-0.140381,-0.310425,0.823853
-0.046143,0.157349,1.068115
0.367310,-0.361328,0.987427
-0.468262,-0.015259,0.812012
0.471069,-0.133423,1.127808
-0.105835,-0.323486,0.811646
-0.166138,0.196655,1.037354
0.425781,-0.327026,1.014404
-0.476074,-0.070312,0.779053
0.397217,-0.065063,1.131592
-0.062866,-0.351807,0.818237
-0.279785,0.191284,0.985474
0.473877,-0.302979,1.055176
-0.456665,-0.114502,0.759521
0.299683,-0.006348,1.121094
0.022339,-0.390259,0.822632
-0.367310,0.172852,0.916992
0.488770,-0.295288,1.055298
-0.411377,-0.176147,0.757568
0.202148,0.040771,1.100586
0.110718,-0.394165,0.858887
-0.446411,0.135986,0.876221
0.493408,-0.260376,1.060425
-0.376831,-0.219727,0.762085
0.101074,0.073853,1.069092
0.190430,-0.380859,0.891602
-0.483032,0.097534,0.844971
0.487427,-0.239746,1.063721
-0.268433,-0.274902,0.781982
0.001099,0.095459,1.026367
0.252197,-0.375244,0.908203
-0.513916,0.042603,0.793945
0.454468,-0.203369,1.060181
-0.212402,-0.323120,0.754150
-0.106445,0.132080,1.004639
0.311890,-0.371094,0.930176
-0.535156,0.003540,0.769775
0.417480,-0.159912,1.075317
-0.175415,-0.332153,0.761719
-0.230225,0.182861,0.994141
0.376709,-0.357178,0.968018
-0.544434,-0.036865,0.746826
0.343384,-0.087769,1.079224
-0.122314,-0.350342,0.760986
-0.325928,0.186768,0.938110
0.410400,-0.343872,0.984741
-0.520020,-0.093262,0.726196
0.258423,-0.027222,1.066284
-0.040039,-0.378174,0.782959
-0.425781,0.183228,0.894897
0.427002,-0.310547,0.996704
-0.483643,-0.132446,0.724854
0.152100,0.041626,1.053101
0.053589,-0.380859,0.823608
-0.502075,0.158691,0.850952
0.449829,-0.277710,1.011597
-0.391357,-0.212524,0.744263
0.047363,0.091553,1.029419
0.135010,-0.390259,0.842041
-0.545166,0.120850,0.811035
0.443115,-0.242676,1.019897
-0.308472,-0.296997,0.725952
-0.056763,0.120117,0.993164
0.224243,-0.406616,0.871094
-0.579590,0.077271,0.772827
0.423096,-0.202515,1.029053
-0.235718,-0.318115,0.711548
-0.168335,0.158691,0.981812
0.297241,-0.394043,0.902710
-0.585693,0.040649,0.744019
0.372437,-0.138306,1.036865
-0.181519,-0.332397,0.721802
-0.276123,0.184204,0.938354
0.361572,-0.371094,0.929443
-0.578979,-0.017090,0.724243
0.220581,-0.001831,1.067017
-0.121216,-0.381226,0.729248
-0.445923,0.175049,0.888672
0.451050,-0.280518,1.027344
-0.541382,-0.076416,0.712402
0.113159,0.059937,1.051636
0.109863,-0.390625,0.843262
-0.513428,0.135498,0.835205
0.467407,-0.254028,1.040894
-0.340942,-0.249634,0.755127
0.004639,0.102417,1.024658
0.187744,-0.410156,0.862305
-0.549805,0.089355,0.790771
0.451660,-0.231079,1.034668
-0.265991,-0.298828,0.735718
-0.099121,0.136475,0.997559
0.272217,-0.411987,0.888184
-0.578125,0.047485,0.756226
0.410522,-0.189087,1.033081
-0.211060,-0.306641,0.734253
-0.220337,0.172974,0.972168
0.336426,-0.375854,0.926636
-0.576416,0.000854,0.744385
0.350708,-0.103760,1.045288
-0.153442,-0.356934,0.736816
-0.320312,0.187988,0.923218
0.387451,-0.358154,0.949951
-0.563232,-0.045532,0.716309
0.255371,-0.048706,1.031128
-0.082153,-0.375366,0.759644
-0.422241,0.198975,0.886230
0.421387,-0.317139,0.980347
-0.521484,-0.106812,0.708618
0.142822,0.031860,1.016724
0.012329,-0.394531,0.797607
-0.505615,0.188232,0.861084
0.440063,-0.270752,1.007446
-0.437500,-0.149536,0.741089
0.047729,0.094849,1.015625
0.115967,-0.394409,0.828857
-0.559082,0.150024,0.813232
0.434692,-0.236084,1.012451
-0.318726,-0.262085,0.726440
-0.053711,0.145630,1.002563
0.218506,-0.409790,0.857666
-0.596924,0.110352,0.767578
0.417847,-0.198853,1.015259
-0.235474,-0.313721,0.722534
-0.152954,0.172607,0.979248
0.299438,-0.391357,0.892090
-0.607788,0.074585,0.749878
0.385132,-0.144409,1.022339
-0.176392,-0.351929,0.710693
-0.261597,0.201172,0.939331
0.363647,-0.374756,0.908813
-0.584961,0.035156,0.740234
0.304688,-0.080811,1.012451
-0.114136,-0.383667,0.715454
-0.355713,0.207642,0.896729
0.396729,-0.330078,0.938843
-0.550537,-0.032959,0.714478
0.213257,-0.013672,1.006592
-0.043701,-0.395996,0.749023
-0.442139,0.210327,0.872559
0.424561,-0.292969,0.961304
-0.497559,-0.103760,0.718750
0.117188,0.063965,1.011230
0.042236,-0.400635,0.791748
-0.515137,0.190918,0.841064
0.433960,-0.240479,0.982788
-0.401123,-0.155396,0.738037
0.041260,0.115967,1.010620
0.138428,-0.400513,0.830444
-0.568359,0.165771,0.801514
0.436401,-0.205078,1.007812
-0.301758,-0.221802,0.743286
-0.048828,0.161255,0.991455
0.234741,-0.396484,0.863403
-0.595581,0.138062,0.771484
0.423828,-0.170410,1.005371
-0.209595,-0.281250,0.746704
-0.142334,0.195068,0.960205
0.315552,-0.383301,0.897949
-0.599487,0.103149,0.748779
0.398438,-0.143555,1.018433
-0.138794,-0.351196,0.729370
-0.230225,0.205566,0.925537
0.371582,-0.353638,0.917480
-0.575562,0.052734,0.743774
0.335938,-0.082031,1.009033
-0.075806,-0.394043,0.729614
-0.316528,0.210693,0.888062
0.406250,-0.329468,0.936646
-0.549194,-0.032959,0.714844
0.247314,-0.028809,0.996948
-0.019165,-0.407959,0.747803
-0.397217,0.197388,0.855469
0.430664,-0.293335,0.956055
-0.504639,-0.090576,0.723633
0.155273,0.041870,1.010620
0.045776,-0.413208,0.785889
-0.474731,0.183716,0.830200
0.452637,-0.244751,0.987549
-0.432251,-0.109985,0.748535
0.078979,0.105957,1.014038
0.126587,-0.420288,0.811890
-0.538574,0.167480,0.804565
0.451904,-0.222046,1.001953
-0.345581,-0.172974,0.754272
-0.000732,0.150146,1.006836
0.213135,-0.422485,0.854980
-0.572144,0.139526,0.777588
0.446289,-0.197754,1.006348
-0.236816,-0.229248,0.766113
-0.089355,0.180054,0.977417
0.286621,-0.410400,0.880737
-0.578003,0.093384,0.763916
0.426636,-0.162842,1.018066
-0.140503,-0.300171,0.768799
-0.178711,0.186523,0.943726
0.350708,-0.399170,0.911255
-0.567017,0.064819,0.765137
0.378174,-0.116577,1.009766
-0.065308,-0.372437,0.761597
-0.260132,0.175171,0.891602
0.393555,-0.362183,0.936890
-0.539795,-0.017212,0.739380
0.306152,-0.061401,0.996582
-0.010376,-0.404297,0.759155
-0.338623,0.169922,0.852295
0.437866,-0.339478,0.950806
-0.496948,-0.069824,0.740601
0.211182,-0.001465,0.995972
0.046997,-0.430908,0.767212
-0.408203,0.155396,0.828613
0.458252,-0.306152,0.970825
-0.451660,-0.131470,0.745239
0.133423,0.057617,1.015259
0.105591,-0.446045,0.785645
-0.476318,0.138062,0.793091
0.461792,-0.285767,0.983032
-0.392212,-0.181885,0.740112
0.054810,0.109741,1.014404
0.183960,-0.445557,0.825317
-0.527222,0.111816,0.766846
0.467285,-0.268066,0.994995
-0.309570,-0.200562,0.773315
-0.032349,0.140259,1.002686
0.262939,-0.449951,0.859253
-0.557251,0.083740,0.751831
0.450195,-0.230713,1.016846
-0.212036,-0.241455,0.792236
-0.105713,0.156494,0.985718
0.314575,-0.437012,0.897095
-0.558228,0.065552,0.762695
0.426025,-0.182007,1.023071
-0.107300,-0.311890,0.800659
-0.184082,0.179199,0.953857
0.378662,-0.420410,0.920044
-0.532227,0.020630,0.762817
0.373413,-0.134766,1.011230
-0.030151,-0.370239,0.798218
-0.247681,0.160278,0.921265
0.422241,-0.396851,0.943481
-0.506592,-0.071167,0.740723
0.298584,-0.078003,1.011719
0.039551,-0.422729,0.788330
-0.313965,0.145386,0.885376
0.461060,-0.366943,0.973389
-0.474976,-0.118042,0.738403
0.226074,-0.027954,1.007812
0.087402,-0.450684,0.785522
-0.374878,0.128174,0.847534
0.489380,-0.326538,0.998779
-0.423828,-0.166382,0.740723
0.141357,0.050537,1.028809
0.140503,-0.474121,0.804810
-0.430054,0.107422,0.822632
0.502808,-0.311768,1.020386
-0.367554,-0.196899,0.760254
0.062622,0.097290,1.025635
0.230469,-0.481201,0.842529
-0.466431,0.055786,0.795776
0.505737,-0.277466,1.042725
-0.287476,-0.232666,0.784180
-0.004272,0.140503,1.032959
0.302612,-0.474365,0.882812
-0.491699,0.051025,0.787476
0.478271,-0.238892,1.037842
-0.209229,-0.242676,0.811401
-0.067383,0.162109,1.027466
0.355835,-0.444702,0.926392
-0.506836,0.051514,0.794556
0.452515,-0.191162,1.053101
-0.102661,-0.285278,0.838989
-0.133057,0.180664,1.017578
0.404907,-0.409302,0.970215
-0.490967,-0.007080,0.782104
0.414185,-0.139893,1.072510
-0.015381,-0.367798,0.844971
-0.195190,0.178589,0.996826
0.453491,-0.398682,0.991089
-0.468506,-0.058716,0.780518
0.365479,-0.087891,1.075073
0.061035,-0.413086,0.849243
-0.247437,0.174683,0.977905
0.490234,-0.354126,1.030518
-0.437622,-0.113647,0.771851
0.314453,-0.038818,1.080200
0.083618,-0.405884,0.850952
-0.301880,0.168823,0.961182
0.527832,-0.320801,1.066650
-0.402466,-0.149658,0.778931
0.240723,0.025024,1.078491
0.161987,-0.432983,0.873779
-0.351685,0.136108,0.916016
0.557251,-0.299316,1.088867
-0.357422,-0.178345,0.781982
0.177490,0.076172,1.080444
0.238525,-0.457153,0.897339
-0.383423,0.095825,0.877563
0.563599,-0.280029,1.092041
-0.300781,-0.203125,0.803833
0.113770,0.116089,1.075806
0.303589,-0.445679,0.934204
-0.416260,0.072388,0.852661
0.554688,-0.244019,1.102783
-0.239868,-0.215576,0.836914
0.049927,0.153320,1.079712
0.360840,-0.443481,0.966675
-0.442017,0.068115,0.849731
0.529785,-0.192627,1.123169
-0.172974,-0.233398,0.858276
-0.012817,0.191772,1.085815
0.412598,-0.409668,1.005249
-0.444702,0.031250,0.844849
0.505493,-0.156738,1.130005
-0.079468,-0.269165,0.884155
-0.076050,0.213135,1.084229
0.453491,-0.377075,1.028687
-0.438477,-0.009155,0.834839
0.480469,-0.114868,1.147217
0.017944,-0.339233,0.899780
-0.137085,0.228638,1.068237
0.489624,-0.353027,1.053101
-0.428589,-0.054565,0.827637
0.445435,-0.077026,1.158447
0.035400,-0.356934,0.896484
-0.186279,0.225952,1.053101
0.523071,-0.319336,1.084839
-0.416382,-0.069824,0.819580
0.397095,-0.025269,1.157104
0.074219,-0.367798,0.907104
-0.245361,0.224487,1.042603
0.554199,-0.301270,1.113159
-0.398438,-0.100464,0.817871
0.343384,0.007812,1.158447
0.132446,-0.388428,0.916504
-0.290649,0.193970,1.009399
0.570557,-0.285156,1.127197
-0.366089,-0.144775,0.815308
0.283569,0.049072,1.151123
0.188843,-0.407471,0.927368
-0.323486,0.140381,0.949951
0.580444,-0.273438,1.131958
-0.326294,-0.176758,0.821533
0.223633,0.077881,1.128662
0.244629,-0.416504,0.941650
-0.364136,0.110352,0.921631
0.583618,-0.258423,1.137329
-0.285156,-0.206055,0.838989
0.163208,0.117920,1.118164
0.288330,-0.404907,0.965698
-0.401733,0.099976,0.900391
0.578369,-0.229980,1.144409
-0.253296,-0.232422,0.844849
0.092529,0.135376,1.110474
0.329468,-0.394287,0.979126
-0.418579,0.076660,0.882080
0.564209,-0.206421,1.142334
-0.199097,-0.247559,0.852051
0.033203,0.162354,1.100952
0.354492,-0.369507,0.992188
-0.431763,0.035767,0.864624
0.544434,-0.183594,1.154785
-0.123413,-0.312500,0.863892
-0.021606,0.176636,1.090942
0.385742,-0.374268,0.996338
-0.442017,0.010498,0.841309
0.512939,-0.150635,1.147339
-0.083008,-0.335327,0.847534
-0.074829,0.179932,1.074707
0.408936,-0.361572,1.006104
-0.456299,-0.003418,0.828369
0.490356,-0.125366,1.154907
-0.072632,-0.355225,0.840454
-0.133057,0.187988,1.056274
0.433350,-0.341797,1.012939
-0.467285,-0.016235,0.818359
0.460571,-0.102783,1.154053
-0.067139,-0.336792,0.836914
-0.192139,0.205566,1.044678
0.459106,-0.330078,1.037476
-0.474854,-0.039795,0.795776
0.417603,-0.075806,1.144653
-0.037109,-0.330933,0.850952
-0.245117,0.197754,1.020386
0.474121,-0.321289,1.041260
-0.472046,-0.066772,0.777222
0.365845,-0.040283,1.141724
-0.007324,-0.356201,0.841309
-0.289551,0.173584,0.983643
0.479614,-0.320190,1.050659
-0.465454,-0.078247,0.773193
0.325928,-0.020996,1.132812
0.021729,-0.367676,0.851196
-0.329224,0.162231,0.950562
0.486450,-0.312256,1.047729
-0.449463,-0.123047,0.753784
0.276123,0.005981,1.117920
0.056763,-0.371948,0.844604
-0.374634,0.162720,0.923096
0.488403,-0.314575,1.047485
-0.423706,-0.155151,0.762573
0.221558,0.036377,1.097168
0.078613,-0.353760,0.857422
-0.417847,0.147095,0.901611
0.493530,-0.308228,1.057251
-0.424316,-0.187744,0.747437
0.164917,0.049194,1.077759
0.115234,-0.375610,0.864502
-0.458618,0.148804,0.874878
0.492676,-0.296387,1.053833
-0.411499,-0.223267,0.748535
0.109863,0.076538,1.062744
0.149902,-0.384644,0.867676
-0.486328,0.131226,0.855591
0.489258,-0.285278,1.048218
-0.380127,-0.221313,0.758911
0.062134,0.089844,1.048950
0.170166,-0.403198,0.856323
-0.505493,0.117065,0.832397
0.472656,-0.268555,1.039429
-0.339478,-0.253174,0.760620
0.016235,0.099609,1.037354
0.199341,-0.404541,0.870117
-0.530762,0.110596,0.807617
0.466309,-0.237305,1.040894
-0.295166,-0.283813,0.759888
-0.025269,0.108765,1.017456
0.232056,-0.412964,0.875366
-0.551025,0.102783,0.785767
0.449341,-0.236328,1.038940
-0.265625,-0.284790,0.743774
-0.075195,0.119019,1.001099
0.259277,-0.414673,0.880005
-0.567017,0.101685,0.777710
0.436035,-0.217773,1.031738
-0.245361,-0.311890,0.735229
-0.128662,0.135254,0.985352
0.283813,-0.412231,0.890747
-0.585327,0.076050,0.758423
0.412598,-0.198486,1.026611
-0.219971,-0.309204,0.740845
-0.179688,0.154175,0.979248
0.309082,-0.398926,0.901611
-0.588013,0.065430,0.753418
0.389893,-0.174316,1.026123
-0.193359,-0.322266,0.735718
-0.235962,0.162476,0.959351
0.340210,-0.401855,0.913330
-0.586914,0.043091,0.746094
0.363159,-0.133545,1.028809
-0.169800,-0.334961,0.734619
-0.272827,0.168945,0.932373
0.361938,-0.384277,0.924194
-0.595093,0.032593,0.733643
0.332397,-0.099365,1.024292
-0.148071,-0.346558,0.737427
-0.320435,0.173706,0.914062
0.377075,-0.370361,0.937256
-0.579956,-0.005127,0.718750
0.291260,-0.062988,1.019287
-0.121338,-0.361206,0.731079
-0.370850,0.185913,0.888672
0.402222,-0.366821,0.935059
-0.567749,-0.025513,0.698975
0.239502,-0.022949,1.015137
-0.084351,-0.375000,0.748535
-0.417358,0.203369,0.887451
0.419434,-0.344971,0.958374
-0.563110,-0.050537,0.700195
0.198120,0.006470,1.010986
-0.039307,-0.371460,0.768433
-0.453369,0.201050,0.884399
0.424316,-0.332397,0.967651
-0.538086,-0.086426,0.705322
0.152222,0.047729,1.014648
0.001587,-0.391846,0.779907
-0.496094,0.210693,0.866455
0.438843,-0.304443,0.985474
-0.495850,-0.108032,0.726074
0.099976,0.082275,1.018188
0.052490,-0.388794,0.795288
-0.529541,0.214844,0.850952
0.450073,-0.283081,0.989136
-0.424316,-0.136230,0.744751
0.057495,0.112305,1.009399
0.099243,-0.389282,0.808472
-0.554565,0.205566,0.825562
0.449219,-0.266724,0.987793
-0.372559,-0.191895,0.740112
0.019897,0.136108,1.005127
0.149902,-0.390259,0.824951
-0.569824,0.193970,0.811157
0.448608,-0.244873,0.995850
-0.320068,-0.223389,0.736450
-0.022217,0.152710,0.995361
0.202393,-0.382202,0.852051
-0.595703,0.180542,0.787354
0.451538,-0.226074,1.006348
-0.262695,-0.263794,0.734375
-0.070923,0.174683,0.987671
0.247681,-0.384766,0.862305
-0.600342,0.162598,0.785767
0.438354,-0.189209,1.014160
-0.213745,-0.276123,0.749146
-0.118408,0.177734,0.966187
0.294922,-0.380615,0.883057
-0.603516,0.141479,0.757812
0.415527,-0.156494,1.011963
-0.160400,-0.320068,0.747925
-0.173828,0.181763,0.940674
0.337769,-0.366699,0.906616
-0.588379,0.111328,0.749756
0.382324,-0.126099,1.002563
-0.116089,-0.350342,0.742065
-0.217651,0.188477,0.920654
0.364136,-0.359497,0.919556
-0.575928,0.077637,0.748535
0.345581,-0.089233,1.006104
-0.080811,-0.380981,0.736450
-0.274048,0.198730,0.902832
0.392456,-0.356934,0.925293
-0.557983,0.017700,0.732788
0.307251,-0.051514,1.004150
-0.051758,-0.398193,0.729614
-0.327637,0.190308,0.866577
0.420776,-0.349609,0.937378
-0.546997,-0.020020,0.722046
0.263306,-0.022949,1.006836
-0.022095,-0.414917,0.743652
-0.379639,0.193237,0.861084
0.448975,-0.339355,0.948730
-0.513062,-0.061890,0.729004
0.202515,0.018066,1.007568
0.022583,-0.418823,0.756348
-0.419556,0.203125,0.845703
0.453979,-0.316040,0.965454
-0.484253,-0.084717,0.742310
0.160278,0.047241,1.020142
0.060913,-0.429810,0.767334
-0.468750,0.193237,0.819824
0.469360,-0.306641,0.970215
-0.442505,-0.116211,0.746704
0.110352,0.083008,1.027588
0.105347,-0.434570,0.785767
-0.510254,0.184326,0.810669
0.474609,-0.285400,0.970459
-0.396851,-0.144409,0.760498
0.059082,0.109985,1.018677
0.165649,-0.444580,0.820557
-0.549561,0.154663,0.784424
0.469482,-0.266479,0.983887
-0.343628,-0.156128,0.772583
-0.002930,0.132446,1.007202
0.230957,-0.448120,0.851440
-0.560303,0.117554,0.762329
0.454346,-0.235229,0.998047
-0.260986,-0.198364,0.784180
-0.059448,0.148560,0.991699
0.289673,-0.436279,0.881836
-0.566895,0.094238,0.759155
0.422607,-0.202637,0.997070
-0.175171,-0.258179,0.789185
-0.127808,0.157593,0.963379
0.337891,-0.425049,0.909912
-0.547241,0.044189,0.762329
0.397827,-0.144897,1.021362
-0.102661,-0.307983,0.785522
-0.195557,0.154663,0.927124
0.386597,-0.408569,0.934204
-0.534180,0.001099,0.755615
0.354248,-0.099365,1.016357
-0.035156,-0.380737,0.776001
-0.261597,0.155029,0.891724
0.428467,-0.396118,0.950928
-0.509399,-0.066650,0.751831
0.281128,-0.053589,1.015869
0.016968,-0.423584,0.770630
-0.335938,0.146362,0.866699
0.459839,-0.387695,0.958374
-0.478394,-0.117310,0.746704
0.220947,-0.022705,1.015747
0.060059,-0.439819,0.774292
-0.404541,0.131470,0.823853
0.483643,-0.356079,0.966187
-0.429321,-0.153687,0.752563
0.146973,0.022461,1.021362
0.122925,-0.448486,0.810547
-0.458984,0.131592,0.803589
0.488892,-0.334473,0.987427
-0.371460,-0.191284,0.765381
0.076172,0.065796,1.030884
0.213501,-0.466431,0.840454
-0.501465,0.093384,0.767334
0.485962,-0.288452,1.000122
-0.289185,-0.228394,0.780396
-0.006592,0.101318,1.014160
0.289917,-0.471436,0.879883
-0.521729,0.075073,0.758423
0.454346,-0.222656,1.030518
-0.197266,-0.233765,0.813965
-0.074219,0.138672,1.007812
0.358398,-0.461304,0.926514
-0.529297,0.060425,0.780396
0.420532,-0.153442,1.041504
-0.099487,-0.308228,0.826172
-0.153076,0.153687,0.990845
0.424316,-0.445068,0.968384
-0.505981,-0.005615,0.767334
0.367676,-0.082886,1.047607
-0.001099,-0.379028,0.815186
-0.227051,0.143188,0.950317
0.469971,-0.405762,0.996460
-0.460449,-0.097168,0.763550
0.309937,-0.040894,1.055786
0.061768,-0.404785,0.815186
-0.300537,0.155151,0.926636
0.512451,-0.376953,1.015259
-0.424316,-0.152710,0.767334
0.234741,0.011108,1.062012
0.110962,-0.399780,0.844971
-0.357544,0.136108,0.894897
0.535767,-0.335815,1.044556
-0.372803,-0.197998,0.774170
0.159668,0.050537,1.057007
0.209473,-0.432373,0.871338
-0.414551,0.098267,0.840454
0.533936,-0.302856,1.057251
-0.298340,-0.231201,0.806274
0.079346,0.097290,1.057007
0.294922,-0.438843,0.921753
-0.455811,0.071045,0.808105
0.505859,-0.236694,1.066895
-0.204590,-0.233276,0.848633
0.001709,0.136230,1.066040
0.369995,-0.430054,0.971802
-0.479858,0.064819,0.810547
0.472168,-0.149414,1.098267
-0.112305,-0.260742,0.864624
-0.075562,0.155884,1.058350
0.442383,-0.417480,1.002930
-0.465576,0.012817,0.815430
0.437744,-0.082642,1.110962
0.010498,-0.337524,0.874512
-0.163818,0.175415,1.027466
0.502686,-0.394775,1.043213
-0.440430,-0.058472,0.801270
0.384155,-0.029663,1.118652
0.065430,-0.362183,0.875610
-0.243042,0.202271,1.007812
0.542603,-0.342407,1.085327
-0.394531,-0.129517,0.805908
0.309448,0.026733,1.126831
0.135010,-0.377319,0.904663
-0.314941,0.168945,0.957520
0.568726,-0.301636,1.110718
-0.339355,-0.211060,0.800049
0.215576,0.076294,1.114990
0.232300,-0.406250,0.927490
-0.364502,0.106079,0.890869
0.565796,-0.250977,1.116089
-0.266846,-0.245239,0.825928
0.122437,0.114258,1.107056
0.323608,-0.421143,0.968750
-0.418579,0.097656,0.856445
0.547363,-0.201416,1.126709
-0.186646,-0.241821,0.866455
0.033691,0.154541,1.107300
0.401855,-0.418457,1.015625
-0.450439,0.065918,0.848267
0.518677,-0.126709,1.145630
-0.076172,-0.281128,0.873291
-0.056763,0.191406,1.095703
0.466553,-0.392334,1.044434
-0.446167,0.015015,0.849243
0.482788,-0.078491,1.162842
0.017212,-0.327148,0.888428
-0.142334,0.209717,1.076660
0.510620,-0.354980,1.072998
-0.424683,-0.045776,0.832031
0.423462,-0.031128,1.166626
0.048096,-0.338013,0.895142
-0.227173,0.210083,1.043701
0.546143,-0.315552,1.111328
-0.395142,-0.129639,0.811890
0.349365,0.014526,1.162842
0.123047,-0.355957,0.915039
-0.296387,0.175903,0.978271
0.571777,-0.282104,1.130859
-0.333008,-0.212524,0.813843
0.254028,0.065186,1.146729
0.208130,-0.398071,0.937256
-0.356689,0.126587,0.917603
0.570190,-0.244873,1.137207
-0.274292,-0.242310,0.838745
0.162964,0.104736,1.128540
0.293823,-0.401855,0.968262
-0.415649,0.107666,0.877808
0.561890,-0.205688,1.147827
-0.211426,-0.263916,0.846924
0.064575,0.147827,1.109253
0.351807,-0.392456,0.987549
-0.440430,0.075073,0.860718
0.537476,-0.163696,1.146240
-0.125122,-0.290527,0.859863
-0.025269,0.158813,1.095947
0.396851,-0.388062,1.007202
-0.447388,0.033447,0.845825
0.508911,-0.124146,1.155396
-0.071411,-0.320557,0.839722
-0.095337,0.175903,1.074219
0.435547,-0.367065,1.017090
-0.458984,0.005127,0.836304
0.468506,-0.074585,1.170776
-0.057007,-0.330444,0.836182
-0.191040,0.202026,1.050415
0.479980,-0.343628,1.059570
-0.453857,-0.055664,0.813721
0.401978,-0.030518,1.159058
-0.006226,-0.316284,0.861328
-0.267578,0.205444,1.013428
0.512939,-0.326660,1.073486
-0.423950,-0.138428,0.785400
0.331177,0.004028,1.146973
0.048828,-0.342896,0.867798
-0.330200,0.164917,0.949097
0.528564,-0.313721,1.083862
-0.379395,-0.195435,0.778442
0.246582,0.040649,1.123779
0.118408,-0.361938,0.882690
-0.396240,0.146606,0.899902
0.534302,-0.276611,1.089478
-0.351562,-0.236694,0.793335
0.154907,0.061279,1.092407
0.183716,-0.371582,0.903687
-0.443970,0.118530,0.869995
0.516357,-0.231934,1.096558
-0.299316,-0.267944,0.791016
0.063477,0.089966,1.075928
0.242676,-0.376709,0.913818
-0.468506,0.081421,0.841187
0.493774,-0.215088,1.084106
-0.223267,-0.308472,0.787354
-0.012085,0.101196,1.049072
0.291992,-0.393433,0.920044
-0.496216,0.063477,0.812256
0.475220,-0.176270,1.089844
-0.196289,-0.312256,0.773315
-0.102417,0.129883,1.021118
0.340820,-0.399170,0.940063
-0.514526,0.025757,0.796997
0.437866,-0.141235,1.090210
-0.175415,-0.296509,0.776611
-0.192871,0.161743,0.997681
0.511597,-0.311890,1.085205
-0.514038,-0.022583,0.764404
0.331543,0.013916,1.152344
-0.141479,-0.295410,0.783325
-0.322876,0.179199,0.962891
0.527954,-0.309814,1.080200
-0.388062,-0.194214,0.779541
0.252563,0.037231,1.127441
0.112427,-0.363770,0.878174
-0.385254,0.161621,0.920044
0.525024,-0.282227,1.085205
-0.353149,-0.243042,0.788574
0.169312,0.058838,1.104370
0.171021,-0.363403,0.908447
-0.433472,0.133057,0.881958
0.520630,-0.247070,1.094482
-0.334595,-0.265747,0.780151
0.091553,0.085327,1.084595
0.226318,-0.386963,0.922363
-0.464233,0.095581,0.850098
0.510010,-0.238525,1.083008
-0.250244,-0.289185,0.790894
0.023560,0.099487,1.060791
0.269287,-0.377441,0.921875
-0.491699,0.070190,0.817383
0.486938,-0.198242,1.088379
-0.215088,-0.309448,0.777100
-0.061157,0.113770,1.032104
0.315063,-0.391724,0.933716
-0.517334,0.044312,0.793457
0.457642,-0.162720,1.089355
-0.189331,-0.303101,0.760620
-0.146362,0.146729,1.012817
0.361206,-0.384766,0.949707
-0.525879,0.002319,0.776855
0.408936,-0.121704,1.091187
-0.164185,-0.313599,0.776978
-0.237183,0.170166,0.987915
0.387695,-0.377319,0.975708
-0.529785,-0.038818,0.753662
0.360229,-0.088257,1.084351
-0.134033,-0.290283,0.795044
-0.305786,0.182129,0.953003
0.414917,-0.361084,0.976807
-0.513062,-0.077393,0.738281
0.300293,-0.032104,1.080322
-0.083252,-0.327637,0.791626
-0.373901,0.171509,0.904419
0.428955,-0.356323,0.986938
-0.494507,-0.129272,0.718628
0.227905,0.007568,1.064819
-0.013916,-0.369019,0.799683
-0.437744,0.179565,0.889160
0.440918,-0.323120,0.999023
-0.488037,-0.168701,0.714722
0.161987,0.032959,1.050537
0.050415,-0.390137,0.817505
-0.498901,0.185181,0.867432
0.449097,-0.291260,1.010498
-0.437866,-0.216675,0.723511
0.075439,0.071411,1.034912
0.109985,-0.398804,0.833496
-0.533325,0.159790,0.830933
0.448486,-0.277832,1.015259
-0.373047,-0.248901,0.735352
0.009033,0.088257,1.024658
0.172607,-0.411377,0.851929
-0.562988,0.141724,0.800903
0.432617,-0.251709,1.009155
-0.299805,-0.273926,0.729980
-0.062012,0.109253,0.986572
0.234375,-0.417847,0.865967
-0.585083,0.117554,0.782959
0.420410,-0.205322,1.018433
-0.252441,-0.303955,0.718018
-0.142456,0.140137,0.975098
0.288086,-0.413574,0.888184
-0.595581,0.083618,0.759399
0.398560,-0.162964,1.025146
-0.215088,-0.320557,0.719971
-0.219238,0.163330,0.954956
0.329224,-0.399048,0.905396
-0.589600,0.041870,0.747925
0.356567,-0.111450,1.029541
-0.173218,-0.322510,0.725098
-0.296265,0.181274,0.916748
0.376099,-0.392822,0.918823
-0.575806,0.003784,0.726807
0.292847,-0.059692,1.027222
-0.130005,-0.352783,0.739014
-0.373657,0.199707,0.887451
0.396973,-0.368286,0.930542
-0.554810,-0.046143,0.697876
0.234985,-0.010742,1.016968
-0.068115,-0.376343,0.755615
-0.439087,0.212280,0.874023
0.410645,-0.333618,0.949097
-0.528442,-0.114868,0.693604
0.158203,0.039551,1.011353
-0.004028,-0.384644,0.772705
-0.492920,0.227905,0.864380
0.432495,-0.292603,0.968628
-0.470825,-0.134155,0.723145
0.098022,0.079956,1.017700
0.063599,-0.402222,0.799561
-0.545898,0.227539,0.833252
0.441895,-0.276855,0.977661
-0.393921,-0.179810,0.737549
0.042969,0.106079,1.008423
0.138062,-0.404541,0.822510
-0.566528,0.211060,0.812378
0.441040,-0.241333,0.982056
-0.326782,-0.209961,0.741211
-0.013184,0.122437,0.998169
0.200195,-0.405762,0.843628
-0.598145,0.198364,0.797363
0.431885,-0.202393,0.995850
-0.262817,-0.265869,0.738037
-0.087524,0.154297,0.981079
0.260254,-0.396973,0.870605
-0.598389,0.159302,0.783325
0.421631,-0.164307,1.005127
-0.208008,-0.273315,0.753784
-0.153809,0.170288,0.955200
0.315063,-0.385254,0.891602
-0.592163,0.121094,0.770020
0.400269,-0.120361,1.014893
-0.150024,-0.305908,0.752441
-0.218750,0.187988,0.923828
0.361450,-0.376953,0.910400
-0.573975,0.083740,0.760376
0.360352,-0.073486,1.018066
-0.097900,-0.352417,0.738281
-0.288330,0.192627,0.895020
0.393066,-0.372314,0.927002
-0.557007,0.013916,0.732544
0.303467,-0.021118,1.005005
-0.049316,-0.391846,0.730347
-0.348755,0.185425,0.867188
0.416016,-0.347534,0.938232
-0.534302,-0.045288,0.726318
0.244873,0.016479,1.010254
-0.010498,-0.400024,0.750366
-0.401123,0.188599,0.848511
0.435791,-0.332397,0.953857
-0.510620,-0.098999,0.713501
0.190308,0.041626,1.017334
0.039673,-0.405396,0.767822
-0.445679,0.197510,0.835449
0.447754,-0.311768,0.963135
-0.472412,-0.119751,0.733276
0.138672,0.069336,1.026733
0.075439,-0.403442,0.790039
-0.488892,0.201538,0.821289
0.455078,-0.280640,0.975952
-0.420166,-0.157471,0.743530
0.090820,0.088867,1.021240
0.127808,-0.399902,0.814697
-0.527222,0.187744,0.794678
0.465454,-0.258301,0.987549
-0.360840,-0.204224,0.743652
0.030762,0.120361,1.007568
0.183838,-0.413086,0.846436
-0.548218,0.159302,0.781372
0.466553,-0.239990,0.993530
-0.299561,-0.204224,0.768799
-0.029663,0.143677,1.000610
0.243042,-0.433838,0.860107
-0.563477,0.126099,0.755493
0.460449,-0.217041,1.003662
-0.229736,-0.213379,0.787109
-0.091431,0.158081,0.981934
0.294678,-0.441895,0.871826
-0.572388,0.105713,0.762329
0.435913,-0.176270,1.021484
-0.166992,-0.267822,0.789307
-0.133789,0.159180,0.963501
0.326904,-0.416382,0.899658
-0.562744,0.087891,0.765259
0.411865,-0.140747,1.021240
-0.106689,-0.321167,0.789917
-0.185669,0.151611,0.941162
0.370483,-0.421875,0.916626
-0.547729,0.045898,0.759644
0.369751,-0.114624,1.009033
-0.055420,-0.346191,0.788940
-0.234497,0.149536,0.913574
0.401611,-0.405884,0.931519
-0.529785,-0.019653,0.758667
0.328979,-0.077515,1.014282
-0.018188,-0.383911,0.779663
-0.289185,0.138062,0.881104
0.437744,-0.403564,0.944946
-0.502686,-0.081055,0.742310
0.273682,-0.046509,1.006958
0.019287,-0.412109,0.773315
-0.346436,0.136597,0.853271
0.467041,-0.373047,0.970337
-0.477051,-0.130493,0.737061
0.216553,-0.013306,1.007324
0.068237,-0.440796,0.787842
-0.388184,0.126343,0.830933
0.480957,-0.349731,0.991211
-0.437012,-0.145752,0.754395
0.164429,0.021484,1.022339
0.110840,-0.430786,0.807617
-0.438721,0.125854,0.816284
0.489014,-0.335693,1.010986
-0.390747,-0.196411,0.754028
0.097900,0.071167,1.031738
0.183472,-0.449097,0.833130
-0.470825,0.097900,0.797485
0.498657,-0.315674,1.004761
-0.330811,-0.226685,0.772217
0.036133,0.102783,1.028564
0.255127,-0.462280,0.862061
-0.494385,0.062988,0.767456
0.487793,-0.286011,1.017334
-0.263184,-0.244873,0.799561
-0.033813,0.132568,1.020874
0.321411,-0.455933,0.900269
-0.512207,0.067017,0.773315
0.464722,-0.221802,1.048218
-0.182495,-0.273071,0.819702
-0.090820,0.150635,1.015015
0.368408,-0.442993,0.937866
-0.508789,0.049927,0.783081
0.433960,-0.155884,1.057861
-0.106201,-0.307983,0.818848
-0.136719,0.150635,1.003784
0.420898,-0.427124,0.973999
-0.496582,0.010010,0.783203
0.402710,-0.108521,1.065796
-0.023926,-0.367065,0.825806
-0.192017,0.155273,0.977539
0.469604,-0.408691,0.995972
-0.469727,-0.049683,0.773682
0.358032,-0.068115,1.069702
0.047729,-0.394043,0.842651
-0.240234,0.151123,0.970093
0.502686,-0.376953,1.036865
-0.437988,-0.100098,0.780151
0.317261,-0.029419,1.075928
0.078125,-0.402100,0.844360
-0.290161,0.158325,0.953491
0.529297,-0.352295,1.053955
-0.406128,-0.142944,0.786865
0.256592,0.020996,1.082153
0.132568,-0.397217,0.877441
-0.351318,0.151855,0.926270
0.560791,-0.325928,1.082031
-0.363403,-0.186768,0.786987
0.197754,0.060791,1.082642
0.209839,-0.425171,0.899658
-0.393921,0.114136,0.876831
0.559937,-0.304199,1.088989
-0.300781,-0.217285,0.813232
0.135864,0.100586,1.085449
0.278931,-0.433716,0.924316
-0.418457,0.077271,0.837646
0.542969,-0.257935,1.091064
-0.242310,-0.232422,0.835571
0.087036,0.137939,1.093628
0.338379,-0.426636,0.956177
-0.448242,0.091553,0.839355
0.534790,-0.215942,1.111328
-0.181030,-0.252075,0.859497
0.029053,0.171753,1.100220
0.384399,-0.413208,0.994385
-0.467651,0.087524,0.837402
0.519653,-0.168701,1.122314
-0.116333,-0.284912,0.870728
-0.027710,0.183838,1.096924
0.425659,-0.388062,1.027710
-0.467651,0.044067,0.830566
0.493774,-0.123901,1.136108
-0.035034,-0.313721,0.887695
-0.087036,0.197510,1.090942
0.459351,-0.376709,1.051636
-0.453857,0.000488,0.832031
0.469849,-0.074463,1.163208
0.025146,-0.335083,0.900146
-0.124878,0.197754,1.075317
0.492188,-0.360352,1.068115
-0.440186,-0.031494,0.827148
0.447266,-0.039307,1.167847
0.029419,-0.339966,0.892578
-0.166260,0.210327,1.071045
0.512573,-0.340942,1.085205
-0.438965,-0.045288,0.816772
0.414551,-0.012939,1.169800
0.061646,-0.348145,0.897217
-0.215942,0.214478,1.057495
0.547119,-0.306885,1.118896
-0.418091,-0.097656,0.802124
0.374146,0.005371,1.156738
0.099121,-0.355957,0.915649
-0.266846,0.203125,1.022705
0.570801,-0.302490,1.133423
-0.376099,-0.155151,0.802856
0.317871,0.049438,1.160522
0.136230,-0.368408,0.911865
-0.300171,0.169067,0.982300
0.588989,-0.292847,1.142212
-0.351685,-0.183594,0.811401
0.262939,0.075684,1.156860
0.178467,-0.386230,0.919678
-0.335815,0.151611,0.938110
0.583252,-0.269775,1.136475
-0.320435,-0.213501,0.820312
0.208984,0.090332,1.138672
0.230957,-0.406006,0.930664
-0.381348,0.133911,0.913086
0.577881,-0.259399,1.129150
-0.278442,-0.226318,0.839722
0.155029,0.108032,1.125732
0.269653,-0.401855,0.944702
-0.413940,0.112671,0.884644
0.581055,-0.252319,1.130981
-0.253174,-0.250854,0.837158
0.090454,0.115723,1.108276
0.300537,-0.392700,0.953369
-0.434204,0.089844,0.869507
0.560791,-0.212769,1.136597
-0.191650,-0.265503,0.852661
0.026367,0.135132,1.092773
0.330688,-0.374756,0.969849
-0.455933,0.056519,0.835571
0.539673,-0.190063,1.132324
-0.133301,-0.305664,0.846802
-0.027954,0.135864,1.080811
0.352417,-0.380005,0.977417
-0.464600,0.031250,0.822876
0.503296,-0.154175,1.132080
-0.115479,-0.330566,0.824097
-0.084473,0.152344,1.056763
0.392334,-0.360718,0.987061
-0.492065,0.012573,0.810791
0.459839,-0.123047,1.121582
-0.102051,-0.326782,0.812134
-0.146729,0.173706,1.047119
0.421753,-0.342163,1.009521
-0.496948,-0.013062,0.788818
0.418335,-0.087280,1.127930
-0.084717,-0.325928,0.822144
-0.214966,0.182617,1.015137
0.451172,-0.334106,1.031128
-0.499878,-0.036377,0.784180
0.372314,-0.037964,1.125244
-0.051636,-0.315674,0.823608
-0.270752,0.171143,0.982056
0.468018,-0.330322,1.037109
-0.478760,-0.089844,0.759644
0.313232,-0.018799,1.112793
-0.013062,-0.319336,0.835449
-0.333984,0.170654,0.941528
0.480713,-0.332642,1.038330
-0.455322,-0.151978,0.744141
0.242798,0.021851,1.104004
0.038086,-0.372681,0.837524
-0.400391,0.161255,0.908691
0.474121,-0.304321,1.046875
-0.433716,-0.170288,0.755249
0.171265,0.051025,1.076294
0.083984,-0.386597,0.846924
-0.454468,0.141968,0.873047
0.485962,-0.289551,1.056763
-0.423828,-0.209473,0.737549
0.103149,0.077515,1.060181
0.148804,-0.394287,0.860962
-0.498047,0.125732,0.837646
0.482178,-0.275269,1.046753
-0.339600,-0.261597,0.754028
0.026733,0.094116,1.033691
0.198242,-0.378662,0.872925
-0.534668,0.102661,0.807129
0.470337,-0.254272,1.050293
-0.269531,-0.322021,0.743774
-0.051758,0.106201,1.003296
0.248413,-0.388916,0.887695
-0.563843,0.088013,0.778687
0.450195,-0.240967,1.031128
-0.226074,-0.338623,0.741577
-0.138550,0.122314,0.989136
0.293335,-0.386963,0.906860
-0.571289,0.055786,0.753296
0.396973,-0.173340,1.040771
-0.187744,-0.324219,0.752930
-0.226929,0.151611,0.969727
0.333740,-0.371826,0.933472
-0.571167,0.014038,0.733521
0.346191,-0.109619,1.035522
-0.157715,-0.318604,0.763184
-0.308960,0.158447,0.933594
0.374146,-0.357300,0.945435
-0.559448,-0.031494,0.715332
0.281250,-0.038940,1.036743
-0.096680,-0.354736,0.753174
-0.383911,0.164185,0.897949
0.402466,-0.334473,0.971924
-0.531250,-0.083740,0.703613
0.209229,0.001587,1.032471
-0.041382,-0.375977,0.768555
-0.468384,0.186523,0.869873
0.428101,-0.320190,0.982544
-0.506714,-0.134033,0.697876
0.124878,0.054810,1.015137
0.034912,-0.388672,0.791992
-0.523682,0.188721,0.856079
0.438232,-0.289551,0.987671
-0.437378,-0.174927,0.729980
0.047485,0.099976,1.013184
0.109253,-0.388794,0.823486
-0.574341,0.178589,0.818115
0.445923,-0.276001,1.003784
-0.338013,-0.234985,0.737549
-0.019531,0.131714,0.994629
0.184082,-0.396973,0.843628
-0.598511,0.150513,0.787476
0.426270,-0.243530,1.004028
-0.257690,-0.296387,0.730469
-0.099731,0.139526,0.979736
0.246704,-0.381592,0.858398
-0.607422,0.131104,0.763794
0.408203,-0.204468,1.005371
-0.202881,-0.329346,0.732544
-0.187866,0.172729,0.953003
0.305420,-0.363403,0.894409
-0.600952,0.097778,0.749146
0.369629,-0.154785,1.005493
-0.151123,-0.353882,0.731567
-0.262207,0.181396,0.917603
0.351929,-0.346924,0.918457
-0.581665,0.047974,0.732422
0.315918,-0.079224,1.012573
-0.100220,-0.384888,0.727539
-0.348877,0.192871,0.882080
0.395630,-0.341187,0.935303
-0.561646,-0.001831,0.707642
0.238159,-0.001709,0.995728
-0.047974,-0.390991,0.747314
-0.416504,0.197510,0.863281
0.421143,-0.305664,0.965820
-0.525391,-0.057983,0.711426
0.154175,0.066284,1.011475
0.020386,-0.392334,0.771240
-0.480835,0.202271,0.852417
0.437012,-0.287109,0.968628
-0.457397,-0.118408,0.723633
0.092407,0.115112,1.026855
0.084473,-0.378784,0.802612
-0.538818,0.202393,0.827393
0.450806,-0.274780,0.995361
-0.379883,-0.190186,0.735352
0.031860,0.140381,1.005859
0.156982,-0.377441,0.822998
-0.573975,0.186279,0.796875
0.458496,-0.241577,1.004883
-0.284302,-0.238647,0.751587
-0.041748,0.161255,0.991089
0.225098,-0.373169,0.862427
-0.601318,0.167725,0.774658
0.451782,-0.208984,1.007568
-0.214355,-0.266968,0.760986
-0.110718,0.171631,0.964111
0.291504,-0.368652,0.879883
-0.604126,0.145508,0.764282
0.420654,-0.163452,1.006958
-0.143677,-0.310791,0.768433
-0.177979,0.179077,0.940186
0.337646,-0.363647,0.903687
-0.586182,0.125610,0.762085
0.375366,-0.105347,1.011963
-0.082031,-0.366821,0.752686
-0.243530,0.169556,0.906250
0.383911,-0.352417,0.928833
-0.565552,0.059326,0.741211
0.323120,-0.054443,1.007935
-0.039062,-0.391724,0.746948
-0.312500,0.164062,0.869507
0.420166,-0.348145,0.940796
-0.538696,-0.012085,0.720581
0.251221,0.001709,0.997437
-0.002808,-0.407349,0.744873
-0.367065,0.152222,0.849243
0.445068,-0.330933,0.959473
-0.500732,-0.077026,0.729980
0.188232,0.052368,1.009766
0.036865,-0.397827,0.770264
-0.430542,0.161865,0.827148
0.464966,-0.314331,0.979492
-0.467407,-0.108643,0.742920
0.132935,0.083252,1.016968
0.082397,-0.428467,0.775269
-0.483765,0.167847,0.811035
0.471558,-0.309204,0.980225
-0.413330,-0.142212,0.760742
0.080200,0.100708,1.010010
0.132690,-0.403564,0.807251
-0.526489,0.156982,0.785767
0.480713,-0.305786,0.984497
-0.358887,-0.198975,0.758301
0.017700,0.136719,1.017334
0.202393,-0.421631,0.836182
-0.549927,0.133179,0.762451
0.466309,-0.277710,0.986938
-0.281250,-0.233643,0.779785
-0.041260,0.146729,1.002441
0.256470,-0.430420,0.862061
-0.563110,0.112549,0.748291
0.454712,-0.237183,1.003052
-0.204956,-0.263794,0.787720
-0.102051,0.168823,0.984863
0.307983,-0.432373,0.880737
-0.558594,0.104492,0.763916
0.419312,-0.188843,1.017578
-0.140747,-0.300293,0.795532
-0.149780,0.159912,0.968018
0.354126,-0.422729,0.917114
-0.559448,0.075806,0.759277
0.390991,-0.138062,1.026733
-0.067627,-0.363770,0.785767
-0.204956,0.152588,0.940063
0.391357,-0.410522,0.933960
-0.534668,0.004517,0.746094
0.343140,-0.109619,1.001465
-0.007324,-0.393921,0.787842
-0.265015,0.139160,0.902222
0.432861,-0.406494,0.950684
-0.500977,-0.062988,0.738525
0.280396,-0.052856,1.010864
0.035034,-0.407837,0.786865
-0.314575,0.124390,0.868408
0.465820,-0.392822,0.974365
-0.478394,-0.106689,0.753418
0.229614,-0.002441,1.024536
0.079468,-0.433594,0.794067
-0.378418,0.118652,0.849121
0.494019,-0.368286,0.996704
-0.435059,-0.158203,0.746460
0.155273,0.038696,1.022095
0.119019,-0.441162,0.809692
-0.427734,0.108643,0.831909
0.512207,-0.344727,1.016479
-0.389282,-0.191772,0.758179
0.090942,0.072510,1.025635
0.204834,-0.458008,0.843994
-0.466064,0.084351,0.794434
0.507935,-0.307373,1.022827
-0.311279,-0.223511,0.777466
0.024048,0.117065,1.032959
0.269653,-0.467773,0.873657
-0.491211,0.056274,0.775757
0.488281,-0.275513,1.037842
-0.240356,-0.233887,0.814331
-0.039795,0.146606,1.032227
0.338013,-0.455078,0.917725
-0.504883,0.056274,0.784302
0.458862,-0.211304,1.053345
-0.151123,-0.267944,0.828979
-0.098511,0.161743,1.019409
0.390625,-0.435547,0.952637
-0.500244,0.037964,0.793335
0.433472,-0.156128,1.065552
-0.063110,-0.329956,0.833740
-0.143555,0.170288,1.006836
0.431885,-0.403809,0.987793
-0.472900,-0.028687,0.786011
0.395508,-0.105835,1.075806
0.013916,-0.390747,0.842529
-0.200684,0.169067,0.997192
0.473999,-0.391724,1.011108
-0.449585,-0.076782,0.788574
0.359497,-0.055420,1.092651
0.066162,-0.409424,0.845215
-0.249390,0.157959,0.970947
0.506714,-0.355347,1.042358
-0.414551,-0.115601,0.794922
0.308472,-0.013794,1.085693
0.089966,-0.396118,0.857788
-0.299927,0.163330,0.954102
0.535889,-0.321899,1.078613
-0.385620,-0.157104,0.791748
0.259521,0.036987,1.098022
0.154907,-0.409302,0.886475
-0.354004,0.144531,0.923584
0.564209,-0.311035,1.088623
-0.346313,-0.187988,0.794556
0.199463,0.070557,1.091675
0.217529,-0.424194,0.913818
-0.375244,0.102173,0.885254
0.562012,-0.276978,1.106079
-0.307983,-0.203979,0.807129
0.153931,0.103516,1.090698
0.284302,-0.441772,0.936035
-0.402100,0.084473,0.869507
0.558716,-0.248901,1.108398
-0.253052,-0.223877,0.835327
0.097900,0.137695,1.093994
0.329590,-0.433472,0.965088
-0.430542,0.075684,0.853516
0.544922,-0.215210,1.126343
-0.208618,-0.232544,0.846802
0.035400,0.174927,1.093262
0.381836,-0.414551,0.989990
-0.441528,0.060791,0.852051
0.530640,-0.180542,1.129761
-0.151001,-0.243042,0.864624
-0.021606,0.200562,1.099487
0.427979,-0.404907,1.012451
-0.440796,0.031616,0.853516
0.515869,-0.138672,1.148071
-0.065918,-0.272583,0.890747
-0.068848,0.203735,1.089966
0.461792,-0.375977,1.046509
-0.432495,-0.004761,0.848633
0.483154,-0.103394,1.160889
0.018677,-0.338623,0.894165
-0.126953,0.208130,1.073486
0.492310,-0.330322,1.069214
-0.421875,-0.044678,0.835327
0.452637,-0.064453,1.163940
0.023315,-0.348633,0.886719
-0.192139,0.210571,1.046997
0.526245,-0.302979,1.099243
-0.409546,-0.079834,0.826294
0.393677,-0.005493,1.161987
0.073975,-0.351807,0.911011
-0.254395,0.208740,1.027954
0.550049,-0.280029,1.119141
-0.377686,-0.141602,0.813721
0.329834,0.025635,1.162109
0.136597,-0.368652,0.923218
-0.302856,0.183594,0.977905
0.571533,-0.270752,1.128906
-0.337158,-0.191406,0.815674
0.263916,0.070557,1.158081
0.201416,-0.399658,0.929077
-0.348877,0.148315,0.934204
0.573608,-0.262207,1.129028
-0.313110,-0.210327,0.821533
0.195312,0.105469,1.148071
0.269775,-0.432861,0.950439
-0.391602,0.132690,0.910889
0.568115,-0.238281,1.124878
-0.274292,-0.233032,0.818848
0.130127,0.120239,1.126587
0.309814,-0.410156,0.965332
-0.419922,0.101196,0.891113
0.561890,-0.208252,1.137085
-0.239746,-0.259277,0.828125
0.059814,0.133057,1.092285
0.336914,-0.389771,0.976074
-0.443604,0.063232,0.869385
0.549561,-0.187378,1.144287
-0.159424,-0.293701,0.848267
-0.005859,0.145264,1.080078
0.360352,-0.373901,0.980591
-0.444580,0.022705,0.845825
0.523071,-0.165894,1.144287
-0.115845,-0.327148,0.837769
-0.053589,0.145630,1.057617
0.385498,-0.350098,0.988403
-0.463135,-0.001709,0.824951
0.502686,-0.143188,1.149292
-0.093506,-0.319824,0.829224
-0.122925,0.170044,1.045410
0.410889,-0.339722,1.010010
-0.473389,-0.032104,0.801025
0.459717,-0.110352,1.151489
-0.081787,-0.331177,0.822998
-0.192993,0.192871,1.024902
0.440918,-0.324097,1.022339
-0.475952,-0.061768,0.786133
0.409912,-0.080811,1.136597
-0.061401,-0.324707,0.837280
-0.262817,0.204590,1.006104
0.461426,-0.323975,1.044067
-0.357910,-0.173096,0.805908
0.265625,0.055420,1.150146
0.183105,-0.401855,0.918701
-0.348511,0.152222,0.948608
0.565186,-0.267090,1.122314
-0.331909,-0.205444,0.805908
0.207886,0.087402,1.144287
0.223511,-0.408936,0.927979
-0.377686,0.130371,0.919067
0.559082,-0.243164,1.124634
-0.305298,-0.225952,0.813599
0.151489,0.104004,1.119873
0.262817,-0.407471,0.937500
-0.406494,0.102539,0.889282
0.557129,-0.226685,1.121582
-0.280029,-0.239380,0.817871
0.093018,0.116211,1.105103
0.286499,-0.393799,0.945190
-0.436157,0.081055,0.861450
0.541870,-0.197388,1.127686
-0.232300,-0.256714,0.829102
0.031006,0.118530,1.078613
0.308960,-0.385986,0.956909
-0.458862,0.050781,0.835693
0.523926,-0.179565,1.128174
-0.175659,-0.296021,0.819336
-0.019653,0.135498,1.057495
0.335938,-0.386230,0.954468
-0.474854,0.028564,0.832642
0.503052,-0.166992,1.127075
-0.159668,-0.313599,0.796387
-0.075439,0.145508,1.042847
0.368530,-0.383667,0.962402
-0.491211,0.010010,0.806396
0.476318,-0.146606,1.121338
-0.145386,-0.315308,0.792847
-0.127319,0.163696,1.025635
0.386597,-0.360962,0.981201
-0.503784,-0.016235,0.791382
0.445190,-0.125000,1.121460
-0.140137,-0.315186,0.785522
-0.196411,0.188843,1.017944
0.417480,-0.361572,0.997803
-0.509766,-0.042480,0.773315
0.398071,-0.104736,1.109863
-0.124878,-0.318848,0.791626
-0.265259,0.183838,0.983154
0.429688,-0.354370,1.005005
-0.501343,-0.066895,0.763794
0.352417,-0.078735,1.101074
-0.090942,-0.315552,0.805176
-0.313354,0.188110,0.957031
0.445923,-0.343018,1.009033
-0.495361,-0.115601,0.741821
0.301636,-0.041138,1.093262
-0.050415,-0.343872,0.808228
-0.377197,0.188721,0.921143
0.447998,-0.331299,1.008911
-0.478638,-0.152222,0.720825
0.250610,-0.005859,1.086548
-0.002808,-0.369263,0.810425
-0.436279,0.176758,0.887695
0.459351,-0.322632,1.009399
-0.466309,-0.158569,0.728027
0.191040,0.025879,1.067749
0.054077,-0.383423,0.824097
-0.477173,0.172119,0.860596
0.456665,-0.300903,1.008301
-0.453125,-0.197266,0.728394
0.123291,0.054199,1.042847
0.096558,-0.374023,0.840942
-0.516846,0.161621,0.842285
0.451782,-0.280273,1.018311
-0.400757,-0.226685,0.739746
0.063354,0.072998,1.037598
0.142700,-0.393311,0.848877
-0.537964,0.133179,0.810669
0.451050,-0.268311,1.012329
-0.353516,-0.238525,0.748291
0.003784,0.092529,1.019409
0.187744,-0.404785,0.852417
-0.557495,0.129028,0.794189
0.440186,-0.242798,1.013062
-0.308228,-0.267822,0.734131
-0.051636,0.101929,0.997070
0.225464,-0.415039,0.866089
-0.570068,0.109253,0.782715
0.431274,-0.215942,1.019287
-0.269897,-0.305542,0.716553
-0.111694,0.127319,0.979980
0.272583,-0.414429,0.879883
-0.589844,0.091064,0.764893
0.415771,-0.184570,1.030151
-0.230957,-0.304565,0.718384
-0.171021,0.156250,0.969360
0.302734,-0.409912,0.897583
-0.592773,0.067017,0.749023
0.381714,-0.163208,1.021118
-0.210693,-0.319946,0.723389
-0.224731,0.168701,0.948120
0.335571,-0.399292,0.905762
-0.594238,0.051270,0.743286
0.355347,-0.132202,1.024170
-0.177856,-0.336548,0.721558
-0.281982,0.177246,0.921997
0.362915,-0.395386,0.916138
-0.590210,0.025024,0.737183
0.320435,-0.096802,1.023804
-0.148071,-0.356201,0.718994
-0.334473,0.194214,0.902710
0.388550,-0.386475,0.921753
-0.579956,0.015259,0.728760
0.289062,-0.057739,1.019165
-0.107300,-0.374390,0.729248
-0.382080,0.202393,0.890381
0.402954,-0.369141,0.936401
-0.560547,-0.031860,0.716431
0.237183,-0.009521,1.014404
-0.070190,-0.380493,0.740112
-0.411865,0.214478,0.878418
0.411987,-0.342407,0.946777
-0.546997,-0.074097,0.696411
0.196533,0.004639,1.008545
-0.029907,-0.384766,0.756348
-0.458618,0.228760,0.872437
0.422852,-0.325562,0.952637
-0.514038,-0.094482,0.711304
0.157715,0.040649,1.012939
0.013916,-0.372559,0.776611
-0.496826,0.238892,0.859375
0.434937,-0.299561,0.967041
-0.482056,-0.133789,0.728516
0.117065,0.069824,1.024536
0.045044,-0.390137,0.787598
-0.518066,0.227417,0.847778
0.443481,-0.281128,0.973389
-0.430664,-0.155151,0.738037
0.079346,0.102295,1.022949
0.086792,-0.391724,0.802124
-0.537964,0.224487,0.841064
0.453247,-0.262085,0.982056
-0.400391,-0.165771,0.745239
0.055908,0.110107,1.010986
0.128906,-0.399536,0.819824
-0.556763,0.218140,0.817261
0.456299,-0.238037,0.990112
-0.355957,-0.201660,0.750244
0.023315,0.123291,1.006226
0.174561,-0.406494,0.835693
-0.574341,0.205322,0.797363
0.455200,-0.221191,0.997559
-0.309692,-0.206055,0.752441
-0.014771,0.142090,1.000122
0.205811,-0.396973,0.852905
-0.580933,0.193604,0.786255
0.456543,-0.205200,0.997314
-0.275635,-0.220459,0.760742
-0.051514,0.159424,0.993652
0.236694,-0.404175,0.861816
-0.582275,0.169189,0.781128
0.447632,-0.198242,1.009277
-0.242920,-0.248901,0.755005
-0.084106,0.167114,0.982788
0.270142,-0.413330,0.879272
-0.595093,0.162842,0.769043
0.447632,-0.178223,1.011841
-0.202148,-0.244751,0.769165
-0.111938,0.166138,0.960938
0.303833,-0.412842,0.890869
-0.589111,0.146484,0.763428
0.432373,-0.147095,1.015259
-0.161865,-0.274292,0.770508
-0.144531,0.170898,0.953003
0.330811,-0.412842,0.893677
-0.583740,0.130615,0.767212
0.422852,-0.143433,1.012451
-0.129639,-0.294556,0.764893
-0.167725,0.165894,0.934814
0.347778,-0.412598,0.892212
-0.581177,0.115234,0.765747
0.405762,-0.131226,1.016724
-0.106812,-0.305542,0.781738
-0.194702,0.171997,0.928467
0.364868,-0.404541,0.911743
-0.568604,0.067993,0.752686
0.383057,-0.114502,1.014526
-0.073486,-0.330811,0.784302
-0.226074,0.169067,0.913818
0.387939,-0.400024,0.925903
-0.561646,0.028687,0.751099
0.354980,-0.097900,1.005737
-0.052246,-0.355225,0.769043
-0.256714,0.158691,0.881958
0.405762,-0.389893,0.929565
-0.553711,-0.005737,0.737061
0.327881,-0.076050,1.000610
-0.026367,-0.388428,0.764648
-0.281982,0.160645,0.883423
0.426025,-0.386353,0.942139
-0.537109,-0.033691,0.746460
0.296997,-0.055298,1.008789
0.004761,-0.401611,0.764282
-0.321289,0.161621,0.868286
0.447998,-0.372070,0.956543
-0.513306,-0.084106,0.730469
0.249756,-0.032104,1.004028
0.024170,-0.418701,0.773926
-0.350952,0.141479,0.854736
0.457886,-0.362305,0.962402
-0.493652,-0.109375,0.738525
0.210205,-0.007690,1.013672
0.050537,-0.430542,0.777832
-0.380493,0.133789,0.834229
0.470459,-0.354126,0.970459
-0.469971,-0.131714,0.733643
0.180664,0.018311,1.010742
0.077637,-0.439941,0.779541
-0.424683,0.136719,0.813721
0.485107,-0.343506,0.977295
-0.442505,-0.163452,0.739136
0.140015,0.049194,1.022705
0.114990,-0.448975,0.798950
-0.445557,0.125977,0.807983
0.492920,-0.332764,0.999268
-0.407593,-0.175171,0.753906
0.095459,0.070068,1.020386
0.167969,-0.465454,0.815552
-0.469604,0.115601,0.798340
0.502075,-0.308350,1.012573
-0.363159,-0.205078,0.764282
0.046997,0.095215,1.023804
0.224121,-0.470093,0.838989
-0.480713,0.082764,0.771362
0.494507,-0.278931,1.024536
-0.312622,-0.228638,0.776978
-0.002075,0.114868,1.016724
0.265503,-0.472412,0.871216
-0.499634,0.051025,0.762329
0.482178,-0.265015,1.038208
-0.256226,-0.229980,0.800293
-0.040283,0.141357,1.026123
0.312744,-0.466431,0.896606
-0.513916,0.055786,0.775024
0.462280,-0.224854,1.036377
-0.189697,-0.249146,0.816895
-0.086182,0.159424,1.025146
0.359985,-0.457153,0.926270
-0.520142,0.060059,0.782837
0.446899,-0.183472,1.051514
-0.130493,-0.274780,0.833008
-0.124146,0.169556,1.016479
0.402954,-0.450073,0.950195
-0.512451,0.028198,0.781250
0.422485,-0.149902,1.062866
-0.059448,-0.315308,0.836304
-0.164185,0.162476,0.999268
0.440308,-0.434204,0.978394
-0.487061,-0.026001,0.777466
0.394287,-0.101074,1.068115
0.003418,-0.361328,0.841187
-0.199463,0.166260,0.990356
0.471802,-0.416870,1.003052
-0.465454,-0.066040,0.779297
0.357300,-0.067505,1.078003
0.054321,-0.397705,0.844971
-0.234863,0.156128,0.979126
0.506470,-0.383667,1.029663
-0.443237,-0.096191,0.781372
0.322388,-0.028076,1.080078
0.085083,-0.383789,0.861450
-0.281860,0.158447,0.964478
0.527466,-0.343994,1.053833
-0.413574,-0.139160,0.780273
0.273682,0.012573,1.086548
0.122192,-0.387329,0.873535
-0.323608,0.163452,0.939575
0.554443,-0.325562,1.080078
-0.380005,-0.180054,0.776978
0.225708,0.054199,1.085571
0.183228,-0.405518,0.893921
-0.353394,0.142212,0.924561
0.565308,-0.297729,1.098511
-0.335938,-0.217529,0.786133
0.177734,0.085938,1.086426
0.244629,-0.427368,0.907104
-0.376953,0.101685,0.875488
0.567871,-0.281372,1.102173
-0.291870,-0.248291,0.802368
0.133057,0.105469,1.081787
0.294800,-0.427856,0.932251
-0.407471,0.085449,0.857666
0.554443,-0.246338,1.111206
-0.244873,-0.257202,0.828247
0.082397,0.133789,1.087402
0.337158,-0.416138,0.966431
-0.435547,0.100342,0.854492
0.552124,-0.203491,1.132446
-0.191895,-0.258545,0.850098
0.029419,0.162720,1.103516
0.388916,-0.417603,0.991089
-0.447632,0.081299,0.854736
0.529419,-0.166016,1.134033
-0.134399,-0.277222,0.866577
-0.022583,0.185425,1.104736
0.428223,-0.401978,1.025024
-0.446533,0.055054,0.846558
0.509277,-0.122803,1.149780
-0.061157,-0.294434,0.888916
-0.072754,0.192139,1.091797
0.456543,-0.382812,1.038452
-0.441650,0.018555,0.841675
0.493408,-0.088501,1.156738
0.011475,-0.337036,0.895996
-0.113403,0.198364,1.086060
0.484741,-0.367798,1.061768
-0.438477,-0.008179,0.842163
0.466064,-0.059204,1.173950
0.017334,-0.328125,0.893311
-0.167725,0.209961,1.073364
0.517700,-0.344727,1.088623
-0.428345,-0.060547,0.829712
0.420654,-0.020630,1.169067
0.045044,-0.321777,0.906006
-0.228394,0.208130,1.045898
0.549805,-0.316284,1.112427
-0.403687,-0.110352,0.802368
0.373413,0.020874,1.171509
0.087158,-0.326050,0.914551
-0.266602,0.192749,1.017212
0.564209,-0.294067,1.125244
-0.372559,-0.165894,0.812500
0.311890,0.053467,1.156860
0.140869,-0.358398,0.919434
-0.313843,0.161377,0.964966
0.577026,-0.284790,1.138184
-0.340454,-0.210083,0.805420
0.253174,0.079834,1.151489
0.195679,-0.382690,0.921143
-0.352905,0.138062,0.924561
0.577271,-0.276123,1.130005
-0.303955,-0.251099,0.816162
0.186157,0.099854,1.132568
0.244507,-0.404907,0.933594
-0.401123,0.126221,0.895386
0.568604,-0.251953,1.132568
-0.276123,-0.273804,0.825073
0.128296,0.107544,1.113525
0.287964,-0.404785,0.953979
-0.427734,0.111450,0.875610
0.550659,-0.223389,1.127930
-0.238281,-0.288574,0.826172
0.068359,0.112915,1.099609
0.317017,-0.390869,0.958862
-0.448608,0.085938,0.856445
0.538330,-0.190186,1.130371
-0.183716,-0.310547,0.837891
0.008545,0.112793,1.081543
0.344360,-0.383789,0.977417
-0.459106,0.062378,0.838745
0.515747,-0.160156,1.135376
-0.126953,-0.319092,0.826538
-0.049683,0.123779,1.059937
0.368896,-0.367554,0.981445
-0.470337,0.026733,0.822266
0.487793,-0.116089,1.142090
-0.108643,-0.310913,0.824829
-0.109985,0.142822,1.048584
0.405762,-0.363525,1.000732
-0.479980,-0.006836,0.810669
0.455933,-0.069824,1.149414
-0.110474,-0.291138,0.815918
-0.189209,0.177124,1.034180
0.442261,-0.359863,1.020752
-0.490234,-0.036621,0.796509
0.403931,-0.040283,1.141113
-0.089478,-0.297241,0.819702
-0.258301,0.179443,0.991699
0.466919,-0.358032,1.038330
-0.481812,-0.081665,0.771606
0.352539,-0.012451,1.137695
-0.053467,-0.286621,0.833374
-0.308716,0.179932,0.965454
0.474487,-0.348389,1.033325
-0.457764,-0.142700,0.747925
0.287598,0.009766,1.122314
-0.004517,-0.328857,0.830322
-0.362915,0.181763,0.930054
0.484497,-0.333862,1.040894
-0.443481,-0.187378,0.736084
0.236938,0.030884,1.104004
0.044800,-0.356445,0.836914
-0.427368,0.174927,0.898560
0.485352,-0.317139,1.039795
-0.421387,-0.220581,0.734863
0.161499,0.057251,1.083130
0.091431,-0.380859,0.836060
-0.475952,0.161987,0.858643
0.486084,-0.297363,1.042969
-0.411133,-0.241699,0.734741
0.097778,0.066772,1.052856
0.138916,-0.391113,0.851562
-0.500610,0.141479,0.843262
0.474731,-0.278809,1.041626
-0.348999,-0.247559,0.766357
0.041016,0.067017,1.044678
0.178345,-0.408081,0.855591
-0.530151,0.134521,0.819092
0.463501,-0.246460,1.041748
-0.301514,-0.272827,0.767334
-0.012085,0.073608,1.014160
0.214722,-0.413696,0.861206
-0.553467,0.113159,0.788208
0.452148,-0.218506,1.036011
-0.267212,-0.322510,0.738892
-0.074951,0.094116,0.992065
0.259277,-0.416138,0.880005
-0.577271,0.079590,0.765503
0.432617,-0.193604,1.029175
-0.232544,-0.286865,0.743408
-0.147705,0.130493,0.989868
0.303589,-0.409180,0.899658
-0.574097,0.049927,0.758423
0.386841,-0.140625,1.037842
-0.213623,-0.277954,0.749390
-0.210449,0.148682,0.967651
0.338989,-0.407349,0.919556
-0.576904,0.016113,0.743652
0.351196,-0.100708,1.040527
-0.187500,-0.310791,0.733765
-0.278931,0.166504,0.935547
0.367798,-0.396973,0.926880
-0.575195,-0.020264,0.726196
0.314087,-0.065430,1.049561
-0.156860,-0.329590,0.735352
-0.348022,0.196533,0.913696
0.397583,-0.388306,0.943359
-0.563354,-0.042969,0.710449
0.262451,-0.033691,1.035645
-0.108643,-0.349609,0.748657
-0.402100,0.205688,0.893433
0.420166,-0.367310,0.959106
-0.549438,-0.083984,0.701904
0.212524,0.010620,1.029663
-0.057007,-0.377197,0.759888
-0.461914,0.223633,0.884155
0.429443,-0.344971,0.968018
-0.518677,-0.121948,0.705566
0.152588,0.041260,1.027954
-0.005737,-0.382202,0.777954
-0.518555,0.231323,0.858276
0.438965,-0.327148,0.967896
-0.472046,-0.149292,0.721802
0.103516,0.055298,1.021240
0.049194,-0.388184,0.791016
-0.543701,0.231201,0.843628
0.442627,-0.294800,0.981079
-0.427612,-0.194336,0.731201
0.063843,0.076050,1.019409
0.099609,-0.404541,0.809082
-0.577271,0.208374,0.816772
0.442749,-0.271484,0.976440
-0.358398,-0.213379,0.740601
0.021729,0.100586,1.012573
0.161987,-0.405029,0.829224
-0.596191,0.200562,0.796753
0.430664,-0.236328,0.986328
-0.307129,-0.240234,0.733032
-0.036011,0.118164,0.993896
0.219238,-0.398560,0.856689
-0.603638,0.181885,0.786255
0.418945,-0.193726,0.989990
-0.255249,-0.288818,0.724976
-0.087769,0.147217,0.979004
0.270020,-0.394287,0.872803
-0.612061,0.158325,0.768799
0.405273,-0.168945,1.004028
-0.205811,-0.293457,0.734741
-0.146362,0.159668,0.956177
0.313110,-0.390137,0.893921
-0.599854,0.132935,0.760254
0.388672,-0.124512,1.013794
-0.169556,-0.319946,0.726074
-0.204468,0.171021,0.935059
0.355103,-0.400024,0.907959
-0.593384,0.102905,0.760010
0.361816,-0.091675,1.017944
-0.135498,-0.338257,0.729980
-0.256348,0.189819,0.903564
0.386719,-0.385620,0.915405
-0.577026,0.071167,0.745239
0.323364,-0.058350,1.009644
-0.095947,-0.359863,0.729858
-0.307983,0.191162,0.879272
0.411011,-0.379883,0.927246
-0.562622,0.024414,0.734741
0.288330,-0.029907,1.001587
-0.059692,-0.365845,0.748413
-0.354492,0.188477,0.875854
0.430298,-0.346313,0.947998
-0.531250,-0.030396,0.735840
0.244751,0.004028,1.008545
-0.026245,-0.380249,0.751221
-0.390991,0.192993,0.857056
0.441284,-0.326538,0.949585
-0.512817,-0.066040,0.738525
0.203247,0.041870,1.017334
0.007935,-0.388916,0.758667
-0.438354,0.204346,0.843140
0.451294,-0.324951,0.955444
-0.471680,-0.109985,0.744995
0.157837,0.067383,1.021729
0.053223,-0.396362,0.782104
-0.483887,0.211304,0.829346
0.460938,-0.301514,0.962158
-0.443115,-0.128174,0.756958
0.117676,0.082520,1.015747
0.096191,-0.404419,0.793701
-0.513794,0.198975,0.814697
0.459473,-0.276367,0.969604
-0.400146,-0.144287,0.763306
0.074585,0.095459,1.018188
0.144531,-0.407471,0.818359
-0.540771,0.180786,0.784424
0.466064,-0.259521,0.984375
-0.344360,-0.177246,0.762329
0.026733,0.129517,1.016968
0.202881,-0.416626,0.842773
-0.563599,0.159668,0.778687
0.454712,-0.235596,0.996826
-0.288574,-0.222168,0.762451
-0.036865,0.137695,0.999878
0.255859,-0.431030,0.870972
-0.568359,0.124390,0.758423
0.446899,-0.212158,0.998901
-0.232422,-0.224731,0.780029
-0.082886,0.145142,0.968262
0.301270,-0.432739,0.883545
-0.572998,0.102173,0.755493
0.425293,-0.164062,1.019653
-0.167114,-0.266968,0.786133
-0.130615,0.148071,0.961182
0.343140,-0.437744,0.897583
-0.578613,0.093140,0.766479
0.406616,-0.139038,1.027588
-0.110962,-0.312134,0.783569
-0.187256,0.145142,0.927002
0.371826,-0.427734,0.915527
-0.549927,0.055420,0.762207
0.373413,-0.109619,1.017212
-0.065186,-0.355347,0.778442
-0.231445,0.146118,0.903687
0.413696,-0.434692,0.927246
-0.537476,-0.000366,0.749146
0.335083,-0.087524,1.008423
-0.017456,-0.386597,0.777954
-0.285522,0.148926,0.882690
0.440796,-0.416260,0.941040
-0.513184,-0.063232,0.738892
0.288330,-0.052124,1.014771
0.028809,-0.416382,0.779663
-0.341431,0.143677,0.866577
0.462524,-0.406006,0.961426
-0.486450,-0.109863,0.741699
0.232910,-0.015625,1.013672
0.054199,-0.425293,0.783325
-0.380737,0.135010,0.847412
0.481567,-0.379272,0.977295
-0.456787,-0.149658,0.745850
0.181641,0.017456,1.022217
0.087036,-0.421997,0.795532
-0.421265,0.130737,0.830688
0.488525,-0.363403,0.982910
-0.416626,-0.174072,0.758423
0.135742,0.045044,1.025757
0.147339,-0.419434,0.827515
-0.458984,0.109009,0.812866
0.488159,-0.319336,1.005493
-0.365845,-0.218994,0.757690
0.078125,0.083008,1.031982
0.222900,-0.451538,0.849731
-0.478027,0.075439,0.774170
0.491333,-0.288574,1.021973
-0.303101,-0.236816,0.779175
0.012207,0.108398,1.024414
0.284180,-0.466187,0.878174
-0.503784,0.073486,0.769775
0.472412,-0.248291,1.034058
-0.239014,-0.258667,0.805664
-0.044067,0.131348,1.025391
0.334473,-0.460083,0.909790
-0.514526,0.073120,0.777954
0.451172,-0.200317,1.043945
-0.168579,-0.255127,0.825439
-0.089966,0.146973,1.021973
0.375122,-0.468628,0.928467
-0.506226,0.059082,0.792847
0.440430,-0.150391,1.063721
-0.095093,-0.313721,0.828735
-0.135620,0.160522,1.015991
0.418457,-0.452271,0.962280
-0.491333,0.028442,0.796387
0.418457,-0.116211,1.066650
-0.032227,-0.345703,0.834839
-0.175537,0.167725,1.004639
0.460205,-0.429443,0.989990
-0.472534,-0.031006,0.787964
0.380981,-0.081421,1.085815
0.033813,-0.376221,0.855347
-0.226074,0.167480,0.987671
0.492920,-0.408447,1.012451
-0.447021,-0.082397,0.780640
0.346680,-0.034424,1.093018
0.080200,-0.389771,0.852539
-0.276367,0.181885,0.974121
0.518066,-0.373413,1.041748
-0.417480,-0.121948,0.795044
0.303589,0.002441,1.091553
0.094849,-0.374756,0.873169
-0.309448,0.175293,0.957642
0.537354,-0.338501,1.071045
-0.383057,-0.176025,0.789185
0.258179,0.038208,1.098755
0.159424,-0.390259,0.896729
-0.354248,0.157715,0.928223
0.556885,-0.313232,1.086182
-0.347900,-0.208374,0.798096
0.202271,0.066772,1.097412
0.227417,-0.399048,0.918091
-0.375610,0.115356,0.888550
0.565063,-0.266602,1.112549
-0.302734,-0.233765,0.809204
0.154907,0.095215,1.099121
0.284668,-0.431396,0.945190
-0.396606,0.092896,0.857300
0.545654,-0.246460,1.105103
-0.253052,-0.251831,0.825317
0.102417,0.120361,1.092773
0.343506,-0.440796,0.965698
-0.430298,0.092041,0.849243
0.543213,-0.202759,1.125244
-0.209351,-0.256470,0.848755
0.051880,0.147949,1.098389
0.381714,-0.425171,0.993042
-0.445801,0.100830,0.858154
0.534180,-0.166870,1.146973
-0.159668,-0.268921,0.856323
-0.006104,0.174316,1.100708
0.418213,-0.420044,1.013306
-0.439819,0.058960,0.855835
0.519287,-0.143066,1.151611
-0.092529,-0.286011,0.879761
-0.058960,0.191772,1.095825
0.451294,-0.396118,1.035767
-0.436523,0.013550,0.850708
0.507324,-0.104248,1.161011
-0.010010,-0.321899,0.901855
-0.106323,0.196533,1.079468
0.471680,-0.367554,1.051147
-0.432129,-0.012817,0.849854
0.476318,-0.065430,1.176758
0.025635,-0.333618,0.895630
-0.154419,0.209106,1.064819
0.501831,-0.337646,1.079956
-0.422119,-0.050537,0.828003
0.442505,-0.029663,1.179199
0.031372,-0.314819,0.908081
-0.211182,0.235596,1.058594
0.535889,-0.320557,1.094971
-0.411865,-0.091919,0.818970
0.388794,0.008789,1.170654
0.074829,-0.326172,0.913086
-0.250244,0.208740,1.026367
0.543213,-0.291382,1.116699
-0.388550,-0.140625,0.820190
0.182373,0.097656,1.110474
0.120483,-0.367432,0.917969
-0.379272,0.108398,0.886963
0.566528,-0.245605,1.121948
-0.262573,-0.253662,0.815430
0.141235,0.118652,1.111694
0.321533,-0.433105,0.965576
-0.401367,0.094604,0.874878
0.557251,-0.209961,1.131348
-0.224976,-0.253174,0.839966
0.079956,0.153687,1.110718
0.371216,-0.436523,0.992920
-0.422852,0.094604,0.871582
0.547729,-0.183350,1.142944
-0.171143,-0.261353,0.857788
0.020996,0.174927,1.105103
0.400635,-0.416016,1.007202
-0.436890,0.072266,0.869141
0.539551,-0.152588,1.154785
-0.117554,-0.279541,0.873657
-0.032227,0.191895,1.103516
0.427490,-0.398804,1.018921
-0.437256,0.039673,0.860107
0.525391,-0.123535,1.169189
-0.044189,-0.299927,0.887085
-0.077637,0.196289,1.094238
0.454590,-0.377319,1.034180
-0.438843,0.007080,0.850342
0.501221,-0.091675,1.176880
-0.005249,-0.332520,0.885864
-0.119751,0.195312,1.073975
0.478760,-0.347534,1.061279
-0.441895,-0.023804,0.839111
0.470825,-0.057251,1.175659
-0.007812,-0.325317,0.884033
-0.181763,0.203125,1.057129
0.508301,-0.322388,1.085205
-0.427734,-0.058105,0.820068
0.421631,-0.019531,1.175903
0.032349,-0.330322,0.898193
-0.231812,0.218140,1.049194
0.523560,-0.308105,1.099243
-0.419434,-0.090332,0.806763
0.380981,0.003662,1.167236
0.076538,-0.351807,0.904907
-0.289551,0.194458,1.000732
0.534790,-0.306030,1.107178
-0.390015,-0.151001,0.797607
0.326416,0.027710,1.161133
0.109863,-0.340698,0.909424
-0.327881,0.168579,0.959229
0.556519,-0.292480,1.105591
-0.365234,-0.200439,0.789551
0.253784,0.060791,1.140869
0.161743,-0.377563,0.902954
-0.367310,0.160400,0.932495
0.551025,-0.275146,1.107056
-0.338379,-0.222412,0.794189
0.190796,0.073853,1.119385
0.208862,-0.392700,0.918945
-0.411133,0.139282,0.901001
0.551758,-0.250244,1.109619
-0.315063,-0.253906,0.802612
0.132935,0.085205,1.097900
0.236816,-0.392822,0.929077
-0.430176,0.110962,0.866577
0.538696,-0.224609,1.114624
-0.284668,-0.266479,0.802856
0.068726,0.092529,1.072144
0.268555,-0.385864,0.930786
-0.457275,0.083740,0.852417
0.526733,-0.218994,1.108398
-0.235596,-0.287598,0.806030
0.012817,0.094482,1.054077
0.293579,-0.383057,0.934570
-0.478027,0.071655,0.834595
0.512329,-0.192261,1.114258
-0.191406,-0.302002,0.800415
-0.041870,0.112793,1.038208
0.320435,-0.380127,0.936279
-0.494141,0.034668,0.805298
0.483765,-0.169922,1.108887
-0.162109,-0.315918,0.790894
-0.111084,0.143433,1.026855
0.344849,-0.392456,0.949585
-0.514893,0.013794,0.784180
0.458740,-0.153687,1.103149
-0.157593,-0.306396,0.783813
-0.173950,0.155762,1.006226
0.366577,-0.389282,0.955811
-0.523071,-0.011963,0.776245
0.423828,-0.109985,1.107422
-0.146851,-0.303345,0.788086
-0.234741,0.190674,0.997925
0.394653,-0.381470,0.970215
-0.531494,-0.035034,0.763062
0.380371,-0.081787,1.099609
-0.127808,-0.308105,0.785522
-0.280029,0.185059,0.967773
0.412354,-0.364014,0.980347
-0.534790,-0.068970,0.737549
0.330078,-0.067139,1.084106
-0.101685,-0.321899,0.795166
-0.332886,0.189209,0.932495
0.423584,-0.354126,0.988770
-0.520874,-0.094727,0.722534
0.288086,-0.042236,1.072021
-0.068115,-0.343506,0.790039
-0.376587,0.186646,0.916382
0.433472,-0.348877,0.989746
-0.514771,-0.130371,0.717896
0.237183,-0.019775,1.061768
-0.035156,-0.360962,0.791992
-0.421265,0.203613,0.901001
0.442993,-0.329346,1.001831
-0.514771,-0.158203,0.697998
0.184082,0.011719,1.050781
0.000732,-0.378906,0.798584
-0.462891,0.205078,0.883545
0.443848,-0.302734,1.005005
-0.506104,-0.175903,0.698730
0.128296,0.039062,1.037231
0.042847,-0.408447,0.799683
-0.506470,0.194702,0.854614
0.448975,-0.296997,1.003906
-0.468506,-0.152222,0.738159
0.082397,0.058960,1.025879
0.077271,-0.421997,0.803223
-0.528198,0.181519,0.835938
0.446777,-0.281860,1.004028
-0.431152,-0.177368,0.735229
0.046265,0.083740,1.018677
0.120728,-0.433105,0.814453
-0.559204,0.190796,0.829956
0.448730,-0.264771,1.003174
-0.383545,-0.216187,0.733521
0.003662,0.092529,1.012451
0.159424,-0.433960,0.831909
-0.575562,0.169067,0.809937
0.438965,-0.248291,1.006592
-0.339478,-0.251343,0.723511
-0.027832,0.120117,0.999512
0.200928,-0.430664,0.838379
-0.599854,0.152710,0.801025
0.444214,-0.236206,1.008545
-0.303101,-0.256470,0.729858
-0.075073,0.132446,0.982300
0.236572,-0.415527,0.859375
-0.601318,0.134644,0.781128
0.422241,-0.207520,1.001343
-0.264038,-0.282593,0.721680
-0.129272,0.149780,0.967529
0.275146,-0.408203,0.875854
-0.607544,0.129517,0.767822
0.411743,-0.178467,1.009766
-0.225708,-0.300659,0.721924
-0.177368,0.166626,0.952271
0.307251,-0.402466,0.883301
-0.602295,0.110352,0.765503
0.390015,-0.154663,1.012817
-0.182861,-0.315430,0.731689
-0.229004,0.171143,0.931152
0.343140,-0.385742,0.904541
-0.596069,0.072876,0.750244
0.368652,-0.125488,1.013916
-0.154419,-0.330200,0.725586
-0.283936,0.179932,0.901855
0.371704,-0.359619,0.925293
-0.571411,0.033569,0.738770
0.326416,-0.074707,1.016724
-0.110962,-0.364624,0.731201
-0.332153,0.199341,0.880615
0.395874,-0.342163,0.929565
-0.552368,-0.021973,0.718384
0.267212,-0.033081,1.008667
-0.066284,-0.389160,0.734009
-0.386353,0.207275,0.873779
0.414551,-0.322998,0.940063
-0.528931,-0.072998,0.708984
0.211426,0.012085,1.006714
-0.025513,-0.392944,0.754028
-0.428833,0.215576,0.863159
0.429565,-0.298828,0.961060
-0.499634,-0.104614,0.712158
0.154175,0.047729,1.016968
0.027344,-0.391479,0.781616
-0.478516,0.228149,0.845093
0.445435,-0.274780,0.977905
-0.446533,-0.126587,0.743896
0.099609,0.084961,1.017090
0.081787,-0.393921,0.804199
-0.523682,0.211792,0.827393
0.465942,-0.246948,0.988525
-0.380249,-0.150757,0.752563
0.038696,0.115479,1.010864
0.144165,-0.401245,0.824097
-0.545532,0.178711,0.794678
0.463135,-0.214600,1.001709
-0.311768,-0.191162,0.761230
-0.022705,0.148315,1.001343
0.220093,-0.402832,0.850098
-0.578491,0.168213,0.773193
0.453003,-0.181274,1.006714
-0.230957,-0.226929,0.761108
-0.096924,0.178101,0.976807
0.289429,-0.404053,0.875977
-0.591064,0.127441,0.762207
0.421509,-0.145142,1.016479
-0.146606,-0.308838,0.773315
-0.173340,0.179443,0.938354
0.346680,-0.409058,0.903809
-0.583862,0.097900,0.755737
0.376465,-0.097290,1.015503
-0.074585,-0.347656,0.764404
-0.252686,0.182495,0.905518
0.394287,-0.389526,0.916870
-0.542725,0.010620,0.746948
0.305664,-0.043213,0.998901
-0.021240,-0.384766,0.751587
-0.330811,0.172729,0.861694
0.443726,-0.369019,0.945923
-0.506592,-0.078979,0.738770
0.203003,0.001831,0.997925
0.033325,-0.407227,0.761353
-0.419189,0.155396,0.825317
0.461792,-0.322632,0.971802
-0.433472,-0.133911,0.758667
0.113037,0.081177,1.021240
0.100098,-0.408813,0.787354
-0.505737,0.151733,0.782104
0.459839,-0.285889,0.983521
-0.327515,-0.210693,0.775391
0.002441,0.124878,1.014282
0.207153,-0.410278,0.844849
-0.556274,0.111450,0.743774
0.447144,-0.218872,1.002930
-0.191528,-0.281738,0.789429
-0.113892,0.148315,0.971436
0.317383,-0.411987,0.899170
-0.558716,0.072754,0.747314
0.383179,-0.136108,1.009521
-0.052612,-0.352783,0.782715
-0.242188,0.151733,0.903564
0.417847,-0.405884,0.935913
-0.515747,-0.047119,0.741333
0.262573,-0.041992,0.999146
0.039917,-0.428467,0.767456
-0.367310,0.116089,0.828857
0.474487,-0.357666,0.977783
-0.433228,-0.150146,0.757690
0.115845,0.062988,1.002441
0.121704,-0.435547,0.805664
-0.485718,0.083740,0.775146
0.467896,-0.290039,0.998169
-0.308472,-0.233643,0.778198
-0.017578,0.137207,1.009033
0.268311,-0.421265,0.880981
-0.544922,0.055054,0.740356
0.415527,-0.208740,1.017944
-0.097168,-0.362061,0.793091
-0.182739,0.150513,0.956665
0.382812,-0.393433,0.937622
-0.504761,-0.027344,0.755005
0.318115,-0.089233,1.017334
0.042114,-0.437256,0.781860
-0.333496,0.136841,0.874023
0.463989,-0.354980,0.984741
-0.429932,-0.143433,0.761719
0.155273,0.016602,1.014893
0.128052,-0.429321,0.826904
-0.453857,0.082031,0.796021
0.493652,-0.291626,1.019897
-0.299927,-0.236206,0.771362
-0.018677,0.146729,1.020752
0.300781,-0.445801,0.891479
-0.513428,0.032349,0.769897
0.439819,-0.228149,1.029907
-0.109375,-0.310913,0.824585
-0.171509,0.167603,0.976562
0.418213,-0.401611,0.963623
-0.482544,-0.043335,0.767700
0.324463,-0.082031,1.041016
0.073486,-0.449219,0.828857
-0.305908,0.143921,0.918823
0.484131,-0.349243,1.010254
-0.410522,-0.144165,0.772339
0.187988,0.044189,1.052734
0.156982,-0.442749,0.854370
-0.411377,0.099731,0.859741
0.508789,-0.287720,1.051270
-0.322876,-0.238159,0.761719
0.055664,0.124878,1.052979
0.302246,-0.446533,0.904419
-0.486084,0.055176,0.789551
0.492310,-0.260254,1.057861
-0.174805,-0.281128,0.827271
-0.072266,0.159424,1.021362
0.386597,-0.427124,0.952515
-0.479858,0.032104,0.806274
0.448242,-0.171753,1.081665
-0.047363,-0.318359,0.864990
-0.160522,0.171143,1.009521
0.441284,-0.392456,0.996582
-0.447632,-0.050415,0.793213
0.395264,-0.086182,1.094727
0.060425,-0.370361,0.876343
-0.237305,0.196289,0.994507
0.498535,-0.357056,1.034546
-0.416992,-0.127197,0.791016
0.328979,-0.028931,1.101807
0.098022,-0.370361,0.885864
-0.290405,0.184937,0.974731
0.519897,-0.305542,1.080322
-0.379272,-0.180298,0.792114
0.268921,0.013672,1.109497
0.163696,-0.404297,0.899658
-0.347778,0.174072,0.935669
0.550171,-0.300537,1.095825
-0.335083,-0.211548,0.803101
0.204102,0.059082,1.100464
0.236328,-0.431274,0.927612
-0.380981,0.127441,0.892334
0.570801,-0.284424,1.100464
-0.299561,-0.221191,0.810913
0.154419,0.092407,1.098877
0.296997,-0.437378,0.941162
-0.398315,0.095337,0.875122
0.565796,-0.247803,1.116089
-0.249512,-0.241577,0.829590
0.088623,0.141235,1.099487
0.353394,-0.438477,0.970947
-0.424072,0.113037,0.870605
0.557983,-0.209839,1.128418
-0.199585,-0.244751,0.852417
0.033813,0.161621,1.092041
0.382080,-0.407104,1.008911
-0.418579,0.071411,0.863403
0.537720,-0.165649,1.139282
-0.151123,-0.259644,0.862061
-0.016235,0.185181,1.099854
0.421753,-0.403931,1.020752
-0.430054,0.039307,0.862915
0.516357,-0.136108,1.139526
-0.086304,-0.276978,0.893433
-0.052856,0.179932,1.084839
0.443604,-0.375977,1.040405
-0.442383,0.001831,0.838013
0.504272,-0.104004,1.171387
-0.019165,-0.319702,0.899048
-0.100098,0.195801,1.080566
0.465210,-0.374023,1.046875
-0.430420,-0.010864,0.850098
0.486084,-0.089844,1.168457
0.001465,-0.324585,0.885132
-0.131104,0.196777,1.068604
0.483154,-0.354736,1.059937
-0.427734,-0.034912,0.831299
0.466187,-0.056030,1.178833
-0.004517,-0.319092,0.885620
-0.171997,0.206909,1.066895
0.509644,-0.335938,1.083740
-0.433960,-0.057251,0.826050
0.432861,-0.024292,1.179810
0.024902,-0.330200,0.886230
-0.223755,0.213013,1.044312
0.527466,-0.322998,1.089600
-0.416626,-0.090332,0.814087
0.392700,-0.017090,1.171875
0.048584,-0.343384,0.901611
-0.263306,0.202148,1.016724
0.543701,-0.309692,1.096313
-0.407715,-0.124512,0.796021
0.338989,0.022095,1.167725
0.091187,-0.358643,0.898926
-0.298584,0.185303,0.971558
0.553345,-0.295654,1.110962
-0.386841,-0.171997,0.788940
0.287842,0.025146,1.150391
0.135254,-0.366943,0.913208
-0.337646,0.175293,0.950195
0.557129,-0.289062,1.103516
-0.362671,-0.197998,0.799561
0.229126,0.053223,1.130371
0.176758,-0.384888,0.919067
-0.380371,0.151611,0.914673
0.545166,-0.251099,1.114014
-0.332397,-0.217041,0.792969
0.172119,0.073853,1.114014
0.206055,-0.395752,0.914551
-0.414062,0.134399,0.897827
0.536621,-0.248413,1.099854
-0.316528,-0.244873,0.799683
0.112549,0.076660,1.089355
0.243042,-0.381836,0.930420
-0.453735,0.116821,0.865845
0.537598,-0.231201,1.103149
-0.281006,-0.263550,0.800415
0.040283,0.095459,1.071655
0.281372,-0.392578,0.935669
-0.476074,0.083862,0.842773
0.511841,-0.212402,1.103149
-0.204224,-0.301147,0.801392
-0.020264,0.105835,1.050781
0.310669,-0.387695,0.930054
-0.496216,0.059692,0.815308
0.486206,-0.172607,1.098389
-0.178711,-0.308472,0.799805
-0.080811,0.105957,1.026978
0.347656,-0.395020,0.946411
-0.509155,0.019043,0.779175
0.452393,-0.141846,1.103638
-0.157104,-0.288452,0.789062
-0.168945,0.143921,1.012329
0.376953,-0.378418,0.970825
-0.509033,-0.030884,0.778687
0.398682,-0.110718,1.099365
-0.145752,-0.280273,0.797363
-0.246216,0.169678,0.980713
0.415283,-0.377441,0.981689
-0.517212,-0.061279,0.761841
0.341797,-0.068237,1.090576
-0.103394,-0.313843,0.797485
-0.329956,0.170410,0.926758
0.443115,-0.350586,1.000488
-0.493652,-0.126465,0.733032
0.269287,-0.020996,1.082153
-0.040161,-0.341553,0.805298
-0.412354,0.195801,0.898804
0.451904,-0.309692,1.026367
-0.466797,-0.194336,0.717529
0.182617,0.028320,1.065186
0.036133,-0.380981,0.825195
-0.477051,0.184326,0.867310
0.456909,-0.282104,1.023560
-0.446045,-0.198975,0.731079
0.106812,0.066162,1.052979
0.107910,-0.393066,0.840576
-0.523438,0.161621,0.838989
0.450562,-0.278931,1.013916
-0.382568,-0.218384,0.751831
0.026733,0.082153,1.031494
0.168213,-0.414307,0.848511
-0.561401,0.138184,0.807129
0.449219,-0.253418,1.016357
-0.300049,-0.261963,0.749268
-0.045044,0.111450,1.013428
0.233032,-0.412720,0.871704
-0.584839,0.104492,0.777588
0.432251,-0.218018,1.018921
-0.252930,-0.290405,0.729614
-0.143311,0.145996,0.984863
0.289551,-0.417480,0.891479
-0.585083,0.059082,0.761719
0.402588,-0.180054,1.023682
-0.214355,-0.318848,0.714844
-0.219360,0.170410,0.962524
0.341064,-0.400024,0.911255
-0.583130,0.018799,0.742676
0.354248,-0.135742,1.017822
-0.171997,-0.331055,0.725708
-0.281494,0.173828,0.927490
0.368774,-0.362427,0.933228
-0.578003,-0.030151,0.721802
0.291626,-0.096069,1.017090
-0.131470,-0.374390,0.724976
-0.353271,0.188721,0.890747
0.397217,-0.338989,0.949463
-0.551880,-0.061768,0.708252
0.231567,-0.030518,1.014404
-0.084106,-0.394409,0.740479
-0.423706,0.214478,0.875732
0.411499,-0.320312,0.960571
-0.526123,-0.086914,0.698608
0.165649,0.019653,1.014282
-0.023071,-0.403198,0.771118
-0.482178,0.219604,0.857422
0.427124,-0.290649,0.973999
-0.490356,-0.114624,0.715942
0.105347,0.080444,1.022583
0.039551,-0.415283,0.778076
-0.524292,0.218750,0.842041
0.433105,-0.271606,0.983887
-0.426636,-0.138916,0.744629
0.057495,0.112549,1.018433
0.103638,-0.410767,0.802368
-0.552368,0.202515,0.823364
0.441650,-0.243286,0.983032
-0.368164,-0.186890,0.734497
0.012451,0.124390,1.014893
0.167480,-0.420288,0.821533
-0.578247,0.189697,0.806152
0.451538,-0.218750,1.004639
-0.294312,-0.203125,0.748291
-0.047241,0.156372,0.996826
0.221191,-0.401733,0.856201
-0.600708,0.160767,0.780518
0.440552,-0.193970,1.006104
-0.246460,-0.245605,0.745972
-0.107788,0.168213,0.970581
0.276611,-0.401367,0.879761
-0.596069,0.137939,0.775146
0.426270,-0.167969,1.015381
-0.194702,-0.272217,0.749512
-0.162598,0.172363,0.950806
0.328857,-0.400024,0.893188
-0.600220,0.099609,0.768555
0.401733,-0.140869,1.023560
-0.142334,-0.323242,0.739380
-0.216187,0.185181,0.916260
0.356079,-0.374390,0.908325
-0.581421,0.056519,0.751831
0.365967,-0.102173,1.008179
-0.102417,-0.330322,0.751587
-0.264404,0.185913,0.888672
0.381470,-0.357910,0.921875
-0.558350,0.009888,0.733887
0.330200,-0.075073,1.014648
-0.061401,-0.377930,0.733276
-0.316162,0.195190,0.874023
0.403809,-0.337158,0.928467
-0.538940,-0.036621,0.722656
0.274170,-0.044556,1.000977
-0.020142,-0.394043,0.749756
-0.365845,0.200928,0.855347
0.431641,-0.325073,0.939331
-0.526978,-0.057983,0.729370
0.218750,-0.007202,1.008911
0.014893,-0.417358,0.762573
-0.406982,0.190430,0.846313
0.446899,-0.305542,0.949097
-0.500977,-0.081055,0.730591
0.160889,0.041138,1.014404
0.053345,-0.432861,0.769775
-0.448608,0.178955,0.830933
0.456299,-0.282227,0.971558
-0.465698,-0.086304,0.755127
0.116455,0.080322,1.015503
0.099121,-0.447388,0.787231
-0.489380,0.173950,0.819702
0.471558,-0.260010,0.988647
-0.427734,-0.111206,0.748413
0.069702,0.113037,1.014893
0.153687,-0.452026,0.811035
-0.525635,0.158569,0.796387
0.473389,-0.246826,1.001465
-0.368042,-0.157349,0.753418
0.006470,0.150513,1.008667
0.207642,-0.472534,0.830200
-0.545898,0.119873,0.773926
0.469360,-0.245972,0.998047
-0.311890,-0.174438,0.765503
-0.044556,0.169922,0.995239
0.248901,-0.450073,0.858154
-0.549805,0.072021,0.757935
0.464233,-0.241699,1.011230
-0.248779,-0.221191,0.779297
-0.097046,0.193481,0.990112
0.291382,-0.442505,0.876587
-0.553101,0.054199,0.752441
0.439819,-0.217651,1.009399
-0.187378,-0.274902,0.784302
-0.138550,0.186401,0.972290
0.335693,-0.436890,0.900024
-0.554321,0.054077,0.762451
0.418701,-0.185059,1.021851
-0.114380,-0.310669,0.799194
-0.180420,0.186646,0.955078
0.371704,-0.412476,0.911011
-0.534668,0.021118,0.767212
0.391724,-0.150269,1.021729
-0.067017,-0.346436,0.802368
-0.221069,0.175903,0.941528
0.403198,-0.404053,0.927490
-0.522217,-0.025146,0.756592
0.355225,-0.113647,1.024536
-0.009277,-0.396362,0.791382
-0.270020,0.155884,0.914551
0.430176,-0.391235,0.950806
-0.500366,-0.071533,0.745728
0.301880,-0.077637,1.024658
0.034668,-0.414185,0.792603
-0.306152,0.136841,0.886108
0.463135,-0.376343,0.969727
-0.476807,-0.109131,0.751343
0.259888,-0.035522,1.030640
0.080200,-0.449585,0.801636
-0.362671,0.126587,0.864502
0.484009,-0.356689,0.994751
-0.437622,-0.149536,0.756958
0.195068,0.010132,1.030151
0.112915,-0.439819,0.810059
-0.402222,0.123413,0.852295
0.503296,-0.341064,1.011597
-0.395508,-0.183716,0.761719
0.148193,0.049927,1.035767
0.166992,-0.438599,0.838135
-0.432495,0.105103,0.836548
0.510986,-0.314331,1.029663
-0.347168,-0.221924,0.768555
0.099854,0.078125,1.040283
0.235107,-0.447021,0.868042
-0.455933,0.067505,0.797485
0.508789,-0.291626,1.041016
-0.291382,-0.242310,0.788330
0.038940,0.098633,1.031128
0.275757,-0.458984,0.884155
-0.471924,0.064819,0.784546
0.501831,-0.267822,1.050537
-0.241333,-0.250122,0.815552
-0.005737,0.128784,1.042847
0.326294,-0.449707,0.924683
-0.486938,0.075684,0.798950
0.492310,-0.209106,1.078735
-0.177856,-0.256592,0.832764
-0.057373,0.163574,1.052368
0.378540,-0.448486,0.949707
-0.484619,0.060059,0.801147
0.471313,-0.161621,1.090454
-0.112061,-0.270874,0.864624
-0.098389,0.186035,1.051025
0.421387,-0.432495,0.978882
-0.473999,0.017212,0.807983
0.453369,-0.133911,1.098022
-0.028931,-0.318970,0.869751
-0.140869,0.195435,1.047119
0.459839,-0.397217,1.010376
-0.462891,-0.027100,0.800049
0.416870,-0.082397,1.111572
0.042114,-0.365967,0.874146
-0.176025,0.191406,1.040894
0.490479,-0.372437,1.044312
-0.448486,-0.059204,0.801392
0.377563,-0.052856,1.107422
0.070679,-0.369751,0.881104
-0.223145,0.184204,1.020142
0.522583,-0.331787,1.081787
-0.416748,-0.104370,0.799194
0.326172,-0.004150,1.113159
0.112427,-0.361450,0.901489
-0.280762,0.189331,0.995728
0.562256,-0.306641,1.112183
-0.380859,-0.152954,0.801392
0.272095,0.050659,1.117798
0.178955,-0.401611,0.920166
-0.322754,0.147583,0.946533
0.582275,-0.290527,1.132812
-0.334961,-0.207886,0.807373
0.203125,0.083984,1.105957
0.251953,-0.422241,0.935669
-0.364258,0.117065,0.902222
0.580444,-0.261597,1.130981
-0.272217,-0.243286,0.827637
0.142090,0.119507,1.105347
0.312500,-0.417725,0.962646
-0.401733,0.098999,0.872070
0.575806,-0.228882,1.134399
-0.212280,-0.243896,0.862061
0.063965,0.156006,1.110596
0.360718,-0.407471,0.985107
-0.432129,0.077026,0.859497
0.556641,-0.183105,1.146240
-0.129395,-0.263794,0.881348
-0.008057,0.202881,1.117798
0.406738,-0.396851,1.003662
-0.441162,0.048706,0.855957
0.527588,-0.134155,1.154175
-0.037964,-0.308594,0.894653
-0.072388,0.209106,1.097534
0.447754,-0.369385,1.037476
-0.446899,0.005249,0.838623
0.490723,-0.104858,1.161011
0.001343,-0.330444,0.885742
-0.131348,0.210815,1.080933
0.484985,-0.322754,1.074097
-0.438965,-0.046753,0.823486
0.293457,0.029541,1.115723
0.021240,-0.346313,0.890137
-0.298828,0.148682,0.959595
0.581055,-0.276123,1.133423
-0.421631,-0.084351,0.805542
0.218750,0.084473,1.125366
0.232910,-0.424561,0.929688
-0.346313,0.096802,0.903320
0.589478,-0.258179,1.148193
-0.290283,-0.205688,0.833618
0.146240,0.123291,1.108032
0.291504,-0.429199,0.948242
-0.385620,0.087769,0.887207
0.585449,-0.232910,1.145508
-0.226807,-0.247314,0.856201
0.074341,0.153442,1.098755
0.348267,-0.411987,0.977661
-0.420410,0.076782,0.870972
0.570801,-0.205933,1.147949
-0.160522,-0.248779,0.888184
0.013916,0.188232,1.108276
0.390625,-0.389160,0.999146
-0.430420,0.049561,0.857910
0.541138,-0.158569,1.151245
-0.062500,-0.294434,0.901367
-0.055786,0.214111,1.108643
0.432129,-0.373657,1.019775
-0.441406,0.011353,0.842773
0.507690,-0.120972,1.161133
-0.018066,-0.346069,0.884277
-0.100708,0.203613,1.097534
0.465698,-0.344116,1.046509
-0.455688,-0.015381,0.832886
0.468384,-0.067261,1.179810
-0.000122,-0.347534,0.887207
-0.177734,0.217651,1.066406
0.501099,-0.317261,1.083862
-0.442017,-0.046143,0.819214
0.409790,-0.030762,1.167114
0.032837,-0.334839,0.897339
-0.243042,0.193726,1.021851
0.531128,-0.291870,1.104736
-0.414673,-0.115723,0.798218
0.344360,0.009888,1.155151
0.089844,-0.359131,0.895508
-0.292847,0.159058,0.973511
0.551514,-0.281616,1.111084
-0.380371,-0.154907,0.796143
0.269165,0.048584,1.139893
0.150757,-0.374146,0.911987
-0.346680,0.135376,0.926025
0.556519,-0.266846,1.110474
-0.343384,-0.206177,0.798218
0.187500,0.085571,1.120239
0.202148,-0.385376,0.922241
-0.401001,0.120483,0.896729
0.547241,-0.248657,1.110229
-0.311401,-0.240479,0.802124
0.112671,0.101440,1.097046
0.253052,-0.390381,0.936401
-0.455078,0.095581,0.864380
0.532471,-0.215332,1.115601
-0.264404,-0.272949,0.811890
0.034668,0.132935,1.081421
0.291626,-0.386230,0.931152
-0.468872,0.051025,0.829102
0.508911,-0.201538,1.115601
-0.181641,-0.317139,0.807129
-0.028809,0.134766,1.054077
0.318848,-0.377319,0.940552
-0.495117,0.026611,0.803833
0.486816,-0.177734,1.113403
-0.154663,-0.327271,0.799805
-0.101562,0.143311,1.030029
0.353027,-0.362183,0.960815
-0.504395,-0.000610,0.788330
0.447998,-0.146118,1.107666
-0.133667,-0.341675,0.780762
-0.185425,0.170776,1.004639
0.392578,-0.347534,0.984131
-0.519287,-0.015015,0.774780
0.396606,-0.103882,1.109863
-0.114136,-0.333862,0.789062
-0.259888,0.172607,0.970825
0.414917,-0.331055,0.998291
-0.514526,-0.045410,0.762085
0.334595,-0.073608,1.093140
-0.082520,-0.350342,0.787354
-0.317139,0.168823,0.945557
0.432495,-0.318726,1.008911
-0.509644,-0.083984,0.732544
0.274292,-0.038818,1.076416
-0.028320,-0.364868,0.809692
-0.399414,0.179565,0.906372
0.442017,-0.305054,1.009888
-0.487915,-0.141479,0.726929
0.199341,0.017700,1.063232
0.029297,-0.384521,0.822876
-0.462280,0.172729,0.875732
0.454956,-0.299194,1.016602
-0.464722,-0.157715,0.724976
0.119507,0.059814,1.050903
0.089111,-0.392944,0.833496
-0.506958,0.157837,0.845947
0.458130,-0.284668,1.025513
-0.412476,-0.195190,0.744263
0.054321,0.096313,1.039551
0.141846,-0.406860,0.843140
-0.543213,0.136963,0.826294
0.456909,-0.268433,1.026245
-0.346069,-0.247437,0.738892
-0.012085,0.120361,1.024536
0.195068,-0.405640,0.854370
-0.575195,0.120483,0.798462
0.443115,-0.242065,1.019775
-0.291748,-0.286011,0.727905
-0.078003,0.136719,0.998657
0.244507,-0.403076,0.864624
-0.594238,0.103882,0.772583
0.422729,-0.212158,1.017090
-0.241699,-0.324341,0.714478
-0.146606,0.164185,0.989136
0.284668,-0.392944,0.888550
-0.600586,0.084351,0.768066
0.395386,-0.181396,1.025146
-0.199585,-0.356201,0.716675
-0.224731,0.166626,0.957031
0.329956,-0.373535,0.913208
-0.598145,0.039551,0.732910
0.354248,-0.144897,1.023438
-0.160034,-0.359497,0.725220
-0.287964,0.171021,0.919678
0.366211,-0.360840,0.927002
-0.580688,0.006836,0.720947
0.294556,-0.071167,1.015503
-0.121704,-0.353882,0.743164
-0.359009,0.172607,0.891724
0.396484,-0.344360,0.943726
-0.558350,-0.024780,0.704224
0.226074,-0.010132,1.004150
-0.060791,-0.384155,0.756714
-0.431763,0.192505,0.872070
0.411621,-0.313477,0.968872
-0.526245,-0.099854,0.696167
0.155396,0.050659,1.015381
-0.002197,-0.392456,0.771729
-0.491943,0.213623,0.863159
0.430908,-0.296265,0.975464
-0.468994,-0.141968,0.720947
0.085449,0.100342,1.012329
0.072266,-0.392212,0.797852
-0.540161,0.212524,0.841431
0.440918,-0.273315,0.982910
-0.394287,-0.200317,0.725586
0.037842,0.127686,1.012207
0.144287,-0.384033,0.828613
-0.574097,0.197266,0.812500
0.451294,-0.241577,1.005005
-0.313232,-0.241943,0.737793
-0.033936,0.165649,1.001831
0.210449,-0.384033,0.854492
-0.597656,0.162231,0.784668
0.441162,-0.200317,1.011353
-0.235840,-0.299072,0.735962
-0.104980,0.182739,0.979614
0.271362,-0.377075,0.876221
-0.604248,0.139648,0.766724
0.425415,-0.168579,1.021118
-0.170532,-0.326050,0.737061
-0.182739,0.183594,0.942261
0.326782,-0.365723,0.898071
-0.586426,0.087036,0.755493
0.379639,-0.122070,1.015503
-0.116821,-0.370605,0.734497
-0.255371,0.195312,0.908569
0.371948,-0.352173,0.915283
-0.564575,0.040405,0.743530
0.321777,-0.063354,1.009277
-0.060425,-0.399780,0.731323
-0.324707,0.188965,0.876831
0.409180,-0.325562,0.938354
-0.541382,-0.026611,0.718140
0.251099,-0.015137,1.002808
-0.011597,-0.411499,0.749634
-0.396240,0.186890,0.855103
0.426270,-0.298340,0.958252
-0.503540,-0.086060,0.723755
0.176758,0.032715,1.006226
0.049683,-0.425781,0.765869
-0.462280,0.194336,0.832397
0.449463,-0.271851,0.968262
-0.451538,-0.104736,0.747803
0.105103,0.085693,1.011963
0.119019,-0.432739,0.807861
-0.524658,0.178589,0.803101
0.458008,-0.255005,0.979858
-0.378662,-0.160645,0.750488
0.030640,0.130615,1.017822
0.186646,-0.415649,0.835327
-0.567139,0.147095,0.774658
0.456787,-0.232910,1.004272
-0.285400,-0.208984,0.769043
-0.050293,0.171143,0.997925
0.267090,-0.413208,0.878784
-0.576538,0.113647,0.764282
0.444946,-0.191895,1.008545
-0.187256,-0.273560,0.778687
-0.133911,0.193604,0.965088
0.330322,-0.402832,0.902466
-0.561890,0.085693,0.768555
0.404419,-0.141724,1.017334
-0.094727,-0.336670,0.780029
-0.211548,0.181274,0.923584
0.381958,-0.386353,0.924561
-0.537476,0.003418,0.741211
0.341187,-0.102295,0.992065
-0.026978,-0.402100,0.761841
-0.286499,0.152710,0.875854
0.417236,-0.364502,0.945068
-0.516113,-0.069946,0.734863
0.267456,-0.049316,1.000488
0.023193,-0.434204,0.764893
-0.360840,0.151733,0.849731
0.453491,-0.349487,0.959595
-0.477783,-0.110596,0.736938
0.187500,0.013184,1.010498
0.084839,-0.460449,0.775269
-0.425415,0.137573,0.817505
0.469482,-0.319458,0.981934
-0.423340,-0.161255,0.739502
0.104370,0.067139,1.012939
0.142456,-0.454102,0.804443
-0.483154,0.111938,0.796143
0.481445,-0.296021,0.997314
-0.352783,-0.198853,0.757812
0.024536,0.111206,1.016968
0.235718,-0.475464,0.844849
-0.515259,0.068115,0.755371
0.470581,-0.273071,1.005371
-0.256348,-0.228271,0.783325
-0.068848,0.153564,0.998169
0.307373,-0.454468,0.890259
-0.536255,0.052856,0.761353
0.437744,-0.216797,1.019653
-0.155151,-0.275879,0.809082
-0.139893,0.160278,0.978149
0.360718,-0.433594,0.924805
-0.521851,0.009766,0.773926
0.393188,-0.147095,1.036133
-0.051636,-0.354736,0.811035
-0.214844,0.147583,0.953735
0.417480,-0.416870,0.962769
-0.495117,-0.067139,0.761230
0.332886,-0.085938,1.040283
0.037720,-0.421875,0.806885
-0.283691,0.149170,0.915649
0.460938,-0.368408,0.991333
-0.452881,-0.134644,0.745361
0.264404,-0.029175,1.035767
0.076904,-0.433594,0.806763
-0.344727,0.133301,0.881714
0.504639,-0.338745,1.022949
-0.409180,-0.164185,0.766357
0.187622,0.023804,1.043945
0.157715,-0.437500,0.841675
-0.406372,0.118408,0.860596
0.523682,-0.305542,1.037964
-0.350098,-0.202026,0.775146
0.100098,0.086914,1.048950
0.255493,-0.470215,0.871826
-0.445435,0.078979,0.810181
0.512329,-0.264526,1.046509
-0.268921,-0.229126,0.800415
0.018677,0.130249,1.053467
0.327026,-0.457642,0.927002
-0.478638,0.062134,0.806030
0.483643,-0.210693,1.072754
-0.173584,-0.252686,0.833374
-0.058838,0.166138,1.050171
0.395630,-0.428223,0.977173
-0.479370,0.028687,0.805176
0.459351,-0.137207,1.085938
-0.063599,-0.309692,0.840820
-0.135010,0.186523,1.035767
0.460327,-0.394165,1.016479
-0.458862,-0.033936,0.802368
0.410645,-0.069946,1.106934
0.050781,-0.374878,0.863892
-0.206421,0.189209,1.008057
0.504395,-0.350708,1.054932
-0.420044,-0.117798,0.782959
0.347534,-0.017090,1.111938
0.097046,-0.370239,0.885254
-0.285767,0.178955,0.976074
0.542236,-0.305786,1.094971
-0.369995,-0.174927,0.796021
0.259888,0.039551,1.106445
0.189453,-0.405396,0.916016
-0.349976,0.144775,0.918945
0.567017,-0.280762,1.106689
-0.308105,-0.219971,0.809937
0.166748,0.100220,1.105835
0.277100,-0.434814,0.937866
-0.400635,0.095581,0.869263
0.563965,-0.237915,1.119263
-0.239258,-0.227661,0.839355
0.081421,0.145752,1.097412
0.355347,-0.420654,0.979126
-0.436768,0.085327,0.859985
0.541626,-0.179321,1.132446
-0.157104,-0.234009,0.870239
-0.004517,0.187134,1.101318
0.426880,-0.395142,1.021606
-0.443604,0.033081,0.844849
0.505981,-0.116821,1.148193
-0.025391,-0.303955,0.891113
-0.089722,0.205566,1.090576
0.472046,-0.356323,1.055176
-0.432129,-0.029053,0.836426
0.463989,-0.071167,1.161011
0.030396,-0.333740,0.889282
-0.163086,0.214600,1.058228
0.513550,-0.307617,1.098022
-0.410645,-0.091919,0.822388
0.389404,-0.006348,1.169312
0.081055,-0.366455,0.904663
-0.255615,0.208374,1.026978
0.555420,-0.272583,1.132446
-0.359009,-0.165771,0.807373
0.302734,0.048950,1.155029
0.166992,-0.401855,0.919312
-0.323242,0.159302,0.947021
0.577637,-0.252319,1.134033
-0.307861,-0.215210,0.818237
0.204346,0.103271,1.144653
0.256592,-0.426270,0.939575
-0.390259,0.135132,0.903076
0.569458,-0.230225,1.136841
-0.247681,-0.235229,0.842041
0.103394,0.130249,1.125366
0.333496,-0.402222,0.977783
-0.428223,0.090820,0.876709
0.549316,-0.185181,1.139648
-0.172852,-0.258667,0.860840
0.015137,0.151489,1.099365
0.381470,-0.373535,1.000977
-0.442627,0.018311,0.847534
0.517334,-0.130127,1.151245
-0.076538,-0.306274,0.854370
-0.077881,0.170288,1.071899
0.421509,-0.330078,1.028320
-0.446899,-0.042236,0.821289
0.456543,-0.083008,1.160400
-0.045410,-0.328613,0.856812
-0.187744,0.204102,1.042725
0.477051,-0.297119,1.072388
-0.439819,-0.105957,0.789062
0.371582,-0.017700,1.158081
0.018677,-0.346558,0.864990
-0.281250,0.192871,0.984497
0.517456,-0.276123,1.094116
-0.398315,-0.181519,0.774902
0.271851,0.032837,1.141357
0.102783,-0.388428,0.867798
-0.366577,0.173218,0.922974
0.533691,-0.266235,1.091309
-0.351074,-0.228760,0.782593
0.169800,0.071777,1.112183
0.186646,-0.398193,0.897705
-0.437744,0.130859,0.873901
0.530640,-0.233154,1.094238
-0.307251,-0.260010,0.790039
0.061401,0.101929,1.088257
0.252930,-0.395752,0.915894
-0.477539,0.083374,0.841553
0.505981,-0.211914,1.095459
-0.206543,-0.300171,0.799072
-0.037476,0.116455,1.041382
0.306885,-0.390869,0.935303
-0.501709,0.011597,0.795654
0.473877,-0.177368,1.096924
-0.173706,-0.304565,0.770996
-0.154785,0.154541,1.016235
0.374268,-0.362427,0.970215
-0.507202,-0.041138,0.764160
0.394531,-0.106812,1.094116
-0.136475,-0.318237,0.784790
-0.266724,0.186890,0.968018
0.417603,-0.336792,1.001587
-0.502563,-0.103149,0.739746
0.312988,-0.049683,1.094238
-0.054688,-0.345703,0.801025
-0.361694,0.182983,0.923340
0.446045,-0.299927,1.020874
-0.468750,-0.180420,0.712769
0.209717,0.006714,1.080688
0.031616,-0.391968,0.815186
-0.455444,0.188354,0.875000
0.457642,-0.284790,1.025757
-0.441650,-0.188110,0.729370
0.103516,0.060547,1.050659
0.115356,-0.407471,0.846680
-0.507202,0.145752,0.842529
0.465698,-0.262451,1.027344
-0.355713,-0.243042,0.752686
0.008057,0.099609,1.031738
0.197144,-0.424805,0.854736
-0.546997,0.101685,0.804565
0.449951,-0.224365,1.029907
-0.278198,-0.282593,0.738525
-0.094238,0.126099,1.000610
0.265137,-0.426270,0.886230
-0.568604,0.040405,0.764771
0.417236,-0.181763,1.033936
-0.224121,-0.295166,0.721924
-0.211914,0.164795,0.965820
0.333252,-0.393677,0.923950
-0.568726,-0.002686,0.748413
0.361450,-0.129272,1.037109
-0.170410,-0.326660,0.729248
-0.314453,0.180664,0.919312
0.378174,-0.374023,0.936401
-0.557129,-0.043213,0.723999
0.284058,-0.068237,1.029053
-0.111328,-0.345093,0.748901
-0.394897,0.191406,0.878052
0.403564,-0.343018,0.947510
-0.534912,-0.114014,0.692505
0.188477,-0.008301,1.024414
-0.032104,-0.386597,0.777710
-0.483765,0.212280,0.858643
0.427124,-0.307861,0.972656
-0.482910,-0.150024,0.717651
0.101440,0.060547,1.020386
0.057983,-0.389038,0.809937
-0.546387,0.202148,0.839355
0.437256,-0.266724,0.995605
-0.386963,-0.225952,0.723999
0.014526,0.103027,1.009766
0.154419,-0.406128,0.831299
-0.583496,0.174683,0.805298
0.430786,-0.222168,1.001343
-0.293945,-0.261475,0.728638
-0.072876,0.143311,0.987183
0.234985,-0.401733,0.854004
-0.599365,0.133423,0.779297
0.416016,-0.179565,1.008667
-0.221069,-0.300171,0.730835
-0.167969,0.173828,0.955566
0.310669,-0.386108,0.897339
-0.590820,0.085205,0.755859
0.372192,-0.129395,1.011719
-0.156860,-0.344971,0.722168
-0.270996,0.191040,0.914795
0.362549,-0.363281,0.919189
-0.570068,0.021729,0.738159
0.309448,-0.057983,1.017212
-0.103516,-0.379028,0.724976
-0.361450,0.213867,0.891235
0.403564,-0.337891,0.946899
-0.542847,-0.060547,0.704102
0.227783,0.010620,1.011841
-0.043823,-0.406860,0.742798
-0.443848,0.230957,0.860229
0.431396,-0.290894,0.962524
-0.483276,-0.114258,0.718994
0.134766,0.074707,1.023560
0.050415,-0.401855,0.783447
-0.517334,0.236938,0.849609
0.442749,-0.261841,0.976807
-0.402466,-0.169800,0.737305
0.065552,0.105713,1.022095
0.131958,-0.389038,0.821899
-0.564331,0.207886,0.808228
0.448975,-0.215210,0.991577
-0.302856,-0.218750,0.744385
-0.024780,0.145386,1.004761
0.222534,-0.395752,0.856567
-0.586548,0.154175,0.783691
0.439575,-0.174805,1.012207
-0.202881,-0.257812,0.762329
-0.126221,0.176270,0.960571
0.303589,-0.381958,0.898682
-0.577393,0.112427,0.763916
0.407715,-0.128662,1.015381
-0.122192,-0.331055,0.756470
-0.225220,0.182617,0.911987
0.368896,-0.371216,0.918579
-0.559204,0.042969,0.742432
0.339355,-0.059204,1.018433
-0.049683,-0.384399,0.742920
-0.315063,0.193359,0.877808
0.407104,-0.344849,0.936523
-0.530151,-0.059082,0.718872
0.257812,-0.018188,1.000488
0.004517,-0.412598,0.749023
-0.402344,0.205811,0.846802
0.439453,-0.314453,0.959595
-0.481079,-0.102905,0.739746
0.168457,0.035645,1.017212
0.066772,-0.418091,0.776611
-0.467163,0.191528,0.823730
0.455566,-0.284180,0.971802
-0.420410,-0.162109,0.747070
0.087402,0.081787,1.015747
0.133423,-0.429443,0.812012
-0.525757,0.163452,0.788696
0.461182,-0.259277,0.983765
-0.327759,-0.200439,0.761475
-0.015625,0.132080,1.000366
0.228149,-0.440552,0.846313
-0.555054,0.109253,0.771118
0.450806,-0.217896,1.008911
-0.235840,-0.225464,0.781494
-0.101074,0.148926,0.976562
0.299438,-0.441528,0.880981
-0.557251,0.074829,0.764893
0.421021,-0.157227,1.023682
-0.128296,-0.290039,0.785889
-0.184204,0.170044,0.945679
0.357666,-0.424194,0.905029
-0.544800,0.028320,0.767578
0.375122,-0.109619,1.021362
-0.036743,-0.366455,0.779419
-0.262573,0.176025,0.900879
0.406006,-0.404297,0.929077
-0.516724,-0.066162,0.737671
0.305420,-0.060059,1.013062
0.029785,-0.425415,0.774780
-0.342773,0.175659,0.869995
0.444824,-0.383301,0.951416
-0.477173,-0.139526,0.737061
0.223145,-0.018799,1.009644
0.084961,-0.445679,0.784302
-0.403320,0.153687,0.841675
0.474854,-0.342529,0.983398
-0.426514,-0.189331,0.737671
0.135498,0.032715,1.015015
0.129639,-0.443115,0.809570
-0.458496,0.125244,0.811279
0.486938,-0.302002,1.003418
-0.363770,-0.217407,0.750244
0.045776,0.083374,1.019409
0.225586,-0.468994,0.840332
-0.487671,0.072021,0.772461
0.482056,-0.262695,1.025146
-0.278320,-0.224976,0.789917
-0.029907,0.126099,1.021362
0.299316,-0.475464,0.882080
-0.511475,0.056519,0.767212
0.455566,-0.213135,1.026733
-0.179932,-0.247681,0.817871
-0.102905,0.156372,1.006958
0.364380,-0.458496,0.926025
-0.505981,0.032593,0.780640
0.423096,-0.150757,1.048340
-0.076172,-0.314087,0.826538
-0.179688,0.178101,0.991943
0.420776,-0.429077,0.967529
-0.482178,-0.041748,0.778564
0.376465,-0.101074,1.060791
0.014038,-0.375488,0.839233
-0.245850,0.174072,0.959717
0.463867,-0.386108,1.004150
-0.445557,-0.110840,0.775513
0.315063,-0.050903,1.062012
0.084595,-0.409546,0.841187
-0.306885,0.159546,0.931885
0.507324,-0.350952,1.031860
-0.401489,-0.165894,0.771118
0.248657,-0.009766,1.060303
0.121948,-0.398071,0.866211
-0.358276,0.152100,0.906128
0.535645,-0.311646,1.061279
-0.357056,-0.206543,0.783325
0.166138,0.073486,1.068848
0.222412,-0.439087,0.886719
-0.399902,0.105957,0.856323
0.544678,-0.273071,1.078857
-0.299927,-0.217651,0.809326
0.099731,0.100952,1.067017
0.300415,-0.460083,0.920654
-0.432983,0.061401,0.824219
0.530396,-0.231934,1.090210
-0.223145,-0.229858,0.840576
0.024048,0.149658,1.072388
0.356201,-0.434937,0.962036
-0.454224,0.063354,0.834229
0.517212,-0.177246,1.111938
-0.145020,-0.259399,0.857788
-0.041382,0.185059,1.075317
0.418457,-0.407715,1.000732
-0.463257,0.039185,0.832886
0.486816,-0.121216,1.133057
-0.049805,-0.307495,0.871216
-0.110840,0.220825,1.083374
0.460938,-0.392944,1.029907
-0.445312,-0.001587,0.828979
0.456055,-0.091431,1.142944
0.031616,-0.355469,0.891357
-0.161255,0.226074,1.061768
0.500244,-0.343140,1.071777
-0.424683,-0.055786,0.821899
0.414551,-0.041138,1.149292
0.052734,-0.360474,0.892090
-0.209473,0.225586,1.052734
0.535767,-0.318359,1.098755
-0.403809,-0.090820,0.818237
0.362793,0.005005,1.153076
0.109741,-0.358765,0.910889
-0.265991,0.202881,1.016235
0.561890,-0.285645,1.126465
-0.360107,-0.161621,0.811768
0.295776,0.054199,1.143066
0.172119,-0.389160,0.920532
-0.307861,0.152100,0.958984
0.585571,-0.271484,1.136353
-0.321533,-0.199951,0.821411
0.220215,0.091675,1.131226
0.241943,-0.413574,0.947632
-0.357300,0.109375,0.914917
0.584351,-0.248535,1.143188
-0.273438,-0.224487,0.836060
0.147827,0.124390,1.125000
0.296875,-0.407227,0.968384
-0.398071,0.096436,0.895996
0.573120,-0.207031,1.148560
-0.223145,-0.251831,0.847656
0.070068,0.148682,1.107178
0.351807,-0.397827,0.990723
-0.422729,0.074829,0.875610
0.556030,-0.170654,1.150757
-0.149536,-0.278198,0.863770
-0.000732,0.175171,1.095093
0.389526,-0.377197,1.005371
-0.437378,0.031738,0.859497
0.530884,-0.148804,1.155762
-0.066528,-0.326416,0.869873
-0.066162,0.180054,1.076172
0.415283,-0.354248,1.020020
-0.447388,-0.010010,0.831665
0.501709,-0.112183,1.162476
-0.056396,-0.322876,0.858276
-0.133789,0.201660,1.071655
0.448730,-0.337158,1.034790
-0.458740,-0.033447,0.815918
0.453857,-0.076294,1.167236
-0.035034,-0.315918,0.862305
-0.215576,0.218506,1.053223
0.475830,-0.315308,1.056885
-0.452026,-0.078125,0.795776
0.390137,-0.044556,1.148804
-0.003174,-0.343872,0.861938
-0.272705,0.187256,0.998657
0.501221,-0.301270,1.077515
-0.428101,-0.126343,0.772461
0.326538,-0.004395,1.145752
0.043091,-0.365112,0.859741
-0.334106,0.176880,0.945679
0.508911,-0.304565,1.067505
-0.403442,-0.173706,0.768311
0.258179,0.024780,1.124268
0.103516,-0.380249,0.868408
-0.395630,0.174438,0.920776
0.516357,-0.278076,1.071411
-0.383179,-0.204102,0.769897
0.174194,0.050293,1.101074
0.151489,-0.392944,0.886597
-0.446411,0.137085,0.882690
0.508545,-0.261353,1.074463
-0.371948,-0.212158,0.762939
0.105469,0.068970,1.073242
0.205078,-0.391113,0.896484
-0.475342,0.098022,0.851318
0.495972,-0.228271,1.072388
-0.298584,-0.261841,0.779541
0.028931,0.090332,1.051025
0.238159,-0.396118,0.903931
-0.452515,-0.011963,0.828125
0.493652,-0.115112,1.151123
-0.094971,-0.321167,0.825806
-0.133911,0.190430,1.052246
0.428833,-0.348389,1.023438
-0.467041,-0.034790,0.813477
0.453613,-0.084351,1.153809
-0.071167,-0.326782,0.820801
-0.212402,0.203857,1.027466
0.456787,-0.334106,1.032471
-0.473511,-0.063110,0.789185
0.404419,-0.057739,1.145996
-0.039917,-0.323242,0.829834
-0.282715,0.208496,0.995361
0.472656,-0.324463,1.045654
-0.463257,-0.105469,0.767700
0.335327,-0.030396,1.129028
-0.012207,-0.342041,0.839355
-0.334717,0.184692,0.956665
0.478271,-0.312622,1.042725
-0.443726,-0.151001,0.744385
0.268311,-0.011841,1.110840
0.046509,-0.374268,0.846069
-0.398071,0.186279,0.916016
0.485352,-0.291748,1.049683
-0.426392,-0.182007,0.752808
0.199341,0.024170,1.083496
0.097778,-0.390381,0.856812
-0.442139,0.157349,0.884399
0.480713,-0.271729,1.047852
-0.421265,-0.208984,0.745605
0.129517,0.054321,1.068604
0.147827,-0.397583,0.874023
-0.488892,0.145752,0.861328
0.479370,-0.246826,1.047974
-0.368652,-0.228882,0.759277
0.051636,0.085571,1.048584
0.190796,-0.411621,0.872070
-0.512207,0.110840,0.826538
0.467773,-0.236084,1.046021
-0.308838,-0.249634,0.768066
-0.016479,0.101929,1.021118
0.225586,-0.406372,0.881592
-0.541870,0.082764,0.804688
0.447266,-0.218018,1.045166
-0.262085,-0.287476,0.745117
-0.090942,0.117310,0.992920
0.273560,-0.406616,0.900757
-0.557861,0.050293,0.772217
0.425415,-0.192505,1.041504
-0.230713,-0.304199,0.724121
-0.172363,0.139771,0.972412
0.313843,-0.399536,0.915283
-0.570312,0.018433,0.752319
0.395264,-0.163818,1.041382
-0.195801,-0.316284,0.732544
-0.253418,0.175537,0.950684
0.344849,-0.377563,0.928711
-0.566040,-0.001221,0.750732
0.354614,-0.121216,1.042236
-0.159058,-0.339966,0.735352
-0.315796,0.184570,0.921509
0.368164,-0.370850,0.929443
-0.566040,-0.051392,0.709473
0.298096,-0.083496,1.035278
-0.116333,-0.361206,0.741821
-0.387085,0.200562,0.898071
0.393555,-0.354004,0.947388
-0.546509,-0.078735,0.700684
0.232422,-0.031128,1.021484
-0.063354,-0.393066,0.764038
-0.453613,0.217529,0.877930
0.406616,-0.321777,0.968750
-0.526489,-0.108398,0.702637
0.160034,0.025391,1.021606
0.007324,-0.401611,0.785522
-0.511597,0.226929,0.863281
0.422363,-0.295532,0.976685
-0.488525,-0.158203,0.701294
0.096436,0.075439,1.027710
0.076782,-0.416382,0.796143
-0.549072,0.227783,0.856445
0.437500,-0.263062,0.982666
-0.419189,-0.193481,0.709106
0.033691,0.107300,1.017334
0.144287,-0.418823,0.827148
-0.576660,0.197388,0.827881
0.433472,-0.238647,0.990479
-0.344971,-0.216187,0.733276
-0.020386,0.122314,0.995972
0.197876,-0.407227,0.853638
-0.594116,0.179932,0.803467
0.433350,-0.200806,0.999146
-0.275146,-0.258057,0.733643
-0.092041,0.147949,0.977783
0.257080,-0.394531,0.871216
-0.595459,0.145264,0.782104
0.416626,-0.170166,1.016724
-0.210083,-0.305542,0.728394
-0.168579,0.164673,0.949585
0.311401,-0.393799,0.896362
-0.594360,0.109741,0.760132
0.389648,-0.129517,1.011841
-0.156250,-0.319946,0.739746
-0.238892,0.182983,0.914551
0.358276,-0.376587,0.907959
-0.577393,0.071899,0.748169
0.354858,-0.073853,1.016113
-0.099609,-0.354736,0.735962
-0.306519,0.193604,0.885132
0.389038,-0.357788,0.928223
-0.550659,0.013184,0.725830
0.291138,-0.023071,1.005615
-0.059204,-0.393311,0.728882
-0.363525,0.202393,0.871582
0.415405,-0.341064,0.940430
-0.528564,-0.043701,0.720825
0.226440,0.017578,1.004150
-0.007324,-0.404541,0.755005
-0.427979,0.208740,0.859375
0.439941,-0.314087,0.953613
-0.491089,-0.112549,0.714478
0.161621,0.062134,1.019287
0.044312,-0.396973,0.778442
-0.471313,0.213135,0.840698
0.450806,-0.287231,0.971924
-0.453857,-0.130737,0.736084
0.104126,0.091797,1.023804
0.105347,-0.404907,0.804932
-0.519897,0.196655,0.812134
0.461304,-0.259888,0.981567
-0.378906,-0.141846,0.761108
0.042480,0.119873,1.013306
0.169312,-0.407593,0.825317
-0.552734,0.168823,0.783203
0.464722,-0.230469,0.998169
-0.302612,-0.194458,0.767212
-0.027710,0.155640,1.000488
0.239136,-0.425171,0.857300
-0.567383,0.129639,0.774292
0.448853,-0.198853,1.012451
-0.230713,-0.233398,0.767090
-0.094238,0.168091,0.972168
0.299561,-0.431274,0.881592
-0.578735,0.094482,0.752686
0.431030,-0.166138,1.020386
-0.144775,-0.292236,0.775024
-0.156982,0.169312,0.944580
0.345093,-0.408569,0.904663
-0.566162,0.070557,0.765015
0.389404,-0.120239,1.018433
-0.078125,-0.347656,0.775757
-0.221191,0.177856,0.919434
0.383545,-0.395386,0.927856
-0.548462,0.016724,0.752441
0.349854,-0.092773,1.008911
-0.024902,-0.396729,0.772461
-0.287476,0.169922,0.880615
0.424194,-0.376465,0.947144
-0.526855,-0.058105,0.737427
0.283936,-0.065308,0.996094
0.024902,-0.420776,0.766357
-0.345215,0.149414,0.859253
0.452759,-0.364624,0.953247
-0.490845,-0.097534,0.740479
0.221436,-0.021484,1.005615
0.068970,-0.442993,0.771240
-0.395142,0.143677,0.823364
0.465942,-0.336426,0.970215
-0.448486,-0.135254,0.745361
0.157104,0.031982,1.020020
0.105469,-0.450195,0.784058
-0.443481,0.132202,0.810913
0.474609,-0.318115,0.985352
-0.401611,-0.188965,0.750732
0.091553,0.074585,1.023438
0.161987,-0.457764,0.818848
-0.489990,0.105591,0.792847
0.480957,-0.294189,1.008789
-0.341187,-0.221436,0.762329
0.022461,0.102051,1.022217
0.239624,-0.480225,0.848755
-0.511597,0.076660,0.760986
0.478027,-0.270630,1.014404
-0.276978,-0.235107,0.775757
-0.032837,0.138916,1.017212
0.295044,-0.468140,0.882202
-0.517700,0.065308,0.765503
0.456787,-0.233276,1.017822
-0.205200,-0.244751,0.812378
-0.084473,0.150757,1.011230
0.348022,-0.458252,0.915649
-0.526245,0.065186,0.785278
0.436890,-0.190063,1.040771
-0.119507,-0.290405,0.821411
-0.137695,0.160889,1.001953
0.393921,-0.445190,0.944580
-0.502930,0.028442,0.782837
0.407959,-0.149780,1.043579
-0.036011,-0.349365,0.828735
-0.197021,0.171387,0.981567
0.441895,-0.423828,0.973633
-0.478394,-0.037476,0.776611
0.370728,-0.093262,1.056519
0.028564,-0.393799,0.836426
-0.240356,0.162476,0.966309
0.474121,-0.388428,1.002686
-0.459717,-0.109009,0.763062
0.330933,-0.043091,1.072021
0.074219,-0.407837,0.841675
-0.286499,0.162476,0.957397
0.504150,-0.361694,1.030396
-0.419434,-0.152710,0.771362
0.272705,-0.007324,1.070923
0.112549,-0.393433,0.862061
-0.330444,0.154663,0.922852
0.530151,-0.328125,1.070312
-0.380981,-0.190186,0.776978
0.214478,0.043091,1.080078
0.181396,-0.412354,0.887207
-0.375244,0.141602,0.895020
0.554932,-0.300049,1.096924
-0.334961,-0.222290,0.789551
0.152588,0.087769,1.086426
0.245728,-0.433960,0.905518
-0.398071,0.109131,0.864868
0.551636,-0.269531,1.089478
-0.281372,-0.248535,0.809204
0.097900,0.124512,1.080933
0.314819,-0.449585,0.933350
-0.429810,0.083984,0.844360
0.534912,-0.234863,1.099609
-0.222290,-0.253784,0.839844
0.047974,0.143433,1.083374
0.368042,-0.427979,0.973511
-0.453247,0.084839,0.844971
0.523560,-0.188477,1.116333
-0.161255,-0.266479,0.859619
-0.012451,0.172729,1.104492
0.418335,-0.417236,1.010132
-0.451538,0.058472,0.846436
0.506348,-0.133179,1.130737
-0.090088,-0.275391,0.875977
-0.063965,0.191040,1.085449
0.461548,-0.390991,1.044067
-0.448364,0.013428,0.836792
0.482178,-0.083984,1.152832
0.004517,-0.336914,0.895752
-0.122925,0.197632,1.075195
0.489624,-0.368896,1.065186
-0.430054,-0.034912,0.830200
0.449585,-0.045532,1.162476
0.038574,-0.332397,0.889893
-0.185547,0.211670,1.060547
0.520508,-0.326660,1.099365
-0.415771,-0.075806,0.827637
0.398071,-0.004517,1.161377
0.068604,-0.348145,0.904663
-0.254150,0.219360,1.033203
0.557861,-0.303955,1.122559
-0.385986,-0.133301,0.816895
0.344116,0.032104,1.159180
0.131592,-0.364990,0.919922
-0.301514,0.174805,0.981934
0.575195,-0.291382,1.131958
-0.340576,-0.203491,0.809082
0.266479,0.060669,1.141113
0.199341,-0.387573,0.924561
-0.349609,0.152466,0.933960
0.583496,-0.267700,1.139893
-0.301514,-0.229126,0.829956
0.204224,0.100952,1.139648
0.264038,-0.402710,0.951904
-0.393799,0.144043,0.907349
0.574707,-0.236694,1.135254
-0.259521,-0.245483,0.834229
0.123535,0.114380,1.120850
0.315430,-0.411377,0.961426
-0.426392,0.116821,0.887329
0.561890,-0.207397,1.139282
-0.214355,-0.265381,0.844238
0.052246,0.138062,1.107300
0.357666,-0.394531,0.978149
-0.445068,0.073853,0.863892
0.537231,-0.164673,1.143188
-0.142944,-0.295044,0.845215
-0.014648,0.140747,1.086670
0.375854,-0.366333,1.000366
-0.445312,0.022339,0.851807
0.515991,-0.132324,1.157104
-0.097778,-0.311279,0.838867
-0.085205,0.161743,1.061523
0.412354,-0.355347,1.017212
-0.459106,-0.014893,0.824219
0.473755,-0.100464,1.154419
-0.077881,-0.310425,0.837158
-0.166992,0.185303,1.041260
0.444702,-0.332520,1.041382
-0.455811,-0.065430,0.799072
0.422241,-0.061401,1.150024
-0.054565,-0.296997,0.846191
-0.243652,0.203491,1.009155
0.477783,-0.312500,1.054199
-0.449219,-0.116333,0.767334
0.357056,-0.029907,1.131836
-0.007568,-0.317017,0.851196
-0.311646,0.191284,0.967163
0.493896,-0.303589,1.060669
-0.423584,-0.170044,0.755127
0.288696,-0.000244,1.127563
0.045532,-0.375610,0.855103
-0.378784,0.176880,0.922607
0.502319,-0.305908,1.055054
-0.405640,-0.201538,0.755615
0.211792,0.035400,1.105225
0.099976,-0.399536,0.855713
-0.432861,0.171021,0.887451
0.496582,-0.282715,1.059448
-0.395142,-0.221069,0.753662
0.144165,0.056274,1.087036
0.154053,-0.396973,0.874756
-0.485840,0.155762,0.864868
0.501953,-0.264160,1.056519
-0.361084,-0.225342,0.776367
0.067627,0.064697,1.061279
0.203125,-0.401001,0.886597
-0.511963,0.130615,0.837158
0.481812,-0.243652,1.055054
-0.283081,-0.289429,0.769287
-0.002930,0.089111,1.038574
0.237671,-0.406372,0.893799
-0.532471,0.088623,0.806519
0.462036,-0.222900,1.049316
-0.243652,-0.277100,0.770386
-0.078003,0.111450,1.007690
0.286499,-0.406982,0.909058
-0.544678,0.047607,0.779419
0.430542,-0.179932,1.054077
-0.225220,-0.298462,0.740356
-0.168213,0.130615,0.981934
0.320679,-0.397705,0.922974
-0.553467,0.016235,0.760132
0.390503,-0.137939,1.054932
-0.191284,-0.304810,0.743408
-0.249512,0.158325,0.951660
0.360352,-0.380615,0.940796
-0.553101,-0.039062,0.740479
0.341797,-0.094116,1.052246
-0.160767,-0.310547,0.754028
-0.316284,0.177124,0.927856
0.390625,-0.361694,0.960571
-0.541870,-0.079956,0.716919
0.276611,-0.054688,1.051147
-0.104858,-0.352783,0.763916
-0.402588,0.196655,0.888184
0.409180,-0.347900,0.963989
-0.518799,-0.126831,0.693848
0.210327,-0.007080,1.042725
-0.051270,-0.381592,0.771729
-0.464111,0.227295,0.879028
0.431152,-0.322876,0.978760
-0.503784,-0.153198,0.696289
0.137451,0.047363,1.035889
0.021362,-0.420044,0.788818
-0.522827,0.226196,0.865479
0.439331,-0.303101,0.985718
-0.459106,-0.181396,0.719971
0.067139,0.078003,1.030396
0.083008,-0.426636,0.799316
-0.561890,0.215698,0.840576
0.449341,-0.277588,0.991455
-0.390381,-0.205444,0.736328
0.018188,0.099121,1.020996
0.153442,-0.435059,0.818848
-0.593140,0.198853,0.810547
0.440918,-0.248413,0.993530
-0.315552,-0.233521,0.736816
-0.034058,0.115601,1.001587
0.216064,-0.431519,0.849854
-0.603516,0.164185,0.786987
0.422119,-0.213013,0.998413
-0.260864,-0.272949,0.727661
-0.108765,0.143921,0.987915
0.270264,-0.411011,0.875244
-0.602783,0.127563,0.779175
0.399048,-0.172241,1.005371
-0.213013,-0.286987,0.733276
-0.183350,0.156738,0.945679
0.322876,-0.393066,0.892578
-0.591064,0.086304,0.756958
0.369995,-0.119019,1.009277
-0.173706,-0.328979,0.714844
-0.250977,0.169678,0.917358
0.364746,-0.380859,0.911255
-0.575439,0.027588,0.735107
0.318481,-0.064453,1.014526
-0.120728,-0.365967,0.718872
-0.331299,0.198853,0.889404
0.399292,-0.357910,0.930908
-0.553589,-0.032715,0.713989
0.254517,-0.013550,1.008301
-0.071045,-0.380371,0.733521
-0.387329,0.209961,0.869385
0.425903,-0.333008,0.957520
-0.531128,-0.087036,0.705322
0.194458,0.029907,1.011841
-0.013306,-0.378784,0.760620
-0.458130,0.223999,0.856079
0.442017,-0.299683,0.966675
-0.466797,-0.117798,0.742676
0.134155,0.063232,1.016235
0.045532,-0.376343,0.791748
-0.520142,0.233154,0.830200
0.450439,-0.270630,0.980713
-0.402222,-0.171265,0.743652
0.070923,0.095459,1.020020
0.115234,-0.383789,0.821167
-0.556030,0.218872,0.808105
0.455078,-0.220093,0.992188
-0.316895,-0.219360,0.752563
-0.007935,0.131836,1.005981
0.194824,-0.401489,0.842041
-0.586792,0.187012,0.777100
0.442749,-0.180664,0.999512
-0.229858,-0.226074,0.766357
-0.076416,0.152954,0.981445
0.266846,-0.408691,0.874146
-0.596191,0.146729,0.759521
0.427856,-0.135620,1.013916
-0.151733,-0.282837,0.761841
-0.153809,0.174683,0.944702
0.331909,-0.400757,0.897217
-0.580322,0.099854,0.768677
0.378296,-0.080688,1.013916
-0.085571,-0.339722,0.754272
-0.232910,0.175659,0.913452
0.375488,-0.391113,0.911133
-0.552979,0.021729,0.741821
0.324829,-0.051514,1.000366
-0.040649,-0.345215,0.753296
-0.312988,0.171997,0.874512
0.424072,-0.365479,0.941040
-0.526611,-0.066284,0.729126
0.245361,-0.012329,0.997803
0.012329,-0.404419,0.748413
-0.386963,0.179932,0.843140
0.458618,-0.345215,0.963623
-0.486572,-0.114624,0.740112
0.172363,0.041870,1.011475
0.063232,-0.406128,0.777466
-0.460327,0.167969,0.807739
0.467285,-0.311890,0.985107
-0.422241,-0.184326,0.738403
0.091431,0.090698,1.016479
0.128662,-0.406372,0.808838
-0.524902,0.153320,0.785522
0.473389,-0.279785,0.992798
-0.331421,-0.220337,0.757568
-0.005127,0.140625,1.015381
0.224609,-0.428833,0.844238
-0.556763,0.113037,0.748901
0.461914,-0.252563,0.991211
-0.219360,-0.232544,0.794312
-0.102905,0.167725,0.987183
0.308105,-0.429932,0.885986
-0.554199,0.079712,0.761841
0.408691,-0.176514,1.015747
-0.102417,-0.327637,0.790039
-0.203125,0.162720,0.938965
0.376953,-0.396118,0.929321
-0.527954,-0.003662,0.745972
0.338501,-0.099121,0.998047
-0.009766,-0.406982,0.774780
-0.301758,0.136353,0.870850
0.438965,-0.373779,0.958008
-0.492065,-0.096436,0.739014
0.225464,-0.012207,1.010742
0.069214,-0.441528,0.777954
-0.397461,0.118408,0.832886
0.471191,-0.330322,0.989990
-0.416626,-0.168091,0.747192
0.113525,0.064453,1.021118
0.141846,-0.440674,0.815308
-0.478027,0.101318,0.790039
0.482422,-0.306274,1.005127
-0.333862,-0.232910,0.759399
-0.000244,0.113159,1.013550
0.270142,-0.452881,0.868286
-0.529419,0.066895,0.753784
0.457642,-0.234131,1.024292
-0.181030,-0.273926,0.812866
-0.124756,0.163330,0.994019
0.354858,-0.442383,0.923584
-0.526001,0.034180,0.766357
0.400391,-0.137573,1.030518
-0.039185,-0.332764,0.822632
-0.229370,0.157471,0.950439
0.423828,-0.424561,0.951660
-0.485352,-0.083008,0.759399
0.309082,-0.039551,1.045166
0.071289,-0.429932,0.810791
-0.333984,0.161377,0.904175
0.478271,-0.393311,0.977051
-0.429443,-0.175293,0.761475
0.188843,0.009766,1.031372
0.128174,-0.411987,0.832153
-0.408691,0.136353,0.859375
0.518799,-0.328369,1.026733
-0.338257,-0.229614,0.776001
0.046143,0.087769,1.027222
0.256348,-0.443359,0.877075
-0.453003,0.059937,0.790161
0.499390,-0.239380,1.049072
-0.216064,-0.257812,0.818359
-0.060425,0.144287,1.020508
0.347656,-0.421387,0.939819
-0.480347,0.031738,0.796143
0.448608,-0.141724,1.073364
-0.055420,-0.283691,0.850830
-0.177368,0.180054,1.013550
0.438721,-0.410278,0.995483
-0.450562,-0.062256,0.774170
0.354492,-0.050049,1.076294
0.070312,-0.395264,0.856812
-0.279663,0.167603,0.959717
0.504761,-0.341309,1.044067
-0.405151,-0.151978,0.779907
0.250366,0.005615,1.066284
0.139893,-0.395264,0.866455
-0.360474,0.144287,0.912476
0.536255,-0.291382,1.084717
-0.326538,-0.210449,0.796509
0.125488,0.091797,1.064453
0.267822,-0.431396,0.909180
-0.430908,0.061523,0.829102
0.538208,-0.250366,1.093872
-0.215576,-0.249390,0.826904
-0.005615,0.162354,1.060425
0.375732,-0.416260,0.969360
-0.457520,0.048218,0.818848
0.494507,-0.161377,1.104736
-0.077881,-0.268921,0.877686
-0.115845,0.194214,1.054932
0.452881,-0.381836,1.028931
-0.438599,-0.040039,0.811523
0.416992,-0.076294,1.118530
0.079346,-0.374878,0.894531
-0.210571,0.199097,1.016846
0.511353,-0.306885,1.078491
-0.400269,-0.117554,0.801147
0.332397,-0.016724,1.117798
0.119019,-0.382446,0.906860
-0.303345,0.172852,0.968506
0.573486,-0.267456,1.127319
-0.335205,-0.178711,0.815552
0.200806,0.084717,1.109009
0.237427,-0.430908,0.934692
-0.359863,0.081299,0.892212
0.577271,-0.248901,1.129639
-0.256104,-0.217529,0.834839
0.101074,0.160156,1.102661
0.339600,-0.420044,0.970581
-0.427368,0.076050,0.869629
0.553223,-0.217651,1.138428
-0.164673,-0.254517,0.870239
0.007202,0.184082,1.091431
0.405273,-0.374268,1.008057
-0.430786,0.033325,0.849976
0.515991,-0.140137,1.149170
-0.058105,-0.294189,0.900879
-0.076172,0.190674,1.085449
0.464233,-0.372925,1.045654
-0.444824,-0.012939,0.835571
0.467407,-0.084229,1.163208
0.031372,-0.334839,0.888062
-0.151367,0.212891,1.077148
0.505249,-0.330811,1.074219
-0.422241,-0.061890,0.837524
0.405151,-0.014526,1.163330
0.041382,-0.341187,0.887817
-0.232788,0.213745,1.045410
0.558350,-0.303101,1.125122
-0.399170,-0.119507,0.804199
0.329834,0.036011,1.158203
0.117798,-0.370605,0.907471
-0.291260,0.163818,0.979248
0.578003,-0.271118,1.145874
-0.343872,-0.188721,0.818359
0.244141,0.065796,1.149292
0.207886,-0.395142,0.927734
-0.350830,0.125610,0.917236
0.582275,-0.258423,1.139771
-0.278809,-0.226807,0.830322
0.150024,0.111450,1.119629
0.283936,-0.384766,0.968262
-0.415527,0.108154,0.893066
0.571899,-0.230713,1.140747
-0.225464,-0.263550,0.846436
0.058472,0.134766,1.103516
0.349121,-0.369263,0.989746
-0.443115,0.058716,0.861572
0.537964,-0.174561,1.149780
-0.092773,-0.329224,0.862305
-0.047363,0.156738,1.067871
0.388306,-0.343872,1.003174
-0.438232,-0.016113,0.828369
0.499512,-0.129883,1.156738
-0.070435,-0.315308,0.848145
-0.140991,0.173706,1.041748
0.440186,-0.309692,1.040405
-0.446289,-0.070679,0.816895
0.430786,-0.071045,1.166382
-0.030640,-0.331665,0.858032
-0.238403,0.200317,1.021240
0.494141,-0.303589,1.061279
-0.430420,-0.109497,0.792603
0.339111,-0.008423,1.149780
0.056885,-0.356445,0.876709
-0.317871,0.184448,0.960327
0.520020,-0.274292,1.087402
-0.390747,-0.175415,0.775024
0.241455,0.035156,1.132568
0.142334,-0.375977,0.901123
-0.394531,0.144531,0.904053
0.522949,-0.229492,1.097778
-0.344727,-0.240356,0.785645
0.132324,0.074829,1.095581
0.220215,-0.398193,0.918335
-0.453003,0.108643,0.864380
0.514160,-0.212524,1.096191
-0.276123,-0.269287,0.792236
0.029663,0.095947,1.061523
0.272339,-0.378662,0.933105
-0.475342,0.048950,0.815918
0.493652,-0.176880,1.105225
-0.188110,-0.299561,0.796875
-0.073608,0.128296,1.037109
0.333374,-0.389282,0.950806
-0.494263,-0.008301,0.789673
0.459839,-0.142578,1.108521
-0.162720,-0.282227,0.785889
-0.185547,0.168457,1.003174
0.388550,-0.357788,0.981201
-0.505859,-0.047363,0.770142
0.392456,-0.098511,1.110352
-0.117554,-0.305298,0.795166
-0.279663,0.178101,0.966675
0.432129,-0.342773,1.002075
-0.493774,-0.095581,0.752930
0.317383,-0.056274,1.098389
-0.045898,-0.326416,0.810913
-0.374268,0.180298,0.902832
0.456177,-0.301025,1.023926
-0.448608,-0.195923,0.728760
0.212158,-0.006226,1.078979
0.039673,-0.379883,0.841309
-0.460815,0.167603,0.867676
0.464478,-0.271729,1.037354
-0.428345,-0.193115,0.731934
0.111450,0.060791,1.057739
0.139526,-0.408203,0.859253
-0.520020,0.133789,0.825562
0.453369,-0.254028,1.032104
-0.324829,-0.243530,0.762329
0.015625,0.102661,1.039795
0.209106,-0.404907,0.864746
-0.563599,0.098511,0.793213
0.448364,-0.227661,1.038574
-0.260620,-0.285156,0.739502
-0.089722,0.142578,1.003784
0.276367,-0.407471,0.893799
-0.564941,0.031372,0.766968
0.414673,-0.183838,1.040161
-0.216431,-0.307129,0.731201
-0.208618,0.158569,0.967407
0.455200,-0.313110,1.032593
-0.566650,-0.011963,0.742432
0.288574,-0.033813,1.104614
-0.161133,-0.336426,0.737671
-0.364746,0.173828,0.923096
0.475830,-0.305420,1.041748
-0.430176,-0.185303,0.750244
0.195679,0.027222,1.090332
0.074585,-0.371704,0.854126
-0.455933,0.160400,0.879639
0.488037,-0.273926,1.053467
-0.401001,-0.198242,0.755005
0.088623,0.080444,1.058838
0.165039,-0.403076,0.863159
-0.500122,0.104492,0.828613
0.477905,-0.232666,1.053833
-0.291748,-0.257080,0.778198
-0.015137,0.114990,1.036133
0.232666,-0.415894,0.879395
-0.533081,0.060059,0.790405
0.452759,-0.205200,1.054199
-0.229004,-0.298950,0.740601
-0.115723,0.138672,1.009033
0.310913,-0.399902,0.906372
-0.553345,0.015991,0.757812
0.397095,-0.137085,1.060303
-0.176147,-0.313721,0.755371
-0.241089,0.156372,0.965820
0.368286,-0.369507,0.953613
-0.546997,-0.037720,0.754272
0.331787,-0.094849,1.057129
-0.127075,-0.318115,0.765503
-0.349609,0.155640,0.904663
0.407837,-0.353638,0.980225
-0.510864,-0.118164,0.710938
0.222412,-0.005371,1.054077
-0.044312,-0.338257,0.790649
-0.454224,0.183350,0.875244
0.436890,-0.309448,1.005127
-0.477295,-0.185059,0.715332
0.102905,0.059814,1.040527
0.073120,-0.382935,0.823364
-0.531982,0.172729,0.836182
0.453491,-0.284180,1.009399
-0.368774,-0.209595,0.754883
0.002563,0.109863,1.018188
0.180420,-0.400024,0.847656
-0.572998,0.109863,0.784668
0.439697,-0.231079,1.008057
-0.263672,-0.274902,0.741455
-0.122070,0.131226,0.981567
0.264771,-0.398926,0.876221
-0.577026,0.066162,0.757080
0.387085,-0.160522,1.018188
-0.201660,-0.323486,0.719604
-0.242310,0.150513,0.936157
0.344971,-0.369751,0.929565
-0.581909,-0.010010,0.722412
0.305420,-0.074951,1.035889
-0.141724,-0.348022,0.733765
-0.364868,0.178345,0.896240
0.397583,-0.355103,0.951660
-0.546021,-0.073608,0.699219
0.210327,0.000732,1.018066
-0.044067,-0.365845,0.771484
-0.488281,0.217529,0.865112
0.432861,-0.294678,0.984863
-0.467407,-0.157227,0.708862
0.082886,0.082275,1.026001
0.072876,-0.380615,0.815308
-0.557495,0.190918,0.834961
0.443359,-0.250366,0.996582
-0.341797,-0.225586,0.736938
-0.027954,0.124512,0.998047
0.203979,-0.408203,0.849121
-0.589233,0.141479,0.791138
0.420532,-0.191772,1.007202
-0.242554,-0.290283,0.725586
-0.148682,0.163330,0.970215
0.302734,-0.381226,0.895630
-0.593750,0.082520,0.757446
0.371338,-0.138306,1.008911
-0.165161,-0.331055,0.708862
-0.284790,0.195435,0.911011
0.378418,-0.355957,0.916992
-0.553589,-0.005859,0.723999
0.276001,-0.057617,1.014282
-0.106567,-0.378174,0.728027
-0.407837,0.208618,0.866089
0.416626,-0.309814,0.951294
-0.506348,-0.109131,0.720093
0.158569,0.039185,1.022949
0.001343,-0.380249,0.782104
-0.506226,0.220703,0.837646
0.434082,-0.255127,0.987671
-0.390503,-0.160156,0.746948
0.054565,0.115112,1.025391
0.132202,-0.390991,0.822876
-0.575928,0.204102,0.804688
0.426270,-0.206787,0.987183
-0.265991,-0.251221,0.744263
-0.057251,0.164673,1.001099
0.255981,-0.397827,0.874023
-0.606567,0.166260,0.777100
0.412231,-0.157227,1.002075
-0.166016,-0.335327,0.726685
-0.181274,0.184814,0.950195
0.345459,-0.390137,0.899048
-0.580811,0.088135,0.765625
0.343750,-0.080688,1.008667
-0.093628,-0.374756,0.719482
-0.310059,0.191650,0.888062
0.410522,-0.348389,0.942627
-0.540405,-0.026001,0.727539
0.227417,-0.002441,0.990967
-0.031372,-0.380249,0.743042
-0.418945,0.186401,0.851440
0.434570,-0.291992,0.971680
-0.458862,-0.115234,0.737793
0.124146,0.085693,1.010864
0.052368,-0.370605,0.800659
-0.503662,0.185181,0.818726
0.447266,-0.244507,0.985352
-0.346802,-0.200806,0.753906
0.020020,0.139648,1.013184
0.175903,-0.381592,0.839966
-0.579224,0.170898,0.780884
0.446533,-0.206299,0.998535
-0.223755,-0.257935,0.759155
-0.093018,0.179810,0.975342
0.285278,-0.389282,0.888428
-0.581787,0.116455,0.759399
0.417847,-0.140991,1.016357
-0.114136,-0.336914,0.747437
-0.213623,0.175415,0.921875
0.374756,-0.386719,0.905029
-0.547974,0.047852,0.761353
0.330322,-0.063843,1.001099
-0.038452,-0.385742,0.750488
-0.323364,0.157471,0.857300
0.423584,-0.349854,0.944336
-0.507935,-0.073486,0.728516
0.219849,0.008545,1.012695
0.019165,-0.398438,0.767700
-0.422607,0.160889,0.827515
0.455933,-0.315796,0.975586
-0.446167,-0.145386,0.748291
0.125122,0.078369,1.023926
0.095947,-0.402710,0.797119
-0.510132,0.161133,0.794678
0.461792,-0.276855,0.984009
-0.343262,-0.209595,0.757080
0.016113,0.130493,1.020020
0.209717,-0.420776,0.847412
-0.559082,0.134521,0.755249
0.455688,-0.224731,1.002075
-0.229004,-0.245605,0.781372
-0.093384,0.157715,0.972412
0.305420,-0.433838,0.882568
-0.567505,0.096802,0.765015
0.405273,-0.144043,1.019287
-0.107056,-0.307861,0.791748
-0.191650,0.144653,0.928345
0.379761,-0.403076,0.922485
-0.537964,0.020630,0.765137
0.338257,-0.090820,1.005859
-0.026978,-0.381714,0.771362
-0.287842,0.140869,0.865845
0.425049,-0.389526,0.933350
-0.505127,-0.077515,0.748535
0.251953,-0.027222,1.004395
0.041992,-0.421997,0.769043
-0.390381,0.126343,0.827515
0.463623,-0.360840,0.969849
-0.449463,-0.147827,0.744873
0.158936,0.039185,1.014893
0.096680,-0.427734,0.786377
-0.461792,0.127197,0.790405
0.478271,-0.317261,0.986572
-0.371704,-0.180420,0.765747
0.053833,0.096191,1.018433
0.187988,-0.456543,0.815186
-0.523560,0.120483,0.768799
0.478394,-0.275635,0.999634
-0.281128,-0.225952,0.778198
-0.043091,0.142090,1.016357
0.279785,-0.459473,0.862549
-0.552856,0.090332,0.762573
0.446411,-0.226685,1.010376
-0.169434,-0.274658,0.804688
-0.128418,0.163208,0.987305
0.351440,-0.447510,0.912964
-0.542236,0.053223,0.770264
0.396729,-0.156738,1.024658
-0.056396,-0.337891,0.809448
-0.202881,0.155029,0.954590
0.413452,-0.430542,0.943359
-0.519897,-0.039673,0.753052
0.330566,-0.092896,1.022827
0.017944,-0.406982,0.804565
-0.283813,0.138428,0.906982
0.466919,-0.408936,0.974487
-0.474609,-0.112183,0.750366
0.259277,-0.035278,1.024780
0.069092,-0.428711,0.796997
-0.345703,0.124756,0.869141
0.499756,-0.368652,1.001221
-0.438599,-0.177612,0.750854
0.185181,0.018921,1.035645
0.119141,-0.428467,0.808228
-0.414062,0.124756,0.840210
0.521362,-0.330322,1.026001
-0.369019,-0.210205,0.764526
0.091919,0.088989,1.034912
0.203369,-0.457642,0.839478
-0.459839,0.084229,0.790161
0.529541,-0.315552,1.032715
-0.298584,-0.248047,0.780396
0.027466,0.123413,1.036743
0.272339,-0.447998,0.881226
-0.490845,0.083252,0.781372
0.498047,-0.261841,1.049316
-0.216797,-0.263672,0.815674
-0.043457,0.161987,1.045288
0.339233,-0.453247,0.922241
-0.513672,0.080322,0.790527
0.465210,-0.208496,1.057983
-0.130127,-0.267700,0.847778
-0.094116,0.170776,1.041504
0.397949,-0.444336,0.963379
-0.496338,0.031738,0.793091
0.435547,-0.152100,1.061768
-0.035034,-0.319214,0.855347
-0.148804,0.164307,1.018188
0.443237,-0.409790,0.998901
-0.481323,-0.029175,0.783203
0.395386,-0.099976,1.079102
0.033569,-0.376099,0.858643
-0.200562,0.163696,0.998657
0.485718,-0.380981,1.029663
-0.457520,-0.090698,0.780640
0.350952,-0.050293,1.090210
0.070557,-0.389160,0.852051
-0.253784,0.161865,0.976074
0.521484,-0.349365,1.060913
-0.415771,-0.140137,0.778809
0.284546,-0.004150,1.081421
0.112305,-0.393555,0.871460
-0.318604,0.156250,0.943970
0.551758,-0.316528,1.091553
-0.370361,-0.174805,0.792358
0.217529,0.063354,1.089233
0.183350,-0.422729,0.889648
-0.357422,0.112793,0.897217
0.567749,-0.287964,1.103882
-0.323975,-0.208618,0.796997
0.158447,0.114746,1.101074
0.255859,-0.443604,0.913574
-0.392456,0.100220,0.871216
0.560181,-0.264771,1.099121
-0.266968,-0.236450,0.808838
0.106567,0.139526,1.099609
0.320557,-0.445923,0.940430
-0.431641,0.097290,0.854004
0.554077,-0.240112,1.112427
-0.219116,-0.236084,0.842163
0.052368,0.158081,1.094727
0.364136,-0.423462,0.971802
-0.448730,0.085815,0.859863
0.542603,-0.207642,1.123657
-0.155029,-0.242310,0.871948
-0.006470,0.175171,1.086426
0.403076,-0.389160,1.007080
-0.449463,0.041870,0.839600
0.518433,-0.159912,1.137817
-0.078735,-0.286987,0.884033
-0.062256,0.202637,1.090210
0.445068,-0.379761,1.034546
-0.451782,0.013794,0.837646
0.485840,-0.109131,1.145996
0.007812,-0.340942,0.894775
-0.106567,0.202271,1.077271
0.477539,-0.368042,1.050049
-0.445557,-0.013794,0.832031
0.460693,-0.073486,1.158936
0.022461,-0.338135,0.896362
-0.151611,0.205200,1.063965
0.509033,-0.324951,1.078369
-0.438354,-0.041504,0.819702
0.425903,-0.028564,1.168457
0.049805,-0.367920,0.888672
-0.206665,0.218750,1.060791
0.534668,-0.309814,1.100830
-0.420288,-0.080078,0.817261
0.388794,-0.012817,1.161255
0.095947,-0.370605,0.921753
-0.258301,0.200928,1.023071
0.556396,-0.283936,1.124390
-0.387939,-0.119141,0.819458
0.333130,0.019775,1.157715
0.141602,-0.378052,0.922363
-0.296509,0.167847,0.980469
0.567749,-0.272705,1.126343
-0.350342,-0.162964,0.816162
0.276733,0.055542,1.150269
0.191284,-0.393799,0.935059
-0.338257,0.136475,0.936279
0.582031,-0.274170,1.133057
-0.320312,-0.200195,0.816406
0.212402,0.094727,1.137573
0.245483,-0.415527,0.942017
-0.375000,0.113647,0.910034
0.573853,-0.247314,1.122559
-0.288818,-0.216187,0.832275
0.152222,0.130859,1.132202
0.289429,-0.414062,0.962036
-0.407959,0.104614,0.894897
0.563599,-0.208374,1.145874
-0.245972,-0.239380,0.833862
0.089478,0.144653,1.111084
0.327026,-0.400513,0.977051
-0.429810,0.075073,0.880127
0.547974,-0.178345,1.154053
-0.207642,-0.277832,0.832520
0.024048,0.160522,1.102051
0.362549,-0.390503,0.993896
-0.432739,0.041016,0.867188
0.540894,-0.167725,1.154175
-0.139526,-0.303467,0.836060
-0.026489,0.177734,1.088013
0.387939,-0.377197,0.989258
-0.437500,0.013794,0.856812
0.515991,-0.156006,1.146484
-0.107056,-0.315796,0.834717
-0.074463,0.173462,1.063110
0.417969,-0.364380,1.008667
-0.459961,-0.010986,0.826904
0.496948,-0.122437,1.156006
-0.098999,-0.327637,0.813477
-0.130981,0.191772,1.058228
0.439941,-0.351440,1.022705
-0.462891,-0.038452,0.812256
0.463013,-0.103394,1.157837
-0.074463,-0.321045,0.823853
-0.197754,0.205444,1.035400
0.457764,-0.331177,1.040771
-0.458252,-0.071289,0.792236
0.416748,-0.073853,1.145386
-0.048584,-0.324951,0.841553
-0.256226,0.200806,0.990967
0.474243,-0.314941,1.053467
-0.453369,-0.104248,0.773193
0.369629,-0.044067,1.136841
-0.014160,-0.345581,0.845703
-0.304443,0.174194,0.966187
0.477173,-0.313232,1.054932
-0.437378,-0.127686,0.777466
0.318359,-0.026611,1.134033
0.025391,-0.351074,0.846802
-0.344238,0.165039,0.927612
0.491211,-0.299805,1.054443
-0.417114,-0.164062,0.760498
0.258057,0.002686,1.115479
0.081421,-0.370605,0.870850
-0.394165,0.164307,0.910156
0.491333,-0.279907,1.055298
-0.400757,-0.197876,0.759033
0.195068,0.025269,1.087280
0.122192,-0.385498,0.878174
-0.440308,0.145996,0.874146
0.487183,-0.256836,1.061035
-0.393799,-0.217041,0.754883
0.126343,0.052612,1.072510
0.173706,-0.389893,0.892822
-0.483276,0.130737,0.847656
0.492065,-0.250122,1.064453
-0.359619,-0.250488,0.757568
0.059326,0.074463,1.055542
0.212891,-0.381348,0.903442
-0.500000,0.103516,0.833252
0.487061,-0.239502,1.061401
-0.292847,-0.269409,0.766479
-0.011353,0.107544,1.044189
0.255371,-0.403442,0.899414
-0.508911,0.073853,0.810547
0.453003,-0.207764,1.060303
-0.249390,-0.297119,0.750854
-0.065674,0.111450,1.015015
0.290894,-0.407104,0.916016
-0.531372,0.058105,0.785767
0.437256,-0.173706,1.071045
-0.220947,-0.299927,0.749512
-0.150269,0.131226,0.991455
0.325562,-0.401855,0.926270
-0.536865,0.012939,0.758545
0.415283,-0.140259,1.071167
-0.199829,-0.298828,0.753052
-0.222778,0.164795,0.973267
0.353882,-0.395752,0.937866
-0.535278,-0.004150,0.762573
0.379028,-0.102783,1.075684
-0.175659,-0.296021,0.756714
-0.292969,0.165283,0.939331
0.382568,-0.390747,0.943115
-0.546387,-0.055176,0.731689
0.332275,-0.072266,1.069092
-0.130981,-0.299438,0.772827
-0.352539,0.179688,0.915161
0.389282,-0.370483,0.953491
-0.535278,-0.104370,0.706543
0.277466,-0.032104,1.067871
-0.081299,-0.329468,0.778564
-0.420654,0.206665,0.904175
0.409546,-0.346069,0.972412
-0.514893,-0.128662,0.706543
0.214355,-0.011108,1.044922
-0.017212,-0.374023,0.793091
-0.469116,0.211304,0.877441
0.423340,-0.317383,0.987427
-0.505615,-0.155518,0.709229
0.146118,0.009644,1.020874
0.045044,-0.397583,0.805664
-0.517578,0.214355,0.842651
0.451660,-0.286621,1.007690
-0.445923,-0.215576,0.713501
0.055054,0.059814,1.020264
0.108276,-0.419067,0.820068
-0.552490,0.176147,0.828979
0.442017,-0.247559,1.007568
-0.375732,-0.223022,0.732300
-0.004883,0.095215,1.005249
0.176636,-0.446777,0.834595
-0.570190,0.137085,0.795410
0.421021,-0.208984,1.015381
-0.300903,-0.263062,0.727783
-0.076904,0.121948,0.987183
0.231934,-0.460205,0.841675
-0.593140,0.116699,0.778442
0.416870,-0.181030,1.016846
-0.247314,-0.280029,0.718872
-0.153564,0.145142,0.968628
0.291016,-0.438110,0.878540
-0.599487,0.085449,0.762451
0.398682,-0.146484,1.028320
-0.211304,-0.285889,0.721802
-0.220093,0.185669,0.955811
0.336670,-0.414673,0.891479
-0.593018,0.039917,0.734741
0.353638,-0.109131,1.021973
-0.158447,-0.331421,0.717163
-0.302002,0.203125,0.919189
0.374390,-0.405029,0.908936
-0.586670,-0.009888,0.715210
0.312378,-0.083496,1.018311
-0.114868,-0.358521,0.731934
-0.365723,0.215576,0.893555
0.401367,-0.354126,0.933228
-0.564575,-0.053833,0.693237
0.251465,-0.049072,1.013794
-0.071411,-0.373901,0.742676
-0.423584,0.225342,0.882690
0.413574,-0.322754,0.948120
-0.537109,-0.091675,0.697144
0.173828,-0.000366,0.998657
-0.005615,-0.381958,0.780151
-0.479126,0.215820,0.861938
0.427246,-0.281860,0.970459
-0.493896,-0.138672,0.711548
0.115234,0.052124,1.007812
0.065430,-0.384644,0.800781
-0.521973,0.212402,0.840088
0.430786,-0.237061,0.986206
-0.413330,-0.184204,0.729492
0.044067,0.097412,1.012329
0.131104,-0.407715,0.821533
-0.558350,0.195801,0.823242
0.445923,-0.210815,1.004517
-0.342163,-0.205811,0.733887
-0.014893,0.130371,1.002686
0.204346,-0.420776,0.840820
-0.584961,0.164551,0.791626
0.439575,-0.173340,1.021729
-0.266846,-0.239258,0.736816
-0.090820,0.160522,0.975830
0.265625,-0.406738,0.856201
-0.593262,0.129639,0.777222
0.428589,-0.139282,1.032349
-0.201294,-0.281128,0.742065
-0.167480,0.187866,0.960449
0.320435,-0.414185,0.882690
-0.587891,0.106567,0.763672
0.402710,-0.111938,1.031372
-0.147339,-0.312012,0.744141
-0.231201,0.200439,0.926758
0.364990,-0.395020,0.900757
-0.585083,0.065186,0.743652
0.352783,-0.087524,1.020752
-0.089722,-0.364258,0.734619
-0.296265,0.218994,0.901855
0.394531,-0.359863,0.922729
-0.567139,0.006592,0.724854
0.307495,-0.051392,1.005493
-0.034302,-0.375488,0.747803
-0.363770,0.207031,0.868286
0.418335,-0.323608,0.940796
-0.533447,-0.067505,0.707275
0.229980,-0.008301,1.003174
0.000366,-0.380005,0.765869
-0.411987,0.208740,0.858643
0.433472,-0.279785,0.960815
-0.490723,-0.100708,0.733398
0.149292,0.040771,1.006592
0.062622,-0.403442,0.779541
-0.471558,0.190552,0.831787
0.452148,-0.250244,0.976562
-0.436035,-0.124268,0.749878
0.080200,0.089233,1.005127
0.127197,-0.411865,0.816650
-0.524048,0.179443,0.802368
0.449341,-0.211304,1.001465
-0.356567,-0.177246,0.752441
0.008789,0.125610,0.996582
0.203003,-0.416870,0.844482
-0.553711,0.144409,0.781494
0.459595,-0.181641,1.021118
-0.267090,-0.209595,0.758301
-0.076660,0.171753,0.982056
0.266357,-0.429199,0.872681
-0.566040,0.096802,0.762939
0.442017,-0.159912,1.026489
-0.181152,-0.260376,0.768311
-0.145752,0.202759,0.953247
0.326782,-0.425415,0.883667
-0.569336,0.087036,0.769165
0.413818,-0.137817,1.025269
-0.098267,-0.313477,0.772705
-0.220459,0.211304,0.931274
0.369385,-0.401611,0.901978
-0.556763,0.043701,0.760986
0.366455,-0.112915,1.014771
-0.036377,-0.368286,0.767700
-0.291748,0.204346,0.886108
0.404053,-0.369019,0.932129
-0.530273,-0.024536,0.746948
0.299561,-0.065430,1.004395
0.001343,-0.406372,0.757812
-0.345459,0.189331,0.874146
0.434937,-0.346558,0.940674
-0.504150,-0.086426,0.734009
0.215820,-0.028198,0.995850
0.058472,-0.435303,0.774658
-0.399902,0.168457,0.837891
0.448242,-0.302246,0.968384
-0.459106,-0.108887,0.754028
0.143311,0.024780,0.996338
0.103638,-0.440430,0.789185
-0.456421,0.134033,0.794678
0.461914,-0.262207,0.991821
-0.402466,-0.172852,0.747925
0.069580,0.073730,0.998901
0.162476,-0.450317,0.812744
-0.507812,0.113892,0.775879
0.471191,-0.251831,1.001831
-0.327271,-0.217651,0.761597
-0.021729,0.139282,1.007935
0.238403,-0.471558,0.841431
-0.533569,0.073120,0.754028
0.461792,-0.232422,1.018921
-0.251343,-0.218750,0.788086
-0.091064,0.162109,0.994629
0.293335,-0.468994,0.873535
-0.551880,0.061890,0.752686
0.431519,-0.193237,1.019897
-0.155762,-0.271362,0.801636
-0.152466,0.183228,0.980103
0.345093,-0.450073,0.902100
-0.547363,0.053467,0.767944
0.401123,-0.154175,1.018433
-0.073364,-0.324585,0.800171
-0.209595,0.186401,0.951294
0.394653,-0.418823,0.922241
-0.531250,-0.000610,0.766235
0.364380,-0.129639,1.008423
-0.003784,-0.393799,0.791870
-0.268066,0.188110,0.926392
0.429443,-0.393799,0.947632
-0.503906,-0.093262,0.738281
0.295776,-0.086182,1.005249
0.045776,-0.427124,0.787354
-0.321533,0.169312,0.899414
0.454712,-0.368774,0.963989
-0.468872,-0.137939,0.738770
0.228027,-0.031982,1.012573
0.086304,-0.450195,0.787964
-0.376709,0.148193,0.856323
0.479980,-0.334717,0.990479
-0.428223,-0.148560,0.758301
0.151611,0.012451,1.010376
0.134277,-0.461548,0.809937
-0.425415,0.120239,0.829346
0.495850,-0.298218,1.018311
-0.384888,-0.197998,0.745850
0.081055,0.065186,1.017822
0.212524,-0.490479,0.830322
-0.456543,0.077515,0.804199
0.498413,-0.269653,1.022095
-0.319702,-0.220215,0.776978
0.010254,0.112427,1.011841
0.282104,-0.492432,0.866577
-0.484741,0.034180,0.764526
0.471680,-0.238770,1.041870
-0.238281,-0.234619,0.803223
-0.059204,0.159790,1.029541
0.336060,-0.477295,0.909790
-0.510010,0.033691,0.775269
0.452759,-0.194824,1.058472
-0.151489,-0.263428,0.831909
-0.122803,0.187256,1.016968
0.380249,-0.460815,0.934692
-0.498047,0.009521,0.786133
0.422119,-0.151611,1.060181
-0.058716,-0.325928,0.833374
-0.185547,0.200684,0.999146
0.423706,-0.421753,0.965210
-0.482910,-0.044922,0.765381
0.388062,-0.106079,1.068115
0.026733,-0.381470,0.842651
-0.239136,0.197266,0.976074
0.459351,-0.383667,0.993042
-0.449341,-0.106079,0.764160
0.335327,-0.068970,1.070068
0.078491,-0.420410,0.834106
-0.278320,0.192993,0.958740
0.496826,-0.354736,1.022949
-0.425415,-0.137817,0.763672
0.275879,-0.025879,1.073730
0.108521,-0.411377,0.847900
-0.330688,0.180176,0.944946
0.529541,-0.323486,1.051636
-0.396240,-0.156738,0.782104
0.201660,0.032227,1.069580
0.192261,-0.444092,0.868408
-0.379639,0.117920,0.888062
0.539673,-0.282593,1.071167
-0.342407,-0.187134,0.786133
0.131714,0.070190,1.058228
0.254272,-0.456909,0.904297
-0.410522,0.068115,0.843140
0.536011,-0.252441,1.083008
-0.286621,-0.220337,0.800781
0.067993,0.119263,1.062988
0.324097,-0.451172,0.939209
-0.443970,0.048950,0.820801
0.522339,-0.212036,1.100098
-0.216675,-0.230591,0.834351
0.003174,0.158569,1.054321
0.374878,-0.431885,0.962280
-0.455811,0.060303,0.830933
0.507080,-0.173950,1.116943
-0.125244,-0.262451,0.865112
-0.068237,0.185669,1.063477
0.410400,-0.417480,0.990479
-0.451660,0.006348,0.824585
0.489868,-0.130859,1.128418
-0.049194,-0.284546,0.883545
-0.129883,0.200806,1.068359
0.453491,-0.416870,1.016846
-0.438477,-0.049561,0.811401
0.446899,-0.095825,1.137695
0.039062,-0.325317,0.903320
-0.184326,0.233154,1.056519
0.493042,-0.380493,1.043457
-0.437622,-0.078857,0.807617
0.405762,-0.058105,1.131958
0.078003,-0.346558,0.911255
-0.231812,0.218018,1.027466
0.522583,-0.317383,1.083130
-0.384521,-0.192261,0.762939
0.163330,0.044189,1.052368
0.111450,-0.364746,0.920410
-0.386230,0.092407,0.859863
0.540527,-0.282593,1.070068
-0.336182,-0.210449,0.774536
0.095581,0.091187,1.043091
0.261841,-0.457642,0.884644
-0.407715,0.046753,0.834839
0.531738,-0.258911,1.085327
-0.285767,-0.238525,0.796265
0.046143,0.114990,1.050293
0.316650,-0.459839,0.925415
-0.441772,0.037476,0.817505
0.516235,-0.227295,1.090820
-0.229492,-0.235596,0.829834
-0.005493,0.151611,1.046997
0.358398,-0.439209,0.952637
-0.457642,0.035767,0.824829
0.505981,-0.187744,1.102905
-0.161621,-0.248535,0.849731
-0.047852,0.171875,1.053223
0.397827,-0.418335,0.982300
-0.458252,0.028809,0.823730
0.487793,-0.153564,1.114136
-0.090332,-0.282593,0.870605
-0.097290,0.203247,1.066528
0.438354,-0.413696,0.998535
-0.455811,0.005127,0.819092
0.466309,-0.122559,1.117920
-0.013794,-0.333740,0.875122
-0.135742,0.219971,1.060669
0.473145,-0.387085,1.016968
-0.449829,-0.023682,0.810425
0.437012,-0.090210,1.136597
0.045532,-0.373535,0.880249
-0.174561,0.223267,1.053101
0.494995,-0.364624,1.046997
-0.434448,-0.049438,0.809814
0.411987,-0.066284,1.130249
0.060913,-0.362427,0.887695
-0.202393,0.216309,1.047119
0.522461,-0.344849,1.073608
-0.422241,-0.083862,0.809326
0.374878,-0.032227,1.127075
0.079102,-0.354736,0.902344
-0.254761,0.206299,1.021362
0.551270,-0.311401,1.106445
-0.398804,-0.129761,0.796875
0.324341,0.006958,1.130005
0.133057,-0.375977,0.914795
-0.287231,0.182007,0.995605
0.570557,-0.290527,1.115723
-0.369019,-0.154785,0.808838
0.277466,0.043457,1.126709
0.187866,-0.404541,0.926758
-0.314697,0.146240,0.950562
0.578613,-0.266724,1.133423
-0.334351,-0.185913,0.818970
0.218384,0.070801,1.111938
0.248291,-0.425537,0.939453
-0.345337,0.108032,0.912231
0.576294,-0.244385,1.132080
-0.292847,-0.216919,0.828369
0.170288,0.092529,1.101562
0.300293,-0.417847,0.963257
-0.399048,0.096924,0.888062
0.571045,-0.216919,1.143799
-0.240967,-0.246582,0.843384
0.101318,0.135742,1.109253
0.339355,-0.415283,0.985107
-0.417603,0.088867,0.889893
0.556763,-0.191162,1.144653
-0.187134,-0.248291,0.865479
0.036377,0.167114,1.109497
0.382080,-0.397217,1.003296
-0.431274,0.062500,0.864014
0.549316,-0.166748,1.158691
-0.136230,-0.264404,0.875244
-0.012451,0.196655,1.101929
0.407104,-0.377563,1.012207
-0.435913,0.033081,0.860596
0.526489,-0.127930,1.158081
-0.052368,-0.313232,0.879150
-0.063354,0.198730,1.091309
0.441772,-0.375244,1.027954
-0.432495,0.000366,0.839355
0.495117,-0.092773,1.173096
-0.012085,-0.345459,0.875244
-0.114868,0.215576,1.084961
0.469116,-0.357056,1.051880
-0.442261,-0.016235,0.839722
0.469971,-0.071777,1.175781
-0.004395,-0.344116,0.872192
-0.168335,0.227295,1.072632
0.499756,-0.333252,1.074829
-0.444458,-0.036011,0.833984
0.429688,-0.038940,1.170288
0.023438,-0.341309,0.879395
-0.229004,0.209229,1.042236
0.532349,-0.311646,1.104736
-0.419556,-0.105103,0.810181
0.369629,0.003296,1.164917
0.076416,-0.341309,0.901001
-0.280396,0.198486,1.006104
0.550659,-0.285767,1.114502
-0.382080,-0.164917,0.806152
0.302856,0.025513,1.147339
0.137939,-0.358398,0.904541
-0.324341,0.155273,0.945435
0.559937,-0.261475,1.125488
-0.332520,-0.226074,0.803711
0.222168,0.060425,1.133423
0.200562,-0.397583,0.919189
-0.380615,0.145996,0.919067
0.566040,-0.248535,1.125000
-0.307251,-0.235596,0.818848
0.139526,0.091553,1.105591
0.261963,-0.394409,0.948730
-0.417603,0.106689,0.883423
0.548706,-0.209473,1.130127
-0.254395,-0.261353,0.826660
0.057861,0.113403,1.094482
0.310791,-0.391235,0.966919
-0.444458,0.073975,0.861450
0.537598,-0.190430,1.133057
-0.166992,-0.271606,0.846558
-0.018677,0.132690,1.073608
0.354248,-0.380493,0.979614
-0.450073,0.011108,0.829956
0.502686,-0.155273,1.143066
-0.120117,-0.303467,0.825439
-0.096680,0.161011,1.050903
0.405884,-0.354370,1.000366
-0.476318,-0.023315,0.809082
0.453369,-0.097290,1.140015
-0.086304,-0.322876,0.824463
-0.200562,0.198608,1.029907
0.457886,-0.331543,1.038086
-0.477173,-0.066772,0.789795
0.382568,-0.039185,1.147217
-0.027222,-0.335571,0.841187
-0.282959,0.204590,0.989868
0.492432,-0.307129,1.057495
-0.445923,-0.127319,0.768433
0.298340,-0.000244,1.134399
0.050903,-0.375610,0.851685
-0.354248,0.172607,0.936768
0.503906,-0.294189,1.065918
-0.395874,-0.203735,0.767212
0.207031,0.030884,1.107666
0.127197,-0.385010,0.883545
-0.419678,0.150269,0.896484
0.511353,-0.256958,1.078369
-0.368896,-0.217896,0.771851
0.109375,0.072144,1.073608
0.207764,-0.388794,0.908936
-0.462646,0.092896,0.850586
0.505615,-0.227417,1.085205
-0.265015,-0.258667,0.786133
0.008667,0.107666,1.050781
0.272827,-0.386841,0.919312
-0.486938,0.039429,0.811523
0.483765,-0.175781,1.095703
-0.198486,-0.310547,0.764648
-0.098267,0.137939,1.015137
0.338623,-0.377686,0.944946
-0.508301,-0.005371,0.780884
0.439575,-0.134766,1.101440
-0.157715,-0.322021,0.766846
-0.214478,0.184082,0.998047
0.394897,-0.359497,0.983765
-0.518799,-0.058960,0.762207
0.367188,-0.097168,1.093384
-0.103271,-0.331543,0.788574
-0.312256,0.179199,0.943359
0.427368,-0.332153,1.003540
-0.493164,-0.102173,0.746582
0.285034,-0.038940,1.088623
-0.027222,-0.349976,0.811035
-0.400757,0.181396,0.905396
0.456787,-0.323608,1.017212
-0.455444,-0.180420,0.726807
0.190796,0.012085,1.071533
0.063965,-0.382324,0.845581
-0.479248,0.177856,0.870850
0.468872,-0.271606,1.036255
-0.419189,-0.210815,0.746704
0.088379,0.057739,1.047729
0.157959,-0.409058,0.859009
-0.523682,0.128906,0.815918
0.460693,-0.237793,1.040894
-0.296875,-0.278564,0.755371
-0.018677,0.111694,1.033691
0.227661,-0.414795,0.871582
-0.550659,0.076294,0.793701
0.448242,-0.213257,1.046509
-0.240356,-0.306519,0.735962
-0.132812,0.140869,0.998657
0.306152,-0.402222,0.913574
-0.565674,0.017334,0.758667
0.395142,-0.167847,1.047607
-0.187988,-0.302734,0.754028
-0.253174,0.165771,0.958130
0.356323,-0.351929,0.951050
-0.546265,-0.039673,0.740479
0.322510,-0.079590,1.051270
-0.129272,-0.346069,0.751221
-0.349487,0.166626,0.907104
0.402100,-0.341431,0.969360
-0.534790,-0.089600,0.709839
0.238037,-0.023682,1.042847
-0.050659,-0.372437,0.779541
-0.445068,0.182373,0.882446
0.430054,-0.315186,0.994995
-0.502319,-0.157837,0.695923
0.134399,0.041870,1.033813
0.049683,-0.383789,0.814697
-0.511719,0.169678,0.855103
0.448242,-0.288086,1.010498
-0.418701,-0.201904,0.724731
0.042603,0.084473,1.021606
0.139160,-0.393066,0.830933
-0.558228,0.148438,0.816528
0.444702,-0.259766,1.010742
-0.320679,-0.267456,0.735596
-0.053345,0.108276,0.996338
0.221680,-0.401367,0.864136
-0.587158,0.105225,0.775269
0.425537,-0.216675,1.020020
-0.242188,-0.301270,0.723267
-0.158691,0.148560,0.975220
0.289062,-0.376099,0.894531
-0.589478,0.051270,0.743286
0.373657,-0.143799,1.029907
-0.183838,-0.346191,0.722290
-0.270508,0.172974,0.929688
0.357056,-0.368652,0.914795
-0.584229,0.002441,0.722046
0.301636,-0.081421,1.018066
-0.124146,-0.376587,0.729248
-0.363281,0.187500,0.894043
0.389526,-0.339111,0.955688
-0.548340,-0.066650,0.691895
0.209473,-0.003662,1.022339
-0.051514,-0.391724,0.755981
-0.463013,0.203491,0.868652
0.430054,-0.297974,0.981567
-0.503174,-0.121948,0.708618
0.104126,0.062500,1.019043
0.047607,-0.385376,0.800537
-0.535156,0.190430,0.838501
0.441162,-0.263916,0.998535
-0.408081,-0.171143,0.734985
0.017090,0.112061,1.004883
0.149902,-0.396118,0.837280
-0.575073,0.162109,0.811279
0.433960,-0.233521,1.000610
-0.301514,-0.244019,0.729736
-0.071411,0.145264,0.988159
0.243774,-0.400391,0.865845
-0.602539,0.121338,0.775146
0.412476,-0.182617,1.010010
-0.211792,-0.305298,0.723022
-0.179199,0.182373,0.963867
0.316162,-0.385620,0.894287
-0.602051,0.079956,0.754761
0.369629,-0.137573,1.011108
-0.152588,-0.351440,0.724487
-0.276855,0.193848,0.916016
0.372192,-0.367554,0.911377
-0.577759,0.021484,0.728638
0.302246,-0.076050,1.001953
-0.101074,-0.384888,0.720703
-0.371826,0.207520,0.882324
0.406494,-0.327026,0.941772
-0.537720,-0.058105,0.698608
0.202393,0.001709,0.997192
-0.025757,-0.380737,0.769409
-0.455566,0.204346,0.858765
0.422363,-0.275024,0.977539
-0.482910,-0.128418,0.710938
0.114258,0.083008,1.018555
0.053467,-0.377197,0.797852
-0.524902,0.209229,0.838501
0.440674,-0.251587,0.983398
-0.401245,-0.178101,0.723267
0.037476,0.125854,1.013916
0.153320,-0.401611,0.838013
-0.569336,0.180908,0.811035
0.436646,-0.201782,1.005005
-0.294312,-0.222046,0.740967
-0.046387,0.150635,0.986816
0.246460,-0.386719,0.871338
-0.596191,0.156860,0.778687
0.422363,-0.165039,1.013550
-0.205688,-0.293335,0.737427
-0.141724,0.173584,0.955688
0.317261,-0.389648,0.894653
-0.593628,0.112183,0.762451
0.397949,-0.121338,1.019531
-0.136108,-0.346069,0.721191
-0.247437,0.192993,0.913086
0.375244,-0.377686,0.902832
-0.561646,0.036377,0.742188
0.319702,-0.060913,1.006226
-0.074463,-0.377075,0.734253
-0.340576,0.196045,0.880859
0.408325,-0.341919,0.930786
-0.536499,-0.038330,0.720581
0.231079,-0.006592,0.996704
-0.015869,-0.373413,0.759521
-0.425293,0.201782,0.863159
0.435059,-0.308594,0.955688
-0.483765,-0.116821,0.731445
0.141846,0.057617,1.007690
0.055176,-0.378174,0.790161
-0.495361,0.207642,0.839478
0.454590,-0.254028,0.981934
-0.408325,-0.161865,0.744019
0.053589,0.109863,1.007324
0.157837,-0.404419,0.831299
-0.558594,0.165161,0.794800
0.456177,-0.198120,1.012695
-0.292358,-0.204590,0.751831
-0.047241,0.156006,0.979126
0.240479,-0.402832,0.863647
-0.578857,0.125854,0.764893
0.447144,-0.172607,1.023560
-0.183228,-0.279785,0.761230
-0.148804,0.185791,0.951660
0.318237,-0.385864,0.891479
-0.572754,0.087646,0.755127
0.395264,-0.122314,1.014771
-0.087524,-0.341553,0.762695
-0.249390,0.203491,0.912109
0.373413,-0.372803,0.912476
-0.550537,0.026489,0.746216
0.328369,-0.071533,1.008789
-0.029785,-0.397705,0.744995
-0.326782,0.198120,0.872192
0.418091,-0.346802,0.936401
-0.524170,-0.057373,0.731201
0.226074,-0.017700,0.995361
0.034058,-0.420776,0.763672
-0.403687,0.185913,0.844238
0.433105,-0.290771,0.958740
-0.471558,-0.119995,0.728638
0.136963,0.055908,1.010620
0.084717,-0.427612,0.795654
-0.483643,0.165649,0.801270
0.463379,-0.253906,0.986816
-0.388794,-0.140381,0.758423
0.041382,0.120361,1.012817
0.170166,-0.437134,0.821899
-0.541138,0.143433,0.788208
0.463745,-0.229858,1.008179
-0.300049,-0.201416,0.764038
-0.059082,0.165039,0.987671
0.262451,-0.436646,0.861084
-0.553467,0.083862,0.753784
0.446655,-0.201050,1.018677
-0.181763,-0.258057,0.782715
-0.150024,0.194336,0.959839
0.334717,-0.409668,0.891724
-0.549438,0.061523,0.771362
0.399414,-0.150146,1.016235
-0.081421,-0.348145,0.783081
-0.237427,0.191406,0.917236
0.380981,-0.390991,0.920166
-0.528076,-0.011841,0.751465
0.328857,-0.086426,1.000854
-0.000732,-0.403320,0.779297
-0.318481,0.182861,0.873291
0.420532,-0.363037,0.933350
-0.508301,-0.088257,0.731445
0.242676,-0.030640,1.003540
0.053101,-0.450928,0.770264
-0.379883,0.160522,0.838135
0.450073,-0.324707,0.963623
-0.461426,-0.111694,0.740601
0.155396,0.033081,1.011108
0.101196,-0.458374,0.786133
-0.453369,0.153931,0.809814
0.472168,-0.291260,0.989258
-0.401611,-0.166748,0.753784
0.061401,0.084106,1.005249
0.172119,-0.458008,0.828491
-0.502930,0.106567,0.776001
0.475098,-0.272461,1.000977
-0.319702,-0.202881,0.759521
-0.026611,0.135742,1.002686
0.256470,-0.465454,0.851685
-0.526245,0.046753,0.749390
0.448853,-0.241455,1.003662
-0.216064,-0.228271,0.798218
-0.106201,0.160889,0.987915
0.312988,-0.452637,0.884644
-0.538574,0.048218,0.761230
0.420044,-0.182495,1.025391
-0.119873,-0.305298,0.796753
-0.180420,0.161133,0.966187
0.374878,-0.419678,0.923218
-0.523926,0.005371,0.757446
0.378174,-0.126221,1.025391
-0.024902,-0.376099,0.802856
-0.252563,0.166260,0.917603
0.417236,-0.409302,0.940308
-0.495361,-0.079834,0.739624
0.306274,-0.075684,1.015503
0.046997,-0.430176,0.795776
-0.322266,0.156494,0.888062
0.459717,-0.375977,0.971924
-0.471191,-0.135498,0.736450
0.221069,-0.017822,1.018188
0.089478,-0.456177,0.796631
-0.380005,0.142700,0.860107
0.487427,-0.338989,0.996826
-0.432007,-0.168701,0.742432
0.149292,0.038208,1.026855
0.141357,-0.447754,0.816772
-0.434326,0.111328,0.833252
0.502319,-0.307739,1.023071
-0.372314,-0.210815,0.750488
0.067261,0.083618,1.027832
0.227295,-0.477539,0.843506
-0.473389,0.073242,0.792114
0.498413,-0.292603,1.019775
-0.303589,-0.237915,0.773560
-0.012817,0.126953,1.017578
0.294556,-0.459595,0.880859
-0.495972,0.056274,0.773804
0.469360,-0.242310,1.038696
-0.207886,-0.260986,0.802612
-0.087891,0.153320,1.007568
0.351440,-0.446655,0.923096
-0.502441,0.044434,0.785767
0.443481,-0.181519,1.055054
-0.104614,-0.285767,0.836426
-0.159912,0.164551,0.998779
0.398682,-0.436646,0.948364
-0.491577,-0.015869,0.769531
0.398438,-0.114258,1.060425
-0.005249,-0.366577,0.842529
-0.222046,0.179199,0.989990
0.445435,-0.416626,0.976074
-0.469482,-0.079834,0.759888
0.337158,-0.059204,1.060913
0.073853,-0.397827,0.843750
-0.276978,0.174316,0.956421
0.488037,-0.375244,1.013306
-0.436523,-0.145996,0.768555
0.272705,-0.011963,1.064087
0.102539,-0.396118,0.849243
-0.331787,0.166260,0.927124
0.518799,-0.350220,1.043457
-0.397217,-0.177490,0.771240
0.196533,0.032471,1.052612
0.164673,-0.408813,0.866821
-0.376587,0.123291,0.888428
0.543091,-0.303467,1.060669
-0.352539,-0.208374,0.780518
0.119751,0.077637,1.042603
0.240723,-0.439941,0.888672
-0.412476,0.062622,0.826050
0.531372,-0.266846,1.076782
-0.280396,-0.229736,0.810303
0.049438,0.101440,1.051758
0.310425,-0.456055,0.919922
-0.445923,0.048706,0.812744
0.515015,-0.224976,1.085571
-0.202393,-0.245605,0.842163
-0.018677,0.149658,1.054077
0.361328,-0.446899,0.953125
-0.470581,0.049316,0.812622
0.494629,-0.167969,1.100830
-0.129150,-0.260376,0.859619
-0.080078,0.191040,1.058228
0.416260,-0.430908,0.986694
-0.472168,0.008179,0.804932
0.463135,-0.125732,1.108521
-0.026978,-0.316040,0.868164
-0.144409,0.203491,1.051636
0.463257,-0.403076,1.015747
-0.454468,-0.028931,0.798096
0.423706,-0.083374,1.120605
0.060059,-0.359863,0.893677
-0.201416,0.221558,1.034912
0.502197,-0.361694,1.047485
-0.430786,-0.089233,0.796631
0.359375,-0.026123,1.109131
0.083862,-0.366821,0.889771
-0.251587,0.211182,1.018066
0.529419,-0.323364,1.079590
-0.397949,-0.148315,0.789429
0.289185,0.011841,1.116455
0.145264,-0.385864,0.914307
-0.307983,0.177002,0.966553
0.558472,-0.294800,1.109497
-0.358887,-0.187378,0.804077
0.218994,0.055908,1.099854
0.217651,-0.411133,0.921753
-0.347168,0.125854,0.913208
0.575439,-0.257935,1.117188
-0.310547,-0.210205,0.814575
0.152222,0.095825,1.098145
0.290405,-0.438721,0.943115
-0.386841,0.085571,0.871582
0.565308,-0.225220,1.125854
-0.236450,-0.225708,0.842407
0.081177,0.130615,1.089233
0.346558,-0.421021,0.975952
-0.418579,0.082764,0.860474
0.549316,-0.187134,1.139526
-0.179443,-0.238525,0.874268
0.010864,0.169067,1.088379
0.391479,-0.402344,0.996460
-0.433838,0.042969,0.853638
0.525635,-0.136597,1.146729
-0.087524,-0.266602,0.884277
-0.060059,0.197144,1.092041
0.439575,-0.388306,1.032227
-0.446655,-0.001587,0.838379
0.492798,-0.091187,1.162598
0.004517,-0.323242,0.899902
-0.122314,0.222778,1.092529
0.481201,-0.360962,1.059326
-0.443726,-0.028564,0.835327
0.448120,-0.054688,1.158813
0.036377,-0.331299,0.904053
-0.175537,0.228394,1.066650
0.514404,-0.316528,1.088013
-0.430176,-0.069946,0.805908
0.400879,-0.023560,1.161987
0.074829,-0.352661,0.907959
-0.239990,0.225952,1.051025
0.554688,-0.304810,1.118896
-0.395874,-0.127563,0.805542
0.332886,0.022827,1.153687
0.134033,-0.367676,0.915894
-0.283325,0.186279,0.994873
0.583984,-0.283325,1.140259
-0.359009,-0.170898,0.810059
0.263916,0.057495,1.144897
0.195557,-0.403076,0.927856
-0.323853,0.136719,0.943359
0.589478,-0.258057,1.141968
-0.317871,-0.202637,0.822144
0.188354,0.085205,1.122681
0.253906,-0.418335,0.946777
-0.378662,0.117676,0.915283
0.583130,-0.239868,1.140381
-0.267334,-0.231689,0.843872
0.126587,0.115601,1.109619
0.303711,-0.400513,0.966797
-0.411987,0.095337,0.889282
0.564697,-0.203369,1.150269
-0.210449,-0.250977,0.866455
0.053711,0.148193,1.105103
0.350342,-0.391235,0.987915
-0.424072,0.062988,0.868286
0.541138,-0.176880,1.149292
-0.131592,-0.266235,0.877563
-0.007935,0.163818,1.096436
0.391846,-0.369873,1.006348
-0.443481,0.027710,0.850098
0.528076,-0.136841,1.160034
-0.061646,-0.321655,0.869019
-0.061523,0.178223,1.079712
0.424194,-0.351074,1.028076
-0.455811,-0.003174,0.831299
0.490112,-0.100586,1.163940
-0.046265,-0.329956,0.857910
-0.126709,0.203125,1.086914
0.458618,-0.336792,1.057007
-0.466309,-0.026611,0.823120
0.448975,-0.065308,1.164795
-0.024414,-0.342285,0.850952
-0.198975,0.221069,1.057373
0.492676,-0.316772,1.073364
-0.453979,-0.059937,0.802979
0.397217,-0.028442,1.158936
0.011963,-0.338623,0.867554
-0.252075,0.204346,1.017822
0.529419,-0.308838,1.094482
-0.430176,-0.110352,0.793823
0.328125,0.006104,1.147583
0.065796,-0.360840,0.875000
-0.300293,0.174927,0.969727
0.542969,-0.297241,1.103516
-0.395752,-0.161133,0.783325
0.266113,0.022583,1.131592
0.112549,-0.381714,0.883301
-0.352417,0.143311,0.929810
0.550049,-0.293091,1.099121
-0.354614,-0.204590,0.792847
0.201660,0.057495,1.116821
0.163208,-0.395508,0.890625
-0.408691,0.132446,0.892212
0.545166,-0.269531,1.102661
-0.329102,-0.235352,0.800781
0.129395,0.084839,1.101318
0.215576,-0.394897,0.912598
-0.441895,0.107910,0.873535
0.540405,-0.238281,1.107422
-0.284302,-0.261719,0.806030
0.063965,0.103638,1.080933
0.259399,-0.391235,0.929932
-0.466187,0.074585,0.845215
0.521606,-0.215820,1.108398
-0.213379,-0.296509,0.806763
0.005493,0.115601,1.065918
0.295044,-0.390503,0.931519
-0.487427,0.055420,0.825684
0.502197,-0.190674,1.108276
-0.176392,-0.302246,0.806152
-0.054810,0.130005,1.040649
0.329834,-0.372070,0.950195
-0.504272,0.028320,0.806885
0.480103,-0.172729,1.101318
-0.149048,-0.308105,0.793091
-0.128174,0.149658,1.025879
0.371216,-0.363525,0.974731
-0.511597,-0.009399,0.786255
0.435669,-0.129761,1.112183
-0.138306,-0.310913,0.794922
-0.199097,0.170044,1.005981
0.398804,-0.350830,0.999756
-0.517578,-0.035889,0.770996
0.386108,-0.090454,1.107666
-0.114380,-0.321045,0.795410
-0.266479,0.177979,0.974609
0.429199,-0.338989,1.011719
-0.510010,-0.075562,0.751465
0.338501,-0.051147,1.104492
-0.080566,-0.342896,0.797607
-0.321411,0.174683,0.945801
0.448608,-0.336670,1.017212
-0.489014,-0.116943,0.727661
0.287964,-0.017334,1.100952
-0.035645,-0.357788,0.800171
-0.377686,0.184448,0.912842
0.460083,-0.328125,1.016724
-0.471313,-0.154907,0.730713
0.229736,0.008789,1.084106
0.016602,-0.364746,0.813721
-0.430664,0.195435,0.900757
0.472290,-0.307373,1.031494
-0.451172,-0.186890,0.730347
0.165894,0.049072,1.067139
0.065308,-0.381104,0.841309
-0.475220,0.173462,0.880127
0.473633,-0.304199,1.024780
-0.431641,-0.201172,0.739868
0.104248,0.064453,1.047485
0.109009,-0.395020,0.837036
-0.513672,0.149536,0.844727
0.469116,-0.274292,1.027588
-0.366333,-0.244385,0.762085
0.046265,0.091187,1.044067
0.157471,-0.399048,0.858643
-0.536987,0.119385,0.812744
0.460815,-0.261963,1.027222
-0.307495,-0.261475,0.753784
-0.009644,0.103760,1.028931
0.208984,-0.409302,0.863403
-0.560425,0.110962,0.789673
0.445557,-0.243164,1.021606
-0.268921,-0.293823,0.734375
-0.071899,0.126587,1.007080
0.257202,-0.409302,0.880981
-0.575562,0.090332,0.782593
0.429810,-0.220947,1.023926
-0.245850,-0.312622,0.713135
-0.135986,0.148071,0.992065
0.305908,-0.402222,0.909424
-0.501587,-0.043945,0.773071
0.369995,-0.080444,1.108398
-0.109863,-0.315430,0.795044
-0.287598,0.185791,0.965576
0.438599,-0.339722,1.010986
-0.487305,-0.100830,0.755493
0.317139,-0.039795,1.100464
-0.059082,-0.341797,0.804321
-0.347412,0.174805,0.927979
0.448608,-0.334961,1.012695
-0.457764,-0.160278,0.732788
0.265869,0.002441,1.092285
-0.016602,-0.366333,0.802124
-0.412964,0.189087,0.901733
0.459717,-0.322632,1.015869
-0.443359,-0.171387,0.736572
0.206665,0.039917,1.084961
0.033569,-0.377441,0.828369
-0.455933,0.178345,0.875732
0.473877,-0.316406,1.023193
-0.438721,-0.196777,0.734741
0.152222,0.052612,1.064453
0.092163,-0.392578,0.842529
-0.499756,0.158691,0.845947
0.473389,-0.309692,1.018188
-0.395752,-0.227417,0.754272
0.089111,0.077148,1.056152
0.134766,-0.390991,0.850708
-0.522949,0.136230,0.833984
0.458374,-0.300659,1.017456
-0.341919,-0.260376,0.754028
0.038330,0.088745,1.043457
0.177246,-0.400269,0.854004
-0.547485,0.127563,0.806641
0.451904,-0.264038,1.011353
-0.306152,-0.302612,0.738403
-0.021851,0.109741,1.025146
0.229858,-0.403198,0.876343
-0.569580,0.113525,0.795166
0.436157,-0.234009,1.027466
-0.273071,-0.320923,0.718140
-0.082642,0.124268,1.005981
0.273315,-0.403320,0.895264
-0.577515,0.087280,0.781128
0.420044,-0.194702,1.033569
-0.246094,-0.318481,0.718140
-0.152344,0.139282,0.985474
0.312500,-0.404663,0.903076
-0.564819,0.066895,0.772095
0.379150,-0.156738,1.033203
-0.216797,-0.320679,0.728638
-0.217773,0.150513,0.964478
0.338501,-0.388550,0.924805
-0.568970,0.034668,0.760742
0.352051,-0.124023,1.039551
-0.190186,-0.330688,0.727295
-0.279053,0.148193,0.935547
0.364502,-0.396484,0.935303
-0.565552,-0.009155,0.741821
0.314087,-0.076660,1.045410
-0.160400,-0.320679,0.749756
-0.347046,0.174438,0.912720
0.391235,-0.390381,0.943115
-0.550293,-0.038330,0.724121
0.272705,-0.034668,1.040161
-0.120972,-0.335327,0.761597
-0.402466,0.201294,0.896606
0.416870,-0.372314,0.955078
-0.530029,-0.076416,0.712646
0.215210,0.012085,1.032837
-0.064087,-0.370605,0.763428
-0.464600,0.213379,0.877441
0.432983,-0.358398,0.959229
-0.516846,-0.110352,0.708984
0.148682,0.048218,1.021973
0.001587,-0.380005,0.782593
-0.515381,0.214355,0.855103
0.432983,-0.324829,0.969727
-0.466675,-0.161987,0.716675
0.089233,0.085083,1.024414
0.073120,-0.383911,0.811401
-0.546631,0.207886,0.835938
0.428101,-0.295776,0.979370
-0.403076,-0.223877,0.722778
0.040771,0.093750,1.016357
0.133667,-0.400146,0.823364
-0.581787,0.192505,0.812134
0.427856,-0.261597,0.987671
-0.326904,-0.252319,0.734863
-0.024292,0.122192,0.999634
0.198975,-0.400635,0.847534
-0.592163,0.171265,0.785767
0.424805,-0.228271,0.989746
-0.264404,-0.301636,0.719604
-0.100220,0.135742,0.976562
0.260132,-0.391479,0.879883
-0.596924,0.132446,0.771606
0.403687,-0.167114,1.009155
-0.218628,-0.320679,0.711792
-0.174683,0.155396,0.946289
0.312012,-0.392578,0.894775
-0.596924,0.091064,0.748169
0.374146,-0.116333,1.016357
-0.174316,-0.333252,0.713623
-0.248657,0.170044,0.928589
0.345947,-0.084839,1.018188
-0.128174,-0.331909,0.732422
-0.318970,0.192871,0.903320
0.377930,-0.383789,0.913940
-0.567993,-0.000488,0.717163
0.278320,-0.028442,1.012817
-0.084839,-0.344971,0.755005
-0.388428,0.219849,0.890259
0.411377,-0.366943,0.931152
-0.559448,-0.070190,0.693604
0.209351,0.009155,1.008789
-0.021851,-0.379150,0.763672
-0.459839,0.236694,0.875977
0.438843,-0.317139,0.958130
-0.501465,-0.123535,0.711548
0.128906,0.058960,1.010010
0.041382,-0.378906,0.795776
-0.514771,0.239380,0.848022
0.448608,-0.275513,0.984375
-0.420044,-0.154663,0.744263
0.063965,0.099609,1.020142
0.121948,-0.395630,0.816528
-0.549683,0.214966,0.826416
0.442383,-0.223511,0.994141
-0.332397,-0.209351,0.750244
-0.006226,0.115601,0.993652
0.195312,-0.398071,0.847046
-0.583862,0.186279,0.792725
0.434326,-0.182983,1.006348
-0.247192,-0.277710,0.746704
-0.091553,0.146240,0.972046
0.264404,-0.382446,0.882446
-0.587524,0.151367,0.771118
0.419312,-0.142090,1.024536
-0.175171,-0.286377,0.751953
-0.179443,0.151733,0.931885
0.328247,-0.373047,0.898315
-0.577881,0.104370,0.759155
0.382690,-0.087158,1.023560
-0.110229,-0.342773,0.746704
-0.273804,0.164673,0.886841
0.378540,-0.359131,0.917847
-0.548828,0.043579,0.742554
-0.051147,-0.386963,0.733521
0.413696,-0.347534,0.932617
-0.443970,0.199219,0.844360
-0.475098,-0.117310,0.727905
0.129395,0.083130,1.018799
0.091187,-0.387817,0.807129
-0.526245,0.202026,0.819458
0.461182,-0.270630,0.984863
-0.382812,-0.183228,0.744751
0.031250,0.131836,1.006714
0.189331,-0.392944,0.839111
-0.570190,0.174072,0.801392
0.449585,-0.239136,0.988770
-0.269653,-0.254272,0.750122
-0.061035,0.148804,0.973267
0.269897,-0.380859,0.885986
-0.583862,0.132690,0.775513
0.432983,-0.176270,1.015869
-0.157349,-0.304810,0.772339
-0.161377,0.172241,0.939697
0.335327,-0.377075,0.896484
-0.566650,0.101562,0.770630
0.378052,-0.102783,1.008057
-0.074219,-0.369995,0.752441
-0.258911,0.156128,0.888184
0.389526,-0.352905,0.927856
-0.531982,-0.000122,0.745728
0.300537,-0.039795,0.998413
-0.012451,-0.399780,0.752197
-0.359985,0.154663,0.845337
0.427734,-0.324951,0.952637
-0.491821,-0.091675,0.733887
0.194702,0.028442,1.014282
0.050293,-0.404419,0.776367
-0.456787,0.184692,0.820190
0.455688,-0.301758,0.966431
-0.425781,-0.159546,0.744873
0.087891,0.087280,1.011353
0.120728,-0.403687,0.812500
-0.524414,0.158203,0.794434
0.460083,-0.263672,0.988770
-0.315796,-0.226074,0.757446
-0.020752,0.144165,0.998047
0.227905,-0.421997,0.853394
-0.556396,0.108032,0.758301
0.449585,-0.208618,1.009155
-0.200439,-0.250122,0.786377
-0.123413,0.150513,0.956299
0.319702,-0.413818,0.893188
-0.568970,0.096313,0.768433
0.398682,-0.128662,1.015869
-0.074219,-0.348511,0.779541
-0.228638,0.158447,0.909668
0.385986,-0.383789,0.929199
-0.536133,-0.009888,0.744751
0.309692,-0.057129,1.005127
-0.001587,-0.404663,0.765991
-0.339355,0.152710,0.854858
0.439087,-0.359131,0.955078
-0.491577,-0.108032,0.739136
0.192871,-0.009521,1.000000
0.063232,-0.419067,0.781982
-0.442383,0.148438,0.815796
0.462158,-0.318115,0.973511
-0.404297,-0.179443,0.750854
0.074829,0.068359,0.997314
0.154663,-0.418701,0.819702
-0.518555,0.103027,0.767578
0.472168,-0.266235,0.997925
-0.295776,-0.234009,0.765991
-0.046753,0.128906,0.995728
0.270508,-0.439941,0.872559
-0.552124,0.081543,0.754883
0.438721,-0.208618,1.018066
-0.146729,-0.283936,0.795288
-0.158081,0.149414,0.958862
0.353760,-0.402710,0.919067
-0.533081,0.025513,0.762695
0.372925,-0.115723,1.016724
-0.029297,-0.389038,0.784058
-0.268921,0.159058,0.901245
0.424561,-0.376343,0.951050
-0.496460,-0.073120,0.750122
0.266235,-0.052002,1.006470
0.048706,-0.447510,0.773071
-0.375732,0.145752,0.852661
0.468140,-0.336548,0.978149
-0.435669,-0.154907,0.740356
0.152222,0.020020,1.009644
0.107544,-0.444824,0.803467
-0.457764,0.108887,0.797852
0.483154,-0.306274,0.998779
-0.367920,-0.201172,0.751709
0.041382,0.080200,1.009644
0.226929,-0.460327,0.847778
-0.506714,0.059204,0.754272
0.463623,-0.249512,1.017456
-0.249268,-0.240723,0.793213
-0.065552,0.140503,1.004028
0.312744,-0.453125,0.893677
-0.530273,0.063110,0.767334
0.426270,-0.186035,1.029297
-0.128662,-0.278687,0.814941
-0.160034,0.145874,0.971191
0.388550,-0.441284,0.940552
-0.521240,0.004639,0.757080
0.366333,-0.108276,1.028442
-0.010132,-0.372437,0.801880
-0.244751,0.148682,0.931030
0.444702,-0.412842,0.966797
-0.485840,-0.091919,0.747192
0.286987,-0.036377,1.026978
0.058838,-0.410278,0.799561
-0.331665,0.140259,0.887695
0.483398,-0.375244,0.989502
-0.440796,-0.162476,0.750244
0.190430,0.019409,1.034912
0.114502,-0.412231,0.820435
-0.416016,0.120850,0.841187
0.506714,-0.342896,1.014893
-0.387695,-0.211914,0.750122
0.083618,0.076172,1.022095
0.229980,-0.443970,0.855225
-0.466553,0.073120,0.792603
0.505493,-0.294067,1.028076
-0.286011,-0.246094,0.789185
-0.016113,0.108154,1.021118
0.309570,-0.436646,0.898560
-0.494995,0.053101,0.777832
0.467529,-0.215942,1.048462
-0.160645,-0.288208,0.816406
-0.103394,0.160889,1.010376
0.378296,-0.422119,0.942505
-0.498413,0.021118,0.784180
0.418701,-0.145020,1.054932
-0.044800,-0.357666,0.822266
-0.194458,0.169067,0.981934
0.443115,-0.390503,0.995117
-0.465210,-0.078491,0.773193
0.334717,-0.076782,1.059326
0.066528,-0.418945,0.830933
-0.283569,0.158447,0.942017
0.495483,-0.341797,1.021362
-0.429077,-0.130615,0.774536
0.235107,-0.014038,1.054932
0.124634,-0.427002,0.852905
-0.361938,0.140625,0.895508
0.511230,-0.284180,1.056274
-0.358276,-0.180908,0.778687
0.131714,0.066162,1.058838
0.240356,-0.473999,0.872192
-0.427490,0.060059,0.820801
0.519531,-0.248779,1.070923
-0.267944,-0.227539,0.806763
0.014771,0.127563,1.052002
0.340576,-0.469482,0.927612
-0.459229,0.038940,0.804932
0.484497,-0.175293,1.086548
-0.153442,-0.240845,0.838257
-0.078735,0.174683,1.045410
0.411011,-0.442017,0.974854
-0.463379,-0.011597,0.801392
0.435547,-0.108398,1.097168
-0.022217,-0.305176,0.860962
-0.174683,0.197144,1.017822
0.474121,-0.406128,1.020996
0.359863,-0.056396,1.093506
0.532104,-0.328003,1.064087
0.562988,-0.284180,1.102417
0.257202,-0.431641,0.921143
-0.406860,0.084351,0.848999
0.555298,-0.235352,1.103516
-0.228149,-0.244141,0.838745
0.042358,0.125000,1.075562
0.356812,-0.441895,0.965332
-0.454712,0.068359,0.831787
0.518433,-0.151611,1.119629
-0.122070,-0.240356,0.886108
-0.070679,0.177124,1.072266
0.436768,-0.426880,1.021729
-0.447144,-0.016357,0.818481
0.451416,-0.085815,1.131714
0.027588,-0.316284,0.898193
-0.170288,0.222534,1.056519
0.509766,-0.375610,1.056763
-0.423096,-0.084595,0.809937
0.368042,-0.033813,1.121094
0.077271,-0.330688,0.906494
-0.257446,0.218994,1.018921
0.555664,-0.297974,1.111572
-0.370117,-0.180298,0.800659
0.265015,0.046509,1.122437
0.183105,-0.394897,0.920776
-0.336304,0.132690,0.931030
0.577271,-0.264893,1.125610
-0.286255,-0.228516,0.825195
0.143188,0.112549,1.108398
0.297363,-0.425903,0.948486
-0.406128,0.075684,0.865845
0.559448,-0.213135,1.132446
-0.197510,-0.230103,0.866211
0.041260,0.158447,1.104614
0.383423,-0.401001,1.004395
-0.443359,0.051025,0.848145
0.520874,-0.147827,1.142090
-0.073120,-0.277954,0.882812
-0.064087,0.210815,1.100952
0.459229,-0.374268,1.042725
-0.437256,-0.007568,0.837280
0.464600,-0.078003,1.158569
0.026489,-0.328613,0.885010
-0.159912,0.229492,1.069702
0.520630,-0.330444,1.085205
-0.414795,-0.075928,0.822632
0.380615,-0.016113,1.150391
0.069214,-0.357544,0.901978
-0.254272,0.216309,1.027100
0.573486,-0.295288,1.134766
-0.376099,-0.143311,0.811768
0.297729,0.048706,1.144531
0.161499,-0.396240,0.917236
-0.307739,0.134155,0.951904
0.588501,-0.272583,1.137939
-0.315552,-0.202271,0.831421
0.203979,0.081665,1.122803
0.250366,-0.421875,0.942749
-0.365479,0.110840,0.900269
0.580688,-0.232544,1.139771
-0.253906,-0.210815,0.864502
0.116577,0.121826,1.114990
0.322998,-0.416260,0.982422
-0.413818,0.080444,0.878296
0.560547,-0.180664,1.154785
-0.192383,-0.236938,0.876099
0.042114,0.165039,1.110962
0.379150,-0.396240,1.009644
-0.433716,0.049561,0.864380
0.536987,-0.157471,1.154419
-0.102783,-0.266479,0.886353
-0.023804,0.192261,1.110229
0.419434,-0.379517,1.018433
-0.445557,0.016968,0.846313
0.512329,-0.119263,1.161133
-0.040894,-0.319214,0.871948
-0.088989,0.204346,1.091431
0.454102,-0.356201,1.047119
-0.450195,-0.019165,0.837280
0.479492,-0.078857,1.170898
-0.031616,-0.325928,0.864014
-0.155396,0.226807,1.078247
0.497559,-0.332275,1.075928
-0.442993,-0.044556,0.818359
0.431152,-0.045898,1.169434
0.007080,-0.345825,0.873901
-0.216309,0.231567,1.051147
0.523560,-0.318115,1.096069
-0.429810,-0.068604,0.814941
0.389404,-0.022095,1.165771
0.049316,-0.355225,0.879883
-0.266113,0.196777,1.005371
0.551880,-0.307495,1.107422
-0.405029,-0.112305,0.806885
0.332520,0.011230,1.159180
0.098755,-0.362061,0.895874
-0.301025,0.165894,0.964355
0.554443,-0.281128,1.112671
-0.368164,-0.181152,0.796265
0.271729,0.036011,1.143311
0.156860,-0.390137,0.908325
-0.358398,0.154297,0.938232
0.555420,-0.283447,1.102173
-0.336426,-0.205811,0.807495
0.194580,0.068604,1.124512
0.208252,-0.389893,0.923340
-0.398438,0.132080,0.917603
0.552979,-0.253418,1.114136
-0.309570,-0.230713,0.814697
0.131714,0.084106,1.097900
0.256104,-0.383301,0.944458
-0.424805,0.095703,0.880127
0.549561,-0.213379,1.123901
-0.262451,-0.258911,0.827148
0.054565,0.098511,1.086548
0.303589,-0.372437,0.958008
-0.438843,0.062012,0.858276
0.530029,-0.178589,1.126221
-0.167725,-0.304077,0.838745
-0.013672,0.111206,1.059814
0.339722,-0.363403,0.979492
-0.457275,0.026123,0.827881
0.508789,-0.146118,1.143066
-0.126221,-0.302246,0.822876
-0.093140,0.151367,1.052979
0.396362,-0.360840,0.989502
-0.471191,-0.016113,0.806152
0.462280,-0.112183,1.140747
-0.097534,-0.307495,0.822632
-0.181885,0.193604,1.035645
0.442749,-0.357178,1.021362
-0.478760,-0.057617,0.798218
0.413818,-0.064453,1.150513
-0.066528,-0.314209,0.833496
-0.263794,0.188843,1.006592
0.476196,-0.341064,1.041748
-0.457397,-0.102417,0.770874
0.335571,-0.022095,1.130859
-0.000122,-0.327881,0.846313
-0.326660,0.182983,0.956665
0.511597,-0.315918,1.063354
-0.415771,-0.185913,0.755371
0.240479,0.021484,1.114746
0.083740,-0.373169,0.862793
-0.397583,0.156372,0.906250
0.511719,-0.286377,1.073853
-0.374390,-0.224854,0.766602
0.140381,0.065552,1.084595
0.168213,-0.381348,0.887695
-0.454590,0.117065,0.862549
0.511841,-0.230835,1.086670
-0.315674,-0.262085,0.788330
0.038940,0.081299,1.058594
0.244629,-0.387451,0.911499
-0.488892,0.078491,0.825806
0.490723,-0.201538,1.096191
-0.218384,-0.315308,0.788574
-0.053955,0.108643,1.041504
0.307007,-0.403931,0.928467
-0.506348,0.022217,0.797607
0.456299,-0.172363,1.085815
-0.174805,-0.303467,0.775879
-0.164429,0.156738,1.008423
0.362183,-0.365479,0.966187
-0.510376,-0.038452,0.771484
0.402832,-0.107422,1.107300
-0.138794,-0.308472,0.785889
-0.264771,0.178345,0.972534
0.421997,-0.358154,0.991455
-0.505737,-0.083618,0.749512
0.333618,-0.055786,1.097778
-0.069092,-0.322998,0.799927
-0.358765,0.180176,0.920898
0.453857,-0.334961,1.011963
-0.461182,-0.162109,0.730591
0.228027,-0.004272,1.080078
0.023315,-0.342163,0.834473
-0.440186,0.172607,0.884888
0.468262,-0.294434,1.034180
-0.430298,-0.225586,0.731567
0.120239,0.041992,1.044678
0.122681,-0.380981,0.850586
-0.496338,0.135986,0.841675
0.470581,-0.257080,1.039062
-0.326660,-0.267212,0.765381
0.011475,0.074829,1.032959
0.206299,-0.394775,0.874634
-0.532349,0.086304,0.797363
0.449829,-0.198853,1.062256
-0.237183,-0.315430,0.751831
-0.096924,0.126831,1.011475
0.277466,-0.410156,0.892700
-0.544189,0.028442,0.763916
0.422119,-0.157471,1.068237
-0.198730,-0.299805,0.749634
-0.215698,0.172852,0.991455
0.353516,-0.393188,0.943604
-0.544800,-0.040161,0.746948
0.344849,-0.094238,1.064209
-0.145752,-0.313965,0.757080
-0.320190,0.172485,0.926270
0.404419,-0.356812,0.969604
-0.522827,-0.098999,0.710449
0.257446,-0.035400,1.060303
-0.046143,-0.358643,0.789307
-0.434937,0.192749,0.888672
0.428711,-0.317383,0.994751
-0.486938,-0.173096,0.706787
0.138062,0.032837,1.035522
0.067505,-0.383423,0.824951
-0.513306,0.179321,0.855347
0.446899,-0.263306,1.020142
-0.383301,-0.210327,0.751587
0.025513,0.079834,1.017456
0.169922,-0.411499,0.846069
-0.551758,0.123535,0.798584
0.434814,-0.216064,1.026855
-0.278564,-0.289307,0.725098
-0.096802,0.115356,0.986572
0.262939,-0.416382,0.874756
-0.572388,0.046509,0.756592
0.402344,-0.154663,1.035645
-0.214600,-0.324829,0.711304
-0.230469,0.159790,0.951660
0.341797,-0.377075,0.925903
-0.566284,-0.019409,0.738403
0.327881,-0.094604,1.040894
-0.146729,-0.337158,0.739868
-0.355957,0.189087,0.901245
0.397705,-0.354736,0.956055
-0.534424,-0.094116,0.704956
0.225830,-0.029663,1.034668
-0.056274,-0.380859,0.759399
-0.469482,0.223877,0.881226
0.431519,-0.309937,0.985229
-0.477051,-0.175415,0.713989
0.101562,0.050171,1.037109
0.063721,-0.407715,0.808472
-0.551514,0.195679,0.836060
0.440674,-0.257690,1.003174
-0.351807,-0.221558,0.748291
0.000244,0.102661,1.012939
0.183228,-0.416504,0.843628
-0.586060,0.136108,0.788086
0.413330,-0.196167,1.014771
-0.260498,-0.283081,0.724121
-0.119995,0.137817,0.980103
0.279175,-0.400146,0.878906
-0.594238,0.075317,0.756836
0.373169,-0.149292,1.012573
-0.198853,-0.304443,0.711060
-0.242920,0.160889,0.935303
0.354126,-0.383667,0.917236
-0.574341,0.000366,0.738159
0.301392,-0.083252,1.021240
-0.134399,-0.356201,0.728516
-0.381836,0.211914,0.892578
0.408813,-0.341431,0.950684
-0.530396,-0.069946,0.721069
0.194092,-0.002563,1.016724
-0.044189,-0.391235,0.757324
-0.485107,0.234619,0.862671
0.430664,-0.289062,0.977661
-0.466919,-0.155762,0.713013
0.084351,0.083252,1.021606
0.077026,-0.411133,0.800415
-0.559326,0.203003,0.827393
0.426514,-0.234375,0.984863
-0.339844,-0.227051,0.734619
-0.006714,0.122070,1.012939
0.190430,-0.407715,0.840454
0.415161,-0.195068,0.998047
-0.249756,-0.276367,0.722412
-0.116577,0.149780,0.975830
0.283447,-0.379883,0.894165
-0.599487,0.103271,0.761841
0.379272,-0.152954,0.997559
-0.176514,-0.333984,0.716064
-0.243774,0.183350,0.925903
0.357422,-0.378906,0.909058
-0.573486,0.042358,0.744751
0.310181,-0.078369,1.011841
-0.113403,-0.377930,0.717651
-0.363159,0.206055,0.880127
0.401367,-0.337524,0.939453
-0.534668,-0.045410,0.722778
0.207031,0.013062,1.019531
-0.034180,-0.398926,0.751953
-0.464722,0.221436,0.860107
0.426270,-0.296753,0.964966
-0.471069,-0.117798,0.725708
0.108521,0.083740,1.014771
0.070068,-0.394531,0.800049
-0.543457,0.209839,0.832886
0.434570,-0.251343,0.986816
-0.362671,-0.178101,0.743408
0.024048,0.123047,1.004395
0.169556,-0.383179,0.843506
-0.582031,0.184326,0.796631
0.426270,-0.214722,0.988037
-0.265503,-0.242188,0.740601
-0.079712,0.160889,0.979248
0.273438,-0.380493,0.883789
-0.594849,0.139282,0.775879
0.397339,-0.156738,1.003052
-0.168091,-0.331909,0.736206
-0.201172,0.177734,0.927246
0.342896,-0.364746,0.910278
-0.573608,0.077271,0.756592
0.343262,-0.065186,1.020264
-0.098755,-0.379150,0.726196
-0.322632,0.187744,0.882935
0.394531,-0.336914,0.937256
-0.544067,-0.012573,0.724976
0.249146,-0.001343,1.008301
-0.034668,-0.407959,0.744751
-0.423584,0.206177,0.858154
0.424927,-0.311157,0.956665
-0.489868,-0.090210,0.729004
0.149048,0.061035,1.006348
0.046753,-0.397461,0.781372
-0.508545,0.220093,0.837402
0.445190,-0.269653,0.978516
-0.400391,-0.157715,0.749390
0.067017,0.114990,1.015625
0.149170,-0.395020,0.827393
-0.564087,0.201538,0.802002
0.440430,-0.221069,0.994507
-0.278564,-0.230103,0.752930
-0.041382,0.151123,0.987549
0.245483,-0.384155,0.869263
-0.582642,0.143188,0.771362
0.430664,-0.158936,1.015991
-0.177002,-0.289551,0.759521
-0.157349,0.170410,0.945312
0.325317,-0.375977,0.894775
-0.564453,0.096802,0.776489
0.372559,-0.097656,1.012207
-0.092163,-0.359375,0.745972
-0.276367,0.187378,0.892822
0.384521,-0.349487,0.918823
-0.540527,-0.009399,0.731689
0.155762,0.039185,1.010376
-0.025146,-0.400757,0.742065
-0.516235,0.236694,0.859009
0.429199,-0.259033,0.982788
-0.407349,-0.158081,0.740112
0.053711,0.109497,1.020874
0.133057,-0.386963,0.828125
-0.566284,0.206543,0.819458
0.433960,-0.204590,0.993042
-0.291016,-0.239868,0.732666
-0.053467,0.142700,0.983887
0.243530,-0.384888,0.874146
-0.588745,0.143555,0.776733
0.410645,-0.155518,1.003174
-0.190430,-0.287598,0.742798
-0.181885,0.164795,0.935303
0.331665,-0.369019,0.901855
-0.572876,0.065674,0.756470
0.354614,-0.085693,1.020142
-0.114990,-0.348877,0.720337
-0.314697,0.190674,0.889771
0.391357,-0.335815,0.936157
-0.534912,-0.043701,0.729004
0.248291,-0.001221,1.010132
-0.045044,-0.396484,0.741211
-0.433350,0.225830,0.870483
0.430298,-0.289917,0.959961
-0.463745,-0.129639,0.726318
0.122803,0.079102,1.019653
0.069580,-0.391602,0.789062
-0.527466,0.224365,0.836182
0.450073,-0.240601,0.988770
-0.369019,-0.186035,0.741455
0.011841,0.134155,1.008057
0.191406,-0.400024,0.843384
-0.570557,0.175049,0.798706
0.428101,-0.182861,0.991577
-0.237061,-0.241577,0.754517
-0.105469,0.155884,0.962524
0.300293,-0.384521,0.888184
-0.575439,0.115112,0.777222
0.395020,-0.125977,1.013916
-0.124634,-0.325195,0.748047
-0.245728,0.179321,0.904907
0.367432,-0.355835,0.913940
-0.549561,0.026489,0.747803
0.305054,-0.035767,1.015259
-0.050293,-0.388306,0.738770
-0.371338,0.203125,0.854736
0.421753,-0.335327,0.942017
-0.501465,-0.088745,0.723267
0.182007,0.036255,1.011597
0.029907,-0.380005,0.782349
-0.481201,0.212891,0.836670
0.449341,-0.274658,0.971191
-0.403564,-0.155273,0.751709
0.057861,0.116211,1.010620
0.149414,-0.392212,0.828003
-0.548950,0.186401,0.803833
0.443726,-0.201904,0.989136
-0.265015,-0.220947,0.766357
-0.071777,0.152710,0.982422
0.265747,-0.394653,0.877441
-0.574341,0.125000,0.765625
0.418213,-0.138672,1.012573
-0.134766,-0.310547,0.760010
-0.199097,0.166504,0.915283
0.352661,-0.380249,0.914429
-0.547241,0.049438,0.754272
0.340210,-0.058716,1.006958
-0.054810,-0.380005,0.735474
-0.324219,0.173706,0.866455
0.420166,-0.343262,0.934448
-0.509399,-0.065186,0.732544
0.215576,0.017578,1.006714
0.022827,-0.397217,0.766357
-0.440186,0.187988,0.830811
0.442993,-0.303345,0.964355
-0.432739,-0.158203,0.736694
0.097168,0.092163,1.014771
0.127563,-0.400635,0.807739
-0.530762,0.165161,0.795776
0.447388,-0.234375,0.988403
-0.298706,-0.202393,0.766602
-0.033691,0.143921,0.991333
0.243164,-0.403076,0.864990
-0.563110,0.111328,0.766113
0.434326,-0.173828,1.007080
-0.156860,-0.294800,0.771362
-0.165039,0.173828,0.939819
0.339600,-0.383057,0.908813
-0.548950,0.060791,0.757935
0.363281,-0.080688,1.019897
-0.044067,-0.390503,0.756958
-0.298462,0.182129,0.876343
0.410645,-0.366699,0.936523
-0.509277,-0.067139,0.724976
0.236938,-0.006348,1.008301
0.033203,-0.420288,0.748779
-0.410767,0.160767,0.827026
0.454102,-0.318115,0.966797
-0.454102,-0.136841,0.741089
0.114136,0.072144,1.018555
0.116943,-0.429443,0.789795
-0.504883,0.154663,0.793823
0.468506,-0.271240,0.982300
-0.341187,-0.171997,0.772339
-0.012939,0.129395,1.001465
0.227295,-0.438965,0.838989
-0.547974,0.093262,0.755493
0.448364,-0.203857,1.015625
-0.183350,-0.249023,0.794067
-0.130005,0.154663,0.960815
0.318115,-0.420654,0.888306
-0.556152,0.053223,0.765137
0.394531,-0.126465,1.022705
-0.060791,-0.350952,0.777588
-0.250244,0.186523,0.911011
0.400635,-0.390503,0.920410
-0.525024,-0.041626,0.746216
0.294189,-0.060425,1.001953
0.018066,-0.405273,0.767334
-0.344238,0.170532,0.858765
0.449585,-0.349243,0.946899
-0.486450,-0.115479,0.742554
0.171387,-0.009521,0.993652
0.082642,-0.447388,0.781372
-0.439453,0.146606,0.801270
0.455322,-0.274170,0.984131
-0.399170,-0.181030,0.750732
0.059326,0.070312,1.013184
0.165894,-0.470947,0.807251
-0.516846,0.100098,0.762573
0.468750,-0.241089,0.996460
-0.294312,-0.179932,0.781250
-0.047607,0.133911,0.998047
0.274414,-0.474609,0.864014
-0.548096,0.048218,0.746826
0.424438,-0.174805,1.013428
-0.156860,-0.250854,0.797119
-0.137817,0.162109,0.970093
0.354492,-0.448120,0.913940
-0.547729,0.027832,0.755249
0.373535,-0.120728,1.020752
-0.050415,-0.358521,0.788208
-0.233276,0.171997,0.929565
0.426514,-0.423340,0.945679
-0.523071,-0.055786,0.739990
0.295288,-0.068115,1.001709
0.020020,-0.421387,0.763672
-0.325439,0.154053,0.877930
0.476074,-0.367310,0.980469
-0.474121,-0.129028,0.747803
0.199463,-0.022461,0.994751
0.070312,-0.446289,0.765015
-0.405151,0.134888,0.826416
0.486206,-0.323975,0.998535
-0.406372,-0.167236,0.761841
0.100098,0.036011,1.001465
0.140381,-0.449219,0.807129
-0.473267,0.096436,0.785889
0.487915,-0.271606,1.018555
-0.325562,-0.211304,0.782104
0.003296,0.099365,1.009399
0.247070,-0.478760,0.852051
-0.516846,0.049927,0.744385
0.460815,-0.229614,1.021484
-0.216919,-0.244629,0.794312
-0.073608,0.146362,1.013550
0.330933,-0.463867,0.905151
-0.544922,0.046875,0.760132
0.422974,-0.182007,1.025635
-0.123291,-0.299805,0.803955
-0.156738,0.153809,0.983032
0.400269,-0.433472,0.951416
-0.518311,-0.003784,0.762817
0.357422,-0.122437,1.022705
-0.017334,-0.399658,0.795288
-0.241455,0.146362,0.937012
0.453613,-0.406250,0.971802
-0.481567,-0.086426,0.754883
0.290527,-0.054321,1.031250
0.047607,-0.431396,0.793335
-0.316650,0.138672,0.889160
0.488892,-0.375854,0.990356
-0.444580,-0.142944,0.761230
0.211548,-0.005615,1.032593
0.088501,-0.431885,0.812988
-0.392944,0.128906,0.855591
0.506470,-0.341675,1.020752
-0.394287,-0.199463,0.757690
0.133301,0.050537,1.036743
0.171387,-0.436646,0.837891
-0.442627,0.103149,0.829956
0.509644,-0.313721,1.026001
-0.329102,-0.221680,0.782227
0.064209,0.097046,1.037109
0.247437,-0.445923,0.875488
-0.475098,0.073975,0.786255
0.494873,-0.278931,1.031494
-0.259033,-0.254761,0.798828
-0.003174,0.114136,1.029419
0.319092,-0.446777,0.911133
-0.498901,0.065430,0.777222
0.465820,-0.213257,1.050415
-0.187866,-0.262085,0.816284
-0.069214,0.135254,1.021729
0.379639,-0.438721,0.948853
-0.508301,0.058350,0.780884
0.431274,-0.149536,1.058105
-0.107544,-0.273804,0.832275
-0.127197,0.148438,1.013916
0.425781,-0.441406,0.979614
-0.494629,-0.003296,0.780029
0.397949,-0.103516,1.067139
-0.025879,-0.329712,0.845581
-0.196167,0.164062,0.993042
0.468018,-0.434692,0.997437
-0.465820,-0.072144,0.780151
0.357788,-0.068237,1.065796
0.043579,-0.381348,0.844849
-0.249023,0.166138,0.966797
0.499390,-0.389526,1.030273
-0.437866,-0.123291,0.780762
0.314331,-0.033936,1.070801
0.076172,-0.383179,0.838257
-0.302856,0.166870,0.939819
0.527100,-0.354858,1.049072
-0.401611,-0.162842,0.784912
0.257202,0.013062,1.074829
0.109741,-0.378784,0.857422
-0.354736,0.151733,0.904907
0.545654,-0.324707,1.071899
-0.365234,-0.200317,0.784790
0.193604,0.043579,1.074829
0.189087,-0.409058,0.884033
-0.393555,0.119141,0.866577
0.554321,-0.305054,1.071045
-0.323853,-0.236084,0.784912
0.138306,0.070312,1.069458
0.245605,-0.418213,0.901611
-0.423828,0.090576,0.833984
0.547974,-0.265869,1.085571
-0.264282,-0.240601,0.823242
0.073120,0.102905,1.074463
0.312134,-0.443604,0.932251
-0.446899,0.077026,0.815308
0.516357,-0.232544,1.083130
-0.208008,-0.241577,0.850830
0.023438,0.133057,1.076660
0.363037,-0.445679,0.962891
-0.466553,0.077148,0.819336
0.500488,-0.169922,1.103638
-0.150513,-0.258545,0.854858
-0.034668,0.157837,1.067139
0.412720,-0.438477,0.992188
-0.470581,0.055664,0.818237
0.482056,-0.124512,1.112915
-0.086182,-0.261719,0.868530
-0.079102,0.180786,1.069580
0.447632,-0.429321,1.006470
-0.461792,0.017334,0.817383
0.453857,-0.087158,1.123779
-0.026978,-0.302490,0.883545
-0.126953,0.191528,1.066528
0.484985,-0.411255,1.036255
-0.451538,-0.032349,0.815186
0.426147,-0.052734,1.133423
0.028198,-0.332520,0.885864
-0.165649,0.198853,1.052490
0.508423,-0.380127,1.057373
-0.434937,-0.076172,0.816528
0.402344,-0.034424,1.135254
0.046509,-0.343994,0.882935
-0.213745,0.205566,1.038940
0.536621,-0.363037,1.078247
-0.413696,-0.127930,0.799805
0.359253,-0.007690,1.133911
0.078247,-0.347046,0.895996
-0.262573,0.209473,1.015137
0.563110,-0.337036,1.096558
-0.382446,-0.154541,0.801758
0.308350,0.012573,1.126953
0.137085,-0.363647,0.920898
-0.308350,0.190552,0.966919
0.587524,-0.284912,1.126831
-0.346191,-0.182495,0.816406
0.260010,0.044434,1.125244
0.186523,-0.390991,0.924683
-0.330933,0.145386,0.923828
0.588013,-0.254028,1.139771
-0.311401,-0.220825,0.820923
0.202148,0.076904,1.123779
0.247681,-0.427612,0.933105
-0.364258,0.114746,0.896362
0.573730,-0.243408,1.124146
-0.279907,-0.230225,0.833496
0.155640,0.098267,1.115112
0.296387,-0.431274,0.953613
-0.399780,0.112061,0.882324
0.568237,-0.228638,1.132812
-0.234863,-0.228394,0.851929
0.099609,0.137817,1.111450
0.338867,-0.426147,0.981323
-0.422241,0.095459,0.871826
0.557129,-0.193848,1.136841
-0.200317,-0.228638,0.865112
0.053711,0.158813,1.115479
0.386353,-0.424438,0.998413
-0.436279,0.077637,0.873901
0.544312,-0.166138,1.147339
-0.162598,-0.241089,0.875488
0.006104,0.171631,1.104980
0.416138,-0.411011,1.017212
-0.439941,0.048950,0.863647
0.528198,-0.139648,1.153564
-0.108398,-0.250854,0.883667
-0.041138,0.189697,1.101196
0.442139,-0.390747,1.034180
-0.445557,0.023071,0.852051
0.514893,-0.117920,1.159790
-0.044189,-0.302612,0.892090
-0.089600,0.199707,1.090698
0.463013,-0.379150,1.050171
-0.436890,-0.012695,0.851929
0.487915,-0.085938,1.172119
-0.013306,-0.325806,0.878418
-0.130127,0.207520,1.076416
0.490234,-0.365234,1.061890
-0.438965,-0.027832,0.842163
0.462036,-0.059204,1.184204
-0.015991,-0.322021,0.874023
-0.165527,0.215332,1.066772
0.516479,-0.335205,1.083374
-0.432617,-0.066284,0.821655
0.434082,-0.035278,1.173096
0.026001,-0.330566,0.891602
-0.217407,0.222046,1.046997
0.534302,-0.308350,1.102661
-0.412842,-0.109253,0.809204
0.382812,-0.010742,1.165161
0.056763,-0.321533,0.905396
-0.261108,0.223389,1.020996
0.552856,-0.289062,1.121826
-0.381836,-0.156006,0.809814
0.333008,0.012085,1.157959
0.106812,-0.361938,0.918457
-0.298340,0.187866,0.981079
0.562622,-0.275146,1.122192
-0.352539,-0.194946,0.804443
0.270752,0.039062,1.151001
0.163330,-0.394653,0.912109
-0.337891,0.155518,0.940186
0.562744,-0.255615,1.123169
-0.317261,-0.228516,0.813354
0.213257,0.067993,1.136597
0.216309,-0.415771,0.931519
-0.385132,0.132935,0.906128
0.557373,-0.228638,1.131226
-0.281494,-0.239746,0.824829
0.149048,0.093994,1.123169
0.264648,-0.409912,0.941650
-0.414673,0.115845,0.887329
0.559082,-0.207886,1.130005
-0.248047,-0.253296,0.832886
0.084351,0.117188,1.101685
0.305298,-0.404053,0.957886
-0.437866,0.088135,0.869873
0.552734,-0.181519,1.133301
-0.209961,-0.257446,0.840210
0.017578,0.144531,1.099487
0.347900,-0.396973,0.972900
-0.450195,0.051758,0.850952
0.528809,-0.155762,1.140991
-0.125854,-0.303955,0.844971
-0.043335,0.154419,1.080200
0.381714,-0.383545,0.998901
-0.460205,0.028320,0.836060
0.506714,-0.133423,1.145752
-0.101318,-0.323853,0.819702
-0.115112,0.175049,1.060913
0.419800,-0.370361,1.005127
-0.471069,-0.009033,0.826050
0.473022,-0.098633,1.157593
-0.080078,-0.296631,0.836426
-0.190063,0.209717,1.044800
0.462769,-0.356445,1.040649
-0.460449,-0.069214,0.797119
0.410522,-0.051147,1.152954
-0.043945,-0.288696,0.849609
-0.255981,0.212769,1.013916
0.505127,-0.334106,1.069092
-0.436646,-0.137329,0.781128
0.335449,-0.014648,1.134888
0.023560,-0.322266,0.863159
-0.326050,0.182861,0.957153
0.529419,-0.308594,1.082764
-0.392700,-0.206055,0.774536
0.249268,0.015381,1.116455
0.104492,-0.374634,0.877441
-0.389648,0.166748,0.909546
0.533936,-0.267578,1.089722
-0.350220,-0.263916,0.780762
0.150146,0.050293,1.091553
0.187500,-0.391846,0.902466
-0.438965,0.126953,0.863159
0.520508,-0.230225,1.092529
-0.305664,-0.275635,0.788330
0.066162,0.074829,1.070557
0.249878,-0.388184,0.924683
-0.472656,0.087036,0.833008
0.505737,-0.180176,1.103271
-0.188232,-0.307129,0.818115
-0.026733,0.112305,1.054321
0.303101,-0.396240,0.936890
-0.489502,0.048828,0.806763
0.479614,-0.148560,1.111450
-0.161621,-0.303955,0.791260
-0.123901,0.148438,1.038940
0.375732,-0.396973,0.968018
-0.503052,-0.014160,0.790771
0.425293,-0.097412,1.117188
-0.131836,-0.284790,0.797485
-0.229248,0.193359,1.021240
0.431641,-0.371460,1.005005
-0.489258,-0.085693,0.764038
0.350220,-0.043823,1.109863
-0.065308,-0.297607,0.828125
-0.321777,0.185791,0.952271
0.468018,-0.334351,1.028809
-0.456421,-0.178955,0.737549
0.259155,0.001709,1.101074
0.029419,-0.353271,0.838501
-0.418213,0.183350,0.901367
0.488647,-0.292603,1.054932
-0.408203,-0.219971,0.753296
0.149536,0.049683,1.080566
0.123169,-0.380371,0.864258
-0.469116,0.155151,0.855469
0.483643,-0.253296,1.061157
-0.338257,-0.262573,0.765625
0.046143,0.068848,1.054932
0.202148,-0.384888,0.883179
-0.502686,0.104248,0.826416
0.477783,-0.208618,1.070312
-0.239258,-0.330566,0.765259
-0.054688,0.098755,1.020020
0.277832,-0.396118,0.908081
-0.525635,0.038818,0.786987
0.441040,-0.161011,1.077026
-0.184082,-0.316406,0.755493
-0.179932,0.146851,0.998169
0.352417,-0.403442,0.937134
-0.529785,-0.005981,0.765381
0.378418,-0.090088,1.077515
-0.144043,-0.308350,0.776611
-0.288330,0.180298,0.953613
0.402466,-0.374634,0.972046
-0.516968,-0.092651,0.738281
0.299194,-0.029541,1.075195
-0.062012,-0.318359,0.800537
-0.386963,0.195801,0.921509
0.433228,-0.333496,0.999878
-0.478394,-0.190186,0.715576
0.194336,0.017090,1.058838
0.035034,-0.361206,0.816772
-0.477051,0.177856,0.870728
0.455444,-0.298462,1.028320
-0.426636,-0.236938,0.736694
0.082764,0.062256,1.038208
0.135498,-0.378174,0.846313
-0.523926,0.144775,0.829224
0.460205,-0.248901,1.029175
-0.300049,-0.284912,0.756592
-0.026611,0.094849,1.004761
0.218872,-0.402100,0.869263
-0.549438,0.094116,0.779663
0.433960,-0.196289,1.043457
-0.234863,-0.302490,0.737183
-0.147827,0.130249,0.988281
0.298340,-0.404175,0.901001
-0.558228,0.029663,0.755859
0.385986,-0.135986,1.048340
-0.184082,-0.300781,0.748047
-0.270752,0.172241,0.959351
0.361572,-0.384644,0.937500
-0.554810,-0.042114,0.734497
0.312622,-0.072144,1.043091
-0.116699,-0.325562,0.770996
-0.375000,0.190918,0.910889
0.407593,-0.349976,0.964355
-0.513550,-0.128662,0.696167
0.202881,0.006714,1.041382
-0.011963,-0.353394,0.796753
-0.474609,0.205811,0.875488
0.423218,-0.297852,0.991211
-0.459351,-0.210327,0.716797
0.090332,0.067993,1.030518
0.092896,-0.385864,0.826050
-0.530273,0.173218,0.838623
0.442993,-0.267456,1.008911
-0.345947,-0.251587,0.740479
-0.015991,0.101685,1.011841
0.189087,-0.419678,0.842407
-0.568848,0.139282,0.798584
0.427734,-0.202515,1.020874
-0.260132,-0.296143,0.726440
-0.133423,0.128296,0.985107
0.274048,-0.408691,0.882812
-0.581787,0.058594,0.759766
0.383545,-0.157715,1.029907
-0.197388,-0.306152,0.726929
-0.261963,0.162231,0.934814
0.348877,-0.389160,0.920898
-0.571655,-0.017578,0.733154
0.316772,-0.076416,1.038696
-0.129883,-0.340820,0.740723
-0.374878,0.193848,0.896851
0.396484,-0.350342,0.953491
-0.539673,-0.101929,0.691406
0.209717,-0.005127,1.031860
-0.040283,-0.369385,0.767334
-0.472290,0.221802,0.883057
0.419312,-0.299805,0.984497
-0.475220,-0.178101,0.710938
0.093506,0.059814,1.025757
0.069580,-0.394531,0.801392
-0.549438,0.200439,0.837158
0.434082,-0.256104,0.991943
-0.351318,-0.232666,0.736450
-0.014404,0.102783,0.999756
0.176147,-0.404297,0.841553
-0.580566,0.141113,0.791748
0.427246,-0.198730,1.009521
-0.253296,-0.302368,0.720459
-0.141113,0.142334,0.973022
0.270874,-0.405029,0.884277
-0.589844,0.074341,0.753052
0.386841,-0.137573,1.020386
-0.184082,-0.318726,0.728271
-0.258789,0.173462,0.927124
0.351318,-0.376831,0.915039
-0.571289,-0.003906,0.721924
0.296021,-0.055786,1.020020
-0.114746,-0.353394,0.739746
-0.376343,0.197144,0.894043
0.398193,-0.343506,0.941772
-0.538696,-0.089355,0.695190
0.185425,0.019287,1.007935
-0.019409,-0.378174,0.768188
-0.482544,0.234619,0.873047
0.430298,-0.294067,0.979980
-0.467285,-0.176514,0.709839
0.086670,0.078125,1.023315
0.084473,-0.400146,0.801270
-0.553467,0.225830,0.840332
0.446899,-0.253052,0.990234
-0.344604,-0.212769,0.745605
-0.016235,0.122803,0.998169
0.191162,-0.394165,0.848755
-0.593628,0.171387,0.792847
0.426392,-0.206421,0.998901
-0.244263,-0.288574,0.731445
-0.132324,0.154175,0.965088
0.286743,-0.379150,0.889526
-0.592529,0.121338,0.775024
0.387085,-0.130981,1.014404
-0.165039,-0.338257,0.724243
-0.257568,0.166016,0.908936
0.354248,-0.369629,0.915283
-0.570923,0.038452,0.738770
0.311646,-0.056519,1.013428
-0.103760,-0.364258,0.731567
-0.372925,0.193726,0.878174
0.406616,-0.328369,0.944092
-0.528076,-0.081055,0.701782
0.200073,0.020142,1.009033
-0.016968,-0.389771,0.761597
-0.467651,0.223145,0.860107
0.425415,-0.284180,0.966064
0.107788,0.077393,1.025879
-0.544922,0.225586,0.831909
0.438477,-0.248413,0.977539
-0.343384,-0.209106,0.742188
0.002075,0.121216,1.007202
0.189331,-0.394043,0.850098
-0.586182,0.188721,0.795532
0.427612,-0.190430,1.000122
-0.235229,-0.265625,0.740845
-0.108887,0.164062,0.975220
0.284302,-0.384521,0.888184
-0.589844,0.132446,0.776733
0.406250,-0.136719,1.010864
-0.152222,-0.319946,0.733765
-0.230225,0.179810,0.924805
0.355469,-0.372314,0.912476
-0.566650,0.039917,0.751709
0.329346,-0.050537,1.017456
-0.087891,-0.360596,0.737183
-0.339966,0.193604,0.880371
0.409424,-0.339233,0.944946
-0.532593,-0.073975,0.708740
0.226685,0.005615,0.999634
-0.021729,-0.384155,0.746948
-0.439453,0.213013,0.849731
0.437378,-0.290039,0.962891
-0.463135,-0.128296,0.736816
0.134155,0.059692,1.016235
0.057983,-0.381592,0.787598
-0.518311,0.226562,0.830688
0.454468,-0.255859,0.984375
-0.363647,-0.181030,0.758545
0.041138,0.106079,1.009766
0.161865,-0.380737,0.831177
-0.569336,0.193237,0.793213
0.449707,-0.200439,0.999146
-0.266846,-0.242065,0.749634
-0.069580,0.151123,0.982056
0.256836,-0.396118,0.874146
-0.588867,0.148560,0.775146
0.430542,-0.156616,1.016846
-0.171997,-0.282104,0.770142
-0.166504,0.169556,0.945679
0.339600,-0.375488,0.905029
-0.577393,0.102539,0.761841
0.368652,-0.082153,1.017456
-0.081909,-0.359253,0.739624
-0.276611,0.185059,0.895264
0.394409,-0.352295,0.937012
-0.541138,-0.009766,0.734741
0.277832,-0.016846,1.005981
-0.029175,-0.398438,0.739014
-0.371094,0.187866,0.862427
0.434937,-0.316650,0.959473
-0.499878,-0.092285,0.725952
0.182983,0.042236,1.009277
0.042480,-0.397827,0.772827
-0.466309,0.207153,0.838501
0.456421,-0.298462,0.974731
-0.436768,-0.139404,0.746338
0.085449,0.091919,1.019287
0.119507,-0.383301,0.817749
-0.530029,0.178833,0.798706
0.455200,-0.241455,0.995850
-0.332275,-0.205200,0.755981
-0.007690,0.142456,1.006348
0.210449,-0.403442,0.852173
-0.568359,0.138428,0.764893
0.450073,-0.202515,1.002563
-0.216431,-0.230713,0.776489
-0.112427,0.162231,0.961914
0.303711,-0.401123,0.889893
-0.574219,0.099976,0.762085
0.414307,-0.136108,1.021240
-0.117065,-0.325195,0.769165
-0.208130,0.183105,0.920532
0.368408,-0.386108,0.911621
-0.552612,0.040039,0.750854
0.344360,-0.075806,1.010620
-0.041016,-0.386719,0.748413
-0.299072,0.173828,0.872314
0.414429,-0.345093,0.940674
-0.531494,-0.047729,0.731934
0.240845,-0.018921,0.995972
0.019897,-0.414062,0.764282
-0.384033,0.161133,0.838623
0.445190,-0.309204,0.963379
-0.475220,-0.113159,0.735474
0.149536,0.059326,1.015869
0.073120,-0.414062,0.786987
-0.467285,0.170776,0.819214
0.466797,-0.294189,0.974365
-0.411377,-0.147705,0.756470
0.057129,0.103638,1.011353
0.154297,-0.423584,0.815063
-0.530518,0.133179,0.778076
0.438232,-0.178833,1.011597
-0.308228,-0.182251,0.781250
-0.147095,0.172729,0.948730
0.324463,-0.368896,0.903564
-0.573242,0.094971,0.765869
0.378662,-0.105225,1.014771
-0.099609,-0.356689,0.745605
-0.244751,0.193726,0.908325
0.379639,-0.359375,0.923584
-0.555298,0.022339,0.735962
0.304077,-0.032837,1.008911
-0.048462,-0.392578,0.731567
-0.335571,0.184937,0.864990
0.426392,-0.331787,0.945801
-0.523071,-0.052490,0.721436
0.206055,0.019165,1.006104
0.002075,-0.396240,0.765381
-0.428467,0.184692,0.845459
0.456787,-0.305176,0.971069
-0.462524,-0.101685,0.744873
0.119263,0.082520,1.020386
0.079468,-0.397949,0.790649
-0.500000,0.183594,0.812012
0.458130,-0.264648,0.985962
-0.379639,-0.179565,0.752441
0.046631,0.128784,1.016724
0.171021,-0.394165,0.833496
-0.557861,0.166626,0.785522
0.462036,-0.224487,0.992188
-0.256836,-0.221680,0.779541
-0.053589,0.160889,0.979492
0.257202,-0.386719,0.875977
-0.578613,0.135498,0.752808
0.432129,-0.164429,1.010742
-0.155151,-0.297852,0.769775
-0.148926,0.171753,0.950073
0.331665,-0.389526,0.898926
-0.571533,0.106567,0.763794
0.383911,-0.117554,1.005615
-0.078857,-0.361938,0.766357
-0.238525,0.164673,0.900879
0.391968,-0.369995,0.928955
-0.552368,0.020508,0.750488
0.307861,-0.060791,0.993042
-0.034302,-0.396851,0.754883
-0.320312,0.145508,0.857910
0.431396,-0.356323,0.945435
-0.517456,-0.048706,0.733765
0.222534,0.007324,0.995728
0.027588,-0.401245,0.761963
-0.411377,0.167236,0.834839
0.457397,-0.322876,0.970825
0.141602,0.067871,1.015991
0.081421,-0.412720,0.789429
-0.487793,0.170776,0.808594
0.465576,-0.291992,0.981201
-0.388062,-0.182739,0.753052
0.056519,0.112549,1.013672
0.163208,-0.415527,0.826538
-0.540649,0.141113,0.772827
0.475098,-0.267090,0.984375
-0.298828,-0.199341,0.782471
-0.033936,0.145508,0.999023
0.247192,-0.416382,0.864502
-0.563721,0.095825,0.750732
0.451172,-0.234741,1.002563
-0.196533,-0.260498,0.787720
-0.114014,0.157227,0.967163
0.314575,-0.413818,0.892944
-0.564087,0.086670,0.765747
0.411377,-0.165649,1.011108
-0.111816,-0.330444,0.782715
-0.190186,0.154175,0.931396
0.375122,-0.405029,0.919312
-0.559204,0.040527,0.759033
0.361206,-0.102295,1.010742
-0.040771,-0.380371,0.773071
-0.261230,0.163330,0.896484
0.423950,-0.403320,0.929199
-0.532471,-0.027100,0.749390
0.288208,-0.054932,1.001587
0.012085,-0.400879,0.769043
-0.335815,0.150513,0.858276
0.454956,-0.371826,0.958008
-0.496948,-0.108765,0.728516
0.208252,-0.001831,1.002686
0.053101,-0.417114,0.772583
-0.406860,0.144287,0.833374
0.469727,-0.338257,0.975342
-0.447021,-0.156006,0.744507
0.127197,0.048462,1.010132
0.099121,-0.415527,0.797852
-0.470337,0.124756,0.791992
0.475464,-0.301025,0.985596
-0.379028,-0.197510,0.754028
0.052368,0.083252,1.011108
0.181763,-0.445801,0.828613
-0.521484,0.103271,0.764648
0.477051,-0.260864,1.008911
-0.305054,-0.212891,0.774048
-0.032837,0.132568,1.008179
0.269409,-0.470581,0.863525
-0.541870,0.070557,0.741821
0.450562,-0.226074,1.010010
-0.209229,-0.240601,0.793335
-0.107300,0.158081,0.983521
0.329956,-0.446899,0.902222
-0.550537,0.068359,0.758301
0.416138,-0.177246,1.018311
-0.107666,-0.319092,0.798462
-0.184448,0.161255,0.958374
0.383789,-0.431274,0.925903
-0.534058,0.005981,0.751343
0.368530,-0.104248,1.026855
-0.025635,-0.371338,0.788940
-0.261108,0.148804,0.912231
0.433838,-0.418823,0.944336
-0.502563,-0.081299,0.742065
0.288940,-0.058228,1.014404
0.036499,-0.410034,0.782104
-0.329834,0.133057,0.871826
0.463135,-0.388916,0.965210
-0.464478,-0.124023,0.753906
0.216064,-0.018188,1.011719
0.080200,-0.420410,0.796265
-0.394897,0.120728,0.842529
0.488159,-0.343994,0.985107
-0.413452,-0.181519,0.759277
0.129883,0.042358,1.018066
0.147949,-0.432251,0.816040
-0.456787,0.115967,0.804077
0.495605,-0.303589,1.014893
-0.338501,-0.211914,0.778931
0.034668,0.088135,1.012939
0.233154,-0.459717,0.847534
-0.494019,0.060669,0.758545
0.483032,-0.251465,1.035034
-0.249268,-0.240967,0.798828
-0.048706,0.128540,1.015503
0.306396,-0.464722,0.889282
-0.530029,0.060547,0.758789
0.455200,-0.203369,1.038452
-0.159912,-0.282593,0.809448
-0.126099,0.157593,1.000244
0.373291,-0.448486,0.931396
-0.523682,0.020630,0.766846
0.410278,-0.150269,1.032837
-0.052734,-0.330078,0.821289
-0.203491,0.172852,0.972046
0.430664,-0.436157,0.960083
-0.498779,-0.047119,0.763794
0.334229,-0.099121,1.031006
0.035522,-0.401367,0.821655
-0.276611,0.156860,0.930054
0.481445,-0.393555,0.991333
-0.458496,-0.129150,0.753296
0.250366,-0.032837,1.029419
0.079102,-0.417603,0.811646
-0.350830,0.144531,0.882568
0.512085,-0.341553,1.025879
-0.398804,-0.189575,0.764526
0.157715,0.032593,1.030518
0.152832,-0.426270,0.841919
-0.407227,0.100342,0.839722
0.518311,-0.293213,1.048584
-0.329712,-0.221191,0.783936
0.061401,0.091187,1.032959
0.252197,-0.465942,0.875366
-0.468018,0.054077,0.786499
0.496460,-0.253540,1.050171
-0.243286,-0.230835,0.815430
-0.028076,0.138672,1.038452
0.337646,-0.456543,0.925781
-0.502686,0.063843,0.785889
0.455933,-0.193481,1.054077
-0.124268,-0.271240,0.847534
-0.112427,0.160767,1.018921
0.403931,-0.423218,0.970947
-0.488892,-0.023804,0.770142
0.398926,-0.096924,1.079468
-0.002563,-0.355225,0.835205
-0.205566,0.172485,0.989990
0.472168,-0.405518,1.003296
-0.457642,-0.098999,0.764282
0.321533,-0.038330,1.068848
0.077393,-0.394775,0.845947
-0.291870,0.171631,0.951660
0.520264,-0.362793,1.037354
-0.403076,-0.165161,0.779907
0.222656,0.011475,1.054199
0.142700,-0.400146,0.866699
-0.368164,0.132446,0.887451
0.546997,-0.302002,1.073486
-0.334229,-0.213867,0.783081
0.101074,0.082642,1.050903
0.264526,-0.454956,0.893433
-0.437012,0.075806,0.819092
0.530396,-0.246338,1.081787
-0.233765,-0.245850,0.825317
-0.008911,0.134399,1.048828
0.351929,-0.425171,0.950806
-0.468750,0.045044,0.818237
0.474731,-0.157227,1.094482
-0.097046,-0.277100,0.859985
-0.118408,0.184692,1.043823
0.428345,-0.408813,0.997192
-0.459229,-0.017822,0.799438
0.412598,-0.081665,1.101562
0.042725,-0.354858,0.874756
-0.215210,0.201660,1.010132
0.501831,-0.370972,1.039551
-0.416504,-0.128418,0.780396
0.312500,-0.019043,1.092041
0.095581,-0.363037,0.882080
-0.306152,0.168579,0.957275
0.551392,-0.315063,1.079712
-0.346802,-0.196777,0.808105
0.187256,0.060303,1.079346
0.218750,-0.419800,0.908203
-0.382812,0.088745,0.865234
0.561035,-0.245361,1.107666
-0.257568,-0.227661,0.835815
0.058105,0.133057,1.072632
0.334473,-0.438354,0.958740
-0.452759,0.066528,0.829834
0.514160,-0.173950,1.112671
-0.123413,-0.247314,0.872803
-0.069336,0.194458,1.078735
0.423096,-0.391968,1.015747
-0.447632,-0.009399,0.813477
0.448364,-0.094727,1.125000
0.035278,-0.346313,0.883911
-0.187622,0.211060,1.040649
0.502930,-0.352295,1.062744
-0.404541,-0.101440,0.812744
0.333008,-0.003296,1.123779
0.104614,-0.350830,0.902588
-0.296753,0.194214,0.983521
0.563232,-0.286499,1.118042
-0.338135,-0.191284,0.810913
0.195923,0.069824,1.093994
0.249146,-0.421265,0.935303
-0.389893,0.100220,0.870605
0.558838,-0.231812,1.117065
-0.208008,-0.236938,0.853027
0.041748,0.153809,1.100464
0.373169,-0.411621,0.993774
-0.455688,0.046753,0.835327
0.508545,-0.145020,1.129761
-0.061035,-0.291382,0.884033
-0.096924,0.205566,1.094360
0.468872,-0.374878,1.051880
-0.445923,-0.030762,0.820435
0.425781,-0.049805,1.145142
0.053223,-0.346313,0.884888
-0.224854,0.217529,1.044312
0.545166,-0.312622,1.105591
-0.371826,-0.150391,0.813110
0.276123,0.056396,1.130493
0.191162,-0.399414,0.917480
-0.340942,0.120605,0.923828
0.584595,-0.247437,1.139038
-0.254761,-0.222290,0.843628
0.106689,0.141724,1.100342
0.343262,-0.404785,0.973022
-0.425903,0.072266,0.859741
0.527954,-0.158813,1.145142
-0.094727,-0.267578,0.887207
-0.054077,0.197632,1.097778
0.441650,-0.362915,1.031006
-0.437500,-0.015259,0.837646
0.457764,-0.072632,1.156860
0.048462,-0.352173,0.905884
-0.201050,0.217896,1.052734
0.527588,-0.280396,1.110352
-0.376465,-0.126587,0.817383
0.305298,0.037354,1.147095
0.179932,-0.390137,0.930054
-0.336304,0.142456,0.939331
0.576294,-0.241821,1.137817
-0.259155,-0.219971,0.847168
0.106079,0.140869,1.112671
0.343994,-0.391968,0.993286
-0.422852,0.068848,0.867432
0.533447,-0.135254,1.160522
-0.083984,-0.276611,0.889160
-0.074219,0.200439,1.092773
0.456177,-0.349976,1.054810
-0.421509,-0.044189,0.834595
0.433716,-0.031982,1.170898
0.041626,-0.328247,0.896240
-0.247437,0.210938,1.036865
0.549683,-0.275024,1.123901
-0.338379,-0.179688,0.825439
0.255981,0.064697,1.151611
0.231201,-0.394531,0.945312
-0.381348,0.121704,0.900757
0.561279,-0.212402,1.130493
-0.198242,-0.257690,0.858276
0.041992,0.161865,1.118530
0.395020,-0.375977,1.018188
-0.442871,0.022217,0.842041
0.489746,-0.090454,1.156372
-0.002686,-0.342896,0.872681
-0.146240,0.190063,1.073730
0.496216,-0.307739,1.086670
-0.388184,-0.108398,0.827148
0.350586,0.028076,1.161499
0.116943,-0.338745,0.905518
-0.323730,0.158447,0.955566
0.578125,-0.264893,1.144775
-0.263550,-0.254272,0.834106
0.138550,0.119995,1.129761
0.313965,-0.376465,0.980347
-0.441162,0.085083,0.859375
0.538574,-0.164917,1.139893
-0.069946,-0.324219,0.877441
-0.068359,0.173950,1.081909
0.440063,-0.325806,1.049316
-0.429810,-0.023193,0.843994
0.417114,-0.029663,1.163330
0.036133,-0.339722,0.894531
-0.262207,0.178345,1.015259
0.550537,-0.278320,1.131836
-0.329834,-0.187500,0.822144
0.222656,0.094360,1.136841
0.226318,-0.373169,0.939941
-0.400879,0.101196,0.898804
0.551025,-0.206421,1.137329
-0.197998,-0.275269,0.842773
0.013794,0.143555,1.093262
0.378662,-0.356201,1.007935
-0.442017,-0.019287,0.842407
0.482178,-0.108276,1.162476
-0.034790,-0.329956,0.858765
-0.188843,0.188110,1.033691
0.489990,-0.286743,1.085083
-0.403198,-0.117310,0.814819
0.325806,0.020264,1.159424
0.110107,-0.372070,0.887817
-0.346924,0.161865,0.940674
0.539429,-0.248047,1.108154
-0.270752,-0.247437,0.833130
0.116211,0.097046,1.107788
0.294922,-0.381714,0.961304
-0.440063,0.063110,0.850342
0.512817,-0.141724,1.141235
-0.083984,-0.352783,0.848389
-0.074829,0.156250,1.077393
0.406616,-0.341431,1.029297
-0.453003,-0.031250,0.831177
0.423584,-0.028809,1.161499
-0.017334,-0.319458,0.857788
-0.260010,0.190063,1.017578
0.510864,-0.306396,1.094238
-0.384521,-0.165771,0.802246
0.271606,0.047974,1.135620
0.122437,-0.352295,0.890503
-0.396606,0.140869,0.898438
0.550537,-0.258789,1.116699
-0.281616,-0.275146,0.814209
0.084106,0.112427,1.092773
0.267822,-0.359863,0.945435
-0.464844,0.055054,0.836060
0.517212,-0.198364,1.123779
-0.119873,-0.343628,0.823120
-0.072998,0.140503,1.055908
0.379517,-0.344971,0.985352
-0.466431,-0.008179,0.815552
0.439575,-0.095581,1.141602
-0.060425,-0.330566,0.833496
-0.235474,0.193115,1.017212
0.467896,-0.300049,1.064819
-0.449341,-0.093506,0.781494
0.319702,-0.007080,1.131958
0.063599,-0.369385,0.862305
-0.361572,0.153564,0.926636
0.513794,-0.267090,1.082397
-0.358398,-0.216064,0.775269
0.164185,0.074463,1.099365
0.200439,-0.375366,0.908691
-0.454346,0.102051,0.861450
0.513916,-0.226196,1.100830
-0.259644,-0.277710,0.808838
0.009888,0.098877,1.053101
0.301025,-0.371094,0.946045
-0.476440,0.019287,0.815552
0.484863,-0.185059,1.107300
-0.146118,-0.310425,0.792725
-0.130371,0.136597,1.010986
0.380859,-0.334839,0.992554
-0.487671,-0.042480,0.786133
0.414795,-0.118896,1.117065
-0.082275,-0.310303,0.817627
-0.268555,0.190674,0.979980
0.444702,-0.300293,1.036011
-0.469238,-0.114380,0.763306
0.301147,-0.035400,1.109741
0.017456,-0.365356,0.837402
-0.378662,0.183838,0.930542
0.481689,-0.274292,1.054077
-0.404053,-0.213745,0.743042
0.174805,0.053833,1.089966
0.132080,-0.395386,0.862793
-0.460938,0.123779,0.863403
0.496460,-0.252197,1.084717
-0.351562,-0.233276,0.765747
0.058350,0.094238,1.052368
0.230225,-0.399658,0.892334
-0.499512,0.084473,0.827026
0.478516,-0.220215,1.075195
-0.231323,-0.297241,0.789917
-0.037231,0.093750,1.021606
0.283936,-0.375977,0.923340
-0.520264,0.036987,0.794312
0.461304,-0.191162,1.079956
-0.181152,-0.305786,0.771240
-0.164917,0.146973,1.004272
0.356812,-0.367188,0.950317
-0.519775,-0.018311,0.770508
0.401001,-0.125244,1.097900
-0.136108,-0.312500,0.786133
-0.273193,0.175049,0.962158
0.413330,-0.344604,1.004517
-0.513794,-0.080200,0.751709
0.315674,-0.066650,1.092407
-0.065308,-0.347900,0.795654
-0.364258,0.191162,0.922119
0.454468,-0.321899,1.013306
-0.470337,-0.121094,0.735596
0.220703,0.003540,1.074341
0.023071,-0.378296,0.819824
-0.448364,0.167236,0.871948
0.458618,-0.294678,1.025513
-0.430664,-0.193481,0.737427
0.123291,0.062378,1.057251
0.111694,-0.384888,0.849854
-0.501343,0.144897,0.842163
0.471191,-0.266113,1.043457
-0.344116,-0.258179,0.751343
0.017700,0.093262,1.039429
0.187500,-0.401001,0.864746
-0.535645,0.093140,0.804565
0.469116,-0.239258,1.041138
-0.257446,-0.288696,0.755371
-0.075195,0.117310,1.006104
0.268921,-0.379883,0.902588
-0.559326,0.056396,0.769897
0.427368,-0.188965,1.056152
-0.210449,-0.313599,0.741699
-0.184082,0.145874,0.987061
0.340088,-0.385864,0.924683
-0.564087,0.012573,0.753540
0.371338,-0.122925,1.057251
-0.166992,-0.318115,0.749878
-0.275391,0.163574,0.945068
0.389771,-0.376343,0.955811
-0.557739,-0.035156,0.734985
0.302368,-0.068359,1.049561
-0.112427,-0.343628,0.760986
-0.371094,0.183472,0.909668
0.428833,-0.360107,0.978882
-0.518066,-0.102051,0.709351
0.217041,0.013794,1.053345
-0.027344,-0.357422,0.789551
-0.445801,0.179565,0.888916
0.435547,-0.326050,0.996948
-0.495605,-0.147583,0.717407
0.122681,0.052368,1.027100
0.054443,-0.371826,0.814331
-0.517090,0.170776,0.846436
0.444580,-0.295288,1.007080
-0.406494,-0.200562,0.741821
0.046631,0.086548,1.022339
0.140015,-0.376465,0.839844
-0.559082,0.140869,0.808350
0.451538,-0.273804,1.011841
-0.309570,-0.263916,0.738770
-0.042969,0.109741,0.998169
0.210205,-0.383789,0.860474
-0.573975,0.107544,0.783325
0.427368,-0.214600,1.026001
-0.242798,-0.314697,0.729736
-0.144165,0.131958,0.973145
0.277954,-0.383057,0.892334
-0.579224,0.049072,0.747559
0.385376,-0.158936,1.028564
-0.185425,-0.330200,0.736572
-0.255249,0.163452,0.940430
0.342896,-0.367310,0.922974
-0.567749,0.003540,0.734619
0.322021,-0.093750,1.034180
-0.135010,-0.353394,0.734497
-0.355103,0.177612,0.901123
0.385254,-0.355713,0.945312
-0.547119,-0.051514,0.705322
0.233521,-0.014160,1.033203
-0.062866,-0.384399,0.763184
-0.448608,0.197510,0.887085
0.411011,-0.312866,0.976196
-0.511597,-0.123413,0.699585
0.129639,0.061523,1.024414
0.046265,-0.389038,0.802368
-0.528809,0.201416,0.846802
0.437256,-0.282349,0.994507
-0.418701,-0.193726,0.721191
0.040527,0.104004,1.015869
0.149780,-0.376465,0.838623
-0.573364,0.156616,0.807251
0.419067,-0.240112,1.002075
-0.298584,-0.294556,0.717529
-0.056274,0.131714,0.987915
0.229370,-0.367310,0.875977
-0.588989,0.127441,0.785034
0.403564,-0.207397,1.001587
-0.219849,-0.360107,0.712036
-0.192871,0.145630,0.944824
0.299561,-0.354126,0.904175
-0.581055,0.063599,0.752808
0.351685,-0.124268,1.020752
-0.152832,-0.353760,0.726562
-0.320923,0.163330,0.897095
0.360474,-0.356567,0.917969
-0.551270,0.015625,0.732056
0.278320,-0.029785,1.031372
-0.083984,-0.367554,0.741821
-0.434570,0.206055,0.870361
0.396851,-0.335571,0.937012
-0.527710,-0.079346,0.694824
0.172729,0.041504,1.013428
0.013794,-0.377686,0.789185
-0.511353,0.226074,0.856934
0.416504,-0.289673,0.962036
-0.442139,-0.161133,0.717773
0.079468,0.095581,1.026733
0.111084,-0.373657,0.828857
-0.561890,0.198486,0.821167
0.420044,-0.250977,0.985352
-0.337402,-0.259644,0.717041
-0.020020,0.126831,0.998169
0.213135,-0.380981,0.863403
-0.597778,0.167969,0.803955
0.407593,-0.198486,1.000977
-0.241455,-0.347168,0.703003
-0.140503,0.156616,0.965088
0.295898,-0.367554,0.903687
-0.591431,0.112793,0.775513
0.378540,-0.127197,1.016113
-0.172241,-0.362793,0.710815
-0.259399,0.172729,0.916992
0.345215,-0.374512,0.903442
-0.565796,0.046997,0.746216
0.328369,-0.049561,1.032959
-0.113647,-0.366821,0.728027
-0.365112,0.196899,0.884521
0.386963,-0.347046,0.926392
-0.541626,-0.050781,0.708374
0.232056,0.000366,1.010376
-0.035889,-0.381104,0.765015
-0.464355,0.232300,0.865234
0.421265,-0.306519,0.952393
-0.484741,-0.113403,0.715454
0.126465,0.065552,1.017578
0.062256,-0.380127,0.807617
-0.524048,0.218384,0.842285
0.417114,-0.245483,0.972290
-0.393188,-0.185669,0.723755
0.048828,0.115356,1.019287
0.166870,-0.387329,0.845459
-0.581665,0.206177,0.818848
0.421265,-0.207642,0.986084
-0.280640,-0.269409,0.724854
-0.061646,0.152222,0.980469
0.255859,-0.366089,0.890503
-0.589355,0.149292,0.784790
0.406250,-0.141113,1.017090
-0.191284,-0.322388,0.719604
-0.179810,0.166870,0.931396
0.335571,-0.371826,0.903931
-0.568604,0.101440,0.769775
0.350586,-0.090820,1.003906
-0.121948,-0.355591,0.719238
-0.299805,0.199463,0.889893
0.387573,-0.362427,0.918701
-0.546265,0.002930,0.733643
0.277710,-0.031006,1.004517
-0.057373,-0.381104,0.732056
-0.408203,0.213501,0.863037
0.417725,-0.311890,0.944946
-0.497437,-0.093750,0.717651
0.180054,0.038452,1.023926
0.027954,-0.382080,0.783691
-0.505981,0.239380,0.843628
0.434204,-0.265503,0.975098
-0.403687,-0.162231,0.745728
0.087646,0.107300,1.032104
0.134766,-0.372314,0.840820
-0.567139,0.219238,0.804688
0.439087,-0.216187,0.988037
-0.296143,-0.244995,0.746216
-0.036377,0.151855,1.002563
0.241943,-0.383179,0.885864
-0.573853,0.153809,0.785400
0.412598,-0.148926,0.999512
-0.197144,-0.296265,0.735596
-0.136597,0.164551,0.943604
0.337524,-0.382080,0.909546
-0.577515,0.113525,0.766602
0.369995,-0.090210,1.014282
-0.111572,-0.348022,0.735962
-0.266602,0.177490,0.889771
0.390015,-0.375366,0.927612
-0.544922,0.015991,0.737183
0.304077,-0.036133,1.005859
-0.053223,-0.384277,0.729126
-0.378784,0.191040,0.850830
0.426636,-0.333496,0.941040
-0.491699,-0.059937,0.749390
0.210083,0.031860,1.017700
0.005615,-0.390503,0.760986
-0.470825,0.206543,0.831909
0.455322,-0.288940,0.968506
-0.434570,-0.128174,0.748535
0.106812,0.083008,1.027954
0.099976,-0.399048,0.811157
-0.533447,0.201660,0.802368
0.439697,-0.240845,0.986328
-0.340576,-0.189453,0.750977
0.031250,0.147949,1.023315
0.201416,-0.395996,0.850830
-0.581665,0.175415,0.772583
0.432129,-0.200562,0.989624
-0.239868,-0.246826,0.758423
-0.058960,0.172241,1.001831
0.275391,-0.402588,0.878174
-0.590454,0.124390,0.765259
0.423584,-0.162720,1.006958
-0.154175,-0.294556,0.760620
-0.149414,0.174927,0.939453
0.342651,-0.383789,0.907715
-0.558960,0.086426,0.765869
0.372070,-0.106201,1.015747
-0.097900,-0.354370,0.746094
-0.224854,0.182129,0.908325
0.388184,-0.355347,0.927368
-0.548218,0.005981,0.748657
0.311523,-0.059326,1.002075
-0.047974,-0.393433,0.741455
-0.316162,0.177612,0.864746
0.426270,-0.334229,0.946777
-0.516724,-0.064575,0.721802
0.229126,-0.004272,1.007080
0.006104,-0.422241,0.755371
-0.403320,0.179932,0.840210
0.447998,-0.316895,0.958496
-0.467407,-0.086304,0.754028
0.158203,0.046265,1.013794
0.055176,-0.424438,0.771851
-0.472778,0.176758,0.811279
0.457275,-0.282471,0.971436
-0.399414,-0.141113,0.767578
0.087769,0.096558,1.015137
0.128296,-0.422607,0.802612
-0.532349,0.167236,0.787354
0.458984,-0.248901,0.984375
-0.310425,-0.191284,0.769531
0.000977,0.144287,1.008545
0.221191,-0.424072,0.849976
-0.569580,0.116333,0.756348
0.446411,-0.203735,1.007324
-0.217651,-0.244385,0.782593
-0.083740,0.168091,0.979248
0.295166,-0.420044,0.892334
-0.573486,0.095581,0.759399
0.334839,-0.068970,1.009155
-0.131104,-0.314575,0.780762
-0.306030,0.191162,0.884277
0.406616,-0.348877,0.937256
-0.540283,-0.015503,0.732788
0.267578,-0.014893,0.999390
-0.035156,-0.389526,0.745605
-0.380981,0.189209,0.858276
0.435913,-0.325073,0.952271
-0.496094,-0.084961,0.730957
0.180908,0.043213,1.006104
0.022583,-0.405396,0.773560
-0.455933,0.197876,0.836792
0.441284,-0.276489,0.971069
-0.438110,-0.108765,0.758789
0.119995,0.080688,1.020020
0.091797,-0.389282,0.804321
-0.527222,0.211670,0.814941
0.448853,-0.257690,0.977783
-0.362915,-0.162109,0.759888
0.044189,0.123535,1.013672
0.174316,-0.378296,0.850952
-0.561768,0.178711,0.790649
0.446899,-0.212402,0.992065
-0.266357,-0.229004,0.766846
-0.052612,0.155762,0.984497
0.260376,-0.394165,0.877441
-0.572144,0.129395,0.769287
0.434082,-0.185547,1.003784
-0.177368,-0.272217,0.771973
-0.136108,0.174927,0.949219
0.329590,-0.385132,0.907593
-0.565918,0.107422,0.774414
0.389893,-0.118896,1.015869
-0.099854,-0.355835,0.756104
-0.231445,0.173828,0.905029
0.386230,-0.375000,0.934814
-0.542847,0.030640,0.761719
0.328247,-0.042725,1.014648
-0.050415,-0.375610,0.748535
-0.313110,0.173218,0.871704
0.419312,-0.369019,0.941406
-0.514893,-0.046143,0.743164
0.252808,0.005127,1.008911
-0.000488,-0.405029,0.748169
-0.394531,0.168213,0.838745
0.448975,-0.345093,0.963135
-0.485107,-0.104126,0.741211
0.179565,0.043457,1.017700
0.044922,-0.404663,0.764893
-0.471558,0.173462,0.816040
0.463623,-0.311523,0.972534
-0.421387,-0.139771,0.761597
0.108765,0.085205,1.025879
0.120850,-0.399048,0.810791
-0.539307,0.185181,0.789185
0.470581,-0.282593,0.974976
-0.333862,-0.190186,0.773071
0.016724,0.110962,1.008179
0.213013,-0.397461,0.862061
-0.567383,0.129517,0.755737
0.457397,-0.228516,0.995239
-0.222656,-0.229126,0.788086
-0.070312,0.153931,0.973267
0.286621,-0.394897,0.882080
-0.567871,0.109253,0.760254
0.414429,-0.148071,1.010376
-0.126343,-0.301147,0.781372
-0.161377,0.149902,0.938599
0.348633,-0.398804,0.911865
-0.549561,0.057007,0.760620
0.367554,-0.084106,1.016846
-0.048096,-0.375977,0.767456
-0.255493,0.151978,0.893921
0.396851,-0.389526,0.931519
-0.525757,-0.035889,0.739258
0.294800,-0.047241,0.999512
-0.001465,-0.385498,0.757080
-0.339600,0.152710,0.849365
0.445435,-0.375000,0.946045
-0.498535,-0.095703,0.737427
0.206909,0.012329,1.003662
0.043457,-0.419556,0.760498
-0.416504,0.156738,0.822021
0.471680,-0.341919,0.971680
-0.451782,-0.123779,0.749268
0.140137,0.062866,1.019287
0.110474,-0.437622,0.789795
-0.499512,0.160156,0.790161
0.475220,-0.306519,0.986572
-0.378906,-0.172363,0.764160
0.048584,0.106812,1.013550
0.198730,-0.446655,0.829590
-0.544556,0.127808,0.764648
0.471802,-0.275146,0.996582
-0.293945,-0.224854,0.772583
-0.038208,0.133667,1.002319
0.267700,-0.432861,0.870117
-0.561035,0.099854,0.755127
0.449097,-0.222168,1.016602
-0.171631,-0.280151,0.798706
-0.125244,0.154297,0.967773
0.322754,-0.423340,0.898804
-0.548218,0.060669,0.763672
0.402466,-0.161011,1.016235
-0.086304,-0.324097,0.793823
-0.204956,0.144531,0.927124
0.383301,-0.408569,0.927368
-0.524170,-0.012451,0.757935
0.339722,-0.080688,1.012817
-0.015015,-0.387695,0.777832
-0.281982,0.144409,0.885376
0.433594,-0.403198,0.948853
-0.504639,-0.085938,0.731201
0.261719,-0.021606,1.013550
0.043213,-0.428955,0.763916
-0.357666,0.130371,0.849731
0.462891,-0.364380,0.969360
-0.466431,-0.144043,0.728882
0.192993,0.021362,1.024536
0.074585,-0.414917,0.785645
-0.435547,0.129639,0.814209
0.484497,-0.346558,0.983521
-0.408081,-0.178467,0.756226
0.094971,0.064697,1.022095
0.159058,-0.432129,0.817871
-0.487305,0.110962,0.779419
0.485474,-0.307739,1.004028
-0.330933,-0.241455,0.761963
0.003906,0.107422,1.011108
0.240112,-0.468140,0.849365
-0.525391,0.075439,0.748413
0.468872,-0.259277,1.014160
-0.229248,-0.263794,0.790161
-0.080811,0.133667,0.996094
0.317383,-0.452759,0.897095
-0.543091,0.067261,0.755981
0.419556,-0.178101,1.025879
-0.119751,-0.294312,0.809570
-0.155273,0.152100,0.975342
0.371216,-0.436768,0.926758
-0.523071,0.018921,0.763550
0.378296,-0.111328,1.034302
-0.033569,-0.361694,0.805176
-0.227783,0.141235,0.934814
0.427734,-0.411133,0.967041
-0.496094,-0.069702,0.739746
0.309204,-0.053467,1.027222
0.026733,-0.411377,0.780273
-0.303711,0.134399,0.881836
0.478760,-0.400513,0.979614
-0.473511,-0.121826,0.750244
0.231201,-0.015991,1.025513
0.076050,-0.439941,0.795532
-0.378296,0.130249,0.856323
0.499512,-0.371826,0.996948
-0.421143,-0.152710,0.767090
0.153564,0.040039,1.036133
0.139771,-0.442261,0.815308
-0.439941,0.111694,0.823608
0.506836,-0.327026,1.016602
-0.359985,-0.205078,0.769287
0.064209,0.085327,1.025879
0.230347,-0.467285,0.849854
-0.474365,0.063843,0.773193
0.482422,-0.274170,1.029785
-0.270630,-0.237183,0.797852
-0.022827,0.130005,1.029053
0.302612,-0.459961,0.896606
-0.512451,0.054077,0.766724
0.459839,-0.222534,1.042725
-0.177246,-0.257812,0.815918
-0.094727,0.146362,1.009155
0.367065,-0.435913,0.936279
-0.513550,0.028198,0.773438
0.417480,-0.144287,1.055786
-0.067139,-0.333008,0.816162
-0.171997,0.159058,0.987061
0.427734,-0.420654,0.968384
-0.491333,-0.041138,0.767212
0.353638,-0.089844,1.049194
0.019531,-0.399292,0.814575
-0.249512,0.154907,0.940796
0.481812,-0.389526,1.001831
-0.461426,-0.113281,0.760376
0.289307,-0.031372,1.051270
0.062866,-0.422852,0.807129
-0.313965,0.142456,0.909424
0.508057,-0.356689,1.020874
-0.411255,-0.151123,0.773560
0.207153,0.007324,1.046997
0.124634,-0.434937,0.834229
-0.388794,0.135742,0.868896
0.537598,-0.323608,1.050293
-0.360840,-0.202148,0.773682
0.116089,0.070068,1.049927
0.224854,-0.467529,0.864258
-0.442017,0.082886,0.810547
0.530884,-0.284790,1.056519
-0.282715,-0.231201,0.796509
0.026733,0.131714,1.048706
0.313232,-0.465332,0.904297
-0.486084,0.073975,0.802979
0.489868,-0.218262,1.066040
-0.186523,-0.242676,0.829102
-0.051025,0.166626,1.051758
0.376099,-0.439941,0.947998
-0.502319,0.025024,0.785400
0.442871,-0.150635,1.083008
-0.082642,-0.307251,0.843018
-0.118042,0.163330,1.025146
0.436523,-0.414917,1.000366
-0.480103,-0.031982,0.784790
0.397095,-0.088501,1.086060
0.016357,-0.375244,0.843872
-0.201904,0.170410,0.991577
0.497192,-0.380127,1.036255
-0.447144,-0.091431,0.769043
0.330322,-0.040161,1.076416
0.079712,-0.409302,0.838867
-0.271362,0.179321,0.966553
0.526855,-0.337402,1.053833
-0.405762,-0.140137,0.787964
0.255859,0.004761,1.073730
0.132080,-0.413086,0.859741
-0.359375,0.158081,0.922607
0.552246,-0.309570,1.085205
-0.351318,-0.185303,0.787964
0.178589,0.061523,1.073975
0.219604,-0.441406,0.881836
-0.402466,0.102173,0.861450
0.547852,-0.278687,1.075806
-0.286621,-0.214478,0.816895
0.091675,0.112427,1.080811
0.303223,-0.443726,0.921875
-0.447510,0.065430,0.830688
0.517334,-0.224243,1.098389
-0.213745,-0.233154,0.834229
0.011719,0.150757,1.073120
0.375610,-0.417847,0.975342
-0.470581,0.046021,0.820557
0.481934,-0.164917,1.104126
-0.107422,-0.279419,0.861816
-0.074829,0.185181,1.057983
0.440186,-0.399902,1.010376
-0.464111,-0.003418,0.815674
0.446167,-0.102539,1.115356
0.001709,-0.352661,0.868530
-0.153198,0.197754,1.044800
0.490112,-0.361206,1.051880
-0.438965,-0.061035,0.801636
0.391235,-0.049805,1.130615
0.067139,-0.383301,0.870850
-0.223511,0.214233,1.028198
0.524414,-0.339233,1.070923
-0.398682,-0.127441,0.796631
0.317627,0.005859,1.116089
0.111572,-0.385254,0.880981
-0.293091,0.190552,0.986694
0.560547,-0.298218,1.100708
-0.366333,-0.151855,0.809692
0.238647,0.049194,1.109863
0.199829,-0.424561,0.908569
-0.354736,0.118530,0.923950
0.573730,-0.277466,1.096680
-0.313110,-0.190796,0.814087
0.159302,0.097900,1.097046
0.284668,-0.434814,0.931274
-0.396484,0.081665,0.857544
0.553955,-0.239014,1.116455
-0.246338,-0.214478,0.840576
0.081299,0.147095,1.097412
0.357056,-0.428467,0.980957
-0.439819,0.078491,0.855835
0.538574,-0.193237,1.121338
-0.158081,-0.227661,0.875488
-0.011597,0.194092,1.094116
0.409912,-0.406006,1.007812
-0.448853,0.036743,0.853149
0.509766,-0.130859,1.143921
-0.041016,-0.299316,0.884277
-0.098267,0.204224,1.081299
0.458008,-0.374634,1.044189
-0.433594,-0.009766,0.837524
0.466675,-0.085327,1.157959
0.031982,-0.342896,0.887329
-0.162598,0.212769,1.062134
0.502930,-0.333984,1.069824
-0.428955,-0.067871,0.823120
0.401489,-0.042603,1.150391
0.066162,-0.345093,0.906494
-0.240845,0.207520,1.032104
0.529419,-0.288574,1.105225
-0.391113,-0.128052,0.818359
0.341675,0.006226,1.151245
0.145142,-0.372681,0.919189
-0.312622,0.178101,0.974609
0.556641,-0.254761,1.135254
-0.327637,-0.194458,0.817383
0.248535,0.069458,1.137207
0.230713,-0.411865,0.939575
-0.359131,0.117188,0.909790
0.572876,-0.239868,1.131592
-0.282349,-0.223389,0.826904
0.151367,0.117310,1.119873
0.319946,-0.421021,0.970215
-0.402344,0.095215,0.877075
0.557983,-0.196289,1.145264
-0.208984,-0.255127,0.844727
0.050781,0.167847,1.112427
0.388428,-0.416504,1.001709
-0.438965,0.071899,0.867920
0.530640,-0.154419,1.149536
-0.124390,-0.274048,0.872437
-0.028442,0.205322,1.112183
0.435059,-0.376831,1.025513
-0.442993,0.018433,0.850830
0.509155,-0.113037,1.160645
-0.010986,-0.324707,0.890137
-0.110718,0.212524,1.083984
0.471558,-0.352905,1.051025
-0.431763,-0.025513,0.842529
0.466553,-0.064453,1.164917
0.014771,-0.335327,0.879395
-0.184326,0.219482,1.060547
0.515625,-0.306274,1.096069
-0.412964,-0.075684,0.822998
0.402466,-0.016113,1.172607
0.070923,-0.348022,0.907471
-0.253418,0.194580,1.025757
0.541504,-0.279297,1.123779
-0.370483,-0.154541,0.810669
0.326050,0.026978,1.159546
0.146240,-0.364136,0.925049
-0.308594,0.153809,0.956787
0.570679,-0.256226,1.135498
-0.320312,-0.206299,0.817139
0.224976,0.082397,1.142456
0.234253,-0.417358,0.937500
-0.370117,0.129517,0.916138
0.575562,-0.243774,1.138672
-0.274170,-0.242065,0.822876
0.130615,0.130127,1.122192
0.308716,-0.417236,0.965576
-0.411011,0.106445,0.884399
0.560181,-0.203003,1.146240
-0.210693,-0.260620,0.848755
0.037842,0.170776,1.116211
0.376099,-0.403809,0.988770
-0.435425,0.074341,0.864502
0.540405,-0.164795,1.148071
-0.122681,-0.300781,0.866333
-0.028442,0.171265,1.096191
0.408936,-0.375366,1.014038
-0.437988,0.026245,0.860474
0.517700,-0.119019,1.167969
-0.047974,-0.332886,0.863770
-0.106079,0.185547,1.074463
0.452759,-0.339966,1.050659
-0.446899,-0.018311,0.835571
0.473267,-0.074097,1.177856
-0.021851,-0.323853,0.866211
-0.185303,0.199341,1.052002
0.500488,-0.323608,1.068604
-0.437622,-0.072998,0.815796
0.412109,-0.022583,1.173950
0.028320,-0.309204,0.893555
-0.265625,0.188599,1.010498
0.530762,-0.302856,1.100952
-0.403198,-0.127441,0.799927
0.330933,0.028198,1.168091
0.104492,-0.335571,0.906250
-0.314209,0.157715,0.964478
0.542603,-0.281616,1.109619
-0.355347,-0.202515,0.802490
0.241333,0.066650,1.138062
0.190308,-0.390625,0.921753
-0.375244,0.135742,0.917236
0.559204,-0.259399,1.124146
-0.308960,-0.247559,0.817017
0.150024,0.085815,1.104736
0.260986,-0.387329,0.952881
-0.413818,0.095703,0.872437
0.544556,-0.211670,1.135010
-0.241455,-0.288574,0.815674
0.057129,0.120117,1.084473
0.317261,-0.383179,0.964478
-0.434814,0.066406,0.862427
0.535767,-0.171997,1.138794
-0.143921,-0.313965,0.845703
-0.029907,0.141602,1.077393
0.356445,-0.380249,0.975220
-0.455566,0.031738,0.835815
0.509399,-0.143433,1.147095
-0.105347,-0.322144,0.832642
-0.109253,0.172607,1.063843
0.414307,-0.372070,1.000854
-0.466431,-0.019043,0.821533
0.472168,-0.090210,1.157715
-0.074585,-0.336548,0.827026
-0.201782,0.200195,1.036011
0.457275,-0.349731,1.033447
-0.460815,-0.053101,0.799561
0.413940,-0.046875,1.166260
-0.022583,-0.313232,0.853516
-0.273560,0.208130,1.008545
0.497681,-0.321411,1.065918
-0.435425,-0.126221,0.780640
0.337280,-0.003784,1.144043
0.047974,-0.325684,0.872314
-0.334229,0.185181,0.952148
0.519165,-0.302002,1.084106
-0.392578,-0.197510,0.773804
0.244141,0.041504,1.128296
0.130737,-0.374878,0.885620
-0.396240,0.152100,0.911011
0.521484,-0.277344,1.091064
-0.354492,-0.245117,0.779419
0.151611,0.068726,1.106201
0.200684,-0.388062,0.917480
-0.435791,0.127808,0.878906
0.530640,-0.228638,1.102661
-0.316406,-0.273071,0.779175
0.066406,0.087158,1.080566
0.258057,-0.393066,0.929565
-0.468872,0.090576,0.844360
0.519531,-0.207642,1.104614
-0.222290,-0.290039,0.797607
-0.007446,0.109985,1.060669
0.307007,-0.393555,0.933472
-0.479370,0.060669,0.828491
0.496704,-0.163940,1.116211
-0.178101,-0.289673,0.801025
-0.089722,0.139038,1.033813
0.356689,-0.391846,0.956543
-0.497314,0.006226,0.806274
0.463501,-0.132935,1.116699
-0.142334,-0.302002,0.792847
-0.173340,0.168945,1.022583
0.406372,-0.373047,0.996582
-0.500244,-0.042969,0.772949
0.406250,-0.083618,1.126709
-0.104614,-0.296021,0.811768
-0.255127,0.198608,1.001465
0.438232,-0.332275,1.024414
-0.494019,-0.086670,0.766968
0.350098,-0.044800,1.121216
-0.051514,-0.332397,0.820923
-0.322266,0.180542,0.958252
0.466187,-0.331909,1.028931
-0.468750,-0.139282,0.743164
0.278076,-0.009277,1.109009
0.020020,-0.377686,0.819214
-0.389526,0.188843,0.926392
0.487305,-0.299683,1.046875
-0.440552,-0.166748,0.754639
0.210205,0.008179,1.090088
0.081787,-0.385254,0.856445
-0.434570,0.157349,0.893799
0.492310,-0.282593,1.055054
-0.418091,-0.184204,0.756836
0.128174,0.045166,1.067749
0.153564,-0.392456,0.878662
-0.463867,0.121582,0.868896
0.489014,-0.257446,1.061523
-0.359863,-0.208252,0.782227
0.057495,0.062500,1.047974
0.208862,-0.385498,0.898071
-0.499268,0.076172,0.820435
0.479980,-0.226929,1.073608
-0.282959,-0.280151,0.760376
-0.020996,0.092773,1.027100
0.268921,-0.403687,0.897949
-0.523438,0.054810,0.803101
0.462891,-0.192871,1.073486
-0.230469,-0.303345,0.752563
-0.099854,0.135742,1.001953
0.314453,-0.403809,0.917480
-0.533447,0.021240,0.780151
0.437012,-0.164795,1.075073
-0.194580,-0.316406,0.756470
-0.192505,0.174561,0.997925
0.358765,-0.374756,0.951538
-0.543579,0.003784,0.769409
0.400391,-0.142212,1.076172
-0.154907,-0.320801,0.763672
-0.261475,0.174805,0.962036
0.385254,-0.356201,0.964478
-0.534302,-0.045776,0.742920
0.357788,-0.087158,1.082153
-0.116821,-0.339478,0.778931
-0.324219,0.181274,0.939697
0.414307,-0.356323,0.979248
-0.522461,-0.086914,0.728394
0.291016,-0.055298,1.074829
-0.065552,-0.367188,0.788574
-0.389893,0.175903,0.907471
0.436279,-0.350098,0.992798
-0.503052,-0.105103,0.728394
0.231567,-0.006958,1.067261
-0.013916,-0.376099,0.798096
-0.443848,0.172852,0.882812
0.441162,-0.323730,0.998047
-0.483154,-0.154053,0.714478
0.160767,0.031494,1.044800
0.047974,-0.371826,0.828125
-0.482666,0.170288,0.869507
0.455078,-0.290771,1.023804
-0.445801,-0.192993,0.733154
0.083618,0.056641,1.033325
0.115723,-0.393799,0.840088
-0.512939,0.159302,0.848633
0.452637,-0.280029,1.022949
-0.382935,-0.229980,0.750366
0.033569,0.075317,1.019165
0.166992,-0.407104,0.855347
-0.546509,0.130615,0.808350
0.452271,-0.248291,1.028198
-0.318481,-0.281982,0.739014
-0.021606,0.104370,1.020020
0.208130,-0.414673,0.862671
-0.565552,0.108398,0.791016
0.444214,-0.233765,1.019531
-0.274414,-0.281006,0.747192
-0.092407,0.126587,0.987549
0.256470,-0.415527,0.879883
-0.571899,0.083130,0.770142
0.421387,-0.197998,1.023560
-0.240601,-0.301147,0.727905
-0.160889,0.151611,0.979614
0.305542,-0.404175,0.904785
-0.575195,0.044922,0.749023
0.390747,-0.154175,1.035522
-0.210449,-0.322510,0.729736
-0.223511,0.160645,0.967407
0.338745,-0.387451,0.927856
-0.581543,0.008545,0.742432
0.361328,-0.120728,1.039551
-0.172729,-0.315063,0.738403
-0.292358,0.172119,0.930054
0.374023,-0.382202,0.928467
-0.567383,-0.025879,0.728638
0.316406,-0.074097,1.036987
-0.146851,-0.353149,0.737793
-0.351562,0.184326,0.903442
0.394897,-0.378906,0.943237
-0.558960,-0.047241,0.711426
0.271484,-0.036865,1.037598
-0.104370,-0.365967,0.747070
-0.404541,0.209229,0.896606
0.416138,-0.352905,0.956055
-0.542603,-0.070435,0.709229
0.217773,-0.003296,1.033081
-0.054810,-0.363159,0.769897
-0.457520,0.215332,0.888916
0.426880,-0.339478,0.979248
-0.525269,-0.131348,0.695190
0.150146,0.030884,1.018799
-0.006470,-0.379883,0.789795
-0.489868,0.212036,0.865845
0.431763,-0.306885,0.984497
-0.484863,-0.162842,0.723145
0.102783,0.065552,1.027954
0.060303,-0.397583,0.808960
-0.538818,0.209839,0.842407
0.439941,-0.300537,0.983521
-0.430786,-0.170044,0.730957
0.062866,0.081177,1.021240
0.111938,-0.416382,0.819214
-0.562378,0.206909,0.831177
0.442871,-0.280273,0.989014
-0.376953,-0.220093,0.738647
0.010864,0.101807,1.018799
0.160889,-0.418335,0.835327
-0.584351,0.185059,0.811401
0.437988,-0.245117,0.996094
-0.320679,-0.251099,0.734131
-0.043701,0.123047,0.998535
0.214844,-0.421875,0.849731
-0.595581,0.150513,0.783691
0.425171,-0.208374,1.002075
-0.272095,-0.302368,0.707397
-0.097778,0.142944,0.979126
0.255249,-0.418213,0.868896
-0.601196,0.119385,0.773804
0.407104,-0.194458,1.001343
-0.234375,-0.303467,0.714600
-0.165527,0.162598,0.964355
0.306396,-0.406982,0.892212
-0.601196,0.098511,0.766235
0.387695,-0.155762,1.012695
-0.206299,-0.323120,0.705933
-0.217651,0.177490,0.947021
0.345947,-0.399048,0.906616
-0.599365,0.071411,0.757812
0.356079,-0.123291,1.017944
-0.174438,-0.350952,0.709839
-0.279907,0.192261,0.917358
0.368530,-0.387085,0.912720
-0.582397,0.032349,0.741821
0.324097,-0.082520,1.025513
-0.144775,-0.351685,0.725342
-0.337402,0.199707,0.896240
0.396362,-0.376099,0.924194
-0.560791,0.006348,0.728027
0.277100,-0.035889,1.020142
-0.097656,-0.373047,0.740967
-0.394775,0.206177,0.881104
0.413574,-0.353638,0.938110
-0.552002,-0.046509,0.706787
0.222778,0.000610,1.010498
-0.056763,-0.375122,0.752441
-0.438354,0.225098,0.882446
0.427979,-0.354126,0.946289
-0.529419,-0.081055,0.709106
0.171509,0.042236,1.008423
-0.007202,-0.389404,0.770264
-0.488647,0.229248,0.863525
0.437378,-0.308838,0.964600
-0.483398,-0.111694,0.718140
0.115601,0.074707,1.018677
0.051270,-0.391724,0.798706
-0.529907,0.234863,0.846924
0.440918,-0.285645,0.976440
-0.427124,-0.151978,0.737549
0.060059,0.101807,1.008911
0.114258,-0.403442,0.811890
-0.557617,0.224731,0.829468
0.442627,-0.253784,0.985107
-0.368774,-0.204834,0.725342
0.018433,0.126465,1.013794
0.159180,-0.410889,0.823486
-0.578735,0.196289,0.811401
0.446533,-0.233154,0.989502
-0.315063,-0.219116,0.742676
-0.037598,0.149048,0.994995
0.217407,-0.404663,0.854736
-0.591187,0.162720,0.789917
0.437744,-0.201782,1.003174
-0.260620,-0.256958,0.737915
-0.092651,0.167603,0.974976
0.262085,-0.391479,0.875732
-0.588623,0.142578,0.779053
0.421753,-0.173950,1.005005
-0.215698,-0.275879,0.737915
-0.143677,0.167236,0.946045
0.313843,-0.385132,0.892700
-0.592773,0.109619,0.766968
0.395996,-0.144653,1.006714
-0.162842,-0.319458,0.737427
-0.215576,0.179321,0.923584
0.347534,-0.382568,0.899780
-0.588745,0.083252,0.754639
0.367065,-0.117920,1.009277
-0.125732,-0.340576,0.736328
-0.273804,0.188354,0.897827
0.379150,-0.369995,0.916138
-0.568970,0.055054,0.745605
0.324585,-0.060913,1.017334
-0.100464,-0.358643,0.732056
-0.322754,0.188965,0.884033
0.399170,-0.353516,0.926514
-0.552246,-0.005981,0.729736
0.274902,-0.019287,1.009277
-0.055054,-0.378662,0.739502
-0.380737,0.203003,0.866943
0.418091,-0.335449,0.945923
-0.526978,-0.060303,0.725708
0.221680,0.007446,1.009033
-0.021973,-0.381714,0.760010
-0.426025,0.210571,0.859375
0.431641,-0.308228,0.959229
-0.498291,-0.104736,0.719727
0.162476,0.050171,1.016968
0.030518,-0.394043,0.775879
-0.478149,0.227051,0.842285
0.434204,-0.250488,0.982422
-0.351562,-0.200439,0.744873
-0.004517,0.118408,1.003052
0.081543,-0.397827,0.797852
-0.591431,0.193604,0.796143
0.432251,-0.228271,0.989624
-0.295532,-0.251831,0.731323
-0.073853,0.139771,0.984619
0.242188,-0.413208,0.863037
-0.601440,0.166016,0.782471
0.426270,-0.201050,0.996216
-0.250977,-0.269287,0.727173
-0.131348,0.165161,0.968872
0.289673,-0.416626,0.873901
-0.598877,0.150146,0.774658
0.408813,-0.167358,1.003906
-0.205078,-0.272095,0.738647
-0.188843,0.173096,0.942871
0.328857,-0.404541,0.889404
-0.591797,0.099976,0.762329
0.378174,-0.121948,1.010376
-0.160767,-0.324219,0.731689
-0.254639,0.177856,0.911865
0.364136,-0.379517,0.911621
-0.580444,0.056763,0.747559
0.329102,-0.073486,1.011597
-0.122192,-0.363770,0.719116
-0.316162,0.188721,0.888550
0.385498,-0.360474,0.919312
-0.557251,-0.001343,0.724243
0.277466,-0.032593,1.003296
-0.084229,-0.387451,0.734619
-0.375366,0.205933,0.873169
0.411255,-0.344604,0.936768
-0.543823,-0.042603,0.709473
0.222168,0.006592,1.007812
-0.043335,-0.375122,0.758789
-0.429688,0.221191,0.865601
0.428833,-0.315186,0.955322
-0.507690,-0.083252,0.712891
0.165771,0.051636,1.018433
0.012207,-0.386475,0.778320
-0.482788,0.223267,0.849365
0.436890,-0.294556,0.968628
-0.473145,-0.114502,0.733521
0.124390,0.085938,1.024414
0.061401,-0.390991,0.798584
-0.521362,0.221558,0.837891
0.446411,-0.263184,0.980957
-0.413696,-0.159058,0.737549
0.065308,0.116577,1.026367
0.136108,-0.404541,0.818237
-0.559082,0.218384,0.822632
0.444824,-0.233521,0.996216
-0.352051,-0.185181,0.744751
0.005371,0.143066,1.007324
0.197266,-0.404907,0.840454
-0.581665,0.218262,0.805664
0.443359,-0.218384,0.994385
-0.287476,-0.229370,0.745483
-0.052734,0.158203,0.989990
0.243042,-0.403076,0.861938
-0.593140,0.189209,0.786621
0.437378,-0.182983,1.002563
-0.235718,-0.254639,0.746338
-0.103638,0.161987,0.968750
0.286987,-0.396118,0.879150
-0.583008,0.149048,0.786377
0.425537,-0.145874,1.011963
-0.175415,-0.292480,0.751709
-0.165894,0.174561,0.936890
0.331421,-0.388794,0.895996
-0.586548,0.114746,0.770996
0.400513,-0.124023,1.020264
-0.133545,-0.320312,0.751587
-0.227173,0.181152,0.912842
0.365112,-0.377808,0.908325
-0.570557,0.088989,0.762695
0.360962,-0.077393,1.010132
-0.100464,-0.347046,0.743042
-0.287720,0.187988,0.886963
0.387695,-0.373169,0.918091
-0.549561,0.027344,0.739502
0.310669,-0.033691,1.011841
-0.059082,-0.365479,0.745728
-0.335449,0.187256,0.869019
0.411377,-0.354980,0.925049
-0.539185,-0.029785,0.721680
0.267090,-0.007080,1.008423
-0.023682,-0.396240,0.747070
-0.385254,0.199219,0.859009
0.432495,-0.329102,0.949585
-0.517944,-0.064819,0.722534
0.208740,0.016846,0.999512
0.012329,-0.391235,0.765381
-0.432495,0.216797,0.844971
0.444214,-0.308350,0.958252
-0.484253,-0.113403,0.720703
0.160645,0.059204,1.021851
0.044434,-0.398926,0.775146
-0.464600,0.216309,0.833618
0.459839,-0.284424,0.972778
-0.451172,-0.127808,0.745972
0.111572,0.085693,1.021362
0.091309,-0.421021,0.788452
-0.509521,0.204346,0.812500
0.465210,-0.270386,0.984619
-0.417725,-0.143799,0.744629
0.073853,0.110229,1.026611
0.138916,-0.424194,0.810913
-0.547241,0.197754,0.802490
0.467896,-0.256714,0.991577
-0.370361,-0.175049,0.745117
0.035400,0.140137,1.015503
0.186401,-0.429443,0.829102
-0.562988,0.170898,0.787354
0.459717,-0.230713,0.999146
-0.312378,-0.183350,0.748779
-0.018311,0.158813,1.002930
0.236572,-0.425293,0.853638
-0.576172,0.148804,0.779053
0.454590,-0.205566,1.006714
-0.261108,-0.214355,0.754395
-0.064331,0.167725,0.982422
0.275024,-0.424194,0.868896
-0.574951,0.127563,0.779907
0.443481,-0.185303,1.008667
-0.203979,-0.253662,0.766235
-0.128174,0.182739,0.963257
0.311157,-0.395874,0.894775
-0.567261,0.114014,0.775513
0.417236,-0.168945,1.007812
-0.147949,-0.291992,0.775391
-0.178589,0.175293,0.933350
0.350342,-0.381470,0.913818
-0.560669,0.095093,0.772583
0.389038,-0.115112,1.019531
-0.096924,-0.335449,0.773682
-0.223877,0.161133,0.907715
0.374268,-0.379639,0.917480
-0.543945,0.060181,0.771606
0.364258,-0.074219,1.023926
-0.051514,-0.368408,0.762207
-0.288086,0.164551,0.881104
0.398193,-0.380859,0.922974
-0.537842,-0.013062,0.735474
0.314575,-0.035400,1.010986
-0.011597,-0.386108,0.763184
-0.329102,0.163818,0.857300
0.425537,-0.373047,0.928589
-0.528809,-0.065186,0.718018
0.262695,-0.008789,1.017822
0.017944,-0.403687,0.763916
-0.376221,0.161621,0.838135
0.442871,-0.357788,0.948975
-0.502686,-0.101196,0.732056
0.199463,0.022949,1.020508
0.052246,-0.420654,0.764160
-0.424561,0.167236,0.827148
0.456421,-0.339722,0.957275
-0.474121,-0.123535,0.735474
0.140625,0.057251,1.007446
0.095947,-0.421753,0.791504
-0.467529,0.172852,0.809692
0.464233,-0.292847,0.975830
-0.431885,-0.168945,0.736938
0.089478,0.083496,1.012939
0.139404,-0.427002,0.811768
-0.507202,0.165527,0.795532
0.472290,-0.274170,0.995117
-0.371826,-0.178223,0.762085
0.024048,0.105591,1.003174
0.193970,-0.437744,0.825684
-0.527344,0.143066,0.774658
0.474487,-0.235718,1.003662
-0.315308,-0.195923,0.775146
-0.030518,0.131592,0.998779
0.239746,-0.452026,0.854126
-0.541748,0.104248,0.752808
0.460815,-0.221680,1.009521
-0.244385,-0.211792,0.794434
-0.081177,0.151733,0.979736
0.280518,-0.451294,0.861328
-0.551025,0.082642,0.754150
0.439331,-0.184570,1.022827
-0.181763,-0.244507,0.800903
-0.125610,0.164551,0.975098
0.316284,-0.440796,0.886963
-0.552368,0.067017,0.759033
0.419556,-0.150024,1.036011
-0.123901,-0.291016,0.795654
-0.172363,0.166748,0.947021
0.353394,-0.438110,0.903687
-0.547241,0.049438,0.760742
0.393799,-0.119019,1.023315
-0.066284,-0.313599,0.801514
-0.217407,0.171631,0.928833
0.378784,-0.422974,0.915039
-0.529541,0.005615,0.748657
0.361450,-0.097412,1.014771
-0.028809,-0.347534,0.792847
-0.251221,0.154785,0.910278
0.407104,-0.411621,0.926636
-0.524292,-0.056641,0.732178
0.313965,-0.078613,1.008301
0.000854,-0.388794,0.773193
-0.289795,0.150757,0.883789
0.434692,-0.406250,0.947021
-0.513672,-0.086670,0.726196
0.276855,-0.052734,1.009399
0.029175,-0.407471,0.777954
-0.332153,0.136108,0.860962
0.452881,-0.386475,0.951660
-0.500000,-0.111694,0.733643
0.232422,-0.023926,1.008179
0.061157,-0.429199,0.772095
-0.365723,0.143799,0.840698
0.467163,-0.354492,0.980957
-0.476562,-0.152588,0.733643
0.194580,0.006592,1.005981
0.088013,-0.449951,0.774414
-0.399536,0.136841,0.833252
0.483398,-0.336548,0.991089
-0.449585,-0.154785,0.738159
0.149780,0.026245,1.010864
0.106079,-0.446899,0.787842
-0.424561,0.148560,0.822632
0.501465,-0.322754,1.006226
-0.426636,-0.162964,0.747192
0.106812,0.046753,1.010498
0.140137,-0.460571,0.804199
-0.455444,0.135376,0.809570
0.499634,-0.304321,1.007324
-0.394043,-0.196289,0.747192
0.067871,0.073242,1.013428
0.181763,-0.486938,0.815308
-0.479248,0.100830,0.781616
0.503174,-0.304565,1.008301
-0.355713,-0.167725,0.782349
0.028198,0.093018,1.010132
0.226685,-0.504517,0.826416
-0.500000,0.085449,0.767578
0.498047,-0.282471,1.020508
-0.309937,-0.183105,0.792358
-0.009277,0.113403,1.012817
0.253174,-0.495850,0.847534
-0.515625,0.067993,0.758911
0.482300,-0.260620,1.018799
-0.266479,-0.195679,0.807617
-0.040771,0.132690,1.018921
0.291138,-0.485962,0.868286
-0.521118,0.051758,0.759399
0.465942,-0.245972,1.021851
-0.219360,-0.228638,0.816895
-0.068604,0.145386,1.007446
0.316528,-0.474243,0.895752
-0.530762,0.060059,0.776001
0.455200,-0.221436,1.023804
-0.181519,-0.239868,0.820557
-0.103149,0.150269,1.001099
0.346313,-0.466675,0.909424
-0.533936,0.058350,0.776733
0.435669,-0.199341,1.030273
-0.134888,-0.268555,0.822144
-0.125732,0.167969,1.003906
0.370728,-0.454102,0.921387
-0.525879,0.037109,0.777832
0.422119,-0.177368,1.036987
-0.098511,-0.308228,0.819824
-0.148193,0.161987,0.991699
0.395508,-0.442139,0.944702
-0.520386,-0.005249,0.771606
0.403198,-0.142578,1.041138
-0.056396,-0.347290,0.813232
-0.180786,0.172729,0.987549
0.421875,-0.419678,0.963867
-0.503906,-0.025024,0.765503
0.374878,-0.124146,1.041016
-0.020386,-0.384888,0.808228
-0.205811,0.176025,0.967529
0.456665,-0.414795,0.979492
-0.496948,-0.050659,0.763062
0.352173,-0.106689,1.037842
0.009399,-0.408447,0.812378
-0.236084,0.158203,0.947998
0.469116,-0.399536,0.995117
-0.484253,-0.074219,0.770996
0.326416,-0.078735,1.050659
0.035767,-0.430908,0.802002
-0.258789,0.149780,0.932617
0.482544,-0.389404,1.003906
-0.463013,-0.099487,0.763916
0.298218,-0.054077,1.055786
0.054932,-0.436279,0.805176
-0.282959,0.145874,0.921753
0.499146,-0.375366,1.015869
-0.445068,-0.110107,0.772705
0.277222,-0.034912,1.051880
0.068481,-0.435059,0.808594
-0.302734,0.136841,0.914673
0.512695,-0.361816,1.019775
-0.433228,-0.131348,0.769531
0.249390,-0.012451,1.050171
0.085693,-0.439331,0.817139
-0.335938,0.137695,0.906250
0.527466,-0.347168,1.041260
-0.411377,-0.147095,0.772583
0.219238,0.011719,1.055176
0.124023,-0.447021,0.828857
-0.379395,0.139038,0.889282
0.531250,-0.336548,1.045410
-0.387451,-0.164673,0.775513
0.187866,0.042969,1.064575
0.165039,-0.456177,0.850220
-0.403198,0.125854,0.868652
0.541870,-0.330444,1.057129
-0.366333,-0.185791,0.772339
0.156494,0.071045,1.070435
0.204712,-0.466309,0.855957
-0.426880,0.104492,0.856201
0.544312,-0.314087,1.062012
-0.339355,-0.205322,0.777344
0.128662,0.090942,1.071289
0.242554,-0.467163,0.876343
-0.442749,0.080200,0.824829
0.534668,-0.309204,1.057617
-0.312378,-0.221069,0.789551
0.098145,0.117676,1.073730
0.280029,-0.456909,0.901367
-0.455200,0.072998,0.820923
0.524658,-0.291382,1.063110
-0.276978,-0.231567,0.807129
0.062256,0.125366,1.066650
0.311646,-0.454102,0.918823
-0.468628,0.070801,0.810547
0.515869,-0.258423,1.070679
-0.246216,-0.231812,0.819214
0.032104,0.152710,1.071655
0.343384,-0.441162,0.941650
-0.477417,0.086548,0.823120
0.504028,-0.237427,1.076050
-0.213623,-0.249023,0.824829
-0.010620,0.167358,1.064819
0.373291,-0.432373,0.966675
-0.474121,0.069702,0.830322
0.488037,-0.206665,1.089844
-0.162964,-0.261719,0.838135
-0.053589,0.176025,1.067627
0.407959,-0.422974,0.984741
-0.472900,0.050415,0.822510
0.473755,-0.169067,1.096802
-0.109131,-0.293091,0.849121
-0.083618,0.184326,1.057617
0.435303,-0.418579,0.997070
-0.460815,0.014404,0.813110
0.455444,-0.131104,1.108032
-0.050415,-0.327637,0.858643
-0.119873,0.177612,1.042969
0.465210,-0.400269,1.016602
-0.455200,-0.011597,0.814209
0.438721,-0.100708,1.117065
0.006592,-0.351074,0.867310
-0.159668,0.196167,1.041260
0.492432,-0.389038,1.030762
-0.442993,-0.037964,0.805908
0.403687,-0.059204,1.127197
0.050903,-0.380615,0.869507
-0.197388,0.188843,1.024780
0.503174,-0.360962,1.051270
-0.432861,-0.072266,0.798096
0.376953,-0.035767,1.125122
0.063599,-0.366577,0.883057
-0.243408,0.198120,1.012695
0.521973,-0.337036,1.071289
-0.413574,-0.105103,0.800537
0.336670,-0.002686,1.123901
0.089600,-0.368896,0.890869
-0.281250,0.193604,0.991089
0.549805,-0.312256,1.094727
-0.389038,-0.146729,0.792358
0.290405,0.027100,1.112671
0.151489,-0.389160,0.918823
-0.320801,0.174316,0.968628
0.563721,-0.306274,1.097290
-0.360962,-0.176758,0.793457
0.245850,0.053101,1.104248
0.211548,-0.408569,0.926025
-0.353516,0.147095,0.922485
0.563965,-0.282959,1.113403
-0.324829,-0.199951,0.805908
0.192017,0.088989,1.106689
0.265381,-0.432617,0.936646
-0.387207,0.107056,0.888794
0.563232,-0.276489,1.106445
-0.287231,-0.231201,0.816528
0.139893,0.117188,1.105713
0.315918,-0.437988,0.957275
-0.411865,0.079834,0.860229
0.553711,-0.232666,1.121216
-0.250732,-0.232666,0.833740
0.075073,0.140259,1.088501
0.355835,-0.424805,0.981079
-0.430054,0.093750,0.866333
0.545532,-0.197998,1.135254
-0.204346,-0.227661,0.847534
0.032104,0.170776,1.098633
0.399414,-0.413452,1.002441
-0.440063,0.057983,0.858276
0.524414,-0.161011,1.140259
-0.139160,-0.267090,0.856201
-0.035156,0.195923,1.086548
0.437378,-0.399902,1.019531
-0.440063,0.026611,0.851562
0.505005,-0.138672,1.147339
-0.067749,-0.291626,0.871704
-0.087524,0.196655,1.078491
0.467041,-0.384277,1.044556
-0.435425,-0.009399,0.848511
0.481689,-0.102295,1.163208
0.011475,-0.333130,0.895996
-0.146362,0.207153,1.061157
0.492554,-0.362427,1.058594
-0.426880,-0.038940,0.830811
0.449219,-0.066040,1.163940
0.040649,-0.350830,0.897339
-0.201782,0.211548,1.048340
0.513062,-0.314697,1.084351
-0.400024,-0.084595,0.819092
0.402710,-0.012817,1.169678
0.066284,-0.336060,0.906860
-0.259644,0.221191,1.032715
0.543091,-0.305664,1.102539
-0.377075,-0.127075,0.821167
0.349854,0.023926,1.151855
0.127563,-0.356079,0.925171
-0.307861,0.196533,0.993286
0.563477,-0.282715,1.125366
-0.343872,-0.172607,0.805664
0.280396,0.060059,1.147949
0.192383,-0.395630,0.935913
-0.333374,0.156982,0.944336
0.572266,-0.271973,1.121826
-0.320801,-0.206543,0.812012
0.217651,0.096680,1.137451
0.270630,-0.414551,0.958862
-0.379028,0.135132,0.909424
0.567383,-0.253174,1.125000
-0.279053,-0.230469,0.826050
0.153076,0.131592,1.130615
0.323730,-0.420776,0.979004
-0.416016,0.111938,0.885376
0.557739,-0.228027,1.131714
-0.239624,-0.254028,0.834595
0.085449,0.150635,1.120361
0.370972,-0.400024,0.998779
-0.428101,0.099731,0.879639
0.548706,-0.175293,1.144043
-0.178589,-0.267944,0.851074
0.007202,0.170776,1.103760
0.412109,-0.392334,1.026489
-0.429932,0.047119,0.868774
0.527588,-0.141724,1.152344
-0.096436,-0.305908,0.863159
-0.040527,0.184082,1.097168
0.447510,-0.374268,1.033081
-0.434937,0.019897,0.857910
0.501221,-0.111084,1.159302
-0.018677,-0.336914,0.877319
-0.113281,0.200806,1.077026
0.473022,-0.358643,1.055054
-0.429810,-0.019287,0.844360
0.470825,-0.073364,1.172119
-0.011963,-0.320801,0.879028
-0.182983,0.213867,1.065796
0.510376,-0.320068,1.088623
-0.413574,-0.063599,0.831177
0.417480,-0.025879,1.172119
0.030884,-0.345581,0.897705
-0.240845,0.208008,1.032593
0.545898,-0.298828,1.114624
-0.386353,-0.125977,0.814087
0.345215,0.021973,1.164917
0.109741,-0.364624,0.911865
-0.303223,0.177124,0.976807
0.564331,-0.282349,1.125244
-0.341187,-0.185669,0.819214
0.278442,0.072266,1.156372
0.182251,-0.373657,0.930298
-0.352539,0.134399,0.927124
0.570801,-0.260376,1.127686
-0.296265,-0.221191,0.826660
0.192139,0.109253,1.139526
0.263306,-0.397339,0.951538
-0.411621,0.132324,0.910156
0.566650,-0.237305,1.130005
-0.257202,-0.265137,0.827148
0.113525,0.128906,1.128418
0.328125,-0.381104,0.977173
-0.432373,0.093262,0.880859
0.544067,-0.189087,1.145264
-0.185791,-0.289795,0.845947
0.026489,0.146606,1.098389
0.370361,-0.369751,1.007080
-0.433105,0.047852,0.856445
0.525879,-0.141968,1.153320
-0.084595,-0.341553,0.859863
-0.058228,0.158813,1.075562
0.411011,-0.358643,1.022949
-0.442871,-0.000244,0.847534
0.503174,-0.079956,1.180664
-0.060303,-0.339722,0.844238
-0.144653,0.193481,1.059692
0.469482,-0.352173,1.053101
-0.439453,-0.031372,0.837280
0.442139,-0.035522,1.175537
-0.029907,-0.325684,0.858887
-0.208374,0.208374,1.041626
0.508057,-0.328857,1.085449
-0.424805,-0.098511,0.810547
0.378052,-0.004395,1.170654
0.046875,-0.319702,0.886230
-0.287476,0.208984,0.995850
0.533691,-0.308838,1.089844
-0.386841,-0.154785,0.804688
0.304199,0.031494,1.155640
0.116211,-0.366577,0.897461
-0.354614,0.166382,0.938477
0.552734,-0.289673,1.105347
-0.331177,-0.214233,0.804077
0.219360,0.069092,1.142944
0.191040,-0.395752,0.919922
-0.409058,0.136353,0.896973
0.556763,-0.254761,1.118896
-0.294312,-0.246460,0.812378
0.131836,0.102661,1.125244
0.277222,-0.403442,0.947754
-0.440796,0.102783,0.869263
0.540894,-0.214844,1.116821
-0.247681,-0.261963,0.818359
0.051270,0.120850,1.089722
0.331177,-0.380737,0.971069
-0.461304,0.056396,0.845947
0.518188,-0.175781,1.126587
-0.135132,-0.317871,0.831177
-0.026733,0.141357,1.076416
0.367188,-0.355591,0.988770
-0.463623,0.014771,0.830322
0.493164,-0.143066,1.129761
-0.109741,-0.337280,0.803711
-0.124634,0.177979,1.052124
0.423340,-0.341919,1.017822
-0.467529,-0.039551,0.815796
0.435547,-0.093140,1.141357
-0.074951,-0.333740,0.827393
-0.205200,0.196411,1.029663
0.464844,-0.323242,1.052490
-0.448730,-0.084229,0.797241
0.389404,-0.042114,1.151733
-0.031250,-0.325195,0.843262
-0.282104,0.188721,0.984375
0.501831,-0.310913,1.069214
-0.415894,-0.141968,0.783203
0.323120,0.009521,1.141602
0.034058,-0.339722,0.866333
-0.348755,0.176392,0.940186
0.519531,-0.307129,1.075439
-0.374634,-0.199707,0.777100
0.250610,0.041626,1.132690
0.114868,-0.381958,0.870850
-0.407227,0.168091,0.912354
0.523071,-0.292725,1.078613
-0.348877,-0.237915,0.788086
0.179077,0.065186,1.113647
0.178833,-0.395142,0.893433
-0.446289,0.140747,0.877319
0.522461,-0.263184,1.077759
-0.328613,-0.258423,0.776489
0.114258,0.074951,1.092285
0.231445,-0.392700,0.914795
-0.473022,0.110474,0.848633
0.515015,-0.229248,1.079834
-0.263428,-0.272339,0.800171
0.035889,0.103516,1.081909
0.276367,-0.384399,0.935059
-0.483032,0.079224,0.836182
0.493530,-0.201172,1.091675
-0.198120,-0.305054,0.798340
-0.019043,0.124878,1.059082
0.322876,-0.379639,0.946167
-0.504883,0.038208,0.815430
0.478149,-0.179810,1.097168
-0.171509,-0.307007,0.783203
-0.080566,0.141479,1.039307
0.353516,-0.372192,0.958618
-0.503906,0.015625,0.806274
0.450073,-0.141479,1.108032
-0.159424,-0.314819,0.776367
-0.148193,0.165405,1.030396
0.394897,-0.365967,0.981812
-0.512939,-0.010620,0.790894
0.417603,-0.114990,1.106079
-0.141724,-0.305420,0.793701
-0.212524,0.177490,1.012451
0.428955,-0.356812,1.006470
-0.513672,-0.044312,0.774902
0.373169,-0.074463,1.114502
-0.092773,-0.324219,0.796509
-0.273315,0.178101,0.976685
0.450928,-0.343506,1.017822
-0.493164,-0.076050,0.757324
0.334717,-0.043701,1.116089
-0.063477,-0.315552,0.810181
-0.331421,0.188110,0.945801
0.474976,-0.346191,1.028320
-0.466187,-0.136841,0.746094
0.279785,-0.005981,1.106079
-0.008423,-0.329712,0.832397
-0.383423,0.192627,0.922607
0.484863,-0.319946,1.038086
-0.438110,-0.183838,0.747559
0.216797,0.024292,1.095703
0.049194,-0.370728,0.841919
-0.428711,0.175171,0.898926
0.490601,-0.306030,1.043701
-0.421509,-0.194702,0.750488
0.160156,0.042480,1.076294
0.111084,-0.383667,0.862793
-0.475708,0.167725,0.868286
0.492798,-0.274902,1.050903
-0.392090,-0.241577,0.754517
0.090698,0.073120,1.065186
0.167725,-0.410400,0.867310
-0.497681,0.128662,0.843384
0.482544,-0.251953,1.051025
-0.312744,-0.240601,0.783325
0.025513,0.082397,1.040161
0.210815,-0.401001,0.871460
-0.510620,0.093140,0.817749
0.469727,-0.223877,1.054932
-0.270264,-0.276733,0.760132
-0.032227,0.105347,1.022461
0.267334,-0.406982,0.888306
-0.537354,0.066772,0.797119
0.457886,-0.197388,1.056396
-0.224854,-0.310181,0.751709
-0.108521,0.118530,1.011963
0.321289,-0.410400,0.915161
-0.553833,0.029419,0.777832
0.420532,-0.165771,1.067261
-0.196655,-0.307495,0.749146
-0.181885,0.149780,0.991943
0.363770,-0.403198,0.945435
-0.541626,0.003906,0.763794
0.385986,-0.118164,1.072144
-0.171753,-0.284912,0.767456
-0.263184,0.162354,0.965332
0.400146,-0.387451,0.967651
-0.536865,-0.047241,0.749023
0.329102,-0.075928,1.068604
-0.124390,-0.296753,0.789062
-0.331177,0.168579,0.925415
0.419312,-0.362183,0.981934
-0.512329,-0.112061,0.733765
0.274780,-0.036377,1.067993
-0.064453,-0.342896,0.785767
-0.404053,0.169312,0.890625
0.431396,-0.344116,0.993774
-0.482300,-0.145020,0.724854
0.212036,0.000732,1.058838
0.008911,-0.362671,0.809692
-0.464233,0.188965,0.870850
0.449219,-0.307739,1.015869
-0.454956,-0.200195,0.720825
0.133667,0.044922,1.049927
0.086304,-0.382324,0.834473
-0.520142,0.181274,0.846802
0.507324,-0.206055,1.097168
-0.387817,-0.248535,0.735840
-0.031250,0.109863,1.046143
0.158936,-0.397095,0.850952
-0.499390,0.049438,0.811768
0.479248,-0.159912,1.107422
-0.311523,-0.264160,0.751099
-0.121216,0.140503,1.029785
0.369385,-0.393311,0.962036
-0.506714,0.012695,0.796509
0.431641,-0.116577,1.108032
-0.135132,-0.313354,0.792847
-0.207642,0.174194,1.015991
0.410278,-0.354248,1.003540
-0.503662,-0.045532,0.769287
0.377930,-0.071167,1.109009
-0.083130,-0.314453,0.804810
-0.293579,0.171021,0.957886
0.453491,-0.339966,1.029907
-0.478760,-0.104126,0.759766
0.319092,-0.038696,1.104004
-0.023804,-0.338379,0.817383
-0.361450,0.170776,0.922119
0.468506,-0.318726,1.034424
-0.436035,-0.184814,0.740356
0.226929,0.014893,1.093262
0.062134,-0.353149,0.853271
-0.429321,0.162231,0.891479
0.485596,-0.286499,1.053101
-0.411865,-0.214355,0.750366
0.126221,0.049683,1.067871
0.147705,-0.385010,0.877319
-0.474365,0.117432,0.848877
0.484009,-0.251221,1.065552
-0.335449,-0.238770,0.779541
0.035645,0.068726,1.042969
0.226440,-0.391724,0.893555
-0.504883,0.090820,0.819214
0.475586,-0.210449,1.075928
-0.241089,-0.281738,0.776123
-0.058472,0.097046,1.010620
0.286743,-0.397949,0.912598
-0.522095,0.046509,0.783691
0.450684,-0.183350,1.074219
-0.188354,-0.291870,0.773071
-0.165283,0.160278,1.010010
0.348511,-0.387207,0.940186
-0.530518,-0.005981,0.769043
0.400269,-0.120972,1.088379
-0.140015,-0.312866,0.786499
-0.273926,0.191040,0.973145
0.396606,-0.365479,0.982056
-0.514160,-0.076050,0.739990
0.331787,-0.065186,1.088867
-0.082031,-0.340332,0.788696
-0.352417,0.174438,0.928589
0.434448,-0.325684,1.004517
-0.484985,-0.133789,0.723389
0.245605,0.000610,1.081787
0.000122,-0.373047,0.810425
-0.436157,0.171509,0.889282
0.451294,-0.300415,1.022461
-0.450562,-0.177856,0.723267
0.148926,0.049072,1.059204
0.107300,-0.375732,0.848633
-0.507812,0.156616,0.853027
0.471313,-0.286499,1.034912
-0.365601,-0.257446,0.742798
0.038574,0.085449,1.044678
0.187866,-0.392700,0.869019
-0.528320,0.102295,0.816284
0.462402,-0.239014,1.046753
-0.257812,-0.309692,0.751099
-0.075928,0.106201,1.004761
0.270630,-0.395386,0.893433
-0.546021,0.043701,0.780518
0.427246,-0.182251,1.062256
-0.210571,-0.304321,0.747192
-0.199097,0.142212,0.978882
0.345093,-0.382080,0.939697
-0.544800,-0.022705,0.754150
0.359497,-0.114990,1.069214
-0.146851,-0.323730,0.765869
-0.321899,0.181030,0.934570
0.400757,-0.362671,0.974609
-0.518555,-0.093384,0.722290
0.265747,-0.025146,1.061401
-0.064331,-0.333618,0.787109
-0.423096,0.194946,0.893066
0.437134,-0.325073,0.995972
-0.472168,-0.185669,0.722900
0.154541,0.045532,1.045166
0.054932,-0.368530,0.811890
-0.504028,0.179199,0.860596
0.459473,-0.289795,1.024536
-0.380737,-0.249146,0.742188
0.039551,0.073608,1.031372
0.158447,-0.400146,0.843384
-0.541138,0.134033,0.812256
0.447510,-0.244507,1.021240
-0.278198,-0.285645,0.749146
-0.064331,0.089844,0.997192
0.240479,-0.409180,0.875122
-0.562500,0.061646,0.766357
0.411133,-0.183350,1.034546
-0.214478,-0.286621,0.756226
-0.194092,0.137451,0.967407
0.322998,-0.407715,0.914917
-0.563843,0.004150,0.748657
0.353516,-0.099121,1.046387
-0.166504,-0.296875,0.751831
-0.292358,0.163940,0.938599
0.374268,-0.381470,0.940552
-0.546143,-0.059814,0.716187
0.273682,-0.043335,1.052979
-0.096558,-0.342163,0.769043
-0.408691,0.196167,0.898560
0.417358,-0.347656,0.977783
-0.498047,-0.131470,0.708130
0.172852,0.031616,1.042236
0.002808,-0.372803,0.792603
-0.499756,0.194580,0.854004
0.440186,-0.316406,0.992798
-0.438843,-0.193237,0.728516
0.083862,0.075928,1.036865
0.100952,-0.384766,0.821045
-0.553467,0.174194,0.824219
0.447266,-0.279785,1.004028
-0.331421,-0.252075,0.749634
-0.008545,0.095947,1.015869
0.189087,-0.402954,0.848389
-0.577271,0.129395,0.782227
0.415039,-0.218384,1.005737
-0.254395,-0.308228,0.726318
-0.121338,0.123657,0.980591
0.277466,-0.402344,0.882202
-0.587524,0.080566,0.758423
0.379272,-0.161011,1.022583
-0.197876,-0.328369,0.730103
-0.249146,0.140625,0.951172
0.353149,-0.393433,0.925415
-0.568970,-0.012329,0.734985
0.310669,-0.078491,1.030762
-0.147949,-0.323853,0.740967
-0.365356,0.179688,0.906372
0.401978,-0.359863,0.956787
-0.520508,-0.101562,0.708740
0.199585,0.006958,1.036499
-0.047974,-0.369019,0.768921
-0.483398,0.203857,0.864868
0.434082,-0.306519,0.987305
-0.460449,-0.172485,0.722412
0.080444,0.080688,1.029785
0.075684,-0.395752,0.808594
-0.552002,0.187988,0.822021
0.437256,-0.263306,0.998901
-0.334717,-0.251465,0.738892
-0.021729,0.110229,1.004028
0.186279,-0.405640,0.847656
-0.587402,0.130371,0.779907
0.418823,-0.211426,1.003296
-0.247681,-0.322876,0.716919
-0.151001,0.137451,0.975586
0.294067,-0.398682,0.898926
-0.590942,0.059448,0.749268
0.363525,-0.134644,1.018677
-0.181274,-0.318726,0.720825
-0.284302,0.158203,0.918823
0.370850,-0.387817,0.927246
-0.564331,-0.019775,0.717041
0.266602,-0.043091,1.026123
-0.102051,-0.345581,0.740234
-0.419678,0.203613,0.890137
0.419556,-0.343018,0.960083
-0.514771,-0.125854,0.702148
0.129395,0.045898,1.010376
0.018555,-0.363159,0.791748
-0.521729,0.210571,0.850830
0.439209,-0.276123,0.992310
-0.380737,-0.204834,0.747803
0.013062,0.100586,1.008179
0.146851,-0.392578,0.835571
-0.582153,0.160278,0.785156
0.416626,-0.220215,0.997681
-0.252075,-0.292603,0.734131
-0.118774,0.130493,0.976074
0.267090,-0.387573,0.880127
-0.592896,0.096313,0.759644
0.375488,-0.146484,1.003906
-0.176758,-0.333130,0.719604
-0.261108,0.154785,0.920044
0.357422,-0.378662,0.921387
-0.567749,0.011963,0.736938
0.275757,-0.043091,1.018066
-0.119141,-0.355103,0.724731
-0.395508,0.200684,0.887695
0.416016,-0.343262,0.957397
-0.523315,-0.096924,0.707886
0.152222,0.042480,1.015747
-0.002686,-0.370117,0.779663
-0.514648,0.227661,0.861938
0.430664,-0.281372,0.979980
-0.396484,-0.182251,0.750366
0.037720,0.100952,1.012329
0.130981,-0.383911,0.827026
-0.587646,0.177368,0.790039
0.427612,-0.221069,0.992920
-0.260010,-0.284180,0.739014
-0.100098,0.145508,0.980469
0.261353,-0.384033,0.880859
-0.602051,0.103271,0.759277
0.376953,-0.143921,1.008667
-0.181885,-0.336670,0.714966
-0.242432,0.167236,0.932617
0.358398,-0.372559,0.917114
-0.565796,0.008179,0.740112
0.273682,-0.038818,1.011230
-0.111694,-0.352295,0.737061
-0.396362,0.199829,0.879639
0.412109,-0.326660,0.961060
-0.515625,-0.111084,0.703369
0.142212,0.063599,1.011719
0.012085,-0.360229,0.787231
-0.521973,0.239990,0.862671
0.440796,-0.267700,0.988037
-0.370361,-0.204956,0.746094
0.019653,0.103882,1.002808
0.152100,-0.379883,0.840332
-0.581421,0.179321,0.800049
0.424561,-0.202881,1.002563
-0.235962,-0.301270,0.735962
-0.119019,0.148193,0.975830
0.281494,-0.377197,0.888794
-0.598022,0.104614,0.752075
0.371094,-0.128418,1.006104
-0.153198,-0.339844,0.715576
-0.269043,0.166504,0.910034
0.371704,-0.363525,0.917725
-0.552856,0.007812,0.725952
0.266968,-0.020752,1.011597
-0.087036,-0.354980,0.746216
-0.419189,0.204346,0.875244
0.426880,-0.314575,0.962036
-0.493164,-0.114136,0.722412
0.122681,0.070068,1.016724
0.045654,-0.363525,0.807251
-0.532959,0.227661,0.846191
0.435669,-0.241211,0.996338
-0.358643,-0.217163,0.734375
0.004517,0.133911,1.013550
0.192627,-0.385376,0.858398
-0.597900,0.179443,0.793213
0.427002,-0.184204,1.003906
-0.210938,-0.292969,0.740356
-0.142212,0.161377,0.962158
0.304810,-0.367554,0.900757
-0.582764,0.091919,0.756958
0.358521,-0.097778,1.007446
-0.137573,-0.349243,0.706543
-0.297485,0.177124,0.904297
0.382812,-0.356079,0.927612
-0.545044,-0.027710,0.720581
0.234009,0.003052,1.005371
-0.045532,-0.370728,0.750244
-0.441040,0.211548,0.871338
0.425781,-0.289673,0.970947
-0.463867,-0.127686,0.733032
0.105103,0.084839,1.011841
0.081909,-0.363403,0.822998
-0.557983,0.214111,0.824707
0.439331,-0.232910,0.998901
-0.312866,-0.237183,0.733276
-0.014648,0.139526,0.994141
0.222534,-0.369385,0.869507
-0.604126,0.175171,0.783813
0.412720,-0.170654,1.003052
-0.183228,-0.334106,0.729004
-0.158691,0.169189,0.958862
0.327759,-0.370972,0.898926
-0.582031,0.091553,0.759644
0.350098,-0.084473,1.010010
-0.107178,-0.368164,0.718384
-0.319458,0.180908,0.894531
0.399902,-0.334717,0.936890
-0.531738,-0.028809,0.719360
0.217529,0.009033,1.004028
-0.023438,-0.383667,0.763916
-0.452515,0.202515,0.842407
0.429688,-0.273071,0.967896
-0.441895,-0.137817,0.738281
0.089722,0.102051,1.021606
0.097168,-0.374390,0.814819
-0.549805,0.199585,0.812744
0.437988,-0.219238,0.990601
-0.300293,-0.246582,0.740234
-0.031494,0.150024,0.995117
0.234985,-0.372559,0.874268
-0.590576,0.157715,0.777100
0.422119,-0.164673,1.008301
-0.168823,-0.309326,0.747803
-0.164185,0.169067,0.942749
0.335327,-0.359497,0.903198
-0.570068,0.085327,0.758301
0.349976,-0.077637,1.011230
-0.087402,-0.372925,0.730713
-0.309204,0.181519,0.882812
0.395508,-0.335693,0.934326
-0.523071,-0.035400,0.733643
0.234253,0.008301,0.997803
-0.029663,-0.369751,0.756958
-0.426758,0.187500,0.851929
0.430786,-0.286255,0.965332
-0.453369,-0.120850,0.748535
0.116211,0.092407,1.021484
0.074463,-0.379395,0.804443
-0.535889,0.198730,0.812500
0.442993,-0.239868,0.992554
-0.333984,-0.210205,0.749268
0.003052,0.149170,1.014526
0.208496,-0.383179,0.860352
-0.592407,0.168457,0.784912
0.429932,-0.184692,1.005615
-0.196411,-0.302368,0.745972
-0.121704,0.175293,0.972412
0.305908,-0.373047,0.894897
-0.582275,0.117798,0.764771
0.388916,-0.121582,1.013550
-0.109741,-0.357056,0.744385
-0.245728,0.168701,0.899780
0.380493,-0.339966,0.925293
-0.544556,0.022827,0.742554
0.294800,-0.030151,1.004639
-0.046143,-0.384277,0.735229
-0.355591,0.166260,0.854370
0.420532,-0.312988,0.949341
-0.498535,-0.077393,0.732300
0.189331,0.053833,1.020020
0.027466,-0.377441,0.774414
-0.462891,0.188965,0.828247
0.444702,-0.284180,0.974121
-0.421631,-0.158081,0.744141
0.087769,0.102783,1.022827
0.121216,-0.385132,0.810547
-0.553955,0.188599,0.801514
0.453979,-0.236084,0.995239
-0.301514,-0.212402,0.761230
-0.018555,0.149536,1.000488
0.228516,-0.383057,0.861816
-0.587036,0.154785,0.784424
0.442627,-0.182861,1.008911
-0.182861,-0.284912,0.765869
-0.137207,0.177856,0.955566
0.317261,-0.390259,0.901367
-0.567017,0.117676,0.773193
0.397827,-0.126709,1.008911
-0.102539,-0.357666,0.749512
-0.245239,0.177124,0.901367
0.388550,-0.346069,0.929199
-0.531128,0.015137,0.747437
0.306274,-0.033203,1.006470
-0.033447,-0.386963,0.740601
-0.338379,0.146851,0.851440
0.411743,-0.326416,0.935425
-0.504272,-0.080444,0.723633
0.208374,0.021240,1.017700
0.034668,-0.396606,0.764282
-0.445435,0.173706,0.821777
0.431641,-0.287964,0.965210
-0.433838,-0.135864,0.743774
0.117432,0.092529,1.027344
0.104980,-0.395264,0.809082
-0.535522,0.189453,0.799194
0.455688,-0.256836,0.987671
-0.337646,-0.207031,0.746338
0.002930,0.156250,1.023926
0.213013,-0.395874,0.850586
-0.572754,0.167236,0.785645
0.450684,-0.211426,0.998901
-0.214966,-0.285522,0.753784
-0.102417,0.170776,0.976074
0.308105,-0.388062,0.892212
-0.574097,0.121582,0.772705
0.403198,-0.144165,1.007080
-0.109497,-0.334473,0.765625
-0.206299,0.152100,0.907593
0.367920,-0.363647,0.909668
-0.544678,0.044434,0.757690
0.339600,-0.069336,1.008301
-0.042603,-0.375977,0.750977
-0.315308,0.140869,0.850952
0.415649,-0.339600,0.940674
-0.506714,-0.066406,0.731323
0.239868,-0.000488,1.000244
0.024048,-0.401001,0.759277
-0.417114,0.153320,0.815186
0.433105,-0.292969,0.968384
-0.446167,-0.151123,0.735962
0.136597,0.067383,1.021973
0.089600,-0.403076,0.798584
-0.503296,0.173218,0.795532
0.453491,-0.267334,0.981567
-0.368164,-0.211060,0.737305
0.033081,0.128296,1.016724
0.189819,-0.420044,0.841797
-0.562622,0.157104,0.768921
0.450806,-0.213623,0.997559
-0.243896,-0.219116,0.770264
-0.072388,0.157593,0.988525
0.289062,-0.425171,0.874146
-0.572510,0.120972,0.773926
0.429199,-0.157593,1.015625
-0.136841,-0.300171,0.777222
-0.180664,0.171997,0.941406
0.353394,-0.390991,0.913452
-0.541748,0.045654,0.763794
0.357910,-0.089111,1.007568
-0.051392,-0.366089,0.767700
-0.285278,0.155762,0.871704
0.410034,-0.363647,0.939575
-0.520752,-0.060303,0.729858
0.260254,-0.020996,1.004517
0.015625,-0.409180,0.755859
-0.385132,0.152466,0.828003
0.443237,-0.342407,0.954102
-0.486694,-0.105957,0.738403
0.173706,0.037720,1.022949
0.070557,-0.417847,0.780884
-0.476318,0.167236,0.804565
0.471313,-0.305542,0.975952
-0.402100,-0.161255,0.747070
0.065186,0.094727,1.013916
0.168457,-0.419922,0.820312
-0.542847,0.146484,0.776978
0.462158,-0.257080,0.985474
-0.289673,-0.193848,0.778198
-0.032471,0.139038,1.002197
0.257812,-0.416626,0.865479
-0.569092,0.098389,0.759155
0.439209,-0.205200,1.004028
-0.161621,-0.271362,0.800415
-0.139282,0.156250,0.948608
0.327026,-0.389771,0.906006
-0.555786,0.055176,0.757080
0.393555,-0.124023,1.014526
-0.058228,-0.362305,0.773926
-0.244141,0.145752,0.888428
0.387085,-0.374634,0.931641
-0.516602,-0.038208,0.737671
0.299194,-0.043213,1.007568
0.005371,-0.407959,0.764648
-0.345703,0.140625,0.842285
0.434814,-0.362183,0.946289
-0.487915,-0.087891,0.739990
0.204102,0.020142,1.011963
0.061890,-0.437134,0.757690
-0.429077,0.152222,0.811523
0.463745,-0.313965,0.983398
-0.431396,-0.164185,0.738159
0.108765,0.081665,1.023315
0.135132,-0.435303,0.802124
-0.512207,0.144897,0.779175
0.463867,-0.288818,0.983032
-0.341187,-0.200317,0.755981
0.005859,0.135742,1.015503
0.233276,-0.443726,0.845825
-0.552979,0.097900,0.751465
0.458374,-0.258911,0.983398
-0.229980,-0.226685,0.788940
-0.093506,0.151978,0.978149
0.301758,-0.413208,0.893066
-0.551270,0.055542,0.762329
0.414307,-0.172119,1.019653
-0.108887,-0.320801,0.789673
-0.187866,0.157959,0.934204
0.362671,-0.384644,0.923584
-0.538086,0.006714,0.750122
0.351562,-0.099121,1.020386
-0.023193,-0.419312,0.771118
-0.287964,0.168091,0.886353
0.419800,-0.367554,0.940674
-0.500732,-0.079712,0.739624
0.256592,-0.022583,1.012329
0.038208,-0.445190,0.767822
-0.374878,0.148926,0.853394
0.456177,-0.344849,0.967896
-0.465820,-0.113770,0.742310
0.165894,0.028564,1.013550
0.089233,-0.437012,0.780151
-0.457397,0.127930,0.797607
0.471436,-0.321533,0.978394
-0.399780,-0.163086,0.745483
0.072266,0.095337,1.015869
0.174805,-0.436646,0.824219
-0.509277,0.093140,0.764038
0.475952,-0.289673,0.992065
-0.315552,-0.210327,0.775757
-0.025879,0.128418,0.998291
0.264160,-0.435791,0.873535
-0.541260,0.061401,0.750244
0.438599,-0.222290,1.015015
-0.183716,-0.256958,0.796143
-0.117432,0.148682,0.968018
0.328003,-0.424194,0.900879
-0.546509,0.063232,0.775269
0.397705,-0.145508,1.022705
-0.070068,-0.335938,0.805664
-0.210083,0.148193,0.934448
0.387207,-0.406250,0.928589
-0.522095,-0.020386,0.747559
0.325684,-0.078857,1.018188
0.011719,-0.410278,0.780396
-0.303345,0.136597,0.876221
0.438354,-0.387085,0.954590
-0.488159,-0.109253,0.734253
0.243530,-0.011353,1.019409
0.055420,-0.434937,0.765381
-0.395630,0.138550,0.837158
0.468994,-0.359619,0.973022
-0.444458,-0.155029,0.743652
0.147095,0.039551,1.017334
0.110962,-0.431519,0.799438
-0.469238,0.128540,0.795166
0.481934,-0.314575,0.989258
-0.373413,-0.203369,0.758057
0.049927,0.092163,1.011597
0.204102,-0.452271,0.839111
-0.520142,0.083984,0.753174
0.471436,-0.262939,1.011353
-0.273926,-0.202026,0.801025
-0.049561,0.136719,1.004272
0.286377,-0.462769,0.874023
-0.542480,0.073486,0.756470
0.442749,-0.211060,1.016724
-0.168579,-0.245117,0.806519
-0.129272,0.154175,0.978394
0.345459,-0.442749,0.909912
-0.535645,0.042725,0.766724
0.399536,-0.142456,1.034912
-0.063477,-0.330933,0.804688
-0.216553,0.153931,0.943359
0.406860,-0.428467,0.934448
-0.511597,-0.042358,0.753906
0.331787,-0.092896,1.015015
0.010620,-0.387085,0.792725
-0.291626,0.134521,0.890991
0.449219,-0.387329,0.963623
-0.483154,-0.101196,0.749023
0.245605,-0.025513,1.018799
0.068726,-0.428833,0.781250
-0.367310,0.114746,0.843506
0.476562,-0.353149,0.987183
-0.446655,-0.147461,0.743774
0.165649,0.022095,1.017944
0.108154,-0.442261,0.801880
-0.437988,0.102661,0.814331
0.487793,-0.317505,1.004395
-0.391846,-0.182007,0.753052
0.077393,0.085205,1.023560
0.203979,-0.475830,0.832153
-0.490479,0.083740,0.775757
0.491089,-0.290649,1.011963
-0.309326,-0.214233,0.783691
-0.008545,0.117310,1.008423
0.274414,-0.458374,0.876953
-0.521240,0.054077,0.755981
0.456055,-0.235352,1.026245
-0.205933,-0.259644,0.801636
-0.092041,0.156494,1.002441
0.337769,-0.436523,0.916260
-0.531128,0.046997,0.765259
0.421143,-0.164917,1.032227
-0.099121,-0.312500,0.807373
-0.171509,0.163452,0.972900
0.391235,-0.426147,0.938232
-0.506470,-0.011475,0.755615
0.362305,-0.109619,1.029785
-0.007080,-0.383301,0.808350
-0.251587,0.152710,0.930420
0.443115,-0.416748,0.960693
-0.484497,-0.075806,0.751587
0.297485,-0.064331,1.032959
0.048218,-0.432373,0.797241
-0.320679,0.134766,0.883911
0.478760,-0.377930,0.987549
-0.458008,-0.108643,0.764771
0.226196,-0.021240,1.024780
0.083252,-0.430420,0.799683
-0.388916,0.118042,0.845581
0.498901,-0.340332,0.999634
-0.410034,-0.143311,0.770996
0.143433,0.041016,1.030151
0.156982,-0.452759,0.835083
-0.447510,0.094360,0.799683
0.505981,-0.308350,1.021240
-0.342407,-0.191284,0.781006
0.048950,0.104126,1.029175
0.249023,-0.470093,0.856567
-0.485840,0.053955,0.773682
0.484985,-0.275391,1.024658
-0.268066,-0.209473,0.800049
-0.033447,0.144165,1.018799
0.314819,-0.464844,0.901733
-0.512329,0.038940,0.763916
0.450317,-0.205688,1.048096
-0.174316,-0.263306,0.807861
-0.108276,0.174683,1.010864
0.371826,-0.459717,0.927734
-0.512207,0.027344,0.786377
0.417358,-0.161011,1.044922
-0.079224,-0.325806,0.824463
-0.186646,0.172119,0.976074
0.416382,-0.420166,0.963989
-0.482910,-0.038940,0.774536
0.363770,-0.103027,1.049683
0.007935,-0.398193,0.817627
-0.250488,0.168823,0.936035
0.460815,-0.386963,0.988403
-0.460205,-0.107544,0.758423
0.301392,-0.056396,1.050659
0.063599,-0.433105,0.809204
-0.316162,0.142212,0.902832
0.489258,-0.364380,1.004883
-0.426758,-0.134888,0.775146
0.233032,-0.015625,1.039429
0.103271,-0.434937,0.823364
-0.379150,0.132202,0.865112
0.506592,-0.326294,1.026489
-0.385132,-0.181152,0.770508
0.152222,0.036621,1.043091
0.182373,-0.458740,0.850098
-0.433960,0.099854,0.822754
0.507690,-0.298950,1.028931
-0.337402,-0.218994,0.768311
0.064819,0.100464,1.045288
0.262085,-0.480225,0.886108
-0.477661,0.067383,0.786865
0.488159,-0.255981,1.038086
-0.264404,-0.234253,0.789307
-0.013916,0.140747,1.040283
0.334595,-0.469482,0.920410
-0.506592,0.061646,0.788818
0.461060,-0.205566,1.050415
-0.171875,-0.279907,0.803101
-0.090942,0.176880,1.026367
0.393066,-0.442871,0.957397
-0.499634,0.031738,0.799561
0.427490,-0.137573,1.061523
-0.077148,-0.333374,0.818726
-0.167480,0.181152,1.001099
0.439453,-0.423706,0.983643
-0.477661,-0.050781,0.778442
0.372070,-0.091553,1.067749
0.027832,-0.402100,0.822998
-0.245117,0.170166,0.959229
0.481445,-0.389526,1.005615
-0.449341,-0.104736,0.773193
0.309204,-0.049316,1.059814
0.076782,-0.421387,0.823853
-0.308105,0.150269,0.920044
0.505859,-0.345825,1.033569
-0.410767,-0.159180,0.772827
0.229492,0.004395,1.059814
0.125610,-0.423706,0.835938
-0.372803,0.150513,0.891724
0.526367,-0.317017,1.054199
-0.367554,-0.187988,0.776489
0.141479,0.063232,1.051880
0.220215,-0.453979,0.876343
-0.423096,0.085693,0.827515
0.525757,-0.288696,1.051514
-0.303467,-0.212769,0.790771
0.056885,0.110107,1.051636
0.300537,-0.470215,0.905762
-0.470215,0.051880,0.804443
0.505127,-0.225830,1.064941
-0.225220,-0.229858,0.815796
-0.026367,0.166870,1.046143
0.364624,-0.465942,0.935791
-0.515015,-0.019653,0.765381
0.364014,-0.125610,1.019897
-0.140747,-0.255127,0.837646
-0.252197,0.151001,0.915527
0.430420,-0.398193,0.955933
-0.490356,-0.090210,0.759277
0.305054,-0.072510,1.030151
0.048340,-0.417603,0.805542
-0.328857,0.133667,0.869019
0.452148,-0.354370,0.977295
-0.444702,-0.147461,0.754761
0.226440,-0.024780,1.033203
0.098877,-0.448242,0.804199
-0.397339,0.130859,0.837402
0.475464,-0.326904,1.002197
-0.404785,-0.183716,0.753662
0.143555,0.031494,1.028564
0.154541,-0.457397,0.824707
-0.450317,0.114990,0.804565
0.488037,-0.297852,1.011230
-0.355225,-0.211304,0.755127
0.049805,0.092407,1.025513
0.244507,-0.489502,0.849609
-0.490601,0.059570,0.767090
0.470947,-0.258667,1.022095
-0.283691,-0.211182,0.777344
-0.032227,0.139893,1.019165
0.312622,-0.485596,0.891479
-0.511719,0.058594,0.774414
0.439575,-0.206543,1.024170
-0.195435,-0.258179,0.795898
-0.109863,0.160522,0.998291
0.368164,-0.451660,0.931152
-0.516602,0.024414,0.776733
0.407227,-0.144531,1.044312
-0.090820,-0.319580,0.803223
-0.178955,0.162476,0.968018
0.416626,-0.426270,0.952393
-0.494141,-0.044922,0.771362
0.352173,-0.090820,1.044800
0.011963,-0.393433,0.817017
-0.264893,0.160522,0.929688
0.457520,-0.381958,0.981567
-0.461426,-0.118652,0.768921
0.279541,-0.051147,1.037476
0.078247,-0.435181,0.809326
-0.329102,0.137329,0.886719
0.476196,-0.341309,1.005249
-0.427246,-0.159302,0.757568
0.202393,-0.004150,1.032104
0.117432,-0.441772,0.824463
-0.399170,0.135498,0.851562
0.499146,-0.310791,1.021973
-0.390869,-0.195068,0.752197
0.108887,0.058105,1.033203
0.211304,-0.488159,0.838013
-0.450439,0.085938,0.802734
0.510132,-0.288452,1.025269
-0.314331,-0.193237,0.789185
0.012573,0.112793,1.027222
0.291138,-0.494507,0.871826
-0.488647,0.048950,0.775757
0.476685,-0.237305,1.035156
-0.224365,-0.220215,0.812744
-0.071411,0.151245,1.009155
0.357910,-0.461426,0.923584
-0.499634,0.026245,0.786011
0.437500,-0.158691,1.052246
-0.121460,-0.289185,0.821777
-0.146362,0.166382,0.990723
0.405640,-0.424072,0.960205
-0.489014,-0.031006,0.776611
0.388428,-0.113159,1.058105
-0.007324,-0.371582,0.818115
-0.234131,0.169189,0.965576
0.452881,-0.386230,0.989380
-0.458496,-0.107910,0.753174
0.310913,-0.064941,1.055786
0.074585,-0.412476,0.829468
-0.313110,0.165649,0.915283
0.489014,-0.347046,1.017700
-0.420044,-0.152344,0.768677
0.222290,-0.001465,1.050659
0.122437,-0.432861,0.837036
-0.390137,0.131348,0.871094
0.505859,-0.298584,1.037842
-0.359741,-0.183838,0.779297
0.115601,0.067749,1.047729
0.233154,-0.465820,0.862305
-0.448730,0.061279,0.802856
0.505859,-0.267822,1.041016
-0.278564,-0.218506,0.800781
0.012085,0.110596,1.029297
0.315063,-0.461548,0.911865
-0.481812,0.031372,0.782104
0.472412,-0.199341,1.054688
-0.179199,-0.245483,0.820679
-0.088989,0.166016,1.019897
0.385864,-0.445312,0.950073
-0.485229,0.005127,0.787964
0.428223,-0.132690,1.068237
-0.063110,-0.309570,0.837158
-0.189575,0.180176,0.999512
0.445923,-0.416504,0.981445
-0.463623,-0.074097,0.778320
0.352051,-0.073608,1.063721
0.057129,-0.395386,0.847900
-0.271851,0.164429,0.956299
0.479736,-0.359009,1.014893
-0.413940,-0.147583,0.784058
0.254028,-0.006226,1.064697
0.108398,-0.397095,0.854736
-0.361084,0.139648,0.894897
0.515869,-0.293579,1.057129
-0.357300,-0.212158,0.779175
0.139404,0.070801,1.052979
0.226318,-0.449097,0.885010
-0.424438,0.077637,0.824097
0.511963,-0.247559,1.066284
-0.274048,-0.241089,0.792480
0.026978,0.124512,1.044434
0.326294,-0.450806,0.924438
-0.469727,0.046021,0.794800
0.478760,-0.193970,1.080444
-0.158936,-0.265381,0.833740
-0.087158,0.177490,1.035767
0.398438,-0.429199,0.965820
-0.479980,0.005005,0.792480
0.433105,-0.123413,1.087769
-0.030518,-0.336182,0.857300
-0.187134,0.176392,1.012329
0.460449,-0.397705,0.998535
-0.453369,-0.072388,0.776367
0.348145,-0.061646,1.069092
0.080444,-0.410278,0.856934
-0.282471,0.171875,0.966431
0.500122,-0.337769,1.035278
-0.398438,-0.166016,0.776733
0.244629,0.018677,1.080200
0.142822,-0.402466,0.869995
-0.367554,0.146362,0.904907
0.531250,-0.282715,1.078979
-0.331177,-0.229492,0.777954
0.113647,0.097168,1.055908
0.270264,-0.456177,0.900513
-0.432251,0.065063,0.819336
0.525513,-0.233398,1.076294
-0.242188,-0.235474,0.812866
0.001587,0.138672,1.041626
0.359253,-0.449829,0.946411
-0.464111,0.056519,0.811279
0.478271,-0.164917,1.094116
-0.132812,-0.271606,0.844604
-0.101318,0.175781,1.038818
0.432861,-0.412476,0.993164
-0.468994,-0.010986,0.803345
0.419312,-0.094971,1.098633
0.019165,-0.369019,0.861450
-0.198975,0.191772,1.021484
0.491577,-0.365112,1.033691
-0.432983,-0.100342,0.782471
0.324585,-0.022461,1.092041
0.092896,-0.394653,0.865112
-0.293457,0.177612,0.967896
0.522949,-0.306152,1.073730
-0.381714,-0.163574,0.788086
0.219116,0.055786,1.088013
0.192139,-0.428833,0.884888
-0.364380,0.120972,0.892578
0.547729,-0.263916,1.088501
-0.307617,-0.216309,0.804688
0.101685,0.108643,1.065063
0.290649,-0.449585,0.925537
-0.432861,0.066528,0.831177
0.526123,-0.218628,1.090576
-0.208252,-0.228394,0.829956
-0.013428,0.160522,1.061768
0.384888,-0.441406,0.971436
-0.465454,0.040283,0.822266
0.479736,-0.145874,1.113892
-0.091064,-0.278809,0.867798
-0.114014,0.200928,1.050781
0.451050,-0.415894,1.005859
-0.455322,-0.030151,0.810425
0.425049,-0.087158,1.123169
0.040527,-0.366455,0.880005
-0.207764,0.203125,1.018433
0.501587,-0.364380,1.041748
-0.419678,-0.105469,0.796997
0.340454,-0.022705,1.114624
0.091064,-0.368530,0.878784
-0.294922,0.187500,0.970337
0.542358,-0.301270,1.089478
-0.377808,-0.176147,0.794678
0.230835,0.050659,1.098999
0.203003,-0.422729,0.903809
-0.364502,0.118896,0.893555
0.548706,-0.260620,1.105103
-0.302368,-0.214966,0.810059
0.119751,0.108398,1.084106
0.308594,-0.451416,0.937378
-0.427124,0.078613,0.836792
0.535034,-0.196045,1.116211
-0.209839,-0.233643,0.839478
0.012329,0.165405,1.075317
0.379150,-0.431030,0.977295
-0.453491,0.047485,0.841797
0.503662,-0.148560,1.123413
-0.102173,-0.268555,0.869995
-0.092041,0.198608,1.066528
0.442749,-0.403442,1.018066
-0.452759,-0.012695,0.822754
0.446411,-0.093994,1.134399
0.029297,-0.353882,0.881592
-0.179077,0.202148,1.039185
0.497803,-0.369507,1.050171
-0.424316,-0.089844,0.807495
0.371582,-0.032715,1.126587
0.078979,-0.364746,0.888672
-0.265381,0.203735,1.007080
0.538696,-0.316284,1.086060
-0.386597,-0.151978,0.802734
0.290039,0.023193,1.121094
0.169556,-0.399414,0.910156
-0.334351,0.161987,0.948853
0.558838,-0.268799,1.111206
-0.322144,-0.216919,0.802979
0.175903,0.087524,1.091187
0.265747,-0.434570,0.937866
-0.380249,0.088501,0.864380
0.558350,-0.228271,1.117554
-0.248291,-0.232422,0.838867
0.077026,0.126831,1.086914
0.350220,-0.434448,0.973389
-0.432251,0.066040,0.841553
0.529053,-0.177734,1.130493
-0.169067,-0.244751,0.855835
-0.016357,0.187134,1.087402
0.408813,-0.413330,1.006836
-0.448975,0.030884,0.834961
0.498291,-0.127197,1.143433
-0.048218,-0.291016,0.885742
-0.114746,0.226562,1.079956
0.465576,-0.388184,1.030151
-0.443604,-0.021973,0.823242
0.446411,-0.070679,1.144409
0.050049,-0.354614,0.889282
-0.192261,0.225830,1.049927
0.510254,-0.343506,1.064331
-0.415039,-0.092529,0.809082
0.379272,-0.018433,1.143921
0.084106,-0.351074,0.894287
-0.271484,0.224243,1.021118
0.557251,-0.290405,1.116577
-0.369263,-0.164429,0.804565
0.282349,0.036987,1.122070
0.178955,-0.395630,0.919922
-0.329956,0.155762,0.950806
0.575562,-0.262573,1.128418
-0.309814,-0.218018,0.813110
0.172485,0.097656,1.112183
0.281372,-0.432983,0.943237
-0.383057,0.086060,0.880371
0.559692,-0.223633,1.130493
-0.238159,-0.244751,0.835938
0.067505,0.143799,1.088989
0.356812,-0.427856,0.976685
-0.433960,0.075684,0.862183
0.545776,-0.163574,1.142944
-0.154297,-0.260010,0.856812
-0.033569,0.199219,1.089600
0.421753,-0.417480,1.014160
-0.437622,0.018188,0.843750
0.500488,-0.110962,1.150024
-0.034180,-0.304932,0.891479
-0.108276,0.218018,1.081177
0.470581,-0.380493,1.041504
-0.429810,-0.032349,0.839355
0.451660,-0.065674,1.156372
0.036865,-0.333374,0.886597
-0.184937,0.209839,1.051758
0.521240,-0.341431,1.079102
-0.413330,-0.090332,0.820190
0.383545,-0.015869,1.147095
0.086914,-0.337646,0.916870
-0.267456,0.192139,1.010010
0.551636,-0.285400,1.117310
-0.368530,-0.165039,0.813477
0.294189,0.043579,1.141235
0.182251,-0.372925,0.938599
-0.332764,0.136719,0.936401
0.572021,-0.250000,1.142090
-0.302002,-0.224121,0.824829
0.190918,0.098389,1.125366
0.274414,-0.425903,0.948364
-0.390747,0.112061,0.878906
0.572510,-0.216309,1.144043
-0.239746,-0.258545,0.832642
0.089355,0.151245,1.116211
0.360352,-0.423340,0.989380
-0.432861,0.089600,0.869141
0.541626,-0.177856,1.151123
-0.159302,-0.270996,0.857788
-0.004517,0.196045,1.113770
0.423950,-0.408936,1.012207
-0.445068,0.047607,0.861206
0.518066,-0.121338,1.155762
-0.044800,-0.310547,0.885132
-0.089966,0.214844,1.093140
0.465942,-0.382568,1.040039
-0.442139,0.005493,0.846436
0.470215,-0.078369,1.165527
0.019409,-0.339722,0.885132
-0.163940,0.222290,1.074707
0.509277,-0.341064,1.076538
-0.421997,-0.049072,0.834229
0.411743,-0.028809,1.165039
0.058350,-0.355469,0.892578
-0.243896,0.207520,1.029663
0.552490,-0.290894,1.120605
-0.386353,-0.124512,0.813721
0.326538,0.028198,1.157104
0.145874,-0.379272,0.921021
-0.306519,0.161255,0.965210
0.579346,-0.266968,1.129883
-0.327881,-0.177124,0.835083
0.238159,0.082275,1.139771
0.232056,-0.406250,0.941162
-0.365356,0.117798,0.905518
0.577148,-0.250732,1.130127
-0.266113,-0.215210,0.847290
0.146729,0.127075,1.121216
0.313354,-0.406738,0.972900
-0.410767,0.088745,0.879517
0.559692,-0.203979,1.145874
-0.200684,-0.236572,0.867676
0.050415,0.163452,1.114624
0.383057,-0.385742,1.010986
-0.439453,0.053467,0.855225
0.531738,-0.148193,1.154541
-0.101562,-0.278809,0.877686
-0.039551,0.193237,1.097656
0.431396,-0.371216,1.032349
-0.445312,0.006958,0.847412
0.494751,-0.098633,1.166992
-0.020874,-0.331787,0.879028
-0.106934,0.199951,1.084961
0.477051,-0.348389,1.060181
-0.445068,-0.020996,0.831055
0.447144,-0.053345,1.174561
0.011353,-0.342529,0.884033
-0.182983,0.219849,1.068359
0.519409,-0.322021,1.101318
-0.421997,-0.083130,0.809326
0.387207,-0.001343,1.175537
0.070190,-0.364990,0.892456
-0.256592,0.201050,1.024048
0.564819,-0.306396,1.126343
-0.384766,-0.141113,0.809204
0.307373,0.046021,1.156982
0.151978,-0.385498,0.911987
-0.318115,0.154907,0.957153
0.585083,-0.286133,1.133911
-0.322388,-0.191772,0.825195
0.228882,0.078979,1.139648
0.225708,-0.395386,0.942139
-0.373779,0.125977,0.906860
0.583252,-0.250977,1.136108
-0.274414,-0.222656,0.849731
0.136230,0.108765,1.118652
0.295166,-0.392334,0.962646
-0.419312,0.099609,0.885010
0.566650,-0.213623,1.146973
-0.203003,-0.255127,0.854736
0.051636,0.147827,1.110596
0.361206,-0.385498,0.992065
-0.435791,0.061768,0.862305
0.536255,-0.161987,1.141968
-0.112427,-0.289307,0.881470
-0.027832,0.171265,1.099365
0.416626,-0.371460,1.020020
-0.442139,0.021240,0.845093
0.503296,-0.110962,1.161377
-0.047607,-0.327026,0.872437
-0.096558,0.178345,1.088867
0.465576,-0.357544,1.050049
-0.449219,-0.012329,0.834595
0.456177,-0.051270,1.173706
-0.015869,-0.327881,0.865967
-0.176880,0.211182,1.070190
0.510864,-0.336670,1.086304
-0.439331,-0.057739,0.831543
0.403198,-0.013916,1.169678
0.035767,-0.340088,0.880615
-0.249023,0.187256,1.017822
0.544556,-0.305176,1.116943
-0.397827,-0.146973,0.803467
0.339355,0.029175,1.166260
0.110596,-0.356445,0.901978
-0.311768,0.163452,0.966431
0.559937,-0.284668,1.120483
-0.344360,-0.206909,0.812012
0.251221,0.073608,1.144165
0.191650,-0.375610,0.918091
-0.369263,0.136719,0.921997
0.568726,-0.264526,1.132690
-0.299805,-0.246094,0.822510
0.164429,0.098511,1.123169
0.265381,-0.406494,0.948364
-0.419922,0.122070,0.879761
0.564087,-0.222778,1.124878
-0.240967,-0.272095,0.837402
0.078247,0.122803,1.108643
0.329102,-0.389282,0.979370
-0.437012,0.084106,0.867310
0.543701,-0.176758,1.138916
-0.155396,-0.296387,0.859619
-0.004272,0.147217,1.093506
0.377075,-0.379639,0.991699
-0.441162,0.032471,0.844849
0.514038,-0.126587,1.151489
-0.074097,-0.342285,0.851562
-0.079468,0.165161,1.075928
0.424072,-0.361938,1.017578
-0.459106,0.004028,0.838623
0.476807,-0.077026,1.166748
-0.055298,-0.329468,0.851685
-0.156250,0.186401,1.059448
0.471313,-0.337158,1.064697
-0.451172,-0.041260,0.814087
0.421021,-0.032593,1.162842
-0.012085,-0.312012,0.867065
-0.230591,0.211182,1.036133
0.505005,-0.312256,1.087280
-0.429443,-0.108032,0.795044
0.363770,0.005249,1.163696
0.050659,-0.337524,0.893555
-0.289917,0.181519,0.989624
0.541382,-0.295288,1.107666
-0.388306,-0.168457,0.787842
0.284790,0.052490,1.151489
0.128906,-0.372070,0.896729
-0.350586,0.148193,0.939087
0.557373,-0.279419,1.110352
-0.338745,-0.213257,0.799683
0.199463,0.083862,1.129395
0.207886,-0.390381,0.921265
-0.400269,0.124878,0.902466
0.549683,-0.244263,1.122925
-0.298218,-0.244385,0.810303
0.115479,0.101074,1.098877
0.272583,-0.384033,0.949585
-0.438110,0.087280,0.871948
0.543945,-0.220459,1.131592
-0.229858,-0.277344,0.825195
0.027710,0.125854,1.088135
0.326660,-0.379639,0.964600
-0.452515,0.057007,0.846558
0.527100,-0.176270,1.133057
-0.124268,-0.320068,0.843628
-0.046997,0.135864,1.070312
0.378052,-0.369629,0.985474
-0.459717,0.013916,0.828613
0.494385,-0.133301,1.149536
-0.094116,-0.315063,0.829834
0.425293,-0.339966,1.026733
-0.461670,-0.024170,0.814453
0.445679,-0.075928,1.158203
-0.059814,-0.326660,0.837646
-0.217773,0.194946,1.024658
0.476196,-0.327881,1.049194
-0.452881,-0.070312,0.792969
0.380737,-0.020386,1.156006
0.004395,-0.327148,0.862671
-0.287109,0.188232,0.994385
0.505127,-0.313232,1.072144
-0.418701,-0.144165,0.777100
0.301392,0.016113,1.148315
0.082275,-0.355591,0.878906
-0.346436,0.168579,0.946045
0.520508,-0.284424,1.087646
-0.371826,-0.199951,0.778931
0.221436,0.053833,1.122803
0.160645,-0.393799,0.892700
-0.407227,0.140991,0.906738
0.533081,-0.256104,1.099976
-0.334106,-0.248901,0.791992
0.136475,0.075195,1.098999
0.233887,-0.400269,0.916504
-0.446289,0.115112,0.868408
0.531738,-0.222046,1.108276
-0.276978,-0.266235,0.803589
0.053589,0.101440,1.080811
0.285278,-0.374023,0.947876
-0.458374,0.062744,0.847168
0.512817,-0.190918,1.122192
-0.171509,-0.315552,0.819336
-0.028320,0.121826,1.052979
0.334351,-0.377075,0.959839
-0.479736,0.025513,0.816162
0.493774,-0.157715,1.125610
-0.133057,-0.317993,0.809692
-0.117188,0.145142,1.028687
0.387451,-0.353149,0.993286
-0.483398,-0.020996,0.797485
0.448486,-0.108276,1.134766
-0.108154,-0.316650,0.813721
-0.207397,0.185303,1.019165
0.432617,-0.334839,1.018188
-0.485474,-0.063477,0.770020
0.393555,-0.057129,1.136841
-0.050293,-0.318359,0.831299
-0.276245,0.193604,1.006226
0.477661,-0.328613,1.042603
-0.461304,-0.114746,0.755859
0.319092,-0.009399,1.124756
0.014282,-0.343384,0.848633
-0.340820,0.165161,0.941406
0.501099,-0.302124,1.064697
-0.414062,-0.161743,0.757202
0.241455,0.041504,1.118408
0.097046,-0.370361,0.869873
-0.405151,0.153687,0.910889
0.503784,-0.278564,1.078003
-0.376221,-0.214966,0.766602
0.162231,0.067871,1.097534
0.162964,-0.370605,0.900269
-0.457397,0.117798,0.866577
0.513916,-0.259277,1.085815
-0.335938,-0.255493,0.772949
0.072632,0.089478,1.072144
0.227905,-0.377319,0.909912
-0.479492,0.082275,0.843506
0.503540,-0.233154,1.089233
-0.229492,-0.302856,0.796875
-0.001099,0.109863,1.052124
0.281982,-0.381958,0.918457
-0.494263,0.061646,0.814453
0.488892,-0.211060,1.094116
-0.179565,-0.313721,0.786255
-0.089111,0.131226,1.028198
0.346436,-0.373535,0.945923
-0.508911,0.027588,0.797485
0.451904,-0.159790,1.102051
-0.145996,-0.328003,0.786133
-0.180786,0.170044,1.017578
0.394653,-0.356445,0.987671
-0.510620,-0.025513,0.771240
0.386841,-0.086914,1.104004
-0.095825,-0.322876,0.817627
-0.271729,0.174683,0.985596
0.438477,-0.340820,1.018921
-0.490356,-0.076782,0.759888
0.321167,-0.028564,1.114136
-0.038208,-0.341553,0.819092
-0.340332,0.155518,0.938354
0.463013,-0.324341,1.037109
-0.446533,-0.142456,0.747437
0.250977,0.030640,1.101807
0.043945,-0.365479,0.835693
-0.416016,0.162476,0.908081
0.486450,-0.305786,1.047119
-0.412354,-0.202271,0.751587
0.155518,0.071289,1.078491
0.124756,-0.374023,0.867432
-0.466187,0.135010,0.871826
0.494873,-0.279297,1.062012
-0.361572,-0.239014,0.767090
0.069092,0.085938,1.055054
0.198853,-0.373047,0.886353
-0.498047,0.103760,0.828613
0.488037,-0.255371,1.064697
-0.255859,-0.306885,0.768066
-0.010376,0.113159,1.044067
0.266479,-0.390503,0.904419
-0.522583,0.072266,0.804199
0.462769,-0.208374,1.069336
-0.207153,-0.330444,0.760864
-0.102539,0.132446,1.025635
0.326660,-0.392334,0.931763
-0.532471,0.026123,0.777100
0.425659,-0.163940,1.078247
-0.174316,-0.313721,0.772095
-0.197510,0.149780,0.994507
0.379028,-0.375732,0.973999
-0.523438,-0.006836,0.771729
0.373169,-0.088257,1.089478
-0.133301,-0.315430,0.774780
-0.281494,0.151733,0.949585
0.424805,-0.359497,0.993652
-0.503906,-0.073486,0.753174
0.308594,-0.040161,1.089844
-0.068970,-0.317871,0.795776
-0.366577,0.176147,0.914673
0.453735,-0.326782,1.024780
-0.458862,-0.153198,0.735962
0.227417,0.010010,1.082275
0.029663,-0.358154,0.826172
-0.453613,0.163452,0.875000
0.468140,-0.297241,1.040161
-0.420288,-0.212646,0.739624
0.128784,0.059692,1.059937
0.120117,-0.375488,0.866455
-0.504639,0.139282,0.836060
0.467407,-0.268066,1.043335
-0.334473,-0.269043,0.757202
0.034668,0.088013,1.048462
0.199585,-0.401855,0.874390
-0.527832,0.088501,0.806885
0.460205,-0.230225,1.051514
-0.258423,-0.297974,0.754761
-0.057251,0.117432,1.012817
0.276855,-0.398560,0.901245
-0.544556,0.053589,0.783447
0.434814,-0.192749,1.050171
-0.208130,-0.297485,0.752319
-0.155762,0.143188,0.997070
0.338745,-0.381592,0.937988
-0.549072,-0.007080,0.759521
0.381592,-0.131470,1.070801
-0.164917,-0.315430,0.765991
-0.267944,0.185181,0.967163
0.388672,-0.367676,0.967163
-0.531372,-0.061035,0.743042
0.324463,-0.071289,1.073608
-0.104614,-0.344360,0.769775
-0.365601,0.191650,0.923218
0.427124,-0.334351,0.991699
-0.488770,-0.119873,0.732178
0.227295,0.005249,1.070923
-0.020264,-0.376831,0.795776
-0.442749,0.172241,0.875977
0.442017,-0.301025,1.017456
-0.462769,-0.177612,0.723755
0.134399,0.056763,1.059082
0.085571,-0.386353,0.840942
-0.505981,0.154785,0.849365
0.456177,-0.278809,1.030029
-0.375732,-0.217285,0.756104
0.041138,0.089966,1.044556
0.163574,-0.397339,0.856445
-0.541260,0.124878,0.813599
0.464355,-0.262207,1.029663
-0.284424,-0.266968,0.760376
-0.045044,0.112915,1.010132
0.240234,-0.409058,0.871216
-0.549194,0.072754,0.786865
0.427246,-0.205200,1.030029
-0.226807,-0.304199,0.739136
-0.148438,0.131714,0.983521
0.309082,-0.396240,0.907104
-0.562866,0.017212,0.760498
0.387451,-0.147461,1.053101
-0.186279,-0.307007,0.749268
-0.253906,0.153564,0.952759
0.363892,-0.372559,0.946655
-0.551270,-0.035889,0.739746
0.319580,-0.088623,1.050537
-0.131226,-0.314209,0.757446
-0.345093,0.169800,0.911743
0.404907,-0.362549,0.972412
-0.522095,-0.083130,0.730347
0.240845,-0.024658,1.055420
-0.059448,-0.371094,0.779907
-0.430054,0.183716,0.884644
0.429688,-0.331177,0.990356
-0.489136,-0.140747,0.725586
0.143311,0.032837,1.042603
0.037964,-0.391113,0.813965
-0.500610,0.182007,0.858154
0.450195,-0.293945,1.012451
-0.412231,-0.197266,0.746216
0.058716,0.093384,1.042358
0.130249,-0.423828,0.825073
-0.547974,0.151978,0.821777
0.460571,-0.191772,1.074707
-0.322510,-0.259399,0.747437
-0.104248,0.146729,1.031982
0.346924,-0.388794,0.948242
-0.533569,0.005493,0.782593
0.415649,-0.152222,1.086182
-0.156616,-0.309448,0.776855
-0.207764,0.171265,0.997559
0.399292,-0.358032,0.990479
-0.513672,-0.045288,0.773071
0.366577,-0.098633,1.091064
-0.110596,-0.320557,0.782104
-0.295044,0.177979,0.952148
0.442627,-0.340454,1.011841
-0.475342,-0.121338,0.755005
0.292847,-0.031738,1.098755
-0.043335,-0.348145,0.803223
-0.372559,0.175903,0.922485
0.463867,-0.313965,1.029175
-0.443115,-0.182373,0.734741
0.211792,0.032593,1.088867
0.045166,-0.385864,0.825684
-0.442505,0.166504,0.874268
0.472656,-0.289917,1.038086
-0.418457,-0.201782,0.752930
0.129639,0.065430,1.064087
0.124756,-0.398071,0.861938
-0.493408,0.129639,0.845825
0.478516,-0.249878,1.057983
-0.337769,-0.239014,0.777344
0.052124,0.100586,1.060181
0.186157,-0.409424,0.872070
-0.518066,0.093506,0.809937
0.471313,-0.232544,1.051270
-0.266479,-0.288818,0.767456
-0.029785,0.106689,1.029785
0.258667,-0.395264,0.899292
-0.537598,0.059082,0.792358
0.451294,-0.203003,1.051880
-0.219482,-0.319458,0.745605
-0.120728,0.136230,1.010620
0.327759,-0.387695,0.937744
-0.542114,0.014404,0.770874
0.416260,-0.165527,1.061523
-0.192993,-0.313110,0.746460
-0.215820,0.175537,0.991089
0.389526,-0.378418,0.962769
-0.536865,-0.022095,0.768066
0.356079,-0.099854,1.062866
-0.147583,-0.319824,0.769531
-0.292603,0.167725,0.945068
0.417114,-0.353394,0.987671
-0.521484,-0.080078,0.737549
0.287476,-0.044312,1.080200
-0.075928,-0.362793,0.778687
-0.378784,0.183228,0.914307
0.437256,-0.325684,1.001831
-0.480713,-0.125488,0.732544
0.212769,0.004150,1.069824
-0.006470,-0.386108,0.803101
-0.444946,0.168823,0.884766
0.451538,-0.297119,1.018799
-0.453857,-0.191528,0.730591
0.127686,0.063599,1.049438
0.083862,-0.392212,0.834106
-0.496948,0.150757,0.848145
0.459229,-0.276489,1.027222
-0.379395,-0.217285,0.762939
0.052246,0.087646,1.045532
0.161865,-0.406372,0.853638
-0.535278,0.108887,0.811646
0.465698,-0.250000,1.036011
-0.296021,-0.266235,0.758911
-0.023193,0.110107,1.024048
0.239624,-0.414917,0.868774
-0.557251,0.085938,0.785156
0.433716,-0.219116,1.033447
-0.244385,-0.309692,0.731201
-0.112061,0.140259,1.001587
0.297852,-0.411743,0.900879
-0.578491,0.058716,0.767944
0.410400,-0.169312,1.047241
-0.204834,-0.322998,0.730713
-0.208740,0.168823,0.986572
0.356323,-0.387695,0.940796
-0.575562,-0.003296,0.750000
0.345947,-0.120605,1.049072
-0.160156,-0.336670,0.744019
-0.298218,0.175903,0.951416
0.401855,-0.388794,0.961426
-0.550171,-0.044556,0.736816
0.283813,-0.058472,1.051147
-0.103638,-0.339233,0.761719
-0.375732,0.197876,0.926514
0.431396,-0.349365,0.984375
-0.513184,-0.105835,0.722656
0.208374,-0.006958,1.049805
-0.027100,-0.373413,0.793091
-0.461426,0.195679,0.880005
0.455322,-0.320190,1.006226
-0.480225,-0.154785,0.732300
0.121338,0.031494,1.030884
0.055298,-0.385864,0.819702
-0.514282,0.155029,0.837524
0.450928,-0.278198,1.020020
-0.374512,-0.206543,0.762695
0.050293,0.071655,1.028564
0.140747,-0.410034,0.831909
-0.558472,0.126587,0.798706
0.437744,-0.245728,1.017212
-0.301880,-0.263672,0.749390
-0.026123,0.092651,1.011719
0.208008,-0.402954,0.870117
-0.575439,0.076538,0.775024
0.417236,-0.199829,1.019897
-0.251343,-0.311768,0.716919
-0.119873,0.147461,0.989380
0.288330,-0.398804,0.901733
-0.587036,0.041992,0.754639
0.384644,-0.176392,1.031982
-0.218994,-0.304443,0.724976
-0.211060,0.165405,0.969849
0.350708,-0.380127,0.936646
-0.560913,0.000854,0.755737
0.325928,-0.100830,1.039429
-0.168701,-0.340454,0.729126
-0.305786,0.181030,0.925293
0.389648,-0.367310,0.957153
-0.545898,-0.051514,0.727173
0.266357,-0.049805,1.046997
-0.111084,-0.370972,0.746704
-0.404053,0.199829,0.900635
0.427856,-0.342773,0.977173
-0.517944,-0.103882,0.720215
0.183350,0.011597,1.043213
-0.023315,-0.403931,0.776855
-0.501099,0.213867,0.863403
0.440186,-0.304199,0.986450
-0.444336,-0.142212,0.753662
0.097046,0.062378,1.042603
0.070679,-0.407837,0.811890
-0.549316,0.180908,0.822266
0.428711,-0.278931,0.986938
-0.355713,-0.219482,0.752441
0.017944,0.103394,1.022339
0.177856,-0.397949,0.848022
-0.582520,0.135254,0.792847
0.415039,-0.232300,0.997314
-0.286743,-0.289795,0.706665
-0.065918,0.141479,1.000000
0.260254,-0.407593,0.880127
-0.594360,0.084839,0.779785
0.384399,-0.180420,1.004883
-0.230835,-0.310425,0.697632
-0.170166,0.156494,0.965332
0.337769,-0.386719,0.923462
-0.592529,0.029053,0.753418
0.333008,-0.131592,1.021118
-0.182373,-0.336182,0.721680
-0.282471,0.176270,0.928223
0.388184,-0.368652,0.941895
-0.564697,-0.032837,0.733765
0.266846,-0.068604,1.029053
-0.127197,-0.382324,0.726807
-0.398682,0.213623,0.899170
0.414185,-0.334473,0.968628
-0.525391,-0.085938,0.715210
0.175537,0.010376,1.024414
-0.035400,-0.393677,0.774658
-0.493286,0.217773,0.865356
0.434570,-0.300903,0.988403
-0.448975,-0.137817,0.742432
0.089478,0.068726,1.027344
0.065063,-0.398560,0.801514
-0.545288,0.201050,0.827393
0.442627,-0.264648,0.985229
-0.354858,-0.217041,0.744019
0.006226,0.107544,1.009766
0.167480,-0.399536,0.841553
-0.581787,0.164307,0.786743
0.422729,-0.217896,1.007690
-0.260498,-0.301636,0.724976
-0.098999,0.126221,0.984009
0.243164,-0.390137,0.868286
-0.589600,0.107544,0.765381
0.401489,-0.170410,1.005737
-0.207397,-0.328735,0.719482
-0.213257,0.151245,0.952759
0.326538,-0.384277,0.910889
-0.576782,0.037354,0.748535
0.334351,-0.095337,1.021362
-0.147949,-0.334595,0.732666
-0.326294,0.160156,0.901489
0.364746,-0.371216,0.921143
-0.549683,-0.025024,0.726074
0.262939,-0.022827,1.021484
-0.082031,-0.333130,0.764893
-0.430786,0.204834,0.880615
0.407104,-0.336182,0.955322
-0.520874,-0.102051,0.709351
0.150635,0.052246,1.018677
0.018311,-0.365112,0.796021
-0.515991,0.221924,0.866821
0.425171,-0.293701,0.974243
-0.420654,-0.181763,0.733276
0.063354,0.090698,1.011353
0.127319,-0.371704,0.831787
-0.571655,0.193359,0.816040
0.428467,-0.239014,0.989258
-0.291138,-0.269287,0.733521
-0.051880,0.129272,0.994507
0.229736,-0.388916,0.864624
-0.594116,0.129272,0.776855
0.400635,-0.179199,1.006836
-0.218994,-0.312012,0.719971
-0.184814,0.153931,0.947510
0.311035,-0.377319,0.899658
-0.584351,0.055298,0.752930
0.337524,-0.100098,1.019653
-0.158447,-0.349976,0.710449
-0.305298,0.182007,0.902344
0.367798,-0.369385,0.915161
-0.555786,-0.012085,0.717163
0.257568,-0.025513,1.012085
-0.069702,-0.353394,0.758545
-0.429199,0.210449,0.877197
0.409424,-0.321167,0.957275
-0.509033,-0.123291,0.705444
0.136108,0.050537,1.011108
0.031616,-0.368408,0.805420
-0.527222,0.216064,0.853760
0.430054,-0.272705,0.982056
-0.384399,-0.203369,0.741699
0.041504,0.086060,1.004272
0.150391,-0.379761,0.838257
-0.578247,0.197510,0.810547
0.418091,-0.206787,0.989136
-0.254517,-0.316772,0.724609
-0.098389,0.125000,0.967651
0.253540,-0.379028,0.880005
-0.589355,0.126953,0.775513
0.383789,-0.123169,1.013306
-0.171265,-0.344238,0.722412
-0.232056,0.158569,0.922729
0.330200,-0.376465,0.898438
-0.571167,0.042969,0.749878
0.325806,-0.066284,1.019653
-0.116211,-0.361206,0.725098
-0.365845,0.207275,0.886475
0.393555,-0.343018,0.941650
-0.534912,-0.066406,0.697266
0.202881,0.030029,1.010986
-0.023438,-0.355103,0.773438
-0.481689,0.216309,0.867920
0.419678,-0.305054,0.965942
-0.448730,-0.166382,0.720459
0.087158,0.097900,1.021118
0.103882,-0.362305,0.825073
-0.556519,0.213013,0.827637
0.427246,-0.217285,0.992554
-0.307617,-0.265625,0.731079
-0.037720,0.119629,0.993408
0.236572,-0.377075,0.870239
-0.580566,0.150024,0.797852
0.393799,-0.150513,1.006348
-0.194946,-0.315186,0.729614
-0.181030,0.147461,0.937866
0.321411,-0.353882,0.909302
-0.575073,0.084106,0.760864
0.346680,-0.074585,1.018555
-0.120850,-0.373535,0.711792
-0.340210,0.195801,0.881348
0.381226,-0.337891,0.921631
-0.529785,-0.032227,0.726318
0.236938,0.015869,1.014038
-0.031982,-0.384155,0.747559
-0.463867,0.236450,0.860107
0.407715,-0.295410,0.955200
-0.454712,-0.153320,0.721436
0.110962,0.086304,1.026978
0.095581,-0.376587,0.817017
-0.556396,0.231323,0.828125
0.426392,-0.234009,0.984375
-0.310181,-0.234253,0.739136
-0.019409,0.136353,1.000000
0.219971,-0.370361,0.875488
-0.583984,0.164551,0.796143
0.412476,-0.160034,1.007202
-0.189575,-0.304199,0.736450
-0.165771,0.146973,0.933350
0.317505,-0.358765,0.898804
-0.565308,0.069824,0.762085
0.348755,-0.077393,1.018921
-0.102661,-0.377075,0.722046
-0.341187,0.195435,0.885498
0.385620,-0.347290,0.929688
-0.528687,-0.045898,0.715576
0.228149,0.026001,1.021362
-0.012085,-0.381836,0.766357
-0.479736,0.238281,0.853271
0.421997,-0.291138,0.953979
-0.438721,-0.156738,0.724365
0.103027,0.096436,1.037598
0.117432,-0.369385,0.832886
-0.566650,0.216309,0.822144
0.426514,-0.226562,0.985229
-0.291870,-0.265625,0.730103
-0.041138,0.142090,0.991699
0.243896,-0.362427,0.872314
-0.572754,0.146606,0.791138
0.401611,-0.140625,1.006348
-0.160889,-0.333374,0.744751
-0.211182,0.152832,0.911865
0.349609,-0.367554,0.911987
-0.544678,0.066284,0.761230
0.323120,-0.028931,1.020508
-0.077148,-0.368774,0.730591
-0.374878,0.189331,0.857300
0.403809,-0.334106,0.939575
-0.503296,-0.077026,0.718872
0.190918,0.064819,1.023315
0.029907,-0.381470,0.784424
-0.507080,0.223755,0.837524
0.428711,-0.266602,0.976807
-0.386719,-0.207764,0.734863
0.057373,0.111938,1.015991
0.164551,-0.362793,0.855225
-0.572510,0.201538,0.800659
0.436768,-0.187134,1.000000
-0.224121,-0.294922,0.744385
-0.101440,0.146851,0.956299
0.281860,-0.370361,0.889648
-0.567627,0.118774,0.768311
0.392822,-0.111206,1.015869
-0.110718,-0.363281,0.733276
-0.268311,0.176880,0.897339
0.373413,-0.363037,0.916260
-0.537964,0.004028,0.740601
0.276855,-0.016235,1.011719
-0.033691,-0.381348,0.734985
-0.409180,0.210693,0.865234
0.421143,-0.299805,0.949829
-0.459595,-0.125610,0.742188
0.126831,0.074585,1.021851
0.080078,-0.383789,0.807007
-0.527100,0.201904,0.819702
0.439941,-0.232422,0.988892
-0.315796,-0.214600,0.756836
-0.016235,0.144653,0.996582
0.220703,-0.369873,0.869507
-0.571777,0.142578,0.775024
0.422974,-0.162598,1.004517
-0.171631,-0.313354,0.752319
-0.167358,0.156616,0.935059
0.331177,-0.375122,0.904419
-0.552246,0.078613,0.756470
0.355347,-0.061279,1.019165
-0.074585,-0.384521,0.719971
-0.320679,0.183716,0.870117
0.405396,-0.345337,0.929199
-0.514893,-0.045898,0.719849
0.222534,0.020020,1.006226
0.012939,-0.399048,0.758789
-0.449585,0.211060,0.846191
0.438843,-0.281860,0.966675
-0.431885,-0.140259,0.745850
0.100586,0.100220,1.023438
0.126831,-0.384277,0.825073
-0.547485,0.179199,0.804443
0.443115,-0.217163,0.994019
-0.279053,-0.235718,0.761963
-0.050171,0.151978,0.984253
0.256470,-0.383057,0.884277
-0.570190,0.108154,0.763306
0.416016,-0.152344,1.015625
-0.142578,-0.331177,0.752563
-0.196289,0.180420,0.936279
0.355957,-0.381836,0.915649
-0.549561,0.058350,0.768555
0.336060,-0.060669,1.009644
-0.049805,-0.393799,0.737915
-0.334229,0.183716,0.860107
0.413696,-0.335815,0.940674
-0.500977,-0.078247,0.732422
0.200928,0.017944,0.998169
0.030396,-0.395630,0.766113
-0.456665,0.191406,0.829224
0.436890,-0.269531,0.969849
-0.409058,-0.148804,0.750488
0.082397,0.102905,1.019165
0.138794,-0.398560,0.818604
-0.542969,0.157471,0.792480
0.443970,-0.218140,0.989014
-0.277954,-0.208130,0.771973
-0.048218,0.148560,0.983521
0.261230,-0.392334,0.886841
-0.566406,0.107788,0.764893
0.422852,-0.168701,1.013794
-0.144653,-0.299683,0.769043
-0.184692,0.163208,0.927979
0.359375,-0.372314,0.921021
-0.548218,0.049683,0.758301
0.345703,-0.085083,1.020020
-0.055420,-0.399780,0.734619
-0.329956,0.189453,0.867188
0.415527,-0.336548,0.939453
-0.500000,-0.066528,0.739868
0.222656,-0.001221,1.010254
0.026245,-0.413574,0.766235
-0.445801,0.171875,0.818970
0.441772,-0.291138,0.956665
-0.427734,-0.128418,0.758301
0.106689,0.082886,1.016846
0.124756,-0.401123,0.816040
-0.529785,0.143433,0.777710
0.442627,-0.233765,0.986572
-0.307495,-0.214111,0.758301
-0.019897,0.148071,1.005127
0.246704,-0.415405,0.869019
-0.567261,0.109741,0.757324
0.426270,-0.178711,1.004639
-0.166382,-0.288940,0.774292
-0.150391,0.173950,0.957520
0.344360,-0.394653,0.907593
-0.547241,0.063599,0.766724
0.365112,-0.100586,1.011719
-0.067627,-0.370239,0.752319
-0.279663,0.183228,0.888306
0.411377,-0.355957,0.938232
-0.515625,-0.031738,0.746704
0.264648,-0.034546,0.999634
0.005005,-0.421509,0.746338
-0.401611,0.177246,0.834473
0.454346,-0.328613,0.952393
-0.459473,-0.108398,0.760620
0.152710,0.031250,1.006104
0.079956,-0.427124,0.782959
-0.496338,0.171265,0.790161
0.462769,-0.264771,0.983521
-0.354370,-0.168823,0.771240
0.037598,0.111816,1.010010
0.183350,-0.435669,0.828857
-0.544189,0.113892,0.757080
0.454834,-0.212524,0.998901
-0.239746,-0.216675,0.776367
-0.071289,0.146851,0.976318
0.284790,-0.415161,0.881348
-0.565186,0.075073,0.750854
0.409058,-0.146484,1.016479
-0.110229,-0.319214,0.781372
-0.181519,0.160645,0.928711
0.365723,-0.380127,0.926880
-0.548096,0.005249,0.744507
0.335449,-0.091553,1.007324
-0.031738,-0.401855,0.756470
-0.309448,0.180786,0.877197
0.432007,-0.363037,0.947388
-0.509277,-0.085205,0.729248
0.215698,-0.012817,0.992676
0.041260,-0.438232,0.759766
-0.416260,0.166260,0.822266
0.460083,-0.315063,0.968384
-0.439331,-0.119019,0.760132
0.115845,0.053955,1.007202
0.111816,-0.435425,0.803345
-0.510010,0.138428,0.786377
0.460815,-0.263794,0.983276
-0.323242,-0.178589,0.769531
0.000732,0.118652,0.999023
0.227905,-0.443726,0.848511
-0.552612,0.080444,0.735474
0.445190,-0.223633,0.998535
-0.189331,-0.250977,0.795898
-0.103760,0.157471,0.970825
0.323853,-0.415039,0.901001
-0.560547,0.061035,0.758179
0.387817,-0.136719,1.014893
-0.058838,-0.334595,0.793335
-0.222534,0.155029,0.903687
0.390259,-0.383789,0.943359
-0.526978,-0.052368,0.732178
0.294800,-0.057617,0.993896
0.009888,-0.411499,0.765015
-0.334839,0.148560,0.856812
0.445801,-0.349243,0.959961
-0.477783,-0.140137,0.730469
0.176880,0.011597,1.001709
0.069702,-0.439941,0.776001
-0.442871,0.149902,0.805664
0.474487,-0.302124,0.987671
-0.392578,-0.184448,0.755981
0.057983,0.087646,1.007446
0.166748,-0.447510,0.808350
-0.515869,0.113037,0.773315
0.480957,-0.255981,1.009766
-0.281982,-0.202637,0.781860
-0.062866,0.137695,0.989624
0.279541,-0.460327,0.872681
-0.546631,0.072876,0.757080
0.435547,-0.173828,1.026489
-0.133301,-0.277832,0.802490
-0.164307,0.144409,0.950439
0.348267,-0.420288,0.906982
-0.531982,0.010132,0.750977
0.365845,-0.093506,1.018921
-0.023804,-0.367065,0.781738
-0.281982,0.145264,0.887695
0.425781,-0.408936,0.940430
-0.496216,-0.107666,0.741577
0.239990,-0.015137,1.010254
0.059814,-0.414307,0.772095
-0.388550,0.130737,0.824219
0.469604,-0.341919,0.984863
-0.434082,-0.188721,0.735840
0.105469,0.071533,1.019897
0.136230,-0.425781,0.808716
-0.478882,0.120728,0.789062
0.485352,-0.303345,1.003540
-0.326294,-0.236328,0.760742
-0.022217,0.127197,1.005249
0.249146,-0.442505,0.866577
-0.526001,0.060669,0.748657
0.448608,-0.223389,1.012329
-0.173340,-0.255005,0.806885
-0.133057,0.152100,0.972778
0.336792,-0.434082,0.901123
-0.531250,0.049316,0.767334
0.386597,-0.133423,1.013916
-0.033203,-0.348877,0.810547
-0.248291,0.148193,0.907227
0.405029,-0.400879,0.938477
-0.499512,-0.078979,0.735474
0.283203,-0.050415,1.009521
0.055664,-0.413208,0.786011
-0.358398,0.134521,0.847290
0.449951,-0.348755,0.970459
-0.445557,-0.156494,0.745117
0.147705,0.028198,1.011475
0.121948,-0.437256,0.807861
-0.448486,0.094971,0.802124
0.471680,-0.278320,1.003052
-0.349365,-0.216797,0.754028
0.016357,0.111328,1.016724
0.239380,-0.469116,0.841431
-0.507446,0.061279,0.748291
0.461914,-0.241821,1.020020
-0.222900,-0.252930,0.792603
-0.101074,0.150513,0.989746
0.329346,-0.447388,0.895020
-0.529663,0.046753,0.769287
0.408325,-0.155518,1.024780
-0.066406,-0.322754,0.811523
-0.212769,0.156128,0.951782
0.397339,-0.414185,0.943970
-0.499878,-0.069214,0.752930
0.316284,-0.068970,1.021362
0.032959,-0.398682,0.798828
-0.325073,0.125488,0.879028
0.454712,-0.370483,0.972534
-0.447021,-0.164551,0.751709
0.199463,0.002563,1.025024
0.101318,-0.419434,0.815186
-0.427246,0.119629,0.812866
0.484009,-0.313232,1.012329
-0.366455,-0.228882,0.751587
0.059082,0.073486,1.019531
0.218750,-0.462769,0.844360
-0.496948,0.084961,0.770264
0.473755,-0.255127,1.017334
-0.248535,-0.230225,0.798584
-0.063477,0.129761,1.004883
0.322998,-0.463379,0.896606
-0.528320,0.060547,0.767822
0.423340,-0.167236,1.031128
-0.097046,-0.294189,0.811401
-0.166870,0.150513,0.963989
0.402588,-0.418335,0.954468
-0.494385,-0.050781,0.747803
0.343872,-0.083862,1.032593
0.022705,-0.394165,0.808472
-0.288452,0.152100,0.910278
0.464233,-0.377197,0.994629
-0.453247,-0.131714,0.751343
0.232910,-0.023560,1.022461
0.098633,-0.438721,0.803467
-0.399658,0.139038,0.858521
0.494995,-0.323486,1.015503
-0.384399,-0.204468,0.754517
0.095947,0.060791,1.024658
0.208374,-0.466919,0.839600
-0.468384,0.071411,0.786987
0.491455,-0.273438,1.030762
-0.280884,-0.220947,0.793701
-0.021973,0.117676,1.023804
0.308716,-0.465942,0.895142
-0.510742,0.035278,0.771973
0.445923,-0.187012,1.046509
-0.142456,-0.278931,0.822510
-0.133179,0.151978,0.993408
0.395874,-0.430054,0.953369
-0.498047,-0.025146,0.770996
0.382568,-0.102661,1.052490
0.000854,-0.380859,0.814941
-0.241821,0.157349,0.949829
0.459229,-0.395874,0.989380
-0.455200,-0.127686,0.758179
0.284058,-0.040039,1.042480
0.074951,-0.418579,0.811523
-0.350342,0.143555,0.887207
0.501709,-0.338623,1.023438
-0.395752,-0.187500,0.763184
0.153809,0.031128,1.036743
0.176392,-0.444946,0.850098
-0.436523,0.103149,0.820190
0.515625,-0.295288,1.038818
-0.315186,-0.227661,0.778320
0.031860,0.102539,1.038574
0.286865,-0.469849,0.886353
-0.490234,0.049316,0.770752
0.480591,-0.215820,1.052856
-0.193481,-0.236328,0.823730
-0.078735,0.155396,1.028809
0.375732,-0.451538,0.941284
-0.502441,0.025879,0.783447
0.417114,-0.134033,1.061646
-0.047363,-0.321777,0.837402
-0.170288,0.159180,0.987305
0.438477,-0.413696,0.982422
-0.466064,-0.073486,0.773560
0.345215,-0.063599,1.054932
0.066650,-0.392822,0.839478
-0.286621,0.150391,0.927490
0.496460,-0.346191,1.026978
-0.415405,-0.160889,0.772095
0.226074,0.012817,1.052124
0.128662,-0.414795,0.841553
-0.388428,0.127441,0.873779
0.524414,-0.304199,1.049194
-0.345337,-0.213013,0.772339
0.095703,0.094849,1.048462
0.244507,-0.449219,0.882324
-0.448364,0.063843,0.798218
0.502319,-0.251587,1.058228
-0.237183,-0.246582,0.809570
-0.026611,0.144409,1.042603
0.352173,-0.445068,0.932861
-0.494507,0.052490,0.793701
0.459473,-0.162109,1.077637
-0.105957,-0.288696,0.839233
-0.123169,0.179932,1.022949
0.423706,-0.418091,0.979858
-0.476074,-0.020630,0.787476
0.398315,-0.090698,1.077148
0.033569,-0.377930,0.848999
-0.232056,0.180054,0.983398
0.489136,-0.372314,1.020996
-0.428467,-0.117065,0.784424
0.299072,-0.026123,1.072266
0.103760,-0.399048,0.859497
-0.326172,0.150635,0.921265
0.526367,-0.296997,1.068970
-0.370361,-0.187256,0.785645
0.173218,0.068604,1.064941
0.218384,-0.439453,0.877197
-0.404907,0.088257,0.847900
0.529663,-0.259521,1.083252
-0.284424,-0.224121,0.809937
0.051147,0.123047,1.055908
0.322632,-0.457153,0.920654
-0.464478,0.053345,0.805176
0.485718,-0.197998,1.086914
-0.173584,-0.258789,0.834839
-0.056763,0.165161,1.053223
0.408813,-0.428955,0.981812
-0.473999,0.008667,0.805420
0.312378,-0.063843,1.033813
-0.037109,-0.322632,0.857056
-0.313354,0.136230,0.892822
0.466919,-0.358643,0.991455
-0.434692,-0.155273,0.753418
0.203979,0.001099,1.033447
0.115967,-0.456055,0.803589
-0.410889,0.129150,0.850342
0.493896,-0.309692,1.020996
-0.365845,-0.193115,0.758789
0.084595,0.080322,1.029175
0.233765,-0.479004,0.848022
-0.474854,0.074219,0.781738
0.486206,-0.272583,1.021729
-0.275879,-0.237305,0.792114
-0.038696,0.132324,1.014648
0.322266,-0.455933,0.911865
-0.509155,0.045166,0.778931
0.440186,-0.182983,1.053711
-0.147461,-0.284302,0.811646
-0.132446,0.146606,0.983398
0.410645,-0.425903,0.966919
-0.490601,-0.021851,0.772461
0.378296,-0.092896,1.058594
-0.008911,-0.381226,0.817017
-0.241333,0.155762,0.940918
0.462036,-0.389648,0.986450
-0.448242,-0.115845,0.764038
0.287354,-0.036499,1.053223
0.084473,-0.440552,0.811768
-0.340454,0.151733,0.889038
0.496826,-0.339478,1.014404
-0.399658,-0.176025,0.767334
0.177124,0.021973,1.046265
0.164917,-0.449585,0.833862
-0.433838,0.130249,0.842651
0.517212,-0.309692,1.033569
-0.329834,-0.223145,0.775146
0.059814,0.086548,1.048096
0.284790,-0.480957,0.884033
-0.488403,0.075684,0.793091
0.481689,-0.231689,1.039307
-0.217041,-0.217041,0.825073
-0.049072,0.139282,1.035889
0.365356,-0.449097,0.940796
-0.491455,0.018921,0.792847
0.428955,-0.139404,1.057861
-0.092773,-0.274536,0.835449
-0.154785,0.149780,0.992310
0.439087,-0.413940,0.992432
-0.464111,-0.071045,0.782104
0.348633,-0.046387,1.077637
0.040527,-0.386719,0.828735
-0.261841,0.154785,0.952271
0.496338,-0.375244,1.024902
-0.420776,-0.141724,0.774536
0.255615,0.015259,1.072388
0.103027,-0.391724,0.842529
-0.368042,0.159058,0.897461
0.529175,-0.346680,1.037231
-0.358887,-0.211914,0.783691
0.146484,0.060791,1.067749
0.218628,-0.436523,0.876709
-0.439087,0.104004,0.826538
0.520752,-0.297607,1.048340
-0.290039,-0.236938,0.801514
0.050537,0.098633,1.048950
0.315796,-0.431396,0.921265
-0.490601,0.071899,0.792480
0.481689,-0.200928,1.060791
-0.166260,-0.277832,0.828369
-0.060547,0.136597,1.037720
0.395752,-0.410034,0.979614
-0.486572,0.031738,0.789795
0.434326,-0.125244,1.077637
-0.038086,-0.328979,0.851562
-0.159790,0.161743,1.010010
0.464844,-0.403564,1.016846
-0.456299,-0.056030,0.780273
0.363037,-0.042725,1.093994
0.061890,-0.394043,0.855347
-0.256836,0.143921,0.966431
0.505005,-0.364502,1.040283
-0.418091,-0.134033,0.791748
0.277832,0.019409,1.090454
0.111450,-0.368896,0.868530
-0.348022,0.148926,0.924072
0.537231,-0.330933,1.065186
-0.358398,-0.213501,0.780884
0.186279,0.067261,1.083252
0.216309,-0.403076,0.900269
-0.414917,0.102417,0.850464
0.535645,-0.289795,1.068970
-0.271729,-0.264038,0.805664
0.072510,0.106323,1.057739
0.315430,-0.427002,0.939819
-0.457275,0.073120,0.812256
0.502441,-0.208252,1.088501
-0.170898,-0.289795,0.839966
-0.025513,0.144775,1.065918
0.388550,-0.428467,0.976807
-0.473267,0.062500,0.811768
0.465698,-0.127563,1.093628
-0.077637,-0.302246,0.852905
-0.113281,0.178345,1.050659
0.456299,-0.424072,1.020020
-0.463623,0.005859,0.807129
0.417847,-0.070312,1.105713
0.036987,-0.360229,0.864502
-0.197266,0.195435,1.029785
0.505005,-0.397461,1.031738
-0.426880,-0.101440,0.799316
0.349121,-0.017212,1.105347
0.086548,-0.355103,0.885498
-0.286011,0.186890,0.982056
0.531494,-0.335693,1.080078
-0.373291,-0.186279,0.798828
0.263062,0.034668,1.098877
0.163940,-0.371216,0.911987
-0.359253,0.145752,0.910034
0.554321,-0.281006,1.101074
-0.313721,-0.246704,0.800049
0.156738,0.083740,1.088135
0.263794,-0.421143,0.929932
-0.409546,0.081055,0.844727
0.542847,-0.239502,1.103882
-0.234741,-0.269531,0.822632
0.052368,0.136108,1.088867
0.350586,-0.440430,0.958740
-0.453125,0.081787,0.823364
0.527832,-0.184204,1.116089
-0.160522,-0.258423,0.861816
-0.034790,0.170776,1.081665
0.416504,-0.437866,0.992310
-0.461792,0.051025,0.835205
0.485107,-0.112183,1.121704
-0.049927,-0.288574,0.875488
-0.115112,0.192749,1.071777
0.462524,-0.418701,1.019409
-0.451538,-0.024536,0.814819
0.439209,-0.066162,1.137207
0.045044,-0.328857,0.894897
-0.190186,0.186401,1.039429
0.501831,-0.372925,1.057617
-0.417847,-0.108398,0.804810
0.369385,-0.015991,1.132446
0.074951,-0.323975,0.908081
-0.261963,0.190918,1.003540
0.537598,-0.315552,1.103271
-0.371826,-0.178833,0.804688
0.291870,0.030518,1.116211
0.160034,-0.373413,0.917847
-0.333496,0.164185,0.938477
0.575317,-0.276978,1.119385
-0.318726,-0.234375,0.805908
0.197876,0.079346,1.116089
0.262817,-0.431152,0.931519
-0.388306,0.126343,0.876709
0.568481,-0.239868,1.122314
-0.248535,-0.257568,0.829834
0.101685,0.109375,1.097046
0.334473,-0.442383,0.962158
-0.438110,0.098877,0.848999
0.547729,-0.187012,1.134521
-0.179077,-0.256958,0.857178
0.013184,0.151978,1.094482
0.388306,-0.424316,1.003418
-0.449585,0.067261,0.843384
0.527588,-0.132690,1.140015
-0.102417,-0.250610,0.883179
-0.073853,0.200806,1.091187
0.447388,-0.425049,1.021729
-0.441772,0.004761,0.833496
0.482422,-0.083740,1.152100
-0.000732,-0.297607,0.899048
-0.135620,0.214844,1.072632
0.487671,-0.382935,1.049072
-0.432495,-0.057861,0.822388
0.442139,-0.049438,1.158569
0.038086,-0.305908,0.892944
-0.195312,0.223389,1.048706
0.531738,-0.335571,1.092651
-0.404053,-0.137573,0.795654
0.376099,-0.005859,1.151123
0.085205,-0.340088,0.911743
-0.270874,0.212402,1.011963
0.572510,-0.312622,1.121460
-0.363892,-0.198608,0.806885
0.295776,0.023193,1.138794
0.160645,-0.375122,0.923096
-0.312744,0.154663,0.949707
0.587280,-0.272827,1.142700
-0.315308,-0.241577,0.814697
0.202393,0.083618,1.131714
0.239502,-0.411621,0.937622
-0.368896,0.132812,0.905273
0.587646,-0.247070,1.140259
-0.264526,-0.229004,0.843384
0.132446,0.118408,1.117676
0.300537,-0.427856,0.968140
-0.412720,0.103149,0.872681
0.570557,-0.193848,1.148315
-0.203003,-0.241455,0.862915
0.058960,0.152832,1.115112
0.363159,-0.417847,0.988892
-0.433716,0.079224,0.851685
0.545654,-0.160645,1.149902
-0.133179,-0.250244,0.881836
-0.011353,0.187012,1.114502
0.415894,-0.399780,1.013428
-0.447266,0.052246,0.854980
0.514526,-0.119141,1.154785
-0.053711,-0.292969,0.890625
-0.066162,0.196777,1.096436
0.455566,-0.375000,1.040527
-0.447754,-0.001099,0.838501
0.485718,-0.082031,1.162231
-0.001953,-0.319336,0.887817
-0.126831,0.211548,1.079834
0.496338,-0.351807,1.069214
-0.433105,-0.054932,0.834839
0.434570,-0.051147,1.164795
0.011475,-0.311523,0.888794
-0.197266,0.223999,1.067505
0.532349,-0.312500,1.107788
-0.407715,-0.106201,0.820679
0.379639,0.006226,1.169434
0.066284,-0.358521,0.895752
-0.253784,0.200562,1.017578
0.571167,-0.301392,1.131226
-0.378662,-0.161499,0.809692
0.312256,0.036377,1.152344
0.135254,-0.368774,0.911743
-0.303101,0.159302,0.971436
0.582764,-0.283569,1.134399
-0.335449,-0.200195,0.821167
0.244019,0.081787,1.146484
0.198608,-0.400635,0.925537
-0.343750,0.130615,0.928955
0.582031,-0.253906,1.131470
-0.292480,-0.230591,0.836548
0.176147,0.103149,1.132568
0.265869,-0.413940,0.941162
-0.396240,0.121460,0.895264
0.578613,-0.235474,1.134033
-0.245728,-0.253296,0.852661
0.100220,0.135620,1.118164
0.318359,-0.404297,0.968872
-0.418701,0.105469,0.876709
0.578125,-0.205811,1.146484
-0.195801,-0.250854,0.863403
0.036133,0.160645,1.115112
0.361328,-0.397583,0.992310
-0.435425,0.065186,0.860962
0.551392,-0.169922,1.150024
-0.109375,-0.279907,0.880981
-0.025635,0.176392,1.104492
0.405518,-0.377441,1.011475
-0.440430,0.020508,0.848511
0.521973,-0.125854,1.156982
-0.046265,-0.303589,0.877319
-0.084106,0.190308,1.093262
0.449097,-0.368896,1.035522
-0.447632,-0.011108,0.836060
0.488525,-0.099731,1.163818
-0.035278,-0.299194,0.871704
-0.148315,0.203003,1.075684
0.488159,-0.330688,1.072754
-0.448608,-0.052856,0.821655
0.433838,-0.048584,1.175171
0.010498,-0.333862,0.873535
-0.223145,0.211792,1.040527
0.535400,-0.311523,1.102417
-0.425049,-0.103271,0.806274
0.364990,-0.011841,1.163818
0.064087,-0.343506,0.904419
-0.266357,0.177002,0.999756
0.557251,-0.296021,1.121582
-0.390747,-0.160889,0.798950
0.292969,0.034180,1.146118
0.134766,-0.366943,0.910645
-0.324585,0.156372,0.952637
0.570679,-0.262939,1.130981
-0.340088,-0.211548,0.812378
0.219482,0.080811,1.136963
0.203003,-0.407959,0.922363
-0.371338,0.131958,0.918823
0.569580,-0.254272,1.124634
-0.287109,-0.232056,0.830566
0.141357,0.104858,1.113525
0.264648,-0.400757,0.953003
-0.406616,0.104980,0.890137
0.555298,-0.212769,1.131958
-0.240234,-0.257568,0.836914
0.067993,0.124634,1.104858
0.314819,-0.384399,0.963379
-0.437500,0.069336,0.861572
0.541016,-0.176880,1.140747
-0.173462,-0.291260,0.844971
0.001587,0.148560,1.096680
0.357788,-0.382690,0.985596
-0.450195,0.041260,0.854614
0.519775,-0.140259,1.151489
-0.102783,-0.325928,0.843506
-0.066284,0.162231,1.079224
0.415649,-0.375977,1.012451
-0.465210,0.004150,0.833374
0.478760,-0.103394,1.162964
-0.075317,-0.308350,0.854004
-0.133057,0.187012,1.071289
0.451660,-0.348511,1.037109
-0.465698,-0.038940,0.810303
0.438721,-0.055176,1.165283
-0.037964,-0.297363,0.858154
-0.218628,0.213013,1.041260
0.498169,-0.330444,1.074341
-0.444214,-0.082764,0.806519
0.375000,-0.021851,1.148560
0.014404,-0.324951,0.867065
-0.277222,0.196167,0.997925
0.530884,-0.309448,1.089966
-0.410767,-0.161621,0.789429
0.301514,0.026855,1.147827
0.087402,-0.361938,0.869507
-0.344849,0.161621,0.940552
0.547485,-0.289917,1.104980
-0.355347,-0.216553,0.794556
0.213623,0.066772,1.129028
0.161133,-0.398926,0.889771
-0.396606,0.124756,0.896606
0.546021,-0.265991,1.108887
-0.311768,-0.251099,0.805420
0.132202,0.089844,1.101196
0.234741,-0.395508,0.921875
-0.434814,0.107544,0.873413
0.539429,-0.225952,1.117188
-0.252563,-0.278809,0.815552
0.049561,0.113159,1.083130
0.293091,-0.381226,0.942627
-0.460571,0.078369,0.846558
0.525879,-0.194092,1.124268
-0.152344,-0.313477,0.829712
-0.040771,0.135742,1.062744
0.354126,-0.372437,0.976318
-0.474609,0.022583,0.814209
0.492188,-0.147827,1.129761
-0.120972,-0.320068,0.819580
-0.121094,0.163696,1.042358
0.405518,-0.357544,1.002930
-0.480225,-0.024658,0.801147
0.436523,-0.082886,1.149902
-0.075928,-0.301514,0.837280
-0.218872,0.193970,1.018921
0.459717,-0.334717,1.041626
-0.474365,-0.066650,0.782104
0.358521,-0.036133,1.137573
-0.009888,-0.335938,0.853394
-0.293335,0.164551,0.974365
0.490723,-0.310059,1.065918
-0.426025,-0.138306,0.778931
0.269531,0.019165,1.129150
0.077881,-0.374023,0.859009
-0.379028,0.152466,0.924683
0.512695,-0.282104,1.081787
-0.367554,-0.204956,0.780884
0.176147,0.049438,1.100342
0.162109,-0.376953,0.904663
-0.433228,0.118042,0.882690
0.522583,-0.243896,1.098145
-0.327759,-0.234375,0.787598
0.074097,0.088379,1.079224
0.258911,-0.385986,0.923950
-0.474243,0.074219,0.839355
0.502441,-0.204590,1.098633
-0.203125,-0.292603,0.809448
-0.026123,0.114502,1.048706
0.318115,-0.383057,0.945190
-0.485718,0.014160,0.803345
0.465820,-0.158325,1.115723
-0.145264,-0.301025,0.801758
-0.143311,0.155029,1.023315
0.385986,-0.354614,0.987305
-0.497803,-0.043701,0.782837
0.406494,-0.095093,1.126953
-0.098511,-0.310425,0.814331
-0.262329,0.191650,0.990234
0.449463,-0.328003,1.024048
-0.470337,-0.106323,0.756470
0.315552,-0.022583,1.123047
-0.000244,-0.345337,0.832764
-0.355713,0.176636,0.932617
0.485596,-0.296875,1.054077
-0.411499,-0.200073,0.748413
0.199219,0.038330,1.097534
0.119263,-0.375854,0.877686
-0.438843,0.140137,0.881714
0.497070,-0.248291,1.082153
-0.363525,-0.237915,0.765869
0.087402,0.075562,1.067871
0.220581,-0.385010,0.905029
-0.479004,0.084717,0.839111
0.490601,-0.215820,1.080933
-0.230835,-0.304443,0.782837
-0.041260,0.107056,1.027710
0.298706,-0.379150,0.936401
-0.501343,0.013794,0.788940
0.455811,-0.161743,1.100586
-0.171997,-0.331055,0.766846
-0.179565,0.161743,1.000244
0.384155,-0.357300,0.969727
-0.501221,-0.039185,0.769897
0.385254,-0.090210,1.102295
-0.102173,-0.328125,0.797485
-0.302856,0.190918,0.957153
0.442383,-0.331421,1.012939
-0.472412,-0.122314,0.743652
0.284546,-0.011597,1.111816
0.014771,-0.353882,0.827026
-0.414429,0.186279,0.909546
0.467896,-0.285400,1.034058
-0.421631,-0.206665,0.742554
0.157349,0.046143,1.079224
0.148438,-0.385742,0.876343
-0.490356,0.135742,0.858154
0.468750,-0.241211,1.054565
-0.321777,-0.250488,0.765747
0.028931,0.079956,1.045532
0.243042,-0.388550,0.906860
-0.506226,0.055908,0.814819
0.452148,-0.188965,1.073364
-0.212646,-0.297729,0.750977
-0.120117,0.124512,1.006592
0.334961,-0.371338,0.947998
-0.509644,-0.022705,0.774536
0.407593,-0.123047,1.093628
-0.175415,-0.307861,0.773071
-0.259521,0.177734,0.966187
0.404175,-0.345215,0.980835
-0.510376,-0.089478,0.750244
0.322388,-0.064453,1.090088
-0.067993,-0.335327,0.795410
-0.380371,0.185303,0.916626
0.431885,-0.307861,1.007690
-0.455078,-0.182861,0.724121
0.211792,0.011108,1.084717
0.052979,-0.377441,0.836914
-0.472778,0.182983,0.875610
0.458130,-0.270874,1.026978
-0.411621,-0.222290,0.740112
0.085449,0.050171,1.052246
0.172852,-0.399902,0.869995
-0.511597,0.121094,0.829956
0.454102,-0.231079,1.039062
-0.285645,-0.253174,0.768677
-0.023682,0.085938,1.015503
0.258301,-0.409302,0.893799
-0.525513,0.064453,0.804321
0.426392,-0.173584,1.054077
-0.218628,-0.295166,0.740479
-0.168213,0.151123,0.991089
0.339722,-0.403809,0.931152
-0.538086,0.000854,0.766113
0.377319,-0.107300,1.069946
-0.161743,-0.299561,0.768555
-0.293091,0.177124,0.948853
0.388794,-0.376587,0.974976
-0.516602,-0.075317,0.744385
0.301270,-0.044189,1.080933
-0.081787,-0.311523,0.785278
-0.394897,0.181396,0.907227
0.431519,-0.353882,0.994873
-0.476196,-0.162354,0.715698
0.196167,0.011475,1.057739
0.026367,-0.346313,0.824341
-0.481079,0.173584,0.867676
0.448486,-0.289185,1.024414
-0.419189,-0.225586,0.734375
0.077881,0.062500,1.028198
0.132812,-0.376953,0.853516
-0.520020,0.126587,0.816406
0.448242,-0.243408,1.031616
-0.302612,-0.274902,0.759155
-0.032593,0.101318,1.009888
0.227295,-0.403320,0.871704
-0.551147,0.080200,0.786743
0.429810,-0.200684,1.039795
-0.230469,-0.312378,0.727051
-0.158813,0.144165,0.989380
0.310181,-0.414307,0.907593
-0.562866,0.040649,0.764526
0.392700,-0.151733,1.056763
-0.185547,-0.323364,0.741333
-0.275269,0.177124,0.956909
0.372070,-0.392822,0.943848
-0.555786,-0.040527,0.733765
0.318359,-0.077148,1.063110
-0.113159,-0.331909,0.763306
-0.382080,0.182495,0.901611
0.403809,-0.351929,0.963989
-0.505859,-0.106812,0.716553
0.223267,0.000977,1.057129
-0.016968,-0.362671,0.800171
-0.471436,0.187134,0.866577
0.424805,-0.297607,1.002441
-0.470825,-0.196167,0.712769
0.102783,0.061890,1.033325
0.091431,-0.386597,0.827759
-0.528931,0.159912,0.838379
0.435791,-0.260376,1.010254
-0.366089,-0.235229,0.741821
0.008789,0.088989,1.013916
0.184448,-0.410156,0.854370
-0.561523,0.109863,0.799927
0.431030,-0.226807,1.020508
-0.281128,-0.327271,0.713623
-0.109741,0.119751,0.984009
0.271240,-0.412964,0.889160
-0.578857,0.054932,0.766479
0.404053,-0.167358,1.036621
-0.218872,-0.326172,0.732422
-0.232666,0.165161,0.969482
0.347534,-0.387085,0.934326
-0.570435,-0.007812,0.743286
0.345947,-0.104248,1.044189
-0.163574,-0.329102,0.746704
-0.342651,0.182007,0.908447
0.389404,-0.359497,0.962891
-0.535522,-0.073853,0.708008
0.252319,-0.025635,1.046265
-0.074585,-0.369507,0.767212
-0.444336,0.209229,0.889404
0.422363,-0.326050,0.978882
-0.502930,-0.143677,0.709961
0.152222,0.032593,1.033325
0.032471,-0.388550,0.803589
-0.525269,0.204224,0.856079
0.439941,-0.286011,1.001465
-0.423340,-0.188110,0.736450
0.057861,0.068726,1.029785
0.137451,-0.406250,0.829102
-0.567505,0.163330,0.814087
0.430542,-0.247314,0.998535
-0.308350,-0.262939,0.737305
-0.050781,0.103882,0.994141
0.222046,-0.403564,0.868530
-0.579346,0.097534,0.779297
0.406250,-0.187866,1.017334
-0.240723,-0.314941,0.713379
-0.180420,0.143311,0.971924
0.306885,-0.378540,0.909790
-0.577393,0.034546,0.750366
0.361328,-0.125610,1.030884
-0.170410,-0.324707,0.726562
-0.298828,0.174072,0.912231
0.371216,-0.371338,0.929810
-0.556030,-0.028931,0.728516
0.286743,-0.053467,1.038818
-0.105347,-0.365967,0.744751
-0.408447,0.192627,0.885742
0.402466,-0.349976,0.948120
-0.527344,-0.098511,0.710449
0.186523,0.008179,1.032715
-0.011597,-0.374878,0.786987
-0.505859,0.212646,0.862427
0.425415,-0.302368,0.977783
-0.460693,-0.167358,0.722290
0.082397,0.061890,1.023193
0.099365,-0.393066,0.821289
-0.567627,0.193970,0.828247
0.432739,-0.250488,0.993408
-0.351440,-0.230835,0.735107
-0.004639,0.101074,1.015381
0.199097,-0.407837,0.862793
-0.597778,0.136963,0.786865
0.409912,-0.212036,1.001831
-0.257935,-0.273560,0.731323
-0.131348,0.151123,0.982422
0.283936,-0.388062,0.899658
-0.588745,0.071045,0.761230
0.373169,-0.152710,1.012329
-0.193604,-0.319092,0.714355
-0.252563,0.167480,0.923096
0.358398,-0.366943,0.929077
-0.577148,-0.000244,0.739380
0.304810,-0.075562,1.024292
-0.138428,-0.368530,0.718262
-0.369873,0.197876,0.889282
0.405762,-0.347412,0.951416
-0.532471,-0.071533,0.718140
0.201416,0.002563,1.020752
-0.053955,-0.396240,0.763062
-0.475586,0.219727,0.862671
0.419556,-0.293823,0.974609
-0.472168,-0.151978,0.719971
0.096924,0.063354,1.027710
0.058960,-0.409058,0.797729
-0.556274,0.211548,0.829712
0.436401,-0.247803,0.996094
-0.368286,-0.210205,0.738037
0.011841,0.108154,1.014404
0.173096,-0.421997,0.834961
-0.594971,0.159790,0.791748
0.420898,-0.192993,1.010376
-0.268677,-0.287842,0.713501
-0.091309,0.149292,0.992554
0.277466,-0.405273,0.887817
-0.611572,0.096558,0.765991
0.389526,-0.150391,1.007446
-0.197021,-0.326416,0.713867
-0.220215,0.170288,0.946045
0.355957,-0.378540,0.921265
-0.581909,0.025269,0.741333
0.309692,-0.085938,1.009399
-0.131958,-0.378174,0.711548
-0.351074,0.205811,0.894897
0.404907,-0.355835,0.937012
-0.540161,-0.058350,0.711548
0.204224,0.003052,1.008789
-0.056274,-0.391968,0.748047
-0.457886,0.233276,0.874878
0.426147,-0.294922,0.974609
-0.475098,-0.143677,0.728027
0.102783,0.073730,1.021729
0.054932,-0.402466,0.792358
-0.545288,0.220825,0.827881
0.432983,-0.249146,0.982300
-0.355957,-0.209961,0.740112
0.016113,0.112671,1.016235
0.166870,-0.414795,0.831299
-0.595581,0.176025,0.790894
0.427490,-0.198975,0.997559
-0.253418,-0.278564,0.725464
-0.099365,0.157959,0.987549
0.275391,-0.395264,0.885864
-0.608887,0.103516,0.761719
0.386475,-0.144409,0.999146
-0.181885,-0.331177,0.716553
-0.224854,0.188599,0.943359
0.364624,-0.372925,0.918945
-0.581177,0.012207,0.735352
0.295410,-0.068481,1.007080
-0.114990,-0.368896,0.722900
-0.367920,0.209839,0.888794
0.413452,-0.337524,0.956665
-0.531128,-0.080566,0.713745
0.187500,0.006592,1.002930
-0.025146,-0.375610,0.762695
-0.487915,0.239136,0.858398
0.435669,-0.268066,0.972290
-0.432983,-0.176514,0.736572
0.072266,0.084595,1.025269
0.090332,-0.396851,0.808716
-0.558594,0.203613,0.811523
0.437622,-0.210327,0.992432
-0.303589,-0.229614,0.747925
-0.031616,0.132202,0.997925
0.212402,-0.406738,0.854980
-0.590332,0.150757,0.775513
0.415283,-0.159546,1.000000
-0.212158,-0.293213,0.730469
-0.152588,0.163330,0.958740
0.328247,-0.409302,0.888672
-0.589844,0.090698,0.762329
0.361328,-0.102051,1.011597
-0.148804,-0.326294,0.720093
-0.285278,0.196167,0.911499
0.397949,-0.373291,0.928711
-0.552612,-0.019165,0.724121
0.250854,-0.020752,1.000977
-0.071777,-0.374268,0.738159
-0.417114,0.209717,0.865479
0.425415,-0.313110,0.955933
-0.484741,-0.125854,0.721069
0.133667,0.058472,1.010620
0.019775,-0.364746,0.783936
-0.514404,0.226807,0.835327
0.425415,-0.208008,1.001343
-0.373413,-0.208740,0.749023
-0.082275,0.127319,0.994263
0.241211,-0.425659,0.861938
-0.592407,0.095703,0.766357
0.402100,-0.154541,1.013672
-0.209106,-0.296753,0.724365
-0.222412,0.169434,0.958862
0.346802,-0.401123,0.916382
-0.580811,0.002319,0.733887
0.320557,-0.094604,1.014771
-0.152466,-0.334839,0.728516
-0.349976,0.192749,0.897705
0.404663,-0.356689,0.950439
-0.537354,-0.081543,0.723999
0.200928,0.006836,1.019653
-0.061646,-0.369019,0.762451
-0.463501,0.211670,0.869629
0.427002,-0.292236,0.980347
-0.471313,-0.173584,0.708862
0.086182,0.069702,1.019043
0.053589,-0.386719,0.799927
-0.548462,0.202271,0.829102
0.443359,-0.243530,1.010376
-0.337158,-0.231201,0.743408
-0.018066,0.114502,1.003906
0.182007,-0.409424,0.842896
-0.584351,0.135986,0.776611
0.417236,-0.192017,0.996582
-0.242676,-0.289062,0.725586
-0.138550,0.153809,0.978760
0.296509,-0.393921,0.892456
-0.599487,0.081177,0.749512
0.363281,-0.125000,1.010498
-0.169922,-0.340698,0.712158
-0.276367,0.184937,0.920898
0.378052,-0.384155,0.924805
-0.565430,-0.016113,0.722290
0.265259,-0.030273,1.017212
-0.106445,-0.366333,0.729004
-0.414429,0.213501,0.884033
0.426147,-0.325195,0.960327
-0.514404,-0.123413,0.704956
0.131226,0.051147,1.015259
0.010376,-0.376709,0.777954
-0.519897,0.218140,0.856323
0.435303,-0.261108,0.991333
-0.381836,-0.211914,0.746216
0.021484,0.107544,1.013794
0.131470,-0.385742,0.828613
-0.579956,0.169922,0.789185
0.434814,-0.208618,0.999023
-0.254761,-0.275879,0.734375
-0.101318,0.152100,0.986816
0.260498,-0.391968,0.877075
-0.594238,0.098633,0.751831
0.384766,-0.134766,1.015625
-0.183960,-0.311890,0.720703
-0.232666,0.186646,0.940918
0.357788,-0.387817,0.909668
-0.579712,0.019409,0.732666
0.295776,-0.061279,1.006470
-0.115234,-0.372192,0.714966
-0.377930,0.222900,0.896606
0.424072,-0.349121,0.953613
-0.533936,-0.092896,0.702026
0.162842,0.025879,1.000366
-0.019409,-0.373779,0.778076
-0.496704,0.222656,0.860962
0.445557,-0.271973,0.988525
-0.403442,-0.170288,0.750488
0.035645,0.097778,1.007812
0.112061,-0.366699,0.821655
-0.559692,0.188965,0.807007
0.439697,-0.206055,1.001099
-0.274780,-0.284912,0.732666
-0.077148,0.133911,0.979736
0.241943,-0.394043,0.867676
-0.598267,0.125366,0.754028
0.406616,-0.140381,1.013428
-0.179443,-0.326538,0.727051
-0.219971,0.174438,0.947144
0.343750,-0.386719,0.906006
-0.583496,0.034180,0.728882
0.324341,-0.061890,1.015137
-0.108276,-0.361938,0.714478
-0.359985,0.206909,0.890747
0.413574,-0.350342,0.943970
-0.541138,-0.077148,0.697266
0.183105,0.024414,1.001343
-0.023071,-0.364258,0.766968
-0.482788,0.224365,0.858032
0.445435,-0.287598,0.980347
-0.427246,-0.158447,0.746826
0.061401,0.102417,1.010742
0.107422,-0.369019,0.823120
-0.558472,0.203369,0.809692
0.440430,-0.203125,1.004272
-0.278076,-0.252808,0.750488
-0.061401,0.131592,0.979858
0.233398,-0.378296,0.869385
-0.587769,0.131958,0.765137
0.404785,-0.135986,1.005859
-0.169556,-0.316040,0.742676
-0.199707,0.174438,0.942017
0.341309,-0.390381,0.898926
-0.581909,0.055542,0.739990
0.330200,-0.061523,1.019287
-0.099365,-0.352051,0.726685
-0.343994,0.209229,0.893799
0.399902,-0.359985,0.936768
-0.545044,-0.077515,0.704224
0.209961,0.013306,1.003174
-0.024780,-0.367920,0.767700
-0.474121,0.232056,0.861328
0.447876,-0.294922,0.970825
-0.428101,-0.151245,0.744995
0.074707,0.087280,1.011353
0.100220,-0.371948,0.810425
-0.552246,0.206299,0.822998
0.446777,-0.225586,0.995239
-0.293823,-0.249268,0.754272
-0.044556,0.129395,0.988892
0.221802,-0.378418,0.865356
-0.589111,0.149536,0.774292
0.423462,-0.152588,1.011719
-0.176270,-0.287231,0.753418
-0.182373,0.161621,0.940430
0.325195,-0.379639,0.900146
-0.580444,0.069214,0.751099
0.345459,-0.063721,1.012451
-0.098511,-0.364624,0.725220
-0.320679,0.194214,0.887451
0.402344,-0.350098,0.936279
-0.547852,-0.052368,0.699829
0.225342,0.003418,0.994385
-0.027954,-0.365967,0.757935
-0.438354,0.228394,0.861328
0.437378,-0.290161,0.973267
-0.458740,-0.161865,0.726196
0.097290,0.081177,1.012817
0.077881,-0.372314,0.803589
-0.520874,0.208130,0.823853
0.449829,-0.226685,0.996704
-0.324097,-0.218750,0.750366
-0.012939,0.131470,1.002563
0.200806,-0.391357,0.853516
-0.584473,0.164185,0.781738
0.429199,-0.160400,1.020386
-0.197144,-0.297119,0.745728
-0.137085,0.173218,0.967163
0.310059,-0.395386,0.892090
-0.588501,0.093628,0.751221
0.379272,-0.102661,1.013550
-0.114258,-0.360840,0.723389
-0.271729,0.201050,0.911255
0.395264,-0.367676,0.928589
-0.554688,-0.011108,0.714233
0.270874,-0.014893,1.000732
-0.052856,-0.387939,0.725220
-0.396240,0.213501,0.875366
0.436646,-0.317383,0.962158
-0.488281,-0.101196,0.735229
0.143311,0.048340,1.003906
0.046875,-0.376831,0.791992
-0.499390,0.213013,0.830078
0.449219,-0.241455,0.983887
-0.367676,-0.200439,0.757080
0.030518,0.120117,1.007324
0.163940,-0.387939,0.835205
-0.567993,0.185425,0.783203
0.439209,-0.172974,1.009766
-0.231689,-0.264893,0.749634
-0.090088,0.159912,0.973145
0.278564,-0.388550,0.883545
-0.588623,0.135254,0.759033
0.402954,-0.121582,1.016602
-0.131836,-0.335571,0.743164
-0.208862,0.178833,0.933960
0.361694,-0.385864,0.907471
-0.565552,0.064087,0.749756
0.325562,-0.057251,1.003784
-0.065308,-0.386841,0.727051
-0.340576,0.183716,0.872803
0.411499,-0.334106,0.939087
-0.510864,-0.066040,0.722412
0.208008,0.019897,1.006104
0.001953,-0.369751,0.765503
-0.451172,0.200928,0.836914
0.440918,-0.292236,0.959229
-0.427856,-0.140869,0.753174
0.108398,0.086060,1.021118
0.096191,-0.375732,0.808960
-0.546753,0.192505,0.806763
0.450562,-0.236694,0.983521
-0.296997,-0.221436,0.764648
-0.012329,0.146973,0.999146
0.223877,-0.380249,0.867798
-0.578735,0.154419,0.774780
0.427734,-0.166138,1.008301
-0.176636,-0.300293,0.757080
-0.139648,0.166016,0.954590
0.321899,-0.375488,0.891846
-0.571411,0.105103,0.769897
0.370850,-0.090332,1.018311
-0.088989,-0.367188,0.743896
-0.281250,0.170898,0.886719
0.385132,-0.351562,0.926514
-0.529175,-0.008911,0.733887
0.276611,-0.013550,1.000000
-0.019897,-0.377441,0.757935
-0.388062,0.171753,0.848267
0.427490,-0.313599,0.953979
-0.497559,-0.100464,0.724731
0.161133,0.052002,1.016357
0.063354,-0.384155,0.796143
-0.499756,0.192627,0.828735
0.457031,-0.256714,0.990845
-0.370850,-0.161133,0.763672
0.042114,0.114868,1.004150
0.178711,-0.390991,0.841553
-0.569580,0.165527,0.777466
0.452515,-0.209473,0.999512
-0.235352,-0.243408,0.761230
-0.083130,0.176758,0.981445
0.283203,-0.376465,0.878418
-0.582764,0.122314,0.760010
0.413696,-0.154663,1.012085
-0.116699,-0.332886,0.760254
-0.203125,0.170532,0.917358
0.352905,-0.366333,0.905884
-0.558350,0.062866,0.753540
0.343384,-0.069702,1.016968
-0.054321,-0.389038,0.741943
-0.317749,0.162354,0.862915
0.410645,-0.338135,0.934692
-0.515015,-0.053955,0.735352
0.228516,0.009033,1.012939
0.004272,-0.395874,0.753662
-0.426880,0.172119,0.834473
0.445923,-0.319092,0.953735
-0.439697,-0.108032,0.756226
0.124634,0.086548,1.016724
0.086060,-0.383179,0.798218
-0.512085,0.174683,0.797607
0.455200,-0.270996,0.982666
-0.355957,-0.186646,0.759644
0.038818,0.120728,1.010376
0.181152,-0.387329,0.845215
-0.567871,0.156372,0.770630
0.445312,-0.220093,0.988159
-0.256226,-0.220703,0.767700
-0.049805,0.149048,0.988403
0.276001,-0.412842,0.877686
-0.583740,0.111694,0.764038
0.427734,-0.166748,1.012207
-0.161987,-0.263306,0.776611
-0.164429,0.165771,0.937622
0.354980,-0.403809,0.909912
-0.566772,0.063110,0.766968
0.373779,-0.110962,1.017944
-0.085327,-0.339478,0.763916
-0.243042,0.176636,0.891968
0.393921,-0.348511,0.928467
-0.542480,-0.008423,0.752930
0.322144,-0.077148,1.004395
-0.034668,-0.384277,0.758545
-0.318726,0.170532,0.851807
0.419067,-0.335205,0.940674
-0.505249,-0.058228,0.748047
0.239990,-0.013672,1.006836
0.017700,-0.420410,0.756592
-0.391968,0.156738,0.820190
0.447876,-0.312256,0.956055
-0.471191,-0.092896,0.749756
0.169312,0.021729,1.008789
0.064941,-0.432129,0.777344
-0.459961,0.182983,0.811279
0.453369,-0.268677,0.969604
-0.427368,-0.132812,0.753906
0.105469,0.073730,1.023926
0.111816,-0.416748,0.801880
-0.518921,0.182861,0.799805
0.459595,-0.240356,0.979126
-0.360352,-0.168701,0.766968
0.020630,0.122681,1.016479
0.193481,-0.425415,0.838379
-0.561890,0.155151,0.770508
0.454712,-0.224487,0.993896
-0.266602,-0.189697,0.785400
-0.057983,0.145752,0.983887
0.261353,-0.415527,0.871948
-0.567383,0.116333,0.752197
0.436523,-0.172607,1.006592
-0.180054,-0.257202,0.778564
-0.125122,0.159180,0.958252
0.323975,-0.414917,0.900269
-0.564209,0.091431,0.763062
0.397095,-0.111694,1.020874
-0.097778,-0.313965,0.787598
-0.202026,0.164551,0.938477
0.380737,-0.407104,0.918579
-0.555542,0.040283,0.752319
0.350464,-0.093140,1.009644
-0.048462,-0.366821,0.758911
-0.272095,0.166748,0.892334
0.413330,-0.371582,0.939209
-0.530151,-0.026489,0.740601
0.278687,-0.040649,1.000854
0.003418,-0.403198,0.758301
-0.347778,0.148560,0.852173
0.445801,-0.353394,0.950684
-0.494995,-0.088257,0.733398
0.192261,0.022217,1.004395
0.052368,-0.419312,0.763794
-0.427124,0.137329,0.810791
0.463745,-0.332031,0.967773
-0.445435,-0.129272,0.753906
0.113892,0.078979,1.009888
0.107300,-0.412842,0.793335
-0.500366,0.125122,0.774414
0.470581,-0.290894,0.985718
-0.353882,-0.192627,0.767212
0.025879,0.136230,1.008545
0.198364,-0.411377,0.835693
-0.548218,0.119995,0.756836
0.463989,-0.254028,0.996094
-0.236938,-0.240601,0.785522
-0.070435,0.161377,0.986450
0.278198,-0.409668,0.872314
-0.572510,0.111572,0.758667
0.422729,-0.200073,0.994385
-0.120117,-0.334351,0.794067
-0.166138,0.161987,0.948730
0.353027,-0.393555,0.911133
-0.554199,0.053833,0.751099
0.356567,-0.117798,1.005493
-0.030273,-0.396973,0.771362
-0.268555,0.149414,0.888306
0.412109,-0.382935,0.933228
-0.518066,-0.044922,0.738525
0.260010,-0.037109,0.997681
0.031860,-0.424927,0.759644
-0.379028,0.142456,0.837036
0.455200,-0.349854,0.963867
-0.459839,-0.128296,0.746826
0.141846,0.043213,1.003906
0.092163,-0.440552,0.774658
-0.472412,0.119995,0.792847
0.469849,-0.286377,0.992065
-0.361938,-0.174194,0.760132
0.026978,0.118896,1.005005
0.203735,-0.439209,0.828125
-0.544922,0.079956,0.750732
0.454468,-0.247803,1.003784
-0.232544,-0.253784,0.783813
-0.091553,0.166870,0.985596
0.308228,-0.410156,0.898438
-0.564941,0.071533,0.755859
0.401855,-0.169556,1.005859
-0.074707,-0.372192,0.778076
-0.209595,0.157959,0.928833
0.391235,-0.384155,0.933838
-0.526855,-0.021362,0.751343
0.296875,-0.072754,0.996948
0.020508,-0.425049,0.771851
-0.330688,0.121582,0.845581
0.440674,-0.348755,0.956421
-0.472168,-0.113525,0.743774
0.167358,0.027710,1.010132
0.090088,-0.445923,0.779053
-0.460083,0.113770,0.799072
0.468018,-0.312500,0.974365
-0.373779,-0.188477,0.749634
0.042114,0.121338,1.011475
0.201904,-0.435547,0.837646
-0.531616,0.096680,0.760986
0.462036,-0.260254,1.003174
-0.237549,-0.253906,0.786499
-0.096191,0.154785,0.977051
0.310425,-0.421509,0.892456
-0.553833,0.064697,0.762573
0.404541,-0.164795,1.022217
-0.068115,-0.361694,0.786865
-0.216919,0.160034,0.935181
0.385376,-0.400635,0.924927
-0.523071,-0.027222,0.751221
0.313110,-0.070923,1.005615
0.029419,-0.421509,0.779297
-0.344238,0.150146,0.865234
0.444458,-0.360107,0.963379
-0.471191,-0.134155,0.741577
0.184814,0.010864,1.010376
0.091553,-0.435791,0.784180
-0.443726,0.135254,0.810181
0.468872,-0.304199,0.984985
-0.387329,-0.210083,0.744263
0.052979,0.096680,1.012451
0.202759,-0.440674,0.843262
-0.510498,0.073853,0.762329
0.462280,-0.249634,1.013550
-0.248413,-0.236084,0.789185
-0.083740,0.150269,0.987061
0.310791,-0.447754,0.888428
-0.535034,0.046753,0.754517
0.402344,-0.167847,1.017578
-0.083130,-0.317505,0.800903
-0.201538,0.158203,0.943237
0.380859,-0.411621,0.927246
-0.507690,-0.034790,0.751831
0.320801,-0.080078,1.017578
0.014771,-0.407837,0.780273
-0.318848,0.141724,0.876099
0.445923,-0.370850,0.955566
-0.464111,-0.116943,0.756470
0.191162,-0.010254,1.005371
0.094238,-0.445435,0.795288
-0.431641,0.115845,0.804565
0.463501,-0.301758,0.982910
-0.381836,-0.199585,0.753662
0.062134,0.082275,1.019775
0.201782,-0.449585,0.837646
-0.503662,0.076660,0.763306
0.465576,-0.270386,1.005005
-0.267456,-0.233765,0.781372
-0.065674,0.139893,0.994995
0.316406,-0.443115,0.894775
-0.530273,0.040771,0.759277
0.412354,-0.177734,1.022095
-0.107300,-0.317017,0.800781
-0.188721,0.151855,0.945557
0.393066,-0.403564,0.938354
-0.505127,-0.034424,0.763794
0.330200,-0.096558,1.021851
0.015869,-0.408813,0.790161
-0.311401,0.142334,0.879883
0.452026,-0.374756,0.967163
-0.456299,-0.115723,0.760742
0.204346,-0.002075,1.025635
0.103394,-0.457397,0.797363
-0.419678,0.119995,0.822388
0.475464,-0.323120,0.994629
-0.384644,-0.191650,0.755737
0.072754,0.078735,1.018555
0.203125,-0.448486,0.842285
-0.495483,0.077393,0.767944
0.464233,-0.261230,1.013184
-0.262939,-0.228760,0.785767
-0.059692,0.128052,1.002930
0.311768,-0.453613,0.891602
-0.523193,0.052490,0.768921
0.417847,-0.179688,1.020020
-0.112793,-0.290771,0.811401
-0.186646,0.148804,0.959961
0.391724,-0.416382,0.934326
-0.501099,-0.037720,0.761353
0.336792,-0.076782,1.031494
0.029053,-0.402466,0.804565
-0.312988,0.156616,0.895264
0.455078,-0.381592,0.969360
-0.442383,-0.155396,0.758667
0.217896,-0.006470,1.031006
0.105957,-0.435303,0.806763
-0.424561,0.132812,0.831421
0.482544,-0.321167,0.999878
-0.368286,-0.206055,0.756592
0.070435,0.060669,1.020508
0.233276,-0.466064,0.848877
-0.488892,0.066162,0.770264
0.467896,-0.260010,1.013428
-0.254272,-0.225342,0.794678
-0.065186,0.141846,1.007690
0.335205,-0.457275,0.910156
-0.523193,0.027832,0.774902
0.422974,-0.183105,1.032837
-0.100098,-0.313721,0.802734
-0.196045,0.166016,0.960938
0.417480,-0.409180,0.954590
-0.486816,-0.069946,0.757690
0.328125,-0.083862,1.037720
0.054565,-0.418457,0.814697
-0.314209,0.143311,0.891235
0.463135,-0.350220,0.990112
-0.433350,-0.139160,0.764160
0.197266,-0.009888,1.024048
0.117310,-0.439453,0.817749
-0.410034,0.120850,0.840332
0.488403,-0.298096,1.013550
-0.352539,-0.208130,0.767578
0.056030,0.087158,1.023804
0.249634,-0.482056,0.859131
-0.491943,0.049683,0.755249
0.470337,-0.248779,1.029053
-0.233154,-0.240967,0.792358
-0.072388,0.169434,1.013306
0.342285,-0.448608,0.921997
-0.523193,0.030396,0.773315
0.428955,-0.179443,1.053345
-0.089600,-0.336426,0.808472
-0.187622,0.178345,0.978027
0.415405,-0.414185,0.957642
-0.489380,-0.043823,0.774658
0.349121,-0.109619,1.037354
0.044312,-0.426636,0.815674
-0.290894,0.156860,0.919067
0.470459,-0.359619,0.991943
-0.439575,-0.122681,0.766968
0.239136,-0.018677,1.031738
0.098022,-0.436768,0.819214
-0.370483,0.116089,0.870972
0.501831,-0.307983,1.028320
-0.381714,-0.186646,0.760010
0.124634,0.066528,1.033936
0.208740,-0.458740,0.857300
-0.446533,0.069092,0.797363
0.507935,-0.287231,1.037109
-0.296753,-0.212891,0.790039
0.008423,0.136841,1.033936
0.304688,-0.468750,0.897095
-0.500366,0.050659,0.781738
0.464355,-0.228516,1.046387
-0.186890,-0.260620,0.818970
-0.086914,0.164795,1.017700
0.376343,-0.440430,0.941895
-0.509399,0.034058,0.788086
0.424194,-0.163574,1.052002
-0.060303,-0.331909,0.831543
-0.179199,0.177856,0.989990
0.424194,-0.395752,0.975952
-0.469238,-0.060791,0.776123
0.354126,-0.093872,1.059570
0.045410,-0.410156,0.827148
-0.271240,0.150513,0.932739
0.478394,-0.367554,1.009766
-0.430054,-0.113892,0.780273
0.272583,-0.039673,1.049805
0.095337,-0.420166,0.834473
-0.343262,0.132324,0.889404
0.504761,-0.319946,1.034546
-0.390625,-0.176514,0.770264
0.173462,0.042480,1.050659
0.185913,-0.444092,0.856689
-0.419556,0.119019,0.841064
0.519287,-0.294434,1.045654
-0.337402,-0.216797,0.770508
0.071533,0.101562,1.046265
0.270630,-0.460815,0.888306
-0.461670,0.065552,0.799072
0.496582,-0.253052,1.047974
-0.251099,-0.233032,0.808838
-0.022705,0.140259,1.037476
0.341187,-0.446411,0.930786
-0.491821,0.053101,0.803345
0.464478,-0.185425,1.065552
-0.143921,-0.275269,0.835815
-0.102051,0.171021,1.022339
0.397095,-0.426025,0.966431
-0.486572,0.013184,0.790283
0.430298,-0.125610,1.076172
-0.030029,-0.344360,0.843994
-0.181641,0.182983,1.007568
0.441284,-0.407715,0.992188
-0.468262,-0.057251,0.775513
0.374878,-0.074829,1.084229
0.055664,-0.412354,0.840210
-0.246216,0.180908,0.981201
0.480469,-0.374634,1.014160
-0.441040,-0.117065,0.777832
0.305176,-0.028198,1.073364
0.087158,-0.408081,0.839722
-0.315186,0.168091,0.936279
0.511475,-0.341675,1.039307
-0.406860,-0.162598,0.776489
0.229858,0.017578,1.070312
0.155273,-0.425171,0.862183
-0.384766,0.149536,0.889771
0.531006,-0.300781,1.066895
-0.361450,-0.203735,0.775757
0.144287,0.064819,1.055786
0.239746,-0.452148,0.889893
-0.423218,0.095337,0.826660
0.519287,-0.268066,1.066162
-0.292725,-0.232544,0.799072
0.061279,0.110474,1.052856
0.307739,-0.473145,0.906372
-0.466919,0.081787,0.809937
0.508179,-0.224976,1.071045
-0.223145,-0.250122,0.813232
-0.020386,0.161377,1.056152
0.364990,-0.460449,0.942871
-0.477417,0.058960,0.816040
0.488281,-0.174805,1.088135
-0.138672,-0.259155,0.840576
-0.103882,0.195312,1.049316
0.420898,-0.440918,0.981445
-0.468384,-0.018188,0.804565
0.436523,-0.118652,1.093994
-0.038818,-0.312134,0.859863
-0.163940,0.193604,1.029053
0.458008,-0.400879,1.017456
-0.452271,-0.072510,0.792847
0.388794,-0.076294,1.103271
0.055176,-0.382568,0.865356
-0.233765,0.207642,0.992554
0.495483,-0.353149,1.041016
-0.428589,-0.110596,0.785889
0.332031,-0.038208,1.097412
0.086914,-0.407349,0.858276
-0.290771,0.177612,0.962891
0.521729,-0.333862,1.051758
-0.393433,-0.148926,0.788574
0.268188,-0.006470,1.090088
0.143311,-0.414062,0.878418
-0.354980,0.169434,0.921997
0.542236,-0.295654,1.080444
-0.356934,-0.180176,0.798218
0.184326,0.044678,1.073853
0.224243,-0.453003,0.897583
-0.390381,0.099609,0.864136
0.543457,-0.252808,1.091431
-0.306641,-0.201172,0.807495
0.109619,0.102173,1.072388
0.293823,-0.482178,0.914917
-0.431152,0.071167,0.829102
0.527466,-0.226562,1.096924
-0.255493,-0.217529,0.823486
0.037354,0.147217,1.075806
0.353516,-0.470947,0.947754
-0.462524,0.050903,0.825684
0.510254,-0.191528,1.104736
-0.185425,-0.238281,0.834717
-0.032959,0.186890,1.065796
0.402954,-0.443970,0.978027
-0.461914,0.019897,0.823242
0.483154,-0.146851,1.109375
-0.113403,-0.257812,0.858521
-0.091187,0.214844,1.068604
0.443115,-0.412598,0.997192
-0.459839,-0.006226,0.822632
0.457397,-0.127075,1.114502
-0.028809,-0.318726,0.874512
-0.142700,0.206421,1.036865
0.482666,-0.386719,1.027710
-0.445801,-0.052612,0.807739
0.417847,-0.086792,1.124146
0.050171,-0.375977,0.886353
-0.186890,0.195068,1.020020
0.499023,-0.342773,1.051392
-0.428589,-0.097412,0.795898
0.377563,-0.047241,1.129639
0.074951,-0.382324,0.878784
-0.244995,0.204224,1.006958
0.519287,-0.315308,1.072754
-0.408813,-0.117432,0.798706
0.321899,-0.010864,1.111206
0.104370,-0.401367,0.884155
-0.298340,0.182983,0.977905
0.552490,-0.301025,1.102295
-0.386597,-0.139038,0.799683
0.267456,0.031738,1.111206
0.171387,-0.430298,0.894043
-0.331787,0.151733,0.942017
0.565796,-0.288696,1.109985
-0.347534,-0.182373,0.804443
0.211426,0.070923,1.103882
0.231201,-0.451904,0.911987
-0.375244,0.123535,0.901245
0.567139,-0.273560,1.101074
-0.305908,-0.201904,0.815063
0.154785,0.098877,1.095093
0.283691,-0.450317,0.931152
-0.399048,0.081665,0.858643
0.556274,-0.246704,1.114502
-0.263672,-0.208374,0.830933
0.094971,0.139282,1.097534
0.329956,-0.458130,0.953003
-0.418823,0.069458,0.853394
0.442749,-0.175049,1.065552
-0.223755,-0.212402,0.848755
-0.118530,0.175659,1.019775
0.370972,-0.432861,0.980225
-0.493530,-0.009521,0.788452
0.421997,-0.146362,1.081909
-0.039062,-0.350586,0.828491
-0.172607,0.183594,1.001099
0.446533,-0.394043,0.992920
-0.478760,-0.045166,0.781982
0.390625,-0.111694,1.070923
0.019409,-0.401733,0.833618
-0.218872,0.176025,0.976807
0.477051,-0.377441,1.008179
-0.464600,-0.083130,0.771362
0.347046,-0.063354,1.081299
0.069458,-0.431030,0.835815
-0.260376,0.168457,0.959473
0.490234,-0.356689,1.019653
-0.442993,-0.118164,0.766602
0.309692,-0.040039,1.085815
0.089233,-0.434082,0.837280
-0.298950,0.161743,0.947632
0.505005,-0.346069,1.034058
-0.422974,-0.130981,0.768188
0.267700,-0.005859,1.073853
0.117065,-0.425049,0.847656
-0.339233,0.161621,0.929443
0.524170,-0.322144,1.050049
-0.401123,-0.142578,0.779175
0.217529,0.024536,1.068848
0.175781,-0.446289,0.873291
-0.372925,0.140991,0.896973
0.534424,-0.300415,1.069458
-0.376709,-0.171509,0.774292
0.171265,0.055542,1.058472
0.226562,-0.461426,0.884155
-0.392578,0.103882,0.868164
0.534912,-0.284912,1.063721
-0.336182,-0.196045,0.787964
0.116821,0.078125,1.056396
0.263428,-0.461548,0.898315
-0.421143,0.068115,0.837036
0.537231,-0.263916,1.071289
-0.291748,-0.212769,0.808960
0.061401,0.116089,1.051758
0.309326,-0.461914,0.921753
-0.445801,0.045776,0.809937
0.516724,-0.234985,1.089233
-0.234863,-0.232300,0.820068
0.005493,0.145630,1.052246
0.342529,-0.448486,0.946533
-0.455811,0.038086,0.817139
0.498535,-0.190186,1.101196
-0.180176,-0.255493,0.833984
-0.049316,0.182373,1.057495
0.386475,-0.439819,0.969971
-0.468384,0.044312,0.819214
0.485352,-0.156982,1.105347
-0.118652,-0.266602,0.850952
-0.094849,0.196533,1.052002
0.418213,-0.423950,0.985229
-0.466797,0.005371,0.811646
0.460327,-0.131470,1.106445
-0.049438,-0.311646,0.860107
-0.141479,0.200073,1.040283
0.448608,-0.408691,1.010864
-0.459473,-0.028809,0.808228
0.434326,-0.101929,1.115112
0.018921,-0.354858,0.868530
-0.191040,0.199097,1.025269
0.477905,-0.386841,1.021484
-0.451416,-0.066650,0.797852
0.401855,-0.073730,1.118408
0.060425,-0.376465,0.872070
-0.231201,0.203003,1.012939
0.503540,-0.364258,1.047363
-0.427490,-0.103149,0.791382
0.344971,-0.028687,1.109131
0.082764,-0.371216,0.873657
-0.277588,0.187988,0.987793
0.533325,-0.331665,1.065918
-0.409180,-0.137329,0.787109
0.291870,0.010864,1.095093
0.134888,-0.388184,0.891968
-0.320923,0.178589,0.957520
0.560913,-0.306519,1.090454
-0.380249,-0.182861,0.780762
0.226196,0.045898,1.090454
0.191162,-0.424927,0.897095
-0.349854,0.132690,0.919800
0.559570,-0.297363,1.092896
-0.337646,-0.209717,0.797974
0.165894,0.075073,1.083130
0.250977,-0.451050,0.913940
-0.376831,0.099976,0.878418
0.558228,-0.262817,1.101929
-0.292603,-0.219238,0.820312
0.104614,0.112915,1.078247
0.301758,-0.457397,0.932617
-0.412842,0.074341,0.852905
0.545532,-0.223145,1.120239
-0.237549,-0.239868,0.828491
0.046753,0.144897,1.083374
0.342896,-0.434692,0.963623
-0.437012,0.071167,0.840820
0.526245,-0.195312,1.121948
-0.181152,-0.253784,0.852051
-0.009521,0.175415,1.081177
0.384521,-0.429810,0.977539
-0.451782,0.055664,0.838623
0.513794,-0.155518,1.125977
-0.123169,-0.258057,0.861694
-0.063110,0.211670,1.077759
0.418945,-0.415771,0.999390
-0.453247,0.026245,0.842407
0.491577,-0.129395,1.129517
-0.059937,-0.283447,0.873901
-0.106812,0.207520,1.068848
0.454956,-0.405518,1.021240
-0.457886,-0.011597,0.819336
0.461182,-0.104980,1.142944
0.005127,-0.341309,0.883789
-0.140869,0.220581,1.064453
0.475586,-0.378418,1.038208
-0.451538,-0.032227,0.819580
0.437256,-0.082886,1.133179
0.046265,-0.347900,0.891235
-0.175659,0.203735,1.050415
0.498413,-0.338135,1.062744
-0.437866,-0.073486,0.799561
0.395752,-0.045044,1.138184
0.064697,-0.368286,0.888672
-0.222534,0.199951,1.030396
0.531738,-0.327271,1.083374
-0.414062,-0.102295,0.803833
0.352295,-0.009521,1.118774
0.093506,-0.376099,0.903076
-0.273926,0.188232,1.007690
0.558228,-0.307739,1.110107
-0.393066,-0.138428,0.799194
0.307983,0.022461,1.128784
0.143921,-0.384644,0.911377
-0.304199,0.177246,0.976318
0.576294,-0.290527,1.125122
-0.361572,-0.178589,0.796753
0.253906,0.059204,1.115479
0.191528,-0.409912,0.920654
-0.327637,0.135376,0.934570
0.583496,-0.276978,1.128052
-0.322510,-0.207520,0.811768
0.194580,0.100952,1.111816
0.239990,-0.424805,0.921875
-0.358887,0.097534,0.898193
0.585083,-0.260254,1.132446
-0.292725,-0.227295,0.816406
0.150269,0.122925,1.108887
0.289551,-0.441406,0.932861
-0.395508,0.097168,0.872925
0.580566,-0.246582,1.130737
-0.254028,-0.244507,0.827759
0.096191,0.146362,1.109497
0.328735,-0.437012,0.954834
-0.424683,0.098267,0.867798
0.568848,-0.229736,1.131104
-0.214722,-0.249878,0.849365
0.048828,0.162964,1.104126
0.372437,-0.427490,0.976196
-0.443115,0.103149,0.863403
0.556152,-0.200073,1.132812
-0.171509,-0.247803,0.871704
0.011719,0.174927,1.100342
0.397217,-0.407227,1.002686
-0.443237,0.065918,0.854736
0.537720,-0.159424,1.145020
-0.132080,-0.252808,0.879639
-0.037842,0.195068,1.102173
0.427246,-0.403076,1.021362
-0.445312,0.052124,0.857422
0.514038,-0.134888,1.146973
-0.053467,-0.289795,0.896973
-0.073730,0.198853,1.100342
0.446899,-0.376343,1.034546
-0.448486,0.011963,0.848633
0.490479,-0.104248,1.160522
0.001221,-0.336914,0.901611
-0.107544,0.196777,1.087524
0.470703,-0.365601,1.054443
-0.445435,-0.014526,0.838623
0.463135,-0.072388,1.161011
0.029297,-0.339966,0.901123
-0.143311,0.196777,1.074951
0.489014,-0.343262,1.077148
-0.439575,-0.042114,0.818726
0.441162,-0.048096,1.163940
0.037964,-0.340332,0.901489
-0.184937,0.218262,1.067139
0.515625,-0.320923,1.093140
-0.422852,-0.071533,0.803711
0.399780,-0.024292,1.160400
0.057373,-0.335205,0.911621
-0.224609,0.213135,1.053101
0.545776,-0.303833,1.111816
-0.403931,-0.095337,0.808350
0.362305,0.007690,1.150879
0.102905,-0.350952,0.916626
-0.265625,0.193481,1.014771
0.561646,-0.293579,1.130737
-0.383423,-0.141357,0.813965
0.319214,0.036743,1.142578
0.144287,-0.382690,0.920410
-0.304443,0.166748,0.978516
0.582520,-0.289429,1.142456
-0.357788,-0.185547,0.808838
0.263062,0.062378,1.132568
0.190308,-0.396973,0.931519
-0.328491,0.132812,0.933960
0.588379,-0.281738,1.137207
-0.316650,-0.221680,0.814331
0.213379,0.085083,1.129761
0.239380,-0.399170,0.936523
-0.363892,0.127197,0.910889
0.594604,-0.256836,1.149780
-0.278320,-0.242432,0.832397
0.150269,0.120850,1.111084
0.287720,-0.413330,0.951538
-0.398193,0.109253,0.893555
0.585449,-0.242676,1.145508
-0.236450,-0.266724,0.844971
0.095825,0.138062,1.110352
0.332275,-0.404175,0.976685
-0.428223,0.110596,0.885010
0.571411,-0.218994,1.153564
-0.194824,-0.255615,0.865967
0.045166,0.163208,1.119629
0.364380,-0.396729,0.986816
-0.447388,0.093872,0.869141
0.561646,-0.182739,1.151855
-0.131470,-0.274902,0.880249
-0.011841,0.185181,1.103882
0.401855,-0.388184,1.004395
-0.446777,0.050903,0.849731
0.535889,-0.156982,1.152222
-0.061157,-0.304688,0.890503
-0.058350,0.193970,1.106323
0.432861,-0.367676,1.034058
-0.446045,0.023926,0.847290
0.508911,-0.124023,1.158447
-0.012939,-0.330200,0.894043
-0.103516,0.201294,1.091431
0.465332,-0.346558,1.054688
-0.445557,-0.001831,0.828979
0.472656,-0.073120,1.165771
-0.001221,-0.342896,0.886963
-0.166992,0.218018,1.081177
0.504517,-0.339722,1.079346
-0.445679,-0.032959,0.823730
0.431396,-0.026123,1.173950
0.039429,-0.336670,0.900146
-0.222900,0.209351,1.049927
0.537109,-0.318970,1.112305
-0.416992,-0.097412,0.802734
0.374268,0.016846,1.166626
0.083008,-0.333008,0.911621
-0.265625,0.185669,1.013794
0.564941,-0.295166,1.132324
-0.391235,-0.147095,0.802368
0.315796,0.041260,1.154907
0.139893,-0.384399,0.910522
-0.312134,0.153076,0.966309
0.581909,-0.288940,1.135620
-0.345337,-0.199585,0.801147
0.251831,0.074829,1.144775
0.190430,-0.382690,0.923462
-0.345703,0.125977,0.927124
0.587158,-0.273315,1.143555
-0.310913,-0.229858,0.810547
0.186646,0.105835,1.126831
0.254883,-0.401489,0.940430
-0.390259,0.122192,0.914185
0.582642,-0.246704,1.139648
-0.265747,-0.252563,0.834839
0.117920,0.126221,1.109741
0.302368,-0.402222,0.963135
-0.420776,0.101562,0.891357
0.565186,-0.220459,1.148071
-0.205811,-0.279663,0.850098
0.049194,0.157715,1.114136
0.345703,-0.384766,0.988281
-0.438721,0.084229,0.875854
0.552979,-0.188843,1.151611
-0.144531,-0.286621,0.871948
-0.014038,0.176270,1.111694
0.386475,-0.380127,0.999390
-0.441528,0.056152,0.857422
0.534912,-0.146240,1.153198
-0.055176,-0.327148,0.881836
-0.073242,0.185913,1.092041
0.420166,-0.357178,1.024170
-0.447266,0.011475,0.844482
0.501587,-0.112549,1.158813
-0.035278,-0.336792,0.871460
-0.135742,0.208984,1.079224
0.463257,-0.335449,1.051270
-0.453735,-0.021118,0.826782
0.453491,-0.065430,1.168701
0.004517,-0.340088,0.879639
-0.209351,0.217285,1.054443
0.497681,-0.310791,1.089600
-0.432251,-0.078735,0.810547
0.391846,-0.018311,1.165161
0.056396,-0.340942,0.896973
-0.271973,0.187134,1.015137
0.542847,-0.295410,1.114258
-0.395508,-0.130981,0.802612
0.314209,0.038940,1.146729
0.126709,-0.371338,0.903198
-0.317383,0.143799,0.958618
0.564331,-0.271606,1.124390
-0.344971,-0.207275,0.799316
0.225464,0.082275,1.130737
0.204956,-0.386475,0.924561
-0.379028,0.124512,0.918823
0.565796,-0.249390,1.134888
-0.286499,-0.257324,0.819702
0.132202,0.114502,1.103394
0.271240,-0.384766,0.949829
-0.418701,0.088745,0.880493
0.563843,-0.216919,1.143311
-0.225464,-0.289551,0.833374
0.040283,0.137817,1.095459
0.326660,-0.369507,0.968750
-0.443359,0.061890,0.861084
0.546143,-0.192871,1.151367
-0.120850,-0.335083,0.855957
-0.036255,0.162109,1.077881
0.369263,-0.362305,0.986572
-0.458618,0.023315,0.838867
0.516846,-0.151001,1.145020
-0.065552,-0.326050,0.858887
-0.111206,0.189331,1.078247
0.422119,-0.339844,1.015991
-0.459229,-0.013550,0.827515
0.468262,-0.104004,1.161621
-0.035156,-0.326416,0.865845
-0.195801,0.210938,1.057129
0.471924,-0.318726,1.060913
-0.443115,-0.065918,0.803589
0.395874,-0.037842,1.159302
0.024780,-0.321411,0.887451
-0.271240,0.184814,1.008057
0.520142,-0.291382,1.094727
-0.409790,-0.140137,0.791138
0.306885,0.020142,1.148438
0.103271,-0.366333,0.889160
-0.336304,0.151001,0.950195
0.543091,-0.284668,1.108154
-0.363525,-0.207520,0.786987
0.213379,0.062866,1.127686
0.180664,-0.381104,0.915649
-0.395142,0.131836,0.910034
0.553101,-0.250244,1.115723
-0.308472,-0.250977,0.798706
0.118164,0.092407,1.092896
0.255493,-0.375244,0.942627
-0.437134,0.098755,0.876221
0.555908,-0.218750,1.133423
-0.231079,-0.280273,0.822876
0.024048,0.135864,1.087646
0.314209,-0.380249,0.954956
-0.453247,0.052490,0.842041
0.531006,-0.188232,1.134399
-0.128662,-0.325439,0.835083
-0.060059,0.156738,1.064819
0.370117,-0.375488,0.976440
-0.461060,0.013550,0.829590
0.490967,-0.137451,1.144043
-0.087524,-0.319458,0.833130
-0.150146,0.192383,1.057251
0.419067,-0.339355,1.011353
-0.477905,-0.018555,0.814087
0.433105,-0.083618,1.144043
-0.039917,-0.322754,0.850708
-0.241455,0.196533,1.022705
0.472656,-0.307739,1.057983
-0.456177,-0.087036,0.789673
0.357910,-0.026733,1.140381
0.023438,-0.341431,0.865112
-0.303955,0.151733,0.957520
0.510132,-0.291138,1.089233
-0.406494,-0.172119,0.772461
0.266479,0.032227,1.127686
0.107300,-0.371826,0.878540
-0.375122,0.144287,0.918579
0.528687,-0.265991,1.104858
-0.345947,-0.241821,0.782715
0.159790,0.082031,1.093262
0.195801,-0.385986,0.912720
-0.427490,0.115601,0.880005
0.533569,-0.241211,1.101196
-0.301270,-0.268921,0.788086
0.075562,0.108032,1.082031
0.270386,-0.380005,0.930420
-0.456665,0.087769,0.851318
0.528320,-0.214233,1.112915
-0.194824,-0.312012,0.824707
-0.018066,0.135864,1.064819
0.321289,-0.390137,0.945435
-0.482300,0.050537,0.825073
0.498535,-0.178833,1.122070
-0.142212,-0.335083,0.810425
-0.100464,0.168091,1.055908
0.377197,-0.376465,0.973755
-0.495972,0.002441,0.802612
0.454346,-0.127441,1.131348
-0.098877,-0.324951,0.814453
-0.192993,0.182617,1.028687
0.416382,-0.331055,1.012817
-0.484131,-0.037109,0.788452
0.396606,-0.067383,1.127930
-0.047119,-0.334351,0.826294
-0.272461,0.180176,0.987671
0.468628,-0.308594,1.048706
-0.463257,-0.094482,0.764526
0.318970,-0.007568,1.122437
0.026367,-0.363403,0.839844
-0.341064,0.168579,0.943726
0.490112,-0.298828,1.061157
-0.410645,-0.181519,0.755127
0.236084,0.027222,1.107666
0.102417,-0.378906,0.868774
-0.411377,0.151001,0.910767
0.512573,-0.271973,1.083984
-0.380615,-0.223389,0.762817
0.139893,0.069214,1.087769
0.179932,-0.376221,0.907104
-0.456421,0.102783,0.868042
0.517578,-0.247192,1.090576
-0.329834,-0.251953,0.776245
0.052490,0.099731,1.068237
0.250000,-0.387207,0.923828
-0.477905,0.068970,0.837646
0.500122,-0.219971,1.096191
-0.220093,-0.302368,0.789062
-0.028687,0.117554,1.042236
0.301758,-0.383667,0.928833
-0.502197,0.039917,0.811768
0.480713,-0.184082,1.099854
-0.165894,-0.314331,0.786499
-0.125366,0.155762,1.022949
0.364990,-0.372192,0.961426
-0.508545,0.001465,0.793457
0.446777,-0.145996,1.110229
-0.130493,-0.328247,0.793335
-0.218018,0.194458,1.008789
0.406494,-0.348877,0.993286
-0.502930,-0.050171,0.771606
0.384033,-0.089600,1.114868
-0.082397,-0.332397,0.806641
-0.303101,0.195435,0.971313
0.449219,-0.333374,1.016235
-0.474243,-0.096191,0.760620
0.306641,-0.029785,1.110596
-0.012329,-0.346436,0.827271
-0.367676,0.162476,0.923462
0.466919,-0.311646,1.034912
-0.437378,-0.164307,0.750977
0.228882,0.014160,1.097778
0.068848,-0.374146,0.854126
-0.430054,0.151245,0.898804
0.481323,-0.282837,1.052490
-0.402954,-0.203979,0.755859
0.133545,0.057617,1.073975
0.157227,-0.381226,0.888428
-0.474731,0.115479,0.854614
0.486084,-0.246460,1.064331
-0.332031,-0.244263,0.777222
0.048096,0.080933,1.052612
0.219482,-0.386719,0.894775
-0.497192,0.076660,0.822388
0.477173,-0.217651,1.068359
-0.249268,-0.293945,0.777588
-0.035522,0.111572,1.032959
0.282471,-0.388184,0.921143
-0.519897,0.036621,0.792603
0.462280,-0.180054,1.087646
-0.200439,-0.318848,0.755371
-0.136475,0.150391,1.009399
0.342651,-0.387451,0.942749
-0.524292,-0.004150,0.781616
0.423584,-0.152954,1.089722
-0.171143,-0.310059,0.767212
-0.233887,0.173584,0.979736
0.391357,-0.364868,0.970337
-0.523193,-0.054565,0.759399
0.359253,-0.100586,1.088013
-0.103149,-0.341187,0.787842
-0.314941,0.183350,0.947876
0.422852,-0.343262,0.994995
-0.502319,-0.100586,0.738770
0.293945,-0.040161,1.091919
-0.033813,-0.368164,0.804199
-0.396118,0.196533,0.919189
0.446167,-0.314941,1.017700
-0.463501,-0.159668,0.729858
0.204956,0.010742,1.081909
0.055786,-0.398315,0.833008
-0.465210,0.184448,0.888672
0.468628,-0.276611,1.036987
-0.436035,-0.197510,0.736328
0.114746,0.062012,1.067261
0.133423,-0.404053,0.861938
-0.505859,0.143188,0.846802
0.477661,-0.253662,1.044678
-0.348511,-0.222046,0.768433
0.026245,0.090454,1.048096
0.203491,-0.404053,0.874512
-0.525024,0.094727,0.813843
0.466553,-0.229736,1.044556
-0.281860,-0.278809,0.751465
-0.054321,0.107544,1.010498
0.268921,-0.413208,0.892456
-0.541504,0.055542,0.788818
0.454712,-0.203735,1.058838
-0.223145,-0.295654,0.753784
-0.150513,0.135254,0.989136
0.327637,-0.370483,0.941284
-0.544678,-0.004395,0.762939
0.404907,-0.151123,1.068848
-0.181396,-0.314941,0.749023
-0.245972,0.184082,0.960571
0.379028,-0.360474,0.960083
-0.537354,-0.057007,0.747192
0.349731,-0.100830,1.074463
-0.135010,-0.339722,0.755127
-0.322510,0.187134,0.923340
0.402588,-0.343262,0.976929
-0.522705,-0.111084,0.724243
0.284668,-0.055664,1.069092
-0.073242,-0.373901,0.780396
-0.409546,0.207642,0.908813
0.439087,-0.314575,1.005249
-0.492310,-0.128174,0.720093
0.206421,-0.001343,1.062256
0.006104,-0.403320,0.798828
-0.461182,0.198853,0.883667
0.444580,-0.296021,1.011719
-0.473022,-0.167114,0.722778
0.127441,0.045410,1.057373
0.081055,-0.413574,0.825684
-0.505005,0.177002,0.861572
0.456299,-0.274292,1.020386
-0.397705,-0.213623,0.747803
0.051270,0.072510,1.034424
0.158081,-0.402710,0.847046
-0.542969,0.137451,0.817383
0.456299,-0.250122,1.026367
-0.317017,-0.239380,0.758179
-0.031128,0.103516,1.009644
0.228638,-0.417725,0.864014
-0.553223,0.096802,0.799927
0.443359,-0.219116,1.033325
-0.261230,-0.284912,0.741821
-0.111328,0.123291,0.995605
0.281250,-0.417114,0.890015
-0.567383,0.051880,0.769897
0.411255,-0.177002,1.043457
-0.221558,-0.320068,0.719238
-0.201294,0.160034,0.978516
0.331543,-0.391235,0.924561
-0.564209,-0.008179,0.749512
0.372803,-0.143433,1.048950
-0.179077,-0.323975,0.739258
-0.287598,0.175171,0.928955
0.376465,-0.370728,0.951050
-0.545776,-0.040039,0.739990
0.314697,-0.085083,1.049683
-0.127930,-0.347412,0.746216
-0.361206,0.186035,0.899414
0.403442,-0.368286,0.950684
-0.533081,-0.073730,0.721558
0.255859,-0.040161,1.052856
-0.060669,-0.376709,0.765381
-0.434937,0.210327,0.887329
0.421021,-0.337646,0.977051
-0.518799,-0.107910,0.716553
0.179321,0.001221,1.035156
0.010498,-0.387451,0.805786
-0.487793,0.184570,0.870239
0.433960,-0.295898,0.994019
-0.479004,-0.148193,0.724121
0.097778,0.046753,1.027710
0.083862,-0.406006,0.832275
-0.531494,0.165283,0.842163
0.437622,-0.265747,1.005493
-0.411743,-0.183594,0.740723
0.031372,0.083984,1.014648
0.156616,-0.427002,0.841675
-0.555542,0.144653,0.820801
0.433960,-0.233887,1.009644
-0.326416,-0.222412,0.743042
-0.036621,0.106567,0.996216
0.216675,-0.416504,0.866821
-0.566406,0.105103,0.785278
0.422607,-0.202881,1.022827
-0.270142,-0.273682,0.726074
-0.116577,0.141602,0.971924
0.278687,-0.413574,0.885010
-0.576416,0.070557,0.772949
0.407227,-0.187256,1.025024
-0.225586,-0.303101,0.719482
-0.198364,0.167114,0.960205
0.320068,-0.391113,0.912842
-0.577148,0.017456,0.754272
0.379517,-0.154419,1.034546
-0.196777,-0.340210,0.712036
-0.269653,0.175781,0.928223
0.357422,-0.380615,0.923584
-0.571411,-0.007446,0.743652
0.335449,-0.112671,1.035278
-0.147461,-0.361938,0.727783
-0.340576,0.190796,0.901123
0.375122,-0.358032,0.935425
-0.562012,-0.047607,0.717041
0.278564,-0.063721,1.035034
-0.102173,-0.392456,0.743042
-0.404175,0.202637,0.889160
0.397217,-0.338867,0.952271
-0.541138,-0.072998,0.708130
0.213501,-0.008179,1.030518
-0.037354,-0.406494,0.767700
-0.458740,0.210205,0.874512
0.411743,-0.314209,0.967163
-0.523438,-0.131348,0.691895
0.137817,0.043579,1.030151
0.035400,-0.427246,0.790161
-0.516113,0.222046,0.857422
0.427856,-0.285278,0.988892
-0.478394,-0.162476,0.706665
0.077271,0.079956,1.026611
0.100830,-0.436768,0.808838
-0.554688,0.204834,0.845947
0.436646,-0.257812,0.999512
-0.397949,-0.183960,0.736938
0.020874,0.097290,1.021118
0.165161,-0.439087,0.837524
-0.586060,0.180786,0.821167
0.431885,-0.234009,1.001831
-0.329224,-0.236938,0.728760
-0.041748,0.119751,1.002319
0.224365,-0.426270,0.857422
-0.598999,0.145142,0.790771
0.425293,-0.201050,1.013550
-0.269409,-0.269531,0.727051
-0.120728,0.145996,0.974243
0.275391,-0.413452,0.881592
-0.599243,0.109131,0.773315
0.400024,-0.172241,1.018066
-0.221191,-0.305420,0.716553
-0.194702,0.155151,0.942749
0.317627,-0.384521,0.900024
-0.590332,0.058838,0.750977
0.363281,-0.120239,1.023193
-0.183594,-0.334473,0.714722
-0.270874,0.178467,0.914795
0.356934,-0.399170,0.904419
-0.578613,0.004028,0.736694
0.318604,-0.080200,1.025391
-0.149902,-0.355835,0.720093
-0.346436,0.194336,0.895508
0.385864,-0.380615,0.928711
-0.561401,-0.045166,0.715210
0.256836,-0.026978,1.028198
-0.091309,-0.376709,0.738403
-0.413452,0.212036,0.875366
0.405273,-0.366821,0.932983
-0.462158,-0.208496,0.717407
0.094604,0.036987,1.030396
-0.034302,-0.365234,0.772461
-0.536133,0.196655,0.840698
0.448975,-0.268555,1.012695
-0.385498,-0.255493,0.733154
0.033813,0.078003,1.027588
0.160400,-0.429810,0.842041
-0.558350,0.158569,0.815674
0.446289,-0.244995,1.020142
-0.317261,-0.260010,0.744873
-0.040894,0.100708,1.007080
0.220093,-0.433594,0.856323
-0.571167,0.128540,0.794922
0.429932,-0.209473,1.018921
-0.259644,-0.297485,0.730591
-0.119141,0.114624,0.983643
0.268799,-0.419556,0.879395
-0.579468,0.084595,0.760376
0.409668,-0.179199,1.031006
-0.223999,-0.311279,0.732422
-0.211182,0.140381,0.963623
0.311646,-0.409790,0.899658
-0.566772,0.036255,0.752197
0.374634,-0.121704,1.038330
-0.184937,-0.304321,0.752686
-0.280640,0.166138,0.939087
0.357178,-0.400024,0.919922
-0.570312,-0.013428,0.725098
0.319336,-0.075684,1.042847
-0.125366,-0.329590,0.755737
-0.362549,0.188599,0.918213
0.394287,-0.371094,0.949951
-0.559082,-0.065186,0.699829
0.253052,-0.031128,1.046997
-0.064331,-0.363892,0.772217
-0.442627,0.211792,0.887695
0.415527,-0.332886,0.970825
-0.523193,-0.128052,0.697510
0.160400,0.021729,1.029053
0.020630,-0.387451,0.795532
-0.514771,0.221924,0.853882
0.433594,-0.292236,0.987549
-0.440796,-0.187378,0.737305
0.067871,0.047852,1.023926
0.107422,-0.403687,0.823242
-0.566284,0.179810,0.811646
0.438843,-0.252441,0.998413
-0.332764,-0.244629,0.736450
-0.027710,0.084595,1.002930
0.200073,-0.416626,0.849976
-0.586060,0.149536,0.790405
0.423340,-0.202515,1.006592
-0.246704,-0.291260,0.727905
-0.142578,0.123779,0.972168
0.269287,-0.405396,0.885864
-0.587524,0.086060,0.762573
0.388550,-0.137573,1.026001
-0.203247,-0.315796,0.719604
-0.250366,0.164551,0.956421
0.349976,-0.416748,0.919800
-0.587769,0.015869,0.733643
0.324463,-0.080444,1.026978
-0.138062,-0.320679,0.738403
-0.366089,0.198853,0.915161
0.401978,-0.365479,0.953491
-0.547974,-0.085815,0.699829
0.202515,-0.002563,1.011353
-0.048340,-0.365234,0.776733
-0.473755,0.206421,0.873413
0.424316,-0.302856,0.989502
-0.478027,-0.173096,0.716553
0.089478,0.067871,1.015015
0.068970,-0.368896,0.819214
-0.550171,0.180542,0.833618
0.438599,-0.262085,1.002686
-0.341309,-0.254150,0.736206
-0.033691,0.112305,0.992554
0.186157,-0.391235,0.838501
-0.580688,0.129395,0.778442
0.424927,-0.194824,1.021729
-0.233276,-0.317749,0.712524
-0.166504,0.152588,0.960571
0.290161,-0.389404,0.883545
-0.590210,0.077026,0.751953
0.374512,-0.133667,1.025391
-0.160400,-0.333130,0.727051
-0.296021,0.181885,0.917480
0.360474,-0.373535,0.909668
-0.568481,-0.005005,0.724365
0.276978,-0.062012,1.020996
-0.084595,-0.367310,0.750366
-0.433350,0.205444,0.872803
0.401611,-0.317871,0.954224
-0.518555,-0.116333,0.692017
0.141235,0.050659,1.015381
0.022339,-0.371094,0.799072
-0.526001,0.206055,0.847046
0.427124,-0.252197,0.991699
-0.413818,-0.192993,0.724854
0.021729,0.110229,1.017456
0.156738,-0.398438,0.842407
-0.583862,0.159912,0.792114
0.425049,-0.208618,1.009766
-0.265503,-0.261719,0.735718
-0.113403,0.156372,0.978027
0.267822,-0.392212,0.868286
-0.595825,0.103027,0.766724
0.395508,-0.161133,1.020020
-0.183472,-0.319824,0.728394
-0.238770,0.175781,0.927734
0.344971,-0.377808,0.900391
-0.585938,0.031982,0.737061
0.312256,-0.087158,1.010986
-0.111938,-0.369751,0.728027
-0.367554,0.199585,0.887451
0.391113,-0.323853,0.939087
-0.539917,-0.066162,0.707642
0.190308,0.003906,1.002563
-0.026245,-0.382446,0.775391
-0.480591,0.193481,0.851562
0.419800,-0.265137,0.982422
-0.463135,-0.136108,0.714233
0.077393,0.108032,1.026855
0.088257,-0.378540,0.821777
-0.560913,0.182861,0.830444
0.437256,-0.250977,0.999878
-0.343140,-0.226807,0.725830
-0.019165,0.147461,1.005615
0.203125,-0.389404,0.852905
-0.609863,0.167969,0.785034
0.427979,-0.203491,1.007324
-0.224365,-0.289795,0.732788
-0.141846,0.176758,0.974854
0.291992,-0.376465,0.894165
-0.618042,0.124146,0.763672
0.388916,-0.169434,0.995605
-0.157227,-0.346313,0.723389
-0.251099,0.186157,0.915894
0.368408,-0.350952,0.916992
-0.591553,0.041870,0.723877
0.316162,-0.095825,1.010010
-0.089844,-0.375732,0.745850
-0.362183,0.177979,0.873047
0.393677,-0.321533,0.932251
-0.552490,-0.040649,0.690918
0.235229,0.007446,1.021729
-0.036865,-0.403198,0.752319
-0.449951,0.211792,0.860474
0.437500,-0.330566,0.952148
-0.508423,-0.052979,0.729126
0.116455,0.071167,1.006592
0.035156,-0.386108,0.790649
-0.503906,0.186157,0.846069
0.446777,-0.262573,0.990234
-0.432495,-0.137207,0.742065
0.046143,0.123779,1.006958
0.114014,-0.392944,0.812134
-0.551514,0.184692,0.825806
0.451050,-0.232910,0.997803
-0.347168,-0.189209,0.730591
-0.032959,0.165161,1.006470
0.207153,-0.401855,0.853271
-0.587036,0.142334,0.784058
0.427734,-0.204834,1.000732
-0.258179,-0.252808,0.733276
-0.098267,0.181030,0.982300
0.288086,-0.387207,0.880859
-0.613647,0.128906,0.759277
0.410522,-0.169800,1.014771
-0.174072,-0.331299,0.729492
-0.196167,0.181519,0.935913
0.334717,-0.369263,0.896606
-0.586548,0.086670,0.760498
0.361694,-0.125244,1.021362
-0.138306,-0.365601,0.713379
-0.288330,0.196167,0.893066
0.398804,-0.345093,0.928467
-0.567871,0.035156,0.734741
0.261353,-0.047241,1.002686
-0.049561,-0.417969,0.735962
-0.375610,0.166138,0.849976
0.420776,-0.286377,0.960938
-0.521729,-0.013184,0.719727
0.169312,0.079712,1.005005
0.015015,-0.359619,0.775391
-0.467163,0.149292,0.824829
0.447266,-0.301758,0.985229
-0.446167,-0.136841,0.722656
0.105713,0.159668,1.027954
0.065674,-0.321411,0.789062
-0.554077,0.175049,0.808716
0.472656,-0.343994,0.983276
-0.344360,-0.226440,0.741211
0.044434,0.138550,0.993286
0.129761,-0.339233,0.817871
-0.593994,0.163086,0.770874
0.463379,-0.280029,0.987915
-0.260254,-0.297119,0.749756
-0.024780,0.149170,0.994751
0.197632,-0.340942,0.848022
-0.599976,0.205200,0.769287
0.434082,-0.202881,0.996460
-0.192139,-0.366821,0.735718
-0.092651,0.145264,0.983032
0.258301,-0.374390,0.858521
-0.617798,0.195312,0.760986
0.426880,-0.177612,0.995483
-0.156738,-0.339966,0.760132
-0.159546,0.153320,0.955444
0.337769,-0.395508,0.895386
-0.615234,0.190674,0.759766
0.383911,-0.114624,0.991211
-0.121582,-0.313232,0.769043
-0.219604,0.141846,0.917480
0.379150,-0.384399,0.933472
-0.597168,0.106323,0.747314
0.356934,-0.044556,1.024048
-0.104858,-0.317749,0.737915
-0.261108,0.168213,0.900024
0.398926,-0.364624,0.928589
-0.572510,0.071411,0.742676
0.311035,-0.033325,1.014526
-0.075562,-0.383667,0.727295
-0.304321,0.170044,0.884766
0.411865,-0.340820,0.930176
-0.572632,0.039185,0.735718
0.265503,-0.025269,0.991455
-0.008789,-0.429199,0.745361
-0.369751,0.176514,0.864136
0.415161,-0.312866,0.936768
-0.529053,-0.018921,0.736816
0.210938,0.005615,1.004272
0.020996,-0.417114,0.762573
-0.421265,0.185181,0.850098
0.435791,-0.298950,0.958740
-0.481445,-0.069092,0.742676
0.148438,0.058594,1.015381
0.073486,-0.416016,0.794678
-0.496216,0.188232,0.819458
0.454590,-0.274902,0.963745
-0.416748,-0.109253,0.757080
0.078247,0.119385,1.021973
0.143555,-0.385986,0.822510
-0.537964,0.147339,0.795898
0.440674,-0.216187,0.990479
-0.314209,-0.192017,0.749756
-0.025635,0.171509,0.995850
0.233643,-0.402344,0.864868
-0.596924,0.115112,0.759766
0.418457,-0.195068,0.999512
-0.208130,-0.292114,0.744873
-0.110229,0.192749,0.971069
0.305908,-0.381348,0.889648
-0.589844,0.093018,0.762207
0.409302,-0.180298,1.010376
-0.109253,-0.344482,0.771118
-0.211182,0.179443,0.906738
0.354736,-0.328979,0.916382
-0.554688,0.059937,0.756104
0.351562,-0.076172,1.026123
-0.053467,-0.389282,0.743408
-0.291626,0.165527,0.870483
0.410522,-0.342896,0.931519
-0.546143,0.020752,0.740723
0.270386,-0.028809,0.994385
0.018066,-0.419312,0.760254
-0.374268,0.166992,0.833984
0.429199,-0.299561,0.954224
-0.502319,-0.051758,0.738647
0.202148,0.009155,1.007446
0.058838,-0.422119,0.781372
-0.463501,0.187500,0.822510
0.438599,-0.278809,0.960083
-0.436890,-0.098022,0.761475
0.118652,0.070068,1.023926
0.102295,-0.411621,0.801270
-0.502930,0.161621,0.801758
0.440796,-0.240723,0.965698
-0.375977,-0.134033,0.766602
0.055176,0.129395,1.030273
0.171509,-0.411987,0.841064
-0.555176,0.135498,0.777222
0.434814,-0.235107,0.980225
-0.280640,-0.229980,0.761719
-0.037354,0.174683,1.002930
0.266968,-0.386597,0.882568
-0.580933,0.118774,0.752563
0.428589,-0.203369,1.003784
-0.203247,-0.289917,0.760864
-0.102295,0.148926,0.969360
0.331543,-0.392212,0.903320
-0.598022,0.111084,0.757690
0.410278,-0.163452,1.011353
-0.115601,-0.337280,0.757446
-0.200073,0.176392,0.913086
0.367676,-0.358521,0.930664
-0.569702,0.056274,0.757935
0.362793,-0.138916,1.005615
-0.065308,-0.382812,0.765991
-0.265137,0.151367,0.887695
0.405762,-0.351929,0.939941
-0.538452,-0.014771,0.749878
0.316284,-0.050659,1.022949
-0.023926,-0.397705,0.744263
-0.322632,0.153809,0.854126
0.433105,-0.360840,0.938721
-0.520752,-0.021606,0.753906
0.244873,-0.028687,1.003540
0.018921,-0.433838,0.753906
-0.395508,0.146362,0.831665
0.454590,-0.350098,0.953613
-0.486816,-0.071533,0.746460
0.187866,0.032227,1.013550
0.066406,-0.389526,0.789551
-0.439575,0.160400,0.813843
0.451416,-0.322021,0.955933
-0.453125,-0.125977,0.746338
0.140625,0.038940,1.015503
0.106079,-0.422363,0.798340
-0.514526,0.172607,0.794556
0.473145,-0.290039,0.972900
-0.360352,-0.144409,0.782593
0.039551,0.104370,1.006348
0.166504,-0.405884,0.828735
-0.535034,0.113770,0.762695
0.470215,-0.263062,0.993164
-0.306396,-0.208740,0.775391
-0.029663,0.132446,0.994995
0.256470,-0.418945,0.873657
-0.561035,0.085449,0.749268
0.441040,-0.211914,1.004150
-0.210938,-0.263672,0.781616
-0.089844,0.166504,0.988892
0.302734,-0.418701,0.894531
-0.573730,0.074341,0.756104
0.413940,-0.188354,1.007446
-0.137939,-0.308960,0.786011
-0.159790,0.160278,0.937866
0.353271,-0.397583,0.926270
-0.545044,0.049072,0.772827
0.384155,-0.134155,1.010498
-0.087646,-0.342163,0.784302
-0.220215,0.143311,0.915405
0.390503,-0.399048,0.929688
-0.536133,0.003296,0.758911
0.343384,-0.093628,1.009521
-0.020020,-0.383667,0.770020
-0.297119,0.166382,0.875977
0.419800,-0.392700,0.933716
-0.513184,-0.071655,0.734985
0.284912,-0.076660,0.995972
0.033569,-0.423096,0.777100
-0.367798,0.170410,0.847900
0.439087,-0.348511,0.944580
-0.482666,-0.103271,0.745483
0.202271,-0.015869,1.004639
0.068237,-0.454712,0.771851
-0.411865,0.147827,0.825073
0.462891,-0.331787,0.967285
-0.456299,-0.141968,0.741577
0.131470,0.014282,0.998779
0.121216,-0.442383,0.804077
-0.459961,0.127441,0.795410
0.463379,-0.280029,0.988037
-0.398682,-0.147461,0.763794
0.072266,0.078125,1.014771
0.195557,-0.468384,0.841064
-0.511597,0.106934,0.774170
0.472534,-0.263428,1.001099
-0.322510,-0.174194,0.780029
-0.023926,0.154297,0.997559
0.247437,-0.473633,0.847900
-0.521606,0.041504,0.745972
0.464111,-0.244751,1.017578
-0.256104,-0.222900,0.781616
-0.089233,0.199951,0.997192
0.299072,-0.438721,0.885254
-0.534668,0.030762,0.753662
0.440186,-0.226318,1.033203
-0.179565,-0.275146,0.796997
-0.133789,0.185059,0.977905
0.337402,-0.404663,0.917114
-0.547119,0.023193,0.765869
0.410400,-0.175781,1.035645
-0.097412,-0.356201,0.787598
-0.188232,0.192139,0.960938
0.381592,-0.405396,0.929443
-0.537720,-0.006348,0.759155
0.380981,-0.162720,1.024170
-0.033081,-0.397583,0.788574
-0.237671,0.181396,0.929443
0.413452,-0.377197,0.951904
-0.523315,-0.049316,0.744873
0.325684,-0.134033,0.999878
0.015381,-0.442261,0.792480
-0.278198,0.137451,0.885742
0.449219,-0.380127,0.953491
-0.501465,-0.064941,0.743774
0.261719,-0.057617,1.002441
0.063354,-0.483887,0.772339
-0.341309,0.116089,0.857544
0.455444,-0.333618,0.966797
-0.446411,-0.093628,0.770386
0.188477,0.011597,1.017456
0.108887,-0.475464,0.798584
-0.412842,0.111816,0.836426
0.490479,-0.311035,0.999390
-0.425659,-0.125488,0.751465
0.106323,0.098877,1.036987
0.168335,-0.450073,0.841309
-0.463989,0.085571,0.800659
0.489258,-0.315308,1.012939
-0.360474,-0.218872,0.752319
0.045654,0.135620,1.031250
0.234497,-0.434937,0.866089
-0.519531,0.052124,0.756714
0.496826,-0.319458,1.026611
-0.275024,-0.259766,0.786987
-0.019165,0.166748,1.032593
0.279419,-0.417236,0.879395
-0.538086,0.063110,0.751343
0.478027,-0.258057,1.040894
-0.197998,-0.268311,0.802246
-0.094482,0.180420,1.005493
0.331665,-0.438599,0.909058
-0.531860,0.054077,0.779785
0.437988,-0.206665,1.036011
-0.141479,-0.296509,0.808105
-0.141968,0.176636,1.000732
0.391113,-0.459229,0.934204
-0.522217,0.026367,0.779053
0.394043,-0.152832,1.038452
-0.066284,-0.322876,0.821777
-0.190063,0.161255,0.961426
0.414307,-0.397339,0.959595
-0.497192,-0.021484,0.768799
0.338135,-0.113525,1.024658
0.001465,-0.417725,0.812378
-0.209595,0.103638,0.945435
0.456909,-0.392090,0.979370
-0.505493,-0.010498,0.761353
0.291016,-0.068481,1.018066
0.059937,-0.442505,0.818848
-0.266602,0.115723,0.916260
0.475220,-0.360229,0.991943
-0.485718,-0.070801,0.759155
0.265747,-0.045532,1.027466
0.095337,-0.442505,0.823608
-0.335815,0.104614,0.868042
0.494873,-0.327271,1.022705
-0.439453,-0.128662,0.767456
0.195923,-0.005371,1.036865
0.127197,-0.457153,0.841553
-0.393921,0.104492,0.858154
0.516357,-0.306274,1.048096
-0.395752,-0.152222,0.762085
0.115601,0.074341,1.041260
0.215454,-0.477661,0.862061
-0.435303,0.061035,0.809937
0.520996,-0.286987,1.055420
-0.335327,-0.195557,0.781250
0.039795,0.117188,1.035034
0.277100,-0.479248,0.880249
-0.463501,0.058105,0.802246
0.497559,-0.260254,1.053223
-0.245972,-0.225952,0.811890
-0.038818,0.155029,1.024048
0.347412,-0.454224,0.928711
-0.490601,0.031982,0.784058
0.455688,-0.182983,1.066162
-0.144409,-0.289062,0.825562
-0.101807,0.173950,1.011597
0.391602,-0.390381,0.963013
-0.488037,-0.013428,0.783325
0.426636,-0.134766,1.075073
-0.052246,-0.357788,0.823364
-0.160156,0.155762,0.993164
0.436401,-0.371338,0.994751
-0.494873,-0.027954,0.777222
0.381226,-0.132324,1.061523
0.046753,-0.438477,0.833252
-0.228149,0.130737,0.948853
0.486450,-0.338257,1.027222
-0.452515,-0.052368,0.775635
0.280396,-0.032471,1.052856
0.087769,-0.401978,0.852905
-0.274780,0.098633,0.947876
0.510498,-0.310303,1.066650
-0.436768,-0.126465,0.761230
0.199951,0.067261,1.060791
0.161621,-0.418457,0.866455
-0.340820,0.102783,0.914795
0.533447,-0.324829,1.073364
-0.392090,-0.185425,0.768555
0.156372,0.074463,1.056885
0.218018,-0.427856,0.882324
-0.396118,0.058594,0.855713
0.549683,-0.283936,1.100708
-0.329956,-0.206787,0.786621
0.073120,0.107910,1.037354
0.291260,-0.460327,0.915527
-0.445190,0.029053,0.806885
0.539429,-0.264038,1.100586
-0.257324,-0.216797,0.812012
0.007446,0.160156,1.051025
0.336792,-0.437134,0.931885
-0.460938,0.037598,0.823242
0.509033,-0.209839,1.103516
-0.174927,-0.256104,0.844727
-0.054321,0.190796,1.047241
0.382568,-0.404785,0.971069
-0.483765,0.028320,0.801147
0.488770,-0.191162,1.111938
-0.092773,-0.326904,0.849854
-0.110840,0.213867,1.047485
0.433350,-0.378784,0.997559
-0.473633,0.020996,0.812256
0.423462,-0.167236,1.086792
0.007202,-0.406982,0.862915
-0.142578,0.148926,1.020386
0.455200,-0.332153,1.021606
-0.466797,-0.002930,0.802368
0.392090,-0.109375,1.102295
0.077148,-0.434204,0.879150
-0.205444,0.136719,1.012939
0.492310,-0.318481,1.059448
-0.437500,-0.064575,0.794556
0.329712,-0.018433,1.096436
0.116943,-0.424805,0.879883
-0.298950,0.175049,0.982300
0.528809,-0.310181,1.080200
-0.384888,-0.134644,0.804321
0.266479,0.016113,1.095337
0.161987,-0.394043,0.905762
-0.342773,0.150391,0.921143
0.541382,-0.243774,1.110474
-0.335449,-0.200195,0.797119
0.188965,0.060791,1.103516
0.255371,-0.480469,0.919067
-0.401123,0.081543,0.855835
0.548096,-0.220337,1.117310
-0.266113,-0.178589,0.834351
0.100220,0.135376,1.096558
0.312988,-0.475098,0.931641
-0.441528,0.031128,0.828735
0.553345,-0.207153,1.139160
-0.204712,-0.245972,0.833496
-0.003540,0.238281,1.101562
0.392456,-0.412354,0.979004
-0.464111,0.024536,0.842773
0.503662,-0.200317,1.126465
-0.071167,-0.331177,0.872803
-0.086060,0.227051,1.065430
0.443115,-0.356445,1.027222
-0.451416,-0.010986,0.818481
0.456299,-0.129639,1.130981
0.039795,-0.391113,0.884888
-0.157349,0.196045,1.047363
0.476929,-0.348267,1.049072
-0.424805,-0.076172,0.816895
0.394653,-0.044800,1.142212
0.071899,-0.359009,0.896851
-0.234009,0.207520,1.032837
0.528198,-0.305908,1.089478
-0.395508,-0.108398,0.817627
0.306519,0.010864,1.125732
0.150879,-0.411499,0.911255
-0.291504,0.151367,0.966797
0.561768,-0.256104,1.116333
-0.346069,-0.150269,0.823242
0.229980,0.046143,1.120239
0.247925,-0.429810,0.942139
-0.368408,0.123291,0.895996
0.566895,-0.234131,1.117065
-0.276001,-0.190918,0.834839
0.112305,0.111938,1.089355
0.349854,-0.431396,0.985474
-0.421875,0.061890,0.848511
0.535889,-0.144775,1.140991
-0.166748,-0.241211,0.853760
-0.006836,0.214722,1.113647
0.410889,-0.428467,1.003296
-0.431519,0.017700,0.856201
0.513428,-0.125732,1.157593
-0.083984,-0.261353,0.863770
-0.077148,0.239380,1.105469
0.464844,-0.376465,1.039307
-0.453735,-0.017700,0.837524
0.472046,-0.121460,1.151245
0.056763,-0.357910,0.915283
-0.163574,0.216064,1.053467
0.491333,-0.286133,1.077393
-0.418823,-0.040283,0.830566
0.392090,-0.075439,1.134033
0.085083,-0.393311,0.913940
-0.230225,0.164917,1.018921
0.550293,-0.253296,1.118774
-0.392578,-0.085938,0.804443
0.290283,0.046997,1.134277
0.210449,-0.421265,0.950073
-0.321777,0.086670,0.950195
0.579224,-0.266235,1.151733
-0.315063,-0.187500,0.824341
0.182617,0.163818,1.130371
0.264526,-0.391846,0.949829
-0.397095,0.050659,0.891479
0.596802,-0.297119,1.165405
-0.240723,-0.246948,0.852051
0.101318,0.197754,1.121338
0.334473,-0.344849,0.979614
-0.454346,0.083252,0.866943
0.565552,-0.243408,1.157227
-0.151245,-0.323242,0.868652
0.051147,0.162720,1.115234
0.376831,-0.365601,0.996582
-0.496704,0.122559,0.840820
0.530640,-0.167236,1.147217
-0.063110,-0.337769,0.902710
-0.019043,0.120850,1.103516
0.424561,-0.347412,1.035034
-0.472046,0.054688,0.826538
0.505127,-0.112183,1.150879
0.013184,-0.360474,0.888428
-0.103516,0.198364,1.100586
0.473999,-0.345093,1.063354
-0.458008,-0.002563,0.835693
0.455078,-0.067383,1.172974
0.035522,-0.369629,0.888062
-0.169434,0.224487,1.070557
0.488037,-0.320801,1.070557
-0.438354,-0.049194,0.827271
0.449585,-0.083252,1.172852
0.040771,-0.343750,0.902954
-0.213257,0.216675,1.035889
0.523315,-0.281982,1.096558
-0.427246,-0.087036,0.813843
0.395142,-0.085693,1.158081
0.084595,-0.389526,0.916870
-0.246704,0.216187,1.029785
0.545654,-0.268311,1.109741
-0.404541,-0.076782,0.808960
0.339355,-0.024170,1.161865
0.148560,-0.385254,0.946167
-0.298096,0.174927,0.980713
0.541626,-0.242432,1.121826
-0.358276,-0.139038,0.830200
0.266479,0.033325,1.147461
0.203613,-0.408936,0.951904
-0.348267,0.100342,0.921631
0.574951,-0.259033,1.128540
-0.295288,-0.188354,0.839722
0.171753,0.106079,1.119507
0.283691,-0.384888,0.969849
-0.400513,0.096069,0.891357
0.575806,-0.211548,1.146240
-0.227661,-0.227661,0.845459
0.077271,0.154663,1.113892
0.354980,-0.392212,0.991577
-0.461060,0.049561,0.846680
0.545044,-0.169678,1.155762
-0.121216,-0.281372,0.862183
-0.018188,0.208008,1.099487
0.402588,-0.356445,1.005371
-0.454224,0.005737,0.845825
0.497681,-0.146484,1.154907
-0.035767,-0.355469,0.850586
-0.099487,0.200073,1.070435
0.440918,-0.315918,1.040039
-0.463257,-0.041626,0.825195
0.442139,-0.092651,1.168579
0.012329,-0.349854,0.876343
-0.205200,0.210571,1.049927
0.501831,-0.287109,1.087158
-0.424927,-0.105957,0.795654
0.372070,-0.016235,1.175659
0.090210,-0.357788,0.894165
-0.296509,0.178833,0.969482
0.567139,-0.226196,1.128052
-0.349854,-0.168579,0.824341
0.101318,0.141479,1.116821
0.201782,-0.411255,0.922485
-0.431396,0.088135,0.877930
0.530151,-0.159424,1.136963
-0.140137,-0.256714,0.875366
-0.001099,0.215332,1.114990
0.413818,-0.378906,1.023071
-0.438721,-0.017456,0.838867
0.500488,-0.110352,1.173828
0.005371,-0.353149,0.877563
-0.092773,0.221558,1.091187
0.452515,-0.332397,1.035522
-0.442383,-0.039673,0.836060
0.469238,-0.122070,1.173340
0.017700,-0.382324,0.886719
-0.180176,0.206421,1.051025
0.520508,-0.299194,1.095337
-0.440674,-0.054932,0.810547
0.385010,-0.029663,1.166138
0.100464,-0.388550,0.927612
-0.259888,0.172363,1.022095
0.556274,-0.273438,1.141357
-0.368286,-0.118774,0.825928
0.305908,0.049072,1.156372
0.155640,-0.406738,0.933105
-0.332397,0.113770,0.947388
0.582275,-0.279785,1.147095
-0.295898,-0.227905,0.821777
0.205200,0.166504,1.159180
0.233887,-0.404541,0.923340
-0.393677,0.062012,0.895264
0.598633,-0.292480,1.159424
-0.258057,-0.258789,0.843384
0.137695,0.169189,1.139771
0.285400,-0.364990,0.942017
-0.424072,0.091309,0.876709
0.573608,-0.260864,1.156128
-0.197998,-0.313721,0.869385
0.069824,0.145386,1.112305
0.354248,-0.368286,0.981079
-0.450439,0.083130,0.851074
0.555542,-0.177490,1.153320
-0.130737,-0.291870,0.871948
0.006958,0.137817,1.096069
0.390381,-0.361816,1.012451
-0.437866,0.024780,0.854858
0.523438,-0.135864,1.151978
-0.051758,-0.325073,0.873535
-0.055054,0.177734,1.084106
0.415771,-0.328125,1.024902
-0.439331,-0.028809,0.833008
0.507568,-0.136597,1.176147
-0.034180,-0.338867,0.868164
-0.116333,0.196899,1.068970
0.462646,-0.309326,1.054810
-0.457153,-0.029541,0.826904
0.470215,-0.116577,1.173706
-0.007080,-0.350952,0.886719
-0.213257,0.229614,1.035278
0.523071,-0.309326,1.086548
-0.430054,-0.029175,0.818115
0.351685,-0.014038,1.154663
0.076294,-0.409912,0.902344
-0.253662,0.169678,1.017578
0.536743,-0.293823,1.109131
-0.394775,-0.119873,0.804688
0.305420,0.080444,1.168213
0.114380,-0.330322,0.916870
-0.316406,0.145630,0.970215
0.559448,-0.317261,1.112671
-0.345947,-0.214600,0.816895
0.245483,0.088501,1.165894
0.162231,-0.364380,0.898193
-0.358521,0.123779,0.921265
0.591309,-0.288330,1.134155
-0.324707,-0.187622,0.825562
0.159180,0.123657,1.123535
0.244507,-0.415039,0.924561
-0.406006,0.108643,0.889282
0.561279,-0.224121,1.137695
-0.279907,-0.228271,0.815430
0.112915,0.119019,1.103760
0.283447,-0.377197,0.959229
-0.437256,0.084961,0.874023
0.548950,-0.199097,1.139038
-0.223633,-0.267700,0.824707
0.034058,0.152710,1.102783
0.328979,-0.388672,0.961060
-0.456299,0.018799,0.850342
0.529053,-0.178101,1.157959
-0.099609,-0.348755,0.825684
-0.032837,0.187500,1.077881
0.361328,-0.336914,0.975952
-0.487305,0.016479,0.816406
0.512573,-0.214600,1.140259
-0.076416,-0.398071,0.825073
-0.103760,0.172241,1.056030
0.413818,-0.336792,1.004395
-0.486694,0.041626,0.805298
0.437866,-0.093140,1.134399
-0.044434,-0.367432,0.858032
-0.171021,0.155029,1.039673
0.455322,-0.336914,1.040283
-0.465454,-0.012939,0.798462
0.377197,0.002319,1.151733
-0.030029,-0.341431,0.836792
-0.234497,0.157349,1.004272
0.501953,-0.342163,1.068848
-0.458496,-0.053589,0.805420
0.336548,0.020020,1.148926
0.027954,-0.357178,0.856689
-0.300903,0.158447,0.973022
0.514648,-0.298462,1.089966
-0.427734,-0.137451,0.775024
0.282959,0.015991,1.150024
0.103638,-0.396851,0.881348
-0.379639,0.201904,0.941528
0.518921,-0.288330,1.058716
-0.388062,-0.158081,0.788086
0.220215,0.040527,1.119751
0.157104,-0.378540,0.908936
-0.431152,0.136353,0.881470
0.536621,-0.277466,1.085938
-0.352051,-0.215088,0.788086
0.139771,0.101685,1.104736
0.206543,-0.409790,0.887329
-0.445312,0.128174,0.875122
0.520386,-0.220825,1.097900
-0.326904,-0.252441,0.777954
0.078491,0.117310,1.094238
0.261963,-0.409180,0.918579
-0.480347,0.084229,0.842285
0.508423,-0.222534,1.105835
-0.260498,-0.286011,0.774902
0.020630,0.148315,1.083496
0.289185,-0.400513,0.924438
-0.488525,0.050049,0.823120
0.490356,-0.183960,1.103882
-0.194214,-0.327759,0.779053
-0.047241,0.146240,1.042480
0.315308,-0.367920,0.941040
-0.495972,0.024414,0.803589
0.485596,-0.173340,1.105591
-0.176880,-0.328247,0.770874
-0.096069,0.140991,1.021606
0.365356,-0.349487,0.971069
-0.520386,0.014038,0.787354
0.443726,-0.152588,1.104614
-0.152222,-0.334106,0.780762
-0.168213,0.156006,1.028320
0.400513,-0.360352,0.978027
-0.524292,0.009399,0.786133
0.374878,-0.094482,1.102539
-0.088135,-0.328003,0.819214
-0.252441,0.158569,0.984985
0.425293,-0.344360,1.009277
-0.499634,-0.033447,0.781250
0.341675,-0.067505,1.101685
-0.050537,-0.299927,0.833374
-0.327271,0.163574,0.933594
0.445312,-0.311768,1.012085
-0.464478,-0.118286,0.752808
0.261108,-0.022095,1.089600
0.022339,-0.370361,0.839722
-0.425171,0.158081,0.896851
0.475586,-0.316406,1.037720
-0.410156,-0.184570,0.753662
0.155518,0.061890,1.073608
0.115845,-0.380737,0.861328
-0.473511,0.149536,0.861938
0.470581,-0.256958,1.045410
-0.382324,-0.214966,0.747925
0.083862,0.082642,1.057129
0.179321,-0.416992,0.865845
-0.500854,0.106079,0.838623
0.481689,-0.234253,1.061890
-0.326416,-0.235474,0.745972
0.012939,0.132690,1.057373
0.236938,-0.395630,0.896851
-0.540161,0.079590,0.814575
0.467651,-0.251587,1.051636
-0.243408,-0.310303,0.747803
-0.067505,0.152954,1.010620
0.284912,-0.374023,0.901123
-0.548218,0.054565,0.782349
0.434814,-0.234009,1.052368
-0.207886,-0.386597,0.719604
-0.141235,0.138916,1.002319
0.331543,-0.361084,0.929810
-0.581177,0.064819,0.766968
0.396973,-0.181763,1.048340
-0.162476,-0.349243,0.763306
-0.214233,0.143921,0.983521
0.345581,-0.327271,0.960327
-0.554688,-0.000122,0.759888
0.362915,-0.136719,1.062866
-0.143066,-0.321899,0.761719
-0.283936,0.170044,0.954956
0.373535,-0.341064,0.962524
-0.545654,-0.098755,0.727051
0.331299,-0.111206,1.068115
-0.079224,-0.349731,0.789062
-0.400757,0.204102,0.886475
0.429810,-0.309937,0.980347
-0.488403,-0.121948,0.727783
0.228027,-0.027466,1.061035
-0.023438,-0.374268,0.810669
-0.455444,0.175537,0.870239
0.452759,-0.321899,0.998779
-0.488770,-0.107910,0.745850
0.128662,0.045044,1.037720
0.060791,-0.408813,0.834473
-0.493408,0.118774,0.848022
0.448486,-0.281250,1.006714
-0.417725,-0.161133,0.740234
0.053101,0.124146,1.037964
0.131592,-0.375610,0.838745
-0.546997,0.108521,0.804565
0.460083,-0.306030,1.014526
-0.333984,-0.277588,0.715454
-0.012451,0.119751,1.003540
0.196533,-0.344849,0.859253
-0.568237,0.116455,0.790039
0.453369,-0.241333,1.040039
-0.265747,-0.312134,0.729370
-0.097656,0.127075,0.974487
0.251953,-0.393066,0.864746
-0.567627,0.072876,0.770020
0.425049,-0.200928,1.039795
-0.235229,-0.332031,0.715820
-0.165405,0.120117,0.971558
0.304321,-0.381104,0.904297
-0.570190,0.015625,0.753296
0.382935,-0.135620,1.049316
-0.196167,-0.329834,0.709717
-0.256470,0.182129,0.942627
0.360962,-0.397705,0.928223
-0.586304,-0.021484,0.746338
0.336548,-0.135742,1.035767
-0.161743,-0.370605,0.716553
-0.323730,0.192993,0.909790
0.382690,-0.339722,0.943848
-0.561646,-0.035522,0.738037
0.287720,-0.113281,1.035767
-0.105347,-0.383667,0.764160
-0.405151,0.170776,0.868530
0.394165,-0.316284,0.951416
-0.508545,-0.048950,0.721436
0.196777,0.003052,1.023193
-0.014160,-0.386108,0.791748
-0.488525,0.143921,0.840210
0.431763,-0.315796,0.982178
-0.466675,-0.122559,0.704956
0.099121,0.135010,1.031494
0.054321,-0.328003,0.800415
-0.543457,0.140625,0.819946
0.448486,-0.368286,0.994751
-0.384521,-0.279785,0.710938
0.060669,0.087158,1.018799
0.103638,-0.318237,0.815430
-0.595947,0.216919,0.802856
0.431274,-0.288574,0.983154
-0.317383,-0.308960,0.740723
-0.005371,0.037842,0.996094
0.186646,-0.415649,0.845337
-0.605103,0.187622,0.779785
0.406372,-0.208130,0.991211
-0.266479,-0.290405,0.733276
-0.059570,0.124512,0.994507
0.201660,-0.373291,0.858032
-0.590820,0.099976,0.777222
0.429932,-0.239258,1.006836
-0.257446,-0.301636,0.703491
-0.132690,0.166626,0.958862
0.272949,-0.373901,0.886475
-0.603760,0.074585,0.756836
0.406738,-0.185547,1.027344
-0.231323,-0.320801,0.690186
-0.191650,0.186646,0.951660
0.322021,-0.377075,0.907959
-0.609253,0.045532,0.750122
0.376221,-0.170532,1.022461
-0.191895,-0.386719,0.690430
-0.228271,0.179565,0.925537
0.342529,-0.363770,0.900635
-0.618286,0.077271,0.738037
0.350830,-0.146973,1.019653
-0.149658,-0.369995,0.722900
-0.297607,0.171021,0.900513
0.368042,-0.364624,0.920776
-0.580566,0.012817,0.726318
0.300171,-0.062256,1.017456
-0.119385,-0.392090,0.713989
-0.350220,0.207642,0.899414
0.384888,-0.329712,0.932373
-0.572144,0.002075,0.725464
0.229614,-0.054077,0.993774
-0.054932,-0.406006,0.755493
-0.422729,0.215820,0.886108
0.403076,-0.317993,0.942139
-0.534668,-0.061279,0.712646
0.176880,0.001099,1.003784
-0.002808,-0.380981,0.783569
-0.489258,0.221924,0.855347
0.433228,-0.275757,0.972046
-0.466553,-0.103149,0.735840
0.076782,0.098755,1.012939
0.070312,-0.403809,0.801636
-0.529297,0.182129,0.823120
0.428955,-0.230591,0.986450
-0.395386,-0.162720,0.731567
0.034546,0.134888,1.027588
0.158569,-0.422485,0.825928
-0.584839,0.187988,0.800903
0.421631,-0.207520,0.991577
-0.291504,-0.268311,0.719604
-0.049316,0.146362,0.997925
0.241577,-0.399658,0.864502
-0.621338,0.166016,0.779541
0.419922,-0.195068,1.008911
-0.198730,-0.334961,0.719971
-0.156006,0.165771,0.953369
0.313599,-0.353394,0.900269
-0.610352,0.126099,0.745239
0.359619,-0.124878,0.991211
-0.122925,-0.335815,0.749023
-0.252563,0.158203,0.909912
0.358643,-0.344727,0.908081
-0.580444,0.107056,0.736450
0.315308,-0.044189,0.997314
-0.084595,-0.346069,0.753418
-0.335693,0.178833,0.891846
0.405396,-0.349731,0.934692
-0.562988,0.010010,0.703003
0.237549,0.024780,1.002686
-0.043457,-0.382935,0.735962
-0.412476,0.209839,0.872314
0.426270,-0.338989,0.932129
-0.529785,-0.060791,0.722534
0.182739,0.017944,1.006592
-0.003540,-0.375488,0.772217
-0.466064,0.226074,0.842896
0.429810,-0.268677,0.964844
-0.452759,-0.125244,0.740845
0.129883,0.068970,1.030151
0.053833,-0.401978,0.781006
-0.547119,0.210815,0.823242
0.466553,-0.271240,0.987427
-0.368042,-0.151733,0.764893
-0.001709,0.167114,1.011108
0.159180,-0.411865,0.825439
-0.545532,0.120728,0.792725
0.444458,-0.185181,1.017212
-0.313354,-0.178955,0.741455
-0.066040,0.188965,0.980591
0.264771,-0.401367,0.864014
-0.595947,0.105957,0.771240
0.421265,-0.159424,1.030518
-0.175903,-0.311279,0.730347
-0.159058,0.206421,0.950073
0.317749,-0.349976,0.893066
-0.592041,0.090088,0.762451
0.389648,-0.141479,1.021851
-0.097534,-0.379272,0.734985
-0.273682,0.218140,0.899658
0.373535,-0.335083,0.917969
-0.565918,0.019409,0.739624
0.291992,-0.073486,0.996460
-0.038818,-0.437622,0.742798
-0.343262,0.164307,0.859497
0.411255,-0.280640,0.947144
-0.525757,-0.032959,0.732544
0.170654,0.029297,1.000122
0.037109,-0.418579,0.779663
-0.433350,0.126343,0.824707
0.435059,-0.260010,0.989746
-0.417236,-0.089478,0.750122
0.062500,0.232300,1.029785
0.104370,-0.331177,0.799316
-0.532837,0.131592,0.793579
0.461182,-0.318359,0.970947
-0.345459,-0.208374,0.758179
-0.014404,0.224243,1.011475
0.191528,-0.355713,0.818848
-0.574585,0.129639,0.751099
0.459595,-0.253906,1.001709
-0.223633,-0.277344,0.777466
-0.081421,0.173828,0.957153
0.268433,-0.370850,0.865356
-0.598389,0.095093,0.745239
0.430176,-0.163452,1.026245
-0.153198,-0.314087,0.760498
-0.154663,0.201172,0.952393
0.318481,-0.361206,0.894897
-0.596191,0.093018,0.743896
0.408325,-0.166626,1.026367
-0.090332,-0.353149,0.767944
-0.248901,0.206543,0.908813
0.365356,-0.373657,0.921631
-0.549561,-0.005493,0.750122
0.351074,-0.118042,1.006836
-0.070923,-0.373901,0.737549
-0.305420,0.193359,0.871826
0.419678,-0.321777,0.939453
-0.536255,-0.002686,0.739746
0.256470,-0.038574,0.991943
0.000366,-0.411621,0.760864
-0.341675,0.124268,0.853638
0.441650,-0.291382,0.954102
-0.514038,0.026978,0.751465
0.159668,0.079224,1.002441
0.059570,-0.391235,0.804565
-0.432617,0.078979,0.804810
0.458008,-0.275269,1.010986
-0.458740,-0.089233,0.727417
0.085205,0.213379,1.031372
0.121826,-0.396973,0.791138
-0.510010,0.147583,0.807861
0.463013,-0.291138,0.990723
-0.371826,-0.146851,0.770508
0.039185,0.161377,1.022949
0.175415,-0.404785,0.819214
-0.563232,0.126099,0.771484
0.480957,-0.269897,1.007202
-0.328857,-0.174683,0.760132
-0.023560,0.180298,0.998413
0.244385,-0.397095,0.853027
-0.582275,0.108276,0.740601
0.468872,-0.248535,1.018677
-0.229858,-0.235840,0.786133
-0.105225,0.191406,0.970825
0.297974,-0.400024,0.876465
-0.575073,0.085693,0.752808
0.430786,-0.214966,1.017578
-0.139038,-0.320435,0.782837
-0.160645,0.215332,0.952759
0.320435,-0.362427,0.894043
-0.560303,0.073853,0.765625
0.409668,-0.163086,1.018066
-0.091064,-0.345459,0.777222
-0.216431,0.180664,0.922729
0.351807,-0.359009,0.913208
-0.540283,-0.002197,0.753052
0.374146,-0.161133,1.013428
-0.037109,-0.407593,0.768921
-0.276489,0.182007,0.892212
0.397705,-0.336670,0.937134
-0.530396,-0.023438,0.739624
0.295288,-0.095947,1.001831
0.028931,-0.438110,0.775024
-0.344971,0.155029,0.846924
0.430786,-0.338257,0.942749
-0.508179,-0.046143,0.741455
0.218994,-0.037231,0.996094
0.077637,-0.443726,0.789917
-0.398804,0.120117,0.824585
0.448120,-0.301758,0.978149
-0.470703,-0.097778,0.739990
0.153931,0.044556,1.028687
0.122559,-0.449097,0.806641
-0.474976,0.107056,0.787354
0.460327,-0.285034,0.990479
-0.387329,-0.157349,0.752075
0.053223,0.123413,1.030151
0.202515,-0.428101,0.850952
-0.541992,0.084351,0.758179
0.453125,-0.267578,0.989014
-0.275879,-0.237915,0.773071
-0.032471,0.149658,1.008179
0.272217,-0.440552,0.861572
-0.564697,0.064941,0.755981
0.440186,-0.228760,1.008789
-0.170532,-0.265137,0.794312
-0.143799,0.188721,0.974487
0.335327,-0.405762,0.909180
-0.547363,0.008545,0.768433
0.397461,-0.207275,1.005615
-0.069824,-0.407715,0.783569
-0.225586,0.155396,0.924805
0.392700,-0.344482,0.940063
-0.511475,-0.003052,0.761353
0.306030,-0.090210,1.007202
0.032227,-0.426270,0.801270
-0.327759,0.124146,0.868408
0.427368,-0.350830,0.959473
-0.466064,-0.101196,0.759888
0.227295,-0.021362,1.027832
0.103271,-0.453247,0.805908
-0.430908,0.151001,0.819336
0.473389,-0.325928,0.987671
-0.403198,-0.150024,0.763550
0.124268,0.048096,1.024658
0.140015,-0.447021,0.827515
-0.482544,0.104370,0.778564
0.475586,-0.300537,1.003540
-0.347534,-0.198486,0.761108
0.026001,0.116943,1.033813
0.253906,-0.495972,0.858276
-0.509155,0.054443,0.765259
0.451050,-0.229736,1.001343
-0.253418,-0.211182,0.779907
-0.079834,0.170898,1.007568
0.325806,-0.460938,0.908691
-0.518433,-0.007446,0.760254
0.419067,-0.176025,1.034302
-0.134155,-0.317017,0.786011
-0.152954,0.175781,0.986084
0.384033,-0.402100,0.957031
-0.523071,-0.020142,0.762573
0.371338,-0.129639,1.038574
-0.022339,-0.409912,0.792847
-0.214722,0.134766,0.941650
0.437500,-0.385376,0.963013
-0.517334,-0.023193,0.754028
0.300049,-0.083374,1.019531
0.055054,-0.442749,0.804199
-0.295654,0.103760,0.888550
0.466187,-0.373169,0.991211
-0.458740,-0.092163,0.770996
0.227539,-0.012939,1.034546
0.085815,-0.427124,0.809326
-0.387207,0.133301,0.855835
0.502197,-0.335083,1.020874
-0.411865,-0.170776,0.759033
0.158325,0.016235,1.043457
0.146606,-0.459106,0.834229
-0.423828,0.112183,0.833862
0.506348,-0.304199,1.016968
-0.340210,-0.206665,0.772827
0.066284,0.120972,1.044800
0.236816,-0.469849,0.872314
-0.482666,0.047852,0.778931
0.498535,-0.294434,1.045532
-0.281738,-0.249878,0.796021
-0.010254,0.132080,1.045654
0.314819,-0.475830,0.901245
-0.522339,0.041504,0.767090
0.470459,-0.227905,1.064087
-0.163086,-0.296509,0.812622
-0.087402,0.201416,1.051880
0.358154,-0.432251,0.932373
-0.539307,0.060669,0.786865
0.456055,-0.210449,1.072876
-0.036377,-0.363525,0.856934
-0.185791,0.208984,0.998169
0.398926,-0.378540,0.950684
-0.494873,-0.001465,0.784546
0.371338,-0.147949,1.041138
0.035156,-0.406738,0.861450
-0.195068,0.128906,0.968750
0.460938,-0.349243,1.015259
-0.483276,-0.027710,0.751099
0.309448,-0.036499,1.060547
0.081421,-0.424805,0.840332
-0.253418,0.108398,0.964966
0.506470,-0.385376,1.034546
-0.458740,-0.078735,0.763916
0.260254,0.006714,1.047974
0.114502,-0.380493,0.852905
-0.304810,0.122314,0.926758
0.510010,-0.355591,1.046143
-0.405151,-0.157715,0.774780
0.222290,0.036865,1.069458
0.122559,-0.373657,0.868408
-0.355591,0.120728,0.921265
0.559326,-0.349731,1.075195
-0.380127,-0.169189,0.790039
0.155396,0.099365,1.070679
0.190063,-0.408447,0.890381
-0.380127,0.076050,0.868896
0.557861,-0.318359,1.092285
-0.342773,-0.191650,0.793335
0.112671,0.123657,1.065674
0.256592,-0.456909,0.892700
-0.413208,0.069092,0.856812
0.539673,-0.267456,1.075562
-0.302246,-0.205078,0.807861
0.070679,0.138184,1.069336
0.312256,-0.451904,0.929199
-0.458008,0.043335,0.812500
0.526001,-0.245728,1.092773
-0.212402,-0.237915,0.836060
-0.001709,0.171997,1.059692
0.365967,-0.418701,0.947144
-0.467651,0.009644,0.815063
0.477051,-0.160034,1.115356
-0.087891,-0.321167,0.843140
-0.088257,0.216797,1.063721
0.405029,-0.348511,0.993408
-0.464478,0.014526,0.829590
0.467896,-0.172607,1.107056
0.013428,-0.410645,0.865723
-0.146973,0.185913,1.037231
0.463745,-0.333618,1.032471
-0.469971,-0.000366,0.795044
0.399170,-0.107178,1.101440
0.078369,-0.409546,0.895386
-0.223999,0.150024,1.023560
0.507446,-0.323975,1.072510
-0.443359,-0.062988,0.783325
0.328857,-0.003174,1.102661
0.114014,-0.386597,0.904175
-0.279541,0.134033,0.992920
0.543945,-0.300171,1.123169
-0.401978,-0.133179,0.786621
0.268188,0.076050,1.117920
0.164551,-0.398560,0.894287
-0.325317,0.125244,0.950195
0.594604,-0.345947,1.125000
-0.357910,-0.175171,0.813843
0.210205,0.089233,1.107666
0.230225,-0.389893,0.933594
-0.381226,0.126465,0.891602
0.583374,-0.292725,1.107666
-0.287598,-0.214355,0.831665
0.140625,0.126099,1.116211
0.299927,-0.445435,0.953857
-0.412842,0.096924,0.861328
0.565430,-0.238281,1.111938
-0.238159,-0.222168,0.855469
0.083618,0.151611,1.099854
0.345581,-0.431152,0.964478
-0.441406,0.092163,0.854126
0.557739,-0.217407,1.120850
-0.181519,-0.212402,0.863647
0.015747,0.210693,1.111572
0.393799,-0.432617,0.996094
-0.464233,0.045410,0.853516
0.527100,-0.189941,1.124878
-0.131470,-0.247925,0.873657
-0.024414,0.222046,1.107056
0.421265,-0.355835,1.029541
-0.446289,-0.001831,0.850586
0.512817,-0.166748,1.147827
-0.036133,-0.337891,0.891724
-0.090210,0.219360,1.082764
0.452759,-0.341919,1.028198
-0.442749,-0.013184,0.834473
0.496094,-0.159790,1.158203
0.016479,-0.405518,0.886719
-0.122192,0.187256,1.067017
0.472900,-0.309082,1.064697
-0.434814,-0.082520,0.807983
0.452881,-0.089355,1.185059
0.036987,-0.379761,0.890625
-0.186035,0.240112,1.062256
0.510010,-0.326172,1.070923
-0.420898,-0.061401,0.828857
0.414062,-0.055786,1.170166
0.067871,-0.373657,0.915161
-0.258545,0.240356,1.042114
0.541992,-0.329834,1.103271
-0.389526,-0.134033,0.828979
0.366699,-0.003052,1.176147
0.111694,-0.378784,0.905640
-0.261353,0.220459,1.011475
0.545044,-0.245483,1.122681
-0.384155,-0.122803,0.806641
0.343140,-0.013550,1.154175
0.160645,-0.419922,0.935791
-0.322632,0.183716,0.978149
0.559204,-0.262329,1.128052
-0.333862,-0.150024,0.830688
0.273560,0.068726,1.151611
0.193115,-0.393188,0.946777
-0.335693,0.116577,0.942017
0.590698,-0.284668,1.147095
-0.311890,-0.186035,0.830688
0.211060,0.109863,1.158081
0.242188,-0.408691,0.948730
-0.368286,0.130127,0.920898
0.587036,-0.256714,1.131592
-0.279419,-0.220703,0.838501
0.156128,0.113647,1.134521
0.286011,-0.397949,0.957275
-0.395752,0.100098,0.890503
0.577026,-0.228027,1.148071
-0.244751,-0.242432,0.847900
0.085205,0.138306,1.113892
0.354858,-0.422974,0.993042
-0.455811,0.024048,0.837402
0.490723,-0.107422,1.151123
-0.010742,-0.293945,0.884399
-0.100342,0.232910,1.093872
0.480469,-0.372803,1.049683
-0.454346,-0.021729,0.830322
0.444824,-0.091797,1.131104
0.049805,-0.347778,0.892822
-0.167114,0.217773,1.055054
0.507568,-0.305176,1.091553
-0.430786,-0.070068,0.809570
0.401611,-0.052002,1.157349
0.061401,-0.344727,0.907471
-0.238159,0.207275,1.025635
0.563477,-0.312866,1.113159
-0.399170,-0.113403,0.808594
0.312500,0.027954,1.137207
0.140137,-0.394165,0.927856
-0.286743,0.163574,1.001465
0.570312,-0.301758,1.118408
-0.358154,-0.146606,0.833862
0.274170,0.085449,1.151123
0.200439,-0.404907,0.927612
-0.351562,0.136597,0.932129
0.588623,-0.293091,1.134644
-0.303589,-0.213501,0.829590
0.216553,0.100342,1.140015
0.249756,-0.400024,0.948975
-0.386475,0.130615,0.899658
0.591675,-0.261963,1.139404
-0.264893,-0.223999,0.832520
0.152100,0.119751,1.123047
0.312378,-0.427368,0.971191
-0.399048,0.095093,0.883667
0.569214,-0.214600,1.144043
-0.223755,-0.237305,0.857300
0.074707,0.172119,1.121582
0.368530,-0.422241,0.995728
-0.436523,0.075806,0.869873
0.545410,-0.162476,1.156128
-0.176147,-0.250854,0.868164
0.020630,0.191406,1.116577
0.415894,-0.414551,1.023315
-0.431030,0.016235,0.865479
0.521118,-0.151855,1.160278
-0.124390,-0.246582,0.870605
-0.031372,0.203003,1.107666
0.454224,-0.358765,1.042358
-0.440063,0.001831,0.857910
0.503540,-0.125610,1.162231
-0.008789,-0.325684,0.875122
-0.109009,0.216187,1.077515
0.476196,-0.307495,1.069702
-0.434937,-0.054810,0.845337
0.448120,-0.100464,1.168823
0.019775,-0.362427,0.893066
-0.188232,0.214355,1.057739
0.496338,-0.280762,1.087891
-0.417358,-0.067505,0.814819
0.390869,-0.051147,1.167603
0.075073,-0.398193,0.909546
-0.269531,0.191284,1.010254
0.554932,-0.283936,1.122681
-0.359131,-0.131104,0.829346
0.275879,0.066162,1.153931
0.135132,-0.395874,0.919800
-0.310059,0.110107,0.957397
0.574341,-0.280762,1.140625
-0.335815,-0.206299,0.824585
0.227661,0.093384,1.146606
0.210815,-0.383789,0.928467
-0.372925,0.127197,0.903076
0.569946,-0.254883,1.131836
-0.289551,-0.223267,0.826050
0.147095,0.127075,1.120117
0.267578,-0.409180,0.950195
-0.400391,0.082031,0.892822
0.579102,-0.207275,1.154541
-0.245239,-0.244995,0.831055
0.064087,0.149780,1.106934
0.330200,-0.414917,0.961548
-0.418579,0.088257,0.887695
0.550903,-0.182129,1.131226
-0.197754,-0.244629,0.853027
0.007690,0.147217,1.085327
0.366333,-0.382080,0.999634
-0.442017,0.015747,0.845947
0.526978,-0.140259,1.162231
-0.102051,-0.315674,0.834473
-0.054321,0.178711,1.067871
0.378052,-0.336670,1.005371
-0.440308,-0.045044,0.825684
0.517700,-0.143799,1.168579
-0.093750,-0.315796,0.824829
-0.128296,0.193726,1.040039
0.443848,-0.336792,1.031494
-0.459595,-0.043457,0.817505
0.462891,-0.125488,1.157593
-0.057251,-0.340332,0.847290
-0.182983,0.183960,1.025391
0.446289,-0.283081,1.045776
-0.455933,-0.069580,0.786987
0.423950,-0.081055,1.163452
-0.014282,-0.350830,0.861572
-0.263184,0.195557,1.007568
0.505127,-0.319336,1.072632
-0.437500,-0.088257,0.783325
0.327026,-0.000732,1.139893
0.058350,-0.351685,0.881958
-0.310669,0.160767,0.954224
0.500610,-0.280029,1.083618
-0.402710,-0.171143,0.782227
0.277832,0.003174,1.134766
0.106812,-0.360962,0.890625
-0.361816,0.163940,0.925659
0.514893,-0.243530,1.086792
-0.371216,-0.202881,0.777832
0.188599,0.041626,1.113159
0.173218,-0.404541,0.904053
-0.421753,0.137573,0.894409
0.535645,-0.253296,1.085571
-0.345825,-0.192993,0.784668
0.107422,0.102173,1.088379
0.240234,-0.391724,0.923462
-0.459229,0.087891,0.862305
0.506592,-0.203247,1.100098
-0.277710,-0.262451,0.794312
0.048096,0.112915,1.075073
0.269531,-0.369629,0.930054
-0.492798,0.072388,0.826782
0.500610,-0.219604,1.089966
-0.180420,-0.333862,0.794922
-0.024048,0.129883,1.053955
0.312134,-0.373413,0.939941
-0.500244,0.037720,0.806030
0.471436,-0.171387,1.100952
-0.150269,-0.316772,0.788330
-0.116943,0.144653,1.028687
0.358765,-0.360962,0.966675
-0.502319,-0.017456,0.780396
0.431274,-0.126343,1.109253
-0.132202,-0.314087,0.783569
-0.197876,0.171509,1.009766
0.409546,-0.338623,0.998169
-0.513550,-0.051147,0.777710
0.372314,-0.112183,1.100220
-0.074341,-0.333740,0.821411
-0.297729,0.155029,0.950684
0.451416,-0.334839,1.017456
-0.497925,-0.063354,0.759644
0.290527,-0.039673,1.090332
-0.003662,-0.367310,0.810425
-0.360962,0.160767,0.907227
0.478394,-0.311646,1.041504
-0.444336,-0.155029,0.734863
0.212036,0.038452,1.086426
0.051880,-0.356567,0.843140
-0.440918,0.145752,0.863892
0.503906,-0.317871,1.049683
-0.425537,-0.189209,0.742188
0.125000,0.095825,1.077515
0.133789,-0.412598,0.842651
-0.494141,0.143188,0.854492
0.483276,-0.292603,1.040039
-0.373779,-0.243530,0.751221
0.062378,0.098511,1.055664
0.187378,-0.384155,0.874756
-0.523682,0.106812,0.814819
0.476318,-0.249756,1.053223
-0.286865,-0.296021,0.747681
-0.006836,0.135864,1.048340
0.216797,-0.390259,0.871216
-0.525146,0.056763,0.797974
0.479492,-0.216553,1.070557
-0.250244,-0.286133,0.749146
-0.103149,0.146484,0.998169
0.288574,-0.389526,0.906372
-0.547485,0.024658,0.766846
0.436157,-0.199341,1.062256
-0.213135,-0.348511,0.723633
-0.152588,0.136963,0.985229
0.321655,-0.353149,0.928345
-0.582397,0.033691,0.772217
0.407837,-0.188477,1.056885
-0.173096,-0.380981,0.733887
-0.218140,0.142090,0.960083
0.346802,-0.332764,0.937866
-0.595947,0.030640,0.738037
0.349731,-0.131226,1.050781
-0.104858,-0.367798,0.802124
-0.313965,0.127441,0.915527
0.380249,-0.330688,0.969604
-0.540405,-0.000244,0.731079
0.247192,0.003052,1.042969
-0.077881,-0.324219,0.810547
-0.358887,0.112061,0.922485
0.426147,-0.343140,1.001343
-0.538330,-0.060669,0.704834
0.179565,0.068970,1.047119
-0.025635,-0.305420,0.821167
-0.410034,0.130859,0.898804
0.441040,-0.346558,1.007202
-0.515747,-0.122192,0.709106
0.135376,0.094971,1.039307
0.002197,-0.325317,0.794922
-0.460083,0.147827,0.862915
0.457031,-0.341553,1.001221
-0.500244,-0.127930,0.722290
0.092529,0.093872,1.018677
0.077393,-0.397339,0.810913
-0.512207,0.156250,0.829590
0.440796,-0.288574,1.001587
-0.445068,-0.137329,0.744629
0.044189,0.100342,1.024170
0.128418,-0.428101,0.821533
-0.542969,0.134644,0.822754
0.441284,-0.247803,1.024902
-0.400269,-0.156372,0.742432
-0.014893,0.134521,1.008057
0.183228,-0.407104,0.857666
-0.573120,0.113647,0.797363
0.421997,-0.228516,1.022217
-0.309570,-0.274780,0.716187
-0.060059,0.150391,0.988647
0.228271,-0.400635,0.859741
-0.584473,0.101318,0.773804
0.412598,-0.185425,1.026245
-0.244629,-0.302246,0.725586
-0.145996,0.158936,0.977539
0.267822,-0.402954,0.874268
-0.599487,0.053101,0.749146
0.407715,-0.197510,1.025024
-0.198608,-0.338257,0.720337
-0.218262,0.187744,0.954712
0.321533,-0.363281,0.917603
-0.598022,0.040894,0.737183
0.345337,-0.125000,1.024292
-0.161011,-0.362305,0.723999
-0.294434,0.159058,0.911865
0.373657,-0.377930,0.926392
-0.592896,0.011597,0.723022
0.273682,-0.087524,1.008667
-0.118530,-0.354492,0.746460
-0.373535,0.164551,0.891968
0.424438,-0.342773,0.981567
-0.578125,-0.033936,0.705811
0.170410,0.020752,0.997681
-0.010132,-0.406128,0.770874
-0.459839,0.190796,0.858154
0.428345,-0.299316,0.981567
-0.502930,-0.091553,0.716919
0.100830,0.084717,1.009644
0.062988,-0.390259,0.791382
-0.526123,0.177979,0.834961
0.444214,-0.265503,0.999512
-0.403198,-0.162842,0.740967
0.022583,0.164551,1.012085
0.114624,-0.405396,0.798950
-0.564941,0.160767,0.805420
0.458496,-0.278931,0.996338
-0.333862,-0.207031,0.741577
-0.046631,0.180664,0.981934
0.177368,-0.371826,0.838745
-0.585938,0.108276,0.762329
0.449585,-0.247437,1.020020
-0.273682,-0.322510,0.709473
-0.086426,0.184326,0.979858
0.220825,-0.356445,0.852051
-0.608887,0.133545,0.783569
0.437988,-0.244019,1.012207
-0.212158,-0.363037,0.719849
-0.134033,0.145752,0.944092
0.268799,-0.320679,0.885132
-0.626831,0.140869,0.748291
0.410156,-0.190674,1.013306
-0.163452,-0.390869,0.735718
-0.197144,0.135376,0.932251
0.329102,-0.361328,0.896484
-0.618042,0.141724,0.732422
0.357422,-0.103516,1.001099
-0.121582,-0.344482,0.759766
-0.272705,0.130493,0.906860
0.377197,-0.360596,0.915771
-0.581543,0.108032,0.738525
0.287354,0.018555,1.007324
-0.090210,-0.338501,0.747681
-0.346313,0.148193,0.882568
0.422485,-0.381348,0.945801
-0.557251,-0.001587,0.720459
0.218872,0.029053,0.999512
-0.059448,-0.357788,0.744385
-0.415405,0.190308,0.851074
0.451050,-0.356079,0.961670
-0.541870,-0.031738,0.713501
0.172729,0.034668,0.994629
0.009277,-0.424683,0.764282
-0.437988,0.168701,0.838867
0.430542,-0.270874,0.969482
-0.509888,-0.036255,0.716187
0.127197,0.089844,1.016357
0.080078,-0.393433,0.804077
-0.494995,0.155884,0.830811
0.437134,-0.256470,0.979004
-0.450073,-0.106323,0.719604
0.089111,0.114502,1.025879
0.133301,-0.393066,0.829224
-0.558594,0.190674,0.811768
0.456177,-0.232788,0.998169
-0.372070,-0.150757,0.734497
-0.006226,0.168213,1.015503
0.202759,-0.427734,0.844116
-0.561157,0.160645,0.808960
0.429443,-0.184326,1.000977
-0.292847,-0.219238,0.735840
-0.051758,0.179688,0.998047
0.249878,-0.391724,0.861450
-0.605103,0.174805,0.785889
0.445190,-0.196777,1.008301
-0.216187,-0.256226,0.756836
-0.119995,0.179443,0.954468
0.299927,-0.388550,0.889526
-0.596436,0.117798,0.763794
0.427246,-0.177856,1.011597
-0.154053,-0.305542,0.759277
-0.185669,0.188354,0.930054
0.344238,-0.364502,0.905884
-0.580566,0.107910,0.757446
0.370239,-0.089844,1.020142
-0.103882,-0.366089,0.729736
-0.241089,0.182983,0.907471
0.395874,-0.367188,0.919067
-0.567139,0.088745,0.751953
0.307129,-0.056641,0.984375
-0.056641,-0.382690,0.753418
-0.298828,0.146484,0.862061
0.401978,-0.322144,0.942627
-0.536255,0.011353,0.742920
0.263672,-0.004272,1.005127
-0.013916,-0.380371,0.771484
-0.353271,0.134277,0.844604
0.415771,-0.320923,0.940552
-0.534790,-0.024048,0.726196
0.224854,0.019287,1.014160
0.027588,-0.394409,0.770386
-0.407837,0.168701,0.835693
0.428955,-0.299683,0.952148
-0.488281,-0.090332,0.738281
0.165039,0.038330,1.017700
0.057007,-0.408691,0.770508
-0.461182,0.171875,0.827515
0.466553,-0.290649,0.986450
-0.451660,-0.104492,0.750122
0.106567,0.078491,1.013428
0.099121,-0.421143,0.797729
-0.502808,0.144409,0.801392
0.482788,-0.277832,0.991577
-0.405029,-0.105347,0.758423
0.039429,0.140015,1.009399
0.178955,-0.432251,0.822876
-0.546143,0.139038,0.788330
0.462769,-0.265991,0.987427
-0.344116,-0.172119,0.755249
-0.014160,0.184082,1.013062
0.231079,-0.421631,0.841675
-0.559204,0.133423,0.784668
0.457153,-0.239136,1.005005
-0.263428,-0.189575,0.787598
-0.069702,0.165894,0.988159
0.265503,-0.429810,0.863525
-0.572266,0.078003,0.757202
0.436401,-0.190796,1.019897
-0.203613,-0.233521,0.775146
-0.114014,0.216309,0.975098
0.316040,-0.396851,0.892212
-0.567383,0.067749,0.759766
0.411499,-0.186035,1.009766
-0.141846,-0.305786,0.767578
-0.170776,0.185059,0.948975
0.359131,-0.383545,0.918823
-0.552734,0.040894,0.762817
0.373291,-0.130371,1.017456
-0.070801,-0.362549,0.767456
-0.243042,0.171997,0.900757
0.397461,-0.370117,0.936768
-0.537231,-0.026855,0.755249
0.319702,-0.088257,1.013672
-0.024048,-0.404175,0.751465
-0.296265,0.146118,0.871948
0.432617,-0.360352,0.958252
-0.522217,-0.083984,0.730957
0.245605,-0.036621,1.002075
0.028198,-0.419800,0.760376
-0.365112,0.123535,0.828979
0.468750,-0.332642,0.974365
-0.480591,-0.120605,0.733765
0.165894,0.034912,1.012817
0.078003,-0.446777,0.772705
-0.439697,0.133667,0.806885
0.463501,-0.294800,0.980469
-0.426758,-0.130859,0.753906
0.106323,0.058472,1.017212
0.149292,-0.460327,0.800781
-0.499268,0.134644,0.787598
0.469238,-0.282593,0.985718
-0.342407,-0.171021,0.778809
0.015625,0.125488,1.015137
0.216675,-0.470459,0.835571
-0.525391,0.058350,0.748291
0.465088,-0.264771,1.004150
-0.291138,-0.200195,0.770264
-0.056396,0.197510,1.019775
0.293457,-0.451782,0.877197
-0.548462,0.039551,0.746582
0.432983,-0.241821,1.012817
-0.213257,-0.246460,0.790283
-0.103760,0.139282,0.976440
0.336426,-0.403687,0.924438
-0.553955,0.054932,0.767822
0.414795,-0.186768,1.024902
-0.099976,-0.346191,0.788208
-0.183228,0.160400,0.951538
0.368164,-0.399414,0.929932
-0.529785,0.010498,0.752075
0.386108,-0.153198,1.028564
-0.029541,-0.380737,0.800659
-0.245483,0.168457,0.925903
0.414185,-0.400879,0.946899
-0.511963,-0.042236,0.750732
0.328491,-0.109375,1.005737
0.013916,-0.398071,0.802734
-0.281616,0.141479,0.893555
0.445190,-0.391479,0.957275
-0.490601,-0.061890,0.764648
0.277588,-0.052490,1.023193
0.055176,-0.412476,0.794434
-0.320312,0.148926,0.885986
0.462280,-0.399902,0.969116
-0.466919,-0.124878,0.749512
0.248779,-0.041382,1.031128
0.093750,-0.441772,0.809448
-0.391357,0.164062,0.860718
0.478394,-0.345337,1.001465
-0.424316,-0.162842,0.757812
0.176636,-0.010864,1.022095
0.121582,-0.451172,0.813110
-0.402588,0.125854,0.830078
0.480347,-0.309570,1.003662
-0.397339,-0.159058,0.767456
0.134277,0.026611,1.041748
0.176147,-0.483276,0.830811
-0.443359,0.104004,0.812622
0.496094,-0.285034,1.012451
-0.342896,-0.160889,0.780029
0.061401,0.093994,1.021851
0.263672,-0.517944,0.869263
-0.487183,0.016479,0.760254
0.488525,-0.248779,1.039795
-0.251099,-0.211426,0.800293
-0.036743,0.187378,1.035767
0.323120,-0.490967,0.901367
-0.509521,0.025513,0.779663
0.469482,-0.243652,1.048218
-0.183105,-0.264648,0.814209
-0.077881,0.219849,1.043091
0.359497,-0.390991,0.944824
-0.536987,0.043701,0.787109
0.436157,-0.243164,1.053467
-0.076050,-0.371338,0.833862
-0.127075,0.176758,1.015991
0.394897,-0.379028,0.965820
-0.515259,0.031250,0.784424
0.407959,-0.180908,1.045410
0.000610,-0.387451,0.846313
-0.181274,0.162842,0.986206
0.446045,-0.372681,0.998901
-0.489990,-0.022461,0.790161
0.347656,-0.111816,1.045898
0.057617,-0.417969,0.842896
-0.229370,0.125610,0.955566
0.482910,-0.361450,1.031372
-0.450562,-0.103149,0.786987
0.313965,-0.072998,1.061890
0.098511,-0.423218,0.850708
-0.297852,0.169312,0.944702
0.498901,-0.323853,1.032959
-0.410645,-0.138184,0.781982
0.269165,-0.037964,1.071899
0.124878,-0.423950,0.871948
-0.348877,0.162476,0.912598
0.516602,-0.289673,1.061401
-0.373657,-0.191895,0.787109
0.215698,0.001831,1.082153
0.169312,-0.445557,0.879150
-0.365967,0.123535,0.883789
0.529297,-0.252930,1.071411
-0.342163,-0.147339,0.814453
0.159424,0.052612,1.080688
0.255127,-0.489258,0.908813
-0.412354,0.080566,0.834351
0.532104,-0.246582,1.080688
-0.289062,-0.199219,0.814087
0.092407,0.109863,1.067505
0.312500,-0.481079,0.923828
-0.418213,0.036499,0.822998
0.520020,-0.196045,1.109741
-0.235352,-0.212769,0.812134
0.028198,0.161133,1.079346
0.369995,-0.464600,0.948242
-0.446289,0.024048,0.826538
0.507568,-0.180664,1.116821
-0.155029,-0.233032,0.859741
-0.054810,0.208008,1.061646
0.421875,-0.406738,0.990723
-0.459717,-0.005615,0.827515
0.491699,-0.168213,1.123779
-0.059937,-0.293213,0.871094
-0.108032,0.215576,1.051758
0.449829,-0.343628,1.027344
-0.475464,-0.027344,0.808960
0.445557,-0.141968,1.126953
0.055786,-0.412720,0.880981
-0.163330,0.194458,1.034546
0.495972,-0.297241,1.058960
-0.437744,-0.008789,0.821533
0.373413,-0.075195,1.106201
0.085327,-0.406982,0.919678
-0.223022,0.138306,1.015259
0.527466,-0.272461,1.106567
-0.410278,-0.069214,0.796021
0.311890,0.039551,1.122314
0.135254,-0.354370,0.936768
-0.264648,0.088379,0.989380
0.555542,-0.291870,1.134766
-0.388184,-0.129150,0.792725
0.276855,0.094727,1.132690
0.195679,-0.385498,0.942993
-0.324829,0.147339,0.968140
0.567017,-0.290894,1.125000
-0.336914,-0.207397,0.809692
0.222900,0.068481,1.118896
0.242310,-0.417969,0.937988
-0.351929,0.128418,0.919434
0.575073,-0.225342,1.141724
-0.307739,-0.192261,0.818115
0.166138,0.061157,1.096191
0.289673,-0.476807,0.944336
-0.369019,0.088135,0.900879
0.569458,-0.190308,1.148438
-0.272583,-0.206177,0.822632
0.093018,0.134277,1.098877
0.354858,-0.445801,0.983765
-0.404419,0.087646,0.888062
0.562744,-0.180420,1.173706
-0.230835,-0.238159,0.842285
0.058228,0.154053,1.094360
0.367310,-0.412842,0.998779
-0.421143,0.046265,0.874023
0.576538,-0.200195,1.172241
-0.183350,-0.242188,0.854858
0.008789,0.226440,1.108032
0.393555,-0.399902,1.003296
-0.432129,0.015015,0.862427
0.555542,-0.175903,1.174072
-0.108276,-0.250732,0.887085
-0.034668,0.240723,1.105469
0.409546,-0.387207,0.994751
-0.432495,0.002686,0.853027
0.534546,-0.150879,1.177124
-0.016479,-0.301270,0.910767
-0.080200,0.227051,1.084473
0.421753,-0.344238,1.017334
-0.466309,-0.015869,0.835449
0.522705,-0.186890,1.174805
0.000000,-0.369995,0.886963
-0.105591,0.215088,1.095825
0.473145,-0.316406,1.052612
-0.476807,-0.003662,0.817749
0.469849,-0.121826,1.165527
0.025879,-0.410522,0.895630
-0.151245,0.201782,1.075562
0.486206,-0.301392,1.074829
-0.475830,-0.005249,0.809692
0.432739,-0.086304,1.164062
0.064453,-0.403076,0.901123
-0.204224,0.210083,1.057617
0.516724,-0.276001,1.107910
-0.449463,-0.040039,0.809082
0.359985,-0.042480,1.149536
0.095215,-0.408813,0.917969
-0.404907,-0.084717,0.805054
0.300171,0.059204,1.149536
0.135010,-0.381104,0.919312
-0.291138,0.146729,0.989014
0.563965,-0.309570,1.117554
-0.376831,-0.137573,0.818115
0.250977,0.078491,1.139160
0.157471,-0.351685,0.924927
-0.329712,0.107422,0.939819
0.591675,-0.295898,1.140503
-0.350586,-0.178955,0.812622
0.206909,0.104736,1.139404
0.205078,-0.380371,0.926758
-0.385620,0.123657,0.896606
0.576416,-0.263550,1.129028
-0.296753,-0.240112,0.821777
0.134644,0.111450,1.108032
0.249634,-0.390625,0.923340
-0.409668,0.099976,0.894287
0.564087,-0.244873,1.126709
-0.243164,-0.274048,0.822998
0.056763,0.155884,1.104126
0.300781,-0.391479,0.946289
-0.434937,0.049805,0.859741
0.556274,-0.220215,1.143677
-0.173584,-0.304810,0.838257
-0.036621,0.158813,1.067383
0.327759,-0.354980,0.958252
-0.435913,-0.000977,0.843262
0.533813,-0.198120,1.145386
-0.098389,-0.345581,0.843628
-0.082275,0.148315,1.044189
0.371704,-0.346191,0.976562
-0.482300,0.014893,0.808350
0.480225,-0.161743,1.135010
-0.074707,-0.340210,0.829102
-0.141357,0.155151,1.044678
0.415527,-0.330933,1.021240
-0.478149,-0.039185,0.806152
0.448486,-0.120239,1.136230
-0.065552,-0.316406,0.830200
-0.232422,0.207031,1.009766
0.462524,-0.304443,1.052246
-0.480835,-0.095459,0.780640
0.401245,-0.098022,1.136230
-0.041016,-0.319336,0.835083
-0.281494,0.200073,0.975952
0.476685,-0.281128,1.053589
-0.458862,-0.150513,0.770508
0.323120,-0.057495,1.125854
0.009888,-0.355835,0.845947
-0.312500,0.178467,0.943115
0.496094,-0.289795,1.056885
-0.455688,-0.105225,0.778198
0.254395,-0.026978,1.105347
0.082275,-0.400146,0.863281
-0.354980,0.165283,0.929565
0.491455,-0.266357,1.053223
-0.432739,-0.125000,0.777954
0.184326,0.001587,1.084351
0.144775,-0.402466,0.888672
-0.421509,0.136353,0.885864
0.505371,-0.239868,1.076172
-0.405762,-0.166992,0.764648
0.094727,0.077881,1.068848
0.210571,-0.420044,0.895508
-0.454956,0.073242,0.847412
0.491333,-0.203979,1.086548
-0.294922,-0.230103,0.777588
0.011597,0.134155,1.045776
0.260864,-0.392578,0.897949
-0.499634,0.039307,0.812622
0.483276,-0.217529,1.085327
-0.205566,-0.328247,0.765625
-0.073364,0.160034,1.020996
0.300293,-0.358643,0.918701
-0.539551,0.025024,0.786133
0.463745,-0.224487,1.080322
-0.150757,-0.353882,0.777954
-0.182739,0.180542,1.000977
0.349243,-0.334229,0.946045
-0.550171,-0.009644,0.757812
0.413574,-0.174805,1.077759
-0.109619,-0.358398,0.791992
-0.261108,0.171509,0.963135
0.380615,-0.318604,0.970825
-0.539673,-0.007690,0.763550
0.251221,0.026978,1.120361
-0.059326,-0.347778,0.817993
-0.375488,0.149780,0.925537
0.509399,-0.239868,1.086426
-0.506348,-0.082153,0.730713
0.158203,0.074097,1.099731
0.195435,-0.383911,0.913452
-0.434204,0.095703,0.882202
0.544922,-0.267334,1.109985
-0.310425,-0.228394,0.803101
0.040161,0.134521,1.068604
0.259766,-0.383179,0.922729
-0.444702,0.039429,0.855347
0.510864,-0.201538,1.109009
-0.210571,-0.280640,0.807373
-0.015503,0.114868,1.041870
0.304565,-0.365845,0.944702
-0.490356,0.008057,0.807617
0.497925,-0.201294,1.119141
-0.146118,-0.340088,0.787354
-0.104370,0.159180,1.032959
0.344727,-0.333130,0.952881
-0.520508,0.005127,0.777344
0.448730,-0.185547,1.109009
-0.112305,-0.378296,0.789307
-0.200806,0.172729,1.009399
0.403320,-0.315308,0.993042
-0.518433,0.011230,0.771484
0.370239,-0.119019,1.094727
-0.052002,-0.365601,0.832031
-0.277832,0.150513,0.972290
0.426514,-0.314453,1.018921
-0.501831,-0.054321,0.770508
0.285278,-0.035767,1.090576
0.003784,-0.365967,0.831299
-0.350586,0.140503,0.924927
0.458008,-0.270386,1.046997
-0.451782,-0.137695,0.747437
0.179565,0.029663,1.076538
0.077271,-0.396118,0.843018
-0.441650,0.115356,0.865723
0.506226,-0.265381,1.073486
-0.401489,-0.192383,0.748047
0.060181,0.124146,1.053223
0.156860,-0.397705,0.853638
-0.485229,0.059082,0.836182
0.504395,-0.276733,1.073486
-0.307617,-0.276245,0.756348
-0.005371,0.150757,1.051514
0.213013,-0.387817,0.853760
-0.527832,0.083008,0.816040
0.478760,-0.268188,1.058228
-0.242065,-0.333618,0.760254
-0.062866,0.116821,1.009277
0.261597,-0.381958,0.890381
-0.562744,0.067017,0.768311
0.451660,-0.229980,1.044922
-0.214966,-0.322388,0.750977
-0.123047,0.104248,0.985352
0.316162,-0.390381,0.930420
-0.575806,0.051147,0.748413
0.401489,-0.135986,1.060425
-0.175415,-0.325439,0.755737
-0.213867,0.146851,0.982666
0.336548,-0.372192,0.933838
-0.566895,0.007324,0.756470
0.386108,-0.157715,1.055298
-0.147217,-0.337036,0.750000
-0.302368,0.181519,0.924927
0.381470,-0.350830,0.960571
-0.551025,-0.070801,0.722290
0.339233,-0.099487,1.063965
-0.120972,-0.347656,0.748169
-0.366089,0.195312,0.904053
0.409302,-0.372803,0.959839
-0.531494,-0.086792,0.723022
0.264771,-0.070557,1.048462
-0.067627,-0.370972,0.765747
-0.410767,0.194946,0.882935
0.422363,-0.316162,0.979736
-0.514404,-0.099609,0.730713
0.186401,-0.006348,1.035767
0.010376,-0.405884,0.806152
-0.476929,0.197021,0.864380
0.423828,-0.268555,0.997192
-0.491699,-0.133057,0.715576
0.104370,0.063110,1.037964
0.090210,-0.407959,0.823364
-0.529053,0.157959,0.838501
0.439453,-0.266357,1.009155
-0.433594,-0.155884,0.732788
0.017822,0.128174,1.022461
0.177979,-0.433960,0.850952
-0.569580,0.132446,0.805298
0.417114,-0.223755,1.007446
-0.329956,-0.216431,0.733154
-0.034058,0.149414,1.002319
0.223633,-0.400635,0.857910
-0.598755,0.100342,0.786743
0.429810,-0.220459,1.018066
-0.273315,-0.264893,0.710327
-0.120972,0.185791,0.972412
0.274902,-0.390137,0.883667
-0.601929,0.066040,0.769531
0.411987,-0.215210,1.015381
-0.223022,-0.332642,0.710815
-0.192383,0.177490,0.956055
0.320068,-0.377686,0.900391
-0.598389,0.048950,0.751099
0.381348,-0.175537,1.027344
-0.181396,-0.357300,0.717773
-0.256348,0.184448,0.936401
0.350098,-0.369873,0.913818
-0.592407,0.036011,0.735596
0.329346,-0.136597,1.017334
-0.146851,-0.371460,0.726807
-0.308350,0.162598,0.893677
0.370117,-0.347656,0.926270
-0.587402,0.007324,0.724976
0.293701,-0.087402,1.013306
-0.104126,-0.366821,0.749023
-0.371460,0.197876,0.887329
0.382690,-0.339478,0.924805
-0.557983,-0.025879,0.719360
0.244629,-0.074829,1.002197
-0.054565,-0.413452,0.755371
-0.449829,0.224976,0.865479
0.407471,-0.306274,0.942017
-0.531250,-0.076660,0.713501
0.183716,-0.023193,1.009644
-0.007812,-0.429321,0.757446
-0.479004,0.234253,0.849731
0.422607,-0.277466,0.953003
-0.516968,-0.056274,0.718140
0.111816,0.034302,1.008911
0.065063,-0.418579,0.804688
-0.532959,0.218506,0.844116
0.422729,-0.259033,0.973877
-0.432373,-0.112549,0.739868
0.055054,0.100952,1.024048
0.117065,-0.426514,0.811279
-0.569702,0.189087,0.817017
0.417236,-0.204712,0.985962
-0.343628,-0.169312,0.740356
0.003174,0.147095,1.005737
0.199463,-0.420288,0.851562
-0.598633,0.151489,0.788330
0.416138,-0.205933,0.983521
-0.281616,-0.222290,0.721069
-0.077637,0.193237,0.996460
0.271606,-0.403931,0.879517
-0.609131,0.147949,0.778809
0.406860,-0.160278,1.004517
-0.215942,-0.284302,0.724365
-0.138306,0.174805,0.963379
0.315796,-0.388672,0.888550
-0.612061,0.152832,0.789307
0.392456,-0.140381,1.008667
0.336426,-0.345581,0.917725
-0.591064,0.064941,0.753174
0.368042,-0.121460,1.021118
-0.126221,-0.388306,0.713501
-0.306396,0.216309,0.887695
0.384277,-0.360229,0.907227
-0.564331,0.040283,0.755615
0.322510,-0.109863,0.998413
-0.088989,-0.395508,0.738525
-0.336182,0.192627,0.864258
0.398071,-0.323853,0.927490
-0.559570,0.025635,0.723999
0.286499,-0.058228,1.004517
-0.034302,-0.412964,0.747925
-0.366333,0.177002,0.865356
0.416016,-0.307861,0.936279
-0.547363,0.009644,0.725220
0.207153,0.015747,0.998047
0.010742,-0.396240,0.773682
-0.408569,0.174194,0.851196
0.425659,-0.283813,0.959473
-0.517334,-0.020996,0.726807
0.157715,0.049316,0.996704
0.050171,-0.415649,0.782837
-0.472412,0.178589,0.831299
0.441650,-0.248413,0.973145
-0.451538,-0.068481,0.750366
0.102051,0.117676,1.024902
0.087769,-0.417725,0.795776
-0.515991,0.164551,0.802979
0.447510,-0.245117,0.986816
-0.400879,-0.132812,0.746216
0.054565,0.155273,1.031006
0.147827,-0.409424,0.812500
-0.565552,0.163940,0.791748
0.458984,-0.246948,1.003906
-0.332642,-0.195679,0.752197
0.003052,0.174805,1.010376
0.199951,-0.375854,0.834595
-0.597656,0.163818,0.768311
0.465210,-0.274414,0.996582
-0.269897,-0.245972,0.760742
-0.049072,0.168823,0.992432
0.245605,-0.364136,0.869507
-0.597778,0.151855,0.750610
0.446411,-0.214355,0.999634
-0.208374,-0.227783,0.789795
-0.106323,0.167969,0.969482
0.284668,-0.387207,0.895264
-0.586914,0.109497,0.774170
0.434326,-0.163086,1.025757
-0.176147,-0.263672,0.765381
-0.171753,0.191650,0.950439
0.335327,-0.432983,0.893311
-0.576172,0.055420,0.769653
0.393433,-0.119263,1.026489
-0.103516,-0.316284,0.756226
-0.223633,0.211914,0.924683
0.361816,-0.365845,0.916870
-0.571411,0.027466,0.752319
0.367432,-0.141113,1.005981
-0.039185,-0.370361,0.776855
-0.290405,0.212036,0.878052
0.390869,-0.320312,0.924316
-0.539185,-0.007935,0.754150
0.311401,-0.105103,0.992798
0.007080,-0.441895,0.764038
-0.334351,0.162720,0.843140
0.423950,-0.291260,0.941650
-0.519287,-0.007446,0.744507
0.222656,-0.022583,0.993408
0.074341,-0.457153,0.779785
-0.388184,0.128906,0.822632
0.438232,-0.284302,0.952881
-0.500854,-0.034668,0.730469
0.163208,0.049561,1.007935
0.117676,-0.464722,0.798218
-0.475464,0.154419,0.808594
0.453003,-0.285278,0.967163
-0.441284,-0.104370,0.735352
0.082886,0.133667,1.027588
0.168823,-0.434937,0.822021
-0.524170,0.123535,0.791626
0.462158,-0.294189,0.974854
-0.383179,-0.135132,0.754272
0.018921,0.162109,1.018555
0.228638,-0.425537,0.852661
-0.548828,0.107788,0.768799
0.459595,-0.247925,0.995239
-0.292358,-0.232910,0.752563
-0.050781,0.161743,0.989868
0.280518,-0.434814,0.880493
-0.546143,0.061890,0.750732
0.439941,-0.178101,1.022827
-0.208008,-0.252197,0.769897
-0.112793,0.170776,0.977051
0.322754,-0.444702,0.890137
-0.557373,0.083618,0.766724
0.414429,-0.153931,1.019165
-0.137451,-0.289917,0.785400
-0.159912,0.161499,0.955322
0.347778,-0.416138,0.915405
-0.546753,0.045410,0.759155
0.384888,-0.101562,1.031494
-0.062012,-0.334106,0.798218
-0.228149,0.165527,0.929443
0.395874,-0.437500,0.918579
-0.523193,-0.013184,0.756714
0.327515,-0.061646,1.020386
-0.005371,-0.385254,0.786987
-0.296509,0.162109,0.901978
0.419922,-0.408081,0.937256
-0.487793,-0.082764,0.753662
0.269165,-0.042236,1.012329
0.048828,-0.404663,0.785522
-0.348145,0.137939,0.855591
0.454468,-0.360229,0.969604
-0.458374,-0.142700,0.749023
0.196167,-0.007324,1.016479
0.099121,-0.447998,0.783936
-0.399658,0.133667,0.834839
0.473755,-0.316284,0.995850
-0.421631,-0.168091,0.750000
0.116333,0.030640,0.995850
0.156494,-0.468018,0.806396
-0.449463,0.084473,0.799561
0.485840,-0.295532,1.007202
-0.370117,-0.177368,0.754883
0.032104,0.109863,0.998047
0.230591,-0.485840,0.842285
-0.472900,0.033691,0.768311
0.480835,-0.270752,1.024048
-0.309814,-0.196289,0.776123
-0.036621,0.139771,1.005737
0.292603,-0.495117,0.867432
-0.497314,0.021240,0.761719
0.457764,-0.227783,1.036377
-0.217896,-0.242798,0.789429
-0.104614,0.189453,1.001343
0.353271,-0.462280,0.923340
-0.528198,0.010742,0.766113
0.433838,-0.183716,1.058472
-0.118530,-0.296631,0.806030
-0.166748,0.208984,0.994873
0.400513,-0.427612,0.947021
-0.508789,-0.026611,0.773193
0.383667,-0.138916,1.043457
-0.006714,-0.385376,0.814453
-0.238281,0.189941,0.954346
0.446533,-0.386230,0.977783
-0.483154,-0.085938,0.764648
0.319824,-0.100586,1.052124
0.071045,-0.441284,0.818481
-0.279297,0.142090,0.911377
0.472778,-0.336670,1.006836
-0.473389,-0.111450,0.758911
0.241943,-0.066284,1.022461
0.121460,-0.472778,0.823364
-0.353027,0.105591,0.876953
0.497803,-0.279297,1.043457
-0.412964,-0.141724,0.765015
0.152832,0.044312,1.043701
0.195068,-0.490356,0.852783
-0.403442,0.067261,0.852417
0.529419,-0.282349,1.069824
-0.368652,-0.188354,0.755249
0.060181,0.104370,1.022583
0.282593,-0.473633,0.889771
-0.440308,0.046265,0.826904
0.517578,-0.247437,1.072266
-0.256958,-0.244751,0.799194
-0.012451,0.163818,1.040894
0.320923,-0.476440,0.910156
-0.488281,0.019043,0.794922
0.507935,-0.229614,1.095825
-0.171509,-0.261841,0.838623
-0.082520,0.222900,1.053833
0.370483,-0.427979,0.953369
-0.479126,0.011108,0.810547
0.478638,-0.191528,1.092407
-0.100464,-0.295898,0.846680
-0.131714,0.208252,1.034302
0.422241,-0.398071,0.990234
-0.471436,-0.037842,0.793945
0.425903,-0.138306,1.096069
-0.000732,-0.353027,0.857544
-0.157837,0.190552,1.021362
0.461060,-0.373779,1.000854
-0.473145,-0.043579,0.796143
0.385498,-0.117432,1.083984
0.079346,-0.416992,0.871826
-0.219727,0.186401,1.007202
0.502808,-0.348022,1.047729
-0.426758,-0.094116,0.792358
0.332642,-0.046997,1.101074
0.098145,-0.407104,0.870605
-0.270630,0.171631,0.984375
0.522827,-0.314575,1.071411
-0.389038,-0.142456,0.795044
0.289429,0.003052,1.104980
0.143555,-0.399902,0.893921
-0.332764,0.160522,0.945435
0.551147,-0.291382,1.097900
-0.359131,-0.181641,0.796265
0.227051,0.049438,1.100830
0.225586,-0.405396,0.920288
-0.373047,0.100952,0.895142
0.555298,-0.260132,1.117065
-0.296143,-0.235107,0.805298
0.137085,0.106689,1.088623
0.300537,-0.423462,0.940430
-0.415283,0.090698,0.847534
0.563965,-0.235596,1.125732
-0.231201,-0.246826,0.836060
0.047852,0.129272,1.074341
0.375488,-0.432007,0.994019
-0.433228,0.060791,0.842041
0.518066,-0.141724,1.135254
-0.146362,-0.241333,0.867310
-0.025269,0.192383,1.082764
0.431396,-0.401001,1.025757
-0.444702,0.003662,0.841064
0.488892,-0.121094,1.145264
-0.052368,-0.285278,0.881836
-0.095947,0.204346,1.077148
0.479004,-0.338379,1.059204
-0.440063,-0.049438,0.822144
0.443726,-0.080688,1.156372
0.061035,-0.352051,0.892822
-0.185059,0.194824,1.036255
0.520752,-0.292236,1.098389
-0.419312,-0.098389,0.809204
0.371948,-0.036743,1.146484
0.098877,-0.387451,0.910767
-0.259399,0.213501,1.032715
0.546875,-0.272583,1.117432
-0.369019,-0.136353,0.822388
0.279541,0.048584,1.133911
0.184326,-0.410522,0.938843
-0.305786,0.114502,0.959351
0.568970,-0.243652,1.151855
-0.313110,-0.192749,0.827515
0.205322,0.105591,1.124146
0.260620,-0.408936,0.947876
-0.382446,0.070435,0.899902
0.591797,-0.285034,1.145630
-0.247070,-0.247192,0.844604
0.119019,0.165283,1.114380
0.309814,-0.357910,0.966187
-0.419922,0.078613,0.869751
0.582275,-0.227783,1.163696
-0.180908,-0.294922,0.864868
0.030029,0.145508,1.093506
0.378906,-0.387573,0.998535
-0.426270,0.068481,0.859985
0.542725,-0.136353,1.165405
-0.117554,-0.300049,0.867676
-0.016357,0.168701,1.108032
0.419434,-0.392212,1.021240
-0.440796,0.033203,0.863037
0.515991,-0.103638,1.171387
-0.024780,-0.327515,0.889160
-0.096191,0.184082,1.090210
0.445068,-0.345825,1.047974
-0.433960,-0.048950,0.837402
0.493530,-0.094482,1.184082
0.000977,-0.312378,0.879883
-0.177490,0.240112,1.069092
0.504272,-0.330566,1.077271
-0.436279,-0.075439,0.831787
0.415649,-0.080200,1.161255
0.047485,-0.345459,0.903809
-0.235107,0.228516,1.030640
0.529541,-0.275757,1.107056
-0.411621,-0.098755,0.818481
0.336426,-0.035889,1.145020
0.121216,-0.396362,0.913940
-0.301025,0.180908,0.982178
0.542603,-0.252930,1.120605
-0.359253,-0.152588,0.814819
0.247559,0.042114,1.141846
0.211426,-0.417603,0.936646
-0.349731,0.114014,0.936523
0.541626,-0.235352,1.126221
-0.304688,-0.191406,0.821777
0.159180,0.113892,1.127075
0.264771,-0.407104,0.951782
-0.420288,0.093384,0.901245
0.554321,-0.246948,1.115112
-0.258545,-0.249512,0.818726
0.068970,0.183228,1.111572
0.315552,-0.371826,0.957886
-0.439209,0.046875,0.857788
0.553467,-0.215454,1.138794
-0.177490,-0.305786,0.829834
-0.008301,0.153076,1.079468
0.343750,-0.354980,0.968018
-0.445557,0.014526,0.838745
0.527832,-0.172485,1.151123
-0.103760,-0.355469,0.826538
-0.070923,0.143921,1.048340
0.381348,-0.364990,0.977783
-0.453247,0.002075,0.820801
0.488159,-0.116211,1.156982
-0.070923,-0.319092,0.832764
-0.171753,0.161987,1.017090
0.425415,-0.360352,1.017822
-0.459106,-0.089844,0.789307
0.432983,-0.088867,1.149536
-0.072998,-0.278442,0.828613
-0.237305,0.215698,1.013550
0.475708,-0.336426,1.049072
-0.463013,-0.102417,0.786987
0.354492,-0.047119,1.141235
-0.018311,-0.328979,0.840698
-0.296021,0.180298,0.971802
0.501709,-0.330566,1.058838
-0.445312,-0.139160,0.774048
0.286377,-0.016479,1.126953
0.074341,-0.371704,0.864258
-0.373047,0.190918,0.931519
0.497803,-0.276489,1.068481
-0.402100,-0.187134,0.769043
0.192871,0.008911,1.096069
0.156372,-0.395630,0.901245
-0.439941,0.158447,0.883545
0.508667,-0.219360,1.088379
-0.359009,-0.202393,0.768555
0.076294,0.076172,1.064209
0.224243,-0.417114,0.905029
-0.468750,0.087158,0.864258
0.504883,-0.202393,1.112061
-0.282959,-0.236694,0.776489
-0.031738,0.155151,1.043945
0.277954,-0.379883,0.929199
-0.487427,0.013184,0.813843
0.484985,-0.204712,1.091187
-0.192383,-0.324219,0.763428
-0.107666,0.144775,1.002197
0.324951,-0.386719,0.917114
-0.526123,0.002075,0.774170
0.455811,-0.187500,1.093384
-0.157715,-0.347412,0.760742
-0.183960,0.154663,0.993530
0.379517,-0.352173,0.960693
-0.553345,-0.003296,0.755493
0.376953,-0.135132,1.082642
-0.115845,-0.348389,0.782104
-0.267090,0.165283,0.971802
0.404663,-0.349609,0.991943
-0.534302,-0.050171,0.744751
0.330688,-0.094360,1.082031
-0.071655,-0.328613,0.796265
-0.347290,0.175415,0.916626
0.434082,-0.309082,1.013916
-0.502441,-0.150513,0.724121
0.230835,-0.056030,1.053711
0.012817,-0.371460,0.812866
-0.437134,0.214722,0.889038
0.449341,-0.262451,1.020508
-0.452637,-0.153442,0.757446
0.138550,0.009644,1.048584
0.093994,-0.413940,0.834961
-0.495483,0.167480,0.848999
0.454224,-0.255981,1.022583
-0.382935,-0.202026,0.758423
0.014404,0.083496,1.023315
0.176147,-0.407104,0.851807
-0.531128,0.092285,0.801758
0.463013,-0.206543,1.049927
-0.276978,-0.288696,0.740356
-0.083740,0.153931,1.002930
0.264771,-0.430298,0.883423
-0.574951,0.038940,0.764160
0.417114,-0.189697,1.042847
-0.200806,-0.342651,0.729858
-0.186401,0.180664,0.989258
0.330933,-0.378784,0.928101
-0.604492,0.013794,0.733276
0.369873,-0.154663,1.033325
-0.154663,-0.325073,0.758057
-0.277222,0.165283,0.944824
0.363403,-0.344849,0.940552
-0.588379,0.008667,0.726196
0.285278,-0.097656,1.020996
-0.082764,-0.378296,0.765625
-0.369995,0.145996,0.901367
0.407837,-0.333984,0.980591
-0.539917,-0.031250,0.710693
0.165161,0.039429,1.012695
-0.014160,-0.337769,0.805542
-0.452393,0.149902,0.879028
0.433472,-0.335327,0.988403
-0.491333,-0.122925,0.723633
0.084595,0.118774,1.008545
0.050537,-0.340698,0.800781
-0.522095,0.161743,0.837891
0.468750,-0.323730,1.007812
-0.405396,-0.172852,0.747803
0.013794,0.125488,1.002686
0.099121,-0.373779,0.800781
-0.543823,0.138794,0.814819
0.470459,-0.250366,1.033203
-0.354004,-0.242920,0.727417
-0.047607,0.153320,1.006226
0.198730,-0.458618,0.827759
-0.588501,0.136841,0.790039
0.430908,-0.202271,1.014160
-0.277832,-0.237793,0.736328
-0.107422,0.178711,0.974121
0.249390,-0.386108,0.871094
-0.610107,0.067993,0.750977
0.426758,-0.209106,1.014404
-0.222778,-0.319458,0.718140
-0.196167,0.205688,0.948608
0.306885,-0.372559,0.881226
-0.610229,0.072998,0.750366
0.393433,-0.199951,1.002075
-0.164551,-0.365723,0.713379
-0.234985,0.178467,0.925049
0.336914,-0.346558,0.905884
-0.618042,0.067993,0.734863
0.352661,-0.146118,1.013428
-0.119629,-0.385376,0.733643
-0.295776,0.159302,0.893188
0.351562,-0.321167,0.923340
-0.585571,0.029297,0.706421
0.297974,-0.081177,1.016113
-0.071533,-0.416504,0.728149
-0.380127,0.202515,0.880981
0.396240,-0.309448,0.936890
-0.565918,-0.010742,0.705444
0.203735,-0.002319,0.998901
-0.019531,-0.395020,0.774902
-0.438477,0.178223,0.864502
0.411865,-0.288696,0.962646
-0.520508,-0.060059,0.723267
0.110474,0.078247,0.997070
0.053589,-0.406128,0.788574
-0.508545,0.195923,0.842285
0.431274,-0.247314,0.989136
-0.419800,-0.135254,0.742798
0.044067,0.148560,1.023315
0.101562,-0.385986,0.811646
-0.554443,0.157104,0.802734
0.441284,-0.235474,1.003662
-0.320679,-0.233887,0.731445
-0.033569,0.224243,1.021851
0.203979,-0.389526,0.833984
-0.605225,0.128906,0.771240
0.439209,-0.221802,1.007812
-0.244385,-0.281860,0.720703
-0.058716,0.179077,0.986938
0.243530,-0.348633,0.856934
-0.629517,0.168091,0.764526
0.446655,-0.209961,1.014526
-0.162842,-0.340698,0.739990
-0.156372,0.168579,0.931885
0.302368,-0.341187,0.880981
-0.613159,0.154297,0.759766
0.404419,-0.142700,1.021362
-0.117798,-0.376099,0.744995
-0.221924,0.169800,0.913818
0.345215,-0.349976,0.895752
-0.607910,0.133301,0.739502
0.355103,-0.115845,1.004639
-0.063599,-0.362305,0.763550
-0.280640,0.186157,0.896973
0.385132,-0.333984,0.924072
-0.573853,0.056274,0.729736
0.291260,-0.050415,0.980591
-0.042847,-0.388550,0.750244
-0.327637,0.148315,0.869873
0.415405,-0.302856,0.953979
-0.541504,-0.014038,0.713257
0.225708,0.026733,1.008423
-0.020386,-0.382812,0.738159
-0.387451,0.168213,0.853882
0.457520,-0.342407,0.949951
-0.529541,-0.057251,0.724365
0.172119,0.049316,1.002930
0.061035,-0.407227,0.779785
-0.453979,0.210693,0.833008
0.431030,-0.268677,0.961060
-0.460938,-0.112549,0.743408
0.133911,0.058472,1.021240
0.093628,-0.414551,0.801147
-0.512939,0.200439,0.802612
0.456787,-0.215210,0.992920
-0.425537,-0.121338,0.746338
0.065430,0.087646,1.008667
0.143555,-0.444214,0.812988
-0.539551,0.140381,0.788452
0.467651,-0.242188,0.993286
-0.366333,-0.129272,0.748413
-0.014038,0.184937,1.014893
0.214844,-0.421143,0.851807
-0.579224,0.136108,0.759521
0.473022,-0.251221,0.995605
-0.278931,-0.190430,0.768433
-0.086182,0.192749,0.979004
0.276367,-0.397217,0.884277
-0.587524,0.099365,0.747925
0.450195,-0.205444,1.016357
-0.176880,-0.292847,0.766479
-0.135376,0.211670,0.963867
0.312134,-0.359497,0.895752
-0.579224,0.082397,0.755371
0.417358,-0.164307,1.027344
-0.087646,-0.350708,0.787354
-0.214233,0.200806,0.935059
0.350098,-0.367554,0.896240
-0.559570,0.059570,0.759277
0.357300,-0.105591,1.020874
-0.023315,-0.426392,0.773682
-0.268311,0.171631,0.887451
0.392578,-0.335327,0.923584
-0.557617,-0.007690,0.724243
0.295776,-0.107666,0.983887
0.017578,-0.474487,0.761963
-0.448364,0.157349,0.841064
0.450195,-0.277710,0.976929
-0.448608,-0.064331,0.758911
0.088135,0.164307,1.027710
0.066772,-0.412231,0.791870
-0.503418,0.147461,0.817261
0.448120,-0.272827,0.979980
-0.415039,-0.136841,0.745117
0.072388,0.152222,1.026367
0.165527,-0.410156,0.811035
-0.567383,0.196045,0.796387
0.466919,-0.253174,0.985596
-0.335693,-0.175903,0.760254
-0.011353,0.161011,1.005859
0.223633,-0.417969,0.858765
-0.580566,0.142822,0.767700
0.442383,-0.193359,1.008301
-0.268921,-0.213257,0.752563
-0.064209,0.213379,0.998657
0.285034,-0.429688,0.872437
-0.582520,0.122314,0.770996
0.429321,-0.189087,1.002808
-0.195068,-0.258301,0.773193
-0.135498,0.207397,0.973267
0.340088,-0.453369,0.888184
-0.591064,0.073853,0.741943
0.401855,-0.117310,1.025635
-0.106689,-0.291626,0.775269
-0.197632,0.217773,0.943115
0.357666,-0.423706,0.896606
-0.552734,0.032349,0.770508
0.366821,-0.102051,1.016968
-0.059814,-0.347168,0.770752
-0.259155,0.200195,0.906616
0.391357,-0.377075,0.921997
-0.550415,-0.010254,0.747314
0.312378,-0.098633,0.991089
0.007446,-0.411865,0.765747
-0.314819,0.186401,0.871460
0.421997,-0.319336,0.950073
-0.527466,-0.046143,0.736328
0.229858,-0.091675,0.964844
0.051025,-0.475220,0.773926
-0.348022,0.113525,0.843750
0.440308,-0.260864,0.968994
-0.504028,-0.029419,0.741211
0.156616,0.003296,0.992798
0.121826,-0.482788,0.805786
-0.418457,0.094604,0.810547
0.425415,-0.238892,0.974365
-0.460205,-0.090576,0.733643
0.108154,0.079834,1.022095
0.173706,-0.474731,0.822021
-0.502441,0.107422,0.786255
0.455933,-0.237671,1.007324
-0.365723,-0.148804,0.750732
-0.012451,0.135254,0.997803
0.247925,-0.491821,0.845337
-0.518188,0.041748,0.749268
0.454834,-0.225342,1.018677
-0.246094,-0.195679,0.778687
-0.104248,0.235107,1.000732
0.298950,-0.398682,0.881104
-0.529907,0.018921,0.755127
0.442383,-0.239258,1.031738
-0.176392,-0.303101,0.765137
-0.145752,0.216064,0.994629
0.334351,-0.391235,0.906250
-0.543457,0.028198,0.777222
0.401123,-0.198975,1.020752
-0.063354,-0.370728,0.801025
-0.212524,0.192749,0.944824
0.374634,-0.357544,0.925781
-0.535889,0.003174,0.758423
0.357910,-0.177490,1.000732
-0.003662,-0.421875,0.800903
-0.221191,0.133911,0.924561
0.407471,-0.344238,0.950928
-0.537231,0.000000,0.745239
0.306519,-0.124268,1.000610
0.054199,-0.492065,0.786621
-0.285400,0.124512,0.889771
0.443481,-0.333130,0.970825
-0.492554,-0.075439,0.748535
0.238159,-0.061890,0.999634
0.086426,-0.486938,0.790894
-0.342896,0.106079,0.861084
0.464844,-0.312134,0.991455
-0.444214,-0.120117,0.759644
0.182129,0.012817,1.032837
0.114624,-0.465698,0.812988
-0.398560,0.093506,0.839233
0.492554,-0.314209,1.016235
-0.397583,-0.149536,0.769409
0.098145,0.066284,1.032593
0.206055,-0.489014,0.843384
-0.461914,0.056274,0.785278
0.493652,-0.287598,1.030762
-0.306274,-0.188354,0.788452
0.004395,0.158569,1.031860
0.279419,-0.481079,0.877441
-0.478271,0.002563,0.775513
0.485107,-0.261230,1.050293
-0.228149,-0.235718,0.814819
-0.065308,0.203857,1.029663
0.327148,-0.410156,0.936646
-0.501221,0.001343,0.778320
0.452637,-0.220337,1.069214
-0.121338,-0.316406,0.818848
-0.129272,0.228149,1.034546
0.389771,-0.401978,0.960571
-0.517212,0.011108,0.789185
0.417236,-0.180298,1.058838
-0.006592,-0.402344,0.826294
-0.170776,0.192627,1.008911
0.408447,-0.347778,0.980713
-0.487671,-0.039673,0.770508
0.380859,-0.143799,1.065430
0.055420,-0.457397,0.835327
-0.224976,0.138306,0.964111
0.464233,-0.341431,1.011719
-0.464355,-0.054810,0.769409
0.315063,-0.055786,1.076904
0.084595,-0.411011,0.861938
-0.275024,0.130981,0.966919
0.500122,-0.323486,1.049316
-0.443970,-0.091431,0.772217
0.270386,-0.016113,1.072876
0.132446,-0.430908,0.873047
-0.342285,0.140991,0.925537
0.525146,-0.299072,1.075317
-0.373657,-0.166016,0.790771
0.214478,0.046631,1.078613
0.205078,-0.421387,0.898926
-0.380615,0.110474,0.884888
0.539185,-0.283447,1.082031
-0.322876,-0.209229,0.807739
0.145264,0.091064,1.088867
0.267944,-0.445190,0.923706
-0.411011,0.079346,0.843628
0.539795,-0.246826,1.087891
-0.263672,-0.242798,0.812256
0.075562,0.130493,1.087891
0.312866,-0.463623,0.930054
-0.434082,0.061279,0.835815
0.541992,-0.213867,1.119507
-0.217896,-0.249268,0.837402
0.007202,0.153687,1.067139
0.372803,-0.444946,0.969604
-0.453003,0.057617,0.824707
0.514771,-0.156738,1.133911
-0.149780,-0.255493,0.855225
-0.039551,0.209595,1.088379
0.407837,-0.432129,0.994385
-0.443237,0.011597,0.834106
0.502197,-0.126099,1.140259
-0.088257,-0.269165,0.870361
-0.088379,0.230835,1.081787
0.452271,-0.400146,1.021851
-0.443359,-0.020142,0.833252
0.469360,-0.117554,1.144165
0.011841,-0.341064,0.882568
-0.131836,0.231323,1.077271
0.476318,-0.339355,1.046631
-0.446655,-0.030151,0.829102
0.444824,-0.126465,1.134521
0.053833,-0.395996,0.892212
-0.180054,0.202271,1.047974
0.502686,-0.314209,1.067139
-0.437378,-0.044067,0.819702
0.413452,-0.091675,1.149170
0.078003,-0.403076,0.909180
-0.226685,0.191040,1.021851
0.522827,-0.239136,1.116821
-0.408936,-0.091797,0.807373
0.359131,-0.042847,1.148438
0.131836,-0.440552,0.907593
-0.283691,0.194092,1.008545
0.560059,-0.253540,1.128540
-0.394409,-0.104736,0.813843
0.290039,0.010986,1.129028
0.208618,-0.454468,0.935059
-0.300537,0.127197,0.958252
0.559692,-0.226318,1.155518
-0.365234,-0.152588,0.808594
0.234863,0.087280,1.127930
0.260010,-0.440552,0.956055
-0.348022,0.108887,0.938721
0.581665,-0.240234,1.153198
-0.294678,-0.188721,0.831909
0.146973,0.113892,1.098267
0.274414,-0.409180,0.961914
-0.358154,0.076172,0.914185
0.593750,-0.231201,1.170898
-0.263672,-0.216064,0.847290
0.082642,0.150635,1.097046
0.317871,-0.404175,0.972168
-0.403320,0.056641,0.883423
0.582520,-0.220093,1.169922
-0.194336,-0.260010,0.861206
0.031494,0.177856,1.107788
0.355713,-0.399170,0.965698
-0.426514,0.050171,0.877197
0.569824,-0.210693,1.159790
-0.102417,-0.282837,0.901245
-0.007690,0.176636,1.089966
0.358276,-0.343140,0.975586
-0.444946,0.026855,0.846436
0.560181,-0.187622,1.168945
-0.039673,-0.346191,0.885620
-0.068726,0.204956,1.090576
0.389648,-0.331177,0.994995
-0.460449,-0.001221,0.831543
0.516479,-0.193726,1.159424
-0.016846,-0.373657,0.889526
-0.115601,0.218872,1.077148
0.431519,-0.303345,1.029297
-0.478394,-0.023804,0.801147
0.455688,-0.110840,1.162354
0.006836,-0.393555,0.866211
-0.175171,0.196045,1.062134
0.459595,-0.287964,1.067749
-0.484863,-0.025635,0.793213
0.421265,-0.088135,1.152344
0.030640,-0.352661,0.881348
-0.232300,0.197266,1.029907
0.509644,-0.297485,1.087524
-0.476440,-0.046021,0.788330
0.354614,-0.057007,1.141968
0.069336,-0.371826,0.897339
-0.263916,0.174316,1.005005
0.520508,-0.280151,1.090698
-0.440186,-0.067749,0.788574
0.281982,0.003784,1.119385
0.119995,-0.398560,0.898926
-0.327637,0.133179,0.949097
0.514893,-0.253906,1.093628
-0.370972,-0.163208,0.792847
0.201294,0.092896,1.117432
0.158203,-0.416748,0.891113
-0.383057,0.147095,0.940552
0.524048,-0.290649,1.072144
-0.374756,-0.156738,0.801270
0.153198,0.095947,1.101440
0.180542,-0.403931,0.901123
-0.425415,0.107300,0.895630
0.541748,-0.258667,1.105591
-0.364014,-0.160767,0.785522
0.095337,0.121582,1.082886
0.213257,-0.394531,0.902954
-0.435913,0.073608,0.873657
0.536743,-0.247437,1.109741
-0.327393,-0.212769,0.796387
0.022705,0.129517,1.060303
0.237061,-0.414673,0.898682
-0.452881,0.062134,0.859497
0.514771,-0.219482,1.106079
-0.247314,-0.253784,0.803711
-0.010254,0.147095,1.055542
0.267822,-0.401245,0.911377
-0.502197,0.026489,0.804688
0.512451,-0.236938,1.098145
-0.199585,-0.303711,0.793457
-0.073730,0.164795,1.018677
0.286743,-0.347656,0.912720
-0.519287,0.001587,0.784180
0.488159,-0.249023,1.088257
-0.170654,-0.376099,0.761475
-0.124146,0.162231,1.009033
0.313232,-0.349609,0.915527
-0.566650,0.043823,0.758911
0.456787,-0.212524,1.080322
-0.135498,-0.389160,0.772949
-0.184937,0.176636,1.010498
0.348389,-0.351807,0.946167
-0.576904,0.017334,0.739014
0.404175,-0.166748,1.074707
-0.117065,-0.375854,0.781982
-0.228394,0.178833,0.993042
0.374023,-0.348755,0.958130
-0.585693,0.027100,0.747559
0.361694,-0.142090,1.062988
-0.113281,-0.361816,0.772583
-0.284180,0.149658,0.937012
0.408813,-0.331421,0.985596
-0.556519,-0.005493,0.740967
0.293823,-0.071777,1.056885
-0.078003,-0.372314,0.795776
-0.348267,0.152344,0.918335
0.420410,-0.339111,0.976929
-0.544189,-0.031616,0.721680
0.240723,-0.040405,1.041870
-0.016602,-0.357056,0.813843
-0.422485,0.180908,0.895874
0.427124,-0.302612,0.985840
-0.514526,-0.050659,0.745728
0.174194,0.023926,1.035400
0.020142,-0.384521,0.805664
-0.481567,0.162598,0.862427
0.455566,-0.303589,1.005981
-0.489014,-0.126709,0.711914
0.091431,0.091187,1.023926
0.080078,-0.394165,0.810303
-0.508423,0.120605,0.838623
0.458252,-0.267944,1.031372
-0.427002,-0.197388,0.709595
0.029297,0.142944,1.030762
0.137207,-0.392456,0.828003
-0.558472,0.089966,0.797607
0.468384,-0.273560,1.036499
-0.330566,-0.272949,0.722656
-0.048218,0.189209,0.993164
0.187134,-0.383057,0.832275
-0.572632,0.083740,0.780640
0.446899,-0.269653,1.020020
-0.268799,-0.337891,0.717651
-0.100342,0.137329,0.959473
0.238403,-0.377075,0.863159
-0.604370,0.116699,0.767944
0.433594,-0.241455,1.020020
-0.217163,-0.360962,0.707764
-0.179565,0.156006,0.945801
0.281372,-0.343140,0.886108
-0.619385,0.071655,0.738647
0.396851,-0.235229,1.016846
-0.170898,-0.382324,0.723877
-0.248047,0.159668,0.928833
0.322266,-0.342041,0.903809
-0.595337,0.048584,0.729492
0.342285,-0.154053,1.012695
-0.120239,-0.375732,0.738647
-0.306152,0.170410,0.897461
0.351196,-0.340698,0.920044
-0.595581,0.039673,0.714355
0.294800,-0.096558,1.000244
-0.088257,-0.357300,0.747559
-0.359741,0.190918,0.910400
0.390747,-0.337769,0.940796
-0.570312,-0.033447,0.699219
0.211304,-0.022827,1.002808
-0.044067,-0.390991,0.754883
-0.438110,0.194214,0.869629
0.417725,-0.308350,0.958862
-0.522827,-0.061401,0.713013
0.130981,0.062622,1.012085
0.023804,-0.389893,0.783325
-0.506470,0.177490,0.850220
0.435791,-0.279419,0.985840
-0.452393,-0.120361,0.739258
0.033447,0.150757,1.007202
0.122681,-0.399536,0.814697
-0.537598,0.174805,0.829834
0.428467,-0.216431,1.013306
-0.339600,-0.227417,0.721069
-0.039062,0.196899,0.998657
0.184448,-0.400757,0.840576
-0.613281,0.155518,0.778564
0.450562,-0.245850,1.016357
-0.235840,-0.284912,0.735962
-0.084717,0.185547,0.983521
0.231812,-0.333984,0.850342
-0.622070,0.156738,0.753784
0.444702,-0.249512,1.000854
-0.182495,-0.380615,0.745972
-0.153320,0.138672,0.938599
0.291138,-0.367188,0.864990
-0.612793,0.166382,0.743042
0.404785,-0.145264,0.998779
-0.127808,-0.294434,0.775879
-0.216675,0.156982,0.920532
0.331787,-0.351807,0.900269
-0.605103,0.090698,0.736694
0.372559,-0.129150,1.013916
-0.092529,-0.377808,0.732788
-0.273193,0.207886,0.895752
0.358398,-0.339478,0.908813
-0.582153,0.032715,0.729248
0.354492,-0.102905,1.018311
-0.065796,-0.384766,0.745972
-0.317261,0.223511,0.886475
0.385986,-0.332764,0.918945
-0.560303,-0.016479,0.712402
0.307861,-0.060059,1.004639
-0.039062,-0.391968,0.747314
-0.334717,0.183594,0.884033
0.409424,-0.326904,0.923706
-0.574219,-0.004272,0.704834
0.244263,-0.038818,0.984985
0.007324,-0.412476,0.763672
-0.367188,0.174316,0.864502
0.428833,-0.293457,0.953613
-0.538696,-0.044312,0.713745
0.169922,0.039307,0.987671
0.043457,-0.409424,0.766479
-0.419556,0.167847,0.856323
0.453613,-0.287598,0.977051
-0.485229,-0.074097,0.750977
0.091309,0.090088,0.988037
0.081421,-0.405884,0.783813
-0.489380,0.166382,0.811035
0.478027,-0.258545,1.004761
-0.409180,-0.135742,0.752441
0.013794,0.156860,1.005493
0.166260,-0.428589,0.812134
-0.552734,0.153687,0.782227
0.454346,-0.241577,0.996460
-0.309082,-0.201904,0.763672
-0.023193,0.160889,0.993652
0.209961,-0.379761,0.847778
-0.585938,0.123047,0.741333
0.463379,-0.209473,1.020996
-0.200317,-0.271851,0.773804
-0.108398,0.187744,0.972168
0.290161,-0.399048,0.874023
-0.595703,0.123901,0.750122
0.431519,-0.184082,1.012817
-0.139893,-0.307983,0.776123
-0.155762,0.180420,0.953369
0.345215,-0.381958,0.913330
-0.584473,0.108887,0.761230
0.378784,-0.149780,0.993286
-0.064209,-0.362427,0.785400
-0.209473,0.174316,0.939453
0.361206,-0.359375,0.925781
-0.574341,0.047119,0.756348
0.360474,-0.125977,0.995361
-0.027832,-0.380371,0.776245
-0.264771,0.177246,0.895752
0.407227,-0.350342,0.938477
-0.555054,-0.003296,0.729370
0.298950,-0.108887,0.980103
0.012207,-0.418823,0.771973
-0.292725,0.124756,0.862549
0.433716,-0.335205,0.958496
-0.543945,-0.049316,0.725464
0.243774,-0.065674,0.988525
0.045532,-0.463135,0.761230
-0.348511,0.120483,0.842285
0.457153,-0.327515,0.972778
-0.497559,-0.098389,0.740479
0.193481,-0.010864,0.997314
0.086060,-0.440796,0.783447
-0.400024,0.131470,0.817993
0.460205,-0.309082,0.975830
-0.468140,-0.098633,0.760132
0.136353,-0.002197,0.996948
0.124634,-0.492554,0.795166
-0.442749,0.106323,0.793579
0.468506,-0.278931,0.989990
-0.414551,-0.112305,0.751587
0.051880,0.117920,1.014771
0.199951,-0.487671,0.828369
-0.469116,0.049438,0.787109
0.477539,-0.271606,1.005981
-0.360718,-0.181274,0.745728
-0.018066,0.152344,1.011353
0.256348,-0.484863,0.859375
-0.495850,0.009155,0.756592
0.464478,-0.253906,1.031616
-0.259644,-0.223267,0.787720
-0.071167,0.201172,1.013306
0.305542,-0.401489,0.901611
-0.523926,0.011353,0.767700
0.446167,-0.267334,1.026611
-0.170776,-0.326660,0.794312
-0.131592,0.190186,0.989746
0.354126,-0.384155,0.939941
-0.540405,0.036377,0.766113
0.412964,-0.200439,1.024048
-0.077026,-0.373779,0.801147
-0.192993,0.169434,0.969482
0.396484,-0.419312,0.932861
-0.521118,-0.020752,0.763916
0.350342,-0.116577,1.032471
0.005127,-0.410767,0.811157
-0.220703,0.141602,0.950317
0.420654,-0.380005,0.952393
-0.511841,-0.052612,0.758057
0.306396,-0.122803,1.014526
0.089111,-0.449707,0.811768
-0.290039,0.151123,0.918823
0.459351,-0.324829,0.995850
-0.477295,-0.070557,0.776367
0.234253,-0.051025,1.027588
0.127441,-0.507202,0.818604
-0.347656,0.108887,0.887695
0.488281,-0.299316,1.023560
-0.421631,-0.102783,0.773315
0.134644,0.061768,1.027710
0.207520,-0.495483,0.856079
-0.399536,0.061401,0.862183
0.517334,-0.273804,1.062622
-0.359253,-0.167725,0.765625
0.057373,0.122314,1.031128
0.267456,-0.482422,0.890503
-0.436279,0.008911,0.813599
0.509888,-0.275024,1.058472
-0.277954,-0.230835,0.798950
0.004517,0.166504,1.043091
0.329712,-0.443726,0.926147
-0.466064,0.023682,0.808960
0.488647,-0.240479,1.076416
-0.197876,-0.254150,0.830933
-0.047974,0.179077,1.049927
0.378052,-0.424072,0.965210
-0.484131,0.043701,0.813599
0.449219,-0.154053,1.077759
-0.098877,-0.307983,0.833740
-0.106934,0.200928,1.053223
0.446899,-0.447388,0.984863
-0.504272,-0.009888,0.797729
0.414185,-0.119873,1.094604
0.023682,-0.339233,0.874268
-0.180176,0.197876,1.022217
0.449951,-0.368042,1.005005
-0.448853,-0.123535,0.771973
0.408691,-0.118286,1.115723
0.097656,-0.389648,0.892944
-0.278931,0.229858,0.991211
0.504272,-0.336182,1.044922
-0.396729,-0.136353,0.803467
0.316406,-0.060547,1.093140
0.115479,-0.389038,0.890015
-0.302124,0.178467,0.952759
0.531982,-0.278198,1.088379
-0.368652,-0.171753,0.811279
0.238281,0.005371,1.101929
0.208008,-0.451660,0.909058
-0.346313,0.128418,0.909912
0.554077,-0.239014,1.108154
-0.312500,-0.179443,0.812866
0.123779,0.100342,1.075806
0.306152,-0.478516,0.940796
-0.382080,0.035156,0.863037
0.559204,-0.210205,1.133423
-0.242676,-0.201172,0.835815
0.033569,0.179932,1.077637
0.393555,-0.461060,0.981323
-0.440918,0.029785,0.845703
0.511719,-0.151733,1.141724
-0.111084,-0.254028,0.870728
-0.041626,0.223267,1.096558
0.417358,-0.367188,1.016968
-0.442749,-0.030518,0.822632
0.490845,-0.135620,1.159424
0.014771,-0.391846,0.877319
-0.108398,0.201416,1.086914
0.464478,-0.324707,1.043457
-0.448730,0.003418,0.817871
0.440308,-0.109253,1.147705
0.068970,-0.410522,0.916992
-0.188354,0.192383,1.060425
0.510498,-0.302124,1.095947
-0.421875,-0.038452,0.806641
0.368042,0.007080,1.148071
0.116821,-0.375000,0.925537
-0.252808,0.179932,1.037231
0.542114,-0.292725,1.127930
-0.384277,-0.171265,0.802734
0.321045,0.028931,1.156494
0.169922,-0.376709,0.929321
-0.318604,0.161865,0.957153
0.579346,-0.249268,1.148071
-0.323120,-0.252197,0.816162
0.254028,0.032715,1.149536
0.236328,-0.422363,0.940430
-0.364624,0.167603,0.923096
0.578003,-0.251221,1.126953
-0.278198,-0.227661,0.833984
0.157104,0.077637,1.117432
0.305176,-0.432007,0.975830
-0.389404,0.113159,0.901123
0.550171,-0.167847,1.144165
-0.213623,-0.218628,0.859131
0.083740,0.158447,1.131836
0.343140,-0.442139,0.973755
-0.417358,0.063110,0.886841
0.572510,-0.175293,1.161743
-0.176636,-0.211060,0.866943
-0.005127,0.197144,1.107422
0.396118,-0.407227,1.000488
-0.419312,-0.003052,0.863770
0.530273,-0.137817,1.161621
-0.078125,-0.299927,0.863647
-0.055786,0.194092,1.101685
0.423462,-0.373779,1.015381
-0.445312,-0.011353,0.848633
0.514648,-0.118042,1.173462
-0.028809,-0.326172,0.863281
-0.116211,0.203369,1.074463
0.443726,-0.316895,1.041016
-0.458252,-0.055664,0.818481
0.473389,-0.115967,1.174316
-0.018066,-0.345703,0.875610
-0.173218,0.215088,1.059448
0.472778,-0.297363,1.054321
-0.468140,-0.034912,0.812134
0.405762,-0.099976,1.149048
0.045532,-0.358765,0.897461
-0.242676,0.176514,1.017090
0.489136,-0.275391,1.082397
-0.446411,-0.075684,0.798706
0.341919,-0.057617,1.146973
0.094971,-0.382690,0.904663
-0.313354,0.169800,0.961792
0.514038,-0.250854,1.098022
-0.396851,-0.128662,0.785767
0.260864,0.023438,1.136475
0.141357,-0.399780,0.893188
-0.363037,0.147461,0.935059
0.533936,-0.284302,1.094360
-0.364258,-0.175903,0.798950
0.174683,0.077515,1.105103
0.205444,-0.402100,0.909546
-0.411133,0.104492,0.891479
0.533081,-0.236084,1.110962
-0.325317,-0.197510,0.786133
0.094604,0.135254,1.091919
0.239014,-0.392822,0.910400
-0.458008,0.057983,0.862305
0.540649,-0.247681,1.114136
-0.248779,-0.315186,0.792114
0.016846,0.166870,1.069824
0.260498,-0.358398,0.907349
-0.471680,0.042847,0.834961
0.525635,-0.250000,1.113770
-0.194824,-0.374390,0.786133
-0.038330,0.105591,1.025146
0.305664,-0.378418,0.924561
-0.505493,0.055298,0.792969
0.497192,-0.189087,1.124756
-0.166138,-0.335815,0.804077
-0.087646,0.114258,1.021118
0.321655,-0.376343,0.934570
-0.490112,0.038208,0.801880
0.461914,-0.138794,1.104126
-0.168579,-0.303467,0.790161
-0.121460,0.101440,1.013550
0.340454,-0.388428,0.936157
-0.515503,-0.017700,0.762329
0.448853,-0.136353,1.106201
-0.172363,-0.276978,0.780151
-0.174316,0.161621,1.013550
0.367676,-0.380615,0.953125
-0.541626,-0.025635,0.756226
0.428833,-0.149658,1.094604
-0.142944,-0.319580,0.774780
-0.258301,0.195923,0.976807
0.399170,-0.367920,0.975708
-0.544556,-0.041870,0.754639
0.375610,-0.130005,1.076538
-0.118896,-0.339966,0.778198
-0.285400,0.185425,0.937622
0.397217,-0.346802,0.966064
-0.548584,-0.032959,0.759644
0.356934,-0.134399,1.078857
-0.096436,-0.347656,0.781128
-0.339111,0.199829,0.926514
0.411133,-0.333252,0.982666
-0.542236,-0.085449,0.732422
0.300659,-0.131348,1.052368
-0.067627,-0.374512,0.791382
-0.375366,0.206299,0.899414
0.421265,-0.292603,0.994507
-0.537476,-0.093506,0.706665
0.222534,-0.061646,1.051758
0.000732,-0.405029,0.807861
-0.433838,0.193726,0.886963
0.426025,-0.286255,0.993530
-0.514282,-0.116455,0.719727
0.142822,0.047852,1.048828
0.069336,-0.436646,0.828491
-0.499512,0.149780,0.847534
0.424683,-0.250977,1.010498
-0.443359,-0.146851,0.743164
0.050049,0.104370,1.023438
0.127808,-0.412720,0.823364
-0.528320,0.133057,0.828491
0.449463,-0.252319,1.025879
-0.369507,-0.198486,0.743408
-0.010132,0.132324,1.007812
0.182007,-0.407715,0.847900
-0.549927,0.023560,0.774292
0.474365,-0.213501,1.087280
-0.282104,-0.284180,0.722168
-0.169434,0.156738,0.998047
0.334473,-0.346924,0.934448
-0.569092,-0.005981,0.742676
0.436035,-0.186401,1.080200
-0.141968,-0.367554,0.751709
-0.235962,0.177979,0.975952
0.364624,-0.342041,0.952393
-0.567505,0.013550,0.753540
0.377686,-0.166016,1.061401
-0.117065,-0.360474,0.774048
-0.272461,0.145020,0.945923
0.376587,-0.306519,0.977539
-0.566650,-0.019653,0.725098
0.315918,-0.107422,1.048462
-0.066528,-0.377197,0.802856
-0.350342,0.166260,0.916870
0.398682,-0.316406,0.983154
-0.549927,-0.061035,0.709106
0.259155,-0.072754,1.031372
-0.038452,-0.383179,0.794189
-0.391113,0.168579,0.899414
0.417725,-0.305664,0.987061
-0.529297,-0.054077,0.712769
0.205444,0.005371,1.034546
-0.009766,-0.399048,0.779663
-0.425415,0.160645,0.880127
0.426270,-0.311890,0.986938
-0.525879,-0.063599,0.710327
0.151001,0.042358,1.023315
0.028320,-0.393921,0.803711
-0.471924,0.150879,0.859985
0.432617,-0.300049,0.998413
-0.503906,-0.118408,0.703369
0.094116,0.083252,1.021851
0.065063,-0.398193,0.812988
-0.503662,0.156616,0.860596
0.437622,-0.273193,1.011108
-0.470703,-0.137207,0.723877
0.047974,0.110474,1.017212
0.104370,-0.408691,0.813599
-0.549561,0.156860,0.835571
0.472046,-0.292236,1.013062
-0.414917,-0.156860,0.734619
-0.005615,0.138428,1.006104
0.151733,-0.390503,0.836182
-0.562500,0.131226,0.799683
0.449341,-0.245728,1.020142
-0.348877,-0.225586,0.732056
-0.042236,0.116577,0.989258
0.207031,-0.425659,0.849365
-0.592529,0.128540,0.780151
0.437866,-0.200684,1.026245
-0.282715,-0.269165,0.728638
-0.122070,0.162842,0.969849
0.264160,-0.422729,0.859253
-0.589966,0.103027,0.773438
0.403320,-0.155029,1.022827
-0.231201,-0.270996,0.721436
-0.190430,0.158081,0.947021
0.316650,-0.419312,0.889893
-0.602417,0.045410,0.737793
0.383545,-0.119507,1.044434
-0.176392,-0.338135,0.705322
-0.288330,0.209961,0.915283
0.373901,-0.384521,0.919312
-0.590088,0.009033,0.729126
0.315308,-0.107544,1.013184
-0.132812,-0.365967,0.723999
-0.348145,0.186890,0.878418
0.397705,-0.354370,0.931274
-0.562012,-0.041138,0.702759
0.228760,-0.022949,1.007568
-0.059326,-0.386963,0.747681
-0.417358,0.190552,0.866577
0.412720,-0.313721,0.944946
-0.516846,-0.069946,0.718750
0.150146,0.036621,1.001099
0.013672,-0.375122,0.778931
-0.493286,0.195557,0.842529
0.436523,-0.272217,0.973022
-0.456177,-0.108154,0.735474
0.063599,0.120239,1.015991
0.105103,-0.393188,0.812134
-0.554932,0.170654,0.824219
0.446289,-0.233154,1.004517
-0.378174,-0.166748,0.722412
-0.013916,0.151978,1.006958
0.206055,-0.398560,0.849365
-0.600586,0.157227,0.795166
0.434570,-0.199951,1.014038
-0.261230,-0.265137,0.733032
-0.101318,0.161499,0.958862
0.273071,-0.361206,0.884277
-0.603394,0.151001,0.775757
0.416870,-0.164673,1.013672
-0.165283,-0.303223,0.756348
-0.203369,0.179565,0.937378
0.331909,-0.377197,0.895630
-0.604248,0.114624,0.753662
0.399414,-0.122803,1.027954
-0.114380,-0.355225,0.738647
-0.266357,0.191650,0.897949
0.360718,-0.340088,0.920898
-0.569702,0.048340,0.733398
0.335815,-0.042847,1.031982
-0.078613,-0.400269,0.718140
-0.321045,0.185181,0.882080
0.395996,-0.339355,0.931519
-0.558838,-0.031616,0.707153
0.274536,-0.024292,1.003052
-0.001465,-0.398438,0.747192
-0.405273,0.225708,0.851318
0.415649,-0.307861,0.945190
-0.523926,-0.086670,0.710327
0.201050,-0.009277,1.001465
0.035400,-0.396729,0.776978
-0.458008,0.222900,0.840332
0.444824,-0.267944,0.958130
-0.488281,-0.097900,0.727295
0.116211,0.051636,1.009644
0.118042,-0.453125,0.815796
-0.503906,0.165283,0.809082
0.436401,-0.201904,0.989990
-0.407959,-0.123779,0.745117
0.031372,0.129761,1.006958
0.182739,-0.446045,0.827393
-0.549194,0.136719,0.779297
0.452026,-0.176514,1.011719
-0.284302,-0.182983,0.759766
-0.078491,0.181030,0.981079
0.262085,-0.436646,0.868286
-0.564453,0.072388,0.761597
0.436890,-0.170898,1.025391
-0.176758,-0.255737,0.775635
-0.154053,0.215820,0.958252
0.327148,-0.405151,0.888306
-0.576904,0.059082,0.763428
0.395386,-0.145386,1.022339
-0.090088,-0.336304,0.769775
-0.229858,0.224731,0.913574
0.361328,-0.332275,0.901978
-0.563477,0.020264,0.756226
0.339233,-0.138794,1.002319
-0.015259,-0.427856,0.772461
-0.294312,0.192383,0.886108
0.406616,-0.308105,0.934326
-0.541016,0.001953,0.743652
0.260254,-0.078857,0.984741
0.035889,-0.451904,0.766602
-0.348267,0.116333,0.833740
0.422852,-0.266846,0.957520
-0.512451,-0.047852,0.731323
0.171265,0.022339,0.998047
0.110596,-0.466919,0.785645
-0.441772,0.137085,0.805420
0.436890,-0.275391,0.971680
-0.449341,-0.104248,0.740967
0.084595,0.069092,1.008179
0.165283,-0.469360,0.819336
-0.514282,0.113403,0.775757
0.462769,-0.245239,0.998047
-0.354370,-0.160889,0.760254
-0.009155,0.151611,1.018066
0.222900,-0.465820,0.843262
-0.547852,0.067383,0.752686
0.473755,-0.277344,1.013306
-0.251221,-0.229614,0.775635
-0.102783,0.239990,1.009033
0.272827,-0.396851,0.871826
-0.540039,0.035767,0.741089
0.446289,-0.246826,1.026123
-0.154541,-0.281372,0.813110
-0.154175,0.202515,0.967896
0.312012,-0.391357,0.889160
-0.545532,0.056152,0.776367
0.425293,-0.195190,1.028687
-0.069458,-0.339722,0.821777
-0.211426,0.189575,0.951538
0.357178,-0.382324,0.909302
-0.545898,0.021973,0.747437
0.378296,-0.166748,1.015381
0.006226,-0.415039,0.810669
-0.244629,0.187988,0.943726
0.389160,-0.366455,0.933594
-0.534546,-0.034912,0.727539
0.326294,-0.118042,1.003784
0.045166,-0.453247,0.793823
-0.286499,0.161255,0.903687
0.414307,-0.347046,0.955200
-0.502686,-0.071167,0.746094
0.278687,-0.086060,1.015747
0.074707,-0.479126,0.784180
-0.341675,0.173462,0.872192
0.454834,-0.336914,0.980957
-0.473877,-0.111450,0.750488
0.230591,-0.055298,1.010376
0.091675,-0.466553,0.795532
-0.370850,0.102539,0.847168
0.481323,-0.320435,1.005981
-0.439087,-0.132080,0.755493
0.143921,0.041992,1.017456
0.146729,-0.486694,0.813110
-0.400635,0.091431,0.840088
0.494019,-0.297729,1.026367
-0.422119,-0.132690,0.748901
0.091797,0.068726,1.015381
0.228760,-0.514526,0.845093
-0.448242,0.064453,0.813354
0.484741,-0.255615,1.043823
-0.349609,-0.196167,0.750854
0.040161,0.121704,1.036011
0.275879,-0.511719,0.878540
-0.473877,0.039307,0.786377
0.492310,-0.262207,1.046875
-0.273193,-0.232178,0.788208
-0.045044,0.192383,1.034180
0.319458,-0.474976,0.905151
-0.499878,0.030762,0.791748
0.479370,-0.235962,1.074829
-0.180054,-0.289185,0.814575
-0.095459,0.204346,1.025269
0.347778,-0.418579,0.924561
-0.499878,0.000000,0.785034
0.456665,-0.210449,1.081055
-0.062012,-0.335449,0.858765
-0.132446,0.207153,1.021362
0.380737,-0.383301,0.955688
-0.499390,0.003662,0.788696
0.414673,-0.181030,1.062988
0.015747,-0.412964,0.856812
-0.170166,0.186035,1.019775
0.432495,-0.362305,0.996216
-0.487183,-0.024658,0.765503
0.372070,-0.113647,1.066040
0.070312,-0.434204,0.857788
-0.218628,0.174683,0.999878
0.463257,-0.331665,1.021606
-0.460571,-0.061401,0.777344
0.333130,-0.074951,1.073608
0.090698,-0.430420,0.864624
-0.261841,0.155029,0.987183
0.505005,-0.331787,1.051880
-0.442749,-0.089600,0.781616
0.285522,-0.018066,1.081055
0.117065,-0.421753,0.881226
-0.300781,0.149048,0.968384
0.522461,-0.296997,1.076660
-0.414062,-0.114136,0.780640
0.258667,0.002686,1.084717
0.174561,-0.446045,0.890991
-0.337280,0.137939,0.936401
0.545166,-0.273560,1.102173
-0.368896,-0.138916,0.796143
0.204956,0.060059,1.090698
0.224854,-0.470825,0.915161
-0.357544,0.090210,0.914307
0.552002,-0.267090,1.109253
-0.337646,-0.179321,0.801880
0.153076,0.105713,1.089478
0.278564,-0.454224,0.933716
-0.376587,0.078003,0.894897
0.547363,-0.239380,1.115356
-0.273682,-0.219116,0.827271
0.091919,0.140137,1.080078
0.317627,-0.442139,0.949829
-0.406372,0.043457,0.857300
0.552490,-0.230103,1.133179
-0.225464,-0.262695,0.830322
0.043579,0.186890,1.100586
0.351807,-0.423950,0.970337
-0.432983,0.046265,0.864990
0.556519,-0.220459,1.144287
-0.168457,-0.267456,0.864624
0.006592,0.190430,1.086426
0.370361,-0.386108,0.988647
-0.436523,0.028442,0.853149
0.555298,-0.207153,1.149048
-0.119263,-0.246460,0.886475
-0.035645,0.220581,1.092163
0.419556,-0.363403,1.014038
-0.451416,-0.001709,0.840698
0.525391,-0.167480,1.167847
-0.051514,-0.335571,0.870361
-0.073364,0.236694,1.102051
0.446411,-0.358643,1.030762
-0.440674,-0.004395,0.847900
0.504761,-0.143311,1.167725
-0.007690,-0.359619,0.890259
-0.099487,0.193481,1.077881
0.470947,-0.334473,1.047607
-0.451538,-0.017212,0.839111
0.483765,-0.108887,1.177002
0.038818,-0.369873,0.890137
-0.154663,0.212036,1.068604
0.494263,-0.317017,1.074341
-0.437134,-0.043823,0.828857
0.445190,-0.091553,1.167603
0.052979,-0.356567,0.910522
-0.199341,0.239746,1.057983
0.508301,-0.278320,1.094360
-0.418335,-0.071777,0.818604
0.401123,-0.068115,1.153076
0.100708,-0.382812,0.931152
-0.254272,0.223999,1.031738
0.535034,-0.258301,1.119385
-0.390015,-0.095703,0.812378
0.332642,-0.011597,1.146851
0.156372,-0.404907,0.935791
-0.289551,0.178711,1.004272
0.556519,-0.260376,1.129272
-0.380127,-0.121338,0.801025
0.271362,0.029541,1.139404
0.216064,-0.405151,0.953857
-0.320801,0.129517,0.954224
0.555054,-0.240845,1.136597
-0.343872,-0.164307,0.812866
0.215332,0.065186,1.122681
0.255249,-0.415894,0.952881
-0.373901,0.122314,0.925659
0.569824,-0.230713,1.131348
-0.285522,-0.205078,0.825684
0.125854,0.124146,1.113892
0.283203,-0.384888,0.967041
-0.396362,0.064575,0.898071
0.574951,-0.227661,1.156128
-0.231812,-0.252075,0.843750
0.053833,0.159668,1.098022
0.329834,-0.393188,0.968384
-0.436768,0.051758,0.866211
0.562500,-0.213623,1.141724
-0.153564,-0.266602,0.866943
-0.017456,0.191284,1.081665
0.363281,-0.363647,0.976318
-0.461426,0.008667,0.843262
0.531006,-0.209595,1.144897
-0.076294,-0.368286,0.856201
-0.058838,0.192627,1.083130
0.377563,-0.332397,0.980469
-0.470947,0.001953,0.828003
0.498901,-0.203247,1.133545
-0.062866,-0.375732,0.836060
-0.132568,0.187378,1.054688
0.423950,-0.326172,1.006958
-0.479858,0.016602,0.816040
0.445190,-0.135742,1.140747
-0.028198,-0.393188,0.857178
-0.212646,0.175537,1.017334
0.450928,-0.291504,1.052612
-0.469849,-0.048218,0.785767
0.396240,-0.065430,1.158569
0.008667,-0.360596,0.869873
-0.278564,0.200317,1.006714
0.493652,-0.317505,1.063843
-0.454346,-0.073730,0.782959
0.321777,-0.005981,1.141479
0.041748,-0.364380,0.870850
-0.312744,0.157959,0.958374
0.505005,-0.309692,1.059937
-0.436401,-0.112305,0.775513
0.251953,0.013550,1.117188
0.104248,-0.392578,0.868896
-0.372559,0.156494,0.932861
0.495728,-0.267944,1.062500
-0.395630,-0.163818,0.781128
0.192139,0.013428,1.093506
0.154541,-0.405762,0.888550
-0.436035,0.149902,0.892578
0.513794,-0.239624,1.087646
-0.382446,-0.207275,0.772949
0.107178,0.067749,1.074707
0.207520,-0.397705,0.906982
-0.478638,0.109863,0.851318
0.516724,-0.241333,1.083862
-0.336914,-0.214722,0.783936
0.035156,0.095215,1.054565
0.244019,-0.387939,0.910889
-0.506714,0.079346,0.821411
0.510620,-0.221069,1.097900
-0.227783,-0.289429,0.787598
-0.059570,0.153687,1.029175
0.282349,-0.382690,0.911377
-0.507080,0.012085,0.790649
0.481689,-0.198364,1.089722
-0.191895,-0.318726,0.759766
-0.132568,0.154419,1.001831
0.336060,-0.356445,0.932739
-0.541870,-0.008057,0.765869
0.446655,-0.210083,1.075317
-0.149658,-0.338379,0.776001
-0.229126,0.186890,0.976074
0.382935,-0.338135,0.969238
-0.544189,-0.029541,0.744019
0.362305,-0.140991,1.077881
-0.109009,-0.364990,0.783813
-0.292603,0.157715,0.935669
0.406372,-0.319214,0.986572
-0.548096,-0.024536,0.735229
0.287476,-0.073120,1.073120
-0.015747,-0.406494,0.804077
-0.389038,0.172119,0.902832
0.419922,-0.294800,1.001465
-0.496094,-0.084106,0.729248
0.179932,0.005615,1.053223
0.054077,-0.412476,0.825928
-0.457520,0.157349,0.872803
0.445312,-0.278442,1.022583
-0.454468,-0.124878,0.752563
0.085571,0.071045,1.023071
0.121704,-0.369141,0.847290
-0.517090,0.101196,0.829468
0.461914,-0.265381,1.041748
-0.350098,-0.256836,0.735352
-0.020630,0.127930,1.012573
0.202637,-0.399780,0.847046
-0.565552,0.098755,0.794800
0.447632,-0.254639,1.028076
-0.245117,-0.317261,0.737305
-0.123413,0.146240,0.976318
0.259399,-0.387817,0.877075
-0.575806,0.048706,0.762695
0.418091,-0.204468,1.038818
-0.205200,-0.325195,0.723022
-0.197754,0.160034,0.956177
0.308838,-0.344238,0.911133
-0.587646,0.012207,0.741577
0.364136,-0.164795,1.034790
-0.163208,-0.365967,0.735840
-0.286865,0.168091,0.922729
0.363770,-0.351440,0.925415
-0.581787,0.026733,0.734131
0.290527,-0.101074,1.014160
-0.095947,-0.344360,0.774658
-0.359253,0.138794,0.886108
0.400391,-0.342651,0.963867
-0.562988,-0.015381,0.702148
0.211670,-0.011353,1.010864
-0.030640,-0.350220,0.794678
-0.453979,0.201904,0.880249
0.418579,-0.303589,0.971924
-0.535645,-0.078857,0.703003
0.137573,0.063965,1.023560
0.021729,-0.378174,0.797974
-0.506104,0.178223,0.857056
0.437988,-0.302490,0.984985
-0.484619,-0.120239,0.713379
0.073486,0.099976,1.010132
0.105347,-0.388184,0.820923
-0.561279,0.198608,0.819092
0.435303,-0.267090,0.986206
-0.373779,-0.215698,0.738403
-0.000610,0.095947,0.997925
0.169189,-0.425293,0.839478
-0.590454,0.162109,0.793823
0.425171,-0.187866,1.013184
-0.293823,-0.241211,0.732422
-0.084106,0.134033,0.977295
0.226685,-0.393555,0.858032
-0.592041,0.084106,0.770508
0.432251,-0.177612,1.025879
-0.230591,-0.328491,0.699829
-0.197998,0.206909,0.957764
0.313843,-0.395630,0.888184
-0.596436,0.033569,0.749268
0.387573,-0.163086,1.021851
-0.157227,-0.337891,0.723755
-0.279907,0.204590,0.904907
0.345581,-0.356323,0.905029
-0.585327,-0.004150,0.717163
0.358887,-0.127197,1.037720
-0.110596,-0.381226,0.720459
-0.387817,0.223755,0.874634
0.397827,-0.343750,0.923462
-0.532471,-0.059814,0.709717
0.240967,-0.020264,1.019043
-0.041626,-0.414429,0.733154
-0.443237,0.213379,0.850708
0.411621,-0.292358,0.950928
-0.506226,-0.082397,0.725586
0.137207,0.024048,0.996704
0.036377,-0.401855,0.787231
-0.509033,0.206055,0.837524
0.433594,-0.255005,0.976196
-0.422974,-0.127808,0.737793
0.036255,0.125854,1.004028
0.150513,-0.416626,0.832764
-0.578369,0.190674,0.814453
0.440918,-0.212158,0.998169
-0.310547,-0.202881,0.735352
-0.061157,0.171509,0.986206
0.241455,-0.384155,0.875366
-0.604858,0.135498,0.776733
0.421143,-0.180664,1.013550
-0.207031,-0.292114,0.731934
-0.156616,0.187622,0.956421
0.315063,-0.359497,0.896240
-0.608521,0.095703,0.752197
0.387207,-0.145630,1.015991
-0.112427,-0.360474,0.731323
-0.267212,0.195312,0.900146
0.367554,-0.334717,0.921631
-0.567139,0.044556,0.745605
0.309326,-0.077637,0.998779
-0.055786,-0.405396,0.729126
-0.348999,0.188110,0.861694
0.418213,-0.292847,0.936646
-0.533447,-0.015625,0.715820
0.190430,0.030273,0.993286
0.006958,-0.400879,0.763062
-0.410156,0.158081,0.841675
0.454346,-0.300659,0.961548
-0.498901,-0.036987,0.744995
0.116943,0.096924,1.005005
0.063477,-0.394287,0.785645
-0.488525,0.177246,0.825684
0.461792,-0.261108,0.995483
-0.397461,-0.129517,0.771118
0.051880,0.129395,1.011841
0.120605,-0.374512,0.814941
-0.550415,0.180786,0.794556
0.453125,-0.223145,0.993286
-0.287476,-0.208374,0.772949
-0.019043,0.191650,1.010254
0.186768,-0.358521,0.833008
-0.590698,0.136353,0.755005
0.472046,-0.276367,0.997803
-0.233887,-0.268799,0.767944
-0.084473,0.193237,0.981323
0.261719,-0.335083,0.873535
-0.594727,0.109741,0.750244
0.424683,-0.211182,1.016113
-0.140869,-0.377563,0.753296
-0.127808,0.176270,0.956421
0.314697,-0.323486,0.890625
-0.606445,0.146851,0.750977
0.409912,-0.190430,1.003418
-0.084229,-0.397827,0.768799
-0.206421,0.136841,0.909912
0.352295,-0.318604,0.924805
-0.567017,0.040405,0.749512
0.347534,-0.068970,1.017090
-0.053955,-0.386719,0.744629
-0.267212,0.160767,0.887573
0.402466,-0.363281,0.921265
-0.562256,0.006592,0.738281
0.296997,-0.078979,0.991211
-0.002319,-0.434814,0.751221
-0.336548,0.175415,0.857178
0.420288,-0.290649,0.946655
-0.517456,0.001343,0.752563
0.207397,-0.008423,0.990845
0.046143,-0.446777,0.769165
-0.369507,0.127197,0.841431
0.453857,-0.307617,0.961060
-0.506348,-0.049194,0.747559
0.153198,0.031738,1.009888
0.094971,-0.458740,0.776001
-0.429443,0.137329,0.804688
0.446289,-0.269409,0.980469
-0.446289,-0.111450,0.749146
0.099609,0.077759,1.011230
0.140015,-0.470215,0.799683
-0.489502,0.110962,0.781128
0.451904,-0.257324,0.981567
-0.385498,-0.123169,0.765747
0.022095,0.129639,1.007690
0.201782,-0.469238,0.834717
-0.521973,0.056396,0.758423
0.456299,-0.231445,1.009766
-0.316650,-0.170166,0.769531
-0.057251,0.188354,1.010864
0.267578,-0.477783,0.851074
-0.539795,0.051025,0.757690
0.444946,-0.217041,1.020142
-0.211914,-0.237183,0.787476
-0.132080,0.214722,0.981934
0.321411,-0.417847,0.891235
-0.554321,0.035156,0.755859
0.410034,-0.202515,1.018799
-0.099121,-0.353638,0.792236
-0.190063,0.210205,0.967773
0.354736,-0.378784,0.914917
-0.543701,0.017700,0.758179
0.367432,-0.151489,1.020752
-0.020386,-0.432251,0.791382
-0.224365,0.149048,0.915039
0.375732,-0.320312,0.933105
-0.522583,-0.038086,0.729126
0.315918,-0.119263,1.002563
0.032837,-0.458130,0.780884
-0.302856,0.172974,0.899902
0.428345,-0.338379,0.952393
-0.501709,-0.056274,0.730957
0.234497,-0.045654,0.996582
0.094116,-0.443359,0.808594
-0.346802,0.093506,0.861206
0.456177,-0.324097,0.983398
-0.471313,-0.069580,0.756104
0.148682,0.024658,1.004272
0.118774,-0.498901,0.797974
-0.408569,0.071777,0.822876
0.490234,-0.281494,1.017700
-0.416748,-0.126221,0.751709
0.067993,0.116821,1.018188
0.187988,-0.439941,0.842896
-0.455566,0.036011,0.797241
0.513916,-0.326660,1.031860
-0.356201,-0.186401,0.763306
-0.006104,0.173462,1.017456
0.249390,-0.418091,0.857544
-0.479614,0.015503,0.764648
0.492188,-0.301758,1.038940
-0.272339,-0.259644,0.786255
-0.039185,0.165039,1.009155
0.284302,-0.398560,0.884033
-0.517700,0.024902,0.761597
0.480713,-0.295654,1.045288
-0.203003,-0.328857,0.788818
-0.069946,0.146118,1.016235
0.338257,-0.390259,0.927856
-0.548340,0.086548,0.762451
0.422607,-0.191772,1.039673
-0.083618,-0.341797,0.844360
-0.123535,0.128418,1.000366
0.386230,-0.406982,0.953369
-0.534912,0.072876,0.758179
0.407104,-0.150879,1.043335
-0.023315,-0.323853,0.860107
-0.172974,0.141235,0.981934
0.412964,-0.416992,0.961304
-0.516235,-0.005615,0.761719
0.388428,-0.122070,1.060181
0.020020,-0.384888,0.837769
-0.221802,0.184082,0.987305
0.437866,-0.385986,0.982300
-0.475952,-0.074219,0.778809
0.355713,-0.106323,1.064087
0.064087,-0.428223,0.832764
-0.261841,0.182373,0.947021
0.461548,-0.333984,1.005371
-0.448486,-0.086304,0.784058
0.313843,-0.088379,1.065308
0.084595,-0.451782,0.836182
-0.295044,0.148926,0.926880
0.500244,-0.336182,1.032471
-0.429199,-0.120972,0.779297
0.252441,-0.028320,1.060791
0.113159,-0.442749,0.860718
-0.336792,0.120239,0.918091
0.522095,-0.298706,1.062988
-0.392212,-0.131226,0.787598
0.191772,0.044434,1.063232
0.184937,-0.456299,0.887207
-0.375488,0.068848,0.877930
0.549683,-0.292603,1.089233
-0.335205,-0.160522,0.791504
0.128418,0.133301,1.080933
0.260864,-0.443726,0.904785
-0.418701,0.063721,0.858276
0.539795,-0.317261,1.082031
-0.300049,-0.237183,0.812500
0.087280,0.131714,1.083374
0.310059,-0.434937,0.927612
-0.434692,0.064697,0.824219
0.531982,-0.244751,1.092651
-0.224731,-0.258789,0.829834
0.044434,0.135986,1.073853
0.325439,-0.414917,0.947876
-0.447754,0.050293,0.817017
0.521606,-0.193604,1.115845
-0.174561,-0.252686,0.852173
-0.010742,0.182861,1.094849
0.378784,-0.449341,0.972412
-0.467896,0.054321,0.822144
0.495361,-0.174927,1.113770
-0.133301,-0.266846,0.877075
-0.038086,0.180542,1.082031
0.407715,-0.411621,1.002197
-0.489258,-0.061401,0.764893
0.360718,-0.102295,1.058960
-0.062744,-0.285645,0.882080
-0.243530,0.193604,0.965088
0.462524,-0.371338,0.993652
-0.464233,-0.106689,0.768555
0.336426,-0.102905,1.058472
0.082764,-0.438110,0.840454
-0.283936,0.155273,0.928345
0.496582,-0.313354,1.032104
-0.442383,-0.094604,0.766235
0.285522,-0.050049,1.065430
0.099731,-0.453247,0.842773
-0.297974,0.130005,0.939087
0.511230,-0.311768,1.052368
-0.434326,-0.100586,0.778931
0.226562,-0.010254,1.047485
0.159424,-0.467896,0.866577
-0.342773,0.110229,0.918457
0.525391,-0.265137,1.081177
-0.389038,-0.139282,0.786865
0.164673,0.064087,1.064209
0.231201,-0.498047,0.890869
-0.380005,0.064453,0.883789
0.538330,-0.262451,1.095093
-0.337769,-0.182861,0.797607
0.107788,0.112671,1.064087
0.286011,-0.478394,0.918457
-0.416016,0.034058,0.856079
0.546509,-0.255615,1.109863
-0.284058,-0.213257,0.799805
0.061401,0.163452,1.071167
0.333252,-0.445312,0.947144
-0.445068,0.017212,0.833374
0.526855,-0.248169,1.118286
-0.214111,-0.293091,0.817261
0.021973,0.207642,1.095337
0.352905,-0.399414,0.958984
-0.482910,0.064697,0.835327
0.539551,-0.293091,1.100098
-0.160645,-0.293457,0.871704
-0.015869,0.181519,1.072144
0.381470,-0.400024,0.981689
-0.474243,0.048706,0.823975
0.522827,-0.218384,1.126465
-0.126953,-0.277222,0.877686
-0.032349,0.188354,1.078003
0.391479,-0.382324,0.991455
-0.459473,0.031616,0.828735
0.519165,-0.177246,1.131348
-0.086914,-0.275391,0.880005
-0.058594,0.203247,1.083862
0.431030,-0.420410,1.005371
-0.452881,0.010986,0.836304
0.494385,-0.134521,1.133545
-0.060425,-0.288940,0.889038
-0.082764,0.211670,1.095215
0.457886,-0.415283,1.022583
-0.454834,-0.005249,0.825684
0.486572,-0.095703,1.148438
-0.013916,-0.289551,0.890625
-0.104858,0.224365,1.102661
0.466553,-0.406128,1.036255
-0.451782,-0.029053,0.834717
0.468384,-0.096802,1.150269
0.031250,-0.312012,0.907593
-0.138794,0.241577,1.081177
0.478149,-0.353516,1.057739
-0.449829,-0.058228,0.825073
0.447632,-0.091064,1.166626
0.047607,-0.346680,0.906982
-0.153198,0.231689,1.081177
0.498047,-0.326416,1.060303
-0.448853,-0.038940,0.814453
0.429688,-0.097412,1.153076
0.056885,-0.376831,0.914185
-0.192017,0.196167,1.044556
0.525879,-0.278198,1.104004
-0.443115,-0.033447,0.815552
0.377563,-0.043701,1.148071
0.129517,-0.410522,0.932617
-0.257202,0.192871,1.030396
0.531494,-0.245239,1.122437
-0.390137,-0.092651,0.815918
0.320923,-0.001587,1.134644
0.167603,-0.408569,0.935547
-0.292236,0.192017,1.005127
0.581543,-0.274902,1.142944
-0.374023,-0.134399,0.810425
0.238647,0.100708,1.151367
0.226318,-0.414429,0.953857
-0.337646,0.122803,0.961792
0.583618,-0.292358,1.129761
-0.313354,-0.203613,0.822632
0.185791,0.149780,1.149292
0.266357,-0.383911,0.947998
-0.369019,0.098999,0.917114
0.583862,-0.257324,1.145020
-0.280151,-0.248047,0.823120
0.132568,0.135254,1.122192
0.312500,-0.396484,0.975098
-0.416870,0.093384,0.882202
0.590454,-0.219604,1.163086
-0.240356,-0.266846,0.823975
0.078247,0.116699,1.104248
0.359009,-0.429199,0.990723
-0.438965,0.101929,0.885742
0.567871,-0.187012,1.148438
-0.192871,-0.248657,0.848755
0.028809,0.175171,1.112915
0.388306,-0.426514,1.003052
-0.445801,0.063477,0.877319
0.542114,-0.150269,1.151245
-0.133423,-0.253784,0.866455
-0.013062,0.197021,1.122437
0.384277,-0.402222,0.995483
-0.451904,0.013306,0.844604
0.551147,-0.144287,1.176147
-0.069214,-0.315063,0.858643
-0.087646,0.214600,1.075806
0.410889,-0.360718,1.003662
-0.442505,-0.037598,0.835205
0.507324,-0.146484,1.166504
-0.061890,-0.351929,0.840210
-0.092163,0.191528,1.080933
0.418335,-0.339233,1.009521
-0.478149,-0.013062,0.820312
0.506592,-0.163330,1.169922
-0.027710,-0.349731,0.861694
-0.140869,0.222412,1.070557
0.441162,-0.309692,1.040161
-0.490845,-0.012573,0.820190
0.474976,-0.171997,1.156006
-0.010742,-0.352173,0.877563
-0.220093,0.228394,1.043945
0.471680,-0.307495,1.050537
-0.485962,-0.042725,0.794678
0.429565,-0.112061,1.151978
0.026367,-0.349365,0.873901
-0.274292,0.229858,1.015869
0.496826,-0.309448,1.062622
-0.461792,-0.064575,0.796265
0.348389,-0.073120,1.122681
0.060303,-0.364380,0.897827
-0.290161,0.185913,0.979492
0.498901,-0.263184,1.074951
-0.442139,-0.067871,0.782471
0.302856,-0.031006,1.131226
0.090454,-0.406860,0.890991
-0.325806,0.134277,0.950073
0.511353,-0.278931,1.082397
-0.413208,-0.109009,0.786133
0.233521,0.061157,1.119019
0.131714,-0.399536,0.878906
-0.363403,0.125244,0.934814
0.515991,-0.265625,1.092041
-0.386841,-0.173828,0.779785
0.180542,0.034424,1.095215
0.172119,-0.387573,0.901489
-0.429321,0.149536,0.888794
0.524292,-0.237915,1.094482
-0.359131,-0.199219,0.783691
0.104004,0.077026,1.081177
0.224243,-0.397339,0.919678
-0.470825,0.091675,0.846191
0.518677,-0.227173,1.088013
-0.281372,-0.262573,0.794067
0.013916,0.120239,1.056152
0.265503,-0.372803,0.919800
-0.489258,0.037231,0.819702
0.506592,-0.202515,1.115967
-0.201904,-0.296509,0.791016
-0.076416,0.132324,1.026245
0.335327,-0.392700,0.940063
-0.498291,0.009399,0.783569
0.459106,-0.140259,1.101196
-0.159302,-0.305176,0.776489
-0.148438,0.148315,1.006714
0.381958,-0.396851,0.951782
-0.534302,-0.009399,0.773193
0.422852,-0.110474,1.114014
-0.122314,-0.300659,0.791626
-0.241089,0.173706,0.976929
0.399902,-0.351440,0.991821
-0.523438,-0.067261,0.754639
0.367432,-0.094849,1.104736
-0.078491,-0.362061,0.785767
-0.334717,0.190552,0.941650
0.455688,-0.342896,1.005493
-0.498901,-0.068359,0.756714
0.256836,-0.013550,1.087769
-0.001953,-0.389404,0.807007
-0.378784,0.165161,0.911621
0.433838,-0.312744,1.010620
-0.477539,-0.126709,0.743286
0.202148,-0.005981,1.071411
0.076538,-0.392090,0.839233
-0.472168,0.158081,0.872559
0.453003,-0.297729,1.022583
-0.427856,-0.182739,0.739746
0.115967,0.064087,1.046997
0.140259,-0.371216,0.857910
-0.505371,0.115967,0.833496
0.474121,-0.269653,1.043213
-0.352051,-0.211548,0.755615
-0.006348,0.109741,1.018555
0.229980,-0.418579,0.872925
-0.530884,0.092896,0.812500
0.447388,-0.209351,1.038086
-0.255981,-0.292725,0.744263
-0.090820,0.152588,0.997070
0.262695,-0.384521,0.898071
-0.554077,0.014893,0.779175
0.435791,-0.209961,1.059692
-0.213745,-0.364136,0.708252
-0.191528,0.150146,0.966553
0.317871,-0.369629,0.902222
-0.568848,0.002930,0.751709
0.403320,-0.170654,1.056641
-0.168945,-0.346558,0.737305
-0.258789,0.175049,0.944580
0.353027,-0.345947,0.931152
-0.577271,0.003540,0.738770
0.351196,-0.163452,1.037720
-0.107910,-0.392090,0.761230
-0.313965,0.154907,0.914062
0.367432,-0.313354,0.948364
-0.569702,-0.009033,0.724365
0.261841,-0.089600,1.020020
-0.055542,-0.387451,0.779297
-0.378418,0.150391,0.889282
0.396362,-0.311646,0.963013
-0.552490,-0.044312,0.705078
0.194214,-0.017090,1.012573
0.005371,-0.388062,0.794067
-0.454224,0.168701,0.881348
0.425903,-0.293335,0.986084
-0.531616,-0.071533,0.718872
0.102173,0.074951,1.014038
0.059204,-0.411377,0.806030
-0.507446,0.164062,0.861938
0.432861,-0.274048,1.003662
-0.452759,-0.159424,0.714355
0.051758,0.128784,1.025635
0.110474,-0.392578,0.822021
-0.571289,0.139160,0.793701
0.448730,-0.282104,1.008545
-0.350098,-0.237305,0.727051
-0.007080,0.163940,1.016602
0.151245,-0.400635,0.811279
-0.600220,0.150146,0.791504
0.462891,-0.280396,1.004517
-0.298706,-0.263916,0.742920
-0.071655,0.148193,0.975342
0.195679,-0.379272,0.840698
-0.589600,0.138672,0.778564
0.446411,-0.237671,1.019287
-0.276489,-0.300903,0.714478
-0.104370,0.159180,0.975220
0.255005,-0.388306,0.864136
-0.616211,0.129639,0.767334
0.409180,-0.198120,1.005859
-0.218506,-0.343872,0.719116
-0.156616,0.161133,0.962769
0.275635,-0.373047,0.890747
-0.615723,0.100464,0.749390
0.401245,-0.173340,1.020874
-0.195435,-0.348633,0.710083
-0.213501,0.187500,0.947876
0.328613,-0.374756,0.904541
-0.601318,0.056396,0.749023
0.365234,-0.136963,1.019775
-0.169678,-0.374268,0.698364
-0.260010,0.191895,0.925781
0.360718,-0.372925,0.904419
-0.600586,0.057617,0.739258
0.332764,-0.129150,1.004639
-0.118286,-0.364624,0.725342
-0.328491,0.198975,0.896118
0.387207,-0.345581,0.922363
-0.579224,0.007324,0.717896
0.272583,-0.062012,1.012451
-0.069824,-0.394043,0.736328
-0.383423,0.216064,0.879272
0.394897,-0.313232,0.936157
-0.565796,-0.043335,0.710327
0.213867,-0.038574,1.000366
-0.020386,-0.419312,0.760498
-0.445435,0.208374,0.857544
0.415283,-0.292114,0.950562
-0.519043,-0.062988,0.722534
0.136230,0.035767,1.010010
0.049561,-0.423706,0.781372
-0.513794,0.215576,0.830933
0.431885,-0.252930,0.966431
-0.446777,-0.086914,0.740234
0.069214,0.107300,1.020630
0.139648,-0.412842,0.832642
-0.569458,0.176880,0.809937
0.430176,-0.219727,0.984985
-0.361816,-0.140869,0.734741
0.007202,0.175537,1.009521
0.201294,-0.395752,0.851685
-0.584351,0.122681,0.775269
0.425049,-0.172485,1.022461
-0.274658,-0.242432,0.716064
-0.078003,0.215332,0.992554
0.263916,-0.394531,0.868530
-0.597046,0.120239,0.775269
0.425415,-0.185547,1.015869
-0.209229,-0.301514,0.717651
-0.149658,0.215454,0.955322
0.316040,-0.364502,0.890747
-0.618774,0.108154,0.750610
0.411621,-0.187988,1.013794
-0.145996,-0.362793,0.726074
-0.191650,0.200806,0.927246
0.331543,-0.324463,0.895020
-0.608643,0.106445,0.756226
0.377197,-0.161499,1.013184
-0.081177,-0.384766,0.746704
-0.275635,0.180054,0.885864
0.368408,-0.312622,0.908325
-0.583862,0.108887,0.749146
0.318848,-0.095093,0.987915
-0.041382,-0.400391,0.737427
-0.292236,0.160156,0.867188
0.381104,-0.285278,0.918945
-0.572754,0.068604,0.723511
0.269165,-0.032227,0.991821
-0.010620,-0.442627,0.749634
-0.370239,0.156006,0.860107
0.415405,-0.300293,0.942627
-0.533447,0.038696,0.733765
0.202759,0.062988,1.009277
0.027344,-0.379395,0.786987
-0.417358,0.151001,0.846313
0.435669,-0.296631,0.977051
-0.508667,-0.036377,0.736572
0.144043,0.105957,1.017578
0.057739,-0.383057,0.782227
-0.471191,0.179810,0.833008
0.467529,-0.292847,0.983887
-0.437134,-0.087646,0.761841
0.075195,0.164795,1.015869
0.093994,-0.391602,0.799438
-0.524780,0.146118,0.791016
0.459106,-0.262207,1.000122
-0.389648,-0.139893,0.747925
0.066895,0.180664,1.033203
0.137451,-0.393433,0.806152
-0.545166,0.154297,0.779175
0.469971,-0.257446,0.998169
-0.361816,-0.154175,0.760376
0.020752,0.158691,1.015747
0.192505,-0.406372,0.846558
-0.557861,0.149048,0.776489
0.454224,-0.206665,1.001953
-0.300781,-0.177246,0.769531
-0.037109,0.174194,0.994873
0.236206,-0.437134,0.850098
-0.554810,0.104370,0.767700
0.452393,-0.166992,1.024536
-0.264160,-0.172729,0.772217
-0.087646,0.212769,0.990479
0.273438,-0.425781,0.862915
-0.570679,0.081543,0.762329
0.449829,-0.205200,1.022583
-0.225708,-0.228271,0.772095
-0.132446,0.239258,0.976196
0.301514,-0.375366,0.889038
-0.582397,0.031860,0.740967
0.437866,-0.211792,1.042114
-0.161987,-0.303589,0.769043
-0.155151,0.255127,0.982056
0.322144,-0.356445,0.888428
-0.572754,0.057739,0.756592
0.415161,-0.198608,1.006226
-0.090698,-0.335327,0.783813
-0.194458,0.215332,0.936768
0.338379,-0.325684,0.906616
-0.567383,0.040039,0.753784
0.397217,-0.184570,1.015503
-0.045410,-0.378418,0.795410
-0.252075,0.206177,0.914673
0.379395,-0.349121,0.922729
-0.550293,0.000854,0.735718
0.340698,-0.128662,0.998413
-0.003906,-0.427002,0.760864
-0.294800,0.183594,0.897461
0.415771,-0.359863,0.948120
-0.531250,-0.044189,0.735352
0.267090,-0.043091,0.990234
0.034424,-0.438599,0.761841
-0.337646,0.160278,0.863159
0.434570,-0.354370,0.942261
-0.510376,-0.061646,0.732666
0.203857,0.000854,0.989258
0.074707,-0.435547,0.776123
-0.374756,0.131470,0.845581
0.451416,-0.326538,0.970947
-0.486816,-0.093750,0.752930
0.144165,0.021973,0.994141
0.103394,-0.455078,0.786011
-0.420288,0.118896,0.815308
0.462891,-0.275269,0.989746
-0.413940,-0.154785,0.749268
0.090576,0.106079,1.026245
0.147095,-0.449219,0.814331
-0.492310,0.071777,0.768188
0.486572,-0.301270,1.001099
-0.366821,-0.170288,0.750122
0.005493,0.191650,1.025757
0.214233,-0.435181,0.837524
-0.507690,0.060059,0.767944
0.494751,-0.324463,1.001831
-0.334106,-0.216919,0.749023
-0.044800,0.169556,1.004150
0.279053,-0.447388,0.874756
-0.536743,0.051636,0.747559
0.456909,-0.258911,1.037109
-0.218994,-0.276611,0.790527
-0.084106,0.171265,0.999878
0.300171,-0.417480,0.880981
-0.572021,0.081421,0.757568
0.438110,-0.257446,1.018311
-0.107422,-0.331909,0.830200
-0.146484,0.205078,0.987549
0.343506,-0.384888,0.919189
-0.546143,0.060669,0.762695
0.410278,-0.208862,1.022217
-0.067017,-0.383057,0.815186
-0.190674,0.154541,0.963623
0.385986,-0.388794,0.939819
-0.533569,0.004272,0.747192
0.376709,-0.143066,1.032593
-0.011475,-0.402954,0.791626
-0.248291,0.172363,0.927734
0.424561,-0.382935,0.956543
-0.507568,-0.069702,0.749268
0.334595,-0.143677,1.017212
0.048706,-0.452637,0.805054
-0.299561,0.179077,0.906616
0.436890,-0.335205,0.968384
-0.472778,-0.104370,0.760986
0.263184,-0.094238,1.014038
0.089600,-0.483154,0.796997
-0.336914,0.123169,0.873535
0.474731,-0.312012,1.006226
-0.449341,-0.100586,0.774414
0.168945,-0.008789,1.003296
0.141235,-0.478638,0.836426
-0.373535,0.076538,0.859131
0.492920,-0.268799,1.046143
-0.417236,-0.116577,0.759155
0.086182,0.070312,1.020630
0.222778,-0.504272,0.848145
-0.414917,0.033203,0.825806
0.510864,-0.265869,1.064575
-0.349365,-0.190308,0.751709
0.033203,0.165161,1.040771
0.267212,-0.417847,0.881958
-0.460815,-0.000122,0.789062
0.510742,-0.312012,1.055054
-0.269897,-0.275269,0.790039
-0.019409,0.211060,1.045898
0.298706,-0.423218,0.903320
-0.498779,0.020996,0.783813
0.488159,-0.271851,1.079834
-0.181519,-0.300781,0.832031
-0.075806,0.186768,1.038330
0.344727,-0.424561,0.929810
-0.501953,0.026978,0.785278
0.454834,-0.190796,1.086670
-0.094849,-0.318115,0.839111
-0.118652,0.201050,1.033936
0.370972,-0.399048,0.945923
-0.485596,-0.019653,0.782349
0.446289,-0.204956,1.084961
-0.025024,-0.380493,0.833862
-0.156616,0.203003,1.016846
0.424316,-0.345337,0.993774
-0.488892,-0.019165,0.776367
0.392700,-0.156616,1.073120
0.055542,-0.449341,0.856445
-0.195435,0.176392,1.002930
0.453979,-0.328857,1.009277
-0.480591,-0.039307,0.760986
0.360107,-0.098267,1.071411
0.108032,-0.453735,0.867065
-0.255371,0.161255,0.980225
0.485962,-0.319336,1.034302
-0.447021,-0.069336,0.780640
0.287598,-0.048828,1.057983
0.116455,-0.432007,0.866211
-0.301514,0.159912,0.970459
0.529053,-0.315308,1.064819
-0.404663,-0.103027,0.798462
0.211548,0.037109,1.058472
0.185425,-0.459351,0.883179
-0.342163,0.093384,0.915894
0.557739,-0.280273,1.113159
-0.357300,-0.162720,0.785889
0.140259,0.102905,1.059448
0.254517,-0.448120,0.910645
-0.396973,0.038696,0.864868
0.563354,-0.289307,1.113037
-0.270874,-0.247803,0.827026
0.069580,0.148071,1.063477
0.295166,-0.396606,0.936890
-0.414185,0.033203,0.843628
0.543091,-0.233398,1.130737
-0.212036,-0.258911,0.829956
0.036621,0.180054,1.105347
0.366943,-0.417603,0.973999
-0.479492,0.071411,0.827515
0.516479,-0.208496,1.114868
-0.127686,-0.274292,0.867920
-0.015625,0.192749,1.104248
0.392944,-0.390747,0.995483
-0.490479,0.050171,0.827393
0.497437,-0.173340,1.121216
-0.038696,-0.305664,0.895630
-0.073242,0.210693,1.100708
0.437744,-0.361206,1.034058
-0.470459,-0.001343,0.812866
0.473267,-0.117188,1.155029
0.050659,-0.374756,0.897461
-0.161987,0.245117,1.071533
0.474854,-0.332520,1.049072
-0.437134,-0.069458,0.816284
0.428589,-0.098511,1.143311
0.083984,-0.363892,0.908691
-0.204102,0.238525,1.052490
0.505859,-0.308716,1.072632
-0.423218,-0.088135,0.815186
0.384277,-0.083008,1.135376
0.106323,-0.352661,0.931641
-0.241455,0.223389,1.023804
0.524780,-0.246704,1.109863
-0.394287,-0.115479,0.815796
0.326416,-0.037476,1.142090
0.166382,-0.417480,0.941895
-0.294800,0.167847,0.975708
0.565430,-0.247681,1.129272
-0.370605,-0.131958,0.810791
0.236084,0.032959,1.113770
0.246948,-0.454956,0.937866
-0.339844,0.105225,0.938232
0.570190,-0.222290,1.146484
-0.302490,-0.171509,0.828613
0.146240,0.123535,1.106689
0.307861,-0.444702,0.958862
-0.362183,0.037598,0.906494
0.568359,-0.204956,1.161011
-0.235840,-0.216309,0.856201
0.066895,0.181152,1.106445
0.359009,-0.402954,0.991333
-0.404297,0.043457,0.884521
0.554688,-0.189941,1.160400
-0.159912,-0.243164,0.881592
-0.004761,0.206787,1.105469
0.395630,-0.385132,0.996704
-0.408691,0.014160,0.869995
0.531372,-0.147949,1.170898
-0.069214,-0.287354,0.893188
-0.069580,0.205933,1.095215
0.446289,-0.366333,1.032593
-0.431641,-0.019653,0.849731
0.498169,-0.113281,1.179810
0.006836,-0.342163,0.886963
-0.131592,0.219727,1.079346
0.480103,-0.319946,1.062744
-0.436523,-0.043823,0.833984
0.450806,-0.080811,1.174683
0.031738,-0.350342,0.903442
-0.194580,0.209473,1.053833
0.506714,-0.287598,1.102539
-0.416260,-0.088501,0.822876
0.387695,-0.030884,1.171875
0.090698,-0.368286,0.913330
-0.252686,0.203125,1.021484
0.540771,-0.255981,1.122681
-0.385864,-0.129028,0.812988
0.311523,-0.007690,1.146606
0.162720,-0.385620,0.939575
-0.317505,0.151123,0.954346
0.570068,-0.254761,1.131958
-0.330078,-0.166016,0.822876
0.211304,0.077759,1.137207
0.232910,-0.409302,0.944946
-0.376709,0.104858,0.919922
0.569336,-0.242676,1.148438
-0.276367,-0.208984,0.838379
0.117065,0.139160,1.110718
0.295898,-0.405762,0.961792
-0.413086,0.069946,0.884644
0.567383,-0.228638,1.138916
-0.218506,-0.263062,0.847656
0.044312,0.170410,1.103882
0.345581,-0.387695,0.966187
-0.441284,0.035645,0.849731
0.530518,-0.172852,1.148682
-0.107544,-0.306763,0.865112
-0.032104,0.170898,1.075317
0.398438,-0.357300,1.002197
-0.460205,0.002319,0.829834
0.499146,-0.138672,1.156860
-0.057373,-0.350708,0.848267
-0.115234,0.160889,1.051758
0.430054,-0.342163,1.032227
-0.463989,-0.047363,0.811157
0.449585,-0.080200,1.168091
-0.030029,-0.300171,0.861206
-0.200439,0.223999,1.050293
0.487793,-0.328613,1.066528
-0.450928,-0.081543,0.804688
0.362427,-0.066772,1.144653
0.027222,-0.353271,0.875488
-0.284546,0.197510,0.993042
0.533936,-0.296021,1.095703
-0.406006,-0.127319,0.796143
0.263794,0.032593,1.131470
0.124390,-0.419800,0.889038
-0.364868,0.140259,0.927856
0.534424,-0.286499,1.097534
-0.351929,-0.193970,0.787720
0.178101,0.079712,1.106567
0.197998,-0.379639,0.910645
-0.417847,0.123535,0.887451
0.541260,-0.235352,1.106689
-0.309082,-0.254883,0.786499
0.071899,0.097900,1.074829
0.263306,-0.395142,0.937866
-0.452515,0.066650,0.837646
0.529053,-0.199463,1.115234
-0.210449,-0.268433,0.828979
-0.012939,0.125000,1.057861
0.305176,-0.377319,0.948486
-0.476685,0.026245,0.816406
0.511719,-0.187378,1.121704
-0.143921,-0.301270,0.810303
-0.100220,0.139160,1.031982
0.355469,-0.338379,0.969727
-0.504517,-0.031128,0.779419
0.480591,-0.179199,1.128052
-0.092529,-0.342896,0.803101
-0.229370,0.186890,0.988159
0.428467,-0.325317,1.017212
-0.505249,-0.058228,0.759033
0.382568,-0.098633,1.117676
-0.048096,-0.338501,0.829834
-0.296997,0.179932,0.971191
0.478760,-0.310547,1.053345
-0.486572,-0.087280,0.756592
0.275269,-0.020996,1.101196
0.043091,-0.394653,0.841309
-0.383179,0.137573,0.906372
0.497925,-0.273804,1.084351
-0.418945,-0.157715,0.747192
0.163330,0.093140,1.083862
0.121826,-0.368408,0.867188
-0.449585,0.100952,0.874268
0.508667,-0.317871,1.058105
-0.386230,-0.220215,0.757324
0.090332,0.114136,1.063843
0.161377,-0.331909,0.876953
-0.494385,0.094116,0.831787
0.507202,-0.278076,1.076538
-0.290283,-0.300415,0.773438
0.013062,0.071899,1.020020
0.237793,-0.396118,0.875977
-0.529785,0.115845,0.800171
0.476807,-0.229858,1.061523
-0.232788,-0.298096,0.781860
-0.050415,0.078369,1.008179
0.279541,-0.405151,0.913818
-0.552856,0.071899,0.783203
0.445435,-0.073975,1.151978
-0.188354,-0.317871,0.764771
-0.223389,0.206177,1.041260
0.320435,-0.416260,0.911743
-0.479614,-0.086182,0.778687
0.399048,-0.085205,1.147339
-0.019409,-0.337891,0.840332
-0.295410,0.215820,0.981567
0.493042,-0.318970,1.050903
-0.459839,-0.083862,0.784790
0.318970,-0.057861,1.117554
0.031616,-0.347290,0.870483
-0.333008,0.162720,0.934814
0.500000,-0.288452,1.072754
-0.419434,-0.165894,0.769409
0.238647,-0.000244,1.107178
0.115112,-0.396606,0.879395
-0.410156,0.159668,0.903931
0.510864,-0.263306,1.075317
-0.384644,-0.189453,0.775635
0.130127,0.072632,1.081909
0.185059,-0.414429,0.891479
-0.452515,0.130249,0.871460
0.516479,-0.243652,1.081543
-0.334839,-0.218018,0.779419
0.042969,0.100342,1.061523
0.236694,-0.395386,0.909058
-0.475708,0.052490,0.834839
0.489624,-0.207520,1.084106
-0.218628,-0.296143,0.789917
-0.026978,0.124023,1.042236
0.287964,-0.362793,0.920898
-0.511475,0.015259,0.791016
0.472534,-0.206787,1.091919
-0.174438,-0.348511,0.766846
-0.125854,0.133545,1.010742
0.338257,-0.346436,0.950317
-0.522339,0.014404,0.768799
0.433960,-0.146973,1.102661
-0.142944,-0.339355,0.789062
-0.224976,0.162964,0.984131
0.397339,-0.338379,0.987793
-0.537231,-0.008789,0.763794
0.351074,-0.101196,1.087524
-0.079590,-0.345703,0.799927
-0.317261,0.171753,0.939209
0.435669,-0.330322,1.010986
-0.492432,-0.096436,0.740723
0.269165,-0.037598,1.076904
-0.011597,-0.353516,0.812256
-0.402832,0.181519,0.892212
0.474854,-0.314453,1.027832
-0.465820,-0.135498,0.751831
0.158203,0.006226,1.057129
0.094849,-0.396606,0.851440
-0.468506,0.164307,0.874634
0.472412,-0.257080,1.038574
-0.415771,-0.157227,0.771484
0.041992,0.068359,1.034302
0.194214,-0.428223,0.871826
-0.528931,0.086060,0.820435
0.455444,-0.229004,1.044189
-0.280273,-0.245117,0.761108
-0.052734,0.136597,1.010742
0.252930,-0.385254,0.896118
-0.549072,0.031250,0.787598
0.432251,-0.198608,1.059204
-0.216064,-0.338379,0.724609
-0.164795,0.145630,0.976562
0.331665,-0.399292,0.908569
-0.570435,0.034790,0.764893
0.390259,-0.141113,1.057251
-0.170044,-0.317993,0.750610
-0.268066,0.163208,0.949463
0.366333,-0.372803,0.953857
-0.559082,-0.040405,0.730225
0.328003,-0.091064,1.055664
-0.106689,-0.346436,0.752441
-0.362549,0.196899,0.907593
0.407959,-0.344360,0.969971
-0.528564,-0.109375,0.715698
0.233521,-0.061401,1.041016
-0.036499,-0.392090,0.781982
-0.450439,0.194092,0.871338
0.430176,-0.300293,0.987427
-0.495117,-0.133667,0.717529
0.123779,0.027954,1.033936
0.066040,-0.401978,0.820557
-0.524780,0.171509,0.828857
0.446167,-0.260498,0.997070
-0.390015,-0.182251,0.758911
0.019043,0.092407,1.029175
0.162720,-0.432495,0.844116
-0.576050,0.109619,0.789429
0.440796,-0.226562,1.015503
-0.289185,-0.296997,0.710693
-0.092163,0.162720,1.002930
0.255371,-0.387329,0.876221
-0.590332,0.078003,0.770386
0.418701,-0.227051,1.015503
-0.212036,-0.342407,0.707886
-0.200928,0.164307,0.949951
0.318237,-0.363037,0.905518
-0.603394,0.047241,0.753540
0.375244,-0.189331,1.019287
-0.139648,-0.370117,0.732544
-0.306030,0.175659,0.904053
0.349976,-0.338623,0.930298
-0.582764,-0.018799,0.722412
0.283813,-0.120361,1.005981
-0.097168,-0.399048,0.743042
-0.387207,0.183716,0.884277
0.399536,-0.291870,0.970215
-0.550903,-0.038452,0.716797
0.179810,-0.013062,1.003052
-0.019775,-0.396973,0.775024
-0.445923,0.165649,0.871826
0.415283,-0.263062,0.999146
-0.510864,-0.094971,0.719360
0.083496,0.100098,1.017944
0.076294,-0.422363,0.799194
-0.533691,0.188232,0.843018
0.440796,-0.256348,1.006958
-0.413086,-0.161621,0.738525
0.015503,0.152344,1.021729
0.142090,-0.418579,0.814697
-0.582275,0.175537,0.799927
0.451782,-0.238281,1.013672
-0.307129,-0.262329,0.724365
-0.067871,0.188721,0.992798
0.213135,-0.391479,0.849487
-0.618042,0.125244,0.766235
0.433716,-0.223755,1.014282
-0.224487,-0.337769,0.712402
-0.131714,0.176392,0.972900
0.260376,-0.371094,0.862305
-0.623657,0.107178,0.752686
0.407104,-0.195557,1.012817
-0.174561,-0.348633,0.720337
-0.203369,0.176147,0.938843
0.326416,-0.364868,0.890381
-0.618896,0.097778,0.743042
0.357544,-0.162842,1.004761
-0.140869,-0.379395,0.722412
-0.276489,0.169067,0.903076
0.371704,-0.348511,0.918701
-0.600098,0.051392,0.717529
0.284546,-0.087524,0.994751
-0.074829,-0.377808,0.750366
-0.362915,0.171387,0.868896
0.395508,-0.328979,0.931763
-0.550781,-0.017944,0.715332
0.235352,-0.011841,1.007935
-0.037109,-0.390015,0.753540
-0.447998,0.196411,0.850952
0.415039,-0.293701,0.954590
-0.525391,-0.087769,0.708130
0.156982,0.005615,1.003418
0.040527,-0.405396,0.790039
-0.510742,0.238892,0.838013
0.425903,-0.244263,0.960571
-0.438232,-0.090210,0.748291
0.078003,0.087524,1.026123
0.115967,-0.420776,0.822632
-0.564331,0.196045,0.812012
0.421387,-0.202515,0.990845
-0.366943,-0.156494,0.738892
0.008057,0.134155,1.002808
0.191528,-0.407715,0.840210
-0.581299,0.176880,0.797485
0.420776,-0.158203,1.003662
-0.265503,-0.235474,0.734985
-0.087769,0.189453,0.982666
0.264160,-0.401123,0.879761
-0.611328,0.126709,0.752563
0.429321,-0.175903,1.012207
-0.180908,-0.297119,0.737793
-0.175903,0.220093,0.952515
0.317383,-0.366699,0.880249
-0.598755,0.095703,0.759766
0.394043,-0.140503,1.008911
-0.110229,-0.351196,0.738647
-0.251709,0.193970,0.904175
0.358154,-0.347412,0.906494
-0.586060,0.059082,0.736938
0.343262,-0.100708,1.005371
-0.057617,-0.389160,0.742798
-0.316528,0.207886,0.890869
0.378906,-0.311646,0.924805
-0.567993,-0.011353,0.708740
0.282593,-0.063232,0.992920
-0.006104,-0.414673,0.759521
-0.388306,0.207764,0.859253
0.403442,-0.280762,0.936157
-0.521362,-0.045044,0.719971
0.193604,0.024414,1.010864
0.031128,-0.416626,0.762817
-0.434326,0.164429,0.840698
0.435425,-0.247925,0.975342
-0.469360,-0.074097,0.744019
0.096313,0.105225,1.011963
0.099731,-0.410034,0.801392
-0.517944,0.155396,0.812378
0.458618,-0.239746,1.003540
-0.386597,-0.147095,0.743408
-0.002197,0.171875,0.996094
0.186401,-0.396118,0.834717
-0.553223,0.132080,0.801025
0.444092,-0.203857,1.005249
-0.289673,-0.209717,0.751465
-0.073242,0.186523,0.984985
0.260376,-0.385132,0.860474
-0.585083,0.120117,0.773193
0.447632,-0.187378,1.035034
-0.191040,-0.278931,0.750977
-0.152710,0.199585,0.948120
0.327148,-0.373169,0.893555
-0.582275,0.102173,0.770020
0.398682,-0.160645,1.002075
-0.079590,-0.350586,0.770630
-0.229614,0.199219,0.922485
0.358398,-0.337402,0.911133
-0.563110,0.058594,0.745728
0.337158,-0.090698,0.994019
-0.026245,-0.395874,0.756836
-0.300659,0.181519,0.882446
0.403198,-0.319336,0.927734
-0.543457,-0.009033,0.725098
0.238403,-0.030151,0.985840
0.027466,-0.419189,0.769287
-0.372437,0.134766,0.841553
0.434814,-0.287354,0.959595
-0.509521,-0.056763,0.731445
0.159912,0.045898,1.003052
0.073364,-0.425415,0.780151
-0.454468,0.147949,0.817505
0.461304,-0.291870,0.979736
-0.437012,-0.074341,0.761108
0.070190,0.144165,1.014404
0.127319,-0.407104,0.794067
-0.509399,0.103027,0.782837
0.476196,-0.299072,1.005981
-0.355713,-0.188843,0.770752
-0.006958,0.161987,1.005371
0.196411,-0.396851,0.821899
-0.557251,0.122925,0.763794
0.484985,-0.254150,1.009277
-0.252930,-0.228394,0.775757
-0.067871,0.181641,0.992188
0.250366,-0.375244,0.864136
-0.590698,0.084717,0.728882
0.455933,-0.260742,1.004517
-0.144531,-0.268921,0.829468
-0.113525,0.202148,0.980835
0.260986,-0.316650,0.878174
-0.582642,0.113525,0.744141
0.438110,-0.235596,1.002686
-0.091431,-0.341553,0.810669
-0.160645,0.177612,0.954468
0.319824,-0.333740,0.893799
-0.572876,0.111206,0.745728
0.379028,-0.131226,1.010254
-0.047729,-0.395264,0.799927
-0.218872,0.137451,0.936401
0.375854,-0.384399,0.915894
-0.558960,0.061279,0.741577
0.326660,-0.074463,0.996704
-0.007446,-0.365479,0.817505
-0.257080,0.123413,0.915039
0.404175,-0.385010,0.937622
-0.556396,0.024170,0.725220
0.283691,-0.020142,0.981201
0.024170,-0.385620,0.783447
-0.291260,0.128418,0.891479
0.436523,-0.383423,0.951782
-0.509399,-0.038574,0.746704
0.219604,0.022095,0.989502
0.038086,-0.404907,0.774170
-0.323608,0.110840,0.862061
0.461060,-0.354492,0.979980
-0.505615,-0.058960,0.742065
0.203369,0.026733,1.010986
0.087891,-0.438599,0.773926
-0.378418,0.114746,0.828125
0.455566,-0.327393,0.982422
-0.462769,-0.132690,0.745483
0.195435,0.014526,1.027588
0.101929,-0.435547,0.796021
-0.422485,0.140137,0.822998
0.477783,-0.321899,0.990967
-0.456055,-0.154785,0.739624
0.154785,0.023560,1.012695
0.119995,-0.486816,0.792114
-0.430298,0.132690,0.817871
0.471680,-0.293335,0.981567
-0.417480,-0.098511,0.760620
0.096069,0.082520,1.022217
0.151245,-0.457520,0.823975
-0.435059,0.079468,0.805420
0.480469,-0.312866,0.989502
-0.418701,-0.128540,0.753662
0.075684,0.110474,1.022583
0.191650,-0.494507,0.830566
-0.449829,0.066772,0.807739
0.469727,-0.264893,1.018921
-0.363159,-0.179443,0.758545
0.018799,0.154419,1.032593
0.230347,-0.482788,0.849121
-0.484985,0.028320,0.777588
0.489502,-0.274170,1.039673
-0.322510,-0.209717,0.758911
-0.025391,0.194702,1.028076
0.264038,-0.446167,0.879150
-0.490845,0.021118,0.768188
0.473633,-0.260498,1.045776
-0.269287,-0.241577,0.773315
-0.047974,0.176758,1.023315
0.302856,-0.455933,0.895020
-0.527832,0.072388,0.783325
0.462646,-0.253784,1.030396
-0.210571,-0.256470,0.811768
-0.074463,0.145020,1.010498
0.320068,-0.435425,0.918945
-0.519897,0.054565,0.772339
0.446533,-0.178223,1.061157
-0.145264,-0.298828,0.802002
-0.135010,0.187256,1.010376
0.371704,-0.456543,0.918091
-0.512939,0.025513,0.785278
0.428711,-0.158936,1.052490
-0.091431,-0.313599,0.816528
-0.183594,0.183838,0.986328
0.408813,-0.453125,0.936157
-0.508057,-0.025757,0.763672
0.394409,-0.115479,1.058472
-0.034668,-0.316650,0.830811
-0.222778,0.184204,0.972412
0.443726,-0.428345,0.980103
-0.494385,-0.100586,0.750610
0.359741,-0.126099,1.046997
0.039429,-0.400024,0.826416
-0.267334,0.194092,0.954590
0.465942,-0.396729,0.982422
-0.455078,-0.114380,0.765015
0.313477,-0.090576,1.047729
0.092163,-0.433838,0.825562
-0.298340,0.181641,0.936890
0.482666,-0.315430,1.011719
-0.438843,-0.128296,0.774780
0.238647,-0.045044,1.038696
0.120728,-0.469116,0.825439
-0.336182,0.117310,0.898193
0.514282,-0.313599,1.042236
-0.427246,-0.132935,0.766479
0.183716,-0.004517,1.034058
0.197754,-0.454468,0.869507
-0.391113,0.102417,0.860474
0.524780,-0.265259,1.067993
-0.339233,-0.209595,0.779419
0.079346,0.110596,1.046997
0.262451,-0.496582,0.874268
-0.433716,0.048706,0.822998
0.529419,-0.255371,1.081421
-0.273315,-0.216187,0.806641
0.003784,0.178467,1.053955
0.331055,-0.473633,0.920410
-0.463745,0.026611,0.808960
0.505981,-0.214355,1.092529
-0.188354,-0.239380,0.838745
-0.057983,0.196777,1.063232
0.381714,-0.441162,0.957275
-0.488892,0.029785,0.818604
0.479980,-0.193604,1.098022
-0.079346,-0.296387,0.854858
-0.103394,0.223389,1.066406
0.416260,-0.384033,0.982910
-0.494141,0.019653,0.820557
0.449097,-0.187744,1.093994
0.014038,-0.399292,0.866211
-0.150513,0.181641,1.030762
0.439087,-0.315186,1.013550
-0.462402,-0.028564,0.794800
0.403320,-0.130981,1.094971
0.078125,-0.403076,0.896118
-0.208252,0.171509,1.021973
0.483398,-0.323730,1.050415
-0.465454,-0.044800,0.777588
0.355835,-0.075073,1.095703
0.111084,-0.430176,0.885132
-0.256592,0.177612,1.005249
0.504761,-0.291138,1.077026
-0.437378,-0.099365,0.782593
0.303955,-0.045898,1.085693
0.125854,-0.436035,0.901733
-0.275635,0.134521,0.979370
0.543457,-0.264038,1.109741
-0.406982,-0.086182,0.801147
0.270020,0.013916,1.096313
0.190918,-0.411865,0.933228
-0.334351,0.091919,0.937500
0.560059,-0.262695,1.139771
-0.369507,-0.166016,0.785889
0.201904,0.092163,1.098145
0.229980,-0.431030,0.921387
-0.341064,0.096558,0.934814
0.566895,-0.291016,1.119629
-0.337646,-0.181152,0.816895
0.175415,0.092163,1.086914
0.235596,-0.402344,0.928589
-0.352661,0.075439,0.910034
0.601196,-0.298462,1.134033
-0.325806,-0.202271,0.817261
0.136475,0.125122,1.091797
0.273804,-0.404663,0.954102
-0.362793,0.042114,0.890259
0.588623,-0.270264,1.147461
-0.296265,-0.203125,0.830322
0.111084,0.147949,1.093506
0.320679,-0.426270,0.968994
-0.379028,0.052979,0.872925
0.574951,-0.224731,1.135620
-0.260986,-0.203247,0.840576
0.086914,0.156982,1.105469
0.357666,-0.433105,0.988525
-0.410645,0.073730,0.871216
0.547363,-0.178955,1.143677
-0.199585,-0.247437,0.854980
0.039307,0.179443,1.107056
0.390137,-0.424805,0.997437
-0.426270,0.064941,0.876099
0.541138,-0.140747,1.164551
-0.125000,-0.263794,0.878906
-0.021606,0.225098,1.109009
0.406372,-0.383911,1.010376
-0.422119,0.002563,0.859619
0.523071,-0.153687,1.164673
-0.070557,-0.286865,0.890137
-0.065552,0.233521,1.097168
0.450928,-0.349121,1.040771
-0.443115,-0.021851,0.837646
0.498779,-0.126953,1.170898
0.014282,-0.363892,0.890991
-0.120483,0.217529,1.088989
0.477661,-0.336548,1.060425
-0.436890,-0.051758,0.828003
0.466064,-0.092041,1.166260
0.032959,-0.328491,0.898560
-0.187256,0.243164,1.063965
0.510132,-0.300781,1.088257
-0.413574,-0.078003,0.825562
0.394287,-0.044067,1.172729
0.076416,-0.370361,0.918823
-0.237305,0.197266,1.031128
0.558350,-0.279907,1.116211
-0.395630,-0.068970,0.827393
0.309326,0.022461,1.143921
0.163696,-0.394775,0.951538
-0.293701,0.148315,0.983765
0.544312,-0.232910,1.127441
-0.333862,-0.163696,0.828003
0.235718,0.085449,1.141724
0.244995,-0.412964,0.955078
-0.363525,0.093140,0.925049
0.581299,-0.245972,1.154297
-0.278687,-0.225098,0.830933
0.123779,0.151367,1.121826
0.307495,-0.409058,0.960205
-0.388306,0.062622,0.887939
0.555542,-0.186401,1.161865
-0.190918,-0.260132,0.863037
0.025024,0.159424,1.093750
0.373413,-0.393188,0.994873
-0.415161,0.026855,0.860474
0.530884,-0.129517,1.166504
-0.080566,-0.292480,0.881348
-0.045898,0.180420,1.080933
0.404663,-0.343750,1.025879
-0.427734,-0.046387,0.842163
0.534912,-0.134766,1.195923
-0.017944,-0.334961,0.872314
-0.157837,0.218750,1.051270
0.453857,-0.327026,1.040649
-0.441772,-0.069824,0.821411
0.470093,-0.113525,1.183716
0.017456,-0.364868,0.886719
-0.214233,0.227051,1.039795
0.497803,-0.277954,1.089966
-0.434326,-0.082520,0.802124
0.367676,-0.051392,1.151123
0.077637,-0.379272,0.900513
-0.259766,0.180908,1.008911
0.537109,-0.271973,1.099487
-0.408447,-0.117432,0.805908
0.274902,0.017334,1.134399
0.181030,-0.401978,0.930664
-0.348633,0.151245,0.933838
0.537720,-0.236206,1.113525
-0.326050,-0.180786,0.809204
0.175293,0.089478,1.129395
0.248779,-0.419922,0.956909
-0.422729,0.065186,0.896240
0.550049,-0.230713,1.132446
-0.278076,-0.224976,0.820435
0.077881,0.180664,1.116089
0.322144,-0.382202,0.963623
-0.464844,0.035156,0.844971
0.542847,-0.217041,1.141357
-0.160156,-0.329224,0.829712
-0.014648,0.190796,1.084595
0.347412,-0.336548,0.969482
-0.465332,0.000244,0.833008
0.513306,-0.213501,1.140137
-0.089844,-0.404785,0.813599
-0.095947,0.163208,1.041748
0.377563,-0.322144,0.980835
-0.490845,0.002197,0.803955
0.478760,-0.172241,1.141602
-0.043213,-0.361572,0.848511
-0.191040,0.200073,1.033081
0.421753,-0.303223,1.030151
-0.485229,-0.035645,0.788208
0.408691,-0.116333,1.133423
-0.005493,-0.348633,0.864136
-0.257935,0.210083,1.026123
0.478271,-0.280518,1.056152
-0.475952,-0.065186,0.756470
0.327393,-0.052246,1.124390
0.050659,-0.377563,0.880005
-0.310303,0.147949,0.961792
0.493652,-0.285645,1.069458
-0.433960,-0.104370,0.765869
0.248047,0.030884,1.111450
0.112061,-0.380493,0.879883
-0.373169,0.140015,0.930054
0.498169,-0.265747,1.079346
-0.398682,-0.184570,0.773438
0.166260,0.053467,1.092163
0.151001,-0.371704,0.895996
-0.429443,0.124268,0.890137
0.524414,-0.268433,1.105103
-0.358887,-0.238281,0.769897
0.082520,0.098999,1.073975
0.208496,-0.391479,0.899292
-0.475098,0.086670,0.854370
0.518555,-0.244873,1.093506
-0.278320,-0.263184,0.781738
0.019531,0.128540,1.053345
0.257446,-0.381958,0.902100
-0.498047,0.076050,0.837402
0.512207,-0.247803,1.083618
-0.217407,-0.307739,0.774902
-0.052856,0.130737,1.023438
0.309570,-0.383057,0.929443
-0.517944,0.026855,0.791748
0.482300,-0.184204,1.102539
-0.184570,-0.320923,0.758423
-0.135620,0.169678,1.024658
0.353149,-0.384644,0.942993
-0.522949,-0.017944,0.778931
0.436401,-0.161377,1.107300
-0.152710,-0.318481,0.768555
-0.230591,0.192139,0.990723
0.392578,-0.356323,0.962524
-0.538574,-0.035400,0.770630
0.395630,-0.151611,1.099365
-0.119751,-0.332520,0.780762
-0.283203,0.168945,0.944946
0.419800,-0.318359,0.996094
-0.540771,-0.037476,0.743042
0.326782,-0.105713,1.082520
-0.034058,-0.395386,0.811035
-0.364380,0.186401,0.921753
0.432983,-0.316284,1.001831
-0.513306,-0.085083,0.729492
0.242188,-0.039062,1.062988
0.047363,-0.384277,0.842041
-0.446411,0.182617,0.888672
0.448608,-0.284546,1.017578
-0.474854,-0.149170,0.713257
0.150269,0.042969,1.048218
0.117798,-0.401245,0.849609
-0.499512,0.171387,0.876587
0.451172,-0.261353,1.025757
-0.415283,-0.212280,0.731689
0.061157,0.079346,1.035034
0.168213,-0.419434,0.848633
-0.540894,0.103638,0.817139
0.471558,-0.247314,1.041016
-0.297607,-0.237549,0.755981
-0.041870,0.137329,1.019897
0.217407,-0.379883,0.872925
-0.546265,0.037231,0.780884
0.452393,-0.212158,1.058716
-0.246094,-0.321289,0.729248
-0.127808,0.143433,0.987915
0.295898,-0.375122,0.908325
-0.572998,0.027344,0.753296
0.416748,-0.198975,1.050171
-0.195557,-0.355347,0.714844
-0.210083,0.169800,0.968506
0.340698,-0.351440,0.928223
-0.581787,0.010498,0.745239
0.370239,-0.162354,1.042725
-0.147461,-0.352051,0.747925
-0.299683,0.157959,0.911865
0.370850,-0.359131,0.940186
-0.560059,-0.038574,0.732422
0.297729,-0.097046,1.040894
-0.090210,-0.372314,0.768066
-0.384033,0.179688,0.885254
0.388916,-0.312866,0.962402
-0.536255,-0.099365,0.709839
0.212036,-0.052246,1.031372
-0.010620,-0.408081,0.797363
-0.470581,0.201294,0.865479
0.427856,-0.302246,0.982178
-0.513794,-0.081421,0.735596
0.090454,0.063843,1.009521
0.089966,-0.411255,0.829468
-0.504639,0.147827,0.842651
0.425781,-0.253662,0.998413
-0.440552,-0.127441,0.725464
0.023315,0.136230,1.015015
0.158813,-0.400879,0.834717
-0.546875,0.102539,0.821899
0.424438,-0.227539,1.003296
-0.323975,-0.241333,0.720581
-0.058350,0.158813,0.970703
0.205688,-0.367065,0.855957
-0.583374,0.071289,0.778442
0.439941,-0.251465,1.020264
-0.250488,-0.323730,0.704956
-0.148804,0.168335,0.939209
0.258667,-0.352661,0.875977
-0.580566,0.042603,0.761353
0.416870,-0.224976,1.029297
-0.202393,-0.366211,0.704834
-0.230469,0.169189,0.912354
0.305542,-0.347900,0.894653
-0.585449,0.041748,0.744751
0.393311,-0.188599,1.032959
-0.164795,-0.377563,0.721191
-0.301880,0.182129,0.894043
0.353149,-0.364746,0.909302
-0.591064,0.029541,0.732544
0.343872,-0.120361,1.033325
-0.128540,-0.367798,0.738037
-0.344971,0.196045,0.893433
0.373413,-0.365967,0.919800
-0.582397,-0.003418,0.709473
0.302490,-0.093140,1.022583
-0.092651,-0.379272,0.746704
-0.390991,0.209473,0.874268
0.377686,-0.314087,0.929199
-0.558105,-0.059814,0.694092
0.242188,-0.050415,1.016357
-0.039917,-0.416138,0.756348
-0.442749,0.220825,0.876465
0.412598,-0.300903,0.960205
-0.551636,-0.073120,0.696045
0.149902,0.008911,0.998169
0.025757,-0.429810,0.796265
-0.487671,0.203491,0.852539
0.410767,-0.247192,0.974609
-0.496948,-0.072876,0.721069
0.087646,0.081787,1.011719
0.075562,-0.442749,0.794556
-0.525146,0.168701,0.835083
0.430908,-0.231201,1.000000
-0.438354,-0.098511,0.722534
0.009033,0.160645,1.010620
0.159424,-0.408936,0.841064
-0.570923,0.137573,0.795410
0.433960,-0.209229,1.002197
-0.342407,-0.182983,0.733521
-0.046021,0.179443,0.996948
0.229248,-0.409668,0.852173
-0.594971,0.125122,0.786011
0.388794,-0.178955,1.041260
-0.247925,-0.277710,0.719727
-0.256470,0.166016,0.930542
0.328003,-0.345703,0.920532
-0.588013,0.011963,0.736450
0.339478,-0.133911,1.032715
-0.167236,-0.358398,0.719238
-0.331421,0.172485,0.902588
0.363892,-0.325806,0.932251
-0.581787,-0.016357,0.702881
0.252686,-0.074463,1.009033
-0.050781,-0.404175,0.770386
-0.427368,0.176636,0.878540
0.398438,-0.308472,0.966553
-0.537231,-0.067261,0.703735
0.141235,0.030884,0.993286
0.019165,-0.382812,0.797241
-0.492920,0.178711,0.850098
0.436035,-0.296997,0.985352
-0.483276,-0.087524,0.731689
0.062134,0.121216,1.007080
0.097534,-0.404175,0.808472
-0.541626,0.167236,0.829712
0.429932,-0.257324,0.995850
-0.382446,-0.185547,0.739258
0.002563,0.151245,1.006226
0.150269,-0.405762,0.832397
-0.584839,0.136230,0.797363
0.447510,-0.250366,1.007324
-0.324219,-0.232910,0.721436
-0.057495,0.160278,0.979370
0.212158,-0.399658,0.842773
-0.600220,0.134521,0.783325
0.433838,-0.188354,1.020020
-0.247681,-0.279785,0.733398
-0.135620,0.180298,0.975708
0.260132,-0.394775,0.865723
-0.605225,0.121216,0.751099
0.413086,-0.178345,1.013062
-0.195068,-0.332275,0.720581
-0.190674,0.176270,0.945801
0.309448,-0.359863,0.882446
-0.596558,0.090576,0.734375
0.374023,-0.127808,1.014771
-0.148926,-0.340698,0.734863
-0.261963,0.173584,0.909790
0.350098,-0.356812,0.911255
-0.605225,0.070068,0.730591
0.323242,-0.097534,1.000977
-0.113403,-0.360840,0.737061
-0.313110,0.176392,0.891357
0.390625,-0.357178,0.920288
-0.594360,0.038452,0.716919
0.257202,-0.051758,0.981079
-0.061890,-0.357056,0.758179
-0.379272,0.187744,0.877930
0.402832,-0.310669,0.952881
-0.544922,-0.057617,0.709839
0.190552,0.006958,0.989624
-0.029785,-0.398560,0.746460
-0.439209,0.217285,0.866333
0.437500,-0.295532,0.967529
-0.514771,-0.069702,0.728394
0.111450,0.056396,1.001221
0.048828,-0.419800,0.778931
-0.505737,0.208374,0.825562
0.429932,-0.251587,0.984985
-0.436279,-0.133179,0.735107
0.076660,0.112671,1.014648
0.111084,-0.387085,0.814331
-0.560791,0.209961,0.813110
0.445435,-0.244995,0.987183
-0.380371,-0.155273,0.730713
0.009888,0.128418,0.995117
0.184937,-0.385986,0.845459
-0.579712,0.171509,0.784424
0.443115,-0.188232,1.006592
-0.300415,-0.209717,0.751709
-0.067139,0.161011,0.993408
0.222412,-0.429810,0.840088
-0.601929,0.149048,0.773193
0.454102,-0.170898,1.029663
-0.223633,-0.243774,0.748901
-0.145020,0.209595,0.974609
0.296509,-0.418701,0.864624
-0.610962,0.143799,0.761475
0.416260,-0.155396,1.006348
-0.139282,-0.307129,0.751343
-0.197998,0.215942,0.944946
0.324951,-0.345337,0.890259
-0.601074,0.074707,0.751831
0.389282,-0.149658,1.018555
-0.100098,-0.374390,0.733398
-0.261597,0.205200,0.907593
0.385986,-0.345703,0.912964
-0.584595,0.036377,0.720215
0.305054,-0.068481,0.999146
-0.039429,-0.411621,0.733398
-0.309570,0.187378,0.879395
0.400513,-0.303101,0.938477
-0.563354,-0.000854,0.713501
0.212769,-0.029419,0.972168
0.010010,-0.435913,0.755249
-0.374634,0.188354,0.871582
0.420898,-0.278320,0.951904
-0.541138,-0.023315,0.714844
0.149292,0.038086,0.997559
0.054321,-0.437744,0.779785
-0.441040,0.174316,0.848267
0.449097,-0.250977,0.978760
-0.469604,-0.041138,0.754639
0.066528,0.137817,1.001953
0.119995,-0.419312,0.810425
-0.498535,0.123169,0.810181
0.440186,-0.231934,0.991211
-0.396240,-0.113892,0.750854
0.025879,0.173828,1.010498
0.193115,-0.403442,0.831787
-0.556274,0.139282,0.788086
0.458130,-0.223999,1.005249
-0.283447,-0.206543,0.757446
-0.063232,0.201050,0.980347
0.245728,-0.370239,0.868042
-0.573975,0.086182,0.768188
0.454834,-0.203369,1.027100
-0.188354,-0.282959,0.772705
-0.146729,0.226318,0.965576
0.301758,-0.378296,0.884888
-0.581787,0.074097,0.766113
0.422119,-0.162598,1.026733
-0.104614,-0.340210,0.772705
-0.206299,0.216919,0.929077
0.348511,-0.341553,0.909668
-0.586426,0.058838,0.744019
0.371582,-0.148438,1.014648
-0.029297,-0.431152,0.768677
-0.278809,0.197632,0.887207
0.384888,-0.300903,0.922974
-0.549194,0.001587,0.728882
0.281128,-0.054810,1.000244
0.019165,-0.447510,0.763428
-0.334106,0.137695,0.853027
0.421143,-0.302734,0.947876
-0.529907,-0.012695,0.733765
0.187500,0.015503,1.002075
0.078247,-0.456543,0.775635
-0.424561,0.159546,0.830322
0.434204,-0.267578,0.959106
-0.440430,-0.079590,0.759277
0.085938,0.117920,1.012817
0.122559,-0.427734,0.808838
-0.516479,0.123779,0.782471
0.461182,-0.247437,1.005493
-0.344116,-0.164062,0.758667
-0.006592,0.194702,1.017212
0.200684,-0.398315,0.841187
-0.549561,0.073486,0.752563
0.463379,-0.260742,1.009766
-0.255859,-0.240601,0.775391
-0.078735,0.198242,0.988159
0.270630,-0.371582,0.874878
-0.588867,0.070435,0.744751
0.433838,-0.225708,1.013428
-0.113159,-0.337280,0.804077
-0.156372,0.184082,0.956787
0.324341,-0.348999,0.901978
-0.572266,0.104492,0.761230
0.376343,-0.143433,1.002441
-0.030273,-0.385742,0.802979
-0.237793,0.161621,0.927856
0.384033,-0.378784,0.931885
-0.561646,0.022949,0.735840
0.314453,-0.067139,0.999268
-0.000244,-0.422119,0.758911
-0.282104,0.158203,0.894409
0.420654,-0.353394,0.948486
-0.528320,-0.020386,0.749023
0.249756,-0.048950,0.979492
0.033447,-0.437256,0.760254
-0.351929,0.126099,0.847412
0.461304,-0.338989,0.979614
-0.506226,-0.081909,0.752075
0.183472,-0.001221,1.000488
0.073975,-0.454346,0.761719
-0.407471,0.135132,0.821655
0.464233,-0.313965,0.980469
-0.455078,-0.116699,0.757690
0.117554,0.039673,1.000732
0.134033,-0.469238,0.799683
-0.462158,0.103760,0.784424
0.465820,-0.269653,0.984497
-0.409424,-0.166748,0.739136
0.062256,0.069580,1.005371
0.203857,-0.481689,0.821899
-0.511230,0.101562,0.760620
0.472412,-0.271118,0.994995
-0.300171,-0.189087,0.790039
-0.041016,0.149170,1.003784
0.242676,-0.445190,0.864990
-0.537842,0.025757,0.735474
0.473267,-0.279907,1.016846
-0.214966,-0.247681,0.793457
-0.121948,0.206177,0.994873
0.302856,-0.414917,0.896973
-0.550049,0.015015,0.753662
0.432129,-0.220947,1.030762
-0.087524,-0.318848,0.824585
-0.176392,0.188843,0.976074
0.337280,-0.376343,0.916626
-0.550415,0.015137,0.741821
0.385620,-0.185791,1.020874
-0.009888,-0.411377,0.822144
-0.211914,0.160278,0.947510
0.384766,-0.332397,0.950928
-0.518066,-0.015869,0.733521
0.306519,-0.068970,1.016724
0.045288,-0.411621,0.828613
-0.274170,0.106812,0.914795
0.437134,-0.381470,0.974121
-0.491577,-0.090576,0.728882
0.226807,0.040161,1.031250
0.074341,-0.402710,0.803345
-0.334961,0.130615,0.893921
0.485229,-0.393677,0.991699
-0.451294,-0.121338,0.752686
0.169067,0.064087,1.026245
0.077393,-0.376709,0.795776
-0.370483,0.097290,0.854736
0.514893,-0.385620,1.012329
-0.433594,-0.156616,0.769897
0.126343,0.028687,1.008789
0.145264,-0.452026,0.812134
-0.433838,0.125244,0.825317
0.509033,-0.324585,1.015625
-0.354736,-0.186768,0.797729
0.079712,0.068481,1.023315
0.184448,-0.469482,0.831787
-0.440674,0.072632,0.795166
0.503418,-0.278320,1.030518
-0.325928,-0.170044,0.797852
0.031616,0.089966,1.030151
0.250977,-0.509033,0.849487
-0.456909,0.026001,0.772461
0.489624,-0.231812,1.040405
-0.275146,-0.163208,0.814453
-0.024780,0.147827,1.028931
0.305176,-0.493652,0.884033
-0.499268,0.030396,0.769409
0.477417,-0.220703,1.067017
-0.187378,-0.238037,0.841675
-0.084106,0.166626,1.014404
0.330933,-0.434204,0.918457
-0.513916,0.030151,0.782471
0.456909,-0.211548,1.067383
-0.089233,-0.309326,0.842041
-0.137939,0.213867,1.041748
0.386597,-0.421265,0.945679
-0.524048,0.015625,0.769409
0.417969,-0.157715,1.072876
-0.024780,-0.367920,0.824829
-0.163086,0.196533,1.021362
0.427856,-0.362305,0.988770
-0.505493,-0.033325,0.767090
0.373901,-0.147461,1.046387
0.049683,-0.432617,0.832520
-0.208618,0.145630,0.984375
0.471802,-0.361206,1.013794
-0.470581,-0.049561,0.771484
0.302612,-0.049438,1.065308
0.092163,-0.440796,0.854248
-0.262573,0.147705,0.968994
0.500244,-0.348511,1.032715
-0.436035,-0.108398,0.773682
0.259888,-0.003906,1.069092
0.099487,-0.418091,0.853638
-0.307861,0.100464,0.915161
0.531128,-0.317871,1.080811
-0.416382,-0.158936,0.770508
0.187134,0.059570,1.080444
0.183105,-0.458862,0.874878
-0.361084,0.114136,0.898926
0.545166,-0.308228,1.081055
-0.354370,-0.182617,0.795410
0.133667,0.104370,1.052612
0.242188,-0.457275,0.895386
-0.388428,0.042236,0.853027
0.537109,-0.274536,1.096313
-0.308472,-0.206055,0.806152
0.091309,0.119995,1.063965
0.299805,-0.456177,0.917969
-0.421387,0.060669,0.842896
0.539795,-0.246338,1.104004
-0.256470,-0.225342,0.824829
0.028076,0.139038,1.063110
0.345581,-0.445923,0.947266
-0.448608,0.053223,0.823486
0.507080,-0.158203,1.124634
-0.171143,-0.246948,0.844849
-0.031128,0.177856,1.078125
0.392090,-0.421875,0.984619
-0.476318,0.027100,0.818970
0.485840,-0.139526,1.122314
-0.054321,-0.276367,0.881592
-0.119873,0.212402,1.064941
0.441772,-0.383301,1.019043
-0.465088,-0.061890,0.797485
0.423828,-0.089722,1.118530
0.063599,-0.372803,0.885254
-0.172607,0.225220,1.060303
0.479248,-0.310669,1.051636
-0.432617,-0.090210,0.800049
0.370239,-0.071899,1.116333
0.095825,-0.398804,0.894531
-0.252563,0.181763,0.995605
0.543213,-0.293701,1.095703
-0.391357,-0.104370,0.810791
0.260132,0.009888,1.093018
0.171997,-0.421631,0.915771
-0.305420,0.081299,0.934814
0.570557,-0.252197,1.137573
-0.346313,-0.152710,0.804199
0.182983,0.127808,1.105835
0.271240,-0.451294,0.922363
-0.393921,0.052124,0.890381
0.572021,-0.276855,1.135620
-0.241089,-0.283813,0.818359
0.077026,0.176514,1.102295
0.336182,-0.400513,0.967896
-0.447510,0.067993,0.855469
0.563110,-0.272461,1.138794
-0.164795,-0.314575,0.872192
-0.002319,0.139648,1.057861
0.398438,-0.364990,1.011108
-0.464600,0.071777,0.833130
0.506470,-0.169067,1.138062
-0.037964,-0.349609,0.908203
-0.068726,0.167236,1.080688
0.449707,-0.355835,1.043457
-0.451538,0.027466,0.830811
0.470703,-0.097412,1.155518
0.047119,-0.383667,0.895752
-0.137695,0.197998,1.077881
0.490234,-0.336182,1.077026
-0.421875,-0.071777,0.827881
0.431396,-0.056030,1.167603
0.052734,-0.350220,0.898560
-0.215088,0.194458,1.024780
0.528809,-0.282837,1.116211
-0.396484,-0.097290,0.827637
0.357544,-0.008057,1.151978
0.130005,-0.378052,0.918579
-0.266479,0.210571,1.011230
0.545532,-0.265137,1.112671
-0.384033,-0.121948,0.819702
0.292480,0.000610,1.126221
0.189575,-0.425293,0.936279
-0.319458,0.093384,0.936401
0.587036,-0.242310,1.168335
-0.304077,-0.183716,0.832031
0.177612,0.135010,1.124146
0.272095,-0.440186,0.955078
-0.371094,0.045288,0.902466
0.575439,-0.227539,1.163086
-0.247803,-0.226562,0.850830
0.102173,0.182617,1.114746
0.326904,-0.395630,0.967163
-0.435303,0.051025,0.876587
0.573486,-0.237671,1.177368
-0.133789,-0.333496,0.888428
0.027344,0.198608,1.123047
0.339722,-0.326294,0.987549
-0.452515,0.052856,0.859741
0.564575,-0.238892,1.157959
-0.064819,-0.357788,0.889893
-0.041138,0.197998,1.116577
0.398071,-0.340332,1.009888
-0.469482,0.038208,0.841187
0.542236,-0.174561,1.170776
-0.014771,-0.395752,0.890747
-0.074219,0.154785,1.083862
0.426514,-0.350708,1.021606
-0.455200,0.036255,0.833008
0.510620,-0.113281,1.184082
-0.007080,-0.361816,0.885498
-0.121704,0.188721,1.065308
0.443237,-0.327515,1.041626
-0.450928,-0.024170,0.830811
0.488159,-0.117188,1.169678
-0.006226,-0.339111,0.879272
-0.162109,0.216553,1.074829
0.479736,-0.303101,1.061646
-0.452026,-0.040527,0.812500
0.439575,-0.077759,1.165405
0.032959,-0.347412,0.898560
-0.211060,0.203491,1.045166
0.506348,-0.289551,1.090698
-0.450684,-0.040894,0.814453
0.387085,-0.056885,1.154053
0.069946,-0.363159,0.900391
-0.255127,0.210327,1.030640
0.522705,-0.273560,1.106323
-0.416504,-0.106445,0.801758
0.322388,-0.018188,1.149048
0.109497,-0.388672,0.901123
-0.299927,0.153198,0.980957
0.565552,-0.274170,1.121460
-0.381836,-0.144897,0.805664
0.220825,0.050781,1.131348
0.194824,-0.416504,0.922485
-0.357300,0.129517,0.927612
0.559814,-0.222534,1.135620
-0.317627,-0.194336,0.809570
0.143799,0.076538,1.094482
0.255005,-0.404541,0.936279
-0.406982,0.079590,0.883667
0.563232,-0.211548,1.141357
-0.253052,-0.238525,0.831543
0.035034,0.148926,1.081055
0.302246,-0.376953,0.955688
-0.431396,0.019653,0.870728
0.552246,-0.217896,1.146118
-0.146606,-0.275879,0.849487
-0.046143,0.160767,1.050659
0.357056,-0.354980,0.982788
-0.455444,-0.009155,0.827026
0.501831,-0.185669,1.135864
-0.092285,-0.322021,0.835571
-0.115356,0.168579,1.040649
0.414429,-0.338135,1.006958
-0.486572,-0.017334,0.800171
0.451660,-0.115845,1.148682
-0.058594,-0.331665,0.846313
-0.213867,0.177612,1.017456
0.459106,-0.309937,1.047974
-0.469604,-0.081055,0.783813
0.375122,-0.039917,1.149170
0.001221,-0.333008,0.854370
-0.291992,0.191162,0.983276
0.495728,-0.311401,1.057373
-0.435303,-0.121094,0.785889
0.285156,-0.021118,1.122925
0.092285,-0.383911,0.866089
-0.370361,0.160767,0.919556
0.509399,-0.269409,1.074097
-0.391602,-0.154297,0.776733
0.186035,0.047852,1.098267
0.173218,-0.405273,0.894409
-0.440674,0.135620,0.890991
0.521240,-0.261230,1.087402
-0.336914,-0.213623,0.793579
0.080811,0.094971,1.064087
0.223145,-0.368774,0.911987
-0.452271,0.067261,0.839844
0.511108,-0.208618,1.103638
-0.223999,-0.302856,0.791504
-0.022583,0.147339,1.049561
0.288208,-0.374756,0.920654
-0.481323,0.008789,0.798462
0.491333,-0.191162,1.106567
-0.175293,-0.328369,0.771240
-0.094849,0.139404,1.017212
0.343018,-0.366455,0.946533
-0.504272,0.000732,0.775391
0.460327,-0.140503,1.117920
-0.141113,-0.304443,0.791382
-0.200806,0.173096,1.003418
0.394531,-0.382080,0.977051
-0.520508,-0.029053,0.771484
0.401123,-0.105469,1.112793
-0.084961,-0.323242,0.808716
-0.303467,0.201416,0.967529
0.454590,-0.342163,1.014893
-0.509399,-0.076294,0.755127
0.301514,-0.082153,1.089355
-0.005249,-0.366577,0.827148
-0.386841,0.189819,0.918457
0.464478,-0.303101,1.033081
-0.454346,-0.127686,0.751465
0.195923,-0.014404,1.062012
0.077026,-0.392822,0.853516
-0.446655,0.134766,0.860352
0.500488,-0.255005,1.070068
-0.396729,-0.172974,0.782715
0.065063,0.111450,1.069824
0.165649,-0.409058,0.866577
-0.507690,0.079590,0.824219
0.500244,-0.269775,1.051758
-0.269653,-0.286133,0.760498
-0.029907,0.144531,1.025757
0.239380,-0.329834,0.893188
-0.529419,0.038818,0.794556
0.453857,-0.247314,1.057007
-0.214722,-0.378540,0.728760
-0.108154,0.105713,0.989502
0.298706,-0.338623,0.906250
-0.561157,0.078613,0.754272
0.401978,-0.160034,1.062622
-0.146484,-0.363525,0.777222
-0.224365,0.123535,0.973511
0.349854,-0.360107,0.953491
-0.549683,0.006470,0.744141
0.312012,-0.047729,1.062622
-0.127319,-0.302979,0.788940
-0.288818,0.150635,0.963501
0.423828,-0.369629,0.987061
-0.554688,-0.007202,0.736206
0.266113,-0.023560,1.060303
-0.055298,-0.335083,0.789062
-0.398926,0.180054,0.894287
0.442993,-0.354370,0.992432
-0.498901,-0.121216,0.724365
0.198364,0.018799,1.049316
0.010132,-0.377197,0.792480
-0.476807,0.205566,0.876221
0.461548,-0.304199,1.015259
-0.490601,-0.145630,0.732178
0.112305,0.023560,1.026855
0.100342,-0.436768,0.817383
-0.510376,0.173462,0.839355
0.434082,-0.241577,1.014893
-0.392944,-0.170776,0.757935
0.026733,0.079346,1.017700
0.173462,-0.432739,0.845825
-0.539917,0.128662,0.813354
0.431763,-0.209839,1.012329
-0.322632,-0.234253,0.733521
-0.043457,0.099854,0.991211
0.232300,-0.424072,0.875000
-0.572632,0.075195,0.779419
0.421997,-0.195312,1.033691
-0.247925,-0.309326,0.708008
-0.148804,0.147095,0.975342
0.293091,-0.390503,0.895264
-0.576294,0.017334,0.758179
0.386719,-0.157471,1.041626
-0.192017,-0.336792,0.721313
-0.261230,0.176392,0.940308
0.338013,-0.376099,0.913696
-0.572388,-0.018677,0.744141
0.338013,-0.124756,1.040771
-0.138062,-0.365723,0.727417
-0.338379,0.197632,0.897339
0.376831,-0.343506,0.935669
-0.569214,-0.040894,0.719604
0.262207,-0.089600,1.029175
-0.071777,-0.390991,0.772949
-0.425293,0.198853,0.889526
0.412476,-0.303955,0.971558
-0.538086,-0.067871,0.707275
0.153442,0.014771,1.022339
0.023682,-0.409180,0.806030
-0.501221,0.176636,0.854858
0.423218,-0.266846,0.992432
-0.461426,-0.136475,0.714111
0.067139,0.100586,1.022705
0.115601,-0.420898,0.814575
-0.561157,0.166626,0.829224
0.419434,-0.225586,1.000610
-0.347534,-0.229004,0.724121
-0.026489,0.164185,1.008179
0.190430,-0.403320,0.848633
-0.583984,0.131958,0.795166
0.419189,-0.200928,1.007568
-0.279663,-0.290039,0.702393
-0.099365,0.176636,0.986328
0.256836,-0.390137,0.874268
-0.605347,0.104858,0.776489
0.407471,-0.198120,1.018555
-0.214722,-0.364624,0.689819
-0.190308,0.168823,0.954102
0.317749,-0.366455,0.890137
-0.590332,0.071533,0.764771
0.359375,-0.164062,1.010864
-0.156738,-0.395142,0.713013
-0.249146,0.152832,0.918213
0.331177,-0.330200,0.908691
-0.602173,0.053833,0.726807
0.326660,-0.121948,1.011719
-0.099609,-0.385742,0.751831
-0.355835,0.180054,0.890991
0.368774,-0.329468,0.924438
-0.570557,0.010742,0.709473
0.238770,-0.022827,0.987915
-0.043091,-0.391724,0.751465
-0.424438,0.184814,0.870239
0.425049,-0.332764,0.945435
-0.562012,-0.037109,0.693481
0.156860,0.067993,1.005127
0.015625,-0.380249,0.768555
-0.489624,0.182495,0.860107
0.437988,-0.299561,0.974854
-0.472290,-0.120483,0.718750
0.087769,0.140137,1.019897
0.063110,-0.355469,0.791626
-0.546631,0.197876,0.830444
0.467773,-0.304321,0.981812
-0.409790,-0.175537,0.726807
0.008179,0.163330,1.006592
0.148193,-0.382690,0.831665
-0.576904,0.182129,0.822388
0.430786,-0.233032,0.997803
-0.331665,-0.216919,0.724487
-0.033447,0.162354,0.990356
0.228760,-0.392456,0.860474
-0.624146,0.155884,0.762207
0.453125,-0.242554,0.989502
-0.232422,-0.251709,0.760742
-0.110596,0.197510,0.972534
0.246582,-0.354614,0.865112
-0.616089,0.144165,0.751953
0.432983,-0.200317,1.019897
-0.190674,-0.343750,0.728516
-0.154175,0.165405,0.956421
0.288940,-0.357422,0.871826
-0.617310,0.127197,0.747070
0.414062,-0.153320,1.015015
-0.114746,-0.324219,0.762817
-0.239502,0.202515,0.932251
0.330688,-0.348511,0.896973
-0.610718,0.055542,0.721558
0.365601,-0.122070,1.006958
-0.084473,-0.357544,0.745361
-0.299683,0.210693,0.905640
0.392334,-0.340454,0.925903
-0.593140,0.023804,0.707764
0.274414,-0.067627,1.000000
-0.041138,-0.436768,0.727783
-0.340576,0.192749,0.879395
0.403931,-0.286377,0.939209
-0.562378,-0.001831,0.716553
0.196167,0.002075,0.994141
0.019653,-0.434692,0.755981
-0.421875,0.181152,0.845703
0.414551,-0.242065,0.972534
-0.487549,-0.073853,0.728149
0.133423,0.083496,1.019165
0.060791,-0.386597,0.794922
-0.503296,0.187744,0.817017
0.453125,-0.270508,0.974365
-0.393677,-0.121338,0.748169
0.048706,0.155762,1.002441
0.129761,-0.366455,0.822998
-0.549561,0.159790,0.781616
0.452515,-0.225830,1.007935
-0.338867,-0.179565,0.744873
-0.001709,0.180664,1.023560
0.217041,-0.409180,0.852661
-0.594238,0.164795,0.770996
0.439575,-0.183716,1.010132
-0.247070,-0.236816,0.761841
-0.077271,0.184326,0.995850
0.269165,-0.394531,0.882446
-0.588745,0.146118,0.772095
0.417969,-0.139526,1.008179
-0.175049,-0.287720,0.754639
-0.153198,0.187378,0.949341
0.325562,-0.409180,0.898560
-0.587402,0.085327,0.771362
0.387207,-0.097778,1.019287
-0.126587,-0.308594,0.741943
-0.219604,0.210938,0.912842
0.374878,-0.354614,0.930664
-0.560669,0.026001,0.755981
0.347412,-0.091675,1.022705
-0.085083,-0.375366,0.726440
-0.269897,0.218994,0.891968
0.398804,-0.319458,0.931152
-0.553101,0.008301,0.742065
0.308960,-0.098999,0.987061
-0.032715,-0.421387,0.738770
-0.322021,0.173462,0.863159
0.409302,-0.290527,0.939453
-0.532349,-0.011230,0.739990
0.239746,-0.011597,0.998413
0.014038,-0.422241,0.761597
-0.375977,0.127808,0.831787
0.435425,-0.293945,0.965454
-0.515991,-0.012329,0.727539
0.167480,0.053101,1.002930
0.075562,-0.427002,0.779663
-0.570679,0.194092,0.814941
0.448608,-0.226440,1.008545
-0.468994,-0.084473,0.750854
-0.037842,0.171997,0.983398
0.212402,-0.396240,0.847046
-0.588257,0.136475,0.786377
0.449951,-0.193604,1.016602
-0.255981,-0.242432,0.743164
-0.100952,0.196289,0.969849
0.260864,-0.375000,0.869629
-0.589111,0.122192,0.774780
0.432617,-0.161011,1.030151
-0.199951,-0.277222,0.741943
-0.153076,0.193848,0.952637
0.308105,-0.360107,0.892456
-0.606445,0.107178,0.746704
0.400391,-0.158936,1.021851
-0.125732,-0.345337,0.749512
-0.199707,0.193359,0.937866
0.342163,-0.339478,0.899170
-0.604492,0.129883,0.750122
0.359497,-0.103027,1.020386
-0.078979,-0.385498,0.744263
-0.254883,0.191406,0.893677
0.362915,-0.308838,0.915039
-0.573242,0.060059,0.736938
0.307007,-0.080688,0.984985
-0.043945,-0.426758,0.752197
-0.323486,0.154175,0.860474
0.410400,-0.278687,0.951660
-0.543213,0.022095,0.723511
0.232544,0.021729,0.995728
-0.000366,-0.384277,0.766479
-0.372070,0.135376,0.849731
0.433228,-0.294800,0.959839
-0.511475,-0.025391,0.740356
0.154785,0.064087,0.998169
0.056030,-0.416016,0.780762
-0.448975,0.164795,0.829712
0.438843,-0.245361,0.974731
-0.455811,-0.074707,0.744629
0.115723,0.095215,1.025757
0.085938,-0.405273,0.803223
-0.508911,0.160278,0.810547
0.451538,-0.230835,0.976929
-0.386108,-0.124146,0.755127
0.045776,0.136353,1.015381
0.156860,-0.412354,0.817383
-0.547119,0.172852,0.785889
0.445312,-0.210449,0.995483
-0.323853,-0.167847,0.764282
-0.014771,0.157959,1.001587
0.226685,-0.413330,0.858154
-0.568604,0.131470,0.773438
0.443359,-0.192871,1.004639
-0.240845,-0.234863,0.755493
-0.105103,0.202637,0.973877
0.297485,-0.400757,0.877686
-0.570190,0.075195,0.760742
0.432373,-0.177612,1.024536
-0.145508,-0.262329,0.782349
-0.191528,0.222900,0.935059
0.346191,-0.360229,0.897583
-0.567383,0.045410,0.782593
0.385864,-0.153198,1.020386
-0.068970,-0.376099,0.763794
-0.269409,0.209473,0.897339
0.385864,-0.348511,0.921753
-0.533325,-0.003540,0.761963
0.310669,-0.094116,0.997925
-0.014648,-0.408447,0.763672
-0.339233,0.182739,0.845459
0.419067,-0.305664,0.945557
-0.519775,-0.032959,0.746704
0.222900,-0.045532,0.984009
0.041748,-0.439941,0.767456
-0.395508,0.145508,0.827515
0.440186,-0.280151,0.966431
-0.475464,-0.048706,0.748901
0.136230,0.068237,1.001709
0.099365,-0.426147,0.795166
-0.466431,0.119141,0.802734
0.449707,-0.266113,0.989014
-0.401489,-0.139526,0.743286
0.048706,0.179443,1.029297
0.163452,-0.427124,0.816040
-0.525146,0.114502,0.784180
0.460938,-0.270630,0.999268
-0.328613,-0.148193,0.783813
-0.025391,0.202393,1.006348
0.228149,-0.402832,0.855469
-0.551758,0.058228,0.754761
0.448242,-0.222168,1.015015
-0.242432,-0.248169,0.758423
-0.088989,0.203491,0.985840
0.286621,-0.385132,0.891235
-0.555908,0.071899,0.768066
0.425171,-0.229736,1.004761
-0.164795,-0.333374,0.770020
-0.141357,0.165649,0.966187
0.348022,-0.391968,0.911377
-0.568237,0.074707,0.752441
0.385254,-0.154541,1.011108
-0.070312,-0.363525,0.775635
-0.207520,0.171631,0.938232
0.379272,-0.386841,0.927612
-0.562988,0.020508,0.757568
0.349121,-0.128662,0.996948
-0.008057,-0.418213,0.769653
-0.287231,0.170166,0.886230
0.411499,-0.338867,0.961670
-0.515991,-0.089233,0.733643
0.264404,-0.058960,0.996216
0.036255,-0.427368,0.769409
-0.337646,0.135742,0.849731
0.437012,-0.331421,0.962891
-0.489258,-0.117188,0.742554
0.186890,-0.030640,0.993042
0.088867,-0.480713,0.776611
-0.410767,0.130615,0.817627
0.473511,-0.289795,0.990112
-0.446289,-0.088501,0.754272
0.080444,0.045654,0.985229
0.155640,-0.481079,0.814209
-0.457520,0.061890,0.787231
0.475098,-0.260864,1.011353
-0.380371,-0.143677,0.757690
0.010498,0.139771,1.013916
0.237671,-0.479614,0.844116
-0.512573,0.040771,0.754028
0.475342,-0.257690,1.018311
-0.270020,-0.223511,0.780029
-0.078125,0.203125,1.003418
0.288696,-0.426392,0.874878
-0.536621,0.025391,0.754639
0.439697,-0.229492,1.036011
-0.152954,-0.288452,0.797119
-0.157227,0.203735,0.977905
0.332031,-0.413452,0.907837
-0.546387,0.029175,0.770996
0.400391,-0.206055,1.010498
-0.055908,-0.360229,0.823242
-0.179810,0.156982,0.961426
0.373657,-0.334717,0.943726
-0.552734,0.043335,0.751953
0.343750,-0.137573,1.009888
0.030518,-0.414429,0.818970
-0.224731,0.106934,0.929688
0.411499,-0.373047,0.961792
-0.546631,-0.020630,0.716431
0.291870,-0.095459,0.992188
0.063965,-0.428223,0.804077
-0.295898,0.145508,0.908691
0.454956,-0.375488,0.984619
-0.498413,-0.079956,0.745239
0.236694,-0.039062,1.002686
0.096558,-0.476440,0.796753
-0.333862,0.128662,0.889038
0.471069,-0.326294,0.999634
-0.467285,-0.100830,0.752319
0.171143,0.027954,1.013916
0.126221,-0.457764,0.826782
-0.381226,0.088623,0.855225
0.492188,-0.322510,1.014160
-0.438354,-0.137085,0.754272
0.104004,0.063110,1.011841
0.180420,-0.484375,0.830444
-0.431519,0.072632,0.825562
0.496948,-0.295532,1.023926
-0.373657,-0.165405,0.753540
0.050903,0.095215,1.006714
0.242310,-0.479004,0.853760
-0.457031,0.037964,0.789062
0.490845,-0.254150,1.046509
-0.291016,-0.237671,0.780273
-0.025757,0.132935,1.014893
0.294800,-0.479126,0.882202
-0.492920,0.020874,0.768066
0.473022,-0.228271,1.049316
-0.201416,-0.254639,0.805664
-0.086426,0.189819,1.023804
0.345215,-0.459106,0.914062
-0.504272,0.015015,0.770630
0.431519,-0.173950,1.055176
-0.112793,-0.303101,0.822266
-0.140991,0.180786,1.010986
0.389160,-0.424316,0.949219
-0.502441,-0.009277,0.771729
0.391479,-0.114258,1.055176
-0.015625,-0.357666,0.836426
-0.198975,0.164551,0.983276
0.432251,-0.400513,0.981812
-0.473633,-0.067505,0.778076
0.334106,-0.072144,1.062378
0.062988,-0.415527,0.831665
-0.275146,0.164673,0.941284
0.479736,-0.354858,1.021729
-0.443481,-0.120117,0.771851
0.258789,-0.024658,1.057007
0.095215,-0.427246,0.830444
-0.334351,0.129272,0.908081
0.521484,-0.332153,1.045288
-0.406006,-0.137085,0.775513
0.190674,0.023682,1.059082
0.184570,-0.467529,0.856079
-0.399902,0.099365,0.851440
0.526611,-0.274048,1.074463
-0.341797,-0.207764,0.782104
0.115356,0.061279,1.056519
0.265259,-0.484741,0.885986
-0.453491,0.080933,0.816040
0.500488,-0.245239,1.054443
-0.265259,-0.244751,0.801147
0.024414,0.130615,1.046997
0.342041,-0.464233,0.938110
-0.468384,0.063354,0.812866
0.478882,-0.204224,1.076294
-0.180542,-0.262329,0.837036
-0.057251,0.152344,1.047119
0.406372,-0.429321,0.989990
-0.475708,0.010376,0.797363
0.452637,-0.125854,1.102783
-0.078369,-0.301636,0.853882
-0.132324,0.179932,1.039307
0.439697,-0.403198,1.011597
-0.457397,-0.059692,0.792969
0.419678,-0.093140,1.107422
0.044922,-0.378662,0.865479
-0.222168,0.209106,1.012329
0.488281,-0.380859,1.030762
-0.435181,-0.088013,0.798828
0.346069,-0.052979,1.094604
0.088013,-0.392578,0.872559
-0.267090,0.173462,0.979492
0.521484,-0.319580,1.063477
-0.407837,-0.126099,0.795044
0.268311,0.015381,1.087524
0.157837,-0.410156,0.901245
-0.330078,0.133667,0.942017
0.542725,-0.280029,1.103638
-0.363525,-0.165039,0.796509
0.189941,0.089966,1.091675
0.239624,-0.460571,0.907593
-0.375122,0.103394,0.903809
0.536255,-0.255371,1.098145
-0.312012,-0.227173,0.785034
0.135498,0.103149,1.096191
0.308350,-0.475586,0.926880
-0.424805,0.096313,0.867310
0.534790,-0.224976,1.105225
-0.245850,-0.233154,0.828369
0.077637,0.130493,1.092651
0.342773,-0.459351,0.961182
-0.442139,0.059937,0.839600
0.531128,-0.191895,1.118408
-0.190308,-0.237305,0.856812
0.003174,0.183472,1.095825
0.393921,-0.443848,0.985962
-0.446533,0.049561,0.843994
0.498047,-0.124390,1.134155
-0.128418,-0.253540,0.871338
-0.053833,0.190308,1.074219
0.426025,-0.421753,1.007812
-0.441895,-0.020020,0.838379
0.493774,-0.134521,1.140991
-0.070801,-0.272827,0.886841
-0.105103,0.206177,1.058472
0.466553,-0.373169,1.039062
-0.430054,-0.054077,0.818604
0.458618,-0.095581,1.155273
0.024780,-0.351440,0.898560
-0.166016,0.219604,1.050903
0.503540,-0.343750,1.066162
-0.432861,-0.063721,0.822510
0.425171,-0.073608,1.151978
0.055176,-0.362061,0.891846
-0.198730,0.200806,1.024780
0.526245,-0.308228,1.097412
-0.405640,-0.126465,0.821289
0.377808,-0.031128,1.158691
0.082031,-0.352295,0.900024
-0.267456,0.212402,1.015137
0.563110,-0.304810,1.121338
-0.394043,-0.155640,0.804932
0.323120,-0.008423,1.148193
0.172119,-0.385742,0.940430
-0.328979,0.214966,0.974243
0.552490,-0.263550,1.106812
-0.319824,-0.176025,0.827637
0.257446,0.048340,1.143555
0.206055,-0.431885,0.934937
-0.330566,0.111938,0.930298
0.581421,-0.223267,1.147461
-0.318970,-0.180664,0.821289
0.160889,0.111694,1.124634
0.294800,-0.444824,0.968750
-0.368408,0.086304,0.902832
0.566772,-0.201660,1.152100
-0.258911,-0.223267,0.844360
0.093994,0.119751,1.092407
0.360840,-0.425171,1.004395
-0.417358,0.072510,0.871216
0.559937,-0.181396,1.162598
-0.178833,-0.248535,0.859131
0.007568,0.208252,1.102173
0.406982,-0.419922,1.007690
-0.431641,0.022949,0.865967
0.536621,-0.152466,1.176147
-0.093018,-0.265137,0.883179
-0.056030,0.228638,1.107544
0.432251,-0.363281,1.029785
-0.446899,-0.016113,0.852905
0.519409,-0.137329,1.177856
0.008301,-0.370239,0.886475
-0.128052,0.235229,1.083740
0.452881,-0.324097,1.047729
-0.443848,-0.045532,0.831665
0.488525,-0.116821,1.185425
0.020874,-0.338135,0.894287
-0.176636,0.240356,1.064575
0.501465,-0.306274,1.086060
-0.445923,-0.068970,0.807129
0.420532,-0.072998,1.176025
0.075684,-0.369019,0.911743
-0.231689,0.234985,1.054077
0.518311,-0.289185,1.096802
-0.429810,-0.086182,0.797852
0.368652,-0.038330,1.157471
0.137573,-0.379883,0.926270
-0.273315,0.201538,1.020508
0.558960,-0.279419,1.115479
-0.397827,-0.102417,0.809448
0.270752,0.013306,1.122559
0.200317,-0.408813,0.948730
-0.311768,0.123413,0.951172
0.557739,-0.239380,1.130615
-0.343262,-0.140015,0.823486
0.187622,0.098389,1.123291
0.254883,-0.421143,0.949707
-0.364990,0.085449,0.925537
0.570435,-0.241943,1.153564
-0.290527,-0.218872,0.823486
0.107788,0.148682,1.116821
0.313477,-0.404297,0.971313
-0.418701,0.077515,0.889404
0.567993,-0.218384,1.155029
-0.217773,-0.251465,0.851685
0.033447,0.175171,1.098389
0.354492,-0.385498,0.992310
-0.426270,0.031128,0.871704
0.552368,-0.179565,1.164307
-0.123901,-0.313354,0.851318
-0.030640,0.170776,1.083130
0.377563,-0.357544,1.000610
-0.436646,-0.022583,0.846069
0.537354,-0.152222,1.174438
-0.070557,-0.336792,0.850586
-0.082764,0.185425,1.064941
0.409668,-0.333496,1.010742
-0.457764,-0.043579,0.824951
0.499023,-0.165039,1.168579
-0.056519,-0.329956,0.864136
-0.151123,0.222412,1.061157
0.451782,-0.305176,1.040161
-0.483643,-0.033081,0.802368
0.447144,-0.133789,1.158813
0.009644,-0.361694,0.883423
-0.234741,0.228027,1.036133
0.481079,-0.282104,1.067993
-0.463745,-0.091064,0.781616
0.362915,-0.077271,1.151367
0.085693,-0.386963,0.903076
-0.314819,0.205933,0.969360
0.521973,-0.272095,1.087036
-0.385620,-0.142578,0.798218
0.242798,-0.004883,1.114014
0.166260,-0.423950,0.907227
-0.374023,0.149170,0.911377
0.522583,-0.229858,1.093994
-0.322510,-0.176514,0.804688
0.144897,0.081055,1.095947
0.227783,-0.382446,0.937256
-0.417358,0.098267,0.886108
0.531494,-0.222534,1.102539
-0.270996,-0.255981,0.806885
0.027954,0.123413,1.070190
0.304688,-0.371704,0.948608
-0.456299,0.039429,0.844360
0.522461,-0.187500,1.136719
-0.141968,-0.312622,0.828735
-0.065918,0.146729,1.055786
0.349609,-0.372070,0.959106
-0.491577,-0.025024,0.789185
0.503906,-0.181274,1.135010
-0.105957,-0.300903,0.827637
-0.163696,0.210571,1.044312
0.407104,-0.328857,1.002930
-0.491089,-0.066406,0.778442
0.418579,-0.105225,1.131714
-0.047119,-0.343628,0.834961
-0.249390,0.202271,1.013916
0.454712,-0.306763,1.031006
-0.489746,-0.053711,0.770752
0.347412,-0.083984,1.117676
0.014038,-0.368042,0.856445
-0.310181,0.142212,0.943115
0.470093,-0.275269,1.061523
-0.444580,-0.129761,0.755493
0.251953,0.024902,1.117065
0.088745,-0.395264,0.867920
-0.373047,0.149048,0.940063
0.491211,-0.311646,1.050903
-0.416870,-0.153687,0.766602
0.167969,0.079712,1.085693
0.142944,-0.393677,0.879028
-0.432861,0.103027,0.878174
0.509521,-0.268555,1.073242
-0.375488,-0.213379,0.759888
0.087524,0.131470,1.077148
0.194824,-0.397705,0.875000
-0.472412,0.071411,0.844482
0.513916,-0.261841,1.091431
-0.290894,-0.296753,0.772217
0.021118,0.134644,1.057129
0.233398,-0.372437,0.886353
-0.502319,0.085205,0.819824
0.508545,-0.250977,1.078369
-0.233276,-0.317505,0.797485
-0.048828,0.116211,1.023071
0.275024,-0.385498,0.902344
-0.515015,0.052490,0.809204
0.483032,-0.219849,1.091675
-0.182739,-0.343628,0.770142
-0.104736,0.132812,1.000732
0.308838,-0.362915,0.914551
-0.537109,0.046265,0.779419
0.458618,-0.219482,1.069580
-0.160522,-0.362915,0.768188
-0.170166,0.141846,0.996582
0.346069,-0.365112,0.950562
-0.562012,0.017944,0.753784
0.418213,-0.178833,1.066772
-0.151855,-0.345215,0.777710
-0.215088,0.149048,0.991211
0.357056,-0.342529,0.965698
-0.576904,0.018555,0.751953
0.397583,-0.153564,1.084473
-0.137695,-0.363770,0.773071
-0.266235,0.180908,0.970947
0.392822,-0.354248,0.971069
-0.562866,-0.031128,0.739380
0.384155,-0.127808,1.088257
-0.122559,-0.323608,0.771606
-0.321411,0.199341,0.932129
0.420532,-0.349243,0.984741
-0.547729,-0.062988,0.742554
0.328979,-0.104370,1.071655
-0.081665,-0.358154,0.780762
-0.350098,0.184082,0.906128
0.421631,-0.325317,0.980713
-0.516479,-0.105103,0.732178
0.272095,-0.085815,1.051636
-0.047241,-0.379883,0.793457
-0.385864,0.190552,0.900513
0.421143,-0.310059,0.978149
-0.515015,-0.102173,0.719360
0.221924,-0.036499,1.052368
-0.005127,-0.385498,0.810913
-0.425903,0.182739,0.888916
0.433960,-0.306396,1.005005
-0.514160,-0.111450,0.725830
0.152222,-0.006348,1.031494
0.050659,-0.391846,0.823730
-0.467041,0.175049,0.881958
0.473511,-0.306396,1.011475
-0.461304,-0.115601,0.758911
0.052979,0.087769,1.017822
0.105347,-0.405640,0.832275
-0.484619,0.108643,0.824463
0.458252,-0.250000,1.032593
-0.402100,-0.140991,0.762207
0.015991,0.098145,1.018799
0.190796,-0.432251,0.852417
-0.561646,0.102051,0.797852
0.443115,-0.227539,1.030396
-0.293579,-0.287231,0.735962
-0.074341,0.144409,0.992676
0.256836,-0.427002,0.867065
-0.584473,0.100586,0.775269
0.418213,-0.175781,1.038452
-0.230469,-0.310669,0.728882
-0.149658,0.144775,0.986816
0.287109,-0.407104,0.887329
-0.606567,0.042114,0.732422
0.418091,-0.178223,1.045654
-0.175171,-0.315552,0.737549
-0.263916,0.183594,0.939697
0.342285,-0.357910,0.926880
-0.587769,-0.020142,0.729370
0.334106,-0.138916,1.019409
-0.120483,-0.361450,0.737671
-0.339111,0.189453,0.906128
0.385864,-0.366699,0.940552
-0.567505,-0.048096,0.714111
0.242310,-0.048218,1.019897
-0.055542,-0.369019,0.780151
-0.426270,0.202515,0.883667
0.414917,-0.328979,0.971680
-0.534180,-0.096069,0.703247
0.144653,0.028564,1.018433
0.034668,-0.392578,0.804077
-0.517944,0.200439,0.852173
0.433594,-0.267578,0.998535
-0.442627,-0.165161,0.727905
0.039062,0.081543,1.012695
0.135864,-0.425293,0.822998
-0.558716,0.149414,0.810059
0.432373,-0.225098,1.005859
-0.325562,-0.258545,0.718750
-0.071899,0.155151,0.997192
0.233887,-0.399292,0.873901
-0.594238,0.087646,0.775635
0.411377,-0.192871,1.021362
-0.229248,-0.345459,0.693359
-0.173218,0.180664,0.966797
0.303467,-0.371338,0.887939
-0.598633,0.068970,0.750122
0.365356,-0.152710,1.027954
-0.163330,-0.367188,0.707275
-0.290894,0.187134,0.912231
0.370972,-0.356812,0.930786
-0.588989,0.013794,0.727783
0.284912,-0.097778,1.009155
-0.092896,-0.392578,0.744507
-0.392700,0.199829,0.875000
0.402954,-0.309814,0.948364
-0.552124,-0.030762,0.718384
0.163574,-0.014404,0.992676
0.010986,-0.404419,0.798828
-0.477905,0.171631,0.855103
0.409912,-0.272949,0.968994
-0.491211,-0.072754,0.713867
0.076172,0.110229,1.014160
0.098022,-0.369385,0.829956
-0.556641,0.135132,0.812012
0.425781,-0.260376,0.996582
-0.369385,-0.218506,0.708984
-0.006226,0.180176,1.007690
0.166260,-0.375244,0.827759
-0.578613,0.137085,0.789185
0.452759,-0.243652,1.010620
-0.287476,-0.278198,0.718994
-0.103760,0.170410,0.958008
0.239136,-0.355347,0.873657
-0.596436,0.098389,0.762207
0.427002,-0.191772,1.028809
-0.216675,-0.344971,0.698730
-0.170044,0.176514,0.940430
0.299683,-0.347656,0.894531
-0.595581,0.065308,0.755005
0.379150,-0.145386,1.033936
-0.158203,-0.385864,0.707153
-0.258789,0.165649,0.900513
0.343872,-0.340088,0.911255
-0.582031,0.047852,0.749268
0.330078,-0.092773,1.014648
-0.114136,-0.373047,0.730591
-0.336914,0.159302,0.864380
0.399536,-0.315063,0.942017
-0.563965,0.045776,0.727905
0.226685,-0.022705,0.991699
-0.034912,-0.390259,0.765625
-0.429688,0.192017,0.862183
0.418701,-0.296753,0.954468
-0.516357,-0.037354,0.731079
0.115967,0.063965,1.006348
0.047241,-0.396851,0.791748
-0.495483,0.179688,0.842407
0.451416,-0.266479,0.991455
-0.434082,-0.108887,0.746338
0.012573,0.155884,1.001709
0.147583,-0.412231,0.810791
-0.534302,0.136230,0.810425
0.446167,-0.210083,1.021606
-0.340454,-0.197998,0.730957
-0.045898,0.163086,0.984253
0.231201,-0.388062,0.856934
-0.605347,0.125977,0.770630
0.432861,-0.163696,1.028198
-0.211060,-0.258423,0.742432
-0.150757,0.216675,0.966187
0.294189,-0.361938,0.885864
-0.605469,0.067749,0.737549
0.402100,-0.137329,1.039917
-0.145142,-0.327515,0.741821
-0.226440,0.194458,0.916138
0.366211,-0.354858,0.915405
-0.609131,0.084473,0.729248
0.327515,-0.109497,1.007080
-0.060791,-0.423462,0.737793
-0.298218,0.181396,0.887573
0.396484,-0.288940,0.938354
-0.575806,0.029541,0.701172
0.255127,-0.022095,0.994507
-0.025146,-0.409546,0.748047
-0.394287,0.186646,0.859375
0.458618,-0.309692,0.966675
-0.515137,-0.026733,0.716309
0.123291,0.137329,1.003662
0.032227,-0.362183,0.766846
-0.475464,0.145386,0.827881
0.474854,-0.331299,0.984985
-0.442993,-0.112305,0.753052
0.055542,0.194336,1.008789
0.105103,-0.330811,0.800903
-0.540039,0.158569,0.798340
0.481689,-0.310669,1.003052
-0.324951,-0.255737,0.731079
-0.014038,0.205078,1.001709
0.180664,-0.346558,0.827393
-0.591675,0.149780,0.757690
0.454956,-0.229126,1.012695
-0.229736,-0.322021,0.746582
-0.063110,0.175171,0.977417
0.257812,-0.353149,0.869263
-0.606567,0.144043,0.757690
0.416626,-0.188599,1.001587
-0.147583,-0.375854,0.758545
-0.113281,0.158569,0.963867
0.292847,-0.323730,0.890137
-0.612671,0.146851,0.739624
0.409668,-0.133667,1.012939
-0.090332,-0.344482,0.753662
-0.210571,0.175781,0.901855
0.349609,-0.323486,0.920044
-0.598389,0.065430,0.731812
0.355713,-0.099243,0.997070
-0.031006,-0.415649,0.750000
-0.295288,0.214233,0.893799
0.374023,-0.301392,0.923706
-0.556274,-0.000610,0.730591
0.290161,-0.067383,1.002808
-0.007935,-0.419678,0.763672
-0.375244,0.177856,0.842529
0.427734,-0.279175,0.963867
-0.503784,-0.050415,0.727539
0.196899,0.036133,1.016357
0.027344,-0.419067,0.750244
-0.416382,0.157593,0.837646
0.453613,-0.276978,0.982422
-0.490356,-0.078613,0.733521
0.126709,0.062500,1.008057
0.109375,-0.434570,0.804077
-0.491211,0.183960,0.812500
0.448486,-0.224243,0.986572
-0.398560,-0.134277,0.745972
0.040283,0.105591,1.006104
0.173828,-0.446899,0.823120
-0.535400,0.126221,0.785278
0.453979,-0.186401,1.012939
-0.301025,-0.145630,0.765991
-0.073853,0.202881,0.994629
0.267700,-0.440552,0.862183
-0.572632,0.083008,0.762939
0.435303,-0.199219,1.005127
-0.160522,-0.254028,0.785400
-0.156128,0.208252,0.951782
0.309204,-0.336792,0.891357
-0.582520,0.067505,0.744629
0.394531,-0.168945,1.012085
-0.066406,-0.398315,0.750977
-0.211060,0.197388,0.929810
0.368652,-0.320679,0.921509
-0.562012,0.060303,0.746948
0.315918,-0.097412,0.978149
0.010010,-0.432007,0.762573
-0.299194,0.159424,0.876343
0.441772,-0.271729,0.982300
-0.461426,-0.084106,0.748779
0.087158,0.111572,0.993896
0.079468,-0.381714,0.785156
-0.521606,0.173462,0.811768
0.458740,-0.241455,1.002808
-0.365112,-0.160522,0.753174
0.019043,0.159424,1.020508
0.146118,-0.369873,0.826904
-0.585083,0.164551,0.771240
0.467773,-0.234741,1.013428
-0.265259,-0.235229,0.753784
-0.048096,0.187500,0.989746
0.216675,-0.338013,0.854004
-0.610229,0.165405,0.760620
0.458130,-0.212036,1.020020
-0.160767,-0.327393,0.770508
-0.122070,0.161499,0.959106
0.285889,-0.332397,0.901489
-0.620117,0.159058,0.746704
0.405762,-0.149048,1.009399
-0.087891,-0.356079,0.773315
-0.187378,0.171875,0.935791
0.363525,-0.359619,0.912109
-0.599243,0.134766,0.738159
0.325439,-0.037476,0.999878
-0.037476,-0.365601,0.759399
-0.246338,0.131958,0.901733
0.389038,-0.366089,0.921143
-0.580933,0.053101,0.724731
0.280884,-0.024658,0.996094
0.002197,-0.416260,0.745239
-0.339111,0.168335,0.860474
0.421631,-0.321777,0.948608
-0.525513,-0.027832,0.725952
0.219482,0.034912,1.003052
0.009155,-0.386963,0.749390
-0.405029,0.164185,0.840942
0.454468,-0.319092,0.966309
-0.466675,-0.093872,0.759277
0.133911,0.090332,1.010864
0.058716,-0.391479,0.775635
-0.481445,0.163086,0.811157
0.454712,-0.281860,0.997070
-0.416748,-0.156982,0.741943
0.088989,0.085205,0.999268
0.109009,-0.391479,0.797974
-0.523071,0.143799,0.784790
0.474731,-0.247803,0.994507
-0.348389,-0.148193,0.766235
0.015259,0.140015,1.004517
0.181396,-0.407104,0.832520
-0.563354,0.142944,0.766968
0.461914,-0.252441,0.992065
-0.279663,-0.222778,0.774292
-0.060303,0.183472,0.998901
0.254639,-0.398804,0.863403
-0.562012,0.109985,0.758179
0.433228,-0.184326,1.008789
-0.197266,-0.243896,0.782104
-0.116211,0.165527,0.971924
0.303955,-0.464966,0.870361
-0.582031,0.095703,0.764038
0.426025,-0.116821,1.029785
-0.143188,-0.245361,0.768677
-0.186768,0.233398,0.943115
0.358765,-0.386353,0.921265
-0.549194,0.019775,0.774780
0.382324,-0.138062,1.006348
-0.084839,-0.337036,0.772827
-0.227417,0.182251,0.909302
0.378174,-0.310913,0.937622
-0.539185,-0.017212,0.755371
0.328125,-0.117188,0.993042
-0.010376,-0.416016,0.755249
-0.286743,0.184082,0.880005
0.395264,-0.313599,0.929321
-0.546265,-0.049927,0.731079
0.275879,-0.106445,0.981201
0.030762,-0.464844,0.753540
-0.345825,0.172974,0.851196
0.423828,-0.267212,0.963013
-0.495728,-0.084961,0.743408
0.186279,-0.030396,0.994507
0.066040,-0.490356,0.752197
-0.399048,0.122681,0.812134
0.462769,-0.267456,0.978394
-0.456055,-0.076416,0.746094
0.097534,0.090210,1.004150
0.131714,-0.455200,0.803345
-0.462280,0.068848,0.786743
0.443604,-0.242676,0.998779
-0.385132,-0.153931,0.748291
0.038452,0.152100,1.023438
0.202026,-0.447754,0.838623
-0.541748,0.086426,0.757080
0.459961,-0.276611,0.999023
-0.286621,-0.211426,0.768677
-0.046875,0.198242,1.006592
0.251953,-0.384644,0.869141
-0.550293,0.051636,0.741211
0.449463,-0.244263,1.021484
-0.169800,-0.280151,0.803711
-0.124023,0.201294,0.975830
0.293091,-0.361084,0.901611
-0.557495,0.054443,0.749756
0.422729,-0.227173,1.024902
-0.083008,-0.382568,0.790894
-0.192505,0.193237,0.950562
0.349854,-0.344360,0.925171
-0.555054,0.031128,0.756714
0.375732,-0.167358,1.012939
-0.016602,-0.383179,0.805664
-0.244019,0.146362,0.911621
0.379761,-0.367310,0.925171
-0.552002,-0.016235,0.732544
0.311768,-0.123535,0.993774
0.032227,-0.440186,0.788696
-0.288940,0.132324,0.881714
0.443481,-0.350952,0.952148
-0.531372,-0.032837,0.739624
0.218018,-0.030396,0.984619
0.081055,-0.461304,0.785645
-0.328613,0.086426,0.854614
0.459473,-0.339355,0.973511
-0.500610,-0.067261,0.740845
0.161987,0.036865,1.000488
0.112305,-0.453247,0.793335
-0.402344,0.112671,0.838135
0.472168,-0.308105,1.003296
-0.430786,-0.100220,0.767822
0.106812,0.089355,1.022095
0.127563,-0.465698,0.798706
-0.445068,0.066284,0.798950
0.493652,-0.299438,1.024658
-0.375610,-0.188965,0.750488
0.039429,0.134277,1.016235
0.210938,-0.441406,0.844727
-0.507324,0.064819,0.757812
0.491821,-0.312622,1.016724
-0.309326,-0.261597,0.761841
-0.027710,0.162476,1.020020
0.268799,-0.442993,0.870605
-0.527466,0.075317,0.755859
0.467041,-0.292358,1.009033
-0.236694,-0.270386,0.795166
-0.080322,0.155273,1.000732
0.304688,-0.426880,0.898926
-0.533569,0.048584,0.750000
0.451050,-0.222290,1.042114
-0.164795,-0.293213,0.809204
-0.135132,0.164917,0.991699
0.346069,-0.430420,0.915039
-0.533691,0.046997,0.762207
0.416626,-0.166016,1.038940
-0.066040,-0.360962,0.803711
-0.194214,0.187744,0.979248
0.388306,-0.403931,0.937378
-0.510376,-0.030029,0.759399
0.364258,-0.137085,1.020874
0.005127,-0.411133,0.807129
-0.240479,0.161743,0.934204
0.429077,-0.385010,0.963135
-0.498047,-0.057251,0.762695
0.292480,-0.096069,1.020996
0.075195,-0.472656,0.811523
-0.301636,0.125732,0.888428
0.468506,-0.342285,1.000977
-0.468628,-0.096680,0.760132
0.230103,-0.037354,1.020264
0.099731,-0.473389,0.798828
-0.356567,0.109619,0.877197
0.492920,-0.334229,1.015869
-0.429199,-0.135132,0.753174
0.166382,0.041626,1.043945
0.160889,-0.452393,0.837524
-0.413574,0.110229,0.848633
0.505493,-0.316528,1.030518
-0.374512,-0.188354,0.772461
0.073364,0.074341,1.029907
0.245483,-0.463135,0.875488
-0.464233,0.057495,0.780029
0.498779,-0.266235,1.042603
-0.285400,-0.212646,0.787842
-0.021240,0.131226,1.027710
0.324707,-0.495483,0.906128
-0.496704,0.041748,0.775635
0.453613,-0.186890,1.055054
-0.184326,-0.259766,0.807007
-0.094604,0.180176,1.025024
0.388184,-0.458496,0.950439
-0.510986,0.005859,0.785889
0.424927,-0.147827,1.072388
-0.068726,-0.325928,0.827881
-0.174316,0.180420,0.988525
0.428101,-0.400757,0.979004
-0.480103,-0.059937,0.775024
0.370239,-0.094604,1.072021
0.038818,-0.410522,0.830688
-0.244751,0.172241,0.969360
0.465454,-0.386353,1.006714
-0.444092,-0.125977,0.771362
0.313843,-0.049438,1.070435
0.078369,-0.397339,0.826904
-0.304199,0.166870,0.941162
0.514648,-0.344727,1.036865
-0.432129,-0.175293,0.758667
0.228882,-0.035156,1.053467
0.154053,-0.434692,0.859375
-0.387451,0.154907,0.885132
0.523071,-0.273804,1.063477
-0.350098,-0.172974,0.783691
0.129883,0.083130,1.066406
0.238037,-0.503052,0.876099
-0.428711,0.046387,0.832886
0.540039,-0.287598,1.066040
-0.294556,-0.215576,0.795166
0.028564,0.149414,1.049927
0.317749,-0.450073,0.919556
-0.455933,0.040161,0.809814
0.508545,-0.217651,1.099976
-0.177246,-0.273682,0.833496
-0.050415,0.198730,1.064819
0.368408,-0.424927,0.951904
-0.471191,0.022461,0.800049
0.458740,-0.173584,1.087769
-0.066895,-0.319458,0.853027
-0.123169,0.200806,1.039429
0.427002,-0.379150,0.998535
-0.470093,-0.042480,0.788696
0.402222,-0.101196,1.104858
0.048950,-0.381470,0.859619
-0.199463,0.178345,1.005859
0.484009,-0.359863,1.036377
-0.437500,-0.126343,0.786621
0.324097,-0.046997,1.092529
0.098633,-0.397461,0.860718
-0.283081,0.189697,0.973145
0.529297,-0.312378,1.070557
-0.387573,-0.143799,0.812012
0.204468,-0.004028,1.054443
0.194824,-0.452759,0.889526
-0.347778,0.072632,0.882324
0.558228,-0.240479,1.119995
-0.309937,-0.164551,0.808594
0.096313,0.119507,1.070312
0.322510,-0.514526,0.913208
-0.443359,0.023438,0.826416
0.534424,-0.209106,1.132812
-0.199097,-0.241821,0.852295
-0.019531,0.175293,1.056641
0.374634,-0.419067,0.972046
-0.442871,0.014648,0.822144
0.493896,-0.134033,1.138794
-0.080566,-0.290405,0.866333
-0.100830,0.226807,1.086060
0.440063,-0.444458,0.995850
-0.460693,-0.026123,0.813232
0.444580,-0.101929,1.123169
0.046875,-0.327148,0.901611
-0.161621,0.216431,1.057129
0.473511,-0.338501,1.053955
-0.456665,-0.081299,0.793823
0.398682,-0.090210,1.127197
0.083252,-0.402832,0.884399
-0.225830,0.175537,1.013184
0.518677,-0.272949,1.093384
-0.404297,-0.117310,0.801758
0.315796,-0.026855,1.113159
0.140625,-0.409912,0.898804
-0.298340,0.154541,0.975220
0.556274,-0.263550,1.120972
-0.369385,-0.155273,0.798950
0.228760,0.040283,1.104614
0.231323,-0.467041,0.916016
-0.351562,0.142578,0.927002
0.549438,-0.242432,1.120728
-0.302734,-0.208496,0.814941
0.157104,0.100098,1.107666
0.285522,-0.437866,0.949463
-0.383789,0.074829,0.880859
0.556763,-0.219360,1.129272
-0.249878,-0.217651,0.839111
0.066650,0.166626,1.092651
0.347656,-0.436890,0.964600
-0.432739,0.062378,0.870117
0.566040,-0.231323,1.152222
-0.165771,-0.255005,0.872803
-0.009644,0.204712,1.078491
0.381104,-0.372192,0.987427
-0.451172,0.041870,0.845093
0.550293,-0.188599,1.159424
-0.026978,-0.321411,0.903320
-0.089478,0.233276,1.097778
0.421631,-0.349854,1.018677
-0.445190,0.001709,0.830078
0.487061,-0.124023,1.154175
0.030396,-0.370850,0.890625
-0.114014,0.217285,1.102661
0.475342,-0.326660,1.061768
-0.474243,0.004272,0.827759
0.434448,-0.099487,1.148804
0.059082,-0.378906,0.904175
-0.184082,0.193481,1.065063
0.512085,-0.294189,1.104492
-0.447998,-0.032471,0.805908
0.380859,-0.032349,1.147705
0.129883,-0.371582,0.929077
-0.253296,0.183838,1.031860
0.544067,-0.274048,1.128052
-0.394897,-0.107056,0.816406
0.290161,0.029419,1.133057
0.196533,-0.424805,0.934448
-0.310303,0.160645,0.984009
0.560913,-0.258301,1.131836
-0.340820,-0.173584,0.818481
0.225830,0.066895,1.122681
0.234985,-0.425293,0.942017
-0.352661,0.078491,0.903931
0.580200,-0.222534,1.169678
-0.275269,-0.216064,0.824097
0.135132,0.159302,1.126099
0.297607,-0.413452,0.960571
-0.400635,0.073975,0.911743
0.591064,-0.245850,1.165405
-0.218750,-0.300049,0.839600
0.057129,0.187866,1.114502
0.341431,-0.384644,0.974976
-0.431274,0.082397,0.882202
0.583130,-0.232910,1.162231
-0.151367,-0.308960,0.873901
0.000977,0.196655,1.117188
0.379517,-0.364746,0.984497
-0.450684,0.058472,0.866943
0.560059,-0.212280,1.162231
-0.061523,-0.366699,0.882202
-0.037231,0.193726,1.100464
0.406128,-0.348755,1.008057
-0.463379,0.041138,0.844604
0.531738,-0.217041,1.144043
-0.022095,-0.370483,0.902344
-0.078857,0.179688,1.091919
0.439941,-0.358887,1.032837
-0.458130,0.010864,0.838745
0.493042,-0.134766,1.167358
-0.008911,-0.377197,0.867798
-0.114258,0.194580,1.088257
0.464355,-0.324341,1.057495
-0.446899,-0.026123,0.826904
0.479614,-0.091064,1.189941
0.004883,-0.350220,0.887085
-0.186523,0.219238,1.065796
0.498535,-0.314941,1.078613
-0.435425,-0.044312,0.820923
0.426270,-0.061157,1.182129
0.042847,-0.350464,0.898315
-0.232910,0.224365,1.040405
0.513306,-0.296753,1.093872
-0.418945,-0.087524,0.825439
0.385864,-0.041260,1.174072
0.078003,-0.347534,0.912598
-0.277954,0.204102,1.001465
0.546997,-0.268433,1.114502
-0.376099,-0.153442,0.816406
0.296143,-0.006470,1.140991
0.144287,-0.376831,0.933594
-0.304688,0.149170,0.960327
0.552124,-0.242676,1.119751
-0.350098,-0.163696,0.805664
0.230347,0.058105,1.142090
0.227783,-0.410522,0.950562
-0.365601,0.113159,0.924805
0.567871,-0.236816,1.136353
-0.312500,-0.196899,0.821777
0.134033,0.094727,1.104980
0.286987,-0.408325,0.960083
-0.421631,0.090088,0.904419
0.566284,-0.201172,1.158691
-0.244019,-0.253174,0.826904
0.045044,0.127319,1.082275
0.336670,-0.406494,0.961914
-0.431030,0.053589,0.885132
0.555786,-0.188354,1.155029
-0.181152,-0.241333,0.857910
-0.013916,0.172607,1.090332
0.370850,-0.373535,0.992920
-0.460571,-0.003418,0.839966
0.532715,-0.192505,1.155640
-0.087158,-0.305420,0.853149
-0.068237,0.199829,1.079590
0.393799,-0.334717,0.992798
-0.455933,-0.033325,0.823120
0.486206,-0.145386,1.161133
-0.052490,-0.368896,0.849609
-0.142944,0.182251,1.048950
0.422852,-0.311157,1.023315
-0.468750,-0.015259,0.817017
0.456421,-0.135376,1.157837
-0.013916,-0.369629,0.855957
-0.218384,0.205566,1.023682
0.476074,-0.290649,1.066772
-0.455688,-0.067139,0.798462
0.382324,-0.087891,1.138794
0.030518,-0.355225,0.876587
-0.283936,0.194702,0.996826
0.505371,-0.279175,1.085938
-0.428223,-0.110962,0.770142
0.299072,-0.010376,1.133911
0.097534,-0.370239,0.892334
-0.345825,0.149292,0.940552
0.531372,-0.282349,1.085938
-0.368652,-0.162720,0.793091
0.209595,0.060303,1.125732
0.173462,-0.403320,0.903076
-0.400879,0.107544,0.901245
0.543091,-0.264404,1.104004
-0.327026,-0.193604,0.789673
0.128662,0.138794,1.107910
0.232178,-0.337646,0.930420
-0.451538,0.054077,0.854858
0.529419,-0.265991,1.112671
-0.240479,-0.311279,0.814575
0.031494,0.151978,1.089233
0.293945,-0.375488,0.931763
-0.462524,0.022583,0.816406
0.494019,-0.191772,1.110352
-0.157837,-0.339478,0.798218
-0.028564,0.119263,1.057373
0.342285,-0.342041,0.972046
-0.510132,0.020630,0.800171
0.488525,-0.174927,1.126709
-0.104370,-0.371704,0.792725
-0.163330,0.173584,1.032715
0.380737,-0.323975,0.986206
-0.479614,-0.054932,0.794556
0.439697,-0.116943,1.136475
-0.086914,-0.319824,0.806519
-0.266846,0.222046,1.005981
0.460327,-0.345459,1.026123
-0.461426,-0.118408,0.777466
0.344604,-0.061890,1.119873
-0.018677,-0.322754,0.836914
-0.337158,0.198486,0.931396
0.492065,-0.304932,1.038818
-0.423096,-0.131104,0.779053
0.254883,-0.011475,1.113892
0.081299,-0.389282,0.861816
-0.413330,0.171387,0.898315
0.497925,-0.269287,1.056396
-0.374512,-0.181152,0.791016
0.137817,0.042480,1.070190
0.179810,-0.403687,0.904419
-0.471313,0.093750,0.852783
0.488403,-0.223022,1.082520
-0.319580,-0.250854,0.763794
0.034424,0.133789,1.072876
0.271729,-0.413452,0.915649
-0.503906,0.075806,0.829590
0.485840,-0.228638,1.063110
-0.205322,-0.279663,0.781250
-0.051636,0.144531,1.040039
0.309937,-0.368530,0.936035
-0.537842,0.022583,0.797852
0.466919,-0.232788,1.068359
-0.181763,-0.319580,0.772461
-0.128906,0.147339,1.010132
0.364258,-0.339600,0.972168
-0.537720,0.019531,0.772461
0.419189,-0.176270,1.077148
-0.134644,-0.335571,0.789062
-0.221802,0.161987,0.993652
0.403564,-0.383057,0.966309
-0.535034,0.005249,0.768311
0.375244,-0.083740,1.096802
-0.087891,-0.302246,0.819092
-0.305176,0.158325,0.941406
0.426270,-0.333618,1.016968
-0.524170,-0.066772,0.741333
0.334839,-0.081055,1.086914
-0.056274,-0.332275,0.805786
-0.351807,0.173828,0.913086
0.442627,-0.321411,1.010498
-0.506104,-0.102661,0.727539
0.257202,-0.065552,1.076294
0.013062,-0.393433,0.823120
-0.409912,0.181152,0.890381
0.457153,-0.277588,1.022217
-0.463013,-0.112915,0.748291
0.169189,-0.001343,1.046997
0.092896,-0.420288,0.858398
-0.471680,0.146484,0.863281
0.466797,-0.262695,1.032959
-0.434204,-0.149414,0.756226
0.076172,0.072388,1.049438
0.164673,-0.432251,0.869629
-0.499634,0.091797,0.818604
0.473145,-0.233521,1.047363
-0.330811,-0.203491,0.762695
-0.007935,0.148071,1.032471
0.224121,-0.395142,0.878540
-0.536743,0.056641,0.804443
0.451782,-0.241455,1.041870
-0.262207,-0.299072,0.737549
-0.061646,0.133179,0.999146
0.265625,-0.366455,0.885742
-0.565796,0.049194,0.768433
0.456177,-0.227783,1.063965
-0.207397,-0.366943,0.721802
-0.168579,0.158936,0.977661
0.309204,-0.357544,0.912598
-0.565063,0.009888,0.752930
0.411865,-0.198486,1.065186
-0.168823,-0.375366,0.731079
-0.249146,0.159180,0.941772
0.346802,-0.353027,0.924438
-0.567871,-0.010376,0.753418
0.348511,-0.148438,1.046509
-0.115845,-0.367798,0.764648
-0.315918,0.178955,0.918457
0.383301,-0.325073,0.954712
-0.547485,-0.018921,0.736206
0.276123,-0.073120,1.044556
-0.065674,-0.394165,0.776855
-0.376221,0.183716,0.907349
0.414185,-0.299316,0.985596
-0.542114,-0.034424,0.731812
0.169067,-0.011230,1.027710
0.043457,-0.424072,0.822876
-0.464600,0.146729,0.873169
0.432739,-0.272461,1.012695
-0.464355,-0.096313,0.733765
0.081665,0.084839,1.027100
0.095581,-0.362549,0.845703
-0.512207,0.110352,0.832520
0.448853,-0.268311,1.018555
-0.381226,-0.191528,0.732422
0.001343,0.151978,1.014282
0.178223,-0.388794,0.850220
-0.567993,0.093750,0.797363
0.447021,-0.269897,1.018433
-0.295410,-0.285034,0.728027
-0.058716,0.142090,0.984985
0.220459,-0.374023,0.854736
-0.586548,0.065186,0.762695
0.444580,-0.256836,1.034668
-0.237671,-0.373901,0.698242
-0.129272,0.136719,0.957031
0.275879,-0.361572,0.883301
-0.606323,0.092529,0.752930
0.400146,-0.223511,1.020874
-0.187012,-0.365967,0.738892
-0.211426,0.118164,0.942627
0.311768,-0.344482,0.919678
-0.600464,0.066528,0.733643
0.350464,-0.130737,1.036133
-0.158203,-0.406616,0.725708
-0.286865,0.166748,0.932861
0.364624,-0.353271,0.942017
-0.584473,0.033569,0.727539
0.276855,-0.048584,1.021484
-0.116089,-0.362427,0.754272
-0.351196,0.155273,0.907593
0.395874,-0.338989,0.955566
-0.560303,-0.012817,0.716431
0.232666,-0.013428,1.016602
-0.061157,-0.359985,0.778320
-0.419678,0.192383,0.897949
0.399292,-0.324707,0.962646
-0.537842,-0.112671,0.696777
0.184326,-0.006348,1.003540
-0.007080,-0.381348,0.784424
-0.490845,0.224243,0.867554
0.426758,-0.279419,0.984009
-0.499268,-0.131348,0.725586
0.114014,0.010254,1.005249
0.045654,-0.444458,0.786621
-0.501953,0.191162,0.847778
0.416992,-0.253296,0.979492
-0.478760,-0.095947,0.733398
0.057495,0.068481,1.012695
0.117432,-0.433594,0.821289
-0.545410,0.160522,0.820557
0.426147,-0.230713,1.010986
-0.393799,-0.189209,0.721558
-0.010864,0.119507,0.998535
0.171997,-0.433472,0.828979
-0.575562,0.144531,0.796509
0.440063,-0.206543,1.024902
-0.308472,-0.249146,0.718018
-0.089111,0.167725,0.989380
0.236450,-0.430908,0.859375
-0.591309,0.090820,0.767456
0.429932,-0.173340,1.038696
-0.254517,-0.276367,0.712769
-0.156006,0.182617,0.962402
0.296753,-0.390137,0.892212
-0.602051,0.070190,0.751953
0.408813,-0.169678,1.019531
-0.190674,-0.340576,0.710693
-0.247314,0.214233,0.932983
0.343384,-0.366455,0.907959
-0.592529,0.036255,0.728394
0.360962,-0.144287,1.033447
-0.147583,-0.374878,0.720825
-0.296631,0.192383,0.901611
0.366089,-0.351074,0.918701
-0.612915,0.048096,0.726318
0.292725,-0.126709,0.998047
-0.077271,-0.409668,0.751831
-0.348633,0.185791,0.889771
0.375122,-0.295166,0.938721
-0.585327,0.030151,0.707764
0.240601,-0.055786,0.995361
-0.033081,-0.398804,0.772949
-0.421509,0.191284,0.875244
0.392944,-0.266846,0.965698
-0.540039,-0.061279,0.697754
0.146606,0.039185,1.007935
0.030396,-0.416870,0.785156
-0.479004,0.198730,0.852783
0.418701,-0.255859,0.970703
-0.485962,-0.088257,0.719360
0.069946,0.113892,1.007080
0.103638,-0.412598,0.808472
-0.534302,0.176880,0.836670
0.425903,-0.240234,0.995972
-0.417114,-0.131226,0.729614
0.023438,0.159302,1.012817
0.146118,-0.406128,0.814453
-0.578857,0.166260,0.822998
0.459473,-0.245483,1.007202
-0.345703,-0.203979,0.726074
-0.063110,0.179565,0.978638
0.194946,-0.381592,0.829346
-0.580811,0.134521,0.783813
0.459595,-0.197510,1.043457
-0.275879,-0.281250,0.722778
-0.107788,0.185547,0.961182
0.247559,-0.376221,0.851440
-0.617065,0.129517,0.763672
0.432373,-0.209839,1.010986
-0.203247,-0.321655,0.734863
-0.143188,0.179688,0.958740
0.278687,-0.349609,0.880127
-0.623047,0.129028,0.745117
0.415649,-0.186768,1.008911
-0.154053,-0.362671,0.728882
-0.190308,0.185181,0.947144
0.309326,-0.325562,0.889160
-0.630981,0.135742,0.732788
0.391235,-0.177734,1.008789
-0.098999,-0.398315,0.747925
-0.267212,0.174805,0.907471
0.343506,-0.333984,0.892822
-0.605469,0.101685,0.723877
0.328125,-0.114624,0.998413
-0.073853,-0.384399,0.752686
-0.319824,0.184570,0.893555
0.397095,-0.321655,0.930420
-0.605591,0.088257,0.708618
0.264404,-0.050659,0.975586
-0.031250,-0.397339,0.760254
-0.362915,0.166382,0.866943
0.410278,-0.280884,0.960938
-0.566650,0.012085,0.700073
0.193115,0.019409,0.985718
0.006348,-0.397339,0.767944
-0.420898,0.179199,0.860474
0.427612,-0.278320,0.963135
-0.521362,-0.020142,0.720825
0.145142,0.088135,1.005249
0.047119,-0.366089,0.799438
-0.491943,0.169556,0.833008
0.461304,-0.291260,0.977051
-0.454712,-0.085815,0.736084
0.070679,0.167969,1.015259
0.086304,-0.384644,0.789429
-0.527344,0.183350,0.817993
0.438843,-0.259888,0.997925
-0.258179,-0.325806,0.720337
-0.080933,0.152832,0.979126
0.212769,-0.365234,0.847656
-0.621216,0.127197,0.765503
0.435059,-0.244629,1.006348
-0.216064,-0.378662,0.700928
-0.126099,0.156128,0.956909
0.260986,-0.341187,0.868652
-0.635620,0.131226,0.733887
0.401855,-0.237183,0.980591
-0.167480,-0.376831,0.726440
-0.184204,0.150513,0.947266
0.298218,-0.340454,0.888916
-0.632080,0.123535,0.747437
0.369385,-0.185669,0.995850
-0.132812,-0.400146,0.737183
-0.253540,0.132568,0.897583
0.335693,-0.317017,0.918457
-0.615723,0.073975,0.718018
0.313721,-0.099854,0.986328
-0.076904,-0.400024,0.747681
-0.319702,0.161865,0.891968
0.370850,-0.306152,0.929199
-0.582764,0.056030,0.710571
0.243164,-0.032471,0.986328
-0.057617,-0.362427,0.773071
-0.382568,0.165527,0.881714
0.403809,-0.338989,0.935059
-0.566895,0.012817,0.689819
0.194092,0.025879,0.980957
-0.020874,-0.356934,0.771240
-0.419678,0.191284,0.886841
0.410645,-0.309692,0.952026
-0.536377,-0.050415,0.708252
0.156494,0.064209,1.007568
0.007812,-0.375122,0.778931
-0.467285,0.195679,0.856934
0.425049,-0.281250,0.970825
-0.492676,-0.095337,0.716064
0.111328,0.081177,1.019409
0.049316,-0.399048,0.786011
-0.522705,0.215820,0.845825
0.436523,-0.281860,0.977417
-0.424194,-0.146118,0.741821
0.065796,0.099487,1.013550
0.114868,-0.391968,0.818970
-0.561401,0.209473,0.814941
0.427124,-0.221924,0.980957
-0.367065,-0.153442,0.756348
0.015503,0.123169,1.006836
0.168945,-0.411743,0.829956
-0.587646,0.187866,0.798828
0.441895,-0.221802,0.986938
-0.306641,-0.196045,0.735229
-0.050049,0.184814,0.990845
0.219849,-0.381836,0.857178
-0.602539,0.134399,0.768921
0.437744,-0.178467,1.017334
-0.238159,-0.275513,0.732178
-0.113403,0.194336,0.969604
0.267212,-0.376587,0.863403
-0.605591,0.116699,0.767090
0.435547,-0.178345,1.025635
-0.202881,-0.309204,0.721802
-0.167847,0.203979,0.946289
0.329102,-0.355713,0.895142
-0.620605,0.115356,0.759399
0.393799,-0.177124,1.000122
-0.139648,-0.348511,0.739624
-0.208374,0.178589,0.915405
0.342773,-0.331055,0.910156
-0.613525,0.083374,0.737549
0.335815,-0.134766,1.001587
-0.085083,-0.399414,0.745483
-0.244263,0.167969,0.913452
0.368896,-0.312256,0.917603
-0.608765,0.100586,0.725098
0.303467,-0.080078,0.984985
-0.023438,-0.415649,0.756958
-0.344238,0.194214,0.883545
0.397461,-0.305298,0.920654
-0.567993,0.035645,0.715576
0.222168,-0.016113,0.979248
0.000122,-0.418335,0.766479
-0.389648,0.173584,0.854248
0.421997,-0.263916,0.964844
-0.536133,-0.028442,0.707275
0.155273,0.054810,1.000000
0.050781,-0.413574,0.791748
-0.457520,0.140259,0.826660
0.430664,-0.231689,0.990356
-0.469360,-0.063843,0.724976
0.081055,0.148438,1.012329
0.100952,-0.372803,0.798218
-0.528442,0.154419,0.810425
0.459229,-0.269043,0.989502
-0.382935,-0.149048,0.744019
0.023926,0.189575,1.007446
0.153564,-0.391968,0.807861
-0.565674,0.181152,0.802368
0.472168,-0.260498,0.993652
-0.317749,-0.201416,0.756104
-0.021729,0.182983,1.005737
0.197388,-0.388550,0.832275
-0.591309,0.190186,0.771851
0.472168,-0.211426,1.015259
-0.255981,-0.270020,0.749146
-0.059326,0.169800,1.000488
0.230347,-0.389526,0.848511
-0.597534,0.189941,0.771240
0.479492,-0.187988,1.026489
-0.210327,-0.267090,0.765381
-0.125000,0.162964,0.964233
0.276001,-0.438110,0.857300
-0.613892,0.140991,0.756714
0.459106,-0.184692,1.016724
-0.161133,-0.276001,0.769775
-0.162720,0.226440,0.968262
0.321167,-0.361206,0.897827
-0.609619,0.089844,0.741577
0.406860,-0.176514,1.011475
-0.123901,-0.347900,0.755127
-0.208008,0.195068,0.924072
0.354858,-0.340576,0.904419
-0.582031,0.081299,0.753052
0.367065,-0.107666,1.013062
-0.063477,-0.369629,0.762451
-0.259888,0.198120,0.898315
0.366455,-0.348022,0.899292
-0.566040,0.023926,0.738892
0.349731,-0.096558,1.002319
-0.040039,-0.346313,0.758423
-0.305542,0.219604,0.876221
0.383179,-0.311768,0.916748
-0.541626,-0.041626,0.741577
0.300415,-0.105103,0.993896
-0.037964,-0.409058,0.739136
-0.344238,0.180054,0.856323
0.433716,-0.294556,0.953735
-0.540527,-0.009888,0.713623
0.213745,-0.019409,0.992554
0.042969,-0.419678,0.776855
-0.385132,0.135864,0.832642
0.433350,-0.258667,0.970093
-0.522705,-0.022095,0.738281
0.158691,0.028442,0.982788
0.074585,-0.437988,0.781616
-0.452759,0.160034,0.821777
0.449341,-0.237183,0.988892
-0.469849,-0.059326,0.731323
0.082153,0.147583,1.012939
0.114380,-0.434937,0.787964
-0.483154,0.138672,0.823608
0.456421,-0.243286,0.983398
-0.427002,-0.088989,0.756104
0.049683,0.153809,1.015503
0.163208,-0.446045,0.807251
-0.533203,0.156372,0.794434
0.463501,-0.239624,0.995117
-0.361328,-0.138672,0.758789
0.006348,0.179565,1.018433
0.188232,-0.403687,0.838623
-0.550293,0.101318,0.766235
0.475952,-0.246216,1.004272
-0.300049,-0.193115,0.754517
-0.043091,0.213257,1.003784
0.234619,-0.385986,0.848999
-0.581299,0.115479,0.747192
0.455688,-0.227539,1.007324
-0.239136,-0.222900,0.778809
-0.071411,0.168579,0.979126
0.272339,-0.380371,0.876587
-0.583740,0.111450,0.755737
0.432983,-0.201416,1.004150
-0.169067,-0.282715,0.773560
-0.129395,0.201782,0.964966
0.306519,-0.379272,0.885986
-0.561768,0.075195,0.768311
0.417969,-0.161865,1.019897
-0.126709,-0.297607,0.774902
-0.185059,0.210571,0.940063
0.354736,-0.386841,0.922729
-0.562988,0.026978,0.758301
0.380249,-0.111328,1.026733
-0.067017,-0.327271,0.761963
-0.241333,0.198242,0.902222
0.378906,-0.363770,0.915283
-0.545532,-0.020142,0.754761
0.343262,-0.092041,1.011597
-0.026245,-0.391846,0.761841
-0.313110,0.183594,0.860718
0.407715,-0.314941,0.939941
-0.511475,-0.057739,0.743042
0.258179,-0.055420,0.996338
0.021973,-0.453491,0.751831
-0.369873,0.175171,0.839355
0.444946,-0.295776,0.969238
-0.491333,-0.067017,0.754761
0.159546,0.021118,1.007202
0.084473,-0.484741,0.767456
-0.437134,0.144165,0.816162
0.458252,-0.267456,0.981567
-0.439209,-0.105347,0.749023
0.091797,0.083984,1.011841
0.125732,-0.447998,0.806885
-0.509521,0.100464,0.772217
0.471191,-0.278076,0.998779
-0.329468,-0.182617,0.769043
0.003662,0.206543,1.027710
0.196533,-0.382690,0.834351
-0.544067,0.074463,0.737183
0.470825,-0.266479,1.010742
-0.250610,-0.242920,0.773682
-0.076538,0.184448,0.988281
0.275513,-0.392090,0.865234
-0.566895,0.075928,0.754028
0.427490,-0.213623,1.015747
-0.116943,-0.317261,0.795410
-0.168823,0.215332,0.957764
0.333008,-0.360229,0.907471
-0.571289,0.078247,0.757812
0.409058,-0.189331,1.024414
-0.080566,-0.370361,0.783203
-0.233887,0.187866,0.924683
0.391602,-0.375366,0.925537
-0.534302,0.013306,0.752563
0.335083,-0.094971,1.011353
-0.032715,-0.394287,0.775146
-0.275024,0.139160,0.881714
0.419312,-0.374268,0.944946
-0.523560,-0.048340,0.743530
0.292480,-0.059204,1.017578
0.032104,-0.422119,0.768066
-0.356567,0.163208,0.848022
0.437134,-0.351807,0.955322
-0.498901,-0.111084,0.734619
0.231201,-0.040771,1.012573
0.072266,-0.444946,0.776123
-0.413452,0.167358,0.822144
0.454346,-0.292114,0.979614
-0.455566,-0.129761,0.754883
0.152588,-0.003174,1.009399
0.115601,-0.459229,0.795166
-0.451538,0.133179,0.802734
0.450073,-0.259644,0.985840
-0.408447,-0.121826,0.765137
0.072021,0.047363,1.002930
0.180542,-0.483276,0.821411
-0.495850,0.101074,0.767456
0.448608,-0.227417,0.991089
-0.333496,-0.213623,0.751221
-0.005371,0.131104,1.010620
0.245605,-0.481567,0.844727
-0.530029,0.076050,0.747437
0.449585,-0.228638,1.003052
-0.245361,-0.241821,0.777222
-0.086792,0.164062,0.997437
0.312256,-0.484985,0.876953
-0.563965,0.077759,0.756470
0.431274,-0.191772,1.026245
-0.170166,-0.248413,0.796875
-0.132690,0.174561,0.978516
0.340698,-0.441772,0.908325
-0.549561,0.034180,0.751465
0.396851,-0.156616,1.033936
-0.067017,-0.339966,0.799683
-0.208984,0.198975,0.957397
0.388550,-0.373413,0.942017
-0.546021,-0.003540,0.745361
0.346069,-0.167480,1.005371
0.029419,-0.432983,0.818481
-0.287231,0.176514,0.904053
0.398804,-0.331543,0.954346
-0.498779,-0.092651,0.732666
0.272461,-0.094116,1.003906
0.058716,-0.460815,0.779907
-0.350220,0.162842,0.883545
0.453735,-0.363037,0.959229
-0.486084,-0.101440,0.744873
0.186646,-0.004272,1.015869
0.097168,-0.475952,0.787354
-0.372681,0.135498,0.854614
0.464600,-0.294189,0.976318
-0.442017,-0.110718,0.752197
0.116089,0.032104,1.009033
0.164062,-0.501343,0.805542
-0.451416,0.082520,0.793579
0.470215,-0.265625,1.008179
-0.351074,-0.161011,0.765747
0.015259,0.144897,1.024902
0.246094,-0.502075,0.856689
-0.509888,0.016968,0.748901
0.462280,-0.244263,1.029541
-0.259277,-0.224731,0.780640
-0.070068,0.198120,1.025757
0.309570,-0.445679,0.904541
-0.529297,0.013062,0.772461
0.426758,-0.224365,1.032349
-0.164673,-0.275513,0.799561
-0.132812,0.205811,1.002686
0.361206,-0.400146,0.937012
-0.535645,0.016479,0.773071
0.405884,-0.207031,1.020264
-0.075684,-0.348267,0.804565
-0.203369,0.197388,0.966675
0.398193,-0.390991,0.956421
-0.517578,-0.054688,0.759399
0.360596,-0.144653,1.041748
0.004639,-0.427979,0.786011
-0.244629,0.165283,0.924561
0.422485,-0.344116,0.963257
-0.492188,-0.090820,0.749512
0.288208,-0.116577,1.009155
0.085205,-0.473511,0.799438
-0.306885,0.142700,0.899292
0.448853,-0.312866,0.987915
-0.467529,-0.124390,0.747925
0.202637,-0.027344,1.014160
0.128052,-0.502563,0.798584
-0.373169,0.094482,0.849731
0.478882,-0.285156,1.008179
-0.419312,-0.137207,0.751099
0.110962,0.048584,1.017334
0.184692,-0.487183,0.831055
-0.433716,0.042358,0.800781
0.500122,-0.272461,1.039429
-0.347778,-0.200806,0.764038
0.013428,0.121094,1.021729
0.264038,-0.485229,0.866333
-0.493408,0.014282,0.756714
0.500610,-0.265381,1.059448
-0.231323,-0.242554,0.793457
-0.080444,0.187988,1.015747
0.318237,-0.444946,0.900146
-0.502075,0.007935,0.773926
0.451294,-0.232056,1.049072
-0.147705,-0.302124,0.813599
-0.125488,0.177490,0.999878
0.375000,-0.410034,0.935913
-0.502441,-0.005615,0.781616
0.403076,-0.155884,1.054565
-0.037354,-0.361450,0.832397
-0.187988,0.148438,0.978149
0.421997,-0.390503,0.967529
-0.490845,-0.030762,0.779053
0.331909,-0.068237,1.034546
0.056641,-0.386963,0.848877
-0.249756,0.144287,0.960449
0.451294,-0.377686,0.986572
-0.490479,-0.063721,0.749512
0.282837,-0.044922,1.032959
0.101196,-0.419556,0.840698
-0.304810,0.109009,0.922119
0.477051,-0.350586,1.018555
-0.458374,-0.114624,0.748657
0.216553,0.009155,1.037354
0.127808,-0.439697,0.845947
-0.357666,0.120117,0.908081
0.512329,-0.303345,1.050659
-0.429199,-0.137573,0.748169
0.127808,0.061646,1.038574
0.209229,-0.515625,0.844604
-0.403564,0.075928,0.851685
0.521240,-0.279419,1.058838
-0.353149,-0.183472,0.767212
0.045044,0.140015,1.033081
0.276367,-0.474365,0.887085
-0.444580,0.020386,0.807495
0.505371,-0.274170,1.071045
-0.260620,-0.261841,0.801147
-0.016724,0.170044,1.042969
0.321899,-0.436890,0.912598
-0.496948,0.028809,0.783813
0.481201,-0.244385,1.077637
-0.135864,-0.307739,0.837769
-0.084106,0.199585,1.041016
0.348022,-0.376343,0.945068
-0.519897,0.066650,0.795166
0.470947,-0.252563,1.070068
-0.046143,-0.389526,0.862427
-0.137695,0.183350,1.029053
0.382935,-0.354004,0.977661
-0.509155,0.012695,0.769287
0.429688,-0.183594,1.057739
0.047119,-0.385864,0.886475
-0.188110,0.169312,1.011719
0.417358,-0.365845,0.983765
-0.483032,-0.022217,0.767334
0.371582,-0.101196,1.065063
0.071289,-0.386353,0.878174
-0.216675,0.152100,1.002686
0.463257,-0.346802,1.020874
-0.476807,-0.077759,0.755981
0.317627,-0.053955,1.067139
0.091064,-0.415649,0.868042
-0.258423,0.158203,0.987061
0.506836,-0.336426,1.050903
-0.451294,-0.091919,0.768066
0.259766,0.013794,1.057861
0.113403,-0.411133,0.874023
-0.294800,0.102173,0.958374
0.520874,-0.323730,1.073242
-0.448242,-0.110596,0.764282
0.249878,-0.011719,1.064941
0.148804,-0.410400,0.877930
-0.346680,0.145874,0.917969
0.552002,-0.311279,1.099731
-0.394287,-0.175293,0.770996
0.194946,0.043091,1.063232
0.195190,-0.438721,0.880371
-0.365234,0.131836,0.901733
0.556396,-0.302246,1.088989
-0.364014,-0.179077,0.796875
0.151123,0.046387,1.060547
0.239258,-0.462769,0.896729
-0.388306,0.062622,0.842773
0.530151,-0.234009,1.092407
-0.312378,-0.167725,0.826904
0.105347,0.062866,1.063110
0.287720,-0.481445,0.918579
-0.424683,0.045288,0.829346
0.514282,-0.206787,1.096558
-0.255249,-0.192749,0.833618
0.036499,0.141357,1.068726
0.352539,-0.487793,0.948364
-0.458862,0.026245,0.818237
0.503052,-0.171509,1.122070
-0.173706,-0.248169,0.833618
-0.045166,0.216919,1.075562
0.389404,-0.428467,0.967163
-0.463989,0.000977,0.821167
0.488037,-0.163574,1.114502
-0.100220,-0.280151,0.859619
-0.106934,0.227905,1.057739
0.443481,-0.396973,1.001953
-0.465332,-0.042603,0.807861
0.458862,-0.141724,1.131470
0.020752,-0.344238,0.884521
-0.195068,0.247803,1.040161
0.479980,-0.371216,1.024048
-0.432617,-0.078979,0.816284
0.388428,-0.077271,1.117554
0.087402,-0.389038,0.885132
-0.240723,0.218872,1.012695
0.505127,-0.305176,1.056274
-0.405762,-0.128784,0.796021
0.324951,-0.039429,1.103271
0.122437,-0.386353,0.897583
-0.290161,0.165894,0.969482
0.526489,-0.277100,1.091309
-0.367920,-0.142822,0.826416
0.243042,0.012207,1.105957
0.209961,-0.451538,0.911621
-0.348755,0.103271,0.906982
0.543579,-0.228394,1.112549
-0.302124,-0.172852,0.820923
0.146362,0.103271,1.092163
0.298462,-0.494019,0.936646
-0.417847,0.045654,0.846313
0.553345,-0.230225,1.131226
-0.237427,-0.217407,0.830444
0.054199,0.198364,1.106567
0.361572,-0.448608,0.969482
-0.441772,0.053589,0.847656
0.525513,-0.177979,1.139526
-0.165771,-0.256714,0.853394
-0.023193,0.204224,1.089478
0.408569,-0.396118,1.010132
-0.436768,-0.004517,0.829468
0.498047,-0.108643,1.155762
-0.080078,-0.285400,0.868896
-0.098022,0.220947,1.078857
0.460327,-0.392456,1.038452
-0.430054,-0.057251,0.821167
0.450928,-0.055542,1.161377
0.039307,-0.351807,0.882690
-0.166870,0.251587,1.082397
0.498901,-0.356079,1.054199
-0.420532,-0.103149,0.820435
0.390381,-0.054932,1.136230
0.081543,-0.347168,0.912964
-0.232666,0.209839,1.014404
0.529297,-0.278687,1.097290
-0.393677,-0.106079,0.820190
0.323975,-0.038574,1.123657
0.153076,-0.399536,0.930054
-0.292236,0.157959,0.972900
0.553467,-0.243774,1.118164
-0.352539,-0.155029,0.818237
0.233765,0.027710,1.119751
0.249756,-0.475708,0.937378
-0.369507,0.106323,0.905273
0.562988,-0.218994,1.130005
-0.279785,-0.184082,0.835571
0.127197,0.124634,1.099487
0.332153,-0.469604,0.966675
-0.427856,0.061890,0.855957
0.550415,-0.200562,1.148071
-0.190796,-0.236084,0.870605
0.035767,0.212646,1.116089
0.381104,-0.412231,0.988770
-0.454468,0.057617,0.865723
0.537598,-0.196289,1.152710
-0.111450,-0.278076,0.883667
-0.040039,0.232178,1.110962
0.420044,-0.373413,1.011353
-0.437866,-0.006592,0.842529
0.517090,-0.172607,1.161743
-0.000977,-0.357666,0.899902
-0.102905,0.224854,1.081055
0.449097,-0.329956,1.049561
-0.452881,-0.017700,0.828247
0.470459,-0.158203,1.159912
0.035156,-0.374023,0.902100
-0.136597,0.207520,1.065308
0.476196,-0.282471,1.077393
-0.441284,-0.038086,0.823242
0.430054,-0.089722,1.156372
0.055054,-0.395508,0.891235
-0.197510,0.184570,1.052612
0.531860,-0.287476,1.115845
-0.436401,-0.051880,0.817383
0.367798,-0.056030,1.128174
0.124146,-0.404541,0.925049
-0.262085,0.190186,1.015381
0.547607,-0.251709,1.134644
-0.363403,-0.134033,0.826172
0.304443,0.028320,1.147583
0.167847,-0.403076,0.935669
-0.312988,0.143188,0.967529
0.572632,-0.260376,1.143799
-0.338989,-0.177856,0.821289
0.237061,0.086670,1.151001
0.249512,-0.442749,0.944092
-0.369385,0.133057,0.918823
0.569946,-0.240234,1.134155
-0.266602,-0.208984,0.843384
0.152954,0.121826,1.117310
0.290405,-0.420044,0.962646
-0.383789,0.082031,0.894775
0.572144,-0.219604,1.157349
-0.233276,-0.224243,0.853394
0.090820,0.180176,1.127441
0.337402,-0.415405,0.971802
-0.431519,0.075562,0.880127
0.566895,-0.214966,1.169189
-0.185669,-0.261719,0.870850
0.032227,0.191895,1.117065
0.388062,-0.394775,0.999023
-0.446899,0.062012,0.863647
0.549438,-0.183594,1.151367
-0.114502,-0.296631,0.880371
-0.008423,0.181885,1.112671
0.407471,-0.367798,1.017456
-0.437622,0.017700,0.852661
0.526978,-0.127686,1.172363
-0.031250,-0.337769,0.900024
-0.067383,0.179688,1.089600
0.428589,-0.359619,1.042603
-0.437378,-0.023926,0.852661
0.497803,-0.090576,1.174072
-0.012085,-0.305664,0.885742
-0.111572,0.211426,1.101074
0.475952,-0.354126,1.062134
-0.444458,-0.046753,0.840820
0.457275,-0.079956,1.167603
0.010132,-0.323486,0.889648
-0.184692,0.201416,1.050415
0.510254,-0.309937,1.098999
-0.445068,-0.048096,0.829590
0.430420,-0.061768,1.179077
0.037598,-0.364136,0.894897
-0.220947,0.200684,1.025757
0.533203,-0.269287,1.124268
-0.392090,-0.140015,0.815918
0.354004,-0.026245,1.152832
0.098755,-0.375366,0.915405
-0.269165,0.163208,0.988159
0.565308,-0.267456,1.127441
-0.367432,-0.138672,0.820679
0.293579,0.021362,1.142700
0.171021,-0.400879,0.925171
-0.327393,0.151611,0.947510
0.577637,-0.270508,1.127930
-0.318848,-0.169556,0.838867
0.193726,0.091919,1.131104
0.231812,-0.413574,0.941772
-0.366089,0.094849,0.915405
0.570923,-0.236694,1.135864
-0.263062,-0.195435,0.835205
0.116943,0.173950,1.128784
0.313843,-0.433350,0.958740
-0.412720,0.053467,0.909546
0.552124,-0.230713,1.155640
-0.220337,-0.270996,0.846313
0.047607,0.172485,1.115723
0.345215,-0.380615,0.977051
-0.428589,0.035645,0.870361
0.553711,-0.166504,1.166626
-0.090332,-0.325562,0.873291
-0.028198,0.164673,1.071655
0.366211,-0.341064,0.994873
-0.460938,-0.020630,0.828735
0.547119,-0.193359,1.176636
-0.034546,-0.352783,0.875610
-0.094360,0.203979,1.075684
0.403931,-0.326050,1.013306
-0.467163,-0.009766,0.816406
0.498169,-0.162842,1.163940
-0.015869,-0.372192,0.879883
-0.156616,0.210815,1.063110
0.465332,-0.297241,1.063354
-0.475220,-0.020142,0.799561
0.432739,-0.104248,1.158081
0.038086,-0.393921,0.897827
-0.239624,0.209473,1.033447
0.509766,-0.295776,1.083740
-0.433838,-0.068481,0.795410
0.353638,-0.002930,1.165283
0.083496,-0.362183,0.898560
-0.286133,0.169556,0.994263
0.536133,-0.266479,1.109131
-0.390015,-0.143555,0.797119
0.272461,0.006714,1.128418
0.166870,-0.391479,0.929688
-0.343628,0.123169,0.940918
0.533569,-0.242798,1.116211
-0.323364,-0.200195,0.802124
0.170898,0.086792,1.115723
0.244385,-0.393555,0.943604
-0.402100,0.101685,0.894653
0.547485,-0.217651,1.127930
-0.258057,-0.247437,0.827881
0.056396,0.137451,1.086914
0.306763,-0.412109,0.955933
-0.416626,0.026123,0.879150
0.541626,-0.190674,1.149292
-0.179199,-0.284424,0.836060
-0.015137,0.137817,1.062012
0.338623,-0.342407,0.981812
-0.464111,-0.009033,0.836548
0.541870,-0.217285,1.154907
-0.089966,-0.346069,0.846436
-0.077515,0.189209,1.064941
0.385132,-0.325562,0.997070
-0.487061,0.001831,0.806030
0.489014,-0.161743,1.153076
-0.040283,-0.361328,0.855957
-0.174194,0.186401,1.050049
0.445435,-0.319824,1.036011
-0.490479,-0.017700,0.793091
0.397583,-0.067505,1.150513
0.001221,-0.350830,0.878662
-0.238770,0.188599,1.031982
0.477173,-0.294678,1.073242
-0.468628,-0.071777,0.778687
0.346191,-0.020630,1.152344
0.063477,-0.370483,0.873291
-0.313965,0.171997,0.976074
0.529297,-0.305176,1.094482
-0.413086,-0.125977,0.786621
0.238525,0.033813,1.124634
0.140137,-0.395752,0.897461
-0.381592,0.133179,0.924805
0.532715,-0.254639,1.102539
-0.353516,-0.216064,0.793701
0.150024,0.071289,1.104858
0.221313,-0.406494,0.918945
-0.436523,0.103516,0.880737
0.530151,-0.207642,1.111328
-0.276245,-0.266113,0.808594
0.038696,0.103882,1.064819
0.291992,-0.393433,0.936890
-0.466553,0.092773,0.839478
0.518555,-0.183838,1.112793
-0.163452,-0.291016,0.827148
-0.037354,0.124268,1.046021
0.339111,-0.384644,0.953125
-0.426880,-0.066650,0.834106
0.440308,-0.073120,1.168579
0.025269,-0.319336,0.906738
-0.213135,0.183838,1.033081
0.510986,-0.251343,1.115112
-0.416382,-0.089722,0.806519
0.344238,-0.004028,1.164795
0.120972,-0.385376,0.928833
-0.299683,0.140747,0.989990
0.571167,-0.273682,1.142090
-0.373901,-0.159302,0.807129
0.231201,0.088013,1.142578
0.211182,-0.417358,0.925659
-0.362427,0.119141,0.937378
0.580688,-0.265625,1.141968
-0.307861,-0.209351,0.829834
0.130371,0.133789,1.113525
0.299683,-0.413574,0.961792
-0.423096,0.095825,0.883423
0.557617,-0.182251,1.161743
-0.205811,-0.270996,0.845825
0.054810,0.146606,1.103394
0.328003,-0.391602,0.964722
-0.442261,0.059692,0.864746
0.565796,-0.152344,1.179688
-0.119873,-0.271362,0.871338
-0.054077,0.162842,1.069580
0.365845,-0.379028,0.992798
-0.424316,-0.025635,0.852417
0.538330,-0.153564,1.180664
-0.061401,-0.319458,0.857422
-0.139404,0.217529,1.059937
0.434448,-0.337524,1.016235
-0.463013,-0.051392,0.812012
0.481201,-0.128784,1.167725
-0.006470,-0.341797,0.883545
-0.183228,0.195679,1.040527
0.457520,-0.293945,1.051147
-0.461914,-0.049072,0.809082
0.416382,-0.057251,1.171753
0.039917,-0.354980,0.904297
-0.264648,0.175537,1.018677
0.495239,-0.289795,1.096802
-0.419556,-0.089722,0.804199
0.333374,0.012329,1.155029
0.107422,-0.363525,0.897827
-0.314941,0.165405,0.974121
0.535522,-0.286621,1.107910
-0.380615,-0.141113,0.798584
0.259399,0.064087,1.146240
0.150513,-0.363525,0.911865
-0.370117,0.130005,0.941162
0.561646,-0.305420,1.113037
-0.336792,-0.217163,0.807495
0.161621,0.120605,1.118042
0.208374,-0.382446,0.914795
-0.409058,0.084106,0.890259
0.566650,-0.250122,1.136353
-0.287109,-0.251343,0.814697
0.080933,0.106689,1.090210
0.278687,-0.387573,0.947388
-0.447266,0.088257,0.866089
0.540283,-0.196533,1.125366
-0.217773,-0.283813,0.830200
0.018066,0.132568,1.086060
0.324097,-0.388550,0.960571
-0.462646,0.055786,0.849731
0.516724,-0.186646,1.128052
-0.129639,-0.296997,0.842041
-0.052979,0.162476,1.067139
0.376831,-0.371460,0.977539
-0.475464,0.006226,0.820435
0.494629,-0.165527,1.139282
-0.097290,-0.353638,0.820435
-0.134277,0.181152,1.039307
0.417725,-0.359253,0.997070
-0.478638,-0.004517,0.818604
0.446411,-0.103271,1.151123
-0.063110,-0.361328,0.826294
-0.209961,0.190918,1.030151
0.445557,-0.322388,1.027954
-0.480103,-0.027466,0.793213
0.403687,-0.066406,1.139771
-0.030518,-0.352051,0.831665
-0.270020,0.173828,0.994995
0.493286,-0.314697,1.065308
-0.463745,-0.066650,0.776245
0.332031,-0.039795,1.126221
0.045532,-0.378662,0.855225
-0.320312,0.169556,0.948975
0.493896,-0.267212,1.076294
-0.422241,-0.145874,0.765015
0.259155,-0.023071,1.106934
0.107788,-0.382080,0.884521
-0.379395,0.151489,0.925171
0.521118,-0.253296,1.087891
-0.375977,-0.190674,0.777710
0.143799,0.061035,1.095459
0.193848,-0.417603,0.907104
-0.427246,0.090210,0.877441
0.520264,-0.213257,1.101562
-0.318237,-0.225830,0.784424
0.053345,0.128784,1.069824
0.263428,-0.390381,0.938110
-0.459229,0.024048,0.834229
0.503906,-0.221436,1.110840
-0.209473,-0.295898,0.793823
-0.037476,0.118652,1.039429
0.319458,-0.363525,0.947266
-0.493774,0.019165,0.800537
0.483521,-0.175781,1.117188
-0.118530,-0.355225,0.789673
-0.140381,0.161865,1.019043
0.356079,-0.336304,0.953735
-0.509277,-0.024292,0.784058
0.450439,-0.161743,1.123047
-0.086060,-0.353760,0.807861
-0.245361,0.205688,0.999268
0.416138,-0.298096,1.026001
-0.514404,-0.063110,0.754883
0.370483,-0.112915,1.113770
-0.018799,-0.358032,0.842041
-0.322632,0.185181,0.943359
0.467896,-0.277100,1.051025
-0.474731,-0.108154,0.749878
0.264648,-0.045532,1.095703
0.065674,-0.403442,0.858032
-0.391846,0.164185,0.921265
0.480225,-0.272461,1.058350
-0.410767,-0.156982,0.773804
0.145142,0.034790,1.055786
0.126221,-0.371826,0.880859
-0.436768,0.091431,0.860840
0.508423,-0.233765,1.100952
-0.371582,-0.223145,0.751099
0.061523,0.106567,1.061279
0.208496,-0.385254,0.893433
-0.497925,0.084961,0.829712
0.521118,-0.263428,1.079102
-0.255127,-0.269653,0.787964
-0.037598,0.124512,1.029053
0.276855,-0.394775,0.913696
-0.515015,0.022583,0.785278
0.482544,-0.196289,1.095337
-0.175903,-0.308105,0.786743
-0.124390,0.150757,1.011230
0.336792,-0.367432,0.939453
-0.533936,0.008789,0.783813
0.441406,-0.190674,1.088013
-0.142578,-0.331543,0.775146
-0.204712,0.177979,1.000000
0.379272,-0.328491,0.966675
-0.551270,-0.025757,0.746826
0.390991,-0.159424,1.091309
-0.090820,-0.362915,0.802368
-0.293823,0.181030,0.950195
0.410767,-0.316895,0.992920
-0.528564,-0.053467,0.741821
0.320679,-0.104248,1.080566
-0.032227,-0.373413,0.830200
-0.366699,0.151123,0.916504
0.434692,-0.290527,1.024170
-0.470459,-0.088013,0.749512
0.216431,0.006226,1.075562
0.037964,-0.399902,0.835205
-0.425049,0.155273,0.889038
0.471191,-0.290405,1.031860
-0.441162,-0.120972,0.751465
0.121948,0.103516,1.056030
0.105103,-0.364868,0.859009
-0.468018,0.098267,0.848389
0.475708,-0.290527,1.040649
-0.421143,-0.219604,0.729248
0.079468,0.126709,1.064819
0.150391,-0.387451,0.845215
-0.515991,0.121216,0.837524
0.486450,-0.287598,1.051392
-0.338013,-0.269775,0.755005
0.026367,0.114380,1.041016
0.179810,-0.361084,0.864258
-0.537354,0.134521,0.824341
0.486084,-0.271606,1.049927
-0.280884,-0.325073,0.748169
-0.031738,0.109009,1.018555
0.226074,-0.399170,0.879517
-0.550781,0.087036,0.789673
0.472656,-0.243896,1.060059
-0.253540,-0.299683,0.750122
-0.071045,0.152466,1.022095
0.257202,-0.385376,0.888306
-0.562744,0.044800,0.769043
0.460571,-0.229980,1.048096
-0.227539,-0.303955,0.736938
-0.138672,0.166626,0.989136
0.312256,-0.392456,0.908447
-0.554810,0.042358,0.777710
0.422852,-0.150879,1.062378
-0.211182,-0.319336,0.726807
-0.190674,0.154175,0.979858
0.333740,-0.399414,0.927612
-0.570923,0.010986,0.764771
0.396729,-0.167725,1.064819
-0.179443,-0.344360,0.729370
-0.255981,0.180542,0.950317
0.368530,-0.356079,0.944702
-0.574707,-0.013550,0.745483
0.365112,-0.171509,1.047607
-0.135986,-0.346191,0.759888
-0.303101,0.175293,0.925903
0.373047,-0.320557,0.955688
-0.568481,-0.046631,0.723511
0.320801,-0.132446,1.047607
-0.084961,-0.375732,0.774902
-0.367065,0.182983,0.903076
0.392212,-0.295898,0.983521
-0.533447,-0.078369,0.723022
0.258179,-0.070068,1.059326
-0.034546,-0.393066,0.785522
-0.432617,0.196655,0.891357
0.420166,-0.297241,0.984985
-0.492432,-0.135254,0.719604
0.166626,0.020264,1.044556
0.033569,-0.385376,0.817749
-0.494629,0.169800,0.845703
0.441284,-0.284790,1.009033
-0.460205,-0.185547,0.722412
0.080444,0.073242,1.029785
0.103149,-0.397949,0.839111
-0.543945,0.150513,0.828003
0.456055,-0.256958,1.024048
-0.384644,-0.183594,0.745483
0.007080,0.119995,1.025513
0.173706,-0.414185,0.849121
-0.573364,0.110596,0.790161
0.463135,-0.236572,1.035889
-0.304565,-0.251831,0.733521
-0.076782,0.166992,1.004028
0.256226,-0.412842,0.879639
-0.591187,0.074951,0.762207
0.420532,-0.209229,1.023071
-0.230957,-0.333984,0.703491
-0.159302,0.184814,0.969238
0.303467,-0.380371,0.890015
-0.587646,0.047241,0.757202
0.400024,-0.198975,1.033936
-0.175781,-0.395630,0.712158
-0.249756,0.170166,0.931519
0.330811,-0.348389,0.919800
-0.582275,0.007446,0.726318
0.352173,-0.162598,1.031372
-0.123657,-0.379883,0.756592
-0.319092,0.155273,0.896606
0.351685,-0.329590,0.926636
-0.581299,-0.022949,0.716064
0.308472,-0.102051,1.033691
-0.078735,-0.381348,0.768311
-0.396973,0.203369,0.886475
0.379395,-0.319214,0.954956
-0.544800,-0.053833,0.705933
0.219604,-0.033203,1.020996
-0.021484,-0.403076,0.792114
-0.456543,0.200073,0.878174
0.420288,-0.322021,0.964844
-0.538696,-0.052856,0.708618
0.120117,0.075439,1.018188
0.041748,-0.390259,0.806152
-0.494873,0.140503,0.843018
0.438477,-0.305908,0.988037
-0.479370,-0.116455,0.717407
0.053955,0.139526,1.017944
0.108276,-0.356812,0.828003
-0.534668,0.141479,0.835571
0.443604,-0.307617,0.984009
-0.402954,-0.207397,0.725830
0.011719,0.119141,1.006958
0.152344,-0.369141,0.833740
-0.577637,0.174683,0.806763
0.432617,-0.240479,1.006836
-0.313843,-0.278931,0.727661
-0.053833,0.116699,0.979248
0.194092,-0.406250,0.840454
-0.577515,0.110229,0.782593
0.416260,-0.183472,1.023438
-0.255737,-0.298096,0.720093
-0.129028,0.152832,0.970215
0.264771,-0.426514,0.863159
-0.595703,0.087280,0.761963
0.401611,-0.160522,1.022217
-0.218872,-0.308594,0.716431
-0.187134,0.173218,0.964600
0.325073,-0.400513,0.903442
-0.620605,0.066162,0.741211
0.365479,-0.155640,1.012573
-0.157959,-0.377075,0.703613
-0.273804,0.194092,0.935181
0.364380,-0.370850,0.928223
-0.598022,0.031982,0.735596
0.307007,-0.112061,1.015625
-0.112427,-0.387207,0.726929
-0.356201,0.189453,0.888428
0.373413,-0.320923,0.934814
-0.564697,-0.032104,0.713867
0.237793,-0.056885,1.010620
-0.056519,-0.398804,0.753174
-0.432251,0.221924,0.878662
0.414185,-0.294800,0.967285
-0.554321,-0.082031,0.683960
0.136841,0.036743,1.003784
0.024170,-0.410522,0.793823
-0.488281,0.218506,0.878784
0.435913,-0.277832,0.983521
-0.496826,-0.081909,0.722168
0.055664,0.101196,1.013184
0.107788,-0.433838,0.809204
-0.558594,0.182861,0.825439
0.435791,-0.219482,1.004639
-0.360596,-0.179810,0.739746
-0.034668,0.165039,1.001099
0.183350,-0.391479,0.843750
-0.593628,0.129639,0.783691
0.447021,-0.219849,1.015869
-0.266724,-0.273315,0.729980
-0.121704,0.185425,0.973511
0.257935,-0.377563,0.876587
-0.617310,0.081787,0.741089
0.406738,-0.172363,1.014648
-0.182373,-0.362549,0.714844
-0.200195,0.203857,0.957520
0.314941,-0.363281,0.889771
-0.607788,0.057007,0.731567
0.366577,-0.177856,1.005493
-0.124268,-0.382202,0.730713
-0.304443,0.205444,0.905396
0.374390,-0.346191,0.929443
-0.582275,0.024414,0.727417
0.269165,-0.074585,0.998413
-0.088135,-0.397461,0.733643
-0.379150,0.185059,0.876343
0.414062,-0.301025,0.958984
-0.557861,-0.051636,0.701416
0.160645,0.034302,1.004150
0.004150,-0.399780,0.777344
-0.468018,0.173584,0.856079
0.429077,-0.266357,0.988403
-0.478882,-0.117920,0.715454
0.071899,0.109741,1.010742
0.076660,-0.388184,0.797974
-0.546509,0.202271,0.825073
0.440552,-0.249390,0.993164
-0.342407,-0.197388,0.741455
-0.004028,0.142334,0.994995
0.161133,-0.352661,0.833984
-0.608398,0.155762,0.791504
0.441650,-0.237061,1.008789
-0.249023,-0.311401,0.721436
-0.092651,0.189331,0.984253
0.251099,-0.356323,0.864502
-0.627563,0.144531,0.751099
0.412109,-0.208618,0.998047
-0.179077,-0.353760,0.725342
-0.178833,0.169189,0.933472
0.325317,-0.345581,0.903809
-0.614258,0.119873,0.742188
0.358887,-0.118652,1.004028
-0.116455,-0.369995,0.729858
-0.267334,0.169678,0.907471
0.368408,-0.352295,0.907715
-0.600586,0.079590,0.731812
0.306519,-0.083496,1.000244
-0.065552,-0.396484,0.742188
-0.353271,0.206299,0.880615
0.385132,-0.300415,0.920898
-0.556030,-0.017090,0.714233
0.240601,-0.034180,0.996948
-0.019043,-0.394165,0.764771
-0.435425,0.203125,0.848389
0.406616,-0.281860,0.953125
-0.520264,-0.093262,0.702026
0.152466,0.035156,1.013916
0.038330,-0.406494,0.776855
-0.495728,0.230835,0.851074
0.425903,-0.242432,0.961548
-0.429321,-0.123413,0.735596
0.064453,0.107300,1.029541
0.129761,-0.410767,0.829956
-0.562012,0.197754,0.807861
0.425537,-0.211914,0.980591
-0.325928,-0.178467,0.749023
-0.013184,0.173340,1.005859
0.202148,-0.386108,0.849121
-0.593018,0.147217,0.786011
0.428223,-0.194946,1.001221
-0.232422,-0.278320,0.729370
-0.100342,0.186035,0.969604
0.270142,-0.362671,0.871948
-0.610229,0.131104,0.754761
0.419434,-0.182007,1.008423
-0.150635,-0.334595,0.754517
-0.168579,0.152832,0.922729
0.311157,-0.322266,0.895508
-0.614502,0.136108,0.746460
0.387085,-0.175781,0.998169
-0.095703,-0.383545,0.758911
-0.243408,0.151245,0.890137
0.357910,-0.321045,0.909912
-0.593262,0.117432,0.743408
0.310913,-0.092773,0.981567
-0.044189,-0.394897,0.755615
-0.306519,0.166138,0.874756
0.381226,-0.304443,0.921753
-0.565186,0.041016,0.729614
0.252197,-0.038086,0.969604
-0.019409,-0.384766,0.762329
-0.365479,0.163452,0.850586
0.412476,-0.258789,0.959106
-0.530396,-0.001587,0.716309
0.171753,0.070923,0.994385
0.016968,-0.413452,0.749390
-0.435669,0.174072,0.855835
0.447632,-0.286743,0.970337
-0.481567,-0.055298,0.745850
0.100708,0.106079,0.986328
0.062622,-0.410400,0.774414
-0.495728,0.184814,0.832153
0.452515,-0.257568,0.989624
-0.420288,-0.116943,0.751465
0.055420,0.180542,1.021973
0.112427,-0.357544,0.813843
-0.547363,0.157104,0.798584
0.466309,-0.292358,0.988892
-0.364380,-0.166748,0.761475
0.014038,0.166016,1.000610
0.165161,-0.363892,0.834473
-0.573608,0.161987,0.777954
0.473633,-0.224609,1.020020
-0.288330,-0.231934,0.753540
-0.053955,0.171753,0.975708
0.210327,-0.365112,0.848267
-0.574829,0.127930,0.776733
0.462402,-0.218018,1.022339
-0.229492,-0.246704,0.765137
-0.107788,0.192871,0.959229
0.270630,-0.359985,0.868042
-0.597412,0.126465,0.757812
0.446045,-0.195435,1.017700
-0.158081,-0.286133,0.783325
-0.154785,0.192505,0.948853
0.299805,-0.340576,0.889771
-0.610718,0.092285,0.751343
0.419922,-0.179810,1.022583
-0.105835,-0.355103,0.761719
-0.219360,0.229980,0.930420
0.343018,-0.326294,0.900146
-0.589600,0.107178,0.763550
0.379272,-0.167603,0.989502
-0.071655,-0.378906,0.773438
-0.262085,0.196045,0.891235
0.378540,-0.307007,0.919678
-0.565918,0.072632,0.740479
0.328003,-0.081055,1.005615
-0.041748,-0.416016,0.746460
-0.313721,0.175293,0.862061
0.411743,-0.320190,0.925903
-0.550659,0.028809,0.748413
0.261719,-0.042725,0.992676
0.006226,-0.435059,0.755127
-0.349487,0.168579,0.859375
0.423218,-0.287842,0.945923
-0.528931,-0.009033,0.741577
0.203735,-0.025635,0.987427
0.040894,-0.448364,0.755493
-0.411377,0.192017,0.831909
0.437012,-0.250244,0.951172
-0.476562,-0.032227,0.749756
0.128052,0.063965,1.010864
0.081055,-0.454468,0.787720
-0.459839,0.134888,0.805054
0.461060,-0.220947,0.997314
-0.444092,-0.040894,0.755615
0.048950,0.159546,1.010742
0.159058,-0.447998,0.813110
-0.535156,0.125244,0.797607
0.459961,-0.225220,1.005737
-0.352295,-0.125122,0.753296
-0.025879,0.211182,1.002075
0.231201,-0.400024,0.854736
-0.567627,0.096069,0.765015
0.461548,-0.214966,1.025513
-0.271484,-0.215088,0.748779
-0.080933,0.215698,0.977173
0.273071,-0.385498,0.871094
-0.574829,0.076416,0.750488
0.440063,-0.202393,1.017334
-0.183960,-0.302734,0.759521
-0.119873,0.205933,0.957153
0.318970,-0.353027,0.896240
-0.582886,0.140869,0.767700
0.410278,-0.146606,1.018066
-0.122559,-0.326538,0.762085
-0.175293,0.157593,0.928467
0.345825,-0.354004,0.926147
-0.562866,0.057007,0.752808
0.373657,-0.092651,1.011108
-0.058716,-0.376953,0.747314
-0.253418,0.198853,0.902588
0.376221,-0.331055,0.928711
-0.537354,-0.009277,0.744141
0.322388,-0.059937,1.004517
-0.018677,-0.402344,0.760742
-0.308228,0.168457,0.865601
0.418335,-0.361938,0.931519
-0.541748,-0.025757,0.737549
0.281982,-0.059448,0.988770
0.018555,-0.400635,0.761841
-0.374634,0.192383,0.847656
0.435059,-0.342773,0.946167
-0.498901,-0.091553,0.737427
0.209106,-0.005127,1.007568
0.043945,-0.438843,0.756226
-0.414917,0.167480,0.826904
0.449707,-0.294800,0.961548
-0.469360,-0.073242,0.755493
0.138306,0.038574,1.000977
0.105225,-0.449463,0.791016
-0.472168,0.133179,0.796387
0.459229,-0.271729,0.980835
-0.419189,-0.105591,0.761353
0.051392,0.111938,1.003784
0.171143,-0.450439,0.821045
-0.520630,0.112793,0.778320
0.459961,-0.248657,0.989014
-0.315430,-0.179443,0.776489
-0.026123,0.176514,1.002808
0.232056,-0.424805,0.856323
-0.554932,0.069580,0.755981
0.457642,-0.251221,1.007812
-0.211426,-0.262207,0.782471
-0.096069,0.192017,0.982544
0.288696,-0.372803,0.895874
-0.587036,0.085571,0.744873
0.432007,-0.205933,1.024536
-0.105835,-0.327515,0.801880
-0.158936,0.171387,0.944092
0.299805,-0.319214,0.914185
-0.548340,0.054321,0.749146
0.397705,-0.178711,1.012329
-0.064331,-0.350830,0.796387
-0.200195,0.151123,0.919922
0.355591,-0.305664,0.924561
-0.559570,0.042603,0.727417
0.338135,-0.124878,1.005737
-0.002930,-0.470459,0.777710
-0.253906,0.123413,0.899170
0.397583,-0.330566,0.943604
-0.560791,-0.000977,0.713989
0.270630,-0.062744,0.990967
0.041504,-0.427490,0.779907
-0.343262,0.139893,0.857056
0.450073,-0.315918,0.962769
-0.501709,-0.022949,0.739014
0.197998,0.061279,1.015137
0.047363,-0.402832,0.763672
-0.377319,0.071045,0.822876
0.488403,-0.342896,0.988037
-0.489014,-0.068848,0.740601
0.144897,0.083130,1.015259
0.101562,-0.448975,0.779907
-0.417358,0.121582,0.813477
0.471924,-0.296875,0.984131
-0.466431,-0.125610,0.736572
0.115845,0.030273,1.005371
0.142334,-0.475586,0.804199
-0.465454,0.134521,0.795654
0.465820,-0.267456,0.983643
-0.412109,-0.138184,0.744995
0.041504,0.093750,1.006714
0.200562,-0.518799,0.814941
-0.496460,0.063965,0.765015
0.464478,-0.238403,1.007446
-0.338623,-0.148071,0.769287
-0.037109,0.172729,1.004639
0.255371,-0.515259,0.843384
-0.518311,0.010742,0.735596
0.460571,-0.227661,1.034302
-0.277832,-0.201050,0.768311
-0.088501,0.218872,1.008423
0.313965,-0.439331,0.894531
-0.552002,0.036499,0.757935
0.438965,-0.230103,1.026733
-0.178223,-0.263184,0.798950
-0.132446,0.198364,0.991455
0.325317,-0.349854,0.931030
-0.556885,0.017212,0.762817
0.410889,-0.208862,1.028076
-0.067505,-0.384644,0.788574
-0.199829,0.209473,0.971313
0.370972,-0.368164,0.925171
-0.540527,0.005859,0.748657
0.357300,-0.189209,0.988770
0.016724,-0.440552,0.812866
-0.251709,0.176270,0.931274
0.396240,-0.329956,0.950562
-0.517822,-0.070312,0.735596
0.293091,-0.120605,0.988403
0.043579,-0.452881,0.788330
-0.303223,0.114136,0.876099
0.451416,-0.330322,0.981567
-0.476929,-0.071655,0.754883
0.207520,-0.006592,0.993042
0.080566,-0.451538,0.789673
-0.337891,0.078613,0.852295
0.463135,-0.333252,0.976196
-0.482544,-0.099609,0.736450
0.176636,-0.002319,1.020020
0.120972,-0.460449,0.799072
-0.429321,0.123413,0.829956
0.487061,-0.333252,0.997437
-0.411377,-0.155273,0.762329
0.093140,0.062866,1.025757
0.168701,-0.489014,0.816528
-0.456177,0.095215,0.794312
0.479126,-0.261963,1.019531
-0.356079,-0.167480,0.786133
0.024780,0.087158,1.018555
0.240845,-0.498657,0.847778
-0.495728,0.030151,0.750854
0.463013,-0.241333,1.023315
-0.268188,-0.210083,0.783325
-0.056030,0.148560,1.016968
0.302002,-0.481323,0.885376
-0.519165,0.024048,0.752930
0.439087,-0.180664,1.043579
-0.168579,-0.230469,0.807251
-0.133057,0.166260,0.994629
0.358521,-0.458862,0.917358
-0.515137,-0.026367,0.763916
0.399414,-0.129517,1.060547
-0.065796,-0.381104,0.781738
-0.195801,0.188599,0.971802
0.399414,-0.363281,0.964600
-0.503540,-0.056396,0.765381
0.337646,-0.110962,1.039307
0.030640,-0.459961,0.792236
-0.256714,0.133057,0.900879
0.445679,-0.326782,0.989990
-0.508789,-0.065674,0.747803
0.268066,-0.082153,1.010498
0.088623,-0.484619,0.793823
-0.308228,0.095337,0.882690
0.467407,-0.310547,1.010010
-0.450317,-0.088501,0.771729
0.180908,0.004883,1.010620
0.117188,-0.442139,0.821655
-0.379272,0.072021,0.850708
0.518311,-0.323242,1.044312
-0.416382,-0.149414,0.757446
0.088379,0.092041,1.015137
0.204346,-0.472290,0.841919
-0.433105,0.054932,0.813721
0.510742,-0.283447,1.060791
-0.329590,-0.241211,0.762207
0.006836,0.177612,1.039673
0.258057,-0.449829,0.868774
-0.465332,0.019287,0.793213
0.507202,-0.282593,1.051880
-0.276001,-0.222656,0.803589
-0.035400,0.171631,1.036621
0.322021,-0.458984,0.892700
-0.510254,0.055786,0.787720
0.480347,-0.255493,1.058594
-0.172852,-0.265625,0.834351
-0.085938,0.176392,1.019043
0.341919,-0.415283,0.918945
-0.520386,0.044556,0.787476
0.350464,-0.145996,0.984741
0.012451,-0.408691,0.812866
-0.246460,0.127197,0.920532
0.401367,-0.372437,0.947754
-0.515747,-0.053833,0.731812
0.288940,-0.053467,1.000000
0.040771,-0.399048,0.782471
-0.304810,0.151733,0.898315
0.433594,-0.386353,0.959839
-0.500854,-0.114014,0.738037
0.240601,-0.051636,1.002808
0.069824,-0.448608,0.772217
-0.361938,0.167480,0.868896
0.461914,-0.362915,0.971924
-0.477051,-0.133057,0.746704
0.160767,-0.047363,0.972778
0.109253,-0.454224,0.789429
-0.399902,0.141113,0.832886
0.473389,-0.283813,0.988159
-0.425903,-0.140991,0.764282
0.077026,0.034912,1.006958
0.161377,-0.518433,0.793091
-0.446899,0.044434,0.782715
0.481934,-0.250000,1.017822
-0.350220,-0.143433,0.761963
-0.007690,0.143555,1.019287
0.263672,-0.478027,0.867920
-0.498901,0.022705,0.758301
0.460327,-0.251953,1.025513
-0.249878,-0.258545,0.767090
-0.096558,0.221680,1.026245
0.336914,-0.427856,0.923462
-0.537720,0.038696,0.765259
0.418091,-0.225342,1.025391
-0.123291,-0.370239,0.784668
-0.143433,0.182251,0.993042
0.345581,-0.355347,0.936401
-0.542969,0.027222,0.757812
0.403442,-0.166870,1.049561
-0.019409,-0.413696,0.813477
-0.223511,0.157349,0.944580
0.411255,-0.385986,0.943237
-0.511597,0.002319,0.765381
0.305908,-0.096313,1.012329
0.050293,-0.416260,0.834229
-0.264160,0.089966,0.906128
0.437988,-0.353516,0.982178
-0.490234,-0.069824,0.738770
0.236328,0.016724,1.015259
0.089233,-0.420776,0.805908
-0.325439,0.091064,0.887207
0.466675,-0.358032,1.001953
-0.458008,-0.156982,0.745483
0.207520,0.010498,1.038818
0.115479,-0.426880,0.808105
-0.394409,0.127686,0.851318
0.493286,-0.329224,1.020996
-0.399658,-0.196777,0.757446
0.139893,0.038696,1.028198
0.161499,-0.471558,0.820557
-0.430664,0.109863,0.833496
0.499756,-0.309692,1.020386
-0.367310,-0.182129,0.760620
0.070679,0.084961,1.015259
0.234009,-0.489380,0.851440
-0.461792,0.039185,0.776489
0.498291,-0.277832,1.036987
-0.298706,-0.217041,0.777588
0.001953,0.130615,1.026123
0.292114,-0.476318,0.887207
-0.498047,0.031372,0.770142
0.463257,-0.253296,1.044922
-0.220337,-0.260132,0.809814
-0.051147,0.151123,1.031128
0.331909,-0.450439,0.920288
-0.506958,0.035034,0.772949
0.452271,-0.209229,1.054688
-0.165771,-0.286621,0.802612
-0.113770,0.163696,1.006836
0.377808,-0.440552,0.947021
-0.486450,-0.023438,0.775879
0.419189,-0.142090,1.053345
-0.084595,-0.312012,0.811890
-0.159546,0.186401,1.002197
0.411743,-0.420898,0.960693
-0.500122,-0.039185,0.771729
0.386475,-0.128906,1.059082
-0.004150,-0.356201,0.838623
-0.203613,0.180054,0.973145
0.436157,-0.387085,0.987183
-0.484497,-0.095093,0.754883
0.347168,-0.089111,1.053467
0.079590,-0.405151,0.843750
-0.290527,0.200806,0.954346
0.468628,-0.359375,0.999512
-0.438843,-0.145752,0.769409
0.275024,-0.048706,1.059937
0.089722,-0.431763,0.821777
-0.325317,0.171387,0.924927
0.510498,-0.322144,1.027222
-0.414307,-0.107544,0.789062
0.196655,-0.007568,1.048584
0.169312,-0.466309,0.852295
-0.377686,0.091919,0.869019
0.517822,-0.278809,1.055908
-0.366821,-0.182251,0.771729
0.122925,0.077271,1.059204
0.241821,-0.495483,0.863892
-0.432739,0.065430,0.824219
0.517822,-0.261719,1.059326
-0.282715,-0.233398,0.799561
0.049561,0.101929,1.046875
0.286987,-0.452515,0.900146
-0.462769,0.058350,0.806396
0.518555,-0.245361,1.088013
-0.213623,-0.256714,0.827637
-0.040405,0.184692,1.057617
0.343262,-0.438599,0.932007
-0.472778,0.015259,0.800781
0.489136,-0.198486,1.097656
-0.149658,-0.243286,0.855957
-0.101196,0.192139,1.037231
0.397095,-0.441650,0.960327
-0.469116,-0.053711,0.786743
0.439453,-0.111816,1.099854
-0.053589,-0.298340,0.855957
-0.152954,0.202759,1.027100
0.445679,-0.427002,0.984131
-0.458984,-0.077271,0.796753
0.399048,-0.118042,1.098145
0.054077,-0.382935,0.862183
-0.226074,0.234253,1.015137
0.480103,-0.361206,1.023804
-0.441772,-0.078735,0.809326
0.353760,-0.099609,1.086792
0.095581,-0.409790,0.873291
-0.285278,0.184082,0.971069
0.511597,-0.308594,1.052490
-0.394653,-0.132324,0.803589
0.272217,-0.009888,1.081421
0.135498,-0.406250,0.876099
-0.321289,0.131958,0.945190
0.537964,-0.286743,1.089478
-0.375488,-0.174927,0.781494
0.176147,0.051514,1.071533
0.233032,-0.443237,0.904541
-0.372437,0.090820,0.882080
0.547119,-0.276611,1.096436
-0.290039,-0.208740,0.821411
0.089111,0.128784,1.069092
0.297607,-0.453857,0.924927
-0.430054,0.036621,0.843384
0.540039,-0.284180,1.098267
-0.237549,-0.264771,0.818970
0.032227,0.206177,1.084961
0.347168,-0.394897,0.969238
-0.456055,0.054565,0.835571
0.524902,-0.228394,1.122803
-0.174561,-0.288330,0.843628
-0.027100,0.187988,1.070557
0.403198,-0.385864,0.991943
-0.471313,0.047607,0.831787
0.508911,-0.169434,1.134277
-0.066406,-0.319580,0.859741
-0.099609,0.201660,1.052124
0.421875,-0.375122,1.001831
-0.458618,-0.024292,0.812500
0.483521,-0.143188,1.130981
0.003418,-0.327026,0.882446
-0.165283,0.230713,1.042847
0.476440,-0.342407,1.052490
-0.443481,-0.069214,0.814209
0.412598,-0.092529,1.135132
0.053833,-0.388550,0.873291
-0.183105,0.191162,1.031372
0.505737,-0.304321,1.075684
-0.443237,-0.059082,0.801636
0.372559,-0.090942,1.109375
0.085449,-0.403198,0.882690
-0.233643,0.182495,1.008179
0.531982,-0.273560,1.086914
-0.393066,-0.078491,0.824219
0.306763,-0.023926,1.105591
0.151855,-0.462402,0.914307
-0.295898,0.137939,0.976318
0.537598,-0.233154,1.129761
-0.375366,-0.118286,0.821533
0.262085,0.042480,1.139038
0.221313,-0.448486,0.947754
-0.376587,0.125122,0.951904
0.572754,-0.281250,1.129272
-0.325317,-0.198730,0.803589
0.169067,0.139038,1.116577
0.253662,-0.424805,0.936523
-0.369995,0.064453,0.911377
0.573242,-0.287598,1.137329
-0.298340,-0.242310,0.809082
0.130249,0.142212,1.109131
0.311890,-0.435669,0.965332
-0.392334,0.085205,0.878296
0.563110,-0.218628,1.136597
-0.260132,-0.225830,0.821899
0.076538,0.145142,1.095215
0.362671,-0.446045,0.988281
-0.415405,0.061279,0.874756
0.538696,-0.173706,1.137939
-0.210327,-0.219604,0.841675
0.057617,0.169189,1.115967
0.379639,-0.445679,0.991089
-0.432739,0.057129,0.863525
0.536133,-0.129395,1.165039
-0.154053,-0.220093,0.878540
-0.006226,0.221802,1.115356
0.407959,-0.430176,1.004517
-0.444580,0.013550,0.863403
0.538940,-0.178223,1.156860
-0.098389,-0.242920,0.895508
-0.067993,0.237305,1.091309
0.438721,-0.364990,1.026978
-0.442383,-0.034790,0.837524
0.507812,-0.174072,1.162354
-0.010620,-0.339111,0.903076
-0.095459,0.233887,1.083130
0.468628,-0.317993,1.053711
-0.450562,-0.020508,0.838745
0.469604,-0.149658,1.160156
0.041626,-0.379883,0.901489
-0.149292,0.213745,1.058594
0.487427,-0.277344,1.072388
-0.443237,-0.045044,0.811401
0.446045,-0.093872,1.165283
0.049683,-0.403809,0.891357
-0.195435,0.206055,1.056030
0.531494,-0.294556,1.106201
-0.433716,-0.052612,0.815918
0.381592,-0.020874,1.160767
0.098145,-0.407471,0.918579
-0.250000,0.183105,1.039551
0.566528,-0.289917,1.135376
-0.395996,-0.089233,0.826172
0.297974,0.053223,1.151489
0.153931,-0.401123,0.926880
-0.289307,0.152466,1.002319
0.593140,-0.286499,1.153076
-0.351929,-0.140503,0.828613
0.235596,0.124268,1.147217
0.217163,-0.431030,0.941040
-0.325806,0.097290,0.950684
0.574463,-0.265137,1.149902
-0.310791,-0.235474,0.819092
0.189697,0.147095,1.153687
0.275757,-0.417236,0.966797
-0.403442,0.091309,0.901855
0.573486,-0.243164,1.162354
-0.245728,-0.249878,0.835693
0.132324,0.161987,1.151123
0.306396,-0.402344,0.958130
-0.415405,0.104370,0.894409
0.571045,-0.218018,1.152588
-0.210571,-0.257324,0.855713
0.076172,0.178711,1.137451
0.361206,-0.418945,0.976562
-0.436401,0.098755,0.881226
0.558228,-0.187500,1.155396
-0.177734,-0.276611,0.858032
0.025269,0.162231,1.110352
0.404175,-0.413452,1.009521
-0.429321,0.061279,0.878174
0.543213,-0.138306,1.166626
-0.106567,-0.302490,0.863281
-0.044189,0.183228,1.088257
0.419922,-0.386963,1.034424
-0.439209,-0.021240,0.843140
0.522827,-0.113281,1.183594
-0.034912,-0.329224,0.888184
-0.068970,0.182373,1.089722
0.434204,-0.352661,1.029663
-0.458130,-0.017090,0.832520
0.506226,-0.125854,1.185425
0.005005,-0.315063,0.900635
-0.141235,0.213867,1.058594
0.457275,-0.302490,1.060425
-0.447510,-0.059204,0.824707
0.471558,-0.083374,1.190674
0.013550,-0.347046,0.886719
-0.187378,0.220337,1.063477
0.487061,-0.301758,1.076538
-0.449463,-0.063721,0.808960
0.419556,-0.068970,1.170288
0.053711,-0.369141,0.904419
-0.233032,0.222168,1.051270
0.515259,-0.292847,1.096436
-0.435181,-0.085815,0.810913
0.372681,-0.030396,1.159424
0.096069,-0.389404,0.912354
-0.286133,0.216431,1.010254
0.541870,-0.313965,1.095337
-0.397705,-0.132812,0.809204
0.329712,-0.001831,1.148315
0.097046,-0.351074,0.914917
-0.289307,0.122070,0.960815
0.578735,-0.316406,1.133301
-0.374023,-0.170532,0.814941
0.267822,0.056885,1.146729
0.147095,-0.398193,0.898682
-0.309326,0.118042,0.943970
0.563965,-0.257202,1.129028
-0.346069,-0.188354,0.814819
0.220337,0.038452,1.132202
0.196167,-0.402344,0.926270
-0.371582,0.150024,0.924438
0.563965,-0.240723,1.120239
-0.304688,-0.222168,0.827881
0.143433,0.065308,1.111694
0.260132,-0.400635,0.949097
-0.405640,0.121948,0.900269
0.566895,-0.205078,1.140137
-0.252930,-0.246460,0.827271
0.040161,0.118774,1.088013
0.335938,-0.404907,0.977783
-0.438110,0.032959,0.853394
0.549316,-0.185181,1.151367
-0.149902,-0.280273,0.847778
-0.034180,0.191406,1.088135
0.382568,-0.365967,0.985107
-0.461060,-0.003662,0.834717
0.513672,-0.180054,1.150024
-0.080811,-0.336304,0.854858
-0.093994,0.168701,1.063965
0.400513,-0.322998,1.014160
-0.489746,-0.021606,0.810425
0.484253,-0.141724,1.168213
-0.028320,-0.383789,0.857544
-0.176514,0.201172,1.060303
0.432129,-0.314453,1.031494
-0.474121,-0.043457,0.804688
0.427979,-0.118286,1.157593
-0.013062,-0.356934,0.872925
-0.236694,0.220215,1.011963
0.481201,-0.263916,1.087402
-0.448120,-0.117676,0.770630
0.345093,-0.083618,1.122314
0.049316,-0.382446,0.884766
-0.284912,0.162598,0.967529
0.496094,-0.266357,1.083130
-0.427856,-0.124512,0.772827
0.281006,-0.019897,1.119995
0.103394,-0.411011,0.890137
-0.339355,0.134033,0.936890
0.523804,-0.276978,1.088745
-0.409424,-0.130859,0.774902
0.227661,0.018433,1.105225
0.160645,-0.418945,0.901978
-0.382324,0.129761,0.920410
0.520386,-0.232788,1.101440
-0.370850,-0.171631,0.781860
0.160767,0.087402,1.111206
0.194458,-0.416748,0.908813
-0.421753,0.114746,0.904907
0.541138,-0.274170,1.094971
-0.339355,-0.183716,0.799683
0.091675,0.122925,1.087769
0.235718,-0.399536,0.927246
-0.445801,0.069092,0.872314
0.526123,-0.245972,1.097778
-0.288452,-0.239624,0.798218
0.047485,0.138428,1.077148
0.266602,-0.380493,0.917114
-0.487549,0.061523,0.828003
0.533569,-0.238159,1.116333
-0.183838,-0.328247,0.806519
-0.024536,0.144897,1.046021
0.307007,-0.369629,0.923462
-0.489502,0.051392,0.826904
0.515137,-0.233154,1.103882
-0.150757,-0.339844,0.803833
-0.087646,0.122559,1.017090
0.343628,-0.360107,0.955811
-0.500488,0.019287,0.786499
0.466675,-0.154907,1.122437
-0.118652,-0.343750,0.811523
-0.143188,0.144043,1.024902
0.369263,-0.332764,0.977295
-0.519043,-0.009155,0.772461
0.435303,-0.121094,1.133789
-0.107910,-0.325684,0.802490
-0.219727,0.188965,1.022095
0.435791,-0.379883,1.004761
-0.530151,-0.025146,0.774780
0.395020,-0.114868,1.111694
-0.066528,-0.310425,0.830566
-0.287109,0.195435,0.973877
0.453613,-0.321411,1.029541
-0.501221,-0.078247,0.758789
0.324097,-0.075317,1.103394
-0.017578,-0.370239,0.823853
-0.339233,0.176392,0.949585
0.475098,-0.325928,1.032715
-0.464844,-0.100708,0.762207
0.266602,-0.014771,1.093140
0.026489,-0.377563,0.826416
-0.382324,0.166382,0.911499
0.475708,-0.298828,1.040405
-0.436401,-0.168823,0.753052
0.212891,0.007446,1.098755
0.095947,-0.408203,0.859863
-0.448730,0.175293,0.890503
0.472656,-0.261719,1.040771
-0.416870,-0.193481,0.751099
0.141113,0.038452,1.075928
0.164429,-0.420898,0.880615
-0.487671,0.145386,0.856934
0.479126,-0.240234,1.056152
-0.364746,-0.211182,0.773804
0.050171,0.101318,1.067871
0.224121,-0.450073,0.881592
-0.514771,0.095703,0.826050
0.473389,-0.214600,1.056396
-0.272583,-0.256592,0.764282
-0.014526,0.145752,1.038086
0.248657,-0.386841,0.905273
-0.523560,0.033081,0.792114
0.472656,-0.216919,1.083374
-0.233643,-0.307251,0.732422
-0.074707,0.156494,1.015869
0.296021,-0.387085,0.901611
-0.540161,0.040771,0.780273
0.473145,-0.209351,1.079956
-0.191040,-0.320190,0.754761
-0.162354,0.141357,0.972046
0.326050,-0.359253,0.933228
-0.541382,-0.001221,0.769653
0.439087,-0.214844,1.074707
-0.189087,-0.353027,0.741577
-0.200317,0.163208,0.969727
0.346680,-0.345703,0.931396
-0.558838,0.029541,0.760742
0.402100,-0.193481,1.055664
-0.144775,-0.357788,0.782593
-0.251465,0.152466,0.957275
0.375244,-0.348022,0.958496
-0.556885,0.043945,0.754028
0.350220,-0.112183,1.063721
-0.112061,-0.349365,0.791382
-0.291870,0.167847,0.942871
0.396362,-0.335449,0.966187
-0.567383,0.018433,0.752563
0.328613,-0.111816,1.060181
-0.089966,-0.359009,0.772705
-0.354736,0.175415,0.905518
0.416504,-0.327881,0.981445
-0.514160,-0.097046,0.718262
0.267456,-0.048462,1.058105
-0.062500,-0.341553,0.788696
-0.393677,0.190430,0.908447
0.438110,-0.335449,0.993164
-0.515747,-0.109985,0.726807
0.218384,-0.038208,1.047974
-0.019165,-0.388794,0.794800
-0.436523,0.201294,0.881958
0.439941,-0.307739,1.006714
-0.510864,-0.100586,0.748535
0.165405,-0.021851,1.034058
0.037720,-0.409546,0.818970
-0.471802,0.168823,0.849854
0.428223,-0.264282,1.005249
-0.477661,-0.137817,0.722290
0.118652,0.048096,1.038452
0.102905,-0.415283,0.843018
-0.525024,0.165649,0.850342
0.444824,-0.266235,1.013672
-0.438843,-0.201782,0.713867
0.046143,0.078003,1.014771
0.164062,-0.416138,0.855103
-0.544922,0.144043,0.822021
0.440430,-0.223145,1.021973
-0.345337,-0.213379,0.743286
-0.024414,0.106445,1.008057
0.209595,-0.439819,0.859253
-0.559082,0.087158,0.794800
0.438599,-0.195923,1.044189
-0.283447,-0.259399,0.722778
-0.106445,0.148071,0.980225
0.272461,-0.375977,0.898193
-0.575562,0.021729,0.757690
0.411743,-0.208740,1.033203
-0.228149,-0.319458,0.711670
-0.187622,0.177612,0.974365
0.320190,-0.381104,0.900879
-0.592163,0.023560,0.750732
0.387817,-0.203125,1.035522
-0.183716,-0.380737,0.709595
-0.259766,0.166138,0.924194
0.352295,-0.333862,0.934570
-0.595459,0.043457,0.744263
0.336060,-0.145874,1.034912
-0.129517,-0.377441,0.744629
-0.323608,0.145752,0.884521
0.370117,-0.327881,0.941284
-0.580566,-0.008179,0.715576
0.274170,-0.084595,1.020020
-0.057983,-0.390381,0.781738
-0.396240,0.201538,0.902222
0.381836,-0.312012,0.945312
-0.543091,-0.039551,0.717163
0.189453,0.003418,1.021729
-0.015991,-0.373047,0.802612
-0.457886,0.180054,0.878662
0.430664,-0.310303,0.978638
-0.523438,-0.056641,0.719727
0.101318,0.066406,1.002319
0.069824,-0.389771,0.817749
-0.518921,0.163574,0.838135
0.438965,-0.270264,1.008545
-0.440186,-0.133423,0.741699
0.035400,0.138794,1.017212
0.112183,-0.400879,0.825928
-0.547607,0.144775,0.830566
0.440796,-0.259277,1.012207
-0.375366,-0.212280,0.722778
-0.020996,0.156128,0.991211
0.168213,-0.397583,0.826904
-0.583130,0.123291,0.789429
0.455688,-0.252686,1.022461
-0.301147,-0.290649,0.717285
-0.074585,0.167603,0.982910
0.227051,-0.380737,0.861084
-0.614746,0.097534,0.755859
0.432983,-0.246460,1.011230
-0.214600,-0.351318,0.723633
-0.164673,0.176270,0.954590
0.271484,-0.379517,0.879272
-0.611572,0.100220,0.756226
0.400024,-0.171631,1.022095
-0.199341,-0.355835,0.709473
-0.210083,0.173462,0.944702
0.322388,-0.359863,0.907349
-0.618774,0.072632,0.748169
0.364624,-0.181519,1.011230
-0.148682,-0.396973,0.730103
-0.281982,0.158936,0.915649
0.341187,-0.329468,0.907104
-0.599243,0.050049,0.729736
0.322144,-0.110352,1.017700
-0.109741,-0.396973,0.738770
-0.333374,0.170654,0.907715
0.351440,-0.337524,0.910767
-0.608032,0.034180,0.708252
0.266357,-0.082886,1.000366
-0.038452,-0.407104,0.770386
-0.393799,0.193115,0.880127
0.375244,-0.270142,0.951904
-0.567749,-0.014282,0.694824
0.191528,-0.037720,0.978882
-0.009644,-0.389038,0.785767
-0.461670,0.172974,0.857300
0.419800,-0.302612,0.960327
-0.522827,-0.070679,0.693726
0.101562,0.101807,0.998169
0.050049,-0.368652,0.806396
-0.504761,0.151611,0.847168
0.434692,-0.300415,0.968994
-0.493042,-0.068848,0.708984
0.061279,0.147827,1.004028
0.093872,-0.366577,0.805786
-0.521484,0.167358,0.836426
0.438965,-0.266113,0.992676
-0.418335,-0.180420,0.720825
0.013184,0.142944,1.002075
0.142456,-0.419434,0.813843
-0.581177,0.188477,0.796753
0.442871,-0.219360,1.010742
-0.314209,-0.229004,0.739380
-0.044434,0.158081,0.997925
0.186768,-0.392456,0.834839
-0.595337,0.137451,0.771851
0.444824,-0.201416,1.022827
-0.261841,-0.269531,0.723389
-0.104614,0.207031,0.981323
0.245239,-0.367310,0.857300
-0.617310,0.121826,0.764160
0.440063,-0.213623,1.013916
-0.222046,-0.319702,0.717041
-0.141724,0.190186,0.958740
0.287964,-0.354248,0.882202
-0.627441,0.116211,0.744507
0.413818,-0.196289,1.005981
-0.168457,-0.351685,0.723999
-0.207275,0.176392,0.928711
0.322998,-0.362915,0.886963
-0.609131,0.096313,0.747437
0.375732,-0.114380,1.016479
-0.144775,-0.359619,0.715332
-0.244141,0.192993,0.917114
0.350586,-0.351318,0.904785
-0.601929,0.065796,0.741699
0.332764,-0.123535,1.007935
-0.105469,-0.410522,0.728027
-0.293579,0.189087,0.906006
0.376831,-0.339966,0.927979
-0.584595,0.044678,0.732544
0.292603,-0.041260,1.000732
-0.070190,-0.392578,0.727417
-0.360229,0.198120,0.873413
0.395874,-0.316162,0.950562
-0.564087,-0.030762,0.707642
0.243774,-0.042847,0.999146
-0.030762,-0.413330,0.744629
-0.418213,0.223511,0.865234
0.419434,-0.302856,0.961426
-0.542969,-0.071289,0.695557
0.186523,0.004639,1.005005
0.004517,-0.395508,0.781860
-0.482666,0.211060,0.836792
0.429565,-0.272461,0.970703
-0.451538,-0.131470,0.731201
0.099365,0.112671,1.025879
0.033203,-0.386597,0.777100
-0.496704,0.215576,0.830566
0.451782,-0.267212,0.973145
-0.414673,-0.108887,0.765381
0.041504,0.110840,1.005859
0.127808,-0.404785,0.810547
-0.557495,0.192993,0.791382
0.444214,-0.208374,0.994263
-0.322021,-0.183350,0.766113
-0.024658,0.162109,0.998779
0.199951,-0.427490,0.838623
-0.585449,0.127686,0.771484
0.443481,-0.175049,1.016968
-0.259521,-0.203247,0.731567
-0.097656,0.229614,0.986450
0.273071,-0.378662,0.867920
-0.607300,0.096436,0.749023
0.426392,-0.184570,1.014648
-0.187256,-0.323608,0.741821
-0.162354,0.210327,0.952515
0.317505,-0.362183,0.891479
-0.588379,0.093018,0.748535
0.395264,-0.146362,1.014038
-0.134399,-0.359009,0.724609
-0.212646,0.206055,0.924438
0.344238,-0.344482,0.892090
-0.581909,0.088989,0.759277
0.361206,-0.127930,1.002563
-0.092529,-0.366821,0.738525
-0.259766,0.201904,0.900391
0.372681,-0.300659,0.917114
-0.598511,0.062500,0.725586
0.312988,-0.102173,0.984985
-0.043091,-0.414429,0.754639
-0.292236,0.155518,0.883423
0.387085,-0.295776,0.920654
-0.564697,0.038940,0.707642
0.253784,-0.005737,0.989624
-0.016357,-0.389160,0.764404
-0.344727,0.140747,0.847778
0.409058,-0.292358,0.954956
-0.558594,0.010986,0.710205
0.216309,0.009766,0.999878
0.007446,-0.389526,0.772827
-0.415161,0.149292,0.842407
0.455200,-0.304810,0.968506
-0.503540,-0.005005,0.733154
0.145386,0.137817,1.009766
0.020142,-0.320190,0.789917
-0.431152,0.138550,0.845825
0.455811,-0.322021,0.971191
-0.525635,-0.058350,0.726562
0.145630,0.090454,1.021362
0.093384,-0.393555,0.804688
-0.499390,0.219971,0.819214
0.443726,-0.269287,0.960083
-0.463623,-0.109375,0.734131
-0.025757,0.124268,0.989258
0.213257,-0.412354,0.860352
-0.589478,0.175903,0.797119
0.414429,-0.161987,0.993164
-0.287231,-0.219482,0.742432
-0.078369,0.171021,0.976196
0.244263,-0.421143,0.864990
-0.599487,0.144653,0.776123
0.413818,-0.148682,1.020386
-0.252197,-0.274292,0.716431
-0.113770,0.194458,0.975586
0.284058,-0.374756,0.886230
-0.618530,0.118896,0.762085
0.415161,-0.183960,1.009888
-0.201172,-0.329590,0.719482
-0.169922,0.203003,0.949463
0.307739,-0.363892,0.883179
-0.596313,0.127075,0.774292
0.401733,-0.167969,1.014282
-0.150391,-0.344482,0.734253
-0.221802,0.178955,0.910400
0.346069,-0.354370,0.890503
-0.605347,0.102051,0.748291
0.357056,-0.130249,1.002075
-0.109253,-0.362305,0.742065
-0.268799,0.183472,0.903076
0.355957,-0.347900,0.904663
-0.597778,0.079834,0.738770
0.327759,-0.094482,0.998413
-0.079102,-0.386719,0.742065
-0.315552,0.193359,0.880859
0.383301,-0.327515,0.925659
-0.568115,0.016602,0.722534
0.276733,-0.044067,0.999756
-0.064941,-0.369263,0.750488
-0.378906,0.182617,0.854736
0.417847,-0.327759,0.937378
-0.527344,-0.013428,0.727295
0.197632,0.044434,1.017212
-0.025635,-0.392212,0.742554
-0.437378,0.196289,0.847290
0.442749,-0.313354,0.964966
-0.494629,-0.053467,0.733154
0.145386,0.074341,1.008057
0.046509,-0.387085,0.785034
-0.477905,0.208618,0.832153
0.434570,-0.265869,0.973877
-0.430786,-0.117920,0.756104
0.085083,0.111572,1.028076
0.083984,-0.400757,0.791382
-0.526611,0.191406,0.819214
0.438477,-0.224731,0.982178
-0.361816,-0.169800,0.744995
0.026001,0.144897,1.011353
0.163696,-0.404541,0.827515
-0.574341,0.157104,0.778320
0.440796,-0.201904,1.007446
-0.287476,-0.213867,0.742065
-0.068359,0.194336,0.981689
0.248657,-0.383911,0.874878
-0.575806,0.114380,0.784668
0.424194,-0.147827,1.018677
-0.193848,-0.277100,0.740479
-0.157593,0.189209,0.950684
0.315552,-0.400391,0.885742
-0.580688,0.062500,0.769165
0.391235,-0.112915,1.037231
-0.118042,-0.360107,0.724854
-0.233521,0.200806,0.912354
0.366577,-0.329956,0.909546
-0.580811,0.066284,0.744873
0.320557,-0.084106,1.000732
-0.035034,-0.411743,0.752075
-0.323486,0.187744,0.876343
0.396484,-0.301147,0.921997
-0.547607,0.012939,0.728027
0.224121,-0.004150,0.989502
0.004395,-0.415405,0.766968
-0.398193,0.169312,0.847900
0.428467,-0.255249,0.970215
-0.489380,-0.041260,0.731201
0.120117,0.117432,1.011597
0.063354,-0.400024,0.775757
-0.489624,0.165283,0.825928
0.466431,-0.271606,0.994507
-0.421143,-0.119873,0.740356
0.057129,0.182983,1.022827
0.129272,-0.385986,0.805298
-0.533203,0.148193,0.792847
0.445435,-0.242065,0.994873
-0.345459,-0.182007,0.756714
0.013306,0.164917,1.006226
0.212158,-0.379517,0.855103
-0.579712,0.181152,0.784546
0.434937,-0.208740,0.984009
-0.245483,-0.240112,0.759766
-0.069092,0.178223,0.984863
0.280029,-0.406006,0.880005
-0.612427,0.123169,0.756104
0.427612,-0.169800,1.010986
-0.172241,-0.293823,0.747681
-0.154785,0.219360,0.947144
0.322266,-0.360352,0.903564
-0.589600,0.059082,0.755981
0.401123,-0.152588,1.018555
-0.114868,-0.350342,0.748169
-0.220947,0.210815,0.917114
0.366089,-0.350586,0.909424
-0.586304,0.064697,0.747437
0.354370,-0.119751,1.007202
-0.044312,-0.416992,0.762573
-0.276489,0.191528,0.879761
0.387085,-0.302490,0.923828
-0.559204,0.048096,0.738647
0.295410,-0.052002,1.011108
-0.004028,-0.414795,0.754028
-0.345581,0.168701,0.851562
0.412231,-0.321899,0.929810
-0.546631,-0.022461,0.729858
0.238037,-0.045898,0.989014
0.043213,-0.434570,0.770142
-0.427124,0.177979,0.820801
0.438843,-0.288940,0.959961
-0.484497,-0.073608,0.736084
0.158081,0.057373,1.016968
0.085815,-0.411499,0.794556
-0.481323,0.158569,0.802246
0.457642,-0.279053,0.979370
-0.427734,-0.112671,0.748291
0.080566,0.113892,1.025269
0.150391,-0.442749,0.817627
-0.547607,0.143188,0.777832
0.464844,-0.238525,0.995605
-0.336792,-0.160889,0.750488
-0.034912,0.169067,0.990112
0.245361,-0.432739,0.849609
-0.552124,0.113281,0.770264
0.432983,-0.181152,1.007080
-0.231689,-0.234253,0.766724
-0.111694,0.171509,0.968506
0.299316,-0.439209,0.884399
-0.559570,0.048828,0.748047
0.421997,-0.134888,1.026733
-0.121582,-0.261841,0.778320
-0.215332,0.233276,0.938477
0.361572,-0.400635,0.907471
-0.541504,0.012085,0.766968
0.365723,-0.119263,1.017944
-0.055054,-0.341553,0.762207
-0.276611,0.206421,0.884766
0.400146,-0.317139,0.940796
-0.515747,-0.061401,0.734985
0.279785,-0.098999,0.986328
-0.001587,-0.425293,0.754395
-0.348877,0.175415,0.848999
0.432983,-0.291870,0.952637
-0.497803,-0.067505,0.745972
0.187378,-0.013062,0.999268
0.074219,-0.453369,0.769531
-0.431519,0.150269,0.811035
0.442261,-0.264893,0.969604
-0.434937,-0.115845,0.747925
0.096313,0.065430,1.003296
0.130737,-0.448486,0.798096
-0.496826,0.117432,0.770386
0.450439,-0.216797,1.001343
-0.341553,-0.143433,0.770508
-0.029053,0.153931,0.996948
0.231812,-0.463867,0.837158
-0.549438,0.077515,0.762207
0.441772,-0.189575,1.014893
-0.200073,-0.224854,0.777222
-0.126953,0.218750,0.977905
0.322876,-0.401733,0.899292
-0.567139,0.047241,0.754883
0.399414,-0.158813,1.014160
-0.085205,-0.339966,0.776733
-0.216309,0.201294,0.927612
0.371338,-0.327148,0.921265
-0.538696,-0.016968,0.749756
0.330444,-0.141968,0.991577
-0.015503,-0.412231,0.769287
-0.300415,0.148804,0.854492
0.426636,-0.292114,0.958008
-0.506470,-0.026733,0.755127
0.226929,-0.045654,0.991577
0.054688,-0.473633,0.752930
-0.387085,0.133667,0.816162
0.456299,-0.292969,0.979980
-0.465942,-0.084961,0.745361
0.132935,0.055664,1.002075
0.112061,-0.465088,0.791382
-0.447144,0.095459,0.793579
0.457153,-0.272583,0.984863
-0.397705,-0.146973,0.745605
0.045776,0.143433,1.016479
0.176758,-0.428101,0.819580
-0.520874,0.071899,0.770264
0.478149,-0.271118,1.021240
-0.315063,-0.201904,0.762695
-0.048584,0.193359,1.011230
0.252808,-0.401123,0.864014
-0.555298,0.041138,0.743164
0.470093,-0.267578,1.019165
-0.213379,-0.268555,0.774536
-0.140747,0.206787,0.967896
0.313232,-0.358521,0.900024
-0.556763,0.044434,0.749023
0.415771,-0.206787,1.020996
-0.092896,-0.371338,0.797852
-0.208008,0.162964,0.933105
0.372559,-0.378906,0.912231
-0.549805,0.039673,0.745239
0.341187,-0.102295,1.010742
0.016235,-0.416016,0.791382
-0.297729,0.179565,0.886475
0.411865,-0.373291,0.931396
-0.509766,-0.077759,0.741089
0.255737,-0.029419,1.010620
0.057739,-0.449585,0.765625
-0.350098,0.145020,0.849609
0.440552,-0.345947,0.957520
-0.485352,-0.112183,0.739746
0.181274,-0.001587,1.003540
0.103638,-0.442871,0.787109
-0.420654,0.124023,0.810547
0.470825,-0.286377,0.992065
-0.423706,-0.143555,0.756592
0.079956,0.041504,0.995361
0.159668,-0.470947,0.806030
-0.484497,0.067383,0.764038
0.463135,-0.277222,0.995728
-0.351196,-0.188843,0.758545
-0.005127,0.124756,1.008789
0.245728,-0.479126,0.839355
-0.527832,0.061768,0.756104
0.466431,-0.265381,1.011597
-0.246826,-0.223145,0.783569
-0.103394,0.201294,0.997314
0.310547,-0.432739,0.898682
-0.540283,0.017578,0.758301
0.425415,-0.207397,1.028198
-0.131958,-0.301025,0.788818
-0.185913,0.223145,0.977661
0.358398,-0.408691,0.909180
-0.518677,-0.006714,0.764771
0.380127,-0.153931,1.028076
-0.021118,-0.388428,0.810547
-0.273560,0.206055,0.922241
0.391357,-0.358154,0.937012
-0.506104,-0.100708,0.732666
0.311768,-0.110840,1.028442
0.054199,-0.464844,0.790405
-0.342285,0.199341,0.883545
0.434326,-0.326782,0.951660
-0.458740,-0.137573,0.757324
0.197998,-0.052979,1.003540
0.098145,-0.483765,0.788452
-0.398315,0.119873,0.818604
0.463745,-0.281738,0.990967
-0.418579,-0.093750,0.770264
0.094849,0.052979,1.010864
0.174438,-0.500854,0.815796
-0.459229,0.046265,0.783936
0.469604,-0.258423,1.010620
-0.344238,-0.176880,0.752197
-0.014038,0.155396,1.015869
0.301270,-0.490845,0.888672
-0.520020,0.030884,0.763794
0.442261,-0.234497,1.019775
-0.224854,-0.235107,0.785767
-0.115967,0.197144,1.009277
0.350952,-0.442383,0.929810
-0.529175,-0.001831,0.761963
0.409180,-0.185181,1.029053
-0.093262,-0.340210,0.791260
-0.208618,0.178955,0.957031
0.408936,-0.393677,0.959473
-0.515625,-0.056274,0.756836
0.338135,-0.128052,1.016113
0.047485,-0.446411,0.799805
-0.311279,0.170532,0.898682
0.452759,-0.338745,0.985352
-0.458496,-0.087769,0.762817
0.212280,-0.032227,1.012451
0.102051,-0.503174,0.793335
-0.363403,0.086060,0.852539
0.487793,-0.292114,1.023193
-0.414307,-0.133911,0.760010
0.080444,0.109131,1.013306
0.177612,-0.437988,0.842896
-0.437744,0.012085,0.792480
0.500366,-0.299438,1.052490
-0.325928,-0.228149,0.759521
0.005371,0.158813,1.016235
0.260864,-0.392456,0.872925
-0.522949,0.030029,0.748779
0.491211,-0.324463,1.033325
-0.217407,-0.331665,0.794678
-0.066772,0.159912,1.011963
0.304443,-0.391479,0.909424
-0.526245,0.057983,0.768433
0.439819,-0.229248,1.042114
-0.123657,-0.331665,0.826660
-0.135864,0.146118,1.002197
0.372925,-0.428711,0.934448
-0.523804,0.017090,0.763794
0.401733,-0.116089,1.058105
-0.050171,-0.322876,0.811279
-0.198608,0.203125,0.991943
0.413940,-0.428223,0.956909
-0.493896,-0.107178,0.760010
0.363281,-0.167480,1.033691
0.025146,-0.372070,0.838989
-0.272217,0.206665,0.932373
0.449463,-0.353760,0.985840
-0.454224,-0.134644,0.760620
0.302612,-0.108521,1.040649
0.080566,-0.461060,0.808350
-0.322876,0.157471,0.891846
0.477661,-0.306396,1.005127
-0.432129,-0.130981,0.769409
0.219238,-0.032959,1.045898
0.117920,-0.492920,0.816895
-0.374512,0.108154,0.866089
0.505249,-0.298340,1.039307
-0.403931,-0.140869,0.771851
0.114258,0.060547,1.028687
0.210938,-0.504761,0.847656
-0.427734,0.065063,0.833374
0.498779,-0.284790,1.044678
-0.337769,-0.223633,0.768066
0.044434,0.109009,1.030396
0.285278,-0.471924,0.883179
-0.467041,0.052002,0.790283
0.490723,-0.238892,1.059326
-0.249878,-0.238770,0.793823
-0.021606,0.144531,1.030396
0.329346,-0.464722,0.914917
-0.504150,0.018799,0.777344
0.467651,-0.197998,1.075806
-0.151978,-0.274780,0.808960
-0.104004,0.216309,1.041504
0.391724,-0.425293,0.959229
-0.508423,-0.009766,0.781128
0.423828,-0.178101,1.068359
-0.050049,-0.339966,0.840820
-0.169678,0.193604,1.005371
0.412476,-0.387329,0.970703
-0.485107,-0.059692,0.787109
0.387085,-0.148804,1.071045
0.037598,-0.405029,0.842041
-0.228882,0.186157,0.971313
0.456909,-0.313599,1.011963
-0.453003,-0.092041,0.768188
0.303589,-0.087769,1.050415
0.103516,-0.479858,0.842896
-0.293945,0.112793,0.930542
0.494507,-0.298950,1.049194
-0.409912,-0.104858,0.791626
0.220825,0.014771,1.055420
0.156860,-0.453857,0.874390
-0.377075,0.104736,0.908081
0.532104,-0.293335,1.080444
-0.365479,-0.181519,0.772461
0.114014,0.103027,1.053101
0.244141,-0.442505,0.912842
-0.420044,0.031128,0.833740
0.529053,-0.297485,1.076050
-0.284058,-0.244507,0.788208
0.045898,0.147217,1.047363
0.286865,-0.406372,0.911255
-0.464844,0.043335,0.809570
0.520996,-0.285034,1.079712
-0.208130,-0.299561,0.817993
-0.012329,0.139893,1.051514
0.353882,-0.412476,0.949585
-0.488892,0.081787,0.804688
0.471313,-0.186768,1.079956
-0.053955,0.129028,1.043823
0.384644,-0.396240,0.976929
-0.052490,-0.269775,0.870728
-0.139160,0.180176,1.035034
0.429443,-0.395508,1.004517
-0.465332,-0.069824,0.774048
0.426636,-0.103882,1.112915
0.009888,-0.348267,0.851807
-0.189453,0.210938,1.029419
0.485840,-0.399048,1.015503
-0.444458,-0.106812,0.788574
0.347412,-0.059814,1.097046
0.075317,-0.386353,0.868042
-0.217407,0.196411,1.006104
0.496460,-0.336182,1.054565
-0.435791,-0.109741,0.780762
0.320557,-0.062866,1.101074
0.104858,-0.423706,0.874512
-0.285156,0.179199,0.972168
0.510010,-0.267700,1.074585
-0.386963,-0.125488,0.803955
0.251587,-0.000854,1.086670
0.165039,-0.450317,0.887817
-0.335327,0.116089,0.921387
0.545654,-0.258179,1.108154
-0.348633,-0.172974,0.795288
0.159424,0.068970,1.068359
0.250977,-0.461670,0.899780
-0.382446,0.066650,0.861938
0.561890,-0.228882,1.121460
-0.264771,-0.211670,0.827393
0.050537,0.138916,1.072754
0.321899,-0.467041,0.939331
-0.441040,0.041382,0.830322
0.546997,-0.218628,1.131226
-0.171021,-0.256470,0.850708
-0.039673,0.212524,1.072998
0.387085,-0.404907,0.986328
-0.446655,0.004395,0.833496
0.490845,-0.162109,1.130249
-0.100586,-0.296387,0.856079
-0.073486,0.187012,1.067993
0.426514,-0.381592,1.003784
-0.459839,-0.009399,0.812134
0.443115,-0.106689,1.125732
0.039673,-0.378784,0.888428
-0.154175,0.220825,1.075684
0.477539,-0.361206,1.046997
-0.443237,-0.054810,0.819458
0.390503,-0.080322,1.118286
0.093018,-0.383789,0.900879
-0.220703,0.219116,1.035278
0.511841,-0.283813,1.080078
-0.411377,-0.116211,0.816895
0.317627,-0.033691,1.110229
0.124268,-0.419312,0.897095
-0.281738,0.153931,0.980469
0.544312,-0.248291,1.112061
-0.344849,-0.142334,0.822998
0.242188,0.052002,1.107910
0.201416,-0.446533,0.907959
-0.344604,0.090088,0.915894
0.584961,-0.259644,1.140259
-0.288574,-0.186646,0.822998
0.130005,0.187012,1.119141
0.280273,-0.415405,0.935791
-0.397095,0.035767,0.883057
0.579590,-0.315430,1.131714
-0.245850,-0.289307,0.835205
0.074097,0.153320,1.094971
0.325928,-0.392822,0.956299
-0.416138,0.066284,0.855713
0.562988,-0.225586,1.148438
-0.188721,-0.245972,0.884644
0.025879,0.110229,1.071533
0.398682,-0.435791,1.006226
-0.449341,0.075317,0.846924
0.521973,-0.134033,1.143188
-0.121216,-0.264771,0.884644
-0.027954,0.171753,1.083252
0.412720,-0.400269,1.024536
-0.438477,0.006714,0.839600
0.513672,-0.129517,1.156006
-0.063965,-0.282471,0.898682
-0.073730,0.215698,1.090576
0.426514,-0.374268,1.024902
-0.422119,-0.050537,0.841431
0.510132,-0.137329,1.173218
-0.022705,-0.314087,0.902466
-0.086426,0.193726,1.075562
0.461670,-0.353027,1.045166
-0.443604,-0.018188,0.834229
0.476440,-0.104126,1.160278
0.033447,-0.354370,0.896362
-0.127075,0.206665,1.072632
0.468384,-0.335815,1.062134
-0.438354,-0.038330,0.843506
0.451782,-0.102661,1.162720
0.029663,-0.382080,0.886475
-0.166504,0.195435,1.061890
0.506104,-0.305664,1.083740
-0.437500,-0.052490,0.813354
0.408813,-0.047363,1.162476
0.077026,-0.387451,0.910767
-0.220825,0.208130,1.062988
0.525513,-0.299194,1.112671
-0.430542,-0.077637,0.812988
0.381104,-0.017212,1.163452
0.107666,-0.371582,0.922607
-0.244873,0.194946,1.024170
0.532837,-0.270020,1.120117
-0.389648,-0.120239,0.821533
0.359497,-0.029175,1.158447
0.137939,-0.375366,0.931885
-0.290161,0.189453,0.996826
0.546875,-0.269165,1.121338
-0.369507,-0.139893,0.811279
0.242554,0.048706,1.145630
-0.351929,0.144531,0.922974
0.569092,-0.222656,1.131836
-0.293945,-0.195068,0.840820
0.167847,0.071533,1.111328
0.283936,-0.429321,0.970703
-0.380493,0.100586,0.904541
0.581299,-0.201416,1.157349
-0.235840,-0.221680,0.839600
0.071289,0.158569,1.112549
0.341064,-0.413818,0.995117
-0.412842,0.046021,0.880737
0.575684,-0.191772,1.179932
-0.184448,-0.243774,0.867188
0.012817,0.227905,1.108521
0.398560,-0.403931,1.006226
-0.444092,0.031128,0.874268
0.540771,-0.196899,1.167603
-0.095703,-0.293823,0.882568
-0.046021,0.229980,1.115601
0.413574,-0.352051,1.014404
-0.452148,0.001221,0.848633
0.530029,-0.182495,1.167847
0.000244,-0.375366,0.901978
-0.107788,0.208740,1.076416
0.441895,-0.326050,1.033813
-0.452881,-0.017212,0.826538
0.482666,-0.131470,1.165894
0.026001,-0.362671,0.904053
-0.157715,0.196899,1.057251
0.473389,-0.295166,1.070190
-0.460571,-0.044312,0.803467
0.437866,-0.070312,1.176514
0.065063,-0.360229,0.930176
-0.230103,0.199097,1.051758
0.517944,-0.292114,1.100708
-0.423950,-0.060059,0.819214
0.363647,-0.001099,1.169556
0.105347,-0.369141,0.923096
-0.271729,0.181519,1.019531
0.551636,-0.286865,1.122925
-0.396240,-0.107178,0.814697
0.295654,0.034546,1.154419
0.168091,-0.401489,0.928467
-0.302856,0.148560,0.969482
0.566772,-0.261230,1.127686
-0.355713,-0.155029,0.817871
0.228271,0.063477,1.141235
0.225464,-0.410889,0.947754
-0.380493,0.136108,0.921387
0.581787,-0.254639,1.133545
-0.281006,-0.228882,0.833496
0.124878,0.129639,1.118286
0.306030,-0.430542,0.967407
-0.414429,0.110596,0.898804
0.577026,-0.214478,1.148315
-0.233887,-0.251343,0.832764
0.046631,0.158325,1.095581
0.346924,-0.387939,0.995117
-0.448120,0.041626,0.869019
0.568726,-0.200684,1.160156
-0.120361,-0.278442,0.876221
-0.037354,0.182495,1.078613
0.378784,-0.342773,0.994995
-0.440430,0.003662,0.829834
0.530640,-0.151245,1.159058
-0.060425,-0.341553,0.861694
-0.092651,0.168945,1.065430
0.404663,-0.324097,1.026978
-0.447998,-0.040283,0.809570
0.501709,-0.106201,1.179321
-0.031860,-0.321655,0.862793
-0.179810,0.208740,1.042236
0.451416,-0.303589,1.050903
-0.457764,-0.073242,0.807861
0.460815,-0.112061,1.174316
-0.004150,-0.345825,0.873291
-0.235107,0.243896,1.040283
0.492676,-0.308350,1.059448
-0.452148,-0.074219,0.793213
0.397339,-0.066040,1.156982
0.050415,-0.335327,0.901855
-0.294312,0.228882,1.016357
0.531860,-0.307983,1.088379
-0.421509,-0.122070,0.792236
0.319824,-0.007690,1.148804
0.113403,-0.375488,0.893311
-0.325928,0.179321,0.965088
0.530884,-0.274536,1.094604
-0.380737,-0.197754,0.789917
0.243896,-0.001343,1.114258
0.175781,-0.393311,0.928345
-0.384155,0.154907,0.924805
0.538574,-0.234375,1.116455
-0.334229,-0.224243,0.802124
0.156494,0.056519,1.110962
0.235596,-0.387207,0.948853
-0.422607,0.112915,0.894897
0.546753,-0.201172,1.127075
-0.295898,-0.235840,0.811890
0.064575,0.102905,1.093018
0.297485,-0.393433,0.960327
-0.435791,0.064575,0.864624
0.538086,-0.192993,1.128784
-0.192505,-0.279785,0.833130
-0.028931,0.146240,1.071167
0.345459,-0.395874,0.971924
-0.454712,-0.007812,0.834473
0.512817,-0.159668,1.152588
-0.126343,-0.298584,0.809692
-0.082031,0.169678,1.065308
0.375732,-0.342041,0.983643
-0.481201,-0.028076,0.806152
0.499512,-0.173218,1.150879
-0.092651,-0.354736,0.822754
-0.176147,0.216431,1.052124
0.428955,-0.335815,1.008789
-0.502319,-0.033081,0.788452
0.423706,-0.126831,1.135132
-0.038574,-0.358521,0.853027
-0.245117,0.168823,0.990112
0.458252,-0.303711,1.048462
-0.490723,-0.059937,0.766357
0.363770,-0.073608,1.136230
0.029053,-0.376343,0.864624
-0.312866,0.183594,0.964600
0.478027,-0.284180,1.060669
-0.439575,-0.131470,0.753296
0.280029,-0.016235,1.114868
0.090942,-0.383057,0.883789
-0.370728,0.155640,0.931274
0.497192,-0.273193,1.061890
-0.396484,-0.155151,0.773560
0.176758,0.062866,1.083496
0.168579,-0.410156,0.894653
-0.408203,0.097168,0.899780
0.517090,-0.239380,1.102661
-0.362793,-0.190552,0.766113
0.075928,0.116821,1.063843
0.240356,-0.393066,0.917847
-0.451904,0.050537,0.839111
0.517090,-0.217773,1.106445
-0.249756,-0.279053,0.795044
-0.015503,0.139526,1.045166
0.281494,-0.377930,0.922729
-0.488647,0.021606,0.819336
0.500244,-0.198486,1.111084
-0.172363,-0.330078,0.788940
-0.078125,0.133423,1.011353
0.325439,-0.345947,0.938599
-0.507324,-0.006836,0.784790
0.470947,-0.193237,1.113647
-0.129272,-0.376831,0.782349
-0.172119,0.179443,1.019531
0.381104,-0.359009,0.962280
-0.536377,0.034302,0.796387
0.409180,-0.148315,1.092773
-0.068604,-0.373901,0.817383
-0.252930,0.189575,0.989380
0.408569,-0.286133,1.014771
-0.515869,-0.071045,0.749756
0.354736,-0.111328,1.099121
-0.024780,-0.364624,0.823120
-0.339233,0.177246,0.945068
0.451050,-0.298096,1.035034
-0.475586,-0.106323,0.744385
0.252808,-0.027344,1.082031
0.046631,-0.374390,0.851074
-0.400879,0.151733,0.911621
0.553711,-0.220825,1.138306
-0.443604,-0.165894,0.752075
0.147583,0.046631,1.079346
0.143555,-0.433594,0.873535
-0.447632,0.040405,0.859619
0.548706,-0.207397,1.140137
-0.175171,-0.293213,0.822876
-0.030029,0.172241,1.067383
0.355591,-0.367310,0.968506
-0.468628,0.013916,0.829712
0.519531,-0.208984,1.136719
-0.099609,-0.361328,0.830444
-0.082153,0.175293,1.056885
0.381348,-0.336914,0.974487
-0.479492,-0.012329,0.813232
0.487061,-0.191772,1.141113
-0.071289,-0.361694,0.840210
-0.167358,0.192139,1.040894
0.421265,-0.312256,1.012817
-0.486084,-0.015137,0.800415
0.434570,-0.140503,1.140381
-0.030884,-0.371704,0.864258
-0.253418,0.179077,1.006470
0.476318,-0.306152,1.055298
-0.460327,-0.033691,0.790649
0.345215,-0.020874,1.141968
0.010498,-0.330688,0.877563
-0.289185,0.146484,0.966064
0.505737,-0.305054,1.071411
-0.444824,-0.080688,0.773438
0.287354,0.003662,1.131958
0.105957,-0.365845,0.897705
-0.372192,0.178955,0.932617
0.501953,-0.269409,1.075073
-0.387329,-0.160522,0.794556
0.213257,-0.007080,1.104004
0.156982,-0.413818,0.902100
-0.425415,0.152222,0.889893
0.511353,-0.225342,1.082886
-0.361816,-0.183472,0.783447
0.135986,0.058838,1.084717
0.221191,-0.405762,0.918213
-0.451416,0.123413,0.869019
0.517212,-0.225830,1.082520
-0.321411,-0.215210,0.789062
0.052002,0.094482,1.075317
0.260498,-0.391968,0.926392
-0.476440,0.055786,0.834839
0.518799,-0.197144,1.112915
-0.226807,-0.271240,0.793579
-0.030762,0.142944,1.053589
0.310425,-0.387817,0.934692
-0.478271,0.013916,0.807617
0.501953,-0.179565,1.119141
-0.183594,-0.299927,0.790649
-0.092285,0.147461,1.025635
0.359009,-0.367920,0.955078
-0.505249,0.010742,0.802612
0.464233,-0.174316,1.112549
-0.125977,-0.349487,0.792358
-0.194702,0.165405,1.001709
0.390259,-0.359741,0.972656
-0.507324,-0.032227,0.784912
0.424683,-0.115479,1.126587
-0.097900,-0.298096,0.813599
-0.260498,0.182983,0.973145
0.433350,-0.321655,1.013672
-0.503906,-0.103149,0.758789
0.346069,-0.083862,1.114014
-0.039307,-0.366699,0.816162
-0.326416,0.184448,0.938599
0.450073,-0.279541,1.033569
-0.472900,-0.123901,0.749512
0.265869,-0.033569,1.100464
0.041382,-0.405762,0.838745
-0.389526,0.162231,0.915771
0.473389,-0.271118,1.047485
-0.451172,-0.119873,0.755615
0.188965,0.028931,1.074707
0.118774,-0.412109,0.866333
-0.449341,0.141846,0.887573
0.487305,-0.255371,1.055176
-0.411255,-0.145142,0.753418
0.094116,0.099854,1.059937
0.182739,-0.401733,0.879761
-0.479980,0.074341,0.839233
0.486938,-0.248413,1.058838
-0.363525,-0.202881,0.748657
0.025024,0.142090,1.053101
0.234131,-0.394653,0.900513
-0.518555,0.060059,0.816895
0.477905,-0.243042,1.062012
-0.261841,-0.295410,0.741455
-0.038574,0.152710,1.026611
0.262207,-0.396729,0.893188
-0.531494,0.035767,0.796631
0.475952,-0.225830,1.080322
-0.221191,-0.326050,0.743774
-0.110352,0.166260,1.001587
0.308105,-0.386841,0.905151
-0.552612,0.027222,0.773926
0.441284,-0.228516,1.058960
-0.177856,-0.365234,0.738037
-0.145142,0.147949,0.994995
0.307861,-0.350830,0.905273
-0.574097,0.013184,0.743530
0.431885,-0.212891,1.065918
-0.155029,-0.368408,0.755371
-0.224243,0.171143,0.971313
0.360596,-0.339600,0.943848
-0.570557,0.011353,0.749634
0.381348,-0.194702,1.043335
-0.136108,-0.368774,0.762695
-0.269653,0.159912,0.955688
0.388672,-0.338257,0.958740
-0.571533,-0.001587,0.732056
0.329346,-0.095215,1.064087
-0.080688,-0.388916,0.792236
-0.337524,0.165039,0.925537
0.401489,-0.328491,0.974854
-0.549927,-0.032349,0.727539
0.275757,-0.065674,1.046387
-0.043579,-0.376343,0.800781
-0.409180,0.192139,0.902222
0.431152,-0.327515,0.981567
-0.516602,-0.079712,0.727295
0.218872,-0.007568,1.049438
-0.013062,-0.367310,0.801147
-0.441284,0.175537,0.869751
0.441895,-0.313354,1.004883
-0.484619,-0.185181,0.718750
0.176147,0.001587,1.048340
0.044067,-0.374878,0.805298
-0.505493,0.223999,0.854736
0.443115,-0.281860,1.010132
-0.453003,-0.232178,0.715942
0.121582,-0.022217,1.039917
0.106201,-0.413818,0.840454
-0.547241,0.202637,0.823364
0.440796,-0.250000,0.996582
-0.380127,-0.193115,0.756958
0.030762,0.048340,1.020020
0.173584,-0.438232,0.860229
-0.558228,0.124390,0.796509
0.425781,-0.194824,1.024414
-0.302490,-0.249390,0.744873
-0.059448,0.142334,1.031250
0.235596,-0.451050,0.863159
-0.578979,0.086304,0.784424
0.423950,-0.192505,1.019043
-0.249146,-0.290161,0.729370
-0.150879,0.155518,0.978638
0.297485,-0.405640,0.900635
-0.576416,0.025024,0.748413
0.401978,-0.170776,1.049683
-0.202759,-0.333130,0.708252
-0.238770,0.199829,0.957031
0.354492,-0.350220,0.930054
-0.583618,-0.005127,0.745117
0.346191,-0.148438,1.035889
-0.153076,-0.372437,0.730103
-0.306274,0.164795,0.907104
0.384399,-0.328979,0.951172
-0.588013,-0.010376,0.717041
0.264526,-0.078979,1.019775
-0.071777,-0.367676,0.780396
-0.387451,0.166260,0.890869
0.396851,-0.296753,0.979858
-0.540161,-0.063477,0.710449
0.159058,0.029175,1.016724
0.017700,-0.402832,0.793945
-0.492310,0.179321,0.871338
0.420654,-0.289062,0.990967
-0.486816,-0.125854,0.715820
0.076660,0.094360,1.003174
0.091187,-0.380737,0.824463
-0.544434,0.141113,0.819458
0.435791,-0.241455,1.013794
-0.379028,-0.227051,0.726440
-0.001343,0.124268,1.015503
0.165039,-0.393555,0.841309
-0.583374,0.149292,0.797852
0.437134,-0.246094,1.007324
-0.291992,-0.282471,0.735718
-0.084961,0.145142,0.988281
0.252075,-0.411133,0.871948
-0.591675,0.120850,0.763916
0.403687,-0.178589,1.013794
-0.234009,-0.291260,0.719971
-0.162964,0.137085,0.961426
0.306519,-0.400513,0.908447
-0.614380,0.047607,0.746948
0.387817,-0.166382,1.023193
-0.193115,-0.339233,0.700317
-0.251343,0.190918,0.936157
0.362305,-0.364502,0.925049
-0.588501,0.018066,0.743042
0.307373,-0.113770,1.014771
-0.149170,-0.356812,0.722290
-0.329346,0.170532,0.897949
0.388184,-0.365601,0.940552
-0.568359,-0.040527,0.718140
0.237305,-0.038696,1.018188
-0.080933,-0.376221,0.738403
-0.427124,0.219238,0.873169
0.411499,-0.319092,0.960571
-0.515137,-0.124878,0.713135
0.162354,-0.003784,1.013794
-0.011597,-0.383301,0.775269
-0.494263,0.217651,0.841797
0.425171,-0.260010,0.981445
-0.461060,-0.160034,0.716797
0.074707,0.075928,1.015869
0.084595,-0.402344,0.816162
-0.568237,0.196411,0.808594
0.427979,-0.230469,1.004883
-0.350464,-0.222046,0.734985
-0.017090,0.131104,1.016235
0.184082,-0.417969,0.849976
-0.598145,0.128418,0.785034
0.421997,-0.182495,1.021484
-0.264282,-0.281494,0.706665
-0.127319,0.183594,0.975098
0.276489,-0.383911,0.885864
-0.606934,0.090088,0.764404
0.403809,-0.177246,1.011475
-0.186523,-0.348755,0.708252
-0.239136,0.191284,0.921387
0.341675,-0.350464,0.905762
-0.590454,0.026611,0.742310
0.339966,-0.109619,1.025513
-0.136353,-0.385498,0.699707
-0.305664,0.199097,0.893921
0.361938,-0.321655,0.924683
-0.564209,-0.028442,0.720947
0.276367,-0.092896,0.999512
-0.079712,-0.385010,0.738770
-0.396606,0.203613,0.858887
0.403320,-0.317505,0.939819
-0.547729,-0.042603,0.707153
0.190063,-0.026489,0.997559
-0.005371,-0.414185,0.770752
-0.463013,0.200562,0.845825
0.404541,-0.256592,0.961426
-0.501465,-0.050049,0.736938
0.104492,0.051147,1.006348
0.080811,-0.428467,0.803955
-0.531250,0.188477,0.832886
0.433350,-0.235352,0.987915
-0.416138,-0.102783,0.735718
0.016846,0.159912,1.006958
0.162476,-0.395264,0.839233
-0.562622,0.148071,0.818115
0.417603,-0.194824,1.004272
-0.326660,-0.212646,0.724976
-0.057861,0.183472,0.989624
0.244751,-0.391724,0.865601
-0.601318,0.129883,0.773804
0.409058,-0.163696,1.016602
-0.214355,-0.326904,0.716675
-0.132690,0.172119,0.961304
0.287964,-0.348267,0.894287
-0.622803,0.134033,0.754150
0.406006,-0.166870,1.014771
-0.144653,-0.356934,0.735718
-0.222290,0.177612,0.922485
0.333374,-0.335083,0.898560
-0.601807,0.048218,0.731567
0.364746,-0.136475,1.010864
-0.092041,-0.344238,0.737671
-0.325562,0.221313,0.886475
0.375488,-0.314941,0.922119
-0.575439,-0.020264,0.704590
0.269043,-0.066895,1.003174
-0.039307,-0.415771,0.742065
-0.405151,0.229370,0.868286
0.423950,-0.290894,0.941895
-0.535522,-0.058716,0.711304
0.149780,0.020142,0.997437
0.033569,-0.422729,0.776855
-0.470581,0.199097,0.856445
0.457031,-0.256104,0.982544
-0.442871,-0.086426,0.750610
0.024292,0.166016,1.008789
0.133423,-0.411499,0.820557
-0.547974,0.146484,0.797852
0.450562,-0.203857,1.016357
-0.310669,-0.198486,0.738647
-0.040405,0.190430,1.001587
0.212036,-0.371338,0.846191
-0.606689,0.108398,0.759277
0.438599,-0.191284,1.026978
-0.195190,-0.318726,0.731445
-0.122192,0.215332,0.962280
0.286377,-0.334595,0.873535
-0.614746,0.126343,0.757324
0.406006,-0.176636,1.013550
-0.114990,-0.377930,0.742065
-0.201660,0.184448,0.923462
0.334106,-0.314575,0.910645
-0.589355,0.099487,0.741211
0.325806,-0.087402,0.993652
-0.046021,-0.405396,0.739136
-0.298584,0.181030,0.897217
0.395142,-0.318970,0.924316
-0.554321,0.029785,0.732910
0.229248,0.016479,0.990234
-0.011841,-0.375732,0.761230
-0.390503,0.144409,0.849976
0.439575,-0.298828,0.964111
-0.519897,-0.011475,0.715942
0.155151,0.104248,1.006104
0.041138,-0.372070,0.766846
-0.475830,0.159180,0.825684
0.451050,-0.302490,0.964478
-0.456665,-0.089844,0.747192
0.092163,0.139648,1.016479
0.104492,-0.389038,0.800781
-0.530884,0.193726,0.811157
0.462158,-0.282959,0.985229
-0.396973,-0.160156,0.756348
0.032959,0.130249,0.999512
0.161255,-0.369995,0.829590
-0.559448,0.182373,0.784302
0.461304,-0.197388,1.009399
-0.289307,-0.227417,0.760010
-0.056030,0.139526,0.985718
0.226685,-0.391968,0.855957
-0.591309,0.167480,0.769287
0.453369,-0.185791,1.015137
-0.185791,-0.293701,0.758057
-0.128418,0.172485,0.961426
0.300903,-0.380249,0.887817
-0.591064,0.102173,0.754150
0.416138,-0.142578,1.016357
-0.104492,-0.344727,0.752808
-0.209717,0.188599,0.917358
0.353882,-0.334351,0.906372
-0.578369,0.075928,0.749512
0.347656,-0.107544,0.999634
-0.039307,-0.414062,0.750854
-0.276367,0.170898,0.875732
0.383301,-0.286133,0.927490
-0.557495,0.019897,0.716187
0.268799,-0.051514,0.981445
0.006470,-0.409180,0.760498
-0.357910,0.159424,0.857422
0.428223,-0.292725,0.951904
-0.524170,-0.016846,0.724976
0.164795,0.051392,0.984741
0.044312,-0.422363,0.761230
-0.412109,0.155640,0.837158
0.455933,-0.273438,0.972168
-0.467651,-0.075195,0.749512
0.088989,0.103760,1.003662
0.108765,-0.436401,0.795288
-0.488647,0.140015,0.806763
0.465454,-0.250000,0.993164
-0.391357,-0.112915,0.767212
0.030762,0.148438,1.001709
0.164429,-0.390991,0.823608
-0.546143,0.146729,0.775635
0.472168,-0.263428,0.987915
-0.293579,-0.184204,0.779175
-0.070923,0.195923,0.989258
0.256714,-0.394287,0.878052
-0.595703,0.094849,0.734375
0.452026,-0.220093,1.018433
-0.171387,-0.300171,0.780029
-0.150757,0.223022,0.968628
0.311646,-0.359985,0.897583
-0.590210,0.078125,0.752808
0.404053,-0.166260,1.023438
-0.064331,-0.372070,0.781982
-0.215210,0.181396,0.920898
0.348633,-0.319458,0.904541
-0.564697,0.047363,0.730957
0.344604,-0.119507,1.001587
-0.009399,-0.437378,0.754517
-0.291870,0.168213,0.875610
0.414917,-0.291748,0.946777
-0.550903,-0.024292,0.725952
0.217163,-0.046509,0.974487
0.046997,-0.470825,0.752930
-0.369629,0.123413,0.830566
0.448853,-0.266113,0.993164
-0.485718,-0.071655,0.735962
0.114990,0.070679,0.985107
0.101807,-0.451660,0.775269
-0.469238,0.115601,0.807007
0.466675,-0.279785,0.996094
-0.398071,-0.134277,0.756104
0.024292,0.148804,0.988037
0.178101,-0.404663,0.808472
-0.535522,0.108765,0.772339
0.472412,-0.280396,1.011963
-0.286133,-0.197266,0.796143
-0.057739,0.192139,1.005615
0.248779,-0.390625,0.863647
-0.584106,0.103394,0.745850
0.457397,-0.245483,1.015015
-0.158813,-0.290161,0.793701
-0.134521,0.212158,0.971191
0.309570,-0.347900,0.892944
-0.583740,0.084595,0.752686
0.393921,-0.187378,1.011841
-0.053345,-0.379883,0.793091
-0.198364,0.175659,0.928955
0.366089,-0.327271,0.921143
-0.564575,0.057129,0.737305
0.332031,-0.126221,0.989502
0.000854,-0.442139,0.780029
-0.275269,0.151001,0.901123
0.416748,-0.346924,0.936157
-0.541260,0.025146,0.742432
0.255127,-0.038208,0.994995
0.030884,-0.420044,0.773804
-0.330322,0.103271,0.854126
0.458008,-0.342041,0.971924
-0.526001,-0.027466,0.735596
0.177002,0.036987,1.006348
0.081787,-0.463989,0.765259
-0.398682,0.127319,0.831909
0.468872,-0.336670,0.969727
-0.458740,-0.102783,0.757446
0.129028,0.045044,1.010132
0.106812,-0.411743,0.799805
-0.475342,0.113647,0.781982
0.483887,-0.319336,0.988037
-0.385132,-0.183472,0.749878
0.035767,0.116943,0.998291
0.181274,-0.437134,0.827393
-0.508911,0.082397,0.761963
0.478027,-0.283936,1.006104
-0.308472,-0.227295,0.773560
-0.041260,0.141357,1.003906
0.254272,-0.438965,0.855591
-0.540771,0.054688,0.740967
0.449951,-0.221069,1.019409
-0.182861,-0.260498,0.797241
-0.137939,0.200439,0.981079
0.327148,-0.425659,0.895630
-0.570923,0.060669,0.750244
0.404419,-0.180786,1.015137
-0.085693,-0.348022,0.799683
-0.183594,0.155518,0.949951
0.366821,-0.364380,0.930542
-0.559082,0.040771,0.752686
0.341797,-0.132446,1.006348
-0.000366,-0.417969,0.806763
-0.234497,0.105469,0.892090
0.403931,-0.313843,0.957397
-0.521606,-0.010376,0.744141
0.287842,-0.060059,1.013916
0.041260,-0.464111,0.776123
-0.331665,0.108154,0.865479
0.459351,-0.364868,0.981445
-0.477539,-0.071533,0.755615
0.196533,0.036865,1.012817
0.086304,-0.449341,0.774292
-0.367676,0.100098,0.831177
0.446289,-0.299072,0.987427
-0.458740,-0.095947,0.747314
0.183350,0.007080,1.021484
0.104736,-0.448486,0.811035
-0.432007,0.069458,0.786865
0.469482,-0.293579,1.007080
-0.405151,-0.157227,0.762451
0.102783,0.055786,1.019775
0.160278,-0.480713,0.805786
-0.461304,0.108276,0.788574
0.464966,-0.263306,1.004883
-0.363525,-0.179443,0.755859
0.039062,0.086914,1.019165
0.236938,-0.501953,0.841187
-0.491211,0.062012,0.767700
0.462158,-0.230591,1.013916
-0.301758,-0.223022,0.760620
-0.031006,0.127197,1.016602
0.287109,-0.499512,0.874512
-0.513550,0.029053,0.749023
0.442261,-0.203613,1.023926
-0.203979,-0.212036,0.812744
-0.108643,0.198120,1.017090
0.339355,-0.475098,0.903320
-0.534058,0.029907,0.769043
0.425171,-0.160767,1.049072
-0.103516,-0.299927,0.806885
-0.194092,0.215210,0.979126
0.383789,-0.416748,0.934692
-0.518799,-0.047852,0.753174
0.387817,-0.157104,1.048828
-0.025024,-0.383179,0.805664
-0.266357,0.208862,0.939453
0.441528,-0.381958,0.969116
-0.474487,-0.092896,0.759277
0.278076,-0.071899,1.018555
0.062622,-0.458496,0.800903
-0.315918,0.139160,0.900269
0.466064,-0.367188,0.986084
-0.459839,-0.094727,0.765137
0.212646,-0.021118,1.021729
0.113892,-0.444824,0.817505
-0.378662,0.117065,0.855957
0.485962,-0.319824,1.012573
-0.415649,-0.163086,0.761475
0.121094,0.047363,1.027344
0.213989,-0.483643,0.851929
-0.450073,0.036987,0.782715
0.487549,-0.240112,1.055786
-0.307129,-0.214478,0.774048
-0.022705,0.161133,1.026978
0.298584,-0.461304,0.896606
-0.484253,-0.012695,0.763916
0.464966,-0.240967,1.062622
-0.201050,-0.283813,0.794556
-0.110962,0.219971,1.024414
0.363403,-0.412964,0.930542
-0.514648,0.013062,0.783936
0.427368,-0.197754,1.061523
-0.073486,-0.347534,0.834595
-0.184814,0.193237,0.990967
0.407104,-0.385742,0.958252
-0.495239,-0.032349,0.772217
0.363770,-0.148315,1.036011
0.023682,-0.416870,0.840942
-0.237427,0.126343,0.941650
0.457886,-0.318481,1.014038
-0.474243,-0.053589,0.745117
0.295532,-0.067505,1.049072
0.101074,-0.446167,0.840698
-0.298828,0.102295,0.915039
0.490601,-0.311890,1.037476
-0.449341,-0.114502,0.758301
0.203979,0.000488,1.048340
0.131958,-0.446045,0.851685
-0.356079,0.091309,0.880981
0.518311,-0.287720,1.068359
-0.403076,-0.146118,0.758179
0.134888,0.087158,1.056152
0.224365,-0.479736,0.880981
-0.398193,0.043945,0.852783
0.512085,-0.290527,1.060913
-0.353638,-0.199951,0.767212
0.062012,0.111694,1.038208
0.307251,-0.477661,0.909424
-0.459351,0.053711,0.798096
0.489990,-0.204712,1.071045
-0.227295,-0.211914,0.829834
-0.041382,0.171509,1.035156
0.349854,-0.483276,0.921021
-0.488770,-0.002075,0.781738
0.464600,-0.158691,1.094116
-0.122192,-0.278198,0.829102
-0.101685,0.208496,1.051147
0.400513,-0.414307,0.966919
-0.488403,0.000732,0.796631
0.424683,-0.147827,1.086182
-0.012451,-0.380371,0.835938
-0.162354,0.171265,1.012207
0.434082,-0.368286,0.996826
-0.480713,-0.039429,0.791382
0.378174,-0.113159,1.073608
0.080444,-0.428589,0.863159
-0.234375,0.174805,0.985596
0.479492,-0.313843,1.044556
-0.441406,-0.097046,0.779541
0.305298,-0.066284,1.062744
0.114380,-0.424805,0.864746
-0.307617,0.154297,0.959229
0.509521,-0.302368,1.061768
-0.401123,-0.140503,0.787598
0.223511,0.019409,1.067505
0.183594,-0.452637,0.876831
-0.363525,0.114990,0.902710
0.539551,-0.265747,1.098633
-0.339478,-0.200317,0.792725
0.123657,0.104126,1.070312
0.259644,-0.462036,0.900269
-0.390991,0.056519,0.851685
0.540283,-0.259277,1.093262
-0.286255,-0.224609,0.796997
0.058472,0.142090,1.066406
0.327759,-0.448120,0.936035
-0.438843,0.033203,0.817505
0.515381,-0.219849,1.096802
-0.201416,-0.268677,0.828247
-0.010132,0.154541,1.066284
0.371216,-0.420532,0.968994
-0.474854,0.016968,0.810303
0.500244,-0.190430,1.114868
-0.103394,-0.298218,0.857056
-0.087891,0.212280,1.064209
0.426880,-0.380371,0.996338
-0.457031,-0.010864,0.812378
0.456543,-0.152100,1.117432
-0.014282,-0.364014,0.880249
-0.151978,0.173096,1.034546
0.473389,-0.367188,1.037842
-0.425537,-0.063721,0.809082
0.395630,-0.040039,1.138306
0.067871,-0.383301,0.875610
-0.210815,0.184937,1.032104
0.489380,-0.371704,1.047607
-0.424194,-0.121948,0.794434
0.378906,-0.063110,1.126343
0.109863,-0.353394,0.907227
-0.278564,0.253540,1.018311
0.520020,-0.322998,1.068848
-0.386108,-0.174927,0.809448
0.318604,-0.036743,1.109375
0.127930,-0.355713,0.919434
-0.310303,0.204956,0.979614
0.553101,-0.279663,1.103882
-0.364746,-0.162842,0.816406
0.253296,0.012329,1.101685
0.188965,-0.417114,0.926270
-0.337524,0.122070,0.921631
0.564331,-0.246582,1.131836
-0.338013,-0.167358,0.810181
0.189575,0.073120,1.104370
0.270142,-0.453491,0.932129
-0.379517,0.095581,0.884888
0.559937,-0.231445,1.120483
-0.281494,-0.221313,0.825317
0.121338,0.102539,1.098145
0.338257,-0.441040,0.967285
-0.407959,0.087280,0.860107
0.526245,-0.175171,1.130005
-0.214355,-0.231323,0.859985
0.039307,0.129517,1.074829
0.387573,-0.447266,0.994507
-0.431396,0.031860,0.840576
0.520142,-0.124268,1.143799
-0.133667,-0.241455,0.859741
-0.031738,0.210571,1.095581
0.424194,-0.415771,1.010498
-0.437256,-0.014893,0.837402
0.508545,-0.131714,1.161011
-0.047607,-0.280273,0.893677
-0.098633,0.247559,1.087280
0.449463,-0.361206,1.030640
-0.434326,-0.060303,0.828613
0.477051,-0.125122,1.165894
0.039429,-0.357056,0.913574
-0.154053,0.249878,1.078735
0.478027,-0.328125,1.048340
-0.417725,-0.066040,0.833496
0.446167,-0.115356,1.162598
0.040161,-0.374512,0.895142
-0.188110,0.231689,1.055786
0.525513,-0.290771,1.094849
-0.420044,-0.070679,0.821411
0.387085,-0.067871,1.150757
0.078979,-0.396973,0.903076
-0.234497,0.190430,1.024048
0.547852,-0.259399,1.125000
-0.401489,-0.103149,0.811890
0.328857,0.002197,1.150024
0.160645,-0.407104,0.927856
-0.286987,0.157104,0.976562
0.556152,-0.246826,1.126343
-0.351318,-0.146973,0.824829
0.250732,0.049927,1.132935
0.238647,-0.426514,0.938477
-0.350952,0.128662,0.927490
0.580200,-0.259766,1.134644
-0.302490,-0.185669,0.843506
0.153198,0.114380,1.110107
0.302490,-0.436279,0.958618
-0.375854,0.095337,0.903687
0.569580,-0.204956,1.146118
-0.236938,-0.245850,0.846558
0.079346,0.142944,1.103149
0.348389,-0.405029,0.991211
-0.447998,-0.027100,0.814575
0.471802,-0.123535,1.139038
-0.151855,-0.260254,0.877197
-0.142944,0.213867,1.049927
0.395996,-0.377441,1.009521
-0.439453,-0.059937,0.800049
0.432251,-0.101440,1.133179
0.062256,-0.368164,0.894287
-0.186279,0.208496,1.040527
0.483276,-0.319336,1.051025
-0.438354,-0.084106,0.803345
0.369263,-0.073120,1.114136
0.109009,-0.395142,0.907593
-0.242310,0.170898,1.009766
0.509644,-0.260498,1.093018
-0.392456,-0.109009,0.809082
0.292847,0.000122,1.112427
0.175903,-0.435181,0.914673
-0.333618,0.147095,0.962891
0.559448,-0.279907,1.118042
-0.338745,-0.158569,0.817871
0.203857,0.091919,1.110474
0.249146,-0.426392,0.928955
-0.367798,0.081177,0.898438
0.572876,-0.257324,1.141602
-0.274170,-0.260986,0.802734
0.106079,0.135742,1.100830
0.326782,-0.429199,0.967163
-0.407471,0.064941,0.866089
0.553833,-0.236572,1.125122
-0.211182,-0.254150,0.831909
0.028687,0.187622,1.097778
0.374878,-0.414795,0.984863
-0.431519,0.070435,0.857178
0.539551,-0.173828,1.151611
-0.159546,-0.251587,0.862061
-0.026855,0.200928,1.085205
0.413818,-0.420410,0.997803
-0.416382,0.014404,0.859985
0.514404,-0.119995,1.165405
-0.084229,-0.276489,0.878296
-0.088623,0.223389,1.075806
0.464355,-0.392944,1.041870
-0.430054,-0.047974,0.835083
0.475586,-0.085205,1.167969
0.022095,-0.308350,0.906250
-0.135986,0.238892,1.080811
0.483765,-0.340454,1.057983
-0.437744,-0.070557,0.828857
0.446899,-0.093018,1.163696
0.053467,-0.354126,0.908081
-0.191406,0.234253,1.065918
0.523315,-0.298340,1.085327
-0.426392,-0.084229,0.810669
0.377441,-0.052979,1.143311
0.100098,-0.385254,0.919434
-0.249756,0.198486,1.031250
0.544434,-0.263794,1.120605
-0.394043,-0.101318,0.822021
0.308594,-0.003052,1.133423
0.169067,-0.415039,0.938599
-0.291382,0.131348,0.978638
0.566528,-0.251221,1.152344
-0.347534,-0.152222,0.817505
0.227661,0.100586,1.139893
0.240845,-0.439941,0.944702
-0.338257,0.086426,0.928101
0.573120,-0.234863,1.147827
-0.304810,-0.214722,0.817505
0.159058,0.140381,1.126709
0.320557,-0.444092,0.976929
-0.405762,0.091919,0.901855
0.570557,-0.205933,1.154053
-0.241333,-0.224487,0.842529
0.088257,0.187256,1.115479
0.356201,-0.429932,0.976929
-0.415161,0.044067,0.873779
0.562012,-0.172119,1.175293
-0.182251,-0.244141,0.868652
0.025391,0.210571,1.109009
0.383545,-0.380005,0.994507
-0.431030,0.030029,0.871216
0.554688,-0.196655,1.174072
-0.094238,-0.295776,0.892700
-0.060181,0.226562,1.089844
0.411011,-0.371582,1.011841
-0.418823,0.002197,0.856812
0.527588,-0.166626,1.171387
-0.010986,-0.345337,0.908569
-0.105713,0.200562,1.078003
0.437256,-0.335571,1.028076
-0.426636,-0.044556,0.832031
0.495483,-0.099731,1.182983
0.013062,-0.326416,0.890747
-0.159790,0.223999,1.061523
0.481445,-0.301270,1.078247
-0.432129,-0.089722,0.820923
0.444092,-0.089233,1.175171
0.040771,-0.343506,0.898193
-0.223389,0.248901,1.046631
0.520264,-0.282959,1.094116
-0.408325,-0.104370,0.815186
0.394409,-0.068604,1.169189
0.074707,-0.370483,0.922729
-0.256348,0.197510,1.004272
0.548096,-0.264160,1.113281
-0.379761,-0.124023,0.819824
0.299316,-0.002930,1.145996
0.165161,-0.402954,0.925415
-0.305786,0.151611,0.957642
0.568359,-0.262207,1.138062
-0.353027,-0.158203,0.815674
0.204102,0.070312,1.121094
0.243774,-0.406250,0.954956
-0.358276,0.105103,0.932861
0.574341,-0.236816,1.142944
-0.297607,-0.213013,0.818604
0.099243,0.141479,1.094360
0.313354,-0.406616,0.973755
-0.388550,0.060425,0.901489
0.566040,-0.186279,1.165039
-0.220581,-0.231323,0.837769
0.047852,0.159302,1.098755
0.329834,-0.362183,0.981445
-0.442871,0.011719,0.850830
0.562378,-0.208008,1.171875
-0.098022,-0.326538,0.876099
-0.034058,0.220459,1.087402
0.380859,-0.354126,0.981689
-0.467896,0.005127,0.829712
0.519043,-0.201538,1.150024
-0.039673,-0.409424,0.854248
-0.097046,0.194580,1.079102
0.424316,-0.315918,1.018433
-0.503662,0.021484,0.805298
0.472656,-0.142212,1.156250
0.006592,-0.393677,0.872437
-0.176147,0.193848,1.068359
0.460449,-0.298950,1.057861
-0.473755,-0.017334,0.797119
0.406128,-0.028931,1.158447
0.022461,-0.369019,0.882690
-0.251343,0.176636,1.051636
0.528809,-0.356812,1.097046
-0.433594,-0.064575,0.805176
0.336914,0.017700,1.142456
0.053101,-0.291138,0.903320
-0.268311,0.141235,0.984497
0.541138,-0.316772,1.112915
-0.432495,-0.129761,0.779053
0.325684,0.003174,1.149170
0.104980,-0.366333,0.884033
-0.334717,0.187866,0.962524
0.544922,-0.297485,1.101685
-0.394287,-0.155396,0.781616
0.246216,0.004883,1.110840
0.165894,-0.407349,0.919067
-0.367554,0.150879,0.930664
0.536743,-0.250366,1.096436
-0.362671,-0.158936,0.794800
0.191040,0.060425,1.119507
0.198730,-0.421021,0.908325
-0.410767,0.135742,0.915283
0.545898,-0.270020,1.101685
-0.331787,-0.191406,0.809692
0.128418,0.123169,1.107422
0.244019,-0.401001,0.927246
-0.433228,0.081177,0.880249
0.548462,-0.247925,1.108154
-0.277588,-0.266113,0.807495
0.058228,0.165283,1.096436
0.274414,-0.377686,0.932495
-0.477173,0.052979,0.836914
0.540527,-0.241821,1.119995
-0.197998,-0.318970,0.810669
-0.002808,0.161011,1.072021
0.306885,-0.376099,0.938843
-0.481079,0.036499,0.830933
0.524536,-0.204224,1.130493
-0.137573,-0.365845,0.797363
-0.061035,0.158569,1.036255
0.347656,-0.402344,0.937134
-0.488647,0.036377,0.823608
0.494995,-0.165405,1.132202
-0.122070,-0.360352,0.793457
-0.121826,0.148193,1.030273
0.384521,-0.376953,0.973022
-0.502563,0.005615,0.798950
0.457031,-0.134521,1.128418
-0.100830,-0.312378,0.809326
-0.172852,0.181885,1.028687
0.406982,-0.329346,1.007202
-0.507324,-0.045654,0.784790
0.440186,-0.149658,1.126953
-0.094971,-0.322510,0.814697
-0.241943,0.190674,0.989990
0.444458,-0.332886,1.027954
-0.488647,-0.083984,0.768555
0.395996,-0.085693,1.119873
-0.076050,-0.333130,0.814575
-0.269287,0.163574,0.966431
0.459961,-0.337646,1.034668
-0.489136,-0.084595,0.770874
0.345459,-0.035767,1.121338
-0.030518,-0.357544,0.815308
-0.324341,0.190063,0.963257
0.471313,-0.342896,1.028809
-0.463379,-0.126953,0.761353
0.318970,-0.055420,1.106323
-0.004272,-0.359741,0.817505
-0.366211,0.162598,0.909180
0.481689,-0.295288,1.044312
-0.444214,-0.167480,0.759644
0.245605,-0.028564,1.098633
0.061523,-0.391724,0.852905
-0.402954,0.175659,0.904297
0.470459,-0.259155,1.037842
-0.436035,-0.128052,0.758911
0.198120,0.012817,1.091797
0.136597,-0.421753,0.878174
-0.441040,0.130859,0.878174
0.471191,-0.220703,1.054810
-0.406860,-0.169922,0.743774
0.104370,0.083984,1.063477
0.201294,-0.411499,0.898682
-0.502075,0.110596,0.839233
0.490845,-0.248291,1.057129
-0.342529,-0.219116,0.762817
0.026855,0.154785,1.066162
0.223267,-0.388916,0.890015
-0.513306,0.068237,0.825439
0.487671,-0.250977,1.071655
-0.266113,-0.294434,0.753906
-0.031738,0.161743,1.034180
0.261475,-0.380127,0.882324
-0.542969,0.028198,0.783813
0.479004,-0.265015,1.069092
-0.213257,-0.368652,0.747437
-0.088623,0.162231,0.999878
0.282104,-0.349365,0.901489
-0.561646,0.038330,0.776489
0.461914,-0.263306,1.050659
-0.163086,-0.369263,0.758423
-0.151123,0.138794,0.980591
0.307861,-0.313843,0.924805
-0.576416,0.040649,0.737915
0.440674,-0.249756,1.058960
-0.139893,-0.389648,0.765381
-0.223145,0.155029,0.969849
0.365479,-0.341431,0.947144
-0.586548,0.034180,0.747803
0.394897,-0.202026,1.054199
-0.111206,-0.364624,0.784302
-0.281372,0.180786,0.950317
0.369751,-0.322510,0.961060
-0.554077,-0.011597,0.749878
0.349854,-0.140259,1.054077
-0.104004,-0.368286,0.769165
-0.316162,0.168579,0.926880
0.404419,-0.311523,0.987915
-0.562744,-0.023193,0.738647
0.289917,-0.101929,1.053833
-0.071167,-0.366821,0.803711
-0.362183,0.140991,0.905762
0.443359,-0.327515,1.009277
-0.532593,-0.023804,0.727539
0.212280,0.012329,1.050049
-0.008179,-0.377563,0.816406
-0.421265,0.151611,0.887939
0.432373,-0.313354,0.993774
-0.512695,-0.088867,0.714233
0.177246,0.016846,1.038452
0.045288,-0.390259,0.815063
-0.479614,0.181152,0.852539
0.465210,-0.297363,1.015869
-0.459351,-0.145020,0.737915
0.078979,0.098267,1.029175
0.103027,-0.390015,0.840210
-0.523438,0.144409,0.842285
0.463013,-0.293457,1.011597
-0.390869,-0.220093,0.735474
0.013794,0.119019,1.045776
0.163818,-0.435303,0.835083
-0.547485,0.093994,0.810669
0.452148,-0.240601,1.031616
-0.321777,-0.204346,0.760498
-0.063599,0.146118,0.993286
0.233765,-0.405151,0.871216
-0.573608,0.067017,0.782471
0.427246,-0.208496,1.031860
-0.256836,-0.303833,0.709839
-0.125732,0.159180,0.967896
0.286743,-0.359985,0.897217
-0.570312,0.036377,0.769165
0.411377,-0.188232,1.052734
-0.212036,-0.364380,0.703125
-0.218018,0.158936,0.948120
0.320312,-0.356445,0.918457
-0.597534,-0.003052,0.737549
0.378052,-0.165039,1.047119
-0.160278,-0.357178,0.733765
-0.290283,0.179565,0.913452
0.361694,-0.323364,0.943726
-0.583984,-0.011230,0.730225
0.292847,-0.090210,1.034180
-0.113281,-0.350708,0.779175
-0.369629,0.175781,0.913330
0.406494,-0.359741,0.966553
-0.561401,-0.025757,0.703979
0.192871,0.027100,1.027832
-0.017578,-0.351196,0.797729
-0.451050,0.189941,0.890259
0.421021,-0.335693,0.978760
-0.531738,-0.094360,0.697632
0.137817,0.062744,1.020020
0.023071,-0.387573,0.784058
-0.505615,0.179565,0.846191
0.434204,-0.296143,0.989502
-0.455322,-0.152222,0.741577
0.070435,0.067871,1.008545
0.084961,-0.405396,0.803101
-0.539429,0.181519,0.819580
0.448120,-0.280762,0.993042
-0.416504,-0.179321,0.736084
0.019409,0.095947,1.014526
0.160889,-0.422974,0.836548
-0.573242,0.154297,0.813110
0.433716,-0.224121,1.006348
-0.350708,-0.215698,0.724731
-0.049805,0.125732,0.996948
0.230713,-0.444824,0.854736
-0.595093,0.127930,0.778564
0.409424,-0.172729,1.007812
-0.271729,-0.270386,0.715088
-0.111450,0.142944,0.977051
0.252686,-0.420166,0.865845
-0.602417,0.074707,0.762085
0.412476,-0.191528,1.019653
-0.239990,-0.321045,0.698608
-0.197144,0.173096,0.948364
0.316284,-0.391113,0.897095
-0.598511,0.063354,0.748779
0.370361,-0.124390,1.032715
-0.183350,-0.356323,0.702759
-0.236206,0.180054,0.941650
0.332642,-0.370239,0.907349
-0.606934,0.035645,0.741089
0.347290,-0.146973,1.016724
-0.139648,-0.372314,0.723022
-0.306274,0.184692,0.907837
0.370117,-0.337158,0.924316
-0.600342,0.024414,0.708618
0.301514,-0.111694,1.014160
-0.099121,-0.376831,0.739502
-0.381104,0.199463,0.888306
0.394287,-0.313477,0.946899
-0.578125,-0.025146,0.710571
0.194824,-0.032471,0.996094
-0.011597,-0.435791,0.769409
-0.452637,0.190674,0.860474
0.409912,-0.262573,0.973633
-0.543457,-0.026245,0.708740
0.114258,0.054688,0.999634
0.071899,-0.411621,0.817871
-0.518311,0.176025,0.849243
0.414551,-0.224365,0.989868
-0.447388,-0.110352,0.727539
0.040161,0.130493,1.007935
0.130737,-0.408813,0.812500
-0.568359,0.175659,0.819580
0.441040,-0.223511,1.008911
-0.331665,-0.218750,0.742676
-0.040527,0.167236,0.997681
0.190918,-0.377563,0.847412
-0.601196,0.120605,0.770752
0.455078,-0.230835,1.031738
-0.259521,-0.299316,0.709106
-0.130981,0.199219,0.972534
0.270508,-0.353027,0.873779
-0.608643,0.089722,0.756714
0.400146,-0.171997,1.015259
-0.166748,-0.345825,0.729736
-0.218750,0.184448,0.921997
0.318237,-0.345459,0.895874
-0.608276,0.075317,0.723511
0.356689,-0.145264,1.007080
-0.103149,-0.392456,0.730591
-0.287598,0.181641,0.897339
0.347900,-0.307739,0.919189
-0.578369,0.035889,0.702637
0.280273,-0.066040,0.996704
-0.042480,-0.419434,0.744141
-0.385742,0.191162,0.878906
0.411377,-0.304565,0.948120
-0.551880,-0.001709,0.712280
0.160767,0.030762,0.973267
0.008423,-0.398193,0.769165
-0.451660,0.180176,0.857788
0.440796,-0.265625,0.978516
-0.497559,-0.062500,0.720703
0.077148,0.120483,1.001099
0.086914,-0.407104,0.798462
-0.524170,0.176758,0.821533
0.420410,-0.237671,0.989136
-0.391357,-0.170776,0.739014
0.024902,0.147827,1.014526
0.145508,-0.388428,0.822388
-0.583862,0.173828,0.793701
0.429199,-0.217285,0.992310
-0.284058,-0.240234,0.751953
-0.037354,0.154785,0.999268
0.211182,-0.355347,0.857056
-0.606812,0.160034,0.772339
0.423340,-0.203979,0.994019
-0.207153,-0.306030,0.739746
-0.122192,0.159302,0.953613
0.302490,-0.358887,0.893677
-0.609375,0.162598,0.776367
0.388672,-0.122681,1.013916
-0.141235,-0.326660,0.739380
-0.226929,0.154297,0.916260
0.367554,-0.383667,0.913330
-0.577271,0.071533,0.758423
0.329102,-0.046631,1.015747
-0.096924,-0.365845,0.713135
-0.307129,0.179688,0.868896
0.401367,-0.318115,0.938721
-0.562744,-0.029663,0.715210
0.272583,-0.055542,1.003906
-0.045532,-0.389526,0.734131
-0.380249,0.226318,0.865479
0.423828,-0.305420,0.924561
-0.529663,-0.047485,0.722778
0.198364,-0.015869,0.991455
0.010376,-0.407349,0.760620
-0.436646,0.187866,0.832031
0.440674,-0.278076,0.954102
-0.498047,-0.031616,0.740723
0.129395,0.062500,1.010132
0.075806,-0.426392,0.785645
-0.496826,0.169800,0.816650
0.443359,-0.236450,0.983765
-0.434937,-0.102051,0.737183
0.083984,0.113770,1.024170
0.130615,-0.424438,0.813843
-0.546753,0.175537,0.815552
0.447388,-0.209839,1.000000
-0.360840,-0.142700,0.742798
-0.002808,0.151733,1.005127
0.208496,-0.413086,0.852417
-0.572388,0.159302,0.781128
0.437622,-0.156128,1.008301
-0.257324,-0.210938,0.751099
-0.080688,0.204834,0.998535
0.258911,-0.413940,0.872437
-0.579590,0.141113,0.780151
0.418579,-0.144287,1.016846
-0.187988,-0.300293,0.741333
-0.154419,0.199951,0.960571
0.321045,-0.395874,0.893433
-0.585327,0.103638,0.762573
0.410034,-0.133789,1.014526
-0.115112,-0.319702,0.750977
-0.229614,0.210083,0.917114
0.350952,-0.349609,0.912109
-0.571045,0.033569,0.756836
0.367432,-0.129517,1.011597
-0.055420,-0.365112,0.757568
-0.292236,0.223755,0.882812
0.395996,-0.327393,0.917236
-0.570923,-0.001709,0.723389
0.288940,-0.099243,0.984741
-0.019653,-0.432617,0.737305
-0.324097,0.169800,0.870850
0.424316,-0.268555,0.950928
-0.545288,-0.020264,0.728516
0.188965,0.006470,0.989624
0.042725,-0.468384,0.751831
-0.405151,0.161743,0.844238
0.452271,-0.259033,0.983276
-0.487305,-0.027832,0.751343
0.103027,0.093994,0.998657
0.084351,-0.424438,0.790894
-0.480713,0.132935,0.801270
0.448364,-0.237915,0.999023
-0.396118,-0.118652,0.762207
0.040161,0.160522,1.009033
0.157715,-0.401489,0.817261
-0.549927,0.137939,0.783447
0.458130,-0.251099,1.002441
-0.297729,-0.185669,0.774048
-0.033203,0.192139,1.004028
0.216431,-0.372803,0.853882
-0.586670,0.107056,0.751465
0.455444,-0.213745,1.013428
-0.198242,-0.246826,0.784302
-0.092773,0.204712,0.977783
0.277954,-0.345581,0.888184
-0.604126,0.104248,0.740356
0.440186,-0.217163,1.019043
-0.122192,-0.321899,0.789429
-0.160767,0.178345,0.934204
0.322754,-0.326172,0.897705
-0.578857,0.107666,0.750732
0.377563,-0.129761,1.010498
-0.036255,-0.381226,0.782837
-0.221191,0.163086,0.914551
0.354126,-0.348633,0.910522
-0.570679,0.065063,0.746704
0.325439,-0.071289,0.989990
-0.005127,-0.386841,0.781494
-0.305054,0.146240,0.879272
0.416138,-0.331299,0.956665
-0.518921,-0.021729,0.735474
0.239868,0.034912,0.996338
0.016724,-0.382446,0.767212
-0.358032,0.132080,0.843140
0.442261,-0.369873,0.945190
-0.506470,-0.076782,0.736572
0.205811,0.013062,1.004395
0.068970,-0.386963,0.791992
-0.424805,0.166016,0.807983
0.453735,-0.293823,0.974243
-0.456177,-0.121948,0.751709
0.128906,0.014282,0.994263
0.099854,-0.454468,0.791260
-0.455322,0.154785,0.804565
0.446899,-0.234741,0.972656
-0.410645,-0.090942,0.775269
0.076538,0.090210,1.016235
0.144775,-0.451904,0.812012
-0.512451,0.115112,0.773193
0.470093,-0.281616,0.979736
-0.368774,-0.162964,0.751343
0.005005,0.152344,1.013672
0.215820,-0.436523,0.849609
-0.541626,0.091675,0.765381
0.463379,-0.246460,0.999512
-0.268677,-0.221069,0.765015
-0.082031,0.193115,0.981934
0.283691,-0.412964,0.878906
-0.565552,0.068604,0.743164
0.448853,-0.217529,1.026978
-0.156006,-0.271484,0.795166
-0.143066,0.212646,0.974731
0.308838,-0.376709,0.904907
-0.564087,0.049561,0.748047
0.420654,-0.188965,1.029419
-0.093994,-0.353149,0.787109
-0.193604,0.188477,0.948975
0.353760,-0.373169,0.909912
-0.543091,0.016846,0.749878
0.348022,-0.128906,1.008423
-0.024902,-0.411865,0.780884
-0.246460,0.151489,0.913818
0.403076,-0.358887,0.943970
-0.547729,-0.019409,0.740723
0.278564,-0.075928,0.989258
0.054565,-0.470337,0.774048
-0.310791,0.113892,0.865356
0.421753,-0.326538,0.964233
-0.512817,-0.064453,0.727417
0.190308,0.011597,0.997559
0.089966,-0.457642,0.773193
-0.382446,0.109131,0.836426
0.457153,-0.312500,0.983154
-0.451904,-0.120850,0.752319
0.102783,0.067627,1.004150
0.128418,-0.436279,0.793213
-0.480957,0.115234,0.782349
0.500732,-0.304199,1.023682
-0.337769,-0.212891,0.765259
-0.022827,0.171509,1.007935
0.214722,-0.441528,0.838135
-0.519287,0.052856,0.752075
0.486816,-0.312134,1.013550
-0.254395,-0.231323,0.796875
-0.072876,0.194336,1.013306
0.270264,-0.405273,0.882202
-0.553101,0.042725,0.735840
0.442749,-0.243042,1.028687
-0.147461,-0.318481,0.798096
-0.144287,0.186279,0.993042
0.320923,-0.414062,0.897583
-0.556641,0.051880,0.750244
0.394287,-0.180786,1.017700
-0.028931,-0.385010,0.820557
-0.184692,0.153076,0.954956
0.349854,-0.344849,0.932373
-0.548950,0.034546,0.746338
0.349731,-0.153809,1.008179
0.016602,-0.419067,0.813232
-0.238281,0.136353,0.913452
0.414795,-0.365479,0.959473
-0.509033,-0.017578,0.765259
0.281250,-0.051025,1.022705
0.052979,-0.444824,0.785156
-0.303955,0.133423,0.885254
0.447021,-0.369019,0.964233
-0.485840,-0.086914,0.765259
0.247681,-0.054077,1.026367
0.087646,-0.472412,0.783691
-0.368774,0.104248,0.838745
0.447876,-0.305786,0.995483
-0.447144,-0.154297,0.749756
0.193481,-0.027100,1.018921
0.121826,-0.443115,0.816406
-0.440308,0.136841,0.812012
0.487427,-0.319336,0.999634
-0.399536,-0.183105,0.746094
0.102295,0.062500,1.019409
0.194946,-0.481689,0.840576
-0.461060,0.093384,0.795776
0.470947,-0.260742,1.013550
-0.358765,-0.195679,0.751221
0.042603,0.093750,1.024292
0.269165,-0.513428,0.854492
-0.492798,0.057373,0.761841
0.474731,-0.227417,1.036987
-0.284546,-0.184937,0.783936
-0.037842,0.139648,1.013550
0.303345,-0.489380,0.877075
-0.505859,0.024536,0.758179
0.446411,-0.211670,1.044922
-0.208618,-0.248291,0.803467
-0.095703,0.162476,1.019043
0.349487,-0.474976,0.915283
-0.533325,0.038696,0.776855
0.441650,-0.193115,1.043457
-0.126099,-0.301636,0.801636
-0.156494,0.206665,1.002808
0.397095,-0.418579,0.953369
-0.524048,-0.015747,0.760498
0.395264,-0.169922,1.040405
-0.038208,-0.372925,0.812012
-0.202271,0.177734,0.966309
0.423218,-0.373779,0.975830
-0.484497,-0.062622,0.750244
0.345459,-0.116943,1.042236
0.037598,-0.436401,0.821167
-0.268555,0.143677,0.927734
0.471436,-0.369141,0.988770
-0.463623,-0.062622,0.773071
0.265625,-0.045410,1.029907
0.098999,-0.453491,0.830322
-0.311646,0.116699,0.912842
0.483032,-0.321167,1.023682
-0.439331,-0.141113,0.756714
0.213257,0.017456,1.046387
0.130005,-0.452515,0.824463
-0.365356,0.144531,0.890137
0.503296,-0.314941,1.038818
-0.396362,-0.162720,0.783203
0.136353,0.034302,1.025269
0.179810,-0.461304,0.845703
-0.403076,0.057251,0.830200
0.518066,-0.282104,1.056152
-0.350464,-0.178467,0.780273
0.080322,0.090454,1.038208
0.254028,-0.474976,0.866577
-0.442749,0.038940,0.802856
0.511230,-0.244995,1.067261
-0.270142,-0.209473,0.803955
-0.020752,0.139404,1.031250
0.331055,-0.495117,0.911133
-0.483032,0.010864,0.789795
0.488403,-0.213257,1.084351
-0.171143,-0.247559,0.822998
-0.100220,0.203613,1.024902
0.387207,-0.416382,0.968384
-0.474365,-0.058350,0.771362
0.312378,-0.106934,1.030640
-0.051514,-0.324463,0.825317
-0.284058,0.138184,0.891846
0.441650,-0.350098,0.969849
-0.482300,-0.076782,0.762573
0.230103,-0.061523,1.005737
0.090088,-0.471436,0.790527
-0.361450,0.106567,0.836548
0.479858,-0.318604,0.997925
-0.451172,-0.129517,0.740967
0.114502,0.018677,0.991577
0.171875,-0.499268,0.821533
-0.442505,0.049072,0.784302
0.484253,-0.259888,1.037231
-0.339111,-0.190552,0.763306
0.000000,0.153564,1.030396
0.265259,-0.466675,0.875000
-0.501953,0.015503,0.762451
0.474609,-0.272461,1.029785
-0.234009,-0.235107,0.794922
-0.068970,0.172119,1.011841
0.325073,-0.399658,0.926392
-0.549316,0.041748,0.764404
0.450439,-0.238647,1.041382
-0.112549,-0.320068,0.823853
-0.150146,0.204346,1.010010
0.364014,-0.343018,0.956055
-0.532837,0.050171,0.779785
0.393799,-0.205078,1.021729
-0.000488,-0.448853,0.837769
-0.215820,0.132568,0.960693
0.431519,-0.364258,0.979004
-0.506348,0.031982,0.759644
0.308960,-0.048462,1.023926
0.059448,-0.435303,0.829956
-0.261353,0.098022,0.934570
0.465820,-0.382202,1.002319
-0.491211,-0.057861,0.752441
0.261475,-0.017944,1.032104
0.094482,-0.444458,0.810425
-0.311157,0.135254,0.904663
0.480225,-0.340576,1.017334
-0.436768,-0.164062,0.763550
0.245239,-0.046875,1.034180
0.098511,-0.446655,0.806274
-0.372070,0.142334,0.870605
0.491455,-0.299805,1.029175
-0.407837,-0.154785,0.767212
0.188354,0.006348,1.042114
0.152710,-0.461182,0.849731
-0.398804,0.104492,0.842163
0.489014,-0.276978,1.038940
-0.368896,-0.158691,0.784058
0.109009,0.066528,1.045532
0.223511,-0.498535,0.853149
-0.426758,0.070190,0.807861
0.514282,-0.261230,1.053223
-0.306396,-0.194946,0.799805
0.006470,0.145996,1.025879
0.279663,-0.477783,0.869141
-0.430786,0.013550,0.806396
0.501343,-0.253784,1.063354
-0.251099,-0.233032,0.802734
-0.050293,0.161011,1.024048
0.342285,-0.472900,0.913940
-0.489990,0.018555,0.782227
0.478149,-0.186035,1.094360
-0.152710,-0.269653,0.817627
-0.103271,0.205933,1.044434
0.376221,-0.443481,0.945190
-0.497437,-0.001953,0.796265
0.439209,-0.164551,1.082275
-0.040894,-0.319946,0.855347
-0.151489,0.233276,1.031128
0.411133,-0.411255,0.960449
-0.477173,-0.040527,0.785400
0.409302,-0.131470,1.090088
0.029541,-0.378662,0.844238
-0.217041,0.211182,1.011230
0.464600,-0.374756,0.992920
-0.471313,-0.060913,0.777222
0.360840,-0.078003,1.086060
0.094360,-0.427246,0.861450
-0.251709,0.161133,0.971191
0.484863,-0.332886,1.028320
-0.429443,-0.104004,0.786133
0.286865,-0.036255,1.072876
0.115601,-0.431030,0.854370
-0.306885,0.147461,0.937622
0.509644,-0.306396,1.061035
-0.387573,-0.138062,0.794678
0.225098,0.002197,1.073730
0.161133,-0.431396,0.881714
-0.372070,0.115967,0.896606
0.532959,-0.288940,1.082886
-0.343384,-0.205688,0.791138
0.156738,0.054443,1.074097
0.250122,-0.466064,0.896240
-0.400757,0.112549,0.863770
0.529663,-0.235229,1.078491
-0.293335,-0.166016,0.823486
0.081909,0.105225,1.065186
0.308472,-0.530029,0.903320
-0.438965,0.015747,0.815674
0.535156,-0.218384,1.104858
-0.239258,-0.211426,0.820679
0.003662,0.190796,1.065552
0.364258,-0.466309,0.951172
-0.442871,0.019043,0.817505
0.514282,-0.191162,1.112427
-0.197998,-0.221924,0.846436
-0.037720,0.171753,1.054688
0.405762,-0.455322,0.980469
-0.460205,0.001343,0.822876
0.496582,-0.117798,1.139526
-0.117188,-0.239258,0.860718
-0.106689,0.218140,1.056885
0.452393,-0.449585,1.001709
-0.446655,-0.045532,0.834717
0.449097,-0.107178,1.131104
-0.023926,-0.282349,0.875854
-0.155640,0.207397,1.023682
0.484375,-0.347656,1.045654
-0.435669,-0.087280,0.814087
0.395142,-0.084839,1.130737
0.062134,-0.380249,0.877686
-0.209717,0.186523,1.014893
0.513794,-0.308594,1.080078
-0.405273,-0.104858,0.816895
0.344238,-0.030396,1.126831
0.100342,-0.375366,0.896118
-0.291016,0.196289,0.980713
0.533936,-0.288208,1.088013
-0.352539,-0.181152,0.817627
0.265991,0.005127,1.124023
0.190674,-0.409546,0.913330
-0.344971,0.150513,0.918213
0.556763,-0.259155,1.108398
-0.303833,-0.200317,0.831421
0.157227,0.079224,1.105103
0.291504,-0.459717,0.946777
-0.397705,0.086670,0.853394
0.550415,-0.187744,1.136108
-0.235229,-0.221680,0.830566
0.052856,0.172974,1.099487
0.358887,-0.468262,0.962036
-0.429565,0.016479,0.840576
0.530273,-0.177124,1.140869
-0.166504,-0.249146,0.850098
-0.017334,0.225708,1.102539
0.415649,-0.386719,1.011475
-0.461182,0.007690,0.831787
0.511719,-0.157593,1.156372
-0.071533,-0.289429,0.872681
-0.086914,0.215332,1.083130
0.471191,-0.364258,1.039429
-0.457642,-0.005859,0.834106
0.475830,-0.114014,1.149902
0.033813,-0.373413,0.886597
-0.147827,0.210327,1.063843
0.495483,-0.339111,1.067505
-0.433716,-0.048096,0.828857
0.423584,-0.074219,1.147461
0.061523,-0.369141,0.897949
-0.205811,0.195801,1.042114
0.528564,-0.294067,1.100586
-0.398804,-0.080078,0.827637
0.353027,-0.020386,1.137329
0.109009,-0.383301,0.909912
-0.249390,0.167480,1.003784
0.547729,-0.262817,1.124146
-0.375122,-0.134277,0.822266
0.299072,0.023438,1.139160
0.183350,-0.401245,0.930420
-0.324463,0.156982,0.948242
0.569824,-0.269531,1.129517
-0.319946,-0.212036,0.819336
0.207153,0.079224,1.134888
0.267578,-0.440186,0.948242
-0.368286,0.130859,0.912476
0.576050,-0.243652,1.134888
-0.265381,-0.210571,0.856445
0.127441,0.103271,1.113525
0.323975,-0.428345,0.971924
-0.385620,0.083496,0.882080
0.550537,-0.151978,1.152344
-0.192139,-0.229858,0.861450
0.038696,0.177368,1.121216
0.378174,-0.414307,1.004639
-0.436646,0.045288,0.859009
0.538574,-0.137085,1.166138
-0.094482,-0.274292,0.894653
-0.049438,0.217529,1.106689
0.423828,-0.378418,1.026245
-0.425659,-0.015991,0.853638
0.516479,-0.133423,1.174683
-0.007812,-0.329468,0.897217
-0.129272,0.199585,1.070923
0.469604,-0.323486,1.066162
-0.421997,-0.054199,0.832397
0.457642,-0.078125,1.188477
0.027588,-0.354736,0.895142
-0.187622,0.197144,1.052490
0.508423,-0.270264,1.100586
-0.406860,-0.080811,0.823730
0.377563,-0.010620,1.166382
0.110474,-0.384888,0.919434
-0.264160,0.189575,1.028809
0.559326,-0.262451,1.132446
-0.374146,-0.132568,0.818237
0.291016,0.037842,1.161621
0.202881,-0.418823,0.937134
-0.327148,0.161255,0.962280
0.559448,-0.247070,1.133545
-0.317993,-0.184082,0.829224
0.192261,0.100830,1.135742
0.274658,-0.418213,0.962646
-0.371582,0.100952,0.910400
0.566284,-0.213501,1.146851
-0.244873,-0.221191,0.854980
0.077148,0.145996,1.104614
0.337769,-0.403931,0.987305
-0.415527,0.069336,0.871460
0.556641,-0.172241,1.162964
-0.164673,-0.239990,0.889648
0.005859,0.156250,1.095215
0.385010,-0.394653,1.003784
-0.431885,0.023193,0.852417
0.520874,-0.097534,1.176270
-0.047363,-0.299316,0.896606
-0.080566,0.200928,1.103516
0.443115,-0.383545,1.040771
-0.437988,-0.028442,0.840210
0.476440,-0.075195,1.166260
-0.018433,-0.308350,0.867676
-0.170776,0.225708,1.075562
0.506958,-0.336914,1.075439
-0.441772,-0.095825,0.806396
0.401978,-0.029541,1.168457
0.050903,-0.331421,0.897827
-0.246216,0.198364,1.015991
0.534180,-0.271973,1.117676
-0.391357,-0.152588,0.813477
0.304810,-0.007812,1.152344
0.132568,-0.396362,0.907715
-0.309692,0.159912,0.957153
0.556396,-0.260742,1.116943
-0.342896,-0.176270,0.822266
0.205078,0.044922,1.128174
0.224121,-0.422485,0.930298
-0.370483,0.120850,0.919189
0.562866,-0.235596,1.134644
-0.293823,-0.205933,0.815308
0.100830,0.126343,1.091919
0.309692,-0.405640,0.969482
-0.409180,0.060913,0.881592
0.549683,-0.166260,1.159058
-0.230347,-0.244385,0.821289
0.004761,0.172729,1.086060
0.376953,-0.413330,0.984009
-0.438354,0.014771,0.857178
0.517578,-0.146362,1.157349
-0.109985,-0.318481,0.833862
-0.052979,0.171509,1.074463
0.394897,-0.359619,0.996948
-0.473145,-0.016846,0.827881
0.510010,-0.151733,1.164795
-0.057373,-0.337036,0.838135
-0.149292,0.199585,1.055298
0.445190,-0.323730,1.033081
-0.475586,-0.048218,0.820435
0.447510,-0.106323,1.169312
-0.015259,-0.316284,0.865601
-0.250244,0.210327,1.010986
0.495239,-0.303101,1.069458
-0.439697,-0.105713,0.797729
0.356323,-0.082031,1.132446
0.056274,-0.359009,0.883301
-0.316772,0.188354,0.963989
0.526245,-0.270508,1.095093
-0.380005,-0.173950,0.792114
0.229492,0.029053,1.121216
0.151245,-0.406982,0.909668
-0.380005,0.113281,0.907715
0.526733,-0.246948,1.103760
-0.325806,-0.207886,0.799316
0.132080,0.121094,1.102295
0.229980,-0.406494,0.921509
-0.425781,0.077026,0.885742
0.539551,-0.232422,1.119873
-0.260742,-0.253174,0.812134
0.046143,0.136230,1.087158
0.273682,-0.368652,0.941162
-0.464233,0.024658,0.837769
0.530640,-0.245239,1.115112
-0.156006,-0.314819,0.826782
-0.032227,0.174805,1.067993
0.316650,-0.348145,0.953979
-0.480835,0.002075,0.818237
0.491211,-0.219116,1.121094
-0.123901,-0.382690,0.804077
-0.096191,0.145264,1.034058
0.354614,-0.327881,0.958374
-0.511841,0.005005,0.783447
0.475098,-0.207031,1.125977
-0.075562,-0.381348,0.830200
-0.188843,0.161743,0.998657
0.413940,-0.319702,1.008545
-0.501587,-0.005127,0.776367
0.404907,-0.108765,1.130737
-0.056396,-0.345459,0.843628
-0.264526,0.168335,0.983276
0.474121,-0.337891,1.041016
-0.487793,-0.040527,0.770752
0.326416,-0.012573,1.122314
-0.010620,-0.317993,0.847412
-0.325806,0.176270,0.962280
0.498779,-0.347412,1.045776
-0.447266,-0.141235,0.762085
0.247559,0.022339,1.107300
0.046997,-0.354858,0.851929
-0.385986,0.137207,0.913818
0.510986,-0.305420,1.070312
-0.406860,-0.183960,0.767944
0.147339,0.065430,1.071899
0.143799,-0.411743,0.871582
-0.427124,0.128540,0.885742
0.510254,-0.267212,1.080322
-0.386597,-0.205811,0.760742
0.089478,0.092285,1.069336
0.208740,-0.412720,0.878052
-0.479004,0.092041,0.835449
0.507690,-0.224121,1.076660
-0.281494,-0.253174,0.795288
-0.001221,0.118652,1.050537
0.256958,-0.427979,0.899048
-0.510498,0.038940,0.802490
0.496460,-0.219604,1.081543
-0.206299,-0.286987,0.785156
-0.095215,0.175293,1.028320
0.311279,-0.390259,0.923706
-0.531982,0.001343,0.792480
0.466797,-0.214478,1.085571
-0.168823,-0.340332,0.748535
-0.152100,0.159302,1.000977
0.346069,-0.344360,0.945801
-0.561157,-0.005981,0.754150
0.428101,-0.208984,1.075439
-0.116699,-0.367676,0.772583
-0.238647,0.169922,0.974121
0.379272,-0.311646,0.973511
-0.547241,-0.010376,0.748901
0.353149,-0.129028,1.071533
-0.074707,-0.363770,0.808105
-0.306396,0.125244,0.940796
0.411133,-0.319824,1.005615
-0.519165,-0.030518,0.723999
0.286377,-0.004761,1.076904
-0.017212,-0.299316,0.845581
-0.386719,0.180298,0.937500
0.455322,-0.348022,1.020142
-0.507935,-0.109253,0.728394
0.215210,0.041260,1.078003
0.028198,-0.356323,0.837280
-0.432495,0.145874,0.899170
0.463257,-0.331787,1.021362
-0.470825,-0.176758,0.721924
0.146240,0.098267,1.066528
0.060669,-0.365723,0.817261
-0.471680,0.140503,0.847290
0.480835,-0.320435,1.026367
-0.438110,-0.141479,0.753052
0.091553,0.097046,1.046143
0.106201,-0.382080,0.837769
-0.504883,0.101074,0.808716
0.468018,-0.271240,1.032959
-0.385864,-0.186646,0.760010
0.038574,0.111206,1.043091
0.155029,-0.425659,0.839111
-0.521484,0.095337,0.807983
0.466187,-0.217773,1.054321
-0.325439,-0.194214,0.775391
-0.041138,0.157593,1.021606
0.209717,-0.459961,0.854248
-0.539551,0.033813,0.784424
0.455688,-0.210449,1.055298
-0.265381,-0.282471,0.714600
-0.096558,0.167969,0.993164
0.260498,-0.403687,0.863525
-0.568848,0.048584,0.777222
0.435059,-0.251343,1.015381
-0.221558,-0.316528,0.720337
-0.139038,0.177734,0.990845
0.294556,-0.355225,0.892090
-0.607666,0.055298,0.744751
0.416138,-0.246460,1.020874
-0.167725,-0.389160,0.727783
-0.215698,0.157104,0.945557
0.324219,-0.333130,0.925049
-0.615112,0.044189,0.734497
0.398926,-0.204224,1.041138
-0.135376,-0.392944,0.755249
-0.280273,0.163940,0.913452
0.344849,-0.315552,0.947632
-0.570557,-0.010742,0.729614
0.318726,-0.143921,1.010864
-0.116211,-0.372314,0.764038
-0.315674,0.167725,0.912354
0.380859,-0.336792,0.958740
-0.561523,0.026123,0.735107
0.261597,-0.062866,1.019897
-0.099731,-0.354980,0.787354
-0.361328,0.111084,0.894775
0.407471,-0.346313,0.986816
-0.542847,-0.033813,0.700439
0.221558,0.043701,1.037842
-0.065308,-0.317139,0.787109
-0.413696,0.189209,0.893433
0.413696,-0.355957,0.951538
-0.544922,-0.060669,0.714600
0.210083,-0.005127,1.020874
-0.041016,-0.373779,0.779175
-0.440308,0.191284,0.864502
0.403320,-0.314331,0.969116
-0.541138,-0.101562,0.696899
0.192261,-0.030640,1.026855
0.005981,-0.418579,0.789307
-0.482666,0.228882,0.860840
0.411865,-0.281250,0.971680
-0.514893,-0.142334,0.713867
0.129395,-0.012573,1.009399
0.038574,-0.439087,0.807861
-0.502319,-0.110840,0.722412
0.091919,0.021729,1.005005
0.070312,-0.451172,0.800659
-0.518555,0.168335,0.841675
0.435303,-0.248413,1.010010
-0.470093,-0.132935,0.718140
0.038818,0.094238,1.011719
0.119751,-0.427002,0.831543
-0.548828,0.165894,0.830200
0.443115,-0.254883,1.002075
-0.441040,-0.156860,0.717773
0.010376,0.128052,1.000122
0.166870,-0.411499,0.834717
-0.572388,0.154663,0.813721
0.442627,-0.240601,0.997192
-0.368652,-0.196533,0.725708
-0.038940,0.177734,1.010986
0.195801,-0.426636,0.850220
-0.586548,0.132568,0.795532
0.439453,-0.225220,1.008911
-0.327515,-0.200806,0.714844
-0.075073,0.183716,0.996948
0.241699,-0.385742,0.870850
-0.598633,0.096436,0.781738
0.417236,-0.214355,1.004272
-0.261963,-0.270630,0.711548
-0.124268,0.219238,0.976929
0.270020,-0.343384,0.874878
-0.616455,0.074829,0.748901
0.417725,-0.224976,1.010132
-0.211060,-0.355591,0.697998
-0.156372,0.186646,0.956665
0.269775,-0.337402,0.867920
-0.623413,0.093872,0.750610
0.417603,-0.201660,1.021973
-0.164062,-0.375000,0.719727
-0.239868,0.195190,0.914062
0.309814,-0.331909,0.889893
-0.605713,0.029419,0.714355
0.367065,-0.175293,1.021118
-0.129517,-0.411011,0.717896
-0.273560,0.198730,0.909790
0.343140,-0.317505,0.905396
-0.597412,0.064575,0.718872
0.316406,-0.126709,1.006714
-0.086914,-0.414062,0.740967
-0.330688,0.170898,0.884033
0.382690,-0.314209,0.923340
-0.593750,0.044312,0.714355
0.253052,-0.057617,0.999512
-0.032715,-0.428955,0.751709
-0.411621,0.202393,0.860596
0.397339,-0.277344,0.943726
-0.537109,-0.027588,0.716675
0.174561,0.020508,1.005005
0.008423,-0.393311,0.790649
-0.484863,0.174927,0.844849
0.417847,-0.267456,0.970459
-0.484863,-0.067993,0.717163
0.090210,0.128784,1.005859
0.073608,-0.354736,0.815308
-0.530640,0.169678,0.817627
0.429443,-0.261230,0.978394
-0.428223,-0.142578,0.715210
0.050659,0.160034,1.027466
0.133545,-0.396118,0.816284
-0.580322,0.185059,0.815186
0.448242,-0.243652,0.997314
-0.339355,-0.210815,0.731812
-0.014648,0.168091,0.998901
0.208618,-0.382812,0.857666
-0.602783,0.165283,0.782227
0.421875,-0.183838,1.003662
-0.255371,-0.257690,0.738037
-0.085571,0.152832,0.975098
0.267456,-0.396362,0.876953
-0.622559,0.173340,0.778076
0.409912,-0.157349,0.998779
-0.191162,-0.299072,0.730469
-0.151123,0.173340,0.950073
0.308716,-0.386353,0.883179
-0.606201,0.101807,0.760132
0.389893,-0.134644,1.010132
-0.150757,-0.331543,0.731812
-0.227173,0.218384,0.930176
0.356445,-0.364380,0.915283
-0.589966,0.048096,0.745728
0.352783,-0.109863,1.011597
-0.114014,-0.376465,0.717041
-0.280396,0.217163,0.890381
0.366089,-0.319092,0.916260
-0.583130,0.036133,0.723877
0.317749,-0.096558,1.006470
-0.052734,-0.423950,0.741089
-0.342407,0.204712,0.875610
0.386353,-0.304565,0.918945
-0.552979,-0.006592,0.726929
0.252197,-0.043213,0.992188
-0.007080,-0.401855,0.759277
-0.392212,0.209961,0.867554
0.408569,-0.279785,0.942383
-0.530151,-0.048462,0.720093
0.184204,-0.008545,0.990967
0.032104,-0.415527,0.784424
-0.454468,0.177002,0.834717
0.429810,-0.244385,0.980713
-0.483276,-0.054932,0.739014
0.120605,0.090698,1.011108
0.077881,-0.400391,0.796509
-0.514526,0.184692,0.815552
0.445801,-0.238647,0.984253
-0.411987,-0.107300,0.751709
0.051392,0.136963,1.017944
0.131714,-0.408691,0.819580
-0.556152,0.173462,0.792603
0.457153,-0.224854,0.994507
-0.319214,-0.184814,0.759888
-0.025635,0.172363,0.996582
0.212036,-0.408203,0.828491
-0.582031,0.134521,0.767456
0.454346,-0.186035,1.014160
-0.245972,-0.232544,0.747803
-0.086182,0.190308,0.985107
0.266968,-0.382080,0.862671
-0.581909,0.106201,0.765381
0.418457,-0.164307,1.020752
-0.179932,-0.315430,0.736328
-0.157959,0.196045,0.943970
0.337524,-0.367554,0.903687
-0.569336,0.078369,0.762695
0.371948,-0.110229,1.010742
-0.125244,-0.357300,0.721313
-0.240356,0.169556,0.903076
0.381348,-0.353271,0.933838
-0.561646,0.010132,0.748779
0.326050,-0.066772,1.016602
-0.043213,-0.387695,0.736816
-0.334595,0.189087,0.837280
0.420776,-0.310059,0.944336
-0.522095,-0.058594,0.732300
0.241821,-0.034180,0.995483
-0.009399,-0.390015,0.754639
-0.399414,0.184814,0.836426
0.460938,-0.311279,0.967529
-0.498169,-0.076294,0.758179
0.144653,0.025635,0.999512
0.079956,-0.438965,0.785034
-0.489624,0.198730,0.802124
0.445190,-0.247803,0.966675
-0.412354,-0.103027,0.758179
0.095093,0.110352,1.016602
0.137329,-0.392456,0.814087
-0.551025,0.165039,0.784546
0.444946,-0.254639,0.975830
-0.356079,-0.201416,0.748657
0.011597,0.139038,1.013916
0.210938,-0.407104,0.839233
-0.566895,0.153320,0.766724
0.448730,-0.203735,1.000610
-0.258911,-0.223267,0.755371
-0.085571,0.171631,0.968872
0.280029,-0.404175,0.885742
-0.569458,0.076782,0.764282
0.423096,-0.155762,1.019043
-0.159668,-0.286743,0.756836
-0.164673,0.206543,0.951050
0.354980,-0.399658,0.915771
-0.578369,0.091553,0.764771
0.386597,-0.102295,1.015015
-0.084106,-0.344482,0.764038
-0.221069,0.181641,0.919189
0.386597,-0.382568,0.920044
-0.557007,0.020386,0.752808
0.324829,-0.081055,0.993652
-0.020630,-0.368896,0.766724
-0.292480,0.178101,0.875732
0.417114,-0.343994,0.947876
-0.545532,-0.051147,0.726440
0.255859,-0.047485,0.979370
0.022827,-0.415161,0.758423
-0.343384,0.152954,0.846191
0.421509,-0.265137,0.958130
-0.505981,-0.070801,0.739136
0.183350,-0.020020,0.989746
0.074219,-0.463989,0.767334
-0.401978,0.151489,0.823608
0.446899,-0.241089,0.979980
-0.479614,-0.062744,0.743286
0.117920,0.041870,1.002686
0.135010,-0.493286,0.788330
-0.486450,0.121826,0.796875
0.455078,-0.236938,0.980225
-0.391724,-0.119019,0.754761
0.021729,0.144287,1.009033
0.207397,-0.457153,0.836182
-0.536377,0.105835,0.767700
0.448242,-0.233887,0.997925
-0.298828,-0.197510,0.758423
-0.049561,0.183472,0.999268
0.256836,-0.420044,0.871216
-0.558472,0.064087,0.750122
0.447021,-0.238037,1.008789
-0.209229,-0.277710,0.772217
-0.107788,0.213135,0.994751
0.291382,-0.385010,0.885254
-0.572510,0.072266,0.757202
0.451416,-0.211426,1.026855
-0.115723,-0.341064,0.788940
-0.199829,0.207153,0.946289
0.338013,-0.367065,0.901245
-0.552734,0.039795,0.755737
0.397705,-0.172974,1.022705
-0.047852,-0.374512,0.796875
-0.229980,0.201172,0.922729
0.360352,-0.322266,0.929932
-0.539062,0.021973,0.754272
0.351929,-0.153076,1.001587
0.009033,-0.438477,0.791382
-0.253174,0.167358,0.899170
0.382812,-0.307007,0.947021
-0.546631,0.000732,0.735229
0.305664,-0.117798,0.987061
0.036865,-0.447632,0.775757
-0.293213,0.144409,0.895630
0.433594,-0.331665,0.958130
-0.528198,-0.027100,0.737671
0.220459,-0.017944,1.001343
0.065552,-0.465332,0.778442
-0.368774,0.107178,0.834106
0.463501,-0.325928,0.979980
-0.467041,-0.073242,0.756348
0.156006,0.035034,1.018799
0.085083,-0.452148,0.782837
-0.424194,0.086060,0.806885
0.474487,-0.315308,0.993408
-0.418457,-0.131226,0.764160
0.086060,0.107422,1.023193
0.139648,-0.422852,0.819458
-0.462036,0.076294,0.787231
0.449829,-0.239380,1.002075
-0.377808,-0.184937,0.756592
-0.067505,0.199341,0.995850
0.277832,-0.364136,0.891113
-0.599121,0.118164,0.753296
0.438599,-0.222656,1.011841
-0.142578,-0.288330,0.795410
-0.126587,0.174927,0.963257
0.304565,-0.346069,0.899292
-0.597534,0.129639,0.758301
0.403564,-0.175049,1.011841
-0.064941,-0.382935,0.788208
-0.179565,0.174316,0.935547
0.345215,-0.320312,0.914062
-0.593140,0.070435,0.724609
0.364990,-0.151001,1.002686
-0.007446,-0.448853,0.773438
-0.243408,0.167847,0.910767
0.371582,-0.330688,0.921387
-0.555054,0.003784,0.719116
0.309448,-0.092896,0.989380
0.027222,-0.443481,0.778198
-0.314941,0.144653,0.857178
0.420410,-0.328125,0.939575
-0.530151,-0.016846,0.731445
0.238892,-0.029419,0.991455
0.062866,-0.426270,0.780884
-0.377686,0.123779,0.841553
0.440430,-0.333618,0.957764
-0.499390,-0.070435,0.737305
0.164917,0.034058,1.005981
0.101562,-0.447998,0.791504
-0.443481,0.151978,0.805908
0.459351,-0.280640,0.984497
-0.436523,-0.136963,0.735474
0.085938,0.086304,1.009888
0.150635,-0.459961,0.815552
-0.515503,0.093872,0.767700
0.462158,-0.267578,0.989868
-0.342773,-0.189453,0.758667
-0.001831,0.161255,1.015259
0.230957,-0.447144,0.846558
-0.548950,0.084229,0.736816
0.459839,-0.228027,1.011841
-0.240479,-0.230713,0.786011
-0.092773,0.180664,1.000977
0.302246,-0.455078,0.879272
-0.567993,0.058838,0.746582
0.421509,-0.201294,1.011841
-0.125610,-0.329956,0.786987
-0.175659,0.223389,0.975830
0.358398,-0.410522,0.916504
-0.541016,0.031128,0.769409
0.363770,-0.116211,1.008423
-0.058472,-0.383545,0.777588
-0.229492,0.154663,0.919312
0.387817,-0.380493,0.943970
-0.528687,-0.040894,0.756348
0.318726,-0.093994,1.015503
0.035278,-0.419189,0.791992
-0.329712,0.158203,0.861938
0.422974,-0.355713,0.954590
-0.492554,-0.123901,0.741455
0.229248,-0.041504,1.010376
0.082642,-0.464111,0.782349
-0.371826,0.120361,0.826416
0.447998,-0.297241,0.985107
-0.463623,-0.115601,0.738892
0.137207,0.016235,0.992554
0.120483,-0.498779,0.778809
-0.429565,0.072998,0.790283
0.464722,-0.257446,1.005005
-0.355469,-0.155884,0.768188
0.024536,0.124512,1.009155
0.208252,-0.460938,0.829590
-0.518799,0.055542,0.757446
0.478394,-0.286377,1.016968
-0.273438,-0.231323,0.779297
-0.073120,0.196289,1.000732
0.289673,-0.447632,0.881470
-0.545410,0.040039,0.749878
0.439819,-0.232544,1.027100
-0.164429,-0.291748,0.794312
-0.136353,0.193604,0.996094
0.327271,-0.396362,0.912109
-0.532471,0.011841,0.767334
0.395874,-0.177734,1.035278
-0.061401,-0.387817,0.799927
-0.219238,0.194092,0.958374
0.393799,-0.412720,0.921997
-0.516846,-0.027710,0.770996
0.342896,-0.127808,1.031006
0.042358,-0.420776,0.815430
-0.283691,0.178101,0.904541
0.428711,-0.349243,0.952637
-0.494873,-0.097168,0.746704
0.275024,-0.093018,1.017822
0.093262,-0.483276,0.794189
-0.348877,0.173828,0.887329
0.464111,-0.335083,0.973511
-0.457520,-0.102661,0.761230
0.160645,-0.017822,0.991577
0.135254,-0.496582,0.811279
-0.396118,0.070435,0.828369
0.485229,-0.288818,1.014282
-0.394287,-0.134033,0.759766
0.059204,0.126709,1.029907
0.212280,-0.437256,0.862671
-0.458252,0.016357,0.787842
0.493164,-0.298096,1.034424
-0.335693,-0.199707,0.768921
-0.015381,0.148315,1.011841
0.285889,-0.445801,0.888550
-0.504395,0.042114,0.765503
0.466431,-0.235107,1.056519
-0.210815,-0.271973,0.810181
-0.083130,0.157715,1.008301
0.331299,-0.439819,0.908569
-0.527222,0.035767,0.764893
0.445557,-0.224365,1.042114
-0.105835,-0.327515,0.819702
-0.150269,0.204712,1.010254
0.378906,-0.398438,0.936035
-0.528564,0.010864,0.772949
0.401733,-0.188232,1.043579
-0.001221,-0.395264,0.844482
-0.235840,0.170410,0.960205
0.433716,-0.384277,0.968384
-0.498169,-0.037231,0.751831
0.337036,-0.094604,1.040039
0.085571,-0.444214,0.838867
-0.297607,0.170288,0.934692
0.446167,-0.350586,0.985962
-0.456787,-0.108521,0.770508
0.255127,-0.057007,1.028076
0.120605,-0.467041,0.814087
-0.342773,0.152100,0.899170
0.489380,-0.289307,1.033813
-0.412842,-0.146606,0.766724
0.147827,0.021484,1.020752
0.174316,-0.490845,0.843994
-0.389404,0.046143,0.831543
0.528442,-0.258911,1.072510
-0.361206,-0.172729,0.770996
0.058228,0.109253,1.035400
0.267700,-0.511108,0.862671
-0.453735,0.026245,0.787231
0.516113,-0.268799,1.062988
-0.243408,-0.220703,0.820312
-0.021240,0.178345,1.048706
0.306274,-0.428833,0.910156
-0.496216,0.015503,0.792725
0.487915,-0.247803,1.081665
-0.140625,-0.294434,0.838623
-0.106445,0.195435,1.026123
0.371826,-0.386230,0.956543
-0.499878,0.010376,0.778931
0.431641,-0.195923,1.070190
-0.006592,-0.389282,0.863037
-0.170410,0.176270,1.017212
0.417969,-0.345825,0.983643
-0.489868,-0.002686,0.776489
0.365845,-0.133667,1.059082
0.082031,-0.433716,0.876587
-0.228638,0.133545,0.981323
0.473022,-0.326660,1.032349
-0.449341,-0.077637,0.770996
0.279663,-0.018188,1.063965
0.116333,-0.454590,0.850342
-0.309692,0.149292,0.956421
0.525635,-0.319946,1.073364
-0.414429,-0.151123,0.772217
0.184570,0.063599,1.066772
0.186157,-0.428589,0.881226
-0.367432,0.099487,0.895996
0.539673,-0.312622,1.070435
-0.328491,-0.217285,0.804688
0.089355,0.117676,1.064697
0.272705,-0.455811,0.902466
-0.425049,0.035767,0.811523
0.529297,-0.252319,1.097168
-0.234009,-0.234619,0.823975
0.007324,0.159302,1.048584
0.355713,-0.440063,0.942017
-0.485474,0.073853,0.818848
0.496582,-0.213989,1.093506
-0.144775,-0.282959,0.849243
-0.066040,0.164917,1.041382
0.418579,-0.429321,0.990356
-0.487915,0.015137,0.813599
0.441528,-0.109375,1.099243
-0.023315,-0.305664,0.859009
-0.133911,0.204712,1.050781
0.464233,-0.387695,1.029785
-0.470947,-0.069336,0.802124
0.396362,-0.110229,1.100952
0.078491,-0.380737,0.876587
-0.206543,0.185913,1.000000
0.488403,-0.273071,1.070068
-0.430664,-0.113037,0.790039
0.333618,-0.077881,1.089600
0.111938,-0.393677,0.900757
-0.291260,0.183838,0.973877
0.538696,-0.276611,1.095825
-0.399170,-0.131104,0.795654
0.217285,0.024658,1.086304
0.229736,-0.467773,0.913086
-0.348877,0.099976,0.899902
0.540405,-0.230225,1.117432
-0.337769,-0.181274,0.799072
0.141846,0.069946,1.079468
0.307373,-0.467285,0.935059
-0.401733,0.094604,0.867432
0.545410,-0.238525,1.099976
-0.227905,-0.232666,0.844238
0.045166,0.132935,1.070679
0.359741,-0.436768,0.970825
-0.440430,0.039185,0.839844
0.534180,-0.177979,1.149536
-0.145508,-0.243896,0.864746
-0.051392,0.212769,1.075562
0.414795,-0.404663,0.995972
-0.441162,-0.020386,0.832275
0.486206,-0.151245,1.145874
-0.041016,-0.302124,0.882568
-0.113525,0.222534,1.065674
0.475830,-0.365234,1.039917
-0.458984,-0.031738,0.807739
0.436890,-0.086304,1.136475
0.059204,-0.358276,0.904053
-0.168823,0.200439,1.055786
0.492676,-0.313965,1.075439
-0.428223,-0.095459,0.808716
0.377686,-0.051636,1.137573
0.086060,-0.392578,0.895508
-0.252686,0.196045,1.009644
0.547241,-0.281250,1.110474
-0.378906,-0.122559,0.822632
0.277466,0.010132,1.107910
0.180908,-0.418335,0.918091
-0.301270,0.124512,0.947632
0.559814,-0.251465,1.132202
-0.324585,-0.170044,0.827148
0.191406,0.100098,1.107178
0.292358,-0.430298,0.951294
-0.382935,0.105469,0.898560
0.559570,-0.222534,1.133301
-0.232910,-0.228027,0.845947
0.066406,0.164062,1.097534
0.358032,-0.406128,0.992798
-0.420532,0.045410,0.858276
0.544189,-0.153076,1.159668
-0.146851,-0.251465,0.868652
-0.027100,0.198853,1.101196
0.426758,-0.401978,1.017090
-0.431641,0.017456,0.858398
0.501953,-0.105103,1.169678
-0.001343,-0.334961,0.890991
-0.114502,0.219238,1.084229
0.469238,-0.337036,1.053467
-0.434937,-0.058350,0.830078
0.444580,-0.076416,1.163208
0.048950,-0.347290,0.904297
-0.202759,0.211792,1.042725
0.519531,-0.281006,1.105469
-0.394531,-0.104736,0.813843
0.350342,-0.023438,1.152710
0.145874,-0.392456,0.937256
-0.297241,0.197998,0.997803
0.561768,-0.253052,1.133179
-0.327759,-0.163330,0.822754
0.223267,0.067627,1.130127
0.241577,-0.450073,0.941284
-0.350342,0.087891,0.917847
0.572998,-0.227661,1.144409
-0.258545,-0.195435,0.856812
0.108276,0.153076,1.115112
0.334473,-0.420898,0.980835
-0.405273,0.048584,0.880493
0.559937,-0.187256,1.166870
-0.181885,-0.246216,0.862549
0.009888,0.188965,1.103394
0.406128,-0.398804,1.017334
-0.430542,0.031982,0.868286
0.523315,-0.125122,1.166138
-0.054321,-0.315918,0.886475
-0.082520,0.209351,1.094727
0.455200,-0.393188,1.029175
-0.434692,-0.030029,0.841187
0.482300,-0.077637,1.178223
0.010010,-0.340210,0.873169
-0.155518,0.232178,1.077881
0.502197,-0.331909,1.082397
-0.420776,-0.106079,0.829712
0.428223,-0.057251,1.180054
0.049316,-0.322144,0.902588
-0.243408,0.226562,1.036621
0.541992,-0.286743,1.116577
-0.381104,-0.141724,0.830322
0.344604,-0.016479,1.156006
0.146484,-0.352905,0.944458
-0.311401,0.196777,0.968262
0.548950,-0.233154,1.132446
-0.331055,-0.181641,0.825684
0.236572,0.043823,1.138916
0.231689,-0.431274,0.948364
-0.356445,0.123657,0.929688
0.560303,-0.225586,1.130249
-0.279907,-0.199097,0.830566
0.134155,0.110107,1.117188
0.313721,-0.421143,0.980591
-0.409912,0.075928,0.890991
0.564819,-0.198120,1.151855
-0.205688,-0.231445,0.837402
0.037476,0.189819,1.103882
0.369751,-0.393311,0.997803
-0.426636,0.025146,0.873657
0.535767,-0.167358,1.170166
-0.100464,-0.312134,0.867432
-0.038330,0.198730,1.082642
0.400391,-0.348755,1.015137
-0.445679,-0.013916,0.844238
0.518433,-0.161255,1.169067
-0.029907,-0.349609,0.870239
-0.107056,0.196411,1.072754
0.440063,-0.324463,1.030151
-0.450562,-0.031128,0.830200
0.474121,-0.121216,1.163696
-0.008301,-0.350220,0.873291
-0.171753,0.211670,1.062988
0.487671,-0.323730,1.054565
-0.445801,-0.041504,0.820068
0.410278,-0.064209,1.166748
0.035156,-0.358765,0.905762
-0.241211,0.186646,1.025146
0.518677,-0.286743,1.102539
-0.421265,-0.075073,0.794434
0.331299,0.003174,1.154175
0.107788,-0.381226,0.918091
-0.301147,0.161621,0.991089
0.555298,-0.279175,1.130615
-0.375977,-0.147705,0.808228
0.241821,0.064575,1.138550
0.175293,-0.400024,0.918335
-0.370117,0.123779,0.921509
0.564209,-0.265015,1.129517
-0.291870,-0.229736,0.816040
0.169678,0.124023,1.128906
0.234985,-0.386597,0.930298
-0.435303,0.108887,0.887939
0.588989,-0.284302,1.138428
-0.265503,-0.271606,0.827759
0.045654,0.143677,1.083374
0.305054,-0.384521,0.953003
-0.430420,0.052124,0.863403
0.555786,-0.199707,1.155029
-0.122559,-0.297363,0.862671
-0.057373,0.185303,1.065918
0.341675,-0.356934,0.970093
-0.448608,-0.038574,0.821045
0.515137,-0.189209,1.147095
-0.072021,-0.311035,0.850220
-0.110229,0.215698,1.060059
0.400024,-0.322144,0.993164
-0.485474,-0.033325,0.801025
0.444458,-0.167114,1.131226
-0.019287,-0.390137,0.866455
-0.192627,0.157593,1.025269
0.435913,-0.285889,1.041626
-0.477905,-0.035767,0.786377
0.387695,-0.076416,1.147583
0.033325,-0.380737,0.879150
-0.298096,0.178955,1.008667
0.503052,-0.312744,1.079346
-0.422485,-0.085205,0.770874
0.273926,0.067749,1.139526
0.095459,-0.356567,0.890625
-0.351074,0.117310,0.951416
0.528809,-0.333496,1.081665
-0.386719,-0.151733,0.793945
0.208252,0.122559,1.133057
0.147095,-0.321655,0.888550
-0.410034,0.107178,0.898315
0.539307,-0.337036,1.080444
-0.357178,-0.251953,0.785156
0.145020,0.071655,1.086548
0.223877,-0.403931,0.909302
-0.462158,0.155518,0.881226
0.534058,-0.251221,1.097534
-0.311279,-0.237793,0.802368
0.052002,0.109619,1.077637
0.269409,-0.408203,0.924072
-0.457031,0.089600,0.855225
0.519653,-0.200317,1.095093
-0.221924,-0.239258,0.822998
-0.004517,0.136475,1.065308
0.292603,-0.383057,0.941650
-0.472534,0.027588,0.829224
0.499634,-0.201538,1.106689
-0.176025,-0.312622,0.791138
-0.075439,0.144287,1.036377
0.340576,-0.368652,0.956909
-0.499512,-0.015137,0.799683
0.479858,-0.177368,1.114502
-0.127808,-0.358032,0.768555
-0.152100,0.180054,1.020142
0.375610,-0.337769,0.967529
-0.511108,-0.009399,0.791504
0.431763,-0.187622,1.111328
-0.129517,-0.383301,0.783936
-0.190430,0.136719,0.992676
0.400635,-0.300415,1.002319
-0.496582,-0.047852,0.770508
0.376709,-0.096680,1.107910
-0.067871,-0.366943,0.824341
-0.280396,0.176392,0.981079
0.448242,-0.334839,1.019775
-0.494019,-0.081787,0.744629
0.323730,-0.049438,1.107056
-0.025879,-0.320435,0.835571
-0.337646,0.153564,0.932983
0.464600,-0.327148,1.039429
-0.466187,-0.142822,0.748047
0.272461,-0.019287,1.103516
0.024292,-0.372192,0.835205
-0.392944,0.186157,0.909912
0.474365,-0.279419,1.036133
-0.430542,-0.171509,0.763794
0.190674,-0.010254,1.077515
0.074585,-0.433716,0.846802
-0.442627,0.145630,0.870850
0.484741,-0.249878,1.056641
-0.399414,-0.176636,0.769043
0.108643,0.084473,1.064941
0.134766,-0.430420,0.859131
-0.471680,0.101440,0.842896
0.511597,-0.297852,1.055420
-0.374023,-0.179565,0.776001
0.023682,0.159424,1.047241
0.197876,-0.407471,0.879517
-0.491577,0.051514,0.831177
0.480347,-0.252563,1.062988
-0.278809,-0.268433,0.763306
-0.013550,0.152466,1.027954
0.244629,-0.400635,0.876831
-0.525635,0.025757,0.781982
0.467651,-0.221558,1.073120
-0.215942,-0.353271,0.729126
-0.070312,0.165405,1.030518
0.277954,-0.389771,0.879883
-0.585815,0.070923,0.765747
0.450073,-0.256470,1.041504
-0.149658,-0.396362,0.766724
-0.144653,0.135254,0.990845
0.296753,-0.334473,0.903809
-0.591675,0.075806,0.761353
0.437866,-0.208496,1.072266
-0.139038,-0.367065,0.788574
-0.219238,0.135986,0.963013
0.348022,-0.331055,0.953735
-0.576660,0.022217,0.744263
0.376221,-0.171509,1.055786
-0.119019,-0.348633,0.799561
-0.262085,0.144287,0.947998
0.375122,-0.314697,0.969482
-0.551880,0.022827,0.746094
0.340454,-0.122192,1.053223
-0.099121,-0.349121,0.789795
-0.317261,0.175781,0.936646
0.397583,-0.336060,0.973389
-0.560547,-0.011353,0.737793
0.296387,-0.087280,1.049438
-0.069946,-0.397461,0.779175
-0.371460,0.180664,0.901001
0.431519,-0.324829,0.983765
-0.525635,-0.066040,0.740845
0.220337,-0.039429,1.045288
-0.036377,-0.386108,0.788818
-0.396362,0.176270,0.907593
0.441895,-0.289551,1.016602
-0.527954,-0.104004,0.723755
0.156250,-0.000610,1.034912
0.039185,-0.431519,0.803833
-0.464478,0.165161,0.874756
0.451416,-0.281006,1.012695
-0.466064,-0.109009,0.758301
0.083496,0.095337,1.030396
0.084961,-0.406982,0.820801
-0.514038,0.123657,0.827759
0.463867,-0.282837,1.022705
-0.403931,-0.196411,0.740112
0.024658,0.131104,1.025635
0.149536,-0.403320,0.835815
-0.561157,0.152466,0.823486
0.466675,-0.293091,1.014893
-0.351318,-0.252563,0.736816
-0.019531,0.141113,1.016479
0.201904,-0.407837,0.856445
-0.573730,0.097290,0.777100
0.445068,-0.246216,1.033813
-0.299805,-0.300903,0.721680
-0.066895,0.123291,0.987671
0.245850,-0.411987,0.865234
-0.610962,0.093994,0.768066
0.436279,-0.218384,1.032837
-0.226929,-0.321289,0.732666
-0.150879,0.171021,0.973389
0.284058,-0.370117,0.889038
-0.605957,0.052124,0.752563
0.413452,-0.223633,1.024658
-0.194458,-0.371338,0.718506
-0.214233,0.153564,0.943726
0.323242,-0.341919,0.922485
-0.593140,0.051514,0.759766
0.354614,-0.143188,1.039673
-0.170532,-0.356934,0.722534
-0.280518,0.148560,0.915894
0.356323,-0.362793,0.922119
-0.579834,0.009888,0.728394
0.320801,-0.081909,1.040283
-0.109009,-0.383179,0.737915
-0.369629,0.186401,0.869751
0.364258,-0.338013,0.931030
-0.553711,-0.033691,0.746704
0.259888,-0.085205,1.027100
-0.069092,-0.411377,0.759155
-0.430908,0.218994,0.880737
0.383301,-0.274414,0.960815
-0.525269,-0.083862,0.709473
0.179443,-0.011108,1.023560
0.006226,-0.392090,0.795532
-0.484741,0.213501,0.862183
0.400391,-0.258911,0.979858
-0.496460,-0.132812,0.715210
0.109375,0.015503,1.026123
0.073730,-0.430420,0.804688
-0.540649,0.194214,0.836670
0.439453,-0.240723,1.006958
-0.405640,-0.166260,0.735352
0.013550,0.140869,1.024902
0.181519,-0.423950,0.850830
-0.595947,0.160522,0.803467
0.410767,-0.230103,0.994141
-0.305420,-0.267700,0.715454
-0.061768,0.171997,0.994263
0.230347,-0.387451,0.869751
-0.605713,0.096069,0.777344
0.424805,-0.205688,1.012817
-0.252441,-0.309204,0.696411
-0.153809,0.193970,0.967041
0.286011,-0.388428,0.871460
-0.607544,0.087524,0.765381
0.401855,-0.169800,1.026001
-0.197266,-0.344971,0.716187
-0.215698,0.170288,0.929810
0.314575,-0.343140,0.903442
-0.620361,0.050781,0.732056
0.385864,-0.209473,1.010010
-0.141479,-0.389893,0.724487
-0.283325,0.199219,0.909058
0.347046,-0.349365,0.897095
-0.600220,0.043945,0.741821
0.334595,-0.159546,1.004761
-0.116943,-0.362671,0.750000
-0.336182,0.172607,0.880371
0.377686,-0.319336,0.929443
-0.576416,0.032959,0.725464
0.265991,-0.077271,1.005127
-0.074219,-0.391724,0.750977
-0.380005,0.183960,0.877197
0.395142,-0.309570,0.936646
-0.557251,0.013306,0.715088
0.199585,-0.029419,0.985474
-0.030151,-0.399658,0.774292
-0.417725,0.164673,0.866333
0.389771,-0.275513,0.952393
-0.557983,-0.035278,0.694458
0.175415,0.029419,1.008667
0.024292,-0.406250,0.786011
-0.490356,0.193604,0.856445
0.411133,-0.279541,0.959839
-0.507446,-0.048828,0.724365
0.114258,0.069092,0.994385
0.063232,-0.400513,0.796509
-0.514893,0.202148,0.845093
0.416138,-0.261108,0.972656
-0.482788,-0.135742,0.697021
0.079468,0.092285,1.010254
0.094238,-0.407715,0.804443
-0.535645,0.221558,0.850098
0.438354,-0.241943,0.986328
-0.444214,-0.141968,0.724731
0.038208,0.124512,1.016724
0.124878,-0.428223,0.811768
-0.543945,0.180786,0.828369
0.438721,-0.208374,0.992676
-0.382690,-0.133057,0.745605
0.010254,0.160156,1.020142
0.164062,-0.421143,0.829712
-0.585938,0.167114,0.794556
0.439087,-0.227661,0.997314
-0.332153,-0.191772,0.736328
-0.031860,0.183105,1.010986
0.205566,-0.408569,0.845337
-0.605835,0.173706,0.790649
0.441040,-0.210205,1.008789
-0.287476,-0.230713,0.726807
-0.072510,0.197632,0.995117
0.247437,-0.401733,0.867065
-0.613037,0.146851,0.778564
0.439453,-0.195312,0.995972
-0.243652,-0.267578,0.725342
-0.118896,0.198608,0.978027
0.284546,-0.387085,0.880981
-0.623047,0.139038,0.752808
0.427002,-0.161865,1.022583
-0.183472,-0.323364,0.727295
-0.186646,0.197876,0.941406
0.317993,-0.371826,0.891113
-0.598633,0.092773,0.749023
0.386597,-0.127930,1.023926
-0.150391,-0.359497,0.707764
-0.246582,0.209595,0.919800
0.364380,-0.372559,0.904785
-0.596802,0.063721,0.751221
0.342163,-0.105835,0.998901
-0.093140,-0.380859,0.728760
-0.312012,0.211914,0.890869
0.379517,-0.324829,0.920532
-0.565063,-0.011597,0.714233
0.289795,-0.072754,1.009155
-0.056152,-0.389038,0.741577
-0.364746,0.207642,0.862915
0.408569,-0.295898,0.941528
-0.540283,-0.027466,0.717285
0.202637,-0.012207,0.998413
0.008667,-0.433838,0.761230
-0.420776,0.190674,0.846313
0.428345,-0.263184,0.957764
-0.507568,-0.055054,0.724854
0.136108,0.049561,1.000244
0.059937,-0.431763,0.782471
-0.483398,0.192139,0.828125
0.438843,-0.226074,0.986572
-0.454346,-0.055542,0.754272
0.076172,0.108887,1.002686
0.128174,-0.400757,0.821167
-0.550537,0.181519,0.809326
0.437744,-0.213623,0.991821
-0.350586,-0.151611,0.744019
0.008545,0.194580,1.013428
0.175781,-0.372314,0.835327
-0.572388,0.132690,0.786621
0.442627,-0.219482,1.010010
-0.278076,-0.219604,0.750610
-0.065430,0.223877,0.999878
0.257080,-0.374023,0.868042
-0.592773,0.134521,0.774414
0.426636,-0.189819,1.011353
-0.203003,-0.304077,0.728882
-0.114990,0.201050,0.968140
0.313110,-0.363281,0.888306
-0.619507,0.133911,0.750977
0.406616,-0.161499,1.010010
-0.099731,-0.359741,0.753174
-0.195679,0.185181,0.922852
0.331421,-0.361206,0.893921
-0.604370,0.082153,0.732422
0.383789,-0.130859,1.015137
-0.055298,-0.377441,0.759155
-0.273193,0.204590,0.898438
0.377075,-0.331421,0.912476
-0.574951,0.034424,0.727539
0.141357,0.029541,0.981323
0.019043,-0.392334,0.795288
-0.475464,0.165527,0.843262
0.418823,-0.250000,0.986572
-0.487915,-0.084351,0.722168
0.082031,0.136230,1.012573
0.085938,-0.396240,0.808960
-0.533936,0.176880,0.837158
0.431396,-0.234863,0.993530
-0.411011,-0.162231,0.727783
0.015259,0.150146,1.005859
0.158569,-0.385620,0.829956
-0.574829,0.167847,0.798584
0.439453,-0.216919,1.011963
-0.314819,-0.247559,0.727295
-0.032104,0.169067,1.001831
0.207520,-0.379639,0.836426
-0.613892,0.182007,0.782349
0.437134,-0.242065,0.990112
-0.240845,-0.300049,0.738525
-0.099976,0.152588,0.959961
0.261230,-0.345459,0.872192
-0.605225,0.172119,0.757935
0.406006,-0.184326,0.994751
-0.192383,-0.353149,0.726196
-0.157104,0.145020,0.950562
0.324097,-0.371338,0.891357
-0.617920,0.155151,0.743286
0.386108,-0.119629,0.998169
-0.120483,-0.327148,0.746948
-0.225220,0.186157,0.925537
0.342529,-0.369995,0.904419
-0.594604,0.082642,0.748047
0.371460,-0.117310,1.007324
-0.118652,-0.352417,0.722412
-0.291016,0.195679,0.893555
0.384399,-0.353638,0.925171
-0.559937,0.002197,0.732910
0.312866,-0.059204,1.012451
-0.088379,-0.355591,0.725342
-0.329956,0.204712,0.873535
0.414062,-0.324951,0.937988
-0.560059,-0.017578,0.730591
0.244141,-0.060791,0.983887
-0.027588,-0.399902,0.752441
-0.373413,0.187134,0.853760
0.400635,-0.254761,0.947266
-0.528809,-0.030640,0.735229
0.175415,-0.020752,1.001343
0.046387,-0.452515,0.763672
-0.483765,0.206543,0.825928
0.432129,-0.231689,0.970947
-0.437866,-0.078613,0.757446
0.080200,0.091797,1.006348
0.102417,-0.428223,0.790894
-0.543335,0.185425,0.813354
0.454102,-0.211426,1.003296
-0.334595,-0.174683,0.747070
-0.014771,0.193481,1.002563
0.202393,-0.378296,0.836914
-0.597412,0.122192,0.761597
0.445679,-0.209351,1.013794
-0.216797,-0.288696,0.753052
-0.076416,0.202026,0.985840
0.246826,-0.346313,0.856567
-0.601074,0.137573,0.760132
0.443970,-0.181152,1.034790
-0.129150,-0.331177,0.762207
-0.163452,0.176270,0.927856
0.303345,-0.301147,0.895264
-0.607178,0.110596,0.742554
0.383423,-0.146240,1.010132
-0.069702,-0.378174,0.766235
-0.239258,0.192505,0.911133
0.364136,-0.311523,0.915405
-0.582886,0.110229,0.743896
0.326050,-0.090576,0.976318
-0.047241,-0.384155,0.746704
-0.299805,0.133911,0.858276
0.411743,-0.291138,0.958740
-0.552734,0.011719,0.714355
0.237793,0.015015,0.990601
-0.014160,-0.376953,0.745605
-0.351562,0.125366,0.858643
0.447144,-0.317871,0.970459
-0.542358,0.005249,0.724976
0.181396,0.088379,1.006226
0.035767,-0.400269,0.749634
-0.436279,0.144165,0.821899
0.458130,-0.312744,0.984741
-0.484497,-0.089478,0.736816
0.131104,0.097534,1.009888
0.071167,-0.393311,0.772217
-0.483276,0.156616,0.802979
0.456177,-0.268799,0.994873
-0.433716,-0.140747,0.739868
0.077148,0.115845,1.013184
0.127197,-0.411011,0.817261
-0.536377,0.167480,0.787842
0.463257,-0.240234,0.991211
-0.353516,-0.165649,0.753296
0.002197,0.176270,1.015625
0.194336,-0.403687,0.840454
-0.564453,0.122070,0.764282
0.454712,-0.206421,1.012939
-0.273071,-0.233398,0.746704
-0.065552,0.197754,0.994751
0.270996,-0.398560,0.874634
-0.583252,0.103027,0.751221
0.432617,-0.186646,1.020752
-0.188354,-0.261353,0.773682
-0.127930,0.191528,0.961914
0.322754,-0.403687,0.885986
-0.591675,0.106689,0.752686
0.411011,-0.152344,1.011353
-0.110718,-0.327148,0.776367
-0.192139,0.195679,0.931641
0.371582,-0.368042,0.917725
-0.581665,0.053345,0.753662
0.359375,-0.119751,0.999390
-0.040283,-0.381836,0.771729
-0.272095,0.180908,0.877319
0.385742,-0.297241,0.945312
-0.544556,-0.008179,0.736694
0.312500,-0.081421,0.997559
-0.002930,-0.430786,0.758057
-0.317749,0.139038,0.851440
0.415405,-0.309448,0.946899
-0.541870,-0.001221,0.730835
0.241821,-0.025391,0.993652
0.042847,-0.460327,0.762085
-0.369263,0.135254,0.833496
0.452026,-0.285400,0.973633
-0.509399,-0.026123,0.747314
0.149536,0.060669,1.005249
0.085571,-0.437622,0.781982
-0.433838,0.124023,0.816528
0.454224,-0.275391,0.986450
-0.462646,-0.090088,0.734375
0.090820,0.134277,1.015137
0.136475,-0.428589,0.800537
-0.507690,0.103271,0.781982
0.469727,-0.274292,1.010620
-0.383179,-0.162354,0.739258
0.014160,0.209595,1.025024
0.186523,-0.389282,0.834717
-0.545776,0.072388,0.754761
0.474976,-0.288696,1.007690
-0.311401,-0.200806,0.763184
-0.044067,0.206543,1.004883
0.241333,-0.399048,0.844727
-0.554932,0.087646,0.755371
0.474365,-0.274780,1.001465
-0.246216,-0.243774,0.783325
-0.099854,0.176636,0.952515
0.278198,-0.370605,0.881958
-0.546875,0.097168,0.764893
0.452515,-0.210327,1.020142
-0.191772,-0.246094,0.790039
-0.139771,0.169556,0.953857
0.330688,-0.421021,0.895508
-0.552612,0.043091,0.762573
0.414307,-0.160522,1.024902
-0.141602,-0.295654,0.782471
-0.187256,0.186523,0.954346
0.362793,-0.426636,0.914062
-0.547607,0.009277,0.748535
0.390381,-0.131104,1.031250
-0.092163,-0.320679,0.773071
-0.230225,0.200317,0.928345
0.382324,-0.401123,0.922607
-0.534058,-0.019897,0.747192
0.361694,-0.124268,1.021973
-0.046387,-0.369263,0.780884
-0.261230,0.199951,0.911743
0.395142,-0.331787,0.944336
-0.528687,-0.043213,0.747681
0.333984,-0.135132,1.006470
-0.001099,-0.432373,0.782104
-0.301392,0.176392,0.878540
0.421753,-0.341797,0.942261
-0.508667,-0.051270,0.761108
0.281128,-0.079590,0.994995
0.039673,-0.440796,0.765991
-0.338379,0.136353,0.841797
0.435913,-0.338135,0.957275
-0.487915,-0.084229,0.753418
0.232910,-0.055420,0.997681
0.061768,-0.436157,0.775757
-0.377930,0.138550,0.839478
0.462402,-0.334839,0.973999
-0.467773,-0.100708,0.753540
0.171509,0.004150,1.013306
0.092041,-0.458252,0.789307
-0.417114,0.121216,0.818848
0.470703,-0.303589,0.983765
-0.438965,-0.098389,0.757080
0.106445,0.072876,1.015869
0.140137,-0.467407,0.810913
-0.468750,0.087036,0.790894
0.472412,-0.299805,0.996948
-0.386719,-0.165527,0.754028
0.034302,0.151855,1.014160
0.193115,-0.440430,0.836548
-0.484863,0.038940,0.765259
0.478394,-0.270020,1.027100
-0.328247,-0.193115,0.759399
-0.020874,0.156494,1.019287
0.257446,-0.463867,0.843018
-0.519043,0.035767,0.756836
0.465210,-0.279053,1.017700
-0.255737,-0.240967,0.793335
-0.078857,0.168335,1.000244
0.288452,-0.440674,0.868652
-0.538574,0.041992,0.750488
0.442505,-0.234741,1.020996
-0.177734,-0.286133,0.799438
-0.133667,0.171265,0.983521
0.351196,-0.436890,0.909180
-0.553833,0.037109,0.749023
0.396729,-0.161011,1.015503
-0.078979,-0.339111,0.795410
-0.193848,0.154419,0.955078
0.386353,-0.407227,0.933716
-0.533081,-0.019775,0.749512
0.352051,-0.115723,1.018921
0.004272,-0.404907,0.788330
-0.274170,0.177490,0.915039
0.429688,-0.381470,0.953735
-0.505493,-0.087036,0.733887
0.286011,-0.084106,1.017456
0.079102,-0.463745,0.790771
-0.339478,0.168823,0.877075
0.455200,-0.348877,0.969238
-0.477783,-0.089355,0.747681
0.213379,-0.046021,1.012329
0.109497,-0.479492,0.794922
-0.377075,0.114990,0.840942
0.480835,-0.313110,0.991333
-0.423584,-0.101685,0.768677
0.098267,0.057373,0.997681
0.171021,-0.503418,0.813599
-0.432739,0.060791,0.800537
0.481201,-0.276733,1.025391
-0.364258,-0.175049,0.760132
0.029053,0.127441,1.018433
0.242920,-0.488525,0.848389
-0.496338,0.025879,0.758911
0.487915,-0.281006,1.041748
-0.246948,-0.262085,0.796265
-0.076782,0.207764,1.021973
0.300415,-0.388550,0.907349
-0.537598,0.023682,0.759155
0.456787,-0.260132,1.047974
-0.138794,-0.346802,0.815186
-0.108032,0.197266,1.015503
0.318726,-0.356934,0.921387
-0.522095,0.050171,0.776245
0.437256,-0.232178,1.043823
-0.040039,-0.389404,0.841064
-0.172729,0.179077,0.988647
0.371216,-0.356079,0.949951
-0.508423,0.001953,0.761841
0.371826,-0.155273,1.027832
0.021851,-0.429443,0.823242
-0.234131,0.173340,0.963867
0.427246,-0.386719,0.961304
-0.484619,-0.083496,0.762573
0.313477,-0.076172,1.038208
0.076172,-0.423462,0.825562
-0.302612,0.165527,0.931030
0.464722,-0.372803,0.989990
-0.448975,-0.137695,0.772827
0.249878,-0.044800,1.043213
0.111694,-0.457275,0.816040
-0.344116,0.148804,0.891846
0.485718,-0.307617,1.020508
-0.421875,-0.127075,0.768188
0.173950,-0.001831,1.031738
0.169678,-0.493164,0.833374
-0.403564,0.116455,0.855957
0.505493,-0.266724,1.046875
-0.374878,-0.171265,0.769043
0.104492,0.068481,1.040771
0.239502,-0.491333,0.859985
-0.441040,0.057373,0.804077
0.505737,-0.258057,1.050659
-0.296387,-0.211060,0.785156
0.005005,0.121826,1.035034
0.306519,-0.486084,0.897949
-0.473633,0.023071,0.786377
0.481445,-0.204346,1.073608
-0.208252,-0.251465,0.809937
-0.070435,0.181030,1.038086
0.364624,-0.455811,0.938477
-0.478882,-0.003418,0.786255
0.426880,-0.134399,1.064575
-0.117065,-0.277832,0.821777
-0.116333,0.187988,1.020264
0.429688,-0.396118,0.991577
-0.497437,-0.023438,0.782715
0.376709,-0.112183,1.067017
0.023438,-0.411255,0.825806
-0.198486,0.156006,0.986206
0.457397,-0.364258,1.003418
-0.454834,-0.059448,0.791992
0.312500,-0.074829,1.051758
0.099487,-0.449097,0.839233
-0.289917,0.133789,0.942871
0.500977,-0.321167,1.056152
-0.431152,-0.117798,0.772949
0.231689,0.009155,1.064697
0.166016,-0.431641,0.863037
-0.367432,0.104126,0.894043
0.519653,-0.279175,1.080811
-0.355225,-0.195068,0.781982
0.123413,0.081543,1.052490
0.244751,-0.453735,0.890381
-0.416138,0.036987,0.824829
0.529053,-0.250488,1.089600
-0.252563,-0.241577,0.814331
-0.000854,0.172119,1.051147
0.330811,-0.444458,0.932495
-0.444214,0.002197,0.798218
0.488892,-0.211792,1.089844
-0.178955,-0.245361,0.838867
-0.059814,0.175781,1.040771
0.380859,-0.406982,0.970825
-0.470947,-0.014893,0.801147
0.478394,-0.179077,1.110352
-0.085571,-0.290771,0.855103
-0.122925,0.187622,1.024658
0.446899,-0.372559,1.010498
-0.467651,-0.030151,0.796753
0.399658,-0.097778,1.089722
0.036865,-0.387451,0.858032
-0.181274,0.187500,1.025513
0.489136,-0.358398,1.040649
-0.438477,-0.088257,0.801880
0.345215,-0.070557,1.090210
0.084229,-0.397339,0.856689
-0.243774,0.163574,0.986816
0.507568,-0.292480,1.072998
-0.410156,-0.114136,0.805420
0.277710,-0.012207,1.091675
0.150513,-0.428467,0.882690
-0.330811,0.130981,0.925049
0.534058,-0.281250,1.089844
-0.381226,-0.188965,0.773315
0.218628,0.018433,1.088623
0.251221,-0.455444,0.910400
-0.384766,0.153198,0.903076
0.530518,-0.239868,1.082642
-0.288330,-0.191895,0.835815
0.116943,0.065186,1.062012
0.298218,-0.478882,0.928589
-0.410278,0.039429,0.834106
0.541870,-0.196289,1.116333
-0.233032,-0.222412,0.830933
0.026978,0.145874,1.070190
0.349365,-0.440430,0.970947
-0.448975,0.036011,0.825562
0.526245,-0.177246,1.130859
-0.148926,-0.243774,0.856201
-0.057007,0.204102,1.077271
0.402466,-0.410034,0.991333
-0.447388,-0.004517,0.825562
0.496338,-0.142334,1.140869
-0.059814,-0.278320,0.882812
-0.110840,0.219849,1.065186
0.447021,-0.375366,1.025391
-0.441650,-0.057739,0.819702
0.454956,-0.115479,1.144165
0.046143,-0.357300,0.908447
-0.172607,0.212280,1.035522
0.470703,-0.320801,1.044556
-0.440796,-0.068237,0.805786
0.413574,-0.081299,1.141846
0.074951,-0.383545,0.898315
-0.242676,0.216431,1.020630
0.519531,-0.307861,1.077515
-0.412964,-0.075073,0.804688
0.338623,-0.033081,1.118774
0.124146,-0.407104,0.916870
-0.283081,0.179077,1.007324
0.557251,-0.277222,1.124268
-0.398438,-0.111694,0.811890
0.260986,0.031860,1.107178
0.193848,-0.442261,0.923706
-0.312988,0.117065,0.961792
0.563354,-0.272095,1.140991
-0.359009,-0.133057,0.812988
0.195312,0.086060,1.096924
0.268921,-0.454468,0.934082
-0.355835,0.075073,0.905151
0.567627,-0.239624,1.140747
-0.289185,-0.208618,0.824707
0.134155,0.127808,1.091309
0.300049,-0.427612,0.950073
-0.399414,0.063477,0.886230
0.576538,-0.244141,1.155151
-0.223267,-0.253784,0.841187
0.063110,0.193604,1.094360
0.336670,-0.401733,0.963867
-0.414185,0.070068,0.884033
0.570435,-0.229858,1.157349
-0.186279,-0.263550,0.863770
0.009155,0.174927,1.089233
0.367432,-0.387329,1.002686
-0.424805,0.024536,0.860962
0.554443,-0.168457,1.176636
-0.124023,-0.268311,0.882202
-0.047241,0.223022,1.098755
0.402710,-0.383545,1.013184
-0.415649,-0.037231,0.840088
0.539551,-0.147339,1.187378
-0.039917,-0.305664,0.885742
-0.098999,0.256714,1.094116
0.451538,-0.363770,1.026978
-0.437378,-0.024658,0.855347
0.501099,-0.156860,1.162231
0.036743,-0.356934,0.913208
-0.129883,0.224121,1.064331
0.465820,-0.314819,1.045532
-0.447021,-0.029175,0.827515
0.467285,-0.137817,1.164429
0.048828,-0.392822,0.895996
-0.160645,0.213013,1.068848
0.492432,-0.284180,1.082520
-0.451904,-0.044556,0.800171
0.420288,-0.070435,1.165649
0.098633,-0.432007,0.914673
-0.231079,0.218750,1.063843
0.525879,-0.275024,1.119995
-0.432617,-0.077515,0.805054
0.365356,-0.027954,1.140869
0.130493,-0.380127,0.940308
-0.257690,0.159302,1.019897
0.555664,-0.256226,1.148682
-0.399292,-0.137695,0.814209
0.286743,0.010010,1.127441
0.169312,-0.414551,0.931274
-0.284790,0.105713,0.968262
0.581665,-0.255371,1.165771
-0.351562,-0.173584,0.823120
0.231812,0.076050,1.117676
0.216553,-0.414307,0.915283
-0.315063,0.115479,0.943359
0.589233,-0.232422,1.170166
-0.306641,-0.225464,0.820068
0.169800,0.092285,1.107666
0.260742,-0.420288,0.948120
-0.350708,0.092285,0.918091
0.580078,-0.215942,1.160522
-0.276855,-0.195801,0.838501
0.117798,0.131470,1.108643
0.312744,-0.418091,0.965942
-0.397583,0.067871,0.898315
0.584839,-0.205688,1.179443
-0.216675,-0.265015,0.847290
0.037720,0.195557,1.106079
0.362915,-0.406738,0.979004
-0.426636,0.055420,0.883423
0.576782,-0.200439,1.180298
-0.139282,-0.288940,0.880981
-0.020264,0.205688,1.091553
0.376343,-0.374756,0.991821
-0.436035,0.007324,0.849121
0.548462,-0.178101,1.171997
-0.046753,-0.333374,0.901611
-0.061279,0.198486,1.090576
0.402710,-0.349976,0.999756
-0.443237,0.007690,0.842163
0.521484,-0.163208,1.178711
-0.017822,-0.370850,0.884033
-0.101562,0.192871,1.078125
0.436279,-0.332886,1.039185
-0.465698,0.000244,0.828125
0.482056,-0.119507,1.173950
0.009033,-0.355347,0.900146
-0.148926,0.212524,1.096069
0.453857,-0.299072,1.049316
-0.468872,-0.021606,0.825684
0.443237,-0.096313,1.171143
0.042603,-0.387329,0.906128
-0.208130,0.220337,1.062866
0.484863,-0.284668,1.073608
-0.440308,-0.058350,0.811523
0.391113,-0.066162,1.159790
0.068848,-0.381470,0.917480
-0.248657,0.172607,1.024536
0.521606,-0.250732,1.121826
-0.430298,-0.082031,0.796631
0.337158,-0.007324,1.157471
0.136230,-0.401611,0.925659
-0.297363,0.145386,0.977173
0.534912,-0.259155,1.120239
-0.384888,-0.137939,0.797485
0.270874,0.030518,1.137939
0.181763,-0.406128,0.930664
-0.342163,0.140381,0.940918
0.560913,-0.254395,1.128906
-0.355957,-0.172852,0.799194
0.183472,0.084106,1.112915
0.246216,-0.402588,0.949951
-0.382568,0.108887,0.918457
0.556641,-0.232910,1.140015
-0.302979,-0.213013,0.813965
0.113281,0.101807,1.097900
0.273926,-0.382324,0.958618
-0.418579,0.063843,0.886719
0.572510,-0.211304,1.166748
-0.241699,-0.252075,0.815430
0.013916,0.143799,1.076416
0.324097,-0.384521,0.965942
-0.449219,0.040771,0.862671
0.570801,-0.210449,1.160034
-0.136597,-0.300415,0.852539
-0.054810,0.168823,1.056396
0.361694,-0.350952,0.969482
-0.446655,-0.001831,0.841797
0.527832,-0.185425,1.161011
-0.086670,-0.365356,0.838989
-0.108887,0.167236,1.043579
0.396240,-0.332031,1.004883
-0.475952,0.004517,0.817993
0.489380,-0.154297,1.159424
-0.046143,-0.354980,0.862549
-0.175537,0.195923,1.036987
0.441650,-0.317749,1.032715
-0.477173,-0.036621,0.794556
0.425293,-0.092407,1.149414
-0.007080,-0.337036,0.877563
-0.253174,0.211304,1.029541
0.479980,-0.316040,1.059937
-0.449463,-0.081299,0.784180
0.347168,-0.048706,1.131714
0.021484,-0.345337,0.871094
-0.296509,0.160400,0.982056
0.511719,-0.291382,1.092773
-0.424927,-0.123657,0.778931
0.278076,0.003662,1.131104
0.075684,-0.380127,0.864502
-0.345703,0.148193,0.941162
0.537109,-0.312134,1.073975
-0.386475,-0.165527,0.781860
0.195801,0.061768,1.095215
0.152100,-0.385010,0.893311
-0.386719,0.117188,0.901367
0.538696,-0.267090,1.104492
-0.364258,-0.208618,0.780762
0.135864,0.075806,1.089355
0.205933,-0.387939,0.911133
-0.450317,0.102173,0.866821
0.542114,-0.255615,1.110107
-0.297729,-0.266602,0.785767
0.060181,0.127686,1.086426
0.255249,-0.378296,0.904907
-0.474854,0.082642,0.844727
0.526733,-0.230103,1.106934
-0.217041,-0.302490,0.796387
-0.018311,0.124634,1.043579
0.307983,-0.385620,0.940063
-0.474854,0.026855,0.825439
0.503784,-0.196411,1.112549
-0.180908,-0.280029,0.797241
-0.096313,0.144165,1.010742
0.362915,-0.350098,0.974976
-0.490967,-0.039795,0.798706
0.470459,-0.174683,1.112549
-0.128296,-0.322266,0.785522
-0.182129,0.180908,1.000732
0.393311,-0.342773,0.982422
-0.487793,-0.065552,0.784058
0.441406,-0.148315,1.116089
-0.105103,-0.313843,0.797729
-0.271973,0.220581,0.985229
0.441650,-0.328369,1.010010
-0.484863,-0.122314,0.766846
0.364258,-0.122314,1.098511
-0.043579,-0.335571,0.821289
-0.322144,0.198242,0.942139
0.451172,-0.301636,1.018188
-0.472290,-0.096436,0.771851
0.291748,-0.081665,1.097656
0.025757,-0.384521,0.840820
-0.367432,0.168091,0.906250
0.458130,-0.253052,1.039307
-0.447144,-0.125610,0.754272
0.203857,-0.008911,1.087891
0.108887,-0.416138,0.871948
-0.446411,0.162720,0.900757
0.485229,-0.249146,1.057739
-0.422363,-0.153564,0.765747
0.091553,0.052612,1.048462
0.192139,-0.396484,0.903076
-0.479004,0.086304,0.845093
0.498047,-0.222534,1.081787
-0.310303,-0.229248,0.767334
-0.019775,0.122192,1.024170
0.260254,-0.392578,0.906738
-0.488525,0.012329,0.809814
0.475708,-0.195801,1.097900
-0.217163,-0.318481,0.750732
-0.122925,0.140259,0.986328
0.326294,-0.395630,0.920654
-0.528564,-0.002075,0.766846
0.443604,-0.189819,1.092285
-0.150879,-0.328247,0.765259
-0.223877,0.183472,0.990845
0.367798,-0.334595,0.961304
-0.550903,-0.029297,0.749512
0.376221,-0.146118,1.078369
-0.088257,-0.366699,0.789795
-0.312988,0.187622,0.948120
0.416992,-0.288086,1.012329
-0.527344,-0.091064,0.734131
0.256958,-0.059937,1.069336
0.000854,-0.405151,0.813110
-0.417847,0.174194,0.896118
0.441528,-0.270264,1.024536
-0.461914,-0.169434,0.721436
0.141846,0.063721,1.053101
0.085083,-0.365112,0.853271
-0.469360,0.126221,0.871948
0.477417,-0.275513,1.045166
-0.400024,-0.217651,0.737061
0.028931,0.117432,1.034424
0.159668,-0.389404,0.849365
-0.520508,0.093384,0.826172
0.480347,-0.261841,1.048828
-0.291016,-0.301636,0.748291
-0.042725,0.110962,0.988281
0.213623,-0.361328,0.860474
-0.556152,0.093262,0.787231
0.466797,-0.274292,1.040771
-0.240112,-0.341064,0.741211
-0.097534,0.110718,0.982788
0.261597,-0.402954,0.862427
-0.568237,0.086426,0.778198
0.435425,-0.217041,1.038940
-0.200562,-0.343506,0.745972
-0.160400,0.126099,0.967163
0.296021,-0.377319,0.896240
-0.586548,0.072510,0.748291
0.417114,-0.202026,1.045898
-0.185181,-0.363159,0.736084
-0.211792,0.157227,0.964966
0.325073,-0.364746,0.913452
-0.579346,0.040894,0.752686
0.371948,-0.200684,1.014526
-0.157593,-0.358521,0.759277
-0.244873,0.144531,0.949463
0.332642,-0.335938,0.934814
-0.587646,0.019287,0.721802
0.368652,-0.148071,1.041016
-0.144165,-0.368774,0.756104
-0.301270,0.181030,0.949341
0.366333,-0.360840,0.949829
-0.574219,-0.013062,0.741333
0.327148,-0.117798,1.039307
-0.143188,-0.373901,0.742432
-0.324097,0.178833,0.915283
0.390381,-0.351562,0.945679
-0.576416,-0.000610,0.742676
0.319702,-0.116699,1.048340
-0.124512,-0.359497,0.767700
-0.359741,0.170776,0.872437
0.387451,-0.344360,0.947266
-0.457031,-0.137939,0.747925
0.199219,0.018555,1.082153
-0.094604,-0.368652,0.753662
-0.444092,0.195435,0.892212
0.480103,-0.291504,1.029785
-0.443115,-0.185547,0.751099
0.145142,0.028564,1.057861
0.105469,-0.405029,0.851807
-0.464966,0.158691,0.879639
0.476074,-0.258667,1.048096
-0.427490,-0.201660,0.735962
0.077271,0.076782,1.050415
0.166748,-0.437378,0.868774
-0.493286,0.105225,0.847412
0.474121,-0.236572,1.050415
-0.342285,-0.210815,0.774170
-0.001343,0.127197,1.034668
0.219849,-0.429321,0.878540
-0.509033,0.047852,0.791382
0.470581,-0.200562,1.074951
-0.278442,-0.244995,0.749268
-0.054443,0.147827,1.020264
0.265869,-0.400146,0.878784
-0.534302,0.033203,0.791260
0.457764,-0.204102,1.066284
-0.220947,-0.336060,0.718628
-0.134399,0.161499,0.985352
0.306519,-0.370972,0.905151
-0.569336,0.022339,0.760864
0.441406,-0.209229,1.060913
-0.170044,-0.378052,0.738403
-0.213013,0.158813,0.965332
0.342529,-0.335815,0.940674
-0.581421,0.021118,0.750244
0.389160,-0.217896,1.041260
-0.142944,-0.382568,0.763062
-0.252197,0.127197,0.937256
0.359863,-0.316162,0.955078
-0.589233,0.028809,0.739380
0.325684,-0.161865,1.044434
-0.099121,-0.365967,0.792236
-0.318604,0.141602,0.922363
0.390869,-0.329102,0.970581
-0.550049,0.023193,0.729736
0.251343,-0.026001,1.038818
-0.040161,-0.354004,0.820435
-0.367920,0.130981,0.917358
0.406128,-0.313599,0.991699
-0.536011,-0.051636,0.726074
0.210327,0.005127,1.036499
-0.019287,-0.362183,0.812866
-0.409424,0.162231,0.905640
0.421631,-0.293579,1.002319
-0.535400,-0.076050,0.707397
0.169312,0.030151,1.034424
0.022583,-0.415283,0.801392
-0.462402,0.168579,0.865112
0.432495,-0.280518,1.005127
-0.509155,-0.074463,0.740967
0.108765,0.074951,1.029419
0.059570,-0.391846,0.818481
-0.491333,0.130005,0.836548
0.433838,-0.276123,1.009277
-0.462158,-0.126953,0.728882
0.056763,0.113281,1.020264
0.105347,-0.401001,0.817383
-0.513428,0.126953,0.844727
0.444214,-0.242432,1.026123
-0.419434,-0.185913,0.713989
0.000488,0.134155,1.010010
0.172974,-0.411987,0.855347
-0.561279,0.113525,0.810913
0.446899,-0.238525,1.029175
-0.324585,-0.226685,0.731812
-0.063110,0.166992,0.991455
0.217896,-0.385132,0.855103
-0.571411,0.059814,0.778320
0.434204,-0.214111,1.027710
-0.278687,-0.290649,0.717407
-0.125122,0.155273,0.970093
0.276855,-0.415405,0.874878
-0.597168,0.063232,0.759277
0.406494,-0.165161,1.045898
-0.205811,-0.353882,0.705933
-0.226196,0.196289,0.964844
0.330322,-0.379761,0.906860
-0.603882,0.034790,0.748535
0.362427,-0.176880,1.028198
-0.159790,-0.388062,0.714844
-0.299072,0.191040,0.916260
0.361450,-0.352905,0.921021
-0.591187,0.014893,0.729858
0.309937,-0.111328,1.032227
-0.096558,-0.396973,0.742432
-0.361084,0.195190,0.892700
0.382080,-0.310059,0.950317
-0.566284,-0.002930,0.711914
0.223755,-0.059326,1.016113
-0.031128,-0.407471,0.782837
-0.418823,0.164062,0.869873
0.402100,-0.260620,0.978394
-0.555298,-0.056763,0.683350
0.124146,0.039795,1.000244
0.055542,-0.417114,0.798584
-0.481934,0.161499,0.862793
0.411255,-0.243896,0.983154
-0.501587,-0.088623,0.702881
0.063965,0.102173,1.007202
0.119141,-0.402588,0.822632
-0.558960,0.152954,0.830200
0.442627,-0.238525,1.019165
-0.400513,-0.166992,0.736816
-0.023560,0.161499,0.997192
0.182983,-0.406982,0.849243
-0.589111,0.133301,0.801392
0.434692,-0.241455,1.008667
-0.310059,-0.253662,0.716187
-0.079468,0.197144,0.992798
0.225342,-0.375977,0.857910
-0.605103,0.104004,0.770020
0.430542,-0.228638,1.010742
-0.242554,-0.329712,0.698364
-0.121216,0.174683,0.960205
0.264160,-0.346313,0.871216
-0.636963,0.103638,0.733521
0.414062,-0.243652,0.982422
-0.186890,-0.340942,0.729614
-0.180908,0.171997,0.940186
0.294800,-0.341309,0.897827
-0.614990,0.052856,0.721924
0.391602,-0.159912,1.028442
-0.172852,-0.372437,0.702271
-0.249146,0.194702,0.928467
0.346924,-0.374268,0.901245
-0.605591,0.077759,0.736450
0.360962,-0.122925,1.013672
-0.134277,-0.349487,0.727051
-0.293701,0.163818,0.890625
0.370972,-0.360596,0.921753
-0.591675,0.041870,0.726074
0.310425,-0.080444,1.013550
-0.099487,-0.390747,0.733154
-0.346436,0.194336,0.880615
0.389771,-0.335083,0.934326
-0.576660,0.021240,0.713135
0.251831,-0.030518,1.002808
-0.049683,-0.399780,0.747925
-0.394043,0.192505,0.876099
0.396484,-0.307495,0.941528
-0.560425,-0.025635,0.706055
0.202393,-0.012817,0.999634
-0.004272,-0.423096,0.766724
-0.460449,0.199097,0.849976
0.409058,-0.254150,0.965698
-0.509521,-0.029663,0.721558
0.139404,0.044434,1.006714
0.040405,-0.392212,0.805054
-0.507324,0.192871,0.839111
0.438965,-0.273560,0.969727
-0.445312,-0.092407,0.736450
0.055054,0.160034,1.017944
0.107178,-0.380737,0.814819
-0.550537,0.161133,0.809326
0.443848,-0.238037,0.996948
-0.357422,-0.175659,0.740723
0.028687,0.204468,1.033569
0.143799,-0.333984,0.823486
-0.608765,0.161011,0.771240
0.455078,-0.288330,0.986938
-0.294922,-0.272827,0.735840
-0.019775,0.160645,0.988647
0.208008,-0.349854,0.847656
-0.619019,0.201050,0.750977
0.440308,-0.261475,0.974976
-0.213501,-0.356567,0.725830
-0.081909,0.152222,0.965088
0.238770,-0.357544,0.849121
-0.601685,0.183105,0.755127
0.448486,-0.190063,1.010254
-0.203369,-0.296753,0.734619
-0.155640,0.167969,0.936523
0.314575,-0.398315,0.885986
-0.607178,0.128906,0.764771
0.403198,-0.145752,1.003296
-0.162842,-0.289062,0.743286
-0.195435,0.190308,0.931519
0.347412,-0.383301,0.909790
-0.603149,0.095215,0.759766
0.370728,-0.113525,1.016846
-0.117188,-0.364380,0.724487
-0.262817,0.210815,0.907715
0.374023,-0.367188,0.908203
-0.577393,0.048340,0.745728
0.332275,-0.063599,1.014160
-0.071533,-0.394165,0.722900
-0.285645,0.197876,0.890381
0.384644,-0.318970,0.921265
-0.585815,0.011353,0.719360
0.298584,-0.085205,0.988403
-0.038574,-0.411987,0.729858
-0.344482,0.212769,0.873901
0.419922,-0.296997,0.942993
-0.559448,-0.005005,0.717896
0.223999,-0.064331,0.974609
0.019043,-0.429443,0.772339
-0.409546,0.174683,0.839233
0.423340,-0.261108,0.965576
-0.517212,-0.042725,0.739014
0.153809,0.023315,0.997192
0.066528,-0.439575,0.777954
-0.466187,0.170410,0.821167
0.440796,-0.227783,0.975952
-0.468628,-0.063354,0.730469
0.086914,0.091553,0.999146
0.117554,-0.443359,0.808472
-0.510376,0.147461,0.807617
0.456787,-0.204712,1.004150
-0.396606,-0.089966,0.753052
-0.001099,0.184204,1.002197
0.187378,-0.428711,0.836182
-0.545166,0.111084,0.784424
0.438232,-0.176025,1.008301
-0.298950,-0.161865,0.754272
-0.072510,0.210205,0.984253
0.263916,-0.416138,0.855957
-0.578003,0.111694,0.774048
0.434692,-0.174683,1.017700
-0.197632,-0.255981,0.759155
-0.126465,0.204346,0.956177
0.303711,-0.346069,0.892212
-0.602173,0.087646,0.740845
0.417847,-0.185303,1.031494
-0.104370,-0.361450,0.760986
-0.192627,0.197266,0.927856
0.350464,-0.331909,0.908203
-0.580444,0.092896,0.758179
0.350220,-0.117065,0.999634
-0.028809,-0.409180,0.769287
-0.263306,0.169922,0.878662
0.379639,-0.275757,0.936157
-0.576050,0.047974,0.720703
0.284302,-0.062012,0.975098
0.011597,-0.434082,0.756104
-0.314331,0.123413,0.866577
0.400024,-0.264404,0.955078
-0.534546,0.005249,0.728149
0.214844,0.011475,0.983643
0.045898,-0.412964,0.777954
-0.381714,0.139404,0.837402
0.427368,-0.278687,0.967041
-0.491699,-0.062988,0.735718
0.147095,0.058350,0.999878
0.077881,-0.436157,0.776123
-0.455688,0.135254,0.811401
0.465698,-0.255615,1.006104
-0.453003,-0.117676,0.730713
0.060547,0.151611,1.007080
0.149658,-0.446777,0.799072
-0.487793,0.109009,0.798218
0.461304,-0.249756,1.001343
-0.415283,-0.109863,0.743530
0.030273,0.142578,0.993896
0.193604,-0.448364,0.824829
-0.544556,0.123657,0.780640
0.463501,-0.229370,1.019653
-0.314941,-0.186401,0.756470
-0.051636,0.190674,0.996582
0.238159,-0.439941,0.849854
-0.570557,0.074707,0.754028
0.463257,-0.242554,1.016602
-0.238037,-0.237183,0.780273
-0.098633,0.213013,0.994751
0.264160,-0.391113,0.863281
-0.571777,0.087402,0.755249
0.450317,-0.217529,1.022217
-0.162231,-0.281860,0.790649
-0.134399,0.162598,0.943115
0.314575,-0.376953,0.896851
-0.585815,0.066528,0.739868
0.418701,-0.166626,1.025269
-0.085327,-0.345337,0.767090
-0.202148,0.227661,0.951416
0.361694,-0.368530,0.914673
-0.567871,0.041138,0.749146
0.369751,-0.174561,0.992676
-0.032959,-0.400513,0.789795
-0.254517,0.179810,0.893311
0.388916,-0.329834,0.934937
-0.545044,0.014771,0.737915
0.313965,-0.124512,0.992432
0.015137,-0.456543,0.766235
-0.303955,0.144287,0.864380
0.429321,-0.333374,0.951904
-0.523804,-0.032227,0.722168
0.245972,-0.020752,1.008667
0.067017,-0.445801,0.783813
-0.376343,0.128296,0.826538
0.441284,-0.329712,0.964844
-0.483398,-0.110718,0.731323
0.162964,0.030762,1.014771
0.110596,-0.474609,0.778564
-0.442505,0.147339,0.810425
0.454712,-0.295532,0.973022
-0.416870,-0.144409,0.756104
0.075562,0.064331,1.003052
0.164673,-0.457520,0.818481
-0.493408,0.090088,0.765503
0.455078,-0.255981,0.987671
-0.334839,-0.186401,0.774536
-0.016846,0.133179,1.012817
0.242432,-0.479004,0.853027
-0.525757,0.036743,0.740356
0.462280,-0.246582,1.020752
-0.232422,-0.223877,0.792603
-0.114868,0.201172,0.991943
0.311890,-0.421875,0.899536
-0.546021,0.036377,0.746704
0.416504,-0.194458,1.039307
-0.111450,-0.328247,0.801270
-0.170898,0.196533,0.979004
0.348755,-0.393921,0.909180
-0.538574,-0.003052,0.751831
0.381470,-0.185547,1.021851
-0.030396,-0.419556,0.795044
-0.234985,0.159668,0.927124
0.399780,-0.330078,0.964478
-0.526489,-0.030396,0.734253
0.306641,-0.089722,1.009277
0.046143,-0.459717,0.775879
-0.289673,0.136963,0.888428
0.444580,-0.363159,0.958252
-0.512939,-0.063477,0.748169
0.219238,-0.045410,1.002075
0.103027,-0.483887,0.780640
-0.364868,0.114990,0.844238
0.462646,-0.313232,0.998779
-0.471802,-0.112305,0.739868
0.155396,0.012817,1.005981
0.139526,-0.467163,0.824829
-0.419434,0.082031,0.819824
0.467773,-0.277466,1.015991
-0.407349,-0.162964,0.742432
0.086914,0.107300,1.024414
0.202271,-0.455444,0.838989
-0.452271,0.067627,0.807617
0.470093,-0.289795,1.020508
-0.359009,-0.211548,0.753906
0.028809,0.110840,1.017456
0.251465,-0.472290,0.859009
-0.482666,0.054199,0.761475
0.476196,-0.252930,1.045166
-0.277344,-0.240356,0.786255
-0.044800,0.161621,1.023071
0.281494,-0.484619,0.867188
-0.502075,0.013672,0.767456
0.475342,-0.243408,1.052612
-0.220825,-0.230591,0.808594
-0.102417,0.179932,1.004883
0.321899,-0.464600,0.893921
-0.496826,-0.002686,0.770020
0.463745,-0.217529,1.063110
-0.147705,-0.267090,0.820190
-0.155884,0.226685,1.012451
0.364014,-0.408325,0.928955
-0.493774,-0.013184,0.786987
0.428101,-0.195190,1.058350
-0.065063,-0.362061,0.821045
-0.199341,0.184814,0.959839
0.401001,-0.353882,0.966675
-0.487671,-0.058105,0.757690
0.372192,-0.129395,1.055542
0.023804,-0.417358,0.828369
-0.234375,0.161621,0.952393
0.432495,-0.346436,0.974243
-0.472412,-0.076416,0.758179
0.306396,-0.080322,1.042480
0.089722,-0.468750,0.830078
-0.275879,0.112061,0.915771
0.455444,-0.308594,1.014771
-0.448975,-0.086792,0.764282
0.236572,-0.031494,1.027222
0.123169,-0.451782,0.855347
-0.344360,0.081909,0.889160
0.503784,-0.295410,1.058960
-0.425659,-0.136841,0.753662
0.132202,0.078125,1.035645
0.215576,-0.490601,0.868774
-0.393433,0.031738,0.852539
0.524658,-0.277222,1.072388
-0.377808,-0.165161,0.756836
0.083374,0.103027,1.038574
0.277710,-0.497925,0.887817
-0.438843,0.045166,0.814941
0.506104,-0.250610,1.070801
-0.273560,-0.244629,0.793579
0.014404,0.145508,1.050781
0.319580,-0.489746,0.897095
-0.460938,0.034058,0.804443
0.505493,-0.227173,1.080811
-0.197510,-0.232788,0.832886
-0.062622,0.201050,1.039185
0.363892,-0.419067,0.963623
-0.487793,-0.000244,0.812012
0.489624,-0.236938,1.090820
-0.119263,-0.311523,0.848145
-0.105957,0.202148,1.035156
0.401001,-0.381470,0.977295
-0.475586,-0.004883,0.796631
0.449829,-0.164429,1.102295
-0.024780,-0.351318,0.867676
-0.146484,0.186646,1.033691
0.434937,-0.388916,1.002197
-0.488403,-0.023682,0.780029
0.409424,-0.112305,1.104492
0.061646,-0.405396,0.876831
-0.202148,0.216553,1.031494
0.458008,-0.378784,1.015991
-0.437012,-0.110962,0.788330
0.378418,-0.094727,1.100708
0.096924,-0.378906,0.882812
-0.246094,0.223267,1.006470
0.482788,-0.305176,1.047607
-0.415649,-0.129028,0.794434
0.338013,-0.076172,1.108521
0.096191,-0.409302,0.880371
-0.276855,0.186523,0.974731
0.508057,-0.247925,1.075684
-0.393188,-0.137573,0.803833
0.269409,-0.011230,1.106689
0.171387,-0.452393,0.897339
-0.329956,0.128296,0.931396
0.533447,-0.264648,1.088623
-0.360718,-0.146729,0.807983
0.183350,0.052124,1.092407
0.250488,-0.478760,0.923340
-0.381470,0.086914,0.890869
0.547852,-0.260010,1.103760
-0.304688,-0.201172,0.815308
0.120361,0.114014,1.089355
0.311523,-0.445312,0.944580
-0.406738,0.068726,0.853882
0.544434,-0.207397,1.132568
-0.220337,-0.234741,0.849121
0.045288,0.150146,1.071655
0.353027,-0.424561,0.968628
-0.427979,0.042358,0.841553
0.539185,-0.181152,1.138428
-0.171997,-0.226929,0.865234
-0.015503,0.179321,1.076416
0.400146,-0.428345,1.002319
-0.430908,0.012695,0.848267
0.511230,-0.129883,1.142456
-0.093384,-0.239502,0.894897
-0.094360,0.208740,1.070435
0.444214,-0.415161,1.024170
-0.398438,-0.048828,0.846924
0.472168,-0.079468,1.149658
-0.017822,-0.284912,0.888550
-0.132324,0.200195,1.062378
0.490356,-0.374512,1.052490
-0.427124,-0.088989,0.813110
0.437622,-0.047241,1.169067
0.064819,-0.335938,0.903564
-0.188843,0.221191,1.054565
0.505859,-0.305420,1.084229
-0.397461,-0.138550,0.808594
0.370361,-0.035767,1.145142
0.104004,-0.350830,0.920044
-0.265259,0.226440,1.024292
0.557617,-0.267456,1.116943
-0.369873,-0.142090,0.826660
0.268433,0.021729,1.125244
0.199951,-0.409180,0.949585
-0.292725,0.129639,0.960571
0.556030,-0.226807,1.126709
-0.326538,-0.168579,0.822144
0.200806,0.067993,1.119629
0.278564,-0.440063,0.964111
-0.377686,0.093750,0.896484
0.561279,-0.201416,1.143921
-0.237671,-0.221313,0.842285
0.094482,0.151611,1.106934
0.338501,-0.407959,0.979370
-0.417603,0.091309,0.891113
0.566040,-0.210938,1.161133
-0.166016,-0.254028,0.881836
-0.009277,0.193726,1.083130
0.397949,-0.378052,1.007080
-0.416870,0.014038,0.859985
0.546387,-0.151367,1.177490
-0.049072,-0.290161,0.915039
-0.090576,0.198486,1.067627
0.435303,-0.346558,1.033325
-0.428711,-0.045166,0.842041
0.501709,-0.124878,1.179443
0.024658,-0.336426,0.907227
-0.143799,0.231445,1.078857
0.473999,-0.285034,1.076660
-0.431274,-0.079956,0.819946
0.437622,-0.065186,1.179321
0.051147,-0.374268,0.897461
-0.221191,0.246704,1.062622
0.528076,-0.271484,1.112305
-0.410156,-0.100098,0.806396
0.350098,-0.027832,1.154053
0.131348,-0.417847,0.922241
-0.282349,0.166992,1.003052
0.549683,-0.243408,1.143433
-0.355835,-0.166016,0.814819
0.260864,0.056274,1.149414
0.212524,-0.400024,0.954956
-0.364502,0.122437,0.935425
0.595215,-0.284912,1.151367
-0.306641,-0.196655,0.825562
0.161011,0.133057,1.131714
0.290283,-0.413940,0.957397
-0.403198,0.096069,0.917236
0.573242,-0.244141,1.150024
-0.240723,-0.245605,0.847656
0.082520,0.157104,1.099121
0.321899,-0.364502,0.979248
-0.432129,0.061768,0.869873
0.569092,-0.219360,1.168335
-0.153076,-0.335693,0.865601
0.013428,0.151367,1.091675
0.364014,-0.369019,0.983887
-0.456909,0.064087,0.848511
0.548096,-0.190674,1.157471
-0.060303,-0.391968,0.869507
-0.048950,0.142456,1.078613
0.384399,-0.345947,1.004883
-0.479004,0.034912,0.830322
0.530396,-0.168457,1.167847
-0.052856,-0.347900,0.867676
-0.081909,0.157104,1.072021
0.409058,-0.328003,1.027344
-0.476685,-0.015381,0.809204
0.512085,-0.147827,1.182861
-0.037109,-0.340210,0.867676
-0.149780,0.204712,1.071533
0.443359,-0.338989,1.023560
-0.459106,-0.041504,0.815796
0.487061,-0.139771,1.166870
-0.038574,-0.311523,0.857178
-0.196655,0.232666,1.062744
0.471436,-0.313965,1.057861
-0.471924,-0.068115,0.808960
0.451538,-0.148193,1.161743
-0.022949,-0.324341,0.878662
-0.221924,0.220825,1.024902
0.487427,-0.300659,1.071289
-0.452759,-0.078979,0.795776
0.376709,-0.078857,1.136475
0.015625,-0.352051,0.886353
-0.238037,0.160400,1.006958
0.490234,-0.282104,1.083496
-0.471680,-0.044434,0.779541
0.354858,-0.073486,1.142700
0.086182,-0.401245,0.893799
-0.303711,0.154297,0.960449
0.501221,-0.257690,1.093872
-0.421509,-0.109619,0.771851
0.287476,0.011475,1.140625
0.109863,-0.411987,0.880005
-0.332397,0.158569,0.957153
0.520630,-0.249756,1.098267
-0.404663,-0.133423,0.782104
0.213501,0.024170,1.104858
0.154663,-0.408936,0.911377
-0.369873,0.117920,0.923584
0.510254,-0.229004,1.088745
-0.384399,-0.141846,0.789185
0.158081,0.073242,1.093140
0.228516,-0.423462,0.922119
-0.444946,0.133423,0.876953
0.496582,-0.182739,1.089600
-0.339355,-0.188843,0.787231
0.100830,0.078125,1.080078
0.262207,-0.438965,0.925415
-0.464478,0.098877,0.859375
0.502197,-0.194458,1.085205
-0.299438,-0.197754,0.785767
0.017944,0.119507,1.068359
0.296021,-0.404663,0.937988
-0.476929,0.044800,0.840210
0.499390,-0.180908,1.108154
-0.196533,-0.291748,0.779053
-0.063599,0.160400,1.031616
0.328979,-0.387939,0.928467
-0.490967,0.005981,0.808716
0.497192,-0.223999,1.093750
-0.158936,-0.329712,0.774414
-0.132935,0.171021,1.011597
0.357544,-0.344604,0.951050
-0.519897,-0.024414,0.769165
0.454468,-0.193237,1.109009
-0.103394,-0.343872,0.796631
-0.213989,0.210083,1.007690
0.383545,-0.306641,0.968994
-0.532349,-0.043457,0.762451
0.392212,-0.160522,1.101562
-0.073853,-0.368652,0.817139
-0.284180,0.165039,0.961182
0.426025,-0.324097,0.992432
-0.527710,-0.030396,0.749268
0.302124,-0.073608,1.070679
-0.017822,-0.374023,0.838013
-0.320679,0.143433,0.936890
0.442139,-0.310425,1.013184
-0.500366,-0.059814,0.758545
0.231445,0.000122,1.068604
0.038330,-0.385986,0.843750
-0.391113,0.155151,0.909790
0.447754,-0.275269,1.039062
-0.464722,-0.102417,0.741577
0.171631,0.069580,1.071045
0.101562,-0.393799,0.859619
-0.454590,0.114868,0.886230
0.455322,-0.270386,1.047852
-0.442261,-0.170044,0.734131
0.096191,0.125244,1.054932
0.133179,-0.390869,0.856812
-0.499023,0.096069,0.848145
0.474731,-0.272949,1.051025
-0.385620,-0.206177,0.738281
0.025391,0.148071,1.044922
0.180542,-0.403076,0.859131
-0.529053,0.060791,0.815796
0.481323,-0.284180,1.054688
-0.331055,-0.255981,0.741211
-0.013916,0.156006,1.026733
0.215820,-0.364502,0.869873
-0.552612,0.090698,0.789551
0.461670,-0.276123,1.033569
-0.275146,-0.337158,0.720093
-0.041016,0.119019,0.994507
0.227783,-0.352539,0.864136
-0.580322,0.084839,0.758057
0.449219,-0.255493,1.041626
-0.222412,-0.359741,0.735229
-0.107300,0.120239,0.980225
0.274048,-0.407227,0.885498
-0.562134,0.078125,0.766235
0.414307,-0.175659,1.037964
-0.235962,-0.307373,0.721069
-0.151855,0.152832,0.984253
0.294434,-0.391846,0.906006
-0.576782,0.034790,0.766357
0.428467,-0.198853,1.053833
-0.213135,-0.341309,0.711060
-0.242188,0.188354,0.949951
0.343628,-0.384766,0.913574
-0.577881,0.003784,0.751709
0.380859,-0.180908,1.040283
-0.182739,-0.352539,0.721558
-0.268921,0.178955,0.933594
0.352783,-0.354614,0.923096
-0.580444,-0.014160,0.728760
0.366699,-0.146973,1.052124
-0.160522,-0.377808,0.717773
-0.304443,0.192627,0.919678
0.363159,-0.344727,0.929565
-0.589355,-0.009888,0.727051
0.352783,-0.150024,1.043213
-0.113159,-0.373779,0.756958
-0.369751,0.202515,0.893921
0.366943,-0.316650,0.931396
-0.558350,-0.033813,0.722656
0.284058,-0.075928,1.035767
-0.080322,-0.373413,0.781372
-0.410400,0.187744,0.876343
0.463013,-0.270264,1.035767
-0.556885,-0.026978,0.712646
0.115601,0.074341,1.047729
-0.031128,-0.404785,0.780640
-0.483765,0.128174,0.863403
0.483032,-0.264648,1.042114
-0.413696,-0.179199,0.742920
0.032471,0.135864,1.040039
0.177612,-0.425415,0.848145
-0.504639,0.103638,0.835449
0.463013,-0.240234,1.041260
-0.347656,-0.255493,0.744751
0.000854,0.123657,1.020508
0.202759,-0.410400,0.857910
-0.545410,0.090820,0.805054
0.473633,-0.238770,1.057861
-0.305786,-0.266846,0.738281
-0.049194,0.134155,0.998657
0.247192,-0.396729,0.870972
-0.564697,0.064209,0.790894
0.457275,-0.232788,1.040527
-0.261963,-0.304565,0.724731
-0.104614,0.119629,0.984253
0.267700,-0.379517,0.896118
-0.575317,0.040039,0.764282
0.443237,-0.203003,1.052246
-0.204590,-0.347534,0.723511
-0.203857,0.173950,0.954834
0.313354,-0.370117,0.910889
-0.579102,0.008301,0.748413
0.390625,-0.172363,1.057007
-0.174683,-0.368286,0.728638
-0.264282,0.184326,0.946411
0.355225,-0.357544,0.931396
-0.579834,0.060791,0.771851
0.341309,-0.144531,1.030884
-0.139893,-0.365356,0.753418
-0.291504,0.154907,0.922119
0.377075,-0.335327,0.952271
-0.589844,0.031250,0.731934
0.257935,-0.079590,1.017334
-0.075684,-0.413086,0.768433
-0.360107,0.140137,0.899170
0.403442,-0.300903,0.993042
-0.578491,-0.025879,0.695190
0.202759,-0.024292,1.015869
-0.028198,-0.393555,0.785034
-0.437988,0.187134,0.886597
0.419189,-0.300171,0.982422
-0.542603,-0.048584,0.710571
0.130859,0.048096,1.018799
0.035278,-0.389404,0.814209
-0.502075,0.147949,0.839111
0.430176,-0.281006,0.999512
-0.467407,-0.118164,0.709717
0.063110,0.144165,1.017212
0.097290,-0.393066,0.807861
-0.531128,0.131714,0.821411
0.429199,-0.247437,1.010620
-0.413940,-0.185669,0.715576
0.013428,0.129883,1.007446
0.153198,-0.426758,0.821167
-0.557739,0.145386,0.828857
0.437012,-0.224976,1.012085
-0.340332,-0.213989,0.721802
-0.067017,0.187988,0.991577
0.228149,-0.405396,0.854980
-0.591797,0.090820,0.779663
0.404419,-0.194702,1.020142
-0.262451,-0.302368,0.707886
-0.132935,0.170532,0.966431
0.281494,-0.385864,0.886353
-0.622559,0.083618,0.752808
0.380005,-0.167236,1.020874
-0.175049,-0.355713,0.720093
-0.225830,0.182251,0.948975
0.326294,-0.351440,0.911743
-0.610229,0.043945,0.737061
0.348511,-0.148560,1.018677
-0.140747,-0.389160,0.713379
-0.305786,0.171509,0.892334
0.368164,-0.311646,0.929443
-0.586304,0.042358,0.711426
0.265015,-0.073486,0.998779
-0.077759,-0.401733,0.745728
-0.377441,0.177368,0.894653
0.409424,-0.324829,0.939819
-0.580933,0.014526,0.701050
0.146973,0.037231,0.986694
0.023071,-0.406128,0.786377
-0.461670,0.171387,0.870239
0.417358,-0.281982,0.964844
-0.522949,-0.041016,0.710938
0.111450,0.117676,1.010620
0.090576,-0.367676,0.809448
-0.553101,0.183594,0.811646
0.437988,-0.280273,0.982056
-0.416260,-0.152954,0.716064
0.024658,0.177612,1.009277
0.153564,-0.387207,0.820557
-0.565308,0.176025,0.818481
0.432373,-0.224609,0.994507
-0.355103,-0.216309,0.714600
-0.014648,0.143188,1.000488
0.214233,-0.392578,0.850098
-0.586304,0.138916,0.788940
0.426880,-0.176514,1.023682
-0.285278,-0.251465,0.707520
-0.095947,0.181274,0.973267
0.277344,-0.403931,0.869751
-0.608521,0.131104,0.792969
0.415405,-0.154175,1.022095
-0.209473,-0.290527,0.724609
-0.162476,0.190186,0.937988
0.305664,-0.356934,0.893188
-0.593140,0.104004,0.764404
0.408936,-0.150513,1.022217
-0.177368,-0.297241,0.734497
-0.220215,0.191895,0.914551
0.345703,-0.372559,0.898560
-0.596558,0.077271,0.745361
0.374634,-0.103394,1.029663
-0.116211,-0.381592,0.715210
-0.269043,0.203735,0.902222
0.361694,-0.361328,0.905640
-0.581787,0.059814,0.739990
0.343506,-0.099976,1.017578
-0.075562,-0.397217,0.729492
-0.318481,0.213379,0.878784
0.386475,-0.315430,0.927490
-0.556152,0.020264,0.730103
0.286865,-0.070679,0.994995
-0.040894,-0.425659,0.733276
-0.358032,0.193115,0.861206
0.410889,-0.305542,0.935913
-0.536987,-0.026489,0.717773
0.215698,-0.008179,0.985718
0.003174,-0.407227,0.764160
-0.408813,0.176147,0.846924
0.429932,-0.267822,0.968628
-0.509033,-0.050293,0.725098
0.148560,0.056641,1.010010
0.057495,-0.413452,0.778442
-0.479370,0.183594,0.827393
0.441650,-0.247314,0.974121
-0.443115,-0.084717,0.750610
0.068481,0.116211,1.020142
0.128662,-0.423218,0.817505
-0.533691,0.158325,0.803955
0.441406,-0.189697,0.991943
-0.325806,-0.130981,0.767700
-0.006836,0.178101,1.017456
0.212524,-0.404541,0.853271
-0.595825,0.117188,0.763916
0.441406,-0.195801,1.011719
-0.217041,-0.246460,0.765381
-0.102661,0.208740,0.982300
0.290649,-0.367432,0.886597
-0.592773,0.112915,0.759521
0.421509,-0.189087,1.009888
-0.135010,-0.350708,0.752075
-0.176880,0.184448,0.937866
0.348267,-0.316284,0.911865
-0.580566,0.091553,0.753540
0.364136,-0.134399,1.009277
-0.051270,-0.398804,0.758179
-0.270752,0.146729,0.871460
0.384277,-0.311157,0.930176
-0.556763,0.015259,0.724976
0.275024,-0.076050,0.982056
0.000488,-0.432251,0.757446
-0.350952,0.152832,0.855713
0.419434,-0.278809,0.951050
-0.504028,-0.038696,0.744507
0.162964,0.047241,0.988159
0.063965,-0.436523,0.774292
-0.430176,0.125244,0.819092
0.443237,-0.275024,0.974121
-0.449219,-0.106445,0.749634
0.090454,0.107300,1.011963
0.126099,-0.429810,0.798340
-0.504395,0.141602,0.788940
0.466675,-0.228882,1.007690
-0.361938,-0.147095,0.751099
0.003906,0.149048,1.000000
0.189331,-0.414917,0.824341
-0.548340,0.087524,0.763672
0.473755,-0.236572,1.020996
-0.281982,-0.200562,0.767090
-0.096680,0.207275,0.977173
0.289062,-0.398560,0.883545
-0.568359,0.066162,0.744263
0.427734,-0.191895,1.017944
-0.177979,-0.260986,0.777222
-0.133057,0.197388,0.971558
0.313354,-0.398560,0.889038
-0.567383,0.072144,0.764893
0.420410,-0.178833,1.015381
-0.094116,-0.307007,0.792114
-0.197876,0.200073,0.948120
0.356812,-0.354248,0.921387
-0.562744,0.049072,0.758423
0.370850,-0.154419,0.995117
-0.017090,-0.390015,0.787109
-0.267700,0.211304,0.906616
0.378784,-0.359497,0.913940
-0.546997,-0.014893,0.746216
0.338745,-0.112427,1.005371
0.017090,-0.404053,0.784790
-0.309937,0.209961,0.896851
0.411621,-0.360840,0.929077
-0.528687,-0.051270,0.744873
0.269165,-0.069702,0.994263
0.036987,-0.426880,0.769531
-0.327393,0.163086,0.868774
0.440552,-0.346313,0.959106
-0.509033,-0.077881,0.738159
0.212402,-0.040039,1.003662
0.050781,-0.467407,0.773193
-0.372070,0.112183,0.827148
0.476196,-0.338135,0.971191
-0.473267,-0.092163,0.762451
0.135254,0.036621,0.994873
0.088501,-0.466187,0.770752
-0.404175,0.141968,0.828369
0.483765,-0.315063,0.982544
-0.450806,-0.112915,0.753296
0.099121,0.042725,0.985229
0.132812,-0.467896,0.792236
-0.451172,0.107910,0.794922
0.496948,-0.307617,0.993652
-0.411377,-0.143311,0.753784
0.053223,0.098877,1.011597
0.182617,-0.484253,0.796387
-0.481567,0.076416,0.767212
0.482178,-0.266113,1.018311
-0.333984,-0.209595,0.765747
-0.008545,0.134033,1.000977
0.239380,-0.502441,0.828613
-0.519531,0.052368,0.755737
0.473877,-0.271606,1.015869
-0.263062,-0.234619,0.782471
-0.069336,0.196045,1.022339
0.283569,-0.457153,0.869995
-0.543579,0.027466,0.755737
0.460571,-0.248291,1.034424
-0.191040,-0.255615,0.801758
-0.127075,0.202759,0.997314
0.339966,-0.440674,0.925659
-0.543335,0.022461,0.762573
0.426392,-0.184692,1.051392
-0.118896,-0.314209,0.806152
-0.156250,0.196167,0.997681
0.381836,-0.424805,0.926147
-0.548706,0.048828,0.761719
0.394043,-0.180054,1.020996
-0.005249,-0.381470,0.840454
-0.207886,0.187500,0.972412
0.375122,-0.383911,0.931396
-0.503662,-0.007690,0.777710
0.376953,-0.151489,1.035522
0.011108,-0.409546,0.823730
-0.258423,0.180786,0.944946
0.431885,-0.378296,0.969727
-0.485107,-0.067749,0.757202
0.303711,-0.087646,1.027100
0.054688,-0.430908,0.819580
-0.280151,0.136719,0.910400
0.462646,-0.369507,0.994507
-0.480103,-0.090576,0.761719
0.268433,-0.071411,1.024414
0.100586,-0.458740,0.823975
-0.322021,0.122314,0.894043
0.471680,-0.298706,1.022583
-0.435059,-0.129150,0.762939
0.224365,-0.009521,1.035767
0.113647,-0.463623,0.819824
-0.367188,0.102295,0.870239
0.505493,-0.317139,1.035400
-0.411255,-0.140259,0.774292
0.151245,0.039429,1.041992
0.166138,-0.456055,0.844482
-0.390869,0.086914,0.859131
0.499390,-0.289062,1.033081
-0.353394,-0.192383,0.773926
0.108521,0.081299,1.059937
0.232788,-0.455811,0.873047
-0.446411,0.066650,0.824829
0.520142,-0.294922,1.051147
-0.306763,-0.231689,0.772339
0.026245,0.127075,1.031006
0.308472,-0.453613,0.919800
-0.470703,0.026611,0.798218
0.493774,-0.240112,1.070923
-0.212402,-0.258057,0.818726
-0.052612,0.181519,1.040771
0.347290,-0.416504,0.945435
-0.467041,-0.000366,0.792847
0.474976,-0.175537,1.091064
-0.115479,-0.280884,0.842529
-0.116943,0.205444,1.037109
0.402466,-0.425903,0.963379
-0.461792,-0.037109,0.800781
0.430542,-0.123169,1.090820
-0.023193,-0.332520,0.846680
-0.161865,0.200684,1.014282
0.464722,-0.376221,1.005493
-0.450439,-0.042114,0.809326
0.375977,-0.086670,1.100220
0.074829,-0.419678,0.872925
-0.226196,0.154175,0.979248
0.484375,-0.325562,1.044800
-0.449707,-0.082642,0.782471
0.334351,-0.062134,1.102417
0.119507,-0.415527,0.885742
-0.296265,0.181274,0.978638
0.506592,-0.275757,1.068237
-0.405640,-0.123535,0.790283
0.254883,0.000244,1.089355
0.193604,-0.481445,0.881714
-0.361816,0.132935,0.936401
0.541870,-0.255127,1.115845
-0.346191,-0.187500,0.781616
0.160156,0.103027,1.088135
0.260498,-0.460205,0.920288
-0.380493,0.056152,0.892090
0.558228,-0.275635,1.105957
-0.297363,-0.217163,0.820801
0.094116,0.138306,1.074951
0.303467,-0.433105,0.933716
-0.409302,0.046753,0.858887
0.556396,-0.240723,1.128174
-0.220581,-0.272827,0.825195
0.023071,0.190918,1.076172
0.353394,-0.396729,0.964722
-0.449341,0.056763,0.855469
0.555298,-0.236328,1.144165
-0.149048,-0.298706,0.856689
-0.049805,0.213501,1.075806
0.408813,-0.382812,1.006714
-0.453613,0.014648,0.829712
0.500977,-0.145874,1.149780
-0.049805,-0.329468,0.896118
-0.089233,0.211426,1.093750
0.432861,-0.396118,1.010742
-0.444580,-0.014160,0.822510
0.478394,-0.102539,1.164673
0.033936,-0.337036,0.908447
-0.146240,0.233276,1.093262
0.472656,-0.378174,1.037598
-0.440063,-0.037231,0.820312
0.439331,-0.090942,1.144531
0.077637,-0.349365,0.905396
-0.193359,0.227295,1.059082
0.514526,-0.316528,1.083984
-0.422974,-0.088135,0.807617
0.375122,-0.039795,1.142944
0.086060,-0.363159,0.920776
-0.236328,0.193115,1.035767
0.558350,-0.286499,1.128174
-0.388672,-0.099731,0.814331
0.307861,0.057251,1.145630
0.151123,-0.399170,0.919067
-0.282715,0.145386,0.995728
0.582764,-0.296021,1.147949
-0.356201,-0.158081,0.833008
0.246948,0.078735,1.137817
0.199341,-0.379028,0.926392
-0.334351,0.107910,0.934082
0.596436,-0.294800,1.152466
-0.309082,-0.239746,0.817139
0.181519,0.119019,1.120850
0.260986,-0.406860,0.934326
-0.386963,0.088013,0.894165
0.600098,-0.309448,1.132324
-0.266357,-0.285522,0.835938
0.144897,0.129272,1.129028
0.320190,-0.424438,0.977173
-0.410889,0.095093,0.873291
0.577271,-0.222412,1.149780
-0.213867,-0.266479,0.861328
0.070068,0.148438,1.116089
0.355469,-0.422119,0.996704
-0.412598,0.092041,0.891479
0.558838,-0.161987,1.165771
-0.195435,-0.236694,0.857422
0.034058,0.160889,1.104736
0.388550,-0.427368,1.011963
-0.409790,0.031616,0.874878
0.548462,-0.128052,1.179688
-0.160767,-0.239868,0.854614
-0.018921,0.206787,1.100464
0.402588,-0.403320,0.999512
-0.424438,-0.025146,0.862671
0.548950,-0.158569,1.182007
-0.068481,-0.272705,0.892944
-0.089111,0.232544,1.079102
0.431396,-0.366455,1.008667
-0.423462,-0.044189,0.850586
0.512939,-0.150146,1.171997
-0.025513,-0.330200,0.882690
-0.117310,0.211548,1.071777
0.447632,-0.326172,1.041016
-0.424683,-0.074463,0.828979
0.484131,-0.116333,1.184204
-0.009399,-0.330566,0.872925
-0.189819,0.216553,1.042847
0.491821,-0.301758,1.079224
-0.419312,-0.101562,0.822510
0.416626,-0.054688,1.165161
0.035522,-0.313110,0.891235
-0.241333,0.196533,1.019165
0.522461,-0.294556,1.103394
-0.411133,-0.144043,0.814331
0.347534,-0.041382,1.150513
0.095337,-0.356689,0.911011
-0.295288,0.177734,0.975220
0.536865,-0.260498,1.114624
-0.380249,-0.154053,0.796631
0.264404,0.021118,1.144409
0.168335,-0.420532,0.911133
-0.331665,0.136841,0.945679
0.528687,-0.232178,1.108521
-0.348267,-0.172363,0.809448
0.191772,0.042480,1.120972
0.236084,-0.426147,0.938965
-0.409668,0.122192,0.893433
0.539185,-0.207642,1.127319
-0.278320,-0.223755,0.812256
0.105713,0.126709,1.106812
0.281128,-0.402466,0.948853
-0.439575,0.049194,0.863525
0.538818,-0.214111,1.131348
-0.232178,-0.253296,0.823853
0.030762,0.145142,1.085571
0.332764,-0.386230,0.957153
-0.470581,0.025513,0.831055
0.531250,-0.173340,1.152588
-0.137207,-0.339233,0.817261
-0.046509,0.159180,1.071533
0.361938,-0.369507,0.965088
-0.481934,0.011841,0.817871
0.489502,-0.163818,1.137573
-0.106445,-0.348145,0.800659
-0.115356,0.169922,1.045654
0.402344,-0.341553,1.004028
-0.511963,0.006836,0.807373
0.453369,-0.144897,1.128662
-0.079956,-0.337524,0.817139
-0.205688,0.190430,1.028687
0.439819,-0.320557,1.034302
-0.498657,-0.043701,0.781372
0.400391,-0.116455,1.121826
-0.037964,-0.350830,0.836304
-0.266357,0.171997,0.985596
0.468262,-0.317505,1.035522
-0.470459,-0.045532,0.786255
0.320068,-0.016724,1.125000
0.009888,-0.360352,0.843628
-0.321167,0.151611,0.946777
0.469238,-0.307983,1.046753
-0.447876,-0.136353,0.771973
0.274902,-0.026489,1.107422
0.057983,-0.380127,0.850586
-0.386719,0.179199,0.914551
0.483887,-0.260620,1.068115
-0.406372,-0.207153,0.757202
0.191528,0.004272,1.088379
0.118408,-0.414551,0.869873
-0.445312,0.159424,0.878174
0.492676,-0.234497,1.071533
-0.395142,-0.182739,0.768188
0.113892,0.040527,1.067383
0.184326,-0.435181,0.888184
-0.467651,0.108643,0.838623
0.489624,-0.215820,1.066528
-0.351685,-0.195068,0.780151
0.034546,0.114990,1.058960
0.221680,-0.412842,0.896484
-0.492188,0.056519,0.823730
0.486572,-0.225830,1.076782
-0.260498,-0.270020,0.765869
-0.037842,0.144531,1.033447
0.274536,-0.370605,0.908813
-0.536377,0.036499,0.792725
0.466064,-0.226685,1.080200
-0.195190,-0.352661,0.748047
-0.116699,0.150269,1.002441
0.300415,-0.336060,0.921753
-0.568481,0.020508,0.763062
0.436890,-0.230347,1.065308
-0.140991,-0.389771,0.760986
-0.210938,0.176880,0.980591
0.341187,-0.344971,0.935059
-0.567017,0.006836,0.749023
0.385620,-0.162354,1.070190
-0.116089,-0.356934,0.781982
-0.288574,0.167969,0.939575
0.395996,-0.339233,0.966064
-0.563843,0.003540,0.743774
0.312012,-0.098511,1.056030
-0.070923,-0.366821,0.802246
-0.335327,0.156006,0.921509
0.410034,-0.312012,0.985107
-0.535156,-0.029297,0.730347
0.229492,-0.048828,1.041626
-0.020752,-0.380249,0.804565
-0.405762,0.169800,0.901001
0.448730,-0.305054,1.018799
-0.528931,-0.083862,0.712036
0.142578,0.039673,1.037720
0.060059,-0.403442,0.822510
-0.481934,0.171143,0.876343
0.465820,-0.302002,1.015991
-0.465454,-0.147827,0.736084
0.050903,0.095215,1.027954
0.127197,-0.408081,0.833984
-0.518188,0.126465,0.833740
0.458984,-0.261963,1.031494
-0.358643,-0.231445,0.742310
-0.009399,0.152588,1.028931
0.176758,-0.364380,0.850098
-0.567627,0.061768,0.776855
0.467896,-0.267212,1.036865
-0.275024,-0.317261,0.712646
-0.101196,0.166626,0.974976
0.239746,-0.354004,0.864624
-0.584106,0.035034,0.749146
0.425903,-0.230591,1.024902
-0.212036,-0.347534,0.714233
-0.172974,0.163574,0.964722
0.304077,-0.376221,0.900269
-0.619507,0.058838,0.743652
0.400146,-0.203125,1.027588
-0.173462,-0.360718,0.727173
-0.245117,0.160400,0.936768
0.315918,-0.328125,0.918701
-0.608643,0.038940,0.724731
0.351929,-0.182129,1.019531
-0.135498,-0.391357,0.754639
-0.300293,0.144531,0.902100
0.351562,-0.321533,0.929565
-0.598999,0.027466,0.710083
0.295776,-0.089966,1.021729
-0.098022,-0.387817,0.753174
-0.345581,0.169800,0.898804
0.365234,-0.313599,0.937622
-0.576904,-0.011719,0.711182
0.262085,-0.064575,1.012451
-0.082275,-0.378418,0.757568
-0.403931,0.187744,0.880737
0.412842,-0.333496,0.965942
-0.567627,-0.031982,0.699219
0.202393,-0.019409,1.002319
-0.024902,-0.397095,0.772095
-0.443481,0.193115,0.858643
0.412109,-0.295410,0.962280
-0.542358,-0.035645,0.724243
0.148315,0.014526,1.005493
0.018677,-0.409302,0.783447
-0.492920,0.193359,0.840332
0.421509,-0.270996,0.977417
-0.503418,-0.096191,0.713501
0.098267,0.074951,1.021484
0.070312,-0.420532,0.805054
-0.529297,0.188965,0.835205
0.420532,-0.234741,0.988403
-0.436157,-0.137817,0.729492
0.047607,0.107788,1.010986
0.133179,-0.415771,0.825806
-0.575317,0.183472,0.806274
0.432495,-0.232300,0.998779
-0.351440,-0.194580,0.738037
-0.025757,0.156860,1.000122
0.194824,-0.420166,0.844971
-0.592651,0.147949,0.797852
0.427612,-0.198486,1.004639
-0.283203,-0.222656,0.719604
-0.081299,0.192383,0.986084
0.242065,-0.358154,0.868896
-0.606201,0.104614,0.772705
0.415161,-0.214233,1.008179
-0.228638,-0.306030,0.718384
-0.143066,0.199707,0.957153
0.296265,-0.345093,0.874390
-0.625000,0.137817,0.757202
0.405762,-0.184448,1.017578
-0.164185,-0.388184,0.715332
-0.218506,0.158936,0.910767
0.333862,-0.336304,0.900635
-0.604126,0.096069,0.748413
0.365356,-0.138794,1.020752
-0.093628,-0.396606,0.733643
-0.316040,0.196289,0.881470
0.363647,-0.325562,0.904541
-0.575806,0.084473,0.732178
0.308838,-0.075562,0.995361
-0.057373,-0.393311,0.750000
-0.363037,0.173584,0.867310
0.393921,-0.309814,0.932007
-0.566772,0.039429,0.712036
0.231323,0.012329,0.994263
-0.009033,-0.388306,0.759033
-0.409058,0.179077,0.862793
0.426514,-0.288330,0.956177
-0.536865,0.000000,0.722412
0.150635,0.065430,0.999634
0.041748,-0.421997,0.775269
-0.479858,0.190918,0.840820
0.418701,-0.250000,0.970215
-0.470947,-0.066162,0.735474
0.120117,0.076050,1.011108
0.097290,-0.394653,0.812256
-0.542358,0.202515,0.819580
0.437012,-0.230225,0.992920
-0.411255,-0.116821,0.739868
0.048340,0.128174,1.011108
0.163818,-0.396729,0.846436
-0.576172,0.164551,0.802002
0.435547,-0.212769,0.997070
-0.314209,-0.169922,0.746094
-0.030273,0.199951,1.002075
0.221680,-0.369263,0.861694
-0.580688,0.113647,0.780396
0.449341,-0.200195,1.018799
-0.238403,-0.255493,0.735596
-0.112549,0.199707,0.959961
0.286865,-0.374512,0.889771
-0.599487,0.111206,0.758057
0.419189,-0.169556,1.017334
-0.149780,-0.333740,0.743652
-0.166382,0.203979,0.944580
0.325439,-0.343628,0.895874
-0.587524,0.087036,0.752930
0.381226,-0.141968,1.014404
-0.090942,-0.387695,0.744995
-0.230713,0.203003,0.910278
0.357178,-0.329224,0.904663
-0.569214,0.064087,0.754761
0.343872,-0.117920,0.995972
-0.043335,-0.396118,0.750000
-0.300415,0.163330,0.858154
0.401123,-0.317139,0.932617
-0.556396,0.007446,0.732056
0.263672,-0.062744,0.974854
0.024780,-0.426270,0.768799
-0.365967,0.163452,0.838257
0.413818,-0.276489,0.943481
-0.514526,-0.047729,0.727173
0.188599,-0.002563,0.989746
0.049072,-0.434204,0.768066
-0.418823,0.152588,0.821167
0.456177,-0.264648,0.985352
-0.482544,-0.065796,0.743164
0.098145,0.097778,1.009277
0.104004,-0.440552,0.786865
-0.474121,0.134155,0.801758
0.458374,-0.226074,1.010864
-0.393799,-0.146118,0.747559
0.028442,0.154907,1.007202
0.161499,-0.403320,0.814819
-0.554199,0.128052,0.759888
0.473755,-0.264282,1.007080
-0.307129,-0.227905,0.761353
-0.033447,0.203247,1.018921
0.210938,-0.388306,0.841187
-0.574829,0.115234,0.758545
0.474487,-0.273560,1.009766
-0.207275,-0.269409,0.797974
-0.106689,0.208618,0.975220
0.328979,-0.311646,0.901611
-0.603638,0.160400,0.747925
0.376709,-0.142822,1.000732
-0.067627,-0.363525,0.760010
-0.253174,0.165894,0.888306
0.378296,-0.317017,0.929077
-0.584961,0.093018,0.736938
0.307129,-0.068237,0.994141
-0.041138,-0.394775,0.760864
-0.303345,0.153198,0.877319
0.432007,-0.336060,0.952759
-0.582397,0.088135,0.732788
0.249756,-0.017578,0.980469
-0.005005,-0.406372,0.748779
-0.353271,0.140625,0.847656
0.436157,-0.305542,0.960938
-0.539307,0.002808,0.725464
0.222046,0.010376,0.997681
0.011963,-0.428955,0.723999
-0.385254,0.186523,0.846069
0.434937,-0.276123,0.959839
-0.508545,-0.022217,0.746948
0.183350,0.004272,1.002808
0.048340,-0.419189,0.768555
-0.439697,0.177856,0.827148
0.447388,-0.283203,0.974731
-0.484497,-0.089844,0.740601
0.150879,0.036865,1.001953
0.096436,-0.419800,0.794067
-0.474365,0.184448,0.818481
0.444946,-0.239624,0.975830
-0.439941,-0.125366,0.741577
0.085449,0.077759,1.004272
0.143555,-0.448975,0.813721
-0.520386,0.148682,0.795288
0.445190,-0.217529,0.974487
-0.372314,-0.140381,0.757324
0.011230,0.113403,0.998657
0.198486,-0.461548,0.832764
-0.551636,0.118042,0.752319
0.454346,-0.188843,1.001099
-0.281250,-0.166504,0.767334
-0.061768,0.167358,0.989136
0.269531,-0.457886,0.870117
-0.568359,0.074219,0.756226
0.433228,-0.162598,1.019043
-0.191406,-0.240479,0.770386
-0.133789,0.203369,0.958374
0.327637,-0.382568,0.908203
-0.581299,0.056641,0.752319
0.401001,-0.167358,1.023315
-0.107056,-0.368896,0.751587
-0.202393,0.192139,0.928345
0.359253,-0.351807,0.925903
-0.556763,0.027832,0.760376
0.363770,-0.122314,1.020996
-0.039551,-0.398804,0.771729
-0.261230,0.182617,0.896240
0.394165,-0.355347,0.920288
-0.545166,0.029175,0.763184
0.307007,-0.095093,0.994385
0.006958,-0.440063,0.768677
-0.299316,0.108398,0.849976
0.407837,-0.292603,0.971558
-0.524902,-0.028931,0.739258
0.228271,-0.026367,0.999878
0.061890,-0.456421,0.784790
-0.356445,0.104126,0.839355
0.444458,-0.274414,0.973877
-0.497437,-0.011719,0.748535
0.159546,0.057495,0.993652
0.104736,-0.430908,0.808350
-0.406616,0.070312,0.802002
0.461304,-0.287476,0.990479
-0.448120,-0.099731,0.740845
0.092773,0.120483,1.023560
0.133423,-0.450317,0.811279
-0.460205,0.074585,0.784180
0.467407,-0.263062,1.011475
-0.409790,-0.125000,0.751099
0.053223,0.116333,1.011963
0.195068,-0.446899,0.841064
-0.522583,0.089478,0.776855
0.481323,-0.315796,0.998169
-0.327881,-0.199707,0.774658
-0.046143,0.195068,1.013916
0.245117,-0.436768,0.854248
-0.503296,0.022461,0.761230
0.452271,-0.258057,1.011841
-0.257324,-0.240234,0.772949
-0.087280,0.204102,0.998291
0.288086,-0.421143,0.887939
-0.525024,0.011963,0.757446
0.440796,-0.236694,1.034424
-0.176758,-0.300049,0.790894
-0.139771,0.198730,0.993164
0.323120,-0.417847,0.891235
-0.544189,0.031128,0.758301
0.418335,-0.209717,1.026001
-0.095093,-0.339478,0.813965
-0.164673,0.188721,0.976318
0.354736,-0.369385,0.929810
-0.547852,0.039917,0.752563
0.392212,-0.198486,1.012451
-0.027466,-0.390015,0.823120
-0.209473,0.149048,0.945679
0.391724,-0.378784,0.946167
-0.527954,-0.015137,0.740112
0.334106,-0.101929,1.021973
0.012939,-0.407959,0.805298
-0.237427,0.112305,0.926514
0.433472,-0.383057,0.966797
-0.515747,-0.057495,0.740723
0.284790,-0.027832,1.026367
0.060181,-0.429932,0.791504
-0.281494,0.126953,0.911011
0.452393,-0.373779,0.978516
-0.479492,-0.128052,0.737915
0.253540,-0.019897,1.026611
0.085815,-0.435303,0.800781
-0.328979,0.133423,0.896729
0.497070,-0.374756,1.006836
-0.459839,-0.108765,0.761719
0.200562,0.000366,1.015625
0.112671,-0.446167,0.814819
-0.353394,0.095947,0.864990
0.500977,-0.328491,1.020630
-0.427734,-0.134766,0.768799
0.162842,0.021851,1.035156
0.150024,-0.473877,0.827148
-0.399658,0.100952,0.851440
0.505371,-0.295776,1.033325
-0.384521,-0.177124,0.762085
0.086304,0.072998,1.024658
0.242798,-0.501221,0.863281
-0.436523,0.054932,0.816528
0.505615,-0.264160,1.059570
-0.319580,-0.216797,0.769165
0.021484,0.130127,1.023071
0.302246,-0.466431,0.892334
-0.465942,0.024658,0.792358
0.481812,-0.241455,1.056763
-0.228027,-0.254761,0.804565
-0.052612,0.163696,1.022339
0.348145,-0.433716,0.930298
-0.488159,0.024902,0.789673
0.461304,-0.193237,1.078857
-0.109253,-0.313965,0.829346
-0.123535,0.196411,1.020630
0.385132,-0.403809,0.956299
-0.486206,-0.009399,0.788452
0.441040,-0.167480,1.086182
-0.032471,-0.361450,0.837158
-0.181763,0.203491,1.014038
0.437744,-0.375000,0.996582
-0.470215,-0.072632,0.772583
0.382324,-0.112183,1.086060
0.067627,-0.422607,0.858643
-0.239624,0.180176,0.985962
0.476196,-0.334595,1.029175
-0.432495,-0.100464,0.781006
0.316895,-0.033203,1.090942
0.098511,-0.437256,0.853149
-0.285889,0.155884,0.972168
0.499634,-0.301270,1.062744
-0.401367,-0.129150,0.785522
0.270020,-0.003662,1.079712
0.143066,-0.411987,0.884155
-0.346069,0.156006,0.926514
0.552002,-0.304688,1.084961
-0.368408,-0.155396,0.796143
0.187622,0.058350,1.080078
0.223633,-0.424194,0.924561
-0.392334,0.068848,0.841187
0.554199,-0.261719,1.110107
-0.293945,-0.225586,0.799316
0.114014,0.122803,1.086060
0.283569,-0.451050,0.921997
-0.413086,0.057983,0.841797
0.551514,-0.232300,1.119141
-0.240967,-0.237793,0.829590
0.045288,0.163452,1.089966
0.338867,-0.438110,0.947388
-0.460938,0.053955,0.820801
0.534058,-0.195557,1.131958
-0.165527,-0.251221,0.861450
-0.019409,0.200195,1.087891
0.385498,-0.405640,0.978516
-0.464111,0.027710,0.818970
0.507202,-0.155396,1.130615
-0.079834,-0.283813,0.885498
-0.079468,0.203247,1.085815
0.435059,-0.382446,1.017944
-0.455322,-0.010864,0.823120
0.471802,-0.106445,1.147705
0.027222,-0.354614,0.883301
-0.146484,0.230469,1.079224
0.476562,-0.360107,1.049072
-0.432251,-0.058594,0.830322
0.434814,-0.084106,1.132446
0.075562,-0.355103,0.894897
-0.208862,0.221680,1.044067
0.513916,-0.295654,1.099854
-0.412720,-0.131714,0.812622
0.361938,-0.029907,1.139526
0.118896,-0.375244,0.925537
-0.283936,0.205200,1.001953
0.550903,-0.287598,1.117798
-0.370728,-0.155518,0.821167
0.301758,0.014648,1.140137
0.177612,-0.390381,0.931519
-0.321411,0.136353,0.947876
0.577393,-0.272949,1.138672
-0.338013,-0.177246,0.816406
0.212280,0.050171,1.106689
0.256836,-0.415039,0.951660
-0.359375,0.114014,0.900879
0.586792,-0.245605,1.135620
-0.250122,-0.191406,0.860229
0.118774,0.147705,1.105713
0.330933,-0.451294,0.968872
-0.418091,0.071045,0.870361
0.558716,-0.181763,1.169678
-0.194458,-0.249634,0.854980
0.061401,0.212280,1.132935
0.375977,-0.404419,0.991211
-0.449463,0.049805,0.868408
0.547241,-0.177612,1.176147
-0.116211,-0.312744,0.874512
-0.029297,0.227051,1.106201
0.422119,-0.375366,1.005981
-0.464722,0.022827,0.850830
0.529907,-0.171875,1.180542
-0.007202,-0.410645,0.888306
-0.069092,0.201294,1.104248
0.434204,-0.328491,1.037354
-0.456177,-0.007080,0.825439
0.494873,-0.117065,1.176880
0.022949,-0.396362,0.872803
-0.113403,0.200439,1.091919
0.460693,-0.298462,1.067505
-0.470581,-0.000488,0.835693
0.469971,-0.113892,1.157959
0.031616,-0.370361,0.898804
-0.174194,0.189331,1.063843
0.500732,-0.275269,1.107056
-0.456055,-0.024292,0.819458
0.414429,-0.057983,1.167603
0.089966,-0.384155,0.916504
-0.227417,0.183594,1.050903
0.518799,-0.277832,1.118042
-0.456543,-0.044067,0.808472
0.359497,-0.041992,1.149170
0.127808,-0.419800,0.930420
-0.256348,0.175171,1.034668
0.555664,-0.271118,1.133667
-0.428589,-0.074707,0.803101
0.302124,0.023071,1.156738
0.156494,-0.407959,0.954224
-0.311890,0.130859,0.987061
0.559570,-0.275757,1.133301
-0.375122,-0.126831,0.827515
0.254272,0.061157,1.145020
0.206299,-0.409180,0.937988
-0.343872,0.135376,0.947266
0.555664,-0.240234,1.141479
-0.325928,-0.207275,0.825073
0.182129,0.069946,1.110718
0.245850,-0.409668,0.950195
-0.397461,0.106812,0.912842
0.575684,-0.246216,1.141602
-0.275879,-0.238647,0.819214
0.109619,0.184937,1.114868
0.263428,-0.381714,0.941040
-0.405396,0.025879,0.876343
0.576904,-0.250488,1.143555
-0.265381,-0.268066,0.821899
0.055908,0.168457,1.104004
0.313843,-0.406616,0.949341
-0.434692,0.037109,0.867798
0.550293,-0.218994,1.139282
-0.205688,-0.277466,0.845093
0.016113,0.133667,1.079590
0.345093,-0.363281,0.972900
-0.452759,0.034668,0.834717
0.531860,-0.165405,1.152954
-0.134521,-0.340576,0.830078
-0.036743,0.116333,1.055054
0.362793,-0.372070,0.977295
-0.471191,0.014771,0.824707
0.524414,-0.154053,1.149902
-0.100708,-0.324341,0.812866
-0.102905,0.185547,1.072144
0.379028,-0.340332,0.989990
-0.480835,-0.021851,0.817383
0.501587,-0.162598,1.148315
-0.083618,-0.349365,0.819702
-0.187134,0.211792,1.046021
0.424316,-0.348267,1.007080
-0.485596,-0.018311,0.813843
0.443237,-0.136719,1.134766
-0.072632,-0.344238,0.833252
-0.232788,0.174072,0.994019
0.429810,-0.296387,1.030884
-0.471558,-0.095459,0.780273
0.403320,-0.112793,1.132446
-0.053833,-0.349365,0.825073
-0.275269,0.189209,0.977051
0.472778,-0.312378,1.046997
-0.472778,-0.102051,0.778931
0.324097,-0.074951,1.113281
-0.006226,-0.348877,0.838989
-0.300049,0.150146,0.949219
0.478394,-0.280762,1.060425
-0.472046,-0.097534,0.758057
0.278198,-0.036133,1.105225
0.057495,-0.418335,0.862549
-0.359131,0.145264,0.918335
0.481567,-0.283813,1.053711
-0.450317,-0.101685,0.760742
0.208008,0.004272,1.080322
0.100220,-0.401123,0.873291
-0.409668,0.138428,0.895630
0.479248,-0.241943,1.075562
-0.429810,-0.168213,0.753174
0.179443,0.029541,1.085449
0.125000,-0.421021,0.864990
-0.456177,0.145508,0.875366
0.495483,-0.259399,1.063843
-0.406982,-0.186401,0.749878
0.105347,0.100830,1.066895
0.163818,-0.394287,0.870361
-0.471313,0.103149,0.859619
0.490234,-0.264160,1.053955
-0.379150,-0.209717,0.764404
0.049194,0.102051,1.052246
0.226685,-0.431519,0.884033
-0.510864,0.099365,0.825562
0.464722,-0.209473,1.060913
-0.306763,-0.252808,0.748047
0.001709,0.119507,1.038696
0.248901,-0.400757,0.894775
-0.528687,0.076660,0.819092
0.467651,-0.220703,1.060669
-0.250488,-0.308594,0.750854
-0.084106,0.147461,1.014404
0.281250,-0.401855,0.901123
-0.550659,0.062866,0.799927
0.448242,-0.206177,1.065430
-0.208252,-0.344727,0.721924
-0.142334,0.148926,0.985352
0.308472,-0.359619,0.903809
-0.572754,0.049805,0.763672
0.421265,-0.237061,1.043701
-0.155640,-0.401733,0.744141
-0.220703,0.151489,0.965210
0.332642,-0.335693,0.933472
-0.563965,0.022827,0.743042
0.377686,-0.148560,1.056396
-0.129150,-0.363159,0.781860
-0.286499,0.158813,0.942627
0.365356,-0.330322,0.953979
-0.583374,-0.011475,0.725586
0.339844,-0.121216,1.058716
-0.115234,-0.352051,0.774658
-0.325806,0.169922,0.922119
0.393188,-0.303345,0.980225
-0.568604,0.000610,0.726074
0.279419,-0.090942,1.049561
-0.046631,-0.401123,0.795288
-0.383301,0.173218,0.905151
0.389282,-0.282349,0.976807
-0.557251,-0.047974,0.708008
0.207153,-0.020752,1.037109
0.018677,-0.428833,0.804077
-0.471680,0.205200,0.882568
0.416382,-0.286621,0.991455
-0.534546,-0.080933,0.706543
0.132690,0.036011,1.021973
0.067505,-0.417725,0.820435
-0.495239,0.166504,0.860718
0.425171,-0.264282,0.998657
-0.507690,-0.098145,0.714111
0.078857,0.067993,1.007446
0.114990,-0.425659,0.820435
-0.524780,0.159180,0.836426
0.428345,-0.213013,1.015869
-0.428833,-0.148315,0.730347
0.025391,0.106079,1.014160
0.159668,-0.449829,0.832397
-0.559204,0.141846,0.822021
0.428467,-0.221436,1.005127
-0.354858,-0.213745,0.729248
-0.033691,0.162598,1.008667
0.191650,-0.410522,0.841187
-0.586304,0.108887,0.791748
0.436768,-0.247803,1.009521
-0.290649,-0.254761,0.733887
-0.092163,0.181152,0.973877
0.218872,-0.400024,0.841919
-0.587524,0.075195,0.761719
0.441284,-0.213623,1.031006
-0.259155,-0.301758,0.712769
-0.141113,0.187622,0.969727
0.261963,-0.402344,0.862305
-0.615967,0.088623,0.764282
0.416138,-0.208252,1.016968
-0.212036,-0.338379,0.720093
-0.182739,0.176147,0.945801
0.290405,-0.363525,0.896362
-0.608765,0.072632,0.750610
0.403076,-0.180298,1.030640
-0.190552,-0.360962,0.713257
-0.225342,0.176392,0.932373
0.323730,-0.346680,0.903931
-0.608154,0.071045,0.743530
0.381348,-0.181885,1.032349
-0.142578,-0.383911,0.724976
-0.285278,0.187012,0.896484
0.342651,-0.330200,0.908936
-0.601074,0.038574,0.726440
0.345703,-0.144409,1.024292
-0.114380,-0.401489,0.727173
-0.349121,0.209229,0.888428
0.370361,-0.340210,0.919922
-0.585693,0.012329,0.711670
0.281128,-0.066528,1.014526
-0.074097,-0.420532,0.743042
-0.386841,0.193481,0.876953
0.388306,-0.320679,0.934448
-0.563721,-0.016357,0.703369
0.225220,0.007568,1.012329
-0.021973,-0.406982,0.760864
-0.435425,0.204468,0.871582
0.410278,-0.305298,0.952515
-0.552124,-0.040283,0.702637
0.175415,0.017822,1.003540
0.022949,-0.407837,0.780884
-0.486572,0.221069,0.860962
0.417847,-0.264404,0.967651
-0.503906,-0.082764,0.708252
0.115845,0.074097,1.014526
0.070068,-0.411987,0.806763
-0.523315,0.212280,0.844971
0.423340,-0.231079,0.977051
-0.445557,-0.106201,0.737305
0.061279,0.123779,1.017456
0.119263,-0.416138,0.820679
-0.550415,0.190063,0.826172
0.421265,-0.190796,0.995728
-0.390991,-0.155273,0.727783
0.022461,0.149292,1.006592
0.177368,-0.401733,0.849487
-0.586792,0.160889,0.781860
0.424438,-0.181152,1.007446
-0.312622,-0.213989,0.727051
-0.046631,0.179688,0.994629
0.227051,-0.396362,0.854736
-0.594116,0.136719,0.767822
0.432739,-0.183228,1.014526
-0.243774,-0.270386,0.726196
-0.094482,0.214111,0.987061
0.269165,-0.376709,0.870483
-0.614380,0.142822,0.768066
0.432983,-0.187622,1.015991
-0.188599,-0.294312,0.745850
-0.138184,0.201294,0.952515
0.316284,-0.365601,0.874390
-0.612427,0.135742,0.765625
0.406982,-0.179688,1.001587
-0.124756,-0.346313,0.754028
-0.224243,0.189209,0.912231
0.344604,-0.331299,0.903076
-0.594727,0.112183,0.751587
0.366699,-0.109985,1.017090
-0.074219,-0.384399,0.751221
-0.260864,0.180786,0.898193
0.367188,-0.333374,0.907959
-0.566040,0.080811,0.739380
0.341187,-0.074341,1.005249
-0.055664,-0.380493,0.732178
-0.314819,0.198730,0.878662
0.402954,-0.326416,0.923828
-0.558716,0.016235,0.731201
0.297485,-0.039185,1.002563
-0.028809,-0.396729,0.741333
-0.356934,0.204224,0.859497
0.413818,-0.322266,0.933228
-0.537720,-0.036987,0.729370
0.255615,-0.024536,1.003906
-0.003174,-0.392700,0.762085
-0.397583,0.182739,0.840698
0.427368,-0.302612,0.953369
-0.517456,-0.061279,0.728271
0.201050,-0.009644,1.005249
0.033203,-0.431519,0.764526
-0.429810,0.188599,0.828857
0.430054,-0.272949,0.955078
-0.495850,-0.049072,0.741211
0.176025,0.019043,1.011230
0.077148,-0.431274,0.800293
-0.480713,0.185059,0.804077
0.455322,-0.282593,0.963501
-0.470581,-0.086060,0.735474
0.126465,0.081421,1.022949
0.116699,-0.447144,0.805786
-0.512817,0.169800,0.796021
0.453369,-0.245972,0.980469
-0.425781,-0.091797,0.752075
0.082764,0.118652,1.014038
0.149658,-0.453491,0.821167
-0.538574,0.149292,0.791382
0.459229,-0.237793,0.989136
-0.369507,-0.140137,0.754761
0.026245,0.160889,1.020752
0.190796,-0.420166,0.847290
-0.558350,0.130615,0.761353
0.455200,-0.221924,1.002075
-0.314819,-0.192627,0.761719
-0.025391,0.191162,1.009033
0.235596,-0.402100,0.855225
-0.566162,0.113647,0.762451
0.444458,-0.221558,1.002441
-0.258057,-0.223389,0.770264
-0.081909,0.179810,0.982422
0.277710,-0.421509,0.878418
-0.564697,0.070312,0.759277
0.437866,-0.187622,1.019897
-0.188354,-0.265259,0.777100
-0.124878,0.181641,0.962646
0.328613,-0.401123,0.901855
-0.566528,0.069336,0.750000
0.399170,-0.151978,1.015137
-0.124634,-0.316895,0.773071
-0.156006,0.170288,0.953735
0.355713,-0.414917,0.907715
-0.573608,0.046387,0.749756
0.378052,-0.116943,1.015015
-0.068237,-0.354614,0.763184
-0.226318,0.191528,0.927979
0.387695,-0.395020,0.922607
-0.545166,-0.026123,0.743530
0.317261,-0.092651,1.002930
-0.013550,-0.405151,0.754761
-0.283813,0.152832,0.877930
0.415771,-0.354248,0.949585
-0.530518,-0.070435,0.742554
0.266357,-0.092041,0.981934
0.052734,-0.449829,0.786133
-0.347168,0.139038,0.844727
0.433838,-0.280273,0.967163
-0.483032,-0.092285,0.737305
0.165283,-0.009155,0.989380
0.109985,-0.513550,0.777588
-0.408081,0.107300,0.812134
0.447876,-0.266113,0.975830
-0.419189,-0.104614,0.768311
0.080322,0.076172,1.013916
0.155884,-0.503662,0.805786
-0.476562,0.063354,0.779541
0.473999,-0.230957,1.023071
-0.331909,-0.161621,0.772217
-0.021362,0.176636,1.011230
0.243042,-0.443481,0.857178
-0.518311,0.021240,0.749878
0.451172,-0.253296,1.019043
-0.252808,-0.247681,0.771606
-0.067017,0.204834,1.022949
0.294922,-0.394409,0.889404
-0.557007,0.052612,0.753906
0.436279,-0.278442,1.015381
-0.150879,-0.324829,0.802246
-0.127319,0.160034,0.988281
0.339233,-0.385620,0.918457
-0.538452,0.046021,0.760254
0.411865,-0.169556,1.033936
-0.063599,-0.357666,0.794556
-0.196533,0.135254,0.937378
0.379272,-0.368896,0.940430
-0.510742,-0.052368,0.766724
0.369873,-0.156250,1.028809
-0.002441,-0.403687,0.791138
-0.280273,0.175903,0.908081
0.439209,-0.372925,0.973877
-0.494751,-0.103394,0.752686
0.298828,-0.099487,1.018311
0.065674,-0.438843,0.797852
-0.318726,0.153442,0.875977
0.462646,-0.347534,0.978149
-0.472046,-0.114990,0.756836
0.238892,-0.075684,1.015259
0.103516,-0.484619,0.803711
-0.375610,0.120972,0.865967
0.477295,-0.318848,1.000610
-0.421021,-0.130127,0.765503
0.160034,0.019897,1.022949
0.151245,-0.466553,0.835083
-0.418701,0.113037,0.832520
0.489258,-0.298340,1.024658
-0.364258,-0.171997,0.775024
0.080200,0.093262,1.029297
0.220947,-0.475830,0.861816
-0.453735,0.030151,0.789062
0.518677,-0.307129,1.044556
-0.313599,-0.223145,0.787354
0.006836,0.136475,1.040283
0.284180,-0.463623,0.886841
-0.454468,0.008057,0.787964
0.485596,-0.239380,1.059082
-0.243042,-0.252441,0.796509
-0.046753,0.170776,1.030640
0.346069,-0.464722,0.915283
-0.518799,0.044434,0.788086
0.467773,-0.205933,1.074219
-0.139282,-0.308105,0.813599
-0.104004,0.204346,1.039673
0.369751,-0.403442,0.945190
-0.519653,0.022461,0.782471
0.447998,-0.214478,1.061768
-0.039185,-0.400391,0.833252
-0.152100,0.184814,1.008545
0.399658,-0.315186,0.987793
-0.497925,0.015747,0.767334
0.405884,-0.156616,1.069824
0.046143,-0.483521,0.860840
-0.201172,0.127686,0.986694
0.464966,-0.348145,1.015381
-0.482788,-0.008667,0.766479
0.336426,-0.056763,1.069458
0.078003,-0.382812,0.878906
-0.215576,0.096802,0.984863
0.489136,-0.324707,1.051025
-0.465942,-0.089478,0.754883
0.308716,-0.011963,1.093140
0.093994,-0.410889,0.851318
-0.277588,0.177734,0.981079
0.506836,-0.331177,1.057495
-0.415161,-0.143433,0.796509
0.286621,-0.045410,1.076416
0.122070,-0.415405,0.875244
-0.319092,0.157471,0.937378
0.523804,-0.268066,1.086060
-0.382080,-0.156738,0.800781
0.246826,0.010498,1.090332
0.174316,-0.440430,0.893799
-0.341187,0.109741,0.903687
0.534912,-0.253906,1.097412
-0.359131,-0.167114,0.791138
0.193970,0.032227,1.084229
0.249878,-0.509155,0.899780
-0.390991,0.056763,0.857788
0.540649,-0.226318,1.109131
-0.304810,-0.178711,0.802490
0.130981,0.126343,1.098511
0.295898,-0.467285,0.938354
-0.412354,0.045288,0.860596
0.541382,-0.234009,1.117188
-0.244385,-0.238403,0.817871
0.089111,0.180176,1.115479
0.332397,-0.422607,0.959839
-0.467163,0.054565,0.829712
0.543213,-0.254883,1.129639
-0.201538,-0.318970,0.828857
0.071045,0.152954,1.106567
0.365234,-0.395020,0.979248
-0.472900,0.090088,0.825562
0.529297,-0.219971,1.122925
-0.153564,-0.307861,0.857666
0.012085,0.136108,1.094360
0.403076,-0.405151,1.007080
-0.499756,-0.010742,0.773926
0.395874,-0.109497,1.076538
-0.104858,-0.275146,0.867554
-0.192627,0.179932,1.000732
0.457520,-0.385742,1.013062
-0.465820,-0.089844,0.782715
0.388916,-0.102051,1.089722
0.049072,-0.392700,0.838501
-0.229736,0.187744,0.985107
0.495239,-0.369019,1.023071
-0.445068,-0.097168,0.776855
0.339722,-0.056396,1.076782
0.061890,-0.379272,0.853882
-0.230835,0.164307,0.993042
0.516602,-0.357178,1.053223
-0.443359,-0.099121,0.784790
0.307129,-0.029541,1.074951
0.097168,-0.408691,0.860229
-0.272217,0.167847,0.983032
0.514404,-0.296753,1.073242
-0.405762,-0.112061,0.800781
0.306641,-0.026367,1.094238
0.118286,-0.405273,0.874268
-0.316772,0.156250,0.961670
0.533447,-0.302002,1.093628
-0.378052,-0.174561,0.792969
0.266235,0.010864,1.097778
0.172974,-0.406372,0.904297
-0.354004,0.159180,0.930420
0.556519,-0.280640,1.104248
-0.340210,-0.157104,0.818848
0.212402,0.065430,1.097290
0.220215,-0.458496,0.910278
-0.366333,0.079956,0.905396
0.567261,-0.262207,1.126465
-0.328003,-0.178467,0.800903
0.146240,0.121094,1.095215
0.281616,-0.475220,0.932373
-0.379028,0.067627,0.895996
0.557251,-0.249146,1.122070
-0.294312,-0.200684,0.822388
0.108276,0.146851,1.095825
0.317993,-0.457275,0.953979
-0.396484,0.029419,0.876343
0.554565,-0.230591,1.131714
-0.252075,-0.232788,0.823120
0.078247,0.189209,1.106201
0.350708,-0.423828,0.972900
-0.425415,0.047119,0.868774
0.557739,-0.235352,1.140015
-0.209106,-0.255493,0.844238
0.034180,0.195312,1.101929
0.374268,-0.416504,0.985840
-0.426147,0.031006,0.852295
0.558228,-0.180298,1.155151
-0.165283,-0.276367,0.854126
-0.012939,0.191650,1.086060
0.400635,-0.394531,1.002808
-0.441162,0.012817,0.850342
0.529053,-0.186768,1.143921
-0.112305,-0.313110,0.871460
-0.023926,0.175903,1.097412
0.419189,-0.371216,1.022339
-0.444824,0.014404,0.850952
0.517944,-0.148682,1.159790
-0.076416,-0.312378,0.880981
-0.056641,0.184448,1.095825
0.450317,-0.396484,1.042725
-0.436523,0.001465,0.845947
0.494873,-0.098877,1.156860
-0.019165,-0.314087,0.890747
-0.093018,0.210938,1.099365
0.467041,-0.391968,1.037842
-0.438110,-0.006470,0.852295
0.487183,-0.084473,1.164551
0.008911,-0.316284,0.899780
-0.118286,0.205811,1.078979
0.474365,-0.344604,1.071533
-0.419800,-0.048706,0.840454
0.473389,-0.069824,1.180542
0.011597,-0.326538,0.881470
-0.160645,0.214600,1.069946
0.489014,-0.329346,1.069336
-0.424805,-0.038940,0.842041
0.458862,-0.069946,1.185059
0.034424,-0.345337,0.904785
-0.214600,0.226074,1.046265
0.509277,-0.294678,1.092529
-0.423828,-0.077637,0.835327
0.407227,-0.050903,1.168579
0.065674,-0.377808,0.905518
-0.214355,0.199707,1.042236
0.517700,-0.277710,1.095337
-0.421143,-0.084473,0.807617
0.372803,-0.034790,1.151245
0.108887,-0.379639,0.925659
-0.279785,0.180786,1.007812
0.558350,-0.293091,1.127075
-0.390259,-0.136108,0.806274
0.307129,0.026978,1.159912
0.147583,-0.390869,0.914917
-0.311890,0.175415,0.983887
0.561646,-0.295532,1.115845
-0.360229,-0.183105,0.813477
0.265259,0.039185,1.148926
0.182373,-0.377441,0.945801
-0.350708,0.139526,0.942017
0.563965,-0.293091,1.119995
-0.342529,-0.186157,0.817261
0.207642,0.067871,1.125244
0.236572,-0.394287,0.943848
-0.382812,0.128052,0.916382
0.563354,-0.259155,1.127197
-0.304565,-0.217896,0.819702
0.135864,0.094971,1.108398
0.280762,-0.408447,0.967285
-0.413818,0.106201,0.902832
0.558105,-0.205933,1.147217
-0.271118,-0.215698,0.832764
0.066528,0.110352,1.078735
0.310425,-0.412109,0.974243
-0.430664,0.045654,0.876099
0.559692,-0.165771,1.171631
-0.202148,-0.261841,0.827759
-0.008911,0.171143,1.081055
0.356689,-0.405151,0.968750
-0.446045,-0.015625,0.827515
0.529785,-0.177856,1.145508
-0.118530,-0.316040,0.826050
-0.070679,0.197388,1.077759
0.395752,-0.365967,0.989502
-0.470825,-0.009033,0.813477
0.492554,-0.152710,1.145630
-0.076416,-0.334595,0.833862
-0.130615,0.209106,1.066162
0.418579,-0.331177,1.003418
-0.505615,-0.023804,0.792358
0.446167,-0.148926,1.146851
-0.042358,-0.376831,0.841064
-0.203247,0.198120,1.030029
0.434692,-0.299072,1.036865
-0.492432,-0.026245,0.788574
0.385620,-0.107666,1.123169
0.010864,-0.393921,0.852051
-0.262085,0.168091,0.995483
0.465698,-0.283325,1.054932
-0.453491,-0.072876,0.772949
0.294678,-0.022827,1.106201
0.060181,-0.401245,0.873413
-0.332153,0.149048,0.970459
0.495605,-0.305298,1.064697
-0.430420,-0.111694,0.776245
0.215942,0.089355,1.115723
0.110229,-0.372437,0.880493
-0.389038,0.114868,0.925049
0.512329,-0.299927,1.069824
-0.404419,-0.177612,0.767456
0.165527,0.125488,1.103271
0.132690,-0.329102,0.887451
-0.426514,0.093750,0.877563
0.518066,-0.296387,1.081787
-0.386108,-0.234619,0.755371
0.097534,0.111816,1.070801
0.186035,-0.398071,0.890015
-0.468018,0.081787,0.844482
0.515381,-0.254761,1.084229
-0.330078,-0.250488,0.777954
0.035156,0.108887,1.050659
0.211426,-0.388550,0.883545
-0.478271,0.076416,0.816772
0.501709,-0.233276,1.072876
-0.291748,-0.261475,0.776367
-0.001343,0.114624,1.042114
0.262207,-0.415161,0.901489
-0.503174,0.076172,0.810425
0.480347,-0.206543,1.080933
-0.259888,-0.265015,0.766479
-0.054443,0.127319,1.021606
0.297485,-0.431519,0.903442
-0.521973,0.059082,0.812378
0.459229,-0.162354,1.078125
-0.234741,-0.269043,0.761963
-0.106934,0.135498,1.002686
0.314453,-0.433594,0.909302
-0.541870,0.017822,0.775879
0.444458,-0.164307,1.089111
-0.206543,-0.318115,0.731323
-0.159668,0.165527,0.991943
0.332520,-0.363403,0.926514
-0.567505,0.014404,0.774048
0.437744,-0.202271,1.081299
-0.175293,-0.333984,0.743530
-0.234009,0.176270,0.961670
0.366455,-0.343628,0.946533
-0.572998,0.003052,0.747681
0.387817,-0.164673,1.063354
-0.155518,-0.374023,0.751221
-0.285400,0.173584,0.940918
0.406860,-0.359253,0.961914
-0.566040,0.007568,0.748291
0.294067,-0.081299,1.057983
-0.100464,-0.338623,0.807007
-0.329224,0.146606,0.927490
0.400635,-0.337280,0.981445
-0.549438,-0.046143,0.714600
0.242676,-0.025269,1.042358
-0.043945,-0.369873,0.801636
-0.396973,0.190063,0.906250
0.411987,-0.304199,0.987915
-0.532837,-0.052612,0.730225
0.192139,-0.013062,1.033081
-0.006958,-0.414185,0.805542
-0.443359,0.169556,0.874268
0.416748,-0.272583,0.998657
-0.505737,-0.086060,0.716797
0.136719,0.051147,1.030518
0.040894,-0.395386,0.818237
-0.501831,0.146362,0.837280
0.439331,-0.301514,0.990234
-0.484131,-0.119873,0.718994
0.082764,0.097290,1.016479
0.096558,-0.390259,0.830811
-0.520386,0.141724,0.838013
0.440796,-0.292358,1.004395
-0.451172,-0.134399,0.731323
0.037598,0.142578,1.024414
0.118652,-0.397827,0.818970
-0.543945,0.123901,0.815674
0.454224,-0.264771,1.019653
-0.411743,-0.182495,0.726318
-0.004272,0.136230,1.009033
0.141357,-0.420410,0.824097
-0.546509,0.114136,0.816772
0.453979,-0.247803,1.024414
-0.387695,-0.186279,0.723633
-0.039429,0.141357,0.988281
0.199951,-0.419067,0.849854
-0.571655,0.117310,0.798218
0.431885,-0.204834,1.031372
-0.323242,-0.248169,0.711792
-0.084473,0.182983,0.978882
0.225952,-0.398315,0.858032
-0.580811,0.084839,0.784546
0.420288,-0.211548,1.024658
-0.289062,-0.300659,0.701416
-0.111938,0.162842,0.968872
0.259644,-0.384399,0.869385
-0.598389,0.100464,0.781616
0.409912,-0.196655,1.020996
-0.244385,-0.333252,0.695801
-0.153320,0.179077,0.959839
0.281128,-0.355347,0.888306
-0.611084,0.088257,0.758545
0.404907,-0.194702,1.022827
-0.203857,-0.359497,0.705200
-0.187988,0.164673,0.945801
0.299438,-0.344971,0.895142
-0.631226,0.082153,0.736694
0.391724,-0.198853,1.013794
-0.150146,-0.392822,0.714722
-0.242676,0.171631,0.912964
0.334473,-0.334961,0.904663
-0.635132,0.098389,0.727539
0.342896,-0.161987,0.999634
-0.116455,-0.411255,0.734741
-0.283081,0.159424,0.910400
0.347290,-0.311890,0.911865
-0.596069,0.083984,0.720093
0.304565,-0.110596,0.979004
-0.066406,-0.378052,0.762939
-0.346436,0.163574,0.878174
0.375366,-0.308838,0.933228
-0.609131,0.039429,0.677368
0.260376,-0.039429,0.998779
-0.027344,-0.431152,0.762817
-0.383789,0.199219,0.881836
0.383301,-0.272949,0.944946
-0.575562,-0.003052,0.699707
0.207520,-0.036255,0.986328
-0.002686,-0.425903,0.775391
-0.430908,0.189697,0.854004
0.409302,-0.253296,0.963867
-0.544189,-0.013672,0.704468
0.161987,0.042847,0.997314
0.032959,-0.390137,0.793091
-0.475586,0.203247,0.847046
0.427002,-0.287231,0.948730
-0.525635,-0.041748,0.705444
0.119873,0.070190,1.000366
0.081909,-0.422363,0.802856
-0.502808,0.211426,0.845215
0.426758,-0.226562,0.973022
-0.474854,-0.100586,0.715088
0.073364,0.112183,1.023071
0.118896,-0.428711,0.804321
-0.521118,0.188965,0.833252
0.441406,-0.212891,0.992065
-0.429199,-0.107666,0.730591
0.042236,0.158203,1.020752
0.165771,-0.417847,0.832520
-0.577515,0.176025,0.811157
0.444336,-0.229004,0.988403
-0.361572,-0.148438,0.744263
-0.011108,0.192627,1.001221
0.208008,-0.412109,0.848145
-0.582031,0.139160,0.786133
0.455688,-0.224121,1.005127
-0.294067,-0.197388,0.751831
-0.072510,0.203369,0.976562
0.244873,-0.377808,0.852051
-0.577148,0.118774,0.781494
0.434204,-0.194336,1.014526
-0.234253,-0.283813,0.724121
-0.098145,0.200928,0.965210
0.277100,-0.373291,0.874268
-0.593872,0.121338,0.780151
0.441528,-0.195435,1.019287
-0.196899,-0.293213,0.743408
-0.127930,0.181152,0.954224
0.295288,-0.351807,0.885986
-0.599487,0.124146,0.761597
0.425537,-0.158691,1.014160
-0.136719,-0.334717,0.750000
-0.173584,0.188721,0.925171
0.321899,-0.363281,0.906738
-0.597900,0.083252,0.754028
0.421631,-0.155762,1.028320
-0.112427,-0.354736,0.739502
-0.221069,0.215210,0.920776
0.351440,-0.343994,0.901245
-0.574585,0.072998,0.763184
0.378662,-0.140503,1.015625
-0.076416,-0.375366,0.750854
-0.234985,0.215332,0.907471
0.355957,-0.329590,0.903564
-0.592285,0.074829,0.742554
0.369141,-0.156860,1.009155
-0.051147,-0.405884,0.758423
-0.259399,0.204834,0.893188
0.379517,-0.322510,0.909912
-0.579956,0.056641,0.734375
0.344727,-0.110229,1.005981
-0.015503,-0.390137,0.788452
-0.290894,0.158569,0.862915
0.386230,-0.303589,0.925781
-0.552368,0.047485,0.735229
0.312012,-0.060303,0.994263
-0.011108,-0.402100,0.751343
-0.315674,0.165283,0.857056
0.407593,-0.321777,0.931885
-0.546753,0.015747,0.737427
0.281860,-0.059326,0.983154
-0.000488,-0.426880,0.757690
-0.335083,0.173340,0.857422
0.421631,-0.311646,0.935547
-0.531250,-0.002563,0.740112
0.266846,-0.065674,1.002197
0.016846,-0.450684,0.760376
-0.361206,0.167969,0.843750
0.420898,-0.299683,0.952393
-0.504517,-0.059814,0.744507
0.241333,-0.039795,1.004761
0.037598,-0.437012,0.756226
-0.389893,0.176636,0.827271
0.439697,-0.320312,0.954224
-0.495117,-0.104126,0.741577
0.215454,-0.036377,1.012817
0.065552,-0.456909,0.772095
-0.407959,0.168457,0.817383
0.440186,-0.274780,0.964722
-0.454224,-0.088867,0.750977
0.170654,0.007324,1.010620
0.085205,-0.462402,0.777222
-0.441040,0.129761,0.807861
0.460815,-0.287842,0.973145
-0.442993,-0.089478,0.758423
0.115112,0.055908,1.014893
0.135742,-0.474243,0.802979
-0.481079,0.122559,0.784668
0.458740,-0.263184,0.982300
-0.408203,-0.138550,0.738770
0.049927,0.093384,1.003662
0.192993,-0.483521,0.825928
-0.510010,0.088867,0.764404
0.454224,-0.232300,1.001831
-0.345215,-0.191528,0.753052
-0.016113,0.162476,1.010376
0.258179,-0.471313,0.860718
-0.544678,0.086304,0.750854
0.443604,-0.248657,0.995605
-0.260254,-0.226807,0.775146
-0.070435,0.176147,1.002319
0.292358,-0.442871,0.888306
-0.558350,0.041748,0.745483
0.434814,-0.215332,1.030884
-0.150757,-0.295044,0.792114
-0.144897,0.206055,0.977783
0.336304,-0.393433,0.921997
-0.555298,0.018921,0.757812
0.406860,-0.201660,1.032837
-0.088989,-0.353638,0.801147
-0.189331,0.180176,0.946655
0.369385,-0.350586,0.934570
-0.539673,-0.007446,0.767090
0.380981,-0.184082,1.025391
-0.011353,-0.415649,0.800537
-0.243652,0.159180,0.915283
0.398438,-0.366821,0.940186
-0.522339,-0.032959,0.753296
0.314697,-0.116577,1.013916
0.041870,-0.463257,0.788086
-0.292969,0.146118,0.893677
0.447021,-0.366943,0.955811
-0.510986,-0.068359,0.729492
0.245605,-0.048706,1.008179
0.084595,-0.482544,0.793701
-0.322876,0.108154,0.872681
0.453125,-0.322266,0.988770
-0.472168,-0.103271,0.736694
0.215210,0.010010,1.035767
0.112305,-0.461182,0.809448
-0.398438,0.139038,0.872681
0.484009,-0.360840,0.979004
-0.441528,-0.123779,0.751587
0.164551,0.034302,1.024536
0.141479,-0.458862,0.836426
-0.413818,0.111938,0.849243
0.496216,-0.309082,1.023315
-0.408936,-0.163086,0.750488
0.112793,0.069458,1.032593
0.191772,-0.488403,0.839600
-0.423706,0.071045,0.825073
0.487915,-0.275635,1.034302
-0.379150,-0.185669,0.753906
0.087036,0.079834,1.038452
0.245850,-0.493774,0.874390
-0.462524,0.050781,0.792725
0.497437,-0.276123,1.038330
-0.326782,-0.209351,0.771240
0.038940,0.098022,1.028198
0.299561,-0.503296,0.887939
-0.473999,0.025146,0.776001
0.494385,-0.247192,1.057007
-0.279297,-0.212891,0.792847
-0.014893,0.135742,1.018799
0.328735,-0.491943,0.910767
-0.467529,0.021362,0.776489
0.478516,-0.182129,1.079468
-0.229004,-0.212036,0.818604
-0.052368,0.161987,1.037598
0.367676,-0.527100,0.915527
-0.480225,0.008057,0.784180
0.465698,-0.169556,1.074219
-0.180664,-0.222656,0.821411
-0.091187,0.183716,1.022705
0.394287,-0.476929,0.956787
-0.471924,-0.034424,0.800781
0.460327,-0.147583,1.095093
-0.135254,-0.245728,0.829468
-0.122803,0.215820,1.029785
0.423950,-0.416992,0.976440
-0.458252,-0.047607,0.806152
0.432617,-0.141968,1.096924
-0.081421,-0.314209,0.829102
-0.134399,0.173584,1.011719
0.458374,-0.384888,1.008789
-0.468018,-0.038452,0.797607
0.402344,-0.143188,1.091309
0.000244,-0.393677,0.843872
-0.156128,0.150513,0.997803
0.472900,-0.326660,1.037109
-0.466431,-0.051025,0.782837
0.385498,-0.105713,1.093384
0.063599,-0.424561,0.860962
-0.204956,0.149292,0.985474
0.479614,-0.303589,1.056274
-0.435791,-0.079102,0.789307
0.365356,-0.061646,1.100464
0.082642,-0.406372,0.863770
-0.238403,0.154785,0.986084
0.500000,-0.314941,1.068848
-0.426758,-0.113159,0.788818
0.347412,-0.044189,1.108643
0.088013,-0.377686,0.883911
-0.270874,0.168701,0.979614
0.529907,-0.303223,1.082886
-0.405762,-0.149048,0.795410
0.318848,-0.013550,1.124878
0.117432,-0.392944,0.895630
-0.316284,0.191895,0.959839
0.566040,-0.322021,1.097168
-0.370361,-0.187012,0.801025
0.288086,0.014771,1.116821
0.132690,-0.381714,0.898926
-0.321167,0.174561,0.949341
0.574829,-0.296875,1.112427
-0.359375,-0.195068,0.801392
0.266357,0.000854,1.120117
0.183838,-0.454834,0.908813
-0.364136,0.160156,0.922363
0.562500,-0.287109,1.096558
-0.329468,-0.179321,0.826416
0.229858,0.060425,1.124146
0.227905,-0.442017,0.947632
-0.353149,0.143921,0.925781
0.545654,-0.262329,1.108398
-0.320801,-0.225220,0.824463
0.220703,0.058228,1.132080
0.258667,-0.441406,0.945557
-0.377197,0.157104,0.912354
0.561035,-0.250732,1.112549
-0.277100,-0.236328,0.839111
0.193115,0.048828,1.115601
0.271851,-0.422607,0.959839
-0.384888,0.126709,0.880737
0.572632,-0.239502,1.116577
-0.255859,-0.225586,0.845947
0.151245,0.096436,1.122559
0.308960,-0.434937,0.960693
-0.405518,0.110107,0.869873
0.574219,-0.226440,1.138550
-0.233643,-0.221436,0.857300
0.093384,0.123169,1.104248
0.345337,-0.424561,0.997070
-0.410034,0.077271,0.873169
0.547241,-0.153564,1.161865
-0.209473,-0.218140,0.859375
0.057007,0.146851,1.120605
0.379395,-0.447998,0.998169
-0.421631,0.051025,0.873047
0.549438,-0.137085,1.165405
-0.130371,-0.238159,0.884399
-0.033813,0.225830,1.114624
0.424561,-0.410889,1.013794
-0.416504,-0.011719,0.858521
0.525513,-0.126221,1.176392
-0.040161,-0.294800,0.893921
-0.090698,0.240601,1.094116
0.453979,-0.360474,1.032959
-0.441895,-0.025391,0.839111
0.502808,-0.114624,1.186768
0.016968,-0.338501,0.894531
-0.136841,0.228760,1.083618
0.466797,-0.298340,1.069214
-0.452637,-0.053223,0.820801
0.462524,-0.114136,1.176880
0.051147,-0.357544,0.913086
-0.220093,0.251587,1.067383
0.505127,-0.289673,1.078979
-0.414429,-0.108398,0.812256
0.372314,-0.056519,1.162842
0.114624,-0.391846,0.926514
-0.282349,0.202393,1.005249
0.544556,-0.249878,1.122192
-0.350830,-0.161255,0.822144
0.267822,0.022339,1.138184
0.204956,-0.425781,0.934204
-0.348877,0.133423,0.941406
0.564087,-0.231567,1.130737
-0.303467,-0.206299,0.819824
0.156494,0.100830,1.111450
0.277100,-0.425659,0.955322
-0.399048,0.088013,0.907104
0.563354,-0.208252,1.151855
-0.263672,-0.236328,0.823242
0.074707,0.159058,1.106812
0.329468,-0.383423,0.978394
-0.420532,0.040039,0.880859
0.555786,-0.211548,1.157593
-0.181152,-0.310791,0.831543
-0.001587,0.162720,1.092651
0.356201,-0.360718,0.982178
-0.452026,0.037109,0.844849
0.554810,-0.194824,1.163330
-0.070679,-0.376709,0.850586
-0.076294,0.180908,1.072021
0.390259,-0.364990,0.982788
-0.467407,0.014404,0.833374
0.511841,-0.158569,1.160889
-0.047363,-0.356812,0.867554
-0.137085,0.166138,1.047485
0.429810,-0.329102,1.016113
-0.491577,0.018066,0.814575
0.469360,-0.136475,1.148438
-0.016846,-0.341675,0.881470
-0.207031,0.182007,1.047119
0.444214,-0.289917,1.059937
-0.490967,-0.040039,0.786987
0.422485,-0.072876,1.161865
0.021729,-0.359619,0.880127
-0.284790,0.229492,1.017700
0.476318,-0.290039,1.067261
-0.453979,-0.080322,0.782471
0.349487,-0.057861,1.130493
0.040894,-0.352051,0.881714
-0.316895,0.171509,0.972656
0.500854,-0.301514,1.073730
-0.427490,-0.121094,0.772583
0.279297,0.013794,1.127930
0.085815,-0.367554,0.884521
-0.364746,0.145996,0.932129
0.512451,-0.303589,1.071289
-0.393677,-0.151245,0.783081
0.208496,0.047363,1.106934
0.131592,-0.390137,0.895386
-0.395752,0.135864,0.910767
0.510864,-0.258423,1.083374
-0.372681,-0.187134,0.774170
0.149536,0.090454,1.093506
0.175415,-0.430786,0.883789
-0.437744,0.104858,0.885742
0.522583,-0.251465,1.096436
-0.361572,-0.191895,0.765625
0.082764,0.126831,1.074341
0.226685,-0.421875,0.892578
-0.476685,0.093506,0.847778
0.507080,-0.228882,1.085205
-0.303345,-0.235229,0.784790
0.020508,0.139038,1.063843
0.266479,-0.420898,0.893311
-0.504028,0.046631,0.826782
0.486450,-0.224731,1.081665
-0.216553,-0.324951,0.763062
-0.038940,0.147705,1.034424
0.283569,-0.375610,0.907471
-0.514648,0.027344,0.797607
0.475708,-0.220825,1.081665
-0.192383,-0.340210,0.763550
-0.103516,0.115234,0.993896
0.325684,-0.364380,0.939697
-0.533813,0.017334,0.779663
0.449219,-0.172485,1.086060
-0.174805,-0.331665,0.756226
-0.179321,0.145996,0.988281
0.361694,-0.372314,0.954956
-0.534424,0.015381,0.778442
0.413330,-0.125854,1.097534
-0.156738,-0.328491,0.757080
-0.249023,0.171143,0.975708
0.382568,-0.395020,0.955811
-0.531006,-0.041016,0.759277
0.372314,-0.095337,1.081299
-0.131348,-0.310181,0.774048
-0.302002,0.190430,0.943359
0.402588,-0.344727,0.979492
-0.545044,-0.079712,0.728516
0.317627,-0.095703,1.072388
-0.073730,-0.370117,0.778931
-0.364746,0.198853,0.925659
0.419556,-0.307861,0.992798
-0.523682,-0.095337,0.721313
0.239502,-0.035034,1.058594
-0.001587,-0.399048,0.808716
-0.429443,0.182983,0.899292
0.417603,-0.268188,1.010620
-0.503784,-0.131104,0.719482
0.157959,0.017700,1.039429
0.060669,-0.427979,0.814819
-0.485352,0.154053,0.857178
0.442139,-0.255859,1.021240
-0.428833,-0.170166,0.747192
0.061523,0.086792,1.016724
0.129395,-0.396851,0.847046
-0.523438,0.134155,0.837280
0.442749,-0.235718,1.026978
-0.378662,-0.200684,0.732788
-0.001343,0.107178,1.026001
0.199585,-0.426147,0.860596
-0.505249,-0.009033,0.790771
0.442627,-0.152222,1.099243
-0.285400,-0.264282,0.729248
-0.191772,0.182983,0.996704
0.385254,-0.370972,0.968384
-0.510132,-0.064331,0.768921
0.386963,-0.099243,1.104004
-0.115112,-0.325195,0.775513
-0.287231,0.206421,0.965088
0.417603,-0.360229,0.989868
-0.506836,-0.100586,0.750732
0.329346,-0.091553,1.087769
-0.053589,-0.339111,0.811890
-0.356934,0.188354,0.909180
0.446655,-0.296021,1.014404
-0.487549,-0.126221,0.734253
0.213013,-0.037109,1.067505
0.059082,-0.417725,0.830811
-0.457153,0.191162,0.878662
0.463623,-0.266479,1.028809
-0.434448,-0.150513,0.763306
0.078491,0.067017,1.045410
0.146240,-0.397949,0.859253
-0.504150,0.097534,0.826172
0.485229,-0.243164,1.050293
-0.306152,-0.233521,0.765747
-0.056274,0.130249,1.007935
0.231689,-0.420654,0.872559
-0.533691,0.023071,0.769043
0.450928,-0.204102,1.055542
-0.210205,-0.315674,0.746704
-0.160400,0.169922,0.989624
0.307861,-0.349976,0.908936
-0.581787,0.019775,0.745239
0.401245,-0.168823,1.061279
-0.131836,-0.359009,0.748047
-0.277222,0.194458,0.959595
0.376099,-0.320801,0.961670
-0.574341,-0.016479,0.740601
0.272461,-0.093994,1.027588
-0.057983,-0.409912,0.777100
-0.384033,0.142578,0.892334
0.413696,-0.277832,1.013306
-0.515503,-0.086060,0.701172
0.170288,0.017334,1.037720
0.031128,-0.398560,0.812134
-0.481323,0.177124,0.857422
0.426880,-0.267456,1.012939
-0.464966,-0.157104,0.724609
0.071899,0.104492,1.022095
0.104980,-0.394287,0.822998
-0.547607,0.161499,0.842529
0.455811,-0.280518,1.012695
-0.366455,-0.214355,0.745483
-0.039062,0.174072,0.997437
0.183228,-0.386475,0.841553
-0.547241,0.073853,0.794556
0.441528,-0.239624,1.024658
-0.297607,-0.281616,0.720703
-0.086792,0.157715,0.982666
0.243530,-0.384277,0.867188
-0.590942,0.080811,0.769653
0.416992,-0.191040,1.026611
-0.225342,-0.347046,0.713867
-0.184814,0.166138,0.952637
0.296997,-0.366577,0.894897
-0.598511,0.035889,0.754639
0.384644,-0.164429,1.042603
-0.192627,-0.391968,0.689331
-0.249390,0.162231,0.927734
0.335327,-0.344604,0.912842
-0.597534,0.047119,0.735474
0.343872,-0.138428,1.024170
-0.126709,-0.367554,0.731445
-0.324097,0.177368,0.904053
0.375977,-0.333252,0.935303
-0.602661,0.016968,0.701416
0.266113,-0.091187,1.001221
-0.060303,-0.405151,0.746216
-0.401245,0.218506,0.886597
0.394531,-0.285156,0.954346
-0.553833,-0.059692,0.697388
0.177124,0.009033,1.019165
0.001465,-0.419800,0.784546
-0.484619,0.200195,0.863159
0.421021,-0.268921,0.982910
-0.485352,-0.088501,0.714966
0.087402,0.102539,1.012817
0.078491,-0.417969,0.786621
-0.536621,0.185303,0.830566
0.428101,-0.237671,0.990356
-0.391724,-0.164185,0.732788
0.006226,0.132812,1.012329
0.170532,-0.416870,0.834595
-0.593140,0.166748,0.790039
0.417725,-0.216675,0.988037
-0.299805,-0.250610,0.721069
-0.080566,0.162720,0.976929
0.253540,-0.388794,0.873657
-0.607788,0.140381,0.782715
0.414307,-0.187378,1.012695
-0.200928,-0.320557,0.723267
-0.192627,0.192505,0.946411
0.326782,-0.383301,0.895020
-0.595825,0.089233,0.757935
0.376709,-0.126953,1.019043
-0.150391,-0.331909,0.726685
-0.282349,0.194946,0.902100
0.385864,-0.382568,0.911133
-0.584717,0.035034,0.734619
0.291504,-0.060669,1.016724
-0.085571,-0.370483,0.736572
-0.369629,0.203979,0.875244
0.408447,-0.323975,0.941284
-0.543335,-0.059448,0.709595
0.205444,0.003052,0.996582
-0.018555,-0.389771,0.761108
-0.452515,0.204102,0.848633
0.435791,-0.279053,0.976807
-0.472412,-0.114380,0.725952
0.098877,0.078735,1.009644
0.072754,-0.387329,0.803833
-0.540039,0.218994,0.824097
0.443115,-0.241455,0.987183
-0.370361,-0.179565,0.752686
0.010864,0.139771,1.007690
0.171265,-0.411011,0.825928
-0.569336,0.160767,0.786499
0.437988,-0.183960,1.005371
-0.279785,-0.237183,0.730835
-0.073975,0.187622,0.991943
0.263184,-0.380859,0.864380
-0.599243,0.141235,0.779663
0.427246,-0.167236,1.015137
-0.170166,-0.327881,0.739502
-0.190430,0.206909,0.933472
0.344604,-0.356812,0.900391
-0.591797,0.094604,0.753540
0.369751,-0.111816,1.023438
-0.098877,-0.378540,0.734863
-0.264038,0.188477,0.893921
0.374023,-0.338867,0.901001
-0.569824,0.057739,0.739380
0.315186,-0.088501,1.000488
-0.043457,-0.411255,0.742676
-0.331055,0.177124,0.858276
0.420166,-0.296021,0.939453
-0.547729,0.035889,0.731812
0.204590,0.015869,0.983521
0.025024,-0.398315,0.779907
-0.397949,0.139282,0.832764
0.434326,-0.278931,0.967163
-0.517578,-0.045044,0.721191
0.158813,0.063721,1.001465
0.068970,-0.408813,0.781128
-0.473267,0.167847,0.821289
0.464111,-0.260620,0.989502
-0.446899,-0.098511,0.747803
0.063965,0.144531,1.008789
0.127686,-0.400635,0.805420
-0.513550,0.142822,0.807617
0.468262,-0.250488,0.997925
-0.387207,-0.134277,0.762939
0.011230,0.153687,0.996582
0.198730,-0.417603,0.846069
-0.556885,0.151855,0.778198
0.442139,-0.182983,1.007812
-0.288940,-0.189697,0.769653
-0.058960,0.158813,0.993652
0.238159,-0.443359,0.849243
-0.570312,0.124390,0.767944
0.445190,-0.184082,1.015015
-0.203735,-0.223145,0.769287
-0.119995,0.217773,0.974609
0.307129,-0.404541,0.891968
-0.578247,0.076904,0.761719
0.419434,-0.181519,1.008179
-0.161011,-0.265625,0.775879
-0.167969,0.199707,0.951294
0.361694,-0.376831,0.929688
-0.571899,0.050781,0.752808
0.386719,-0.124756,1.022583
-0.075684,-0.359985,0.759766
-0.246826,0.206055,0.908203
0.377930,-0.352417,0.923340
-0.533447,-0.019897,0.765015
0.334839,-0.115356,1.006714
-0.017700,-0.416260,0.754639
-0.328979,0.197388,0.858521
0.412964,-0.313965,0.937866
-0.508667,-0.054565,0.750610
0.265137,-0.088501,0.984741
0.025146,-0.466309,0.756348
-0.356079,0.163330,0.844482
0.436035,-0.267944,0.956421
-0.495972,-0.005615,0.756592
0.191284,0.003296,1.013794
0.086914,-0.492920,0.778687
-0.409790,0.122559,0.810913
0.446533,-0.275513,0.968994
-0.462891,-0.075562,0.749023
0.115234,0.079102,1.006714
0.147217,-0.475220,0.813232
-0.491333,0.114380,0.787842
0.453491,-0.263916,0.989868
-0.384033,-0.156128,0.741455
0.032837,0.161255,1.020752
0.210938,-0.445190,0.843018
-0.526489,0.079468,0.766724
0.454224,-0.243042,1.011597
-0.296143,-0.214722,0.767456
-0.053467,0.184082,1.012573
0.263184,-0.454346,0.855225
-0.542358,0.049683,0.748535
0.447754,-0.226318,1.013672
-0.212646,-0.238281,0.791748
-0.115967,0.202759,0.992798
0.310303,-0.399536,0.901611
-0.554321,0.024780,0.753662
0.422241,-0.219971,1.016602
-0.138794,-0.321899,0.787964
-0.153076,0.188477,0.969971
0.342529,-0.368774,0.916504
-0.547852,0.033325,0.759277
0.403809,-0.182373,1.033325
-0.051880,-0.388306,0.794312
-0.227661,0.181274,0.932739
0.391724,-0.384277,0.931030
-0.521118,-0.042847,0.747681
0.356689,-0.148071,1.021851
-0.002563,-0.419067,0.787476
-0.273193,0.183350,0.912109
0.427490,-0.367310,0.952026
-0.504272,-0.082031,0.745239
0.281250,-0.092651,1.002441
0.050293,-0.469849,0.789795
-0.322266,0.145020,0.877563
0.450928,-0.366211,0.970581
-0.483154,-0.097168,0.755371
0.229614,-0.030884,1.019653
0.086060,-0.443970,0.786865
-0.373047,0.113770,0.846069
0.467529,-0.317993,1.004883
-0.453735,-0.148682,0.747437
0.165283,-0.004150,1.019653
0.151367,-0.477295,0.813354
-0.432617,0.147461,0.829102
0.480835,-0.285400,0.995850
-0.377563,-0.180054,0.763550
0.088745,0.050049,1.016357
0.214966,-0.496704,0.841431
-0.461670,0.076294,0.779785
0.484985,-0.257446,1.025757
-0.311279,-0.172363,0.797485
-0.001465,0.113647,1.026489
0.289429,-0.506104,0.870972
-0.487183,0.042114,0.772583
0.470459,-0.233643,1.031128
-0.223389,-0.213867,0.829224
-0.089478,0.161499,1.012329
0.344727,-0.484497,0.911621
-0.503418,0.031250,0.779907
0.438721,-0.169189,1.067261
-0.139771,-0.271606,0.827881
-0.140259,0.181396,1.009521
0.393311,-0.445190,0.942505
-0.502075,-0.031006,0.766113
0.406128,-0.140381,1.070435
-0.028931,-0.356812,0.819824
-0.199219,0.197754,0.986328
0.437622,-0.393433,0.978638
-0.466187,-0.077271,0.772949
0.338135,-0.077881,1.064575
0.066284,-0.409424,0.836548
-0.265015,0.153198,0.947632
0.478882,-0.351318,1.019043
-0.444458,-0.109497,0.774658
0.264282,-0.029785,1.048950
0.114380,-0.420410,0.839233
-0.330322,0.116333,0.902222
0.507080,-0.285645,1.059082
-0.386841,-0.167725,0.765137
0.147461,0.060181,1.054443
0.230591,-0.499390,0.864014
-0.417114,0.066528,0.857178
0.523682,-0.279419,1.064941
-0.300415,-0.211182,0.791016
0.042358,0.137939,1.046021
0.317017,-0.492188,0.916870
-0.450684,0.026489,0.815674
0.494873,-0.198608,1.088623
-0.201294,-0.249390,0.813721
-0.043213,0.174316,1.054077
0.395752,-0.439575,0.966919
-0.481567,0.009766,0.806763
0.470337,-0.150757,1.104858
-0.078979,-0.295410,0.844360
-0.127686,0.204224,1.038086
0.447266,-0.389404,1.003052
-0.454834,-0.037964,0.805298
0.407104,-0.103760,1.105835
0.052368,-0.371582,0.880981
-0.219360,0.210327,1.015259
0.498291,-0.352905,1.040527
-0.415771,-0.086426,0.809448
0.337402,-0.035645,1.109009
0.093506,-0.385254,0.876831
-0.284546,0.189209,0.981201
0.526855,-0.280762,1.079224
-0.361816,-0.166870,0.810303
0.252563,0.001465,1.095947
0.181274,-0.407471,0.916260
-0.346436,0.121460,0.906128
0.539673,-0.254272,1.098633
-0.312012,-0.197632,0.826904
0.176880,0.071777,1.101807
0.274292,-0.440674,0.947510
-0.397583,0.086670,0.869995
0.539917,-0.216797,1.107910
-0.235962,-0.215942,0.852295
0.067749,0.119019,1.082764
0.348022,-0.453369,0.977051
-0.421997,0.040894,0.833740
0.532227,-0.142090,1.147949
-0.155640,-0.226685,0.862549
-0.023071,0.207764,1.080200
0.411377,-0.434570,0.996094
-0.443848,-0.013428,0.843628
0.495483,-0.141235,1.145386
-0.061279,-0.283936,0.886475
-0.090942,0.244019,1.093506
0.462036,-0.380005,1.038818
-0.446777,-0.044067,0.825562
0.467407,-0.106812,1.155396
0.052124,-0.363037,0.898193
-0.158936,0.222778,1.069580
0.491455,-0.320923,1.064453
-0.436279,-0.059082,0.820068
0.411255,-0.074585,1.146851
0.080444,-0.369385,0.918579
-0.220093,0.206665,1.044922
0.521118,-0.264404,1.107422
-0.412598,-0.077026,0.810791
0.345459,-0.016479,1.141235
0.164673,-0.412109,0.947632
-0.306274,0.191772,1.008667
0.568481,-0.268555,1.136475
-0.367798,-0.129150,0.823242
0.253784,0.067261,1.135742
0.223511,-0.403687,0.956543
-0.315063,0.097046,0.940308
0.574341,-0.242554,1.149414
-0.305786,-0.173218,0.836670
0.156250,0.136963,1.113770
0.303101,-0.445435,0.964233
-0.367310,0.068970,0.909790
0.550659,-0.218994,1.142456
-0.248413,-0.208618,0.843628
0.096680,0.181519,1.117310
0.346436,-0.385986,0.996948
-0.417358,0.041138,0.887207
0.554443,-0.187988,1.167969
-0.154175,-0.250244,0.875854
-0.003784,0.223022,1.108643
0.408447,-0.375244,1.008789
-0.437866,-0.001587,0.853638
0.519775,-0.162476,1.166504
-0.042114,-0.329468,0.890991
-0.045654,0.184082,1.093140
0.427490,-0.340820,1.024170
-0.459106,0.005981,0.842163
0.515381,-0.144043,1.180786
0.004150,-0.361328,0.890869
-0.137939,0.191895,1.073120
0.467163,-0.310669,1.074951
-0.446777,-0.035034,0.831421
0.464844,-0.099243,1.180908
0.020386,-0.363892,0.888794
-0.215942,0.218506,1.049316
0.512817,-0.280640,1.106445
-0.427734,-0.089844,0.810181
0.396729,-0.061890,1.158813
0.075928,-0.352051,0.912476
-0.255615,0.181885,1.010010
0.536133,-0.266357,1.120239
-0.412598,-0.114624,0.809570
0.314331,-0.010864,1.147949
0.143921,-0.394165,0.926514
-0.310547,0.156128,0.971436
0.562744,-0.268677,1.119873
-0.380127,-0.121582,0.810303
0.211914,0.045532,1.117798
0.235474,-0.432373,0.937988
-0.366333,0.126953,0.933228
0.551147,-0.232422,1.124512
-0.322021,-0.179688,0.815796
0.142212,0.090454,1.094116
0.279541,-0.407349,0.959839
-0.408936,0.092163,0.900879
0.552856,-0.205566,1.142212
-0.250122,-0.237183,0.825684
0.053101,0.147705,1.093628
0.314575,-0.391724,0.959106
-0.448364,0.022827,0.861084
0.544556,-0.203247,1.146729
-0.140137,-0.317627,0.841553
-0.003296,0.185059,1.081299
0.334106,-0.361816,0.948853
-0.476440,0.015991,0.818726
0.520874,-0.242188,1.126343
-0.100464,-0.391846,0.818359
-0.047607,0.185791,1.097168
0.349487,-0.340698,0.956299
-0.499023,0.021484,0.819824
0.513306,-0.215820,1.145874
-0.069092,-0.365601,0.837280
-0.125122,0.192749,1.064941
0.386963,-0.323120,0.986450
-0.512695,-0.008545,0.783203
0.471680,-0.174927,1.140625
-0.048096,-0.369751,0.848267
-0.195557,0.193237,1.035889
0.421143,-0.296387,1.026367
-0.501465,-0.049072,0.774048
0.408569,-0.134644,1.135986
-0.036621,-0.399048,0.833374
-0.247559,0.193726,1.015137
0.447266,-0.320435,1.028931
-0.502930,0.007324,0.778076
0.346436,-0.068970,1.112915
0.023438,-0.398560,0.863647
-0.304321,0.163696,0.982422
0.458862,-0.290894,1.053833
-0.470215,-0.068359,0.758423
0.280273,-0.004028,1.102417
0.061157,-0.380005,0.870239
-0.347046,0.149170,0.952515
0.478027,-0.272095,1.060913
-0.436523,-0.149170,0.750244
0.203247,0.036377,1.093018
0.109253,-0.418457,0.874512
-0.409546,0.143311,0.905762
0.485352,-0.262207,1.063721
-0.410767,-0.173462,0.764404
0.151489,0.043335,1.074097
0.160522,-0.421387,0.882446
-0.445068,0.143677,0.879395
0.480103,-0.213379,1.067139
-0.393555,-0.166504,0.769775
0.084717,0.049194,1.053589
0.211548,-0.428223,0.898071
-0.486328,0.089844,0.830811
0.479370,-0.190918,1.073120
-0.308594,-0.237427,0.770508
-0.010376,0.102539,1.030640
0.265137,-0.410645,0.905640
-0.510864,0.048218,0.807373
0.455200,-0.186646,1.069824
-0.221069,-0.286011,0.757690
-0.103760,0.151001,1.006592
0.311401,-0.392090,0.915527
-0.533325,0.010498,0.784058
0.438477,-0.180054,1.087280
-0.179443,-0.347412,0.742188
-0.206665,0.164795,0.985474
0.357422,-0.347656,0.949585
-0.548218,-0.005981,0.755981
0.382446,-0.140503,1.079224
-0.120483,-0.355103,0.776611
-0.274536,0.173340,0.948486
0.385620,-0.327881,0.969482
-0.558350,-0.020752,0.738892
0.314819,-0.088501,1.068604
-0.060303,-0.353394,0.803955
-0.375000,0.186523,0.910522
0.412109,-0.316162,0.988159
-0.514893,-0.080200,0.718262
0.233276,-0.032227,1.052002
-0.002319,-0.397827,0.802979
-0.450806,0.201904,0.887817
0.437134,-0.311890,0.995728
-0.500244,-0.114868,0.725830
0.136108,0.035645,1.025269
0.068970,-0.380371,0.835938
-0.484863,0.164429,0.852295
0.452148,-0.263916,1.023071
-0.461060,-0.162598,0.726929
0.060913,0.077148,1.029541
0.147217,-0.430298,0.834595
-0.537842,0.126221,0.814331
0.444946,-0.217651,1.033691
-0.348389,-0.215454,0.747681
-0.025879,0.121948,1.009766
0.212036,-0.460449,0.850708
-0.568115,0.090454,0.775391
0.449219,-0.197388,1.043091
-0.277710,-0.245361,0.739624
-0.118652,0.154297,0.975830
0.283081,-0.436890,0.887817
-0.585938,0.034546,0.743164
0.403076,-0.149902,1.050659
-0.217285,-0.333130,0.708740
-0.205322,0.182739,0.972046
0.320801,-0.392212,0.895020
-0.597778,0.042969,0.745483
0.378296,-0.162109,1.043091
-0.147339,-0.377319,0.743286
-0.297363,0.172729,0.920654
0.334351,-0.337891,0.912598
-0.586304,0.030884,0.732666
0.320557,-0.123047,1.030518
-0.101440,-0.397095,0.750122
-0.357666,0.180542,0.893188
0.376099,-0.326416,0.942505
-0.576904,-0.020508,0.706299
0.259644,-0.052368,1.022949
-0.061768,-0.394775,0.765381
-0.434204,0.186401,0.879883
0.407104,-0.299438,0.975708
-0.529541,-0.068726,0.701050
0.146362,0.046875,1.001831
0.013550,-0.378784,0.808350
-0.500488,0.168579,0.837769
0.414551,-0.263916,0.987183
-0.472656,-0.140015,0.700928
0.077881,0.120972,1.024170
0.088501,-0.402222,0.798218
-0.572632,0.183838,0.824951
0.438721,-0.293945,0.983521
-0.396240,-0.184204,0.728271
0.008667,0.125488,0.985474
0.155640,-0.397949,0.823242
-0.583740,0.145020,0.790527
0.439453,-0.230469,1.015503
-0.323242,-0.237305,0.730103
-0.059937,0.134155,0.971436
0.215332,-0.405640,0.839478
-0.603027,0.159790,0.795410
0.432739,-0.202515,1.019287
-0.252075,-0.307739,0.715210
-0.122925,0.179077,0.965088
0.237061,-0.380249,0.861816
-0.589844,0.095825,0.762085
0.424561,-0.192383,1.014404
-0.226562,-0.297974,0.709717
-0.177734,0.216919,0.958740
0.298584,-0.376465,0.873535
-0.606323,0.074463,0.752197
0.394653,-0.178711,1.014648
-0.166504,-0.357300,0.717285
-0.231812,0.199585,0.925171
0.335205,-0.336060,0.901123
-0.612549,0.067627,0.727905
0.354248,-0.143677,1.010498
-0.117065,-0.389404,0.722900
-0.276855,0.173584,0.896729
0.365356,-0.312622,0.919922
-0.601929,0.059082,0.721924
0.303955,-0.097290,1.006958
-0.062378,-0.423584,0.735474
-0.338013,0.178711,0.880981
0.376831,-0.278442,0.930908
-0.568726,0.040771,0.718994
0.228760,-0.041382,0.981567
-0.005737,-0.410034,0.771484
-0.407593,0.164307,0.844971
0.400391,-0.257446,0.956787
-0.537842,-0.023560,0.700928
0.164795,0.034180,0.982300
0.046631,-0.401245,0.784180
-0.473022,0.188843,0.841797
0.427490,-0.249512,0.975342
-0.482910,-0.075928,0.721924
0.092651,0.105835,1.006104
0.086060,-0.404785,0.801880
-0.525024,0.165771,0.828735
0.439453,-0.237183,0.999268
-0.418701,-0.118286,0.740234
0.041626,0.177002,1.016235
0.146973,-0.396240,0.819702
-0.557129,0.146973,0.798096
0.440796,-0.223755,0.995605
-0.339600,-0.183472,0.734375
-0.013794,0.193237,1.007690
0.217407,-0.401611,0.845337
-0.590820,0.156982,0.781128
0.440552,-0.192261,1.010620
-0.271851,-0.212158,0.749268
-0.090210,0.190430,0.983643
0.265259,-0.412842,0.866211
-0.593262,0.138184,0.782104
0.437378,-0.152710,1.026489
-0.192261,-0.265259,0.758667
-0.162598,0.190186,0.940918
0.322632,-0.382446,0.899902
-0.599609,0.108276,0.747314
0.401489,-0.130249,1.022827
-0.126465,-0.332886,0.753784
-0.224487,0.192627,0.916992
0.357422,-0.365356,0.907104
-0.582764,0.051270,0.741821
0.359131,-0.108887,1.010010
-0.062744,-0.366943,0.751465
-0.295044,0.231079,0.892944
0.400024,-0.340698,0.919189
-0.552002,-0.001465,0.729126
0.281616,-0.043701,1.007202
-0.017212,-0.401489,0.747803
-0.372192,0.197021,0.848999
0.436890,-0.302124,0.951538
-0.515503,-0.062744,0.730591
0.173584,-0.010864,0.992432
0.049561,-0.402710,0.794189
-0.436890,0.160767,0.821045
0.435059,-0.228027,0.974731
-0.437012,-0.097778,0.752319
0.082886,0.098633,1.015747
0.141846,-0.454224,0.819702
-0.532349,0.124268,0.778442
0.435059,-0.205933,0.983398
-0.322510,-0.142822,0.757935
-0.031372,0.195801,1.010986
0.255005,-0.398071,0.879639
-0.581055,0.091309,0.744873
0.419800,-0.183472,1.014526
-0.192505,-0.272217,0.764160
-0.127930,0.187988,0.962036
0.335327,-0.401123,0.907227
-0.588135,0.082642,0.748169
0.380615,-0.113159,1.020264
-0.067139,-0.388916,0.755005
-0.229614,0.195435,0.910889
0.385620,-0.355347,0.914429
-0.549316,0.046509,0.764771
0.311768,-0.081421,0.996826
0.003662,-0.460083,0.747803
-0.337158,0.161499,0.855103
0.428223,-0.293823,0.959351
-0.514282,-0.006592,0.744263
0.187866,0.026611,1.002319
0.075439,-0.441406,0.793213
-0.411133,0.108643,0.824219
0.448242,-0.250854,0.981567
-0.454590,-0.052856,0.749268
0.071533,0.143921,1.006592
0.154663,-0.411011,0.819214
-0.504639,0.068726,0.778442
0.448486,-0.261353,0.990967
-0.344604,-0.158447,0.767334
-0.011230,0.178955,1.005005
0.225342,-0.368896,0.859863
-0.547852,0.056396,0.748657
0.446899,-0.247192,1.011230
-0.215088,-0.302246,0.769531
-0.087891,0.207642,1.001587
0.286743,-0.368286,0.879883
-0.585938,0.104736,0.759766
0.419678,-0.218384,1.015015
-0.098267,-0.367798,0.789795
-0.159668,0.182007,0.956543
0.331177,-0.355103,0.899780
-0.565552,0.063110,0.751221
0.387695,-0.179688,1.017578
-0.039062,-0.403198,0.784058
-0.255981,0.176025,0.906128
0.402222,-0.373047,0.932983
-0.502319,-0.033203,0.760742
0.172974,0.016479,0.997925
0.063232,-0.453979,0.768799
-0.420654,0.157227,0.824219
0.427490,-0.232666,0.971313
-0.463013,-0.095215,0.735229
0.107178,0.068604,1.011597
0.119263,-0.442749,0.805664
-0.500000,0.144043,0.796753
0.451172,-0.226807,0.992432
-0.373657,-0.149292,0.748169
0.002319,0.147461,0.999023
0.206177,-0.425293,0.839233
-0.542358,0.104004,0.777344
0.461060,-0.217773,1.012329
-0.272705,-0.205444,0.772583
-0.097168,0.178467,0.980347
0.285034,-0.439575,0.876465
-0.551392,0.061890,0.747437
0.433472,-0.166748,1.037842
-0.161621,-0.272095,0.771606
-0.173828,0.193481,0.935913
0.334351,-0.363525,0.903809
-0.553955,0.039307,0.754150
0.403320,-0.148804,1.034790
-0.082642,-0.371216,0.772827
-0.247559,0.204712,0.906006
0.372559,-0.347534,0.920654
-0.544434,-0.002686,0.745117
0.342285,-0.110229,1.022583
-0.026855,-0.426270,0.746826
-0.275635,0.164551,0.882080
0.408203,-0.316528,0.942017
-0.533081,0.002563,0.760498
0.275879,-0.096802,0.988892
0.034668,-0.462036,0.772339
-0.322632,0.117065,0.837769
0.422241,-0.262939,0.969727
-0.504639,-0.055908,0.735596
0.224609,-0.054932,0.996094
0.075439,-0.486328,0.768921
-0.378174,0.133423,0.832520
0.448120,-0.281982,0.977173
-0.487061,-0.077759,0.738281
0.155640,0.005737,0.988159
0.117065,-0.487061,0.795898
-0.435425,0.112305,0.810303
0.462158,-0.263062,1.000244
-0.429077,-0.080322,0.767700
0.066650,0.095825,0.999512
0.149170,-0.482666,0.802002
-0.467896,0.055054,0.787476
0.482544,-0.259766,1.020630
-0.390747,-0.145142,0.742798
0.004639,0.173584,1.015381
0.227173,-0.446655,0.841187
-0.513916,0.046509,0.762573
0.485962,-0.282104,1.027588
-0.311279,-0.207520,0.775513
-0.053711,0.188232,1.009521
0.272339,-0.453125,0.859619
-0.536987,0.047852,0.752808
0.459595,-0.254272,1.016846
-0.201416,-0.257324,0.801025
-0.110718,0.199097,0.998291
0.299194,-0.416504,0.889038
-0.546631,0.027588,0.758057
0.443115,-0.233643,1.036743
-0.108276,-0.308594,0.827515
-0.157349,0.186523,0.984619
0.339233,-0.377197,0.916870
-0.547119,0.005737,0.744629
0.395142,-0.205322,1.015869
-0.036865,-0.391846,0.815063
-0.195435,0.173828,0.961792
0.394653,-0.361450,0.940186
-0.550903,0.014160,0.739990
0.340942,-0.162354,0.994385
0.032715,-0.436768,0.825317
-0.260132,0.147095,0.917236
0.420410,-0.333740,0.973877
-0.506714,-0.061523,0.729980
0.289185,-0.061401,1.027466
0.056641,-0.447388,0.798584
-0.312134,0.142090,0.909546
0.465332,-0.389771,0.979126
-0.488159,-0.088989,0.744507
0.234131,-0.020874,1.011108
0.101318,-0.439209,0.814941
-0.368774,0.122314,0.857300
0.478638,-0.326050,1.002563
-0.447876,-0.159912,0.739624
0.195923,-0.012329,1.022461
0.111206,-0.435791,0.819946
-0.399780,0.128540,0.847168
0.479736,-0.295166,1.015869
-0.398804,-0.155762,0.774048
0.135376,0.035278,1.033081
0.189697,-0.477173,0.839355
-0.431519,0.108154,0.826050
0.474243,-0.253784,1.025513
-0.361084,-0.175781,0.764160
0.090576,0.072144,1.040283
0.245239,-0.484009,0.876465
-0.460205,0.048706,0.792847
0.492188,-0.259277,1.034302
-0.305908,-0.192139,0.796875
0.002808,0.127930,1.026489
0.307007,-0.482300,0.895142
-0.468140,0.019653,0.777832
0.474609,-0.222046,1.060547
-0.226318,-0.252075,0.804321
-0.058105,0.176636,1.024292
0.343872,-0.460815,0.912964
-0.480103,0.005127,0.789551
0.464355,-0.184692,1.087280
-0.147827,-0.292358,0.817383
-0.109741,0.218750,1.031982
0.369629,-0.425415,0.950195
-0.494141,-0.003906,0.793091
0.460205,-0.192993,1.084961
-0.084106,-0.349731,0.823242
-0.144653,0.204102,1.012451
0.396851,-0.381714,0.962891
-0.490845,-0.014771,0.782227
0.431396,-0.175537,1.086426
-0.000122,-0.411011,0.847656
-0.160278,0.173340,1.004883
0.426392,-0.328369,1.000366
-0.487305,-0.037964,0.765747
0.393311,-0.135742,1.090454
0.071045,-0.453369,0.857422
-0.200928,0.155640,0.997681
0.461182,-0.336914,1.013794
-0.474609,-0.047974,0.768555
0.358643,-0.101807,1.072876
0.092529,-0.437622,0.851562
-0.232422,0.149902,0.995605
0.488159,-0.322876,1.042236
-0.463013,-0.069946,0.772949
0.305786,-0.057251,1.079712
0.120850,-0.448242,0.876587
-0.304810,0.202393,0.993042
0.517212,-0.304443,1.071655
-0.401245,-0.110229,0.790894
0.237549,0.041016,1.083130
0.165283,-0.447754,0.901001
-0.328979,0.123169,0.942627
0.539917,-0.276123,1.104126
-0.372437,-0.141602,0.792725
0.191284,0.064819,1.079224
0.212769,-0.436890,0.910522
-0.342285,0.090698,0.902954
0.555908,-0.276733,1.104736
-0.332520,-0.181274,0.811401
0.145630,0.104248,1.078735
0.256470,-0.430298,0.922607
-0.375732,0.060425,0.869873
0.567261,-0.252686,1.122437
-0.288086,-0.199585,0.823608
0.080200,0.157715,1.089844
0.321289,-0.465210,0.931396
-0.401855,0.048096,0.850586
0.558105,-0.202881,1.144165
-0.230957,-0.223755,0.842896
0.011841,0.167480,1.072754
0.370728,-0.438354,0.971680
-0.442505,0.030884,0.839844
0.547852,-0.179443,1.152344
-0.151733,-0.226318,0.877563
-0.063721,0.203735,1.062378
0.428711,-0.404907,1.017944
-0.432617,-0.024780,0.832642
0.496582,-0.112671,1.151855
-0.021851,-0.294434,0.891846
-0.113892,0.227539,1.080811
0.473267,-0.392334,1.037598
-0.456909,-0.040894,0.822754
0.437500,-0.090942,1.139648
0.052979,-0.345337,0.905762
-0.158569,0.218750,1.058960
0.504639,-0.314697,1.072998
-0.435303,-0.069214,0.820312
0.380249,-0.059814,1.144531
0.089722,-0.398560,0.907471
-0.236694,0.196289,1.039185
0.539062,-0.292114,1.109253
-0.406738,-0.082520,0.824341
0.315552,-0.011719,1.125854
0.188477,-0.415283,0.938599
-0.303711,0.157837,0.977417
0.555542,-0.238159,1.137573
-0.331421,-0.164185,0.832520
0.217163,0.074463,1.128052
0.257446,-0.432373,0.951538
-0.362183,0.090454,0.900269
0.570435,-0.233887,1.144043
-0.261841,-0.195923,0.844360
0.110962,0.141602,1.104126
0.342896,-0.427734,0.982788
-0.407715,0.069946,0.876831
0.560059,-0.178711,1.159058
-0.169922,-0.246094,0.867920
0.014771,0.185303,1.100220
0.385376,-0.384888,1.001831
-0.426270,0.035889,0.870972
0.539062,-0.155640,1.159790
-0.052856,-0.309692,0.889893
-0.073486,0.191895,1.078125
0.425171,-0.352783,1.026367
-0.415161,-0.028931,0.842163
0.485229,-0.076660,1.176392
0.005981,-0.337280,0.874512
-0.136475,0.209473,1.084839
0.481689,-0.338867,1.073608
-0.440186,-0.055054,0.833008
0.432739,-0.057617,1.166504
0.049805,-0.348389,0.901489
-0.212036,0.213257,1.048462
0.521484,-0.277832,1.109619
-0.419312,-0.109619,0.803223
0.365234,-0.028564,1.158813
0.106323,-0.355957,0.917603
-0.289551,0.192383,0.989014
0.572388,-0.271240,1.130859
-0.363892,-0.176392,0.821777
0.257568,0.021362,1.135498
0.188232,-0.395386,0.931519
-0.326538,0.133911,0.928833
0.568848,-0.237305,1.130615
-0.301758,-0.191772,0.839111
0.164185,0.087524,1.109619
0.270630,-0.416748,0.952881
-0.365601,0.080933,0.918091
0.566528,-0.211670,1.151245
-0.264282,-0.237061,0.841553
0.057495,0.133911,1.091919
0.345581,-0.417236,0.979126
-0.419556,0.056641,0.881592
0.545654,-0.161499,1.175415
-0.158447,-0.287964,0.856445
-0.026001,0.153931,1.071411
0.366577,-0.373535,0.987305
-0.444458,0.012451,0.860840
0.540771,-0.177368,1.164307
-0.055786,-0.334717,0.866699
-0.091064,0.173462,1.056030
0.408081,-0.338379,0.998169
-0.453369,-0.027832,0.828613
0.488770,-0.141968,1.160034
-0.031616,-0.343872,0.861450
-0.166504,0.192627,1.059082
0.458496,-0.327515,1.045532
-0.462769,-0.041504,0.813599
0.421509,-0.089600,1.148804
-0.004517,-0.355713,0.864868
-0.216919,0.190796,1.034058
0.499634,-0.311279,1.076416
-0.482910,-0.038086,0.784546
0.371582,-0.059204,1.138306
0.054565,-0.360229,0.888672
-0.274048,0.190063,1.002930
0.507935,-0.290771,1.082153
-0.438721,-0.085327,0.787476
0.301514,-0.037598,1.127930
0.097168,-0.388062,0.889648
-0.337402,0.148071,0.950439
0.536255,-0.283203,1.097168
-0.387695,-0.152710,0.792358
0.206055,0.041382,1.116821
0.147949,-0.398315,0.906250
-0.373535,0.126465,0.913330
0.529053,-0.261475,1.093384
-0.364502,-0.177246,0.797852
0.148926,0.060547,1.095337
0.235840,-0.405273,0.928101
-0.442627,0.115845,0.871826
0.521851,-0.228638,1.103882
-0.296265,-0.232056,0.807617
0.047607,0.102539,1.073853
0.268799,-0.380859,0.940430
-0.472778,0.056763,0.825562
0.537231,-0.200073,1.133667
-0.184082,-0.300171,0.803589
-0.052368,0.136597,1.036377
0.316406,-0.371704,0.946167
-0.489014,0.025513,0.821289
0.500610,-0.197144,1.122437
-0.133057,-0.364502,0.792725
-0.141113,0.175049,1.024536
0.377319,-0.374146,0.966064
-0.503662,0.016846,0.798218
0.429443,-0.151123,1.101807
-0.107544,-0.361084,0.798462
-0.194458,0.168091,1.019775
0.406860,-0.341187,1.004883
-0.516968,-0.010620,0.785278
0.368408,-0.076538,1.107544
-0.074829,-0.327271,0.814087
-0.249390,0.137695,0.984619
0.441772,-0.314087,1.024536
-0.519653,-0.042847,0.755981
0.301025,-0.030640,1.096069
-0.000854,-0.377686,0.833496
-0.328613,0.147095,0.940918
0.444580,-0.284302,1.034180
-0.481445,-0.065674,0.752197
0.247314,-0.013550,1.079834
0.037231,-0.378662,0.836304
-0.401245,0.136230,0.900635
0.471924,-0.291626,1.045044
-0.467529,-0.115967,0.740112
0.177490,0.034424,1.064331
0.102539,-0.390381,0.861450
-0.446899,0.170288,0.885010
0.462524,-0.265747,1.042847
-0.455078,-0.161255,0.747314
0.134888,0.014404,1.049438
0.156372,-0.424194,0.877930
-0.497192,0.154663,0.836670
0.460449,-0.214600,1.049927
-0.378662,-0.221069,0.761597
0.053589,0.064941,1.041382
0.190430,-0.447876,0.874146
-0.526367,0.094360,0.800659
0.464233,-0.229492,1.045288
-0.324951,-0.216797,0.761230
-0.016479,0.104858,1.028076
0.232056,-0.442383,0.883545
-0.528442,0.058228,0.801758
0.458252,-0.212158,1.057861
-0.263428,-0.262451,0.760498
-0.100464,0.156860,0.994751
0.264160,-0.395020,0.886841
-0.529541,0.037842,0.777832
0.443726,-0.200073,1.064087
-0.224854,-0.292603,0.745117
-0.154419,0.158569,0.976074
0.305420,-0.389771,0.894653
-0.564941,0.003784,0.753662
0.430664,-0.197388,1.060425
-0.191650,-0.317261,0.742676
-0.223511,0.183105,0.962769
0.347534,-0.347900,0.935791
-0.569702,-0.017456,0.749634
0.365356,-0.167358,1.049072
-0.149292,-0.367310,0.739746
-0.274170,0.166260,0.927979
0.377319,-0.335571,0.956909
-0.586548,-0.008179,0.732056
0.308838,-0.124268,1.035889
-0.095581,-0.401855,0.761841
-0.337036,0.175415,0.917114
0.393921,-0.308228,0.968018
-0.574219,0.031616,0.740601
0.228027,-0.058594,1.025391
-0.012573,-0.434082,0.795410
-0.426758,0.175659,0.881226
0.401489,-0.273315,0.983398
-0.528687,-0.057617,0.721069
0.155762,-0.005371,1.015991
0.040894,-0.400513,0.822021
-0.490845,0.166748,0.848389
0.426392,-0.263306,1.001465
-0.488525,-0.100830,0.736816
0.070923,0.081177,1.020508
0.113647,-0.408936,0.832764
-0.534668,0.141602,0.830688
0.440186,-0.246582,1.009399
-0.401978,-0.178345,0.728271
0.000244,0.115112,1.002319
0.192139,-0.422974,0.849609
-0.579590,0.103394,0.777954
0.422852,-0.194702,1.035645
-0.299316,-0.262451,0.715820
-0.089722,0.169434,0.994385
0.270386,-0.420166,0.878662
-0.591553,0.098511,0.788940
0.398315,-0.167969,1.030029
-0.222412,-0.333374,0.702637
-0.178467,0.162842,0.954956
0.303711,-0.368286,0.897339
-0.588867,0.059082,0.764160
0.362671,-0.159424,1.016235
-0.175293,-0.373657,0.709839
-0.254517,0.178589,0.930176
0.350830,-0.338867,0.915527
-0.611938,0.039673,0.725220
0.311157,-0.145386,1.010498
-0.116699,-0.376831,0.760376
-0.346436,0.175659,0.891235
0.400269,-0.320923,0.948120
-0.566406,0.019043,0.708984
0.194092,-0.013550,0.995972
-0.030029,-0.370850,0.793091
-0.436890,0.175171,0.879639
0.415039,-0.304810,0.970093
-0.539795,-0.059448,0.693970
0.123901,0.079956,1.003174
0.052124,-0.332031,0.819580
-0.518433,0.177124,0.848267
0.420532,-0.261108,0.980469
-0.432373,-0.187500,0.713257
0.060181,0.109131,1.021729
0.101807,-0.392578,0.813721
-0.582520,0.205444,0.804321
0.444946,-0.246704,0.994507
-0.308594,-0.209717,0.759155
-0.045044,0.165039,1.000732
0.193970,-0.416382,0.855713
-0.590454,0.147461,0.778442
0.411133,-0.179321,1.001221
-0.261475,-0.295410,0.716309
-0.117432,0.198486,0.974731
0.270386,-0.383057,0.885620
-0.594360,0.084961,0.763794
0.407837,-0.182251,1.014648
-0.205688,-0.325684,0.719604
-0.192261,0.165405,0.934692
0.325439,-0.386108,0.892700
-0.611938,0.087280,0.740356
0.373901,-0.136597,1.021118
-0.143311,-0.340332,0.725708
-0.264648,0.196899,0.914185
0.359375,-0.355591,0.914062
-0.588013,0.031494,0.729858
0.331055,-0.108154,1.016846
-0.102905,-0.396484,0.729248
-0.352173,0.211792,0.875488
0.402954,-0.343750,0.920532
-0.558594,0.009155,0.720337
0.251709,-0.017090,0.994019
-0.051025,-0.399414,0.742188
-0.397461,0.191895,0.861694
0.399902,-0.306152,0.939819
-0.548340,-0.055420,0.709839
0.202026,0.003906,1.006836
-0.014526,-0.394653,0.758789
-0.448242,0.221313,0.852051
0.426392,-0.269531,0.963623
-0.505615,-0.057617,0.729126
0.128418,0.030762,1.004395
0.050781,-0.418213,0.786621
-0.511230,0.216919,0.839111
0.443115,-0.248657,0.968750
-0.426514,-0.087646,0.759644
0.052856,0.108398,1.015015
0.123413,-0.393555,0.827271
-0.548340,0.200562,0.806274
0.421631,-0.186035,0.983521
-0.356567,-0.179199,0.738647
-0.001221,0.124634,1.015503
0.207397,-0.456909,0.843628
-0.593994,0.153809,0.789551
0.422607,-0.166504,0.998779
-0.252197,-0.216309,0.745850
-0.098877,0.229248,0.996704
0.282471,-0.390503,0.884888
-0.605835,0.102905,0.771729
0.411011,-0.152100,1.020386
-0.193604,-0.305054,0.721191
-0.157837,0.190430,0.936401
0.344727,-0.373047,0.909180
-0.602783,0.098145,0.757690
0.382446,-0.129517,1.015381
-0.118164,-0.360352,0.723145
-0.241455,0.199463,0.900391
0.380493,-0.342041,0.922485
-0.582397,0.053345,0.746948
0.327148,-0.083130,1.016357
-0.067017,-0.394897,0.741211
-0.331177,0.182983,0.860352
0.418457,-0.336182,0.938477
-0.528320,0.023926,0.752808
0.242188,0.006470,1.010254
-0.025757,-0.396973,0.751587
-0.380615,0.161255,0.834106
0.441895,-0.314697,0.958740
-0.506592,-0.041992,0.740723
0.169189,0.056763,1.005493
0.031982,-0.404175,0.770386
-0.445679,0.168457,0.825195
0.436523,-0.272827,0.970215
-0.457031,-0.100220,0.738281
0.132202,0.073364,1.027222
0.097290,-0.420288,0.796509
-0.521118,0.201660,0.815063
0.446777,-0.224121,0.984375
-0.379517,-0.120605,0.757568
0.071533,0.129761,1.029907
0.151978,-0.396362,0.830688
-0.564087,0.179077,0.784302
0.445068,-0.235352,0.980835
-0.312866,-0.199219,0.758423
0.007935,0.124512,1.007446
0.224731,-0.381836,0.873169
-0.593872,0.166992,0.756348
0.431885,-0.187866,0.995972
-0.218262,-0.245361,0.771729
-0.076782,0.171753,0.982788
0.277466,-0.398560,0.877563
-0.584595,0.125366,0.752075
0.427734,-0.156128,1.012207
-0.172363,-0.253784,0.775879
-0.151978,0.168335,0.936401
0.342163,-0.391113,0.918945
-0.591797,0.089233,0.755493
0.385254,-0.119019,1.017334
-0.101074,-0.361450,0.748779
-0.201782,0.178223,0.919434
0.377930,-0.358398,0.942749
-0.580078,0.047974,0.755859
0.338013,-0.110840,0.987061
-0.041504,-0.386597,0.751465
-0.274536,0.161499,0.876587
0.408813,-0.315430,0.950439
-0.542603,-0.018188,0.742432
0.282349,-0.079712,0.985229
0.013916,-0.416016,0.769775
-0.341553,0.145874,0.840942
0.431274,-0.306396,0.957520
-0.526978,-0.058594,0.716431
0.206421,-0.035278,0.984131
0.057983,-0.452393,0.764038
-0.406616,0.172485,0.837402
0.466064,-0.285889,0.976440
-0.478394,-0.062988,0.761230
0.112183,0.032471,0.983765
0.098755,-0.476807,0.787109
-0.449097,0.122192,0.796631
0.475098,-0.267944,0.989746
-0.425903,-0.095215,0.762939
0.038330,0.119507,0.999878
0.162354,-0.473022,0.807495
-0.491699,0.072998,0.773071
0.467651,-0.237549,1.011963
-0.345093,-0.165771,0.764648
-0.015747,0.179688,1.006592
0.221924,-0.431641,0.839478
-0.544312,0.065552,0.761230
0.470947,-0.254883,1.009399
-0.248901,-0.216675,0.781494
-0.091309,0.209229,0.993164
0.283203,-0.420776,0.882202
-0.572754,0.033569,0.733276
0.441406,-0.207397,1.029419
-0.145630,-0.305908,0.789185
-0.153809,0.198486,0.969971
0.321655,-0.370850,0.897949
-0.559937,0.071167,0.768188
0.406616,-0.187622,1.022217
-0.065308,-0.381348,0.786011
-0.230957,0.179199,0.923828
0.371826,-0.372803,0.927612
-0.527100,-0.031006,0.743896
0.355591,-0.118774,1.024780
-0.031250,-0.412476,0.771606
-0.284424,0.182007,0.901855
0.427734,-0.369019,0.943848
-0.497681,-0.052368,0.767822
0.272461,-0.070679,1.004517
0.050537,-0.447754,0.777710
-0.343994,0.125610,0.840576
0.438232,-0.341797,0.958374
-0.487183,-0.083984,0.744629
0.219971,-0.017822,1.012451
0.088257,-0.441162,0.788086
-0.404541,0.145996,0.831787
0.460327,-0.343506,0.962769
-0.450073,-0.148926,0.753174
0.152710,-0.011719,1.008423
0.129272,-0.425781,0.812622
-0.465210,0.147705,0.801147
0.463623,-0.289185,0.986938
-0.382935,-0.197632,0.755737
0.037231,0.055298,1.003540
0.223999,-0.487549,0.845093
-0.494751,0.058716,0.752808
0.458252,-0.224609,1.007446
-0.279175,-0.173340,0.802124
-0.062866,0.152710,1.007202
0.298706,-0.497192,0.882446
-0.519043,0.019653,0.757324
0.450195,-0.213745,1.037231
-0.193848,-0.255981,0.791992
-0.149170,0.187378,0.977295
0.360718,-0.437866,0.916626
-0.524414,0.002563,0.759155
0.414795,-0.177124,1.043091
-0.067383,-0.344238,0.812866
-0.208130,0.172607,0.950684
0.399048,-0.371826,0.950684
-0.517456,-0.029907,0.738892
0.334961,-0.117432,1.025635
0.045288,-0.438843,0.814819
-0.272339,0.132812,0.904297
0.419800,-0.338013,0.969727
-0.487183,-0.089600,0.747803
0.279907,-0.071167,1.026978
0.090820,-0.472412,0.807495
-0.345215,0.110718,0.870972
0.451660,-0.301636,0.997192
-0.434570,-0.125977,0.747559
0.185181,0.023926,1.031982
0.136597,-0.441406,0.841797
-0.411865,0.095581,0.847778
0.489136,-0.304077,1.020264
-0.394653,-0.139160,0.761719
0.100220,0.119995,1.046021
0.222656,-0.453735,0.858521
-0.462891,0.060059,0.807007
0.497314,-0.283203,1.043823
-0.324951,-0.211670,0.766846
0.042480,0.128906,1.028809
0.267578,-0.441772,0.876221
-0.494751,0.041138,0.775391
0.504150,-0.305786,1.043701
-0.258057,-0.284546,0.785889
-0.022095,0.146484,1.033936
0.307129,-0.447510,0.901489
-0.504639,0.036987,0.772217
0.485229,-0.243042,1.052368
-0.197388,-0.275269,0.804443
-0.090454,0.182739,1.020752
0.359009,-0.445068,0.931641
-0.501953,0.025757,0.780884
0.445801,-0.188232,1.058716
-0.146118,-0.293823,0.814087
-0.119263,0.165405,1.020996
0.401855,-0.445435,0.964478
-0.496948,-0.016968,0.776978
0.420776,-0.114380,1.080444
-0.065918,-0.282471,0.842773
-0.161865,0.184326,1.004761
0.437500,-0.463867,0.978149
-0.481323,-0.072632,0.787720
0.390381,-0.088745,1.088257
-0.004028,-0.360107,0.822021
-0.207764,0.203369,0.995117
0.467529,-0.409668,0.995972
-0.467163,-0.070435,0.785889
0.362549,-0.100464,1.067505
0.064209,-0.391602,0.849487
-0.248291,0.185303,0.967773
0.480347,-0.333740,1.025513
-0.450562,-0.101440,0.780640
0.307129,-0.097900,1.064087
0.102539,-0.473267,0.842041
-0.290649,0.144653,0.947754
0.500854,-0.279907,1.055054
-0.431885,-0.099243,0.777588
0.256348,-0.014038,1.070923
0.162476,-0.455444,0.878052
-0.356445,0.149414,0.927368
0.516724,-0.282104,1.070190
-0.372925,-0.164307,0.782104
0.184204,0.072388,1.063354
0.231079,-0.461670,0.901611
-0.398560,0.102539,0.889160
0.530762,-0.277588,1.087524
-0.301270,-0.220825,0.806885
0.107300,0.143188,1.084595
0.254272,-0.427734,0.926514
-0.399780,0.008789,0.846191
0.539917,-0.269043,1.107666
-0.298218,-0.219727,0.787720
0.072632,0.173462,1.094482
0.339111,-0.466919,0.937500
-0.443481,0.055664,0.834351
0.428955,-0.204102,1.048096
-0.248657,-0.253174,0.819458
-0.147827,0.170654,0.995483
0.391113,-0.432617,0.949951
-0.507202,-0.007935,0.778931
0.411133,-0.135986,1.067017
-0.063843,-0.305054,0.829102
-0.199707,0.205688,0.990845
0.427734,-0.441162,0.964233
-0.491699,-0.082764,0.767090
0.381348,-0.130859,1.064087
0.010254,-0.368286,0.827881
-0.240234,0.229248,0.984253
0.459106,-0.387207,0.981323
-0.456055,-0.130981,0.755981
0.323975,-0.100342,1.062012
0.057495,-0.419067,0.820801
-0.282227,0.170044,0.939453
0.489136,-0.348389,1.020752
-0.426636,-0.145630,0.782471
0.260010,-0.050049,1.061523
0.107178,-0.432251,0.833984
-0.327637,0.145630,0.902710
0.504761,-0.294434,1.035156
-0.396484,-0.143799,0.786377
0.204834,-0.008789,1.052856
0.156494,-0.457886,0.867310
-0.390259,0.084595,0.855713
0.526611,-0.286011,1.058472
-0.341187,-0.154053,0.788940
0.103027,0.107910,1.057007
0.252441,-0.472168,0.884644
-0.416748,0.030762,0.821289
0.518066,-0.237305,1.087036
-0.276611,-0.210815,0.798950
0.028076,0.152954,1.058716
0.336670,-0.467896,0.923462
-0.457520,0.024170,0.802734
0.503296,-0.212524,1.089111
-0.181519,-0.263062,0.822266
-0.065796,0.193481,1.048340
0.376953,-0.425537,0.958618
-0.464233,-0.007080,0.807983
0.469727,-0.148682,1.113281
-0.094849,-0.294922,0.848755
-0.120605,0.216309,1.052856
0.426392,-0.404053,0.990234
-0.481201,-0.032349,0.802246
0.432373,-0.139038,1.099976
0.006592,-0.392212,0.849243
-0.178833,0.181641,1.013306
0.478394,-0.343384,1.038574
-0.438843,-0.068237,0.801880
0.360107,-0.050537,1.106812
0.076782,-0.425049,0.852417
-0.233643,0.159424,0.998047
0.495850,-0.317749,1.062134
-0.425781,-0.130127,0.785889
0.331787,-0.040039,1.113281
0.122803,-0.390625,0.888062
-0.305542,0.201172,0.977173
0.540039,-0.290894,1.091675
-0.405396,-0.158936,0.792358
0.225098,-0.019043,1.067871
0.200806,-0.447388,0.911011
-0.338745,0.113647,0.907349
0.549805,-0.229736,1.120483
-0.343140,-0.153687,0.809326
0.158936,0.072021,1.079468
0.280396,-0.501465,0.921387
-0.396729,0.044189,0.866211
0.540283,-0.228516,1.114502
-0.274902,-0.219727,0.816650
0.087769,0.152832,1.099609
0.325073,-0.454590,0.952881
-0.430054,0.050293,0.851318
0.550171,-0.200806,1.141357
-0.207642,-0.229126,0.849487
0.016846,0.185791,1.082031
0.377686,-0.438232,0.973267
-0.449707,0.062134,0.866333
0.524292,-0.182007,1.133911
-0.130615,-0.282104,0.856079
-0.045288,0.227417,1.100342
0.423340,-0.398438,1.013916
-0.449707,0.009766,0.841309
0.503662,-0.153076,1.140991
-0.049683,-0.305420,0.886597
-0.104248,0.213989,1.076538
0.447510,-0.377319,1.029419
-0.431152,-0.058716,0.830933
0.482178,-0.104248,1.171021
-0.001343,-0.333862,0.895264
-0.150146,0.239258,1.069336
0.495117,-0.392212,1.050781
-0.421387,-0.055786,0.844971
0.436768,-0.059448,1.153076
0.030518,-0.327637,0.896606
-0.171875,0.216919,1.059082
0.524536,-0.341064,1.088379
-0.423950,-0.098755,0.816406
0.393921,-0.040405,1.152344
0.056763,-0.351074,0.898682
-0.221680,0.205444,1.028442
0.546997,-0.296265,1.116821
-0.407227,-0.127197,0.822876
0.359009,-0.008301,1.159912
0.107910,-0.369995,0.906372
-0.262939,0.191040,1.007568
0.558105,-0.258911,1.132568
-0.361084,-0.142822,0.831909
0.300659,0.019287,1.142700
0.162720,-0.411499,0.926514
-0.301392,0.119507,0.933716
0.583374,-0.261719,1.144043
-0.322998,-0.166260,0.836060
0.197754,0.087524,1.107056
0.269287,-0.435913,0.947998
-0.348633,0.095825,0.916260
0.563232,-0.228394,1.134033
-0.283203,-0.199219,0.835815
0.135498,0.155518,1.123169
0.321411,-0.417236,0.968872
-0.410522,0.068237,0.882324
0.569336,-0.214355,1.157959
-0.213013,-0.255615,0.850952
0.065674,0.191406,1.122314
0.360474,-0.388550,0.983032
-0.428955,0.037231,0.868896
0.553467,-0.193359,1.162720
-0.131958,-0.302368,0.875488
-0.002808,0.195435,1.108154
0.396729,-0.366089,1.007568
-0.445190,0.013916,0.859497
0.530762,-0.181763,1.171631
-0.044922,-0.381714,0.878418
-0.050659,0.177734,1.093750
0.430176,-0.341431,1.037598
-0.477417,0.016235,0.835571
0.519287,-0.167114,1.167480
0.007935,-0.394165,0.881104
-0.113892,0.192017,1.069092
0.436768,-0.304932,1.046509
-0.455811,-0.014893,0.837280
0.485352,-0.135376,1.172363
0.010010,-0.371094,0.889526
-0.168335,0.209961,1.066528
0.472168,-0.298584,1.074463
-0.443604,-0.040894,0.825684
0.453735,-0.087891,1.183228
0.036377,-0.370605,0.906006
-0.216187,0.209473,1.052124
0.501221,-0.294800,1.085571
-0.440063,-0.054565,0.804077
0.395142,-0.058228,1.159668
0.079956,-0.369873,0.928223
-0.255127,0.200806,1.044189
0.534302,-0.271851,1.119751
-0.429443,-0.069702,0.800293
0.341187,-0.020630,1.152954
0.118774,-0.401978,0.932007
-0.289429,0.166870,0.992310
0.554321,-0.260742,1.132324
-0.382202,-0.132324,0.798096
0.265259,0.055786,1.129150
0.165405,-0.396973,0.930176
-0.312988,0.118286,0.959961
0.557495,-0.274780,1.126831
-0.366211,-0.172119,0.804199
0.227417,0.075073,1.138428
0.206299,-0.405518,0.934204
-0.377930,0.122925,0.910889
0.561279,-0.253662,1.121826
-0.303345,-0.219849,0.825684
0.168335,0.107178,1.127441
0.236694,-0.390625,0.925781
-0.405273,0.126709,0.895874
0.551514,-0.214478,1.130371
-0.293213,-0.258301,0.809692
0.120850,0.086304,1.113037
0.309326,-0.432251,0.955444
-0.437500,0.108521,0.894775
0.537964,-0.175415,1.139526
-0.244751,-0.235474,0.820557
0.038940,0.145630,1.089355
0.337524,-0.409058,0.966431
-0.453003,0.041138,0.859009
0.539673,-0.203491,1.141479
-0.175537,-0.300537,0.827271
-0.019043,0.166382,1.079956
0.344849,-0.366821,0.964722
-0.452515,-0.009155,0.832275
0.525757,-0.180664,1.157715
-0.111816,-0.346313,0.830566
-0.071655,0.169189,1.056763
0.371826,-0.369141,0.957642
-0.472412,-0.005249,0.825806
0.508667,-0.177734,1.149780
-0.092285,-0.350098,0.817871
-0.131348,0.187866,1.044067
0.389404,-0.345337,0.978149
-0.474731,-0.023560,0.802490
0.479736,-0.156006,1.153442
-0.069702,-0.332275,0.835205
-0.206665,0.196655,1.011230
0.446289,-0.324219,1.025513
-0.481934,-0.055420,0.789795
0.422607,-0.107178,1.143433
-0.051025,-0.344116,0.835083
-0.266602,0.212646,1.002808
0.481812,-0.326416,1.046387
-0.458862,-0.111328,0.784424
0.346436,-0.073853,1.126099
0.009033,-0.343994,0.855103
-0.316895,0.201050,0.962158
0.492554,-0.295288,1.049316
-0.432373,-0.126465,0.785278
0.272705,-0.040894,1.114014
0.069702,-0.392944,0.857422
-0.356812,0.154785,0.923096
0.494995,-0.263184,1.067261
-0.403564,-0.130249,0.788574
0.202148,0.008423,1.090942
0.140503,-0.406128,0.892212
-0.418335,0.128662,0.893433
0.506592,-0.240967,1.082031
-0.386108,-0.165283,0.781982
0.119629,0.073120,1.076050
0.214722,-0.399170,0.913208
-0.468872,0.087280,0.843994
0.500732,-0.220947,1.081177
-0.303833,-0.235352,0.777710
0.045654,0.113770,1.072388
0.255615,-0.390991,0.911377
-0.491577,0.068359,0.826416
0.488159,-0.195190,1.091064
-0.223999,-0.299561,0.779663
-0.044922,0.123779,1.041382
0.304443,-0.390015,0.924438
-0.512329,0.024658,0.785522
0.467773,-0.166138,1.095947
-0.177246,-0.310913,0.761475
-0.145996,0.169556,1.008301
0.361816,-0.355713,0.963501
-0.511108,-0.021362,0.774902
0.424316,-0.150024,1.097656
-0.146606,-0.324829,0.776001
-0.229492,0.161377,0.979248
0.406982,-0.360840,0.999878
-0.535645,-0.065063,0.754150
0.375732,-0.103638,1.097534
-0.078247,-0.330078,0.798462
-0.312134,0.182739,0.945312
0.422607,-0.319092,1.005005
-0.500366,-0.091919,0.746094
0.300415,-0.068848,1.087891
-0.010986,-0.387939,0.808105
-0.391602,0.200806,0.918945
0.445312,-0.321289,1.000000
-0.468750,-0.119141,0.762817
0.201782,-0.003662,1.052002
0.055664,-0.375000,0.842896
-0.433350,0.145142,0.883301
0.462158,-0.276245,1.036743
-0.448364,-0.175415,0.740356
0.097290,0.072632,1.032104
0.145508,-0.406860,0.869141
-0.490601,0.112427,0.838745
0.461060,-0.229492,1.052246
-0.339355,-0.213745,0.768066
0.025269,0.119995,1.041504
0.199341,-0.398438,0.858276
-0.536621,0.084106,0.795288
0.474854,-0.245605,1.053711
-0.260864,-0.303833,0.749268
-0.053589,0.134033,1.006836
0.247681,-0.369507,0.878418
-0.566040,0.060547,0.771606
0.455200,-0.251587,1.049194
-0.199463,-0.363281,0.737671
-0.138184,0.146362,0.978638
0.281860,-0.344482,0.899902
-0.581177,0.006592,0.720825
0.403198,-0.221436,1.048340
-0.161377,-0.405518,0.735229
-0.224854,0.157715,0.960083
0.326660,-0.342529,0.924316
-0.578857,0.027832,0.736816
0.350220,-0.134644,1.051392
-0.113647,-0.387085,0.753052
-0.287598,0.153198,0.931763
0.360229,-0.317871,0.957520
-0.570190,0.022949,0.739746
0.290283,-0.101807,1.038208
-0.079956,-0.360962,0.791748
-0.347900,0.140137,0.903809
0.397705,-0.296631,0.986084
-0.548950,-0.046631,0.690430
0.212524,-0.030640,1.028076
-0.014893,-0.363281,0.813354
-0.395508,0.155273,0.916748
0.416748,-0.300415,0.991821
-0.545288,-0.080933,0.691162
0.149658,0.024292,1.013184
0.024780,-0.395630,0.801514
-0.463013,0.163086,0.870728
0.447266,-0.273926,1.006714
-0.499512,-0.087769,0.723145
0.087891,0.081177,1.022827
0.078857,-0.409790,0.818115
-0.513916,0.142212,0.835327
0.445923,-0.267578,1.014526
-0.436523,-0.124146,0.734375
0.025146,0.118530,1.008423
0.144409,-0.402222,0.839722
-0.556519,0.103516,0.796753
0.445190,-0.238159,1.032837
-0.351318,-0.232910,0.723877
-0.035522,0.179810,1.016846
0.208252,-0.404663,0.850952
-0.581299,0.084229,0.775024
0.423218,-0.226318,1.012085
-0.283936,-0.313721,0.704468
-0.087280,0.164429,0.991577
0.260498,-0.389282,0.869629
-0.610840,0.104858,0.766968
0.415283,-0.233521,1.018066
-0.210327,-0.375732,0.709961
-0.191528,0.160278,0.946655
0.298950,-0.400024,0.881226
-0.596924,0.061279,0.749146
0.365845,-0.145752,1.024414
-0.175171,-0.339722,0.731567
-0.244019,0.165161,0.935913
0.341675,-0.396118,0.917358
-0.599731,0.018921,0.733276
0.333008,-0.116455,1.017944
-0.151489,-0.342651,0.716919
-0.305176,0.202637,0.905273
0.377686,-0.348877,0.930664
-0.588745,-0.027710,0.710449
0.288086,-0.098145,1.025024
-0.098267,-0.394531,0.739990
-0.400024,0.217041,0.867188
0.399414,-0.336670,0.940918
-0.542236,-0.064331,0.714478
0.220581,-0.055176,1.002197
-0.048218,-0.387085,0.760376
-0.451172,0.208862,0.853149
0.406250,-0.285034,0.962646
-0.502930,-0.120728,0.711548
0.127075,0.022217,1.008911
0.028809,-0.424927,0.785278
-0.515015,0.206665,0.834106
0.427856,-0.270386,0.974487
-0.455688,-0.117554,0.731689
0.052490,0.097656,1.020142
0.119141,-0.431885,0.817017
-0.565063,0.177368,0.815796
0.427979,-0.223511,0.987183
-0.381348,-0.184326,0.720459
-0.017578,0.146118,0.996826
0.205078,-0.402466,0.859741
-0.602295,0.137085,0.791748
0.422363,-0.220337,1.005127
-0.280029,-0.236694,0.721558
-0.121826,0.198730,0.971313
0.286987,-0.390991,0.883301
-0.597168,0.081055,0.766113
0.394043,-0.147095,1.027100
-0.204590,-0.331421,0.703613
-0.206299,0.188354,0.930786
0.335693,-0.357666,0.909180
-0.598999,0.065186,0.744263
0.361694,-0.135376,1.026733
-0.142700,-0.386963,0.716919
-0.286621,0.177612,0.897827
0.366821,-0.330078,0.917114
-0.599854,0.052734,0.731812
0.283325,-0.071045,1.007690
-0.066406,-0.402222,0.750000
-0.372070,0.185791,0.875122
0.402466,-0.305786,0.944214
-0.562744,0.027832,0.727051
0.177979,0.032227,0.993652
0.004639,-0.372559,0.790771
-0.465820,0.162842,0.836548
0.423340,-0.277466,0.975220
-0.499756,-0.060669,0.714722
0.102417,0.131592,1.011108
0.068237,-0.385620,0.777100
-0.540283,0.186523,0.830078
0.454102,-0.302002,0.985962
-0.401123,-0.154053,0.743286
0.012817,0.180420,1.002686
0.131348,-0.373291,0.813721
-0.574951,0.171387,0.815430
0.453979,-0.245239,1.004761
-0.295410,-0.226196,0.758911
-0.041382,0.152466,0.983032
0.198486,-0.361816,0.851196
-0.586548,0.152466,0.777832
0.429932,-0.182129,1.010620
-0.234619,-0.268433,0.745117
-0.115356,0.159180,0.956787
0.272949,-0.371216,0.875977
-0.610718,0.098389,0.735474
0.413330,-0.147827,1.019653
-0.168945,-0.302124,0.736816
-0.211426,0.207642,0.932373
0.345703,-0.379272,0.907959
-0.592529,0.051392,0.745850
0.354736,-0.096436,1.023438
-0.121216,-0.365845,0.715576
-0.289062,0.196045,0.890015
0.408447,-0.362427,0.927124
-0.573120,0.045898,0.727905
0.290649,-0.046143,1.005981
-0.048950,-0.394897,0.733765
-0.362671,0.203735,0.864136
0.424194,-0.322876,0.944580
-0.547363,-0.036987,0.719116
0.213623,-0.013794,0.992432
0.003784,-0.420898,0.751953
-0.442749,0.223999,0.839355
0.432739,-0.270874,0.960693
-0.484497,-0.086792,0.738770
0.126831,0.054077,1.008667
0.080078,-0.424438,0.796997
-0.518066,0.195679,0.822998
0.432617,-0.227905,0.981812
-0.409546,-0.123779,0.737061
0.049438,0.130859,1.020386
0.166992,-0.401367,0.836060
-0.575562,0.188477,0.801270
0.440674,-0.192383,1.002319
-0.280273,-0.218872,0.752197
-0.055420,0.156860,0.985352
0.244629,-0.393311,0.860962
-0.582275,0.123413,0.777344
0.424316,-0.147949,1.019043
-0.163940,-0.290649,0.751709
-0.157227,0.192383,0.941650
0.321411,-0.382446,0.881714
-0.602905,0.103271,0.754272
0.403564,-0.135742,1.019531
-0.099487,-0.351318,0.750854
-0.263550,0.194336,0.883057
0.380371,-0.341187,0.925903
-0.548340,0.044678,0.760376
0.306641,-0.049805,1.009888
-0.044800,-0.401855,0.746582
-0.334229,0.183105,0.859619
0.412842,-0.324341,0.947510
-0.520996,-0.041260,0.744629
0.224976,-0.003052,0.993774
0.007446,-0.404175,0.755981
-0.407959,0.180542,0.823120
0.429810,-0.282104,0.952759
-0.476196,-0.094604,0.736328
0.149902,0.059326,1.016602
0.070801,-0.407471,0.793945
-0.489990,0.188721,0.811768
0.439575,-0.236938,0.974487
-0.397827,-0.149536,0.753174
0.076538,0.104370,1.022705
0.140747,-0.406860,0.818237
-0.552490,0.176270,0.782349
0.446411,-0.207642,0.990601
-0.305298,-0.162720,0.773193
-0.036987,0.154419,0.987915
0.239136,-0.415405,0.869507
-0.578003,0.101685,0.752197
0.439331,-0.172485,1.013550
-0.206055,-0.247681,0.756470
-0.125000,0.197754,0.965454
0.323364,-0.395996,0.902710
-0.583984,0.086914,0.761719
0.391357,-0.129517,1.017578
-0.099121,-0.345581,0.758057
-0.217529,0.186523,0.914551
0.365601,-0.340210,0.933716
-0.561768,0.023438,0.747437
0.350952,-0.086182,1.033447
-0.048706,-0.415894,0.739136
-0.304443,0.193848,0.882812
0.405273,-0.326416,0.937134
-0.521606,-0.026978,0.750000
0.260620,-0.047241,0.996582
0.002197,-0.443604,0.744385
-0.352905,0.154663,0.836914
0.444580,-0.291870,0.964844
-0.502930,-0.038086,0.752563
0.160889,-0.001343,0.985474
0.071289,-0.466919,0.772095
-0.420288,0.122925,0.812256
0.456665,-0.246826,0.984741
-0.448364,-0.080566,0.748413
0.080811,0.102417,0.999512
0.144775,-0.444580,0.806396
-0.491577,0.096313,0.785400
0.455444,-0.258911,0.990723
-0.368896,-0.152100,0.760254
-0.006836,0.150635,0.992920
0.219116,-0.437378,0.839600
-0.548706,0.076660,0.746216
0.460205,-0.222656,1.018066
-0.234009,-0.230469,0.777466
-0.104370,0.218384,0.988281
0.270264,-0.397583,0.869995
-0.572144,0.032471,0.740112
0.448730,-0.232300,1.026123
-0.115112,-0.320801,0.801636
-0.190918,0.214966,0.943237
0.334717,-0.353760,0.907959
-0.553101,0.036377,0.754272
0.371582,-0.161865,1.007202
-0.026978,-0.398071,0.796143
-0.235107,0.183716,0.909668
0.380371,-0.319214,0.936401
-0.551025,0.025513,0.747437
0.306396,-0.115845,0.977661
0.029785,-0.457275,0.768677
-0.310791,0.124146,0.862671
0.413086,-0.310669,0.952026
-0.521606,-0.023193,0.733765
0.211670,0.007812,0.997803
0.070679,-0.419189,0.791016
-0.403320,0.098633,0.825928
0.467285,-0.331177,0.983521
-0.474121,-0.087524,0.741089
0.102295,0.107422,1.009521
0.125610,-0.439575,0.793823
-0.462036,0.116211,0.802612
0.471191,-0.313965,0.990967
-0.389648,-0.186523,0.749756
0.036377,0.130493,1.011841
0.200073,-0.417847,0.830566
-0.531372,0.080688,0.756104
0.479492,-0.269165,1.023193
-0.283081,-0.216553,0.778809
-0.046631,0.156006,0.999390
0.271729,-0.435181,0.870361
-0.547974,0.049316,0.734009
0.438599,-0.227417,1.016968
-0.199341,-0.264160,0.793701
-0.104858,0.167603,0.981689
0.322510,-0.425903,0.903687
-0.577148,0.052490,0.746582
0.415649,-0.195557,1.033081
-0.080811,-0.323853,0.804810
-0.209961,0.221924,0.965942
0.370728,-0.396729,0.922241
-0.534546,-0.019775,0.755615
0.354370,-0.162598,1.003418
-0.013672,-0.407837,0.780029
-0.279907,0.209473,0.913208
0.412964,-0.324585,0.960083
-0.496704,-0.083496,0.744751
0.287109,-0.118530,0.999268
0.062134,-0.454590,0.813599
-0.341553,0.135010,0.864258
0.451660,-0.336548,0.963623
-0.491821,-0.064697,0.739502
0.197998,-0.008667,1.008423
0.113403,-0.480835,0.798950
-0.395874,0.108887,0.833740
0.449951,-0.296265,0.986206
-0.439087,-0.138550,0.735596
0.132935,0.060181,1.019897
0.161865,-0.463745,0.833862
-0.451050,0.088379,0.807617
0.465576,-0.269287,1.018799
-0.388184,-0.204590,0.713989
0.055298,0.149780,1.039795
0.225098,-0.462524,0.847778
-0.480835,0.072021,0.797485
0.471680,-0.305298,1.004272
-0.331787,-0.242188,0.749756
-0.020508,0.173950,1.021606
0.282959,-0.458496,0.882812
-0.506348,0.041138,0.764038
0.453735,-0.237183,1.022339
-0.243652,-0.250000,0.784668
-0.086060,0.179077,1.010254
0.326294,-0.481934,0.888916
-0.520264,0.025513,0.767700
0.431152,-0.186035,1.041382
-0.160034,-0.266724,0.803833
-0.142334,0.201050,1.007080
0.359131,-0.446411,0.916260
-0.510864,-0.008545,0.772095
0.407471,-0.143066,1.052368
-0.069580,-0.322266,0.801147
-0.204102,0.203735,0.977173
0.410889,-0.402222,0.955444
-0.511597,-0.057495,0.761841
0.368652,-0.165405,1.035767
0.029297,-0.444214,0.804077
-0.279785,0.198364,0.927734
0.444092,-0.358887,0.976440
-0.461182,-0.095703,0.783813
0.272217,-0.083862,1.029785
0.098633,-0.479126,0.823242
-0.341309,0.111938,0.879883
0.470093,-0.325073,1.011719
-0.445190,-0.134155,0.752930
0.196533,-0.010620,1.034302
0.155029,-0.476685,0.825806
-0.398926,0.123657,0.868896
0.482788,-0.291504,1.024170
-0.365479,-0.155762,0.768555
0.097900,0.094116,1.041992
0.220947,-0.489258,0.857544
-0.444702,0.004272,0.788818
0.504639,-0.282227,1.051758
-0.307373,-0.219971,0.783203
0.007568,0.170288,1.048218
0.291260,-0.427002,0.905151
-0.486328,0.023193,0.789551
0.497070,-0.301758,1.047119
-0.225342,-0.271362,0.804688
-0.053833,0.186890,1.032837
0.321289,-0.407471,0.923462
-0.507812,0.017334,0.782959
0.465820,-0.233276,1.078247
-0.128662,-0.326050,0.816895
-0.105469,0.205933,1.032104
0.374023,-0.394897,0.943115
-0.510620,0.022705,0.783447
0.425293,-0.188110,1.063721
-0.058350,-0.359497,0.834717
-0.146240,0.147461,1.001953
0.430298,-0.364746,0.994263
-0.503296,0.004639,0.774414
0.369507,-0.126587,1.054443
0.043091,-0.449341,0.830811
-0.188354,0.127808,0.988159
0.458252,-0.325806,1.031738
-0.489502,-0.041016,0.760498
0.350586,-0.100586,1.062500
0.090454,-0.463745,0.841309
-0.272461,0.138794,0.953125
0.497070,-0.306885,1.055176
-0.445190,-0.093506,0.785767
0.277954,-0.067627,1.057129
0.117798,-0.441284,0.854858
-0.305786,0.144897,0.941284
0.500732,-0.287720,1.057861
-0.407104,-0.111206,0.795410
0.213013,0.002075,1.063110
0.173218,-0.458496,0.873779
-0.353394,0.093628,0.903687
0.509399,-0.253662,1.076782
-0.369751,-0.149658,0.791992
0.162598,0.036499,1.058838
0.248901,-0.482910,0.900635
-0.402222,0.075317,0.843750
0.522095,-0.245850,1.071411
-0.289429,-0.194580,0.817627
0.072266,0.090088,1.060547
0.316162,-0.474365,0.927368
-0.428467,0.038330,0.812622
0.499512,-0.170532,1.096436
-0.210693,-0.209839,0.844116
-0.013184,0.151855,1.062866
0.364258,-0.471680,0.951050
-0.464111,0.003784,0.806885
0.382202,-0.128174,1.056885
-0.111816,-0.249878,0.859253
-0.247803,0.208496,0.955200
0.425171,-0.387695,0.952637
-0.481689,-0.105957,0.757202
0.332886,-0.121704,1.052002
0.076172,-0.428223,0.825684
-0.304565,0.161377,0.914062
0.462769,-0.320679,1.003784
-0.452515,-0.100464,0.768433
0.228027,-0.033325,1.028076
0.132568,-0.476318,0.818481
-0.361694,0.120605,0.876221
0.489624,-0.299072,1.031006
-0.395752,-0.139526,0.770874
0.123657,0.059204,1.022461
0.211060,-0.496338,0.848755
-0.418457,0.055908,0.833984
0.514771,-0.302734,1.047119
-0.339233,-0.195923,0.775146
0.044067,0.152344,1.041260
0.267334,-0.406982,0.909424
-0.452759,0.016846,0.799683
0.503418,-0.301025,1.052734
-0.269409,-0.276611,0.783691
-0.019897,0.178955,1.046631
0.336304,-0.418213,0.934937
-0.488892,0.055786,0.791870
0.456421,-0.207153,1.061646
-0.157471,-0.296143,0.825928
-0.086182,0.163452,1.029785
0.380371,-0.425781,0.960083
-0.482788,0.002197,0.793823
0.434082,-0.132324,1.086914
-0.073364,-0.303101,0.834351
-0.154297,0.193237,1.020508
0.431396,-0.419678,0.991699
-0.474487,-0.073608,0.779785
0.397461,-0.084106,1.099487
0.025391,-0.391235,0.832520
-0.244141,0.214966,0.994141
0.475220,-0.399780,1.000610
-0.439819,-0.110962,0.783203
0.331787,-0.053467,1.079102
0.078979,-0.394775,0.849487
-0.284546,0.180298,0.952759
0.501953,-0.328857,1.045654
-0.416626,-0.135132,0.789185
0.261230,-0.039673,1.073120
0.118774,-0.417480,0.858521
-0.331299,0.146240,0.917847
0.523315,-0.282104,1.066406
-0.380005,-0.156982,0.792480
0.175293,0.028198,1.055664
0.210571,-0.468140,0.884521
-0.367554,0.071899,0.862183
0.522827,-0.238647,1.085815
-0.330444,-0.162231,0.802246
0.112549,0.090332,1.066528
0.289673,-0.508057,0.892578
-0.426025,0.034912,0.823608
0.533569,-0.231323,1.102417
-0.266846,-0.198120,0.821289
0.014893,0.175049,1.063599
0.357056,-0.451172,0.952148
-0.458130,0.024292,0.825195
0.504517,-0.205933,1.119507
-0.174805,-0.270264,0.829834
-0.054443,0.201294,1.057617
0.395264,-0.417969,0.976807
-0.481812,0.012939,0.821655
0.477295,-0.163330,1.116211
-0.041138,-0.321289,0.875732
-0.116089,0.210693,1.051025
0.414917,-0.368530,0.994873
-0.464478,-0.031372,0.804688
0.452759,-0.142944,1.124878
0.043945,-0.400635,0.882812
-0.176270,0.209595,1.037231
0.466553,-0.329712,1.042603
-0.444946,-0.062988,0.793945
0.390137,-0.087402,1.116333
0.075562,-0.417847,0.885010
-0.214233,0.172852,1.023926
0.507080,-0.335693,1.060059
-0.436646,-0.054321,0.807251
0.316528,-0.023682,1.093140
0.103882,-0.409912,0.890137
-0.251099,0.173950,1.017334
0.526001,-0.301392,1.102539
-0.411255,-0.125000,0.796509
0.293213,0.003174,1.109863
0.163452,-0.389160,0.918335
-0.319946,0.173340,0.963867
0.558594,-0.291748,1.114380
-0.360596,-0.169434,0.811279
0.219971,0.029175,1.089233
0.221069,-0.422485,0.920410
-0.346191,0.122192,0.923462
0.559570,-0.244507,1.118774
-0.310059,-0.205566,0.814331
0.141724,0.098511,1.086548
0.284668,-0.436768,0.945923
-0.384888,0.077026,0.873901
0.569580,-0.233765,1.130005
-0.259277,-0.235840,0.828979
0.066040,0.142456,1.090576
0.359985,-0.434082,0.973022
-0.423340,0.077148,0.870728
0.548706,-0.183105,1.147339
-0.164062,-0.258789,0.861816
-0.009644,0.216919,1.108276
0.395874,-0.427490,0.994629
-0.442993,0.018921,0.851929
0.524048,-0.155518,1.158325
-0.075317,-0.282349,0.880737
-0.077881,0.266235,1.116821
0.443970,-0.392822,1.017700
-0.439453,-0.022095,0.839355
0.492065,-0.119385,1.162964
-0.001099,-0.328125,0.889404
-0.137939,0.234985,1.062500
0.479370,-0.333862,1.067017
-0.425903,-0.084717,0.817017
0.450928,-0.081787,1.170410
0.044922,-0.371704,0.891113
-0.181885,0.222900,1.058472
0.510620,-0.311523,1.082886
-0.427002,-0.068237,0.814575
0.405273,-0.052734,1.157837
0.074463,-0.377808,0.906982
-0.228882,0.192383,1.042358
0.542969,-0.298096,1.119019
-0.408813,-0.107544,0.802490
0.339600,0.020386,1.160645
0.156250,-0.407959,0.925293
-0.283447,0.210449,1.026855
0.549072,-0.267090,1.124756
-0.370483,-0.133057,0.824097
0.284912,0.026001,1.140747
0.205322,-0.415649,0.950439
-0.329346,0.171387,0.969849
0.570557,-0.242676,1.131714
-0.331421,-0.172485,0.826904
0.209961,0.064331,1.133057
0.254883,-0.442505,0.952393
-0.351074,0.097656,0.909302
0.569092,-0.216553,1.133911
-0.282593,-0.184204,0.842285
0.145752,0.101685,1.113647
0.314819,-0.427124,0.984497
-0.405151,0.073853,0.880737
0.561890,-0.193481,1.155273
-0.220947,-0.212280,0.852173
0.066284,0.178467,1.117920
0.380981,-0.409180,0.991577
-0.422241,0.072388,0.880249
0.533203,-0.142700,1.173950
-0.137939,-0.285522,0.867065
-0.008301,0.184326,1.096313
0.417969,-0.385986,1.027832
-0.435791,-0.006958,0.847656
0.527832,-0.112549,1.184570
-0.003906,-0.316772,0.890259
-0.099243,0.236572,1.102173
0.447388,-0.344727,1.036987
-0.452026,-0.038940,0.843872
0.487671,-0.132324,1.174316
0.010376,-0.345825,0.903442
-0.167603,0.218628,1.078491
0.481079,-0.286987,1.074219
-0.436646,-0.056885,0.821045
0.405151,-0.083740,1.158325
0.072388,-0.380615,0.916626
-0.229736,0.192627,1.034546
0.530273,-0.265381,1.114502
-0.405518,-0.087769,0.819092
0.315674,0.000000,1.145142
0.148315,-0.408691,0.936646
-0.293945,0.122803,0.973145
0.565796,-0.253906,1.151123
-0.351929,-0.147217,0.820679
0.218262,0.101685,1.139893
0.237427,-0.425903,0.930054
-0.355957,0.097778,0.929321
0.567871,-0.235596,1.148315
-0.269897,-0.219482,0.837646
0.121582,0.142578,1.115601
0.278931,-0.396606,0.952148
-0.417358,0.045654,0.870483
0.590576,-0.253418,1.159424
-0.222168,-0.270752,0.847656
0.021973,0.203369,1.099365
0.343750,-0.395508,0.967163
-0.436035,0.013062,0.862427
0.545776,-0.212402,1.158936
-0.110352,-0.318726,0.875366
-0.032104,0.193481,1.087891
0.371094,-0.355469,0.978882
-0.440552,0.003906,0.843994
0.523560,-0.182495,1.159546
-0.067749,-0.353394,0.872192
-0.083984,0.161499,1.062012
0.431274,-0.344727,1.023804
-0.450562,-0.018921,0.829712
0.463989,-0.110962,1.165283
-0.028320,-0.343384,0.868896
-0.167603,0.178589,1.051514
0.459351,-0.303589,1.055420
-0.446411,-0.062622,0.820312
0.429932,-0.069824,1.165161
0.021729,-0.328125,0.876831
-0.264160,0.228027,1.014648
0.494385,-0.287231,1.075806
-0.417969,-0.142822,0.801636
0.355469,-0.067749,1.138794
0.083740,-0.353638,0.910400
-0.321289,0.190063,0.962280
0.527954,-0.255249,1.100342
-0.379272,-0.172974,0.799194
0.250000,-0.017334,1.127808
0.162720,-0.417358,0.926147
-0.385742,0.160278,0.913696
0.547729,-0.242188,1.103882
-0.325317,-0.200562,0.799561
0.131226,0.089844,1.098877
0.252319,-0.442017,0.941040
-0.421387,0.055542,0.878418
0.547485,-0.229004,1.128662
-0.282227,-0.215820,0.816162
0.055298,0.170410,1.102905
0.299683,-0.390137,0.957275
-0.454468,0.048462,0.865479
0.524414,-0.219604,1.117310
-0.208618,-0.287476,0.819092
0.012817,0.177979,1.093018
0.322510,-0.346680,0.954224
-0.470215,0.004150,0.822998
0.523315,-0.208862,1.142212
-0.159424,-0.331787,0.806763
-0.061157,0.146973,1.048950
0.355347,-0.355347,0.971313
-0.464966,0.010864,0.817749
0.511963,-0.168823,1.151367
-0.124512,-0.323730,0.808716
-0.154053,0.158203,1.023315
0.401123,-0.364624,0.987061
-0.478882,-0.031250,0.799438
0.456421,-0.116577,1.143311
-0.099121,-0.306274,0.818726
-0.205688,0.194458,1.023926
0.446533,-0.372803,1.013184
-0.494873,-0.045410,0.792969
0.396606,-0.090698,1.127808
-0.058105,-0.340820,0.821289
-0.250854,0.181396,0.991455
0.471680,-0.337158,1.034180
-0.499512,-0.063965,0.779663
0.333862,-0.068237,1.109253
0.021240,-0.383911,0.849121
-0.323486,0.189453,0.950806
0.476929,-0.290161,1.039185
-0.459717,-0.073853,0.773682
0.267090,-0.041016,1.106812
0.058838,-0.398438,0.862427
-0.371460,0.154541,0.914429
0.468628,-0.264038,1.048950
-0.413574,-0.150513,0.772827
0.200928,0.017578,1.098022
0.118530,-0.400146,0.874512
-0.442017,0.157104,0.885864
0.501587,-0.263428,1.071899
-0.381226,-0.170654,0.776245
0.106445,0.067505,1.057007
0.190063,-0.391846,0.898071
-0.465332,0.082642,0.849243
0.504517,-0.211304,1.095825
-0.326660,-0.230713,0.765625
0.033081,0.122681,1.058716
0.245850,-0.393433,0.901367
-0.487183,0.042480,0.821777
0.485107,-0.206909,1.089722
-0.227295,-0.308350,0.761841
-0.054810,0.147583,1.022827
0.296509,-0.370605,0.914795
-0.503052,0.010498,0.805298
0.457886,-0.198364,1.085938
-0.176880,-0.360474,0.745972
-0.145264,0.149414,0.993652
0.338867,-0.320801,0.946777
-0.530396,-0.036743,0.740356
0.408081,-0.166626,1.089355
-0.114380,-0.381958,0.788452
-0.258789,0.166138,0.972534
0.387817,-0.327637,0.969971
-0.535156,-0.031494,0.732666
0.364868,-0.110229,1.099609
-0.077148,-0.352539,0.809204
-0.333984,0.178833,0.941772
0.427002,-0.322754,1.000366
-0.510498,-0.067383,0.740723
0.279907,-0.045898,1.090454
-0.002808,-0.382568,0.824097
-0.412964,0.188477,0.914429
0.454834,-0.320801,1.010254
-0.466431,-0.103394,0.747192
0.181396,0.035278,1.066895
0.078003,-0.395142,0.835327
-0.471802,0.146118,0.868286
0.462769,-0.280396,1.033569
-0.444336,-0.166748,0.740845
0.089355,0.081787,1.044556
0.158081,-0.396118,0.862061
-0.519287,0.110229,0.829102
0.458252,-0.239990,1.045288
-0.350586,-0.249512,0.743164
0.000000,0.094604,1.028442
0.235840,-0.423584,0.879639
-0.545288,0.097412,0.805298
0.444458,-0.187012,1.053833
-0.259521,-0.282349,0.742065
-0.094360,0.129761,0.998535
0.293945,-0.426392,0.900146
-0.550415,0.049927,0.776978
0.422119,-0.167480,1.054321
-0.209473,-0.291260,0.739990
-0.208740,0.167847,0.976929
0.341431,-0.392334,0.935913
-0.543701,-0.021973,0.766968
0.380493,-0.118164,1.060669
-0.179199,-0.311768,0.727783
-0.296265,0.197021,0.936768
0.397461,-0.375854,0.953491
-0.544067,-0.066528,0.738403
0.314941,-0.103760,1.054321
-0.121582,-0.345581,0.757202
-0.362305,0.188110,0.903442
0.413208,-0.337158,0.971191
-0.528442,-0.065918,0.727417
0.236694,-0.036133,1.054688
-0.035767,-0.392822,0.793457
-0.428589,0.180786,0.877075
0.416260,-0.301636,0.980103
-0.512329,-0.066040,0.741211
0.146240,0.030029,1.033447
0.065918,-0.409180,0.818115
-0.505859,0.181274,0.850342
0.440674,-0.285156,0.992920
-0.440552,-0.143555,0.743652
0.061768,0.089844,1.027710
0.132812,-0.378052,0.838867
-0.552856,0.151855,0.818359
0.442505,-0.255859,1.008789
-0.357300,-0.247925,0.725830
-0.019409,0.113647,0.999634
0.211060,-0.423584,0.864258
-0.588989,0.101318,0.767090
0.428833,-0.193604,1.027954
-0.265747,-0.280151,0.729370
-0.106934,0.137451,0.989868
0.264038,-0.414673,0.879395
-0.600220,0.069702,0.760620
0.394165,-0.168579,1.017578
-0.205444,-0.339233,0.718994
-0.218872,0.169800,0.962158
0.320679,-0.375366,0.919312
-0.590332,0.016235,0.744263
0.346313,-0.124268,1.033447
-0.161499,-0.363159,0.725708
-0.298462,0.183594,0.915527
0.366577,-0.345459,0.931763
-0.582275,-0.019897,0.720825
0.271362,-0.086670,1.022461
-0.088501,-0.390137,0.748047
-0.378662,0.197144,0.906372
0.393921,-0.305908,0.956909
-0.561768,-0.061523,0.702881
0.169678,-0.036133,0.988403
0.024292,-0.430664,0.794556
-0.494995,0.204346,0.852417
0.416870,-0.249878,0.987305
-0.456909,-0.100708,0.751343
0.059326,0.091675,1.019897
0.080933,-0.421387,0.798462
-0.541260,0.147461,0.809570
0.442993,-0.241089,1.002319
-0.353027,-0.198486,0.739014
-0.031250,0.138550,0.999023
0.172974,-0.392944,0.833618
-0.575073,0.110107,0.781494
0.426270,-0.211914,1.019043
-0.245850,-0.281372,0.739624
-0.152832,0.171875,0.962402
0.262329,-0.385742,0.872437
-0.611694,0.068970,0.752319
0.409790,-0.201660,1.020874
-0.172363,-0.371582,0.711792
-0.218262,0.190918,0.932983
0.323608,-0.320312,0.905640
-0.622559,0.062378,0.717651
0.365234,-0.176147,1.013672
-0.110229,-0.395142,0.740967
-0.320679,0.179077,0.904541
0.367432,-0.331299,0.923462
-0.595703,0.068848,0.701538
0.254761,-0.077881,0.974976
-0.050049,-0.383911,0.767212
-0.383545,0.147217,0.874878
0.394531,-0.305420,0.941162
-0.565918,-0.015381,0.685547
0.168213,0.049316,0.995117
-0.008667,-0.365601,0.775024
-0.455322,0.147217,0.854492
0.423218,-0.324097,0.955811
-0.505371,-0.065430,0.726562
0.095215,0.126465,1.006592
0.049805,-0.342896,0.794800
-0.514771,0.194702,0.845215
0.435913,-0.278442,0.988281
-0.446655,-0.159912,0.720825
0.040771,0.125000,1.007324
0.109375,-0.407349,0.816895
-0.558960,0.201904,0.825928
0.442627,-0.241455,0.994263
-0.392578,-0.145386,0.739136
-0.000366,0.148804,1.011475
0.171997,-0.421143,0.837891
-0.573730,0.161621,0.796631
0.436279,-0.189331,1.006958
-0.317749,-0.211670,0.729858
-0.058350,0.167358,0.990234
0.219727,-0.427368,0.859131
-0.592773,0.132690,0.780518
0.425415,-0.147949,1.025391
-0.260986,-0.248291,0.724731
-0.126587,0.199463,0.974365
0.294067,-0.421631,0.879395
-0.608643,0.096069,0.767456
0.403687,-0.171509,1.008301
-0.192993,-0.316040,0.725464
-0.199951,0.220337,0.943848
0.333618,-0.370605,0.899536
-0.603394,0.067139,0.747437
0.381348,-0.127930,1.026733
-0.129761,-0.366821,0.719116
-0.256104,0.214722,0.908936
0.362671,-0.342163,0.910034
-0.596802,0.052856,0.727295
0.350342,-0.130493,1.001099
-0.078857,-0.389771,0.738281
-0.333496,0.203979,0.875732
0.395386,-0.313599,0.933472
-0.576416,0.011475,0.704956
0.259521,-0.061279,0.985840
-0.035156,-0.414673,0.739868
-0.382202,0.219360,0.864624
0.421509,-0.294189,0.950317
-0.545654,-0.022095,0.716431
0.161865,0.006470,0.980103
0.023193,-0.418823,0.767944
-0.441528,0.196899,0.863037
0.427002,-0.255005,0.970825
-0.489014,-0.066528,0.735107
0.098267,0.094238,1.009644
0.078491,-0.402344,0.802246
-0.525024,0.188843,0.821411
0.457642,-0.264526,0.985352
-0.403687,-0.109253,0.759033
0.040161,0.158569,1.018555
0.152222,-0.405518,0.825806
-0.564819,0.150024,0.783569
0.440918,-0.206665,1.001343
-0.297607,-0.199585,0.752563
-0.024902,0.208374,1.015259
0.217163,-0.389160,0.844971
-0.600098,0.141235,0.770996
0.419678,-0.193115,0.999390
-0.212646,-0.267456,0.750854
-0.090332,0.210693,0.992920
0.279053,-0.357666,0.882812
-0.617798,0.125732,0.764771
0.419678,-0.184448,1.015381
-0.124146,-0.360229,0.749390
-0.190063,0.203125,0.930176
0.330322,-0.337036,0.904907
-0.603027,0.092773,0.756470
0.363525,-0.140137,0.996704
-0.061768,-0.401611,0.746826
-0.263550,0.167480,0.884399
0.367554,-0.292603,0.922241
-0.555664,0.016602,0.733765
0.303467,-0.078369,0.994629
-0.028687,-0.390869,0.758667
-0.342407,0.158081,0.848999
0.407593,-0.269653,0.949097
-0.522339,-0.007690,0.731812
0.203491,0.002197,0.995728
0.026245,-0.428833,0.768311
-0.415771,0.164307,0.831665
0.438110,-0.255371,0.969849
-0.477783,-0.036987,0.750488
0.125488,0.103271,1.009521
0.087524,-0.417114,0.787109
-0.507568,0.172729,0.811768
0.446289,-0.252808,0.972778
-0.420654,-0.112793,0.742798
0.076172,0.115967,1.017944
0.149414,-0.412598,0.827515
-0.556641,0.184570,0.798340
0.452515,-0.199707,0.996094
-0.352417,-0.153320,0.749390
0.011230,0.143799,1.007446
0.213745,-0.416748,0.856323
-0.587280,0.158569,0.773682
0.450806,-0.187012,1.005005
-0.256104,-0.198486,0.764648
-0.061157,0.182495,0.989014
0.264648,-0.412720,0.871582
-0.592773,0.147827,0.772949
0.447144,-0.182495,1.014160
-0.195435,-0.250610,0.775269
-0.120972,0.190674,0.963379
0.311279,-0.388428,0.901367
-0.582520,0.091797,0.756470
0.418457,-0.154907,1.012695
-0.132202,-0.293945,0.768433
-0.169556,0.188843,0.943237
0.341675,-0.375488,0.912354
-0.571899,0.072754,0.762695
0.395508,-0.112671,1.027710
-0.099243,-0.342407,0.753784
-0.226807,0.181885,0.913086
0.376709,-0.358032,0.923462
-0.561646,0.041016,0.763428
0.355469,-0.117676,1.004028
-0.049194,-0.386597,0.764160
-0.263916,0.171997,0.881836
0.391968,-0.301270,0.946533
-0.539917,-0.053955,0.735352
0.317383,-0.112793,0.997070
-0.024292,-0.408691,0.752808
-0.310669,0.150146,0.843140
0.430420,-0.279297,0.962769
-0.521729,-0.071777,0.729858
0.243774,-0.031982,1.000000
0.025635,-0.430664,0.766235
-0.364624,0.148438,0.825317
0.435547,-0.298096,0.964844
-0.505615,-0.078979,0.732056
0.196533,-0.026367,0.986572
0.053345,-0.431396,0.775146
-0.407959,0.143066,0.811279
0.447998,-0.250610,0.990479
-0.463013,-0.083008,0.751465
0.132446,0.025269,0.993408
0.096191,-0.450317,0.788330
-0.460571,0.124878,0.793823
0.472046,-0.258423,0.987915
-0.426880,-0.105713,0.751343
0.050903,0.109253,1.005859
0.165894,-0.492310,0.806885
-0.512085,0.108276,0.766357
0.470703,-0.246094,0.996948
-0.351318,-0.121216,0.768921
-0.005615,0.175903,1.015137
0.203857,-0.451904,0.826782
-0.531372,0.054077,0.742554
0.479004,-0.244995,1.026123
-0.289795,-0.212524,0.765625
-0.060425,0.221802,1.013428
0.264526,-0.412476,0.872070
-0.554077,0.036987,0.735596
0.454224,-0.247559,1.013306
-0.249023,-0.241821,0.769409
-0.088257,0.193115,0.996826
0.298096,-0.401978,0.884277
-0.566406,0.060425,0.749023
0.441162,-0.240479,1.025757
-0.161987,-0.292603,0.789429
-0.121948,0.195557,0.975098
0.319824,-0.361816,0.905640
-0.569824,0.067627,0.751587
0.425903,-0.233887,1.006104
-0.112305,-0.337891,0.794312
-0.160767,0.151611,0.950073
0.355835,-0.372192,0.922241
-0.560913,0.047974,0.739624
0.389893,-0.178467,1.015991
-0.071289,-0.353027,0.809204
-0.183594,0.142212,0.940308
0.380737,-0.373779,0.932861
-0.546021,0.041626,0.756714
0.360474,-0.130981,1.015747
-0.025269,-0.394531,0.785278
-0.221313,0.153931,0.920166
0.394897,-0.374023,0.943115
-0.553345,-0.040039,0.739014
0.338745,-0.144897,1.008789
0.023682,-0.434937,0.783569
-0.290894,0.187622,0.886719
0.422607,-0.338257,0.964355
-0.489258,-0.107300,0.749146
0.292725,-0.113037,1.008301
0.038086,-0.443237,0.778076
-0.322876,0.129395,0.849487
0.437378,-0.345459,0.963989
-0.476685,-0.101318,0.755859
0.252930,-0.073608,1.012573
0.069824,-0.455078,0.781372
-0.380249,0.125488,0.836304
0.463867,-0.332764,0.981567
-0.443726,-0.141724,0.755859
0.191772,-0.019409,1.017944
0.098633,-0.444214,0.796021
-0.403809,0.123413,0.815186
0.470215,-0.306519,0.997314
-0.409912,-0.185425,0.745605
0.124756,0.018799,1.013306
0.149414,-0.470581,0.810059
-0.437622,0.076172,0.798584
0.477783,-0.280884,1.003296
-0.365356,-0.155151,0.773315
0.047729,0.083740,1.011108
0.233887,-0.515259,0.829468
-0.470459,0.027954,0.768921
0.472656,-0.256348,1.018555
-0.305908,-0.188232,0.787354
-0.035767,0.147705,1.013306
0.300903,-0.500977,0.886108
-0.504150,0.023071,0.768677
0.438843,-0.208984,1.042725
-0.206543,-0.239380,0.806885
-0.087280,0.160278,1.010742
0.340942,-0.451538,0.917480
-0.527832,-0.005615,0.759033
0.427246,-0.171387,1.062378
-0.101196,-0.316162,0.819336
-0.154663,0.203857,0.999756
0.375000,-0.418335,0.937012
-0.514526,-0.027466,0.764282
0.406616,-0.163940,1.044800
-0.025879,-0.363403,0.830200
-0.196167,0.193970,0.973267
0.401123,-0.379517,0.963867
-0.502075,-0.067505,0.749756
0.363647,-0.135986,1.049194
0.036499,-0.434448,0.812622
-0.244751,0.168945,0.948730
0.445190,-0.355469,0.984131
-0.488647,-0.067261,0.754028
0.303101,-0.080811,1.036743
0.078735,-0.469482,0.814331
-0.281372,0.130249,0.925781
0.468872,-0.339966,1.004761
-0.469360,-0.080688,0.756592
0.244141,-0.047607,1.033813
0.103149,-0.468140,0.825195
-0.326782,0.107056,0.900757
0.496582,-0.306763,1.037109
-0.432861,-0.116211,0.769531
0.189819,0.009277,1.038208
0.160278,-0.478394,0.850708
-0.382690,0.093262,0.867920
0.513672,-0.273071,1.062622
-0.380737,-0.164307,0.769775
0.123291,0.082520,1.047241
0.233521,-0.468994,0.887939
-0.416016,0.037964,0.828979
0.452759,-0.249268,1.017456
-0.328979,-0.209473,0.773804
-0.109619,0.186890,0.994141
0.332886,-0.456543,0.902954
-0.515259,0.009888,0.766602
0.414673,-0.172363,1.040283
-0.150879,-0.293701,0.789185
-0.163940,0.183472,0.978516
0.389282,-0.447266,0.932373
-0.523682,-0.008789,0.763062
0.387451,-0.134399,1.037842
-0.067871,-0.323853,0.800537
-0.220947,0.181396,0.957275
0.417480,-0.414917,0.954590
-0.499512,-0.074585,0.758301
0.327271,-0.085083,1.033813
0.018799,-0.414185,0.785522
-0.267456,0.160889,0.912842
0.445068,-0.367432,0.977661
-0.478271,-0.119751,0.745361
0.274048,-0.069946,1.023804
0.072876,-0.452637,0.792358
-0.340820,0.143066,0.881714
0.469238,-0.329346,0.996582
-0.430664,-0.143799,0.767822
0.187500,-0.021606,1.012817
0.120972,-0.445435,0.817505
-0.393066,0.112305,0.833862
0.484375,-0.265625,1.027100
-0.377808,-0.163452,0.776489
0.095459,0.055054,1.031006
0.219360,-0.513672,0.842041
-0.450195,0.064697,0.797241
0.477051,-0.236084,1.038086
-0.307251,-0.185059,0.783936
0.018555,0.115234,1.034424
0.281006,-0.500854,0.873901
-0.490234,0.026855,0.773438
0.484741,-0.231567,1.054810
-0.224487,-0.219971,0.814575
-0.091187,0.191528,1.014771
0.369019,-0.486450,0.924683
-0.493774,-0.020874,0.769531
0.439819,-0.163452,1.071899
-0.142944,-0.250977,0.824707
-0.149902,0.185547,1.007690
0.408813,-0.450439,0.962646
-0.488892,-0.040283,0.778564
0.390869,-0.101929,1.067749
-0.027222,-0.354614,0.824219
-0.211670,0.189941,0.981812
0.445679,-0.401001,0.988647
-0.469482,-0.083252,0.768188
0.339844,-0.083496,1.054077
0.068848,-0.395142,0.854126
-0.281128,0.191650,0.948486
0.488525,-0.345703,1.023560
-0.432129,-0.131226,0.782349
0.258667,-0.041138,1.053833
0.105469,-0.421631,0.841797
-0.326904,0.163452,0.931274
0.506348,-0.294434,1.051147
-0.385864,-0.131714,0.814453
0.176880,0.016479,1.050049
0.182861,-0.460449,0.867065
-0.387939,0.047607,0.845947
0.534912,-0.271606,1.082031
-0.333008,-0.190308,0.787354
0.087036,0.091797,1.048828
0.276001,-0.475952,0.900513
-0.434204,0.044556,0.821899
0.512085,-0.232178,1.084229
-0.249146,-0.248291,0.807861
0.003296,0.135864,1.048340
0.347046,-0.474854,0.929443
-0.476074,0.052490,0.802612
0.496216,-0.205933,1.097168
-0.159790,-0.246582,0.844727
-0.070801,0.196655,1.042969
0.390991,-0.409668,0.978027
-0.476562,0.005981,0.803467
0.460205,-0.137939,1.105591
-0.040894,-0.324585,0.861694
-0.137329,0.202759,1.039185
0.434814,-0.388184,0.998657
-0.466309,-0.053833,0.785400
0.418823,-0.115845,1.115601
0.059082,-0.390625,0.875366
-0.210327,0.217529,1.019775
0.491577,-0.345215,1.035278
-0.438965,-0.078125,0.795898
0.332153,-0.063477,1.086182
0.108643,-0.402710,0.886597
-0.261475,0.185669,0.990356
0.509766,-0.286499,1.071411
-0.404175,-0.130127,0.800537
0.270874,-0.024536,1.088623
0.168823,-0.442871,0.895020
-0.348511,0.122314,0.915894
0.553223,-0.251343,1.116089
-0.312988,-0.163940,0.825928
0.142944,0.117432,1.096924
0.268555,-0.480957,0.910645
-0.396362,0.039917,0.859985
0.554932,-0.239380,1.125366
-0.266968,-0.225342,0.813965
0.058350,0.194580,1.099121
0.344482,-0.420532,0.969727
-0.451050,0.030518,0.840698
0.531860,-0.217407,1.137329
-0.161377,-0.286377,0.836304
-0.030396,0.200073,1.070312
0.403564,-0.373901,1.009399
-0.467041,0.000488,0.824829
0.499390,-0.167603,1.152222
-0.029541,-0.358276,0.884888
-0.117310,0.211792,1.053101
0.435913,-0.318848,1.024780
-0.447021,0.005493,0.824219
0.439819,-0.144409,1.128296
0.066284,-0.427002,0.905518
-0.176392,0.166260,1.053467
0.496582,-0.283569,1.087891
-0.439209,-0.028931,0.803711
0.357422,-0.035400,1.122437
0.121704,-0.396240,0.935181
-0.265259,0.136475,1.018677
0.532837,-0.273438,1.129028
-0.380249,-0.117065,0.817139
0.277466,0.074829,1.144043
0.215698,-0.427124,0.931396
-0.348755,0.140503,0.959229
0.566528,-0.261475,1.130493
-0.301270,-0.180298,0.836060
0.168457,0.109497,1.104980
0.296143,-0.434326,0.953247
-0.382446,0.079834,0.887573
0.566528,-0.226685,1.143433
-0.231201,-0.229126,0.854614
0.062012,0.169067,1.104858
0.363525,-0.422363,0.986694
-0.428467,0.048096,0.863770
0.540771,-0.173096,1.152344
-0.120483,-0.260742,0.882446
-0.032837,0.258057,1.125488
0.424316,-0.392700,1.006714
-0.451538,0.001587,0.856445
0.508179,-0.172119,1.153687
-0.030396,-0.358521,0.880249
-0.087769,0.209351,1.086182
0.453247,-0.320068,1.051758
-0.451294,-0.026978,0.833862
0.477295,-0.120605,1.165039
0.039551,-0.373535,0.887695
-0.155640,0.217163,1.072144
0.501587,-0.300659,1.090576
-0.446899,-0.051147,0.824829
0.402222,-0.064819,1.156982
0.070801,-0.379028,0.903564
-0.207397,0.169434,1.047485
0.526489,-0.257324,1.124512
-0.421021,-0.077637,0.807617
0.360229,-0.019775,1.160400
0.135254,-0.420410,0.924194
-0.294189,0.177979,1.004028
0.557373,-0.263794,1.141113
-0.362427,-0.136597,0.825439
0.274536,0.039307,1.144165
0.203125,-0.404297,0.942383
-0.331665,0.149536,0.950806
0.557861,-0.241333,1.137451
-0.329224,-0.197266,0.813354
0.232910,0.040649,1.138062
0.250000,-0.409058,0.965210
-0.382202,0.125366,0.921509
0.575806,-0.243896,1.140625
-0.276611,-0.233887,0.828369
0.153198,0.141846,1.138428
0.300049,-0.431274,0.961304
-0.391602,0.097290,0.906494
0.569946,-0.223267,1.149414
-0.270630,-0.235352,0.836914
0.086792,0.139526,1.107300
0.348877,-0.435913,0.980103
-0.405273,0.091919,0.895020
0.561768,-0.174438,1.161743
-0.229980,-0.257935,0.827393
0.040649,0.154663,1.099365
0.367188,-0.423584,0.990479
-0.412354,0.036743,0.879150
0.545288,-0.132080,1.180420
-0.183960,-0.272339,0.841187
-0.009155,0.181885,1.099487
0.395752,-0.404785,0.996948
-0.434082,0.032593,0.868896
0.545898,-0.145142,1.169556
-0.125610,-0.257324,0.865479
-0.046875,0.184326,1.083008
0.410400,-0.392944,1.015991
-0.442993,-0.027710,0.860352
0.527222,-0.147461,1.166504
-0.062134,-0.278931,0.860596
-0.087891,0.196777,1.073120
0.431152,-0.326294,1.031494
-0.447021,-0.044189,0.833252
0.498657,-0.138794,1.175293
-0.048584,-0.344971,0.846436
-0.160645,0.231934,1.051636
0.455078,-0.328613,1.041260
-0.444214,-0.064575,0.825317
0.457275,-0.094482,1.166626
-0.028076,-0.300903,0.864868
-0.206299,0.237305,1.045044
0.482666,-0.330200,1.070068
-0.461670,-0.094116,0.795288
0.412720,-0.043945,1.170654
0.014526,-0.304932,0.887329
-0.267944,0.236694,1.019409
0.512817,-0.322144,1.080933
-0.444824,-0.152954,0.779419
0.358398,-0.055054,1.154663
0.053223,-0.328125,0.894165
-0.314453,0.205078,0.966064
0.548340,-0.297729,1.099121
-0.392700,-0.188110,0.791382
0.256714,-0.026245,1.114380
0.124146,-0.374390,0.889893
-0.343018,0.154663,0.912842
0.541748,-0.240234,1.109985
-0.341919,-0.201416,0.814331
0.158569,0.036377,1.099731
0.208496,-0.428833,0.909546
-0.408813,0.112305,0.874023
0.527100,-0.175415,1.121338
-0.285156,-0.233887,0.817017
0.074341,0.101807,1.089600
0.280151,-0.433838,0.922119
-0.469482,0.075806,0.850098
0.513428,-0.167847,1.114380
-0.172852,-0.277710,0.830444
-0.016235,0.140747,1.071777
0.334961,-0.401978,0.955444
-0.491211,0.032715,0.825928
0.488892,-0.158936,1.120483
-0.132812,-0.309204,0.799072
-0.110229,0.157593,1.043335
0.385254,-0.371094,0.985474
-0.489990,-0.023438,0.801270
0.447510,-0.129761,1.128662
-0.109009,-0.299316,0.810547
-0.227417,0.215454,1.019897
0.448608,-0.339478,1.020142
-0.481934,-0.093384,0.780029
0.372070,-0.100952,1.113647
-0.034912,-0.341797,0.829712
-0.310425,0.186279,0.952393
0.472412,-0.285156,1.045532
-0.444580,-0.100952,0.761475
0.268311,-0.031738,1.106567
0.071045,-0.402832,0.871948
-0.405273,0.149048,0.906006
0.480347,-0.269043,1.051270
-0.406006,-0.161499,0.751953
0.167847,0.059814,1.093384
0.164429,-0.421143,0.887451
-0.454956,0.122559,0.874756
0.496094,-0.222778,1.078613
-0.378662,-0.202271,0.760864
0.052246,0.108154,1.063354
0.236694,-0.438599,0.908813
-0.496460,0.054810,0.832642
0.486572,-0.207642,1.089844
-0.276611,-0.260498,0.759399
-0.027832,0.131104,1.039062
0.281982,-0.390991,0.907715
-0.516235,0.060913,0.820435
0.473145,-0.200806,1.077637
-0.210571,-0.275635,0.762695
-0.097290,0.117554,1.010010
0.340698,-0.389404,0.936279
-0.528687,0.010010,0.794556
0.432617,-0.160156,1.083740
-0.180542,-0.293457,0.754761
-0.199951,0.155396,0.974487
0.386475,-0.377197,0.967163
-0.525391,-0.049805,0.775024
0.385742,-0.125122,1.084595
-0.162354,-0.301758,0.765381
-0.281860,0.183105,0.952515
0.420288,-0.379150,0.988770
-0.527832,-0.113403,0.749146
0.332275,-0.099243,1.078125
-0.100586,-0.314941,0.773682
-0.347778,0.192993,0.901123
0.430664,-0.309082,0.999878
-0.498535,-0.149414,0.731323
0.261597,-0.087524,1.061401
-0.027588,-0.387207,0.805664
-0.425903,0.179565,0.873047
0.446655,-0.278931,1.006592
-0.473389,-0.092773,0.749390
0.177612,0.007080,1.055664
0.064453,-0.416992,0.830444
-0.489624,0.155029,0.850098
0.451782,-0.276978,1.018799
-0.438232,-0.146362,0.731079
0.083984,0.098999,1.039429
0.138794,-0.401489,0.860718
-0.536987,0.115234,0.815552
0.461792,-0.269775,1.027222
-0.374146,-0.205322,0.736816
0.017822,0.127441,1.038208
0.183838,-0.408081,0.854614
-0.557495,0.098877,0.796021
0.457031,-0.254517,1.035034
-0.311401,-0.298462,0.707397
-0.042358,0.133179,1.018066
0.224121,-0.405151,0.852905
-0.587402,0.109619,0.782837
0.439941,-0.250732,1.019409
-0.269653,-0.325684,0.713379
-0.076904,0.100464,0.998901
0.247070,-0.402710,0.863892
-0.589355,0.091675,0.769287
0.442993,-0.211060,1.023193
-0.234131,-0.292847,0.740112
-0.148926,0.136963,0.978882
0.286621,-0.436646,0.884888
-0.590332,0.055664,0.762573
0.425171,-0.177124,1.038818
-0.233521,-0.266357,0.727783
-0.197754,0.167480,0.963745
0.328369,-0.401245,0.915161
-0.583496,0.022949,0.753174
0.406250,-0.185425,1.043335
-0.214478,-0.334229,0.714233
-0.247192,0.180298,0.942749
0.360352,-0.383545,0.920166
-0.584106,0.009399,0.740479
0.372070,-0.125610,1.047974
-0.178833,-0.348877,0.714966
-0.286499,0.177368,0.911987
0.361816,-0.359009,0.937988
-0.594238,-0.020020,0.718018
0.327759,-0.140625,1.031982
-0.126831,-0.391968,0.730713
-0.348267,0.200073,0.885742
0.388672,-0.340942,0.950195
-0.571655,-0.026733,0.710449
0.266235,-0.069458,1.017578
-0.091919,-0.383057,0.748169
-0.389893,0.206055,0.895386
0.415283,-0.323486,0.966675
-0.560913,-0.073853,0.704102
0.183838,-0.015503,1.016602
-0.008179,-0.405518,0.787476
-0.486938,0.200439,0.845581
0.425049,-0.269653,0.989868
-0.470093,-0.116943,0.738647
0.071777,0.071777,1.020264
0.062012,-0.418701,0.795410
-0.541382,0.174561,0.825806
0.432617,-0.237427,0.998779
-0.364746,-0.182007,0.751953
-0.026733,0.135010,1.000854
0.181763,-0.426636,0.832397
-0.603027,0.111816,0.762207
0.434448,-0.221069,1.016479
-0.234863,-0.301392,0.724976
-0.123535,0.184692,0.966675
0.251831,-0.331909,0.870361
-0.619263,0.072754,0.729492
0.383667,-0.199219,1.008911
-0.159424,-0.401978,0.712402
-0.197266,0.172241,0.937866
0.317261,-0.319458,0.899658
-0.620850,0.111694,0.727905
0.330688,-0.156494,0.997803
-0.103027,-0.406738,0.738525
-0.326782,0.156250,0.891479
0.368408,-0.306396,0.935669
-0.563354,0.037109,0.704224
0.215332,-0.052856,0.969849
-0.016602,-0.400146,0.766479
-0.422119,0.188965,0.874756
0.395142,-0.276855,0.956665
-0.548218,-0.044800,0.703003
0.146606,0.039673,1.001343
0.057007,-0.394409,0.799072
-0.526245,0.202271,0.841675
0.430298,-0.268066,0.966797
-0.416870,-0.122803,0.743408
0.027344,0.149658,1.011841
0.140991,-0.390991,0.826660
-0.566162,0.150391,0.813843
0.429565,-0.207520,1.005493
-0.308960,-0.228394,0.726562
-0.060181,0.191406,0.994019
0.221558,-0.398193,0.841675
-0.592529,0.122681,0.793335
0.422607,-0.171509,1.021973
-0.220581,-0.306763,0.722656
-0.153564,0.188721,0.953613
0.301147,-0.360840,0.895996
-0.609985,0.077637,0.748413
0.390137,-0.171875,1.012085
-0.134399,-0.369751,0.725952
-0.263062,0.215698,0.910034
0.363281,-0.340454,0.912476
-0.578003,0.049805,0.738281
0.311401,-0.104980,1.001221
-0.083984,-0.394287,0.731201
-0.343994,0.186646,0.866577
0.398438,-0.305664,0.937744
-0.557861,-0.003540,0.712646
0.218628,-0.010254,0.998413
-0.005371,-0.424561,0.765747
-0.432617,0.183350,0.844116
0.413818,-0.275635,0.952393
-0.493286,-0.049438,0.728882
0.138184,0.074707,1.015747
0.078857,-0.396973,0.809570
-0.517944,0.196289,0.818604
0.426392,-0.201904,0.981201
-0.389404,-0.118408,0.757568
0.049316,0.110596,1.007446
0.155273,-0.403931,0.837769
-0.574707,0.174438,0.796265
0.430664,-0.193237,1.003052
-0.291382,-0.204956,0.745605
-0.060059,0.175293,0.995361
0.252563,-0.397339,0.870239
-0.597778,0.127197,0.774658
0.422119,-0.165405,1.009277
-0.183716,-0.278320,0.751099
-0.183228,0.213745,0.942383
0.341675,-0.371338,0.914673
-0.588745,0.055420,0.744385
0.367920,-0.115356,1.010010
-0.095947,-0.352539,0.741455
-0.282471,0.211548,0.898926
0.397339,-0.345459,0.930786
-0.553833,-0.010620,0.734009
0.270386,-0.054077,0.995483
-0.026611,-0.382935,0.757812
-0.369629,0.208618,0.863403
0.419189,-0.282227,0.941650
-0.494751,-0.076416,0.739624
0.168457,0.025269,1.006226
0.030518,-0.414062,0.769531
-0.469849,0.168335,0.809082
0.471802,-0.249512,0.992554
-0.420410,-0.093750,0.747192
0.036865,0.186035,1.029907
0.141235,-0.404419,0.808838
-0.545532,0.101318,0.766968
0.447144,-0.221313,1.012939
-0.278442,-0.192017,0.765381
-0.042358,0.242432,1.025146
0.239380,-0.392822,0.842773
-0.600830,0.109863,0.746948
0.441162,-0.219116,1.018188
-0.161377,-0.310547,0.769043
-0.136230,0.203979,0.949219
0.318970,-0.335938,0.893799
-0.587891,0.124268,0.742798
0.388550,-0.136963,1.008667
-0.078003,-0.380249,0.752686
-0.221802,0.169312,0.899048
0.373657,-0.331421,0.926514
-0.552856,0.034790,0.743774
0.320557,-0.057617,1.009399
-0.031494,-0.404663,0.733154
-0.314331,0.178101,0.858032
0.412720,-0.307251,0.949463
-0.516968,-0.056519,0.755859
0.241455,-0.047607,0.996460
0.026367,-0.425171,0.760498
-0.398560,0.174927,0.817383
0.436523,-0.247070,0.978027
-0.461426,-0.115601,0.748169
0.145874,0.034912,1.020264
0.077759,-0.456909,0.776855
-0.491089,0.165894,0.792725
0.443115,-0.221191,0.990845
-0.370728,-0.114990,0.773193
0.037842,0.117798,1.012085
0.171265,-0.449829,0.820068
-0.549316,0.129028,0.758423
0.456543,-0.197754,1.014160
-0.261963,-0.210083,0.776978
-0.071411,0.195190,0.991821
0.269897,-0.426514,0.866699
-0.582520,0.078857,0.754639
0.432373,-0.197632,1.023193
-0.133301,-0.307251,0.777588
-0.147095,0.222046,0.968140
0.331787,-0.356934,0.911743
-0.572510,0.042480,0.751709
0.379761,-0.158203,1.012451
-0.051636,-0.385986,0.773315
-0.225708,0.187012,0.918457
0.387207,-0.321289,0.936646
-0.547607,-0.003540,0.742188
0.313721,-0.117188,0.983154
0.005371,-0.425903,0.773315
-0.300171,0.127441,0.864136
0.429810,-0.306763,0.961792
-0.523926,-0.048828,0.724487
0.226318,-0.027222,0.989868
0.060547,-0.449585,0.786743
-0.355591,0.094971,0.838379
0.449097,-0.290283,0.973511
-0.471313,-0.053589,0.755127
0.125732,0.099854,1.016602
0.114014,-0.427612,0.801270
-0.448975,0.078979,0.801392
0.469727,-0.289673,0.992798
-0.419800,-0.116089,0.744995
0.057861,0.158203,1.022339
0.173096,-0.403076,0.835205
-0.509277,0.064819,0.758301
0.474976,-0.285522,1.014893
-0.320435,-0.228882,0.761108
-0.028198,0.169067,1.016846
0.257690,-0.413818,0.870972
-0.550049,0.064819,0.730835
0.456299,-0.240723,1.018555
-0.218750,-0.258179,0.787109
-0.099976,0.164429,0.989380
0.327759,-0.403564,0.914062
-0.564941,0.070312,0.755493
0.407715,-0.192993,1.016235
-0.111206,-0.322510,0.795532
-0.178589,0.160156,0.951538
0.377686,-0.411621,0.923462
-0.541382,0.011597,0.758179
0.362305,-0.101807,1.013672
-0.016113,-0.372437,0.779663
-0.259521,0.167358,0.915649
0.420288,-0.415527,0.947021
-0.506592,-0.106812,0.748901
0.293823,-0.080933,1.015015
0.038818,-0.417603,0.773071
-0.337280,0.171753,0.862793
0.452759,-0.332886,0.970825
-0.455688,-0.138550,0.758789
0.200928,-0.051270,0.993896
0.084595,-0.449829,0.791992
-0.388550,0.115967,0.822144
0.481812,-0.307861,0.993652
-0.429810,-0.166748,0.746216
0.118042,0.055664,1.027588
0.156738,-0.461060,0.823120
-0.458374,0.085083,0.795288
0.470703,-0.279297,1.014160
-0.356079,-0.195190,0.762329
0.021851,0.110107,1.025513
0.255493,-0.509521,0.862305
-0.495239,0.037231,0.769287
0.471558,-0.244873,1.023193
-0.266235,-0.222900,0.780640
-0.056885,0.196411,1.031128
0.319092,-0.432251,0.916626
-0.519043,0.017822,0.770874
0.444214,-0.228638,1.038086
-0.179321,-0.270142,0.803101
-0.118408,0.189331,1.008423
0.364990,-0.434448,0.931885
-0.515991,0.000366,0.777466
0.422607,-0.172974,1.051636
-0.094360,-0.353149,0.793335
-0.155640,0.173584,0.993042
0.395508,-0.399902,0.964111
-0.514526,-0.023071,0.769531
0.384888,-0.176636,1.039795
-0.030518,-0.400513,0.803223
-0.196777,0.159058,0.961548
0.427490,-0.344727,0.983398
-0.501099,-0.056641,0.765869
0.348877,-0.146484,1.030640
0.039673,-0.457520,0.812866
-0.261108,0.142700,0.924927
0.453003,-0.339722,0.989380
-0.452881,-0.078247,0.786255
0.305786,-0.102417,1.040405
0.063477,-0.455322,0.816162
-0.288818,0.115845,0.901855
0.484741,-0.330078,1.019653
-0.442627,-0.091431,0.776489
0.246216,-0.041626,1.037231
0.106323,-0.465210,0.832275
-0.327148,0.100098,0.893311
0.484619,-0.265015,1.039429
-0.409058,-0.124512,0.765625
0.201294,0.025024,1.065186
0.149536,-0.477417,0.862793
-0.373047,0.092163,0.888550
0.523438,-0.293701,1.058960
-0.392822,-0.138062,0.776123
0.132080,0.073364,1.048828
0.222534,-0.500610,0.874878
-0.380127,0.043091,0.855103
0.510986,-0.239258,1.071655
-0.361450,-0.191284,0.766846
0.089844,0.104370,1.051636
0.286987,-0.506714,0.888062
-0.426392,0.032349,0.821899
0.506470,-0.234253,1.072998
-0.280884,-0.206543,0.806885
0.030151,0.136230,1.047729
0.341797,-0.505737,0.925171
-0.469971,0.007935,0.803345
0.497925,-0.202637,1.096558
-0.198120,-0.229248,0.834839
-0.034424,0.223267,1.074341
0.367920,-0.444336,0.946533
-0.480103,0.015747,0.817139
0.492310,-0.210571,1.101562
-0.105957,-0.258057,0.859619
-0.113281,0.253906,1.062378
0.412476,-0.382080,0.989746
-0.476318,-0.025391,0.812988
0.451416,-0.161255,1.118408
-0.013306,-0.359497,0.861328
-0.154663,0.214355,1.040405
0.443848,-0.327026,1.020264
-0.469238,-0.043213,0.800171
0.409912,-0.135132,1.107056
0.082764,-0.426514,0.872070
-0.216431,0.187500,1.009644
0.481934,-0.283691,1.052368
-0.432861,-0.082886,0.798096
0.338379,-0.072754,1.091919
0.117554,-0.428833,0.887329
-0.288452,0.172363,0.986328
0.535889,-0.263184,1.102661
-0.393433,-0.106445,0.802979
0.237793,0.031738,1.090820
0.210449,-0.453735,0.931763
-0.348877,0.098633,0.929077
0.553955,-0.246826,1.125977
-0.335083,-0.169556,0.806519
0.155396,0.126465,1.109619
0.280640,-0.468506,0.936157
-0.398315,0.062744,0.866455
0.555664,-0.210815,1.137085
-0.261230,-0.238892,0.814453
0.075073,0.138794,1.085815
0.341919,-0.447266,0.966675
-0.427002,0.061768,0.854980
0.532349,-0.196777,1.132202
-0.204346,-0.248657,0.837646
0.028442,0.169312,1.089478
0.397339,-0.411377,0.996826
-0.446533,0.049194,0.852051
0.514648,-0.156738,1.140503
-0.107544,-0.277344,0.874023
-0.062012,0.212036,1.082031
0.437134,-0.394897,1.024536
-0.444336,-0.002075,0.841553
0.486328,-0.106323,1.160645
-0.018433,-0.321777,0.891113
-0.113159,0.212036,1.078491
0.468018,-0.376465,1.039673
-0.437988,-0.026611,0.837769
0.308838,-0.040283,1.083618
0.043213,-0.352661,0.896118
-0.313965,0.172485,0.952515
0.521973,-0.307739,1.062500
-0.432983,-0.062988,0.820679
0.235474,0.019897,1.079468
0.170288,-0.425415,0.882690
-0.355103,0.127686,0.913330
0.547974,-0.297607,1.092896
-0.362061,-0.189331,0.787598
0.165039,0.071289,1.075073
0.255371,-0.449707,0.906616
-0.397827,0.105835,0.871338
0.555908,-0.288574,1.085205
-0.291382,-0.201416,0.822510
0.077759,0.105225,1.059814
0.317993,-0.454102,0.942383
-0.410767,0.063477,0.845947
0.527466,-0.197510,1.105713
-0.208496,-0.224854,0.847900
-0.020996,0.188477,1.077148
0.390503,-0.440308,0.978394
-0.438232,0.028076,0.841919
0.485107,-0.135864,1.118896
-0.103027,-0.262207,0.872559
-0.084961,0.205078,1.068481
0.428101,-0.381592,1.014526
-0.446777,-0.037231,0.821533
0.466064,-0.087891,1.157715
0.048340,-0.361450,0.888794
-0.176880,0.238647,1.058716
0.477173,-0.343018,1.046143
-0.442993,-0.062744,0.812744
0.398071,-0.074341,1.141357
0.084351,-0.391968,0.897827
-0.222656,0.220581,1.037964
0.520630,-0.283447,1.086060
-0.414307,-0.081909,0.814087
0.320435,-0.039307,1.110596
0.153564,-0.429321,0.916138
-0.295166,0.127930,0.968262
0.548706,-0.219116,1.142822
-0.348389,-0.158936,0.814697
0.209473,0.087280,1.112183
0.258423,-0.447144,0.940186
-0.359009,0.089478,0.911987
0.563721,-0.245117,1.134155
-0.280273,-0.209106,0.837402
0.115967,0.156616,1.096558
0.314087,-0.414185,0.959106
-0.400024,0.067627,0.876465
0.555420,-0.197510,1.163452
-0.208740,-0.281250,0.829956
0.044312,0.180908,1.099121
0.368652,-0.400024,0.981445
-0.438354,0.071533,0.870483
0.550293,-0.194092,1.162476
-0.120361,-0.308594,0.873169
-0.046753,0.191650,1.092896
0.426270,-0.400269,1.016479
-0.437744,0.030762,0.860107
0.519897,-0.116455,1.172485
-0.023682,-0.336304,0.898071
-0.087036,0.178833,1.081665
0.442627,-0.377563,1.034424
-0.432983,0.005737,0.842163
0.505737,-0.107056,1.177246
0.030029,-0.345581,0.902466
-0.147461,0.205933,1.071777
0.467285,-0.327026,1.066528
-0.439209,-0.056030,0.824585
0.466553,-0.090332,1.180176
0.031860,-0.341431,0.914673
-0.216309,0.234375,1.060181
0.509155,-0.303223,1.096069
-0.423706,-0.074951,0.820557
0.410034,-0.063110,1.155273
0.086670,-0.344238,0.931641
-0.270386,0.218140,1.028809
0.543091,-0.287476,1.115723
-0.386475,-0.111938,0.822876
0.327759,0.005615,1.152954
0.152710,-0.379028,0.925781
-0.304565,0.171509,0.976440
0.564575,-0.253784,1.138062
-0.342773,-0.171143,0.819336
0.242310,0.066406,1.135620
0.215942,-0.416260,0.943604
-0.333618,0.109375,0.946167
0.573120,-0.270508,1.140015
-0.331177,-0.191284,0.820679
0.171387,0.120483,1.123657
0.279663,-0.418823,0.954102
-0.388672,0.104614,0.918091
0.576538,-0.250122,1.144653
-0.300049,-0.228638,0.808960
0.110229,0.106812,1.099976
0.318970,-0.396973,0.977173
-0.418091,0.094849,0.892944
0.566040,-0.207764,1.153809
-0.235596,-0.233154,0.851562
0.033813,0.130737,1.088379
0.355713,-0.389771,0.991699
-0.429565,0.041626,0.864868
0.549683,-0.153442,1.164673
-0.130005,-0.275146,0.872803
-0.028076,0.181763,1.087280
0.377319,-0.369385,0.994263
-0.446411,-0.014771,0.843140
0.526611,-0.168823,1.158203
-0.078857,-0.337036,0.847412
-0.096802,0.192749,1.064453
0.431885,-0.354492,1.020874
-0.457520,-0.031250,0.821167
0.480957,-0.119141,1.161743
-0.036011,-0.348267,0.853882
-0.182617,0.191040,1.030884
0.463379,-0.331665,1.052979
-0.467285,-0.063110,0.803833
0.424561,-0.098145,1.157837
0.010010,-0.341919,0.873169
-0.248291,0.225586,1.016479
0.483398,-0.265991,1.082275
-0.437134,-0.112549,0.793213
0.342407,-0.068481,1.147217
0.073975,-0.375610,0.891968
-0.319458,0.187256,0.966919
0.505981,-0.245117,1.093384
-0.407959,-0.149292,0.783813
0.260498,-0.019531,1.129395
0.160156,-0.408691,0.912354
-0.387695,0.146118,0.911011
0.516113,-0.225586,1.086304
-0.335693,-0.175415,0.798096
0.136963,0.053833,1.090332
0.233887,-0.390503,0.936401
-0.435181,0.083496,0.877930
0.516357,-0.196533,1.110962
-0.279785,-0.252319,0.790894
0.038330,0.117065,1.072388
0.305176,-0.387817,0.947388
-0.462524,0.039917,0.835693
0.498413,-0.162476,1.112183
-0.159790,-0.295044,0.810791
-0.065430,0.158325,1.050415
0.345459,-0.369995,0.958862
-0.485718,-0.027100,0.803589
0.478271,-0.169922,1.122070
-0.117065,-0.312622,0.806763
-0.176270,0.177124,1.016113
0.403198,-0.331177,0.993042
-0.503662,-0.049194,0.770630
0.416870,-0.151978,1.120117
-0.068848,-0.334961,0.828979
-0.255737,0.191772,0.983521
0.432251,-0.293701,1.022461
-0.498535,-0.071777,0.766479
0.332886,-0.111572,1.100220
0.005737,-0.382202,0.849365
-0.323486,0.165405,0.939941
0.450684,-0.277588,1.030029
-0.456055,-0.109741,0.751099
0.251587,-0.028809,1.085205
0.062988,-0.396484,0.850098
-0.393677,0.150391,0.909912
0.484863,-0.256592,1.060669
-0.433960,-0.159912,0.755615
0.135742,0.052490,1.070435
0.153442,-0.440796,0.873535
-0.464844,0.104370,0.857056
0.491455,-0.223022,1.080322
-0.370239,-0.177979,0.767578
0.031982,0.121826,1.050415
0.220581,-0.406494,0.887695
-0.502808,0.049683,0.821655
0.482666,-0.231812,1.074097
-0.262573,-0.284546,0.755371
-0.054810,0.137085,1.013550
0.269653,-0.385132,0.885864
-0.519775,0.044678,0.789185
0.462769,-0.218750,1.067993
-0.197144,-0.347534,0.754395
-0.133057,0.155396,0.999390
0.317261,-0.367065,0.914917
-0.552124,0.014160,0.755249
0.434692,-0.189819,1.072510
-0.162842,-0.326294,0.762573
-0.223633,0.179932,0.987061
0.374756,-0.356445,0.960815
-0.574585,0.003174,0.754272
0.363770,-0.145020,1.063232
-0.110840,-0.365967,0.776855
-0.303711,0.160278,0.926025
0.403564,-0.352417,0.969849
-0.546387,-0.006836,0.755615
0.292480,-0.076416,1.055664
-0.073486,-0.348877,0.790405
-0.361084,0.153931,0.900146
0.422485,-0.335083,0.987549
-0.515991,-0.072632,0.722168
0.223633,0.000488,1.045776
-0.006592,-0.365845,0.799927
-0.446167,0.173096,0.879028
0.440796,-0.338867,0.989502
-0.505859,-0.133057,0.708496
0.151123,0.029297,1.030029
0.053955,-0.372559,0.814453
-0.496704,0.174683,0.847168
0.456177,-0.294800,1.012085
-0.452881,-0.186035,0.727173
0.079590,0.071533,1.022583
0.083496,-0.368164,0.822021
-0.526001,0.131592,0.840088
0.474976,-0.298096,1.026611
-0.379761,-0.227539,0.738159
-0.016724,0.150269,1.006592
0.164551,-0.405762,0.831177
-0.549072,0.097778,0.807129
0.453247,-0.248169,1.027954
-0.320679,-0.244019,0.742676
-0.056885,0.152466,1.000122
0.231201,-0.421387,0.859985
-0.581055,0.071777,0.774658
0.427734,-0.207520,1.030762
-0.265259,-0.297729,0.715698
-0.136230,0.160889,0.981323
0.288086,-0.416016,0.884888
-0.594482,0.072266,0.775024
0.404541,-0.192139,1.025635
-0.213257,-0.323975,0.716187
-0.209595,0.172363,0.951904
0.336792,-0.367432,0.922119
-0.591309,0.012817,0.742554
0.363892,-0.143921,1.037109
-0.177368,-0.375000,0.701782
-0.287109,0.177856,0.915649
0.370605,-0.372437,0.925537
-0.575562,0.005859,0.745728
0.297363,-0.082031,1.023682
-0.119995,-0.369019,0.731201
-0.376587,0.191528,0.890991
0.401489,-0.366577,0.939697
-0.558228,-0.037231,0.715820
0.219482,-0.028442,1.016479
-0.048706,-0.394531,0.764404
-0.456177,0.202393,0.866089
0.413086,-0.310181,0.965454
-0.518066,-0.093506,0.716675
0.125000,0.046021,1.007202
0.042480,-0.405762,0.792725
-0.513916,0.186035,0.844849
0.416748,-0.260986,0.981201
-0.447632,-0.137085,0.721191
0.055664,0.103638,1.014648
0.132690,-0.417114,0.822876
-0.576050,0.181396,0.802734
0.418335,-0.208252,1.001465
-0.344604,-0.216675,0.728271
-0.024902,0.125977,0.999634
0.216553,-0.414185,0.861084
-0.601807,0.144531,0.785522
0.416992,-0.182739,1.004639
-0.256348,-0.274780,0.721436
-0.137085,0.161987,0.959595
0.282959,-0.393066,0.887207
-0.601685,0.080933,0.761963
0.381226,-0.141846,1.014038
-0.179688,-0.334961,0.709595
-0.238647,0.175659,0.928345
0.336304,-0.349487,0.907837
-0.593506,0.025879,0.732422
0.339233,-0.123535,1.021973
-0.119507,-0.394409,0.712402
-0.336914,0.208496,0.881348
0.385864,-0.315796,0.934814
-0.560059,-0.010132,0.711060
0.252075,-0.034668,1.007568
-0.032471,-0.433838,0.745361
-0.424683,0.221802,0.861206
0.408813,-0.301636,0.937256
-0.524536,-0.066406,0.708618
0.152222,0.048950,1.012939
0.041138,-0.394287,0.785034
-0.515259,0.226685,0.847290
0.439697,-0.270752,0.976929
-0.436523,-0.144287,0.733398
0.055054,0.094971,1.011108
0.144531,-0.389648,0.837402
-0.566650,0.188232,0.794678
0.425049,-0.165894,0.998779
-0.299194,-0.223511,0.728394
-0.054321,0.147583,0.997803
0.241455,-0.433472,0.858032
-0.598267,0.117676,0.773926
0.420166,-0.137573,1.024536
-0.201904,-0.277954,0.722168
-0.166748,0.217407,0.955811
0.329346,-0.383179,0.894897
-0.597534,0.065063,0.746826
0.379150,-0.140625,1.010132
-0.124390,-0.346924,0.726074
-0.263062,0.206177,0.906982
0.377808,-0.335449,0.914917
-0.561157,0.028687,0.737549
0.292847,-0.069702,0.999878
-0.033081,-0.407104,0.751465
-0.363892,0.201660,0.866089
0.399658,-0.273071,0.936523
-0.518677,-0.065186,0.713501
0.172729,0.000732,0.989380
0.030762,-0.422119,0.765259
-0.462524,0.205688,0.835815
0.448242,-0.237305,0.986450
-0.446045,-0.069824,0.749268
0.065308,0.125366,1.017578
0.125244,-0.405273,0.815918
-0.552734,0.136963,0.787964
0.453125,-0.236206,0.995728
-0.309326,-0.185303,0.768921
-0.038696,0.203125,1.005249
0.223755,-0.371826,0.856445
-0.591675,0.144043,0.759155
0.451904,-0.213867,1.009033
-0.190674,-0.286987,0.758911
-0.123413,0.201294,0.963501
0.296143,-0.348145,0.884033
-0.598389,0.108154,0.748535
0.409180,-0.157471,1.018433
-0.094727,-0.357788,0.760620
-0.204712,0.188965,0.925293
0.358643,-0.335571,0.913940
-0.598267,0.077881,0.727539
0.344238,-0.117310,0.993896
-0.026245,-0.411133,0.760742
-0.279419,0.179932,0.889160
0.391113,-0.302490,0.933228
-0.556396,0.010742,0.720703
0.259155,-0.049683,0.979980
0.012573,-0.432861,0.759888
-0.366333,0.140747,0.845459
0.436401,-0.268433,0.966675
-0.496582,-0.059570,0.743408
0.141479,0.044067,1.006592
0.070312,-0.458130,0.769165
-0.446899,0.129395,0.814575
0.456665,-0.242188,0.991943
-0.440186,-0.083374,0.753784
0.062744,0.129028,1.008301
0.160278,-0.432251,0.824951
-0.522583,0.127563,0.779297
0.440063,-0.220825,1.001953
-0.326172,-0.191650,0.752930
-0.027710,0.153076,1.005127
0.245728,-0.445068,0.843262
-0.564575,0.116943,0.771118
0.447632,-0.173950,1.022339
-0.216553,-0.230713,0.761353
-0.109863,0.203369,0.969482
0.314209,-0.367554,0.891968
-0.585083,0.096802,0.754028
0.410645,-0.159302,1.023438
-0.097046,-0.336914,0.775269
-0.184937,0.185791,0.943848
0.348511,-0.372070,0.909912
-0.573730,0.057251,0.759399
0.373657,-0.125366,1.014526
-0.040771,-0.398193,0.749390
-0.265991,0.186279,0.903809
0.413452,-0.337158,0.940063
-0.542358,-0.017578,0.745972
0.270630,-0.092163,0.970947
0.034546,-0.431274,0.783203
-0.345703,0.161621,0.863159
0.434326,-0.328857,0.953247
-0.503662,-0.072998,0.738770
0.199463,-0.025024,0.998779
0.057495,-0.425171,0.776855
-0.399170,0.130127,0.819702
0.469971,-0.316895,0.971069
-0.468384,-0.077881,0.760132
0.112549,0.038940,0.997681
0.111816,-0.472534,0.785645
-0.458252,0.119019,0.797241
0.479248,-0.259644,1.008667
-0.403320,-0.148804,0.742432
0.037109,0.117554,1.015015
0.190430,-0.478638,0.823975
-0.507690,0.071289,0.755493
0.468262,-0.227539,1.007568
-0.307617,-0.163696,0.775879
-0.050049,0.187134,1.011230
0.277588,-0.454590,0.875854
-0.546265,0.036377,0.740601
0.437500,-0.245117,1.008667
-0.219360,-0.249634,0.784912
-0.114258,0.227905,1.003662
0.336670,-0.421387,0.896729
-0.555176,0.046021,0.755981
0.418701,-0.185547,1.032959
-0.111206,-0.325439,0.799683
-0.202271,0.199097,0.953979
0.367676,-0.425415,0.917480
-0.520874,-0.013794,0.761841
0.376709,-0.115479,1.045288
-0.034668,-0.365479,0.787842
-0.248047,0.187988,0.929688
0.406494,-0.384644,0.940308
-0.518311,-0.080688,0.743896
0.330078,-0.142090,1.001831
0.026733,-0.423096,0.794556
-0.290405,0.155273,0.888306
0.418579,-0.318481,0.963623
-0.483643,-0.082397,0.767456
0.253174,-0.092285,1.009155
0.076416,-0.491821,0.783081
-0.348999,0.105103,0.839478
0.465332,-0.291504,1.004028
-0.458740,-0.098389,0.759399
0.163818,-0.025024,0.996826
0.106567,-0.489624,0.797974
-0.385864,0.056763,0.820923
0.486816,-0.258179,1.034912
-0.416260,-0.127686,0.755005
0.089355,0.076172,1.021484
0.194580,-0.498901,0.844727
-0.448120,0.032104,0.789917
0.497192,-0.272949,1.039673
-0.334473,-0.168457,0.793213
-0.014282,0.163086,1.026123
0.271729,-0.476562,0.876099
-0.482666,-0.017944,0.757812
0.477173,-0.261597,1.050415
-0.255249,-0.241455,0.795410
-0.070435,0.193726,1.018921
0.315308,-0.424683,0.909058
-0.507690,0.002808,0.775391
0.452271,-0.233521,1.053101
-0.129150,-0.298950,0.826294
-0.134521,0.178711,0.998535
0.352417,-0.385864,0.934204
-0.511230,-0.009155,0.773438
0.427368,-0.191406,1.060425
-0.018799,-0.406128,0.826172
-0.189575,0.190552,0.985107
0.391602,-0.365723,0.956421
-0.496216,-0.062378,0.758057
0.390991,-0.147095,1.067017
0.049316,-0.415039,0.822632
-0.255859,0.181641,0.959351
0.449707,-0.348389,0.996704
-0.475220,-0.114258,0.743286
0.315552,-0.098389,1.042114
0.094727,-0.453491,0.829590
-0.294556,0.135498,0.922852
0.490967,-0.311890,1.027466
-0.454468,-0.089844,0.754395
0.224365,-0.024780,1.041992
0.144043,-0.483154,0.837769
-0.344727,0.112549,0.914062
0.516113,-0.293213,1.055420
-0.408691,-0.130005,0.777466
0.136475,0.064697,1.039795
0.238403,-0.511353,0.857300
-0.404297,0.078613,0.852783
0.524536,-0.260620,1.081177
-0.323730,-0.213257,0.782715
0.068481,0.121582,1.046265
0.277588,-0.467773,0.897217
-0.439087,0.021118,0.810181
0.529175,-0.246582,1.102539
-0.254639,-0.251709,0.796875
0.007202,0.154907,1.047363
0.328247,-0.431885,0.932007
-0.467651,0.040894,0.813965
0.520874,-0.220215,1.114990
-0.152832,-0.288574,0.837402
-0.065552,0.221313,1.065308
0.387085,-0.421997,0.961792
-0.496094,0.035645,0.806274
0.477295,-0.194946,1.107666
-0.078735,-0.333862,0.858643
-0.107178,0.202881,1.056396
0.438477,-0.380005,1.004517
-0.474487,0.013306,0.804688
0.435547,-0.134155,1.107422
-0.008911,-0.363403,0.871704
-0.137939,0.165283,1.048950
0.460938,-0.365601,1.040527
-0.463013,-0.013306,0.798096
0.406494,-0.064941,1.119751
0.082031,-0.373779,0.900757
-0.199585,0.191162,1.041260
0.471191,-0.361328,1.030884
-0.428467,-0.084106,0.819336
0.388306,-0.058228,1.128418
0.078613,-0.374512,0.889648
-0.240723,0.182861,1.003174
0.517456,-0.307861,1.089722
-0.394897,-0.117310,0.812866
0.334839,-0.021118,1.124756
0.108765,-0.374023,0.899658
-0.284302,0.192749,1.002197
0.554688,-0.305054,1.107178
-0.390137,-0.139893,0.809448
0.272461,-0.001709,1.111938
0.178101,-0.413330,0.925293
-0.319336,0.137329,0.946167
0.570679,-0.252319,1.126587
-0.346802,-0.144653,0.823242
0.184570,0.066040,1.095581
0.256714,-0.468994,0.926025
-0.354492,0.073730,0.911987
0.571411,-0.236816,1.135376
-0.278320,-0.169312,0.847656
0.106323,0.152588,1.090576
0.315796,-0.447876,0.954834
-0.395142,0.030640,0.882324
0.557251,-0.206299,1.165405
-0.213379,-0.238159,0.855957
0.037231,0.194824,1.094849
0.363770,-0.389526,0.996338
-0.420776,0.020142,0.865112
0.545654,-0.182861,1.174072
-0.132202,-0.306763,0.858032
-0.028931,0.242920,1.101318
0.417725,-0.368652,1.006714
-0.446045,0.012207,0.854614
0.519287,-0.182251,1.155884
-0.023438,-0.361450,0.882446
-0.084595,0.214600,1.091919
0.439087,-0.339111,1.031250
-0.452026,-0.028198,0.835938
0.489868,-0.126953,1.180664
0.033081,-0.358521,0.906006
-0.152710,0.232056,1.073608
0.460815,-0.308594,1.049072
-0.439575,-0.040771,0.822388
0.451660,-0.114258,1.164795
0.047363,-0.376343,0.903198
-0.215698,0.212646,1.047485
0.523682,-0.291138,1.106445
-0.420654,-0.063232,0.806641
0.376099,-0.012451,1.168335
0.112183,-0.394287,0.918945
-0.256470,0.174438,1.031494
0.559814,-0.278442,1.128418
-0.401733,-0.102539,0.805786
0.300537,0.023560,1.150269
0.175293,-0.383057,0.961426
-0.305542,0.145020,0.976562
0.559204,-0.237549,1.145142
-0.341431,-0.167725,0.810913
0.221069,0.080078,1.146606
0.245361,-0.430786,0.943115
-0.350098,0.103638,0.931885
0.564331,-0.213989,1.151733
-0.328491,-0.187012,0.806030
0.152710,0.101318,1.125732
0.313232,-0.426880,0.988403
-0.401611,0.110107,0.903931
0.557129,-0.176636,1.154175
-0.266113,-0.218872,0.834839
0.080200,0.116211,1.098877
0.343872,-0.419189,0.991577
-0.413086,0.061646,0.881348
0.545410,-0.133057,1.168213
-0.183105,-0.211670,0.865234
0.009888,0.159546,1.094360
0.371216,-0.406982,1.001953
-0.432251,0.009399,0.872925
0.539551,-0.158081,1.162476
-0.087524,-0.316162,0.856445
-0.068848,0.187500,1.071289
0.421753,-0.366333,1.011475
-0.445068,-0.034790,0.827026
0.495605,-0.100952,1.183228
-0.052856,-0.337280,0.841553
-0.140991,0.193359,1.063354
0.452515,-0.336670,1.032227
-0.453247,-0.057129,0.822021
0.454712,-0.093262,1.166382
-0.012207,-0.335693,0.868164
-0.221680,0.218628,1.028076
0.483276,-0.287354,1.077271
-0.448730,-0.086426,0.797974
0.397339,-0.065186,1.162842
0.025757,-0.355469,0.871216
-0.276978,0.198486,1.002808
0.519043,-0.286011,1.084106
-0.426758,-0.113159,0.785034
0.311890,-0.019287,1.138916
0.122192,-0.386353,0.905884
-0.333130,0.152466,0.944946
0.510254,-0.242676,1.092285
-0.364014,-0.178345,0.779297
0.212280,0.056519,1.118774
0.191528,-0.400513,0.924316
-0.401367,0.099487,0.897339
0.530151,-0.237671,1.107544
-0.344604,-0.191406,0.793091
0.118164,0.125244,1.095825
0.255127,-0.396118,0.936890
-0.446777,0.055054,0.867676
0.531372,-0.233521,1.122681
-0.271362,-0.263306,0.798584
0.028687,0.167969,1.085571
0.286621,-0.376099,0.931152
-0.475464,0.034180,0.845703
0.520142,-0.230957,1.121948
-0.171997,-0.357544,0.801392
-0.026001,0.147949,1.047974
0.319092,-0.367310,0.930664
-0.503906,0.045898,0.816650
0.500977,-0.218506,1.112915
-0.136353,-0.387207,0.794189
-0.090088,0.131104,1.025146
0.348877,-0.336792,0.952393
-0.516724,0.046021,0.785522
0.452148,-0.188232,1.096069
-0.099487,-0.396240,0.809570
-0.170898,0.145996,1.018921
0.382935,-0.347534,0.976562
-0.530273,0.022461,0.786865
0.420776,-0.121948,1.116333
-0.091309,-0.357300,0.819458
-0.253662,0.187012,0.998413
0.423706,-0.345703,1.010376
-0.526733,0.006958,0.782349
0.378906,-0.108398,1.104248
-0.058228,-0.349609,0.810791
-0.296997,0.191895,0.970093
0.436157,-0.321777,1.019653
-0.499878,-0.070679,0.753540
0.307983,-0.061157,1.092163
-0.024780,-0.379028,0.818359
-0.338135,0.151001,0.931396
0.448853,-0.297241,1.024902
-0.477417,-0.071777,0.745850
0.260254,-0.007690,1.092285
0.017212,-0.357178,0.835083
-0.396240,0.156006,0.910034
0.462891,-0.303955,1.025146
-0.466553,-0.124756,0.740845
0.203125,0.017944,1.073364
0.090820,-0.389771,0.855591
-0.463745,0.157349,0.876099
0.462891,-0.274170,1.041504
-0.456909,-0.166382,0.733398
0.127808,0.044556,1.057861
0.155884,-0.406982,0.864136
-0.511719,0.151733,0.854248
0.462402,-0.237671,1.047363
-0.383911,-0.223633,0.752563
0.030151,0.053467,1.020508
0.209351,-0.448975,0.874878
-0.517334,0.085449,0.821533
0.466919,-0.188232,1.069702
-0.305420,-0.223022,0.751343
-0.069336,0.124878,0.997925
0.268066,-0.429199,0.891113
-0.527588,0.039185,0.802612
0.449951,-0.184937,1.067139
-0.241089,-0.286011,0.719604
-0.152222,0.165894,0.974121
0.307617,-0.390991,0.905273
-0.547852,0.004517,0.765381
0.410889,-0.179199,1.055786
-0.190063,-0.348022,0.725830
-0.231323,0.176880,0.959229
0.452759,-0.310181,1.019775
-0.577271,0.009033,0.766724
0.317261,-0.073486,1.116455
-0.137939,-0.379028,0.747314
-0.359009,0.179321,0.924805
0.464478,-0.282715,1.039062
-0.430786,-0.130371,0.762695
0.218994,0.024292,1.087891
0.090942,-0.392578,0.858398
-0.427246,0.109741,0.882324
0.487305,-0.251221,1.074951
-0.403076,-0.180664,0.743896
0.106567,0.116577,1.076904
0.171143,-0.403198,0.878174
-0.475830,0.087280,0.856812
0.491577,-0.253662,1.075073
-0.330322,-0.229980,0.761475
0.022827,0.153809,1.055664
0.222412,-0.401245,0.878418
-0.499023,0.037598,0.812134
0.480591,-0.216431,1.078491
-0.269531,-0.250488,0.760376
-0.044067,0.138306,1.028564
0.274292,-0.412476,0.877197
-0.548828,0.045776,0.789307
0.473145,-0.236084,1.063721
-0.201050,-0.338135,0.743164
-0.142700,0.152100,0.976929
0.313110,-0.395630,0.905273
-0.534668,0.013672,0.782349
0.433838,-0.179077,1.071777
-0.194458,-0.332153,0.737427
-0.199829,0.151855,0.968018
0.359619,-0.357300,0.946655
-0.560303,0.004517,0.763550
0.386597,-0.140259,1.064941
-0.154541,-0.335205,0.759521
-0.257812,0.164185,0.962402
0.392212,-0.372559,0.963257
-0.575928,-0.012085,0.733887
0.332397,-0.098755,1.053955
-0.100342,-0.345947,0.769653
-0.322998,0.175659,0.930908
0.402832,-0.334473,0.974731
-0.562988,-0.057617,0.707642
0.284424,-0.074707,1.054199
-0.053833,-0.369385,0.794189
-0.401489,0.184570,0.895630
0.419312,-0.301270,0.995850
-0.514160,-0.102905,0.706787
0.187134,0.019897,1.052612
0.003784,-0.361206,0.809082
-0.454712,0.171387,0.881104
0.446533,-0.319092,0.999634
-0.507202,-0.139771,0.717651
0.099243,0.081543,1.020142
0.072876,-0.411133,0.812012
-0.508545,0.153564,0.852173
0.451294,-0.259766,1.027588
-0.421997,-0.165649,0.739014
0.036011,0.125488,1.033203
0.134521,-0.414062,0.830200
-0.545044,0.133301,0.822998
0.446655,-0.242310,1.014771
-0.360352,-0.210205,0.744629
-0.017456,0.116577,1.002808
0.210571,-0.419678,0.851562
-0.581787,0.152344,0.797241
0.431641,-0.234375,0.999268
-0.292847,-0.248779,0.741577
-0.074341,0.128662,0.982300
0.239624,-0.388672,0.873535
-0.579346,0.100098,0.781128
0.419312,-0.196655,1.032471
-0.246094,-0.319092,0.707031
-0.166992,0.177246,0.973511
0.298584,-0.410400,0.890625
-0.594604,0.057495,0.758667
0.396729,-0.156860,1.032837
-0.208008,-0.307983,0.717896
-0.247559,0.170532,0.931396
0.340820,-0.416382,0.910034
-0.587402,0.012207,0.734619
0.353516,-0.129639,1.028809
-0.165405,-0.330933,0.708618
-0.307129,0.213867,0.910522
0.386353,-0.364990,0.921387
-0.574219,-0.027222,0.733765
0.290649,-0.104370,1.010620
-0.112061,-0.371338,0.735107
-0.366333,0.186646,0.874512
0.395020,-0.322510,0.952026
-0.568726,-0.032959,0.696411
0.241333,-0.062866,1.013794
-0.052124,-0.400024,0.762817
-0.453491,0.200439,0.863892
0.417603,-0.295166,0.969604
-0.533081,-0.050537,0.714966
0.141113,0.038330,1.007935
0.040405,-0.421753,0.795166
-0.507446,0.198120,0.849487
0.418457,-0.255127,0.975586
-0.465576,-0.101074,0.725098
0.062622,0.118896,1.022339
0.120728,-0.407227,0.827881
-0.570435,0.172241,0.829590
0.425537,-0.232422,0.992554
-0.362915,-0.185181,0.720093
-0.010620,0.180908,1.014282
0.192383,-0.382446,0.852051
-0.594727,0.132935,0.791260
0.422485,-0.205078,1.016602
-0.270874,-0.273682,0.702515
-0.085083,0.178223,0.968628
0.252319,-0.354126,0.868286
-0.604858,0.117310,0.769775
0.422729,-0.204468,1.021729
-0.204102,-0.347290,0.723511
-0.174438,0.154175,0.933350
0.306885,-0.359009,0.889038
-0.611572,0.119995,0.744629
0.382935,-0.141846,1.023071
-0.152466,-0.353027,0.728271
-0.245117,0.178833,0.919800
0.349365,-0.368652,0.903320
-0.586670,0.059448,0.745361
0.331909,-0.092651,1.002319
-0.109375,-0.357544,0.729858
-0.314209,0.182129,0.877808
0.376465,-0.331543,0.930542
-0.562378,0.002686,0.722412
0.301025,-0.070190,1.011597
-0.060547,-0.391602,0.729858
-0.377441,0.224609,0.870605
0.393921,-0.297729,0.937012
-0.546997,-0.052002,0.701660
0.254395,-0.056396,0.999878
-0.025879,-0.400269,0.756104
-0.436890,0.233765,0.860229
0.419312,-0.283447,0.945190
-0.504150,-0.076538,0.725830
0.176880,-0.004395,1.006714
0.020264,-0.415771,0.772217
-0.480103,0.219116,0.841064
0.429199,-0.258423,0.964233
-0.474487,-0.081665,0.738647
0.124634,0.048584,1.021729
0.080078,-0.399170,0.803101
-0.524902,0.207275,0.814697
0.439819,-0.233154,0.982056
-0.392822,-0.136963,0.755127
0.056396,0.101196,1.004639
0.142456,-0.407715,0.817505
-0.557129,0.189087,0.787354
0.442749,-0.187988,1.005981
-0.312256,-0.172852,0.757935
-0.026978,0.159668,0.999634
0.220215,-0.422974,0.845459
-0.584106,0.156738,0.780151
0.435303,-0.166504,1.009888
-0.238892,-0.233276,0.746704
-0.106201,0.216675,0.988892
0.278931,-0.404053,0.873291
-0.587158,0.123657,0.772217
0.420288,-0.168823,1.019043
-0.170776,-0.287964,0.743896
-0.176758,0.224243,0.951294
0.355103,-0.378906,0.904663
-0.598877,0.082397,0.747437
0.377686,-0.119263,1.019409
-0.107056,-0.369263,0.729126
-0.246826,0.196289,0.905640
0.392090,-0.357178,0.927246
-0.568115,0.061768,0.750366
0.313599,-0.078613,1.006958
-0.033813,-0.433228,0.734131
-0.314331,0.178711,0.870728
0.413818,-0.307983,0.939575
-0.547119,0.008789,0.727539
0.233643,-0.039185,0.983032
0.031494,-0.441528,0.769531
-0.389526,0.167236,0.847412
0.427979,-0.248901,0.959595
-0.506470,-0.033691,0.735229
0.151733,0.036377,1.003418
0.091431,-0.450317,0.788818
-0.469727,0.158813,0.831421
0.451782,-0.241333,0.980957
-0.439209,-0.070679,0.747803
0.052734,0.141602,1.003174
0.172974,-0.421875,0.825195
-0.537354,0.119141,0.785645
0.456787,-0.219971,1.011108
-0.317383,-0.179443,0.768921
-0.041138,0.205444,0.996338
0.237061,-0.390137,0.856079
-0.575562,0.084595,0.760010
0.462402,-0.227539,1.032959
-0.222900,-0.245728,0.767822
-0.117310,0.212280,0.956421
0.298828,-0.350464,0.889282
-0.587524,0.056641,0.752686
0.430176,-0.218262,1.029297
-0.116577,-0.336670,0.791870
-0.179321,0.204102,0.938721
0.338623,-0.337036,0.894653
-0.557007,0.100220,0.761353
0.399536,-0.174072,0.998535
-0.053223,-0.370850,0.784180
-0.246460,0.144775,0.905273
0.387451,-0.340210,0.930664
-0.544434,0.052612,0.755859
0.323364,-0.051636,1.014648
-0.011597,-0.376831,0.774170
-0.307861,0.145142,0.866821
0.422241,-0.368164,0.951050
-0.521118,-0.043213,0.760498
0.258423,-0.019775,1.016235
0.040161,-0.432861,0.760010
-0.383911,0.176880,0.846191
0.438965,-0.333252,0.950562
-0.493774,-0.100342,0.742065
0.193115,0.002197,0.997192
0.086548,-0.430420,0.797852
-0.420776,0.159546,0.818726
0.445068,-0.279175,0.970215
-0.474609,-0.115967,0.734497
0.168945,-0.005615,1.009766
0.095825,-0.456421,0.799316
-0.460449,0.147583,0.803101
0.479004,-0.288208,0.986450
-0.420532,-0.127686,0.747559
0.084961,0.097778,1.008789
0.131226,-0.469849,0.802979
-0.459473,0.078491,0.785156
0.465576,-0.282593,0.989258
-0.416748,-0.144531,0.743408
0.062256,0.096558,1.015259
0.192871,-0.466309,0.833130
-0.504395,0.104736,0.776978
0.450439,-0.241333,1.007812
-0.355469,-0.165771,0.752808
0.020752,0.115112,1.026123
0.233154,-0.483521,0.842529
-0.529663,0.060059,0.748291
0.459595,-0.227051,1.031982
-0.300903,-0.219116,0.758179
-0.046509,0.163574,1.000488
0.287720,-0.489868,0.856445
-0.541138,0.048096,0.745117
0.446777,-0.201294,1.033203
-0.224365,-0.218262,0.794922
-0.094482,0.192017,1.002441
0.326782,-0.474365,0.894897
-0.562256,0.041382,0.749023
0.433594,-0.202271,1.035278
-0.158569,-0.271973,0.792358
-0.144287,0.210815,0.994995
0.356934,-0.411865,0.932129
-0.544434,-0.009766,0.753052
0.405762,-0.183960,1.034302
-0.078857,-0.351807,0.791626
-0.197021,0.209961,0.976074
0.390381,-0.400024,0.936035
-0.529419,-0.016235,0.768311
0.361328,-0.173218,1.004639
-0.002319,-0.401978,0.800659
-0.249756,0.173584,0.923462
0.431030,-0.381104,0.971924
-0.512573,-0.051880,0.747437
0.298706,-0.117676,1.002197
0.054077,-0.462769,0.801392
-0.295898,0.133301,0.892090
0.461548,-0.329956,0.985840
-0.479614,-0.080322,0.745972
0.227905,-0.029297,1.013672
0.097534,-0.461914,0.827637
-0.351807,0.083496,0.868774
0.479614,-0.334961,1.010498
-0.445312,-0.096558,0.746704
0.165161,0.081055,1.035400
0.127808,-0.397827,0.826660
-0.387939,0.084717,0.850220
0.517212,-0.378784,1.020630
-0.422852,-0.175659,0.757812
0.112915,0.089844,1.024780
0.186401,-0.421143,0.850830
-0.430786,0.104736,0.838623
0.505371,-0.318604,1.038696
-0.373779,-0.236572,0.745728
0.088135,0.058594,1.035034
0.245850,-0.464844,0.871094
-0.463867,0.080811,0.792725
0.490234,-0.264526,1.038696
-0.303467,-0.222534,0.790039
0.019165,0.107178,1.032715
0.299805,-0.482666,0.898315
-0.483276,0.027954,0.777954
0.478638,-0.218384,1.062256
-0.236450,-0.211670,0.806641
-0.052368,0.171021,1.032471
0.341431,-0.491821,0.912720
-0.484497,-0.020020,0.783203
0.480591,-0.185669,1.094971
-0.178955,-0.235718,0.810303
-0.098755,0.225952,1.039185
0.388306,-0.447144,0.944702
-0.492065,-0.020508,0.799561
0.455933,-0.197632,1.084351
-0.101196,-0.328857,0.821655
-0.142090,0.220581,1.028442
0.405151,-0.380615,0.975098
-0.484375,-0.020874,0.796265
0.442261,-0.198486,1.083862
-0.013306,-0.401001,0.842896
-0.183594,0.197144,1.008179
0.433350,-0.364502,0.990112
-0.487061,-0.034912,0.776855
0.395142,-0.146851,1.082153
0.056641,-0.439087,0.849121
-0.206909,0.160767,0.997803
0.452881,-0.346558,1.009766
-0.459839,-0.059082,0.779175
0.361084,-0.080566,1.090210
0.084473,-0.426514,0.859375
-0.242798,0.169922,0.988037
0.489868,-0.319702,1.041504
-0.449585,-0.098389,0.782471
0.319092,-0.046753,1.090088
0.113281,-0.413208,0.873047
-0.296265,0.171509,0.968994
0.515137,-0.308228,1.068115
-0.419556,-0.124390,0.789917
0.283325,-0.039062,1.081787
0.134277,-0.399658,0.895264
-0.329956,0.159912,0.935425
0.537842,-0.263306,1.092529
-0.372314,-0.162354,0.791626
0.218140,0.029907,1.087891
0.192871,-0.452881,0.891235
-0.354614,0.110718,0.897339
0.554810,-0.269165,1.103882
-0.346313,-0.179810,0.806274
0.161133,0.095459,1.090698
0.273071,-0.458130,0.931519
-0.382690,0.088379,0.878662
0.538696,-0.227051,1.110229
-0.288330,-0.203857,0.812744
0.113281,0.126465,1.088135
0.316772,-0.472168,0.947021
-0.421387,0.063110,0.851074
0.536133,-0.184814,1.130127
-0.240479,-0.219727,0.826904
0.062012,0.172729,1.107178
0.355469,-0.464111,0.956787
-0.436523,0.055176,0.855957
0.535767,-0.188843,1.129639
-0.188965,-0.226929,0.855591
-0.005005,0.220215,1.085327
0.404541,-0.435425,0.989990
-0.448975,0.027344,0.850098
0.503418,-0.176392,1.137085
-0.124023,-0.266846,0.866699
-0.040894,0.208374,1.085205
0.423462,-0.369385,1.024902
-0.454712,0.004028,0.836548
0.508057,-0.155884,1.154297
-0.039307,-0.333496,0.873535
-0.089478,0.226685,1.092407
0.450928,-0.367554,1.026489
-0.453247,-0.018311,0.838257
0.476318,-0.154297,1.146362
0.028931,-0.389526,0.888794
-0.128906,0.204956,1.061401
0.460693,-0.313110,1.048340
-0.442627,-0.021484,0.835327
0.464355,-0.128418,1.156616
0.039429,-0.400513,0.887085
-0.165649,0.171021,1.040405
0.499878,-0.306641,1.072876
-0.443359,-0.021606,0.818848
0.428345,-0.083374,1.156006
0.066284,-0.389160,0.921143
-0.222900,0.181763,1.034912
0.526001,-0.293823,1.108154
-0.411743,-0.078613,0.808960
0.380127,-0.012207,1.163940
0.073975,-0.384644,0.901245
-0.247437,0.187988,1.030884
0.546509,-0.279907,1.121826
-0.395142,-0.116089,0.823486
0.348877,-0.022217,1.146851
0.112061,-0.362061,0.921875
-0.282593,0.188965,0.979736
0.562378,-0.271973,1.131104
-0.355957,-0.175781,0.826904
0.303589,0.023193,1.156860
0.148560,-0.384155,0.926636
-0.306030,0.169800,0.953247
0.564453,-0.253784,1.123169
-0.329590,-0.202271,0.823975
0.268677,0.018677,1.141113
0.200562,-0.392700,0.950073
-0.340820,0.149170,0.922485
0.570679,-0.234375,1.129150
-0.314209,-0.210693,0.820679
0.216553,0.056152,1.141846
0.266846,-0.433228,0.958374
-0.380493,0.141357,0.914429
0.552979,-0.218506,1.136475
-0.272461,-0.241089,0.832886
0.151733,0.107788,1.126709
0.302124,-0.430176,0.958496
-0.428101,0.127808,0.894287
0.583374,-0.235107,1.141846
-0.229004,-0.251587,0.861572
0.060913,0.152710,1.102783
0.337769,-0.418579,0.967407
-0.421875,0.059204,0.870972
0.552856,-0.158813,1.176758
-0.192627,-0.266357,0.862671
0.001221,0.168701,1.091919
0.382690,-0.413452,0.989014
-0.435791,0.040771,0.868164
0.536743,-0.126831,1.170776
-0.088135,-0.299927,0.869385
-0.051147,0.190552,1.085449
0.408936,-0.394531,1.007202
-0.453857,-0.018311,0.843628
0.513428,-0.154419,1.158813
-0.047119,-0.295898,0.885986
-0.095825,0.202393,1.076294
0.425781,-0.336670,1.017212
-0.473633,-0.033569,0.821045
0.482788,-0.130981,1.169189
-0.013794,-0.339844,0.874878
-0.163818,0.230225,1.072266
0.448730,-0.294922,1.055298
-0.463135,-0.062256,0.801392
0.411255,-0.093384,1.161865
0.002686,-0.378418,0.873901
-0.211792,0.193970,1.048828
0.506714,-0.303589,1.078857
-0.467773,-0.040527,0.790649
0.348633,-0.044556,1.142944
0.078491,-0.378784,0.897339
-0.276489,0.166992,1.000732
0.524658,-0.283081,1.095215
-0.425415,-0.098022,0.782471
0.258667,0.025879,1.126099
0.153931,-0.423462,0.915283
-0.343384,0.135376,0.945435
0.525513,-0.268677,1.091187
-0.366089,-0.145996,0.799194
0.185791,0.103271,1.114746
0.203247,-0.390991,0.912720
-0.408325,0.114990,0.905518
0.545898,-0.271240,1.110718
-0.325195,-0.204102,0.805298
0.111572,0.145020,1.096558
0.236816,-0.363525,0.923096
-0.440430,0.064087,0.873169
0.551514,-0.262573,1.118042
-0.279053,-0.250244,0.803467
0.045166,0.157104,1.083984
0.272827,-0.365356,0.922729
-0.476074,0.017700,0.833618
0.534912,-0.262695,1.111694
-0.170410,-0.339600,0.810669
-0.028564,0.178101,1.063477
0.303345,-0.361572,0.914429
-0.481934,0.039551,0.824707
0.511475,-0.245483,1.114136
-0.133911,-0.373901,0.800293
-0.101562,0.152832,1.022461
0.357178,-0.360718,0.947388
-0.506714,0.005127,0.795410
0.471558,-0.172729,1.124268
-0.090576,-0.352417,0.807739
-0.198853,0.189819,1.012207
0.399780,-0.348755,0.979370
-0.514282,-0.028198,0.785034
0.420044,-0.145264,1.113281
-0.078125,-0.338135,0.817261
-0.271606,0.196777,0.981201
0.434326,-0.306641,1.020020
-0.492554,-0.058716,0.774536
0.330444,-0.085327,1.097534
-0.027954,-0.367676,0.831299
-0.320068,0.160767,0.941528
0.466919,-0.287964,1.043579
-0.464722,-0.081665,0.755859
0.231934,0.000854,1.087646
0.047974,-0.406738,0.840454
-0.388916,0.133301,0.911621
0.489502,-0.300415,1.050903
-0.437134,-0.140259,0.756592
0.152100,0.080200,1.070923
0.123291,-0.375610,0.859009
-0.455688,0.100708,0.856567
0.498291,-0.281006,1.070068
-0.358643,-0.227417,0.769897
0.060913,0.126709,1.058838
0.172852,-0.349121,0.864136
-0.509644,0.085693,0.818237
0.495605,-0.283081,1.063110
-0.266846,-0.305908,0.771606
-0.004761,0.143921,1.033813
0.219116,-0.349243,0.883301
-0.530396,0.053467,0.781006
0.472534,-0.220215,1.071777
-0.233887,-0.320435,0.757446
-0.081665,0.136230,1.016724
0.291260,-0.398682,0.896240
-0.533325,0.028076,0.777710
0.430786,-0.171265,1.063110
-0.207520,-0.320312,0.743164
-0.168335,0.153564,0.989624
0.335938,-0.393921,0.936523
-0.549805,-0.008423,0.758911
0.393066,-0.133057,1.078003
-0.174316,-0.347412,0.721191
-0.255859,0.191650,0.964233
0.391113,-0.356079,0.957764
-0.564575,-0.032959,0.749268
0.354126,-0.147217,1.064941
-0.125732,-0.362915,0.765503
-0.345093,0.178223,0.899902
0.411499,-0.322876,0.976562
-0.523071,-0.079468,0.736816
0.275391,-0.071533,1.062256
-0.051636,-0.390747,0.790527
-0.431396,0.190308,0.874390
0.418579,-0.306030,0.984741
-0.496460,-0.075806,0.748047
0.187134,-0.015503,1.050171
0.052490,-0.422241,0.823486
-0.507935,0.198853,0.852783
0.421265,-0.261597,0.997192
-0.452881,-0.155518,0.745728
0.089355,0.043091,1.039795
0.131470,-0.424072,0.844482
-0.560791,0.167358,0.809814
0.438843,-0.249878,1.010132
-0.334961,-0.225098,0.755371
-0.007935,0.137817,1.026001
0.175903,-0.408936,0.841431
-0.564697,0.103882,0.792358
0.453735,-0.256104,1.019287
-0.270752,-0.304077,0.731445
-0.105835,0.157471,0.993896
0.249146,-0.362915,0.880249
-0.590576,0.060059,0.755859
0.426392,-0.238647,1.031128
-0.212769,-0.365234,0.721558
-0.193726,0.135498,0.947998
0.299561,-0.339233,0.913330
-0.611084,0.024170,0.732788
0.374268,-0.187622,1.029175
-0.174438,-0.400513,0.718384
-0.254639,0.169067,0.939331
0.360107,-0.343140,0.930298
-0.622559,0.042358,0.720337
0.297607,-0.125610,1.009033
-0.104736,-0.395874,0.760254
-0.350342,0.156006,0.898071
0.394287,-0.334839,0.944946
-0.565186,0.005859,0.710693
0.211914,-0.009033,1.005127
-0.055176,-0.368042,0.770508
-0.432739,0.165894,0.874268
0.415649,-0.335205,0.960571
-0.525635,-0.075806,0.700928
0.131836,0.082764,1.006714
0.012817,-0.380127,0.777954
-0.488770,0.200073,0.865967
0.425537,-0.304443,0.978394
-0.470215,-0.152100,0.722900
0.072876,0.075195,1.008423
0.081909,-0.403076,0.806641
-0.554321,0.196899,0.825439
0.425171,-0.245483,0.990112
-0.360229,-0.203979,0.740601
-0.000488,0.112915,1.001831
0.153931,-0.414185,0.830200
-0.571777,0.131348,0.790771
0.427246,-0.189209,1.010376
-0.300537,-0.219360,0.730835
-0.091309,0.171631,0.991821
0.249146,-0.429688,0.859985
-0.593506,0.081055,0.766846
0.410767,-0.174683,1.012939
-0.219604,-0.283447,0.727051
-0.184692,0.208130,0.958496
0.317139,-0.379639,0.890991
-0.605225,0.056274,0.745850
0.373047,-0.153687,1.028931
-0.153442,-0.364990,0.712158
-0.259766,0.204102,0.914551
0.360107,-0.337524,0.910645
-0.602661,0.006104,0.729736
0.303101,-0.134277,1.001953
-0.097412,-0.436646,0.714355
-0.345215,0.205933,0.888062
0.378418,-0.297485,0.932495
-0.553711,0.012207,0.725586
0.219116,-0.030396,0.997437
-0.018066,-0.393799,0.775513
-0.431885,0.192505,0.858154
0.400391,-0.277222,0.957520
-0.525635,-0.047607,0.708862
0.130005,0.080322,1.006226
0.073120,-0.387329,0.813721
-0.504883,0.173462,0.839844
0.413452,-0.244019,0.975952
-0.445312,-0.088623,0.729126
0.065796,0.153809,1.024414
0.140503,-0.403687,0.824097
-0.564453,0.188721,0.819092
0.430420,-0.200073,0.995361
-0.341797,-0.176758,0.734985
-0.024658,0.176514,1.003296
0.221191,-0.423340,0.851562
-0.591919,0.136597,0.791626
0.425537,-0.176880,1.014771
-0.258667,-0.224854,0.733643
-0.111572,0.201904,0.965088
0.290039,-0.377197,0.884766
-0.601807,0.084839,0.763306
0.405518,-0.156616,1.021118
-0.172974,-0.312866,0.730469
-0.204468,0.199585,0.921143
0.344849,-0.346802,0.908936
-0.595581,0.079468,0.749634
0.367310,-0.122192,1.017456
-0.100708,-0.392944,0.716919
-0.270996,0.189697,0.887207
0.368774,-0.302124,0.912964
-0.567627,0.041626,0.739258
0.297363,-0.085205,0.993286
-0.035522,-0.414673,0.745850
-0.361572,0.187500,0.861816
0.399658,-0.278809,0.936279
-0.531860,0.000366,0.730591
0.204346,0.007446,0.986816
0.029663,-0.410156,0.776855
-0.434937,0.182251,0.839478
0.422607,-0.252319,0.959961
-0.486206,-0.068481,0.733276
0.139038,0.078735,1.031250
0.076172,-0.410034,0.791626
-0.512695,0.213257,0.823486
0.461060,-0.227905,0.997437
-0.402832,-0.120361,0.757568
0.022095,0.125977,1.011108
0.146851,-0.432007,0.809204
-0.554810,0.155518,0.795898
0.467163,-0.201172,1.023438
-0.312012,-0.166504,0.763184
-0.054077,0.209229,1.002441
0.234497,-0.401489,0.846680
-0.567261,0.095581,0.762817
0.444336,-0.197388,1.015503
-0.213989,-0.260010,0.769653
-0.114990,0.220337,0.976196
0.299927,-0.376587,0.884766
-0.610352,0.079346,0.724731
0.334595,-0.095337,1.003052
-0.114868,-0.322388,0.766113
-0.300415,0.199585,0.892456
0.363525,-0.311523,0.909546
-0.574219,0.017212,0.717041
0.278198,-0.085327,0.985107
-0.052368,-0.409424,0.736816
-0.373657,0.214233,0.865967
0.404175,-0.281006,0.940674
-0.547363,-0.011719,0.713501
0.207520,-0.004272,1.003418
0.003662,-0.423218,0.762329
-0.443359,0.203125,0.862427
0.429199,-0.277344,0.962158
-0.498657,-0.033936,0.737061
0.124390,0.094849,1.002808
0.062378,-0.401611,0.788330
-0.499878,0.187622,0.834717
0.447266,-0.262085,0.986572
-0.420288,-0.094971,0.745239
0.066528,0.168701,1.017700
0.117920,-0.371338,0.813477
-0.550293,0.171387,0.805542
0.449829,-0.236206,0.999512
-0.355591,-0.173950,0.750977
0.008667,0.159912,1.014038
0.180664,-0.374634,0.846802
-0.587280,0.173828,0.777710
0.444092,-0.208984,0.999634
-0.264404,-0.226929,0.755127
-0.063599,0.184326,0.987427
0.253174,-0.396973,0.873413
-0.595581,0.147583,0.767578
0.427979,-0.175171,1.011108
-0.213867,-0.262573,0.742065
-0.119873,0.185913,0.963379
0.312744,-0.408813,0.893066
-0.599976,0.105225,0.760376
0.419312,-0.151123,1.024414
-0.139282,-0.294678,0.740601
-0.198242,0.222534,0.925903
0.359497,-0.379639,0.906494
-0.573120,0.052246,0.759155
0.374878,-0.116943,1.021240
-0.081665,-0.359985,0.733887
-0.286011,0.235596,0.885986
0.392700,-0.333252,0.917969
-0.549927,0.009888,0.750244
0.305664,-0.089966,0.984863
-0.024658,-0.418335,0.743530
-0.338257,0.200195,0.849121
0.413818,-0.293823,0.934326
-0.523804,-0.046997,0.731079
0.234741,-0.019653,1.005249
0.022461,-0.417725,0.759033
-0.415405,0.180786,0.823364
0.437256,-0.285278,0.961548
-0.470581,-0.073975,0.751953
0.155273,0.040649,1.009155
0.083130,-0.421509,0.790771
-0.502563,0.179443,0.803589
0.456543,-0.242920,0.991455
-0.384766,-0.133179,0.763794
0.057251,0.129517,1.009521
0.145020,-0.416016,0.810425
-0.538940,0.119751,0.773560
0.463135,-0.229736,0.999390
-0.300659,-0.199219,0.755859
-0.026855,0.203735,1.016357
0.232788,-0.392700,0.858154
-0.586548,0.101440,0.746704
0.449951,-0.249878,1.005127
-0.198730,-0.281006,0.768921
-0.094971,0.193481,0.974609
0.295166,-0.341187,0.888916
-0.587891,0.094238,0.758423
0.416016,-0.212402,1.014160
-0.106201,-0.377563,0.787720
-0.177490,0.153076,0.920166
0.343994,-0.309204,0.921753
-0.560913,0.083252,0.745117
0.377441,-0.120605,1.027466
-0.038452,-0.385864,0.773682
-0.255981,0.151978,0.897217
0.395752,-0.364380,0.918579
-0.554321,0.014771,0.737305
0.305054,-0.058228,0.999634
0.026978,-0.420654,0.770142
-0.330811,0.157959,0.854858
0.418701,-0.325806,0.948364
-0.513428,-0.069092,0.726807
0.239624,-0.045654,0.999512
0.061279,-0.422852,0.779541
-0.395874,0.168457,0.837646
0.450562,-0.300781,0.965942
-0.463989,-0.105835,0.757324
0.150391,-0.005249,1.005859
0.094971,-0.460449,0.785767
-0.459839,0.127930,0.786499
0.456421,-0.242310,0.993774
-0.383179,-0.128052,0.772095
0.047729,0.095581,1.003418
0.180054,-0.498169,0.817017
-0.513550,0.080322,0.761841
0.461914,-0.255981,0.999756
-0.325439,-0.180786,0.760864
-0.033203,0.177002,1.017822
0.264893,-0.434937,0.867676
-0.533813,0.064941,0.758789
0.432861,-0.227173,1.012451
-0.199585,-0.266479,0.787964
-0.120117,0.205444,0.994385
0.336914,-0.452515,0.908569
-0.571655,0.081299,0.754883
0.407349,-0.175781,1.016113
-0.074097,-0.349976,0.792114
-0.186035,0.187256,0.967529
0.354004,-0.375366,0.930908
-0.539551,-0.009155,0.745239
0.381104,-0.171875,1.018433
-0.005615,-0.416260,0.785156
-0.261475,0.213135,0.922119
0.404541,-0.347168,0.948853
-0.529419,-0.060913,0.733521
0.307373,-0.126465,0.998413
0.055054,-0.447632,0.811646
-0.298950,0.133179,0.884155
0.419800,-0.314575,0.966675
-0.504028,-0.069824,0.735107
0.245850,-0.048584,1.009644
0.090088,-0.485352,0.791992
-0.345581,0.098022,0.857300
0.453003,-0.316162,0.991211
-0.480103,-0.091309,0.739502
0.179077,0.024048,1.011597
0.120605,-0.481812,0.789307
-0.395508,0.107910,0.853149
0.480347,-0.314819,1.014893
-0.426880,-0.130981,0.760376
0.092285,0.072021,0.994385
0.166504,-0.484009,0.806763
-0.433838,0.062134,0.805420
0.503418,-0.287720,1.037109
-0.371216,-0.195190,0.755005
0.017944,0.130371,1.010376
0.240723,-0.469971,0.844238
-0.483521,0.043457,0.789185
0.500732,-0.304810,1.040894
-0.291626,-0.236084,0.786133
-0.021973,0.162476,1.028076
0.268555,-0.431274,0.884521
-0.495972,-0.004150,0.750244
0.482788,-0.263306,1.063110
-0.215698,-0.276855,0.807251
-0.070312,0.206421,1.036621
0.314819,-0.419556,0.909302
-0.518066,0.030640,0.779785
0.455200,-0.261475,1.039795
-0.136230,-0.318359,0.826294
-0.104736,0.197388,1.029175
0.341919,-0.390625,0.927246
-0.521973,0.047852,0.786743
0.446167,-0.223633,1.057861
-0.053589,-0.357422,0.847778
-0.172485,0.174438,0.986206
0.384155,-0.366699,0.952759
-0.489624,-0.029663,0.771362
0.396118,-0.146729,1.071167
0.017212,-0.384155,0.853882
-0.210449,0.159912,0.975952
0.420288,-0.366943,0.979492
-0.479126,-0.062622,0.763062
0.355957,-0.113281,1.067505
0.074707,-0.456665,0.843140
-0.276001,0.159058,0.948853
0.459351,-0.330933,1.008911
-0.453857,-0.085327,0.765625
0.293335,-0.073975,1.046753
0.102783,-0.445312,0.842163
-0.290527,0.143311,0.953613
0.482056,-0.303101,1.032104
-0.434570,-0.102783,0.778809
0.238159,-0.004028,1.051270
0.126831,-0.451660,0.847168
-0.337646,0.123047,0.918335
0.519531,-0.255981,1.078857
-0.394775,-0.156128,0.767944
0.176025,0.046631,1.059326
0.201050,-0.465210,0.879150
-0.380005,0.057739,0.854370
0.534668,-0.247803,1.097046
-0.340088,-0.202637,0.774414
0.106812,0.110352,1.052612
0.269043,-0.488770,0.890259
-0.419556,0.034668,0.825195
0.533569,-0.240723,1.111328
-0.270874,-0.242676,0.798584
0.042603,0.158569,1.069702
0.303101,-0.447998,0.911255
-0.443604,0.007202,0.819336
0.533447,-0.238281,1.113159
-0.187256,-0.260010,0.846436
-0.032471,0.218750,1.060669
0.347778,-0.405151,0.952026
-0.455811,0.013794,0.820190
0.513550,-0.217773,1.124878
-0.125000,-0.282104,0.860352
-0.060547,0.204834,1.070679
0.386719,-0.377563,0.979126
-0.466553,-0.005615,0.814819
0.497925,-0.185791,1.127441
-0.033325,-0.335815,0.872314
-0.126587,0.231079,1.068237
0.434326,-0.368286,1.011353
-0.452393,-0.029541,0.806885
0.436157,-0.117188,1.129761
0.046997,-0.397339,0.883911
-0.172363,0.207764,1.053467
0.480347,-0.357056,1.036377
-0.440308,-0.062012,0.815186
0.393799,-0.066284,1.131592
0.073364,-0.376221,0.885376
-0.227417,0.185059,1.015747
0.512085,-0.296509,1.090576
-0.425903,-0.122437,0.789673
0.349487,-0.033813,1.125244
0.124512,-0.363525,0.918701
-0.297119,0.202026,0.984741
0.551392,-0.277710,1.109741
-0.362061,-0.165161,0.816162
0.261475,0.000977,1.103516
0.193970,-0.409546,0.930054
-0.338989,0.139160,0.923950
0.563965,-0.240112,1.118774
-0.308105,-0.181274,0.825073
0.168823,0.084351,1.101440
0.295288,-0.470337,0.942261
-0.394287,0.085205,0.872681
0.557251,-0.206665,1.136841
-0.221802,-0.214844,0.846680
0.067749,0.163330,1.100952
0.354614,-0.436157,0.976440
-0.418091,0.040039,0.875366
0.533447,-0.165894,1.162842
-0.146118,-0.253540,0.871582
-0.016724,0.218872,1.100708
0.414062,-0.382080,1.023804
-0.446533,-0.007080,0.846558
0.507080,-0.156860,1.160645
-0.016602,-0.349731,0.885132
-0.099365,0.237915,1.097778
0.443604,-0.326416,1.034180
-0.431030,-0.031372,0.836426
0.482910,-0.118408,1.170166
0.026001,-0.386719,0.882690
-0.174316,0.191284,1.043701
0.494873,-0.290649,1.081055
-0.427979,-0.055420,0.824219
0.406494,-0.058594,1.162598
0.091553,-0.380371,0.922485
-0.244751,0.196777,1.031616
0.538574,-0.259155,1.120850
-0.396606,-0.113647,0.809937
0.316284,-0.003784,1.137939
0.174194,-0.413086,0.940552
-0.307251,0.149048,0.964478
0.559326,-0.218506,1.147827
-0.338013,-0.184570,0.817383
0.222900,0.051514,1.125488
0.231079,-0.440674,0.947876
-0.359131,0.104492,0.917480
0.575928,-0.214355,1.160645
-0.251099,-0.229370,0.841919
0.110718,0.149292,1.114868
0.299438,-0.421143,0.965332
-0.412598,0.052979,0.889648
0.567383,-0.206421,1.163696
-0.205566,-0.256592,0.855591
0.032227,0.198853,1.106079
0.367310,-0.400757,0.992798
-0.430664,0.036011,0.873169
0.547607,-0.191650,1.154907
-0.118042,-0.299438,0.878174
-0.037231,0.190674,1.086670
0.394287,-0.361084,0.994873
-0.430298,-0.007568,0.845581
0.537476,-0.170044,1.163330
-0.047485,-0.310669,0.874146
-0.093506,0.210205,1.077881
0.428223,-0.342041,1.024292
-0.446533,-0.048462,0.835571
0.490723,-0.133667,1.172852
-0.044556,-0.331055,0.860107
-0.168701,0.212524,1.057861
0.486938,-0.330688,1.060059
-0.449951,-0.067993,0.821655
0.438843,-0.093750,1.167358
-0.002563,-0.338989,0.867432
-0.237671,0.209717,1.018066
0.498047,-0.289185,1.088745
-0.428833,-0.121704,0.810913
0.388306,-0.074097,1.157715
0.039185,-0.348145,0.878540
-0.285767,0.206421,0.994751
0.531372,-0.288208,1.089478
-0.394043,-0.141602,0.798096
0.308716,-0.011963,1.136230
0.100342,-0.369751,0.894165
-0.331543,0.159302,0.928833
0.532837,-0.290527,1.085205
-0.362549,-0.172119,0.808716
0.245728,0.026733,1.121948
0.157104,-0.381958,0.909546
-0.394653,0.130859,0.892822
0.530029,-0.234863,1.108032
-0.337158,-0.213135,0.802246
0.167847,0.057495,1.111084
0.229370,-0.430786,0.928711
-0.429688,0.110962,0.893066
0.524292,-0.192261,1.119873
-0.318481,-0.217773,0.790283
0.089355,0.100708,1.096680
0.283936,-0.431030,0.944824
-0.459961,0.065186,0.865845
0.527100,-0.205078,1.111084
-0.232788,-0.252075,0.803345
-0.005005,0.163330,1.066528
0.321777,-0.386353,0.955322
-0.472534,0.003906,0.831055
0.511475,-0.197266,1.127686
-0.161499,-0.302124,0.802490
-0.069092,0.152588,1.035645
0.343628,-0.364990,0.959229
-0.485352,-0.015259,0.800293
0.496338,-0.173584,1.133179
-0.145386,-0.323486,0.778931
-0.131836,0.177612,1.035522
0.380493,-0.348633,0.978760
-0.523926,-0.024902,0.780884
0.455933,-0.177124,1.128662
-0.102905,-0.353882,0.793701
-0.218872,0.210449,1.006592
0.414551,-0.339722,0.988770
-0.531128,-0.000977,0.782349
0.384766,-0.137207,1.108032
-0.062744,-0.358276,0.821045
-0.276245,0.176025,0.970337
0.431152,-0.310791,1.009033
-0.511108,-0.029663,0.768188
0.314941,-0.092529,1.088257
-0.003662,-0.395874,0.834839
-0.343872,0.163696,0.929565
0.455322,-0.281494,1.032715
-0.482056,-0.079712,0.745361
0.245117,-0.041138,1.083252
0.058472,-0.400513,0.845947
-0.414185,0.171875,0.912354
0.458496,-0.262085,1.039429
-0.445679,-0.149292,0.748535
0.170532,0.015625,1.067017
0.118408,-0.409058,0.865112
-0.469238,0.156738,0.864502
0.459595,-0.232788,1.044434
-0.406982,-0.171875,0.748291
0.077881,0.081421,1.053711
0.180054,-0.437622,0.867432
-0.495361,0.066528,0.827026
0.455078,-0.197632,1.061523
-0.325562,-0.210693,0.755859
-0.007446,0.128174,1.031372
0.231323,-0.412964,0.892212
-0.528931,0.050537,0.794800
0.443359,-0.201172,1.050659
-0.253296,-0.271606,0.738159
-0.070435,0.141724,1.012573
0.277222,-0.391602,0.895752
-0.549927,0.027954,0.776978
0.424438,-0.196411,1.054321
-0.215698,-0.361938,0.714966
-0.157715,0.127686,0.971680
0.322754,-0.373413,0.920166
-0.560913,0.035278,0.757080
0.398682,-0.160889,1.045898
-0.179565,-0.330933,0.731689
-0.255737,0.157593,0.942749
0.369507,-0.368530,0.950562
-0.559082,-0.027222,0.743530
0.346924,-0.095459,1.059082
-0.148682,-0.347412,0.743164
-0.324951,0.177612,0.923950
0.390259,-0.374634,0.954712
-0.556885,-0.064819,0.731689
0.307373,-0.096436,1.050293
-0.097656,-0.349976,0.767578
-0.400146,0.194702,0.888428
0.407227,-0.346558,0.967773
-0.532104,-0.116943,0.717773
0.248169,-0.063354,1.041992
-0.038696,-0.379150,0.779297
-0.456177,0.215698,0.880127
0.421265,-0.299194,0.981201
-0.510986,-0.115479,0.716064
0.144043,0.006592,1.022339
0.056030,-0.421021,0.812622
-0.520996,0.178101,0.823975
0.431519,-0.240479,1.014160
-0.461304,-0.151489,0.711060
0.052490,0.098511,1.036987
0.144775,-0.447998,0.829346
-0.549683,0.157227,0.835571
0.418579,-0.202759,1.018799
-0.370850,-0.178589,0.744263
-0.034790,0.123901,0.996216
0.222046,-0.444702,0.862915
-0.589844,0.123291,0.787720
0.425537,-0.198120,1.029785
-0.289795,-0.247681,0.726318
-0.108398,0.160522,0.984131
0.262451,-0.384277,0.890381
-0.596802,0.069702,0.760620
0.420898,-0.208130,1.026123
-0.221191,-0.325562,0.715454
-0.215942,0.197632,0.945190
0.326660,-0.380005,0.904785
-0.593262,0.024780,0.735352
0.369873,-0.152588,1.029419
-0.170288,-0.351196,0.708618
-0.281372,0.191406,0.922241
0.364990,-0.346191,0.922974
-0.599609,-0.017334,0.716064
0.307983,-0.119751,1.011230
-0.108032,-0.373657,0.731323
-0.374878,0.229980,0.887451
0.396484,-0.310547,0.940308
-0.554565,-0.051880,0.702759
0.202271,-0.038208,1.002808
-0.039307,-0.406860,0.763672
-0.454834,0.189941,0.853149
0.414185,-0.261475,0.968506
-0.499023,-0.108643,0.715332
0.088501,0.077026,1.008545
0.058838,-0.420532,0.797119
-0.519165,0.175415,0.831909
0.443726,-0.237183,1.008545
-0.413574,-0.125122,0.740479
-0.000977,0.158081,1.002197
0.176636,-0.394897,0.845459
-0.592651,0.120605,0.779541
0.421509,-0.200684,1.010376
-0.267212,-0.270020,0.719116
-0.089355,0.198120,0.974731
0.252075,-0.369141,0.866455
-0.613647,0.106934,0.761719
0.413574,-0.206421,1.006470
-0.191772,-0.344727,0.711060
-0.169556,0.190552,0.947510
0.321655,-0.352905,0.890137
-0.621216,0.130127,0.754028
0.368652,-0.182983,0.994629
-0.115601,-0.384644,0.733398
-0.265991,0.180176,0.905273
0.368286,-0.323975,0.916992
-0.598511,0.093506,0.734741
0.312866,-0.105347,0.983765
-0.065918,-0.414795,0.748291
-0.343628,0.176392,0.868774
0.402222,-0.302490,0.939575
-0.574829,0.037964,0.716431
0.208618,-0.000122,0.984985
0.003174,-0.399048,0.790161
-0.416016,0.171387,0.865356
0.413086,-0.286011,0.944702
-0.530273,-0.004517,0.720825
0.151611,0.057495,0.994629
0.055786,-0.374634,0.799438
-0.496338,0.186401,0.824219
0.437134,-0.248657,0.983887
-0.445679,-0.099854,0.738525
0.076660,0.105225,1.012939
0.128540,-0.401855,0.818726
-0.543335,0.214844,0.824951
0.431274,-0.199219,0.986450
-0.363403,-0.151611,0.747803
-0.002441,0.163086,1.010010
0.202637,-0.422607,0.841797
-0.572266,0.145752,0.784546
0.433594,-0.178223,1.013428
-0.277100,-0.214233,0.734253
-0.090942,0.200073,0.984009
0.275269,-0.400635,0.872192
-0.581055,0.108154,0.771362
0.426025,-0.150635,1.029907
-0.184937,-0.281494,0.746582
-0.172607,0.205933,0.938721
0.334106,-0.375854,0.895020
-0.583862,0.078125,0.756348
0.385742,-0.112915,1.021973
-0.109985,-0.337402,0.740601
-0.234741,0.208862,0.911865
0.378906,-0.359375,0.913086
-0.583130,0.020996,0.745728
0.340698,-0.100708,1.011230
-0.061523,-0.367310,0.747192
-0.293945,0.201416,0.872192
0.397339,-0.313599,0.925659
-0.544189,-0.028809,0.737671
0.273193,-0.062622,0.990967
-0.001953,-0.408325,0.754028
-0.380615,0.200562,0.844971
0.433472,-0.301880,0.948853
-0.501831,-0.063232,0.738403
0.191162,0.002075,0.994873
0.027222,-0.407837,0.774048
-0.430420,0.164429,0.825073
0.450684,-0.264526,0.972534
-0.460571,-0.082275,0.750732
0.112793,0.089478,1.020264
0.098877,-0.431274,0.795044
-0.485474,0.133667,0.805908
0.456421,-0.237305,0.983887
-0.403931,-0.090942,0.763062
0.035034,0.154907,1.016602
0.188232,-0.435913,0.832275
-0.550293,0.102661,0.777222
0.457886,-0.235229,1.004395
-0.304199,-0.188477,0.763428
-0.053955,0.216675,0.997070
0.252930,-0.385986,0.858276
-0.566895,0.061768,0.746582
0.463135,-0.246094,1.017578
-0.220947,-0.248779,0.767578
-0.120850,0.231323,0.968140
0.304321,-0.363647,0.884644
-0.583130,0.074707,0.755249
0.434448,-0.215454,1.029907
-0.119019,-0.333862,0.792358
-0.172607,0.207520,0.946411
0.337158,-0.342773,0.899292
-0.585205,0.078735,0.750488
0.396851,-0.169556,1.019775
-0.046753,-0.373291,0.790771
-0.230835,0.180420,0.916748
0.358765,-0.322754,0.914062
-0.559082,0.031372,0.737915
0.358887,-0.144531,0.997559
-0.003662,-0.406738,0.788208
-0.291504,0.165894,0.880737
0.405396,-0.314087,0.939209
-0.537598,-0.009277,0.733887
0.291992,-0.110718,0.982422
0.028564,-0.415161,0.789185
-0.317993,0.132202,0.851929
0.421753,-0.308960,0.948486
-0.508057,-0.026123,0.748535
0.233887,-0.035156,0.997559
0.061523,-0.451172,0.787842
-0.364014,0.116211,0.830078
0.446289,-0.320801,0.962646
-0.489502,-0.068481,0.739502
0.191284,0.019897,1.020142
0.084595,-0.456055,0.780396
-0.421387,0.135010,0.820190
0.466797,-0.338135,0.963379
-0.458740,-0.122681,0.743896
0.136963,0.056641,1.011597
0.121826,-0.444214,0.804321
-0.448975,0.115845,0.802490
0.471069,-0.313599,0.990479
-0.428223,-0.151367,0.748657
0.104126,0.079102,1.032471
0.160767,-0.447266,0.823975
-0.490601,0.118286,0.791382
0.475586,-0.287476,0.999146
-0.373779,-0.158081,0.768555
0.055054,0.101685,1.020874
0.225098,-0.462158,0.853149
-0.518066,0.074463,0.761719
0.476074,-0.278931,1.010864
-0.320923,-0.198608,0.775024
-0.003784,0.135254,1.020386
0.275513,-0.470581,0.873169
-0.520874,0.042603,0.747314
0.449097,-0.231567,1.025024
-0.251099,-0.220581,0.792847
-0.065796,0.160889,1.007080
0.318115,-0.479858,0.888794
-0.530884,0.013794,0.756226
0.428345,-0.201294,1.034912
-0.160156,-0.279175,0.797852
-0.125977,0.189575,1.004028
0.362549,-0.450562,0.921631
-0.528076,0.008423,0.753418
0.409424,-0.154297,1.046875
-0.111450,-0.306030,0.796265
-0.173218,0.168457,0.981079
0.409912,-0.443359,0.944458
-0.514160,-0.030762,0.761719
0.371216,-0.093872,1.042969
-0.014404,-0.359009,0.802368
-0.248169,0.183350,0.951416
0.437012,-0.405396,0.968994
-0.484741,-0.100220,0.758179
0.317505,-0.084717,1.041016
0.044922,-0.417969,0.796753
-0.292358,0.142090,0.907959
0.472412,-0.347534,0.997681
-0.449707,-0.162354,0.754150
0.239990,-0.044922,1.035645
0.095581,-0.436768,0.821655
-0.336182,0.119263,0.877197
0.472900,-0.289429,1.018188
-0.415771,-0.155273,0.764526
0.192871,-0.027344,1.035889
0.141846,-0.464478,0.830688
-0.392212,0.091064,0.852783
0.505249,-0.265503,1.049561
-0.373291,-0.171509,0.772827
0.099487,0.084717,1.033569
0.239258,-0.496094,0.867554
-0.423218,0.048462,0.819946
0.499146,-0.246216,1.069458
-0.310181,-0.205078,0.776978
0.026245,0.148926,1.044067
0.314331,-0.486206,0.907104
-0.449097,0.010986,0.803345
0.493042,-0.214478,1.086670
-0.238281,-0.232422,0.820312
-0.041748,0.196289,1.044189
0.355347,-0.459229,0.935303
-0.495483,0.008423,0.788086
0.489746,-0.185791,1.117920
-0.123657,-0.282959,0.839233
-0.116577,0.233154,1.052490
0.381836,-0.420898,0.954224
-0.482544,-0.036743,0.793579
0.459473,-0.179565,1.106934
-0.041992,-0.352051,0.845215
-0.166138,0.229858,1.024048
0.438354,-0.366943,1.002075
-0.467773,-0.046021,0.798096
0.396484,-0.142578,1.093140
0.055664,-0.433960,0.858398
-0.198242,0.178833,1.000977
0.472778,-0.328491,1.040527
-0.456299,-0.057251,0.800415
0.352417,-0.103882,1.079956
0.093872,-0.435913,0.863037
-0.222046,0.161743,0.982300
0.493774,-0.256104,1.071045
-0.415405,-0.099365,0.798462
0.300903,-0.036621,1.085693
0.130859,-0.444336,0.889282
-0.316895,0.130005,0.954346
0.521362,-0.253784,1.104492
-0.381226,-0.142944,0.798340
0.226074,0.031128,1.099487
0.210083,-0.489990,0.889404
-0.353882,0.093018,0.904053
0.553955,-0.244141,1.112061
-0.340454,-0.155640,0.801392
0.152588,0.093384,1.081909
0.292603,-0.479126,0.936646
-0.387451,0.074707,0.880493
0.545654,-0.232788,1.121216
-0.277588,-0.197754,0.827881
0.080444,0.125732,1.084717
0.355469,-0.450562,0.967529
-0.486328,-0.003540,0.796509
0.442749,-0.135010,1.091309
-0.199829,-0.229248,0.854126
-0.173218,0.199585,1.002686
0.432983,-0.418457,0.986938
-0.475586,-0.074341,0.776001
0.393921,-0.097168,1.099976
0.038818,-0.382690,0.847534
-0.240479,0.223267,0.991577
0.470459,-0.379517,1.002686
-0.449585,-0.106079,0.784790
0.334351,-0.068237,1.075439
0.098022,-0.423828,0.854736
-0.282227,0.181641,0.967163
0.509644,-0.319092,1.050293
-0.426392,-0.117188,0.775635
0.260376,-0.022827,1.071045
0.156494,-0.432495,0.889893
-0.345825,0.154297,0.928223
0.531616,-0.265381,1.078735
-0.367188,-0.140381,0.798828
0.168945,0.061035,1.072754
0.249023,-0.496826,0.898560
-0.373169,0.060303,0.863281
0.532471,-0.220825,1.114258
-0.297852,-0.217529,0.794434
0.077515,0.140137,1.071167
0.318604,-0.460815,0.939819
-0.433350,0.031982,0.834351
0.530518,-0.203491,1.129150
-0.208984,-0.258179,0.828247
-0.004028,0.193604,1.067017
0.374512,-0.419678,0.973267
-0.473389,0.011963,0.811768
0.514771,-0.194580,1.133179
-0.076782,-0.299927,0.880005
-0.068359,0.233154,1.080688
0.395874,-0.362671,0.987183
-0.471191,-0.005493,0.819824
0.492920,-0.185181,1.135254
0.009521,-0.359375,0.887573
-0.115234,0.201294,1.075806
0.451904,-0.332397,1.028442
-0.464111,-0.005981,0.822510
0.438110,-0.135620,1.115845
0.054077,-0.423950,0.868408
-0.157837,0.200562,1.063965
0.491333,-0.300903,1.068726
-0.440674,-0.039917,0.821045
0.400146,-0.077881,1.128906
0.094727,-0.407959,0.897827
-0.242065,0.184082,1.017090
0.508423,-0.257690,1.112549
-0.411743,-0.125610,0.796997
0.351440,0.008057,1.168823
0.129883,-0.404541,0.914795
-0.293213,0.184326,1.004150
0.555786,-0.273560,1.125366
-0.368042,-0.137817,0.821777
0.267578,0.050659,1.138062
0.206299,-0.428955,0.925537
-0.315430,0.127441,0.946289
0.568726,-0.260986,1.122192
-0.340332,-0.147461,0.823608
0.199707,0.086426,1.111694
0.288086,-0.454956,0.942749
-0.365479,0.103638,0.909180
0.585938,-0.247559,1.143799
-0.266724,-0.209839,0.853149
0.090576,0.156860,1.097778
0.337036,-0.427002,0.984375
-0.415649,0.041016,0.865967
0.571289,-0.159424,1.185425
-0.183838,-0.262573,0.864014
0.015503,0.213379,1.112671
0.378174,-0.420288,0.984619
-0.428955,0.055420,0.885498
0.561401,-0.184814,1.169312
-0.120239,-0.266235,0.883423
-0.039795,0.228516,1.107544
0.406250,-0.379761,1.002441
-0.437378,0.001221,0.871582
0.524414,-0.162476,1.179443
-0.016724,-0.339355,0.905151
-0.093872,0.229126,1.085327
0.438599,-0.337524,1.022583
-0.453979,-0.031372,0.820679
0.490601,-0.147705,1.172119
0.002319,-0.353882,0.888550
-0.128174,0.215332,1.076538
0.468262,-0.312622,1.053467
-0.453125,-0.024902,0.831055
0.447021,-0.097656,1.178833
0.030762,-0.386475,0.880859
-0.197388,0.210693,1.057617
0.513916,-0.303955,1.097046
-0.450684,-0.048096,0.807251
0.387451,-0.049438,1.167969
0.086792,-0.379761,0.919312
-0.265747,0.212036,1.025024
0.530029,-0.271851,1.103271
-0.406616,-0.118042,0.807861
0.322388,-0.026733,1.147827
0.146118,-0.359253,0.932373
-0.325195,0.177612,0.962646
0.551758,-0.254639,1.120972
-0.356934,-0.184326,0.796631
0.216553,0.058105,1.121338
0.227539,-0.398560,0.949585
-0.375488,0.128174,0.919434
0.540039,-0.228394,1.126709
-0.304199,-0.209351,0.811890
0.134888,0.102783,1.109741
0.292236,-0.412231,0.967041
-0.419800,0.074585,0.879395
0.537842,-0.182617,1.141235
-0.235596,-0.249268,0.819702
0.038696,0.138062,1.091797
0.328125,-0.391968,0.968628
-0.447388,0.016602,0.853271
0.537231,-0.166260,1.151367
-0.129517,-0.308716,0.821411
-0.052612,0.179810,1.071533
0.372192,-0.361816,0.977051
-0.475586,-0.023560,0.823730
0.499390,-0.176758,1.144653
-0.081055,-0.344849,0.822632
-0.125366,0.186157,1.049438
0.399414,-0.323242,0.999634
-0.484497,-0.031616,0.801025
0.451416,-0.141235,1.155884
-0.055664,-0.364136,0.842285
-0.233398,0.190552,1.007324
0.455566,-0.311035,1.036377
-0.474854,-0.034180,0.797241
0.375610,-0.073730,1.136475
-0.004883,-0.355347,0.861572
-0.296875,0.168457,0.972900
0.489014,-0.300293,1.064453
-0.442383,-0.138184,0.757446
0.294922,0.007080,1.136108
0.054932,-0.375732,0.853394
-0.358154,0.176025,0.940430
0.512085,-0.311890,1.057739
-0.428589,-0.161133,0.770386
0.218872,0.013672,1.095459
0.118530,-0.389282,0.884521
-0.415771,0.168701,0.891846
0.495361,-0.260254,1.066528
-0.386108,-0.178955,0.784180
0.148560,0.048706,1.079956
0.172974,-0.409790,0.883057
-0.465454,0.094116,0.848755
0.509277,-0.228394,1.083984
-0.355225,-0.206421,0.766968
0.060425,0.099731,1.067505
0.237549,-0.415894,0.893433
-0.491577,0.060059,0.828369
0.486084,-0.218994,1.072876
-0.266235,-0.274292,0.765869
-0.015259,0.142700,1.055542
0.277466,-0.399292,0.906982
-0.521851,0.043335,0.796997
0.481567,-0.213867,1.087769
-0.203369,-0.334595,0.756348
-0.087036,0.153320,1.012939
0.314331,-0.360962,0.920288
-0.571045,0.042603,0.775879
0.449829,-0.236572,1.069336
-0.162476,-0.387085,0.756226
-0.167358,0.164795,1.000610
0.339355,-0.346802,0.934570
-0.567505,0.028442,0.755493
0.389771,-0.172607,1.068237
-0.128662,-0.384277,0.782227
-0.235962,0.151611,0.991943
0.378174,-0.332764,0.976440
-0.575073,0.043091,0.742065
0.327393,-0.083984,1.060425
-0.085449,-0.336426,0.814209
-0.312988,0.148438,0.945679
0.419434,-0.351562,0.998169
-0.557129,-0.011353,0.733643
0.267944,-0.017090,1.064331
-0.054077,-0.307861,0.822632
-0.364258,0.146240,0.919800
0.419067,-0.335693,0.995239
-0.529541,-0.106934,0.709351
0.226074,-0.021118,1.055908
-0.002075,-0.375000,0.805786
-0.449585,0.202148,0.882324
0.437134,-0.306885,0.996094
-0.492065,-0.098999,0.745728
0.147461,0.003052,1.027588
0.053467,-0.426392,0.820190
-0.496094,0.164307,0.842651
0.436890,-0.255127,1.010742
-0.471802,-0.112061,0.732178
0.089355,0.066772,1.031006
0.121216,-0.412109,0.852051
-0.531128,0.142456,0.826294
0.442017,-0.257568,1.007690
-0.418335,-0.155762,0.723633
0.020752,0.113037,1.023315
0.184326,-0.432495,0.845459
-0.567871,0.126221,0.802490
0.435425,-0.220459,1.019653
-0.346313,-0.212891,0.727661
-0.036987,0.135376,0.995605
0.221069,-0.404419,0.859741
-0.575073,0.098511,0.784180
0.434448,-0.232666,1.023193
-0.276123,-0.296021,0.713867
-0.120117,0.195679,0.993164
0.265015,-0.403198,0.858398
-0.598511,0.080811,0.760376
0.438477,-0.236816,1.030273
-0.209839,-0.339355,0.728149
-0.203613,0.169800,0.940918
0.310669,-0.383057,0.885010
-0.606934,0.054810,0.750854
0.383789,-0.186157,1.026123
-0.180420,-0.382812,0.710205
-0.234619,0.174561,0.929565
0.327026,-0.334229,0.904785
-0.613892,0.040771,0.729980
0.345581,-0.184937,1.002686
-0.130615,-0.412720,0.720093
-0.278687,0.179199,0.922485
0.347656,-0.316772,0.917358
-0.612061,0.039062,0.720215
0.294800,-0.115723,1.005249
-0.086060,-0.404297,0.758423
-0.354492,0.167969,0.894043
0.364624,-0.305664,0.938721
-0.583984,0.009033,0.686523
0.238159,-0.043335,1.004272
-0.012329,-0.407227,0.781006
-0.417969,0.206665,0.880005
0.376831,-0.279541,0.943604
-0.562012,-0.041748,0.692383
0.186768,-0.024902,0.989014
0.007690,-0.427612,0.774536
-0.467041,0.220215,0.868652
0.422729,-0.262085,0.972534
-0.525269,-0.035767,0.719238
0.092529,0.066772,1.007812
0.072876,-0.416016,0.795776
-0.528320,0.187256,0.849976
0.451538,-0.265015,0.994751
-0.441650,-0.102905,0.741821
0.019409,0.154907,1.012329
0.130005,-0.396362,0.816162
-0.567505,0.149048,0.806274
0.452271,-0.223999,1.012329
-0.332031,-0.211060,0.734253
-0.051270,0.184814,0.988037
0.197266,-0.407471,0.829712
-0.583618,0.123779,0.772583
0.422607,-0.198975,1.004517
-0.257690,-0.274170,0.723999
-0.089355,0.191528,0.976196
0.269043,-0.356812,0.878296
-0.618408,0.116821,0.749390
0.399048,-0.157959,1.019165
-0.181641,-0.333496,0.729370
-0.158203,0.161865,0.947510
0.307983,-0.348633,0.893799
-0.615967,0.121338,0.746704
0.380371,-0.122559,1.019287
-0.114258,-0.379028,0.723389
-0.253784,0.178711,0.904663
0.356567,-0.330811,0.921875
-0.588501,0.052246,0.729980
0.312744,-0.095703,0.994507
-0.059937,-0.412598,0.730347
-0.345337,0.200928,0.875732
0.396729,-0.285522,0.934326
-0.540771,0.005859,0.721558
0.192139,0.015503,0.975708
0.010864,-0.382324,0.779785
-0.418823,0.171753,0.849487
0.425903,-0.271240,0.965698
-0.493652,-0.054810,0.736206
0.106567,0.100708,1.014526
0.090576,-0.410278,0.791748
-0.514893,0.191284,0.831177
0.447876,-0.233032,0.992188
-0.365479,-0.139404,0.766113
0.022705,0.168945,1.014282
0.157471,-0.356567,0.826904
-0.567017,0.132202,0.786011
0.460083,-0.268311,1.003906
-0.257568,-0.284058,0.749756
-0.060547,0.180176,0.982666
0.247070,-0.349731,0.857544
-0.606689,0.140381,0.757690
0.443970,-0.193359,1.016479
-0.157104,-0.311279,0.771851
-0.166992,0.135010,0.921265
0.335938,-0.369507,0.900024
-0.595093,0.125732,0.751099
0.368530,-0.090088,1.012207
-0.070923,-0.366333,0.749268
-0.268066,0.191040,0.898193
0.392090,-0.349609,0.927490
-0.555664,0.035156,0.748779
0.310913,-0.067871,1.002563
-0.020142,-0.408936,0.742798
-0.361206,0.205078,0.851196
0.421143,-0.326050,0.944702
-0.496460,-0.054077,0.753540
0.206665,0.000244,0.994629
0.031006,-0.403076,0.771729
-0.432129,0.169556,0.807495
0.438599,-0.275391,0.972168
-0.455078,-0.097046,0.742920
0.133301,0.061646,1.025269
0.098267,-0.440796,0.794434
-0.485718,0.163696,0.811279
0.451172,-0.232788,0.980469
-0.396851,-0.118286,0.761108
0.039673,0.119995,1.015015
0.174683,-0.451782,0.822021
-0.542236,0.103027,0.769531
0.461304,-0.208374,1.014893
-0.295532,-0.166382,0.758423
-0.076904,0.199219,0.995850
0.283081,-0.440430,0.870239
-0.575073,0.068359,0.751099
0.427124,-0.176025,1.019287
-0.134155,-0.289307,0.780640
-0.164673,0.211304,0.954102
0.328979,-0.369263,0.903076
-0.566772,0.060791,0.755981
0.393677,-0.156372,1.014160
-0.039062,-0.395630,0.775024
-0.233765,0.182129,0.911133
0.378784,-0.302246,0.932251
-0.548950,-0.003906,0.719604
0.292969,-0.097900,0.982056
0.030029,-0.414551,0.801636
-0.320923,0.126953,0.862183
0.433838,-0.319092,0.947266
-0.511963,-0.008057,0.743530
0.173096,0.044434,0.992432
0.087524,-0.453125,0.783325
-0.417480,0.108032,0.826294
0.464233,-0.316162,0.976318
-0.444702,-0.101074,0.744507
0.091553,0.129517,1.025391
0.126465,-0.396118,0.802002
-0.473633,0.092285,0.786621
0.479614,-0.301270,0.994385
-0.386230,-0.182251,0.756470
0.024170,0.101562,1.008057
0.209961,-0.458618,0.825439
-0.513672,0.073730,0.752808
0.462524,-0.201294,1.023315
-0.264893,-0.172485,0.798218
-0.084961,0.167725,0.994019
0.288086,-0.495117,0.854736
-0.523804,0.018188,0.733521
0.431152,-0.168213,1.022339
-0.173462,-0.210693,0.809692
-0.169922,0.210205,0.978760
0.350342,-0.435791,0.910400
-0.537231,-0.009277,0.758057
0.389526,-0.173462,1.024292
-0.073975,-0.349731,0.791626
-0.220459,0.191162,0.952759
0.393433,-0.374512,0.942139
-0.519775,-0.028198,0.762695
0.335815,-0.114746,1.024048
0.029419,-0.441040,0.786011
-0.276489,0.164917,0.899048
0.414917,-0.346191,0.962036
-0.494751,-0.067871,0.749268
0.267212,-0.096436,1.006470
0.074951,-0.472534,0.786987
-0.329712,0.117065,0.864990
0.463257,-0.315918,0.992798
-0.481445,-0.104004,0.747681
0.175781,-0.020020,1.000977
0.127808,-0.485229,0.807007
-0.393311,0.086914,0.838501
0.469482,-0.260620,1.023193
-0.409790,-0.180176,0.734131
0.105591,0.069946,1.028320
0.192627,-0.502808,0.821655
-0.461792,0.074219,0.806274
0.503418,-0.295654,1.026611
-0.319336,-0.212280,0.777466
0.011353,0.158936,1.030396
0.249268,-0.474487,0.869873
-0.476929,0.027832,0.786133
0.491089,-0.279297,1.038208
-0.265503,-0.229492,0.795410
-0.056274,0.182129,1.026489
0.314697,-0.462524,0.896851
-0.500366,0.014771,0.774414
0.464111,-0.222290,1.066406
-0.193237,-0.277344,0.809937
-0.110596,0.186157,1.004028
0.366699,-0.436890,0.935425
-0.492065,0.006958,0.788452
0.422852,-0.145752,1.080444
-0.098511,-0.316040,0.820801
-0.155518,0.180908,1.011719
0.424561,-0.437622,0.962646
-0.494873,-0.003174,0.774048
0.388672,-0.104614,1.058716
0.005859,-0.366211,0.833618
-0.194824,0.177856,0.986206
0.434082,-0.397095,0.983643
-0.470703,-0.080444,0.770020
0.348999,-0.094604,1.068481
0.062866,-0.418823,0.840698
-0.258301,0.177124,0.967407
0.473999,-0.339111,1.018677
-0.435425,-0.102783,0.790649
0.286987,-0.076294,1.050659
0.092407,-0.427734,0.847290
-0.302368,0.153198,0.944092
0.509521,-0.294189,1.059204
-0.407104,-0.119751,0.798462
0.232178,-0.000854,1.077271
0.161011,-0.467041,0.866699
-0.368164,0.118896,0.895142
0.539185,-0.298218,1.085083
-0.356323,-0.183472,0.786011
0.160767,0.084839,1.078247
0.238403,-0.439331,0.907349
-0.406616,0.084351,0.854736
0.536011,-0.278809,1.079102
-0.281494,-0.228516,0.816528
0.078857,0.112305,1.062988
0.313477,-0.454712,0.932617
-0.431274,0.045532,0.826538
0.536743,-0.223267,1.109253
-0.207886,-0.238281,0.828857
-0.011597,0.198120,1.065063
0.367676,-0.437256,0.959839
-0.453979,0.011841,0.826294
0.510376,-0.185059,1.122803
-0.134033,-0.244141,0.855469
-0.071289,0.240112,1.076416
0.413452,-0.389160,1.004272
-0.445923,-0.035400,0.827881
0.470337,-0.135498,1.135254
-0.036377,-0.307007,0.870850
-0.122681,0.213623,1.064331
0.468750,-0.360229,1.037109
-0.444580,-0.057495,0.824463
0.429443,-0.118774,1.129639
0.058472,-0.414429,0.872925
-0.183594,0.216797,1.041992
0.483887,-0.281860,1.066406
-0.415039,-0.067261,0.817749
0.387085,-0.087280,1.134277
0.085938,-0.426147,0.883911
-0.253052,0.202759,1.021484
0.539185,-0.265991,1.111572
-0.395996,-0.098389,0.816162
0.298096,-0.002319,1.121582
0.171509,-0.436157,0.920654
-0.307983,0.120361,0.969116
0.556641,-0.231689,1.150879
-0.355225,-0.163330,0.818359
0.217529,0.086792,1.130737
0.251587,-0.444214,0.950073
-0.374146,0.089233,0.912476
0.569092,-0.240479,1.148193
-0.273804,-0.220215,0.827759
0.123901,0.167847,1.124756
0.315186,-0.432495,0.974121
-0.403931,0.057617,0.882935
0.572998,-0.232300,1.160156
-0.214600,-0.260132,0.848145
0.052124,0.212158,1.112305
0.362793,-0.388428,0.990112
-0.423462,0.049805,0.866577
0.558105,-0.200317,1.163818
-0.124512,-0.305664,0.874390
-0.026367,0.194824,1.099731
0.394165,-0.372070,1.008423
-0.444702,0.019287,0.851440
0.542358,-0.187134,1.168091
-0.025635,-0.340698,0.909790
-0.087402,0.208618,1.085205
0.424194,-0.322144,1.031128
-0.433350,-0.019409,0.825684
0.499390,-0.144531,1.170776
-0.006470,-0.358154,0.890503
-0.125732,0.203125,1.078613
0.470337,-0.316040,1.060303
-0.459106,-0.025391,0.824463
0.448120,-0.104370,1.167480
0.046265,-0.363159,0.910156
-0.205933,0.200439,1.050293
0.516479,-0.299927,1.099487
-0.438843,-0.043701,0.813354
0.372314,-0.035889,1.140869
0.100952,-0.379028,0.918945
-0.265625,0.182373,1.016357
0.557129,-0.278198,1.136353
-0.396729,-0.100464,0.815552
0.286011,0.040527,1.143555
0.156860,-0.384277,0.936646
-0.305664,0.093262,0.954346
0.570312,-0.259644,1.148438
-0.353882,-0.141113,0.816040
0.214722,0.092529,1.141479
0.224731,-0.410889,0.936890
-0.370728,0.099487,0.917847
0.561035,-0.244995,1.138184
-0.285645,-0.224243,0.832520
0.116821,0.151367,1.112183
0.285645,-0.415161,0.940918
-0.412476,0.075806,0.877319
0.562256,-0.224609,1.143677
-0.240479,-0.248291,0.840454
0.039062,0.151855,1.085327
0.336182,-0.397827,0.955078
-0.448853,0.055054,0.868042
0.526733,-0.174805,1.140869
-0.128662,-0.316284,0.848511
-0.032837,0.167114,1.079468
0.375854,-0.375977,0.989502
-0.469604,-0.003662,0.834839
0.490845,-0.133423,1.150879
-0.085815,-0.338501,0.818237
-0.102661,0.185181,1.057129
0.404663,-0.338135,0.987915
-0.493164,-0.001709,0.811157
0.484619,-0.167480,1.149170
-0.055298,-0.358521,0.833496
-0.225098,0.210205,1.018188
0.435547,-0.300293,1.030273
-0.478394,-0.060791,0.796143
0.401611,-0.127563,1.146851
-0.010376,-0.375977,0.860107
-0.285767,0.207886,1.004639
0.480103,-0.304565,1.049072
-0.475464,-0.058960,0.765625
0.305542,-0.045532,1.117798
0.062500,-0.392334,0.872925
-0.348755,0.163574,0.949951
0.495361,-0.291626,1.069092
-0.440918,-0.142456,0.748169
0.239380,0.047607,1.119019
0.088501,-0.374756,0.875366
-0.395264,0.129639,0.907349
0.517578,-0.315186,1.066040
-0.401123,-0.186646,0.768921
0.177246,0.095581,1.104126
0.126587,-0.349121,0.881714
-0.431641,0.131592,0.887451
0.509033,-0.279541,1.077271
-0.400635,-0.221802,0.758545
0.130005,0.062866,1.076904
0.172119,-0.403687,0.883911
-0.488281,0.139282,0.843872
0.492920,-0.255371,1.067749
-0.373169,-0.241455,0.760742
0.068848,0.062012,1.048462
0.222900,-0.421753,0.895874
-0.518921,0.141235,0.833008
0.484253,-0.229858,1.061890
-0.318604,-0.242188,0.775635
0.005859,0.106079,1.038574
0.236450,-0.395874,0.901855
-0.506836,0.072021,0.824829
0.476440,-0.230957,1.070435
-0.274170,-0.283325,0.743164
-0.052124,0.126587,1.007812
0.273804,-0.389526,0.895386
-0.544922,0.054199,0.795044
0.477661,-0.239258,1.061768
-0.213257,-0.326538,0.741333
-0.139526,0.148804,0.968384
0.304810,-0.361084,0.924438
-0.538574,0.017944,0.761719
0.441528,-0.200684,1.069092
-0.201172,-0.348511,0.740845
-0.195801,0.132935,0.974731
0.330811,-0.362061,0.934937
-0.565674,-0.004272,0.748047
0.395020,-0.160767,1.075195
-0.179443,-0.332886,0.755981
-0.276489,0.152710,0.938599
0.376343,-0.371948,0.951904
-0.556641,-0.004517,0.745239
0.344971,-0.100098,1.058960
-0.135376,-0.335083,0.760864
-0.316772,0.164673,0.915039
0.384766,-0.372192,0.948242
-0.569092,-0.028931,0.737305
0.313110,-0.097046,1.044556
-0.094971,-0.356201,0.766235
-0.376221,0.186890,0.895874
0.396118,-0.345825,0.962280
-0.528564,-0.087158,0.725586
0.246338,-0.065796,1.035889
-0.060059,-0.385620,0.767578
-0.420410,0.199463,0.883667
0.412964,-0.317383,0.971069
-0.514160,-0.083008,0.737671
0.170654,-0.021851,1.018433
-0.000610,-0.412231,0.794556
-0.473633,0.178467,0.854370
0.424194,-0.249390,1.001831
-0.492676,-0.121094,0.720703
0.086914,0.070190,1.021118
0.093018,-0.457520,0.811646
-0.526611,0.149170,0.837280
0.426880,-0.244019,1.006592
-0.421997,-0.142578,0.741211
0.019653,0.113037,1.005859
0.160278,-0.404785,0.853149
-0.576782,0.139038,0.791748
0.432983,-0.243774,1.005249
-0.344116,-0.225464,0.711060
-0.042480,0.154175,0.993164
0.221802,-0.418457,0.838623
-0.608276,0.140991,0.795776
0.426514,-0.230103,1.002686
-0.259888,-0.316406,0.704590
-0.123779,0.189697,0.976807
0.267334,-0.375366,0.882202
-0.620361,0.096680,0.757202
0.410400,-0.193359,1.007690
-0.205566,-0.336426,0.700439
-0.179077,0.164917,0.955078
0.299561,-0.381104,0.887573
-0.620850,0.079712,0.734985
0.381958,-0.142700,1.019409
-0.151489,-0.361816,0.716064
-0.269043,0.192627,0.925171
0.341309,-0.364624,0.906494
-0.606567,0.024292,0.710693
0.356323,-0.138184,1.015625
-0.135010,-0.371094,0.714722
-0.321777,0.224365,0.904297
0.396484,-0.355225,0.925293
-0.590088,0.022705,0.721069
0.261353,-0.071533,0.997803
-0.084351,-0.412109,0.719604
-0.362793,0.197021,0.888428
0.411377,-0.319946,0.941528
-0.561157,-0.000732,0.716431
0.199097,-0.009033,0.993042
-0.018188,-0.411743,0.760254
-0.430542,0.195312,0.855469
0.414795,-0.285034,0.952271
-0.518311,-0.054077,0.715698
0.138794,0.051758,0.996094
0.033081,-0.406006,0.771851
-0.509521,0.217163,0.832520
0.431274,-0.270630,0.974487
-0.452026,-0.117554,0.743408
0.069336,0.119263,1.014038
0.099243,-0.406982,0.814209
-0.548462,0.195435,0.825684
0.445068,-0.240601,0.994263
-0.399048,-0.149902,0.725586
-0.120483,0.159180,0.963135
0.260132,-0.389648,0.871094
-0.596436,0.083496,0.758057
0.414185,-0.171997,1.034302
-0.219971,-0.310059,0.719360
-0.184448,0.174683,0.951904
0.309692,-0.388794,0.892944
-0.621460,0.105103,0.738525
0.387329,-0.165771,1.019043
-0.168457,-0.316650,0.732910
-0.242554,0.167236,0.934326
0.336060,-0.379028,0.915527
-0.605713,0.052612,0.725830
0.355469,-0.111450,1.027710
-0.138428,-0.358643,0.726318
-0.310181,0.192871,0.909790
0.374634,-0.359253,0.918701
-0.585205,-0.007202,0.720825
0.298340,-0.097046,1.006836
-0.108276,-0.373657,0.711304
-0.368164,0.231201,0.879761
0.399902,-0.312866,0.943481
-0.560547,-0.051270,0.708008
0.223145,-0.062134,0.984253
-0.039429,-0.403564,0.753174
-0.429443,0.196899,0.848267
0.407349,-0.261841,0.962524
-0.521729,-0.084351,0.700439
0.152466,0.037964,1.010132
0.027100,-0.406738,0.782715
-0.478638,0.204102,0.849243
0.424438,-0.249512,0.979248
-0.483521,-0.105225,0.711548
0.081543,0.096069,1.010498
0.099731,-0.429199,0.805176
-0.526855,0.189209,0.838623
0.437744,-0.225708,0.988525
-0.415527,-0.118896,0.735352
0.013916,0.145996,1.005859
0.166992,-0.423828,0.828125
-0.571167,0.178223,0.806519
0.438110,-0.182007,1.017090
-0.322998,-0.184937,0.738892
-0.061279,0.176025,0.988892
0.235352,-0.434814,0.847046
-0.608643,0.143677,0.771851
0.445557,-0.191895,1.006958
-0.240234,-0.229614,0.742310
-0.120239,0.221436,0.967407
0.282104,-0.377075,0.887451
-0.602661,0.103882,0.753784
0.436523,-0.171387,1.027100
-0.179077,-0.283447,0.738770
-0.175171,0.211304,0.944702
0.322754,-0.368774,0.894165
-0.604736,0.098755,0.755005
0.423218,-0.166138,1.023560
-0.123169,-0.333862,0.760376
-0.227539,0.205078,0.910156
0.355713,-0.347656,0.903076
-0.589478,0.103271,0.752686
0.385132,-0.134766,1.019287
-0.085693,-0.394897,0.743286
-0.253662,0.207642,0.899658
0.362671,-0.318481,0.906372
-0.567993,0.049316,0.737183
0.354614,-0.093994,1.014526
-0.063354,-0.392212,0.741821
-0.304810,0.188599,0.876709
0.397095,-0.329834,0.919312
-0.562622,-0.002319,0.728882
0.307495,-0.085815,0.989380
-0.015503,-0.394531,0.749146
-0.358887,0.195557,0.848755
0.418213,-0.311401,0.940552
-0.529663,-0.066284,0.723877
0.260742,-0.060547,0.998901
-0.002808,-0.414429,0.752075
-0.391113,0.209473,0.845825
0.429443,-0.280518,0.942383
-0.495605,-0.087036,0.737793
0.186646,-0.015625,0.996826
0.053101,-0.450928,0.768799
-0.423096,0.179077,0.823730
0.437500,-0.257080,0.963013
-0.482910,-0.039673,0.746704
0.138672,0.027222,1.003784
0.110474,-0.476807,0.790161
-0.473267,0.148804,0.803833
0.442993,-0.215332,0.978760
-0.426880,-0.085449,0.757446
0.073242,0.088135,1.014038
0.157837,-0.456787,0.818726
-0.530640,0.132812,0.783325
0.457275,-0.222046,0.999878
-0.328369,-0.143311,0.780396
-0.003052,0.150757,1.008667
0.208984,-0.414185,0.851562
-0.558960,0.097046,0.754150
0.471436,-0.238892,1.011230
-0.246826,-0.230591,0.772339
-0.075195,0.209717,0.995605
0.266724,-0.384033,0.877075
-0.558960,0.060059,0.744141
0.438965,-0.212036,1.021118
-0.162598,-0.310425,0.781128
-0.149902,0.206909,0.969604
0.318970,-0.387695,0.890869
-0.558594,0.072266,0.755615
0.402222,-0.157349,1.028809
-0.094971,-0.320923,0.800537
-0.184326,0.162476,0.939209
0.359497,-0.397827,0.921753
-0.575317,0.041016,0.743042
0.357422,-0.142334,1.001587
-0.018188,-0.392212,0.798340
-0.259644,0.175659,0.919189
0.399414,-0.373169,0.929321
-0.532104,-0.029175,0.744873
0.296875,-0.094116,0.993286
0.006836,-0.420654,0.781982
-0.293823,0.106323,0.863037
0.441162,-0.323242,0.974365
-0.516602,-0.064453,0.726196
0.229370,-0.024414,1.004517
0.073853,-0.469849,0.783813
-0.347290,0.102295,0.851074
0.453125,-0.332031,0.981934
-0.488159,-0.109131,0.738159
0.165405,-0.009644,1.008789
0.107910,-0.497681,0.787842
-0.416260,0.122925,0.823975
0.467896,-0.286621,0.989380
-0.416260,-0.142090,0.749146
0.076782,0.106812,1.025635
0.172485,-0.484131,0.811890
-0.448608,0.069580,0.801880
0.503906,-0.325073,1.010864
-0.382080,-0.159424,0.769287
0.006470,0.162476,1.022583
0.235596,-0.459595,0.845703
-0.474487,0.021729,0.766968
0.498779,-0.281982,1.044922
-0.286621,-0.220581,0.801147
-0.050537,0.188354,1.006348
0.255371,-0.417847,0.858643
-0.518921,0.028931,0.755493
0.512695,-0.284790,1.070068
-0.197876,-0.281860,0.825195
-0.102173,0.227173,1.027466
0.283447,-0.442993,0.867432
-0.544189,0.033447,0.758911
0.493652,-0.254395,1.069824
-0.137207,-0.288818,0.845459
-0.123779,0.248779,1.040894
0.327515,-0.386108,0.924683
-0.526367,0.008789,0.768555
0.448486,-0.255981,1.057373
-0.091797,-0.324829,0.842529
-0.154053,0.241577,1.026733
0.366821,-0.410767,0.927124
-0.501221,-0.008057,0.777954
0.416626,-0.171997,1.057129
-0.053101,-0.354858,0.832642
-0.161621,0.203857,1.012451
0.387207,-0.410156,0.938599
-0.497192,-0.047607,0.772339
0.414551,-0.158691,1.071045
0.022583,-0.380615,0.852173
-0.227783,0.212769,0.993652
0.421021,-0.391724,0.970459
-0.467896,-0.103516,0.761353
0.373535,-0.121460,1.075073
0.067139,-0.414429,0.847412
-0.240601,0.195679,0.970703
0.450806,-0.345703,1.002319
-0.470459,-0.107300,0.760986
0.338745,-0.090942,1.071167
0.088867,-0.422241,0.844360
-0.269287,0.181519,0.965942
0.493530,-0.323853,1.041748
-0.445801,-0.118652,0.768555
0.270386,-0.054077,1.068481
0.101807,-0.452271,0.825806
-0.301147,0.146240,0.946899
0.540405,-0.313477,1.072021
-0.432861,-0.095581,0.791382
0.210205,-0.007568,1.047729
0.195923,-0.470703,0.877197
-0.340698,0.101440,0.902466
0.528442,-0.267456,1.079102
-0.374512,-0.140991,0.794434
0.170532,0.050415,1.060181
0.253052,-0.481323,0.899048
-0.388794,0.075439,0.872070
0.534546,-0.237427,1.101562
-0.305298,-0.187256,0.815063
0.095581,0.106445,1.056152
0.308716,-0.466553,0.933472
-0.416016,0.036377,0.842407
0.540039,-0.204468,1.129272
-0.223145,-0.241943,0.839111
0.002319,0.185791,1.068237
0.365479,-0.433716,0.963623
-0.425293,0.003418,0.835449
0.503662,-0.169312,1.142944
-0.144043,-0.269165,0.862427
-0.036499,0.207031,1.083374
0.402466,-0.381104,0.997437
-0.463257,0.018677,0.823120
0.495239,-0.189941,1.127808
-0.036255,-0.351929,0.874634
-0.085083,0.208740,1.066650
0.429932,-0.348511,1.018799
-0.457520,-0.001465,0.827759
0.464844,-0.145874,1.132935
0.056763,-0.423706,0.894775
-0.148071,0.205566,1.059937
0.465820,-0.314697,1.053955
-0.444092,-0.017456,0.820068
0.424683,-0.104248,1.147217
0.067993,-0.404419,0.908203
-0.216187,0.187378,1.037476
0.530273,-0.299316,1.099854
-0.424194,-0.041260,0.815552
0.349731,-0.034912,1.115723
0.126953,-0.418579,0.927490
-0.255859,0.156616,1.016235
0.563721,-0.260010,1.143921
-0.399902,-0.078491,0.816162
0.287109,0.044922,1.130615
0.182495,-0.429810,0.936890
-0.304688,0.123413,0.978882
0.562622,-0.249878,1.150269
-0.356689,-0.148193,0.826782
0.243042,0.065918,1.131104
0.223145,-0.401611,0.960083
-0.350098,0.098633,0.921509
0.590088,-0.253906,1.150757
-0.281128,-0.199829,0.842651
0.157227,0.138672,1.129639
0.286987,-0.421143,0.955322
-0.384521,0.087402,0.907104
0.580566,-0.235107,1.145630
-0.237671,-0.223633,0.860229
0.082886,0.179565,1.114746
0.352905,-0.418579,0.979614
-0.416382,0.067749,0.880371
0.539917,-0.183594,1.154541
-0.192383,-0.259155,0.857910
0.043701,0.162964,1.107056
0.391602,-0.393433,1.008301
-0.454102,0.055176,0.864990
0.529541,-0.143677,1.153809
-0.101074,-0.288818,0.875000
-0.020508,0.174316,1.111572
0.420288,-0.374512,1.025391
-0.461182,0.018677,0.846558
0.504028,-0.111328,1.166016
-0.030396,-0.350952,0.855835
-0.114624,0.212036,1.094238
0.464966,-0.372803,1.038086
-0.457153,-0.005737,0.848389
0.461426,-0.064453,1.174072
-0.013184,-0.346313,0.857178
-0.194214,0.205200,1.059326
0.498901,-0.307373,1.086548
-0.441040,-0.089355,0.815430
0.390625,-0.026489,1.161377
0.044189,-0.348267,0.875732
-0.244873,0.195068,1.014160
0.522339,-0.279419,1.096924
-0.419189,-0.137207,0.791870
0.323242,-0.059326,1.137451
0.106201,-0.383545,0.898071
-0.299316,0.172119,0.962158
0.528687,-0.249390,1.103271
-0.368530,-0.167725,0.809692
0.237793,0.008423,1.116699
0.182007,-0.399902,0.927002
-0.397095,0.133545,0.914673
0.545532,-0.236206,1.122559
-0.323730,-0.228516,0.789673
0.134644,0.126465,1.113403
0.252686,-0.415283,0.925171
-0.438721,0.092651,0.876465
0.527832,-0.215576,1.120117
-0.259033,-0.283691,0.805542
0.053955,0.138672,1.084839
0.279297,-0.388428,0.926514
-0.469360,0.051147,0.840576
0.539795,-0.233398,1.117920
-0.153564,-0.318604,0.819336
-0.038818,0.185547,1.068604
0.306030,-0.333618,0.937866
-0.466675,0.000732,0.821777
0.524292,-0.202881,1.132324
-0.140869,-0.344116,0.800659
-0.110840,0.152100,1.013428
0.357300,-0.357300,0.950928
-0.491089,0.012207,0.799561
0.482788,-0.169678,1.138794
-0.118896,-0.356445,0.800293
-0.154297,0.144165,1.008179
0.363159,-0.338867,0.978516
-0.518799,-0.036743,0.773438
0.470215,-0.167480,1.140747
-0.093384,-0.334717,0.811646
-0.269165,0.225342,0.999023
0.417358,-0.338135,1.000488
-0.503052,-0.074951,0.775757
0.367920,-0.126709,1.103882
-0.062378,-0.328125,0.828003
-0.314087,0.202515,0.958252
0.442993,-0.311523,1.016602
-0.484375,-0.115479,0.752686
0.304443,-0.063232,1.089355
-0.007568,-0.367188,0.815063
-0.370239,0.178345,0.914673
0.467285,-0.317627,1.024170
-0.463867,-0.128174,0.753418
0.212036,-0.023804,1.069702
0.049438,-0.407715,0.824829
-0.427734,0.161499,0.892700
0.502075,-0.301392,1.047241
-0.459351,-0.113281,0.755493
0.095581,0.090820,1.049561
0.135986,-0.393799,0.860229
-0.477417,0.109009,0.851196
0.461670,-0.267944,1.039795
-0.376831,-0.203125,0.758667
0.034058,0.097900,1.037231
0.184692,-0.411987,0.858398
-0.523926,0.096924,0.819092
0.467041,-0.251587,1.038208
-0.294800,-0.249756,0.756104
-0.041992,0.139282,1.013672
0.219971,-0.389160,0.864380
-0.536987,0.057495,0.792236
0.453125,-0.225342,1.046631
-0.258301,-0.326416,0.721436
-0.107544,0.122803,0.979858
0.290283,-0.385132,0.896362
-0.577637,0.065918,0.765381
0.425903,-0.191772,1.055054
-0.209595,-0.336792,0.736084
-0.192749,0.150513,0.971436
0.327271,-0.377563,0.916260
-0.570435,0.014526,0.741089
0.380493,-0.142822,1.051880
-0.185425,-0.326782,0.730225
-0.285156,0.171997,0.938965
0.368408,-0.386719,0.941772
-0.560913,-0.036255,0.728516
0.329590,-0.088623,1.049683
-0.144897,-0.344604,0.721924
-0.351074,0.203613,0.906982
0.413330,-0.380737,0.953247
-0.552246,-0.067383,0.720825
0.245483,-0.067139,1.017090
-0.089844,-0.372437,0.757324
-0.421753,0.190918,0.868286
0.422119,-0.322632,0.983154
-0.529053,-0.087769,0.717773
0.175293,-0.011597,1.015137
0.000732,-0.401489,0.786255
-0.495605,0.214722,0.854980
0.416382,-0.282349,0.970581
-0.481689,-0.103149,0.731812
0.083740,0.059937,1.021729
0.099487,-0.420898,0.828369
-0.557007,0.192017,0.833862
0.427124,-0.250244,0.989624
-0.394775,-0.158203,0.733154
0.001709,0.143677,1.019043
0.168701,-0.459717,0.815674
-0.578857,0.149292,0.794556
0.418823,-0.193115,1.007568
-0.318970,-0.198608,0.734741
-0.056030,0.153198,1.004272
0.232788,-0.425537,0.861328
-0.615601,0.103760,0.763916
0.416504,-0.202759,1.017456
-0.242310,-0.297363,0.709717
-0.145874,0.198730,0.975098
0.298340,-0.370483,0.897339
-0.624634,0.089478,0.758667
0.372925,-0.184448,1.001343
-0.175293,-0.371094,0.717896
-0.198853,0.160767,0.930786
0.328491,-0.340576,0.906738
-0.623901,0.099609,0.740479
0.354858,-0.145630,1.006714
-0.124756,-0.376465,0.746460
-0.290039,0.169189,0.904663
0.361816,-0.332153,0.918457
-0.596924,0.077393,0.711670
0.288086,-0.067627,0.994263
-0.063965,-0.378906,0.758423
-0.368408,0.177612,0.883911
0.372437,-0.313599,0.929077
-0.559326,0.000244,0.707397
0.220825,-0.014404,0.986816
-0.039795,-0.386719,0.765747
-0.426636,0.204712,0.873047
0.420654,-0.278687,0.962769
-0.534424,-0.058716,0.695557
0.132568,0.065308,1.002319
0.037354,-0.405396,0.780273
-0.478516,0.197998,0.854980
0.444336,-0.260376,0.977905
-0.496216,-0.078979,0.715088
0.077881,0.114258,1.014038
0.109741,-0.419922,0.799438
-0.527466,0.180542,0.831787
0.435669,-0.220459,0.982788
-0.407593,-0.123413,0.736694
0.030762,0.140625,1.014648
0.163330,-0.421875,0.823853
-0.563354,0.169800,0.798950
0.439819,-0.192627,1.003662
-0.337524,-0.175049,0.744019
-0.027832,0.134888,0.978882
0.232910,-0.427124,0.857056
-0.600586,0.162598,0.783325
0.422363,-0.150146,1.009277
-0.242554,-0.247314,0.724854
-0.096436,0.189575,0.972656
0.289551,-0.406372,0.885864
-0.604736,0.119507,0.766357
0.409790,-0.154663,1.012451
-0.159302,-0.305786,0.735840
-0.168213,0.229004,0.955566
0.330688,-0.356201,0.908691
-0.595947,0.085083,0.746460
0.398315,-0.147339,1.013916
-0.113525,-0.348145,0.746338
-0.234619,0.183838,0.903076
0.382324,-0.352539,0.922974
-0.566040,0.073853,0.753418
0.340698,-0.080933,1.002319
-0.058350,-0.359863,0.753662
-0.309937,0.173218,0.868286
0.410278,-0.346924,0.941162
-0.539673,-0.015747,0.723999
0.277344,-0.040283,1.007935
-0.016235,-0.409790,0.736450
-0.383423,0.204590,0.846802
0.442871,-0.310059,0.955566
-0.495850,-0.048706,0.746216
0.179077,0.018188,0.989502
0.042114,-0.427856,0.765747
-0.427734,0.172485,0.827026
0.433838,-0.269165,0.966064
-0.466431,-0.105835,0.740967
0.131104,0.061157,1.010620
0.095825,-0.404175,0.800537
-0.492432,0.166016,0.798828
0.449219,-0.244507,0.984497
-0.402588,-0.162109,0.745605
0.037720,0.086914,0.990601
0.186523,-0.427368,0.832397
-0.539185,0.133667,0.771851
0.456421,-0.209106,0.996338
-0.301147,-0.158813,0.773438
-0.054199,0.161011,0.980835
0.262573,-0.443237,0.862061
-0.555786,0.097412,0.751465
0.446167,-0.178223,1.022461
-0.194580,-0.244507,0.771729
-0.147583,0.204956,0.961670
0.330811,-0.430420,0.883911
-0.570190,0.055420,0.752197
0.407227,-0.152344,1.025513
-0.077637,-0.338501,0.788452
-0.241699,0.222412,0.932983
0.371582,-0.384399,0.913940
-0.538818,-0.012329,0.743408
0.345581,-0.104248,1.013428
-0.015137,-0.397461,0.773926
-0.310913,0.179443,0.875488
0.417236,-0.347656,0.942505
-0.515503,-0.079834,0.737915
0.261719,-0.047607,1.005859
0.049561,-0.445435,0.765015
-0.372803,0.147949,0.838623
0.440430,-0.332886,0.967041
-0.470947,-0.116821,0.741699
0.180420,0.002075,1.006104
0.097412,-0.448608,0.785889
-0.429199,0.123413,0.803833
0.462769,-0.293701,0.977295
-0.437500,-0.136353,0.747925
0.094116,0.043335,0.998413
0.158325,-0.486694,0.814209
-0.479492,0.091675,0.781616
0.465576,-0.262939,0.998047
-0.363159,-0.169922,0.760132
0.005493,0.126953,1.014282
0.249634,-0.504883,0.839600
-0.512939,0.039307,0.756958
0.461670,-0.237183,1.018433
-0.277954,-0.206787,0.769165
-0.081299,0.186890,1.004272
0.321411,-0.459839,0.902466
-0.537598,0.023560,0.754639
0.440796,-0.240479,1.019531
-0.175049,-0.266602,0.800537
-0.155762,0.210327,0.982910
0.354126,-0.411011,0.931030
-0.517334,-0.000366,0.768433
0.419800,-0.189209,1.032837
-0.084473,-0.318970,0.818237
-0.210571,0.194214,0.958862
0.392090,-0.400269,0.941895
-0.514893,-0.056519,0.753662
0.379517,-0.152710,1.033447
-0.012939,-0.362183,0.818970
-0.242798,0.197266,0.950806
0.420776,-0.373169,0.972656
-0.487061,-0.117065,0.748535
0.323975,-0.113892,1.027222
0.040649,-0.410889,0.807861
-0.293945,0.176392,0.920410
0.450928,-0.360718,0.972168
-0.460938,-0.125244,0.756592
0.276245,-0.070190,1.037109
0.095215,-0.467163,0.818481
-0.364380,0.155518,0.886841
0.464478,-0.326172,0.995728
-0.422363,-0.138062,0.760010
0.230713,-0.023438,1.048950
0.127197,-0.459351,0.833740
-0.392456,0.128418,0.865601
0.485718,-0.313599,1.014038
-0.397339,-0.155273,0.767456
0.167480,0.019531,1.042236
0.205444,-0.456177,0.877686
-0.417603,0.097778,0.843140
0.497070,-0.282471,1.034424
-0.353882,-0.201538,0.770142
0.110229,0.047119,1.041382
0.269897,-0.494507,0.887085
-0.443604,0.081299,0.817261
0.503662,-0.253296,1.046753
-0.280029,-0.216064,0.808472
0.023560,0.120605,1.045410
0.305908,-0.495605,0.909180
-0.456787,0.008301,0.786987
0.506348,-0.208984,1.093872
-0.245728,-0.231323,0.799072
-0.026367,0.167358,1.052246
0.365967,-0.487183,0.928833
-0.464844,0.006348,0.797729
0.480225,-0.179810,1.095825
-0.185547,-0.242310,0.820190
-0.056885,0.184204,1.057129
0.403320,-0.466064,0.956909
-0.485229,-0.013672,0.807861
0.483276,-0.167236,1.113159
-0.090942,-0.259155,0.860352
-0.113281,0.219727,1.046753
0.423340,-0.419312,0.981567
-0.468140,-0.035156,0.811646
0.475098,-0.167114,1.120239
-0.024292,-0.327759,0.870361
-0.145630,0.222900,1.040405
0.456665,-0.345825,1.026245
-0.461304,-0.042480,0.800171
0.436768,-0.138550,1.124878
0.059204,-0.392090,0.883301
-0.187378,0.203857,1.026489
0.475586,-0.301025,1.043579
-0.436523,-0.070312,0.802734
0.399170,-0.103149,1.120361
0.072021,-0.418579,0.870117
-0.240967,0.184814,0.991943
0.534668,-0.303345,1.092285
-0.410156,-0.081055,0.815063
0.311035,-0.003662,1.115723
0.140381,-0.417603,0.900146
-0.285645,0.166504,0.998169
0.537964,-0.267456,1.114868
-0.396118,-0.118408,0.802124
0.276611,0.011597,1.121094
0.203857,-0.438477,0.923950
-0.334595,0.130005,0.942261
0.557983,-0.248657,1.127319
-0.334106,-0.161255,0.816895
0.187744,0.097290,1.111938
0.277832,-0.448608,0.946533
-0.364990,0.080811,0.904175
0.554199,-0.227051,1.131714
-0.283081,-0.219116,0.821045
0.120728,0.135010,1.108398
0.345093,-0.438477,0.982544
-0.424316,0.085083,0.881592
0.548950,-0.197510,1.137573
-0.220581,-0.235596,0.852173
0.057495,0.173706,1.120850
0.382446,-0.434814,0.996948
-0.440063,0.066772,0.871826
0.546021,-0.164795,1.155762
-0.158081,-0.231201,0.867798
-0.000122,0.207031,1.118408
0.409790,-0.385498,1.018433
-0.441895,0.019165,0.853027
0.540039,-0.150391,1.162964
-0.052124,-0.306641,0.890015
-0.063354,0.228394,1.098022
0.437012,-0.349609,1.023682
-0.454468,0.009155,0.837524
0.519897,-0.175171,1.167358
0.011963,-0.385498,0.882812
-0.112793,0.204834,1.070068
0.454834,-0.317993,1.039673
-0.439575,-0.033569,0.831299
0.483032,-0.121094,1.173950
0.011475,-0.351318,0.901489
-0.164795,0.188232,1.057373
0.489624,-0.281128,1.092407
-0.455444,-0.049316,0.803345
0.429810,-0.074341,1.167236
0.067749,-0.355225,0.914917
-0.246948,0.224121,1.040894
0.518433,-0.263672,1.109375
-0.410645,-0.096680,0.811768
0.353149,-0.015137,1.168213
0.128784,-0.392456,0.924805
-0.305176,0.178833,0.974976
0.551636,-0.252075,1.117798
-0.354614,-0.175293,0.814575
0.243530,0.026978,1.127686
0.224365,-0.423218,0.942383
-0.355225,0.140381,0.925415
0.545044,-0.200195,1.131470
-0.305542,-0.189209,0.813599
0.136719,0.090454,1.109009
0.278687,-0.423950,0.959106
-0.401489,0.090332,0.897583
0.557617,-0.178833,1.158936
-0.252808,-0.226685,0.824463
0.040771,0.150269,1.102173
0.341187,-0.392944,0.981445
-0.442261,0.031616,0.863770
0.539673,-0.187134,1.148071
-0.103394,-0.323120,0.847656
-0.067993,0.190308,1.071289
0.357300,-0.339600,0.980713
-0.447021,-0.022827,0.836914
0.517822,-0.184692,1.156006
-0.076416,-0.353882,0.836670
-0.146851,0.185547,1.035400
0.409790,-0.308472,1.010132
-0.476562,-0.036499,0.793579
0.455811,-0.134766,1.149292
-0.025879,-0.352295,0.864014
-0.234253,0.189087,1.017456
0.453247,-0.301758,1.043457
-0.484131,-0.050171,0.787720
0.352417,-0.069580,1.126587
0.045044,-0.370117,0.876831
-0.289551,0.168579,0.979492
0.495850,-0.297241,1.074097
-0.452515,-0.087158,0.767822
0.254883,-0.007690,1.099365
0.091187,-0.392578,0.854614
-0.351685,0.129517,0.921387
0.585205,-0.212646,1.165527
-0.404663,-0.158813,0.767090
0.050171,0.163818,1.101562
0.163696,-0.401245,0.893066
-0.421387,0.038208,0.873657
0.540894,-0.199707,1.148438
-0.109131,-0.321045,0.872925
-0.021729,0.181885,1.090576
0.363647,-0.350220,0.971069
-0.446289,-0.001587,0.837280
0.518433,-0.179199,1.164429
-0.053589,-0.390015,0.838501
-0.096436,0.180908,1.066284
0.409790,-0.321655,1.013916
-0.469971,-0.018555,0.818481
0.456421,-0.119873,1.159790
-0.008667,-0.368774,0.867310
-0.168823,0.187744,1.070801
0.425659,-0.293457,1.042603
-0.499390,-0.045044,0.791870
0.414673,-0.076172,1.154541
0.017334,-0.351929,0.893555
-0.253418,0.177368,1.010498
0.494019,-0.306274,1.082397
-0.470947,-0.066284,0.782349
0.325562,-0.031128,1.120239
0.063232,-0.372559,0.886841
-0.294312,0.133423,0.969604
0.498657,-0.274170,1.096680
-0.440186,-0.098145,0.769653
0.276611,-0.002563,1.119263
0.097168,-0.402710,0.889404
-0.359741,0.143433,0.938843
0.537720,-0.278931,1.098267
-0.418579,-0.115601,0.759644
0.197144,0.062378,1.100830
0.131592,-0.390381,0.887939
-0.381226,0.127197,0.927368
0.532349,-0.292603,1.077026
-0.394287,-0.152954,0.783813
0.145996,0.119995,1.093262
0.155884,-0.402344,0.883301
-0.429199,0.094971,0.873047
0.532715,-0.290405,1.075439
-0.368530,-0.192139,0.784180
0.090698,0.123779,1.066406
0.167603,-0.363892,0.880005
-0.461548,0.075928,0.848877
0.526733,-0.294189,1.076660
-0.347168,-0.222900,0.770874
0.052124,0.147461,1.075317
0.210815,-0.378662,0.879150
-0.518677,0.061157,0.801147
0.500000,-0.292114,1.068848
-0.230347,-0.366211,0.776733
0.015137,0.167358,1.058594
0.200928,-0.327026,0.859619
-0.531616,0.055664,0.786133
0.514160,-0.333862,1.062500
-0.217529,-0.379150,0.766235
-0.041992,0.140015,1.026733
0.250122,-0.383423,0.863159
-0.538208,0.082642,0.793823
0.477905,-0.235352,1.064697
-0.208252,-0.337524,0.761475
-0.111084,0.129883,1.004517
0.312744,-0.416626,0.914307
-0.563843,0.035889,0.753296
0.436523,-0.177612,1.070435
-0.173462,-0.325195,0.753662
-0.172974,0.145508,0.985352
0.331177,-0.372192,0.934448
-0.572754,0.005005,0.745483
0.408081,-0.176147,1.073730
-0.158936,-0.351807,0.758911
-0.265625,0.180298,0.955078
0.375122,-0.343506,0.952393
-0.566284,-0.019531,0.747314
0.339600,-0.124512,1.063354
-0.113403,-0.376831,0.766235
-0.333984,0.175537,0.917969
0.409058,-0.333984,0.965942
-0.560303,-0.038086,0.731445
0.253906,-0.063721,1.039673
-0.062134,-0.390747,0.778809
-0.395386,0.175171,0.902222
0.427246,-0.311646,0.992554
-0.531128,-0.059814,0.729614
0.164185,0.006226,1.034912
0.015137,-0.419922,0.791748
-0.470337,0.186646,0.882568
0.447632,-0.303711,0.999512
-0.489868,-0.098145,0.737549
0.068604,0.067993,1.006470
0.098267,-0.418701,0.822876
-0.520630,0.151733,0.834961
0.444214,-0.254517,1.020386
-0.409180,-0.181274,0.737549
0.004517,0.113281,1.009766
0.172485,-0.424072,0.833496
-0.579956,0.117798,0.794067
0.434692,-0.218750,1.021729
-0.290039,-0.267090,0.729004
-0.088867,0.154785,0.989014
0.244019,-0.418579,0.862061
-0.614502,0.080566,0.751709
0.420410,-0.202637,1.017578
-0.206787,-0.340210,0.715210
-0.190308,0.182617,0.952881
0.300781,-0.369385,0.894531
-0.607178,0.065430,0.748779
0.373657,-0.190430,1.008911
-0.163330,-0.370728,0.720337
-0.254028,0.160889,0.927002
0.351562,-0.349854,0.917603
-0.612183,0.046875,0.722656
0.304810,-0.119873,1.010376
-0.108521,-0.388306,0.746704
-0.340698,0.169800,0.893677
0.373779,-0.303955,0.947754
-0.564331,-0.005859,0.699097
0.218140,-0.032959,0.990479
-0.037720,-0.339478,0.788940
-0.442261,0.187256,0.869141
0.407471,-0.309937,0.961060
-0.532471,-0.079224,0.685669
0.121826,0.092896,1.008545
0.039307,-0.406494,0.778687
-0.500488,0.199219,0.859009
0.440796,-0.284424,0.982056
-0.452026,-0.128296,0.727051
0.047119,0.127930,1.009888
0.089355,-0.386353,0.802368
-0.552124,0.178833,0.829102
0.455444,-0.251953,1.005493
-0.360229,-0.230225,0.731567
-0.001953,0.129883,1.002808
0.166504,-0.384033,0.825928
-0.600708,0.185913,0.774292
0.438843,-0.214355,1.004272
-0.257446,-0.275879,0.736572
-0.085938,0.175293,0.983887
0.212402,-0.374390,0.847412
-0.611084,0.135986,0.767456
0.439331,-0.198975,1.019043
-0.216553,-0.306885,0.733765
-0.158447,0.181030,0.953735
0.288574,-0.377197,0.874878
-0.595947,0.132446,0.760742
0.395630,-0.114136,1.015137
-0.152222,-0.304688,0.738281
-0.217651,0.186768,0.934326
0.342896,-0.411865,0.886597
-0.598022,0.070435,0.737671
0.369385,-0.098511,1.013184
-0.120483,-0.344604,0.710571
-0.272827,0.225220,0.914429
0.391602,-0.374756,0.919556
-0.588745,0.025757,0.731201
0.318848,-0.101929,1.005127
-0.069824,-0.388062,0.737305
-0.335571,0.191284,0.869629
0.412109,-0.313843,0.944336
-0.564453,-0.003418,0.718018
0.248413,-0.013428,0.987671
-0.019775,-0.377930,0.757568
-0.388672,0.170288,0.854980
0.417969,-0.286865,0.952637
-0.523682,-0.060303,0.711670
0.172607,0.045654,1.011597
0.036621,-0.400391,0.770508
-0.451660,0.215698,0.844971
0.432251,-0.255005,0.960571
-0.460815,-0.083008,0.753906
0.101318,0.091309,1.012329
0.083252,-0.425415,0.793823
-0.491455,0.182861,0.830811
0.449829,-0.236572,0.986694
-0.432129,-0.072021,0.753418
0.052124,0.136230,1.004639
0.171753,-0.426636,0.822632
-0.551514,0.168091,0.791748
0.458862,-0.220947,1.009888
-0.346558,-0.148926,0.745728
-0.011108,0.194946,1.007202
0.203857,-0.414917,0.834473
-0.576538,0.113525,0.763184
0.466064,-0.240234,1.016968
-0.283813,-0.194214,0.765625
-0.087402,0.217163,0.984863
0.272339,-0.408325,0.857422
-0.572388,0.100098,0.754761
0.442749,-0.157959,1.034912
-0.197510,-0.268921,0.744507
-0.137695,0.218018,0.966309
0.309082,-0.432861,0.871704
-0.576416,0.052612,0.751221
0.422607,-0.142456,1.034180
-0.132935,-0.268555,0.781494
-0.194946,0.216187,0.930786
0.351074,-0.360840,0.911987
-0.554443,0.035522,0.753662
0.373047,-0.124146,1.021240
-0.068970,-0.364502,0.766724
-0.246460,0.219604,0.917480
0.374756,-0.333130,0.927002
-0.541748,-0.019775,0.739746
0.316528,-0.102051,1.002563
-0.018555,-0.430176,0.751099
-0.295166,0.178223,0.884399
0.426270,-0.341553,0.942627
-0.530396,-0.011963,0.747803
0.227539,-0.040283,0.982788
0.038940,-0.432007,0.755371
-0.368774,0.101929,0.828979
0.444214,-0.317627,0.974976
-0.490601,-0.077026,0.740601
0.146606,0.059448,1.001587
0.091431,-0.426514,0.795044
-0.446289,0.081177,0.793945
0.468994,-0.276978,1.005981
-0.430542,-0.159424,0.735474
0.050415,0.111328,1.007812
0.187134,-0.443481,0.817871
-0.518433,0.112793,0.764893
0.458008,-0.250732,1.001587
-0.305908,-0.243652,0.757568
-0.034546,0.140381,0.984985
0.243652,-0.419312,0.857666
-0.537720,0.043335,0.731689
0.453003,-0.214233,1.027954
-0.180664,-0.288940,0.781006
-0.138794,0.208740,0.984619
0.319092,-0.411865,0.901245
-0.564697,0.036011,0.740845
0.412720,-0.204834,1.020752
-0.083374,-0.346436,0.795776
-0.197876,0.184204,0.953491
0.364380,-0.373779,0.929688
-0.540649,0.003662,0.746338
0.346680,-0.133301,1.017578
-0.004395,-0.435669,0.787964
-0.259399,0.138062,0.910645
0.412109,-0.369141,0.955078
-0.513550,-0.044922,0.746826
0.270142,-0.065063,1.003296
0.060547,-0.434326,0.792114
-0.341187,0.130005,0.867188
0.458008,-0.366089,0.972290
-0.475708,-0.109131,0.755981
0.196533,-0.001953,1.011475
0.093628,-0.432129,0.795410
-0.376831,0.099731,0.834595
0.476318,-0.310913,1.002930
-0.429565,-0.165283,0.744263
0.120728,0.045532,1.017822
0.166260,-0.474365,0.817139
-0.442383,0.097656,0.817749
0.477539,-0.270020,1.013184
-0.355713,-0.160889,0.783081
0.037598,0.078003,1.010254
0.242432,-0.485840,0.859985
-0.487915,0.074707,0.764404
0.475952,-0.254883,1.028442
-0.245361,-0.212036,0.827881
-0.066528,0.143799,1.012939
0.295532,-0.479614,0.887695
-0.492432,0.013306,0.760376
0.452881,-0.192261,1.051880
-0.138184,-0.225830,0.843872
-0.149292,0.210571,1.005981
0.370239,-0.444702,0.937622
-0.494995,-0.052856,0.763672
0.398315,-0.142334,1.057739
-0.056885,-0.357056,0.802612
-0.166992,0.184692,0.998291
0.420532,-0.386719,0.970947
-0.502197,-0.039429,0.765991
0.353149,-0.113892,1.053711
0.052368,-0.437378,0.827759
-0.228638,0.144409,0.953613
0.461060,-0.327271,1.011108
-0.477905,-0.079468,0.756592
0.286865,-0.052002,1.049072
0.094727,-0.476685,0.824097
-0.273804,0.092285,0.931885
0.485718,-0.278076,1.051880
-0.453857,-0.104736,0.754028
0.208740,0.001343,1.045410
0.166382,-0.469116,0.863892
-0.351196,0.088745,0.891602
0.525391,-0.285034,1.087646
-0.393677,-0.158936,0.776489
0.129761,0.077148,1.047607
0.228027,-0.465820,0.874878
-0.392090,0.028198,0.847412
0.548950,-0.263428,1.109497
-0.308228,-0.223267,0.802490
0.038330,0.167114,1.045532
0.296509,-0.471069,0.899170
-0.419312,0.027222,0.836548
0.528320,-0.255005,1.095093
-0.244385,-0.246826,0.813110
-0.011230,0.183350,1.050903
0.343140,-0.431885,0.935059
-0.456055,0.023926,0.838135
0.506836,-0.220459,1.107422
-0.144409,-0.286499,0.857544
-0.065918,0.207642,1.061401
0.379517,-0.410889,0.957275
-0.467651,-0.002930,0.816406
0.499268,-0.203247,1.128418
-0.062256,-0.306641,0.874268
-0.109497,0.231079,1.051636
0.432983,-0.369263,1.009399
-0.452881,-0.023560,0.823242
0.435669,-0.133423,1.118652
0.034180,-0.398926,0.897461
-0.135132,0.169067,1.054321
0.467407,-0.330200,1.060059
-0.477783,-0.024902,0.804321
0.406128,-0.097290,1.117798
0.087769,-0.428955,0.887573
-0.200317,0.214478,1.051880
0.510132,-0.321411,1.073120
-0.418945,-0.064453,0.809570
0.353149,-0.044189,1.108398
0.075195,-0.399658,0.893799
-0.237305,0.163330,1.040039
0.558350,-0.325562,1.120239
-0.414185,-0.097046,0.812134
0.308228,0.015503,1.116211
0.140137,-0.370605,0.917480
-0.271851,0.183960,1.005981
0.565918,-0.289429,1.135010
-0.383789,-0.146729,0.814941
0.268799,0.030273,1.123535
0.192383,-0.393555,0.937988
-0.324341,0.146362,0.958130
0.583008,-0.263184,1.145508
-0.331543,-0.171387,0.825562
0.212280,0.068604,1.117676
0.243774,-0.415894,0.932739
-0.359375,0.106323,0.895630
0.586426,-0.240967,1.153198
-0.258301,-0.232056,0.841309
0.129517,0.127563,1.115601
0.310059,-0.420898,0.963501
-0.402832,0.083374,0.890259
0.554199,-0.222778,1.139404
-0.205078,-0.254395,0.878540
0.076416,0.160645,1.105957
0.356567,-0.380981,1.001465
-0.436401,0.035278,0.848511
0.545410,-0.160400,1.171997
-0.124512,-0.292725,0.862915
0.008179,0.206055,1.120605
0.392090,-0.383667,0.994507
-0.454590,0.044556,0.856689
0.521606,-0.165771,1.157837
-0.038574,-0.373169,0.883179
-0.047974,0.165894,1.100098
0.435059,-0.350830,1.035522
-0.467529,0.057861,0.844482
0.478027,-0.121094,1.156250
-0.011108,-0.406982,0.877686
-0.079834,0.159790,1.096313
0.457397,-0.324463,1.036743
-0.480713,0.068604,0.830566
0.456665,-0.081543,1.163818
0.027344,-0.409424,0.889038
-0.148560,0.183350,1.081665
0.481934,-0.312988,1.070312
-0.471436,0.019043,0.817871
0.410400,-0.052002,1.148193
0.053589,-0.372314,0.909302
-0.221069,0.187378,1.060181
0.526489,-0.307861,1.109619
-0.446777,-0.050171,0.807983
0.360352,0.022095,1.163818
0.080078,-0.352661,0.903320
-0.268066,0.177490,1.030396
0.531494,-0.307129,1.109497
-0.426514,-0.115234,0.803589
0.331055,0.007690,1.161011
0.114258,-0.368896,0.901001
-0.312134,0.186890,0.985840
0.551758,-0.295288,1.116211
-0.411499,-0.133911,0.794434
0.275635,0.007446,1.138428
0.144897,-0.392334,0.910767
-0.328735,0.141113,0.942505
0.555420,-0.263672,1.115234
-0.372803,-0.144165,0.808228
0.207642,0.053467,1.121216
0.200562,-0.427734,0.919189
-0.371704,0.135742,0.926147
0.545532,-0.254761,1.107544
-0.342651,-0.181519,0.800171
0.152954,0.100952,1.108032
0.228149,-0.422607,0.911865
-0.416016,0.118164,0.897827
0.547363,-0.233765,1.109619
-0.313354,-0.207642,0.804688
0.093018,0.114746,1.085327
0.266968,-0.397217,0.938599
-0.461670,0.068970,0.854004
0.543579,-0.224854,1.130981
-0.275757,-0.278931,0.788086
0.031494,0.142090,1.083862
0.304321,-0.412598,0.920776
-0.487549,0.101685,0.845581
0.516846,-0.208740,1.105591
-0.181396,-0.318237,0.813354
-0.020142,0.131104,1.053467
0.314453,-0.393799,0.940796
-0.509644,0.052734,0.805664
0.529663,-0.211182,1.121338
-0.151978,-0.331787,0.795044
-0.094971,0.157593,1.031860
0.335938,-0.370850,0.940552
-0.497925,0.022095,0.801880
0.503662,-0.198364,1.127197
-0.137451,-0.298462,0.798218
-0.148071,0.191040,1.024902
0.351318,-0.387939,0.948242
-0.514282,-0.036133,0.780884
0.468262,-0.178101,1.116333
-0.118774,-0.315430,0.797607
-0.200317,0.213013,1.025269
0.378906,-0.364136,0.944580
-0.546021,-0.027954,0.755737
0.425049,-0.192017,1.092285
-0.110962,-0.349976,0.787231
-0.242188,0.220703,1.002441
0.409058,-0.339966,0.986084
-0.531738,-0.019165,0.752563
0.376831,-0.134399,1.092773
-0.096436,-0.363037,0.794922
-0.269653,0.164185,0.963989
0.418945,-0.338135,0.993896
-0.546631,-0.039673,0.742920
0.316406,-0.086792,1.074829
-0.041504,-0.386963,0.794434
-0.341675,0.202637,0.935913
0.439087,-0.304565,1.013062
-0.513062,-0.082520,0.745972
0.248779,-0.047241,1.056030
-0.000732,-0.392822,0.816772
-0.406372,0.149292,0.897827
0.455078,-0.295410,1.036133
-0.487183,-0.092407,0.741577
0.162842,0.040894,1.063354
0.073608,-0.396484,0.841187
-0.468750,0.122925,0.858765
0.462036,-0.279907,1.035645
-0.444580,-0.179565,0.729858
0.065430,0.108154,1.039917
0.135498,-0.399658,0.834961
-0.521484,0.105225,0.826538
0.480835,-0.286255,1.048950
-0.331055,-0.270020,0.739136
-0.020142,0.149902,1.016846
0.187744,-0.399170,0.837402
-0.555176,0.066406,0.786133
0.471924,-0.267944,1.041992
-0.264282,-0.336426,0.725342
-0.091553,0.157837,0.989014
0.240967,-0.399292,0.853271
-0.566284,0.084595,0.780273
0.444580,-0.237671,1.031128
-0.244507,-0.306641,0.709473
-0.148926,0.145630,0.968994
0.304688,-0.407837,0.895630
-0.597778,0.055908,0.745605
0.412964,-0.166138,1.056274
-0.195435,-0.330200,0.728638
-0.217651,0.174438,0.959351
0.331787,-0.370117,0.922729
-0.618408,0.018188,0.724609
0.377808,-0.173462,1.040283
-0.155640,-0.357178,0.738770
-0.268311,0.171997,0.920654
0.349243,-0.333130,0.929443
-0.608887,0.050781,0.738525
0.332153,-0.159790,1.014282
-0.127930,-0.369629,0.752197
-0.321899,0.180542,0.904663
0.368774,-0.330078,0.940796
-0.589355,0.003784,0.704590
0.275269,-0.090942,1.019165
-0.086914,-0.376953,0.765991
-0.379639,0.173462,0.886230
0.402588,-0.321899,0.960327
-0.585815,-0.009521,0.706421
0.190430,-0.016113,1.006592
-0.020752,-0.411621,0.785400
-0.449341,0.180298,0.872192
0.431641,-0.290039,0.995728
-0.535034,-0.062256,0.698853
0.101318,0.085083,1.002075
0.062988,-0.401123,0.812500
-0.528320,0.174683,0.840332
0.422852,-0.264038,0.994751
-0.451294,-0.118408,0.712158
0.052612,0.144165,1.015747
0.086304,-0.371704,0.807251
-0.555176,0.166138,0.834473
0.451782,-0.281982,1.003052
-0.403320,-0.180176,0.720825
-0.008789,0.175781,1.010620
0.157593,-0.404053,0.832031
-0.582397,0.147339,0.793335
0.437500,-0.222290,1.016724
-0.342896,-0.219971,0.717529
-0.049683,0.206055,1.004272
0.206177,-0.404053,0.839600
-0.579956,0.130859,0.807495
0.431763,-0.219727,1.007446
-0.291016,-0.254761,0.727417
-0.124023,0.194214,0.975098
0.281982,-0.406982,0.878052
-0.591675,0.124023,0.786011
0.391724,-0.132324,1.020020
-0.236816,-0.260742,0.724365
-0.166138,0.174927,0.952271
0.315186,-0.399048,0.893188
-0.614502,0.093750,0.753296
0.388062,-0.127563,1.023560
-0.164185,-0.321899,0.730225
-0.235962,0.208496,0.930420
0.352051,-0.388794,0.898804
-0.605835,0.049194,0.726074
0.356079,-0.118408,1.014282
-0.118042,-0.369141,0.719238
-0.309570,0.212158,0.887939
0.381470,-0.344849,0.909912
-0.568237,0.046753,0.742065
0.290527,-0.081787,0.998169
-0.084106,-0.402466,0.722168
-0.374634,0.207764,0.865112
0.421753,-0.307129,0.944580
-0.540527,-0.002563,0.720947
0.186157,0.031128,0.998901
0.018799,-0.401978,0.771851
-0.436279,0.179810,0.846069
0.415527,-0.270996,0.950562
-0.488403,-0.065308,0.725952
0.126221,0.106689,1.016724
0.052124,-0.388062,0.791504
-0.509277,0.191040,0.821777
0.451172,-0.278809,0.976685
-0.425781,-0.105835,0.740356
0.061157,0.175049,1.033081
0.121704,-0.398926,0.795044
-0.536377,0.189087,0.819214
0.457397,-0.241821,0.998901
-0.383301,-0.137207,0.754883
0.006714,0.150879,1.006714
0.216431,-0.435303,0.843750
-0.596313,0.201416,0.797119
0.447510,-0.206055,1.001221
-0.300415,-0.182739,0.750122
-0.060547,0.176392,0.985474
0.270142,-0.389160,0.886475
-0.579224,0.130005,0.764771
0.420166,-0.145874,1.015381
-0.235107,-0.233521,0.748169
-0.119507,0.166260,0.958252
0.315918,-0.433838,0.894653
-0.589233,0.100952,0.758057
0.415527,-0.099854,1.037476
-0.154663,-0.266602,0.752441
-0.188110,0.219360,0.938354
0.349121,-0.394897,0.898926
-0.582275,0.055420,0.754395
0.385010,-0.123047,1.021973
-0.086548,-0.350220,0.755371
-0.257935,0.219360,0.905029
0.383911,-0.351929,0.923462
-0.571045,0.024414,0.748413
0.327026,-0.097168,0.993286
-0.031372,-0.388794,0.755615
-0.293945,0.199829,0.875977
0.402832,-0.302246,0.935059
-0.555664,-0.020020,0.714722
0.275024,-0.087280,0.984375
0.020142,-0.422363,0.775024
-0.352783,0.155273,0.841064
0.427856,-0.280884,0.954468
-0.520264,-0.018066,0.730225
0.210327,-0.014404,0.985107
0.073242,-0.434204,0.789795
-0.416992,0.138184,0.818726
0.445435,-0.279419,0.963379
-0.476807,-0.040039,0.747314
0.124023,0.098755,1.008911
0.110596,-0.434937,0.802368
-0.468872,0.105713,0.802612
0.453247,-0.257568,0.988892
-0.421753,-0.097656,0.758179
0.032471,0.153076,1.001953
0.183105,-0.439453,0.832886
-0.517944,0.079834,0.772217
0.459473,-0.240723,1.016479
-0.335815,-0.177979,0.751831
-0.029785,0.193115,1.013062
0.242920,-0.406128,0.864990
-0.563110,0.056030,0.748535
0.457275,-0.258911,1.017212
-0.226074,-0.269165,0.773438
-0.101929,0.221191,0.983276
0.293701,-0.349243,0.890869
-0.577881,0.068115,0.737671
0.434692,-0.249146,1.014038
-0.108154,-0.341309,0.807983
-0.177002,0.194946,0.946777
0.337891,-0.359619,0.908447
-0.544556,0.067749,0.768311
0.376099,-0.119507,1.024536
-0.040161,-0.382568,0.796387
-0.249878,0.148315,0.899658
0.388672,-0.390137,0.925171
-0.539429,-0.026001,0.740845
0.314697,-0.082520,1.007324
0.007690,-0.415283,0.769287
-0.320312,0.158447,0.873047
0.434448,-0.362061,0.967529
-0.507324,-0.113770,0.735474
0.239624,-0.015137,1.021362
0.060425,-0.435303,0.774048
-0.368774,0.152588,0.851807
0.462036,-0.352661,0.979004
-0.476685,-0.110718,0.748047
0.161743,-0.002808,0.998535
0.119629,-0.471802,0.798340
-0.410889,0.116821,0.812256
0.467896,-0.289917,0.986084
-0.424316,-0.093018,0.778076
0.081421,0.068970,1.008301
0.187744,-0.478882,0.836426
-0.463013,0.048706,0.774902
0.465332,-0.259033,1.012085
-0.350342,-0.184082,0.748535
0.024902,0.109619,1.032471
0.258057,-0.485718,0.865601
-0.516968,0.034180,0.751587
0.471436,-0.247437,1.035889
-0.258301,-0.246704,0.778687
-0.078613,0.167969,1.021362
0.322510,-0.469727,0.892090
-0.547974,0.079102,0.766357
0.448120,-0.212402,1.041504
-0.139404,-0.300415,0.816284
-0.141846,0.175171,0.990112
0.353882,-0.412109,0.924316
-0.533936,0.021240,0.763428
0.413574,-0.164917,1.053467
-0.043335,-0.372681,0.810425
-0.190186,0.207642,0.992554
0.396606,-0.386108,0.950317
-0.519775,-0.025757,0.756348
0.359253,-0.171631,1.022339
0.030396,-0.452759,0.817383
-0.232788,0.165894,0.958618
0.435059,-0.365112,0.967041
-0.497559,-0.081421,0.733521
0.157349,0.016968,1.001587
0.097778,-0.445190,0.827881
-0.410034,0.131348,0.822510
0.444946,-0.273804,0.981079
-0.443481,-0.136597,0.748291
0.116699,0.024536,1.002563
0.148560,-0.494507,0.815430
-0.474487,0.084351,0.766846
0.461060,-0.228760,1.014893
-0.369873,-0.176514,0.744873
0.036133,0.114136,1.030884
0.224854,-0.502563,0.825317
-0.498169,0.063110,0.762451
0.466187,-0.239014,1.016113
-0.299683,-0.208862,0.778687
-0.057251,0.158813,1.008423
0.303711,-0.497803,0.880249
-0.510742,0.038940,0.763672
0.432861,-0.217163,1.016479
-0.219604,-0.223999,0.798218
-0.103760,0.163696,1.000854
0.340698,-0.444336,0.913452
-0.530884,-0.002319,0.758423
0.410034,-0.157837,1.049072
-0.108765,-0.300049,0.806030
-0.179321,0.187500,0.973877
0.383179,-0.419312,0.937622
-0.514038,-0.028564,0.754883
0.370483,-0.130737,1.039917
-0.021362,-0.375244,0.798828
-0.248047,0.187622,0.939575
0.441406,-0.404053,0.969849
-0.489502,-0.106934,0.757080
0.303345,-0.085938,1.026978
0.063477,-0.429443,0.805664
-0.304810,0.157227,0.901123
0.474365,-0.354858,0.998779
-0.454712,-0.135132,0.769531
0.225464,-0.061890,1.018433
0.098999,-0.449219,0.811890
-0.371582,0.101074,0.847046
0.499146,-0.286987,1.034302
-0.404785,-0.157227,0.755371
0.134277,0.035156,1.040283
0.207397,-0.505615,0.841919
-0.436646,0.069092,0.821899
0.510986,-0.270020,1.050049
-0.331421,-0.198853,0.781006
0.009033,0.136475,1.035278
0.297485,-0.492065,0.894165
-0.463989,0.017334,0.781616
0.484009,-0.203003,1.077515
-0.207397,-0.240112,0.810913
-0.079834,0.198120,1.036133
0.345947,-0.453003,0.921143
-0.489136,-0.033813,0.775391
0.466309,-0.170776,1.098511
-0.094360,-0.294678,0.843872
-0.160156,0.208862,1.010010
0.410278,-0.400024,0.966919
-0.473511,-0.083130,0.766724
0.397583,-0.144653,1.069580
0.035889,-0.391235,0.849609
-0.195801,0.183716,0.991455
0.449463,-0.358276,0.992676
-0.460571,-0.060303,0.776855
0.335693,-0.098022,1.057373
0.082520,-0.468384,0.838501
-0.257324,0.111084,0.950317
0.499023,-0.290405,1.062134
-0.419434,-0.088257,0.786621
0.233887,0.031616,1.072632
0.155273,-0.428345,0.877319
-0.333984,0.093384,0.926758
0.533813,-0.283325,1.101562
-0.389160,-0.170898,0.774292
0.179443,0.065918,1.081055
0.232788,-0.460571,0.896973
-0.406128,0.077637,0.860229
0.559448,-0.272339,1.101196
-0.299072,-0.204224,0.806274
0.082764,0.147217,1.080933
0.303589,-0.460815,0.927856
-0.425903,0.034668,0.841675
0.552856,-0.247559,1.126831
-0.230347,-0.226318,0.826904
-0.002808,0.218140,1.076172
0.360840,-0.428711,0.963867
-0.447021,-0.001831,0.829224
0.529175,-0.221924,1.137085
-0.147095,-0.289795,0.848999
-0.060547,0.215820,1.063721
0.409912,-0.374512,0.997803
-0.466431,0.006348,0.824951
0.484619,-0.184692,1.133423
-0.022949,-0.365967,0.878906
-0.111328,0.211914,1.058350
0.438110,-0.330811,1.026367
-0.460815,-0.006958,0.818115
0.446777,-0.127563,1.122925
0.052002,-0.402710,0.887085
-0.173584,0.205566,1.057739
0.487915,-0.329956,1.069458
-0.430908,-0.075195,0.807739
0.406128,-0.061279,1.134033
0.084595,-0.355225,0.900269
-0.234009,0.219360,1.027100
0.527100,-0.298462,1.098511
-0.397095,-0.137939,0.825806
0.341064,-0.035522,1.136719
0.134277,-0.376587,0.930664
-0.305542,0.195557,0.984253
0.569214,-0.286987,1.123535
-0.369751,-0.144531,0.820312
0.248657,0.044189,1.129883
0.230713,-0.430786,0.934326
-0.344604,0.135132,0.929077
0.569946,-0.243896,1.128540
-0.300049,-0.189941,0.835938
0.147949,0.081909,1.094482
0.308716,-0.442505,0.973145
-0.391846,0.091187,0.887329
0.561890,-0.194946,1.144409
-0.223267,-0.232544,0.851807
0.046509,0.163208,1.097900
0.369873,-0.421021,0.990112
-0.428223,0.032715,0.868652
0.556396,-0.171021,1.176514
-0.129761,-0.256592,0.881714
-0.042114,0.217773,1.093140
0.425415,-0.385132,1.025024
-0.422119,0.000488,0.848755
0.514282,-0.123779,1.179199
0.004639,-0.319702,0.902100
-0.106812,0.216431,1.077026
0.463013,-0.329346,1.053345
-0.444214,-0.057129,0.820068
0.470459,-0.091919,1.180054
0.029541,-0.326782,0.894775
-0.177124,0.246582,1.075317
0.512817,-0.298096,1.093628
-0.450928,-0.061401,0.817749
0.389893,-0.080566,1.144531
0.108887,-0.370483,0.940430
-0.266357,0.216675,1.027100
0.555786,-0.277832,1.125000
-0.380127,-0.118774,0.822632
0.275391,0.036743,1.140381
0.181885,-0.397949,0.932739
-0.327637,0.141968,0.961060
0.581055,-0.274902,1.140259
-0.305542,-0.209717,0.832031
0.173950,0.122925,1.131470
0.253540,-0.416992,0.935547
-0.397339,0.075562,0.889526
0.587280,-0.251343,1.154175
-0.233765,-0.258789,0.848145
0.080688,0.144287,1.113525
0.319336,-0.366699,0.972900
-0.418457,0.043457,0.869263
0.557007,-0.204712,1.151367
-0.151123,-0.290649,0.872559
-0.006348,0.179077,1.090088
0.383057,-0.385132,0.991699
-0.438354,0.032349,0.853516
0.516113,-0.145386,1.154663
-0.065430,-0.347656,0.859253
-0.083374,0.165405,1.072266
0.411621,-0.351685,1.027222
-0.459717,-0.038452,0.830566
0.499146,-0.106323,1.182739
-0.050781,-0.314697,0.841187
-0.162354,0.207031,1.052734
0.450195,-0.317871,1.052368
-0.453613,-0.088379,0.810181
0.432983,-0.079346,1.171143
0.000732,-0.336304,0.866943
-0.246826,0.224854,1.028809
0.484741,-0.299805,1.064575
-0.443604,-0.097168,0.796997
0.364624,-0.061035,1.145386
0.057495,-0.354736,0.879150
-0.290649,0.176758,0.979858
0.513794,-0.274414,1.088989
-0.401123,-0.112915,0.795166
0.257690,0.018677,1.124390
0.121582,-0.397949,0.888794
-0.345703,0.112427,0.928711
0.526245,-0.254517,1.105103
-0.375000,-0.157959,0.794556
0.182739,0.055420,1.098511
0.201172,-0.396606,0.922607
-0.433838,0.104126,0.880859
0.531860,-0.241333,1.112915
-0.320312,-0.219482,0.792114
0.074829,0.124512,1.086426
0.262939,-0.375732,0.922607
-0.464966,0.084717,0.860474
0.517212,-0.223267,1.099243
-0.210571,-0.274170,0.807495
-0.021729,0.133911,1.046631
0.305054,-0.357910,0.945190
-0.494385,0.016235,0.802368
0.492920,-0.198486,1.120239
-0.136963,-0.348389,0.785767
-0.100098,0.149658,1.034302
0.345703,-0.337036,0.954102
-0.519043,-0.000244,0.775269
0.442749,-0.171143,1.099854
-0.103638,-0.363159,0.805298
-0.188843,0.170044,1.016357
0.404541,-0.322144,0.990967
-0.530640,0.006836,0.772949
0.375977,-0.109009,1.101929
-0.061401,-0.359741,0.831665
-0.281738,0.167725,0.971924
0.436279,-0.309692,1.028687
-0.501831,-0.033813,0.758911
0.303467,-0.036987,1.101562
-0.018921,-0.350342,0.826660
-0.364990,0.157104,0.921143
0.479858,-0.345703,1.029785
-0.466797,-0.144043,0.732910
0.208130,0.027222,1.085938
0.057007,-0.388184,0.819214
-0.434692,0.189819,0.897217
0.496338,-0.317017,1.035278
-0.432495,-0.177979,0.758667
0.116943,0.045288,1.052856
0.120117,-0.386108,0.853394
-0.473999,0.125366,0.838013
0.495117,-0.267334,1.054688
-0.358398,-0.185303,0.778564
0.025635,0.113892,1.055298
0.184326,-0.384155,0.868164
-0.516968,0.079590,0.824463
0.479614,-0.267944,1.052246
-0.274536,-0.285400,0.761841
-0.063843,0.126587,0.997925
0.254272,-0.369385,0.892944
-0.550781,0.047363,0.775757
0.451172,-0.209351,1.060059
-0.215698,-0.318237,0.747070
-0.152344,0.127930,0.972900
0.315796,-0.371948,0.921753
-0.573975,0.005005,0.743652
0.408325,-0.187134,1.059326
-0.151001,-0.359497,0.748779
-0.277832,0.184448,0.942627
0.362915,-0.318970,0.949097
-0.549194,-0.027100,0.748901
0.329224,-0.121826,1.059692
-0.125000,-0.354248,0.766479
-0.339600,0.163330,0.913696
0.411377,-0.330688,0.979492
-0.554810,-0.072388,0.702148
0.218506,-0.022339,1.043213
-0.011230,-0.390625,0.797729
-0.452393,0.203369,0.896729
0.433838,-0.308960,0.986572
-0.517090,-0.122559,0.706299
0.092285,0.061523,1.021118
0.105347,-0.412720,0.841431
-0.535278,0.137939,0.826904
0.445923,-0.240967,1.031860
-0.383179,-0.204468,0.728638
-0.014404,0.161865,1.021362
0.189087,-0.353638,0.862305
-0.585938,0.073975,0.787598
0.437378,-0.266113,1.022095
-0.246826,-0.368896,0.703735
-0.130127,0.173218,0.975586
0.239990,-0.353394,0.856445
-0.593384,0.077393,0.741211
0.408325,-0.211182,1.023071
-0.181274,-0.359253,0.730469
-0.204224,0.144165,0.945923
0.319214,-0.347290,0.903564
-0.628296,0.067261,0.727661
0.348511,-0.168335,0.996338
-0.114868,-0.337524,0.761841
-0.320435,0.141479,0.894653
0.385742,-0.337646,0.957886
-0.584717,-0.021973,0.691528
0.227905,-0.019165,1.005493
-0.072266,-0.389771,0.739746
-0.405029,0.176392,0.881836
0.423462,-0.324463,0.968140
-0.543579,-0.056152,0.708862
0.140259,0.037964,1.002441
0.005371,-0.386597,0.779541
-0.490967,0.198975,0.854858
0.413940,-0.267700,0.982788
-0.462402,-0.142700,0.730957
0.069946,0.060181,1.012573
0.095825,-0.402466,0.814575
-0.552979,0.208252,0.824951
0.419800,-0.224487,0.984375
-0.336548,-0.208740,0.745605
-0.025146,0.105347,0.991577
0.190063,-0.411133,0.842163
-0.604370,0.133301,0.770630
0.419800,-0.189453,1.010254
-0.246216,-0.291748,0.709961
-0.129761,0.175659,0.970825
0.269287,-0.379639,0.875000
-0.614868,0.092773,0.752197
0.401123,-0.157349,1.031372
-0.173462,-0.357666,0.708984
-0.242676,0.193237,0.931885
0.350342,-0.349121,0.915771
-0.602661,0.055786,0.732666
0.317383,-0.104858,1.001221
-0.113403,-0.380737,0.736206
-0.339355,0.185303,0.878052
0.396606,-0.328247,0.937622
-0.547852,-0.002808,0.709351
0.214722,0.005493,1.003540
-0.041260,-0.386475,0.751465
-0.420776,0.174194,0.850830
0.406982,-0.289795,0.957275
-0.509766,-0.087524,0.722168
0.147827,0.052856,1.010132
0.043823,-0.386353,0.789917
-0.529297,0.216187,0.824219
0.429688,-0.238525,0.971802
-0.391724,-0.154419,0.744629
0.051758,0.101562,1.010986
0.137695,-0.405151,0.824707
-0.573242,0.202026,0.801758
0.429688,-0.162720,0.992310
-0.307739,-0.181763,0.737061
-0.050537,0.183472,1.013550
0.236328,-0.417969,0.865234
-0.597656,0.146362,0.770874
0.422852,-0.143677,1.015991
-0.222046,-0.256958,0.733032
-0.146851,0.201050,0.971924
0.313354,-0.402710,0.887817
-0.603638,0.113770,0.767334
0.393311,-0.120483,1.019165
-0.144531,-0.344849,0.720459
-0.245850,0.220703,0.907959
0.376099,-0.355469,0.927124
-0.587402,0.040161,0.742798
0.328125,-0.110474,1.010864
-0.083618,-0.427368,0.715942
-0.301147,0.205688,0.881836
0.396484,-0.306763,0.930298
-0.562622,0.027222,0.738770
0.264893,-0.083496,0.986084
-0.019043,-0.435669,0.754517
-0.368530,0.181152,0.849731
0.413818,-0.261353,0.944336
-0.513184,0.000244,0.744263
0.160522,0.024536,0.998169
0.038818,-0.455322,0.770508
-0.446777,0.160034,0.820312
0.440674,-0.245117,0.966187
-0.445679,-0.047607,0.766113
0.079590,0.153076,1.016846
0.110229,-0.400391,0.798828
-0.508423,0.128052,0.804565
0.443848,-0.239380,0.992920
-0.371216,-0.124634,0.760254
0.020142,0.181152,1.009155
0.196655,-0.375366,0.839844
-0.586914,0.131836,0.755859
0.442871,-0.247437,0.996582
-0.247559,-0.259033,0.770142
-0.081299,0.198853,0.972168
0.256958,-0.323486,0.875610
-0.580566,0.100586,0.747681
0.430176,-0.225952,1.003418
-0.144653,-0.356201,0.778198
-0.142334,0.162109,0.944214
0.315674,-0.335327,0.902832
-0.574829,0.112549,0.763672
0.379272,-0.132080,1.001587
-0.075928,-0.335327,0.779663
-0.225586,0.164185,0.903564
0.384521,-0.342285,0.932739
-0.562378,0.068604,0.746826
0.311035,-0.082764,0.982910
-0.025635,-0.407715,0.753906
-0.299683,0.152100,0.860107
0.427002,-0.321899,0.947754
-0.523804,-0.022339,0.750488
0.237305,-0.022705,0.994995
0.028931,-0.446777,0.750610
-0.375488,0.157471,0.835571
0.435669,-0.283325,0.962769
-0.482422,-0.074829,0.745972
0.175659,0.002075,1.001587
0.086304,-0.458496,0.775757
-0.451660,0.161743,0.801270
0.458130,-0.273926,0.969849
-0.426636,-0.123291,0.746338
0.103760,0.118774,1.036255
0.124146,-0.421143,0.807861
-0.510254,0.104736,0.773926
0.455078,-0.282593,0.973022
-0.351929,-0.154541,0.777222
0.039062,0.141846,1.036133
0.193359,-0.428223,0.846680
-0.536255,0.087524,0.749512
0.440552,-0.240112,0.992188
-0.284180,-0.207397,0.763306
-0.046143,0.194702,1.013794
0.291626,-0.432373,0.886475
-0.561646,0.060303,0.750610
0.423096,-0.221802,1.005859
-0.204712,-0.261963,0.780640
-0.126465,0.195435,0.978394
0.331421,-0.372681,0.925049
-0.547974,0.027466,0.763062
0.398315,-0.181274,1.021729
-0.094116,-0.358521,0.785767
-0.196411,0.159668,0.927979
0.369507,-0.344482,0.942139
-0.545898,-0.012451,0.747559
0.367554,-0.139771,1.026978
-0.013062,-0.438965,0.782471
-0.262695,0.161499,0.896729
0.410767,-0.347290,0.944214
-0.528442,-0.047119,0.732544
0.291016,-0.086304,1.006592
0.048706,-0.465454,0.795654
-0.333374,0.135254,0.854980
0.447998,-0.343140,0.958740
-0.483765,-0.069580,0.738159
0.214478,-0.016968,1.013184
0.065308,-0.422119,0.794189
-0.371582,0.099487,0.841064
0.463257,-0.345581,0.981689
-0.470215,-0.119141,0.747559
0.176270,0.004883,1.018799
0.109741,-0.444580,0.806396
-0.431519,0.100342,0.801147
0.477417,-0.289185,1.011108
-0.401978,-0.185791,0.749023
0.100220,0.047363,1.026978
0.173096,-0.477417,0.812012
-0.456543,0.110107,0.802979
0.478638,-0.261597,1.016357
-0.363037,-0.178589,0.773071
0.051880,0.072632,1.021484
0.246582,-0.510498,0.849121
-0.467896,0.031738,0.755371
0.485229,-0.217896,1.044800
-0.300781,-0.168213,0.774536
-0.038818,0.142090,1.003662
0.312988,-0.519897,0.881836
-0.498291,-0.002075,0.761597
0.454346,-0.195190,1.048584
-0.235229,-0.204468,0.796021
-0.087402,0.183105,1.016602
0.361328,-0.487549,0.907715
-0.513916,0.007202,0.772461
0.432129,-0.171387,1.059448
-0.117188,-0.273071,0.819214
-0.164062,0.200562,0.996704
0.409424,-0.447510,0.955933
-0.509155,-0.055664,0.770020
0.390381,-0.152466,1.051758
-0.024048,-0.335815,0.830322
-0.207642,0.213745,1.000610
0.433960,-0.410645,0.972534
-0.484741,-0.083252,0.761353
0.347046,-0.131104,1.043945
0.068970,-0.416992,0.847900
-0.255127,0.180176,0.963867
0.466187,-0.325439,1.010010
-0.459961,-0.102783,0.767944
0.285767,-0.077515,1.041626
0.107300,-0.442261,0.838867
-0.307251,0.138306,0.912964
0.490234,-0.295166,1.033569
-0.424316,-0.131592,0.772827
0.195679,-0.005493,1.034668
0.166626,-0.467529,0.852539
-0.351440,0.099976,0.892700
0.530029,-0.286011,1.072632
-0.383789,-0.162598,0.767822
0.103271,0.082153,1.035156
0.257935,-0.476440,0.886963
-0.411743,0.060303,0.840332
0.531982,-0.253540,1.094971
-0.273315,-0.222534,0.807617
0.016846,0.159302,1.045166
0.321777,-0.436646,0.919800
-0.456055,0.037231,0.817871
0.511353,-0.211548,1.105835
-0.168579,-0.260864,0.835327
-0.071899,0.212158,1.060059
0.401611,-0.420898,0.975586
-0.477539,0.006470,0.807007
0.452393,-0.150391,1.108765
-0.026978,-0.334473,0.871948
-0.143921,0.207275,1.042480
0.447754,-0.353027,1.025391
-0.456543,-0.043579,0.798950
0.391846,-0.102661,1.100952
0.086426,-0.418335,0.879883
-0.219360,0.185669,1.012329
0.497925,-0.299194,1.068115
-0.433960,-0.077637,0.805786
0.312622,-0.044922,1.089722
0.131104,-0.421265,0.893555
-0.293579,0.155029,0.978149
0.544067,-0.287354,1.108032
-0.383545,-0.136841,0.804932
0.215454,0.043213,1.081177
0.224487,-0.432373,0.911011
-0.358521,0.093140,0.903931
0.563721,-0.241455,1.139648
-0.277100,-0.232300,0.806274
0.107178,0.145874,1.082886
0.306152,-0.419067,0.945435
-0.425903,0.051514,0.852783
0.565063,-0.258423,1.136353
-0.178467,-0.282715,0.840088
0.007935,0.221069,1.096191
0.383911,-0.398926,0.981689
-0.453979,0.063721,0.859863
0.522827,-0.220825,1.121216
-0.099976,-0.334106,0.880981
-0.051636,0.164551,1.066650
0.439575,-0.348389,1.024414
-0.458374,0.045410,0.822266
0.489868,-0.114624,1.150513
0.031860,-0.379150,0.908569
-0.130371,0.159546,1.064941
0.476318,-0.365845,1.059204
-0.442383,-0.008789,0.832153
0.445557,-0.067627,1.151489
0.049438,-0.355225,0.885376
-0.179077,0.209106,1.056885
0.505981,-0.304443,1.095703
-0.422729,-0.090576,0.808594
0.396973,-0.051025,1.151733
0.084351,-0.373535,0.906128
-0.250977,0.209351,1.035522
0.545654,-0.270752,1.122925
-0.388184,-0.126709,0.813721
0.344604,0.001343,1.164307
0.131226,-0.400024,0.923218
-0.283569,0.173096,1.006348
0.574097,-0.267090,1.145386
-0.357056,-0.137207,0.823730
0.259766,0.058960,1.143066
0.189087,-0.415771,0.930054
-0.311523,0.106323,0.955566
0.581909,-0.243896,1.150757
-0.319702,-0.152710,0.839111
0.196655,0.103760,1.122070
0.266602,-0.418213,0.963379
-0.378174,0.076782,0.905029
0.571533,-0.247314,1.140625
-0.287964,-0.219604,0.830811
0.132446,0.149902,1.135132
0.323242,-0.420898,0.967529
-0.409180,0.084473,0.891479
0.553467,-0.213867,1.138428
-0.237793,-0.269043,0.834717
0.081909,0.132935,1.121460
0.359619,-0.383423,1.006226
-0.450928,0.105591,0.875122
0.548462,-0.170044,1.147095
-0.138672,-0.282104,0.864136
-0.004761,0.162354,1.107056
0.403687,-0.385498,1.020508
-0.441040,0.027466,0.853760
0.518921,-0.125732,1.157837
-0.044800,-0.313477,0.859009
-0.093872,0.194214,1.077759
0.435791,-0.359741,1.026978
-0.450195,-0.043579,0.837036
0.490479,-0.107910,1.186768
-0.017822,-0.334595,0.864014
-0.195923,0.239990,1.049194
0.479248,-0.314331,1.057739
-0.436157,-0.093140,0.818359
0.422607,-0.079346,1.178955
0.032471,-0.343994,0.883423
-0.266479,0.237183,1.023804
0.513428,-0.285156,1.088135
-0.410034,-0.134521,0.807739
0.337036,-0.022949,1.160278
0.104980,-0.375122,0.910034
-0.319092,0.167969,0.957642
0.532471,-0.261230,1.108398
-0.367798,-0.175659,0.794800
0.234009,0.038208,1.141846
0.199097,-0.420044,0.920532
-0.389893,0.156372,0.929565
0.531372,-0.232910,1.096680
-0.311646,-0.211548,0.804443
0.134644,0.087769,1.105713
0.261108,-0.399780,0.946167
-0.444580,0.106567,0.877075
0.531372,-0.213867,1.113403
-0.248535,-0.253784,0.812256
0.032715,0.128540,1.081299
0.307251,-0.366211,0.964478
-0.460205,0.038696,0.842896
0.507690,-0.172974,1.128784
-0.143555,-0.329468,0.817139
-0.050903,0.136963,1.051880
0.355957,-0.360718,0.976074
-0.478271,0.002563,0.801270
0.476807,-0.133423,1.130859
-0.108887,-0.334961,0.802734
-0.153809,0.195190,1.032227
0.406860,-0.338745,0.997681
-0.496582,-0.037476,0.795532
0.411011,-0.110474,1.133911
-0.059692,-0.327881,0.837524
-0.251343,0.219238,1.013184
0.450317,-0.302246,1.024780
-0.504395,-0.068848,0.768799
0.335449,-0.085693,1.118042
0.001709,-0.373169,0.845825
-0.324219,0.158447,0.941406
0.478760,-0.287354,1.046997
-0.452026,-0.091309,0.759888
0.235229,-0.006348,1.094971
0.097168,-0.391968,0.865356
-0.418335,0.116089,0.887573
0.487427,-0.261108,1.071899
-0.395264,-0.173218,0.757446
0.106567,0.115356,1.068359
0.183228,-0.368164,0.899170
-0.479492,0.071289,0.865234
0.494873,-0.278442,1.079224
-0.299927,-0.284790,0.773315
0.016235,0.136841,1.045654
0.208130,-0.319824,0.891846
-0.499512,0.043335,0.808228
0.508911,-0.259155,1.097534
-0.225342,-0.361084,0.760986
-0.079102,0.125122,0.999390
0.267456,-0.365723,0.890259
-0.526855,0.030640,0.774902
0.460815,-0.222656,1.088257
-0.184326,-0.356934,0.764038
-0.138672,0.115967,0.979614
0.304932,-0.347412,0.907471
-0.554077,0.015259,0.753418
0.424683,-0.213013,1.066895
-0.161133,-0.362427,0.769409
-0.215942,0.149170,0.976807
0.364380,-0.354126,0.951294
-0.557861,0.012695,0.743774
0.355835,-0.111816,1.068970
-0.113403,-0.342285,0.790039
-0.313354,0.167480,0.938721
0.383545,-0.351440,0.959473
-0.542236,-0.035278,0.738525
0.310059,-0.076416,1.071167
-0.081421,-0.362427,0.767700
-0.367432,0.176270,0.907349
0.419678,-0.336548,0.977783
-0.510742,-0.082153,0.724487
0.233276,-0.040527,1.053101
-0.007568,-0.373291,0.797119
-0.437012,0.202026,0.889404
0.418945,-0.277832,0.994751
-0.353516,-0.209717,0.782104
0.047363,0.085449,1.051636
0.090942,-0.426392,0.837891
-0.480835,0.059326,0.834473
0.493896,-0.219238,1.087280
-0.233398,-0.257080,0.779297
-0.057373,0.132812,1.020264
0.308472,-0.373169,0.939331
-0.509155,-0.016113,0.790283
0.452515,-0.184814,1.094116
-0.153931,-0.325928,0.765381
-0.154419,0.173096,1.005127
0.354126,-0.326660,0.957886
-0.552124,-0.025391,0.757690
0.417236,-0.194092,1.085571
-0.108032,-0.360352,0.784180
-0.264038,0.191406,0.958496
0.402954,-0.312622,0.987549
-0.543579,-0.009521,0.759399
0.331177,-0.141113,1.072266
-0.034424,-0.405884,0.794067
-0.366089,0.162964,0.896240
0.421753,-0.275391,1.009766
-0.468262,-0.102051,0.744141
0.203857,-0.000366,1.061279
0.061768,-0.419067,0.829224
-0.475220,0.177979,0.882202
0.446045,-0.279297,1.013306
-0.433594,-0.162476,0.736694
0.093750,0.090454,1.048096
0.113770,-0.376221,0.844116
-0.519043,0.092163,0.835083
0.480591,-0.299927,1.042725
-0.342407,-0.241577,0.739380
-0.007202,0.173950,1.039185
0.179688,-0.308105,0.876831
-0.549438,0.112427,0.822754
0.468750,-0.318481,1.023926
-0.270264,-0.329712,0.739624
-0.061646,0.099487,0.993164
0.222900,-0.356567,0.865967
-0.582275,0.105591,0.767090
0.444580,-0.252930,1.020264
-0.221436,-0.373291,0.728149
-0.124146,0.099976,0.966553
0.276489,-0.389893,0.878662
-0.584229,0.103149,0.752197
0.407959,-0.163818,1.036865
-0.199951,-0.319092,0.748779
-0.197144,0.129150,0.973877
0.314819,-0.426270,0.886475
-0.589111,0.070435,0.756348
0.380615,-0.144043,1.030273
-0.180176,-0.289551,0.750122
-0.257568,0.164795,0.942749
0.336182,-0.407715,0.913330
-0.577393,-0.007446,0.739746
0.369263,-0.135376,1.043213
-0.166260,-0.329102,0.736084
-0.307983,0.203003,0.921143
0.368896,-0.372192,0.924072
-0.590820,-0.002075,0.732422
0.335449,-0.134644,1.029663
-0.134033,-0.371948,0.744873
-0.345703,0.199829,0.892578
0.382935,-0.333618,0.935547
-0.576416,-0.022583,0.717773
0.290161,-0.104126,1.018677
-0.109863,-0.367798,0.748657
-0.373535,0.192383,0.893066
0.392578,-0.317749,0.953735
-0.570190,-0.047363,0.695312
0.242432,-0.054321,1.026123
-0.059204,-0.407104,0.763672
-0.429443,0.201050,0.877075
0.402466,-0.304688,0.954956
-0.554932,-0.074097,0.689575
0.161377,0.002563,1.009399
-0.001099,-0.401855,0.784668
-0.479248,0.201782,0.876343
0.422852,-0.277588,0.978149
-0.514648,-0.082397,0.710083
0.087646,0.090088,1.025757
0.062500,-0.421997,0.801392
-0.527100,0.172485,0.839600
0.430908,-0.261475,0.989990
-0.434814,-0.116943,0.739258
0.024780,0.147461,1.021729
0.136475,-0.382080,0.838989
-0.571899,0.161621,0.816772
0.429321,-0.231689,1.001953
-0.346069,-0.228882,0.713989
-0.035156,0.169800,0.998657
0.210205,-0.387817,0.841431
-0.602173,0.135254,0.786377
0.426392,-0.229370,1.007568
-0.248901,-0.315063,0.713379
-0.114136,0.201050,0.970337
0.270020,-0.360229,0.874390
-0.626587,0.108765,0.758423
0.401733,-0.205078,1.004761
-0.193359,-0.381104,0.701660
-0.172852,0.191284,0.951172
0.306030,-0.347290,0.885376
-0.616821,0.104004,0.738892
0.388550,-0.182007,1.011230
-0.119019,-0.384399,0.734985
-0.244263,0.167480,0.897827
0.334717,-0.311401,0.906128
-0.596313,0.098755,0.735352
0.350464,-0.113525,1.016602
-0.070801,-0.416504,0.727539
-0.321411,0.187134,0.875366
0.363647,-0.295654,0.917114
-0.573730,0.025635,0.712769
0.276733,-0.037476,1.009521
-0.022217,-0.417725,0.762451
-0.381592,0.189819,0.866333
0.377930,-0.274536,0.934692
-0.544189,-0.030518,0.692749
0.200073,0.023438,1.007080
0.024414,-0.422852,0.765259
-0.439453,0.200684,0.862793
0.419678,-0.276978,0.950195
-0.499756,-0.025269,0.726929
0.113770,0.089722,1.005859
0.081177,-0.396118,0.809937
-0.505371,0.166260,0.835571
0.451904,-0.264648,0.981445
-0.440918,-0.061035,0.739502
0.064209,0.166016,1.003906
0.136719,-0.377075,0.820190
-0.548096,0.150635,0.802856
0.464111,-0.228394,1.019531
-0.344116,-0.179565,0.741943
-0.008179,0.181152,1.001221
0.182739,-0.382690,0.824341
-0.568970,0.152222,0.789917
0.467773,-0.240234,1.016113
-0.257324,-0.266357,0.753906
-0.071777,0.230957,1.009155
0.226562,-0.376221,0.839355
-0.591064,0.151855,0.769409
0.466675,-0.253052,1.001587
-0.191162,-0.269897,0.783691
-0.130981,0.203125,0.963013
0.268799,-0.356445,0.866089
-0.604492,0.116333,0.736694
0.436157,-0.186768,1.010742
-0.133179,-0.336670,0.754395
-0.151123,0.204712,0.947998
0.310547,-0.339966,0.884521
-0.605835,0.117310,0.748291
0.410645,-0.173462,1.014526
-0.079346,-0.370361,0.768555
-0.212646,0.194214,0.906860
0.348633,-0.337280,0.892944
-0.565308,0.095337,0.770264
0.394653,-0.104736,1.034790
-0.076904,-0.357422,0.753052
-0.263672,0.159790,0.873657
0.388550,-0.357422,0.929932
-0.570679,0.018677,0.732788
0.354492,-0.119629,1.008179
-0.032715,-0.385986,0.770752
-0.289917,0.171265,0.876343
0.389771,-0.279175,0.941528
-0.553467,-0.010620,0.722534
0.311401,-0.089722,0.993896
0.009888,-0.417603,0.768188
-0.328735,0.177612,0.854126
0.398315,-0.280640,0.947144
-0.526001,-0.047485,0.727051
0.259766,-0.089722,0.987915
0.034546,-0.466553,0.759033
-0.363037,0.165527,0.842285
0.424927,-0.265869,0.944458
-0.498901,-0.043213,0.745605
0.200439,-0.031372,0.986450
0.082520,-0.494507,0.773315
-0.400757,0.138062,0.824585
0.439453,-0.254517,0.980713
-0.487915,-0.067993,0.736694
0.155396,0.010010,1.004395
0.102295,-0.494263,0.773193
-0.435059,0.134521,0.808838
0.458984,-0.252563,0.984253
-0.453979,-0.087524,0.740845
0.095947,0.069214,0.994263
0.140381,-0.486694,0.801025
-0.482056,0.094238,0.777588
0.462524,-0.248657,1.003174
-0.393188,-0.128784,0.750366
0.024414,0.137329,1.005615
0.193359,-0.452637,0.830444
-0.528442,0.069580,0.769897
0.475952,-0.250977,1.022827
-0.331665,-0.177002,0.766113
-0.045288,0.179443,1.002808
0.256592,-0.450195,0.858765
-0.543335,0.032959,0.739380
0.462524,-0.221436,1.046875
-0.235962,-0.238647,0.771973
-0.097534,0.215698,1.000244
0.294067,-0.407715,0.883667
-0.559448,0.041870,0.749146
0.440063,-0.230103,1.030273
-0.145630,-0.306152,0.796387
-0.141235,0.193115,0.982666
0.315308,-0.385498,0.904297
-0.551392,0.031128,0.766968
0.418701,-0.208862,1.023926
-0.068359,-0.369873,0.804321
-0.209229,0.187622,0.952148
0.354980,-0.359253,0.927124
-0.533691,-0.008301,0.743530
0.372437,-0.171143,1.019409
-0.001221,-0.428833,0.807861
-0.260742,0.163940,0.922729
0.409424,-0.362671,0.951660
-0.521851,-0.068481,0.725830
0.302002,-0.096436,1.006714
0.049194,-0.453125,0.789062
-0.298584,0.141357,0.892822
0.452271,-0.322754,0.994141
-0.484253,-0.103149,0.737427
0.210938,-0.018677,0.995728
0.108276,-0.501953,0.793823
-0.370972,0.118530,0.863525
0.485107,-0.324585,1.001953
-0.438232,-0.115601,0.769165
0.122070,0.051025,1.002930
0.156372,-0.481689,0.812500
-0.421265,0.081543,0.812622
0.503662,-0.304077,1.036987
-0.380859,-0.174438,0.761597
0.053711,0.105225,1.011475
0.225342,-0.450073,0.859741
-0.479248,0.027222,0.769897
0.491577,-0.281006,1.044312
-0.247070,-0.260254,0.808472
-0.026611,0.179810,1.031982
0.282471,-0.436279,0.879028
-0.528687,0.066772,0.771851
0.472900,-0.291626,1.041626
-0.161255,-0.320557,0.827515
-0.090942,0.166992,1.024048
0.341431,-0.378906,0.934937
-0.525391,0.059937,0.781982
0.440796,-0.209106,1.044312
-0.068115,-0.317261,0.866455
-0.138916,0.139893,1.016602
0.417114,-0.414429,0.968018
-0.506470,0.017456,0.760864
0.356445,-0.085815,1.047241
0.018066,-0.369141,0.837891
-0.198120,0.168823,1.000122
0.470215,-0.413452,1.005615
-0.477661,-0.057617,0.782593
0.309692,-0.035156,1.050049
0.073120,-0.397461,0.842041
-0.242554,0.105347,0.947632
0.472534,-0.344360,1.038330
-0.439209,-0.123657,0.768799
0.319580,-0.056763,1.077148
0.089600,-0.417480,0.846436
-0.300903,0.136230,0.941650
0.492920,-0.315186,1.053345
-0.414307,-0.154053,0.794922
0.289795,-0.042480,1.084473
0.123779,-0.418945,0.857910
-0.319214,0.172241,0.930420
0.498901,-0.282715,1.052368
-0.389160,-0.163574,0.787231
0.258301,-0.044067,1.073608
0.159424,-0.442993,0.877441
-0.371826,0.147095,0.896362
0.517090,-0.260254,1.073364
-0.330200,-0.201172,0.807129
0.198853,0.038452,1.083008
0.220947,-0.447998,0.896484
-0.403931,0.150269,0.878174
0.539429,-0.277466,1.082642
-0.302490,-0.234131,0.804932
0.131836,0.076538,1.076050
0.272949,-0.467896,0.924805
-0.403442,0.066650,0.840454
0.535767,-0.206421,1.112061
-0.250610,-0.225464,0.818604
0.067261,0.163696,1.090576
0.332642,-0.504883,0.924194
-0.433228,0.050049,0.844849
0.542358,-0.194580,1.132324
-0.211304,-0.215088,0.850952
0.000366,0.208618,1.076904
0.387329,-0.449097,0.981323
-0.445068,0.020874,0.840820
0.524658,-0.174683,1.147339
-0.146240,-0.238037,0.862549
-0.038818,0.230469,1.088623
0.421753,-0.392822,1.000977
-0.451538,0.008057,0.844360
0.505249,-0.159668,1.142090
-0.047852,-0.305054,0.884888
-0.091553,0.228516,1.084106
0.433350,-0.374268,1.025024
-0.451904,-0.016602,0.830444
0.479126,-0.144043,1.153564
0.045288,-0.365845,0.902832
-0.139038,0.216309,1.081421
0.466187,-0.323364,1.040894
-0.452515,-0.024414,0.828247
0.442627,-0.098755,1.155029
0.066040,-0.383179,0.904175
-0.182007,0.211914,1.047852
0.501587,-0.293335,1.085938
-0.437378,-0.058838,0.813721
0.399780,-0.071655,1.149536
0.097046,-0.387573,0.915283
-0.237305,0.210205,1.035522
0.518555,-0.258179,1.104736
-0.389526,-0.103882,0.803589
0.360962,-0.022949,1.156250
0.130859,-0.428711,0.922974
-0.284912,0.187378,1.009521
0.539062,-0.274902,1.117920
-0.374878,-0.116089,0.830200
0.307861,0.031860,1.153564
0.178467,-0.390869,0.942627
-0.306030,0.167847,0.982300
0.568848,-0.276489,1.127075
-0.343994,-0.159058,0.825684
0.241455,0.066284,1.132202
0.215454,-0.424683,0.937378
-0.336426,0.134766,0.950073
0.587524,-0.265259,1.142578
-0.298340,-0.181274,0.841553
0.162598,0.118164,1.120239
0.260498,-0.423096,0.945312
-0.376953,0.061035,0.907837
0.588867,-0.251099,1.151123
-0.267578,-0.245361,0.828735
0.116699,0.165894,1.122681
0.301270,-0.394043,0.955566
-0.404175,0.081909,0.895508
0.586548,-0.247925,1.163208
-0.229858,-0.254272,0.855225
0.065186,0.149170,1.098267
0.343750,-0.399414,0.978638
-0.423584,0.066040,0.872437
0.563354,-0.189575,1.158203
-0.172363,-0.255859,0.867310
0.009155,0.165283,1.092163
0.380615,-0.369629,1.001587
-0.438965,0.015259,0.850220
0.529541,-0.141479,1.169312
-0.093628,-0.323242,0.859375
-0.061157,0.168579,1.071533
0.407837,-0.355835,1.018677
-0.437256,-0.042725,0.838867
0.502441,-0.120361,1.189087
-0.052734,-0.330688,0.853027
-0.149902,0.187256,1.042236
0.439941,-0.348145,1.026245
-0.446777,-0.073486,0.816040
0.465942,-0.098633,1.175171
-0.017334,-0.324341,0.867798
-0.228882,0.233154,1.016357
0.469604,-0.310547,1.049194
-0.428589,-0.114014,0.808960
0.404175,-0.084351,1.152588
0.010864,-0.339600,0.876343
-0.264648,0.207886,0.999390
0.488647,-0.273438,1.070312
-0.418091,-0.131836,0.794922
0.333130,-0.049072,1.143921
0.080078,-0.384521,0.892578
-0.320557,0.167114,0.949707
0.497925,-0.253784,1.078979
-0.409912,-0.151245,0.785156
0.260864,-0.015625,1.126343
0.144775,-0.399780,0.901611
-0.384155,0.150391,0.909668
0.510620,-0.240479,1.092529
-0.368042,-0.178589,0.787720
0.164673,0.051880,1.089844
0.196289,-0.428833,0.912231
-0.430420,0.115479,0.886108
0.518066,-0.223511,1.103149
-0.339722,-0.216309,0.785889
0.071289,0.118774,1.075806
0.261841,-0.419189,0.920410
-0.459717,0.077393,0.858276
0.516846,-0.212524,1.105347
-0.240112,-0.252563,0.801514
-0.026123,0.159424,1.046875
0.289429,-0.390747,0.921631
-0.473389,0.017578,0.829956
0.500488,-0.210693,1.114746
-0.168823,-0.344116,0.797363
-0.104614,0.159302,1.012329
0.325439,-0.363281,0.928711
-0.509888,0.003784,0.791260
0.479370,-0.211304,1.104736
-0.147217,-0.353638,0.776733
-0.145752,0.150269,1.007690
0.342163,-0.336548,0.953735
-0.529907,-0.007202,0.768188
0.427124,-0.170532,1.090454
-0.108643,-0.368530,0.791016
-0.232544,0.184570,1.002686
0.389526,-0.334473,0.977661
-0.536133,0.008545,0.775513
0.362183,-0.119263,1.086182
-0.089844,-0.346680,0.808838
-0.307251,0.163818,0.950439
0.430664,-0.328003,1.009155
-0.524658,-0.026123,0.746704
0.286499,-0.036499,1.096313
-0.013184,-0.373291,0.829346
-0.366455,0.138916,0.917358
0.437012,-0.356201,0.995117
-0.493408,-0.126343,0.740356
0.219482,-0.009521,1.064819
0.034912,-0.383301,0.818848
-0.441650,0.207275,0.886841
0.457642,-0.277100,1.017700
-0.451660,-0.151733,0.757324
0.143677,0.005981,1.042847
0.076172,-0.398804,0.846191
-0.499512,0.148193,0.835571
0.456543,-0.281860,1.014282
-0.416382,-0.185547,0.745972
0.057007,0.077515,1.022949
0.151245,-0.379272,0.857300
-0.528809,0.124268,0.819214
0.463379,-0.248291,1.038330
-0.342773,-0.254639,0.736084
-0.018433,0.110352,1.016602
0.217041,-0.423950,0.866943
-0.564209,0.085693,0.773315
0.440796,-0.209351,1.033813
-0.256592,-0.265259,0.753540
-0.103760,0.138672,0.990723
0.255737,-0.402832,0.872559
-0.571533,0.048950,0.751831
0.407959,-0.171509,1.044678
-0.216187,-0.325684,0.725952
-0.186890,0.158569,0.964111
0.317627,-0.406494,0.912109
-0.589478,0.017456,0.743896
0.376099,-0.158081,1.041260
-0.175781,-0.350464,0.726440
-0.274048,0.181763,0.937256
0.356445,-0.362915,0.926636
-0.585938,0.003540,0.743652
0.318481,-0.107666,1.033813
-0.127319,-0.394287,0.736328
-0.342773,0.169067,0.897339
0.378052,-0.329468,0.943237
-0.569702,-0.001709,0.728516
0.249756,-0.067993,1.017090
-0.054443,-0.383789,0.770874
-0.424927,0.190796,0.875977
0.404053,-0.299072,0.969727
-0.550415,-0.080444,0.693359
0.181152,-0.008301,1.006836
0.010620,-0.408691,0.786255
-0.493530,0.216431,0.855225
0.420410,-0.273438,0.989014
-0.486694,-0.093750,0.726440
0.081543,0.105225,1.018433
0.072876,-0.389526,0.811035
-0.543213,0.157593,0.821533
0.443481,-0.286377,0.991455
-0.423462,-0.152100,0.729858
-0.000244,0.162598,1.008545
0.131104,-0.379517,0.823730
-0.581909,0.139282,0.802979
0.458496,-0.274048,1.010010
-0.330322,-0.246216,0.717773
-0.056885,0.195679,0.992432
0.189087,-0.364258,0.843994
-0.592163,0.138916,0.792847
0.447754,-0.237427,1.017578
-0.283203,-0.299072,0.713745
-0.102173,0.164062,0.963989
0.246582,-0.375000,0.865601
-0.625732,0.133667,0.760498
0.432617,-0.222778,1.019531
-0.201416,-0.351807,0.730225
-0.174438,0.171875,0.933472
0.277588,-0.335449,0.879883
-0.607788,0.136475,0.741699
0.417603,-0.177734,1.028320
-0.170654,-0.361206,0.723755
-0.221802,0.166870,0.921997
0.325562,-0.354492,0.895386
-0.612183,0.053711,0.726440
0.357544,-0.145874,1.004761
-0.132324,-0.387451,0.708252
-0.269775,0.195435,0.905518
0.352539,-0.334229,0.915405
-0.593750,0.061401,0.723145
0.317383,-0.091431,1.010620
-0.071533,-0.380005,0.739746
-0.349731,0.213745,0.888916
0.400757,-0.325317,0.927002
-0.575928,-0.038208,0.695557
0.239990,-0.043335,0.999023
-0.037109,-0.391968,0.749146
-0.407715,0.226074,0.854614
0.428345,-0.285034,0.963013
-0.520264,-0.076904,0.717896
0.145508,0.032715,1.000244
0.026611,-0.405640,0.778931
-0.473511,0.188843,0.851685
0.435425,-0.246338,0.988770
-0.449341,-0.078369,0.748779
0.068115,0.119507,1.002075
0.124268,-0.397583,0.816528
-0.548340,0.176758,0.799561
0.444336,-0.226929,0.993652
-0.341797,-0.171143,0.748291
-0.022705,0.180298,0.992554
0.208862,-0.376953,0.852783
-0.583618,0.145996,0.779785
0.432617,-0.193970,1.009033
-0.234985,-0.270508,0.750122
-0.091797,0.166626,0.963745
0.265259,-0.352173,0.879639
-0.607788,0.125122,0.758057
0.440063,-0.173462,1.028564
-0.138062,-0.341553,0.750244
-0.188599,0.202393,0.937012
0.328491,-0.327148,0.900024
-0.593750,0.111328,0.758301
0.384155,-0.120728,1.015625
-0.089966,-0.393188,0.744019
-0.249390,0.167847,0.897583
0.372803,-0.336670,0.909668
-0.559082,0.065308,0.745117
0.319336,-0.041016,1.016235
-0.047363,-0.392212,0.737183
-0.318237,0.173218,0.875854
0.416504,-0.365479,0.926636
-0.557007,0.016113,0.743652
0.252930,-0.005615,0.991577
0.012085,-0.394165,0.755127
-0.369751,0.168945,0.848145
0.418335,-0.310791,0.949463
-0.523926,-0.050781,0.733643
0.200195,0.003784,1.007446
0.051025,-0.447021,0.763306
-0.440552,0.173218,0.829224
0.443726,-0.274048,0.963989
-0.454102,-0.059814,0.761353
0.119141,0.098755,1.009644
0.103638,-0.419678,0.803467
-0.485718,0.129395,0.794678
0.454102,-0.251465,0.989136
-0.412109,-0.102539,0.756348
0.056885,0.147949,1.009399
0.158203,-0.400024,0.827759
-0.538696,0.114258,0.773193
0.469116,-0.250122,1.011475
-0.340576,-0.178467,0.749512
-0.022461,0.202026,1.009155
0.211548,-0.402344,0.842529
-0.568726,0.089478,0.760864
0.476196,-0.279541,1.010010
-0.274658,-0.233276,0.765015
-0.096069,0.212402,0.983643
0.277222,-0.376831,0.881714
-0.570801,0.052490,0.731567
0.450073,-0.218628,1.024292
-0.181519,-0.265869,0.792358
-0.146118,0.189209,0.961060
0.324951,-0.418335,0.881470
-0.570312,0.041504,0.745605
0.409668,-0.156128,1.022705
-0.093506,-0.313232,0.791992
-0.200928,0.205688,0.947510
0.384521,-0.388550,0.935059
-0.570679,0.020752,0.750610
0.358765,-0.141479,1.002808
-0.033569,-0.416748,0.766724
-0.256592,0.175049,0.908081
0.395386,-0.289917,0.951172
-0.530029,-0.045410,0.744751
0.302612,-0.119751,0.996704
0.030640,-0.480591,0.766724
-0.329102,0.169678,0.861450
0.426758,-0.307495,0.965698
-0.490234,-0.072266,0.761963
0.229858,-0.058228,1.012573
0.067505,-0.494141,0.762573
-0.385010,0.130371,0.841431
0.449829,-0.332520,0.963623
-0.456665,-0.112671,0.753784
0.148315,0.031982,1.016602
0.098145,-0.449951,0.798706
-0.439575,0.105103,0.802979
0.493164,-0.315552,0.995361
-0.399536,-0.129028,0.770264
0.054443,0.124878,1.018921
0.185181,-0.457886,0.821777
-0.479492,0.060181,0.781982
0.488525,-0.287598,1.020386
-0.334961,-0.163330,0.787598
-0.020508,0.165894,1.007690
0.271729,-0.472412,0.868896
-0.515625,-0.001465,0.743042
0.463989,-0.250000,1.040039
-0.247437,-0.251221,0.780640
-0.076416,0.205933,1.020996
0.323730,-0.391724,0.921997
-0.531494,0.026001,0.763794
0.425781,-0.219116,1.030762
-0.121582,-0.327148,0.811279
-0.136475,0.180298,1.001343
0.362427,-0.419434,0.934326
-0.528076,0.026123,0.769531
0.394165,-0.152710,1.034180
-0.039185,-0.392334,0.813110
-0.199951,0.160278,0.966187
0.399170,-0.388550,0.946045
-0.500000,-0.042236,0.762451
0.356689,-0.111084,1.041260
0.038330,-0.395874,0.821899
-0.272217,0.166626,0.929932
0.429199,-0.370850,0.971069
-0.451660,-0.145752,0.753052
0.305298,-0.060425,1.056519
0.080200,-0.428833,0.815430
-0.329224,0.183228,0.902466
0.486450,-0.355957,1.001465
-0.431396,-0.159546,0.762451
0.242920,-0.058960,1.041138
0.114746,-0.449951,0.830566
-0.365967,0.138550,0.873535
0.493896,-0.275391,1.032104
-0.387573,-0.168823,0.773926
0.169312,0.010010,1.055908
0.192627,-0.479248,0.859375
-0.407837,0.105957,0.836182
0.490967,-0.243652,1.044189
-0.338379,-0.198853,0.779785
0.088623,0.061523,1.047729
0.281860,-0.502319,0.888550
-0.438232,0.052246,0.797729
0.502319,-0.202637,1.063354
-0.263794,-0.216553,0.809448
-0.006470,0.126099,1.031738
0.345581,-0.478516,0.934204
-0.464966,0.031006,0.796265
0.472412,-0.154053,1.096802
-0.155396,-0.236084,0.839111
-0.092041,0.202026,1.049805
0.398682,-0.451660,0.955933
-0.463013,-0.019287,0.804077
0.452026,-0.109375,1.117432
-0.028564,-0.317383,0.859009
-0.173950,0.246582,1.033936
0.454712,-0.390747,0.998901
-0.460815,-0.081543,0.782593
0.404175,-0.097534,1.113525
0.068237,-0.388062,0.873535
-0.220703,0.201050,1.011230
0.492798,-0.349487,1.034180
-0.434326,-0.115967,0.775513
0.159058,0.008423,1.022705
0.110962,-0.400269,0.882080
-0.406250,0.073120,0.830933
0.496948,-0.264282,1.058716
-0.359253,-0.160278,0.778320
0.064575,0.084595,1.026245
0.270508,-0.493774,0.882812
-0.466797,0.023682,0.786743
0.503418,-0.257690,1.072021
-0.254150,-0.237183,0.810059
-0.026611,0.163574,1.033203
0.318970,-0.446045,0.906250
-0.491577,0.019897,0.787231
0.485474,-0.237793,1.082764
-0.161743,-0.288696,0.823853
-0.082520,0.191772,1.041870
0.371582,-0.427002,0.945068
-0.505737,0.009521,0.796997
0.476074,-0.206787,1.089111
-0.072144,-0.307373,0.850830
-0.141724,0.197510,1.023926
0.399780,-0.360718,0.991943
-0.477051,-0.040405,0.779785
0.437866,-0.165161,1.104492
-0.000244,-0.381836,0.863281
-0.180664,0.196655,1.011475
0.462402,-0.361572,1.011719
-0.462891,-0.034424,0.795044
0.384399,-0.107666,1.094604
0.067505,-0.432007,0.861206
-0.227051,0.172485,0.998535
0.498169,-0.343506,1.046509
-0.437256,-0.068359,0.793945
0.340210,-0.053589,1.097900
0.090820,-0.418945,0.864136
-0.271362,0.169800,0.985718
0.521606,-0.331787,1.072021
-0.402832,-0.136353,0.791138
0.301392,-0.000244,1.109863
0.118652,-0.383545,0.896606
-0.312256,0.186279,0.969116
0.543823,-0.299683,1.091797
-0.370117,-0.174561,0.812988
0.246826,0.015747,1.105469
0.185059,-0.380127,0.933716
-0.343628,0.125488,0.908569
0.557129,-0.258667,1.116943
-0.316528,-0.222290,0.810181
0.178833,0.052490,1.097046
0.263916,-0.430786,0.934326
-0.389404,0.113525,0.879272
0.568970,-0.230713,1.114746
-0.241089,-0.201050,0.855469
0.078979,0.128418,1.085449
0.338989,-0.458740,0.963867
-0.402954,0.046509,0.863892
0.543945,-0.155396,1.147217
-0.186890,-0.229126,0.861694
-0.027100,0.189819,1.083618
0.416626,-0.445679,0.999512
-0.424194,-0.001465,0.851318
0.516235,-0.122314,1.164307
-0.058228,-0.252563,0.894287
-0.094727,0.230835,1.072510
0.447144,-0.355225,1.036011
-0.425903,-0.055542,0.837891
0.466064,-0.100220,1.179199
0.043945,-0.371094,0.895142
-0.135010,0.216187,1.071411
0.469604,-0.285034,1.069458
-0.434448,-0.066162,0.824829
0.428223,-0.084106,1.160522
0.071533,-0.371704,0.904907
-0.220215,0.202759,1.030151
0.522339,-0.249512,1.121704
-0.398926,-0.093994,0.815430
0.331543,-0.011230,1.137329
0.163330,-0.447876,0.921387
-0.303711,0.142456,0.968628
0.560059,-0.245605,1.137817
-0.336792,-0.139893,0.831421
0.235596,0.093384,1.152100
0.248291,-0.442627,0.950928
-0.361694,0.103271,0.945068
0.570435,-0.256104,1.142456
-0.283325,-0.199341,0.841797
0.141357,0.162598,1.134521
0.312988,-0.419189,0.969238
-0.416748,0.075195,0.887085
0.567871,-0.215576,1.160156
-0.217773,-0.274170,0.842163
0.060791,0.183838,1.110229
0.360107,-0.402100,0.982422
-0.429443,0.047485,0.863770
0.554932,-0.203003,1.154785
-0.158203,-0.312134,0.858887
0.004639,0.174683,1.102661
0.387573,-0.383423,1.007935
-0.443481,0.035156,0.858032
0.532959,-0.152222,1.164185
-0.069458,-0.324829,0.866455
-0.058716,0.191040,1.098755
0.421265,-0.372314,1.016968
-0.451294,-0.013550,0.849731
0.510864,-0.131592,1.163086
-0.051147,-0.325806,0.857910
-0.131104,0.205933,1.071655
0.452271,-0.345337,1.028687
-0.469116,-0.058594,0.814697
0.463379,-0.093140,1.176514
-0.016968,-0.324219,0.868896
-0.187500,0.219482,1.041504
0.466064,-0.312622,1.051758
-0.459717,-0.106812,0.805908
0.424316,-0.111328,1.152588
-0.008179,-0.319336,0.871704
-0.256104,0.235107,1.023438
0.505737,-0.299438,1.070923
-0.453125,-0.106079,0.791748
0.356934,-0.074463,1.136108
0.050171,-0.349365,0.888184
-0.299805,0.177856,0.972168
0.510376,-0.278687,1.074097
-0.427368,-0.125610,0.775024
0.293213,-0.005615,1.144043
0.112183,-0.405273,0.887329
-0.365356,0.157471,0.933105
0.517456,-0.273071,1.078003
-0.380005,-0.145264,0.786377
0.199219,0.038330,1.101440
0.165283,-0.430420,0.892334
-0.415771,0.107788,0.886475
0.522339,-0.249023,1.097412
-0.351440,-0.198242,0.780884
0.112671,0.122681,1.093872
0.220947,-0.400024,0.908691
-0.459473,0.088013,0.873169
0.516113,-0.263550,1.088257
-0.307007,-0.266235,0.786133
0.040894,0.130859,1.069458
0.247314,-0.368652,0.907104
-0.492310,0.064941,0.840454
0.513306,-0.248291,1.104980
-0.199463,-0.325806,0.790649
-0.023193,0.127441,1.043457
0.266357,-0.352661,0.918701
-0.520996,0.015747,0.789673
0.495117,-0.244385,1.097290
-0.186890,-0.366089,0.767578
-0.075195,0.128784,1.016724
0.309692,-0.363403,0.918945
-0.528442,0.044434,0.789307
0.454956,-0.224365,1.084351
-0.177490,-0.371460,0.760620
-0.168701,0.140747,0.996582
0.357422,-0.381958,0.934570
-0.539429,0.033447,0.772949
0.400146,-0.156738,1.073975
-0.153931,-0.349976,0.770874
-0.228882,0.153564,0.977173
0.367798,-0.343994,0.962646
-0.545654,0.021851,0.769165
0.376221,-0.134888,1.073486
-0.135132,-0.352173,0.776123
-0.286133,0.165771,0.955933
0.376709,-0.329346,0.964722
-0.539062,-0.050659,0.741455
0.353149,-0.103638,1.084839
-0.127563,-0.324585,0.776489
-0.322754,0.186401,0.926392
0.408203,-0.347046,0.978149
-0.550537,-0.074341,0.727417
0.319824,-0.110352,1.057617
-0.097778,-0.351318,0.766846
-0.367798,0.207031,0.918091
0.416138,-0.335938,0.972778
-0.541382,-0.080200,0.731445
0.277466,-0.090088,1.052490
-0.068726,-0.385254,0.771851
-0.397461,0.203735,0.889160
0.409668,-0.320435,0.970581
-0.538818,-0.083252,0.717529
0.230957,-0.072754,1.030151
-0.039917,-0.397583,0.785400
-0.438843,0.207031,0.881348
0.420532,-0.308594,0.977051
-0.526367,-0.088623,0.721069
0.161865,0.008057,1.026855
0.026611,-0.422729,0.802246
-0.494751,0.186890,0.855957
0.427246,-0.277344,0.999878
-0.494019,-0.122559,0.712891
0.090332,0.080688,1.031860
0.095703,-0.405640,0.827637
-0.545654,0.139404,0.828003
0.446655,-0.270020,1.005981
-0.423950,-0.158081,0.722900
0.011230,0.163086,1.019043
0.157593,-0.412231,0.825928
-0.564575,0.122070,0.804077
0.420532,-0.270264,0.996094
-0.338623,-0.262451,0.714233
-0.036987,0.166870,0.993896
0.188599,-0.383423,0.828613
-0.606445,0.120728,0.769775
0.434326,-0.251343,1.005737
-0.262695,-0.336792,0.710815
-0.098877,0.148315,0.960693
0.236328,-0.373413,0.857544
-0.618652,0.117798,0.750977
0.419556,-0.239014,1.006104
-0.219849,-0.372803,0.699219
-0.155029,0.150146,0.951172
0.274414,-0.356323,0.882324
-0.622437,0.100342,0.740356
0.401001,-0.196289,1.008057
-0.175293,-0.347290,0.725098
-0.211548,0.170166,0.936157
0.315552,-0.356201,0.890015
-0.631104,0.089844,0.733643
0.391113,-0.201050,0.999268
-0.151489,-0.349976,0.738525
-0.265015,0.165527,0.904053
0.352417,-0.340576,0.910034
-0.613159,0.084595,0.734009
0.334839,-0.119629,1.011719
-0.116821,-0.371826,0.741943
-0.288330,0.161865,0.901611
0.369507,-0.347046,0.911255
-0.607910,0.068726,0.716064
0.303589,-0.089844,0.999878
-0.073975,-0.385620,0.752563
-0.342773,0.178101,0.871216
0.382568,-0.287231,0.950195
-0.574829,-0.006226,0.705566
0.255371,-0.043823,1.001709
-0.043213,-0.409546,0.744507
-0.397339,0.189697,0.858398
0.404419,-0.276611,0.948730
-0.547852,-0.030151,0.695801
0.200195,-0.003052,0.994751
0.006592,-0.391846,0.776978
-0.435303,0.185181,0.843506
0.411621,-0.276245,0.949829
-0.527710,-0.049927,0.710693
0.157837,0.030151,1.024292
0.058350,-0.417236,0.790283
-0.495605,0.210205,0.827271
0.414429,-0.201660,0.975708
-0.458252,-0.060669,0.739624
0.079712,0.098877,1.025024
0.139404,-0.457275,0.823853
-0.534180,0.170410,0.813721
0.419434,-0.175537,0.990234
-0.400391,-0.118286,0.733154
0.021606,0.136230,1.015503
0.203003,-0.435547,0.848267
-0.574707,0.151489,0.795898
0.433594,-0.162842,1.003784
-0.293457,-0.177246,0.737793
-0.081055,0.209595,0.982300
0.265381,-0.390015,0.889038
-0.579346,0.088745,0.765381
0.429932,-0.178589,1.018311
-0.206177,-0.270386,0.736938
-0.138428,0.219727,0.956177
0.317139,-0.363770,0.900879
-0.589478,0.095093,0.761230
0.416016,-0.152344,1.024780
-0.120972,-0.344727,0.745239
-0.210571,0.213135,0.922607
0.348877,-0.349121,0.905273
-0.564941,0.064209,0.758301
0.381226,-0.116821,1.017456
-0.081543,-0.368042,0.750610
-0.251465,0.202759,0.900757
0.378906,-0.318359,0.920288
-0.573486,0.030396,0.735352
0.333130,-0.115234,1.005371
-0.031372,-0.404419,0.761841
-0.292236,0.164307,0.872437
0.401367,-0.292725,0.938477
-0.548828,0.020630,0.733398
0.277466,-0.039429,1.009644
0.020020,-0.449707,0.756958
-0.355957,0.164795,0.844971
0.423340,-0.309937,0.941162
-0.512329,-0.019775,0.739868
0.207275,-0.005249,0.996826
0.047607,-0.458862,0.759277
-0.413330,0.157471,0.814575
0.450684,-0.308838,0.956543
-0.490234,-0.037354,0.749878
0.168701,0.035645,1.009277
0.083252,-0.447632,0.780884
-0.457642,0.144165,0.814941
0.473389,-0.314819,0.972900
-0.451416,-0.085693,0.755737
0.099365,0.093506,1.007324
0.132080,-0.439697,0.814453
-0.487305,0.108398,0.787598
0.461304,-0.266357,0.992554
-0.399536,-0.120972,0.763794
0.036743,0.135742,1.007690
0.171387,-0.430054,0.833130
-0.506714,0.066650,0.765137
0.481812,-0.239014,1.044556
-0.365112,-0.169800,0.744385
-0.023193,0.186157,1.020020
0.243896,-0.472290,0.847046
-0.533447,0.068115,0.761353
0.473877,-0.245361,1.023438
-0.267822,-0.192627,0.789673
-0.106689,0.245117,0.989258
0.290405,-0.431641,0.881104
-0.518311,0.012207,0.753662
0.441284,-0.240112,1.015259
-0.209351,-0.261841,0.784546
-0.129517,0.207520,0.978271
0.322632,-0.403564,0.900391
-0.555420,0.019409,0.748535
0.436523,-0.221191,1.038208
-0.116211,-0.331421,0.800659
-0.177368,0.219482,0.968628
0.343628,-0.404297,0.914429
-0.562378,0.029175,0.753052
0.413330,-0.192383,1.040039
-0.034790,-0.374512,0.813110
-0.219727,0.190308,0.956543
0.386108,-0.388672,0.932617
-0.537231,-0.031494,0.750977
0.363892,-0.162109,1.018799
-0.007812,-0.420654,0.795166
-0.248535,0.169434,0.930298
0.421875,-0.351440,0.977905
-0.496460,-0.094849,0.749634
0.301270,-0.096191,1.027832
0.064819,-0.453735,0.801636
-0.302734,0.178101,0.896729
0.456665,-0.338501,0.986328
-0.464111,-0.128540,0.753174
0.254272,-0.077759,1.017456
0.078613,-0.450684,0.793701
-0.341309,0.109619,0.864990
0.483765,-0.320679,1.022217
-0.433228,-0.146729,0.755493
0.188965,-0.011230,1.037598
0.121704,-0.472046,0.811401
-0.387085,0.112305,0.850464
0.508911,-0.303223,1.026855
-0.405518,-0.153442,0.759277
0.120117,0.050049,1.034180
0.195190,-0.498657,0.847168
-0.402954,0.047363,0.820923
0.514038,-0.273193,1.054077
-0.363403,-0.173950,0.763550
0.058472,0.124756,1.035400
0.266357,-0.494873,0.879272
-0.428955,0.011719,0.817383
0.507202,-0.259277,1.075439
-0.295776,-0.218140,0.794922
0.001343,0.169556,1.054565
0.312500,-0.472290,0.897217
-0.459229,0.010742,0.804810
0.498657,-0.250854,1.088501
-0.205688,-0.271362,0.821899
-0.049561,0.196899,1.046265
0.349487,-0.436523,0.933472
-0.501831,0.020630,0.805054
0.496948,-0.249023,1.102173
-0.106323,-0.320557,0.856567
-0.089600,0.222046,1.061646
0.373291,-0.358521,0.974121
-0.494385,0.029541,0.819580
0.472412,-0.224121,1.085938
-0.029541,-0.396118,0.865356
-0.121216,0.184448,1.045044
0.429321,-0.359131,1.008423
-0.486694,0.021973,0.794800
0.438599,-0.145752,1.103638
0.035400,-0.399536,0.882202
-0.160889,0.177246,1.037598
0.467163,-0.379517,1.025635
-0.468262,-0.025391,0.801636
0.419800,-0.091675,1.115601
0.064819,-0.394409,0.881592
-0.192383,0.192749,1.030151
0.490845,-0.366943,1.042847
-0.442993,-0.069824,0.806885
0.408936,-0.072632,1.129639
0.075684,-0.360474,0.886108
-0.220459,0.213501,1.023438
0.508667,-0.330078,1.072876
-0.424072,-0.119263,0.802979
0.381958,-0.061646,1.137207
0.081421,-0.356812,0.899292
-0.247070,0.230469,1.019165
0.533691,-0.286743,1.101318
-0.409790,-0.129150,0.805420
0.329102,-0.062500,1.118408
0.113647,-0.411255,0.905151
-0.260986,0.175537,0.996338
0.557617,-0.264160,1.126587
-0.409058,-0.107300,0.808716
0.301025,-0.036499,1.112915
0.171265,-0.437500,0.925293
-0.283081,0.139526,0.973633
0.552734,-0.244385,1.131836
-0.367920,-0.132202,0.823120
0.273315,0.021362,1.126099
0.211304,-0.441772,0.926758
-0.314209,0.133423,0.952881
0.581665,-0.244751,1.148438
-0.355957,-0.144287,0.813477
0.213989,0.073364,1.124634
0.275757,-0.470337,0.948486
-0.345581,0.089600,0.931274
0.566406,-0.232300,1.148682
-0.313599,-0.176514,0.822754
0.171753,0.143188,1.132935
0.308472,-0.431641,0.975098
-0.391479,0.059937,0.906616
0.562134,-0.246826,1.162598
-0.286011,-0.240723,0.821655
0.133911,0.176758,1.141113
0.323486,-0.413818,0.985840
-0.433472,0.082764,0.896118
0.587769,-0.270996,1.156250
-0.235474,-0.265503,0.842407
0.080811,0.187866,1.116333
0.313477,-0.371460,0.975830
-0.419556,0.059570,0.878418
0.586548,-0.265991,1.149170
-0.203979,-0.291992,0.850708
0.050903,0.170654,1.116455
0.345947,-0.370605,0.972412
-0.450684,0.079102,0.861206
0.571777,-0.245850,1.152466
-0.148926,-0.334351,0.868164
0.011597,0.144043,1.091797
0.365234,-0.358887,0.996094
-0.453247,0.046753,0.848755
0.535400,-0.166260,1.145020
-0.113647,-0.304443,0.861938
-0.010742,0.160400,1.101929
0.384644,-0.373413,0.996338
-0.467163,0.028564,0.850342
0.523560,-0.151489,1.153198
-0.097168,-0.336548,0.837158
-0.060181,0.183960,1.084595
0.397339,-0.353882,1.001343
-0.454346,-0.015991,0.837646
0.503296,-0.153564,1.143555
-0.083618,-0.349976,0.817505
-0.105591,0.190308,1.079346
0.412598,-0.353027,1.011475
-0.480469,-0.021851,0.831055
0.484253,-0.108887,1.159790
-0.087158,-0.317993,0.817627
-0.154419,0.177124,1.044922
0.440552,-0.363403,1.026001
-0.494629,-0.033936,0.803223
0.438965,-0.095825,1.140381
-0.057129,-0.316406,0.830933
-0.220459,0.205566,1.021729
0.446533,-0.322998,1.040039
-0.477539,-0.097290,0.781250
0.406494,-0.073242,1.152344
-0.037109,-0.315063,0.840942
-0.292114,0.216309,0.978760
0.486328,-0.309082,1.053589
-0.457031,-0.122925,0.771729
0.292969,-0.047607,1.109619
0.014038,-0.356934,0.849243
-0.320068,0.175537,0.955688
0.488892,-0.283936,1.049927
-0.457031,-0.091553,0.784790
0.219482,-0.005371,1.093506
0.105347,-0.439697,0.865723
-0.406982,0.129395,0.889648
0.488037,-0.226562,1.073120
-0.387817,-0.206543,0.763428
0.119141,0.098755,1.078613
0.158813,-0.399902,0.879761
-0.466309,0.076904,0.855713
0.503540,-0.283936,1.074341
-0.313354,-0.237305,0.789062
0.016602,0.139282,1.047974
0.216064,-0.357178,0.883179
-0.519653,0.052612,0.815063
0.500366,-0.270386,1.074829
-0.233276,-0.316895,0.764648
-0.067749,0.144043,1.009277
0.265869,-0.364746,0.892700
-0.544800,0.042358,0.780762
0.459595,-0.251465,1.062134
-0.182251,-0.374512,0.751221
-0.160034,0.131104,0.978149
0.313477,-0.351074,0.922729
-0.554810,-0.011597,0.744873
0.407715,-0.178833,1.072266
-0.156982,-0.388306,0.733765
-0.254761,0.174438,0.964722
0.380249,-0.347656,0.950806
-0.572754,0.015991,0.739136
0.335449,-0.121460,1.052979
-0.101562,-0.367065,0.766113
-0.331421,0.173096,0.913940
0.403320,-0.343506,0.970825
-0.558960,-0.029907,0.724609
0.260010,-0.041260,1.059326
-0.044189,-0.373047,0.797974
-0.419800,0.184692,0.894775
0.412964,-0.320068,0.978149
-0.527222,-0.077148,0.715454
0.196411,-0.014282,1.036987
0.012817,-0.395630,0.796387
-0.479370,0.211914,0.857544
0.418945,-0.284546,0.984131
-0.488892,-0.151611,0.713501
0.110352,0.043945,1.029419
0.048584,-0.394043,0.817383
-0.512329,0.179443,0.849854
0.444458,-0.301147,0.990845
-0.452759,-0.168335,0.728149
0.038574,0.110962,1.024536
0.135498,-0.429565,0.827759
-0.555420,0.151978,0.817993
0.440063,-0.229858,1.019653
-0.382202,-0.183716,0.728760
-0.021118,0.150513,1.008667
0.190796,-0.427979,0.846313
-0.590942,0.138184,0.801880
0.431152,-0.218384,1.008179
-0.307129,-0.248413,0.717285
-0.075439,0.161865,0.988647
0.231934,-0.427612,0.843506
-0.606201,0.122681,0.779175
0.423706,-0.203857,1.008545
-0.253418,-0.279419,0.728394
-0.152344,0.172974,0.964722
0.280151,-0.390015,0.881836
-0.608765,0.083252,0.747437
0.403809,-0.166260,1.032349
-0.199829,-0.332642,0.721558
-0.227783,0.195190,0.946655
0.323242,-0.377563,0.895752
-0.614868,0.056641,0.732178
0.376831,-0.151367,1.026123
-0.144653,-0.384766,0.709717
-0.288574,0.209839,0.915039
0.359253,-0.356567,0.898926
-0.591187,0.028564,0.724487
0.315918,-0.109131,1.014648
-0.091675,-0.390625,0.727783
-0.341553,0.200317,0.886963
0.381104,-0.320312,0.928345
-0.568604,-0.001709,0.715332
0.249023,-0.052490,0.993286
-0.031006,-0.421875,0.739380
-0.428345,0.222290,0.862793
0.405396,-0.280518,0.941528
-0.523560,-0.046997,0.704224
0.143311,0.054565,1.006592
0.019409,-0.406494,0.785645
-0.487549,0.183838,0.838745
0.435425,-0.258911,0.980225
-0.462891,-0.104370,0.730347
0.060913,0.146606,1.024780
0.116211,-0.411377,0.809448
-0.552856,0.182373,0.818115
0.432983,-0.224121,0.991455
-0.362305,-0.172607,0.741943
0.000000,0.167114,1.008545
0.191040,-0.384277,0.842041
-0.599609,0.161499,0.778931
0.444824,-0.220703,1.005737
-0.232544,-0.278442,0.743042
-0.085327,0.191895,0.985962
0.247559,-0.341675,0.868042
-0.606567,0.120972,0.758423
0.427856,-0.187256,1.016846
-0.150024,-0.333130,0.755859
-0.152100,0.169678,0.944092
0.305664,-0.323364,0.893066
-0.607300,0.119019,0.747559
0.387573,-0.150024,1.010010
-0.091431,-0.368042,0.747925
-0.238403,0.184082,0.909912
0.357300,-0.329224,0.904907
-0.568359,0.078857,0.745850
0.327637,-0.062134,1.007935
-0.042969,-0.388794,0.750977
-0.327881,0.170654,0.862061
0.404785,-0.334595,0.938477
-0.542114,-0.018799,0.715210
0.241211,-0.003540,0.993408
0.021973,-0.427612,0.752930
-0.380127,0.196533,0.855225
0.421753,-0.271973,0.952515
-0.510864,-0.058105,0.725464
0.179077,0.008545,0.998169
0.069214,-0.441895,0.785522
-0.455933,0.170776,0.804565
0.436523,-0.225830,0.976562
-0.428101,-0.075195,0.756714
0.097046,0.093994,1.015747
0.121704,-0.448853,0.797974
-0.534424,0.157715,0.785889
0.469238,-0.260132,0.990479
-0.373413,-0.147827,0.759277
0.008301,0.181763,1.028442
0.203491,-0.424805,0.836792
-0.557007,0.150391,0.778076
0.461426,-0.238403,0.994629
-0.292969,-0.184082,0.771851
-0.067017,0.195190,1.004761
0.265991,-0.424805,0.867432
-0.576538,0.092529,0.738770
0.447021,-0.209351,1.017822
-0.176147,-0.269775,0.787231
-0.118652,0.218994,1.003540
0.301147,-0.391602,0.895508
-0.605225,0.095947,0.747192
0.434326,-0.221436,1.015259
-0.102051,-0.312500,0.799927
-0.161499,0.203003,0.957520
0.332520,-0.331909,0.923462
-0.578369,0.050537,0.741943
0.404785,-0.197266,1.007446
-0.060669,-0.373657,0.792480
-0.203979,0.200195,0.958008
0.367920,-0.349854,0.928467
-0.570679,0.035400,0.744507
0.359131,-0.154541,1.002075
-0.010254,-0.408813,0.781616
-0.234741,0.193604,0.925659
0.389038,-0.346436,0.936646
-0.552612,-0.039307,0.733521
0.332764,-0.153564,0.996704
0.029663,-0.442871,0.791870
-0.286743,0.168457,0.897583
0.406982,-0.328857,0.955811
-0.535522,-0.022583,0.738159
0.286011,-0.125977,0.986816
0.050537,-0.464600,0.787354
-0.292236,0.132324,0.886230
0.434937,-0.324463,0.965698
-0.516235,-0.028931,0.751343
0.257812,-0.072144,1.005127
0.082886,-0.467896,0.798218
-0.332764,0.113281,0.864990
0.448120,-0.321045,0.976562
-0.469238,-0.098755,0.755371
0.218750,-0.027344,1.010986
0.100342,-0.461792,0.797241
-0.383911,0.119629,0.838745
0.468262,-0.322754,0.992676
-0.436890,-0.135986,0.757446
0.157837,0.005615,1.016235
0.129639,-0.480957,0.802002
-0.412964,0.100586,0.819946
0.493164,-0.282593,1.027222
-0.390381,-0.140747,0.766113
0.092163,0.060059,1.015869
0.210083,-0.513794,0.837769
-0.454590,0.038086,0.786133
0.454590,-0.250732,1.012451
-0.327393,-0.201050,0.772583
-0.107788,0.205444,0.992188
0.299683,-0.393188,0.899048
-0.544312,0.025513,0.753906
0.422119,-0.214600,1.029419
-0.116943,-0.337158,0.789551
-0.176880,0.217285,0.974609
0.350708,-0.385498,0.928223
-0.530029,-0.006958,0.760986
0.383423,-0.172119,1.028198
-0.063110,-0.369629,0.794067
-0.210938,0.171143,0.933716
0.395752,-0.339844,0.963501
-0.532471,-0.037231,0.735229
0.353760,-0.159912,1.023560
0.007202,-0.446777,0.808838
-0.260742,0.162354,0.923096
0.421387,-0.340576,0.955444
-0.519287,-0.037720,0.736816
0.289185,-0.092285,1.011597
0.074951,-0.466064,0.814819
-0.305542,0.122681,0.898560
0.447266,-0.324829,0.985474
-0.479492,-0.081543,0.738647
0.221680,-0.031006,1.014038
0.102539,-0.485718,0.809937
-0.349487,0.106934,0.881592
0.494385,-0.327515,1.009521
-0.453003,-0.092163,0.758301
0.155640,0.040161,1.015747
0.142090,-0.446655,0.835327
-0.393555,0.082886,0.850708
0.503906,-0.320801,1.034546
-0.393188,-0.179443,0.759521
0.114380,0.073975,1.035767
0.199463,-0.460327,0.850464
-0.433716,0.067993,0.819580
0.509521,-0.278931,1.052612
-0.320435,-0.218262,0.786133
0.061279,0.112793,1.042114
0.255981,-0.464478,0.882202
-0.470459,0.041138,0.790283
0.503784,-0.258545,1.062256
-0.256714,-0.227539,0.810181
-0.008789,0.140259,1.049683
0.330322,-0.493530,0.913940
-0.486450,0.029907,0.786987
0.476562,-0.179199,1.088501
-0.180786,-0.233643,0.825928
-0.059937,0.206177,1.067993
0.385254,-0.481934,0.951538
-0.493774,0.005737,0.805542
0.465698,-0.175903,1.098755
-0.104736,-0.286865,0.836548
-0.113281,0.224976,1.052490
0.414429,-0.404297,0.977173
-0.483521,-0.013306,0.815063
0.459595,-0.171753,1.105225
-0.020874,-0.353149,0.852661
-0.151001,0.216797,1.039673
0.440674,-0.360352,1.009521
-0.466309,-0.034912,0.809937
0.437134,-0.138184,1.117188
0.049072,-0.392334,0.862793
-0.175415,0.191895,1.022827
0.467163,-0.335449,1.028198
-0.473511,-0.048096,0.795654
0.403564,-0.124146,1.106201
0.083008,-0.411011,0.878540
-0.198120,0.174805,1.006836
0.478394,-0.279053,1.065674
-0.442749,-0.077148,0.785156
0.389038,-0.082031,1.118896
0.094360,-0.413574,0.890015
-0.260498,0.194824,1.014404
0.521240,-0.298584,1.088623
-0.390747,-0.099609,0.799561
0.338745,-0.022339,1.126709
0.104248,-0.399048,0.905884
-0.273560,0.172119,1.004761
0.548828,-0.281494,1.110352
-0.391968,-0.131348,0.805908
0.300415,-0.005859,1.133301
0.154907,-0.413452,0.926270
-0.300293,0.165527,0.974365
0.561035,-0.273315,1.121826
-0.365723,-0.156250,0.820190
0.274292,0.022705,1.114990
0.191162,-0.393188,0.936523
-0.312622,0.128418,0.948364
0.576416,-0.265137,1.136108
-0.354248,-0.199585,0.801514
0.235596,0.035889,1.122803
0.244995,-0.415649,0.950317
-0.348145,0.119507,0.923828
0.570435,-0.256104,1.132324
-0.295044,-0.234375,0.827515
0.178101,0.086182,1.108032
0.278564,-0.402588,0.973022
-0.374146,0.091797,0.904297
0.584961,-0.242188,1.140381
-0.283203,-0.205444,0.838867
0.119629,0.110107,1.105591
0.324219,-0.421631,0.976440
-0.391724,0.101807,0.897339
0.572021,-0.194702,1.160156
-0.225342,-0.262207,0.842163
0.055542,0.144165,1.090088
0.352051,-0.394897,0.991455
-0.421509,0.060059,0.881348
0.573853,-0.208496,1.167358
-0.171143,-0.259888,0.871460
-0.014404,0.200439,1.098267
0.386719,-0.394531,0.989502
-0.407104,0.012573,0.872925
0.548706,-0.155884,1.175537
-0.107422,-0.255371,0.881470
-0.067383,0.202759,1.072632
0.423340,-0.388428,1.021851
-0.421387,-0.030884,0.843750
0.508789,-0.139282,1.158569
-0.039062,-0.295654,0.893921
-0.113525,0.211304,1.073608
0.441162,-0.344238,1.029541
-0.449951,-0.065796,0.836304
0.482056,-0.134644,1.170410
-0.015747,-0.296387,0.880981
-0.168335,0.226929,1.055420
0.447632,-0.297119,1.052368
-0.463501,-0.070923,0.815796
0.445435,-0.124023,1.165894
-0.000610,-0.348267,0.883179
-0.232666,0.210938,1.017090
0.484375,-0.286499,1.076172
-0.451294,-0.068237,0.791992
0.382690,-0.073853,1.164307
0.052490,-0.375122,0.880615
-0.289917,0.190674,0.985840
0.493530,-0.273071,1.069580
-0.432495,-0.100708,0.781494
0.308350,-0.032959,1.132202
0.123657,-0.395142,0.899902
-0.347412,0.172729,0.944092
0.496094,-0.260864,1.073242
-0.386963,-0.173096,0.781372
0.205322,0.020752,1.106445
0.180664,-0.404785,0.907715
-0.409546,0.154663,0.919067
0.513794,-0.244263,1.095459
-0.363037,-0.196777,0.769653
0.105713,0.074463,1.071411
0.233154,-0.372681,0.933960
-0.446533,0.079224,0.864624
0.518921,-0.237915,1.096191
-0.249146,-0.293335,0.785034
-0.007935,0.116943,1.046631
0.281372,-0.371216,0.923462
-0.487671,0.042480,0.809326
0.514038,-0.192749,1.120972
-0.163452,-0.330444,0.788330
-0.119629,0.146851,1.019287
0.337036,-0.375610,0.947510
-0.504517,-0.028931,0.768555
0.455933,-0.151855,1.108643
-0.140381,-0.297607,0.782104
-0.219360,0.190918,1.004395
0.403564,-0.347900,0.996338
-0.543213,-0.069580,0.748047
0.378052,-0.109253,1.102539
-0.071289,-0.340454,0.805298
-0.326294,0.189697,0.950928
0.437500,-0.310913,1.018433
-0.501587,-0.099976,0.729614
0.253052,-0.031982,1.071655
0.008911,-0.382202,0.821167
-0.404053,0.165771,0.906616
0.452148,-0.276001,1.032349
-0.476318,-0.133789,0.745483
0.124268,0.024658,1.034546
0.107422,-0.427734,0.845459
-0.476440,0.124512,0.854858
0.459595,-0.232178,1.046631
-0.395386,-0.187134,0.750122
0.021240,0.102783,1.032959
0.188477,-0.404175,0.865112
-0.535400,0.068848,0.800171
0.454712,-0.230225,1.050293
-0.268066,-0.302368,0.728271
-0.079224,0.151001,0.992798
0.258667,-0.381836,0.876587
-0.563354,0.060425,0.781982
0.420410,-0.208496,1.027954
-0.216431,-0.331421,0.720947
-0.170410,0.137695,0.969482
0.316650,-0.364258,0.917603
-0.595825,0.033325,0.753174
0.370850,-0.166138,1.044434
-0.157593,-0.368652,0.735962
-0.289185,0.182373,0.939575
0.363281,-0.343628,0.942139
-0.583496,0.012329,0.730713
0.283691,-0.096069,1.027710
-0.088745,-0.390259,0.758911
-0.390747,0.184082,0.888672
0.391357,-0.292725,0.963745
-0.536011,-0.032837,0.720703
0.177979,-0.003540,1.015015
-0.000244,-0.377686,0.796875
-0.482300,0.165894,0.856323
0.426514,-0.276367,0.991333
-0.496460,-0.113770,0.700684
0.067139,0.104004,1.011719
0.102417,-0.385132,0.830811
-0.543701,0.145630,0.822754
0.426147,-0.240845,1.009644
-0.362427,-0.225708,0.717896
-0.008545,0.163208,1.006470
0.177856,-0.391479,0.836182
-0.594360,0.125610,0.797241
0.420044,-0.224854,1.005981
-0.265381,-0.298584,0.708008
-0.124146,0.178101,0.967896
0.262451,-0.384277,0.880005
-0.605713,0.090698,0.773071
0.396606,-0.180298,1.026245
-0.197510,-0.339233,0.709595
-0.231812,0.185181,0.932251
0.335327,-0.351074,0.910889
-0.592529,0.063110,0.754517
0.356689,-0.143799,1.017578
-0.144775,-0.371704,0.722534
-0.322998,0.187622,0.891235
0.388306,-0.358276,0.918701
-0.574707,0.026489,0.729858
0.262817,-0.062256,1.002930
-0.059326,-0.400513,0.745483
-0.417480,0.211304,0.864624
0.408936,-0.295044,0.953125
-0.526001,-0.036621,0.722778
0.159790,0.041260,1.011841
0.012573,-0.398560,0.774658
-0.491089,0.195068,0.837646
0.421265,-0.257568,0.971680
-0.435425,-0.128662,0.740234
0.059204,0.129395,1.014404
0.104248,-0.392212,0.808960
-0.551880,0.169800,0.810791
0.428345,-0.222656,0.991333
-0.344238,-0.177856,0.743530
-0.012573,0.154053,1.004517
0.211914,-0.395386,0.861206
-0.596802,0.144897,0.788086
0.410278,-0.174316,1.004883
-0.242310,-0.269653,0.726318
-0.096436,0.200928,0.975708
0.293213,-0.380615,0.891846
-0.611572,0.120239,0.750732
0.401611,-0.159180,1.016724
-0.151855,-0.327148,0.737305
-0.207764,0.200806,0.935425
0.348267,-0.371826,0.900269
-0.587769,0.061768,0.756592
0.359741,-0.103638,1.019165
-0.069946,-0.377686,0.736328
-0.310181,0.229858,0.879883
0.385864,-0.306519,0.911743
-0.542236,-0.020142,0.730469
0.279053,-0.067383,0.982422
-0.020752,-0.424561,0.730591
-0.382812,0.197510,0.847290
0.410889,-0.273071,0.940186
-0.497192,-0.038696,0.739502
0.182495,-0.000977,1.003174
0.046753,-0.427612,0.783447
-0.460327,0.182861,0.815552
0.434937,-0.247437,0.976807
-0.448853,-0.091431,0.746338
0.101196,0.083618,1.018188
0.129272,-0.422119,0.815796
-0.530029,0.175171,0.798706
0.440186,-0.219971,0.984741
-0.345581,-0.141724,0.765747
0.004883,0.137573,1.008179
0.210327,-0.415283,0.857056
-0.578857,0.135620,0.764526
0.448486,-0.192993,1.008667
-0.226562,-0.228027,0.764038
-0.096802,0.201172,0.980103
0.291504,-0.397339,0.893677
-0.571655,0.070190,0.751465
0.421875,-0.174561,1.013794
-0.135986,-0.296753,0.773682
-0.188354,0.203003,0.929199
0.352783,-0.345947,0.916870
-0.567993,0.035156,0.745972
0.366333,-0.131592,1.016235
-0.050659,-0.405396,0.759399
-0.264282,0.182983,0.889526
0.385498,-0.343140,0.923340
-0.531128,-0.021729,0.749390
0.293335,-0.077271,1.008423
-0.000366,-0.439209,0.753662
-0.325073,0.154053,0.862549
0.433594,-0.334229,0.947998
-0.523560,-0.053711,0.742798
0.217896,-0.059814,0.986206
0.064575,-0.479370,0.761597
-0.396606,0.138428,0.828735
0.450195,-0.281982,0.969849
-0.454468,-0.100952,0.752319
0.139404,0.034302,1.008179
0.114014,-0.483643,0.778320
-0.473511,0.124756,0.786621
0.467407,-0.263916,0.984741
-0.376953,-0.153076,0.759399
0.030518,0.137451,1.019531
0.204102,-0.476562,0.827148
-0.521606,0.075684,0.765503
0.460449,-0.258179,1.005127
-0.320801,-0.202393,0.761719
-0.041504,0.157227,1.002686
0.284180,-0.465698,0.885376
-0.537109,0.031372,0.747314
0.437134,-0.208252,1.024048
-0.181396,-0.269043,0.808350
-0.154297,0.203247,0.981689
0.331421,-0.440186,0.895752
-0.530762,0.014771,0.757202
0.411743,-0.175293,1.045166
-0.076172,-0.332275,0.802612
-0.217407,0.210449,0.953979
0.382324,-0.395264,0.928223
-0.514282,-0.038452,0.748413
0.350098,-0.138550,1.026855
0.021118,-0.422119,0.811157
-0.280762,0.154297,0.904907
0.416626,-0.346191,0.963989
-0.478149,-0.113647,0.731934
0.277100,-0.054688,1.045898
0.096924,-0.466187,0.806519
-0.368530,0.149292,0.879028
0.462036,-0.356689,0.982422
-0.439819,-0.128906,0.766724
0.180908,0.004639,1.031738
0.149780,-0.463135,0.832031
-0.415771,0.132446,0.850220
0.475220,-0.305908,1.008179
-0.375854,-0.175537,0.760376
0.103638,0.048828,1.042603
0.214478,-0.495117,0.839111
-0.468750,0.046265,0.783447
0.507812,-0.265015,1.055420
-0.267944,-0.220215,0.797729
-0.036621,0.159180,1.021606
0.291504,-0.488525,0.878540
-0.470825,0.010376,0.782471
0.492920,-0.233765,1.082397
-0.183960,-0.259033,0.804321
-0.103516,0.210938,1.028931
0.362183,-0.430054,0.932983
-0.497803,-0.002930,0.784424
0.463135,-0.202148,1.091309
-0.073853,-0.333984,0.839600
-0.170898,0.225220,1.017456
0.425171,-0.395874,0.970581
-0.476807,-0.012207,0.783569
0.390625,-0.141724,1.064941
0.044922,-0.421509,0.861084
-0.227905,0.178467,0.988403
0.470825,-0.332520,1.028198
-0.443970,-0.073730,0.782349
0.307373,-0.052246,1.067383
0.111328,-0.446411,0.867676
-0.281250,0.160156,0.967651
0.491211,-0.299438,1.067749
-0.402954,-0.131470,0.785889
0.244629,0.002197,1.079346
0.161011,-0.431274,0.885620
-0.330444,0.133789,0.930664
0.537598,-0.264404,1.099365
-0.351318,-0.170044,0.804932
0.159668,0.046997,1.072876
0.259399,-0.464966,0.915771
-0.397339,0.068237,0.857178
0.546997,-0.245117,1.095947
-0.273071,-0.212524,0.823120
0.064453,0.125488,1.061768
0.346924,-0.448486,0.968018
-0.421387,0.026001,0.827271
0.521851,-0.168335,1.139526
-0.174072,-0.243286,0.845825
-0.028198,0.204590,1.082031
0.395996,-0.411621,1.003052
-0.453125,-0.010986,0.830933
0.500610,-0.132324,1.146973
-0.053589,-0.298218,0.874390
-0.109619,0.221802,1.062378
0.446045,-0.365845,1.030029
-0.444702,-0.058472,0.823975
0.461914,-0.118774,1.155518
0.051025,-0.366333,0.907349
-0.164917,0.225952,1.055420
0.488281,-0.306885,1.061523
-0.423218,-0.075928,0.812134
0.387207,-0.059326,1.146729
0.080078,-0.393799,0.908447
-0.227905,0.199341,1.028076
0.537109,-0.274170,1.103149
-0.404785,-0.097900,0.815063
0.326782,0.004395,1.146362
0.163818,-0.434937,0.918701
-0.289429,0.160767,0.990967
0.543701,-0.254517,1.133911
-0.351929,-0.138672,0.836182
0.244019,0.053101,1.132080
0.235474,-0.432251,0.948853
-0.330078,0.095703,0.932617
0.561890,-0.213501,1.155762
-0.286621,-0.177979,0.840576
0.160034,0.124023,1.128906
0.303955,-0.461914,0.950562
-0.399292,0.087769,0.899170
0.576294,-0.210815,1.154541
-0.236816,-0.229736,0.853638
0.051880,0.188110,1.102417
0.376343,-0.417725,1.001099
-0.416626,0.041382,0.881836
0.545166,-0.164551,1.166504
-0.174561,-0.284790,0.843384
0.009033,0.206055,1.119629
0.392456,-0.385620,0.993286
-0.422607,0.014404,0.862915
0.537231,-0.184570,1.156006
-0.088745,-0.319580,0.883545
-0.046753,0.207031,1.085571
0.420044,-0.376831,1.019165
-0.447998,-0.007080,0.848877
0.533203,-0.166626,1.168823
-0.059814,-0.321533,0.862671
-0.083374,0.193604,1.080933
0.429077,-0.338745,1.036621
-0.474976,-0.024902,0.819092
0.514038,-0.161011,1.171021
-0.044434,-0.356812,0.856812
-0.125122,0.197876,1.064697
0.440430,-0.355713,1.013550
-0.461914,-0.006592,0.823486
0.481201,-0.129028,1.171509
-0.028198,-0.359619,0.867554
-0.175049,0.198608,1.036133
0.456177,-0.320801,1.035156
-0.461426,-0.030029,0.822388
0.438232,-0.119995,1.152832
-0.032593,-0.339600,0.871582
-0.211182,0.196899,1.038208
0.476196,-0.310791,1.057739
-0.490479,-0.039429,0.793457
0.409180,-0.100342,1.155518
0.008179,-0.362549,0.875244
-0.271973,0.201782,0.992798
0.481323,-0.295044,1.066650
-0.459839,-0.077881,0.780273
0.337524,-0.072266,1.127319
0.033691,-0.370728,0.871338
-0.312378,0.177612,0.979126
0.501587,-0.297119,1.052856
-0.437866,-0.086060,0.784302
0.261841,-0.003174,1.116821
0.097168,-0.399292,0.874878
-0.374390,0.135376,0.919922
0.511108,-0.287598,1.079102
-0.409424,-0.137329,0.765991
0.183838,0.060547,1.095215
0.165771,-0.389771,0.887085
-0.430542,0.136230,0.891357
0.498779,-0.246704,1.076538
-0.377563,-0.196167,0.781860
0.091187,0.082031,1.049805
0.221069,-0.401001,0.910400
-0.476685,0.078003,0.833740
0.499146,-0.222412,1.087158
-0.261841,-0.256470,0.797607
-0.012573,0.137085,1.036011
0.258667,-0.389771,0.897217
-0.491577,0.026733,0.819946
0.471924,-0.198486,1.081299
-0.198730,-0.304688,0.767212
-0.102051,0.144897,0.999023
0.303711,-0.350952,0.927246
-0.530762,-0.019653,0.767578
0.453003,-0.191650,1.098999
-0.163452,-0.370117,0.743164
-0.200684,0.170044,0.971191
0.351440,-0.341064,0.939209
-0.540283,0.006470,0.773926
0.384277,-0.150024,1.079224
-0.131226,-0.373047,0.766724
-0.285767,0.174561,0.937500
0.388916,-0.326782,0.977539
-0.542969,-0.023560,0.750610
0.285156,-0.080811,1.057495
-0.056396,-0.374268,0.794434
-0.347046,0.140503,0.915771
0.417358,-0.319458,0.986206
-0.520508,-0.049438,0.725586
0.199097,0.009766,1.055176
0.020508,-0.378906,0.824463
-0.435669,0.174072,0.894409
0.428467,-0.274048,1.015503
-0.512329,-0.130127,0.711304
0.115356,0.047119,1.031250
0.086182,-0.410278,0.840210
-0.501831,0.134766,0.850220
0.438965,-0.253662,1.021362
-0.441528,-0.153687,0.718262
0.038208,0.108521,1.018799
0.144531,-0.398438,0.839966
-0.547607,0.109497,0.809692
0.457397,-0.254150,1.020508
-0.367188,-0.211548,0.723633
-0.028198,0.142212,1.002197
0.210083,-0.396729,0.870117
-0.590088,0.104248,0.776489
0.436523,-0.220215,1.024292
-0.268677,-0.316406,0.708984
-0.110107,0.161133,0.979614
0.261597,-0.391968,0.876343
-0.597778,0.070557,0.758423
0.413940,-0.192505,1.027100
-0.219604,-0.333984,0.712769
-0.194214,0.165039,0.956543
0.310181,-0.386719,0.890625
-0.608276,0.051758,0.744995
0.376587,-0.174194,1.030273
-0.166382,-0.363892,0.717163
-0.266479,0.168091,0.910767
0.329712,-0.335205,0.909180
-0.597046,0.006714,0.719604
0.344727,-0.163940,1.014038
-0.117432,-0.385010,0.738159
-0.352295,0.201294,0.893921
0.372192,-0.329956,0.926636
-0.561401,-0.014038,0.709106
0.256714,-0.055420,1.026611
-0.061768,-0.403687,0.744141
-0.427002,0.231079,0.879883
0.398682,-0.310303,0.943115
-0.537354,-0.078369,0.705444
0.175293,-0.007812,1.011597
0.004272,-0.402344,0.786499
-0.498291,0.207031,0.843018
0.416382,-0.250854,0.970947
-0.460449,-0.145386,0.715576
0.075928,0.083984,1.010620
0.091309,-0.404419,0.814941
-0.559937,0.204590,0.826904
0.426758,-0.237915,0.977783
-0.382690,-0.179565,0.741455
0.010254,0.130249,1.010864
0.181763,-0.403320,0.848389
-0.599243,0.181274,0.794556
0.421753,-0.188721,1.013550
-0.260498,-0.262817,0.736328
-0.075562,0.160278,0.992554
0.234863,-0.389038,0.865112
-0.604736,0.154297,0.773560
0.420654,-0.173706,0.999878
-0.194824,-0.317627,0.721313
-0.154541,0.183716,0.954346
0.303345,-0.364624,0.886963
-0.606934,0.101807,0.744141
0.403931,-0.135010,1.014282
-0.143799,-0.346313,0.733887
-0.224365,0.175049,0.927979
0.373901,-0.365112,0.920654
-0.601440,0.094116,0.742432
0.341309,-0.092041,1.000977
-0.084839,-0.365723,0.744019
-0.289917,0.171509,0.889404
0.397583,-0.323120,0.937134
-0.556396,0.023071,0.735474
0.257080,-0.026367,0.985718
-0.035767,-0.402832,0.737549
-0.351562,0.161011,0.864014
0.416748,-0.298218,0.942749
-0.532715,-0.029907,0.723999
0.193604,0.019287,0.991211
0.016724,-0.401001,0.766968
-0.417114,0.155396,0.828857
0.437012,-0.272217,0.970459
-0.496826,-0.086548,0.727905
0.147217,0.058350,1.013428
0.048462,-0.398438,0.788696
-0.468872,0.198730,0.827393
0.455933,-0.248169,0.979126
-0.461060,-0.063721,0.754883
0.119751,0.038208,1.013184
0.114258,-0.445312,0.807373
-0.531006,0.213989,0.807861
0.443726,-0.202393,0.976562
-0.381470,-0.106201,0.763672
0.045288,0.134888,1.022827
0.169067,-0.437012,0.830933
-0.555664,0.157349,0.782227
0.446289,-0.224854,0.984741
-0.298462,-0.182251,0.765747
-0.041504,0.204346,1.017578
0.233765,-0.405273,0.854248
-0.580811,0.104858,0.754883
0.448853,-0.212769,1.009521
-0.219727,-0.240112,0.772095
-0.125854,0.215088,0.965454
0.301758,-0.392212,0.887085
-0.580811,0.060669,0.739990
0.427734,-0.192505,1.026123
-0.115601,-0.306641,0.793213
-0.192505,0.204102,0.941528
0.343018,-0.350464,0.902100
-0.562866,0.061401,0.755371
0.375000,-0.141602,1.007202
-0.042480,-0.400757,0.775635
-0.253906,0.184570,0.894165
0.392578,-0.306519,0.939575
-0.543457,-0.023682,0.721436
0.290039,-0.085327,0.990845
0.021240,-0.475220,0.754272
-0.328369,0.159058,0.863892
0.437012,-0.301758,0.960449
-0.493774,-0.063721,0.738403
0.188599,0.012695,1.002808
0.081665,-0.448608,0.781982
-0.427734,0.099731,0.798096
0.457031,-0.309204,0.986328
-0.441406,-0.135986,0.740356
0.120850,0.091431,1.018921
0.127075,-0.419922,0.789185
-0.484985,0.120483,0.790649
0.469238,-0.338501,0.981934
-0.392822,-0.187012,0.760498
0.050171,0.093994,1.006104
0.184814,-0.431396,0.828125
-0.528564,0.108398,0.766479
0.487061,-0.288940,1.002686
-0.303223,-0.211670,0.792236
-0.049438,0.139160,1.006104
0.263062,-0.476562,0.854370
-0.531982,0.049683,0.745361
0.465210,-0.219482,1.030884
-0.244507,-0.186157,0.790527
-0.110962,0.204834,0.994995
0.326416,-0.500854,0.882568
-0.524658,0.003662,0.760620
0.419556,-0.177490,1.038086
-0.167114,-0.230225,0.804077
-0.164795,0.199463,0.968628
0.372192,-0.435547,0.925903
-0.524536,-0.022827,0.771606
0.389282,-0.167725,1.042480
-0.076416,-0.341309,0.805176
-0.211182,0.164185,0.940308
0.399780,-0.383423,0.957031
-0.509033,-0.039795,0.768921
0.348511,-0.135376,1.024658
0.005859,-0.419434,0.814209
-0.273560,0.135010,0.904419
0.446045,-0.379150,0.980103
-0.451660,-0.119263,0.742798
0.154541,0.081543,1.038574
0.060181,-0.410522,0.815063
-0.447021,0.106445,0.788696
0.480103,-0.343872,0.982300
-0.411743,-0.180298,0.760376
0.088989,0.093872,1.026978
0.156250,-0.432251,0.820801
-0.496948,0.122681,0.781738
0.464844,-0.270386,1.002686
-0.334473,-0.188110,0.777832
0.009399,0.117798,1.016235
0.233887,-0.485107,0.842896
-0.526367,0.057739,0.755005
0.451294,-0.233887,1.014893
-0.253174,-0.228271,0.791016
-0.074707,0.170654,1.004639
0.294312,-0.463135,0.884277
-0.526489,0.024414,0.751587
0.428223,-0.200562,1.021851
-0.171997,-0.245605,0.800537
-0.129028,0.173950,0.987183
0.353271,-0.434204,0.919434
-0.524902,0.006348,0.759766
0.388550,-0.134888,1.033691
-0.062134,-0.327515,0.805298
-0.201660,0.163574,0.953003
0.412231,-0.415771,0.959473
-0.522095,-0.070312,0.738525
0.340698,-0.102295,1.025146
0.046265,-0.413208,0.811035
-0.291870,0.193481,0.932251
0.450195,-0.387939,0.977539
-0.477173,-0.123535,0.758423
0.266968,-0.083618,1.024048
0.088013,-0.439575,0.814453
-0.343628,0.137329,0.871216
0.490601,-0.311035,1.023071
-0.421631,-0.126953,0.783569
0.164429,-0.012695,1.017700
0.152100,-0.488770,0.824951
-0.416382,0.089355,0.832397
0.502563,-0.264771,1.052979
-0.337280,-0.177490,0.784668
0.064453,0.107910,1.044678
0.272339,-0.521362,0.863037
-0.475220,0.083496,0.806885
0.491089,-0.274048,1.040283
-0.245972,-0.242188,0.793823
-0.022217,0.170166,1.043701
0.333496,-0.478516,0.923096
-0.493408,0.057983,0.797363
0.471924,-0.204224,1.070190
-0.183472,-0.272461,0.802002
-0.068115,0.196777,1.061646
0.385254,-0.436157,0.959717
-0.514648,0.040527,0.804932
0.449463,-0.176025,1.081665
-0.079346,-0.338257,0.829712
-0.125366,0.194092,1.038452
0.419678,-0.392090,0.987793
-0.489380,-0.008301,0.799194
0.434570,-0.153564,1.090332
0.005493,-0.380981,0.860229
-0.164062,0.159180,1.012207
0.458374,-0.334351,1.028076
-0.451904,-0.039673,0.799561
0.382324,-0.072021,1.109131
0.064697,-0.402100,0.862671
-0.215942,0.166382,1.004883
0.498657,-0.356323,1.043823
-0.435547,-0.079224,0.800659
0.350342,-0.071655,1.085571
0.097412,-0.385986,0.888550
-0.265503,0.179565,0.976318
0.520386,-0.273682,1.088867
-0.393311,-0.167847,0.797607
0.298218,-0.018677,1.102661
0.128296,-0.386597,0.905762
-0.316406,0.164185,0.955444
0.554077,-0.279053,1.112305
-0.375977,-0.193359,0.789429
0.242676,0.001221,1.093140
0.217896,-0.415405,0.936157
-0.349365,0.146118,0.920654
0.565918,-0.258545,1.118286
-0.338623,-0.187378,0.817749
0.197998,0.023804,1.091919
0.267700,-0.433228,0.956787
-0.384155,0.089722,0.867554
0.565552,-0.214111,1.133667
-0.263062,-0.192505,0.847046
0.108765,0.105713,1.096436
0.322998,-0.473511,0.953003
-0.400513,0.081299,0.878540
0.575195,-0.193604,1.142456
-0.212646,-0.200684,0.864990
0.015991,0.176025,1.089478
0.389282,-0.427734,0.997803
-0.403809,0.035522,0.880737
0.535889,-0.165283,1.153442
-0.146973,-0.245972,0.873413
-0.036011,0.204468,1.084473
0.437134,-0.375244,1.036255
-0.419312,-0.026855,0.844116
0.495850,-0.103149,1.166748
0.007690,-0.333862,0.898560
-0.118530,0.210571,1.068481
0.470947,-0.336670,1.060181
-0.429077,-0.062256,0.831787
0.449585,-0.081177,1.173462
0.041016,-0.339966,0.903320
-0.194580,0.218994,1.052368
0.527344,-0.303711,1.098389
-0.414917,-0.083618,0.827637
0.375732,-0.027832,1.158936
0.106689,-0.362915,0.927979
-0.259033,0.208740,1.031128
0.553101,-0.283081,1.117920
-0.382935,-0.135742,0.824097
0.301880,0.001587,1.138062
0.163818,-0.371094,0.936279
-0.322632,0.147217,0.941528
0.584961,-0.263062,1.136719
-0.336304,-0.182739,0.822754
0.205933,0.063599,1.136475
0.251587,-0.424683,0.956421
-0.389282,0.119873,0.909668
0.566040,-0.225220,1.139648
-0.275757,-0.224731,0.843750
0.116211,0.108765,1.117188
0.311523,-0.424438,0.968384
-0.425903,0.097412,0.880615
0.554810,-0.168945,1.150635
-0.214966,-0.275879,0.829224
0.023315,0.150757,1.096191
0.363647,-0.426636,0.969849
-0.449951,0.063354,0.878906
0.538452,-0.172119,1.143066
-0.132812,-0.274414,0.856934
-0.027222,0.177612,1.087402
0.368164,-0.379028,0.988037
-0.462036,0.014404,0.843994
0.530762,-0.167847,1.156494
-0.088501,-0.320312,0.843872
-0.096069,0.169922,1.054077
0.402954,-0.362671,0.989136
-0.487671,0.010620,0.827026
0.492188,-0.157471,1.146240
-0.061646,-0.341309,0.844482
-0.164673,0.200195,1.041382
0.424927,-0.345581,1.002686
-0.476685,-0.031128,0.809692
0.453735,-0.109985,1.151611
-0.060181,-0.317017,0.833130
-0.231079,0.199097,1.013306
0.450928,-0.328735,1.024414
-0.482300,-0.060547,0.785522
0.407959,-0.109985,1.132446
-0.044067,-0.342163,0.839844
-0.283813,0.203247,0.993042
0.478638,-0.310669,1.045288
-0.468506,-0.098511,0.762207
0.337769,-0.063599,1.119263
0.004395,-0.360474,0.850098
-0.317993,0.172607,0.952759
0.468262,-0.284546,1.042847
-0.452759,-0.130127,0.753662
0.285522,-0.056885,1.105713
0.065796,-0.380737,0.868042
-0.386719,0.173950,0.919312
0.479614,-0.285156,1.044434
-0.436157,-0.156250,0.754395
0.195312,0.007202,1.076782
0.118164,-0.408691,0.876465
-0.444824,0.127319,0.869141
0.489746,-0.231567,1.075195
-0.390869,-0.190308,0.771240
0.082275,0.087524,1.066040
0.175781,-0.431519,0.880005
-0.481201,0.080200,0.849365
0.480591,-0.235718,1.072144
-0.329468,-0.198975,0.775024
0.007202,0.122437,1.035522
0.234619,-0.399780,0.892822
-0.526123,0.049438,0.803955
0.468140,-0.236206,1.060425
-0.242798,-0.284790,0.756470
-0.073608,0.163940,1.009521
0.272949,-0.381714,0.900513
-0.536255,0.026367,0.782227
0.446655,-0.207886,1.056519
-0.201782,-0.342651,0.727905
-0.151733,0.165039,0.974609
0.306641,-0.375122,0.901733
-0.556396,-0.012085,0.755005
0.419067,-0.190308,1.065063
-0.180542,-0.350952,0.743408
-0.236328,0.182007,0.957764
0.365479,-0.361572,0.937988
-0.579102,0.036743,0.766602
0.366943,-0.176636,1.046143
-0.139282,-0.378906,0.748901
-0.284790,0.156982,0.919189
0.375854,-0.346680,0.948486
-0.570068,0.011841,0.730591
0.307983,-0.109253,1.048340
-0.104736,-0.352661,0.781250
-0.367432,0.163330,0.890869
0.392944,-0.361694,0.937866
-0.537842,-0.037354,0.705444
0.253296,-0.023682,1.042236
-0.071167,-0.324463,0.805054
-0.406494,0.199707,0.914185
0.432007,-0.374390,0.967407
-0.578613,-0.038940,0.705933
0.188599,-0.012085,1.008667
0.005005,-0.385498,0.800537
-0.469116,0.209473,0.870850
0.415649,-0.302368,0.972534
-0.518433,-0.125488,0.704834
0.143066,0.017944,1.004517
0.042236,-0.392822,0.809937
-0.519409,0.207275,0.852783
0.424316,-0.266235,0.988892
-0.469971,-0.149536,0.718262
0.064941,0.063232,1.008179
0.104370,-0.405396,0.839722
-0.548950,0.168213,0.824951
0.422485,-0.230835,1.004517
-0.394043,-0.177856,0.733765
0.007202,0.140503,1.023438
0.151489,-0.409302,0.829468
-0.581421,0.149658,0.805420
0.447632,-0.255981,1.003662
-0.331909,-0.222168,0.725220
-0.056763,0.161743,0.993896
0.209351,-0.380127,0.847168
-0.611084,0.126099,0.773193
0.448853,-0.251831,1.017822
-0.251831,-0.326172,0.705811
-0.114624,0.192139,0.980713
0.260254,-0.390991,0.848511
-0.622681,0.125000,0.749023
0.432251,-0.222534,1.010010
-0.202393,-0.308472,0.729980
-0.179077,0.200317,0.956421
0.307983,-0.374756,0.887695
-0.623169,0.075684,0.736938
0.405640,-0.211670,1.001221
-0.172974,-0.351685,0.724731
-0.215698,0.193604,0.925415
0.335205,-0.358154,0.899536
-0.619507,0.089233,0.726440
0.392456,-0.176880,1.016235
-0.136719,-0.336182,0.743042
-0.261353,0.175171,0.899780
0.350830,-0.338501,0.902100
-0.610229,0.060303,0.714111
0.358887,-0.127075,1.020752
-0.101807,-0.390503,0.725586
-0.275146,0.208984,0.907349
0.363770,-0.328491,0.905884
-0.602417,0.058838,0.723267
0.311768,-0.115845,0.979736
-0.057861,-0.382690,0.751831
-0.307373,0.178223,0.879395
0.375977,-0.301758,0.927979
-0.598877,0.045776,0.697266
0.298218,-0.083008,0.995972
-0.047852,-0.396973,0.752319
-0.350342,0.192383,0.877686
0.402710,-0.309448,0.932495
-0.568359,0.018921,0.718140
0.251953,-0.059814,0.979492
-0.019287,-0.403442,0.751465
-0.364258,0.192627,0.868042
0.415649,-0.285034,0.937988
-0.565674,-0.013306,0.703613
0.218262,-0.039673,0.988525
0.005615,-0.420044,0.762085
-0.401733,0.190063,0.852051
0.419189,-0.250366,0.953979
-0.510742,-0.053223,0.726562
0.167847,0.006958,0.996704
0.054688,-0.433105,0.785400
-0.458374,0.185791,0.831177
0.438599,-0.237671,0.972290
-0.464233,-0.035278,0.750732
0.099121,0.087524,1.005005
0.102783,-0.436279,0.803101
-0.505127,0.151978,0.814453
0.456421,-0.218140,0.998657
-0.415771,-0.090942,0.749268
0.044312,0.166870,1.011719
0.164429,-0.418823,0.825317
-0.550659,0.130493,0.785034
0.456055,-0.232056,1.008423
-0.315918,-0.163452,0.767700
-0.030151,0.203247,1.002808
0.218628,-0.396240,0.840942
-0.593872,0.105103,0.758179
0.471558,-0.234619,1.021484
-0.239990,-0.226196,0.771851
-0.099731,0.250854,0.982910
0.266968,-0.357178,0.876831
-0.587646,0.080078,0.741333
0.449951,-0.229980,1.024048
-0.173950,-0.309082,0.767944
-0.129395,0.202637,0.960693
0.308105,-0.346802,0.895264
-0.600220,0.089478,0.753418
0.422119,-0.223145,1.012329
-0.109619,-0.389160,0.767212
-0.164795,0.190430,0.937500
0.331543,-0.314331,0.908447
-0.576172,0.079956,0.757202
0.382568,-0.193115,1.004517
-0.057983,-0.436768,0.767822
-0.219849,0.168579,0.910767
0.373779,-0.318726,0.918213
-0.561890,0.057861,0.745605
0.338257,-0.129761,1.000854
-0.008057,-0.394775,0.792603
-0.291382,0.132324,0.863403
0.405029,-0.323853,0.945801
-0.532471,0.003296,0.743408
0.279785,-0.046509,0.999634
0.029785,-0.430420,0.767944
-0.338135,0.130249,0.847290
0.433472,-0.339111,0.958130
-0.505737,-0.067383,0.742676
0.215332,-0.020264,1.001587
0.074585,-0.453369,0.783447
-0.393066,0.142334,0.822998
0.455078,-0.322266,0.965454
-0.470825,-0.109375,0.741455
0.166626,0.007324,1.010254
0.107422,-0.470093,0.792725
-0.452271,0.125977,0.793701
0.467041,-0.286133,0.983154
-0.397583,-0.127563,0.766235
0.087769,0.083862,1.021362
0.157715,-0.473999,0.809937
-0.497925,0.081787,0.775757
0.456909,-0.290161,0.989624
-0.329712,-0.200562,0.774780
0.005371,0.137695,1.016968
0.240967,-0.440308,0.856934
-0.525391,0.064697,0.745605
0.451172,-0.248169,1.015381
-0.250610,-0.225708,0.799561
-0.071899,0.147095,1.001831
0.299072,-0.468262,0.877441
-0.541870,0.031860,0.748535
0.423950,-0.176514,1.038086
-0.138184,-0.260010,0.813110
-0.146851,0.183228,0.979614
0.358032,-0.446045,0.916016
-0.530029,-0.020996,0.760132
0.392944,-0.158081,1.047119
-0.052856,-0.356567,0.805542
-0.218262,0.180176,0.951782
0.422363,-0.411011,0.954834
-0.487793,-0.038330,0.774658
0.322998,-0.083740,1.012817
0.028198,-0.398071,0.809570
-0.269287,0.133545,0.917603
0.454956,-0.379150,1.000122
-0.496582,-0.108765,0.750000
0.259766,-0.060791,1.023193
0.084229,-0.454590,0.792358
-0.343018,0.134277,0.881348
0.493896,-0.304688,1.027710
-0.422241,-0.131592,0.778687
0.175659,-0.000732,1.027222
0.148193,-0.459839,0.840942
-0.400513,0.071777,0.822876
0.494751,-0.263184,1.053223
-0.354858,-0.213013,0.760864
0.105835,0.074097,1.055908
0.238770,-0.489380,0.860718
-0.464355,0.070923,0.794556
0.520020,-0.266846,1.057129
-0.268799,-0.209839,0.817505
0.000488,0.127197,1.031494
0.301514,-0.495605,0.895996
-0.473389,0.037109,0.786499
0.495117,-0.187134,1.092896
-0.182617,-0.234375,0.839233
-0.079224,0.209595,1.063232
0.368774,-0.464600,0.940430
-0.490356,0.038696,0.810303
0.468262,-0.169556,1.088745
-0.095093,-0.267212,0.866211
-0.129883,0.211304,1.037842
0.406982,-0.418823,0.974609
-0.469727,-0.041748,0.786499
0.440063,-0.135376,1.100098
-0.001831,-0.327026,0.879517
-0.187378,0.253906,1.039551
0.449829,-0.384277,0.995972
-0.452637,-0.082031,0.786621
0.390747,-0.113647,1.103271
0.074463,-0.363892,0.896240
-0.209961,0.190063,1.003662
0.477417,-0.325928,1.038452
-0.426514,-0.103882,0.797363
0.348877,-0.071655,1.105591
0.097168,-0.408203,0.875610
-0.261230,0.202759,1.015259
0.515259,-0.282349,1.075317
-0.411255,-0.105225,0.797607
0.275513,-0.011475,1.106934
0.182373,-0.455688,0.902710
-0.332153,0.162109,0.955566
0.555908,-0.260254,1.111938
-0.373779,-0.141968,0.810913
0.193726,0.059448,1.092896
0.252441,-0.463745,0.927734
-0.353271,0.102417,0.905518
0.564453,-0.226074,1.128174
-0.309082,-0.172852,0.815796
0.114014,0.112671,1.071167
0.317871,-0.466187,0.949463
-0.393311,0.029297,0.865967
0.555420,-0.193481,1.156372
-0.224854,-0.214722,0.846680
0.021851,0.200806,1.096558
0.372437,-0.435425,0.980469
-0.432495,0.013916,0.860107
0.545166,-0.198975,1.167114
-0.132935,-0.251831,0.876953
-0.014893,0.231812,1.107300
0.381592,-0.342041,1.005249
-0.456543,0.002075,0.854858
0.539795,-0.216431,1.166626
-0.017700,-0.363770,0.902344
-0.098877,0.219727,1.084351
0.441040,-0.327881,1.038086
-0.454346,-0.019531,0.837280
0.479004,-0.145020,1.167969
0.044312,-0.391357,0.892944
-0.142334,0.222778,1.088379
0.476562,-0.293335,1.061035
-0.464844,-0.000366,0.826782
0.412354,-0.106079,1.145264
0.080811,-0.440552,0.907837
-0.208618,0.168701,1.049072
0.512207,-0.243286,1.120483
-0.414307,-0.085449,0.807983
0.350464,0.004517,1.161865
0.139282,-0.421265,0.915039
-0.299316,0.174805,1.016846
0.571899,-0.277466,1.138550
-0.376953,-0.126953,0.823730
0.234619,0.075562,1.126831
0.236694,-0.433960,0.949097
-0.355713,0.065186,0.919189
0.595215,-0.234741,1.185425
-0.290039,-0.209961,0.834473
0.124268,0.167236,1.118042
0.281860,-0.408691,0.947876
-0.413208,0.070068,0.884399
0.594360,-0.241821,1.174805
-0.227539,-0.289917,0.847168
0.059204,0.158447,1.100464
0.333008,-0.401611,0.971313
-0.431396,0.072754,0.873047
0.548950,-0.179199,1.157837
-0.170288,-0.269043,0.860840
0.002197,0.178345,1.101685
0.391724,-0.424561,0.984985
-0.465942,0.051636,0.860474
0.529419,-0.168091,1.145508
-0.071899,-0.299561,0.856812
-0.056641,0.184937,1.081055
0.397461,-0.350342,1.019897
-0.463989,-0.036011,0.821411
0.512451,-0.138794,1.164795
-0.043823,-0.316284,0.847168
-0.129028,0.211060,1.067871
0.421021,-0.310913,1.019287
-0.471313,-0.043945,0.804199
0.469849,-0.158936,1.155396
-0.023804,-0.339600,0.876343
-0.203735,0.218872,1.038818
0.466064,-0.296265,1.060669
-0.489014,-0.042114,0.792725
0.391602,-0.102783,1.140503
0.028931,-0.381470,0.875854
-0.265625,0.178711,0.990723
0.487183,-0.285889,1.076782
-0.457153,-0.058716,0.784668
0.310059,-0.027100,1.122314
0.073120,-0.375610,0.893311
-0.322754,0.131226,0.957764
0.515259,-0.297241,1.082153
-0.417480,-0.110474,0.786499
0.223511,0.065674,1.111206
0.142700,-0.395142,0.893921
-0.391235,0.114136,0.908691
0.508423,-0.267090,1.075684
-0.385254,-0.186646,0.781860
0.157471,0.073486,1.096313
0.184814,-0.397461,0.901855
-0.448364,0.125000,0.866089
0.511963,-0.239990,1.084229
-0.349121,-0.232300,0.773560
0.078857,0.066650,1.062378
0.233276,-0.419800,0.907349
-0.481201,0.093018,0.850708
0.509888,-0.205444,1.098755
-0.261597,-0.234863,0.793823
0.001099,0.147339,1.064697
0.263672,-0.413208,0.896973
-0.511719,0.048218,0.814331
0.502319,-0.227051,1.085815
-0.214600,-0.294067,0.777222
-0.075073,0.140503,1.014771
0.308716,-0.377930,0.924072
-0.520020,0.005859,0.785156
0.470337,-0.202271,1.089966
-0.177856,-0.322998,0.761353
-0.152222,0.156372,0.987183
0.352295,-0.348877,0.942505
-0.549072,-0.000610,0.775024
0.426880,-0.212646,1.084839
-0.153320,-0.359375,0.768555
-0.244873,0.156738,0.956177
0.376831,-0.338501,0.968262
-0.540039,-0.003296,0.749023
0.343750,-0.103027,1.080933
-0.094116,-0.347900,0.794678
-0.321167,0.175293,0.932739
0.427002,-0.352661,0.996460
-0.539185,-0.063843,0.725342
0.248657,-0.041016,1.059082
-0.024414,-0.372192,0.806641
-0.406372,0.181274,0.908325
0.446533,-0.318604,1.016113
-0.502686,-0.104370,0.731689
0.166382,0.033569,1.047363
0.038208,-0.408813,0.797974
-0.465576,0.147217,0.856201
0.456299,-0.283203,1.028931
-0.469238,-0.138794,0.732788
0.076416,0.055908,1.024048
0.126709,-0.426758,0.833618
-0.531982,0.163208,0.826172
0.455078,-0.239258,1.022217
-0.363403,-0.212646,0.752441
-0.008789,0.097534,1.005493
0.181274,-0.424927,0.851318
-0.564331,0.081543,0.792847
0.453735,-0.228149,1.044922
-0.281128,-0.269897,0.726929
-0.118774,0.177368,0.979248
0.259155,-0.378052,0.881104
-0.576172,0.021729,0.755493
0.421509,-0.212158,1.034668
-0.234131,-0.343750,0.698975
-0.215088,0.181519,0.946655
0.337402,-0.391235,0.910156
-0.589111,0.047241,0.747437
0.358887,-0.132568,1.041504
-0.172974,-0.342529,0.721191
-0.266968,0.162231,0.922241
0.365967,-0.386108,0.921631
-0.596802,-0.008911,0.719482
0.302490,-0.092041,1.018921
-0.108643,-0.368652,0.726318
-0.349487,0.201416,0.902588
0.391113,-0.355835,0.940918
-0.567627,-0.047119,0.708496
0.226807,-0.059692,1.016968
-0.055176,-0.410400,0.753296
-0.435791,0.210571,0.871216
0.420532,-0.312866,0.968384
-0.539062,-0.056152,0.716187
0.126343,0.021851,1.008301
0.038696,-0.413208,0.796387
-0.513306,0.198975,0.851562
0.421265,-0.261230,0.993530
-0.473022,-0.103638,0.723633
0.049072,0.086060,1.006836
0.132690,-0.403320,0.833496
-0.570068,0.167969,0.826660
0.423584,-0.217896,0.998535
-0.336426,-0.223999,0.738647
-0.037598,0.151001,0.989990
0.194580,-0.398682,0.848999
-0.605957,0.152588,0.782349
0.437744,-0.216309,1.004883
-0.240112,-0.293213,0.725830
-0.104980,0.174438,0.973999
0.251709,-0.348755,0.880981
-0.618774,0.125366,0.749512
0.420654,-0.184692,1.012451
-0.186768,-0.352173,0.726318
-0.186401,0.194946,0.948975
0.319092,-0.366455,0.887817
-0.621216,0.113647,0.739624
0.368896,-0.141846,1.001587
-0.136353,-0.339355,0.734009
-0.270020,0.192505,0.913330
0.364746,-0.368774,0.915771
-0.585449,0.019897,0.734497
0.325317,-0.073120,1.028931
-0.098877,-0.390869,0.712891
-0.341064,0.215210,0.880371
0.394409,-0.321777,0.926147
-0.552734,-0.008545,0.729248
0.260742,-0.053467,1.000732
-0.044312,-0.399292,0.751953
-0.407227,0.207764,0.852173
0.412354,-0.284058,0.949951
-0.521362,-0.031616,0.725830
0.181519,-0.006592,0.997681
0.018799,-0.409668,0.770264
-0.459106,0.205688,0.850952
0.433594,-0.236084,0.975220
-0.467285,-0.064209,0.745483
0.084839,0.094604,1.004883
0.100098,-0.408569,0.810181
-0.537231,0.172974,0.814941
0.453979,-0.233887,0.991821
-0.378052,-0.121826,0.760376
0.011353,0.168091,1.021484
0.190552,-0.405273,0.842041
-0.584961,0.142090,0.781616
0.444458,-0.197876,1.010620
-0.247681,-0.236694,0.753174
-0.094849,0.206421,0.983643
0.265259,-0.378174,0.872559
-0.589233,0.113647,0.761841
0.419067,-0.162109,1.023315
-0.149048,-0.321899,0.752563
-0.185181,0.203247,0.946289
0.347290,-0.366333,0.904053
-0.579834,0.094360,0.764160
0.360840,-0.091797,1.021240
-0.088623,-0.362915,0.741821
-0.276245,0.175781,0.882080
0.403320,-0.364624,0.934814
-0.551880,-0.004150,0.754395
0.277222,-0.027710,0.998779
-0.001221,-0.394409,0.734375
-0.380249,0.207153,0.840576
0.431885,-0.294189,0.949341
-0.501709,-0.113281,0.741577
0.189453,-0.028564,0.981445
0.046021,-0.397827,0.776123
-0.461304,0.203979,0.811279
0.443970,-0.233154,0.976562
-0.418091,-0.142822,0.751709
0.073364,0.070557,1.001465
0.119385,-0.441528,0.800415
-0.520264,0.138306,0.787842
0.451294,-0.215454,0.987671
-0.320068,-0.135986,0.771851
-0.031982,0.183105,1.009155
0.226562,-0.422729,0.848267
-0.570190,0.076050,0.762939
0.448730,-0.221436,1.021240
-0.215210,-0.272949,0.750488
-0.134399,0.229980,0.972290
0.326782,-0.378906,0.905151
-0.563965,0.068359,0.759766
0.305664,-0.052856,1.011108
-0.077759,-0.358032,0.768677
-0.332397,0.181274,0.871216
0.403076,-0.309814,0.940918
-0.541016,-0.021118,0.714600
0.220825,-0.011353,0.982666
0.011108,-0.420410,0.753296
-0.438232,0.189575,0.842285
0.434204,-0.279541,0.957642
-0.459106,-0.080322,0.751709
0.120361,0.092896,1.014526
0.079468,-0.390625,0.797852
-0.513550,0.152832,0.795898
0.461548,-0.254395,0.994263
-0.383179,-0.155640,0.745239
0.031982,0.152710,1.012939
0.170776,-0.383179,0.833130
-0.557007,0.132690,0.782959
0.452515,-0.223755,1.004517
-0.271729,-0.236206,0.749756
-0.064453,0.162964,0.982666
0.268433,-0.398682,0.872070
-0.587158,0.129395,0.759521
0.426147,-0.161865,1.011475
-0.150879,-0.286255,0.774902
-0.150757,0.172363,0.944580
0.325073,-0.393921,0.905884
-0.579224,0.116943,0.758179
0.392578,-0.111450,1.013306
-0.058716,-0.344971,0.773193
-0.251831,0.203857,0.917358
0.377686,-0.378784,0.919922
-0.538452,0.008179,0.762085
0.335815,-0.093750,0.985840
-0.037231,-0.363159,0.755859
-0.295776,0.181885,0.868408
0.419922,-0.314575,0.958130
-0.524902,-0.051270,0.737549
0.273315,-0.062866,0.993530
0.025635,-0.438110,0.760498
-0.358887,0.165405,0.839478
0.436768,-0.293213,0.960693
-0.507202,-0.069946,0.726318
0.195435,-0.021240,0.996582
0.066650,-0.480835,0.769531
-0.400757,0.148071,0.822998
0.450195,-0.269653,0.961548
-0.459229,-0.093262,0.742554
0.133301,0.067627,1.017090
0.102295,-0.467896,0.779907
-0.458496,0.106079,0.786987
0.467407,-0.283081,0.992920
-0.432617,-0.108032,0.757324
0.074463,0.080688,1.004272
0.143311,-0.472656,0.804810
-0.483887,0.103394,0.775879
0.478516,-0.231934,1.020264
-0.385864,-0.118652,0.765015
0.013550,0.118896,1.005127
0.215942,-0.510498,0.821533
-0.519409,0.067505,0.751587
0.485596,-0.243530,1.025879
-0.317627,-0.165894,0.782471
-0.053223,0.183960,1.012573
0.256958,-0.513672,0.828735
-0.512817,0.029175,0.751465
0.450562,-0.226929,1.029541
-0.242310,-0.207031,0.788940
-0.092529,0.203003,0.992920
0.302734,-0.406006,0.900146
-0.541260,-0.003784,0.752319
0.424805,-0.222046,1.030396
-0.155151,-0.285645,0.805054
-0.145874,0.209229,0.985107
0.332031,-0.393799,0.916016
-0.537964,0.028931,0.770508
0.405640,-0.186768,1.028320
-0.065674,-0.375854,0.806030
-0.182007,0.172363,0.976318
0.364380,-0.374268,0.936768
-0.544556,0.004028,0.751953
0.370605,-0.173218,1.014771
0.008179,-0.452148,0.794556
-0.224243,0.151001,0.952148
0.406738,-0.339600,0.955566
-0.531372,-0.003174,0.749634
0.317627,-0.105225,1.012329
0.055786,-0.430054,0.835938
-0.269165,0.090576,0.906250
0.441772,-0.324951,0.990601
-0.487305,-0.035400,0.745117
0.265625,-0.029907,1.032227
0.070801,-0.426392,0.809570
-0.294434,0.089600,0.898438
0.473755,-0.345093,1.010376
-0.486938,-0.113647,0.743530
0.233276,-0.043701,1.020996
0.113403,-0.454346,0.816895
-0.354370,0.123413,0.860718
0.469849,-0.287598,1.023438
-0.421631,-0.145630,0.765869
0.202759,-0.029297,1.037964
0.126587,-0.479248,0.806885
-0.383179,0.082153,0.839600
0.518066,-0.298828,1.042480
-0.392212,-0.125244,0.785400
0.111328,0.069580,1.034058
0.192871,-0.512451,0.838379
-0.381470,0.004639,0.814453
0.520264,-0.248413,1.086914
-0.359741,-0.174805,0.771973
0.061768,0.138062,1.045654
0.273193,-0.526611,0.872803
-0.429443,0.037476,0.822998
0.516846,-0.251221,1.081055
-0.293213,-0.207886,0.798096
0.019775,0.163452,1.037720
0.298096,-0.449829,0.912354
-0.450562,-0.000122,0.807007
0.514038,-0.238037,1.105103
-0.253662,-0.223389,0.819336
-0.038086,0.182983,1.034546
0.356445,-0.472168,0.924561
-0.453613,0.015625,0.809570
0.501709,-0.210083,1.102539
-0.199097,-0.246338,0.828979
-0.069946,0.191040,1.030273
0.378662,-0.436890,0.960205
-0.451660,0.000610,0.819946
0.498779,-0.156860,1.131836
-0.121460,-0.264648,0.857422
-0.125366,0.208008,1.027710
0.413940,-0.419800,0.976929
-0.447388,-0.046265,0.808960
0.470825,-0.149292,1.124023
-0.026733,-0.300293,0.891479
-0.168457,0.228027,1.031738
0.435303,-0.375977,1.002319
-0.434570,-0.071899,0.801758
0.439697,-0.127441,1.122803
0.049072,-0.344971,0.898071
-0.197144,0.219360,1.033691
0.470093,-0.336304,1.038940
-0.433350,-0.091431,0.808350
0.387695,-0.097046,1.119995
0.084473,-0.380493,0.901855
-0.229126,0.205322,1.018066
0.511719,-0.276978,1.080566
-0.414307,-0.121948,0.795288
0.331299,-0.062622,1.106323
0.124146,-0.412720,0.911133
-0.276611,0.161255,0.975952
0.540894,-0.245605,1.121338
-0.391113,-0.112183,0.807617
0.258301,0.001221,1.099121
0.196533,-0.443848,0.921021
-0.322998,0.145142,0.964600
0.563354,-0.262817,1.127686
-0.348022,-0.148315,0.825928
0.196167,0.065063,1.110352
0.262085,-0.444092,0.947388
-0.366699,0.101929,0.901611
0.559082,-0.230103,1.116699
-0.272095,-0.185425,0.844116
0.129395,0.104370,1.102173
0.318604,-0.431152,0.969482
-0.409180,0.070190,0.877563
0.555542,-0.213989,1.142944
-0.204834,-0.239746,0.858398
0.041748,0.191650,1.102661
0.384033,-0.404907,0.995239
-0.428467,0.036865,0.864746
0.536377,-0.165039,1.157715
-0.126587,-0.281860,0.869995
-0.034912,0.215576,1.090820
0.435059,-0.392822,1.022705
-0.454346,-0.010132,0.845825
0.526489,-0.174316,1.162476
-0.042725,-0.292725,0.899170
-0.074951,0.218994,1.088379
0.443604,-0.309204,1.045776
-0.457153,-0.030396,0.824097
0.497803,-0.155518,1.173218
0.017944,-0.376587,0.876343
-0.110718,0.210327,1.077637
0.476196,-0.288940,1.064819
-0.460205,-0.011230,0.826172
0.445190,-0.147827,1.154175
0.049683,-0.425537,0.895996
-0.192139,0.169922,1.041626
0.504517,-0.255859,1.113770
-0.443115,-0.052368,0.807983
0.395752,-0.067017,1.164795
0.100586,-0.426147,0.910278
-0.255249,0.189941,1.026978
0.531982,-0.270142,1.119507
-0.415771,-0.063965,0.814941
0.315674,-0.014526,1.136475
0.163574,-0.418335,0.940552
-0.299438,0.162964,0.990479
0.549561,-0.247070,1.138916
-0.352905,-0.150635,0.817993
0.239502,0.064819,1.132812
0.213989,-0.416260,0.939697
-0.345581,0.122803,0.943237
0.564331,-0.255249,1.140259
-0.322144,-0.188599,0.822144
0.170044,0.096069,1.110107
0.261108,-0.408813,0.950317
-0.389526,0.115845,0.913086
0.569702,-0.222168,1.153076
-0.276978,-0.239014,0.822021
0.102417,0.105713,1.105957
0.292725,-0.414307,0.957397
-0.423706,0.088257,0.877686
0.571289,-0.209229,1.152100
-0.223511,-0.260376,0.823853
0.024292,0.164917,1.093994
0.331299,-0.398926,0.968628
-0.457520,0.054932,0.861450
0.550659,-0.204102,1.139526
-0.130371,-0.315186,0.853027
-0.034424,0.177979,1.068237
0.353149,-0.351807,0.975098
-0.466309,-0.005249,0.822388
0.529297,-0.198730,1.147949
-0.096191,-0.353516,0.842407
-0.070923,0.146484,1.048828
0.375977,-0.339600,0.975342
-0.476196,-0.005127,0.802979
0.489380,-0.170166,1.154175
-0.058594,-0.365112,0.843506
-0.162964,0.181763,1.038696
0.412109,-0.329346,1.006958
-0.494263,-0.009033,0.795654
0.434814,-0.133911,1.138306
-0.032471,-0.375854,0.848633
-0.233398,0.192749,1.033936
0.461548,-0.303589,1.042847
-0.490845,-0.032349,0.766357
0.357178,-0.047363,1.136475
0.019653,-0.377441,0.870361
-0.298340,0.186890,0.993652
0.479736,-0.310303,1.042725
-0.468140,-0.069214,0.769043
0.307251,-0.036377,1.111694
0.059326,-0.355835,0.869873
-0.379395,0.191162,0.930786
0.508667,-0.301270,1.051880
-0.423462,-0.165283,0.767822
0.199951,0.023193,1.092896
0.130859,-0.391602,0.892578
-0.426758,0.142822,0.893799
0.508911,-0.253906,1.077515
-0.386963,-0.177734,0.776245
0.104858,0.101074,1.069214
0.196655,-0.406372,0.893677
-0.451660,0.070679,0.851196
0.504028,-0.235229,1.080933
-0.317261,-0.208252,0.784912
0.019165,0.140381,1.056641
0.228638,-0.386353,0.892334
-0.482178,0.014648,0.819946
0.489258,-0.234253,1.090576
-0.241699,-0.298828,0.779663
-0.037842,0.166260,1.036743
0.275391,-0.347534,0.911743
-0.531494,0.034912,0.789917
0.472168,-0.246338,1.081055
-0.175781,-0.372192,0.761597
-0.094482,0.143311,1.008545
0.287598,-0.361694,0.899902
-0.553101,0.017456,0.766113
0.457397,-0.229370,1.074097
-0.145630,-0.398682,0.760498
-0.192383,0.165527,0.975830
0.326294,-0.352295,0.922485
-0.553833,0.052734,0.772217
0.404175,-0.204956,1.054321
-0.139160,-0.369141,0.784668
-0.233032,0.140869,0.961060
0.363647,-0.340332,0.943970
-0.562744,0.062012,0.763428
0.358887,-0.114136,1.061279
-0.112183,-0.329468,0.798950
-0.292480,0.161255,0.947510
0.378052,-0.333740,0.964966
-0.558228,-0.028809,0.733154
0.315552,-0.106934,1.057251
-0.088745,-0.371338,0.786987
-0.358154,0.189453,0.914185
0.404541,-0.326782,0.972900
-0.532104,-0.030640,0.719971
0.234985,-0.011230,1.029907
-0.062378,-0.351318,0.790161
-0.372803,0.147705,0.914185
0.442627,-0.339600,0.997314
-0.532104,-0.061035,0.711548
0.172607,0.048584,1.032349
-0.026489,-0.344360,0.803955
-0.423340,0.137207,0.884277
0.443726,-0.332153,0.999756
-0.519653,-0.068359,0.721680
0.151489,0.062378,1.036377
0.022095,-0.365723,0.820068
-0.471069,0.164062,0.873413
0.421021,-0.303955,0.992798
-0.511108,-0.116455,0.702881
0.137573,0.041016,1.028564
0.052124,-0.406616,0.808350
-0.518921,0.198975,0.844727
0.428223,-0.260376,0.990723
-0.458740,-0.141724,0.726318
0.083984,0.066528,1.030396
0.084229,-0.442383,0.809204
-0.543213,0.166260,0.826660
0.430298,-0.258179,0.985474
-0.447144,-0.137695,0.724243
0.052734,0.089722,1.014160
0.143799,-0.428833,0.839478
-0.576782,0.179199,0.826416
0.427002,-0.234375,0.995483
-0.390259,-0.175171,0.732422
0.006592,0.137573,1.015991
0.172852,-0.452637,0.831421
-0.586914,0.159790,0.802734
0.429443,-0.223633,0.995361
-0.349365,-0.197388,0.726929
-0.030029,0.166260,1.009277
0.214600,-0.435059,0.851807
-0.597290,0.130981,0.782471
0.429932,-0.209717,1.003540
-0.296753,-0.212524,0.747192
-0.090210,0.188232,0.980957
0.255859,-0.416260,0.873047
-0.611938,0.112549,0.770020
0.395386,-0.178833,1.006714
-0.261353,-0.287476,0.714844
-0.123657,0.167236,0.969971
0.270508,-0.400635,0.866089
-0.614624,0.116577,0.766357
0.411499,-0.185059,1.030273
-0.223022,-0.321533,0.711060
-0.181030,0.174683,0.956055
0.304321,-0.376709,0.888794
-0.605835,0.086304,0.760132
0.396484,-0.172974,1.018921
-0.180786,-0.321411,0.736206
-0.240845,0.200317,0.935913
0.338745,-0.374878,0.898315
-0.606934,0.049805,0.729004
0.364380,-0.153931,1.010132
-0.115967,-0.362061,0.739746
-0.306152,0.215820,0.902100
0.368286,-0.344360,0.911255
-0.597412,0.032959,0.717773
0.311279,-0.114502,0.998413
-0.077148,-0.395386,0.734619
-0.337891,0.199829,0.886963
0.366699,-0.279053,0.935547
-0.554443,-0.007812,0.716431
0.247192,-0.042603,1.008423
-0.051880,-0.407593,0.753662
-0.423462,0.181763,0.859497
0.422485,-0.312866,0.950928
-0.533325,0.005615,0.705322
0.163818,0.070435,0.993774
0.016968,-0.365723,0.795898
-0.478760,0.188965,0.844482
0.429077,-0.295410,0.972290
-0.477661,-0.060791,0.739502
0.111328,0.127930,1.022583
0.063843,-0.375732,0.786865
-0.523315,0.209595,0.834595
0.433472,-0.262329,0.975464
-0.416992,-0.127563,0.745239
0.091675,0.087158,1.018188
0.113403,-0.387939,0.817139
-0.557983,0.241821,0.814819
0.429688,-0.218994,0.968994
-0.380127,-0.144165,0.753906
0.041138,0.065552,0.997070
0.165527,-0.416626,0.843384
-0.584839,0.185913,0.784546
0.444824,-0.169189,1.003174
-0.313232,-0.160400,0.755493
-0.049194,0.172119,0.995605
0.233276,-0.461792,0.841675
-0.579224,0.130981,0.781250
0.440796,-0.151855,1.018433
-0.268433,-0.185425,0.742065
-0.116455,0.219116,0.969360
0.290039,-0.416626,0.874756
-0.586548,0.089966,0.772705
0.431274,-0.153442,1.030396
-0.198242,-0.272095,0.738037
-0.169678,0.204346,0.942139
0.334717,-0.388794,0.890625
-0.587036,0.088745,0.763306
0.409302,-0.128662,1.027344
-0.112793,-0.330566,0.758423
-0.232910,0.207275,0.911865
0.350830,-0.336182,0.906372
-0.571289,0.044800,0.743774
0.370117,-0.107544,1.012329
-0.062134,-0.366577,0.755981
-0.294189,0.224609,0.895508
0.390259,-0.319092,0.928101
-0.553589,-0.026001,0.722168
0.285400,-0.069580,0.993896
-0.017090,-0.413208,0.755737
-0.357788,0.183594,0.848633
0.432373,-0.289185,0.963013
-0.528564,-0.034668,0.733032
0.196411,-0.026367,0.986694
0.029907,-0.444580,0.764404
-0.411499,0.161499,0.833618
0.456909,-0.267212,0.965698
-0.482544,-0.042114,0.752563
0.110474,0.076660,1.003296
0.104248,-0.477051,0.775635
-0.468140,0.132690,0.798218
0.452026,-0.237061,0.989380
-0.411133,-0.088379,0.758057
0.055786,0.152710,1.016479
0.167358,-0.414307,0.823975
-0.543457,0.114746,0.776123
0.458252,-0.261841,0.998901
-0.330322,-0.180786,0.761841
-0.030151,0.174927,0.992432
0.242188,-0.396484,0.873901
-0.553589,0.103760,0.760986
0.434326,-0.205444,1.007690
-0.258545,-0.220825,0.762573
-0.082520,0.172119,0.987915
0.303101,-0.437988,0.881592
-0.572266,0.086182,0.762085
0.416870,-0.161987,1.007324
-0.158569,-0.245605,0.789917
-0.158447,0.188843,0.951660
0.350098,-0.413574,0.916992
-0.554077,0.029907,0.767578
0.379761,-0.096558,1.042725
-0.092896,-0.339844,0.750244
-0.224731,0.198853,0.922607
0.390137,-0.362305,0.939331
-0.536133,-0.024414,0.762451
0.339111,-0.099487,1.014160
-0.029663,-0.395142,0.758545
-0.282227,0.167358,0.870239
0.410156,-0.329834,0.954590
-0.512085,-0.051392,0.756836
0.279175,-0.087158,1.002930
0.031616,-0.450439,0.766846
-0.335205,0.153198,0.847290
0.429443,-0.283325,0.972778
-0.511719,-0.082275,0.729492
0.208618,-0.060181,0.993164
0.078247,-0.486694,0.778198
-0.393066,0.121216,0.831421
0.439697,-0.279053,0.973999
-0.462646,-0.086914,0.749878
0.145508,0.013306,1.010986
0.125244,-0.490723,0.798218
-0.460449,0.106812,0.785156
0.457031,-0.268188,0.989502
-0.383179,-0.153076,0.767578
0.058105,0.087158,1.010864
0.190430,-0.484009,0.827393
-0.505981,0.075439,0.760620
0.455322,-0.233765,1.014404
-0.305664,-0.166016,0.776733
-0.016479,0.151001,1.015747
0.261963,-0.469971,0.859375
-0.535522,0.021851,0.737671
0.453979,-0.234009,1.023804
-0.209351,-0.248169,0.803833
-0.120972,0.205688,0.999023
0.317139,-0.423462,0.909180
-0.544556,0.017334,0.764160
0.436157,-0.225464,1.038330
-0.127441,-0.312256,0.806396
-0.196045,0.223511,0.979126
0.373169,-0.428467,0.931885
-0.523804,-0.024170,0.765381
0.377441,-0.149658,1.033813
-0.044067,-0.369507,0.806763
-0.232544,0.215576,0.952271
0.405884,-0.358887,0.947266
-0.499268,-0.047119,0.777832
0.325439,-0.154419,1.003296
0.040161,-0.442993,0.826050
-0.270874,0.124634,0.890869
0.431641,-0.342651,0.979858
-0.479492,-0.064697,0.756470
0.253418,-0.062622,1.020996
0.097534,-0.450928,0.819580
-0.334839,0.110229,0.879883
0.460205,-0.323120,0.992554
-0.432739,-0.124878,0.762573
0.193115,0.022827,1.034180
0.110718,-0.452271,0.810791
-0.387573,0.111328,0.865967
0.490601,-0.320557,1.020142
-0.397583,-0.178223,0.773315
0.130737,0.074341,1.046631
0.173340,-0.449219,0.841431
-0.437744,0.089722,0.820801
0.494995,-0.279419,1.031006
-0.349487,-0.226562,0.763672
0.082275,0.056763,1.043945
0.242065,-0.515381,0.849854
-0.471436,0.093506,0.790894
0.502686,-0.264893,1.035156
-0.287354,-0.228027,0.793213
-0.003906,0.125977,1.034912
0.283569,-0.494019,0.876709
-0.450317,0.019043,0.789062
0.488403,-0.211914,1.050781
-0.239502,-0.202637,0.814697
-0.051392,0.165405,1.033203
0.352417,-0.488647,0.929199
-0.483276,-0.010254,0.779297
0.458496,-0.155273,1.085815
-0.148804,-0.238403,0.844971
-0.105225,0.198730,1.032715
0.389404,-0.466553,0.951050
-0.480469,-0.018188,0.802612
0.432007,-0.143066,1.087891
-0.063110,-0.310425,0.837036
-0.132202,0.198242,1.039429
0.429810,-0.405396,0.987183
-0.495728,-0.017578,0.780518
0.395020,-0.121704,1.085205
0.048828,-0.412598,0.851685
-0.184692,0.192871,1.013428
0.452759,-0.355835,1.012573
-0.482422,-0.029175,0.800537
0.370483,-0.120728,1.083984
0.095825,-0.453003,0.863647
-0.260620,0.142700,0.958862
0.503540,-0.292114,1.075439
-0.444092,-0.105103,0.781250
0.274780,-0.016724,1.074829
0.133789,-0.422485,0.876709
-0.291992,0.126953,0.962280
0.537476,-0.290161,1.101929
-0.395386,-0.136108,0.791748
0.198486,0.064697,1.077271
0.197021,-0.421753,0.905151
-0.356934,0.074585,0.909424
0.577759,-0.303711,1.129272
-0.356689,-0.208130,0.793091
0.139160,0.131592,1.079346
0.243286,-0.439575,0.909302
-0.371460,0.046875,0.886108
0.570923,-0.278564,1.143799
-0.323242,-0.222534,0.795044
0.110107,0.134155,1.082397
0.281372,-0.451294,0.920654
-0.395264,0.056519,0.868774
0.555908,-0.269043,1.116211
-0.258789,-0.213501,0.840332
0.074585,0.165649,1.080811
0.305908,-0.401245,0.956787
-0.398438,0.027222,0.857544
0.566162,-0.266968,1.133789
-0.233643,-0.239746,0.850098
0.018799,0.202515,1.092041
0.357544,-0.412720,0.971680
-0.423462,0.038574,0.855835
0.559570,-0.197510,1.166504
-0.176758,-0.239990,0.868896
-0.029663,0.213867,1.078979
0.402832,-0.435425,0.984497
-0.432617,0.045288,0.856201
0.523560,-0.124756,1.155640
-0.099976,-0.260376,0.893799
-0.063110,0.221924,1.094238
0.416260,-0.428711,0.995728
-0.450928,-0.036987,0.828247
0.517700,-0.125366,1.177734
-0.015625,-0.313232,0.894897
-0.111694,0.245361,1.075928
0.469849,-0.389771,1.020874
-0.443604,-0.041382,0.830444
0.453857,-0.120361,1.151733
0.037476,-0.381348,0.893677
-0.111694,0.182495,1.075928
0.477417,-0.314941,1.054688
-0.457642,-0.018066,0.821411
0.428345,-0.075439,1.164917
0.063843,-0.397217,0.907959
-0.177124,0.173950,1.066528
0.500610,-0.273682,1.101318
-0.438477,-0.031982,0.808105
0.390137,-0.028320,1.155273
0.106812,-0.398315,0.911865
-0.243164,0.212280,1.066162
0.527954,-0.277466,1.114624
-0.397461,-0.079712,0.824951
0.336304,0.007690,1.146729
0.125000,-0.402100,0.935303
-0.274780,0.139771,1.002930
0.565918,-0.287720,1.151123
-0.368530,-0.123047,0.824463
0.264771,0.081543,1.138550
0.191406,-0.416260,0.945801
-0.302856,0.082886,0.942017
0.562012,-0.272949,1.149780
-0.333862,-0.154297,0.835938
0.231445,0.126831,1.155518
0.236206,-0.414062,0.930908
-0.348999,0.124268,0.937378
0.575195,-0.274292,1.132324
-0.307617,-0.214844,0.828979
0.187256,0.116455,1.128296
0.269409,-0.423096,0.949951
-0.386475,0.090820,0.894165
0.581299,-0.247681,1.140869
-0.287598,-0.217529,0.828369
0.139404,0.115967,1.125732
0.304443,-0.415527,0.968140
-0.416260,0.103760,0.899292
0.573730,-0.235352,1.140503
-0.250000,-0.239014,0.847412
0.077637,0.154053,1.104126
0.343628,-0.411621,0.985474
-0.406982,0.064941,0.886353
0.551147,-0.186768,1.148315
-0.221802,-0.243042,0.844116
0.037598,0.141602,1.103638
0.374146,-0.396484,0.986938
-0.443604,0.071045,0.871948
0.533691,-0.146362,1.152832
-0.128174,-0.301392,0.866577
-0.008057,0.156982,1.091309
0.389893,-0.392822,0.987793
-0.450806,0.015625,0.848999
0.522095,-0.149780,1.154541
-0.054565,-0.339600,0.850708
-0.067505,0.194580,1.080933
0.405151,-0.337891,1.013794
-0.468018,-0.019775,0.822998
0.509521,-0.132935,1.165161
-0.053345,-0.316895,0.847290
-0.150269,0.215454,1.056030
0.469360,-0.323975,1.048218
-0.481079,-0.026245,0.808594
0.422852,-0.116211,1.142090
-0.036743,-0.369263,0.847168
-0.184814,0.164429,1.034180
0.486572,-0.284912,1.070801
-0.480713,-0.040039,0.780640
0.354004,-0.036255,1.137817
0.049194,-0.391357,0.890259
-0.252563,0.130859,0.989380
0.506958,-0.276123,1.092529
-0.444946,-0.091553,0.778564
0.294800,-0.009888,1.127930
0.110107,-0.401001,0.895142
-0.330078,0.141968,0.952637
0.508179,-0.252197,1.095581
-0.377930,-0.136963,0.788696
0.212402,0.061768,1.110962
0.160156,-0.401611,0.899658
-0.373535,0.111694,0.930420
0.536011,-0.278320,1.098511
-0.377563,-0.173462,0.782471
0.133667,0.136597,1.108521
0.213135,-0.409058,0.904297
-0.426025,0.012085,0.866333
0.545532,-0.200439,1.166382
-0.332520,-0.214722,0.798950
-0.003174,0.184570,1.089111
0.234253,-0.390137,0.897583
-0.463257,0.015869,0.840210
0.551270,-0.209717,1.173218
-0.045898,-0.372192,0.880249
-0.057007,0.189819,1.084961
0.397705,-0.339844,1.003784
-0.472656,0.013306,0.832764
0.511841,-0.186035,1.161743
-0.044922,-0.401855,0.854980
-0.078003,0.167847,1.086548
0.422852,-0.320679,1.015991
-0.484253,0.030273,0.822144
0.474243,-0.126953,1.160034
-0.017700,-0.407104,0.871216
-0.130859,0.162354,1.072632
0.451904,-0.305054,1.049438
-0.502075,0.040405,0.799194
0.431030,-0.083740,1.152222
0.012939,-0.387085,0.885620
-0.195190,0.184204,1.070435
0.474609,-0.288574,1.080322
-0.485352,-0.033569,0.788940
0.398315,-0.068970,1.152100
0.043945,-0.367554,0.899902
-0.242310,0.196167,1.026978
0.478149,-0.279297,1.070068
-0.453003,-0.099976,0.783813
0.377075,-0.059204,1.150879
0.064087,-0.355225,0.900879
-0.308716,0.200806,0.986328
0.514526,-0.295654,1.068115
-0.419922,-0.126221,0.788452
0.309570,-0.041626,1.127563
0.090820,-0.370361,0.898071
-0.324585,0.167603,0.945679
0.515259,-0.283325,1.070679
-0.397705,-0.151611,0.780884
0.258789,0.015259,1.124512
0.129517,-0.397217,0.903076
-0.378784,0.155762,0.928955
0.538452,-0.295288,1.088379
-0.369873,-0.182129,0.794312
0.174683,0.108032,1.111206
0.173706,-0.414429,0.899658
-0.405762,0.109009,0.897217
0.548462,-0.275635,1.100830
-0.356445,-0.192749,0.798828
0.107666,0.122559,1.087280
0.215332,-0.414307,0.906860
-0.431030,0.077637,0.860962
0.526489,-0.230957,1.104736
-0.316040,-0.225464,0.782837
0.068115,0.157959,1.087524
0.254761,-0.401489,0.901245
-0.483887,0.050537,0.844238
0.526001,-0.271118,1.085449
-0.268555,-0.278076,0.792847
0.010986,0.175781,1.075562
0.281006,-0.375610,0.923950
-0.482788,0.024170,0.826904
0.520264,-0.226074,1.111450
-0.207886,-0.326660,0.773315
-0.062012,0.177734,1.046631
0.314331,-0.390259,0.931885
-0.498291,0.009521,0.805542
0.505737,-0.233398,1.103638
-0.184448,-0.333496,0.767944
-0.107056,0.185547,1.016479
0.329102,-0.359619,0.929932
-0.505981,0.010010,0.799683
0.476685,-0.227295,1.098999
-0.161621,-0.361816,0.762817
-0.170044,0.155762,0.984497
0.352661,-0.361206,0.938721
-0.514771,-0.017456,0.774658
0.448120,-0.214111,1.089844
-0.131958,-0.384155,0.773071
-0.229126,0.156128,0.958130
0.382568,-0.348267,0.963501
-0.531494,-0.011230,0.766724
0.397461,-0.152466,1.089966
-0.117065,-0.367065,0.775879
-0.256836,0.167114,0.972412
0.390747,-0.328247,0.975098
-0.543213,-0.039429,0.749878
0.371216,-0.124146,1.097778
-0.090332,-0.369141,0.788208
-0.320068,0.202637,0.931885
0.420044,-0.331543,0.981079
-0.535400,-0.060303,0.751343
0.306641,-0.108276,1.069092
-0.044800,-0.392822,0.808838
-0.361328,0.180908,0.916016
0.414551,-0.291748,0.992676
-0.512939,-0.059570,0.746826
0.246338,-0.041626,1.070801
0.012329,-0.394775,0.836304
-0.425415,0.169067,0.879639
0.420288,-0.274536,1.005493
-0.482056,-0.146484,0.727661
0.175537,0.005127,1.048828
0.066895,-0.408081,0.834351
-0.477783,0.187134,0.871704
0.455566,-0.271606,1.014282
-0.462402,-0.151855,0.740723
0.092163,0.056519,1.039185
0.124634,-0.410522,0.855347
-0.511841,0.138062,0.842041
0.461182,-0.259033,1.026001
-0.389893,-0.177490,0.748413
0.011475,0.152710,1.049927
0.185181,-0.408691,0.860474
-0.539062,0.070190,0.807495
0.440063,-0.238037,1.031006
-0.304810,-0.243530,0.738281
-0.060181,0.176758,1.010742
0.242676,-0.402222,0.871826
-0.563599,0.051636,0.789185
0.427124,-0.227417,1.034424
-0.256348,-0.323608,0.712280
-0.130371,0.167603,0.961914
0.290039,-0.389526,0.884888
-0.566284,0.054932,0.789429
0.403931,-0.203247,1.037109
-0.229126,-0.365356,0.685303
-0.192871,0.147583,0.950195
0.325073,-0.366455,0.911133
-0.570679,0.044556,0.759888
0.374512,-0.167969,1.036499
-0.184204,-0.352295,0.726196
-0.245483,0.118652,0.918701
0.352173,-0.362671,0.935181
-0.584595,0.028931,0.729004
0.325195,-0.120117,1.021118
-0.144531,-0.347656,0.744507
-0.316284,0.141846,0.898560
0.378906,-0.357300,0.945923
-0.583008,0.001221,0.714111
0.289795,-0.089966,1.019043
-0.102173,-0.349487,0.759399
-0.362671,0.171387,0.885986
0.397217,-0.328735,0.956177
-0.560913,-0.053467,0.684326
0.228271,-0.055054,1.011230
-0.035400,-0.394653,0.775269
-0.432007,0.196411,0.867554
0.383667,-0.269043,0.955322
-0.542969,-0.098633,0.700928
0.171509,-0.012573,1.022339
0.015015,-0.422607,0.790649
-0.493408,0.207397,0.857544
0.425171,-0.255127,0.982788
-0.514404,-0.075073,0.708618
0.088989,0.061890,1.014282
0.104492,-0.426025,0.828247
-0.548218,0.168335,0.828125
0.427979,-0.234863,0.998291
-0.401489,-0.153931,0.725342
-0.008179,0.164185,1.012939
0.169678,-0.396240,0.846313
-0.581421,0.088501,0.784424
0.431885,-0.233643,1.015869
-0.314209,-0.269165,0.695801
-0.070068,0.209229,0.988037
0.234375,-0.351318,0.866455
-0.602051,0.080811,0.764282
0.419556,-0.254028,1.006104
-0.231934,-0.351807,0.701538
-0.132812,0.166992,0.949341
0.261841,-0.326050,0.869141
-0.622192,0.111816,0.757812
0.423706,-0.226074,1.020264
-0.187378,-0.385864,0.706787
-0.206787,0.141724,0.912109
0.305054,-0.314941,0.898560
-0.605225,0.088013,0.736572
0.366699,-0.191895,0.989868
-0.146240,-0.379150,0.727295
-0.264526,0.137329,0.893066
0.347412,-0.340454,0.906982
-0.600098,0.084717,0.720581
0.312134,-0.098022,0.999268
-0.106934,-0.363159,0.739380
-0.313110,0.155884,0.890381
0.377808,-0.338501,0.927124
-0.586548,0.034302,0.706787
0.268921,-0.048584,1.002075
-0.079224,-0.395752,0.735474
-0.370117,0.182251,0.871216
0.397217,-0.320557,0.934326
-0.579224,0.013550,0.704102
0.248047,-0.031006,0.998169
-0.032593,-0.408325,0.765503
-0.422729,0.199829,0.854370
0.399170,-0.309570,0.935425
-0.539795,-0.058594,0.707642
0.226074,-0.016968,1.011597
-0.018677,-0.400391,0.762207
-0.464722,0.238770,0.847168
0.415771,-0.279053,0.946777
-0.510132,-0.077393,0.704468
0.157104,0.010864,1.008301
0.044189,-0.429565,0.790527
-0.495850,0.225708,0.832886
0.416382,-0.255249,0.960815
-0.483276,-0.071045,0.727661
0.111450,0.077271,1.019165
0.078003,-0.402344,0.811157
-0.519897,0.210083,0.822876
0.425659,-0.241089,0.968140
-0.444458,-0.112793,0.738892
0.071411,0.106689,1.021851
0.114868,-0.416504,0.821533
-0.557129,0.211670,0.811646
0.447876,-0.226196,0.985474
-0.383911,-0.134277,0.748291
0.022339,0.146484,1.020264
0.168579,-0.398315,0.834961
-0.578247,0.195190,0.803101
0.443970,-0.221558,0.985840
-0.331055,-0.210449,0.730469
-0.013550,0.128784,0.990845
0.220947,-0.393311,0.865845
-0.589233,0.198975,0.782593
0.439087,-0.171021,0.991455
-0.258789,-0.219971,0.757202
-0.063843,0.171387,0.998047
0.262329,-0.413330,0.871582
-0.621582,0.187500,0.770142
0.428101,-0.186523,0.987915
-0.198975,-0.275635,0.745850
-0.118530,0.196289,0.975708
0.313843,-0.384888,0.896973
-0.613525,0.146973,0.754517
0.410156,-0.140625,1.008911
-0.145752,-0.323730,0.747559
-0.172119,0.179810,0.949585
0.335938,-0.374756,0.903076
-0.599976,0.111938,0.754761
0.387207,-0.127930,1.012085
-0.108887,-0.368896,0.735229
-0.231079,0.177490,0.907593
0.373779,-0.345337,0.920654
-0.582886,0.106201,0.762573
0.340088,-0.099731,1.004639
-0.064819,-0.394287,0.749634
-0.261597,0.160400,0.884033
0.385132,-0.296753,0.933105
-0.575439,0.088379,0.739136
0.318481,-0.089355,0.994385
-0.017212,-0.384155,0.780396
-0.336548,0.152710,0.850220
0.406250,-0.278931,0.934937
-0.533813,0.036011,0.721313
0.245972,-0.003174,0.985474
0.035034,-0.416382,0.788696
-0.382935,0.136963,0.829712
0.407715,-0.251343,0.942261
-0.521240,0.045532,0.717529
0.211792,0.037354,1.007202
0.048706,-0.402710,0.778687
-0.428223,0.156372,0.824463
0.435425,-0.270508,0.962891
-0.518433,-0.022827,0.717285
0.178711,0.027588,1.012329
0.078247,-0.426514,0.797119
-0.460083,0.179077,0.827637
0.454590,-0.250000,0.979004
-0.467285,-0.034790,0.735229
0.118652,0.116699,1.020752
0.116211,-0.407349,0.818115
-0.485962,0.147705,0.811768
0.454834,-0.284058,0.973877
-0.442139,-0.070312,0.754761
0.083008,0.167236,1.022827
0.135132,-0.389771,0.827026
-0.514160,0.141724,0.791748
0.458008,-0.265015,0.988647
-0.405029,-0.131592,0.755249
0.061401,0.133057,1.018311
0.171753,-0.407593,0.837036
-0.553955,0.151489,0.774658
0.453735,-0.238281,0.993652
-0.342773,-0.164673,0.761719
0.018921,0.169800,1.021973
0.196777,-0.416016,0.837036
-0.559448,0.125244,0.768555
0.467041,-0.252808,0.997803
-0.315918,-0.183472,0.761108
-0.038208,0.199951,1.003906
0.246216,-0.416748,0.856812
-0.552979,0.096191,0.767944
0.446289,-0.214111,1.003174
-0.280884,-0.215332,0.760986
-0.077881,0.190063,0.988892
0.290405,-0.452515,0.862183
-0.567261,0.084595,0.752319
0.450439,-0.221313,1.015259
-0.208374,-0.225098,0.786011
-0.135132,0.228271,0.968994
0.316895,-0.417358,0.886353
-0.557251,0.025146,0.757935
0.428223,-0.212158,1.018555
-0.173340,-0.257446,0.780029
-0.168701,0.239990,0.952271
0.348389,-0.376221,0.913208
-0.549438,0.008911,0.765259
0.394531,-0.167847,1.036011
-0.115112,-0.325195,0.774170
-0.211060,0.199707,0.926025
0.366577,-0.355957,0.921875
-0.539917,-0.003296,0.763184
0.384644,-0.163452,1.019775
-0.075439,-0.374390,0.767578
-0.238892,0.199097,0.911011
0.392334,-0.325684,0.951416
-0.544189,-0.003906,0.753662
0.343018,-0.162476,0.998413
-0.006348,-0.435669,0.777344
-0.275391,0.166626,0.883423
0.404663,-0.318726,0.941650
-0.542480,-0.020020,0.740479
0.313232,-0.128174,0.994873
0.039917,-0.476562,0.773804
-0.320557,0.174805,0.866699
0.418091,-0.317993,0.940918
-0.512329,-0.040649,0.743408
0.257690,-0.094360,0.994873
0.063721,-0.461304,0.797363
-0.354248,0.128784,0.850342
0.433838,-0.286255,0.968262
-0.499634,-0.027588,0.747192
0.217773,-0.051392,1.005249
0.080078,-0.493408,0.787842
-0.393921,0.105835,0.823975
0.470703,-0.301514,0.977417
-0.463013,-0.080688,0.742432
0.133667,0.047241,1.009766
0.118896,-0.451904,0.810425
-0.423462,0.103394,0.817139
0.469482,-0.315308,0.980591
-0.444824,-0.106445,0.743042
0.099854,0.097168,1.026855
0.172241,-0.454468,0.825195
-0.465332,0.116699,0.807007
0.466064,-0.287109,0.993286
-0.391846,-0.172974,0.756104
0.059814,0.087524,1.021484
0.205811,-0.478027,0.846680
-0.499756,0.096069,0.777344
0.481445,-0.263550,1.017700
-0.343018,-0.192261,0.757324
0.003174,0.128052,1.014771
0.252686,-0.490234,0.842407
-0.500977,0.046997,0.756714
0.474365,-0.252930,1.019531
-0.295044,-0.202393,0.777344
-0.051270,0.147949,0.998901
0.297363,-0.483032,0.880249
-0.528564,0.025024,0.744385
0.461182,-0.235596,1.036499
-0.216797,-0.251587,0.793701
-0.087769,0.174072,1.008789
0.323608,-0.431641,0.904297
-0.534668,0.021606,0.757935
0.458252,-0.214355,1.046143
-0.146606,-0.290894,0.805298
-0.143555,0.195190,0.999146
0.374512,-0.419678,0.935425
-0.520874,0.007690,0.759155
0.400391,-0.169678,1.043823
-0.077759,-0.372803,0.799316
-0.175537,0.154541,0.966553
0.399292,-0.391846,0.950317
-0.512817,-0.014160,0.760010
0.357788,-0.101196,1.049561
-0.012085,-0.384277,0.812988
-0.240601,0.153076,0.948975
0.440552,-0.430786,0.969849
-0.485718,-0.088501,0.761475
0.308105,-0.053589,1.041626
0.043701,-0.401123,0.801514
-0.290405,0.159424,0.918091
0.458984,-0.396118,0.987549
-0.455811,-0.147461,0.756470
0.270996,-0.046753,1.045532
0.082397,-0.421387,0.804199
-0.335938,0.157715,0.899292
0.474121,-0.331299,1.004272
-0.418945,-0.151733,0.781250
0.223633,-0.037109,1.052979
0.113281,-0.448608,0.823364
-0.392090,0.144165,0.865723
0.492798,-0.299683,1.031494
-0.384644,-0.192871,0.773926
0.142334,0.014160,1.037598
0.188721,-0.481201,0.850586
-0.410278,0.088257,0.835083
0.480103,-0.239624,1.031982
-0.341919,-0.170654,0.784790
0.070435,0.070801,1.048462
0.271362,-0.526001,0.876587
-0.437866,0.031616,0.798950
0.491211,-0.243042,1.048950
-0.294434,-0.197144,0.789062
-0.002319,0.140869,1.042480
0.339233,-0.498535,0.928711
-0.486206,0.014404,0.781616
0.484253,-0.187866,1.081421
-0.207764,-0.217407,0.809692
-0.086548,0.206909,1.023193
0.396729,-0.452881,0.957275
-0.484375,-0.046021,0.785034
0.433838,-0.142090,1.096802
-0.099976,-0.282959,0.830688
-0.144043,0.206055,1.032593
0.441406,-0.425049,0.973022
-0.479248,-0.086914,0.776978
0.390991,-0.106567,1.097778
0.045532,-0.377930,0.859985
-0.221313,0.178833,0.966064
0.463745,-0.352783,1.024536
-0.454468,-0.105469,0.783203
0.330078,-0.083008,1.066528
0.098633,-0.421631,0.847412
-0.278198,0.182861,0.961548
0.509644,-0.308105,1.052124
-0.427490,-0.126587,0.781128
0.217896,-0.020508,1.041870
0.172485,-0.466064,0.873047
-0.340820,0.096191,0.911743
0.541016,-0.271240,1.094727
-0.369141,-0.144287,0.790405
0.121460,0.085083,1.052612
0.264526,-0.492310,0.909424
-0.397217,0.012085,0.841309
0.534912,-0.234253,1.114868
-0.274292,-0.211182,0.807373
0.037476,0.163696,1.061401
0.339722,-0.458618,0.930664
-0.469482,0.041016,0.825806
0.516724,-0.245605,1.101562
-0.143921,-0.304077,0.854248
-0.059937,0.193481,1.052979
0.373169,-0.364990,0.979492
-0.479248,0.036377,0.816406
0.492554,-0.206543,1.118530
-0.036499,-0.358643,0.875488
-0.128174,0.189331,1.044067
0.411255,-0.354980,0.999023
-0.459106,-0.037476,0.794434
0.453613,-0.130127,1.129150
0.066528,-0.385376,0.895386
-0.205078,0.205200,1.028687
0.467896,-0.321045,1.056763
-0.437378,-0.088867,0.777588
0.365601,-0.053955,1.121216
0.091675,-0.404419,0.879150
-0.243896,0.178101,1.016479
0.507690,-0.279297,1.083496
-0.416382,-0.124146,0.787842
0.292725,-0.010986,1.107788
0.167603,-0.433350,0.910156
-0.308105,0.166260,0.989868
0.538574,-0.263550,1.115234
-0.377808,-0.150024,0.796021
0.221802,0.035889,1.104980
0.251831,-0.442505,0.941528
-0.377563,0.097656,0.900146
0.557617,-0.246582,1.118530
-0.297729,-0.197510,0.818481
0.105591,0.137085,1.084229
0.328125,-0.465332,0.957397
-0.401123,0.044189,0.869629
0.545044,-0.220337,1.123291
-0.231934,-0.228394,0.844971
0.030640,0.193726,1.093140
0.371948,-0.410278,0.980591
-0.449341,0.049561,0.854980
0.547241,-0.209473,1.144775
-0.133423,-0.266968,0.869263
-0.043457,0.231079,1.076172
0.415405,-0.358643,1.015503
-0.442017,-0.008179,0.843872
0.504028,-0.160034,1.151123
-0.037476,-0.359863,0.872681
-0.103638,0.206299,1.073486
0.463501,-0.360474,1.034668
-0.435059,-0.019165,0.843628
0.456787,-0.112793,1.149658
0.026001,-0.357056,0.887817
-0.140625,0.174683,1.069336
0.497070,-0.302490,1.103027
-0.435913,-0.048706,0.828125
0.410156,-0.044922,1.157593
0.070312,-0.369385,0.899780
-0.242920,0.199341,1.031982
0.531860,-0.297974,1.113281
-0.391968,-0.120605,0.816406
0.347900,-0.019653,1.145752
0.150146,-0.365356,0.935913
-0.306519,0.192627,0.983032
0.557129,-0.279541,1.118652
-0.341553,-0.201782,0.813232
0.243408,0.058350,1.137451
0.250732,-0.409424,0.948242
-0.354736,0.136353,0.937866
0.562134,-0.234741,1.131226
-0.291504,-0.216187,0.825684
0.135620,0.094116,1.104248
0.339966,-0.432129,0.990845
-0.406738,0.084473,0.889282
0.562622,-0.172485,1.167236
-0.206909,-0.239380,0.852783
0.024902,0.168091,1.097900
0.394165,-0.418091,1.013672
-0.429321,0.037354,0.869263
0.552856,-0.142700,1.188965
-0.115234,-0.262817,0.874512
-0.065552,0.215820,1.090454
0.451172,-0.410034,1.029541
-0.442383,-0.009766,0.855591
0.496216,-0.104980,1.180908
0.012939,-0.321899,0.908203
-0.119751,0.230713,1.089233
0.450195,-0.310303,1.057739
-0.434082,-0.079590,0.814941
0.459839,-0.087769,1.182617
0.026733,-0.342041,0.899780
-0.181885,0.230957,1.072388
0.520142,-0.282471,1.104858
-0.440552,-0.053345,0.811523
0.375977,-0.064697,1.140869
0.092896,-0.387573,0.916260
-0.223511,0.162476,1.019043
0.554321,-0.263184,1.124512
-0.416016,-0.091309,0.814331
0.301147,0.011230,1.141724
0.174561,-0.428711,0.930054
-0.297974,0.104492,0.956177
0.561523,-0.239136,1.149292
-0.364136,-0.144531,0.813232
0.212769,0.081543,1.133179
0.255493,-0.454468,0.946899
-0.362915,0.103638,0.944580
0.561035,-0.229126,1.147339
-0.281372,-0.194946,0.838623
0.110229,0.142090,1.110474
0.312988,-0.415405,0.965698
-0.401123,0.059082,0.885376
0.554443,-0.191895,1.164062
-0.193970,-0.292114,0.840454
0.024170,0.191895,1.106445
0.347290,-0.365845,0.977661
-0.418335,0.019287,0.866699
0.554199,-0.195801,1.174927
-0.109009,-0.330566,0.862427
-0.026855,0.190552,1.096436
0.368896,-0.356567,0.982300
-0.445801,-0.001587,0.839844
0.538818,-0.195435,1.167236
-0.049316,-0.343506,0.881348
-0.087158,0.195312,1.075684
0.415771,-0.338135,1.012329
-0.462769,-0.021606,0.834351
0.507812,-0.156982,1.176636
-0.028809,-0.354614,0.865845
-0.154175,0.222412,1.053223
0.442383,-0.296021,1.044434
-0.460449,-0.039429,0.814331
0.441040,-0.116089,1.170288
0.013916,-0.381836,0.888794
-0.213013,0.204468,1.041138
0.475342,-0.281128,1.072510
-0.461792,-0.036011,0.802734
0.378906,-0.064819,1.156372
0.052246,-0.372803,0.892334
-0.260742,0.165649,1.019165
0.533936,-0.297241,1.111450
-0.428711,-0.078491,0.789062
0.275757,0.049194,1.136841
0.133789,-0.392578,0.899048
-0.319214,0.124756,0.961792
0.534668,-0.294922,1.100220
-0.372803,-0.167358,0.803711
0.215942,0.096924,1.131592
0.178955,-0.400269,0.905762
-0.386597,0.113403,0.918701
0.545166,-0.241577,1.120605
-0.316406,-0.224487,0.800781
0.133057,0.136841,1.111450
0.247803,-0.399658,0.920410
-0.434692,0.082153,0.882690
0.530884,-0.228027,1.119385
-0.263428,-0.281738,0.810791
0.066284,0.164673,1.109619
0.289673,-0.393799,0.931519
-0.455200,0.048462,0.843384
0.520264,-0.212280,1.120483
-0.183472,-0.308960,0.816406
-0.010864,0.132446,1.070312
0.333984,-0.384888,0.956055
-0.480347,0.033081,0.830078
0.512085,-0.171875,1.140869
-0.128174,-0.320557,0.810425
-0.077148,0.159912,1.044678
0.376465,-0.364014,0.977539
-0.490234,0.004517,0.818481
0.482422,-0.177856,1.133179
-0.111694,-0.338501,0.810059
-0.144531,0.176270,1.038208
0.401855,-0.337280,1.006226
-0.497925,-0.027222,0.800415
0.451172,-0.144409,1.135010
-0.073730,-0.354858,0.823486
-0.245850,0.205688,1.001099
0.438599,-0.309814,1.026611
-0.465820,-0.067749,0.772827
0.358276,-0.059326,1.128906
-0.021973,-0.383423,0.846069
-0.295654,0.169556,0.982666
0.477417,-0.318970,1.046997
-0.459106,-0.066040,0.767212
0.305542,-0.013916,1.122559
0.034668,-0.357544,0.855347
-0.352051,0.137939,0.937500
0.497803,-0.310913,1.056030
-0.431152,-0.137939,0.765015
0.219727,0.055176,1.115845
0.118408,-0.379761,0.877808
-0.422241,0.147827,0.891235
0.495972,-0.273315,1.068970
-0.391357,-0.194336,0.768555
0.138428,0.042969,1.069336
0.185425,-0.394531,0.897095
-0.473877,0.113525,0.857788
0.495117,-0.225586,1.079102
-0.309937,-0.243896,0.776733
0.034058,0.115967,1.060669
0.248779,-0.400879,0.905029
-0.484497,0.048584,0.835693
0.479858,-0.229126,1.071533
-0.234009,-0.283325,0.774780
-0.043579,0.136353,1.031738
0.294189,-0.376343,0.914062
-0.496338,0.005127,0.798950
0.469604,-0.189209,1.096313
-0.186401,-0.311401,0.758301
-0.129517,0.156372,1.001831
0.357910,-0.355347,0.952515
-0.519653,-0.031006,0.774536
0.434570,-0.150879,1.109009
-0.155151,-0.337769,0.756592
-0.231079,0.181519,0.982544
0.398804,-0.359863,0.973267
-0.521240,-0.028320,0.775146
0.377441,-0.094849,1.107422
-0.083008,-0.346802,0.797852
-0.322632,0.180176,0.935547
0.411255,-0.334229,0.990845
-0.493286,-0.088745,0.754639
0.316162,-0.082520,1.089600
-0.027100,-0.357788,0.826904
-0.398560,0.196899,0.906128
0.531128,-0.214600,1.106812
-0.469971,-0.124146,0.746826
0.109863,0.107544,1.095825
0.074219,-0.433472,0.850952
-0.445557,0.058228,0.868408
0.531738,-0.209595,1.118774
-0.240356,-0.253662,0.800537
0.007080,0.165039,1.075562
0.321045,-0.384033,0.951416
-0.462280,0.021973,0.846069
0.500977,-0.190063,1.128784
-0.150513,-0.322144,0.802246
-0.055420,0.150024,1.056641
0.363037,-0.361328,0.972900
-0.485107,-0.002197,0.820557
0.476440,-0.165771,1.131958
-0.109863,-0.337769,0.803711
-0.160156,0.168823,1.034546
0.411743,-0.335327,1.009155
-0.491333,-0.046143,0.793091
0.402344,-0.088623,1.133423
-0.077881,-0.334106,0.819336
-0.251099,0.173096,0.996216
0.462524,-0.348999,1.043335
-0.478027,-0.093140,0.781738
0.349121,-0.028076,1.132446
-0.020386,-0.304932,0.844116
-0.327515,0.169678,0.948730
0.483398,-0.323975,1.057739
-0.428101,-0.195190,0.766357
0.267456,-0.015747,1.118774
0.063721,-0.363037,0.851318
-0.405396,0.184082,0.902344
0.507690,-0.261230,1.073853
-0.377930,-0.208740,0.777100
0.157227,-0.001465,1.063110
0.150146,-0.392090,0.896362
-0.440552,0.125366,0.865356
0.500610,-0.209106,1.081543
-0.352051,-0.210571,0.768188
0.056030,0.079224,1.063232
0.247559,-0.429688,0.917969
-0.477417,0.063599,0.836792
0.484009,-0.191650,1.088135
-0.255005,-0.258789,0.773682
-0.032715,0.134155,1.036377
0.312378,-0.393066,0.936279
-0.499634,0.004395,0.802246
0.459106,-0.177002,1.093262
-0.170288,-0.337769,0.740356
-0.148804,0.167358,0.995728
0.359741,-0.370239,0.947388
-0.504883,-0.033325,0.784790
0.429810,-0.140747,1.098999
-0.137451,-0.325684,0.767456
-0.245850,0.191284,0.970703
0.403809,-0.348755,0.983398
-0.505493,-0.078491,0.762695
0.362671,-0.114014,1.099976
-0.063843,-0.342896,0.798218
-0.338013,0.215210,0.934326
0.436768,-0.303711,1.006226
-0.482422,-0.126099,0.743408
0.264404,-0.059570,1.083984
0.010376,-0.404419,0.829834
-0.404541,0.189697,0.904663
0.459351,-0.278687,1.028442
-0.462402,-0.104614,0.758667
0.156982,0.022217,1.064575
0.120850,-0.424805,0.862305
-0.460693,0.130737,0.866211
0.467163,-0.250610,1.044067
-0.410767,-0.168457,0.736938
0.053955,0.120117,1.043457
0.201416,-0.391357,0.876953
-0.518188,0.068359,0.822144
0.470459,-0.265991,1.054688
-0.299194,-0.273438,0.750854
-0.038208,0.182373,1.029663
0.251465,-0.393188,0.877075
-0.536255,0.044556,0.802490
0.463135,-0.253296,1.063232
-0.223145,-0.328247,0.738281
-0.110474,0.128296,0.974487
0.292969,-0.341431,0.921997
-0.544556,-0.015137,0.767944
0.435059,-0.205200,1.068848
-0.194824,-0.358765,0.730469
-0.200562,0.156250,0.957764
0.340942,-0.360352,0.932007
-0.548096,0.006104,0.768066
0.385620,-0.170410,1.067139
-0.170410,-0.365356,0.737793
-0.264648,0.159668,0.945312
0.374268,-0.354736,0.957397
-0.560303,-0.009644,0.751221
0.333618,-0.105225,1.064453
-0.117188,-0.358765,0.768677
-0.321167,0.163330,0.918945
0.413086,-0.346191,0.970337
-0.555664,0.003540,0.745361
0.265503,-0.050903,1.053711
-0.052979,-0.377686,0.793579
-0.398438,0.183716,0.906006
0.426147,-0.325684,0.977295
-0.511963,-0.083496,0.719971
0.195679,-0.007324,1.032227
0.023071,-0.387939,0.812256
-0.472168,0.200439,0.865234
0.443359,-0.288940,1.005249
-0.487061,-0.141602,0.724731
0.101318,0.019531,1.020264
0.106201,-0.426392,0.839111
-0.533081,0.160034,0.833252
0.440918,-0.234985,1.026855
-0.393188,-0.224609,0.723022
0.021484,0.107788,1.035034
0.180298,-0.426270,0.857422
-0.558838,0.129761,0.816406
0.434570,-0.224854,1.015503
-0.316895,-0.223633,0.739868
-0.064575,0.138672,0.999878
0.244995,-0.420532,0.874756
-0.566162,0.075439,0.791016
0.423706,-0.186890,1.039307
-0.246094,-0.300049,0.727783
-0.171387,0.158691,0.952271
0.299072,-0.379395,0.905029
-0.572998,0.008545,0.745117
0.398438,-0.150513,1.055908
-0.199829,-0.342041,0.705566
-0.255737,0.190308,0.949707
0.364624,-0.365845,0.922974
-0.582275,-0.007690,0.736084
0.337402,-0.139648,1.033203
-0.140869,-0.371582,0.738403
-0.344116,0.197388,0.903809
0.387695,-0.339111,0.949707
-0.564209,-0.030396,0.712402
0.255005,-0.049561,1.037354
-0.065430,-0.403687,0.769287
-0.433716,0.196289,0.882080
0.418091,-0.299683,0.973633
-0.526733,-0.074951,0.708130
0.122559,0.043335,1.011841
0.051880,-0.416382,0.807495
-0.508301,0.154175,0.845337
0.425293,-0.261963,0.997681
-0.441772,-0.154297,0.703247
0.030884,0.144897,1.020874
0.140259,-0.379272,0.837891
-0.573730,0.111206,0.807739
0.430908,-0.260742,1.005615
-0.311646,-0.268066,0.722656
-0.051147,0.176270,0.990356
0.214722,-0.405151,0.836670
-0.597900,0.104370,0.773926
0.427002,-0.212280,1.017700
-0.243286,-0.315796,0.720581
-0.144043,0.171631,0.963257
0.282349,-0.368042,0.890015
-0.597534,0.054321,0.752319
0.388672,-0.158081,1.038452
-0.198486,-0.368164,0.700073
-0.259888,0.174805,0.924194
0.346191,-0.394409,0.902832
-0.589233,0.037720,0.738647
0.330200,-0.115967,1.016846
-0.142944,-0.348511,0.729980
-0.322632,0.193726,0.896118
0.368286,-0.340332,0.928345
-0.575439,-0.029297,0.709839
0.259155,-0.083618,1.010010
-0.062500,-0.400635,0.751465
-0.418701,0.203979,0.864136
0.380371,-0.300171,0.948486
-0.530029,-0.114990,0.689331
0.162109,0.005371,1.002808
-0.001953,-0.411621,0.779663
-0.488770,0.229248,0.861694
0.423340,-0.289185,0.968872
-0.498779,-0.110840,0.720337
0.075073,0.043579,0.990234
0.075317,-0.422607,0.808228
-0.539307,0.185669,0.839966
0.435791,-0.248535,0.988281
-0.423828,-0.158447,0.723267
0.009644,0.119141,1.002075
0.151367,-0.413452,0.829102
-0.580078,0.133789,0.791748
0.440308,-0.209229,1.024048
-0.308960,-0.226074,0.724487
-0.077026,0.176758,0.981445
0.234375,-0.383789,0.869385
-0.600830,0.085449,0.753662
0.414429,-0.173340,1.024536
-0.219238,-0.326538,0.710693
-0.143555,0.168091,0.962769
0.288696,-0.376099,0.882202
-0.624512,0.108765,0.742676
0.399658,-0.169067,1.021851
-0.168091,-0.361572,0.715210
-0.220947,0.182617,0.933350
0.344482,-0.367310,0.902100
-0.619629,0.090576,0.740234
0.336060,-0.146118,0.991821
-0.111816,-0.368896,0.733765
-0.312012,0.187500,0.901611
0.385254,-0.345825,0.930786
-0.583740,0.062744,0.728149
0.263062,-0.045654,0.985229
-0.066895,-0.381958,0.737549
-0.375732,0.165283,0.864502
0.394287,-0.318237,0.947266
-0.551392,-0.062866,0.689087
0.203857,0.010864,1.000122
-0.036133,-0.377563,0.749634
-0.436279,0.197754,0.853394
0.422974,-0.302246,0.957031
-0.525391,-0.087158,0.700439
0.137695,0.029663,0.991577
0.051514,-0.414185,0.790771
-0.515381,0.223511,0.838745
0.427612,-0.249878,0.970947
-0.447754,-0.117310,0.728271
0.069336,0.106445,1.018921
0.104248,-0.405518,0.817383
-0.554321,0.161621,0.808716
0.438477,-0.217041,0.995239
-0.364868,-0.169067,0.731567
-0.002808,0.173218,1.007568
0.189575,-0.376465,0.857178
-0.605225,0.142090,0.774658
0.428101,-0.224243,0.999878
-0.253052,-0.280151,0.718750
-0.080322,0.187866,0.978027
0.240479,-0.327515,0.865967
-0.609985,0.130615,0.762939
0.425415,-0.215088,1.001221
-0.190308,-0.344116,0.730225
-0.155029,0.166382,0.938232
0.308472,-0.343628,0.892456
-0.623047,0.114380,0.739136
0.385498,-0.140503,1.012329
-0.118042,-0.366211,0.725830
-0.226196,0.189453,0.918945
0.356323,-0.350464,0.905396
-0.603882,0.063843,0.734985
0.336182,-0.102051,1.003174
-0.062866,-0.383545,0.738770
-0.315674,0.198853,0.879395
0.384521,-0.308960,0.918701
-0.567749,0.011475,0.714966
0.261475,-0.068726,0.985718
-0.023804,-0.416504,0.750366
-0.407227,0.215576,0.858643
0.414429,-0.268066,0.950684
-0.509033,-0.054077,0.728760
0.134644,0.050659,0.988770
0.050903,-0.428955,0.772217
-0.471924,0.189941,0.839111
0.437134,-0.222168,0.989868
-0.434082,-0.083862,0.757568
0.049438,0.134033,1.009399
0.128296,-0.418579,0.809814
-0.552734,0.171143,0.803223
0.439941,-0.218872,1.001221
-0.321899,-0.195068,0.741943
-0.020142,0.197510,1.012451
0.206177,-0.369263,0.842651
-0.612183,0.180542,0.774414
0.448120,-0.227783,1.001831
-0.217529,-0.293945,0.757568
-0.102417,0.191406,0.977783
0.271973,-0.341431,0.883423
-0.603149,0.139893,0.751831
0.424683,-0.157471,1.017090
-0.154053,-0.299683,0.764404
-0.177368,0.160889,0.930054
0.329712,-0.362915,0.902222
-0.599731,0.115479,0.746094
0.375122,-0.086304,1.013306
-0.079224,-0.364136,0.741211
-0.268921,0.202637,0.896729
0.365356,-0.331787,0.921387
-0.564819,0.001343,0.726929
0.313110,-0.057373,1.008179
-0.038208,-0.375122,0.741821
-0.366211,0.233643,0.866699
0.415649,-0.307373,0.939453
-0.525024,-0.076416,0.719849
0.217285,-0.020874,0.985229
0.012085,-0.395264,0.765869
-0.426758,0.207031,0.836426
0.444214,-0.257324,0.965820
-0.473022,-0.093628,0.735962
0.113159,0.067871,1.006958
0.087524,-0.415527,0.792969
-0.498047,0.165039,0.815186
0.451538,-0.222290,0.996460
-0.383911,-0.127930,0.753906
0.009888,0.149658,1.008301
0.187866,-0.415649,0.837158
-0.555298,0.129272,0.781616
0.443237,-0.170166,1.017334
-0.270020,-0.192139,0.754883
-0.094727,0.185303,0.974365
0.273438,-0.383545,0.883179
-0.585693,0.087524,0.746948
0.429443,-0.155518,1.032227
-0.150757,-0.312622,0.746704
-0.191040,0.220215,0.947632
0.353149,-0.370972,0.912598
-0.576538,0.061035,0.755859
0.346924,-0.111816,0.997192
-0.049805,-0.391724,0.742676
-0.277710,0.203369,0.897217
0.393921,-0.339722,0.927368
-0.549316,0.017578,0.733032
0.267822,-0.037354,0.985474
0.012329,-0.427734,0.748779
-0.367554,0.179688,0.857544
0.419678,-0.304443,0.949097
-0.500000,-0.052856,0.732910
0.161377,0.058594,0.997559
0.058594,-0.398071,0.776978
-0.457642,0.151245,0.826050
0.457642,-0.270020,0.992554
-0.419922,-0.147095,0.748413
0.058838,0.138428,1.012939
0.132080,-0.408325,0.810669
-0.544556,0.150635,0.785034
0.464966,-0.237915,1.001709
-0.306763,-0.190063,0.769653
-0.032227,0.190796,1.003418
0.209595,-0.387939,0.843018
-0.576294,0.143066,0.765259
0.478760,-0.255127,0.999634
-0.236694,-0.232178,0.772827
-0.095703,0.218018,0.981323
0.283936,-0.345093,0.881104
-0.584839,0.096313,0.746582
0.427856,-0.200073,1.009033
-0.141968,-0.323608,0.772949
-0.154907,0.201050,0.949463
0.332520,-0.359863,0.891846
-0.585693,0.105225,0.753418
0.388672,-0.161499,1.007324
-0.064087,-0.355225,0.788574
-0.227295,0.186035,0.921631
0.360352,-0.354858,0.910645
-0.557129,0.071533,0.755615
0.335815,-0.079346,1.005371
-0.022949,-0.400757,0.759644
-0.306274,0.173584,0.875488
0.402466,-0.348022,0.942505
-0.525269,-0.048462,0.736938
0.268677,-0.014160,0.994873
0.027344,-0.405884,0.752808
-0.372681,0.187134,0.845459
0.443359,-0.318481,0.961304
-0.503784,-0.079956,0.730591
0.188110,0.006104,0.987427
0.059326,-0.431885,0.774292
-0.416504,0.150879,0.818237
0.445312,-0.270264,0.971924
-0.445190,-0.090576,0.765503
0.132202,0.052002,1.005249
0.091675,-0.422729,0.784546
-0.497070,0.145508,0.782349
0.476074,-0.248901,1.004150
-0.393677,-0.151489,0.745361
0.049316,0.127319,1.012939
0.167725,-0.431274,0.825562
-0.558228,0.131348,0.760986
0.471680,-0.273315,0.994385
-0.308960,-0.194946,0.761353
-0.042236,0.196045,1.011597
0.244751,-0.418457,0.855835
-0.561401,0.086548,0.748291
0.448120,-0.229370,1.007202
-0.227539,-0.225220,0.783936
-0.100342,0.214233,0.994019
0.289185,-0.410889,0.885620
-0.569702,0.064697,0.759521
0.439453,-0.206299,1.025146
-0.149414,-0.296997,0.789917
-0.163696,0.219238,0.962158
0.346069,-0.370972,0.908569
-0.568359,0.075806,0.765991
0.395630,-0.178101,1.006836
-0.067749,-0.370850,0.791870
-0.207031,0.190308,0.936401
0.356934,-0.349976,0.917603
-0.550415,0.035522,0.751221
0.361328,-0.143799,1.005127
-0.021606,-0.402832,0.782715
-0.255493,0.178955,0.908936
0.393066,-0.349121,0.936523
-0.547729,0.017822,0.747437
0.307983,-0.095337,1.004395
0.009888,-0.448120,0.767944
-0.302368,0.152466,0.872192
0.426147,-0.318115,0.952515
-0.521362,-0.043579,0.742920
0.231323,-0.046875,0.991089
0.048706,-0.481079,0.761719
-0.338501,0.126953,0.844116
0.441162,-0.290161,0.962891
-0.501465,-0.047241,0.739746
0.192139,-0.014282,1.001343
0.089111,-0.490967,0.777832
-0.407227,0.100708,0.796631
0.455200,-0.278687,0.983521
-0.450562,-0.058838,0.761719
0.112305,0.052246,0.993774
0.126099,-0.467041,0.800659
-0.454712,0.074585,0.787109
0.465332,-0.263672,1.000610
-0.402466,-0.127319,0.751709
0.024780,0.150391,1.016602
0.196045,-0.427246,0.830933
-0.492554,0.068481,0.784668
0.462646,-0.274780,0.996460
-0.326416,-0.183838,0.776611
-0.046753,0.174927,1.004517
0.249878,-0.451660,0.854248
-0.519775,0.020508,0.742188
0.468384,-0.267700,1.021240
-0.249878,-0.209839,0.792969
-0.097534,0.222656,1.001221
0.295898,-0.387207,0.889771
-0.544922,0.027344,0.748413
0.435181,-0.245728,1.021606
-0.142334,-0.320801,0.808472
-0.141357,0.191650,0.980957
0.322754,-0.370605,0.910278
-0.547485,0.044312,0.764160
0.410522,-0.178345,1.030029
-0.052368,-0.377441,0.800171
-0.214722,0.192139,0.946411
0.357178,-0.373413,0.918091
-0.522461,-0.021240,0.742920
0.371460,-0.150757,1.024048
-0.012695,-0.408936,0.796753
-0.273682,0.181396,0.910767
0.402588,-0.349243,0.944824
-0.505859,-0.045532,0.751099
0.293091,-0.101562,0.997192
0.043945,-0.446289,0.809814
-0.309692,0.123901,0.875732
0.433960,-0.348145,0.954956
-0.490845,-0.057007,0.759033
0.216064,-0.030151,1.000610
0.083862,-0.474243,0.785889
-0.366089,0.108154,0.849609
0.463989,-0.316528,1.003174
-0.452759,-0.131836,0.744263
0.133057,0.031250,1.001343
0.119629,-0.461426,0.798828
-0.407959,0.102539,0.830566
0.476440,-0.278442,1.014893
-0.405762,-0.163208,0.756958
0.064209,0.071289,1.014648
0.186890,-0.476318,0.828735
-0.467651,0.058105,0.763306
0.475708,-0.231812,1.031982
-0.317139,-0.198730,0.771362
-0.020142,0.149658,1.027222
0.270020,-0.493530,0.869507
-0.511597,0.012695,0.742188
0.454468,-0.248901,1.022705
-0.239502,-0.221924,0.785767
-0.087891,0.188721,1.020386
0.325317,-0.444824,0.904663
-0.523315,0.010498,0.769165
0.418091,-0.195190,1.026489
-0.162842,-0.303711,0.784424
-0.141602,0.196533,1.003906
0.369995,-0.434814,0.939453
-0.530029,-0.000732,0.760010
0.407227,-0.176758,1.040771
-0.063354,-0.330200,0.809570
-0.218262,0.182007,0.961426
0.400879,-0.387451,0.962158
-0.511475,-0.075195,0.750122
0.363037,-0.120361,1.048584
0.019165,-0.396362,0.811035
-0.290161,0.194824,0.917358
0.437256,-0.375366,0.977051
-0.483276,-0.109131,0.754272
0.290649,-0.105469,1.015747
0.076782,-0.437134,0.806763
-0.329346,0.159790,0.893677
0.466553,-0.333008,0.995117
-0.473022,-0.124512,0.745605
0.200684,-0.038452,1.014282
0.096313,-0.465942,0.808350
-0.366089,0.103760,0.855103
0.497437,-0.299805,1.017944
-0.437012,-0.138794,0.745850
0.121460,0.039429,1.017944
0.186035,-0.482544,0.836792
-0.428833,0.088135,0.825073
0.510010,-0.310913,1.026978
-0.374268,-0.192261,0.762329
0.044556,0.097412,1.006470
0.260498,-0.472412,0.866943
-0.460327,0.040039,0.780518
0.474976,-0.240723,1.048462
-0.264160,-0.219971,0.812500
-0.042969,0.163818,1.023804
0.296997,-0.479370,0.880859
-0.491455,-0.003784,0.771973
0.462524,-0.221802,1.058594
-0.178467,-0.266846,0.814087
-0.124634,0.189453,1.002563
0.348022,-0.437012,0.927246
-0.489868,-0.023071,0.778320
0.427368,-0.152222,1.078369
-0.073486,-0.324097,0.822266
-0.195190,0.220703,0.994629
0.402222,-0.427002,0.945923
-0.501343,-0.048584,0.778320
0.378296,-0.164429,1.040405
0.027832,-0.407227,0.827271
-0.236328,0.205078,0.961548
0.430176,-0.350586,0.983887
-0.466309,-0.121826,0.757690
0.313110,-0.095947,1.033691
0.073242,-0.473267,0.809448
-0.278564,0.136108,0.924316
0.469727,-0.304199,1.016846
-0.457642,-0.109863,0.761841
0.244385,-0.046631,1.030151
0.112305,-0.457397,0.829102
-0.353027,0.113525,0.889282
0.501587,-0.321289,1.032837
-0.411255,-0.147339,0.765625
0.143921,0.052612,1.043213
0.189575,-0.470093,0.857910
-0.397949,0.083862,0.858643
0.514282,-0.275879,1.059937
-0.360840,-0.161743,0.774292
0.059937,0.111206,1.037354
0.261108,-0.497192,0.877075
-0.447998,0.015625,0.800537
0.503784,-0.267944,1.068726
-0.260742,-0.225098,0.811157
-0.015991,0.193970,1.048218
0.307251,-0.407959,0.917114
-0.482666,0.023926,0.794067
0.489380,-0.249878,1.080322
-0.177979,-0.301514,0.824951
-0.069946,0.183350,1.043091
0.367432,-0.399292,0.944702
-0.516235,0.046875,0.790161
0.466064,-0.218628,1.080444
-0.066772,-0.336304,0.860107
-0.148315,0.194946,1.016113
0.406372,-0.397827,0.967651
-0.486084,-0.013428,0.793091
0.404419,-0.162720,1.065430
-0.005737,-0.370728,0.858521
-0.193848,0.182495,1.002197
0.456665,-0.391113,0.995728
-0.473022,-0.042725,0.782715
0.349121,-0.097778,1.072998
0.069702,-0.425903,0.854614
-0.241333,0.156616,0.962769
0.478149,-0.328613,1.035400
-0.450073,-0.094360,0.784180
0.307373,-0.066650,1.062866
0.111572,-0.431763,0.843262
-0.303833,0.159302,0.936890
0.494263,-0.280151,1.050049
-0.408203,-0.145264,0.786987
0.227661,-0.009888,1.066528
0.161987,-0.430298,0.877563
-0.366211,0.130859,0.899780
0.514160,-0.268188,1.067139
-0.371948,-0.179321,0.771973
0.154419,0.035278,1.053711
0.251343,-0.462769,0.902588
-0.411621,0.075806,0.833130
0.516724,-0.228882,1.076416
-0.296753,-0.199219,0.798096
0.050415,0.116089,1.056885
0.328735,-0.496948,0.921875
-0.455322,0.036377,0.810547
0.509766,-0.198853,1.097290
-0.228638,-0.215820,0.817139
-0.060547,0.182617,1.033081
0.394043,-0.471313,0.961914
-0.455322,-0.028320,0.804199
0.462891,-0.144043,1.112183
-0.110107,-0.259399,0.856934
-0.127686,0.202393,1.024902
0.432007,-0.409424,0.992432
-0.440918,-0.083496,0.796143
0.424072,-0.115356,1.115967
0.020386,-0.346558,0.861328
-0.210449,0.223267,1.006592
0.475830,-0.360107,1.029175
-0.423218,-0.141724,0.779175
0.344116,-0.072021,1.099731
0.092407,-0.393799,0.868042
-0.265015,0.192871,0.982544
0.494019,-0.309082,1.052490
-0.398804,-0.127686,0.811646
0.276489,-0.030396,1.091919
0.158813,-0.414062,0.896484
-0.348877,0.136475,0.910034
0.523071,-0.246704,1.089722
-0.327881,-0.162354,0.829834
0.144775,0.047607,1.060425
0.258179,-0.493408,0.904297
-0.415283,0.042603,0.834229
0.537720,-0.214966,1.113159
-0.248535,-0.204102,0.820068
0.009399,0.166870,1.071045
0.362183,-0.494385,0.939819
-0.451416,0.010864,0.828979
0.499878,-0.174561,1.116699
-0.124390,-0.256714,0.867065
-0.083496,0.227661,1.051025
0.413818,-0.376953,1.000000
-0.456055,-0.041260,0.811768
0.451904,-0.159546,1.129517
-0.005371,-0.379272,0.855591
-0.153931,0.211792,1.045532
0.453491,-0.336914,1.027344
-0.437500,-0.046387,0.809204
0.387695,-0.098755,1.110962
0.083252,-0.447876,0.868652
-0.245972,0.190430,1.004761
0.502319,-0.309448,1.067383
-0.393677,-0.114136,0.810181
0.298828,-0.020630,1.098389
0.140015,-0.410156,0.903076
-0.330933,0.149414,0.946655
0.538818,-0.265991,1.106689
-0.347900,-0.187866,0.793457
0.190674,0.078857,1.110352
0.241577,-0.465576,0.920410
-0.379639,0.092773,0.897217
0.557617,-0.264160,1.105469
-0.292969,-0.206299,0.821411
0.093872,0.143921,1.081299
0.333008,-0.461792,0.956177
-0.414917,0.042236,0.838623
0.537842,-0.178711,1.133789
-0.228516,-0.236206,0.821289
0.024414,0.158691,1.080322
0.392700,-0.461304,0.975464
-0.444458,0.059082,0.837036
0.510986,-0.129395,1.139160
-0.153687,-0.236084,0.851074
-0.046021,0.189453,1.080688
0.431396,-0.448608,1.006348
-0.451660,-0.004883,0.845093
0.484253,-0.091064,1.149658
-0.058960,-0.293457,0.866943
-0.117188,0.213013,1.072510
0.458618,-0.386963,1.044189
-0.440430,-0.060669,0.823120
0.461792,-0.094849,1.151123
0.037842,-0.341309,0.893066
-0.188477,0.239380,1.050537
0.500732,-0.359863,1.059570
-0.417358,-0.103271,0.814087
0.236816,-0.034424,1.058228
0.063965,-0.343140,0.892700
-0.368774,0.145874,0.896362
0.519409,-0.302734,1.055786
-0.395996,-0.134399,0.817505
0.157715,0.037720,1.067871
0.220703,-0.462036,0.888550
-0.413330,0.071899,0.833618
0.520874,-0.254761,1.071289
-0.318726,-0.190552,0.788452
0.063110,0.086182,1.046387
0.307373,-0.508667,0.907471
-0.451172,0.029907,0.793701
0.503052,-0.208496,1.082764
-0.255859,-0.225952,0.792725
-0.005737,0.157227,1.060181
0.357910,-0.475342,0.943359
-0.464478,0.036743,0.815063
0.485596,-0.169556,1.097778
-0.167969,-0.253662,0.829590
-0.097046,0.209229,1.055908
0.402100,-0.437256,0.972900
-0.477783,0.002808,0.800659
0.450928,-0.127319,1.114990
-0.051270,-0.313477,0.850830
-0.158936,0.216919,1.041016
0.430908,-0.408081,0.995605
-0.449463,-0.091187,0.787109
0.401978,-0.094849,1.119263
0.043701,-0.371094,0.857666
-0.229736,0.226074,1.012817
0.471313,-0.361938,1.026489
-0.427368,-0.140381,0.782349
0.337280,-0.079224,1.092773
0.096191,-0.399658,0.863525
-0.286743,0.177246,0.964233
0.495361,-0.287354,1.064941
-0.381104,-0.158691,0.796265
0.247192,-0.004883,1.076660
0.149292,-0.431885,0.879272
-0.344971,0.120117,0.916016
0.544556,-0.271973,1.094604
-0.351929,-0.192871,0.779297
0.135864,0.089600,1.066284
0.259033,-0.470337,0.898315
-0.388672,0.037109,0.842651
0.535767,-0.223267,1.115234
-0.282593,-0.219971,0.799316
0.043213,0.141479,1.063354
0.323120,-0.462646,0.933228
-0.434326,0.016602,0.820312
0.513306,-0.213867,1.116333
-0.201294,-0.242554,0.843628
-0.054199,0.191040,1.054077
0.387817,-0.419800,0.982056
-0.454956,-0.002075,0.826782
0.478271,-0.148804,1.122192
-0.065796,-0.301147,0.864014
-0.126343,0.217285,1.045776
0.429443,-0.385254,1.002075
-0.455566,-0.047607,0.807739
0.446655,-0.122803,1.127686
0.054321,-0.388550,0.873779
-0.198608,0.232422,1.036621
0.470703,-0.333374,1.033447
-0.444824,-0.068481,0.796631
0.375977,-0.098267,1.094360
0.107544,-0.401855,0.893188
-0.258057,0.181152,0.987183
0.499146,-0.275146,1.072144
-0.410278,-0.108032,0.803345
0.284912,-0.036743,1.088379
0.169678,-0.448120,0.896729
-0.323120,0.133057,0.942139
0.533325,-0.237549,1.105347
-0.350830,-0.155396,0.805542
0.169434,0.058960,1.063965
0.271851,-0.479248,0.927856
-0.388306,0.033569,0.860962
0.531738,-0.196167,1.133179
-0.269897,-0.213867,0.804810
0.065186,0.172852,1.092163
0.349243,-0.447754,0.955688
-0.438354,0.047852,0.854980
0.519775,-0.211060,1.123413
-0.168091,-0.277954,0.849854
-0.051025,0.207642,1.063599
0.405029,-0.409058,0.999512
-0.454956,0.003052,0.834106
0.496948,-0.144531,1.144287
-0.034058,-0.316040,0.874268
-0.115479,0.228149,1.057373
0.439697,-0.342285,1.024414
-0.456909,-0.031616,0.809570
0.451172,-0.121094,1.144043
0.062622,-0.407959,0.886841
-0.196045,0.201416,1.029663
0.482056,-0.327881,1.055054
-0.423584,-0.070190,0.824341
0.391602,-0.077759,1.128418
0.078979,-0.384155,0.893066
-0.251709,0.188110,1.011353
0.525757,-0.296021,1.099854
-0.412598,-0.115845,0.809692
0.311890,-0.026855,1.125488
0.149658,-0.423218,0.908203
-0.303589,0.170410,0.978149
0.554932,-0.263794,1.109131
-0.364502,-0.124268,0.818115
0.213623,0.042725,1.091309
0.238037,-0.478516,0.920532
-0.356201,0.070435,0.897339
0.570068,-0.253418,1.135864
-0.303345,-0.172119,0.822876
0.119995,0.144653,1.100952
0.308716,-0.443848,0.960815
-0.407104,0.044067,0.878418
0.553589,-0.231079,1.144287
-0.218872,-0.247925,0.847656
0.035400,0.172729,1.083618
0.359253,-0.379272,0.984009
-0.434326,0.039062,0.854980
0.540649,-0.178833,1.163574
-0.134888,-0.277954,0.862183
-0.030518,0.221313,1.098633
0.408447,-0.378052,1.002563
-0.450317,0.023315,0.839355
0.502197,-0.158691,1.138306
-0.056763,-0.320312,0.890991
-0.087280,0.195679,1.073853
0.454102,-0.367554,1.035522
-0.452881,0.012695,0.831787
0.462158,-0.123657,1.148560
0.031982,-0.391479,0.890503
-0.133667,0.194824,1.075684
0.486206,-0.348145,1.051147
-0.460205,-0.019165,0.822754
0.423584,-0.089966,1.144775
0.075928,-0.381104,0.909058
-0.187378,0.212280,1.053589
0.500854,-0.297852,1.076416
-0.425659,-0.064941,0.831177
0.381958,-0.069702,1.140259
0.086182,-0.393188,0.912476
-0.245728,0.214355,1.032837
0.554199,-0.297485,1.118042
-0.406860,-0.093628,0.819458
0.324463,-0.030518,1.132324
0.143555,-0.405273,0.924438
-0.293945,0.194458,0.997803
0.563965,-0.270630,1.129517
-0.367188,-0.159058,0.820801
0.267090,0.027832,1.132690
0.202881,-0.414429,0.939453
-0.334473,0.158691,0.947876
0.563721,-0.248169,1.136963
-0.326904,-0.190430,0.817505
0.204468,0.067749,1.119751
0.261108,-0.421265,0.951904
-0.355957,0.098755,0.914673
0.563477,-0.240479,1.129639
-0.292114,-0.204956,0.829712
0.145996,0.116333,1.116089
0.319702,-0.429932,0.981201
-0.391602,0.077637,0.881226
0.562256,-0.215942,1.144287
-0.249268,-0.207397,0.836792
0.082886,0.154175,1.104492
0.360229,-0.414551,0.987671
-0.424927,0.074951,0.881226
0.559937,-0.191162,1.166870
-0.172485,-0.267090,0.872192
-0.010010,0.187134,1.079712
0.397949,-0.391479,1.011841
-0.423340,0.017456,0.855957
0.544678,-0.167969,1.164551
-0.088135,-0.255493,0.895142
-0.069336,0.216064,1.087891
0.421265,-0.361572,1.025757
-0.431763,-0.040283,0.848389
0.523926,-0.152710,1.178223
-0.012817,-0.341064,0.896973
-0.120605,0.243164,1.089722
0.455078,-0.339478,1.037476
-0.436035,-0.039429,0.836304
0.479980,-0.135864,1.157349
0.024048,-0.386719,0.905029
-0.157227,0.207153,1.066895
0.487427,-0.318359,1.071411
-0.455444,-0.013306,0.825439
0.441895,-0.105591,1.159912
0.061646,-0.373901,0.939209
-0.201660,0.200806,1.064331
0.504517,-0.278564,1.112061
-0.457397,-0.033325,0.802734
0.395874,-0.039307,1.160400
0.100464,-0.415527,0.925293
-0.239258,0.203003,1.067871
0.537964,-0.302490,1.119263
-0.436035,-0.057861,0.808105
0.353027,-0.000488,1.151978
0.126465,-0.388062,0.937378
-0.266968,0.190674,1.043091
0.554321,-0.293091,1.135498
-0.409058,-0.105225,0.804932
0.302368,0.039307,1.150635
0.150269,-0.405640,0.934082
-0.282104,0.150024,1.017090
0.566040,-0.272339,1.148560
-0.383057,-0.126465,0.811157
0.274048,0.067993,1.152100
0.176880,-0.405029,0.932251
-0.300781,0.118042,0.979858
0.585571,-0.279541,1.140747
-0.361450,-0.138184,0.827393
0.246338,0.087280,1.130371
0.203979,-0.402710,0.946045
-0.322754,0.113770,0.940796
0.576416,-0.264893,1.142944
-0.338867,-0.195801,0.812988
0.228149,0.102051,1.153198
0.221802,-0.404297,0.940186
-0.357422,0.114624,0.926880
0.590942,-0.278564,1.149902
-0.316406,-0.213135,0.822632
0.176514,0.119141,1.122314
0.247925,-0.427856,0.943481
-0.358398,0.105713,0.915527
0.579102,-0.259766,1.145386
-0.295166,-0.205322,0.830811
0.164917,0.102539,1.122314
0.273804,-0.411133,0.957153
-0.384155,0.110718,0.904907
0.588135,-0.231445,1.156128
-0.284790,-0.206543,0.835205
0.120605,0.109375,1.109863
0.300781,-0.429688,0.966431
-0.395996,0.095703,0.902832
0.571655,-0.191406,1.158447
-0.262329,-0.225708,0.829224
0.096313,0.149170,1.114380
0.332520,-0.424072,0.972656
-0.413208,0.093628,0.907227
0.565186,-0.203857,1.158569
-0.237061,-0.218994,0.843018
0.052979,0.169189,1.099854
0.362427,-0.419800,0.999268
-0.422241,0.040771,0.884521
0.553589,-0.178345,1.174072
-0.187866,-0.257690,0.851807
-0.008545,0.204346,1.095947
0.395142,-0.396118,1.006470
-0.418335,0.004272,0.859497
0.538574,-0.164429,1.176636
-0.122437,-0.292480,0.871948
-0.032837,0.199097,1.091309
0.402954,-0.367554,1.009277
-0.443359,0.009644,0.847534
0.541016,-0.179443,1.177246
-0.050781,-0.331299,0.885376
-0.061035,0.212524,1.078613
0.410156,-0.332520,1.010010
-0.457642,0.001221,0.836914
0.518555,-0.159546,1.182373
-0.035034,-0.351929,0.877319
-0.098633,0.205566,1.099854
0.434082,-0.322510,1.025391
-0.459473,-0.021240,0.820068
0.483032,-0.120850,1.175903
-0.010620,-0.358521,0.886353
-0.155396,0.204834,1.071289
0.478638,-0.305054,1.069946
-0.478271,-0.007080,0.810303
0.422241,-0.110107,1.155029
0.052002,-0.407593,0.903442
-0.232056,0.219727,1.036865
0.505249,-0.281494,1.083984
-0.441895,-0.060181,0.802002
0.359009,-0.026123,1.157104
0.094604,-0.418579,0.920410
-0.274536,0.163818,1.005005
0.526245,-0.264404,1.127930
-0.392456,-0.120728,0.811768
0.303833,0.046387,1.167725
0.147827,-0.402954,0.910522
-0.312988,0.139893,0.961548
0.550781,-0.275269,1.116821
-0.370850,-0.140381,0.809937
0.235596,0.069580,1.140747
0.216675,-0.413452,0.938232
-0.358887,0.119385,0.926514
0.537720,-0.231323,1.131470
-0.311035,-0.204956,0.817627
0.172119,0.086548,1.126343
0.271484,-0.416992,0.948242
-0.415649,0.114502,0.901001
0.546997,-0.183228,1.144409
-0.260376,-0.254272,0.815796
0.090210,0.140137,1.119507
0.326660,-0.413940,0.978271
-0.446777,0.085938,0.878418
0.548828,-0.184204,1.145142
-0.173828,-0.291992,0.833374
0.006714,0.168945,1.099243
0.357910,-0.382812,0.980835
-0.454468,0.033081,0.845093
0.535400,-0.159546,1.155640
-0.074707,-0.336792,0.845093
-0.073364,0.203613,1.081055
0.399780,-0.358154,1.002686
-0.459961,-0.026245,0.834229
0.509155,-0.156860,1.169189
-0.040894,-0.365845,0.837402
-0.147583,0.197754,1.040771
0.438477,-0.314819,1.033081
-0.459229,-0.042114,0.811035
0.460205,-0.123535,1.168091
-0.023560,-0.353638,0.866211
-0.224976,0.229858,1.042358
0.501587,-0.313477,1.065796
-0.453247,-0.033325,0.802856
0.368408,-0.063232,1.148315
0.057495,-0.380737,0.900269
-0.266968,0.173828,0.998169
0.504028,-0.269165,1.093750
-0.408691,-0.113525,0.800903
0.309204,-0.016113,1.143066
0.139648,-0.403076,0.912109
-0.339844,0.158325,0.955811
0.520142,-0.255005,1.098877
-0.354492,-0.182495,0.802124
0.211426,0.068115,1.121094
0.207520,-0.422241,0.919678
-0.388672,0.126831,0.927490
0.539185,-0.233154,1.113525
-0.304077,-0.214478,0.798462
0.123291,0.132446,1.106812
0.265625,-0.411499,0.933716
-0.421387,0.058105,0.880859
0.549072,-0.216797,1.132690
-0.242554,-0.246460,0.831909
0.036621,0.155884,1.084229
0.296631,-0.377930,0.956299
-0.439941,0.035278,0.854004
0.538818,-0.184937,1.148438
-0.168701,-0.296997,0.819580
-0.021851,0.150146,1.067749
0.354126,-0.380249,0.968750
-0.454346,0.027466,0.843872
0.527100,-0.177979,1.142944
-0.121704,-0.317749,0.826904
-0.080444,0.172852,1.057007
0.399902,-0.361938,1.000732
-0.459351,-0.011475,0.819458
0.487061,-0.118530,1.154297
-0.078613,-0.320679,0.827271
-0.162354,0.199951,1.048462
0.440552,-0.359497,1.024658
-0.462891,-0.067871,0.800659
0.442383,-0.090088,1.153198
-0.050415,-0.307861,0.847534
-0.228760,0.203735,1.025879
0.468628,-0.307983,1.064087
-0.453003,-0.107178,0.791260
0.389160,-0.066528,1.154297
-0.003296,-0.343262,0.861694
-0.288818,0.193604,0.988403
0.491699,-0.305298,1.064575
-0.425537,-0.142212,0.791260
0.320801,-0.050415,1.131104
0.076416,-0.371094,0.880127
-0.337036,0.177612,0.942383
0.509644,-0.277832,1.071045
-0.387573,-0.171143,0.782593
0.246094,-0.000732,1.118286
0.149292,-0.407715,0.893921
-0.386230,0.179321,0.923584
0.516968,-0.237549,1.082764
-0.354614,-0.186279,0.788208
0.159180,0.037720,1.096558
0.225098,-0.437622,0.919434
-0.426025,0.101562,0.873779
0.531616,-0.210205,1.108643
-0.322754,-0.188477,0.796631
0.069824,0.118652,1.085327
0.274902,-0.432983,0.940796
-0.445801,0.036133,0.867676
0.531494,-0.188354,1.128662
-0.250488,-0.249146,0.790894
-0.010376,0.155151,1.071289
0.323120,-0.410156,0.950928
-0.480347,0.029541,0.839233
0.518066,-0.199707,1.135986
-0.140137,-0.330200,0.798828
-0.059448,0.192383,1.069946
0.329102,-0.359497,0.941040
-0.490845,0.010864,0.818848
0.525513,-0.220581,1.141724
-0.126587,-0.345215,0.808472
-0.115479,0.169434,1.031128
0.370483,-0.351196,0.966919
-0.500977,-0.018311,0.804810
0.487183,-0.196533,1.134521
-0.101807,-0.361450,0.819946
-0.184204,0.190186,1.018066
0.411987,-0.341675,1.004395
-0.500732,-0.022339,0.800659
0.426147,-0.146118,1.119995
-0.094116,-0.323608,0.814697
-0.202759,0.188965,1.031372
0.439697,-0.337891,1.026611
-0.532837,-0.015625,0.782959
0.407227,-0.126587,1.127075
-0.056030,-0.344238,0.830200
-0.226562,0.197388,1.005127
0.443237,-0.315674,1.020996
-0.529419,-0.021240,0.762939
0.399658,-0.128540,1.117798
-0.036133,-0.363525,0.847046
-0.262085,0.182373,0.996338
0.477051,-0.326416,1.042358
-0.529785,0.013428,0.766724
0.342163,-0.084839,1.109375
0.012329,-0.409180,0.855225
-0.283936,0.171265,0.978760
0.460815,-0.292114,1.042114
-0.492676,0.002319,0.769287
0.331177,-0.056519,1.124146
0.027100,-0.390503,0.862793
-0.317749,0.155884,0.971680
0.490845,-0.306763,1.049438
-0.499512,-0.021484,0.762939
0.261841,-0.008667,1.105103
0.096924,-0.412842,0.870239
-0.355225,0.154541,0.940186
0.477173,-0.281372,1.054565
-0.430420,-0.120483,0.760864
0.202393,0.081909,1.105957
0.124512,-0.388306,0.892700
-0.411499,0.114624,0.906128
0.512451,-0.315674,1.068115
-0.411621,-0.158569,0.771851
0.145508,0.135620,1.099487
0.150635,-0.351807,0.888550
-0.428101,0.082642,0.886230
0.546997,-0.316406,1.089233
-0.384888,-0.199463,0.774414
0.089600,0.146118,1.080200
0.178955,-0.379150,0.873047
-0.456055,0.077148,0.864014
0.545166,-0.292480,1.093750
-0.331055,-0.212769,0.793945
0.056641,0.160645,1.076904
0.208374,-0.360229,0.893311
-0.475342,0.021973,0.817139
0.523438,-0.264526,1.097778
-0.270874,-0.291992,0.791016
0.006592,0.154541,1.053223
0.248657,-0.372925,0.902222
-0.489624,0.021240,0.810913
0.500977,-0.246704,1.087646
-0.221436,-0.292236,0.794800
-0.050171,0.187378,1.041626
0.296021,-0.374878,0.919800
-0.498901,-0.001099,0.808960
0.474121,-0.212280,1.097046
-0.188110,-0.324097,0.780273
-0.071411,0.154175,1.019653
0.316895,-0.359497,0.920776
-0.519897,0.016235,0.791504
0.494873,-0.255371,1.094360
-0.143921,-0.367554,0.779053
-0.147705,0.151001,0.980225
0.336182,-0.340576,0.942749
-0.519775,0.014526,0.782593
0.455078,-0.198608,1.102783
-0.123657,-0.369873,0.786255
-0.192261,0.157349,0.999634
0.375732,-0.351807,0.955566
-0.536621,0.009399,0.771118
0.412231,-0.142944,1.096436
-0.095459,-0.342651,0.810425
-0.240479,0.177124,0.988281
0.394409,-0.317505,0.994873
-0.547485,-0.031128,0.746460
0.396240,-0.120972,1.107300
-0.068970,-0.350952,0.819580
-0.315918,0.200928,0.952881
0.432861,-0.332153,1.007568
-0.520630,-0.019409,0.759155
0.327271,-0.105103,1.080811
-0.041260,-0.348633,0.831055
-0.320435,0.169067,0.949219
0.461426,-0.296509,1.036011
-0.510742,-0.058960,0.738159
0.274658,-0.056152,1.083740
0.010620,-0.389771,0.823120
-0.369141,0.167114,0.918213
0.468506,-0.306030,1.026855
-0.467896,-0.085815,0.768921
0.212524,-0.015259,1.066040
0.080322,-0.405273,0.859131
-0.435913,0.175781,0.894043
0.471069,-0.254639,1.044800
-0.441772,-0.139648,0.763428
0.155396,0.013184,1.066772
0.138306,-0.424072,0.870605
-0.469238,0.125122,0.847534
0.468628,-0.222290,1.064209
-0.391357,-0.219971,0.751953
0.070068,0.085571,1.058472
0.207520,-0.425171,0.883301
-0.503540,0.093384,0.826172
0.466797,-0.210815,1.060181
-0.273682,-0.254395,0.769897
-0.024170,0.130737,1.038818
0.273071,-0.426758,0.897095
-0.527588,0.040527,0.787598
0.458130,-0.194580,1.075928
-0.206177,-0.323120,0.745483
-0.120361,0.149170,1.004150
0.332520,-0.393311,0.921387
-0.529663,0.033325,0.792358
0.440674,-0.172363,1.086182
-0.163940,-0.331787,0.749512
-0.227905,0.187012,0.985474
0.389648,-0.386475,0.963257
-0.524902,-0.043091,0.775513
0.377930,-0.126587,1.077148
-0.114380,-0.340698,0.777344
-0.313477,0.199219,0.949951
0.416870,-0.314087,1.002930
-0.512695,-0.099731,0.739014
0.314209,-0.093384,1.073364
-0.051270,-0.383423,0.793823
-0.366577,0.186768,0.914551
0.442139,-0.312012,1.005981
-0.472412,-0.119629,0.744873
0.200195,0.000244,1.064453
0.044556,-0.378296,0.840820
-0.435181,0.167358,0.892578
0.464722,-0.275757,1.039307
-0.455322,-0.148193,0.754272
0.094238,0.058105,1.033325
0.160889,-0.403442,0.873169
-0.483643,0.090210,0.819946
0.459839,-0.208862,1.063354
-0.319214,-0.236084,0.767334
-0.014404,0.138184,1.040527
0.236084,-0.407593,0.879272
-0.520874,0.029541,0.806763
0.464966,-0.216309,1.074951
-0.227173,-0.324097,0.736206
-0.120728,0.162231,0.992432
0.301758,-0.373535,0.914307
-0.535278,-0.002441,0.770874
0.435791,-0.194702,1.074097
-0.165161,-0.369995,0.744263
-0.238281,0.178711,0.959351
0.364380,-0.347534,0.945435
-0.550781,-0.009399,0.773438
0.353027,-0.136353,1.075317
-0.124023,-0.370605,0.773071
-0.282837,0.141968,0.934326
0.410522,-0.320435,0.988281
-0.540771,-0.027100,0.739136
0.250732,-0.045654,1.052246
-0.018066,-0.387451,0.813354
-0.369141,0.150635,0.914917
0.425659,-0.286865,1.020752
-0.493042,-0.112549,0.720215
0.167847,0.032471,1.055054
0.062378,-0.405273,0.827026
-0.475830,0.153687,0.877075
0.467041,-0.302002,1.021851
-0.430298,-0.141968,0.745239
0.064453,0.118164,1.031494
0.148193,-0.400635,0.848511
-0.517578,0.091919,0.826416
0.464844,-0.257690,1.039795
-0.325684,-0.261230,0.739624
-0.017944,0.150757,1.030762
0.203613,-0.368896,0.860229
-0.534424,0.084229,0.803711
0.451294,-0.241821,1.038208
-0.254761,-0.311035,0.752808
-0.076782,0.090332,0.981934
0.267822,-0.380127,0.903198
-0.546631,0.052246,0.761841
0.439697,-0.200439,1.055908
-0.215576,-0.310791,0.742310
-0.166016,0.143799,0.977539
0.332275,-0.380005,0.918213
-0.566895,0.010498,0.762817
0.394409,-0.162476,1.064209
-0.180176,-0.365479,0.724976
-0.244141,0.165894,0.957642
0.379395,-0.368408,0.954590
-0.558350,-0.038086,0.742676
0.347412,-0.111084,1.069214
-0.131836,-0.350342,0.750122
-0.317383,0.189087,0.934937
0.416016,-0.349976,0.981323
-0.550659,-0.079712,0.727173
0.271729,-0.059814,1.052490
-0.074219,-0.354980,0.780029
-0.393066,0.165283,0.887817
0.446655,-0.322388,1.009399
-0.502808,-0.112915,0.721191
0.173950,0.011597,1.043579
0.034058,-0.396484,0.813477
-0.464600,0.160034,0.861816
0.453979,-0.260376,1.025879
-0.459717,-0.134277,0.734131
0.068726,0.088013,1.027954
0.145752,-0.447754,0.844727
-0.516602,0.107666,0.814331
0.456177,-0.237793,1.042114
-0.342407,-0.217041,0.739990
-0.013062,0.164795,1.027222
0.204102,-0.409058,0.850830
-0.543945,0.048950,0.791260
0.451660,-0.238281,1.043335
-0.274536,-0.306763,0.715820
-0.075684,0.138550,0.994629
0.259766,-0.390991,0.869385
-0.592163,0.093506,0.775513
0.438965,-0.245605,1.041504
-0.199707,-0.390137,0.720825
-0.165894,0.142334,0.962769
0.289551,-0.345459,0.897095
-0.570801,0.058716,0.753784
0.402954,-0.201782,1.053711
-0.179443,-0.378784,0.729858
-0.238037,0.140625,0.950073
0.356201,-0.364990,0.935059
-0.568359,0.020386,0.747681
0.351929,-0.115479,1.050537
-0.154297,-0.328247,0.747437
-0.289917,0.143066,0.922729
0.376343,-0.379395,0.950928
-0.543213,-0.067017,0.734619
0.311890,-0.073120,1.058105
-0.118774,-0.348511,0.745850
-0.356934,0.192749,0.904053
0.388794,-0.336060,0.958618
-0.547119,-0.074097,0.728027
0.271973,-0.085083,1.054443
-0.044312,-0.408813,0.781250
-0.438599,0.203247,0.874756
0.412964,-0.298340,0.984009
-0.510010,-0.125854,0.704102
0.184692,0.003296,1.036621
0.029541,-0.395508,0.808838
-0.484375,0.188477,0.865112
0.433716,-0.289917,0.997559
-0.495728,-0.144043,0.715698
0.109009,0.027954,1.020630
0.091919,-0.398560,0.834229
-0.505615,0.165405,0.837280
0.444702,-0.260986,1.011719
-0.433838,-0.154785,0.745972
0.027100,0.079468,1.013672
0.158813,-0.426514,0.843384
-0.535278,0.123901,0.827515
0.450195,-0.222900,1.038818
-0.344971,-0.222534,0.739746
-0.034912,0.129028,1.012451
0.205933,-0.440063,0.851685
-0.564819,0.089966,0.778931
0.440918,-0.142212,1.105835
-0.269531,-0.281250,0.736938
-0.177734,0.154785,0.997803
0.385254,-0.363525,0.966064
-0.532349,-0.034180,0.764160
0.400757,-0.142944,1.096802
-0.112671,-0.319946,0.794922
-0.242676,0.174316,0.987915
0.413574,-0.319214,0.994873
-0.529785,-0.050537,0.753540
0.340088,-0.120850,1.075073
-0.048828,-0.360352,0.815552
-0.309082,0.168701,0.954468
0.446655,-0.308472,1.027222
-0.503174,-0.080078,0.738892
0.256958,-0.060913,1.065430
0.018555,-0.384399,0.834106
-0.385742,0.153687,0.911987
0.486206,-0.263916,1.069824
-0.459351,-0.134521,0.737793
0.164307,0.060181,1.064941
0.087280,-0.403687,0.853027
-0.435791,0.113281,0.872925
0.499023,-0.282715,1.072388
-0.411743,-0.171021,0.757812
0.082275,0.112183,1.055420
0.142578,-0.392212,0.864990
-0.459473,0.097046,0.853516
0.494019,-0.250610,1.065674
-0.333374,-0.201538,0.782959
0.014526,0.130859,1.044312
0.218750,-0.419067,0.883545
-0.484253,0.063965,0.843140
0.473267,-0.220825,1.068604
-0.255981,-0.279297,0.769531
-0.043091,0.162476,1.031494
0.269043,-0.385376,0.894165
-0.516235,0.044556,0.804443
0.472046,-0.223999,1.071167
-0.192871,-0.337402,0.765015
-0.131104,0.147583,0.989746
0.321167,-0.381836,0.916260
-0.526489,0.003296,0.771118
0.447388,-0.173706,1.097534
-0.166382,-0.325562,0.759521
-0.208496,0.166260,0.985474
0.363647,-0.378784,0.953735
-0.556274,-0.029419,0.754028
0.415527,-0.175537,1.089478
-0.114014,-0.330322,0.781372
-0.282349,0.188721,0.954590
0.402832,-0.326294,0.984375
-0.538452,-0.052124,0.746948
0.335815,-0.124146,1.074585
-0.036377,-0.383179,0.806519
-0.344360,0.183472,0.919067
0.425415,-0.283691,1.011353
-0.510742,-0.080200,0.737183
0.240356,-0.041626,1.068237
0.040894,-0.412354,0.821533
-0.410278,0.172729,0.901489
0.459106,-0.291870,1.025879
-0.472534,-0.104126,0.740845
0.151245,0.049927,1.053955
0.105713,-0.392090,0.854492
-0.463623,0.116211,0.857300
0.471313,-0.281250,1.040405
-0.418213,-0.185791,0.736572
0.063721,0.115601,1.050171
0.178589,-0.390869,0.871582
-0.521973,0.094971,0.828613
0.492554,-0.269287,1.057373
-0.298584,-0.257202,0.762939
-0.033203,0.159302,1.027100
0.225342,-0.370972,0.886230
-0.536011,0.024658,0.784790
0.473633,-0.264648,1.056885
-0.223267,-0.342041,0.745239
-0.078979,0.136108,0.990845
0.269531,-0.363037,0.883301
-0.551147,0.040894,0.768066
0.453735,-0.230591,1.063843
-0.185059,-0.382202,0.747437
-0.159424,0.134155,0.978027
0.327759,-0.368896,0.922241
-0.547241,0.037354,0.761719
0.423462,-0.190552,1.066895
-0.161865,-0.342896,0.767822
-0.240234,0.158569,0.964600
0.371094,-0.343506,0.955933
-0.542358,0.005859,0.748169
0.362915,-0.128052,1.077271
-0.122681,-0.353394,0.792969
-0.300415,0.150635,0.933105
0.400513,-0.336060,0.976196
-0.528198,-0.036621,0.756714
0.299316,-0.072876,1.066895
-0.066650,-0.375610,0.774048
-0.366089,0.185669,0.912354
0.432251,-0.341797,0.981445
-0.493042,-0.107300,0.752075
0.233154,-0.061279,1.058716
-0.000122,-0.365967,0.822876
-0.432495,0.186157,0.873169
0.448853,-0.285889,1.013184
-0.452026,-0.155151,0.747559
0.142456,0.023682,1.054932
0.085693,-0.405762,0.837891
-0.485107,0.140625,0.841064
0.454712,-0.238037,1.034180
-0.392700,-0.174316,0.772339
0.061646,0.070068,1.046021
0.179199,-0.413208,0.866821
-0.529175,0.112671,0.813965
0.443604,-0.232422,1.030762
-0.287842,-0.265137,0.760376
-0.038452,0.115723,1.020874
0.256592,-0.414795,0.895508
-0.532837,0.068726,0.795410
0.443359,-0.176270,1.060303
-0.222534,-0.288208,0.746460
-0.163818,0.143311,0.980347
0.322021,-0.388062,0.925903
-0.529541,-0.034302,0.769165
0.399902,-0.154053,1.069946
-0.179565,-0.336670,0.735718
-0.277710,0.193359,0.942993
0.381958,-0.346313,0.956543
-0.535767,-0.062256,0.755737
0.344849,-0.122070,1.079590
-0.111328,-0.351074,0.769653
-0.343140,0.190186,0.916138
0.418579,-0.331177,0.978149
-0.529175,-0.088623,0.726074
0.251831,-0.075684,1.063599
-0.014282,-0.399048,0.799072
-0.439575,0.205444,0.894287
0.442871,-0.282837,1.010498
-0.477173,-0.127197,0.741455
0.133301,0.023315,1.048462
0.091309,-0.427002,0.840698
-0.500000,0.136597,0.853516
0.456421,-0.260742,1.027588
-0.389160,-0.187012,0.747192
0.030273,0.114014,1.033813
0.187378,-0.401978,0.863281
-0.552734,0.095947,0.805908
0.447876,-0.249756,1.038330
-0.282593,-0.293579,0.732056
-0.045532,0.139526,1.015259
0.256348,-0.387329,0.888794
-0.563965,0.060791,0.791382
0.429688,-0.204590,1.046997
-0.202881,-0.348755,0.729614
-0.158081,0.157227,0.974609
0.313110,-0.383057,0.918701
-0.562012,0.029053,0.761353
0.409058,-0.166260,1.057983
-0.168091,-0.337646,0.746582
-0.262329,0.167969,0.950928
0.350586,-0.373535,0.933105
-0.545776,-0.014160,0.751465
0.357056,-0.139404,1.059448
-0.136475,-0.329590,0.763916
-0.325073,0.182373,0.923096
0.403809,-0.341675,0.968506
-0.549805,-0.034058,0.738770
0.268433,-0.062988,1.057983
-0.045776,-0.352783,0.805908
-0.406738,0.168823,0.898071
0.419434,-0.308960,1.000366
-0.515991,-0.127197,0.701172
0.177368,0.012085,1.042603
0.047852,-0.393921,0.814453
-0.475830,0.178589,0.859253
0.445068,-0.284790,1.007812
-0.464355,-0.146851,0.734619
0.073242,0.073730,1.027832
0.135376,-0.394897,0.852905
-0.523804,0.126587,0.823730
0.456177,-0.262207,1.030518
-0.349731,-0.238037,0.731689
-0.021362,0.132568,1.011963
0.207764,-0.401611,0.871704
-0.566040,0.081665,0.788574
0.451660,-0.235107,1.037476
-0.246704,-0.294189,0.738403
-0.110840,0.169678,0.984619
0.265137,-0.365967,0.889038
-0.566895,0.025757,0.759888
0.422852,-0.231079,1.039795
-0.202026,-0.358521,0.721680
-0.187988,0.146240,0.950806
0.331543,-0.366699,0.909424
-0.578125,0.035889,0.751343
-0.160645,-0.367798,0.752686
-0.256470,0.132935,0.940796
0.358276,-0.353149,0.947998
-0.569946,-0.024048,0.728882
0.320190,-0.106567,1.045898
-0.103638,-0.342896,0.764404
-0.343506,0.175781,0.905518
0.393677,-0.319702,0.974731
-0.552002,-0.082275,0.701538
0.265869,-0.081909,1.043335
-0.046509,-0.376709,0.774292
-0.439453,0.225464,0.888306
0.434570,-0.318970,0.989014
-0.498169,-0.114258,0.746826
0.132935,0.007812,1.022461
0.052124,-0.405518,0.817627
-0.499390,0.171753,0.839233
0.437256,-0.265137,1.011841
-0.400635,-0.166382,0.776855
0.031738,0.090576,1.022461
0.144287,-0.408203,0.840576
-0.541626,0.107788,0.795044
0.451416,-0.236328,1.032837
-0.312012,-0.243408,0.744995
-0.052979,0.142212,0.999634
0.234253,-0.382935,0.882080
-0.581909,0.053589,0.754517
0.430908,-0.224121,1.034668
-0.210327,-0.341064,0.724243
-0.162598,0.168335,0.970825
0.301880,-0.335571,0.911865
-0.596069,0.036865,0.750488
0.391235,-0.213379,1.022827
-0.164429,-0.380859,0.734497
-0.236206,0.140869,0.935547
0.334229,-0.319458,0.931519
-0.582520,0.015869,0.735840
0.343506,-0.158325,1.031128
-0.114380,-0.380981,0.761719
-0.338501,0.173462,0.906616
0.372437,-0.321655,0.950806
-0.562134,-0.044678,0.711426
0.256104,-0.062500,1.041260
-0.048706,-0.407959,0.785767
-0.406738,0.168823,0.883057
0.399414,-0.298706,0.972900
-0.519897,-0.062744,0.710083
0.169800,0.027222,1.024902
0.026245,-0.392456,0.827271
-0.464722,0.132324,0.859375
0.424438,-0.276245,0.999634
-0.489868,-0.101929,0.713989
0.091675,0.108398,1.031372
0.079468,-0.390259,0.824097
-0.503662,0.123779,0.834229
0.441040,-0.281616,1.004517
-0.432251,-0.172485,0.722046
0.038818,0.124512,1.021606
0.133911,-0.400513,0.828979
-0.547974,0.126343,0.807129
0.441772,-0.262817,1.011841
-0.351807,-0.249512,0.723389
-0.008057,0.145020,1.026733
0.185059,-0.406128,0.842407
-0.570923,0.104980,0.797363
0.444580,-0.255981,1.021118
-0.295898,-0.286011,0.728394
-0.088989,0.132080,0.975098
0.247559,-0.412354,0.873413
-0.570190,0.093506,0.774048
0.408691,-0.176025,1.029053
-0.247437,-0.292969,0.723022
-0.161011,0.124512,0.957642
0.316772,-0.430298,0.899048
-0.579102,0.052856,0.757690
0.391846,-0.152588,1.037476
-0.208374,-0.322021,0.721436
-0.231323,0.174805,0.949463
0.344482,-0.381104,0.934082
-0.584351,0.003052,0.746948
0.364014,-0.144165,1.048584
-0.162598,-0.358276,0.727051
-0.307739,0.191895,0.913696
0.367554,-0.333008,0.940674
-0.572021,-0.046387,0.727905
0.312744,-0.129272,1.038940
-0.103271,-0.401855,0.751831
-0.386597,0.191650,0.878174
0.392578,-0.325439,0.946655
-0.545044,-0.016479,0.729492
0.243286,-0.046143,1.037231
-0.049316,-0.373657,0.790405
-0.451050,0.180420,0.864136
0.420410,-0.295776,0.989014
-0.525635,-0.078613,0.713135
0.125488,0.060181,1.022217
0.057861,-0.420776,0.804077
-0.494629,0.172852,0.859619
0.428589,-0.268677,0.992920
-0.468384,-0.143311,0.713867
0.057373,0.117920,1.030396
0.143555,-0.414795,0.841797
-0.548462,0.145752,0.826294
0.430298,-0.239380,1.008057
-0.375244,-0.187500,0.720215
-0.018555,0.135864,1.009521
0.199707,-0.390869,0.851807
-0.583496,0.095947,0.774780
0.442017,-0.245850,1.022949
-0.279175,-0.300049,0.732544
-0.110229,0.166504,0.977295
0.257935,-0.388550,0.870605
-0.594604,0.069946,0.766479
0.418091,-0.224243,1.022461
-0.220825,-0.338257,0.710815
-0.188721,0.173096,0.964233
0.302368,-0.363770,0.898193
-0.585693,0.057007,0.769165
0.390259,-0.176880,1.039795
-0.171265,-0.381958,0.716064
-0.265015,0.177002,0.928955
0.340576,-0.349731,0.919189
-0.586426,0.023193,0.740356
0.345703,-0.147949,1.034180
-0.122314,-0.369873,0.749634
-0.335205,0.180054,0.895386
0.374023,-0.313354,0.943237
-0.577881,-0.007568,0.709229
0.262695,-0.102905,1.015747
-0.057129,-0.407104,0.774658
-0.417603,0.180542,0.873901
0.396118,-0.298462,0.961914
-0.540161,-0.080200,0.703613
0.190063,-0.014282,1.024170
0.004517,-0.392822,0.798584
-0.494873,0.204102,0.851562
0.411133,-0.268799,0.979126
-0.480225,-0.112305,0.731445
0.092407,0.071045,1.022949
0.085815,-0.402344,0.820312
-0.547729,0.181519,0.835815
0.426758,-0.259888,0.988403
-0.401489,-0.190674,0.730225
0.013550,0.119263,1.015869
0.174683,-0.419556,0.852295
-0.573975,0.152832,0.803223
0.409546,-0.202026,0.995972
-0.301270,-0.270386,0.722046
-0.058228,0.159058,1.015625
0.243042,-0.411987,0.868652
-0.597900,0.104248,0.785889
0.418701,-0.210693,1.013062
-0.236572,-0.313965,0.707153
-0.179321,0.178101,0.963867
0.313721,-0.385498,0.897583
-0.587158,0.024780,0.745605
0.379272,-0.164551,1.036987
-0.180298,-0.338623,0.714844
-0.270386,0.188965,0.928467
0.349365,-0.351440,0.913452
-0.590576,-0.006348,0.732666
0.305054,-0.133301,1.023438
-0.115601,-0.400513,0.729980
-0.339111,0.193726,0.892456
0.365356,-0.308838,0.934570
-0.558960,-0.024048,0.723145
0.231934,-0.072876,1.023560
-0.046509,-0.419434,0.775879
-0.451050,0.209473,0.873291
0.413574,-0.295410,0.972046
-0.517456,-0.066284,0.735596
0.111084,0.052856,1.008911
0.046509,-0.415771,0.798218
-0.507202,0.179932,0.856323
0.436768,-0.278198,0.996582
-0.448853,-0.125244,0.737427
0.028076,0.115479,1.010986
0.144653,-0.413574,0.825562
-0.560913,0.130981,0.805420
0.436523,-0.246338,1.013916
-0.338745,-0.232910,0.729980
-0.059082,0.146606,0.989014
0.208008,-0.372925,0.860352
-0.585571,0.088379,0.777222
0.429688,-0.233765,1.022095
-0.258057,-0.324463,0.702393
-0.134277,0.158691,0.961304
0.271362,-0.356689,0.881958
-0.597046,0.079590,0.758667
0.405273,-0.192627,1.035767
-0.192383,-0.355103,0.730347
-0.226929,0.156860,0.926147
0.323608,-0.347168,0.909546
-0.590332,0.049438,0.749878
0.355957,-0.151367,1.028564
-0.131104,-0.362061,0.747925
-0.322998,0.171509,0.886230
0.358398,-0.330322,0.934692
-0.571289,-0.002075,0.720337
0.287354,-0.059448,1.031006
-0.089966,-0.386841,0.748047
-0.401489,0.193604,0.876953
0.393555,-0.322510,0.949097
-0.545776,-0.072754,0.694092
0.198486,0.007446,1.024536
-0.017700,-0.407104,0.779053
-0.481201,0.210449,0.866577
0.419556,-0.284912,0.976196
-0.510742,-0.133179,0.694824
0.110596,0.072510,1.035034
0.074219,-0.421387,0.806152
-0.539429,0.191162,0.845825
0.418701,-0.243286,0.988281
-0.422485,-0.167847,0.723389
0.030273,0.120972,1.028198
0.156860,-0.428223,0.835327
-0.578613,0.142822,0.800659
0.433472,-0.212402,1.019531
-0.326416,-0.222778,0.721924
-0.063843,0.146729,0.994263
0.221802,-0.401001,0.864014
-0.590942,0.078491,0.778198
0.432739,-0.214722,1.026001
-0.242432,-0.324707,0.705078
-0.168457,0.200928,0.962402
0.295532,-0.372681,0.885742
-0.604858,0.078125,0.749023
0.397095,-0.220459,1.014404
-0.184814,-0.382690,0.712646
-0.233154,0.153809,0.922729
0.320190,-0.365601,0.894165
-0.589355,0.062744,0.741333
0.353638,-0.141968,1.018066
-0.164429,-0.357056,0.728516
-0.290405,0.152954,0.890015
0.367798,-0.364380,0.915649
-0.597656,0.047607,0.735962
0.287964,-0.110352,0.996704
-0.094604,-0.397339,0.745117
-0.365112,0.180298,0.878418
0.377319,-0.305664,0.944214
-0.554321,-0.015625,0.700562
0.238159,-0.046387,1.011597
-0.057373,-0.377563,0.783936
-0.437256,0.186768,0.872559
0.413086,-0.328247,0.960571
-0.540039,-0.058960,0.704712
0.144409,0.064453,0.999634
0.014648,-0.385010,0.789062
-0.488037,0.176514,0.859131
0.422607,-0.303101,0.975586
-0.482544,-0.129517,0.720093
0.075195,0.111938,1.023193
0.073975,-0.398682,0.801514
-0.541626,0.172363,0.835083
0.426636,-0.272461,0.991455
-0.406494,-0.206543,0.715576
0.021606,0.132568,1.018433
0.136353,-0.395874,0.822876
-0.583130,0.174316,0.809570
0.441040,-0.257202,1.007812
-0.330322,-0.274536,0.727051
-0.058472,0.140259,0.984009
0.221558,-0.402222,0.850830
-0.597168,0.141968,0.771362
0.410278,-0.197144,1.008057
-0.252319,-0.309570,0.727783
-0.124390,0.117065,0.963257
0.261841,-0.404785,0.865723
-0.610596,0.115234,0.746460
0.401978,-0.167358,1.023071
-0.197510,-0.316040,0.717407
-0.203857,0.185913,0.961060
0.325928,-0.381226,0.901489
-0.608765,0.062622,0.738647
0.356323,-0.116211,1.028320
-0.170410,-0.355713,0.711426
-0.275146,0.174561,0.914917
0.362671,-0.379761,0.914185
-0.590698,0.025757,0.736084
0.336060,-0.109741,1.024536
-0.129517,-0.375488,0.721680
-0.358643,0.210815,0.888184
0.397339,-0.337036,0.934448
-0.579346,-0.015259,0.707642
0.266846,-0.092285,1.007935
-0.070435,-0.423584,0.744141
-0.419067,0.217285,0.869385
0.401245,-0.283936,0.962646
-0.548462,-0.054810,0.702881
0.180908,-0.025879,1.010742
0.008789,-0.434326,0.780884
-0.485474,0.197754,0.856567
0.415161,-0.259033,0.977173
-0.511841,-0.086792,0.716797
0.096558,0.046265,1.003784
0.069458,-0.411377,0.810181
-0.534424,0.174683,0.830444
0.428833,-0.238281,0.993530
-0.424927,-0.131226,0.734131
0.017456,0.134644,1.013550
0.145142,-0.408325,0.835693
-0.572021,0.135620,0.807617
0.432129,-0.223389,1.004761
-0.335571,-0.241333,0.705200
-0.068237,0.190063,0.993408
0.219116,-0.392700,0.852905
-0.581055,0.089844,0.782227
0.423218,-0.212524,1.023071
-0.263428,-0.284180,0.722046
-0.149536,0.173218,0.947021
0.292236,-0.397095,0.882690
-0.597290,0.081909,0.765015
0.392822,-0.155884,1.031006
-0.201416,-0.337402,0.701050
-0.228149,0.182739,0.931274
0.340454,-0.369141,0.909424
-0.594727,0.042725,0.744385
0.340576,-0.132812,1.014648
-0.150635,-0.381104,0.714233
-0.304321,0.189819,0.892944
0.374634,-0.333130,0.928223
-0.581299,-0.005737,0.735474
0.277100,-0.095459,1.002319
-0.095825,-0.398560,0.734863
-0.384155,0.196411,0.877686
0.395996,-0.310669,0.947144
-0.556519,-0.036865,0.715820
0.196167,-0.028687,1.001221
-0.006836,-0.405396,0.781128
-0.471802,0.206909,0.848877
0.402100,-0.284790,0.956055
-0.528198,-0.104004,0.689941
0.118286,0.049683,1.012573
0.083496,-0.417847,0.814209
-0.542358,0.196167,0.838623
0.416626,-0.240479,0.985474
-0.426758,-0.139160,0.717773
0.030273,0.142578,1.015991
0.158813,-0.386230,0.836182
-0.585449,0.131104,0.794434
0.415405,-0.227539,1.002441
-0.333252,-0.251099,0.708618
-0.041138,0.165894,0.990601
0.231323,-0.394531,0.863159
-0.602539,0.135254,0.786743
0.414307,-0.201538,1.005859
-0.247070,-0.305542,0.725342
-0.155273,0.161621,0.954346
0.282837,-0.412598,0.881104
-0.588501,0.072144,0.769531
0.385864,-0.135864,1.026245
-0.192505,-0.313599,0.700562
-0.234131,0.205688,0.932861
0.339111,-0.380249,0.894775
-0.587036,0.036011,0.751465
0.351685,-0.159790,1.017944
-0.146362,-0.359131,0.722168
-0.322632,0.199951,0.896729
0.383789,-0.376709,0.914185
-0.578735,0.004639,0.732910
0.287964,-0.081421,1.017456
-0.097656,-0.384277,0.740845
-0.389893,0.200195,0.868286
0.390137,-0.298828,0.945923
-0.544434,-0.084106,0.699341
0.213257,-0.059692,1.007935
-0.027588,-0.420044,0.758301
-0.465576,0.233398,0.858032
0.410034,-0.264404,0.950562
-0.496094,-0.074097,0.732544
0.108643,0.038086,1.010986
0.056274,-0.432129,0.796875
-0.543213,0.186279,0.821167
0.416016,-0.228271,0.982422
-0.394653,-0.154175,0.738281
0.011597,0.152466,1.024292
0.152222,-0.396240,0.829956
-0.576904,0.138916,0.798584
0.420410,-0.215820,0.999146
-0.286011,-0.261597,0.721924
-0.083862,0.190308,0.984741
0.230225,-0.378662,0.865234
-0.599609,0.086548,0.764404
0.411133,-0.184448,1.016357
-0.191406,-0.346924,0.726440
-0.184326,0.173828,0.949463
0.298706,-0.345337,0.892334
-0.617554,0.073486,0.735840
0.373901,-0.161743,1.019287
-0.130127,-0.368896,0.738281
-0.270508,0.175171,0.911865
0.364502,-0.357300,0.915527
-0.595459,0.104858,0.733887
0.272339,-0.083374,0.983887
-0.090332,-0.400146,0.729614
-0.351440,0.161865,0.884888
0.400024,-0.324585,0.943481
-0.565796,0.001343,0.700562
0.189575,0.023560,0.985718
-0.034546,-0.354492,0.775146
-0.447510,0.167480,0.856689
0.433716,-0.328735,0.971802
-0.513550,-0.095947,0.708984
0.112183,0.073364,0.999390
0.029297,-0.389160,0.775269
-0.500244,0.187134,0.843140
0.421753,-0.257690,0.988892
-0.467529,-0.145508,0.721680
0.056274,0.117065,1.023926
0.094604,-0.415649,0.803467
-0.542236,0.181885,0.834595
0.440430,-0.233887,0.997070
-0.386597,-0.159058,0.740723
-0.007935,0.147217,1.009521
0.173706,-0.432495,0.822144
-0.569580,0.152832,0.806641
0.420898,-0.189819,1.006836
-0.329834,-0.198486,0.733276
-0.075195,0.178345,0.987305
0.255615,-0.428345,0.864868
-0.606201,0.111450,0.760620
0.396240,-0.147339,1.013062
-0.240601,-0.289062,0.712769
-0.142700,0.200562,0.968506
0.294434,-0.388550,0.898193
-0.617554,0.097900,0.757690
0.390137,-0.161377,1.013062
-0.186279,-0.348999,0.705688
-0.228027,0.197876,0.944214
0.351440,-0.373657,0.901978
-0.596924,0.071655,0.754028
0.342163,-0.111450,1.014893
-0.124878,-0.376465,0.715820
-0.303101,0.180786,0.894165
0.375000,-0.327881,0.923584
-0.572388,0.011108,0.718384
0.275513,-0.058228,1.015747
-0.071167,-0.396240,0.746216
-0.399902,0.205811,0.881348
0.410889,-0.319946,0.943970
-0.552124,-0.021606,0.713623
0.166992,0.018555,0.992310
0.003052,-0.401245,0.778809
-0.468506,0.182373,0.861328
0.419189,-0.271240,0.976562
-0.502808,-0.081787,0.707153
0.085083,0.114502,1.011230
0.087402,-0.394287,0.807861
-0.531494,0.182251,0.836426
0.427124,-0.238403,0.990967
-0.405884,-0.178833,0.714844
0.011963,0.158936,1.010620
0.174072,-0.393188,0.841797
-0.583984,0.164551,0.800293
0.431274,-0.210083,1.002808
-0.312988,-0.238159,0.718750
-0.067871,0.150391,0.981079
0.241333,-0.378052,0.871948
-0.608276,0.124878,0.772095
0.427124,-0.192749,1.020508
-0.213257,-0.333618,0.707642
-0.175659,0.193237,0.952759
0.303223,-0.362061,0.885498
-0.606934,0.080811,0.759888
0.373657,-0.161621,1.012329
-0.160400,-0.365601,0.719971
-0.253906,0.169189,0.913086
0.347656,-0.355713,0.909180
-0.586426,0.079590,0.749146
0.328857,-0.101196,1.010254
-0.097656,-0.383301,0.730713
-0.351685,0.184204,0.875732
0.382568,-0.351685,0.914795
-0.506958,-0.119873,0.711060
0.133545,0.041382,1.017944
-0.051758,-0.382446,0.757935
-0.503418,0.173462,0.837891
0.440552,-0.273071,1.005981
-0.443359,-0.176758,0.723877
0.033447,0.101929,1.021973
0.137329,-0.412476,0.832397
-0.547363,0.153687,0.821533
0.437744,-0.239380,1.006592
-0.341919,-0.211670,0.743652
-0.033936,0.106323,1.005371
0.202881,-0.435425,0.836914
-0.567261,0.114258,0.791504
0.420166,-0.194580,1.009521
-0.263306,-0.248047,0.739380
-0.127441,0.144897,0.975464
0.275635,-0.414917,0.894043
-0.588989,0.040405,0.744751
0.411865,-0.177734,1.036743
-0.212891,-0.348389,0.696655
-0.221069,0.196655,0.970337
0.337036,-0.344604,0.924316
-0.583740,-0.004761,0.748047
0.364014,-0.166016,1.030029
-0.148315,-0.368652,0.723633
-0.307129,0.180908,0.906250
0.372437,-0.323853,0.942993
-0.570557,-0.024414,0.717896
0.274658,-0.088257,1.033936
-0.074463,-0.390869,0.762085
-0.394653,0.191528,0.895386
0.390381,-0.311890,0.959961
-0.539307,-0.071533,0.713257
0.197510,-0.018433,1.028320
-0.003662,-0.403320,0.791748
-0.479248,0.192261,0.868286
0.425049,-0.286133,0.999023
-0.505737,-0.129883,0.707275
0.106567,0.061768,1.021118
0.086426,-0.385498,0.819214
-0.549072,0.171875,0.835205
0.451904,-0.300415,1.000732
-0.402100,-0.165039,0.740234
0.007935,0.134155,1.003662
0.156250,-0.425659,0.826904
-0.561523,0.149536,0.810181
0.450684,-0.237549,1.020020
-0.342285,-0.226929,0.741211
-0.044067,0.120361,0.994385
0.209717,-0.431152,0.834595
-0.582275,0.115601,0.791748
0.450806,-0.237427,1.022095
-0.277588,-0.272583,0.723389
-0.116821,0.186157,0.987671
0.262207,-0.418945,0.871094
-0.582397,0.075073,0.772583
0.421509,-0.176758,1.039307
-0.246094,-0.307495,0.719482
-0.154053,0.163696,0.971069
0.288330,-0.397583,0.885620
-0.601440,0.054810,0.750244
0.411255,-0.195312,1.041016
-0.194824,-0.359741,0.719482
-0.222412,0.159302,0.945312
0.314575,-0.377075,0.883545
-0.574951,0.042358,0.750488
0.378296,-0.158569,1.034790
-0.157837,-0.344482,0.738770
-0.291016,0.163452,0.912476
0.353394,-0.352417,0.924561
-0.581177,-0.018188,0.727905
0.312866,-0.110107,1.044678
-0.130127,-0.377075,0.727661
-0.335571,0.177856,0.910767
0.392944,-0.335327,0.956299
-0.574585,-0.020020,0.717529
0.238037,-0.051880,1.025879
-0.059326,-0.383179,0.778320
-0.414185,0.193115,0.892944
0.404663,-0.306396,0.979370
-0.551025,-0.069092,0.707642
0.156738,0.025635,1.024780
0.030273,-0.401978,0.802490
-0.501343,0.189087,0.869629
0.432373,-0.302734,0.987427
-0.476562,-0.137817,0.723999
0.054443,0.119629,1.027222
0.120605,-0.397095,0.827515
-0.548950,0.153198,0.828247
0.436157,-0.243042,1.011963
-0.356079,-0.234375,0.727051
-0.016113,0.129395,1.005127
0.187622,-0.381958,0.855103
-0.599121,0.101685,0.780518
0.441528,-0.264526,1.013428
-0.252808,-0.338013,0.710083
-0.104248,0.129883,0.957764
0.247925,-0.330078,0.880493
-0.596558,0.071411,0.741211
0.397583,-0.205200,1.019653
-0.205811,-0.389160,0.713257
-0.188232,0.114136,0.951660
0.331543,-0.387939,0.896118
-0.617554,0.101440,0.742676
0.327026,-0.128784,1.012573
-0.144287,-0.345215,0.755859
-0.291870,0.153442,0.917847
0.354614,-0.357666,0.922241
-0.569458,0.017944,0.728027
0.289795,-0.072876,1.016968
-0.109497,-0.324829,0.771484
-0.376709,0.179932,0.893555
0.388306,-0.359131,0.948486
-0.549194,-0.067017,0.712891
0.239258,-0.039551,1.029907
-0.043945,-0.372559,0.774780
-0.459839,0.222900,0.873657
0.413818,-0.290649,0.978516
-0.501099,-0.131226,0.715088
0.116455,0.009033,1.010254
0.058105,-0.411865,0.812134
-0.519775,0.184570,0.841675
0.432983,-0.249878,0.998291
-0.426392,-0.157593,0.726318
0.011475,0.095947,1.013428
0.165039,-0.434082,0.838745
-0.569336,0.125488,0.794678
0.436890,-0.223022,1.015625
-0.295776,-0.251343,0.735107
-0.096313,0.164062,0.988647
0.261353,-0.405762,0.883057
-0.596802,0.067383,0.766357
0.397827,-0.186768,1.016113
-0.223877,-0.343262,0.690430
-0.189209,0.189575,0.981567
0.335205,-0.360840,0.913452
-0.608887,0.044556,0.750000
0.343506,-0.163818,1.017456
-0.154785,-0.391479,0.710938
-0.291260,0.150513,0.893555
0.356323,-0.304810,0.944580
-0.566772,-0.014282,0.735229
0.268921,-0.092041,1.012939
-0.067993,-0.387573,0.768555
-0.407104,0.171509,0.861572
0.380249,-0.292969,0.965576
-0.528442,-0.077881,0.708374
0.182251,0.011963,1.024048
0.006958,-0.382935,0.804932
-0.485107,0.176270,0.849487
0.406128,-0.274780,0.978027
-0.477661,-0.122437,0.725464
0.085938,0.096069,1.025635
0.097900,-0.412964,0.810425
-0.553101,0.172974,0.827881
0.424438,-0.253784,0.995605
-0.380615,-0.223145,0.723022
-0.000244,0.111450,1.013794
0.187500,-0.427490,0.837158
-0.574463,0.118774,0.793091
0.414307,-0.190063,1.018311
-0.294067,-0.292603,0.706299
-0.088745,0.147095,0.981323
0.266724,-0.405762,0.877563
-0.603516,0.083862,0.764771
0.417236,-0.199097,1.027466
-0.214966,-0.357178,0.687988
-0.203003,0.191284,0.960571
0.312134,-0.352173,0.909912
-0.596069,0.034790,0.749512
0.379883,-0.191162,1.034668
-0.167114,-0.410034,0.710327
-0.271851,0.144653,0.894775
0.344971,-0.329712,0.928467
-0.586670,0.039429,0.739380
0.303467,-0.123169,1.022705
-0.104980,-0.390137,0.753662
-0.352539,0.149414,0.882080
0.367798,-0.336914,0.941650
-0.555542,-0.019409,0.706909
0.246216,-0.037476,1.028564
-0.041626,-0.368530,0.779053
-0.431519,0.197998,0.892822
0.386475,-0.333496,0.943359
-0.537842,-0.086182,0.718018
0.176636,-0.005859,1.003174
0.029785,-0.389160,0.793823
-0.505615,0.210327,0.846680
0.406250,-0.259155,0.988403
-0.453003,-0.139038,0.740479
0.083862,0.048950,1.017578
0.078369,-0.432007,0.801392
-0.534302,0.162964,0.837036
0.449585,-0.242432,1.017944
-0.414429,-0.159546,0.731567
-0.014282,0.125610,1.005859
0.193359,-0.426392,0.855835
-0.576538,0.114624,0.792603
0.423584,-0.216919,1.017578
-0.312988,-0.266846,0.706909
-0.080811,0.177734,0.990479
0.259399,-0.410767,0.872192
-0.598511,0.091064,0.768799
0.390991,-0.178589,1.017212
-0.238892,-0.335693,0.691406
-0.132080,0.165649,0.980591
0.298096,-0.361694,0.897217
-0.632935,0.086426,0.754028
0.401123,-0.212646,1.026733
-0.182617,-0.381470,0.712036
-0.234253,0.157593,0.927368
0.332153,-0.318726,0.921265
-0.608643,0.039795,0.743896
0.344849,-0.182861,1.014526
-0.126465,-0.411865,0.740356
-0.329590,0.176514,0.891235
0.371338,-0.327881,0.935425
-0.559814,0.051025,0.731934
0.261841,-0.092896,1.002563
-0.070801,-0.379883,0.776367
-0.412964,0.160278,0.862183
0.391479,-0.309448,0.947510
-0.526855,-0.063354,0.704956
0.182007,0.006958,1.003296
0.007690,-0.391724,0.810303
-0.469971,0.203491,0.870239
0.394409,-0.268921,0.963745
-0.531616,-0.108154,0.680664
0.130981,0.008423,1.019287
0.085815,-0.438599,0.811401
-0.513062,0.220459,0.864136
0.398682,-0.232056,0.978638
-0.479492,-0.145264,0.703735
0.082642,0.030151,1.023193
0.152100,-0.453613,0.853027
-0.582031,0.194092,0.817749
0.410522,-0.217651,0.988037
-0.359741,-0.174927,0.743042
0.007812,0.104248,1.014282
0.189331,-0.429077,0.854980
-0.600830,0.151123,0.797485
0.428589,-0.228027,0.991333
-0.292969,-0.225830,0.729858
-0.074829,0.167236,0.987793
0.249390,-0.428223,0.855713
-0.592651,0.103271,0.769287
0.404419,-0.181641,1.014160
-0.253418,-0.270386,0.725708
-0.123657,0.153442,0.984253
0.283081,-0.383179,0.900024
-0.606079,0.042480,0.742310
0.392822,-0.186768,1.017212
-0.222168,-0.339355,0.678711
-0.208862,0.192749,0.951904
0.356323,-0.390259,0.918457
-0.595459,0.046875,0.760132
0.362427,-0.165161,1.008789
-0.202148,-0.350708,0.696167
-0.248169,0.151855,0.925659
0.375244,-0.377563,0.929932
-0.587402,0.016724,0.746216
0.322266,-0.115601,1.031616
-0.148315,-0.376587,0.717041
-0.314819,0.168335,0.894531
0.366333,-0.341431,0.935425
-0.565430,-0.051758,0.716431
0.290527,-0.081543,1.037720
-0.122559,-0.377808,0.740479
-0.381226,0.196777,0.884521
0.398438,-0.338867,0.954956
-0.559326,-0.051147,0.711182
0.236206,-0.036865,1.026489
-0.065308,-0.382324,0.768311
-0.430054,0.206909,0.876831
0.401733,-0.315063,0.952637
-0.529907,-0.072021,0.718750
0.188843,-0.004639,1.027222
-0.004517,-0.406494,0.802612
-0.482178,0.210693,0.868408
0.418579,-0.311279,0.955688
-0.508911,-0.093018,0.711548
0.125000,0.044067,1.008789
0.067505,-0.398560,0.809814
-0.522095,0.184937,0.851440
0.421509,-0.268799,0.994507
-0.447266,-0.155151,0.727051
0.054199,0.113770,1.018188
0.120605,-0.406616,0.833618
-0.556641,0.154297,0.824341
0.433228,-0.260254,1.003052
-0.370850,-0.195312,0.740601
-0.008423,0.145142,1.007324
0.174805,-0.409058,0.837280
-0.580811,0.121338,0.799927
0.430054,-0.234863,1.008545
-0.310791,-0.276367,0.711426
-0.077393,0.167603,0.987793
0.237915,-0.413818,0.859375
-0.589355,0.073364,0.778809
0.416870,-0.186401,1.026611
-0.256958,-0.312012,0.694702
-0.152344,0.167969,0.963379
0.290405,-0.392578,0.885498
-0.595825,0.061523,0.773804
0.407715,-0.210815,1.019287
-0.206299,-0.356079,0.700806
-0.210693,0.159058,0.932495
0.311646,-0.348511,0.900391
-0.597656,0.069580,0.755859
0.374023,-0.184204,1.020386
-0.163452,-0.363770,0.734497
-0.292236,0.159546,0.904175
0.365112,-0.353760,0.936890
-0.598022,0.030762,0.729492
0.315063,-0.117188,1.032959
-0.131226,-0.366211,0.744141
-0.344849,0.177368,0.903442
0.395264,-0.352905,0.945923
-0.584106,0.011841,0.726562
0.268066,-0.084839,1.017700
-0.074707,-0.379150,0.765747
-0.408325,0.189941,0.871948
0.393921,-0.294556,0.959839
-0.538818,-0.065308,0.709595
0.198120,-0.020508,1.021118
-0.004883,-0.413208,0.787354
-0.475708,0.209717,0.861328
0.400879,-0.273071,0.960815
-0.495361,-0.126709,0.708740
0.123413,0.029541,1.029907
0.080688,-0.402344,0.831787
-0.540771,0.187134,0.836670
0.420166,-0.261230,0.977661
-0.424561,-0.169434,0.703979
0.035400,0.116821,1.016479
0.168945,-0.408936,0.860229
-0.583862,0.148682,0.818726
0.425903,-0.227539,1.004272
-0.339600,-0.242676,0.708496
-0.041626,0.161011,1.002686
0.232788,-0.404419,0.862793
-0.599731,0.110107,0.788818
0.415039,-0.206665,1.008911
-0.266113,-0.279541,0.706787
-0.119507,0.162354,0.972290
0.286743,-0.400635,0.889648
-0.597412,0.088989,0.774902
0.400513,-0.174316,1.023193
-0.220825,-0.317749,0.719482
-0.203979,0.168091,0.953003
0.317749,-0.402954,0.897949
-0.591553,0.021973,0.740356
0.385620,-0.148926,1.023926
-0.188965,-0.321533,0.715698
-0.266113,0.192871,0.942871
0.355469,-0.393311,0.916870
-0.590454,-0.020630,0.722900
0.354614,-0.113525,1.042603
-0.156128,-0.332642,0.724243
-0.337524,0.207153,0.908691
0.372070,-0.364258,0.932495
-0.576172,-0.055786,0.717651
0.292603,-0.102539,1.031128
-0.096802,-0.401489,0.742065
-0.419800,0.231812,0.869019
0.395996,-0.324585,0.943481
-0.524048,-0.058105,0.733154
0.208374,-0.045166,1.024780
-0.032715,-0.406738,0.787476
-0.481689,0.215820,0.862305
0.404907,-0.299072,0.959229
-0.507568,-0.101318,0.720703
0.139160,0.044922,1.036865
0.053467,-0.422729,0.807739
-0.527100,0.209717,0.857910
0.436401,-0.286743,0.973267
-0.455322,-0.123291,0.723022
0.053833,0.118408,1.021118
0.141113,-0.414551,0.827759
-0.564697,0.158813,0.811523
0.427490,-0.256714,0.985229
-0.368164,-0.215332,0.722290
-0.010498,0.124023,0.999756
0.201172,-0.424316,0.845947
-0.588989,0.142944,0.791138
0.416138,-0.214478,0.992188
-0.291382,-0.263184,0.724243
-0.077148,0.152588,0.991211
0.243530,-0.409668,0.871094
-0.599487,0.100098,0.773071
0.419312,-0.197754,1.018433
-0.257080,-0.319946,0.692749
-0.143066,0.165405,0.979980
0.288452,-0.385010,0.894287
-0.604248,0.079956,0.762085
0.401489,-0.193237,1.016235
-0.200562,-0.361938,0.708374
-0.219360,0.166626,0.946411
0.319214,-0.371826,0.911621
-0.596069,0.059448,0.750000
0.372803,-0.177002,1.022339
-0.173706,-0.357422,0.717651
-0.277832,0.175415,0.921387
0.354492,-0.364502,0.920288
-0.591309,0.009644,0.727905
0.333130,-0.119751,1.038818
-0.127808,-0.375977,0.727661
-0.337036,0.196655,0.900635
0.377197,-0.373657,0.923828
-0.584961,-0.012695,0.716797
0.303833,-0.115356,1.022583
-0.099976,-0.392334,0.743530
-0.406250,0.218140,0.883545
0.390625,-0.327881,0.941284
-0.546753,-0.046875,0.721924
0.227417,-0.054688,1.020508
-0.048462,-0.407227,0.768433
-0.446655,0.212158,0.868042
0.403320,-0.297363,0.961670
-0.518066,-0.078125,0.717041
0.142700,0.006592,1.009155
0.032104,-0.413574,0.812866
-0.512085,0.182251,0.839722
0.426880,-0.264038,0.985596
-0.491211,-0.126831,0.692261
0.080811,0.083496,1.026855
0.122925,-0.442383,0.825928
-0.559692,0.193237,0.835571
0.437500,-0.242676,0.992676
-0.401123,-0.156738,0.732178
0.000122,0.139771,1.013794
0.177979,-0.415161,0.857422
-0.578979,0.142334,0.803223
0.429199,-0.219482,0.999146
-0.338135,-0.212891,0.729004
-0.045410,0.168335,1.013062
0.223511,-0.419556,0.854126
-0.602783,0.120239,0.782837
0.430420,-0.226562,1.007812
-0.260620,-0.285767,0.729980
-0.119385,0.148193,0.978760
0.262939,-0.397949,0.874878
-0.616821,0.109375,0.760864
0.422607,-0.216919,1.012085
-0.215210,-0.343384,0.716919
-0.192749,0.179199,0.966797
0.307739,-0.382446,0.904663
-0.604614,0.062012,0.746338
0.387085,-0.174927,1.023560
-0.169067,-0.372803,0.723877
-0.253906,0.174316,0.928955
0.327026,-0.331543,0.916748
-0.591797,0.033691,0.735474
0.356445,-0.135498,1.043579
-0.138428,-0.373413,0.737549
-0.303223,0.165161,0.906372
0.356201,-0.347290,0.918579
-0.596436,0.046631,0.739990
0.289673,-0.107910,1.015991
-0.093628,-0.397461,0.758179
-0.372437,0.194580,0.902710
0.392700,-0.336060,0.940552
-0.567749,0.001709,0.709473
0.198486,-0.010620,1.009644
-0.028442,-0.403809,0.774902
-0.436890,0.167114,0.877930
0.421021,-0.306030,0.983887
-0.536865,-0.030640,0.708862
0.127808,0.057129,1.014160
0.042358,-0.399658,0.813110
-0.491699,0.156128,0.856323
0.423218,-0.295410,0.979370
-0.467163,-0.132935,0.719116
0.072144,0.116089,1.028320
0.098999,-0.395874,0.815186
-0.565430,0.174683,0.822021
0.444336,-0.280640,0.996216
-0.391479,-0.180420,0.731934
0.017578,0.161743,1.019287
0.150391,-0.383545,0.842041
-0.578247,0.109131,0.779663
0.432861,-0.276001,0.989014
-0.306396,-0.289917,0.722168
-0.043457,0.147827,0.989014
0.203857,-0.401367,0.851074
-0.586914,0.125732,0.773804
0.428101,-0.222656,1.007568
-0.269653,-0.305908,0.717407
-0.097290,0.137939,0.971191
0.255981,-0.402222,0.877319
-0.606689,0.097778,0.765015
0.400513,-0.187866,1.018311
-0.223267,-0.333862,0.708984
-0.163452,0.161011,0.963013
0.299561,-0.391479,0.889038
-0.607300,0.047119,0.742676
0.399536,-0.179443,1.031860
-0.199341,-0.345093,0.700195
-0.250732,0.199585,0.942993
0.361816,-0.358643,0.928589
-0.577271,0.003662,0.741333
0.325073,-0.129517,1.028442
-0.163696,-0.382812,0.704956
-0.323853,0.176147,0.895020
0.393921,-0.355835,0.948242
-0.578247,-0.018921,0.724854
0.258301,-0.080444,1.027710
-0.083984,-0.402466,0.754395
-0.392944,0.194336,0.877686
0.386841,-0.316284,0.954468
-0.542969,-0.062500,0.713135
0.170288,-0.016479,1.008179
0.004517,-0.405518,0.796631
-0.489136,0.199219,0.854858
0.428101,-0.288208,0.988159
-0.486938,-0.119507,0.719971
0.071167,0.102417,1.022827
0.094727,-0.414795,0.815430
-0.538452,0.140015,0.828735
0.432861,-0.253296,1.015381
-0.375854,-0.208008,0.724487
-0.016357,0.152588,1.007080
0.188721,-0.392456,0.846069
-0.584229,0.106934,0.790527
0.432007,-0.229004,1.020996
-0.274902,-0.285278,0.713501
-0.109741,0.182739,0.976929
0.262207,-0.347534,0.884644
-0.617065,0.047363,0.746216
0.401489,-0.245483,1.010620
-0.190918,-0.384277,0.703491
-0.219482,0.178223,0.935913
0.319092,-0.356079,0.899658
-0.598022,0.046631,0.744385
0.348511,-0.171265,1.016235
-0.146973,-0.393921,0.735596
-0.295532,0.154907,0.900024
0.362305,-0.323730,0.929199
-0.584961,0.024292,0.729614
0.267212,-0.082275,1.015869
-0.092285,-0.379272,0.761475
-0.390625,0.164429,0.887695
0.402832,-0.306641,0.970581
-0.524902,-0.022095,0.708740
0.170532,0.038818,1.012817
0.011108,-0.353149,0.798584
-0.474487,0.185181,0.863281
0.407349,-0.291138,0.973633
-0.498047,-0.135498,0.711670
0.108521,0.045166,1.020386
0.101318,-0.414185,0.828003
-0.558960,0.194092,0.825439
0.417358,-0.225830,0.994019
-0.369141,-0.238525,0.731079
-0.000488,0.113159,1.013062
0.187744,-0.448853,0.848999
-0.587402,0.141357,0.791260
0.416382,-0.212036,1.006836
-0.286987,-0.245117,0.727905
-0.103271,0.141602,0.977295
0.260742,-0.406860,0.883545
-0.595825,0.058594,0.749268
0.394287,-0.156616,1.025879
-0.212646,-0.313232,0.712524
-0.221191,0.178589,0.950073
0.334473,-0.391602,0.913940
-0.588989,0.016113,0.743286
0.344116,-0.150757,1.016968
-0.148438,-0.355713,0.736206
-0.311768,0.197754,0.906860
0.373779,-0.331421,0.933105
-0.578979,-0.018677,0.724487
0.250977,-0.087524,1.014282
-0.056396,-0.400513,0.774536
-0.414551,0.204224,0.880005
0.389160,-0.294067,0.958252
-0.530640,-0.057007,0.723267
0.139648,0.031494,1.008057
0.048218,-0.400391,0.811890
-0.514893,0.173706,0.850830
0.421997,-0.278687,0.989014
-0.435913,-0.155151,0.727905
0.038696,0.132812,1.018921
0.123535,-0.384766,0.831665
-0.572510,0.128540,0.801636
0.440552,-0.257812,1.008667
-0.316162,-0.264893,0.712402
-0.046509,0.160889,0.996094
0.213135,-0.376953,0.854736
-0.608032,0.100220,0.754883
0.409668,-0.247070,0.991699
-0.237061,-0.346313,0.704346
-0.106567,0.143433,0.974121
0.256470,-0.364258,0.865601
-0.599854,0.070923,0.735229
0.403442,-0.208496,1.023071
-0.203003,-0.379517,0.703369
-0.220337,0.156982,0.943848
0.327881,-0.371460,0.899048
-0.591675,0.048584,0.736572
0.356079,-0.146606,1.027710
-0.143921,-0.349976,0.727539
-0.297485,0.178467,0.908081
0.355103,-0.350708,0.923462
-0.595337,-0.027222,0.722412
0.308960,-0.138794,1.013672
-0.086182,-0.415894,0.746582
-0.403687,0.225342,0.874390
0.380371,-0.296143,0.949951
-0.535400,-0.024536,0.729004
0.220215,-0.039429,1.023193
-0.024780,-0.406006,0.789917
-0.469116,0.197266,0.874634
0.416016,-0.289062,0.976685
-0.514160,-0.062500,0.724365
0.098511,0.072632,1.010132
0.090088,-0.431274,0.811035
-0.533081,0.173828,0.829590
0.428223,-0.260132,0.995239
-0.421021,-0.146973,0.729370
0.024048,0.136475,1.010254
0.154785,-0.369629,0.839111
-0.576416,0.122559,0.798706
0.435303,-0.274780,1.006836
-0.312012,-0.280029,0.721436
-0.054688,0.155762,0.982422
0.215454,-0.377563,0.855957
-0.587524,0.092529,0.773193
0.410522,-0.252563,0.998047
-0.242920,-0.350586,0.715088
-0.141724,0.129639,0.949341
0.274048,-0.365601,0.887573
-0.590698,0.079346,0.760864
0.381714,-0.172119,1.024780
-0.183228,-0.355103,0.723999
-0.230591,0.158447,0.934448
0.325073,-0.339233,0.919922
-0.586914,0.026978,0.755005
0.347412,-0.152832,1.026001
-0.155396,-0.377563,0.724243
-0.302002,0.175293,0.904053
0.354980,-0.325439,0.926270
-0.580444,-0.018677,0.725464
0.303223,-0.137207,1.024292
-0.098022,-0.381470,0.757935
-0.390869,0.206665,0.881226
0.383545,-0.316284,0.946045
-0.537720,-0.036377,0.741699
0.222412,-0.048218,1.026367
-0.051025,-0.430176,0.762085
-0.450317,0.201904,0.862793
0.418701,-0.308716,0.973755
-0.529907,-0.029663,0.739868
0.125977,0.018677,0.998413
0.036011,-0.402710,0.809692
-0.497437,0.173218,0.848389
0.437134,-0.276001,0.999390
-0.476562,-0.120728,0.716797
0.050171,0.121094,1.012695
0.123291,-0.426270,0.828979
-0.549194,0.133545,0.814209
0.418945,-0.240479,0.993530
-0.392090,-0.188110,0.718628
0.009155,0.140991,1.008423
0.167847,-0.407715,0.838013
-0.574341,0.114380,0.791138
0.435181,-0.233398,1.016968
-0.313721,-0.261719,0.709473
-0.046753,0.167480,1.001221
0.219604,-0.356323,0.869385
-0.600464,0.118164,0.791504
0.410156,-0.202637,1.061401
-0.262085,-0.313477,0.722290
-0.220703,0.149902,0.961182
0.361938,-0.346191,0.946777
-0.550537,0.016479,0.763550
0.385864,-0.148926,1.080200
-0.119629,-0.355103,0.783813
-0.280029,0.180176,0.955322
0.387329,-0.341187,0.966553
-0.528931,-0.042603,0.752319
0.334473,-0.090576,1.078857
-0.073853,-0.355591,0.792603
-0.336548,0.182129,0.921387
0.425049,-0.326172,0.993896
-0.531738,-0.098755,0.723755
0.285400,-0.078247,1.075317
-0.007690,-0.357544,0.815308
-0.412231,0.205566,0.902344
0.442505,-0.296997,1.017700
-0.459351,-0.181641,0.733643
0.202881,-0.031494,1.054932
0.057251,-0.373901,0.847412
-0.454102,0.169312,0.866577
0.456055,-0.283936,1.023071
-0.430664,-0.172119,0.754272
0.116699,0.034180,1.045532
0.149536,-0.416748,0.866699
-0.498779,0.135864,0.854248
0.475342,-0.247681,1.041748
-0.378906,-0.190308,0.758667
0.029419,0.112915,1.057861
0.223511,-0.419312,0.893555
-0.527954,0.071533,0.813354
0.474854,-0.239624,1.057373
-0.262451,-0.272705,0.749146
-0.053345,0.160767,1.019165
0.278320,-0.377930,0.896851
-0.543213,0.026611,0.789307
0.458374,-0.238525,1.065552
-0.192749,-0.347168,0.744629
-0.143799,0.176392,0.998291
0.320435,-0.352783,0.917358
-0.553833,0.014648,0.768188
0.422241,-0.206665,1.068604
-0.151978,-0.393555,0.749878
-0.231812,0.150879,0.966797
0.361816,-0.333618,0.955444
-0.540649,-0.011108,0.763062
0.362427,-0.126831,1.083496
-0.106445,-0.363770,0.787231
-0.276367,0.148682,0.957153
0.412231,-0.342041,0.992798
-0.539062,-0.022583,0.747925
0.302612,-0.062134,1.081299
-0.040894,-0.359985,0.809082
-0.362671,0.173706,0.918457
0.437256,-0.323120,1.011597
-0.494385,-0.085571,0.731567
0.238281,-0.007812,1.082397
0.034058,-0.378784,0.839111
-0.420776,0.161377,0.901001
0.453857,-0.303711,1.020142
-0.456177,-0.137207,0.741943
0.165039,0.046631,1.059937
0.097534,-0.391602,0.856201
-0.464111,0.167725,0.871216
0.450195,-0.292114,1.021240
-0.435547,-0.209717,0.736328
0.118774,0.021484,1.051880
0.159912,-0.407349,0.856079
-0.503906,0.142700,0.836304
0.472168,-0.229004,1.056030
-0.316406,-0.220215,0.781738
-0.010864,0.129639,1.048706
0.220093,-0.430176,0.879150
-0.503296,0.069946,0.818359
0.477295,-0.213501,1.075195
-0.253662,-0.280029,0.754272
-0.088623,0.111328,0.984131
0.293213,-0.414917,0.905273
-0.507812,0.008301,0.782715
0.472168,-0.178467,1.097534
-0.198853,-0.279907,0.758301
-0.179321,0.156128,0.980957
0.350342,-0.360352,0.955688
-0.543457,-0.005615,0.758545
0.416626,-0.169922,1.075928
-0.131470,-0.345703,0.776733
-0.275024,0.183228,0.958862
0.399902,-0.327026,0.987671
-0.535767,-0.066528,0.744019
0.329102,-0.102661,1.083862
-0.061646,-0.350342,0.799561
-0.347290,0.185791,0.927734
0.442871,-0.299316,1.020508
-0.503052,-0.097656,0.734741
0.231567,-0.046875,1.067505
0.044189,-0.429077,0.821777
-0.431396,0.168579,0.881958
0.457397,-0.257935,1.042480
-0.441162,-0.145508,0.749634
0.122559,0.074585,1.057251
0.154053,-0.391724,0.870361
-0.498535,0.107178,0.822998
0.472778,-0.248047,1.050171
-0.319092,-0.269897,0.745850
0.018188,0.126831,1.044189
0.222290,-0.408691,0.862549
-0.538696,0.081421,0.802856
0.491333,-0.266968,1.050903
-0.214233,-0.327148,0.758301
-0.081665,0.155884,1.016235
0.283691,-0.380737,0.894775
-0.556396,0.052979,0.779053
0.466797,-0.239868,1.073120
-0.179443,-0.377686,0.757812
-0.141479,0.109497,0.997681
0.333496,-0.343628,0.933960
-0.544922,0.047852,0.761230
0.404541,-0.155884,1.081421
-0.140747,-0.366333,0.769775
-0.233765,0.151855,0.989136
0.377808,-0.390991,0.955566
-0.535156,-0.033447,0.767456
0.386108,-0.118896,1.082275
-0.111572,-0.294800,0.792603
-0.308105,0.181641,0.924927
0.407104,-0.321045,0.990479
-0.499390,-0.105103,0.758057
0.337280,-0.093750,1.092651
-0.083496,-0.362061,0.785767
-0.315552,0.176025,0.912842
0.423340,-0.312378,0.995972
-0.496948,-0.077759,0.760620
0.279907,-0.078125,1.074951
-0.011108,-0.382080,0.827271
-0.364868,0.170166,0.901855
0.440430,-0.279175,1.017334
-0.476685,-0.112061,0.750122
0.227295,-0.036987,1.075928
0.039551,-0.415894,0.838135
-0.416748,0.173950,0.893433
0.458130,-0.250000,1.038940
-0.466553,-0.148682,0.732422
0.170044,-0.022217,1.061279
0.116211,-0.436646,0.865234
-0.459961,0.146606,0.861572
0.475830,-0.254272,1.050049
-0.441284,-0.131348,0.758911
0.107178,0.039062,1.055420
0.171387,-0.411133,0.884399
-0.487183,0.122437,0.837891
0.490967,-0.249146,1.056396
-0.349731,-0.178467,0.790039
0.035767,0.080566,1.035889
0.219482,-0.420166,0.884888
-0.508911,0.091431,0.812012
0.487549,-0.200806,1.072388
-0.269531,-0.229370,0.797119
-0.033691,0.110718,1.028442
0.279785,-0.438232,0.902344
-0.531616,0.047363,0.792725
0.473633,-0.191284,1.084961
-0.210205,-0.314087,0.746826
-0.127930,0.167725,1.018188
0.333130,-0.367798,0.941895
-0.554077,-0.002563,0.762695
0.434326,-0.191895,1.081177
-0.141846,-0.355835,0.766479
-0.202637,0.184570,0.993164
0.373779,-0.321411,0.970459
-0.565430,-0.015991,0.740479
0.381714,-0.194702,1.063965
-0.075195,-0.414673,0.790649
-0.274536,0.156128,0.940186
0.415039,-0.313232,0.995361
-0.537598,0.008179,0.744019
0.307251,-0.085083,1.072632
0.000854,-0.390137,0.828247
-0.357056,0.156982,0.929565
0.428711,-0.263794,1.034180
-0.479980,-0.107422,0.731201
0.214233,0.011475,1.085205
0.081299,-0.414429,0.850342
-0.428833,0.153076,0.904297
0.459595,-0.254028,1.039185
-0.428223,-0.145386,0.752075
0.122314,0.066528,1.055176
0.155640,-0.408325,0.874512
-0.471436,0.105347,0.857178
0.478760,-0.252441,1.057861
-0.346924,-0.220093,0.785889
0.035156,0.106445,1.042603
0.201172,-0.380615,0.892090
-0.505615,0.058472,0.823853
0.492920,-0.250000,1.077637
-0.246094,-0.269287,0.784180
-0.039551,0.138184,1.037842
0.255981,-0.391602,0.896606
-0.515747,0.016724,0.796265
0.482056,-0.224854,1.084473
-0.190918,-0.352417,0.753540
-0.098633,0.160522,1.012329
0.322388,-0.369751,0.918091
-0.542236,0.020752,0.767090
0.450317,-0.221924,1.074951
-0.158325,-0.377319,0.754883
-0.174072,0.162720,1.003052
0.373779,-0.374023,0.944702
-0.536133,0.027100,0.783691
0.395020,-0.134033,1.093628
-0.120850,-0.342529,0.787598
-0.251221,0.164673,0.984497
0.412354,-0.382324,0.975098
-0.532227,-0.008301,0.789307
0.366089,-0.087524,1.094238
-0.070068,-0.334717,0.799561
-0.309326,0.199829,0.956421
0.427856,-0.315918,1.003784
-0.497803,-0.079590,0.761963
0.312500,-0.086426,1.092651
-0.023071,-0.354736,0.829224
-0.350098,0.189697,0.938232
0.457764,-0.305054,1.022583
-0.470215,-0.119263,0.752441
0.230225,-0.025024,1.086670
0.057983,-0.393921,0.859375
-0.400757,0.147949,0.893677
0.462036,-0.248535,1.040039
-0.433960,-0.125122,0.776978
0.156982,0.033447,1.071533
0.142212,-0.405029,0.865967
-0.461426,0.119019,0.863037
0.490112,-0.243408,1.066406
-0.363770,-0.206787,0.762573
0.051270,0.123169,1.050049
0.213989,-0.400513,0.888794
-0.476807,0.061279,0.839111
0.486572,-0.216309,1.079712
-0.286255,-0.244629,0.765625
-0.021606,0.135376,1.038452
0.273560,-0.411255,0.899780
-0.512085,0.053955,0.809082
0.493774,-0.225464,1.079346
-0.195801,-0.305786,0.767212
-0.082642,0.157471,1.015747
0.317139,-0.366943,0.925049
-0.537964,0.028931,0.771484
0.462769,-0.218140,1.079834
-0.151367,-0.386841,0.767700
-0.130493,0.144653,1.027710
0.343628,-0.344238,0.934326
-0.537842,0.031250,0.763184
0.432861,-0.155640,1.092285
-0.110718,-0.351685,0.799072
-0.228882,0.165405,0.994995
0.393799,-0.341187,0.979370
-0.537720,-0.012695,0.762573
0.390137,-0.138916,1.093872
-0.096802,-0.334839,0.819214
-0.272461,0.169067,0.983154
0.432129,-0.324951,1.008911
-0.513428,-0.023560,0.772339
0.341675,-0.068237,1.105591
-0.051880,-0.352783,0.821289
-0.310791,0.157471,0.950562
0.461792,-0.329590,1.027222
-0.493652,-0.072144,0.751953
0.297607,-0.021362,1.099854
-0.010132,-0.331543,0.828735
-0.336060,0.156128,0.956055
0.487427,-0.336792,1.042725
-0.479858,-0.104370,0.755615
0.248657,0.018188,1.097290
0.050659,-0.372559,0.849976
-0.387329,0.158569,0.909058
0.483276,-0.308838,1.049561
-0.442017,-0.154663,0.755981
0.204346,0.005615,1.083618
0.098511,-0.398804,0.863403
-0.429810,0.165283,0.892944
0.497559,-0.259888,1.069824
-0.418457,-0.148926,0.768311
0.139038,0.042603,1.075806
0.157593,-0.431519,0.880249
-0.447021,0.106567,0.867676
0.506104,-0.240479,1.074707
-0.399658,-0.162354,0.767578
0.054199,0.096436,1.051392
0.238647,-0.438477,0.900146
-0.461792,0.078979,0.862671
0.494141,-0.201172,1.098267
-0.330688,-0.216064,0.765015
0.014771,0.124756,1.050293
0.275513,-0.414917,0.908936
-0.491455,0.053101,0.840454
0.502441,-0.205322,1.103394
-0.235352,-0.274048,0.771973
-0.031982,0.149048,1.040039
0.302734,-0.389648,0.922729
-0.526733,0.046509,0.815430
0.489624,-0.225708,1.096069
-0.160767,-0.343140,0.784424
-0.088745,0.146973,1.023438
0.320312,-0.323120,0.942749
-0.524902,-0.007324,0.771973
0.465576,-0.230469,1.091919
-0.136353,-0.367188,0.786865
-0.161743,0.164307,1.011841
0.380493,-0.344360,0.968018
-0.526001,0.051514,0.797729
0.410889,-0.156372,1.099976
-0.109253,-0.376831,0.800049
-0.221436,0.145630,0.999146
0.429077,-0.331787,1.009521
-0.516968,-0.002197,0.767700
0.346313,-0.044678,1.115845
-0.033447,-0.340210,0.844727
-0.293213,0.168335,0.979492
0.450073,-0.312866,1.036133
-0.470581,-0.095459,0.750244
0.317017,-0.014282,1.122925
0.020630,-0.348389,0.848755
-0.386719,0.189209,0.922729
0.502075,-0.301147,1.043213
-0.410400,-0.145020,0.757935
0.199707,0.041138,1.098145
0.120605,-0.377930,0.885864
-0.432007,0.132935,0.888916
0.496338,-0.277588,1.057129
-0.373413,-0.198975,0.771240
0.127441,0.070190,1.075562
0.190063,-0.404907,0.884766
-0.470337,0.111816,0.857544
0.517090,-0.228394,1.092773
-0.296265,-0.250610,0.782593
0.020752,0.135254,1.062378
0.255127,-0.390991,0.911133
-0.468506,0.040649,0.833008
0.503296,-0.210693,1.095703
-0.212769,-0.321167,0.782715
-0.030762,0.135010,1.046509
0.317383,-0.365967,0.938477
-0.505005,0.024780,0.807983
0.484253,-0.207031,1.109497
-0.155762,-0.307007,0.802734
-0.108276,0.137085,1.018188
0.358398,-0.328125,0.976929
-0.518066,-0.017578,0.791382
0.459229,-0.200806,1.106689
-0.106934,-0.343750,0.795166
-0.204712,0.178711,0.996582
0.401123,-0.311646,1.003662
-0.493286,-0.067627,0.781860
0.406006,-0.127319,1.114624
-0.068481,-0.332031,0.817261
-0.299194,0.190063,0.970825
0.450317,-0.318848,1.030273
-0.469971,-0.124878,0.764893
0.339844,-0.069214,1.121704
0.013916,-0.347168,0.860718
-0.354736,0.185547,0.930420
0.474487,-0.300171,1.036133
-0.432007,-0.157104,0.756348
0.266724,-0.029419,1.113281
0.095093,-0.398926,0.874634
-0.416260,0.168823,0.903564
0.498413,-0.259277,1.066528
-0.381836,-0.192505,0.772339
0.164795,0.035400,1.093262
0.181152,-0.416138,0.901733
-0.456909,0.134888,0.866089
0.500610,-0.226685,1.076050
-0.336792,-0.196899,0.792480
0.078735,0.100220,1.073608
0.245605,-0.427368,0.905151
-0.470703,0.082520,0.859497
0.501709,-0.188477,1.106689
-0.267822,-0.261353,0.779297
0.003052,0.145386,1.066650
0.301147,-0.390137,0.943848
-0.496704,0.032349,0.822510
0.496826,-0.200806,1.110962
-0.163086,-0.322021,0.796753
-0.071045,0.148193,1.038208
0.340332,-0.362549,0.957764
-0.488281,-0.018311,0.793701
0.471436,-0.161499,1.117798
-0.123535,-0.340332,0.768311
-0.162598,0.180298,1.023315
0.403564,-0.344971,0.983643
-0.511597,-0.029663,0.788208
0.434326,-0.144775,1.118408
-0.066040,-0.366333,0.815063
-0.247803,0.187256,0.988892
0.454834,-0.322510,1.032593
-0.480591,-0.037598,0.783813
0.357544,-0.065430,1.115234
-0.008301,-0.357300,0.847900
-0.314697,0.150879,0.954346
0.489258,-0.288696,1.069336
-0.448120,-0.109375,0.764648
0.257080,0.016235,1.105713
0.078247,-0.374634,0.861938
-0.364868,0.131592,0.934448
0.512573,-0.298828,1.082642
-0.402100,-0.163208,0.776123
0.187622,0.103760,1.113159
0.144165,-0.349854,0.901123
-0.406738,0.071411,0.900146
0.540283,-0.313477,1.096558
-0.357300,-0.229858,0.770996
0.112183,0.136841,1.090088
0.195312,-0.356812,0.892456
-0.447998,0.083984,0.866943
0.545898,-0.275146,1.112549
-0.292236,-0.274414,0.799927
0.044922,0.115967,1.051514
0.249146,-0.359985,0.911743
-0.471558,0.066406,0.828247
0.533081,-0.250732,1.108765
-0.208008,-0.305786,0.828247
-0.003174,0.100098,1.057251
0.292480,-0.380615,0.928833
-0.494019,0.049927,0.812378
0.520996,-0.187134,1.135376
-0.145996,-0.328247,0.822876
-0.071289,0.147827,1.053345
0.345093,-0.388062,0.942505
-0.499023,0.012207,0.801147
0.500488,-0.156982,1.139648
-0.119629,-0.275024,0.829956
-0.140503,0.173828,1.036499
0.390625,-0.358398,0.985352
-0.488159,-0.036621,0.810181
0.465698,-0.153931,1.132324
-0.093262,-0.328491,0.816040
-0.215576,0.198486,1.009399
0.442505,-0.320068,1.022095
-0.475708,-0.067139,0.781860
0.407471,-0.122803,1.128174
-0.033691,-0.356079,0.835938
-0.287598,0.185669,0.977661
0.476685,-0.301758,1.045532
-0.451782,-0.090088,0.778442
0.328491,-0.057495,1.127808
0.054199,-0.371460,0.876465
-0.348633,0.168701,0.929688
0.489624,-0.269409,1.066406
-0.397827,-0.145630,0.782715
0.243774,-0.002930,1.120972
0.149414,-0.394653,0.904907
-0.409546,0.144409,0.893921
0.506104,-0.227783,1.086426
-0.353516,-0.179810,0.786133
0.146118,0.057007,1.101196
0.241577,-0.432007,0.921875
-0.457031,0.114990,0.879517
0.511719,-0.190430,1.104370
-0.286621,-0.234619,0.795532
0.052490,0.125244,1.081665
0.307251,-0.391479,0.958008
-0.478149,0.061157,0.834229
0.502197,-0.180176,1.116333
-0.169678,-0.310913,0.799438
-0.039185,0.139160,1.060181
0.372681,-0.365356,0.989868
-0.484131,0.009521,0.818604
0.466431,-0.131592,1.128540
-0.114014,-0.333862,0.813110
-0.160645,0.149780,1.027466
0.421021,-0.327759,1.033325
-0.458618,-0.066040,0.801270
0.406616,-0.062866,1.150269
-0.059937,-0.314819,0.830933
-0.250488,0.190063,1.011353
0.475952,-0.314941,1.057373
-0.450806,-0.115356,0.794922
0.338623,-0.064697,1.127075
0.045166,-0.354004,0.875610
-0.324585,0.175293,0.944092
0.503052,-0.266235,1.079346
-0.375977,-0.196899,0.778809
0.231323,0.018799,1.120117
0.150513,-0.392334,0.902954
-0.402100,0.132080,0.906616
0.521973,-0.244019,1.093018
-0.331055,-0.219238,0.791138
0.126343,0.078491,1.097412
0.252197,-0.398071,0.935669
-0.441284,0.090210,0.860352
0.524048,-0.194946,1.117310
-0.263062,-0.283081,0.795288
0.037842,0.106079,1.083252
0.304199,-0.376221,0.954956
-0.475830,0.053589,0.822266
0.522095,-0.162964,1.128906
-0.141113,-0.312378,0.818970
-0.067871,0.146118,1.061279
0.359497,-0.370239,0.979492
-0.472412,-0.037354,0.817871
0.502808,-0.150269,1.156982
-0.093994,-0.317505,0.817871
-0.159912,0.203003,1.036255
0.428223,-0.336792,1.010742
-0.472778,-0.057373,0.803589
0.443604,-0.121948,1.148804
-0.041382,-0.333862,0.845337
-0.249390,0.207520,0.996338
0.479614,-0.308838,1.055908
-0.451538,-0.104858,0.790405
0.371094,-0.065796,1.142944
0.029907,-0.357422,0.867188
-0.308105,0.201172,0.977173
0.503418,-0.296875,1.071167
-0.414307,-0.154419,0.777466
0.298462,-0.036011,1.140869
0.114502,-0.366699,0.904297
-0.372070,0.173828,0.929077
0.523926,-0.253662,1.091187
-0.355469,-0.207520,0.795898
0.197266,0.037842,1.124634
0.201416,-0.412720,0.923340
-0.425049,0.136841,0.890747
0.544800,-0.245361,1.099121
-0.302612,-0.241577,0.790283
0.094238,0.130981,1.100464
0.287598,-0.419312,0.934937
-0.447021,0.096802,0.877563
0.531738,-0.198608,1.116211
-0.234497,-0.277344,0.819092
0.028076,0.135498,1.092651
0.316040,-0.366943,0.971191
-0.459473,0.016235,0.823975
0.526611,-0.177368,1.137573
-0.129395,-0.312378,0.830566
-0.039795,0.153564,1.085327
0.376587,-0.376709,0.986450
-0.479370,0.004517,0.818604
0.492310,-0.136719,1.142822
-0.097290,-0.320435,0.811523
-0.121338,0.185181,1.066162
0.437256,-0.357056,1.029175
-0.487427,-0.025635,0.817383
0.443970,-0.076172,1.155151
-0.055786,-0.310669,0.822021
-0.205322,0.212769,1.051636
0.486084,-0.324219,1.072144
-0.463745,-0.095703,0.803223
0.399414,-0.052612,1.154053
0.017700,-0.331055,0.863525
-0.296631,0.210815,0.986938
0.526489,-0.305664,1.083496
-0.400391,-0.149536,0.802246
0.299194,-0.008423,1.134399
0.098511,-0.357300,0.896606
-0.332153,0.152466,0.930420
0.544556,-0.270264,1.107544
-0.366455,-0.200562,0.803101
0.201782,0.018066,1.111328
0.196899,-0.404297,0.926636
-0.387085,0.137817,0.906494
0.540649,-0.194580,1.122559
-0.300049,-0.236694,0.811646
0.083374,0.082886,1.084351
0.282227,-0.449463,0.945068
-0.429077,0.051025,0.867798
0.552490,-0.182983,1.157837
-0.209839,-0.273193,0.830688
-0.025879,0.160034,1.067627
0.356689,-0.390381,0.967407
-0.450806,0.010010,0.836914
0.525635,-0.182007,1.147461
-0.091553,-0.314209,0.853516
-0.083740,0.170898,1.065552
0.399048,-0.339478,0.999634
-0.477051,-0.022827,0.816406
0.498413,-0.158081,1.161621
-0.031250,-0.323364,0.871094
-0.187500,0.234253,1.064331
0.455811,-0.309448,1.047119
-0.477417,-0.043457,0.804443
0.409424,-0.096802,1.151733
0.036621,-0.356689,0.888550
-0.269165,0.214844,1.014526
0.511108,-0.280884,1.091919
-0.431763,-0.103638,0.787720
0.312866,-0.037842,1.134277
0.126831,-0.382812,0.913696
-0.329590,0.170044,0.948853
0.538574,-0.252075,1.114014
-0.348633,-0.192139,0.800171
0.196289,0.045776,1.118530
0.210083,-0.402954,0.934937
-0.409546,0.100830,0.899170
0.557129,-0.211304,1.149170
-0.272095,-0.241821,0.819702
0.080811,0.138184,1.104614
0.312378,-0.397583,0.964600
-0.442505,0.062012,0.861328
0.540771,-0.195068,1.140137
-0.151978,-0.298218,0.845703
-0.028076,0.172852,1.089600
0.372925,-0.365112,0.990479
-0.441406,0.001953,0.839233
0.503174,-0.136963,1.161865
-0.069824,-0.324829,0.846680
-0.109985,0.176270,1.066895
0.427734,-0.337402,1.028687
-0.463013,-0.036621,0.812256
0.460205,-0.112427,1.166260
-0.016724,-0.329712,0.876221
-0.224609,0.228394,1.054199
0.492798,-0.310791,1.077881
-0.426392,-0.070801,0.811279
0.358643,-0.018188,1.153931
0.064453,-0.359863,0.898926
-0.277100,0.179443,0.992188
0.526855,-0.274048,1.103638
-0.380493,-0.149170,0.808838
0.274902,0.008301,1.136719
0.163574,-0.401855,0.909790
-0.349731,0.146729,0.942871
0.550049,-0.251831,1.111938
-0.318237,-0.205078,0.820923
0.165039,0.068115,1.116455
0.246948,-0.409180,0.949219
-0.396118,0.081177,0.875977
0.552368,-0.197876,1.136963
-0.249878,-0.228516,0.822998
0.056152,0.132935,1.086792
0.349731,-0.422363,0.978882
-0.433105,0.051636,0.867065
0.527222,-0.166748,1.132080
-0.159668,-0.276001,0.834229
-0.021362,0.164795,1.090210
0.394043,-0.370850,1.008301
-0.442871,-0.009277,0.848145
0.511353,-0.117798,1.172974
-0.066772,-0.308472,0.843262
-0.103027,0.191406,1.067871
0.442261,-0.330078,1.047363
-0.455566,-0.062500,0.825684
0.467529,-0.116577,1.175171
-0.024414,-0.322632,0.867798
-0.205078,0.230225,1.040405
0.495605,-0.288940,1.085693
-0.426392,-0.096313,0.821655
0.375854,-0.067139,1.155396
0.058472,-0.356934,0.903320
-0.272949,0.189453,0.994507
0.533936,-0.254517,1.119507
-0.375122,-0.169922,0.802002
0.299072,0.008667,1.156616
0.162964,-0.403564,0.920776
-0.358765,0.150757,0.942017
0.556641,-0.273193,1.117798
-0.317871,-0.204712,0.822510
0.175659,0.079712,1.123169
0.263428,-0.407227,0.958862
-0.406860,0.132568,0.908569
0.551514,-0.203857,1.140625
-0.267578,-0.225830,0.835083
0.099731,0.121948,1.110107
0.332520,-0.425537,0.977783
-0.441528,0.076050,0.875122
0.545532,-0.171021,1.147339
-0.186279,-0.248169,0.837646
0.004395,0.191650,1.098145
0.379883,-0.388550,0.995728
-0.432129,0.009766,0.859131
0.461182,-0.105713,1.171631
-0.081909,-0.312988,0.856567
-0.180420,0.215942,1.056030
0.419800,-0.359131,1.023193
-0.429565,-0.076172,0.822510
0.392212,-0.062256,1.153564
0.071655,-0.360962,0.917358
-0.226562,0.181519,1.031738
0.538086,-0.255127,1.126587
-0.411011,-0.099731,0.805542
0.302734,-0.003906,1.124268
0.179443,-0.424438,0.934448
-0.304199,0.143311,0.966064
0.558350,-0.251221,1.140625
-0.345093,-0.164307,0.821777
0.204102,0.074097,1.104980
0.242676,-0.420410,0.942749
-0.357178,0.086182,0.912476
0.584839,-0.247070,1.148926
-0.273315,-0.240479,0.830688
0.114136,0.152954,1.106201
0.303101,-0.407715,0.972046
-0.427002,0.048706,0.855713
0.583740,-0.243286,1.168091
-0.194946,-0.285278,0.846436
0.019897,0.200439,1.107178
0.359009,-0.380249,0.992432
-0.437622,0.028564,0.850830
0.540527,-0.207886,1.154663
-0.102783,-0.291016,0.893188
-0.042480,0.233032,1.104614
0.403198,-0.388550,1.006958
-0.461670,0.021118,0.836670
0.500610,-0.169189,1.142944
-0.015259,-0.326050,0.899048
-0.089722,0.216309,1.092896
0.441895,-0.352661,1.032471
-0.446777,-0.013306,0.830688
0.463013,-0.118896,1.145264
0.036133,-0.364014,0.895630
-0.147339,0.220947,1.067993
0.488892,-0.318848,1.073364
-0.424805,-0.082031,0.810913
0.422119,-0.057861,1.155640
0.053589,-0.357300,0.891235
-0.218628,0.194946,1.033936
0.518188,-0.314941,1.085205
-0.405640,-0.108887,0.820312
0.369385,-0.016235,1.153564
0.101440,-0.357300,0.908081
-0.285400,0.176270,0.987549
0.548340,-0.274414,1.123901
-0.363037,-0.162231,0.806030
0.285767,0.013062,1.125122
0.189453,-0.424805,0.929565
-0.349487,0.171387,0.948975
0.557861,-0.256592,1.119263
-0.315918,-0.181519,0.827148
0.178711,0.077026,1.114502
0.267212,-0.434570,0.947266
-0.373169,0.069702,0.878052
0.555298,-0.212036,1.133423
-0.267944,-0.219604,0.840820
0.092041,0.127197,1.103516
0.339600,-0.451172,0.980225
-0.423950,0.070801,0.861206
0.553955,-0.197510,1.148804
-0.181641,-0.232422,0.869629
-0.012085,0.211426,1.105713
0.398682,-0.431152,1.000732
-0.434570,0.041260,0.855591
0.522095,-0.148560,1.147583
-0.107178,-0.243896,0.892456
-0.076538,0.228638,1.096680
0.436768,-0.431396,1.013306
-0.446411,-0.024658,0.823364
0.470215,-0.089966,1.159668
-0.010376,-0.311279,0.888672
-0.131348,0.218994,1.084839
0.468872,-0.371216,1.045410
-0.448608,-0.055054,0.809204
0.420288,-0.085815,1.140137
0.060791,-0.363281,0.898315
-0.192139,0.221924,1.051636
0.494995,-0.321411,1.072998
-0.435181,-0.080444,0.802979
0.370605,-0.061523,1.125488
0.098022,-0.375732,0.908813
-0.267090,0.200317,1.007568
0.531250,-0.259277,1.105591
-0.393311,-0.134399,0.804321
0.279663,-0.008545,1.116699
0.169800,-0.430908,0.908691
-0.309692,0.138184,0.946289
0.544800,-0.237549,1.121094
-0.345093,-0.158447,0.814453
0.192383,0.055420,1.093018
0.241577,-0.463257,0.923584
-0.364136,0.064697,0.890747
0.565186,-0.228394,1.134888
-0.295898,-0.200195,0.816162
0.087646,0.149902,1.087769
0.338623,-0.462891,0.958496
-0.423462,0.053467,0.850220
0.537231,-0.207642,1.136597
-0.205322,-0.244873,0.846069
0.005005,0.169678,1.074097
0.368652,-0.414307,0.975586
-0.440918,0.030396,0.845459
0.526123,-0.157593,1.156128
-0.101074,-0.251831,0.882202
-0.091187,0.205933,1.069824
0.423462,-0.390015,1.013672
-0.440796,-0.048828,0.813843
0.459595,-0.090576,1.159302
0.011475,-0.342529,0.880249
-0.131714,0.214233,1.063721
0.467896,-0.323608,1.046875
-0.457031,-0.032593,0.795776
0.407227,-0.097900,1.114258
0.076904,-0.399414,0.888794
-0.230103,0.192383,1.020630
0.500366,-0.287598,1.081909
-0.407837,-0.112427,0.796143
0.304688,-0.002563,1.109619
0.131958,-0.381836,0.919067
-0.304810,0.190674,0.998657
0.559814,-0.298706,1.115723
-0.387817,-0.144653,0.797607
0.209595,0.059570,1.098145
0.218140,-0.444458,0.920776
-0.353516,0.080078,0.906738
0.576172,-0.249268,1.140747
-0.307251,-0.194702,0.818848
0.100464,0.129028,1.083008
0.298706,-0.451904,0.930664
-0.412598,0.019409,0.837524
0.555420,-0.218628,1.141357
-0.206543,-0.255371,0.842285
-0.009644,0.198486,1.069214
0.375000,-0.410400,0.968994
-0.453491,0.032715,0.835815
0.511353,-0.190552,1.129517
-0.106567,-0.294800,0.869629
-0.093262,0.219849,1.063354
0.413818,-0.366577,1.003052
-0.451172,-0.017456,0.825928
0.465454,-0.140015,1.132690
0.014771,-0.381104,0.870728
-0.164185,0.209839,1.051880
0.461426,-0.370239,1.023071
-0.449097,-0.067871,0.800659
0.394043,-0.081787,1.121338
0.079346,-0.399414,0.881714
-0.222778,0.189209,1.032715
0.496704,-0.323975,1.055908
-0.427124,-0.098999,0.797241
0.312988,-0.027832,1.106812
0.113403,-0.394531,0.890869
-0.284180,0.192383,1.003418
0.541504,-0.280640,1.100342
-0.387207,-0.125854,0.808105
0.219727,0.039917,1.085693
0.187500,-0.445679,0.903687
-0.347778,0.091553,0.907593
0.576660,-0.281494,1.116577
-0.344971,-0.172729,0.803711
0.109985,0.116455,1.065063
0.276733,-0.484009,0.912842
-0.382812,0.019287,0.843018
0.535278,-0.215088,1.122681
-0.261963,-0.195190,0.832642
0.026001,0.153687,1.060913
0.336426,-0.474121,0.933716
-0.443970,0.025024,0.834839
0.519165,-0.157837,1.143311
-0.150757,-0.247559,0.862427
-0.076782,0.223267,1.074951
0.395508,-0.428589,0.979492
-0.468994,-0.014771,0.802002
0.460205,-0.125854,1.129272
-0.023682,-0.318970,0.875244
-0.128906,0.225464,1.069214
0.436523,-0.374023,1.002319
-0.473267,-0.052490,0.787109
0.416260,-0.123047,1.104492
0.075439,-0.410522,0.881104
-0.215576,0.209473,1.019409
0.473633,-0.320312,1.046265
-0.440063,-0.083496,0.795898
0.336792,-0.063110,1.097656
0.093628,-0.411133,0.867310
-0.246338,0.161743,0.984741
0.508545,-0.291748,1.065308
-0.426147,-0.100098,0.791260
0.251953,-0.027466,1.058960
0.163696,-0.461426,0.888184
-0.330078,0.121826,0.933594
0.523071,-0.246216,1.102295
-0.370972,-0.151245,0.785889
0.187744,0.050659,1.079956
0.241699,-0.469116,0.906738
-0.388428,0.061157,0.870972
0.526855,-0.250732,1.106201
-0.305176,-0.212769,0.799438
0.088135,0.127075,1.066772
0.311890,-0.453491,0.927368
-0.437012,0.057251,0.843018
0.522217,-0.239258,1.096191
-0.234863,-0.265259,0.804810
-0.001831,0.151978,1.047485
0.354858,-0.418945,0.957764
-0.460693,0.014160,0.804321
0.500488,-0.178955,1.110962
-0.131592,-0.277710,0.849976
-0.106201,0.211548,1.047485
0.411377,-0.420532,0.978760
-0.466919,-0.050781,0.803345
0.447876,-0.140503,1.118408
-0.029541,-0.329346,0.863892
-0.165649,0.200684,1.018066
0.448730,-0.369995,1.012695
-0.456543,-0.059326,0.783203
0.385132,-0.111206,1.098389
0.069092,-0.425049,0.874023
-0.234375,0.175781,0.991821
0.482056,-0.332764,1.034424
-0.433960,-0.095337,0.781860
0.309570,-0.053223,1.074585
0.098755,-0.401367,0.859375
-0.289917,0.152588,0.954346
0.522461,-0.279053,1.082275
-0.399536,-0.130249,0.788330
0.213013,0.042358,1.069702
0.177734,-0.444946,0.888428
-0.369507,0.078491,0.888184
0.557007,-0.299561,1.095459
-0.356323,-0.187012,0.795044
0.098389,0.099365,1.053711
0.265381,-0.470215,0.892944
-0.413208,0.039673,0.834839
0.531372,-0.237671,1.095825
-0.266357,-0.214233,0.819458
-0.002319,0.159058,1.042236
0.346313,-0.490479,0.931641
-0.485840,0.012451,0.800049
0.494263,-0.208618,1.103271
-0.161133,-0.270020,0.824707
-0.092285,0.232178,1.046021
0.399536,-0.384644,0.988037
-0.467773,-0.029541,0.798462
0.430054,-0.163208,1.099731
-0.051147,-0.386719,0.825562
-0.156494,0.207642,1.024292
0.446167,-0.346191,1.009033
-0.478882,-0.033936,0.780151
0.374878,-0.124634,1.080078
0.089233,-0.449707,0.866577
-0.241699,0.166016,0.977539
0.474487,-0.302490,1.036865
-0.451538,-0.078247,0.762207
0.274292,-0.035400,1.056519
0.123779,-0.435791,0.866089
-0.311523,0.110107,0.935303
0.508545,-0.287109,1.081665
-0.411743,-0.126953,0.776245
0.180664,0.025757,1.061035
0.205322,-0.466431,0.886841
-0.398315,0.061768,0.871582
0.531128,-0.275513,1.094238
-0.340332,-0.196777,0.771484
0.064209,0.127808,1.046387
0.294800,-0.466675,0.920898
-0.443970,0.009277,0.809937
0.512817,-0.249878,1.088135
-0.249756,-0.230713,0.806152
-0.022827,0.188599,1.040161
0.348877,-0.413086,0.947632
-0.475586,-0.015747,0.799561
0.467163,-0.222412,1.086060
-0.144775,-0.291992,0.829956
-0.104736,0.204102,1.027222
0.390503,-0.404175,0.961914
-0.485474,-0.027466,0.790894
0.442505,-0.177002,1.087280
-0.058105,-0.351074,0.842773
-0.168091,0.166382,0.991577
0.423218,-0.357178,0.996094
-0.464600,-0.073486,0.777222
0.378540,-0.112671,1.085205
0.044800,-0.434937,0.829224
-0.236938,0.154053,0.974609
0.458374,-0.345581,1.006592
-0.457886,-0.080688,0.773438
0.322632,-0.072876,1.064819
0.100098,-0.434326,0.850952
-0.308838,0.150635,0.935913
0.475464,-0.311768,1.031372
-0.422241,-0.157349,0.769165
0.248657,-0.030396,1.067261
0.121460,-0.399048,0.854736
-0.367188,0.140137,0.893677
0.502808,-0.290161,1.041870
-0.379272,-0.190186,0.771484
0.148804,0.017578,1.034424
0.223145,-0.473389,0.874146
-0.414307,0.081177,0.825317
0.485962,-0.234497,1.052490
-0.316895,-0.185547,0.786743
0.055420,0.085571,1.039917
0.300293,-0.512695,0.891235
-0.479248,0.041016,0.791138
0.472656,-0.197876,1.072144
-0.223145,-0.239990,0.817627
-0.040405,0.145386,1.028931
0.345703,-0.460449,0.937134
-0.496948,0.008667,0.766357
0.453125,-0.144897,1.087524
-0.139526,-0.267334,0.828369
-0.121948,0.194458,1.032349
0.396606,-0.432251,0.967529
-0.499146,-0.032837,0.770630
0.404053,-0.140137,1.068848
-0.025757,-0.348022,0.825073
-0.180054,0.176636,0.992920
0.435059,-0.381104,0.983643
-0.496338,-0.059448,0.759888
0.352539,-0.104614,1.057983
0.060181,-0.439941,0.821777
-0.253784,0.168091,0.951538
0.470703,-0.338623,1.020630
-0.470459,-0.088989,0.763306
0.266357,-0.053833,1.038818
0.084717,-0.446533,0.811768
-0.300049,0.121216,0.918091
0.492554,-0.313965,1.040161
-0.451416,-0.136475,0.751099
0.188843,-0.002808,1.021851
0.146851,-0.467407,0.834473
-0.371460,0.079834,0.860596
0.508789,-0.275635,1.054443
-0.389282,-0.192261,0.743774
0.093994,0.083252,1.035400
0.234375,-0.505859,0.854126
-0.418213,0.051270,0.830688
0.503906,-0.259155,1.055664
-0.323242,-0.185181,0.780640
0.017578,0.121338,1.024170
0.290161,-0.490356,0.888428
-0.471069,0.018555,0.785034
0.486572,-0.221069,1.073608
-0.230103,-0.244385,0.802124
-0.065552,0.187866,1.042114
0.325806,-0.478516,0.897705
-0.494263,0.021240,0.792114
0.465576,-0.193481,1.068359
-0.133789,-0.258179,0.848389
-0.134033,0.218750,1.026733
0.347412,-0.428589,0.930664
-0.519043,-0.005127,0.764038
0.436768,-0.181396,1.060913
-0.054077,-0.330078,0.834961
-0.184937,0.205688,1.008423
0.410645,-0.402954,0.965088
-0.519043,-0.043213,0.756226
0.371948,-0.174072,1.037354
0.040894,-0.436890,0.838257
-0.236694,0.186279,0.968262
0.427490,-0.330688,0.986206
-0.473145,-0.075684,0.767334
0.300781,-0.093872,1.036011
0.083374,-0.482056,0.813110
-0.302490,0.117798,0.902832
0.469238,-0.322876,1.011963
-0.462769,-0.091675,0.756958
0.222900,-0.016113,1.042358
0.118530,-0.432373,0.842163
-0.383667,0.089233,0.850952
0.493408,-0.304077,1.030151
-0.412720,-0.178589,0.748047
0.133545,0.059814,1.045898
0.177124,-0.444092,0.861084
-0.433716,0.065186,0.822510
0.509766,-0.331787,1.031128
-0.362183,-0.222168,0.759277
0.031128,0.127930,1.032837
0.256592,-0.466187,0.870239
-0.481079,0.077393,0.783081
0.491943,-0.281860,1.036621
-0.265503,-0.257812,0.792114
-0.050171,0.141357,1.011108
0.296631,-0.447388,0.893799
-0.501831,0.037842,0.765381
0.447144,-0.180420,1.053223
-0.150513,-0.245117,0.827271
-0.137817,0.202026,1.010132
0.370361,-0.474609,0.923096
-0.503052,-0.018799,0.767822
0.395142,-0.123901,1.045044
-0.054565,-0.305298,0.825073
-0.227295,0.201782,0.970825
0.423096,-0.427979,0.955566
-0.487549,-0.102539,0.750610
0.312988,-0.083252,1.032593
0.049316,-0.429077,0.808228
-0.282227,0.167358,0.922729
0.448608,-0.323120,0.989136
-0.467041,-0.121094,0.751953
0.201904,-0.019165,1.008667
0.101074,-0.501709,0.793823
-0.344482,0.072510,0.857544
0.477051,-0.278198,1.029541
-0.417725,-0.120850,0.768433
0.086182,0.076660,1.018799
0.208618,-0.510864,0.829346
-0.440918,0.038696,0.792847
0.498169,-0.266479,1.046875
-0.302368,-0.220947,0.769043
-0.037109,0.203125,1.031860
0.274902,-0.414917,0.882935
-0.519897,0.014893,0.766113
0.462036,-0.280396,1.037231
-0.158936,-0.330688,0.808716
-0.111938,0.234253,1.027344
0.310303,-0.339111,0.923950
-0.546509,0.038086,0.755737
0.438354,-0.256470,1.030396
-0.042358,-0.370605,0.829712
-0.186523,0.210815,0.996704
0.361572,-0.345337,0.944336
-0.517334,-0.017212,0.770508
0.366211,-0.176270,1.024170
0.019531,-0.417114,0.824585
-0.247925,0.147461,0.916870
0.430664,-0.347534,0.971313
-0.503906,-0.054321,0.741699
0.273926,-0.072388,1.012085
0.067993,-0.478394,0.798706
-0.301270,0.089355,0.872681
0.474365,-0.314819,1.004517
-0.499512,-0.056396,0.728027
0.186646,0.006592,1.003174
0.124634,-0.443604,0.817749
-0.363037,0.073608,0.848877
0.474609,-0.296997,1.017456
-0.437866,-0.095703,0.751343
0.091553,0.096802,1.022827
0.168335,-0.448120,0.838501
-0.452637,0.043091,0.799438
0.489014,-0.312256,1.022095
-0.352295,-0.196045,0.758545
0.002441,0.175415,1.026367
0.239380,-0.422607,0.866333
-0.491333,0.044556,0.776245
0.469971,-0.311035,1.005493
-0.292847,-0.243408,0.770874
-0.060425,0.167847,1.003662
0.305908,-0.420532,0.902710
-0.525635,0.028076,0.747925
0.438843,-0.223877,1.036255
-0.170898,-0.291748,0.794434
-0.139160,0.181396,0.987915
0.361816,-0.437256,0.914185
-0.516968,-0.001465,0.765015
0.389038,-0.149536,1.040405
-0.061646,-0.376343,0.793701
-0.215454,0.160278,0.935059
0.396362,-0.375732,0.946777
-0.517212,-0.036743,0.736938
0.328979,-0.103149,1.028320
0.015381,-0.430420,0.783325
-0.269409,0.112305,0.894653
0.422607,-0.331909,0.972900
-0.487671,-0.105835,0.746216
0.259766,-0.061890,1.017090
0.075073,-0.457764,0.789185
-0.367310,0.103149,0.834473
0.458008,-0.316650,0.991943
-0.451782,-0.131348,0.749023
0.161987,0.009155,1.013306
0.129761,-0.460083,0.801514
-0.427368,0.122925,0.804932
0.450562,-0.268921,0.987671
-0.385376,-0.160645,0.760986
0.075439,0.048828,1.010376
0.193115,-0.495483,0.814819
-0.476074,0.083130,0.770630
0.462891,-0.254028,1.006836
-0.325806,-0.194214,0.754639
-0.030396,0.142578,1.010010
0.291992,-0.502930,0.860718
-0.524780,0.047485,0.755127
0.461670,-0.233276,1.019287
-0.222656,-0.209473,0.803223
-0.144043,0.178467,0.966553
0.343506,-0.480835,0.890869
-0.524048,-0.002686,0.750366
0.408569,-0.141846,1.037354
-0.112427,-0.267212,0.806152
-0.202393,0.194336,0.954102
0.367798,-0.406738,0.937012
-0.524414,-0.037354,0.752808
0.372681,-0.141113,1.026733
-0.007690,-0.382324,0.804810
-0.278198,0.203857,0.931274
0.411133,-0.397461,0.932739
-0.503174,-0.086426,0.746094
0.275024,-0.064575,1.004028
0.057007,-0.431152,0.789673
-0.329346,0.148682,0.862183
0.443237,-0.349854,0.966431
-0.492310,-0.117065,0.727905
0.202148,-0.056763,0.984985
0.085693,-0.452759,0.788086
-0.369873,0.109253,0.828491
0.461182,-0.279541,0.996216
-0.451050,-0.124878,0.735229
0.102051,0.059570,1.005493
0.156982,-0.499756,0.798218
-0.443970,0.072998,0.796997
0.467529,-0.256592,1.013306
-0.383667,-0.116821,0.750000
-0.006104,0.147949,1.012085
0.240723,-0.493042,0.846558
-0.496460,0.015869,0.760254
0.444214,-0.251099,0.995728
-0.281372,-0.174072,0.783325
-0.085449,0.201050,1.011475
0.327271,-0.456055,0.901123
-0.531250,0.019043,0.756348
0.397339,-0.161255,1.014648
-0.143311,-0.281860,0.774536
-0.176514,0.193115,0.961670
0.373291,-0.397339,0.937134
-0.540283,-0.026489,0.751709
0.369507,-0.140869,1.025757
-0.034912,-0.380493,0.780273
-0.280273,0.197266,0.897827
0.417236,-0.355591,0.953613
-0.485962,-0.075562,0.768433
0.262451,-0.063354,1.005615
0.039307,-0.442017,0.762695
-0.373657,0.132202,0.834351
0.453979,-0.345093,0.966187
-0.456177,-0.141724,0.750244
0.154053,0.012085,1.002686
0.095093,-0.421631,0.797363
-0.450806,0.114868,0.792480
0.450562,-0.276611,0.982544
-0.379150,-0.179321,0.766357
0.048462,0.060181,1.008423
0.207520,-0.467041,0.843262
-0.529053,0.093750,0.750244
0.447754,-0.214966,1.010498
-0.228149,-0.218262,0.802124
-0.103149,0.158813,0.986694
0.306641,-0.442627,0.895020
-0.536743,0.033691,0.746948
0.399048,-0.128662,1.033081
-0.101807,-0.316650,0.772461
-0.214600,0.172974,0.940796
0.386353,-0.409424,0.934204
-0.520752,-0.057861,0.744751
0.317139,-0.070435,1.013184
0.004639,-0.403931,0.761597
-0.337646,0.170410,0.854980
0.438721,-0.335449,0.954468
-0.473999,-0.102783,0.760376
0.189697,-0.021362,1.003784
0.075439,-0.441162,0.775146
-0.429321,0.143555,0.801147
0.455688,-0.249023,0.984863
-0.397827,-0.161621,0.753174
0.047485,0.062012,0.997803
0.179199,-0.465698,0.825317
-0.504395,0.067017,0.753174
0.466431,-0.221069,1.011597
-0.256104,-0.178833,0.789551
-0.109253,0.204590,0.984863
0.298584,-0.438477,0.879150
-0.544434,0.035889,0.752686
0.415405,-0.185913,1.017578
-0.103394,-0.316406,0.782104
-0.210327,0.224365,0.955933
0.366455,-0.378540,0.922852
-0.524536,-0.002930,0.764282
0.341919,-0.106445,1.017944
-0.002930,-0.408691,0.778442
-0.321899,0.179688,0.863647
0.426025,-0.336304,0.953613
-0.488037,-0.098633,0.744873
0.212036,-0.040527,0.994141
0.071289,-0.455322,0.774902
-0.412109,0.140137,0.807983
0.443604,-0.265137,0.974854
-0.429932,-0.113037,0.756714
0.103149,0.045776,1.003662
0.141724,-0.469971,0.813599
-0.494141,0.093018,0.769775
0.448975,-0.212769,1.008057
-0.326050,-0.162598,0.765747
-0.043823,0.158569,0.990479
0.261108,-0.481689,0.853882
-0.533569,0.028442,0.743042
0.434448,-0.158569,1.030884
-0.189697,-0.220703,0.768188
-0.153076,0.215576,0.964844
0.329956,-0.399658,0.911621
-0.556519,0.006470,0.750488
0.399292,-0.158569,1.021851
-0.068115,-0.342773,0.774658
-0.249634,0.233398,0.923584
0.384888,-0.330200,0.937378
-0.516724,-0.051025,0.749756
0.293579,-0.091064,0.989380
0.003418,-0.437500,0.758179
-0.317749,0.151245,0.861938
0.420288,-0.302734,0.950928
-0.504883,-0.083008,0.734741
0.203003,-0.030640,0.991211
0.082642,-0.464233,0.774048
-0.431274,0.165039,0.798584
0.453491,-0.255737,0.973267
-0.430420,-0.104614,0.755615
0.093140,0.079224,1.021362
0.133423,-0.442749,0.824585
-0.513428,0.093506,0.768311
0.469238,-0.224121,1.016235
-0.326172,-0.193604,0.756226
-0.031860,0.202148,1.010254
0.238159,-0.407471,0.856323
-0.543701,0.069946,0.757568
0.456299,-0.238770,1.015137
-0.209717,-0.249756,0.785767
-0.139160,0.224854,0.971558
0.299438,-0.338867,0.898926
-0.550171,0.033936,0.763550
0.413208,-0.185669,1.023682
-0.090820,-0.344116,0.774292
-0.215210,0.208008,0.919678
0.352173,-0.308838,0.924072
-0.549194,0.005981,0.738647
0.351196,-0.130737,1.002075
-0.004639,-0.425537,0.770874
-0.303101,0.182983,0.868408
0.405151,-0.300537,0.947998
-0.535889,-0.027344,0.726196
0.252808,-0.070312,0.980225
0.041260,-0.464844,0.755005
-0.364746,0.157104,0.841797
0.440063,-0.284180,0.957520
-0.487549,-0.045288,0.745850
0.137695,0.034180,0.990845
0.088623,-0.449707,0.790405
-0.443848,0.104980,0.811035
0.458496,-0.245483,0.985474
-0.408813,-0.086060,0.758667
0.032593,0.166260,1.002197
0.176270,-0.436890,0.826660
-0.527954,0.081543,0.757690
0.448242,-0.221558,1.010132
-0.279907,-0.185547,0.769653
-0.063477,0.236328,1.001221
0.248169,-0.371460,0.868042
-0.569092,0.049438,0.742188
0.426880,-0.202637,1.024902
-0.170410,-0.295288,0.766846
-0.130005,0.203125,0.957275
0.318115,-0.331177,0.900024
-0.574585,0.084839,0.759644
0.278320,-0.048218,1.001465
-0.064941,-0.366943,0.776611
-0.335205,0.167969,0.859375
0.416138,-0.294434,0.947021
-0.535156,0.013184,0.723389
0.187744,0.034790,0.974609
0.011841,-0.362305,0.775879
-0.432007,0.163696,0.840088
0.448730,-0.297241,0.974365
-0.485352,-0.072754,0.728027
0.115845,0.133423,1.017944
0.044189,-0.346436,0.785400
-0.502563,0.140503,0.819336
0.478882,-0.277344,0.994019
-0.416382,-0.102905,0.756226
0.031250,0.178833,1.004150
0.131470,-0.395386,0.801270
-0.550537,0.170410,0.794067
0.459473,-0.250244,1.002563
-0.367432,-0.167480,0.747803
0.015137,0.126099,1.000244
0.184570,-0.380737,0.842041
-0.580566,0.183350,0.804321
0.445068,-0.213989,0.997681
-0.277832,-0.234741,0.750977
-0.059082,0.173096,0.979370
0.224121,-0.349731,0.870850
-0.576538,0.130859,0.771606
0.429565,-0.182861,1.007446
-0.224854,-0.288574,0.730347
-0.118774,0.184326,0.957275
0.280640,-0.343018,0.899780
-0.601196,0.111816,0.753174
0.400513,-0.147583,1.013672
-0.142334,-0.328125,0.748169
-0.191650,0.198730,0.932861
0.323242,-0.344727,0.891357
-0.603882,0.087280,0.735962
0.377319,-0.131836,1.013794
-0.099976,-0.365479,0.731567
-0.276123,0.213379,0.901733
0.369263,-0.320312,0.911865
-0.585571,0.055664,0.727539
0.304810,-0.063965,1.005249
-0.051636,-0.400024,0.745117
-0.336426,0.178589,0.871826
0.392700,-0.290161,0.940308
-0.560059,-0.003906,0.698853
0.214966,0.013184,0.989258
0.010010,-0.430786,0.759277
-0.433350,0.198730,0.847656
0.429199,-0.273438,0.966309
-0.512573,-0.040771,0.719727
0.122925,0.081909,1.006836
0.051025,-0.393311,0.791382
-0.485840,0.158081,0.841553
0.443848,-0.264404,0.978027
-0.433105,-0.075317,0.761841
0.021484,0.216431,1.015381
0.132812,-0.381714,0.819214
-0.543335,0.148438,0.813477
0.433960,-0.226807,1.006592
-0.362305,-0.154541,0.727661
-0.009033,0.221558,1.018921
0.195312,-0.387939,0.833252
-0.595459,0.157593,0.790161
0.440796,-0.213135,1.006592
-0.262207,-0.245361,0.734741
-0.100342,0.226929,0.982666
0.265381,-0.372559,0.869141
-0.606689,0.127930,0.770020
0.417114,-0.211426,0.993286
-0.192505,-0.338867,0.730469
-0.155029,0.198608,0.953125
0.315063,-0.333008,0.894409
-0.623291,0.133545,0.752441
0.403320,-0.175049,1.018799
-0.136841,-0.393555,0.724731
-0.225342,0.155640,0.905884
0.338257,-0.327881,0.907715
-0.612183,0.068848,0.722046
0.350098,-0.118408,1.010864
-0.078125,-0.414551,0.719238
-0.304443,0.205811,0.894897
0.358887,-0.292847,0.914917
-0.569946,0.054443,0.738892
0.275269,-0.084717,0.982666
-0.050049,-0.400513,0.760620
-0.365479,0.157837,0.867188
0.397827,-0.281738,0.952148
-0.558594,0.016724,0.696411
0.169678,0.055298,0.989258
0.025146,-0.416870,0.771851
-0.439819,0.158936,0.859741
0.409180,-0.296143,0.963501
-0.517700,-0.014038,0.723389
0.128296,0.121338,1.016357
0.069946,-0.366089,0.801147
-0.526855,0.185059,0.836792
0.426270,-0.278809,0.972656
-0.436401,-0.133911,0.723877
0.067627,0.147583,1.018433
0.103149,-0.369873,0.802856
-0.566650,0.192993,0.820190
0.449219,-0.262451,0.987793
-0.370483,-0.196655,0.740723
-0.000610,0.146240,0.999756
0.152344,-0.379395,0.836548
-0.573120,0.137329,0.804199
0.454346,-0.240356,1.013062
-0.332520,-0.240723,0.715210
-0.052490,0.161987,0.981812
0.217773,-0.389404,0.848755
-0.582520,0.132568,0.791138
0.441284,-0.219604,1.011841
-0.255859,-0.293945,0.725830
-0.108643,0.168945,0.955688
0.258179,-0.363525,0.861450
-0.603638,0.133179,0.757690
0.416626,-0.204590,0.994873
-0.218384,-0.352661,0.720337
-0.135376,0.149170,0.962402
0.299561,-0.376465,0.886230
-0.633057,0.165405,0.745239
0.393433,-0.144043,1.005005
-0.163452,-0.346313,0.737671
-0.192627,0.152466,0.947021
0.316772,-0.373291,0.896240
-0.618530,0.129272,0.739990
0.370972,-0.123657,1.005737
-0.140991,-0.322998,0.737793
-0.279785,0.180176,0.904785
0.341187,-0.354614,0.908081
-0.570190,0.025879,0.740112
0.339966,-0.087280,1.020874
-0.141846,-0.356201,0.715454
-0.329834,0.202271,0.886230
0.402100,-0.385132,0.924316
-0.563599,0.009277,0.731445
0.270996,-0.031494,1.019653
-0.099731,-0.360229,0.729248
-0.368530,0.194458,0.879272
0.395386,-0.351074,0.934448
-0.538330,-0.079102,0.715698
0.222046,-0.017456,1.015503
-0.047852,-0.391846,0.748169
-0.449097,0.217773,0.856934
0.421509,-0.335815,0.950684
-0.522949,-0.112305,0.707520
0.161255,0.007568,1.006348
-0.006470,-0.380615,0.772461
-0.503906,0.223877,0.850708
0.434204,-0.280518,0.969238
-0.473267,-0.113403,0.749512
0.078369,0.069092,1.012817
0.088257,-0.434937,0.801147
-0.552246,0.200439,0.823120
0.432983,-0.229736,0.987061
-0.391602,-0.126587,0.749634
0.013916,0.130859,1.011841
0.169067,-0.408936,0.842529
-0.586792,0.138550,0.791504
0.426514,-0.197144,1.006104
-0.302002,-0.260498,0.709229
-0.075684,0.201904,0.994995
0.244873,-0.392822,0.859985
-0.598022,0.101562,0.774780
0.408325,-0.188477,1.015991
-0.233887,-0.330933,0.697144
-0.166504,0.189453,0.956055
0.307495,-0.390137,0.892212
-0.606567,0.087158,0.760498
0.389893,-0.165649,1.019775
-0.165283,-0.344238,0.716187
-0.258057,0.197754,0.922607
0.348145,-0.364258,0.919800
-0.609253,0.034058,0.735352
0.339111,-0.141602,1.008911
-0.119263,-0.391357,0.729126
-0.327026,0.192505,0.892944
0.364990,-0.304688,0.935059
-0.575073,0.009888,0.716797
0.263306,-0.079224,1.010010
-0.061523,-0.423828,0.757202
-0.405396,0.206421,0.874023
0.382202,-0.299927,0.945190
-0.529297,-0.027466,0.725830
0.160034,0.006592,0.997192
0.010742,-0.415894,0.784668
-0.484863,0.205078,0.858887
0.421509,-0.248413,0.987305
-0.479370,-0.105957,0.719482
0.055176,0.114502,1.014526
0.108154,-0.424316,0.812012
-0.539062,0.158569,0.834595
0.424194,-0.222900,1.001099
-0.377075,-0.200562,0.718750
-0.017700,0.166992,1.001831
0.191895,-0.394409,0.848145
-0.595703,0.127197,0.774170
0.414185,-0.206543,1.013916
-0.266602,-0.302002,0.720459
-0.089966,0.162720,0.993042
0.248901,-0.374756,0.863281
-0.623169,0.106201,0.752563
0.402710,-0.200562,1.007568
-0.192993,-0.362549,0.725586
-0.164185,0.144897,0.945312
0.296631,-0.340332,0.907349
-0.617554,0.089478,0.734253
0.365112,-0.182739,1.000977
-0.149292,-0.359985,0.734741
-0.254395,0.157593,0.926514
0.345459,-0.360229,0.919189
-0.625000,0.048584,0.715820
0.313477,-0.124878,0.995117
-0.105835,-0.384644,0.747437
-0.345459,0.178711,0.911377
0.388916,-0.353027,0.942017
-0.582153,-0.005127,0.706421
0.239258,-0.029907,1.013672
-0.067749,-0.367188,0.754883
-0.425903,0.166016,0.862061
0.419434,-0.330078,0.971436
-0.546509,-0.073486,0.707275
0.165894,0.001221,0.993042
-0.006226,-0.396362,0.777832
-0.478394,0.199707,0.851685
0.414917,-0.260620,0.991211
-0.503174,-0.157593,0.693848
0.107544,0.025635,1.001953
0.057495,-0.426392,0.799927
-0.537231,0.199341,0.833252
0.436768,-0.250122,0.997681
-0.433838,-0.159546,0.728516
0.031860,0.095215,1.014526
0.143188,-0.442627,0.825195
-0.559937,0.154541,0.808960
0.424683,-0.217529,1.004761
-0.350830,-0.197754,0.745117
-0.033325,0.136353,1.010742
0.204346,-0.435303,0.854492
-0.591797,0.116699,0.792969
0.430542,-0.215576,1.013672
-0.282959,-0.267090,0.708252
-0.114746,0.182495,0.977783
0.264526,-0.387207,0.882935
-0.598633,0.069458,0.763428
0.419067,-0.205078,1.019531
-0.226807,-0.349243,0.699707
-0.190674,0.175171,0.961182
0.316406,-0.373413,0.901123
-0.594727,0.079346,0.757812
0.386108,-0.171875,1.031128
-0.164917,-0.364868,0.722412
-0.262573,0.164429,0.932861
0.342163,-0.350220,0.922363
-0.595947,0.034912,0.735962
0.328857,-0.122314,1.032471
-0.115356,-0.396851,0.742798
-0.323730,0.191284,0.909302
0.375366,-0.325073,0.938965
-0.576538,0.001221,0.725708
0.254028,-0.083252,1.013672
-0.066040,-0.385742,0.786865
-0.395874,0.171875,0.887085
0.395630,-0.307373,0.975220
-0.537476,-0.048096,0.697754
0.172729,0.021118,1.019287
-0.008789,-0.379028,0.797852
-0.467651,0.160156,0.866821
0.433105,-0.327637,0.979858
-0.520020,-0.092285,0.701050
0.088989,0.103882,1.017090
0.076660,-0.398193,0.805908
-0.526733,0.173340,0.839600
0.442993,-0.306152,0.997803
-0.428345,-0.204102,0.710449
0.042358,0.108887,1.016846
0.131226,-0.385742,0.823120
-0.563354,0.148926,0.812134
0.441528,-0.255981,1.005005
-0.346558,-0.230347,0.740967
-0.018677,0.095093,1.004272
0.196777,-0.414185,0.854980
-0.580200,0.097534,0.780640
0.445190,-0.208496,1.038330
-0.271851,-0.269043,0.726196
-0.127563,0.170410,0.980469
0.286011,-0.413696,0.897827
-0.575928,0.039185,0.768188
0.403076,-0.162720,1.040039
-0.245605,-0.311035,0.684326
-0.187988,0.184326,0.965820
0.339966,-0.388916,0.920898
-0.578247,0.004150,0.764404
0.359863,-0.151367,1.034180
-0.193970,-0.324585,0.715942
-0.282959,0.189697,0.923340
0.378540,-0.360474,0.944458
-0.570923,-0.044922,0.744019
0.313965,-0.133179,1.046265
-0.128052,-0.380371,0.741333
-0.355469,0.175415,0.880615
0.386475,-0.327759,0.952026
-0.548706,-0.051880,0.730591
0.266602,-0.074829,1.050049
-0.041260,-0.382935,0.796509
-0.447021,0.204346,0.874634
0.408081,-0.302734,0.979004
-0.509277,-0.085327,0.724731
0.150635,0.023560,1.035522
0.049561,-0.397949,0.813599
-0.496216,0.169189,0.857422
0.432495,-0.269287,1.001099
-0.446167,-0.141602,0.732788
0.051880,0.110840,1.022095
0.136597,-0.423828,0.835327
-0.534058,0.109009,0.822388
0.447754,-0.248291,1.026855
-0.352905,-0.207642,0.727051
-0.030518,0.142456,1.006226
0.222412,-0.401367,0.869629
-0.570557,0.074829,0.786133
0.432495,-0.218750,1.034912
-0.271118,-0.304688,0.711670
-0.107910,0.153931,0.984497
0.284668,-0.401001,0.891357
-0.580078,0.063721,0.775879
0.413696,-0.189209,1.039917
-0.219971,-0.352661,0.698242
-0.176392,0.156616,0.968384
0.325073,-0.369751,0.920410
-0.582275,0.030273,0.763672
0.399414,-0.164185,1.055054
-0.176392,-0.339478,0.739990
-0.280396,0.178955,0.941040
0.383789,-0.396484,0.953003
-0.572876,-0.008301,0.754639
0.319702,-0.093140,1.054810
-0.119751,-0.340454,0.762695
-0.333618,0.171997,0.907471
0.391357,-0.337769,0.970825
-0.539551,-0.055054,0.735107
0.264038,-0.087280,1.038330
-0.053711,-0.384033,0.783936
-0.405640,0.184814,0.888794
0.411011,-0.267212,1.003296
-0.502075,-0.125122,0.713867
0.171509,0.011475,1.055054
0.050537,-0.419312,0.822266
-0.486084,0.162598,0.877686
0.448730,-0.279297,1.004272
-0.434570,-0.158081,0.723267
0.058716,0.100952,1.031128
0.157837,-0.412109,0.850098
-0.545044,0.122559,0.815796
0.460449,-0.261108,1.024902
-0.331665,-0.235229,0.740723
-0.017212,0.151489,1.024902
0.225220,-0.394043,0.874268
-0.557007,0.070801,0.795044
0.435425,-0.240234,1.030640
-0.233032,-0.319946,0.733276
-0.115601,0.150269,0.981567
0.278198,-0.395874,0.879272
-0.557983,0.041748,0.773193
0.432251,-0.186401,1.055542
-0.198730,-0.330811,0.731201
-0.184082,0.153442,0.972900
0.313232,-0.381714,0.915039
-0.558228,-0.006714,0.753418
0.413696,-0.171997,1.078369
-0.168091,-0.339722,0.746216
-0.244873,0.172852,0.966919
0.358521,-0.342285,0.947510
-0.568237,-0.004272,0.746704
0.361694,-0.145508,1.061768
-0.113647,-0.364258,0.784790
-0.310303,0.170166,0.936279
0.390381,-0.348633,0.958740
-0.543335,-0.003906,0.744873
0.298706,-0.084351,1.051880
-0.072632,-0.345337,0.800781
-0.339722,0.145386,0.911987
0.413818,-0.324951,0.987183
-0.523682,-0.060425,0.727051
0.255249,-0.007690,1.080200
-0.013916,-0.376587,0.820190
-0.412354,0.168579,0.905151
0.437988,-0.325562,0.998291
-0.477295,-0.111694,0.723999
0.196289,0.034058,1.064209
0.033936,-0.346924,0.836792
-0.460449,0.155640,0.870972
0.464355,-0.318604,1.022949
-0.454956,-0.162964,0.735229
0.145752,0.064697,1.058960
0.084961,-0.372803,0.834839
-0.477295,0.138672,0.851929
0.466187,-0.277588,1.032715
-0.427368,-0.201172,0.741455
0.078857,0.071289,1.043701
0.159546,-0.431885,0.851807
-0.501587,0.147461,0.840576
0.467896,-0.237427,1.036865
-0.370239,-0.183228,0.771484
0.020264,0.094360,1.036255
0.209839,-0.413818,0.890625
-0.515747,0.055176,0.820679
0.473999,-0.218628,1.073120
-0.294800,-0.275879,0.722168
-0.047974,0.151855,1.026855
0.282959,-0.408936,0.907715
-0.544434,0.040161,0.791992
0.451782,-0.212524,1.070312
-0.227051,-0.312500,0.746460
-0.108276,0.148193,1.000244
0.311035,-0.368286,0.915039
-0.541138,0.001099,0.767212
0.454712,-0.194336,1.086792
-0.171875,-0.345093,0.745239
-0.207642,0.168091,0.970947
0.364258,-0.343872,0.945557
-0.534912,-0.020142,0.766724
0.420410,-0.181885,1.102661
-0.137695,-0.355835,0.766968
-0.273682,0.172363,0.946655
0.394775,-0.357056,0.964233
-0.519653,-0.062500,0.763672
0.359497,-0.109619,1.100708
-0.081421,-0.345215,0.800537
-0.342896,0.200073,0.936890
0.426636,-0.334229,0.990112
-0.496338,-0.104614,0.744019
0.299683,-0.070557,1.087036
-0.023682,-0.369141,0.832886
-0.402222,0.175537,0.898438
0.461060,-0.307983,1.018799
-0.450317,-0.135864,0.733765
0.216919,0.015259,1.088745
0.066895,-0.376099,0.850464
-0.451050,0.168579,0.884766
0.467773,-0.284424,1.030151
-0.399414,-0.203125,0.753784
0.143188,0.072021,1.080811
0.143066,-0.386841,0.860962
-0.491455,0.148315,0.855713
0.490845,-0.275635,1.042236
-0.348633,-0.230957,0.773926
0.049683,0.089478,1.053589
0.217285,-0.393555,0.892822
-0.499146,0.090210,0.816162
0.478638,-0.214722,1.065918
-0.257324,-0.284912,0.773804
-0.018921,0.095215,1.038330
0.277222,-0.402588,0.917725
-0.517212,0.050903,0.798828
0.472168,-0.185913,1.084595
-0.194824,-0.301270,0.770874
-0.110718,0.152344,1.021362
0.347290,-0.401001,0.945068
-0.512451,-0.001465,0.797729
0.438965,-0.148315,1.095459
-0.173828,-0.304688,0.764160
-0.179932,0.167603,1.011475
0.394531,-0.377319,0.983765
-0.510620,-0.050049,0.769775
0.414429,-0.122559,1.112427
-0.132568,-0.332764,0.761963
-0.262207,0.201050,0.974609
0.440308,-0.335327,1.016724
-0.504395,-0.093262,0.768677
0.361450,-0.111572,1.106812
-0.062378,-0.344849,0.807983
-0.313721,0.173218,0.927002
0.444214,-0.301514,1.025635
-0.471680,-0.097046,0.771118
0.301514,-0.068726,1.103271
0.013916,-0.376709,0.848022
-0.376465,0.162109,0.910645
0.476929,-0.284180,1.057129
-0.433594,-0.161499,0.754272
0.210571,0.016846,1.096924
0.123657,-0.421265,0.858521
-0.433228,0.161011,0.899780
0.489014,-0.247559,1.064453
-0.384888,-0.189331,0.774902
0.119141,0.064819,1.066528
0.191162,-0.407104,0.906250
-0.471191,0.095459,0.857300
0.500488,-0.239136,1.084229
-0.314941,-0.248901,0.772705
0.048462,0.147949,1.077515
0.240967,-0.360962,0.899292
-0.481812,0.048218,0.829102
0.524414,-0.263062,1.103271
-0.217407,-0.336304,0.789551
-0.032959,0.142578,1.038452
0.279663,-0.376099,0.905396
-0.494751,0.051025,0.810425
0.509888,-0.255737,1.094849
-0.152954,-0.365479,0.803955
-0.094604,0.120850,1.006836
0.336914,-0.371948,0.932861
-0.500854,0.038452,0.802490
0.462036,-0.192505,1.102417
-0.130249,-0.348633,0.801880
-0.146973,0.143555,1.019897
0.395996,-0.373291,0.990845
-0.511963,-0.008423,0.787109
0.430420,-0.087769,1.129150
-0.092163,-0.307495,0.810669
-0.216553,0.177734,1.007080
0.422852,-0.352051,1.006226
-0.488403,-0.077881,0.780640
0.395874,-0.100830,1.123901
-0.048340,-0.336304,0.820190
-0.285034,0.221680,0.994873
0.459961,-0.308716,1.035156
-0.477905,-0.090454,0.784058
0.339600,-0.088013,1.116089
0.018433,-0.367432,0.854980
-0.325684,0.186768,0.950684
0.479004,-0.297729,1.046143
-0.431274,-0.135498,0.770142
0.263062,-0.025269,1.118896
0.099121,-0.391602,0.876099
-0.375122,0.166626,0.922363
0.488037,-0.254150,1.067871
-0.394287,-0.156982,0.792725
0.186401,0.030273,1.101318
0.191284,-0.427856,0.907104
-0.430664,0.135376,0.892334
0.506226,-0.229614,1.088867
-0.356567,-0.189697,0.789917
0.096680,0.072876,1.074951
0.259766,-0.423950,0.921875
-0.454590,0.079224,0.867798
0.527344,-0.198608,1.117432
-0.246094,-0.247437,0.817993
0.004150,0.115845,1.060547
0.322876,-0.391968,0.962280
-0.473511,0.009033,0.814453
0.499756,-0.170532,1.130249
-0.134277,-0.315552,0.802368
-0.094360,0.178467,1.044189
0.379883,-0.358521,0.977173
-0.480591,-0.041016,0.796875
0.463989,-0.141479,1.139038
-0.093506,-0.343628,0.807495
-0.195435,0.194824,1.022705
0.427002,-0.313599,1.027222
-0.476685,-0.050781,0.796021
0.397583,-0.088989,1.146851
-0.007568,-0.352905,0.857788
-0.268677,0.176758,0.986572
0.464233,-0.279541,1.055420
-0.445557,-0.113037,0.776367
0.301147,-0.049194,1.115479
0.115112,-0.393921,0.891846
-0.351440,0.156982,0.933472
0.497437,-0.227661,1.085693
-0.373169,-0.166016,0.780518
0.187500,0.041870,1.104980
0.207886,-0.411865,0.926514
-0.413208,0.120239,0.904053
0.535156,-0.219482,1.107788
-0.301025,-0.193848,0.804810
0.066284,0.135132,1.087036
0.286621,-0.397339,0.951294
-0.435669,0.036987,0.866577
0.511353,-0.177246,1.132202
-0.186646,-0.295776,0.826050
-0.021729,0.149170,1.077515
0.351074,-0.402222,0.962158
-0.465820,0.014282,0.834473
0.503174,-0.160278,1.152832
-0.113281,-0.346069,0.814819
-0.093384,0.170044,1.055664
0.400024,-0.354248,0.995117
-0.472412,-0.021973,0.814209
0.465332,-0.126831,1.156250
-0.065430,-0.346558,0.836182
-0.178833,0.197388,1.037598
0.454834,-0.337524,1.037720
-0.468384,-0.042969,0.807007
0.413818,-0.069580,1.160278
-0.019165,-0.358154,0.851318
-0.246338,0.206543,1.025391
0.500488,-0.311890,1.072632
-0.453003,-0.086670,0.783569
0.360962,-0.021118,1.166016
0.054443,-0.317749,0.900146
-0.305176,0.199585,0.991943
0.516113,-0.317627,1.082397
-0.417236,-0.144043,0.789062
0.284546,-0.010376,1.129639
0.132080,-0.381226,0.887817
-0.341919,0.182251,0.950928
0.536377,-0.262695,1.098633
-0.375732,-0.190918,0.784912
0.201904,0.011353,1.117065
0.214478,-0.416870,0.929443
-0.389648,0.134155,0.916504
0.539185,-0.211670,1.128418
-0.314697,-0.207275,0.805908
0.120850,0.056152,1.091797
0.274048,-0.414917,0.956543
-0.437866,0.107056,0.876587
0.550903,-0.174683,1.142822
-0.244751,-0.218506,0.829834
0.030518,0.133057,1.088135
0.337036,-0.404175,0.976562
-0.434814,0.035400,0.863647
0.533691,-0.177124,1.132812
-0.139038,-0.276733,0.852539
-0.055664,0.177124,1.069824
0.392334,-0.369141,0.995728
-0.446167,-0.031128,0.833740
0.511230,-0.143433,1.162476
-0.059326,-0.315918,0.854614
-0.144043,0.213135,1.063232
0.444336,-0.333862,1.026855
-0.442505,-0.077271,0.831787
0.453125,-0.092163,1.180542
-0.025146,-0.344727,0.865356
-0.212646,0.192871,1.018311
0.492065,-0.303223,1.076050
-0.442749,-0.078735,0.812134
0.370483,-0.073120,1.154663
0.086548,-0.369263,0.903931
-0.286743,0.196045,0.996582
0.512817,-0.256348,1.090576
-0.397339,-0.131836,0.808838
0.283813,-0.012085,1.137207
0.182739,-0.406250,0.928345
-0.355103,0.158203,0.935791
0.556519,-0.244629,1.119873
-0.332397,-0.170044,0.820190
0.138794,0.100952,1.114136
0.279297,-0.432251,0.950928
-0.393677,0.074829,0.903931
0.553955,-0.207764,1.144653
-0.243530,-0.224854,0.829956
0.034790,0.168945,1.101929
0.343872,-0.402832,0.977051
-0.440796,0.017456,0.860229
0.547485,-0.196899,1.160034
-0.124390,-0.308105,0.849731
-0.040161,0.217285,1.098145
0.394165,-0.341675,1.005493
-0.444458,-0.033569,0.831177
0.508789,-0.154053,1.177979
-0.047363,-0.364746,0.847412
-0.124268,0.218262,1.075073
0.456299,-0.327148,1.047119
-0.460938,-0.043701,0.819214
0.452759,-0.116943,1.167114
0.006958,-0.371460,0.876465
-0.192627,0.197144,1.052734
0.516357,-0.309326,1.086304
-0.456421,-0.035522,0.813965
0.356445,-0.050293,1.144531
0.114014,-0.388306,0.928589
-0.280029,0.163696,0.992310
0.535400,-0.249268,1.127808
-0.389038,-0.135742,0.790894
0.273315,0.036987,1.145020
0.194092,-0.423462,0.936157
-0.369141,0.123779,0.944092
0.573608,-0.253052,1.150757
-0.314819,-0.182373,0.820312
0.017212,0.216431,1.101562
0.271362,-0.427368,0.945068
-0.441772,0.036621,0.863037
0.539795,-0.182129,1.156250
-0.083252,-0.299805,0.879517
-0.050293,0.227173,1.096802
0.399658,-0.370361,0.995728
-0.467285,0.004395,0.835815
0.513916,-0.190186,1.149658
0.003540,-0.354370,0.894775
-0.114380,0.228760,1.085205
0.440552,-0.356323,1.008179
-0.458374,0.002686,0.829956
0.463501,-0.149414,1.145752
0.077881,-0.400391,0.931885
-0.187866,0.196411,1.049194
0.457275,-0.304321,1.065552
-0.431396,-0.068115,0.809082
0.419678,-0.075562,1.151489
0.056152,-0.381348,0.891113
-0.228394,0.213745,1.045532
0.513672,-0.306152,1.094482
-0.415771,-0.093628,0.812744
0.343994,-0.034546,1.137451
0.120483,-0.391235,0.907593
-0.275391,0.198730,1.015259
0.542114,-0.278931,1.113525
-0.373657,-0.126221,0.823486
0.275879,0.016357,1.120117
0.163696,-0.456421,0.904419
-0.306030,0.113281,0.946899
0.569336,-0.264771,1.129028
-0.384277,-0.125732,0.801392
0.208740,0.063721,1.100708
0.245972,-0.462891,0.933838
-0.354736,0.093750,0.914062
0.559326,-0.248779,1.125244
-0.320801,-0.181641,0.817627
0.144653,0.107422,1.090942
0.290405,-0.445312,0.946289
-0.390625,0.081421,0.887207
0.548584,-0.224854,1.127930
-0.273682,-0.196655,0.830566
0.076782,0.155640,1.088135
0.332642,-0.452026,0.952271
-0.416138,0.033447,0.858887
0.551514,-0.198364,1.148071
-0.222900,-0.218018,0.839355
-0.002930,0.206543,1.079346
0.388428,-0.432983,0.986572
-0.442871,0.014282,0.849976
0.534180,-0.188965,1.144531
-0.138306,-0.254272,0.864868
-0.075073,0.229248,1.068359
0.428589,-0.400146,1.015015
-0.439941,-0.025879,0.831299
0.477905,-0.125854,1.145142
-0.043335,-0.287109,0.882568
-0.139648,0.218872,1.048218
0.460083,-0.369385,1.026123
-0.446411,-0.045044,0.816528
0.434692,-0.090210,1.138550
0.051147,-0.349731,0.891235
-0.198975,0.212524,1.035645
0.487671,-0.342529,1.046021
-0.424072,-0.104004,0.796875
0.369263,-0.056030,1.121094
0.087769,-0.360718,0.897827
-0.272217,0.204590,1.003174
0.513062,-0.304932,1.068970
-0.385986,-0.158447,0.800537
0.293945,-0.011963,1.107300
0.141968,-0.370850,0.918579
-0.314575,0.155518,0.957520
0.544800,-0.280884,1.103638
-0.352905,-0.203247,0.789551
0.187134,0.056641,1.086426
0.230957,-0.424438,0.909302
-0.365356,0.119385,0.894287
0.546509,-0.243652,1.098511
-0.281982,-0.226929,0.825562
0.097412,0.104126,1.068359
0.311035,-0.445068,0.949463
-0.442627,0.077759,0.829468
0.520386,-0.222290,1.106079
-0.213989,-0.265503,0.825562
0.004883,0.166870,1.074463
0.373291,-0.411621,0.978027
-0.467041,0.046265,0.816650
0.491699,-0.155151,1.118286
-0.130981,-0.273438,0.854980
-0.083618,0.198120,1.056885
0.421265,-0.396362,1.001953
-0.449463,-0.018433,0.809204
0.449219,-0.106079,1.120728
-0.010620,-0.320679,0.856689
-0.179199,0.207397,1.030640
0.481201,-0.367432,1.034058
-0.439453,-0.089478,0.797485
0.359619,-0.056885,1.110352
0.098389,-0.401489,0.879761
-0.259888,0.174683,0.974121
0.494385,-0.297852,1.055542
-0.394775,-0.145874,0.810181
0.273560,-0.046265,1.083862
0.149902,-0.411743,0.900024
-0.353027,0.167847,0.930420
0.508179,-0.241577,1.071533
-0.327148,-0.177368,0.813477
0.155518,0.044434,1.078735
0.248291,-0.493530,0.894653
-0.425659,0.082764,0.837769
0.541870,-0.253784,1.080933
-0.268555,-0.208130,0.817505
0.017700,0.141602,1.055298
0.338623,-0.461304,0.938965
-0.461670,0.028564,0.806274
0.497925,-0.186523,1.094849
-0.160767,-0.251221,0.838379
-0.074341,0.206787,1.057251
0.391357,-0.415649,0.971191
-0.469116,-0.028320,0.803467
0.448486,-0.136475,1.104980
-0.031006,-0.348389,0.843994
-0.162964,0.193604,1.015869
0.460571,-0.373901,1.012817
-0.462524,-0.052856,0.785767
0.354980,-0.074219,1.089600
0.060181,-0.424683,0.838257
-0.219482,0.133789,0.972168
0.493286,-0.324219,1.045044
-0.444946,-0.108032,0.774414
0.275879,-0.027710,1.078003
0.114746,-0.426514,0.858765
-0.317627,0.152832,0.939453
0.520630,-0.309326,1.063232
-0.390991,-0.147095,0.791626
0.178101,0.028076,1.061035
0.199463,-0.445557,0.883545
-0.392944,0.095581,0.856323
0.533447,-0.287842,1.075195
-0.313843,-0.212769,0.792480
0.065063,0.132568,1.065552
0.297607,-0.446777,0.907593
-0.468506,0.075928,0.800415
0.502197,-0.220581,1.082031
-0.197754,-0.266479,0.819946
-0.036133,0.172241,1.046265
0.352295,-0.408936,0.948242
-0.490723,0.011475,0.781616
0.450562,-0.177856,1.077881
-0.055298,-0.334717,0.838379
-0.116821,0.198242,1.033081
0.406128,-0.349487,0.989868
-0.489990,-0.015869,0.778198
0.384033,-0.146240,1.063721
0.053589,-0.434814,0.854004
-0.203857,0.154785,0.987671
0.445557,-0.324097,1.012939
-0.469238,-0.066528,0.769043
0.297974,-0.054810,1.050659
0.106323,-0.460205,0.845459
-0.307129,0.127319,0.942505
0.482910,-0.300049,1.041748
-0.416138,-0.129272,0.776245
0.215576,0.032471,1.060425
0.165771,-0.418091,0.869019
-0.391602,0.121460,0.893188
0.515503,-0.345459,1.047974
-0.380005,-0.186401,0.789429
0.107178,0.075439,1.033081
0.247925,-0.432495,0.888672
-0.428223,0.062012,0.819946
0.506226,-0.265137,1.061890
-0.289551,-0.217896,0.812622
0.018066,0.100464,1.030762
0.304321,-0.472168,0.902222
-0.472778,0.022949,0.786377
0.473755,-0.208252,1.072998
-0.211060,-0.250977,0.800903
-0.069336,0.171631,1.029785
0.373291,-0.441406,0.948364
-0.511597,0.016602,0.782227
0.445312,-0.177002,1.074097
-0.094360,-0.304199,0.827148
-0.162964,0.207642,1.002930
0.406982,-0.374878,0.976929
-0.498413,-0.053467,0.763306
0.382690,-0.165527,1.053467
0.036377,-0.436890,0.833740
-0.236206,0.178467,0.955811
0.449463,-0.334961,1.000854
-0.462402,-0.070190,0.763184
0.282349,-0.073486,1.040161
0.103149,-0.494385,0.816772
-0.317627,0.108643,0.902954
0.491943,-0.307861,1.029663
-0.420532,-0.117188,0.772583
0.164795,0.050049,1.041504
0.160645,-0.466797,0.842529
-0.406372,0.071899,0.847290
0.508545,-0.290771,1.053711
-0.350220,-0.217529,0.760254
0.048218,0.130737,1.037598
0.250610,-0.461914,0.867554
-0.470947,0.047852,0.790771
0.492188,-0.256836,1.051147
-0.243652,-0.264038,0.792725
-0.052612,0.162598,1.022095
0.324341,-0.442139,0.912598
-0.522583,0.025513,0.766357
0.451660,-0.215332,1.061890
-0.125977,-0.313232,0.810669
-0.152710,0.187988,0.997803
0.380127,-0.408203,0.946411
-0.492432,-0.023193,0.777222
0.393188,-0.145386,1.041870
-0.041748,-0.365601,0.810547
-0.214111,0.155151,0.950562
0.437988,-0.376099,0.972900
-0.495728,-0.065796,0.746216
0.307861,-0.101929,1.022095
0.079834,-0.462402,0.816284
-0.297485,0.148804,0.904053
0.464111,-0.319580,1.004028
-0.455933,-0.106079,0.747192
0.199707,-0.000732,1.021606
0.094849,-0.466431,0.801514
-0.352905,0.094238,0.876953
0.485229,-0.308716,1.024048
-0.419678,-0.146851,0.757324
0.095825,0.079590,1.020508
0.198486,-0.461426,0.842041
-0.445923,0.070312,0.809204
0.501221,-0.289185,1.037598
-0.326782,-0.205688,0.773438
-0.004883,0.122437,1.005859
0.272217,-0.456299,0.880981
-0.501343,0.019653,0.747925
0.474976,-0.241089,1.047729
-0.214722,-0.245850,0.811279
-0.122681,0.189575,1.004150
0.347412,-0.454102,0.923584
-0.510498,-0.006348,0.754639
0.410156,-0.150146,1.054810
-0.102661,-0.317505,0.793823
-0.200684,0.187622,0.974854
0.399658,-0.409912,0.951172
-0.494873,-0.077881,0.768921
0.337036,-0.108521,1.038818
0.026611,-0.421265,0.797485
-0.297852,0.172119,0.901611
0.445801,-0.349976,0.989380
-0.464966,-0.148682,0.758179
0.244507,-0.092896,1.011475
0.060303,-0.466553,0.771973
-0.350342,0.135132,0.850220
0.468750,-0.304077,0.990234
-0.414795,-0.131592,0.784546
0.148682,0.002441,1.023682
0.137085,-0.485718,0.812500
-0.444092,0.078735,0.794189
0.459839,-0.259888,1.005859
-0.352905,-0.171265,0.769775
0.039673,0.083740,1.012329
0.263916,-0.523315,0.853394
-0.518188,0.072388,0.761841
0.441162,-0.202026,1.012329
-0.232788,-0.229248,0.792236
-0.081055,0.175415,1.006470
0.330688,-0.486084,0.897339
-0.546265,0.017334,0.749146
0.403198,-0.151001,1.038818
-0.120972,-0.308472,0.800171
-0.169312,0.159790,0.958862
0.382935,-0.425903,0.938843
-0.539185,-0.035767,0.749512
0.343140,-0.099976,1.029785
-0.003662,-0.392212,0.789673
-0.255005,0.154907,0.922729
0.437378,-0.397949,0.961304
-0.510864,-0.079224,0.744629
0.249878,-0.073486,0.994263
0.066162,-0.449463,0.790039
-0.347900,0.111694,0.838501
0.459839,-0.319214,0.981934
-0.454590,-0.115479,0.744507
0.152588,0.008423,1.013550
0.131470,-0.468750,0.807617
-0.444946,0.089111,0.802856
0.464600,-0.294312,1.005981
-0.376709,-0.188477,0.756592
0.044556,0.093750,1.015381
0.225830,-0.469360,0.846680
-0.516846,0.063599,0.758789
0.460449,-0.251343,1.017212
-0.248901,-0.222168,0.786011
-0.089722,0.171265,0.993652
0.302979,-0.439697,0.890381
-0.541016,0.003174,0.754150
0.425415,-0.219238,1.018921
-0.097778,-0.288574,0.815918
-0.215820,0.225586,0.953979
0.376465,-0.369873,0.945557
-0.516602,-0.068970,0.751953
0.341675,-0.145874,1.013428
-0.005615,-0.395996,0.787842
-0.289062,0.187866,0.896362
0.421875,-0.343506,0.961548
-0.496704,-0.100220,0.755249
0.255981,-0.085571,1.006958
0.076294,-0.458130,0.783569
-0.367920,0.144653,0.840332
0.442749,-0.273315,0.981079
-0.459106,-0.123901,0.738647
0.145508,0.005615,1.005493
0.118530,-0.504272,0.783447
-0.448853,0.091187,0.794189
0.466675,-0.260132,0.994751
-0.367920,-0.189453,0.752808
0.004883,0.144043,1.013916
0.209106,-0.494751,0.826050
-0.532227,0.051147,0.743042
0.472168,-0.226318,1.038940
-0.244507,-0.235474,0.778442
-0.081787,0.215942,1.016846
0.273560,-0.398071,0.882080
-0.566650,0.037720,0.739502
0.437866,-0.237305,1.020874
-0.115356,-0.305420,0.811035
-0.155884,0.204224,0.968872
0.328491,-0.349609,0.921387
-0.565308,0.067627,0.751709
0.387573,-0.189941,1.003296
-0.034790,-0.405396,0.802002
-0.210083,0.135498,0.920288
0.379272,-0.326538,0.954468
-0.554565,0.009399,0.733887
0.308350,-0.106567,0.998535
0.004883,-0.443237,0.765625
-0.285278,0.124634,0.876099
0.434692,-0.354370,0.959106
-0.534424,-0.067017,0.727051
0.211792,-0.014282,0.984619
0.072754,-0.474976,0.762817
-0.364746,0.115845,0.841431
0.443237,-0.311035,0.975220
-0.471313,-0.098145,0.752563
0.137451,0.081055,1.018311
0.091919,-0.431274,0.775391
-0.449707,0.091675,0.803223
0.482666,-0.312378,0.997437
-0.409790,-0.123047,0.753662
0.040283,0.118652,1.005981
0.186646,-0.437622,0.829590
-0.527100,0.117432,0.764038
0.464966,-0.232666,1.016357
-0.287109,-0.197510,0.782471
-0.036987,0.156372,1.002441
0.242310,-0.423584,0.862305
-0.564697,0.074707,0.729004
0.461304,-0.216675,1.015625
-0.186157,-0.254150,0.801758
-0.138428,0.191772,0.976807
0.298950,-0.387573,0.901245
-0.558105,0.040405,0.750732
0.405396,-0.189087,1.021851
-0.094482,-0.347534,0.787354
-0.190186,0.195679,0.940063
0.362427,-0.347412,0.932739
-0.552368,0.015625,0.753418
0.338867,-0.119629,1.006470
-0.031494,-0.427856,0.756348
-0.267578,0.191284,0.901855
0.421143,-0.352783,0.940063
-0.531738,0.000732,0.759033
0.255493,-0.065552,0.979492
0.033936,-0.457153,0.759155
-0.330322,0.122314,0.828491
0.427856,-0.258667,0.968384
-0.497070,-0.059937,0.745361
0.173096,-0.012085,0.995972
0.088623,-0.469971,0.780518
-0.434448,0.116455,0.806641
0.440918,-0.245117,0.986206
-0.422485,-0.114502,0.748779
0.079712,0.111328,1.012451
0.159668,-0.450073,0.824341
-0.523682,0.117798,0.776611
0.446899,-0.236206,0.996948
-0.323120,-0.217651,0.752319
-0.024658,0.180176,1.017456
0.240112,-0.413818,0.859131
-0.555420,0.093018,0.755493
0.437134,-0.195557,1.015137
-0.208252,-0.256714,0.765625
-0.098511,0.182861,0.970581
0.297363,-0.372192,0.886353
-0.581055,0.090576,0.752441
0.427734,-0.167725,1.022583
-0.105225,-0.316895,0.776855
-0.206909,0.195679,0.935303
0.362305,-0.404663,0.906128
-0.559692,0.031494,0.749756
0.367920,-0.073242,1.030640
-0.036377,-0.354980,0.757812
-0.287476,0.208130,0.879517
0.404175,-0.365601,0.930542
-0.532471,-0.057495,0.732788
0.298706,-0.057983,1.005737
-0.008911,-0.405396,0.746826
-0.355835,0.196655,0.856934
0.446777,-0.328003,0.953491
-0.499512,-0.087524,0.738892
0.189209,0.007446,1.001099
0.045898,-0.387573,0.772217
-0.434814,0.148560,0.800293
0.455933,-0.274292,0.975586
-0.445679,-0.135620,0.742798
0.100098,0.068359,1.003662
0.118774,-0.444580,0.802979
-0.518433,0.155884,0.774536
0.468262,-0.224731,1.007690
-0.349609,-0.144775,0.756348
-0.027710,0.166016,0.994873
0.216431,-0.441772,0.835938
-0.546265,0.088135,0.763062
0.446899,-0.170532,1.020508
-0.223877,-0.238525,0.759644
-0.127686,0.209717,0.956787
0.306030,-0.402344,0.880249
-0.571045,0.060547,0.740967
0.409424,-0.149048,1.030273
-0.098389,-0.331665,0.775269
-0.210205,0.203491,0.920166
0.347534,-0.335938,0.902100
-0.568359,0.044678,0.753052
0.356812,-0.131592,1.008911
-0.032959,-0.414307,0.751221
-0.286621,0.185303,0.881592
0.389160,-0.291382,0.924438
-0.531494,-0.008911,0.732788
0.255493,-0.044800,0.981934
0.023804,-0.428589,0.759766
-0.390015,0.168579,0.843506
0.436768,-0.283203,0.963379
-0.512207,-0.051147,0.734741
0.148438,0.042358,0.998413
0.084839,-0.418213,0.790405
-0.468872,0.168457,0.813354
0.441895,-0.229248,0.981567
-0.422363,-0.112305,0.746948
0.064331,0.117188,1.010132
0.155151,-0.428589,0.820068
-0.548462,0.167114,0.795776
0.453247,-0.200562,0.999756
-0.316650,-0.167603,0.760376
-0.040039,0.167603,0.984741
0.219360,-0.409058,0.849487
-0.565308,0.117188,0.767090
0.448242,-0.168335,1.020996
-0.219360,-0.231079,0.758301
-0.120972,0.209351,0.969360
0.289062,-0.380249,0.887451
-0.587036,0.090820,0.751831
0.433105,-0.151855,1.032471
-0.134888,-0.317261,0.753906
-0.202026,0.209595,0.924927
0.343506,-0.354004,0.909058
-0.580078,0.059448,0.750488
0.372314,-0.128906,1.005005
-0.059204,-0.377563,0.760010
-0.293579,0.225464,0.884155
0.397095,-0.323853,0.932373
-0.547485,-0.004395,0.742188
0.281494,-0.055664,0.996338
-0.019043,-0.412720,0.749268
-0.357788,0.187866,0.863159
0.430054,-0.301758,0.953003
-0.521240,-0.042480,0.724243
0.190430,0.015869,0.990479
0.030640,-0.416626,0.776978
-0.443359,0.168579,0.831177
0.435913,-0.252563,0.970947
-0.451538,-0.092041,0.745117
0.094849,0.118164,1.015991
0.100586,-0.411499,0.805420
-0.519897,0.163696,0.808228
0.432495,-0.222412,0.996948
-0.358032,-0.149902,0.763062
0.014893,0.165161,1.018555
0.182251,-0.368286,0.853638
-0.571777,0.148804,0.787109
0.439819,-0.190552,1.008179
-0.242310,-0.262329,0.739868
-0.081543,0.172241,0.976196
0.271240,-0.351685,0.880981
-0.590332,0.148315,0.775269
0.414062,-0.150146,1.012451
-0.148682,-0.311523,0.755981
-0.184692,0.163330,0.917603
0.344604,-0.347656,0.907837
-0.584839,0.097046,0.749268
0.351074,-0.068970,1.021606
-0.082764,-0.359131,0.746216
-0.290405,0.185913,0.893188
0.396362,-0.335449,0.925781
-0.558838,0.010254,0.726440
0.257690,-0.024780,0.988159
-0.024780,-0.402710,0.740479
-0.395386,0.200684,0.863892
0.418945,-0.278320,0.949463
-0.514404,-0.073853,0.721680
0.169067,0.021851,1.005005
0.028442,-0.404541,0.779663
-0.484985,0.221558,0.830322
0.437988,-0.241943,0.974854
-0.421021,-0.134155,0.747681
0.060791,0.124390,1.018066
0.128906,-0.400269,0.820068
-0.549561,0.174194,0.807617
0.442383,-0.215454,0.989746
-0.322876,-0.187256,0.753662
-0.036133,0.169678,0.988403
0.223267,-0.398071,0.858398
-0.567993,0.115967,0.772583
0.422363,-0.138428,1.027100
-0.225830,-0.267944,0.719971
-0.145264,0.209839,0.960938
0.319946,-0.387695,0.897339
-0.595947,0.076050,0.755493
0.387085,-0.138916,1.013916
-0.150269,-0.348267,0.720947
-0.257812,0.209595,0.907349
0.372681,-0.360474,0.918945
-0.572388,0.038696,0.744873
0.320923,-0.086304,1.011108
-0.087646,-0.371704,0.729858
-0.355225,0.210205,0.864380
0.411255,-0.319824,0.931885
-0.552246,-0.003662,0.724121
0.236572,-0.022095,1.014648
-0.025269,-0.414917,0.759644
-0.438477,0.207886,0.860596
0.420044,-0.287964,0.946655
-0.500488,-0.040283,0.733032
0.123169,0.064087,1.009155
0.075073,-0.391968,0.813110
-0.533691,0.194824,0.814331
0.432983,-0.230713,0.987183
-0.386230,-0.149170,0.745239
0.015991,0.168701,1.009521
0.163086,-0.387207,0.833618
-0.574463,0.154297,0.804932
0.430786,-0.218750,0.994995
-0.281006,-0.254761,0.732056
-0.091553,0.196289,0.977051
0.248779,-0.370605,0.872681
-0.600342,0.129761,0.770142
0.401123,-0.162964,1.011963
-0.190308,-0.333252,0.720825
-0.177612,0.167480,0.936157
0.320312,-0.339844,0.897827
-0.596191,0.111206,0.768677
0.358643,-0.128784,1.015991
-0.124146,-0.384644,0.724487
-0.274902,0.164551,0.881836
0.364624,-0.337036,0.914795
-0.580933,0.063232,0.728027
0.290527,-0.044556,1.011353
-0.066650,-0.390747,0.741333
-0.366089,0.182861,0.877563
0.388916,-0.316772,0.932983
-0.556641,-0.047974,0.709717
0.199219,-0.001831,1.001343
-0.022827,-0.378418,0.763184
-0.450806,0.218018,0.857910
0.417847,-0.274292,0.969727
-0.482666,-0.125732,0.718506
0.106201,0.055908,1.013672
0.066406,-0.388550,0.798340
-0.555786,0.210327,0.831177
0.428223,-0.250488,0.984741
-0.375854,-0.186523,0.739990
0.019043,0.121704,1.003662
0.164185,-0.373901,0.850952
-0.597778,0.154297,0.783691
0.423950,-0.211060,1.004639
-0.277954,-0.263184,0.729858
-0.078857,0.185059,0.991699
0.243286,-0.364502,0.871948
-0.612183,0.109497,0.759399
0.414917,-0.207153,1.005737
-0.185059,-0.352539,0.717896
-0.188599,0.192871,0.947021
0.311768,-0.348633,0.894043
-0.617676,0.083130,0.739868
0.383423,-0.182007,1.012207
-0.132690,-0.381104,0.723999
-0.282471,0.181885,0.886230
0.366699,-0.323853,0.924316
-0.614136,0.055786,0.715576
0.288208,-0.142090,0.983398
-0.070435,-0.422363,0.741089
-0.368896,0.192627,0.875000
0.398071,-0.291382,0.945679
-0.572754,0.006470,0.714355
0.194092,-0.022461,0.991943
-0.005005,-0.436401,0.766602
-0.456299,0.187866,0.857788
0.408569,-0.271729,0.965576
-0.514771,-0.046143,0.725464
0.091187,0.065674,0.985840
0.084106,-0.382080,0.816895
-0.526611,0.167358,0.837280
0.417603,-0.236328,0.994385
-0.425781,-0.161987,0.716675
0.028809,0.143921,1.024414
0.151367,-0.396973,0.832520
-0.583618,0.152344,0.811157
0.437622,-0.233398,1.007690
-0.320435,-0.263916,0.703125
-0.065430,0.177734,0.986084
0.227295,-0.368286,0.861328
-0.601685,0.078247,0.758667
0.421265,-0.235474,1.007935
-0.243042,-0.338379,0.704224
-0.152588,0.184204,0.958618
0.286621,-0.383423,0.884155
-0.602417,0.087280,0.755859
0.367676,-0.176758,1.005981
-0.206421,-0.364258,0.696533
-0.199707,0.144897,0.937622
0.323853,-0.370972,0.898926
-0.606445,0.059448,0.746338
0.359741,-0.147705,1.018433
-0.165283,-0.377319,0.711304
-0.284180,0.177979,0.914795
0.360840,-0.362915,0.928345
-0.569458,0.010376,0.757202
0.309204,-0.091797,1.017822
-0.122070,-0.382690,0.722168
-0.347656,0.185913,0.890991
0.370605,-0.329590,0.932495
-0.536621,-0.066895,0.721069
0.258179,-0.040649,1.037964
-0.095215,-0.395142,0.729736
-0.422852,0.218750,0.888062
0.408691,-0.333618,0.954590
-0.535522,-0.100342,0.699097
0.191650,-0.004761,1.028564
-0.005371,-0.403320,0.779297
-0.491211,0.233276,0.869995
0.423218,-0.303711,0.970581
-0.500122,-0.143921,0.715454
0.104370,0.021484,1.008179
0.076660,-0.410278,0.819580
-0.539917,0.173218,0.830688
0.426880,-0.252686,0.997559
-0.412964,-0.158691,0.735718
0.009888,0.118774,1.016846
0.153320,-0.427612,0.838257
-0.556152,0.109497,0.805542
0.447632,-0.230103,1.019653
-0.319702,-0.229370,0.731812
-0.085571,0.173340,0.988037
0.239014,-0.403198,0.867432
-0.583252,0.060913,0.775757
0.430420,-0.193604,1.081543
-0.235840,-0.306641,0.721558
-0.262817,0.214355,0.977539
0.391113,-0.316895,0.981201
-0.537598,-0.054077,0.756104
0.341431,-0.156006,1.056763
-0.064575,-0.391846,0.800293
-0.315552,0.168457,0.931030
0.444946,-0.323853,1.007812
-0.502808,-0.019531,0.753174
0.245850,-0.040527,1.080811
0.035278,-0.414795,0.843628
-0.403076,0.154785,0.912476
0.465332,-0.272461,1.044556
-0.446777,-0.107544,0.750977
0.146240,0.081055,1.065063
0.129761,-0.383911,0.865845
-0.453491,0.114136,0.879517
0.483643,-0.277222,1.052246
-0.382080,-0.197144,0.759399
0.068359,0.107544,1.053223
0.190063,-0.383789,0.878662
-0.476685,0.079956,0.848267
0.493164,-0.236938,1.075684
-0.285034,-0.243164,0.784912
-0.020264,0.127197,1.023804
0.272583,-0.392090,0.915283
-0.494629,0.029663,0.802490
0.476807,-0.190796,1.090698
-0.203003,-0.305176,0.774048
-0.088989,0.144165,1.016724
0.329102,-0.370239,0.935913
-0.522827,-0.000610,0.781006
0.475464,-0.194824,1.112183
-0.153931,-0.331787,0.770386
-0.188232,0.179321,1.003784
0.387329,-0.338135,0.980469
-0.526123,-0.029053,0.774414
0.415405,-0.158691,1.107300
-0.085693,-0.358765,0.813843
-0.263184,0.170898,0.972168
0.424194,-0.305054,1.017090
-0.482178,-0.046265,0.762207
0.335083,-0.059814,1.117310
-0.011475,-0.371826,0.826782
-0.321655,0.164062,0.944214
0.470825,-0.310181,1.033813
-0.456787,-0.107788,0.762817
0.258545,-0.023071,1.100830
0.080811,-0.392822,0.865601
-0.401978,0.161987,0.914307
0.492432,-0.284790,1.051514
-0.397949,-0.164673,0.764526
0.160645,0.045654,1.092896
0.178345,-0.406128,0.894043
-0.441528,0.128296,0.875244
0.502563,-0.230957,1.077148
-0.332275,-0.231445,0.783081
0.071411,0.066040,1.058472
0.261963,-0.399170,0.926758
-0.471680,0.080444,0.839355
0.508423,-0.177124,1.110596
-0.194580,-0.295898,0.788330
-0.037720,0.148804,1.053955
0.342651,-0.391846,0.954590
-0.490112,-0.019653,0.796387
0.482910,-0.166016,1.127075
-0.121948,-0.322998,0.793091
-0.129150,0.191284,1.048340
0.391235,-0.338501,0.983154
-0.511963,-0.024292,0.794556
0.451294,-0.182861,1.115234
-0.054077,-0.339355,0.850830
-0.245728,0.193726,0.985840
0.429077,-0.278198,1.030396
-0.467773,-0.095215,0.773438
0.359741,-0.065186,1.140503
0.016724,-0.404541,0.841309
-0.289795,0.160645,0.976685
0.478516,-0.277710,1.055542
-0.431030,-0.099243,0.777100
0.280396,-0.008301,1.118042
0.114502,-0.393433,0.885254
-0.364014,0.148804,0.926880
0.508301,-0.255127,1.103149
-0.378662,-0.194458,0.772705
0.190552,0.050171,1.106567
0.198242,-0.409180,0.911377
-0.420532,0.131104,0.908447
0.545654,-0.252930,1.113525
-0.322144,-0.218872,0.798584
0.082153,0.133667,1.077637
0.263428,-0.392578,0.937378
-0.434082,0.050049,0.863281
0.533691,-0.207886,1.131348
-0.244019,-0.246704,0.810303
0.020508,0.169312,1.090454
0.303101,-0.387695,0.943359
-0.461304,0.015625,0.841919
0.531494,-0.212280,1.146973
-0.136841,-0.322266,0.834106
-0.031494,0.172974,1.082275
0.346313,-0.371826,0.957642
-0.478760,0.024780,0.826294
0.522095,-0.218506,1.138672
-0.090454,-0.375366,0.824585
-0.093506,0.168823,1.055786
0.387329,-0.322388,0.997681
-0.493408,0.012817,0.803101
0.501343,-0.187744,1.155884
-0.031982,-0.397461,0.862061
-0.177612,0.186523,1.041748
0.437012,-0.303345,1.037598
-0.481934,-0.014282,0.802246
0.439697,-0.115112,1.165161
0.009888,-0.370850,0.876587
-0.247192,0.220825,1.047119
0.486450,-0.304810,1.068970
-0.457520,-0.070435,0.794556
0.362671,-0.063354,1.142700
0.065063,-0.371460,0.903320
-0.260864,0.164307,1.009399
0.515747,-0.275024,1.100952
-0.434448,-0.085938,0.799438
0.296021,-0.000488,1.147949
0.132202,-0.408203,0.907227
-0.327393,0.143188,0.969604
0.565552,-0.274536,1.129761
-0.367676,-0.157471,0.794434
0.193604,0.091309,1.116943
0.211548,-0.406494,0.932373
-0.384277,0.118530,0.928955
0.570312,-0.264282,1.131348
-0.306885,-0.206543,0.836548
0.118286,0.116455,1.105225
0.280518,-0.394775,0.958008
-0.410889,0.087891,0.881714
0.566040,-0.207153,1.151245
-0.213745,-0.254028,0.851318
0.031250,0.164917,1.101562
0.326416,-0.393066,0.973145
-0.440796,0.019897,0.859131
0.553955,-0.212158,1.158569
-0.109375,-0.318726,0.863281
-0.029175,0.205933,1.099731
0.377808,-0.338135,0.993652
-0.452881,-0.006958,0.825195
0.515503,-0.167236,1.161377
-0.049316,-0.344971,0.878784
-0.097290,0.169678,1.085083
0.436035,-0.349854,1.040161
-0.455811,-0.025024,0.826660
0.466187,-0.061401,1.188232
0.005493,-0.335693,0.881226
-0.187622,0.228271,1.068115
0.505249,-0.310425,1.075684
-0.435181,-0.093262,0.814453
0.380859,-0.057129,1.152466
0.075684,-0.342651,0.917236
-0.262695,0.197266,1.008545
0.555542,-0.276245,1.117432
-0.385132,-0.117920,0.827881
0.263306,0.034546,1.147827
0.206787,-0.429077,0.933594
-0.348999,0.151123,0.937378
0.563477,-0.240112,1.121826
-0.300781,-0.186035,0.842407
0.128906,0.112183,1.114990
0.318848,-0.421753,0.982544
-0.413818,0.062378,0.890137
0.548950,-0.170044,1.165405
-0.163940,-0.283081,0.854858
-0.005371,0.208252,1.109009
0.404175,-0.380127,1.009399
-0.440674,-0.008545,0.845459
0.526611,-0.151855,1.176392
-0.024536,-0.352783,0.871460
-0.102539,0.228394,1.088989
0.447144,-0.317261,1.049561
-0.445557,-0.041016,0.834839
0.463867,-0.110474,1.175781
0.022095,-0.382935,0.881958
-0.205322,0.169678,1.035767
0.505005,-0.270630,1.121582
-0.431641,-0.083374,0.804565
0.364136,-0.029419,1.144775
0.133667,-0.402222,0.935059
-0.269775,0.150879,1.004272
0.543945,-0.243896,1.140625
-0.378296,-0.151367,0.809448
0.261230,0.028198,1.140015
0.222656,-0.416992,0.953125
-0.346924,0.132202,0.943481
0.569824,-0.226562,1.151978
-0.300415,-0.197632,0.829224
0.150879,0.105225,1.116821
0.300781,-0.426758,0.971558
-0.388794,0.097046,0.914795
0.576172,-0.202881,1.163818
-0.235840,-0.227295,0.849976
0.054688,0.159668,1.083252
0.368652,-0.394531,0.994629
-0.415527,0.043213,0.876465
0.557007,-0.161499,1.188721
-0.122803,-0.285645,0.877319
-0.040527,0.194824,1.083740
0.409180,-0.374023,1.012573
-0.430664,0.010254,0.852783
0.513794,-0.156494,1.163574
-0.007568,-0.345825,0.909668
-0.104248,0.210327,1.083252
0.435547,-0.322998,1.037109
-0.441650,-0.024048,0.831787
0.481567,-0.136963,1.173828
0.027344,-0.359863,0.895630
-0.170410,0.221069,1.067383
0.494019,-0.302490,1.081299
-0.440063,-0.035889,0.817993
0.401001,-0.055054,1.151611
0.080078,-0.365967,0.926270
-0.238770,0.210327,1.045044
0.545776,-0.269043,1.134399
-0.413940,-0.096191,0.813354
0.321289,0.001343,1.157227
0.161377,-0.425049,0.933716
-0.304810,0.158691,1.000488
0.567627,-0.255615,1.144287
-0.359131,-0.164795,0.819336
0.241943,0.086914,1.148193
0.222900,-0.447998,0.945557
-0.343384,0.073730,0.926636
0.572144,-0.210327,1.175537
-0.313477,-0.196533,0.817139
0.154419,0.137695,1.126587
0.292236,-0.445190,0.952393
-0.382568,0.045044,0.891846
0.577393,-0.229370,1.162842
-0.246826,-0.236938,0.842163
0.077393,0.174927,1.096191
0.326904,-0.400879,0.983765
-0.409668,0.036865,0.868652
0.564697,-0.229614,1.159546
-0.183105,-0.260498,0.859863
0.008057,0.217651,1.095093
0.380493,-0.366943,1.003174
-0.427124,0.005737,0.853027
0.530518,-0.174316,1.174316
-0.106689,-0.291870,0.875488
-0.061768,0.217529,1.088501
0.426758,-0.384521,1.014282
-0.430420,-0.018799,0.839478
0.494629,-0.116455,1.169189
0.014648,-0.309692,0.908813
-0.136353,0.244751,1.064697
0.463745,-0.343506,1.042236
-0.440552,-0.078247,0.823486
0.459106,-0.115112,1.165161
0.058716,-0.369019,0.910278
-0.211304,0.253296,1.056152
0.494385,-0.283936,1.075928
-0.410034,-0.104370,0.807983
0.385864,-0.064087,1.141846
0.091919,-0.382935,0.914551
-0.267090,0.217041,1.011841
0.526855,-0.271606,1.101318
-0.395386,-0.134644,0.813354
0.300537,-0.021606,1.122192
0.179077,-0.409790,0.935913
-0.314819,0.147583,0.958252
0.551514,-0.245361,1.118530
-0.350586,-0.155518,0.817261
0.195801,0.063599,1.103271
0.257324,-0.462280,0.933472
-0.366333,0.059814,0.885010
0.561523,-0.219727,1.135620
-0.281006,-0.191162,0.833496
0.088135,0.156860,1.097656
0.328369,-0.453857,0.959717
-0.424072,0.028564,0.855225
0.535889,-0.178223,1.157959
-0.186523,-0.269287,0.840698
-0.011719,0.216675,1.095581
0.383667,-0.420166,0.982422
-0.457520,0.011963,0.833374
0.513916,-0.168213,1.147339
-0.086182,-0.278687,0.875977
-0.090576,0.260986,1.084961
0.417236,-0.366089,1.006226
-0.458496,-0.027832,0.819824
0.475098,-0.162109,1.135010
-0.015015,-0.334229,0.873779
-0.147339,0.243164,1.063354
0.467773,-0.340576,1.029541
-0.456665,-0.050415,0.809448
0.428589,-0.120850,1.131958
0.061646,-0.397095,0.881836
-0.201904,0.196045,1.015015
0.489136,-0.308716,1.057007
-0.426758,-0.089966,0.792480
0.359009,-0.062256,1.118530
0.094604,-0.398560,0.887207
-0.276123,0.189819,0.997437
0.520996,-0.280396,1.079224
-0.381104,-0.145996,0.796631
0.265625,0.021851,1.114746
0.147949,-0.414062,0.899048
-0.328247,0.118896,0.938477
0.560303,-0.273926,1.120117
-0.369629,-0.180176,0.782593
0.182617,0.078369,1.103516
0.225586,-0.427490,0.919556
-0.379395,0.082153,0.880493
0.545410,-0.263672,1.102295
-0.316650,-0.222290,0.797607
0.111694,0.101807,1.079102
0.291260,-0.436157,0.934326
-0.419556,0.062988,0.845825
0.536865,-0.241455,1.095093
-0.251099,-0.217285,0.830933
0.024658,0.145142,1.062866
0.341797,-0.454468,0.948853
-0.439697,0.029419,0.817627
0.503662,-0.180664,1.110596
-0.181152,-0.245972,0.842896
-0.047363,0.167480,1.056885
0.395996,-0.438477,0.978638
-0.463135,0.007446,0.807983
0.474731,-0.130981,1.116455
-0.117432,-0.255493,0.847778
-0.108643,0.214478,1.045898
0.428467,-0.420654,0.998169
-0.475098,-0.062622,0.797974
0.442749,-0.146240,1.095703
-0.033325,-0.320312,0.863037
-0.178467,0.222412,1.027954
0.463867,-0.383545,1.013550
-0.436890,-0.083374,0.802002
0.376709,-0.087769,1.103271
0.044189,-0.392700,0.853027
-0.239502,0.168945,0.973877
0.498291,-0.338867,1.043213
-0.448975,-0.110718,0.775757
0.324829,-0.066650,1.076172
0.114746,-0.402954,0.867676
-0.295898,0.169922,0.943726
0.492554,-0.261353,1.060913
-0.402344,-0.154541,0.789062
0.237061,-0.018921,1.075562
0.160034,-0.454590,0.869629
-0.361450,0.106812,0.887695
0.512939,-0.256836,1.075928
-0.362549,-0.160767,0.781738
0.142456,0.046387,1.062134
0.238281,-0.519531,0.878174
-0.419189,0.049438,0.831177
0.521118,-0.226074,1.082642
-0.295410,-0.185303,0.804565
0.028320,0.133789,1.039551
0.308472,-0.481567,0.917236
-0.461548,0.006836,0.802368
0.494873,-0.225708,1.089844
-0.229248,-0.250000,0.809326
-0.043823,0.189819,1.039429
0.358032,-0.427734,0.949951
-0.489136,0.026245,0.801025
0.465942,-0.187988,1.079834
-0.117676,-0.314209,0.815308
-0.119507,0.195312,1.022705
0.396362,-0.381592,0.965820
-0.487793,-0.023071,0.781616
0.421387,-0.160278,1.079102
0.004883,-0.388428,0.838989
-0.198608,0.186401,0.980591
0.427368,-0.342651,0.989746
-0.475830,-0.069580,0.764282
0.349854,-0.096680,1.079468
0.069824,-0.457520,0.826782
-0.265015,0.140869,0.939453
0.465454,-0.311401,1.011353
-0.459717,-0.087280,0.757202
0.255005,-0.032227,1.046021
0.111816,-0.479126,0.831177
-0.336426,0.108887,0.902954
0.490723,-0.310059,1.035034
-0.406372,-0.122803,0.786621
0.141724,0.056396,1.033569
0.195679,-0.456787,0.865234
-0.419800,0.067627,0.841675
0.512573,-0.291260,1.055786
-0.339600,-0.227295,0.768066
0.036621,0.138184,1.034790
0.278076,-0.451904,0.892578
-0.482300,0.048828,0.791260
0.495239,-0.264404,1.062622
-0.237549,-0.266602,0.799805
-0.065430,0.167969,1.013794
0.337524,-0.427979,0.924438
-0.504639,0.006104,0.771240
0.448242,-0.212891,1.058350
-0.130615,-0.305664,0.824341
-0.144897,0.205322,1.021118
0.366821,-0.418823,0.939087
-0.500977,-0.045288,0.774902
0.402344,-0.164429,1.057617
-0.016602,-0.341064,0.843750
-0.230347,0.204468,0.974854
0.413452,-0.373779,0.961670
-0.471313,-0.105225,0.754639
0.336060,-0.128174,1.034546
0.047729,-0.435791,0.819580
-0.310547,0.167969,0.911499
0.467163,-0.325684,0.994141
-0.442261,-0.117920,0.760864
0.242554,-0.053223,1.030518
0.107910,-0.482300,0.803589
-0.374878,0.116211,0.846558
0.477173,-0.282959,1.012573
-0.409668,-0.149170,0.760864
0.135986,0.010132,1.021729
0.181763,-0.507690,0.829834
-0.447754,0.060913,0.794434
0.477173,-0.245117,1.026245
-0.335327,-0.198853,0.762695
0.020996,0.122070,1.032593
0.273193,-0.541382,0.861084
-0.491943,0.028198,0.768066
0.458984,-0.229858,1.032227
-0.250366,-0.217163,0.787354
-0.089600,0.203491,1.002319
0.346191,-0.407837,0.935303
-0.499878,-0.038330,0.758911
0.418335,-0.191162,1.050781
-0.154907,-0.291260,0.807617
-0.174927,0.200928,0.973511
0.390381,-0.415405,0.937012
-0.518555,-0.021240,0.771851
0.379883,-0.171753,1.037354
-0.019043,-0.414429,0.802856
-0.232910,0.181763,0.941406
0.402832,-0.348022,0.954102
-0.509644,-0.050537,0.749390
0.343628,-0.131714,1.033203
0.052612,-0.474243,0.810547
-0.322998,0.145508,0.880493
0.439087,-0.347290,0.960327
-0.474365,-0.089478,0.747314
0.233765,-0.034180,1.021973
0.107056,-0.490601,0.795288
-0.390625,0.114502,0.838989
0.474365,-0.320801,0.994751
-0.430786,-0.115723,0.767212
0.103882,0.062988,1.004883
0.143311,-0.485229,0.809692
-0.433228,0.054688,0.802490
0.483765,-0.280151,1.024902
-0.376587,-0.186768,0.739502
0.017822,0.162231,1.024780
0.243896,-0.432617,0.867188
-0.506836,0.024902,0.752686
0.479126,-0.283325,1.025879
-0.290161,-0.244629,0.767822
-0.058350,0.196167,1.016479
0.286499,-0.402710,0.892090
-0.537598,0.036377,0.748901
0.452515,-0.242310,1.030396
-0.175659,-0.275391,0.803345
-0.127197,0.198975,0.986572
0.317505,-0.365967,0.918579
-0.542725,0.034668,0.749268
0.406616,-0.225464,1.011719
-0.095215,-0.355225,0.805298
-0.181396,0.157471,0.955688
0.366577,-0.375488,0.933594
-0.529541,-0.001221,0.751831
0.357910,-0.106079,1.036743
-0.013306,-0.411255,0.784668
-0.260376,0.168701,0.918945
0.414307,-0.406494,0.946777
-0.521606,-0.069946,0.744873
0.281250,-0.069946,1.009033
0.046631,-0.437134,0.779785
-0.327393,0.162720,0.874634
0.435913,-0.339478,0.956665
-0.476929,-0.105103,0.762573
0.205933,-0.043701,1.008545
0.085815,-0.477905,0.782715
-0.407837,0.125732,0.816406
0.466431,-0.285767,0.987793
-0.432007,-0.114502,0.758423
0.094116,0.041382,1.010498
0.140381,-0.485962,0.809204
-0.479858,0.050293,0.764404
0.461792,-0.248169,1.009888
-0.356079,-0.152466,0.758911
0.009766,0.139893,1.015503
0.241455,-0.454834,0.859375
-0.544922,0.059937,0.752686
0.448608,-0.242310,1.012329
-0.239502,-0.248413,0.781860
-0.091919,0.216553,1.012329
0.304688,-0.373413,0.904907
-0.559082,0.030640,0.753906
0.400635,-0.220947,1.009033
-0.105835,-0.339111,0.788818
-0.172729,0.218506,0.969116
0.341431,-0.301514,0.937134
-0.533691,-0.001831,0.766968
0.373779,-0.164551,1.033081
-0.033813,-0.463135,0.766724
-0.248047,0.152466,0.883179
0.404663,-0.284424,0.952637
-0.524048,-0.027466,0.743896
0.279663,-0.078125,1.005615
0.041382,-0.435425,0.786377
-0.339233,0.106934,0.827637
0.436890,-0.291260,0.972534
-0.491089,-0.054443,0.761353
0.186279,-0.006104,1.005127
0.081055,-0.477905,0.772949
-0.425537,0.125000,0.802368
0.459473,-0.284058,0.988892
-0.439453,-0.112427,0.755859
0.093628,0.054565,0.994995
0.146484,-0.443115,0.820068
-0.512817,0.118530,0.773804
0.464966,-0.262207,0.987549
-0.359009,-0.158081,0.770508
0.006836,0.135010,0.999390
0.212769,-0.442139,0.851807
-0.555542,0.053589,0.729736
0.475586,-0.211304,1.046509
-0.259277,-0.185425,0.776367
-0.091553,0.247681,1.000122
0.287476,-0.386353,0.886719
-0.557739,0.050171,0.745239
0.426758,-0.206299,1.012939
-0.177246,-0.292969,0.774536
-0.131592,0.191650,0.963135
0.325928,-0.340088,0.917358
-0.578247,0.074829,0.756836
0.407104,-0.195435,1.007080
-0.078735,-0.352295,0.789795
-0.210938,0.182495,0.931396
0.371094,-0.335449,0.933105
-0.571655,0.037842,0.753662
0.350830,-0.165283,0.998413
-0.015015,-0.421143,0.782471
-0.261230,0.196167,0.911377
0.390747,-0.301025,0.929077
-0.550415,0.015991,0.729736
0.304932,-0.109497,0.981323
0.025513,-0.419434,0.789917
-0.322144,0.133301,0.859741
0.402710,-0.287842,0.940430
-0.525757,-0.007812,0.737671
0.242554,-0.065430,0.991821
0.060425,-0.434692,0.789795
-0.390015,0.154541,0.841064
0.443604,-0.270508,0.968262
-0.499023,-0.012695,0.742554
0.157959,0.040771,1.001465
0.085571,-0.428589,0.796753
-0.440308,0.113525,0.815552
0.457642,-0.259155,0.985718
-0.444946,-0.064209,0.735962
0.079346,0.205078,1.030396
0.129517,-0.401978,0.806274
-0.500244,0.116089,0.789551
0.459106,-0.289185,0.990723
-0.386963,-0.131470,0.761963
0.036011,0.199341,1.030762
0.160767,-0.399048,0.818237
-0.535645,0.114258,0.771606
0.480591,-0.277710,1.000366
-0.311646,-0.176636,0.778809
-0.026123,0.190063,1.002319
0.223511,-0.405396,0.848267
-0.580322,0.130249,0.760742
0.474609,-0.229248,1.016846
-0.264648,-0.187988,0.786011
-0.053833,0.184570,0.985596
0.257080,-0.384277,0.873413
-0.590820,0.115723,0.756714
0.454102,-0.229980,1.008301
-0.188477,-0.247803,0.790283
-0.125610,0.222534,0.966431
0.285400,-0.360962,0.896118
-0.603394,0.070801,0.731201
0.435059,-0.207642,1.009521
-0.135254,-0.321655,0.772095
-0.147339,0.227173,0.962158
0.304810,-0.326782,0.886841
-0.579346,0.069580,0.750854
0.409302,-0.187012,1.014771
-0.105225,-0.364136,0.758423
-0.199219,0.196411,0.922974
0.360474,-0.329224,0.911987
-0.577393,0.072632,0.755615
0.370972,-0.128784,1.015991
-0.052979,-0.372803,0.772339
-0.251587,0.172241,0.883911
0.375122,-0.320557,0.916138
-0.561035,0.044189,0.738892
0.339111,-0.085205,1.007324
-0.011353,-0.392822,0.761475
-0.330566,0.193481,0.858765
0.399780,-0.308472,0.934570
-0.532349,-0.030273,0.732544
0.266479,-0.053223,0.998047
0.003540,-0.423706,0.759033
-0.388916,0.197632,0.846924
0.431396,-0.298096,0.945068
-0.501831,-0.039429,0.743408
0.185181,0.028320,1.004517
0.034912,-0.406616,0.767578
-0.428589,0.186157,0.835938
0.436401,-0.283813,0.960815
-0.477661,-0.071777,0.742554
0.144043,0.036499,1.008423
0.104248,-0.431030,0.805542
-0.504150,0.182983,0.797852
0.428833,-0.205933,0.978271
-0.396851,-0.087036,0.765503
0.070190,0.128540,1.023071
0.159546,-0.413452,0.827393
-0.558716,0.145996,0.787354
0.439087,-0.198975,1.002686
-0.314575,-0.187012,0.746948
-0.028564,0.207153,1.015869
0.231445,-0.401489,0.849243
-0.606323,0.147949,0.773193
0.457275,-0.229126,1.010010
-0.219482,-0.255127,0.760498
-0.098511,0.216309,0.971802
0.270264,-0.345459,0.871948
-0.622437,0.136108,0.753906
0.439941,-0.201050,1.022827
-0.132202,-0.355957,0.757202
-0.159058,0.179199,0.931885
0.320923,-0.328247,0.892822
-0.615234,0.153076,0.754272
0.389771,-0.156616,1.005127
-0.064209,-0.388062,0.772339
-0.231323,0.168213,0.901855
0.358887,-0.319702,0.916626
-0.584595,0.107788,0.748657
0.347534,-0.079102,0.995483
-0.052612,-0.386353,0.745117
-0.304321,0.174072,0.880005
0.407959,-0.317383,0.942139
-0.551270,0.032837,0.739136
0.242432,0.000732,0.980957
-0.009521,-0.420410,0.750122
-0.360229,0.163330,0.860229
0.417969,-0.287964,0.950439
-0.531494,-0.030151,0.725342
0.178589,0.027832,0.992188
0.019653,-0.406860,0.769897
-0.445923,0.205811,0.857178
0.447632,-0.273071,0.969360
-0.474243,-0.066406,0.742920
0.080933,0.116943,0.997437
0.105469,-0.425049,0.808105
-0.519775,0.185425,0.825439
0.436646,-0.205200,0.993774
-0.381836,-0.125366,0.752075
0.015991,0.182495,1.019531
0.185791,-0.409912,0.844849
-0.576172,0.155518,0.787598
0.429199,-0.175415,1.008911
-0.265137,-0.223633,0.741333
-0.073486,0.210083,0.992065
0.322632,-0.346069,0.906128
-0.608765,0.057617,0.736084
0.366455,-0.174561,1.013672
-0.204224,-0.281372,0.742554
-0.320435,0.192993,0.899536
0.377319,-0.371826,0.921631
-0.581787,0.030396,0.735107
0.288940,-0.084595,1.009888
-0.091675,-0.381104,0.746582
-0.384766,0.192261,0.875244
0.393921,-0.330322,0.939697
-0.561523,-0.011230,0.715576
0.210449,-0.020508,1.011963
-0.012573,-0.416016,0.772217
-0.465698,0.202393,0.869385
0.402466,-0.261475,0.965942
-0.518799,-0.083008,0.710327
0.106445,0.052246,1.018799
0.075806,-0.426270,0.815552
-0.535156,0.204468,0.836914
0.425659,-0.245483,0.988281
-0.403076,-0.159424,0.730957
0.003296,0.128174,1.008301
0.166138,-0.413452,0.845093
-0.583252,0.138428,0.794556
0.428711,-0.217163,1.018311
-0.289307,-0.257935,0.727783
-0.075928,0.171265,0.985840
0.229980,-0.362305,0.859741
-0.608276,0.105713,0.771851
0.432617,-0.255371,1.001343
-0.223145,-0.321655,0.741455
-0.160889,0.178833,0.958496
0.285400,-0.343872,0.894165
-0.613892,0.059326,0.732544
0.393433,-0.209473,1.018921
-0.168823,-0.376099,0.729980
-0.240845,0.168823,0.936768
0.330322,-0.348389,0.913574
-0.614258,0.027588,0.731934
0.356323,-0.164673,1.024414
-0.127686,-0.377808,0.744873
-0.313599,0.182739,0.903442
0.363281,-0.319092,0.946533
-0.591431,-0.002563,0.712891
0.271118,-0.098511,1.017334
-0.068359,-0.417358,0.751221
-0.384644,0.181152,0.895142
0.378052,-0.285400,0.960815
-0.545288,-0.026855,0.714233
0.198975,-0.012817,1.016479
-0.008179,-0.415894,0.784302
-0.462158,0.184814,0.865601
0.408203,-0.296387,0.971802
-0.520630,-0.099609,0.704956
0.123535,0.057007,1.016724
0.058716,-0.390869,0.809814
-0.513062,0.170044,0.858765
0.432007,-0.280518,1.002808
-0.459473,-0.172119,0.709473
0.054077,0.104858,1.012451
0.120117,-0.396729,0.820557
-0.553711,0.151611,0.814209
0.441528,-0.273315,0.995972
-0.366089,-0.220581,0.731201
0.005859,0.124634,1.014282
0.186523,-0.398926,0.851196
-0.572388,0.101685,0.784546
0.428711,-0.228882,1.010498
-0.309448,-0.287354,0.717651
-0.047485,0.107666,0.994751
0.249878,-0.430420,0.865723
-0.595947,0.120361,0.774780
0.409912,-0.176880,1.028442
-0.232910,-0.291992,0.734009
-0.137939,0.144409,0.984253
0.290283,-0.421631,0.888794
-0.586792,0.037720,0.764771
0.398804,-0.163574,1.050781
-0.207520,-0.322388,0.709595
-0.223389,0.179199,0.959351
0.338867,-0.381104,0.921753
-0.569702,0.019165,0.761963
0.359985,-0.139893,1.044189
-0.166626,-0.348999,0.727173
-0.292114,0.173096,0.919312
0.384277,-0.370605,0.953857
-0.566040,-0.042603,0.734619
0.307617,-0.096191,1.047607
-0.098022,-0.362915,0.767700
-0.377197,0.215088,0.912598
0.400391,-0.330444,0.960205
-0.527344,-0.090454,0.725098
0.230713,-0.056641,1.038208
-0.019775,-0.382690,0.793701
-0.448730,0.190063,0.869995
0.429321,-0.274292,1.003296
-0.468018,-0.163086,0.734253
0.102051,0.030762,1.020508
0.093994,-0.416504,0.828125
-0.513184,0.133301,0.836548
0.457275,-0.246948,1.034912
-0.371216,-0.211914,0.750366
-0.005615,0.144043,1.034790
0.207886,-0.404053,0.873413
-0.551514,0.072998,0.802124
0.442505,-0.229248,1.040405
-0.249146,-0.312988,0.732056
-0.098389,0.135010,0.994507
0.268555,-0.364136,0.889160
-0.557251,0.029663,0.770386
0.435791,-0.223633,1.060181
-0.179199,-0.364868,0.740112
-0.231201,0.149292,0.952759
0.333008,-0.363159,0.924805
-0.549194,-0.004517,0.763550
0.400879,-0.177734,1.070679
-0.143555,-0.329224,0.785889
-0.343262,0.198364,0.909302
0.415039,-0.354614,0.970459
-0.525879,-0.047119,0.741577
0.282349,-0.061523,1.065918
-0.054565,-0.362305,0.806885
-0.399536,0.166382,0.890015
0.441040,-0.318848,0.997803
-0.487427,-0.114502,0.725952
0.202637,0.015747,1.065796
0.044189,-0.381958,0.830566
-0.468384,0.172729,0.873779
0.455200,-0.292725,1.024414
-0.444214,-0.179565,0.737793
0.102661,0.071777,1.048340
0.161499,-0.412842,0.859741
-0.503906,0.129395,0.838013
0.449219,-0.238892,1.041260
-0.355347,-0.278442,0.742920
0.020996,0.071899,1.026489
0.230591,-0.411865,0.885010
-0.533447,0.107300,0.805908
0.451538,-0.200928,1.059692
-0.240845,-0.275635,0.767090
-0.068848,0.120728,1.014771
0.294434,-0.408203,0.912476
-0.536621,0.038818,0.799561
0.439453,-0.179810,1.066162
-0.194946,-0.316406,0.739990
-0.190796,0.173462,0.992920
0.371460,-0.385620,0.954956
-0.532471,-0.033081,0.768799
0.395020,-0.135498,1.082153
-0.140503,-0.338257,0.755737
-0.283081,0.201660,0.964722
0.416870,-0.350586,0.993896
-0.514526,-0.088989,0.763916
0.344238,-0.126709,1.083984
-0.066895,-0.348633,0.801147
-0.348267,0.190186,0.914429
0.462769,-0.299927,1.023193
-0.468018,-0.088257,0.768799
0.227295,-0.030884,1.089722
0.047607,-0.433228,0.824219
-0.412720,0.142822,0.881592
0.476074,-0.255981,1.040649
-0.423706,-0.139526,0.754395
0.112793,0.078003,1.061401
0.176025,-0.418701,0.868286
-0.469238,0.085938,0.848022
0.486328,-0.233643,1.077026
-0.312622,-0.265381,0.760864
-0.005127,0.134644,1.043823
0.260254,-0.389771,0.900146
-0.498169,0.027710,0.820923
0.482422,-0.236328,1.087402
-0.192139,-0.341553,0.774780
-0.082886,0.146851,1.020508
0.311890,-0.367554,0.922485
-0.511841,0.002563,0.782349
0.453491,-0.197632,1.094849
-0.132690,-0.372437,0.783691
-0.177979,0.163452,1.008423
0.377563,-0.345093,0.966553
-0.517090,0.009521,0.782227
0.406372,-0.146729,1.094238
-0.083618,-0.348755,0.819946
-0.261841,0.179688,0.990234
0.428589,-0.323242,1.008423
-0.487183,-0.080200,0.769653
0.330566,-0.057251,1.107422
-0.020142,-0.350830,0.837891
-0.330933,0.176514,0.941040
0.461060,-0.297363,1.029175
-0.457642,-0.103638,0.766602
0.279053,-0.066528,1.101196
0.059570,-0.394287,0.855469
-0.393188,0.187012,0.915283
0.498169,-0.260498,1.060913
-0.423096,-0.119141,0.786865
0.169312,-0.002197,1.083130
0.183838,-0.442993,0.898804
-0.428467,0.135498,0.884766
0.495239,-0.190308,1.084839
-0.358521,-0.198608,0.776611
0.082275,0.063843,1.060913
0.273071,-0.439819,0.926025
-0.462646,0.075562,0.850098
0.489624,-0.176514,1.100586
-0.227051,-0.257935,0.800049
-0.002075,0.146973,1.065552
0.311035,-0.380249,0.949829
-0.465820,-0.003662,0.828491
0.477661,-0.171265,1.107178
-0.145508,-0.311157,0.796143
-0.099121,0.172119,1.046387
0.386719,-0.355713,0.980225
-0.486572,-0.040649,0.801880
0.453491,-0.144897,1.129639
-0.092529,-0.326904,0.813599
-0.223267,0.196533,1.013672
0.456787,-0.331909,1.032715
-0.486450,-0.066284,0.783081
0.375610,-0.078491,1.133667
0.012329,-0.344482,0.869873
-0.301636,0.183105,0.968140
0.480835,-0.285156,1.059082
-0.422729,-0.158325,0.775757
0.271851,-0.028809,1.121460
0.129639,-0.410278,0.893066
-0.378906,0.147217,0.917236
0.504517,-0.221436,1.098022
-0.346558,-0.206299,0.784180
0.149902,0.065796,1.106201
0.235718,-0.431152,0.931396
-0.437012,0.106323,0.892334
0.521973,-0.182373,1.119629
-0.264282,-0.252563,0.799561
0.021118,0.135864,1.076172
0.329102,-0.409790,0.953247
-0.449585,0.039551,0.858398
0.514893,-0.160522,1.135010
-0.139648,-0.312378,0.813599
-0.070312,0.162109,1.056274
0.385742,-0.363525,0.996704
-0.469116,-0.026489,0.819702
0.489624,-0.150024,1.144897
-0.066528,-0.329346,0.833374
-0.175293,0.208740,1.039429
0.445801,-0.308105,1.034546
-0.469238,-0.060791,0.799683
0.426880,-0.093018,1.165405
0.003174,-0.364624,0.872192
-0.251343,0.184692,1.005493
0.480225,-0.282837,1.071533
-0.435791,-0.076172,0.797607
0.341431,-0.029053,1.152588
0.092773,-0.387939,0.900391
-0.321533,0.155396,0.964844
0.536865,-0.274170,1.117310
-0.382690,-0.161133,0.789185
0.225464,0.054932,1.134644
0.198730,-0.423828,0.911377
-0.383545,0.136475,0.923462
0.550293,-0.237305,1.116211
-0.318359,-0.220215,0.804443
0.127808,0.096802,1.113770
0.277466,-0.408569,0.952393
-0.425903,0.093140,0.886108
0.547729,-0.184814,1.143433
-0.258545,-0.267090,0.806274
0.046631,0.119629,1.093872
0.361450,-0.405762,0.987671
-0.445679,0.068848,0.858154
0.527466,-0.148926,1.145386
-0.157349,-0.260986,0.840820
-0.036987,0.161377,1.090820
0.410645,-0.387085,1.017700
-0.454468,-0.010620,0.851929
0.494629,-0.121460,1.161621
-0.059692,-0.314331,0.854126
-0.120605,0.186523,1.064941
0.462646,-0.333496,1.064697
-0.432861,-0.076172,0.833984
0.436646,-0.062134,1.168091
-0.026611,-0.274780,0.865845
-0.210327,0.217529,1.043335
0.502197,-0.300659,1.091919
-0.418213,-0.147949,0.816772
0.380371,-0.064331,1.165039
0.044434,-0.357910,0.899902
-0.277100,0.215454,0.990845
0.530518,-0.270996,1.098511
-0.371216,-0.157837,0.814575
0.301025,-0.021973,1.152344
0.150391,-0.412231,0.924438
-0.333130,0.156860,0.953491
0.543457,-0.227051,1.119263
-0.322754,-0.177856,0.820557
0.208374,0.049316,1.135986
0.248291,-0.427856,0.956299
-0.406494,0.121704,0.896484
0.562012,-0.222778,1.130737
-0.259521,-0.215454,0.838501
0.098999,0.143921,1.119995
0.329712,-0.406128,0.983521
-0.431396,0.088501,0.887817
0.547485,-0.184204,1.147217
-0.188965,-0.256714,0.855591
0.016724,0.144775,1.102539
0.385498,-0.375977,1.022583
-0.437134,0.025513,0.853027
0.518921,-0.100464,1.172485
-0.042847,-0.336548,0.863892
-0.083130,0.177246,1.091919
0.432617,-0.355225,1.040894
-0.448120,-0.010010,0.842896
0.468384,-0.075684,1.172119
-0.019287,-0.328003,0.876465
-0.161987,0.188721,1.078247
0.500610,-0.319946,1.096313
-0.426880,-0.074829,0.816284
0.400513,0.004028,1.182007
0.058716,-0.341187,0.889282
-0.244263,0.220947,1.045776
0.549316,-0.303345,1.120117
-0.385254,-0.157593,0.812500
0.325928,0.013306,1.158081
0.151855,-0.334839,0.938477
-0.339722,0.183960,0.947021
0.586060,-0.289551,1.130615
-0.310669,-0.207031,0.838745
0.191650,0.075073,1.134155
0.264771,-0.416748,0.953369
-0.391357,0.097778,0.899414
0.566162,-0.197876,1.160400
-0.239380,-0.237671,0.845581
0.075073,0.139771,1.112549
0.369629,-0.400757,1.002930
-0.424805,0.048828,0.868896
0.550171,-0.165039,1.158447
-0.138306,-0.255127,0.868896
-0.051514,0.187134,1.089966
0.433228,-0.381470,1.028931
-0.419678,-0.047729,0.834351
0.496338,-0.075195,1.187012
0.010254,-0.306274,0.889893
-0.155884,0.222900,1.068726
0.486938,-0.309082,1.078369
-0.411377,-0.134399,0.822388
0.405640,-0.069458,1.169922
0.074341,-0.336426,0.927979
-0.260010,0.225586,1.020508
0.544189,-0.235962,1.135986
-0.353760,-0.147705,0.821655
0.264526,0.029907,1.148438
0.222046,-0.428589,0.949097
-0.340088,0.111572,0.926270
0.560303,-0.221069,1.136719
-0.266113,-0.205811,0.834351
0.103394,0.150879,1.106689
0.341553,-0.415161,0.984985
-0.406860,0.037476,0.873657
0.547363,-0.162964,1.174438
-0.160034,-0.258423,0.857178
-0.029541,0.217896,1.086914
0.428711,-0.377075,1.027832
-0.443359,-0.018066,0.849243
0.498901,-0.136597,1.173584
0.017944,-0.354614,0.904541
-0.135254,0.236084,1.072388
0.462036,-0.308228,1.052734
-0.419800,-0.061890,0.833984
0.418823,-0.087402,1.150391
0.067017,-0.389282,0.903320
-0.242188,0.213135,1.032593
0.526611,-0.261108,1.124634
-0.382568,-0.141479,0.811523
0.291138,0.028076,1.145142
0.183472,-0.430054,0.925781
-0.322998,0.113403,0.953979
0.572754,-0.246094,1.158936
-0.326660,-0.217407,0.797119
0.166992,0.122192,1.125122
0.280518,-0.418579,0.962891
-0.394043,0.055054,0.883301
0.567871,-0.244141,1.146729
-0.228516,-0.264282,0.842163
0.053223,0.176636,1.108154
0.361328,-0.386475,0.995117
-0.434326,0.057861,0.862183
0.528076,-0.186768,1.155151
-0.128662,-0.297119,0.868652
-0.036987,0.215698,1.105591
0.432373,-0.392822,1.017578
-0.444092,0.023560,0.838501
0.481445,-0.122192,1.145752
0.019043,-0.332764,0.901001
-0.140625,0.216309,1.069580
0.475830,-0.342041,1.058960
-0.430176,-0.083252,0.822754
0.409668,-0.052246,1.155884
0.068604,-0.351562,0.893921
-0.227539,0.222656,1.033813
0.524048,-0.313110,1.093140
-0.398438,-0.136841,0.806519
0.315918,-0.023804,1.125366
0.147217,-0.377686,0.921997
-0.304810,0.158325,0.960938
0.575806,-0.255981,1.130737
-0.348633,-0.157349,0.819580
0.174683,0.050171,1.078613
0.253296,-0.471802,0.929810
-0.359497,0.067627,0.886230
0.564453,-0.208862,1.141846
-0.266357,-0.197021,0.826782
0.060669,0.142212,1.078125
0.364258,-0.462769,0.967285
-0.434326,0.034180,0.841187
0.519409,-0.139771,1.161743
-0.149780,-0.237183,0.859863
-0.049683,0.211060,1.080688
0.421265,-0.391724,1.008911
-0.449585,-0.046265,0.819458
0.473145,-0.127197,1.141846
0.011597,-0.348022,0.886597
-0.142090,0.238647,1.081055
0.463379,-0.346924,1.040649
-0.448608,-0.046631,0.804565
0.402832,-0.088867,1.125000
0.099121,-0.386719,0.901001
-0.248535,0.216064,1.022583
0.494141,-0.274048,1.073608
-0.396240,-0.134888,0.810059
0.288086,-0.016357,1.107788
0.185547,-0.420288,0.919556
-0.334473,0.170776,0.948120
0.537842,-0.244019,1.107544
-0.325562,-0.188477,0.821533
0.142822,0.085938,1.079590
0.271240,-0.439941,0.927856
-0.404419,0.054321,0.851685
0.538330,-0.201660,1.129761
-0.223633,-0.226807,0.841675
0.004272,0.166138,1.062256
0.358643,-0.421875,0.974365
-0.474121,0.041260,0.823486
0.493286,-0.160767,1.130493
-0.084351,-0.303467,0.860840
-0.095459,0.207764,1.068970
0.423218,-0.376709,1.008179
-0.471191,0.002930,0.809692
0.427368,-0.112549,1.111938
0.043213,-0.393188,0.879395
-0.187988,0.177368,1.026367
0.468506,-0.326294,1.054077
-0.440674,-0.090820,0.797852
0.343506,-0.041382,1.099976
0.094360,-0.415161,0.873413
-0.278198,0.178955,1.000610
0.522583,-0.306030,1.086304
-0.400757,-0.145508,0.783936
0.238403,0.022095,1.074829
0.173462,-0.399536,0.900146
-0.358887,0.153198,0.928955
0.560669,-0.324219,1.096680
-0.355469,-0.215698,0.794800
0.138794,0.069336,1.056641
0.226318,-0.416748,0.908936
-0.392090,0.056152,0.853394
0.554688,-0.287842,1.096069
-0.259766,-0.258667,0.820679
0.030762,0.153076,1.051514
0.293945,-0.418091,0.927612
-0.437866,0.025391,0.810791
0.519043,-0.238281,1.100220
-0.191895,-0.271484,0.843506
-0.029785,0.147827,1.045776
0.335205,-0.409790,0.942871
-0.475830,0.036865,0.809326
0.482910,-0.193726,1.102417
-0.081421,-0.320190,0.867188
-0.108398,0.200439,1.053345
0.391479,-0.381348,0.976807
-0.482300,0.007446,0.793213
0.439453,-0.154907,1.096924
0.000854,-0.387329,0.856079
-0.170410,0.190674,1.018066
0.435791,-0.359253,1.002319
-0.467529,-0.060059,0.776978
0.382080,-0.107422,1.087158
0.062500,-0.400146,0.864624
-0.231567,0.186890,0.993042
0.478394,-0.364868,1.023682
-0.449707,-0.107788,0.776611
0.312134,-0.060669,1.068481
0.087646,-0.408325,0.857056
-0.286133,0.148315,0.955933
0.493774,-0.318115,1.045288
-0.407471,-0.160034,0.782959
0.231079,-0.010742,1.057861
0.138306,-0.411621,0.876465
-0.366577,0.143311,0.901489
0.510254,-0.298340,1.053589
-0.353149,-0.199951,0.788940
0.121948,0.047607,1.045288
0.223755,-0.464478,0.869873
-0.403931,0.078003,0.838135
0.514160,-0.245728,1.055298
-0.290527,-0.194946,0.806030
0.016113,0.122925,1.030640
0.290161,-0.503540,0.890625
-0.441162,-0.000610,0.788086
0.499512,-0.204102,1.093018
-0.228149,-0.222412,0.818726
-0.083862,0.181763,1.027100
0.362427,-0.453979,0.937988
-0.479492,-0.028564,0.788086
0.443848,-0.148315,1.098755
-0.074951,-0.309448,0.837769
-0.158569,0.230103,1.019897
0.403931,-0.392578,0.963745
-0.495239,-0.044922,0.772461
0.371460,-0.142578,1.067261
0.049072,-0.450195,0.831543
-0.235229,0.177979,0.967651
0.444824,-0.347168,0.998291
-0.461670,-0.102539,0.753784
0.278564,-0.062988,1.041382
0.107666,-0.454956,0.830811
-0.323853,0.133179,0.913818
0.489746,-0.315430,1.038086
-0.415161,-0.133301,0.782837
0.167725,0.031982,1.038452
0.159912,-0.468994,0.834351
-0.404053,0.087891,0.859619
0.518921,-0.297729,1.056396
-0.357056,-0.205322,0.756836
0.045532,0.135498,1.028198
0.257812,-0.464722,0.873535
-0.456787,0.010742,0.781128
0.494751,-0.252563,1.063599
-0.251831,-0.262939,0.787964
-0.068237,0.168945,1.013428
0.329834,-0.433838,0.917236
-0.502075,0.000000,0.768311
0.441406,-0.163330,1.077881
-0.112061,-0.268677,0.838257
-0.150757,0.188721,1.015015
0.377197,-0.422241,0.945068
-0.509521,-0.058960,0.762817
0.388428,-0.129028,1.064453
0.002563,-0.382202,0.813599
-0.259033,0.182129,0.934937
0.439697,-0.349854,0.996704
-0.453369,-0.130981,0.759521
0.288940,-0.070068,1.038818
0.081299,-0.472534,0.802856
-0.335083,0.136841,0.887085
0.478638,-0.324097,0.996948
-0.420044,-0.101074,0.789062
0.167847,0.043701,1.033325
0.142212,-0.477051,0.832642
-0.395264,0.065186,0.832764
0.478760,-0.282959,1.024414
-0.375854,-0.175537,0.770386
0.079712,0.107544,1.034424
0.215698,-0.457886,0.858276
-0.470215,0.044189,0.797241
0.490967,-0.299072,1.041626
-0.299194,-0.252563,0.775024
-0.033813,0.152344,1.019165
0.291016,-0.441895,0.878296
-0.518188,0.047607,0.765503
0.461426,-0.258911,1.033447
-0.195435,-0.292236,0.804077
-0.112427,0.164917,1.000488
0.345825,-0.442627,0.903809
-0.515747,0.029541,0.762207
0.416626,-0.173462,1.022339
-0.096558,-0.270142,0.820923
-0.195801,0.188843,0.977295
0.390503,-0.421021,0.942261
-0.505859,-0.084717,0.749146
0.364990,-0.119629,1.051758
-0.011475,-0.366699,0.807373
-0.270508,0.203613,0.932495
0.433838,-0.394531,0.959839
-0.485962,-0.114746,0.755615
0.278320,-0.087402,1.020142
0.062622,-0.449097,0.791382
-0.332886,0.153564,0.880249
0.456177,-0.333740,0.982178
-0.460693,-0.120972,0.752930
0.188232,-0.033325,1.004761
0.113647,-0.486450,0.792114
-0.393799,0.106689,0.826294
0.462524,-0.302979,0.992432
-0.416260,-0.145264,0.752197
0.108521,0.053345,1.025635
0.169800,-0.482544,0.810303
-0.460083,0.080933,0.786865
0.463135,-0.249268,1.013306
-0.338745,-0.161011,0.779175
-0.009277,0.121460,1.003906
0.265503,-0.511230,0.852173
-0.510864,0.026733,0.745605
0.453369,-0.215576,1.033691
-0.225830,-0.238037,0.782593
-0.108643,0.186890,0.994873
0.332764,-0.441162,0.909180
-0.533813,0.002075,0.756470
0.407959,-0.168213,1.037964
-0.110352,-0.318970,0.790527
-0.193848,0.190430,0.957275
0.385620,-0.396362,0.944336
-0.529907,-0.043213,0.754272
0.352539,-0.139893,1.018066
-0.006470,-0.407349,0.786133
-0.260376,0.169922,0.902466
0.419678,-0.316528,0.977539
-0.499878,-0.084717,0.744385
0.270508,-0.101929,1.008179
0.065186,-0.501831,0.765991
-0.357666,0.129272,0.846191
0.448120,-0.287598,0.980469
-0.461304,-0.075562,0.768921
0.181885,-0.003052,1.009033
0.104492,-0.463135,0.806885
-0.425049,0.083130,0.806152
0.466187,-0.270752,1.006836
-0.425293,-0.135254,0.739258
0.077148,0.094116,1.020752
0.179688,-0.465210,0.830688
-0.484985,0.075928,0.774414
0.469116,-0.270142,1.004517
-0.334229,-0.195068,0.773071
-0.038940,0.144165,0.993408
0.257935,-0.456421,0.868652
-0.526978,0.018799,0.748413
0.457153,-0.252930,1.020752
-0.236816,-0.249268,0.775391
-0.111450,0.230225,1.005737
0.318115,-0.381470,0.901245
-0.550415,0.040894,0.772827
0.413818,-0.217773,1.015503
-0.109619,-0.322998,0.796387
-0.182739,0.208252,0.958618
0.365723,-0.365845,0.933594
-0.541382,0.001587,0.760742
0.369629,-0.141846,1.026001
-0.043579,-0.392822,0.779419
-0.239746,0.152832,0.903198
0.402100,-0.342773,0.946289
-0.526489,-0.051392,0.749756
0.295776,-0.108643,0.994019
0.027954,-0.430298,0.774292
-0.332764,0.143188,0.850830
0.427856,-0.326660,0.958740
-0.483154,-0.093994,0.757324
0.211182,-0.050903,0.992798
0.062744,-0.456055,0.772339
-0.400146,0.135742,0.817627
0.452515,-0.291016,0.973633
-0.443970,-0.127808,0.756226
0.119141,0.009766,1.004150
0.114136,-0.459595,0.796509
-0.464722,0.101807,0.775635
0.457520,-0.262695,0.990112
-0.371094,-0.164185,0.759766
0.023071,0.113403,1.005249
0.210449,-0.460571,0.832031
-0.532104,0.079590,0.749756
0.445679,-0.229492,1.001221
-0.265137,-0.205811,0.773315
-0.182617,0.193481,0.938110
0.350464,-0.378174,0.904297
-0.568848,0.047974,0.748657
0.367065,-0.053955,1.034302
-0.077393,-0.363525,0.738159
-0.291504,0.205444,0.891968
0.388428,-0.364136,0.925415
-0.544678,-0.015747,0.754517
0.291260,-0.048950,1.011353
-0.032837,-0.404053,0.738281
-0.355347,0.189331,0.861206
0.421753,-0.287598,0.947266
-0.534668,-0.013428,0.731079
0.207642,-0.015259,0.999756
0.046021,-0.444946,0.785156
-0.433838,0.180298,0.831299
0.424683,-0.229858,0.964966
-0.460938,-0.041870,0.753174
0.105469,0.103638,1.021240
0.119751,-0.416992,0.811768
-0.510132,0.156616,0.814941
0.429443,-0.188965,0.993896
-0.371826,-0.132324,0.754395
0.009399,0.164307,1.007080
0.198975,-0.424316,0.838867
-0.569580,0.141479,0.781494
0.437866,-0.162354,1.018921
-0.284302,-0.208130,0.732056
-0.069702,0.198975,0.991089
0.270020,-0.383057,0.879883
-0.588013,0.098755,0.764282
0.420532,-0.145508,1.040649
-0.173340,-0.302124,0.741699
-0.174072,0.226196,0.950317
0.335571,-0.352051,0.894897
-0.598755,0.055908,0.752319
0.388306,-0.166504,1.006714
-0.091553,-0.381348,0.755737
-0.250244,0.207153,0.897217
0.361206,-0.318115,0.912964
-0.560913,0.063721,0.754883
0.333496,-0.108032,1.006836
-0.051270,-0.385132,0.755005
-0.310547,0.172852,0.863647
0.400269,-0.298462,0.926025
-0.556641,0.051147,0.733887
0.248047,-0.024658,0.979370
0.013184,-0.413452,0.762085
-0.399658,0.166260,0.841187
0.420410,-0.264038,0.956665
-0.507446,-0.017944,0.726929
0.157349,0.064209,1.017334
0.060791,-0.405029,0.791992
-0.478516,0.180908,0.825806
0.438354,-0.227417,0.984375
-0.451416,-0.066406,0.735596
0.082275,0.124756,1.014771
0.131714,-0.405518,0.822021
-0.550537,0.180786,0.808105
0.432007,-0.219727,0.984131
-0.369019,-0.154297,0.738403
0.024048,0.149414,1.007690
0.210815,-0.382812,0.864868
-0.586670,0.191650,0.800781
0.420044,-0.187988,0.988037
-0.258179,-0.239014,0.752319
-0.080688,0.165649,0.973145
0.271118,-0.380249,0.885498
-0.586670,0.131226,0.769043
0.408447,-0.117920,1.015991
-0.184814,-0.284546,0.738159
-0.180420,0.199097,0.950684
0.335083,-0.391968,0.889648
-0.582764,0.081055,0.749512
0.362305,-0.077759,1.026245
-0.113892,-0.357788,0.720337
-0.276001,0.208862,0.895752
0.371094,-0.345093,0.909668
-0.566895,0.039673,0.737793
0.314819,-0.100098,0.998169
-0.075317,-0.403687,0.726318
-0.361938,0.219971,0.865723
0.407227,-0.291382,0.935913
-0.547485,-0.019775,0.709595
0.208862,-0.018433,1.001343
0.002686,-0.432983,0.764648
-0.442383,0.209229,0.852905
0.425781,-0.267822,0.958862
-0.489502,-0.075317,0.727417
0.117188,0.064819,1.009888
0.077271,-0.396851,0.806030
-0.521118,0.175415,0.826050
0.440430,-0.220337,0.993774
-0.382080,-0.143555,0.737793
0.000244,0.181152,1.022217
0.178101,-0.381348,0.840942
-0.569214,0.154419,0.805908
0.430786,-0.193237,1.020752
-0.281494,-0.254883,0.718140
-0.090576,0.194702,0.977539
0.262329,-0.364014,0.869873
-0.601196,0.095459,0.766235
0.416992,-0.185303,1.025635
-0.180420,-0.329102,0.738159
-0.192749,0.200684,0.932373
0.323975,-0.337769,0.900391
-0.603638,0.079590,0.736694
0.383667,-0.141968,1.030762
-0.119507,-0.371338,0.732910
-0.273438,0.193848,0.904297
0.369385,-0.331909,0.908447
-0.580322,0.054565,0.724243
0.295776,-0.056519,1.011108
-0.069458,-0.401245,0.742676
-0.361816,0.199341,0.873169
0.399048,-0.303955,0.940796
-0.550537,0.018311,0.713135
0.207520,0.025879,1.010742
-0.011475,-0.388672,0.776489
-0.453125,0.190430,0.865845
0.425659,-0.285889,0.964233
-0.495728,-0.071655,0.728882
0.087769,0.098755,1.000366
0.078491,-0.399902,0.791626
-0.522705,0.188721,0.848267
0.430420,-0.240356,0.985962
-0.393188,-0.148193,0.732788
0.006592,0.158081,1.010376
0.160400,-0.390503,0.841309
-0.563721,0.127686,0.796265
0.421753,-0.204590,1.012451
-0.298096,-0.237427,0.723511
-0.063599,0.190796,0.986938
0.235596,-0.366333,0.862183
-0.600464,0.112427,0.783813
0.404419,-0.191284,1.007446
-0.214722,-0.345337,0.706421
-0.147461,0.171631,0.945923
0.289429,-0.349243,0.880981
-0.603638,0.128662,0.770630
0.391968,-0.181641,1.010254
-0.173706,-0.351074,0.718750
-0.227783,0.159180,0.922485
0.349243,-0.359497,0.901611
-0.610229,0.089600,0.733398
0.329834,-0.102661,1.001587
-0.101440,-0.377686,0.742432
-0.311401,0.165283,0.883301
0.371704,-0.332397,0.922974
-0.583618,0.032349,0.711792
0.248535,-0.060059,0.997192
-0.048340,-0.401611,0.761230
-0.401001,0.182129,0.866943
0.388794,-0.283325,0.954224
-0.541748,-0.032227,0.713867
0.177246,0.006470,0.996460
0.003784,-0.382080,0.790894
-0.474731,0.195435,0.857056
0.414185,-0.263794,0.981689
-0.491211,-0.074707,0.720093
0.094604,0.098633,1.021606
0.088013,-0.391724,0.815552
-0.542847,0.171997,0.825439
0.427368,-0.232544,0.991821
-0.392822,-0.171509,0.731201
0.009277,0.141357,1.018311
0.166016,-0.396484,0.851196
-0.580688,0.155029,0.806885
0.424438,-0.202148,1.014526
-0.303467,-0.251099,0.722290
-0.095093,0.157715,0.992432
0.263550,-0.429077,0.869263
-0.596558,0.136597,0.787598
0.386841,-0.151123,1.011841
-0.210693,-0.311157,0.716431
-0.188843,0.179199,0.949097
0.316162,-0.399902,0.903198
-0.601440,0.044678,0.742798
0.363281,-0.135986,1.023071
-0.157593,-0.353394,0.707642
-0.288086,0.213623,0.914429
0.368042,-0.352539,0.925537
-0.572144,-0.034912,0.722168
0.297974,-0.107544,1.014160
-0.119019,-0.385376,0.731689
-0.380005,0.207642,0.872681
0.401733,-0.329468,0.936035
-0.538452,-0.034790,0.730103
0.206665,-0.024780,1.021729
-0.031494,-0.404419,0.771606
-0.471558,0.208618,0.853882
0.410522,-0.306885,0.953369
-0.504761,-0.119141,0.729736
0.113037,0.030640,1.015625
0.071045,-0.430542,0.809692
-0.549927,0.205322,0.827393
0.403076,-0.229980,0.977051
-0.405518,-0.176880,0.731323
0.033569,0.095459,1.022217
0.162598,-0.435181,0.838501
-0.576660,0.156738,0.804321
0.425659,-0.198608,1.018921
-0.314697,-0.238281,0.723145
-0.082031,0.161011,0.986694
0.247681,-0.389038,0.889404
-0.580566,0.058960,0.773193
0.417358,-0.182739,1.029785
-0.243286,-0.326172,0.692017
-0.191162,0.197388,0.960205
0.325195,-0.374878,0.913086
-0.589111,0.019409,0.746704
0.363647,-0.172729,1.020752
-0.180420,-0.352539,0.711426
-0.259155,0.183960,0.933350
0.361328,-0.337402,0.930176
-0.601196,0.002930,0.730469
0.299561,-0.124023,1.018066
-0.104858,-0.385010,0.756836
-0.357422,0.187622,0.891602
0.383911,-0.301636,0.960205
-0.556641,-0.015747,0.715942
0.214355,-0.026367,1.022949
-0.034912,-0.396362,0.779663
-0.434204,0.174194,0.877075
0.410400,-0.297485,0.966187
-0.514771,-0.084473,0.698364
0.109741,0.079590,1.005005
0.063477,-0.379517,0.809082
-0.522461,0.120728,0.826172
0.442627,-0.293457,1.006592
-0.426636,-0.205078,0.710815
0.037598,0.143677,1.024170
0.143677,-0.364014,0.830078
-0.582397,0.147705,0.801880
0.450562,-0.299927,1.012695
-0.296387,-0.318481,0.728516
-0.041260,0.135864,0.990356
0.190063,-0.356445,0.852051
-0.599731,0.109497,0.767700
0.444214,-0.265137,1.012207
-0.237915,-0.337891,0.729736
-0.115479,0.145386,0.970825
0.247314,-0.368652,0.870239
-0.595337,0.097046,0.752441
0.407471,-0.220947,1.014648
-0.214478,-0.358398,0.719238
-0.182617,0.141113,0.968994
0.312988,-0.377808,0.895874
-0.587402,0.048706,0.753174
0.371216,-0.171631,1.019409
-0.180298,-0.365112,0.717896
-0.245605,0.148560,0.927246
0.349731,-0.354492,0.936523
-0.593994,0.033691,0.749512
0.348145,-0.144043,1.034424
-0.140259,-0.363159,0.741699
-0.304443,0.160034,0.913208
0.363403,-0.326660,0.945435
-0.574219,0.019775,0.737915
0.300293,-0.089844,1.041748
-0.079224,-0.388794,0.779419
-0.389282,0.183350,0.891846
0.397095,-0.322754,0.967529
-0.529663,-0.048096,0.706421
0.202759,-0.038452,1.026855
-0.016724,-0.405640,0.805176
-0.427246,0.168213,0.888428
0.407227,-0.294800,0.980591
-0.515991,-0.089478,0.716797
0.156616,0.021118,1.027222
0.047119,-0.407349,0.825439
-0.473633,0.155640,0.866943
0.418335,-0.268799,1.006836
-0.483521,-0.120850,0.714111
0.120239,0.068481,1.036255
0.093506,-0.408447,0.829834
-0.509277,0.166016,0.851074
0.441040,-0.290771,0.995361
-0.428345,-0.156982,0.743530
0.052490,0.095337,1.020752
0.134399,-0.382935,0.852539
-0.527832,0.113159,0.829468
0.456909,-0.260498,1.023682
-0.355225,-0.218750,0.744629
-0.019897,0.160522,1.027100
0.199707,-0.405151,0.865234
-0.535889,0.073975,0.799683
0.443848,-0.227783,1.032837
-0.319458,-0.259155,0.726929
-0.035889,0.135498,1.018433
0.240967,-0.412964,0.870361
-0.560425,0.079712,0.792114
0.436523,-0.221680,1.032349
-0.254639,-0.323120,0.723145
-0.105347,0.134277,0.982544
0.287231,-0.391113,0.902710
-0.561890,0.044678,0.774292
0.428345,-0.222534,1.044678
-0.218384,-0.344971,0.717529
-0.173340,0.156616,0.972412
0.330444,-0.368042,0.930542
-0.569458,0.004028,0.765137
0.415283,-0.186646,1.065186
-0.172363,-0.359985,0.740845
-0.246460,0.165405,0.952271
0.354126,-0.348022,0.939087
-0.555542,-0.004028,0.773804
0.391235,-0.167969,1.071167
-0.133667,-0.358032,0.764404
-0.306885,0.174561,0.918091
0.381348,-0.334595,0.967285
-0.543091,-0.046875,0.755981
0.331421,-0.118652,1.069580
-0.083496,-0.379028,0.780640
-0.353271,0.182617,0.907349
0.409668,-0.309570,0.979736
-0.531860,-0.060059,0.744263
0.260376,-0.071289,1.068359
0.002441,-0.436157,0.813110
-0.405151,0.174316,0.886597
0.422241,-0.287598,0.999878
-0.473877,-0.077637,0.739502
0.178711,0.016479,1.046021
0.067505,-0.404419,0.846680
-0.444824,0.154663,0.891113
0.443359,-0.259644,1.031616
-0.455811,-0.130005,0.739990
0.112915,0.075562,1.054565
0.141235,-0.416870,0.857788
-0.497803,0.114990,0.841187
0.476440,-0.259766,1.058594
-0.391724,-0.212280,0.726074
0.042114,0.121094,1.045898
0.203979,-0.404175,0.867798
-0.522339,0.087158,0.829468
0.480957,-0.258301,1.055664
-0.285767,-0.285645,0.755371
-0.037842,0.153198,1.023071
0.251587,-0.392456,0.881348
-0.522949,0.040283,0.797607
0.468628,-0.242188,1.062866
-0.210693,-0.326294,0.755371
-0.095581,0.142212,0.997803
0.295776,-0.351685,0.917969
-0.542847,0.012451,0.771484
0.454834,-0.211670,1.077026
-0.169312,-0.358521,0.744141
-0.172974,0.148193,0.977905
0.345459,-0.345337,0.936279
-0.538574,0.000610,0.766235
0.424194,-0.179321,1.083618
-0.140503,-0.347290,0.774170
-0.259033,0.185059,0.976929
0.398560,-0.350586,0.972656
-0.519897,-0.039795,0.756226
0.351685,-0.074585,1.103271
-0.079224,-0.333984,0.812134
-0.317017,0.174683,0.937256
0.431519,-0.344971,0.993896
-0.492432,-0.098389,0.755127
0.293335,-0.056519,1.093140
-0.006958,-0.336914,0.828613
-0.375977,0.180786,0.904663
0.455322,-0.267822,1.038208
-0.447998,-0.160278,0.753174
0.209839,-0.052368,1.071899
0.093994,-0.418457,0.854370
-0.448608,0.154785,0.866455
0.492920,-0.247192,1.059814
-0.388184,-0.151733,0.790161
0.109985,0.054199,1.062256
0.188232,-0.434082,0.880737
-0.486694,0.085571,0.833374
0.489868,-0.244019,1.057983
-0.297607,-0.217041,0.783936
0.012939,0.118286,1.054321
0.270874,-0.397217,0.914062
-0.509521,0.046509,0.804443
0.464722,-0.192871,1.083984
-0.192139,-0.307007,0.774414
-0.085693,0.152100,1.024658
0.333740,-0.375854,0.946655
-0.520996,-0.014404,0.788330
0.447754,-0.171753,1.109741
-0.125488,-0.355713,0.765503
-0.204712,0.193726,1.007324
0.390259,-0.327148,0.985596
-0.516479,-0.033325,0.768799
0.391724,-0.152222,1.096558
-0.059082,-0.382324,0.812988
-0.288452,0.173096,0.968506
0.450684,-0.304688,1.026123
-0.467407,-0.057861,0.771973
0.283569,-0.038086,1.094727
0.043945,-0.399048,0.853760
-0.362183,0.142334,0.932983
0.484497,-0.277222,1.068848
-0.420898,-0.125000,0.763428
0.175049,0.097412,1.105713
0.144775,-0.389648,0.895996
-0.416992,0.093750,0.900757
0.491089,-0.241211,1.086548
-0.374023,-0.187744,0.770020
0.095093,0.128906,1.085205
0.214966,-0.402588,0.905884
-0.459839,0.063599,0.864136
0.517578,-0.224731,1.107056
-0.269897,-0.241089,0.800415
0.007568,0.142578,1.067017
0.264648,-0.390137,0.915771
-0.476196,0.023682,0.828613
0.505493,-0.203003,1.117310
-0.179565,-0.348877,0.790161
-0.047607,0.168701,1.048096
0.327148,-0.369629,0.937988
-0.484009,0.005737,0.805420
0.497925,-0.214478,1.120972
-0.141846,-0.363037,0.784546
-0.125366,0.180054,1.032837
0.383179,-0.365356,0.981323
-0.492188,-0.016846,0.802002
0.458252,-0.153931,1.132324
-0.092163,-0.366089,0.796875
-0.196533,0.191284,1.014893
0.417969,-0.327637,1.013916
-0.495117,-0.066040,0.789429
0.413940,-0.130737,1.134399
-0.054443,-0.339111,0.833862
-0.268555,0.208130,0.990967
0.459839,-0.303955,1.043457
-0.480347,-0.094727,0.770386
0.359985,-0.082642,1.135010
0.019531,-0.376221,0.868286
-0.310547,0.155518,0.941406
0.473755,-0.273438,1.051880
-0.426270,-0.123413,0.773071
0.295410,-0.038818,1.117920
0.103149,-0.413574,0.881592
-0.367432,0.184814,0.937866
0.500000,-0.247681,1.080933
-0.386719,-0.143311,0.797241
0.206909,0.025513,1.111328
0.166626,-0.442261,0.903442
-0.406006,0.146851,0.909180
0.524414,-0.211182,1.104980
-0.341187,-0.199951,0.798218
0.125854,0.068481,1.090698
0.233398,-0.422485,0.933838
-0.433594,0.092651,0.878418
0.536255,-0.236816,1.108154
-0.291748,-0.228882,0.816528
0.052246,0.132324,1.092529
0.289551,-0.405029,0.939941
-0.435669,0.063110,0.864502
0.520508,-0.160278,1.124634
-0.207764,-0.254761,0.818604
-0.012207,0.145142,1.084717
0.350952,-0.425903,0.969727
-0.452759,0.012573,0.841187
0.509644,-0.133789,1.143066
-0.134033,-0.261475,0.827393
-0.088013,0.159424,1.060791
0.411133,-0.383789,1.007202
-0.458862,-0.038330,0.819214
0.468872,-0.104370,1.153564
-0.089600,-0.270142,0.834351
-0.186157,0.202759,1.035278
0.463501,-0.342773,1.045410
-0.442261,-0.122192,0.805420
0.405640,-0.052246,1.164185
-0.014526,-0.324219,0.855957
-0.272827,0.198853,0.997803
0.494019,-0.306030,1.080566
-0.415649,-0.172241,0.785889
0.342651,-0.041870,1.155518
0.084717,-0.347900,0.894775
-0.349731,0.206909,0.952759
0.520020,-0.253662,1.091553
-0.358521,-0.209106,0.795776
0.238281,0.003052,1.133423
0.190186,-0.411133,0.925171
-0.392700,0.152588,0.913818
0.537720,-0.225708,1.101685
-0.313477,-0.200317,0.807983
0.120239,0.088989,1.097290
0.295898,-0.417847,0.969727
-0.427246,0.082642,0.883911
0.545898,-0.168701,1.151733
-0.236328,-0.236084,0.818481
0.014526,0.162109,1.096436
0.362793,-0.406860,0.985596
-0.440430,0.005127,0.858521
0.522461,-0.139160,1.162720
-0.096558,-0.314697,0.838623
-0.086426,0.178101,1.062378
0.410522,-0.348267,1.018677
-0.438354,-0.048828,0.841064
0.477295,-0.110962,1.163208
-0.048584,-0.326050,0.851196
-0.174683,0.205933,1.033081
0.470703,-0.325195,1.053833
-0.441284,-0.082153,0.811523
0.412720,-0.067383,1.170044
0.013428,-0.339844,0.886719
-0.234375,0.197266,1.022949
0.506470,-0.263550,1.093750
-0.414307,-0.116943,0.800537
0.333984,-0.044434,1.138550
0.109009,-0.402832,0.903076
-0.306519,0.149292,0.963867
0.550171,-0.269043,1.123413
-0.362549,-0.191406,0.801270
0.214355,0.082153,1.132080
0.215210,-0.445068,0.923828
-0.383545,0.103027,0.931763
0.568604,-0.257446,1.142944
-0.299194,-0.249023,0.807373
0.132812,0.181396,1.152100
0.262573,-0.388184,0.950195
-0.422974,0.053223,0.883301
0.591431,-0.284668,1.155273
-0.234009,-0.297729,0.845215
0.040527,0.210205,1.113403
0.312500,-0.357300,0.946655
-0.432495,0.047852,0.857178
0.556641,-0.234497,1.140259
-0.122925,-0.362915,0.863281
-0.006104,0.179443,1.089233
0.349487,-0.359863,0.963501
-0.449585,-0.006714,0.836304
0.547485,-0.202393,1.177368
-0.047852,-0.382935,0.872314
-0.086792,0.216553,1.081665
0.410889,-0.383057,0.994019
-0.444580,-0.028076,0.836426
0.515625,-0.136108,1.181274
-0.025146,-0.339111,0.869385
-0.132568,0.216675,1.061768
0.463013,-0.326660,1.042114
-0.451416,-0.055054,0.827515
0.441284,-0.108032,1.171997
0.004639,-0.396484,0.871582
-0.194214,0.216675,1.055298
0.504028,-0.312744,1.078735
-0.449341,-0.055664,0.816284
0.398438,-0.059326,1.166260
0.066772,-0.380371,0.899658
-0.239136,0.193237,1.024658
0.511719,-0.260376,1.101807
-0.405029,-0.108398,0.817139
0.346436,-0.035645,1.154175
0.138672,-0.406128,0.929077
-0.298340,0.170288,0.976318
0.552246,-0.266724,1.130127
-0.348267,-0.177734,0.821533
0.249023,0.047852,1.144043
0.213867,-0.408691,0.939331
-0.353516,0.158081,0.944702
0.553833,-0.262939,1.118530
-0.306763,-0.228027,0.822266
0.185181,0.053589,1.129150
0.289429,-0.422119,0.969360
-0.410767,0.135498,0.896362
0.554688,-0.189575,1.139771
-0.219971,-0.217041,0.865601
0.067993,0.135132,1.109497
0.349243,-0.425659,1.000488
-0.428711,0.052368,0.868286
0.550171,-0.150635,1.167114
-0.155029,-0.230103,0.865723
-0.032593,0.216431,1.099976
0.425171,-0.395508,1.021851
-0.425781,-0.023315,0.856689
0.513428,-0.124512,1.175049
-0.020142,-0.328003,0.886719
-0.124878,0.211792,1.071411
0.465210,-0.321289,1.063965
-0.430420,-0.091553,0.818848
0.451782,-0.083984,1.182495
0.034058,-0.350220,0.894653
-0.214233,0.219360,1.045532
0.521729,-0.281616,1.108887
-0.399536,-0.099854,0.818848
0.348877,-0.011719,1.162964
0.121704,-0.387207,0.925781
-0.286865,0.183838,0.994019
0.542969,-0.247803,1.129272
-0.336182,-0.162720,0.827271
0.224731,0.060181,1.134155
0.237671,-0.441040,0.932739
-0.368652,0.108398,0.924438
0.579102,-0.246948,1.149414
-0.266235,-0.206665,0.850342
0.100220,0.155762,1.117676
0.325317,-0.394165,0.974365
-0.406616,0.059204,0.888306
0.556641,-0.192261,1.161621
-0.158325,-0.276733,0.873657
0.001099,0.190674,1.096802
0.394531,-0.367188,1.010254
-0.451538,0.024658,0.853394
0.515869,-0.153564,1.170776
-0.006714,-0.357910,0.895508
-0.082153,0.203369,1.089478
0.430664,-0.317505,1.030640
-0.441040,-0.011963,0.830078
0.475342,-0.101929,1.185547
0.031860,-0.387817,0.888428
-0.175415,0.188477,1.061279
0.485352,-0.291260,1.081299
-0.419678,-0.068726,0.827148
0.390625,-0.023193,1.159302
0.094238,-0.399536,0.917725
-0.269409,0.173096,1.021606
0.552734,-0.275757,1.141479
-0.375610,-0.171997,0.792480
0.276489,0.074219,1.151123
0.195312,-0.411011,0.941406
-0.332397,0.149170,0.983887
0.574097,-0.269531,1.154297
-0.345459,-0.221436,0.816040
0.203857,0.095215,1.131104
0.269897,-0.402466,0.965332
-0.379883,0.102173,0.910767
0.570312,-0.247681,1.139160
-0.272705,-0.254395,0.820923
0.138794,0.112061,1.110107
0.322266,-0.413574,0.983887
-0.415649,0.094238,0.869141
0.562012,-0.198364,1.154541
-0.215210,-0.265747,0.848022
0.062988,0.129395,1.099731
0.347778,-0.401733,0.984497
-0.417603,0.064575,0.881714
0.554077,-0.165283,1.164917
-0.166870,-0.249023,0.873779
-0.023926,0.192139,1.093384
0.404541,-0.406250,1.011841
-0.421143,0.013916,0.856201
0.524536,-0.114502,1.177490
-0.083374,-0.280762,0.880493
-0.072632,0.199707,1.088501
0.449951,-0.385620,1.021729
-0.443970,-0.019409,0.838013
0.475586,-0.093506,1.174194
0.023560,-0.338135,0.904175
-0.136108,0.215698,1.072144
0.476196,-0.335083,1.059326
-0.433472,-0.046265,0.836304
0.446045,-0.066528,1.170898
0.052734,-0.345215,0.890381
-0.219360,0.211548,1.046387
0.523926,-0.312622,1.102905
-0.386597,-0.131226,0.827271
0.349731,-0.018799,1.151978
0.109497,-0.357056,0.914062
-0.296021,0.187256,0.992188
0.563721,-0.253784,1.140991
-0.352051,-0.186523,0.806274
0.236328,0.048096,1.122070
0.223267,-0.426025,0.937988
-0.342163,0.091064,0.903931
0.558960,-0.221313,1.138428
-0.279297,-0.190308,0.836914
0.119507,0.129395,1.105713
0.316650,-0.456543,0.965698
-0.423828,0.064819,0.869141
0.556030,-0.218994,1.143066
-0.185669,-0.257935,0.857056
0.005859,0.228027,1.101685
0.385742,-0.396606,0.999023
-0.482788,-0.025635,0.783081
0.391357,-0.116699,1.090942
-0.064819,-0.303833,0.880615
-0.204590,0.166992,0.992065
0.458374,-0.322266,1.020508
-0.462769,-0.067505,0.771973
0.315918,-0.064697,1.063354
0.092896,-0.457397,0.847168
-0.300781,0.128784,0.927002
0.506592,-0.307983,1.058716
-0.410278,-0.114136,0.779785
0.202637,0.052490,1.076538
0.168945,-0.421997,0.882080
-0.370239,0.098999,0.894043
0.526489,-0.308350,1.075562
-0.370605,-0.196167,0.773560
0.122437,0.086914,1.057495
0.251343,-0.453125,0.888306
-0.423706,0.088013,0.837646
0.513062,-0.271240,1.062988
-0.288818,-0.251587,0.790283
0.020386,0.130859,1.043945
0.328613,-0.463135,0.930664
-0.480469,0.067139,0.794922
0.476562,-0.202271,1.075195
-0.198608,-0.256470,0.832642
-0.052368,0.157959,1.036011
0.354736,-0.449707,0.932251
-0.496094,0.017090,0.784912
0.452637,-0.152588,1.089233
-0.091187,-0.283447,0.856689
-0.136597,0.204468,1.028687
0.407471,-0.434692,0.973999
-0.492188,-0.043701,0.769287
0.408813,-0.129028,1.078491
-0.006104,-0.346802,0.843994
-0.221191,0.208862,0.989136
0.455078,-0.400024,0.987061
-0.461060,-0.095947,0.775391
0.332031,-0.061768,1.071655
0.076050,-0.414062,0.838989
-0.282227,0.150146,0.932251
0.483398,-0.351562,1.025757
-0.432617,-0.124756,0.779175
0.261475,-0.051147,1.040283
0.102783,-0.425049,0.839233
-0.335327,0.120972,0.903809
0.499023,-0.302490,1.042114
-0.415161,-0.179199,0.753540
0.157715,0.019653,1.033813
0.192993,-0.466553,0.854126
-0.408203,0.097656,0.840454
0.508301,-0.271362,1.062134
-0.342407,-0.228516,0.754761
0.048096,0.092896,1.027588
0.274780,-0.486450,0.874268
-0.455566,0.043091,0.794189
0.490601,-0.239868,1.051880
-0.245117,-0.222900,0.811890
-0.055542,0.160034,1.031616
0.327759,-0.463989,0.918945
-0.499390,0.012817,0.775146
0.460571,-0.188232,1.067139
-0.133179,-0.275635,0.834473
-0.155396,0.223877,1.023926
0.381226,-0.430420,0.949829
-0.495605,-0.029785,0.768677
0.406250,-0.142822,1.074463
-0.000854,-0.380005,0.840332
-0.225220,0.190430,0.967529
0.416504,-0.370117,0.970947
-0.467407,-0.103394,0.760986
0.324341,-0.101929,1.047974
0.073730,-0.462402,0.817139
-0.301758,0.166016,0.925903
0.474121,-0.332031,1.003540
-0.456665,-0.100830,0.755249
0.213135,-0.016479,1.028564
0.118408,-0.467651,0.816284
-0.368408,0.098389,0.870483
0.500000,-0.308594,1.029541
-0.407715,-0.150513,0.766113
0.087524,0.096313,1.020874
0.222534,-0.476929,0.862671
-0.443237,0.029053,0.802124
0.497314,-0.268799,1.065430
-0.301270,-0.236450,0.771851
-0.019897,0.154053,1.023071
0.289917,-0.463501,0.878906
-0.495728,0.012207,0.764160
0.472168,-0.222046,1.069580
-0.190430,-0.282104,0.800171
-0.096558,0.201782,1.021973
0.333008,-0.408325,0.923950
-0.525513,0.018799,0.776733
0.428223,-0.208252,1.050903
-0.066895,-0.365479,0.820557
-0.164551,0.197510,1.007568
0.377319,-0.373169,0.949463
-0.495850,-0.003418,0.766479
0.369873,-0.134155,1.043335
0.008911,-0.388306,0.842651
-0.221558,0.143921,0.953247
0.426758,-0.360840,0.977905
-0.492188,-0.062988,0.758423
0.278320,-0.059570,1.029297
0.075806,-0.478516,0.802368
-0.299561,0.126221,0.914185
0.465698,-0.343018,0.997681
-0.465576,-0.105713,0.755249
0.218140,-0.024292,1.021606
0.119385,-0.458130,0.818237
-0.375977,0.116943,0.855835
0.477905,-0.320923,1.005859
-0.416992,-0.162354,0.769043
0.151123,0.008423,1.021362
0.152954,-0.457642,0.827148
-0.425171,0.105347,0.809692
0.478638,-0.269287,1.018311
-0.359741,-0.145630,0.775269
0.065308,0.070557,1.024902
0.239502,-0.501709,0.851440
-0.481812,0.056519,0.770996
0.461548,-0.229126,1.017944
-0.287964,-0.210815,0.796631
-0.029907,0.133789,1.024536
0.297119,-0.506104,0.893311
-0.522583,0.025391,0.744873
0.447144,-0.205811,1.036011
-0.188354,-0.234741,0.812744
-0.119629,0.188232,1.005127
0.359863,-0.422607,0.948242
-0.526245,-0.014771,0.762085
0.380249,-0.156250,1.030884
-0.076904,-0.367432,0.798340
-0.168701,0.164917,0.977173
0.402466,-0.397583,0.960571
-0.535034,-0.027466,0.752197
0.330200,-0.115845,1.021851
0.027466,-0.453491,0.793945
-0.260498,0.140381,0.909546
0.449585,-0.363403,0.978882
-0.490845,-0.047119,0.759155
0.237305,-0.027588,1.013428
0.089233,-0.459351,0.792969
-0.339600,0.098999,0.862305
0.457275,-0.337036,0.983765
-0.454712,-0.120117,0.756714
0.156982,-0.001831,1.005615
0.127563,-0.468872,0.813721
-0.437622,0.088989,0.804565
0.484619,-0.257690,1.034180
-0.359985,-0.215820,0.748901
0.025879,0.112549,1.017944
0.224121,-0.491455,0.833740
-0.492065,0.040283,0.758667
0.483643,-0.266479,1.037476
-0.272827,-0.227783,0.790039
-0.076294,0.203491,1.010620
0.295166,-0.385620,0.909912
-0.531006,0.008423,0.745850
0.437622,-0.244751,1.038208
-0.134644,-0.297363,0.812988
-0.150146,0.220947,1.007568
0.347290,-0.411133,0.928833
-0.535645,-0.024170,0.754028
0.393188,-0.167847,1.038086
-0.044189,-0.383911,0.795532
-0.232422,0.201294,0.949097
0.385986,-0.391479,0.930054
-0.505249,-0.043457,0.759033
0.336792,-0.117798,1.024170
0.028198,-0.453857,0.786987
-0.287231,0.143433,0.887573
0.420166,-0.343750,0.956665
-0.487305,-0.090088,0.745605
0.259766,-0.058594,1.017212
0.062134,-0.486816,0.779419
-0.359497,0.139893,0.867798
0.456177,-0.339844,0.967651
-0.469116,-0.093384,0.755127
0.186401,-0.010864,1.018311
0.105713,-0.476929,0.801147
-0.423828,0.115479,0.810425
0.470825,-0.292969,1.002563
-0.413452,-0.161987,0.755005
0.085815,0.061890,1.004150
0.164429,-0.475342,0.817993
-0.452515,0.061523,0.778687
0.470215,-0.251465,1.015503
-0.358276,-0.155762,0.769409
-0.002197,0.117188,1.006836
0.258057,-0.510864,0.846924
-0.508667,0.009155,0.734985
0.450928,-0.213013,1.026733
-0.258545,-0.203247,0.773926
-0.090942,0.192749,1.003906
0.315796,-0.457642,0.901001
-0.525269,-0.006836,0.760376
0.419922,-0.187378,1.032959
-0.160767,-0.302246,0.777222
-0.149414,0.203369,0.980957
0.357056,-0.378662,0.933228
-0.547607,0.014771,0.759521
0.394287,-0.173218,1.031128
-0.028687,-0.390137,0.805786
-0.233398,0.197632,0.939941
0.387817,-0.369995,0.927246
-0.528687,-0.038940,0.743042
0.328247,-0.117920,1.006836
0.030029,-0.439575,0.790161
-0.294556,0.165283,0.885986
0.418335,-0.344238,0.955200
-0.500732,-0.104126,0.742798
0.263794,-0.082642,1.006958
0.049316,-0.439575,0.773926
-0.353149,0.130127,0.846069
0.466553,-0.326660,0.981079
-0.471069,-0.103760,0.750366
0.156250,-0.014771,0.993164
0.099731,-0.488647,0.777954
-0.403442,0.110107,0.804443
0.464844,-0.250366,1.007324
-0.407227,-0.115967,0.763184
0.084351,0.062378,1.008789
0.147461,-0.473877,0.801025
-0.489868,0.080078,0.768799
0.484741,-0.272827,1.010010
-0.330811,-0.191772,0.777222
-0.020752,0.133423,1.013672
0.232422,-0.460815,0.841797
-0.538940,0.073608,0.740356
0.469727,-0.262939,1.010986
-0.202393,-0.232788,0.804810
-0.113892,0.198730,0.994263
0.303833,-0.374023,0.910767
-0.566895,0.077271,0.761353
0.423340,-0.202637,1.019653
-0.080688,-0.338745,0.815186
-0.190186,0.171753,0.958252
0.341431,-0.387451,0.912598
-0.551025,0.008911,0.747314
0.372681,-0.133179,1.031128
-0.004395,-0.407471,0.794067
-0.270508,0.179565,0.923950
0.396851,-0.369263,0.935791
-0.533691,-0.029663,0.729614
0.291016,-0.084717,0.997070
0.061523,-0.440186,0.791626
-0.312256,0.140869,0.872437
0.425781,-0.329956,0.960083
-0.510986,-0.077271,0.728516
0.207153,-0.041626,0.984497
0.085938,-0.504761,0.762817
-0.369141,0.126953,0.840332
0.451782,-0.276489,0.988403
-0.476318,-0.074829,0.742188
0.125244,0.032349,0.998291
0.121826,-0.488281,0.787354
-0.445435,0.076416,0.792969
0.473145,-0.284424,0.996338
-0.406616,-0.131226,0.752930
0.021240,0.140015,1.003662
0.202881,-0.443115,0.832886
-0.510742,0.083008,0.772339
0.468506,-0.271118,1.009888
-0.302734,-0.199829,0.776489
-0.046265,0.181152,0.997803
0.247681,-0.400146,0.867676
-0.564453,0.059204,0.734863
0.457642,-0.265381,1.009766
-0.177368,-0.263672,0.813721
-0.119995,0.191406,0.977539
0.287964,-0.354248,0.885010
-0.564209,0.117432,0.763672
0.421509,-0.228760,1.000610
-0.082520,-0.332764,0.817261
-0.182251,0.164551,0.953857
0.354736,-0.391113,0.917603
-0.565063,0.064819,0.747070
0.361938,-0.113037,1.011841
-0.013916,-0.391846,0.793945
-0.250122,0.161011,0.914185
0.390503,-0.357544,0.934814
-0.538940,-0.022827,0.738403
0.291626,-0.084229,0.985107
0.016113,-0.440796,0.765259
-0.304932,0.130981,0.860962
0.429565,-0.317017,0.976318
-0.500854,-0.084961,0.735474
0.223145,-0.016479,1.005005
0.058594,-0.438477,0.770264
-0.391968,0.127686,0.819946
0.455444,-0.301270,0.976685
-0.472412,-0.126099,0.734131
0.173340,0.013672,1.014771
0.087769,-0.441406,0.784546
-0.458496,0.156006,0.794800
0.462402,-0.267700,0.992920
-0.416138,-0.157715,0.744141
0.103149,0.049316,1.010620
0.124390,-0.453613,0.802490
-0.489746,0.134277,0.783569
0.466187,-0.248535,0.990601
-0.382080,-0.132568,0.765869
0.040283,0.112549,1.015869
0.182007,-0.471191,0.822876
-0.527100,0.121338,0.766357
0.472534,-0.225952,1.009033
-0.325928,-0.174561,0.770020
-0.042603,0.144043,0.998901
0.238770,-0.460449,0.855713
-0.544434,0.063599,0.734131
0.460083,-0.220703,1.007935
-0.245728,-0.218750,0.772705
-0.115723,0.193726,0.985352
0.298462,-0.438354,0.886597
-0.548096,0.035400,0.748291
0.426392,-0.165283,1.032593
-0.160522,-0.273315,0.779541
-0.163818,0.192749,0.954102
0.338989,-0.422241,0.896484
-0.562500,0.030762,0.751953
0.395630,-0.138672,1.035767
-0.077515,-0.354980,0.763184
-0.212646,0.190674,0.921997
0.373657,-0.350342,0.926147
-0.549072,-0.004639,0.746094
0.343628,-0.128418,1.003418
-0.005249,-0.417480,0.769409
-0.289429,0.172607,0.875854
0.403442,-0.319336,0.954712
-0.538208,-0.047241,0.731323
0.273682,-0.096802,0.987671
0.033936,-0.466919,0.758667
-0.355347,0.134888,0.845093
0.439941,-0.307983,0.958740
-0.503784,-0.045654,0.741455
0.164551,0.018799,0.990356
0.093140,-0.469238,0.780640
-0.423706,0.114746,0.811646
0.442261,-0.255249,0.983276
-0.452271,-0.101318,0.748779
0.085083,0.077881,1.002563
0.147339,-0.457275,0.806274
-0.510620,0.140015,0.788208
0.457764,-0.243286,0.990601
-0.344971,-0.140869,0.765625
-0.019165,0.174438,1.009766
0.217896,-0.452148,0.847900
-0.555542,0.059326,0.752075
0.460327,-0.246216,1.009888
-0.241577,-0.240234,0.773193
-0.108154,0.236572,0.987061
0.293335,-0.370605,0.885620
-0.563110,0.053955,0.753418
0.417603,-0.225586,1.008423
-0.127075,-0.328003,0.785156
-0.167725,0.209106,0.947998
0.334717,-0.313354,0.918457
-0.568604,0.063721,0.755127
0.369263,-0.169678,1.004761
-0.041504,-0.419556,0.783936
-0.232544,0.166626,0.899658
0.370117,-0.287964,0.931396
-0.550293,0.042358,0.744385
0.308472,-0.072266,1.007935
0.007446,-0.433350,0.762207
-0.319946,0.148560,0.860229
0.423828,-0.298340,0.952759
-0.505981,0.002808,0.754272
0.200317,0.039429,0.993652
0.040039,-0.421387,0.762939
-0.394409,0.125366,0.821045
0.459717,-0.314087,0.965698
-0.478760,-0.053833,0.754028
0.124023,0.091064,1.014893
0.099365,-0.422363,0.797974
-0.465332,0.119141,0.788330
0.450439,-0.251465,0.987549
-0.417969,-0.126587,0.745605
0.053345,0.106689,0.998779
0.179688,-0.433594,0.824585
-0.529785,0.127808,0.766479
0.435425,-0.190308,0.996216
-0.307617,-0.180664,0.767578
-0.036621,0.161499,1.001709
0.243408,-0.446777,0.856079
-0.558350,0.077148,0.753174
0.430420,-0.181274,1.005859
-0.212646,-0.212280,0.769165
-0.118652,0.219971,0.977295
0.319580,-0.387329,0.899536
-0.572876,0.058105,0.760498
0.417847,-0.174561,1.017700
-0.128906,-0.303711,0.767090
-0.212524,0.193726,0.922607
0.370483,-0.377930,0.920044
-0.551880,0.022461,0.756958
0.355957,-0.084839,1.033203
-0.051025,-0.379517,0.753540
-0.293823,0.201660,0.877563
0.404419,-0.361450,0.929810
-0.536499,-0.032104,0.754028
0.283081,-0.071045,0.996826
0.011963,-0.413818,0.765503
-0.368042,0.162598,0.827515
0.434326,-0.295044,0.957886
-0.498535,-0.072632,0.729004
0.189575,-0.003662,1.010254
0.076660,-0.460693,0.773193
-0.450928,0.161133,0.807861
0.450073,-0.267334,0.976074
-0.429688,-0.095703,0.768188
0.083618,0.085693,1.007324
0.127319,-0.429321,0.806641
-0.507935,0.141357,0.785156
0.450195,-0.221558,0.978516
-0.341919,-0.161255,0.750610
-0.010010,0.145996,0.996948
0.228882,-0.426270,0.851929
-0.559814,0.106445,0.752930
0.452393,-0.174438,1.011719
-0.225708,-0.218140,0.775757
-0.115234,0.177979,0.963135
0.302612,-0.399292,0.892212
-0.575562,0.069580,0.741577
0.394165,-0.100586,1.033691
-0.093750,-0.342529,0.766846
-0.207520,0.180664,0.925537
0.365234,-0.385986,0.905396
-0.564453,0.045532,0.754883
0.321533,-0.055176,1.000977
-0.020020,-0.395142,0.762939
-0.312866,0.180664,0.864502
0.413208,-0.347046,0.932129
-0.528442,-0.018188,0.739746
0.232666,-0.039062,0.976807
0.039673,-0.416138,0.767090
-0.392456,0.179688,0.833252
0.440430,-0.245728,0.975952
-0.466919,-0.065918,0.759766
0.122437,0.047729,1.010376
0.092285,-0.446777,0.793091
-0.482300,0.141968,0.798706
0.444336,-0.195923,0.993286
-0.374390,-0.139648,0.751831
0.006348,0.148804,1.009155
0.207886,-0.449707,0.837524
-0.546021,0.092163,0.770996
0.441406,-0.174438,1.020020
-0.237915,-0.210938,0.755127
-0.127808,0.225342,0.969971
0.308838,-0.374023,0.901611
-0.581665,0.036987,0.745972
0.406494,-0.148804,1.019897
-0.097900,-0.318481,0.771973
-0.239868,0.218384,0.898682
0.376465,-0.332397,0.919800
-0.550659,0.024780,0.756836
0.312744,-0.078003,1.004272
-0.010498,-0.425415,0.760376
-0.326782,0.170776,0.855835
0.406250,-0.288940,0.943726
-0.513306,-0.035278,0.740356
0.208984,-0.004150,1.001099
0.069458,-0.454956,0.770996
-0.434692,0.168213,0.820557
0.429688,-0.227661,0.972168
-0.437866,-0.074951,0.755493
0.079346,0.107056,1.005127
0.138184,-0.425659,0.814209
-0.533691,0.130249,0.788940
0.448120,-0.201172,1.003418
-0.321655,-0.154175,0.762695
-0.033447,0.184692,1.002319
0.240723,-0.389526,0.876099
-0.583252,0.084717,0.749268
0.435913,-0.204956,1.009277
-0.157959,-0.271973,0.769775
-0.144043,0.238525,0.960083
0.315674,-0.321655,0.889771
-0.586182,0.085205,0.755859
0.377686,-0.164551,1.005249
-0.076782,-0.410522,0.758179
-0.224976,0.158936,0.899780
0.368286,-0.293335,0.926636
-0.576050,0.043213,0.729248
0.299438,-0.091309,0.988159
0.004639,-0.430542,0.768066
-0.325195,0.146240,0.869385
0.408691,-0.263550,0.940430
-0.527222,0.036987,0.732178
0.171021,0.054321,0.991333
0.071655,-0.439209,0.779663
-0.444702,0.149658,0.820801
0.437134,-0.257446,0.967896
-0.447998,-0.101807,0.746460
0.075562,0.143188,1.011353
0.141357,-0.405029,0.808594
-0.544678,0.128296,0.794800
0.461548,-0.247559,1.011230
-0.327026,-0.181885,0.751587
-0.043457,0.213013,0.997070
0.230469,-0.376709,0.854370
-0.579346,0.100220,0.766724
0.452637,-0.205811,1.020630
-0.181885,-0.291626,0.756592
-0.133545,0.197998,0.953735
0.296265,-0.347900,0.885620
-0.587891,0.070923,0.738403
0.406128,-0.159058,1.031006
-0.076538,-0.364380,0.769531
-0.224121,0.189331,0.904541
0.335083,-0.294189,0.905151
-0.562744,0.074707,0.745239
0.350220,-0.105225,1.002319
-0.017822,-0.408691,0.771606
-0.325562,0.189453,0.858276
0.403076,-0.303955,0.928345
-0.539917,-0.005127,0.731812
0.230469,-0.038208,0.980103
0.039429,-0.409790,0.784912
-0.406006,0.169556,0.829834
0.421265,-0.255493,0.960693
-0.488770,-0.075073,0.728149
0.137329,0.060791,1.014771
0.093384,-0.408691,0.803833
-0.491699,0.160400,0.812134
0.457520,-0.211792,1.000000
-0.367920,-0.146118,0.757935
-0.004395,0.162842,0.998901
0.187744,-0.393677,0.844238
-0.552856,0.114136,0.774048
0.450562,-0.191284,1.020630
-0.227539,-0.227173,0.771118
-0.129028,0.212158,0.963135
0.297485,-0.372925,0.883179
-0.582886,0.075806,0.756714
0.410645,-0.158569,1.013062
-0.111450,-0.347168,0.752075
-0.225098,0.198120,0.907227
0.355957,-0.315308,0.921997
-0.552490,0.022827,0.742065
0.332031,-0.071777,1.012573
-0.042114,-0.401245,0.742188
-0.328857,0.192505,0.871460
0.415039,-0.322388,0.937622
-0.532715,-0.035889,0.731201
0.214600,-0.007690,0.991211
0.026733,-0.413818,0.763428
-0.432129,0.189087,0.829590
0.442871,-0.270996,0.967163
-0.465820,-0.090088,0.749146
0.098267,0.071899,1.003662
0.112183,-0.398438,0.814453
-0.499390,0.148071,0.811768
0.434814,-0.191772,0.998169
-0.352783,-0.166260,0.746704
-0.024536,0.156250,1.002441
0.240845,-0.421631,0.857910
-0.580200,0.145874,0.785889
0.427002,-0.158569,1.015015
-0.178711,-0.278320,0.758179
-0.167114,0.205322,0.949219
0.323486,-0.361084,0.895386
-0.581543,0.058350,0.747803
0.384033,-0.130615,1.018921
-0.078857,-0.384644,0.734131
-0.286743,0.215942,0.889038
0.380615,-0.318115,0.920654
-0.546387,0.005859,0.730835
0.274170,-0.059204,0.998779
-0.007935,-0.440430,0.741943
-0.384033,0.181519,0.836548
0.419312,-0.259766,0.960815
-0.498901,-0.050415,0.732544
0.148804,0.060547,1.006104
0.079102,-0.399170,0.799072
-0.482056,0.141357,0.812256
0.434570,-0.236816,0.975464
-0.404541,-0.108276,0.754517
0.044067,0.171143,1.021851
0.169312,-0.392456,0.827881
-0.558716,0.123291,0.789551
0.436646,-0.192383,1.019287
-0.272827,-0.238403,0.733887
-0.064087,0.193970,0.989868
0.262695,-0.377319,0.870605
-0.598022,0.110474,0.764404
0.431030,-0.166626,1.022949
-0.167358,-0.317139,0.739990
-0.154175,0.178467,0.936523
0.334717,-0.329590,0.912354
-0.599365,0.080444,0.744751
0.367920,-0.124512,1.018066
-0.079834,-0.376831,0.749268
-0.294067,0.196045,0.882812
0.397583,-0.334351,0.934937
-0.538086,0.011597,0.751831
0.278931,-0.044556,0.999512
-0.027588,-0.385620,0.748901
-0.388550,0.204590,0.840698
0.425537,-0.292114,0.951538
-0.485962,-0.072021,0.735107
0.162598,0.045898,1.010742
0.040527,-0.406860,0.779907
-0.488403,0.198608,0.822388
0.435425,-0.247559,0.970947
-0.386108,-0.137939,0.763428
0.061401,0.114990,1.010742
0.135254,-0.365967,0.832642
-0.550903,0.184204,0.781494
0.432983,-0.191895,0.997803
-0.270630,-0.234497,0.760254
-0.055420,0.151489,0.999268
0.251709,-0.399658,0.879150
-0.599609,0.120483,0.754028
0.408936,-0.121948,1.022827
-0.160645,-0.291992,0.748291
-0.180542,0.204468,0.943359
0.345093,-0.356079,0.907837
-0.593872,0.071655,0.757812
0.343994,-0.104614,1.009888
-0.078125,-0.394897,0.724121
-0.286499,0.201538,0.891602
0.396484,-0.309692,0.919800
-0.551025,0.035522,0.739990
0.231079,-0.044312,0.962891
-0.002319,-0.409790,0.767578
-0.394897,0.152710,0.849365
0.428467,-0.256104,0.973145
-0.489990,-0.059204,0.732422
0.113037,0.122559,1.017944
0.070801,-0.399902,0.781616
-0.504517,0.160889,0.822388
0.454834,-0.238037,0.997437
-0.376709,-0.104980,0.758179
0.030518,0.185425,1.017944
0.136963,-0.384521,0.802856
-0.582397,0.143066,0.758667
0.479126,-0.241577,1.019775
-0.282471,-0.227417,0.742798
-0.070190,0.218628,0.988647
0.237061,-0.375244,0.854370
-0.594482,0.135132,0.763794
0.459229,-0.212402,1.015747
-0.231445,-0.263916,0.738037
-0.123535,0.216187,0.962524
0.318237,-0.354370,0.897949
-0.590698,0.115479,0.765015
0.414185,-0.163574,1.013550
-0.158447,-0.313599,0.748169
-0.192627,0.184448,0.919556
0.346802,-0.346558,0.906616
-0.579224,0.095459,0.755005
0.374512,-0.092041,1.014526
-0.104614,-0.314209,0.750977
-0.267822,0.179077,0.885376
0.378296,-0.369019,0.921997
-0.581543,0.054688,0.748657
0.320679,-0.047974,1.018311
-0.078247,-0.373413,0.738770
-0.304443,0.187622,0.876099
0.396729,-0.326660,0.932983
-0.559082,0.033936,0.726562
0.264282,-0.027100,0.996460
-0.034790,-0.385132,0.755737
-0.367188,0.168457,0.851440
0.436768,-0.307129,0.963379
-0.453735,-0.109131,0.729126
0.062866,0.145874,1.018555
-0.009888,-0.369263,0.753174
-0.548462,0.137329,0.812622
0.451660,-0.301270,0.984863
-0.403442,-0.186279,0.718750
0.011353,0.161865,1.017578
0.142456,-0.388672,0.820801
-0.585449,0.163574,0.807739
0.430664,-0.246338,0.993042
-0.326294,-0.248047,0.726685
-0.035400,0.136108,0.983887
0.214966,-0.413696,0.853271
-0.609741,0.165649,0.787842
0.394775,-0.178955,0.996094
-0.256714,-0.298096,0.719360
-0.115601,0.156616,0.977295
0.284912,-0.433838,0.881348
-0.616699,0.126099,0.781738
0.377441,-0.132446,1.005493
-0.200439,-0.327148,0.702759
-0.197266,0.168823,0.948364
0.327637,-0.375854,0.909668
-0.596436,0.062988,0.742065
0.357422,-0.098267,1.025757
-0.175903,-0.340820,0.700195
-0.272095,0.175049,0.918945
0.359009,-0.363159,0.917725
-0.595093,0.035400,0.735840
0.307495,-0.101440,1.010986
-0.121338,-0.387573,0.726685
-0.359375,0.221436,0.889038
0.393677,-0.321411,0.940674
-0.560547,0.001343,0.723755
0.228760,-0.040527,1.010132
-0.047363,-0.398315,0.764160
-0.445435,0.212036,0.870728
0.413208,-0.299316,0.958008
-0.508789,-0.063843,0.729492
0.127441,0.055664,1.018555
0.029907,-0.409058,0.793823
-0.528198,0.220459,0.825562
0.430176,-0.271851,0.976074
-0.417358,-0.138306,0.750122
0.045410,0.079834,1.008179
0.128052,-0.426392,0.828613
-0.582275,0.170532,0.800293
0.420776,-0.200317,0.998047
-0.301392,-0.235352,0.743896
-0.056641,0.151245,0.986450
0.213013,-0.404785,0.859131
-0.607544,0.100220,0.755981
0.403076,-0.190186,1.003418
-0.228516,-0.325195,0.706543
-0.134521,0.181885,0.981812
0.301025,-0.364136,0.905518
-0.642822,0.093628,0.739624
0.368408,-0.187622,0.997803
-0.160767,-0.380615,0.713867
-0.212036,0.153931,0.939575
0.327881,-0.314209,0.921265
-0.616211,0.081421,0.746338
0.307861,-0.135132,0.998901
-0.104614,-0.395508,0.741943
-0.342163,0.171021,0.889160
0.396484,-0.331177,0.947266
-0.579102,0.019775,0.693481
0.207886,-0.027100,0.987427
-0.020630,-0.403931,0.773438
-0.439209,0.188599,0.881348
0.408447,-0.313843,0.963623
-0.540283,-0.068604,0.692627
0.125244,0.061646,1.000244
0.052368,-0.386841,0.802979
-0.530029,0.185181,0.858765
0.434570,-0.307983,0.984375
-0.457153,-0.135620,0.714722
0.050415,0.127197,1.005005
0.108521,-0.379761,0.814331
-0.568726,0.156494,0.806641
0.437744,-0.285645,0.985229
-0.349731,-0.266846,0.717773
-0.007935,0.126953,0.992310
0.167603,-0.383667,0.835327
-0.595459,0.151001,0.774170
0.432373,-0.273193,0.990967
-0.277710,-0.291138,0.731323
-0.095215,0.116455,0.960205
0.242920,-0.399414,0.854858
-0.596069,0.133179,0.768311
0.410767,-0.167480,1.013550
-0.223999,-0.292358,0.724609
-0.166016,0.156494,0.959961
0.291382,-0.395020,0.900391
-0.605713,0.047241,0.748779
0.383179,-0.163818,1.022461
-0.183228,-0.337891,0.716309
-0.253906,0.204834,0.934814
0.348022,-0.358765,0.915161
-0.597778,0.008545,0.721924
0.333984,-0.110840,1.024048
-0.120850,-0.367065,0.732178
-0.344238,0.188843,0.876221
0.387207,-0.342529,0.928711
-0.577881,-0.026367,0.709106
0.271729,-0.073730,1.020874
-0.075806,-0.404785,0.743164
-0.427002,0.215820,0.879761
0.401367,-0.294189,0.955811
-0.530518,-0.047241,0.729858
0.157227,0.036133,1.023193
0.026245,-0.402588,0.800781
-0.502563,0.195923,0.856445
0.420044,-0.271362,0.978271
-0.469360,-0.112061,0.722412
0.065552,0.098511,1.005737
0.124390,-0.404907,0.827637
-0.557129,0.166016,0.821289
0.422729,-0.214966,1.011719
-0.353027,-0.207275,0.728516
-0.026733,0.152954,1.009399
0.198120,-0.391113,0.857056
-0.578491,0.091675,0.778320
0.415894,-0.192139,1.019775
-0.266357,-0.298706,0.709961
-0.118286,0.169678,0.969727
0.273560,-0.380859,0.887207
-0.611694,0.065674,0.741455
0.401245,-0.178833,1.030518
-0.207520,-0.369507,0.685669
-0.210815,0.156006,0.943970
0.336426,-0.362549,0.918579
-0.603149,0.065063,0.765015
0.353760,-0.157959,1.014648
-0.148315,-0.377075,0.727173
-0.302490,0.174805,0.897827
0.364258,-0.340820,0.931641
-0.587769,0.017700,0.724365
0.277954,-0.083008,1.007568
-0.070801,-0.392212,0.758545
-0.397827,0.201416,0.884277
0.399536,-0.316772,0.953857
-0.560303,-0.008545,0.718994
0.184204,0.001953,1.002808
-0.004028,-0.394287,0.794678
-0.476074,0.177856,0.858154
0.408813,-0.289551,0.973267
-0.486206,-0.096069,0.713135
0.104614,0.103638,1.017822
0.065552,-0.355103,0.819092
-0.558105,0.145630,0.808716
0.440918,-0.297852,0.997437
-0.420410,-0.185181,0.713989
0.027710,0.149536,1.017212
0.126465,-0.362915,0.808838
-0.555786,0.137329,0.817505
0.440308,-0.241699,1.023315
-0.330688,-0.271729,0.712646
-0.026855,0.154663,0.997437
0.179565,-0.381958,0.832153
-0.590698,0.109131,0.765991
0.454224,-0.256470,1.018555
-0.270142,-0.317749,0.721191
-0.088135,0.138550,0.966553
0.219727,-0.351196,0.867065
-0.598267,0.133179,0.752441
0.432373,-0.208252,1.023193
-0.237793,-0.324951,0.725464
-0.140015,0.109619,0.966431
0.280273,-0.437622,0.862549
-0.608154,0.099487,0.760254
0.390869,-0.134277,1.024414
-0.216187,-0.317383,0.702271
-0.197144,0.160767,0.964722
0.327393,-0.422119,0.901123
-0.593750,0.055786,0.745728
0.380127,-0.119629,1.034424
-0.190674,-0.314453,0.714233
-0.271240,0.178955,0.925781
0.363159,-0.405762,0.923584
-0.600708,-0.001221,0.728149
0.319336,-0.118774,1.015503
-0.130737,-0.346802,0.731445
-0.342163,0.210449,0.889404
0.395630,-0.349365,0.943237
-0.577515,-0.033447,0.716675
0.254150,-0.088379,1.012207
-0.077515,-0.395264,0.757202
-0.417969,0.219727,0.871582
0.426514,-0.314941,0.966675
-0.532593,-0.039673,0.732300
0.151367,-0.003052,1.004761
0.003418,-0.392334,0.797241
-0.493652,0.181274,0.846436
0.437012,-0.297485,0.993408
-0.494141,-0.106201,0.725464
0.058838,0.084106,1.004883
0.100586,-0.435059,0.811157
-0.532104,0.163940,0.830566
0.420410,-0.240112,0.998901
-0.370117,-0.223877,0.735474
-0.004272,0.139893,1.005981
0.171509,-0.368896,0.848145
-0.590576,0.139893,0.787476
0.422852,-0.240356,1.016357
-0.259644,-0.307129,0.733154
-0.083984,0.142944,0.978271
0.228516,-0.385620,0.848145
-0.593018,0.108887,0.760010
0.387695,-0.176270,1.021240
-0.206177,-0.344360,0.721680
-0.159058,0.122925,0.959351
0.296265,-0.390991,0.883789
-0.616699,0.092285,0.735107
0.370605,-0.145264,1.016113
-0.171509,-0.336304,0.726929
-0.246460,0.169067,0.954346
0.342407,-0.370483,0.921631
-0.602417,0.032349,0.752441
0.327393,-0.125854,1.013062
-0.125122,-0.392456,0.719238
-0.329346,0.180420,0.906494
0.371948,-0.326660,0.947632
-0.571899,-0.041138,0.714355
0.265015,-0.099976,1.006714
-0.089233,-0.395874,0.745850
-0.389160,0.174438,0.873169
0.406982,-0.306519,0.968994
-0.572876,-0.064819,0.696045
0.197388,-0.053101,1.011230
-0.000488,-0.428101,0.782471
-0.463379,0.185791,0.860718
0.402710,-0.244507,0.987305
-0.516846,-0.078491,0.702759
0.118286,0.044556,1.012939
0.082397,-0.411133,0.820679
-0.538940,0.157471,0.842896
0.428589,-0.254395,0.996338
-0.412842,-0.168457,0.714722
0.011353,0.153564,1.018677
0.153320,-0.395142,0.844482
-0.559692,0.083618,0.796875
0.442261,-0.239502,1.027100
-0.328369,-0.244629,0.698975
-0.092896,0.184204,0.981567
0.252808,-0.380737,0.871338
-0.577515,0.052856,0.767090
0.406616,-0.209717,1.017578
-0.254883,-0.315308,0.692627
-0.164673,0.183716,0.947876
0.311035,-0.372437,0.892456
-0.588013,0.058716,0.771484
0.382080,-0.195557,1.021240
-0.194824,-0.353882,0.715942
-0.251465,0.160767,0.927612
0.347534,-0.359619,0.923218
-0.590942,0.000610,0.724731
0.341187,-0.116455,1.039062
-0.136230,-0.339111,0.742676
-0.331177,0.173828,0.894287
0.368042,-0.358276,0.935669
-0.556152,-0.028076,0.730591
0.255493,-0.050537,1.026611
-0.071533,-0.385742,0.758789
-0.418701,0.199951,0.885620
0.401489,-0.309570,0.967285
-0.537231,-0.075073,0.710449
0.159058,0.023193,1.016968
0.009277,-0.374268,0.803223
-0.497803,0.173340,0.863037
0.437256,-0.294556,1.000732
-0.463623,-0.150635,0.722168
0.048096,0.124878,1.017578
0.116211,-0.405518,0.823364
-0.542114,0.146851,0.828613
0.439453,-0.236816,1.017700
-0.349854,-0.213379,0.740356
-0.026855,0.142090,0.999634
0.196289,-0.384155,0.859253
-0.569702,0.077759,0.788940
0.426636,-0.210815,1.026245
-0.263428,-0.313843,0.707520
-0.140991,0.171265,0.970459
0.295776,-0.390259,0.891235
-0.588257,0.049683,0.762939
0.385376,-0.175781,1.026001
-0.208252,-0.342773,0.712158
-0.218018,0.172241,0.954102
0.336304,-0.358887,0.923706
-0.594849,0.015869,0.738037
0.344482,-0.147827,1.027588
-0.157471,-0.353882,0.739502
-0.325562,0.187744,0.912476
0.380249,-0.338623,0.956787
-0.555786,-0.043213,0.728760
0.248535,-0.067261,1.018433
-0.060791,-0.381592,0.766235
-0.423462,0.201538,0.878662
0.405029,-0.318848,0.967041
-0.532349,-0.055176,0.730835
0.167969,0.000854,1.019653
0.030762,-0.402466,0.805908
-0.511597,0.189331,0.847046
0.427002,-0.282471,0.985962
-0.451172,-0.162354,0.723511
0.059937,0.090088,1.026123
0.127319,-0.397827,0.834106
-0.550659,0.135010,0.810913
0.428955,-0.225830,1.015625
-0.344116,-0.231689,0.722534
-0.043823,0.123657,1.005371
0.222534,-0.431396,0.848511
-0.577393,0.090820,0.785156
0.418701,-0.186890,1.030396
-0.256592,-0.319580,0.703857
-0.150391,0.169678,0.972046
0.293335,-0.406494,0.887695
-0.592651,0.046631,0.753418
0.398804,-0.179321,1.031616
-0.179443,-0.334229,0.730347
-0.272217,0.186401,0.924561
0.344849,-0.337402,0.937988
-0.581665,-0.027344,0.729004
0.335693,-0.143066,1.032593
-0.132324,-0.364868,0.733032
-0.339722,0.179199,0.901611
0.372437,-0.305298,0.951904
-0.555298,-0.022095,0.722656
0.244995,-0.073242,1.028687
-0.031006,-0.418091,0.776245
-0.435425,0.188110,0.877563
0.409790,-0.282471,0.983521
-0.529907,-0.086670,0.716675
0.116333,0.053345,1.022461
0.078491,-0.411499,0.822266
-0.512573,0.160522,0.851807
0.424072,-0.245972,1.008667
-0.425049,-0.168579,0.728149
0.026489,0.102905,1.010376
0.178955,-0.413574,0.860718
-0.566895,0.112305,0.803467
0.419067,-0.211670,1.015259
-0.297974,-0.256104,0.731079
-0.086060,0.150635,0.985962
0.256958,-0.398193,0.888794
-0.583374,0.049805,0.762451
0.407471,-0.183716,1.037720
-0.223877,-0.344482,0.704468
-0.197632,0.172241,0.951294
0.320801,-0.360596,0.913818
-0.595825,0.030273,0.748291
0.365479,-0.188232,1.026733
-0.149170,-0.377197,0.734497
-0.269775,0.167725,0.926025
0.351807,-0.329712,0.934204
-0.598022,0.024658,0.729370
0.286987,-0.114258,1.021240
-0.068848,-0.401245,0.767456
-0.390015,0.178833,0.885254
0.385376,-0.294067,0.971924
-0.548462,-0.048584,0.718994
0.209106,-0.035400,1.029907
-0.000366,-0.404785,0.805176
-0.470825,0.189453,0.868164
0.406860,-0.288208,0.975098
-0.488770,-0.103394,0.730469
0.125122,0.039795,1.025513
0.073242,-0.391968,0.825439
-0.538818,0.160522,0.832886
0.440186,-0.272705,0.995117
-0.407227,-0.185181,0.719971
0.030396,0.122192,1.024170
0.154663,-0.403320,0.844604
-0.571533,0.151367,0.812500
0.449463,-0.260498,1.008545
-0.321777,-0.263428,0.727417
-0.064819,0.168213,1.000977
0.223022,-0.396118,0.863037
-0.574341,0.061890,0.771851
0.417236,-0.211670,1.023193
-0.252930,-0.348145,0.691528
-0.131348,0.177124,0.976196
0.280273,-0.395996,0.875122
-0.582642,0.054810,0.774780
0.420898,-0.226562,1.031372
-0.218018,-0.359619,0.704224
-0.213379,0.156982,0.949463
0.321655,-0.367676,0.902710
-0.593628,0.051514,0.751343
0.388062,-0.179077,1.047119
-0.169678,-0.364136,0.737061
-0.275146,0.149292,0.910400
0.363159,-0.347900,0.935669
-0.581177,0.014160,0.736694
0.325195,-0.115112,1.045898
-0.117432,-0.370728,0.758301
-0.348145,0.164673,0.886963
0.390869,-0.337646,0.961182
-0.552368,-0.031982,0.711914
0.247314,-0.057983,1.024902
-0.062134,-0.374146,0.781982
-0.412476,0.177490,0.896851
0.412964,-0.313354,0.982422
-0.527100,-0.089966,0.696533
0.151001,0.039307,1.013306
0.019775,-0.386963,0.796997
-0.480957,0.169312,0.872437
0.436401,-0.271973,1.014526
-0.472290,-0.159180,0.716797
0.061035,0.111450,1.022217
0.104370,-0.399048,0.821045
-0.537842,0.149536,0.837158
0.450806,-0.264282,1.015747
-0.369507,-0.231445,0.737061
-0.008789,0.142822,1.018677
0.172974,-0.384277,0.846436
-0.568359,0.095703,0.791138
0.447388,-0.272827,1.024048
-0.285034,-0.293335,0.726562
-0.091919,0.150879,0.978027
0.251343,-0.382935,0.874756
-0.578857,0.054199,0.766724
0.417480,-0.211304,1.024536
-0.220337,-0.341553,0.717407
-0.178101,0.155762,0.964233
0.325439,-0.375977,0.910278
-0.590210,0.045288,0.750854
0.360229,-0.153442,1.040649
-0.169678,-0.357422,0.739746
-0.270386,0.155518,0.933105
0.354980,-0.347778,0.935547
-0.578125,0.004517,0.743164
0.308716,-0.104370,1.041626
-0.109253,-0.371582,0.760010
-0.374756,0.178345,0.888794
0.391357,-0.334595,0.962524
-0.539429,-0.073730,0.715210
0.239990,-0.046143,1.037476
-0.040039,-0.388550,0.775146
-0.456055,0.207397,0.870361
0.423218,-0.304321,0.983521
-0.499146,-0.111328,0.728882
0.143311,0.004761,1.025391
0.053955,-0.411377,0.818359
-0.515503,0.188110,0.856934
0.443970,-0.271362,1.002075
-0.430786,-0.146240,0.743530
0.026123,0.111694,1.019897
0.164185,-0.417969,0.850708
-0.545654,0.106323,0.809204
0.424927,-0.222168,1.022949
-0.327759,-0.246826,0.724121
-0.052612,0.154663,1.000366
0.238892,-0.402588,0.865356
-0.585327,0.078857,0.793457
0.428711,-0.222290,1.036621
-0.236206,-0.349121,0.708496
-0.164185,0.176025,0.967529
0.294800,-0.367920,0.895508
-0.582275,0.041382,0.768188
0.408325,-0.200317,1.046997
-0.173340,-0.372803,0.731445
-0.265259,0.163086,0.923706
0.342285,-0.331787,0.939819
-0.564453,-0.011719,0.738647
0.338623,-0.109375,1.046997
-0.108765,-0.374878,0.756226
-0.353271,0.171997,0.897827
0.389160,-0.341797,0.949585
-0.546753,-0.040039,0.706787
0.255005,-0.051758,1.026733
-0.048950,-0.375488,0.778198
-0.425171,0.181519,0.884277
0.410645,-0.298950,0.988403
-0.505249,-0.103516,0.718140
0.145142,0.037109,1.028931
0.053345,-0.406128,0.820801
-0.504150,0.151001,0.848755
0.448730,-0.265259,1.019531
-0.447266,-0.149902,0.714966
0.033936,0.117920,1.022827
0.164673,-0.408813,0.855347
-0.556396,0.105103,0.809570
0.432983,-0.241089,1.020142
-0.326050,-0.269897,0.712891
-0.048828,0.155396,1.000122
0.219360,-0.380127,0.860107
-0.563965,0.056763,0.785156
0.437012,-0.239624,1.026733
-0.245850,-0.335938,0.712524
-0.137329,0.155884,0.956909
0.294189,-0.384277,0.900146
-0.577881,0.056396,0.755981
0.392090,-0.193359,1.032227
-0.204834,-0.351807,0.719604
-0.219482,0.133545,0.952148
0.342163,-0.384155,0.917603
-0.573486,0.021484,0.743896
0.353394,-0.123535,1.050171
-0.161011,-0.348145,0.740601
-0.305054,0.179688,0.927490
0.385620,-0.362183,0.945435
-0.561768,-0.037598,0.740112
0.276733,-0.094971,1.034790
-0.100830,-0.374146,0.759277
-0.374878,0.192261,0.901855
0.404175,-0.302368,0.970337
-0.525757,-0.094727,0.727783
0.190918,-0.032104,1.028198
-0.004028,-0.404785,0.796631
-0.458130,0.193604,0.885498
0.434570,-0.287231,1.006592
-0.504883,-0.089600,0.721802
0.100464,0.071045,1.024902
0.108276,-0.407349,0.843018
-0.533569,0.158081,0.833984
0.437622,-0.280029,1.005981
-0.408447,-0.193359,0.724487
0.019897,0.117310,1.014648
0.178711,-0.401733,0.847778
-0.558228,0.114136,0.810913
0.444580,-0.249756,1.012085
-0.306030,-0.280518,0.727295
-0.069458,0.134644,0.990479
0.250366,-0.384521,0.894043
-0.583008,0.086426,0.766479
0.420166,-0.176514,1.048950
-0.227539,-0.325562,0.731567
-0.164062,0.144653,0.977295
0.314331,-0.426636,0.902832
-0.590454,0.041260,0.750977
0.380859,-0.151001,1.035034
-0.159912,-0.341309,0.732910
-0.282104,0.179810,0.937134
0.367920,-0.371460,0.937256
-0.571777,-0.001099,0.745117
0.312256,-0.090332,1.046143
-0.095337,-0.381958,0.757935
-0.360352,0.174316,0.911133
0.404907,-0.332886,0.971924
-0.548584,-0.087158,0.699463
0.213379,-0.029663,1.039185
0.010376,-0.395874,0.800293
-0.468750,0.217285,0.888428
0.418579,-0.271851,1.006714
-0.491821,-0.158569,0.706787
0.101196,0.030640,1.023682
0.097900,-0.435913,0.825928
-0.518433,0.139038,0.828979
0.451782,-0.248047,1.026978
-0.379761,-0.225220,0.726562
0.000610,0.148438,1.024658
0.182007,-0.382202,0.851074
-0.553833,0.082764,0.786621
0.447144,-0.266113,1.029419
-0.272461,-0.311890,0.732056
-0.099976,0.154175,0.983887
0.268677,-0.391602,0.873657
-0.570801,0.057251,0.760620
0.418457,-0.191284,1.044434
-0.201904,-0.356445,0.726440
-0.209106,0.162842,0.961670
0.323975,-0.377563,0.918701
-0.600952,0.032959,0.743896
0.372681,-0.173096,1.034058
-0.140625,-0.357300,0.751831
-0.282715,0.170410,0.937012
0.361572,-0.358643,0.931152
-0.595947,0.014038,0.732300
0.310547,-0.113403,1.034180
-0.081055,-0.351196,0.787231
-0.360474,0.174072,0.909424
0.368408,-0.298828,0.973511
-0.558960,-0.040039,0.707642
0.238159,-0.049072,1.037842
-0.000122,-0.406616,0.802979
-0.452026,0.198975,0.887695
0.410645,-0.279175,0.991089
-0.501343,-0.114868,0.708984
0.131226,0.053223,1.022827
0.060303,-0.400269,0.808350
-0.505737,0.154419,0.860596
0.451782,-0.293945,1.017456
-0.418579,-0.187866,0.727905
0.035522,0.127930,1.012085
0.124146,-0.372803,0.833252
-0.539429,0.118774,0.818115
0.457275,-0.276733,1.022583
-0.326660,-0.260254,0.743286
-0.015869,0.126709,1.012207
0.176392,-0.377686,0.843262
-0.562134,0.083252,0.783936
0.460938,-0.276489,1.030884
-0.263184,-0.328125,0.736450
-0.093872,0.144897,0.977905
0.240112,-0.373535,0.865601
-0.580444,0.051147,0.735962
0.440674,-0.251221,1.034058
-0.217773,-0.349121,0.729858
-0.167603,0.130493,0.963135
0.306396,-0.372070,0.909790
-0.587158,0.062988,0.751099
0.375122,-0.187378,1.019531
-0.171631,-0.364868,0.746216
-0.243286,0.133423,0.953125
0.351929,-0.370361,0.926025
-0.583740,0.057617,0.741821
0.340820,-0.110718,1.035767
-0.135864,-0.330322,0.768921
-0.310181,0.153076,0.922241
0.388062,-0.359863,0.951538
-0.558350,-0.022217,0.733887
0.280029,-0.050781,1.038940
-0.109619,-0.328979,0.768921
-0.378906,0.153809,0.884033
0.430786,-0.359741,0.983887
-0.531494,-0.080566,0.703979
0.204590,0.001343,1.037842
-0.027588,-0.341675,0.791260
-0.457031,0.190918,0.875610
0.432007,-0.340210,0.981079
-0.494507,-0.166748,0.709229
0.154297,0.000610,1.028931
0.046265,-0.374023,0.811035
-0.510742,0.227417,0.854980
0.456055,-0.267212,1.006592
-0.427856,-0.196045,0.745605
0.065552,0.031616,1.027466
0.139282,-0.435303,0.839600
-0.561157,0.164551,0.811157
0.440063,-0.245972,1.003906
-0.315186,-0.226318,0.761841
-0.033691,0.124512,1.025146
0.206421,-0.426514,0.866089
-0.560913,0.069824,0.777344
0.447021,-0.224121,1.034058
-0.263794,-0.254639,0.738159
-0.150391,0.154297,0.970093
0.310669,-0.406372,0.899658
-0.575684,0.023682,0.752686
0.399170,-0.182129,1.046631
-0.179565,-0.339600,0.731689
-0.256348,0.173462,0.939453
0.353760,-0.344971,0.949097
-0.583740,-0.025391,0.740967
0.341309,-0.139282,1.033936
-0.108032,-0.387329,0.753296
-0.344116,0.179321,0.905884
0.398926,-0.310303,0.980469
-0.548706,-0.073975,0.712402
0.223267,-0.040405,1.036011
-0.018921,-0.379395,0.803101
-0.443604,0.174927,0.880493
0.432007,-0.280518,1.025635
-0.505249,-0.105835,0.730103
0.110352,0.066284,1.014893
0.088745,-0.410522,0.824219
-0.507324,0.137939,0.825317
0.440430,-0.245728,1.029541
-0.409912,-0.198853,0.741699
0.024292,0.112915,1.024414
0.165039,-0.416260,0.834961
-0.565674,0.121094,0.803467
0.450562,-0.266479,1.023438
-0.287354,-0.295410,0.728027
-0.044678,0.120361,0.993286
0.215088,-0.386108,0.853516
-0.581421,0.062012,0.762207
0.448364,-0.273682,1.020996
-0.242188,-0.340820,0.724487
-0.127808,0.138916,0.974487
0.281006,-0.383667,0.890381
-0.539429,-0.006470,0.766113
0.384399,-0.112183,1.101440
-0.191284,-0.359497,0.724854
-0.266113,0.163330,0.980469
0.424561,-0.298462,1.020142
-0.522949,-0.058350,0.763062
0.343140,-0.113281,1.087280
-0.030518,-0.354248,0.839844
-0.327759,0.170776,0.941650
0.453247,-0.286377,1.041382
-0.476685,-0.080444,0.755981
0.269653,-0.034546,1.087891
0.034424,-0.405640,0.836060
-0.366333,0.157104,0.929077
0.462646,-0.277100,1.041382
-0.450806,-0.118286,0.754395
0.206299,0.022583,1.081787
0.095947,-0.412231,0.856567
-0.407837,0.140381,0.894043
0.481812,-0.254883,1.056763
-0.420654,-0.158813,0.754272
0.142090,0.075195,1.071045
0.162842,-0.378174,0.885498
-0.466064,0.117310,0.874023
0.503662,-0.283081,1.067749
-0.347900,-0.216431,0.776245
0.054321,0.113281,1.052490
0.204712,-0.367188,0.898193
-0.490234,0.042603,0.824341
0.506958,-0.256348,1.088135
-0.251953,-0.288696,0.767456
-0.011963,0.153931,1.050415
0.252075,-0.375488,0.893799
-0.518188,0.027954,0.786865
0.503906,-0.256714,1.096436
-0.179199,-0.346436,0.781006
-0.095459,0.148438,1.013306
0.306519,-0.359741,0.920532
-0.523804,0.000732,0.776245
0.473511,-0.212891,1.104370
-0.133301,-0.378052,0.779541
-0.167603,0.175293,1.017090
0.357300,-0.358032,0.942261
-0.527710,0.017944,0.782471
0.413940,-0.181030,1.086914
-0.093262,-0.390869,0.797119
-0.237305,0.173462,1.005249
0.398682,-0.330933,0.981201
-0.523438,-0.012329,0.760864
0.376465,-0.084717,1.122314
-0.071655,-0.329102,0.830322
-0.304321,0.169434,0.956543
0.450928,-0.349731,1.009277
-0.499268,-0.056152,0.759888
0.302734,-0.043457,1.103027
-0.010132,-0.356445,0.837769
-0.357788,0.170166,0.931274
0.473633,-0.302856,1.039795
-0.470215,-0.126465,0.742188
0.233154,-0.015137,1.094360
0.069092,-0.391846,0.864502
-0.412964,0.163940,0.899170
0.487305,-0.275635,1.052246
-0.427124,-0.146484,0.760498
0.163330,0.026855,1.071289
0.136963,-0.417358,0.874268
-0.457153,0.135254,0.867920
0.500000,-0.233276,1.072876
-0.388916,-0.165283,0.782349
0.078613,0.092651,1.068726
0.202759,-0.427979,0.894043
-0.476929,0.073853,0.850220
0.501221,-0.234131,1.082397
-0.292603,-0.242920,0.778198
0.000488,0.145142,1.051392
0.254883,-0.368286,0.916504
-0.494751,0.020386,0.813232
0.491455,-0.246582,1.084106
-0.207520,-0.311279,0.779785
-0.064331,0.147949,1.018921
0.296997,-0.361206,0.910156
-0.511353,0.017334,0.781494
0.473389,-0.229980,1.085327
-0.149292,-0.344727,0.779175
-0.159424,0.161621,1.002808
0.352417,-0.349365,0.947876
-0.522095,-0.003662,0.783203
0.436768,-0.183472,1.100342
-0.112671,-0.348267,0.798828
-0.248779,0.187622,0.978882
0.408203,-0.310303,1.000610
-0.510376,-0.051270,0.769043
0.342163,-0.116943,1.091553
-0.050903,-0.379883,0.819458
-0.304565,0.149902,0.949097
0.443726,-0.299316,1.034546
-0.471313,-0.077393,0.750854
0.267700,0.002441,1.109619
0.030273,-0.397827,0.838379
-0.380737,0.151367,0.924072
0.475342,-0.291382,1.038696
-0.427002,-0.156860,0.766479
0.164795,0.057617,1.080811
0.111816,-0.404907,0.855591
-0.443237,0.130615,0.876587
0.487671,-0.271484,1.067871
-0.385010,-0.192261,0.762329
0.108887,0.068359,1.056641
0.155151,-0.365967,0.881592
-0.462036,0.075439,0.841187
0.506104,-0.267700,1.069824
-0.317505,-0.247314,0.776123
0.032227,0.092285,1.046875
0.242676,-0.401978,0.893799
-0.486328,0.073486,0.826050
0.474487,-0.192871,1.079956
-0.230713,-0.282104,0.792603
-0.032593,0.100464,1.031250
0.302979,-0.424316,0.917847
-0.520508,0.025513,0.795044
0.467651,-0.150513,1.102905
-0.180542,-0.296875,0.757690
-0.137329,0.168335,1.014648
0.349854,-0.375977,0.957764
-0.514282,-0.035522,0.781250
0.445801,-0.134155,1.120117
-0.144775,-0.308228,0.771973
-0.236938,0.185181,0.974731
0.411987,-0.333984,1.005615
-0.503906,-0.096436,0.767578
0.358032,-0.110840,1.101074
-0.094360,-0.307251,0.807251
-0.297363,0.185913,0.956177
0.437988,-0.308472,1.018188
-0.486450,-0.117065,0.750977
0.309692,-0.082764,1.091675
-0.006714,-0.358032,0.840210
-0.366455,0.163818,0.906372
0.453613,-0.267334,1.047852
-0.432495,-0.147827,0.745605
0.221924,0.029175,1.104736
0.084351,-0.410767,0.842285
-0.450439,0.169922,0.896851
0.479614,-0.265625,1.046387
-0.397949,-0.195557,0.755371
0.113770,0.101440,1.070435
0.184570,-0.423218,0.878052
-0.491089,0.101807,0.843994
0.490967,-0.240723,1.070435
-0.319336,-0.227661,0.771118
0.018921,0.139038,1.055054
0.258911,-0.409424,0.903320
-0.518188,0.055298,0.807739
0.483276,-0.229858,1.079834
-0.215454,-0.276611,0.782959
-0.059570,0.157471,1.035034
0.289795,-0.373657,0.907471
-0.503540,0.016602,0.805420
0.467041,-0.212524,1.088745
-0.175415,-0.334106,0.772705
-0.119385,0.131226,1.000244
0.331299,-0.349609,0.941528
-0.525635,0.006714,0.785767
0.437378,-0.203003,1.074463
-0.130249,-0.369995,0.770752
-0.181030,0.197632,1.033936
0.366577,-0.336792,0.954712
-0.547241,-0.005249,0.753174
0.399536,-0.187866,1.073608
-0.094360,-0.394531,0.793335
-0.249268,0.141235,0.972290
0.403564,-0.328247,0.995972
-0.514526,-0.003052,0.775757
0.339111,-0.074341,1.094116
-0.069092,-0.341187,0.823120
-0.295776,0.122559,0.930664
0.447876,-0.318726,1.022461
-0.502930,-0.029053,0.760376
0.273071,-0.015259,1.084106
0.005493,-0.392578,0.832642
-0.337646,0.138672,0.932007
0.449707,-0.294556,1.029297
-0.486206,-0.048950,0.756470
0.227417,0.015991,1.079956
0.069458,-0.389282,0.848145
-0.399414,0.149292,0.918701
0.474243,-0.286987,1.051147
-0.444946,-0.120972,0.755371
0.147583,0.073364,1.061279
0.122803,-0.392578,0.864502
-0.441162,0.124268,0.887573
0.496826,-0.272705,1.066406
-0.416870,-0.178711,0.749634
0.091553,0.101074,1.050659
0.171875,-0.403687,0.880737
-0.490112,0.071777,0.837524
0.507935,-0.272217,1.073975
-0.323242,-0.220825,0.778198
0.007568,0.165771,1.055420
0.231567,-0.378418,0.893921
-0.505005,0.049194,0.818848
0.503540,-0.260376,1.087158
-0.246948,-0.312866,0.767212
-0.053833,0.150024,1.023560
0.288818,-0.394653,0.895142
-0.524170,0.043213,0.803467
0.468384,-0.211548,1.088501
-0.186646,-0.351440,0.766968
-0.113281,0.121216,0.993164
0.327759,-0.380005,0.923828
-0.537476,0.019165,0.775635
0.453613,-0.192749,1.088745
-0.155518,-0.347412,0.770996
-0.189941,0.167603,1.001343
0.362915,-0.338257,0.965088
-0.543701,-0.000244,0.764893
0.412720,-0.173584,1.106079
-0.107422,-0.361450,0.796387
-0.257446,0.181641,0.980713
0.381470,-0.306885,0.981323
-0.539429,-0.031494,0.760254
0.369019,-0.147583,1.080688
-0.065796,-0.386719,0.805298
-0.323730,0.191895,0.945312
0.431885,-0.308594,0.998169
-0.504028,-0.037598,0.755005
0.293213,-0.077881,1.078613
-0.001099,-0.378662,0.841309
-0.377441,0.161133,0.918823
0.450073,-0.299683,1.014038
-0.457397,-0.102905,0.744629
0.203125,0.034668,1.081543
0.084229,-0.385864,0.862793
-0.423950,0.151489,0.892700
0.462402,-0.288330,1.035889
-0.426880,-0.164185,0.745117
0.121216,0.102173,1.069702
0.158203,-0.385132,0.880859
-0.478882,0.099976,0.857544
0.473755,-0.256714,1.063354
-0.349854,-0.207397,0.767822
0.035400,0.167114,1.066040
0.202026,-0.368408,0.882935
-0.494873,0.033936,0.828247
0.492310,-0.289185,1.060425
-0.282837,-0.286377,0.769409
-0.032104,0.160034,1.033569
0.259277,-0.396729,0.892578
-0.506104,0.018311,0.802368
0.473145,-0.248413,1.073486
-0.201050,-0.377441,0.751343
-0.119507,0.167114,1.006714
0.313354,-0.380005,0.910034
-0.529175,0.010742,0.780151
0.452881,-0.200195,1.090210
-0.155518,-0.372192,0.756836
-0.180664,0.147095,0.982910
0.354858,-0.343140,0.944580
-0.566162,0.005859,0.753662
0.409912,-0.174927,1.088745
-0.109131,-0.381348,0.781738
-0.256470,0.179199,0.978149
0.380249,-0.320312,0.974365
-0.541260,0.001099,0.766602
0.360474,-0.131226,1.080322
-0.067139,-0.386230,0.800659
-0.314697,0.165283,0.933838
0.428467,-0.306519,1.010498
-0.507324,-0.048340,0.743286
0.269531,-0.059204,1.066162
0.001587,-0.377441,0.833496
-0.389771,0.159546,0.907593
0.448608,-0.284912,1.025757
-0.445557,-0.147583,0.752563
0.181519,0.019287,1.067627
0.077637,-0.379517,0.847534
-0.452026,0.132935,0.867920
0.473755,-0.285889,1.041260
-0.406982,-0.178955,0.756592
0.088623,0.075073,1.050903
0.159180,-0.371826,0.872925
-0.491821,0.080322,0.829956
0.486572,-0.254028,1.060181
-0.302002,-0.270142,0.757812
-0.006226,0.106934,1.027954
0.232910,-0.376343,0.891479
-0.521118,0.067627,0.812012
0.474243,-0.227783,1.083862
-0.225098,-0.323730,0.768921
-0.102295,0.102173,0.986450
0.303467,-0.373779,0.921753
-0.536255,0.013428,0.761108
0.424438,-0.167236,1.081055
-0.181763,-0.333130,0.754272
-0.206543,0.155518,0.984985
0.378540,-0.376099,0.952148
-0.544556,-0.014282,0.758423
0.395020,-0.133423,1.083862
-0.129761,-0.317261,0.788086
-0.298218,0.187500,0.942749
0.413574,-0.332153,0.997925
-0.531006,-0.088135,0.737671
0.328369,-0.099976,1.079468
-0.046875,-0.373413,0.796631
-0.375000,0.209839,0.921509
0.456055,-0.319946,1.013672
-0.501343,-0.088745,0.748291
0.235474,-0.032837,1.072144
0.028809,-0.400513,0.836670
-0.429810,0.159058,0.879028
0.469482,-0.305908,1.028320
-0.453491,-0.125610,0.746094
0.145752,0.057983,1.058838
0.104736,-0.398804,0.835205
-0.472290,0.147461,0.862915
0.483521,-0.301392,1.033936
-0.427490,-0.213989,0.747070
0.072754,0.073730,1.027954
0.179688,-0.400513,0.875854
-0.501709,0.120117,0.838501
0.461304,-0.235596,1.048706
-0.332642,-0.250366,0.759888
0.012085,0.107056,1.039917
0.223389,-0.391724,0.881104
-0.522705,0.080811,0.815674
0.470581,-0.212402,1.075195
-0.259277,-0.288574,0.757568
-0.073853,0.097900,0.991577
0.289307,-0.418091,0.901123
-0.527954,0.057129,0.796753
0.449951,-0.178955,1.069580
-0.200073,-0.282471,0.758057
-0.182861,0.156982,0.978516
0.352539,-0.381104,0.946045
-0.544434,-0.038208,0.754150
0.401001,-0.166870,1.072998
-0.154907,-0.311523,0.765259
-0.258911,0.199341,0.975830
0.392212,-0.338013,0.981689
-0.546387,-0.035522,0.754028
0.334717,-0.102417,1.081909
-0.088745,-0.361572,0.799683
-0.327637,0.185425,0.940796
0.442017,-0.339600,1.004272
-0.526367,-0.021118,0.760132
0.233032,-0.013916,1.067627
0.000488,-0.385376,0.809692
-0.413940,0.146729,0.891968
0.478638,-0.304688,1.043335
-0.460815,-0.121826,0.740723
0.120361,0.135742,1.053589
0.102783,-0.357666,0.867188
-0.478760,0.099731,0.863281
0.465332,-0.302612,1.046021
-0.401489,-0.227539,0.742920
0.051025,0.155518,1.055542
0.168091,-0.360474,0.867432
-0.535889,0.097900,0.820801
0.477051,-0.291504,1.047363
-0.293457,-0.316650,0.752686
0.001465,0.150146,1.034180
0.180664,-0.313354,0.868408
-0.561890,0.100220,0.804199
0.501953,-0.334106,1.037476
-0.245239,-0.353760,0.763184
-0.061523,0.109863,0.988281
0.237061,-0.348877,0.879272
-0.566650,0.087891,0.770630
0.476196,-0.270264,1.048096
-0.215576,-0.354370,0.753052
-0.104004,0.112183,0.987305
0.280273,-0.383057,0.884399
-0.531250,0.058472,0.779297
0.436768,-0.204102,1.050781
-0.207642,-0.329224,0.747681
-0.161621,0.125244,0.984619
0.332031,-0.413208,0.921143
-0.554810,0.026855,0.764038
0.414795,-0.119507,1.072998
-0.181274,-0.277222,0.758179
-0.216187,0.162476,0.974121
0.370361,-0.372803,0.955688
-0.565430,-0.013062,0.758545
0.399292,-0.155396,1.067993
-0.159058,-0.331177,0.752563
-0.271362,0.167969,0.943970
0.389282,-0.368408,0.958130
-0.554077,-0.047729,0.745972
0.365845,-0.127319,1.072510
-0.131226,-0.341064,0.763550
-0.321899,0.181030,0.921265
0.415039,-0.341309,0.981445
-0.545654,-0.074707,0.730469
0.320312,-0.097290,1.069092
-0.090454,-0.358887,0.776001
-0.355103,0.188354,0.913452
0.424316,-0.318481,0.988159
-0.528809,-0.090576,0.725220
0.259521,-0.072510,1.064087
-0.038696,-0.369873,0.801636
-0.401001,0.198853,0.894653
0.427246,-0.290649,1.000732
-0.501831,-0.095947,0.736084
0.214966,-0.052002,1.058105
0.012451,-0.404663,0.812500
-0.448486,0.187256,0.868164
0.436768,-0.270630,1.018433
-0.480591,-0.116699,0.744141
0.138184,0.016235,1.047485
0.084839,-0.422607,0.827637
-0.484985,0.165405,0.857788
0.459839,-0.254150,1.033447
-0.431274,-0.165527,0.749756
0.035400,0.085327,1.021118
0.175659,-0.435059,0.867188
-0.505859,0.105957,0.839722
0.446777,-0.229004,1.031616
-0.340454,-0.222046,0.743408
-0.031372,0.110107,1.013306
0.232422,-0.449829,0.861450
-0.539307,0.081299,0.813721
0.449707,-0.193604,1.046997
-0.242798,-0.258911,0.754272
-0.127319,0.178223,0.986328
0.281860,-0.385254,0.903442
-0.559937,-0.003906,0.763672
0.430176,-0.212524,1.051514
-0.198975,-0.337158,0.728882
-0.203369,0.166138,0.959717
0.338379,-0.349243,0.929321
-0.589966,-0.009399,0.736328
0.387573,-0.181763,1.056274
-0.151367,-0.378662,0.736328
-0.276733,0.178467,0.935303
0.378052,-0.325806,0.965088
-0.569092,0.002075,0.756958
0.318481,-0.117920,1.050049
-0.098877,-0.385498,0.778564
-0.320679,0.157349,0.911621
0.387817,-0.301147,0.966431
-0.542725,-0.008057,0.741943
0.251343,-0.053223,1.062500
-0.005859,-0.416992,0.808350
-0.437256,0.175415,0.885742
0.417969,-0.264526,0.999512
-0.511353,-0.084229,0.734619
0.136597,0.026489,1.032959
0.099365,-0.413452,0.843750
-0.508301,0.142090,0.851929
0.449097,-0.240967,1.026733
-0.402100,-0.197754,0.737305
0.009888,0.130127,1.019409
0.180420,-0.402588,0.854736
-0.538086,0.072998,0.822754
0.447754,-0.230591,1.037842
-0.292725,-0.284180,0.725098
-0.085693,0.152832,0.991577
0.267212,-0.380493,0.891479
-0.557861,0.031982,0.783081
0.421631,-0.192749,1.049927
-0.212769,-0.327637,0.716064
-0.179443,0.167480,0.967041
0.320312,-0.325684,0.926147
-0.565186,-0.023560,0.745605
0.378906,-0.165649,1.061279
-0.170898,-0.358154,0.736694
-0.286011,0.164917,0.917480
0.384155,-0.337646,0.948364
-0.565430,-0.004272,0.749268
0.289062,-0.088745,1.051392
-0.070190,-0.356323,0.789551
-0.409546,0.176147,0.881104
0.408813,-0.303345,0.983398
-0.495117,-0.072144,0.740479
0.163086,0.013916,1.030640
0.048218,-0.399170,0.809448
-0.504883,0.158447,0.840332
0.435547,-0.269043,1.008667
-0.405029,-0.191040,0.738037
0.051880,0.100098,1.031372
0.133179,-0.382080,0.843628
-0.552612,0.119263,0.808105
0.456787,-0.264648,1.029907
-0.306885,-0.290527,0.728271
-0.044556,0.110474,1.000122
0.229126,-0.365845,0.873779
-0.557739,0.075684,0.781372
0.425781,-0.217651,1.029053
-0.243530,-0.327637,0.722290
-0.152588,0.142944,0.980957
0.316895,-0.389893,0.903442
-0.570068,0.062256,0.772217
0.365601,-0.141113,1.034424
-0.179077,-0.314941,0.746704
-0.259033,0.133545,0.937622
0.352051,-0.376099,0.935303
-0.565796,-0.026123,0.728638
0.332764,-0.098267,1.050781
-0.119629,-0.331909,0.759399
-0.362183,0.184204,0.888306
0.380493,-0.329590,0.960693
-0.535156,-0.079956,0.727905
0.243408,-0.068237,1.024170
-0.050659,-0.376099,0.774048
-0.426025,0.202026,0.891113
0.406860,-0.283081,0.975830
-0.510376,-0.089600,0.726318
0.162231,-0.028809,1.018799
0.035156,-0.449951,0.792603
-0.487061,0.168213,0.846802
0.437744,-0.251465,1.012939
-0.494141,-0.135620,0.693481
0.072144,0.067505,1.022949
0.143921,-0.417358,0.841064
-0.543579,0.143921,0.825195
0.431396,-0.222900,1.016113
-0.377808,-0.188477,0.733276
-0.008911,0.142090,1.019043
0.201904,-0.421265,0.857910
-0.569214,0.107544,0.806641
0.427002,-0.220093,1.019043
-0.312988,-0.269531,0.709961
-0.071899,0.130493,0.979248
0.248291,-0.407227,0.867554
-0.582031,0.096313,0.790161
0.434326,-0.211792,1.031616
-0.243774,-0.336182,0.706665
-0.162598,0.166382,0.967773
0.297974,-0.385254,0.899536
-0.582031,0.035767,0.756592
0.406738,-0.192627,1.039795
-0.215698,-0.356812,0.706299
-0.241333,0.178955,0.945435
0.356323,-0.380981,0.917358
-0.576904,0.028564,0.759888
0.351807,-0.131470,1.032837
-0.154053,-0.349976,0.729492
-0.310791,0.180176,0.909546
0.371582,-0.364990,0.935913
-0.575317,-0.023315,0.729492
0.303589,-0.091064,1.042114
-0.109619,-0.383545,0.749023
-0.372070,0.191162,0.897583
0.393066,-0.350952,0.950928
-0.560669,-0.073486,0.704590
0.235718,-0.044678,1.028687
-0.041870,-0.380615,0.777832
-0.458496,0.202271,0.866089
0.423950,-0.322754,0.970337
-0.529541,-0.097290,0.710327
0.142944,0.028687,1.023682
0.053101,-0.398682,0.807007
-0.532104,0.193359,0.846069
0.433105,-0.292603,0.979492
-0.439209,-0.173584,0.729370
0.059692,0.100220,1.017578
0.121704,-0.386230,0.829590
-0.555542,0.150024,0.821533
0.441284,-0.252319,1.006348
-0.353149,-0.223633,0.734253
-0.018311,0.163330,1.018799
0.176270,-0.396362,0.836792
-0.588745,0.111572,0.783081
0.450073,-0.254639,1.019165
-0.285278,-0.268799,0.732422
-0.101074,0.185669,0.984131
0.241089,-0.387939,0.871704
-0.599487,0.054810,0.760132
0.413574,-0.220215,1.015869
-0.231567,-0.339233,0.702881
-0.145874,0.192749,0.973511
0.292969,-0.357178,0.892700
-0.629272,0.085938,0.756348
0.413452,-0.227295,1.014160
-0.188599,-0.395752,0.710205
-0.227417,0.151245,0.936646
0.332764,-0.354858,0.910767
-0.624023,0.075439,0.736328
0.367065,-0.191040,1.007324
-0.120728,-0.388306,0.750366
-0.319824,0.181885,0.898682
0.360107,-0.324707,0.934448
-0.577759,0.040405,0.747925
0.276245,-0.117432,0.996582
-0.088623,-0.384155,0.762939
-0.367065,0.158691,0.886108
0.397095,-0.326782,0.956543
-0.557861,0.005981,0.700684
0.197754,0.013428,1.001709
-0.024292,-0.365234,0.794556
-0.435547,0.165894,0.879150
0.405762,-0.341431,0.953979
-0.542847,-0.080933,0.687500
0.172729,0.023560,1.026855
-0.004395,-0.370605,0.782837
-0.487427,0.224731,0.861694
0.442871,-0.316772,0.980591
-0.509521,-0.118286,0.700684
0.108154,0.054077,1.015625
0.046875,-0.409912,0.796753
-0.526123,0.210815,0.841309
0.434937,-0.284668,0.983887
-0.461182,-0.128540,0.731323
0.070068,0.050903,1.020264
0.113892,-0.456177,0.806030
-0.570312,0.203491,0.822388
0.433350,-0.261597,0.982178
-0.414429,-0.133911,0.738037
0.026123,0.099731,1.019897
0.178223,-0.455322,0.835571
-0.597778,0.175293,0.792603
0.418213,-0.223999,0.987671
-0.323975,-0.224243,0.729126
-0.046631,0.130615,1.002563
0.217407,-0.433472,0.854004
-0.599365,0.127441,0.788696
0.421387,-0.201294,1.002319
-0.276123,-0.244873,0.733765
-0.126221,0.159180,0.979126
0.281006,-0.408569,0.887085
-0.599854,0.089844,0.766113
0.379028,-0.145996,1.017334
-0.214600,-0.322632,0.709106
-0.201782,0.171143,0.959595
0.336670,-0.407104,0.906128
-0.609985,0.036621,0.735962
0.347290,-0.131592,1.014038
-0.166016,-0.344604,0.712891
-0.290039,0.210938,0.915405
0.367676,-0.354492,0.916138
-0.591675,-0.000732,0.727539
0.293945,-0.123779,1.011475
-0.104370,-0.396362,0.733887
-0.388306,0.203247,0.876343
0.394897,-0.321777,0.940796
-0.555420,-0.039917,0.708618
0.213013,-0.019775,1.014526
-0.027100,-0.395630,0.779663
-0.464966,0.216675,0.860840
0.414062,-0.289673,0.963013
-0.507446,-0.089355,0.725952
0.109253,0.044556,1.006592
0.060181,-0.427124,0.807251
-0.543335,0.225098,0.834717
0.436768,-0.240723,0.993896
-0.417969,-0.124756,0.754028
0.019653,0.114136,1.016724
0.141357,-0.446289,0.813232
-0.559692,0.154785,0.813477
0.425171,-0.203369,1.002075
-0.347412,-0.194702,0.726562
-0.051392,0.166870,0.984741
0.229126,-0.407959,0.863525
-0.590942,0.091064,0.763062
0.421143,-0.185303,1.021362
-0.263184,-0.276123,0.718018
-0.153320,0.181274,0.956665
0.291504,-0.391357,0.883789
-0.607422,0.065308,0.754517
0.391602,-0.164185,1.023315
-0.190186,-0.343750,0.707520
-0.213623,0.200195,0.937256
0.338379,-0.351929,0.908813
-0.617798,0.051025,0.734985
0.352295,-0.150879,1.015503
-0.125122,-0.374634,0.727051
-0.312378,0.198975,0.901978
0.385254,-0.366943,0.925171
-0.595703,0.032349,0.728516
0.288208,-0.085205,1.007080
-0.078979,-0.407593,0.741821
-0.468750,0.168823,0.851440
0.419800,-0.262329,1.000244
-0.544922,-0.021484,0.727783
0.091309,0.066040,1.028687
0.098145,-0.448486,0.811646
-0.526733,0.141724,0.825195
0.437988,-0.244629,1.008179
-0.391113,-0.203491,0.726685
0.004517,0.143555,1.027710
0.171631,-0.407104,0.841064
-0.551025,0.108887,0.809570
0.436646,-0.247559,1.010132
-0.313110,-0.238281,0.738281
-0.055786,0.143188,0.995361
0.221924,-0.379150,0.869629
-0.571167,0.060181,0.774414
0.436157,-0.227417,1.030518
-0.258423,-0.335815,0.704224
-0.142212,0.141846,0.951660
0.279907,-0.375610,0.880249
-0.574829,0.055542,0.745728
0.409302,-0.205444,1.034424
-0.203857,-0.342651,0.732056
-0.243530,0.145752,0.925293
0.326660,-0.362671,0.914551
-0.580200,0.009888,0.739624
0.364502,-0.142212,1.051392
-0.169067,-0.355713,0.731812
-0.320435,0.165894,0.903687
0.372681,-0.353882,0.938354
-0.560425,-0.005981,0.746582
0.288574,-0.083252,1.031860
-0.122925,-0.377319,0.739624
-0.362549,0.180908,0.893066
0.388550,-0.320801,0.957764
-0.563354,-0.047852,0.719971
0.222168,-0.060791,1.017578
-0.037720,-0.417358,0.775024
-0.439209,0.199463,0.874268
0.405273,-0.262817,0.988647
-0.521729,-0.080444,0.725586
0.136475,0.010620,1.017090
0.054688,-0.406860,0.825195
-0.515747,0.182739,0.847412
0.425415,-0.265259,0.987305
-0.443481,-0.132080,0.739502
0.042114,0.109863,1.018677
0.115967,-0.422852,0.824463
-0.542236,0.128418,0.817993
0.437622,-0.242554,1.009399
-0.366699,-0.197876,0.732666
-0.035645,0.166016,1.011841
0.196045,-0.413452,0.847534
-0.573364,0.083984,0.798706
0.419434,-0.234619,1.006226
-0.290527,-0.280151,0.710083
-0.083008,0.169067,0.974365
0.256348,-0.385010,0.866821
-0.608521,0.093628,0.766113
0.401367,-0.197144,1.009155
-0.224609,-0.332031,0.709106
-0.171753,0.162598,0.971436
0.312988,-0.396729,0.906616
-0.623169,0.070801,0.751709
0.367554,-0.149048,1.024292
-0.161987,-0.361328,0.711304
-0.263916,0.190796,0.936401
0.359131,-0.369141,0.930786
-0.599243,-0.007324,0.728271
0.316772,-0.116943,1.026001
-0.127441,-0.355835,0.726929
-0.369507,0.217407,0.897339
0.400879,-0.344849,0.955688
-0.558716,-0.053345,0.708252
0.227417,-0.060303,1.015747
-0.072021,-0.391113,0.752319
-0.448730,0.205444,0.871094
0.433472,-0.305542,0.980835
-0.511719,-0.117188,0.692139
0.112061,0.049927,1.014404
0.033203,-0.393799,0.786011
-0.529297,0.199829,0.844971
0.455933,-0.275146,1.002441
-0.403564,-0.179565,0.742920
-0.006714,0.110962,1.000366
0.160522,-0.445557,0.815552
-0.572510,0.138916,0.792725
0.441040,-0.216187,1.026245
-0.265259,-0.281372,0.726440
-0.125244,0.182739,0.962280
0.252197,-0.369873,0.861572
-0.597656,0.069336,0.752197
0.394287,-0.184937,1.016968
-0.168213,-0.357666,0.723633
-0.225586,0.184692,0.945068
0.318359,-0.353760,0.908569
-0.616821,0.047974,0.721924
0.330688,-0.140503,1.012817
-0.118774,-0.394409,0.725830
-0.320068,0.193970,0.918823
0.381958,-0.325439,0.943848
-0.588745,0.038574,0.724365
0.223755,-0.051514,0.996948
-0.043579,-0.411865,0.767578
-0.424683,0.168457,0.864014
0.389038,-0.270752,0.976440
-0.522827,-0.069824,0.709839
0.120361,0.072998,1.001587
0.041748,-0.389526,0.790527
-0.521606,0.184448,0.841675
0.434326,-0.287476,0.990601
-0.433105,-0.143188,0.733032
0.022461,0.144287,1.002808
0.130859,-0.388062,0.830078
-0.567749,0.157715,0.806519
0.439087,-0.221191,1.018311
-0.294800,-0.269287,0.736450
-0.070923,0.148682,0.976196
0.197021,-0.358521,0.853271
-0.625732,0.135254,0.762817
0.432495,-0.208984,1.027344
-0.184570,-0.358276,0.730835
-0.168091,0.147827,0.948730
0.257446,-0.327393,0.882446
-0.611328,0.080444,0.727295
0.379150,-0.158081,1.021118
-0.148071,-0.351807,0.740601
-0.262451,0.164307,0.919678
0.352295,-0.340454,0.922729
-0.602295,0.056030,0.722778
0.275513,-0.060547,0.986328
-0.082886,-0.383057,0.722900
-0.363159,0.172119,0.888062
0.414307,-0.333740,0.942139
-0.568359,-0.017212,0.700684
0.172607,0.042358,0.994019
-0.021362,-0.386963,0.760620
-0.459717,0.212524,0.867798
0.426147,-0.296997,0.969360
-0.486572,-0.130371,0.719360
0.091919,0.097168,1.016968
0.067993,-0.399536,0.785034
-0.549561,0.214111,0.829834
0.438477,-0.266602,0.989624
-0.385010,-0.198364,0.740967
0.007568,0.117920,1.005981
0.171509,-0.414062,0.835327
-0.595581,0.181152,0.794189
0.416748,-0.191040,0.999146
-0.276855,-0.241577,0.735840
-0.067993,0.159790,0.993408
0.236450,-0.399658,0.863525
-0.615234,0.137573,0.780151
0.422852,-0.177612,1.018921
-0.213989,-0.304077,0.715576
-0.175537,0.191284,0.963135
0.298706,-0.356567,0.905273
-0.602295,0.087280,0.747681
0.388916,-0.119019,1.031250
-0.152222,-0.336304,0.731201
-0.274536,0.201538,0.924194
0.359985,-0.384277,0.903564
-0.597046,0.048462,0.735107
0.312256,-0.096313,1.006226
-0.092407,-0.359985,0.744263
-0.359497,0.194946,0.878662
0.395752,-0.303345,0.947388
-0.565186,-0.035156,0.700439
0.208740,-0.012207,1.004395
-0.013794,-0.421509,0.763916
-0.464111,0.218384,0.860962
0.425781,-0.276978,0.972534
-0.479370,-0.049438,0.753662
0.093628,0.126221,1.025391
0.068848,-0.382202,0.807251
-0.536377,0.166870,0.819580
0.439087,-0.251221,0.993530
-0.379639,-0.171997,0.729492
0.007568,0.171631,1.003540
0.160767,-0.364014,0.834717
-0.580811,0.121826,0.782715
0.442871,-0.227661,1.005249
-0.283081,-0.267822,0.726196
-0.093262,0.187500,0.973022
0.257568,-0.354248,0.877441
-0.595825,0.127686,0.782349
0.407959,-0.198242,1.005615
-0.178223,-0.333618,0.739990
-0.176392,0.173828,0.931763
0.315796,-0.330566,0.901123
-0.605469,0.138794,0.765991
0.373291,-0.146118,1.013794
-0.114258,-0.396729,0.741211
-0.264526,0.163940,0.885132
0.355225,-0.320435,0.908081
-0.583252,0.078491,0.720337
0.297119,-0.058105,0.999512
-0.066650,-0.385620,0.750610
-0.323853,0.170044,0.893555
0.393555,-0.319336,0.924438
-0.574341,0.023193,0.697632
0.202148,0.025635,0.986450
-0.002563,-0.407471,0.748779
-0.410278,0.183960,0.861084
0.439209,-0.302612,0.955933
-0.530029,-0.029419,0.714600
0.136963,0.079834,0.992065
0.038330,-0.386108,0.772583
-0.484253,0.177979,0.840698
0.442871,-0.238281,0.999756
-0.444336,-0.125244,0.729492
0.067749,0.109375,1.010986
0.107056,-0.374268,0.818237
-0.571777,0.211426,0.801880
0.449829,-0.247070,0.995972
-0.337280,-0.205200,0.741943
-0.006104,0.143555,1.005493
0.164795,-0.363647,0.829590
-0.589600,0.199219,0.786377
0.454834,-0.222778,1.008911
-0.255127,-0.270752,0.737305
-0.085693,0.179199,0.977661
0.251465,-0.372314,0.867065
-0.588745,0.161743,0.780884
0.419067,-0.165649,1.008545
-0.192505,-0.297241,0.749146
-0.148315,0.158447,0.951172
0.323120,-0.393921,0.901978
-0.610962,0.125244,0.755981
0.397949,-0.119263,1.019165
-0.146118,-0.287598,0.742920
-0.206421,0.174683,0.925415
0.359253,-0.374512,0.922607
-0.594360,0.044800,0.736816
0.354004,-0.108765,1.015381
-0.095337,-0.355957,0.729980
-0.292358,0.208374,0.892578
0.406372,-0.348633,0.939331
-0.567871,0.010986,0.729370
0.277344,-0.060425,0.987549
-0.046875,-0.396240,0.733154
-0.353638,0.170776,0.858276
0.422241,-0.296997,0.956421
-0.548950,-0.026367,0.724487
0.216797,-0.001221,0.997681
0.005737,-0.407715,0.755981
-0.413330,0.182007,0.830688
0.422241,-0.248779,0.967651
-0.499634,-0.085938,0.725708
0.169800,0.027832,1.016968
0.055664,-0.422119,0.795288
-0.486206,0.186890,0.831299
0.434326,-0.232910,0.973267
-0.455811,-0.073730,0.735596
0.101074,0.106934,1.019287
0.129395,-0.415283,0.822266
-0.530762,0.191406,0.819336
0.437622,-0.212158,0.994873
-0.400024,-0.116943,0.746094
0.035889,0.111938,1.011475
0.185791,-0.420044,0.843506
-0.560059,0.166138,0.792725
0.432007,-0.157349,1.000854
-0.295776,-0.193970,0.747192
-0.059692,0.177490,0.975464
0.244019,-0.410522,0.865601
-0.578003,0.117554,0.773193
0.432739,-0.165405,1.009155
-0.228760,-0.233398,0.748291
-0.129150,0.238770,0.972290
0.310181,-0.393066,0.881958
-0.581787,0.081665,0.767578
0.413940,-0.149170,1.019043
-0.159790,-0.280518,0.748657
-0.176025,0.209473,0.933228
0.354492,-0.368530,0.901123
-0.589233,0.076538,0.767822
0.370850,-0.124634,1.016602
-0.085449,-0.385376,0.744995
-0.247681,0.189087,0.890259
0.368530,-0.304688,0.924194
-0.558838,0.031006,0.741455
0.333496,-0.089844,1.019043
-0.047852,-0.401978,0.739014
-0.303345,0.162476,0.868896
0.406982,-0.309937,0.938477
-0.556641,-0.006714,0.733521
0.260376,-0.067749,0.983032
0.005615,-0.426514,0.752808
-0.369263,0.181641,0.855103
0.426758,-0.280762,0.950073
-0.503540,-0.030518,0.747070
0.176392,0.005859,0.992310
0.058105,-0.421631,0.786011
-0.445190,0.162842,0.820435
0.450684,-0.244995,0.975830
-0.459229,-0.087036,0.744751
0.098389,0.085815,1.010864
0.121704,-0.443726,0.806885
-0.504517,0.129761,0.798462
0.463379,-0.223022,1.001831
-0.374390,-0.112915,0.763916
-0.001831,0.167603,1.001099
0.193848,-0.420898,0.831665
-0.553223,0.091187,0.766968
0.461182,-0.212280,1.025513
-0.280762,-0.203735,0.740845
-0.061890,0.191162,1.000244
0.253906,-0.386963,0.875122
-0.589966,0.082153,0.749878
0.457886,-0.209595,1.025757
-0.164307,-0.297363,0.755249
-0.150146,0.215210,0.960571
0.324829,-0.358398,0.905029
-0.580078,0.063232,0.753906
0.399292,-0.150513,1.025269
-0.093750,-0.358032,0.756470
-0.212769,0.204834,0.926514
0.375732,-0.333496,0.926880
-0.565674,0.050293,0.750732
0.339233,-0.120850,1.003662
-0.027222,-0.414307,0.761841
-0.277832,0.183350,0.882812
0.400757,-0.305786,0.938965
-0.544678,0.044800,0.742798
0.268677,-0.055786,0.995117
0.018066,-0.451904,0.753052
-0.347290,0.151001,0.851562
0.438354,-0.289795,0.965210
-0.522217,-0.008545,0.734009
0.179810,0.021606,0.993408
0.057251,-0.455933,0.761597
-0.426270,0.147949,0.828003
0.465576,-0.307983,0.972534
-0.453003,-0.078491,0.760498
0.086426,0.120117,1.013306
0.107910,-0.426636,0.791992
-0.478638,0.119141,0.787720
0.469727,-0.269165,0.991821
-0.363647,-0.154053,0.774536
0.005249,0.181030,1.014160
0.187378,-0.400757,0.833130
-0.546753,0.114502,0.764526
0.457520,-0.255493,1.007324
-0.266357,-0.210571,0.786743
-0.059204,0.172729,0.989624
0.269165,-0.369507,0.883057
-0.590942,0.122437,0.744873
0.440186,-0.215820,1.005493
-0.153931,-0.284790,0.800049
-0.146606,0.138184,0.949341
0.321167,-0.392090,0.904663
-0.580200,0.082275,0.747559
0.396362,-0.148438,1.017212
-0.046021,-0.344116,0.797363
-0.222778,0.185791,0.922485
0.375488,-0.351318,0.924561
-0.568726,0.014038,0.744263
0.320068,-0.123779,0.980103
0.013062,-0.433105,0.766357
-0.293579,0.156616,0.873535
0.427002,-0.322876,0.955566
-0.508911,-0.059570,0.729858
0.208252,-0.022095,0.969116
0.052856,-0.446655,0.769043
-0.357422,0.100220,0.836426
0.454590,-0.317627,0.987061
-0.492554,-0.066040,0.734497
0.140991,0.078491,1.015747
0.097290,-0.426025,0.784912
-0.471436,0.115479,0.801880
0.478760,-0.311279,1.003174
-0.411377,-0.154785,0.742554
0.044678,0.159180,1.015747
0.148560,-0.386108,0.816650
-0.508789,0.100830,0.768555
0.501343,-0.286011,1.020386
-0.344727,-0.207764,0.756592
-0.034058,0.175903,1.009766
0.235352,-0.433350,0.852417
-0.552246,0.064331,0.745361
0.476318,-0.264526,1.018311
-0.231689,-0.230957,0.795288
-0.108643,0.216309,0.979370
0.289917,-0.397583,0.892578
-0.545654,0.025513,0.751953
0.429932,-0.224976,1.019897
-0.128662,-0.299805,0.809204
-0.182129,0.216187,0.965454
0.342285,-0.379517,0.916626
-0.543457,0.013428,0.762695
0.370972,-0.131348,1.025635
-0.033325,-0.367676,0.795654
-0.224121,0.193604,0.942871
0.368286,-0.383911,0.922729
-0.546631,-0.023926,0.748657
0.335693,-0.152466,0.993042
0.012207,-0.413086,0.791748
-0.293091,0.182983,0.888184
0.425537,-0.322632,0.969360
-0.519897,-0.023804,0.753052
0.248779,-0.082520,0.995361
0.050171,-0.485718,0.763550
-0.338013,0.122803,0.849487
0.455444,-0.312012,0.976440
-0.490112,-0.065674,0.756348
0.165771,-0.008179,0.993774
0.101929,-0.476196,0.785156
-0.403687,0.098389,0.811646
0.461792,-0.280640,0.993164
-0.435791,-0.132080,0.739014
0.087646,0.076050,1.003662
0.165405,-0.458374,0.818481
-0.484009,0.079834,0.779541
0.477905,-0.296753,1.006714
-0.353882,-0.186401,0.762451
0.013428,0.172852,1.025757
0.205811,-0.423584,0.835815
-0.510742,0.067627,0.759888
0.490479,-0.310791,1.021729
-0.307617,-0.256714,0.761963
-0.046631,0.162964,1.006592
0.265625,-0.459473,0.844604
-0.527222,0.056519,0.757202
0.471191,-0.253418,1.019531
-0.224243,-0.253906,0.805542
-0.110229,0.150635,0.977051
0.316650,-0.463257,0.883789
-0.548218,0.044678,0.749878
0.431885,-0.190063,1.042114
-0.157959,-0.239990,0.804565
-0.155884,0.192505,0.981079
0.358521,-0.433594,0.926392
-0.537964,-0.022705,0.749146
0.395142,-0.146118,1.043091
-0.063965,-0.365112,0.799316
-0.221191,0.187866,0.954468
0.403442,-0.412476,0.944824
-0.524292,-0.052734,0.741699
0.330688,-0.112427,1.020874
0.040527,-0.425171,0.797485
-0.279663,0.177856,0.915161
0.425293,-0.348999,0.958618
-0.486206,-0.122192,0.744263
0.243774,-0.089600,1.002075
0.085815,-0.456543,0.796387
-0.339966,0.135620,0.875732
0.462280,-0.308716,1.000000
-0.447144,-0.130249,0.757690
0.137207,-0.006104,0.996216
0.129639,-0.473022,0.800781
-0.419556,0.082397,0.825806
0.490845,-0.256592,1.037842
-0.353516,-0.169312,0.766479
0.034546,0.131348,1.030029
0.243774,-0.500366,0.847534
-0.512573,0.043091,0.752319
0.479736,-0.282715,1.037231
-0.244263,-0.278198,0.795166
-0.060059,0.191650,1.025146
0.296509,-0.387573,0.907715
-0.532471,0.043701,0.771973
0.439941,-0.246826,1.044189
-0.120483,-0.356812,0.819214
-0.115479,0.183228,1.032227
0.357300,-0.377075,0.933350
-0.555664,0.083008,0.777832
0.409668,-0.220703,1.023926
-0.007202,-0.386719,0.854736
-0.189575,0.134644,0.976562
0.392334,-0.366943,0.961548
-0.525269,0.020996,0.741455
0.354614,-0.125000,1.037720
0.042236,-0.408081,0.836060
-0.235229,0.121094,0.954956
0.443726,-0.384277,0.980469
-0.516479,-0.030396,0.727295
0.295410,-0.076904,1.023804
0.104980,-0.431152,0.851196
-0.291626,0.135254,0.916870
0.457031,-0.313110,1.014282
-0.462280,-0.087036,0.750244
0.241089,-0.015625,1.040405
0.093872,-0.421387,0.834717
-0.331299,0.108276,0.914307
0.495972,-0.329956,1.032227
-0.431763,-0.146484,0.763062
0.177124,0.045776,1.051758
0.141602,-0.443726,0.838013
-0.383545,0.117554,0.866699
0.507324,-0.313232,1.044800
-0.385010,-0.183716,0.761719
0.139038,0.056641,1.049072
0.183716,-0.459106,0.848511
-0.397705,0.071655,0.841431
0.503418,-0.284668,1.052856
-0.360962,-0.196289,0.771729
0.097900,0.072632,1.040771
0.253418,-0.485596,0.880249
-0.427368,0.063477,0.811401
0.506104,-0.244507,1.056885
-0.314697,-0.198242,0.785645
0.037842,0.106079,1.031616
0.290649,-0.474976,0.899536
-0.451416,0.027588,0.798828
0.506714,-0.255493,1.059448
-0.255127,-0.238770,0.798340
-0.029053,0.145264,1.025146
0.333496,-0.457153,0.918213
-0.470337,0.025269,0.802856
0.487915,-0.214233,1.083130
-0.175903,-0.249634,0.832031
-0.088745,0.181396,1.031372
0.370605,-0.430298,0.951172
-0.479370,-0.012207,0.787354
0.451172,-0.137207,1.102417
-0.086182,-0.287231,0.837158
-0.127197,0.198486,1.038696
0.417603,-0.421265,0.976929
-0.494873,-0.029907,0.776245
0.420532,-0.137939,1.087402
0.001221,-0.364624,0.847534
-0.183960,0.208130,1.032837
0.463745,-0.394287,1.013062
-0.469604,-0.057373,0.780640
0.355469,-0.070679,1.085449
0.076782,-0.402954,0.856567
-0.229492,0.145874,0.989990
0.500610,-0.355347,1.047607
-0.452393,-0.103271,0.782959
0.276367,-0.020386,1.070923
0.113770,-0.418213,0.864746
-0.293945,0.150269,0.960693
0.525513,-0.305420,1.074097
-0.423950,-0.133667,0.764648
0.223633,0.002197,1.056763
0.182983,-0.429077,0.886353
-0.356079,0.141968,0.910156
0.539062,-0.283325,1.087891
-0.357056,-0.205322,0.790527
0.132202,0.065430,1.051514
0.228882,-0.436279,0.894531
-0.394653,0.067749,0.852661
0.564331,-0.277100,1.103882
-0.283325,-0.212402,0.810425
0.059448,0.135742,1.060425
0.301147,-0.452148,0.911865
-0.433105,0.034668,0.817749
0.543457,-0.208984,1.126099
-0.206543,-0.233154,0.843628
-0.007080,0.189941,1.067871
0.362549,-0.431519,0.954834
-0.482544,0.028931,0.812256
0.531372,-0.220215,1.132812
-0.127808,-0.276245,0.868408
-0.095093,0.225098,1.050659
0.413330,-0.396973,0.991211
-0.452393,-0.000977,0.824341
0.482422,-0.161987,1.126099
-0.028076,-0.328979,0.889771
-0.120605,0.194336,1.051758
0.430908,-0.353516,1.016235
-0.453857,-0.047363,0.799927
0.444458,-0.100586,1.151733
0.047119,-0.374390,0.893799
-0.167358,0.203979,1.044678
0.482422,-0.352905,1.041870
-0.456421,-0.059326,0.783325
0.393188,-0.066650,1.124023
0.085693,-0.388184,0.901001
-0.217285,0.189453,1.031738
0.516479,-0.314819,1.073364
-0.419800,-0.076050,0.807129
0.320557,-0.023926,1.100952
0.128174,-0.402710,0.908203
-0.281738,0.151855,0.982788
0.559448,-0.271729,1.137451
-0.386230,-0.137817,0.805542
0.236084,0.044678,1.090820
0.197510,-0.434448,0.906982
-0.330811,0.088501,0.925293
0.569824,-0.237183,1.143311
-0.326294,-0.182983,0.824341
0.147949,0.102905,1.083130
0.282104,-0.439697,0.946899
-0.386230,0.062012,0.879028
0.559448,-0.218750,1.144165
-0.240967,-0.235229,0.839600
0.062256,0.173462,1.093384
0.343018,-0.430054,0.966675
-0.443604,0.067505,0.854248
0.561890,-0.221558,1.149658
-0.150269,-0.276001,0.871582
-0.017456,0.203003,1.083740
0.387939,-0.375732,0.999146
-0.461182,0.058716,0.848511
0.528687,-0.185669,1.138550
-0.046387,-0.325562,0.899658
-0.066040,0.219849,1.108276
0.427002,-0.362427,1.013550
-0.461914,0.031494,0.832031
0.486450,-0.124756,1.151489
0.053955,-0.381348,0.909058
-0.140137,0.205322,1.081055
0.461914,-0.331299,1.056763
-0.443604,-0.019043,0.832275
0.439697,-0.094971,1.145752
0.047852,-0.382446,0.904785
-0.170776,0.200317,1.065186
0.490234,-0.293945,1.083862
-0.432861,-0.053833,0.817871
0.414429,-0.051392,1.165283
0.072998,-0.366333,0.910400
-0.248047,0.216553,1.046753
0.542114,-0.299683,1.122437
-0.412842,-0.074951,0.822998
0.348267,0.016235,1.149048
0.124268,-0.370117,0.926636
-0.255127,0.175293,1.022949
0.559570,-0.283325,1.132568
-0.392456,-0.134766,0.801636
0.296997,0.016235,1.134766
0.172485,-0.384033,0.944092
-0.300415,0.154175,0.973877
0.582764,-0.276001,1.129150
-0.357422,-0.135498,0.836670
0.220337,0.066406,1.120361
0.243652,-0.426270,0.952759
-0.338623,0.096069,0.919312
0.570801,-0.220337,1.150757
-0.296631,-0.177979,0.840820
0.147217,0.115112,1.123779
0.303223,-0.436768,0.974365
-0.395752,0.074341,0.896851
0.580688,-0.194458,1.165649
-0.236084,-0.227417,0.841675
0.062622,0.197144,1.113281
0.372070,-0.421387,0.986938
-0.429077,0.041504,0.880249
0.566895,-0.205322,1.171509
-0.162720,-0.258789,0.877441
-0.016479,0.217163,1.099487
0.400635,-0.356567,1.003418
-0.436035,0.017944,0.859863
0.541870,-0.170288,1.176880
-0.037598,-0.328613,0.896484
-0.087769,0.226562,1.080566
0.438477,-0.344360,1.019409
-0.451904,-0.021240,0.847412
0.497559,-0.150146,1.175659
0.015137,-0.354858,0.894897
-0.153931,0.227661,1.073364
0.458862,-0.297241,1.062134
-0.442993,-0.054688,0.823975
0.444580,-0.100464,1.170654
0.050537,-0.349731,0.915771
-0.234375,0.212646,1.037842
0.522095,-0.262085,1.106567
-0.398804,-0.100830,0.813721
0.312988,-0.011230,1.138916
0.143799,-0.412720,0.927979
-0.283325,0.137207,0.971924
0.546387,-0.245972,1.128662
-0.359497,-0.136475,0.822998
0.221802,0.072876,1.130981
0.235840,-0.422485,0.939209
-0.373779,0.106079,0.929565
0.570190,-0.223999,1.157104
-0.278198,-0.241821,0.820312
0.108765,0.129883,1.106689
0.304565,-0.397705,0.964722
-0.420044,0.072632,0.884888
0.512451,-0.146851,1.166138
-0.182861,-0.264893,0.858887
-0.116211,0.228271,1.087402
0.458862,-0.339233,1.050171
-0.434692,-0.060547,0.828369
0.450073,-0.090332,1.169189
0.042603,-0.360229,0.897095
-0.180664,0.224243,1.070190
0.506958,-0.296997,1.087524
-0.415527,-0.093262,0.824829
0.379395,-0.031250,1.169312
0.093628,-0.369873,0.905518
-0.252930,0.199219,1.023193
0.553467,-0.276001,1.129761
-0.385986,-0.138916,0.815552
0.293945,0.011963,1.132446
0.202881,-0.413208,0.936401
-0.326538,0.163086,0.964966
0.579346,-0.267334,1.136841
-0.319946,-0.177734,0.828979
0.185425,0.094116,1.112061
0.262085,-0.420044,0.954346
-0.374390,0.101074,0.909180
0.580444,-0.235229,1.151123
-0.240967,-0.225220,0.861206
0.072144,0.156860,1.090820
0.343750,-0.408569,0.984619
-0.413330,0.055298,0.878662
0.558105,-0.189209,1.159668
-0.159790,-0.278442,0.864868
0.001953,0.199097,1.102051
0.387695,-0.381226,1.006104
-0.443237,0.032104,0.851685
0.549072,-0.167358,1.171021
-0.044067,-0.313110,0.898315
-0.073730,0.194946,1.088501
0.412476,-0.351074,1.014771
-0.437134,-0.009766,0.846924
0.500366,-0.110840,1.176636
0.005127,-0.344360,0.894287
-0.140625,0.212280,1.081055
0.473755,-0.339111,1.065430
-0.453979,-0.022705,0.830811
0.439331,-0.078979,1.161621
0.031616,-0.345093,0.890015
-0.200195,0.209961,1.067139
0.522705,-0.306519,1.097778
-0.444458,-0.056519,0.827026
0.364380,-0.006226,1.160767
0.092896,-0.371460,0.910889
-0.268921,0.157227,0.991333
0.550171,-0.282959,1.133423
-0.386841,-0.126221,0.814209
0.303223,0.021851,1.149902
0.151245,-0.362671,0.920776
-0.321167,0.127808,0.933838
0.566650,-0.245117,1.134521
-0.342041,-0.202759,0.805176
0.211914,0.057129,1.121460
0.235474,-0.428711,0.933350
-0.369141,0.112061,0.913696
0.572144,-0.231201,1.146973
-0.290283,-0.236938,0.812622
0.109619,0.114746,1.105713
0.282104,-0.395630,0.963867
-0.406616,0.084717,0.890869
0.568115,-0.219727,1.153076
-0.226440,-0.270996,0.843506
0.041382,0.134888,1.095337
0.327271,-0.376465,0.971558
-0.437012,0.040039,0.858154
0.544922,-0.186279,1.156982
-0.127808,-0.294067,0.864380
-0.032715,0.166260,1.089233
0.387207,-0.362671,1.006470
-0.453613,0.006226,0.824707
0.499512,-0.120850,1.159668
-0.065918,-0.324951,0.845093
-0.106201,0.173828,1.067749
0.427246,-0.338379,1.031128
-0.479614,-0.023560,0.817261
0.458618,-0.087646,1.168701
-0.030762,-0.318359,0.859497
-0.208252,0.202515,1.029907
0.487793,-0.314331,1.065430
-0.454956,-0.088013,0.801025
0.358154,-0.046021,1.150024
0.047485,-0.354614,0.873413
-0.297974,0.176147,0.982056
0.534058,-0.295288,1.102417
-0.397217,-0.165039,0.793213
0.244019,0.020630,1.124512
0.145264,-0.394043,0.897827
-0.376465,0.154663,0.928833
0.554810,-0.294434,1.104614
-0.337036,-0.212646,0.802734
0.130005,0.083984,1.091797
0.244751,-0.387939,0.930298
-0.435059,0.098145,0.876709
0.534668,-0.212646,1.117920
-0.241333,-0.268066,0.813477
0.026245,0.129395,1.072021
0.317017,-0.385376,0.947754
-0.467407,0.034302,0.822266
0.503296,-0.156860,1.127441
-0.114746,-0.333008,0.814941
-0.071777,0.141724,1.063965
0.357788,-0.344971,0.973877
-0.487793,-0.010010,0.806519
0.448608,-0.127319,1.132202
-0.073486,-0.360229,0.815918
-0.176270,0.153809,1.025391
0.427124,-0.309326,1.021484
-0.519409,-0.012329,0.781982
0.354004,-0.119751,1.096680
0.022583,-0.387207,0.857056
-0.301758,0.192749,0.970337
0.473999,-0.275879,1.058228
-0.428955,-0.123779,0.765015
0.237915,0.020874,1.107788
0.079102,-0.383911,0.862183
-0.385742,0.109863,0.902588
0.515137,-0.303345,1.091431
-0.376221,-0.193848,0.780151
0.126953,0.174316,1.103027
0.155029,-0.340454,0.883179
-0.439453,0.078247,0.871216
0.532959,-0.329346,1.084351
-0.307861,-0.297241,0.794556
0.036743,0.124146,1.056763
0.206665,-0.366333,0.882446
-0.492676,0.045410,0.833008
0.524292,-0.262573,1.104492
-0.179321,-0.355469,0.809082
-0.045166,0.102539,1.019287
0.257812,-0.341919,0.902710
-0.521851,0.050659,0.772583
0.473877,-0.190186,1.093262
-0.153564,-0.356445,0.800293
-0.112793,0.100830,1.029907
0.339844,-0.400146,0.933838
-0.536499,0.016113,0.777710
0.434326,-0.150391,1.097534
-0.115845,-0.356567,0.781616
-0.229492,0.174805,0.985474
0.395508,-0.330200,0.987183
-0.517700,-0.007690,0.775269
0.354614,-0.112915,1.083008
-0.086548,-0.369873,0.798950
-0.287109,0.154053,0.947144
0.425537,-0.327637,1.008301
-0.510620,-0.049438,0.753052
0.272461,-0.021729,1.078979
-0.000122,-0.368530,0.819458
-0.376099,0.167236,0.923950
0.446289,-0.311157,1.017822
-0.490234,-0.131226,0.725464
0.228027,-0.013550,1.079834
0.050415,-0.386230,0.827393
-0.448486,0.200195,0.892090
0.455444,-0.298950,1.015503
-0.461182,-0.169556,0.736450
0.157959,-0.004150,1.049438
0.090942,-0.413330,0.835449
-0.503174,0.188965,0.851807
0.473389,-0.278809,1.021729
-0.403931,-0.193848,0.751709
0.073242,0.073242,1.051514
0.168945,-0.421143,0.868774
-0.536255,0.118530,0.818237
0.470825,-0.259888,1.043701
-0.316040,-0.231812,0.762695
-0.008179,0.116577,1.030762
0.236206,-0.432129,0.877441
-0.561646,0.071899,0.789917
0.436890,-0.211914,1.039551
-0.259155,-0.311646,0.717041
-0.074585,0.139893,1.006104
0.291138,-0.389404,0.904663
-0.581055,0.095825,0.772217
0.423218,-0.221558,1.026367
-0.206543,-0.341187,0.730591
-0.182373,0.138794,0.969604
0.332397,-0.407349,0.927246
-0.571411,0.019653,0.764526
0.372314,-0.132324,1.056274
-0.181519,-0.339600,0.712036
-0.251831,0.194336,0.959229
0.383057,-0.375366,0.956055
-0.570679,-0.022339,0.755981
0.330200,-0.128174,1.033081
-0.141357,-0.385620,0.723267
-0.323120,0.181274,0.910889
0.395020,-0.327759,0.968628
-0.549805,-0.037109,0.729370
0.266724,-0.068115,1.031738
-0.072266,-0.365601,0.765381
-0.401489,0.183960,0.886108
0.430908,-0.356567,0.979126
-0.526733,-0.083130,0.716309
0.172729,-0.000366,1.022827
-0.006104,-0.377197,0.796265
-0.458618,0.187012,0.877075
0.453125,-0.312378,1.002930
-0.516113,-0.114502,0.722290
0.066650,0.084351,1.010376
0.103394,-0.429688,0.825195
-0.523926,0.147217,0.838379
0.451660,-0.255127,1.027832
-0.405640,-0.190430,0.735229
-0.010254,0.130615,1.005859
0.167236,-0.425415,0.833740
-0.578491,0.111816,0.785034
0.447144,-0.230103,1.030762
-0.284302,-0.290894,0.723877
-0.079590,0.188354,0.997437
0.213013,-0.373413,0.846558
-0.596436,0.098755,0.768433
0.434448,-0.276733,1.007568
-0.222046,-0.377930,0.706177
-0.152466,0.141113,0.933228
0.265747,-0.333740,0.880127
-0.592285,0.076294,0.739624
0.375610,-0.236450,0.990845
-0.178589,-0.364136,0.736328
-0.210938,0.129395,0.936401
0.319824,-0.335693,0.914917
-0.618652,0.067871,0.712646
0.319824,-0.143433,0.995239
-0.114380,-0.379028,0.752319
-0.324829,0.162354,0.901733
0.374268,-0.350464,0.937622
-0.581665,0.015381,0.707764
0.254150,-0.055664,1.014648
-0.078491,-0.363892,0.751465
-0.395752,0.206665,0.878540
0.397827,-0.332397,0.950195
-0.566284,-0.073608,0.693481
0.171875,-0.015137,0.991577
0.011597,-0.413452,0.788452
-0.485596,0.238647,0.866699
0.412476,-0.276733,0.959473
-0.488892,-0.120239,0.713257
0.076538,0.057373,1.012329
0.090942,-0.419556,0.812012
-0.533569,0.181274,0.835205
0.414795,-0.220581,0.993896
-0.405029,-0.153198,0.729492
-0.009399,0.124756,1.001099
0.184082,-0.406860,0.852905
-0.593872,0.152222,0.793091
0.416748,-0.187012,1.009155
-0.267700,-0.261475,0.728882
-0.125000,0.166870,0.974487
0.265747,-0.415405,0.873291
-0.601440,0.082886,0.763428
0.398682,-0.158691,1.020752
-0.191406,-0.317871,0.714722
-0.244995,0.213989,0.936401
0.352661,-0.376221,0.909424
-0.589844,-0.002197,0.731079
0.315918,-0.088379,1.017700
-0.117310,-0.376465,0.706909
-0.323730,0.209717,0.887207
0.373657,-0.311890,0.930054
-0.558105,-0.029785,0.711670
0.243164,-0.059814,1.001709
-0.039551,-0.420532,0.750122
-0.440308,0.206909,0.859375
0.400269,-0.277344,0.948975
-0.509888,-0.073853,0.720093
0.142212,0.042480,1.006714
0.053955,-0.409180,0.792236
-0.535645,0.235962,0.847412
0.431641,-0.253174,0.981201
-0.405518,-0.150513,0.733643
0.029297,0.146851,1.010986
0.153198,-0.398926,0.829102
-0.587158,0.183350,0.801514
0.427124,-0.225586,0.995728
-0.293823,-0.243042,0.732910
-0.065308,0.191284,0.984131
0.234375,-0.364136,0.869995
-0.602539,0.115601,0.765381
0.428467,-0.200928,1.022705
-0.206421,-0.319336,0.712646
-0.132812,0.214355,0.951538
0.287842,-0.333618,0.876465
-0.622559,0.141724,0.758545
0.414185,-0.201904,1.001221
-0.143799,-0.380005,0.740967
-0.207642,0.148193,0.899780
0.321411,-0.314697,0.915527
-0.608398,0.114868,0.738403
0.372437,-0.137207,1.006836
-0.087280,-0.385864,0.751099
-0.283936,0.182617,0.887207
0.369507,-0.327515,0.913452
-0.582275,0.081543,0.727905
0.319092,-0.072144,1.010376
-0.052002,-0.398438,0.746826
-0.341064,0.191772,0.871948
0.403198,-0.318726,0.928589
-0.565308,0.042603,0.718506
0.254028,-0.030273,0.983521
-0.024658,-0.395874,0.755981
-0.391846,0.195557,0.862061
0.430542,-0.305054,0.951782
-0.542969,-0.015137,0.721436
0.190552,0.054199,1.011353
0.015259,-0.398071,0.771118
-0.428833,0.185547,0.854980
0.424561,-0.278687,0.951660
-0.501099,-0.056885,0.732422
0.141235,0.065796,1.008179
0.060425,-0.423706,0.784424
-0.483154,0.202759,0.832153
0.441406,-0.245117,0.977417
-0.450195,-0.089111,0.748657
0.091064,0.114014,1.030640
0.097290,-0.407715,0.808838
-0.521118,0.171387,0.803833
0.452759,-0.231934,0.995117
-0.395874,-0.126709,0.750732
0.032715,0.141724,1.012329
0.158447,-0.406250,0.830933
-0.543335,0.155518,0.797729
0.442993,-0.190186,1.001099
-0.324585,-0.191162,0.747437
-0.026489,0.165161,1.009155
0.228271,-0.415161,0.855347
-0.579712,0.148193,0.770386
0.438110,-0.166504,1.007324
-0.236694,-0.236694,0.753784
-0.093506,0.184814,0.973999
0.291016,-0.426392,0.881226
-0.602173,0.115723,0.756836
0.431519,-0.140503,1.031006
-0.141479,-0.300537,0.749023
-0.182617,0.217285,0.948120
0.338135,-0.359985,0.900024
-0.581055,0.071655,0.761963
0.379395,-0.137207,1.006348
-0.081665,-0.370483,0.747803
-0.234741,0.190796,0.901611
0.374512,-0.312012,0.928711
-0.568481,0.020752,0.740601
0.298706,-0.099121,0.982910
-0.010620,-0.414673,0.773682
-0.284790,0.141357,0.867065
0.385864,-0.256958,0.943970
-0.543945,0.050659,0.741699
0.222778,-0.011230,0.973633
0.040161,-0.412231,0.773560
-0.364014,0.113892,0.839355
0.421509,-0.254150,0.972046
-0.505005,-0.012085,0.743530
0.146973,0.095947,0.999634
0.069702,-0.377197,0.795898
-0.459595,0.098999,0.803101
0.445557,-0.267944,1.004272
-0.410645,-0.127441,0.756348
0.085571,0.193604,1.045776
0.093262,-0.361084,0.783447
-0.521362,0.130737,0.793457
0.495239,-0.299683,1.003784
-0.345947,-0.172852,0.778687
-0.002197,0.222534,1.019165
0.160278,-0.376221,0.819458
-0.542847,0.092773,0.756348
0.496216,-0.283569,1.015503
-0.282104,-0.198608,0.787720
-0.063354,0.213257,0.995728
0.225952,-0.385498,0.846191
-0.551514,0.081055,0.744873
0.464111,-0.225220,1.027710
-0.231934,-0.223633,0.791870
-0.089478,0.190796,0.988892
0.283203,-0.445068,0.854858
-0.564819,0.089355,0.747925
0.442993,-0.177124,1.028320
-0.169678,-0.246704,0.794067
-0.140137,0.199341,0.973389
0.318726,-0.463745,0.875366
-0.567749,0.070923,0.751465
0.414062,-0.141602,1.019897
-0.107788,-0.268188,0.793823
-0.188721,0.211548,0.955688
0.359375,-0.410522,0.913208
-0.556885,0.022339,0.755737
0.383667,-0.153198,1.012451
-0.055420,-0.335327,0.789307
-0.236328,0.185059,0.921753
0.389160,-0.353271,0.943726
-0.545776,-0.042236,0.729614
0.330078,-0.131104,1.011108
0.001831,-0.424683,0.767334
-0.293579,0.195312,0.896484
0.417236,-0.351318,0.942505
-0.525757,-0.062500,0.745239
0.257568,-0.100708,0.978516
0.055054,-0.462402,0.765381
-0.342773,0.136841,0.842407
0.448853,-0.310181,0.974976
-0.487061,-0.099121,0.743774
0.165771,-0.003296,0.995483
0.077515,-0.480469,0.758301
-0.393311,0.101562,0.815918
0.467407,-0.290039,0.994385
-0.424316,-0.121582,0.758301
0.071167,0.088135,0.994995
0.149292,-0.481079,0.799194
-0.462646,0.082031,0.796875
0.468384,-0.276367,1.003052
-0.341675,-0.185669,0.774048
-0.006104,0.148804,1.010742
0.205322,-0.460693,0.816528
-0.508179,0.058350,0.759033
0.476562,-0.243896,1.032227
-0.244019,-0.211426,0.810425
-0.076050,0.178955,1.009766
0.272583,-0.473633,0.849731
-0.559082,0.043701,0.731201
0.465820,-0.255371,1.033936
-0.170410,-0.259033,0.823242
-0.126465,0.210571,1.001343
0.319580,-0.377930,0.909302
-0.551025,0.070068,0.762207
0.420166,-0.208862,1.026978
-0.084106,-0.363281,0.813232
-0.167480,0.161011,0.974487
0.344971,-0.360718,0.932129
-0.538330,0.014282,0.742554
0.392700,-0.168213,1.034790
-0.026733,-0.383789,0.823242
-0.221191,0.161743,0.947510
0.396362,-0.375977,0.952515
-0.513794,-0.031250,0.741211
0.320312,-0.097290,1.020752
0.016602,-0.423584,0.806396
-0.239990,0.116821,0.921753
0.428223,-0.359375,0.971924
-0.519653,-0.041260,0.734375
0.291870,-0.069458,1.014160
0.084473,-0.453247,0.815796
-0.312744,0.162231,0.916504
0.456299,-0.340210,0.994385
-0.470703,-0.092896,0.755371
0.244385,-0.034302,1.035889
0.099731,-0.447388,0.815430
-0.350464,0.133057,0.888672
0.484131,-0.348267,1.006348
-0.447144,-0.132812,0.762939
0.188477,-0.002686,1.040161
0.123047,-0.465942,0.815063
-0.397705,0.126099,0.864014
0.488770,-0.300293,1.020874
-0.395996,-0.169189,0.758179
0.140991,0.035400,1.045776
0.192261,-0.498779,0.848022
-0.452148,0.097046,0.830811
0.504028,-0.298462,1.015869
-0.354248,-0.171265,0.774780
0.059937,0.089844,1.024170
0.270508,-0.504883,0.883667
-0.450195,0.057129,0.804810
0.476685,-0.237793,1.044922
-0.286011,-0.194580,0.805420
0.004639,0.113647,1.038818
0.301392,-0.500610,0.884521
-0.478149,0.026611,0.773682
0.479370,-0.197388,1.066406
-0.212280,-0.198486,0.826294
-0.064819,0.161011,1.022095
0.354126,-0.480957,0.927856
-0.485229,-0.010864,0.775269
0.438477,-0.142944,1.083374
-0.124023,-0.269531,0.822632
-0.105347,0.199097,1.043579
0.402832,-0.444946,0.963867
-0.488892,-0.042480,0.789429
0.408813,-0.126221,1.081177
-0.044800,-0.330811,0.826782
-0.166016,0.208496,1.028320
0.438110,-0.385742,0.993286
-0.480957,-0.064575,0.773682
0.374878,-0.135620,1.066895
0.042969,-0.398804,0.843262
-0.235107,0.211548,0.991455
0.492310,-0.364258,1.017578
-0.448975,-0.100464,0.784912
0.299194,-0.069214,1.060669
0.092651,-0.431152,0.851562
-0.272949,0.146118,0.951416
0.505981,-0.296387,1.057983
-0.419434,-0.105103,0.801880
0.240356,-0.010742,1.076294
0.158325,-0.461792,0.868896
-0.334351,0.117676,0.918945
0.536377,-0.273804,1.094604
-0.381958,-0.134521,0.792847
0.146362,0.070435,1.060669
0.244629,-0.471558,0.895020
-0.379150,0.055420,0.863403
0.535645,-0.260376,1.092773
-0.306519,-0.202759,0.811035
0.053467,0.134888,1.054199
0.338745,-0.476929,0.939087
-0.433838,0.034790,0.835083
0.503906,-0.188354,1.108887
-0.180664,-0.249146,0.840088
-0.031006,0.190063,1.058594
0.375244,-0.397827,0.975586
-0.470093,0.011963,0.826660
0.500854,-0.182739,1.137939
-0.086670,-0.301025,0.859985
-0.084351,0.180420,1.053711
0.431396,-0.350952,1.018311
-0.476685,-0.002319,0.806152
0.444214,-0.125732,1.126221
0.039673,-0.400146,0.875244
-0.140747,0.179810,1.052246
0.476685,-0.331299,1.056885
-0.467773,-0.018677,0.793335
0.391846,-0.088135,1.108154
0.077515,-0.411011,0.884155
-0.215454,0.172974,1.027100
0.517090,-0.304932,1.092529
-0.409302,-0.096924,0.797974
0.320068,0.013306,1.127197
0.117432,-0.422119,0.891724
-0.285645,0.147461,0.990234
0.565063,-0.287354,1.135742
-0.380127,-0.127441,0.813721
0.238892,0.091309,1.118286
0.202393,-0.421631,0.920044
-0.328979,0.079102,0.929077
0.571411,-0.267334,1.161499
-0.326172,-0.221069,0.803955
0.167480,0.101074,1.101929
0.295288,-0.423584,0.953247
-0.409912,0.100830,0.880005
0.578735,-0.257568,1.135376
-0.253906,-0.217896,0.839478
0.068359,0.140381,1.075684
0.346680,-0.432251,0.973022
-0.403809,0.056763,0.875732
0.549438,-0.178223,1.150635
-0.205078,-0.221802,0.859131
0.002686,0.174927,1.073730
0.405273,-0.415039,1.015259
-0.414429,0.000488,0.857178
0.511597,-0.115356,1.165039
-0.096802,-0.258179,0.888062
-0.049561,0.192261,1.084229
0.442749,-0.367920,1.037354
-0.447998,-0.017944,0.843628
0.490479,-0.109863,1.163330
0.022461,-0.352417,0.895874
-0.126709,0.210571,1.075562
0.468384,-0.321045,1.067505
-0.435669,-0.070557,0.807739
0.454712,-0.053101,1.182617
0.048584,-0.356201,0.888306
-0.190308,0.226807,1.067749
0.515381,-0.296753,1.089966
-0.422852,-0.076172,0.812622
0.396973,-0.038452,1.158203
0.106445,-0.378540,0.918091
-0.262939,0.202026,1.019531
0.544067,-0.266113,1.126465
-0.387695,-0.133179,0.813843
0.315674,-0.006714,1.148438
0.179321,-0.394287,0.935303
-0.313232,0.150513,0.960693
0.565674,-0.248657,1.133789
-0.318604,-0.178833,0.846436
0.182129,0.087036,1.116943
0.261108,-0.430298,0.961304
-0.357788,0.092041,0.907837
0.562012,-0.206543,1.146729
-0.241089,-0.219604,0.842651
0.087646,0.163696,1.110718
0.335327,-0.438232,0.970459
-0.409424,0.078735,0.896851
0.560913,-0.180786,1.155640
-0.188477,-0.239258,0.854736
0.008179,0.196533,1.108398
0.394409,-0.442383,0.993164
-0.430786,0.027588,0.873657
0.539551,-0.125366,1.183472
-0.104980,-0.310913,0.863525
-0.065796,0.209351,1.078003
0.432861,-0.380249,1.023071
-0.437866,-0.041504,0.834717
0.498413,-0.142822,1.167603
-0.033447,-0.359375,0.875366
-0.103027,0.182983,1.061768
0.437256,-0.320679,1.033081
-0.448120,-0.016479,0.827393
0.474854,-0.121338,1.169434
-0.017700,-0.328979,0.888062
-0.176880,0.182373,1.040894
0.491577,-0.307983,1.077637
-0.443359,-0.049194,0.807739
0.410034,-0.057983,1.165405
0.026123,-0.358276,0.889404
-0.245605,0.195557,1.035400
0.520020,-0.307129,1.095459
-0.436279,-0.088013,0.810181
0.363770,-0.017700,1.164795
0.082764,-0.351929,0.912109
-0.300781,0.199097,0.989136
0.526855,-0.299438,1.087036
-0.404541,-0.130981,0.797729
0.315430,0.012695,1.160278
0.121094,-0.373779,0.906738
-0.328369,0.163940,0.951294
0.541748,-0.289917,1.095947
-0.367554,-0.158813,0.808105
0.233887,0.026855,1.129761
0.186035,-0.409668,0.920288
-0.377563,0.142944,0.923706
0.528442,-0.237061,1.100708
-0.347168,-0.181274,0.814941
0.178955,0.028198,1.100220
0.238770,-0.395874,0.947021
-0.434326,0.139160,0.900146
0.535400,-0.217163,1.112671
-0.294556,-0.219727,0.804932
0.097900,0.117798,1.101807
0.282959,-0.409546,0.953613
-0.428833,0.057129,0.878906
0.534302,-0.188232,1.131836
-0.243530,-0.238037,0.811646
-0.000610,0.137207,1.057251
0.327637,-0.410645,0.955078
-0.431763,0.013672,0.843140
0.506592,-0.149170,1.139771
-0.172852,-0.267334,0.822266
-0.057861,0.149780,1.056030
0.353882,-0.385254,0.971558
-0.454102,-0.024048,0.824097
0.491943,-0.159180,1.140991
-0.132080,-0.304321,0.803345
-0.129883,0.171997,1.018555
0.393677,-0.350098,0.988647
-0.489258,-0.027344,0.798584
0.461914,-0.146240,1.135620
-0.098267,-0.338135,0.790527
-0.198608,0.194336,1.019531
0.427856,-0.318604,1.006348
-0.497803,-0.057129,0.791870
0.397705,-0.134644,1.119019
-0.051392,-0.354492,0.826538
-0.267212,0.180420,0.965942
0.461426,-0.289185,1.040039
-0.477417,-0.080811,0.767212
0.290039,-0.047485,1.119263
0.032837,-0.401855,0.843750
-0.342896,0.175537,0.937500
0.479980,-0.276978,1.047485
-0.434814,-0.126343,0.768677
0.201050,0.026367,1.086060
0.115479,-0.407715,0.865234
-0.433350,0.110840,0.881226
0.492188,-0.282471,1.068848
-0.376099,-0.199219,0.763062
0.091553,0.121948,1.077026
0.182373,-0.375122,0.877319
-0.480957,0.073853,0.840454
0.534790,-0.188599,1.155640
-0.266724,-0.284546,0.784424
-0.072144,0.155396,1.048584
0.376831,-0.333130,0.987427
-0.462158,0.000610,0.826904
0.493164,-0.151123,1.155029
-0.056030,-0.365967,0.838135
-0.162476,0.181396,1.037598
0.452759,-0.319824,1.032349
-0.481689,-0.007935,0.809937
0.399292,-0.085083,1.141846
-0.006958,-0.335327,0.881592
-0.249878,0.163696,1.016113
0.482422,-0.289917,1.081909
-0.474487,-0.042114,0.781616
0.326050,-0.015747,1.140259
0.081543,-0.385864,0.879883
-0.326782,0.142578,0.953247
0.508057,-0.269287,1.087158
-0.413940,-0.143311,0.766113
0.239990,0.050781,1.141113
0.159912,-0.406372,0.897217
-0.406128,0.162598,0.927002
0.524780,-0.264893,1.080811
-0.357788,-0.184937,0.797729
0.125854,0.087280,1.088501
0.209839,-0.395020,0.917358
-0.441162,0.083862,0.866455
0.528687,-0.244507,1.097656
-0.301147,-0.242432,0.790771
0.041260,0.119385,1.069092
0.267456,-0.382202,0.916260
-0.467285,0.071655,0.841919
0.515259,-0.224976,1.101440
-0.229248,-0.286743,0.802002
-0.032349,0.123047,1.045166
0.310303,-0.412598,0.935059
-0.490479,0.032837,0.814819
0.482300,-0.160400,1.112305
-0.177856,-0.293457,0.785767
-0.093628,0.148926,1.036255
0.346436,-0.395996,0.945557
-0.504028,-0.000977,0.796509
0.465088,-0.164795,1.112793
-0.151367,-0.295532,0.788330
-0.181519,0.175659,1.009644
0.381104,-0.355835,0.968750
-0.513550,-0.037476,0.775146
0.430420,-0.139893,1.114136
-0.105835,-0.329102,0.785767
-0.267456,0.195190,0.970581
0.426636,-0.331055,0.988525
-0.514038,-0.054199,0.767334
0.347046,-0.120239,1.090454
-0.050171,-0.356079,0.816162
-0.317261,0.189331,0.926880
0.424438,-0.294067,0.998169
-0.502075,-0.051758,0.761230
0.289551,-0.083496,1.083252
0.007080,-0.381714,0.838623
-0.389771,0.180786,0.907471
0.447021,-0.273193,1.027710
-0.455200,-0.145142,0.743042
0.175415,0.015381,1.072632
0.084106,-0.404785,0.838135
-0.455566,0.152954,0.875977
0.485352,-0.286011,1.039917
-0.406494,-0.183105,0.773804
0.041382,0.107544,1.022949
0.183960,-0.396973,0.864380
-0.505005,0.093140,0.831909
0.476562,-0.233398,1.069092
-0.290527,-0.258301,0.768188
-0.038452,0.123413,1.004639
0.241089,-0.382812,0.885864
-0.549438,0.025391,0.775024
0.456177,-0.220337,1.062012
-0.200195,-0.336060,0.743530
-0.158813,0.186646,0.993042
0.316040,-0.400391,0.890625
-0.570068,0.022705,0.756470
0.392944,-0.201294,1.042725
-0.140869,-0.380615,0.765137
-0.240845,0.140625,0.954224
0.358032,-0.333740,0.953613
-0.581177,0.045410,0.747437
0.316528,-0.127686,1.024048
-0.087036,-0.379272,0.781372
-0.319580,0.135498,0.929688
0.394775,-0.309204,0.981445
-0.548218,-0.012329,0.719727
0.241089,-0.029419,1.036133
-0.025757,-0.366455,0.795898
-0.408569,0.173584,0.900391
0.433960,-0.337280,0.988770
-0.539062,-0.109009,0.704712
0.145142,-0.005737,1.005615
0.056274,-0.404907,0.810425
-0.484253,0.182617,0.863403
0.437866,-0.259521,1.017334
-0.460571,-0.165283,0.725952
0.057129,0.085815,1.016113
0.115601,-0.402588,0.833252
-0.523804,0.144653,0.822388
0.452759,-0.268921,1.010864
-0.393311,-0.154785,0.748413
-0.019531,0.140991,1.016113
0.192993,-0.429565,0.843872
-0.558228,0.093262,0.801392
0.440308,-0.220093,1.031250
-0.306641,-0.252197,0.732300
-0.107788,0.150513,0.973633
0.261841,-0.392334,0.878906
-0.577393,0.061279,0.779541
0.408936,-0.197510,1.031860
-0.239502,-0.330322,0.701172
-0.188599,0.165649,0.964233
0.326172,-0.389282,0.910767
-0.615845,0.043701,0.746826
0.374390,-0.150391,1.038696
-0.160156,-0.363770,0.731812
-0.287598,0.193237,0.920776
0.359131,-0.343628,0.937622
-0.580811,-0.018433,0.720581
0.306274,-0.113770,1.023315
-0.122437,-0.379761,0.732178
-0.381348,0.188110,0.882080
0.406616,-0.326416,0.952271
-0.554443,-0.026489,0.708740
0.197876,0.005371,1.010254
-0.022583,-0.358032,0.801514
-0.482056,0.193359,0.862793
0.433960,-0.316040,0.976562
-0.498535,-0.112061,0.700928
0.087769,0.116211,1.021362
0.064575,-0.385986,0.802734
-0.541626,0.184082,0.825195
0.432495,-0.295166,0.969727
-0.420166,-0.163208,0.736206
0.033325,0.115112,0.999512
0.153442,-0.398315,0.827881
-0.581055,0.185059,0.806519
0.424683,-0.243530,0.989868
-0.325317,-0.288940,0.710449
-0.030151,0.134399,0.994629
0.199097,-0.380737,0.853271
-0.606079,0.148071,0.788208
0.429443,-0.223267,1.004517
-0.264648,-0.297852,0.708130
-0.120239,0.176147,0.972046
0.268311,-0.372559,0.884644
-0.588379,0.106323,0.765503
0.401733,-0.162231,1.019653
-0.221069,-0.332642,0.699097
-0.199219,0.192383,0.942383
0.326416,-0.388672,0.893311
-0.601318,0.088867,0.768921
0.361938,-0.137207,1.011230
-0.167480,-0.350220,0.713501
-0.271484,0.181763,0.897949
0.363647,-0.353394,0.917480
-0.576782,0.024902,0.748535
0.313232,-0.098633,1.007568
-0.131714,-0.367310,0.706543
-0.323853,0.196899,0.883179
0.394165,-0.325195,0.948242
-0.568604,-0.010376,0.710083
0.265015,-0.058838,0.998657
-0.063354,-0.383911,0.747314
-0.389160,0.197388,0.867188
0.402100,-0.317139,0.941284
-0.551147,-0.049438,0.705811
0.212524,-0.019287,0.989258
-0.023315,-0.386475,0.755127
-0.440918,0.221558,0.851807
0.419189,-0.306152,0.958130
-0.537231,-0.113892,0.702515
0.173462,-0.017700,0.992432
0.013672,-0.392700,0.772583
-0.478516,0.219116,0.848511
0.432983,-0.253052,0.974365
-0.478394,-0.112915,0.718018
0.093994,0.067383,0.997681
0.064819,-0.425171,0.781860
-0.511353,0.204102,0.826172
0.458130,-0.233276,0.991821
-0.427368,-0.095337,0.745239
0.034302,0.127808,1.006104
0.135620,-0.424927,0.807251
-0.545654,0.161255,0.805908
0.453369,-0.204224,1.006348
-0.360474,-0.146973,0.740479
-0.032471,0.178589,0.993164
0.213745,-0.430786,0.838623
-0.583008,0.144775,0.782837
0.437378,-0.177002,1.013306
-0.284668,-0.178711,0.758789
-0.087769,0.211548,0.992554
0.271851,-0.401123,0.865356
-0.596802,0.099365,0.763916
0.432129,-0.185425,1.022339
-0.213257,-0.245361,0.748169
-0.138306,0.222290,0.956665
0.322144,-0.356567,0.901855
-0.620361,0.090942,0.740479
0.414062,-0.166382,1.023071
-0.118896,-0.361206,0.750122
-0.207031,0.208374,0.921997
0.346680,-0.333740,0.895264
-0.596924,0.083130,0.744507
0.370117,-0.133789,1.023071
-0.058960,-0.400269,0.748657
-0.284790,0.199951,0.884033
0.379761,-0.306763,0.915161
-0.558105,0.032715,0.731689
0.302002,-0.069214,0.993896
-0.021240,-0.411987,0.759521
-0.343994,0.168945,0.856201
0.406250,-0.280518,0.935425
-0.536865,0.033813,0.733398
0.216309,0.003906,0.998779
0.009888,-0.413086,0.766479
-0.412842,0.161133,0.832642
0.437866,-0.280518,0.953125
-0.486328,-0.028687,0.756958
0.134521,0.089355,1.016968
0.064941,-0.424194,0.791016
-0.453613,0.151489,0.819214
0.452026,-0.254028,0.984009
-0.431274,-0.084106,0.759888
0.071899,0.133545,1.010986
0.127441,-0.408081,0.816528
-0.533936,0.134155,0.789429
0.462524,-0.265625,0.990479
-0.336670,-0.168945,0.764526
-0.001343,0.206177,1.020752
0.180054,-0.369263,0.831177
-0.561401,0.112427,0.770020
0.468628,-0.239990,1.019409
-0.265747,-0.221069,0.761719
-0.055054,0.207031,0.996948
0.249268,-0.348633,0.881104
-0.591675,0.116821,0.757568
0.451294,-0.238892,1.020142
-0.178467,-0.299316,0.772217
-0.128906,0.210083,0.966309
0.311035,-0.363770,0.892090
-0.582031,0.101074,0.760132
0.409912,-0.181152,1.010742
-0.103882,-0.343262,0.776978
-0.184326,0.192261,0.939087
0.346069,-0.361328,0.906860
-0.573853,0.078613,0.756592
0.381470,-0.140625,1.012451
-0.044434,-0.385864,0.775024
-0.261719,0.174927,0.899780
0.382324,-0.358398,0.926270
-0.537598,-0.003174,0.750732
0.312256,-0.067505,0.998901
0.001343,-0.404419,0.771240
-0.300903,0.161621,0.867432
0.404785,-0.331909,0.940552
-0.517822,-0.067627,0.724609
0.248535,-0.043823,1.005127
0.037720,-0.438721,0.756104
-0.375244,0.179321,0.840454
0.454468,-0.324585,0.958252
-0.484619,-0.058228,0.753784
0.159790,-0.004272,0.987671
0.071411,-0.444092,0.770142
-0.427124,0.130249,0.811157
0.469849,-0.284668,0.989624
-0.441528,-0.122070,0.740845
0.069580,0.083496,1.001343
0.151733,-0.479858,0.799316
-0.486938,0.107788,0.782837
0.468628,-0.255371,1.000366
-0.355957,-0.174683,0.749878
-0.016846,0.151611,0.995117
0.240723,-0.465210,0.840820
-0.535889,0.066528,0.751343
0.462524,-0.238037,1.018311
-0.236206,-0.213867,0.792847
-0.124268,0.192505,0.977661
0.299927,-0.448853,0.866211
-0.549927,0.040649,0.750366
0.415649,-0.161255,1.030884
-0.119629,-0.303345,0.781738
-0.180542,0.199951,0.965088
0.367432,-0.388062,0.926514
-0.547485,0.030029,0.755859
0.358032,-0.142334,1.012085
-0.019653,-0.436890,0.783447
-0.256958,0.148804,0.909912
0.405518,-0.353149,0.958862
-0.531250,-0.041626,0.750610
0.272827,-0.058105,0.997437
0.051392,-0.458618,0.778442
-0.317505,0.101440,0.860107
0.449097,-0.335815,0.973755
-0.485840,-0.111328,0.734131
0.181885,0.014160,1.009155
0.095459,-0.457520,0.781372
-0.412476,0.109863,0.821777
0.480469,-0.317505,1.002808
-0.422241,-0.160156,0.750366
0.080322,0.097656,1.015869
0.168213,-0.458984,0.824951
-0.471313,0.048340,0.782593
0.495361,-0.279053,1.034912
-0.334229,-0.192993,0.771973
-0.036743,0.191895,1.018066
0.269165,-0.447998,0.871216
-0.507568,0.027344,0.753296
0.461792,-0.276245,1.025391
-0.229858,-0.256470,0.798828
-0.102051,0.187012,1.006104
0.318237,-0.407471,0.905640
-0.524048,0.027466,0.763794
0.443359,-0.217529,1.051758
-0.130737,-0.317383,0.807861
-0.191284,0.191650,0.970093
0.379761,-0.437012,0.923706
-0.497437,-0.027954,0.755127
0.369629,-0.109009,1.051758
-0.008179,-0.361328,0.820801
-0.237915,0.171753,0.947388
0.424805,-0.408569,0.952148
-0.500000,-0.078857,0.750366
0.323364,-0.105591,1.030273
0.063110,-0.426025,0.817871
-0.287842,0.151611,0.924683
0.449829,-0.343872,0.994751
-0.456421,-0.125977,0.755737
0.244751,-0.053345,1.021118
0.106079,-0.456177,0.817749
-0.354858,0.131104,0.892334
0.481201,-0.314941,1.013794
-0.413452,-0.144653,0.767700
0.154541,0.031982,1.030884
0.151367,-0.455688,0.841553
-0.397217,0.064575,0.835693
0.493286,-0.279419,1.044312
-0.368042,-0.185913,0.762817
0.075439,0.085571,1.036499
0.260986,-0.491943,0.872437
-0.446777,0.042603,0.798950
0.479248,-0.233032,1.046997
-0.273438,-0.202026,0.789185
-0.018066,0.127075,1.021851
0.349243,-0.515625,0.913696
-0.487305,0.011353,0.778442
0.456177,-0.170166,1.084839
-0.165161,-0.246948,0.829834
-0.108398,0.207031,1.024414
0.395508,-0.449585,0.952881
-0.495605,-0.003662,0.789185
0.431396,-0.158325,1.087280
-0.044434,-0.323608,0.843262
-0.158691,0.213257,1.027832
0.428467,-0.386353,0.983154
-0.478882,-0.057739,0.785889
0.365845,-0.122192,1.056396
0.050781,-0.413574,0.846924
-0.195801,0.153931,0.983887
0.457886,-0.316528,1.020996
-0.456787,-0.069580,0.782104
0.301270,-0.067749,1.052856
0.098511,-0.436035,0.863403
-0.267090,0.115723,0.962769
0.519775,-0.312744,1.076050
-0.434204,-0.101318,0.784424
0.211792,0.029053,1.059204
0.189941,-0.440674,0.892456
-0.336548,0.085938,0.915039
0.537109,-0.267090,1.110596
-0.371826,-0.174927,0.778931
0.163452,0.072998,1.074463
0.242676,-0.460571,0.892090
-0.413818,0.087402,0.869873
0.570435,-0.284302,1.114990
-0.285034,-0.251709,0.804199
0.068115,0.157593,1.067749
0.292847,-0.420410,0.928467
-0.422363,0.007690,0.826416
0.544678,-0.265015,1.121338
-0.244019,-0.271606,0.823853
0.027222,0.169067,1.077515
0.344116,-0.411377,0.962524
-0.445923,0.034668,0.828857
0.527832,-0.218506,1.131592
-0.177246,-0.271118,0.847046
-0.016357,0.192993,1.081665
0.382812,-0.406982,0.985107
-0.464966,0.036255,0.828613
0.519775,-0.200806,1.120605
-0.068481,-0.283691,0.896973
-0.082397,0.226074,1.087280
0.413208,-0.379639,0.997070
-0.442871,0.000610,0.821167
0.499268,-0.161377,1.139038
-0.013306,-0.328613,0.892212
-0.140503,0.222412,1.074341
0.456421,-0.344604,1.031982
-0.429077,-0.037720,0.838013
0.424683,-0.094482,1.134766
0.053833,-0.389771,0.896362
-0.170654,0.189575,1.046631
0.501709,-0.304321,1.082520
-0.440796,-0.060913,0.801758
0.379272,-0.054321,1.140137
0.085083,-0.378174,0.910767
-0.238159,0.192139,1.033936
0.530640,-0.272461,1.112915
-0.404663,-0.095459,0.818970
0.314697,0.000977,1.132202
0.155029,-0.387695,0.931274
-0.292603,0.132812,0.962646
0.571533,-0.265381,1.143188
-0.353027,-0.148560,0.811523
0.220215,0.060669,1.125854
0.236328,-0.417847,0.935547
-0.349121,0.117188,0.915405
0.584717,-0.259033,1.132812
-0.279419,-0.210327,0.842896
0.122437,0.123535,1.105591
0.313843,-0.398560,0.975830
-0.395630,0.089233,0.886597
0.564453,-0.180298,1.161621
-0.168457,-0.240967,0.878418
-0.002930,0.195923,1.112549
0.395386,-0.401733,1.002441
-0.444824,0.019043,0.846069
0.522339,-0.153931,1.176392
-0.024048,-0.344604,0.909668
-0.079956,0.200317,1.102783
0.428589,-0.337158,1.022949
-0.449585,-0.011719,0.832031
0.475220,-0.114868,1.169922
0.041748,-0.367065,0.914551
-0.156860,0.199707,1.063354
0.473022,-0.277344,1.080566
-0.431274,-0.050903,0.820923
0.402588,-0.030640,1.179810
0.093994,-0.366211,0.925171
-0.250244,0.197510,1.050049
0.528687,-0.271606,1.119873
-0.390869,-0.100708,0.817383
0.324951,-0.002930,1.158447
0.167480,-0.370850,0.935791
-0.329956,0.157471,0.947754
0.570068,-0.257935,1.136841
-0.322754,-0.195312,0.819702
0.195190,0.066284,1.132080
0.267944,-0.437256,0.955200
-0.388184,0.115479,0.905151
0.570801,-0.211182,1.144897
-0.244873,-0.210083,0.848022
0.074951,0.150024,1.098389
0.335083,-0.401001,0.987061
-0.426147,0.031860,0.867798
0.549683,-0.189453,1.161377
-0.125244,-0.271606,0.877319
-0.025146,0.197388,1.093140
0.376953,-0.353638,0.984497
-0.446167,-0.008057,0.831421
0.527100,-0.163574,1.171265
-0.034668,-0.349487,0.867065
-0.102905,0.188354,1.058838
0.436890,-0.330322,1.029541
-0.475342,-0.010620,0.817505
0.458008,-0.115967,1.172119
0.006958,-0.367798,0.876343
-0.193970,0.195068,1.042969
0.489014,-0.302856,1.069580
-0.463013,-0.045166,0.799683
0.359741,-0.045288,1.145996
0.069214,-0.353271,0.903076
-0.268921,0.171387,1.002441
0.525269,-0.280640,1.103760
-0.415527,-0.105103,0.790649
0.277832,0.009033,1.141968
0.137939,-0.384644,0.911499
-0.345703,0.139404,0.932373
0.528198,-0.253174,1.102661
-0.336914,-0.203125,0.804810
0.185425,0.080200,1.117432
0.215454,-0.406738,0.920532
-0.418701,0.119019,0.881836
0.532349,-0.225830,1.113525
-0.275635,-0.261108,0.817993
0.085083,0.102905,1.072876
0.270508,-0.384644,0.933838
-0.454468,0.063965,0.837646
0.540039,-0.206299,1.134277
-0.190308,-0.300415,0.831421
-0.021729,0.129150,1.057861
0.327515,-0.387329,0.949585
-0.470337,0.027710,0.825806
0.506226,-0.162354,1.137695
-0.128906,-0.305664,0.815186
-0.114014,0.148315,1.030762
0.389404,-0.381470,0.979126
-0.495117,-0.005371,0.807861
0.459717,-0.158203,1.122070
-0.083984,-0.324463,0.819702
-0.212402,0.203857,1.026245
0.424927,-0.310547,1.015625
-0.505005,-0.046997,0.767578
0.388550,-0.111572,1.122559
-0.038940,-0.335205,0.840820
-0.274536,0.175659,0.983398
0.465454,-0.293457,1.053101
-0.490234,-0.071533,0.749512
0.295776,-0.033447,1.099243
0.038818,-0.389282,0.842285
-0.344849,0.161377,0.939575
0.476196,-0.285522,1.058350
-0.459473,-0.124023,0.753906
0.203613,0.015259,1.084595
0.107422,-0.399658,0.870850
-0.429565,0.153564,0.895264
0.497559,-0.278687,1.074219
-0.403442,-0.186279,0.778687
0.102661,0.063599,1.055786
0.157959,-0.400024,0.880371
-0.470337,0.115112,0.863281
0.498169,-0.259644,1.067017
-0.315918,-0.243774,0.785522
0.010132,0.127197,1.038208
0.214844,-0.372192,0.888916
-0.509155,0.048218,0.812256
0.479858,-0.255981,1.067749
-0.223633,-0.322021,0.769043
-0.046143,0.141479,1.019043
0.255493,-0.370483,0.877319
-0.536011,0.044434,0.773682
0.466675,-0.242065,1.065918
-0.188843,-0.354370,0.769897
-0.139526,0.130005,0.991577
0.306641,-0.357300,0.919312
-0.549438,0.019653,0.757935
0.437500,-0.175171,1.084351
-0.168213,-0.335083,0.763428
-0.232056,0.159790,0.971558
0.364014,-0.379395,0.945068
-0.565796,0.006226,0.752563
0.368042,-0.133057,1.063110
-0.126099,-0.343750,0.772461
-0.279541,0.149658,0.944092
0.382446,-0.301758,0.980713
-0.572998,-0.040405,0.717285
0.312256,-0.116089,1.056274
-0.081299,-0.395508,0.765991
-0.361694,0.179688,0.916870
0.416260,-0.299561,0.994873
-0.542236,-0.062622,0.716431
0.220093,-0.046021,1.043091
0.005615,-0.426270,0.800415
-0.432129,0.182129,0.883545
0.417358,-0.266724,0.988037
-0.516113,-0.086060,0.729370
0.145752,0.023926,1.032959
0.080322,-0.425659,0.826538
-0.504639,0.178955,0.862061
0.442383,-0.267334,1.003540
-0.432983,-0.160278,0.738403
0.023804,0.110107,1.018799
0.161865,-0.397461,0.852417
-0.538330,0.100098,0.827515
0.439697,-0.224976,1.034180
-0.339600,-0.225342,0.733154
-0.066162,0.141846,0.991821
0.219971,-0.388672,0.877930
-0.571411,0.038086,0.779785
0.435791,-0.230713,1.030762
-0.241455,-0.306152,0.717041
-0.159790,0.183716,0.961426
0.285645,-0.368286,0.880493
-0.601196,0.050171,0.753662
0.395874,-0.206909,1.023438
-0.193115,-0.360718,0.713257
-0.225464,0.157593,0.939331
0.328003,-0.347900,0.906982
-0.591553,0.015991,0.729492
0.324707,-0.113647,1.031006
-0.137573,-0.380127,0.722290
-0.303589,0.180908,0.924683
0.361938,-0.335449,0.934692
-0.594849,-0.006104,0.718018
0.259277,-0.092163,1.013306
-0.075562,-0.396484,0.760010
-0.397949,0.186523,0.878540
0.393921,-0.283691,0.973999
-0.568604,-0.020996,0.712280
0.167969,-0.004028,1.005493
-0.001831,-0.406616,0.786865
-0.474487,0.183838,0.865112
0.428101,-0.268066,0.994629
-0.497925,-0.083618,0.718994
0.065796,0.121582,1.017822
0.079224,-0.410400,0.794067
-0.544678,0.166748,0.841675
0.450928,-0.274048,1.000244
-0.389404,-0.172729,0.723389
-0.025879,0.196533,0.990845
0.166016,-0.372559,0.834961
-0.577637,0.115356,0.781372
0.426636,-0.224976,1.003784
-0.288818,-0.264526,0.720947
-0.038696,0.165039,0.994751
0.202515,-0.328857,0.854736
-0.638916,0.155518,0.762451
0.436768,-0.252319,0.998413
-0.209229,-0.371704,0.728271
-0.125122,0.175171,0.966553
0.262085,-0.361450,0.881226
-0.632446,0.115234,0.725464
0.404419,-0.183716,1.009888
-0.170410,-0.357788,0.719727
-0.183350,0.165283,0.955322
0.312378,-0.357178,0.886719
-0.627441,0.120972,0.737549
0.388306,-0.148804,1.018677
-0.130493,-0.369385,0.714722
-0.272217,0.187012,0.909424
0.370850,-0.358643,0.916382
-0.603638,0.084839,0.738037
0.315674,-0.116089,0.992554
-0.083374,-0.397461,0.735107
-0.333862,0.208740,0.886475
0.409546,-0.321899,0.941528
-0.577393,0.013916,0.713989
0.235229,-0.038452,0.993408
-0.037842,-0.405029,0.750610
-0.400879,0.205933,0.869751
0.423462,-0.303833,0.946655
-0.535767,-0.008545,0.735474
0.140015,0.041138,0.993408
0.031128,-0.399658,0.790894
-0.473755,0.186157,0.838135
0.429443,-0.245972,0.986694
-0.461182,-0.081055,0.732422
0.078003,0.128540,1.016846
0.106445,-0.405518,0.812744
-0.539429,0.170288,0.816406
0.433350,-0.205078,1.002319
-0.366089,-0.150146,0.755371
0.010498,0.166382,1.015869
0.190186,-0.405151,0.843506
-0.595215,0.175659,0.780762
0.436279,-0.188232,1.009888
-0.265137,-0.241577,0.737549
-0.066895,0.166748,0.984619
0.252808,-0.366577,0.868286
-0.601440,0.160889,0.768188
0.443481,-0.162109,1.021851
-0.167236,-0.302246,0.757324
-0.167480,0.182129,0.946777
0.306763,-0.364990,0.883545
-0.598389,0.104126,0.741699
0.408081,-0.140991,1.023682
-0.094238,-0.356445,0.751709
-0.260986,0.214966,0.907349
0.358398,-0.340088,0.906128
-0.559937,0.002319,0.733032
0.327759,-0.071045,1.010010
-0.042725,-0.392334,0.742310
-0.336914,0.219238,0.864136
0.417236,-0.256958,0.960571
-0.473877,-0.091309,0.723755
0.093262,0.078613,1.008301
0.009766,-0.416016,0.761353
-0.528076,0.193726,0.829468
0.427002,-0.232056,0.993652
-0.381714,-0.154175,0.749512
0.025024,0.146606,1.012329
0.157593,-0.378784,0.832520
-0.582520,0.172119,0.796875
0.449219,-0.213257,1.014893
-0.269287,-0.248169,0.744751
-0.080811,0.158936,0.972046
0.253418,-0.357666,0.879761
-0.605713,0.129028,0.748169
0.411499,-0.142212,1.020142
-0.170898,-0.334717,0.733398
-0.180054,0.186646,0.942627
0.333496,-0.355347,0.904053
-0.605591,0.099487,0.751343
0.345825,-0.098389,1.001221
-0.095581,-0.385864,0.735107
-0.266479,0.177246,0.893066
0.381470,-0.323608,0.927734
-0.573242,0.052856,0.730957
0.267334,-0.020142,0.993774
-0.023926,-0.387329,0.754761
-0.361206,0.164307,0.863403
0.400879,-0.305786,0.936401
-0.529053,-0.042358,0.728394
0.194580,0.021973,0.997803
0.027466,-0.385132,0.776611
-0.464355,0.201050,0.831177
0.435425,-0.252197,0.975464
-0.432251,-0.136963,0.749023
0.092651,0.078247,1.015625
0.105469,-0.398438,0.807373
-0.540771,0.203979,0.802002
0.443115,-0.202637,0.992920
-0.311768,-0.184570,0.766479
-0.025757,0.160400,1.008301
0.210571,-0.400269,0.858032
-0.571777,0.136597,0.772949
0.436646,-0.158691,1.015747
-0.193237,-0.270630,0.755615
-0.132568,0.206177,0.972534
0.302124,-0.382080,0.882568
-0.580078,0.072021,0.742065
0.398804,-0.142822,1.018921
-0.094727,-0.346069,0.750610
-0.226440,0.201294,0.916748
0.379761,-0.346436,0.921387
-0.578491,0.053833,0.748657
0.319458,-0.116943,0.987915
-0.012085,-0.427124,0.758545
-0.310547,0.172729,0.863037
0.396484,-0.279907,0.940308
-0.520264,-0.030518,0.735474
0.224365,-0.036377,0.992798
0.049805,-0.447754,0.772705
-0.416382,0.156982,0.835449
0.427490,-0.262451,0.960327
-0.473267,-0.064941,0.733521
0.128296,0.061035,1.003784
0.102539,-0.446045,0.795288
-0.491455,0.132324,0.799683
0.457764,-0.224487,1.002441
-0.384644,-0.132446,0.755127
0.002563,0.167847,1.009888
0.196899,-0.438477,0.832397
-0.538452,0.092651,0.774048
0.460815,-0.237793,1.001343
-0.267090,-0.173584,0.786743
-0.109131,0.217407,0.982178
0.300781,-0.434570,0.882935
-0.563232,0.054932,0.749023
0.418335,-0.175049,1.020020
-0.144775,-0.297119,0.781250
-0.166992,0.216064,0.956055
0.341309,-0.343506,0.913818
-0.560669,0.085815,0.776245
0.365234,-0.152710,1.000732
-0.049805,-0.378296,0.796265
-0.224854,0.132935,0.912842
0.373535,-0.345337,0.934082
-0.541016,0.002686,0.734985
0.326538,-0.071411,1.016357
0.018433,-0.414673,0.769531
-0.328003,0.165283,0.855347
0.425781,-0.343994,0.955811
-0.509888,-0.097900,0.729492
0.238159,-0.051025,1.004883
0.062012,-0.457886,0.768677
-0.385620,0.159180,0.831543
0.444580,-0.299194,0.969971
-0.473877,-0.118286,0.734131
0.159912,0.000366,1.017578
0.110352,-0.478516,0.790527
-0.455933,0.138672,0.806885
0.458862,-0.285278,0.973389
-0.401978,-0.115845,0.773193
0.061401,0.088501,1.010620
0.178833,-0.494873,0.822144
-0.505615,0.070557,0.763916
0.482666,-0.276001,1.015015
-0.322632,-0.199707,0.763428
-0.041504,0.185791,1.004028
0.247681,-0.429565,0.857788
-0.524292,0.020264,0.745850
0.464722,-0.281494,1.021240
-0.229736,-0.259277,0.792969
-0.106934,0.202271,0.987427
0.306274,-0.379761,0.897461
-0.537842,0.036377,0.758545
0.427734,-0.249634,1.028564
-0.130493,-0.355591,0.802368
-0.138184,0.135986,0.966675
0.355347,-0.353516,0.942749
-0.553345,0.056274,0.746948
0.384644,-0.159302,1.034668
-0.033447,-0.422607,0.800293
-0.210693,0.135620,0.945679
0.413208,-0.394287,0.944458
-0.513184,-0.018555,0.751709
0.326782,-0.076172,1.028442
0.020264,-0.380127,0.818848
-0.266235,0.129272,0.921875
0.449219,-0.395386,0.986572
-0.497681,-0.106567,0.730225
0.261597,-0.028198,1.017456
0.083618,-0.437012,0.794189
-0.308472,0.144531,0.907471
0.468872,-0.347290,1.002075
-0.461670,-0.148926,0.744629
0.219849,-0.026978,1.016479
0.102295,-0.449097,0.811401
-0.373535,0.101929,0.842407
0.484253,-0.264404,1.042358
-0.396362,-0.143188,0.771484
0.159058,0.031250,1.040894
0.161987,-0.485596,0.830444
-0.423096,0.096558,0.832886
0.497314,-0.280518,1.043579
-0.357910,-0.173584,0.780762
0.094604,0.073486,1.046997
0.228394,-0.500000,0.852783
-0.441040,0.051025,0.800537
0.513916,-0.261719,1.057251
-0.307373,-0.192261,0.788818
0.012939,0.145264,1.045166
0.311279,-0.507812,0.900269
-0.467896,0.024414,0.789551
0.486450,-0.233398,1.076050
-0.235840,-0.234985,0.808105
-0.041138,0.177734,1.041870
0.340454,-0.462769,0.930176
-0.477417,0.005859,0.804321
0.464233,-0.183594,1.087646
-0.135498,-0.275146,0.833374
-0.111084,0.225342,1.044434
0.396118,-0.446899,0.957886
-0.480591,-0.014526,0.810059
0.455566,-0.163452,1.095093
-0.066528,-0.285522,0.854736
-0.148438,0.204956,1.023926
0.443359,-0.386963,0.994507
-0.476562,-0.044678,0.801147
0.407715,-0.132080,1.100830
0.040771,-0.378418,0.865601
-0.195435,0.215332,1.017944
0.461548,-0.339844,1.022095
-0.465698,-0.076050,0.784058
0.367065,-0.100586,1.091309
0.086426,-0.417603,0.867310
-0.245483,0.184937,0.997925
0.494751,-0.311279,1.053345
-0.437134,-0.101196,0.786987
0.301392,-0.040649,1.092163
0.114868,-0.429321,0.880005
-0.295532,0.161987,0.973389
0.541382,-0.272949,1.100342
-0.398926,-0.114502,0.797363
0.238770,0.014648,1.088135
0.198730,-0.484619,0.902100
-0.345825,0.097778,0.912476
0.566528,-0.255737,1.124146
-0.332642,-0.151733,0.813721
0.144043,0.104126,1.081665
0.270386,-0.488403,0.920166
-0.369995,0.041260,0.869263
0.558472,-0.219360,1.138306
-0.275146,-0.214355,0.825317
0.076294,0.156494,1.086304
0.323608,-0.457031,0.958130
-0.431519,0.040405,0.853149
0.552490,-0.234985,1.136353
-0.211060,-0.259033,0.849609
0.018799,0.205444,1.098877
0.369995,-0.400146,0.989502
-0.448242,0.032104,0.849609
0.532104,-0.183716,1.162476
-0.126831,-0.275391,0.869751
-0.033081,0.243408,1.113281
0.417358,-0.398438,1.002686
-0.462646,0.032837,0.843750
0.523682,-0.179199,1.166992
-0.049805,-0.321167,0.884888
-0.076660,0.241821,1.105835
0.446533,-0.375122,1.008789
-0.462158,0.010498,0.839355
0.492920,-0.160156,1.151855
0.040527,-0.392456,0.908691
-0.124146,0.210938,1.080933
0.449585,-0.313721,1.059570
-0.444092,-0.014648,0.835083
0.480591,-0.137573,1.165039
0.027466,-0.389648,0.886597
-0.170166,0.227783,1.075317
0.492798,-0.320190,1.067505
-0.438232,-0.034058,0.834351
0.432861,-0.072388,1.166382
0.074341,-0.372314,0.920410
-0.219604,0.215454,1.041260
0.503540,-0.276245,1.099854
-0.433105,-0.063965,0.810303
0.399292,-0.052368,1.167725
0.104858,-0.375366,0.936523
-0.260132,0.207275,1.044800
0.532471,-0.271851,1.115967
-0.419434,-0.086548,0.809570
0.348877,-0.012939,1.162598
0.155396,-0.386475,0.937988
-0.292358,0.182739,0.994141
0.559082,-0.257935,1.131226
-0.379028,-0.117554,0.818115
0.275879,0.018433,1.138916
0.196167,-0.411621,0.933350
-0.307617,0.123657,0.954468
0.565918,-0.233643,1.146973
-0.348999,-0.160767,0.804565
0.209839,0.072754,1.123901
0.252197,-0.418823,0.950928
-0.369019,0.117432,0.935913
0.568115,-0.229736,1.139893
-0.292358,-0.202515,0.833252
0.125366,0.106445,1.105469
0.291504,-0.407471,0.966553
-0.399780,0.088501,0.896118
0.557861,-0.204224,1.148438
-0.228027,-0.242310,0.835693
0.045776,0.169312,1.094238
0.339111,-0.374634,0.972778
-0.425537,0.035278,0.874756
0.540527,-0.182983,1.158691
-0.140015,-0.294067,0.865356
-0.024780,0.173340,1.078735
0.369751,-0.359131,0.979614
-0.452637,0.002930,0.828125
0.528931,-0.175049,1.161133
-0.064575,-0.345093,0.847534
-0.088013,0.186890,1.064331
0.396851,-0.336670,0.999756
-0.485229,-0.008057,0.811035
0.476440,-0.154663,1.151123
-0.037842,-0.401001,0.839600
-0.162964,0.193970,1.062988
0.438965,-0.315186,1.031128
-0.499878,0.020996,0.805054
0.406006,-0.109497,1.127075
0.005859,-0.411255,0.855835
-0.236694,0.162720,1.016846
0.458984,-0.278931,1.060181
-0.467529,-0.026367,0.795288
0.356323,-0.056519,1.136597
0.031250,-0.383667,0.873169
-0.294067,0.148315,0.988525
0.523682,-0.282959,1.096436
-0.444336,-0.060547,0.777222
0.251953,0.050293,1.125854
0.105225,-0.384766,0.882812
-0.343994,0.112793,0.939087
0.509766,-0.279541,1.084961
-0.410889,-0.142090,0.780029
0.173340,0.105713,1.099365
0.155518,-0.377075,0.897339
-0.404541,0.095825,0.894897
0.505371,-0.274414,1.086670
-0.355347,-0.218994,0.775269
0.094727,0.166626,1.081421
0.192993,-0.328857,0.911133
-0.450439,0.047974,0.860229
0.522705,-0.302002,1.075195
-0.291260,-0.265625,0.801025
0.022949,0.152832,1.062988
0.221558,-0.367432,0.890137
-0.483276,0.042725,0.821045
0.513428,-0.241943,1.100464
-0.223755,-0.318604,0.781372
-0.067139,0.137085,1.009155
0.285400,-0.396240,0.914795
-0.504028,0.019165,0.793823
0.472534,-0.184814,1.097778
-0.180176,-0.330200,0.767456
-0.132202,0.158447,1.009521
0.332886,-0.383057,0.930176
-0.519531,-0.001587,0.778198
0.441406,-0.170410,1.092163
-0.154907,-0.346802,0.760132
-0.209473,0.184692,0.988647
0.361572,-0.335449,0.954712
-0.536743,-0.010498,0.776245
0.395752,-0.142578,1.094849
-0.128906,-0.359985,0.770264
-0.285156,0.183105,0.958984
0.399902,-0.328857,0.982910
-0.549072,-0.031494,0.751221
0.319336,-0.091431,1.076538
-0.062744,-0.360840,0.806641
-0.370728,0.175049,0.914551
0.422119,-0.327759,0.999756
-0.515747,-0.079102,0.724854
0.224976,-0.028076,1.063232
0.030396,-0.407593,0.809326
-0.451660,0.185303,0.884766
0.432617,-0.288330,1.005371
-0.478394,-0.121704,0.730469
0.121338,0.053101,1.035522
0.095337,-0.402466,0.838379
-0.504761,0.118286,0.838989
0.456421,-0.273071,1.027466
-0.387695,-0.192017,0.728516
0.013184,0.158691,1.031128
0.171387,-0.387207,0.846069
-0.552856,0.058716,0.793335
0.454224,-0.288574,1.021240
-0.309814,-0.282593,0.725708
-0.065674,0.149292,0.983154
0.227417,-0.386597,0.862793
-0.570068,0.063721,0.776367
0.434570,-0.254883,1.027100
-0.242798,-0.358276,0.700073
-0.153687,0.152954,0.958984
0.282837,-0.373901,0.888794
-0.593506,0.053711,0.743774
0.399170,-0.218018,1.023560
-0.198120,-0.378418,0.713257
-0.216187,0.143311,0.945312
0.322144,-0.342407,0.921631
-0.607422,0.040283,0.729736
0.364136,-0.164795,1.025146
-0.144653,-0.352173,0.739990
-0.279419,0.162964,0.929321
0.350220,-0.344482,0.929565
-0.596069,0.030396,0.726685
0.302246,-0.119507,1.014771
-0.110474,-0.367065,0.747681
-0.335205,0.166260,0.900391
0.378296,-0.347168,0.930786
-0.588135,0.009033,0.719849
0.252441,-0.065186,1.013184
-0.060791,-0.407349,0.757690
-0.406128,0.200684,0.880981
0.397705,-0.304321,0.949829
-0.561523,-0.020142,0.715942
0.186646,-0.031372,0.998047
-0.009399,-0.428101,0.770752
-0.464355,0.203491,0.862183
0.419556,-0.269287,0.979248
-0.521973,-0.066406,0.710205
0.100220,0.078247,1.006714
0.065308,-0.408203,0.812866
-0.523682,0.198486,0.845947
0.424561,-0.265869,0.987427
-0.480225,-0.116089,0.709106
0.048218,0.138184,1.015015
0.108887,-0.416992,0.806274
-0.548218,0.182495,0.841553
0.441528,-0.232788,1.008911
-0.401367,-0.156128,0.727905
-0.000366,0.168579,1.017090
0.162354,-0.425293,0.832764
-0.573853,0.158447,0.804077
0.437866,-0.218018,1.005859
-0.352783,-0.188843,0.729736
-0.038330,0.183960,1.004639
0.191406,-0.407349,0.834839
-0.586304,0.149414,0.795166
0.443604,-0.214478,1.011719
-0.291016,-0.240845,0.735962
-0.094482,0.168335,0.970703
0.239990,-0.396973,0.864014
-0.602295,0.124634,0.762573
0.436523,-0.179443,1.023193
-0.242676,-0.266235,0.732300
-0.135010,0.178101,0.959351
0.289307,-0.382080,0.886108
-0.610596,0.127686,0.754395
0.407349,-0.134521,1.018555
-0.167969,-0.313965,0.748047
-0.189575,0.201294,0.951904
0.333618,-0.386719,0.901489
-0.613892,0.082153,0.723145
0.375244,-0.115967,1.007202
-0.109863,-0.349365,0.740112
-0.255371,0.208374,0.912354
0.361450,-0.356567,0.916016
-0.587402,0.037720,0.722046
0.338135,-0.083496,1.024658
-0.077881,-0.375488,0.725098
-0.334229,0.225830,0.882935
0.404297,-0.331909,0.926758
-0.558350,-0.017334,0.715698
0.259277,-0.038574,0.986328
-0.017700,-0.394897,0.759888
-0.385010,0.202759,0.863770
0.408203,-0.274658,0.945312
-0.524292,-0.068726,0.715454
0.164185,0.014526,1.001099
0.038940,-0.413208,0.774170
-0.446777,0.191895,0.841675
0.443359,-0.248047,0.969360
-0.467773,-0.091553,0.739258
0.083862,0.075806,1.009521
0.116333,-0.421021,0.827026
-0.520996,0.164307,0.796265
0.444458,-0.191895,1.010254
-0.376221,-0.132080,0.746338
0.000244,0.156616,1.013672
0.204468,-0.426392,0.837769
-0.578613,0.150146,0.782227
0.443726,-0.180298,1.017090
-0.242065,-0.233643,0.750854
-0.102539,0.218018,0.989868
0.269287,-0.394165,0.878174
-0.605469,0.113037,0.758301
0.447388,-0.191406,1.025269
-0.145020,-0.290894,0.778320
-0.169189,0.220581,0.960449
0.316895,-0.358032,0.901367
-0.588257,0.083740,0.752075
0.412964,-0.179810,1.012939
-0.079590,-0.358032,0.766235
-0.216919,0.221313,0.918579
0.365723,-0.321167,0.910522
-0.570801,0.032959,0.723633
0.331665,-0.126221,1.002075
-0.014893,-0.418701,0.769531
-0.272827,0.154907,0.874146
0.394043,-0.298706,0.942993
-0.550781,0.029175,0.730225
0.264282,-0.026489,0.993774
0.029785,-0.426025,0.763428
-0.351440,0.129639,0.846436
0.421021,-0.303223,0.949707
-0.520996,-0.035034,0.728882
0.182007,0.023926,0.999634
0.069946,-0.441528,0.778687
-0.425293,0.133545,0.827881
0.453003,-0.287109,0.969849
-0.445557,-0.079102,0.755371
0.098389,0.120605,1.015625
0.107544,-0.425049,0.796265
-0.478638,0.104858,0.806152
0.474365,-0.285400,0.986206
-0.415405,-0.123535,0.747070
0.039429,0.163086,1.008545
0.185303,-0.407349,0.830688
-0.527222,0.095947,0.754639
0.477051,-0.274902,1.007324
-0.337158,-0.197388,0.757935
-0.018799,0.165405,1.004028
0.237671,-0.413940,0.857056
-0.548462,0.093628,0.742920
0.453735,-0.227783,1.018799
-0.254883,-0.238770,0.782593
-0.083862,0.165405,0.990479
0.284302,-0.455566,0.868408
-0.557861,0.078857,0.749878
0.439209,-0.202881,1.020386
-0.193237,-0.261353,0.786377
-0.133789,0.189209,0.976196
0.327515,-0.456543,0.888672
-0.551147,0.027832,0.756958
0.415649,-0.156738,1.033325
-0.127075,-0.270264,0.805298
-0.193604,0.189941,0.958130
0.367676,-0.456421,0.912842
-0.544434,0.017456,0.759766
0.380371,-0.094971,1.052368
-0.063721,-0.350586,0.778687
-0.225220,0.192749,0.947754
0.394287,-0.419556,0.932617
-0.526123,-0.034546,0.767456
0.346436,-0.145386,1.016357
0.001953,-0.401245,0.800903
-0.270508,0.185669,0.905151
0.409180,-0.341187,0.956177
-0.514160,-0.082764,0.743652
0.301636,-0.131958,1.013062
0.045776,-0.470337,0.779785
-0.315674,0.146729,0.875000
0.443970,-0.298828,0.983398
-0.473389,-0.074585,0.764771
0.221069,-0.056641,1.013062
0.093750,-0.505493,0.788818
-0.339478,0.084106,0.857544
0.463867,-0.278442,1.003174
-0.453003,-0.086670,0.756592
0.150391,0.028320,1.014160
0.145752,-0.502686,0.821045
-0.396240,0.070312,0.831421
0.484253,-0.277222,1.024536
-0.404297,-0.121704,0.764404
0.086548,0.091797,1.027710
0.223633,-0.494141,0.862427
-0.446045,0.052002,0.811523
0.479248,-0.257935,1.035767
-0.338989,-0.192017,0.766968
0.021729,0.161011,1.042725
0.282593,-0.455444,0.900269
-0.493042,0.003052,0.777710
0.477417,-0.283081,1.036987
-0.265625,-0.242554,0.785645
-0.034424,0.201538,1.039795
0.305908,-0.399902,0.922363
-0.493774,-0.001953,0.775391
0.484985,-0.281860,1.058594
-0.190918,-0.308472,0.816406
-0.084717,0.204712,1.034302
0.341675,-0.387817,0.942871
-0.499390,0.007202,0.792358
0.472046,-0.238159,1.081543
-0.114868,-0.350952,0.822266
-0.119019,0.201904,1.026123
0.379517,-0.377808,0.961304
-0.512451,0.028198,0.782349
0.446655,-0.211792,1.075195
-0.033081,-0.371094,0.858276
-0.134033,0.175537,1.028687
0.400269,-0.370239,0.975830
-0.493408,0.023071,0.790771
0.432373,-0.179199,1.077026
0.003784,-0.385010,0.858398
-0.178589,0.184204,1.005615
0.429932,-0.350220,1.008545
-0.469604,-0.054321,0.788208
0.415771,-0.147705,1.097412
0.027710,-0.410278,0.854370
-0.223877,0.187866,0.988525
0.467041,-0.371460,1.005005
-0.446655,-0.087646,0.786865
0.386597,-0.099976,1.096924
0.073486,-0.391357,0.868530
-0.239746,0.215332,1.000122
0.492554,-0.346313,1.039795
-0.419067,-0.120117,0.799194
0.341919,-0.064697,1.093628
0.082764,-0.390503,0.867676
-0.251465,0.154175,0.973145
0.524902,-0.309082,1.073853
-0.419312,-0.123535,0.794800
0.304321,-0.034912,1.091064
0.118042,-0.400513,0.882446
-0.285156,0.182617,0.971069
0.537476,-0.280396,1.092041
-0.385864,-0.137695,0.808594
0.267090,-0.016479,1.104492
0.172241,-0.450562,0.892944
-0.340820,0.123535,0.917603
0.548828,-0.256104,1.112915
-0.326294,-0.162720,0.821899
0.214844,0.059814,1.114014
0.231201,-0.411133,0.924561
-0.369629,0.124512,0.901001
0.554810,-0.262329,1.111816
-0.286865,-0.210205,0.833252
0.137695,0.075439,1.093750
0.313354,-0.446777,0.955566
-0.403076,0.117310,0.868042
0.557251,-0.187134,1.130005
-0.223145,-0.217773,0.863159
0.057251,0.149780,1.104004
0.358276,-0.464722,0.986206
-0.424194,0.063232,0.857666
0.525146,-0.145752,1.142456
-0.161255,-0.230225,0.863770
-0.001343,0.203613,1.104004
0.420166,-0.435913,1.009033
-0.443237,0.003906,0.845825
0.503784,-0.115845,1.150757
-0.088135,-0.240112,0.887939
-0.053345,0.221802,1.108154
0.459595,-0.357788,1.051880
-0.458008,-0.022827,0.839600
0.479370,-0.117432,1.162964
0.013062,-0.365845,0.879639
-0.123779,0.217773,1.085449
0.493652,-0.334473,1.075928
-0.456909,-0.028809,0.834595
0.434570,-0.096436,1.160034
0.043335,-0.375732,0.890747
-0.175659,0.211060,1.062500
0.505371,-0.270874,1.098389
-0.433594,-0.062988,0.826904
0.390015,-0.063232,1.155640
0.099731,-0.392334,0.921753
-0.244141,0.190430,1.028931
0.537109,-0.251953,1.129517
-0.394531,-0.103760,0.813721
0.311523,0.002441,1.150269
0.177734,-0.417969,0.939575
-0.293213,0.148926,0.982910
0.548706,-0.242432,1.129395
-0.367310,-0.136841,0.810425
0.232300,0.064941,1.129395
0.242676,-0.432495,0.963257
-0.351074,0.104614,0.930054
0.553589,-0.235107,1.136475
-0.307739,-0.178711,0.829712
0.149902,0.141113,1.118774
0.302124,-0.437256,0.960938
-0.387329,0.072266,0.916138
0.552002,-0.223877,1.138550
-0.268921,-0.224609,0.831543
0.091797,0.176270,1.126343
0.331177,-0.404541,0.970093
-0.418701,0.057983,0.880371
0.556396,-0.201294,1.158447
-0.203735,-0.271729,0.845337
0.039429,0.156738,1.103271
0.348511,-0.378296,0.980713
-0.442261,0.043823,0.851440
0.559937,-0.186157,1.161743
-0.111450,-0.314819,0.856079
-0.041016,0.192383,1.085327
0.370361,-0.380005,0.984985
-0.441162,0.005249,0.844849
0.523682,-0.166260,1.151489
-0.079834,-0.331299,0.841797
-0.071289,0.177856,1.064453
0.395630,-0.351685,1.003540
-0.457520,-0.011597,0.818726
0.509521,-0.141235,1.161499
-0.072266,-0.330688,0.842285
-0.144775,0.187744,1.041382
0.433228,-0.353149,1.018311
-0.471436,-0.036255,0.814209
0.480591,-0.121582,1.167236
-0.051270,-0.328735,0.839844
-0.206055,0.224121,1.030762
0.453003,-0.326172,1.034302
-0.469604,-0.071777,0.798950
0.431885,-0.109741,1.146118
-0.044678,-0.318115,0.845581
-0.258789,0.215454,1.015137
0.490723,-0.321289,1.058472
-0.467651,-0.092896,0.786987
0.352661,-0.062378,1.129272
0.002441,-0.344971,0.853638
-0.290039,0.181274,0.980835
0.480225,-0.291138,1.062134
-0.456421,-0.123169,0.767944
0.312012,-0.051880,1.119263
0.047729,-0.364502,0.876587
-0.350220,0.159790,0.934814
0.487671,-0.275635,1.061401
-0.427612,-0.137695,0.772827
0.230347,-0.003662,1.098389
0.107544,-0.413452,0.879761
-0.397949,0.155640,0.894043
0.487183,-0.232422,1.063354
-0.404053,-0.149780,0.767578
0.044067,0.149292,1.093018
0.164429,-0.420532,0.885498
-0.433838,0.047363,0.877930
0.555542,-0.191284,1.148926
-0.376587,-0.191650,0.768677
-0.023193,0.167114,1.074829
0.357300,-0.359619,0.986938
-0.444702,-0.009644,0.840820
0.518677,-0.182251,1.144165
-0.092773,-0.322266,0.844604
-0.078857,0.186646,1.071167
0.388672,-0.325928,0.991699
-0.473999,-0.033203,0.801270
0.481079,-0.174927,1.148560
-0.059082,-0.366577,0.831543
-0.151611,0.184448,1.044312
0.412109,-0.313110,1.019897
-0.487183,-0.028687,0.806519
0.439453,-0.132080,1.146606
-0.026367,-0.351440,0.854126
-0.227539,0.198486,1.016602
0.454956,-0.281494,1.054077
-0.488281,-0.078125,0.766968
0.363159,-0.098877,1.123413
0.037231,-0.380615,0.866699
-0.307617,0.182739,0.977905
0.494141,-0.289551,1.063965
-0.432373,-0.081055,0.778076
0.247803,0.017334,1.113892
0.090332,-0.406982,0.880371
-0.359985,0.115112,0.935547
0.512573,-0.282715,1.080566
-0.411011,-0.124023,0.772705
0.173584,0.121826,1.116699
0.140259,-0.376953,0.891724
-0.438110,0.074585,0.885742
0.534058,-0.302124,1.084229
-0.366455,-0.219116,0.775391
0.091431,0.155518,1.075439
0.179565,-0.321533,0.892578
-0.468994,0.069458,0.849487
0.516602,-0.316040,1.075073
-0.280762,-0.316040,0.783691
0.036865,0.170532,1.067749
0.200684,-0.319092,0.886597
-0.497559,0.040283,0.802246
0.512207,-0.298706,1.075562
-0.244141,-0.347412,0.782593
-0.012207,0.121582,1.037476
0.243896,-0.409790,0.874756
-0.510498,0.083496,0.804199
0.478516,-0.197388,1.080078
-0.238647,-0.285034,0.778931
-0.029907,0.114868,1.045654
0.288818,-0.454224,0.891846
-0.559570,0.082397,0.791382
0.460083,-0.174927,1.072632
-0.214111,-0.290161,0.758545
-0.078613,0.141235,1.035767
0.309326,-0.420166,0.916748
-0.566406,0.054565,0.771973
0.432495,-0.207520,1.046265
-0.193604,-0.309937,0.755615
-0.140259,0.155884,1.005249
0.313843,-0.361572,0.931396
-0.571777,0.034912,0.760986
0.423584,-0.204956,1.058838
-0.176147,-0.356934,0.722656
-0.217773,0.198364,0.984619
0.367798,-0.372437,0.930542
-0.591309,0.030884,0.767456
0.385254,-0.193604,1.042236
-0.134644,-0.372559,0.754517
-0.274414,0.167114,0.925415
0.361694,-0.328613,0.948608
-0.568604,-0.021851,0.751343
0.353638,-0.152344,1.053223
-0.111816,-0.361816,0.772095
-0.330322,0.186890,0.921265
0.375732,-0.338867,0.948120
-0.565552,-0.022217,0.749146
0.283203,-0.129639,1.027954
-0.079590,-0.394653,0.770386
-0.381958,0.182617,0.885254
0.405762,-0.295288,0.978516
-0.542603,-0.025391,0.729126
0.214111,-0.042114,1.038086
-0.013062,-0.409912,0.791626
-0.440063,0.169678,0.879883
0.419800,-0.299438,0.984253
-0.526001,-0.070801,0.708008
0.133057,0.037720,1.008545
0.043701,-0.398926,0.812866
-0.489990,0.146240,0.847168
0.430420,-0.289062,0.997803
-0.459717,-0.138062,0.717041
0.050781,0.144531,1.026245
0.108398,-0.368164,0.824219
-0.547485,0.114380,0.820068
0.450928,-0.296387,1.010864
-0.387817,-0.198364,0.726562
-0.002563,0.176636,1.018066
0.137329,-0.344238,0.834717
-0.583496,0.121704,0.794189
0.470703,-0.319092,1.004639
-0.316162,-0.296753,0.725220
-0.069336,0.174072,0.985718
0.184082,-0.363647,0.838501
-0.580322,0.098877,0.762939
0.441650,-0.241455,1.024048
-0.249878,-0.331177,0.729614
-0.131592,0.154663,0.951416
0.249634,-0.390137,0.864868
-0.604858,0.090332,0.741333
0.419312,-0.189209,1.026733
-0.215576,-0.329468,0.717285
-0.200317,0.177246,0.953003
0.308105,-0.385742,0.892822
-0.594360,0.065308,0.749878
0.375000,-0.140015,1.024170
-0.202515,-0.355225,0.695435
-0.242065,0.183716,0.930054
0.364136,-0.377686,0.919678
-0.615234,0.033081,0.733765
0.330200,-0.136475,1.008911
-0.153442,-0.368774,0.704712
-0.303711,0.206665,0.908936
0.387329,-0.365967,0.922485
-0.581055,0.023804,0.737061
0.289795,-0.053467,1.016113
-0.097046,-0.383423,0.732178
-0.367065,0.181274,0.867188
0.400635,-0.341309,0.941895
-0.581787,-0.017212,0.700317
0.243652,-0.014893,1.013672
-0.058960,-0.402466,0.737915
-0.407471,0.220947,0.865356
0.411987,-0.309448,0.941772
-0.532471,-0.046875,0.718018
0.180908,-0.004639,0.998291
-0.016479,-0.411011,0.755859
-0.468018,0.213989,0.834106
0.428467,-0.276611,0.967651
-0.480591,-0.066895,0.740601
0.107544,0.075317,1.010864
0.062988,-0.424805,0.790039
-0.523315,0.214478,0.829834
0.433228,-0.248779,0.983521
-0.417847,-0.133789,0.743652
0.062134,0.121826,1.014771
0.130981,-0.400879,0.824585
-0.565430,0.207031,0.816162
0.427734,-0.220947,0.984497
-0.337891,-0.182251,0.750000
0.018311,0.160767,1.018677
0.189453,-0.374878,0.850464
-0.600586,0.169800,0.781128
0.432495,-0.208008,0.996094
-0.265747,-0.251465,0.738647
-0.064575,0.188965,0.998535
0.248169,-0.385864,0.879395
-0.590576,0.131592,0.778687
0.418213,-0.151733,1.021362
-0.199463,-0.305176,0.733643
-0.123413,0.191162,0.963867
0.301880,-0.377563,0.890137
-0.592041,0.109375,0.768188
0.406250,-0.137085,1.017822
-0.151733,-0.316895,0.741821
-0.178955,0.193726,0.939819
0.339233,-0.375244,0.901733
-0.588379,0.085449,0.758301
0.376709,-0.115356,1.015015
-0.109253,-0.348877,0.740723
-0.247437,0.188599,0.905029
0.368408,-0.346558,0.923584
-0.575195,0.046753,0.738770
0.340332,-0.064331,1.014893
-0.058105,-0.394287,0.744019
-0.316895,0.209473,0.884399
0.394897,-0.356812,0.924927
-0.534302,-0.025391,0.738892
0.278809,-0.015381,1.016602
-0.024780,-0.377930,0.745239
-0.361694,0.193115,0.859985
0.418091,-0.324585,0.945679
-0.524902,-0.058838,0.731201
0.231567,-0.005493,1.008057
0.026489,-0.400269,0.770996
-0.438354,0.193359,0.823364
0.437134,-0.270142,0.969971
-0.479736,-0.112427,0.735962
0.148804,0.032227,1.010742
0.075928,-0.407959,0.787842
-0.486328,0.184937,0.805420
0.454224,-0.240112,0.995483
-0.430664,-0.150635,0.744995
0.069214,0.091187,1.002686
0.135864,-0.429565,0.818237
-0.510498,0.152222,0.787842
0.454102,-0.220703,0.992188
-0.373047,-0.117065,0.765259
-0.005493,0.145142,1.005859
0.228882,-0.472900,0.849365
-0.559326,0.097046,0.755615
0.451904,-0.173828,1.012329
-0.265015,-0.191040,0.755859
-0.075684,0.214111,0.999390
0.282593,-0.427246,0.873169
-0.568848,0.073853,0.765625
0.428223,-0.170654,1.022461
-0.161865,-0.247803,0.796875
-0.159912,0.197510,0.955322
0.338989,-0.404419,0.900513
-0.575073,0.062012,0.755981
0.392822,-0.139404,1.014893
-0.078247,-0.317871,0.776855
-0.207031,0.184082,0.923340
0.365234,-0.345337,0.936401
-0.572510,0.012451,0.744507
0.350830,-0.152710,0.998779
-0.009277,-0.420410,0.776733
-0.271606,0.198364,0.898682
0.403687,-0.308594,0.949463
-0.552612,-0.014160,0.729736
0.284546,-0.120117,0.980469
0.033325,-0.458252,0.768433
-0.324463,0.151367,0.864746
0.436401,-0.302490,0.954102
-0.528076,-0.046509,0.736816
0.207520,-0.063232,0.984741
0.084473,-0.504761,0.777222
-0.374512,0.133179,0.837158
0.450073,-0.270386,0.975952
-0.474609,-0.061646,0.740356
0.146484,0.024292,1.007202
0.121582,-0.474121,0.802612
-0.442505,0.114258,0.807617
0.459106,-0.296021,0.984253
-0.427124,-0.117554,0.746582
0.064575,0.110962,1.005859
0.185913,-0.427612,0.843262
-0.470581,0.077637,0.795166
0.468628,-0.284790,1.003906
-0.378662,-0.167480,0.759277
0.000610,0.136475,1.007690
0.245117,-0.485352,0.846558
-0.502808,0.035156,0.756226
0.470459,-0.257080,1.015259
-0.292725,-0.185425,0.786255
-0.065918,0.155273,0.991211
0.292725,-0.455444,0.883911
-0.518311,0.021606,0.762939
0.461182,-0.241455,1.024780
-0.213867,-0.244629,0.790894
-0.133545,0.199829,0.985352
0.342285,-0.440918,0.912109
-0.527954,0.002197,0.763672
0.425415,-0.183472,1.059448
-0.135864,-0.324707,0.788818
-0.166626,0.199951,0.978516
0.368774,-0.385254,0.932739
-0.508301,-0.003784,0.785034
0.396729,-0.178345,1.039795
-0.049438,-0.364136,0.818726
-0.208496,0.205933,0.975098
0.388550,-0.396851,0.944458
-0.505005,-0.001709,0.780151
0.380127,-0.151489,1.054565
-0.004272,-0.409302,0.808228
-0.244141,0.187500,0.957153
0.424194,-0.400391,0.949097
-0.498657,-0.061890,0.764771
0.339966,-0.118530,1.039429
0.052612,-0.446777,0.823975
-0.274048,0.189453,0.938721
0.450806,-0.370483,0.976807
-0.483032,-0.082886,0.744751
0.309937,-0.102417,1.037964
0.071899,-0.456055,0.822266
-0.297363,0.147217,0.916870
0.477539,-0.338867,1.006836
-0.457275,-0.112427,0.762817
0.261719,-0.050049,1.036133
0.101807,-0.454102,0.830322
-0.329590,0.146851,0.912476
0.477295,-0.320679,1.019165
-0.427124,-0.140137,0.761597
0.230225,-0.018188,1.043457
0.119385,-0.440186,0.839600
-0.356201,0.129761,0.899292
0.497925,-0.301636,1.038086
-0.400513,-0.158447,0.773193
0.197388,0.035889,1.066650
0.156616,-0.453735,0.862549
-0.375366,0.094482,0.876343
0.526489,-0.281250,1.070312
-0.376709,-0.167969,0.768555
0.144775,0.078369,1.062500
0.227173,-0.490234,0.878906
-0.402832,0.079224,0.851318
0.520630,-0.261475,1.075806
-0.336792,-0.172852,0.785156
0.105347,0.117676,1.057739
0.278687,-0.508179,0.900879
-0.413696,0.034668,0.842651
0.510376,-0.239624,1.074829
-0.309326,-0.197388,0.789673
0.066040,0.138916,1.072266
0.322632,-0.496094,0.926514
-0.436035,0.020752,0.824341
0.515137,-0.214844,1.103638
-0.264526,-0.205078,0.810059
0.008057,0.169434,1.058838
0.366455,-0.489258,0.946167
-0.449463,-0.006104,0.820923
0.517944,-0.196777,1.124634
-0.205933,-0.219849,0.833862
-0.041138,0.216187,1.066284
0.399170,-0.447388,0.979004
-0.458496,0.002319,0.819580
0.505859,-0.185791,1.129272
-0.120483,-0.248169,0.863159
-0.085083,0.238892,1.065918
0.421753,-0.396606,0.994019
-0.464233,-0.038086,0.814453
0.485474,-0.176392,1.130737
-0.049561,-0.333496,0.867798
-0.128662,0.236816,1.058350
0.453857,-0.377686,1.021851
-0.459717,-0.079224,0.808472
0.458740,-0.150513,1.140625
0.041748,-0.341919,0.916504
-0.166504,0.230103,1.043945
0.458252,-0.329834,1.032227
-0.432861,-0.071411,0.826294
0.443481,-0.144775,1.143433
0.067871,-0.406494,0.898926
-0.208374,0.210938,1.030518
0.483154,-0.284180,1.062866
-0.421021,-0.059692,0.813354
0.394287,-0.090088,1.139771
0.077271,-0.411377,0.901123
-0.223267,0.193481,1.042236
0.528564,-0.283569,1.100342
-0.428223,-0.062134,0.804810
0.354858,-0.061646,1.125977
0.126221,-0.449585,0.922607
-0.277222,0.185425,1.007690
0.552490,-0.263184,1.127930
-0.404175,-0.075439,0.814087
0.319214,-0.012817,1.134033
0.169556,-0.451294,0.924072
-0.306763,0.188843,0.985840
0.553467,-0.276123,1.121216
-0.371826,-0.118164,0.828857
0.289795,0.010986,1.129761
0.196045,-0.421631,0.949951
-0.331909,0.161621,0.946289
0.561157,-0.256958,1.128662
-0.339111,-0.154053,0.827759
0.243774,0.042603,1.138428
0.242920,-0.428833,0.955566
-0.343506,0.119141,0.925537
0.570068,-0.239014,1.133301
-0.307739,-0.176880,0.821655
0.172852,0.116943,1.123291
0.289551,-0.446533,0.958862
-0.378662,0.084351,0.907104
0.570190,-0.224243,1.150757
-0.265625,-0.186523,0.843018
0.118896,0.165894,1.123779
0.320923,-0.431763,0.968384
-0.404907,0.073486,0.899536
0.555664,-0.216431,1.148193
-0.218872,-0.220703,0.868896
0.074463,0.172485,1.107910
0.350220,-0.392944,0.974121
-0.435059,0.071411,0.874634
0.553833,-0.185181,1.162231
-0.151123,-0.268188,0.879761
0.002686,0.183472,1.092163
0.379639,-0.375610,1.000122
-0.443359,0.010742,0.850342
0.531006,-0.160522,1.166382
-0.066284,-0.316650,0.878418
-0.041382,0.199951,1.095093
0.398071,-0.324097,1.004028
-0.451172,-0.006470,0.843140
0.523560,-0.177856,1.159302
-0.046387,-0.367310,0.849731
-0.089478,0.200073,1.080688
0.434204,-0.339111,1.021729
-0.461670,-0.021362,0.831299
0.483276,-0.127563,1.170532
-0.015991,-0.357056,0.873535
-0.181763,0.190186,1.040771
0.477295,-0.324585,1.064453
-0.457520,-0.029419,0.819214
0.419067,-0.055542,1.171387
0.026611,-0.368286,0.888184
-0.230957,0.201660,1.039185
0.499023,-0.291260,1.090820
-0.453369,-0.073242,0.789062
0.375854,-0.047363,1.166870
0.070557,-0.353027,0.913696
-0.294922,0.201538,0.995117
0.520752,-0.276123,1.095215
-0.408691,-0.108398,0.797607
0.301880,0.003052,1.156250
0.111694,-0.388428,0.905151
-0.337280,0.144897,0.945923
0.537964,-0.258057,1.112793
-0.365967,-0.164062,0.799072
0.191040,0.078735,1.120850
0.183350,-0.417969,0.911743
-0.375488,0.108154,0.925659
0.556763,-0.276001,1.110718
-0.350708,-0.164551,0.805786
0.111572,0.125488,1.100098
0.246704,-0.399048,0.936279
-0.438843,0.071289,0.867920
0.546387,-0.251953,1.115356
-0.286255,-0.246704,0.804321
0.059082,0.126099,1.076782
0.259277,-0.355469,0.928223
-0.477051,0.055908,0.839600
0.548706,-0.274048,1.125244
-0.170288,-0.319092,0.827759
-0.044922,0.162231,1.050537
0.295898,-0.368286,0.926514
-0.480103,0.025879,0.822388
0.523682,-0.223022,1.123779
-0.145386,-0.339233,0.811768
-0.105591,0.145142,1.021851
0.351929,-0.374268,0.952271
-0.488159,0.011108,0.805786
0.469604,-0.174438,1.112183
-0.122681,-0.347046,0.788330
-0.180298,0.178833,1.018921
0.396362,-0.353149,0.976196
-0.502686,-0.027710,0.780640
0.413330,-0.106934,1.129517
-0.101440,-0.314331,0.821167
-0.254883,0.174316,0.984375
0.430786,-0.333984,1.021240
-0.507690,-0.080688,0.759399
0.361816,-0.081787,1.114990
-0.060425,-0.334595,0.797852
-0.324341,0.197754,0.943970
0.476074,-0.342285,1.029297
-0.488037,-0.136108,0.750854
0.270752,-0.067017,1.080322
-0.011597,-0.351318,0.819946
-0.385254,0.174072,0.894165
0.479126,-0.291138,1.042969
-0.437988,-0.154907,0.755249
0.198853,0.006714,1.077271
0.078125,-0.404785,0.839722
-0.453613,0.161499,0.871948
0.464355,-0.279297,1.041748
-0.418213,-0.178955,0.762817
0.117065,0.041260,1.047363
0.148315,-0.382690,0.878662
-0.490967,0.106323,0.820190
0.460571,-0.226074,1.053101
-0.323364,-0.243286,0.765625
0.017212,0.085449,1.035645
0.221680,-0.404419,0.877075
-0.529785,0.073730,0.802002
0.446777,-0.206299,1.057129
-0.240234,-0.310181,0.753906
-0.104858,0.136719,1.002319
0.289917,-0.412598,0.891968
-0.575195,0.028809,0.766235
0.431274,-0.207764,1.047119
-0.172607,-0.326904,0.736816
-0.210083,0.195557,0.980347
0.339844,-0.330200,0.945435
-0.586914,-0.005493,0.745483
0.365356,-0.193481,1.044556
-0.142334,-0.397095,0.731323
-0.283203,0.179321,0.935181
0.398315,-0.343262,0.957031
-0.573975,0.020020,0.739990
0.255981,-0.091187,1.027954
-0.036621,-0.412720,0.794067
-0.386475,0.151978,0.887207
0.399902,-0.298828,0.982544
-0.519897,-0.056274,0.716187
0.172974,0.027344,1.036255
0.027954,-0.387695,0.822266
-0.461182,0.140991,0.878906
0.422852,-0.295654,0.998901
-0.492798,-0.099609,0.724243
0.078125,0.118408,1.025269
0.093384,-0.354614,0.835327
-0.517456,0.132935,0.846558
0.447144,-0.297241,1.009521
-0.395386,-0.199585,0.728760
0.014526,0.163330,1.020264
0.137573,-0.378662,0.819946
-0.566284,0.120728,0.810181
0.467529,-0.296143,1.022949
-0.310181,-0.287109,0.724731
-0.052246,0.168213,0.994751
0.184326,-0.372192,0.838257
-0.589966,0.083374,0.752319
0.450928,-0.263794,1.015137
-0.262573,-0.353394,0.702759
-0.099243,0.151245,0.977295
0.228516,-0.369629,0.848999
-0.580078,0.100952,0.770508
0.427490,-0.245728,1.021484
-0.227905,-0.355103,0.708130
-0.170044,0.158203,0.966309
0.283447,-0.386597,0.870850
-0.614624,0.089355,0.746338
0.379761,-0.165527,1.010742
-0.174561,-0.338257,0.734009
-0.223633,0.155151,0.941284
0.321533,-0.374268,0.912354
-0.603149,0.034302,0.721313
0.348755,-0.100708,1.034912
-0.163818,-0.343262,0.710571
-0.288574,0.189575,0.916626
0.374878,-0.379639,0.930786
-0.604370,0.000488,0.714600
0.284546,-0.070801,1.018555
-0.105835,-0.379883,0.728027
-0.386841,0.212891,0.891602
0.406006,-0.342163,0.944702
-0.563721,-0.013306,0.710449
0.204346,-0.040649,0.998779
-0.023193,-0.417114,0.762329
-0.464233,0.237915,0.860840
0.418945,-0.293213,0.948486
-0.513184,-0.098877,0.710327
0.115723,0.024414,1.002197
0.039917,-0.402832,0.788574
-0.515869,0.202148,0.834106
0.423950,-0.229614,0.991089
-0.421265,-0.185303,0.724121
0.032227,0.132202,1.016846
0.124146,-0.409790,0.811279
-0.577393,0.198608,0.805542
0.446899,-0.237915,0.992188
-0.313232,-0.192139,0.753784
-0.046143,0.188477,1.005737
0.209229,-0.375000,0.860107
-0.603638,0.105835,0.758179
0.428955,-0.200195,1.014038
-0.242310,-0.280273,0.720215
-0.116943,0.223999,0.978271
0.289185,-0.367554,0.867432
-0.632324,0.130981,0.752686
0.414307,-0.191284,1.019897
-0.162964,-0.363647,0.729614
-0.192993,0.188110,0.929321
0.312012,-0.333130,0.882446
-0.609619,0.097046,0.742554
0.392944,-0.148926,1.020264
-0.108276,-0.390503,0.731934
-0.270020,0.196167,0.901245
0.347534,-0.325806,0.913452
-0.590088,0.053345,0.734985
0.324341,-0.110229,1.013428
-0.062744,-0.423340,0.729126
-0.341187,0.225342,0.871216
0.402588,-0.303467,0.928955
-0.571533,0.000244,0.708618
0.242432,-0.030273,0.995239
-0.017090,-0.429077,0.754639
-0.380005,0.200562,0.875000
0.407471,-0.284912,0.947021
-0.532349,-0.030396,0.718384
0.176758,0.027832,0.999023
0.038696,-0.426392,0.773315
-0.452881,0.177124,0.834717
0.424194,-0.247681,0.968140
-0.448853,-0.045654,0.761841
0.093506,0.138550,1.019531
0.085449,-0.372070,0.802612
-0.511108,0.149780,0.813354
0.446289,-0.253174,0.991821
-0.399780,-0.116455,0.750122
0.041748,0.169189,1.019287
0.150024,-0.385254,0.814697
-0.564697,0.157349,0.804199
0.460938,-0.235718,1.010742
-0.308350,-0.204834,0.749268
-0.028687,0.190308,0.996826
0.210693,-0.365234,0.851685
-0.592651,0.135620,0.761475
0.461670,-0.227173,1.015259
-0.231201,-0.262451,0.759033
-0.077637,0.204712,0.983276
0.261353,-0.344238,0.864258
-0.602051,0.149048,0.773560
0.451782,-0.216309,1.012817
-0.153320,-0.303589,0.771240
-0.140381,0.188843,0.944214
0.308105,-0.341797,0.895142
-0.604492,0.123657,0.752563
0.408325,-0.161621,1.009277
-0.102783,-0.342041,0.777344
-0.191162,0.170898,0.930664
0.351685,-0.345947,0.909424
-0.586914,0.116089,0.760376
0.364380,-0.128662,0.996094
-0.039307,-0.343628,0.796509
-0.260986,0.185547,0.890625
0.372192,-0.324219,0.921631
-0.544312,0.023438,0.745361
0.324097,-0.082886,1.004883
-0.034546,-0.395996,0.743774
-0.308105,0.186768,0.882080
0.406738,-0.334595,0.942993
-0.553589,-0.020142,0.719727
0.278442,-0.061279,0.992188
0.022217,-0.415283,0.770020
-0.356323,0.185791,0.851074
0.422363,-0.297974,0.944946
-0.515381,-0.062256,0.735718
0.211914,-0.021484,0.990723
0.049438,-0.435913,0.766724
-0.409302,0.158203,0.817505
0.450195,-0.298706,0.965942
-0.467896,-0.090698,0.746704
0.137817,0.019897,1.001221
0.084961,-0.432007,0.777466
-0.467407,0.161255,0.803345
0.465820,-0.271484,0.979858
-0.426392,-0.106445,0.760132
0.066772,0.082886,1.005127
0.153931,-0.451538,0.815430
-0.511353,0.134521,0.777710
0.449341,-0.237061,0.999390
-0.334961,-0.165527,0.773071
-0.024902,0.154907,0.999268
0.232178,-0.445923,0.845459
-0.541260,0.076416,0.761475
0.447998,-0.207886,1.017090
-0.240601,-0.226318,0.768921
-0.110840,0.203491,0.986450
0.301758,-0.435425,0.880005
-0.553101,0.053467,0.756958
0.417847,-0.192261,1.001099
-0.156616,-0.292114,0.777954
-0.167603,0.183105,0.954224
0.365723,-0.374390,0.926514
-0.550659,0.037842,0.762817
0.367310,-0.141113,1.011719
-0.056274,-0.378540,0.772095
-0.235840,0.140259,0.902710
0.390015,-0.369629,0.936157
-0.537720,-0.027710,0.745972
0.319214,-0.100098,0.997681
0.022217,-0.416626,0.783325
-0.317261,0.148071,0.866089
0.415405,-0.360840,0.953735
-0.499023,-0.091797,0.744507
0.238892,-0.043091,1.012207
0.079590,-0.456055,0.784546
-0.389648,0.144775,0.833252
0.448486,-0.311768,0.970825
-0.465698,-0.104858,0.746826
0.155151,0.001343,1.001465
0.121704,-0.467163,0.808716
-0.437012,0.100586,0.808594
0.455200,-0.228149,1.007202
-0.404785,-0.154175,0.749268
-0.070557,0.193726,0.990845
0.257446,-0.411255,0.868286
-0.560181,0.061523,0.756592
0.447998,-0.221680,1.021973
-0.181885,-0.270264,0.770142
-0.149902,0.219604,0.955566
0.320068,-0.354370,0.899292
-0.563843,0.049683,0.764771
0.404785,-0.195679,1.019897
-0.077148,-0.375488,0.773682
-0.220337,0.191895,0.911133
0.369263,-0.317017,0.927612
-0.553345,0.030884,0.754761
0.340210,-0.146118,0.990601
-0.006104,-0.434692,0.770996
-0.285522,0.155762,0.870605
0.412354,-0.307739,0.943237
-0.525879,-0.032104,0.738037
0.242188,-0.076416,0.967651
0.038208,-0.461182,0.772461
-0.359619,0.109131,0.828125
0.453003,-0.323608,0.966431
-0.489258,-0.054199,0.755371
0.142334,0.049072,0.999268
0.100708,-0.443115,0.791382
-0.439331,0.110352,0.799561
0.452026,-0.291382,0.981689
-0.412842,-0.142700,0.757690
0.057983,0.106689,1.013672
0.179810,-0.468750,0.818970
-0.516968,0.104126,0.767578
0.468506,-0.276001,0.995605
-0.312866,-0.200806,0.773560
-0.034790,0.166870,1.008545
0.258911,-0.449585,0.853394
-0.532227,0.038818,0.750366
0.441528,-0.216309,1.021973
-0.196289,-0.271118,0.784180
-0.134155,0.193359,0.981934
0.338379,-0.427002,0.912476
-0.551270,0.022949,0.757568
0.401367,-0.162964,1.042236
-0.103271,-0.331543,0.785400
-0.199097,0.187012,0.957031
0.390137,-0.400269,0.937622
-0.534668,-0.022827,0.750366
0.344360,-0.134766,1.009888
0.002686,-0.397583,0.795288
-0.288574,0.173340,0.899902
0.432617,-0.379150,0.956787
-0.500122,-0.092285,0.748901
0.249756,-0.076416,0.994019
0.075317,-0.464111,0.777954
-0.340454,0.150024,0.868164
0.447632,-0.294312,0.972412
-0.456665,-0.088745,0.760498
0.177612,-0.007446,1.016113
0.123779,-0.510010,0.801392
-0.401855,0.067871,0.813477
0.468750,-0.268066,1.010132
-0.396729,-0.151489,0.744263
0.075195,0.090698,1.021484
0.213257,-0.501343,0.839355
-0.450439,0.024780,0.789429
0.473877,-0.256348,1.032959
-0.317627,-0.198120,0.765381
-0.031616,0.167480,1.024170
0.294922,-0.478271,0.896484
-0.493164,-0.017822,0.765137
0.455566,-0.211548,1.059937
-0.221802,-0.233643,0.795654
-0.108521,0.204712,1.014404
0.359375,-0.421631,0.940186
-0.515747,-0.026123,0.778442
0.417847,-0.197876,1.062866
-0.105713,-0.362427,0.797852
-0.146606,0.197754,0.998779
0.387329,-0.370117,0.952026
-0.526611,0.021362,0.771851
0.385620,-0.181885,1.035645
0.004395,-0.411987,0.848877
-0.195801,0.133179,0.968994
0.418579,-0.350586,0.973755
-0.505249,-0.009277,0.747559
0.326904,-0.108521,1.038696
0.083740,-0.491577,0.838501
-0.261841,0.117310,0.946411
0.467285,-0.334595,1.014771
-0.471802,-0.055420,0.758911
0.248413,-0.017944,1.038574
0.093750,-0.428101,0.846924
-0.294922,0.108887,0.939819
0.493042,-0.313110,1.047729
-0.431519,-0.108276,0.766846
0.181396,0.051025,1.051514
0.137451,-0.458862,0.835205
-0.361572,0.109741,0.921875
0.536743,-0.318115,1.072021
-0.392944,-0.145020,0.773804
0.126709,0.110352,1.054077
0.206543,-0.434326,0.878784
-0.405640,0.030151,0.840576
0.544556,-0.323242,1.080200
-0.339355,-0.212769,0.773315
0.067993,0.145630,1.048584
0.269287,-0.440552,0.895508
-0.427490,0.048340,0.830444
0.527588,-0.281372,1.076294
-0.277466,-0.228760,0.807739
0.017456,0.133911,1.040283
0.340576,-0.465942,0.930420
-0.462036,0.052490,0.808105
0.491943,-0.175049,1.102051
-0.187622,-0.263306,0.829224
-0.046021,0.181030,1.058350
0.390747,-0.446411,0.974854
-0.482666,0.034790,0.812134
0.464722,-0.133545,1.111694
-0.096313,-0.285156,0.848877
-0.110962,0.208618,1.062256
0.430054,-0.420044,0.994263
-0.478638,-0.041016,0.794922
0.431030,-0.119019,1.110474
0.024658,-0.359375,0.869629
-0.178223,0.223267,1.033325
0.472046,-0.346436,1.034912
-0.454346,-0.057251,0.798096
0.375244,-0.100586,1.102661
0.080933,-0.404175,0.873657
-0.222168,0.182983,1.015259
0.504150,-0.304199,1.074341
-0.432251,-0.080811,0.797729
0.308228,-0.030518,1.090942
0.138184,-0.431519,0.889160
-0.287231,0.123535,0.960327
0.536865,-0.254517,1.125244
-0.394287,-0.130493,0.801147
0.233643,0.053955,1.094604
0.220581,-0.464722,0.916748
-0.347778,0.087158,0.928711
0.566284,-0.282593,1.128662
-0.341064,-0.161987,0.802734
0.151855,0.124146,1.087158
0.276611,-0.437988,0.936157
-0.382324,0.075806,0.891968
0.576416,-0.244629,1.151978
-0.270996,-0.263428,0.804932
0.076782,0.165771,1.081543
0.323853,-0.428589,0.948730
-0.416626,0.044312,0.858521
0.559814,-0.237427,1.138916
-0.212036,-0.282959,0.838257
0.042603,0.176514,1.092041
0.374512,-0.403809,0.984741
-0.441162,0.078979,0.853149
0.538818,-0.185913,1.138550
-0.157104,-0.243530,0.871826
0.005127,0.202881,1.109009
0.399048,-0.435913,0.999390
-0.458740,0.053955,0.858276
0.531860,-0.152832,1.148193
-0.110596,-0.253906,0.877686
-0.052002,0.222168,1.100098
0.441650,-0.415405,1.014526
-0.448120,0.020874,0.856812
0.501099,-0.128418,1.143677
-0.054932,-0.277344,0.896362
-0.080688,0.225464,1.100342
0.459473,-0.385254,1.042847
-0.451660,-0.011963,0.852539
0.485962,-0.103027,1.162964
0.009277,-0.311279,0.897095
-0.124146,0.234497,1.095459
0.480957,-0.367920,1.064697
-0.455200,-0.050171,0.843018
0.465210,-0.094360,1.171143
0.022095,-0.342773,0.886963
-0.159912,0.216064,1.060303
0.498535,-0.307983,1.089844
-0.440063,-0.073242,0.832031
0.431763,-0.086304,1.168213
0.045776,-0.358521,0.905029
-0.209595,0.233521,1.061646
0.524780,-0.283936,1.102661
-0.422119,-0.079102,0.809082
0.379150,-0.051392,1.156250
0.093628,-0.377930,0.930786
-0.258179,0.195679,1.012939
0.556519,-0.284912,1.122070
-0.402222,-0.111450,0.808105
0.313477,-0.017578,1.141357
0.157715,-0.409546,0.930298
-0.297363,0.150635,0.976318
0.557251,-0.241455,1.136230
-0.364868,-0.149658,0.814087
0.264893,0.036011,1.145508
0.211792,-0.452759,0.932983
-0.364136,0.129150,0.933716
0.578369,-0.265137,1.140503
-0.299683,-0.198853,0.830811
0.189331,0.107910,1.134155
0.247192,-0.408203,0.940674
-0.381226,0.115479,0.907349
0.581543,-0.241943,1.140747
-0.277222,-0.225952,0.828125
0.112793,0.126343,1.111694
0.299683,-0.406982,0.970093
-0.396606,0.066162,0.897949
0.570679,-0.211792,1.160645
-0.248413,-0.244629,0.828857
0.047729,0.177490,1.108398
0.337280,-0.402832,0.975708
-0.420898,0.027222,0.874756
0.557617,-0.186401,1.170288
-0.177979,-0.272339,0.854614
-0.009888,0.180542,1.077393
0.361694,-0.383667,0.979614
-0.443481,0.018311,0.863647
0.556641,-0.188599,1.170288
-0.107788,-0.312134,0.860840
-0.059082,0.189575,1.068604
0.387085,-0.362549,0.990601
-0.437012,-0.015137,0.838745
0.517456,-0.171021,1.151245
-0.076660,-0.333496,0.838745
-0.096680,0.197144,1.073853
0.426147,-0.350220,1.016968
-0.459839,-0.023804,0.829956
0.486084,-0.133789,1.158447
-0.042847,-0.329468,0.849121
-0.176880,0.205566,1.044922
0.455322,-0.320190,1.045654
-0.467896,-0.075073,0.797974
0.441162,-0.101929,1.166382
-0.026123,-0.319702,0.855835
-0.250488,0.226440,1.016968
0.499268,-0.306763,1.069336
-0.452881,-0.082886,0.797363
0.357422,-0.083862,1.137695
0.047607,-0.375732,0.886597
-0.299683,0.183960,0.964355
0.493164,-0.275269,1.070435
-0.422729,-0.107544,0.792847
0.285889,-0.041992,1.124512
0.123779,-0.404053,0.890991
-0.364990,0.155273,0.935791
0.509399,-0.234009,1.092407
-0.374512,-0.168823,0.785645
0.192017,0.036011,1.099609
0.198364,-0.405273,0.923950
-0.432373,0.120239,0.893677
0.516479,-0.217041,1.107788
-0.312012,-0.215332,0.787476
0.080322,0.114990,1.075806
0.253296,-0.395142,0.927979
-0.455200,0.044434,0.848267
0.521240,-0.215454,1.115234
-0.211914,-0.296509,0.803955
-0.028809,0.164062,1.054932
0.298950,-0.373413,0.927124
-0.467041,-0.018555,0.810181
0.498901,-0.198608,1.120483
-0.163208,-0.326782,0.794312
-0.089111,0.145020,1.021729
0.347290,-0.361938,0.949707
-0.510254,-0.009033,0.787842
0.464722,-0.182861,1.112061
-0.115723,-0.356812,0.793091
-0.178955,0.186768,1.025146
0.390991,-0.335693,0.974731
-0.533813,-0.019287,0.770508
0.418945,-0.161255,1.105713
-0.083374,-0.370483,0.808350
-0.248413,0.188354,0.983887
0.423584,-0.319336,1.001709
-0.512695,-0.006836,0.772339
0.336426,-0.114258,1.091064
-0.032227,-0.402466,0.819580
-0.313965,0.155884,0.951050
0.441406,-0.285767,1.026978
-0.493530,-0.069824,0.742920
0.267090,-0.047607,1.086914
0.045410,-0.418457,0.839111
-0.420288,0.170532,0.906006
0.471802,-0.292358,1.036499
-0.432495,-0.123901,0.761719
0.153442,0.063965,1.064819
0.109131,-0.395020,0.864014
-0.458252,0.107788,0.862061
0.478394,-0.294922,1.038452
-0.403687,-0.198486,0.751587
0.095703,0.108521,1.053467
0.158081,-0.382568,0.861206
-0.506714,0.091064,0.820190
0.484253,-0.267700,1.048950
-0.314575,-0.263184,0.752441
0.013916,0.122559,1.039551
0.222168,-0.395264,0.874512
-0.531250,0.087524,0.803589
0.455811,-0.214722,1.041626
-0.265259,-0.320557,0.745239
-0.067627,0.121826,1.003784
0.289673,-0.412964,0.907227
-0.564087,0.071899,0.783203
0.430176,-0.178589,1.057129
-0.216797,-0.312622,0.734009
-0.169556,0.141602,0.985596
0.329224,-0.401245,0.925171
-0.550659,0.003418,0.768188
0.400757,-0.138550,1.076294
-0.194946,-0.313599,0.727173
-0.268677,0.179810,0.957031
0.386963,-0.397949,0.947144
-0.539062,-0.071289,0.739014
0.335571,-0.086548,1.067505
-0.128662,-0.331665,0.751221
-0.342285,0.186523,0.908569
0.405518,-0.328735,0.978638
-0.545166,-0.102661,0.709351
0.256836,-0.072998,1.053589
-0.032837,-0.402344,0.785522
-0.440674,0.202393,0.882446
0.420410,-0.273926,0.999146
-0.504883,-0.095459,0.727295
0.140991,0.034058,1.040039
0.076782,-0.417114,0.835083
-0.501587,0.162964,0.855225
0.421143,-0.244873,1.005493
-0.439209,-0.169922,0.723755
0.047119,0.102539,1.028931
0.149292,-0.428223,0.840576
-0.559692,0.130249,0.820190
0.435181,-0.227783,1.021606
-0.324341,-0.247803,0.741577
-0.055420,0.158447,1.007935
0.219971,-0.413452,0.870117
-0.569092,0.066284,0.783081
0.413696,-0.193848,1.027466
-0.260986,-0.292725,0.705444
-0.132202,0.164795,0.971558
0.294312,-0.384644,0.891968
-0.595215,0.045288,0.758057
0.401245,-0.189087,1.030273
-0.205688,-0.351318,0.710571
-0.229004,0.171021,0.950439
0.335449,-0.378296,0.914429
-0.602295,0.011841,0.720703
0.351807,-0.127930,1.038452
-0.153564,-0.369507,0.724731
-0.300415,0.199707,0.936401
0.359497,-0.361450,0.922485
-0.591187,-0.026733,0.707397
0.292236,-0.098999,1.023560
-0.105225,-0.387451,0.749634
-0.394897,0.212769,0.884766
0.402954,-0.329590,0.956543
-0.550781,-0.009399,0.729858
0.199463,-0.002197,1.009766
-0.040161,-0.387451,0.768433
-0.458130,0.179810,0.860107
0.412598,-0.325684,0.961304
-0.515503,-0.100708,0.705078
0.137695,0.046875,1.008423
0.033813,-0.395386,0.793579
-0.522827,0.220459,0.846436
0.424072,-0.261841,0.976807
-0.438965,-0.174927,0.729248
0.060059,0.064575,1.012207
0.096069,-0.405640,0.817993
-0.568604,0.195801,0.809082
0.429077,-0.205566,1.000610
-0.352539,-0.193604,0.733765
-0.021606,0.122070,1.013672
0.199829,-0.452637,0.844604
-0.616089,0.142578,0.773193
0.411621,-0.177002,1.002563
-0.264404,-0.274902,0.713135
-0.113647,0.206055,0.991455
0.273682,-0.419189,0.872070
-0.615356,0.098633,0.762573
0.397827,-0.168823,1.006226
-0.200439,-0.317383,0.710693
-0.197388,0.198364,0.954956
0.321289,-0.364990,0.899902
-0.616455,0.057983,0.737671
0.369751,-0.171143,1.005249
-0.130005,-0.366699,0.737793
-0.277466,0.190552,0.914673
0.353638,-0.336426,0.912842
-0.596802,0.060059,0.732544
0.312622,-0.089844,1.014404
-0.083618,-0.388306,0.750610
-0.350952,0.183838,0.882690
0.397095,-0.329590,0.923706
-0.565063,0.039795,0.712524
0.206177,0.017334,0.978760
-0.034668,-0.350220,0.774658
-0.414429,0.173462,0.868164
0.421265,-0.333618,0.956665
-0.538574,-0.029175,0.710083
0.162109,0.085083,1.019897
0.014771,-0.354858,0.780640
-0.502441,0.220703,0.836304
0.422974,-0.264648,0.968750
-0.470093,-0.139526,0.711914
0.116943,0.053955,1.014893
0.056519,-0.395752,0.787354
-0.526611,0.251709,0.836426
0.450317,-0.248901,0.987671
-0.393921,-0.170654,0.746216
0.045776,0.096558,1.014038
0.129639,-0.382690,0.825562
-0.571167,0.216431,0.806641
0.437378,-0.207642,0.996460
-0.327393,-0.235718,0.736328
-0.017578,0.136963,1.004639
0.202271,-0.415161,0.844482
-0.594238,0.166748,0.772217
0.424194,-0.155518,1.004883
-0.244995,-0.241821,0.743652
-0.094971,0.180786,0.981812
0.264160,-0.413330,0.867920
-0.590454,0.128784,0.766602
0.421143,-0.127563,1.022339
-0.181641,-0.278687,0.744019
-0.180664,0.209839,0.948242
0.329712,-0.391724,0.896484
-0.591309,0.065063,0.741821
0.385010,-0.114502,1.007690
-0.110962,-0.350708,0.733887
-0.259155,0.208374,0.911377
0.371460,-0.339600,0.923340
-0.571045,0.017944,0.728638
0.325439,-0.086426,1.011597
-0.056030,-0.400024,0.727417
-0.344604,0.218262,0.874756
0.413208,-0.323364,0.933472
-0.536865,-0.009155,0.737549
0.237305,-0.017090,1.005981
0.000366,-0.409912,0.752686
-0.421997,0.207153,0.846924
0.430054,-0.282227,0.956787
-0.493774,-0.072632,0.729370
0.132324,0.065796,1.013794
0.069946,-0.411255,0.786743
-0.500854,0.200439,0.833252
0.445557,-0.250244,0.988892
-0.412354,-0.127075,0.747925
0.052734,0.122925,1.006226
0.157959,-0.403809,0.823364
-0.564087,0.175415,0.783936
0.447388,-0.214966,0.998413
-0.289917,-0.208496,0.759155
-0.044556,0.189331,1.003662
0.237915,-0.372925,0.866821
-0.576660,0.127075,0.764648
0.436401,-0.166870,1.023804
-0.181396,-0.278198,0.761353
-0.137573,0.192627,0.957886
0.314087,-0.381348,0.890259
-0.605591,0.113770,0.756592
0.403687,-0.144165,1.019409
-0.073608,-0.359619,0.772217
-0.218018,0.188843,0.917603
0.347168,-0.309937,0.922485
-0.578003,0.037842,0.726074
0.329834,-0.104980,0.997437
-0.025757,-0.416016,0.759277
-0.295776,0.161987,0.877563
0.396484,-0.281738,0.938965
-0.549072,0.003662,0.719482
0.253784,-0.017212,0.996460
0.035889,-0.427856,0.774658
-0.383179,0.158447,0.837769
0.431885,-0.288452,0.959229
-0.514648,-0.048584,0.733032
0.141968,0.054565,0.993652
0.082520,-0.441772,0.784302
-0.445801,0.141113,0.821899
0.450562,-0.253662,0.988403
-0.451050,-0.108398,0.738892
0.073242,0.125122,1.003784
0.141846,-0.414062,0.811768
-0.498291,0.129639,0.796631
0.473389,-0.258179,1.003784
-0.365845,-0.191772,0.751343
-0.026855,0.165894,1.000732
0.210815,-0.412842,0.843384
-0.550537,0.108276,0.764771
0.463501,-0.204102,1.019165
-0.243408,-0.225342,0.781006
-0.100952,0.200684,0.992310
0.264404,-0.411011,0.852539
-0.584473,0.103760,0.743530
0.447266,-0.211914,1.018677
-0.122192,-0.306030,0.808594
-0.145752,0.195679,0.968750
0.316772,-0.359375,0.893555
-0.604980,0.123413,0.742188
0.400513,-0.191772,1.010254
-0.038696,-0.379761,0.797607
-0.203735,0.178223,0.943115
0.365601,-0.329102,0.924438
-0.584839,0.069824,0.731323
0.321777,-0.143188,0.966309
0.007812,-0.404053,0.799683
-0.249023,0.099365,0.883667
0.408203,-0.309570,0.956421
-0.537476,0.002808,0.740967
0.250488,-0.006226,0.983765
0.015015,-0.409790,0.757324
-0.306396,0.095093,0.867065
0.436279,-0.336914,0.969971
-0.523682,-0.046631,0.729614
0.190918,0.061646,1.002686
0.043457,-0.396729,0.770508
-0.351562,0.091553,0.836060
0.470337,-0.373047,0.971069
-0.511230,-0.061646,0.736206
0.166504,0.063477,1.010620
0.072998,-0.426147,0.763672
-0.397217,0.112183,0.828857
0.468018,-0.316895,0.989990
-0.469360,-0.119263,0.738525
0.137329,0.022583,1.001099
0.106812,-0.439209,0.790283
-0.441650,0.122925,0.806152
0.467896,-0.290283,0.992310
-0.429443,-0.155762,0.735596
0.080444,0.086182,1.016602
0.169434,-0.451416,0.817749
-0.486328,0.112427,0.780518
0.467896,-0.277710,0.997681
-0.379639,-0.212158,0.728271
0.005493,0.116455,1.006226
0.233154,-0.470215,0.839478
-0.510620,0.065430,0.760132
0.466675,-0.249512,1.020874
-0.284668,-0.222534,0.766724
-0.088745,0.179688,0.993164
0.296021,-0.475830,0.857300
-0.535889,0.062256,0.766602
0.443726,-0.240234,1.023682
-0.175415,-0.276855,0.807983
-0.155029,0.188354,0.976074
0.329102,-0.418823,0.897217
-0.524170,0.030273,0.770752
0.415161,-0.171265,1.033569
-0.084961,-0.338135,0.805786
-0.221069,0.178467,0.941895
0.376831,-0.393311,0.931885
-0.515991,-0.041626,0.755249
0.351685,-0.120117,1.032104
0.001221,-0.424194,0.782959
-0.270264,0.154053,0.907715
0.421509,-0.372559,0.961060
-0.499634,-0.080933,0.745239
0.281372,-0.076050,1.021362
0.055664,-0.448853,0.799438
-0.325928,0.126343,0.880005
0.451050,-0.364868,0.980347
-0.469116,-0.098389,0.761108
0.204224,-0.001709,1.027710
0.107666,-0.473511,0.802246
-0.383789,0.106323,0.845947
0.460571,-0.307861,1.000977
-0.427490,-0.159546,0.741333
0.143555,0.051514,1.031372
0.160400,-0.454224,0.835815
-0.440308,0.110474,0.813965
0.486938,-0.303589,1.013428
-0.371216,-0.210938,0.758057
0.060303,0.059326,1.023804
0.247070,-0.486572,0.860229
-0.481079,0.067505,0.770996
0.471436,-0.223389,1.033813
-0.267456,-0.230469,0.782227
-0.039429,0.157104,1.033936
0.310547,-0.516479,0.880249
-0.508179,0.038452,0.765625
0.447021,-0.187500,1.042114
-0.200439,-0.227661,0.799927
-0.121582,0.180786,1.005493
0.380981,-0.485107,0.924805
-0.512695,-0.004028,0.772827
0.404663,-0.121216,1.063354
-0.071533,-0.302490,0.828857
-0.189941,0.203369,0.996826
0.409912,-0.448486,0.940796
-0.493896,-0.068970,0.775757
0.367065,-0.124023,1.050415
0.037354,-0.363770,0.840820
-0.259155,0.201660,0.960327
0.444824,-0.379272,0.984009
-0.439941,-0.132568,0.773193
0.288574,-0.076050,1.045532
0.073730,-0.441406,0.821167
-0.297729,0.133179,0.919312
0.484375,-0.318726,1.017090
-0.442627,-0.108765,0.770996
0.228027,-0.021484,1.038818
0.131226,-0.456055,0.835693
-0.357300,0.100464,0.880859
0.508301,-0.278076,1.062866
-0.399170,-0.147827,0.771118
0.143311,0.051392,1.040283
0.218994,-0.482422,0.875122
-0.409180,0.058960,0.848633
0.532959,-0.270264,1.085815
-0.346191,-0.194702,0.783203
0.063232,0.124390,1.042358
0.272949,-0.485840,0.886353
-0.438599,0.015747,0.814453
0.528442,-0.285645,1.075073
-0.283447,-0.244507,0.795044
0.006836,0.185913,1.055786
0.322876,-0.441528,0.927612
-0.456543,0.008789,0.810913
0.512939,-0.261719,1.087158
-0.222168,-0.258423,0.817627
-0.044922,0.204712,1.049194
0.358154,-0.437134,0.946411
-0.461914,0.004883,0.807251
0.488281,-0.182495,1.115356
-0.156372,-0.276733,0.832764
-0.102173,0.211914,1.035156
0.398071,-0.421143,0.968628
-0.459351,-0.031128,0.808838
0.470459,-0.146851,1.116211
-0.072266,-0.291382,0.849243
-0.142822,0.214600,1.033569
0.426147,-0.387573,0.996216
-0.471313,-0.035889,0.806641
0.431763,-0.140015,1.105591
0.033203,-0.360352,0.885620
-0.190308,0.217041,1.030029
0.454834,-0.329224,1.019653
-0.448608,-0.060425,0.800659
0.379028,-0.087402,1.099854
0.076538,-0.425171,0.858643
-0.220459,0.174561,1.007568
0.492920,-0.301636,1.062622
-0.418823,-0.100830,0.791382
0.322876,-0.036865,1.106567
0.113281,-0.407349,0.882446
-0.287109,0.202393,0.988525
0.520264,-0.283447,1.082031
-0.377563,-0.159302,0.800415
0.270386,0.008057,1.118286
0.161133,-0.405884,0.909912
-0.340820,0.122314,0.912842
0.561401,-0.280518,1.119385
-0.335571,-0.188110,0.804321
0.183105,0.069336,1.098022
0.242188,-0.435059,0.927124
-0.389648,0.097900,0.868896
0.546753,-0.241211,1.112305
-0.252686,-0.225952,0.834351
0.079102,0.134888,1.092651
0.337769,-0.440674,0.961670
-0.446289,0.073120,0.833374
0.537598,-0.174561,1.142822
-0.160278,-0.261597,0.869751
-0.010986,0.203369,1.099976
0.387451,-0.413696,0.995239
-0.465210,0.046143,0.837769
0.510254,-0.164917,1.134521
-0.041992,-0.296631,0.898071
-0.094604,0.245483,1.086914
0.440186,-0.358154,1.024780
-0.471680,-0.041504,0.798096
0.312622,-0.092163,1.051147
0.042603,-0.388306,0.882935
-0.293945,0.099487,0.927979
0.526123,-0.298706,1.083984
-0.425171,-0.125977,0.761230
0.192749,0.038452,1.056885
0.197021,-0.472656,0.864746
-0.353760,0.109741,0.919312
0.535645,-0.279663,1.084717
-0.347778,-0.181396,0.796875
0.084473,0.088623,1.038208
0.264282,-0.497803,0.884521
-0.416016,0.018799,0.828613
0.543213,-0.240112,1.103394
-0.237305,-0.204834,0.838501
-0.026611,0.212891,1.055298
0.363647,-0.448242,0.965942
-0.475708,-0.002197,0.811035
0.481934,-0.190430,1.115601
-0.129883,-0.295654,0.844238
-0.075806,0.212402,1.070068
0.385254,-0.371948,0.990723
-0.470947,-0.005371,0.813354
0.442505,-0.141602,1.105835
0.023682,-0.379639,0.874512
-0.133667,0.206299,1.065186
0.429932,-0.328247,1.019531
-0.478882,-0.020996,0.783691
0.405273,-0.115845,1.105835
0.092285,-0.414429,0.875488
-0.211182,0.195923,1.037109
0.488281,-0.302124,1.062012
-0.449097,-0.057983,0.799438
0.315552,-0.062988,1.086670
0.130371,-0.445557,0.889404
-0.303101,0.163940,0.984741
0.549927,-0.286133,1.111572
-0.382690,-0.130493,0.801392
0.213745,0.066895,1.093384
0.208862,-0.443359,0.911011
-0.368896,0.120117,0.924683
0.565430,-0.289185,1.119141
-0.325684,-0.208130,0.809692
0.140747,0.140259,1.093506
0.293335,-0.433594,0.945679
-0.413208,0.070190,0.872681
0.553589,-0.281860,1.109497
-0.254028,-0.260742,0.827515
0.070923,0.147461,1.082153
0.355957,-0.416504,0.978394
-0.445679,0.090332,0.853271
0.533813,-0.205078,1.116089
-0.183838,-0.258789,0.850586
0.008301,0.175781,1.084717
0.411499,-0.431030,0.995972
-0.434814,0.040894,0.848389
0.493164,-0.115356,1.132324
-0.100342,-0.256104,0.871948
-0.057617,0.217896,1.093750
0.442749,-0.386230,1.034912
-0.444458,-0.033447,0.823242
0.483276,-0.083252,1.165649
0.005005,-0.333496,0.885010
-0.125244,0.225098,1.079712
0.477173,-0.387085,1.048584
-0.439941,-0.073120,0.812622
0.437866,-0.084595,1.156128
0.043457,-0.348877,0.891724
-0.166748,0.199097,1.049438
0.514160,-0.322754,1.094360
-0.416504,-0.117188,0.820801
0.388794,-0.038452,1.161377
0.064697,-0.346802,0.892090
-0.231812,0.190674,1.024780
0.543579,-0.278931,1.128418
-0.389648,-0.167725,0.798706
0.326660,-0.012817,1.154175
0.137939,-0.393555,0.916138
-0.295898,0.204468,0.996948
0.580933,-0.273804,1.125610
-0.344238,-0.153442,0.830200
0.224487,0.041748,1.121094
0.225464,-0.427246,0.938477
-0.333984,0.105835,0.910522
0.575928,-0.229370,1.138550
-0.282349,-0.193481,0.833984
0.137939,0.121948,1.110596
0.311523,-0.455200,0.958374
-0.401245,0.074341,0.890259
0.553955,-0.203613,1.150757
-0.202393,-0.238892,0.862305
0.053223,0.210815,1.125610
0.373413,-0.403809,0.998901
-0.451538,0.042969,0.858398
0.537231,-0.163208,1.175659
-0.098633,-0.328979,0.883423
-0.027954,0.200684,1.112427
0.393921,-0.356812,1.013794
-0.444946,-0.007690,0.849365
0.530640,-0.153320,1.182739
-0.002930,-0.376343,0.893799
-0.080688,0.188232,1.080811
0.422974,-0.320801,1.020020
-0.450073,-0.008667,0.834961
0.489136,-0.147949,1.178711
0.016235,-0.399414,0.892090
-0.168457,0.212646,1.068359
0.490356,-0.315186,1.075195
-0.437256,-0.014648,0.830444
0.415161,-0.040771,1.171997
0.049805,-0.400513,0.898682
-0.222168,0.190796,1.052612
0.528442,-0.284302,1.122192
-0.447632,-0.069946,0.801392
0.359619,-0.027954,1.159302
0.112671,-0.370728,0.922363
-0.258423,0.170410,1.008301
0.543579,-0.249634,1.137573
-0.384766,-0.135864,0.809082
0.292603,0.020508,1.146729
0.173218,-0.405029,0.932861
-0.332031,0.137207,0.951904
0.566772,-0.266113,1.138672
-0.317505,-0.159790,0.836304
0.189453,0.111084,1.132324
0.251709,-0.433350,0.932983
-0.389771,0.102173,0.916992
0.570801,-0.234497,1.144043
-0.261719,-0.231079,0.830322
0.103149,0.146729,1.104126
0.309814,-0.380981,0.969482
-0.413086,0.061279,0.879517
0.556152,-0.210083,1.153809
-0.197876,-0.290039,0.837280
0.009644,0.153198,1.091064
0.359985,-0.378296,0.996948
-0.436768,0.047363,0.861938
0.533813,-0.166992,1.146606
-0.084351,-0.303467,0.869507
-0.059937,0.191162,1.079834
0.417114,-0.356079,1.029663
-0.462402,-0.014038,0.822510
0.480225,-0.140503,1.150146
-0.043579,-0.314941,0.862915
-0.136108,0.180298,1.075317
0.450928,-0.314087,1.052979
-0.466431,-0.048584,0.819580
0.419189,-0.059937,1.165039
0.021606,-0.353027,0.868286
-0.233032,0.188110,1.036499
0.497437,-0.276245,1.091919
-0.449341,-0.086426,0.796509
0.349487,-0.048950,1.137573
0.096191,-0.384521,0.895874
-0.313965,0.180176,0.975586
0.535400,-0.264404,1.114136
-0.387817,-0.158081,0.793701
0.247437,0.005005,1.123047
0.158691,-0.372681,0.913940
-0.369995,0.145508,0.931519
0.552002,-0.263306,1.119507
-0.352539,-0.187134,0.798462
0.143677,0.081909,1.101440
0.246094,-0.425049,0.942749
-0.417358,0.095459,0.885132
0.540527,-0.212036,1.126831
-0.277466,-0.235962,0.809570
0.053345,0.143188,1.094971
0.291260,-0.413452,0.934570
-0.447632,0.049561,0.847534
0.542114,-0.178711,1.146240
-0.185669,-0.291382,0.812866
-0.022095,0.164185,1.080688
0.343384,-0.391357,0.946289
-0.479614,0.036621,0.837646
0.525269,-0.223267,1.127808
-0.125977,-0.353638,0.811890
-0.109375,0.176758,1.042114
0.385986,-0.346191,0.979004
-0.479980,-0.007202,0.810547
0.482666,-0.157715,1.152344
-0.089600,-0.357300,0.824951
-0.196411,0.178589,1.023560
0.424561,-0.364746,1.005493
-0.503418,-0.032715,0.793335
0.434326,-0.103149,1.139648
-0.042480,-0.305298,0.848877
-0.271118,0.227661,1.004395
0.460083,-0.319336,1.036621
-0.473999,-0.093140,0.776001
0.345581,-0.094482,1.111206
0.013428,-0.361084,0.861694
-0.319458,0.190186,0.962646
0.482300,-0.285522,1.054688
-0.437378,-0.115112,0.760620
0.261719,-0.005859,1.110840
0.083130,-0.382812,0.865356
-0.385254,0.151123,0.912720
0.500366,-0.275146,1.066162
-0.403687,-0.182495,0.755493
0.168579,0.063477,1.082642
0.164062,-0.399536,0.892090
-0.449707,0.126221,0.868164
0.506470,-0.253540,1.079590
-0.364380,-0.215210,0.763184
0.068604,0.084351,1.058960
0.218750,-0.385742,0.905273
-0.470581,0.073364,0.839233
0.511230,-0.205200,1.101074
-0.260376,-0.256348,0.784912
-0.038818,0.134521,1.042114
0.307739,-0.447144,0.912842
-0.503296,0.032227,0.811157
0.471069,-0.183105,1.088745
-0.175293,-0.280518,0.795044
-0.125977,0.139893,1.006104
0.358887,-0.375854,0.953003
-0.525879,-0.006226,0.775269
0.413330,-0.147705,1.089355
-0.123413,-0.334839,0.786743
-0.205811,0.165771,0.995728
0.395996,-0.321045,0.982910
-0.559814,-0.008057,0.754761
0.348877,-0.139038,1.061523
-0.053833,-0.393799,0.803711
-0.290405,0.140015,0.945068
0.406616,-0.273804,1.021606
-0.524048,-0.066528,0.722656
0.298584,-0.059692,1.090698
0.001343,-0.383423,0.830078
-0.397461,0.175903,0.910278
0.442505,-0.307861,1.022827
-0.468140,-0.139160,0.732910
0.200928,-0.005981,1.067017
0.069580,-0.413940,0.842163
-0.441406,0.174561,0.885254
0.460327,-0.273071,1.037231
-0.456421,-0.127808,0.755615
0.119507,0.035645,1.049438
0.124634,-0.433960,0.853760
-0.476318,0.135254,0.863525
0.469971,-0.229614,1.056763
-0.424194,-0.165161,0.738647
0.050293,0.087280,1.032349
0.194702,-0.421265,0.868408
-0.522217,0.098877,0.815430
0.471313,-0.212158,1.064331
-0.327881,-0.226196,0.746460
-0.041138,0.127808,1.015503
0.245361,-0.417236,0.893433
-0.527710,0.037720,0.797485
0.454102,-0.203491,1.063599
-0.266724,-0.290771,0.732666
-0.118774,0.151489,0.985352
0.307129,-0.401611,0.907593
-0.568481,0.046143,0.768799
0.419434,-0.201538,1.050781
-0.190796,-0.346191,0.745361
-0.187744,0.144775,0.958740
0.319824,-0.340942,0.926147
-0.582764,0.025024,0.750122
0.395996,-0.179688,1.056519
-0.142944,-0.360352,0.757690
-0.256226,0.169067,0.948486
0.357056,-0.326172,0.949463
-0.574341,0.023071,0.752319
0.322388,-0.151367,1.027588
-0.092773,-0.389771,0.779541
-0.330078,0.155762,0.897583
0.380737,-0.304443,0.965942
-0.543457,-0.037598,0.707275
0.241211,-0.057861,1.028198
-0.049316,-0.361572,0.802002
-0.394043,0.150635,0.898315
0.411133,-0.322754,0.970093
-0.518188,-0.056274,0.713501
0.169922,0.055420,1.032837
0.004272,-0.346802,0.820190
-0.453491,0.143311,0.870361
0.435303,-0.322998,1.000977
-0.513062,-0.113770,0.695068
0.105225,0.098267,1.032471
0.051758,-0.371338,0.812744
-0.501953,0.151245,0.859619
0.457275,-0.276001,1.020020
-0.437378,-0.161377,0.737915
0.047974,0.123901,1.019165
0.098389,-0.404785,0.812866
-0.550415,0.120850,0.814575
0.451294,-0.285889,1.009399
-0.360229,-0.222290,0.730957
-0.005493,0.152344,1.006592
0.162109,-0.389648,0.834839
-0.562256,0.131714,0.795288
0.428589,-0.246704,1.002075
-0.326782,-0.248657,0.745483
-0.039429,0.109497,0.994507
0.222778,-0.439453,0.852173
-0.576660,0.098511,0.767822
0.394409,-0.170776,1.010864
-0.268677,-0.258789,0.730469
-0.126953,0.149414,0.982056
0.291016,-0.430786,0.886597
-0.604614,0.070190,0.763916
0.381714,-0.168335,1.016846
-0.214844,-0.336060,0.695435
-0.208130,0.192871,0.968872
0.330566,-0.367432,0.919434
-0.600098,0.022583,0.750122
0.339844,-0.147705,1.011963
-0.175049,-0.342163,0.710571
-0.286133,0.191528,0.915161
0.379028,-0.352417,0.941162
-0.583130,-0.016846,0.724487
0.273560,-0.096436,1.013428
-0.105225,-0.379639,0.747803
-0.383911,0.194702,0.882568
0.406982,-0.329956,0.956665
-0.557983,-0.021240,0.711548
0.198486,-0.006348,1.019043
-0.034424,-0.395264,0.779785
-0.468872,0.176880,0.853760
0.425537,-0.308472,0.972412
-0.489380,-0.116089,0.701294
0.090820,0.116455,1.014282
0.050781,-0.380493,0.792847
-0.546753,0.189087,0.828003
0.439331,-0.312988,0.968018
-0.411621,-0.183472,0.732666
0.033936,0.112305,1.006592
0.135376,-0.396729,0.819824
-0.585571,0.188477,0.801880
0.430664,-0.253906,0.992920
-0.304688,-0.254150,0.738647
-0.050049,0.121704,0.979980
0.197754,-0.378906,0.857300
-0.595703,0.133057,0.786133
0.414917,-0.199707,1.000854
-0.247314,-0.282227,0.722534
-0.143555,0.160889,0.960693
0.276123,-0.376465,0.889282
-0.615479,0.102539,0.757202
0.398071,-0.173584,1.016357
-0.187744,-0.357666,0.711548
-0.212524,0.174316,0.934204
0.320312,-0.342773,0.906860
-0.615479,0.075317,0.735474
0.353516,-0.133545,1.025269
-0.128174,-0.388062,0.737671
-0.296875,0.180176,0.912109
0.366577,-0.345703,0.920044
-0.600342,0.066284,0.725952
0.278442,-0.087036,0.992188
-0.068481,-0.403809,0.750000
-0.355103,0.171997,0.886597
0.390747,-0.282959,0.955811
-0.572876,0.020264,0.707153
0.194946,-0.009277,0.985474
-0.002197,-0.388306,0.774902
-0.441895,0.190186,0.870483
0.410645,-0.280762,0.957275
-0.515869,-0.040527,0.719604
0.106567,0.092407,0.999390
0.044067,-0.401489,0.797241
-0.497070,0.180542,0.853027
0.428711,-0.243896,0.985718
-0.446655,-0.075317,0.744873
0.034302,0.171997,1.019653
0.120483,-0.415527,0.805176
-0.542603,0.149536,0.821655
0.436157,-0.215210,0.997437
-0.375610,-0.171265,0.734375
-0.014771,0.152832,0.989990
0.211304,-0.400879,0.852173
-0.597534,0.162598,0.779907
0.418213,-0.183105,0.996460
-0.273804,-0.234985,0.736572
-0.086914,0.170532,0.976562
0.270142,-0.413940,0.878540
-0.597656,0.135132,0.782227
0.400879,-0.139160,1.000122
-0.209717,-0.278198,0.731567
-0.170776,0.184326,0.943359
0.335693,-0.381836,0.916382
-0.596680,0.089111,0.759033
0.371826,-0.110962,1.014648
-0.139404,-0.341431,0.724487
-0.262085,0.188843,0.907715
0.379395,-0.356934,0.928223
-0.583008,0.058105,0.741089
0.297852,-0.061523,1.009644
-0.065186,-0.408813,0.717651
-0.340942,0.189941,0.867920
0.402832,-0.289917,0.945068
-0.544800,-0.014282,0.718140
0.212891,-0.005493,1.001221
0.003784,-0.399780,0.774780
-0.445557,0.182251,0.842529
0.422363,-0.254761,0.973267
-0.478638,-0.075439,0.733398
0.112305,0.090576,1.024414
0.068481,-0.414185,0.790771
-0.525635,0.190796,0.824951
0.457886,-0.245239,0.986328
-0.380981,-0.105713,0.751221
0.001587,0.184448,1.018799
0.208618,-0.380127,0.861328
-0.592285,0.138916,0.772461
0.430908,-0.200684,1.004761
-0.228516,-0.256714,0.761230
-0.085938,0.215820,0.990967
0.263184,-0.337646,0.879272
-0.617554,0.125488,0.753174
0.421509,-0.192383,1.010986
-0.128296,-0.373901,0.750610
-0.165649,0.168091,0.935669
0.310059,-0.298218,0.901489
-0.611816,0.113159,0.733154
0.370850,-0.139282,1.012085
-0.077148,-0.377197,0.748535
-0.259888,0.186523,0.907959
0.397583,-0.332153,0.928711
-0.573242,0.057983,0.725708
0.281738,-0.016479,0.985962
-0.013184,-0.415894,0.732910
-0.351685,0.170166,0.849976
0.414429,-0.295410,0.944092
-0.518555,-0.042847,0.728027
0.213379,0.005981,0.999878
0.021851,-0.417480,0.768066
-0.428345,0.169312,0.828857
0.427246,-0.263184,0.960938
-0.478271,-0.072266,0.725098
0.138184,0.063354,1.016357
0.077759,-0.432129,0.789551
-0.483276,0.180908,0.815430
0.448364,-0.250488,0.971436
-0.428223,-0.095947,0.757080
0.060547,0.118652,1.012939
0.141235,-0.415894,0.824219
-0.534912,0.130737,0.784302
0.458496,-0.233032,1.001831
-0.371094,-0.143066,0.740112
-0.003662,0.179443,1.003784
0.214355,-0.395508,0.839600
-0.571045,0.146118,0.780396
0.441528,-0.214478,1.000000
-0.274902,-0.196411,0.770264
-0.072998,0.175781,0.979248
0.266724,-0.392700,0.873779
-0.582642,0.149658,0.779541
0.431030,-0.139038,1.029907
-0.181519,-0.260498,0.762573
-0.159424,0.192139,0.952759
0.332153,-0.430298,0.878418
-0.580933,0.084351,0.757202
0.404541,-0.127563,1.018921
-0.094238,-0.299438,0.773560
-0.243896,0.220459,0.911255
0.374878,-0.377930,0.926270
-0.562012,0.031616,0.751831
0.345215,-0.103882,1.010376
-0.035645,-0.380371,0.765503
-0.296143,0.189575,0.876953
0.389771,-0.341431,0.929321
-0.547974,-0.021606,0.734131
0.282349,-0.070923,0.993774
0.005493,-0.409668,0.757080
-0.367065,0.213013,0.857056
0.447388,-0.290771,0.951660
-0.500854,-0.064941,0.743408
0.140015,0.009033,0.976562
0.050781,-0.446533,0.768188
-0.418701,0.126831,0.822510
0.460693,-0.242554,0.989624
-0.427368,-0.096558,0.755493
0.076904,0.143555,1.010986
0.123413,-0.404785,0.799805
-0.518921,0.115845,0.781738
0.470581,-0.285645,1.002197
-0.366577,-0.156128,0.764526
0.014282,0.182983,1.033813
0.185425,-0.408936,0.827393
-0.554199,0.143921,0.761475
0.466553,-0.238037,1.009888
-0.274658,-0.210205,0.784302
-0.059814,0.142822,0.995239
0.251953,-0.443726,0.858521
-0.564209,0.094116,0.749634
0.450317,-0.159058,1.035767
-0.203979,-0.220093,0.770386
-0.140015,0.216187,0.976440
0.327881,-0.435547,0.899902
-0.568237,0.065186,0.761841
0.422607,-0.197144,1.004028
-0.140991,-0.284424,0.784058
-0.196655,0.204834,0.943970
0.381104,-0.359497,0.939697
-0.542480,0.034912,0.776611
0.354858,-0.100952,1.018066
-0.055542,-0.383301,0.762573
-0.251343,0.168579,0.901367
0.382568,-0.363403,0.937744
-0.543823,-0.038330,0.739136
0.325562,-0.094238,1.017334
0.002197,-0.410522,0.764404
-0.322510,0.186401,0.880371
0.423340,-0.358276,0.934082
-0.504883,-0.067749,0.758423
0.255615,-0.061035,0.997681
0.060791,-0.475586,0.771240
-0.374878,0.163086,0.833862
0.435913,-0.282593,0.959717
-0.479614,-0.044312,0.752930
0.182007,0.003296,1.008423
0.103271,-0.475342,0.796631
-0.413330,0.106689,0.808228
0.452515,-0.249146,0.983398
-0.451904,-0.072632,0.746948
0.110107,0.078369,1.023682
0.153076,-0.481445,0.809326
-0.465820,0.098022,0.793823
0.450684,-0.254395,0.979614
-0.392212,-0.101074,0.755127
0.034790,0.128052,1.023071
0.203979,-0.474976,0.832764
-0.509644,0.067871,0.769531
0.470703,-0.242310,1.010498
-0.333984,-0.156128,0.764526
-0.044922,0.173828,1.015381
0.265259,-0.502930,0.839478
-0.526367,0.043945,0.748047
0.442871,-0.203613,1.026245
-0.237183,-0.213013,0.778198
-0.096313,0.185913,1.002319
0.303101,-0.458740,0.884399
-0.540405,0.031494,0.749512
0.419800,-0.178223,1.027710
-0.144165,-0.282593,0.799438
-0.155884,0.193604,0.993286
0.353760,-0.428223,0.915283
-0.547119,0.036743,0.755859
0.399414,-0.171631,1.011353
-0.058472,-0.343384,0.796631
-0.236694,0.211060,0.947998
0.405029,-0.405884,0.954346
-0.514526,-0.074707,0.744751
0.307983,-0.092285,1.008301
0.010864,-0.407715,0.781860
-0.296509,0.171143,0.895874
0.432983,-0.348389,0.973877
-0.476196,-0.107910,0.760986
0.234985,-0.068481,1.005371
0.066162,-0.480469,0.772339
-0.357544,0.125854,0.841309
0.446655,-0.288452,0.985840
-0.445923,-0.091675,0.755005
0.167847,0.019165,1.024170
0.121460,-0.469482,0.807251
-0.413818,0.082397,0.821167
0.470581,-0.291016,1.000610
-0.412231,-0.156860,0.753296
0.067383,0.095703,1.021484
0.217041,-0.510742,0.835815
-0.468994,0.065674,0.789185
0.475464,-0.253174,1.010986
-0.340088,-0.164307,0.772095
-0.021484,0.135376,1.012695
0.273438,-0.483887,0.881836
-0.484741,-0.011963,0.751221
0.446777,-0.221191,1.029541
-0.267822,-0.207031,0.785889
-0.076782,0.174316,1.003052
0.341309,-0.473633,0.920288
-0.519531,0.000977,0.755127
0.422974,-0.174194,1.055664
-0.166138,-0.262451,0.795410
-0.150513,0.200195,0.990356
0.379639,-0.423584,0.955811
-0.528687,-0.015137,0.772095
0.393433,-0.162842,1.043945
-0.066162,-0.351196,0.798828
-0.194946,0.196045,0.972534
0.391968,-0.400513,0.945435
-0.508545,-0.057251,0.762085
0.382935,-0.135986,1.058594
0.014404,-0.417480,0.807861
-0.262329,0.190918,0.938965
0.437256,-0.380859,0.968140
-0.478760,-0.096313,0.760742
0.307373,-0.091187,1.035278
0.074707,-0.455933,0.805176
-0.305054,0.145142,0.907593
0.458374,-0.342529,0.987061
-0.468018,-0.125366,0.743896
0.244141,-0.050781,1.030396
0.105591,-0.464478,0.822266
-0.347656,0.117432,0.882812
0.487671,-0.315918,1.011353
-0.436157,-0.130859,0.749878
0.163086,0.030151,1.035645
0.169434,-0.494507,0.837891
-0.409790,0.081787,0.851807
0.508057,-0.299072,1.038574
-0.413574,-0.149414,0.745239
0.082886,0.086548,1.030884
0.258545,-0.515991,0.865723
-0.440430,0.044189,0.811157
0.489502,-0.258911,1.053711
-0.328491,-0.214722,0.759277
0.008911,0.131348,1.022583
0.311523,-0.507812,0.892212
-0.466553,0.006592,0.789062
0.483887,-0.239014,1.059204
-0.259277,-0.220947,0.780640
-0.063354,0.187378,1.019409
0.366821,-0.474365,0.939575
-0.468750,-0.019897,0.798584
0.448486,-0.190552,1.068359
-0.180420,-0.239624,0.813477
-0.117188,0.217407,1.022705
0.401733,-0.434814,0.964844
-0.490112,-0.027344,0.793335
0.424927,-0.172119,1.073853
-0.082764,-0.310425,0.822754
-0.167480,0.200317,1.003906
0.429688,-0.386597,0.982666
-0.480347,-0.061401,0.784668
0.383911,-0.126831,1.081055
0.026733,-0.404541,0.843872
-0.236572,0.191650,0.974609
0.457764,-0.352417,1.004639
-0.454346,-0.094727,0.767334
0.326904,-0.075073,1.064575
0.108032,-0.438477,0.859253
-0.283447,0.159912,0.941772
0.469849,-0.286377,1.029907
-0.429321,-0.128418,0.776245
0.274048,-0.051758,1.068726
0.124146,-0.438721,0.864136
-0.340210,0.129272,0.894531
0.506958,-0.259277,1.062378
-0.391235,-0.132690,0.783325
0.169312,0.030518,1.065063
0.220459,-0.514893,0.873535
-0.398071,0.071899,0.863281
0.514771,-0.248291,1.069336
-0.334473,-0.189453,0.782837
0.092529,0.099121,1.060425
0.295044,-0.476929,0.921509
-0.445679,0.053345,0.807495
0.493652,-0.219116,1.077881
-0.240112,-0.232422,0.818237
0.021973,0.148560,1.068970
0.346313,-0.436646,0.948853
-0.469727,0.035889,0.801880
0.476685,-0.184692,1.082275
-0.152222,-0.266724,0.836426
-0.056274,0.185303,1.057129
0.404785,-0.413330,0.989014
-0.472778,0.005615,0.807129
0.449219,-0.110352,1.104614
-0.054932,-0.316406,0.844849
-0.134766,0.202881,1.052368
0.464844,-0.393921,1.027100
-0.478638,-0.037476,0.802124
0.394531,-0.076172,1.114502
0.076050,-0.389282,0.873535
-0.373291,0.131714,0.860352
0.492065,-0.304199,1.030640
-0.416260,-0.149658,0.789185
0.130005,0.036011,1.031006
0.169922,-0.455688,0.845825
-0.441528,0.091187,0.808105
0.508057,-0.301025,1.040039
0.038940,0.124634,1.039062
0.263916,-0.481812,0.869385
-0.490967,0.062866,0.787476
0.498047,-0.282227,1.043579
-0.237427,-0.262329,0.802490
-0.057129,0.173828,1.028687
0.329102,-0.441406,0.908813
-0.504150,0.043335,0.791138
0.448486,-0.218750,1.055298
-0.140137,-0.279907,0.841064
-0.129639,0.164551,1.007446
0.392334,-0.407837,0.965210
-0.493652,-0.014038,0.771240
0.405029,-0.123657,1.062378
-0.053345,-0.333374,0.824585
-0.184204,0.183716,0.991211
0.429321,-0.407227,0.984497
-0.479858,-0.105957,0.769775
0.374390,-0.104492,1.078491
0.035645,-0.380371,0.819946
-0.250000,0.205933,0.972290
0.473755,-0.377075,1.005737
-0.450684,-0.101196,0.782715
0.308594,-0.084473,1.059082
0.094238,-0.441406,0.829834
-0.305176,0.138916,0.917847
0.482056,-0.296753,1.034546
-0.413208,-0.131226,0.776978
0.241211,-0.019043,1.069336
0.137939,-0.444580,0.853638
-0.361328,0.140747,0.898926
0.503052,-0.295654,1.037842
-0.392212,-0.160400,0.768921
0.153931,0.053833,1.052124
0.221069,-0.459106,0.887817
-0.396973,0.079224,0.851807
0.512573,-0.266113,1.066528
-0.324097,-0.212646,0.770752
0.064209,0.120728,1.049561
0.284912,-0.447144,0.912842
-0.434082,0.046021,0.824341
0.520020,-0.231812,1.094604
-0.232178,-0.253662,0.814331
-0.033325,0.182739,1.057617
0.347534,-0.439087,0.942749
-0.477783,0.036865,0.809448
0.480469,-0.187622,1.097046
-0.089722,-0.288086,0.862671
-0.094727,0.216187,1.067627
0.370850,-0.371582,0.975098
-0.496582,-0.007690,0.792480
0.467651,-0.204956,1.092529
-0.000488,-0.359619,0.873901
-0.164795,0.211914,1.031860
0.438110,-0.334717,1.017822
-0.484497,-0.027344,0.786255
0.372314,-0.109985,1.079346
0.098022,-0.447754,0.884033
-0.237061,0.199097,1.007568
0.479858,-0.313354,1.045044
-0.430176,-0.083008,0.788818
0.291748,-0.029541,1.072632
0.117920,-0.429443,0.889648
-0.302612,0.129272,0.973755
0.530029,-0.303589,1.086548
-0.402588,-0.140991,0.778809
0.213867,0.070190,1.089844
0.205078,-0.433716,0.903076
-0.365234,0.119507,0.934204
0.555786,-0.322876,1.099976
-0.329468,-0.194946,0.816528
0.131836,0.097900,1.065796
0.260986,-0.427979,0.915894
-0.396606,0.064453,0.859253
0.548950,-0.245361,1.115356
-0.254639,-0.241211,0.820557
0.053345,0.144897,1.071045
0.329956,-0.421021,0.958252
-0.453613,0.050415,0.818726
0.524292,-0.228516,1.111084
-0.163696,-0.280762,0.856934
-0.034546,0.174194,1.066284
0.392700,-0.395020,0.994385
-0.460693,0.014282,0.818237
0.477905,-0.150024,1.125610
-0.073853,-0.281616,0.881470
-0.092651,0.186157,1.067017
0.449219,-0.398926,1.025635
-0.450684,-0.029663,0.812744
0.428589,-0.075562,1.134277
0.043579,-0.356079,0.890869
-0.151733,0.189453,1.051636
0.467529,-0.327148,1.054199
-0.432129,-0.088745,0.802124
0.389160,-0.043335,1.140991
0.082520,-0.364868,0.879761
-0.244263,0.234253,1.026245
0.523193,-0.313721,1.085815
-0.403076,-0.127319,0.800781
0.316772,-0.036255,1.107178
0.141113,-0.364868,0.935913
-0.319092,0.175171,0.965332
0.548462,-0.244385,1.121948
-0.347412,-0.173462,0.808960
0.213257,0.045166,1.117920
0.238892,-0.438599,0.935425
-0.363037,0.100464,0.896362
0.557739,-0.217285,1.124146
-0.280884,-0.201782,0.823486
0.108276,0.117554,1.093628
0.331299,-0.457153,0.962646
-0.418823,0.071899,0.856689
0.548828,-0.179810,1.150024
-0.196777,-0.239746,0.854126
-0.005493,0.186157,1.098633
0.399292,-0.423584,1.003418
-0.436157,0.033813,0.857788
0.520996,-0.142456,1.144409
-0.094116,-0.258911,0.888062
-0.075073,0.211060,1.088379
0.440430,-0.373657,1.033691
-0.441162,-0.022827,0.835449
0.479370,-0.113770,1.161377
0.031250,-0.362183,0.885010
-0.140381,0.218628,1.078247
0.469116,-0.336060,1.050293
-0.451782,-0.024414,0.832397
0.439331,-0.089111,1.151367
0.050537,-0.353516,0.894043
-0.196899,0.231323,1.064819
0.513428,-0.302002,1.087280
-0.425537,-0.078125,0.808716
0.382324,-0.054077,1.141479
0.092773,-0.351318,0.932495
-0.248535,0.177246,1.019775
0.539795,-0.250366,1.137573
-0.397095,-0.114502,0.793335
0.303955,0.024048,1.143799
0.178223,-0.431763,0.922485
-0.304321,0.160522,0.994507
0.580566,-0.260742,1.146362
-0.367188,-0.142334,0.809570
0.208374,0.074097,1.119141
0.242188,-0.434082,0.940674
-0.326294,0.096802,0.937256
0.578491,-0.246948,1.152100
-0.307007,-0.175659,0.840454
0.140747,0.113403,1.115356
0.307495,-0.436279,0.971680
-0.395874,0.063721,0.891724
0.576660,-0.228882,1.151978
-0.237305,-0.209351,0.855591
0.059082,0.201294,1.114990
0.370117,-0.403687,0.995605
-0.417725,0.062134,0.882935
0.550049,-0.184082,1.160278
-0.158691,-0.265503,0.879639
-0.014648,0.193237,1.091309
0.409790,-0.372681,1.002075
-0.425781,0.007446,0.857910
0.528931,-0.139526,1.175537
-0.041260,-0.288452,0.901978
-0.100098,0.235596,1.086914
0.459839,-0.358154,1.034912
-0.434204,-0.048462,0.850586
0.470703,-0.115845,1.173828
0.024292,-0.337158,0.892944
-0.164185,0.252075,1.076416
0.494629,-0.287964,1.082153
-0.433960,-0.080933,0.827393
0.408569,-0.063477,1.161255
0.071533,-0.381470,0.915039
-0.253174,0.196899,1.013794
0.538208,-0.266602,1.116943
-0.370972,-0.132324,0.812012
0.306152,0.007324,1.147095
0.160889,-0.389282,0.932983
-0.304810,0.144287,0.960938
0.550049,-0.232300,1.130127
-0.336914,-0.179199,0.828369
0.213501,0.057983,1.126465
0.263428,-0.417114,0.961914
-0.378662,0.114258,0.910889
0.553955,-0.218628,1.125854
-0.262573,-0.199219,0.840698
0.108887,0.135620,1.113403
0.336792,-0.406494,0.984863
-0.424683,0.053467,0.882080
0.558594,-0.196655,1.160645
-0.180298,-0.243286,0.863281
-0.005615,0.208618,1.097412
0.392944,-0.376587,1.016235
-0.442505,-0.015381,0.852417
0.529419,-0.163696,1.181885
-0.051270,-0.322754,0.880371
-0.082275,0.229858,1.094116
0.424438,-0.337036,1.027466
-0.445679,-0.042969,0.836060
0.494873,-0.137695,1.184448
-0.016235,-0.356934,0.876831
-0.161255,0.234375,1.062256
0.471924,-0.291870,1.062012
-0.447388,-0.062256,0.817627
0.423218,-0.096924,1.171265
0.027222,-0.402710,0.881958
-0.214600,0.209961,1.043091
0.509277,-0.279175,1.100098
-0.458130,-0.060181,0.794678
0.362061,-0.047241,1.166382
0.113403,-0.397095,0.919678
-0.297729,0.191895,0.992920
0.543213,-0.277344,1.111450
-0.370850,-0.142334,0.807373
0.260376,0.041016,1.143921
0.179321,-0.399780,0.924683
-0.343384,0.137085,0.951782
0.566650,-0.287476,1.112671
-0.340820,-0.166504,0.819824
0.172974,0.110107,1.120972
0.249146,-0.398438,0.940552
-0.393311,0.111938,0.913330
0.560791,-0.257446,1.126831
-0.294067,-0.229736,0.822510
0.099731,0.122803,1.108521
0.318726,-0.398926,0.960449
-0.439209,0.084961,0.877197
0.545410,-0.221436,1.133789
-0.204956,-0.272217,0.846069
0.009888,0.124878,1.078247
0.355225,-0.360107,0.996338
-0.433716,0.014893,0.838257
0.519165,-0.131348,1.158081
-0.105103,-0.330322,0.832764
-0.067139,0.154785,1.060547
0.403931,-0.363770,1.011353
-0.459595,-0.025513,0.822266
0.484375,-0.093140,1.167603
-0.065796,-0.326050,0.837036
-0.156494,0.210083,1.061035
0.452271,-0.337524,1.040771
-0.475586,-0.047485,0.811646
0.430176,-0.098999,1.161133
-0.011597,-0.343262,0.858398
-0.261230,0.223755,1.025879
0.496216,-0.317139,1.074341
-0.451904,-0.070557,0.800293
0.356812,-0.051880,1.137329
0.046265,-0.344604,0.887329
-0.299194,0.165527,0.965210
0.515747,-0.276123,1.093140
-0.415283,-0.135254,0.786377
0.261597,0.004028,1.124512
0.140259,-0.413330,0.898438
-0.358398,0.144287,0.935181
0.526611,-0.238892,1.099731
-0.364868,-0.167969,0.791016
0.159180,0.065430,1.101196
0.212402,-0.420288,0.927002
-0.410400,0.090942,0.885010
0.535400,-0.212646,1.118408
-0.313232,-0.197876,0.793701
0.071655,0.119019,1.083740
0.285156,-0.409180,0.942749
-0.460815,0.050659,0.860352
0.527588,-0.193359,1.130371
-0.227051,-0.269043,0.802490
-0.021973,0.151367,1.063965
0.331421,-0.382812,0.955566
-0.469116,-0.001587,0.825317
0.512573,-0.189331,1.137207
-0.135498,-0.326416,0.799438
-0.099609,0.191284,1.047607
0.385132,-0.361694,0.974121
-0.495239,-0.021851,0.795532
0.468262,-0.165649,1.135498
-0.084961,-0.350830,0.811157
-0.185669,0.199951,1.033936
0.408569,-0.311523,1.002197
-0.484497,-0.044434,0.782104
0.408325,-0.128784,1.124268
-0.033081,-0.364014,0.836304
-0.262207,0.199463,0.992432
0.453491,-0.289795,1.043457
-0.488037,-0.062866,0.766357
0.329224,-0.077148,1.117432
0.043213,-0.400635,0.863159
-0.343384,0.166870,0.937988
0.484131,-0.288574,1.048584
-0.420898,-0.148438,0.765869
0.212280,0.037109,1.106323
0.123901,-0.406616,0.880249
-0.405151,0.139526,0.909180
0.506714,-0.260376,1.073975
-0.386841,-0.163696,0.774414
0.119507,0.078735,1.074097
0.193481,-0.404663,0.896118
-0.457886,0.082642,0.864136
0.506714,-0.236816,1.086914
-0.293945,-0.243530,0.789062
0.033081,0.114990,1.057251
0.247925,-0.372925,0.905884
-0.488403,0.037231,0.829590
0.506836,-0.231445,1.105469
-0.190063,-0.333862,0.777588
-0.059082,0.166992,1.041016
0.296387,-0.368774,0.913940
-0.498901,0.010376,0.789673
0.474121,-0.210449,1.094727
-0.140015,-0.363892,0.779053
-0.152710,0.161499,1.004150
0.349976,-0.341553,0.953369
-0.517456,-0.016968,0.771729
0.414673,-0.156128,1.110962
-0.101318,-0.385742,0.788452
-0.236938,0.185913,0.998291
0.403198,-0.314575,0.992554
-0.530640,-0.040405,0.748291
0.356812,-0.127319,1.090576
-0.043335,-0.368896,0.816772
-0.300293,0.184326,0.958740
0.436890,-0.290527,1.015503
-0.500000,-0.076782,0.754028
0.285034,-0.067993,1.091675
0.010254,-0.398071,0.828491
-0.375732,0.163574,0.919678
0.466309,-0.274536,1.036011
-0.445679,-0.097168,0.773926
0.177124,0.019775,1.082275
0.105713,-0.422607,0.853149
-0.451294,0.123169,0.876343
0.483398,-0.234497,1.069214
-0.394775,-0.173950,0.761475
0.055054,0.129272,1.060547
0.198242,-0.413574,0.875366
-0.498535,0.069824,0.833740
0.487061,-0.242676,1.065308
-0.286743,-0.269653,0.758545
-0.036133,0.147095,1.028809
0.261108,-0.385376,0.889282
-0.524536,0.022339,0.792725
0.465820,-0.233032,1.065430
-0.199097,-0.326172,0.765503
-0.122314,0.140137,0.985352
0.310669,-0.372314,0.914429
-0.552246,-0.001709,0.755615
0.442383,-0.205933,1.081665
-0.151855,-0.351562,0.761963
-0.220947,0.180420,0.980469
0.362915,-0.350586,0.939087
-0.555908,-0.005737,0.750610
0.372192,-0.150635,1.072998
-0.091797,-0.370483,0.785278
-0.299438,0.176147,0.953003
0.386597,-0.303833,0.983521
-0.551514,-0.041748,0.726929
0.314087,-0.110352,1.071777
-0.032837,-0.397705,0.797729
-0.379028,0.194214,0.914917
0.426025,-0.302856,0.989746
-0.505493,-0.125854,0.720215
0.218506,-0.053589,1.062134
0.027832,-0.384644,0.827393
-0.463257,0.183350,0.873047
0.450928,-0.290405,1.012451
-0.458130,-0.169434,0.737671
0.100952,0.045166,1.040894
0.120239,-0.405396,0.854004
-0.503418,0.134521,0.838623
0.454102,-0.238159,1.032471
-0.353394,-0.197632,0.768188
0.004028,0.111694,1.031616
0.204834,-0.429565,0.856201
-0.524170,0.074707,0.814819
0.439331,-0.193481,1.052734
-0.258789,-0.269775,0.742432
-0.102539,0.157349,0.999023
0.283325,-0.422974,0.884521
-0.559326,0.010254,0.755615
0.430908,-0.182617,1.068237
-0.190308,-0.324585,0.731567
-0.200073,0.170410,0.984863
0.317017,-0.350220,0.920776
-0.581543,-0.000732,0.747437
0.381714,-0.149048,1.057129
-0.133911,-0.358765,0.752319
-0.292725,0.163696,0.937256
0.378662,-0.332275,0.971069
-0.567871,-0.042725,0.719971
0.296387,-0.102295,1.046265
-0.073120,-0.359375,0.778564
-0.396606,0.187744,0.903931
0.423340,-0.308105,0.998047
-0.532837,-0.085938,0.719971
0.170288,-0.000366,1.022461
0.031128,-0.411621,0.813354
-0.449707,0.163086,0.880859
0.421875,-0.254395,1.014282
-0.507690,-0.107056,0.711182
0.094849,0.063110,1.026367
0.106567,-0.413452,0.835205
-0.528564,0.147095,0.851562
0.450562,-0.280273,1.010864
-0.391846,-0.185669,0.732422
-0.018799,0.151245,1.004883
0.182495,-0.395020,0.850342
-0.550659,0.092773,0.801147
0.442993,-0.247559,1.022461
-0.315552,-0.255005,0.718262
-0.070801,0.157104,0.978149
0.248047,-0.392212,0.869385
-0.578247,0.074585,0.791870
0.429199,-0.219238,1.026978
-0.246826,-0.330444,0.706665
-0.156128,0.150269,0.968872
0.298340,-0.368896,0.905029
-0.590576,0.051514,0.748901
0.403564,-0.183594,1.045532
-0.190308,-0.365967,0.718750
-0.227295,0.162476,0.940552
0.331299,-0.343140,0.919800
-0.593872,0.016602,0.725952
0.366943,-0.168091,1.034302
-0.147583,-0.368774,0.735840
-0.318359,0.186157,0.916260
0.368530,-0.338867,0.934937
-0.583374,-0.002441,0.734253
0.298218,-0.115723,1.024170
-0.097046,-0.387451,0.761597
-0.386963,0.176514,0.886597
0.382568,-0.302979,0.954346
-0.567627,-0.020996,0.700928
0.223145,-0.040894,1.028687
-0.019531,-0.416992,0.778442
-0.454224,0.193604,0.887573
0.413940,-0.301392,0.965698
-0.538940,-0.045776,0.704712
0.126221,0.054077,1.005127
0.039795,-0.412598,0.803955
-0.486206,0.180542,0.878662
0.428955,-0.275146,0.993774
-0.492310,-0.112793,0.715820
0.072876,0.102539,1.020508
0.087402,-0.419556,0.794922
-0.543335,0.169189,0.836182
0.448120,-0.270630,1.004883
-0.403076,-0.175415,0.736938
0.005127,0.146729,1.004639
0.142456,-0.393555,0.837891
-0.583862,0.140015,0.798340
0.445557,-0.239258,1.020264
-0.316162,-0.247681,0.730957
-0.062744,0.159180,0.992310
0.200806,-0.419067,0.835693
-0.592896,0.103027,0.771606
0.431152,-0.193359,1.025269
-0.264771,-0.286499,0.725708
-0.127808,0.182129,0.985229
0.270020,-0.420776,0.868530
-0.608276,0.084961,0.749146
0.404541,-0.180664,1.020020
-0.217285,-0.317261,0.725220
-0.198975,0.195923,0.963623
0.322998,-0.389160,0.897095
-0.592896,0.058105,0.749390
0.368652,-0.130981,1.034180
-0.177856,-0.358276,0.703491
-0.293701,0.197021,0.911011
0.364136,-0.382446,0.915283
-0.579346,-0.002319,0.727783
0.323486,-0.102051,1.030273
-0.130859,-0.347290,0.726074
-0.373535,0.210083,0.880737
0.384644,-0.347900,0.938232
-0.556885,-0.066528,0.702148
0.254639,-0.082520,1.011597
-0.063354,-0.391113,0.750244
-0.451904,0.249878,0.870483
0.411133,-0.291504,0.954224
-0.523315,-0.101318,0.701660
0.131714,0.006958,1.001953
0.034790,-0.426270,0.788574
-0.501221,0.214722,0.849365
0.413940,-0.246216,0.962158
-0.469116,-0.120972,0.712524
0.067139,0.088013,1.022095
0.123047,-0.441406,0.817139
-0.558716,0.198853,0.832397
0.427246,-0.211548,0.998535
-0.366211,-0.181274,0.731934
-0.023682,0.127563,0.996582
0.212646,-0.429810,0.858765
-0.593872,0.135132,0.784180
0.411377,-0.160522,1.014282
-0.269165,-0.266235,0.715820
-0.122192,0.172119,0.976196
0.284912,-0.416382,0.876099
-0.604248,0.113403,0.768555
0.380127,-0.133179,1.008545
-0.188599,-0.342651,0.711060
-0.225708,0.164917,0.923828
0.333374,-0.381104,0.906494
-0.603516,0.057251,0.738037
0.355957,-0.113037,1.022705
-0.134521,-0.372070,0.720581
-0.314453,0.206543,0.894775
0.374756,-0.339111,0.919312
-0.575562,0.014404,0.726074
0.285522,-0.093262,1.011475
-0.064575,-0.397949,0.750488
-0.394409,0.213135,0.876587
0.398560,-0.293945,0.942261
-0.558838,-0.011475,0.705200
0.186768,-0.002563,0.996582
0.019531,-0.410522,0.786743
-0.463013,0.194092,0.858643
0.413330,-0.250488,0.969849
-0.514160,-0.049683,0.698120
0.106445,0.081543,1.008545
0.105591,-0.415405,0.815674
-0.536987,0.166870,0.826294
0.418457,-0.219971,0.976318
-0.426514,-0.116455,0.724731
0.032104,0.163330,1.012817
0.167358,-0.414917,0.832153
-0.580200,0.169678,0.809448
0.410034,-0.201172,0.979004
-0.332642,-0.212402,0.724731
-0.020874,0.155518,0.998047
0.211792,-0.364990,0.858643
-0.607422,0.158569,0.784180
0.441162,-0.219971,0.995605
-0.250244,-0.290771,0.721802
-0.097900,0.180176,0.973022
0.254395,-0.366821,0.874390
-0.618530,0.147217,0.769775
0.433838,-0.206055,1.009644
-0.194824,-0.313843,0.736572
-0.139648,0.188599,0.955444
0.284546,-0.334473,0.887939
-0.615601,0.113037,0.749878
0.413452,-0.178467,1.019897
-0.153687,-0.346680,0.743408
-0.205933,0.191528,0.935181
0.328857,-0.343628,0.901245
-0.606567,0.092285,0.739868
0.388062,-0.158203,1.004395
-0.107666,-0.368286,0.745728
-0.269165,0.193237,0.893066
0.368042,-0.326782,0.909790
-0.596313,0.088501,0.744263
0.339844,-0.105957,1.007080
-0.092651,-0.378418,0.739136
-0.313599,0.185181,0.875732
0.399658,-0.337158,0.927490
-0.573486,0.045166,0.723389
0.280396,-0.034790,0.997314
-0.052612,-0.385742,0.747925
-0.363770,0.189453,0.870972
0.407104,-0.317993,0.940063
-0.554688,-0.011353,0.737793
0.206299,-0.029053,0.994507
0.000732,-0.420166,0.762451
-0.418213,0.200073,0.853271
0.415771,-0.265381,0.952637
-0.510742,-0.042358,0.734741
0.149658,0.047119,1.009644
0.063110,-0.432861,0.784912
-0.486816,0.204956,0.835815
0.416626,-0.218506,0.973999
-0.440674,-0.075073,0.749878
0.082153,0.104980,1.017456
0.117676,-0.400757,0.831787
-0.544312,0.153320,0.806030
0.446533,-0.209106,1.010254
-0.359741,-0.165649,0.730103
0.001343,0.193848,1.026733
0.202148,-0.404053,0.841675
-0.585205,0.124878,0.775391
0.434937,-0.190063,1.007935
-0.256958,-0.246216,0.728271
-0.069824,0.218018,0.992188
0.252563,-0.336060,0.866699
-0.611694,0.115479,0.758545
0.441895,-0.241455,1.005371
-0.192749,-0.321289,0.740845
-0.124390,0.183228,0.951172
0.302856,-0.318604,0.899292
-0.626099,0.106445,0.737793
0.409790,-0.164429,1.021606
-0.102417,-0.400146,0.743164
-0.187134,0.174927,0.922241
0.325439,-0.295288,0.903564
-0.605347,0.119995,0.730591
0.353149,-0.120361,0.999146
-0.062988,-0.426636,0.752563
-0.264648,0.131714,0.892212
0.380249,-0.314331,0.920288
-0.570435,0.104248,0.734985
0.293091,-0.003418,1.003418
-0.017334,-0.389893,0.765747
-0.335449,0.147949,0.859497
0.416504,-0.323608,0.945923
-0.566895,0.043701,0.710449
0.242554,0.010986,0.993896
0.024292,-0.397583,0.780518
-0.397339,0.162476,0.851196
0.408569,-0.295166,0.948853
-0.509277,-0.048340,0.732056
0.196167,0.028076,1.018799
0.035278,-0.408813,0.770874
-0.442261,0.193726,0.827026
0.434570,-0.246826,0.974854
-0.475830,-0.063843,0.740234
0.136841,0.031616,0.997314
0.076782,-0.411133,0.800781
-0.486694,0.161499,0.801758
0.435913,-0.195679,0.994141
-0.434204,-0.095703,0.737183
0.083008,0.113403,1.026245
0.151367,-0.449951,0.827271
-0.551270,0.169678,0.793213
0.449829,-0.208862,0.989868
-0.347900,-0.135498,0.754150
-0.007568,0.175415,1.012085
0.218994,-0.438477,0.837036
-0.576294,0.129028,0.766968
0.450684,-0.192871,1.014771
-0.232910,-0.217041,0.767090
-0.101440,0.199951,0.966064
0.270508,-0.363770,0.892700
-0.593140,0.058105,0.722168
0.426392,-0.176880,1.024658
-0.130371,-0.322754,0.761963
-0.164429,0.235107,0.962402
0.328613,-0.351929,0.890503
-0.588257,0.099731,0.766602
0.370361,-0.137329,1.011230
-0.049072,-0.403076,0.768433
-0.232910,0.167358,0.892090
0.362671,-0.279785,0.933350
-0.591431,0.051392,0.718872
0.311157,-0.101318,0.987305
0.013428,-0.450073,0.755737
-0.295166,0.151855,0.870728
0.388794,-0.250244,0.936157
-0.543457,0.028198,0.727295
0.219116,-0.000732,0.985352
0.049927,-0.427856,0.767822
-0.381470,0.140503,0.838989
0.437012,-0.258057,0.967773
-0.487671,-0.028687,0.743530
0.131348,0.080688,1.002441
0.068848,-0.421143,0.779419
-0.476807,0.138062,0.817383
0.478760,-0.294678,0.997314
-0.420044,-0.099976,0.762329
0.042847,0.175903,1.018066
0.159424,-0.403320,0.822754
-0.528076,0.114624,0.779297
0.458130,-0.271729,0.993408
-0.370361,-0.151855,0.753540
0.000244,0.151855,0.998169
0.298828,-0.357910,0.903931
-0.605591,0.136597,0.758057
0.418335,-0.148315,1.016846
-0.265259,-0.218994,0.764526
-0.211792,0.194214,0.925049
0.352539,-0.394897,0.903076
-0.591919,0.087769,0.752686
0.374146,-0.114990,1.004272
-0.099487,-0.333130,0.744995
-0.255493,0.178833,0.892334
0.364258,-0.322266,0.922241
-0.578979,0.025635,0.729126
0.334229,-0.086670,1.017212
-0.058838,-0.385742,0.737305
-0.332153,0.206421,0.879272
0.395264,-0.312256,0.917236
-0.541992,-0.010864,0.734375
0.251221,-0.030273,1.005737
-0.005371,-0.414429,0.757324
-0.399902,0.173462,0.840698
0.426636,-0.297119,0.955444
-0.522827,-0.046631,0.725586
0.162842,0.024536,0.991821
0.058228,-0.403809,0.794556
-0.465332,0.203003,0.835693
0.433350,-0.240479,0.976318
-0.452393,-0.100952,0.750854
0.085815,0.085693,1.005859
0.131592,-0.410767,0.823120
-0.528198,0.166260,0.799561
0.435669,-0.207397,0.983154
-0.360352,-0.132812,0.756836
-0.002686,0.168457,1.012573
0.202637,-0.413208,0.848511
-0.565308,0.118164,0.776489
0.439209,-0.182617,1.013062
-0.256592,-0.225098,0.744141
-0.093140,0.184082,0.968018
0.279663,-0.384766,0.876587
-0.604248,0.083618,0.736694
0.427734,-0.166382,1.019897
-0.133301,-0.318970,0.766479
-0.191284,0.237793,0.941040
0.338745,-0.365234,0.891968
-0.580322,0.078125,0.756958
-0.270020,0.188110,0.885620
-0.546265,0.007812,0.743530
-0.334717,0.188354,0.860474
0.420532,-0.327515,0.939331
-0.528809,-0.039185,0.727295
0.232422,-0.019897,0.990234
0.025757,-0.415894,0.756714
-0.409424,0.182251,0.829102
0.429077,-0.252441,0.971191
-0.482910,-0.100220,0.734253
0.159546,0.016357,1.001709
0.085327,-0.421509,0.790527
-0.485596,0.200562,0.805298
0.435303,-0.207275,0.973267
-0.395752,-0.119141,0.760132
0.065308,0.103394,1.015869
0.149414,-0.448730,0.829590
-0.531860,0.129272,0.795288
0.449829,-0.175781,1.013306
-0.348877,-0.132446,0.755371
-0.018799,0.188110,1.011353
0.240845,-0.422729,0.874512
-0.557129,0.070190,0.755371
0.433594,-0.160767,1.022583
-0.217407,-0.222290,0.760254
-0.105713,0.244873,0.985107
0.291504,-0.373901,0.884644
-0.577148,0.053833,0.745239
0.429443,-0.208252,1.020264
-0.150879,-0.331665,0.756958
-0.152954,0.221558,0.953735
0.323242,-0.339478,0.890991
-0.577759,0.072510,0.748535
0.405884,-0.177002,1.015503
-0.088867,-0.361450,0.786377
-0.224854,0.177734,0.913818
0.354858,-0.328369,0.910645
-0.554443,0.033447,0.746338
0.357788,-0.121216,1.016968
-0.047241,-0.392578,0.762817
-0.267212,0.149414,0.883057
0.397339,-0.303711,0.938232
-0.549927,0.004028,0.739258
0.301636,-0.093384,0.985107
0.011108,-0.420166,0.770996
-0.325806,0.138550,0.842896
0.427124,-0.312988,0.952148
-0.535278,0.000977,0.739380
0.229248,-0.037720,0.992432
0.049805,-0.466064,0.766846
-0.370117,0.137329,0.834106
0.442505,-0.281982,0.969604
-0.508057,-0.016968,0.741089
0.157593,0.053589,0.998657
0.101318,-0.447144,0.797607
-0.428223,0.132080,0.827515
0.443359,-0.273926,0.977417
-0.491821,-0.075195,0.722900
0.118896,0.089600,1.021240
0.138306,-0.452637,0.810059
-0.484985,0.139038,0.799561
0.459961,-0.259277,0.992554
-0.413818,-0.119751,0.738525
0.052124,0.131592,1.011353
0.168457,-0.432373,0.833496
-0.520996,0.111084,0.776245
0.468872,-0.243408,1.002686
-0.363647,-0.139893,0.754272
-0.011475,0.170410,1.002930
0.243286,-0.462036,0.854614
-0.543701,0.085815,0.756958
0.440186,-0.205566,1.008057
-0.285767,-0.175049,0.785767
-0.065308,0.166260,0.984863
0.281128,-0.454224,0.881958
-0.561157,0.055298,0.739746
0.440308,-0.193359,1.028564
-0.210449,-0.245117,0.763428
-0.120117,0.213013,0.982666
0.317993,-0.392212,0.908691
-0.567627,0.045776,0.753784
0.423340,-0.181274,1.033325
-0.148071,-0.295044,0.777344
-0.167725,0.196045,0.956299
0.350220,-0.389404,0.907837
-0.558105,0.027222,0.759277
0.395752,-0.157471,1.028564
-0.077026,-0.361694,0.776978
-0.226440,0.200562,0.931152
0.379150,-0.380249,0.929810
-0.542969,-0.014526,0.744019
0.403809,-0.337402,0.938110
-0.530640,-0.049438,0.738281
0.301147,-0.105469,1.000122
0.015137,-0.439331,0.771973
-0.298340,0.139404,0.866821
0.421631,-0.332764,0.949341
-0.518066,-0.057617,0.741455
0.251831,-0.065918,0.998413
0.051758,-0.457764,0.768311
-0.355225,0.130127,0.833984
0.442871,-0.319946,0.967896
-0.492065,-0.075562,0.742554
0.203491,-0.025391,1.004150
0.077026,-0.471313,0.777588
-0.407471,0.116699,0.819702
0.474243,-0.324951,0.981079
-0.463135,-0.069580,0.760498
0.124268,0.081665,1.009766
0.110474,-0.420776,0.810791
-0.444580,0.086548,0.804565
0.478516,-0.302612,0.999878
-0.417725,-0.131836,0.750244
0.077881,0.142334,1.035156
0.156128,-0.409302,0.827637
-0.499268,0.060303,0.762451
0.473267,-0.300903,0.996826
-0.334961,-0.184692,0.778809
-0.010254,0.196899,1.024292
0.219727,-0.398682,0.865356
-0.511719,0.028564,0.742554
0.476440,-0.289795,1.016113
-0.303589,-0.217407,0.777466
-0.058105,0.160767,0.999512
0.266724,-0.451294,0.870728
-0.522339,0.026367,0.745728
0.462158,-0.246826,1.029907
-0.232788,-0.269409,0.781372
-0.103271,0.204468,0.999023
0.311646,-0.415283,0.899658
-0.526001,0.015381,0.754517
0.432373,-0.207397,1.023804
-0.158813,-0.288696,0.805908
-0.154907,0.169556,0.981323
0.358887,-0.447754,0.920410
-0.528442,0.020264,0.762207
0.382202,-0.140869,1.023071
-0.106812,-0.308105,0.793823
-0.197998,0.161621,0.941650
0.391846,-0.437012,0.934326
-0.534180,-0.029175,0.753052
0.361206,-0.105225,1.038940
-0.024292,-0.370972,0.790039
-0.255737,0.176270,0.920776
0.401123,-0.397949,0.950073
-0.489258,-0.119385,0.753540
0.328979,-0.093018,1.029053
0.009521,-0.389282,0.788452
-0.296265,0.172852,0.890015
0.452393,-0.368774,0.975464
-0.498413,-0.119995,0.741333
0.244019,-0.079956,0.984741
0.052002,-0.445068,0.773560
-0.318115,0.118286,0.866699
0.466187,-0.307373,0.999268
-0.481323,-0.106323,0.736938
0.182007,-0.043091,0.989014
0.130615,-0.524414,0.790161
-0.384033,0.082031,0.817139
0.465576,-0.262207,1.014526
-0.432251,-0.129639,0.747437
0.113281,0.029907,1.007568
0.179321,-0.518311,0.818359
-0.429321,0.054810,0.805542
0.472412,-0.252563,1.022095
-0.382324,-0.180420,0.737427
0.023926,0.118652,1.010010
0.246338,-0.505127,0.854248
-0.469604,0.036621,0.778809
0.476440,-0.240479,1.040283
-0.301758,-0.200562,0.778564
-0.047729,0.167236,1.013916
0.284424,-0.486084,0.875488
-0.502441,0.002686,0.766846
0.470093,-0.238892,1.056030
-0.217407,-0.248169,0.799072
-0.106934,0.212646,1.014404
0.325195,-0.437866,0.903320
-0.522705,0.012817,0.777588
0.458862,-0.237305,1.051880
-0.150269,-0.313354,0.808716
-0.153931,0.224365,0.997803
0.364380,-0.393921,0.936157
-0.516846,0.001709,0.777222
0.422241,-0.212280,1.056274
-0.072266,-0.357300,0.818604
-0.184814,0.197754,0.988770
0.395508,-0.373901,0.963623
-0.522095,-0.008911,0.769287
0.380737,-0.179077,1.034058
0.019165,-0.427124,0.834473
-0.234863,0.166260,0.939087
0.415039,-0.345215,0.963989
-0.496582,-0.063232,0.762695
0.337402,-0.159912,1.031738
0.073486,-0.470581,0.826294
-0.286865,0.141479,0.916870
0.444946,-0.324463,0.987305
-0.472534,-0.084961,0.758789
0.271240,-0.064819,1.040771
0.112061,-0.485718,0.820923
-0.333008,0.127441,0.893921
0.460571,-0.281006,1.007568
-0.434937,-0.088257,0.767578
0.201172,-0.008301,1.031006
0.147095,-0.512573,0.817749
-0.388306,0.112671,0.868286
0.494629,-0.270264,1.040894
-0.409668,-0.142944,0.747803
0.110596,0.078979,1.038940
0.237061,-0.503296,0.872314
-0.438965,0.053101,0.826294
0.492310,-0.284302,1.037109
-0.346069,-0.210083,0.763306
0.039795,0.118774,1.033569
0.285522,-0.484009,0.890259
-0.465454,0.018555,0.795410
0.496826,-0.234619,1.074463
-0.235107,-0.233521,0.802490
-0.066528,0.199219,1.024414
0.345459,-0.462402,0.925171
-0.489624,-0.004272,0.784668
0.467041,-0.219727,1.071533
-0.159424,-0.285645,0.826050
-0.120972,0.218994,1.024536
0.388428,-0.421387,0.955933
-0.490112,-0.010498,0.794678
0.429199,-0.162476,1.079712
-0.054077,-0.340332,0.823120
-0.178955,0.217773,1.010864
0.409790,-0.378662,0.980591
-0.479492,-0.074707,0.773071
0.390991,-0.135254,1.071289
0.052368,-0.392822,0.860352
-0.241455,0.197998,0.976929
0.445801,-0.345337,0.994385
-0.471802,-0.079590,0.755493
0.322632,-0.090576,1.071533
0.104614,-0.451538,0.845825
-0.286499,0.148804,0.944702
0.472534,-0.296875,1.031006
-0.445801,-0.090454,0.772949
0.242188,-0.028320,1.054321
0.138916,-0.462036,0.851318
-0.334106,0.105103,0.900146
0.515137,-0.265137,1.067383
-0.410400,-0.134277,0.766846
0.157593,0.048584,1.057495
0.230103,-0.521851,0.861084
-0.391846,0.069336,0.854004
0.524292,-0.266846,1.068237
-0.335938,-0.179932,0.793945
0.070312,0.104736,1.048218
0.292603,-0.497925,0.898438
-0.439331,0.031494,0.815552
0.506714,-0.237671,1.086670
-0.254272,-0.227173,0.818970
-0.004883,0.175293,1.045288
0.336426,-0.452759,0.933472
-0.463989,0.012085,0.816284
0.502441,-0.208984,1.106934
-0.182251,-0.265747,0.827637
-0.075317,0.221069,1.060791
0.389038,-0.416260,0.969116
-0.482422,0.018799,0.812866
0.466553,-0.192383,1.090698
-0.072266,-0.318359,0.853149
-0.119019,0.226807,1.046387
0.411865,-0.353027,0.986572
-0.482300,0.001343,0.806763
0.436646,-0.183838,1.098755
0.038818,-0.421875,0.864746
-0.163330,0.192261,1.025635
0.442139,-0.304932,1.019165
-0.448242,-0.047607,0.805908
0.367554,-0.125366,1.084229
0.090210,-0.448975,0.881836
-0.232910,0.152344,0.994873
0.479126,-0.290649,1.048706
-0.438599,-0.055176,0.792603
0.315186,-0.036865,1.089600
0.126831,-0.411011,0.903442
-0.303955,0.154663,0.988647
0.505859,-0.284424,1.081665
-0.400024,-0.113037,0.793335
0.236938,0.026001,1.078125
0.189819,-0.452759,0.903442
-0.357422,0.102173,0.924438
0.556274,-0.297119,1.113281
-0.363525,-0.187866,0.780273
0.152100,0.110962,1.082520
0.241577,-0.450317,0.900391
-0.382690,0.062866,0.886108
0.552124,-0.279175,1.117798
-0.278809,-0.235840,0.828125
0.100098,0.149902,1.092285
0.261597,-0.436646,0.915894
-0.408081,0.020630,0.834229
0.568237,-0.251587,1.130981
-0.236816,-0.232788,0.838257
0.034302,0.178833,1.075928
0.322021,-0.443481,0.931885
-0.445923,0.026367,0.828979
0.540283,-0.243530,1.130249
-0.181274,-0.247803,0.862427
-0.009277,0.211792,1.085693
0.370850,-0.405518,0.968506
-0.472290,0.048828,0.821899
0.508423,-0.183838,1.128784
-0.098633,-0.300659,0.864746
-0.058716,0.247192,1.103149
0.413574,-0.392700,1.001343
-0.446777,-0.001831,0.828491
0.482666,-0.144043,1.129272
-0.065796,-0.311890,0.854370
-0.100830,0.223633,1.079712
0.459473,-0.376953,1.016479
-0.451660,-0.030396,0.826660
0.448486,-0.100708,1.143677
0.041870,-0.351685,0.882324
-0.176758,0.227783,1.047119
0.485229,-0.352539,1.059937
-0.444824,-0.073608,0.806519
0.412842,-0.079590,1.128418
0.082397,-0.369629,0.893188
-0.230591,0.211548,1.028442
0.508667,-0.269897,1.086182
-0.397461,-0.116821,0.817383
0.323120,-0.032959,1.118774
0.134155,-0.428345,0.896362
-0.291382,0.170776,0.984253
0.542847,-0.235596,1.125366
-0.356934,-0.133179,0.820557
0.229004,0.035522,1.109741
0.223755,-0.448853,0.929199
-0.359619,0.094360,0.919922
0.563599,-0.233765,1.134644
-0.300903,-0.185425,0.825439
0.137207,0.131348,1.098999
0.321411,-0.435547,0.964478
-0.413330,0.056396,0.856812
0.550415,-0.208618,1.142944
-0.210938,-0.234253,0.845703
0.038696,0.178833,1.084229
0.380249,-0.403198,0.990479
-0.449829,0.027100,0.855347
0.527344,-0.181030,1.151855
-0.098145,-0.282349,0.880493
-0.070190,0.229370,1.083008
0.427490,-0.348389,1.025635
-0.457397,-0.017822,0.837036
0.487061,-0.160034,1.147095
0.017456,-0.377075,0.881470
-0.140747,0.211670,1.059937
0.475464,-0.307739,1.057861
-0.439087,-0.040039,0.823853
0.416138,-0.088745,1.150879
0.058960,-0.407349,0.891968
-0.198242,0.176270,1.039185
0.520996,-0.276123,1.100464
-0.412231,-0.066772,0.817261
0.345093,0.006348,1.139282
0.120117,-0.420654,0.904541
-0.263916,0.143799,0.998413
0.541748,-0.266113,1.132202
-0.365112,-0.165039,0.812256
0.278198,0.053345,1.149414
0.210815,-0.421509,0.942627
-0.332764,0.148071,0.945190
0.552124,-0.231323,1.129150
-0.320923,-0.209717,0.821899
0.217529,0.048096,1.133423
0.259155,-0.431885,0.953491
-0.383911,0.141235,0.899292
0.562866,-0.232422,1.123657
-0.260742,-0.226562,0.845581
0.133423,0.092407,1.120728
0.330078,-0.430054,0.981445
-0.412964,0.105103,0.877319
0.549194,-0.180664,1.137695
-0.193848,-0.234253,0.866943
0.048584,0.148438,1.102295
0.364868,-0.417236,1.003662
-0.426025,0.043701,0.859863
0.550781,-0.144287,1.169922
-0.135132,-0.248901,0.874878
-0.037842,0.219727,1.100342
0.424561,-0.402832,1.011719
-0.419922,0.002808,0.857422
0.521729,-0.136475,1.177246
-0.041260,-0.313965,0.893311
-0.099243,0.220215,1.086792
0.451050,-0.351807,1.045288
-0.439331,-0.042847,0.839478
0.484253,-0.109375,1.184814
0.017334,-0.351074,0.885010
-0.164185,0.228394,1.063965
0.496094,-0.313599,1.065430
-0.428467,-0.048462,0.831299
0.423706,-0.089600,1.167725
0.043823,-0.357422,0.907959
-0.212524,0.197266,1.037842
0.531616,-0.271729,1.113647
-0.407959,-0.087891,0.815796
0.348022,-0.015015,1.146240
0.132080,-0.388672,0.940430
-0.267944,0.150391,0.980713
0.536621,-0.223633,1.142944
-0.353394,-0.137451,0.817505
0.270142,0.060059,1.161377
0.219727,-0.416504,0.935669
-0.350830,0.135742,0.939453
0.569580,-0.261108,1.132812
-0.308838,-0.208618,0.828247
0.175781,0.073242,1.117798
0.297852,-0.422363,0.977783
-0.398926,0.120728,0.890625
0.567993,-0.195679,1.145508
-0.234619,-0.228882,0.840210
0.059570,0.166382,1.108276
0.366211,-0.421387,0.990601
-0.415894,0.038940,0.881226
0.544922,-0.138672,1.175781
-0.163696,-0.253784,0.859619
-0.020752,0.205566,1.102173
0.426147,-0.385864,1.026001
-0.441650,-0.005737,0.840454
0.493896,-0.118408,1.159424
-0.008423,-0.337280,0.872803
-0.098633,0.249146,1.105591
0.455200,-0.324829,1.041992
-0.461304,-0.039185,0.840332
0.459595,-0.122803,1.170654
0.011597,-0.360229,0.893921
-0.169678,0.227051,1.072876
0.488770,-0.274292,1.082886
-0.450439,-0.045532,0.811890
0.400269,-0.069336,1.160889
0.104980,-0.391235,0.923462
-0.257080,0.164062,1.008301
0.524170,-0.231323,1.130981
-0.389526,-0.117676,0.800903
0.278809,0.008423,1.129517
0.187378,-0.432373,0.919800
-0.338013,0.119019,0.944458
0.564575,-0.225586,1.156128
-0.325073,-0.202881,0.808838
0.152588,0.144409,1.126831
0.271362,-0.426392,0.950439
-0.400513,0.098389,0.920654
0.575195,-0.235840,1.152466
-0.232788,-0.230835,0.843872
0.063354,0.173462,1.100830
0.313110,-0.366089,0.959717
-0.425903,0.031006,0.866943
0.552856,-0.227661,1.154053
-0.153076,-0.328735,0.852417
0.004639,0.185425,1.105469
0.365356,-0.353149,0.983887
-0.459473,0.053589,0.842041
0.522461,-0.189087,1.157959
-0.067871,-0.389404,0.853394
-0.064331,0.142090,1.075806
0.415161,-0.358521,1.007935
-0.444458,0.026245,0.831299
0.479492,-0.100952,1.158936
-0.029175,-0.349854,0.854858
-0.144653,0.168701,1.058838
0.439941,-0.337158,1.052246
-0.461670,-0.045654,0.816895
0.459717,-0.086914,1.170898
-0.003784,-0.311035,0.882812
-0.216064,0.211060,1.036377
0.496826,-0.298340,1.081421
-0.461548,-0.070068,0.795288
0.399780,-0.047485,1.173218
0.054199,-0.344360,0.893555
-0.274536,0.229858,1.036377
0.521973,-0.299927,1.095947
-0.433472,-0.116455,0.795044
0.327148,-0.025757,1.147949
0.105957,-0.370728,0.891479
-0.314331,0.175293,0.966675
0.543213,-0.279297,1.112915
-0.389526,-0.181885,0.795410
0.233887,0.001099,1.118896
0.164062,-0.413452,0.913452
-0.344971,0.137207,0.932495
0.541992,-0.232788,1.125854
-0.362183,-0.175537,0.796753
0.174561,0.029663,1.103027
0.235474,-0.412842,0.948730
-0.408936,0.126099,0.895630
0.541138,-0.192993,1.131348
-0.302979,-0.199951,0.805908
0.094116,0.109009,1.095947
0.289307,-0.415283,0.956909
-0.422363,0.061035,0.889282
0.542358,-0.209106,1.138062
-0.241333,-0.232666,0.832031
0.008179,0.140015,1.064575
0.332275,-0.385498,0.970093
-0.438232,0.014648,0.839600
0.525146,-0.176514,1.145630
-0.128296,-0.305054,0.840088
-0.060425,0.165405,1.054932
0.376465,-0.370728,0.975708
-0.477295,-0.017944,0.813843
0.501953,-0.174194,1.144775
-0.088379,-0.349365,0.822144
-0.141724,0.197021,1.049316
0.413940,-0.328247,1.001099
-0.490601,-0.004517,0.804321
0.445923,-0.133545,1.151733
-0.027710,-0.365112,0.852295
-0.229492,0.198242,1.016724
0.455688,-0.296265,1.046631
-0.486084,-0.039673,0.788574
0.365967,-0.074951,1.135010
0.043823,-0.391724,0.873169
-0.296021,0.167358,0.975098
0.494507,-0.274048,1.073120
-0.427734,-0.100464,0.775635
0.270752,0.031738,1.131592
0.097900,-0.401611,0.883423
-0.352783,0.124268,0.942017
0.520508,-0.285522,1.086670
-0.378662,-0.161377,0.790771
0.179199,0.105713,1.108398
0.172607,-0.378174,0.901611
-0.410400,0.083984,0.883911
0.536133,-0.249878,1.098999
-0.327393,-0.202881,0.793213
0.090088,0.135498,1.080078
0.231323,-0.387695,0.909546
-0.457520,0.024658,0.840698
0.528198,-0.252319,1.117188
-0.243408,-0.321777,0.789429
0.012207,0.147705,1.068604
0.291748,-0.385620,0.926270
-0.472412,0.068726,0.843018
0.501465,-0.199951,1.115967
-0.168213,-0.334595,0.799561
-0.042847,0.124023,1.043701
0.335571,-0.380249,0.951416
-0.486938,0.004639,0.802490
0.490601,-0.150391,1.130127
-0.134277,-0.298218,0.806396
-0.128906,0.155762,1.034302
0.375732,-0.371826,0.980469
-0.480957,-0.050293,0.793335
0.446167,-0.121826,1.133057
-0.124146,-0.303467,0.796265
-0.227539,0.197388,1.006104
0.446289,-0.334473,1.030029
-0.496704,-0.078735,0.779541
0.374878,-0.087036,1.123901
-0.074951,-0.344849,0.813843
-0.289673,0.177124,0.956177
0.471191,-0.326416,1.038452
-0.456421,-0.128052,0.770264
0.291138,-0.027710,1.115112
0.000000,-0.349609,0.834473
-0.355835,0.152710,0.918213
0.494141,-0.298828,1.067261
-0.417847,-0.173340,0.764282
0.214478,0.015137,1.102905
0.095947,-0.400269,0.856445
-0.412231,0.146973,0.892578
0.492065,-0.254028,1.067261
-0.393677,-0.199829,0.767334
0.130859,0.049683,1.074463
0.186768,-0.426025,0.884155
-0.477661,0.116333,0.845459
0.490112,-0.217163,1.078735
-0.317749,-0.234497,0.790527
0.029297,0.105469,1.064087
0.245117,-0.443970,0.894165
-0.489990,0.063721,0.823730
0.482178,-0.193726,1.088501
-0.227417,-0.272583,0.783569
-0.068481,0.130249,1.033447
0.308716,-0.410034,0.916260
-0.510498,0.030884,0.800781
0.470825,-0.164795,1.104492
-0.174194,-0.302734,0.786255
-0.153564,0.157104,1.008911
0.348511,-0.358643,0.957886
-0.537354,-0.033569,0.763794
0.445068,-0.163940,1.112915
-0.113647,-0.336182,0.789673
-0.263062,0.200195,0.979004
0.409180,-0.348511,0.989136
-0.521729,-0.052856,0.760376
0.326782,-0.081543,1.096802
-0.057007,-0.373779,0.795898
-0.319580,0.175537,0.935547
0.444824,-0.309570,1.016479
-0.493164,-0.075073,0.751343
0.245117,-0.028564,1.077881
0.005493,-0.352295,0.838745
-0.394409,0.154541,0.908081
0.485718,-0.292725,1.050293
-0.463135,-0.130737,0.747925
0.139893,0.062622,1.059204
0.118774,-0.396729,0.872925
-0.473389,0.086426,0.838501
0.476807,-0.248169,1.066406
-0.332397,-0.245728,0.755127
0.033569,0.178955,1.073853
0.216431,-0.387695,0.865967
-0.543091,0.081665,0.809570
0.466064,-0.316772,1.022949
-0.232422,-0.334839,0.774292
-0.042847,0.145874,1.026123
0.253296,-0.367554,0.880371
-0.562378,0.053589,0.760498
0.438965,-0.142944,1.127563
-0.168945,-0.379761,0.758301
-0.183228,0.157104,1.040283
0.309448,-0.372314,0.900879
-0.511963,-0.003662,0.792358
0.364136,-0.068481,1.129761
0.012329,-0.356934,0.863037
-0.266113,0.171753,1.019531
0.467285,-0.298218,1.057861
-0.480103,-0.054443,0.784790
0.312622,0.003052,1.129517
0.062256,-0.369507,0.883545
-0.345947,0.137817,0.955688
0.515747,-0.314697,1.090454
-0.412842,-0.134155,0.762329
0.224976,0.092773,1.114868
0.109863,-0.326294,0.910278
-0.369995,0.130615,0.943359
0.525391,-0.309937,1.086304
-0.387329,-0.180542,0.775513
0.174561,0.106567,1.110840
0.133301,-0.376831,0.885864
-0.406982,0.084229,0.880615
0.538208,-0.292114,1.088257
-0.366333,-0.181030,0.784302
0.111572,0.136963,1.100098
0.189209,-0.416382,0.877197
-0.436157,0.074585,0.876587
0.521729,-0.222412,1.100464
-0.339600,-0.178345,0.786987
0.063232,0.127563,1.063232
0.242920,-0.405396,0.909912
-0.459595,0.061646,0.846802
0.514038,-0.238892,1.098145
-0.283325,-0.255859,0.786499
0.010254,0.106812,1.049316
0.295288,-0.404175,0.925293
-0.491699,0.065552,0.824463
0.502319,-0.175659,1.110107
-0.176147,-0.285156,0.804077
-0.071655,0.166504,1.028931
0.324097,-0.395142,0.928101
-0.506836,-0.025757,0.785400
0.474854,-0.182617,1.110352
-0.140503,-0.340210,0.766357
-0.129150,0.186401,1.032593
0.357300,-0.348267,0.938477
-0.533813,-0.017090,0.773804
0.431274,-0.186646,1.098877
-0.101074,-0.361328,0.806396
-0.204712,0.180542,1.014648
0.395142,-0.316528,0.988647
-0.551025,-0.016113,0.756592
0.382080,-0.164917,1.081177
-0.047485,-0.384399,0.825195
-0.292603,0.167480,0.957520
0.431030,-0.300171,1.018799
-0.488403,-0.049805,0.765259
0.305420,-0.065674,1.094116
0.000977,-0.368530,0.842163
-0.354614,0.153442,0.925659
0.453857,-0.308838,1.024414
-0.446777,-0.127686,0.762573
0.229492,0.006836,1.088013
0.053345,-0.369141,0.846191
-0.413940,0.147583,0.888794
0.491455,-0.297974,1.052856
-0.433105,-0.165405,0.761963
0.147827,0.046509,1.074829
0.143433,-0.400757,0.860107
-0.472290,0.127319,0.855469
0.487061,-0.261841,1.064209
-0.357178,-0.231079,0.777710
0.062622,0.073608,1.055664
0.212646,-0.412354,0.892456
-0.500122,0.097412,0.826172
0.473633,-0.227539,1.056641
-0.265869,-0.264038,0.778198
-0.041138,0.126465,1.015747
0.290405,-0.420410,0.905029
-0.506226,0.018555,0.793945
0.462402,-0.173706,1.093384
-0.211670,-0.289062,0.760986
-0.139771,0.145752,1.003784
0.342285,-0.395386,0.938477
-0.520508,-0.038818,0.768799
0.439453,-0.150757,1.100830
-0.152588,-0.322021,0.749756
-0.256958,0.208740,0.962891
0.401855,-0.321533,0.981567
-0.521851,-0.073853,0.751587
0.361572,-0.146484,1.085449
-0.085327,-0.371948,0.778076
-0.340210,0.196167,0.922119
0.426636,-0.316284,0.995483
-0.505005,-0.072632,0.753296
0.270874,-0.064941,1.069824
0.002197,-0.394897,0.813721
-0.408447,0.173706,0.888306
0.440063,-0.281250,1.017822
-0.456177,-0.131958,0.748779
0.166626,-0.004395,1.051880
0.107422,-0.419434,0.849854
-0.476074,0.154297,0.854004
0.451538,-0.227295,1.041748
-0.408691,-0.175659,0.757324
0.047852,0.081055,1.048340
0.199097,-0.451782,0.874634
-0.527710,0.095459,0.819458
0.457275,-0.202637,1.053467
-0.279541,-0.253296,0.760498
-0.042969,0.129883,1.023438
0.263794,-0.404541,0.899780
-0.560913,0.030151,0.770508
0.447998,-0.210571,1.065430
-0.204712,-0.337891,0.724609
-0.174927,0.167725,0.977051
0.335449,-0.357544,0.937012
-0.546021,-0.004028,0.765259
0.395508,-0.173340,1.068481
-0.159424,-0.361328,0.742065
-0.272949,0.164185,0.940918
0.374634,-0.313843,0.961304
-0.544556,-0.037842,0.751953
0.326416,-0.132935,1.062988
-0.075562,-0.387329,0.796509
-0.360107,0.161011,0.888916
0.395508,-0.293213,0.983276
-0.512451,-0.073853,0.723633
0.242554,-0.035278,1.061035
0.022949,-0.384155,0.816406
-0.473267,0.188965,0.865601
0.434937,-0.282349,1.015015
-0.458862,-0.157349,0.727539
0.112305,0.055542,1.038086
0.113159,-0.392944,0.844604
-0.526123,0.141724,0.838989
0.456177,-0.271118,1.025269
-0.363037,-0.246216,0.730347
0.004272,0.115356,1.025635
0.191650,-0.411011,0.863159
-0.551392,0.086426,0.807373
0.460449,-0.229858,1.052246
-0.268066,-0.309937,0.737793
-0.111816,0.135132,0.985352
0.265869,-0.375977,0.893188
-0.560913,0.033691,0.773438
0.426270,-0.199707,1.052979
-0.210449,-0.327148,0.740967
-0.208496,0.152832,0.958740
0.330688,-0.366943,0.917969
-0.563232,0.006958,0.750000
0.369263,-0.155518,1.051880
-0.160645,-0.344360,0.758179
-0.313599,0.167480,0.927490
0.399048,-0.374268,0.941284
-0.547119,-0.026123,0.750000
0.281372,-0.056885,1.045410
-0.107422,-0.346558,0.756836
-0.388916,0.178711,0.889404
0.425293,-0.360962,0.978394
-0.527954,-0.088135,0.719482
0.220581,-0.023560,1.044434
-0.020264,-0.378906,0.780029
-0.470947,0.209473,0.872681
0.429932,-0.320923,0.985229
-0.494873,-0.169312,0.718140
0.127319,0.009277,1.027710
0.061646,-0.393921,0.827026
-0.513672,0.194824,0.845093
0.429688,-0.255859,1.005249
-0.427124,-0.182983,0.732300
0.037354,0.056763,1.015991
0.154663,-0.433716,0.842407
-0.558228,0.152344,0.813477
0.438110,-0.221313,1.017578
-0.344482,-0.230591,0.722900
-0.046631,0.123901,1.007324
0.257446,-0.468872,0.872803
-0.582520,0.111938,0.799316
0.403687,-0.166016,1.024902
-0.253052,-0.263916,0.726074
-0.149048,0.158325,0.986450
0.298706,-0.416748,0.894409
-0.573975,0.032104,0.761353
0.386963,-0.129639,1.048462
-0.196655,-0.302246,0.724487
-0.270020,0.181274,0.931885
0.354614,-0.395142,0.927856
-0.574829,-0.031738,0.737305
0.328613,-0.106323,1.044800
-0.141602,-0.353760,0.737427
-0.343506,0.184448,0.896851
0.397217,-0.366211,0.947510
-0.560669,-0.047852,0.715454
0.251465,-0.046753,1.035156
-0.066284,-0.369019,0.758301
-0.430176,0.204224,0.885742
0.420776,-0.332886,0.966431
-0.514771,-0.100220,0.723999
0.132446,0.023682,1.019775
0.017334,-0.399292,0.795898
-0.499878,0.184937,0.845459
0.448120,-0.256592,1.009033
-0.420776,-0.154541,0.743164
0.030762,0.131470,1.029785
0.099609,-0.393188,0.816772
-0.563477,0.133667,0.815308
0.448120,-0.280884,1.000977
-0.334351,-0.250366,0.736328
-0.050537,0.148926,0.997925
0.199097,-0.368042,0.852661
-0.598511,0.102539,0.765625
0.430786,-0.249512,1.010620
-0.236328,-0.345337,0.716064
-0.143311,0.146729,0.962646
0.278687,-0.346680,0.885742
-0.624146,0.089722,0.746948
0.386963,-0.202393,1.024902
-0.168457,-0.387695,0.726074
-0.241089,0.156494,0.935303
0.333618,-0.327637,0.920532
-0.600098,0.060303,0.732544
0.304810,-0.110352,1.019165
-0.105957,-0.363892,0.755493
-0.338623,0.151978,0.905029
0.382935,-0.330811,0.940186
-0.564819,0.008789,0.695312
0.221191,0.003418,1.018311
-0.033569,-0.393066,0.768066
-0.463745,0.185181,0.868408
0.416016,-0.315674,0.967041
-0.524658,-0.061279,0.717773
0.098145,0.095581,1.006470
0.055786,-0.396484,0.801636
-0.525269,0.147095,0.829590
0.436646,-0.266235,1.000000
-0.425171,-0.159180,0.723267
0.007324,0.150757,1.007446
0.145874,-0.371948,0.836182
-0.579224,0.145020,0.802856
0.436279,-0.238770,1.015625
-0.295044,-0.286865,0.718994
-0.083008,0.145020,0.968872
0.224121,-0.365723,0.855347
-0.588379,0.100464,0.768677
0.419312,-0.178833,1.020996
-0.203491,-0.311035,0.726807
-0.199707,0.178955,0.948730
0.307983,-0.370850,0.899292
-0.604004,0.042236,0.742920
0.377930,-0.185669,1.017334
-0.151611,-0.391846,0.715332
-0.303955,0.203735,0.911255
0.380615,-0.343384,0.927979
-0.587524,0.061279,0.732910
0.259399,-0.077026,0.995239
-0.064941,-0.398193,0.755371
-0.390747,0.176880,0.876709
0.395752,-0.299561,0.946411
-0.559326,0.004517,0.710815
0.159058,0.020874,0.994019
0.024414,-0.401855,0.792725
-0.495483,0.185547,0.850708
0.418945,-0.266479,0.981323
-0.474609,-0.131958,0.707031
0.062256,0.120605,1.018921
0.109253,-0.393311,0.806396
-0.560791,0.185791,0.837280
0.438721,-0.254028,0.993164
-0.353516,-0.214844,0.731079
-0.019531,0.137085,0.992432
0.174438,-0.361938,0.843750
-0.591064,0.126831,0.783691
0.435303,-0.231323,1.020142
-0.247070,-0.328125,0.719971
-0.121704,0.162842,0.959717
0.265503,-0.351807,0.880981
-0.616211,0.109253,0.752686
0.388794,-0.191406,1.014404
-0.165649,-0.346802,0.754517
-0.222290,0.167847,0.939087
0.328369,-0.354736,0.902466
-0.614746,0.092163,0.739014
0.332520,-0.114746,1.008667
-0.104736,-0.388916,0.744019
-0.322266,0.180542,0.880371
0.391846,-0.333740,0.930054
-0.576050,0.036743,0.725586
0.240845,-0.024902,1.010620
-0.058960,-0.391968,0.752686
-0.398560,0.179077,0.868408
0.407349,-0.305908,0.960083
-0.518066,-0.057251,0.704834
0.147705,0.089844,1.009155
0.010498,-0.363159,0.774048
-0.490601,0.197632,0.845459
0.436890,-0.289307,0.980957
-0.460327,-0.118530,0.735596
0.056763,0.108398,1.004517
0.111938,-0.382080,0.816528
-0.565796,0.195923,0.813599
0.431885,-0.232910,1.001831
-0.328491,-0.233398,0.737427
-0.026367,0.150391,0.989258
0.193848,-0.392456,0.848389
-0.602783,0.160034,0.774292
0.435791,-0.184570,1.019531
-0.235229,-0.268677,0.744873
-0.133423,0.175903,0.963013
0.281738,-0.363647,0.890015
-0.612305,0.097168,0.730347
0.398193,-0.144287,1.016479
-0.155518,-0.346680,0.731567
-0.224731,0.203613,0.941162
0.345093,-0.359253,0.906372
-0.601074,0.062378,0.731323
0.331177,-0.106079,1.004517
-0.098755,-0.385498,0.726929
-0.334229,0.204102,0.896240
0.410767,-0.341187,0.935303
-0.575317,0.009644,0.715576
0.208618,-0.010742,0.979492
-0.027466,-0.384888,0.770508
-0.432129,0.176147,0.855347
0.425781,-0.285034,0.973145
-0.500977,-0.071289,0.730591
0.106201,0.111694,1.014404
0.067993,-0.383911,0.798706
-0.522461,0.163452,0.832275
0.445190,-0.253784,0.996826
-0.400513,-0.144165,0.732056
0.018799,0.160278,1.005981
0.129883,-0.357422,0.805908
-0.567627,0.173462,0.807861
0.468506,-0.246460,1.010620
-0.278687,-0.251099,0.743896
-0.072998,0.157227,0.965454
0.232300,-0.348389,0.871704
-0.607300,0.148193,0.766968
0.427490,-0.186035,1.024658
-0.184204,-0.324707,0.745361
-0.147827,0.184082,0.956421
0.313599,-0.356567,0.887573
-0.624756,0.140991,0.757568
0.392090,-0.120239,1.010986
-0.106079,-0.316528,0.767334
-0.259277,0.183960,0.909546
0.348755,-0.352661,0.920776
-0.586914,0.012451,0.725830
0.328979,-0.104126,1.016235
-0.083130,-0.388306,0.722412
-0.341675,0.233276,0.882080
0.406250,-0.310181,0.932617
-0.550049,-0.020386,0.722778
0.225098,-0.049316,0.975830
-0.021484,-0.409180,0.756226
-0.400757,0.212524,0.857056
0.434448,-0.296265,0.950806
-0.523682,-0.063354,0.711182
0.132080,0.047852,0.994141
0.026245,-0.395630,0.778442
-0.458740,0.187866,0.850098
0.464233,-0.276001,0.979248
-0.463623,-0.050415,0.758179
0.044800,0.122803,0.992188
0.123901,-0.410889,0.813965
-0.532593,0.154663,0.814087
0.447144,-0.215210,1.002686
-0.346558,-0.166138,0.754150
-0.009033,0.163086,1.002930
0.185669,-0.385376,0.833984
-0.585327,0.139648,0.782837
0.453003,-0.199707,1.021118
-0.238403,-0.267456,0.743774
-0.129883,0.207642,0.969604
0.266113,-0.358398,0.878906
-0.576782,0.080566,0.765259
0.426025,-0.168701,1.029785
-0.153442,-0.319458,0.754150
-0.209595,0.198853,0.924194
0.349243,-0.350952,0.909180
-0.594360,0.067871,0.742798
0.339478,-0.095215,1.019165
-0.077637,-0.386475,0.737305
-0.265625,0.181152,0.901733
0.391235,-0.304565,0.932129
-0.558960,0.020630,0.715210
0.246094,0.002197,0.992432
-0.004639,-0.396484,0.773071
-0.383057,0.146729,0.845703
0.423950,-0.298828,0.949951
-0.507935,-0.025024,0.739136
0.159302,0.077393,0.999390
0.032837,-0.386353,0.771851
-0.473511,0.161499,0.829712
0.437134,-0.259888,0.965820
-0.451172,-0.088013,0.739990
0.096069,0.145264,1.023193
0.107544,-0.384399,0.806519
-0.544800,0.177124,0.802856
0.463867,-0.253052,0.995361
-0.381714,-0.157471,0.742554
0.028198,0.145874,1.005127
0.174194,-0.398682,0.833130
-0.567749,0.169556,0.786987
0.451050,-0.189331,1.002075
-0.288818,-0.182373,0.769531
-0.046997,0.176025,0.997803
0.226929,-0.388062,0.848511
-0.587769,0.148560,0.759888
0.446777,-0.178589,1.010376
-0.209839,-0.258667,0.765381
-0.116821,0.199707,0.971436
0.268311,-0.339600,0.875610
-0.597412,0.113281,0.751709
0.447754,-0.226685,1.015747
-0.164673,-0.307983,0.765991
-0.171997,0.221802,0.942139
0.316772,-0.317993,0.895874
-0.605103,0.078491,0.743164
0.406128,-0.184570,1.011353
-0.088745,-0.371338,0.773315
-0.225098,0.202393,0.914551
0.348755,-0.300293,0.906860
-0.582275,0.090576,0.748901
0.351562,-0.125244,1.004028
-0.034546,-0.419312,0.760132
-0.275146,0.155273,0.875488
0.384644,-0.286377,0.924438
-0.565186,0.062012,0.736206
0.267334,-0.059448,0.991089
0.005005,-0.431152,0.758911
-0.348511,0.161865,0.860840
0.417358,-0.255493,0.953613
-0.525269,-0.001099,0.730835
0.189697,-0.006470,0.986328
0.055176,-0.426147,0.784668
-0.447266,0.177979,0.826660
0.443359,-0.266846,0.962158
-0.457153,-0.063354,0.748535
0.107422,0.103638,1.022583
0.101196,-0.403564,0.804443
-0.514526,0.152466,0.795288
0.460327,-0.258057,0.990845
-0.376221,-0.149902,0.749878
0.039917,0.185791,1.029419
0.171387,-0.357788,0.833496
-0.581909,0.139771,0.766968
0.463013,-0.289062,0.990234
-0.284912,-0.268066,0.755859
-0.031982,0.197266,0.997803
0.224854,-0.334106,0.850586
-0.584839,0.127319,0.736206
0.460938,-0.236450,1.010132
-0.201904,-0.297363,0.763916
-0.105225,0.179077,0.964722
0.290039,-0.368408,0.891968
-0.601562,0.120850,0.749634
0.435791,-0.188599,1.026001
-0.114746,-0.323120,0.770386
-0.174438,0.199951,0.929688
0.317383,-0.322388,0.908447
-0.598877,0.083740,0.748535
0.407837,-0.199219,1.007690
-0.060669,-0.373901,0.782593
-0.215942,0.201782,0.909912
0.336304,-0.288818,0.902466
-0.582153,0.063965,0.738159
0.367920,-0.158813,0.999023
-0.026978,-0.416626,0.775513
-0.262817,0.190796,0.899902
0.383667,-0.307251,0.916382
-0.557495,0.073975,0.745850
0.283447,-0.060791,0.982788
0.022705,-0.411133,0.781128
-0.299194,0.127686,0.864502
0.410400,-0.312378,0.949707
-0.567627,0.013550,0.710815
0.236084,-0.016113,0.986816
0.042725,-0.438599,0.760254
-0.365112,0.157104,0.854004
0.442017,-0.308228,0.957642
-0.497925,-0.005371,0.758667
0.153564,0.078491,0.994263
0.056030,-0.410889,0.782959
-0.420410,0.104614,0.823853
0.466431,-0.299927,0.978027
-0.486938,-0.054199,0.738525
0.128296,0.119995,1.021484
0.113159,-0.391724,0.802979
-0.483887,0.164307,0.799805
0.445801,-0.281860,0.980957
-0.423950,-0.186523,0.736328
0.090454,0.083618,1.017090
0.139893,-0.417236,0.809814
-0.520508,0.156860,0.778931
0.455933,-0.227173,0.991333
-0.333252,-0.159180,0.771851
0.014526,0.119873,0.990234
0.183594,-0.403198,0.830688
-0.554321,0.146973,0.759399
0.462891,-0.219849,1.002563
-0.270020,-0.193970,0.788574
-0.047607,0.144165,1.000366
0.234009,-0.426270,0.852295
-0.572144,0.085205,0.742065
0.454590,-0.202026,1.028564
-0.186035,-0.248901,0.788086
-0.128662,0.185669,0.977661
0.296997,-0.395508,0.881104
-0.568604,0.085571,0.748413
0.414795,-0.164307,1.020630
-0.094727,-0.329224,0.793701
-0.193237,0.176514,0.938965
0.352051,-0.388916,0.905762
-0.565063,0.021362,0.738037
0.354126,-0.109985,1.014648
-0.024658,-0.398682,0.763550
-0.264893,0.212769,0.908325
0.407837,-0.330444,0.935669
-0.538574,-0.038452,0.727539
0.257080,-0.090088,0.967773
0.023926,-0.433838,0.765747
-0.320679,0.130493,0.849731
0.447021,-0.295166,0.971802
-0.517090,-0.043335,0.742432
0.154541,0.018311,0.981079
0.081299,-0.484253,0.768066
-0.424683,0.096924,0.804199
0.449707,-0.274536,0.991089
-0.424072,-0.092651,0.776733
0.060547,0.110229,1.000000
0.148926,-0.442871,0.794067
-0.510376,0.091797,0.783203
0.462036,-0.258789,1.010986
-0.316162,-0.189087,0.778931
-0.030518,0.161377,1.002808
0.232178,-0.418579,0.858154
-0.569580,0.066528,0.735474
0.459351,-0.233521,1.020142
-0.171997,-0.292603,0.777100
-0.140991,0.228638,0.980103
0.305176,-0.346924,0.900879
-0.562256,0.056763,0.740845
0.404541,-0.200195,1.018188
-0.095337,-0.343384,0.784424
-0.182739,0.159302,0.934448
0.369873,-0.341797,0.925415
-0.574097,0.083740,0.748413
0.344482,-0.131348,1.001587
0.026489,-0.435669,0.787842
-0.287109,0.153442,0.883423
0.391602,-0.296143,0.947021
-0.531128,-0.002563,0.743774
0.257446,-0.051392,0.981201
0.055664,-0.441040,0.787476
-0.333130,0.078003,0.827148
0.431152,-0.283203,0.976562
-0.511963,-0.026978,0.718140
0.187256,0.045410,1.008545
0.101929,-0.431030,0.802856
-0.412720,0.100098,0.813843
0.443359,-0.288940,0.977905
-0.458984,-0.129272,0.726196
0.129639,0.069336,1.022339
0.133179,-0.460083,0.796997
-0.481567,0.159546,0.806152
0.460449,-0.276855,0.985352
-0.392456,-0.144043,0.775513
0.054565,0.065796,0.996826
0.168579,-0.467407,0.812012
-0.506714,0.096802,0.749634
0.481323,-0.253174,1.016235
-0.337158,-0.184204,0.771484
-0.036621,0.148926,1.002930
0.234985,-0.485474,0.836914
-0.518677,0.034790,0.732788
0.461060,-0.224243,1.020752
-0.278687,-0.203125,0.776489
-0.086670,0.190063,1.002808
0.301025,-0.488770,0.866333
-0.556641,0.047119,0.733276
0.442017,-0.201660,1.031738
-0.187500,-0.224365,0.799194
-0.150391,0.197388,0.977783
0.346558,-0.455078,0.904419
-0.556152,0.030762,0.756714
0.400879,-0.164673,1.029663
-0.098877,-0.318481,0.789185
-0.209106,0.213135,0.946289
0.387817,-0.362549,0.946899
-0.529175,-0.025269,0.747070
0.342896,-0.141602,1.013916
-0.018799,-0.426758,0.778442
-0.260498,0.171997,0.912720
0.414307,-0.350342,0.944458
-0.520874,-0.046387,0.752197
0.274902,-0.083984,0.993652
0.039673,-0.472290,0.771973
-0.328247,0.119141,0.857788
0.447510,-0.348511,0.958862
-0.499634,-0.098999,0.734253
0.197876,-0.014404,1.004883
0.090454,-0.444946,0.782715
-0.405640,0.127197,0.823120
0.460815,-0.318726,0.989502
-0.439697,-0.147461,0.749268
0.120361,0.029541,1.004150
0.148682,-0.456909,0.811157
-0.473022,0.117065,0.782593
0.473877,-0.280396,1.006958
-0.362061,-0.189941,0.761230
0.005859,0.106445,0.999512
0.242188,-0.488525,0.837524
-0.501343,0.058472,0.748047
0.462402,-0.224365,1.034912
-0.264404,-0.188232,0.783691
-0.099121,0.171509,0.988770
0.306152,-0.484009,0.870850
-0.525513,0.004883,0.754028
0.432373,-0.202393,1.034912
-0.156982,-0.264404,0.800537
-0.195923,0.224365,0.972290
0.370850,-0.427612,0.919434
-0.520874,-0.025757,0.761230
0.386230,-0.158936,1.034912
-0.060913,-0.351929,0.802002
-0.251343,0.208984,0.943481
0.409546,-0.397095,0.936523
-0.501343,-0.088257,0.759888
0.325928,-0.124268,1.015015
0.027466,-0.416748,0.794800
-0.317505,0.173340,0.882935
0.433105,-0.347900,0.958740
-0.469849,-0.114014,0.759766
0.243774,-0.085693,1.002808
0.099121,-0.461304,0.790161
-0.371094,0.148682,0.851807
0.451294,-0.299072,0.981323
-0.440552,-0.106201,0.776001
0.155518,-0.023315,0.999512
0.131592,-0.477783,0.813477
-0.427246,0.095337,0.801270
0.462524,-0.252686,1.010376
-0.385986,-0.159180,0.753906
0.054077,0.078003,1.018066
0.207642,-0.510254,0.822632
-0.482178,0.043945,0.771484
0.477295,-0.259644,1.019409
-0.292969,-0.200806,0.781128
-0.049683,0.165283,1.016479
0.286133,-0.482544,0.878174
-0.508179,0.002808,0.748047
0.439087,-0.202515,1.038086
-0.190552,-0.243652,0.801392
-0.129395,0.201538,1.002686
0.358398,-0.434204,0.924927
-0.524292,-0.020264,0.750000
0.382202,-0.140381,1.047485
-0.052490,-0.361084,0.796143
-0.214600,0.200684,0.965210
0.410889,-0.408691,0.942505
-0.504272,-0.063843,0.756470
0.305420,-0.103638,1.012207
0.044556,-0.440918,0.799561
-0.304443,0.157837,0.896240
0.443848,-0.346436,0.976929
-0.459717,-0.103516,0.765381
0.224487,-0.037476,1.023438
0.100220,-0.457275,0.800049
-0.391724,0.099731,0.832031
0.442383,-0.253662,0.983643
-0.338989,-0.189697,0.760742
-0.015381,0.139893,1.002197
0.185669,-0.464722,0.839722
-0.547974,0.089233,0.747803
0.424072,-0.174194,1.008911
-0.191528,-0.233887,0.774170
-0.141479,0.189575,0.977295
0.346313,-0.435669,0.911011
-0.560059,0.024048,0.760010
0.375977,-0.128662,1.023438
-0.063599,-0.371460,0.771362
-0.249390,0.181152,0.899048
0.385254,-0.343750,0.945679
-0.511841,-0.051514,0.753784
0.297241,-0.074707,1.016846
0.016113,-0.436279,0.760498
-0.348877,0.168213,0.850098
0.442261,-0.343994,0.951294
-0.496216,-0.075928,0.744995
0.209961,-0.024048,1.015747
0.097900,-0.478149,0.789062
-0.455566,0.134155,0.804565
0.443115,-0.292969,0.974365
-0.405151,-0.152832,0.755859
0.099365,0.066162,1.020630
0.166382,-0.444580,0.832031
-0.513550,0.125000,0.771606
0.450684,-0.254028,0.985229
-0.316650,-0.159058,0.785522
-0.016724,0.118774,1.000732
0.257935,-0.474854,0.856689
-0.547607,0.070923,0.742432
0.436523,-0.189941,1.018433
-0.182617,-0.244019,0.795288
-0.141479,0.201416,0.983521
0.311523,-0.444946,0.890381
-0.548584,0.028076,0.763184
0.405884,-0.164307,1.038330
-0.078369,-0.327759,0.785889
-0.227539,0.211548,0.938354
0.381470,-0.354858,0.939209
-0.536987,-0.037720,0.751587
0.335571,-0.166992,0.989258
0.014038,-0.463623,0.783081
-0.298218,0.183105,0.882080
0.420776,-0.296387,0.958862
-0.497681,-0.060669,0.747925
0.222778,-0.039062,1.002441
0.080078,-0.457397,0.801147
-0.356201,0.074585,0.826172
0.442383,-0.283081,0.977417
-0.466309,-0.057617,0.754028
0.132080,0.043945,1.001343
0.129395,-0.440918,0.818726
-0.436890,0.066650,0.796021
0.457642,-0.270874,1.001831
-0.404785,-0.153320,0.741577
0.039795,0.115601,1.019653
0.212402,-0.479492,0.832520
-0.504761,0.060425,0.758667
0.457520,-0.241333,1.013062
-0.305298,-0.197632,0.781616
-0.051392,0.146729,1.004883
0.292969,-0.482300,0.878662
-0.549683,0.032837,0.746704
0.429199,-0.208984,1.020752
-0.165894,-0.254272,0.786621
-0.149292,0.228882,0.991577
0.346436,-0.401001,0.927856
-0.539673,-0.004272,0.762939
0.387939,-0.173462,1.037231
-0.073730,-0.375000,0.783325
-0.207031,0.192871,0.950928
0.386353,-0.345215,0.951538
-0.531860,-0.050293,0.742065
0.333008,-0.168213,1.007446
0.018311,-0.458252,0.786743
-0.285645,0.170044,0.881226
0.430908,-0.297485,0.973145
-0.506348,-0.061646,0.751099
0.228516,-0.075439,0.996704
0.076416,-0.514648,0.780640
-0.356934,0.092163,0.852051
0.455322,-0.298706,0.989990
-0.471191,-0.083862,0.735962
0.141113,0.044678,1.007568
0.145142,-0.457275,0.826050
-0.442383,0.111938,0.821289
0.458862,-0.277710,0.998901
-0.387085,-0.161987,0.747437
0.046021,0.114502,1.014771
0.204224,-0.493164,0.826904
-0.486816,0.043945,0.769287
0.480835,-0.253906,1.035156
-0.300049,-0.213745,0.767456
-0.062378,0.182739,1.003662
0.271118,-0.457520,0.866089
-0.525146,0.011353,0.742676
0.448486,-0.251587,1.026367
-0.187012,-0.279907,0.796631
-0.126099,0.204956,1.000977
0.321411,-0.371948,0.911255
-0.553711,0.032593,0.753540
0.413208,-0.228149,1.021118
-0.044312,-0.376465,0.835815
-0.189453,0.188965,0.968994
0.367310,-0.338867,0.944702
-0.537354,0.004761,0.749756
0.343872,-0.161255,1.005005
0.016602,-0.465210,0.797607
-0.250122,0.130615,0.914429
0.419800,-0.307373,0.977417
-0.507568,-0.059448,0.731445
0.259399,-0.032104,1.010010
0.067871,-0.449951,0.783813
-0.322876,0.060181,0.855835
0.466675,-0.327881,1.004150
-0.479248,-0.111694,0.727295
0.181885,0.032593,1.017212
0.102905,-0.413452,0.803589
-0.400391,0.092773,0.836182
0.489746,-0.343506,1.016602
-0.422607,-0.178955,0.747803
0.115479,0.073853,1.022095
0.146362,-0.423462,0.832642
-0.456787,0.097168,0.809082
0.485840,-0.289795,1.027466
-0.369873,-0.221313,0.753418
0.073486,0.069824,1.027466
0.188965,-0.477539,0.835938
-0.481445,0.072388,0.767334
0.504761,-0.265869,1.019897
-0.326538,-0.165649,0.782104
0.004517,0.136719,1.036865
0.253784,-0.511108,0.853516
-0.491821,0.032349,0.757202
0.485718,-0.258911,1.035400
-0.293091,-0.187988,0.788330
-0.047485,0.157104,1.011353
0.290161,-0.487183,0.884033
-0.492798,-0.000977,0.752319
0.472778,-0.208618,1.060425
-0.242065,-0.218750,0.791870
-0.092041,0.196899,1.008667
0.315552,-0.449219,0.903198
-0.517090,-0.009521,0.769165
0.459229,-0.238770,1.058350
-0.173584,-0.264771,0.819458
-0.144043,0.208984,1.001343
0.343018,-0.409546,0.931763
-0.500854,-0.013672,0.769409
0.431885,-0.208130,1.056396
-0.119507,-0.311401,0.817627
-0.167358,0.181763,0.979370
0.361450,-0.383301,0.940796
-0.518555,-0.037231,0.749268
0.413696,-0.189575,1.053955
-0.037842,-0.372559,0.823608
-0.222290,0.215454,0.963867
0.393188,-0.354248,0.959229
-0.492920,-0.076050,0.764038
0.350098,-0.138794,1.042358
0.012207,-0.456909,0.798218
-0.235352,0.152100,0.933472
0.438721,-0.360596,0.974121
-0.496704,-0.045166,0.763184
0.288696,-0.097046,1.015259
0.058838,-0.469604,0.786011
-0.269531,0.098022,0.901367
0.456787,-0.321289,1.000854
-0.489868,-0.079712,0.756470
0.233032,-0.051270,1.013672
0.090332,-0.475830,0.795166
-0.328857,0.093140,0.879150
0.485962,-0.325195,1.017212
-0.469727,-0.097290,0.754883
0.155396,-0.004517,1.003052
0.159546,-0.488647,0.819824
-0.410767,0.115112,0.844849
0.489868,-0.286865,1.029785
-0.392822,-0.160278,0.769897
0.077759,0.070312,1.008057
0.214355,-0.513184,0.832642
-0.451294,0.041870,0.784302
0.517578,-0.287720,1.045166
-0.308716,-0.211182,0.779907
-0.008301,0.152710,1.013916
0.254761,-0.427734,0.872314
-0.475098,0.011108,0.759521
0.496338,-0.271118,1.061523
-0.239380,-0.274170,0.801514
-0.053711,0.163696,1.022705
0.299561,-0.429443,0.898682
-0.519531,0.059814,0.770142
0.469971,-0.246948,1.047119
-0.163330,-0.265137,0.850220
-0.107178,0.164429,1.008911
0.340820,-0.445068,0.913208
-0.520264,0.036621,0.764648
0.436646,-0.175903,1.062134
-0.097534,-0.281982,0.838989
-0.152710,0.202271,1.024780
0.378418,-0.446045,0.935913
-0.506592,-0.027344,0.766968
0.415527,-0.126343,1.072388
-0.041382,-0.307007,0.830322
-0.206787,0.218384,0.995483
0.422729,-0.448242,0.952759
-0.504517,-0.081055,0.751099
0.371338,-0.116211,1.059326
0.038818,-0.398071,0.827271
-0.265381,0.222778,0.971924
0.450684,-0.412231,0.976318
-0.470093,-0.120483,0.759644
0.304810,-0.093384,1.041748
0.078003,-0.434448,0.819946
-0.296387,0.178101,0.942505
0.481201,-0.351807,1.007324
-0.464111,-0.123413,0.762695
0.229248,-0.062988,1.025757
0.091797,-0.461060,0.810791
-0.317383,0.098999,0.891602
0.502563,-0.275879,1.053467
-0.434082,-0.125610,0.773315
0.151733,0.016724,1.032715
0.186646,-0.500977,0.846313
-0.404785,0.088013,0.851074
0.503662,-0.288208,1.049072
-0.382324,-0.156982,0.776733
0.085449,0.074097,1.029053
0.252441,-0.503418,0.855225
-0.445557,0.047729,0.807983
0.500732,-0.258911,1.054565
-0.290161,-0.208496,0.794556
-0.004883,0.142090,1.019165
0.292969,-0.479614,0.895386
-0.462402,-0.000244,0.784058
0.492188,-0.257812,1.063110
-0.215820,-0.256714,0.832275
-0.098999,0.187012,1.007080
0.352173,-0.454102,0.918945
-0.481079,0.014648,0.792114
0.462524,-0.190552,1.083252
-0.146484,-0.259766,0.839966
-0.130249,0.189941,1.013306
0.384766,-0.446167,0.942017
-0.509888,0.007935,0.783325
0.442261,-0.166138,1.078125
-0.043945,-0.324951,0.844360
-0.191162,0.224976,1.010498
0.410767,-0.412842,0.954590
-0.479248,-0.046875,0.771362
0.392578,-0.128296,1.065918
0.026245,-0.369629,0.845459
-0.240845,0.205200,0.988281
0.454712,-0.380249,0.997314
-0.464355,-0.106812,0.756958
0.332520,-0.080811,1.069946
0.078247,-0.408081,0.842896
-0.279785,0.177612,0.957275
0.481201,-0.329468,1.027344
-0.442505,-0.131836,0.780273
0.258789,-0.054810,1.055542
0.113647,-0.442993,0.837402
-0.333496,0.145996,0.913818
0.491089,-0.291016,1.031128
-0.402710,-0.116577,0.790405
0.195801,0.015381,1.060425
0.178711,-0.467407,0.863159
-0.401245,0.087891,0.851929
0.511353,-0.276367,1.053955
-0.344360,-0.184692,0.780518
0.094482,0.108032,1.063110
0.265869,-0.484253,0.890991
-0.444580,0.040161,0.799072
0.490723,-0.220825,1.068359
-0.258057,-0.240845,0.795166
-0.001343,0.160034,1.046997
0.335449,-0.463867,0.923950
-0.481567,0.015991,0.789185
0.488892,-0.213257,1.088379
-0.174072,-0.294556,0.808350
-0.081787,0.199219,1.030029
0.370728,-0.372070,0.965942
-0.477051,-0.025146,0.788208
0.441650,-0.164673,1.090820
-0.059937,-0.364746,0.827759
-0.171997,0.180786,1.002563
0.437744,-0.379639,0.988892
-0.476074,-0.038818,0.779419
0.375610,-0.106567,1.074097
0.058960,-0.424683,0.853271
-0.228271,0.166870,0.977051
0.457886,-0.318359,1.020142
-0.455078,-0.079346,0.771973
0.301025,-0.061035,1.066406
0.093262,-0.457764,0.844849
-0.290283,0.152710,0.953613
0.499756,-0.299561,1.046143
-0.423950,-0.118530,0.776123
0.220947,0.015381,1.056519
0.158813,-0.455688,0.873779
-0.359497,0.100220,0.903076
0.525513,-0.287354,1.081909
-0.361816,-0.179321,0.792969
0.128296,0.096680,1.063354
0.237427,-0.451660,0.903076
-0.417358,0.035400,0.835449
0.512695,-0.260742,1.079346
-0.288208,-0.221680,0.798096
0.048828,0.159912,1.073242
0.317261,-0.481812,0.919434
-0.471191,0.047363,0.807007
0.493530,-0.229858,1.077393
-0.226807,-0.241943,0.814941
-0.024048,0.184692,1.068359
0.369263,-0.473999,0.940186
-0.490601,0.012939,0.799683
0.481689,-0.182861,1.094482
-0.143188,-0.260254,0.836548
-0.111572,0.235596,1.041870
0.412231,-0.432251,0.970947
-0.469971,-0.072388,0.793701
0.446045,-0.156982,1.098145
-0.051636,-0.302734,0.854492
-0.173706,0.252075,1.033081
0.451660,-0.367798,1.003296
-0.460327,-0.070435,0.795044
0.383423,-0.133911,1.084839
0.061401,-0.399292,0.869141
-0.229370,0.180664,0.980713
0.473877,-0.296265,1.032104
-0.434448,-0.098022,0.798096
0.305420,-0.069946,1.080566
0.092041,-0.453491,0.841553
-0.288818,0.137329,0.944702
0.502075,-0.273193,1.057373
-0.405518,-0.090576,0.803589
0.224976,-0.000977,1.072998
0.194702,-0.470337,0.900269
-0.371582,0.089355,0.898315
0.523315,-0.253662,1.095215
-0.355469,-0.189575,0.790161
0.131836,0.066528,1.057983
0.253296,-0.459595,0.906860
-0.405396,0.072754,0.855835
0.525269,-0.240967,1.092896
-0.285522,-0.223022,0.792358
0.060425,0.119385,1.062256
0.308105,-0.479492,0.916260
-0.430542,0.043701,0.824585
0.503418,-0.188721,1.096069
-0.215332,-0.211914,0.827393
-0.033936,0.170166,1.037109
0.378540,-0.468384,0.956055
-0.466919,-0.030762,0.792969
0.472046,-0.143921,1.121216
-0.115601,-0.255859,0.847656
-0.109131,0.216187,1.055420
0.417236,-0.446045,0.969360
-0.468018,-0.048096,0.800171
0.442993,-0.120117,1.112793
0.005005,-0.326050,0.878174
-0.186279,0.241333,1.045410
0.453369,-0.391724,1.007935
-0.451294,-0.092163,0.790527
0.392456,-0.113525,1.098022
0.072266,-0.391357,0.870361
-0.234863,0.222046,1.008301
0.494995,-0.302490,1.045898
-0.430054,-0.099609,0.800781
0.309448,-0.059570,1.090698
0.097900,-0.415527,0.872192
-0.279053,0.137085,0.953125
0.524780,-0.272461,1.084351
-0.409302,-0.121216,0.792969
0.224243,0.008179,1.078369
0.204712,-0.497925,0.880859
-0.344482,0.085938,0.905640
0.536133,-0.243408,1.105347
-0.354858,-0.151978,0.804810
0.124146,0.112305,1.072266
0.286377,-0.503906,0.912354
-0.397705,0.034912,0.849243
0.520630,-0.210938,1.106323
-0.254028,-0.218994,0.820801
0.048706,0.161133,1.069824
0.321777,-0.449341,0.933350
-0.465698,0.015015,0.803467
0.528809,-0.223145,1.130981
-0.180542,-0.283813,0.837891
-0.022339,0.204956,1.080811
0.361816,-0.372437,0.979614
-0.468506,0.043091,0.826538
0.499512,-0.206909,1.117065
-0.068481,-0.317139,0.888184
-0.101440,0.192749,1.060059
0.400757,-0.382690,1.001099
-0.459351,-0.023560,0.804321
0.470947,-0.139648,1.127319
-0.010864,-0.327393,0.874756
-0.172485,0.225098,1.041016
0.454224,-0.378174,1.021729
-0.442871,-0.094238,0.800171
0.413330,-0.099731,1.122803
0.050781,-0.383423,0.885864
-0.197388,0.204102,1.029663
0.463013,-0.326050,1.040649
-0.415405,-0.107056,0.803711
0.380005,-0.057007,1.129028
0.070557,-0.404419,0.867554
-0.255981,0.186157,0.987549
0.497925,-0.299072,1.063965
-0.405762,-0.127930,0.791992
0.331177,-0.030151,1.116821
0.107544,-0.377319,0.895264
-0.302612,0.189209,0.972656
0.541016,-0.304565,1.086914
-0.402588,-0.169922,0.785767
0.238403,-0.015015,1.082520
0.200073,-0.425537,0.920288
-0.343262,0.130615,0.911255
0.556030,-0.257202,1.108887
-0.344604,-0.166992,0.806763
0.150024,0.071411,1.073486
0.266846,-0.477539,0.917603
-0.393555,0.062866,0.853394
0.548218,-0.226685,1.115356
-0.283936,-0.207642,0.817261
0.061646,0.131836,1.071411
0.357666,-0.464478,0.966675
-0.428711,0.039551,0.828979
0.513306,-0.157471,1.137329
-0.181152,-0.239258,0.847046
-0.037964,0.217896,1.073364
0.394043,-0.432251,0.979248
-0.449585,-0.001465,0.825806
0.497803,-0.151001,1.139404
-0.100708,-0.272217,0.867798
-0.099365,0.243042,1.073608
0.434570,-0.392212,1.006104
-0.442749,-0.057373,0.819702
0.449585,-0.129761,1.138062
0.019409,-0.356445,0.878418
-0.155762,0.236450,1.058838
0.467529,-0.358032,1.027710
-0.441040,-0.070068,0.809082
0.418335,-0.106567,1.129639
0.065186,-0.373535,0.881714
-0.216309,0.225586,1.030762
0.501587,-0.300293,1.070435
-0.418091,-0.102905,0.812012
0.344604,-0.073242,1.122070
0.091797,-0.403442,0.888916
-0.267578,0.170288,0.992310
0.530151,-0.263306,1.095825
-0.385620,-0.118042,0.816284
0.272095,0.012207,1.110962
0.179443,-0.431152,0.919312
-0.325195,0.120605,0.941162
0.548950,-0.260254,1.114014
-0.346313,-0.157959,0.811279
0.185181,0.076416,1.095215
0.260254,-0.438477,0.932251
-0.379395,0.073242,0.874878
0.559448,-0.227417,1.130859
-0.277100,-0.221436,0.820068
0.075806,0.138672,1.077759
0.324463,-0.443359,0.952026
-0.413574,0.034668,0.850464
0.558472,-0.207031,1.151855
-0.207764,-0.239746,0.845337
-0.030518,0.215454,1.070923
0.395020,-0.446167,0.985840
-0.432983,0.004395,0.848511
0.515015,-0.166382,1.147705
-0.107544,-0.268799,0.869873
-0.077759,0.227051,1.076172
0.414795,-0.377441,1.009033
-0.458130,-0.024292,0.819580
0.500977,-0.137085,1.158325
0.019531,-0.330322,0.901855
-0.153076,0.234375,1.059082
0.449097,-0.348511,1.031006
-0.444336,-0.082764,0.793945
0.437744,-0.094238,1.153687
0.075073,-0.361938,0.903076
-0.190186,0.224976,1.061279
0.492920,-0.322876,1.063110
-0.434937,-0.073730,0.797607
0.362183,-0.079834,1.109497
0.107544,-0.381592,0.915527
-0.244263,0.183960,1.018433
0.522095,-0.267578,1.113403
-0.414062,-0.106567,0.804932
0.286011,-0.017822,1.102417
0.179321,-0.412598,0.911743
-0.307129,0.128540,0.950928
0.565918,-0.228149,1.148438
-0.356812,-0.174683,0.798218
0.179688,0.066162,1.088623
0.254272,-0.466309,0.923096
-0.358765,0.051270,0.885742
0.557129,-0.209717,1.138550
-0.281860,-0.187134,0.840576
0.096680,0.134766,1.098511
0.316406,-0.433594,0.953613
-0.418457,0.072021,0.873047
0.550049,-0.207886,1.141724
-0.172485,-0.253662,0.867432
0.004272,0.208374,1.095215
0.365356,-0.404053,0.978638
-0.454346,0.036133,0.844482
0.527222,-0.187378,1.156128
-0.091675,-0.308472,0.872192
-0.069214,0.232788,1.100952
0.417236,-0.376465,1.002441
-0.468506,0.009766,0.827759
0.488037,-0.152344,1.140381
0.002319,-0.354736,0.898315
-0.122437,0.214355,1.083984
0.453491,-0.370728,1.028320
-0.463745,-0.001221,0.829224
0.456055,-0.109253,1.144287
0.051392,-0.359497,0.909424
-0.159424,0.197266,1.061035
0.484863,-0.306641,1.088135
-0.449219,-0.056274,0.797485
0.403076,-0.072388,1.144897
0.064941,-0.414062,0.895630
-0.224731,0.212891,1.045288
0.522827,-0.298706,1.104614
-0.428223,-0.074951,0.792847
0.347778,-0.025635,1.141479
0.111450,-0.390381,0.931519
-0.276001,0.186401,1.039673
0.543457,-0.285767,1.128784
-0.407471,-0.089478,0.807739
0.321167,0.025635,1.149536
0.153809,-0.421997,0.923340
-0.317871,0.165894,0.966309
0.555786,-0.269165,1.124146
-0.364502,-0.158447,0.812866
0.271973,0.055664,1.139526
0.190918,-0.418945,0.933838
-0.353516,0.135620,0.940674
0.562622,-0.268311,1.124023
-0.334106,-0.177002,0.826660
0.218872,0.068237,1.123169
0.253418,-0.427856,0.944946
-0.367310,0.103027,0.895874
0.553955,-0.209106,1.132812
-0.285645,-0.206665,0.830811
0.140259,0.104858,1.107666
0.308350,-0.481201,0.956787
-0.382446,0.090088,0.885254
0.556274,-0.205566,1.133301
-0.248169,-0.204834,0.840942
0.059326,0.149780,1.090820
0.359009,-0.427368,0.988403
-0.427734,0.053711,0.866699
0.552124,-0.187744,1.155762
-0.155640,-0.240723,0.862061
-0.024170,0.217407,1.091309
0.405518,-0.391724,0.999756
-0.447998,-0.004761,0.833984
0.505127,-0.173096,1.150024
-0.041260,-0.309814,0.898560
-0.088135,0.227783,1.090088
0.440308,-0.341309,1.030884
-0.460938,0.003174,0.830566
0.462769,-0.131836,1.152954
0.046265,-0.408203,0.894531
-0.149170,0.196533,1.058838
0.495239,-0.313232,1.078125
-0.434326,-0.025269,0.811768
0.388184,-0.030762,1.135376
0.071045,-0.389282,0.897217
-0.206299,0.177490,1.058105
0.532715,-0.298462,1.121338
-0.425781,-0.073608,0.802002
0.328857,0.027710,1.147705
0.131470,-0.378662,0.922363
-0.267212,0.138550,1.010986
0.558228,-0.291626,1.139404
-0.407227,-0.150635,0.801025
0.277954,0.018677,1.132935
0.215942,-0.397949,0.946655
-0.337891,0.173950,0.952393
0.567627,-0.260010,1.125610
-0.341797,-0.186157,0.806763
0.195068,0.037354,1.105957
0.275391,-0.424683,0.977051
-0.369629,0.095459,0.897461
0.566162,-0.197021,1.138184
-0.251099,-0.218994,0.826538
0.069092,0.152710,1.090088
0.346069,-0.479980,0.967041
-0.398071,0.051514,0.886353
0.557617,-0.177856,1.156372
-0.212646,-0.216064,0.853271
0.011963,0.185913,1.068481
0.399536,-0.410645,1.005493
-0.430786,-0.004639,0.847900
0.538208,-0.158081,1.173584
-0.091919,-0.285767,0.887085
-0.072754,0.228271,1.086426
0.426880,-0.377808,1.014526
-0.438843,-0.015259,0.854858
0.499023,-0.153198,1.157959
0.016357,-0.305786,0.925293
-0.125610,0.211304,1.064697
0.457153,-0.307251,1.059937
-0.444824,-0.041992,0.823730
0.453003,-0.100098,1.162476
0.046875,-0.372681,0.892944
-0.200928,0.229126,1.062378
0.526489,-0.334717,1.088989
-0.438843,-0.048950,0.815308
0.379517,-0.027222,1.148682
0.109985,-0.364136,0.927368
-0.254761,0.225098,1.043701
0.546753,-0.294800,1.113159
-0.383545,-0.154907,0.824341
0.291138,-0.007324,1.127197
0.172607,-0.386719,0.937744
-0.311035,0.199463,0.973755
0.577881,-0.246460,1.146606
-0.328247,-0.167358,0.841553
0.203003,0.038086,1.105591
0.233398,-0.425537,0.954590
-0.353027,0.061768,0.881348
0.573730,-0.194580,1.155396
-0.278198,-0.171875,0.842041
0.113159,0.131104,1.118530
0.335449,-0.452393,0.970459
-0.409790,0.079224,0.889404
0.553345,-0.182617,1.143311
-0.192383,-0.224854,0.868652
-0.001221,0.191162,1.101807
0.395142,-0.393188,1.003052
-0.417236,0.012939,0.844971
0.524902,-0.126221,1.173828
-0.042236,-0.298706,0.897949
-0.096191,0.221191,1.084351
0.444092,-0.366455,1.035156
-0.436279,-0.057129,0.828491
0.476562,-0.089844,1.176025
0.033691,-0.343628,0.898193
-0.140503,0.213013,1.081055
0.482422,-0.294800,1.079712
-0.438965,-0.068115,0.816040
0.391846,-0.048096,1.157959
0.100586,-0.403076,0.911499
-0.227783,0.194946,1.046143
0.532837,-0.249023,1.123291
-0.390869,-0.105591,0.825806
0.293823,-0.006958,1.124146
0.183472,-0.440674,0.923584
-0.321167,0.084473,0.939453
0.584229,-0.249268,1.170044
-0.327637,-0.215576,0.809204
0.182251,0.140259,1.118164
0.258057,-0.438721,0.941650
-0.365845,0.064575,0.911377
0.568970,-0.251099,1.156006
-0.270752,-0.264648,0.830688
0.115356,0.144165,1.120972
0.329834,-0.419434,0.980103
-0.400757,0.091064,0.898193
0.489014,-0.170898,1.108643
-0.218628,-0.231201,0.863525
-0.111084,0.197021,1.032959
0.371094,-0.404663,1.014526
-0.472656,-0.018677,0.804199
0.452759,-0.111694,1.131226
-0.017334,-0.325928,0.864990
-0.143677,0.213867,1.057983
0.451172,-0.362061,1.025879
-0.442139,-0.065308,0.812012
0.416260,-0.120728,1.112305
0.054321,-0.410767,0.863403
-0.217285,0.213989,1.022583
0.488281,-0.335693,1.046021
-0.424072,-0.085571,0.800049
0.364868,-0.073120,1.107666
0.068726,-0.387817,0.874390
-0.222656,0.167480,1.003418
0.508179,-0.296509,1.077148
-0.428955,-0.110962,0.796143
0.321655,-0.031738,1.111938
0.106934,-0.410400,0.883667
-0.272339,0.162354,0.975464
0.522461,-0.262085,1.094482
-0.405396,-0.111816,0.802979
0.269165,-0.010620,1.094604
0.169678,-0.444458,0.895874
-0.342651,0.120605,0.921509
0.542358,-0.260376,1.117798
-0.349243,-0.193848,0.794189
0.194214,0.065186,1.100220
0.227295,-0.448853,0.914551
-0.369873,0.086914,0.884644
0.540283,-0.234009,1.105347
-0.305542,-0.200073,0.807983
0.129395,0.106812,1.087036
0.298828,-0.471191,0.930298
-0.402100,0.047607,0.846802
0.538696,-0.216064,1.120117
-0.252441,-0.208862,0.831177
0.046021,0.145142,1.075317
0.349976,-0.455322,0.957153
-0.431885,0.037109,0.834717
0.518799,-0.178589,1.136841
-0.199219,-0.242554,0.845703
-0.028076,0.194458,1.080566
0.398804,-0.423096,0.992310
-0.457397,0.013428,0.827148
0.489380,-0.138306,1.134033
-0.055420,-0.274048,0.878906
-0.110596,0.243530,1.072754
0.433960,-0.396973,1.009399
-0.466797,-0.060547,0.807861
0.433716,-0.113525,1.131592
0.039429,-0.357544,0.883667
-0.144775,0.212524,1.053833
0.482910,-0.327393,1.049194
-0.445068,-0.050293,0.824707
0.361450,-0.082275,1.084351
0.079224,-0.415527,0.859253
-0.219604,0.130371,0.997925
0.515991,-0.258423,1.113037
-0.414185,-0.115967,0.808472
0.298218,-0.009766,1.093750
0.162476,-0.463867,0.879517
-0.325928,0.156494,0.958130
0.559448,-0.278442,1.117065
-0.360107,-0.140015,0.800659
0.200439,0.063721,1.077393
0.241333,-0.447266,0.927856
-0.362671,0.079468,0.906006
0.560303,-0.283813,1.124756
-0.322144,-0.207764,0.802734
0.124756,0.151733,1.102661
0.296509,-0.462402,0.936646
-0.424316,0.036377,0.852661
0.557617,-0.256958,1.138916
-0.242554,-0.283325,0.828857
0.057861,0.184082,1.093384
0.325195,-0.417480,0.953247
-0.439575,0.056030,0.850830
0.556641,-0.240234,1.134766
-0.181274,-0.257935,0.858032
-0.004883,0.231201,1.093384
0.354004,-0.384277,0.968506
-0.440796,0.004639,0.841797
0.535767,-0.198853,1.155396
-0.115601,-0.295532,0.861450
-0.075073,0.253906,1.074341
0.403931,-0.383911,0.993530
-0.433960,-0.036255,0.826172
0.498901,-0.163208,1.145630
-0.066162,-0.305054,0.873901
-0.100830,0.212036,1.069092
0.443848,-0.354248,1.028198
-0.454834,-0.025269,0.814209
0.450195,-0.137451,1.137329
0.029541,-0.403687,0.882568
-0.142944,0.191284,1.069092
0.466797,-0.342285,1.037231
-0.475952,-0.003418,0.802612
0.421387,-0.106323,1.131714
0.087524,-0.431763,0.887085
-0.199707,0.188599,1.038940
0.491943,-0.307007,1.072632
-0.434326,-0.088135,0.795166
0.367188,-0.012939,1.140381
0.098511,-0.376709,0.898438
-0.257568,0.210693,1.026489
-0.394775,-0.154053,0.802612
-0.318604,0.171875,0.963989
0.549927,-0.256836,1.117188
-0.355591,-0.152832,0.815063
0.232544,0.018311,1.103760
0.219238,-0.465576,0.924683
-0.368408,0.096191,0.899780
0.559570,-0.226440,1.125488
-0.307861,-0.177979,0.814209
0.143555,0.097900,1.105591
0.295898,-0.497314,0.943237
-0.390991,0.064819,0.874756
0.552979,-0.222778,1.122559
-0.267456,-0.199951,0.830078
0.070435,0.161621,1.086548
0.358154,-0.445801,0.979736
-0.411377,0.036865,0.865479
0.541260,-0.196655,1.132690
-0.204102,-0.224731,0.848145
-0.006592,0.211670,1.082764
0.391235,-0.391724,1.006836
-0.421387,-0.000610,0.849854
0.510010,-0.153809,1.145020
-0.112061,-0.270020,0.861450
-0.074341,0.223633,1.080811
0.438110,-0.373779,1.022339
-0.434448,-0.038330,0.835938
0.489014,-0.119751,1.158081
-0.005737,-0.344727,0.881592
-0.142456,0.217285,1.065186
0.462891,-0.331299,1.048828
-0.435181,-0.066284,0.804443
0.437134,-0.090088,1.155273
0.071777,-0.382202,0.898804
-0.189819,0.203491,1.045898
0.483398,-0.304810,1.068848
-0.441284,-0.081665,0.802979
0.376587,-0.086914,1.122192
0.107056,-0.376343,0.921753
-0.245972,0.187866,1.008911
0.518188,-0.243286,1.119873
-0.404053,-0.121094,0.797363
0.302368,-0.012085,1.119751
0.169800,-0.462036,0.909424
-0.310181,0.131470,0.959839
0.569214,-0.256226,1.139648
-0.368896,-0.137695,0.808960
0.199951,0.080200,1.102051
0.248169,-0.465454,0.929443
-0.361206,0.083130,0.916504
0.562622,-0.240723,1.139282
-0.320557,-0.193237,0.806152
0.136353,0.131104,1.109253
0.307373,-0.457764,0.956421
-0.418213,0.033325,0.861328
0.565918,-0.255249,1.140991
-0.227661,-0.256470,0.833008
0.063110,0.215698,1.117188
0.334961,-0.394531,0.956055
-0.434814,0.043091,0.864014
0.558838,-0.268677,1.145996
-0.176270,-0.294922,0.859985
0.002319,0.215942,1.099854
0.382324,-0.377563,0.993408
-0.451782,0.025146,0.842407
0.535156,-0.215088,1.156616
-0.078857,-0.308472,0.883057
0.401489,-0.341797,1.007324
0.507568,-0.178711,1.151733
-0.009033,-0.368286,0.881836
-0.100342,0.189697,1.072021
0.442871,-0.318726,1.043823
-0.466064,-0.031494,0.803467
0.474854,-0.158569,1.144775
0.056763,-0.390381,0.901855
-0.171021,0.215942,1.059692
0.475708,-0.305176,1.059937
-0.433594,-0.075195,0.813354
0.405762,-0.083252,1.137939
0.081177,-0.385132,0.906006
-0.217407,0.196167,1.034424
0.502808,-0.269287,1.097168
-0.424438,-0.083374,0.800781
0.360229,-0.054199,1.132935
0.120483,-0.390991,0.922852
-0.272949,0.205444,1.018066
0.544434,-0.258423,1.113281
-0.386597,-0.106812,0.815674
0.285400,-0.011108,1.107300
0.181396,-0.453613,0.909058
-0.314819,0.130859,0.963745
0.574585,-0.243164,1.144897
-0.356445,-0.144043,0.821167
0.197266,0.078125,1.106934
0.253052,-0.485840,0.924805
-0.348755,0.067871,0.917725
0.562500,-0.213501,1.150024
-0.307739,-0.171265,0.835571
0.120361,0.128174,1.097778
0.304443,-0.450439,0.958252
-0.392090,0.028564,0.879150
0.567383,-0.207275,1.170898
-0.242310,-0.250366,0.832031
0.049072,0.189331,1.100830
0.351685,-0.404541,0.974243
-0.422363,0.049927,0.870117
0.550171,-0.224731,1.154907
-0.160034,-0.294800,0.864624
-0.007935,0.196411,1.095215
0.385132,-0.378174,0.995117
-0.450439,0.041626,0.855103
0.534912,-0.191772,1.154541
-0.083740,-0.311523,0.883423
-0.052734,0.203003,1.095703
0.429077,-0.364990,1.018433
-0.463257,0.031250,0.833984
0.485352,-0.142700,1.149048
0.020508,-0.392700,0.893433
-0.098022,0.173218,1.072266
0.452148,-0.329834,1.041992
-0.452515,0.010498,0.822021
0.455444,-0.100098,1.146729
0.043457,-0.374634,0.904297
-0.160522,0.191162,1.080200
0.493774,-0.330322,1.073730
-0.452881,-0.016113,0.811279
0.409668,-0.059326,1.147095
0.056030,-0.374390,0.896851
-0.203125,0.194458,1.062622
0.515137,-0.315796,1.101074
-0.435913,-0.078979,0.813843
0.382446,-0.025024,1.157715
0.093872,-0.378174,0.910034
-0.255005,0.213867,1.033325
0.541138,-0.275146,1.114746
-0.406738,-0.124023,0.808228
0.341431,-0.039307,1.132690
0.144165,-0.381470,0.932983
-0.287842,0.186890,0.984741
0.541260,-0.244385,1.131714
-0.371826,-0.164185,0.807617
0.287598,-0.005371,1.131348
0.196289,-0.413940,0.947632
-0.333496,0.156128,0.953735
0.555908,-0.242798,1.125854
-0.325928,-0.189209,0.821289
0.203369,0.047485,1.102295
0.255127,-0.437134,0.945435
-0.348389,0.125366,0.929932
0.566406,-0.237305,1.130127
-0.297241,-0.184814,0.840820
0.128296,0.090820,1.095825
0.318481,-0.445312,0.967407
-0.394653,0.091431,0.880371
0.559204,-0.178711,1.146240
0.042969,0.161987,1.084351
0.387329,-0.434326,1.003296
-0.421387,0.020630,0.853394
0.543213,-0.154785,1.172607
-0.150879,-0.241943,0.868164
-0.039185,0.219482,1.094482
0.430908,-0.390625,1.017700
-0.444092,-0.029297,0.831421
0.514771,-0.132935,1.166260
-0.013672,-0.319458,0.896362
-0.113159,0.235107,1.082397
0.444092,-0.341187,1.044678
-0.448242,-0.051025,0.817383
0.470825,-0.117554,1.167847
0.045288,-0.351807,0.909424
-0.178589,0.239014,1.074341
0.488403,-0.322998,1.059570
-0.428101,-0.057983,0.826294
0.393921,-0.080444,1.140259
0.080566,-0.362671,0.923096
-0.216187,0.209717,1.055786
0.520996,-0.247925,1.118896
-0.403076,-0.106812,0.815674
0.324463,-0.018433,1.142090
0.150635,-0.451782,0.913696
-0.299194,0.135498,0.989502
0.569214,-0.241577,1.142944
-0.345825,-0.134277,0.823364
0.224121,0.099854,1.135742
0.244263,-0.457886,0.933228
-0.365723,0.078735,0.917847
0.582886,-0.250732,1.154541
-0.291870,-0.221436,0.824219
0.121216,0.161743,1.113403
0.324951,-0.415039,0.984131
-0.401123,0.066284,0.891113
0.571167,-0.238892,1.155884
-0.232666,-0.267578,0.832886
0.038086,0.196289,1.102417
0.373535,-0.402466,0.996094
-0.417114,0.019043,0.869873
0.552734,-0.199097,1.150024
-0.146240,-0.271729,0.868286
-0.026001,0.206177,1.092651
0.407227,-0.364868,1.013916
-0.412354,-0.009888,0.850952
0.513062,-0.145142,1.161133
-0.032715,-0.340698,0.889404
-0.095947,0.200317,1.080200
0.454346,-0.354736,1.037598
-0.426270,-0.044922,0.831055
0.478760,-0.080566,1.175049
0.024048,-0.333496,0.890137
-0.161865,0.224976,1.064941
0.489502,-0.333130,1.068848
-0.427124,-0.100708,0.816772
0.427124,-0.066650,1.175903
0.044800,-0.343994,0.893921
-0.222900,0.226807,1.038574
0.537109,-0.290894,1.109985
-0.402222,-0.123047,0.820679
0.356079,-0.025024,1.153198
0.114380,-0.375854,0.914062
-0.272583,0.187744,1.009399
-0.366699,-0.154785,0.826660
0.296509,0.008301,1.152954
0.202148,-0.417969,0.942383
-0.330933,0.164307,0.949585
0.559204,-0.231567,1.127197
-0.310303,-0.192261,0.830933
0.208374,0.056274,1.141724
0.274414,-0.445068,0.965820
-0.381470,0.115356,0.894165
0.566895,-0.211182,1.139771
-0.254761,-0.210449,0.842163
0.104614,0.137817,1.117798
0.337524,-0.431152,0.975098
-0.415405,0.088989,0.886230
0.556885,-0.180786,1.151489
-0.198853,-0.222046,0.856323
0.013550,0.191895,1.114136
-0.432007,0.024292,0.870239
0.542603,-0.135620,1.177612
-0.108765,-0.266602,0.889160
-0.061523,0.207275,1.090210
0.442505,-0.384888,1.033081
-0.433472,-0.011719,0.852539
0.504517,-0.103516,1.173584
-0.002808,-0.311035,0.903198
-0.131348,0.200195,1.071899
0.479614,-0.341553,1.071533
-0.430176,-0.056396,0.829346
0.447876,-0.072754,1.170044
0.023438,-0.328491,0.897095
-0.199829,0.233887,1.058228
0.518433,-0.288696,1.115112
-0.404541,-0.104370,0.808716
0.384399,-0.044067,1.163818
0.079712,-0.387573,0.905151
-0.260010,0.204712,1.023926
0.559570,-0.280029,1.122559
-0.378296,-0.130493,0.814697
0.304199,0.030640,1.153320
0.158447,-0.404541,0.936523
-0.308350,0.155518,0.967896
0.581177,-0.288696,1.131470
-0.352783,-0.154663,0.818604
0.232666,0.088501,1.149048
0.236816,-0.420532,0.946533
-0.351440,0.110474,0.923096
0.572632,-0.252319,1.138794
-0.304321,-0.194458,0.834717
0.170776,0.114502,1.127563
0.302368,-0.424072,0.966797
-0.407593,0.108521,0.890991
0.564697,-0.226196,1.135376
-0.242065,-0.223267,0.850830
0.097778,0.156982,1.121582
0.351074,-0.425415,0.982910
-0.431396,0.080322,0.868286
0.543579,-0.189575,1.154785
-0.180298,-0.225708,0.873291
0.031006,0.197510,1.113892
0.391113,-0.398315,1.014160
-0.444824,0.035522,0.862305
0.529907,-0.162109,1.158203
-0.124023,-0.287964,0.868652
-0.014404,0.181274,1.104614
0.420898,-0.372559,1.023193
-0.455933,0.020874,0.844604
0.517578,-0.128174,1.172729
-0.028809,-0.343140,0.888428
-0.084717,0.203003,1.103394
0.454956,-0.368408,1.051514
-0.451172,-0.003174,0.848022
0.488892,-0.082886,1.173096
0.011719,-0.337769,0.896118
-0.145630,0.222412,1.087280
0.492554,-0.354980,1.077393
-0.429932,-0.045044,0.844727
0.447998,-0.047974,1.178955
0.041504,-0.321533,0.900269
-0.214233,0.213623,1.047974
0.518921,-0.301025,1.097168
-0.402588,-0.096313,0.824707
0.377808,-0.021362,1.155151
0.084717,-0.362549,0.911743
-0.248413,0.200928,1.028564
0.531982,-0.267700,1.123047
-0.390869,-0.138794,0.809326
0.321045,0.013550,1.148560
0.169678,-0.378784,0.939819
-0.316772,0.177856,0.979126
0.552490,-0.237549,1.138306
-0.347534,-0.182129,0.811646
0.251953,0.021362,1.133301
0.241699,-0.423340,0.947876
-0.356567,0.119263,0.935303
0.576172,-0.236572,1.143188
-0.287964,-0.201172,0.833740
0.126465,0.133179,1.106445
0.314453,-0.431641,0.964600
-0.372314,0.073853,0.904297
0.566162,-0.192627,1.163208
-0.229370,-0.229858,0.859009
0.035400,0.139160,1.079712
0.349121,-0.399414,0.987305
-0.410156,0.033691,0.872559
0.571411,-0.172119,1.178833
-0.109619,-0.269531,0.896851
-0.064819,0.201904,1.073242
0.398682,-0.378052,1.004883
-0.419678,-0.017456,0.854980
0.528809,-0.141602,1.185547
-0.015625,-0.319336,0.901733
-0.108398,0.211426,1.075928
0.455200,-0.325684,1.051880
-0.452271,-0.029297,0.827271
0.475464,-0.122803,1.165161
0.029297,-0.343018,0.910645
-0.167969,0.222046,1.064453
0.499268,-0.286987,1.083496
-0.446533,-0.053101,0.816284
0.394897,-0.055420,1.167603
0.094849,-0.367188,0.925659
-0.241333,0.194214,1.039795
0.555542,-0.271729,1.136597
-0.406982,-0.106934,0.812134
0.309448,0.014404,1.154663
0.179565,-0.426392,0.921265
-0.321899,0.125244,0.956665
0.576538,-0.246094,1.156006
-0.311646,-0.190308,0.834473
0.189819,0.111450,1.124756
0.261719,-0.419556,0.945801
-0.385864,0.115112,0.913696
0.580566,-0.265869,1.146240
-0.252930,-0.255127,0.838257
0.100464,0.142700,1.108643
0.319336,-0.392212,0.968628
-0.417480,0.084106,0.875977
0.591064,-0.230713,1.168091
-0.167725,-0.302979,0.870728
0.008179,0.158447,1.092041
0.361206,-0.370483,0.996094
-0.438477,0.044922,0.852295
0.557129,-0.161865,1.177368
-0.056030,-0.295166,0.913574
-0.064697,0.187744,1.092896
0.414307,-0.364380,1.018921
-0.443848,0.000366,0.839966
0.510620,-0.143799,1.165649
0.013306,-0.339966,0.906250
-0.135254,0.230591,1.080566
0.475464,-0.333130,1.068604
-0.457397,-0.034058,0.828125
0.427612,-0.069946,1.161621
0.056030,-0.352417,0.910156
-0.200073,0.220093,1.060913
0.500488,-0.268799,1.100220
-0.428833,-0.096802,0.816895
0.378540,-0.059937,1.151611
0.100098,-0.366333,0.915161
-0.255249,0.200562,1.012329
0.548462,-0.246460,1.135864
-0.354370,-0.151489,0.835327
0.270508,0.037720,1.135864
0.187134,-0.400513,0.931885
-0.325195,0.123169,0.938477
0.579590,-0.276611,1.134644
-0.311523,-0.178589,0.844849
0.163696,0.103516,1.103882
0.283813,-0.417969,0.973633
-0.393311,0.074097,0.890137
0.570312,-0.217163,1.165161
-0.240112,-0.227539,0.837402
0.067261,0.179077,1.124512
0.348877,-0.424927,0.973877
-0.425049,0.065552,0.880981
0.547363,-0.191284,1.168213
-0.143677,-0.281250,0.878662
-0.012329,0.199951,1.109741
0.382324,-0.376709,0.984131
-0.437866,0.002808,0.846191
0.525513,-0.140991,1.179321
-0.026001,-0.346069,0.900513
-0.068726,0.180542,1.087646
0.437012,-0.372437,1.028076
-0.461670,0.007690,0.841431
0.486572,-0.109253,1.173340
0.012207,-0.348511,0.896484
-0.129028,0.219604,1.098999
0.482178,-0.331787,1.063843
-0.450928,-0.032104,0.826660
0.434570,-0.054077,1.171265
0.032349,-0.332886,0.902588
-0.193604,0.218262,1.070435
0.514038,-0.286377,1.108765
-0.431763,-0.100830,0.804688
0.368652,-0.014771,1.172119
0.098999,-0.369019,0.905273
-0.256104,0.201050,1.025879
0.551025,-0.280762,1.132080
-0.398193,-0.157104,0.807861
0.293335,-0.016724,1.133179
0.179932,-0.372192,0.952148
-0.325073,0.154663,0.955444
0.567749,-0.248901,1.141235
-0.327759,-0.176880,0.818848
0.191650,0.081421,1.120728
0.278931,-0.427490,0.969360
-0.372925,0.097168,0.915283
0.562012,-0.226196,1.142456
-0.276489,-0.211304,0.826172
0.104614,0.148438,1.112915
0.358154,-0.409302,0.990112
-0.415771,0.080200,0.888062
0.545166,-0.159424,1.166992
-0.186157,-0.261719,0.857666
0.005615,0.164307,1.092773
0.397339,-0.396118,1.014893
-0.432129,0.021240,0.864868
0.530273,-0.121094,1.182495
-0.069946,-0.290161,0.883301
-0.074707,0.194214,1.069702
0.436279,-0.336182,1.042480
-0.432861,-0.049072,0.838623
0.488403,-0.117798,1.181763
-0.036377,-0.344238,0.876099
-0.153687,0.218262,1.070068
0.504639,-0.344116,1.069336
-0.432983,-0.055176,0.828125
0.410034,-0.032959,1.176880
0.045532,-0.369141,0.892578
-0.224976,0.188232,1.038452
0.535522,-0.283081,1.123047
-0.405762,-0.146606,0.812256
0.346436,-0.004272,1.174805
0.114624,-0.367920,0.917358
-0.276733,0.189697,0.983398
0.553711,-0.243164,1.135498
-0.354126,-0.182739,0.822144
0.256714,0.005249,1.141113
0.211060,-0.437012,0.932983
-0.346313,0.134521,0.936890
0.562134,-0.214844,1.140869
-0.289551,-0.210327,0.830322
0.149170,0.112549,1.120483
0.302368,-0.420532,0.982788
-0.404663,0.096069,0.908936
0.550415,-0.210083,1.146606
-0.227173,-0.243042,0.849487
0.051758,0.181641,1.111206
0.371338,-0.407104,0.987915
-0.429199,0.045776,0.869263
0.549438,-0.180298,1.159424
-0.144531,-0.255493,0.868408
-0.020508,0.199219,1.099976
0.406372,-0.354126,1.014893
-0.434692,-0.020386,0.851074
0.521973,-0.147705,1.179810
-0.011841,-0.345337,0.880371
-0.120239,0.205322,1.074341
0.456665,-0.325562,1.051636
-0.439941,-0.047852,0.834717
0.460571,-0.093506,1.173950
0.012695,-0.353027,0.893188
-0.197754,0.221069,1.052124
0.524048,-0.319214,1.093262
-0.421753,-0.081177,0.819702
0.372803,-0.015259,1.167236
0.080566,-0.363647,0.903687
-0.260864,0.179321,1.004639
0.546997,-0.269897,1.116699
-0.352905,-0.174194,0.824341
0.278809,0.038818,1.148560
0.157471,-0.381226,0.916138
-0.317139,0.145508,0.947266
0.572266,-0.260986,1.125000
-0.301147,-0.206543,0.842651
0.176147,0.048950,1.120239
0.268799,-0.441895,0.946655
-0.401123,0.125977,0.910400
0.574219,-0.191895,1.148071
-0.207153,-0.218628,0.875244
0.044312,0.152588,1.109741
0.352295,-0.401123,0.985474
-0.417603,0.052124,0.865234
0.554077,-0.162354,1.170654
-0.117554,-0.276123,0.879395
-0.043701,0.181396,1.095581
0.409790,-0.358887,1.035889
-0.443848,-0.031860,0.832153
0.503540,-0.105103,1.187500
-0.000244,-0.347168,0.864380
-0.130371,0.225586,1.090210
0.462524,-0.299561,1.065552
-0.456787,-0.050049,0.828857
0.429443,-0.076660,1.179321
0.057861,-0.381470,0.902588
-0.225342,0.197632,1.053467
0.517456,-0.240845,1.134277
-0.417603,-0.101074,0.803955
0.327759,-0.013428,1.146362
0.161865,-0.419434,0.925415
-0.298340,0.164917,0.983521
0.546021,-0.224487,1.140747
-0.342896,-0.172363,0.817261
0.212158,0.077148,1.134888
0.247070,-0.462646,0.941895
-0.391968,0.127319,0.930908
0.572998,-0.243408,1.150024
-0.278809,-0.211304,0.841064
0.108276,0.150024,1.120850
0.311035,-0.406860,0.970825
-0.418823,0.064941,0.897827
0.562744,-0.185913,1.167725
-0.191772,-0.257202,0.854614
0.020996,0.198853,1.097534
0.360474,-0.386719,0.977173
-0.446045,0.032959,0.854492
0.539551,-0.194336,1.169678
-0.087036,-0.336670,0.878784
-0.041260,0.185547,1.101685
0.401733,-0.356689,1.004639
-0.459473,0.032959,0.846802
0.522339,-0.154297,1.170654
-0.004517,-0.343994,0.892578
-0.122925,0.196655,1.080200
0.455322,-0.345459,1.034302
-0.457153,-0.018921,0.845093
0.467163,-0.108398,1.170044
0.012085,-0.327148,0.895996
-0.179688,0.218262,1.061646
0.502930,-0.306641,1.082275
-0.447144,-0.069336,0.814331
0.416016,-0.051880,1.172485
0.069092,-0.335693,0.909790
-0.272583,0.213013,1.026611
0.533936,-0.285889,1.119019
-0.404297,-0.144043,0.796387
0.166748,0.086670,1.100708
0.138672,-0.376221,0.926880
-0.384399,0.099121,0.889404
0.561035,-0.233276,1.124878
-0.256714,-0.219604,0.827637
0.079224,0.127441,1.079712
0.336426,-0.424194,0.975708
-0.420288,0.053833,0.864990
0.549072,-0.188721,1.144531
-0.173828,-0.246094,0.866943
-0.014893,0.183105,1.078125
0.381714,-0.396484,1.002197
-0.434082,0.004639,0.833496
0.523926,-0.140869,1.167114
-0.075195,-0.277100,0.890747
-0.094116,0.226685,1.085938
0.441528,-0.377197,1.024170
-0.435181,-0.036987,0.830566
0.462646,-0.108521,1.144897
0.032959,-0.337158,0.900269
-0.147827,0.222412,1.064453
0.469482,-0.318726,1.055542
-0.443237,-0.046265,0.817383
0.410400,-0.066895,1.141968
0.054932,-0.372192,0.900513
-0.211914,0.170166,1.023071
0.520630,-0.277222,1.115479
-0.419556,-0.097290,0.800781
0.326172,-0.007690,1.132446
0.150513,-0.434204,0.907104
-0.307373,0.175415,0.984375
0.563477,-0.266724,1.134277
-0.345825,-0.145996,0.828857
0.221558,0.057617,1.098999
0.229736,-0.430298,0.935547
-0.347778,0.111084,0.920654
0.563477,-0.249756,1.138550
-0.286255,-0.218018,0.831177
0.128418,0.145142,1.098877
0.305054,-0.428711,0.948730
-0.399536,0.072510,0.881592
0.549561,-0.217163,1.147095
-0.222046,-0.256470,0.831543
0.042969,0.168457,1.090820
0.364014,-0.404419,0.987305
-0.437988,0.050659,0.853394
0.542236,-0.189819,1.147583
-0.141846,-0.264160,0.874512
-0.037964,0.198486,1.079102
0.420898,-0.396851,1.018066
-0.451172,0.022705,0.840332
0.502319,-0.121094,1.155396
-0.030151,-0.298706,0.900513
-0.108154,0.223877,1.082886
0.442749,-0.355835,1.040283
-0.446289,-0.038696,0.824951
0.464478,-0.107422,1.160156
0.058716,-0.350464,0.907104
-0.180664,0.231079,1.064087
0.485718,-0.322021,1.062866
-0.410278,-0.103394,0.811279
0.409180,-0.080200,1.145508
0.072754,-0.364502,0.907471
-0.252319,0.226440,1.019409
0.520386,-0.278076,1.094727
-0.376465,-0.150879,0.824341
0.319092,-0.021729,1.135132
0.147461,-0.392090,0.926392
-0.322632,0.184326,0.972778
0.555786,-0.252563,1.119629
-0.333740,-0.191650,0.829102
0.228394,0.041626,1.122437
0.233765,-0.440796,0.935181
-0.367676,0.130981,0.914062
0.576050,-0.234863,1.135376
-0.286621,-0.216919,0.827881
0.112183,0.110962,1.091797
0.313232,-0.446045,0.957642
-0.389160,0.070190,0.877563
0.562256,-0.205933,1.144287
-0.232544,-0.216797,0.842407
0.029785,0.152344,1.076416
0.378418,-0.424316,0.989990
-0.423950,0.030518,0.860352
0.541260,-0.171021,1.153442
-0.137939,-0.244629,0.874634
-0.058105,0.216797,1.085083
0.431763,-0.397339,1.020752
-0.438599,0.001099,0.850708
0.500610,-0.158081,1.146484
-0.028198,-0.296631,0.904419
-0.126099,0.197998,1.050659
0.459473,-0.335449,1.052612
-0.425171,-0.063721,0.823730
0.444702,-0.079834,1.157349
0.056885,-0.369385,0.902100
-0.180542,0.202759,1.045410
0.484863,-0.300781,1.072388
-0.413940,-0.089966,0.824463
0.390747,-0.077881,1.142578
0.079834,-0.367676,0.915283
-0.266357,0.227051,1.022949
0.530884,-0.258911,1.104614
-0.368652,-0.129272,0.827393
0.302246,-0.007324,1.141235
0.166016,-0.440552,0.925903
-0.328735,0.142212,0.942261
0.558716,-0.248291,1.128174
-0.335083,-0.134155,0.829224
0.210449,0.072754,1.128418
0.265259,-0.446167,0.949707
-0.381226,0.097168,0.892334
0.544189,-0.223755,1.119263
-0.280640,-0.206909,0.832397
0.141602,0.103882,1.127075
0.335205,-0.432617,0.977539
-0.419678,0.097168,0.868286
0.527832,-0.177734,1.129150
-0.187866,-0.243652,0.864502
0.022583,0.147095,1.103149
0.378540,-0.418701,1.008911
-0.433838,0.035522,0.846436
0.520752,-0.108521,1.167603
-0.094360,-0.251831,0.887207
-0.068726,0.219116,1.106323
0.433594,-0.394531,1.030396
-0.435547,-0.034302,0.838257
0.482056,-0.083984,1.158203
0.016235,-0.324585,0.891235
-0.143921,0.238037,1.080078
0.485474,-0.353760,1.061035
-0.445557,-0.088745,0.803589
0.418213,-0.064941,1.157104
0.065552,-0.347412,0.910645
-0.209717,0.229614,1.060303
0.515259,-0.315308,1.090576
-0.430908,-0.108765,0.805054
0.346680,-0.041870,1.133545
0.123657,-0.375732,0.932617
-0.262939,0.183228,1.004028
0.552246,-0.239868,1.134033
-0.397827,-0.115601,0.801514
0.265747,0.010620,1.119263
0.227661,-0.453979,0.932373
-0.337036,0.118896,0.930908
0.564087,-0.227539,1.137817
-0.300537,-0.182861,0.831055
0.146973,0.113159,1.101685
0.312378,-0.454468,0.954834
-0.400513,0.082886,0.880859
0.555786,-0.198853,1.143311
-0.207397,-0.212524,0.863159
0.042114,0.177734,1.093384
0.366821,-0.400879,0.989136
-0.447144,0.014404,0.838501
0.527710,-0.177734,1.165527
-0.106079,-0.301758,0.875854
-0.063232,0.231445,1.089233
0.410645,-0.369873,1.016724
-0.448242,-0.023682,0.832397
0.510376,-0.146729,1.175781
0.001099,-0.334473,0.901245
-0.129883,0.232300,1.075806
0.459106,-0.344849,1.039551
-0.438721,-0.049561,0.825806
0.458740,-0.113647,1.160767
0.051514,-0.361938,0.896118
-0.191528,0.234741,1.055298
0.499634,-0.305786,1.070923
-0.425415,-0.074829,0.816406
0.387085,-0.059448,1.141357
0.088013,-0.360474,0.913940
-0.250977,0.219604,1.034180
0.547852,-0.286621,1.116211
-0.401123,-0.096680,0.816284
0.292969,-0.003540,1.126099
0.172607,-0.461426,0.918945
-0.293823,0.124878,0.967529
0.551880,-0.234619,1.127686
-0.353394,-0.126343,0.823730
0.210327,0.084351,1.127686
0.261719,-0.489136,0.936279
-0.376465,0.081421,0.911743
0.554077,-0.216797,1.147705
-0.282593,-0.210449,0.841797
0.134033,0.131836,1.113037
0.321777,-0.435303,0.966064
-0.415161,0.064209,0.860229
0.552979,-0.192017,1.150146
-0.210571,-0.261719,0.848511
0.040039,0.175537,1.104126
0.362793,-0.417236,0.989014
-0.432129,0.033081,0.852173
0.552246,-0.181519,1.162598
-0.146606,-0.250122,0.875244
-0.042603,0.225342,1.085693
0.416626,-0.368774,1.014648
-0.430054,-0.009399,0.852539
0.505615,-0.139893,1.166016
-0.021973,-0.355957,0.892212
-0.121948,0.212891,1.077515
0.462524,-0.359131,1.043701
-0.445801,-0.019287,0.832153
0.461670,-0.106934,1.165283
0.060303,-0.380859,0.907715
-0.180786,0.209229,1.053711
0.481079,-0.300903,1.067749
-0.427246,-0.075562,0.824219
0.399658,-0.062256,1.154419
0.080078,-0.373047,0.903809
-0.237427,0.225342,1.031006
0.516113,-0.254272,1.106689
-0.390625,-0.120728,0.817261
0.344849,-0.037598,1.146851
0.141968,-0.403320,0.921509
-0.302490,0.192383,0.990723
0.555908,-0.258057,1.118774
-0.346436,-0.156860,0.818115
0.235962,0.047852,1.127808
0.228882,-0.431030,0.937500
-0.341553,0.106567,0.921631
0.556763,-0.237061,1.115234
-0.301270,-0.172974,0.824097
0.134033,0.101196,1.088135
0.319702,-0.443481,0.968506
-0.390015,0.075439,0.880005
0.558228,-0.190796,1.150024
-0.234863,-0.212158,0.840820
0.032104,0.157959,1.073486
0.382690,-0.426514,1.003174
-0.421631,0.031982,0.866577
0.524658,-0.150879,1.142212
-0.137817,-0.249390,0.870483
-0.032104,0.193237,1.089478
0.419922,-0.395508,1.017822
-0.433838,-0.010254,0.851562
0.501221,-0.102539,1.164917
-0.025146,-0.321045,0.882202
-0.106323,0.214233,1.080811
0.475098,-0.363159,1.055176
-0.448853,-0.021362,0.837158
0.461548,-0.066406,1.169800
0.032959,-0.354858,0.877075
-0.173462,0.206665,1.064453
0.500854,-0.341187,1.084473
-0.419800,-0.095093,0.817871
0.393555,-0.037354,1.144653
0.068604,-0.348389,0.910278
-0.235840,0.224121,1.047485
0.541626,-0.292603,1.111938
-0.397095,-0.124634,0.815430
0.313354,-0.003052,1.132446
0.148438,-0.394165,0.931641
-0.293213,0.160767,0.973999
0.555420,-0.246460,1.120117
-0.346069,-0.148560,0.829346
0.231445,0.045532,1.121704
0.231689,-0.452393,0.929199
-0.363037,0.098145,0.900269
0.568359,-0.217163,1.144653
-0.266846,-0.190796,0.850220
0.123291,0.143921,1.111572
0.317627,-0.442627,0.962524
-0.415161,0.070679,0.874878
0.561157,-0.212524,1.148560
-0.205322,-0.233643,0.858765
0.015991,0.189575,1.082031
0.375122,-0.387329,1.002197
-0.440063,0.027954,0.844971
0.535645,-0.190674,1.158569
-0.114502,-0.316895,0.878784
-0.046387,0.178833,1.067627
0.405029,-0.351196,1.012695
-0.451050,0.016479,0.848633
0.520874,-0.154175,1.160889
0.004150,-0.338745,0.912842
-0.119385,0.206055,1.064697
0.427246,-0.329590,1.036133
-0.430786,-0.050049,0.824585
0.470947,-0.109009,1.164307
0.057251,-0.356445,0.903931
-0.181763,0.234497,1.056396
0.492554,-0.314087,1.061523
-0.424683,-0.073242,0.819092
0.391357,-0.062622,1.145874
0.075806,-0.372070,0.913086
-0.224487,0.197144,1.035156
0.537109,-0.277588,1.120728
-0.415649,-0.105713,0.796997
0.320923,-0.017456,1.129272
0.148193,-0.394409,0.931885
-0.283081,0.178955,1.008667
0.558472,-0.265991,1.125488
-0.361328,-0.148438,0.818970
0.220093,0.046509,1.101196
0.231445,-0.418701,0.960449
-0.350220,0.091553,0.924072
0.574707,-0.218872,1.158691
-0.287598,-0.204834,0.827148
0.112061,0.143555,1.098267
0.301025,-0.438477,0.952026
-0.389404,0.027100,0.884766
0.574097,-0.218018,1.164062
-0.216309,-0.259155,0.838379
0.043091,0.203491,1.111328
0.371094,-0.397339,0.981934
-0.460938,0.060181,0.854614
0.541138,-0.219604,1.160156
-0.108887,-0.341187,0.878296
-0.018921,0.196899,1.098511
0.413818,-0.357666,1.021851
-0.464478,0.040649,0.832642
0.506470,-0.163086,1.151855
-0.016724,-0.365234,0.888794
-0.083374,0.179321,1.080078
0.441650,-0.337280,1.040649
-0.464844,-0.014648,0.813477
0.461792,-0.117432,1.156860
0.047241,-0.367554,0.892578
-0.144287,0.228760,1.081421
0.475464,-0.310913,1.070801
-0.449707,-0.060181,0.816162
0.419556,-0.087769,1.143433
0.060791,-0.371948,0.890869
-0.215576,0.232300,1.054810
0.523193,-0.278687,1.101807
-0.403076,-0.088013,0.822266
0.350464,-0.024292,1.142212
0.115479,-0.388306,0.909790
-0.277832,0.169434,0.983276
0.572876,-0.288086,1.129272
-0.370605,-0.136475,0.824341
0.264893,0.041138,1.128052
0.204590,-0.400513,0.926514
-0.313477,0.102295,0.922119
0.558838,-0.227051,1.142578
-0.310913,-0.194580,0.842041
0.166260,0.080688,1.101318
0.293823,-0.458740,0.953735
-0.414673,0.110596,0.876709
0.554932,-0.187500,1.144775
-0.209839,-0.223389,0.868774
0.054688,0.173706,1.099854
0.337158,-0.418701,0.982544
-0.421509,0.036133,0.862427
0.543091,-0.162964,1.160278
-0.145752,-0.245972,0.863892
-0.032959,0.233521,1.114258
0.408813,-0.398438,1.009888
-0.457764,0.000122,0.836792
0.505005,-0.169067,1.153076
-0.030640,-0.328003,0.888916
-0.085938,0.246094,1.113770
0.436035,-0.355957,1.025269
-0.449951,-0.005005,0.834839
0.471191,-0.135498,1.149414
0.050537,-0.362549,0.908569
-0.149414,0.225220,1.078735
0.485352,-0.309448,1.060181
-0.449341,-0.028198,0.835938
0.411255,-0.103760,1.131104
0.073975,-0.416992,0.899536
-0.223877,0.167480,1.001709
0.517822,-0.244141,1.116455
-0.413574,-0.083130,0.808472
0.338379,-0.027588,1.139526
0.138428,-0.425293,0.915405
-0.294800,0.155640,0.998779
0.558716,-0.242676,1.140381
-0.371826,-0.140137,0.811157
0.234863,0.083008,1.121826
0.211792,-0.432861,0.928589
-0.339844,0.092285,0.939819
0.573975,-0.266602,1.143188
-0.329224,-0.180298,0.821533
0.165039,0.124268,1.114990
0.281372,-0.427734,0.952271
-0.374756,0.073486,0.891602
0.565308,-0.228027,1.138062
-0.258057,-0.221313,0.829712
0.092407,0.157593,1.102173
0.339111,-0.421265,0.968872
-0.421509,0.065918,0.865601
0.546021,-0.189453,1.151611
-0.182983,-0.255371,0.854370
0.010864,0.200317,1.105713
0.393921,-0.406494,1.004639
-0.440308,0.046021,0.854370
0.522339,-0.140625,1.160522
-0.104004,-0.283203,0.870239
-0.063232,0.209839,1.086304
0.441772,-0.396729,1.020508
-0.436401,-0.018311,0.849365
0.489380,-0.109131,1.157715
-0.007080,-0.301758,0.892090
-0.133423,0.233887,1.068848
0.480469,-0.346680,1.070923
-0.439453,-0.066162,0.828125
0.451294,-0.106201,1.158936
0.051514,-0.335083,0.899658
-0.175293,0.215332,1.054077
0.496094,-0.266357,1.083496
-0.420654,-0.083496,0.815063
0.374634,-0.072144,1.142578
0.112671,-0.444824,0.901855
-0.272827,0.170288,1.009277
0.542480,-0.264404,1.115479
-0.385010,-0.083984,0.818848
0.275513,0.036011,1.125488
0.196533,-0.425415,0.945679
-0.330322,0.099121,0.949585
0.561157,-0.247681,1.144409
-0.339722,-0.178101,0.819214
0.188354,0.123657,1.132690
0.272705,-0.432129,0.949951
-0.374268,0.086426,0.909790
0.565430,-0.250488,1.136108
-0.279907,-0.235352,0.815552
0.106323,0.139648,1.100464
0.336182,-0.429199,0.969116
-0.408691,0.068359,0.866943
0.558594,-0.197876,1.144653
-0.207031,-0.239624,0.847778
0.031616,0.185059,1.096436
0.388062,-0.429932,0.990112
-0.438843,0.060913,0.861572
0.537842,-0.152710,1.153320
-0.127808,-0.252441,0.869141
-0.044434,0.219482,1.101196
0.424438,-0.383545,1.021118
-0.446411,-0.029907,0.834351
0.501343,-0.131592,1.168213
-0.015259,-0.311890,0.901245
-0.127075,0.247192,1.071533
0.465576,-0.333008,1.046387
-0.432617,-0.070923,0.828735
0.440186,-0.125122,1.150635
0.049683,-0.377563,0.896362
-0.164917,0.199951,1.046509
0.489380,-0.278076,1.074951
-0.421875,-0.055176,0.818848
0.379639,-0.075195,1.138916
0.095459,-0.420288,0.912598
-0.262817,0.160156,1.013550
0.546997,-0.263306,1.125854
-0.385986,-0.091797,0.822754
0.272461,0.041748,1.127563
0.196167,-0.439331,0.935303
-0.323242,0.101440,0.941895
0.561401,-0.243774,1.148682
-0.328613,-0.171143,0.817993
0.196777,0.099731,1.121826
0.263306,-0.417236,0.943970
-0.387695,0.084961,0.899536
0.567627,-0.233643,1.142090
-0.255005,-0.243164,0.829590
0.094727,0.145142,1.108032
0.354126,-0.424316,0.984009
-0.429443,0.084351,0.852051
0.537598,-0.197266,1.128540
-0.170776,-0.268066,0.865601
-0.006470,0.165894,1.094482
0.415894,-0.406006,1.016846
-0.447388,0.016235,0.846558
0.508179,-0.115845,1.156982
-0.061890,-0.277100,0.879028
-0.101318,0.231079,1.081421
0.454590,-0.360718,1.038574
-0.439697,-0.085815,0.812622
0.459717,-0.094727,1.165771
0.041504,-0.343628,0.898071
-0.168335,0.225952,1.058105
0.497803,-0.322998,1.059937
-0.416626,-0.086670,0.817383
0.382690,-0.043823,1.140015
0.069824,-0.353027,0.903809
-0.260498,0.192383,1.013306
0.557129,-0.297241,1.123535
-0.381104,-0.122314,0.823730
0.288208,0.035889,1.129883
0.165283,-0.390991,0.925659
-0.322632,0.141846,0.943726
0.563843,-0.257568,1.135986
-0.328735,-0.205078,0.824463
0.176880,0.054932,1.103271
0.290039,-0.432739,0.966431
-0.399658,0.093140,0.878906
0.561157,-0.200684,1.136353
-0.234619,-0.217896,0.846191
0.060303,0.170654,1.098633
0.370605,-0.431396,0.996094
-0.450439,0.043823,0.829468
0.519043,-0.141846,1.152466
-0.118774,-0.259399,0.867676
-0.026733,0.212036,1.115723
0.422119,-0.363403,1.037598
-0.451172,-0.000610,0.835571
0.469116,-0.096069,1.157227
0.007568,-0.366821,0.868408
-0.122437,0.209229,1.077637
0.484131,-0.339355,1.062500
-0.443604,-0.028809,0.841919
0.400635,-0.079224,1.134033
0.072876,-0.395020,0.894531
-0.211914,0.178101,1.017334
0.511841,-0.255127,1.105713
-0.396240,-0.122681,0.814697
0.336548,-0.032593,1.135010
0.146606,-0.385742,0.923950
-0.308228,0.183594,0.977051
0.555298,-0.269775,1.122925
-0.353271,-0.158569,0.811646
0.234009,0.044678,1.123047
0.243286,-0.433472,0.947144
-0.367676,0.122192,0.912720
0.560181,-0.229492,1.129517
-0.283447,-0.204468,0.825195
0.123657,0.126099,1.114502
0.331177,-0.459717,0.962402
-0.413696,0.091797,0.868164
0.538330,-0.173340,1.122314
-0.197632,-0.234253,0.849731
0.020996,0.174683,1.113647
0.392456,-0.442749,1.000122
-0.449097,0.044922,0.846436
0.511841,-0.127075,1.142578
-0.100464,-0.245483,0.885864
-0.074219,0.217773,1.097900
0.436035,-0.401367,1.031372
-0.454712,-0.045288,0.831299
0.476929,-0.096924,1.161621
0.032227,-0.348999,0.900024
-0.160767,0.238892,1.062744
0.480713,-0.344116,1.049561
-0.438843,-0.051880,0.819946
0.414795,-0.085449,1.136963
0.055786,-0.377563,0.895264
-0.198608,0.190430,1.031372
0.511353,-0.286865,1.086792
-0.420410,-0.058960,0.810669
0.353882,-0.028687,1.139526
0.119141,-0.422607,0.910156
-0.307251,0.201172,1.004272
0.547974,-0.277100,1.123657
-0.383911,-0.152344,0.802368
0.276855,0.052856,1.147583
0.197266,-0.437622,0.922485
-0.346924,0.144287,0.947144
0.566772,-0.241455,1.142212
-0.323730,-0.198730,0.806641
0.179443,0.120972,1.125122
0.256714,-0.454224,0.936401
-0.381836,0.079224,0.890991
0.568237,-0.238525,1.134277
-0.278809,-0.185791,0.844238
0.105957,0.144409,1.113525
0.324219,-0.459106,0.957031
-0.412720,0.064209,0.861206
0.545288,-0.198242,1.137329
-0.207520,-0.226318,0.855591
0.032227,0.180542,1.101929
0.381470,-0.420654,0.990601
-0.448242,0.069092,0.853638
0.516846,-0.157959,1.135864
-0.147095,-0.268799,0.855713
-0.021851,0.191040,1.100586
0.431030,-0.396606,1.026123
-0.447021,0.026978,0.846313
0.479614,-0.097900,1.133301
-0.032959,-0.312622,0.882690
-0.100220,0.201782,1.086182
0.457031,-0.366943,1.051270
-0.442017,-0.030518,0.826904
0.451050,-0.060181,1.153320
0.028564,-0.351318,0.877563
-0.166870,0.201904,1.061523
0.506226,-0.365723,1.082275
-0.423706,-0.085571,0.824463
0.390625,-0.012207,1.160034
0.051758,-0.345093,0.885498
-0.220337,0.192505,1.035645
0.532715,-0.315552,1.107666
-0.401489,-0.137451,0.817139
0.339722,0.007080,1.142456
0.105591,-0.364746,0.896240
-0.287109,0.181396,0.974731
0.551636,-0.262939,1.126465
-0.353882,-0.208496,0.811768
0.279907,0.005005,1.128784
0.174194,-0.404175,0.918945
-0.333496,0.137207,0.918701
0.555054,-0.244751,1.120605
-0.328613,-0.194458,0.814941
0.198242,0.036621,1.097412
0.257324,-0.443115,0.942627
-0.370605,0.096069,0.884521
0.553833,-0.205933,1.136353
-0.280762,-0.214111,0.822388
0.119263,0.103149,1.099976
0.311646,-0.471069,0.945312
-0.394165,0.075562,0.871338
0.548950,-0.201050,1.133057
-0.241333,-0.213135,0.844238
0.051270,0.152222,1.087524
0.366089,-0.426147,0.990967
-0.432495,0.034058,0.849121
0.532349,-0.171753,1.148071
-0.160889,-0.237549,0.871582
-0.032715,0.202759,1.068481
0.410767,-0.394287,1.009766
-0.431641,0.004150,0.838257
0.508179,-0.148682,1.145630
-0.061890,-0.291260,0.890869
-0.106689,0.211548,1.077637
0.442627,-0.398315,1.010742
-0.440796,-0.014893,0.840942
0.465942,-0.095337,1.148071
0.043457,-0.326904,0.918335
-0.179688,0.222656,1.051147
0.478149,-0.358643,1.055786
-0.431396,-0.099609,0.807617
0.422119,-0.080444,1.152588
0.070679,-0.346436,0.902100
-0.233276,0.243652,1.045410
0.517334,-0.303467,1.082520
-0.398438,-0.136719,0.811401
0.332642,-0.047119,1.115112
0.113892,-0.384277,0.916992
-0.288208,0.187378,0.987793
0.553711,-0.244507,1.124878
-0.369141,-0.157959,0.804932
0.236816,0.018066,1.107300
0.208130,-0.465942,0.913208
-0.343384,0.106934,0.910889
0.558716,-0.225098,1.124023
-0.306274,-0.182373,0.820679
0.144409,0.103638,1.094360
0.285400,-0.472290,0.940063
-0.407104,0.044312,0.856201
0.565063,-0.239014,1.137329
-0.258911,-0.243774,0.809326
0.053589,0.200195,1.109131
0.365479,-0.422485,0.972412
-0.441650,0.054810,0.859619
0.540894,-0.215820,1.141602
-0.167358,-0.285522,0.847168
-0.025879,0.206421,1.089600
0.395264,-0.389038,0.996826
-0.457275,0.020142,0.836914
0.520142,-0.182983,1.147217
-0.086792,-0.307007,0.865723
-0.076294,0.211792,1.082520
0.424683,-0.353638,1.023071
-0.452393,-0.019409,0.832153
0.483398,-0.169312,1.131348
0.010498,-0.388794,0.886353
-0.144165,0.209595,1.052612
0.475708,-0.318970,1.056885
-0.441284,-0.047119,0.815674
0.425537,-0.111328,1.134033
0.047729,-0.403687,0.880127
-0.186279,0.171265,1.026978
0.502686,-0.303101,1.078979
-0.426392,-0.064941,0.809082
0.383667,-0.061890,1.140503
0.077393,-0.400146,0.894409
-0.256714,0.192383,1.018188
0.525146,-0.287598,1.100586
-0.393066,-0.102905,0.812988
0.122314,0.112305,1.065308
0.139038,-0.408936,0.931763
-0.424438,0.046143,0.829712
0.524658,-0.319336,1.055542
-0.317383,-0.225464,0.775757
0.063232,0.164795,1.072632
0.271118,-0.431763,0.909790
-0.444824,0.041626,0.822998
0.512085,-0.294312,1.060425
-0.296143,-0.255005,0.789917
0.028809,0.123535,1.049561
0.323608,-0.474243,0.913330
-0.486694,0.076782,0.804688
0.486206,-0.220703,1.068970
-0.224121,-0.231079,0.823975
-0.033447,0.145996,1.034424
0.352295,-0.481201,0.928589
-0.492310,0.033325,0.790039
0.457886,-0.162598,1.085449
-0.158203,-0.244629,0.831299
-0.101562,0.193970,1.038452
0.389160,-0.456055,0.954712
-0.477661,-0.029053,0.777832
0.438477,-0.108521,1.098633
-0.074585,-0.305664,0.823975
-0.157227,0.217163,1.017456
0.428345,-0.425537,0.973022
-0.472412,-0.072998,0.774414
0.397095,-0.133545,1.078491
-0.004517,-0.365356,0.838623
-0.210571,0.183472,0.975586
0.442017,-0.342773,1.002808
-0.458984,-0.093018,0.776123
0.358765,-0.104004,1.089722
0.068970,-0.462158,0.817383
-0.261963,0.176514,0.952271
0.457397,-0.332275,1.012451
-0.454346,-0.084351,0.786743
0.309692,-0.089600,1.068726
0.104736,-0.453613,0.832397
-0.324341,0.161377,0.909668
0.484375,-0.306519,1.019287
-0.417236,-0.137451,0.774536
0.232422,-0.032349,1.054810
0.141602,-0.472412,0.851318
-0.380981,0.126709,0.877075
0.496338,-0.283203,1.032959
-0.381714,-0.167603,0.763794
0.164673,0.030151,1.058228
0.200439,-0.490356,0.857300
-0.427979,0.086670,0.837769
0.518311,-0.275635,1.057007
-0.337280,-0.182129,0.781250
0.066895,0.106934,1.043091
0.268677,-0.523804,0.861816
-0.441528,0.047363,0.804199
0.503174,-0.239624,1.063232
-0.283936,-0.198242,0.797607
-0.022949,0.160400,1.025269
0.322021,-0.488525,0.903564
-0.455078,-0.007690,0.791992
0.482666,-0.219116,1.077881
-0.223267,-0.248535,0.810547
-0.082764,0.198364,1.029419
0.357178,-0.450439,0.929077
-0.482300,-0.012329,0.790649
0.460938,-0.201416,1.091797
-0.114990,-0.295532,0.844971
-0.151611,0.214600,1.015381
0.389282,-0.401855,0.948975
-0.486572,-0.042480,0.779541
0.441895,-0.193481,1.078369
-0.025757,-0.356445,0.841064
-0.204346,0.213013,0.990723
0.416870,-0.362183,0.973877
-0.474731,-0.061768,0.769165
0.382202,-0.149048,1.068359
0.053589,-0.435913,0.840820
-0.256470,0.199341,0.976196
0.445435,-0.342896,0.989380
-0.460571,-0.091797,0.764038
0.316284,-0.094849,1.049072
0.086060,-0.438477,0.841309
-0.295288,0.150879,0.933228
0.475098,-0.309570,1.023804
-0.440063,-0.109009,0.772339
0.231934,-0.020142,1.037476
0.126099,-0.450806,0.855835
-0.352173,0.103882,0.901611
0.503052,-0.292603,1.050781
-0.409302,-0.131592,0.769287
0.145386,0.081421,1.048096
0.205444,-0.461060,0.870728
-0.407471,0.055908,0.853271
0.516357,-0.303223,1.059448
-0.364136,-0.197998,0.761108
0.088257,0.113403,1.039917
0.254517,-0.449097,0.884766
-0.440430,0.051270,0.812988
0.506836,-0.275635,1.062622
-0.299194,-0.227539,0.788452
0.006958,0.131226,1.022339
0.308105,-0.451538,0.914795
-0.463989,0.024292,0.778809
0.477905,-0.212769,1.077271
-0.220215,-0.254517,0.812500
-0.064575,0.153931,1.026611
0.348511,-0.457520,0.934082
-0.494995,0.005981,0.774536
0.449707,-0.149292,1.084717
-0.123047,-0.270752,0.822998
-0.140869,0.196777,1.019897
0.409058,-0.461548,0.960815
-0.497070,-0.048340,0.766113
0.404907,-0.128418,1.064331
-0.012695,-0.333008,0.834229
-0.224487,0.205322,0.973633
0.455078,-0.406494,0.989502
-0.457642,-0.109131,0.772217
0.326660,-0.078857,1.071655
0.067749,-0.412231,0.828247
-0.275269,0.179199,0.947998
0.466553,-0.347046,0.995972
-0.435059,-0.140137,0.779297
0.250244,-0.055420,1.047119
0.119019,-0.441406,0.844360
-0.353760,0.148926,0.901489
0.486694,-0.285645,1.033936
-0.405151,-0.164062,0.766846
0.144287,0.026245,1.035767
0.194214,-0.468872,0.861694
-0.405518,0.065430,0.823242
0.497314,-0.233276,1.061890
-0.336060,-0.160889,0.783936
0.026489,0.118530,1.048218
0.309937,-0.550659,0.890381
-0.470703,0.004761,0.781616
0.488525,-0.212646,1.070923
-0.226929,-0.212769,0.814941
-0.076172,0.200317,1.029907
0.348145,-0.447510,0.929810
-0.504639,-0.008423,0.788086
0.452026,-0.206787,1.072632
-0.114014,-0.325317,0.822266
-0.130371,0.207275,1.020874
0.390747,-0.363892,0.968384
-0.527100,0.019897,0.775391
0.400635,-0.182251,1.048950
0.006958,-0.408569,0.846069
-0.195068,0.156982,0.975708
0.435181,-0.367188,0.980835
-0.497681,-0.029663,0.767578
0.326050,-0.102661,1.050415
0.063721,-0.469238,0.808960
-0.260010,0.146973,0.942505
0.481445,-0.343140,1.011230
-0.480103,-0.065918,0.759644
0.241089,-0.055298,1.009277
0.114990,-0.471069,0.842651
-0.341431,0.111938,0.888062
0.480713,-0.283447,1.024292
-0.400513,-0.167114,0.765869
0.162598,0.039673,1.053101
0.162598,-0.478638,0.852173
-0.396240,0.086182,0.860596
0.496704,-0.280518,1.041016
-0.359863,-0.194458,0.771606
0.087769,0.082031,1.041260
0.245117,-0.480469,0.868164
-0.445801,0.038574,0.786133
0.487061,-0.221313,1.049927
-0.283325,-0.207275,0.804443
0.003052,0.122192,1.036133
0.305908,-0.485962,0.903320
-0.497192,0.046021,0.769531
0.458374,-0.205933,1.063599
-0.199463,-0.249023,0.818481
-0.079834,0.167236,1.029907
0.367310,-0.439697,0.950317
-0.502930,0.010132,0.770264
0.412476,-0.126221,1.063354
-0.089111,-0.308228,0.826416
-0.170044,0.196533,1.018433
0.415649,-0.434692,0.969971
-0.498291,-0.066895,0.754028
0.361450,-0.114990,1.057617
0.038330,-0.391846,0.828491
-0.253296,0.203125,0.964844
0.446655,-0.348145,0.989014
-0.458862,-0.112671,0.770386
0.274048,-0.070801,1.042236
0.105103,-0.461914,0.815552
-0.339233,0.159546,0.904785
0.470093,-0.306519,1.009521
-0.416382,-0.148193,0.766113
0.172119,0.013672,1.045410
0.175781,-0.469849,0.842407
-0.417480,0.096069,0.839355
0.489014,-0.249878,1.041016
-0.338135,-0.179077,0.785034
0.033569,0.119263,1.040283
0.276611,-0.517090,0.861694
-0.472778,0.028931,0.776855
0.474854,-0.204346,1.051270
-0.225464,-0.221436,0.798096
-0.087891,0.212891,1.037598
0.356323,-0.464722,0.919067
-0.505615,-0.006592,0.785889
0.432251,-0.183228,1.061768
-0.114502,-0.283447,0.822876
-0.160889,0.197876,1.000610
0.413696,-0.396851,0.968262
-0.500610,-0.036743,0.766113
0.363281,-0.109009,1.061646
0.028442,-0.442505,0.807983
-0.243530,0.133911,0.939697
0.443970,-0.348999,1.002319
-0.479736,-0.095581,0.753906
0.265869,-0.056641,1.034668
0.096802,-0.468506,0.819824
-0.324219,0.104492,0.889771
0.475220,-0.293091,1.036133
-0.442261,-0.131836,0.746704
0.179077,-0.004761,1.016113
0.150879,-0.452759,0.843628
-0.403198,0.047974,0.828979
0.523804,-0.284546,1.073975
-0.392090,-0.166260,0.752808
0.043213,0.141846,1.026001
0.255371,-0.457886,0.873901
-0.450073,0.018311,0.788208
0.502563,-0.280640,1.058594
-0.295898,-0.216553,0.785034
-0.034424,0.189453,1.032104
0.306396,-0.462158,0.896240
-0.505615,0.023682,0.783325
0.485840,-0.230835,1.072754
-0.193481,-0.265015,0.814575
-0.121826,0.220215,1.021118
0.336426,-0.437134,0.921021
-0.495728,-0.007690,0.785522
0.455322,-0.206055,1.066772
-0.106812,-0.317017,0.816895
-0.184814,0.252808,1.020386
0.391724,-0.401001,0.940796
-0.502075,-0.034180,0.770264
0.385376,-0.160156,1.053589
-0.017212,-0.419556,0.811768
-0.208008,0.173462,0.971802
0.410889,-0.339355,0.977661
-0.491211,-0.059692,0.757568
0.343018,-0.106689,1.055176
0.059082,-0.440918,0.822021
-0.268433,0.137085,0.924072
0.463989,-0.359863,0.997559
-0.495972,-0.088257,0.745972
0.249878,-0.054321,1.012329
0.113892,-0.464844,0.822266
-0.334595,0.116455,0.868408
0.478149,-0.290161,1.029297
-0.427734,-0.148438,0.758789
0.169434,0.004395,1.015869
0.128540,-0.484375,0.804688
-0.390259,0.087036,0.853760
0.506470,-0.283813,1.044312
-0.382690,-0.145264,0.779907
0.065552,0.102905,1.025269
0.213989,-0.501709,0.836670
-0.451660,0.032593,0.794312
0.511841,-0.288330,1.062378
-0.327026,-0.220337,0.776367
-0.013794,0.175049,1.023926
0.260498,-0.469116,0.858276
-0.458740,-0.010376,0.771118
0.497192,-0.248779,1.065308
-0.259766,-0.234253,0.807373
-0.076538,0.185425,1.017456
0.314453,-0.465332,0.883667
-0.502075,0.030884,0.777710
0.484985,-0.245361,1.069092
-0.181274,-0.271118,0.820190
-0.135864,0.189697,0.995483
0.355835,-0.428955,0.925781
-0.504639,-0.013550,0.761353
0.428955,-0.179810,1.062378
-0.078369,-0.325439,0.834229
-0.164795,0.183472,0.994507
0.371704,-0.377563,0.942139
-0.525269,-0.004028,0.761353
0.389893,-0.181274,1.025391
0.005859,-0.410278,0.826782
-0.216431,0.164185,0.951782
0.404541,-0.338989,0.976562
-0.508423,-0.037476,0.753662
0.328857,-0.128418,1.028931
0.057983,-0.456299,0.832397
-0.283081,0.140869,0.926147
0.445801,-0.340820,0.989624
-0.485229,-0.045898,0.757935
0.265137,-0.048706,1.030151
0.088989,-0.422729,0.842407
-0.327148,0.098755,0.900146
0.476807,-0.352783,1.002441
-0.461182,-0.088135,0.742798
0.195068,0.053101,1.042847
0.102173,-0.392700,0.828857
-0.380493,0.115601,0.881958
0.507080,-0.362549,1.011230
-0.423462,-0.142578,0.753540
0.120850,0.100586,1.027588
0.154663,-0.410767,0.847168
-0.416870,0.089233,0.840454
0.501587,-0.345703,1.025513
-0.389038,-0.199463,0.759155
0.071289,0.109375,1.040894
0.218994,-0.471313,0.843140
-0.462036,0.074463,0.798584
0.484009,-0.272339,1.027832
-0.321289,-0.254272,0.759888
0.009277,0.114746,1.021851
0.279907,-0.492920,0.865967
-0.500244,0.043701,0.755737
0.473877,-0.217773,1.049683
-0.244507,-0.206787,0.800293
-0.064819,0.162720,1.018921
0.344482,-0.502319,0.906616
-0.538330,0.011719,0.759644
0.453003,-0.212158,1.052856
-0.160889,-0.273193,0.796997
-0.146973,0.230347,1.017334
0.371826,-0.439575,0.921875
-0.519043,-0.018433,0.773315
0.405518,-0.167236,1.041382
-0.045044,-0.323853,0.821899
-0.216064,0.240479,1.000122
0.385376,-0.407959,0.934570
-0.504517,-0.070435,0.753296
0.363281,-0.160767,1.027466
0.017090,-0.409668,0.815796
-0.263306,0.206787,0.943359
0.422729,-0.322632,0.972046
-0.492920,-0.076050,0.757080
0.285889,-0.105347,1.029419
0.080566,-0.472534,0.828003
-0.307861,0.136597,0.914185
0.445190,-0.315796,0.994019
-0.472656,-0.076538,0.764282
0.210205,-0.027588,1.030640
0.103516,-0.488647,0.805908
-0.384888,0.095825,0.851807
0.490845,-0.285278,1.026611
-0.411011,-0.114868,0.752075
0.112671,0.110840,1.035645
0.170898,-0.431885,0.842285
-0.446045,0.046387,0.804443
0.512451,-0.328247,1.028198
-0.379272,-0.171631,0.748169
0.040649,0.149536,1.034912
0.224854,-0.443726,0.850098
-0.465698,0.035400,0.776001
0.490967,-0.278320,1.045654
-0.321167,-0.244995,0.758667
-0.011963,0.170654,1.027344
0.265137,-0.422363,0.887207
-0.499878,-0.004028,0.759521
0.479126,-0.308228,1.030029
-0.241577,-0.273193,0.798218
-0.077148,0.212524,1.026367
0.293335,-0.417969,0.895996
-0.516846,0.026367,0.773071
0.463501,-0.268677,1.039307
-0.182373,-0.295776,0.807983
-0.110596,0.193359,1.007935
0.317871,-0.417480,0.901978
-0.526978,0.017700,0.766357
0.450439,-0.239868,1.051147
-0.138428,-0.320557,0.803589
-0.141357,0.188965,0.989868
0.352417,-0.370117,0.934570
-0.525513,0.005005,0.767456
0.414673,-0.217773,1.034912
-0.100586,-0.384155,0.789551
-0.167847,0.175049,0.974731
0.376465,-0.370117,0.941406
-0.529663,0.015869,0.768066
0.391846,-0.201416,1.025146
-0.023804,-0.389038,0.834229
-0.207397,0.139404,0.947021
0.396851,-0.347290,0.953979
-0.519653,0.031250,0.765503
0.361572,-0.134399,1.028931
0.007935,-0.407471,0.818604
-0.239014,0.118042,0.922607
0.426514,-0.359131,0.962769
-0.511719,-0.016968,0.743652
0.293579,-0.083130,1.028076
0.057251,-0.427246,0.826538
-0.278931,0.113403,0.902466
0.452881,-0.361206,0.981201
-0.513550,-0.042725,0.738525
0.251709,-0.043945,1.007812
0.087524,-0.459717,0.813843
-0.330200,0.111328,0.886230
0.450439,-0.320312,0.986450
-0.475708,-0.088135,0.739746
0.213501,-0.013184,1.013794
0.103638,-0.462891,0.815063
-0.389893,0.128174,0.858765
0.477295,-0.335693,0.993652
-0.460938,-0.101929,0.748169
0.161011,0.015137,1.015503
0.127808,-0.481812,0.815918
-0.408813,0.088257,0.818604
0.475586,-0.277588,1.016724
-0.426880,-0.127319,0.746948
0.111694,0.036987,1.021851
0.168945,-0.526001,0.822876
-0.441528,0.061523,0.800903
0.478271,-0.241577,1.021484
-0.381836,-0.162842,0.750122
0.045288,0.111816,1.027954
0.222290,-0.507935,0.834595
-0.462158,0.048462,0.779053
0.483032,-0.270264,1.027222
-0.339722,-0.191528,0.759399
-0.022827,0.165283,1.017578
0.265015,-0.469971,0.860107
-0.498657,0.017700,0.766235
0.478516,-0.277832,1.045044
-0.254028,-0.253052,0.788086
-0.087769,0.216431,1.012695
0.290771,-0.421997,0.891113
-0.529175,0.020264,0.767212
0.459717,-0.284058,1.036499
-0.171631,-0.317627,0.801758
-0.118896,0.193481,0.999268
0.323486,-0.356079,0.910889
-0.540161,0.049683,0.755859
0.433838,-0.256958,1.022339
-0.085083,-0.360352,0.821045
-0.181763,0.154419,0.955322
0.359863,-0.360474,0.942627
-0.527954,0.017944,0.746582
0.384033,-0.149414,1.044556
-0.040283,-0.390137,0.794800
-0.213745,0.162476,0.948486
0.409180,-0.408813,0.934326
-0.523804,-0.046143,0.747437
0.329468,-0.107178,1.011475
0.006958,-0.391479,0.790649
-0.263794,0.151367,0.906006
0.433960,-0.384033,0.968506
-0.506348,-0.118652,0.734375
0.273315,-0.061523,1.022461
0.036133,-0.428223,0.772461
-0.317261,0.148071,0.888916
0.463013,-0.375122,0.977539
-0.493652,-0.110107,0.744873
0.233154,-0.042114,1.012695
0.085449,-0.460815,0.783813
-0.380615,0.156006,0.849854
0.462891,-0.317383,0.987427
-0.457275,-0.101807,0.753174
0.174438,-0.025146,1.002808
0.114014,-0.476440,0.798706
-0.431396,0.124512,0.803467
0.481934,-0.286499,1.005493
-0.423584,-0.140259,0.745850
0.083618,0.075439,1.024048
0.182495,-0.497803,0.833618
-0.466187,0.077759,0.790283
0.481079,-0.268799,1.013794
-0.368286,-0.181152,0.754517
0.014648,0.164185,1.036133
0.236816,-0.438599,0.862671
-0.505127,0.022827,0.759277
0.473633,-0.276367,1.024658
-0.301025,-0.236084,0.767456
-0.041016,0.179932,1.025269
0.279419,-0.450195,0.879150
-0.545410,0.067749,0.747192
0.450195,-0.232544,1.019775
-0.213501,-0.242310,0.798462
-0.107178,0.187988,1.009888
0.314453,-0.465332,0.886230
-0.532593,0.001953,0.745850
0.422974,-0.173828,1.041382
-0.160278,-0.282593,0.784912
-0.135742,0.196899,0.996216
0.352295,-0.406738,0.938721
-0.545288,0.007446,0.756104
0.401123,-0.181763,1.032593
-0.092651,-0.342773,0.798828
-0.178345,0.178589,0.970703
0.386475,-0.375366,0.946411
-0.547974,-0.000732,0.751953
0.357788,-0.159790,1.014282
-0.016479,-0.440918,0.768188
-0.225464,0.152466,0.924683
0.404053,-0.333252,0.957520
-0.538940,-0.031738,0.747803
0.315796,-0.140991,1.002930
0.036987,-0.479492,0.781982
-0.290527,0.145386,0.880005
0.418335,-0.353027,0.939575
-0.491333,-0.052979,0.770996
0.255859,-0.073853,1.014648
0.058838,-0.490723,0.760376
-0.340698,0.136353,0.860596
0.452637,-0.323730,0.968872
-0.480957,-0.055054,0.764282
0.189941,-0.041260,1.004150
0.117920,-0.511719,0.786865
-0.398560,0.102295,0.819702
0.449341,-0.278564,0.986694
-0.434204,-0.101440,0.746094
0.133179,0.040161,1.022827
0.145752,-0.489258,0.805664
-0.458008,0.097046,0.801147
0.459595,-0.283325,0.997070
-0.387207,-0.133423,0.762085
0.047241,0.107178,1.018677
0.217041,-0.470215,0.859009
-0.521362,0.035400,0.756348
0.458984,-0.266724,1.004395
-0.300903,-0.196655,0.776611
-0.054321,0.201294,1.013184
0.273193,-0.429810,0.883911
-0.525635,-0.006226,0.743896
0.437622,-0.246826,1.022461
-0.229980,-0.237915,0.779175
-0.097168,0.203979,0.998169
0.313477,-0.373657,0.913452
-0.555542,0.006226,0.743164
0.417725,-0.214844,1.030518
-0.119751,-0.324951,0.797852
-0.156738,0.197021,0.975220
0.354614,-0.371582,0.927490
-0.536011,0.010864,0.755737
0.380981,-0.165405,1.020752
-0.061768,-0.375000,0.779785
-0.233032,0.168213,0.921509
0.403687,-0.387451,0.938843
-0.516235,-0.058716,0.746216
0.316895,-0.091064,1.008179
0.010376,-0.403320,0.778564
-0.313965,0.142944,0.871460
0.425659,-0.380493,0.950928
-0.492310,-0.089478,0.755981
0.257935,-0.070312,1.011963
0.060791,-0.432007,0.783203
-0.383301,0.154541,0.831543
0.458496,-0.304321,0.991211
-0.458740,-0.145142,0.751099
0.159668,-0.027710,0.993652
0.099487,-0.468994,0.787598
-0.417114,0.116577,0.816650
0.466919,-0.265015,0.999634
-0.411499,-0.120605,0.767334
0.060913,0.079590,1.004395
0.189697,-0.511597,0.831055
-0.485229,0.065308,0.779297
0.472168,-0.247192,1.011841
-0.324707,-0.160767,0.781006
-0.047729,0.182373,1.002441
0.267212,-0.470581,0.870361
-0.521240,0.025391,0.751953
0.443970,-0.216431,1.019531
-0.237183,-0.224731,0.787231
-0.125000,0.197876,0.988770
0.330444,-0.457275,0.900391
-0.550781,0.017822,0.742310
0.407715,-0.166748,1.031250
-0.113892,-0.296753,0.792358
-0.171387,0.188721,0.969238
0.357422,-0.383301,0.934204
-0.562500,0.003174,0.750854
0.366943,-0.157471,1.008789
-0.011353,-0.408081,0.777954
-0.265625,0.186768,0.906006
0.410278,-0.336548,0.949463
-0.531860,-0.040649,0.730469
0.286011,-0.125000,0.987915
0.053955,-0.464966,0.781738
-0.332764,0.124756,0.847656
0.448608,-0.327515,0.966675
-0.511353,-0.026123,0.744263
0.192261,-0.013550,1.007324
0.107788,-0.503662,0.786377
-0.411743,0.131348,0.823730
0.459717,-0.302246,0.987183
-0.431030,-0.091187,0.764648
0.093628,0.092651,1.010498
0.139893,-0.419067,0.824951
-0.478271,0.083618,0.786987
0.476685,-0.306396,1.006348
-0.375488,-0.175293,0.761108
0.007935,0.175781,1.031738
0.214478,-0.420776,0.841064
-0.520264,0.074219,0.759766
0.488403,-0.286621,1.009888
-0.260986,-0.255981,0.783813
-0.092773,0.185913,0.990601
0.265015,-0.420654,0.873291
-0.532104,0.019653,0.744995
0.439453,-0.218140,1.023560
-0.178589,-0.277100,0.773804
-0.137817,0.183594,0.968262
0.314087,-0.344482,0.901855
-0.545776,0.035645,0.755859
0.409790,-0.221802,1.017700
-0.080688,-0.362549,0.802124
-0.194580,0.182617,0.937012
0.355957,-0.312500,0.934326
-0.547485,0.058838,0.755493
0.363892,-0.169678,1.010742
-0.011230,-0.410034,0.793457
-0.262573,0.152710,0.897949
0.414917,-0.347900,0.950562
-0.543091,0.009033,0.751465
0.283081,-0.069580,0.996948
0.034302,-0.454468,0.776123
-0.328857,0.107056,0.848633
0.439087,-0.309937,0.972168
-0.496338,-0.068604,0.734009
0.203125,0.004883,1.008667
0.065552,-0.453857,0.771240
-0.379150,0.094116,0.826416
0.468872,-0.325684,0.976562
-0.478271,-0.084229,0.753662
0.119873,0.067871,0.996094
0.114380,-0.446655,0.796143
-0.438354,0.095459,0.801880
0.449707,-0.265503,0.987793
-0.406982,-0.133789,0.741699
0.057007,0.104858,1.014160
0.191162,-0.468750,0.828857
-0.519531,0.094727,0.756104
0.447388,-0.248047,1.008423
-0.316284,-0.215698,0.755737
-0.033325,0.155518,1.016846
0.251709,-0.469604,0.848022
-0.549805,0.069580,0.749756
0.446777,-0.215942,1.017944
-0.212891,-0.229858,0.797852
-0.133667,0.213013,0.977783
0.310303,-0.408325,0.902344
-0.546021,0.007568,0.750854
0.416504,-0.168579,1.041992
-0.121948,-0.313477,0.779663
-0.181641,0.228638,0.964233
0.357300,-0.366821,0.916382
-0.551758,0.009888,0.755005
0.362671,-0.176025,0.995605
-0.039307,-0.369507,0.795410
-0.221802,0.160522,0.912109
0.380493,-0.318359,0.942505
-0.547363,0.012939,0.756226
0.326416,-0.133179,0.998047
0.009644,-0.433105,0.773438
-0.296143,0.131348,0.861938
0.423584,-0.317261,0.958130
-0.518555,-0.021118,0.744873
0.245972,-0.022583,0.988525
0.025757,-0.420532,0.774414
-0.339478,0.085205,0.835693
0.460083,-0.358521,0.973633
-0.506470,-0.075928,0.731934
0.188232,0.049194,1.001221
0.054565,-0.407104,0.766357
-0.384399,0.138062,0.830933
0.464844,-0.238281,0.989868
-0.369263,-0.161865,0.768066
0.045166,0.109985,1.007935
0.082520,-0.429810,0.781006
-0.552979,0.182617,0.778198
0.442383,-0.178101,1.001221
-0.314331,-0.172729,0.755615
0.002075,0.149658,1.023438
0.203491,-0.434326,0.837891
-0.584717,0.183716,0.778198
0.451904,-0.173706,1.009521
-0.214722,-0.221558,0.792603
-0.114502,0.190308,0.974365
0.247070,-0.408081,0.862915
-0.568848,0.083252,0.754395
0.450806,-0.138306,1.043823
-0.178223,-0.258911,0.756470
-0.174805,0.190063,0.935791
0.322266,-0.408325,0.881714
-0.583008,0.072876,0.740723
0.409790,-0.093262,1.040649
-0.080688,-0.324585,0.769653
-0.235962,0.191528,0.903442
0.351929,-0.355347,0.900024
-0.564941,0.027954,0.733032
0.353149,-0.085449,1.013428
-0.032349,-0.391113,0.751709
-0.305786,0.200073,0.882935
0.387939,-0.315552,0.927002
-0.543701,-0.007202,0.712280
0.239258,-0.024902,0.974976
0.035156,-0.429810,0.766602
-0.387207,0.158325,0.851196
0.423950,-0.283691,0.963135
-0.508545,-0.090820,0.713501
0.146606,0.062622,0.997681
0.055664,-0.381226,0.786743
-0.470093,0.187988,0.827393
0.465088,-0.256714,0.998291
-0.420166,-0.150024,0.752563
0.041138,0.116211,0.998413
0.144775,-0.383545,0.822876
-0.548950,0.159790,0.781250
0.464600,-0.206909,1.008057
-0.272461,-0.213623,0.771118
-0.072876,0.195679,0.990234
0.228638,-0.382568,0.847412
-0.579102,0.084717,0.749146
0.455444,-0.207764,1.021851
-0.174194,-0.293701,0.765991
-0.145752,0.216309,0.960327
0.312744,-0.350586,0.879761
-0.600830,0.142334,0.760986
0.400024,-0.140381,1.016602
-0.080444,-0.355225,0.771606
-0.222412,0.167603,0.906250
0.356689,-0.310791,0.920654
-0.580078,0.064575,0.733276
0.323730,-0.072266,1.005859
-0.026978,-0.447144,0.739624
-0.316406,0.164673,0.876953
0.402832,-0.291870,0.941895
-0.554077,0.038574,0.735352
0.241455,-0.001953,0.986816
0.021851,-0.409302,0.775024
-0.376831,0.136841,0.831055
0.413452,-0.248535,0.968384
-0.499268,-0.017944,0.734619
0.162720,0.080566,1.004761
0.042358,-0.386108,0.789673
-0.459106,0.146606,0.814087
0.461670,-0.275513,0.990845
-0.471436,-0.070068,0.734375
0.098633,0.142944,1.014282
0.099365,-0.384521,0.791748
-0.499512,0.164062,0.821289
0.451294,-0.245117,0.995972
-0.433228,-0.144775,0.729370
0.068604,0.115356,1.009277
0.155151,-0.401123,0.832153
-0.556885,0.172607,0.799194
0.460205,-0.207031,1.010864
-0.346680,-0.151855,0.752808
-0.013428,0.166382,1.002563
0.203491,-0.406738,0.839233
-0.564209,0.142456,0.790283
0.453247,-0.185425,1.020874
-0.260254,-0.206299,0.757446
-0.097778,0.215454,0.968506
0.288696,-0.393677,0.876587
-0.579834,0.108398,0.766724
0.428833,-0.158081,1.023560
-0.194458,-0.270996,0.740601
-0.164917,0.196411,0.939087
0.343140,-0.377686,0.907349
-0.590332,0.094727,0.758667
0.390747,-0.135742,1.019287
-0.115112,-0.348755,0.746704
-0.234009,0.219971,0.916992
0.370117,-0.343750,0.916016
-0.575317,0.078613,0.750732
0.345459,-0.082886,1.022339
-0.067749,-0.378662,0.737793
-0.303345,0.198120,0.876587
0.382446,-0.308838,0.934082
-0.553467,-0.018188,0.729492
0.279907,-0.051025,1.014404
-0.038574,-0.411011,0.742798
-0.360474,0.207031,0.865723
0.423218,-0.296509,0.933228
-0.521973,-0.010254,0.738525
0.197998,0.023682,1.005859
0.017090,-0.420776,0.761963
-0.433105,0.206543,0.835205
0.434204,-0.249756,0.968994
-0.471924,-0.089844,0.732178
0.130981,0.067139,1.024780
0.088745,-0.423950,0.802124
-0.526489,0.220703,0.814331
0.439453,-0.243530,0.967285
-0.388672,-0.129272,0.758423
0.069336,0.098389,1.019897
0.140137,-0.399780,0.826660
-0.577026,0.243896,0.790405
0.443726,-0.204956,0.982300
-0.287109,-0.183105,0.779419
-0.026733,0.137939,1.004150
0.207153,-0.439941,0.842773
-0.592041,0.150879,0.761108
0.433960,-0.159424,1.001709
-0.209961,-0.228394,0.754761
-0.104980,0.223389,0.984619
0.287842,-0.378174,0.887939
-0.604614,0.116699,0.751831
0.419922,-0.196289,0.998901
-0.145630,-0.328857,0.747314
-0.190186,0.192017,0.924316
0.338989,-0.335571,0.904297
-0.584106,0.104370,0.764526
0.370117,-0.092896,1.005005
-0.104736,-0.351440,0.717529
-0.255005,0.147583,0.887207
0.373657,-0.365234,0.924683
-0.579102,0.022461,0.732300
0.317017,-0.076782,0.987061
-0.067383,-0.345947,0.737793
-0.317993,0.206421,0.886353
0.415405,-0.335449,0.952393
-0.567749,-0.029663,0.714966
0.239746,-0.048218,0.975952
-0.043091,-0.359741,0.753296
-0.394897,0.212769,0.869141
0.454834,-0.321045,0.959229
-0.522705,-0.043213,0.727905
0.145508,0.061401,0.987549
0.018677,-0.402954,0.771973
-0.432129,0.177490,0.851074
0.451782,-0.248901,0.983398
-0.482300,-0.034912,0.750488
0.074219,0.093140,0.993774
0.097534,-0.444946,0.801636
-0.499390,0.161987,0.828491
0.440308,-0.198242,1.003296
-0.407471,-0.072021,0.755737
0.018555,0.202271,1.019165
0.168701,-0.419434,0.819946
-0.565918,0.117798,0.791138
0.430298,-0.189697,1.015381
-0.307007,-0.193604,0.738281
-0.052246,0.208618,0.993286
0.236938,-0.370850,0.858887
-0.610474,0.102783,0.761963
0.443359,-0.196655,1.022827
-0.202271,-0.259033,0.746216
-0.134399,0.223511,0.960938
0.284546,-0.335571,0.880371
-0.613770,0.101929,0.749512
0.417358,-0.170166,1.021606
-0.116211,-0.363037,0.752197
-0.210205,0.192139,0.917114
0.322510,-0.305176,0.901367
-0.590332,0.062622,0.731323
0.359253,-0.114624,1.010620
-0.069946,-0.388184,0.731689
-0.305054,0.207275,0.889038
0.389282,-0.305542,0.929199
-0.563354,0.023682,0.719971
0.244263,-0.024536,0.990723
-0.013794,-0.417725,0.766968
-0.406372,0.184692,0.859375
0.430054,-0.302490,0.955200
-0.527466,-0.017944,0.729492
0.127441,0.078247,0.997314
0.044922,-0.383545,0.787231
-0.496460,0.163086,0.830811
0.454224,-0.270752,0.991577
-0.422852,-0.145508,0.732788
0.045288,0.162109,1.020020
0.118408,-0.375488,0.804810
-0.553345,0.183716,0.808960
0.462402,-0.257202,1.004272
-0.317383,-0.230103,0.747437
-0.033325,0.146973,0.983765
0.208130,-0.374634,0.848999
-0.575806,0.179688,0.793335
0.428345,-0.160522,1.004028
-0.238037,-0.246704,0.755493
-0.094238,0.166016,0.978394
0.278198,-0.391357,0.895752
-0.610474,0.106079,0.750854
0.397339,-0.138916,1.023560
-0.145020,-0.343140,0.733887
-0.190186,0.216553,0.948120
0.331421,-0.352295,0.897461
-0.596313,0.082031,0.748169
0.363892,-0.139404,0.996948
-0.097778,-0.372559,0.741455
-0.287598,0.197388,0.895874
0.377197,-0.324341,0.917847
-0.568237,0.056396,0.745605
0.274902,-0.062134,0.994873
-0.041626,-0.423218,0.745117
-0.370361,0.173706,0.862671
0.400513,-0.284424,0.945923
-0.526245,-0.028076,0.717529
0.207397,0.029297,1.008301
0.001465,-0.411621,0.758545
-0.464233,0.188477,0.829956
0.439209,-0.257324,0.984009
-0.477905,-0.072876,0.715454
0.113525,0.099731,1.015503
0.077148,-0.382446,0.801025
-0.537964,0.181885,0.814819
0.446777,-0.236206,1.001221
-0.391113,-0.147949,0.722778
0.006958,0.227295,1.017090
0.165771,-0.387939,0.826660
-0.557983,0.161255,0.817749
0.428345,-0.223999,0.994019
-0.331543,-0.192139,0.729858
-0.036499,0.207397,1.005859
0.220825,-0.375122,0.861816
-0.591797,0.125244,0.771362
0.435791,-0.193115,1.030151
-0.249512,-0.273193,0.721924
-0.095825,0.193115,0.977661
0.260376,-0.350708,0.865845
-0.607788,0.134155,0.776489
0.434448,-0.180786,1.026123
-0.170288,-0.330322,0.743774
-0.195923,0.199463,0.929443
0.330688,-0.357544,0.892212
-0.602173,0.098999,0.751465
0.384155,-0.152954,1.009888
-0.117065,-0.352905,0.735718
-0.254272,0.219849,0.910034
0.357788,-0.317627,0.911499
-0.594116,0.056152,0.735229
0.313721,-0.126099,0.986816
-0.074097,-0.417603,0.741333
-0.333740,0.183105,0.872925
0.397217,-0.299438,0.938232
-0.576172,0.015747,0.710571
0.239014,-0.041504,0.995239
-0.021118,-0.412598,0.769531
-0.403198,0.190430,0.865845
0.405640,-0.279053,0.946777
-0.521973,-0.007568,0.731445
0.154663,0.075562,1.005981
0.038818,-0.378662,0.790405
-0.501221,0.172485,0.834717
0.433960,-0.290405,0.970459
-0.443848,-0.113892,0.718140
0.082642,0.161011,1.020142
0.086914,-0.341553,0.805298
-0.554443,0.174316,0.803711
0.442749,-0.267944,0.976685
-0.352173,-0.187256,0.751831
0.007080,0.159302,1.014160
0.165894,-0.386108,0.830200
-0.587280,0.182861,0.803955
0.429810,-0.198486,1.000732
-0.286377,-0.256104,0.730835
-0.077148,0.174805,0.980225
0.249512,-0.391479,0.871948
-0.605835,0.149658,0.766846
0.411865,-0.169678,1.005615
-0.211914,-0.294678,0.729492
-0.130981,0.160522,0.952759
0.286865,-0.347534,0.899536
-0.618896,0.120239,0.751587
0.399292,-0.163940,0.999146
-0.145386,-0.331177,0.734253
-0.211792,0.173584,0.924438
0.322388,-0.324829,0.913452
-0.607544,0.076416,0.731323
0.361084,-0.142334,1.001831
-0.105103,-0.391235,0.729980
-0.269653,0.184692,0.899048
0.360229,-0.322510,0.903320
-0.598633,0.078491,0.723145
0.304932,-0.110718,0.984009
-0.063843,-0.389526,0.763550
-0.339355,0.180054,0.877319
0.390747,-0.326294,0.921509
-0.580688,0.030884,0.695679
0.250000,-0.018677,1.000122
-0.039673,-0.391968,0.749390
-0.408447,0.208252,0.870972
0.418945,-0.331421,0.941772
-0.559937,-0.029297,0.711426
0.190674,0.027344,1.007080
-0.003784,-0.385254,0.775513
-0.479492,0.208984,0.848022
0.427002,-0.301636,0.960938
-0.496460,-0.111816,0.721558
0.134644,0.052124,1.015625
0.044922,-0.393555,0.797241
-0.525146,0.228149,0.834839
0.441162,-0.258667,0.972168
-0.446655,-0.093018,0.750488
0.069580,0.075928,1.009277
0.110107,-0.408203,0.821899
-0.547485,0.198486,0.809937
0.425171,-0.202026,0.994263
-0.379272,-0.150146,0.739868
-0.018066,0.137085,1.005615
0.199097,-0.428955,0.840698
-0.593750,0.167847,0.788818
0.420532,-0.180542,1.011963
-0.286377,-0.255249,0.723999
-0.096924,0.165283,0.976929
0.259644,-0.416870,0.857666
-0.601074,0.090820,0.760132
0.402832,-0.153320,1.019409
-0.182983,-0.306152,0.719116
-0.196655,0.237793,0.959961
0.340820,-0.356079,0.911011
-0.613525,0.015991,0.725952
0.344727,-0.153931,0.998657
-0.143921,-0.373047,0.707886
-0.262085,0.185669,0.894897
0.371948,-0.330811,0.914551
-0.592896,0.075684,0.738403
0.275146,-0.097168,0.990112
-0.069824,-0.415161,0.732178
-0.352295,0.157104,0.863037
0.382080,-0.285767,0.941406
-0.549805,-0.003174,0.711426
0.188721,0.010254,0.982178
-0.009521,-0.377930,0.779053
-0.461670,0.181030,0.856445
0.421509,-0.288452,0.968628
-0.511841,-0.057251,0.713013
0.096436,0.116699,1.011597
0.076782,-0.366577,0.807373
-0.542358,0.162476,0.833984
0.440796,-0.289062,0.986694
-0.421631,-0.147095,0.720215
0.043945,0.170532,1.026123
0.132080,-0.358521,0.819458
-0.602173,0.191284,0.811157
0.444092,-0.287476,0.986572
-0.318481,-0.274292,0.720215
-0.016846,0.142944,0.994141
0.185791,-0.348877,0.846680
-0.612183,0.165405,0.775146
0.432007,-0.257446,0.990967
-0.259521,-0.330811,0.729614
-0.062500,0.109131,0.963257
0.246094,-0.356812,0.874146
-0.626343,0.199951,0.752686
0.396484,-0.202759,0.988403
-0.198242,-0.387085,0.713135
-0.149780,0.107788,0.939453
0.284912,-0.378784,0.887207
-0.609131,0.142578,0.755859
0.364868,-0.123047,1.008789
-0.180420,-0.320068,0.732788
-0.212158,0.159180,0.937744
0.326294,-0.398071,0.901001
-0.603271,0.073730,0.743042
0.359497,-0.100342,1.025879
-0.165649,-0.331543,0.711304
-0.284058,0.188477,0.912720
0.380615,-0.385986,0.925415
-0.588867,0.002808,0.723633
0.315674,-0.086792,1.009644
-0.131958,-0.363403,0.710571
-0.336792,0.234497,0.898438
0.409668,-0.374756,0.925293
-0.589233,-0.033325,0.707031
0.260986,-0.079346,0.997681
-0.071411,-0.390869,0.739502
-0.402954,0.222168,0.874634
0.403198,-0.313232,0.942383
-0.549561,-0.060059,0.708008
0.187134,-0.014160,0.996582
-0.021973,-0.407593,0.765137
-0.463989,0.209961,0.853638
0.406006,-0.297852,0.949707
-0.505981,-0.092285,0.715088
0.112183,0.051392,1.009521
0.041870,-0.402954,0.806641
-0.511108,0.198364,0.844727
0.415405,-0.257812,0.990845
-0.442261,-0.130127,0.737671
0.043213,0.112549,1.008057
0.123413,-0.404053,0.824219
-0.563721,0.156006,0.813110
0.430298,-0.236938,1.002930
-0.332153,-0.220947,0.718994
-0.027466,0.177856,0.994507
0.183594,-0.353027,0.849487
-0.600952,0.132324,0.781128
0.433594,-0.239258,1.002930
-0.258057,-0.310059,0.718872
-0.103394,0.151123,0.967773
0.261108,-0.370361,0.872437
-0.607422,0.111816,0.746582
0.401123,-0.177124,1.013672
-0.199829,-0.328125,0.733643
-0.178589,0.143188,0.945679
0.296387,-0.373657,0.897095
-0.610107,0.085693,0.741577
0.377686,-0.153320,1.008301
-0.155396,-0.358765,0.720947
-0.276855,0.183594,0.908936
0.346802,-0.361328,0.914673
-0.584351,0.010620,0.724609
0.339844,-0.111572,1.020630
-0.145874,-0.343994,0.726196
-0.342651,0.208496,0.891235
0.396973,-0.381470,0.931885
-0.564453,-0.028931,0.720581
0.278198,-0.061646,1.022461
-0.104370,-0.386841,0.730347
-0.405029,0.215576,0.875488
0.401611,-0.351929,0.932495
-0.539795,-0.052368,0.719482
0.223389,-0.027710,1.031616
-0.046509,-0.387329,0.760376
-0.473511,0.229126,0.849976
0.407959,-0.303955,0.950317
-0.502319,-0.118652,0.715088
0.157471,-0.008667,1.021973
0.007446,-0.406616,0.779419
-0.534912,0.234375,0.834473
0.424927,-0.270752,0.971558
-0.456543,-0.159180,0.727295
0.076172,0.040527,1.030640
0.104980,-0.442261,0.819702
-0.568604,0.226196,0.810913
0.416016,-0.228760,0.975098
-0.369995,-0.164429,0.752319
-0.005371,0.100708,1.012085
0.193848,-0.451416,0.846069
-0.600708,0.155029,0.783203
0.408936,-0.194214,0.992432
-0.276001,-0.250732,0.730225
-0.091675,0.164673,0.991455
0.268799,-0.392700,0.889648
-0.604614,0.097046,0.777222
0.399780,-0.206665,1.014038
-0.222168,-0.330811,0.705200
-0.197021,0.193848,0.955566
0.316162,-0.345337,0.903076
-0.602905,0.057739,0.758179
0.370728,-0.169434,1.018921
-0.167725,-0.386597,0.706055
-0.290649,0.185425,0.904785
0.359131,-0.353638,0.914307
-0.586426,0.012085,0.753662
0.300537,-0.134399,1.009399
-0.096924,-0.408936,0.737427
-0.379272,0.204102,0.870972
0.383545,-0.311157,0.934570
-0.542603,-0.051025,0.725464
0.199097,-0.034424,1.020508
-0.023193,-0.428589,0.774780
-0.470459,0.196777,0.851807
0.415527,-0.280518,0.969482
-0.503052,-0.068481,0.723877
0.088013,0.085571,1.018311
0.102539,-0.417603,0.825806
-0.548340,0.177246,0.838257
0.432617,-0.261475,0.994141
-0.400757,-0.160400,0.720581
-0.010498,0.160767,0.999878
0.181641,-0.401855,0.844604
-0.590942,0.105469,0.792969
0.437012,-0.223389,1.026855
-0.296143,-0.287842,0.707275
-0.082031,0.146851,0.966187
0.225586,-0.381348,0.868042
-0.587769,0.086182,0.766479
0.428467,-0.210815,1.023560
-0.240723,-0.336792,0.710571
-0.165405,0.151001,0.952881
0.287476,-0.380981,0.890015
-0.592041,0.055542,0.749390
0.397339,-0.142090,1.051270
-0.185791,-0.357788,0.718628
-0.257446,0.162598,0.926514
0.340942,-0.390503,0.916748
-0.586914,0.019653,0.738647
0.350830,-0.113525,1.038696
-0.152954,-0.331665,0.730347
-0.327515,0.202637,0.908813
0.395996,-0.388062,0.937256
-0.580444,-0.029785,0.718628
0.297119,-0.084595,1.039307
-0.113892,-0.374268,0.731812
-0.402954,0.223389,0.885010
0.414307,-0.366577,0.946655
-0.546021,-0.075439,0.724487
0.229858,-0.051514,1.024780
-0.042236,-0.399292,0.765015
-0.467529,0.228149,0.856323
0.416504,-0.299805,0.972778
-0.508301,-0.139160,0.705811
0.130737,-0.000977,1.014893
0.044067,-0.408569,0.805298
-0.525879,0.203735,0.841187
0.433716,-0.260620,0.989868
-0.427124,-0.173462,0.722168
0.017700,0.087646,1.015015
0.153687,-0.444458,0.835327
-0.556396,0.129028,0.792358
0.428223,-0.203491,1.018188
-0.311035,-0.223999,0.745483
-0.077515,0.165894,1.001587
0.239746,-0.403442,0.879761
-0.590576,0.049438,0.753662
0.423950,-0.191040,1.033691
-0.222534,-0.304932,0.717041
-0.191406,0.175049,0.961060
0.311646,-0.378906,0.899780
-0.589478,0.031494,0.747437
0.366211,-0.167603,1.026123
-0.156982,-0.359131,0.738159
-0.290161,0.154175,0.912720
0.349854,-0.329834,0.936035
-0.575684,-0.005859,0.718750
0.297485,-0.108154,1.022827
-0.077026,-0.382446,0.771240
-0.389404,0.171265,0.892456
0.382690,-0.301758,0.968262
-0.537964,-0.069458,0.697144
0.188599,0.001587,1.024780
0.010132,-0.399536,0.801880
-0.473267,0.182007,0.871826
0.424072,-0.283203,0.996094
-0.482666,-0.109985,0.716675
0.081909,0.100220,1.020386
0.093872,-0.381714,0.833496
-0.539795,0.129272,0.819458
0.451904,-0.283203,1.006958
-0.381714,-0.209106,0.729248
-0.012207,0.152832,1.017578
0.174438,-0.404053,0.841309
-0.564209,0.089966,0.789429
0.447021,-0.244263,1.028076
-0.283691,-0.308350,0.713623
-0.094604,0.153931,0.979614
0.254517,-0.399902,0.871826
-0.577026,0.065308,0.770508
0.414429,-0.182373,1.042725
-0.237183,-0.318970,0.712158
-0.189209,0.156250,0.960571
0.326660,-0.424927,0.900269
-0.576904,0.020630,0.752197
0.378174,-0.130005,1.049561
-0.181274,-0.307739,0.730347
-0.294189,0.191895,0.932983
0.375366,-0.387329,0.936279
-0.564819,-0.039185,0.737671
0.320923,-0.090942,1.055908
-0.120239,-0.350952,0.752197
-0.377808,0.203979,0.899902
0.407349,-0.362061,0.949585
-0.536255,-0.105713,0.707275
0.234741,-0.051514,1.031250
-0.036011,-0.354858,0.791504
-0.470581,0.219727,0.871948
0.433228,-0.308838,0.996216
-0.484863,-0.148926,0.726929
0.107178,0.030518,1.023926
0.077637,-0.399658,0.824463
-0.511475,0.178711,0.845947
0.439453,-0.248535,1.013428
-0.395508,-0.168945,0.755615
-0.010254,0.089722,1.013306
0.201782,-0.446655,0.857788
-0.549805,0.068726,0.795898
0.434448,-0.191772,1.048584
-0.269165,-0.251099,0.741089
-0.128906,0.152832,0.985474
0.298218,-0.399048,0.897949
-0.566772,0.004639,0.751587
0.394897,-0.163208,1.039551
-0.176392,-0.342041,0.732788
-0.261841,0.194336,0.955933
0.368652,-0.361694,0.932983
-0.566650,-0.035034,0.744263
0.305542,-0.120117,1.035767
-0.103638,-0.365967,0.756226
-0.349487,0.184937,0.908203
0.398193,-0.298096,0.985596
-0.534424,-0.079956,0.726929
0.218994,-0.055420,1.038940
0.007080,-0.416138,0.809692
-0.452393,0.167603,0.867676
0.414673,-0.271729,0.998291
-0.479492,-0.093750,0.722900
0.109375,0.084717,1.041626
0.100220,-0.393677,0.840332
-0.513794,0.125000,0.833618
0.463501,-0.278564,1.014404
-0.385742,-0.187012,0.731934
0.010620,0.157104,1.036743
0.177612,-0.407959,0.848633
-0.546143,0.087524,0.798584
0.445190,-0.257202,1.019165
-0.303345,-0.283569,0.742310
-0.056274,0.133789,0.996948
0.240234,-0.395508,0.870728
-0.559570,0.074341,0.786255
0.444092,-0.228760,1.046387
-0.230469,-0.373535,0.711060
-0.135132,0.131348,0.967407
0.282227,-0.376587,0.882080
-0.564209,0.058594,0.772095
0.426880,-0.218750,1.050781
-0.198608,-0.354492,0.742676
-0.225830,0.146851,0.956909
0.350830,-0.376221,0.930054
-0.567383,0.026855,0.754883
0.364136,-0.142090,1.064209
-0.149658,-0.352539,0.762939
-0.277466,0.140381,0.929321
0.375977,-0.352783,0.963501
-0.558838,-0.021851,0.739014
0.337158,-0.098755,1.063232
-0.110962,-0.338989,0.774658
-0.341797,0.180542,0.923218
0.400391,-0.364746,0.963745
-0.546753,-0.061279,0.731445
0.293213,-0.081665,1.055420
-0.052490,-0.346313,0.792114
-0.408325,0.213135,0.906128
0.432129,-0.318970,0.988647
-0.508789,-0.110718,0.730835
0.218750,-0.050171,1.041870
0.000366,-0.386841,0.808594
-0.442383,0.189697,0.882812
0.449097,-0.274658,1.015625
-0.484375,-0.139771,0.726318
0.129150,0.016968,1.038574
0.093872,-0.431152,0.836670
-0.491577,0.163696,0.860229
0.454102,-0.235840,1.033569
-0.440552,-0.137695,0.753174
0.060547,0.071167,1.029053
0.179443,-0.455200,0.867310
-0.510010,0.096802,0.829834
0.451660,-0.203613,1.055786
-0.356201,-0.189941,0.750854
-0.015991,0.126465,1.023071
0.244141,-0.447754,0.892822
-0.527344,0.052246,0.806396
0.437744,-0.179077,1.057983
-0.269287,-0.281128,0.738159
-0.162231,0.188599,1.043701
0.297119,-0.416748,0.909912
-0.499634,-0.025879,0.810669
0.434570,-0.136108,1.121338
-0.207397,-0.311157,0.740112
-0.247559,0.205933,1.006592
0.466553,-0.327637,1.038086
-0.464600,-0.068726,0.793335
0.365112,-0.055298,1.129517
-0.019653,-0.334717,0.853760
-0.298828,0.161865,0.971680
0.498657,-0.329102,1.057129
-0.443848,-0.101929,0.785522
0.303223,0.008301,1.133057
0.059570,-0.331177,0.871704
-0.355591,0.152710,0.931274
0.522461,-0.322632,1.080566
-0.402710,-0.186890,0.772339
0.229370,0.042725,1.126099
0.137573,-0.387695,0.883301
-0.409058,0.156128,0.904907
0.516235,-0.281616,1.081299
-0.353394,-0.224731,0.793091
0.167114,0.028687,1.097290
0.219727,-0.416748,0.912109
-0.456055,0.136353,0.877197
0.524292,-0.216675,1.101318
-0.288818,-0.247070,0.808594
0.059814,0.111694,1.078369
0.280029,-0.404663,0.945190
-0.451782,0.053345,0.848145
0.523804,-0.192749,1.109009
-0.205322,-0.268921,0.818481
-0.027466,0.133179,1.055786
0.347778,-0.395386,0.964600
-0.456177,0.008301,0.837891
0.499023,-0.142090,1.147461
-0.121948,-0.318237,0.806274
-0.104126,0.171753,1.046021
0.402100,-0.374756,0.989380
-0.488037,-0.035034,0.818604
0.472656,-0.138672,1.150513
-0.074585,-0.306396,0.827759
-0.204590,0.208374,1.022949
0.442871,-0.315918,1.025879
-0.472534,-0.074829,0.802368
0.404175,-0.099976,1.141846
-0.006592,-0.341675,0.867065
-0.290283,0.202515,0.976929
0.505737,-0.294678,1.075562
-0.425781,-0.103882,0.786133
0.300171,-0.018677,1.143555
0.096558,-0.383545,0.882324
-0.356323,0.166748,0.943604
0.532349,-0.271973,1.095459
-0.368530,-0.190063,0.784546
0.199219,0.062256,1.116699
0.206055,-0.395020,0.915649
-0.421021,0.115967,0.890137
0.538696,-0.244873,1.106079
-0.289917,-0.261230,0.802490
0.070068,0.139771,1.102539
0.293701,-0.401611,0.934082
-0.441528,0.043213,0.863037
0.525146,-0.180420,1.133545
-0.147949,-0.326416,0.832397
-0.041016,0.154663,1.075806
0.343384,-0.368042,0.968018
-0.462402,0.003296,0.838379
0.516479,-0.165283,1.166382
-0.081177,-0.336182,0.839111
-0.146118,0.180786,1.033813
0.418091,-0.346436,1.009399
-0.467407,-0.024292,0.820312
0.454834,-0.123047,1.150391
-0.019653,-0.349365,0.852173
-0.227783,0.216309,1.026733
0.470459,-0.291382,1.060791
-0.451660,-0.094116,0.778198
0.369629,-0.062988,1.151489
0.058105,-0.362671,0.897339
-0.295288,0.187134,0.999878
0.514526,-0.282837,1.083130
-0.406982,-0.126709,0.791138
0.262451,0.020020,1.134399
0.149780,-0.404297,0.914307
-0.354858,0.142334,0.940308
0.540039,-0.258057,1.113037
-0.346924,-0.189453,0.812744
0.166016,0.065308,1.096069
0.221191,-0.400024,0.933350
-0.404907,0.106201,0.888916
0.547363,-0.219849,1.137329
-0.271362,-0.253540,0.817139
0.066284,0.146484,1.098389
0.296997,-0.409302,0.956787
-0.422241,0.041138,0.869019
0.545654,-0.193604,1.148682
-0.190186,-0.273193,0.837769
-0.017090,0.172119,1.077881
0.362915,-0.384033,0.980347
-0.440674,0.011597,0.838501
0.521118,-0.144653,1.169678
-0.083008,-0.323730,0.851562
-0.093262,0.171265,1.063599
0.410400,-0.378662,0.996704
-0.452515,-0.051636,0.826538
0.492432,-0.119751,1.169922
-0.032593,-0.321411,0.861572
-0.199463,0.243408,1.043701
0.473511,-0.330566,1.049927
-0.453735,-0.074829,0.813232
0.407104,-0.088623,1.167603
0.019287,-0.350830,0.883545
-0.261108,0.200806,1.012451
0.518555,-0.293701,1.092896
-0.408691,-0.123169,0.808838
0.302856,-0.014526,1.146851
0.118774,-0.386597,0.904419
-0.322266,0.165161,0.958252
0.553101,-0.270020,1.108643
-0.347412,-0.186035,0.818848
0.186401,0.058716,1.114990
0.237183,-0.407959,0.946777
-0.392700,0.123047,0.909180
0.552856,-0.205688,1.133057
-0.265015,-0.241699,0.821411
0.070557,0.117554,1.094727
0.316772,-0.394409,0.963745
-0.424194,0.058838,0.869385
0.547363,-0.175903,1.143311
-0.142212,-0.276611,0.866089
-0.027954,0.166382,1.082520
0.386963,-0.349365,1.011963
-0.464844,-0.014526,0.831665
0.491699,-0.142700,1.159790
-0.027466,-0.344360,0.868896
-0.128418,0.186646,1.069336
0.443115,-0.298584,1.052246
-0.464478,-0.036133,0.824585
0.415405,-0.068726,1.163086
0.029419,-0.346436,0.894287
-0.228638,0.198120,1.042114
0.527710,-0.281372,1.119263
-0.424438,-0.088867,0.805542
0.308472,0.006226,1.146362
0.135620,-0.406494,0.911011
-0.310913,0.127075,0.958130
0.554077,-0.262329,1.132324
-0.326294,-0.172729,0.828247
0.192871,0.114746,1.127930
0.239136,-0.410034,0.943481
-0.392700,0.087769,0.913452
0.573242,-0.252197,1.153198
-0.274170,-0.238281,0.825684
0.088745,0.151733,1.106934
0.316406,-0.369141,0.975708
-0.441406,0.080200,0.874512
0.560425,-0.225220,1.156738
-0.169189,-0.322998,0.852295
0.010498,0.146362,1.078979
0.360840,-0.343994,0.993774
-0.461426,0.060669,0.839233
0.531006,-0.182861,1.157349
-0.056396,-0.380127,0.882324
-0.070435,0.130005,1.075562
0.430908,-0.362793,1.030273
-0.469971,0.031616,0.838135
0.481079,-0.097412,1.173096
-0.014282,-0.347900,0.870850
-0.123291,0.162842,1.061890
0.459351,-0.286255,1.078369
-0.458740,-0.031738,0.817383
0.447998,-0.087524,1.168213
0.029541,-0.372314,0.893555
-0.221191,0.211060,1.041260
0.497314,-0.282104,1.098755
-0.424438,-0.101196,0.808350
0.399048,-0.044678,1.168701
0.084106,-0.359497,0.911743
-0.287720,0.203003,1.003418
0.535156,-0.279175,1.114746
-0.394287,-0.149170,0.806274
0.304077,0.014771,1.157349
0.160889,-0.385742,0.924072
-0.327271,0.148926,0.950195
0.560791,-0.251587,1.135376
-0.345215,-0.191284,0.809204
0.212280,0.066650,1.131226
0.263672,-0.426025,0.956543
-0.385010,0.133179,0.911743
0.552856,-0.200806,1.135864
-0.277954,-0.218140,0.825439
0.111694,0.117188,1.119995
0.334473,-0.439209,0.979980
-0.439087,0.121948,0.896973
0.563354,-0.195435,1.161743
-0.190674,-0.256958,0.861450
0.000244,0.174561,1.090210
0.376465,-0.375000,1.005615
-0.417114,0.023682,0.867798
0.544067,-0.155762,1.173950
-0.077148,-0.309448,0.881348
-0.084351,0.203613,1.081543
0.429565,-0.367676,1.035522
-0.419800,-0.044922,0.843750
0.506104,-0.113037,1.190430
-0.011230,-0.327148,0.886841
-0.151489,0.215698,1.068848
0.468262,-0.305054,1.066284
-0.430664,-0.069946,0.823486
0.434937,-0.077515,1.179932
0.050049,-0.362793,0.911743
-0.221313,0.218018,1.060913
0.511108,-0.277954,1.098389
-0.419556,-0.080444,0.813965
0.345825,-0.010986,1.154175
0.147949,-0.386230,0.930298
-0.287231,0.170410,0.997681
0.564087,-0.262329,1.144653
-0.368164,-0.156982,0.815552
0.219482,0.067627,1.122437
0.240723,-0.421265,0.949219
-0.356323,0.106934,0.925171
0.578003,-0.240845,1.155029
-0.296875,-0.208862,0.821777
0.132568,0.137695,1.109619
0.308838,-0.388672,0.971069
-0.408203,0.073364,0.894287
0.568604,-0.206665,1.169800
-0.192139,-0.306396,0.836792
0.025269,0.198853,1.107788
0.371460,-0.407959,0.973633
-0.444580,0.064087,0.873413
0.545166,-0.182861,1.151855
-0.083008,-0.337646,0.864014
-0.043457,0.204468,1.101807
0.416626,-0.370605,1.025635
-0.458984,0.016479,0.850464
0.533936,-0.143311,1.172974
-0.011475,-0.324585,0.890869
-0.109253,0.222412,1.088745
0.454102,-0.338989,1.050903
-0.437012,-0.062622,0.836182
0.490112,-0.110718,1.184814
-0.005493,-0.332153,0.878784
-0.182495,0.231689,1.071167
0.510254,-0.331543,1.095825
-0.438477,-0.091797,0.813965
0.450317,-0.066040,1.177246
0.045410,-0.311890,0.903564
-0.243164,0.233276,1.029907
0.526611,-0.278076,1.118530
-0.405640,-0.146729,0.817261
0.365723,-0.053833,1.157104
0.111816,-0.361816,0.927246
-0.283203,0.234375,1.017456
0.553833,-0.260498,1.129883
-0.384033,-0.146729,0.807983
0.295044,-0.013916,1.137329
0.188965,-0.403564,0.952271
-0.303467,0.137573,0.952759
0.558838,-0.247803,1.127197
-0.328613,-0.158691,0.832031
0.213745,0.053955,1.119995
0.259277,-0.425537,0.959229
-0.357666,0.095337,0.917847
0.545532,-0.198486,1.137695
-0.280762,-0.202759,0.834839
0.157471,0.100952,1.120361
0.307739,-0.413696,0.980103
-0.415894,0.101685,0.894897
0.562988,-0.189697,1.152466
-0.227173,-0.228149,0.845459
0.048584,0.172363,1.115479
0.366211,-0.424316,1.001465
-0.431274,0.026855,0.858521
0.557617,-0.164673,1.177490
-0.127563,-0.258667,0.880981
-0.045410,0.235840,1.097046
0.411499,-0.374634,1.020264
-0.425781,-0.026611,0.851807
0.522217,-0.148071,1.175781
-0.043945,-0.305298,0.884888
-0.084961,0.218994,1.085449
0.444214,-0.345459,1.039917
-0.437134,-0.053467,0.842407
0.490845,-0.128418,1.175293
0.012939,-0.333374,0.897095
-0.137695,0.259033,1.090698
0.494141,-0.318237,1.066162
-0.448975,-0.058105,0.826904
0.433105,-0.117188,1.160156
0.038208,-0.386230,0.889648
-0.207397,0.205688,1.036987
0.521240,-0.266846,1.114380
-0.406006,-0.080566,0.828735
0.359863,-0.034668,1.156738
0.119873,-0.396240,0.916870
-0.287354,0.176514,0.997681
0.554932,-0.255005,1.135132
-0.363159,-0.145264,0.819702
0.273804,0.037964,1.140503
0.207153,-0.406250,0.944946
-0.334595,0.110352,0.927979
0.562744,-0.240479,1.146362
-0.304321,-0.178223,0.824951
0.151245,0.127319,1.116211
0.307129,-0.463989,0.960083
-0.389893,0.080811,0.893311
0.555176,-0.202515,1.146240
-0.223022,-0.211304,0.855591
0.065430,0.166870,1.094238
0.354736,-0.389038,0.997803
-0.430908,0.047241,0.861572
0.553101,-0.185913,1.176758
-0.134155,-0.278442,0.868164
-0.028320,0.226929,1.092773
0.404419,-0.367310,1.011719
-0.444580,0.003174,0.843994
0.519409,-0.152588,1.168213
-0.015259,-0.336060,0.901123
-0.119141,0.235474,1.079712
0.438965,-0.347656,1.031860
-0.427979,-0.049927,0.842285
0.474487,-0.124878,1.160522
0.039062,-0.358765,0.901978
-0.166260,0.211670,1.061401
0.484497,-0.292480,1.070312
-0.437256,-0.060791,0.814941
0.397217,-0.079956,1.141602
0.095459,-0.386719,0.927002
-0.257446,0.205566,1.024658
0.530518,-0.246704,1.115845
-0.372925,-0.125122,0.820679
0.289795,0.024170,1.135620
0.190186,-0.464844,0.921631
-0.328735,0.130127,0.955566
0.560425,-0.243774,1.137817
-0.330566,-0.162842,0.825439
0.171997,0.096313,1.112793
0.275391,-0.459106,0.946655
-0.385376,0.063843,0.894653
0.569702,-0.213745,1.162354
-0.259399,-0.234009,0.821899
0.067749,0.182739,1.102173
0.359741,-0.435669,0.980347
-0.430298,0.050415,0.861450
0.542114,-0.196289,1.156372
-0.163696,-0.243530,0.865356
-0.010620,0.223267,1.103394
0.397461,-0.376831,0.992065
-0.450073,0.012695,0.842285
0.510132,-0.171387,1.143799
-0.016968,-0.338379,0.891724
-0.096924,0.207520,1.072876
0.437500,-0.333618,1.033936
-0.457031,-0.000732,0.819092
0.448242,-0.128052,1.138306
0.062378,-0.402222,0.914795
-0.183105,0.167114,1.039795
0.506226,-0.312012,1.100830
-0.461792,-0.038452,0.792236
0.357544,-0.012573,1.129517
0.110840,-0.410889,0.897705
-0.252197,0.188965,1.040649
0.524658,-0.292480,1.120239
-0.399292,-0.097290,0.815552
0.289062,0.044678,1.129883
0.161987,-0.416138,0.900146
-0.311035,0.108765,0.954468
0.562622,-0.262085,1.140015
-0.343018,-0.182495,0.805298
0.199097,0.069458,1.102417
0.237061,-0.411865,0.933594
-0.373535,0.085205,0.885254
0.569702,-0.253662,1.140869
-0.270264,-0.239746,0.823853
0.096802,0.109863,1.076782
0.324463,-0.420410,0.955566
-0.419189,0.081665,0.861328
0.548950,-0.207153,1.130005
-0.192871,-0.246948,0.856812
0.000244,0.164795,1.073486
0.396118,-0.411865,0.993896
-0.447388,0.021118,0.832275
0.503418,-0.148804,1.142944
-0.100952,-0.276855,0.871338
-0.088745,0.220459,1.079956
0.444092,-0.375977,1.028198
-0.456421,-0.043823,0.809082
0.449097,-0.102661,1.150269
0.030029,-0.363892,0.883911
-0.166382,0.196655,1.050293
0.504272,-0.351440,1.063354
-0.437012,-0.078003,0.797119
0.359619,-0.043823,1.121460
0.082642,-0.366211,0.901611
-0.245728,0.187134,1.014160
0.526367,-0.276367,1.105591
-0.375000,-0.150391,0.809570
0.268677,0.043457,1.123291
0.170166,-0.396484,0.915283
-0.330933,0.150513,0.943237
0.554077,-0.258911,1.108643
-0.318604,-0.206421,0.813477
0.154419,0.111694,1.099731
0.260864,-0.407715,0.930542
-0.374878,0.067505,0.861084
0.551514,-0.242432,1.109741
-0.251465,-0.233887,0.829224
0.042847,0.130371,1.075928
0.362061,-0.426392,0.975586
-0.455811,0.042480,0.831421
0.514038,-0.183105,1.120117
-0.127930,-0.266968,0.856445
-0.048706,0.201904,1.086182
0.408569,-0.360474,1.012695
-0.479492,0.015503,0.824829
0.478638,-0.169800,1.127319
0.009766,-0.363403,0.880249
-0.143066,0.205322,1.062988
0.459839,-0.322144,1.043091
-0.471680,-0.043091,0.797363
0.384644,-0.078979,1.111328
0.097778,-0.413696,0.891113
-0.207520,0.179321,1.032715
0.490479,-0.277100,1.084839
-0.444336,-0.076904,0.780273
0.296143,-0.010010,1.089722
0.129150,-0.426147,0.893799
-0.290649,0.131348,0.978027
0.551270,-0.291748,1.125000
-0.379272,-0.173340,0.789307
0.194824,0.096802,1.098389
0.181763,-0.402832,0.904907
-0.358276,0.071411,0.917603
0.574463,-0.312744,1.121948
-0.330444,-0.250732,0.803345
0.127686,0.143433,1.095215
0.246216,-0.411255,0.920776
-0.398071,0.074707,0.863037
0.552002,-0.291260,1.102295
-0.270386,-0.246948,0.856812
0.073120,0.100708,1.069458
0.286499,-0.463867,0.920654
-0.420776,0.062256,0.838867
0.540405,-0.208374,1.106201
-0.233276,-0.200562,0.836914
0.029053,0.162964,1.067261
0.325073,-0.466187,0.931641
-0.450928,0.017090,0.820312
0.534912,-0.221313,1.117432
-0.202026,-0.214233,0.858276
-0.028320,0.184448,1.062988
0.366577,-0.460205,0.960938
-0.465332,0.003540,0.816650
0.500610,-0.180908,1.122559
-0.105347,-0.286133,0.860352
-0.077026,0.229004,1.073120
0.378540,-0.367310,0.976318
-0.494141,0.014893,0.814453
0.481567,-0.210083,1.114014
-0.019043,-0.397095,0.870483
-0.098145,0.190308,1.064697
0.400513,-0.342407,0.997314
-0.495361,0.013550,0.790161
0.464111,-0.183594,1.114258
0.031738,-0.394409,0.889404
-0.160400,0.174072,1.047607
0.435425,-0.335083,1.031128
-0.463013,-0.025024,0.797363
0.406372,-0.118408,1.103271
0.043945,-0.385254,0.869385
-0.207764,0.189819,1.026489
0.464233,-0.350586,1.042725
-0.459717,-0.076416,0.784424
0.382080,-0.092651,1.104736
0.080322,-0.379883,0.876587
-0.250854,0.215698,1.003052
0.499023,-0.356934,1.042114
-0.430298,-0.150146,0.796021
0.322876,-0.055786,1.093994
0.083984,-0.372559,0.867554
-0.291870,0.178223,0.949341
0.530396,-0.278198,1.085815
-0.405273,-0.171997,0.768311
0.234741,0.000977,1.072144
0.163696,-0.481567,0.867554
-0.334961,0.126099,0.917480
0.512939,-0.239990,1.094849
-0.380249,-0.178467,0.768677
0.182007,0.045410,1.074341
0.219971,-0.483643,0.895752
-0.387085,0.052124,0.861328
0.536377,-0.247925,1.104492
-0.338379,-0.177856,0.790771
0.092285,0.113525,1.069946
0.266846,-0.476685,0.897095
-0.417236,0.025391,0.840454
0.553467,-0.268433,1.114014
-0.314453,-0.202148,0.801270
0.042725,0.170044,1.066406
0.289185,-0.453979,0.915894
-0.441040,0.025879,0.827393
0.544922,-0.273560,1.108643
-0.272705,-0.257568,0.797607
0.002686,0.179688,1.057373
0.312134,-0.463745,0.902954
-0.448242,0.019897,0.822510
0.520264,-0.237427,1.111084
-0.213257,-0.262817,0.830688
-0.034180,0.196899,1.044434
0.339233,-0.416382,0.932861
-0.483032,0.003662,0.806274
0.504028,-0.276245,1.091309
-0.166382,-0.314209,0.844360
-0.055298,0.186768,1.052246
0.346924,-0.361450,0.957764
-0.490234,0.029663,0.791748
0.483887,-0.220703,1.101074
-0.121094,-0.341431,0.831665
-0.083374,0.174927,1.043579
0.381470,-0.382446,0.967285
-0.517578,0.012451,0.782959
0.458374,-0.204834,1.072021
-0.029785,-0.338013,0.858398
-0.145630,0.219482,1.035767
0.394775,-0.385864,0.968140
-0.483887,-0.067383,0.773071
0.420654,-0.158081,1.092407
-0.002930,-0.369751,0.839844
-0.170166,0.192871,1.014771
0.434326,-0.351685,0.999390
-0.482666,-0.043457,0.786987
0.373901,-0.150757,1.061890
0.061646,-0.472046,0.840454
-0.233887,0.148804,0.962646
0.475952,-0.328857,1.024048
-0.479004,-0.062134,0.753784
0.320312,-0.088013,1.062866
0.103638,-0.473511,0.838867
-0.290771,0.177124,0.967651
0.472046,-0.309204,1.027954
-0.429199,-0.097534,0.791382
0.242188,-0.043579,1.040649
0.124512,-0.475586,0.856079
-0.343750,0.120239,0.902954
0.492432,-0.248535,1.074829
-0.396606,-0.135132,0.766357
0.183472,0.037720,1.069702
0.183350,-0.478882,0.867676
-0.385376,0.070312,0.880493
0.516479,-0.279663,1.071167
-0.376343,-0.142944,0.774414
0.115845,0.117798,1.065918
0.237915,-0.449707,0.890137
-0.423828,0.028564,0.825806
0.511841,-0.293701,1.054199
-0.331787,-0.218140,0.779419
0.068726,0.124756,1.057495
0.272583,-0.454590,0.896606
-0.455200,0.040649,0.806763
0.505005,-0.269043,1.058838
-0.263062,-0.259888,0.798828
-0.014893,0.182495,1.045166
0.332031,-0.449585,0.920288
-0.485596,0.028564,0.784546
0.470459,-0.229248,1.061523
-0.203369,-0.267456,0.805908
-0.067871,0.185303,1.046997
0.354736,-0.403809,0.941895
-0.489868,0.005493,0.790894
0.451660,-0.202637,1.064819
-0.117310,-0.318970,0.815308
-0.131714,0.198608,1.015869
0.398560,-0.381470,0.969727
-0.497314,-0.023071,0.786499
0.422241,-0.176392,1.070923
-0.026855,-0.379272,0.838623
-0.189087,0.175049,0.978149
0.425537,-0.391968,0.969360
-0.494507,-0.049438,0.774414
0.377441,-0.146729,1.054932
0.028198,-0.407227,0.830200
-0.223877,0.164917,0.957153
0.453857,-0.380737,0.990601
-0.482422,-0.073242,0.764282
0.312622,-0.099487,1.035767
0.067871,-0.451416,0.825806
-0.281494,0.111694,0.920166
0.475098,-0.343506,1.008545
-0.458984,-0.084106,0.775024
0.253296,-0.044678,1.026855
0.106934,-0.455933,0.843506
-0.325684,0.113281,0.903198
0.479614,-0.290039,1.036865
-0.445435,-0.131104,0.744141
0.200073,-0.000244,1.034790
0.135498,-0.459717,0.839600
-0.368408,0.085938,0.860107
0.505005,-0.276855,1.049072
-0.413696,-0.137573,0.759155
0.125000,0.052734,1.032959
0.202026,-0.497559,0.853027
-0.414185,0.028931,0.817017
0.517334,-0.273071,1.061523
-0.357788,-0.177124,0.764771
0.040405,0.139160,1.031738
0.261597,-0.444702,0.888428
-0.447998,0.007446,0.798584
0.494873,-0.269043,1.059937
-0.306885,-0.236450,0.777100
-0.008667,0.155396,1.030396
0.288208,-0.463501,0.894043
-0.488647,0.030151,0.784058
0.488281,-0.254761,1.059448
-0.241211,-0.261230,0.794800
-0.062744,0.183472,1.019897
0.332031,-0.416382,0.920288
-0.520508,0.015625,0.780151
0.459229,-0.232422,1.056030
-0.140259,-0.319824,0.809570
-0.117554,0.215698,1.022827
0.354248,-0.372070,0.944824
-0.527466,0.020752,0.777466
0.433716,-0.241577,1.050049
-0.035034,-0.390137,0.847046
-0.160522,0.167114,0.992432
0.376709,-0.337158,0.968750
-0.530640,-0.006958,0.748291
0.385132,-0.183594,1.030518
0.032837,-0.434448,0.845215
-0.217163,0.163818,0.963623
0.408081,-0.346069,0.971558
-0.510986,-0.049561,0.742798
0.325684,-0.122559,1.022461
0.056396,-0.461426,0.822021
-0.245361,0.121826,0.931519
0.438232,-0.308960,0.996338
-0.517334,-0.045410,0.734009
0.289551,-0.092529,1.023315
0.095947,-0.484619,0.816284
-0.317261,0.130737,0.900269
0.456665,-0.328613,0.990845
-0.468750,-0.087158,0.740967
0.233276,-0.013550,1.032715
0.098999,-0.430176,0.824585
-0.343628,0.105713,0.884399
0.472900,-0.335815,1.004395
-0.472290,-0.143433,0.722412
0.189819,-0.009277,1.026367
0.142578,-0.484009,0.822021
-0.401245,0.117310,0.847900
0.485840,-0.275024,1.021973
-0.417603,-0.138916,0.753418
0.107056,0.032959,1.006592
0.200684,-0.529175,0.836182
-0.430298,0.058350,0.809082
0.483643,-0.244019,1.029297
-0.376709,-0.158569,0.744873
0.044312,0.116577,1.034058
0.256104,-0.495972,0.877808
-0.473389,0.035400,0.785034
0.481567,-0.267822,1.025269
-0.325806,-0.175781,0.776245
-0.026367,0.163330,1.009155
0.296753,-0.472900,0.899780
-0.485352,-0.016968,0.754883
0.452637,-0.216675,1.051880
-0.246338,-0.223145,0.788330
-0.207031,0.221924,0.946899
0.360962,-0.357544,0.904541
-0.546143,0.026489,0.775635
0.375854,-0.173584,1.016357
-0.165771,-0.259766,0.818970
-0.268677,0.197876,0.896118
0.376953,-0.324951,0.928589
-0.528320,-0.032959,0.749634
0.321167,-0.138428,1.000488
-0.003174,-0.435669,0.770020
-0.293823,0.162720,0.869141
0.413696,-0.292358,0.943726
-0.523193,-0.030151,0.744629
0.256104,-0.080566,0.987305
0.036377,-0.454956,0.774658
-0.355103,0.148193,0.842651
0.438965,-0.301636,0.950317
-0.483398,-0.047852,0.753662
0.204346,-0.024048,1.001953
0.067627,-0.462524,0.776367
-0.390869,0.135742,0.814819
0.438965,-0.258423,0.972778
-0.466431,-0.059814,0.755737
0.166504,0.009521,1.011841
0.099243,-0.472412,0.784546
-0.453247,0.149902,0.795410
0.452393,-0.246460,0.982422
-0.423706,-0.103394,0.762207
0.101685,0.069580,1.015747
0.129028,-0.458740,0.811157
-0.486450,0.134766,0.797485
0.448120,-0.264404,0.974731
-0.400513,-0.115967,0.765625
0.074097,0.110962,1.038452
0.163696,-0.432495,0.827026
-0.507812,0.118408,0.779175
0.454834,-0.231079,0.999023
-0.362793,-0.160645,0.770630
0.015259,0.120239,1.015259
0.218506,-0.459351,0.849243
-0.546265,0.136597,0.771362
0.445190,-0.212036,0.998779
-0.309570,-0.171387,0.769165
-0.027954,0.161255,1.010864
0.250488,-0.464600,0.862183
-0.560303,0.098999,0.757446
0.438477,-0.204102,0.994141
-0.259888,-0.197144,0.764404
-0.064697,0.210449,1.013184
0.290161,-0.407837,0.884888
-0.567017,0.085693,0.751221
0.422485,-0.208008,0.998779
-0.211914,-0.266479,0.763672
-0.128052,0.202271,0.979858
0.331665,-0.415771,0.904053
-0.571045,0.050293,0.767700
0.393066,-0.145020,1.021606
-0.132935,-0.319458,0.759399
-0.159668,0.201538,0.948120
0.351562,-0.332886,0.924194
-0.576782,0.031372,0.755493
0.390747,-0.180054,1.007324
-0.085205,-0.365234,0.767578
-0.234741,0.198242,0.902588
0.391479,-0.331421,0.928711
-0.546753,0.023804,0.758057
0.341431,-0.110352,1.013794
-0.037109,-0.395264,0.770264
-0.265747,0.141602,0.873047
0.396851,-0.313721,0.947998
-0.548340,-0.026001,0.734009
0.314331,-0.088989,1.002075
-0.006714,-0.406982,0.757202
-0.329346,0.157227,0.849854
0.425049,-0.345581,0.957520
-0.517944,-0.065552,0.739990
0.249512,-0.038330,0.995239
0.020874,-0.417236,0.756104
-0.382812,0.181641,0.835449
0.447388,-0.309814,0.963013
-0.491455,-0.113525,0.731689
0.192993,-0.008911,0.993042
0.057617,-0.417236,0.776611
-0.401245,0.171509,0.828125
0.440063,-0.259766,0.966919
-0.468384,-0.105225,0.744995
0.144287,-0.004639,1.003784
0.082031,-0.499390,0.762573
-0.451538,0.148682,0.791382
0.447632,-0.204956,0.988525
-0.416992,-0.080078,0.760254
0.081787,0.067871,1.003418
0.143555,-0.480713,0.797607
-0.510132,0.109131,0.775635
0.464478,-0.203003,0.997192
-0.373291,-0.084839,0.769409
-0.011475,0.140503,0.998291
0.220825,-0.478394,0.844727
-0.545288,0.074707,0.752808
0.452393,-0.184570,1.017700
-0.287720,-0.179321,0.759033
-0.076782,0.188843,0.987061
0.277344,-0.422241,0.878174
-0.563599,0.080200,0.760742
0.444458,-0.188965,1.026123
-0.182129,-0.258301,0.778076
-0.158447,0.231445,0.961548
0.314331,-0.350098,0.892456
-0.557129,0.059692,0.762695
0.414307,-0.180420,1.018677
-0.098633,-0.335693,0.764404
-0.203979,0.216797,0.932617
0.357544,-0.322632,0.906006
-0.556885,0.025879,0.742676
0.344360,-0.146484,0.999634
-0.028564,-0.431519,0.754883
-0.260742,0.197266,0.898682
0.387817,-0.298462,0.920654
-0.556763,0.021118,0.748291
0.274536,-0.089966,0.976807
0.036743,-0.443115,0.786133
-0.340088,0.116333,0.843628
0.410522,-0.248413,0.955688
-0.520874,-0.021240,0.717773
0.183594,0.040039,0.998291
0.080688,-0.440552,0.783569
-0.432861,0.145996,0.822388
0.438965,-0.267212,0.975464
-0.454102,-0.072510,0.749390
0.090576,0.107300,1.011841
0.125122,-0.425659,0.803223
-0.504517,0.135132,0.802979
0.469238,-0.245605,1.008179
-0.369629,-0.153442,0.739380
-0.014282,0.212402,1.007446
0.220215,-0.399292,0.842041
-0.562500,0.121826,0.763916
0.463257,-0.227661,1.026733
-0.242188,-0.252808,0.764893
-0.081421,0.199341,0.986694
0.257324,-0.375854,0.867065
-0.596802,0.096680,0.739868
0.457397,-0.214111,1.023926
-0.128540,-0.310547,0.784668
-0.166138,0.193115,0.937134
0.302734,-0.347046,0.885254
-0.583130,0.108643,0.754028
0.403931,-0.175171,1.011841
-0.061401,-0.374512,0.786621
-0.235107,0.193481,0.909912
0.359619,-0.309814,0.917114
-0.563843,0.037964,0.730347
0.334351,-0.099609,0.996704
-0.003418,-0.424316,0.775269
-0.297607,0.169434,0.877808
0.394165,-0.305298,0.933594
-0.543213,-0.012329,0.722534
0.242676,-0.023071,0.979370
0.040039,-0.432861,0.762329
-0.370239,0.157471,0.838745
0.433350,-0.299438,0.963013
-0.509521,-0.074829,0.722168
0.152344,0.036743,0.997681
0.065918,-0.389648,0.787964
-0.449707,0.169922,0.826294
0.466553,-0.269653,0.975586
-0.417480,-0.116699,0.764282
0.043579,0.124634,0.997437
0.143555,-0.424194,0.806519
-0.510254,0.107178,0.773682
0.445679,-0.188354,1.015869
-0.306274,-0.165527,0.772217
-0.041504,0.181763,0.998779
0.240967,-0.424072,0.846313
-0.575684,0.099365,0.759521
0.436279,-0.170776,1.021606
-0.163818,-0.259888,0.782471
-0.153687,0.214722,0.956543
0.310913,-0.387329,0.889526
-0.573364,0.037720,0.746460
0.392822,-0.125366,1.036133
-0.081787,-0.362549,0.750244
-0.234619,0.204346,0.903442
0.367798,-0.315186,0.916260
-0.547974,0.021973,0.744873
0.312866,-0.077393,1.006226
-0.033081,-0.403687,0.755249
-0.322998,0.139771,0.847778
0.419678,-0.276245,0.944824
-0.517578,-0.001099,0.732178
0.177368,0.034180,0.996948
0.047485,-0.424683,0.778809
-0.419434,0.136108,0.835083
0.448853,-0.283936,0.980469
-0.488892,-0.063110,0.734253
0.083984,0.118164,1.003906
0.131958,-0.410645,0.801025
-0.521973,0.144897,0.795166
0.461670,-0.240479,1.009155
-0.334473,-0.180664,0.771973
-0.020874,0.179443,0.992554
0.210693,-0.391235,0.834106
-0.574707,0.118286,0.765259
0.457397,-0.232910,1.014160
-0.206177,-0.245850,0.784424
-0.107422,0.211548,0.972290
0.280640,-0.354980,0.888672
-0.591309,0.078857,0.735962
0.423706,-0.160278,1.029175
-0.117920,-0.349121,0.766235
-0.184814,0.197266,0.932007
0.331299,-0.319336,0.906250
-0.579346,0.100464,0.754761
0.370972,-0.124146,1.020142
-0.036865,-0.391968,0.773926
-0.265259,0.176270,0.887939
0.368530,-0.304321,0.919678
-0.553833,0.023804,0.739746
0.302979,-0.068359,0.991821
0.013916,-0.437622,0.762329
-0.360840,0.180786,0.845337
0.416748,-0.274536,0.947266
-0.506836,-0.032104,0.722900
0.190674,0.015259,1.001221
0.062622,-0.437134,0.780029
-0.441772,0.145996,0.826416
0.443359,-0.269409,0.974609
-0.455200,-0.064087,0.746460
0.080322,0.157471,1.011841
0.126709,-0.415649,0.813477
-0.531250,0.124512,0.792114
0.446655,-0.249756,0.991089
-0.345581,-0.169922,0.759399
0.000122,0.181885,1.018311
0.198364,-0.406616,0.838379
-0.593384,0.132690,0.760498
0.467896,-0.201050,1.025635
-0.236572,-0.227783,0.757690
-0.068726,0.201782,0.984619
0.257446,-0.341309,0.881470
-0.620850,0.119507,0.737671
0.436523,-0.227295,1.000000
-0.156616,-0.316895,0.767334
-0.125732,0.189331,0.958252
0.311401,-0.323364,0.887207
-0.612305,0.173218,0.756592
0.397339,-0.166138,0.996094
-0.073242,-0.393433,0.754761
-0.192139,0.148560,0.912842
0.335449,-0.295410,0.911255
-0.577881,0.115723,0.756226
0.355835,-0.107300,0.994385
-0.044556,-0.379028,0.760620
-0.287598,0.148193,0.866333
0.392578,-0.308228,0.949463
-0.564087,0.023193,0.718872
0.282715,-0.058472,0.975464
-0.005127,-0.402344,0.759766
-0.354492,0.168213,0.841187
0.402832,-0.258911,0.963013
-0.521606,-0.041992,0.729126
0.212646,0.008667,0.995728
0.017944,-0.410400,0.772339
-0.389282,0.156006,0.852173
0.442627,-0.270508,0.963379
-0.507202,0.012207,0.752319
0.116333,0.100220,0.990479
0.082397,-0.414429,0.791138
-0.465210,0.135254,0.823853
0.458862,-0.260498,0.980835
-0.442627,-0.059570,0.746094
0.055298,0.179077,1.008179
0.142578,-0.386597,0.815552
-0.544556,0.127808,0.783447
0.460449,-0.237915,1.013428
-0.350708,-0.170288,0.742920
0.010986,0.191528,1.010376
0.195435,-0.339722,0.852051
-0.584106,0.138916,0.764771
0.454834,-0.238159,1.019165
-0.235840,-0.281982,0.753418
-0.079346,0.190552,0.979614
0.263550,-0.340454,0.888306
-0.599121,0.112549,0.762451
0.427124,-0.178589,1.026978
-0.156372,-0.320557,0.759399
-0.169434,0.201416,0.941772
0.329834,-0.338501,0.906616
-0.580322,0.084473,0.760254
0.369019,-0.114380,1.014648
-0.082031,-0.379028,0.756226
-0.236328,0.194214,0.912109
0.363525,-0.316528,0.915649
-0.569092,0.052246,0.741455
0.327515,-0.071289,0.999390
-0.025513,-0.402832,0.750244
-0.338257,0.194824,0.858521
0.397217,-0.324097,0.924561
-0.543823,-0.021973,0.729248
0.255371,-0.025269,1.001953
0.009033,-0.407715,0.757446
-0.419434,0.196289,0.839722
0.427856,-0.287231,0.956787
-0.482910,-0.076782,0.739136
0.143066,0.048828,1.006348
0.067505,-0.396362,0.795410
-0.486816,0.194702,0.819946
0.439819,-0.255371,0.977295
-0.404053,-0.125854,0.756226
0.058228,0.120361,1.015869
0.151001,-0.395142,0.833130
-0.560303,0.161865,0.789795
0.446045,-0.221558,0.993652
-0.304810,-0.201050,0.748169
-0.027954,0.186646,1.000000
0.243164,-0.369263,0.870361
-0.591431,0.150146,0.779785
0.417236,-0.187866,0.994995
-0.197021,-0.289551,0.751953
-0.128296,0.172852,0.940918
0.315308,-0.359619,0.905762
-0.588989,0.125000,0.769165
0.390869,-0.093628,1.028931
-0.125977,-0.346069,0.740234
-0.216797,0.177368,0.913574
0.359863,-0.364990,0.917480
-0.576538,0.077759,0.759644
0.339233,-0.046631,1.023560
-0.069336,-0.366577,0.736938
-0.305908,0.180786,0.873535
0.389160,-0.350952,0.920044
-0.543091,-0.008423,0.744263
0.293701,-0.034302,1.012451
-0.036255,-0.374390,0.734863
-0.392334,0.212158,0.849121
0.432617,-0.322510,0.949097
-0.512573,-0.075073,0.731689
0.203857,0.005371,0.995728
0.006348,-0.378662,0.771484
-0.456909,0.189575,0.817505
0.443604,-0.265381,0.970215
-0.448364,-0.083252,0.750610
0.113647,0.085693,1.015991
0.084229,-0.407104,0.798584
-0.513062,0.180908,0.816528
0.437744,-0.238403,0.983765
-0.399902,-0.127197,0.741211
0.034302,0.153809,0.996948
0.182617,-0.402710,0.848267
-0.569702,0.147705,0.790527
0.433716,-0.187256,1.011475
-0.303833,-0.199219,0.733154
-0.046387,0.193115,1.010864
0.244873,-0.406250,0.860107
-0.584717,0.111206,0.766968
0.433838,-0.162842,1.018311
-0.185059,-0.271606,0.755249
-0.157104,0.202637,0.953125
0.322388,-0.377319,0.898682
-0.586182,0.089600,0.746582
0.382324,-0.114502,1.024292
-0.107910,-0.358154,0.729736
-0.241455,0.193237,0.902588
0.383789,-0.356812,0.923950
-0.574829,0.052979,0.748779
0.311401,-0.073730,0.989868
-0.030396,-0.399048,0.755127
-0.331055,0.184814,0.868896
0.394775,-0.286987,0.939209
-0.560547,-0.014160,0.705078
0.234375,-0.031494,0.981201
0.030396,-0.417358,0.779541
-0.409302,0.190063,0.855713
0.420898,-0.239136,0.963013
-0.507935,-0.049072,0.721924
0.121338,0.063354,0.999756
0.085571,-0.428955,0.795898
-0.484131,0.148315,0.821655
0.434448,-0.184326,0.993286
-0.405884,-0.099731,0.746826
0.031494,0.179443,1.018921
0.180054,-0.420532,0.829102
-0.568726,0.157837,0.789917
0.443726,-0.208252,1.007080
-0.302612,-0.192993,0.751587
-0.066528,0.199219,0.975708
0.250244,-0.359131,0.873779
-0.597656,0.112427,0.762573
0.438477,-0.187378,1.027100
-0.192017,-0.305176,0.741943
-0.159668,0.200439,0.934082
0.316650,-0.341919,0.902588
-0.605591,0.085449,0.739624
0.394897,-0.151245,1.027588
-0.108398,-0.371216,0.742065
-0.219849,0.182739,0.902588
0.347534,-0.309082,0.907593
-0.583252,0.074829,0.739624
0.346558,-0.107300,1.009155
-0.052368,-0.407837,0.745483
-0.310181,0.180298,0.868530
0.384888,-0.282593,0.929565
-0.550781,-0.005005,0.713989
0.257324,-0.071167,0.991211
-0.007568,-0.431885,0.751221
-0.392822,0.179443,0.857178
0.425537,-0.253052,0.961548
-0.509521,-0.018555,0.746704
0.134766,0.082886,1.004639
0.066406,-0.428223,0.781006
-0.466553,0.177734,0.829956
0.432007,-0.215942,0.987305
-0.444702,-0.100586,0.736328
0.054932,0.129395,1.018677
0.126709,-0.423584,0.809692
-0.552490,0.164673,0.804443
0.447510,-0.186401,1.017334
-0.338379,-0.176514,0.732422
-0.014404,0.187500,1.018677
0.213013,-0.384521,0.857788
-0.601929,0.159302,0.775757
0.445923,-0.208618,1.015259
-0.240845,-0.271240,0.726440
-0.097046,0.214478,0.983276
0.268188,-0.358643,0.883179
-0.604126,0.140625,0.760864
0.428955,-0.180664,1.011230
-0.147217,-0.329712,0.750854
-0.184937,0.198853,0.936646
0.322388,-0.338501,0.897217
-0.607910,0.109131,0.746704
0.382080,-0.126343,1.019531
-0.077148,-0.396240,0.750977
-0.241577,0.180664,0.911255
0.347900,-0.303345,0.916138
-0.582153,0.070679,0.731323
0.317505,-0.095337,0.985474
-0.043335,-0.396118,0.755615
-0.320801,0.159668,0.869629
0.396851,-0.280518,0.940308
-0.555908,0.051270,0.719482
0.227051,0.014038,0.982666
-0.001953,-0.386597,0.767578
-0.403564,0.136230,0.839355
0.439331,-0.285400,0.968872
-0.521362,-0.003296,0.727417
0.134033,0.107300,0.991699
0.052124,-0.361572,0.790649
-0.466187,0.160278,0.831299
0.440186,-0.245117,0.988159
-0.442871,-0.091064,0.750854
0.065430,0.164429,1.008423
0.103394,-0.396729,0.793091
-0.524780,0.158203,0.808350
0.452271,-0.229126,1.000854
-0.375122,-0.161011,0.735962
0.010498,0.194458,1.013062
0.168945,-0.380249,0.822998
-0.566772,0.124634,0.793457
0.447754,-0.225952,1.019775
-0.288696,-0.245605,0.743774
-0.051880,0.202148,0.989502
0.228027,-0.360840,0.851685
-0.604980,0.134155,0.756592
0.438110,-0.190552,1.026001
-0.199829,-0.310059,0.740967
-0.121094,0.196777,0.972534
0.289795,-0.351562,0.884766
-0.609985,0.132080,0.764526
0.408569,-0.166016,1.017334
-0.130493,-0.376587,0.748779
-0.194702,0.189453,0.934326
0.315430,-0.309326,0.894775
-0.592773,0.080444,0.748779
0.391479,-0.145386,1.024902
-0.076538,-0.375732,0.756592
-0.269287,0.202515,0.887451
0.358032,-0.293701,0.916504
-0.574707,0.049561,0.723755
0.314209,-0.086426,1.010742
-0.040894,-0.415527,0.740479
-0.333618,0.190063,0.884277
0.404297,-0.321045,0.931396
-0.561768,0.006348,0.716309
0.233398,-0.014526,0.999756
-0.004761,-0.416626,0.754639
-0.407837,0.205933,0.861450
0.425415,-0.277100,0.953857
-0.515869,-0.042114,0.733398
0.129395,0.052246,1.006348
0.068237,-0.441040,0.768433
-0.485352,0.215942,0.845581
0.434204,-0.214722,0.976318
-0.455444,-0.063477,0.741577
0.070435,0.071167,0.997925
0.170166,-0.400391,0.852417
-0.558472,0.169800,0.814819
0.421997,-0.199707,0.986694
-0.337891,-0.184448,0.727661
-0.035156,0.165894,0.987549
0.242188,-0.389526,0.876221
-0.586792,0.135986,0.776489
0.424316,-0.146240,1.016113
-0.231689,-0.236572,0.744751
-0.139160,0.193481,0.957764
0.313965,-0.415894,0.887451
-0.609009,0.100586,0.760620
0.397339,-0.128906,1.020142
-0.131592,-0.331543,0.736694
-0.243286,0.211670,0.912354
0.364380,-0.355957,0.910889
-0.568970,0.045288,0.748657
0.323486,-0.083252,1.001465
-0.083130,-0.371948,0.728027
-0.299683,0.183960,0.877686
0.401733,-0.301636,0.954590
-0.554688,-0.043701,0.710815
0.235107,-0.037720,0.984253
-0.034546,-0.391235,0.743896
-0.393921,0.201172,0.866089
0.420166,-0.268066,0.974243
-0.493408,-0.083618,0.734253
0.128296,0.039429,0.998047
0.041138,-0.407593,0.784668
-0.490967,0.190918,0.831787
0.436768,-0.219971,0.989990
-0.420288,-0.125610,0.750732
0.031372,0.151367,1.009033
0.144409,-0.420288,0.818115
-0.558716,0.180420,0.803223
0.444702,-0.208862,1.009033
-0.323486,-0.183228,0.745972
-0.056030,0.198853,0.987305
0.223145,-0.395386,0.853027
-0.571411,0.112183,0.781860
0.433350,-0.147461,1.027100
-0.221191,-0.257446,0.737915
-0.115234,0.201416,0.971069
0.280518,-0.363281,0.872559
-0.600830,0.090210,0.755859
0.428833,-0.154297,1.039062
-0.152222,-0.331177,0.733032
-0.187866,0.200684,0.934448
0.328735,-0.337280,0.900269
-0.599609,0.085571,0.749756
0.385986,-0.139282,1.015625
-0.105225,-0.375732,0.739990
-0.259399,0.184326,0.891846
0.373901,-0.320923,0.927002
-0.568848,0.067261,0.744019
0.304932,-0.054199,0.999634
-0.066650,-0.386353,0.744019
-0.319946,0.149170,0.865112
0.401001,-0.310181,0.934937
-0.562256,0.045898,0.720337
0.238037,0.005615,0.990967
-0.012695,-0.375488,0.766357
-0.378662,0.145874,0.857788
0.408936,-0.276611,0.958496
-0.537842,-0.003540,0.715698
0.186279,0.056519,0.995361
0.041016,-0.389038,0.790894
-0.452515,0.179810,0.829468
0.418701,-0.248657,0.967773
-0.490967,-0.071899,0.715698
0.131958,0.093994,1.015503
0.076416,-0.413940,0.801392
-0.513550,0.217285,0.836548
0.438599,-0.234619,0.984863
-0.431763,-0.111328,0.739014
0.075073,0.129883,1.018677
0.107178,-0.404053,0.803589
-0.533813,0.195801,0.825562
0.436035,-0.234619,0.977417
-0.366333,-0.175903,0.739746
0.029785,0.155029,1.024658
0.146851,-0.408936,0.809692
-0.570923,0.196045,0.802124
0.456665,-0.210693,1.009644
-0.313721,-0.191162,0.749634
-0.039673,0.189697,1.004395
0.210815,-0.408936,0.835693
-0.593506,0.177490,0.772949
0.448975,-0.193604,1.013794
-0.260254,-0.239868,0.736328
-0.081421,0.212891,0.992676
0.261353,-0.396362,0.859863
-0.594971,0.145020,0.774414
0.445068,-0.190674,1.013428
-0.228516,-0.273926,0.730347
-0.143555,0.220947,0.968262
0.305908,-0.382690,0.888672
-0.596313,0.115112,0.765625
0.413452,-0.140381,1.023804
-0.165161,-0.297241,0.753418
-0.213379,0.200562,0.926270
0.342896,-0.377563,0.906738
-0.597168,0.085083,0.741943
0.384766,-0.121216,1.024292
-0.108643,-0.364868,0.735352
-0.258911,0.220703,0.906128
0.359863,-0.328247,0.910767
-0.566284,0.026123,0.744873
0.335083,-0.091797,1.019531
-0.075928,-0.393921,0.725830
-0.323242,0.213745,0.878784
0.379639,-0.304321,0.920654
-0.554932,0.010986,0.717773
0.289307,-0.061035,1.006226
-0.016357,-0.413330,0.755249
-0.385376,0.198242,0.850098
0.399414,-0.276611,0.934326
-0.536499,-0.026367,0.711792
0.210449,0.015381,1.022827
0.020874,-0.448730,0.763184
-0.438110,0.185669,0.847412
0.432739,-0.248413,0.963135
-0.515869,-0.016724,0.733032
0.106201,0.074829,0.997559
0.106201,-0.434082,0.804077
-0.483398,0.178711,0.835938
0.426270,-0.193604,0.986572
-0.434326,-0.069336,0.754395
0.040649,0.139893,1.013672
0.166504,-0.409790,0.845337
-0.558716,0.150757,0.796143
0.431030,-0.198486,0.993652
-0.328003,-0.155640,0.743774
-0.024902,0.180298,0.994019
0.232788,-0.374146,0.866699
-0.604980,0.152222,0.760010
0.426880,-0.179688,1.004150
-0.215820,-0.287231,0.735962
-0.111084,0.204346,0.984009
0.294067,-0.359863,0.887817
-0.608154,0.135986,0.756104
0.409790,-0.170532,1.015625
-0.128174,-0.370483,0.736450
-0.206421,0.208374,0.932739
0.323486,-0.325684,0.892212
-0.608032,0.090942,0.747681
0.367554,-0.143311,1.003174
-0.078003,-0.398315,0.742432
-0.281250,0.201782,0.898438
0.369385,-0.300659,0.922852
-0.575684,0.028442,0.718628
0.272217,-0.056396,0.983398
-0.039429,-0.409180,0.747803
-0.350098,0.151489,0.863525
0.407593,-0.272339,0.961548
-0.537354,-0.008423,0.718018
0.173218,0.053223,0.994751
0.034058,-0.407837,0.769043
-0.436646,0.171265,0.845093
0.423950,-0.239990,0.973511
-0.484009,-0.057495,0.726807
0.106689,0.097656,0.995361
0.094238,-0.386841,0.813965
-0.521484,0.171387,0.819336
0.442993,-0.218872,1.002441
-0.396362,-0.128052,0.738647
0.023926,0.171143,1.013306
0.166138,-0.405640,0.835205
-0.567505,0.168945,0.804565
0.434692,-0.207153,0.994141
-0.308960,-0.195312,0.745361
-0.040405,0.192017,1.002441
0.223511,-0.382202,0.861572
-0.587769,0.114624,0.783447
0.429688,-0.188721,1.009521
-0.228760,-0.277100,0.727783
-0.118652,0.213501,0.970581
0.370605,-0.370117,0.907959
-0.603394,0.082397,0.754028
0.312134,-0.114502,1.005005
-0.150879,-0.353516,0.734863
-0.325317,0.178345,0.891968
0.378052,-0.348633,0.926270
-0.572510,0.008301,0.723267
0.257080,-0.037109,1.010620
-0.067017,-0.387451,0.744751
-0.421997,0.215210,0.871094
0.396851,-0.307373,0.953003
-0.536011,-0.077759,0.702271
0.177734,-0.010986,1.010132
0.000000,-0.394409,0.783081
-0.506592,0.238770,0.854858
0.423340,-0.273193,0.960571
-0.455933,-0.120728,0.734497
0.078613,0.047363,1.002686
0.083374,-0.412720,0.807007
-0.541504,0.188110,0.818604
0.417236,-0.203613,0.982544
-0.378906,-0.178223,0.730347
-0.017456,0.123047,1.001953
0.202881,-0.452026,0.844238
-0.583130,0.125732,0.791748
0.403564,-0.172852,1.004395
-0.275024,-0.228027,0.726685
-0.120239,0.171387,0.969360
0.287354,-0.414062,0.882935
-0.608276,0.084473,0.755371
0.388062,-0.148560,1.019409
-0.190796,-0.333252,0.707642
-0.227539,0.185547,0.938965
0.336060,-0.358032,0.911499
-0.596924,0.031372,0.735962
0.332642,-0.146240,1.007935
-0.143433,-0.387695,0.712158
-0.310913,0.198975,0.894897
0.376953,-0.346313,0.924683
-0.587402,0.036987,0.715942
0.264282,-0.071045,1.010498
-0.063599,-0.406372,0.751465
-0.392700,0.186279,0.883301
0.395996,-0.308716,0.939331
-0.556519,0.004150,0.702026
0.174194,0.004883,0.984009
0.007812,-0.399414,0.793091
-0.466797,0.161011,0.856689
0.413208,-0.277832,0.972412
-0.495117,-0.067749,0.709229
0.081055,0.135132,1.006592
0.081909,-0.376587,0.811523
-0.523071,0.180420,0.860718
0.422363,-0.262329,0.983154
-0.419678,-0.130127,0.729370
0.027222,0.172363,1.017700
0.131714,-0.371582,0.817139
-0.583374,0.150391,0.796143
0.442383,-0.262329,0.990967
-0.334839,-0.239380,0.725342
-0.042480,0.171143,0.992920
0.195801,-0.380493,0.846558
-0.591431,0.135254,0.789062
0.422607,-0.200684,1.013184
-0.269409,-0.270996,0.722778
-0.090454,0.153320,0.971558
0.239136,-0.386963,0.864868
-0.605103,0.104858,0.769409
0.419067,-0.178467,1.025146
-0.212891,-0.321411,0.712769
-0.182251,0.202637,0.961426
0.306763,-0.376099,0.905396
-0.610107,0.065430,0.736328
0.380127,-0.153809,1.020508
-0.181519,-0.357178,0.693604
-0.251343,0.204956,0.933960
0.361816,-0.377686,0.908813
-0.605347,0.055542,0.734253
0.323975,-0.118042,1.011108
-0.124146,-0.386230,0.724854
-0.317383,0.192139,0.893311
0.380493,-0.321899,0.927979
-0.587891,0.006836,0.703247
0.263062,-0.074951,1.011475
-0.058838,-0.412598,0.745483
-0.405029,0.210571,0.879028
0.390381,-0.285889,0.940796
-0.557617,-0.059448,0.692383
0.178101,-0.024902,0.992188
0.021729,-0.426392,0.780640
-0.487427,0.227295,0.867920
0.416748,-0.261963,0.970703
-0.499146,-0.080200,0.711426
0.081909,0.074341,0.998657
0.114014,-0.399780,0.835938
-0.570679,0.163940,0.814697
0.428223,-0.229370,0.997559
-0.385132,-0.173096,0.728516
-0.011597,0.177979,1.013306
0.177856,-0.382812,0.852661
-0.593140,0.117920,0.783203
0.422363,-0.235474,1.000488
-0.281860,-0.282959,0.716309
-0.082764,0.197632,0.989258
0.240967,-0.372070,0.861450
-0.627075,0.127075,0.762939
0.414795,-0.229614,0.994629
-0.199341,-0.359619,0.716187
-0.157104,0.167480,0.945190
0.279053,-0.343140,0.882446
-0.621460,0.116577,0.739746
0.404663,-0.211548,0.997803
-0.151978,-0.375977,0.725464
-0.249634,0.168091,0.909180
0.328491,-0.335083,0.901978
-0.610962,0.084351,0.734253
0.349731,-0.136353,1.007080
-0.119751,-0.399292,0.731567
-0.305420,0.159668,0.885620
0.343262,-0.311035,0.923950
-0.590698,0.035889,0.709961
0.302612,-0.111694,1.001099
-0.089355,-0.391602,0.744141
-0.374756,0.203003,0.880493
0.396973,-0.311279,0.942749
-0.575684,0.009399,0.710815
0.222290,-0.057861,0.987671
-0.031738,-0.428955,0.757690
-0.418701,0.195435,0.857300
0.401978,-0.279297,0.946899
-0.549438,-0.034668,0.712280
0.165405,0.010620,0.993652
0.017090,-0.422729,0.791016
-0.462158,0.178345,0.847168
0.416626,-0.267578,0.976562
-0.501587,-0.055176,0.725220
0.080200,0.121460,1.010742
0.067383,-0.399048,0.798218
-0.513794,0.145630,0.831421
0.427612,-0.246460,0.994873
-0.409790,-0.119141,0.724365
0.025879,0.194336,1.013306
0.126221,-0.373779,0.814575
-0.579102,0.130859,0.781860
0.453857,-0.266113,1.001221
-0.331421,-0.218750,0.731323
-0.029907,0.203735,0.996094
0.189209,-0.375244,0.822266
-0.607666,0.127808,0.758423
0.431274,-0.244507,1.004028
-0.244019,-0.333374,0.733398
-0.096680,0.172852,0.961914
0.227661,-0.352539,0.845093
-0.621948,0.138062,0.746094
0.422241,-0.216187,1.003906
-0.180420,-0.336304,0.747070
-0.160522,0.143921,0.927734
0.272949,-0.342285,0.879028
-0.623901,0.108765,0.732788
0.409546,-0.186401,1.025146
-0.155640,-0.364868,0.714478
-0.243408,0.198853,0.929932
0.357300,-0.357666,0.906372
-0.620850,0.111816,0.741089
0.329468,-0.152222,0.981689
-0.104370,-0.397217,0.741943
-0.296997,0.156250,0.896118
0.381470,-0.345337,0.930176
-0.601807,0.073853,0.717651
0.266113,-0.040894,0.994141
-0.055298,-0.383057,0.756958
-0.354492,0.165161,0.880615
0.387817,-0.336792,0.931885
-0.564453,0.003418,0.710693
0.241699,0.012817,1.013916
-0.054199,-0.376099,0.749512
-0.411987,0.201660,0.873169
0.410767,-0.329224,0.942871
-0.553467,-0.030762,0.693848
0.194214,0.005371,1.001343
-0.000244,-0.409668,0.770996
-0.479004,0.251953,0.852295
0.422607,-0.300415,0.947998
-0.526978,-0.080322,0.705933
0.148804,0.033081,1.005859
0.048218,-0.390259,0.812012
-0.538452,0.239380,0.835205
0.436035,-0.291504,0.974121
-0.451050,-0.115845,0.727417
0.087769,0.115356,1.033569
0.082642,-0.384155,0.809692
-0.560181,0.194946,0.827026
0.442139,-0.276489,0.978271
-0.395020,-0.146118,0.760132
0.014526,0.130249,1.004761
0.166260,-0.403931,0.834717
-0.579590,0.182129,0.806885
0.427246,-0.219238,0.995239
-0.322144,-0.218628,0.732544
-0.040771,0.165161,0.992065
0.227783,-0.393433,0.852295
-0.600220,0.144287,0.792725
0.409058,-0.188110,1.004150
-0.231567,-0.312378,0.717651
-0.117432,0.182129,0.969116
0.281006,-0.366089,0.895874
-0.609741,0.117554,0.765625
0.379517,-0.151123,1.011841
-0.185059,-0.350830,0.708618
-0.181641,0.167969,0.950195
0.326050,-0.365967,0.898682
-0.608887,0.067261,0.738403
0.344482,-0.128052,1.005249
-0.136353,-0.370605,0.710815
-0.290283,0.210938,0.912109
0.384521,-0.349976,0.922974
-0.587524,0.040894,0.740356
0.277466,-0.064331,1.007935
-0.080322,-0.401245,0.741455
-0.383057,0.188721,0.869385
0.401367,-0.304443,0.945557
-0.541748,-0.013916,0.713867
0.190186,0.023438,0.991089
-0.016724,-0.383057,0.759888
-0.438599,0.196045,0.861938
0.417603,-0.280884,0.964600
-0.524170,-0.078003,0.708252
0.125488,0.070679,1.004639
0.061035,-0.383301,0.808716
-0.518066,0.215088,0.834961
0.417358,-0.255615,0.976074
-0.436279,-0.164673,0.720093
0.083740,0.075439,1.020142
0.112427,-0.389893,0.815796
-0.573120,0.223633,0.816528
0.431274,-0.198486,0.997559
-0.328613,-0.205200,0.750244
-0.028198,0.145630,1.002930
0.194824,-0.413452,0.842896
-0.588379,0.142212,0.777588
0.420898,-0.163696,1.007690
-0.256226,-0.255127,0.729614
-0.135498,0.187744,0.965576
0.277222,-0.410767,0.872803
-0.589722,0.098389,0.764648
0.402588,-0.153442,1.016113
-0.189941,-0.295044,0.737915
-0.214966,0.183228,0.923706
0.337891,-0.369873,0.910400
-0.592896,0.051147,0.736816
0.360352,-0.089478,1.027588
-0.115601,-0.367188,0.717773
-0.301758,0.209351,0.914917
0.360962,-0.370850,0.907837
-0.580200,0.006592,0.717285
0.293091,-0.074097,1.009766
-0.055542,-0.369019,0.747314
-0.398560,0.244019,0.886475
0.406982,-0.303955,0.944824
-0.560181,-0.084961,0.684448
0.159790,-0.003296,0.982788
0.013184,-0.403809,0.789185
-0.464966,0.218506,0.861206
0.425049,-0.253296,0.977905
-0.487061,-0.102051,0.730957
0.052979,0.103027,0.998779
0.113281,-0.416260,0.817261
-0.538208,0.189697,0.828491
0.442017,-0.215088,1.011230
-0.350708,-0.148804,0.762573
-0.026001,0.158569,0.994995
0.172363,-0.397583,0.833130
-0.590332,0.146362,0.760498
0.452881,-0.204712,1.017090
-0.242676,-0.242432,0.744507
-0.105835,0.223755,0.977783
0.247681,-0.355591,0.858643
-0.613037,0.097656,0.740356
0.437134,-0.194580,1.019653
-0.181030,-0.328857,0.738403
-0.160889,0.190063,0.947632
0.301147,-0.340210,0.886353
-0.631714,0.114868,0.733887
0.394165,-0.174316,1.010376
-0.114258,-0.378174,0.755981
-0.232666,0.171021,0.911987
0.326172,-0.316162,0.894409
-0.602661,0.098633,0.725220
0.350708,-0.142822,0.999390
-0.068848,-0.377563,0.757202
-0.298340,0.176880,0.893555
0.367188,-0.319580,0.924316
-0.599976,0.081787,0.718384
0.300415,-0.092896,0.986084
-0.041138,-0.389526,0.763550
-0.351074,0.181030,0.869629
0.382812,-0.283569,0.940063
-0.570679,0.018433,0.696533
0.223267,-0.010132,0.997681
-0.017944,-0.413208,0.764771
-0.395874,0.187500,0.875122
0.405762,-0.270386,0.948853
-0.550659,-0.004272,0.711060
0.156616,0.020874,0.979736
0.035645,-0.391357,0.792725
-0.455200,0.168457,0.850342
0.432739,-0.244751,0.988647
-0.489502,-0.057861,0.722778
0.084473,0.140137,1.018921
0.082275,-0.395630,0.798584
-0.513306,0.164795,0.842896
0.445435,-0.240845,0.999878
-0.422485,-0.092041,0.738159
0.032715,0.208008,1.023193
0.151245,-0.389282,0.826416
-0.570435,0.143311,0.794312
0.451538,-0.217651,1.010620
-0.353638,-0.188477,0.720947
-0.023682,0.216675,1.018433
0.196899,-0.398804,0.831909
-0.587891,0.150391,0.790894
0.447021,-0.219238,1.009399
-0.284180,-0.243896,0.734985
-0.084839,0.204590,0.985229
0.246216,-0.383789,0.861206
-0.601318,0.136841,0.760132
0.422485,-0.175293,1.023560
-0.211548,-0.291260,0.739380
-0.121948,0.208252,0.963623
0.279053,-0.362793,0.873535
-0.617798,0.132690,0.763794
0.408691,-0.187500,1.006714
-0.158569,-0.333374,0.750977
-0.199219,0.189209,0.926270
0.325806,-0.356567,0.899292
-0.607056,0.090942,0.754517
0.378906,-0.133545,1.019043
-0.108521,-0.371704,0.722534
-0.269775,0.207642,0.904419
0.366577,-0.349854,0.912231
-0.586914,0.058594,0.747070
0.327881,-0.094116,1.015747
-0.072876,-0.411499,0.723755
-0.325317,0.208740,0.878784
0.386597,-0.290283,0.932739
-0.563477,0.013062,0.718506
0.256470,-0.060791,0.991455
-0.027466,-0.402710,0.766846
-0.409180,0.186646,0.847656
0.412964,-0.283813,0.951050
-0.531372,-0.004517,0.711914
0.179443,0.044800,1.007080
0.020386,-0.405273,0.763916
-0.469116,0.202515,0.842651
0.437622,-0.266846,0.966064
-0.477539,-0.075928,0.729736
0.104492,0.105225,1.023438
0.074585,-0.399536,0.798096
-0.512817,0.204834,0.832153
0.442017,-0.240601,0.981567
-0.411987,-0.119873,0.746948
0.065063,0.129761,1.018433
0.143677,-0.390381,0.820190
-0.560547,0.186279,0.813965
0.434692,-0.222046,0.984497
-0.335938,-0.156860,0.759888
-0.012573,0.156128,0.997437
0.212158,-0.371460,0.866699
-0.587524,0.136475,0.777466
0.420410,-0.205322,0.994995
-0.256836,-0.262695,0.733398
-0.091431,0.177734,0.962280
0.276001,-0.350220,0.886475
-0.593872,0.146851,0.772339
0.414429,-0.147095,1.019775
-0.187134,-0.333130,0.720825
-0.169067,0.174194,0.935791
0.328003,-0.365479,0.899414
-0.587036,0.113403,0.765625
0.383057,-0.100708,1.024292
-0.133179,-0.340698,0.731323
-0.254761,0.183350,0.893433
0.390381,-0.383789,0.920532
-0.575684,0.064331,0.748413
0.315430,-0.030762,1.020508
-0.086304,-0.385864,0.722534
-0.317505,0.188354,0.873779
0.396851,-0.334229,0.933105
-0.542114,-0.028687,0.730469
0.254883,0.002930,1.006470
-0.041748,-0.371704,0.747803
-0.402344,0.206787,0.861328
0.417603,-0.311890,0.955078
-0.512451,-0.099854,0.707397
0.187012,0.030029,1.013550
0.009888,-0.390381,0.767090
-0.481445,0.230347,0.825317
0.435669,-0.264160,0.970337
-0.429443,-0.126465,0.760620
0.080322,0.085815,1.004395
0.080811,-0.404785,0.797363
-0.526367,0.195312,0.813110
0.445435,-0.202637,0.993896
-0.376099,-0.131348,0.742310
0.007568,0.161133,1.011230
0.178833,-0.426758,0.829956
-0.569458,0.151489,0.790039
0.453125,-0.193726,1.011597
-0.291016,-0.185059,0.751709
-0.085449,0.210205,0.988281
0.259399,-0.414062,0.869141
-0.586670,0.109619,0.765503
0.439331,-0.152100,1.026489
-0.197144,-0.255249,0.750000
-0.158691,0.235596,0.965698
0.319946,-0.384155,0.891113
-0.589600,0.088013,0.748779
0.396118,-0.144531,1.020752
-0.123169,-0.329834,0.742920
-0.216553,0.200073,0.923218
0.348633,-0.341797,0.904785
-0.603149,0.075684,0.745239
0.353394,-0.131348,1.000244
-0.063965,-0.388428,0.750488
-0.286377,0.206787,0.893799
0.370239,-0.304321,0.927124
-0.570801,0.012085,0.725952
0.288330,-0.104370,0.983032
-0.035645,-0.419678,0.747559
-0.349243,0.188354,0.869873
0.416138,-0.274170,0.942139
-0.546021,0.030151,0.734619
0.204590,-0.007202,0.990112
0.023071,-0.423950,0.777588
-0.427368,0.180542,0.846924
0.431030,-0.244263,0.964478
-0.503784,-0.031250,0.735840
0.116577,0.086304,1.003174
0.071533,-0.414062,0.798706
-0.488892,0.162842,0.822876
0.440308,-0.210571,0.985718
-0.416016,-0.097900,0.747925
0.048950,0.161743,1.031006
0.130005,-0.417358,0.821411
-0.541016,0.151245,0.800537
0.447266,-0.205933,1.005127
-0.326294,-0.159180,0.752319
-0.041382,0.243042,1.016968
0.212769,-0.388062,0.844116
-0.573853,0.128662,0.779053
0.453979,-0.221558,1.006470
-0.238037,-0.259399,0.746094
-0.095581,0.216553,0.987427
0.265137,-0.354370,0.872681
-0.604980,0.129028,0.752808
0.440552,-0.206665,1.017700
-0.146973,-0.310669,0.782104
-0.164062,0.209961,0.936157
0.299194,-0.335205,0.879395
-0.600952,0.124756,0.753540
0.413452,-0.173706,1.014160
-0.090454,-0.382446,0.754028
-0.230591,0.194824,0.909912
0.341919,-0.314331,0.901611
-0.581787,0.092407,0.743896
0.353638,-0.137207,0.995972
-0.049316,-0.393799,0.766846
-0.303467,0.172729,0.871704
0.379883,-0.287476,0.925537
-0.567505,0.059814,0.718018
0.297729,-0.064209,0.998413
-0.005493,-0.414551,0.759033
-0.361694,0.188843,0.859131
0.412231,-0.281616,0.935913
-0.533203,-0.011108,0.720703
0.212036,0.012939,0.994507
0.018188,-0.400879,0.774170
-0.405518,0.159668,0.831665
0.435303,-0.258057,0.966675
-0.504639,-0.044800,0.727905
0.145630,0.060669,1.010498
0.075195,-0.428101,0.792236
-0.499023,0.184204,0.817139
0.453613,-0.244263,0.988647
-0.436890,-0.092285,0.754517
0.076660,0.105469,1.009888
0.137817,-0.405151,0.837036
-0.541016,0.187134,0.799683
0.427490,-0.199463,0.989014
-0.363159,-0.150391,0.750977
0.010010,0.155273,1.015015
0.211792,-0.418213,0.860107
-0.582031,0.161987,0.789429
0.432495,-0.169556,1.001709
-0.248779,-0.213379,0.755981
-0.077026,0.205566,0.992432
0.265503,-0.402588,0.876343
-0.585449,0.105225,0.763672
0.423584,-0.168945,1.022583
-0.161499,-0.290283,0.759155
-0.148193,0.219360,0.956421
0.313965,-0.371460,0.884155
-0.590210,0.079346,0.748535
0.408081,-0.152100,1.015381
-0.092041,-0.346191,0.755981
-0.219238,0.223511,0.921143
0.353027,-0.330566,0.907471
-0.576050,0.058228,0.745605
0.360229,-0.109009,1.011108
-0.067993,-0.390137,0.742310
-0.276611,0.190796,0.885498
0.393188,-0.316040,0.926270
-0.567505,0.042114,0.741089
0.288574,-0.082642,0.988159
-0.018188,-0.437500,0.745483
-0.322266,0.162109,0.860474
0.418823,-0.291992,0.942871
-0.541260,0.025269,0.739746
0.226196,-0.025879,0.982056
0.023682,-0.411987,0.767456
-0.399658,0.155151,0.831299
0.428223,-0.264038,0.976440
-0.495605,-0.054932,0.746704
0.145996,0.055664,1.009399
0.077881,-0.405518,0.789551
-0.469971,0.161011,0.818848
0.438354,-0.254395,0.980713
-0.442139,-0.116089,0.742676
0.095215,0.109497,1.017944
0.120117,-0.399658,0.807495
-0.531982,0.147461,0.800049
0.462769,-0.241333,0.999756
-0.348022,-0.141968,0.771118
-0.021118,0.161499,1.001465
0.212891,-0.424316,0.838013
-0.567139,0.130737,0.777710
0.452515,-0.170776,1.009766
-0.256958,-0.186523,0.762573
-0.090576,0.199951,0.977905
0.280151,-0.436035,0.876221
-0.593262,0.081665,0.763062
0.429321,-0.154663,1.018311
-0.160400,-0.265381,0.765625
-0.168457,0.240479,0.961182
0.332886,-0.376343,0.904175
-0.579346,0.052612,0.751831
0.397461,-0.136475,1.025391
-0.090210,-0.346313,0.757935
-0.245483,0.238037,0.918579
0.375366,-0.322144,0.920898
-0.567383,0.024048,0.751831
0.338379,-0.120117,1.004272
-0.041870,-0.417480,0.742310
-0.302490,0.194092,0.878540
0.410522,-0.290161,0.943604
-0.543701,0.016235,0.741699
0.250610,-0.061768,0.982178
0.020142,-0.425049,0.767212
-0.371948,0.143921,0.830933
0.424683,-0.253174,0.971924
-0.494873,-0.031738,0.748169
0.158203,0.048218,0.996582
0.073975,-0.426758,0.786743
-0.453979,0.138184,0.810303
0.454224,-0.236206,0.988159
-0.446899,-0.035278,0.752319
0.093506,0.154175,1.027832
0.126221,-0.400513,0.809814
-0.517822,0.115723,0.779297
0.451904,-0.244995,0.994995
-0.370972,-0.154663,0.744385
0.027832,0.196167,1.030273
0.209229,-0.402954,0.847412
-0.580200,0.132935,0.760010
0.447998,-0.227173,1.016724
-0.265747,-0.241821,0.750854
-0.062622,0.216797,1.004272
0.262085,-0.399292,0.859619
-0.586792,0.117432,0.755371
0.445312,-0.188110,1.021851
-0.181152,-0.276733,0.780273
-0.136719,0.188477,0.951904
0.300415,-0.407349,0.888550
-0.584839,0.079834,0.741699
0.427124,-0.140015,1.035400
-0.115967,-0.307251,0.764038
-0.228760,0.210571,0.926514
0.367432,-0.414185,0.903564
-0.551392,0.046265,0.765991
0.368530,-0.091309,1.018677
-0.065063,-0.336426,0.759033
-0.288940,0.218018,0.889648
0.414917,-0.370483,0.936523
-0.542114,-0.008667,0.746948
0.289673,-0.050781,1.000122
-0.008057,-0.404541,0.756592
-0.338379,0.174683,0.858887
0.425537,-0.324097,0.947266
-0.524780,-0.054688,0.730103
0.217896,-0.021362,0.996216
0.056152,-0.420288,0.780396
-0.425293,0.184570,0.823608
0.445190,-0.270020,0.964355
-0.445068,-0.092651,0.762329
0.107178,0.057373,0.993164
0.101318,-0.444702,0.800903
-0.485352,0.125122,0.792603
0.458374,-0.218750,1.010498
-0.384277,-0.119385,0.755127
0.030029,0.136963,1.005005
0.174683,-0.418701,0.824951
-0.542236,0.091553,0.770020
0.472778,-0.249390,1.019409
-0.264771,-0.242798,0.762817
-0.075684,0.215820,0.997559
0.254028,-0.379028,0.857422
-0.569458,0.079346,0.731812
0.451050,-0.228516,1.018555
-0.174683,-0.282227,0.789307
-0.124512,0.188232,0.967407
0.305054,-0.353027,0.886841
-0.579468,0.103760,0.748901
0.416748,-0.160889,1.021851
-0.095825,-0.326660,0.789917
-0.211914,0.187500,0.928467
0.361938,-0.392212,0.910889
-0.553467,0.052002,0.756836
0.364868,-0.086914,1.029907
-0.053833,-0.373047,0.758545
-0.280029,0.194580,0.894287
0.396851,-0.364624,0.916992
-0.534180,-0.034546,0.741333
0.313110,-0.075562,1.006958
0.011841,-0.418213,0.757812
-0.340820,0.185791,0.842163
0.420044,-0.316284,0.937378
-0.511597,-0.054565,0.756104
0.232300,-0.071777,0.982544
0.052490,-0.448730,0.759277
-0.385254,0.136230,0.807129
0.431274,-0.238892,0.976440
-0.460327,-0.053345,0.759644
0.156006,0.020630,1.011230
0.078735,-0.454834,0.782959
-0.457397,0.108154,0.791870
0.448242,-0.233154,0.999390
-0.418091,-0.128052,0.745239
0.070801,0.119873,1.019897
0.162109,-0.440430,0.822510
-0.535645,0.120483,0.768799
0.458374,-0.240356,0.994995
-0.337158,-0.158203,0.763916
-0.010254,0.189087,1.027954
0.228516,-0.424072,0.856201
-0.571289,0.095581,0.749146
0.445923,-0.231567,1.012085
-0.247559,-0.239746,0.767456
-0.081421,0.219849,1.009033
0.288208,-0.398560,0.885376
-0.574951,0.097290,0.754517
0.432617,-0.186646,1.019287
-0.164062,-0.280273,0.780518
-0.149292,0.183228,0.961548
0.324707,-0.415039,0.891479
-0.560181,0.048584,0.748657
0.394653,-0.133057,1.016113
-0.075439,-0.291626,0.798340
-0.227051,0.184204,0.915527
0.365845,-0.393799,0.925903
-0.539673,-0.007690,0.755981
0.346191,-0.093262,1.016479
-0.024292,-0.382690,0.758667
-0.273804,0.188354,0.896484
0.426636,-0.253174,0.961914
-0.475830,-0.087402,0.745850
0.151978,0.021973,1.000122
0.042603,-0.416504,0.769409
-0.469727,0.185547,0.818726
0.448608,-0.227173,0.994751
-0.402832,-0.143799,0.752197
0.051392,0.122925,1.004517
0.113037,-0.411133,0.802856
-0.538330,0.138306,0.781372
0.476685,-0.246582,1.015259
-0.328491,-0.161255,0.762573
-0.049683,0.214600,0.999878
0.235718,-0.408081,0.842651
-0.574829,0.120972,0.776733
0.437744,-0.193970,1.021851
-0.214722,-0.279297,0.753296
-0.121338,0.200562,0.955566
0.309082,-0.368896,0.892578
-0.593750,0.118774,0.759644
0.403198,-0.138062,1.020630
-0.088867,-0.343994,0.766846
-0.197388,0.179688,0.919312
0.343628,-0.330811,0.906250
-0.585327,0.082153,0.748169
0.355957,-0.120483,0.997437
-0.021851,-0.402710,0.756348
-0.282349,0.186279,0.878906
0.386719,-0.280884,0.934082
-0.541504,0.000488,0.713989
0.255493,-0.045898,0.973022
0.010376,-0.409912,0.759399
-0.352539,0.143311,0.844971
0.420288,-0.258179,0.960449
-0.514282,-0.047852,0.721680
0.174561,0.064209,1.010132
0.047363,-0.418091,0.778931
-0.437622,0.149414,0.817993
0.457397,-0.273804,0.982178
-0.463379,-0.064209,0.747070
0.100220,0.127441,1.019531
0.109985,-0.422729,0.795898
-0.498047,0.127686,0.801636
0.451538,-0.238281,0.992676
-0.410889,-0.118530,0.743042
0.045044,0.161865,1.014404
0.178711,-0.417969,0.834473
-0.560181,0.139893,0.768921
0.454956,-0.227417,0.999512
-0.310791,-0.194824,0.758057
-0.040527,0.193237,1.008789
0.232422,-0.400391,0.861328
-0.578247,0.110962,0.755005
0.447632,-0.217163,1.004028
-0.223755,-0.246338,0.768677
-0.095215,0.220337,0.981079
0.279297,-0.365967,0.885742
-0.580444,0.090698,0.754517
0.419922,-0.190308,1.018677
-0.143188,-0.320435,0.772705
-0.151123,0.180786,0.939697
0.318848,-0.347534,0.899170
-0.569458,0.077271,0.755005
0.394409,-0.120728,1.025635
-0.078247,-0.358032,0.764160
-0.222046,0.180176,0.903076
0.356445,-0.343994,0.910767
-0.565552,0.020752,0.745239
0.352173,-0.108765,1.010010
-0.026978,-0.390015,0.760864
-0.305664,0.200806,0.866821
0.405640,-0.314453,0.940063
-0.534668,-0.027832,0.735107
0.268433,-0.084229,0.983765
0.002319,-0.434814,0.755859
-0.373413,0.169800,0.837769
0.444458,-0.302979,0.960083
-0.480713,-0.061768,0.752686
0.157349,0.046631,1.013550
0.052002,-0.415649,0.778809
-0.443115,0.159912,0.822021
0.471191,-0.288330,0.979370
-0.449951,-0.101196,0.761597
0.065308,0.096802,0.988281
0.143555,-0.424927,0.796143
-0.508545,0.130371,0.792236
0.464966,-0.224854,1.010742
-0.332642,-0.163818,0.769653
-0.037842,0.177124,0.997070
0.241943,-0.442871,0.855347
-0.577026,0.080200,0.746948
0.449219,-0.223389,1.023193
-0.173340,-0.238525,0.805542
-0.117554,0.221802,0.975098
0.302368,-0.360474,0.893555
-0.589844,0.073486,0.744751
0.392578,-0.176880,0.999268
-0.063232,-0.380493,0.784424
-0.199341,0.206543,0.928101
0.363892,-0.305908,0.927979
-0.578247,0.053589,0.737305
0.315308,-0.130127,0.978149
-0.007812,-0.412354,0.773560
-0.262085,0.117920,0.864014
0.408813,-0.276855,0.952393
-0.539185,0.032959,0.745850
0.234741,-0.025513,0.983765
0.046753,-0.427368,0.760864
-0.391602,0.115112,0.812500
0.450195,-0.299927,0.969604
-0.472412,-0.077271,0.751465
0.125244,0.077637,0.993286
0.101807,-0.446289,0.792847
-0.455566,0.138428,0.799561
0.465454,-0.268555,0.986694
-0.437866,-0.106812,0.744263
0.065308,0.101929,0.999878
0.173584,-0.437012,0.825928
-0.515015,0.123047,0.774780
0.459473,-0.247314,0.998657
-0.323975,-0.170410,0.772461
-0.028320,0.194092,1.013672
0.228516,-0.427856,0.844482
-0.552246,0.071167,0.753052
0.458252,-0.232788,1.022583
-0.234497,-0.229126,0.779297
-0.107910,0.221191,0.998535
0.286133,-0.396973,0.877441
-0.576294,0.062988,0.751587
0.437988,-0.212891,1.022095
-0.150757,-0.311279,0.781860
-0.167725,0.205933,0.955688
0.338379,-0.364502,0.910767
-0.580566,0.089722,0.754883
0.387939,-0.166992,1.020996
-0.050171,-0.370850,0.799683
-0.206665,0.166138,0.918335
0.349121,-0.317505,0.914185
-0.561401,0.077026,0.753662
0.377808,-0.137695,1.010254
-0.021606,-0.393066,0.783081
-0.270386,0.149780,0.872559
0.399170,-0.312500,0.960083
-0.546753,-0.020874,0.723877
0.297729,-0.089722,1.003052
0.020874,-0.444946,0.764160
-0.312500,0.160156,0.866699
0.428589,-0.315918,0.951416
-0.536377,-0.073853,0.717651
0.240234,-0.072388,0.997437
0.063599,-0.463745,0.764893
-0.386841,0.172852,0.830688
0.436279,-0.277588,0.967407
-0.476318,-0.098999,0.734985
0.172729,-0.008057,1.008179
0.075806,-0.466553,0.777222
-0.427490,0.108887,0.806885
0.467041,-0.288208,0.989136
-0.445557,-0.086670,0.751099
0.107544,0.078613,1.012817
0.134521,-0.457153,0.815186
-0.469116,0.093506,0.781494
0.464600,-0.268311,0.990723
-0.408203,-0.139160,0.755005
0.051880,0.124390,1.026367
0.193481,-0.461670,0.826660
-0.516602,0.109131,0.769531
0.469116,-0.258667,1.010986
-0.332397,-0.188477,0.758301
-0.031006,0.178589,1.011963
0.253540,-0.470459,0.859375
-0.532959,0.030273,0.748291
0.455078,-0.224487,1.026245
-0.250122,-0.216797,0.773560
-0.111206,0.218262,0.978638
0.294067,-0.412720,0.888062
-0.525635,-0.010498,0.754883
0.429932,-0.217163,1.028076
-0.188843,-0.265503,0.773926
-0.148193,0.213257,0.979248
0.329834,-0.369873,0.907471
-0.547119,0.013672,0.756470
0.403931,-0.198120,1.023804
-0.108154,-0.367310,0.772583
-0.202637,0.218018,0.952881
0.389893,-0.368896,0.935547
-0.540161,0.010010,0.755249
0.349609,-0.148804,1.005859
-0.025024,-0.426392,0.777710
-0.265869,0.139648,0.883789
0.413330,-0.347412,0.944702
-0.512817,-0.064453,0.747070
0.268921,-0.070557,1.000977
0.042725,-0.455811,0.771362
-0.345703,0.150879,0.858276
0.436890,-0.335449,0.968262
-0.484253,-0.080078,0.753784
0.192139,-0.005371,1.015503
0.093262,-0.468628,0.791138
-0.418579,0.117798,0.816772
0.451782,-0.265503,0.998901
-0.425415,-0.134033,0.738281
0.091675,0.094482,1.020874
0.155640,-0.453491,0.809326
-0.481934,0.099365,0.780273
0.480713,-0.280762,1.014038
-0.341064,-0.202148,0.766113
-0.011963,0.133301,1.013184
0.227783,-0.473633,0.838623
-0.527588,0.054321,0.737915
0.472656,-0.237061,1.028931
-0.230713,-0.227783,0.784790
-0.082275,0.187012,1.014648
0.287476,-0.427246,0.880127
-0.544434,0.042725,0.762573
0.430542,-0.211304,1.026367
-0.160645,-0.297241,0.790283
-0.153809,0.177612,0.980347
0.354736,-0.406006,0.933716
-0.546631,0.021118,0.754028
0.386353,-0.140625,1.038940
-0.053101,-0.365967,0.789551
-0.223389,0.167236,0.938721
0.394165,-0.374146,0.938354
-0.535645,-0.025146,0.741089
0.332397,-0.133667,1.000122
0.026245,-0.438843,0.800415
-0.291626,0.150635,0.887695
0.423462,-0.336792,0.953125
-0.508301,-0.031372,0.749878
0.248901,-0.081909,1.003052
0.086304,-0.501099,0.788574
-0.351562,0.104858,0.853271
0.451782,-0.303101,0.980469
-0.469482,-0.060059,0.751099
0.145996,0.045898,1.010254
0.131348,-0.469116,0.817383
-0.426025,0.047852,0.802734
0.463867,-0.273682,1.017578
-0.393677,-0.144409,0.739868
0.052734,0.137817,1.014771
0.184448,-0.403809,0.843506
-0.482910,0.026367,0.765137
0.498047,-0.315796,1.023315
-0.316895,-0.206177,0.771729
-0.020752,0.178711,1.010498
0.238525,-0.400757,0.850586
-0.502441,0.020142,0.743652
0.477417,-0.281128,1.036987
-0.229248,-0.262329,0.804810
-0.087646,0.195312,1.005859
0.297729,-0.403076,0.889893
-0.531616,0.033447,0.760254
0.444702,-0.229614,1.041138
-0.135742,-0.322876,0.810791
-0.141357,0.207275,1.007690
0.341187,-0.399902,0.913086
-0.525391,0.037720,0.763916
0.398682,-0.167969,1.030029
-0.093384,-0.336670,0.810059
-0.187866,0.174927,0.970581
0.389282,-0.424194,0.938599
-0.525146,-0.026978,0.751221
0.352661,-0.105469,1.034180
-0.007812,-0.381958,0.789673
-0.248413,0.173950,0.938477
0.428833,-0.404663,0.954224
-0.517944,-0.107788,0.734375
0.301880,-0.129639,1.017090
0.050293,-0.484497,0.786865
-0.305054,0.150391,0.886841
0.452393,-0.312988,0.992188
-0.480591,-0.097168,0.757935
0.231445,-0.067261,1.022705
0.088623,-0.479980,0.798828
-0.361084,0.112671,0.852661
0.471558,-0.306396,0.994019
-0.451904,-0.118896,0.747192
0.167480,-0.003662,1.015015
0.140015,-0.486450,0.817993
-0.434204,0.108887,0.815186
0.486938,-0.282959,1.029175
-0.376831,-0.161255,0.767456
0.075806,0.102295,1.031372
0.204834,-0.486206,0.837646
-0.469482,0.056030,0.785156
0.475708,-0.272217,1.028564
-0.325806,-0.226318,0.765869
0.026733,0.142456,1.033203
0.260620,-0.475708,0.871704
-0.522217,0.044312,0.758179
0.471680,-0.269531,1.036865
-0.231079,-0.258911,0.798218
-0.057007,0.191772,1.018188
0.289795,-0.407959,0.910400
-0.496948,0.004395,0.775024
0.447266,-0.261719,1.034424
-0.176147,-0.320801,0.803223
-0.118408,0.183594,1.015991
0.355591,-0.428223,0.919800
-0.514038,0.031494,0.778564
0.420410,-0.167603,1.045410
-0.084717,-0.308716,0.829590
-0.154419,0.179321,1.005737
0.387329,-0.416138,0.947021
-0.530151,-0.002808,0.751099
0.394165,-0.160156,1.047852
-0.013428,-0.369385,0.832520
-0.216675,0.196167,0.983276
0.402222,-0.385986,0.967041
-0.497925,-0.084717,0.751221
0.348022,-0.126343,1.038086
0.043091,-0.403809,0.819824
-0.256714,0.194946,0.945679
0.436401,-0.371460,0.977539
-0.478638,-0.116577,0.751343
0.310791,-0.094238,1.054565
0.070801,-0.453125,0.807251
-0.302368,0.160645,0.916626
0.461426,-0.326416,1.002686
-0.444824,-0.099243,0.774414
0.254150,-0.055054,1.033447
0.096558,-0.449341,0.829834
-0.347900,0.125366,0.888916
0.486084,-0.331665,1.019287
-0.439209,-0.152710,0.757446
0.203735,-0.002075,1.042603
0.130615,-0.436035,0.830200
-0.369141,0.104980,0.873901
0.502808,-0.279175,1.050415
-0.423828,-0.185547,0.736816
0.135254,0.026733,1.026855
0.205811,-0.468628,0.856934
-0.399536,0.080688,0.837524
0.502563,-0.275024,1.042847
-0.357910,-0.189087,0.780640
0.052979,0.081787,1.024048
0.265869,-0.470825,0.880005
-0.425415,0.014893,0.795288
0.493896,-0.228638,1.062744
-0.277344,-0.213745,0.800781
-0.026001,0.138672,1.023438
0.315674,-0.493652,0.898315
-0.459717,-0.002441,0.775269
0.466187,-0.178955,1.076782
-0.170654,-0.220093,0.841553
-0.105469,0.184326,1.036987
0.368164,-0.470459,0.928833
-0.505493,-0.019653,0.772095
0.432251,-0.154297,1.076172
-0.061768,-0.305298,0.846191
-0.169922,0.202271,1.011719
0.415405,-0.395264,0.976318
-0.490112,-0.047241,0.769775
0.370361,-0.122925,1.064331
0.028320,-0.421387,0.830444
-0.214844,0.174805,0.984619
0.462036,-0.356201,1.008423
-0.468750,-0.075928,0.764160
0.300659,-0.062378,1.057495
0.093384,-0.448975,0.839600
-0.286987,0.122681,0.932983
-0.364136,0.119629,0.897339
-0.367920,-0.185303,0.782593
0.129517,0.063965,1.050171
0.243042,-0.445068,0.892334
-0.434570,0.062622,0.812256
0.508301,-0.255981,1.071899
-0.277100,-0.261108,0.787964
0.020264,0.118286,1.035645
0.320190,-0.478149,0.919067
-0.468262,0.039429,0.791138
0.503784,-0.201904,1.098389
-0.192383,-0.248291,0.813110
-0.080444,0.177612,1.023804
0.383423,-0.430542,0.957275
-0.480469,-0.015015,0.781250
0.446899,-0.145752,1.100586
-0.059082,-0.332764,0.839966
-0.155518,0.193604,1.018921
0.431885,-0.389404,0.991577
-0.469849,-0.046631,0.773193
0.392334,-0.106689,1.089233
0.061646,-0.413452,0.856079
-0.236572,0.182617,0.986572
0.470459,-0.329468,1.033325
-0.438843,-0.114624,0.771118
0.304199,-0.053833,1.077271
0.101807,-0.448975,0.841309
-0.297241,0.170410,0.959961
0.511963,-0.301270,1.058350
-0.406372,-0.113892,0.796631
0.213379,0.010986,1.063599
0.169678,-0.451538,0.872192
-0.364380,0.088135,0.893555
0.541992,-0.292236,1.087402
-0.357422,-0.190063,0.785400
0.131592,0.072632,1.055542
0.248657,-0.449707,0.908813
-0.398926,0.058716,0.848511
0.505127,-0.222168,1.083618
-0.271118,-0.227417,0.821533
0.057373,0.124268,1.078491
0.315186,-0.480103,0.928467
-0.465820,0.056519,0.805298
0.517212,-0.178711,1.117676
-0.193726,-0.233398,0.836426
-0.050049,0.204712,1.085938
0.384888,-0.452515,0.962891
-0.469849,0.030029,0.812988
0.465576,-0.135986,1.102661
-0.077515,-0.286987,0.868408
-0.121582,0.217896,1.050293
0.427368,-0.402832,1.002319
-0.467407,-0.047852,0.790771
0.425537,-0.117432,1.115967
0.044556,-0.354004,0.878174
-0.198486,0.221313,1.025757
0.457764,-0.325073,1.032349
-0.437012,-0.118530,0.779053
0.365601,-0.084717,1.107178
0.071045,-0.383301,0.864624
-0.254272,0.188965,1.000000
0.514038,-0.293945,1.076294
-0.410400,-0.119507,0.801514
0.253296,-0.012695,1.087524
0.170776,-0.434937,0.884155
-0.328735,0.136475,0.934570
0.561890,-0.274048,1.116333
-0.374268,-0.170776,0.786499
0.127563,0.083618,1.061523
0.272827,-0.467896,0.916382
-0.392700,0.070801,0.861328
0.560181,-0.246094,1.119019
-0.241089,-0.215820,0.851074
0.008057,0.152832,1.035400
0.330200,-0.432129,0.941040
-0.448730,0.020996,0.832764
0.535034,-0.207764,1.134766
-0.117065,-0.287231,0.871094
-0.088623,0.217896,1.055542
0.388916,-0.396851,0.986206
-0.457153,-0.029541,0.813354
0.472290,-0.141357,1.135620
-0.010620,-0.324097,0.891113
-0.140259,0.222656,1.063965
0.440308,-0.357910,1.019897
-0.450928,-0.055420,0.804565
0.412598,-0.086426,1.132812
0.074341,-0.392456,0.886108
-0.207031,0.208374,1.031372
0.500854,-0.303345,1.072876
-0.432129,-0.082764,0.801636
0.337891,-0.028931,1.111816
0.117676,-0.421265,0.902222
-0.282227,0.172363,0.998535
0.531616,-0.263306,1.111572
-0.386719,-0.139771,0.800171
0.236328,0.039062,1.099609
0.184448,-0.446289,0.898560
-0.339355,0.103149,0.935303
0.578125,-0.259766,1.141235
-0.335205,-0.199707,0.805908
0.141357,0.108887,1.088623
0.276367,-0.455811,0.927979
-0.385620,0.057251,0.875610
0.557495,-0.251343,1.130737
-0.240845,-0.236816,0.837769
0.048340,0.158447,1.070068
0.316772,-0.417480,0.947021
-0.423584,0.049805,0.859009
0.562012,-0.243652,1.133911
-0.172485,-0.257202,0.875977
-0.026367,0.205444,1.075073
0.380981,-0.392456,0.988525
-0.447876,0.007812,0.831177
0.519897,-0.172974,1.149170
-0.090820,-0.279297,0.888184
-0.076660,0.210815,1.080200
0.436401,-0.378418,1.016113
-0.438232,-0.019043,0.830200
0.472900,-0.096924,1.160889
0.008179,-0.343872,0.892334
-0.142700,0.197144,1.057739
0.474976,-0.357056,1.047729
-0.442993,-0.069214,0.809326
0.424805,-0.072144,1.154297
0.068481,-0.370361,0.900146
-0.213013,0.227417,1.038818
0.501343,-0.324097,1.064087
-0.406982,-0.090942,0.824097
0.367920,-0.045654,1.138062
0.098877,-0.377930,0.915405
-0.278809,0.197876,1.007202
0.540283,-0.257812,1.115845
-0.380493,-0.124634,0.812256
0.291992,0.020752,1.141968
0.193359,-0.417969,0.927124
-0.332153,0.156372,0.959351
0.558838,-0.264771,1.125000
-0.344360,-0.172485,0.816284
0.194946,0.069458,1.111450
0.268799,-0.436279,0.960327
-0.354370,0.093628,0.909180
0.561523,-0.221313,1.138062
-0.280396,-0.227661,0.821777
0.108521,0.111206,1.089600
0.327759,-0.414795,0.980835
-0.390747,0.081909,0.880859
0.554932,-0.202148,1.149902
-0.201538,-0.256470,0.846802
0.010864,0.160889,1.078735
0.391602,-0.418335,1.004395
-0.422241,0.046997,0.864624
0.519653,-0.123779,1.154541
-0.104370,-0.260376,0.899292
-0.059204,0.184937,1.074951
0.433838,-0.382324,1.031982
-0.428955,-0.003418,0.839722
0.500122,-0.103271,1.163452
0.022339,-0.330322,0.905151
-0.145874,0.211304,1.075195
0.477661,-0.341187,1.066284
-0.429321,-0.054443,0.829346
0.436523,-0.062012,1.166016
0.062256,-0.347168,0.906616
-0.222778,0.234253,1.053589
0.524048,-0.288940,1.101929
-0.395386,-0.116577,0.819458
0.341431,-0.022827,1.151733
0.142212,-0.373535,0.932129
-0.303589,0.194580,0.998413
0.552612,-0.244995,1.130859
-0.325439,-0.181763,0.829956
0.225586,0.051147,1.137085
0.236328,-0.433228,0.948975
-0.363281,0.109009,0.916016
0.569946,-0.222900,1.143433
-0.256470,-0.221191,0.846802
0.101929,0.133911,1.112549
0.331909,-0.412842,0.985962
-0.413208,0.081909,0.882690
0.547974,-0.172119,1.154175
-0.148071,-0.267822,0.880981
-0.018066,0.197388,1.101440
0.420166,-0.395874,1.013306
-0.441406,0.020142,0.855835
0.515747,-0.125244,1.154907
0.001953,-0.308960,0.913086
-0.118774,0.221924,1.085205
0.460327,-0.321411,1.056274
-0.436646,-0.044800,0.831299
0.442139,-0.077881,1.169312
0.035156,-0.341553,0.907715
-0.194336,0.203247,1.064331
0.513672,-0.283813,1.108765
-0.413818,-0.085083,0.815796
0.347412,-0.009888,1.148560
0.121826,-0.406250,0.913330
-0.260986,0.160767,1.010864
0.551392,-0.251465,1.138062
-0.364380,-0.139404,0.819702
0.240845,0.061523,1.130005
0.221680,-0.406860,0.942993
-0.339111,0.072021,0.917847
0.581665,-0.261963,1.158203
-0.315186,-0.212646,0.828125
0.137573,0.132324,1.107910
0.300659,-0.409546,0.967041
-0.390015,0.074951,0.896729
0.573242,-0.220947,1.155518
-0.217651,-0.258057,0.856934
0.046997,0.155884,1.093018
0.361816,-0.398071,0.988770
-0.428589,0.056274,0.866333
0.547729,-0.180298,1.170166
-0.128784,-0.281494,0.879883
-0.002441,0.182861,1.103760
0.387085,-0.354980,1.002930
-0.457764,0.031250,0.848877
0.530396,-0.190796,1.163818
-0.028198,-0.385620,0.881348
-0.087524,0.200317,1.087524
0.434814,-0.346558,1.033081
-0.451172,0.006836,0.847656
0.478271,-0.115967,1.165771
-0.009155,-0.387451,0.878906
-0.130615,0.166260,1.079956
0.475220,-0.319824,1.067139
-0.461426,-0.006104,0.820557
0.444092,-0.053345,1.166504
0.035645,-0.348877,0.891602
-0.223267,0.213623,1.048096
0.519531,-0.319458,1.101196
-0.423950,-0.091064,0.818359
0.383179,-0.024048,1.167969
0.077148,-0.335938,0.913696
-0.274658,0.208496,1.020508
0.552979,-0.279785,1.126709
-0.379517,-0.134521,0.822021
0.295532,0.001831,1.147095
0.157593,-0.377930,0.929932
-0.315552,0.155762,0.952515
0.558350,-0.233521,1.136108
-0.337769,-0.187134,0.819092
0.208496,0.050415,1.129883
0.233765,-0.429932,0.948486
-0.381348,0.127808,0.918335
0.568359,-0.222412,1.141846
-0.263184,-0.211670,0.835571
0.086426,0.150024,1.110596
0.315674,-0.422852,0.971924
-0.407471,0.050293,0.883789
0.554199,-0.193115,1.157227
-0.197144,-0.254639,0.838623
0.007446,0.195801,1.104858
0.376953,-0.371582,0.992188
-0.431641,0.003296,0.854980
0.526245,-0.162476,1.163940
-0.067993,-0.355347,0.858154
-0.079956,0.185059,1.078125
0.422119,-0.341553,1.010376
-0.460449,-0.011353,0.834961
0.487671,-0.128052,1.172729
-0.009521,-0.347534,0.893555
-0.188599,0.194092,1.042969
0.469482,-0.309448,1.065186
-0.453125,-0.047485,0.805664
0.410889,-0.055298,1.162964
0.052979,-0.339844,0.908447
-0.272583,0.207275,1.020508
0.516479,-0.281372,1.101318
-0.416260,-0.143555,0.800659
0.319336,-0.035400,1.141235
0.128052,-0.379272,0.904419
-0.323975,0.180420,0.952637
0.560059,-0.262329,1.122192
-0.347290,-0.178711,0.808838
0.195435,0.050293,1.115234
0.216553,-0.404175,0.929932
-0.379639,0.086182,0.909912
0.560669,-0.205566,1.150513
-0.305786,-0.227051,0.801270
0.085083,0.120483,1.097900
0.305420,-0.407471,0.956909
-0.422852,0.064209,0.880493
0.547852,-0.196045,1.146973
-0.188965,-0.257202,0.843140
-0.016479,0.161987,1.077637
0.358765,-0.374634,0.976685
-0.450562,0.003906,0.835815
0.526733,-0.178345,1.155151
-0.080811,-0.327759,0.849487
-0.108032,0.195435,1.064941
0.410522,-0.347412,0.995605
-0.466309,-0.014282,0.812134
0.476440,-0.148438,1.157715
-0.034424,-0.350464,0.859375
-0.202026,0.215210,1.045898
0.456055,-0.306519,1.046875
-0.465454,-0.058594,0.803955
0.395142,-0.074097,1.149658
0.033203,-0.356812,0.885742
-0.273682,0.185791,0.993408
0.500732,-0.258667,1.087280
-0.435059,-0.096680,0.780396
0.290771,-0.031128,1.129395
0.126099,-0.399048,0.897827
-0.386230,0.072632,0.895508
0.557739,-0.170410,1.155518
-0.367065,-0.156616,0.791870
0.043579,0.173950,1.096436
0.376831,-0.390015,1.003662
-0.409058,0.012573,0.870361
0.538574,-0.158569,1.169678
-0.118286,-0.275513,0.880737
-0.056763,0.220459,1.089355
0.436035,-0.371948,1.024292
-0.439575,-0.012695,0.847290
0.502441,-0.130493,1.185425
0.008423,-0.358765,0.889038
-0.147583,0.215454,1.065063
0.456421,-0.315430,1.057495
-0.438843,-0.073853,0.817627
0.455811,-0.105225,1.174316
0.043823,-0.354126,0.906494
-0.228516,0.249023,1.042480
0.501709,-0.263672,1.087280
-0.417480,-0.087891,0.800171
0.356689,-0.029785,1.172729
0.130127,-0.406738,0.926270
-0.297119,0.183594,0.995117
0.556396,-0.249878,1.123047
-0.364624,-0.145386,0.809570
0.234863,0.051147,1.143066
0.236450,-0.432983,0.944214
-0.352783,0.124390,0.927246
-0.291138,-0.202637,0.839111
0.123901,0.113770,1.111572
-0.411499,0.088745,0.899780
0.551880,-0.187622,1.154541
-0.211182,-0.236938,0.846313
0.024170,0.188110,1.097534
0.371704,-0.387939,0.989380
-0.429321,0.017212,0.867676
0.538818,-0.184204,1.163574
-0.116211,-0.294312,0.866089
-0.065430,0.207275,1.091309
0.422119,-0.362183,1.022217
-0.433105,-0.049316,0.842896
0.495850,-0.125488,1.176758
-0.048462,-0.338379,0.851440
-0.144897,0.216797,1.067505
0.458496,-0.326904,1.037842
-0.450317,-0.060425,0.819580
0.440308,-0.086304,1.179443
0.013306,-0.351440,0.879639
-0.231934,0.230347,1.030396
0.505737,-0.286011,1.086914
-0.443604,-0.088013,0.808960
0.360229,-0.062012,1.152344
0.097290,-0.363892,0.909302
-0.304321,0.201172,0.980591
0.540039,-0.262695,1.104248
-0.389160,-0.164185,0.780396
0.255371,0.002808,1.128052
0.180664,-0.405884,0.932251
-0.369263,0.154663,0.930420
0.546143,-0.236694,1.120117
-0.326782,-0.208496,0.818970
0.155029,0.061523,1.109985
0.256226,-0.407959,0.956177
-0.422974,0.092041,0.884155
0.548828,-0.189453,1.145020
-0.259521,-0.250977,0.822754
0.055298,0.139038,1.097046
0.317017,-0.396606,0.975952
-0.448730,0.027344,0.845947
0.545288,-0.189209,1.151245
-0.148560,-0.302368,0.834595
-0.045532,0.184570,1.076538
0.369019,-0.364014,0.979492
-0.447388,-0.024292,0.834595
0.501709,-0.159790,1.149048
-0.089478,-0.332275,0.829834
-0.106812,0.191650,1.047974
0.425659,-0.325928,1.022461
-0.481323,-0.046753,0.802979
0.457153,-0.139404,1.150513
-0.047729,-0.348877,0.835693
-0.193237,0.210205,1.038940
0.467163,-0.315430,1.046143
-0.485474,-0.031250,0.803101
0.384155,-0.090576,1.144653
0.015747,-0.369019,0.873779
-0.268677,0.200684,0.994507
0.493042,-0.286499,1.064087
-0.447388,-0.075684,0.776978
0.295898,-0.023926,1.126709
0.098877,-0.406494,0.890259
-0.341064,0.135498,0.955444
0.509766,-0.278687,1.090820
-0.390503,-0.143066,0.795410
0.204224,0.069824,1.119141
0.164917,-0.394531,0.901001
-0.401001,0.136719,0.919800
0.520264,-0.238403,1.095825
-0.336182,-0.224365,0.784302
0.130615,0.084961,1.084961
0.234375,-0.407837,0.921875
-0.451904,0.102173,0.871948
0.524536,-0.196167,1.108765
-0.291260,-0.253418,0.782837
0.037720,0.111572,1.070801
0.285645,-0.390137,0.938599
-0.464966,0.046509,0.840210
0.511108,-0.183960,1.118408
-0.197510,-0.291748,0.807129
-0.043579,0.129395,1.036011
0.341919,-0.404297,0.948242
-0.479492,0.015625,0.819092
0.492065,-0.151489,1.127808
-0.143311,-0.299438,0.803101
-0.135864,0.157349,1.025757
0.389038,-0.387817,0.975586
-0.485596,-0.026978,0.806763
0.444458,-0.108521,1.140259
-0.116821,-0.304688,0.800171
-0.220093,0.203613,1.015259
0.429810,-0.342163,1.017456
-0.486572,-0.091797,0.772705
0.385864,-0.059692,1.136963
-0.058350,-0.327881,0.807983
-0.305908,0.197144,0.970215
0.466675,-0.367676,1.012573
-0.469116,-0.138062,0.761841
0.317017,-0.056152,1.115234
0.017212,-0.342285,0.841309
-0.377686,0.207764,0.929443
0.491333,-0.310059,1.045654
-0.428467,-0.200684,0.760254
0.211548,-0.025146,1.077148
0.110718,-0.377686,0.883057
-0.436035,0.162598,0.877686
0.488159,-0.218018,1.073486
-0.379272,-0.218262,0.767090
0.097900,0.046265,1.060913
0.200806,-0.419678,0.894653
-0.461792,0.091919,0.854980
0.485352,-0.191040,1.085693
-0.282471,-0.208252,0.803711
-0.019287,0.082642,1.024536
0.275391,-0.420166,0.921875
-0.496460,0.018921,0.813354
0.490845,-0.171509,1.108276
-0.207031,-0.284302,0.757324
-0.133057,0.178345,1.012695
0.349731,-0.392578,0.942505
-0.515991,-0.025024,0.777588
0.443848,-0.176147,1.089233
-0.152100,-0.315430,0.774048
-0.227661,0.188599,0.986450
0.400391,-0.349487,0.976440
-0.529541,-0.034424,0.760132
0.363525,-0.121704,1.087646
-0.090942,-0.326660,0.805176
-0.303223,0.160278,0.939697
0.428467,-0.310913,1.009033
-0.521118,-0.070068,0.743652
0.272949,-0.057983,1.083130
0.016113,-0.404419,0.824463
-0.416138,0.162476,0.904785
0.458374,-0.270630,1.036133
-0.465576,-0.160034,0.731689
0.154541,0.030396,1.050537
0.120605,-0.389038,0.870972
-0.480591,0.123779,0.854248
0.469604,-0.266235,1.047485
-0.381714,-0.209351,0.754150
0.042114,0.146118,1.050537
0.178955,-0.400513,0.865845
-0.502686,0.077271,0.834351
0.462280,-0.245239,1.048462
-0.291870,-0.269043,0.745117
-0.043823,0.155518,1.019775
0.245361,-0.409546,0.872314
-0.530762,0.038330,0.799194
0.456299,-0.216797,1.060791
-0.245117,-0.325195,0.721436
-0.119019,0.138794,0.983276
0.300781,-0.391968,0.900757
-0.546997,0.034424,0.771606
0.436646,-0.184448,1.074829
-0.187622,-0.360840,0.732910
-0.200195,0.162720,0.970825
0.320435,-0.362061,0.915649
-0.551880,0.015503,0.769165
0.410400,-0.193359,1.065918
-0.170654,-0.378784,0.732422
-0.262329,0.188599,0.956299
0.377319,-0.343262,0.949097
-0.569946,0.011230,0.761841
0.342407,-0.177490,1.041382
-0.107300,-0.415527,0.757935
-0.324951,0.169067,0.912231
0.393311,-0.303345,0.970215
-0.553467,-0.031738,0.714233
0.261230,-0.081665,1.039795
-0.046387,-0.384644,0.801758
-0.390259,0.152588,0.884155
0.404541,-0.292480,0.988647
-0.517944,-0.047241,0.729248
0.178589,0.013184,1.036499
0.021606,-0.403687,0.803467
-0.460938,0.163086,0.869507
0.420776,-0.276001,1.006226
-0.495850,-0.110718,0.726440
0.106201,0.051514,1.027710
0.088867,-0.434204,0.817383
-0.515991,0.147339,0.850464
0.448730,-0.257324,1.018677
-0.427368,-0.168945,0.720337
0.015137,0.127563,1.020996
0.172119,-0.404053,0.853638
-0.557129,0.112793,0.821045
0.448120,-0.258423,1.016357
-0.337769,-0.239380,0.717529
-0.040527,0.132690,0.995483
0.213013,-0.385132,0.863159
-0.576416,0.073975,0.790771
0.441772,-0.235840,1.032715
-0.277222,-0.306396,0.712158
-0.116333,0.144531,0.972534
0.265503,-0.386719,0.888306
-0.582153,0.058472,0.763062
0.416626,-0.202881,1.029907
-0.234741,-0.334473,0.697998
-0.197632,0.165405,0.968384
0.325806,-0.411621,0.898560
-0.576294,0.012939,0.752930
0.368408,-0.125732,1.040161
-0.181396,-0.331177,0.706543
-0.276001,0.188232,0.919922
0.362915,-0.359985,0.926880
-0.586182,-0.019043,0.731201
0.333618,-0.161011,1.025757
-0.135132,-0.388794,0.732788
-0.358887,0.196411,0.883545
0.370850,-0.311279,0.937988
-0.557739,-0.029053,0.719971
0.286255,-0.093262,1.032349
-0.077881,-0.375366,0.783203
-0.437256,0.205933,0.859497
0.383423,-0.292603,0.948853
-0.523438,-0.074829,0.720337
0.225098,-0.041382,1.034058
-0.011719,-0.416748,0.784180
-0.503906,0.235352,0.844849
0.400635,-0.281372,0.956421
-0.500488,-0.139160,0.708374
0.134644,0.003906,1.019165
0.060425,-0.437012,0.806519
-0.537598,0.233154,0.835449
0.406738,-0.244263,0.965698
-0.452026,-0.124878,0.729736
0.060181,0.047363,1.011841
0.126099,-0.460449,0.829956
-0.553101,0.175415,0.818970
0.403320,-0.206909,0.990479
-0.393799,-0.151611,0.733276
-0.007568,0.135132,1.006470
0.200562,-0.416504,0.861328
-0.582275,0.140625,0.801758
0.412354,-0.202637,0.995605
-0.315674,-0.235107,0.724976
-0.081421,0.183105,0.992554
0.242676,-0.431763,0.857056
-0.600220,0.110840,0.778076
0.414551,-0.193481,1.008789
-0.248169,-0.280029,0.716919
-0.161865,0.195801,0.967163
0.282715,-0.376343,0.888672
-0.611206,0.077637,0.756348
0.403076,-0.182861,1.024292
-0.194336,-0.357056,0.712646
-0.240723,0.197998,0.923706
0.338135,-0.349487,0.899048
-0.601318,0.031860,0.731567
0.353760,-0.138550,1.023438
-0.125488,-0.393921,0.724243
-0.315430,0.192017,0.889893
0.360962,-0.341675,0.912842
-0.592407,0.026489,0.717041
0.287842,-0.102417,0.992432
-0.053223,-0.426636,0.739868
-0.381348,0.214355,0.884277
0.382202,-0.292236,0.938965
-0.567383,0.002075,0.700073
0.213989,-0.046143,0.986572
-0.017212,-0.400513,0.768433
-0.443481,0.189697,0.855103
0.415527,-0.281128,0.953857
-0.528809,-0.031738,0.708862
0.117432,0.067139,1.000122
0.046753,-0.401123,0.795654
-0.495972,0.163208,0.841309
0.428589,-0.241211,0.986938
-0.469971,-0.072754,0.721680
0.059204,0.143433,1.013672
0.114380,-0.400757,0.812622
-0.548096,0.166382,0.820312
0.440186,-0.230469,1.003906
-0.379395,-0.161255,0.732544
0.000122,0.182251,1.015503
0.186401,-0.395996,0.831421
-0.596924,0.170776,0.797363
0.439087,-0.223145,1.000244
-0.298340,-0.232422,0.729980
-0.052856,0.180664,0.982666
0.229736,-0.373413,0.860596
-0.604614,0.137573,0.767578
0.413330,-0.192017,1.006226
-0.220947,-0.296387,0.728638
-0.120361,0.177246,0.971924
0.276855,-0.377319,0.875000
-0.612061,0.145996,0.764893
0.410156,-0.149902,1.007812
-0.160522,-0.311768,0.739136
-0.207642,0.186157,0.928101
0.330811,-0.364746,0.897583
-0.595459,0.079346,0.736816
0.372437,-0.114990,1.018433
-0.120850,-0.334595,0.733643
-0.276611,0.219849,0.907593
0.381714,-0.368896,0.914795
-0.577637,0.031128,0.739868
0.311768,-0.068726,1.013306
-0.064087,-0.382812,0.718628
-0.333984,0.211548,0.875854
0.400879,-0.306152,0.939209
-0.559937,-0.019409,0.714600
0.250122,-0.050293,0.999146
-0.019043,-0.418701,0.746582
-0.427246,0.216187,0.849487
0.434814,-0.287231,0.959229
-0.505127,-0.024780,0.746582
0.121826,0.047241,0.989502
0.049072,-0.403320,0.777466
-0.466064,0.182861,0.844604
0.438843,-0.239868,0.985352
-0.444458,-0.102539,0.746948
0.046265,0.138306,1.009888
0.128052,-0.415649,0.811890
-0.541016,0.153198,0.807739
0.455811,-0.218506,1.007324
-0.349243,-0.166260,0.742310
-0.021973,0.189087,1.002441
0.215088,-0.372314,0.850708
-0.601807,0.131714,0.776978
0.460571,-0.240479,1.017212
-0.221313,-0.281372,0.747437
-0.109131,0.224609,0.965576
0.282349,-0.342529,0.877319
-0.623047,0.142578,0.753540
0.427612,-0.204102,1.005615
-0.106689,-0.360962,0.770996
-0.178955,0.178101,0.920410
0.319458,-0.311646,0.887451
-0.605713,0.151367,0.749268
0.377319,-0.131714,1.004028
-0.064453,-0.393677,0.755981
-0.257568,0.169189,0.891724
0.382935,-0.313965,0.927002
-0.558716,0.088623,0.737061
0.281006,-0.030640,0.983398
-0.025879,-0.418823,0.749268
-0.322266,0.143433,0.862305
0.415527,-0.312744,0.945801
-0.533203,0.020020,0.743774
0.226685,0.027466,1.004028
0.001465,-0.405640,0.749268
-0.383301,0.158325,0.830811
0.439087,-0.282715,0.965088
-0.505493,-0.030884,0.734375
0.184448,0.018555,1.005005
0.055664,-0.437378,0.773804
-0.448364,0.176270,0.815063
0.440552,-0.243530,0.969849
-0.464844,-0.065918,0.741211
0.137451,0.059326,1.015625
0.097412,-0.440308,0.800415
-0.505371,0.185669,0.805664
0.439697,-0.222168,0.968750
-0.416626,-0.075562,0.760864
0.081299,0.116577,1.035156
0.145630,-0.442627,0.826660
-0.548340,0.155762,0.790894
0.454468,-0.214478,0.990601
-0.368408,-0.122192,0.752930
0.004272,0.154175,1.008667
0.219482,-0.425171,0.855469
-0.561157,0.116943,0.765625
0.445435,-0.183350,1.013916
-0.255371,-0.225830,0.763428
-0.070435,0.221436,0.993530
0.253052,-0.391113,0.865479
-0.569702,0.095337,0.744751
0.446899,-0.196899,1.023682
-0.190918,-0.274536,0.771118
-0.135132,0.214478,0.967163
0.294800,-0.392456,0.876221
-0.573853,0.063477,0.756714
0.428589,-0.189453,1.026855
-0.136841,-0.327515,0.773315
-0.163208,0.199219,0.946411
0.317993,-0.331421,0.906738
-0.591919,0.098511,0.758911
0.405884,-0.203491,1.015259
-0.068604,-0.390381,0.782715
-0.200684,0.184570,0.928223
0.352661,-0.301880,0.919678
-0.597778,0.088989,0.739136
0.347900,-0.156982,0.995728
-0.000732,-0.446533,0.802368
-0.252808,0.146118,0.891113
0.394043,-0.311401,0.944336
-0.567993,0.045166,0.721924
0.286987,-0.048340,0.987427
0.019287,-0.420166,0.778076
-0.296875,0.118652,0.856812
0.424194,-0.326660,0.944580
-0.521973,0.028076,0.739746
0.216431,0.008057,0.986938
0.042114,-0.444214,0.760620
-0.348877,0.118896,0.855103
0.446533,-0.340698,0.954224
-0.510010,-0.035278,0.743652
0.157593,0.042969,0.996460
0.102051,-0.441528,0.781494
-0.422363,0.123291,0.828735
0.451782,-0.309204,0.968872
-0.453003,-0.108154,0.750854
0.099854,0.073975,1.004395
0.133057,-0.427856,0.811035
-0.479858,0.092651,0.785034
0.481201,-0.309326,0.996704
-0.384521,-0.158936,0.752808
0.014771,0.155151,1.013794
0.210815,-0.421021,0.841919
-0.513550,0.068970,0.764038
0.457397,-0.256958,1.011230
-0.300781,-0.237061,0.762573
-0.046143,0.161255,1.005249
0.269897,-0.435669,0.860840
-0.537598,0.055420,0.746948
0.449097,-0.223877,1.022827
-0.203735,-0.263428,0.785645
-0.130249,0.171387,0.971802
0.322754,-0.426758,0.900024
-0.537720,0.010254,0.751709
0.401245,-0.179443,1.013428
-0.112915,-0.326538,0.784912
-0.186646,0.180786,0.962524
0.366211,-0.397705,0.930054
-0.534790,-0.011597,0.751465
0.362183,-0.123291,1.032349
-0.040039,-0.393555,0.787964
-0.250122,0.148193,0.918335
0.410278,-0.388306,0.955933
-0.506958,-0.094604,0.755127
0.293091,-0.086914,1.013672
0.027954,-0.433838,0.778442
-0.327148,0.158081,0.876221
0.448242,-0.335083,0.971069
-0.470825,-0.106689,0.752197
0.219849,-0.051392,1.006836
0.099121,-0.472534,0.807129
-0.383667,0.123169,0.835571
0.457031,-0.296143,0.988525
-0.456665,-0.130981,0.741821
0.151611,-0.001343,1.017090
0.134277,-0.491455,0.802368
-0.422119,0.085571,0.809448
0.467407,-0.259521,1.018799
-0.383545,-0.160889,0.761597
0.042114,0.097534,1.020508
0.225708,-0.521973,0.847656
-0.475952,0.035767,0.764160
0.472900,-0.247803,1.017334
-0.316772,-0.193848,0.767212
-0.011841,0.156128,1.036133
0.290161,-0.467285,0.885986
-0.506348,0.016357,0.757202
0.453979,-0.254395,1.025635
-0.235962,-0.247192,0.789795
-0.074951,0.177002,1.018799
0.333252,-0.430908,0.922363
-0.536011,0.024780,0.763672
0.430786,-0.212769,1.043579
-0.115112,-0.329468,0.811768
-0.135620,0.170044,0.989502
0.361328,-0.396362,0.927856
-0.526367,0.017822,0.767700
0.402832,-0.170410,1.049072
-0.029175,-0.386719,0.822021
-0.176636,0.160400,0.987427
0.390503,-0.377197,0.947754
-0.525757,-0.024292,0.749023
0.372314,-0.155762,1.036499
0.052124,-0.420166,0.843384
-0.252563,0.181519,0.952881
0.428955,-0.345337,0.984009
-0.464844,-0.094971,0.753906
0.289062,-0.057129,1.038208
0.073730,-0.451538,0.818604
-0.291138,0.130005,0.926392
0.482910,-0.361938,1.004883
-0.447754,-0.120361,0.769043
0.239014,-0.019043,1.033936
0.115356,-0.445435,0.834717
-0.341919,0.139282,0.896606
0.488770,-0.289673,1.040527
-0.411621,-0.162598,0.770752
0.204468,-0.028687,1.036377
0.154053,-0.461670,0.842163
-0.390259,0.117188,0.869385
0.490845,-0.264771,1.046753
-0.358398,-0.189209,0.776978
0.131226,0.041626,1.039062
0.230591,-0.464478,0.886108
-0.437866,0.061523,0.817749
0.516602,-0.272705,1.060547
-0.313965,-0.209229,0.780640
0.044312,0.119629,1.052856
0.303711,-0.478516,0.916016
-0.447388,0.051270,0.819336
0.504639,-0.228394,1.057983
-0.238159,-0.214478,0.828979
-0.045166,0.163208,1.017944
0.348877,-0.433716,0.947144
-0.453247,-0.020508,0.796997
0.474731,-0.166504,1.110962
-0.119385,-0.266724,0.850098
-0.110107,0.231323,1.042480
0.398560,-0.392212,0.971924
-0.483276,-0.033936,0.796387
0.441040,-0.184082,1.090820
-0.012329,-0.352051,0.864746
-0.163086,0.208740,1.029297
0.436401,-0.334595,1.014160
-0.473877,-0.064941,0.783569
0.393921,-0.117065,1.101562
0.067261,-0.433350,0.856689
-0.217773,0.157715,0.991455
0.495728,-0.304688,1.064453
-0.442749,-0.062622,0.797974
0.311646,-0.058105,1.084351
0.115234,-0.443359,0.876343
-0.306152,0.141479,0.957153
0.543091,-0.283203,1.097534
-0.382935,-0.120117,0.804199
0.201416,0.051025,1.076538
0.223511,-0.442749,0.913574
-0.368164,0.082886,0.902832
0.565308,-0.278076,1.124756
-0.324219,-0.210083,0.789429
0.123779,0.132202,1.074219
0.274292,-0.411255,0.936279
-0.398682,0.035645,0.866577
0.569824,-0.279907,1.135742
-0.259277,-0.297119,0.805298
0.058472,0.171509,1.078125
0.324463,-0.422241,0.944092
-0.446533,0.071045,0.846802
0.566895,-0.257446,1.132568
-0.190063,-0.294312,0.845825
0.012573,0.163452,1.079712
0.371460,-0.422119,0.975952
-0.463745,0.073120,0.838745
0.536011,-0.221924,1.127563
-0.137451,-0.275757,0.885376
-0.021851,0.191650,1.091064
0.393921,-0.403320,0.993896
-0.451782,0.060791,0.842651
0.523682,-0.155518,1.148926
-0.110107,-0.248413,0.888794
-0.051270,0.210327,1.099243
0.434692,-0.433960,1.014526
-0.442139,0.001343,0.838379
0.490112,-0.084351,1.162720
-0.035278,-0.282227,0.905884
-0.114136,0.228882,1.095947
0.456177,-0.415283,1.030273
-0.444336,-0.044067,0.834717
0.481567,-0.103271,1.164551
0.032959,-0.309448,0.911743
-0.168213,0.241089,1.059204
0.498413,-0.336548,1.067017
-0.433105,-0.101685,0.818359
0.423584,-0.107300,1.158203
0.050415,-0.351807,0.904663
-0.206177,0.231812,1.049683
0.521240,-0.291748,1.088745
-0.413818,-0.084351,0.835449
0.367920,-0.053955,1.155151
0.117310,-0.395508,0.922729
-0.277222,0.191162,1.001953
0.557007,-0.270020,1.135498
-0.381836,-0.123413,0.821411
0.281738,0.009521,1.133423
0.206177,-0.407593,0.948486
-0.315918,0.105347,0.921143
0.572144,-0.225098,1.146240
-0.313232,-0.177979,0.828003
0.173218,0.107178,1.109985
0.291382,-0.442871,0.968750
-0.381348,0.075684,0.902466
0.569824,-0.227417,1.156006
-0.255859,-0.224487,0.841675
0.065796,0.185547,1.110474
0.354858,-0.398560,0.991577
-0.415771,0.057007,0.894165
0.558472,-0.203613,1.159546
-0.153809,-0.286133,0.875366
-0.020996,0.201538,1.084717
0.384644,-0.376831,1.005005
-0.423340,0.000977,0.857422
0.530762,-0.153076,1.175781
-0.028687,-0.337769,0.889038
-0.076538,0.213257,1.086914
0.423218,-0.320068,1.025391
-0.438721,-0.040283,0.836304
0.503784,-0.143555,1.174072
-0.001099,-0.368042,0.881348
-0.150635,0.210449,1.067993
0.470093,-0.299316,1.061646
-0.449219,-0.026489,0.821167
0.428711,-0.064941,1.174438
0.051880,-0.346680,0.917236
-0.232666,0.201538,1.036865
0.504272,-0.285767,1.097534
-0.424438,-0.083252,0.815796
0.356323,-0.034424,1.163330
0.109497,-0.374146,0.924194
-0.294922,0.185913,1.002808
0.546875,-0.277832,1.115112
-0.370483,-0.124756,0.815552
0.247314,0.060547,1.135864
0.180420,-0.405151,0.930664
-0.335205,0.090698,0.952881
0.552002,-0.233643,1.141479
-0.318848,-0.186646,0.816040
0.166992,0.125488,1.134399
0.240845,-0.411743,0.932983
-0.407349,0.083374,0.902954
0.574463,-0.265015,1.146851
-0.267090,-0.239624,0.837891
0.076538,0.171753,1.103271
0.291138,-0.382935,0.947876
-0.436890,0.052734,0.868408
0.564941,-0.260376,1.142212
-0.224243,-0.299561,0.825684
0.008057,0.137451,1.078247
0.359497,-0.394287,0.972168
-0.452881,0.049805,0.840088
0.515381,-0.149048,1.136475
-0.116943,-0.299805,0.853271
-0.067261,0.149170,1.053711
0.386841,-0.394409,0.990601
-0.449951,-0.015625,0.831055
0.484741,-0.121460,1.156494
-0.079712,-0.296509,0.830444
-0.162231,0.191772,1.035034
0.431396,-0.358154,1.015991
-0.464844,-0.082520,0.817017
0.450684,-0.138672,1.146240
-0.047852,-0.314209,0.839233
-0.260254,0.212524,0.985107
0.547607,-0.243530,1.115356
-0.450562,-0.104736,0.796753
0.246094,0.030273,1.141479
0.232422,-0.435303,0.955444
-0.369385,0.117310,0.917358
0.557251,-0.205688,1.138794
-0.279541,-0.194580,0.834961
0.123779,0.117310,1.124268
0.310547,-0.434570,0.981445
-0.419434,0.056152,0.883301
0.554321,-0.196533,1.153809
-0.210449,-0.247314,0.842529
0.029053,0.211792,1.116333
0.361450,-0.380127,0.979614
-0.439819,0.013428,0.858521
0.532227,-0.193970,1.158813
-0.103149,-0.377197,0.854370
-0.049683,0.180054,1.081543
0.391357,-0.353271,1.007446
-0.440063,-0.010986,0.835815
0.515625,-0.130005,1.174072
-0.058716,-0.332764,0.849731
-0.128174,0.172119,1.052368
0.437988,-0.350342,1.047485
-0.447021,-0.059692,0.823853
0.461426,-0.071777,1.180664
-0.025879,-0.311890,0.853516
-0.216187,0.222900,1.036011
0.482788,-0.328247,1.062134
-0.441650,-0.116333,0.807129
0.385254,-0.058105,1.158813
0.006836,-0.328247,0.871094
-0.270630,0.210571,0.995361
0.527466,-0.298462,1.085815
-0.417358,-0.127563,0.795654
0.310669,-0.026611,1.142456
0.085693,-0.367310,0.886963
-0.325928,0.155884,0.936035
0.523804,-0.262817,1.089478
-0.363159,-0.190918,0.789062
0.205566,0.035889,1.115234
0.188843,-0.416260,0.908447
-0.408936,0.124756,0.902344
0.549194,-0.249634,1.109741
-0.331177,-0.172852,0.808838
0.081055,0.123413,1.087524
0.254028,-0.386719,0.943481
-0.442139,0.032837,0.862061
0.528442,-0.222534,1.126465
-0.204224,-0.282471,0.817139
-0.001465,0.157593,1.068604
0.301025,-0.353882,0.931152
-0.498169,0.037476,0.827148
0.517090,-0.247925,1.122192
-0.141235,-0.376465,0.798584
-0.076538,0.124878,1.030762
0.333740,-0.315796,0.954224
-0.515503,0.017944,0.780396
0.474731,-0.175293,1.128174
-0.103760,-0.351685,0.813110
-0.176880,0.167847,1.019409
0.415283,-0.352661,0.995728
-0.534668,0.016602,0.775879
0.404297,-0.098755,1.123779
-0.079346,-0.311035,0.829834
-0.254761,0.189209,1.004272
0.449829,-0.353271,1.025635
-0.518311,-0.063721,0.758545
0.353394,-0.077393,1.124146
-0.027832,-0.357910,0.816284
-0.328247,0.205811,0.955078
0.469727,-0.309570,1.030396
-0.485107,-0.111328,0.757568
0.271851,-0.090576,1.080444
0.041382,-0.393066,0.836182
-0.416016,0.185791,0.893066
0.474121,-0.265015,1.042725
-0.420898,-0.155884,0.765625
0.155884,0.022339,1.063232
0.126831,-0.412231,0.871338
-0.471436,0.123291,0.852295
0.462891,-0.244019,1.044312
-0.375610,-0.199341,0.762817
0.053589,0.098877,1.048828
0.211304,-0.400635,0.886353
-0.533203,0.078857,0.806274
0.489258,-0.249268,1.074707
-0.244629,-0.330322,0.742554
-0.060669,0.160034,1.026733
0.255737,-0.373291,0.873169
-0.554443,0.071411,0.791626
0.483032,-0.233398,1.076294
-0.188110,-0.379761,0.749634
-0.154419,0.129028,0.978271
0.303589,-0.365723,0.916382
-0.583984,0.023193,0.745850
0.433350,-0.208130,1.066162
-0.151245,-0.379272,0.748535
-0.223022,0.163086,0.963379
0.338989,-0.326660,0.950195
-0.580933,0.017578,0.748413
0.364380,-0.172363,1.043701
-0.146973,-0.362671,0.770508
-0.264893,0.123779,0.948364
0.384155,-0.359863,0.959595
-0.563232,0.031494,0.732056
0.282471,-0.019165,1.052979
-0.090210,-0.332397,0.799927
-0.321777,0.165527,0.941772
0.413452,-0.364990,0.973022
-0.553467,-0.037598,0.727173
0.229980,-0.027466,1.035645
-0.053711,-0.387085,0.768066
-0.407104,0.143311,0.898926
0.427734,-0.345581,0.989624
-0.525635,-0.116943,0.711426
0.182983,0.022583,1.038086
0.001587,-0.369141,0.795288
-0.485474,0.182251,0.850830
0.440186,-0.301392,1.007935
-0.506592,-0.149292,0.697632
0.122437,0.043823,1.021729
0.079102,-0.394165,0.825073
-0.546143,0.210815,0.853760
0.460815,-0.303345,0.999634
-0.456177,-0.189331,0.713867
0.031616,0.080566,1.005371
0.135864,-0.409180,0.855835
-0.547607,0.138062,0.818848
0.443237,-0.234497,1.018677
-0.358887,-0.202026,0.750000
-0.030640,0.151001,1.014160
0.188965,-0.425659,0.835327
-0.589355,0.140991,0.778687
0.435669,-0.233887,0.996948
-0.284302,-0.245605,0.740479
-0.083130,0.165771,0.990234
0.228027,-0.418701,0.845215
-0.603760,0.101440,0.755127
0.432739,-0.196289,1.027344
-0.248169,-0.307373,0.702148
-0.150513,0.190308,0.980835
0.280273,-0.384277,0.875244
-0.608643,0.070679,0.753296
0.409058,-0.188843,1.027344
-0.215576,-0.341797,0.718506
-0.229370,0.183350,0.940674
0.329956,-0.393921,0.894287
-0.608887,0.068970,0.738770
0.377563,-0.159424,1.028442
-0.160889,-0.355347,0.722778
-0.276855,0.175415,0.904785
0.356567,-0.352417,0.912109
-0.601807,0.028320,0.718506
0.337891,-0.140381,1.013916
-0.122803,-0.381226,0.729004
-0.320312,0.183105,0.887939
0.364868,-0.315186,0.930786
-0.587280,0.033691,0.721924
0.282837,-0.078613,1.006714
-0.064819,-0.432617,0.733154
-0.386108,0.209351,0.885986
0.373047,-0.292480,0.932617
-0.553467,-0.005127,0.720947
0.220459,-0.051147,0.998535
-0.024658,-0.419312,0.768921
-0.457153,0.203979,0.858887
0.396973,-0.270874,0.956665
-0.527100,-0.077148,0.701538
0.144165,0.038330,1.009033
0.036621,-0.403442,0.794067
-0.499268,0.212891,0.858154
0.428711,-0.261963,0.980225
-0.486938,-0.088135,0.717896
0.071899,0.113647,1.018066
0.092896,-0.429199,0.800659
-0.521240,0.176147,0.850830
0.447388,-0.223877,1.005859
-0.429565,-0.096924,0.737793
0.001343,0.185425,1.005737
0.167236,-0.405640,0.839355
-0.553589,0.139038,0.814941
0.443359,-0.221802,1.005005
-0.349976,-0.160278,0.741333
-0.047485,0.223877,0.994385
0.212158,-0.376831,0.849976
-0.592529,0.118286,0.786499
0.454346,-0.227173,1.023071
-0.278198,-0.243408,0.718750
-0.101929,0.235352,0.975220
0.260864,-0.367554,0.865845
-0.603638,0.117554,0.773926
0.450073,-0.223633,1.023438
-0.220337,-0.287720,0.732544
-0.142456,0.230225,0.951660
0.295776,-0.348633,0.870239
-0.607056,0.113770,0.769775
0.421265,-0.191528,1.015625
-0.158691,-0.361572,0.729004
-0.186279,0.190796,0.932983
0.334961,-0.349365,0.887451
-0.604248,0.107666,0.752930
0.381836,-0.128906,1.014893
-0.100830,-0.362793,0.748779
-0.255127,0.181030,0.901001
0.365479,-0.327637,0.925781
-0.575928,0.057251,0.734009
0.328857,-0.096924,1.002686
-0.053467,-0.416626,0.740112
-0.307251,0.200806,0.881348
0.395752,-0.297241,0.927979
-0.560303,0.021118,0.729858
0.266235,-0.065186,0.994507
-0.015503,-0.421021,0.754150
-0.373779,0.174683,0.843262
0.417725,-0.270874,0.946655
-0.510742,-0.033447,0.740845
0.184692,0.017944,1.010498
0.038452,-0.417114,0.769897
-0.455933,0.167480,0.824585
0.440674,-0.266479,0.964355
-0.454346,-0.095581,0.736694
0.119263,0.098511,1.024170
0.111084,-0.424194,0.812988
-0.516968,0.176514,0.807739
0.442017,-0.222046,0.979492
-0.388184,-0.121216,0.754028
0.011230,0.146118,1.003052
0.201538,-0.415405,0.854004
-0.549561,0.120850,0.781616
0.442261,-0.179810,1.007080
-0.266602,-0.225220,0.759277
-0.091675,0.207642,0.989258
0.278809,-0.413452,0.872681
-0.572021,0.103027,0.751221
0.427490,-0.171387,1.019897
-0.154663,-0.270630,0.766846
-0.172729,0.221069,0.946167
0.329224,-0.374268,0.899780
-0.574097,0.034180,0.748901
0.403198,-0.163452,1.020142
-0.062744,-0.335327,0.786011
-0.266846,0.233032,0.898315
0.368286,-0.333374,0.920532
-0.537964,-0.013062,0.748413
0.340698,-0.127563,0.996216
-0.003540,-0.416992,0.770996
-0.324585,0.185913,0.848022
0.400513,-0.270142,0.935425
-0.517212,-0.030762,0.740601
0.242310,-0.065796,0.999390
0.042725,-0.472656,0.765747
-0.364136,0.126709,0.827271
0.438110,-0.266602,0.963501
-0.504395,-0.010498,0.737915
0.150879,0.030273,1.000366
0.116211,-0.489014,0.789429
-0.445435,0.099365,0.803101
0.455200,-0.242065,0.992432
-0.444458,-0.086304,0.746582
0.060181,0.111938,1.007568
0.181030,-0.469604,0.821533
-0.487305,0.077515,0.787964
0.453369,-0.211060,1.019531
-0.349121,-0.161377,0.753540
-0.032471,0.177490,1.014282
0.256348,-0.452148,0.862427
-0.542480,0.048218,0.739502
0.463501,-0.254395,1.017334
-0.245483,-0.236938,0.773438
-0.107056,0.219116,0.991333
0.303223,-0.395020,0.904785
-0.561279,0.049683,0.760498
0.421997,-0.214722,1.020996
-0.125366,-0.311646,0.801880
-0.164185,0.215942,0.979370
0.346313,-0.344971,0.930420
-0.552124,0.021118,0.756714
0.376709,-0.191895,1.009521
-0.050171,-0.375488,0.801636
-0.217896,0.200806,0.941528
0.374634,-0.319702,0.947144
-0.535889,-0.015381,0.752441
0.350098,-0.163818,1.018799
0.012939,-0.441406,0.813843
-0.284668,0.144165,0.881226
0.410767,-0.328491,0.948120
-0.504517,-0.011719,0.757812
0.294312,-0.087646,1.012573
0.061279,-0.466919,0.793091
-0.320435,0.119385,0.873047
0.449951,-0.327515,0.978516
-0.496460,-0.051758,0.758667
0.226929,-0.030029,1.012939
0.107178,-0.479248,0.807739
-0.368408,0.104492,0.847900
0.462769,-0.313477,0.999268
-0.445435,-0.112305,0.751099
0.163574,0.022827,1.019775
0.113525,-0.446655,0.816772
-0.394165,0.106323,0.854980
0.492432,-0.343140,1.004028
-0.433594,-0.133911,0.754150
0.121338,0.081909,1.035889
0.166504,-0.438232,0.852905
-0.434448,0.062256,0.828369
0.510254,-0.320068,1.036133
-0.376831,-0.188232,0.766235
0.074097,0.120483,1.047363
0.222900,-0.463745,0.858765
-0.447632,0.068481,0.801025
0.505615,-0.288696,1.041626
-0.319458,-0.197266,0.781372
0.023315,0.113647,1.024414
0.262207,-0.484253,0.879761
-0.451416,0.004883,0.776611
0.488037,-0.235107,1.057739
-0.282715,-0.214722,0.788208
0.001465,0.150757,1.040894
0.314331,-0.520264,0.895752
-0.498291,0.004883,0.778442
0.494507,-0.217407,1.095093
-0.228149,-0.228149,0.802490
-0.045776,0.217773,1.071411
0.339600,-0.452637,0.933594
-0.498291,0.008789,0.802124
0.478271,-0.232300,1.078125
-0.143066,-0.307739,0.832520
-0.092407,0.231689,1.060547
0.358154,-0.393433,0.949219
-0.503052,0.028076,0.806152
0.480835,-0.232056,1.096558
-0.091309,-0.324219,0.847412
-0.135254,0.217041,1.035645
0.405273,-0.383057,0.989258
-0.480957,-0.052124,0.788574
0.434937,-0.149780,1.094849
0.003052,-0.367676,0.847534
-0.164185,0.224854,1.034668
0.440918,-0.351685,1.014526
-0.478638,-0.036865,0.796021
0.400635,-0.162354,1.084961
0.073364,-0.430786,0.881226
-0.209106,0.170898,0.996704
0.446533,-0.290771,1.031738
-0.438965,-0.067139,0.794434
0.375977,-0.101685,1.099731
0.098022,-0.436157,0.881592
-0.254395,0.152954,0.979004
0.490479,-0.291382,1.062866
-0.435425,-0.090698,0.791382
0.328735,-0.043701,1.101685
0.134521,-0.428101,0.905884
-0.310547,0.186157,0.976196
0.500244,-0.265137,1.087402
-0.379639,-0.161255,0.787476
0.278198,0.004272,1.108032
0.175171,-0.421143,0.922974
-0.340088,0.148071,0.943604
0.548218,-0.260864,1.107666
-0.348999,-0.179199,0.800537
0.204590,0.082153,1.117432
0.249146,-0.435791,0.942505
-0.368286,0.090088,0.893188
0.555542,-0.250366,1.109619
-0.311401,-0.183350,0.808228
0.140015,0.114990,1.111694
0.319824,-0.459229,0.951294
-0.393799,0.093872,0.883057
0.546997,-0.196777,1.124756
-0.247314,-0.213501,0.845825
0.065186,0.120972,1.093872
0.369141,-0.461548,0.981567
-0.426147,0.059937,0.867188
0.540527,-0.166016,1.153320
-0.171387,-0.224854,0.866211
-0.014893,0.206909,1.097778
0.416260,-0.400024,1.012329
-0.431030,0.014160,0.861450
0.510376,-0.137207,1.158691
-0.070312,-0.272339,0.897705
-0.073242,0.212158,1.089478
0.452148,-0.368286,1.038330
-0.443604,-0.057983,0.832520
0.481689,-0.109985,1.187012
0.028442,-0.346069,0.896484
-0.134277,0.216675,1.059448
0.481079,-0.310913,1.068970
-0.430054,-0.056030,0.833496
0.430786,-0.075195,1.172363
0.029419,-0.363770,0.884033
-0.193237,0.187866,1.050659
0.527100,-0.291016,1.101929
-0.422729,-0.094238,0.811157
0.371704,-0.025757,1.167358
0.109253,-0.376831,0.914185
-0.272583,0.193481,0.991821
0.567261,-0.271484,1.130615
-0.367676,-0.148193,0.822144
0.289673,0.027954,1.140747
0.194214,-0.408569,0.932739
-0.352661,0.133057,0.922119
0.581177,-0.263306,1.145996
-0.320190,-0.212036,0.817017
0.192139,0.096802,1.131470
0.272583,-0.438477,0.945923
-0.390381,0.129150,0.918701
0.564575,-0.223999,1.143311
-0.256348,-0.241333,0.844238
0.106323,0.126465,1.113770
0.314575,-0.392456,0.976196
-0.424438,0.070435,0.877075
0.563477,-0.197388,1.167969
-0.196411,-0.297485,0.829224
0.009888,0.201904,1.106323
0.367798,-0.413696,0.962280
-0.436890,0.031128,0.868286
0.549072,-0.176636,1.157471
-0.114990,-0.281006,0.861572
-0.030762,0.175537,1.077759
0.367920,-0.339844,1.006714
-0.439453,-0.042114,0.841797
0.544800,-0.179077,1.172119
-0.085571,-0.324219,0.848511
-0.089844,0.205933,1.073853
0.405884,-0.331177,1.012329
-0.464233,-0.032837,0.812744
0.505859,-0.162598,1.170288
-0.070923,-0.336792,0.844238
-0.157471,0.204468,1.044067
0.463013,-0.341553,1.032104
-0.473511,-0.032593,0.821045
0.423828,-0.091675,1.156128
-0.035034,-0.334473,0.862427
-0.204346,0.176392,1.016479
0.469971,-0.288452,1.060669
-0.487793,-0.050293,0.788330
0.392578,-0.096558,1.154907
0.020996,-0.369995,0.876465
-0.290894,0.194946,0.982300
0.473755,-0.278687,1.061890
-0.456665,-0.105225,0.780396
0.327148,-0.073242,1.128296
0.074829,-0.390137,0.894409
-0.353394,0.188843,0.933472
0.489014,-0.259033,1.058228
-0.413818,-0.158569,0.755249
0.242920,-0.010742,1.112671
0.126831,-0.424683,0.884888
-0.414062,0.161499,0.910889
0.501831,-0.264893,1.068237
-0.397461,-0.131592,0.765259
0.164062,0.073608,1.098145
0.184692,-0.424072,0.888916
-0.456421,0.132080,0.890747
0.506714,-0.241089,1.069702
-0.380615,-0.167236,0.766357
0.093018,0.101074,1.074951
0.213623,-0.415039,0.895996
-0.474243,0.109375,0.865479
0.494629,-0.229248,1.076904
-0.344360,-0.202515,0.772583
0.039917,0.098389,1.057617
0.244141,-0.406250,0.904663
-0.505859,0.097778,0.836670
0.480713,-0.221436,1.070190
-0.281860,-0.248169,0.769775
-0.020752,0.108398,1.034790
0.271973,-0.402222,0.906860
-0.521729,0.078735,0.813721
0.458374,-0.192383,1.074219
-0.243408,-0.291626,0.756104
-0.072754,0.120850,1.012817
0.306519,-0.423340,0.905762
-0.530029,0.064697,0.796143
0.435791,-0.156738,1.064697
-0.218140,-0.307251,0.744629
-0.126709,0.133667,1.004028
0.333374,-0.415771,0.930298
-0.553345,0.042358,0.779541
0.406128,-0.138672,1.066162
-0.198486,-0.291016,0.750488
-0.218262,0.165527,0.984131
0.362061,-0.416992,0.944214
-0.550415,-0.022095,0.755249
0.371338,-0.092773,1.071777
-0.177490,-0.298828,0.734375
-0.279053,0.177002,0.942749
0.388550,-0.399048,0.955078
-0.551514,-0.049683,0.747070
0.323120,-0.077148,1.060425
-0.128418,-0.340332,0.740967
-0.342285,0.177612,0.908691
0.409912,-0.377563,0.957764
-0.539062,-0.082153,0.723267
0.274414,-0.058472,1.041748
-0.084106,-0.352661,0.768066
-0.423706,0.194946,0.888184
0.422119,-0.351318,0.970459
-0.513672,-0.111572,0.710083
0.193848,-0.021362,1.040649
0.000732,-0.394287,0.786743
-0.489014,0.218628,0.869629
0.432495,-0.283203,0.996826
-0.494385,-0.140625,0.721436
0.086670,0.037231,1.005859
0.094360,-0.422363,0.834351
-0.532104,0.155029,0.828003
0.430054,-0.248413,1.003174
-0.427002,-0.152588,0.733154
0.003662,0.106934,1.014282
0.189575,-0.416382,0.854736
-0.571289,0.128662,0.806885
0.422974,-0.222778,1.001465
-0.313110,-0.252930,0.715942
-0.093018,0.158569,0.982544
0.252319,-0.389160,0.872803
-0.584595,0.074585,0.775024
0.411621,-0.184937,1.032227
-0.239746,-0.333374,0.696411
-0.204102,0.173584,0.937500
0.321533,-0.385620,0.900879
-0.595581,0.046387,0.743774
0.363403,-0.122314,1.038452
-0.169800,-0.362427,0.716675
-0.292603,0.173828,0.898926
0.362183,-0.362061,0.917847
-0.585449,-0.002319,0.725464
0.289185,-0.081299,1.015137
-0.102417,-0.377075,0.737671
-0.350098,0.195312,0.901367
0.386230,-0.317139,0.940308
-0.583130,-0.017456,0.695312
0.209961,-0.026733,1.003174
-0.022827,-0.417969,0.764771
-0.439697,0.182373,0.863892
0.410767,-0.271606,0.963867
-0.535278,-0.053223,0.701416
0.128906,0.055054,1.001587
0.053711,-0.398438,0.812744
-0.524536,0.190674,0.833740
0.430420,-0.245483,0.988037
-0.432251,-0.127686,0.718506
0.039307,0.145996,1.014526
0.128418,-0.390625,0.819702
-0.557861,0.182861,0.828491
0.440430,-0.238403,0.989014
-0.331177,-0.214722,0.732422
-0.046631,0.175293,0.990356
0.202026,-0.372314,0.846924
-0.589355,0.126831,0.788086
0.441528,-0.211548,1.019897
-0.230347,-0.292969,0.732300
-0.141724,0.195557,0.956055
0.268677,-0.347656,0.885254
-0.608887,0.110596,0.761719
0.415039,-0.184448,1.014893
-0.148804,-0.349487,0.738892
-0.221924,0.182373,0.908691
0.345215,-0.324951,0.909058
-0.594604,0.063721,0.739746
0.344849,-0.098999,1.016602
-0.072998,-0.397827,0.736694
-0.320068,0.199219,0.873535
0.387573,-0.307983,0.932007
-0.553955,-0.001953,0.722290
0.247681,-0.032349,0.984131
-0.027588,-0.411011,0.744141
-0.384277,0.176514,0.857788
0.410645,-0.257324,0.965454
-0.509766,-0.053101,0.724976
0.152710,0.057373,1.005249
0.037354,-0.402710,0.780518
-0.465454,0.147949,0.831177
0.457642,-0.270386,0.987427
-0.448364,-0.076172,0.751831
0.051025,0.173950,1.021118
0.126465,-0.415527,0.797607
-0.550293,0.149780,0.795044
0.462646,-0.239014,1.008423
-0.331421,-0.192017,0.756714
-0.014160,0.204224,1.011475
0.193726,-0.380127,0.829834
-0.577148,0.149048,0.771484
0.472412,-0.233398,1.015991
-0.243652,-0.230591,0.766724
-0.101685,0.210449,0.979004
0.250854,-0.364380,0.859131
-0.580566,0.069702,0.745605
0.459839,-0.196289,1.034546
-0.169556,-0.288330,0.760010
-0.156372,0.224365,0.960449
0.310303,-0.349854,0.885742
-0.585327,0.065063,0.757446
0.407837,-0.180176,1.017090
-0.069092,-0.378906,0.768677
-0.235352,0.224121,0.918457
0.341431,-0.304810,0.900269
-0.549805,0.059570,0.757812
0.358032,-0.129761,1.017334
-0.035034,-0.405029,0.763916
-0.304565,0.182373,0.878174
0.401611,-0.334839,0.931274
-0.529541,-0.025146,0.726074
0.252686,-0.026978,0.994141
0.034302,-0.431763,0.760254
-0.378174,0.156128,0.844849
0.446411,-0.331421,0.961670
-0.510498,-0.062866,0.728027
0.162842,0.064209,1.011963
0.094360,-0.443115,0.789429
-0.445801,0.144409,0.801880
0.448364,-0.306763,0.960693
-0.431396,-0.143066,0.746216
0.076294,0.119507,1.014893
0.137939,-0.410034,0.809082
-0.503662,0.120605,0.783936
0.461182,-0.275757,1.004395
-0.350220,-0.206909,0.749634
-0.007568,0.171021,1.015991
0.209595,-0.432739,0.840088
-0.544434,0.080200,0.750977
0.470093,-0.258667,1.017700
-0.253540,-0.249023,0.773804
-0.094116,0.208740,1.002197
0.287476,-0.408813,0.882446
-0.566284,0.056274,0.750854
0.442993,-0.253052,1.014893
-0.159668,-0.317383,0.787109
-0.160767,0.201050,0.973633
0.346680,-0.365601,0.922974
-0.552246,0.064331,0.751099
0.384766,-0.169922,1.010864
-0.046997,-0.365845,0.818237
-0.226318,0.151611,0.941772
0.387207,-0.385498,0.933350
-0.520752,0.016724,0.771606
0.313232,-0.053833,1.019043
0.016235,-0.391235,0.799683
-0.297241,0.128052,0.904419
0.430298,-0.390137,0.963013
-0.491333,-0.115601,0.734375
0.219849,0.005981,1.008911
0.070190,-0.399048,0.790894
-0.369507,0.146240,0.859985
0.478271,-0.358643,0.997803
-0.436279,-0.174316,0.754517
0.511475,-0.365112,1.017700
-0.398682,-0.176392,0.765991
-0.450317,0.096924,0.796387
0.505005,-0.298706,1.032593
-0.342285,-0.246094,0.765381
0.030273,0.068359,1.003052
0.250732,-0.486816,0.853882
-0.485107,0.072510,0.779419
0.484253,-0.229126,1.038208
-0.242310,-0.216309,0.816284
-0.039307,0.140015,1.027344
0.315063,-0.483887,0.905640
-0.508423,0.016113,0.766724
0.445679,-0.187988,1.065308
-0.160522,-0.272827,0.814941
-0.115845,0.207397,1.035278
0.390503,-0.464111,0.945557
-0.509766,0.000488,0.776367
0.398682,-0.140015,1.055054
-0.036987,-0.314941,0.860718
-0.168335,0.208618,1.022705
0.412354,-0.407227,0.973145
-0.496826,-0.079102,0.756470
0.238770,-0.072266,0.996948
0.095459,-0.474731,0.797241
-0.372314,0.122437,0.843384
0.453857,-0.295776,0.999878
-0.442627,-0.129517,0.746826
0.138672,0.023804,1.007690
0.140503,-0.481323,0.809570
-0.413818,0.082642,0.821533
0.471436,-0.264771,1.015747
-0.383057,-0.175293,0.754761
0.042358,0.103271,1.015991
0.241455,-0.513672,0.847290
-0.476807,0.037720,0.781860
0.472656,-0.248779,1.035156
-0.283447,-0.204834,0.782715
-0.058716,0.162231,0.998291
0.306030,-0.460205,0.900879
-0.487671,-0.030151,0.763794
0.449097,-0.192993,1.060425
-0.151367,-0.293213,0.803345
-0.147583,0.205322,1.000000
0.388550,-0.426758,0.947021
-0.498413,-0.006104,0.773193
0.399170,-0.154663,1.054199
-0.003662,-0.384644,0.838501
-0.217163,0.196167,0.988770
0.423706,-0.391479,0.972412
-0.478516,-0.048950,0.768188
0.345337,-0.101929,1.054199
0.082642,-0.447510,0.841187
-0.274414,0.165283,0.955200
0.458740,-0.324585,1.014771
-0.455444,-0.107910,0.767212
0.270142,-0.040161,1.048584
0.121216,-0.439209,0.853516
-0.329224,0.152954,0.935669
0.490723,-0.267944,1.062866
-0.408813,-0.164062,0.769653
0.188965,0.032715,1.055298
0.196045,-0.478149,0.872925
-0.387085,0.085815,0.870850
0.540649,-0.274658,1.086060
-0.346436,-0.187988,0.783936
0.026123,0.180176,1.064453
0.309570,-0.436035,0.937622
-0.425415,-0.008911,0.829224
0.528564,-0.244629,1.118408
-0.200317,-0.274658,0.829468
-0.032715,0.199341,1.062378
0.371582,-0.383301,0.970459
-0.457397,0.031616,0.830444
0.497192,-0.186279,1.126343
-0.096924,-0.295288,0.878784
-0.077271,0.184937,1.061157
0.415649,-0.384766,1.003906
-0.457275,-0.028931,0.807129
0.467407,-0.109131,1.147339
0.003052,-0.320679,0.894409
-0.160034,0.234741,1.058716
0.478027,-0.367188,1.039795
-0.423340,-0.072021,0.818481
0.415039,-0.086304,1.129883
0.073608,-0.373169,0.898682
-0.200684,0.188110,1.032104
0.510376,-0.287842,1.086792
-0.422974,-0.067261,0.810669
0.348633,-0.044922,1.116699
0.136597,-0.389038,0.922241
-0.268799,0.175903,0.998169
0.530518,-0.247314,1.110596
-0.376587,-0.113159,0.817261
0.258179,0.021851,1.120728
0.227417,-0.463745,0.934570
-0.329224,0.116699,0.958862
0.550903,-0.230591,1.138062
-0.302368,-0.176880,0.837158
0.145386,0.142334,1.103271
0.312744,-0.429688,0.966064
-0.388916,0.061646,0.895752
0.554321,-0.228760,1.143066
-0.224365,-0.252441,0.840820
0.065063,0.172241,1.107788
0.371826,-0.375488,1.010376
-0.447632,0.046997,0.855591
0.547852,-0.176758,1.172974
-0.101929,-0.303467,0.881592
-0.030029,0.212769,1.102783
0.415527,-0.347168,1.017822
-0.448364,0.002075,0.845215
0.514282,-0.155762,1.161621
0.008789,-0.367554,0.893677
-0.116821,0.210693,1.078003
0.452515,-0.331299,1.045532
-0.442993,-0.029663,0.827759
0.465576,-0.098755,1.174316
0.026855,-0.368408,0.902344
-0.193726,0.228027,1.064087
0.493530,-0.288696,1.083618
-0.436890,-0.068726,0.817383
0.385254,-0.074341,1.155151
0.066528,-0.384766,0.913330
-0.245239,0.205078,1.038208
0.534668,-0.258667,1.128418
-0.419434,-0.114258,0.790283
0.315063,-0.029663,1.132080
0.150024,-0.394531,0.929443
-0.306519,0.157349,0.969360
0.552490,-0.256714,1.128418
-0.350098,-0.169678,0.810303
0.223145,0.070068,1.147705
0.206177,-0.416992,0.926758
-0.364258,0.152588,0.933105
0.559570,-0.253052,1.109131
-0.302490,-0.194092,0.836670
0.138672,0.070923,1.105835
0.262939,-0.400024,0.956177
-0.422363,0.088623,0.868286
0.544067,-0.197021,1.130615
-0.259521,-0.226440,0.833618
0.066284,0.120117,1.102783
0.302246,-0.396484,0.962158
-0.435913,0.047974,0.852661
0.529785,-0.144287,1.144775
-0.154175,-0.295532,0.832764
-0.041748,0.145142,1.066895
0.356567,-0.399658,0.971680
-0.451172,-0.025024,0.836548
0.503174,-0.149170,1.158569
-0.109131,-0.315918,0.809082
-0.131836,0.189941,1.033569
0.402222,-0.340820,0.995117
-0.472412,-0.049683,0.794189
0.462158,-0.153931,1.137573
-0.070312,-0.314209,0.839111
-0.233887,0.203003,0.999023
0.445190,-0.319580,1.020264
-0.482544,-0.062744,0.778198
0.370239,-0.084961,1.133667
-0.006226,-0.350952,0.851196
-0.307617,0.173828,0.950684
0.462402,-0.272827,1.047485
-0.444336,-0.127319,0.759277
0.271606,-0.038696,1.104614
0.062256,-0.385864,0.845581
-0.394043,0.168091,0.911011
0.491333,-0.279297,1.059692
-0.400269,-0.192261,0.776611
0.139404,0.040283,1.070190
0.151855,-0.382690,0.891724
-0.464355,0.090332,0.835938
0.503174,-0.223633,1.089233
-0.337891,-0.230103,0.777466
0.028687,0.094604,1.040894
0.234863,-0.396606,0.899292
-0.500610,0.086548,0.816162
0.485718,-0.216797,1.084229
-0.241943,-0.284302,0.765625
-0.085693,0.101929,0.994873
0.290405,-0.393188,0.915039
-0.505615,0.041626,0.802124
0.456421,-0.137329,1.103760
-0.197388,-0.254761,0.768188
-0.206909,0.159546,0.980469
0.359009,-0.408569,0.943970
-0.534058,-0.066772,0.752075
0.409668,-0.130493,1.098145
-0.155029,-0.308105,0.754639
-0.316772,0.225708,0.945801
0.403564,-0.368530,0.961304
-0.540894,-0.108643,0.728516
0.336304,-0.131836,1.067139
-0.091431,-0.361572,0.764038
-0.385254,0.210449,0.897217
0.427002,-0.333740,0.973511
-0.509155,-0.087402,0.739746
0.205933,-0.077393,1.030273
0.011719,-0.408203,0.800781
-0.470825,0.203491,0.860596
0.444946,-0.273071,1.000732
-0.481445,-0.137329,0.729614
0.068848,0.041626,1.015381
0.123169,-0.443115,0.835815
-0.530273,0.140137,0.827026
0.435669,-0.219482,1.020630
-0.378784,-0.180786,0.741455
-0.023193,0.097534,0.990356
0.209961,-0.418823,0.870483
-0.579834,0.073975,0.765869
0.426147,-0.191406,1.026611
-0.258179,-0.301636,0.716431
-0.142334,0.160400,0.984375
0.268433,-0.386963,0.874756
-0.593262,0.060669,0.750977
0.410278,-0.188843,1.035034
-0.187256,-0.361816,0.713745
-0.238403,0.178955,0.936401
0.340088,-0.344604,0.918701
-0.613281,0.051758,0.737915
0.323975,-0.153564,1.009033
-0.120483,-0.392456,0.737671
-0.323120,0.160156,0.904419
0.377197,-0.330200,0.952271
-0.582397,-0.008179,0.696899
0.220093,-0.039673,0.993774
-0.051636,-0.371704,0.762451
-0.419556,0.185425,0.872681
0.395874,-0.292480,0.965576
-0.538452,-0.083618,0.685425
0.150391,0.030884,0.999634
0.003174,-0.393677,0.784302
-0.492065,0.201294,0.867798
0.420654,-0.271606,0.984131
-0.467407,-0.132568,0.713989
0.060303,0.111572,1.002930
0.086914,-0.398804,0.809082
-0.546143,0.185181,0.838867
0.440552,-0.246338,0.995117
-0.382446,-0.186279,0.739014
-0.011719,0.140747,0.996704
0.166870,-0.393555,0.825928
-0.586914,0.152466,0.787964
0.437866,-0.212769,1.013428
-0.284058,-0.238770,0.743042
-0.076660,0.161255,0.985474
0.245605,-0.398438,0.859497
-0.614746,0.142090,0.768066
0.412231,-0.163452,1.018433
-0.197754,-0.319824,0.726196
-0.160522,0.187866,0.949951
0.294434,-0.344360,0.897339
-0.609619,0.092407,0.751831
0.386841,-0.168701,1.009521
-0.145996,-0.363647,0.723999
-0.237061,0.190552,0.909668
0.349121,-0.337402,0.903442
-0.596924,0.088989,0.734497
0.338623,-0.096191,1.018555
-0.081421,-0.386963,0.748291
-0.303711,0.157959,0.869019
0.386475,-0.324951,0.926514
-0.575562,0.075684,0.725098
0.274902,-0.020630,0.998047
-0.033081,-0.399048,0.750366
-0.365845,0.195312,0.870728
0.406738,-0.299805,0.941284
-0.554077,-0.006958,0.719849
0.209839,-0.005981,0.991577
0.002441,-0.398804,0.768677
-0.424194,0.204224,0.852417
0.417969,-0.248169,0.964600
-0.497925,-0.081299,0.733032
0.142944,0.033203,1.006836
0.063965,-0.419678,0.789551
-0.497681,0.201904,0.821411
0.435181,-0.215942,0.982300
-0.426270,-0.074341,0.752563
0.067749,0.116577,1.014771
0.139648,-0.420044,0.830200
-0.549561,0.145752,0.788818
0.445557,-0.203979,0.998291
-0.345581,-0.148438,0.749634
-0.024292,0.193115,1.007568
0.238281,-0.403931,0.867798
-0.581421,0.112183,0.765503
0.442993,-0.189087,1.017822
-0.224976,-0.239868,0.760254
-0.126831,0.228516,0.969238
0.297729,-0.378906,0.896606
-0.581909,0.077759,0.751343
0.410889,-0.158813,1.024414
-0.130615,-0.326172,0.759766
-0.177856,0.202637,0.934692
0.339600,-0.343018,0.907349
-0.585693,0.045776,0.747681
0.374146,-0.143311,1.015503
-0.045166,-0.383423,0.770996
-0.256714,0.218506,0.899048
0.366089,-0.321777,0.918823
-0.547363,-0.008301,0.738770
0.313110,-0.109253,0.998535
-0.013428,-0.411377,0.756104
-0.326782,0.181885,0.872314
0.424683,-0.321899,0.941406
-0.520508,-0.050049,0.736572
0.220337,-0.041504,0.975708
0.049561,-0.434204,0.769897
-0.395752,0.149658,0.827881
0.453735,-0.295166,0.979248
-0.473633,-0.098999,0.746582
0.128174,0.053711,1.013062
0.111084,-0.458984,0.791260
-0.462036,0.117188,0.797852
0.455200,-0.253418,0.995850
-0.403687,-0.164429,0.740723
0.035767,0.133179,1.020996
0.193848,-0.469727,0.843750
-0.526489,0.083618,0.767334
0.450439,-0.244629,1.007202
-0.312500,-0.191528,0.758789
-0.048828,0.187622,1.008423
0.264771,-0.437012,0.863037
-0.546753,0.050293,0.755859
0.448608,-0.248535,1.020996
-0.191040,-0.263794,0.796143
-0.136719,0.211426,0.974487
0.314697,-0.380859,0.902588
-0.555298,0.037598,0.756470
0.410400,-0.212646,1.017700
-0.093628,-0.332153,0.803589
-0.180542,0.208374,0.963379
0.365479,-0.344727,0.932373
-0.557129,0.032593,0.759399
0.370117,-0.182495,1.011230
-0.015625,-0.407837,0.803589
-0.224487,0.135132,0.922974
0.394653,-0.346924,0.948853
-0.520020,-0.023071,0.752930
0.319946,-0.108276,1.013428
0.044678,-0.413818,0.823120
-0.315552,0.126099,0.879150
0.438477,-0.323486,0.986938
-0.479248,-0.056641,0.755127
0.237549,-0.021118,1.027344
0.071045,-0.438843,0.803467
-0.353882,0.100220,0.870972
0.480591,-0.358521,0.989868
-0.463501,-0.117676,0.744751
0.171753,0.034424,1.012207
0.118530,-0.422119,0.823608
-0.378784,0.114014,0.866821
0.493286,-0.343750,1.009521
-0.448120,-0.135742,0.747925
0.134399,0.038330,1.021484
0.189575,-0.480713,0.839600
-0.437744,0.108643,0.837524
0.496582,-0.279541,1.038086
-0.352905,-0.190430,0.763184
0.071533,0.108276,1.048096
0.234131,-0.490356,0.869263
-0.459595,0.057129,0.809937
0.507080,-0.287842,1.044434
-0.317017,-0.240601,0.765991
0.035645,0.134399,1.049072
0.274902,-0.455322,0.890747
-0.465332,0.049805,0.797974
0.500977,-0.263062,1.071533
-0.265137,-0.271118,0.789551
-0.017822,0.161621,1.057129
0.316162,-0.482056,0.894897
-0.451172,0.031616,0.810059
0.490845,-0.211060,1.068481
-0.218872,-0.212402,0.833252
-0.057373,0.167114,1.025635
0.376587,-0.476929,0.943970
-0.465088,-0.000610,0.797729
0.473755,-0.163574,1.101807
-0.151855,-0.229370,0.852539
-0.097900,0.190308,1.037354
0.392700,-0.454956,0.964600
-0.467041,-0.036499,0.794067
0.464355,-0.121582,1.125366
-0.079346,-0.270264,0.857178
-0.117310,0.205811,1.054565
0.425903,-0.408081,0.991821
-0.475220,-0.051392,0.798584
0.443604,-0.150146,1.117920
0.005005,-0.364136,0.869263
-0.171387,0.227783,1.043823
0.459839,-0.353882,1.022217
-0.460083,-0.032837,0.811035
0.426636,-0.132080,1.112549
0.072021,-0.402222,0.882446
-0.208374,0.208374,1.027100
0.484131,-0.341553,1.040039
-0.441650,-0.077515,0.793335
0.390869,-0.075439,1.132812
0.081177,-0.380127,0.890869
-0.237549,0.206421,1.022095
0.520264,-0.298340,1.088135
-0.411133,-0.097046,0.798828
0.325562,-0.035156,1.110107
0.112061,-0.411743,0.893188
-0.265259,0.172363,0.996582
0.545044,-0.288086,1.113647
-0.387695,-0.112427,0.820679
0.263306,0.007202,1.109009
0.167603,-0.432007,0.919434
-0.291138,0.111816,0.962891
0.559814,-0.270752,1.130859
-0.370728,-0.127197,0.829468
0.234619,0.043945,1.108276
0.243164,-0.422729,0.944946
-0.344604,0.123657,0.926392
0.572876,-0.258179,1.123657
-0.311401,-0.159546,0.845947
0.155884,0.094849,1.094971
0.293701,-0.439819,0.963135
-0.368164,0.072754,0.895264
0.573730,-0.212524,1.149536
-0.266968,-0.203857,0.836792
0.097290,0.163208,1.108765
0.336426,-0.424072,0.981567
-0.400391,0.058472,0.882812
0.563232,-0.211182,1.159180
-0.219971,-0.241455,0.851440
0.048584,0.197266,1.111206
0.367676,-0.403809,0.992920
-0.423096,0.049438,0.876465
0.548706,-0.171753,1.164062
-0.166138,-0.256348,0.871582
-0.003906,0.182739,1.099976
0.409180,-0.389771,1.011841
-0.438354,0.024170,0.867065
0.539795,-0.140991,1.175171
-0.071411,-0.281372,0.890625
-0.079834,0.211426,1.081055
0.423096,-0.363647,1.015137
-0.416260,-0.039185,0.836426
0.519043,-0.113037,1.193359
-0.031250,-0.327515,0.875000
-0.127441,0.199951,1.064575
0.454224,-0.322510,1.046143
-0.435059,-0.051392,0.832031
0.470703,-0.101562,1.177368
-0.004639,-0.350220,0.877808
-0.177002,0.209961,1.047119
0.481201,-0.288330,1.077637
-0.459595,-0.053955,0.803833
0.416504,-0.093628,1.159790
0.030884,-0.368164,0.892456
-0.228516,0.186401,1.029297
0.505371,-0.263794,1.100952
-0.454834,-0.052979,0.796143
0.345581,-0.031494,1.149902
0.103760,-0.392212,0.913818
-0.295532,0.165039,0.985962
0.500244,-0.250122,1.107056
-0.417358,-0.107422,0.785767
0.295288,0.003540,1.149658
0.130249,-0.394531,0.903687
-0.332031,0.141357,0.956909
0.518311,-0.260254,1.087280
-0.391357,-0.123535,0.785889
0.226440,0.044678,1.123779
0.178955,-0.429321,0.908813
-0.387573,0.127441,0.919800
0.530151,-0.242310,1.109253
-0.359009,-0.158936,0.789307
0.128052,0.096069,1.092529
0.231323,-0.425903,0.918945
-0.436768,0.093018,0.878418
0.519287,-0.240112,1.089844
-0.323120,-0.200195,0.788086
0.065430,0.132446,1.086182
0.283936,-0.425781,0.924194
-0.477173,0.088989,0.844238
0.498169,-0.205078,1.090088
-0.278076,-0.239380,0.792358
0.003662,0.115601,1.057373
0.297363,-0.415771,0.931763
-0.485718,0.053955,0.840698
0.482422,-0.181641,1.101562
-0.213623,-0.276489,0.778076
-0.058960,0.121460,1.030029
0.324707,-0.387207,0.938965
-0.499634,0.012573,0.802002
0.476074,-0.194946,1.100586
-0.185669,-0.316406,0.760498
-0.153076,0.176270,0.998047
0.370972,-0.390747,0.949097
-0.519287,-0.002319,0.785767
0.416016,-0.149170,1.076660
-0.163940,-0.334595,0.751587
-0.217407,0.183594,0.976807
0.388916,-0.355469,0.961914
-0.533569,-0.052124,0.757690
0.399048,-0.141846,1.088501
-0.136353,-0.340088,0.770020
-0.298950,0.197754,0.943237
0.408691,-0.325073,0.985229
-0.525269,-0.057617,0.750977
0.330688,-0.114746,1.081177
-0.078979,-0.359985,0.793457
-0.354126,0.171631,0.896240
0.409424,-0.304077,0.977173
-0.511230,-0.107422,0.729126
0.243408,-0.069702,1.058960
-0.006592,-0.391235,0.820679
-0.434326,0.173340,0.863159
0.409302,-0.266724,0.994995
-0.486938,-0.124268,0.723999
0.171753,-0.003174,1.052002
0.077759,-0.412109,0.827515
-0.502197,0.174805,0.852905
0.435913,-0.255249,1.005981
-0.444702,-0.148071,0.730835
0.063232,0.075928,1.030762
0.144897,-0.420776,0.851440
-0.548584,0.140625,0.814819
0.432983,-0.224609,1.021484
-0.357300,-0.217041,0.735229
-0.021362,0.102295,1.015259
0.221680,-0.427612,0.870850
-0.588745,0.101318,0.774170
0.422241,-0.220581,1.008301
-0.275391,-0.296021,0.714722
-0.118164,0.167603,0.993042
0.272583,-0.415283,0.880127
-0.587280,0.060303,0.771973
0.404907,-0.169922,1.041870
-0.218506,-0.326050,0.702515
-0.223999,0.184204,0.960327
0.334351,-0.385742,0.902466
-0.592041,0.014771,0.736572
0.363892,-0.151855,1.030518
-0.169800,-0.363403,0.709595
-0.300415,0.199341,0.905884
0.383789,-0.355713,0.929077
-0.591431,-0.002197,0.721802
0.267944,-0.089722,1.013062
-0.097168,-0.393799,0.750122
-0.377319,0.175659,0.876099
0.388550,-0.320435,0.942139
-0.549072,-0.030518,0.718140
0.195190,-0.009766,1.001343
-0.034546,-0.385864,0.771362
-0.458984,0.198364,0.849976
0.409302,-0.279785,0.960205
-0.504272,-0.090332,0.731445
0.103149,0.058228,1.005859
0.048706,-0.424561,0.784790
-0.520386,0.194824,0.839233
0.422607,-0.246216,0.988892
-0.427246,-0.148193,0.729980
0.038696,0.125854,1.014771
0.145508,-0.418091,0.825684
-0.570068,0.173706,0.815186
0.416626,-0.218262,0.999878
-0.323364,-0.224243,0.737549
-0.025024,0.158325,0.996460
0.214233,-0.380859,0.856323
-0.604736,0.146362,0.765015
0.425537,-0.180908,1.015259
-0.251953,-0.276855,0.716675
-0.110107,0.184204,0.983765
0.278198,-0.386963,0.884766
-0.622314,0.104248,0.743530
0.414551,-0.179199,1.012329
-0.171997,-0.335571,0.718872
-0.200073,0.215210,0.940186
0.337158,-0.340210,0.896362
-0.600464,0.073730,0.740967
0.364014,-0.138794,1.016479
-0.116211,-0.372803,0.725342
-0.284912,0.183838,0.883789
0.393311,-0.341553,0.927246
-0.588135,0.055298,0.729980
0.280762,-0.054565,1.001099
-0.045776,-0.408569,0.751099
-0.350952,0.176025,0.860840
0.414673,-0.291748,0.958008
-0.550903,-0.004639,0.715576
0.190186,-0.002441,0.992676
0.015747,-0.414795,0.775391
-0.429443,0.181519,0.848999
0.435547,-0.251587,0.975708
-0.485962,-0.045410,0.738525
0.091064,0.097046,1.011230
0.093750,-0.413208,0.799805
-0.512085,0.187256,0.817627
0.441040,-0.219482,0.980347
-0.379517,-0.133057,0.762329
0.016113,0.126099,0.997559
0.177124,-0.402710,0.842041
-0.564697,0.159180,0.779541
0.440308,-0.177856,1.012207
-0.248657,-0.190674,0.778564
-0.094727,0.182983,0.978027
0.278076,-0.418823,0.864746
-0.570679,0.085327,0.765137
0.421753,-0.134033,1.033447
-0.152954,-0.263794,0.777344
-0.201904,0.207031,0.926270
0.349243,-0.395752,0.904907
-0.566650,0.032837,0.752686
0.362793,-0.096191,1.020142
-0.048462,-0.355835,0.749023
-0.296997,0.220703,0.878906
0.399780,-0.327148,0.928467
-0.531616,-0.055298,0.736694
0.271606,-0.073853,0.985962
0.014160,-0.411987,0.769409
-0.384644,0.172363,0.827759
0.434570,-0.289062,0.957275
-0.464233,-0.085449,0.753784
0.131714,0.027832,1.005493
0.087646,-0.457886,0.776001
-0.471558,0.148560,0.801270
0.448120,-0.245483,0.982910
-0.377441,-0.120728,0.769653
0.024780,0.119629,1.004639
0.198486,-0.455078,0.832397
-0.534302,0.088379,0.756714
0.435547,-0.186157,1.018433
-0.257324,-0.220337,0.758667
-0.064331,0.209961,1.014648
0.287354,-0.395508,0.894287
-0.601929,0.096436,0.755371
0.431274,-0.226807,1.003540
-0.107056,-0.308472,0.803223
-0.168457,0.212036,0.956177
0.333740,-0.313110,0.921997
-0.571777,0.052734,0.752197
0.369629,-0.160767,1.004395
-0.010376,-0.423462,0.781616
-0.230957,0.137695,0.901123
0.377686,-0.315918,0.943237
-0.545410,-0.005127,0.731934
0.307495,-0.109375,1.001465
0.046265,-0.457275,0.786377
-0.318970,0.143311,0.871948
0.414185,-0.315674,0.949463
-0.510986,-0.057129,0.741089
0.235718,-0.054077,0.999390
0.081177,-0.476440,0.785889
-0.372192,0.129028,0.847412
0.462402,-0.323608,0.976318
-0.465454,-0.076416,0.761963
0.150757,0.042236,1.020630
0.127563,-0.467773,0.816895
-0.426270,0.083740,0.810547
0.470825,-0.277832,1.014893
-0.412720,-0.160156,0.744141
0.068237,0.125488,1.032471
0.178711,-0.486816,0.817017
-0.446289,0.071533,0.805298
0.500244,-0.294189,1.038574
-0.380737,-0.200073,0.744629
0.003174,0.145996,1.010498
0.246704,-0.482910,0.847046
-0.474121,0.038208,0.776611
0.480225,-0.267090,1.033691
-0.287720,-0.232422,0.775391
-0.054932,0.172852,1.013184
0.287476,-0.467407,0.885254
-0.516357,-0.002686,0.749634
0.480103,-0.250854,1.064941
-0.191895,-0.244995,0.823730
-0.109741,0.222290,1.023315
0.331665,-0.426270,0.915039
-0.519897,0.015991,0.778198
0.445190,-0.243042,1.051758
-0.119751,-0.307739,0.832031
-0.130615,0.191284,1.017456
0.376953,-0.406006,0.945923
-0.520508,0.017578,0.775024
0.413818,-0.177490,1.060181
-0.039917,-0.381470,0.829834
-0.164185,0.178223,0.996094
0.421021,-0.386353,0.981812
-0.507690,-0.005249,0.776489
0.365967,-0.114258,1.055908
0.040039,-0.419189,0.841187
-0.216309,0.169067,0.997314
0.468506,-0.366577,0.982300
-0.454590,-0.118408,0.761963
0.167114,0.019653,1.005127
0.067749,-0.410156,0.832153
-0.391235,0.089111,0.828125
0.513916,-0.354126,1.011475
-0.415161,-0.185425,0.765503
0.103271,0.070435,1.022217
0.143188,-0.428833,0.802856
-0.433594,0.085449,0.805786
0.484009,-0.295532,1.026733
-0.359985,-0.245728,0.762329
0.086548,0.064331,1.031494
0.193604,-0.444702,0.846436
-0.482056,0.071167,0.782349
0.498779,-0.287109,1.039795
-0.313110,-0.202148,0.789062
0.024048,0.121460,1.047485
0.267090,-0.496338,0.877563
-0.499268,0.053467,0.770630
0.488037,-0.261963,1.036743
-0.270386,-0.222290,0.797607
-0.029663,0.164429,1.038208
0.309692,-0.461792,0.909424
-0.475464,0.015869,0.786865
0.452881,-0.199463,1.052612
-0.187134,-0.255249,0.819092
-0.079102,0.161133,1.028809
0.360962,-0.456909,0.928589
-0.493042,0.024902,0.773193
0.440186,-0.135986,1.076538
-0.119263,-0.238525,0.852417
-0.105835,0.177856,1.039673
0.404419,-0.471436,0.952026
-0.508911,-0.024536,0.776978
0.408569,-0.101685,1.092163
-0.022461,-0.330566,0.846558
-0.153564,0.184082,1.024780
0.438477,-0.401367,1.002197
-0.484985,-0.074707,0.766846
0.383545,-0.105225,1.081177
0.060669,-0.393677,0.858521
-0.214844,0.199463,1.005249
0.471680,-0.332153,1.039673
-0.443970,-0.112427,0.778809
0.329346,-0.063843,1.084106
0.101196,-0.401245,0.867920
-0.276123,0.198364,0.982422
0.517578,-0.310425,1.064453
-0.412231,-0.134766,0.787476
0.256836,-0.021240,1.071045
0.165649,-0.417847,0.892944
-0.338623,0.144165,0.931763
0.552002,-0.295288,1.102539
-0.359619,-0.175903,0.804688
0.156494,0.071655,1.077881
0.257202,-0.463867,0.919312
-0.383789,0.046875,0.854004
0.550781,-0.241577,1.129272
-0.269531,-0.206909,0.825195
0.059448,0.156494,1.076904
0.336304,-0.469482,0.933105
-0.422241,0.037231,0.845337
0.518799,-0.165039,1.132568
-0.167603,-0.255737,0.856323
0.000244,0.187256,1.089233
0.389404,-0.387573,1.004150
-0.467163,0.027954,0.827881
0.507568,-0.172852,1.145020
-0.027466,-0.347778,0.889893
-0.084717,0.210083,1.084473
0.430298,-0.356567,1.016113
-0.463867,0.020020,0.828857
0.476074,-0.149902,1.142334
0.051270,-0.380249,0.918213
-0.141968,0.187622,1.068115
0.457886,-0.308960,1.068481
-0.453247,-0.036987,0.808838
0.429688,-0.105713,1.149780
0.048096,-0.394653,0.894897
-0.196899,0.214478,1.063232
0.519043,-0.299805,1.097778
-0.419434,-0.071899,0.818970
0.364136,-0.025024,1.143066
0.096191,-0.371704,0.918457
-0.251221,0.198120,1.023926
0.543823,-0.282104,1.123291
-0.398560,-0.117920,0.818970
0.341797,-0.026489,1.147217
0.159180,-0.377930,0.936890
-0.306641,0.168091,0.963623
0.557983,-0.239014,1.140869
-0.330811,-0.181519,0.820435
0.264526,0.047974,1.148560
0.206421,-0.416260,0.936279
-0.338867,0.137085,0.925415
0.567993,-0.246094,1.129517
-0.309570,-0.211548,0.822021
0.177246,0.059692,1.120605
0.271973,-0.439209,0.966675
-0.369751,0.101196,0.913086
0.563965,-0.184448,1.160034
-0.270996,-0.200317,0.829224
0.091797,0.129883,1.109497
0.330444,-0.416138,0.986328
-0.419067,0.055542,0.878784
0.379761,-0.395264,0.998779
-0.448120,0.005737,0.853027
0.548096,-0.173462,1.173096
-0.102051,-0.278320,0.873657
-0.061890,0.188965,1.080322
0.415283,-0.348755,1.022583
-0.444214,-0.035278,0.836792
0.499146,-0.115479,1.175415
-0.049316,-0.341431,0.852539
-0.142456,0.192383,1.052979
0.451172,-0.326660,1.045166
-0.455078,-0.067139,0.820557
0.430298,-0.087769,1.167603
-0.025146,-0.328369,0.869751
-0.229858,0.212280,1.030273
0.488159,-0.287231,1.080078
-0.441528,-0.112793,0.802856
0.361084,-0.072144,1.151123
0.042603,-0.367065,0.872192
-0.302368,0.201660,0.981079
0.526733,-0.286133,1.086792
-0.396851,-0.122070,0.798828
0.247925,-0.013306,1.109131
0.142700,-0.388062,0.906982
-0.368530,0.133423,0.926392
0.522095,-0.226685,1.101440
-0.351562,-0.187134,0.792725
0.142578,0.098389,1.099976
0.236084,-0.408691,0.921631
-0.443970,0.088257,0.865967
0.509277,-0.198853,1.105713
-0.270508,-0.280029,0.784180
0.016113,0.145752,1.074707
0.297485,-0.397705,0.933716
-0.478882,0.029785,0.829224
0.495728,-0.196411,1.112915
-0.172119,-0.337402,0.777344
-0.076050,0.165527,1.041016
0.335083,-0.379761,0.944580
-0.500488,-0.004272,0.800781
0.469971,-0.168579,1.117432
-0.138428,-0.357788,0.768677
-0.182495,0.178955,1.004150
0.378540,-0.354980,0.973389
-0.512329,-0.031616,0.774414
0.420654,-0.117310,1.119873
-0.109375,-0.310425,0.795776
-0.285889,0.200195,0.969360
0.423706,-0.360352,0.990356
-0.507812,-0.078735,0.757202
0.341064,-0.088745,1.093750
-0.041992,-0.352783,0.810059
-0.349731,0.185059,0.934937
0.455688,-0.325195,1.014526
-0.485474,-0.097290,0.744995
0.218750,-0.012695,1.067993
0.043335,-0.401245,0.833008
-0.428467,0.150391,0.884521
0.456665,-0.264893,1.040039
-0.464233,-0.150879,0.723633
0.124878,0.071045,1.052979
0.128052,-0.413330,0.846924
-0.495361,0.112305,0.842407
0.468506,-0.251099,1.064453
-0.359863,-0.219727,0.749023
0.019531,0.138794,1.035278
0.181519,-0.373047,0.863281
-0.541870,0.070435,0.796753
0.470459,-0.283325,1.038696
-0.276001,-0.317993,0.727173
-0.049561,0.120972,0.992065
0.224976,-0.339478,0.876587
-0.577271,0.079468,0.769653
0.446777,-0.259644,1.043091
-0.218140,-0.392212,0.716064
-0.145508,0.113647,0.968628
0.283203,-0.359985,0.887085
-0.596191,0.070068,0.733154
0.412476,-0.186523,1.041870
-0.186401,-0.358032,0.746338
-0.228760,0.131226,0.950073
0.346436,-0.374268,0.922363
-0.566650,0.084351,0.749756
0.324219,-0.087769,1.029907
-0.164917,-0.332764,0.747437
-0.275757,0.123779,0.925049
0.376709,-0.399292,0.927368
-0.594238,0.027954,0.747192
0.292725,-0.074097,1.031006
-0.120239,-0.342163,0.745728
-0.337402,0.186890,0.907349
0.380127,-0.361450,0.944458
-0.573853,-0.055542,0.707397
0.281738,-0.092041,1.030762
-0.093628,-0.363159,0.754028
-0.430664,0.221802,0.870239
0.411743,-0.326050,0.960083
-0.525146,-0.071777,0.724365
0.206787,-0.032715,1.028198
-0.040771,-0.398682,0.776489
-0.481812,0.213745,0.847656
0.416504,-0.296509,0.970337
-0.515259,-0.073120,0.717163
0.135010,0.031372,1.020874
0.052856,-0.448120,0.800049
-0.527832,0.208252,0.849365
0.422729,-0.260986,0.975098
-0.456055,-0.106079,0.732544
0.049072,0.122314,1.015625
0.119751,-0.416504,0.812866
-0.543945,0.151978,0.808838
0.412109,-0.218262,0.989258
-0.378296,-0.168701,0.738525
0.005737,0.165649,1.012817
0.165649,-0.396729,0.834961
-0.609375,0.143433,0.773438
0.430054,-0.219482,1.012451
-0.291382,-0.265259,0.713379
-0.060669,0.214478,1.002441
0.224609,-0.343872,0.866943
-0.631836,0.118408,0.758057
0.424561,-0.255371,0.992065
-0.236816,-0.336304,0.697510
-0.100464,0.179321,0.967163
0.261353,-0.319214,0.874756
-0.639526,0.148682,0.746094
0.428345,-0.204712,1.014771
-0.185425,-0.407593,0.698364
-0.153320,0.147461,0.939697
0.298218,-0.328247,0.888916
-0.634766,0.148438,0.750610
0.397583,-0.157837,1.006958
-0.133057,-0.399048,0.728638
-0.224854,0.143188,0.906128
0.349121,-0.350098,0.905273
-0.589355,0.121094,0.751831
0.334595,-0.082642,0.988281
-0.120850,-0.324829,0.732910
-0.260132,0.160645,0.886353
0.374878,-0.339600,0.930054
-0.586304,0.058716,0.743286
0.333862,-0.101318,1.001221
-0.092163,-0.370972,0.719360
-0.310181,0.214233,0.876221
0.380859,-0.302368,0.940918
-0.539673,-0.018433,0.731934
0.297485,-0.070801,1.001099
-0.065186,-0.384521,0.732422
-0.363403,0.206421,0.853882
0.405518,-0.324341,0.937744
-0.541626,-0.069580,0.710083
0.262573,-0.044189,1.008301
-0.023804,-0.374023,0.756836
-0.396851,0.236206,0.857178
0.419556,-0.306885,0.932861
-0.516113,-0.065063,0.725098
0.207764,-0.022583,0.997681
0.008301,-0.409912,0.768677
-0.438354,0.209351,0.837646
0.457520,-0.290161,0.966675
-0.483887,-0.031494,0.756592
0.124146,0.057861,1.009521
0.077515,-0.456543,0.781738
-0.484497,0.186157,0.822388
0.453979,-0.226440,0.990234
-0.438477,-0.083252,0.749512
0.071289,0.126831,1.021240
0.148804,-0.452148,0.818970
-0.538940,0.165527,0.807129
0.444946,-0.244507,0.984131
-0.355835,-0.162598,0.751831
0.011108,0.186646,1.014526
0.208862,-0.386230,0.850586
-0.581665,0.131958,0.775146
0.439331,-0.236694,0.993774
-0.255371,-0.243042,0.761597
-0.043701,0.172974,0.989502
0.252319,-0.362305,0.867920
-0.588867,0.117432,0.752808
0.436523,-0.208130,1.006592
-0.177246,-0.307251,0.768921
-0.114258,0.149170,0.954956
0.314087,-0.377808,0.893311
-0.584595,0.095093,0.761719
0.411255,-0.155273,1.014526
-0.108643,-0.304810,0.770508
-0.181519,0.201782,0.935669
0.348877,-0.356567,0.919067
-0.554810,0.020630,0.758545
0.377319,-0.144897,1.004761
-0.073486,-0.346558,0.765259
-0.233521,0.192261,0.910156
0.387329,-0.333984,0.948486
-0.555542,-0.033691,0.739746
0.328125,-0.122559,0.995728
-0.006958,-0.404663,0.768311
-0.282349,0.214111,0.902832
0.395386,-0.295166,0.937622
-0.542603,-0.066895,0.725830
0.289673,-0.123047,0.982056
0.034302,-0.443848,0.766724
-0.319824,0.185303,0.868652
0.415161,-0.278442,0.950195
-0.525146,-0.054077,0.727783
0.236450,-0.091187,0.985596
0.060913,-0.469604,0.779053
-0.367065,0.124390,0.837891
0.466187,-0.309692,0.976807
-0.486816,-0.031494,0.755981
0.139404,0.022949,0.991089
0.108154,-0.496826,0.783081
-0.404419,0.082153,0.807007
0.464355,-0.265015,0.995728
-0.447632,-0.097046,0.728516
0.100830,0.056641,1.003418
0.162354,-0.474121,0.823975
-0.464111,0.085205,0.795288
0.469849,-0.271973,0.999023
-0.418335,-0.126587,0.731689
0.038330,0.150146,1.022095
0.237793,-0.455200,0.862427
-0.494629,0.071533,0.776855
0.465210,-0.276489,1.003418
-0.352783,-0.168213,0.762085
-0.002319,0.140991,1.015625
0.269653,-0.482788,0.865234
-0.498169,0.053345,0.780884
0.454834,-0.230103,1.020752
-0.291382,-0.214478,0.771851
-0.056152,0.163330,1.003418
0.309204,-0.502319,0.882202
-0.504517,0.008911,0.754883
0.448975,-0.183350,1.044556
-0.239136,-0.167358,0.797119
-0.109741,0.191406,1.005859
0.357788,-0.489380,0.913452
-0.515503,-0.016357,0.761841
0.430542,-0.162842,1.057129
-0.155273,-0.272949,0.793579
-0.163208,0.232544,1.006348
0.378784,-0.449219,0.935303
-0.509277,-0.026978,0.777588
0.422974,-0.180786,1.052856
-0.082031,-0.321533,0.825806
-0.190186,0.195801,0.982178
0.397095,-0.386108,0.963135
-0.497681,-0.054932,0.753540
0.382446,-0.143799,1.058960
0.007202,-0.391479,0.817993
-0.226685,0.192017,0.970703
0.437622,-0.380371,0.976929
-0.475708,-0.104004,0.755127
0.325073,-0.089722,1.050171
0.064453,-0.440674,0.823853
-0.259033,0.150391,0.938599
0.469971,-0.341064,1.007690
-0.463135,-0.091431,0.776245
0.282104,-0.091064,1.035156
0.117432,-0.446289,0.839600
-0.325684,0.123901,0.906860
0.479736,-0.264160,1.049805
-0.429565,-0.147705,0.747925
0.218994,-0.005493,1.050537
0.166626,-0.465088,0.861694
-0.374146,0.111938,0.898682
0.530273,-0.285522,1.076904
-0.377686,-0.151123,0.773071
0.135620,0.091553,1.066040
0.257446,-0.484741,0.900757
-0.405273,0.051392,0.857178
0.528442,-0.252441,1.101440
-0.310303,-0.214111,0.780640
0.065552,0.170654,1.076538
0.308105,-0.480713,0.917847
-0.439575,0.050781,0.835693
0.542847,-0.247803,1.115601
-0.222290,-0.249634,0.838989
-0.023682,0.206299,1.063599
0.346802,-0.457764,0.940063
-0.443481,0.032959,0.827026
0.511230,-0.180664,1.130981
-0.169312,-0.251465,0.853394
-0.043335,0.201172,1.067627
0.390625,-0.420410,0.985596
-0.469604,0.018555,0.814209
0.485718,-0.161011,1.124756
-0.062012,-0.298462,0.877930
-0.094604,0.234497,1.079590
0.417236,-0.383667,1.004272
-0.468506,-0.013306,0.817017
0.472290,-0.171997,1.124512
0.016113,-0.357178,0.896484
-0.148193,0.236694,1.055908
0.453247,-0.359619,1.027710
-0.449097,-0.037720,0.817871
0.446167,-0.122070,1.144653
0.060303,-0.370972,0.901489
-0.182129,0.211304,1.043579
0.488037,-0.320190,1.057251
-0.436035,-0.062866,0.813232
0.392456,-0.078125,1.140015
0.090332,-0.389526,0.899292
-0.225220,0.191895,1.033325
0.537598,-0.267822,1.116455
-0.419800,-0.082397,0.808960
0.314941,-0.012451,1.106812
0.157471,-0.447266,0.903198
-0.279175,0.149780,0.985107
0.565308,-0.269653,1.140259
-0.384644,-0.128296,0.799194
0.227295,0.071045,1.115601
0.243530,-0.444702,0.932129
-0.336792,0.102173,0.944092
0.556641,-0.235229,1.160767
-0.307007,-0.192871,0.842041
0.160767,0.111328,1.107544
0.286255,-0.411255,0.963257
-0.399536,0.063721,0.889648
0.583252,-0.231689,1.167847
-0.228394,-0.226074,0.857666
0.053711,0.197144,1.106567
0.370483,-0.416870,0.983643
-0.429688,0.036987,0.866577
0.543823,-0.179077,1.164429
-0.136963,-0.296753,0.876221
-0.022095,0.211548,1.099609
0.399292,-0.380005,0.998535
-0.433838,0.019531,0.859009
0.529907,-0.139160,1.189453
-0.045532,-0.338257,0.869507
-0.076416,0.208862,1.097290
0.431396,-0.343506,1.032715
-0.456909,-0.017090,0.840332
0.496582,-0.136597,1.175781
-0.017944,-0.380371,0.867065
-0.126221,0.219604,1.083740
0.465454,-0.335327,1.044189
-0.477051,0.009521,0.830444
0.462891,-0.114746,1.168335
0.017456,-0.367188,0.899536
-0.189087,0.197144,1.059814
0.504883,-0.305054,1.100708
-0.448242,-0.035034,0.810181
0.401001,-0.050171,1.167480
0.017944,-0.339355,0.894165
-0.243774,0.167480,1.016724
0.544067,-0.301514,1.114502
-0.428345,-0.088013,0.800171
0.341675,0.000854,1.154663
0.077393,-0.369507,0.909912
-0.282471,0.163330,1.005371
0.520508,-0.283325,1.110229
-0.426147,-0.130371,0.795288
0.328979,-0.020264,1.157227
0.112671,-0.369507,0.896118
-0.346191,0.212036,0.953857
0.534546,-0.282104,1.094849
-0.378052,-0.189819,0.796143
0.274536,-0.006104,1.133179
0.136230,-0.387939,0.910278
-0.356934,0.154907,0.921997
0.532593,-0.274902,1.093628
-0.379883,-0.168335,0.788330
0.229980,0.011597,1.110718
0.173462,-0.403687,0.925415
-0.388550,0.150269,0.927124
0.513428,-0.225708,1.094849
-0.359253,-0.200073,0.791016
0.166870,0.043701,1.101807
0.201782,-0.412109,0.920776
-0.435303,0.138062,0.881836
0.526367,-0.225098,1.108398
-0.350342,-0.184204,0.790405
0.101807,0.095459,1.084351
0.240234,-0.406128,0.921753
-0.450073,0.077759,0.867554
0.516846,-0.224854,1.111328
-0.290283,-0.260254,0.784058
0.030518,0.144165,1.062866
0.278809,-0.416870,0.913940
-0.483398,0.064209,0.833252
0.506592,-0.209229,1.098267
-0.230713,-0.282593,0.785767
-0.019043,0.124634,1.036743
0.286621,-0.382812,0.920654
-0.502441,0.035767,0.809937
0.500122,-0.219482,1.100586
-0.189941,-0.311646,0.776611
-0.083374,0.156494,1.014648
0.311279,-0.356445,0.932617
-0.513306,0.024780,0.787598
0.472168,-0.211426,1.101807
-0.163574,-0.357300,0.763550
-0.162109,0.150879,0.987427
0.340698,-0.344360,0.934448
-0.529541,-0.024658,0.768799
0.434692,-0.158203,1.107422
-0.131226,-0.350464,0.777588
-0.254883,0.185913,0.969727
0.392212,-0.328125,0.981201
-0.553711,-0.039673,0.749634
0.368408,-0.135498,1.080933
-0.116333,-0.370728,0.773804
-0.291626,0.170532,0.936035
0.414917,-0.306030,0.990601
-0.536865,0.014893,0.755859
0.274658,-0.075684,1.062134
-0.039673,-0.395874,0.804688
-0.367310,0.131836,0.908569
-0.491699,-0.069214,0.743530
0.029785,-0.364624,0.838379
-0.454102,0.153809,0.879883
0.433472,-0.315308,1.008301
-0.470459,-0.160889,0.733521
0.124023,0.089600,1.046997
0.074829,-0.372314,0.823486
-0.499634,0.142334,0.851318
0.454590,-0.278809,1.032837
-0.443848,-0.199829,0.714111
0.058838,0.096313,1.030396
0.133057,-0.421143,0.830811
-0.541870,0.149048,0.826416
0.438721,-0.248657,1.017334
-0.367310,-0.219604,0.729614
0.007690,0.127930,1.029907
0.183350,-0.400146,0.853149
-0.576050,0.113403,0.789673
0.446045,-0.247070,1.017334
-0.300415,-0.269043,0.737549
-0.081543,0.146606,0.988159
0.241333,-0.402954,0.865112
-0.579224,0.093750,0.778198
0.406128,-0.188354,1.023926
-0.241211,-0.321533,0.717529
-0.133057,0.129395,0.964966
0.268188,-0.367798,0.876587
-0.606812,0.065430,0.747559
0.409058,-0.195679,1.032837
-0.196167,-0.359863,0.724854
-0.238037,0.190430,0.939819
0.314453,-0.357544,0.907227
-0.583984,0.003052,0.733032
0.368652,-0.164307,1.026489
-0.162964,-0.364380,0.715820
-0.303833,0.195679,0.904419
0.359497,-0.352417,0.929688
-0.578003,-0.018433,0.721802
0.311035,-0.098877,1.024048
-0.125122,-0.382568,0.721680
-0.367310,0.188965,0.876221
0.386230,-0.341675,0.938721
-0.573853,-0.026367,0.702515
0.254639,-0.080688,1.012695
-0.055298,-0.410522,0.759399
-0.444336,0.220093,0.864014
0.401733,-0.293823,0.953125
-0.521851,-0.040527,0.723145
0.135742,0.022461,1.005371
0.041382,-0.435913,0.792236
-0.520752,0.216797,0.843506
0.414429,-0.252808,0.968506
-0.445435,-0.110718,0.726562
0.041992,0.121704,1.008545
0.130493,-0.418335,0.816650
-0.567627,0.191772,0.827271
0.418091,-0.215942,0.989624
-0.345947,-0.204346,0.732056
-0.031616,0.137817,0.996338
0.221680,-0.399414,0.864380
-0.608398,0.155884,0.780762
0.418335,-0.179199,1.000366
-0.236084,-0.274902,0.733643
-0.145630,0.193970,0.966553
0.299805,-0.404907,0.902832
-0.599731,0.090942,0.760864
0.378906,-0.114258,1.020386
-0.168213,-0.339600,0.706299
-0.230591,0.208618,0.927124
0.359497,-0.366089,0.914673
-0.592041,0.022949,0.726685
0.316406,-0.077393,1.005371
-0.097412,-0.372681,0.728760
-0.334717,0.218018,0.887573
0.401001,-0.345825,0.930542
-0.553955,-0.008423,0.729004
0.227295,-0.041382,0.984131
-0.024658,-0.402588,0.748291
-0.428589,0.204956,0.855957
0.430176,-0.275269,0.960327
-0.497070,-0.072632,0.727417
0.133179,0.056396,1.004761
0.048584,-0.417847,0.784058
-0.497192,0.197510,0.824463
0.436646,-0.229492,0.984863
-0.406250,-0.113647,0.761841
0.059326,0.114014,1.008423
0.144165,-0.393555,0.830688
-0.571289,0.181519,0.793213
0.435059,-0.205688,0.987915
-0.302856,-0.204590,0.757935
-0.030273,0.158936,0.995361
0.241577,-0.377075,0.874268
-0.592773,0.154541,0.761108
0.413452,-0.164673,1.003174
-0.187622,-0.300659,0.747803
-0.136353,0.190796,0.951294
0.308716,-0.368774,0.897461
-0.583130,0.082397,0.746460
0.396484,-0.123169,1.022217
-0.118530,-0.332886,0.740845
-0.245972,0.205444,0.903320
0.387451,-0.377808,0.923950
-0.553223,0.019409,0.757202
0.326050,-0.073730,1.013550
-0.052856,-0.374878,0.735596
-0.324219,0.203979,0.858765
0.418945,-0.319458,0.946167
-0.515381,-0.062622,0.731201
0.247070,-0.028564,1.003052
0.011597,-0.416016,0.755005
-0.393433,0.183472,0.841309
0.428711,-0.276367,0.963379
-0.478271,-0.087158,0.743164
0.154419,0.046753,1.019775
0.092896,-0.428711,0.807251
-0.495728,0.171021,0.797974
0.440674,-0.251709,0.977295
-0.397949,-0.151367,0.744995
0.040527,0.114502,1.013062
0.164795,-0.423706,0.822632
-0.536255,0.142212,0.776245
0.454712,-0.196289,1.001709
-0.287842,-0.170044,0.776245
-0.065308,0.171997,0.992554
0.262573,-0.433472,0.867188
-0.559082,0.055420,0.742432
0.432007,-0.177612,1.017090
-0.154907,-0.277222,0.774048
-0.148438,0.200439,0.962646
0.324097,-0.367310,0.901489
-0.565918,0.081299,0.759888
0.380493,-0.135986,1.016968
-0.052002,-0.358643,0.803589
-0.234619,0.166382,0.914429
0.386597,-0.351440,0.940430
-0.551636,0.056519,0.752319
0.294800,-0.046509,1.002319
-0.005127,-0.402100,0.776245
-0.299438,0.109863,0.860229
0.441528,-0.349609,0.965820
-0.509033,-0.032837,0.733398
0.202881,0.012939,1.003418
0.055664,-0.435913,0.772095
-0.381592,0.118652,0.830322
0.461182,-0.345825,0.974609
-0.481079,-0.103027,0.752075
0.137085,0.025757,0.998779
0.108643,-0.456787,0.790161
-0.438354,0.133789,0.811768
0.464478,-0.259155,0.993042
-0.408447,-0.163330,0.753784
0.075317,0.074219,1.017822
0.171753,-0.492310,0.817627
-0.494995,0.081055,0.765869
0.449585,-0.191284,1.028076
-0.340210,-0.202515,0.756592
-0.145752,0.230347,0.982910
0.335083,-0.424316,0.903564
-0.568359,0.078247,0.764160
0.402954,-0.128296,1.036133
-0.102051,-0.291626,0.787964
-0.208130,0.214478,0.929932
0.349121,-0.371216,0.914673
-0.562012,0.018311,0.755127
0.367432,-0.162842,1.001953
-0.036255,-0.380249,0.785400
-0.263916,0.199585,0.889038
0.390381,-0.312988,0.930176
-0.557007,0.006470,0.729126
0.295166,-0.129761,0.979492
0.030518,-0.417969,0.800049
-0.323975,0.131592,0.851074
0.428589,-0.288452,0.965088
-0.516113,0.023071,0.754517
0.200439,-0.000244,0.989746
0.080322,-0.451416,0.796021
-0.407959,0.102905,0.806519
0.448242,-0.248413,1.000854
-0.459473,-0.080566,0.731689
0.130127,0.088013,1.026733
0.104614,-0.447144,0.788452
-0.455933,0.102173,0.794067
0.486572,-0.278442,1.005737
-0.423340,-0.130493,0.743774
0.051270,0.119629,1.011230
0.179565,-0.479614,0.821533
-0.480591,0.071533,0.770874
0.471191,-0.258789,1.020508
-0.362915,-0.189453,0.746338
-0.002319,0.160889,1.026245
0.237061,-0.493896,0.838745
-0.510864,0.044067,0.755005
0.460571,-0.229004,1.031982
-0.266357,-0.192383,0.774292
-0.072388,0.201782,1.024658
0.287476,-0.425171,0.886719
-0.530762,0.011597,0.754517
0.438965,-0.241455,1.031616
-0.201050,-0.280273,0.789062
-0.101807,0.222168,1.023438
0.322266,-0.410278,0.907349
-0.556396,0.060669,0.765381
0.427612,-0.215454,1.047852
-0.103882,-0.344116,0.797852
-0.147461,0.219727,1.020996
0.350586,-0.377441,0.932861
-0.562256,0.059204,0.771973
0.423340,-0.250610,1.010010
-0.051636,-0.379272,0.819946
-0.195068,0.189819,0.976318
0.379272,-0.372437,0.952148
-0.525879,-0.020752,0.749390
0.381226,-0.142578,1.043213
0.007935,-0.406006,0.808472
-0.227051,0.192261,0.968384
0.401733,-0.379883,0.943604
-0.498779,-0.078247,0.741333
0.363037,-0.132568,1.058228
0.053223,-0.420044,0.844971
-0.267700,0.190674,0.939575
0.443237,-0.372803,0.979004
-0.481323,-0.090698,0.750000
0.294556,-0.091919,1.037964
0.075317,-0.470337,0.814819
-0.276978,0.136108,0.934570
0.463745,-0.312988,1.006958
-0.471313,-0.078247,0.752808
0.249634,-0.018921,1.043823
0.105957,-0.439331,0.850220
-0.313110,0.127197,0.941772
0.494873,-0.339111,1.031494
-0.474243,-0.096680,0.734253
0.217773,0.005981,1.036987
0.145508,-0.430542,0.870239
-0.343994,0.123291,0.925781
0.528442,-0.319214,1.071045
-0.437744,-0.107056,0.756226
0.167725,0.060059,1.051514
0.205078,-0.461792,0.883667
-0.363281,0.086792,0.902466
0.527954,-0.308350,1.074463
-0.401733,-0.144531,0.756470
0.151367,0.088135,1.047241
0.218750,-0.421875,0.890869
-0.366699,0.075439,0.893555
0.542114,-0.318970,1.086670
-0.383545,-0.194946,0.760376
0.136230,0.087524,1.051147
0.242188,-0.434570,0.917969
-0.384399,0.076904,0.887695
0.556396,-0.287720,1.104004
-0.352783,-0.190918,0.789917
0.104126,0.094727,1.057617
0.275269,-0.479736,0.910522
-0.392822,0.042114,0.866943
0.554321,-0.240234,1.126343
-0.289917,-0.194702,0.817993
0.051758,0.143311,1.047485
0.312256,-0.455200,0.938965
-0.397339,0.009033,0.854370
0.552856,-0.242676,1.128174
-0.273438,-0.210693,0.826904
0.050781,0.129150,1.052368
0.344116,-0.431396,0.965576
-0.416992,0.034180,0.854370
0.538452,-0.197632,1.138672
-0.195068,-0.224365,0.861450
0.005615,0.170288,1.076294
0.360229,-0.418335,0.968384
-0.455811,0.035522,0.840942
0.540894,-0.175781,1.152100
-0.128784,-0.273560,0.868774
-0.044434,0.235107,1.098511
0.395386,-0.403687,0.993530
-0.457275,0.006104,0.837646
0.518677,-0.198120,1.144775
-0.034790,-0.319824,0.897705
-0.085693,0.215454,1.075073
0.427856,-0.327881,1.022217
-0.447510,-0.002075,0.822388
0.478394,-0.144043,1.146729
0.043091,-0.389282,0.909058
-0.126953,0.197876,1.079346
0.463745,-0.347168,1.039795
-0.449951,-0.001953,0.816040
0.445557,-0.086914,1.147461
0.044678,-0.344971,0.915527
-0.178101,0.163940,1.079346
0.502563,-0.321655,1.104492
-0.441162,-0.044312,0.821045
0.397705,-0.013062,1.156128
0.077026,-0.342407,0.910278
-0.237915,0.237915,1.059082
0.547729,-0.303711,1.127075
-0.413330,-0.109253,0.823242
0.343140,-0.011353,1.140991
0.100586,-0.359009,0.916504
-0.251099,0.168823,1.008667
0.569824,-0.253418,1.152954
-0.395630,-0.133057,0.816040
0.310059,0.002930,1.146606
0.155273,-0.400879,0.923584
-0.296021,0.154541,0.973999
0.568481,-0.259644,1.136963
-0.346924,-0.154785,0.826050
0.258545,0.037354,1.131958
0.211182,-0.414307,0.935791
-0.339600,0.134766,0.936279
0.572388,-0.257202,1.135132
-0.319458,-0.197144,0.826538
0.182251,0.085205,1.131714
0.281738,-0.435669,0.953735
-0.389160,0.124268,0.927734
0.563599,-0.225952,1.133179
-0.266479,-0.221313,0.842163
0.105591,0.130249,1.109619
0.316284,-0.415894,0.973145
-0.424072,0.079102,0.886230
0.572144,-0.207520,1.154053
-0.204224,-0.272095,0.836548
0.034424,0.174438,1.100464
0.334595,-0.375977,0.968506
-0.447876,0.032959,0.864624
0.569946,-0.225220,1.154907
-0.093140,-0.311401,0.883301
-0.044312,0.206787,1.081909
0.345093,-0.326172,0.973755
-0.449829,-0.003784,0.834229
0.539917,-0.218140,1.160400
-0.067383,-0.363892,0.863892
-0.096069,0.186035,1.067749
0.385376,-0.327759,0.977661
-0.474731,-0.012207,0.801147
0.486572,-0.157349,1.155396
-0.017334,-0.394409,0.871216
-0.177612,0.205811,1.057373
0.425537,-0.306519,1.010010
-0.496826,-0.016113,0.783081
0.444824,-0.132935,1.160522
0.007812,-0.361328,0.879517
-0.233276,0.221802,1.041138
0.476196,-0.289795,1.061279
-0.490845,-0.062744,0.769897
0.343262,-0.070312,1.130249
0.077026,-0.403320,0.886597
-0.310059,0.182251,0.975952
0.510986,-0.287964,1.068115
-0.426392,-0.086792,0.787109
0.223877,0.017944,1.105957
0.111328,-0.418945,0.878174
-0.360962,0.081787,0.916992
0.537842,-0.268555,1.105225
-0.395996,-0.140991,0.777832
0.144775,0.123169,1.109131
0.188599,-0.391968,0.907959
-0.434937,0.111084,0.891724
0.505493,-0.264648,1.074585
-0.339355,-0.218994,0.792480
0.075684,0.133911,1.072632
0.216919,-0.374634,0.900757
-0.447632,0.043457,0.848267
0.490967,-0.189941,1.109985
-0.260620,-0.260742,0.791748
-0.010132,0.119385,1.045898
0.276733,-0.399414,0.920654
-0.490723,0.022461,0.818115
0.482910,-0.193604,1.090576
-0.187866,-0.320068,0.766357
-0.114380,0.137451,0.997803
0.341675,-0.374268,0.941284
-0.517578,-0.009033,0.786743
0.429443,-0.158691,1.090576
-0.142334,-0.320068,0.779663
-0.203613,0.183228,1.003418
0.384399,-0.359985,0.971191
-0.551025,0.009155,0.765381
0.364502,-0.135498,1.073486
-0.075928,-0.377197,0.788086
-0.284790,0.187988,0.949829
0.399292,-0.282959,0.992798
-0.525146,-0.074219,0.737427
0.271484,-0.090698,1.052368
-0.036621,-0.382935,0.799072
-0.377441,0.146851,0.902344
0.437256,-0.269409,1.026001
-0.475098,-0.137451,0.716064
0.178711,0.030518,1.053101
0.057495,-0.387939,0.831177
-0.473999,0.138062,0.865356
0.449829,-0.269775,1.045532
-0.458496,-0.178955,0.714600
0.089355,0.078857,1.037598
0.130249,-0.411377,0.835205
-0.513916,0.126831,0.841919
0.458130,-0.254883,1.041504
-0.359863,-0.223267,0.748047
0.011353,0.123657,1.023926
0.178223,-0.400879,0.847290
-0.555786,0.089600,0.795776
0.462036,-0.248901,1.045166
-0.294556,-0.300049,0.737183
-0.063721,0.152954,1.000122
0.221436,-0.402588,0.848267
-0.595459,0.120972,0.784668
0.458252,-0.275391,1.028442
-0.240601,-0.342896,0.746094
-0.115356,0.118408,0.962280
0.242676,-0.363647,0.872192
-0.587158,0.081299,0.743164
0.432129,-0.223022,1.035278
-0.217529,-0.358521,0.728516
-0.169678,0.133545,0.947876
0.279297,-0.369995,0.885864
-0.580200,0.067993,0.743530
0.406738,-0.201294,1.024292
-0.195557,-0.332275,0.728271
-0.234985,0.169922,0.939941
0.318237,-0.388672,0.888916
-0.583374,0.036255,0.747559
0.398682,-0.181641,1.035034
-0.199585,-0.326172,0.717529
-0.281982,0.198486,0.910400
0.359863,-0.370972,0.922974
-0.585571,0.007202,0.737061
0.356812,-0.150635,1.034790
-0.169189,-0.357056,0.714478
-0.309326,0.191895,0.905273
0.365967,-0.339600,0.921997
-0.580566,-0.010986,0.728149
0.316772,-0.125732,1.025635
-0.134277,-0.394287,0.723999
-0.348633,0.194214,0.886108
0.381592,-0.336914,0.923706
-0.581421,-0.011108,0.709106
0.266357,-0.074707,1.010986
-0.072266,-0.404541,0.747314
-0.397827,0.192627,0.871826
0.385986,-0.308105,0.937988
-0.552246,-0.041748,0.708984
0.225342,-0.044189,1.009277
-0.033936,-0.417358,0.764282
-0.461792,0.225830,0.848999
0.403320,-0.285400,0.938477
-0.516479,-0.075439,0.712891
0.160400,-0.013672,1.008301
0.013062,-0.412109,0.781860
-0.506592,0.246216,0.841919
0.421631,-0.267578,0.955444
-0.477539,-0.121582,0.722534
0.109253,0.024536,1.021240
0.080200,-0.417603,0.807373
-0.555420,0.243408,0.825317
0.423950,-0.240112,0.963135
-0.393799,-0.172119,0.739624
0.038696,0.085938,1.016724
0.139526,-0.413086,0.825073
-0.567261,0.186401,0.804077
0.419434,-0.185303,0.993896
-0.338257,-0.183350,0.733765
-0.031494,0.141113,1.001465
0.226929,-0.414307,0.857666
-0.585205,0.160400,0.789917
0.417725,-0.164185,1.002930
-0.271973,-0.224365,0.739746
-0.124390,0.179810,0.967407
0.296875,-0.399658,0.892700
-0.586914,0.124268,0.779053
0.394897,-0.118896,1.014038
-0.195190,-0.288696,0.732666
-0.183472,0.188599,0.942261
0.338989,-0.390137,0.902344
-0.599121,0.078491,0.750000
0.383179,-0.125122,1.019287
-0.123413,-0.348511,0.725708
-0.265747,0.221313,0.907349
0.370728,-0.332886,0.911255
-0.563843,0.048584,0.741699
0.317871,-0.079346,1.021240
-0.080444,-0.398804,0.726318
-0.304199,0.197144,0.880859
0.389771,-0.305664,0.920654
-0.558594,0.016602,0.728394
0.261353,-0.039551,1.001221
-0.008911,-0.424927,0.756958
-0.382568,0.202271,0.850464
0.408447,-0.266846,0.939941
-0.505615,-0.026123,0.731567
0.196289,0.002197,1.010010
0.020386,-0.433594,0.759766
-0.441895,0.213013,0.837036
0.441895,-0.237549,0.966309
-0.473145,-0.044556,0.753906
0.122070,0.083984,1.027100
0.074707,-0.430664,0.780762
-0.476440,0.173950,0.804321
0.438110,-0.225220,0.975708
-0.423584,-0.115356,0.759399
0.062378,0.109375,1.023193
0.138916,-0.441040,0.819580
-0.541016,0.163696,0.790771
0.445557,-0.210205,0.989868
-0.348145,-0.142334,0.762207
-0.017456,0.170410,1.015137
0.225342,-0.432251,0.854858
-0.567993,0.116089,0.761353
0.457397,-0.174683,1.024292
-0.243774,-0.212036,0.762207
-0.111572,0.211060,0.979126
0.296387,-0.415527,0.885498
-0.571533,0.066406,0.760132
0.430908,-0.171631,1.032715
-0.161743,-0.286133,0.767944
-0.178833,0.232544,0.944092
0.343140,-0.355835,0.893921
-0.559692,0.055786,0.772827
0.386108,-0.162964,1.015259
-0.080933,-0.369751,0.774536
-0.243652,0.210449,0.905762
0.377563,-0.328369,0.923584
-0.556152,0.032471,0.752075
0.330811,-0.146484,0.994995
-0.020020,-0.416260,0.773926
-0.299683,0.161499,0.860596
0.418335,-0.291992,0.938110
-0.528687,0.028442,0.762817
0.245483,-0.063110,0.986084
0.049805,-0.447876,0.781494
-0.348755,0.115723,0.838623
0.428711,-0.280273,0.962769
-0.502686,-0.029419,0.742676
0.176147,0.009277,0.999268
0.085205,-0.473145,0.774780
-0.417358,0.139160,0.818237
0.460571,-0.272095,0.980103
-0.439331,-0.066650,0.762573
0.100342,0.070435,1.009399
0.122925,-0.455688,0.806519
-0.473389,0.104614,0.785645
0.475464,-0.297363,0.989990
-0.383423,-0.139893,0.762695
0.023804,0.168701,1.033325
0.206787,-0.403931,0.851807
-0.518799,0.057739,0.753174
0.455322,-0.290039,0.997559
-0.309814,-0.228149,0.769165
-0.030640,0.171265,1.015259
0.265015,-0.416382,0.878174
-0.520752,0.064941,0.757324
0.441406,-0.245117,1.011841
-0.230591,-0.251465,0.782959
-0.113770,0.173218,0.980591
0.343018,-0.468506,0.903076
-0.526489,0.037842,0.767578
0.407593,-0.163208,1.021851
-0.145996,-0.279053,0.786499
-0.179688,0.193848,0.968994
0.368774,-0.439087,0.929077
-0.526978,-0.025513,0.757812
0.389648,-0.127075,1.047729
-0.061523,-0.334351,0.797485
-0.235352,0.186523,0.938721
0.405029,-0.399170,0.952393
-0.496582,-0.075928,0.756958
0.334351,-0.096191,1.040649
0.028687,-0.432983,0.801514
-0.291626,0.166626,0.909668
0.428345,-0.365967,0.961304
-0.474365,-0.086792,0.761353
0.274536,-0.075684,1.024292
0.086548,-0.472656,0.809937
-0.347290,0.130127,0.874878
0.465210,-0.325806,0.990112
-0.445312,-0.084839,0.767700
0.194336,-0.003296,1.025146
0.131104,-0.487061,0.826660
-0.389404,0.093384,0.850708
0.479980,-0.274414,1.020874
-0.411133,-0.122803,0.759277
0.111694,0.075195,1.033813
0.217407,-0.473633,0.884033
-0.416260,0.026855,0.820923
0.495239,-0.256714,1.055298
-0.371460,-0.150391,0.764526
0.028687,0.140015,1.027100
0.286621,-0.463135,0.898560
-0.444458,-0.008423,0.798218
0.490112,-0.262451,1.061035
-0.301514,-0.214111,0.777344
-0.008789,0.164673,1.036865
0.317627,-0.419800,0.934326
-0.477539,-0.013428,0.783936
0.488892,-0.260498,1.068237
-0.212158,-0.270020,0.800171
-0.049194,0.171387,1.032593
0.347656,-0.414429,0.951782
-0.501587,0.041504,0.800537
0.468140,-0.210693,1.070923
-0.120850,-0.312134,0.838501
-0.096436,0.157471,1.018555
0.399170,-0.384888,0.978516
-0.494629,0.019653,0.786621
0.440796,-0.145508,1.083618
-0.052856,-0.340576,0.851074
-0.132690,0.168823,1.041016
0.428467,-0.391357,0.996582
-0.481201,-0.018555,0.793701
0.419312,-0.117920,1.091553
0.019897,-0.353149,0.871826
-0.192139,0.173096,1.018188
0.455322,-0.386475,1.022949
-0.455566,-0.087769,0.789673
0.404785,-0.097534,1.104370
0.071655,-0.363403,0.870972
-0.235596,0.214966,1.007202
0.484863,-0.329712,1.042480
-0.418701,-0.139160,0.792236
0.357422,-0.093628,1.105835
0.084595,-0.390137,0.871216
-0.272095,0.194702,0.981812
0.521484,-0.302490,1.071289
-0.399414,-0.140015,0.807251
0.286865,-0.041870,1.090942
0.146240,-0.412109,0.903442
-0.317993,0.163452,0.953979
0.547363,-0.269409,1.104858
-0.374146,-0.144531,0.807983
0.236816,-0.002075,1.095581
0.199585,-0.455688,0.911621
-0.344727,0.109497,0.921875
0.559570,-0.254028,1.124146
-0.344482,-0.174561,0.808838
0.172485,0.079834,1.097168
0.278076,-0.479858,0.927612
-0.383911,0.078613,0.898315
0.552734,-0.229858,1.128662
-0.282471,-0.200439,0.821777
0.099731,0.145386,1.093262
0.331909,-0.462402,0.963867
-0.395142,0.043945,0.880859
0.542847,-0.201904,1.145264
-0.221680,-0.224487,0.846191
0.049072,0.207397,1.102051
0.368042,-0.419312,0.987793
-0.428589,0.043945,0.867798
0.549683,-0.203613,1.156738
-0.148438,-0.286743,0.866455
-0.017212,0.213135,1.088745
0.395874,-0.393921,1.000610
-0.444946,0.015991,0.848633
0.539795,-0.190308,1.159424
-0.079468,-0.312500,0.884888
-0.068359,0.226074,1.099854
0.421631,-0.367188,1.018921
-0.435547,-0.024780,0.841797
0.510254,-0.145996,1.168579
-0.013062,-0.355713,0.894409
-0.103271,0.231812,1.091919
0.450806,-0.342285,1.031250
-0.441040,-0.017578,0.838257
0.484375,-0.143921,1.168091
0.012085,-0.361694,0.890259
-0.128784,0.229004,1.083252
0.467163,-0.312744,1.056763
-0.441162,-0.040039,0.828491
0.479492,-0.127075,1.178589
0.020020,-0.381592,0.890503
-0.204956,0.235107,1.053833
0.505249,-0.311401,1.091431
-0.419800,-0.073364,0.813110
0.426514,-0.063110,1.173218
0.052246,-0.351807,0.907593
-0.233032,0.214478,1.032227
0.535034,-0.285645,1.105225
-0.406006,-0.101074,0.822876
0.348511,-0.035889,1.148804
0.101440,-0.385864,0.916748
-0.274536,0.184448,0.996094
0.544434,-0.259644,1.120728
-0.385376,-0.112915,0.820190
0.289673,-0.010742,1.149048
0.169678,-0.415283,0.922852
-0.322754,0.146851,0.945312
0.545288,-0.232910,1.119995
-0.334106,-0.153076,0.816650
0.217407,0.054199,1.125244
0.234741,-0.413086,0.946899
-0.381104,0.118042,0.913574
0.557983,-0.230469,1.132690
-0.296875,-0.220459,0.807251
0.118652,0.108032,1.108887
0.287842,-0.413696,0.956055
-0.421265,0.087524,0.892944
0.549805,-0.185425,1.143066
-0.232300,-0.265625,0.821045
0.029175,0.152466,1.092163
0.333496,-0.391602,0.963135
-0.446533,0.039307,0.857056
0.525269,-0.162842,1.141846
-0.114868,-0.325684,0.833496
-0.045410,0.149780,1.062012
0.354858,-0.358643,0.978760
-0.473999,-0.015503,0.823608
0.505737,-0.177002,1.142212
-0.087036,-0.324219,0.846069
-0.124512,0.182129,1.048828
0.395508,-0.316895,1.000854
-0.486694,-0.005127,0.804321
0.447754,-0.151123,1.137817
-0.046143,-0.384888,0.851440
-0.228516,0.196533,1.022461
0.446533,-0.312744,1.030884
-0.483643,-0.044434,0.768066
0.382812,-0.085571,1.135010
0.000854,-0.360352,0.863892
-0.310547,0.189331,0.975586
0.478149,-0.306030,1.040161
-0.442993,-0.094971,0.766479
0.295898,-0.019165,1.118530
0.054199,-0.381958,0.861694
-0.365967,0.169678,0.937622
0.500610,-0.308228,1.056030
-0.421387,-0.133667,0.766968
0.213135,0.036133,1.114990
0.117310,-0.394409,0.878662
-0.420654,0.153442,0.898682
0.508667,-0.269653,1.066406
-0.403320,-0.171509,0.769165
0.112671,0.063599,1.064697
0.192383,-0.419189,0.889526
-0.462158,0.107422,0.851318
0.500610,-0.216553,1.078735
-0.335815,-0.216309,0.784424
0.024170,0.114746,1.040894
0.234253,-0.419067,0.891602
-0.489868,0.078247,0.836792
0.491943,-0.197266,1.074829
-0.259521,-0.265259,0.768433
-0.038574,0.122681,1.033936
0.273071,-0.426880,0.889526
-0.535278,0.046631,0.788330
0.473145,-0.210571,1.078003
-0.202026,-0.294556,0.763916
-0.126953,0.168579,1.012573
0.316284,-0.403809,0.910278
-0.549316,-0.003540,0.772949
0.439209,-0.211060,1.058350
-0.176758,-0.300049,0.753296
-0.197998,0.188110,0.979736
0.351562,-0.352051,0.940796
-0.562256,-0.024780,0.751831
0.402466,-0.188599,1.062500
-0.143188,-0.367554,0.744873
-0.270752,0.185791,0.936157
0.382935,-0.343140,0.961182
-0.559204,-0.002930,0.760376
0.339111,-0.156982,1.041382
-0.107666,-0.375122,0.774170
-0.314453,0.151123,0.906860
0.388428,-0.297729,0.977661
-0.561523,-0.032227,0.717163
0.271362,-0.085938,1.053589
-0.046631,-0.403931,0.793701
-0.403320,0.184692,0.898438
0.414795,-0.307861,0.977905
-0.520630,-0.093384,0.711182
0.177612,-0.020142,1.030884
0.015381,-0.416870,0.794434
-0.485229,0.201050,0.865723
0.441772,-0.280151,1.002563
-0.485229,-0.090454,0.743652
0.079590,0.056396,1.019775
0.090210,-0.453979,0.805176
-0.520874,0.143066,0.837646
0.453613,-0.239624,1.027832
-0.398438,-0.148315,0.745728
0.001709,0.141235,1.016235
0.172729,-0.409912,0.838257
-0.581787,0.115479,0.794922
0.444092,-0.241211,1.022827
-0.308716,-0.273438,0.720337
-0.084595,0.151489,0.973999
0.230591,-0.409790,0.855957
-0.594727,0.090820,0.773560
0.425659,-0.213135,1.026855
-0.244995,-0.312500,0.717285
-0.156860,0.171021,0.964844
0.292358,-0.359985,0.896362
-0.621948,0.055054,0.754517
0.395142,-0.200439,1.020264
-0.196045,-0.369995,0.703979
-0.230835,0.178589,0.931396
0.342041,-0.360840,0.913208
-0.615601,0.043945,0.730103
0.345459,-0.136597,1.019409
-0.140747,-0.378540,0.721924
-0.297607,0.178101,0.909302
0.370117,-0.357056,0.921631
-0.607422,0.044189,0.726074
0.272461,-0.083008,1.004150
-0.095825,-0.399902,0.740601
-0.366577,0.183228,0.891235
0.397949,-0.331543,0.945801
-0.583618,0.022339,0.700073
0.204224,-0.022827,0.996094
-0.017578,-0.391602,0.776733
-0.448120,0.194214,0.870117
0.398438,-0.275757,0.963257
-0.533081,-0.058228,0.701416
0.130005,0.050537,0.993042
0.044189,-0.420410,0.790649
-0.514160,0.210083,0.853027
0.425537,-0.249878,0.980591
-0.463013,-0.102295,0.721924
0.062256,0.137695,1.026245
0.116577,-0.406982,0.825684
-0.571899,0.168213,0.803345
0.435425,-0.231689,0.995605
-0.358643,-0.170898,0.728027
-0.008057,0.209595,1.020630
0.175537,-0.390991,0.833862
-0.592651,0.167725,0.787842
0.430542,-0.221924,0.987061
-0.296753,-0.235229,0.738281
-0.058594,0.186523,0.992188
0.234131,-0.394897,0.859863
-0.604126,0.168213,0.785767
0.425415,-0.165649,1.008301
-0.239136,-0.289185,0.717773
-0.260010,0.193237,0.944580
0.346924,-0.377197,0.918335
-0.605469,0.027344,0.739624
0.334473,-0.128052,1.014282
-0.145752,-0.365601,0.712891
-0.304932,0.174316,0.894531
0.379150,-0.357178,0.933105
-0.593872,0.028076,0.730469
0.283447,-0.089233,1.011841
-0.090576,-0.392700,0.743164
-0.382202,0.186401,0.874878
0.385742,-0.313477,0.935913
-0.566772,-0.021362,0.698730
0.220215,-0.038208,1.007202
-0.030396,-0.419189,0.764160
-0.445312,0.206543,0.868896
0.405640,-0.291138,0.958130
-0.539551,-0.023926,0.708008
0.156372,0.052368,1.015015
0.025757,-0.408569,0.781250
-0.507324,0.200806,0.838501
0.426270,-0.264771,0.974487
-0.474365,-0.083740,0.730347
0.084351,0.087524,1.014160
0.084229,-0.413330,0.796631
-0.546021,0.196045,0.815552
0.427490,-0.224976,0.982544
-0.396729,-0.133301,0.745728
0.018555,0.124146,1.012085
0.167358,-0.420898,0.844604
-0.564209,0.157593,0.800415
0.420654,-0.172852,0.998657
-0.320679,-0.168213,0.745728
-0.045654,0.180664,0.996582
0.236084,-0.395996,0.874268
-0.582764,0.102417,0.781616
0.414062,-0.157104,1.024658
-0.263794,-0.234863,0.723022
-0.112671,0.206177,0.976807
0.295044,-0.381226,0.890747
-0.603149,0.080811,0.763916
0.405518,-0.158447,1.028076
-0.183105,-0.304077,0.719727
-0.214111,0.227661,0.936646
0.355103,-0.361206,0.903198
-0.593994,0.046875,0.746460
0.361694,-0.124512,1.019897
-0.121704,-0.382202,0.713379
-0.251221,0.199341,0.889404
0.379639,-0.317871,0.917603
-0.587280,0.051147,0.736450
0.314819,-0.111816,0.998413
-0.035767,-0.430176,0.731079
-0.331787,0.204956,0.858643
0.394165,-0.281738,0.924072
-0.557251,0.025024,0.731079
0.234985,-0.052246,0.979248
0.005371,-0.416748,0.769653
-0.402710,0.177246,0.842041
0.414307,-0.247314,0.956055
-0.509155,-0.002197,0.733398
0.152100,0.065552,1.017212
0.066040,-0.411621,0.794678
-0.480469,0.167114,0.817139
0.436768,-0.246094,0.972412
-0.452271,-0.086670,0.741089
0.095215,0.132935,1.020996
0.127808,-0.394531,0.826904
-0.539185,0.150635,0.789307
0.444580,-0.241577,0.997192
-0.362793,-0.140625,0.755249
0.017822,0.203003,1.025024
0.193237,-0.378906,0.839478
-0.567505,0.134033,0.785645
0.445435,-0.236938,0.995239
-0.275757,-0.229736,0.755615
-0.044922,0.200439,0.994873
0.248291,-0.360596,0.883423
-0.582642,0.123657,0.760132
0.445312,-0.202148,1.009033
-0.199707,-0.257690,0.765503
-0.130737,0.202759,0.961670
0.312012,-0.397461,0.892334
-0.580200,0.083130,0.750000
0.422607,-0.176025,1.022095
-0.137939,-0.299561,0.775024
-0.198853,0.244629,0.946899
0.352905,-0.380981,0.906738
-0.572021,0.055908,0.762329
0.373657,-0.140015,1.010376
-0.075073,-0.352661,0.777832
-0.242188,0.225830,0.916382
0.375610,-0.343872,0.923462
-0.546265,0.007080,0.748779
0.341553,-0.126221,1.001343
-0.022827,-0.414551,0.748169
-0.292480,0.199585,0.877319
0.396851,-0.293701,0.932495
-0.509888,-0.052490,0.746216
0.270752,-0.100098,0.985840
0.035522,-0.456055,0.758789
-0.363159,0.159058,0.833130
0.432983,-0.279907,0.967773
-0.487061,-0.054321,0.753418
0.181274,-0.007202,1.010986
0.099976,-0.479004,0.789185
-0.447754,0.144409,0.811401
0.451904,-0.280396,0.974731
-0.434082,-0.124023,0.746094
0.081299,0.098877,1.026367
0.154053,-0.451660,0.817871
-0.496216,0.093140,0.778320
0.462769,-0.278198,0.996948
-0.370850,-0.181641,0.746460
0.003662,0.173340,1.026001
0.231934,-0.407349,0.865845
-0.538086,0.051025,0.739380
0.456421,-0.270020,1.013184
-0.255249,-0.241943,0.779541
-0.069214,0.197510,1.006348
0.285034,-0.391846,0.891846
-0.564941,0.060059,0.743896
0.431885,-0.256714,1.011230
-0.151855,-0.320435,0.794678
-0.120972,0.179199,0.988770
0.328369,-0.351196,0.913086
-0.559692,0.094360,0.753052
0.403198,-0.176514,1.014404
-0.056763,-0.384888,0.824707
-0.202515,0.122070,0.936646
0.373169,-0.396240,0.936523
-0.547241,0.016113,0.740967
0.360596,-0.109375,1.023804
-0.009888,-0.377441,0.811523
-0.247314,0.170654,0.935303
0.408203,-0.416138,0.936523
-0.516846,-0.053833,0.742554
0.319580,-0.100830,1.017212
0.038208,-0.403076,0.801147
-0.295776,0.176147,0.899902
0.433838,-0.351196,0.963867
-0.475220,-0.103638,0.758789
0.271484,-0.097656,1.016479
0.070068,-0.473877,0.805054
-0.336060,0.136108,0.879028
0.474854,-0.358276,0.992065
-0.457886,-0.100342,0.757935
0.216553,-0.009888,1.040771
0.096436,-0.454590,0.802124
-0.369751,0.114502,0.871582
0.491211,-0.344238,1.010986
-0.427124,-0.177734,0.755127
0.161865,0.023315,1.034180
0.137451,-0.429565,0.833008
-0.410889,0.108521,0.841797
0.506348,-0.333252,1.030640
-0.381348,-0.191162,0.768677
0.103638,0.053101,1.033813
0.215820,-0.446777,0.874756
-0.442993,0.064697,0.800415
0.511230,-0.286621,1.037109
-0.318970,-0.222778,0.778931
0.045288,0.118042,1.040283
0.278687,-0.483643,0.891479
-0.459351,0.033569,0.797363
0.490112,-0.242065,1.063843
-0.254517,-0.239746,0.796997
-0.006226,0.175049,1.051880
0.327148,-0.457642,0.930298
-0.484497,0.044434,0.817017
0.486938,-0.218872,1.081665
-0.188843,-0.282837,0.812622
-0.071777,0.208130,1.059937
0.362427,-0.460327,0.935181
-0.478027,0.026001,0.824341
0.473877,-0.182373,1.093262
-0.144287,-0.260620,0.834229
-0.108398,0.210815,1.038696
0.409790,-0.403442,0.989136
-0.469360,-0.051758,0.797485
0.447388,-0.167236,1.101440
-0.040405,-0.328613,0.857422
-0.165039,0.241455,1.045288
0.426758,-0.392456,0.988159
-0.453613,-0.061157,0.816284
0.430664,-0.153320,1.112793
0.040649,-0.378052,0.884033
-0.196655,0.218994,1.021973
0.463135,-0.338257,1.025391
-0.461914,-0.054688,0.792725
0.391357,-0.108398,1.101196
0.099609,-0.416138,0.882446
-0.223511,0.193359,1.020630
0.476074,-0.308105,1.047363
-0.443359,-0.080444,0.790771
0.348267,-0.083496,1.093872
0.108276,-0.401733,0.902954
-0.267944,0.191650,1.000610
0.514160,-0.267334,1.096680
-0.423584,-0.103882,0.791138
0.298218,-0.012085,1.105591
0.177979,-0.465576,0.906494
-0.324463,0.163208,0.975220
0.546753,-0.258423,1.114136
-0.375488,-0.135254,0.801758
0.227661,0.031738,1.095703
0.233887,-0.456787,0.933838
-0.344604,0.110596,0.918213
0.554810,-0.235107,1.129761
-0.323853,-0.182495,0.809570
0.155273,0.085571,1.095581
0.299805,-0.469604,0.947998
-0.376587,0.067505,0.894531
0.563965,-0.233765,1.139893
-0.284058,-0.208008,0.829834
0.095703,0.142334,1.097534
0.342041,-0.427979,0.980591
-0.418335,0.066040,0.883301
0.566528,-0.213257,1.162231
-0.205811,-0.246460,0.852905
0.024414,0.202148,1.098633
0.371826,-0.406250,0.987061
-0.425537,0.038574,0.882568
0.559448,-0.197754,1.168945
-0.137939,-0.283569,0.871826
-0.039551,0.225220,1.081055
0.406738,-0.378540,1.004150
-0.431519,-0.023926,0.846680
0.544678,-0.166504,1.183838
-0.033325,-0.325806,0.893066
-0.097168,0.238525,1.084106
0.433960,-0.357178,1.023682
-0.439209,-0.030884,0.833740
0.508911,-0.142822,1.191406
0.008545,-0.375854,0.884888
-0.130981,0.232178,1.086792
0.454224,-0.316406,1.047974
-0.456421,-0.036743,0.818237
0.479614,-0.129517,1.179443
0.022217,-0.377930,0.893555
-0.178467,0.234375,1.076050
0.486694,-0.298462,1.078369
-0.459473,-0.037231,0.819580
0.424072,-0.096680,1.161621
0.063110,-0.375000,0.922852
-0.237671,0.213013,1.042847
0.514526,-0.268921,1.110840
-0.419556,-0.064697,0.808716
0.352783,-0.030151,1.141357
0.103760,-0.408203,0.918823
-0.273560,0.156982,1.006714
0.553345,-0.280518,1.127930
-0.381104,-0.114746,0.801880
0.277588,0.058716,1.138428
0.159424,-0.395508,0.924927
-0.304443,0.121094,0.966309
0.563232,-0.284668,1.133911
-0.371826,-0.154907,0.805420
0.235962,0.109619,1.147217
0.180420,-0.414673,0.919556
-0.342651,0.109009,0.944580
0.555786,-0.255737,1.133301
-0.360962,-0.190186,0.792969
0.184448,0.088867,1.123657
0.212402,-0.415283,0.924316
-0.373779,0.100342,0.922974
0.552490,-0.251099,1.122437
-0.331543,-0.201904,0.807617
0.138916,0.121216,1.110352
0.236572,-0.410156,0.930542
-0.393677,0.075684,0.905273
0.541260,-0.226318,1.127930
-0.313477,-0.207520,0.806274
0.101929,0.140503,1.097412
0.257935,-0.397217,0.928955
-0.449585,0.048096,0.855225
0.555298,-0.246216,1.127808
-0.271484,-0.276489,0.791626
0.040649,0.174927,1.090698
0.275513,-0.402100,0.913818
-0.458374,0.039673,0.845215
0.531372,-0.216919,1.122559
-0.233521,-0.269897,0.813110
-0.003540,0.183105,1.078369
0.309570,-0.411621,0.942261
-0.470947,0.033447,0.841553
0.496582,-0.184570,1.112671
-0.197388,-0.286377,0.787842
-0.029419,0.182373,1.063599
0.317261,-0.387451,0.926147
-0.509155,0.014404,0.816772
0.494019,-0.207275,1.101318
-0.169800,-0.329712,0.779419
-0.057129,0.168335,1.039429
0.314819,-0.352051,0.938721
-0.525635,0.007202,0.791992
0.497314,-0.220459,1.101440
-0.148071,-0.329956,0.778809
-0.126343,0.175415,1.016968
0.333984,-0.341553,0.949707
-0.550293,0.006348,0.768188
0.469116,-0.216309,1.101929
-0.163452,-0.364624,0.757202
-0.162109,0.170166,1.009033
0.355347,-0.355835,0.943481
-0.548218,0.019043,0.756958
0.434937,-0.194946,1.085205
-0.158203,-0.398682,0.750000
-0.206055,0.154297,0.984985
0.378906,-0.370972,0.940430
-0.565186,0.041504,0.772583
0.390137,-0.170288,1.065552
-0.127930,-0.350464,0.796021
-0.256714,0.157959,0.963623
0.367432,-0.356689,0.959595
-0.550903,-0.021729,0.760254
0.381592,-0.142944,1.081543
-0.155151,-0.319092,0.769775
-0.271851,0.148071,0.946777
0.370239,-0.336426,0.965820
-0.534668,-0.040161,0.752197
0.349365,-0.108643,1.068359
-0.140625,-0.341064,0.772705
-0.317871,0.167603,0.921631
0.404663,-0.362671,0.961914
-0.552368,-0.040405,0.739380
0.315430,-0.094727,1.055176
-0.114136,-0.353149,0.767944
-0.340698,0.174316,0.913208
0.401855,-0.327026,0.975952
-0.558105,-0.065308,0.718750
0.296875,-0.098389,1.046265
-0.095703,-0.363403,0.774902
-0.376465,0.184082,0.898560
0.399780,-0.338379,0.958740
-0.547974,-0.039673,0.726929
0.250854,-0.101440,1.021362
-0.065918,-0.404663,0.780029
-0.396729,0.179199,0.884644
0.399048,-0.277466,0.980835
-0.547363,-0.044922,0.707153
0.198975,-0.030518,1.029297
-0.010620,-0.426514,0.787842
-0.432617,0.181885,0.886353
0.397705,-0.274780,0.980469
-0.552368,-0.038940,0.709717
0.157471,-0.001587,1.002808
0.047119,-0.423584,0.815796
-0.493530,0.184692,0.854980
0.403931,-0.255737,0.977783
-0.508667,-0.071533,0.730103
0.090088,0.072388,1.021362
0.068726,-0.447388,0.790649
-0.515869,0.183716,0.860474
0.422485,-0.272705,0.987671
-0.470581,-0.118164,0.728394
0.037231,0.115845,0.998901
0.122070,-0.390869,0.823975
-0.548950,0.142578,0.822021
0.442993,-0.244873,1.028076
-0.400146,-0.179321,0.718140
-0.015747,0.166016,1.000244
0.172363,-0.410645,0.823120
-0.583252,0.118530,0.801758
0.428345,-0.235962,0.996094
-0.330566,-0.233643,0.721802
-0.049683,0.179810,0.982544
0.211426,-0.384277,0.841553
-0.603760,0.107788,0.765747
0.424438,-0.228760,1.009888
-0.263062,-0.307373,0.709595
-0.086914,0.188965,0.973267
0.234009,-0.367554,0.854858
-0.621094,0.131470,0.769897
0.428467,-0.216553,1.017090
-0.218750,-0.359863,0.709595
-0.141479,0.182739,0.963623
0.277222,-0.352783,0.878662
-0.615601,0.120850,0.751953
0.410767,-0.205688,1.010864
-0.181641,-0.334961,0.722778
-0.190674,0.167358,0.929810
0.308838,-0.334229,0.888794
-0.614258,0.105591,0.745483
0.402832,-0.182007,1.012329
-0.142456,-0.348755,0.733765
-0.249390,0.169922,0.902832
0.351685,-0.340210,0.908081
-0.605713,0.077271,0.738525
0.357422,-0.117432,1.013916
-0.115234,-0.393799,0.725220
-0.277466,0.187012,0.893799
0.365479,-0.328613,0.913086
-0.585938,0.042358,0.733154
0.312378,-0.106689,1.000977
-0.079956,-0.402954,0.731567
-0.309937,0.183472,0.871948
0.383911,-0.304077,0.922241
-0.578369,0.040283,0.720703
0.281372,-0.082275,0.998535
-0.048340,-0.412720,0.746094
-0.338867,0.165405,0.868896
0.391968,-0.281006,0.939941
-0.567505,0.030029,0.713745
0.239258,-0.028809,0.984863
0.010986,-0.421875,0.765747
-0.395996,0.187256,0.846924
0.415649,-0.273438,0.949341
-0.524048,-0.034546,0.720459
0.186523,0.012939,0.995605
0.036743,-0.427002,0.770264
-0.437988,0.202637,0.832642
0.427368,-0.246338,0.964233
-0.487549,-0.054199,0.743042
0.142334,0.033325,1.011963
0.058350,-0.428833,0.779297
-0.484863,0.187134,0.816895
0.444702,-0.233765,0.975464
-0.450195,-0.093384,0.743896
0.104126,0.098511,1.025635
0.101196,-0.418091,0.815186
-0.523926,0.179688,0.799927
0.448364,-0.242920,0.984619
-0.391113,-0.142334,0.746338
0.050293,0.136230,1.020508
0.155518,-0.422119,0.830811
-0.547607,0.160278,0.780396
0.457886,-0.224365,0.989746
-0.335938,-0.136597,0.767578
-0.012817,0.186035,1.005859
0.218262,-0.427490,0.848877
-0.568726,0.120117,0.768677
0.461914,-0.216675,1.020752
-0.282715,-0.193604,0.755005
-0.072388,0.207642,0.991211
0.276489,-0.416748,0.880737
-0.578247,0.096558,0.753662
0.436523,-0.164185,1.027344
-0.175415,-0.277100,0.766846
-0.141724,0.214966,0.981445
0.315796,-0.413818,0.885132
-0.581421,0.078369,0.773560
0.407837,-0.173340,1.017578
-0.110962,-0.338745,0.776367
-0.196411,0.225098,0.940308
0.335693,-0.334473,0.911865
-0.554932,0.049805,0.761353
0.389282,-0.162964,1.028809
-0.068604,-0.388184,0.774414
-0.225098,0.169556,0.910767
0.386230,-0.333740,0.925781
-0.567749,0.037476,0.738892
0.329956,-0.127686,0.995850
0.016968,-0.440674,0.791260
-0.292603,0.171265,0.876343
0.406128,-0.309082,0.939331
-0.530151,-0.036011,0.729004
0.273193,-0.087158,0.995850
0.037109,-0.427979,0.778198
-0.349243,0.123291,0.839600
0.441772,-0.313721,0.967285
-0.496460,-0.057373,0.745483
0.198242,0.008789,1.013916
0.081909,-0.458374,0.788208
-0.394897,0.116943,0.829590
0.454102,-0.315186,0.975220
-0.479004,-0.117432,0.728271
0.147339,0.044922,1.022461
0.118530,-0.464233,0.795654
-0.435791,0.125122,0.818481
0.470947,-0.290161,0.989136
-0.427368,-0.139893,0.751099
0.078735,0.076294,1.008423
0.175537,-0.478760,0.825928
-0.460571,0.097778,0.789917
0.460449,-0.260010,1.009399
-0.373169,-0.178833,0.755005
0.032715,0.084839,1.012695
0.236328,-0.484497,0.847900
-0.502075,0.064453,0.752686
0.466553,-0.250366,1.008667
-0.294067,-0.201050,0.785889
-0.045044,0.154541,1.011108
0.282471,-0.494019,0.870361
-0.509644,0.023926,0.759399
0.450439,-0.226685,1.032104
-0.224487,-0.241333,0.796509
-0.108643,0.182129,0.999023
0.333130,-0.458130,0.911865
-0.513916,0.005493,0.762207
0.425415,-0.183716,1.051514
-0.153564,-0.265015,0.814331
-0.141602,0.168579,0.985840
0.372070,-0.440674,0.936035
-0.517212,-0.022827,0.765991
0.403076,-0.149292,1.050171
-0.063965,-0.332886,0.808105
-0.189087,0.192017,0.984375
0.412720,-0.405518,0.968262
-0.494385,-0.078247,0.762817
0.369141,-0.118652,1.060913
-0.000732,-0.388794,0.807251
-0.235596,0.189453,0.960205
0.451172,-0.366333,0.978760
-0.480835,-0.083496,0.769531
0.321167,-0.107056,1.055420
0.072510,-0.466553,0.815430
-0.264526,0.151611,0.932617
0.457886,-0.337891,1.001953
-0.463501,-0.077026,0.773926
0.283325,-0.081909,1.052002
0.112305,-0.456787,0.844360
-0.317383,0.132324,0.914185
0.482910,-0.298340,1.040405
-0.432495,-0.108521,0.777832
0.228027,-0.012085,1.057861
0.148438,-0.470703,0.855957
-0.356812,0.127563,0.905884
0.516235,-0.297729,1.059448
-0.394897,-0.136475,0.774170
0.167969,0.051392,1.045898
0.210693,-0.471680,0.894775
-0.390503,0.081909,0.884155
0.537354,-0.289429,1.081665
-0.351562,-0.184692,0.784546
0.117310,0.108276,1.067871
0.257812,-0.455078,0.916260
-0.409912,0.052124,0.842651
0.529907,-0.265503,1.090210
-0.293335,-0.221191,0.808960
0.077148,0.148071,1.068970
0.307739,-0.450806,0.935181
-0.423218,0.036865,0.840210
0.532471,-0.244019,1.112671
-0.240479,-0.251099,0.825073
0.012817,0.181152,1.067261
0.342651,-0.427612,0.959229
-0.433594,-0.002319,0.828613
0.515747,-0.197021,1.134155
-0.191284,-0.256104,0.834106
-0.011108,0.217529,1.085693
0.389526,-0.431763,0.975098
-0.456909,0.010498,0.831055
0.515259,-0.214233,1.135620
-0.148315,-0.286499,0.847656
-0.034424,0.220093,1.083984
0.409302,-0.372314,1.003296
-0.460327,0.031006,0.839478
0.505005,-0.175171,1.145752
-0.064819,-0.333862,0.873291
-0.079102,0.212280,1.093750
0.431519,-0.391968,1.005981
-0.462646,0.026123,0.834717
0.497070,-0.151489,1.140015
-0.006104,-0.329712,0.901245
-0.117188,0.222534,1.085449
0.467773,-0.382690,1.038940
-0.458374,-0.020874,0.825562
0.472168,-0.120117,1.155518
0.055054,-0.379639,0.907593
-0.165039,0.254395,1.081787
0.484741,-0.344971,1.057129
-0.438232,-0.053955,0.823120
0.444580,-0.082886,1.163696
0.041382,-0.340820,0.896851
-0.177612,0.242798,1.077515
0.499390,-0.312378,1.079224
-0.435059,-0.080566,0.823242
0.421265,-0.066040,1.164551
0.075439,-0.356812,0.912598
-0.238770,0.241577,1.051758
0.522827,-0.276245,1.104004
-0.403809,-0.100586,0.816895
0.374634,-0.053955,1.152222
0.106934,-0.368652,0.928345
-0.281616,0.213745,1.003174
0.551147,-0.253662,1.125122
-0.387573,-0.122681,0.814575
0.305908,-0.019531,1.139526
0.178589,-0.407593,0.946289
-0.310059,0.146729,0.962402
0.549072,-0.222656,1.137695
-0.342163,-0.167969,0.820801
0.233398,0.040527,1.127808
0.231323,-0.421875,0.950195
-0.344849,0.105835,0.927368
0.565552,-0.225830,1.136719
-0.294434,-0.187134,0.827393
0.150269,0.127930,1.126709
0.302490,-0.432861,0.966797
-0.412598,0.094849,0.904297
0.551514,-0.184448,1.146362
-0.233276,-0.234741,0.838135
0.065186,0.176025,1.119507
0.340332,-0.411499,0.970215
-0.440308,0.008057,0.865723
0.536499,-0.205078,1.150269
-0.169434,-0.289062,0.852783
-0.007324,0.183105,1.096924
0.372803,-0.369141,0.986572
-0.437256,0.007080,0.847290
0.519897,-0.149658,1.166504
-0.068359,-0.347046,0.846802
-0.072632,0.156006,1.067993
0.391724,-0.342529,1.005737
-0.488525,0.007446,0.831055
0.506348,-0.172852,1.166626
-0.041138,-0.348267,0.858643
-0.162842,0.209717,1.053955
0.441284,-0.299683,1.040283
-0.476074,-0.037598,0.796021
0.419067,-0.113892,1.134277
-0.008911,-0.367798,0.871338
-0.237915,0.183594,1.027466
0.480225,-0.303101,1.073853
-0.480347,-0.060791,0.784790
0.350952,-0.038452,1.138916
0.033936,-0.359619,0.869751
-0.302002,0.178467,0.984619
0.489746,-0.297241,1.074585
-0.447632,-0.081177,0.780029
0.293091,-0.013916,1.112671
0.054932,-0.363647,0.868652
-0.333130,0.136841,0.945801
0.510132,-0.294678,1.078003
-0.421875,-0.129883,0.774536
0.218994,0.034302,1.097778
0.118286,-0.378662,0.883667
-0.397705,0.148804,0.906250
0.514893,-0.264526,1.081055
-0.397827,-0.170532,0.760986
0.159790,0.068115,1.090088
0.156738,-0.409058,0.894897
-0.440796,0.097900,0.874512
0.504761,-0.264404,1.073242
-0.389404,-0.191040,0.761719
0.098145,0.101929,1.073242
0.200806,-0.402954,0.891113
-0.485474,0.122681,0.846558
0.482422,-0.253052,1.060425
-0.345459,-0.243408,0.778564
0.053711,0.067993,1.057129
0.235352,-0.432739,0.888306
-0.514404,0.118774,0.814331
0.463623,-0.190430,1.064697
-0.277466,-0.261108,0.771729
0.004150,0.075073,1.037598
0.240601,-0.427490,0.894775
-0.534180,0.093262,0.803345
0.456543,-0.200439,1.048340
-0.248779,-0.264526,0.769409
-0.067505,0.144409,1.027710
0.284546,-0.414429,0.898804
-0.554565,0.041626,0.772705
0.462402,-0.209839,1.064087
-0.217651,-0.300171,0.734131
-0.152832,0.172363,0.983765
0.315918,-0.387573,0.907471
-0.549316,0.003784,0.773438
0.433960,-0.188354,1.064209
-0.197388,-0.333130,0.718750
-0.227661,0.181763,0.963257
0.356567,-0.377686,0.924072
-0.578369,-0.005493,0.742676
0.381348,-0.174194,1.053101
-0.162720,-0.341675,0.745239
-0.270874,0.168701,0.933472
0.369995,-0.357178,0.944702
-0.588013,-0.001465,0.749878
0.324951,-0.166992,1.032715
-0.122559,-0.393677,0.753052
-0.320190,0.184814,0.912476
0.470459,-0.265869,1.047241
-0.579834,-0.010864,0.734253
0.185547,0.006958,1.062988
-0.068726,-0.406616,0.772339
-0.435059,0.136719,0.883911
0.465454,-0.268799,1.046509
-0.435547,-0.145508,0.755127
0.117554,0.098999,1.059448
0.137695,-0.410522,0.852539
-0.473999,0.095825,0.854614
0.482178,-0.278076,1.050293
-0.385986,-0.184204,0.763672
0.034546,0.126831,1.032837
0.194336,-0.402344,0.871094
-0.514771,0.069092,0.811646
0.474365,-0.262939,1.041870
-0.313721,-0.236206,0.760010
-0.030273,0.158325,1.024170
0.222900,-0.376099,0.871948
-0.535278,0.052002,0.808838
0.462524,-0.241943,1.051758
-0.273315,-0.306396,0.725342
-0.088135,0.151489,0.989990
0.276733,-0.399292,0.890259
-0.554199,0.059937,0.776855
0.432617,-0.182861,1.054199
-0.231323,-0.318604,0.717529
-0.148804,0.146973,0.974365
0.301636,-0.405151,0.896118
-0.575317,0.043091,0.757446
0.421875,-0.178833,1.047974
-0.203491,-0.311279,0.737549
-0.243652,0.187134,0.959961
0.344971,-0.390869,0.925537
-0.595337,0.026611,0.743774
0.379028,-0.152100,1.046631
-0.172363,-0.340210,0.730347
-0.289307,0.184448,0.929321
0.371338,-0.387451,0.934692
-0.586060,-0.025146,0.724487
0.319946,-0.115601,1.034302
-0.136841,-0.364502,0.739746
-0.341187,0.182007,0.900269
0.387329,-0.357544,0.937622
-0.581665,-0.009888,0.709839
0.285278,-0.076294,1.023193
-0.101807,-0.357300,0.753906
-0.396484,0.191650,0.888062
0.387329,-0.340210,0.947021
-0.561523,-0.075317,0.700806
0.221558,-0.069092,1.000977
-0.050659,-0.384521,0.779297
-0.448364,0.222778,0.883789
0.408569,-0.284058,0.971924
-0.553833,-0.070923,0.698730
0.135498,-0.004517,1.001099
0.037354,-0.431152,0.802612
-0.497681,0.206665,0.857422
0.413452,-0.257812,0.977783
-0.501343,-0.093872,0.713379
0.074585,0.076538,1.015137
0.093750,-0.418457,0.819458
-0.548828,0.182007,0.832031
0.435791,-0.234619,0.998901
-0.431641,-0.127319,0.730957
0.009155,0.146851,1.014282
0.165649,-0.446411,0.827881
-0.574097,0.154053,0.802979
0.437012,-0.207397,1.010620
-0.347290,-0.193115,0.728271
-0.055908,0.187744,0.992065
0.228149,-0.412964,0.854248
-0.603516,0.113525,0.775635
0.429321,-0.211548,1.009766
-0.243896,-0.267822,0.724365
-0.137451,0.223145,0.961060
0.266479,-0.370239,0.866089
-0.611572,0.087402,0.752686
0.412720,-0.167236,1.030884
-0.178833,-0.339722,0.730347
-0.191895,0.193726,0.940430
0.300415,-0.347534,0.873535
-0.615112,0.119385,0.754395
0.392822,-0.168701,1.016357
-0.111084,-0.376099,0.738892
-0.256958,0.186768,0.902466
0.341675,-0.325806,0.891724
-0.597412,0.089233,0.744263
0.348511,-0.116577,1.011353
-0.073364,-0.390503,0.739502
-0.332275,0.200317,0.869263
0.394287,-0.296387,0.939453
-0.567139,0.012695,0.713135
0.259155,-0.050781,0.991455
-0.036865,-0.420654,0.737061
-0.384155,0.186768,0.858643
0.416382,-0.275635,0.944214
-0.536743,-0.016235,0.721680
0.171631,0.022095,0.992065
0.024414,-0.401611,0.783203
-0.461304,0.185669,0.838379
0.438477,-0.264526,0.967773
-0.480103,-0.057617,0.735352
0.095703,0.129639,1.023804
0.090576,-0.380371,0.819580
-0.523804,0.154419,0.809937
0.451172,-0.241333,0.996826
-0.414917,-0.140503,0.723755
0.041016,0.180298,1.026855
0.173218,-0.401733,0.817749
-0.566650,0.166626,0.802979
0.451538,-0.243408,0.990723
-0.301392,-0.211914,0.744507
-0.033325,0.200928,0.997803
0.222900,-0.364624,0.848633
-0.583374,0.123047,0.771118
0.457031,-0.225708,1.018433
-0.202759,-0.272095,0.773560
-0.088013,0.183594,0.964233
0.257812,-0.328247,0.874756
-0.595337,0.116943,0.750122
0.444580,-0.222534,1.011475
-0.148926,-0.319458,0.774658
-0.161743,0.178345,0.932007
0.332031,-0.341431,0.917114
-0.581421,0.093750,0.750610
0.391357,-0.126343,1.022339
-0.104858,-0.332031,0.754395
-0.221680,0.201538,0.919922
0.369385,-0.363647,0.919678
-0.558716,0.023560,0.769287
0.366333,-0.105957,1.022095
-0.046509,-0.376343,0.759888
-0.310181,0.219116,0.872070
0.399292,-0.348877,0.944092
-0.517700,-0.059570,0.742065
0.300781,-0.070435,1.013794
-0.004883,-0.393066,0.764038
-0.358032,0.180786,0.836670
0.434082,-0.347656,0.944580
-0.498779,-0.082153,0.735596
0.233643,-0.034912,0.998047
0.032593,-0.433105,0.767822
-0.401733,0.154785,0.817383
0.443970,-0.304077,0.961548
-0.464355,-0.059204,0.764648
0.161377,0.010498,1.013794
0.087524,-0.487549,0.782959
-0.438232,0.125122,0.797241
0.453613,-0.251953,0.985718
-0.436646,-0.123047,0.740234
0.103638,0.075806,1.021851
0.154175,-0.466919,0.818115
-0.514282,0.115845,0.769165
0.459473,-0.251465,1.000488
-0.355957,-0.181763,0.745483
0.010376,0.157104,1.024048
0.228027,-0.464478,0.842773
-0.534058,0.061523,0.745483
0.458740,-0.268677,1.004639
-0.281494,-0.217529,0.762451
-0.046143,0.174072,1.003662
0.286377,-0.410400,0.878540
-0.551514,0.056641,0.748657
0.428955,-0.243652,1.005127
-0.186768,-0.302490,0.782349
-0.100220,0.166260,0.988647
0.324219,-0.392700,0.913208
-0.550659,0.047241,0.755371
0.411743,-0.198975,1.025635
-0.106079,-0.328491,0.810669
-0.171753,0.152222,0.969482
0.365967,-0.400513,0.926758
-0.529663,0.002563,0.748657
0.367065,-0.131714,1.043091
-0.043213,-0.408447,0.785767
-0.217407,0.152710,0.942871
0.415771,-0.393066,0.947510
-0.519287,-0.042358,0.755615
0.323120,-0.108154,1.029785
0.031494,-0.417725,0.793945
-0.285522,0.172363,0.911377
0.446411,-0.382080,0.973999
-0.463135,-0.131104,0.762695
0.280151,-0.079590,1.033936
0.069580,-0.446045,0.800415
-0.350830,0.144653,0.874268
0.476074,-0.352783,1.000488
-0.411499,-0.166748,0.771729
0.210327,-0.021851,1.041870
0.094360,-0.427979,0.812134
-0.385376,0.122192,0.856445
0.505005,-0.315063,1.019165
-0.394287,-0.152344,0.794922
0.128784,0.025391,1.030884
0.179443,-0.475220,0.854980
-0.407471,0.059814,0.824219
0.502319,-0.252441,1.049805
-0.346313,-0.154663,0.784912
0.060181,0.098999,1.039917
0.285034,-0.495483,0.892212
-0.461304,0.020020,0.786133
0.486084,-0.227905,1.055298
-0.246582,-0.222534,0.802124
-0.014160,0.167725,1.047852
0.343872,-0.482544,0.931885
-0.479126,0.005859,0.796387
0.471436,-0.198730,1.082275
-0.180664,-0.248413,0.818359
-0.070312,0.199707,1.058228
0.381348,-0.407959,0.977295
-0.474487,-0.025879,0.800903
0.441895,-0.152466,1.092651
-0.096313,-0.320801,0.812500
-0.123657,0.202271,1.047729
0.440063,-0.393921,0.996826
-0.471680,-0.036133,0.805298
0.404907,-0.123169,1.097168
0.023438,-0.416504,0.840576
-0.181396,0.163086,1.004639
0.482422,-0.339966,1.041382
-0.452881,-0.048706,0.787476
0.371216,-0.072144,1.102417
0.077026,-0.413696,0.863770
-0.249634,0.169189,0.993042
0.511963,-0.323364,1.065186
-0.420044,-0.105835,0.798706
0.327026,-0.040527,1.098267
0.103271,-0.397217,0.883911
-0.309204,0.166748,0.959473
0.542847,-0.285278,1.108398
-0.369751,-0.178467,0.794067
0.273560,0.010254,1.110718
0.175903,-0.398804,0.908936
-0.350342,0.162109,0.932007
0.544556,-0.252075,1.110962
-0.334595,-0.208130,0.811523
0.227905,0.024536,1.109985
0.229858,-0.445435,0.929443
-0.390137,0.137573,0.890015
0.564087,-0.235718,1.120972
-0.283691,-0.205688,0.829468
0.159790,0.083984,1.112915
0.296265,-0.458252,0.947021
-0.393921,0.099121,0.875488
0.554321,-0.196899,1.124390
-0.234863,-0.215332,0.841431
0.086182,0.146484,1.103638
0.352295,-0.476318,0.963745
-0.432251,0.068115,0.870972
0.550903,-0.183350,1.157471
-0.194336,-0.222656,0.842529
0.013672,0.203979,1.108643
0.415771,-0.434448,1.011841
-0.432861,0.013306,0.854980
0.527588,-0.152710,1.156982
-0.131714,-0.241577,0.878784
-0.033813,0.236572,1.110107
0.433716,-0.396484,1.020630
-0.426880,-0.036011,0.863281
0.512695,-0.137695,1.177734
-0.041626,-0.285645,0.901978
-0.107178,0.221069,1.071899
0.454224,-0.341797,1.038696
-0.428955,-0.056641,0.851807
0.499146,-0.114502,1.186768
0.012207,-0.337891,0.895752
-0.152954,0.208740,1.045776
0.470337,-0.303833,1.059448
-0.437622,-0.081543,0.831787
0.458252,-0.138062,1.170776
0.027466,-0.350830,0.908936
-0.201416,0.246826,1.050415
0.501099,-0.259399,1.104736
-0.440796,-0.087769,0.812256
0.410889,-0.100342,1.166260
0.059448,-0.394287,0.900269
-0.255981,0.224731,1.037476
0.528442,-0.283447,1.101440
-0.413208,-0.092896,0.801270
0.359863,-0.039307,1.155273
0.093628,-0.361816,0.938354
-0.300293,0.159424,0.975464
0.547119,-0.292236,1.120850
-0.381592,-0.136108,0.791870
0.287109,0.045410,1.167114
0.135742,-0.375244,0.923950
-0.332886,0.158691,0.955688
0.559692,-0.287720,1.105347
-0.371948,-0.160034,0.801270
0.243408,0.060669,1.142456
0.192749,-0.418823,0.923218
-0.373169,0.143677,0.924438
0.539673,-0.243652,1.106201
-0.353394,-0.184448,0.793091
0.205078,0.044189,1.127686
0.221191,-0.427490,0.928101
-0.403320,0.155273,0.911377
0.525391,-0.210815,1.108154
-0.333984,-0.183228,0.794312
0.146484,0.068848,1.107544
0.259033,-0.436035,0.947388
-0.441284,0.106079,0.881226
0.526855,-0.204956,1.108643
-0.315063,-0.193359,0.787231
0.078125,0.119385,1.103638
0.274536,-0.422729,0.942993
-0.456909,0.065674,0.863647
0.523193,-0.205566,1.109131
-0.290894,-0.219727,0.784058
0.027954,0.130493,1.084717
0.292969,-0.423340,0.942627
-0.474609,0.063843,0.843506
0.512939,-0.195923,1.100464
-0.228271,-0.255737,0.793213
-0.006592,0.131226,1.062622
0.310181,-0.399536,0.941528
-0.492065,0.062622,0.828369
0.485962,-0.172729,1.094971
-0.206665,-0.284790,0.788574
-0.056396,0.132568,1.043335
0.328857,-0.428833,0.931885
-0.525879,0.031738,0.794434
0.472046,-0.154053,1.099487
-0.178467,-0.283813,0.795532
-0.126831,0.143555,1.018188
0.360107,-0.422607,0.953979
-0.521362,-0.001953,0.779785
0.419556,-0.126953,1.086792
-0.170044,-0.311401,0.758423
-0.197754,0.185547,1.015015
0.387817,-0.398193,0.960083
-0.534302,-0.001953,0.790039
0.379639,-0.101440,1.086182
-0.141968,-0.338501,0.752686
-0.255981,0.169312,0.964722
0.403687,-0.381714,0.976074
-0.540894,-0.068237,0.749634
0.347412,-0.077637,1.085083
-0.118896,-0.288696,0.777100
-0.321899,0.187134,0.935059
0.431396,-0.376099,0.982422
-0.531006,-0.085693,0.741577
0.285889,-0.068970,1.063965
-0.091187,-0.329590,0.779663
-0.378540,0.173828,0.904907
0.435181,-0.308716,1.013062
-0.515381,-0.132202,0.711426
0.221680,-0.017090,1.062500
-0.014771,-0.391724,0.784424
-0.442139,0.197510,0.884766
0.437866,-0.307129,1.008179
-0.506714,-0.156128,0.722778
0.151733,0.003052,1.030518
0.047852,-0.405762,0.816895
-0.484253,0.186279,0.858765
0.436035,-0.264893,1.016479
-0.467163,-0.179077,0.723267
0.066162,0.046753,1.020752
0.110840,-0.435059,0.822754
-0.526611,0.150146,0.828857
0.430542,-0.237061,1.012695
-0.375244,-0.201172,0.755615
-0.017578,0.096069,1.000122
0.181519,-0.448120,0.828735
-0.551270,0.124756,0.813232
0.422729,-0.204956,1.017334
-0.317261,-0.227417,0.736450
-0.080322,0.135254,0.991699
0.236816,-0.408936,0.871582
-0.589600,0.073120,0.766968
0.414917,-0.189697,1.025513
-0.240723,-0.314819,0.709717
-0.171753,0.174438,0.959229
0.299683,-0.376099,0.900635
-0.599854,0.041992,0.741089
0.375732,-0.170898,1.020996
-0.179565,-0.347412,0.725464
-0.273926,0.177490,0.914551
0.354248,-0.365723,0.924316
-0.593018,0.000488,0.722412
0.319580,-0.107422,1.020752
-0.125000,-0.386353,0.718994
-0.350830,0.193359,0.890015
0.384644,-0.347778,0.933472
-0.571167,-0.018921,0.722656
0.237793,-0.051514,1.008789
-0.053833,-0.411621,0.752075
-0.437744,0.208984,0.863525
0.394653,-0.279175,0.956909
-0.530762,-0.069946,0.701416
0.163574,0.017090,1.023438
0.018921,-0.405640,0.802246
-0.505615,0.200562,0.844116
0.413574,-0.252075,0.966431
-0.478394,-0.102783,0.707397
0.077393,0.114380,1.034790
0.110229,-0.421021,0.810303
-0.557983,0.163818,0.811890
0.427124,-0.227539,0.981812
-0.393433,-0.133423,0.729004
0.000000,0.170044,1.017944
0.198730,-0.404175,0.846558
-0.594116,0.148438,0.796387
0.423706,-0.210571,0.993774
-0.305542,-0.208496,0.728027
-0.068970,0.191650,0.988770
0.266602,-0.392334,0.867798
-0.608643,0.149780,0.786255
0.415527,-0.178101,1.010620
-0.221680,-0.283813,0.733765
-0.137939,0.178833,0.953003
0.309204,-0.364746,0.895020
-0.607544,0.110352,0.765503
0.397339,-0.156738,1.018555
-0.164551,-0.333374,0.727661
-0.220459,0.185059,0.906860
0.359741,-0.348389,0.906982
-0.583130,0.067383,0.753052
0.358765,-0.107300,1.026001
-0.122681,-0.345947,0.735107
-0.266724,0.182861,0.894531
0.390381,-0.350342,0.919922
-0.573120,0.052368,0.739136
0.310791,-0.054688,1.018066
-0.063354,-0.374390,0.745728
-0.329346,0.194702,0.872925
0.412476,-0.342407,0.930786
-0.558105,0.000488,0.724609
0.271729,-0.012451,0.994507
-0.027954,-0.368652,0.748413
-0.382935,0.197266,0.847656
0.431396,-0.330200,0.955322
-0.509399,-0.080688,0.734131
0.193726,0.013306,0.996338
0.002686,-0.381104,0.749756
-0.416016,0.199463,0.838135
0.439941,-0.286255,0.953003
-0.484131,-0.074219,0.756958
0.149902,0.009644,1.004517
0.059448,-0.416138,0.785767
-0.471558,0.203735,0.819336
0.434448,-0.230835,0.972168
-0.439331,-0.102905,0.751831
0.105103,0.066162,1.018188
0.126343,-0.436523,0.808716
-0.531128,0.153931,0.785156
0.458008,-0.216309,0.999023
-0.349365,-0.137939,0.774292
-0.008667,0.153564,1.004272
0.201782,-0.436523,0.836426
-0.556885,0.122314,0.765381
0.458740,-0.213867,1.008667
-0.256104,-0.212891,0.773560
-0.085205,0.198608,0.997070
0.265625,-0.413940,0.871948
-0.573486,0.048584,0.741089
0.440308,-0.184814,1.031982
-0.152710,-0.276855,0.783325
-0.151001,0.240601,0.985107
0.314941,-0.365112,0.895874
-0.589722,0.077515,0.763184
0.397949,-0.197876,1.012207
-0.068848,-0.368774,0.785889
-0.201904,0.207397,0.944702
0.362427,-0.326294,0.920044
-0.572998,0.050415,0.750488
0.343750,-0.130859,0.999268
-0.024048,-0.416138,0.770020
-0.241333,0.141724,0.884033
0.400269,-0.303345,0.952026
-0.538696,-0.008301,0.747803
0.276733,-0.076538,0.987061
0.038452,-0.452637,0.769775
-0.327515,0.155884,0.867310
0.420288,-0.328613,0.944824
-0.511108,-0.063110,0.723999
0.215820,-0.041260,0.983032
0.080078,-0.451416,0.788696
-0.381226,0.131714,0.836304
0.453125,-0.325562,0.971802
-0.480347,-0.073730,0.751831
0.128296,0.055664,1.004395
0.104492,-0.451660,0.803955
-0.418579,0.094971,0.819702
0.464478,-0.312988,0.988647
-0.417114,-0.112915,0.768066
0.080322,0.094360,1.024902
0.140015,-0.459961,0.797241
-0.453003,0.094238,0.807129
0.487061,-0.289429,1.014404
-0.390625,-0.130615,0.761353
0.028931,0.098145,1.002808
0.243530,-0.508179,0.840820
-0.478638,0.048340,0.760864
0.459229,-0.222412,1.031372
-0.304077,-0.212646,0.763184
-0.047607,0.152588,1.004517
0.297363,-0.501343,0.872314
-0.508423,0.019531,0.752075
0.454224,-0.215820,1.034790
-0.222656,-0.209595,0.803833
-0.120483,0.189209,0.989502
0.340454,-0.474609,0.904419
-0.504028,-0.021973,0.770142
0.419922,-0.160400,1.057129
-0.153931,-0.272827,0.802368
-0.161011,0.214844,0.985229
0.391113,-0.426758,0.951050
-0.511841,-0.035522,0.767700
0.407104,-0.151245,1.072388
-0.062378,-0.319824,0.820923
-0.209717,0.218750,0.974609
0.418945,-0.418579,0.951782
-0.488403,-0.066650,0.771606
0.362305,-0.105957,1.072388
0.032959,-0.418579,0.822510
-0.258423,0.197754,0.951294
0.446411,-0.380615,0.978760
-0.465088,-0.097168,0.760376
0.326782,-0.084839,1.062134
0.083374,-0.453735,0.836182
-0.295166,0.168335,0.938965
0.470703,-0.340454,1.012207
-0.438232,-0.117310,0.789185
0.274292,-0.046265,1.064209
0.108398,-0.451050,0.839722
-0.334473,0.169189,0.932495
0.485229,-0.306274,1.031372
-0.406738,-0.144897,0.777100
0.235962,-0.022949,1.061523
0.157104,-0.440918,0.868896
-0.383911,0.148193,0.896362
0.512207,-0.279541,1.058838
-0.361328,-0.169067,0.787354
0.180420,0.043091,1.074585
0.227417,-0.469482,0.888184
-0.400269,0.078979,0.851318
0.518555,-0.247681,1.082764
-0.303711,-0.201904,0.799683
0.110718,0.106323,1.078247
0.288574,-0.484619,0.912354
-0.418213,0.046265,0.834595
0.516357,-0.234253,1.089355
-0.247314,-0.220947,0.831543
0.065308,0.133423,1.082642
0.321899,-0.454590,0.936646
-0.451904,0.043579,0.821655
0.535156,-0.201904,1.133789
-0.203491,-0.233643,0.833496
-0.019653,0.188965,1.073730
0.398315,-0.443726,0.981201
-0.463013,0.010498,0.823364
0.504761,-0.172729,1.138062
-0.125732,-0.265015,0.866699
-0.053223,0.223145,1.079346
0.437134,-0.390625,1.015259
-0.470215,0.012207,0.831299
0.484375,-0.160767,1.136353
-0.021606,-0.322876,0.900391
-0.118530,0.213623,1.067505
0.458008,-0.367188,1.034424
-0.425903,-0.052734,0.835083
0.459351,-0.108154,1.146973
0.042114,-0.335205,0.902588
-0.190796,0.224487,1.046265
0.518188,-0.326660,1.089722
-0.416382,-0.107422,0.826904
0.395142,-0.054199,1.140015
0.059204,-0.344604,0.897705
-0.238403,0.216431,1.029907
0.541992,-0.297974,1.115967
-0.386353,-0.155029,0.811768
0.345947,-0.010498,1.149292
0.121582,-0.344971,0.931885
-0.303345,0.216064,0.995972
0.556519,-0.279297,1.128906
-0.345215,-0.215332,0.820312
0.275024,0.015747,1.133545
0.192871,-0.388184,0.944336
-0.337402,0.149292,0.932007
0.569946,-0.228394,1.138794
-0.287109,-0.208496,0.834961
0.181641,0.067505,1.118164
0.274048,-0.441162,0.954468
-0.379639,0.099976,0.900635
0.571167,-0.200195,1.156616
-0.251343,-0.213257,0.842651
0.099731,0.129761,1.115845
0.329712,-0.432373,0.979614
-0.411133,0.045776,0.871094
0.561768,-0.190308,1.165649
-0.205566,-0.244141,0.851440
0.046021,0.190063,1.124268
0.366211,-0.390137,0.988159
-0.445923,0.054321,0.866333
0.542114,-0.197632,1.148315
-0.124878,-0.332153,0.864746
-0.019531,0.170288,1.102539
0.407593,-0.382202,1.010376
-0.477417,0.017212,0.833618
0.516602,-0.158691,1.162109
-0.048462,-0.330200,0.864136
-0.068726,0.149292,1.067383
0.417480,-0.351562,1.027710
-0.469238,-0.031372,0.826294
0.502563,-0.139160,1.171997
-0.059814,-0.326294,0.848022
-0.127930,0.191284,1.059326
0.457275,-0.332153,1.047729
-0.465576,-0.015747,0.823853
0.440674,-0.086304,1.156738
-0.029785,-0.340576,0.842529
-0.187500,0.191772,1.046631
0.471191,-0.308838,1.063599
-0.469727,-0.043823,0.801025
0.410278,-0.078735,1.152832
0.007202,-0.353027,0.869629
-0.268921,0.210083,1.013428
0.479004,-0.292236,1.076416
-0.442261,-0.084106,0.797607
0.355835,-0.070557,1.139526
0.025269,-0.358276,0.881226
-0.307861,0.158569,0.952881
0.494263,-0.269409,1.083252
-0.423706,-0.140015,0.779053
0.279663,-0.010620,1.129517
0.098389,-0.396851,0.883911
-0.365356,0.168701,0.924683
0.498779,-0.269043,1.068726
-0.408203,-0.157471,0.773804
0.199951,0.032471,1.096313
0.154175,-0.401978,0.899048
-0.410522,0.140137,0.898193
0.508911,-0.254517,1.079834
-0.391235,-0.187988,0.769409
0.118164,0.070068,1.070557
0.202393,-0.418823,0.895020
-0.466064,0.121826,0.874146
0.511230,-0.238281,1.088867
-0.342407,-0.209351,0.777832
0.041016,0.121826,1.059692
0.242676,-0.400024,0.903687
-0.496582,0.075195,0.832031
0.488770,-0.218384,1.078247
-0.256592,-0.277832,0.770386
-0.009277,0.124756,1.041138
0.281128,-0.387207,0.912231
-0.534668,0.050537,0.785278
0.478638,-0.204834,1.082642
-0.217163,-0.308716,0.747192
-0.095703,0.153320,1.007446
0.312744,-0.395752,0.909302
-0.536011,0.033691,0.787720
0.442261,-0.191040,1.067383
-0.186768,-0.352539,0.724731
-0.166382,0.165161,0.989990
0.332764,-0.374756,0.923218
-0.571655,0.022827,0.761719
0.424561,-0.214478,1.052856
-0.153320,-0.348267,0.755981
-0.231812,0.180542,0.958252
0.355835,-0.349976,0.942993
-0.584473,-0.003906,0.744141
0.383057,-0.180786,1.058228
-0.129761,-0.354614,0.760010
-0.284668,0.163818,0.926514
0.353638,-0.325317,0.953613
-0.564819,-0.048706,0.720703
0.343506,-0.139893,1.051392
-0.110596,-0.346680,0.783447
-0.331543,0.157837,0.909546
0.387695,-0.341919,0.957520
-0.444946,-0.122803,0.751709
0.198242,0.046143,1.091553
-0.064087,-0.376587,0.779297
-0.425171,0.149170,0.896851
0.479614,-0.285522,1.054321
-0.450073,-0.138916,0.742188
0.140381,0.043335,1.052856
0.151001,-0.406616,0.869263
-0.464355,0.130493,0.866089
0.470703,-0.247437,1.055664
-0.431885,-0.146729,0.752319
0.092651,0.076172,1.050049
0.174316,-0.403564,0.880981
-0.507690,0.116211,0.840942
0.474487,-0.255127,1.046875
-0.363525,-0.202271,0.758667
0.018921,0.109619,1.032227
0.199463,-0.402466,0.861694
-0.523438,0.089844,0.821289
0.485962,-0.268555,1.050659
-0.315063,-0.245483,0.751709
-0.043579,0.136475,1.001953
0.225952,-0.384521,0.876465
-0.540771,0.048096,0.773438
0.465332,-0.232544,1.049927
-0.276123,-0.299316,0.723511
-0.087402,0.146362,0.994263
0.251587,-0.400757,0.877197
-0.569214,0.053345,0.779175
0.450928,-0.230957,1.046875
-0.243896,-0.319946,0.716431
-0.148804,0.152466,0.954224
0.292603,-0.357910,0.901733
-0.591797,0.042725,0.749878
0.424316,-0.246094,1.037231
-0.214966,-0.383911,0.707031
-0.193481,0.160889,0.955078
0.301392,-0.357056,0.890503
-0.593018,0.060303,0.752563
0.408081,-0.223145,1.028320
-0.188477,-0.375366,0.709351
-0.231201,0.169067,0.939453
0.316284,-0.356323,0.897705
-0.597168,0.034668,0.743896
0.389038,-0.209961,1.036865
-0.168335,-0.373901,0.716309
-0.297729,0.189087,0.907471
0.357056,-0.352417,0.927368
-0.598389,-0.006836,0.722168
0.339111,-0.168701,1.013550
-0.133667,-0.385376,0.727417
-0.352417,0.200073,0.894531
0.372803,-0.347900,0.931396
-0.567627,-0.032593,0.718628
0.291016,-0.093506,1.028320
-0.110962,-0.373657,0.752563
-0.394531,0.207275,0.876343
0.400146,-0.358154,0.934814
-0.562012,-0.023438,0.715820
0.241943,-0.057861,1.013794
-0.061646,-0.408203,0.751099
-0.432251,0.224365,0.866211
0.406738,-0.308228,0.946289
-0.532227,-0.085327,0.711304
0.178101,-0.010864,1.004883
-0.000854,-0.401978,0.771118
-0.491211,0.238281,0.852173
0.416992,-0.286133,0.963745
-0.495239,-0.132568,0.705933
0.121948,0.050415,1.018555
0.038940,-0.411255,0.785645
-0.537598,0.227905,0.835205
0.429199,-0.251465,0.974976
-0.439575,-0.129395,0.731201
0.055908,0.114136,1.020142
0.111450,-0.413452,0.817993
-0.571167,0.171143,0.797485
0.429932,-0.224976,0.992920
-0.363892,-0.173828,0.738647
-0.002808,0.148193,1.015625
0.180664,-0.408813,0.842041
-0.592651,0.168579,0.794434
0.434692,-0.196289,1.006104
-0.281250,-0.240112,0.727417
-0.087280,0.198364,0.994263
0.258179,-0.408691,0.865479
-0.610107,0.134033,0.770020
0.413574,-0.175293,1.010010
-0.209229,-0.298706,0.729492
-0.149414,0.212280,0.957520
0.309448,-0.357788,0.894165
-0.604980,0.100586,0.751831
0.396729,-0.170532,1.006470
-0.154663,-0.345581,0.730103
-0.218506,0.216431,0.926880
0.352539,-0.336914,0.908325
-0.589966,0.061401,0.748413
0.358521,-0.116455,1.025146
-0.100952,-0.390869,0.729370
-0.293457,0.192993,0.880737
0.392212,-0.321777,0.921021
-0.559326,0.059814,0.745361
0.291626,-0.065063,0.999878
-0.040405,-0.401123,0.745483
-0.344727,0.174072,0.853149
0.420288,-0.297241,0.943237
-0.539917,-0.011230,0.724365
0.222290,-0.012085,1.001709
0.005249,-0.399536,0.759521
-0.423950,0.200928,0.824951
0.442383,-0.299316,0.960571
-0.485474,-0.055298,0.753418
0.154541,0.032227,1.011108
0.059814,-0.422241,0.781616
-0.496704,0.208130,0.820557
0.457642,-0.248047,0.976440
-0.432617,-0.068604,0.780273
0.083130,0.085693,1.006958
0.136230,-0.412354,0.826050
-0.527100,0.173828,0.790161
0.442749,-0.197876,0.992676
-0.350464,-0.152466,0.767456
-0.000732,0.139404,1.012329
0.210571,-0.447021,0.838623
-0.562866,0.119507,0.769775
0.444946,-0.185669,1.011841
-0.256714,-0.180176,0.772827
-0.079590,0.200684,0.991333
0.265503,-0.411621,0.879028
-0.578125,0.054810,0.739258
0.440552,-0.192139,1.026855
-0.160889,-0.284546,0.769775
-0.139038,0.213013,0.970215
0.311279,-0.336182,0.905151
-0.587646,0.082275,0.756714
0.409302,-0.198364,1.014038
-0.079346,-0.375122,0.773438
-0.199341,0.198364,0.929321
0.348267,-0.326294,0.915405
-0.568726,0.068848,0.756958
0.354492,-0.151611,1.003418
-0.018555,-0.406250,0.784302
-0.253662,0.139893,0.890503
0.385376,-0.302979,0.948364
-0.555420,-0.012451,0.726074
0.300781,-0.094238,0.994141
0.024414,-0.451416,0.767334
-0.302734,0.130981,0.858765
0.420166,-0.288086,0.972046
-0.515625,-0.062866,0.726685
0.227661,-0.053955,0.985840
0.075439,-0.484131,0.780029
-0.371216,0.141846,0.848267
0.448853,-0.309570,0.968994
-0.492798,-0.080322,0.741211
0.172485,-0.018433,0.997070
0.117065,-0.476196,0.802612
-0.421143,0.131348,0.826172
0.457397,-0.286499,0.987183
-0.449829,-0.087646,0.753784
0.089722,0.059326,1.002319
0.158569,-0.477173,0.822266
-0.463745,0.062866,0.785400
0.468262,-0.267822,1.020874
-0.397461,-0.151978,0.751953
0.029663,0.127563,1.018188
0.231812,-0.474121,0.861816
-0.489990,0.055908,0.782227
0.462769,-0.255981,1.021606
-0.331787,-0.227173,0.748535
-0.016357,0.164062,1.033325
0.275635,-0.464600,0.895996
-0.527588,0.043213,0.758423
0.474365,-0.251953,1.041626
-0.237305,-0.268799,0.774902
-0.088501,0.197388,1.015015
0.306885,-0.444458,0.902588
-0.513916,0.039917,0.783203
0.453003,-0.212891,1.051636
-0.178589,-0.278076,0.797729
-0.123291,0.187134,1.005859
0.355957,-0.452148,0.927124
-0.513306,0.018677,0.783447
0.435181,-0.185303,1.060547
-0.112671,-0.318115,0.813599
-0.173096,0.219360,1.010620
0.389038,-0.419312,0.948975
-0.507568,0.005249,0.781616
0.417358,-0.157837,1.059570
-0.054932,-0.344604,0.822998
-0.206665,0.214966,0.990234
0.427368,-0.422241,0.962402
-0.498047,-0.046387,0.777100
0.369019,-0.123535,1.060791
0.024902,-0.384277,0.833862
-0.222900,0.195923,0.976807
0.440308,-0.378418,0.990967
-0.474854,-0.118530,0.752197
0.348633,-0.109863,1.068237
0.058350,-0.397827,0.828979
-0.270142,0.214966,0.972168
0.481079,-0.359375,1.021484
-0.436768,-0.140381,0.776245
0.284424,-0.081909,1.043701
0.097168,-0.438110,0.845581
-0.302734,0.164551,0.939331
0.502930,-0.310181,1.041748
-0.400879,-0.119873,0.807373
0.239136,-0.024170,1.068359
0.134277,-0.454590,0.854736
-0.338989,0.105469,0.898438
0.525513,-0.264404,1.079346
-0.370605,-0.141479,0.800537
0.167236,0.016602,1.058716
0.227539,-0.507202,0.878174
-0.378540,0.052612,0.852051
0.532593,-0.235107,1.093262
-0.296997,-0.177490,0.819336
0.085693,0.090698,1.052002
0.303101,-0.473633,0.928467
-0.429199,0.026855,0.826660
0.527710,-0.201294,1.117432
-0.207031,-0.242554,0.833984
0.010254,0.190796,1.088013
0.367676,-0.427979,0.974365
-0.467651,0.060547,0.834473
0.503784,-0.163452,1.126709
-0.108154,-0.283813,0.855957
-0.066040,0.216309,1.089844
0.425293,-0.416626,1.004883
-0.479004,-0.015137,0.819824
0.477661,-0.130615,1.140625
0.028442,-0.334229,0.907837
-0.136353,0.227173,1.083862
0.465698,-0.354370,1.046875
-0.458008,-0.030029,0.810059
0.421021,-0.088135,1.134521
0.069092,-0.381348,0.888306
-0.182861,0.203125,1.058350
0.505493,-0.291260,1.091431
-0.446777,-0.064819,0.800781
0.375977,-0.054443,1.134155
0.105957,-0.403687,0.920288
-0.243530,0.156250,1.033813
0.556152,-0.267090,1.150024
-0.405029,-0.085938,0.803101
0.295044,0.044312,1.131836
0.172607,-0.412109,0.939087
-0.299316,0.116211,0.968018
0.578613,-0.277222,1.158081
-0.346924,-0.162842,0.824341
0.229370,0.090454,1.122437
0.213257,-0.393555,0.935547
-0.328735,0.091675,0.933594
0.590454,-0.282349,1.150757
-0.325928,-0.229004,0.808594
0.179565,0.106567,1.122803
0.269043,-0.405762,0.950317
-0.376465,0.114746,0.902710
0.585938,-0.267334,1.132812
-0.273193,-0.257202,0.842163
0.115723,0.073486,1.097900
0.313354,-0.417847,0.979004
-0.396606,0.107666,0.895996
0.569824,-0.189697,1.149780
-0.229126,-0.227173,0.859253
0.064087,0.145874,1.115356
0.355713,-0.430420,0.994385
-0.421021,0.072388,0.873901
0.541382,-0.155029,1.158569
-0.154785,-0.276001,0.872314
0.001587,0.173462,1.100342
0.369751,-0.383301,0.996216
-0.420776,0.013062,0.860718
0.527588,-0.143066,1.166504
-0.101807,-0.307495,0.864624
-0.025391,0.171509,1.093994
0.382202,-0.365601,1.007324
-0.461914,0.025391,0.846069
0.546509,-0.151611,1.179077
-0.065674,-0.331177,0.854858
-0.083740,0.204834,1.090332
0.416626,-0.368286,1.014893
-0.446167,-0.029175,0.844604
0.504150,-0.131104,1.158081
-0.068115,-0.287231,0.854492
-0.127930,0.223511,1.069092
0.449829,-0.362549,1.031250
-0.468872,-0.044922,0.819214
0.474365,-0.142578,1.157715
-0.045166,-0.318726,0.859253
-0.169434,0.220703,1.051636
0.432983,-0.304810,1.041382
-0.477539,-0.072144,0.794800
0.468872,-0.143921,1.151245
-0.041260,-0.355225,0.857910
-0.227051,0.246948,1.032227
0.455933,-0.315674,1.021240
-0.480591,-0.045288,0.801392
0.418457,-0.155762,1.130493
-0.022705,-0.366333,0.851929
-0.262695,0.210327,1.005493
0.470093,-0.291992,1.051514
-0.482422,-0.048340,0.781860
0.377075,-0.103882,1.126343
0.007446,-0.362305,0.858521
-0.291016,0.168213,0.971680
0.474243,-0.292969,1.044678
-0.464355,-0.073730,0.773071
0.310181,-0.052979,1.117554
0.047119,-0.388428,0.860474
-0.341064,0.166626,0.945312
0.476440,-0.265747,1.056885
-0.446045,-0.107788,0.760132
0.231567,0.004883,1.098267
0.092529,-0.434692,0.854858
-0.402588,0.136597,0.915527
0.492798,-0.274902,1.054199
-0.432007,-0.109741,0.763184
0.144043,0.081909,1.077026
0.151123,-0.401489,0.883423
-0.445190,0.085815,0.873901
0.486816,-0.266602,1.067871
-0.396240,-0.176636,0.760132
0.065430,0.134277,1.054932
0.194824,-0.372925,0.888184
-0.486816,0.052734,0.829102
0.489258,-0.230957,1.082520
-0.294800,-0.254883,0.764404
-0.014526,0.143555,1.027222
0.239258,-0.371948,0.893799
-0.526245,0.044922,0.801880
0.463745,-0.231323,1.066528
-0.221680,-0.346924,0.741943
-0.081787,0.159302,1.008667
0.269165,-0.353271,0.894531
-0.567871,0.035889,0.759521
0.443115,-0.247437,1.051636
-0.174927,-0.376099,0.744751
-0.167847,0.145386,0.975586
0.297485,-0.331421,0.918213
-0.576172,0.013794,0.739258
0.391479,-0.208496,1.054932
-0.142822,-0.381104,0.757690
-0.253540,0.170044,0.960083
0.342773,-0.326904,0.938110
-0.570068,0.018066,0.742554
0.337036,-0.159546,1.043213
-0.116943,-0.353027,0.776978
-0.318970,0.158203,0.925537
0.383057,-0.329346,0.961548
-0.563843,-0.005371,0.712769
0.263428,-0.065308,1.043701
-0.059570,-0.377563,0.784058
-0.387207,0.185425,0.901855
0.410034,-0.308350,0.976807
-0.552612,-0.034424,0.720947
0.180542,-0.007080,1.027832
0.007324,-0.412354,0.801025
-0.467407,0.165527,0.881226
0.435547,-0.292114,0.999756
-0.504883,-0.090088,0.706177
0.077148,0.090820,1.007812
0.071045,-0.374146,0.825562
-0.519043,0.127319,0.837769
0.435669,-0.306519,0.995605
-0.441284,-0.153320,0.731323
0.023438,0.117065,1.013916
0.135986,-0.396606,0.833984
-0.565063,0.159790,0.813354
0.435181,-0.264282,0.992554
-0.359985,-0.226440,0.720215
-0.013428,0.113647,0.992676
0.204224,-0.418701,0.847046
-0.602417,0.166138,0.791138
0.423584,-0.210205,1.005127
-0.285767,-0.301147,0.710571
-0.098511,0.133057,0.974243
0.258789,-0.407593,0.880859
-0.603271,0.120361,0.762329
0.387085,-0.141968,1.010376
-0.227051,-0.311768,0.716675
-0.182373,0.164917,0.953979
0.305786,-0.408569,0.885742
-0.599487,0.090698,0.751831
0.362061,-0.126587,1.014771
-0.174561,-0.322632,0.717163
-0.258789,0.171021,0.907837
0.344116,-0.389771,0.902710
-0.598755,0.031494,0.735352
0.321777,-0.083008,1.006592
-0.123413,-0.392090,0.701050
-0.341675,0.214355,0.897705
0.380249,-0.344604,0.920898
-0.561035,-0.039795,0.706299
0.267822,-0.064453,0.999878
-0.077393,-0.379150,0.740234
-0.419067,0.218872,0.855957
0.416382,-0.313721,0.947632
-0.520752,-0.082397,0.714722
0.181519,0.018188,1.013916
-0.027100,-0.382202,0.756958
-0.453003,0.218506,0.853271
0.435425,-0.298828,0.966797
-0.508789,-0.107910,0.710815
0.113281,0.078125,1.009399
0.062012,-0.400269,0.792603
-0.511597,0.201172,0.835449
0.434937,-0.238770,0.989624
-0.428467,-0.124023,0.740112
0.041626,0.148560,1.020264
0.118286,-0.410034,0.811523
-0.544312,0.156616,0.804688
0.453003,-0.213989,1.009766
-0.360718,-0.151001,0.741821
-0.040894,0.206299,0.992065
0.219971,-0.409912,0.850586
-0.569336,0.115967,0.788940
0.427979,-0.163940,1.018188
-0.260864,-0.226685,0.736450
-0.114868,0.225098,0.979004
0.287231,-0.399902,0.881348
-0.584351,0.082886,0.765015
0.426758,-0.157227,1.031128
-0.176758,-0.278076,0.745605
-0.193481,0.235229,0.942139
0.349854,-0.359985,0.899902
-0.582764,0.060791,0.747437
0.371338,-0.118774,1.019653
-0.092285,-0.371826,0.739868
-0.268066,0.214844,0.895874
0.373047,-0.338501,0.915161
-0.557861,0.021729,0.742310
0.324463,-0.088867,1.013184
-0.045166,-0.412109,0.739502
-0.320435,0.196899,0.869507
0.408203,-0.295166,0.926392
-0.546997,-0.006592,0.726562
0.247803,-0.061035,0.995483
0.013306,-0.451904,0.757080
-0.391235,0.193848,0.852661
0.434448,-0.273438,0.950684
-0.497314,-0.018311,0.748169
0.162842,0.023926,0.993652
0.073975,-0.427979,0.798828
-0.456787,0.170898,0.825195
0.437500,-0.231323,0.973877
-0.444580,-0.050659,0.758545
0.095337,0.094849,1.010498
0.127319,-0.460938,0.798828
-0.518311,0.159180,0.800903
0.448120,-0.211792,0.990723
-0.350220,-0.124634,0.781616
0.005005,0.147095,1.004883
0.199219,-0.417236,0.848511
-0.553345,0.094971,0.755859
0.455200,-0.223511,1.005859
-0.262939,-0.209717,0.765747
-0.091309,0.220581,1.001221
0.286499,-0.412354,0.887329
-0.563965,0.059937,0.759888
0.427612,-0.189209,1.017212
-0.172485,-0.283691,0.766235
-0.155640,0.227173,0.970581
0.332886,-0.376465,0.914429
-0.557861,0.044800,0.768066
0.404663,-0.174927,1.020508
-0.074463,-0.375000,0.779785
-0.236328,0.214844,0.923462
0.378662,-0.340698,0.932495
-0.539429,-0.003906,0.752930
0.341797,-0.137329,1.009521
-0.020264,-0.424805,0.765381
-0.284180,0.173096,0.888428
0.415527,-0.341797,0.945190
-0.524048,-0.039307,0.743286
0.278687,-0.096680,0.991577
0.040039,-0.459106,0.785522
-0.357300,0.139404,0.839844
0.432983,-0.316040,0.964233
-0.484375,-0.086426,0.743530
0.205444,-0.017700,1.010986
0.088623,-0.489258,0.771606
-0.411865,0.143188,0.825928
0.464722,-0.316162,0.971069
-0.461548,-0.095947,0.757812
0.131470,0.020386,1.006958
0.138916,-0.483521,0.804199
-0.457275,0.099365,0.787231
0.464722,-0.270020,1.002319
-0.380737,-0.158691,0.753296
0.033936,0.088379,1.007812
0.222168,-0.506104,0.834961
-0.486572,0.058228,0.768799
0.462524,-0.244751,1.016357
-0.310913,-0.195190,0.781128
-0.049927,0.144775,1.010254
0.288940,-0.495117,0.876709
-0.510376,0.017944,0.752808
0.447144,-0.218262,1.037720
-0.232422,-0.220337,0.787842
-0.110229,0.183228,1.010498
0.353149,-0.451904,0.923096
-0.526123,0.012939,0.772339
0.414551,-0.170776,1.038940
-0.109863,-0.301147,0.807983
-0.173462,0.175293,0.984375
0.392456,-0.418579,0.949463
-0.515747,-0.030273,0.764648
0.379395,-0.142578,1.038208
0.013428,-0.408813,0.810303
-0.243530,0.193237,0.956909
0.422363,-0.355103,0.971191
-0.484619,-0.084473,0.754517
0.316772,-0.109863,1.041504
0.072632,-0.469604,0.809204
-0.285645,0.154175,0.926514
0.461060,-0.316406,1.005371
-0.471558,-0.104858,0.753540
0.241089,-0.054077,1.040405
0.109619,-0.476074,0.831177
-0.341553,0.132812,0.911743
0.490234,-0.289673,1.041016
-0.418335,-0.132935,0.763306
0.152588,0.043579,1.033569
0.202393,-0.469849,0.862061
-0.399658,0.063477,0.858032
0.528564,-0.325073,1.054565
-0.353027,-0.182129,0.800293
0.073975,0.107422,1.034912
0.250732,-0.432129,0.900879
-0.426636,0.014160,0.808594
0.530273,-0.249390,1.105713
-0.265503,-0.259888,0.796387
0.005249,0.151245,1.037354
0.316528,-0.461304,0.909912
-0.451660,0.020630,0.816772
0.511108,-0.215698,1.100464
-0.188843,-0.276611,0.832153
-0.054810,0.177612,1.038452
0.359375,-0.413086,0.945068
-0.456787,0.016968,0.816772
0.495728,-0.190796,1.114502
-0.113159,-0.287598,0.864258
-0.103394,0.203857,1.045044
0.421631,-0.408936,0.971313
-0.468750,0.005493,0.808228
0.436035,-0.153320,1.103027
-0.030762,-0.335815,0.874878
-0.122559,0.185059,1.057251
0.466919,-0.379761,1.026245
-0.461914,-0.033203,0.805786
0.414917,-0.091309,1.123657
0.066895,-0.384399,0.882690
-0.193359,0.205078,1.035889
0.474731,-0.314697,1.057739
-0.427002,-0.105957,0.799194
0.391235,-0.088257,1.127563
0.078613,-0.371704,0.889648
-0.245117,0.211792,1.018311
0.513794,-0.290771,1.091919
-0.388672,-0.119751,0.819092
0.332031,-0.048340,1.119751
0.107910,-0.382812,0.908081
-0.294434,0.199219,0.991943
0.558350,-0.279907,1.111328
-0.385010,-0.143311,0.817261
0.271851,-0.000854,1.129272
0.183716,-0.402344,0.936157
-0.319702,0.157471,0.949829
0.563843,-0.258667,1.120728
-0.337769,-0.149292,0.836426
0.192017,0.054810,1.104492
0.270386,-0.459473,0.955811
-0.346436,0.065674,0.904297
0.556030,-0.183228,1.150879
-0.272583,-0.207031,0.826904
0.090576,0.143555,1.105103
0.352295,-0.455566,0.978638
-0.402100,0.056396,0.883911
0.556519,-0.178345,1.158936
-0.215332,-0.228149,0.842407
0.010620,0.194946,1.093750
0.413940,-0.404419,1.012573
-0.419556,0.011963,0.869263
0.517700,-0.139893,1.167603
-0.117554,-0.249634,0.883545
-0.043701,0.199707,1.088257
0.431030,-0.368896,1.027466
-0.435059,-0.027832,0.856689
0.510864,-0.137451,1.179932
0.004272,-0.333374,0.905029
-0.125732,0.230103,1.071289
0.458618,-0.316650,1.051270
-0.443237,-0.049805,0.827026
0.471436,-0.115723,1.187256
0.031128,-0.367554,0.894897
-0.197510,0.240479,1.062988
0.494019,-0.285400,1.081787
-0.417358,-0.088867,0.817261
0.411011,-0.063110,1.174438
0.067993,-0.381104,0.904053
-0.274048,0.228271,1.020264
0.544189,-0.292114,1.110229
-0.379761,-0.149292,0.819580
0.319458,-0.013306,1.146240
0.131592,-0.361572,0.929810
-0.305542,0.150391,0.956909
0.562012,-0.263550,1.131958
-0.364990,-0.191895,0.803467
0.226196,0.039917,1.128906
0.218140,-0.419800,0.936646
-0.362915,0.141113,0.943115
0.547729,-0.230469,1.125610
-0.320190,-0.202026,0.823486
0.150757,0.065186,1.096802
0.265991,-0.395874,0.960449
-0.405640,0.090942,0.891846
0.554199,-0.193970,1.154785
-0.278320,-0.213257,0.818604
0.064941,0.126221,1.085815
0.319702,-0.405396,0.969360
-0.428101,0.048096,0.859497
0.541870,-0.182007,1.142944
-0.192383,-0.265747,0.837891
-0.014771,0.145874,1.067383
0.349121,-0.396729,0.972534
-0.441895,-0.011719,0.836426
0.509399,-0.135254,1.163452
-0.117554,-0.300537,0.829468
-0.092651,0.152832,1.045410
0.392090,-0.369629,0.988892
-0.465942,-0.038940,0.817383
0.468750,-0.118774,1.143799
-0.097290,-0.331787,0.808350
-0.181274,0.206909,1.028687
0.440918,-0.338135,1.024902
-0.482910,-0.053345,0.795532
0.391724,-0.096680,1.138428
-0.046875,-0.324097,0.844971
-0.265503,0.179443,0.983276
0.474976,-0.294312,1.054688
-0.455688,-0.087402,0.777832
0.301147,-0.018433,1.123779
0.037476,-0.362915,0.854858
-0.350464,0.147217,0.933105
0.505249,-0.305298,1.056885
-0.416382,-0.148682,0.770264
0.188232,0.060669,1.101562
0.126709,-0.385010,0.871704
-0.437744,0.115723,0.885010
0.506592,-0.274902,1.063965
-0.362061,-0.226196,0.766235
0.083496,0.149048,1.081665
0.182983,-0.373047,0.881226
-0.486328,0.060425,0.816772
0.497559,-0.247437,1.077759
-0.262817,-0.267334,0.791138
-0.002441,0.143677,1.053955
0.239502,-0.385620,0.888184
-0.513062,0.036621,0.789795
0.477539,-0.247437,1.063477
-0.213867,-0.328003,0.768433
-0.081421,0.136597,1.014893
0.285889,-0.360962,0.910889
-0.550171,0.029663,0.773071
0.456543,-0.215820,1.069702
-0.179565,-0.364746,0.739746
-0.172852,0.163086,1.001831
0.354126,-0.378418,0.934448
-0.583252,0.031006,0.765015
0.407349,-0.197388,1.052612
-0.143555,-0.352295,0.766357
-0.263550,0.163086,0.942871
0.491455,-0.299316,1.058472
-0.559448,-0.008179,0.750610
0.266846,-0.015625,1.106567
-0.112061,-0.352783,0.788330
-0.349609,0.151611,0.938843
0.495605,-0.280640,1.066895
-0.420898,-0.123291,0.775757
0.199463,0.031860,1.091553
0.095947,-0.420410,0.872925
-0.383789,0.088745,0.899048
0.512695,-0.289795,1.070068
-0.419678,-0.135864,0.769287
0.155518,0.119873,1.101685
0.122681,-0.394897,0.868286
-0.429443,0.088379,0.869263
0.501831,-0.278198,1.069458
-0.411499,-0.177368,0.751587
0.111206,0.084595,1.059326
0.180176,-0.423218,0.872437
-0.478882,0.134766,0.855713
0.468994,-0.247437,1.047119
-0.375244,-0.211426,0.769897
0.074951,0.059204,1.056396
0.195557,-0.400024,0.879639
-0.509155,0.127930,0.837158
0.479736,-0.239136,1.055664
-0.328491,-0.256714,0.762207
0.011963,0.092407,1.043335
0.235596,-0.419067,0.887939
-0.531738,0.105469,0.813599
0.461548,-0.228394,1.041992
-0.280396,-0.289673,0.739746
-0.048828,0.123657,1.012329
0.281860,-0.407959,0.897583
-0.547485,0.069946,0.785034
0.450439,-0.208374,1.056885
-0.238281,-0.315552,0.724487
-0.131226,0.156616,0.994019
0.303345,-0.394775,0.906250
-0.557861,0.027710,0.760742
0.436401,-0.203979,1.057495
-0.203247,-0.322876,0.741821
-0.218140,0.157593,0.964355
0.337524,-0.371094,0.918579
-0.558838,-0.010254,0.738525
0.390869,-0.162354,1.070679
-0.171021,-0.357788,0.729248
-0.288208,0.184814,0.933716
0.375244,-0.356689,0.941650
-0.570801,0.001099,0.747192
0.348999,-0.149048,1.050781
-0.133423,-0.369995,0.747437
-0.347412,0.199707,0.900391
0.385498,-0.336914,0.943848
-0.569824,-0.037476,0.737183
0.279419,-0.116943,1.029541
-0.077881,-0.401978,0.765137
-0.425903,0.216309,0.872803
0.413818,-0.296631,0.961548
-0.530762,-0.082520,0.712891
0.170044,-0.031372,1.015747
0.005371,-0.420288,0.803467
-0.481323,0.177612,0.859619
0.412964,-0.280640,0.973999
-0.506836,-0.075195,0.713135
0.082520,0.057129,1.005127
0.089722,-0.412964,0.830322
-0.529419,0.160278,0.834351
0.421021,-0.234741,0.997803
-0.439209,-0.137329,0.714478
0.013794,0.128418,1.004517
0.158569,-0.407959,0.845215
-0.564453,0.122925,0.810059
0.422729,-0.210693,1.012573
-0.342773,-0.229980,0.712891
-0.054932,0.165039,0.989746
0.213745,-0.398560,0.861816
-0.598633,0.108398,0.782837
0.432007,-0.210938,1.017700
-0.258667,-0.276367,0.718750
-0.145142,0.175293,0.953003
0.283569,-0.379761,0.884521
-0.616577,0.090332,0.762451
0.389771,-0.187622,1.008423
-0.199585,-0.332397,0.728760
-0.213623,0.160278,0.933105
0.326904,-0.366577,0.903320
-0.617432,0.099243,0.729492
0.354980,-0.123291,1.008057
-0.135742,-0.359985,0.725220
-0.291748,0.179810,0.909180
0.373901,-0.358032,0.923218
-0.599976,0.074585,0.732788
0.290894,-0.091187,0.994873
-0.096436,-0.395386,0.733887
-0.347778,0.177979,0.878052
0.395752,-0.313477,0.939209
-0.569824,0.034302,0.721313
0.219482,-0.001587,0.991089
-0.031616,-0.391235,0.760376
-0.408936,0.173462,0.859131
0.404053,-0.287476,0.951416
-0.545898,-0.022095,0.694458
0.169189,0.028564,1.008179
0.022339,-0.398438,0.774414
-0.472168,0.213989,0.849609
0.424316,-0.271118,0.961792
-0.502930,-0.084106,0.711548
0.103760,0.064453,1.003052
0.077881,-0.403564,0.811157
-0.537476,0.211426,0.827148
0.434326,-0.210693,0.989258
-0.410278,-0.146484,0.729126
0.035278,0.143188,1.022095
0.142944,-0.439209,0.818237
-0.553711,0.159790,0.807861
0.450928,-0.206177,1.001587
-0.332397,-0.158691,0.746216
-0.049316,0.182129,0.987549
0.211426,-0.392944,0.852905
-0.578857,0.115723,0.761475
0.442627,-0.164062,1.033447
-0.244995,-0.240723,0.738647
-0.109131,0.227539,0.982300
0.281372,-0.393066,0.872559
-0.605835,0.113281,0.761963
0.421509,-0.169312,1.020020
-0.170044,-0.296875,0.747192
-0.163086,0.200317,0.935669
0.318481,-0.329224,0.894043
-0.599976,0.090820,0.756348
0.383911,-0.171021,1.012329
-0.090942,-0.376465,0.765991
-0.211792,0.178223,0.912598
0.332031,-0.292358,0.905518
-0.593384,0.105103,0.754639
0.368042,-0.123657,1.018433
-0.038818,-0.407104,0.760620
-0.291992,0.182861,0.879272
0.384033,-0.299438,0.922241
-0.568604,0.072876,0.730347
0.287720,-0.046631,0.990112
0.004028,-0.426758,0.769409
-0.338745,0.132935,0.858276
0.419556,-0.290527,0.955200
-0.547241,0.042236,0.728516
0.197998,0.034546,0.999512
0.049683,-0.409546,0.782959
-0.389648,0.133911,0.838135
0.430420,-0.286743,0.951294
-0.503296,0.002075,0.748657
0.143433,0.100220,1.013428
0.077881,-0.400757,0.790405
-0.465332,0.131226,0.814697
0.460571,-0.285034,0.982300
-0.459961,-0.070801,0.749390
0.090454,0.136230,1.022827
0.131226,-0.412964,0.810425
-0.516235,0.124023,0.786987
0.468140,-0.279663,0.995850
-0.376953,-0.156982,0.765991
0.016235,0.166626,1.008667
0.187134,-0.385254,0.839844
-0.530396,0.110962,0.773193
0.460205,-0.253418,1.003906
-0.325073,-0.184937,0.762085
-0.051392,0.158936,0.989746
0.279663,-0.441895,0.869995
-0.561401,0.086914,0.749756
0.430420,-0.192627,1.005249
-0.225464,-0.218750,0.782227
-0.115601,0.185913,0.969238
0.315308,-0.424805,0.905518
-0.568115,0.065063,0.753052
0.411987,-0.145630,1.032349
-0.138306,-0.286743,0.775024
-0.186646,0.206055,0.951782
0.361816,-0.408691,0.920288
-0.563232,0.033447,0.750000
0.376587,-0.142456,1.012817
-0.043091,-0.361694,0.783325
-0.228638,0.223145,0.949463
0.373413,-0.363281,0.932983
-0.549683,-0.059326,0.737915
0.341064,-0.162231,0.993408
0.015625,-0.406006,0.795044
-0.289917,0.210815,0.892212
0.398193,-0.299438,0.947510
-0.499756,-0.113281,0.737305
0.257080,-0.098511,0.996338
0.052612,-0.479980,0.768799
-0.333374,0.153442,0.869995
0.449463,-0.309692,0.970581
-0.483643,-0.077637,0.760132
0.168091,-0.048584,0.977417
0.094604,-0.507935,0.764648
-0.369507,0.080566,0.814575
0.461792,-0.253784,1.004883
-0.443970,-0.094238,0.767212
0.108154,0.046021,1.013794
0.164185,-0.513062,0.803833
-0.464844,0.061523,0.796021
0.481812,-0.279663,1.025024
-0.374878,-0.195679,0.741333
0.016724,0.144043,1.023926
0.246826,-0.466187,0.855469
-0.501953,0.051270,0.771484
0.475952,-0.260620,1.041992
-0.249390,-0.228760,0.803101
-0.083496,0.174927,1.001343
0.302856,-0.424072,0.902588
-0.512695,0.030029,0.769531
0.424438,-0.200562,1.046143
-0.119629,-0.302368,0.819580
-0.144165,0.174561,0.985229
0.352173,-0.384033,0.945923
-0.519287,-0.030640,0.742798
0.385254,-0.154907,1.043091
0.002808,-0.408691,0.819214
-0.201782,0.176392,0.982910
0.402100,-0.360718,0.961914
-0.501343,-0.034668,0.759277
0.331299,-0.124268,1.033325
0.073486,-0.471069,0.830444
-0.304321,0.141846,0.916260
0.468018,-0.335205,1.004028
-0.452271,-0.115845,0.759521
0.228516,-0.041382,1.035400
0.112915,-0.474976,0.818848
-0.336670,0.127808,0.904297
0.504150,-0.292725,1.044800
-0.417725,-0.135986,0.769531
0.145508,0.022949,1.021240
0.190796,-0.469482,0.864502
-0.402832,0.073486,0.849243
0.525513,-0.292114,1.060059
-0.350586,-0.217163,0.772461
0.078369,0.099976,1.047974
0.275879,-0.471191,0.895142
-0.445312,0.043701,0.800049
0.507202,-0.242554,1.077393
-0.269897,-0.236084,0.804932
0.018066,0.123169,1.059814
0.340820,-0.487061,0.929932
-0.473022,0.047119,0.805420
0.477417,-0.176636,1.090942
-0.182617,-0.242188,0.838745
-0.058472,0.172607,1.048950
0.390137,-0.459595,0.966919
-0.477295,0.019897,0.808594
0.477661,-0.152222,1.105469
-0.089233,-0.261230,0.870728
-0.133789,0.201660,1.034912
0.431396,-0.411133,0.989502
-0.463867,-0.028442,0.804077
0.440186,-0.119507,1.114502
0.027588,-0.355591,0.884888
-0.190308,0.206299,1.027100
0.470825,-0.369385,1.025635
-0.441895,-0.077026,0.795898
0.389038,-0.057007,1.120972
0.077271,-0.371094,0.881836
-0.223389,0.211304,1.034424
0.505859,-0.350708,1.064331
-0.435303,-0.119873,0.789673
0.341797,-0.059326,1.105713
0.115234,-0.387329,0.905762
-0.287476,0.214722,0.990112
0.534424,-0.279419,1.094971
-0.376831,-0.136841,0.813110
0.262207,-0.007812,1.098511
0.180298,-0.460449,0.911743
-0.333618,0.140625,0.942139
0.566406,-0.256836,1.120605
-0.340454,-0.162598,0.817627
0.183105,0.073486,1.095703
0.244873,-0.468384,0.931885
-0.352173,0.055664,0.907837
0.575562,-0.257812,1.140991
-0.299683,-0.191406,0.834229
0.130981,0.156738,1.106934
0.301392,-0.437744,0.954102
-0.375000,0.049927,0.890747
0.567505,-0.240356,1.147339
-0.253296,-0.238159,0.838745
0.077271,0.154541,1.104004
0.365356,-0.428101,0.993896
-0.415283,0.088745,0.874512
0.543335,-0.169556,1.153687
-0.193481,-0.240479,0.854736
0.023315,0.182373,1.108154
0.396973,-0.404541,1.011353
-0.427612,0.033569,0.860352
0.526978,-0.120239,1.163208
-0.106445,-0.272217,0.875732
-0.050171,0.205078,1.090210
0.439453,-0.380005,1.038086
-0.430298,-0.021362,0.843994
0.497192,-0.093994,1.181030
0.005981,-0.328735,0.897827
-0.121582,0.214111,1.071777
0.475220,-0.353760,1.065186
-0.432129,-0.047241,0.836304
0.470215,-0.063843,1.182129
0.023438,-0.307617,0.899292
-0.198608,0.231812,1.048706
0.506592,-0.313843,1.089966
-0.423950,-0.099121,0.823730
0.415161,-0.041382,1.181152
0.065674,-0.338257,0.906128
-0.265625,0.234375,1.035400
0.542236,-0.283081,1.122681
-0.393799,-0.149902,0.822754
0.323364,-0.013062,1.153320
0.143188,-0.376953,0.932617
-0.317505,0.178467,0.961792
0.564575,-0.256592,1.125732
-0.342041,-0.170898,0.820923
0.219482,0.038940,1.130737
0.224487,-0.428345,0.933716
-0.366455,0.118530,0.913330
0.573730,-0.229858,1.140503
-0.285400,-0.198486,0.839111
0.117065,0.112793,1.097534
0.299561,-0.405029,0.972778
-0.414673,0.064453,0.880859
0.550781,-0.184570,1.165771
-0.209595,-0.267822,0.840454
0.010376,0.172363,1.079346
0.352417,-0.386108,0.976929
-0.428711,0.005737,0.856079
0.524292,-0.161133,1.159790
-0.078613,-0.348145,0.844971
-0.074585,0.193359,1.064575
0.383667,-0.356445,0.984741
-0.464233,-0.012695,0.832397
0.510376,-0.164429,1.162109
-0.054443,-0.348877,0.851440
-0.163452,0.190796,1.033203
0.422485,-0.313477,1.021973
-0.473145,-0.043213,0.802856
0.451416,-0.123535,1.159058
-0.016235,-0.355225,0.870239
-0.258057,0.206177,1.019165
0.479370,-0.303589,1.067139
-0.460449,-0.074219,0.781128
0.348145,-0.028809,1.145264
0.037598,-0.377686,0.862305
-0.305786,0.172363,0.974731
0.496216,-0.283081,1.066528
-0.419189,-0.121216,0.779907
0.267334,0.031250,1.131592
0.090210,-0.389404,0.871826
-0.369873,0.132568,0.924194
0.506714,-0.286743,1.074707
-0.385132,-0.174805,0.775635
0.190063,0.097046,1.115356
0.134521,-0.385498,0.876465
-0.421021,0.113037,0.902710
0.524902,-0.305054,1.077148
-0.390503,-0.199585,0.765015
0.112305,0.108032,1.073853
0.184814,-0.356934,0.894531
-0.454468,0.093750,0.866577
0.520996,-0.279663,1.087036
-0.347900,-0.228882,0.782104
0.050537,0.118286,1.065063
0.220703,-0.385254,0.898682
-0.486450,0.081909,0.836182
0.502686,-0.251709,1.088013
-0.294312,-0.267334,0.776611
0.007446,0.070435,1.031738
0.247559,-0.402710,0.900513
-0.510254,0.096191,0.825195
0.500854,-0.204712,1.090088
-0.247925,-0.256104,0.797607
-0.079468,0.152100,1.022095
0.292114,-0.431885,0.912476
-0.511475,0.020508,0.786865
0.473389,-0.190552,1.086426
-0.221191,-0.262573,0.775024
-0.151367,0.154053,0.989136
0.334229,-0.428223,0.927856
-0.525757,-0.001587,0.768433
0.432861,-0.142334,1.086426
-0.202759,-0.288086,0.743408
-0.214600,0.174683,0.973145
0.361938,-0.388672,0.945679
-0.538940,-0.029419,0.761475
0.387207,-0.127808,1.076660
-0.167114,-0.341675,0.730469
-0.279419,0.182373,0.947998
0.397705,-0.365234,0.961304
-0.568604,-0.026367,0.745728
0.338501,-0.103027,1.057251
-0.112793,-0.362793,0.754272
-0.323486,0.174072,0.912842
0.394775,-0.348267,0.963135
-0.555298,-0.064819,0.719849
0.270874,-0.080688,1.041504
-0.054810,-0.365723,0.779297
-0.404785,0.201904,0.901978
0.411133,-0.321777,0.971191
-0.529419,-0.090698,0.722168
0.186523,-0.030273,1.026855
-0.000366,-0.393433,0.797119
-0.469604,0.192261,0.869385
0.426270,-0.295532,1.003540
-0.501099,-0.140259,0.713745
0.100220,0.062622,1.021240
0.061157,-0.410522,0.815308
-0.504150,0.163574,0.850586
0.441284,-0.253296,1.013672
-0.447266,-0.153564,0.735962
0.015503,0.106445,1.000488
0.138794,-0.418335,0.840088
-0.541138,0.125000,0.815308
0.447266,-0.243530,1.030762
-0.369263,-0.198364,0.726562
-0.060425,0.149292,0.982178
0.210205,-0.384521,0.860229
-0.581665,0.084473,0.788208
0.422852,-0.222290,1.022095
-0.266602,-0.306274,0.712891
-0.125366,0.165161,0.962646
0.259888,-0.383057,0.872070
-0.604370,0.083984,0.760376
0.411011,-0.205322,1.020508
-0.206787,-0.340576,0.717285
-0.196533,0.178101,0.953613
0.306641,-0.353394,0.891602
-0.620361,0.091919,0.751343
0.363770,-0.161499,1.014526
-0.155396,-0.376221,0.727417
-0.261230,0.129150,0.895264
0.343872,-0.336060,0.917969
-0.608154,0.062500,0.713013
0.305542,-0.107788,1.000000
-0.090698,-0.382446,0.751343
-0.354004,0.196777,0.890991
0.386353,-0.332153,0.936401
-0.575806,0.016113,0.714844
0.228149,-0.020264,1.001221
-0.065430,-0.390381,0.743042
-0.412231,0.168457,0.880615
0.415161,-0.308960,0.967407
-0.536621,-0.053955,0.697754
0.126831,0.102295,1.005615
0.004028,-0.382324,0.766479
-0.478638,0.171265,0.852905
0.432495,-0.297852,0.971558
-0.497192,-0.088257,0.708252
0.082764,0.136108,1.008911
0.074097,-0.353027,0.807617
-0.547241,0.165039,0.818359
0.444336,-0.265137,0.989502
-0.401001,-0.178833,0.720703
0.044312,0.166626,1.035645
0.113037,-0.350098,0.808472
-0.591431,0.200684,0.808472
0.469604,-0.281738,0.995361
-0.333496,-0.243896,0.736328
-0.014771,0.135986,0.989990
0.176514,-0.364380,0.837524
-0.603271,0.197754,0.780273
0.444946,-0.211792,1.002563
-0.258789,-0.271484,0.742310
-0.071655,0.143677,0.976318
0.248291,-0.373291,0.871460
-0.619507,0.192261,0.769043
0.415894,-0.164551,1.003906
-0.201538,-0.281738,0.756836
-0.125854,0.166626,0.979492
0.303345,-0.401733,0.877930
-0.617798,0.186035,0.767212
0.402466,-0.133423,1.005127
-0.145020,-0.281128,0.770874
-0.193237,0.185181,0.952881
0.334839,-0.395874,0.902100
-0.600220,0.098633,0.746460
0.404175,-0.085449,1.044678
-0.113281,-0.319946,0.735352
-0.256836,0.226196,0.914429
0.378662,-0.376221,0.905396
-0.577393,0.071289,0.756104
0.343140,-0.090210,1.013672
-0.071289,-0.371582,0.750610
-0.305054,0.186890,0.868774
0.409424,-0.319824,0.940552
-0.561768,0.005859,0.726318
0.291138,-0.059814,1.002075
-0.029663,-0.405151,0.744507
-0.348267,0.170410,0.853638
0.414062,-0.313721,0.938965
-0.526611,-0.059937,0.732788
0.227173,-0.019897,0.998047
0.018921,-0.402710,0.759399
-0.422729,0.210571,0.836060
0.439453,-0.276733,0.954346
-0.474365,-0.103271,0.739136
0.159790,0.026001,1.007812
0.072266,-0.421143,0.786011
-0.464111,0.183350,0.817627
0.448364,-0.245605,0.962769
-0.436279,-0.098022,0.759277
0.085327,0.084839,1.015137
0.138794,-0.428223,0.815918
-0.525879,0.156738,0.787109
0.447998,-0.198608,0.995361
-0.334106,-0.168091,0.772705
-0.032104,0.149658,1.008057
0.213623,-0.434692,0.843628
-0.542603,0.082153,0.758911
0.443970,-0.169312,1.012695
-0.224365,-0.205566,0.773682
-0.128296,0.208374,0.965942
0.292236,-0.439331,0.876343
-0.566895,0.019653,0.747437
0.420166,-0.154541,1.033936
-0.119629,-0.308228,0.768555
-0.219360,0.228760,0.941528
0.362427,-0.384644,0.921143
-0.541382,-0.008301,0.749634
0.351074,-0.107056,1.016113
-0.030762,-0.381470,0.777344
-0.288330,0.184082,0.882568
0.404663,-0.335327,0.939209
-0.524902,-0.066895,0.732300
0.255859,-0.082397,0.983521
0.022827,-0.437256,0.750366
-0.339478,0.157593,0.860474
0.437622,-0.263916,0.961426
-0.466309,-0.098389,0.757324
0.144165,0.020752,0.998169
0.095459,-0.480225,0.786377
-0.425659,0.089355,0.806519
0.457764,-0.268921,0.991211
-0.414917,-0.125610,0.756836
0.062378,0.125610,1.008179
0.175781,-0.434692,0.826050
-0.500000,0.074341,0.763794
0.456177,-0.266724,1.006592
-0.323120,-0.218140,0.760498
-0.044678,0.184082,1.005127
0.257446,-0.419189,0.867554
-0.533203,0.032349,0.749756
0.452759,-0.263794,1.015625
-0.220825,-0.272705,0.773438
-0.110962,0.212769,1.000977
0.294189,-0.385620,0.891602
-0.532715,0.026123,0.754761
0.427734,-0.229858,1.023193
-0.119385,-0.296387,0.808594
-0.176880,0.222290,0.986938
0.357666,-0.410400,0.917480
-0.537720,0.007446,0.756958
0.375366,-0.161255,1.017822
-0.031128,-0.373779,0.801758
-0.220581,0.195068,0.955688
0.387329,-0.348633,0.950562
-0.516724,-0.062744,0.734009
0.330933,-0.147217,1.015503
0.050171,-0.442383,0.807983
-0.287109,0.157227,0.911987
0.430176,-0.360229,0.968018
-0.502808,-0.093994,0.743652
0.259888,-0.078247,1.017456
0.096558,-0.467041,0.799438
-0.354126,0.139160,0.876099
0.467529,-0.315552,1.002686
-0.436279,-0.125366,0.768188
0.160034,-0.015381,1.005737
0.131958,-0.472900,0.804321
-0.390991,0.094482,0.836914
0.501831,-0.270874,1.037476
-0.368774,-0.155273,0.770630
0.065674,0.096436,1.026855
0.223999,-0.495605,0.836304
-0.453857,0.029175,0.786621
0.524414,-0.283447,1.065674
-0.276489,-0.210327,0.802124
-0.042358,0.178711,1.031860
0.304077,-0.453979,0.896118
-0.501831,0.024780,0.788696
0.472290,-0.227539,1.067749
-0.130371,-0.297485,0.846436
-0.114136,0.201172,1.031250
0.334229,-0.391235,0.929077
-0.510498,0.010742,0.773071
0.446533,-0.192993,1.068481
-0.019531,-0.342407,0.867920
-0.165527,0.194824,1.026611
0.394043,-0.363037,0.971680
-0.497803,-0.004150,0.770264
0.383789,-0.141968,1.061646
0.072998,-0.443237,0.869629
-0.214722,0.137207,0.978882
0.456543,-0.336182,1.025391
-0.451050,-0.073975,0.767334
0.296631,-0.039795,1.072388
0.094238,-0.421631,0.855957
-0.263794,0.128662,0.963623
0.510498,-0.320190,1.076294
-0.426147,-0.116577,0.783569
0.246826,0.015381,1.067627
0.137695,-0.429321,0.866943
-0.333252,0.113403,0.939331
0.543701,-0.311768,1.084961
-0.378662,-0.143188,0.798584
0.183105,0.060791,1.062988
0.212036,-0.450562,0.887817
-0.384888,0.117432,0.896606
0.552002,-0.281250,1.096558
-0.312744,-0.227783,0.804565
0.123901,0.101929,1.073486
0.268921,-0.447510,0.916626
-0.402710,0.081055,0.862305
0.567505,-0.297119,1.095581
-0.272217,-0.254517,0.822388
0.069824,0.127930,1.061768
0.324097,-0.428955,0.945679
-0.414673,0.061646,0.840332
0.553589,-0.225586,1.119629
-0.216675,-0.236084,0.856689
0.017090,0.139160,1.058472
0.359253,-0.434692,0.981079
-0.434326,0.034302,0.840454
0.526123,-0.161011,1.145142
-0.159058,-0.247192,0.865967
-0.022217,0.182129,1.084473
0.405640,-0.417725,0.997681
-0.450928,0.052734,0.853882
0.521484,-0.158813,1.146484
-0.105835,-0.282715,0.871948
-0.056641,0.217285,1.097290
0.431519,-0.384888,1.018555
-0.459229,0.029907,0.843140
0.493408,-0.138306,1.145874
-0.010132,-0.361084,0.881348
-0.107056,0.208252,1.087646
0.460571,-0.366211,1.046875
-0.455444,-0.005249,0.829590
0.477661,-0.101196,1.167847
0.045166,-0.349121,0.912354
-0.150513,0.225464,1.088257
0.483398,-0.334961,1.064697
-0.426025,-0.055786,0.833252
0.447876,-0.082397,1.170532
0.050415,-0.342896,0.904785
-0.185059,0.223267,1.064331
0.509521,-0.286743,1.103271
-0.429932,-0.077271,0.817261
0.405640,-0.082764,1.156006
0.065918,-0.357300,0.909180
-0.222656,0.224487,1.038574
0.532349,-0.265137,1.120361
-0.402954,-0.106445,0.817749
0.352539,-0.034546,1.151367
0.120605,-0.389893,0.925781
-0.261597,0.178223,1.009033
0.558472,-0.258179,1.139038
-0.390015,-0.120728,0.810425
0.290161,0.015625,1.145264
0.202271,-0.442993,0.931396
-0.329956,0.189697,0.979370
0.581665,-0.259399,1.130493
-0.328735,-0.147949,0.829712
0.202026,0.076294,1.127563
0.252563,-0.435913,0.960327
-0.354980,0.082031,0.929199
0.569580,-0.251831,1.146240
-0.318115,-0.220093,0.819458
0.162354,0.145752,1.139404
0.295532,-0.412109,0.971680
-0.444580,0.059448,0.856079
0.519531,-0.175781,1.143066
-0.267822,-0.238403,0.828369
-0.042358,0.234619,1.101807
0.336182,-0.414185,0.974976
-0.437012,0.024292,0.859253
0.519897,-0.155518,1.163208
-0.043701,-0.313232,0.892700
-0.092163,0.219482,1.083984
0.455566,-0.357178,1.037354
-0.445557,-0.019043,0.840332
0.504272,-0.138916,1.160645
0.034546,-0.366089,0.907471
-0.130737,0.202271,1.074341
0.463013,-0.323120,1.059692
-0.455444,-0.026611,0.834839
0.481689,-0.119629,1.170166
0.039551,-0.355957,0.908569
-0.169556,0.222656,1.072510
0.489624,-0.283569,1.093506
-0.459717,-0.044189,0.812866
0.445435,-0.093750,1.173462
0.063843,-0.358521,0.915649
-0.213013,0.239868,1.057129
0.520752,-0.267944,1.111572
-0.441772,-0.081299,0.814575
0.382202,-0.091064,1.150757
0.097046,-0.386963,0.921997
-0.237549,0.193115,1.028809
0.537109,-0.263550,1.124390
-0.416382,-0.065063,0.820435
0.325928,-0.028198,1.145142
0.138916,-0.430420,0.919922
-0.271851,0.146240,1.002075
0.568726,-0.280884,1.130127
-0.404053,-0.077271,0.818604
0.260864,0.039307,1.136108
0.186523,-0.401001,0.939087
-0.325562,0.124878,0.957642
0.584717,-0.277344,1.141968
-0.367432,-0.155273,0.809448
0.203247,0.092163,1.140015
0.223755,-0.405762,0.938965
-0.384644,0.128784,0.926880
0.586182,-0.276367,1.137817
-0.296753,-0.223267,0.842773
0.111084,0.118896,1.103394
0.260864,-0.380615,0.941162
-0.415894,0.071289,0.879639
0.572510,-0.240356,1.150146
-0.231812,-0.262207,0.843750
0.049683,0.156250,1.091553
0.317139,-0.395142,0.944214
-0.451538,0.064819,0.864868
0.539673,-0.214844,1.139282
-0.119629,-0.327393,0.850952
-0.023071,0.177734,1.075439
0.345459,-0.327515,0.983521
-0.479858,0.011353,0.818970
0.521484,-0.218140,1.140259
-0.089111,-0.378784,0.833618
-0.072998,0.155518,1.052856
0.369263,-0.315308,0.980957
-0.486328,0.021240,0.810791
0.485474,-0.176758,1.142090
-0.066406,-0.397583,0.834229
-0.167480,0.161743,1.024048
0.401001,-0.316895,1.000366
-0.482666,-0.019043,0.793457
0.439331,-0.125000,1.148315
-0.049316,-0.378296,0.838745
-0.240112,0.209351,1.021118
0.444214,-0.326904,1.016724
-0.493042,-0.039429,0.785156
0.394897,-0.083008,1.137451
-0.005371,-0.358398,0.844116
-0.294434,0.197998,0.976685
0.466309,-0.297119,1.050537
-0.481323,-0.097046,0.744751
0.322144,-0.057129,1.122070
0.020142,-0.365967,0.861816
-0.340210,0.171387,0.941650
0.491455,-0.319458,1.040649
-0.452271,-0.121582,0.750610
0.232666,-0.002319,1.093384
0.075317,-0.403320,0.847900
-0.403931,0.165283,0.914673
0.505127,-0.278931,1.056274
-0.427002,-0.149780,0.750488
0.144897,0.080322,1.064697
0.126221,-0.407593,0.860352
-0.445190,0.108643,0.882324
0.503540,-0.298096,1.062012
-0.395264,-0.220703,0.751587
0.066895,0.146729,1.052002
0.171021,-0.378296,0.869385
-0.469116,0.046753,0.828735
0.517700,-0.289307,1.079468
-0.343994,-0.226685,0.765503
-0.007935,0.152344,1.038818
0.220215,-0.383789,0.880005
-0.502441,0.063110,0.820557
0.495361,-0.246460,1.081055
-0.279663,-0.281250,0.753662
-0.039795,0.137085,1.021240
0.236572,-0.362427,0.882568
-0.528442,0.041992,0.793457
0.488403,-0.250732,1.077881
-0.239868,-0.324707,0.754028
-0.119019,0.147095,0.975830
0.270508,-0.362793,0.885254
-0.540405,0.014893,0.776855
0.454590,-0.203979,1.076538
-0.204590,-0.319946,0.744873
-0.184570,0.162109,0.974609
0.314575,-0.383057,0.920532
-0.586548,-0.003662,0.739258
0.408691,-0.193970,1.043701
-0.158691,-0.341919,0.746826
-0.229370,0.171021,0.956055
0.331421,-0.336304,0.922119
-0.586792,0.000366,0.741577
0.367676,-0.208008,1.035645
-0.129395,-0.371948,0.755249
-0.290771,0.169800,0.919067
0.368896,-0.312622,0.961304
-0.597168,-0.006470,0.718140
0.308472,-0.137451,1.028564
-0.085449,-0.397339,0.758057
-0.355225,0.164185,0.898682
0.376343,-0.310547,0.962036
-0.567383,-0.037720,0.706299
0.254272,-0.076904,1.025146
-0.050293,-0.395630,0.778198
-0.415161,0.164551,0.872192
0.394775,-0.312012,0.968384
-0.547852,-0.038086,0.721558
0.179199,-0.012573,1.010376
0.004883,-0.392334,0.798218
-0.469482,0.196167,0.862671
0.420288,-0.280762,0.985229
-0.524658,-0.114624,0.714478
0.096436,0.043579,1.000244
0.064087,-0.421631,0.802612
-0.515381,0.186890,0.850952
0.432739,-0.260010,0.995361
-0.437622,-0.173828,0.724854
0.022949,0.135132,1.020996
0.114380,-0.405884,0.816895
-0.563477,0.160278,0.815430
0.460693,-0.245728,1.023804
-0.356323,-0.195312,0.736816
-0.049438,0.191772,1.004639
0.178589,-0.403320,0.826538
-0.594849,0.107422,0.766113
0.427490,-0.239746,0.995117
-0.273438,-0.312256,0.701172
-0.080933,0.187866,0.990723
0.232788,-0.376221,0.841064
-0.639648,0.133179,0.743042
0.426392,-0.245850,0.998169
-0.207886,-0.370239,0.699097
-0.133301,0.172607,0.962524
0.265137,-0.336670,0.872070
-0.642334,0.125977,0.736694
0.413208,-0.220825,1.002441
-0.153809,-0.372070,0.753296
-0.199951,0.152222,0.932861
0.292603,-0.320312,0.885742
-0.639526,0.106323,0.721069
0.380981,-0.188232,1.002563
-0.111816,-0.380737,0.741577
-0.271118,0.184937,0.914429
0.339355,-0.318604,0.908569
-0.599487,0.110229,0.732788
0.300903,-0.110718,0.985474
-0.073853,-0.405884,0.737427
-0.333252,0.171753,0.884521
0.389404,-0.338013,0.921021
-0.610840,0.061890,0.697754
0.249146,-0.045410,0.976318
-0.027344,-0.381226,0.770020
-0.378906,0.188354,0.875854
0.401855,-0.306641,0.952026
-0.580200,-0.014160,0.686401
0.222290,0.012695,1.000488
-0.012085,-0.400513,0.763306
-0.421997,0.199951,0.871460
0.422241,-0.282959,0.960815
-0.547119,-0.022949,0.699951
0.166138,0.056519,1.008667
0.025513,-0.421143,0.764893
-0.457520,0.194702,0.851562
0.444336,-0.276489,0.969971
-0.509888,-0.055420,0.723755
0.105835,0.091919,1.001709
0.062744,-0.413208,0.783081
-0.498413,0.192627,0.840820
0.447021,-0.251953,0.981323
-0.453979,-0.080200,0.741821
0.059082,0.144531,1.010010
0.110596,-0.388550,0.813721
-0.544800,0.146973,0.797485
0.461060,-0.249878,1.004150
-0.384521,-0.133057,0.750000
0.014648,0.195679,1.009766
0.160522,-0.370483,0.823120
-0.573242,0.140991,0.780273
0.470215,-0.243042,1.019653
-0.315430,-0.198242,0.762573
-0.019653,0.174561,1.000854
0.216919,-0.369751,0.836670
-0.616821,0.201782,0.776123
0.463867,-0.232788,1.014404
-0.232910,-0.250854,0.774780
-0.094116,0.189819,0.965332
0.270142,-0.375977,0.872681
-0.608765,0.160156,0.757080
0.436401,-0.164307,1.020874
-0.176514,-0.272949,0.771362
-0.150513,0.185425,0.953247
0.312866,-0.381348,0.890747
-0.590210,0.131104,0.763550
0.408569,-0.130859,1.028564
-0.120239,-0.342285,0.755005
-0.193604,0.200439,0.937256
0.354004,-0.367310,0.901001
-0.597290,0.094116,0.759277
0.391602,-0.166626,1.010986
-0.072510,-0.365723,0.772949
-0.240356,0.194824,0.899780
0.353394,-0.300293,0.916382
-0.570679,0.032104,0.734741
0.362183,-0.128296,1.010254
-0.022827,-0.403687,0.770264
-0.289307,0.200684,0.883179
0.396118,-0.317749,0.919678
-0.557739,0.057983,0.737305
0.281372,-0.055542,0.996338
0.015869,-0.430176,0.756836
-0.330811,0.163086,0.856567
0.432861,-0.308350,0.945068
-0.546143,0.004517,0.728027
0.218262,-0.003174,0.984131
0.060913,-0.451904,0.776123
-0.372681,0.136841,0.827271
0.433960,-0.283691,0.960327
-0.496338,-0.052734,0.734497
0.178467,0.041992,1.003052
0.079102,-0.425415,0.779907
-0.414429,0.103394,0.805298
0.439941,-0.287720,0.965454
-0.478516,-0.083618,0.742432
0.150635,0.046997,1.015381
0.106323,-0.443359,0.798584
-0.469727,0.134766,0.792480
0.454712,-0.271240,0.989746
-0.433716,-0.117798,0.740845
0.104858,0.079590,1.022949
0.129517,-0.466187,0.799561
-0.488403,0.140625,0.799805
0.459351,-0.227661,1.010254
-0.411499,-0.142822,0.746216
0.079834,0.052368,1.009033
0.155640,-0.468506,0.815430
-0.500244,0.128052,0.777588
0.479614,-0.249390,1.006836
-0.386475,-0.173584,0.744751
0.005737,0.094238,0.989990
0.216675,-0.486572,0.836182
-0.511597,0.090820,0.754272
0.481567,-0.259033,1.000610
-0.327393,-0.174316,0.770020
-0.045776,0.139404,0.998779
0.258423,-0.513794,0.843262
-0.517456,0.062012,0.754639
0.477051,-0.264160,1.016357
-0.284302,-0.201904,0.783936
-0.077026,0.194824,1.000488
0.281128,-0.465088,0.870605
-0.523682,0.020630,0.753418
0.471313,-0.240845,1.040161
-0.230469,-0.212402,0.796021
-0.121094,0.231812,1.006470
0.304932,-0.436768,0.902344
-0.519409,-0.010376,0.748047
0.447876,-0.228149,1.046997
-0.215698,-0.228271,0.789307
-0.115723,0.212280,1.013916
0.320801,-0.428223,0.908813
-0.534180,-0.015503,0.754395
0.447754,-0.230103,1.049438
-0.164307,-0.262695,0.807739
-0.151978,0.230347,0.996826
0.352905,-0.371460,0.942871
-0.536621,-0.004761,0.763794
0.422485,-0.230591,1.040283
-0.082031,-0.355957,0.823975
-0.166138,0.184204,0.981445
0.352661,-0.359375,0.938110
-0.515137,-0.000122,0.772949
0.410400,-0.202637,1.051636
-0.018677,-0.411255,0.829590
-0.208740,0.172119,0.967041
0.410645,-0.384155,0.961670
-0.515869,-0.028320,0.757568
0.355835,-0.134888,1.040161
0.044678,-0.437622,0.820679
-0.245483,0.171387,0.959717
0.442139,-0.376465,0.974487
-0.496948,-0.070190,0.751343
0.290894,-0.087158,1.031860
0.062012,-0.470093,0.800659
-0.259399,0.111450,0.920776
0.484253,-0.327271,1.029541
-0.470947,-0.079468,0.764038
0.234741,-0.016968,1.043091
0.113525,-0.471191,0.836914
-0.324707,0.106812,0.914307
0.498291,-0.303101,1.044067
-0.424316,-0.119507,0.762695
0.171265,0.058472,1.051636
0.191284,-0.464355,0.875488
-0.374878,0.080811,0.896362
0.514648,-0.280151,1.073608
-0.364258,-0.150879,0.769653
0.101929,0.128662,1.057861
0.265869,-0.462524,0.896240
-0.415894,0.039917,0.848633
0.518311,-0.287354,1.086670
-0.308960,-0.215698,0.796143
0.038574,0.162964,1.064331
0.316895,-0.444824,0.931274
-0.457031,0.022461,0.809326
0.504028,-0.232056,1.099854
-0.208008,-0.265381,0.823608
-0.023804,0.180908,1.061157
0.366089,-0.431519,0.956299
-0.479614,0.012329,0.804199
0.482910,-0.184570,1.113037
-0.114258,-0.295166,0.854614
-0.079102,0.195801,1.047729
0.413574,-0.406250,0.985229
-0.473145,0.008057,0.809448
0.446777,-0.134399,1.111938
-0.051392,-0.322998,0.857544
-0.117554,0.188354,1.052124
0.453125,-0.374023,1.030518
-0.470947,-0.038086,0.804199
0.419922,-0.102051,1.117676
0.058594,-0.404541,0.860107
-0.175903,0.192383,1.032104
0.489014,-0.293091,1.071899
-0.440674,-0.070679,0.797729
0.369995,-0.071655,1.118286
0.081787,-0.426025,0.887939
-0.239746,0.160645,0.999023
0.518066,-0.273682,1.110229
-0.421265,-0.108032,0.784790
0.301392,0.008057,1.126953
0.149536,-0.451416,0.905884
-0.291992,0.144775,0.993408
0.553101,-0.270020,1.127197
-0.387695,-0.115723,0.812866
0.245239,0.066772,1.120361
0.214111,-0.440430,0.934082
-0.339111,0.089478,0.941650
0.575928,-0.265869,1.133911
-0.330200,-0.172607,0.814087
0.167480,0.136230,1.116699
0.291138,-0.429932,0.965210
-0.375732,0.036743,0.894409
0.568848,-0.239380,1.144531
-0.289062,-0.207886,0.821533
0.110474,0.161499,1.109741
0.344727,-0.423096,0.990601
-0.402100,0.027832,0.879395
0.550415,-0.206787,1.162720
-0.214844,-0.268433,0.838989
0.044800,0.212280,1.120850
0.365723,-0.420044,0.983032
-0.430176,0.027710,0.873779
0.558350,-0.203491,1.161377
-0.171143,-0.258301,0.869019
0.016968,0.198975,1.118652
0.398315,-0.395142,0.995972
-0.446167,0.050659,0.860229
0.552856,-0.196533,1.156372
-0.114746,-0.316406,0.890991
-0.041382,0.185425,1.103394
0.422729,-0.371094,1.025269
-0.446533,0.040405,0.853149
0.529297,-0.148682,1.180786
-0.035278,-0.333130,0.902466
-0.073242,0.190796,1.078003
0.423340,-0.361938,1.021240
-0.457031,-0.006714,0.839722
0.528687,-0.155762,1.175659
-0.010864,-0.331177,0.895020
-0.108887,0.210327,1.073608
0.447510,-0.324951,1.046631
-0.446655,-0.044067,0.834229
0.483154,-0.127197,1.173218
-0.010498,-0.346802,0.887329
-0.140015,0.215210,1.065918
0.473633,-0.302490,1.076782
-0.445557,-0.045166,0.833130
0.468018,-0.095581,1.180786
0.000244,-0.348022,0.878052
-0.199585,0.221191,1.052002
0.502930,-0.314209,1.083130
-0.445801,-0.068481,0.827515
0.419678,-0.082153,1.166626
0.042725,-0.344238,0.892212
-0.248169,0.228394,1.016235
0.528931,-0.280273,1.106201
-0.427490,-0.093506,0.807251
0.366211,-0.055176,1.160156
0.077393,-0.356567,0.906982
-0.286743,0.179443,0.987793
0.541260,-0.302002,1.107422
-0.415894,-0.114868,0.797729
0.304688,0.003906,1.151123
0.131226,-0.380249,0.908447
-0.325317,0.136597,0.949585
0.530518,-0.258179,1.118896
-0.351440,-0.187866,0.781128
0.226562,0.067017,1.126343
0.184204,-0.408325,0.916382
-0.375732,0.117432,0.929199
0.540161,-0.252197,1.108398
-0.350586,-0.191895,0.791504
0.159180,0.088257,1.113525
0.232544,-0.391846,0.932373
-0.409302,0.101196,0.900146
0.538696,-0.215576,1.126221
-0.306396,-0.213867,0.795288
0.085083,0.109863,1.087769
0.270996,-0.401978,0.944702
-0.460205,0.063843,0.855469
0.543335,-0.240234,1.107178
-0.246582,-0.254028,0.820801
0.011963,0.164429,1.082520
0.289062,-0.367798,0.938965
-0.471436,0.017334,0.833862
0.533325,-0.242920,1.135498
-0.193848,-0.350464,0.790527
-0.032227,0.148804,1.046509
0.311768,-0.361816,0.942017
-0.485352,0.019531,0.822876
0.517822,-0.223022,1.121094
-0.171387,-0.334717,0.801147
-0.086304,0.127075,1.020752
0.330933,-0.364136,0.956177
-0.492920,-0.003052,0.791138
0.500610,-0.186279,1.121216
-0.167725,-0.315430,0.772339
-0.147339,0.162354,0.996826
0.369263,-0.373779,0.964478
-0.496826,-0.014526,0.794556
0.447510,-0.150635,1.115723
-0.151001,-0.362793,0.755493
-0.184937,0.175415,0.990479
0.378296,-0.340088,0.968628
-0.515015,-0.024780,0.779663
0.421875,-0.162964,1.103149
-0.141357,-0.369385,0.763794
-0.222290,0.169556,0.973877
0.384644,-0.338623,0.966553
-0.539673,-0.039917,0.759155
0.398438,-0.136475,1.104004
-0.128662,-0.328369,0.785034
-0.268188,0.175293,0.967163
0.398438,-0.330933,0.985840
-0.556030,-0.055664,0.748047
0.362549,-0.139160,1.089966
-0.084961,-0.362671,0.788086
-0.326050,0.176025,0.916260
0.404663,-0.314941,0.992798
-0.529297,-0.073608,0.727173
0.315186,-0.088867,1.081543
-0.058960,-0.374756,0.789185
-0.376465,0.182373,0.905640
0.429688,-0.317261,1.000610
-0.517090,-0.093384,0.721558
0.233398,-0.036377,1.055664
-0.000122,-0.395996,0.814941
-0.423584,0.197510,0.898804
0.432129,-0.287109,1.003174
-0.509277,-0.110107,0.727173
0.171631,-0.001099,1.041260
0.051636,-0.428589,0.819336
-0.478394,0.156860,0.865112
0.427979,-0.252441,1.017944
-0.484009,-0.110474,0.731812
0.107422,0.035278,1.021484
0.112061,-0.410522,0.841431
-0.522339,0.144775,0.835205
0.436401,-0.246094,1.012695
-0.406982,-0.172729,0.732300
0.030518,0.123413,1.034790
0.149292,-0.426758,0.831177
-0.547363,0.118164,0.815063
0.447021,-0.244873,1.022827
-0.345947,-0.228271,0.735107
-0.019653,0.145142,1.023193
0.193359,-0.415527,0.850220
-0.582764,0.106323,0.786377
0.439453,-0.245117,1.019409
-0.284546,-0.290039,0.726562
-0.091187,0.168945,0.993408
0.249878,-0.391724,0.874023
-0.596558,0.081177,0.770874
0.423096,-0.210693,1.027588
-0.243408,-0.328857,0.707642
-0.154053,0.155762,0.972046
0.274658,-0.372681,0.883057
-0.607666,0.068970,0.744629
0.411255,-0.232422,1.018555
-0.205078,-0.363403,0.707520
-0.224487,0.169312,0.936890
0.314209,-0.354248,0.894897
-0.612671,0.061279,0.738281
0.379761,-0.181885,1.018311
-0.142822,-0.377319,0.732178
-0.283081,0.174805,0.917480
0.330322,-0.345337,0.909790
-0.593628,0.029541,0.723267
0.341553,-0.156494,1.011597
-0.140625,-0.378906,0.731934
-0.312988,0.183350,0.903076
0.361206,-0.338013,0.914795
-0.605225,0.030029,0.702759
0.296997,-0.125366,1.009521
-0.094971,-0.401611,0.746216
-0.365967,0.195312,0.880615
0.384521,-0.314331,0.935181
-0.579956,0.012817,0.711914
0.234253,-0.054321,0.997559
-0.041748,-0.410889,0.767090
-0.411987,0.185669,0.873901
0.384644,-0.291870,0.941284
-0.563354,-0.012085,0.709473
0.183838,-0.004028,0.998291
-0.009399,-0.425415,0.773193
-0.445679,0.179810,0.857422
0.413940,-0.256592,0.974121
-0.530884,-0.021851,0.698608
0.128662,0.074585,1.003296
0.041870,-0.390137,0.798340
-0.494995,0.169678,0.845825
0.427124,-0.269653,0.973877
-0.491943,-0.068970,0.717163
0.083984,0.125732,1.013062
0.090210,-0.388428,0.808228
-0.526733,0.184448,0.827026
0.432373,-0.234619,0.980591
-0.435669,-0.113525,0.726685
0.052490,0.136475,1.014648
0.129883,-0.396606,0.828613
-0.567139,0.177734,0.805298
0.431885,-0.221680,0.996826
-0.354004,-0.191895,0.735840
-0.014404,0.171875,1.006348
0.186768,-0.418335,0.830688
-0.586548,0.174438,0.793091
0.430786,-0.190552,1.002319
-0.301636,-0.203369,0.742432
-0.058960,0.170898,0.987915
0.248535,-0.401489,0.867188
-0.604858,0.153442,0.776733
0.423584,-0.142090,1.026611
-0.224731,-0.256958,0.733765
-0.116577,0.173462,0.974121
0.299072,-0.415771,0.882812
-0.612793,0.134521,0.768921
0.411133,-0.134399,1.011597
-0.157227,-0.310303,0.732178
-0.211426,0.213623,0.922729
0.350586,-0.394409,0.895630
-0.592896,0.081787,0.754395
0.379150,-0.099487,1.028442
-0.114868,-0.347412,0.732544
-0.264526,0.219116,0.905151
0.379517,-0.346802,0.914062
-0.580200,0.062134,0.758789
0.321899,-0.097290,1.003174
-0.052979,-0.411377,0.743896
-0.312500,0.197876,0.873291
0.407471,-0.303467,0.933594
-0.555054,0.028809,0.734131
0.255981,-0.030029,0.992920
0.005493,-0.409668,0.763306
-0.352417,0.157715,0.851196
0.397339,-0.268921,0.954224
-0.535889,-0.024048,0.725464
0.205322,-0.008179,0.993164
0.033569,-0.431763,0.764404
-0.433472,0.198608,0.836792
0.440796,-0.248291,0.974609
-0.475830,-0.061523,0.749878
0.100830,0.067383,1.000610
0.093262,-0.442505,0.791748
-0.490112,0.158447,0.801025
0.453613,-0.205078,0.993042
-0.405029,-0.076294,0.764771
0.039551,0.150146,1.019043
0.159058,-0.410278,0.826416
-0.548218,0.096069,0.760986
0.449707,-0.212891,1.002808
-0.323242,-0.149048,0.761230
-0.023804,0.219604,1.022461
0.244385,-0.415161,0.853394
-0.590576,0.103638,0.749146
0.445557,-0.209473,1.005737
-0.238770,-0.226807,0.771606
-0.108276,0.219238,0.972534
0.304932,-0.399292,0.888916
-0.577148,0.087524,0.751587
0.418213,-0.157227,1.021729
-0.150269,-0.245239,0.790649
-0.175903,0.212891,0.951416
0.349854,-0.395020,0.909424
-0.580811,0.043213,0.760986
0.372925,-0.152588,1.011719
-0.068848,-0.367432,0.776733
-0.246094,0.227051,0.918457
0.377197,-0.352295,0.915161
-0.549561,0.000000,0.737305
0.328125,-0.127808,0.991821
-0.023438,-0.393433,0.774658
-0.278687,0.134766,0.870117
0.398560,-0.309082,0.963501
-0.525635,-0.047607,0.745728
0.276245,-0.076050,1.008545
0.034790,-0.480225,0.751953
-0.348877,0.181763,0.855103
0.433594,-0.288208,0.954590
-0.496826,-0.024902,0.758179
0.184814,-0.029175,0.994141
0.083984,-0.463989,0.787354
-0.403931,0.104858,0.806519
0.456909,-0.264038,0.979492
-0.467407,-0.042114,0.750000
0.112793,0.070190,1.010498
0.132812,-0.463135,0.804199
-0.444336,0.082886,0.795532
0.442383,-0.258545,0.990845
-0.408813,-0.141602,0.754150
0.049683,0.107666,1.014038
0.184937,-0.468140,0.827759
-0.498535,0.074097,0.767334
0.474365,-0.265991,1.016479
-0.345337,-0.169678,0.765991
-0.020630,0.166870,1.013672
0.240356,-0.440430,0.848511
-0.525391,0.047363,0.749634
0.471069,-0.285034,1.014282
-0.264648,-0.228638,0.783569
-0.080688,0.214355,1.006714
0.279785,-0.415161,0.878418
-0.532104,0.022461,0.755005
0.455078,-0.269653,1.025757
-0.223145,-0.251587,0.791382
-0.093872,0.184082,0.987793
0.311157,-0.364014,0.913208
-0.546143,0.025391,0.757080
0.432495,-0.256470,1.021240
-0.150146,-0.312134,0.803345
-0.126221,0.167725,0.978882
0.339722,-0.334595,0.941406
-0.545532,-0.000854,0.747925
0.325684,-0.105347,1.016479
-0.066040,-0.373291,0.809204
-0.191772,0.203003,0.987183
0.401489,-0.326538,0.936646
-0.534180,-0.047852,0.736206
0.280151,-0.076172,1.001343
0.031860,-0.457275,0.754517
-0.342407,0.138062,0.836060
0.443359,-0.300903,0.973267
-0.499878,-0.068604,0.740967
0.230713,-0.030762,1.004761
0.051025,-0.445068,0.768799
-0.384521,0.101685,0.815308
0.456787,-0.320190,0.980347
-0.475098,-0.119385,0.742432
0.178589,-0.025757,1.007690
0.077637,-0.454590,0.776123
-0.422852,0.131348,0.799438
0.471191,-0.301392,0.993774
-0.433960,-0.114624,0.763916
0.114746,0.014893,0.996704
0.114746,-0.468140,0.799683
-0.454712,0.101318,0.794189
0.482910,-0.287354,1.007568
-0.388794,-0.134521,0.768188
0.045410,0.102173,1.010376
0.192871,-0.481445,0.821777
-0.490601,0.066772,0.775146
0.473267,-0.263184,1.022827
-0.330566,-0.188843,0.776855
-0.009399,0.149414,1.029419
0.260132,-0.481079,0.870728
-0.510132,0.012817,0.738281
0.452393,-0.249512,1.018799
-0.242432,-0.212402,0.802490
-0.079468,0.188965,1.014893
0.302856,-0.444092,0.891846
-0.525024,-0.001709,0.750610
0.439209,-0.218628,1.040161
-0.171509,-0.267456,0.800293
-0.132324,0.194336,1.000366
0.350464,-0.437500,0.929199
-0.533569,0.013062,0.771729
0.411987,-0.208252,1.033447
-0.107544,-0.336914,0.813965
-0.144165,0.186768,1.006592
0.376831,-0.357056,0.966064
-0.542236,0.023315,0.762817
0.420044,-0.217041,1.043213
-0.024658,-0.351440,0.843018
-0.213989,0.173584,0.967651
0.400879,-0.379272,0.966064
-0.503540,-0.048096,0.750000
0.362793,-0.139404,1.041870
0.020142,-0.424561,0.826538
-0.250244,0.192017,0.963257
0.442505,-0.364624,0.985596
-0.479492,-0.075195,0.771973
0.312012,-0.099243,1.040161
0.066406,-0.446045,0.823242
-0.269775,0.120361,0.926270
0.459106,-0.336670,1.008179
-0.445190,-0.124146,0.775146
0.275391,-0.047241,1.051270
0.091187,-0.440186,0.824829
-0.331909,0.168823,0.928223
0.495117,-0.349121,1.017334
-0.419067,-0.150757,0.786621
0.212646,-0.032104,1.042969
0.142090,-0.425293,0.853271
-0.354858,0.153076,0.900024
0.511841,-0.288940,1.048828
-0.376343,-0.142334,0.806519
0.134521,0.041748,1.047241
0.214844,-0.478638,0.878052
-0.385986,0.029907,0.841797
0.524292,-0.263184,1.083496
-0.333496,-0.172119,0.786499
0.061279,0.120850,1.051758
0.318481,-0.503174,0.918335
-0.459595,0.028198,0.810913
0.506104,-0.250732,1.088745
-0.232788,-0.246094,0.830566
-0.012329,0.183594,1.058105
0.346436,-0.445801,0.945557
-0.473267,0.039307,0.818359
0.500000,-0.218872,1.112793
-0.154785,-0.290649,0.840210
-0.080566,0.218384,1.057739
0.400757,-0.420044,0.978149
-0.474121,0.003052,0.807373
0.473877,-0.181519,1.107666
-0.072266,-0.318481,0.853149
-0.110229,0.230713,1.070068
0.429321,-0.387451,0.998047
-0.469116,-0.029541,0.808594
0.450928,-0.154663,1.118530
0.021362,-0.360596,0.882568
-0.153442,0.225952,1.059448
0.447266,-0.332397,1.025635
-0.444092,-0.051758,0.809692
0.418823,-0.122437,1.117798
0.077759,-0.399902,0.908569
-0.191895,0.149780,1.016846
0.477905,-0.290527,1.072388
-0.449707,-0.039673,0.776489
0.395142,-0.077759,1.116089
0.096191,-0.379272,0.923462
-0.242065,0.165527,1.026001
0.519531,-0.324097,1.092529
-0.432983,-0.092285,0.791870
0.362305,-0.018555,1.136108
0.096436,-0.375977,0.903320
-0.272583,0.210571,1.035278
0.537476,-0.305542,1.109863
-0.385498,-0.141602,0.813965
0.327393,0.014526,1.143188
0.124146,-0.382080,0.919800
-0.282593,0.194946,1.021362
0.554199,-0.303101,1.117676
-0.408813,-0.141968,0.808350
0.315674,0.002197,1.134277
0.166870,-0.365601,0.948120
-0.288208,0.156250,0.985229
0.555298,-0.271729,1.126465
-0.388428,-0.162842,0.807861
0.288940,0.006958,1.132446
0.181885,-0.378052,0.939941
-0.298096,0.162109,0.962524
0.577271,-0.264038,1.134399
-0.376709,-0.173584,0.809326
0.239746,0.003784,1.104492
0.214355,-0.416260,0.946167
-0.304321,0.131226,0.942139
0.575317,-0.223755,1.145142
-0.332275,-0.167358,0.829346
0.201904,0.044678,1.108154
0.244507,-0.414429,0.958740
-0.349487,0.072021,0.895996
0.578491,-0.218628,1.167114
-0.291870,-0.195679,0.839722
0.139648,0.127808,1.112061
0.309814,-0.417480,0.972778
-0.399292,0.066772,0.877686
0.585815,-0.226562,1.161377
-0.240723,-0.236938,0.847290
0.070312,0.160522,1.109009
0.337158,-0.394043,0.984985
-0.418335,0.024902,0.871216
0.581543,-0.212524,1.180420
-0.197266,-0.283813,0.845825
0.025757,0.204956,1.115356
0.359253,-0.373535,0.974365
-0.425171,0.023193,0.857422
0.569214,-0.204834,1.183228
-0.128296,-0.319824,0.876709
-0.044556,0.191650,1.078979
0.411499,-0.389771,1.006226
-0.442017,0.004150,0.858643
0.527466,-0.140259,1.184082
-0.057251,-0.321899,0.877808
-0.072754,0.186279,1.077148
0.436279,-0.358032,1.024902
-0.454102,-0.043823,0.833374
0.497070,-0.115112,1.182251
-0.035522,-0.310547,0.864502
-0.131836,0.203125,1.067017
0.454590,-0.319580,1.034912
-0.473022,-0.047974,0.815063
0.474609,-0.140869,1.174194
-0.007080,-0.352173,0.887329
-0.200684,0.217651,1.037231
0.474365,-0.294556,1.067505
-0.470337,-0.057251,0.800415
0.414917,-0.098389,1.160767
0.045410,-0.366943,0.896240
-0.265015,0.214844,1.015747
0.490356,-0.288818,1.063599
-0.452515,-0.059570,0.789429
0.334839,-0.071899,1.135010
0.093140,-0.412354,0.913696
-0.312622,0.170654,0.967407
0.505615,-0.255005,1.082031
-0.405762,-0.115723,0.787842
0.258789,-0.002075,1.135498
0.151611,-0.425049,0.908691
-0.374634,0.159790,0.937378
0.516602,-0.250732,1.090942
-0.369385,-0.154663,0.793701
0.191772,0.068359,1.118896
0.197388,-0.421753,0.915649
-0.428589,0.101074,0.891235
0.523926,-0.263916,1.098633
-0.328613,-0.225708,0.788574
0.110107,0.144287,1.106812
0.212402,-0.387573,0.909912
-0.450317,0.061523,0.854980
0.525146,-0.240234,1.105103
-0.284912,-0.278931,0.784912
0.056641,0.141235,1.086182
0.239502,-0.368530,0.900757
-0.487183,0.053711,0.828125
0.520508,-0.264771,1.091919
-0.207642,-0.330078,0.800537
-0.002808,0.138916,1.056396
0.271973,-0.363647,0.907959
-0.500366,0.060425,0.811523
0.492798,-0.225586,1.094604
-0.195923,-0.348389,0.774170
-0.040771,0.107910,1.034302
0.302002,-0.365479,0.937500
-0.536377,0.039185,0.779297
0.487183,-0.208618,1.100342
-0.154541,-0.345703,0.782471
-0.124756,0.136963,1.002075
0.333984,-0.358154,0.946533
-0.531982,-0.009033,0.760132
0.448486,-0.174683,1.095947
-0.164551,-0.345215,0.754639
-0.184937,0.160034,0.994995
0.368896,-0.397339,0.951172
-0.550415,-0.020386,0.759399
0.407104,-0.125488,1.093384
-0.151123,-0.331177,0.756592
-0.232544,0.201294,0.991333
0.393921,-0.367065,0.971680
-0.561035,-0.018921,0.759888
0.374023,-0.143433,1.076904
-0.117065,-0.336182,0.769409
-0.281738,0.179565,0.948486
0.389526,-0.330078,0.985840
-0.559448,-0.055176,0.754272
0.329590,-0.138428,1.071411
-0.079346,-0.373779,0.787964
-0.347656,0.181641,0.899414
0.414307,-0.303589,0.985718
-0.515259,-0.055420,0.742065
0.243896,-0.071533,1.042725
-0.048706,-0.355469,0.807983
-0.380493,0.128662,0.893677
0.440430,-0.311768,1.016235
-0.531372,-0.062012,0.706421
0.171021,0.043091,1.039185
0.023071,-0.379272,0.829834
-0.439697,0.137817,0.871094
0.440308,-0.294678,1.023438
-0.494507,-0.091431,0.722534
0.120850,0.112427,1.041504
0.061157,-0.380127,0.823975
-0.487183,0.128540,0.853394
0.425903,-0.302856,0.988892
-0.467041,-0.161011,0.720215
0.091797,0.109497,1.029541
0.095215,-0.353027,0.827515
-0.530518,0.151489,0.828857
0.448608,-0.289673,1.000610
-0.404297,-0.214966,0.738037
0.022339,0.139404,1.029419
0.116821,-0.415771,0.814819
-0.554565,0.135132,0.819336
0.455933,-0.265015,1.010254
-0.375610,-0.204468,0.725464
-0.025024,0.161987,1.016235
0.176636,-0.398438,0.843506
-0.569214,0.117310,0.802612
0.431274,-0.277344,0.988403
-0.340942,-0.262817,0.722778
-0.046021,0.106689,0.978149
0.210449,-0.402344,0.854614
-0.606812,0.123779,0.781006
0.433716,-0.225708,1.021851
-0.259644,-0.302612,0.727783
-0.113037,0.172119,0.972046
0.237793,-0.384399,0.872192
-0.599609,0.067993,0.757568
0.428833,-0.230103,1.029663
-0.252563,-0.329590,0.706421
-0.146484,0.162598,0.950195
0.278809,-0.359741,0.892944
-0.625122,0.082275,0.726440
0.418091,-0.212280,1.009521
-0.202881,-0.356567,0.704956
-0.210815,0.196777,0.955444
0.309814,-0.364746,0.894043
-0.616211,0.089233,0.761597
0.388916,-0.183472,1.014160
-0.183716,-0.369141,0.720093
-0.234985,0.151001,0.916748
0.309326,-0.329834,0.897583
-0.609375,0.079956,0.738647
0.360352,-0.168823,1.007324
-0.131592,-0.375977,0.731201
-0.281372,0.166138,0.898682
0.335449,-0.315430,0.907837
-0.593994,0.063843,0.743042
0.307617,-0.121826,0.986694
-0.109863,-0.396118,0.727295
-0.311523,0.177002,0.895752
0.367188,-0.312500,0.922729
-0.594971,0.026489,0.703247
0.270386,-0.079468,0.986084
-0.052979,-0.403320,0.759521
-0.365356,0.171265,0.876953
0.388184,-0.298950,0.942749
-0.580078,0.025757,0.710449
0.207764,-0.030273,0.967651
-0.002686,-0.404419,0.776611
-0.410645,0.167847,0.857788
0.401489,-0.283569,0.952148
0.014160,-0.387939,0.781494
-0.439697,0.150879,0.841553
0.426392,-0.260010,0.977661
-0.542480,-0.020508,0.701660
0.125244,0.070435,0.988525
0.059570,-0.418091,0.801636
-0.459839,0.161133,0.837891
0.424194,-0.226685,0.978638
-0.501831,-0.023315,0.727295
0.106689,0.098267,1.007812
0.076172,-0.383667,0.810303
-0.494141,0.167969,0.836426
0.460083,-0.255127,0.991577
-0.487183,-0.052856,0.731445
0.064941,0.142700,1.008301
0.109985,-0.426270,0.795044
-0.503174,0.171021,0.831543
0.446045,-0.213379,1.006470
-0.443604,-0.054565,0.757690
0.045166,0.186768,1.022949
0.136719,-0.410767,0.807617
-0.541016,0.146851,0.808838
0.466309,-0.231567,1.010742
-0.412354,-0.102417,0.739258
0.020142,0.181152,1.000977
0.153442,-0.387695,0.825195
-0.561523,0.136230,0.782837
0.480347,-0.233765,1.017090
-0.376709,-0.141235,0.731201
-0.011963,0.201416,0.999878
0.190552,-0.402222,0.835449
-0.557739,0.148560,0.793213
0.450806,-0.225220,0.995117
-0.325562,-0.178223,0.758057
-0.029907,0.182861,1.001953
0.210815,-0.387939,0.850708
-0.572510,0.134766,0.774902
0.459473,-0.228516,1.010010
-0.297607,-0.193237,0.761475
-0.050903,0.189331,0.992188
0.242432,-0.394775,0.859863
-0.585693,0.142822,0.770020
0.441162,-0.198486,1.012817
-0.250854,-0.223633,0.767944
-0.084839,0.182007,0.981201
0.273315,-0.401855,0.875610
-0.581543,0.125732,0.755737
0.431396,-0.160278,1.009644
-0.199707,-0.253662,0.759155
-0.117676,0.210693,0.977539
0.314209,-0.417480,0.900391
-0.594360,0.083740,0.752441
0.412720,-0.143799,1.024292
-0.145996,-0.311035,0.760498
-0.153076,0.217285,0.961426
0.340210,-0.396851,0.895752
-0.587280,0.091064,0.759277
0.399414,-0.151123,1.024170
-0.093262,-0.339478,0.764282
-0.197144,0.208618,0.928223
0.357666,-0.369141,0.906372
-0.576294,0.064575,0.762207
0.380249,-0.140747,1.023193
-0.063477,-0.388794,0.766113
-0.239014,0.193726,0.898804
0.370972,-0.299194,0.930420
-0.556030,0.003418,0.733398
0.347534,-0.136475,1.010132
-0.035278,-0.419556,0.756348
-0.268677,0.169434,0.882080
0.397827,-0.321289,0.934326
-0.537842,-0.022339,0.736938
0.300293,-0.101562,0.990601
0.000122,-0.442139,0.755981
-0.313354,0.138062,0.850220
0.426758,-0.324585,0.953369
-0.502808,-0.057983,0.751465
0.247559,-0.040894,0.995972
0.036499,-0.453247,0.761230
-0.363525,0.133179,0.829834
0.441528,-0.332886,0.958496
-0.488281,-0.092529,0.741577
0.208984,-0.003052,1.009033
0.048950,-0.434570,0.773193
-0.385986,0.105957,0.817993
0.457520,-0.336182,0.967651
-0.492188,-0.079590,0.741699
0.156494,0.014771,0.992798
0.106689,-0.460815,0.797607
-0.420044,0.105225,0.814697
0.456055,-0.298828,0.991333
-0.466797,-0.119263,0.729248
0.128296,0.040649,1.008057
0.145386,-0.498047,0.800293
-0.439819,0.114746,0.805054
0.460571,-0.272461,0.994873
-0.422729,-0.149658,0.739380
0.076904,0.104004,1.023926
0.182251,-0.480591,0.835693
-0.441650,0.066650,0.802368
0.462524,-0.261475,1.014526
-0.397461,-0.132324,0.743652
0.034546,0.119019,1.008057
0.231567,-0.493408,0.846680
-0.474854,0.039429,0.772705
0.466187,-0.265503,1.013062
-0.344849,-0.173340,0.766846
-0.023926,0.159790,1.006958
0.268799,-0.500854,0.855347
-0.482178,0.011597,0.759277
0.466919,-0.242920,1.034302
-0.287964,-0.199219,0.784302
-0.076904,0.171143,0.996948
0.291382,-0.485962,0.877075
-0.499878,-0.005249,0.758057
0.476685,-0.228760,1.059204
-0.240601,-0.226196,0.794189
-0.112915,0.201416,1.003540
0.333862,-0.491455,0.893066
-0.499023,-0.024414,0.772461
0.445801,-0.187988,1.069702
-0.161499,-0.257935,0.812012
-0.150269,0.216553,1.011841
0.373291,-0.430542,0.935425
-0.502197,-0.027954,0.783691
0.416748,-0.191650,1.052856
-0.093628,-0.332397,0.812866
-0.171509,0.197266,0.996704
0.408813,-0.390259,0.959595
-0.504272,-0.004517,0.786499
0.386353,-0.178223,1.049927
-0.021484,-0.415039,0.829346
-0.190552,0.149170,0.976562
0.425781,-0.350830,0.985840
-0.495850,-0.029175,0.773804
0.355591,-0.136475,1.061523
0.065796,-0.466919,0.839233
-0.245239,0.142578,0.953369
0.439453,-0.324463,1.008423
-0.461792,-0.077881,0.781738
0.324341,-0.090210,1.063354
0.087769,-0.472168,0.836426
-0.284058,0.152832,0.944458
0.474854,-0.311646,1.020142
-0.428955,-0.111206,0.782715
0.282104,-0.069458,1.053711
0.102295,-0.446655,0.850342
-0.310425,0.132935,0.917847
0.498657,-0.289551,1.045776
-0.411621,-0.123169,0.793335
0.228516,-0.018799,1.068359
0.155762,-0.450928,0.878174
-0.372681,0.125000,0.906250
0.534180,-0.303345,1.072144
-0.371094,-0.154419,0.799561
0.172485,0.050781,1.072021
0.208496,-0.460815,0.902588
-0.396484,0.085083,0.869751
0.549927,-0.288696,1.084473
-0.317505,-0.204346,0.797607
0.112061,0.133667,1.081299
0.256470,-0.458740,0.910522
-0.407471,0.043091,0.844604
0.553833,-0.263672,1.108521
-0.280640,-0.241821,0.811279
0.079712,0.150269,1.076660
0.301392,-0.426636,0.942139
-0.438110,0.039307,0.830566
0.541504,-0.255615,1.117065
-0.227905,-0.272095,0.834961
0.040283,0.182495,1.091675
0.351685,-0.423462,0.963623
-0.455933,0.060547,0.834595
0.516479,-0.203125,1.118652
-0.163208,-0.276733,0.853638
0.003784,0.176758,1.087769
0.365356,-0.397461,0.984375
-0.460083,0.030640,0.835083
0.512329,-0.171143,1.140015
-0.105347,-0.280518,0.871460
-0.052246,0.224731,1.105347
0.418335,-0.405273,1.010864
-0.475708,0.008423,0.824707
0.505859,-0.171997,1.156616
-0.017212,-0.320435,0.910522
-0.096680,0.244751,1.088135
0.455322,-0.354736,1.030396
-0.468872,-0.000366,0.826172
0.453491,-0.131836,1.151367
0.041260,-0.408569,0.884766
-0.119019,0.195068,1.077393
0.481812,-0.315308,1.070435
-0.451416,-0.034912,0.818604
0.438843,-0.097534,1.154663
0.040283,-0.389282,0.888794
-0.158569,0.190796,1.059814
0.502808,-0.289673,1.092041
-0.448364,-0.036377,0.810547
0.396729,-0.059692,1.145386
0.079712,-0.411133,0.902100
-0.221313,0.162720,1.041138
0.547119,-0.274170,1.141602
-0.441895,-0.066040,0.803955
0.330200,-0.007202,1.140869
0.147705,-0.409058,0.925781
-0.267822,0.136475,1.000244
0.559570,-0.269287,1.141479
-0.385864,-0.118042,0.811401
0.289917,0.030884,1.141357
0.195190,-0.418335,0.937866
-0.316040,0.122192,0.958008
0.578979,-0.254028,1.156250
-0.362427,-0.163940,0.806274
0.228027,0.067871,1.126587
0.249756,-0.406494,0.956421
-0.348511,0.102783,0.922852
0.582886,-0.244873,1.149536
-0.295654,-0.207031,0.832764
0.147095,0.109375,1.108521
0.281738,-0.410034,0.964966
-0.382935,0.089722,0.916382
0.581421,-0.225098,1.160278
-0.259277,-0.222290,0.839478
0.082520,0.153809,1.110962
0.335938,-0.405396,0.977905
-0.430054,0.073730,0.885254
0.569946,-0.201904,1.159790
-0.180054,-0.281006,0.857056
0.022461,0.173096,1.097656
0.358398,-0.365723,0.986206
-0.446655,0.048340,0.857910
0.554443,-0.203247,1.168701
-0.115234,-0.326660,0.862427
-0.028931,0.184692,1.095215
0.390503,-0.356323,1.004395
-0.455566,0.017334,0.846436
0.526978,-0.167358,1.164062
-0.050781,-0.385864,0.859741
-0.087402,0.166870,1.068726
0.413940,-0.348633,1.016113
-0.480591,0.033203,0.819458
0.484863,-0.126343,1.161743
-0.051880,-0.359985,0.861816
-0.131226,0.180176,1.076050
0.454224,-0.364746,1.034546
-0.493286,0.011963,0.822266
0.441772,-0.074097,1.153687
-0.043823,-0.335938,0.836304
-0.186401,0.204102,1.056641
0.474731,-0.341553,1.069458
-0.481079,-0.067505,0.803833
0.434448,-0.078369,1.155396
-0.038818,-0.313110,0.841919
-0.250366,0.228271,1.009644
0.501587,-0.317871,1.086548
-0.447754,-0.119263,0.791870
0.376709,-0.066162,1.143677
-0.014160,-0.313110,0.851318
-0.285889,0.188599,0.983765
0.508423,-0.300415,1.073853
-0.436768,-0.131592,0.790283
0.321289,-0.064697,1.127319
0.050781,-0.361206,0.874634
-0.332153,0.174194,0.949585
0.499268,-0.288574,1.064819
-0.426758,-0.153687,0.762329
0.254028,-0.022339,1.109253
0.109009,-0.392334,0.876221
-0.383911,0.169434,0.919678
0.515503,-0.267212,1.081665
-0.408569,-0.138916,0.790161
0.170288,0.031494,1.084839
0.150635,-0.429443,0.888794
-0.423950,0.105713,0.879639
0.529541,-0.240601,1.106689
-0.360107,-0.182617,0.786743
0.059204,0.155640,1.070190
0.202881,-0.421997,0.873657
-0.471680,0.078125,0.860229
0.531494,-0.294922,1.088867
-0.290039,-0.256958,0.799316
0.015747,0.154541,1.054443
0.213745,-0.344116,0.890503
-0.494141,0.052734,0.817505
0.531860,-0.286377,1.099121
-0.242920,-0.329956,0.776245
-0.038574,0.140259,1.032471
0.255859,-0.377808,0.885254
-0.536865,0.048706,0.782104
0.500854,-0.290283,1.070923
-0.201904,-0.367920,0.774902
-0.080078,0.088745,0.990356
0.252197,-0.363525,0.885376
-0.539551,0.045166,0.766113
0.472534,-0.230103,1.072388
-0.186035,-0.330688,0.777100
-0.126709,0.123779,0.988525
0.311768,-0.389771,0.900879
-0.566772,0.065430,0.744751
0.449463,-0.176270,1.081543
-0.189087,-0.323730,0.758179
-0.176392,0.136230,0.990479
0.354126,-0.440918,0.925781
-0.579956,0.027954,0.756470
0.406128,-0.132812,1.063110
-0.170776,-0.298218,0.746704
-0.206665,0.194580,0.993896
0.359985,-0.384277,0.937256
-0.586426,0.016113,0.752319
0.410278,-0.209106,1.044922
-0.160156,-0.324341,0.730103
-0.281738,0.197266,0.930664
0.377686,-0.339844,0.950439
-0.560791,-0.055298,0.739502
0.364014,-0.176392,1.038208
-0.154053,-0.335693,0.744751
-0.296631,0.174561,0.925049
0.376831,-0.351318,0.942383
-0.579224,-0.017456,0.736328
0.335938,-0.147949,1.036743
-0.116455,-0.373291,0.752808
-0.335815,0.159424,0.885986
0.372925,-0.334961,0.939941
-0.585205,-0.012207,0.707397
0.308472,-0.114502,1.034180
-0.076660,-0.387573,0.772217
-0.379517,0.199219,0.896484
0.377319,-0.315918,0.948975
-0.579102,-0.033936,0.708374
0.256958,-0.095459,1.024048
-0.045044,-0.417358,0.780396
-0.434204,0.206543,0.884888
0.408936,-0.316162,0.962524
-0.565796,-0.012329,0.713623
0.185547,-0.015137,1.008667
0.001343,-0.408936,0.802124
-0.473877,0.202515,0.866211
0.417603,-0.303955,0.958130
-0.524902,-0.095581,0.706421
0.114624,0.062866,1.018799
0.048462,-0.386963,0.804321
-0.527222,0.195190,0.836670
0.418579,-0.291260,0.974976
-0.455444,-0.164307,0.725342
0.067749,0.063110,1.011353
0.092041,-0.416016,0.802734
-0.556519,0.202515,0.823853
0.422607,-0.250854,0.985474
-0.398682,-0.197021,0.733643
0.012695,0.104126,1.011475
0.155640,-0.434937,0.827881
-0.588135,0.158813,0.794189
0.419800,-0.219238,1.001343
-0.325684,-0.225342,0.720947
-0.071289,0.167236,0.987671
0.221436,-0.421387,0.849731
-0.590454,0.097168,0.778076
0.416016,-0.175659,1.022827
-0.263306,-0.256104,0.717285
-0.155151,0.197510,0.956055
0.288818,-0.386108,0.885010
-0.602661,0.065674,0.755371
0.397339,-0.169678,1.023315
-0.212402,-0.291016,0.725342
-0.205566,0.209839,0.934448
0.380737,-0.338989,0.936279
-0.589966,-0.005615,0.725708
0.291382,-0.122559,1.020874
-0.095337,-0.395996,0.755981
-0.376709,0.179077,0.879517
0.380371,-0.320923,0.947876
-0.554443,0.000488,0.739136
0.221313,-0.045898,1.018677
-0.038818,-0.407227,0.780762
-0.446899,0.196533,0.868164
0.393066,-0.280273,0.960449
-0.532349,-0.066162,0.715088
0.136719,0.019653,1.005249
0.026611,-0.408936,0.791870
-0.500488,0.202148,0.860840
0.427368,-0.288208,0.977417
-0.486938,-0.124390,0.711548
0.073853,0.090210,1.021851
0.098267,-0.413452,0.818970
-0.572388,0.183960,0.821045
0.441284,-0.244751,0.996948
-0.382935,-0.180298,0.743896
-0.001465,0.170166,1.021240
0.159668,-0.415283,0.825684
-0.585571,0.150757,0.792603
0.432739,-0.241821,0.995239
-0.302002,-0.288330,0.711426
-0.066772,0.190796,0.991333
0.201782,-0.381592,0.837036
-0.594727,0.119141,0.773193
0.423584,-0.225952,0.998413
-0.246460,-0.296875,0.720215
-0.122925,0.165527,0.946777
0.264526,-0.366211,0.875122
-0.606812,0.089600,0.734985
0.381836,-0.151367,1.020630
-0.193481,-0.338745,0.710815
-0.180908,0.175903,0.956299
0.306274,-0.378662,0.882080
-0.622192,0.106934,0.751709
0.383423,-0.162109,0.993896
-0.129639,-0.341431,0.741089
-0.260376,0.200317,0.914551
0.348267,-0.355957,0.910156
-0.617432,0.076294,0.724243
0.352905,-0.146729,0.987549
-0.094971,-0.360107,0.740967
-0.304443,0.195923,0.897217
0.371948,-0.334106,0.920532
-0.599365,0.040405,0.714966
0.285889,-0.096313,0.987549
-0.065918,-0.406616,0.731445
-0.348022,0.177368,0.872314
0.403931,-0.300781,0.952148
-0.582886,0.021729,0.700073
0.230469,-0.049805,0.980713
-0.023315,-0.403320,0.751953
-0.382080,0.201050,0.871094
0.409790,-0.275024,0.956055
-0.555054,-0.040405,0.700684
0.172974,-0.002319,0.982666
0.015259,-0.429443,0.757935
-0.417358,0.182495,0.857422
0.432251,-0.257324,0.974731
-0.523315,-0.027710,0.724976
0.125244,0.062012,0.995483
0.052734,-0.400513,0.783203
-0.470459,0.170654,0.846313
0.450439,-0.245483,0.990234
-0.465210,-0.075073,0.744019
0.060669,0.124146,0.999512
0.099487,-0.416382,0.802612
-0.510498,0.174194,0.814819
0.458130,-0.225098,0.995972
-0.395386,-0.115234,0.768433
0.016235,0.155884,1.000854
0.146484,-0.421997,0.813477
-0.562744,0.155640,0.776978
0.467773,-0.223999,1.026855
-0.310303,-0.191040,0.756592
-0.041870,0.206909,0.997314
0.197510,-0.371460,0.835449
-0.590576,0.131592,0.762207
0.470093,-0.227783,1.023560
-0.245972,-0.224121,0.765381
-0.063965,0.216919,1.002319
0.241089,-0.361084,0.864014
-0.614868,0.144409,0.753784
0.454346,-0.223999,1.013794
-0.171509,-0.295532,0.777222
-0.119263,0.205566,0.946289
0.286865,-0.338623,0.872559
-0.609497,0.128296,0.744629
0.440308,-0.206665,1.015137
-0.130005,-0.335693,0.778687
-0.187012,0.180054,0.914795
0.317749,-0.355225,0.891602
-0.575806,0.085693,0.747681
0.405396,-0.119507,1.033691
-0.100220,-0.335693,0.772339
-0.207275,0.180176,0.927979
0.337280,-0.382202,0.893921
-0.558228,0.080811,0.761230
0.390015,-0.127808,1.018433
-0.085205,-0.326050,0.766113
-0.236816,0.191284,0.914307
0.376587,-0.393799,0.906738
-0.554810,0.046021,0.763916
0.357300,-0.085938,1.015259
-0.047119,-0.354736,0.773438
-0.270020,0.206909,0.901001
0.401733,-0.357666,0.934082
-0.544678,-0.002075,0.739868
0.324097,-0.106201,0.984985
-0.021729,-0.370728,0.762939
-0.270630,0.184570,0.889282
0.402100,-0.327148,0.943726
-0.541016,-0.050415,0.730225
0.293091,-0.107178,0.991089
0.006958,-0.426758,0.762451
-0.312012,0.178223,0.873413
0.416870,-0.316040,0.946167
-0.529663,-0.050171,0.736816
0.256592,-0.083252,0.980103
0.049805,-0.472046,0.768555
-0.362915,0.154663,0.843750
0.425293,-0.280518,0.959229
-0.494263,-0.043213,0.769897
0.213867,-0.065552,0.996826
0.073486,-0.500244,0.767456
-0.405151,0.133179,0.813354
0.459473,-0.293091,0.978271
-0.462158,-0.114624,0.740723
0.139160,0.035889,1.013062
0.115601,-0.448730,0.801636
-0.449829,0.099609,0.791626
0.462524,-0.289673,0.993042
-0.427856,-0.142090,0.738770
0.064575,0.074219,0.992798
0.182861,-0.475220,0.820068
-0.490356,0.093140,0.771729
0.474854,-0.253784,1.018066
-0.354492,-0.161621,0.758301
-0.017700,0.139771,0.998413
0.243286,-0.478149,0.851196
-0.488159,0.004150,0.742065
0.459473,-0.241699,1.022339
-0.271484,-0.223145,0.780029
-0.081909,0.199341,1.008423
0.281738,-0.475830,0.859375
-0.512817,0.010010,0.756226
0.454346,-0.228394,1.038696
-0.202881,-0.229614,0.807739
-0.132690,0.210449,1.000366
0.322754,-0.433228,0.907104
-0.526733,-0.011719,0.760254
0.432861,-0.192993,1.048096
-0.124756,-0.295410,0.807739
-0.162476,0.191284,0.989746
0.354248,-0.395142,0.933960
-0.527710,0.008301,0.764038
0.402100,-0.189819,1.032471
-0.045166,-0.382690,0.811157
-0.202148,0.172119,0.968384
0.395508,-0.387817,0.951660
-0.516235,-0.023926,0.740601
0.348511,-0.120117,1.030273
0.037354,-0.396606,0.835327
-0.248413,0.171875,0.959351
0.418945,-0.392944,0.959229
-0.486938,-0.091309,0.751709
0.314697,-0.069702,1.034912
0.077393,-0.417114,0.827393
-0.284180,0.195557,0.953003
0.456055,-0.368286,0.990356
-0.468506,-0.119385,0.754761
0.266724,-0.047607,1.028198
0.104370,-0.428467,0.834961
-0.299561,0.147583,0.934814
0.470337,-0.341064,1.012207
-0.451172,-0.126709,0.760742
0.232666,-0.020630,1.039551
0.114624,-0.439331,0.834351
-0.338135,0.142090,0.915039
0.508423,-0.344971,1.038330
-0.428589,-0.154053,0.768555
0.177002,0.020630,1.029663
0.144897,-0.431274,0.846313
-0.358032,0.120361,0.898071
0.548218,-0.301147,1.084473
-0.401245,-0.167358,0.767456
0.125854,0.067749,1.034912
0.208740,-0.472046,0.872437
-0.383545,0.063477,0.861084
0.539429,-0.274170,1.089478
-0.347168,-0.192261,0.781860
0.090576,0.083252,1.035156
0.256226,-0.472290,0.890381
-0.404541,0.045288,0.833984
0.544434,-0.274292,1.089478
-0.290894,-0.206055,0.812134
0.049561,0.113770,1.046997
0.300659,-0.432617,0.937378
-0.442261,0.035400,0.805542
0.535522,-0.233276,1.108887
-0.218872,-0.247314,0.837036
-0.001587,0.164673,1.074097
0.360474,-0.439941,0.959229
-0.460693,0.055786,0.821899
0.492554,-0.163452,1.115845
-0.127441,-0.269531,0.864624
-0.051025,0.173096,1.076660
0.401123,-0.415527,0.994995
-0.472168,0.025757,0.829102
0.475220,-0.136475,1.121948
-0.035767,-0.330444,0.861450
-0.114746,0.237793,1.089844
0.459961,-0.386108,1.024414
-0.484009,0.019531,0.826660
0.450073,-0.131470,1.131592
0.048462,-0.403076,0.892944
-0.143799,0.169800,1.056519
0.477783,-0.325684,1.062866
-0.467163,-0.006104,0.811035
0.414917,-0.096069,1.122314
0.078003,-0.399048,0.901367
-0.191772,0.171387,1.047974
0.527588,-0.302002,1.109741
-0.466553,-0.041138,0.774780
0.359985,-0.043457,1.121826
0.105225,-0.409302,0.923706
-0.234863,0.164429,1.038818
0.548096,-0.286377,1.136230
-0.427734,-0.070068,0.804810
0.321899,0.006958,1.129272
0.136597,-0.423950,0.921753
-0.282227,0.117554,0.983643
0.569580,-0.283447,1.145996
-0.378174,-0.109985,0.809692
0.266113,0.075073,1.132568
0.204590,-0.411255,0.945679
-0.307739,0.123169,0.971313
0.563599,-0.284668,1.135010
-0.364380,-0.168945,0.814819
0.251587,0.051880,1.144165
0.234253,-0.438232,0.947266
-0.335571,0.139648,0.954712
0.567993,-0.243896,1.138184
-0.321777,-0.176147,0.824829
0.206055,0.077637,1.123901
0.254272,-0.465332,0.948730
-0.349976,0.102173,0.930664
0.580444,-0.226318,1.167236
-0.304688,-0.187500,0.829224
0.165649,0.110352,1.122437
0.289551,-0.447144,0.965210
-0.371338,0.101562,0.927979
0.569092,-0.200928,1.161377
-0.277832,-0.211060,0.835693
0.124878,0.105347,1.106689
0.315552,-0.435669,0.985962
-0.399048,0.086670,0.906860
0.574707,-0.212646,1.150635
-0.259888,-0.198242,0.855835
0.079468,0.144287,1.093872
0.345337,-0.432861,0.987549
-0.408081,0.072876,0.888184
0.566040,-0.188110,1.156738
-0.212646,-0.218018,0.863525
0.026123,0.185303,1.102417
0.357178,-0.409790,0.975342
-0.398071,0.023804,0.892944
0.567505,-0.197388,1.167969
-0.175415,-0.256592,0.862427
-0.022949,0.182495,1.077637
0.384888,-0.384644,0.988770
-0.448730,0.011963,0.856323
0.546387,-0.182983,1.161499
-0.067383,-0.329224,0.882080
-0.062988,0.192261,1.069702
0.398804,-0.361816,0.991577
-0.462158,0.016724,0.843628
0.518799,-0.183472,1.166016
-0.041870,-0.387329,0.860718
-0.099121,0.164551,1.054688
0.405029,-0.310303,1.011719
-0.479004,-0.006592,0.817871
0.491577,-0.165771,1.165405
-0.010742,-0.402466,0.856689
-0.148804,0.180664,1.053345
0.418945,-0.285034,1.037354
-0.481812,0.006714,0.804199
0.453369,-0.122681,1.151489
-0.005371,-0.374268,0.877319
-0.231567,0.176636,1.009521
0.470459,-0.303589,1.065186
-0.455078,-0.058472,0.780273
0.380249,-0.036621,1.146362
0.014160,-0.354126,0.869263
-0.281250,0.184570,1.011475
0.493652,-0.314331,1.068604
-0.454956,-0.083740,0.788574
0.341309,-0.000732,1.154053
0.029175,-0.358276,0.857178
-0.318848,0.175659,0.970093
0.504395,-0.309204,1.068604
-0.442261,-0.142456,0.776367
0.294922,-0.030884,1.129028
0.068115,-0.368042,0.869263
-0.361450,0.182495,0.918823
0.513428,-0.273438,1.073120
-0.417358,-0.147339,0.769043
0.241333,-0.012695,1.114014
0.093872,-0.383423,0.883179
-0.402466,0.148315,0.895020
0.504150,-0.270386,1.069336
-0.392944,-0.174316,0.769165
0.182495,0.047363,1.098511
0.148560,-0.416992,0.885620
-0.470215,0.164062,0.875854
0.494263,-0.260742,1.054077
-0.375732,-0.191895,0.777466
0.132690,0.050781,1.083618
0.172485,-0.405396,0.872681
-0.492676,0.146851,0.854370
0.491577,-0.250488,1.056763
-0.350464,-0.234985,0.784058
0.063599,0.077515,1.054565
0.196289,-0.382324,0.892700
-0.503296,0.103516,0.832764
0.496948,-0.260864,1.064819
-0.296997,-0.256470,0.778931
-0.014771,0.130981,1.046387
0.243530,-0.400146,0.896362
-0.513672,0.058472,0.811646
0.473633,-0.230835,1.069580
-0.247559,-0.307861,0.743530
-0.072021,0.162109,1.022339
0.294189,-0.412598,0.892456
-0.559326,0.053467,0.783325
0.462158,-0.227173,1.065796
-0.209229,-0.304443,0.751953
-0.145630,0.165039,0.995972
0.315063,-0.380249,0.928711
-0.563599,-0.001953,0.743286
0.427002,-0.176758,1.070801
-0.163086,-0.334229,0.745361
-0.227539,0.191162,0.979248
0.361084,-0.386108,0.936157
-0.583740,0.007935,0.756836
0.363525,-0.161499,1.049194
-0.138550,-0.341553,0.764893
-0.289185,0.179932,0.932373
0.379517,-0.324829,0.970459
-0.569702,-0.000366,0.734741
0.307129,-0.085327,1.051758
-0.105103,-0.371216,0.766357
-0.348511,0.172119,0.906616
0.408569,-0.347900,0.964966
-0.541870,-0.039429,0.716797
0.251343,-0.030396,1.047729
-0.073853,-0.350098,0.777466
-0.427612,0.181763,0.883911
0.429321,-0.323486,0.988159
-0.534180,-0.102173,0.704712
0.194580,-0.018433,1.032349
-0.000854,-0.397095,0.791382
-0.485107,0.216797,0.859863
0.427734,-0.275024,0.988281
-0.489990,-0.122925,0.719971
0.104126,0.027588,1.019775
0.068726,-0.433716,0.807251
-0.529419,0.179688,0.834229
0.432129,-0.270874,0.997803
-0.449097,-0.129761,0.739624
0.049194,0.091064,1.014771
0.133301,-0.404175,0.835449
-0.572510,0.152832,0.810791
0.440796,-0.253540,1.004639
-0.375732,-0.203125,0.723267
-0.029785,0.134277,0.998413
0.187500,-0.422119,0.849365
-0.580444,0.109497,0.790405
0.430664,-0.210083,1.016968
-0.306396,-0.244751,0.710083
-0.086548,0.171387,0.973145
0.234009,-0.379272,0.860962
-0.600464,0.080566,0.768921
0.411499,-0.220093,1.014282
-0.234619,-0.337891,0.709717
-0.162109,0.180786,0.953613
0.278931,-0.372070,0.870483
-0.616577,0.101318,0.757446
0.394775,-0.201294,1.009399
-0.181152,-0.381958,0.720947
-0.207153,0.143188,0.925903
0.312866,-0.343140,0.898193
-0.620972,0.092285,0.726807
0.368164,-0.162964,1.003906
-0.123047,-0.362671,0.747314
-0.279541,0.167480,0.901489
0.363281,-0.355835,0.920532
-0.623169,0.074219,0.704590
0.300171,-0.107788,0.982788
-0.084473,-0.372803,0.752686
-0.330078,0.172607,0.885132
0.380737,-0.319214,0.931152
-0.587891,0.035156,0.707031
0.257202,-0.052490,0.993774
-0.063354,-0.415405,0.733154
-0.383301,0.197266,0.875122
0.402832,-0.293823,0.946533
-0.564819,-0.031494,0.700806
0.203003,-0.004272,0.997192
-0.023560,-0.391235,0.763062
-0.439087,0.216431,0.862549
0.402710,-0.266479,0.961182
-0.524414,-0.094360,0.709595
0.149414,0.021973,1.007935
0.032471,-0.425659,0.769165
-0.499878,0.246338,0.838135
0.427979,-0.238892,0.963379
-0.457886,-0.128662,0.733154
0.074341,0.083374,1.005249
0.090088,-0.414917,0.807373
-0.522339,0.193970,0.814453
0.430420,-0.190063,0.991333
-0.408691,-0.109985,0.735474
0.026611,0.157837,1.021362
0.165649,-0.422363,0.835449
-0.577148,0.171021,0.796387
0.429077,-0.192383,0.994751
-0.321777,-0.177734,0.735840
-0.031494,0.218872,1.009521
0.222290,-0.402588,0.843506
-0.605225,0.174072,0.787476
0.446045,-0.210693,0.988770
-0.271606,-0.203735,0.745605
-0.109253,0.207642,0.966431
0.264893,-0.384277,0.874878
-0.579468,0.110474,0.770630
0.434082,-0.144897,1.036621
-0.209106,-0.270996,0.732788
-0.156494,0.223389,0.952759
0.314575,-0.412964,0.874634
-0.578125,0.120972,0.781372
0.415039,-0.130127,1.033569
-0.170898,-0.243164,0.763062
-0.186523,0.205444,0.939453
0.338379,-0.369263,0.900635
-0.601929,0.067627,0.750610
0.407715,-0.150757,1.034180
-0.110718,-0.344360,0.749023
-0.218384,0.235596,0.928467
0.346191,-0.329468,0.897949
-0.592529,0.092896,0.765503
0.388184,-0.174805,1.019531
-0.078979,-0.375244,0.759155
-0.246582,0.224243,0.901855
0.373047,-0.318726,0.917114
-0.581055,0.075317,0.747803
0.361206,-0.130981,1.015381
-0.036621,-0.413208,0.758789
-0.293945,0.223389,0.892212
0.379883,-0.317993,0.918213
-0.550903,0.012939,0.733154
0.324585,-0.085205,0.999390
-0.019531,-0.399658,0.754150
-0.321411,0.190552,0.867676
0.420044,-0.330566,0.936279
-0.544922,-0.023071,0.735718
0.265137,-0.076904,0.988159
0.009888,-0.433716,0.765747
-0.342773,0.165039,0.859131
0.440308,-0.305908,0.956055
-0.527100,-0.030884,0.733887
0.202271,0.000610,0.989258
0.044556,-0.449707,0.774048
-0.383667,0.159546,0.844727
0.451782,-0.301392,0.964722
-0.489014,-0.083496,0.750244
0.150269,0.021362,0.999268
0.059326,-0.436157,0.765625
-0.440552,0.143921,0.801880
0.457153,-0.265015,0.983765
-0.429321,-0.106934,0.763794
0.108643,0.056519,1.009888
0.098999,-0.421997,0.786499
-0.494141,0.131348,0.771851
0.466675,-0.284912,0.989014
-0.379395,-0.148682,0.771484
0.048828,0.103149,1.017578
0.164551,-0.441406,0.814697
-0.533203,0.145386,0.762207
0.465210,-0.227539,1.001099
-0.313599,-0.153442,0.787598
-0.040405,0.172485,1.005615
0.233521,-0.462402,0.855347
-0.538452,0.059814,0.744995
0.441406,-0.230713,1.003296
-0.267090,-0.222046,0.771729
-0.092041,0.182617,0.992432
0.306763,-0.449951,0.890625
-0.563110,0.041870,0.729370
0.424805,-0.181152,1.034546
-0.161865,-0.257568,0.786255
-0.153564,0.209839,0.977417
0.352661,-0.422729,0.916138
-0.576050,0.071167,0.767700
0.406250,-0.204224,1.006836
-0.068970,-0.328735,0.823486
-0.210449,0.194824,0.957397
0.369995,-0.369385,0.941040
-0.529053,0.011597,0.758545
0.378296,-0.136963,1.026489
-0.020264,-0.399292,0.795898
-0.259277,0.180786,0.915771
0.399414,-0.374634,0.930664
-0.509644,-0.056763,0.751709
0.321533,-0.091797,1.030151
0.030640,-0.435425,0.795288
-0.314575,0.164917,0.885986
0.437622,-0.378296,0.966919
-0.488647,-0.070190,0.745850
0.268311,-0.065186,1.014282
0.065063,-0.445679,0.802368
-0.321289,0.117065,0.878418
0.456177,-0.367920,0.975464
-0.492676,-0.082642,0.748291
0.233276,-0.042847,1.016235
0.098755,-0.466553,0.800537
-0.358765,0.121338,0.858276
0.483887,-0.332275,1.010498
-0.455078,-0.134277,0.755859
0.190186,-0.013062,1.020386
0.099609,-0.460815,0.808228
-0.373169,0.080933,0.838135
0.492920,-0.305298,1.022461
-0.421631,-0.143311,0.758057
0.143311,0.027954,1.021362
0.151245,-0.460938,0.833130
-0.401367,0.084229,0.835083
0.506836,-0.308105,1.033936
-0.408203,-0.153687,0.760010
0.093872,0.057495,1.024292
0.215088,-0.506592,0.852783
-0.432373,0.049561,0.800537
0.507935,-0.264038,1.057007
-0.344727,-0.192993,0.769287
0.057861,0.091553,1.028076
0.255127,-0.499023,0.865234
-0.448364,0.046509,0.801025
0.511963,-0.237915,1.071045
-0.300659,-0.198120,0.793335
-0.005371,0.131714,1.033813
0.312744,-0.495361,0.907349
-0.452148,0.012207,0.795166
0.489502,-0.200806,1.072998
-0.226196,-0.219971,0.820068
-0.056152,0.170288,1.029053
0.361938,-0.469727,0.940796
-0.486328,0.010986,0.786987
0.474609,-0.175415,1.093994
-0.147095,-0.253174,0.841187
-0.107178,0.215210,1.056641
0.397705,-0.441284,0.968018
-0.485352,-0.023560,0.799194
0.456909,-0.159302,1.099854
-0.068726,-0.297729,0.852417
-0.148071,0.220825,1.043823
0.440796,-0.411987,0.997803
-0.473022,-0.048096,0.793579
0.419678,-0.126831,1.107422
0.019531,-0.355957,0.866333
-0.185425,0.214722,1.029785
0.475220,-0.351929,1.027222
-0.442383,-0.080078,0.790894
0.368774,-0.089111,1.102905
0.072510,-0.414795,0.861816
-0.216309,0.173828,1.008911
0.508911,-0.327393,1.055176
-0.432373,-0.083984,0.804932
0.300171,-0.037842,1.090820
0.124268,-0.417114,0.886475
-0.293091,0.175781,0.982178
0.538574,-0.292603,1.092407
-0.391235,-0.130249,0.807129
0.237305,0.031372,1.103027
0.209473,-0.412964,0.941284
-0.347168,0.122192,0.921387
0.537476,-0.241211,1.112793
-0.323242,-0.206299,0.794800
0.161133,0.063721,1.089478
0.287598,-0.452759,0.940918
-0.405884,0.075928,0.873047
0.547119,-0.211792,1.119751
-0.230103,-0.218872,0.844238
0.061401,0.160156,1.094727
0.355347,-0.455444,0.962891
-0.427002,0.068481,0.863892
0.535767,-0.174927,1.140259
-0.167603,-0.231934,0.863403
-0.014038,0.209595,1.101196
0.410645,-0.409058,1.013916
-0.453857,0.007324,0.836426
0.518188,-0.166016,1.153931
-0.052734,-0.305664,0.892944
-0.088989,0.232544,1.086914
0.447754,-0.348389,1.036499
-0.443848,-0.030762,0.825928
0.477539,-0.151733,1.152222
0.037842,-0.409424,0.894043
-0.147705,0.207764,1.059937
0.484741,-0.312134,1.066772
-0.427002,-0.027222,0.822266
0.427002,-0.071533,1.159424
0.051147,-0.382202,0.915894
-0.206299,0.190674,1.051514
0.520142,-0.300293,1.103394
-0.429810,-0.068848,0.814941
0.382324,-0.014160,1.170166
0.106445,-0.378662,0.926636
-0.246338,0.202148,1.035889
0.528809,-0.298218,1.110229
-0.404053,-0.126099,0.816284
0.357178,-0.015259,1.165649
0.136963,-0.359985,0.938721
-0.293945,0.209229,1.003906
0.555786,-0.281982,1.121826
-0.361938,-0.143555,0.825806
0.307739,0.034058,1.151733
0.156982,-0.360352,0.929321
-0.332153,0.168091,0.966309
0.587036,-0.302246,1.136719
-0.340942,-0.173340,0.828613
0.244507,0.072998,1.143188
0.210815,-0.416504,0.929077
-0.353760,0.133789,0.937744
0.579712,-0.267578,1.139648
-0.312134,-0.186035,0.838867
0.196411,0.078491,1.133423
0.254517,-0.412109,0.953003
-0.386108,0.131958,0.922241
0.581421,-0.259766,1.131958
-0.280151,-0.218872,0.846191
0.132324,0.111938,1.120972
0.283569,-0.391602,0.972046
-0.406128,0.085205,0.885376
0.575684,-0.203369,1.159058
-0.231567,-0.271484,0.835938
0.068115,0.153564,1.107056
0.331299,-0.397949,0.972900
-0.432495,0.053711,0.870850
0.546387,-0.198853,1.141357
-0.180786,-0.280884,0.847290
0.014771,0.165283,1.092896
0.359497,-0.378174,0.987549
-0.476440,0.038574,0.848022
0.534058,-0.236206,1.132690
-0.092529,-0.400269,0.833130
-0.047241,0.171387,1.070801
0.379517,-0.358521,0.972412
-0.466431,0.032104,0.822632
0.509888,-0.168579,1.158447
-0.072144,-0.363037,0.850342
-0.122803,0.144653,1.052612
0.430908,-0.360718,1.026367
-0.489990,0.020874,0.803467
0.453491,-0.081787,1.149048
-0.057007,-0.335938,0.842529
-0.160034,0.176514,1.054443
0.450073,-0.355469,1.030273
-0.481934,-0.023193,0.797974
0.425049,-0.066895,1.153076
-0.045532,-0.341187,0.834229
-0.278687,0.192749,1.003784
0.448120,-0.332642,1.036255
-0.400391,-0.125000,0.815430
0.315308,-0.000854,1.161499
0.161987,-0.395264,0.928955
-0.321411,0.183838,0.963989
0.557861,-0.258789,1.119263
-0.347168,-0.145996,0.833130
0.256226,0.015625,1.146606
0.186523,-0.427246,0.938721
-0.354736,0.138794,0.941040
0.570557,-0.238159,1.133423
-0.320801,-0.162842,0.828125
0.181030,0.080322,1.127319
0.255127,-0.421631,0.953003
-0.395142,0.125366,0.921143
0.550171,-0.205200,1.130493
-0.283936,-0.197021,0.830811
0.104858,0.112793,1.103149
0.302856,-0.408325,0.965576
-0.432007,0.060791,0.877808
0.544922,-0.193970,1.134888
-0.215820,-0.251343,0.832275
0.038086,0.198730,1.120483
0.322876,-0.373901,0.967773
-0.460571,0.017822,0.847168
0.539307,-0.226685,1.141113
-0.133179,-0.347778,0.836060
-0.009766,0.167725,1.083984
0.332153,-0.322998,0.964355
-0.468750,0.001953,0.821289
0.528687,-0.224121,1.152222
-0.095825,-0.415527,0.815186
-0.082520,0.162231,1.051025
0.384766,-0.347168,0.979858
-0.470093,-0.001465,0.812134
0.484741,-0.169067,1.142212
-0.076782,-0.360474,0.818604
-0.168457,0.184082,1.021729
0.422852,-0.329346,1.014282
-0.470825,-0.064453,0.796143
0.459106,-0.115112,1.146973
-0.072876,-0.300537,0.831421
-0.243652,0.206909,1.003418
0.454956,-0.335938,1.028564
-0.465210,-0.104248,0.786987
0.396240,-0.091675,1.142212
-0.036987,-0.315796,0.841553
-0.316040,0.220703,0.972290
0.473389,-0.303223,1.044556
-0.460449,-0.148071,0.760010
0.330688,-0.065918,1.138550
0.040039,-0.386963,0.856323
-0.361694,0.199097,0.935791
0.476318,-0.290039,1.041138
-0.444336,-0.135986,0.755371
0.241089,-0.043213,1.099243
0.112305,-0.410034,0.872559
-0.413940,0.185425,0.900757
0.489014,-0.255249,1.057983
-0.417847,-0.160645,0.767212
0.137451,0.040771,1.067993
0.167603,-0.419067,0.886719
-0.454590,0.104980,0.860718
0.495605,-0.234497,1.068481
-0.379883,-0.166870,0.776245
0.053833,0.093506,1.057129
0.227051,-0.411743,0.904541
-0.492676,0.078125,0.837891
0.458740,-0.205933,1.063354
-0.272095,-0.257080,0.772827
-0.016602,0.131592,1.022827
0.265015,-0.407227,0.892212
-0.526489,0.060059,0.797974
0.458740,-0.190308,1.066772
-0.227173,-0.308350,0.754272
-0.088379,0.139893,1.017090
0.301636,-0.408325,0.906372
-0.539307,0.021973,0.777344
0.436890,-0.171509,1.062012
-0.185303,-0.293823,0.755981
-0.178955,0.169067,0.990845
0.337158,-0.378296,0.926025
-0.559082,-0.004883,0.758667
0.410400,-0.168091,1.063232
-0.160645,-0.316162,0.758423
-0.259888,0.187744,0.974854
0.371826,-0.371460,0.952759
-0.574097,-0.023560,0.741211
0.353516,-0.127686,1.065308
-0.125977,-0.338623,0.773071
-0.315796,0.200928,0.933838
0.400024,-0.323608,0.977051
-0.556641,-0.062378,0.731812
0.277100,-0.092407,1.040771
-0.071533,-0.387451,0.776611
-0.370850,0.178345,0.895386
0.405884,-0.314453,0.979858
-0.539917,-0.047363,0.730957
0.213867,-0.036743,1.036743
-0.022705,-0.390259,0.793457
-0.427002,0.169312,0.877319
0.427124,-0.308960,0.990967
-0.531494,-0.076050,0.725220
0.134521,0.014893,1.017822
0.052124,-0.409790,0.819946
-0.510376,0.185913,0.846069
0.425659,-0.250000,1.000366
-0.445801,-0.147705,0.748169
0.070923,0.092529,1.029663
0.095337,-0.411499,0.825806
-0.555420,0.145630,0.807129
0.450806,-0.249512,1.025757
-0.364014,-0.193481,0.736084
-0.023438,0.159180,1.008179
0.158447,-0.410645,0.822510
-0.577881,0.105713,0.781372
0.451660,-0.262451,1.022949
-0.305176,-0.271362,0.715942
-0.066162,0.199585,1.005859
0.198120,-0.362427,0.835693
-0.590698,0.092896,0.767334
0.442383,-0.250488,1.027100
-0.253662,-0.331909,0.709961
-0.112915,0.191162,0.977417
0.245239,-0.366211,0.849731
-0.632324,0.109619,0.736206
0.427368,-0.275146,0.991943
-0.194214,-0.347656,0.751465
-0.157715,0.144775,0.949951
0.251099,-0.346436,0.875977
-0.622681,0.098389,0.723267
0.410522,-0.184692,1.014038
-0.178589,-0.350220,0.729370
-0.198486,0.144531,0.940063
0.294189,-0.376099,0.881592
-0.623901,0.081177,0.726440
0.385010,-0.178467,1.000977
-0.161011,-0.337646,0.734131
-0.223022,0.179810,0.934570
0.325073,-0.326050,0.914307
-0.626343,0.070679,0.723267
0.362061,-0.193115,1.000122
-0.137573,-0.401245,0.718262
-0.257690,0.169922,0.914917
0.343628,-0.318970,0.904907
-0.612671,0.075562,0.717651
0.333984,-0.145142,0.992920
-0.106323,-0.388916,0.732178
-0.302124,0.167847,0.885986
0.360352,-0.331421,0.915649
-0.590698,0.072266,0.713867
0.307983,-0.102539,0.994385
-0.070801,-0.405762,0.742432
-0.352051,0.171631,0.869019
0.375854,-0.316284,0.929565
-0.576660,0.049072,0.704102
0.299072,-0.035645,1.023438
-0.069580,-0.418457,0.718994
-0.372925,0.206177,0.864136
0.403198,-0.329346,0.923096
-0.579102,0.039673,0.707520
0.262451,-0.031128,0.997070
-0.036133,-0.410156,0.750610
-0.394775,0.196655,0.863281
0.403076,-0.300049,0.935913
-0.565430,-0.021973,0.687256
0.236084,-0.007568,1.007080
-0.027588,-0.401001,0.756592
-0.419678,0.202271,0.856567
0.434448,-0.312988,0.954712
-0.546875,-0.026733,0.706055
0.185791,0.036377,1.003906
-0.005981,-0.393311,0.754761
-0.438843,0.200928,0.845093
0.427612,-0.283569,0.968018
-0.519287,-0.066895,0.713867
0.146973,0.030762,1.003906
0.030151,-0.421631,0.766113
-0.468140,0.220703,0.837280
0.435303,-0.232422,0.973267
-0.473999,-0.071655,0.744751
0.103760,0.055420,1.005127
0.080811,-0.458130,0.786743
-0.503174,0.192505,0.818848
0.450073,-0.212280,0.983643
-0.435913,-0.082153,0.752441
0.053833,0.120361,1.007690
0.137085,-0.428223,0.822144
-0.542480,0.163574,0.798462
0.439941,-0.192017,0.988159
-0.357788,-0.137451,0.757812
-0.015503,0.172119,1.012695
0.214478,-0.452026,0.847778
-0.585815,0.133545,0.773560
0.424194,-0.169067,1.000488
-0.254150,-0.196533,0.748169
-0.082642,0.214722,0.992554
0.273315,-0.392700,0.879150
-0.606445,0.100708,0.757935
0.424805,-0.183838,1.015503
-0.154541,-0.313721,0.760620
-0.187622,0.197266,0.934082
0.332642,-0.345581,0.912476
-0.584839,0.082031,0.758667
0.368408,-0.087769,1.027222
-0.068726,-0.386841,0.743652
-0.245117,0.185425,0.897217
0.368530,-0.333496,0.918213
-0.566162,0.028442,0.744995
0.319214,-0.079956,1.002563
-0.020752,-0.409912,0.752808
-0.320801,0.177246,0.868530
0.413330,-0.313354,0.932495
-0.519897,-0.014648,0.733765
0.224487,-0.013428,0.999268
0.029297,-0.434937,0.758057
-0.394287,0.147461,0.828979
0.436523,-0.269897,0.960938
-0.491089,-0.029663,0.742920
0.129883,0.085449,1.003052
0.099121,-0.430420,0.793701
-0.478149,0.126587,0.802979
0.448975,-0.267578,0.982422
-0.432373,-0.100342,0.744263
0.065796,0.166870,1.024170
0.150879,-0.415771,0.805542
-0.515015,0.145264,0.782593
0.462158,-0.280762,0.984863
-0.388428,-0.175293,0.743774
0.017334,0.110962,0.997559
0.210327,-0.426636,0.851318
-0.546631,0.104980,0.752686
0.456177,-0.207642,1.008301
-0.279907,-0.177124,0.796143
-0.051147,0.143188,0.999512
0.251709,-0.453613,0.858398
-0.551880,0.067871,0.733643
0.445190,-0.170166,1.040894
-0.224487,-0.202637,0.788818
-0.120361,0.176514,0.983276
0.311890,-0.469727,0.878052
-0.557129,0.055176,0.749756
0.418579,-0.142212,1.029907
-0.134155,-0.256470,0.793213
-0.195801,0.206909,0.953979
0.354248,-0.425293,0.904053
-0.548584,0.005981,0.757935
0.385620,-0.133179,1.032349
-0.054932,-0.336792,0.791748
-0.261963,0.218384,0.917480
0.392334,-0.393066,0.929199
-0.518188,-0.055542,0.746948
0.322754,-0.096924,1.013672
0.029053,-0.410522,0.783936
-0.307251,0.200317,0.893188
0.424316,-0.363525,0.943970
-0.521484,-0.096558,0.717285
0.243286,-0.079346,0.986572
0.080444,-0.453857,0.790649
-0.347534,0.147095,0.857300
0.440918,-0.291626,0.983276
-0.481445,-0.111572,0.743164
0.163086,-0.016113,0.995850
0.105835,-0.499268,0.779785
-0.402100,0.098389,0.822998
0.481934,-0.280518,1.010742
-0.437012,-0.098755,0.748779
0.076050,0.092529,1.023438
0.179932,-0.506836,0.823975
-0.462891,0.066650,0.796753
0.485229,-0.276978,1.026001
-0.375366,-0.190552,0.743042
0.005127,0.146851,1.019775
0.254395,-0.479614,0.865234
-0.490112,0.033569,0.764771
0.484375,-0.282715,1.034180
-0.298828,-0.212402,0.780273
-0.067139,0.171387,0.994751
0.308716,-0.453979,0.896240
-0.505737,0.016479,0.763672
0.456787,-0.220825,1.048462
-0.182861,-0.285645,0.799438
-0.136108,0.199829,1.005127
0.345337,-0.459106,0.914673
-0.524536,0.016846,0.774780
0.435791,-0.194946,1.057617
-0.092041,-0.317017,0.827637
-0.197021,0.199219,0.981567
0.381836,-0.398071,0.945435
-0.509399,-0.019043,0.756836
0.396729,-0.148560,1.063843
0.012573,-0.407104,0.820923
-0.227539,0.204834,0.978027
0.421997,-0.382446,0.969727
-0.509766,-0.060791,0.756470
0.346558,-0.156738,1.033813
0.068726,-0.440308,0.829590
-0.262695,0.163452,0.938110
0.451782,-0.324463,1.005981
-0.462402,-0.080933,0.767578
0.272583,-0.070923,1.030151
0.115967,-0.443359,0.855347
-0.311401,0.103394,0.919678
0.483398,-0.308716,1.036011
-0.446289,-0.112061,0.760742
0.210327,0.007690,1.051270
0.151611,-0.473755,0.851440
-0.363281,0.138794,0.922974
0.503662,-0.297607,1.053101
-0.391724,-0.147095,0.792847
0.148438,0.052246,1.047363
0.206665,-0.476196,0.869263
-0.387817,0.076782,0.869873
0.528809,-0.309692,1.064209
-0.346191,-0.206055,0.780518
0.091675,0.121460,1.059448
0.243408,-0.452271,0.891724
-0.406860,0.023071,0.840210
0.534302,-0.277100,1.093140
-0.302246,-0.218384,0.803101
0.050659,0.172485,1.069336
0.309814,-0.460327,0.917725
-0.445801,0.011719,0.820312
0.520508,-0.262573,1.100098
-0.237183,-0.283813,0.810181
0.026489,0.189087,1.085571
0.328735,-0.402100,0.938354
-0.475464,0.084595,0.817505
0.539551,-0.321167,1.085938
-0.209473,-0.339233,0.821411
-0.003540,0.141357,1.060547
0.366089,-0.412231,0.971680
-0.453125,0.049805,0.822876
0.496704,-0.182739,1.105103
-0.182373,-0.236938,0.850830
0.001099,0.146973,1.075317
0.397827,-0.450439,0.990234
-0.488159,0.037354,0.809326
0.514648,-0.173218,1.117188
-0.140869,-0.245483,0.865845
-0.041626,0.192627,1.083740
0.398682,-0.421875,0.993408
-0.443359,0.018066,0.841309
0.531860,-0.153931,1.148804
-0.128296,-0.236572,0.864502
-0.086670,0.229126,1.083740
0.442749,-0.424316,1.021240
-0.434082,-0.050049,0.822388
0.488647,-0.114502,1.156372
-0.046265,-0.274658,0.894165
-0.118652,0.249023,1.078369
0.460449,-0.407959,1.017212
-0.442139,-0.071899,0.829956
0.468994,-0.132568,1.157715
0.015503,-0.323242,0.900757
-0.154907,0.257690,1.075806
0.487793,-0.350952,1.047485
-0.429077,-0.052979,0.841064
0.431641,-0.100586,1.145630
0.054077,-0.354004,0.902222
-0.171265,0.204590,1.046875
0.500366,-0.291626,1.082642
-0.413208,-0.111206,0.828979
0.393311,-0.063965,1.148926
0.076904,-0.357910,0.915161
-0.233765,0.231812,1.033447
0.544800,-0.288330,1.111572
-0.406860,-0.089844,0.830444
0.354004,-0.045166,1.144287
0.126099,-0.383789,0.920410
-0.279785,0.164185,0.972778
0.576904,-0.273315,1.133789
-0.354126,-0.143555,0.836670
0.274048,0.016846,1.140625
0.201538,-0.417847,0.930298
-0.333862,0.142334,0.939453
0.576416,-0.267456,1.129639
-0.317627,-0.173584,0.837280
0.198853,0.062012,1.119629
0.284058,-0.431274,0.970581
-0.375610,0.109009,0.900513
0.567871,-0.206299,1.150757
-0.259521,-0.206665,0.848755
0.108154,0.114746,1.113525
0.339233,-0.420654,0.994019
-0.412964,0.093628,0.898560
0.568726,-0.182983,1.161743
-0.195923,-0.239624,0.859131
0.024780,0.166992,1.098267
0.382568,-0.384644,1.015137
-0.415161,0.030151,0.876221
0.547974,-0.137573,1.179321
-0.115234,-0.270508,0.875122
-0.048218,0.202515,1.091919
0.428833,-0.385010,1.031372
-0.424072,-0.031006,0.851685
0.510254,-0.121826,1.184082
-0.025757,-0.338623,0.877319
-0.118408,0.225708,1.076904
0.445679,-0.325562,1.045166
-0.419312,-0.082275,0.826294
0.477295,-0.099854,1.188354
-0.018677,-0.333862,0.874634
-0.191406,0.212524,1.037964
0.496094,-0.295898,1.080688
-0.424316,-0.096680,0.821533
0.405518,-0.057373,1.174683
0.042480,-0.362305,0.890991
-0.243652,0.211060,1.024658
0.521729,-0.270874,1.097534
-0.416748,-0.091431,0.806030
0.341064,-0.048828,1.140259
0.104370,-0.387451,0.916382
-0.305176,0.153687,0.965332
0.544678,-0.254883,1.111816
-0.376709,-0.133545,0.802002
0.243774,0.026001,1.133667
0.176270,-0.414795,0.931763
-0.363159,0.109619,0.922119
0.546997,-0.238892,1.138428
-0.342163,-0.211060,0.789795
0.160522,0.125244,1.130615
0.217896,-0.392456,0.927368
-0.407593,0.084717,0.908691
0.551025,-0.270020,1.122314
-0.312378,-0.243042,0.807617
0.086548,0.152222,1.097900
0.271606,-0.383179,0.935425
-0.421997,0.042847,0.870361
0.537720,-0.235596,1.124146
-0.274048,-0.256836,0.809814
0.052612,0.143066,1.094971
0.296509,-0.353027,0.946411
-0.468506,0.053467,0.848755
0.528320,-0.239136,1.118774
-0.183960,-0.323975,0.809448
-0.028076,0.135986,1.048096
0.343628,-0.367188,0.964966
-0.475098,0.029907,0.828247
0.506470,-0.174683,1.134399
-0.142212,-0.337646,0.799316
-0.113281,0.160278,1.028198
0.372437,-0.365234,0.976807
-0.479858,-0.017944,0.807495
0.460205,-0.134766,1.128174
-0.131226,-0.338135,0.781494
-0.175659,0.169189,1.023682
0.400513,-0.354980,0.990112
-0.498901,-0.047119,0.785522
0.423706,-0.119385,1.131714
-0.104248,-0.331665,0.791504
-0.238892,0.201538,0.997925
0.429565,-0.339600,1.008789
-0.495483,-0.068970,0.778564
0.372925,-0.098999,1.112183
-0.061646,-0.322144,0.819702
-0.312500,0.192627,0.954102
0.462036,-0.333496,1.036255
-0.485718,-0.108154,0.757690
0.304810,-0.073242,1.101562
-0.002075,-0.354370,0.823730
-0.374268,0.199829,0.917969
0.466064,-0.298340,1.039917
-0.449951,-0.166138,0.754395
0.198975,-0.018677,1.071045
0.067505,-0.389893,0.852905
-0.450317,0.169312,0.871948
0.486572,-0.278442,1.057251
-0.423584,-0.198608,0.750366
0.096680,0.079346,1.047729
0.149170,-0.385864,0.871948
-0.494995,0.108643,0.848389
0.480225,-0.261108,1.057495
-0.317749,-0.263428,0.762695
-0.008545,0.142456,1.033447
0.211304,-0.394043,0.876343
-0.527832,0.053467,0.797363
0.471802,-0.241577,1.057983
-0.251465,-0.293091,0.745361
-0.062744,0.147095,1.024536
0.257202,-0.398926,0.873291
-0.562378,0.043213,0.771240
0.457764,-0.214722,1.070679
-0.210327,-0.339966,0.731445
-0.154297,0.163330,0.993164
0.302734,-0.383423,0.896606
-0.587036,0.049194,0.769409
0.428711,-0.230225,1.038452
-0.179077,-0.344849,0.740479
-0.206055,0.160156,0.970337
0.323730,-0.348755,0.922363
-0.590210,0.038940,0.743286
0.392944,-0.175659,1.051636
-0.153320,-0.360596,0.759888
-0.272217,0.162720,0.948853
0.373169,-0.357422,0.948730
-0.587158,-0.024048,0.712891
0.319092,-0.107300,1.044312
-0.117310,-0.378784,0.732178
-0.320923,0.182495,0.921997
0.391846,-0.358276,0.949585
-0.565063,-0.015625,0.733643
0.267578,-0.086670,1.033813
-0.085083,-0.371826,0.768677
-0.386963,0.163818,0.883301
0.416504,-0.340210,0.974487
-0.562622,-0.048828,0.709229
0.196411,-0.013184,1.025391
-0.026489,-0.381714,0.790771
-0.449707,0.186157,0.883911
0.416260,-0.308472,0.973999
-0.529541,-0.070312,0.702637
0.135498,0.044312,1.011841
0.031982,-0.390503,0.803955
-0.507446,0.182251,0.850342
0.427368,-0.295288,0.981567
-0.478760,-0.114868,0.717529
0.057495,0.134766,1.011719
0.095093,-0.404785,0.820801
-0.544800,0.145630,0.821899
0.431274,-0.262695,0.998535
-0.427979,-0.157593,0.713257
0.024048,0.143066,1.010132
0.135010,-0.406494,0.818604
-0.579712,0.154053,0.803467
0.452148,-0.263916,0.999390
-0.372192,-0.210693,0.716064
-0.017944,0.171509,1.010498
0.181030,-0.397095,0.845825
-0.605225,0.170288,0.805786
0.443604,-0.270508,0.984253
-0.338257,-0.227173,0.724121
-0.051758,0.154785,0.984131
0.225830,-0.400879,0.860229
-0.623779,0.164551,0.787842
0.438110,-0.228394,1.007935
-0.292358,-0.240234,0.739136
-0.104370,0.167969,0.970215
0.256348,-0.391968,0.878662
-0.155518,0.174805,0.956787
0.416016,-0.154785,1.030640
-0.191772,-0.310913,0.723511
-0.224365,0.216431,0.940308
0.316040,-0.399780,0.883789
-0.613037,0.060059,0.731445
0.388184,-0.151367,1.005615
-0.148804,-0.321899,0.720215
-0.267578,0.217041,0.906616
0.348877,-0.344360,0.907349
-0.597046,0.021973,0.715698
0.342041,-0.129150,1.014893
-0.128296,-0.399658,0.702271
-0.306152,0.209595,0.887329
0.378906,-0.330566,0.911865
-0.596924,0.055298,0.721313
0.298828,-0.082642,1.008057
-0.048584,-0.411865,0.750366
-0.365845,0.179443,0.865356
0.387939,-0.300537,0.926270
-0.570679,0.010864,0.708740
0.241455,-0.007690,1.003540
-0.001709,-0.421875,0.752808
-0.430298,0.207031,0.857910
0.401611,-0.270264,0.947754
-0.533813,-0.027466,0.708008
0.176514,0.010376,1.000244
0.044067,-0.420288,0.782837
-0.493774,0.222412,0.840820
0.416260,-0.245239,0.959839
-0.468018,-0.072632,0.740234
0.105469,0.091675,1.021118
0.086792,-0.393799,0.817871
-0.531372,0.189819,0.822388
0.434448,-0.228271,0.979980
-0.416016,-0.102783,0.741333
0.034546,0.155273,1.015503
0.170044,-0.406006,0.836426
-0.572144,0.163696,0.794312
0.436646,-0.198120,0.992798
-0.337280,-0.159424,0.748047
-0.028442,0.173950,1.000732
0.223389,-0.404053,0.855103
-0.581543,0.146606,0.784058
0.440063,-0.183228,1.010620
-0.254272,-0.240967,0.735962
-0.094482,0.201416,0.971802
0.277954,-0.372070,0.882812
-0.587646,0.113892,0.774658
0.436157,-0.182861,1.022461
-0.200684,-0.277710,0.739746
-0.161743,0.203979,0.944580
0.325073,-0.349121,0.909790
-0.596680,0.093750,0.752075
0.395874,-0.135986,1.023804
-0.122803,-0.347168,0.756348
-0.220825,0.196167,0.905762
0.370239,-0.361572,0.923096
-0.575439,0.067505,0.746460
0.332520,-0.060425,1.022095
-0.069336,-0.392456,0.738281
-0.257080,0.175659,0.886841
0.397461,-0.357666,0.932495
-0.571655,0.037109,0.737915
0.301270,-0.053955,0.989014
-0.019897,-0.398193,0.746338
-0.342529,0.181274,0.859131
0.428223,-0.325928,0.947876
-0.524048,-0.040771,0.743652
0.232910,-0.016602,0.998657
0.013916,-0.419312,0.741943
-0.392578,0.198364,0.833618
0.437744,-0.268921,0.965088
-0.501465,-0.071045,0.743042
0.167725,-0.008545,1.001953
0.057251,-0.450073,0.770752
-0.456299,0.176147,0.816162
0.454468,-0.225098,0.992188
-0.439209,-0.072021,0.773071
0.079834,0.103760,1.010498
0.118042,-0.448486,0.808228
-0.505493,0.133545,0.784302
0.472168,-0.239502,0.999512
-0.381348,-0.123291,0.758667
0.004395,0.176758,1.007568
0.183716,-0.427490,0.824463
-0.525757,0.096924,0.762573
0.461426,-0.238037,1.004639
-0.320557,-0.198608,0.750244
-0.044434,0.213867,1.017090
0.253906,-0.417847,0.852661
-0.573242,0.071655,0.750366
0.460815,-0.273071,1.012085
-0.241699,-0.252563,0.775513
-0.082031,0.231567,1.002686
0.271484,-0.357056,0.878174
-0.584351,0.066528,0.740723
0.451538,-0.269043,1.000732
-0.159058,-0.264160,0.812012
-0.130493,0.208740,0.962769
0.296265,-0.341919,0.893677
-0.567017,0.064697,0.745972
0.425171,-0.213257,1.018677
-0.122681,-0.312134,0.787476
-0.160522,0.213501,0.961304
0.332275,-0.355103,0.910278
-0.567017,0.051758,0.767578
0.414307,-0.218750,1.020630
-0.093140,-0.341064,0.798584
-0.193970,0.193115,0.947144
0.354736,-0.366455,0.919434
-0.547852,0.024048,0.758911
0.382080,-0.142334,1.031006
-0.052856,-0.367310,0.785889
-0.238037,0.166748,0.922241
0.391113,-0.397095,0.934570
-0.546265,-0.015503,0.759521
0.339111,-0.122803,1.014282
0.001343,-0.411011,0.784668
-0.267456,0.169556,0.908936
0.412231,-0.360352,0.955688
-0.538696,-0.048340,0.725220
0.290283,-0.112549,1.001465
0.036621,-0.467773,0.789307
-0.308838,0.132568,0.878540
0.425171,-0.332886,0.959717
-0.490112,-0.041260,0.754028
0.229614,-0.037720,1.012329
0.086670,-0.474121,0.798340
-0.472412,0.109375,0.808716
0.453247,-0.263062,0.987305
-0.431030,-0.097168,0.733276
0.042603,0.154175,1.006958
0.120361,-0.455322,0.823608
-0.523071,0.075562,0.774170
0.474243,-0.253418,1.013916
-0.353027,-0.157715,0.755005
-0.034790,0.224487,1.007446
0.222656,-0.427368,0.835449
-0.520386,0.046387,0.757568
0.468628,-0.261108,1.020508
-0.300415,-0.209595,0.763062
-0.080200,0.206787,0.989380
0.266846,-0.414795,0.867554
-0.540039,0.029907,0.742920
0.447754,-0.237061,1.010254
-0.223877,-0.243042,0.791260
-0.124756,0.217529,0.981201
0.300659,-0.390869,0.894409
-0.540405,0.025757,0.759766
0.426758,-0.212891,1.025635
-0.172241,-0.297485,0.778931
-0.157104,0.212769,0.965454
0.345093,-0.369385,0.921509
-0.538696,0.016602,0.760010
0.392334,-0.176147,1.027100
-0.111450,-0.348511,0.783936
-0.200562,0.196777,0.959717
0.381836,-0.432007,0.929932
-0.538086,-0.008545,0.750610
0.360718,-0.117432,1.027710
-0.056030,-0.356934,0.772949
-0.253784,0.189453,0.923340
0.421387,-0.424194,0.946411
-0.523682,-0.061523,0.749756
0.318359,-0.093628,1.022705
-0.004272,-0.398560,0.777588
-0.300049,0.161865,0.891113
0.449585,-0.387207,0.959473
-0.481812,-0.114502,0.751587
0.260620,-0.072876,1.021240
0.062988,-0.453735,0.786499
-0.374634,0.150269,0.852295
0.453979,-0.337646,0.974243
-0.432495,-0.144043,0.757812
0.193848,-0.027954,1.019653
0.102539,-0.447632,0.794434
-0.414673,0.137573,0.826050
0.475220,-0.315308,0.991699
-0.402588,-0.179565,0.765991
0.102417,0.048584,1.028076
0.176147,-0.484619,0.832397
-0.454224,0.074951,0.789062
0.475098,-0.271484,1.019165
-0.325806,-0.192627,0.771118
0.000854,0.118286,1.011963
0.279419,-0.510498,0.867920
-0.490967,0.027344,0.759521
0.453979,-0.242676,1.022461
-0.247803,-0.220825,0.789917
-0.074951,0.166748,1.024658
0.339600,-0.471069,0.914185
-0.512329,0.013306,0.779541
0.435547,-0.178223,1.050537
-0.137085,-0.294189,0.807007
-0.147095,0.202881,1.010498
0.402954,-0.428345,0.962524
-0.512451,-0.035767,0.770264
0.405029,-0.178955,1.047729
-0.038086,-0.381714,0.817993
-0.202881,0.192627,0.977539
0.426147,-0.350464,0.994141
-0.479980,-0.054688,0.792236
0.357056,-0.119385,1.064331
0.056152,-0.454346,0.825195
-0.254395,0.143677,0.933838
0.452148,-0.330078,1.003906
-0.468262,-0.092407,0.768311
0.292725,-0.072510,1.042969
0.113037,-0.437622,0.862305
-0.309814,0.142578,0.928101
0.484497,-0.304443,1.022583
-0.430908,-0.097534,0.784912
0.235718,-0.025513,1.045532
0.138062,-0.439819,0.871338
-0.333130,0.095093,0.898682
0.518921,-0.280029,1.062988
-0.413818,-0.123535,0.784790
0.162231,0.045898,1.054810
0.222900,-0.484741,0.876953
-0.387817,0.082886,0.872681
0.526489,-0.273193,1.072510
-0.354004,-0.172607,0.789429
0.109375,0.075073,1.046753
0.255493,-0.468750,0.903198
-0.410034,0.038574,0.838013
0.541748,-0.262939,1.081909
-0.281250,-0.197754,0.822754
0.037354,0.157959,1.055786
0.315308,-0.455811,0.931519
-0.450562,0.019531,0.820190
0.529541,-0.229858,1.120972
-0.201172,-0.261841,0.832764
-0.022827,0.222168,1.079956
0.359497,-0.408081,0.965088
-0.484497,0.037476,0.819946
0.521118,-0.232788,1.124146
-0.125610,-0.304199,0.864624
-0.054199,0.201538,1.070801
0.383179,-0.375854,0.997192
-0.471313,0.014648,0.825928
0.498291,-0.196655,1.130249
-0.052124,-0.339600,0.875488
-0.096191,0.215454,1.076294
0.404907,-0.356445,0.998413
-0.453369,-0.023193,0.809692
0.474854,-0.166260,1.133179
0.000732,-0.373779,0.880005
-0.115845,0.210327,1.071289
0.437134,-0.341187,1.024414
-0.453003,-0.034180,0.812134
0.438843,-0.150635,1.111206
0.030396,-0.377319,0.885742
-0.136475,0.182495,1.044067
0.480225,-0.311768,1.062744
-0.443970,-0.045532,0.813232
0.417358,-0.100220,1.136353
0.063843,-0.416870,0.878540
-0.189331,0.171997,1.036255
0.514526,-0.309326,1.097046
-0.430420,-0.069702,0.804932
0.385010,-0.046387,1.148682
0.072754,-0.377930,0.905029
-0.234009,0.196411,1.038696
0.542114,-0.317505,1.097046
-0.416138,-0.124512,0.808228
0.341797,-0.022217,1.147949
0.124268,-0.395874,0.916626
-0.288940,0.210938,1.011841
0.573608,-0.296021,1.123779
-0.369141,-0.140137,0.824341
0.274536,0.037720,1.136597
0.177734,-0.404297,0.947632
-0.295410,0.126831,0.958252
0.570557,-0.242554,1.146362
-0.354492,-0.171631,0.809692
0.246826,0.050659,1.127441
0.237427,-0.434448,0.941650
-0.325806,0.123413,0.953613
0.567017,-0.226440,1.145264
-0.313354,-0.180298,0.833130
0.178589,0.101196,1.121338
0.279785,-0.473511,0.958740
-0.367188,0.072144,0.920776
0.575439,-0.244507,1.140381
-0.301392,-0.183594,0.832764
0.133789,0.135376,1.118530
0.328369,-0.426758,0.988647
-0.402344,0.091431,0.898193
0.568115,-0.206299,1.159790
-0.257568,-0.242798,0.828125
0.088501,0.172363,1.120483
0.334106,-0.425293,0.964966
-0.399048,0.086182,0.917236
0.579590,-0.208374,1.170654
-0.219360,-0.244751,0.849731
0.024048,0.185791,1.083618
0.355591,-0.403687,0.983398
-0.388062,0.030029,0.900635
0.579346,-0.198730,1.170654
-0.216797,-0.235229,0.844971
0.004761,0.200439,1.093384
0.389893,-0.384766,1.006836
-0.411865,0.011963,0.872803
0.561401,-0.177368,1.175171
-0.158447,-0.247437,0.867188
-0.019897,0.204712,1.089844
0.386719,-0.377563,0.997681
-0.413940,-0.006470,0.861450
0.550171,-0.161377,1.185181
-0.109375,-0.294556,0.855835
-0.052490,0.199707,1.084595
0.403442,-0.367920,1.008545
-0.423828,-0.024170,0.856689
0.518188,-0.146362,1.169312
-0.088013,-0.319824,0.852417
-0.072754,0.191528,1.063232
0.425049,-0.341553,1.026367
-0.459839,-0.029419,0.829590
0.505981,-0.149780,1.168335
-0.070312,-0.338623,0.843750
-0.123901,0.203857,1.056030
0.435913,-0.320312,1.033813
-0.451660,-0.058716,0.820435
0.491211,-0.152222,1.161621
-0.072510,-0.332642,0.850220
-0.173096,0.225708,1.051147
0.463379,-0.326416,1.038330
-0.467407,-0.054443,0.807983
0.436035,-0.114746,1.156860
-0.036255,-0.333008,0.854736
-0.215332,0.199585,1.013916
0.479736,-0.311401,1.059204
-0.464355,-0.073975,0.790405
0.394409,-0.082397,1.145996
-0.020752,-0.338257,0.859253
-0.266235,0.190308,1.003174
0.492310,-0.324585,1.063354
-0.451050,-0.102417,0.786011
0.343750,-0.048584,1.141479
0.020874,-0.350342,0.866089
-0.317627,0.183838,0.963745
0.506836,-0.310913,1.067749
-0.439331,-0.124756,0.772705
0.278076,-0.024780,1.116577
0.076172,-0.373169,0.876221
-0.367920,0.159912,0.923706
0.514526,-0.281372,1.072998
-0.402832,-0.167725,0.771606
0.204468,0.027588,1.103760
0.133423,-0.396362,0.887817
-0.410522,0.115967,0.886719
0.510986,-0.249146,1.095459
-0.389648,-0.168945,0.772583
0.139648,0.060791,1.079224
0.188354,-0.409302,0.899536
-0.473145,0.119507,0.864014
0.500366,-0.210571,1.085815
-0.346069,-0.208984,0.764526
0.063110,0.117798,1.067749
0.234375,-0.408936,0.895142
-0.493774,0.083984,0.839722
0.495117,-0.229126,1.071655
-0.252808,-0.271362,0.774658
-0.010620,0.136963,1.046265
0.263550,-0.389893,0.907593
-0.506714,0.040405,0.810669
0.468750,-0.204956,1.084595
-0.213623,-0.325439,0.755127
-0.072632,0.139771,1.017334
0.298584,-0.398682,0.904053
-0.529053,0.023193,0.777100
0.471680,-0.197754,1.079346
-0.184326,-0.318115,0.751221
-0.151611,0.168945,0.999634
0.327148,-0.371582,0.927002
-0.534790,-0.005127,0.782349
0.427368,-0.183838,1.089844
-0.175049,-0.354614,0.739868
-0.226807,0.170776,0.966187
0.372681,-0.359009,0.957031
-0.555298,-0.007080,0.767944
0.389404,-0.142822,1.084473
-0.135376,-0.353638,0.763306
-0.294189,0.179565,0.928589
0.403198,-0.347412,0.975220
-0.549072,-0.028931,0.762939
0.326782,-0.101929,1.071045
-0.105225,-0.346802,0.787231
-0.348267,0.179688,0.915161
0.421997,-0.349365,0.983398
-0.534180,-0.073730,0.726074
0.261353,-0.064087,1.054443
-0.028198,-0.342407,0.810303
-0.436890,0.205933,0.887085
0.432129,-0.302246,1.003784
-0.486084,-0.160400,0.721191
0.153320,0.016602,1.042847
0.050659,-0.419678,0.814941
-0.504761,0.165405,0.850586
0.440186,-0.277466,1.009399
-0.454468,-0.168457,0.719604
0.065063,0.090942,1.027588
0.123657,-0.402222,0.834961
-0.546753,0.122314,0.818359
0.445801,-0.265137,1.023193
-0.366699,-0.218750,0.731323
-0.015747,0.122681,1.008179
0.196411,-0.406128,0.851685
-0.571533,0.096558,0.789307
0.438232,-0.225342,1.031982
-0.289429,-0.305176,0.718994
-0.095215,0.142944,0.987183
0.241333,-0.382568,0.869995
-0.595581,0.078003,0.762695
0.434082,-0.221191,1.027954
-0.241699,-0.322632,0.711914
-0.173340,0.170410,0.959229
0.297607,-0.384644,0.891357
-0.597534,0.072510,0.761719
0.384155,-0.180542,1.031616
-0.200439,-0.363159,0.701416
-0.218872,0.172974,0.953125
0.340576,-0.381470,0.910645
-0.600830,0.037964,0.747314
0.339600,-0.119385,1.032471
-0.157104,-0.369263,0.728882
-0.308838,0.167603,0.902588
0.374390,-0.368896,0.924194
-0.580444,-0.023438,0.713379
0.294312,-0.076294,1.030273
-0.118896,-0.332520,0.735718
-0.381836,0.207153,0.878418
0.397583,-0.341553,0.946655
-0.556396,-0.064209,0.707275
0.223999,-0.040527,1.014282
-0.051514,-0.390869,0.758423
-0.466064,0.215332,0.854126
0.408691,-0.291626,0.958008
-0.525146,-0.080566,0.707520
0.137329,0.012085,0.996582
0.047241,-0.412842,0.791016
-0.520996,0.210938,0.835449
0.413818,-0.244385,0.974487
-0.437866,-0.129272,0.736206
0.044556,0.089111,1.012329
0.118408,-0.441162,0.811768
-0.565918,0.157837,0.805908
0.430420,-0.214233,0.996460
-0.348145,-0.170044,0.734985
-0.052246,0.180176,0.995361
0.213379,-0.390869,0.862183
-0.592896,0.105469,0.775513
0.397217,-0.177246,1.000977
-0.246216,-0.295044,0.709595
-0.105103,0.201782,0.982910
0.266602,-0.363281,0.874756
-0.615234,0.102661,0.759277
0.393066,-0.189209,1.009399
-0.175659,-0.342529,0.718262
-0.199951,0.206543,0.941895
0.317627,-0.327881,0.899780
-0.600464,0.076782,0.740601
0.376465,-0.140137,1.027466
-0.115967,-0.378784,0.735840
-0.299683,0.198242,0.890015
0.359009,-0.326416,0.906616
-0.580322,0.052979,0.729614
0.312256,-0.080078,1.021729
-0.062500,-0.407349,0.736328
-0.364746,0.206665,0.869507
0.389648,-0.304077,0.932739
-0.548950,-0.000854,0.723755
0.218750,-0.016113,0.992310
-0.009399,-0.427490,0.751587
-0.426147,0.200928,0.848999
0.416260,-0.270020,0.956421
-0.508667,-0.073730,0.718018
0.138794,0.037964,1.003906
0.046509,-0.423218,0.780518
-0.490845,0.179932,0.832031
0.441162,-0.233887,0.973511
-0.447021,-0.089355,0.732056
0.074341,0.134399,1.020264
0.125977,-0.408325,0.821899
-0.550781,0.145142,0.797729
0.442749,-0.217407,1.000366
-0.353760,-0.147339,0.741821
-0.018311,0.213867,1.001221
0.196167,-0.387451,0.846802
-0.581299,0.117676,0.775146
0.433716,-0.206787,1.007690
-0.271240,-0.237915,0.730591
-0.093262,0.220825,0.979370
0.261719,-0.363403,0.865112
-0.594849,0.099121,0.766357
0.434448,-0.194824,1.019287
-0.189453,-0.278320,0.748901
-0.153931,0.222778,0.952759
0.319824,-0.355957,0.891357
-0.601685,0.084351,0.757202
0.411011,-0.150024,1.027100
-0.102051,-0.343506,0.759399
-0.230469,0.208130,0.911865
0.356689,-0.332397,0.907715
-0.585571,0.050293,0.747803
0.353027,-0.116943,1.011353
-0.040405,-0.428101,0.739868
-0.290161,0.215088,0.887451
0.392822,-0.312622,0.927734
-0.562378,0.023926,0.734863
0.270020,-0.052246,0.996582
0.009155,-0.453003,0.741821
-0.341553,0.151978,0.849487
0.421997,-0.256226,0.957520
-0.530029,-0.000122,0.746216
0.189941,-0.002930,0.982544
0.061035,-0.437500,0.785889
-0.429932,0.139893,0.807983
0.450073,-0.254761,0.986450
-0.482178,-0.052124,0.741699
0.111328,0.084839,1.005493
0.096558,-0.433105,0.798340
-0.479370,0.108887,0.793213
0.472168,-0.253296,1.001465
-0.406738,-0.084473,0.765015
0.016357,0.179688,1.012817
0.157349,-0.419556,0.804443
-0.529175,0.104126,0.782837
0.477173,-0.278320,1.000122
-0.320801,-0.183228,0.764893
-0.041626,0.203369,1.015747
0.220703,-0.384399,0.847656
-0.563843,0.100830,0.747803
0.480103,-0.260986,1.014893
-0.253906,-0.235352,0.782104
-0.112793,0.204956,0.989746
0.283447,-0.413086,0.878052
-0.575928,0.076538,0.747681
0.429932,-0.196289,1.022827
-0.134888,-0.287231,0.798096
-0.163086,0.196045,0.963867
0.304932,-0.375122,0.884155
-0.569336,0.042114,0.752930
0.403564,-0.197754,1.021851
-0.078125,-0.354980,0.795044
-0.209106,0.209839,0.945557
0.355347,-0.338257,0.935669
-0.550415,0.014038,0.753296
0.349365,-0.187012,0.987671
-0.013428,-0.418335,0.798828
-0.240479,0.174316,0.916870
0.392334,-0.315674,0.943359
-0.539429,-0.015869,0.736694
0.302124,-0.093018,1.000732
0.018555,-0.445923,0.772339
-0.285645,0.131958,0.875854
0.432251,-0.342651,0.965698
-0.537231,-0.041016,0.742188
0.255493,-0.086182,0.986328
0.068970,-0.479858,0.784058
-0.367920,0.143188,0.853394
0.459839,-0.333496,0.985840
-0.485229,-0.111694,0.741211
0.178955,-0.009521,0.996216
0.082275,-0.459351,0.775513
-0.372681,0.114380,0.840698
0.475708,-0.323120,0.987427
-0.468262,-0.114014,0.749390
0.128296,0.015381,0.990845
0.135376,-0.487549,0.798584
-0.412598,0.101196,0.814697
0.483032,-0.278564,1.010254
-0.411377,-0.131592,0.762573
0.054199,0.065063,0.997681
0.184692,-0.511597,0.812866
-0.448975,0.032227,0.779175
0.494385,-0.250366,1.045288
-0.369019,-0.155518,0.758667
-0.002319,0.120850,0.997070
0.255981,-0.512695,0.845825
-0.477783,0.022949,0.765869
0.467407,-0.248169,1.033813
-0.276489,-0.234131,0.776855
-0.052612,0.158325,1.017090
0.301270,-0.463379,0.889160
-0.517700,0.034424,0.763428
0.450928,-0.223999,1.040161
-0.177734,-0.273315,0.799561
-0.109741,0.202759,1.018921
0.346558,-0.420044,0.925781
-0.514404,0.000732,0.780273
0.431641,-0.204468,1.051147
-0.094116,-0.348877,0.807861
-0.156738,0.193604,0.999634
0.396973,-0.376221,0.967285
-0.514160,-0.009155,0.769531
0.391357,-0.163452,1.054810
-0.000366,-0.427124,0.817993
-0.208618,0.175903,0.983643
0.431763,-0.371704,0.981567
-0.507568,-0.044678,0.750610
0.336548,-0.112915,1.049561
0.075562,-0.479370,0.819092
-0.242188,0.146118,0.951050
0.441284,-0.318115,0.997925
-0.462280,-0.078247,0.770630
0.309326,-0.097046,1.042725
0.100342,-0.468384,0.857300
-0.292480,0.107910,0.922485
0.484497,-0.289429,1.046875
-0.433838,-0.095459,0.775269
0.251831,-0.015503,1.053955
0.134155,-0.424561,0.876099
-0.322388,0.122437,0.923828
0.508301,-0.297607,1.062256
-0.410645,-0.127563,0.775146
0.193848,0.023682,1.056274
0.183960,-0.460205,0.886230
-0.359131,0.080566,0.889404
0.532227,-0.270874,1.093384
-0.371948,-0.145142,0.802490
0.139038,0.065796,1.060059
0.230225,-0.490601,0.894653
-0.382324,0.021851,0.864136
0.554810,-0.262573,1.112305
-0.345459,-0.158081,0.797607
0.104736,0.130737,1.077393
0.289795,-0.486938,0.917358
-0.418335,0.045532,0.853027
0.542969,-0.262329,1.112305
-0.281250,-0.231323,0.801514
0.073853,0.166870,1.090698
0.329102,-0.462036,0.938354
-0.444580,0.065308,0.844238
0.534668,-0.251587,1.114136
-0.223633,-0.276611,0.828613
0.027466,0.183228,1.088745
0.350708,-0.432251,0.959961
-0.440430,0.050903,0.834961
0.526001,-0.227417,1.112061
-0.184570,-0.272461,0.847046
-0.005371,0.167969,1.073242
0.375244,-0.421997,0.985840
-0.441406,0.026489,0.843262
0.527588,-0.181396,1.142090
-0.163452,-0.250977,0.856201
-0.030884,0.199707,1.079590
0.413452,-0.416504,1.005371
-0.450317,0.025269,0.836792
0.507568,-0.130127,1.152954
-0.108521,-0.260254,0.875366
-0.046753,0.219727,1.098511
0.438110,-0.408936,1.027710
-0.446777,-0.013184,0.847412
0.487305,-0.114014,1.152344
-0.023315,-0.301636,0.899902
-0.088867,0.244385,1.098267
0.456177,-0.373657,1.043213
-0.441162,-0.062744,0.817993
0.475464,-0.107178,1.152832
0.019531,-0.322510,0.905029
-0.133179,0.223755,1.066650
0.467529,-0.322388,1.065674
-0.429565,-0.083374,0.828857
0.448242,-0.100220,1.172852
0.040283,-0.370728,0.888062
-0.157227,0.200073,1.067749
0.498779,-0.294922,1.074707
-0.441406,-0.029907,0.822876
0.421875,-0.082031,1.166016
0.080811,-0.415039,0.919189
-0.237793,0.184692,1.040161
0.518799,-0.293945,1.107544
-0.412842,-0.078979,0.815186
0.381104,-0.013550,1.161621
0.131592,-0.356812,0.936157
-0.281250,0.214966,1.030762
0.531372,-0.281738,1.119629
-0.375000,-0.188721,0.816528
0.338013,-0.017944,1.174805
0.168701,-0.369995,0.941528
-0.330078,0.221313,0.975708
0.570435,-0.267334,1.124512
-0.342163,-0.187988,0.817383
0.256958,0.004028,1.128418
0.206421,-0.406494,0.949951
-0.341553,0.133423,0.933472
0.575562,-0.245117,1.133301
-0.325439,-0.196289,0.830322
0.182617,0.058472,1.124146
0.271484,-0.433228,0.956055
-0.377197,0.128906,0.920532
0.564331,-0.195312,1.152710
-0.270142,-0.218506,0.841187
0.108398,0.101807,1.108887
0.307007,-0.433716,0.971680
-0.405762,0.074219,0.899780
0.565796,-0.190430,1.156250
-0.233887,-0.216553,0.841919
0.044189,0.163574,1.089355
0.353516,-0.398071,0.992920
-0.413940,0.029175,0.871582
0.540649,-0.160034,1.160400
-0.202515,-0.230957,0.838013
0.002563,0.181152,1.093262
0.375122,-0.396362,0.995483
-0.445923,0.004395,0.850952
0.535400,-0.166260,1.157104
-0.093872,-0.300415,0.854736
-0.066406,0.210205,1.083496
0.392578,-0.360107,0.994141
-0.458618,-0.017334,0.827515
0.512573,-0.181274,1.161133
-0.080200,-0.332886,0.861694
-0.111816,0.199097,1.068726
0.403564,-0.339844,0.990601
-0.477173,-0.028809,0.804932
0.499878,-0.186768,1.160400
-0.050781,-0.354614,0.854980
-0.181885,0.226929,1.037842
0.429688,-0.323364,1.011719
-0.478882,-0.048340,0.798340
0.452759,-0.151978,1.159424
-0.036621,-0.381836,0.845947
-0.231812,0.207886,1.013672
0.465576,-0.315552,1.034912
-0.492310,-0.034790,0.784790
0.377808,-0.116699,1.124146
0.006226,-0.369385,0.865845
-0.276367,0.182373,0.977295
0.463623,-0.292480,1.049805
-0.480957,-0.041992,0.777832
0.333496,-0.065430,1.119629
0.047485,-0.384033,0.869263
-0.333862,0.167480,0.963379
0.464966,-0.281738,1.059204
-0.440796,-0.114746,0.757690
0.253662,0.027344,1.115845
0.080078,-0.401978,0.871948
-0.375366,0.137573,0.928589
0.475098,-0.275024,1.048950
-0.431885,-0.154663,0.749390
0.203003,0.034912,1.095459
0.128784,-0.395630,0.879028
-0.419189,0.136475,0.896851
0.491943,-0.253174,1.070068
-0.420898,-0.165894,0.751587
0.126343,0.092651,1.071045
0.163574,-0.417358,0.873291
-0.466431,0.119385,0.867554
0.503418,-0.264893,1.074585
-0.383911,-0.216431,0.743774
0.059082,0.132324,1.054077
0.175171,-0.400513,0.873901
-0.480225,0.075073,0.829956
0.503784,-0.270142,1.074097
-0.338501,-0.209839,0.775879
0.005981,0.145020,1.043701
0.212158,-0.395996,0.874634
-0.526245,0.069092,0.818115
0.492798,-0.258911,1.066650
-0.291138,-0.276367,0.737915
-0.034180,0.141846,1.027954
0.249146,-0.389893,0.887207
-0.547852,0.048584,0.787231
0.470947,-0.237671,1.064697
-0.238892,-0.337646,0.731201
-0.091431,0.165161,1.005127
0.270142,-0.360596,0.892700
-0.565308,0.041870,0.765869
0.452637,-0.253662,1.043579
-0.215210,-0.362305,0.723877
-0.138794,0.148560,0.981323
0.283325,-0.353638,0.890503
-0.573242,0.035767,0.753662
0.431152,-0.219116,1.058472
-0.190063,-0.391846,0.721802
-0.215332,0.161865,0.965088
0.324707,-0.368896,0.906372
-0.581787,0.032104,0.743408
0.385864,-0.154663,1.059570
-0.163086,-0.359497,0.747070
-0.280396,0.174805,0.930420
0.367798,-0.393066,0.925293
-0.584351,0.010986,0.740723
0.333740,-0.121216,1.043091
-0.119385,-0.351318,0.753296
-0.326904,0.175781,0.901855
0.370483,-0.342163,0.940674
-0.574951,-0.037476,0.711182
0.286133,-0.090210,1.040649
-0.086914,-0.392456,0.754150
-0.387451,0.191528,0.890015
0.390259,-0.350586,0.943848
-0.559082,-0.049927,0.708862
0.218140,-0.045532,1.029175
-0.035156,-0.402100,0.777588
-0.462158,0.232300,0.876953
0.418823,-0.307251,0.966431
-0.536011,-0.059937,0.719604
0.158569,0.010132,1.018433
0.026733,-0.425171,0.792847
-0.508423,0.200684,0.847900
0.459595,-0.231934,1.043701
-0.484009,-0.136597,0.720825
-0.012695,0.117432,1.035156
0.223999,-0.424683,0.867188
-0.546021,0.109741,0.802368
0.453003,-0.217041,1.036743
-0.254883,-0.293457,0.763672
-0.107178,0.128784,0.993286
0.277466,-0.441406,0.888306
-0.571777,0.039551,0.761963
0.423950,-0.184814,1.046875
-0.233276,-0.302368,0.712402
-0.178101,0.173218,0.977417
0.335205,-0.404297,0.906250
-0.587280,0.043457,0.765869
0.392700,-0.185181,1.028931
-0.197510,-0.329590,0.720825
-0.241821,0.163818,0.950928
0.344849,-0.364380,0.932495
-0.577515,-0.016724,0.729370
0.361084,-0.126343,1.057007
-0.156860,-0.371826,0.723633
-0.307251,0.186768,0.921021
0.368530,-0.343994,0.940430
-0.579102,-0.028687,0.719360
0.314819,-0.101929,1.041870
-0.118896,-0.379883,0.741089
-0.366943,0.182129,0.887085
0.393066,-0.334473,0.955200
-0.572632,-0.029419,0.711792
0.234253,-0.059082,1.032227
-0.049561,-0.414795,0.760498
-0.427490,0.200684,0.880371
0.402222,-0.290649,0.965942
-0.547607,-0.049194,0.707031
0.160156,-0.004028,1.017456
0.007324,-0.423706,0.786621
-0.487061,0.206177,0.863159
0.410278,-0.277100,0.964722
-0.513672,-0.095215,0.712402
0.093140,0.072144,1.015259
0.081909,-0.419556,0.812744
-0.552246,0.201416,0.835815
0.416382,-0.246704,0.986938
-0.419556,-0.176147,0.734985
0.022461,0.101562,1.008423
0.140503,-0.412720,0.828125
-0.579712,0.178589,0.800415
0.426270,-0.201294,1.004883
-0.311523,-0.207886,0.743530
-0.060791,0.135620,0.981079
0.215454,-0.420776,0.853638
-0.595459,0.101440,0.765991
0.418091,-0.167847,1.024658
-0.251343,-0.290771,0.707397
-0.159302,0.206909,0.969971
0.298218,-0.380615,0.889404
-0.612793,0.079834,0.753296
0.385864,-0.188843,1.006104
-0.170654,-0.364746,0.712646
-0.251953,0.222046,0.933716
0.346924,-0.356934,0.904053
-0.601196,0.070679,0.746826
0.338745,-0.116943,1.018799
-0.103271,-0.402100,0.730957
-0.318848,0.200317,0.886963
0.365356,-0.327881,0.910645
-0.571167,0.021606,0.716064
0.272827,-0.062988,1.005737
-0.053833,-0.407959,0.739502
-0.393311,0.213745,0.872925
0.413818,-0.300049,0.951660
-0.538086,-0.007812,0.721069
0.167847,0.017944,0.989746
0.027466,-0.427979,0.780640
-0.464478,0.204956,0.839111
0.418091,-0.255127,0.962646
-0.483398,-0.051880,0.733276
0.101196,0.100220,1.016479
0.077515,-0.413574,0.801270
-0.523804,0.174316,0.816284
0.444458,-0.238403,0.989502
-0.414185,-0.093750,0.752563
0.020630,0.172119,1.011841
0.144897,-0.396606,0.823975
-0.557861,0.140137,0.791992
0.456909,-0.216431,1.014771
-0.334961,-0.155396,0.762451
-0.048096,0.210327,0.996216
0.217529,-0.387085,0.855347
-0.598022,0.146118,0.778198
0.464600,-0.210327,1.021484
-0.239502,-0.234619,0.767822
-0.117065,0.226929,0.978149
0.259644,-0.377075,0.861816
-0.589111,0.102051,0.751099
0.441040,-0.169067,1.031250
-0.170532,-0.285767,0.762573
-0.168945,0.235962,0.945068
0.311646,-0.367188,0.883911
-0.600220,0.088501,0.750244
0.420410,-0.161499,1.029541
-0.114380,-0.337280,0.757446
-0.217285,0.211670,0.928467
0.349365,-0.360962,0.902466
-0.574829,0.063721,0.755859
0.365723,-0.103027,1.021240
-0.065063,-0.372559,0.746216
-0.265259,0.201172,0.896973
0.376465,-0.337769,0.922119
-0.561157,0.024048,0.735107
0.320557,-0.079590,1.004028
-0.011475,-0.427490,0.747681
-0.339355,0.200439,0.860962
0.408691,-0.317871,0.926147
-0.523682,-0.018555,0.739014
0.228638,-0.024658,0.988037
0.043335,-0.433838,0.764893
-0.382690,0.136475,0.822144
0.424927,-0.267212,0.965332
-0.498413,-0.064819,0.736328
0.158691,0.040405,1.002563
0.086060,-0.447388,0.775024
-0.443970,0.140991,0.812378
0.448120,-0.275635,0.975098
-0.446655,-0.126831,0.736694
0.062012,0.108398,0.999878
0.147461,-0.437012,0.813721
-0.516724,0.109741,0.779419
0.463013,-0.242798,1.017212
-0.353516,-0.202026,0.735962
-0.030884,0.191162,1.008423
0.220459,-0.425293,0.842651
-0.553955,0.088379,0.765747
0.463745,-0.260498,1.014893
-0.245605,-0.236206,0.786621
-0.099976,0.204468,0.983521
0.275146,-0.378906,0.876465
-0.560547,0.066895,0.745483
0.447876,-0.227661,1.015991
-0.150879,-0.292236,0.800537
-0.157104,0.179810,0.964600
0.319580,-0.380249,0.902100
-0.560059,0.064941,0.755493
0.396484,-0.184814,1.008179
-0.059692,-0.367310,0.800903
-0.202759,0.167236,0.942993
0.366699,-0.360352,0.934937
-0.557861,0.033203,0.748657
0.351196,-0.143311,1.001099
0.003784,-0.408813,0.807739
-0.264160,0.155396,0.911865
0.401855,-0.355225,0.937134
-0.538208,-0.019409,0.735474
0.291504,-0.068604,1.000122
0.045898,-0.436768,0.803833
-0.298340,0.123169,0.895020
0.422607,-0.333496,0.971436
-0.501953,-0.060425,0.748291
0.240723,-0.006470,1.024658
0.082397,-0.450684,0.804810
-0.363403,0.113281,0.866333
0.454712,-0.336548,0.981689
-0.460815,-0.107178,0.753906
0.185791,0.016113,1.017700
0.100952,-0.449097,0.801147
-0.389771,0.101074,0.848633
0.474731,-0.323120,1.003540
-0.435913,-0.137817,0.749634
0.135132,0.068970,1.023804
0.136475,-0.431274,0.828735
-0.417236,0.089722,0.840698
0.495483,-0.317261,1.020752
-0.406494,-0.162964,0.746826
0.093384,0.114868,1.037476
0.184814,-0.428589,0.855469
-0.440430,0.059692,0.816650
0.500366,-0.321411,1.031006
-0.375854,-0.208252,0.751587
0.055542,0.138062,1.041870
0.243042,-0.454346,0.866455
-0.458374,0.045532,0.800659
0.504517,-0.307373,1.039795
-0.333252,-0.246094,0.762207
0.038696,0.127075,1.045898
0.274414,-0.465698,0.875854
-0.472778,0.051270,0.792114
0.507324,-0.277100,1.056519
-0.291626,-0.242920,0.785156
0.002930,0.121826,1.032227
0.314697,-0.468872,0.914307
-0.472900,0.054932,0.795776
0.483765,-0.220947,1.069580
-0.244019,-0.250854,0.801636
-0.030273,0.145630,1.033325
0.341309,-0.471680,0.926392
-0.479248,0.030762,0.794556
0.488525,-0.183472,1.083618
-0.179932,-0.243530,0.837646
-0.072388,0.197266,1.041260
0.370361,-0.454834,0.947266
-0.479980,-0.011475,0.796509
0.480103,-0.175049,1.104492
-0.130615,-0.257080,0.841187
-0.110596,0.240845,1.055908
0.418701,-0.446899,0.971191
-0.477295,-0.033691,0.797485
0.449585,-0.148926,1.105835
-0.066284,-0.308350,0.847168
-0.110962,0.206177,1.057251
0.441284,-0.385742,1.009888
-0.480103,-0.024292,0.800537
0.445801,-0.138672,1.113037
0.030273,-0.379395,0.872192
-0.185791,0.224243,1.039307
0.482544,-0.352539,1.046265
-0.453857,-0.063599,0.796997
0.394531,-0.093994,1.113403
0.082153,-0.398560,0.879517
-0.213379,0.212158,1.031982
0.500610,-0.325195,1.067627
-0.446533,-0.075195,0.797363
0.369141,-0.095093,1.105713
0.115845,-0.406250,0.916382
-0.258911,0.185547,1.000000
0.516846,-0.270752,1.086914
-0.400024,-0.100464,0.811279
0.313354,-0.021118,1.115479
0.164429,-0.413086,0.921753
-0.304688,0.172607,0.980957
0.555298,-0.256836,1.126709
-0.366577,-0.140503,0.810669
0.241943,0.035522,1.112549
0.216064,-0.454102,0.929321
-0.335815,0.118164,0.937744
0.563965,-0.238037,1.144653
-0.320801,-0.164917,0.825684
0.169312,0.110474,1.103638
0.277222,-0.431519,0.960693
-0.367310,0.054199,0.889526
0.574219,-0.224487,1.153320
-0.268188,-0.221191,0.830200
0.124268,0.145752,1.123169
0.308472,-0.403442,0.973145
-0.415771,0.044800,0.874878
0.598877,-0.250244,1.174805
-0.210938,-0.231934,0.864502
0.050415,0.194214,1.108887
0.356201,-0.384033,0.996460
-0.421753,0.048340,0.877930
0.563599,-0.220337,1.169189
-0.161621,-0.269775,0.876465
0.005005,0.193848,1.095459
0.400024,-0.360962,1.019043
-0.444336,0.018677,0.851074
0.540771,-0.173096,1.169434
-0.068115,-0.323242,0.888794
-0.045410,0.203003,1.094116
0.420898,-0.351562,1.025391
-0.451416,-0.000732,0.837036
0.516479,-0.147461,1.170654
-0.011719,-0.361450,0.885864
-0.098877,0.201782,1.090942
0.442749,-0.333496,1.045288
-0.445190,-0.033936,0.840576
0.488770,-0.114502,1.175659
-0.012573,-0.323364,0.879028
-0.158936,0.192139,1.057739
0.479004,-0.330078,1.074463
-0.432861,-0.076050,0.830933
0.440430,-0.067261,1.178223
0.002441,-0.326416,0.881714
-0.209473,0.203613,1.036987
0.505371,-0.302734,1.087524
-0.427246,-0.098267,0.812744
0.400757,-0.055542,1.164429
0.033691,-0.324829,0.893555
-0.269897,0.195435,1.000366
0.529053,-0.294922,1.108398
-0.408813,-0.134766,0.805054
0.337158,-0.003906,1.160522
0.076416,-0.346191,0.891846
-0.325195,0.180176,0.973755
0.538696,-0.303589,1.097168
-0.387939,-0.192505,0.792358
0.277710,0.013184,1.143921
0.132202,-0.370728,0.890747
-0.381104,0.186035,0.928833
0.534668,-0.281494,1.090698
-0.358154,-0.208618,0.791382
0.202393,0.029297,1.116455
0.180298,-0.383057,0.912720
-0.423462,0.162720,0.898682
0.526001,-0.243530,1.092285
-0.334106,-0.230835,0.790161
0.142944,0.045044,1.095337
0.226685,-0.386963,0.926514
-0.458984,0.136230,0.863159
0.526611,-0.218872,1.095825
-0.294678,-0.261719,0.798584
0.036133,0.079956,1.058350
0.269287,-0.399658,0.932983
-0.470581,0.062134,0.826172
0.508179,-0.177246,1.115845
-0.218994,-0.276855,0.795166
-0.048096,0.120361,1.039429
0.313965,-0.424438,0.928345
-0.491333,0.015625,0.812988
0.475586,-0.164185,1.114624
-0.167725,-0.309082,0.784546
-0.133789,0.162109,1.017090
0.356445,-0.384155,0.943359
-0.526733,-0.016357,0.771729
0.445190,-0.166748,1.098389
-0.129150,-0.299072,0.802856
-0.231323,0.179688,0.985962
0.387207,-0.350464,0.976074
-0.539551,-0.071167,0.744385
0.388062,-0.117798,1.111816
-0.093628,-0.337280,0.791138
-0.312012,0.195435,0.958252
0.421509,-0.343262,0.986694
-0.521973,-0.071899,0.740601
0.301025,-0.080444,1.072632
-0.039307,-0.368286,0.800293
-0.383667,0.194824,0.904663
0.439941,-0.328003,1.005371
-0.507202,-0.109863,0.722778
0.219360,-0.027832,1.067627
0.025635,-0.381226,0.821533
-0.456055,0.193970,0.885620
0.441406,-0.277588,1.017578
-0.483154,-0.180786,0.708374
0.106323,0.041748,1.030029
0.113403,-0.410034,0.841919
-0.510620,0.155396,0.853027
0.460327,-0.253174,1.034546
-0.390137,-0.203003,0.747437
0.002563,0.098877,1.017090
0.176880,-0.399292,0.858032
-0.547241,0.113892,0.808594
0.463501,-0.246826,1.035522
-0.287231,-0.293335,0.741333
-0.099731,0.117920,0.975464
0.244751,-0.410889,0.862427
-0.578735,0.076416,0.761597
0.434692,-0.192627,1.045410
-0.215820,-0.325928,0.727783
-0.192261,0.155396,0.968384
0.303833,-0.405884,0.886963
-0.601929,0.065918,0.743652
0.385132,-0.162964,1.027466
-0.161621,-0.350708,0.737061
-0.273438,0.170532,0.928955
0.330200,-0.373779,0.899902
-0.594238,0.020386,0.724487
0.333252,-0.129517,1.017212
-0.124023,-0.350708,0.736084
-0.357666,0.186646,0.892334
0.390869,-0.355347,0.949341
-0.578491,-0.029419,0.699341
0.234619,-0.049438,1.001831
-0.075317,-0.385620,0.757446
-0.419312,0.178711,0.857056
0.415283,-0.292603,0.977783
-0.541260,-0.049072,0.706177
0.142944,0.060059,1.006226
-0.000122,-0.394653,0.779419
-0.485107,0.172729,0.851440
0.420776,-0.281128,0.973022
-0.492432,-0.096802,0.713989
0.078125,0.102295,1.005127
0.070679,-0.397217,0.802979
-0.542969,0.170166,0.828735
0.442139,-0.266602,0.994019
-0.420410,-0.148315,0.727173
0.012329,0.169922,1.015503
0.141113,-0.362549,0.838989
-0.583618,0.151611,0.803223
0.443237,-0.242798,1.008911
-0.334839,-0.215454,0.724365
-0.050659,0.194092,0.989746
0.212158,-0.384766,0.853638
-0.605469,0.130493,0.772461
0.431274,-0.190186,1.025024
-0.242554,-0.307129,0.713623
-0.122559,0.202393,0.966919
0.263794,-0.353271,0.879761
-0.622803,0.133423,0.766479
0.427124,-0.218872,1.013184
-0.179199,-0.335083,0.741699
-0.170410,0.193359,0.935059
0.300537,-0.318604,0.893311
-0.614014,0.107300,0.741821
0.409302,-0.183105,1.002197
-0.134155,-0.349609,0.751465
-0.227783,0.170532,0.899536
0.333618,-0.332275,0.902344
-0.584961,0.096313,0.745850
0.374146,-0.113159,1.011353
-0.108765,-0.349121,0.738281
-0.269897,0.182007,0.889893
0.371338,-0.324341,0.911377
-0.584717,0.066162,0.735474
0.326172,-0.083862,1.004028
-0.053467,-0.414185,0.740967
-0.309082,0.198975,0.872803
0.380981,-0.297363,0.922852
-0.565308,0.022339,0.730469
0.290283,-0.068970,1.001831
-0.032349,-0.407471,0.744873
-0.358276,0.197998,0.855835
0.419189,-0.301636,0.935059
-0.542725,0.033569,0.732788
0.229492,0.002075,0.980957
0.004028,-0.412842,0.743530
-0.377808,0.166260,0.839233
0.424927,-0.279541,0.946411
-0.527222,-0.020020,0.729004
0.190308,0.002930,0.999756
0.033813,-0.429688,0.765381
-0.422485,0.160522,0.823975
0.446655,-0.269897,0.959961
-0.492676,-0.032593,0.754150
0.140869,0.035522,1.007080
0.069092,-0.447021,0.769897
-0.463867,0.165283,0.809082
0.454712,-0.255615,0.968872
-0.457275,-0.057251,0.759155
0.091187,0.063721,1.002563
0.123657,-0.467285,0.790894
-0.496338,0.154297,0.801880
0.456665,-0.212402,0.991943
-0.399414,-0.103760,0.762573
0.028198,0.108032,1.003662
0.177490,-0.497925,0.816040
-0.545044,0.112549,0.769897
0.450439,-0.193359,1.009521
-0.318481,-0.145142,0.775391
-0.039795,0.182983,1.005005
0.251831,-0.460083,0.872681
-0.562378,0.063232,0.753296
0.437622,-0.200439,1.005249
-0.228394,-0.214966,0.774902
-0.126465,0.228760,0.993164
0.309326,-0.423462,0.896240
-0.551758,0.034790,0.754517
0.420532,-0.182739,1.027710
-0.145264,-0.268188,0.784668
-0.175293,0.223511,0.965454
0.344971,-0.387817,0.918213
-0.542847,-0.011353,0.760864
0.390381,-0.157837,1.032349
-0.072510,-0.343994,0.782471
-0.230225,0.223633,0.944702
0.373169,-0.370239,0.925781
-0.515259,-0.030762,0.758667
0.344238,-0.144653,1.018066
-0.004639,-0.432617,0.774048
-0.289307,0.180786,0.899536
0.421387,-0.362061,0.956177
-0.509277,-0.087524,0.736084
0.266602,-0.084106,1.009766
0.062744,-0.452637,0.785034
-0.340454,0.155396,0.872925
0.456421,-0.334351,0.974976
-0.482056,-0.124878,0.739258
0.185059,-0.029785,1.000244
0.106323,-0.461060,0.796631
-0.387451,0.118652,0.838379
0.470947,-0.317139,0.992188
-0.432495,-0.151855,0.757690
0.104248,0.032593,1.008179
0.172974,-0.479980,0.825195
-0.451904,0.078857,0.799072
0.480591,-0.260864,1.021729
-0.343994,-0.189087,0.761597
0.015869,0.119507,1.015991
0.268921,-0.521118,0.869141
-0.499512,0.025146,0.757080
0.485474,-0.243164,1.055176
-0.262329,-0.242676,0.785400
-0.057129,0.186646,1.037842
0.318481,-0.473633,0.902954
-0.523438,0.019653,0.765869
0.466797,-0.234253,1.067871
-0.148926,-0.273804,0.834473
-0.121216,0.200562,1.015015
0.362061,-0.417603,0.945557
-0.513794,0.016113,0.777954
0.433716,-0.184570,1.068359
-0.055542,-0.350098,0.841309
-0.152100,0.194214,1.013916
0.402588,-0.376099,0.977905
-0.501709,0.001099,0.779175
0.395630,-0.144531,1.059937
0.036011,-0.419922,0.839478
-0.189453,0.168213,1.004517
0.438965,-0.345825,1.005981
-0.474609,-0.036499,0.765259
0.362549,-0.083008,1.083252
0.075684,-0.411011,0.877686
-0.244385,0.171509,0.997925
0.482178,-0.351807,1.032715
-0.436401,-0.092773,0.786255
0.314941,-0.027466,1.095093
0.093018,-0.400024,0.871216
-0.275024,0.170776,0.995850
0.511475,-0.355713,1.056885
-0.419922,-0.127808,0.795776
0.287842,0.018066,1.100464
0.134888,-0.385376,0.897217
-0.318726,0.185913,0.979004
0.532471,-0.308960,1.090210
-0.373413,-0.179565,0.807251
0.243042,0.030273,1.104858
0.182739,-0.413086,0.909058
-0.345337,0.126587,0.928223
0.563232,-0.280396,1.117188
-0.342773,-0.182007,0.810425
0.198486,0.068115,1.102417
0.245850,-0.429443,0.924683
-0.368774,0.108643,0.895996
0.558838,-0.253052,1.112915
-0.295776,-0.205078,0.819580
0.145264,0.097900,1.101440
0.304810,-0.443726,0.959961
-0.408936,0.084473,0.870239
0.547363,-0.215576,1.127075
-0.246704,-0.231567,0.846069
0.097778,0.106201,1.101807
0.353394,-0.433960,0.995117
-0.430054,0.099854,0.865112
0.543091,-0.177979,1.135376
-0.183594,-0.209595,0.874146
0.031982,0.177856,1.103027
0.402466,-0.438232,1.009033
-0.423584,0.045288,0.865479
0.521851,-0.119507,1.164551
-0.132812,-0.259644,0.874268
-0.027832,0.206299,1.103149
0.439941,-0.388306,1.035645
-0.429443,-0.000122,0.849731
0.516479,-0.116577,1.174194
-0.034424,-0.325684,0.888916
-0.093506,0.208130,1.083618
0.461426,-0.345337,1.059448
-0.433716,-0.046387,0.841797
0.486450,-0.110596,1.181763
0.008179,-0.347900,0.881226
-0.143921,0.219482,1.062500
0.478394,-0.310303,1.067627
-0.436890,-0.061401,0.831665
0.453247,-0.092529,1.183228
0.026855,-0.365845,0.896118
-0.195557,0.201660,1.036743
0.497681,-0.275391,1.097168
-0.421509,-0.096069,0.799438
0.412354,-0.040283,1.178101
0.067993,-0.359253,0.910522
-0.273193,0.223022,1.029907
0.538208,-0.305908,1.107422
-0.396729,-0.118896,0.812378
0.336914,0.026001,1.167114
0.101807,-0.348389,0.923096
-0.319458,0.165894,0.975098
0.556152,-0.282959,1.128174
-0.370850,-0.169312,0.808716
0.273682,0.054443,1.162476
0.146484,-0.381958,0.911133
-0.369995,0.134644,0.924683
0.563599,-0.290161,1.111816
-0.337891,-0.197876,0.804077
0.200562,0.089966,1.140869
0.197876,-0.357788,0.918335
-0.416016,0.124268,0.888794
0.559326,-0.278687,1.111816
-0.325562,-0.250610,0.793335
0.137817,0.098877,1.114746
0.233521,-0.385742,0.923096
-0.453125,0.138916,0.874390
0.549683,-0.273438,1.097900
-0.307861,-0.264404,0.798096
0.057007,0.116943,1.066650
0.271484,-0.404785,0.923706
-0.443970,0.095215,0.857666
0.520020,-0.196167,1.107056
-0.228394,-0.292480,0.808350
-0.016235,0.088379,1.038330
0.277588,-0.401489,0.925781
-0.453003,0.017334,0.831299
0.514038,-0.149292,1.136230
-0.199829,-0.296143,0.786621
-0.075073,0.153198,1.035278
0.318726,-0.374634,0.936157
-0.496338,0.002686,0.795044
0.483643,-0.195557,1.093018
-0.169312,-0.341309,0.768433
-0.138794,0.143555,1.005737
0.352417,-0.356201,0.953125
-0.525391,-0.008057,0.761230
0.445801,-0.180908,1.106201
-0.150024,-0.328857,0.761597
-0.223633,0.178955,0.985718
0.386108,-0.336670,0.978027
-0.536743,-0.061035,0.759277
0.380615,-0.154053,1.072021
-0.127808,-0.344482,0.753296
-0.283203,0.191895,0.942383
0.400024,-0.327148,0.979126
-0.530640,-0.070435,0.750244
0.325806,-0.107666,1.069214
-0.099976,-0.364258,0.776978
-0.326416,0.164551,0.906494
0.396973,-0.329712,0.974243
-0.546265,-0.062988,0.733643
0.291016,-0.081665,1.070435
-0.067749,-0.380615,0.794556
-0.393677,0.170166,0.878540
0.416016,-0.322144,0.979126
-0.525146,-0.061890,0.723755
0.231567,-0.025635,1.056030
-0.022705,-0.384399,0.797363
-0.440186,0.190063,0.887451
0.415649,-0.320557,0.978516
-0.520996,-0.069580,0.712158
0.183105,0.001587,1.027588
0.015259,-0.389282,0.802734
-0.471191,0.171509,0.863892
0.423340,-0.297485,0.985840
-0.516968,-0.091187,0.692383
0.128540,0.054810,1.019775
0.047974,-0.407837,0.802368
-0.509888,0.160156,0.844116
0.422852,-0.281616,0.993408
-0.492432,-0.116699,0.702515
0.075684,0.095459,1.010498
0.077271,-0.412964,0.803589
-0.528076,0.173828,0.848511
0.437500,-0.272095,0.996216
-0.461182,-0.136597,0.721802
0.035278,0.117920,1.019653
0.114624,-0.414307,0.817749
-0.558594,0.177490,0.831543
0.423096,-0.249634,0.990967
-0.403687,-0.178955,0.728394
0.026001,0.102173,1.018188
0.139038,-0.415039,0.823120
-0.593994,0.189331,0.806519
0.435059,-0.238647,0.989746
-0.342773,-0.195679,0.744507
-0.053467,0.143677,0.986572
0.203125,-0.424438,0.858276
-0.588745,0.135376,0.780884
0.414673,-0.180908,1.007935
-0.296753,-0.220337,0.735352
-0.104980,0.187866,0.971436
0.250122,-0.404053,0.863647
-0.605957,0.128662,0.786743
0.412476,-0.200439,1.004272
-0.248047,-0.276001,0.721191
-0.151245,0.198608,0.962402
0.293579,-0.383911,0.885864
-0.609497,0.112915,0.766235
0.390991,-0.152588,1.008423
-0.178223,-0.334595,0.714600
-0.201904,0.188721,0.923828
0.344116,-0.348877,0.918335
-0.610962,0.075806,0.745483
0.358765,-0.134399,1.014160
-0.124146,-0.377075,0.720459
-0.283203,0.192993,0.881958
0.377808,-0.334717,0.922852
-0.593384,0.064331,0.743408
0.179443,-0.009155,0.995361
-0.019775,-0.410034,0.774292
-0.459473,0.187012,0.855469
0.405762,-0.294312,0.958374
-0.521484,-0.101562,0.707886
0.116211,0.047119,1.006348
0.042114,-0.408813,0.795532
-0.530396,0.218384,0.844849
0.429932,-0.255981,0.970093
-0.442871,-0.103638,0.743408
0.053589,0.089355,0.999146
0.128784,-0.407715,0.835449
-0.579956,0.185913,0.807617
0.427002,-0.204346,0.999023
-0.369873,-0.168579,0.722168
-0.010742,0.189819,1.024170
0.201538,-0.397949,0.849976
-0.607544,0.155029,0.792358
0.431763,-0.228149,0.990112
-0.280762,-0.246216,0.727539
-0.087280,0.211548,0.987305
0.251343,-0.375000,0.867676
-0.612305,0.130981,0.760864
0.431763,-0.173828,1.024902
-0.215210,-0.306030,0.715576
-0.146606,0.208252,0.957397
0.292603,-0.366699,0.876099
-0.629517,0.116455,0.747192
0.427734,-0.185791,1.022583
-0.138794,-0.323975,0.747437
-0.202881,0.204956,0.929565
0.324463,-0.348022,0.888794
-0.601685,0.092529,0.746704
0.377930,-0.140747,1.018188
-0.098755,-0.366089,0.757202
-0.220825,0.168579,0.901489
0.355347,-0.308228,0.914795
-0.595825,0.093750,0.739014
0.347778,-0.108765,1.009399
-0.078125,-0.375488,0.746460
-0.280884,0.178955,0.889404
0.408813,-0.356689,0.927490
-0.584351,0.049072,0.747437
0.306885,-0.072998,1.005005
-0.034790,-0.407471,0.726074
-0.327271,0.196777,0.863403
0.412842,-0.312622,0.936890
-0.550903,-0.006470,0.745972
0.264893,-0.069824,0.991089
0.002808,-0.429688,0.752197
-0.376831,0.161133,0.833130
0.428833,-0.294922,0.947876
-0.500732,-0.043701,0.748291
0.209961,0.004150,1.010620
0.034790,-0.433472,0.768677
-0.401123,0.154053,0.823242
0.445801,-0.294556,0.960815
-0.498169,-0.049316,0.746460
0.159302,0.026489,1.005615
0.067627,-0.436890,0.782104
-0.435791,0.144531,0.802368
0.445923,-0.261597,0.977417
-0.459717,-0.102905,0.752563
0.106201,0.056763,1.015137
0.104858,-0.443848,0.793579
-0.486938,0.127441,0.781128
0.458252,-0.265381,0.984619
-0.399170,-0.130005,0.763550
0.035522,0.119751,1.010620
0.166504,-0.471436,0.809082
-0.512695,0.111938,0.779175
0.458984,-0.236206,1.005127
-0.329712,-0.161255,0.777832
-0.018433,0.142334,1.005005
0.238037,-0.453735,0.851440
-0.563965,0.078857,0.743042
0.461060,-0.233765,1.020264
-0.239746,-0.218262,0.794434
-0.075317,0.196655,1.006226
0.266724,-0.415771,0.874146
-0.557983,0.050171,0.738159
0.451416,-0.230713,1.027344
-0.172729,-0.285889,0.792236
-0.137329,0.203003,0.993774
0.319092,-0.426636,0.902344
-0.562744,0.034180,0.746338
0.425781,-0.226929,1.020386
-0.110352,-0.312866,0.807983
-0.178955,0.199341,0.969727
0.344849,-0.364380,0.923096
-0.538208,0.014160,0.765381
0.399170,-0.192505,1.026245
-0.040649,-0.370605,0.823486
-0.215576,0.166382,0.942993
0.380981,-0.371216,0.942017
-0.513794,-0.029541,0.752075
0.355347,-0.129028,1.037109
0.009766,-0.438721,0.797119
-0.236572,0.156982,0.937012
0.418579,-0.381836,0.955811
-0.496094,-0.079224,0.749023
0.317383,-0.081665,1.035645
0.049927,-0.437500,0.796143
-0.267456,0.158447,0.935791
0.452759,-0.374756,0.983276
-0.475098,-0.123291,0.752808
0.280762,-0.053955,1.051392
0.083008,-0.430786,0.814453
-0.314819,0.169189,0.926514
0.468384,-0.349854,1.000977
-0.447998,-0.149292,0.762939
0.272461,-0.074951,1.052979
0.113525,-0.430054,0.834106
-0.367188,0.186890,0.905029
0.511475,-0.322998,1.037231
-0.425171,-0.153809,0.758789
0.226562,-0.027222,1.064575
0.143433,-0.434937,0.858154
-0.382080,0.145142,0.874146
0.520874,-0.265503,1.073364
-0.362061,-0.201660,0.767822
0.184204,0.021118,1.078735
0.195679,-0.491455,0.865845
-0.389771,0.096802,0.837402
0.526855,-0.234497,1.086548
-0.311401,-0.180664,0.809570
0.130737,0.063232,1.084595
0.265869,-0.487915,0.900146
-0.410156,0.075439,0.839722
0.529541,-0.227417,1.080811
-0.281860,-0.176880,0.829346
0.067261,0.111816,1.073975
0.329102,-0.502197,0.937134
-0.438721,0.038574,0.828979
0.542480,-0.213989,1.110718
-0.210938,-0.198730,0.856445
-0.006348,0.200317,1.078857
0.384033,-0.449097,0.971924
-0.430420,-0.003540,0.835327
0.515625,-0.161377,1.138550
-0.154907,-0.234253,0.860352
-0.048950,0.216797,1.076538
0.423584,-0.417969,0.999023
-0.421753,-0.042725,0.834961
0.502563,-0.134277,1.162109
-0.065674,-0.277710,0.881470
-0.096069,0.229492,1.074707
0.448975,-0.360962,1.030518
-0.432861,-0.067383,0.835815
0.484253,-0.141113,1.159058
0.032349,-0.331055,0.913452
-0.134521,0.217651,1.064575
0.465698,-0.313965,1.054321
-0.437134,-0.061035,0.830444
0.461670,-0.114990,1.172729
0.037109,-0.379395,0.889282
-0.177734,0.221924,1.053223
0.507446,-0.284302,1.089844
-0.416138,-0.071411,0.828979
0.397949,-0.078247,1.151123
0.073730,-0.391602,0.905640
-0.213989,0.184814,1.030151
0.527222,-0.259766,1.113525
-0.425659,-0.076416,0.816162
0.361450,-0.030640,1.163330
0.140381,-0.414917,0.929321
-0.279175,0.192505,1.004883
0.552856,-0.257324,1.129150
-0.367676,-0.126221,0.824097
0.296753,0.013428,1.153931
0.171631,-0.428833,0.932617
-0.304199,0.152222,0.980103
0.557983,-0.241333,1.133911
-0.344604,-0.158936,0.827881
0.233398,0.057495,1.137939
0.229370,-0.427734,0.949097
-0.372437,0.140625,0.930176
0.568359,-0.254517,1.126831
-0.311523,-0.185913,0.815918
0.177734,0.113037,1.134644
0.255493,-0.418091,0.947510
-0.392090,0.110962,0.915771
0.553345,-0.233521,1.132812
-0.293579,-0.194824,0.821899
0.123413,0.138184,1.120239
0.289673,-0.417847,0.949951
-0.429688,0.089355,0.886597
0.554443,-0.228638,1.126587
-0.273438,-0.219604,0.820557
0.051514,0.155151,1.098633
0.321777,-0.405640,0.955566
-0.448242,0.067017,0.869507
0.545288,-0.221924,1.121948
-0.237671,-0.259277,0.811768
-0.000122,0.177124,1.073975
0.332153,-0.372803,0.951782
-0.464355,0.012817,0.839844
0.515991,-0.228394,1.127441
-0.170654,-0.325195,0.809326
-0.034180,0.169922,1.060303
0.328979,-0.342896,0.948486
-0.492798,0.010620,0.805176
0.505005,-0.220581,1.124023
-0.147461,-0.341553,0.806396
-0.078247,0.117920,1.020020
0.335815,-0.349976,0.953857
-0.520752,0.032959,0.785278
0.485840,-0.228638,1.099121
-0.129517,-0.349731,0.799072
-0.148926,0.151855,0.999634
0.347412,-0.347534,0.956055
-0.509277,-0.004272,0.770752
0.440552,-0.181396,1.086792
-0.172852,-0.359497,0.758911
-0.188354,0.136108,0.989868
0.387695,-0.374756,0.978760
-0.534424,0.017212,0.779175
0.395020,-0.117554,1.094971
-0.158691,-0.344482,0.759399
-0.226929,0.153687,0.970825
0.380127,-0.360107,0.962646
-0.562622,-0.024048,0.749634
0.393677,-0.151733,1.090210
-0.140869,-0.358398,0.753418
-0.284912,0.186279,0.947754
0.386230,-0.347168,0.965942
-0.552246,-0.031860,0.755249
0.359375,-0.145386,1.059692
-0.144897,-0.337036,0.762085
-0.302246,0.181885,0.931152
0.401855,-0.337280,0.967041
-0.585449,-0.006348,0.741455
0.310425,-0.134521,1.048218
-0.084473,-0.386597,0.779297
-0.340454,0.183228,0.908325
0.377808,-0.317505,0.955322
-0.558960,-0.045044,0.724731
0.275635,-0.118164,1.028076
-0.085449,-0.397705,0.769897
-0.394409,0.191650,0.894287
0.405762,-0.319702,0.961060
-0.562866,-0.015747,0.727539
0.206421,-0.051025,1.012207
-0.038574,-0.408936,0.782715
-0.424805,0.161011,0.875854
0.409546,-0.299805,0.985107
-0.558594,-0.024292,0.708374
0.156006,0.026733,1.012329
0.012573,-0.411255,0.787231
-0.477051,0.169434,0.850342
0.417114,-0.287720,0.981079
-0.504883,-0.077759,0.713013
0.104126,0.087769,1.004883
0.033691,-0.359131,0.801270
-0.513550,0.148682,0.836670
0.440674,-0.296997,0.982666
-0.467773,-0.121216,0.717407
0.046387,0.130371,1.009399
0.093750,-0.395020,0.800659
-0.543457,0.182861,0.829346
0.434082,-0.251587,0.998169
-0.419678,-0.141968,0.723755
0.025391,0.173706,1.029419
0.122559,-0.383179,0.822021
-0.581421,0.163696,0.812622
0.436890,-0.269043,0.989746
-0.376099,-0.193115,0.717896
-0.013916,0.188354,1.016602
0.174438,-0.405640,0.836060
-0.589233,0.168457,0.813843
0.432129,-0.208130,1.001343
-0.319092,-0.220703,0.730225
-0.067627,0.172974,0.985962
0.221680,-0.403809,0.867554
-0.596680,0.133545,0.787598
0.424561,-0.177002,1.001221
-0.272339,-0.245483,0.720825
-0.108032,0.211792,0.979980
0.284546,-0.381348,0.890747
-0.610229,0.113647,0.764771
0.413330,-0.176880,1.010864
-0.236450,-0.282715,0.713135
-0.141968,0.213745,0.961304
0.320801,-0.363647,0.894775
-0.617554,0.106934,0.756592
0.388672,-0.162964,1.000977
-0.153320,-0.339233,0.743896
-0.197754,0.192017,0.928223
0.336182,-0.344727,0.911743
-0.604126,0.093506,0.739868
0.369751,-0.144043,0.998779
-0.100708,-0.348511,0.742798
-0.244873,0.203613,0.910278
0.356079,-0.349976,0.904053
-0.575439,0.035889,0.732056
0.349243,-0.085327,1.025391
-0.054443,-0.380981,0.734375
-0.307007,0.222900,0.890015
0.391357,-0.318481,0.926270
-0.567261,-0.007202,0.732056
0.297241,-0.078613,1.000366
-0.005371,-0.421509,0.747192
-0.374023,0.211182,0.847290
0.419067,-0.279541,0.942017
-0.522949,-0.014771,0.739380
0.210449,-0.042603,0.989624
0.038940,-0.450928,0.764771
-0.440063,0.180786,0.826050
0.449951,-0.250854,0.971069
-0.473877,-0.047974,0.764038
0.115845,0.069946,1.006592
0.087524,-0.439819,0.781006
-0.486572,0.145386,0.799316
0.464966,-0.257568,0.983276
-0.401855,-0.086304,0.773926
0.036743,0.161377,1.012939
0.143921,-0.395874,0.823486
-0.531616,0.097046,0.767456
0.473755,-0.289673,0.998291
-0.336426,-0.181030,0.768066
-0.028076,0.203857,1.025635
0.236328,-0.421509,0.850220
-0.568481,0.139893,0.759033
0.458130,-0.252563,0.993652
-0.266235,-0.233521,0.785767
-0.085571,0.178101,1.004028
0.289307,-0.435181,0.886108
-0.570312,0.109131,0.754517
0.428101,-0.186768,1.015625
-0.180664,-0.269775,0.775391
-0.142822,0.191772,0.985352
0.323853,-0.457764,0.877319
-0.556763,0.044434,0.758911
0.417603,-0.164307,1.037720
-0.121094,-0.259766,0.799927
-0.205811,0.226196,0.953125
0.358154,-0.392334,0.921753
-0.530518,-0.043335,0.756592
0.397461,-0.171387,1.043091
-0.066284,-0.343506,0.797241
-0.265747,0.252319,0.948730
0.406616,-0.390259,0.945923
-0.514771,-0.071167,0.750488
0.337524,-0.137573,1.017456
0.009521,-0.401123,0.808594
-0.277588,0.193481,0.913086
0.415771,-0.358276,0.951416
-0.492065,-0.076782,0.758911
0.299072,-0.107910,1.018311
0.058838,-0.453003,0.799561
-0.308838,0.164795,0.886963
0.454712,-0.355103,0.972778
-0.508789,-0.089722,0.739258
0.250732,-0.069092,1.022949
0.088623,-0.471558,0.804688
-0.343750,0.119507,0.872314
0.481445,-0.313477,1.012085
-0.459717,-0.107666,0.743896
0.181396,-0.008789,1.007568
0.136597,-0.464111,0.840942
-0.363770,0.082275,0.861572
0.493530,-0.266113,1.050293
-0.421631,-0.115601,0.763916
0.118042,0.052246,1.025024
0.209106,-0.524658,0.848145
-0.402100,0.029297,0.829102
0.510864,-0.271606,1.064575
-0.369019,-0.172241,0.764282
0.074219,0.108765,1.046021
0.272461,-0.492920,0.890625
-0.433716,0.025757,0.811035
0.513794,-0.261475,1.072632
-0.294067,-0.215942,0.800049
0.015381,0.137573,1.034546
0.316895,-0.484131,0.920532
-0.451660,0.027954,0.807129
0.515015,-0.236694,1.077881
-0.229858,-0.220093,0.824341
-0.038818,0.201172,1.043213
0.353394,-0.436890,0.950562
-0.456055,0.016724,0.828735
0.506348,-0.188110,1.120728
-0.164307,-0.285156,0.826050
-0.062866,0.204224,1.056396
0.399170,-0.394775,0.976929
-0.476440,0.020264,0.824707
0.493164,-0.198242,1.113281
-0.065674,-0.318726,0.874390
-0.106079,0.187866,1.046875
0.426025,-0.358521,1.004395
-0.469849,0.001099,0.814453
0.465088,-0.144653,1.128906
0.040649,-0.380737,0.896118
-0.152710,0.213867,1.056274
0.458496,-0.352051,1.033081
-0.455566,-0.018555,0.812378
0.426514,-0.110107,1.119751
0.084473,-0.389160,0.910400
-0.176880,0.191528,1.047607
0.469727,-0.292480,1.053345
-0.436768,-0.057495,0.815186
0.402344,-0.081909,1.136597
0.078857,-0.386597,0.901978
-0.232178,0.221924,1.048462
0.531982,-0.290405,1.109985
-0.424316,-0.081299,0.804321
0.358765,-0.025879,1.147827
0.138672,-0.412109,0.921021
-0.275757,0.194336,1.018921
0.546997,-0.266235,1.130737
-0.400146,-0.108154,0.809937
0.311523,0.013916,1.140991
0.197632,-0.407471,0.950195
-0.314941,0.168945,0.983521
0.561279,-0.255249,1.136963
-0.345581,-0.174072,0.807617
0.241089,0.067261,1.129395
0.232910,-0.428223,0.947998
-0.342041,0.108276,0.935303
0.579468,-0.235474,1.146729
-0.298096,-0.214478,0.823242
0.155518,0.119507,1.112549
0.276245,-0.411499,0.965576
-0.375610,0.080566,0.899902
0.573242,-0.231323,1.154053
-0.253906,-0.237183,0.839111
0.117676,0.170044,1.126099
0.289795,-0.409180,0.953369
-0.405396,0.075073,0.897461
0.585571,-0.229248,1.171387
-0.230835,-0.249268,0.852783
0.059082,0.161987,1.096680
0.322388,-0.393188,0.960815
-0.436646,0.058960,0.877808
0.571899,-0.229614,1.163208
-0.205200,-0.273560,0.851318
0.030884,0.155029,1.088989
0.346069,-0.370483,0.983032
-0.476929,0.043091,0.828125
0.557251,-0.218018,1.156372
-0.129517,-0.346069,0.848999
-0.010864,0.159668,1.081909
0.345093,-0.345459,0.972656
-0.484741,0.029053,0.816528
0.533813,-0.213745,1.146973
-0.107910,-0.362183,0.839111
-0.052734,0.143433,1.071045
0.358521,-0.360107,0.959717
-0.482544,0.050537,0.811157
0.498413,-0.191895,1.111084
-0.107788,-0.336914,0.843018
-0.096191,0.124756,1.046021
0.385010,-0.366943,0.983398
-0.505005,0.010986,0.790283
0.473755,-0.120728,1.137451
-0.109741,-0.293701,0.815430
-0.152100,0.194702,1.040649
0.399048,-0.387329,0.986816
-0.499268,-0.033936,0.798950
0.452148,-0.125366,1.133911
-0.116699,-0.327759,0.791870
-0.229858,0.208008,1.006226
0.393799,-0.366821,0.985107
-0.493164,-0.066406,0.782471
0.422119,-0.112305,1.123169
-0.119019,-0.317993,0.789917
-0.273926,0.204224,0.968872
0.420166,-0.364014,0.984131
-0.526611,-0.071411,0.763550
0.392456,-0.153442,1.088379
-0.093262,-0.337646,0.779663
-0.306641,0.211792,0.952759
0.420776,-0.331421,0.980469
-0.535400,-0.072266,0.749146
0.328735,-0.117798,1.078369
-0.067505,-0.365479,0.801636
-0.338379,0.172729,0.912231
0.422974,-0.311279,0.999634
-0.544922,-0.062744,0.721558
0.276489,-0.118530,1.058228
-0.016846,-0.386230,0.809326
-0.399658,0.200684,0.898804
0.418091,-0.277588,1.001343
-0.508179,-0.118164,0.720459
0.186401,-0.034668,1.041870
0.023315,-0.442871,0.801758
-0.459961,0.188599,0.880493
0.444702,-0.287109,1.004639
-0.503052,-0.094116,0.733276
0.101929,0.052612,1.023560
0.079224,-0.405273,0.828247
-0.506592,0.129761,0.839355
0.452026,-0.278687,1.024658
-0.455688,-0.138184,0.733643
0.022827,0.111694,1.001709
0.148682,-0.417725,0.836914
-0.551514,0.143433,0.819336
0.436035,-0.246216,1.015869
-0.351440,-0.220581,0.738403
-0.031982,0.169922,1.004639
0.168335,-0.394531,0.838989
-0.580933,0.108521,0.792847
0.441772,-0.241211,1.026245
-0.301880,-0.294067,0.714233
-0.086304,0.170288,0.972290
0.217896,-0.384399,0.839233
-0.593384,0.089111,0.776489
0.425049,-0.230591,1.015747
-0.248413,-0.345825,0.698608
-0.133301,0.170166,0.969482
0.253784,-0.383301,0.867554
-0.620239,0.109619,0.765869
0.418701,-0.224609,1.019165
-0.196655,-0.340820,0.719727
-0.191040,0.186157,0.950073
0.284180,-0.352905,0.883911
-0.619263,0.087036,0.744507
0.410767,-0.192505,1.017578
-0.175903,-0.360229,0.711670
-0.237183,0.199585,0.928589
0.334351,-0.364258,0.896729
-0.614746,0.081543,0.735107
0.360474,-0.167969,0.992065
-0.132324,-0.357422,0.734131
-0.280396,0.187866,0.909180
0.363525,-0.354980,0.906738
-0.601318,0.066895,0.731323
0.328491,-0.110474,1.004761
-0.117554,-0.367432,0.737061
-0.294922,0.175781,0.893188
0.380249,-0.335815,0.915039
-0.595337,0.068970,0.731934
0.300903,-0.100708,0.995117
-0.078613,-0.399658,0.738525
-0.329346,0.186523,0.880127
0.395264,-0.326416,0.929688
-0.579590,0.037109,0.717529
0.279053,-0.040894,0.990723
-0.060547,-0.385620,0.733032
-0.344727,0.186890,0.877563
0.400513,-0.324097,0.937256
-0.554199,-0.018188,0.728638
0.250122,-0.024902,0.990479
-0.048584,-0.379517,0.732910
-0.378052,0.202271,0.851074
0.425659,-0.325806,0.936768
-0.535400,-0.048340,0.718994
0.226440,-0.016724,1.000366
-0.015991,-0.382690,0.750854
-0.425415,0.209595,0.839355
0.436279,-0.313843,0.953979
-0.500977,-0.095459,0.732544
0.183594,0.019653,1.002197
0.027466,-0.393799,0.765503
-0.442993,0.206543,0.816895
0.444214,-0.281250,0.965576
-0.491089,-0.108154,0.733887
0.139893,0.020630,0.996338
0.068848,-0.426392,0.784058
-0.472534,0.210815,0.820557
0.456299,-0.251099,0.974854
-0.442139,-0.057983,0.772705
0.069580,0.074707,0.994751
0.109253,-0.443237,0.791626
-0.494263,0.159912,0.806396
0.455566,-0.205444,0.999268
-0.385132,-0.131714,0.759033
0.014038,0.103149,0.988037
0.175903,-0.425415,0.818237
-0.540771,0.144165,0.782837
0.464478,-0.205566,1.009644
-0.316406,-0.151245,0.782471
-0.078247,0.177856,0.985718
0.262329,-0.446899,0.863037
-0.565063,0.062988,0.740234
0.444580,-0.197998,1.014526
-0.199097,-0.225098,0.785278
-0.144165,0.219360,0.975098
0.318970,-0.387451,0.908813
-0.565918,0.051025,0.762939
0.398804,-0.176025,1.021118
-0.093262,-0.338501,0.784302
-0.220703,0.198853,0.929688
0.367554,-0.353149,0.931641
-0.554321,-0.005005,0.740356
0.339233,-0.131836,1.000366
-0.009766,-0.413574,0.781860
-0.261963,0.149048,0.891479
0.401611,-0.301636,0.945068
-0.532593,-0.040405,0.734009
0.265381,-0.108398,0.969727
0.067627,-0.467285,0.793213
-0.336792,0.154175,0.859863
0.419556,-0.282104,0.967529
-0.490601,-0.043457,0.758667
0.198853,-0.044312,1.000122
0.088013,-0.521362,0.764893
-0.395996,0.140503,0.833740
0.455078,-0.280640,0.972900
-0.447876,-0.096191,0.752563
0.126465,0.034058,1.015137
0.142578,-0.493042,0.813721
-0.454224,0.079590,0.792358
0.465454,-0.278687,0.998901
-0.386353,-0.163696,0.753174
0.048950,0.129395,1.033325
0.217041,-0.475830,0.852051
-0.482666,0.044556,0.778931
0.490967,-0.285034,1.028931
-0.326172,-0.207520,0.761108
-0.022949,0.174561,1.027466
0.283447,-0.480591,0.883545
-0.492188,0.006592,0.762207
0.468994,-0.229126,1.051758
-0.250610,-0.225830,0.796997
-0.083374,0.185181,1.012817
0.344482,-0.488892,0.909302
-0.511230,0.009644,0.774414
0.439209,-0.195557,1.057861
-0.184570,-0.262939,0.794922
-0.118408,0.182495,1.018677
0.387573,-0.456177,0.946655
-0.516235,0.019165,0.782349
0.420654,-0.131958,1.067139
-0.089478,-0.324585,0.814331
-0.168945,0.185059,1.008179
0.439575,-0.444458,0.972534
-0.489502,-0.038452,0.774048
0.374634,-0.081177,1.063721
0.005249,-0.355713,0.834839
-0.203369,0.163696,0.984131
0.461914,-0.409424,1.007812
-0.459351,-0.092285,0.780518
0.348511,-0.059570,1.092041
0.082031,-0.389282,0.848267
-0.268677,0.209961,0.984009
0.490601,-0.371948,1.030273
-0.432129,-0.151489,0.778931
0.308105,-0.068848,1.074341
0.112305,-0.397095,0.862671
-0.304810,0.200195,0.965820
0.509644,-0.296997,1.057251
-0.384033,-0.178711,0.800049
0.241699,-0.016846,1.078125
0.170898,-0.425415,0.905273
-0.351929,0.141235,0.917114
0.531860,-0.257568,1.096069
-0.336670,-0.172729,0.813110
0.165527,0.058228,1.080444
0.253662,-0.488037,0.914551
-0.372314,0.064331,0.876343
0.537598,-0.206787,1.123291
-0.283081,-0.196533,0.812256
0.086548,0.127563,1.075195
0.328735,-0.466309,0.949707
-0.405518,0.020874,0.852783
0.546143,-0.200806,1.142212
-0.225708,-0.220947,0.845215
0.009766,0.188110,1.077637
0.380127,-0.446167,0.978027
-0.422241,-0.000122,0.850098
0.532593,-0.151611,1.160034
-0.127319,-0.238770,0.872925
-0.058838,0.229980,1.081421
0.424683,-0.398804,1.007324
-0.440186,-0.027222,0.843750
0.514893,-0.164795,1.163330
-0.016968,-0.318237,0.902466
-0.109253,0.248901,1.095581
0.458008,-0.354004,1.037476
-0.452393,-0.007690,0.845581
0.465942,-0.130127,1.150635
0.050903,-0.370605,0.905884
-0.142578,0.192139,1.069458
0.478760,-0.293701,1.080566
-0.428101,-0.049072,0.823120
0.261475,0.017822,1.094238
0.060303,-0.389160,0.896606
-0.347778,0.133789,0.939697
0.568726,-0.277710,1.120728
-0.326294,-0.183105,0.807129
0.182739,0.093872,1.095703
0.240356,-0.417847,0.935181
-0.383301,0.088135,0.884399
0.564331,-0.262085,1.128540
-0.278076,-0.225830,0.831543
0.127441,0.115479,1.103516
0.320801,-0.453613,0.954224
-0.404785,0.108276,0.878296
0.548828,-0.212769,1.118164
-0.231445,-0.206543,0.849121
0.084473,0.157227,1.116333
0.376587,-0.439331,0.993896
-0.445679,0.102051,0.869873
0.531982,-0.177124,1.128052
-0.169434,-0.238281,0.875488
0.030640,0.172241,1.112183
0.409302,-0.405640,1.024902
-0.461060,0.070190,0.848022
0.514893,-0.125244,1.148438
-0.099487,-0.284546,0.882812
-0.030884,0.192139,1.112305
0.429565,-0.393433,1.043701
-0.449463,0.039917,0.858765
0.505859,-0.112305,1.159790
-0.026245,-0.304077,0.900269
-0.106445,0.200317,1.088989
0.459473,-0.383545,1.045166
-0.430176,-0.024292,0.845703
0.487671,-0.085693,1.184570
0.015015,-0.322998,0.893677
-0.170532,0.229492,1.065918
0.491821,-0.326416,1.077637
-0.414307,-0.080566,0.825806
0.433472,-0.055786,1.185425
0.035767,-0.326782,0.908447
-0.225464,0.217773,1.046753
0.526001,-0.285767,1.105713
-0.403931,-0.101440,0.813721
0.360840,-0.014404,1.174072
0.102295,-0.364014,0.921875
-0.289062,0.189331,0.996094
0.550293,-0.283936,1.109863
-0.374390,-0.147217,0.813354
0.268066,0.019653,1.140991
0.173462,-0.388672,0.921631
-0.340088,0.138916,0.936523
0.549561,-0.245117,1.119873
-0.328125,-0.204834,0.820312
0.169189,0.077026,1.124146
0.241577,-0.412720,0.940918
-0.418213,0.115601,0.893311
0.555664,-0.216797,1.129517
-0.265259,-0.260010,0.811768
0.080078,0.125366,1.095215
0.302002,-0.400146,0.947754
-0.463623,0.070801,0.840942
0.539429,-0.191162,1.137451
-0.191284,-0.320435,0.812622
0.001831,0.162354,1.093262
0.328979,-0.393188,0.941772
-0.462646,0.046753,0.856079
0.515137,-0.200317,1.126587
-0.158203,-0.330444,0.816895
-0.059326,0.114502,1.032959
0.369751,-0.374268,0.978027
-0.470947,0.010376,0.809448
0.467896,-0.133667,1.125366
-0.134155,-0.335083,0.802490
-0.141846,0.148926,1.020874
0.380859,-0.353516,0.991211
-0.480591,-0.035645,0.798218
0.451660,-0.121460,1.145508
-0.123901,-0.332520,0.779663
-0.219971,0.182495,0.988647
0.413818,-0.368042,0.985352
-0.493774,-0.061646,0.781494
0.402588,-0.097290,1.118774
-0.106323,-0.322754,0.795288
-0.268066,0.204712,0.971191
0.434692,-0.335083,1.006714
-0.505127,-0.069946,0.768921
0.351807,-0.110474,1.091797
-0.085449,-0.319214,0.809204
-0.323608,0.180298,0.933594
0.451782,-0.330444,1.018433
-0.497681,-0.101807,0.750977
0.277832,-0.063843,1.081665
-0.024292,-0.359009,0.819946
-0.389282,0.185791,0.907593
0.441406,-0.286255,1.012451
-0.480835,-0.116333,0.754150
0.210205,-0.027832,1.064331
0.031250,-0.414795,0.828247
-0.451172,0.161499,0.882446
0.450684,-0.265869,1.019775
-0.465088,-0.117798,0.743164
0.098022,0.073853,1.037109
0.116699,-0.421631,0.848999
-0.498169,0.130005,0.844604
0.452637,-0.244873,1.028076
-0.422974,-0.179810,0.731079
0.027466,0.112183,1.024048
0.166626,-0.396606,0.856689
-0.541748,0.093628,0.818604
0.445801,-0.234131,1.030396
-0.331909,-0.229980,0.736694
-0.039673,0.122314,0.998291
0.224854,-0.414673,0.869263
-0.571411,0.085938,0.772949
0.424683,-0.183716,1.032715
-0.270996,-0.286865,0.710571
-0.107422,0.160156,0.986938
0.272461,-0.417725,0.876587
-0.602173,0.066650,0.760498
0.405151,-0.189453,1.024292
-0.209961,-0.335449,0.714844
-0.211914,0.177612,0.954346
0.316528,-0.391113,0.902466
-0.593262,0.039917,0.751099
0.364624,-0.143799,1.035034
-0.173950,-0.327393,0.718140
-0.280151,0.203613,0.929810
0.364136,-0.385742,0.929199
-0.594482,-0.007812,0.724487
0.323730,-0.128906,1.017456
-0.136841,-0.364014,0.721313
-0.338135,0.195435,0.889160
0.378174,-0.333496,0.937988
-0.578247,-0.006836,0.721313
0.270874,-0.073120,1.020142
-0.078735,-0.415161,0.735962
-0.421265,0.223145,0.875366
0.393311,-0.318481,0.948975
-0.534302,-0.043945,0.719727
0.184937,0.001709,1.012939
-0.030640,-0.396484,0.769165
-0.478516,0.198975,0.838989
0.418945,-0.277710,0.970215
-0.484741,-0.105469,0.728394
0.087524,0.095337,1.011108
0.034302,-0.402832,0.790161
-0.513672,0.173950,0.843506
0.448486,-0.272461,0.992310
-0.423828,-0.154297,0.731567
0.028931,0.150879,1.016479
0.121338,-0.381958,0.815552
-0.570557,0.168945,0.804443
0.445190,-0.225342,1.009766
-0.298828,-0.230103,0.746582
-0.054443,0.173950,0.990234
0.218384,-0.391235,0.854736
-0.628418,0.131470,0.750000
0.423828,-0.193359,1.013672
-0.200439,-0.326660,0.721802
-0.112305,0.207031,0.983276
0.281128,-0.348633,0.881714
-0.656372,0.151001,0.735718
0.411011,-0.212646,0.995361
-0.119751,-0.392700,0.736694
-0.184082,0.168213,0.924438
0.309692,-0.306885,0.895630
-0.616089,0.132324,0.744141
0.373901,-0.162598,0.998413
-0.074097,-0.392456,0.751953
-0.279419,0.164673,0.886597
0.370483,-0.295654,0.928101
-0.559204,0.088989,0.744263
0.303345,-0.061768,0.998535
-0.036499,-0.396118,0.746948
-0.349854,0.175049,0.860962
0.415039,-0.291870,0.956543
-0.549072,0.015259,0.722412
0.220581,0.019287,0.985107
-0.002930,-0.409546,0.746704
-0.395264,0.162720,0.851074
0.440063,-0.298828,0.953735
-0.505493,-0.019287,0.742432
0.161987,0.100098,1.008911
0.059692,-0.381348,0.781860
-0.468994,0.156372,0.811279
0.457397,-0.305420,0.971313
-0.464722,-0.054932,0.760742
0.116089,0.134155,1.023560
0.086914,-0.385986,0.799438
-0.488037,0.156616,0.806396
0.440063,-0.232788,0.996704
-0.430420,-0.108765,0.749023
0.082520,0.105957,1.018799
0.142212,-0.437500,0.813110
-0.534058,0.178833,0.797119
0.434570,-0.195435,0.988770
-0.380859,-0.157104,0.734741
0.045410,0.134644,1.028809
0.194458,-0.442261,0.840454
-0.564453,0.154663,0.778076
0.454956,-0.218628,0.995239
-0.328491,-0.175659,0.749634
-0.026611,0.176025,1.002930
0.246582,-0.432007,0.863892
-0.562134,0.136353,0.778320
0.440063,-0.228394,0.990479
-0.268555,-0.221558,0.769165
-0.083130,0.173340,0.986084
0.278687,-0.415771,0.880127
-0.561768,0.078369,0.748291
0.447998,-0.215088,1.007568
-0.200562,-0.227905,0.792603
-0.143188,0.198364,0.964600
0.302856,-0.418579,0.879639
-0.549927,0.048340,0.760254
0.434692,-0.186646,1.025269
-0.145752,-0.303101,0.782593
-0.184082,0.221924,0.960327
0.359741,-0.406860,0.906616
-0.553589,0.060547,0.773560
0.391113,-0.160522,1.022461
-0.092529,-0.349365,0.782471
-0.211060,0.182007,0.936890
0.388428,-0.417603,0.934326
-0.547974,-0.004150,0.731201
0.356079,-0.119263,1.014771
-0.033447,-0.375610,0.790405
-0.257324,0.165039,0.909302
0.408569,-0.396851,0.949707
-0.518677,-0.056274,0.755493
0.300049,-0.094238,1.002808
0.023926,-0.426880,0.793579
-0.293335,0.130493,0.880859
0.432129,-0.366699,0.962524
-0.500488,-0.093384,0.745605
0.274048,-0.060059,1.019653
0.071167,-0.451538,0.796387
-0.340332,0.170654,0.889038
0.449341,-0.343994,0.978882
-0.470215,-0.142700,0.739624
0.212158,-0.039551,1.015869
0.084717,-0.463623,0.794312
-0.363159,0.128784,0.852905
0.477539,-0.317383,0.997192
-0.426392,-0.109009,0.777100
0.149658,0.006836,1.022827
0.131226,-0.470947,0.817383
-0.412354,0.086182,0.815918
0.487915,-0.281738,1.030762
-0.378662,-0.184937,0.767090
0.082031,0.080200,1.039795
0.225220,-0.500488,0.848389
-0.451294,0.059448,0.791260
0.488770,-0.257202,1.041016
-0.329102,-0.212891,0.759155
0.030640,0.103394,1.037842
0.289429,-0.517822,0.881592
-0.495361,0.035645,0.770020
0.495972,-0.225952,1.062866
-0.225220,-0.217529,0.824951
-0.059692,0.195435,1.036621
0.345581,-0.493774,0.918335
-0.517578,0.034180,0.786743
0.475342,-0.219238,1.078979
-0.131836,-0.275146,0.846191
-0.108643,0.235474,1.047485
0.385620,-0.389526,0.976929
-0.507812,0.004517,0.802856
0.444946,-0.222656,1.074707
-0.046631,-0.318237,0.878174
-0.136475,0.227051,1.055176
0.407471,-0.360107,0.998413
-0.482422,-0.008301,0.816162
0.419556,-0.167969,1.080322
0.039795,-0.413696,0.866821
-0.181396,0.212524,1.040527
0.439941,-0.358032,1.008911
-0.480713,-0.058228,0.779053
0.411255,-0.142456,1.099731
0.079712,-0.396240,0.893311
-0.203491,0.202148,1.029175
0.461548,-0.330933,1.022217
-0.467041,-0.081299,0.788696
0.400024,-0.113281,1.115234
0.085815,-0.409180,0.883179
-0.235352,0.195435,1.009033
0.499878,-0.302856,1.076050
-0.434692,-0.091187,0.794678
0.354248,-0.067017,1.110474
0.107422,-0.402588,0.902832
-0.271118,0.185303,0.993286
0.526978,-0.299805,1.085327
-0.408447,-0.098267,0.806763
0.307495,-0.020996,1.109985
0.142212,-0.399658,0.916260
-0.287598,0.160400,0.974487
0.543701,-0.260376,1.119995
-0.386597,-0.156616,0.810059
0.259033,0.001587,1.110962
0.196899,-0.447021,0.925415
-0.322266,0.145752,0.953857
0.559814,-0.254395,1.121826
-0.342896,-0.164917,0.813599
0.224976,0.055176,1.105957
0.244873,-0.426758,0.941528
-0.356201,0.099365,0.907959
0.571899,-0.242798,1.145996
-0.293701,-0.198120,0.841431
0.156860,0.109863,1.102783
0.272827,-0.431885,0.949463
-0.362427,0.066040,0.909302
0.587891,-0.230835,1.162231
-0.278564,-0.219116,0.837524
0.100342,0.140381,1.109741
0.313477,-0.417480,0.967896
-0.388184,0.066528,0.895752
0.577148,-0.219727,1.164917
-0.233398,-0.224487,0.855591
0.061523,0.165039,1.100098
0.348877,-0.417603,0.977539
-0.410156,0.052124,0.882446
0.566895,-0.203857,1.162598
-0.189453,-0.233887,0.871948
0.022095,0.197021,1.106445
0.372192,-0.376831,1.003296
-0.431274,0.035400,0.867676
-0.447632,0.023926,0.850586
-0.076172,-0.334473,0.874268
-0.034302,0.165405,1.080566
0.391357,-0.326538,1.010742
-0.450562,-0.001953,0.842285
0.529907,-0.205811,1.162598
-0.049316,-0.409424,0.857788
-0.090088,0.171143,1.066772
0.415161,-0.332520,1.014038
-0.486206,0.015991,0.830811
0.491699,-0.146484,1.172485
-0.032471,-0.394165,0.857422
-0.134155,0.182007,1.064697
0.441650,-0.325684,1.037720
-0.506348,0.016968,0.809326
0.445068,-0.119507,1.149414
0.002319,-0.389771,0.880249
-0.186646,0.179932,1.040161
0.442505,-0.275391,1.057251
-0.491333,0.002930,0.787598
0.414307,-0.092529,1.148682
0.021973,-0.392334,0.881714
-0.246094,0.197144,1.028809
0.452759,-0.284912,1.060547
-0.468994,-0.031372,0.793945
0.368286,-0.073120,1.141602
0.020020,-0.378296,0.870117
-0.270752,0.164062,0.992676
0.488892,-0.294556,1.073486
-0.480225,-0.059570,0.768555
0.319336,-0.066406,1.109375
0.049438,-0.372437,0.873169
-0.321533,0.153809,0.944458
0.489746,-0.278564,1.070679
-0.451294,-0.082275,0.762573
0.255371,0.010132,1.112671
0.081421,-0.406250,0.859985
-0.376465,0.139160,0.925171
0.505249,-0.279419,1.068726
-0.450928,-0.102905,0.759644
0.206421,0.044800,1.101562
0.121826,-0.411255,0.875610
-0.417847,0.123047,0.893799
0.501099,-0.270386,1.073608
-0.410278,-0.122314,0.769287
0.121460,0.100708,1.070190
0.144653,-0.398560,0.880493
-0.447754,0.095581,0.866821
0.496338,-0.268677,1.062378
-0.420776,-0.167969,0.757812
0.078613,0.092407,1.053467
0.182495,-0.391602,0.886475
-0.494019,0.090942,0.839600
0.475952,-0.256714,1.056519
-0.346069,-0.241577,0.738770
0.021973,0.119141,1.047363
0.212524,-0.397095,0.878662
-0.531616,0.076660,0.809814
0.472412,-0.237305,1.059326
-0.270264,-0.281616,0.753662
-0.048950,0.150513,1.018677
0.240601,-0.384644,0.886230
-0.526123,0.030396,0.791382
0.458130,-0.214233,1.062744
-0.244751,-0.295410,0.723511
-0.140747,0.171753,0.993896
0.301392,-0.395996,0.911865
-0.548096,-0.003052,0.763916
0.434326,-0.183960,1.054565
-0.207031,-0.325928,0.723145
-0.241577,0.186890,0.958740
0.353271,-0.405518,0.914551
-0.563599,0.002319,0.758545
0.373535,-0.145142,1.049683
-0.170654,-0.308594,0.752075
-0.303955,0.156372,0.913086
0.373535,-0.376831,0.943970
-0.571777,-0.054443,0.719604
0.325439,-0.100098,1.050415
-0.120239,-0.355591,0.745972
-0.372925,0.192139,0.899536
0.390137,-0.346069,0.945679
-0.549194,-0.040649,0.724976
0.241455,-0.065063,1.032349
-0.057861,-0.376221,0.777832
-0.426880,0.184082,0.874878
0.412842,-0.311279,0.969482
-0.536133,-0.106079,0.696045
0.146240,0.014771,1.014282
0.028687,-0.397705,0.804077
-0.498047,0.198486,0.866333
0.414551,-0.280151,0.987671
-0.498779,-0.154663,0.705078
0.079590,0.048828,1.006714
0.093506,-0.387817,0.821533
-0.557129,0.200195,0.825562
0.427490,-0.241943,0.997559
-0.396729,-0.189819,0.734497
0.002930,0.106201,1.006104
0.162964,-0.420776,0.847046
-0.589233,0.165649,0.816284
0.418945,-0.220703,0.995361
-0.305908,-0.231567,0.726196
-0.079102,0.173462,0.991943
0.237671,-0.403442,0.860718
-0.597778,0.118042,0.773315
0.412231,-0.184204,1.002808
-0.237061,-0.291870,0.712036
-0.144165,0.184570,0.962769
0.279907,-0.373535,0.873047
-0.616943,0.094238,0.755249
0.388794,-0.165405,1.002075
-0.169067,-0.328125,0.723999
-0.227417,0.210693,0.933716
0.340210,-0.380371,0.893555
-0.609009,0.062866,0.749512
0.355591,-0.153076,1.000244
-0.142944,-0.345215,0.720947
-0.296265,0.207642,0.897461
0.381104,-0.353271,0.919312
-0.576782,0.007812,0.729980
0.293579,-0.074585,1.012573
-0.093384,-0.415771,0.708130
-0.351929,0.198975,0.870239
0.386963,-0.317261,0.932983
-0.551880,-0.019287,0.716431
0.242432,-0.036987,0.993652
-0.039429,-0.394287,0.750977
-0.415283,0.213013,0.850098
0.417969,-0.302490,0.947021
-0.530762,-0.055908,0.726318
0.173340,0.020630,0.999268
0.022949,-0.390503,0.784058
-0.465820,0.199829,0.834839
0.421753,-0.256226,0.960449
-0.475708,-0.090942,0.742310
0.119995,0.074097,1.016357
0.067871,-0.436401,0.780273
-0.520386,0.184814,0.818237
0.451538,-0.224243,0.996826
-0.411499,-0.127808,0.736328
0.020996,0.169800,1.008911
0.161499,-0.429932,0.817993
-0.553467,0.156860,0.804810
0.447754,-0.194458,1.002930
-0.329224,-0.171997,0.748535
-0.046509,0.195923,0.988159
0.220093,-0.408325,0.844971
-0.568481,0.131104,0.775635
0.452515,-0.189941,1.029785
-0.251465,-0.242188,0.738647
-0.108032,0.222656,0.972900
0.271484,-0.366211,0.884644
-0.576782,0.089844,0.756958
0.454102,-0.193604,1.031982
-0.199341,-0.253174,0.756226
-0.159668,0.226685,0.946655
0.317993,-0.352783,0.890259
-0.589233,0.089966,0.757568
0.419678,-0.184082,1.018066
-0.123291,-0.325073,0.766846
-0.217407,0.201172,0.915771
0.359863,-0.347778,0.920776
-0.589233,0.073364,0.753052
0.377930,-0.134644,1.026367
-0.060059,-0.391235,0.761841
-0.259277,0.183838,0.884888
0.385986,-0.325928,0.927490
-0.561890,0.036865,0.752930
0.313599,-0.107666,0.997803
-0.023804,-0.398926,0.769043
-0.299072,0.138916,0.853760
0.408569,-0.278687,0.947998
-0.533325,0.021484,0.740356
0.263306,-0.022339,0.999512
0.020630,-0.432983,0.754272
-0.368286,0.137329,0.839844
0.436279,-0.328857,0.952148
-0.506226,-0.036255,0.741455
0.188965,0.029663,1.008301
0.052856,-0.417725,0.780151
-0.412720,0.131470,0.816650
0.454834,-0.315796,0.970459
-0.475342,-0.099609,0.745850
0.140869,0.047607,1.009399
0.093872,-0.442993,0.783447
-0.452393,0.119995,0.794922
0.463867,-0.287109,0.984375
-0.428467,-0.118164,0.760010
0.069702,0.101074,0.997314
0.140991,-0.463867,0.811890
-0.474609,0.081177,0.782227
0.460449,-0.238281,1.012085
-0.404907,-0.136841,0.752930
0.034790,0.127441,1.018188
0.194092,-0.481934,0.822998
-0.501465,0.056152,0.763306
0.484497,-0.246948,1.028564
-0.338745,-0.170776,0.763428
-0.045776,0.188721,1.003052
0.268921,-0.461670,0.864380
-0.515259,0.001221,0.735107
0.455933,-0.235229,1.031982
-0.283447,-0.202881,0.772339
-0.098022,0.192871,0.994751
0.311646,-0.462036,0.884155
-0.531372,0.012939,0.762573
0.432495,-0.208374,1.033081
-0.200806,-0.250854,0.784058
-0.142944,0.213013,0.985596
0.350586,-0.427979,0.921021
-0.527344,-0.004272,0.766724
0.412354,-0.190918,1.034912
-0.137695,-0.312256,0.780151
-0.183594,0.221313,0.985718
0.375244,-0.405640,0.935791
-0.517822,-0.046875,0.774536
0.381714,-0.177734,1.036377
-0.056152,-0.378174,0.802734
-0.228149,0.191528,0.944092
0.422363,-0.379395,0.960449
-0.510132,-0.052490,0.753296
0.341187,-0.169312,1.016602
0.035645,-0.439087,0.822388
-0.272583,0.153442,0.920044
0.433350,-0.339844,0.986572
-0.470581,-0.071167,0.775513
0.289429,-0.105469,1.030151
0.085815,-0.481567,0.819580
-0.312012,0.112183,0.900024
0.455811,-0.312134,1.004761
-0.448242,-0.107788,0.765625
0.230469,-0.033203,1.043457
0.111572,-0.474121,0.826416
-0.362671,0.103027,0.867188
0.497559,-0.292236,1.037842
-0.406006,-0.131592,0.765015
0.163940,0.036133,1.056641
0.195557,-0.494507,0.854248
-0.403931,0.106689,0.852295
0.496338,-0.261963,1.048096
-0.344849,-0.189941,0.776611
0.106812,0.084351,1.058350
0.256958,-0.479126,0.892334
-0.446777,0.067871,0.808105
0.491943,-0.234619,1.064575
-0.274902,-0.236328,0.789062
0.048218,0.129761,1.070557
0.317505,-0.473633,0.912842
-0.471313,0.044556,0.795044
0.504639,-0.224609,1.083496
-0.224731,-0.233398,0.813965
-0.020386,0.174805,1.057129
0.364990,-0.449219,0.954102
-0.476196,-0.003418,0.808838
0.491211,-0.166870,1.125610
-0.125732,-0.260132,0.846313
-0.108032,0.228394,1.061646
0.395996,-0.421753,0.978271
-0.468140,-0.055542,0.808960
0.465942,-0.150391,1.122437
0.002441,-0.343994,0.880737
-0.150757,0.215820,1.046509
0.451660,-0.350464,1.021973
-0.448364,-0.051147,0.801270
0.413208,-0.101685,1.127686
0.081909,-0.408447,0.878540
-0.204224,0.175903,1.017700
0.492798,-0.308716,1.069214
-0.442505,-0.088257,0.794922
0.343750,-0.058716,1.114136
0.107544,-0.414429,0.898438
-0.268066,0.164551,1.002441
0.528687,-0.281982,1.108887
-0.415649,-0.116089,0.790771
0.293945,0.012085,1.114868
0.150024,-0.411987,0.923096
-0.291382,0.137085,0.983765
0.579224,-0.294189,1.143555
-0.378174,-0.133057,0.801636
0.217041,0.079590,1.099854
0.221436,-0.418701,0.946411
-0.335693,0.126465,0.952026
0.595947,-0.280762,1.146118
-0.327271,-0.170776,0.822266
0.169556,0.137939,1.111450
0.265869,-0.426147,0.947754
-0.361816,0.081421,0.908447
0.575684,-0.240601,1.145508
-0.276855,-0.217041,0.841431
0.114868,0.150024,1.107178
0.322632,-0.423828,0.973145
-0.409180,0.069458,0.867920
0.578369,-0.206665,1.161743
-0.225708,-0.238281,0.854858
0.052734,0.165527,1.104980
0.355591,-0.406738,0.991211
-0.432617,0.061646,0.870117
0.564941,-0.180542,1.172729
-0.164795,-0.256104,0.872681
-0.016113,0.207520,1.103516
0.409180,-0.414185,1.007080
-0.444336,0.019531,0.857544
0.542603,-0.131226,1.173584
-0.062500,-0.278442,0.905151
-0.073730,0.217773,1.098022
0.428955,-0.365601,1.037354
-0.442383,-0.049683,0.829956
0.511963,-0.111938,1.184937
-0.004639,-0.331787,0.887695
-0.115723,0.188721,1.078857
0.461914,-0.343872,1.065186
-0.452637,-0.047852,0.826660
0.465088,-0.088501,1.188110
-0.004883,-0.322632,0.881714
-0.177612,0.221069,1.068237
0.501343,-0.303955,1.085693
-0.440186,-0.072021,0.816528
0.409912,-0.042480,1.168945
0.038940,-0.320435,0.900024
-0.240234,0.196655,1.032715
0.516235,-0.290894,1.101807
-0.433838,-0.110718,0.802002
0.355103,-0.049194,1.152344
0.108276,-0.373535,0.912231
-0.293091,0.203735,0.989014
0.519897,-0.272217,1.096558
-0.395142,-0.155884,0.800537
0.296509,-0.014771,1.144897
0.156982,-0.414307,0.914062
-0.335327,0.175903,0.940063
0.533081,-0.266602,1.093506
-0.362549,-0.186157,0.793579
0.220947,0.022461,1.113892
0.194946,-0.418457,0.915649
-0.385986,0.141968,0.922852
0.546753,-0.217407,1.127319
-0.341797,-0.200439,0.792480
0.135864,0.088379,1.102661
0.239990,-0.440674,0.917236
-0.409302,0.097778,0.893188
0.534546,-0.194580,1.124878
-0.332153,-0.203735,0.790771
-0.035278,0.225586,1.099365
0.286987,-0.435547,0.938354
-0.440430,-0.008911,0.856934
0.512817,-0.145142,1.163330
-0.240967,-0.250854,0.806763
-0.060425,0.223755,1.114746
0.433838,-0.360474,1.015991
-0.468384,0.001709,0.839233
0.520630,-0.168823,1.172607
-0.015381,-0.352539,0.879517
-0.116577,0.201416,1.067017
0.438721,-0.322876,1.036621
-0.457031,-0.041992,0.832397
0.474365,-0.132446,1.172363
-0.020874,-0.336060,0.883301
-0.178955,0.208984,1.046509
0.481812,-0.299194,1.076050
-0.462158,-0.048950,0.811890
0.420532,-0.104248,1.157837
-0.008545,-0.358154,0.872559
-0.213989,0.186768,1.038086
0.503906,-0.287720,1.092163
-0.450073,-0.057251,0.798828
0.370239,-0.051025,1.150024
0.036499,-0.386841,0.888184
-0.273560,0.163574,1.002808
0.513916,-0.301636,1.088135
-0.406982,-0.100952,0.793823
0.319824,0.037354,1.155151
0.065186,-0.347534,0.895630
-0.324097,0.142822,0.953735
0.517578,-0.318970,1.075806
-0.422241,-0.145630,0.774048
0.283081,0.046997,1.157715
0.112061,-0.381958,0.892456
-0.361572,0.178833,0.948608
0.505493,-0.312988,1.064575
-0.426147,-0.157104,0.771729
0.266479,-0.005249,1.134155
0.134277,-0.396973,0.891357
-0.416138,0.203491,0.923340
0.507690,-0.270752,1.065918
-0.390747,-0.197021,0.768433
0.221069,0.001099,1.106934
0.140747,-0.396973,0.891602
-0.431763,0.185791,0.903076
0.506836,-0.261230,1.067993
-0.394287,-0.172363,0.776978
0.171997,0.025146,1.088989
0.176758,-0.419189,0.890991
-0.447632,0.179932,0.888428
0.484375,-0.231079,1.059082
-0.394043,-0.160767,0.778809
0.132935,0.027710,1.076538
0.195801,-0.430054,0.899536
-0.490356,0.155151,0.859009
0.477539,-0.235352,1.054077
-0.378540,-0.216431,0.756836
0.081787,0.066528,1.063721
0.213379,-0.429565,0.895996
-0.495605,0.107666,0.839233
0.482422,-0.213013,1.080933
-0.349487,-0.225098,0.759888
0.027100,0.099243,1.052490
0.239380,-0.437988,0.885254
-0.515137,0.104370,0.829956
0.479614,-0.221558,1.057373
-0.289551,-0.234131,0.765137
-0.034546,0.113403,1.015869
0.262207,-0.422363,0.898438
-0.527832,0.063354,0.805664
0.461304,-0.206665,1.063232
-0.256958,-0.267334,0.751709
-0.074341,0.135620,1.000000
0.273071,-0.400269,0.898438
-0.548462,0.028931,0.789917
0.451172,-0.217773,1.059692
-0.244873,-0.292480,0.724731
-0.120972,0.143555,0.989746
0.295898,-0.395752,0.899536
-0.573364,0.041992,0.771729
0.440430,-0.207886,1.058960
-0.228882,-0.325317,0.714966
-0.175903,0.143311,0.954468
0.311157,-0.397095,0.913696
-0.564575,0.024536,0.758179
0.413940,-0.179321,1.048218
-0.235229,-0.336060,0.698975
-0.165161,0.149414,0.982178
0.324829,-0.373413,0.926147
-0.603271,0.045166,0.746948
0.398315,-0.193604,1.035034
-0.196777,-0.350952,0.714478
-0.209595,0.159180,0.958984
0.318848,-0.359131,0.907104
-0.595215,0.050903,0.744263
0.396729,-0.209351,1.024292
-0.187500,-0.344238,0.725952
-0.244141,0.155518,0.950073
0.331177,-0.362061,0.910278
-0.609375,0.042236,0.731567
0.382812,-0.185913,1.033325
-0.169067,-0.374878,0.725220
-0.274536,0.177856,0.930176
0.341064,-0.350464,0.917969
-0.606323,0.033813,0.733521
0.376465,-0.184937,1.031738
-0.161621,-0.373657,0.721069
-0.311401,0.184814,0.905396
0.370239,-0.363525,0.922485
-0.598877,0.031494,0.722168
0.331421,-0.124512,1.021362
-0.135254,-0.357788,0.737671
-0.337891,0.185059,0.892944
0.372925,-0.365601,0.914307
-0.591919,0.014404,0.722290
0.305420,-0.113647,1.018677
-0.122559,-0.373413,0.738281
-0.363892,0.206787,0.886597
0.397705,-0.364502,0.924438
-0.589844,-0.009399,0.713379
0.251587,-0.085815,0.993286
-0.065552,-0.402710,0.745483
-0.388184,0.215820,0.875854
0.383301,-0.314697,0.931396
-0.580688,-0.034424,0.699951
0.233032,-0.091797,0.998291
-0.045044,-0.445068,0.751343
-0.424927,0.212524,0.858521
0.407227,-0.293701,0.944458
-0.556152,-0.007080,0.713867
0.167358,-0.016968,0.988525
0.005005,-0.439087,0.764038
-0.454346,0.200928,0.855957
0.408447,-0.252075,0.958618
-0.508057,-0.041748,0.723145
0.129517,0.044922,1.008667
0.048584,-0.406128,0.803345
-0.520630,0.194946,0.832275
0.420044,-0.244507,0.980347
-0.450684,-0.106812,0.730103
0.076416,0.116943,1.019897
0.113159,-0.408936,0.822510
-0.561279,0.220215,0.828613
0.432495,-0.229736,0.984619
-0.378784,-0.151001,0.752808
0.010742,0.135620,1.012451
0.154175,-0.410767,0.828979
-0.580933,0.185791,0.802368
0.431641,-0.194092,0.996216
-0.289917,-0.218506,0.758179
-0.044556,0.183350,1.006470
0.195679,-0.401611,0.846191
-0.605591,0.156738,0.762329
0.438721,-0.202393,1.005981
-0.229126,-0.260010,0.733643
-0.097534,0.217773,0.981689
0.246704,-0.368042,0.860107
-0.600586,0.101807,0.752319
0.445557,-0.218506,1.009521
-0.193848,-0.306030,0.746094
-0.152344,0.218872,0.954346
0.294922,-0.348389,0.884033
-0.612549,0.095703,0.752319
0.432251,-0.201782,1.023071
-0.145142,-0.334473,0.756958
-0.174316,0.193726,0.923828
0.312744,-0.321411,0.893311
-0.599854,0.087891,0.749756
0.407593,-0.157837,1.039185
-0.103149,-0.372925,0.745117
-0.225586,0.204102,0.909790
0.342041,-0.327271,0.901245
-0.595703,0.055908,0.740356
0.383301,-0.147217,1.013184
-0.062744,-0.406738,0.741333
-0.275024,0.232666,0.900757
0.371826,-0.324585,0.907837
-0.558228,0.036133,0.752686
0.335571,-0.099854,1.010498
-0.058228,-0.399902,0.751099
-0.289062,0.165161,0.861572
0.394043,-0.293457,0.927979
-0.550171,0.034912,0.751099
0.293823,-0.087280,0.983765
-0.019043,-0.407104,0.760498
-0.332397,0.152344,0.844482
0.416260,-0.290771,0.942627
-0.527222,-0.025757,0.730225
0.242554,-0.019531,0.994507
0.017578,-0.424072,0.753906
-0.371582,0.166626,0.830811
0.428711,-0.305542,0.962646
-0.510254,-0.059570,0.740356
0.200806,-0.016479,0.990601
0.039062,-0.421265,0.772705
-0.419189,0.180054,0.830322
0.445068,-0.285645,0.966797
-0.484253,-0.065918,0.747559
0.162231,0.028809,1.004272
0.075317,-0.418701,0.787109
-0.449219,0.165649,0.795288
0.450684,-0.267456,0.973633
-0.452026,-0.123901,0.742920
0.116943,0.032959,1.008545
0.115479,-0.455444,0.805664
-0.497070,0.145996,0.777710
0.451782,-0.229492,0.984741
-0.391602,-0.121948,0.767700
0.045410,0.099487,1.009888
0.171631,-0.482666,0.813843
-0.532593,0.099731,0.758911
0.463379,-0.240234,1.011841
-0.340820,-0.166260,0.766846
-0.036743,0.174927,1.000732
0.232056,-0.461426,0.840332
-0.534790,0.062134,0.750244
0.460327,-0.220825,1.019531
-0.275269,-0.214722,0.764771
-0.091797,0.198975,0.985352
0.290649,-0.439331,0.874878
-0.552856,0.044800,0.749634
0.432739,-0.210449,1.032959
-0.180664,-0.276733,0.787720
-0.141235,0.199951,0.963379
0.325073,-0.371704,0.911377
-0.551880,0.018311,0.752319
0.405884,-0.204224,1.024048
-0.091064,-0.346069,0.797852
-0.184937,0.203003,0.956665
0.341919,-0.338867,0.930298
-0.557983,0.029541,0.745361
0.389282,-0.213745,1.009644
-0.029907,-0.395752,0.805542
-0.225098,0.166626,0.935059
0.374512,-0.326172,0.950928
-0.536987,0.010132,0.753540
0.341553,-0.132568,1.025635
0.022705,-0.435181,0.806885
-0.271362,0.140869,0.909668
0.421021,-0.368774,0.948364
-0.520264,-0.007080,0.741455
0.281982,-0.065430,1.011841
0.049438,-0.418945,0.814209
-0.286987,0.065796,0.883667
0.449585,-0.348267,0.993042
-0.514404,-0.051636,0.736328
0.236938,-0.032104,1.004639
0.080811,-0.463257,0.793335
-0.324219,0.110107,0.879517
0.472534,-0.339844,0.988892
-0.484497,-0.089233,0.746094
0.212036,-0.037231,1.006836
0.087402,-0.498901,0.793213
-0.360840,0.105591,0.865479
0.477539,-0.309204,1.008911
-0.445312,-0.097534,0.759033
0.162231,0.024780,1.016602
0.124878,-0.449341,0.830200
-0.373901,0.080688,0.859131
0.497803,-0.305908,1.031616
-0.432861,-0.129639,0.758545
0.123413,0.076416,1.034180
0.179199,-0.465942,0.854858
-0.403320,0.077881,0.848022
0.504150,-0.298218,1.037231
-0.395508,-0.165405,0.758911
0.084717,0.089722,1.035400
0.233643,-0.510376,0.856201
-0.418335,0.043579,0.818604
0.504028,-0.251831,1.059692
-0.343994,-0.163818,0.789551
0.052856,0.094849,1.033203
0.276367,-0.501831,0.896729
-0.448242,0.002197,0.784424
0.496826,-0.208984,1.082642
-0.263550,-0.204834,0.808716
-0.012573,0.155762,1.042358
0.318604,-0.480469,0.913574
-0.465454,-0.019043,0.790771
0.488037,-0.206421,1.097046
-0.200073,-0.242920,0.828003
-0.070923,0.197632,1.036621
0.360718,-0.429443,0.943359
-0.475342,-0.005615,0.801880
0.481323,-0.195557,1.107788
-0.128906,-0.287964,0.833740
-0.112427,0.218628,1.045166
0.415527,-0.396484,0.981689
-0.486328,-0.001343,0.799072
0.436523,-0.154419,1.100708
-0.001099,-0.394409,0.847778
-0.142822,0.197021,1.027222
0.430908,-0.362671,0.997559
-0.479614,-0.029419,0.801636
0.416382,-0.145996,1.098389
0.068970,-0.429321,0.863159
-0.181763,0.181885,1.018555
0.461426,-0.301147,1.036987
-0.463013,-0.034180,0.785889
0.372437,-0.128540,1.079834
0.082031,-0.441895,0.880859
-0.232666,0.175537,1.016113
0.505127,-0.290894,1.086426
-0.429688,-0.085449,0.798584
0.313965,-0.051758,1.088623
0.119385,-0.450928,0.893311
-0.275146,0.134155,0.975708
0.528687,-0.243530,1.122803
-0.396973,-0.104248,0.803101
0.279419,0.015991,1.117920
0.170532,-0.465210,0.900024
-0.304932,0.110596,0.938477
0.550781,-0.246582,1.122437
-0.370117,-0.147339,0.804321
0.248413,0.046631,1.124878
0.227173,-0.436890,0.933960
-0.362793,0.128784,0.913940
0.560059,-0.246338,1.122803
-0.308228,-0.185547,0.834351
0.184570,0.080688,1.110229
0.262451,-0.444458,0.936279
-0.380371,0.087524,0.883057
0.565552,-0.216431,1.143921
-0.271851,-0.199707,0.841309
0.122559,0.133057,1.119751
0.331299,-0.473999,0.956909
-0.404297,0.095093,0.887329
0.548340,-0.196167,1.144531
-0.242554,-0.213501,0.846558
0.087524,0.131836,1.106201
0.370605,-0.414795,1.010620
-0.428833,0.074463,0.864868
0.539307,-0.147705,1.157837
-0.167480,-0.230591,0.853394
0.015625,0.198853,1.118164
0.409668,-0.409668,1.016724
-0.457153,0.020020,0.859863
0.526367,-0.136230,1.168213
-0.091431,-0.276855,0.872925
-0.039307,0.217407,1.104614
0.434937,-0.346191,1.045410
-0.454590,-0.007568,0.843750
0.497559,-0.155151,1.160400
-0.014038,-0.371582,0.886719
-0.092773,0.171875,1.078979
0.460571,-0.322632,1.057861
-0.446533,0.004883,0.834106
0.458984,-0.090454,1.167725
-0.006958,-0.339478,0.899780
-0.144897,0.146851,1.048096
0.504883,-0.314575,1.103027
-0.452026,-0.023315,0.821655
0.417114,-0.048584,1.168823
0.015015,-0.379272,0.883545
-0.195801,0.171631,1.051025
0.522217,-0.296143,1.120117
-0.428345,-0.103760,0.805664
0.396973,-0.004272,1.181519
0.046631,-0.351807,0.888062
-0.255981,0.213989,1.013550
0.542480,-0.290649,1.112793
-0.388184,-0.166138,0.815186
0.357788,-0.025879,1.161743
0.053345,-0.345825,0.899780
-0.264282,0.176758,0.989502
0.563843,-0.291016,1.123535
-0.385010,-0.155640,0.819580
0.312622,-0.002197,1.143799
0.099487,-0.356445,0.912964
-0.304565,0.167603,0.951782
0.548462,-0.279785,1.115967
-0.377319,-0.196411,0.799316
0.285400,0.010620,1.146973
0.126831,-0.371460,0.910156
-0.348633,0.147705,0.929688
0.567993,-0.295044,1.117432
-0.357788,-0.204102,0.804565
0.228027,0.056396,1.132812
0.171265,-0.383301,0.909180
-0.384155,0.149292,0.922363
0.561401,-0.297119,1.108398
-0.329102,-0.223999,0.815186
0.174927,0.093262,1.108154
0.185791,-0.376099,0.914673
-0.395630,0.096680,0.900757
0.561890,-0.295166,1.119019
-0.334229,-0.214722,0.809937
0.145874,0.120850,1.116699
0.209717,-0.397705,0.908936
-0.444946,0.096802,0.862427
0.551758,-0.273071,1.108765
-0.293579,-0.259155,0.817017
0.089478,0.124023,1.097168
0.247925,-0.402832,0.912231
-0.475830,0.104248,0.853027
0.530884,-0.251343,1.106201
-0.272705,-0.278809,0.824463
0.052490,0.099121,1.078369
0.259521,-0.384521,0.914062
-0.480591,0.115967,0.843994
0.535889,-0.227539,1.106567
-0.237793,-0.253174,0.830688
-0.007446,0.097656,1.049072
0.277588,-0.391479,0.928955
-0.481689,0.056763,0.821411
0.512573,-0.186523,1.115479
-0.201294,-0.283691,0.797241
-0.066284,0.132690,1.029663
0.341919,-0.433838,0.941772
-0.513184,0.034912,0.809937
0.464722,-0.136841,1.116577
-0.171265,-0.296753,0.781860
-0.136230,0.164917,1.019287
0.370605,-0.423218,0.949097
-0.513184,-0.015381,0.796753
0.443970,-0.140747,1.111206
-0.161377,-0.261841,0.782104
-0.208374,0.188843,1.004028
0.402710,-0.368896,0.996094
-0.524414,-0.062134,0.771240
0.383545,-0.121216,1.089844
-0.137329,-0.290527,0.781982
-0.275024,0.174438,0.963013
0.424683,-0.356689,0.995728
-0.521729,-0.083008,0.739990
0.340576,-0.088989,1.095215
-0.072144,-0.356079,0.790894
-0.341309,0.197632,0.924316
0.427612,-0.299194,1.000122
-0.491455,-0.112671,0.746826
0.249756,-0.060669,1.071045
-0.001221,-0.408936,0.810181
-0.431152,0.191772,0.891602
0.433594,-0.285156,1.011963
-0.473145,-0.168457,0.722290
0.161133,0.000977,1.052490
0.097168,-0.416016,0.839600
-0.498779,0.178223,0.869141
0.452759,-0.242920,1.035522
-0.417236,-0.168701,0.755371
0.041870,0.097656,1.035889
0.161377,-0.426025,0.856445
-0.517822,0.094482,0.816528
0.445435,-0.202637,1.053467
-0.346924,-0.210571,0.730835
-0.031006,0.149902,1.025879
0.237793,-0.415527,0.875854
-0.561279,0.052734,0.789062
0.441040,-0.231567,1.035522
-0.254272,-0.296021,0.721802
-0.120728,0.168213,0.985474
0.269165,-0.371216,0.885986
-0.568726,0.035278,0.771729
0.407959,-0.217041,1.030884
-0.213623,-0.367554,0.706665
-0.189209,0.158936,0.956787
0.306885,-0.366333,0.900513
-0.594238,0.056274,0.772827
0.372070,-0.192505,1.031006
-0.184448,-0.383789,0.717651
-0.259766,0.163330,0.924683
0.345947,-0.344482,0.934448
-0.591431,0.034424,0.747070
0.326538,-0.142334,1.023193
-0.145386,-0.358154,0.755615
-0.312988,0.156982,0.904297
0.379150,-0.328247,0.946655
-0.587402,-0.013916,0.711548
0.262817,-0.068481,1.012817
-0.081177,-0.385620,0.759277
-0.393433,0.188965,0.885376
0.395142,-0.331543,0.956177
-0.546021,-0.008545,0.728882
0.222656,-0.026855,1.012451
-0.058228,-0.369141,0.771362
-0.443726,0.175781,0.855225
0.408325,-0.299561,0.967285
-0.538208,-0.095215,0.690796
0.160278,0.026611,1.014893
0.002319,-0.393066,0.773804
-0.486206,0.204102,0.859131
0.424194,-0.292725,0.970581
-0.510132,-0.115967,0.713013
0.093140,0.049927,1.008301
0.069336,-0.409790,0.805298
-0.553467,0.214966,0.840820
0.440186,-0.276123,0.984619
-0.432861,-0.139526,0.727661
0.024658,0.118896,1.001465
0.146240,-0.411865,0.832031
-0.572144,0.166504,0.814697
0.429688,-0.234253,0.993286
-0.371338,-0.194336,0.720337
-0.032349,0.168579,0.995605
0.205200,-0.386719,0.853027
-0.602661,0.133057,0.788940
0.431885,-0.224121,1.005615
-0.307007,-0.229126,0.712036
-0.080811,0.207275,0.977051
0.251099,-0.371216,0.880859
-0.619751,0.112183,0.767212
0.409302,-0.209961,1.002808
-0.242188,-0.290283,0.708008
-0.129639,0.214355,0.955811
0.285156,-0.356934,0.879639
-0.626587,0.115356,0.764038
0.414795,-0.200562,1.012939
-0.212646,-0.326660,0.710571
-0.161255,0.189575,0.933105
0.312378,-0.345703,0.886108
-0.619507,0.121948,0.750977
0.396973,-0.184692,1.007080
-0.153564,-0.357788,0.733887
-0.197754,0.172974,0.918579
0.330566,-0.341064,0.904419
-0.627319,0.098267,0.738892
0.380005,-0.159424,1.004395
-0.127808,-0.373413,0.723145
-0.233521,0.178345,0.908691
0.356079,-0.327393,0.915039
-0.598145,0.098022,0.739258
0.333496,-0.105591,1.005981
-0.104248,-0.376465,0.729004
-0.257690,0.171509,0.907227
0.373413,-0.320312,0.922729
-0.584961,0.070068,0.726074
0.301514,-0.054443,0.993652
-0.075317,-0.379517,0.735596
-0.310303,0.152100,0.870728
0.399292,-0.315796,0.947754
-0.569336,0.024170,0.709595
0.287109,-0.037598,0.998779
-0.058838,-0.375854,0.731567
-0.359253,0.172729,0.852173
0.445312,-0.335449,0.954956
-0.575562,0.018188,0.719238
0.221924,0.004028,0.989746
-0.011475,-0.411743,0.751953
-0.389893,0.175415,0.843506
0.436035,-0.301514,0.965820
-0.533936,-0.040039,0.733154
0.182617,0.004395,0.994263
0.016357,-0.390503,0.770264
-0.426025,0.179932,0.834106
0.425415,-0.275391,0.951050
-0.492432,-0.070068,0.741333
0.158813,0.027954,1.007202
0.059082,-0.426758,0.782959
-0.482300,0.208008,0.831299
0.462891,-0.251953,0.984131
-0.456177,-0.065796,0.755981
0.080688,0.084839,1.000854
0.113281,-0.451050,0.796021
-0.505005,0.167969,0.803345
-0.421753,-0.087646,0.750000
0.447510,-0.217041,1.002686
-0.340942,-0.127808,0.763184
-0.035645,0.189697,1.002075
-0.578125,0.097290,0.774048
0.437378,-0.196045,1.010132
-0.238892,-0.213745,0.766724
-0.104980,0.220093,0.984375
0.291016,-0.402100,0.879883
-0.580200,0.083252,0.764282
0.421753,-0.196045,1.013916
-0.155029,-0.300415,0.766113
-0.158813,0.208496,0.954712
0.334473,-0.353882,0.909546
-0.574463,0.076904,0.757812
0.392456,-0.154175,1.019775
-0.076782,-0.368652,0.764282
-0.210205,0.178589,0.913086
0.366211,-0.343750,0.925903
-0.554199,0.031250,0.756714
0.348755,-0.114258,1.003174
-0.041748,-0.380005,0.779419
-0.275024,0.144653,0.870728
0.425049,-0.328247,0.960205
-0.537720,0.025269,0.742188
0.265381,-0.033691,0.990479
0.018311,-0.430420,0.768433
-0.330688,0.125488,0.842773
0.436890,-0.329346,0.968262
-0.514893,-0.031494,0.739014
0.196289,0.018555,0.993774
0.070435,-0.426147,0.780029
-0.386719,0.108276,0.826416
0.451172,-0.353760,0.960938
-0.488037,-0.104370,0.732910
0.170044,0.028687,1.013550
0.080078,-0.437134,0.767822
-0.435059,0.165283,0.820312
0.470459,-0.296387,0.979370
-0.431763,-0.078003,0.782837
0.103638,0.039673,1.007080
0.119873,-0.469482,0.795044
-0.474487,0.120972,0.791138
0.483887,-0.260254,1.001709
-0.385742,-0.109375,0.790649
0.021362,0.098999,1.005615
0.188843,-0.476318,0.833252
-0.491089,0.055298,0.754028
0.467285,-0.244385,1.018799
-0.328857,-0.199341,0.758301
-0.038940,0.153931,1.010010
0.263184,-0.463745,0.864258
-0.527100,0.046143,0.746460
0.458740,-0.229858,1.024048
-0.234253,-0.242188,0.785889
-0.093140,0.182129,0.992065
0.299561,-0.443848,0.892578
-0.547607,0.024292,0.751709
0.454346,-0.235474,1.046509
-0.161743,-0.265137,0.817749
-0.143066,0.210327,1.005859
0.327515,-0.386963,0.913208
-0.533203,0.018677,0.758423
0.428101,-0.201660,1.057617
-0.086060,-0.341797,0.807861
-0.189819,0.211548,0.975830
0.367188,-0.395996,0.922119
-0.531982,-0.016724,0.764160
0.386841,-0.185913,1.033447
-0.009033,-0.415649,0.805786
-0.223389,0.172241,0.958862
0.394531,-0.341064,0.961914
-0.523438,-0.021484,0.747925
0.349609,-0.148682,1.026367
0.058838,-0.439087,0.847290
-0.266602,0.137817,0.934814
0.425659,-0.341919,0.979980
-0.481079,-0.059937,0.753662
0.281128,-0.059326,1.026123
0.086792,-0.433838,0.839600
-0.302490,0.128052,0.923096
0.466919,-0.342651,1.008545
-0.458496,-0.114258,0.750977
0.229736,-0.017578,1.025635
0.110596,-0.449463,0.828003
-0.339233,0.122070,0.900269
0.500732,-0.328369,1.032227
-0.427734,-0.153564,0.759521
0.179077,0.026855,1.043091
0.140015,-0.447876,0.841309
-0.374023,0.091309,0.872559
0.519653,-0.292847,1.057129
-0.385254,-0.164429,0.772705
0.120483,0.058105,1.043823
0.226318,-0.476685,0.864990
-0.422607,0.088379,0.831543
0.509521,-0.264038,1.053711
-0.309937,-0.207397,0.802734
0.060913,0.081421,1.035767
0.285645,-0.456177,0.919189
-0.450684,0.049072,0.797241
0.491699,-0.213379,1.064087
-0.234375,-0.197388,0.842896
-0.010498,0.132812,1.055298
0.356689,-0.482910,0.943726
-0.463623,0.020142,0.802246
0.464233,-0.148438,1.082886
-0.150024,-0.247925,0.840820
-0.090454,0.188477,1.044556
0.412109,-0.420898,0.994263
-0.463989,-0.052612,0.793945
0.439453,-0.104248,1.115723
-0.034180,-0.311401,0.860840
-0.155640,0.210815,1.036621
0.466553,-0.384521,1.026978
-0.458618,-0.077393,0.790894
0.229126,-0.030396,1.034302
0.073608,-0.401123,0.873657
-0.352783,0.126465,0.875000
0.486206,-0.294312,1.019653
-0.423340,-0.119385,0.771973
0.151367,0.007812,1.026489
0.182251,-0.507202,0.838745
-0.416748,0.090088,0.836060
0.501953,-0.274170,1.045410
-0.358154,-0.177124,0.766602
0.063843,0.122925,1.040527
0.273804,-0.486938,0.887207
-0.461548,0.020386,0.792358
0.491699,-0.257935,1.061279
-0.272095,-0.249023,0.788330
-0.023926,0.165527,1.035767
0.329102,-0.464966,0.912964
-0.477295,0.006592,0.785278
0.471680,-0.206909,1.079956
-0.168945,-0.270874,0.828979
-0.088257,0.175659,1.027832
0.390625,-0.429810,0.959473
-0.501953,0.022705,0.790771
0.439331,-0.140747,1.087524
-0.048096,-0.335083,0.843506
-0.137085,0.171509,1.025024
0.423706,-0.384888,0.996826
-0.494019,-0.023071,0.776855
0.409668,-0.128540,1.087646
0.052490,-0.398071,0.863525
-0.217285,0.219727,1.006226
0.474121,-0.359497,1.017212
-0.438477,-0.086304,0.791382
0.335083,-0.058350,1.091553
0.068115,-0.399536,0.856201
-0.252075,0.164062,0.982788
0.507080,-0.326782,1.058105
-0.422363,-0.129272,0.779541
0.279663,-0.004028,1.101196
0.127930,-0.406860,0.871582
-0.312622,0.190552,0.978516
0.538208,-0.331055,1.075684
-0.394043,-0.159668,0.809937
0.210571,0.013306,1.076416
0.212036,-0.425293,0.919067
-0.356323,0.118164,0.898560
0.546997,-0.247681,1.109741
-0.308228,-0.184204,0.823364
0.141602,0.084961,1.085449
0.270142,-0.476562,0.919678
-0.388794,0.039307,0.850342
0.563232,-0.236450,1.127197
-0.245361,-0.203247,0.842041
0.036377,0.171631,1.072632
0.345947,-0.463501,0.942383
-0.430298,0.047485,0.845093
0.543579,-0.185669,1.135498
-0.151855,-0.253052,0.865234
-0.025879,0.211548,1.099121
0.388306,-0.393311,0.995483
-0.452759,0.005371,0.831665
0.509033,-0.175171,1.141113
-0.072632,-0.320435,0.874756
-0.080444,0.226685,1.092041
0.449219,-0.362671,1.023804
-0.455444,0.011597,0.841431
0.457764,-0.144043,1.135010
0.044312,-0.424438,0.901123
-0.133545,0.180054,1.074707
0.488525,-0.327515,1.069946
-0.470947,0.023193,0.823242
0.431274,-0.092651,1.142090
0.065186,-0.405396,0.910034
-0.191040,0.181885,1.058105
0.511597,-0.280884,1.101318
-0.430542,-0.035156,0.818604
0.388428,-0.030029,1.157837
0.101440,-0.421143,0.910034
0.550537,-0.285400,1.127686
-0.396240,-0.074707,0.834595
0.144409,-0.383545,0.923340
-0.295532,0.163452,1.000488
0.591431,-0.300171,1.150269
-0.361328,-0.156860,0.826538
0.246582,0.080078,1.138306
0.213013,-0.399536,0.944458
-0.332031,0.128296,0.935547
0.583984,-0.260498,1.144409
-0.313232,-0.204834,0.825073
0.180664,0.119385,1.136230
0.277954,-0.429810,0.959229
-0.386597,0.125488,0.913940
0.574829,-0.230347,1.136719
-0.264038,-0.199097,0.862915
0.108887,0.147095,1.123291
0.327881,-0.421509,0.986816
-0.410889,0.081421,0.890259
0.556641,-0.182129,1.162598
-0.201660,-0.249756,0.858032
0.025391,0.172363,1.099243
0.363770,-0.405762,0.989014
-0.430420,0.029419,0.864990
0.551636,-0.174683,1.171265
-0.109131,-0.282593,0.872559
-0.033569,0.196655,1.098511
0.384521,-0.361694,0.996826
-0.452271,0.011597,0.853394
0.534790,-0.187256,1.164429
-0.043579,-0.364136,0.866943
-0.084106,0.175171,1.079712
0.411621,-0.312622,1.032471
-0.477051,0.011597,0.820923
0.490723,-0.152466,1.163696
-0.029297,-0.384277,0.876587
-0.154663,0.180298,1.088013
0.467285,-0.326660,1.059570
-0.480103,-0.000610,0.809692
0.436646,-0.058350,1.171387
-0.007812,-0.360718,0.876465
-0.223633,0.179443,1.051025
0.504028,-0.330200,1.089233
-0.470581,-0.035645,0.805542
0.383911,-0.026001,1.162476
0.008911,-0.340698,0.877686
-0.250732,0.175781,1.010986
0.521118,-0.318970,1.088135
-0.463501,-0.079834,0.793457
0.337036,-0.043335,1.129639
0.043823,-0.359253,0.873535
-0.288940,0.173706,0.977173
0.510620,-0.281982,1.085327
-0.416992,-0.140503,0.787109
0.292480,-0.026611,1.118286
0.074463,-0.367920,0.883667
-0.330078,0.157471,0.932617
0.508667,-0.256592,1.085693
-0.401611,-0.159668,0.772949
0.254150,-0.009766,1.130127
0.126221,-0.434692,0.878540
-0.382080,0.167480,0.907593
0.502197,-0.240234,1.079956
-0.383911,-0.166260,0.788208
0.191772,0.014160,1.089966
0.150513,-0.415527,0.888184
-0.397217,0.124146,0.893188
0.498291,-0.214355,1.093628
-0.371094,-0.189697,0.773682
0.110840,0.078613,1.085327
0.202026,-0.442017,0.892700
-0.437500,0.086182,0.858765
0.509521,-0.213135,1.090210
-0.344482,-0.187012,0.785522
0.037964,0.121094,1.056274
0.261230,-0.416504,0.919189
-0.484253,0.050659,0.829346
0.487305,-0.189087,1.093750
-0.232910,-0.296387,0.781372
-0.034180,0.127563,1.037842
0.290283,-0.426880,0.910889
-0.504517,0.032471,0.814697
0.486450,-0.184082,1.098145
-0.197754,-0.306030,0.757690
-0.116821,0.167847,1.013550
0.328003,-0.386353,0.925903
-0.535522,0.013794,0.780273
0.464111,-0.200806,1.096069
-0.152588,-0.353394,0.747192
-0.206421,0.180054,0.988525
0.351807,-0.358643,0.943970
-0.544922,-0.017334,0.764282
0.431274,-0.181885,1.093262
-0.131714,-0.353760,0.765381
-0.270142,0.204224,0.971680
0.376953,-0.340820,0.954712
-0.551758,-0.035522,0.749512
0.377075,-0.147949,1.084961
-0.119385,-0.334473,0.782837
-0.308838,0.186890,0.933960
0.408569,-0.332153,0.986938
-0.547607,-0.055664,0.739014
0.292603,-0.088379,1.059937
-0.058228,-0.396118,0.789307
-0.369629,0.178345,0.909424
0.413208,-0.293335,0.983154
-0.512695,-0.072998,0.731812
0.210693,-0.038208,1.044556
0.009766,-0.402344,0.812256
-0.441650,0.167480,0.885132
0.433472,-0.291504,1.005127
-0.497925,-0.092896,0.718750
0.132690,0.064209,1.042969
0.074585,-0.404175,0.824951
-0.516968,0.151611,0.853027
0.442505,-0.278931,1.020020
-0.415771,-0.210815,0.718262
0.046265,0.122314,1.024292
0.133301,-0.382080,0.836548
-0.549683,0.123291,0.822632
0.458862,-0.309326,1.013428
-0.351929,-0.269775,0.725830
-0.031006,0.126953,0.991943
0.190674,-0.357666,0.857788
-0.581299,0.111450,0.787109
0.449585,-0.258789,1.021362
-0.277100,-0.331909,0.723389
-0.102661,0.132812,0.971069
0.244995,-0.382812,0.869141
-0.595093,0.085693,0.771362
0.417603,-0.233765,1.017944
-0.230591,-0.347290,0.721802
-0.164307,0.114136,0.949829
0.281616,-0.378662,0.887207
-0.597290,0.093872,0.748901
0.374268,-0.175659,1.020142
-0.188599,-0.364014,0.719482
-0.220337,0.138916,0.943237
0.324585,-0.377808,0.907227
-0.603271,0.053467,0.738647
0.347046,-0.128418,1.022827
-0.155273,-0.358154,0.720947
-0.304199,0.178711,0.901001
0.359497,-0.364990,0.919312
-0.582886,0.004272,0.727661
0.324829,-0.099976,1.032959
-0.135864,-0.373169,0.720825
-0.350708,0.196655,0.891968
0.382812,-0.359497,0.926270
-0.564331,-0.001831,0.736084
0.269897,-0.058960,1.022827
-0.097656,-0.396606,0.724121
-0.393188,0.204224,0.869751
0.392822,-0.319458,0.937622
-0.560791,-0.056152,0.704346
0.226196,-0.051514,1.016479
-0.047607,-0.428345,0.742554
-0.434570,0.227905,0.866699
0.396484,-0.270508,0.953613
-0.541748,-0.082520,0.703125
0.158447,0.002319,1.008667
0.008911,-0.431885,0.777344
-0.486694,0.215332,0.846436
0.411865,-0.266479,0.963623
-0.501221,-0.066895,0.730835
0.105103,0.050903,1.008667
0.068115,-0.427124,0.795776
-0.534546,0.211060,0.824707
0.423462,-0.227539,0.982910
-0.435425,-0.127441,0.727051
0.070557,0.102905,1.017212
0.116333,-0.405029,0.816284
-0.569580,0.211792,0.810669
0.428345,-0.222656,0.987915
-0.355103,-0.189087,0.745972
-0.007446,0.161743,1.004272
0.169678,-0.409302,0.851196
-0.583252,0.167603,0.797119
0.433228,-0.203247,1.003784
-0.309814,-0.227539,0.723999
-0.058228,0.188599,1.007812
0.235107,-0.403198,0.860718
-0.595703,0.159546,0.774780
0.424561,-0.158569,1.018799
-0.231689,-0.247437,0.753296
-0.115234,0.180664,0.976440
0.270630,-0.393188,0.877197
-0.615845,0.137329,0.752441
0.427490,-0.163940,1.010254
-0.183594,-0.310181,0.735107
-0.172974,0.214966,0.952515
0.327148,-0.371948,0.896118
-0.602051,0.130005,0.758301
0.385864,-0.136475,1.022827
-0.128296,-0.357178,0.735352
-0.213989,0.181030,0.915405
0.341675,-0.348022,0.898682
-0.594727,0.098511,0.747681
0.374390,-0.115112,1.013306
-0.099731,-0.364258,0.734009
-0.266968,0.205200,0.904663
0.378418,-0.344360,0.923828
-0.577759,0.048706,0.740356
0.335205,-0.092285,1.008911
-0.065308,-0.390869,0.734741
-0.304932,0.203491,0.871338
0.396362,-0.307617,0.937012
-0.574951,0.005615,0.715088
0.285767,-0.064819,0.998535
-0.007812,-0.434692,0.742065
-0.354614,0.209717,0.862793
0.406982,-0.283813,0.939575
-0.545776,0.000610,0.711304
0.215454,-0.029175,0.987671
0.034790,-0.441895,0.770264
-0.415039,0.193481,0.850342
0.423950,-0.245728,0.962891
-0.490356,-0.054077,0.735962
0.149292,0.058716,1.018799
0.062744,-0.427612,0.785156
-0.460815,0.144653,0.807007
0.439453,-0.244629,0.969604
-0.446167,-0.055054,0.756958
0.094604,0.131348,1.014648
0.120361,-0.413696,0.788574
-0.504883,0.131226,0.795288
0.453613,-0.237305,1.000488
-0.383667,-0.138306,0.765747
0.012329,0.168945,1.001831
0.182861,-0.415527,0.829590
-0.564819,0.120728,0.776978
0.458252,-0.233643,1.008423
-0.285400,-0.220337,0.754639
-0.033569,0.211060,1.012573
0.230103,-0.365479,0.859985
-0.599854,0.113647,0.739746
0.476562,-0.266113,1.016846
-0.213013,-0.264526,0.790283
-0.092163,0.171509,0.978760
0.274902,-0.360107,0.882202
-0.584351,0.110962,0.740723
0.432739,-0.162354,1.030151
-0.148804,-0.282959,0.784058
-0.139404,0.194336,0.961914
0.325562,-0.383301,0.903564
-0.581299,0.073242,0.750366
0.411011,-0.155151,1.010376
-0.126343,-0.280762,0.788452
-0.191650,0.196045,0.954102
0.356934,-0.401001,0.923584
-0.551392,0.026489,0.757935
0.387573,-0.118164,1.021729
-0.083984,-0.329224,0.763794
-0.246460,0.194336,0.914795
0.399536,-0.408813,0.925049
-0.534302,-0.010498,0.758179
0.338257,-0.093018,1.005981
-0.019409,-0.376587,0.764160
-0.288330,0.187500,0.888916
0.420288,-0.375610,0.944824
-0.521484,-0.038818,0.751953
0.301392,-0.098389,1.002075
0.012573,-0.436401,0.769897
-0.330444,0.164185,0.858398
0.420654,-0.342041,0.953979
-0.500366,-0.060425,0.751343
0.268433,-0.057007,1.013672
0.052490,-0.430054,0.771484
-0.368652,0.170288,0.850342
0.449829,-0.357178,0.954224
-0.492798,-0.104248,0.751099
0.197144,-0.054932,0.998047
0.080811,-0.456665,0.775879
-0.401123,0.158203,0.825928
0.486328,-0.321777,0.983154
-0.450684,-0.125488,0.753662
0.124268,0.006958,0.998657
0.110229,-0.483887,0.786865
-0.427246,0.086792,0.789307
0.480469,-0.294678,1.005615
-0.406372,-0.154419,0.750610
0.072388,0.088135,1.017334
0.167847,-0.482056,0.803589
-0.465820,0.090210,0.791626
0.488037,-0.298950,1.013184
-0.369141,-0.189087,0.771851
0.010376,0.126099,1.005493
0.236328,-0.471191,0.850586
-0.497681,0.065918,0.761841
0.480835,-0.265747,1.021118
-0.292969,-0.218994,0.789795
-0.048706,0.143311,0.999878
0.298218,-0.470337,0.886719
-0.517578,0.037231,0.747925
0.447388,-0.213623,1.042969
-0.212769,-0.254761,0.807617
-0.080200,0.162354,1.022217
0.322632,-0.450684,0.906982
-0.527832,0.035522,0.761108
0.436157,-0.202881,1.039917
-0.116943,-0.281738,0.822144
-0.151978,0.208496,0.999756
0.378906,-0.426025,0.947754
-0.523682,-0.014526,0.765381
0.410400,-0.186279,1.042480
-0.048218,-0.361206,0.818848
-0.191528,0.194702,0.992188
0.408203,-0.396729,0.964722
-0.510620,-0.031616,0.763672
0.377441,-0.158081,1.047974
0.015869,-0.422974,0.816040
-0.225830,0.160400,0.953491
0.444458,-0.349365,1.001099
-0.499756,-0.071289,0.752930
0.326782,-0.134766,1.033569
0.068237,-0.459839,0.827637
-0.258423,0.149292,0.940674
0.468506,-0.323608,1.021362
-0.458618,-0.087036,0.765137
0.282104,-0.067627,1.044067
0.109375,-0.461914,0.839233
-0.303101,0.137451,0.928955
0.487793,-0.324219,1.031616
-0.413330,-0.152344,0.780151
0.236938,-0.012085,1.058960
0.125000,-0.395752,0.850708
-0.338989,0.152100,0.916992
0.511230,-0.308716,1.046997
-0.381836,-0.138672,0.811279
0.168457,0.016113,1.050659
0.201294,-0.458374,0.876099
-0.376709,0.103149,0.879150
0.527344,-0.267578,1.068115
-0.336304,-0.179077,0.797852
0.086182,0.079834,1.048096
0.282837,-0.499634,0.894409
-0.415283,0.041138,0.837280
0.526611,-0.238281,1.095215
-0.264771,-0.213867,0.805664
0.017578,0.145142,1.050659
0.351562,-0.461182,0.945801
-0.447876,0.027344,0.830688
0.509888,-0.181885,1.118042
-0.185059,-0.237915,0.836060
-0.046143,0.207520,1.067139
0.402466,-0.430542,0.978882
-0.456543,-0.015869,0.805176
0.479614,-0.155029,1.115112
-0.070923,-0.275391,0.877441
-0.121704,0.225342,1.058350
0.432251,-0.372192,1.018555
-0.447754,-0.063965,0.807007
0.449585,-0.143188,1.126709
0.024292,-0.349731,0.894409
-0.163086,0.200928,1.039185
0.471558,-0.322998,1.041992
-0.438599,-0.073364,0.804932
0.398560,-0.100464,1.124878
0.074463,-0.395630,0.887695
-0.221313,0.206299,1.024902
0.516357,-0.303345,1.077148
-0.421387,-0.072876,0.801025
0.342407,-0.032227,1.124756
0.124756,-0.410400,0.917236
-0.287109,0.163452,0.997559
0.553467,-0.272217,1.124634
-0.379517,-0.117676,0.811279
0.269775,0.041626,1.132812
0.199219,-0.426025,0.935791
-0.341431,0.147095,0.951660
0.556763,-0.262939,1.122559
-0.329224,-0.189819,0.823608
0.211792,0.090942,1.130249
0.249023,-0.424438,0.948853
-0.360352,0.098755,0.908936
0.570679,-0.249023,1.128906
-0.282104,-0.198853,0.853271
0.132202,0.104736,1.100342
0.306274,-0.439209,0.971802
-0.389038,0.078613,0.880981
0.566040,-0.211060,1.145996
-0.243652,-0.216431,0.845703
0.081909,0.148315,1.115723
0.365479,-0.422852,0.990845
-0.418091,0.095947,0.869507
0.555298,-0.154663,1.162476
-0.185425,-0.234253,0.860107
0.016968,0.166016,1.097412
0.407715,-0.415527,1.011230
-0.450928,0.038574,0.856323
0.543945,-0.153931,1.173096
-0.090576,-0.282227,0.883057
-0.065063,0.232544,1.098633
0.428589,-0.358765,1.031128
-0.421143,-0.055786,0.850586
0.508789,-0.129395,1.184937
-0.032104,-0.331665,0.882202
-0.100220,0.236938,1.089844
0.466919,-0.327393,1.050903
-0.443481,-0.042236,0.839111
0.480957,-0.113037,1.181396
0.002197,-0.352417,0.888306
-0.174072,0.219360,1.059448
0.499634,-0.308716,1.074829
-0.439819,-0.052124,0.825806
0.431274,-0.075806,1.164185
0.051880,-0.337402,0.906982
-0.246338,0.233398,1.046753
0.539917,-0.315674,1.111206
-0.422974,-0.106201,0.815430
0.342529,-0.043335,1.156616
0.111572,-0.364746,0.924683
-0.291748,0.223999,1.008423
0.549683,-0.258301,1.121338
-0.369751,-0.172119,0.812622
0.270874,-0.010986,1.133789
0.164185,-0.408203,0.930420
-0.341187,0.136353,0.927734
0.559448,-0.238403,1.140991
-0.311401,-0.211792,0.802612
0.170288,0.064941,1.108887
0.250122,-0.416748,0.949097
-0.404541,0.116455,0.911987
0.557251,-0.206909,1.143066
-0.289429,-0.225342,0.818970
0.093262,0.112793,1.106079
0.317505,-0.431274,0.971924
-0.436279,0.086548,0.868286
0.532715,-0.138062,1.143433
-0.217041,-0.250122,0.829468
0.012695,0.135254,1.092896
0.355957,-0.397095,0.991089
-0.447998,0.021362,0.835571
0.511719,-0.135620,1.144897
-0.105957,-0.272949,0.844116
-0.082153,0.176758,1.061890
0.394409,-0.376709,0.995483
-0.460205,-0.049561,0.825928
0.474976,-0.122437,1.148926
-0.091431,-0.312744,0.816650
-0.170166,0.211792,1.054565
0.439087,-0.358765,1.021240
-0.476074,-0.060547,0.806519
0.412476,-0.081177,1.144531
-0.063354,-0.322388,0.830933
-0.234985,0.208740,1.006836
0.482544,-0.304077,1.054688
-0.473511,-0.100342,0.774536
0.338013,-0.061523,1.131958
0.019775,-0.382935,0.857056
-0.318237,0.180298,0.949219
0.487915,-0.283081,1.059204
-0.413208,-0.130493,0.775146
0.244141,0.016724,1.114990
0.098389,-0.382446,0.864502
-0.404785,0.147705,0.897339
0.507324,-0.261108,1.080322
-0.380127,-0.192261,0.768677
0.132935,0.069824,1.075562
0.195435,-0.411377,0.897827
-0.467651,0.089233,0.850464
0.506348,-0.235962,1.092407
-0.279419,-0.267578,0.792725
0.021973,0.142334,1.070679
0.240112,-0.363037,0.900146
-0.505127,0.018311,0.802734
0.482788,-0.251709,1.091187
-0.200439,-0.367065,0.772217
-0.056885,0.127441,1.026733
0.300415,-0.363892,0.908081
-0.537109,0.085083,0.796997
0.458618,-0.229492,1.072021
-0.139038,-0.366577,0.788330
-0.172119,0.112427,0.972412
0.344116,-0.351440,0.951416
-0.541260,0.030518,0.760864
0.405640,-0.114624,1.089600
-0.122559,-0.295654,0.812744
-0.269409,0.163208,0.971436
0.413574,-0.389771,0.987061
-0.546631,-0.061523,0.735474
0.339233,-0.098877,1.076172
-0.085449,-0.327759,0.798584
-0.349609,0.202271,0.921509
0.436890,-0.320801,0.996216
-0.521606,-0.089722,0.714844
0.265503,-0.049438,1.065552
-0.031006,-0.356689,0.809204
-0.401489,0.190430,0.905884
0.433960,-0.319946,0.994507
-0.520142,-0.103149,0.723877
0.208008,-0.025879,1.058716
0.023315,-0.399902,0.810303
-0.453247,0.191284,0.873169
0.461304,-0.288818,1.013672
-0.467773,-0.132812,0.752441
0.095215,0.054932,1.032959
0.071777,-0.431641,0.804077
-0.485229,0.141968,0.831177
0.469482,-0.279541,1.032837
-0.417969,-0.127441,0.785889
0.033447,0.102295,1.020142
0.135986,-0.403564,0.841187
-0.537354,0.104370,0.811157
0.475586,-0.254883,1.045898
-0.344116,-0.211670,0.746582
-0.063599,0.144165,0.993286
0.200195,-0.397095,0.864014
-0.562988,0.047119,0.778198
0.440430,-0.231445,1.044189
-0.254028,-0.313599,0.721313
-0.129028,0.176147,0.968262
0.255127,-0.357300,0.884155
-0.600586,0.059448,0.743164
0.410156,-0.224487,1.025391
-0.181274,-0.386963,0.713989
-0.190552,0.172485,0.958008
0.304932,-0.329590,0.916992
-0.624512,0.040405,0.732788
0.359619,-0.200806,1.005981
-0.159424,-0.379517,0.736328
-0.249146,0.134033,0.915283
0.356079,-0.338745,0.934692
-0.607178,0.055664,0.733521
0.282349,-0.106812,1.007080
-0.112305,-0.397339,0.732178
-0.327026,0.145996,0.901245
0.401367,-0.341187,0.955811
-0.576538,0.021362,0.710815
0.201904,-0.006958,0.994873
-0.063110,-0.381470,0.764404
-0.417358,0.142456,0.870972
0.427612,-0.330566,0.980591
-0.540283,-0.033569,0.710205
0.136475,0.077026,1.012695
-0.003784,-0.367554,0.783081
-0.463501,0.154541,0.857056
0.420410,-0.313599,0.970215
-0.504761,-0.132202,0.710571
0.098633,0.063232,1.008179
0.049072,-0.395752,0.779297
-0.511841,0.243042,0.853271
0.423706,-0.268921,0.973389
-0.470459,-0.150757,0.717896
0.081787,0.015625,0.999390
0.085449,-0.414673,0.812866
-0.578003,0.212646,0.799927
0.446289,-0.237183,0.995361
-0.392334,-0.141357,0.758423
0.002808,0.102783,1.005615
0.146240,-0.419800,0.831665
-0.575806,0.187256,0.805908
0.420288,-0.204224,0.976562
-0.330078,-0.191284,0.735229
-0.055054,0.131836,0.981934
0.224976,-0.421997,0.863159
-0.616211,0.147949,0.769775
0.428101,-0.188721,1.012939
-0.234253,-0.273682,0.728516
-0.156494,0.192505,0.967773
0.289795,-0.384399,0.888794
-0.605591,0.088989,0.746094
0.399048,-0.142944,1.026733
-0.157959,-0.330688,0.721069
-0.233276,0.224243,0.935181
0.348389,-0.347046,0.911499
-0.603882,0.034302,0.721436
0.351196,-0.146484,0.999390
-0.108643,-0.374878,0.725464
-0.322266,0.213013,0.886230
0.405518,-0.340332,0.926636
-0.572021,0.017578,0.713257
0.255371,-0.024658,1.004150
-0.040283,-0.423584,0.738525
-0.396484,0.193237,0.861572
0.419800,-0.313843,0.949097
-0.541260,-0.022095,0.720947
0.170044,0.052612,1.002197
0.020508,-0.415161,0.762573
-0.477051,0.212646,0.848755
0.446655,-0.284912,0.962769
-0.470703,-0.072144,0.737549
0.114746,0.111938,1.025879
0.079590,-0.393066,0.793823
-0.539185,0.208130,0.813965
0.437866,-0.285278,0.960693
-0.385986,-0.149536,0.756104
0.056152,0.128296,1.018921
0.147827,-0.370361,0.828735
-0.567017,0.192871,0.809570
0.422363,-0.216553,0.975342
-0.330811,-0.200928,0.740723
-0.002930,0.158691,1.011597
0.229126,-0.387207,0.872437
-0.614136,0.191162,0.784424
0.370117,-0.127563,1.007446
-0.236084,-0.264038,0.736938
-0.241699,0.173828,0.923828
0.352539,-0.375244,0.915161
-0.577759,0.032715,0.747681
0.327393,-0.081665,1.015869
-0.312988,0.189087,0.882935
0.377075,-0.331055,0.931885
-0.554932,-0.020264,0.727539
0.268066,-0.023438,1.021606
-0.084351,-0.405762,0.724121
-0.381226,0.213745,0.868774
0.407593,-0.325928,0.940918
-0.549438,-0.026489,0.714600
0.204468,0.006836,1.005615
-0.012207,-0.395020,0.771362
-0.440063,0.211182,0.852417
0.412598,-0.291504,0.946777
-0.520508,-0.044678,0.725342
0.154785,0.044678,1.011230
0.033813,-0.391602,0.792358
-0.498291,0.192749,0.815918
0.425415,-0.243774,0.977539
-0.440186,-0.077271,0.751831
0.098511,0.112671,1.030273
0.087402,-0.411377,0.801392
-0.535156,0.192505,0.808960
0.447632,-0.223267,0.984009
-0.384888,-0.107300,0.760864
0.033936,0.176636,1.020874
0.156250,-0.405273,0.824219
-0.580688,0.170044,0.783813
0.448120,-0.220825,1.003296
-0.317261,-0.213257,0.733521
-0.045410,0.218262,1.011353
0.221313,-0.376099,0.856689
-0.583008,0.120483,0.777832
0.447266,-0.208252,1.020264
-0.246216,-0.242676,0.744019
-0.117676,0.216797,0.963013
0.281860,-0.351562,0.897705
-0.606689,0.075073,0.750488
0.422607,-0.173584,1.040649
-0.148682,-0.359375,0.727905
-0.180176,0.214233,0.939453
0.324951,-0.326782,0.901123
-0.601318,0.083130,0.741699
0.396606,-0.165405,1.008057
-0.071167,-0.383423,0.760620
-0.241577,0.193970,0.900635
0.355347,-0.299072,0.905762
-0.578857,0.096191,0.746948
0.341187,-0.122437,0.991211
-0.017578,-0.418579,0.747681
-0.293823,0.199829,0.877686
0.399658,-0.305908,0.925049
-0.584595,0.032837,0.705811
0.262329,-0.092407,0.968750
0.023071,-0.456421,0.764648
-0.358032,0.169189,0.847046
0.405151,-0.249146,0.946655
-0.525513,-0.029175,0.733276
0.189697,-0.018311,0.989502
0.050781,-0.448730,0.782471
-0.416870,0.140747,0.831055
0.446045,-0.257202,0.985352
-0.487183,-0.013062,0.752808
0.109619,0.088867,1.009521
0.097412,-0.447632,0.781372
-0.480469,0.139893,0.809326
0.471680,-0.228882,1.016113
-0.411621,-0.099731,0.751343
0.032104,0.120728,0.997803
0.171875,-0.446533,0.819702
-0.558350,0.142456,0.763062
-0.276855,-0.198730,0.791748
-0.053711,0.184082,0.999878
0.238647,-0.429321,0.844849
-0.567749,0.092896,0.748169
-0.193115,-0.253418,0.785278
-0.124878,0.205322,0.978516
0.295898,-0.372681,0.893677
-0.583374,0.076416,0.748535
0.421509,-0.222412,1.014038
-0.100952,-0.337769,0.782837
-0.191162,0.203369,0.947632
0.339966,-0.359985,0.911987
-0.558716,0.035767,0.746094
0.375244,-0.152222,1.015137
-0.018311,-0.425659,0.771240
-0.286499,0.194946,0.890015
0.405273,-0.343140,0.942261
-0.527100,-0.042358,0.733765
0.268066,-0.073120,0.983643
0.034058,-0.473389,0.765625
-0.312866,0.133911,0.850830
0.430298,-0.314575,0.952637
-0.506470,-0.046021,0.735107
0.200317,-0.015259,0.997314
0.087402,-0.468140,0.776245
-0.411499,0.130127,0.826050
0.453003,-0.314941,0.978027
-0.453125,-0.115234,0.745972
0.098877,0.074463,1.006104
0.138062,-0.458618,0.801514
-0.481689,0.094482,0.788574
0.475830,-0.293091,1.002930
-0.343872,-0.171631,0.781372
-0.002686,0.157104,1.015747
0.199097,-0.439331,0.835693
-0.524780,0.050293,0.745972
0.501953,-0.297119,1.033081
-0.276855,-0.227051,0.771973
-0.078003,0.220825,1.018188
0.275146,-0.418335,0.876343
-0.549927,0.055786,0.760620
0.452271,-0.262329,1.014771
-0.181274,-0.257935,0.808838
-0.123047,0.211914,1.002808
0.326050,-0.386841,0.915649
-0.544922,0.021118,0.766846
0.423828,-0.215698,1.032593
-0.128052,-0.329590,0.790894
-0.154053,0.168213,0.978760
0.366577,-0.372803,0.938721
-0.538696,0.036377,0.769897
0.396851,-0.184082,1.013184
-0.055908,-0.334106,0.817993
-0.201904,0.126587,0.928711
0.409668,-0.371582,0.970581
-0.528198,-0.013672,0.754272
0.345825,-0.159790,1.006470
-0.003418,-0.430176,0.800537
-0.215088,0.116455,0.941162
0.430908,-0.335571,0.980713
-0.520752,-0.000732,0.751953
0.315063,-0.124146,1.002930
0.062012,-0.411743,0.834717
-0.261963,0.101685,0.917603
0.448975,-0.362427,0.983276
-0.499268,-0.052856,0.754639
0.278809,-0.044678,1.025391
0.086670,-0.440552,0.816284
-0.311279,0.161987,0.940552
0.461548,-0.361572,0.993530
-0.473755,-0.124023,0.749512
0.257202,-0.049438,1.036133
0.094727,-0.452271,0.808960
-0.350342,0.168945,0.911011
0.496460,-0.331177,1.014771
-0.423096,-0.131348,0.789429
0.194092,-0.005615,1.043335
0.125854,-0.455444,0.833374
-0.365112,0.146362,0.883545
0.508057,-0.300415,1.036011
-0.406128,-0.127563,0.787109
0.149292,0.007080,1.036133
0.181396,-0.463867,0.856201
-0.378662,0.078735,0.853149
0.497681,-0.250732,1.054688
-0.363892,-0.186279,0.777344
0.097900,0.065063,1.049194
0.240967,-0.501099,0.867798
-0.405029,0.042358,0.831421
0.505493,-0.236450,1.066040
-0.304443,-0.186157,0.799438
0.036621,0.117432,1.041138
0.308228,-0.507690,0.907104
-0.454102,0.000610,0.795898
0.503906,-0.209839,1.102661
-0.253418,-0.223145,0.805664
-0.026489,0.182617,1.062988
0.364746,-0.469971,0.941162
-0.466553,0.035156,0.809204
0.475586,-0.154663,1.103027
-0.155151,-0.268555,0.844116
-0.072876,0.200317,1.067871
0.407349,-0.442261,0.970337
-0.489502,0.005615,0.798218
0.447388,-0.138550,1.107300
-0.030396,-0.303345,0.878296
-0.130005,0.206665,1.064331
0.427734,-0.403809,0.994385
-0.484985,-0.015259,0.803833
0.434448,-0.128296,1.115723
0.048706,-0.349854,0.887329
-0.203003,0.222900,1.029785
0.469238,-0.337524,1.037720
-0.439087,-0.083374,0.801025
0.366699,-0.082031,1.109009
0.074097,-0.403809,0.872437
-0.226685,0.182983,1.005859
0.518188,-0.282104,1.083008
-0.417480,-0.083252,0.811279
0.299194,-0.020142,1.102295
0.139648,-0.465088,0.895874
-0.294312,0.139771,0.983032
0.525635,-0.250977,1.118408
-0.389160,-0.139160,0.793457
0.256714,0.044434,1.112183
0.220703,-0.437988,0.938354
-0.369263,0.108643,0.933716
0.553589,-0.293335,1.116333
-0.325806,-0.191406,0.813232
0.167725,0.115112,1.104004
0.275391,-0.426514,0.936523
-0.363647,0.059814,0.891235
0.570923,-0.238647,1.146973
-0.270508,-0.217285,0.838623
0.075562,0.154541,1.084351
0.332275,-0.440063,0.962891
-0.406738,0.032349,0.866943
0.563232,-0.224731,1.144897
-0.197510,-0.247559,0.874512
0.032104,0.198364,1.095337
0.351318,-0.382935,0.991333
-0.429199,0.022095,0.855469
0.551636,-0.223145,1.157227
-0.144287,-0.294922,0.883545
-0.012207,0.200073,1.095703
0.401855,-0.356689,1.009155
-0.443359,0.018921,0.841675
0.515625,-0.185547,1.143433
-0.063721,-0.338989,0.880981
-0.027954,0.199341,1.111084
0.429932,-0.352539,1.028320
-0.474121,0.017822,0.824829
0.488525,-0.143921,1.160889
0.014771,-0.392822,0.889648
-0.076416,0.189331,1.111938
0.439575,-0.322266,1.048462
-0.461792,-0.012573,0.825073
0.474365,-0.123413,1.174683
0.016968,-0.383789,0.887695
-0.129761,0.203003,1.086426
0.484497,-0.309692,1.082886
-0.470825,0.006348,0.821289
0.456055,-0.105469,1.167847
0.045532,-0.358398,0.903320
-0.192749,0.213135,1.070923
0.506836,-0.299683,1.097778
-0.454956,-0.045044,0.809692
0.416870,-0.057617,1.173340
0.098145,-0.382202,0.914185
-0.260132,0.246338,1.044556
0.526123,-0.276367,1.107422
-0.411499,-0.102295,0.810059
0.380615,-0.037109,1.170410
0.101807,-0.351807,0.924438
-0.286255,0.211304,1.012573
0.550781,-0.282227,1.117554
-0.380005,-0.155640,0.810181
0.296875,0.019165,1.146118
0.152954,-0.374756,0.918335
-0.313477,0.168335,0.966309
0.557251,-0.261475,1.125610
-0.345947,-0.199585,0.814819
0.235474,0.031860,1.130249
0.208862,-0.407837,0.933350
-0.356812,0.133667,0.931152
0.570557,-0.239624,1.143677
-0.312988,-0.217773,0.816895
0.151489,0.083252,1.122192
0.281738,-0.417969,0.965210
-0.411743,0.122437,0.896606
0.552979,-0.198120,1.131470
-0.261475,-0.247803,0.828247
0.074585,0.110474,1.094360
0.316650,-0.383179,0.973633
-0.436157,0.054199,0.860840
0.549194,-0.186523,1.159912
-0.180542,-0.281616,0.833862
-0.009766,0.151245,1.084106
0.351074,-0.352295,0.990845
-0.459106,0.008301,0.828247
0.530396,-0.170654,1.163940
-0.077637,-0.335449,0.843262
-0.090332,0.162720,1.054199
0.362061,-0.332642,0.972778
-0.473633,-0.014282,0.804810
0.499756,-0.154053,1.171631
-0.048584,-0.360352,0.844604
-0.182617,0.196533,1.042114
0.439697,-0.332275,1.017700
-0.478760,-0.026733,0.807739
0.401733,-0.086304,1.140747
-0.019165,-0.357178,0.858154
-0.239136,0.172485,1.011597
0.484253,-0.301392,1.073975
-0.484985,-0.051392,0.772217
0.332153,-0.028198,1.136475
0.047119,-0.370605,0.868164
-0.310791,0.165161,0.978516
0.500000,-0.289551,1.076050
-0.439575,-0.109741,0.768188
0.258789,0.032959,1.122681
0.088501,-0.364624,0.874390
-0.376587,0.127930,0.923828
0.522095,-0.301514,1.098755
-0.401855,-0.183105,0.770386
0.174561,0.066895,1.106689
0.130493,-0.366211,0.882812
-0.431885,0.132324,0.888916
0.537354,-0.292847,1.100464
-0.361328,-0.229370,0.785889
0.105835,0.072510,1.069824
0.184448,-0.390259,0.891968
-0.472900,0.124268,0.853149
0.520264,-0.235474,1.100464
-0.318726,-0.239014,0.797119
0.042725,0.082397,1.049683
0.234253,-0.420410,0.895630
-0.505981,0.087402,0.823975
0.500122,-0.199219,1.098145
-0.228027,-0.270508,0.783691
-0.032104,0.155273,1.047363
0.276245,-0.399170,0.909668
-0.529785,0.050293,0.804199
0.478638,-0.227783,1.067749
-0.192749,-0.342285,0.743774
-0.104614,0.161987,1.025146
0.314453,-0.373047,0.915649
-0.546265,0.033447,0.765869
0.431152,-0.199585,1.065430
-0.166382,-0.367554,0.749023
-0.149658,0.173340,1.017090
0.340820,-0.341064,0.941895
-0.593018,0.052856,0.757446
0.407471,-0.217041,1.055420
-0.124634,-0.376465,0.782471
-0.234619,0.150269,0.970459
0.374023,-0.311157,0.974121
-0.572754,-0.012695,0.725586
0.358765,-0.143799,1.067627
-0.098267,-0.358887,0.778442
-0.316040,0.153809,0.922607
0.402100,-0.325562,0.994507
-0.551514,-0.085327,0.717529
0.302368,-0.093872,1.072144
-0.077026,-0.361328,0.786377
-0.367676,0.191162,0.903687
0.425293,-0.322144,0.995117
-0.521362,-0.082153,0.737183
0.247437,-0.060181,1.056885
-0.052612,-0.400024,0.771484
-0.403076,0.181885,0.885254
0.424316,-0.311157,0.993530
-0.504883,-0.112793,0.725464
0.183472,-0.022461,1.046509
0.013306,-0.407715,0.812134
-0.457275,0.181396,0.881470
0.432617,-0.277710,1.008789
-0.512085,-0.130737,0.692871
0.135620,0.011963,1.028320
0.084229,-0.427856,0.826904
-0.516724,0.175781,0.849854
0.433838,-0.242188,1.018921
-0.475952,-0.148682,0.728638
0.072876,0.064209,1.029785
0.130005,-0.457275,0.824829
-0.545898,0.174316,0.828735
0.433472,-0.237061,1.006104
-0.415283,-0.168945,0.723267
0.015991,0.096680,1.015137
0.174072,-0.443848,0.847534
-0.562988,0.145020,0.811035
0.432007,-0.222290,1.014282
-0.348877,-0.215088,0.724609
-0.043579,0.132080,1.000000
0.204102,-0.420776,0.857422
-0.567017,0.086304,0.784302
0.430176,-0.207153,1.024048
-0.300537,-0.260132,0.706787
-0.113159,0.178955,0.982910
0.263184,-0.399536,0.879517
-0.581665,0.055542,0.767212
0.422241,-0.199219,1.034302
-0.253174,-0.299805,0.708374
-0.182739,0.193115,0.968018
0.304077,-0.380127,0.897949
-0.609863,0.050171,0.740723
0.398315,-0.187134,1.028076
-0.181763,-0.346802,0.722290
-0.235229,0.192993,0.936646
0.328735,-0.357300,0.904663
-0.619873,0.039917,0.734375
0.361206,-0.181030,1.019775
-0.135742,-0.411865,0.713013
-0.296387,0.195801,0.906250
0.349854,-0.337158,0.917114
-0.593018,0.041260,0.742920
0.298218,-0.123169,1.006348
-0.104858,-0.398926,0.735107
-0.333496,0.176758,0.892944
0.383179,-0.308472,0.942749
-0.586914,0.024048,0.709595
0.231323,-0.039551,0.997925
-0.033081,-0.422974,0.769653
-0.427124,0.182739,0.863647
0.391357,-0.275391,0.967773
-0.554077,-0.046753,0.687744
0.159912,0.014893,0.994385
0.027710,-0.393188,0.791870
-0.498413,0.190552,0.852051
0.428101,-0.270020,0.976807
-0.487427,-0.062134,0.727417
0.073853,0.121826,1.013794
0.085938,-0.409058,0.810669
-0.538574,0.167969,0.821655
0.436157,-0.255249,0.989624
-0.396118,-0.138062,0.734131
0.015015,0.181152,1.005493
0.153076,-0.397095,0.818237
-0.584351,0.183350,0.804565
0.450439,-0.240723,0.998901
-0.324097,-0.197021,0.740967
-0.038208,0.166748,0.988281
0.209717,-0.381226,0.857910
-0.605591,0.127686,0.760254
0.415161,-0.183350,1.004517
-0.246582,-0.282959,0.729614
-0.087891,0.201538,0.990112
0.270386,-0.365845,0.882202
-0.622803,0.157104,0.770752
0.405884,-0.190063,0.998535
-0.189331,-0.331909,0.731445
-0.166138,0.183228,0.936768
0.328735,-0.356934,0.907471
-0.613281,0.118042,0.753052
0.370605,-0.111938,1.015137
-0.140381,-0.349609,0.713745
-0.221191,0.186035,0.923950
0.360596,-0.354248,0.901978
-0.608398,0.085693,0.746704
0.338135,-0.114502,1.000732
-0.074951,-0.391724,0.745117
-0.300903,0.197754,0.884766
0.374634,-0.315308,0.915527
-0.565308,0.019287,0.733154
0.283203,-0.066528,0.992920
-0.030762,-0.393677,0.752808
-0.362061,0.193604,0.861206
0.406982,-0.291870,0.932495
-0.556030,-0.025024,0.702515
0.225342,-0.027954,0.990356
0.008301,-0.401855,0.769043
-0.411255,0.204712,0.854248
0.436523,-0.258667,0.962769
-0.500732,-0.035400,0.735352
0.125610,0.054321,0.994629
0.073120,-0.448486,0.780762
-0.475342,0.146851,0.817383
0.439697,-0.210571,0.992310
-0.438477,-0.066040,0.755249
0.041260,0.134521,1.005737
0.141479,-0.421021,0.825562
-0.518433,0.123291,0.795166
0.424683,-0.200439,0.999390
-0.342896,-0.126465,0.768799
-0.005371,0.166870,0.996582
0.193359,-0.381348,0.844971
-0.572266,0.100098,0.773926
0.461548,-0.217651,1.030273
-0.240356,-0.248535,0.752075
-0.083252,0.205322,0.975220
0.268921,-0.348022,0.865845
-0.598633,0.097290,0.735352
0.450684,-0.215698,1.022461
-0.132690,-0.326538,0.776489
-0.163208,0.222900,0.947998
0.319946,-0.312134,0.907593
-0.598511,0.109375,0.750244
0.393188,-0.171021,1.015259
-0.064575,-0.405518,0.778687
-0.212891,0.170288,0.919312
0.353516,-0.287842,0.924927
-0.577148,0.085327,0.729126
0.322266,-0.077393,0.986694
-0.010010,-0.435181,0.766479
-0.296143,0.135864,0.881958
0.405640,-0.334839,0.939331
-0.563599,0.045044,0.720093
0.253662,0.019653,0.994019
0.012573,-0.368408,0.771606
-0.357056,0.128296,0.838623
0.450317,-0.346680,0.967529
-0.520264,-0.039062,0.731201
0.192505,0.042847,1.011597
0.041992,-0.408081,0.768311
-0.407715,0.143921,0.827515
0.449219,-0.314209,0.958252
-0.474243,-0.080078,0.749634
0.143921,0.051025,1.005127
0.072144,-0.425537,0.783691
-0.436768,0.136475,0.810181
0.470459,-0.267578,0.997314
-0.457275,-0.075317,0.756226
0.075806,0.080444,0.992188
0.140747,-0.490845,0.798950
-0.490356,0.108154,0.779419
0.472656,-0.241699,1.020386
-0.393677,-0.137695,0.749146
0.012695,0.163940,1.010132
0.198120,-0.451538,0.839844
-0.514038,0.072998,0.762695
0.458618,-0.249268,1.013306
-0.309814,-0.185303,0.778442
-0.047363,0.191162,1.001465
0.230225,-0.405029,0.859375
-0.528076,0.011597,0.739990
0.478394,-0.265015,1.029175
-0.260620,-0.214966,0.789429
-0.105957,0.233521,1.006714
0.279419,-0.406860,0.890259
-0.556396,0.042725,0.751465
0.447266,-0.234741,1.028687
-0.174072,-0.289185,0.796387
-0.130371,0.229980,0.994019
0.296753,-0.359131,0.889893
-0.570557,0.033813,0.743774
0.418335,-0.223755,1.029053
-0.105957,-0.346558,0.795898
-0.163086,0.201904,0.970093
0.340698,-0.339478,0.927612
-0.552490,0.050293,0.761475
0.390259,-0.181519,1.029663
-0.040405,-0.376709,0.809692
-0.198486,0.173706,0.952271
0.370117,-0.364990,0.923340
-0.541992,0.012939,0.746948
0.358154,-0.130249,1.016357
0.015991,-0.446899,0.789307
-0.233398,0.183350,0.942993
0.390503,-0.351807,0.942383
-0.548584,-0.036743,0.725098
0.330811,-0.168823,1.005615
0.058105,-0.453979,0.823608
-0.285767,0.182617,0.923462
0.403076,-0.332642,0.953491
-0.505005,-0.081909,0.733032
0.290161,-0.122803,1.006714
0.078125,-0.482056,0.803101
-0.308350,0.129517,0.874634
0.452148,-0.307739,0.982056
-0.478516,-0.059204,0.753540
0.232178,-0.053711,1.006226
0.115356,-0.480957,0.819336
-0.336060,0.087402,0.867310
0.456421,-0.296143,0.995605
-0.458984,-0.074097,0.756836
0.197510,0.027466,1.039062
0.133667,-0.435303,0.836182
-0.380005,0.098267,0.862793
0.470459,-0.304810,1.026123
-0.428833,-0.118652,0.752930
0.156860,0.051147,1.037598
0.148071,-0.439941,0.844482
-0.385132,0.064453,0.851440
0.495117,-0.306030,1.026733
-0.410522,-0.152222,0.759644
0.121094,0.068970,1.046021
0.195068,-0.482544,0.835938
-0.410156,0.073608,0.839355
0.497925,-0.267944,1.042114
-0.371094,-0.161133,0.782471
0.078857,0.061279,1.026611
0.246094,-0.498657,0.858643
-0.433838,0.046875,0.803467
0.499390,-0.240967,1.057007
-0.308350,-0.181396,0.801880
0.036255,0.099731,1.028931
0.299927,-0.514038,0.890381
-0.477417,0.034058,0.780029
0.489868,-0.220093,1.062500
-0.238525,-0.218750,0.816040
-0.023193,0.172119,1.047607
0.346313,-0.483276,0.931152
-0.493164,0.011108,0.785522
0.468506,-0.196167,1.076416
-0.167114,-0.273560,0.821167
-0.070923,0.224121,1.066162
0.376953,-0.431885,0.960815
-0.480713,-0.012939,0.792969
0.450928,-0.157227,1.093262
-0.088013,-0.307983,0.841797
-0.112061,0.177246,1.035889
0.403564,-0.354004,0.994873
-0.484253,-0.044556,0.774658
0.427856,-0.131592,1.107300
0.002197,-0.378418,0.832764
-0.165894,0.204834,1.031250
0.468384,-0.354004,1.012451
-0.485352,-0.044067,0.787109
0.379639,-0.123413,1.083130
0.092407,-0.435791,0.865112
-0.227295,0.178589,0.995972
0.490112,-0.295532,1.053955
-0.431519,-0.069214,0.793579
0.312134,-0.035889,1.086548
0.113892,-0.404297,0.906738
-0.305176,0.141113,0.967163
0.550049,-0.329956,1.103394
-0.396118,-0.140259,0.789551
0.200562,0.082642,1.092041
0.185059,-0.432495,0.909668
-0.319336,0.104492,0.948730
0.575195,-0.285400,1.131836
-0.359741,-0.179688,0.804321
0.125610,0.115723,1.072266
0.256348,-0.442017,0.914551
-0.379272,0.041016,0.864624
0.581543,-0.260132,1.155518
-0.277832,-0.246338,0.815918
0.080933,0.127441,1.082153
0.309570,-0.406372,0.956665
-0.418091,0.045532,0.838989
0.553589,-0.223999,1.125732
-0.178467,-0.254761,0.866089
0.014038,0.194336,1.099731
0.361328,-0.417358,0.979614
-0.458496,0.033569,0.832764
0.521973,-0.185425,1.141602
-0.136230,-0.279541,0.868652
-0.020020,0.195557,1.092041
0.415894,-0.364380,1.026489
-0.449829,0.013794,0.830078
0.503662,-0.136108,1.148682
-0.046631,-0.306152,0.887817
-0.086914,0.211792,1.082153
0.449463,-0.364014,1.040649
-0.473145,-0.026367,0.829102
0.491089,-0.109985,1.180664
0.039917,-0.379272,0.894287
-0.147217,0.208618,1.072510
0.479736,-0.319946,1.066162
-0.456299,-0.021851,0.820435
0.452026,-0.088501,1.166626
0.066772,-0.386841,0.902100
-0.207886,0.231201,1.066528
0.499634,-0.301514,1.092285
-0.434937,-0.064941,0.815430
0.418335,-0.043701,1.169800
0.084351,-0.393188,0.902222
-0.245728,0.222290,1.045776
0.528442,-0.279663,1.123657
-0.403809,-0.115112,0.809570
0.372925,-0.036987,1.156494
0.108154,-0.360840,0.938232
-0.267944,0.190674,1.010010
0.554443,-0.275513,1.134399
-0.403320,-0.123779,0.811401
0.321045,0.001099,1.149048
0.165161,-0.393677,0.947266
-0.307983,0.169556,0.973267
0.569458,-0.253052,1.134399
-0.360474,-0.163940,0.818481
0.260132,0.025391,1.141113
0.208496,-0.414307,0.952148
-0.336060,0.136353,0.938599
0.572510,-0.233765,1.139404
-0.322510,-0.192627,0.829346
0.203247,0.058472,1.128906
0.266846,-0.414551,0.961182
-0.386597,0.123901,0.905762
0.571045,-0.226807,1.140625
-0.262939,-0.240479,0.844971
0.108765,0.118530,1.109131
0.307739,-0.416260,0.972168
-0.403809,0.082764,0.884766
0.569946,-0.175293,1.169434
-0.213379,-0.231079,0.862549
0.008545,0.172485,1.096558
0.376343,-0.435791,0.988403
-0.430664,-0.046997,0.847778
0.475098,-0.105591,1.168701
-0.135864,-0.255127,0.868652
-0.165039,0.253662,1.067871
0.480347,-0.312744,1.059448
-0.415527,-0.087524,0.825439
0.429199,-0.094360,1.161743
0.047974,-0.369019,0.903687
-0.196411,0.228638,1.064453
0.515503,-0.282959,1.091675
-0.421753,-0.077515,0.819580
0.369385,-0.046753,1.161377
0.125977,-0.397095,0.930420
-0.261353,0.195557,1.024048
0.539673,-0.235229,1.138550
-0.366577,-0.147095,0.811279
0.277466,0.031250,1.140137
0.192627,-0.403442,0.950684
-0.318115,0.118408,0.958252
0.567505,-0.235474,1.148315
-0.316040,-0.175903,0.829468
0.170166,0.096680,1.120605
0.284546,-0.451294,0.964355
-0.379395,0.067627,0.909790
0.574219,-0.231812,1.156616
-0.244629,-0.232910,0.836792
0.085083,0.186646,1.111816
0.329712,-0.376221,0.977905
-0.412842,0.035156,0.878540
0.575928,-0.214966,1.177490
-0.169067,-0.292603,0.859741
0.004272,0.190796,1.095459
0.372681,-0.362671,0.996338
-0.440308,0.025146,0.850586
0.554321,-0.192139,1.175903
-0.080078,-0.359619,0.874512
-0.066162,0.179565,1.070312
0.412720,-0.359253,1.013062
-0.439819,-0.019043,0.837280
0.506958,-0.126221,1.180298
-0.054321,-0.354736,0.857666
-0.105347,0.186890,1.070923
0.465332,-0.354980,1.058838
-0.451050,-0.042969,0.839966
0.476562,-0.085449,1.178101
-0.029541,-0.317749,0.874023
-0.172119,0.202515,1.067627
0.476929,-0.323730,1.071899
-0.455688,-0.068237,0.802490
0.438354,-0.066162,1.172241
0.004028,-0.308228,0.878174
-0.213623,0.230591,1.054077
0.499268,-0.311035,1.068359
-0.461426,-0.059692,0.810913
0.399658,-0.069580,1.164551
0.044312,-0.349121,0.898315
-0.268311,0.190430,1.003906
0.511475,-0.277588,1.096924
-0.446289,-0.100220,0.786377
0.343750,-0.040161,1.154297
0.088623,-0.394409,0.885376
-0.288940,0.176392,0.992554
0.520386,-0.257935,1.108643
-0.427979,-0.111694,0.779663
0.282959,-0.001099,1.135254
0.145508,-0.418579,0.908447
-0.354614,0.160400,0.941528
0.523193,-0.259399,1.100708
-0.373413,-0.169800,0.803467
0.214111,0.030884,1.122803
0.172974,-0.410278,0.901245
-0.390381,0.160278,0.919678
0.545532,-0.243164,1.107056
-0.356445,-0.195679,0.800537
0.136353,0.065796,1.091553
0.217773,-0.423340,0.912964
-0.417969,0.112549,0.890625
0.532349,-0.226562,1.099731
-0.329956,-0.193726,0.801392
0.074707,0.119995,1.088135
0.253052,-0.416382,0.907471
-0.466064,0.073730,0.845337
0.531372,-0.227539,1.116089
-0.251831,-0.284912,0.794067
0.012207,0.126709,1.062988
0.266968,-0.389771,0.917358
-0.487305,0.036011,0.809326
0.536499,-0.233887,1.126221
-0.208496,-0.346436,0.793945
-0.033325,0.129639,1.039185
0.297485,-0.367798,0.925537
-0.499390,0.027222,0.797363
0.495850,-0.192261,1.123413
-0.164795,-0.328613,0.794556
-0.074341,0.135010,1.027466
0.327026,-0.366089,0.940796
-0.530151,0.036133,0.805054
0.494751,-0.233398,1.095581
-0.164429,-0.327637,0.768311
-0.143555,0.174316,1.015381
0.355835,-0.360840,0.952393
-0.537231,0.009277,0.783325
0.459106,-0.220093,1.101074
-0.145264,-0.386108,0.774658
-0.182739,0.153687,0.997437
0.356567,-0.346191,0.958496
-0.557007,0.033813,0.774170
0.426392,-0.185913,1.092773
-0.125610,-0.393433,0.784912
-0.214844,0.164307,1.002686
0.367310,-0.357666,0.957153
-0.561646,0.019287,0.758667
0.402344,-0.132446,1.085205
-0.133911,-0.327759,0.786377
-0.246704,0.168091,0.986450
0.401001,-0.357300,0.979858
-0.572266,0.001587,0.741211
0.363770,-0.116333,1.070557
-0.101562,-0.358887,0.788086
-0.292236,0.153198,0.937012
0.382080,-0.341064,0.965820
-0.544189,-0.041748,0.744141
0.349487,-0.112671,1.073730
-0.102783,-0.343994,0.775024
-0.337891,0.187134,0.925537
0.404419,-0.331543,0.979126
-0.548096,-0.069946,0.725220
0.307983,-0.102295,1.062134
-0.063599,-0.384277,0.784180
-0.375977,0.193604,0.898926
0.414551,-0.322021,0.980103
-0.535522,-0.091675,0.726196
0.242432,-0.071777,1.044434
-0.030518,-0.413086,0.785400
-0.395630,0.181030,0.895874
0.416504,-0.280640,0.994263
-0.527710,-0.064941,0.723267
0.178223,-0.007935,1.023193
0.043701,-0.416748,0.824341
-0.458130,0.169678,0.862671
0.410278,-0.256714,0.996582
-0.508301,-0.084717,0.723633
0.132080,0.042114,1.038086
0.082153,-0.426758,0.826904
-0.518555,0.161133,0.847900
0.428955,-0.265015,0.999023
-0.454956,-0.171631,0.710938
0.054199,0.110718,1.027222
0.137085,-0.391357,0.836548
-0.547485,0.144897,0.840698
0.425781,-0.255371,1.010010
-0.386841,-0.185425,0.724487
-0.012451,0.138672,1.002808
0.184448,-0.383789,0.856812
-0.564453,0.084351,0.798340
0.437988,-0.233887,1.024414
-0.333862,-0.259521,0.697510
-0.061157,0.139771,0.985474
0.229004,-0.392578,0.865967
-0.587769,0.084229,0.781738
0.430664,-0.224121,1.031006
-0.268921,-0.316406,0.693237
-0.120483,0.174927,0.973633
0.255371,-0.388550,0.865723
-0.593262,0.064331,0.749268
0.413330,-0.228638,1.009155
-0.235107,-0.342163,0.706177
-0.168091,0.164551,0.958618
0.278809,-0.359375,0.890259
-0.595947,0.047974,0.752930
0.410400,-0.196411,1.033936
-0.210938,-0.362305,0.693237
-0.232666,0.181641,0.938110
0.335083,-0.372314,0.916504
-0.615356,0.058105,0.755615
0.372314,-0.161011,1.025757
-0.172119,-0.372437,0.717651
-0.266846,0.162964,0.897705
0.347534,-0.358276,0.928223
-0.610229,0.029297,0.732056
0.334595,-0.125854,1.016724
-0.136230,-0.356567,0.720459
-0.299438,0.178345,0.903320
0.356323,-0.340088,0.919556
-0.595703,0.018555,0.718750
0.312622,-0.111084,1.008179
-0.102539,-0.359497,0.748779
-0.359009,0.206421,0.885498
0.387451,-0.330078,0.934937
-0.598145,0.034302,0.713623
0.265503,-0.098389,0.993164
-0.064697,-0.422852,0.750000
-0.381104,0.211182,0.872803
0.379517,-0.292358,0.931519
-0.576782,0.030518,0.710815
0.228760,-0.055176,0.982422
-0.023682,-0.406982,0.778687
-0.431763,0.200439,0.851562
0.406860,-0.282959,0.948853
-0.563110,-0.037598,0.673462
0.165771,0.012573,0.987549
0.012695,-0.410034,0.782593
-0.443848,0.196655,0.859863
0.413086,-0.281250,0.946411
-0.538696,-0.026245,0.699463
0.154175,0.053833,1.000244
0.021973,-0.394531,0.785034
-0.479858,0.180420,0.841187
0.444214,-0.272461,0.986206
-0.514404,-0.033325,0.719482
0.101196,0.126587,1.014160
0.054199,-0.398071,0.794922
-0.497803,0.164673,0.838379
0.453003,-0.260498,1.008423
-0.481079,-0.041870,0.728638
0.066895,0.188965,1.005859
0.087158,-0.394409,0.780884
-0.503418,0.171265,0.839600
0.439331,-0.234009,0.985474
-0.473633,-0.077393,0.721558
0.080811,0.122437,1.010132
0.113892,-0.418213,0.803833
-0.537842,0.172241,0.821045
0.440552,-0.223022,1.003174
-0.415527,-0.088623,0.737183
0.050049,0.182739,1.013672
0.133667,-0.356812,0.824951
-0.558350,0.150513,0.798462
0.460938,-0.254272,1.002075
-0.379639,-0.136719,0.747437
0.002808,0.220215,1.011353
0.167114,-0.381714,0.813843
-0.560547,0.152344,0.795776
0.442017,-0.228638,1.006714
-0.330566,-0.166870,0.749023
-0.006104,0.231812,1.020508
0.188477,-0.369141,0.827637
-0.593506,0.126099,0.774170
0.464233,-0.242188,1.010742
-0.302124,-0.210327,0.748535
-0.046753,0.217896,0.994263
0.222900,-0.363647,0.850220
-0.596069,0.140991,0.780640
0.463623,-0.239136,1.027100
-0.235840,-0.283081,0.748291
-0.086548,0.215088,0.979004
0.255737,-0.352539,0.870483
-0.596436,0.114868,0.759155
0.456665,-0.210205,1.021729
-0.180786,-0.290894,0.769897
-0.130737,0.200317,0.952881
0.277954,-0.343628,0.869995
-0.596436,0.103149,0.759521
0.437256,-0.202515,1.020508
-0.139038,-0.330933,0.767212
-0.151855,0.208374,0.937500
0.312134,-0.323975,0.885498
-0.621094,0.118408,0.738770
0.415405,-0.222168,0.995605
-0.095825,-0.370850,0.790405
-0.174805,0.164917,0.921021
0.325195,-0.300415,0.904175
-0.588135,0.116577,0.744995
0.395508,-0.156982,0.998291
-0.083862,-0.385132,0.767212
-0.219360,0.149902,0.904297
0.372437,-0.332642,0.926514
-0.578979,0.083374,0.749268
0.351685,-0.114258,1.005127
-0.037109,-0.404541,0.762817
-0.250854,0.153809,0.882935
0.369751,-0.310669,0.909180
-0.571411,0.064697,0.753540
0.326294,-0.129517,0.977783
-0.005371,-0.410278,0.774780
-0.297607,0.163208,0.869263
0.390991,-0.315308,0.929321
-0.541992,0.004272,0.748657
0.279053,-0.078003,0.980835
0.019287,-0.429688,0.764282
-0.324463,0.138428,0.850220
0.406250,-0.289062,0.954102
-0.528198,-0.058594,0.727173
0.247559,-0.062622,0.993530
0.050659,-0.430054,0.772705
-0.376221,0.161621,0.842407
0.431396,-0.303101,0.955444
-0.496582,-0.063965,0.740479
0.192627,-0.005737,1.004883
0.071289,-0.447998,0.781372
-0.414185,0.125244,0.814941
0.458862,-0.303711,0.975586
-0.485474,-0.082031,0.746460
0.117920,0.036011,0.987061
0.112793,-0.460083,0.801880
-0.437988,0.111694,0.809326
0.462158,-0.267944,0.981079
-0.452026,-0.058350,0.761353
0.065308,0.086914,1.006592
0.166992,-0.505981,0.802002
-0.478760,0.093140,0.785034
0.464111,-0.238770,1.003906
-0.397461,-0.106934,0.737549
0.019043,0.162354,1.015991
0.227905,-0.430420,0.858521
-0.557007,0.055176,0.745361
0.465088,-0.294922,0.999146
-0.296753,-0.232300,0.771240
-0.048096,0.208374,1.021606
0.269043,-0.408569,0.869995
-0.554688,0.073730,0.739868
0.448486,-0.248901,1.011353
-0.199097,-0.269653,0.801392
-0.114380,0.173340,0.991455
0.324341,-0.450684,0.898071
-0.545166,0.041504,0.743652
0.423340,-0.162354,1.034912
-0.139771,-0.271362,0.801636
-0.170166,0.192993,0.963623
0.361694,-0.428833,0.919922
-0.537598,-0.004517,0.759155
0.400513,-0.175049,1.021851
-0.083618,-0.328369,0.796997
-0.231079,0.209473,0.947144
0.394531,-0.384277,0.962524
-0.520874,-0.074585,0.739624
0.350342,-0.145874,1.029053
-0.004028,-0.417847,0.795288
-0.267700,0.205322,0.928955
0.409424,-0.365112,0.951050
-0.486328,-0.066650,0.774780
0.309082,-0.109863,1.029419
0.042847,-0.477051,0.787842
-0.294922,0.140015,0.892578
0.440796,-0.354126,0.970459
-0.479614,-0.064819,0.763794
0.261353,-0.074585,1.023682
0.086670,-0.488770,0.780518
-0.339966,0.130737,0.870483
0.468506,-0.317261,0.987183
-0.464600,-0.078735,0.764893
0.205078,-0.037720,1.019409
0.104492,-0.471924,0.816650
-0.390991,0.086304,0.847168
0.491577,-0.315674,1.022705
-0.431396,-0.107422,0.758789
0.129272,0.076172,1.031982
0.167725,-0.457520,0.849121
-0.418945,0.076904,0.840454
0.494873,-0.309570,1.028931
-0.385620,-0.160034,0.753174
0.087280,0.111816,1.030884
0.232422,-0.447510,0.879150
-0.454468,0.031982,0.801147
0.505249,-0.299438,1.044678
-0.323486,-0.236328,0.760742
0.023071,0.159790,1.041992
0.273682,-0.452759,0.892212
-0.470703,0.019165,0.784668
0.506104,-0.280640,1.050659
-0.274292,-0.225098,0.804077
-0.025757,0.168457,1.031372
0.325195,-0.464600,0.918335
-0.485107,0.016479,0.777954
0.478027,-0.228760,1.069946
-0.210327,-0.255981,0.812622
-0.056519,0.166626,1.036865
0.345703,-0.438354,0.937378
-0.486572,0.006836,0.781128
0.473145,-0.219971,1.082886
-0.159424,-0.280640,0.827271
-0.087036,0.190552,1.032837
0.362915,-0.407104,0.951294
-0.484253,0.004150,0.803711
0.474243,-0.183228,1.105713
-0.088989,-0.326416,0.840698
-0.126465,0.201294,1.034912
0.401001,-0.414795,0.967163
-0.483398,-0.006592,0.795166
0.453613,-0.150024,1.105957
-0.038818,-0.344360,0.850830
-0.163574,0.201538,1.018555
0.432251,-0.403809,0.984375
-0.466064,-0.065430,0.773193
0.428223,-0.107910,1.126587
0.007935,-0.378174,0.859863
-0.191040,0.196411,1.024902
0.464233,-0.406128,1.002319
-0.457031,-0.078491,0.786377
0.392334,-0.078613,1.119995
0.041382,-0.369141,0.866699
-0.195801,0.196289,1.025391
0.488647,-0.369751,1.040527
-0.452026,-0.074341,0.781982
0.361816,-0.068115,1.103882
0.101929,-0.410889,0.888672
-0.238281,0.207520,1.016846
0.479248,-0.310547,1.044312
-0.406616,-0.109131,0.804077
0.339111,-0.060669,1.111694
0.098999,-0.407959,0.889038
-0.272827,0.186890,0.996338
0.527466,-0.276001,1.092529
-0.395508,-0.118652,0.805664
0.280640,-0.004150,1.105225
0.143677,-0.393555,0.908936
-0.307617,0.126465,0.950806
0.556763,-0.265869,1.128052
-0.376709,-0.167725,0.799316
0.220825,0.036621,1.092163
0.224487,-0.417236,0.932617
-0.348755,0.119263,0.920044
0.559570,-0.240723,1.130493
-0.327515,-0.188843,0.811157
0.148315,0.099976,1.093872
0.284790,-0.463989,0.936768
-0.370239,0.062378,0.887207
0.552979,-0.215942,1.127075
-0.276978,-0.199585,0.822388
0.092285,0.146240,1.089111
0.341919,-0.432373,0.974609
-0.411133,0.053345,0.871826
0.554443,-0.199463,1.147705
-0.207764,-0.233398,0.852051
0.024536,0.194946,1.090576
0.383789,-0.404541,1.000732
-0.435547,0.024536,0.849609
0.541260,-0.174316,1.155640
-0.129517,-0.263062,0.872925
-0.038452,0.232056,1.110229
0.422485,-0.382324,1.020508
-0.442139,-0.014648,0.833740
0.517578,-0.177124,1.159058
-0.043945,-0.340332,0.884399
-0.089966,0.222290,1.083130
0.448120,-0.340576,1.038574
-0.450439,-0.016724,0.835571
0.486206,-0.153809,1.162964
0.028198,-0.385498,0.901611
-0.137817,0.208496,1.077637
0.478027,-0.320312,1.060669
-0.435059,-0.026245,0.831909
0.441772,-0.102173,1.150757
0.023560,-0.371826,0.891357
-0.176025,0.217529,1.072144
0.513916,-0.299927,1.091064
-0.431396,-0.049561,0.821411
0.392700,-0.037598,1.171387
0.070557,-0.388794,0.902222
-0.230591,0.191284,1.050293
0.526855,-0.271729,1.113159
-0.387085,-0.111450,0.830933
0.346436,0.011719,1.167847
0.118286,-0.372192,0.936401
-0.277100,0.181274,1.002441
0.538574,-0.235718,1.132446
-0.361084,-0.152832,0.821899
0.286499,0.016724,1.157959
0.198242,-0.416382,0.941040
-0.325562,0.160889,0.957764
0.549805,-0.229858,1.123657
-0.326172,-0.174683,0.818481
0.209839,0.053345,1.141113
0.253296,-0.442383,0.968506
-0.366333,0.133911,0.926514
0.544556,-0.192993,1.133911
-0.281616,-0.211548,0.821045
0.145752,0.089966,1.135010
0.312378,-0.434204,0.984375
-0.418335,0.109863,0.888672
0.549438,-0.184082,1.135498
-0.241577,-0.223999,0.838379
0.056030,0.147095,1.107910
0.356323,-0.409546,0.992920
-0.405762,0.040405,0.884644
0.543213,-0.153931,1.153564
-0.207275,-0.236084,0.837280
-0.001099,0.163452,1.090576
0.403809,-0.398926,1.024048
-0.448975,0.006470,0.847778
0.507812,-0.098877,1.168091
-0.089355,-0.304199,0.844360
-0.079712,0.183228,1.073853
0.435913,-0.398071,1.015503
-0.446655,-0.043213,0.831543
0.483154,-0.078491,1.174072
-0.052490,-0.306152,0.827271
-0.144165,0.214966,1.064331
0.462524,-0.336304,1.040283
-0.467407,-0.070190,0.811646
0.426147,-0.109253,1.157593
-0.020874,-0.315918,0.869019
-0.217163,0.210693,1.022461
0.489258,-0.291870,1.074463
-0.460693,-0.088135,0.800171
0.359741,-0.081543,1.139771
0.051636,-0.375000,0.880615
-0.277832,0.168213,0.973389
0.499634,-0.272583,1.087280
-0.426514,-0.124268,0.783447
0.281982,-0.041992,1.124634
0.136230,-0.400146,0.904785
-0.368164,0.166016,0.932861
0.530518,-0.237915,1.113159
-0.370361,-0.168945,0.792358
0.170166,0.034424,1.096191
0.189941,-0.426025,0.910645
-0.408081,0.105835,0.888306
0.541016,-0.221191,1.105103
-0.321899,-0.177612,0.815186
0.067871,0.118164,1.083740
0.253662,-0.416138,0.932739
-0.447144,0.041016,0.860352
0.526978,-0.215210,1.114014
-0.242676,-0.229614,0.805054
-0.013306,0.157593,1.064697
0.300537,-0.367920,0.952759
-0.479370,0.003418,0.819580
0.496582,-0.213135,1.118896
-0.167725,-0.317993,0.795776
-0.073975,0.178589,1.048828
0.336182,-0.357788,0.952148
-0.509033,-0.007568,0.796753
0.461792,-0.199097,1.116211
-0.134644,-0.350464,0.778809
-0.156494,0.172974,1.028809
0.382690,-0.344727,0.963379
-0.517700,0.020508,0.794556
0.424072,-0.154541,1.110718
-0.111572,-0.354736,0.803955
-0.238159,0.174805,0.987671
0.418457,-0.332275,0.998169
-0.529907,-0.004883,0.764771
0.353149,-0.119019,1.091187
-0.062744,-0.344360,0.827271
-0.305908,0.175903,0.958618
0.444946,-0.324463,1.015503
-0.492310,-0.081177,0.746826
0.280029,-0.021973,1.094360
-0.012451,-0.366333,0.822876
-0.381592,0.171387,0.924438
0.462158,-0.326904,1.017334
-0.467163,-0.127808,0.744751
0.209351,0.013428,1.086914
0.046631,-0.380005,0.827148
-0.444946,0.170654,0.885864
0.469727,-0.306519,1.035767
-0.450928,-0.163452,0.750488
0.159424,0.020630,1.055786
0.106567,-0.392456,0.837769
-0.469849,0.177002,0.868286
0.469360,-0.276489,1.028931
-0.430298,-0.187744,0.749878
0.096680,0.026855,1.030151
0.145996,-0.389648,0.869995
-0.509521,0.147095,0.832031
0.467773,-0.265259,1.033203
-0.367798,-0.219727,0.759033
0.013916,0.057861,1.022583
0.205200,-0.410889,0.879761
-0.530396,0.115356,0.810913
0.441040,-0.223511,1.030640
-0.306274,-0.244141,0.758179
-0.050415,0.107544,1.009033
0.267822,-0.429565,0.892334
-0.563110,0.075317,0.782959
0.423218,-0.197388,1.043335
-0.238037,-0.291504,0.746582
-0.135742,0.140991,0.976196
0.309082,-0.380249,0.915771
-0.580200,0.027466,0.749023
0.413208,-0.193970,1.045654
-0.184082,-0.328857,0.742798
-0.239136,0.182251,0.961670
0.342407,-0.359497,0.919556
-0.569458,-0.029419,0.728027
0.363770,-0.139893,1.058594
-0.142700,-0.343018,0.743408
-0.317383,0.188843,0.912964
0.380981,-0.332275,0.949341
-0.573730,-0.048096,0.724365
0.295288,-0.131104,1.030762
-0.107178,-0.378906,0.746582
-0.377686,0.197876,0.880249
0.398193,-0.321899,0.948364
-0.540161,-0.038452,0.742798
0.209473,-0.054321,1.039551
-0.028442,-0.423218,0.782104
-0.464233,0.199585,0.847534
0.406616,-0.276978,0.968506
-0.489868,-0.100952,0.738037
0.102661,0.045166,1.021606
0.067139,-0.441406,0.804810
-0.529541,0.168335,0.823975
0.421875,-0.227783,0.997437
-0.427246,-0.156006,0.733398
0.018921,0.104004,1.013306
0.161987,-0.420532,0.847534
-0.581543,0.129028,0.803101
0.422974,-0.207886,1.025757
-0.307495,-0.273682,0.714355
-0.073364,0.174561,0.999512
0.234375,-0.415771,0.862549
-0.604126,0.115479,0.777222
0.418091,-0.205688,1.006470
-0.224121,-0.316284,0.716187
-0.177612,0.176758,0.951660
0.282959,-0.364380,0.892090
-0.600952,0.063232,0.751221
0.387451,-0.175781,1.020386
-0.174194,-0.346313,0.721680
-0.247314,0.179321,0.927612
0.335083,-0.370850,0.900269
-0.610474,0.030640,0.727295
0.336914,-0.141235,1.025269
-0.134277,-0.358643,0.727173
-0.322510,0.179932,0.901001
0.380127,-0.336060,0.931396
-0.590332,0.021484,0.710815
0.250366,-0.065918,1.005493
-0.061768,-0.416260,0.758545
-0.389282,0.187988,0.882324
0.388550,-0.311890,0.941162
-0.553589,-0.011841,0.706055
0.182861,0.013794,0.992310
-0.020386,-0.381104,0.774170
-0.451172,0.185181,0.865845
0.407349,-0.282471,0.965942
-0.522705,-0.047363,0.718384
0.125488,0.078003,1.008545
0.023193,-0.392212,0.780029
-0.510254,0.176025,0.838013
0.427612,-0.256592,0.985718
-0.453247,-0.121704,0.717529
0.072021,0.150513,1.022827
0.088379,-0.388428,0.799927
-0.547852,0.177002,0.826538
0.438354,-0.269775,0.974121
-0.413940,-0.136597,0.730713
0.024780,0.163940,1.010254
0.156616,-0.368530,0.833862
-0.580566,0.177124,0.817749
0.442139,-0.255127,0.990356
-0.347290,-0.206421,0.727661
-0.015869,0.153564,0.995728
0.199219,-0.383423,0.852173
-0.601807,0.175171,0.788330
0.421997,-0.185913,1.004272
-0.274292,-0.248291,0.738770
-0.067993,0.161377,0.986328
0.246338,-0.411621,0.865356
-0.609009,0.166992,0.784058
0.404419,-0.152588,0.999268
-0.241699,-0.241089,0.742065
-0.112183,0.175293,0.965576
0.296509,-0.423584,0.891113
-0.612061,0.127808,0.768311
0.399292,-0.113037,1.012939
-0.198486,-0.279419,0.721558
-0.173706,0.209473,0.957520
0.336060,-0.415527,0.896606
-0.599365,0.119141,0.768799
0.387939,-0.108276,1.012817
-0.147095,-0.323853,0.733032
-0.226685,0.199829,0.915405
0.351318,-0.375977,0.906738
-0.582520,0.053833,0.747803
0.365723,-0.080811,1.027344
-0.112549,-0.366821,0.712036
-0.275146,0.219604,0.896606
0.374390,-0.351685,0.915161
-0.576172,0.038940,0.742432
0.337158,-0.091064,1.017212
-0.068970,-0.384521,0.737915
-0.316650,0.210327,0.882202
0.402832,-0.267578,0.957275
-0.525513,-0.072632,0.709473
0.142334,0.041138,1.014648
0.038574,-0.421631,0.792114
-0.508301,0.224121,0.846436
0.415405,-0.259766,0.970825
-0.476074,-0.075684,0.731567
0.094604,0.117188,1.020874
0.072144,-0.413940,0.789307
-0.535767,0.180054,0.820312
0.436035,-0.255981,0.985107
-0.439331,-0.093262,0.744507
0.045532,0.167358,1.018433
0.114990,-0.405518,0.803101
-0.556519,0.165283,0.812256
0.443970,-0.244385,1.009644
-0.396240,-0.154297,0.732544
0.007935,0.194702,1.013794
0.153320,-0.385254,0.827026
-0.574341,0.155762,0.804077
0.445679,-0.243408,1.001221
-0.335083,-0.210815,0.735962
-0.009888,0.177612,1.004395
0.196045,-0.375732,0.844849
-0.611816,0.157715,0.777954
0.460815,-0.237671,1.012451
-0.263184,-0.271973,0.729370
-0.062866,0.211060,0.992310
0.229370,-0.364868,0.844238
-0.617310,0.158447,0.768921
0.445190,-0.236084,1.009888
-0.217285,-0.311035,0.741333
-0.086182,0.192993,0.982056
0.254761,-0.355469,0.848022
-0.626587,0.187622,0.775757
0.460083,-0.236206,1.011841
-0.184692,-0.315552,0.753540
-0.136597,0.185669,0.957397
0.276001,-0.350220,0.883545
-0.605957,0.120972,0.755249
0.448364,-0.201660,1.024170
-0.169556,-0.315552,0.742188
-0.172363,0.213135,0.947876
0.329102,-0.352051,0.892822
-0.602417,0.105835,0.746826
0.410767,-0.163330,1.021606
-0.119873,-0.346069,0.755005
-0.226440,0.223755,0.921021
0.360474,-0.352051,0.909546
-0.603394,0.086670,0.746094
0.375366,-0.142700,1.016968
-0.078491,-0.376709,0.757812
-0.257568,0.224731,0.904785
0.372070,-0.339966,0.901245
-0.577881,0.054565,0.742798
0.337769,-0.116821,0.995972
-0.046509,-0.396729,0.752686
-0.299561,0.202393,0.873901
0.392822,-0.303833,0.927490
-0.556885,0.035889,0.746460
0.273193,-0.062622,0.989502
-0.002319,-0.419800,0.761963
-0.347900,0.166016,0.850220
0.416138,-0.276611,0.952637
-0.542358,0.003784,0.728760
0.221558,-0.015015,0.990112
0.034424,-0.450317,0.755615
-0.403320,0.170898,0.830566
0.437866,-0.261230,0.967773
-0.496460,-0.033569,0.740845
0.158447,0.071533,1.006226
0.053467,-0.414429,0.769043
-0.437012,0.127563,0.810547
0.450195,-0.285156,0.977417
-0.475708,-0.072876,0.738037
0.126099,0.077881,1.023071
0.110107,-0.424072,0.799683
-0.497803,0.176025,0.800903
0.453857,-0.257812,0.978760
-0.429565,-0.109009,0.744263
0.067871,0.105469,1.020630
0.160522,-0.450928,0.819214
-0.524780,0.149170,0.785522
0.450684,-0.237305,0.983643
-0.354980,-0.137207,0.776978
-0.012451,0.131104,0.990234
0.225098,-0.465698,0.851196
-0.550659,0.100952,0.757812
0.448364,-0.190186,1.015015
-0.286987,-0.181641,0.767090
-0.069458,0.174927,0.986206
0.277832,-0.419312,0.884521
-0.573730,0.046021,0.733643
0.433594,-0.198242,1.028076
-0.181519,-0.293457,0.764648
-0.135132,0.231445,0.990356
0.323975,-0.387329,0.908203
-0.584839,0.083496,0.764038
0.413940,-0.207397,1.003784
-0.088135,-0.352661,0.781982
-0.203125,0.218140,0.941895
0.359741,-0.348877,0.915771
-0.557739,0.010742,0.744263
0.364258,-0.164062,1.010010
-0.026978,-0.391846,0.785400
-0.282959,0.177856,0.892212
0.396484,-0.347412,0.928467
-0.513916,-0.054688,0.748169
0.267334,-0.063843,1.002808
0.040649,-0.458130,0.771240
-0.347656,0.147095,0.848999
0.432617,-0.327515,0.956177
-0.491699,-0.068481,0.743530
0.176636,-0.004395,1.005615
0.095459,-0.469604,0.782471
-0.429810,0.127930,0.816284
0.459351,-0.273193,0.992188
-0.412476,-0.115479,0.769775
0.064453,0.088867,0.998047
0.147217,-0.483643,0.802856
-0.479492,0.060303,0.768188
0.488525,-0.257690,1.023560
-0.333984,-0.163940,0.764038
-0.036011,0.191284,1.018921
0.243652,-0.422729,0.861084
-0.514160,0.007324,0.742065
0.464722,-0.250977,1.037598
-0.236450,-0.252441,0.776123
-0.100220,0.213379,1.006470
0.297241,-0.375122,0.899048
-0.560547,0.031128,0.754639
0.423462,-0.242920,1.029419
-0.107300,-0.338867,0.808594
-0.157471,0.178223,0.975586
0.350220,-0.342163,0.926025
-0.559082,0.049316,0.759766
0.376587,-0.192139,1.012939
-0.026489,-0.408203,0.803223
-0.218872,0.124268,0.926270
0.409302,-0.362427,0.955933
-0.518799,-0.001953,0.757080
0.295898,-0.087158,1.024536
0.056030,-0.451172,0.815796
-0.317505,0.137451,0.889038
0.442017,-0.353882,0.976562
-0.480225,-0.093384,0.740479
0.241455,-0.027710,1.026367
0.100586,-0.472900,0.805908
-0.372925,0.152100,0.878662
0.479736,-0.356812,0.992432
-0.459595,-0.133789,0.754272
0.170654,0.003296,1.019165
0.126831,-0.438477,0.836914
-0.417114,0.133057,0.841919
0.493164,-0.335815,1.013306
-0.385376,-0.174072,0.781982
0.072510,0.082520,1.010620
0.184082,-0.461914,0.831543
-0.417236,0.034790,0.808838
0.494995,-0.280396,1.041992
-0.337524,-0.196167,0.774536
0.006226,0.135498,1.026611
0.276367,-0.511108,0.867554
-0.466553,0.018555,0.780762
0.480225,-0.257202,1.051758
-0.253784,-0.246338,0.806519
-0.053833,0.164062,1.028442
0.326172,-0.462646,0.910889
-0.508911,-0.009277,0.769897
0.462769,-0.211914,1.078857
-0.163818,-0.255981,0.820312
-0.122925,0.226562,1.028320
0.382446,-0.429443,0.955688
-0.496704,-0.033813,0.789429
0.437134,-0.208862,1.064819
-0.079834,-0.316162,0.838013
-0.161865,0.227539,1.023804
0.409546,-0.383789,0.978882
-0.498291,-0.065186,0.770386
0.410034,-0.168579,1.072876
0.029297,-0.385376,0.871826
-0.226685,0.211914,0.991943
0.441528,-0.348267,1.002075
-0.468262,-0.093018,0.762329
0.341553,-0.090698,1.070679
0.091919,-0.437744,0.852051
-0.275391,0.182129,0.961182
0.479858,-0.324219,1.032349
-0.421997,-0.114380,0.784302
0.268677,-0.025879,1.069092
0.119751,-0.420410,0.868408
-0.321533,0.163330,0.945557
0.500000,-0.281250,1.063965
-0.399780,-0.138794,0.790039
0.199097,0.008057,1.062988
0.201782,-0.484497,0.893433
-0.378296,0.061890,0.874268
0.538696,-0.263062,1.091553
-0.346191,-0.178955,0.780762
0.114502,0.104248,1.077393
0.286011,-0.473022,0.931519
-0.414062,0.038818,0.857300
0.543701,-0.266357,1.099609
-0.274048,-0.237671,0.805054
0.038696,0.170166,1.067139
0.344116,-0.465210,0.944702
-0.444092,0.062866,0.833862
0.516235,-0.190308,1.120361
-0.208008,-0.254639,0.835327
-0.010010,0.162476,1.062256
0.379517,-0.464111,0.972778
-0.468750,0.049072,0.813354
0.512695,-0.136353,1.131958
-0.147217,-0.223877,0.858276
-0.064819,0.204712,1.067017
0.420654,-0.461548,0.992188
-0.468994,-0.039673,0.816528
0.499756,-0.124512,1.152710
-0.081177,-0.264771,0.876831
-0.130005,0.272339,1.080078
0.472900,-0.403198,1.027832
-0.451416,-0.060669,0.828491
0.458496,-0.152222,1.129395
0.005859,-0.336060,0.896851
-0.149780,0.233521,1.052734
0.479492,-0.315063,1.058350
-0.454102,-0.061890,0.803467
0.421631,-0.100586,1.144409
0.079224,-0.372070,0.902100
-0.184204,0.223877,1.059448
0.497803,-0.302124,1.072998
-0.448242,-0.073364,0.803345
0.381836,-0.070435,1.134766
0.101318,-0.391724,0.918457
-0.237915,0.179077,1.008423
0.534546,-0.245239,1.129395
-0.418945,-0.109985,0.795288
0.314453,-0.021729,1.119873
0.170288,-0.443970,0.924438
-0.292969,0.134399,0.988281
0.557495,-0.247437,1.144531
-0.381958,-0.146484,0.801514
0.253296,0.057251,1.127197
0.225830,-0.421387,0.949341
-0.330078,0.088867,0.935913
0.575439,-0.250366,1.151978
-0.319092,-0.170898,0.820435
0.175537,0.119873,1.124512
0.274902,-0.428345,0.968140
-0.363525,0.064453,0.916504
0.570679,-0.239380,1.152466
-0.283203,-0.200806,0.842529
0.124268,0.153931,1.115723
0.312500,-0.405518,0.976318
-0.402222,0.019165,0.871826
0.574219,-0.230469,1.167725
-0.230713,-0.270874,0.850708
0.071655,0.188599,1.117554
0.346802,-0.401489,0.978760
-0.440186,0.045166,0.849609
0.573975,-0.235474,1.165527
-0.169556,-0.330322,0.855225
0.012817,0.173584,1.099854
0.387451,-0.377686,0.996948
-0.436401,0.032471,0.859375
0.547241,-0.181152,1.177246
-0.109863,-0.295654,0.884766
-0.032959,0.194580,1.097778
0.424683,-0.381226,1.008057
-0.435181,0.019653,0.854736
0.517578,-0.140503,1.167969
-0.027832,-0.274536,0.907227
-0.091797,0.189087,1.069580
0.450562,-0.352051,1.051758
-0.435425,-0.064697,0.839600
0.478027,-0.097412,1.178223
-0.016602,-0.312256,0.875854
-0.155273,0.237427,1.071533
0.486694,-0.318237,1.073120
-0.429688,-0.100586,0.824829
0.422729,-0.061890,1.173096
0.005249,-0.336182,0.882568
-0.210571,0.219238,1.043701
0.516357,-0.291016,1.101196
-0.414795,-0.135620,0.807251
0.375244,-0.059692,1.166748
0.061646,-0.366333,0.894775
-0.270508,0.220459,0.995483
0.535522,-0.279663,1.100220
-0.387817,-0.141968,0.802612
0.319214,-0.003906,1.159058
0.115845,-0.390503,0.912109
-0.313721,0.161255,0.969360
0.547974,-0.282104,1.103394
-0.361572,-0.159790,0.804077
0.239014,0.054321,1.140991
0.190796,-0.411865,0.922241
-0.370483,0.155518,0.922119
0.541748,-0.259888,1.102905
-0.334839,-0.201416,0.816772
0.168335,0.039795,1.097290
0.235474,-0.389526,0.954712
-0.412109,0.113403,0.886475
0.549683,-0.214600,1.130981
-0.281006,-0.223511,0.815918
0.079468,0.121826,1.096313
0.290527,-0.418579,0.950562
-0.437134,0.052490,0.864380
0.537842,-0.177002,1.138916
-0.207642,-0.262817,0.826050
0.003662,0.164429,1.088867
0.341187,-0.402588,0.955078
-0.469849,0.008423,0.822998
0.517578,-0.180176,1.142944
-0.122070,-0.322876,0.820435
-0.075439,0.170532,1.055176
0.369995,-0.349121,0.983398
-0.489380,-0.019531,0.808228
0.491577,-0.172607,1.147583
-0.101562,-0.360107,0.803833
-0.151367,0.176392,1.027588
0.397095,-0.325195,0.997192
-0.509155,-0.012451,0.802612
0.447754,-0.155273,1.131836
-0.058594,-0.369263,0.833130
-0.219116,0.188477,1.006958
0.422729,-0.310791,1.023926
-0.496582,-0.070068,0.775391
0.406616,-0.107422,1.132446
-0.033447,-0.322998,0.838379
-0.305298,0.216919,0.977661
0.470215,-0.311035,1.047729
-0.471924,-0.112183,0.758545
0.336670,-0.072998,1.115356
-0.015747,-0.336182,0.846191
-0.323486,0.159668,0.941650
0.477661,-0.286987,1.046387
-0.471924,-0.118530,0.736328
0.279419,-0.030273,1.109375
0.030884,-0.380493,0.837646
-0.350586,0.150635,0.935425
0.473633,-0.295044,1.052979
-0.471069,-0.119629,0.747803
0.226196,-0.013062,1.088257
0.058960,-0.402710,0.848267
-0.400513,0.156616,0.894775
0.488281,-0.265137,1.063843
-0.449707,-0.105591,0.776733
0.165527,0.012695,1.063965
0.110352,-0.445312,0.863159
-0.437012,0.119385,0.849731
0.483765,-0.242554,1.060059
-0.428589,-0.121216,0.764282
0.107910,0.067383,1.062134
0.168213,-0.437744,0.877563
-0.488403,0.112549,0.850098
0.469604,-0.228394,1.062622
-0.408936,-0.193359,0.727173
0.060669,0.091553,1.051147
0.201904,-0.414185,0.879883
-0.517700,0.103760,0.833618
0.472168,-0.243896,1.042358
-0.322144,-0.245728,0.755981
-0.016479,0.125000,1.028320
0.238892,-0.429077,0.877319
-0.529785,0.076172,0.808960
0.465332,-0.217407,1.056641
-0.270020,-0.252563,0.763306
-0.088867,0.143188,0.995972
0.275269,-0.413696,0.896362
-0.537598,0.024658,0.782471
0.442505,-0.188843,1.060791
-0.224243,-0.292480,0.734497
-0.156128,0.158447,0.972656
0.312744,-0.382812,0.913208
-0.552490,0.011108,0.760986
0.422607,-0.175781,1.069336
-0.198242,-0.350098,0.713745
-0.229126,0.179443,0.957153
0.349854,-0.389893,0.914185
-0.570068,0.013794,0.768433
0.386963,-0.166748,1.060669
-0.163574,-0.362671,0.730835
-0.286987,0.198608,0.930664
0.364258,-0.356079,0.935669
-0.577148,-0.036011,0.735596
0.348389,-0.153198,1.042969
-0.124390,-0.365723,0.755249
-0.340454,0.190918,0.898193
0.387817,-0.317993,0.951538
-0.562378,-0.047852,0.723999
0.285034,-0.101074,1.041992
-0.081055,-0.398438,0.761230
-0.400879,0.190186,0.882446
0.411377,-0.316895,0.972168
-0.543945,-0.044800,0.720703
0.203857,-0.035278,1.023071
-0.009766,-0.416870,0.788086
-0.459961,0.194336,0.873169
0.412720,-0.271118,0.983154
-0.513672,-0.085571,0.725586
0.114746,0.045044,1.015015
0.062134,-0.410034,0.831787
-0.524292,0.162964,0.843018
0.429321,-0.259644,1.000488
-0.446167,-0.169312,0.713623
0.032227,0.139893,1.026855
0.142090,-0.408447,0.838501
-0.559204,0.141357,0.812622
0.422974,-0.233154,1.015381
-0.353271,-0.239868,0.718140
-0.032349,0.175781,1.008911
0.198486,-0.408203,0.850586
-0.588379,0.087524,0.774658
0.423828,-0.226929,1.016235
-0.274048,-0.316162,0.711548
-0.108765,0.174072,0.967529
0.245850,-0.385742,0.867310
-0.598877,0.075806,0.750488
0.427979,-0.201416,1.033203
-0.220093,-0.336304,0.704956
-0.181641,0.183716,0.957520
0.285034,-0.369995,0.886597
-0.610596,0.052979,0.736450
0.401611,-0.193848,1.030762
-0.187256,-0.382690,0.709229
-0.244141,0.182007,0.931519
0.325439,-0.354248,0.896484
-0.608398,0.052246,0.742920
0.358154,-0.174316,1.010986
-0.137817,-0.382080,0.730469
-0.311890,0.189331,0.891479
0.365234,-0.329834,0.923584
-0.595459,0.043213,0.728760
0.302002,-0.096924,1.013916
-0.087769,-0.406982,0.737915
-0.362915,0.195679,0.885742
0.379883,-0.319824,0.926392
-0.580688,0.012573,0.701172
0.257568,-0.058228,1.003540
-0.031006,-0.411133,0.767700
-0.422485,0.218140,0.871460
0.395630,-0.304565,0.935669
-0.561279,0.004395,0.702637
0.191040,-0.010010,0.990234
0.002930,-0.381958,0.789917
-0.456299,0.190186,0.865479
0.410278,-0.271729,0.964233
-0.520020,-0.048584,0.709595
0.123535,0.090454,1.018433
0.054688,-0.390137,0.801270
-0.508301,0.199707,0.849976
0.432007,-0.271362,0.971069
-0.443481,-0.092773,0.750000
0.055542,0.161743,1.019043
0.089355,-0.376221,0.811035
-0.557861,0.161499,0.803223
0.455444,-0.244507,1.025024
-0.389893,-0.155396,0.729858
-0.004639,0.216797,1.007080
0.142212,-0.395874,0.812866
-0.552368,0.151978,0.816162
0.459595,-0.236694,1.012451
-0.364746,-0.163208,0.732910
-0.039062,0.208862,0.991943
0.214966,-0.401001,0.846558
-0.595703,0.137939,0.779297
0.438599,-0.191162,1.022949
-0.292725,-0.223022,0.731934
-0.057373,0.190186,0.998169
0.232300,-0.385620,0.855225
-0.630615,0.133667,0.751831
0.460449,-0.211060,1.032227
-0.221558,-0.287354,0.732910
-0.125366,0.238159,0.973999
0.273804,-0.361084,0.860352
-0.617065,0.137695,0.759033
0.447632,-0.225220,1.013062
-0.178223,-0.319458,0.737427
-0.153931,0.208374,0.935425
0.318848,-0.338013,0.878540
-0.623047,0.132812,0.749146
0.418579,-0.197754,1.010864
-0.126831,-0.392212,0.745239
-0.188354,0.179199,0.913818
0.331665,-0.319580,0.899292
-0.603027,0.131958,0.747437
0.376953,-0.141235,1.010498
-0.077759,-0.399170,0.752686
-0.243408,0.169922,0.903687
0.356445,-0.325073,0.908813
-0.582031,0.128052,0.749878
0.350464,-0.093872,0.995728
-0.056641,-0.370605,0.754150
-0.310181,0.194214,0.870850
0.393433,-0.343628,0.922241
-0.562500,0.045044,0.742065
0.287720,-0.031006,1.001831
-0.037842,-0.410767,0.739502
-0.341919,0.186157,0.867432
0.411255,-0.331177,0.942261
-0.547607,-0.029297,0.717285
0.244019,-0.018188,0.992676
-0.002319,-0.386963,0.759644
-0.385376,0.172607,0.839966
0.431152,-0.279297,0.962524
-0.515747,-0.055908,0.734985
0.175293,0.010864,0.988159
0.045044,-0.426025,0.775269
-0.451416,0.176392,0.821655
0.438477,-0.247437,0.976562
-0.445435,-0.102295,0.762573
0.095337,0.085449,1.004272
0.098877,-0.420898,0.806641
-0.492065,0.143799,0.810669
0.450073,-0.229614,0.999756
-0.392944,-0.134766,0.747192
0.040771,0.159180,1.021240
0.161987,-0.399536,0.830566
-0.541992,0.098755,0.762329
0.453979,-0.220703,1.018311
-0.308228,-0.194336,0.755005
-0.033936,0.194946,1.014893
0.237427,-0.397461,0.862061
-0.587524,0.100098,0.752197
0.453735,-0.231812,1.010620
-0.204224,-0.244507,0.787720
-0.111816,0.209351,0.967407
0.293091,-0.354492,0.892212
-0.564941,0.078613,0.753784
0.425171,-0.184570,1.022827
-0.144897,-0.300293,0.778198
-0.177368,0.198242,0.939819
0.347412,-0.379883,0.909668
-0.558594,0.070068,0.757568
0.379028,-0.101685,1.018311
-0.071167,-0.366821,0.766479
-0.243530,0.167358,0.909058
0.371460,-0.378174,0.929321
-0.546143,0.003540,0.747925
0.333618,-0.072754,1.014404
-0.002441,-0.399902,0.766602
-0.322021,0.188599,0.865112
0.405396,-0.349487,0.939331
-0.511108,-0.066528,0.744873
0.265381,-0.057007,1.002319
0.030029,-0.423218,0.760376
-0.368042,0.166016,0.838379
0.437134,-0.305054,0.967285
-0.479736,-0.102295,0.746582
0.190918,-0.007812,1.008545
0.090210,-0.447998,0.782471
-0.443604,0.153320,0.809570
0.447876,-0.291748,0.966919
-0.438110,-0.152100,0.743896
0.116821,0.044189,1.008057
0.125732,-0.447876,0.800659
-0.483032,0.123535,0.783081
0.455444,-0.261108,0.986206
-0.370850,-0.152466,0.771729
0.002441,0.102661,1.002686
0.217285,-0.478882,0.837769
-0.513916,0.056763,0.754150
0.445923,-0.206543,1.026001
-0.296265,-0.176514,0.763184
-0.074585,0.157959,0.989746
0.301880,-0.495972,0.875122
-0.527954,0.002075,0.743164
0.422363,-0.171021,1.034302
-0.170654,-0.242554,0.796753
-0.172607,0.212524,0.978027
0.342407,-0.433716,0.909912
-0.525269,-0.015137,0.747559
0.403687,-0.154053,1.044678
-0.082397,-0.323242,0.794678
-0.240479,0.218262,0.942749
0.408569,-0.396118,0.946411
-0.520508,-0.064209,0.745972
0.317505,-0.121338,1.006226
0.034546,-0.434448,0.797119
-0.312866,0.165283,0.882324
0.429932,-0.342529,0.955933
-0.484131,-0.096436,0.751465
0.238037,-0.074341,1.012207
0.097168,-0.484497,0.793457
-0.383789,0.122559,0.835083
0.455933,-0.288208,0.989990
-0.427002,-0.101318,0.771484
0.124878,0.027954,1.010864
0.148315,-0.502319,0.811890
-0.436890,0.065186,0.803711
0.470947,-0.248779,1.030029
-0.370239,-0.182007,0.741943
0.019287,0.140259,1.020508
0.254761,-0.479370,0.864502
-0.500122,0.005005,0.766724
0.476318,-0.278198,1.034058
-0.250732,-0.232788,0.790405
-0.073120,0.205200,1.022461
0.298828,-0.399414,0.904297
-0.524780,0.016235,0.763550
0.467285,-0.269043,1.052490
-0.146118,-0.303101,0.823486
-0.147827,0.198730,0.994019
0.358398,-0.377563,0.939087
-0.520752,-0.001221,0.763184
0.405884,-0.173828,1.062866
-0.050171,-0.423218,0.800659
-0.185303,0.176880,0.986572
0.401733,-0.381104,0.952393
-0.504883,-0.030762,0.761597
0.358032,-0.127075,1.052612
0.027954,-0.451050,0.806152
-0.243896,0.169312,0.956055
0.437134,-0.347900,0.977295
-0.467651,-0.087891,0.750854
0.307129,-0.064331,1.060547
-0.301392,0.147705,0.923096
0.483398,-0.348145,1.013550
0.232056,-0.018799,1.046509
0.115356,-0.448486,0.827026
-0.344238,0.133057,0.895874
0.498901,-0.301514,1.042725
-0.415283,-0.142456,0.781372
0.155396,0.019287,1.036743
0.206665,-0.478271,0.856812
-0.397217,0.071045,0.842407
0.507690,-0.259155,1.069214
-0.338379,-0.207886,0.784180
0.076538,0.068481,1.038452
0.256226,-0.478027,0.881226
-0.453369,0.056030,0.796509
0.526611,-0.228394,1.094482
-0.228760,-0.224365,0.825806
-0.034546,0.169312,1.054199
0.341064,-0.464233,0.929077
-0.481323,0.029907,0.804443
0.482422,-0.204346,1.083740
-0.111450,-0.288452,0.847900
-0.119263,0.229370,1.059814
0.391968,-0.395874,0.973877
-0.473877,-0.032837,0.794189
0.445557,-0.151978,1.100952
-0.005127,-0.346924,0.868896
-0.181274,0.195068,1.022949
0.443115,-0.369629,1.003296
-0.463013,-0.048828,0.783203
0.366699,-0.075562,1.088135
0.092407,-0.404175,0.880127
-0.229004,0.163574,1.006592
0.492554,-0.329468,1.065552
-0.442139,-0.092651,0.781372
0.286743,-0.019531,1.072266
0.133179,-0.414185,0.890259
-0.320435,0.142212,0.958740
0.550049,-0.295654,1.105347
-0.369629,-0.152588,0.804199
0.181641,0.096069,1.082275
0.228638,-0.456543,0.904297
-0.372070,0.050659,0.875732
0.545044,-0.228760,1.139404
-0.283813,-0.260742,0.801758
0.094727,0.143066,1.087402
0.296997,-0.440308,0.934692
-0.441650,0.038940,0.823730
0.550171,-0.234009,1.139282
-0.208374,-0.291504,0.828491
0.014404,0.164795,1.079956
0.360229,-0.412598,0.968506
-0.461304,0.073975,0.835815
0.526001,-0.192505,1.132080
-0.127197,-0.269287,0.879395
-0.045898,0.173096,1.091309
0.407471,-0.411133,1.010010
-0.482178,-0.078491,0.772705
0.370728,-0.111084,1.073364
-0.041626,-0.276123,0.895752
-0.243164,0.198730,0.976440
0.474609,-0.352051,1.022461
-0.460693,-0.097290,0.775635
0.327393,-0.091919,1.074341
0.090210,-0.422852,0.846680
-0.295532,0.169067,0.939819
0.494751,-0.313232,1.038086
-0.432251,-0.106567,0.788208
0.265625,-0.041016,1.069824
0.129517,-0.432129,0.868042
-0.336060,0.143555,0.923462
0.522827,-0.276367,1.073608
-0.397705,-0.143188,0.782715
0.189941,0.051025,1.081055
0.216309,-0.476440,0.882568
-0.377075,0.098755,0.896240
0.532837,-0.279785,1.077515
-0.346924,-0.188843,0.787476
0.114868,0.078369,1.045044
0.281250,-0.443359,0.917480
-0.403687,0.081299,0.852661
0.533447,-0.220093,1.095825
-0.255249,-0.240112,0.825195
0.034424,0.124268,1.056152
0.329468,-0.433228,0.956665
-0.443481,0.049805,0.827393
0.524658,-0.167725,1.133667
-0.165649,-0.247803,0.844116
-0.054565,0.204102,1.072021
0.399780,-0.419312,0.999268
-0.472046,0.001221,0.808350
0.477905,-0.137817,1.125610
-0.035278,-0.312256,0.876831
-0.128052,0.235718,1.074219
0.444824,-0.376587,1.028564
-0.460693,-0.023926,0.820312
0.425049,-0.073975,1.134155
0.060913,-0.381714,0.882202
-0.176270,0.204468,1.044312
0.490723,-0.310303,1.070068
-0.451172,-0.055908,0.802246
0.378418,-0.073486,1.116821
0.106445,-0.411377,0.902466
-0.258423,0.181030,1.004028
0.511841,-0.256958,1.106934
-0.407227,-0.099243,0.809082
0.301147,-0.001953,1.123901
0.175171,-0.438354,0.916748
-0.315430,0.139282,0.971436
0.544189,-0.248291,1.129883
-0.353516,-0.154663,0.813110
0.208496,0.078613,1.102661
0.244507,-0.476685,0.927612
-0.350098,0.085083,0.923096
0.564941,-0.236938,1.140991
-0.298218,-0.183960,0.839355
0.115356,0.114624,1.081299
0.305664,-0.446777,0.958008
-0.386108,0.052002,0.874023
0.572998,-0.194824,1.160034
-0.227661,-0.232422,0.828979
0.030518,0.204712,1.093750
0.362915,-0.422485,0.983521
-0.422241,0.006958,0.863525
0.562622,-0.199219,1.174805
-0.162109,-0.256958,0.862915
-0.022095,0.233398,1.093262
0.392578,-0.359741,1.002686
-0.428589,-0.006104,0.853394
0.537842,-0.203735,1.168091
-0.073730,-0.341797,0.883301
-0.070190,0.184082,1.066895
0.426514,-0.335938,1.019409
-0.435181,-0.036011,0.831909
0.514038,-0.178467,1.172607
0.018799,-0.400391,0.896362
-0.122192,0.193115,1.066650
0.447632,-0.305420,1.051147
-0.448730,-0.029663,0.829346
0.480713,-0.150269,1.174438
0.029053,-0.400757,0.902710
-0.174072,0.200684,1.053589
0.480347,-0.278442,1.079956
-0.442017,-0.039551,0.816528
0.447388,-0.086182,1.177002
0.060425,-0.370361,0.919556
-0.233154,0.220093,1.041748
0.513672,-0.275391,1.104736
-0.417358,-0.089600,0.818481
0.382446,-0.049805,1.166870
0.101685,-0.374023,0.920166
-0.273804,0.188721,0.999878
0.545166,-0.269897,1.120850
-0.372925,-0.158447,0.816162
0.307251,0.021118,1.153198
0.152100,-0.379517,0.935181
-0.308594,0.145386,0.961182
0.572754,-0.273071,1.125366
-0.336792,-0.176514,0.833252
0.228760,0.051514,1.129639
0.213989,-0.411865,0.945190
-0.357910,0.105469,0.906860
0.581299,-0.213501,1.160767
-0.281738,-0.210327,0.838623
0.140259,0.112305,1.120850
0.280029,-0.430908,0.950806
-0.389771,0.090454,0.897949
0.561157,-0.195923,1.150391
-0.250854,-0.220337,0.832764
0.078125,0.155273,1.120361
0.332275,-0.411987,0.980713
-0.438110,0.038574,0.863770
0.553833,-0.196777,1.157959
-0.179199,-0.267822,0.841797
-0.001099,0.214233,1.109619
0.372192,-0.398682,0.961304
-0.465210,0.017090,0.851074
0.544312,-0.207886,1.172729
-0.081665,-0.354004,0.851929
-0.069336,0.184937,1.072876
0.394409,-0.359985,0.996826
-0.467285,-0.006348,0.834351
0.513184,-0.155273,1.170410
-0.051025,-0.347656,0.842651
-0.143433,0.203491,1.055542
0.432129,-0.337646,1.015381
-0.471069,-0.028198,0.817993
0.466431,-0.111938,1.174316
-0.040527,-0.359985,0.854248
-0.195068,0.205200,1.049194
0.464722,-0.324097,1.045776
-0.471680,-0.016357,0.808350
0.411255,-0.067871,1.161621
0.000977,-0.348511,0.878784
-0.258545,0.199951,1.014404
0.487549,-0.309692,1.067383
-0.469482,-0.046021,0.793823
0.352539,-0.049316,1.146240
0.056152,-0.349365,0.888672
-0.309692,0.191650,0.973877
0.493774,-0.269287,1.077881
-0.437256,-0.145508,0.768677
0.298950,-0.039551,1.136230
0.104126,-0.390259,0.891113
-0.369751,0.180908,0.930420
0.504883,-0.246704,1.072876
-0.380127,-0.169067,0.780762
0.203247,0.010376,1.108398
0.176392,-0.439209,0.904785
-0.413330,0.147705,0.905273
0.516357,-0.220337,1.091431
-0.363037,-0.148438,0.802368
0.113403,0.065796,1.088501
0.233887,-0.439331,0.925049
-0.450806,0.089233,0.861572
0.510254,-0.208252,1.090820
-0.305542,-0.193848,0.802002
0.028076,0.102173,1.061768
0.283813,-0.422729,0.925415
-0.481934,0.051025,0.830444
0.502075,-0.174316,1.110352
-0.197510,-0.266968,0.808105
-0.055908,0.120239,1.034180
0.322388,-0.394287,0.950562
-0.505737,0.005859,0.800415
0.476074,-0.157349,1.118652
-0.154785,-0.328979,0.784302
-0.148682,0.168945,1.026001
0.369385,-0.363892,0.962036
-0.516602,-0.014282,0.777588
0.436157,-0.145996,1.112061
-0.115356,-0.345337,0.799194
-0.251221,0.194336,0.991455
0.410522,-0.324097,0.998779
-0.503784,-0.068604,0.770874
0.353638,-0.108032,1.100952
-0.075684,-0.335815,0.820557
-0.315552,0.162354,0.928345
0.441650,-0.294678,1.023682
-0.485840,-0.081299,0.745483
0.264893,-0.036865,1.097412
0.016357,-0.391235,0.835327
-0.404053,0.159912,0.907593
0.453003,-0.278687,1.032837
-0.444214,-0.130981,0.743408
0.175293,0.032959,1.070801
0.098511,-0.392578,0.855835
-0.468872,0.130981,0.861938
0.473633,-0.261475,1.041626
-0.421997,-0.182861,0.738770
0.075195,0.081543,1.055054
0.183838,-0.440186,0.868652
-0.513306,0.126465,0.843140
0.451660,-0.224976,1.039185
-0.312378,-0.213989,0.777588
0.011353,0.093750,1.030151
0.215820,-0.401367,0.879761
-0.528076,0.085938,0.800171
0.447388,-0.200928,1.048340
-0.273926,-0.239868,0.764038
-0.065552,0.106567,1.008911
0.280884,-0.446045,0.895630
-0.558960,0.057739,0.782104
0.420532,-0.137939,1.057983
-0.233154,-0.270142,0.733154
-0.161255,0.153564,0.993042
0.331909,-0.434814,0.922363
-0.550171,-0.024292,0.756958
0.388794,-0.107422,1.071655
-0.194824,-0.265625,0.744629
-0.271240,0.184326,0.951782
0.387939,-0.379028,0.956421
-0.542114,-0.074707,0.742920
0.332031,-0.104736,1.054077
-0.144165,-0.333740,0.740601
-0.348755,0.189087,0.906250
0.419800,-0.356323,0.975708
-0.521851,-0.077271,0.745728
0.246826,-0.056885,1.043945
-0.078857,-0.369629,0.774170
-0.431152,0.185669,0.877930
0.415649,-0.302368,0.990112
-0.492676,-0.147461,0.720337
0.158081,0.003784,1.040527
0.042358,-0.420532,0.802734
-0.518677,0.218140,0.852417
0.426392,-0.259888,0.995972
-0.446045,-0.165161,0.741943
0.064941,0.046875,1.030151
0.129517,-0.431641,0.829712
-0.564087,0.165649,0.810547
0.430542,-0.222778,1.004761
-0.331665,-0.194336,0.758179
-0.047241,0.106812,1.007568
0.219116,-0.439819,0.866089
-0.576416,0.107422,0.787720
0.411499,-0.170654,1.027222
-0.259033,-0.280273,0.722534
-0.153809,0.144653,0.975952
0.301758,-0.418335,0.899414
-0.590210,0.054565,0.765747
0.369019,-0.140747,1.027588
-0.189941,-0.335205,0.710693
-0.268677,0.181152,0.930298
0.356934,-0.380249,0.932617
-0.577881,-0.019409,0.733276
0.317505,-0.097900,1.028320
-0.140991,-0.374512,0.707764
-0.355957,0.214600,0.905273
0.392700,-0.350586,0.945801
-0.550537,-0.050171,0.720215
0.227173,-0.068481,1.013916
-0.070801,-0.391724,0.752319
-0.453125,0.228638,0.860962
0.418701,-0.298706,0.961914
-0.511841,-0.088623,0.728760
0.127930,0.026123,1.005127
0.020996,-0.401001,0.788574
-0.517212,0.200562,0.845581
0.430420,-0.267334,0.979492
-0.440186,-0.141479,0.734375
0.045410,0.099731,1.015625
0.130737,-0.412476,0.826050
-0.575439,0.183838,0.798096
0.413818,-0.214722,0.991211
-0.324219,-0.243652,0.729004
-0.043579,0.122070,1.000244
0.217529,-0.416992,0.857544
-0.613647,0.142212,0.781128
0.404175,-0.171509,0.997681
-0.233032,-0.291138,0.727295
-0.172485,0.177124,0.965454
0.299438,-0.401489,0.887573
-0.593018,0.081909,0.761719
0.363403,-0.119751,1.015869
-0.165405,-0.334961,0.710938
-0.281494,0.188354,0.912354
0.367065,-0.382446,0.916748
-0.572754,-0.000854,0.727295
0.304932,-0.062622,1.017212
-0.106567,-0.376831,0.713379
-0.369385,0.207642,0.880005
0.390381,-0.346436,0.917847
-0.540161,-0.075562,0.706177
0.222656,-0.045898,0.995117
-0.032715,-0.370239,0.760132
-0.466797,0.242676,0.851196
0.423950,-0.268677,0.964600
-0.480469,-0.123779,0.724609
0.092651,0.059814,1.007568
0.052246,-0.398560,0.798218
-0.538330,0.196899,0.820068
0.434204,-0.226196,0.991333
-0.385010,-0.154053,0.739624
0.004883,0.150879,1.017456
0.173340,-0.397095,0.849731
-0.587524,0.156616,0.791260
0.425171,-0.201416,1.003662
-0.278320,-0.255615,0.734863
-0.096191,0.175903,0.977295
0.264526,-0.365723,0.876953
-0.600220,0.142700,0.776001
0.414673,-0.143799,1.026001
-0.179443,-0.304688,0.741455
-0.203735,0.177246,0.929443
0.337891,-0.373169,0.903809
-0.590576,0.080078,0.753540
0.361206,-0.093384,1.016357
-0.106689,-0.359863,0.730713
-0.301392,0.205444,0.887085
0.385864,-0.347900,0.926147
-0.555542,0.004883,0.737671
0.281616,-0.024170,1.014038
-0.058716,-0.392578,0.724365
-0.388428,0.207764,0.855957
0.416748,-0.295532,0.946411
-0.522705,-0.079346,0.720825
0.192627,-0.007690,0.993286
0.011719,-0.400757,0.768066
-0.474854,0.226562,0.827881
0.434204,-0.263916,0.964111
-0.452881,-0.128418,0.732178
0.111816,0.050537,1.004028
0.089966,-0.392334,0.817383
-0.536499,0.202271,0.805176
0.438232,-0.203735,0.992676
-0.351440,-0.170044,0.751831
0.007446,0.138672,1.004517
0.177979,-0.401611,0.839111
-0.574585,0.159302,0.777100
0.437866,-0.162964,1.008667
-0.246948,-0.223877,0.757080
-0.105347,0.186890,0.990967
0.280273,-0.403076,0.880981
-0.593018,0.124146,0.763306
0.412231,-0.136963,1.013428
-0.142944,-0.315430,0.754150
-0.207031,0.206421,0.935181
0.355103,-0.380737,0.910278
-0.570801,0.071655,0.755981
0.350220,-0.078247,1.015625
-0.054932,-0.369751,0.749878
-0.308594,0.208252,0.872803
0.393188,-0.331299,0.923584
-0.533936,-0.034912,0.730835
0.261719,-0.048828,1.000732
-0.004517,-0.408569,0.745728
-0.384033,0.207397,0.847290
0.432617,-0.270996,0.959473
-0.480469,-0.078613,0.745117
0.144287,0.020020,0.996460
0.059448,-0.430176,0.774170
-0.473999,0.158325,0.805664
0.445435,-0.225220,0.984375
-0.400024,-0.139282,0.746948
0.048096,0.114624,1.006348
0.160400,-0.415283,0.829712
-0.554688,0.134644,0.760864
0.447632,-0.201538,1.005737
-0.264526,-0.218506,0.756226
-0.084351,0.194214,0.991455
0.276855,-0.416016,0.879639
-0.575073,0.078735,0.749146
0.426025,-0.158813,1.022705
-0.123901,-0.327759,0.760742
-0.202271,0.212402,0.943359
0.358765,-0.379028,0.920776
-0.565186,0.039673,0.750000
0.343750,-0.095703,1.010742
-0.015747,-0.399780,0.759766
-0.302612,0.203735,0.872925
0.405762,-0.327393,0.930786
-0.526733,-0.038940,0.732666
0.229980,-0.029663,0.981812
0.036987,-0.450806,0.761841
-0.397583,0.156128,0.828979
0.446655,-0.279053,0.978882
-0.456421,-0.080811,0.748657
0.111816,0.082397,1.015747
0.105103,-0.442993,0.790405
-0.490845,0.134033,0.793335
0.456543,-0.269043,0.982300
-0.368164,-0.153687,0.765991
0.000366,0.150513,1.007935
0.207886,-0.439819,0.842529
-0.544189,0.066528,0.753418
0.455078,-0.209473,1.017822
-0.240601,-0.219116,0.771240
-0.098755,0.208374,0.989502
0.295776,-0.404175,0.888184
-0.569458,0.041016,0.745117
0.428467,-0.215088,1.014771
-0.112549,-0.319580,0.793945
-0.178223,0.209229,0.958496
0.330078,-0.350586,0.907227
-0.540894,0.029419,0.763428
0.387085,-0.154663,1.019653
-0.035278,-0.377075,0.799683
-0.278076,0.176636,0.897705
0.393921,-0.350708,0.935547
-0.536255,-0.024780,0.730591
0.280640,-0.076294,0.994263
0.043579,-0.458008,0.780762
-0.327515,0.125854,0.863892
0.429565,-0.315186,0.959473
-0.506836,-0.078003,0.732178
0.183838,-0.002563,0.998047
0.089233,-0.485840,0.765991
-0.404663,0.114014,0.826538
0.461182,-0.301880,0.982544
-0.455200,-0.114746,0.738281
0.086304,0.064331,0.993164
0.151978,-0.483765,0.802246
-0.474854,0.104248,0.793579
0.483765,-0.271851,1.026001
-0.384644,-0.157593,0.748901
0.001221,0.129761,0.994751
0.225952,-0.483276,0.836914
-0.495972,0.032104,0.763184
0.481567,-0.267456,1.024902
-0.302734,-0.215576,0.763916
-0.065918,0.196167,1.006226
0.283325,-0.427246,0.880371
-0.544189,0.035400,0.741211
0.442139,-0.257446,1.020386
-0.178223,-0.250366,0.821167
-0.127686,0.206543,1.003052
0.317749,-0.394775,0.911011
-0.547241,0.031250,0.756104
0.417725,-0.208740,1.037842
-0.085449,-0.356079,0.806030
-0.187134,0.192505,0.968384
0.368164,-0.382690,0.925415
-0.528687,0.021484,0.759277
0.364868,-0.165527,1.013062
0.008911,-0.409424,0.824219
-0.244507,0.161377,0.931396
0.404419,-0.371582,0.946655
-0.519775,-0.040161,0.734497
0.312866,-0.110840,1.013184
0.064941,-0.443604,0.803833
-0.299194,0.163086,0.913330
0.436157,-0.362915,0.961792
-0.489258,-0.097534,0.749512
0.238281,-0.062988,1.008301
0.095337,-0.462524,0.794434
-0.351807,0.147217,0.881104
0.475098,-0.316772,1.011963
-0.443970,-0.096436,0.773193
0.155396,0.011597,1.012207
0.118530,-0.467285,0.800903
-0.383789,0.072876,0.838013
0.509766,-0.300537,1.036133
-0.395264,-0.153809,0.765625
0.065674,0.110107,1.029663
0.215942,-0.497559,0.842407
-0.457153,0.056641,0.794800
0.518311,-0.296143,1.049805
-0.308838,-0.215210,0.793823
-0.017090,0.149536,1.023071
0.285278,-0.474609,0.873535
-0.485596,0.029053,0.777954
0.476807,-0.233887,1.068359
-0.202515,-0.253418,0.814941
-0.089966,0.194702,1.020508
0.345459,-0.433594,0.932495
-0.512329,0.019897,0.780151
0.445312,-0.180664,1.079590
-0.095703,-0.332397,0.819336
-0.138062,0.198975,1.024902
0.387695,-0.412231,0.953613
-0.508057,-0.009033,0.774292
0.388306,-0.137451,1.066650
0.011597,-0.393433,0.830811
-0.188354,0.199097,0.999878
0.433716,-0.374023,0.977173
-0.479980,-0.054321,0.773926
0.330933,-0.090942,1.058716
0.079102,-0.449585,0.831421
-0.268677,0.159424,0.961060
0.467041,-0.331421,1.016479
-0.430420,-0.128784,0.783447
0.283081,-0.049194,1.064453
0.094727,-0.405640,0.838135
-0.326660,0.144897,0.915405
0.503784,-0.286621,1.069824
-0.380737,-0.182373,0.788452
0.192627,0.010132,1.067871
0.184326,-0.435669,0.870850
-0.393311,0.106201,0.865967
0.529541,-0.291382,1.071411
-0.312866,-0.211670,0.814697
0.091553,0.084839,1.055054
0.273193,-0.449707,0.904053
-0.434692,0.053955,0.807007
0.517944,-0.240234,1.086914
-0.227539,-0.252319,0.836792
-0.001099,0.155029,1.050171
0.338257,-0.420410,0.949707
-0.461670,0.027710,0.808960
0.490112,-0.203369,1.089111
-0.125610,-0.261597,0.864624
-0.088745,0.189331,1.046875
0.418579,-0.409302,0.998901
-0.462891,-0.031006,0.802246
0.436157,-0.113525,1.114624
0.011353,-0.336914,0.884033
-0.180786,0.211670,1.032227
0.469116,-0.388916,1.027100
-0.444702,-0.071533,0.801025
0.363403,-0.040039,1.104370
0.087524,-0.364990,0.884277
-0.227295,0.190186,1.013916
0.504883,-0.290283,1.078735
-0.400391,-0.136719,0.797607
0.278931,-0.003540,1.101074
0.144653,-0.427612,0.889526
-0.315918,0.141724,0.953613
0.552490,-0.268677,1.116699
-0.366699,-0.164551,0.805054
0.197510,0.082153,1.100464
0.252686,-0.427490,0.924438
-0.384155,0.085693,0.882812
0.548340,-0.256348,1.126709
-0.269165,-0.247070,0.826782
0.097412,0.094482,1.082764
0.328491,-0.428955,0.971924
-0.437500,0.067139,0.838379
0.539307,-0.175903,1.148926
-0.180176,-0.244385,0.873169
0.005249,0.166748,1.096191
0.375244,-0.430664,0.995972
-0.443848,0.021240,0.840210
0.510132,-0.135132,1.142456
-0.087891,-0.247437,0.890503
-0.076660,0.226318,1.105591
0.442383,-0.415161,1.029907
-0.449829,-0.019409,0.825317
0.465820,-0.096191,1.150024
0.032349,-0.342529,0.898071
-0.148438,0.250732,1.077759
0.489746,-0.358887,1.052368
-0.438354,-0.066162,0.826782
0.408447,-0.070557,1.147095
0.073608,-0.345581,0.901733
-0.209229,0.221680,1.043701
0.521118,-0.281006,1.095703
-0.402100,-0.093262,0.836914
0.354004,-0.043701,1.136719
0.131714,-0.379028,0.930054
-0.288086,0.166626,0.987061
0.551514,-0.234375,1.145874
-0.369873,-0.181519,0.799561
0.268921,0.002075,1.131226
0.229614,-0.406128,0.945557
-0.349854,0.145142,0.926147
0.583496,-0.263428,1.130127
-0.305054,-0.200073,0.824463
0.135254,0.082153,1.095581
0.309204,-0.434082,0.969727
-0.382812,0.106934,0.895752
0.572754,-0.197266,1.157593
-0.217041,-0.218628,0.867554
0.041382,0.152344,1.091064
0.374146,-0.401855,1.005859
-0.425049,0.046143,0.854614
0.535889,-0.140747,1.165649
-0.084961,-0.279785,0.883301
-0.051880,0.205322,1.091919
0.416870,-0.350342,1.023193
-0.451416,-0.012695,0.840576
0.512939,-0.130737,1.177612
0.017334,-0.356323,0.899902
-0.140991,0.224487,1.080566
0.457764,-0.327881,1.044189
-0.455078,-0.020874,0.828613
0.445312,-0.092773,1.178711
0.050171,-0.381836,0.911133
-0.217529,0.209106,1.042725
0.509888,-0.275513,1.104248
-0.424194,-0.067261,0.813599
0.357422,-0.005493,1.161743
0.127319,-0.379517,0.923096
-0.290161,0.165894,1.001099
0.554199,-0.265015,1.136597
-0.365723,-0.147705,0.812744
0.252808,0.074463,1.140625
0.219482,-0.410034,0.931030
-0.363892,0.112305,0.930298
0.565918,-0.251831,1.142700
-0.281372,-0.244263,0.822632
0.142212,0.129272,1.119141
0.281250,-0.391968,0.960815
-0.420044,0.070435,0.884644
0.581543,-0.242432,1.161621
-0.227417,-0.274170,0.839478
0.033813,0.186523,1.096558
0.342529,-0.368286,0.982788
-0.436035,0.034668,0.857910
0.544434,-0.207520,1.159790
-0.095703,-0.321045,0.869751
-0.048462,0.181763,1.079224
0.385010,-0.322754,1.006348
-0.440552,-0.020142,0.832397
0.509399,-0.158081,1.169556
-0.053467,-0.337891,0.856934
-0.118164,0.172241,1.054688
0.440186,-0.320557,1.031128
-0.458130,-0.042114,0.813721
0.440186,-0.091553,1.164917
-0.004883,-0.334106,0.879028
-0.226807,0.194092,1.025879
0.490356,-0.304443,1.073975
-0.431274,-0.083130,0.810181
0.361572,-0.016846,1.153076
0.030029,-0.356689,0.868408
-0.282837,0.153931,0.981445
0.542114,-0.293701,1.111816
-0.396851,-0.160522,0.795654
0.255737,0.046753,1.132080
0.132446,-0.405396,0.888428
-0.357178,0.155151,0.927734
0.526978,-0.250610,1.108276
-0.350220,-0.206055,0.805664
0.187256,0.031372,1.109497
0.197754,-0.416748,0.915405
-0.416016,0.131470,0.886963
0.536133,-0.210693,1.120972
-0.313477,-0.221191,0.789062
0.090210,0.107422,1.086182
0.261963,-0.426758,0.927368
-0.448242,0.091064,0.876465
0.528564,-0.185059,1.125366
-0.270020,-0.248901,0.795776
0.006348,0.130493,1.073364
0.323975,-0.413940,0.950562
-0.465088,0.045410,0.839844
0.494751,-0.167480,1.118286
-0.174927,-0.289062,0.812256
-0.064453,0.159912,1.054199
0.373779,-0.407471,0.968018
-0.487183,-0.000610,0.819214
0.473511,-0.140991,1.125977
-0.146240,-0.304932,0.785889
-0.124268,0.163086,1.037476
0.398926,-0.355957,0.990112
-0.507935,-0.012329,0.800781
0.444702,-0.145752,1.112671
-0.116699,-0.319336,0.786011
-0.222900,0.175903,0.989136
0.433594,-0.323975,1.016479
-0.500977,-0.057739,0.771606
0.386719,-0.094727,1.120728
-0.068237,-0.333496,0.812988
-0.288818,0.182251,0.972168
0.463501,-0.337891,1.031616
-0.493408,-0.098877,0.765259
0.310425,-0.068604,1.098145
-0.005859,-0.325928,0.839722
-0.359009,0.190796,0.927124
0.469971,-0.280762,1.034790
-0.444214,-0.147461,0.757690
0.220337,-0.031860,1.084473
0.071777,-0.405396,0.855225
-0.416260,0.175781,0.907349
0.478516,-0.268066,1.050415
-0.436035,-0.151733,0.751953
0.126221,0.038452,1.060303
0.172974,-0.411865,0.885132
-0.472290,0.117920,0.853882
0.480591,-0.222168,1.064453
-0.339966,-0.205444,0.772827
0.013672,0.119019,1.031006
0.228271,-0.413086,0.893555
-0.454956,-0.051147,0.809326
0.478760,-0.142212,1.150757
-0.255493,-0.288452,0.745117
-0.152344,0.196167,1.048828
0.438232,-0.337646,1.018066
-0.483887,-0.045044,0.799438
0.432007,-0.109741,1.142578
-0.032959,-0.354370,0.850098
-0.252808,0.199463,1.000732
0.453857,-0.281006,1.056030
-0.459595,-0.084961,0.786255
0.358521,-0.083740,1.145020
0.050293,-0.373169,0.878540
-0.349609,0.202393,0.955566
0.491333,-0.284180,1.061890
-0.411255,-0.140747,0.775635
0.238159,0.008911,1.126587
0.131714,-0.409180,0.892822
-0.405396,0.145752,0.915405
0.512695,-0.254395,1.096191
-0.370605,-0.198608,0.779785
0.115845,0.079224,1.081299
0.202637,-0.390381,0.918945
-0.457642,0.086914,0.865601
0.517456,-0.255493,1.093994
-0.276489,-0.284912,0.777832
0.013184,0.144287,1.061035
0.260010,-0.393433,0.897461
-0.482666,0.041016,0.833008
0.497314,-0.224731,1.100708
-0.190430,-0.339844,0.791382
-0.048706,0.114990,1.023071
0.299805,-0.358276,0.923828
-0.513428,0.037231,0.794434
0.479248,-0.188721,1.111328
-0.137695,-0.355713,0.791870
-0.144775,0.128174,1.011841
0.349365,-0.357788,0.955200
-0.524414,0.009766,0.768066
0.436646,-0.140991,1.104492
-0.124512,-0.339844,0.795654
-0.228394,0.177612,0.996094
0.389771,-0.351807,0.973755
-0.528198,-0.015015,0.767334
0.377319,-0.113525,1.098389
-0.103882,-0.335693,0.797852
-0.294800,0.205078,0.985596
0.438843,-0.326294,1.013550
-0.515625,-0.073975,0.753052
0.294800,-0.059570,1.087524
-0.047363,-0.378540,0.782349
-0.357910,0.165894,0.918701
0.459839,-0.315063,1.019531
-0.480225,-0.140381,0.737915
0.235107,-0.027710,1.086182
0.008545,-0.374023,0.817505
-0.439819,0.177856,0.875366
0.463867,-0.294678,1.033203
-0.438477,-0.162964,0.754150
0.142700,0.045654,1.055420
0.102173,-0.405884,0.847778
-0.498169,0.185425,0.855591
0.479980,-0.290405,1.026489
-0.411499,-0.184570,0.762573
0.055176,0.065552,1.036987
0.154419,-0.406860,0.853027
-0.526489,0.116455,0.824829
0.491333,-0.248169,1.059082
-0.328003,-0.252197,0.754761
-0.032227,0.140625,1.026245
0.224976,-0.416260,0.867065
-0.557861,0.093384,0.810547
0.452637,-0.239502,1.040283
-0.257324,-0.301025,0.737793
-0.097900,0.133057,0.988403
0.279053,-0.388916,0.901123
-0.577148,0.035767,0.746460
0.429443,-0.187012,1.059204
-0.218384,-0.327759,0.726929
-0.168335,0.153564,0.976685
0.321167,-0.370972,0.915649
-0.585693,0.033325,0.755493
0.393066,-0.164429,1.056274
-0.172363,-0.353882,0.742676
-0.251465,0.166260,0.947021
0.361816,-0.364624,0.948608
-0.589844,-0.008667,0.735718
0.338745,-0.142212,1.030762
-0.129517,-0.365723,0.748047
-0.325195,0.165771,0.911865
0.388306,-0.335327,0.964111
-0.566040,-0.052490,0.720947
0.253052,-0.093872,1.025269
-0.079346,-0.360718,0.770264
-0.396729,0.192383,0.885498
0.418213,-0.296631,0.991577
-0.525024,-0.097290,0.717773
0.157715,-0.003052,1.009277
-0.006592,-0.390137,0.805908
-0.455078,0.145630,0.867554
0.432495,-0.270386,1.017700
-0.505005,-0.099976,0.715210
0.075562,0.078125,1.007690
0.093140,-0.407593,0.810181
-0.527832,0.189453,0.853882
0.453247,-0.273682,1.007935
-0.423828,-0.125854,0.753174
-0.006836,0.110107,0.998169
0.167725,-0.416626,0.843994
-0.576050,0.114258,0.793457
0.448975,-0.237671,1.019531
-0.316528,-0.236206,0.740234
-0.080078,0.158203,0.980713
0.204590,-0.395386,0.847900
-0.591675,0.091553,0.767822
0.442627,-0.247314,1.021606
-0.236084,-0.324463,0.727295
-0.166504,0.188965,0.945923
0.266968,-0.368286,0.876587
-0.593262,0.062256,0.746216
0.408569,-0.183716,1.029785
-0.202148,-0.345337,0.712769
-0.199341,0.160278,0.955322
0.308594,-0.368652,0.888428
-0.614014,0.085327,0.743774
0.369873,-0.174561,1.017212
-0.135010,-0.379272,0.737671
-0.267334,0.183105,0.924927
0.352661,-0.354980,0.918945
-0.612671,0.051880,0.722412
0.300781,-0.105713,1.005981
-0.097900,-0.398926,0.737915
-0.325439,0.181152,0.907959
0.380127,-0.335693,0.938110
-0.609009,0.043579,0.701904
0.244507,-0.048828,0.989380
-0.055298,-0.403687,0.757568
-0.391357,0.177734,0.879028
0.398193,-0.299072,0.956787
-0.562378,-0.018799,0.706787
0.181152,0.010742,1.002075
-0.017822,-0.414429,0.758423
-0.447144,0.189941,0.879028
0.411255,-0.274414,0.970337
-0.535034,-0.037964,0.707764
0.121704,0.069214,0.996826
0.051392,-0.389404,0.795776
-0.514038,0.208374,0.860962
0.426392,-0.262085,0.990479
-0.463013,-0.131348,0.715332
0.053467,0.124146,1.011963
0.114868,-0.412964,0.812500
-0.558594,0.182983,0.824585
0.434326,-0.229858,1.005005
-0.367432,-0.169312,0.742920
-0.016846,0.180176,1.012695
0.171631,-0.395264,0.842407
-0.597046,0.156006,0.790283
0.450928,-0.214111,1.013550
-0.297241,-0.223633,0.725464
-0.082520,0.213501,0.991943
0.234863,-0.389404,0.857056
-0.616333,0.138672,0.760010
0.445190,-0.211182,1.019531
-0.229614,-0.278809,0.735718
-0.127075,0.195068,0.970215
0.279419,-0.364624,0.879639
-0.637207,0.103149,0.722534
0.445435,-0.235840,1.000000
-0.173340,-0.324829,0.736206
-0.181030,0.207153,0.937378
0.307617,-0.339966,0.889771
-0.618896,0.105591,0.735596
0.405762,-0.186035,1.011475
-0.137817,-0.341675,0.751099
-0.225586,0.186523,0.914307
0.338379,-0.341309,0.903076
-0.618408,0.107544,0.734741
0.380615,-0.142700,1.015747
-0.104370,-0.400269,0.725708
-0.243164,0.187866,0.910522
0.353027,-0.325439,0.909668
-0.601562,0.093384,0.725098
0.339233,-0.120728,0.992188
-0.078735,-0.376099,0.746216
-0.258789,0.159302,0.896973
0.364868,-0.298462,0.923706
-0.600830,0.095581,0.721191
0.319580,-0.086670,0.985352
-0.038330,-0.405762,0.753540
-0.288330,0.162231,0.885254
0.374268,-0.290039,0.918701
-0.600220,0.110840,0.701416
0.280273,-0.065430,0.972778
-0.020508,-0.417603,0.757080
-0.325073,0.129883,0.859741
0.388306,-0.265259,0.943726
-0.579590,0.047852,0.694458
0.231689,0.002441,0.982178
0.005615,-0.424561,0.757202
-0.358643,0.149170,0.873291
0.412476,-0.283447,0.953979
-0.557617,0.035522,0.717773
0.192871,0.030640,0.994751
0.021729,-0.397705,0.773926
-0.392944,0.161011,0.849854
0.440796,-0.275269,0.976196
-0.523315,0.011108,0.724976
0.144409,0.093994,0.996460
0.054932,-0.394165,0.787109
-0.424805,0.129395,0.844482
0.452881,-0.286133,0.997803
-0.493408,-0.026611,0.741577
0.102173,0.164307,1.022705
0.075439,-0.392212,0.792847
-0.492920,0.139038,0.819336
0.474609,-0.278687,1.000244
-0.444458,-0.063721,0.755493
0.052734,0.184692,1.015381
0.124756,-0.403320,0.801514
-0.523193,0.134033,0.789917
0.462891,-0.234863,1.006958
-0.387451,-0.130127,0.751831
0.024536,0.182373,1.006348
0.163330,-0.375977,0.832397
-0.566650,0.103760,0.768921
0.466309,-0.243530,1.019653
-0.328857,-0.187500,0.745605
-0.032104,0.232910,1.017822
0.235962,-0.390015,0.866089
-0.588623,0.107422,0.753540
0.455688,-0.226196,1.019165
-0.230591,-0.238159,0.765381
-0.094360,0.219238,0.979492
0.272095,-0.366943,0.869507
-0.581665,0.091919,0.754761
0.449463,-0.195679,1.031372
-0.185669,-0.290039,0.755859
-0.156982,0.207153,0.948730
0.322754,-0.360840,0.895630
-0.573608,0.057007,0.754639
0.409790,-0.166260,1.037598
-0.111084,-0.346069,0.755127
-0.218628,0.221313,0.934448
0.365479,-0.360596,0.915527
-0.563843,0.054810,0.772583
0.363281,-0.128296,1.008789
-0.040161,-0.394775,0.762451
-0.263916,0.201904,0.895752
0.385864,-0.325684,0.931274
-0.548218,0.002686,0.741455
0.304932,-0.114136,0.982300
0.007812,-0.431763,0.771606
-0.324341,0.155884,0.861328
0.418823,-0.282349,0.951050
-0.524902,-0.014648,0.733765
0.214722,-0.016602,0.996826
0.057007,-0.442749,0.778931
-0.382568,0.115356,0.826294
0.443359,-0.308228,0.960083
-0.494141,-0.026001,0.752319
0.138794,0.048706,0.993042
0.094727,-0.454346,0.785889
-0.455933,0.129517,0.808838
0.467773,-0.292969,0.977539
-0.432617,-0.099487,0.757690
0.057617,0.151245,1.014893
0.143921,-0.413452,0.818237
-0.501587,0.070801,0.775391
0.476685,-0.299561,0.998901
-0.348145,-0.198608,0.753052
-0.013550,0.196167,1.010620
0.197998,-0.384033,0.840942
-0.558472,0.076660,0.740356
0.489380,-0.278320,1.027588
-0.259155,-0.221436,0.779907
-0.083374,0.201050,0.995117
0.270996,-0.426758,0.871826
-0.552368,0.060303,0.749878
0.436890,-0.208618,1.017700
-0.177246,-0.266235,0.788086
-0.142212,0.208130,0.983643
0.324219,-0.416504,0.904053
-0.561890,0.076660,0.758423
0.404785,-0.179688,1.026489
-0.106445,-0.347778,0.788940
-0.182617,0.169556,0.949951
0.368530,-0.391235,0.928711
-0.562744,0.053955,0.752563
0.368774,-0.152710,0.999023
-0.029541,-0.374756,0.805054
-0.238770,0.165771,0.926880
0.393311,-0.374634,0.942871
-0.536987,-0.011230,0.740601
0.323242,-0.101562,1.004150
0.012329,-0.414429,0.778076
-0.297852,0.159424,0.882690
0.424805,-0.362427,0.962646
-0.512939,-0.097778,0.738037
0.271851,-0.078125,1.003662
0.046143,-0.463379,0.767944
-0.343994,0.146851,0.864014
0.452393,-0.331543,0.973999
-0.464722,-0.129150,0.741699
0.189453,-0.017944,1.011841
0.088501,-0.483032,0.779907
-0.396362,0.105225,0.822876
0.459106,-0.288574,0.982422
-0.424561,-0.130127,0.763062
0.126343,0.018677,1.010986
0.137817,-0.485962,0.808105
-0.467651,0.101318,0.788452
0.473633,-0.262939,1.010986
-0.360474,-0.170654,0.749634
0.032959,0.110840,1.023438
0.241455,-0.507080,0.848022
-0.502319,0.053223,0.770996
0.479126,-0.280273,1.015625
-0.284180,-0.227539,0.779907
-0.075806,0.182617,1.008545
0.310913,-0.463013,0.893188
-0.515015,0.013672,0.761230
0.433105,-0.190063,1.048096
-0.157593,-0.269409,0.802246
-0.140869,0.216919,0.985718
0.349243,-0.401123,0.934570
-0.520752,-0.017334,0.761841
0.404175,-0.174927,1.054810
-0.054321,-0.377075,0.809326
-0.189331,0.171753,0.960693
0.376587,-0.367554,0.939941
-0.509521,0.003174,0.757568
0.360962,-0.139038,1.037476
0.012573,-0.437378,0.832275
-0.240356,0.116577,0.935791
0.431763,-0.369995,0.972656
-0.494507,-0.041382,0.745117
0.291504,-0.072266,1.022095
0.085327,-0.418213,0.833862
-0.307739,0.134155,0.911499
0.455933,-0.351562,0.992310
-0.451416,-0.068115,0.779419
0.241821,0.004395,1.058716
0.094238,-0.408325,0.830566
-0.366211,0.109253,0.874268
0.492676,-0.355835,1.013916
-0.416016,-0.143188,0.781860
0.169678,0.051636,1.044067
0.130981,-0.405762,0.849854
-0.398560,0.094604,0.861328
0.507202,-0.336182,1.032227
-0.393066,-0.191895,0.755981
0.121582,0.072754,1.037964
0.195923,-0.433105,0.870605
-0.432007,0.075806,0.814575
0.506714,-0.288452,1.036621
-0.328857,-0.211914,0.780396
0.067505,0.098633,1.044067
0.264526,-0.467285,0.880493
-0.466553,0.066162,0.799683
0.496460,-0.257202,1.046387
-0.265381,-0.213745,0.812988
-0.001709,0.123657,1.031738
0.326172,-0.464966,0.922974
-0.478882,0.002563,0.776855
0.456177,-0.136963,1.091187
-0.170898,-0.268921,0.807617
-0.075806,0.185669,1.051758
0.385986,-0.467163,0.949097
-0.509644,-0.011719,0.776855
0.447632,-0.177124,1.083618
-0.077271,-0.317627,0.839966
-0.130859,0.205566,1.034546
0.402222,-0.377686,0.984985
-0.496094,-0.049805,0.787476
0.422363,-0.170776,1.081055
0.019165,-0.401001,0.844360
-0.184937,0.209106,1.018433
0.446899,-0.332520,1.020020
-0.487427,-0.041138,0.780029
0.363037,-0.142578,1.060303
0.083130,-0.448608,0.864624
-0.226318,0.124390,0.974243
0.466675,-0.279175,1.054443
-0.453125,-0.085938,0.762329
0.318237,-0.051636,1.083374
0.109863,-0.397339,0.885376
-0.294556,0.160034,0.986694
0.517334,-0.309814,1.074219
-0.436646,-0.103760,0.779419
0.244141,0.026611,1.080444
0.152466,-0.423950,0.888306
-0.322388,0.103760,0.940308
0.538208,-0.296143,1.097778
-0.406006,-0.161743,0.787231
0.207764,0.031128,1.069092
0.215820,-0.443604,0.912354
-0.374634,0.166260,0.933594
0.530884,-0.287964,1.076172
-0.344238,-0.180176,0.807251
0.183105,0.025391,1.072632
0.233154,-0.450317,0.912598
-0.383667,0.090088,0.861084
0.564087,-0.237427,1.112915
-0.327759,-0.175781,0.797729
0.123657,0.098145,1.088501
0.301392,-0.487183,0.930420
-0.416870,0.075562,0.858521
0.521729,-0.203003,1.109009
-0.257324,-0.211426,0.818726
0.075684,0.116333,1.074219
0.328125,-0.445435,0.957031
-0.432495,0.070679,0.849243
0.531372,-0.194702,1.133057
-0.218506,-0.252930,0.837891
0.011353,0.150879,1.075439
0.374268,-0.439331,0.979980
-0.442139,0.043701,0.837158
0.519531,-0.135010,1.151611
-0.137573,-0.254028,0.871338
-0.060669,0.201904,1.073120
0.418945,-0.420166,1.002319
-0.431641,-0.022217,0.832397
0.482056,-0.117065,1.142700
-0.045166,-0.286621,0.903076
-0.119507,0.225342,1.072632
0.458862,-0.376587,1.026489
-0.426025,-0.067261,0.823730
0.444336,-0.076538,1.151855
0.051147,-0.361206,0.893311
-0.185547,0.219727,1.048584
0.502808,-0.328857,1.075806
-0.428101,-0.081543,0.825684
0.383057,-0.055054,1.147095
0.082275,-0.369995,0.915405
-0.240723,0.192505,1.021362
0.529663,-0.248169,1.121826
-0.398438,-0.095703,0.812988
0.296875,0.006348,1.123169
0.174438,-0.440430,0.925537
-0.315796,0.109009,0.956055
0.563354,-0.230469,1.153442
-0.345703,-0.157104,0.814453
0.194336,0.097046,1.112549
0.281494,-0.450684,0.951050
-0.378418,0.096191,0.914062
0.569336,-0.234741,1.147095
-0.256714,-0.216797,0.854858
0.088501,0.160767,1.094727
0.332886,-0.393921,0.987061
-0.414795,0.041748,0.867920
0.560791,-0.209351,1.163208
-0.167480,-0.253052,0.867676
-0.001831,0.221558,1.116699
0.390381,-0.380859,1.003296
-0.454102,0.049683,0.862549
0.531982,-0.192261,1.153198
-0.025146,-0.360718,0.899536
-0.079468,0.202393,1.091309
0.422119,-0.338013,1.025513
-0.443726,-0.010376,0.832886
0.495117,-0.134888,1.174194
0.012085,-0.370850,0.900513
-0.123535,0.180054,1.086792
0.469604,-0.311768,1.064819
-0.459473,-0.005981,0.824341
0.445923,-0.095215,1.171021
0.035278,-0.388550,0.886475
-0.200195,0.226685,1.072876
0.529053,-0.304688,1.109863
-0.431152,-0.046753,0.828003
0.374390,-0.010498,1.169067
0.087280,-0.372559,0.919556
-0.248901,0.170288,1.028809
0.539307,-0.259033,1.147339
-0.410156,-0.133545,0.805664
0.341431,0.004517,1.170532
0.161255,-0.405151,0.921997
-0.307373,0.190308,0.979736
0.553833,-0.253662,1.126099
-0.349731,-0.183716,0.819336
0.246582,0.020630,1.133301
0.223145,-0.420166,0.940308
-0.352661,0.167236,0.946899
0.565796,-0.238525,1.121704
-0.300903,-0.192505,0.834106
0.159302,0.072876,1.109253
0.274414,-0.419922,0.964722
-0.384399,0.107422,0.912354
0.578003,-0.215332,1.153687
-0.256226,-0.207764,0.847412
0.072876,0.153931,1.100586
0.328003,-0.409668,0.974609
-0.415405,0.052490,0.881714
0.571411,-0.203491,1.170532
-0.197144,-0.267578,0.854980
0.006592,0.181030,1.086548
0.356079,-0.377686,0.985352
-0.425415,0.013062,0.871094
0.547974,-0.181030,1.173706
-0.109375,-0.308960,0.876465
-0.048218,0.176636,1.074951
0.387085,-0.360474,0.993408
-0.449951,-0.003540,0.841919
0.524414,-0.182739,1.161255
-0.047852,-0.344727,0.873169
-0.101929,0.177612,1.058472
0.425659,-0.329590,1.023682
-0.471680,-0.005737,0.812988
0.474121,-0.119751,1.181763
-0.015625,-0.380981,0.868896
-0.180908,0.197876,1.052612
0.486206,-0.319946,1.068848
-0.465698,-0.016724,0.808838
0.387329,-0.048096,1.160522
0.036621,-0.389648,0.886353
-0.232178,0.197754,1.046509
0.513672,-0.299316,1.087891
-0.438477,-0.047119,0.794434
0.336914,-0.001099,1.156616
0.077026,-0.369873,0.893433
-0.295166,0.135376,0.983643
0.531372,-0.292603,1.111938
-0.416016,-0.111938,0.802246
0.265503,0.060181,1.157349
0.156372,-0.409180,0.909790
-0.379150,0.130981,0.927124
0.536011,-0.277100,1.105347
-0.342407,-0.208862,0.788940
0.168945,0.123413,1.119751
0.219238,-0.395752,0.920776
-0.420532,0.122314,0.906738
0.557251,-0.266724,1.117065
-0.322266,-0.222168,0.793213
0.093750,0.107422,1.094727
0.279053,-0.408569,0.941528
-0.447998,0.072021,0.859741
0.538086,-0.190674,1.135254
-0.233643,-0.284180,0.817139
0.009155,0.153687,1.069092
0.308594,-0.386108,0.941284
-0.461060,0.026367,0.831665
0.513306,-0.189209,1.118774
-0.154541,-0.299805,0.828613
-0.046875,0.119995,1.035767
0.340210,-0.351074,0.973389
-0.478027,-0.008789,0.812866
0.481445,-0.150513,1.140503
-0.129761,-0.324585,0.804565
-0.114502,0.158081,1.036255
0.393799,-0.374146,0.982178
-0.496826,-0.025024,0.802979
0.443359,-0.127686,1.131592
-0.082764,-0.327637,0.825073
-0.217896,0.207764,1.016235
0.436157,-0.312256,1.020264
-0.489502,-0.059082,0.772949
0.379272,-0.088013,1.125977
-0.038696,-0.333984,0.840820
-0.297852,0.191528,0.977661
0.484131,-0.340210,1.042114
-0.465576,-0.113647,0.762329
0.259521,-0.012573,1.099854
0.072876,-0.383789,0.856934
-0.380981,0.156738,0.911255
0.494995,-0.270020,1.069214
-0.405640,-0.159424,0.776123
0.167236,0.032837,1.083252
0.143066,-0.402344,0.887695
-0.442749,0.104126,0.878540
0.498657,-0.256470,1.080933
-0.342773,-0.238647,0.774170
0.058228,0.117798,1.067749
0.218262,-0.372803,0.900391
-0.484741,0.066040,0.833496
0.494507,-0.257324,1.076294
-0.247437,-0.316040,0.785400
-0.001953,0.113403,1.036621
0.264404,-0.364014,0.908081
-0.522095,0.083130,0.811768
0.467529,-0.237183,1.066650
-0.172485,-0.372559,0.773804
-0.088501,0.098633,1.003906
0.308472,-0.370117,0.922974
-0.525146,0.029053,0.771729
0.448853,-0.162109,1.101929
-0.160889,-0.333374,0.787354
-0.184326,0.131836,0.985596
0.361084,-0.388428,0.949585
-0.528931,0.001587,0.766235
0.402954,-0.093750,1.104492
-0.145752,-0.316040,0.780273
-0.244751,0.155640,0.969238
0.378296,-0.373047,0.959106
-0.544678,-0.018311,0.766846
0.403564,-0.126953,1.099121
-0.112549,-0.363403,0.768188
-0.316040,0.190186,0.934937
0.411255,-0.350708,0.982056
-0.523682,-0.058350,0.748901
0.332764,-0.077148,1.092773
-0.090942,-0.354492,0.778687
-0.341553,0.173706,0.919067
0.421753,-0.337036,0.995361
-0.523315,-0.120117,0.728271
0.285767,-0.059204,1.077393
-0.048462,-0.348145,0.805664
-0.378296,0.195923,0.905640
0.434448,-0.319702,0.998901
-0.510254,-0.098633,0.740967
0.226440,-0.066162,1.055298
-0.005127,-0.403076,0.809937
-0.428101,0.168579,0.877075
0.431519,-0.267700,1.013062
-0.468018,-0.138184,0.723877
0.162354,0.028320,1.058716
0.059570,-0.410767,0.820557
-0.487793,0.161621,0.852295
0.447754,-0.270752,1.020508
-0.452393,-0.168335,0.739014
0.083374,0.069336,1.041626
0.132690,-0.418457,0.846191
-0.523315,0.161621,0.836426
0.459717,-0.251587,1.031494
-0.379150,-0.225220,0.733032
0.000977,0.087646,1.028931
0.184692,-0.416748,0.866089
-0.538330,0.091675,0.797729
0.454956,-0.216431,1.045410
-0.291870,-0.248657,0.746704
-0.090454,0.135010,1.000732
0.241089,-0.437256,0.863892
-0.563965,0.050049,0.774292
0.433105,-0.205322,1.044556
-0.226318,-0.296387,0.735962
-0.186279,0.184692,0.985352
0.312378,-0.414551,0.893921
-0.586914,0.017822,0.741577
0.389038,-0.170776,1.040283
-0.162842,-0.333496,0.755737
-0.246948,0.175049,0.953613
0.348999,-0.348877,0.932251
-0.606201,0.008789,0.731323
0.337646,-0.151001,1.027222
-0.113770,-0.378540,0.756592
-0.317261,0.169800,0.907471
0.364868,-0.316040,0.939819
-0.577393,-0.009888,0.718628
0.279663,-0.097534,1.017212
-0.063354,-0.371094,0.784180
-0.409912,0.163330,0.869873
0.408325,-0.328247,0.967041
-0.550049,-0.032471,0.699585
0.199219,0.002808,1.015747
-0.013794,-0.374268,0.803955
-0.454956,0.149658,0.870972
0.416992,-0.304932,0.975220
-0.531738,-0.096924,0.688965
0.125366,0.075439,1.021606
0.043091,-0.403320,0.804565
-0.495117,0.189697,0.860596
0.418701,-0.271729,0.994995
-0.511963,-0.104736,0.698975
0.095337,0.064331,1.006226
0.087280,-0.418945,0.824097
-0.525024,0.170898,0.849609
0.427734,-0.262085,0.995728
-0.478638,-0.136597,0.704102
0.064575,0.098633,1.021362
0.103516,-0.408691,0.823730
-0.554688,0.191406,0.826050
0.436768,-0.264526,0.996948
-0.430176,-0.189209,0.726562
0.033569,0.104126,1.019531
0.118042,-0.410767,0.827148
-0.563721,0.080688,0.778809
0.439819,-0.222168,1.046997
-0.376953,-0.211670,0.739136
-0.105713,0.144409,0.996216
0.280151,-0.409790,0.886230
-0.562988,0.080200,0.780762
0.428467,-0.201050,1.048828
-0.216309,-0.351807,0.718628
-0.160645,0.151001,0.974609
0.296875,-0.377930,0.901367
-0.560303,0.021851,0.760498
0.418213,-0.197266,1.044434
-0.209717,-0.352661,0.713867
-0.218506,0.174683,0.963257
0.343506,-0.377441,0.921631
-0.584961,0.010376,0.739746
0.392212,-0.178711,1.050293
-0.178833,-0.343994,0.732056
-0.269775,0.177246,0.948120
0.361694,-0.361084,0.927368
-0.588501,0.014648,0.747437
0.332764,-0.154297,1.040771
-0.123291,-0.394653,0.747070
-0.322144,0.167969,0.913208
0.373413,-0.314697,0.954712
-0.575806,-0.016968,0.718750
0.283325,-0.095215,1.030640
-0.069946,-0.384766,0.779175
-0.393799,0.184937,0.890747
0.410645,-0.314941,0.976318
-0.553955,-0.055786,0.712891
0.191650,-0.020508,1.026001
-0.004761,-0.391846,0.813354
-0.466431,0.166870,0.868286
0.430542,-0.304321,0.995361
-0.508179,-0.111694,0.705933
0.106812,0.079834,1.025879
0.057617,-0.392090,0.803345
-0.515991,0.158325,0.838013
0.445312,-0.308838,0.989990
-0.436768,-0.165405,0.739868
0.036621,0.113647,1.016479
0.117920,-0.385620,0.817993
-0.552490,0.145264,0.805298
0.448486,-0.265015,1.010742
-0.357544,-0.251465,0.724121
-0.028320,0.142334,1.001465
0.203247,-0.401489,0.856934
-0.588501,0.123413,0.784180
0.431152,-0.230103,1.021362
-0.270142,-0.292725,0.720703
-0.111450,0.158447,0.969482
0.254639,-0.404541,0.868164
-0.592773,0.072388,0.758789
0.415649,-0.169800,1.034668
-0.223389,-0.347412,0.699951
-0.205688,0.166992,0.950195
0.313232,-0.406128,0.885376
-0.603027,0.047363,0.742065
0.370850,-0.148682,1.033813
-0.163086,-0.333984,0.736572
-0.282227,0.189209,0.922363
0.354492,-0.365845,0.919312
-0.597656,0.005493,0.717773
0.320801,-0.121582,1.015991
-0.114624,-0.339600,0.739380
-0.356201,0.214233,0.905396
0.385498,-0.364014,0.932983
-0.584106,-0.045654,0.708496
0.252686,-0.068604,1.010010
-0.063110,-0.380859,0.750732
-0.442139,0.236328,0.872681
0.421387,-0.304810,0.966064
-0.538696,-0.096191,0.703735
0.142700,-0.015381,0.983643
0.019165,-0.406494,0.788452
-0.497437,0.210449,0.853516
0.428955,-0.240479,0.995361
-0.465820,-0.117432,0.738037
0.037720,0.096191,1.001465
0.108032,-0.412964,0.819458
-0.555664,0.149414,0.807983
0.425049,-0.203369,1.005493
-0.342651,-0.218506,0.720703
-0.048462,0.151489,0.999390
0.215210,-0.405029,0.864380
-0.609375,0.143188,0.772827
0.408691,-0.194580,1.003174
-0.225708,-0.332275,0.708862
-0.149292,0.170776,0.962524
0.280273,-0.346558,0.895142
-0.606445,0.098145,0.759766
0.388062,-0.158813,1.018311
-0.158936,-0.343018,0.729858
-0.243774,0.158081,0.920166
0.344360,-0.339600,0.913940
-0.604858,0.077515,0.732666
0.306152,-0.093384,0.994873
-0.075439,-0.380737,0.751343
-0.348267,0.179321,0.884033
0.381592,-0.295044,0.936157
-0.555176,0.001831,0.693359
0.209839,-0.003296,0.980103
-0.012329,-0.386230,0.773926
-0.434326,0.186279,0.855957
0.401978,-0.289429,0.950195
-0.525146,-0.062378,0.697998
0.135986,0.070923,0.996094
0.054810,-0.397095,0.791626
-0.513184,0.220459,0.833618
0.404907,-0.231812,0.966309
-0.446167,-0.111450,0.740967
0.076172,0.095703,1.026367
0.099243,-0.409180,0.817871
-0.569824,0.198120,0.805176
0.445801,-0.208740,1.008179
-0.351196,-0.173706,0.752686
-0.016602,0.159546,1.012207
0.196533,-0.411133,0.848022
-0.594238,0.163696,0.792480
0.427124,-0.180298,1.014038
-0.261353,-0.258301,0.723267
-0.096436,0.200928,0.984009
0.291016,-0.389404,0.887085
-0.634277,0.139038,0.767090
0.402710,-0.184448,1.000610
-0.174194,-0.339722,0.726562
-0.148438,0.190186,0.956177
0.301880,-0.323242,0.895020
-0.635498,0.126099,0.744019
0.399658,-0.187622,0.999512
-0.101440,-0.384277,0.742310
-0.240601,0.167725,0.897217
0.341675,-0.298950,0.911743
-0.601318,0.098511,0.736938
0.338501,-0.135010,0.986938
-0.056396,-0.387329,0.755493
-0.314209,0.162231,0.867432
0.381226,-0.299805,0.928223
-0.563354,0.030518,0.711670
0.252563,-0.033325,0.982544
-0.025391,-0.394775,0.750977
-0.368042,0.171997,0.847290
0.414185,-0.281250,0.952637
-0.541382,-0.042969,0.703247
0.190308,-0.001221,0.988892
0.020630,-0.419556,0.752075
-0.429810,0.214233,0.865356
0.432007,-0.268677,0.954346
-0.492676,-0.060425,0.735962
0.114624,0.052124,0.997070
0.072388,-0.401123,0.806519
-0.504761,0.183228,0.824463
0.441650,-0.214478,0.998047
-0.409058,-0.130859,0.748413
0.029541,0.156738,1.008789
0.155151,-0.412354,0.818481
-0.544312,0.183594,0.813110
0.425049,-0.185181,0.989014
-0.328735,-0.153564,0.752563
-0.038940,0.154785,0.984375
0.221313,-0.414795,0.849121
-0.569824,0.133667,0.777222
0.455200,-0.147705,1.031616
-0.226196,-0.226807,0.752319
-0.131104,0.208618,0.965332
0.289551,-0.389404,0.882202
-0.597900,0.092041,0.749512
0.435059,-0.184082,1.020386
-0.130127,-0.309448,0.764404
-0.198853,0.234253,0.949585
0.323608,-0.325562,0.897339
-0.594971,0.086670,0.741455
0.384155,-0.151367,1.010864
-0.070679,-0.379883,0.752075
-0.232910,0.195679,0.900269
0.378052,-0.306763,0.917236
-0.601440,0.117188,0.738037
0.316406,-0.093994,0.978394
-0.020630,-0.407959,0.747925
-0.280640,0.140015,0.867432
0.409180,-0.289795,0.943237
-0.558838,0.047852,0.727661
0.222168,-0.022461,0.955933
0.004883,-0.407227,0.758179
-0.333618,0.127441,0.863281
0.436279,-0.267090,0.969238
-0.550049,0.014160,0.722900
0.179565,0.027344,0.989990
0.056274,-0.416992,0.783691
-0.433838,0.157593,0.836182
0.439575,-0.263184,0.964111
-0.475220,-0.024414,0.736084
0.117798,0.135010,1.017334
0.104370,-0.398804,0.807495
-0.488770,0.121460,0.802734
0.452026,-0.267334,0.982788
-0.452271,-0.092041,0.733398
0.080444,0.142212,1.017700
0.155273,-0.395264,0.821777
-0.525879,0.150024,0.786499
0.465820,-0.258789,0.978394
-0.379150,-0.121460,0.759644
0.016724,0.149780,0.996704
0.196899,-0.399414,0.845947
-0.555176,0.091431,0.761719
0.466797,-0.231201,1.015015
-0.284424,-0.182861,0.773926
-0.062134,0.211792,1.000244
0.245361,-0.391113,0.857666
-0.569214,0.054199,0.731567
0.458862,-0.219971,1.027466
-0.224976,-0.245972,0.776611
-0.140015,0.223145,0.968628
0.315918,-0.412109,0.887695
-0.573730,0.066406,0.756714
0.402344,-0.161133,1.018066
-0.117554,-0.314209,0.780762
-0.180664,0.199341,0.950317
0.355591,-0.380859,0.917725
-0.576538,0.050171,0.745972
0.360962,-0.135376,1.013062
-0.024414,-0.401978,0.780273
-0.263916,0.188354,0.893555
0.375366,-0.305420,0.929810
-0.548950,-0.021851,0.730591
0.304077,-0.100708,0.991943
0.032837,-0.438354,0.781616
-0.309448,0.138306,0.845459
0.403931,-0.266968,0.954346
-0.528076,-0.077148,0.715210
0.208130,-0.070801,0.971436
0.057861,-0.478760,0.759399
-0.381470,0.140137,0.831543
0.458984,-0.250610,0.998291
-0.470215,-0.053101,0.754761
0.106567,0.052856,0.994629
0.112549,-0.445679,0.801758
-0.460327,0.057861,0.779419
0.476807,-0.253662,1.010254
-0.402222,-0.115723,0.746704
0.006958,0.200073,1.019897
0.199219,-0.436768,0.822998
-0.498535,0.059204,0.758423
0.462769,-0.250488,1.013916
-0.319214,-0.190186,0.764893
-0.046875,0.200928,0.998291
0.255737,-0.408813,0.857666
-0.545898,0.042358,0.736084
0.450073,-0.250488,1.014160
-0.213501,-0.261475,0.789795
-0.093994,0.210815,0.987915
0.284668,-0.369263,0.878662
-0.568237,0.056885,0.749390
0.435181,-0.250366,1.011475
-0.143555,-0.319092,0.797974
-0.141602,0.185791,0.968628
0.326294,-0.353394,0.906860
-0.557861,0.085205,0.750366
0.401733,-0.169678,1.027710
-0.082275,-0.359863,0.808228
-0.188965,0.142700,0.941650
0.355957,-0.380249,0.916138
-0.571289,0.054077,0.745605
0.385010,-0.147827,1.018921
-0.031616,-0.368408,0.791260
-0.234741,0.132568,0.915405
0.391602,-0.413330,0.938843
-0.541992,-0.050659,0.740479
0.328857,-0.119507,0.994019
0.010376,-0.381470,0.772583
-0.290283,0.167725,0.881470
0.439209,-0.340210,0.981934
-0.513062,-0.078735,0.745361
0.264404,-0.091553,0.997925
0.044189,-0.453491,0.784058
-0.325195,0.110107,0.863037
0.448486,-0.334106,0.985229
-0.501099,-0.081787,0.738770
0.216797,-0.027588,1.012573
0.080811,-0.468384,0.785522
-0.366699,0.110229,0.842285
0.456787,-0.329102,0.980469
-0.476807,-0.113403,0.737061
0.170898,-0.015991,1.009521
0.122681,-0.473755,0.799072
-0.410645,0.121338,0.821167
0.459961,-0.296753,0.991211
-0.427612,-0.150635,0.742310
0.106567,0.050415,1.006470
0.160034,-0.464355,0.823120
-0.455444,0.063599,0.792114
0.476562,-0.289185,1.008545
-0.373047,-0.187500,0.763794
0.033447,0.134888,1.027466
0.236694,-0.476318,0.856689
-0.484375,0.041992,0.771606
0.476562,-0.256470,1.036865
-0.301147,-0.224487,0.768921
-0.052368,0.173462,1.014160
0.301270,-0.464600,0.893188
-0.518433,0.013550,0.753052
0.458618,-0.243408,1.040649
-0.201538,-0.278320,0.798340
-0.122925,0.214355,0.997070
0.336548,-0.412598,0.916870
-0.525024,0.015137,0.770386
0.444946,-0.229126,1.050049
-0.120239,-0.320679,0.812134
-0.156128,0.201416,0.995605
0.357056,-0.376099,0.934204
-0.531128,0.014282,0.772339
0.423950,-0.192505,1.051270
-0.027466,-0.380615,0.838867
-0.212769,0.197388,0.966797
0.391968,-0.351807,0.952393
-0.518921,-0.004517,0.769531
0.366211,-0.189575,1.022095
0.038330,-0.398682,0.866089
-0.232666,0.132812,0.944214
0.421387,-0.322510,0.979004
-0.503296,-0.000854,0.768066
0.305420,-0.087402,1.044678
0.079224,-0.426514,0.845093
-0.286621,0.109619,0.925415
0.454590,-0.329712,1.001343
-0.479980,-0.051147,0.754517
0.262451,-0.022339,1.047974
0.092407,-0.403931,0.841553
-0.338989,0.117920,0.904419
0.489380,-0.350586,1.011719
-0.445679,-0.114136,0.761108
0.216919,-0.017578,1.032227
0.110107,-0.437256,0.835205
-0.362305,0.106201,0.873901
0.494751,-0.305542,1.035034
-0.409180,-0.148682,0.763428
0.182251,0.030151,1.055298
0.159546,-0.451050,0.851562
-0.412231,0.103027,0.868408
0.537598,-0.337524,1.053833
-0.381470,-0.185791,0.776001
0.106445,0.118286,1.056519
0.217896,-0.434204,0.886719
-0.427979,0.039917,0.829590
0.537720,-0.314453,1.067505
-0.348145,-0.213745,0.779907
0.064209,0.145630,1.047363
0.259766,-0.439331,0.911743
-0.442017,0.035522,0.818726
0.523560,-0.292480,1.074707
-0.307495,-0.229370,0.788086
0.033569,0.174438,1.053223
0.300781,-0.451294,0.913818
-0.462158,0.016357,0.803223
0.510742,-0.279297,1.083618
-0.251953,-0.272583,0.800171
-0.003174,0.198120,1.062134
0.316284,-0.433350,0.911255
-0.455811,0.009766,0.807861
0.503052,-0.237671,1.093628
-0.189087,-0.265259,0.842407
-0.056396,0.202759,1.048584
0.337769,-0.442017,0.931396
-0.470093,0.021729,0.813354
0.498047,-0.218994,1.100220
-0.155640,-0.278687,0.847168
-0.079712,0.205322,1.043091
0.372559,-0.410034,0.958130
-0.478516,0.005005,0.807861
0.471924,-0.191406,1.101440
-0.109741,-0.307739,0.846924
-0.087646,0.163330,1.034912
0.404907,-0.376709,0.992554
-0.474365,0.009766,0.802368
0.446411,-0.130005,1.095825
-0.039307,-0.335083,0.868164
-0.131104,0.172729,1.037964
0.438965,-0.404053,1.009277
-0.469727,-0.030518,0.799561
0.419067,-0.092773,1.109863
0.038818,-0.362183,0.876587
-0.184692,0.188843,1.025513
0.472412,-0.366333,1.042114
-0.440674,-0.104370,0.783203
0.382324,-0.070068,1.124390
0.046387,-0.385376,0.855469
-0.226074,0.199829,1.025879
0.515869,-0.337280,1.063232
-0.440796,-0.100342,0.791748
0.324341,-0.031494,1.094116
0.094971,-0.367920,0.886353
-0.277222,0.158936,0.970825
0.531250,-0.281250,1.097900
-0.384888,-0.148438,0.789917
0.250977,0.028564,1.088135
0.160767,-0.396118,0.902588
-0.313477,0.079590,0.914307
0.552490,-0.243896,1.132080
-0.366821,-0.168213,0.798340
0.184814,0.057251,1.082153
0.278076,-0.486450,0.924561
-0.373047,0.089966,0.886230
0.521240,-0.181396,1.120361
-0.284180,-0.187622,0.810181
0.100952,0.116211,1.088989
0.324463,-0.470947,0.958862
-0.408081,0.042969,0.858887
0.529907,-0.187744,1.139160
-0.222656,-0.230957,0.837280
0.007812,0.201538,1.096924
0.392212,-0.438965,0.993042
-0.450562,0.039795,0.840332
0.521729,-0.152466,1.138794
-0.123657,-0.262695,0.879639
-0.063477,0.211914,1.081055
0.437134,-0.377563,1.026855
-0.448730,-0.018311,0.826416
0.488281,-0.133179,1.155640
0.003784,-0.355103,0.890503
-0.134766,0.212646,1.067139
0.442993,-0.329712,1.040283
-0.420532,-0.071045,0.823364
0.456299,-0.093506,1.169922
0.060913,-0.359497,0.911255
-0.213379,0.226318,1.029663
0.493896,-0.277222,1.076294
-0.407593,-0.100342,0.823364
0.377441,-0.065430,1.147461
0.103760,-0.370972,0.919434
-0.248901,0.199463,1.021851
0.542969,-0.267456,1.110840
-0.383667,-0.131470,0.815918
0.290039,-0.005127,1.137451
0.184082,-0.427368,0.931885
-0.310303,0.119629,0.944580
0.578491,-0.236084,1.144409
-0.318970,-0.157715,0.834839
0.156616,0.099365,1.099854
0.278687,-0.459229,0.942993
-0.356079,0.076050,0.897583
0.568237,-0.213013,1.145264
-0.233398,-0.219360,0.856323
0.058105,0.196167,1.108154
0.345459,-0.429321,0.964600
-0.416748,0.041626,0.864624
0.559326,-0.172729,1.179077
-0.156616,-0.253052,0.866455
-0.002808,0.213745,1.108521
0.391846,-0.398193,0.992554
-0.460938,0.000000,0.850098
0.539673,-0.189941,1.177490
-0.051025,-0.342529,0.882324
-0.049438,0.216064,1.104004
0.436768,-0.336548,1.030151
-0.479004,0.034424,0.844727
0.496338,-0.168335,1.155640
0.017334,-0.453735,0.862915
-0.128174,0.204834,1.081787
0.498901,-0.333008,1.067139
-0.454224,0.020142,0.840698
0.435791,-0.071655,1.171997
0.045532,-0.387085,0.904297
-0.166382,0.180420,1.066650
0.499268,-0.296509,1.094849
-0.448975,-0.065796,0.825073
0.409668,-0.059692,1.157471
0.076172,-0.366943,0.919678
-0.233521,0.214722,1.044678
0.511353,-0.263794,1.117920
-0.392090,-0.124878,0.822266
0.352661,-0.037598,1.151978
0.103271,-0.380127,0.927002
-0.264648,0.164551,1.000854
0.559814,-0.270020,1.128906
-0.395630,-0.110229,0.813965
0.280762,0.031616,1.141479
0.185791,-0.399658,0.953857
-0.324585,0.140747,0.953979
0.562012,-0.270508,1.133667
-0.332886,-0.164551,0.830566
0.226807,0.084106,1.140259
0.216187,-0.418579,0.929932
-0.353149,0.104858,0.922974
0.597534,-0.249512,1.159546
-0.309814,-0.176392,0.827271
0.139038,0.162231,1.126831
0.288696,-0.432861,0.957275
-0.390137,0.064819,0.904175
0.572388,-0.231934,1.151367
-0.268799,-0.221802,0.833130
0.086548,0.195923,1.126953
0.321533,-0.410400,0.958740
-0.430786,0.054443,0.876465
0.563965,-0.228027,1.160522
-0.208618,-0.335449,0.822998
0.045288,0.176392,1.106445
0.321167,-0.371338,0.958618
-0.439209,0.017944,0.850098
0.558960,-0.215820,1.159424
-0.118896,-0.338135,0.861816
-0.028564,0.200439,1.102295
0.379639,-0.377686,0.988892
-0.463257,0.010986,0.841919
0.520752,-0.166382,1.164917
-0.049805,-0.346680,0.861450
-0.076172,0.186890,1.082275
0.405518,-0.349609,1.002441
-0.460938,-0.008301,0.829224
0.496826,-0.150269,1.165283
-0.046021,-0.366211,0.844360
-0.144165,0.180420,1.057373
0.441040,-0.316162,1.034302
-0.458252,-0.026611,0.822998
0.459229,-0.117920,1.162231
-0.017090,-0.347046,0.867676
-0.216064,0.194214,1.034058
0.476440,-0.303589,1.071167
-0.467285,-0.036133,0.806763
0.399536,-0.066528,1.166382
0.044434,-0.354126,0.884521
-0.277100,0.206421,1.002563
0.510986,-0.292725,1.092407
-0.445679,-0.102051,0.779663
0.320557,-0.030151,1.136353
0.098511,-0.381348,0.895020
-0.312866,0.153809,0.958130
0.523804,-0.274414,1.097046
-0.389160,-0.150513,0.790894
0.247803,0.020020,1.121216
0.154663,-0.404785,0.907227
-0.374268,0.152954,0.917603
0.537842,-0.275757,1.086670
-0.347656,-0.169678,0.806152
0.170410,0.063232,1.109009
0.208740,-0.408203,0.920044
-0.412476,0.106445,0.898926
0.533081,-0.229614,1.114014
-0.322021,-0.204102,0.800415
0.101929,0.095581,1.091797
0.277954,-0.430542,0.930542
-0.460571,0.107666,0.877441
0.523193,-0.185059,1.108887
-0.281250,-0.223389,0.798584
0.030884,0.125732,1.073975
0.319336,-0.412720,0.951904
-0.486206,0.041870,0.835571
0.514282,-0.187988,1.117310
-0.162720,-0.314819,0.801147
-0.040405,0.169556,1.061646
0.346924,-0.353516,0.965332
-0.484619,0.007690,0.809814
0.483154,-0.182129,1.124023
-0.127808,-0.340088,0.789795
-0.129272,0.172241,1.038940
0.378662,-0.353394,0.978394
-0.485107,-0.023315,0.797119
0.448242,-0.129272,1.129883
-0.095825,-0.320068,0.812256
-0.206421,0.178955,1.017212
0.406860,-0.321167,1.009399
-0.503296,-0.041382,0.787842
0.402588,-0.116699,1.125732
-0.056274,-0.336914,0.833374
-0.287842,0.200928,0.981934
0.462769,-0.324585,1.028320
-0.481201,-0.060547,0.768066
0.293945,-0.028809,1.118164
0.033813,-0.391479,0.849609
-0.339844,0.151367,0.943848
0.471558,-0.299927,1.040894
-0.437134,-0.111450,0.760864
0.219727,0.041016,1.108765
0.086914,-0.398438,0.854004
-0.416138,0.126953,0.890991
0.505371,-0.276489,1.077637
-0.416504,-0.147461,0.750854
0.131348,0.125488,1.079712
0.160156,-0.369995,0.884033
-0.464722,0.087891,0.858521
0.518311,-0.304077,1.075073
-0.369141,-0.235962,0.774658
0.051147,0.135864,1.065674
0.210815,-0.395020,0.879517
-0.500366,0.081787,0.828003
0.509399,-0.236206,1.095337
-0.277100,-0.259521,0.784668
-0.027344,0.124878,1.027832
0.257324,-0.413940,0.886841
-0.504150,0.069336,0.829590
0.478027,-0.213379,1.073975
-0.218872,-0.284790,0.773071
-0.077881,0.130371,1.006958
0.296509,-0.375977,0.923462
-0.524170,0.005127,0.788330
0.449951,-0.179565,1.085571
-0.181030,-0.363892,0.722412
-0.139282,0.162720,0.998901
0.346191,-0.381592,0.923096
-0.566528,0.031006,0.764160
0.416138,-0.217041,1.054321
-0.141602,-0.370728,0.768799
-0.215332,0.124146,0.954102
0.369141,-0.330322,0.964600
-0.565430,0.026733,0.746338
0.368530,-0.163940,1.063110
-0.112305,-0.377808,0.782959
-0.270386,0.146729,0.954590
0.384644,-0.318481,0.973511
-0.540283,0.000366,0.743652
0.288330,-0.084473,1.057007
-0.069336,-0.393677,0.798462
-0.316284,0.152222,0.943726
0.401978,-0.301880,0.996216
-0.535278,-0.062012,0.710327
0.241943,-0.053467,1.049805
-0.033569,-0.382935,0.808228
-0.383667,0.171631,0.917236
0.449097,-0.316650,1.013916
-0.496948,-0.049683,0.752686
0.152710,0.046997,1.036133
0.011230,-0.377441,0.827271
-0.421387,0.104004,0.878540
0.463745,-0.325073,1.018555
-0.514893,-0.118164,0.715088
0.107788,0.114868,1.042480
0.084473,-0.416504,0.819946
-0.473389,0.153076,0.874756
0.454956,-0.298340,1.017334
-0.474976,-0.126099,0.735840
0.065308,0.109253,1.029785
0.117554,-0.406860,0.846802
-0.523071,0.087036,0.827637
0.489014,-0.302979,1.044189
-0.431641,-0.163940,0.724976
0.010498,0.204590,1.043701
0.166870,-0.359741,0.860107
-0.536011,0.101440,0.824829
0.457886,-0.303589,1.006226
-0.372803,-0.220459,0.743896
0.000366,0.166382,1.021606
0.176758,-0.401001,0.842773
-0.552368,0.112061,0.805542
0.458862,-0.262695,1.028076
-0.349365,-0.229492,0.740845
-0.033203,0.160767,1.012329
0.193848,-0.424927,0.839478
-0.568848,0.102173,0.796509
0.458618,-0.249390,1.024414
-0.326416,-0.223877,0.725220
-0.072632,0.181030,0.995483
0.233032,-0.421631,0.852173
-0.573608,0.077026,0.783936
0.445435,-0.263184,1.012451
-0.309204,-0.268066,0.716919
-0.087524,0.190308,0.990601
0.239380,-0.419434,0.855469
-0.591553,0.084717,0.764526
0.441162,-0.231689,1.025269
-0.279663,-0.275269,0.719482
-0.103394,0.181519,0.986816
0.254761,-0.415527,0.862793
-0.591064,0.088989,0.772949
0.425537,-0.210938,1.027100
-0.258057,-0.295532,0.716919
-0.145142,0.180664,0.967285
0.282349,-0.376465,0.903687
-0.603394,0.036011,0.748779
0.398193,-0.194702,1.019165
-0.231201,-0.343872,0.698242
-0.174194,0.165894,0.965454
0.303955,-0.387695,0.903809
-0.616699,0.057739,0.748535
0.392700,-0.163452,1.032349
-0.184326,-0.343750,0.713379
-0.261230,0.162842,0.920776
0.420166,-0.352295,0.980347
-0.516479,-0.083984,0.739868
0.268433,-0.059570,1.068481
-0.164429,-0.358154,0.708252
-0.395508,0.173096,0.894165
0.450806,-0.308960,1.015259
-0.502319,-0.132690,0.722046
0.173218,0.007568,1.052490
0.041992,-0.406128,0.811523
-0.467529,0.166870,0.874146
0.452148,-0.272217,1.027832
-0.448242,-0.154419,0.741455
0.089111,0.088135,1.039429
0.113281,-0.415405,0.840332
-0.518311,0.131470,0.831909
0.454834,-0.269897,1.017456
-0.383057,-0.163818,0.743530
0.015503,0.113281,1.026489
0.179810,-0.396362,0.854980
-0.545898,0.102417,0.814453
0.446777,-0.252075,1.018311
-0.298706,-0.294800,0.719971
-0.069458,0.127563,0.986816
0.251221,-0.386963,0.878296
-0.566895,0.070190,0.790283
0.423462,-0.208008,1.045654
-0.235474,-0.345215,0.705322
-0.145264,0.140259,0.965332
0.294312,-0.374756,0.899902
-0.579712,0.048340,0.764038
0.413208,-0.191284,1.048096
-0.183838,-0.331055,0.739502
-0.261841,0.176636,0.939331
0.332031,-0.361084,0.928833
-0.565552,-0.021729,0.736816
0.361084,-0.131714,1.059326
-0.147217,-0.368286,0.744873
-0.317993,0.152222,0.894653
0.362305,-0.332275,0.945557
-0.574219,-0.010498,0.718262
0.296875,-0.087769,1.045898
-0.085449,-0.367188,0.782471
-0.377930,0.173462,0.896484
0.382446,-0.330811,0.947144
-0.554321,-0.031128,0.699829
0.221924,-0.016968,1.021362
-0.001953,-0.384644,0.796875
-0.457520,0.210327,0.891846
0.394775,-0.304810,0.951416
-0.525879,-0.092529,0.695801
0.142822,0.051147,1.026245
0.032593,-0.378662,0.814819
-0.509644,0.182617,0.859009
0.425171,-0.280640,0.996948
-0.474121,-0.154419,0.693726
0.069336,0.126831,1.037354
0.092285,-0.402222,0.803101
-0.543335,0.177490,0.852661
0.447388,-0.309570,0.979980
-0.407715,-0.148926,0.748291
-0.013794,0.171021,1.005249
0.154541,-0.394775,0.821289
-0.563599,0.100342,0.798584
0.451904,-0.276367,1.025757
-0.338135,-0.255249,0.723022
-0.066040,0.181641,0.979370
0.203369,-0.389282,0.832642
-0.583008,0.108154,0.789062
0.437378,-0.229492,1.031250
-0.276489,-0.288208,0.726318
-0.110840,0.145264,0.954102
0.250854,-0.388062,0.863403
-0.619629,0.115234,0.761719
0.435547,-0.217773,1.021606
-0.215088,-0.339111,0.730469
-0.188599,0.166138,0.939819
0.294312,-0.358032,0.888428
-0.605103,0.094971,0.751221
0.385986,-0.177246,1.023560
-0.169067,-0.354004,0.736938
-0.248657,0.167847,0.924561
0.345215,-0.379150,0.908447
-0.615112,0.075317,0.733887
0.334961,-0.134033,1.005615
-0.140015,-0.372437,0.718872
-0.297852,0.173218,0.909058
0.365356,-0.352905,0.924072
-0.587036,0.022217,0.730225
0.282227,-0.077393,1.010620
-0.091431,-0.371216,0.747803
-0.391724,0.202026,0.883667
0.401123,-0.333496,0.945923
-0.554932,-0.011841,0.716553
0.192261,-0.007812,0.997437
-0.026367,-0.401855,0.767700
-0.458618,0.219116,0.871826
0.422729,-0.283569,0.969482
-0.509155,-0.068970,0.723999
0.093018,0.075439,1.008789
0.056519,-0.412598,0.798706
-0.520142,0.176636,0.839966
0.429443,-0.245605,0.987183
-0.415039,-0.126099,0.748413
0.012695,0.138916,1.004150
0.157104,-0.397949,0.841431
-0.570190,0.146851,0.791382
0.414185,-0.204102,0.989380
-0.296143,-0.223511,0.737061
-0.078125,0.174194,0.976685
0.241699,-0.397705,0.860840
-0.596069,0.145996,0.769165
0.415283,-0.164185,1.010376
-0.215454,-0.285278,0.735718
-0.190430,0.174316,0.935791
0.316162,-0.390503,0.893555
-0.599487,0.084473,0.739380
0.377808,-0.127197,1.023315
-0.140503,-0.340210,0.724609
-0.280884,0.202148,0.893921
0.362183,-0.344971,0.906738
-0.591797,0.017578,0.717896
0.325073,-0.107422,1.018066
-0.086426,-0.402100,0.718384
-0.367920,0.235474,0.881470
0.394531,-0.309814,0.928345
-0.546021,-0.028931,0.714355
0.206909,-0.049194,0.993896
-0.032715,-0.416992,0.747925
-0.435181,0.203979,0.844971
0.415771,-0.247803,0.966919
-0.482788,-0.081055,0.722656
0.109009,0.076904,1.016479
0.065674,-0.403320,0.793701
-0.517822,0.200073,0.829224
0.434937,-0.260254,0.970337
-0.397217,-0.130737,0.758179
0.008179,0.164307,1.010986
0.165161,-0.391235,0.840576
-0.571533,0.147705,0.786377
0.422729,-0.187256,1.004272
-0.278320,-0.227173,0.741333
-0.065186,0.195068,1.002686
0.242554,-0.381592,0.873413
-0.597290,0.115234,0.757080
0.414429,-0.161621,1.016846
-0.197876,-0.285278,0.736694
-0.157227,0.185669,0.954468
0.310181,-0.352417,0.893188
-0.605347,0.102661,0.748047
0.385376,-0.116821,1.024048
-0.107422,-0.374756,0.732300
-0.262817,0.195557,0.900879
0.362549,-0.336914,0.905518
-0.569214,0.060791,0.743286
0.322510,-0.073242,1.009766
-0.044312,-0.401489,0.742065
-0.358643,0.192627,0.864380
0.405273,-0.297729,0.942139
-0.550293,-0.017944,0.701172
0.228638,0.001465,0.994995
-0.011230,-0.404907,0.751465
-0.421753,0.177856,0.847290
0.446167,-0.290649,0.979736
-0.505981,-0.085327,0.712769
0.123169,0.081787,0.996826
0.062134,-0.380005,0.788330
-0.496216,0.194824,0.832275
0.451660,-0.252075,0.991211
-0.434204,-0.129272,0.734741
0.043091,0.163940,1.020508
0.141846,-0.410889,0.817505
-0.547485,0.157471,0.813354
0.447388,-0.221802,0.997803
-0.326782,-0.190796,0.749878
-0.038086,0.186523,1.005371
0.220947,-0.388794,0.853882
-0.588013,0.135498,0.772339
0.453369,-0.181396,1.029541
-0.218994,-0.260254,0.762207
-0.140625,0.198730,0.952881
0.304321,-0.394775,0.876587
-0.590820,0.131836,0.760864
0.397949,-0.125977,1.014771
-0.124146,-0.351562,0.727051
-0.205688,0.199829,0.930908
0.368408,-0.376831,0.914307
-0.598267,0.099365,0.751465
0.355957,-0.112793,0.994385
-0.048340,-0.392456,0.745605
-0.292480,0.210815,0.889526
0.387817,-0.306152,0.934326
-0.554443,0.017456,0.738892
0.290527,-0.057007,0.996338
-0.018311,-0.378296,0.773438
-0.353027,0.132446,0.843018
0.427979,-0.272583,0.969604
-0.530151,-0.005737,0.714600
0.200073,0.028931,0.995239
0.051147,-0.410400,0.793457
-0.415161,0.121338,0.823486
0.442993,-0.264160,0.992920
-0.493286,-0.063110,0.723389
0.131348,0.126465,1.024292
0.080078,-0.414551,0.774536
-0.460938,0.167236,0.821533
0.452515,-0.253906,0.984009
-0.456421,-0.110718,0.738281
0.090820,0.082153,0.998291
0.133789,-0.425781,0.820312
-0.524780,0.182373,0.788086
0.447021,-0.211548,0.987183
-0.364380,-0.139893,0.758423
0.025391,0.133789,1.009155
0.165649,-0.429199,0.828247
-0.544922,0.126587,0.767090
0.452393,-0.201294,1.003540
-0.314209,-0.167236,0.767700
-0.041992,0.187744,1.008057
0.243896,-0.453857,0.847412
-0.564819,0.109131,0.764160
0.448364,-0.204224,1.007446
-0.228271,-0.207031,0.777344
-0.116211,0.179199,0.957031
0.297363,-0.413940,0.875488
-0.567383,0.092041,0.760742
0.415649,-0.138550,1.021851
-0.127686,-0.273926,0.796387
-0.177490,0.181763,0.947266
0.323486,-0.391846,0.907593
-0.577271,0.044800,0.743652
0.400269,-0.147827,1.029541
-0.066406,-0.382080,0.768555
-0.242432,0.202148,0.914185
0.371704,-0.343506,0.926758
-0.554077,0.000854,0.743042
0.316162,-0.109497,0.986816
-0.001953,-0.401855,0.783447
-0.298462,0.172852,0.870483
0.421997,-0.315918,0.953857
-0.534790,-0.041504,0.722656
0.235229,-0.059326,0.971802
0.037476,-0.447021,0.765259
-0.359009,0.105957,0.826904
0.454712,-0.281372,0.982056
-0.502075,-0.072388,0.735840
0.137939,0.051758,1.000610
0.087036,-0.441772,0.792236
-0.415894,0.090942,0.808716
0.452515,-0.290771,0.979004
-0.456909,-0.073853,0.747437
0.074097,0.131348,1.012207
0.151367,-0.439209,0.811035
-0.497681,0.090088,0.773926
0.477173,-0.289185,1.012817
-0.375488,-0.142822,0.761230
0.001099,0.165771,1.006104
0.197632,-0.411377,0.837769
-0.534912,0.078369,0.762207
0.494263,-0.289795,1.022339
-0.306030,-0.204956,0.761841
-0.079590,0.226562,0.998657
0.263428,-0.403564,0.868164
-0.549316,0.047852,0.748169
0.462769,-0.244019,1.033325
-0.185547,-0.266846,0.797363
-0.132690,0.222290,0.981689
0.283203,-0.343384,0.893188
-0.561890,0.039185,0.749146
0.436401,-0.223389,1.035400
-0.115112,-0.331177,0.791382
-0.171997,0.207886,0.966553
0.330078,-0.353516,0.916870
-0.558228,0.036499,0.750122
0.398926,-0.182617,1.025879
-0.049316,-0.387573,0.786255
-0.208618,0.175903,0.939575
0.379150,-0.352905,0.927734
-0.558472,0.026978,0.744995
0.338623,-0.134644,1.005493
0.020996,-0.431396,0.800049
-0.255615,0.142944,0.907837
0.395386,-0.345947,0.940308
-0.544189,0.004150,0.725708
0.278198,-0.062134,0.995361
0.053345,-0.443726,0.795532
-0.316650,0.109009,0.869995
0.429077,-0.341309,0.967407
-0.499146,-0.072754,0.722412
0.220947,0.016724,1.010864
0.087646,-0.430420,0.796997
-0.376099,0.113525,0.844360
0.458740,-0.332520,0.994873
-0.479492,-0.114502,0.737305
0.159302,0.034668,1.011719
0.104980,-0.454468,0.791138
-0.409668,0.097046,0.816895
0.464844,-0.304199,0.997803
-0.437378,-0.162354,0.729980
0.106567,0.065674,1.011841
0.150635,-0.443604,0.820190
-0.452881,0.083862,0.805664
0.484985,-0.311157,1.000732
-0.385864,-0.183228,0.747437
0.033081,0.118164,1.011597
0.197144,-0.465332,0.831787
-0.473999,0.050903,0.776001
0.493286,-0.287964,1.031860
-0.326782,-0.186157,0.786621
-0.045410,0.153076,0.987671
0.263184,-0.476562,0.855957
-0.499756,-0.001465,0.747437
0.470581,-0.250610,1.040039
-0.242310,-0.244385,0.798096
-0.082642,0.173828,0.999146
0.291138,-0.413452,0.890625
-0.533447,0.028931,0.749023
0.444336,-0.237183,1.049683
-0.158447,-0.316528,0.807251
-0.129150,0.177856,0.990112
0.339844,-0.401489,0.917603
-0.552368,0.025513,0.750366
0.421631,-0.203857,1.042603
-0.076538,-0.330444,0.834106
-0.157593,0.184937,0.986938
0.382568,-0.373413,0.950317
-0.532471,0.056152,0.776367
0.380127,-0.172363,1.018799
-0.008545,-0.391113,0.828857
-0.191528,0.155029,0.972900
0.398315,-0.375000,0.955322
-0.523682,-0.030029,0.744141
0.350952,-0.129761,1.024658
0.035522,-0.405762,0.818970
-0.269531,0.180542,0.954468
0.433228,-0.385864,0.967529
-0.481812,-0.091064,0.751099
0.292236,-0.081299,1.023804
0.078003,-0.442505,0.811646
-0.313477,0.171753,0.921265
0.464844,-0.346680,0.996460
-0.465454,-0.105103,0.753296
0.239014,-0.040527,1.022705
0.093872,-0.462158,0.807983
-0.333984,0.113281,0.891357
0.485718,-0.303833,1.029419
-0.441650,-0.095825,0.772949
0.196777,-0.012207,1.027100
0.131348,-0.479614,0.813599
-0.378418,0.097290,0.853027
0.486206,-0.269409,1.037354
-0.397461,-0.161865,0.750000
0.138794,0.033936,1.040771
0.191162,-0.467163,0.864624
-0.418945,0.065430,0.823364
0.496704,-0.274414,1.050049
-0.365601,-0.198364,0.759521
0.074463,0.063477,1.035034
0.264526,-0.526733,0.875122
-0.458496,0.043091,0.783203
0.499634,-0.207153,1.067139
-0.286255,-0.177979,0.795288
-0.028809,0.142334,1.016602
0.327271,-0.502075,0.927979
-0.478760,-0.021973,0.773438
0.478394,-0.205200,1.075684
-0.220947,-0.228516,0.802979
-0.078857,0.218506,1.037354
0.387085,-0.451904,0.951538
-0.495483,0.009033,0.800293
0.455200,-0.175659,1.090332
-0.134521,-0.285156,0.822144
-0.119141,0.218872,1.033447
0.403076,-0.414185,0.962524
-0.491333,-0.024048,0.799683
0.427734,-0.151611,1.091675
-0.028198,-0.352417,0.839966
-0.194336,0.202271,0.994995
0.438477,-0.384888,0.992798
-0.466187,-0.076172,0.785034
0.373291,-0.093994,1.090088
0.044678,-0.422729,0.830811
-0.230957,0.175537,0.983154
0.476318,-0.356812,1.026245
-0.449097,-0.102539,0.774292
0.318848,-0.038696,1.082397
0.090820,-0.419189,0.838745
-0.287476,0.180542,0.960815
0.507568,-0.326172,1.054443
-0.418213,-0.124634,0.783325
0.259766,-0.012207,1.074463
0.115356,-0.416382,0.861450
-0.345947,0.140991,0.921875
0.543091,-0.326416,1.075317
-0.378662,-0.167969,0.791992
0.182739,0.044189,1.062500
0.195557,-0.422729,0.886719
-0.398071,0.125244,0.881714
0.539551,-0.292358,1.095337
-0.320923,-0.223145,0.801880
0.128052,0.073853,1.077148
0.261353,-0.446045,0.905518
-0.426392,0.095581,0.839355
0.529785,-0.242676,1.084839
-0.245239,-0.235962,0.826050
0.039551,0.131470,1.075195
0.329956,-0.442139,0.955200
-0.453857,0.040283,0.815918
0.505127,-0.177979,1.110840
-0.182617,-0.237061,0.837769
-0.049805,0.186035,1.061401
0.394165,-0.438232,0.980469
-0.484009,-0.032715,0.790283
0.478882,-0.129883,1.139282
-0.055054,-0.298218,0.851074
-0.118164,0.235840,1.067383
0.432617,-0.382568,1.001831
-0.459839,-0.034546,0.810791
0.451294,-0.139648,1.120483
0.036377,-0.354248,0.885376
-0.189941,0.226318,1.035645
0.476685,-0.327637,1.047241
-0.443237,-0.094971,0.798584
0.382446,-0.102661,1.117920
0.087158,-0.391357,0.888428
-0.273315,0.199219,0.986572
0.528076,-0.281616,1.091553
-0.404419,-0.114014,0.807617
0.280396,-0.014038,1.105103
0.153687,-0.431885,0.902710
-0.305786,0.143677,0.953979
0.542969,-0.259399,1.101074
-0.374390,-0.141724,0.812744
0.189453,0.064819,1.091919
0.261353,-0.471924,0.929565
-0.378052,0.082031,0.890137
0.547607,-0.233154,1.128662
-0.286377,-0.213379,0.806641
0.094116,0.157471,1.095459
0.341553,-0.430542,0.969971
-0.435669,0.041138,0.848511
0.536011,-0.212769,1.136963
-0.182007,-0.286621,0.832031
0.002808,0.198975,1.087524
0.393799,-0.394531,1.000244
-0.462158,0.017578,0.838867
0.511353,-0.160889,1.155762
-0.080811,-0.293701,0.876587
-0.061768,0.229736,1.089355
0.439819,-0.361328,1.031006
-0.467041,-0.009155,0.821289
0.474365,-0.140869,1.150269
0.025391,-0.377808,0.892944
-0.142944,0.201782,1.064453
0.466309,-0.314941,1.057129
-0.432617,-0.057373,0.820312
0.431763,-0.094971,1.154541
0.066406,-0.373047,0.900269
-0.218750,0.212646,1.026978
0.520508,-0.301392,1.094238
-0.399048,-0.108398,0.813477
0.353271,-0.021851,1.141113
0.106689,-0.367676,0.918335
-0.272583,0.169312,0.996460
0.570435,-0.274658,1.138916
-0.374146,-0.155762,0.801025
0.238525,0.064331,1.122925
0.210815,-0.431274,0.917725
-0.318726,0.117798,0.960815
0.571899,-0.255615,1.140381
-0.321167,-0.195801,0.826172
0.158447,0.102905,1.099731
0.298096,-0.433960,0.964233
-0.380615,0.073364,0.890503
0.573730,-0.212158,1.166748
-0.245850,-0.219116,0.849487
0.054688,0.160034,1.086182
0.370605,-0.401733,1.006836
-0.400391,0.037720,0.875854
0.540771,-0.177246,1.157837
-0.152710,-0.255127,0.864258
-0.035278,0.219971,1.090576
0.415771,-0.379028,1.023071
-0.414551,-0.013916,0.848877
0.526855,-0.129395,1.177490
-0.013306,-0.308716,0.902710
-0.118408,0.233521,1.066528
0.451050,-0.325317,1.046631
-0.429688,-0.066772,0.827515
0.474487,-0.125122,1.173096
0.021240,-0.351318,0.900757
-0.171021,0.237549,1.071533
0.496704,-0.295776,1.075073
-0.437988,-0.064331,0.814087
0.390625,-0.059204,1.152344
0.097412,-0.398071,0.915283
-0.252319,0.188965,1.031006
0.554932,-0.266724,1.139404
-0.393433,-0.127075,0.804688
0.284912,0.044067,1.148315
0.182495,-0.407227,0.940552
-0.311279,0.117310,0.957153
0.575317,-0.228394,1.161377
-0.323242,-0.185425,0.829956
0.171021,0.118164,1.116211
0.276123,-0.434814,0.960205
-0.366577,0.051880,0.902832
0.569702,-0.233765,1.155151
-0.252808,-0.213867,0.848267
0.091187,0.178467,1.108887
0.325439,-0.395508,0.980469
-0.420898,0.047729,0.882568
0.561401,-0.216553,1.168701
-0.206543,-0.285889,0.852539
0.028687,0.173950,1.107788
0.388062,-0.411377,0.989014
-0.441650,0.068481,0.857910
0.535522,-0.128296,1.180542
-0.118774,-0.298828,0.865234
-0.032471,0.175415,1.092285
0.410645,-0.381592,1.011475
-0.447998,-0.014038,0.838379
0.526123,-0.146240,1.177368
-0.024292,-0.346313,0.877808
-0.098511,0.190552,1.071411
0.439331,-0.322388,1.043579
-0.455811,-0.025024,0.830444
0.485962,-0.136108,1.168579
0.009033,-0.348877,0.886841
-0.173096,0.222290,1.048950
0.455933,-0.282837,1.056152
-0.453613,-0.061646,0.808716
0.448120,-0.140259,1.163452
0.047729,-0.366211,0.919922
-0.244507,0.227417,1.036865
0.497803,-0.267090,1.073975
-0.424072,-0.085571,0.792969
0.346313,-0.032349,1.154785
0.129761,-0.416138,0.921631
-0.290161,0.158081,0.991821
0.511963,-0.255371,1.099243
-0.371826,-0.132812,0.804077
0.281738,0.042725,1.153931
0.180176,-0.417358,0.927979
-0.364868,0.114136,0.936768
0.558228,-0.263428,1.132935
-0.322876,-0.202393,0.802246
0.174072,0.139160,1.134766
0.246948,-0.408325,0.933960
-0.404175,0.102295,0.922607
0.563354,-0.264160,1.131470
-0.300049,-0.224243,0.812500
0.108765,0.141235,1.123169
0.296509,-0.409546,0.952026
-0.421265,0.100098,0.895386
0.540527,-0.184692,1.136719
-0.249878,-0.260986,0.817383
0.058105,0.112549,1.097778
0.337769,-0.395386,0.985840
-0.456421,0.063843,0.842529
0.531372,-0.143188,1.142578
-0.161011,-0.293823,0.827637
-0.013916,0.151489,1.095703
0.364136,-0.397827,0.985596
-0.468628,0.030029,0.837280
0.513062,-0.120239,1.158447
-0.101318,-0.277100,0.850952
-0.082764,0.174316,1.062134
0.397095,-0.369141,1.010254
-0.468994,-0.032837,0.814575
0.488403,-0.097412,1.165527
-0.086182,-0.284302,0.826050
-0.159912,0.207275,1.052002
0.450928,-0.353882,1.043701
-0.486572,-0.035278,0.814697
0.430298,-0.100220,1.145752
-0.053711,-0.323853,0.835205
-0.220215,0.207153,1.027588
0.485352,-0.312622,1.063110
-0.488037,-0.054810,0.798096
0.364136,-0.092407,1.122314
0.031494,-0.367798,0.867432
-0.268921,0.171997,0.972778
0.497925,-0.264771,1.091431
-0.447510,-0.094727,0.780396
0.281616,-0.018066,1.123169
0.103760,-0.388550,0.885498
-0.348877,0.158813,0.940796
0.515869,-0.263428,1.084229
-0.382812,-0.155762,0.781616
0.182861,0.066406,1.109497
0.187256,-0.400024,0.915771
-0.425781,0.112671,0.894775
0.524902,-0.245117,1.095337
-0.325806,-0.210327,0.793457
0.099121,0.109497,1.092896
0.243774,-0.385864,0.924927
-0.494995,0.079468,0.846558
0.526001,-0.241455,1.110474
-0.230469,-0.302979,0.795166
0.013428,0.139893,1.067871
0.289551,-0.364014,0.932861
-0.511230,0.059570,0.821533
0.502808,-0.234375,1.102905
-0.152344,-0.374756,0.803955
-0.048096,0.114868,1.054199
0.342041,-0.377441,0.937988
-0.526001,0.078369,0.801514
0.464600,-0.191772,1.086914
-0.112305,-0.345215,0.818359
-0.150391,0.149536,1.028687
0.379395,-0.363770,0.975586
-0.518188,-0.004028,0.796143
0.437012,-0.105713,1.131470
-0.122803,-0.314087,0.793823
-0.194824,0.139893,1.011841
0.403076,-0.335327,1.019043
-0.528320,-0.050659,0.764526
0.414185,-0.100464,1.130615
-0.098267,-0.329956,0.786133
-0.250610,0.200928,1.010864
0.448853,-0.346436,1.015991
-0.540405,-0.035889,0.776611
0.348755,-0.144897,1.091309
-0.024902,-0.366211,0.825806
-0.316772,0.202637,0.941040
0.456177,-0.293945,1.027344
-0.502441,-0.063721,0.751831
0.281738,-0.082886,1.094360
0.027710,-0.411133,0.842896
-0.362549,0.154419,0.918579
0.473633,-0.276855,1.052979
-0.466309,-0.077637,0.761108
0.181030,0.018555,1.062500
0.122559,-0.419189,0.865723
-0.438477,0.142334,0.897095
0.480347,-0.289185,1.050049
-0.437012,-0.143921,0.758545
0.112305,0.104614,1.064453
0.173218,-0.376953,0.894653
-0.474854,0.103638,0.860352
0.466675,-0.262817,1.046387
-0.360840,-0.231079,0.749878
0.049438,0.105591,1.049927
0.215210,-0.394165,0.882935
-0.525024,0.090088,0.817749
0.470947,-0.246460,1.053223
-0.250366,-0.277832,0.769165
-0.027954,0.123535,1.027344
0.248779,-0.374634,0.891113
-0.522705,0.037231,0.798462
0.475952,-0.232178,1.073364
-0.210205,-0.337769,0.748413
-0.124634,0.124756,0.978394
0.305298,-0.380859,0.913208
-0.536743,0.024292,0.775391
0.442871,-0.193604,1.077637
-0.176514,-0.342896,0.756592
-0.206543,0.162231,0.980103
0.363647,-0.379028,0.947632
-0.565552,-0.003418,0.755005
0.390503,-0.143188,1.070190
-0.136230,-0.344849,0.760254
-0.271606,0.171875,0.953003
0.399170,-0.354004,0.973633
-0.548584,-0.049438,0.745483
0.315186,-0.081543,1.067627
-0.099731,-0.338623,0.769043
-0.325317,0.163330,0.922607
0.420776,-0.328369,1.000000
-0.526001,-0.076660,0.735962
0.259521,-0.048096,1.055176
-0.038452,-0.380493,0.798950
-0.402954,0.169800,0.896118
0.445190,-0.307617,1.011597
-0.491699,-0.101074,0.746704
0.174805,0.025269,1.047852
0.032837,-0.395264,0.814575
-0.458862,0.155884,0.858765
0.519409,-0.234253,1.088501
-0.481567,-0.116943,0.744995
0.025391,0.094971,1.047852
0.271606,-0.402832,0.930908
-0.495361,0.042358,0.817871
0.510864,-0.184937,1.118896
-0.203125,-0.298462,0.782349
-0.066406,0.160767,1.045776
0.338257,-0.401489,0.948364
-0.496338,0.018555,0.804810
0.466431,-0.154419,1.117065
-0.153198,-0.325073,0.779297
-0.164551,0.157104,1.010132
0.384521,-0.370605,0.978027
-0.499634,-0.038086,0.785645
0.420776,-0.115967,1.115601
-0.090088,-0.331421,0.808228
-0.278564,0.205933,0.976318
0.433472,-0.332031,1.013184
-0.497681,-0.099121,0.759277
0.338623,-0.083984,1.107666
-0.032593,-0.349365,0.821777
-0.332275,0.170898,0.927002
0.472534,-0.302368,1.042114
-0.464355,-0.123169,0.750732
0.206787,0.002075,1.069092
0.073364,-0.377441,0.867188
-0.417725,0.123169,0.885986
0.485962,-0.283936,1.060181
-0.429199,-0.153076,0.756714
0.108521,0.087402,1.061279
0.172119,-0.397339,0.878296
-0.478638,0.094971,0.852417
0.480957,-0.241333,1.068726
-0.297607,-0.249023,0.775391
0.002686,0.132690,1.043335
0.230713,-0.395752,0.884766
-0.522339,0.054077,0.807617
0.477905,-0.231323,1.078735
-0.205933,-0.340454,0.758667
-0.101807,0.149292,1.001709
0.297485,-0.362549,0.906250
-0.529663,0.019653,0.773438
0.433716,-0.206543,1.070312
-0.155884,-0.370239,0.763916
-0.194458,0.156494,0.986572
0.352661,-0.357544,0.946045
-0.554932,-0.003662,0.764282
0.377930,-0.146240,1.085205
-0.108032,-0.350586,0.796875
-0.297241,0.184082,0.948975
0.396851,-0.344482,0.978516
-0.526001,-0.042236,0.751099
0.303711,-0.063232,1.074341
-0.066162,-0.339478,0.809082
-0.367432,0.179443,0.924561
0.453369,-0.352173,0.991943
-0.499878,-0.093750,0.730713
0.216064,0.002441,1.067749
0.014160,-0.356323,0.832275
-0.437744,0.146851,0.873169
0.447266,-0.301270,1.013550
-0.465576,-0.150269,0.729248
0.133057,0.036987,1.040161
0.105469,-0.405762,0.842041
-0.506714,0.149536,0.841064
0.458252,-0.255737,1.043091
-0.410400,-0.177124,0.758301
0.054321,0.074463,1.039429
0.171631,-0.408936,0.860596
-0.549438,0.123047,0.806030
0.442383,-0.222290,1.026123
-0.296021,-0.280884,0.738281
-0.031372,0.126099,1.020386
0.239746,-0.414429,0.877197
-0.555420,0.067261,0.789673
0.413696,-0.164551,1.039673
-0.256714,-0.283813,0.719727
-0.109497,0.128662,0.993286
0.300537,-0.410034,0.901367
-0.567383,0.024170,0.763306
0.410767,-0.170044,1.048950
-0.206421,-0.306641,0.726562
-0.216919,0.164917,0.966553
0.361816,-0.378174,0.939209
-0.571777,0.000366,0.748413
0.351318,-0.125244,1.053223
-0.167725,-0.345947,0.737183
-0.295776,0.175781,0.934326
0.390625,-0.362793,0.960938
-0.578247,-0.018066,0.733154
0.289551,-0.098267,1.050659
-0.087036,-0.392578,0.768066
-0.371826,0.179810,0.895508
0.393188,-0.313721,0.964600
-0.539062,-0.024292,0.735474
0.204834,-0.016357,1.024414
0.002319,-0.387817,0.798340
-0.452148,0.173706,0.869751
0.414307,-0.269287,0.995728
-0.482910,-0.133179,0.699951
0.109985,0.077148,1.018799
0.087158,-0.384521,0.829956
-0.536865,0.132568,0.828003
0.451416,-0.279297,1.017822
-0.403320,-0.197266,0.722168
0.015137,0.146484,1.025757
0.153076,-0.382202,0.833984
-0.576782,0.133057,0.802979
0.464355,-0.284912,1.014648
-0.295044,-0.297729,0.739624
-0.072388,0.146118,0.975342
0.208252,-0.369507,0.857666
-0.596680,0.091797,0.761963
0.440552,-0.267822,1.028564
-0.229370,-0.363159,0.726196
-0.143677,0.142456,0.960083
0.276611,-0.363037,0.882812
-0.631104,0.098511,0.741577
0.397705,-0.217285,1.025757
-0.156006,-0.380615,0.747803
-0.230469,0.137573,0.932129
0.307983,-0.338623,0.903809
-0.606689,0.064575,0.722534
0.347900,-0.157227,1.012573
-0.124146,-0.352051,0.760498
-0.309326,0.168457,0.924561
0.359253,-0.340698,0.939697
-0.582397,0.029297,0.728394
0.248413,-0.057007,1.010498
-0.095215,-0.403076,0.756714
-0.369873,0.145264,0.905518
0.406006,-0.338867,0.972534
-0.562988,-0.032593,0.703613
0.171265,0.036255,0.999268
-0.036743,-0.367920,0.778809
-0.432251,0.156494,0.881714
0.404053,-0.327759,0.965698
-0.541016,-0.105103,0.700439
0.144897,0.032715,1.004150
0.026733,-0.391479,0.793457
-0.505493,0.212280,0.844238
0.413696,-0.262329,0.980591
-0.484497,-0.123657,0.716187
0.095703,0.026855,1.011597
0.072144,-0.423706,0.804321
-0.553101,0.190674,0.821289
0.433838,-0.237671,0.993774
-0.410767,-0.121338,0.739136
0.013062,0.123047,1.012573
0.168579,-0.456421,0.827515
-0.591187,0.147217,0.798462
0.419434,-0.207153,0.997559
-0.302246,-0.255615,0.717651
-0.069580,0.167725,0.996948
0.244019,-0.429688,0.849365
-0.614014,0.114258,0.767578
0.414062,-0.187744,1.004883
-0.227539,-0.288574,0.731323
-0.168823,0.174194,0.951904
0.307861,-0.377563,0.904785
-0.617065,0.058472,0.733032
0.368286,-0.122803,1.032104
-0.167480,-0.365479,0.715088
-0.234985,0.180786,0.931396
0.343140,-0.363892,0.911621
-0.604126,0.039185,0.725830
0.321289,-0.112183,1.009155
-0.127563,-0.370361,0.726440
-0.322510,0.193848,0.901245
0.391479,-0.350220,0.927979
-0.581299,-0.005371,0.714966
0.227173,-0.049316,0.990479
-0.047852,-0.423462,0.739258
-0.417358,0.206421,0.878784
0.425903,-0.318604,0.957153
-0.535156,-0.041748,0.719360
0.130249,0.058716,1.003662
0.011353,-0.386841,0.772461
-0.498901,0.216187,0.851318
0.425537,-0.259888,0.986328
0.114990,-0.403320,0.826172
0.421021,-0.193481,1.001465
-0.320679,-0.235107,0.730591
-0.029053,0.162598,1.013428
0.204102,-0.391357,0.856445
-0.615112,0.136597,0.768066
0.419556,-0.186035,1.009766
-0.230591,-0.298584,0.715088
-0.109497,0.195190,0.982544
0.290405,-0.352417,0.885986
-0.622559,0.128418,0.768311
0.384644,-0.179688,1.001465
-0.161499,-0.352539,0.731934
-0.220703,0.132446,0.906372
0.344116,-0.330322,0.918091
-0.587158,0.058716,0.734863
0.317871,-0.047852,1.019897
-0.100830,-0.348389,0.731689
-0.334961,0.174561,0.874023
0.386841,-0.328247,0.940918
-0.575195,-0.039795,0.703247
0.229980,-0.035889,0.986816
-0.030029,-0.410156,0.743408
-0.432129,0.222656,0.867676
0.422729,-0.289429,0.960449
-0.503540,-0.097046,0.714111
0.134399,0.031982,0.996948
0.022339,-0.378296,0.784058
-0.490601,0.218018,0.856201
0.447754,-0.249512,0.980347
-0.414795,-0.105225,0.761108
0.026245,0.144653,1.014038
0.145630,-0.409058,0.832397
-0.558594,0.156494,0.794067
0.430176,-0.199585,0.998047
-0.315674,-0.190186,0.739502
-0.050903,0.183350,0.994141
0.239990,-0.406738,0.860229
-0.601807,0.129395,0.774658
0.410889,-0.148315,1.018799
-0.198975,-0.290405,0.733643
-0.171631,0.202515,0.947510
0.325439,-0.393066,0.896851
-0.608887,0.094116,0.743530
0.382812,-0.132690,1.024780
-0.132080,-0.341431,0.733276
-0.251343,0.206665,0.909668
0.386963,-0.360107,0.915161
-0.587280,0.061768,0.746582
0.308228,-0.091675,0.992310
-0.052979,-0.413330,0.727539
-0.327148,0.217651,0.878540
0.402466,-0.310791,0.920898
-0.557617,-0.009399,0.716187
0.241333,-0.040283,0.987915
-0.011475,-0.433716,0.750732
-0.399536,0.179810,0.839355
0.405518,-0.246338,0.953491
-0.502930,-0.051514,0.744019
0.169189,0.021973,1.011108
0.052490,-0.427246,0.778442
-0.490234,0.206421,0.824829
0.412109,-0.217529,0.979736
-0.421143,-0.119141,0.750000
0.083618,0.119385,1.024658
0.127197,-0.412842,0.822754
-0.551147,0.177979,0.801514
0.438232,-0.215454,0.988037
-0.327515,-0.159302,0.756836
-0.011963,0.184937,1.004150
0.213379,-0.387085,0.849609
-0.596313,0.125488,0.773438
0.435913,-0.200317,1.005493
-0.231445,-0.248779,0.749268
-0.101685,0.213867,0.966553
0.291260,-0.353638,0.885620
-0.601074,0.093628,0.753174
0.419067,-0.181396,1.022095
-0.140747,-0.322388,0.761108
-0.181519,0.209473,0.935791
0.332886,-0.316528,0.903931
-0.592773,0.072388,0.749023
0.372803,-0.131592,1.023193
-0.063354,-0.402222,0.755981
-0.272339,0.198486,0.884033
0.366333,-0.297363,0.909912
-0.555908,0.045654,0.750122
0.319946,-0.076538,1.004883
-0.024048,-0.412720,0.751343
-0.353394,0.179443,0.844604
0.412842,-0.287476,0.938232
-0.518188,-0.016357,0.730591
0.217285,0.004761,1.001465
0.011963,-0.402954,0.768555
-0.423584,0.167847,0.822388
0.444458,-0.278442,0.961670
-0.484863,-0.042969,0.743408
0.139771,0.065186,1.004272
0.074585,-0.403442,0.801758
-0.491699,0.162109,0.805298
0.453613,-0.242554,0.984985
-0.413330,-0.087769,0.761963
0.062256,0.160278,1.025269
0.132080,-0.408691,0.817993
-0.530884,0.134033,0.787964
0.444946,-0.221436,0.997437
-0.359131,-0.152344,0.749756
0.006958,0.183960,1.016602
0.212646,-0.397949,0.852905
-0.572266,0.137695,0.774292
0.426636,-0.197388,0.995605
-0.260132,-0.218994,0.759155
-0.052612,0.177856,0.994141
0.263672,-0.397583,0.871704
-0.583740,0.125610,0.757568
0.428589,-0.159058,1.014282
-0.171021,-0.255615,0.770996
-0.101440,0.191895,0.981445
0.291748,-0.342773,0.891968
-0.585815,0.074585,0.749390
0.402222,-0.187744,0.999878
-0.123047,-0.346313,0.771118
-0.166504,0.172729,0.939697
0.344360,-0.319946,0.923828
-0.578125,0.096069,0.747437
0.352905,-0.113647,0.996582
-0.063721,-0.389771,0.760620
-0.217529,0.116577,0.900024
0.381836,-0.332886,0.929077
-0.582397,0.063599,0.732178
0.312378,-0.074463,0.991089
-0.010376,-0.420532,0.749878
-0.303223,0.148071,0.864746
0.428101,-0.330444,0.957886
-0.536865,-0.020020,0.732788
0.235474,-0.057983,0.980957
0.030518,-0.453369,0.748901
-0.368286,0.133911,0.829590
0.424316,-0.281860,0.963013
-0.479492,-0.074829,0.742920
0.197388,0.027100,1.028564
0.053101,-0.418701,0.767090
-0.437866,0.145508,0.811890
0.456177,-0.313599,0.983032
-0.471313,-0.116699,0.737305
0.133545,0.048096,1.008545
0.096680,-0.407104,0.797363
-0.494629,0.171265,0.798706
0.480713,-0.287354,0.991089
-0.395142,-0.107910,0.782349
0.022949,0.123047,1.000000
0.166138,-0.463501,0.822754
-0.522461,0.078003,0.770264
0.465576,-0.257324,1.004150
-0.334351,-0.150513,0.771606
-0.023804,0.214355,1.014893
0.221558,-0.381592,0.859131
-0.528320,0.018433,0.738770
0.457031,-0.253540,1.023438
-0.262085,-0.243652,0.768555
-0.075317,0.227173,1.005249
0.268066,-0.383789,0.868896
-0.562866,0.056763,0.732910
0.437988,-0.228271,1.012207
-0.177979,-0.265503,0.785522
-0.137329,0.200684,0.971436
0.313843,-0.392334,0.899170
-0.562012,0.037842,0.743896
0.414062,-0.165649,1.029053
-0.120850,-0.315796,0.776489
-0.186279,0.158325,0.937988
0.367798,-0.406006,0.925781
-0.555298,0.006104,0.725708
0.360962,-0.120239,1.010742
-0.030762,-0.349365,0.790039
-0.260010,0.180786,0.913208
0.389526,-0.368408,0.933716
-0.532471,-0.046753,0.736450
0.302490,-0.118286,0.984009
0.008911,-0.436768,0.762207
-0.305664,0.151978,0.861816
0.441162,-0.334473,0.961182
-0.513794,-0.067383,0.729980
0.208374,-0.030640,0.980103
0.063232,-0.469360,0.768677
-0.361938,0.124512,0.843872
0.458008,-0.305176,0.972168
-0.473511,-0.090942,0.750854
0.136230,0.014526,1.000854
0.096680,-0.483521,0.782471
-0.429565,0.093140,0.803955
0.476440,-0.259888,1.016846
-0.410400,-0.130615,0.762085
0.055786,0.095459,1.014648
0.177856,-0.474365,0.826416
-0.504761,0.045410,0.758057
0.467529,-0.276367,1.017212
-0.334717,-0.231079,0.743774
-0.023804,0.180908,1.024048
0.260254,-0.434082,0.857178
-0.536865,0.049194,0.743042
0.453857,-0.262573,1.014404
-0.232056,-0.259033,0.789551
-0.091064,0.190308,1.007080
0.297729,-0.426270,0.886230
-0.522461,0.029663,0.754395
0.420898,-0.189575,1.034302
-0.156250,-0.295654,0.785522
-0.163818,0.206299,0.987305
0.356079,-0.452881,0.916138
-0.544067,-0.022705,0.749878
0.391602,-0.149902,1.036377
-0.070801,-0.342773,0.790405
-0.209717,0.202637,0.960815
0.390015,-0.390259,0.941406
-0.537109,-0.031982,0.746094
0.352783,-0.157227,1.006714
0.016479,-0.421265,0.799438
-0.275146,0.172119,0.909058
0.419800,-0.343018,0.959473
-0.504517,-0.082764,0.740234
0.290405,-0.108032,1.013916
0.066284,-0.475586,0.788452
-0.340942,0.158936,0.865967
0.449219,-0.324219,0.977539
-0.480835,-0.080811,0.750000
0.209595,-0.048096,1.005371
0.104614,-0.500244,0.793579
-0.383667,0.112427,0.842773
0.462402,-0.313232,0.991333
-0.433960,-0.118530,0.755615
0.128418,0.045898,1.016357
0.147461,-0.460815,0.821045
-0.445557,0.065674,0.808716
0.491211,-0.286255,1.036011
-0.377563,-0.183838,0.744263
0.051392,0.126221,1.023438
0.218384,-0.454712,0.855835
-0.478271,0.027222,0.782104
0.492676,-0.304199,1.035278
-0.310669,-0.238159,0.777466
-0.026611,0.176025,1.021484
0.282349,-0.447632,0.883789
-0.516724,0.029785,0.762817
0.457764,-0.261841,1.031006
-0.226685,-0.271484,0.784546
-0.068115,0.172729,1.016724
0.322998,-0.421753,0.911743
-0.523560,0.026245,0.766479
0.443604,-0.207520,1.056274
-0.164307,-0.251709,0.817383
-0.144287,0.163208,0.984741
0.375977,-0.450073,0.937622
-0.510498,-0.041138,0.762085
0.406006,-0.124390,1.066650
-0.092285,-0.308594,0.808228
-0.201782,0.185547,0.977417
0.421021,-0.450562,0.959106
-0.503784,-0.067383,0.760376
0.356689,-0.109741,1.044922
-0.004150,-0.369019,0.819336
-0.262939,0.168457,0.936646
0.451294,-0.408081,0.981445
-0.466064,-0.121216,0.763306
0.309814,-0.051147,1.052368
0.064941,-0.397949,0.821411
-0.317505,0.180298,0.915649
0.481812,-0.369385,0.990723
-0.448853,-0.145508,0.768311
0.245361,-0.048706,1.038818
0.089478,-0.410278,0.827393
-0.342407,0.125977,0.876831
0.500366,-0.311401,1.031616
-0.415771,-0.168701,0.765381
0.171631,0.009155,1.035156
0.144897,-0.437134,0.843872
-0.398315,0.080322,0.832764
0.523315,-0.268188,1.069580
-0.367310,-0.196655,0.765015
0.073120,0.084961,1.021362
0.240845,-0.531494,0.851562
-0.453857,0.047852,0.800537
0.520264,-0.258057,1.073242
-0.288208,-0.216431,0.790894
-0.006104,0.173584,1.039917
0.283203,-0.438232,0.913330
-0.475586,-0.018555,0.786011
0.495483,-0.268921,1.074341
-0.203247,-0.276123,0.825317
-0.066162,0.196899,1.034546
0.320801,-0.400635,0.928467
-0.490845,0.017090,0.797241
0.463501,-0.232544,1.077393
-0.088379,-0.324829,0.867432
-0.101318,0.186035,1.045776
0.356323,-0.379272,0.945435
-0.519287,0.017578,0.770386
0.435913,-0.211548,1.069702
0.005371,-0.383545,0.860474
-0.162231,0.200073,1.018311
0.411377,-0.327026,0.991089
-0.497803,-0.000244,0.785278
0.381104,-0.158203,1.073242
0.070312,-0.450195,0.875977
-0.223022,0.150635,1.000488
0.469116,-0.331787,1.032104
-0.463867,-0.053711,0.778198
0.285278,-0.017212,1.075562
0.100342,-0.440674,0.862427
-0.291626,0.155884,0.981201
0.510864,-0.351929,1.047607
-0.411743,-0.131226,0.785889
0.211548,0.043335,1.057251
0.145264,-0.430908,0.861816
-0.352905,0.142090,0.934570
0.543335,-0.309814,1.094238
-0.356567,-0.212158,0.778931
0.126099,0.124268,1.067749
0.211548,-0.410278,0.890869
-0.396484,0.050171,0.850098
0.560425,-0.313110,1.091431
-0.296875,-0.245728,0.809204
0.059937,0.127808,1.063721
0.285645,-0.437256,0.921509
-0.448730,0.066406,0.825439
0.523071,-0.250854,1.103394
-0.224121,-0.266113,0.820923
0.009277,0.161499,1.073975
0.348755,-0.437622,0.940918
-0.496826,0.095703,0.818970
0.504028,-0.196167,1.095337
-0.123657,-0.276245,0.862793
-0.068237,0.195435,1.079590
0.382812,-0.410034,0.979980
-0.476929,0.017700,0.809937
0.477173,-0.140259,1.119385
-0.031738,-0.302856,0.872192
-0.143555,0.233643,1.061401
0.454834,-0.405396,1.015625
-0.478516,-0.054688,0.800171
0.397339,-0.129028,1.101074
0.058960,-0.410767,0.869507
-0.185791,0.187622,1.028809
0.481201,-0.320068,1.054321
-0.442139,-0.045410,0.817993
0.348999,-0.072754,1.098389
0.104858,-0.420654,0.886841
-0.268311,0.150635,0.978760
0.508423,-0.273315,1.092529
-0.382202,-0.146484,0.826904
0.280884,0.001709,1.107544
0.141357,-0.403198,0.898560
-0.329346,0.175415,0.943604
0.540283,-0.265991,1.097900
-0.334229,-0.203979,0.798340
0.205688,0.044678,1.099487
0.217163,-0.420654,0.928833
-0.378174,0.127075,0.911377
0.560303,-0.258057,1.107788
-0.293945,-0.189331,0.831055
0.105957,0.117798,1.082153
0.299194,-0.462524,0.935425
-0.397705,0.051392,0.865723
0.572021,-0.241333,1.124268
-0.239014,-0.205078,0.864746
0.020996,0.161133,1.064941
0.358032,-0.422119,0.976807
-0.447266,0.037109,0.845581
0.533691,-0.176880,1.149780
-0.146118,-0.247314,0.862793
-0.039917,0.201294,1.056763
0.405884,-0.388428,1.006226
-0.449097,0.013794,0.838623
0.495117,-0.135376,1.138916
-0.055908,-0.291626,0.889771
-0.104248,0.203003,1.079956
0.456421,-0.383667,1.037109
-0.455811,-0.030273,0.815796
0.461548,-0.093262,1.160767
0.051636,-0.361694,0.886963
-0.170654,0.239136,1.075684
0.486938,-0.324707,1.059937
-0.441040,-0.047241,0.827759
0.393555,-0.078979,1.136841
0.085449,-0.392212,0.908325
-0.230469,0.212280,1.039062
0.509766,-0.275391,1.090088
-0.426025,-0.071777,0.799805
0.320923,-0.020630,1.117798
0.171997,-0.449707,0.920288
-0.310059,0.164795,1.004150
0.552490,-0.242798,1.138916
-0.373291,-0.130981,0.804932
0.224854,0.054932,1.110229
0.246216,-0.447388,0.950195
-0.351562,0.083008,0.926636
0.566040,-0.217773,1.156494
-0.306396,-0.187134,0.828613
0.129395,0.128906,1.101440
0.325684,-0.432373,0.975586
-0.393921,0.069824,0.890625
0.558350,-0.199707,1.150024
-0.229248,-0.237305,0.843628
0.046143,0.175781,1.091187
0.365356,-0.414551,0.994385
-0.426392,0.034912,0.868530
0.548218,-0.166992,1.161865
-0.131958,-0.262207,0.879395
-0.040039,0.210693,1.087280
0.404663,-0.372192,1.013550
-0.438843,0.012085,0.859619
0.517700,-0.144897,1.162964
-0.025513,-0.313965,0.897583
-0.109253,0.208740,1.078491
0.463013,-0.360352,1.043701
-0.448853,-0.020996,0.841675
0.476807,-0.097412,1.163330
0.029053,-0.351196,0.895142
-0.156250,0.205200,1.070435
0.499268,-0.309082,1.086182
-0.450806,-0.054199,0.807129
0.402954,-0.066406,1.157227
0.083984,-0.378296,0.922607
-0.230957,0.202881,1.038208
0.545288,-0.282593,1.118652
-0.415405,-0.092285,0.800537
0.306641,0.020386,1.142456
0.146606,-0.401489,0.921387
-0.269897,0.134521,1.000610
0.569458,-0.276489,1.146729
-0.372192,-0.159912,0.814331
0.236694,0.100586,1.143799
0.219849,-0.414307,0.936890
-0.329834,0.119141,0.948975
0.571167,-0.253662,1.141846
-0.314697,-0.192261,0.826172
0.177979,0.110352,1.126953
0.271606,-0.410889,0.948364
-0.387329,0.098633,0.910034
0.584351,-0.227051,1.161987
-0.262329,-0.227173,0.836792
0.095215,0.139404,1.107544
0.343994,-0.416992,0.983154
-0.404297,0.093628,0.897095
0.549683,-0.170288,1.153442
-0.186890,-0.248413,0.866089
0.032227,0.158081,1.107666
0.371582,-0.396729,0.992188
-0.427002,0.033569,0.870972
0.543945,-0.131836,1.179565
-0.084839,-0.290527,0.889771
-0.065918,0.183472,1.078735
0.422241,-0.371094,1.026855
-0.441040,-0.020874,0.846069
0.512085,-0.137329,1.169312
-0.024414,-0.326050,0.877930
-0.121216,0.205444,1.067261
0.453369,-0.315674,1.056152
-0.465088,-0.057861,0.813843
0.472290,-0.107788,1.186523
0.029663,-0.353271,0.896240
-0.199097,0.237549,1.050659
0.498657,-0.294312,1.084351
-0.430786,-0.092407,0.817261
0.384888,-0.057373,1.169678
0.066895,-0.378174,0.908569
-0.259644,0.200928,1.025391
0.531250,-0.275391,1.109375
-0.408569,-0.116821,0.803955
0.304321,0.004395,1.154785
0.141602,-0.410400,0.922119
-0.299927,0.145142,0.977051
0.540283,-0.240234,1.131958
-0.378418,-0.150757,0.805908
0.245605,0.035278,1.132690
0.221924,-0.423340,0.945679
-0.365601,0.141968,0.943115
0.536499,-0.228638,1.127686
-0.312012,-0.199463,0.822510
0.176025,0.093872,1.132202
0.260742,-0.422485,0.958496
-0.413452,0.116333,0.903076
0.558594,-0.221069,1.134644
-0.284912,-0.214722,0.825562
0.109985,0.130127,1.124756
0.296997,-0.426636,0.958008
-0.435669,0.092041,0.891113
0.569214,-0.215454,1.150513
-0.245239,-0.237671,0.826172
0.047485,0.164673,1.104858
0.316772,-0.401611,0.954346
-0.407715,0.041138,0.884644
0.513184,-0.113525,1.178101
-0.195190,-0.295654,0.834106
-0.108398,0.203369,1.073975
0.359131,-0.396851,0.979126
-0.440308,-0.019531,0.845337
0.487671,-0.107300,1.167725
0.027710,-0.345215,0.892822
-0.140503,0.210449,1.064453
0.470337,-0.324951,1.079224
-0.451782,-0.079102,0.816528
0.481934,-0.104126,1.190430
0.015137,-0.329590,0.891968
-0.159180,0.204712,1.060547
0.497681,-0.301270,1.084961
-0.455933,-0.040161,0.815796
0.439209,-0.107788,1.161377
0.049683,-0.392456,0.901001
-0.200928,0.214355,1.051392
0.512939,-0.277832,1.097656
-0.450073,-0.032104,0.813599
0.389526,-0.072510,1.152588
0.099854,-0.403198,0.925781
-0.238037,0.202759,1.043701
0.527954,-0.278564,1.120361
-0.427368,-0.079346,0.803955
0.337402,-0.032471,1.137939
0.143188,-0.395264,0.939209
-0.278809,0.177002,1.015747
0.569824,-0.271729,1.144409
-0.411987,-0.103516,0.801514
0.276733,0.029907,1.141235
0.186035,-0.432739,0.939819
-0.301147,0.132202,0.975342
0.562866,-0.235596,1.148682
-0.359985,-0.169312,0.812012
0.226685,0.062012,1.124268
0.213257,-0.436768,0.938721
-0.348389,0.103882,0.930908
0.587769,-0.246460,1.159912
-0.312988,-0.183716,0.822754
0.159302,0.155396,1.140137
0.257690,-0.438477,0.947510
-0.375366,0.069702,0.916138
0.578003,-0.269775,1.156372
-0.285645,-0.229126,0.831909
0.124023,0.174561,1.134521
0.288330,-0.367798,0.954224
-0.409302,0.116211,0.903198
0.559204,-0.223389,1.152832
-0.245483,-0.288940,0.832764
0.101685,0.138550,1.127441
0.311646,-0.405151,0.970581
-0.442627,0.094849,0.876221
0.578003,-0.205688,1.164062
-0.215576,-0.266968,0.840698
0.043579,0.187378,1.119873
0.348022,-0.416992,0.968994
-0.424438,0.072266,0.887817
0.546143,-0.180176,1.157227
-0.166138,-0.269531,0.851929
-0.006470,0.186646,1.095093
0.381226,-0.399414,0.985718
-0.451294,0.011597,0.848877
0.543335,-0.153442,1.182983
-0.096436,-0.318115,0.854004
-0.052979,0.193237,1.086060
0.395386,-0.372803,0.999756
-0.462280,-0.023560,0.829956
0.530884,-0.184937,1.157959
-0.056763,-0.317749,0.864014
-0.097778,0.228882,1.083252
0.417358,-0.337646,1.010742
-0.474365,-0.027222,0.820435
0.487061,-0.187500,1.140137
-0.037598,-0.354370,0.869995
-0.119507,0.216797,1.080933
0.423584,-0.333862,1.010254
-0.493286,0.000488,0.814575
0.470947,-0.150146,1.159790
0.005737,-0.374023,0.887451
-0.196045,0.198120,1.043945
0.465942,-0.299805,1.062378
-0.497681,-0.007446,0.813965
0.427734,-0.127075,1.149780
0.036377,-0.374268,0.897339
-0.212524,0.229614,1.066650
0.472290,-0.281372,1.062866
-0.481812,-0.027832,0.794556
0.379761,-0.098633,1.136353
0.071045,-0.397339,0.910034
-0.260132,0.168579,1.004761
0.487183,-0.260864,1.084961
-0.464966,-0.043945,0.794067
0.326294,-0.044434,1.132812
0.112183,-0.405884,0.915771
-0.315674,0.163574,0.993286
0.503662,-0.239380,1.104248
-0.419922,-0.105591,0.775879
0.277100,0.014771,1.141846
0.151611,-0.426514,0.911377
-0.353027,0.145264,0.948608
0.518311,-0.265259,1.078125
-0.387207,-0.133667,0.797241
0.207153,0.045776,1.123291
0.198730,-0.422119,0.923706
-0.392700,0.121338,0.914307
0.535767,-0.256226,1.102417
-0.336548,-0.186035,0.797241
0.126953,0.137573,1.117310
0.234863,-0.409790,0.919678
-0.427734,0.077393,0.892700
0.546265,-0.257690,1.117432
-0.317017,-0.219604,0.812744
0.069336,0.152466,1.098511
0.278809,-0.397339,0.930054
-0.452393,0.052124,0.848022
0.530396,-0.211060,1.124634
-0.187500,-0.313599,0.820435
-0.000977,0.171265,1.080322
0.301636,-0.380127,0.930298
-0.474121,0.020020,0.820190
0.512939,-0.217041,1.112061
-0.147949,-0.333618,0.817749
-0.049683,0.165039,1.056519
0.339355,-0.346191,0.958252
-0.487305,0.001221,0.807861
0.495728,-0.183960,1.132935
-0.130127,-0.361450,0.803711
-0.121704,0.151367,1.038940
0.388428,-0.345947,0.994873
-0.512329,-0.017090,0.788086
0.447632,-0.132568,1.140381
-0.100830,-0.364868,0.807617
-0.181152,0.162231,1.026489
0.418823,-0.345947,1.006714
-0.513672,-0.008423,0.787720
0.418335,-0.127319,1.135986
-0.072021,-0.349365,0.833374
-0.261963,0.219360,1.007568
0.461670,-0.338135,1.026611
-0.500122,-0.012573,0.785156
0.342896,-0.076538,1.115479
-0.013306,-0.371094,0.848999
-0.298584,0.183838,0.969482
0.477417,-0.317871,1.042358
-0.469116,-0.077026,0.764160
0.300293,-0.041016,1.118652
0.017456,-0.373535,0.846191
-0.351440,0.174194,0.932007
0.485962,-0.288940,1.048340
-0.439087,-0.106812,0.776611
0.234741,-0.007446,1.101685
0.087036,-0.417725,0.867798
-0.415771,0.156860,0.896851
0.484253,-0.255371,1.061401
-0.404419,-0.180786,0.769409
0.155029,0.037354,1.082031
0.157959,-0.421265,0.882324
-0.460205,0.119385,0.858276
0.494263,-0.233521,1.070801
-0.357178,-0.200439,0.776733
0.066162,0.104858,1.066040
0.218628,-0.420898,0.896851
-0.468140,0.068481,0.839600
0.478149,-0.213989,1.066650
-0.262939,-0.241333,0.789307
-0.012695,0.142944,1.045410
0.264282,-0.396484,0.899048
-0.498413,0.034058,0.811279
0.486694,-0.205444,1.082275
-0.217896,-0.303467,0.765137
-0.078125,0.150879,1.027100
0.310059,-0.398315,0.915527
-0.529663,0.022339,0.797363
0.466553,-0.195801,1.090454
-0.171997,-0.325684,0.766846
-0.166992,0.164551,0.986938
0.356445,-0.366089,0.948975
-0.538208,-0.004883,0.770874
0.432983,-0.165649,1.090088
-0.151123,-0.346558,0.761108
-0.216187,0.188232,0.996948
0.386475,-0.340820,0.967529
-0.565796,-0.013550,0.754028
0.371216,-0.148682,1.086060
-0.092407,-0.374023,0.794800
-0.261841,0.173462,0.965576
0.400024,-0.312622,0.980957
-0.543457,0.001343,0.765381
0.313965,-0.110596,1.061523
-0.040894,-0.393799,0.811157
-0.327759,0.158203,0.916138
0.432617,-0.288818,1.017822
-0.515015,-0.041748,0.749268
0.223633,-0.013550,1.068848
0.017456,-0.397095,0.827759
-0.412109,0.144165,0.898315
0.447144,-0.298462,1.031738
-0.483521,-0.117310,0.733643
0.155273,0.050903,1.061523
0.097900,-0.401855,0.845337
-0.469116,0.133911,0.859253
0.458130,-0.274658,1.034546
-0.421875,-0.182861,0.726807
0.058594,0.118652,1.035522
0.164185,-0.389282,0.857910
-0.499390,0.092163,0.835327
0.466797,-0.255249,1.044067
-0.334961,-0.259766,0.737427
-0.002319,0.132812,1.030396
0.219238,-0.388306,0.870361
-0.549438,0.086548,0.796875
0.474731,-0.262573,1.050049
-0.240356,-0.344604,0.739868
-0.083130,0.148438,0.993042
0.240356,-0.375122,0.865601
-0.560547,0.048950,0.766724
0.459595,-0.245117,1.052856
-0.205200,-0.343140,0.738403
-0.172119,0.167847,0.982910
0.296387,-0.367065,0.899536
-0.568726,0.001831,0.746704
0.428955,-0.226318,1.059082
-0.175415,-0.378052,0.726807
-0.258667,0.189087,0.938110
0.358643,-0.364624,0.924438
-0.588379,0.013184,0.750977
0.364258,-0.179199,1.047119
-0.119263,-0.405884,0.751709
-0.304565,0.167725,0.905273
0.370605,-0.322144,0.953857
-0.568726,-0.002930,0.744507
0.307617,-0.116455,1.049438
-0.077515,-0.413818,0.772217
-0.368042,0.172852,0.896484
0.378418,-0.305176,0.968018
-0.544556,-0.046387,0.715454
0.261108,-0.062500,1.055176
-0.014771,-0.410889,0.799805
-0.459473,0.213989,0.882202
0.410645,-0.306274,0.972778
-0.512329,-0.085815,0.711914
0.167847,-0.004395,1.034790
0.046753,-0.398071,0.821899
-0.494629,0.186279,0.861450
0.429199,-0.271729,1.002319
-0.488525,-0.125488,0.718872
0.076904,0.071655,1.026123
0.114502,-0.423584,0.831421
-0.530762,0.145386,0.833008
0.452026,-0.270386,1.016724
-0.409668,-0.181030,0.736328
0.003784,0.119385,1.019043
0.180054,-0.400024,0.853638
-0.557983,0.125366,0.806030
0.435059,-0.230835,1.015747
-0.305420,-0.266479,0.748657
-0.075195,0.119507,0.980591
0.240234,-0.411255,0.873291
-0.578003,0.095947,0.777832
0.412354,-0.203003,1.021118
-0.247681,-0.316162,0.709839
-0.160156,0.136597,0.967773
0.300171,-0.397095,0.904175
-0.581421,0.035889,0.755493
0.372437,-0.145996,1.036987
-0.185181,-0.320801,0.742310
-0.260620,0.160278,0.926514
0.347900,-0.361938,0.935425
-0.596191,0.004150,0.733521
0.324951,-0.109497,1.033203
-0.122925,-0.368286,0.744385
-0.354126,0.189453,0.899048
0.384277,-0.345215,0.948730
-0.560059,-0.048950,0.711182
0.242188,-0.046997,1.031494
-0.056152,-0.387329,0.771362
-0.438232,0.208862,0.878174
0.407104,-0.298706,0.973633
-0.520142,-0.080688,0.723145
0.140991,0.024292,1.014771
0.031494,-0.398438,0.797852
-0.526855,0.183838,0.836182
0.429321,-0.277222,0.985596
-0.429932,-0.166870,0.721191
0.050903,0.100830,1.026367
0.137207,-0.399170,0.833984
-0.596924,0.184204,0.808350
0.425537,-0.262207,0.986328
-0.310303,-0.276733,0.724609
-0.060303,0.142944,0.995972
0.238159,-0.390747,0.876831
-0.601807,0.114746,0.775146
0.393066,-0.197876,1.000854
-0.230591,-0.335815,0.718018
-0.166138,0.137939,0.942627
0.304443,-0.367676,0.911499
-0.602905,0.080444,0.759521
0.367554,-0.145264,1.027222
-0.166504,-0.367432,0.717285
-0.284790,0.168213,0.911133
0.367798,-0.362671,0.921021
-0.582397,0.017334,0.734985
0.294556,-0.068848,1.031494
-0.126831,-0.364746,0.741699
-0.377197,0.187744,0.888672
0.404175,-0.348022,0.948486
-0.546143,-0.042725,0.706543
0.197998,0.004517,1.011841
-0.038086,-0.370850,0.767578
-0.460571,0.202393,0.858398
0.417236,-0.293457,0.976318
-0.498779,-0.121338,0.717773
0.091919,0.084229,1.017090
0.051025,-0.373779,0.802734
-0.536621,0.185303,0.838867
0.442261,-0.276245,0.986328
-0.386108,-0.193848,0.737793
-0.004517,0.135986,1.005005
0.170776,-0.398682,0.840332
-0.585938,0.146240,0.784180
0.420776,-0.194092,1.013306
-0.294678,-0.261353,0.716064
-0.085571,0.155396,0.985352
0.257080,-0.388184,0.881226
-0.612061,0.079102,0.759399
0.399170,-0.182983,1.011230
-0.201294,-0.322388,0.718262
-0.200317,0.198853,0.947021
0.325439,-0.346802,0.912109
-0.600220,0.022705,0.726685
0.344482,-0.126343,1.014282
-0.133789,-0.365601,0.714600
-0.306885,0.201050,0.893555
0.372314,-0.336060,0.927002
-0.579712,-0.003174,0.719482
0.253784,-0.063110,1.004150
-0.069946,-0.421021,0.741333
-0.389526,0.201538,0.882080
0.412842,-0.304199,0.947632
-0.555786,0.000122,0.717651
0.162231,0.023315,0.996948
0.020630,-0.391235,0.790161
-0.475342,0.189819,0.845703
0.416504,-0.239014,0.981323
-0.480469,-0.078003,0.733643
0.074951,0.091919,1.012695
0.119751,-0.419312,0.812378
-0.564209,0.194458,0.810913
0.419922,-0.188232,1.006470
-0.339111,-0.198853,0.736694
-0.029785,0.174927,1.005005
0.207031,-0.421631,0.855713
-0.608032,0.137085,0.769165
0.421509,-0.194092,1.009277
-0.240967,-0.271973,0.725220
-0.111694,0.185059,0.970703
0.278442,-0.342407,0.890625
-0.615845,0.105225,0.747437
0.410278,-0.204346,0.996582
-0.165161,-0.347290,0.719604
-0.211182,0.202515,0.918457
0.344360,-0.328491,0.910645
-0.603638,0.073486,0.745972
0.336182,-0.159546,0.994507
-0.100220,-0.414673,0.732056
-0.315186,0.198486,0.881226
0.383789,-0.322021,0.924561
-0.553711,0.000977,0.740479
0.272705,-0.046021,1.011597
-0.086060,-0.397827,0.714111
-0.394287,0.215210,0.855469
0.414551,-0.313599,0.946167
-0.516235,-0.085815,0.731567
0.175049,0.002319,1.000977
-0.004883,-0.389893,0.767456
-0.467651,0.250366,0.831909
0.418091,-0.249512,0.953735
-0.459351,-0.104492,0.749390
0.103760,0.044678,1.006958
0.069336,-0.443481,0.790771
-0.520264,0.184937,0.808594
0.435669,-0.193359,0.998535
-0.401611,-0.098389,0.744385
0.031250,0.167236,1.040405
0.174561,-0.434448,0.824951
-0.578491,0.165649,0.795532
0.422974,-0.198853,0.984131
-0.296631,-0.183105,0.748291
-0.058105,0.183472,0.988037
0.258179,-0.401245,0.874023
-0.602905,0.130981,0.771118
0.408081,-0.144165,1.005005
-0.218628,-0.249756,0.741211
-0.136230,0.189697,0.955566
0.317993,-0.382446,0.903931
-0.589478,0.075806,0.757812
0.385132,-0.117676,1.018433
-0.149536,-0.297363,0.741943
-0.224121,0.206665,0.921265
0.366333,-0.360596,0.922485
-0.580444,0.038696,0.747314
0.341675,-0.088989,1.013184
-0.082764,-0.377319,0.726685
-0.308960,0.223022,0.882324
0.400879,-0.334961,0.913696
-0.557495,0.015991,0.740356
0.283936,-0.083130,0.995605
-0.035767,-0.418213,0.746948
-0.369263,0.209351,0.858398
0.406250,-0.286011,0.934570
-0.523438,-0.028320,0.725220
0.195923,-0.014771,0.994507
0.028076,-0.429932,0.765747
-0.433594,0.196655,0.835449
0.412109,-0.232788,0.955322
-0.488525,-0.046997,0.735474
0.148071,0.059326,1.028076
0.078369,-0.432861,0.792847
-0.511719,0.199463,0.816772
0.436401,-0.235718,0.968872
-0.418213,-0.082397,0.757568
0.075806,0.128418,1.032837
0.137329,-0.407593,0.826416
-0.548096,0.180664,0.797607
0.443604,-0.221436,0.977783
-0.362061,-0.158447,0.749390
0.011230,0.153320,1.027222
0.206665,-0.404907,0.854614
-0.583740,0.169556,0.778687
0.444092,-0.201782,1.003540
-0.268188,-0.234131,0.754150
-0.057739,0.169067,1.002930
0.255249,-0.397827,0.871704
-0.601685,0.156982,0.756836
0.431519,-0.189087,0.996216
-0.180908,-0.279419,0.760254
-0.111572,0.174316,0.962036
0.297974,-0.352417,0.900757
-0.597656,0.117676,0.755371
0.412109,-0.155273,1.021484
-0.117432,-0.335815,0.758057
-0.198608,0.160889,0.920044
0.333740,-0.333496,0.914551
-0.576904,0.098633,0.742188
0.393188,-0.091431,1.023804
-0.060181,-0.335815,0.765137
-0.275757,0.187744,0.878662
0.381470,-0.357666,0.917969
-0.557861,0.000488,0.731323
0.328247,-0.079346,1.002441
-0.011597,-0.398071,0.753174
-0.340576,0.195923,0.862427
0.406494,-0.301392,0.941284
-0.539307,-0.039429,0.715576
0.246338,-0.037109,0.983154
0.022827,-0.438843,0.755371
-0.382812,0.182739,0.848877
0.432617,-0.284302,0.956421
-0.491089,-0.054321,0.744019
0.154907,0.043213,0.994873
0.066162,-0.426392,0.769653
-0.431152,0.149048,0.825073
0.453857,-0.268555,0.982666
-0.467041,-0.113037,0.726562
0.089966,0.084351,1.002930
0.128418,-0.418457,0.816284
-0.497314,0.143555,0.794067
0.449341,-0.232178,0.999023
-0.386719,-0.161377,0.743286
0.014526,0.108521,0.994995
0.200928,-0.439697,0.836670
-0.540039,0.125000,0.766602
0.446411,-0.198608,1.008789
-0.282349,-0.172729,0.769653
-0.090088,0.189697,0.977661
0.279053,-0.444580,0.867065
-0.569702,0.071899,0.750000
0.427490,-0.155762,1.033203
-0.166870,-0.261963,0.763062
-0.163940,0.210327,0.957031
0.330811,-0.388916,0.893555
-0.574829,0.056396,0.754761
0.402710,-0.149170,1.029419
-0.074341,-0.357544,0.777832
-0.243774,0.218872,0.911133
0.371216,-0.346680,0.917114
-0.550293,0.028564,0.748535
0.345947,-0.130737,0.999634
-0.000732,-0.433838,0.764404
-0.311279,0.167358,0.871582
0.404907,-0.303223,0.938721
-0.524292,-0.043945,0.734619
0.248413,-0.078735,0.980957
0.051514,-0.466431,0.770386
-0.371338,0.153809,0.843628
0.429443,-0.279297,0.968140
-0.498535,-0.054810,0.740479
0.159302,0.021240,0.995239
0.099976,-0.459595,0.797852
-0.443604,0.113159,0.800171
0.441040,-0.246460,0.990601
-0.423950,-0.146118,0.732422
0.065918,0.117554,1.014160
0.153931,-0.437256,0.821655
-0.517700,0.087158,0.772339
0.458618,-0.272461,0.998169
-0.339111,-0.173706,0.766235
-0.034302,0.189941,1.000610
0.238525,-0.395020,0.866821
-0.539185,0.036133,0.741089
0.452271,-0.231079,1.017334
-0.252563,-0.231934,0.760742
-0.103516,0.225098,0.991821
0.305542,-0.402466,0.892700
-0.555298,0.043579,0.756470
0.416626,-0.211792,1.018677
-0.154419,-0.323853,0.770020
-0.162354,0.202881,0.966797
0.352173,-0.372803,0.915527
-0.564697,0.075562,0.760498
0.385254,-0.181152,1.014893
-0.061157,-0.403442,0.777222
-0.239136,0.167236,0.913574
0.382690,-0.351074,0.930664
-0.536499,0.002686,0.737793
0.335449,-0.105225,1.017944
-0.007690,-0.410400,0.775635
-0.301636,0.162598,0.874756
0.431030,-0.382080,0.946167
-0.516602,-0.033936,0.756226
0.258179,-0.074463,0.989502
0.044067,-0.445435,0.777222
-0.330688,0.144287,0.859131
0.435547,-0.317749,0.965332
-0.484863,-0.076294,0.745239
0.197388,-0.017090,1.001831
0.075562,-0.476196,0.770020
-0.381714,0.101929,0.827148
0.458862,-0.288574,0.990723
-0.465088,-0.091431,0.744873
0.127686,0.050903,1.013916
0.120850,-0.461182,0.797363
-0.439087,0.082153,0.798218
0.462769,-0.283081,0.995117
-0.412598,-0.154297,0.751343
0.051880,0.083496,1.007324
0.192993,-0.472900,0.821777
-0.496826,0.055176,0.767944
0.473999,-0.268188,1.007568
-0.334229,-0.198486,0.753296
-0.043335,0.163818,1.007935
0.272339,-0.480713,0.862427
-0.515259,0.007568,0.744995
0.448730,-0.244751,1.022217
-0.242676,-0.207642,0.784546
-0.108276,0.204956,0.995728
0.336304,-0.396606,0.912109
-0.545532,0.021729,0.761597
0.409302,-0.216919,1.021973
-0.129883,-0.315063,0.796143
-0.164307,0.185181,0.978271
0.368530,-0.395264,0.939575
-0.540161,0.011475,0.768433
0.362793,-0.134521,1.028320
-0.039673,-0.400513,0.786011
-0.237427,0.166382,0.924683
0.410400,-0.361450,0.956909
-0.526245,-0.047974,0.753662
0.321167,-0.135620,1.019043
0.043335,-0.454712,0.787354
-0.313477,0.155518,0.877319
0.441772,-0.328735,0.978271
-0.472168,-0.083130,0.765137
0.225342,-0.058105,1.004761
0.095703,-0.472290,0.815308
-0.348511,0.083618,0.839111
0.447388,-0.254639,1.004028
-0.457642,-0.070435,0.742432
0.152222,0.041382,1.020142
0.149292,-0.454956,0.839111
-0.407715,0.100098,0.849854
0.470459,-0.291016,1.004883
-0.425781,-0.126221,0.752563
0.080566,0.089478,1.027466
0.213745,-0.481567,0.857544
-0.467163,0.044922,0.792847
0.486084,-0.281006,1.025757
-0.365356,-0.187378,0.759521
0.018799,0.143799,1.031982
0.265259,-0.468384,0.886230
-0.494873,0.011230,0.757812
0.475952,-0.247437,1.050171
-0.267700,-0.237793,0.786743
-0.063721,0.207153,1.037842
0.311157,-0.459106,0.895508
-0.509521,0.011719,0.777954
0.464233,-0.263428,1.033081
-0.192749,-0.288818,0.807251
-0.113281,0.189453,1.005615
0.343018,-0.402710,0.923096
-0.525146,0.024048,0.772095
0.440063,-0.207397,1.057983
-0.105469,-0.336060,0.815796
-0.161865,0.190918,0.996826
0.374023,-0.445923,0.928101
-0.522827,-0.016602,0.770874
0.428955,-0.198608,1.058838
-0.039673,-0.365601,0.823730
-0.212280,0.209717,0.980591
0.406738,-0.383301,0.960083
-0.496460,-0.056396,0.767090
0.366943,-0.155396,1.051880
0.004272,-0.413574,0.819214
-0.239624,0.183838,0.963745
0.454712,-0.389648,0.979980
-0.486084,-0.046143,0.771851
0.304321,-0.080688,1.034668
0.072754,-0.447388,0.824463
-0.274536,0.152344,0.936768
0.458130,-0.333862,1.013794
-0.456055,-0.121582,0.756836
0.268799,-0.048218,1.049194
0.099976,-0.438965,0.823608
-0.342407,0.173828,0.913330
0.492432,-0.332031,1.026978
-0.418945,-0.159424,0.781372
0.199585,-0.017578,1.039307
0.134888,-0.436035,0.842773
-0.371338,0.134766,0.875366
0.493042,-0.266846,1.044800
-0.386719,-0.146851,0.786987
0.140625,0.030273,1.044800
0.217163,-0.488770,0.861450
-0.417480,0.074463,0.825684
0.514893,-0.260132,1.063354
-0.346313,-0.157349,0.796509
0.058594,0.092896,1.036743
0.290771,-0.517456,0.888306
-0.447144,0.030396,0.804199
0.497314,-0.220093,1.073730
-0.257568,-0.202637,0.822388
-0.030762,0.149780,1.037964
0.347534,-0.479980,0.927490
-0.477783,0.034180,0.797119
0.473267,-0.189941,1.081055
-0.164673,-0.260254,0.832153
-0.099243,0.210327,1.040527
0.387207,-0.426880,0.961548
-0.490234,-0.007324,0.802612
0.444824,-0.167358,1.088501
-0.049072,-0.316040,0.849487
-0.161011,0.226074,1.033936
0.421021,-0.383545,0.987061
-0.479858,-0.076538,0.775513
0.403198,-0.128418,1.098267
0.042114,-0.377930,0.864014
-0.222900,0.200928,0.995361
0.459595,-0.345215,1.015137
-0.438599,-0.082520,0.791382
0.343018,-0.083496,1.083130
0.101929,-0.433105,0.861572
-0.281494,0.157715,0.958496
0.492310,-0.305786,1.043457
-0.413330,-0.119385,0.789795
0.262573,-0.036987,1.070312
0.143921,-0.422241,0.888794
-0.336670,0.137817,0.920776
0.516479,-0.265015,1.076904
-0.370972,-0.177856,0.796021
0.176025,0.041870,1.070435
0.219482,-0.471802,0.895020
-0.393921,0.090820,0.858643
0.545532,-0.253418,1.101807
-0.306152,-0.195312,0.801147
0.075317,0.126221,1.065186
0.302490,-0.484497,0.918579
-0.510254,0.005249,0.776001
0.435425,-0.191406,1.067017
-0.248047,-0.237671,0.813477
-0.145874,0.216064,1.011841
0.358765,-0.459595,0.946411
-0.507202,-0.007690,0.774292
0.405518,-0.148804,1.053833
-0.046387,-0.361084,0.820679
-0.205688,0.204102,0.987671
0.416870,-0.397217,0.968872
-0.487305,-0.061890,0.762207
0.353516,-0.120483,1.052124
0.031616,-0.424438,0.816406
-0.251099,0.172119,0.942017
0.447998,-0.353638,0.988647
-0.469727,-0.104736,0.755859
0.298828,-0.080078,1.051392
0.080200,-0.448975,0.827759
-0.307495,0.149658,0.921997
0.479736,-0.330688,1.013306
-0.440186,-0.120239,0.770508
0.237793,-0.031982,1.055542
0.113647,-0.445312,0.822388
-0.354370,0.147583,0.891113
0.499390,-0.301147,1.028442
-0.395752,-0.113892,0.796753
0.169067,0.018311,1.051880
0.186646,-0.479248,0.856567
-0.409912,0.084717,0.840332
0.511475,-0.269653,1.062012
-0.346680,-0.180420,0.786621
0.080078,0.084595,1.040771
0.271362,-0.519409,0.882202
-0.455444,0.041748,0.789062
0.485596,-0.231201,1.051514
-0.283447,-0.199707,0.795410
0.016235,0.118652,1.044312
0.322388,-0.511841,0.907715
-0.478516,0.022705,0.789185
0.482666,-0.186279,1.083130
-0.197876,-0.226318,0.823975
-0.074463,0.214111,1.045288
0.372070,-0.455688,0.944092
-0.490356,-0.012085,0.800415
0.462036,-0.186890,1.086914
-0.118652,-0.294189,0.824585
-0.124268,0.214722,1.038086
0.414673,-0.395874,0.979492
-0.477539,-0.035767,0.794800
0.421631,-0.141357,1.099243
-0.010498,-0.352173,0.849243
-0.189697,0.213745,1.005859
0.447632,-0.354980,0.997070
-0.465454,-0.067261,0.788452
0.377075,-0.117920,1.093628
0.077271,-0.439453,0.858887
-0.251343,0.163818,0.972778
0.472290,-0.309692,1.025269
-0.432495,-0.070190,0.795410
0.301025,-0.072754,1.081665
0.113770,-0.467041,0.856323
-0.307739,0.154663,0.950684
0.505859,-0.273804,1.076538
-0.400635,-0.116699,0.799316
0.216797,0.025024,1.072754
0.197754,-0.483643,0.888306
-0.371338,0.077148,0.895508
0.545410,-0.256836,1.106934
-0.354858,-0.162720,0.778076
0.130859,0.119385,1.082520
0.282471,-0.463989,0.928589
-0.422241,0.053955,0.855591
0.537842,-0.253540,1.105103
-0.274170,-0.233276,0.810547
0.050781,0.171021,1.079346
0.317261,-0.446899,0.928833
-0.457397,0.030273,0.817627
0.539307,-0.231934,1.121582
-0.195190,-0.271973,0.827026
-0.017334,0.204102,1.081421
0.350098,-0.401733,0.954590
-0.468384,0.025024,0.826294
0.517456,-0.234985,1.110962
-0.125366,-0.301025,0.856079
-0.073730,0.225952,1.065674
0.400757,-0.395264,0.987671
-0.464722,0.001953,0.824097
0.491333,-0.190430,1.117920
-0.063843,-0.316772,0.877075
-0.107910,0.206787,1.061401
0.432861,-0.378418,1.002319
-0.464111,-0.013916,0.810791
0.464722,-0.146240,1.135376
-0.007202,-0.355225,0.869263
-0.145508,0.197144,1.051758
0.467651,-0.370972,1.030640
-0.461182,-0.029175,0.816040
0.433350,-0.080322,1.138794
0.041138,-0.360962,0.880371
-0.175781,0.193726,1.050537
0.484497,-0.352661,1.059448
-0.441772,-0.081299,0.816650
0.403442,-0.060303,1.148315
0.069458,-0.355347,0.886353
-0.217896,0.198364,1.022583
0.509766,-0.335815,1.067627
-0.410278,-0.110474,0.815063
0.375610,-0.050903,1.127808
0.080444,-0.334229,0.897461
-0.260010,0.224365,1.009521
0.539795,-0.301025,1.101807
-0.390015,-0.157227,0.813232
0.330688,-0.015381,1.135620
0.130737,-0.382812,0.913330
-0.307739,0.193604,0.971191
0.550293,-0.273682,1.106934
-0.344971,-0.183716,0.824707
0.254639,0.017944,1.130249
0.197754,-0.422974,0.935425
-0.340576,0.135620,0.936523
0.557007,-0.231201,1.124512
-0.324707,-0.176880,0.827026
0.180786,0.067383,1.121094
0.283447,-0.464966,0.959473
-0.390015,0.103638,0.890259
0.544189,-0.201172,1.125366
-0.269409,-0.193115,0.834351
0.104004,0.123169,1.095947
0.349243,-0.450562,0.978638
-0.410278,0.049683,0.871826
0.547607,-0.179443,1.150146
-0.191772,-0.216797,0.853149
0.006714,0.233398,1.099487
0.402100,-0.426025,0.989990
-0.419067,0.001953,0.867920
0.523193,-0.140869,1.171021
-0.108398,-0.259155,0.875000
-0.060669,0.231812,1.091553
0.444214,-0.395386,1.016235
-0.437012,-0.044434,0.843140
0.492920,-0.128906,1.160278
0.020020,-0.332397,0.905640
-0.137451,0.224731,1.063843
0.457520,-0.312500,1.058594
-0.437500,-0.089844,0.809082
0.451050,-0.119995,1.165405
0.046631,-0.361328,0.907837
-0.193848,0.221069,1.056152
0.505371,-0.296875,1.096069
-0.428833,-0.080200,0.812256
0.391479,-0.045532,1.158081
0.109619,-0.385132,0.921997
-0.262939,0.227173,1.033447
0.535889,-0.268433,1.109619
-0.391235,-0.116577,0.811035
0.318359,-0.009644,1.144653
0.162842,-0.417725,0.940796
-0.311035,0.173706,0.975220
0.565918,-0.259155,1.136475
-0.359619,-0.138184,0.829956
0.240356,0.052368,1.130737
0.230225,-0.450439,0.947266
-0.346191,0.107910,0.935303
0.565430,-0.236938,1.143555
-0.296631,-0.177734,0.838135
0.147217,0.146484,1.130127
0.293457,-0.442627,0.969238
-0.378052,0.078247,0.915649
0.562744,-0.208984,1.155396
-0.237793,-0.221436,0.857178
0.082153,0.180054,1.121094
0.336426,-0.412720,0.973755
-0.421509,0.055298,0.874878
0.568359,-0.187988,1.178223
-0.191040,-0.255371,0.856689
0.009644,0.201416,1.100098
0.375244,-0.407471,0.989136
-0.418335,0.009644,0.873535
0.546509,-0.169434,1.171143
-0.133423,-0.275757,0.867065
-0.039062,0.218994,1.093872
0.415039,-0.393677,1.010254
-0.447388,0.008301,0.857056
0.525757,-0.152954,1.172974
-0.060669,-0.320679,0.879395
-0.080811,0.221191,1.102295
0.451416,-0.391968,1.016235
-0.445923,-0.000366,0.866699
0.495972,-0.113525,1.180420
-0.019531,-0.348267,0.866577
-0.135254,0.189575,1.069702
0.475952,-0.330078,1.064331
-0.457886,-0.035278,0.828979
0.464966,-0.068970,1.191284
0.018188,-0.352417,0.881836
-0.224731,0.226440,1.056274
0.513306,-0.331421,1.087280
-0.425537,-0.099365,0.811768
0.378540,-0.028076,1.165283
0.085938,-0.348267,0.911987
-0.276367,0.222900,1.023804
0.541626,-0.293701,1.105591
-0.393188,-0.154175,0.805542
0.305908,-0.013428,1.150391
0.156372,-0.383545,0.928711
-0.321167,0.161621,0.961182
0.554932,-0.254517,1.127563
-0.339844,-0.186890,0.818115
0.203735,0.044556,1.111938
0.223145,-0.409424,0.939087
-0.359375,0.115112,0.911621
0.562988,-0.207886,1.141479
-0.302368,-0.200928,0.832642
0.103516,0.094238,1.097778
0.312012,-0.444458,0.962402
-0.408936,0.081177,0.884644
0.556885,-0.178833,1.146606
-0.228516,-0.219482,0.845947
0.013306,0.163574,1.084839
0.362061,-0.418701,0.985840
-0.418213,-0.000488,0.867920
0.530518,-0.147095,1.166382
-0.126709,-0.275879,0.851074
-0.067261,0.187134,1.072266
0.411621,-0.381470,0.998413
-0.440308,-0.042603,0.840454
0.482422,-0.107422,1.167603
-0.062256,-0.327759,0.841064
-0.146118,0.187744,1.048584
0.446167,-0.356445,1.030762
-0.469604,-0.078857,0.811890
0.440063,-0.094238,1.164917
-0.020386,-0.312866,0.864136
-0.235596,0.209717,1.024170
0.486206,-0.304932,1.067871
-0.450928,-0.095947,0.794189
0.372559,-0.058960,1.154541
0.057129,-0.351440,0.893188
-0.309082,0.187012,0.960327
0.535889,-0.297363,1.088989
-0.396729,-0.149780,0.791260
0.259399,0.011108,1.124390
0.149902,-0.392334,0.902344
-0.358398,0.142334,0.924683
0.542358,-0.252319,1.110596
-0.353149,-0.206055,0.798706
0.152466,0.059937,1.110840
0.224365,-0.432983,0.926392
-0.405151,0.093140,0.885620
0.536377,-0.192261,1.134888
-0.308838,-0.223877,0.797363
0.060425,0.104614,1.078125
0.286133,-0.418579,0.940918
-0.443848,0.051025,0.869141
0.530640,-0.170044,1.145508
-0.198975,-0.259888,0.817871
-0.031860,0.151855,1.059204
0.336548,-0.397217,0.964233
-0.455078,-0.023438,0.827026
0.504395,-0.166016,1.138794
-0.133911,-0.292480,0.812866
-0.105713,0.178711,1.048096
0.390015,-0.364502,0.985107
-0.463379,-0.053589,0.806396
0.466431,-0.150269,1.137451
-0.100952,-0.296631,0.808838
-0.201782,0.188965,1.012817
0.430908,-0.312012,1.026855
-0.479736,-0.080811,0.788208
0.394043,-0.103271,1.131104
-0.042969,-0.338013,0.842896
-0.268433,0.178467,0.987793
0.458618,-0.292236,1.047241
-0.475342,-0.090698,0.770020
0.325928,-0.095703,1.122437
0.043579,-0.399048,0.871826
-0.352539,0.161377,0.935425
0.489014,-0.257080,1.071045
-0.407837,-0.159546,0.769531
0.204712,0.030273,1.100708
0.134399,-0.437622,0.870117
-0.412964,0.141479,0.906494
0.495117,-0.247070,1.074219
-0.361084,-0.206055,0.768311
0.110352,0.105591,1.074463
0.201416,-0.418457,0.883057
-0.449707,0.090088,0.864624
0.510376,-0.245972,1.090942
-0.322876,-0.235107,0.789551
0.034668,0.092285,1.050293
0.253662,-0.391724,0.925659
-0.486694,0.069458,0.836914
0.487183,-0.212891,1.079102
-0.234741,-0.279419,0.776245
-0.041626,0.139526,1.033569
0.311646,-0.394043,0.929932
-0.515991,0.012817,0.787598
0.493896,-0.199341,1.102173
-0.176514,-0.315186,0.770264
-0.114746,0.167480,1.023071
0.343750,-0.368286,0.950317
-0.522583,-0.013916,0.776733
0.456299,-0.187012,1.098511
-0.152710,-0.349121,0.763672
-0.182251,0.194336,1.017090
0.380127,-0.363770,0.949951
-0.536255,-0.012573,0.782227
0.426025,-0.179321,1.095459
-0.109009,-0.355835,0.790161
-0.265503,0.206665,0.972778
0.396118,-0.323853,0.982788
-0.516235,-0.071655,0.762451
0.355469,-0.121094,1.096680
-0.066650,-0.345581,0.804932
-0.327148,0.176270,0.933716
0.436768,-0.320190,1.004883
-0.508911,-0.093018,0.738770
0.284668,-0.088745,1.087891
0.015625,-0.407715,0.822876
-0.404907,0.175537,0.894165
0.445068,-0.286865,1.023071
-0.473267,-0.097900,0.748413
0.186035,-0.028564,1.061523
0.112061,-0.423950,0.856812
-0.453735,0.145752,0.860474
0.455688,-0.223267,1.048218
-0.432129,-0.160522,0.735596
0.079346,0.085449,1.056519
0.200073,-0.444580,0.877319
-0.512573,0.122559,0.838257
0.454712,-0.214233,1.053955
-0.290283,-0.252563,0.764282
-0.031006,0.137817,1.028442
0.234985,-0.385254,0.887329
-0.528931,0.031128,0.789185
0.463867,-0.224976,1.072144
-0.221558,-0.322876,0.740356
-0.123047,0.174805,1.002808
0.292969,-0.368652,0.896118
-0.568115,0.020996,0.756226
0.434082,-0.225464,1.062866
-0.173462,-0.377319,0.740601
-0.217407,0.178345,0.972290
0.350098,-0.328369,0.952759
-0.574585,0.002197,0.738647
0.387939,-0.198242,1.061279
-0.121582,-0.409058,0.761353
-0.285767,0.173828,0.925781
0.372314,-0.311646,0.965088
-0.560181,-0.004639,0.739868
0.314331,-0.110840,1.062256
-0.077393,-0.379395,0.780151
-0.342896,0.182495,0.928223
0.413086,-0.328979,0.977417
-0.548340,-0.013672,0.733765
0.224854,-0.030640,1.039185
-0.005371,-0.402954,0.808960
-0.417236,0.154663,0.892456
0.431519,-0.286987,1.012329
-0.498657,-0.069336,0.724487
0.138306,0.073975,1.038330
0.056763,-0.388428,0.817993
-0.470215,0.112427,0.855957
0.446777,-0.275269,1.025146
-0.462036,-0.127075,0.729980
0.068115,0.112915,1.034302
0.118652,-0.420044,0.821411
-0.511719,0.109985,0.835938
0.447998,-0.258301,1.024780
-0.369385,-0.213135,0.742188
-0.003052,0.153809,1.022461
0.173828,-0.384155,0.847534
-0.556885,0.112793,0.801392
0.444580,-0.287964,1.001221
-0.300903,-0.296631,0.739380
-0.033325,0.129761,1.001343
0.192505,-0.375732,0.854736
-0.568359,0.079956,0.766602
0.436768,-0.233643,1.025635
-0.253540,-0.346802,0.708130
-0.119629,0.188599,0.995483
0.255005,-0.428589,0.843262
-0.584229,0.061768,0.759277
0.427856,-0.195679,1.040405
-0.228149,-0.350586,0.701782
-0.175537,0.177979,0.971436
0.299194,-0.373413,0.888062
-0.601685,0.058350,0.753906
0.409180,-0.208618,1.036621
-0.176025,-0.366455,0.730713
-0.251465,0.182129,0.953491
0.324585,-0.347412,0.910522
-0.592529,0.017944,0.733276
0.371704,-0.174683,1.035156
-0.149414,-0.370117,0.743896
-0.299683,0.162231,0.908569
0.356445,-0.340088,0.924927
-0.592163,0.005127,0.715210
0.306519,-0.112671,1.030273
-0.105591,-0.395874,0.748901
-0.355347,0.169800,0.896484
0.379639,-0.328003,0.946777
-0.591675,-0.000244,0.708008
0.253418,-0.070312,1.018066
-0.048584,-0.409546,0.765991
-0.426147,0.202148,0.884277
0.392456,-0.308838,0.955200
-0.550293,-0.061157,0.707642
0.179688,0.001343,1.018066
0.006104,-0.399780,0.793823
-0.489502,0.206665,0.865234
0.425903,-0.307861,0.964111
-0.511353,-0.086914,0.715454
0.098877,0.069946,1.020020
0.062622,-0.387695,0.809570
-0.531616,0.182739,0.843262
0.432251,-0.267578,1.002319
-0.438721,-0.158081,0.729126
0.024780,0.128418,1.014282
0.135254,-0.403809,0.836548
-0.567383,0.141235,0.814819
0.429810,-0.245728,1.006714
-0.354126,-0.231201,0.720337
-0.043945,0.183472,1.014160
0.186157,-0.396118,0.836914
-0.585327,0.101440,0.789185
0.436890,-0.237915,1.020874
-0.288330,-0.280518,0.710938
-0.119263,0.196167,0.971558
0.250732,-0.379883,0.869141
-0.599609,0.084106,0.764282
0.423584,-0.218018,1.014404
-0.229004,-0.323364,0.714600
-0.194824,0.202393,0.955688
0.310791,-0.388794,0.894775
-0.593140,0.078125,0.750244
0.380371,-0.143921,1.021484
-0.192871,-0.323242,0.713867
-0.232300,0.182739,0.940918
0.347778,-0.390747,0.903931
-0.620117,0.080444,0.741577
0.344971,-0.120483,1.015137
-0.154175,-0.381226,0.710449
-0.287720,0.195435,0.919067
0.366211,-0.363525,0.913696
-0.602783,0.043823,0.728394
0.298706,-0.104614,1.008545
-0.084595,-0.425293,0.731445
-0.367920,0.213135,0.884644
0.376587,-0.319824,0.928223
-0.563110,-0.002930,0.715454
0.263428,-0.066406,1.010498
-0.062622,-0.400757,0.739624
-0.422852,0.236572,0.873291
0.398193,-0.311646,0.936646
-0.540039,-0.067383,0.702637
0.192383,-0.021606,1.003906
-0.500977,-0.098877,0.717773
-0.522095,0.213623,0.837524
0.047607,0.109497,1.017456
0.121826,-0.421875,0.818970
-0.568604,0.198486,0.807373
0.419800,-0.194580,0.987671
-0.354126,-0.190063,0.731323
-0.023682,0.154297,0.997559
0.198730,-0.401001,0.852417
-0.597290,0.149414,0.785278
0.413940,-0.189087,0.997559
-0.256958,-0.284546,0.723145
-0.109985,0.195679,0.983521
0.278687,-0.382446,0.885864
-0.602173,0.128052,0.759888
0.393188,-0.154785,1.009766
-0.195923,-0.338745,0.713989
-0.180542,0.181763,0.943970
0.331421,-0.380127,0.895874
-0.604736,0.104004,0.751953
0.354126,-0.106689,1.012207
-0.125000,-0.370361,0.716675
-0.264282,0.183105,0.917480
0.360962,-0.357910,0.908936
-0.585449,0.059570,0.741211
0.307983,-0.059448,1.005005
-0.079102,-0.392090,0.728027
-0.361816,0.199707,0.875854
0.405762,-0.313110,0.939941
-0.552124,-0.009155,0.715698
0.207520,-0.002197,0.988525
-0.030518,-0.401978,0.748657
-0.426880,0.191528,0.860962
0.431763,-0.281372,0.973633
-0.503784,-0.047241,0.729370
0.122192,0.068237,1.001953
0.052368,-0.397461,0.789307
-0.502930,0.207275,0.828369
0.441040,-0.231812,0.988892
-0.415527,-0.123413,0.747925
0.032471,0.151367,1.012573
0.126831,-0.392700,0.817993
-0.543579,0.157349,0.813477
0.436157,-0.220459,0.990356
-0.337891,-0.185913,0.734375
-0.031372,0.187012,1.005249
0.219238,-0.392578,0.858032
-0.596069,0.144653,0.783936
0.428955,-0.182739,1.006958
-0.222168,-0.256470,0.745239
-0.130249,0.209106,0.966187
0.294556,-0.363892,0.898071
-0.584961,0.082275,0.767456
0.399780,-0.149536,1.018433
-0.155396,-0.328613,0.734131
-0.201050,0.214111,0.930176
0.358276,-0.341309,0.906738
-0.599487,0.078857,0.756226
0.352417,-0.120972,1.008423
-0.076660,-0.399780,0.733643
-0.282349,0.181763,0.885498
0.378296,-0.306641,0.928467
-0.566650,0.020142,0.724365
0.265747,-0.055176,0.987305
-0.003540,-0.431152,0.747437
-0.374756,0.191650,0.852539
0.401855,-0.266479,0.941406
-0.519043,0.004517,0.737793
0.174805,0.015503,0.997314
0.021973,-0.411011,0.766357
0.100586,0.131958,1.021973
0.102905,-0.413696,0.803223
0.441284,-0.242554,0.995239
-0.402954,-0.111816,0.731934
0.044189,0.188110,1.019775
0.163452,-0.376953,0.822144
-0.571777,0.142212,0.793701
0.467285,-0.262207,1.000122
-0.306030,-0.211426,0.754150
-0.042847,0.195801,0.987793
0.207153,-0.362183,0.843140
-0.587036,0.143555,0.762207
0.468384,-0.228271,1.015991
-0.224854,-0.263184,0.756348
-0.102295,0.197876,0.974121
0.253052,-0.364624,0.861328
-0.605103,0.136230,0.758057
0.451050,-0.194458,1.015259
-0.164795,-0.276123,0.777710
-0.125854,0.172852,0.948120
0.285522,-0.340088,0.887451
-0.604736,0.105225,0.732422
0.428345,-0.176514,1.028931
-0.122070,-0.333862,0.776733
-0.169189,0.176514,0.931641
0.318726,-0.341064,0.888306
-0.585815,0.127563,0.761353
0.404297,-0.139160,1.026001
-0.090698,-0.351929,0.768311
-0.232056,0.192749,0.899780
0.361328,-0.347656,0.907227
-0.570068,0.059204,0.744873
0.367554,-0.078613,1.026978
-0.055176,-0.362305,0.751343
-0.276611,0.191040,0.892456
0.384277,-0.386963,0.906250
-0.538696,-0.005737,0.745483
0.333496,-0.092896,0.998535
-0.029419,-0.339111,0.769775
-0.334839,0.201782,0.860840
0.415527,-0.330811,0.933838
-0.526611,-0.049072,0.738037
0.272827,-0.070801,0.992676
0.017090,-0.405518,0.763184
-0.371826,0.213379,0.852539
0.417969,-0.292236,0.939331
-0.498901,-0.086182,0.729126
0.202515,-0.010742,1.007812
0.060059,-0.420532,0.775513
-0.426636,0.161377,0.815552
0.451904,-0.286255,0.967651
-0.466187,-0.104736,0.747070
0.096313,0.060181,0.996216
0.103027,-0.450317,0.789917
-0.488647,0.145386,0.794067
0.475952,-0.222656,1.002319
-0.406738,-0.090698,0.747192
0.020142,0.153931,1.002930
0.189453,-0.416504,0.842041
-0.556030,0.085571,0.755127
0.465454,-0.250366,1.018555
-0.322266,-0.169800,0.755005
-0.054932,0.237061,1.019043
0.256104,-0.388672,0.870605
-0.578857,0.076660,0.753052
0.447388,-0.235352,1.011230
-0.195190,-0.268799,0.773926
-0.135620,0.222900,0.971436
0.310181,-0.392212,0.889038
-0.583984,0.087769,0.767700
0.421753,-0.198120,1.022705
-0.082886,-0.347656,0.791870
-0.194702,0.219360,0.944336
0.323730,-0.319214,0.893433
-0.567017,0.066650,0.756226
0.404663,-0.202637,1.008911
-0.032471,-0.392334,0.790894
-0.265625,0.198853,0.895142
0.370361,-0.311157,0.918335
-0.553101,0.026611,0.744385
0.334595,-0.138428,0.995605
0.024658,-0.429321,0.787720
-0.305176,0.169067,0.874756
0.389893,-0.315918,0.925537
-0.525513,-0.006592,0.742065
0.259766,-0.058472,0.988403
0.061890,-0.451294,0.781250
-0.349365,0.138428,0.842407
0.422974,-0.287720,0.957764
-0.500244,-0.026855,0.739990
0.195801,0.009033,1.001953
0.082275,-0.469727,0.775513
-0.399048,0.128784,0.824219
0.453125,-0.306763,0.975952
-0.475220,-0.077759,0.743164
0.124023,0.052979,1.000000
0.109009,-0.460571,0.788574
-0.454224,0.116089,0.796143
0.471558,-0.290039,0.993530
-0.427612,-0.162964,0.735229
0.046631,0.097290,0.992188
0.166260,-0.474121,0.802734
-0.484375,0.078491,0.780273
0.466919,-0.251587,1.001709
-0.368286,-0.168823,0.752075
-0.018677,0.142822,0.988159
0.235352,-0.473145,0.837036
-0.501099,0.040161,0.749146
0.465210,-0.227051,1.029297
-0.305542,-0.192017,0.759155
-0.070923,0.185547,0.997681
0.292114,-0.488770,0.864502
-0.541992,0.023438,0.738770
0.439941,-0.199951,1.031006
-0.201904,-0.217163,0.779907
-0.143433,0.223267,0.984497
0.329224,-0.419678,0.908569
-0.543213,-0.006958,0.751221
0.404663,-0.196777,1.022705
-0.100464,-0.314087,0.807983
-0.211304,0.230835,0.970093
0.361816,-0.373047,0.922974
-0.515625,-0.035034,0.759033
0.365967,-0.168335,1.025635
-0.024414,-0.406128,0.789917
-0.254517,0.201538,0.922974
0.400024,-0.330811,0.960205
-0.509521,-0.070312,0.747925
0.291016,-0.121460,1.000366
0.056885,-0.491943,0.772949
-0.312744,0.160889,0.881226
0.433960,-0.312744,0.967041
-0.491455,-0.075928,0.742188
0.214966,-0.043457,1.005005
0.098022,-0.497925,0.779785
-0.356445,0.088745,0.835205
0.452271,-0.300903,0.982178
-0.375122,-0.134766,0.756470
-0.005493,0.174683,0.995117
0.199829,-0.423706,0.827637
-0.539795,0.060791,0.758911
0.447754,-0.221069,1.017944
-0.254761,-0.231323,0.773315
-0.073608,0.216187,0.996826
0.256836,-0.396729,0.879395
-0.574951,0.052856,0.746460
0.450684,-0.235718,1.025635
-0.149048,-0.282837,0.792725
-0.153076,0.217773,0.975220
0.318848,-0.365234,0.906128
-0.583130,0.096436,0.765869
0.421387,-0.187622,1.022949
-0.061279,-0.339233,0.812012
-0.221313,0.191772,0.924072
0.352051,-0.340942,0.914307
-0.563477,0.021240,0.737549
0.374146,-0.173828,1.003296
-0.020386,-0.391602,0.788940
-0.260498,0.158813,0.889526
0.391968,-0.323853,0.939087
-0.542603,-0.037231,0.725830
0.302979,-0.121704,0.980347
0.026855,-0.442383,0.777344
-0.318726,0.148926,0.867798
0.419922,-0.315430,0.953247
-0.520264,-0.060059,0.739624
0.231812,-0.071533,0.976318
0.049316,-0.457886,0.772705
-0.353760,0.107178,0.831421
0.457397,-0.312988,0.970825
-0.508057,-0.080322,0.720459
0.174927,0.001221,0.992554
0.094238,-0.478027,0.767700
-0.409302,0.101440,0.808960
0.467529,-0.287231,0.998291
-0.463989,-0.083374,0.742798
0.104980,0.079834,1.003418
0.143066,-0.469604,0.799805
-0.469849,0.114746,0.807861
0.471436,-0.272827,1.008911
-0.392700,-0.141602,0.755005
0.036377,0.157959,1.031738
0.184204,-0.451172,0.822144
-0.516357,0.061646,0.763550
0.492065,-0.296021,1.027466
-0.341309,-0.191162,0.759521
-0.029297,0.213257,1.025757
0.221924,-0.416504,0.838501
-0.518921,0.056396,0.746826
0.499268,-0.294434,1.036377
-0.303711,-0.213379,0.768433
-0.068726,0.220215,1.009277
0.258301,-0.412964,0.871582
-0.515503,0.012695,0.735840
0.468750,-0.255127,1.031250
-0.254639,-0.237549,0.787476
-0.094849,0.188721,0.993164
0.302002,-0.445068,0.886963
-0.537598,0.042480,0.752686
0.441162,-0.227051,1.034668
-0.179810,-0.285889,0.797363
-0.135010,0.198364,0.988647
0.328857,-0.427124,0.906860
-0.541748,0.036377,0.758179
0.419067,-0.190918,1.034668
-0.112061,-0.331909,0.787231
-0.189575,0.213257,0.977783
0.369385,-0.402222,0.929443
-0.522949,-0.011597,0.764893
0.393188,-0.152832,1.043457
-0.036377,-0.388306,0.802856
-0.257568,0.192383,0.930176
0.408691,-0.418213,0.931152
-0.510010,-0.067871,0.753174
0.345825,-0.105469,1.027588
0.023804,-0.418945,0.800415
-0.292969,0.183350,0.917847
0.424072,-0.368652,0.951904
-0.485352,-0.098511,0.753784
0.295166,-0.092651,1.015991
0.069214,-0.438232,0.807007
-0.342651,0.151855,0.879517
0.448975,-0.343750,0.978394
-0.464722,-0.140747,0.759033
0.240845,-0.063354,1.015137
0.094604,-0.439941,0.813354
-0.381226,0.151855,0.866821
0.465942,-0.300781,1.003296
-0.430298,-0.170776,0.746338
0.159424,-0.012207,1.017090
0.124512,-0.466919,0.819092
-0.401611,0.084106,0.822998
0.483032,-0.277100,1.020752
-0.401855,-0.172119,0.747192
0.097412,0.077148,1.030396
0.213257,-0.498169,0.862427
-0.463135,0.061157,0.804688
0.509644,-0.291870,1.038208
-0.347290,-0.191650,0.755615
0.018921,0.170044,1.040405
0.264771,-0.473755,0.875244
-0.467041,0.026123,0.792725
0.489502,-0.285889,1.040649
-0.302002,-0.234863,0.776855
-0.020264,0.173828,1.029907
0.295410,-0.412354,0.908325
-0.499390,-0.011963,0.762817
0.470703,-0.273071,1.056396
-0.214478,-0.275635,0.805786
-0.073242,0.229126,1.042358
0.313843,-0.377075,0.921021
-0.503540,-0.002930,0.776733
0.477661,-0.245361,1.071655
-0.160400,-0.276733,0.825439
-0.118896,0.232544,1.029663
0.364990,-0.411377,0.939697
-0.508301,0.014771,0.790283
0.462402,-0.236328,1.068970
-0.114746,-0.318970,0.827881
-0.139648,0.200806,1.002686
0.376465,-0.391602,0.951416
-0.486572,-0.020142,0.793213
0.440552,-0.198486,1.078125
-0.066895,-0.334839,0.848511
-0.168579,0.182617,0.992310
0.414551,-0.373535,0.980225
-0.494873,-0.010010,0.780273
0.413208,-0.168823,1.069336
-0.010132,-0.378174,0.848267
-0.193726,0.167114,0.986816
0.418823,-0.378296,0.978760
-0.475342,-0.051758,0.782349
0.399170,-0.136230,1.075317
0.006836,-0.375366,0.846924
-0.227295,0.171509,0.967896
0.452759,-0.373169,1.003174
-0.445923,-0.111572,0.777100
0.375610,-0.084473,1.098022
0.040161,-0.368774,0.838013
-0.255859,0.195923,0.970215
0.475708,-0.374878,1.014771
-0.443970,-0.147827,0.766479
0.350098,-0.067261,1.096436
0.067871,-0.380859,0.851929
-0.260986,0.192993,0.974243
0.482544,-0.367065,1.023926
-0.435303,-0.151001,0.778076
0.337524,-0.083374,1.096191
0.077148,-0.406494,0.853760
-0.275879,0.179688,0.958374
0.493042,-0.324463,1.039062
-0.415527,-0.146118,0.788940
0.314819,-0.056763,1.103271
0.085815,-0.419922,0.843628
-0.289185,0.168945,0.957764
0.505127,-0.290649,1.059937
-0.422607,-0.128418,0.778564
0.293213,-0.018433,1.100098
0.122803,-0.446533,0.860474
-0.319458,0.172974,0.945923
0.518066,-0.283691,1.067139
-0.409058,-0.107788,0.800781
0.261597,-0.042236,1.070679
0.146240,-0.454712,0.881592
-0.331055,0.135254,0.917114
0.521606,-0.253174,1.080200
-0.380127,-0.128784,0.805664
0.225342,0.026611,1.096680
0.201660,-0.490356,0.879517
-0.366821,0.097168,0.894653
0.552246,-0.264648,1.114624
-0.358154,-0.164062,0.790771
0.151367,0.092773,1.075195
0.249756,-0.464844,0.909302
-0.379272,0.052734,0.860962
0.546997,-0.258301,1.110229
-0.312866,-0.221680,0.806885
0.108521,0.140869,1.078003
0.287476,-0.478027,0.912720
-0.399902,0.052002,0.868530
0.557495,-0.247192,1.126343
-0.290039,-0.196777,0.818115
0.066528,0.145386,1.065430
0.327271,-0.442871,0.952881
-0.413696,0.044678,0.854004
0.548462,-0.218262,1.135742
-0.227783,-0.257812,0.830566
0.027588,0.171997,1.077881
0.336548,-0.428589,0.949219
-0.426880,0.048340,0.847656
0.555786,-0.204346,1.153931
-0.203613,-0.246948,0.853394
-0.017578,0.201172,1.079468
0.372314,-0.431763,0.963623
-0.427002,0.016479,0.846924
0.524780,-0.181763,1.151245
-0.170166,-0.250854,0.857544
-0.031372,0.215332,1.084473
0.405151,-0.421875,0.979126
-0.447144,0.022949,0.844360
0.519897,-0.170532,1.152954
-0.128662,-0.273926,0.867432
-0.048950,0.220947,1.088013
0.419556,-0.399292,0.999756
-0.442749,-0.000610,0.834595
0.507690,-0.165771,1.151245
-0.069946,-0.330078,0.874512
-0.078979,0.227905,1.093140
0.434814,-0.372437,1.021484
-0.441284,-0.002686,0.835571
0.511719,-0.150024,1.161255
-0.041504,-0.318359,0.882690
-0.107056,0.229004,1.084961
0.460205,-0.391846,1.027954
-0.441162,-0.016602,0.846191
0.491211,-0.108154,1.167236
0.004028,-0.323853,0.897949
-0.133667,0.227295,1.084229
0.459595,-0.375366,1.041504
-0.429932,-0.046509,0.830566
0.473633,-0.096680,1.166626
0.042603,-0.336792,0.905518
-0.166260,0.225830,1.069824
0.481323,-0.337280,1.065308
-0.427368,-0.064453,0.821045
0.449829,-0.066528,1.170288
0.043457,-0.333984,0.905151
-0.188354,0.241577,1.057739
0.522339,-0.331177,1.088989
-0.424438,-0.099976,0.813721
0.393066,-0.056274,1.152588
0.068237,-0.367432,0.905273
-0.221558,0.220459,1.040405
0.540283,-0.303589,1.106079
-0.401611,-0.113037,0.827881
0.350952,-0.018921,1.153320
0.120972,-0.362793,0.921021
-0.269043,0.186035,1.011475
0.545288,-0.254517,1.125488
-0.368774,-0.149658,0.823730
0.308228,-0.007446,1.146484
0.184692,-0.401733,0.941040
-0.325684,0.160645,0.957764
0.566650,-0.243896,1.138550
-0.322510,-0.186035,0.827026
0.213989,0.060547,1.132935
0.258667,-0.439087,0.955933
-0.376587,0.106689,0.906982
0.569214,-0.217529,1.142090
-0.253906,-0.228394,0.837891
0.129150,0.147095,1.131714
0.316162,-0.441895,0.971558
-0.413330,0.090454,0.893799
0.568970,-0.212402,1.143066
-0.222778,-0.235840,0.855347
0.062256,0.166626,1.119507
0.368652,-0.399170,1.001465
-0.426636,0.074097,0.873535
0.552490,-0.168213,1.160156
-0.165283,-0.274658,0.867676
-0.004272,0.200562,1.113892
0.418823,-0.390381,1.028320
-0.441284,0.031372,0.864258
0.514893,-0.118652,1.162842
-0.051636,-0.312256,0.881104
-0.066406,0.199463,1.097778
0.437378,-0.371338,1.026123
-0.431152,-0.035889,0.846558
0.497925,-0.115601,1.171265
-0.012451,-0.329590,0.873779
-0.137085,0.204468,1.066650
0.476562,-0.315918,1.064941
-0.448853,-0.059082,0.820312
0.453125,-0.081055,1.181030
0.024658,-0.347290,0.892700
-0.189453,0.213013,1.065186
0.493408,-0.274536,1.088379
-0.450928,-0.073730,0.801147
0.406494,-0.073853,1.164795
0.076660,-0.369995,0.919312
-0.251953,0.202271,1.027222
0.525024,-0.261230,1.109863
-0.403320,-0.107910,0.794434
0.305176,-0.011230,1.147095
0.164429,-0.448486,0.936279
-0.317261,0.149170,0.968506
0.556030,-0.267700,1.114380
-0.353638,-0.136841,0.825684
0.216431,0.069458,1.136597
0.222046,-0.424438,0.929199
-0.363037,0.115601,0.929077
0.572266,-0.240601,1.153320
-0.292236,-0.213745,0.825806
0.118042,0.154785,1.111572
0.281006,-0.401367,0.953003
-0.398315,0.079468,0.898193
0.545654,-0.217529,1.134888
-0.231079,-0.281616,0.836182
0.051758,0.167358,1.115356
0.324585,-0.396484,0.963257
-0.435547,0.047241,0.846924
0.525757,-0.171997,1.144043
-0.124146,-0.315063,0.853394
-0.024902,0.158691,1.080688
0.361694,-0.374878,0.979370
-0.459595,-0.007202,0.832397
0.512329,-0.152100,1.155273
-0.074585,-0.322266,0.844238
-0.102539,0.206299,1.078003
0.418823,-0.356567,1.014526
-0.476196,-0.021729,0.825439
0.463623,-0.135254,1.155273
-0.043823,-0.328613,0.863770
-0.177979,0.206543,1.046753
0.457397,-0.338989,1.046387
-0.462158,-0.059814,0.811157
0.414673,-0.100952,1.153320
-0.007324,-0.333862,0.868774
-0.265503,0.228271,1.010254
0.501953,-0.283447,1.077148
-0.425293,-0.125122,0.786987
0.323730,-0.033569,1.144043
0.057129,-0.366699,0.873169
-0.311890,0.139404,0.949341
0.513306,-0.293823,1.088257
-0.409668,-0.162231,0.779175
0.235474,0.017944,1.117432
0.167236,-0.382202,0.918945
-0.388428,0.155762,0.918579
0.513428,-0.245483,1.092651
-0.345703,-0.216064,0.796997
0.121460,0.050659,1.088989
0.249023,-0.404419,0.938599
-0.436279,0.116699,0.884033
0.512695,-0.174561,1.115356
-0.247314,-0.266235,0.814697
0.002686,0.131226,1.066528
0.302612,-0.402710,0.944946
-0.469116,0.013062,0.831299
0.511963,-0.195068,1.129395
-0.143066,-0.316162,0.806885
-0.085205,0.158203,1.053467
0.353271,-0.371582,0.956177
-0.501221,0.021362,0.804199
0.456909,-0.163574,1.107910
-0.085571,-0.336060,0.831787
-0.184448,0.161499,1.022705
0.402466,-0.332153,1.006592
-0.500732,-0.032349,0.781738
0.387573,-0.071411,1.130615
-0.051514,-0.323242,0.837891
-0.267578,0.181030,0.999146
0.463989,-0.325317,1.035156
-0.484253,-0.072144,0.776245
0.294800,-0.029175,1.107422
0.012451,-0.379639,0.835205
-0.329468,0.143799,0.943970
0.479858,-0.289673,1.051025
-0.449219,-0.095825,0.758057
0.233643,-0.002197,1.084229
0.087891,-0.373291,0.869995
-0.423218,0.137695,0.889648
0.499512,-0.281128,1.065552
-0.418335,-0.159912,0.764526
0.158813,0.019287,1.073364
0.156616,-0.391113,0.886108
-0.448486,0.124878,0.868774
0.494507,-0.221191,1.082397
-0.372070,-0.187622,0.772827
0.043701,0.110229,1.066772
0.227661,-0.437378,0.893677
-0.479004,0.061035,0.839233
0.496338,-0.207275,1.087280
-0.278809,-0.225830,0.783203
-0.040894,0.147583,1.029053
0.280273,-0.396729,0.918457
-0.490967,0.002075,0.796143
0.480591,-0.175293,1.110107
-0.216553,-0.265747,0.761230
-0.120972,0.150757,0.997192
0.338013,-0.407471,0.936157
-0.529175,-0.036865,0.773193
0.448975,-0.195435,1.081543
-0.151733,-0.304932,0.765259
-0.229980,0.200073,0.983154
0.375122,-0.327148,0.974609
-0.537842,-0.071899,0.750732
0.371948,-0.142822,1.085938
-0.120605,-0.332153,0.774170
-0.309692,0.192505,0.940308
0.427002,-0.320557,0.998779
-0.518799,-0.057129,0.758301
0.283936,-0.085083,1.068970
-0.044067,-0.387939,0.791870
-0.369873,0.165649,0.911255
0.440674,-0.293091,1.020508
-0.477295,-0.109863,0.744507
0.193359,0.011353,1.063232
0.056274,-0.401367,0.834839
-0.477783,0.178345,0.864136
0.459961,-0.286621,1.020874
-0.422974,-0.194092,0.742310
0.098022,0.093018,1.053955
0.124268,-0.404175,0.839722
-0.516968,0.120117,0.822754
0.472534,-0.274414,1.034424
-0.363770,-0.243774,0.741089
0.030273,0.112183,1.045288
0.182007,-0.400879,0.860352
-0.551147,0.092896,0.789062
0.459839,-0.257202,1.030640
-0.281860,-0.315796,0.747803
-0.041748,0.078735,1.000366
0.241577,-0.381226,0.887695
-0.567749,0.101929,0.778564
0.443237,-0.242188,1.024902
-0.236694,-0.314575,0.752075
-0.128906,0.110474,0.980347
0.286743,-0.406250,0.902466
-0.580078,0.044556,0.755005
0.409302,-0.176147,1.058838
-0.191895,-0.350830,0.713501
-0.212646,0.176270,0.967529
0.325562,-0.352661,0.916382
-0.586426,0.016357,0.743286
0.376709,-0.169312,1.050781
-0.162720,-0.345337,0.739502
-0.285889,0.161743,0.927612
0.380493,-0.361816,0.950195
-0.585938,-0.008667,0.733154
0.302979,-0.089844,1.038818
-0.105225,-0.380249,0.751831
-0.352539,0.180786,0.913574
0.393188,-0.355713,0.955566
-0.554321,-0.038574,0.729736
0.234375,-0.046143,1.036499
-0.049072,-0.401245,0.769409
-0.427002,0.206177,0.892212
0.408081,-0.300903,0.977905
-0.528198,-0.080933,0.727539
0.179199,-0.020752,1.027344
0.020508,-0.407715,0.799561
-0.484253,0.210327,0.867920
0.414429,-0.289673,0.974487
-0.488525,-0.113770,0.720215
0.099243,0.036865,1.025391
0.089478,-0.433350,0.819458
-0.542603,0.174316,0.835815
0.427612,-0.255249,0.990601
-0.410767,-0.165161,0.731079
0.026001,0.091064,1.025146
0.161621,-0.428467,0.837402
-0.580688,0.140625,0.799805
0.425415,-0.222778,1.003906
-0.309082,-0.240356,0.736328
-0.063232,0.145020,0.997559
0.227661,-0.415771,0.868774
-0.607178,0.099854,0.771851
0.412354,-0.215088,1.007568
-0.225830,-0.324585,0.708618
-0.160767,0.182861,0.965942
0.286377,-0.387573,0.891357
-0.597046,0.059204,0.760864
0.382690,-0.169800,1.023438
-0.173950,-0.369141,0.709473
-0.245850,0.186279,0.941650
0.319580,-0.350830,0.911621
-0.594604,0.020020,0.733276
0.348022,-0.125854,1.029907
-0.149292,-0.354980,0.714355
-0.323853,0.182739,0.901611
0.382935,-0.353149,0.941406
-0.577148,-0.036133,0.722534
0.247925,-0.080200,1.003540
-0.081055,-0.408081,0.738892
-0.406616,0.188965,0.870239
0.408447,-0.312744,0.961304
-0.547852,-0.029785,0.710449
0.151733,0.017456,0.998047
0.002197,-0.401855,0.783813
-0.476685,0.198853,0.867554
0.414795,-0.273193,0.986572
-0.497681,-0.097656,0.714233
0.078735,0.076660,1.004150
0.075073,-0.404053,0.809082
-0.543701,0.190308,0.836914
0.445435,-0.251587,1.011353
-0.393433,-0.137939,0.751953
-0.010498,0.178223,1.012939
0.139282,-0.382690,0.830688
-0.573975,0.128540,0.789795
0.432007,-0.225098,1.006714
-0.318604,-0.244629,0.716309
-0.057861,0.164185,0.986450
0.223389,-0.385254,0.857788
-0.626465,0.136597,0.773193
0.423950,-0.226074,0.999634
-0.233521,-0.310547,0.732666
-0.130249,0.154053,0.964722
0.285034,-0.373657,0.886108
-0.632324,0.158447,0.754395
0.389771,-0.155884,1.007446
-0.166504,-0.357056,0.731079
-0.234497,0.147949,0.916504
0.345947,-0.377686,0.913574
-0.602905,0.082886,0.743286
0.350098,-0.081177,1.024536
-0.126465,-0.347168,0.722656
-0.301270,0.186279,0.893921
0.377808,-0.374756,0.931152
-0.589844,0.019775,0.723145
0.296875,-0.041260,1.010986
-0.097290,-0.362427,0.730103
-0.368286,0.209839,0.888672
0.401855,-0.346069,0.938354
-0.559082,-0.041992,0.710205
0.213623,-0.020630,0.997070
-0.039307,-0.407104,0.750610
-0.446045,0.199707,0.857666
0.443359,-0.308838,0.968628
-0.513306,-0.050415,0.720215
0.107422,0.093506,0.995117
0.040894,-0.411255,0.776245
-0.490723,0.190063,0.839966
0.426880,-0.246582,0.979980
-0.470215,-0.088867,0.723755
0.078735,0.098145,1.010010
0.087280,-0.387939,0.801636
-0.548950,0.195068,0.812500
0.458984,-0.247437,1.004883
-0.382202,-0.152710,0.747559
0.015869,0.146851,1.004272
0.139893,-0.383789,0.815796
-0.567261,0.180542,0.780029
0.454956,-0.216675,1.003906
-0.335327,-0.184814,0.748413
-0.031616,0.179321,1.005005
0.193604,-0.408447,0.831543
-0.584473,0.143311,0.773926
0.446167,-0.171265,1.016602
-0.274292,-0.205688,0.736694
-0.089722,0.198120,0.984009
0.264771,-0.408081,0.868286
-0.614624,0.120605,0.760742
0.423706,-0.168335,1.014282
-0.180176,-0.266968,0.754639
-0.156372,0.238525,0.959106
0.303101,-0.354370,0.882690
-0.605103,0.100342,0.747192
0.405396,-0.172974,1.011841
-0.128296,-0.342896,0.748169
-0.221924,0.208252,0.925781
0.346191,-0.343506,0.904053
-0.596680,0.083008,0.742188
0.356934,-0.085083,1.021606
-0.081055,-0.392822,0.729370
-0.266846,0.188721,0.901733
0.363159,-0.329102,0.914307
-0.572632,0.033569,0.734497
0.324829,-0.096680,1.004883
-0.041626,-0.399780,0.750488
-0.348022,0.195068,0.861938
0.399780,-0.291504,0.927246
-0.552368,-0.005249,0.711548
0.247925,-0.037109,0.990723
0.006836,-0.426636,0.767090
-0.392334,0.175659,0.835083
0.413208,-0.266113,0.939453
-0.511963,-0.021729,0.735107
0.169678,0.026367,1.003174
0.051514,-0.406982,0.783569
-0.453125,0.166748,0.826660
0.443359,-0.244263,0.971436
-0.462769,-0.050659,0.741089
0.104004,0.104248,1.013550
0.105225,-0.428101,0.793701
-0.512085,0.160400,0.804443
0.442871,-0.230469,0.990356
-0.401978,-0.117920,0.743286
0.032471,0.154785,1.014160
0.186401,-0.412476,0.833008
-0.572632,0.166260,0.787842
0.442139,-0.228882,0.986084
-0.301514,-0.171509,0.771240
-0.061523,0.158569,0.978027
0.245483,-0.396851,0.873047
-0.579224,0.114014,0.753418
0.425781,-0.162109,1.011353
-0.190430,-0.250000,0.775269
-0.127197,0.196411,0.960449
0.317383,-0.390381,0.900024
-0.588013,0.085571,0.751343
0.400635,-0.124023,1.029053
-0.109863,-0.361206,0.751343
-0.206421,0.202393,0.936157
0.365112,-0.381836,0.907471
-0.573486,0.069458,0.761230
0.350464,-0.097290,1.008789
-0.048096,-0.392212,0.751465
-0.277222,0.204468,0.887939
0.384277,-0.308716,0.926270
-0.536743,-0.020386,0.737671
0.284912,-0.062744,1.003296
-0.012695,-0.451782,0.737793
-0.341553,0.157959,0.845337
0.420654,-0.304077,0.953247
-0.505249,0.011719,0.768066
0.193115,0.006714,1.000244
0.036865,-0.421997,0.771240
-0.419434,0.125000,0.811646
0.451904,-0.281006,0.978882
-0.466553,-0.065430,0.750610
0.119507,0.108521,1.015869
0.099609,-0.421875,0.787598
-0.475342,0.126709,0.792114
0.454346,-0.264648,0.998535
-0.401855,-0.141479,0.757446
0.048462,0.149292,1.022339
0.158325,-0.420166,0.817993
-0.542480,0.115479,0.771973
0.455933,-0.261353,0.996582
-0.328613,-0.205322,0.758179
-0.015503,0.210571,1.022339
0.221191,-0.380737,0.861450
-0.565308,0.107056,0.750366
0.451660,-0.266724,0.993408
-0.264771,-0.251221,0.770752
-0.072266,0.171997,0.992188
0.282715,-0.417847,0.883911
-0.586182,0.105225,0.745728
0.426880,-0.177612,1.010986
-0.166138,-0.264038,0.795166
-0.133179,0.175293,0.961914
0.300659,-0.427368,0.888306
-0.574219,0.054810,0.743408
0.422607,-0.141846,1.042358
-0.110718,-0.309937,0.777588
-0.210083,0.230591,0.951172
0.359497,-0.412354,0.909912
-0.531372,-0.003418,0.766113
0.391113,-0.143311,1.036499
-0.092285,-0.332031,0.775757
-0.233521,0.210327,0.929321
0.385376,-0.357422,0.937988
-0.538208,-0.027100,0.748535
0.332886,-0.113403,1.012085
-0.026489,-0.420898,0.761719
-0.259399,0.171631,0.900024
0.408813,-0.372192,0.926514
-0.547729,-0.014771,0.739014
0.286987,-0.110229,0.990356
0.041992,-0.452881,0.774048
-0.322021,0.151978,0.859497
0.425903,-0.323486,0.959595
-0.508545,-0.063843,0.736938
0.237793,-0.065674,0.993164
0.068848,-0.450806,0.772705
-0.376221,0.116821,0.824463
0.455200,-0.308594,0.975098
-0.471191,-0.063599,0.756836
0.141113,0.009888,0.983154
0.116211,-0.503296,0.773071
-0.429199,0.105225,0.800171
0.458496,-0.262085,0.993530
-0.404663,-0.137573,0.763306
0.046997,0.090576,0.998169
0.190918,-0.511230,0.810791
-0.480957,0.063843,0.777954
0.466187,-0.240601,1.021484
-0.340332,-0.175415,0.757446
-0.025757,0.152466,1.009521
0.269043,-0.469238,0.870605
-0.523071,0.032837,0.751099
0.399902,-0.166992,1.015137
-0.223999,-0.274170,0.784912
-0.098755,0.196411,1.004150
0.306885,-0.394897,0.906982
-0.557861,0.051392,0.751953
0.352783,-0.146118,0.989624
-0.022949,-0.412842,0.779907
-0.274414,0.167114,0.883301
0.392090,-0.306885,0.940918
-0.525391,0.004639,0.740845
0.271973,-0.054199,0.994263
0.014648,-0.411621,0.776123
-0.348389,0.136230,0.848145
0.434204,-0.321045,0.953247
-0.493530,-0.016357,0.752441
0.174438,0.038696,1.004761
0.051514,-0.424561,0.773682
-0.407104,0.097534,0.823120
0.461914,-0.320801,0.975464
-0.453735,-0.088623,0.763428
0.098999,0.115845,1.015137
0.107910,-0.418823,0.791748
-0.457764,0.101807,0.783325
0.460205,-0.266479,1.001831
-0.412354,-0.164551,0.744629
0.046509,0.087402,1.008911
0.188477,-0.476074,0.826172
-0.524414,0.108032,0.763916
0.453735,-0.234009,0.997559
-0.322754,-0.161255,0.760742
-0.041504,0.151001,0.995850
0.258057,-0.471802,0.857788
-0.536377,0.057983,0.751099
0.423462,-0.186157,1.015625
-0.242554,-0.195557,0.771606
-0.101685,0.171143,0.981567
0.310059,-0.448608,0.895630
-0.546143,0.032837,0.755005
0.407959,-0.149658,1.030029
-0.130981,-0.287231,0.775513
-0.171143,0.184448,0.965210
0.363403,-0.421997,0.924072
-0.548584,0.001221,0.753052
0.359619,-0.128662,1.017212
-0.022949,-0.396973,0.784424
-0.266846,0.193848,0.926147
0.404297,-0.387085,0.935791
-0.528687,-0.018799,0.766235
0.288086,-0.101929,0.986694
0.054443,-0.444458,0.787476
-0.327881,0.135864,0.861572
0.451050,-0.344971,0.962891
-0.506714,-0.057251,0.766235
0.191650,-0.040527,0.979126
0.088013,-0.466187,0.779541
-0.386475,0.100464,0.821167
0.462891,-0.292847,0.996216
-0.454712,-0.146729,0.728149
0.111206,0.059692,1.013916
0.149902,-0.473633,0.809448
-0.455811,0.066895,0.791626
0.493896,-0.305786,1.013550
-0.390259,-0.168701,0.749512
0.001099,0.142944,0.992798
0.254150,-0.457275,0.861450
-0.490845,0.027588,0.761475
0.466431,-0.247559,1.043701
-0.306274,-0.243164,0.748535
-0.048584,0.180176,1.016968
0.300903,-0.459106,0.895630
-0.540039,0.052002,0.762207
0.445801,-0.226562,1.034302
-0.187378,-0.280884,0.804199
-0.119507,0.194092,1.002441
0.328369,-0.451660,0.904541
-0.531372,0.026123,0.769287
0.428467,-0.176758,1.055664
-0.131836,-0.298950,0.793701
-0.183838,0.227539,0.991455
0.366211,-0.403931,0.937134
-0.506958,-0.043823,0.770142
0.404541,-0.166870,1.052490
-0.078735,-0.342651,0.802612
-0.211304,0.199219,0.966797
0.401978,-0.407593,0.946045
-0.497803,-0.073364,0.760132
0.378296,-0.154907,1.055298
-0.017456,-0.399292,0.807861
-0.233765,0.175659,0.943359
0.422974,-0.351196,0.961426
-0.496582,-0.068237,0.772583
0.346680,-0.135376,1.039673
0.037964,-0.444214,0.809692
-0.266113,0.155396,0.925537
0.437866,-0.328247,0.984375
-0.479736,-0.081055,0.757690
0.293579,-0.110596,1.020142
0.088379,-0.477417,0.823120
-0.289062,0.111694,0.907471
0.456543,-0.307251,1.009888
-0.480713,-0.083496,0.757812
0.239624,-0.052856,1.025391
0.117310,-0.486084,0.830444
-0.329346,0.104126,0.901245
0.471924,-0.276001,1.030518
-0.442505,-0.092041,0.758179
0.196777,-0.001221,1.039917
0.141602,-0.428711,0.871094
-0.353027,0.067993,0.894897
0.492432,-0.276978,1.058472
-0.437866,-0.080688,0.757568
0.141968,0.072632,1.040283
0.209351,-0.468140,0.878662
-0.384521,0.087280,0.891846
0.498779,-0.281372,1.052368
-0.398804,-0.141846,0.767578
0.113770,0.076294,1.032471
0.232300,-0.480957,0.893677
-0.402344,0.050537,0.858521
0.520752,-0.259644,1.082520
-0.356934,-0.186401,0.768066
0.063843,0.109497,1.036011
0.267090,-0.491943,0.894165
-0.413330,0.033691,0.836182
0.509766,-0.247070,1.075562
-0.318604,-0.190674,0.792603
0.036743,0.126831,1.034790
0.307739,-0.502075,0.916992
-0.440186,-0.000610,0.800537
0.507324,-0.209229,1.093018
-0.261353,-0.226196,0.800659
-0.005005,0.178101,1.054810
0.337646,-0.489746,0.921753
-0.449707,0.004395,0.821533
0.503052,-0.221313,1.094360
-0.213013,-0.224243,0.821899
-0.052490,0.209595,1.057373
0.375977,-0.444946,0.947388
-0.480103,-0.001953,0.799072
0.475220,-0.178955,1.105591
-0.117798,-0.274170,0.843628
-0.095581,0.222534,1.060425
0.389038,-0.417847,0.966187
-0.475952,-0.049194,0.785645
0.461792,-0.172485,1.111816
-0.025391,-0.322266,0.863892
-0.142212,0.222290,1.051270
0.430420,-0.391235,0.996216
-0.485474,-0.057617,0.784668
0.424683,-0.157715,1.102051
0.043823,-0.388062,0.868652
-0.182251,0.229370,1.040649
0.470825,-0.342896,1.029907
-0.451660,-0.076172,0.793457
0.388550,-0.094238,1.110718
0.078857,-0.410889,0.877686
-0.223999,0.191895,1.013184
0.494507,-0.300415,1.066528
-0.438110,-0.098999,0.789307
0.338135,-0.072754,1.095703
0.112915,-0.404175,0.899414
-0.288330,0.152100,0.962158
0.519409,-0.268433,1.094971
-0.399048,-0.104248,0.805420
0.274414,0.002075,1.108887
0.161743,-0.461060,0.895752
-0.328613,0.132324,0.953857
0.548950,-0.253418,1.121948
-0.368774,-0.130371,0.803711
0.197266,0.063599,1.098389
0.235352,-0.461792,0.919556
-0.372192,0.101196,0.903198
0.566040,-0.252197,1.119263
-0.294800,-0.192383,0.827148
0.119019,0.138794,1.097900
0.294800,-0.429321,0.945679
-0.410522,0.055542,0.864380
0.554810,-0.233521,1.129761
-0.240234,-0.257080,0.833862
0.055908,0.154175,1.093506
0.359985,-0.421265,0.976440
-0.453735,0.080688,0.848389
0.540527,-0.204224,1.130127
-0.158081,-0.248901,0.871948
-0.016235,0.192993,1.081665
0.399170,-0.380249,1.007568
-0.450073,0.020508,0.832153
0.521362,-0.162964,1.148193
-0.093994,-0.277466,0.878052
-0.082031,0.206421,1.082397
0.442017,-0.369629,1.031494
-0.433716,-0.036499,0.825195
0.498535,-0.118286,1.163574
-0.005737,-0.306885,0.896729
-0.131592,0.233032,1.072998
0.488525,-0.334106,1.063843
-0.443726,-0.056152,0.834839
0.438599,-0.103394,1.163330
0.039185,-0.395142,0.880127
-0.184448,0.208984,1.047241
0.504639,-0.260010,1.094482
-0.407349,-0.093262,0.813599
0.382202,-0.057739,1.148682
0.110718,-0.435669,0.908569
-0.265381,0.163818,0.996704
0.536133,-0.253174,1.126465
-0.382690,-0.129395,0.815063
0.287964,0.041992,1.139893
0.190674,-0.440186,0.939331
-0.314575,0.110840,0.990479
0.563110,-0.244995,1.160400
-0.355835,-0.198975,0.799194
0.218384,0.119873,1.138306
0.263794,-0.435913,0.953857
-0.346313,0.112793,0.941284
0.554199,-0.216064,1.158447
-0.304810,-0.249512,0.805420
0.166626,0.095337,1.121948
0.305786,-0.425049,0.976440
-0.394409,0.122314,0.896729
0.554443,-0.183350,1.150146
-0.257324,-0.233643,0.837402
0.104980,0.122437,1.114014
0.346313,-0.433228,0.988770
-0.410645,0.098633,0.897217
0.562500,-0.159424,1.175171
-0.220093,-0.236084,0.839844
0.040894,0.186890,1.119995
0.384521,-0.451538,0.989136
-0.432739,0.050049,0.884277
0.551636,-0.156860,1.175537
-0.168213,-0.246826,0.857178
-0.024780,0.197144,1.092163
0.425293,-0.395386,1.026367
-0.436279,-0.005981,0.851807
0.525513,-0.131958,1.171509
-0.054810,-0.289429,0.893311
-0.086548,0.203491,1.078247
0.436401,-0.356323,1.031250
-0.426880,-0.073486,0.832886
0.510620,-0.132568,1.187012
-0.019043,-0.323486,0.872559
-0.160889,0.216797,1.067993
0.475830,-0.318604,1.069458
-0.460571,-0.067749,0.815063
0.462524,-0.093140,1.185425
0.031494,-0.320801,0.907715
-0.220947,0.216675,1.026611
0.496582,-0.280396,1.087402
-0.424438,-0.125977,0.811768
0.375488,-0.059570,1.160278
0.079712,-0.374634,0.908203
-0.266357,0.213745,1.023315
0.540283,-0.276733,1.114136
-0.412231,-0.115967,0.800293
0.287964,-0.020996,1.127930
0.157349,-0.426636,0.933960
-0.297729,0.146118,0.964478
0.544556,-0.242554,1.126343
-0.376831,-0.142334,0.795654
0.242310,0.041748,1.139038
0.218750,-0.459229,0.936890
-0.366333,0.139526,0.941895
0.549072,-0.256958,1.111816
-0.339600,-0.177979,0.803345
0.173950,0.112183,1.141968
0.258667,-0.431519,0.950806
-0.410522,0.122559,0.927124
0.551392,-0.240601,1.117432
-0.302734,-0.195435,0.824463
0.118042,0.124756,1.118652
0.289673,-0.420288,0.966064
-0.425537,0.098755,0.892090
0.545410,-0.203125,1.126099
-0.283325,-0.213745,0.815063
0.066650,0.130005,1.102905
0.310181,-0.421265,0.954468
-0.427979,0.074097,0.887573
0.543213,-0.171021,1.145264
-0.235840,-0.260620,0.827881
0.011963,0.140381,1.083130
0.324585,-0.424194,0.951294
-0.443115,0.041870,0.858154
0.543213,-0.183472,1.139893
-0.173828,-0.263672,0.828735
-0.033447,0.176880,1.076172
0.346436,-0.401489,0.961548
-0.458862,-0.004761,0.831909
0.525635,-0.170776,1.161621
-0.140259,-0.314819,0.818604
-0.071289,0.178467,1.051025
0.370117,-0.375000,0.963867
-0.490601,-0.003296,0.805908
0.520386,-0.216187,1.152344
-0.111450,-0.348877,0.812012
-0.136963,0.203979,1.036377
0.386597,-0.359619,0.970459
-0.487915,-0.020142,0.813232
0.481323,-0.202759,1.136719
-0.097046,-0.334106,0.820923
-0.181519,0.198730,1.029297
0.408203,-0.321045,1.005371
-0.481689,-0.054688,0.790894
0.433350,-0.129395,1.150635
-0.085938,-0.353760,0.816895
-0.255493,0.189331,0.993774
0.451294,-0.346802,1.021240
-0.472412,-0.061401,0.786377
0.377197,-0.099487,1.120972
-0.046631,-0.347290,0.832153
-0.273071,0.185669,0.964111
0.447021,-0.286011,1.043213
-0.468506,-0.100464,0.760986
0.310669,-0.044312,1.121216
0.016113,-0.371948,0.849854
-0.341309,0.165649,0.936890
0.476929,-0.284302,1.049072
-0.453491,-0.146484,0.748047
0.248291,-0.022705,1.100098
0.073364,-0.383545,0.870361
-0.402710,0.163574,0.914185
0.486816,-0.266235,1.060303
-0.420410,-0.147217,0.768311
0.167725,0.051025,1.078979
0.142212,-0.413940,0.876709
-0.452148,0.125732,0.862671
0.483765,-0.251343,1.066284
-0.368408,-0.225342,0.761353
0.090698,0.098145,1.073242
0.191772,-0.421997,0.884277
-0.481323,0.098755,0.847900
0.491089,-0.229248,1.071167
-0.326904,-0.205200,0.774170
0.014160,0.113647,1.039917
0.231323,-0.423706,0.898926
-0.504517,0.048950,0.818604
0.490601,-0.223022,1.078125
-0.267700,-0.249634,0.761841
-0.039062,0.121948,1.022217
0.265625,-0.393311,0.900024
-0.527954,0.046875,0.801880
0.473267,-0.222656,1.082275
-0.219482,-0.337524,0.745972
-0.108032,0.150269,0.992310
0.301880,-0.410034,0.891235
-0.535522,0.045776,0.796631
0.449341,-0.206177,1.067017
-0.199829,-0.319824,0.751221
-0.156128,0.150757,0.986816
0.343994,-0.373047,0.935913
-0.539429,0.015747,0.781250
0.388672,-0.136597,1.076294
-0.177734,-0.353149,0.753174
-0.235229,0.152710,0.967896
0.376343,-0.375854,0.962402
-0.545288,-0.040894,0.752930
0.358154,-0.097290,1.081299
-0.134399,-0.313354,0.763550
-0.316406,0.181274,0.929688
0.385742,-0.367554,0.966919
-0.527466,-0.097778,0.744995
0.322266,-0.092041,1.075928
-0.088135,-0.344604,0.771484
-0.393066,0.221680,0.899292
0.416992,-0.349731,0.972900
-0.505859,-0.123657,0.730469
0.254517,-0.081543,1.057617
-0.027344,-0.364258,0.805786
-0.462158,0.213867,0.877075
0.443604,-0.322388,0.993774
-0.474487,-0.146606,0.733887
0.152466,0.004395,1.035156
0.062866,-0.394287,0.825562
-0.499634,0.176880,0.845337
0.448120,-0.293091,1.007080
-0.431274,-0.151611,0.754761
0.059326,0.064941,1.031616
0.136719,-0.401489,0.845825
-0.533691,0.151123,0.826416
0.446045,-0.264160,1.008545
-0.363770,-0.211914,0.741943
-0.012817,0.123657,1.013794
0.193970,-0.409424,0.855591
-0.565308,0.107300,0.803589
0.438354,-0.235229,1.018311
-0.296509,-0.275146,0.721313
-0.085693,0.147339,0.983154
0.241577,-0.395630,0.875122
-0.583252,0.062378,0.769775
0.434082,-0.213867,1.038330
-0.248901,-0.316528,0.712036
-0.153320,0.162476,0.957031
0.276733,-0.369629,0.883301
-0.577393,0.033936,0.754517
0.419678,-0.193848,1.049927
-0.232788,-0.342773,0.701538
-0.212036,0.146973,0.944092
0.332764,-0.393188,0.904419
-0.596313,0.041138,0.747803
0.376587,-0.152832,1.041992
-0.184692,-0.342041,0.725098
-0.275391,0.169800,0.920776
0.349731,-0.375000,0.911743
-0.598755,0.038574,0.739624
0.340210,-0.139282,1.031372
-0.140747,-0.369629,0.742065
-0.322388,0.171875,0.895630
0.362305,-0.332397,0.942505
-0.586548,-0.017212,0.718872
0.287598,-0.105957,1.020752
-0.087891,-0.400146,0.748535
-0.370850,0.199829,0.892334
0.375244,-0.317261,0.940796
-0.563843,-0.018066,0.709106
0.232300,-0.063843,1.008667
-0.052612,-0.382080,0.781006
-0.423096,0.183960,0.882568
0.411255,-0.294434,0.975464
-0.565918,-0.050049,0.683105
0.152466,0.032104,1.002930
0.009155,-0.414429,0.791504
-0.464966,0.161987,0.864746
0.413940,-0.272461,0.983154
-0.528320,-0.065552,0.698242
0.094482,0.092896,1.006836
0.053345,-0.410400,0.795898
-0.512939,0.158936,0.839600
0.440308,-0.274902,0.996094
-0.489014,-0.068359,0.710938
0.030396,0.165039,1.008667
0.126465,-0.392456,0.832520
-0.529785,0.132324,0.839722
0.407593,-0.223511,1.001587
-0.417847,-0.141724,0.712891
0.014771,0.174438,1.010498
0.160034,-0.414307,0.828735
-0.585205,0.139282,0.797974
0.424072,-0.231934,1.002686
-0.336548,-0.232544,0.713989
-0.027832,0.186890,0.991821
0.185547,-0.380371,0.831543
-0.604248,0.142334,0.774780
0.438477,-0.249390,1.008179
-0.276245,-0.291748,0.724976
-0.077881,0.183838,0.981934
0.207520,-0.372192,0.842163
-0.608032,0.129272,0.760376
0.444580,-0.224121,1.013184
-0.226685,-0.301880,0.729492
-0.115356,0.196289,0.969360
0.247192,-0.369507,0.862793
-0.630127,0.151978,0.768921
0.427612,-0.240601,0.996460
-0.207642,-0.348145,0.728027
-0.145508,0.184448,0.958130
0.273560,-0.343018,0.886475
-0.628784,0.132812,0.750244
0.419556,-0.211914,1.012817
-0.172241,-0.383789,0.730591
-0.184082,0.187500,0.939575
0.307983,-0.356567,0.887573
-0.632935,0.128906,0.735229
0.407349,-0.184814,1.015625
-0.138428,-0.360962,0.754517
-0.226929,0.171753,0.905029
0.325195,-0.343018,0.881836
-0.603516,0.105957,0.728516
0.390381,-0.145874,1.006226
-0.115601,-0.349976,0.737549
-0.287109,0.204956,0.893921
0.360962,-0.364990,0.906128
-0.597778,0.054810,0.734863
0.355103,-0.108521,1.014160
-0.111328,-0.362183,0.728027
-0.302124,0.221680,0.900757
0.378052,-0.347656,0.913818
-0.580566,0.008423,0.725342
0.303711,-0.091675,0.997681
-0.081055,-0.380493,0.736694
-0.332275,0.193970,0.865967
0.402222,-0.304688,0.936157
-0.557617,0.011353,0.727173
0.234741,-0.041016,0.982666
-0.035034,-0.412720,0.744141
-0.388184,0.195435,0.857300
0.417114,-0.310059,0.934937
-0.528564,-0.010010,0.736816
0.179443,0.036011,0.991577
0.018311,-0.406860,0.774414
-0.435547,0.187134,0.839478
0.414429,-0.266968,0.962769
-0.509766,-0.073486,0.729004
0.153809,0.037720,1.012573
0.056030,-0.393677,0.799927
-0.500610,0.205444,0.825073
0.445312,-0.242554,0.979004
-0.423096,-0.086670,0.762695
0.080322,0.119385,1.016846
0.102295,-0.397217,0.810181
-0.554321,0.169067,0.797974
0.469849,-0.246094,0.995361
-0.378906,-0.129028,0.756104
0.001465,0.197510,1.009888
0.179565,-0.404297,0.831299
-0.560425,0.139404,0.776001
0.439209,-0.221313,0.992065
-0.293213,-0.196411,0.752441
-0.046265,0.212036,1.001465
0.237183,-0.390869,0.857300
-0.584839,0.134155,0.772095
0.435547,-0.210938,0.994385
-0.232056,-0.255371,0.758667
-0.098877,0.209839,0.978149
0.267822,-0.344482,0.888550
-0.585815,0.084839,0.750366
0.435303,-0.173462,1.032959
-0.174194,-0.310181,0.743164
-0.162231,0.211182,0.952759
0.337769,-0.367920,0.905273
-0.596924,0.116089,0.750854
0.405396,-0.153809,1.002686
-0.123291,-0.326294,0.761841
-0.211548,0.207275,0.929932
0.377563,-0.364746,0.910156
-0.584351,0.091919,0.762573
0.355347,-0.103271,1.006226
-0.057617,-0.370728,0.762573
-0.273804,0.207886,0.897461
0.384644,-0.350952,0.919067
-0.552124,0.025146,0.744995
0.310669,-0.052490,1.011597
-0.027100,-0.384766,0.752686
-0.319580,0.177246,0.858276
0.396606,-0.331665,0.933350
-0.541138,-0.035156,0.730957
0.281738,-0.067871,0.998291
0.020264,-0.409546,0.759888
-0.402954,0.209229,0.832275
0.430542,-0.299805,0.950684
-0.506836,-0.074463,0.733887
0.204468,-0.016846,1.003662
0.060669,-0.440674,0.781372
-0.421387,0.172119,0.819092
0.431030,-0.248169,0.966431
-0.480347,-0.080078,0.740234
0.144897,0.022949,1.008545
0.106201,-0.477661,0.785278
-0.471313,0.164673,0.797729
0.446045,-0.217529,0.981201
-0.445190,-0.054688,0.752441
0.079712,0.067383,0.995605
0.156738,-0.469727,0.813721
-0.515015,0.115356,0.783569
0.450073,-0.200439,1.001587
-0.379761,-0.132690,0.742676
-0.003540,0.135132,0.996582
0.229736,-0.486084,0.833740
-0.540894,0.090088,0.772095
0.446045,-0.206787,1.007202
-0.295044,-0.164429,0.762207
-0.082031,0.199951,0.989014
0.279297,-0.476929,0.866943
-0.554077,0.043823,0.741699
0.444092,-0.181030,1.031860
-0.195435,-0.220825,0.779663
-0.149658,0.229004,0.970459
0.321655,-0.412231,0.895996
-0.566895,0.024048,0.750732
0.414307,-0.185791,1.032471
-0.122681,-0.314697,0.776489
-0.173340,0.214600,0.960815
0.345215,-0.333496,0.922729
-0.580566,0.027588,0.743408
0.372681,-0.186646,1.009644
-0.036133,-0.402954,0.785522
-0.251831,0.199707,0.912109
0.381226,-0.304077,0.944702
-0.544312,-0.033936,0.733154
0.331543,-0.160034,0.996582
0.012939,-0.432251,0.788818
-0.317749,0.181519,0.873291
0.412964,-0.288574,0.947754
-0.511108,-0.033569,0.742920
0.249756,-0.089233,0.985107
0.064697,-0.468628,0.789062
-0.383301,0.123413,0.829468
0.449707,-0.311401,0.975098
-0.483887,-0.064331,0.738037
0.171021,-0.005127,1.004395
0.103149,-0.473755,0.800781
-0.430420,0.113403,0.808350
0.460083,-0.284302,0.988892
-0.427856,-0.104736,0.754150
0.099121,0.103271,1.024048
0.142090,-0.442871,0.821167
-0.479858,0.072388,0.785400
0.466064,-0.277588,1.007446
-0.380127,-0.164673,0.750122
0.027222,0.161499,1.034180
0.213013,-0.453247,0.843140
-0.512451,0.062378,0.765015
0.470093,-0.274902,1.013916
-0.302734,-0.209839,0.777466
-0.044189,0.191528,1.024414
0.272705,-0.461548,0.869385
-0.531982,0.035156,0.742920
0.457031,-0.249756,1.029419
-0.221558,-0.272095,0.786255
-0.101196,0.209717,1.011841
0.299927,-0.414917,0.894165
-0.536499,0.018188,0.747559
0.426880,-0.214966,1.026978
-0.144531,-0.311035,0.799805
-0.153320,0.192871,0.979004
0.350952,-0.408447,0.919922
-0.534668,0.009033,0.755981
0.399292,-0.180908,1.038574
-0.075317,-0.369629,0.792969
-0.178955,0.162598,0.965576
0.372070,-0.373901,0.935791
-0.528687,-0.000610,0.761963
0.371826,-0.168823,1.028198
-0.006104,-0.438477,0.801270
-0.239258,0.166382,0.937622
0.419067,-0.364136,0.960449
-0.508301,-0.016724,0.758545
0.313599,-0.107910,1.018555
0.049438,-0.465088,0.798950
-0.287598,0.148926,0.903442
0.444702,-0.354492,0.970581
-0.480835,-0.085938,0.758423
0.275146,-0.063965,1.030029
0.072632,-0.458130,0.798950
-0.335693,0.123657,0.883057
0.468262,-0.350464,0.994873
-0.456787,-0.141846,0.750366
0.229614,-0.044434,1.027466
0.098877,-0.431763,0.807007
-0.392212,0.136963,0.851562
0.487183,-0.303589,1.017212
-0.410034,-0.189575,0.754639
0.159058,-0.007935,1.024536
0.143555,-0.453125,0.834229
-0.427490,0.114746,0.829224
0.503052,-0.284546,1.028198
-0.377808,-0.165161,0.764282
0.092163,0.062744,1.031250
0.241577,-0.473389,0.877686
-0.448486,0.057129,0.795532
0.480835,-0.240234,1.042236
-0.305420,-0.219116,0.785156
0.018188,0.112549,1.041748
0.298584,-0.497314,0.893311
-0.477051,0.043701,0.781494
0.482178,-0.211914,1.067871
-0.231812,-0.229614,0.801025
-0.073853,0.182983,1.036133
0.334595,-0.472778,0.910400
-0.489258,0.006104,0.788696
0.467163,-0.192139,1.091064
-0.142334,-0.276123,0.823975
-0.144287,0.237183,1.023682
0.389771,-0.429321,0.945679
-0.474731,-0.061646,0.786011
0.420654,-0.183838,1.063965
-0.036743,-0.331909,0.843994
-0.205811,0.224121,1.005493
0.433472,-0.393555,0.980835
-0.456177,-0.118286,0.785400
0.370850,-0.116455,1.092773
0.053955,-0.416138,0.843750
-0.247559,0.192261,0.961060
0.467651,-0.322388,1.020020
-0.423584,-0.117432,0.787476
0.301147,-0.079102,1.060425
0.106689,-0.421143,0.843506
-0.286377,0.157715,0.943359
0.492798,-0.293579,1.044556
-0.416626,-0.126709,0.783447
0.229248,0.002197,1.072510
0.164185,-0.459595,0.878784
-0.465454,0.007202,0.771484
0.483398,-0.268677,1.043579
-0.317993,-0.220215,0.763306
-0.036621,0.155518,1.009888
0.286377,-0.489258,0.869995
-0.509277,0.002808,0.752808
0.471558,-0.237427,1.059937
-0.197632,-0.260254,0.811279
-0.113281,0.203613,1.006226
0.337158,-0.430054,0.911255
-0.532959,0.025391,0.767822
0.438599,-0.223633,1.058350
-0.099731,-0.323853,0.827881
-0.146484,0.218506,1.020630
0.343018,-0.382202,0.932129
-0.514526,-0.012085,0.771362
0.421021,-0.189697,1.057495
-0.039551,-0.379272,0.818237
-0.188599,0.183838,0.990112
0.399658,-0.377441,0.965332
-0.523804,-0.016968,0.754761
0.370361,-0.167236,1.029297
0.039429,-0.438477,0.832397
-0.212280,0.140015,0.964478
0.437134,-0.341797,0.987061
-0.498535,-0.021240,0.745605
0.314087,-0.062744,1.049561
0.078735,-0.410278,0.850708
-0.254517,0.116455,0.951782
0.470337,-0.359741,1.010010
-0.466309,-0.098267,0.756958
0.269165,-0.035767,1.043213
0.100708,-0.447144,0.828247
-0.316162,0.149902,0.916992
0.502441,-0.312256,1.039185
-0.414795,-0.123291,0.776978
0.214722,0.008911,1.054199
0.105103,-0.427490,0.843994
-0.339111,0.097046,0.899048
0.533569,-0.313110,1.075684
-0.426025,-0.145264,0.754272
0.173828,0.049072,1.054688
0.189209,-0.445312,0.877197
-0.386230,0.105103,0.896973
0.523804,-0.289795,1.070190
-0.393311,-0.152466,0.780151
0.130371,0.046387,1.049805
0.254639,-0.484985,0.898560
-0.398193,0.069336,0.857056
0.511841,-0.242188,1.069458
-0.338745,-0.180664,0.785522
0.098145,0.060791,1.052246
0.287842,-0.483765,0.917725
-0.426636,0.047363,0.821533
0.519531,-0.218140,1.087280
-0.281982,-0.199463,0.812378
0.031738,0.135742,1.059326
0.334473,-0.496826,0.928467
-0.450317,0.033813,0.815674
0.499878,-0.182495,1.106079
-0.208130,-0.219238,0.848999
-0.026855,0.170288,1.057007
0.365601,-0.455566,0.956299
-0.465820,0.014526,0.818481
0.489258,-0.161377,1.110596
-0.144287,-0.241821,0.857666
-0.072144,0.198120,1.053345
0.409790,-0.417603,0.987671
-0.473633,-0.033691,0.798828
0.470825,-0.159180,1.118530
-0.047852,-0.311890,0.865967
-0.120605,0.217773,1.060913
0.433838,-0.350342,1.011230
-0.465332,-0.012451,0.812866
0.440552,-0.154663,1.117920
0.020752,-0.397217,0.856934
-0.161133,0.188110,1.030518
0.472534,-0.312256,1.042969
-0.442139,-0.038818,0.802002
0.372681,-0.077637,1.107544
0.055420,-0.460693,0.858521
-0.181641,0.117065,1.023682
0.526123,-0.314331,1.092773
-0.455322,-0.007935,0.796265
0.315918,-0.012573,1.099487
0.106445,-0.424316,0.891113
-0.236450,0.112305,1.002930
0.570557,-0.296143,1.124634
-0.410156,-0.103516,0.808228
0.245483,0.079956,1.100220
0.161499,-0.399536,0.911011
-0.311768,0.070679,0.948608
0.593384,-0.304199,1.158447
-0.355957,-0.193604,0.818359
0.182861,0.121704,1.106201
0.223999,-0.433472,0.906494
-0.348267,0.072388,0.920654
0.589478,-0.292114,1.151611
-0.313110,-0.203857,0.823730
0.140747,0.127075,1.093140
0.281494,-0.421021,0.946411
-0.391968,0.053711,0.879883
0.572754,-0.269409,1.139648
-0.248047,-0.269287,0.833862
0.088745,0.175537,1.120850
0.326538,-0.407227,0.960205
-0.428467,0.061646,0.849854
0.566772,-0.262695,1.135376
-0.188232,-0.294678,0.865479
0.041992,0.160645,1.104004
0.378418,-0.378052,1.009888
-0.449463,0.069946,0.846558
0.543823,-0.185791,1.150757
-0.133789,-0.276245,0.895386
-0.013916,0.177612,1.107422
0.402710,-0.399414,1.006836
-0.433472,0.020874,0.842651
0.521484,-0.108887,1.166260
-0.039551,-0.287231,0.907593
-0.065430,0.198730,1.098877
0.412476,-0.375366,1.019775
-0.453125,-0.051514,0.819214
0.513916,-0.124878,1.185059
0.013428,-0.335205,0.892456
-0.131592,0.247559,1.094360
0.484375,-0.367432,1.045166
-0.448853,-0.062988,0.812622
0.432129,-0.091064,1.156860
0.024536,-0.354126,0.889160
-0.157837,0.217529,1.086304
0.520142,-0.282104,1.103271
-0.449585,-0.039429,0.814209
0.394409,-0.057495,1.156616
0.090088,-0.425171,0.900879
-0.226807,0.156738,1.025391
0.531494,-0.252075,1.133057
-0.424194,-0.064453,0.803223
0.339722,-0.012939,1.141846
0.186157,-0.433228,0.935059
-0.311768,0.163086,0.979858
0.546631,-0.243408,1.137817
-0.333740,-0.187134,0.824097
0.235107,0.070557,1.142700
0.214478,-0.420166,0.949829
-0.363281,0.109985,0.929565
0.568970,-0.252686,1.143066
-0.290527,-0.217407,0.826050
0.164062,0.139038,1.145752
0.289307,-0.423462,0.964111
-0.414795,0.095825,0.895020
0.571289,-0.222168,1.150879
-0.233887,-0.233154,0.851685
0.096191,0.174683,1.134277
0.330688,-0.424927,0.971069
-0.446167,0.082397,0.876831
0.564209,-0.210205,1.147949
-0.190063,-0.269043,0.867310
0.041016,0.164551,1.111206
0.357422,-0.393188,0.986084
-0.432129,0.044678,0.863892
0.533936,-0.149170,1.161377
-0.121948,-0.301025,0.871582
-0.033569,0.167725,1.083618
0.394165,-0.377197,1.011353
-0.431152,0.000366,0.852417
0.517090,-0.126343,1.168457
-0.064331,-0.317017,0.867310
-0.086548,0.180542,1.084473
0.420288,-0.349365,1.027588
-0.441284,-0.038452,0.835083
0.479248,-0.101929,1.176392
-0.050659,-0.347412,0.837891
-0.136719,0.196777,1.068848
0.450195,-0.318970,1.044678
-0.472534,-0.018066,0.824097
0.455444,-0.111816,1.169312
-0.001953,-0.371460,0.858521
-0.202271,0.216797,1.051392
0.474365,-0.288574,1.070801
-0.451782,-0.054810,0.811401
0.398071,-0.075928,1.155151
0.033813,-0.348511,0.887085
-0.267334,0.195801,1.002686
0.509033,-0.280884,1.095947
-0.428955,-0.106812,0.786987
0.324829,-0.022827,1.146240
0.114380,-0.370850,0.908691
-0.346436,0.191650,0.956177
0.531494,-0.278687,1.095947
-0.388184,-0.181885,0.778687
0.225098,0.014648,1.111694
0.169312,-0.384399,0.921875
-0.386230,0.132080,0.915161
0.544434,-0.260132,1.106689
-0.348511,-0.194336,0.796143
0.145264,0.090942,1.106079
0.226196,-0.412720,0.925659
-0.418457,0.083130,0.890259
0.541504,-0.237305,1.116943
-0.307861,-0.210938,0.796997
0.066162,0.131592,1.087646
0.287476,-0.391724,0.944214
-0.455811,0.043823,0.852661
0.520264,-0.193970,1.126343
-0.185181,-0.298462,0.817505
-0.026611,0.146362,1.053833
0.325928,-0.369141,0.955322
-0.476562,0.005981,0.815430
0.495605,-0.184082,1.128662
-0.141968,-0.333008,0.798950
-0.089478,0.161011,1.049561
0.374390,-0.372192,0.969360
-0.502075,0.001587,0.798584
0.455688,-0.135376,1.124878
-0.115723,-0.329102,0.784790
-0.166260,0.183228,1.038086
0.407471,-0.342651,0.999268
-0.511475,-0.045288,0.780884
0.426636,-0.132446,1.131348
-0.079712,-0.352051,0.799927
-0.256592,0.210571,0.981689
0.453735,-0.338501,1.024658
-0.499390,-0.062256,0.778076
0.345947,-0.088745,1.109009
-0.011108,-0.344116,0.839722
-0.329834,0.201416,0.948730
0.470215,-0.302979,1.045166
-0.458130,-0.143921,0.755615
0.253296,-0.044434,1.096680
0.062134,-0.390259,0.853882
-0.408447,0.179443,0.905273
0.491821,-0.275024,1.062866
-0.410645,-0.147949,0.776367
0.140625,0.049072,1.071655
0.158081,-0.422241,0.873535
-0.464722,0.118286,0.860962
0.487183,-0.209595,1.081177
-0.335327,-0.203125,0.786743
0.024780,0.105225,1.048950
0.230835,-0.417847,0.890137
-0.509888,0.069336,0.818848
0.496338,-0.232178,1.077393
-0.217896,-0.309326,0.767822
-0.078979,0.138672,1.002075
0.295532,-0.367920,0.907715
-0.523926,0.011841,0.778320
0.450562,-0.196655,1.084839
-0.164673,-0.344604,0.759277
-0.190186,0.162476,0.994141
0.362915,-0.338501,0.955811
-0.563110,-0.008667,0.759644
0.373047,-0.137207,1.079224
-0.094849,-0.353638,0.792603
-0.298462,0.192017,0.963379
0.415283,-0.319946,0.998413
-0.548706,-0.060547,0.732788
0.267822,-0.076294,1.057861
-0.011230,-0.389526,0.817749
-0.392578,0.165161,0.903076
0.438965,-0.265137,1.029175
-0.471924,-0.138550,0.728027
0.144165,0.030273,1.046753
0.092163,-0.396484,0.858521
-0.485718,0.138916,0.856934
0.454102,-0.250854,1.036133
-0.418457,-0.178711,0.730225
0.044678,0.109863,1.043701
0.185791,-0.403320,0.877197
-0.536621,0.099609,0.828613
0.440186,-0.234741,1.028564
-0.300171,-0.249390,0.748413
-0.032593,0.149536,1.017334
0.219116,-0.397217,0.868530
-0.578369,0.079102,0.778809
0.469727,-0.265503,1.040405
-0.241211,-0.343506,0.719116
-0.123535,0.156128,0.983765
0.274170,-0.374390,0.878052
-0.570435,0.065430,0.768921
0.426270,-0.242310,1.037354
-0.210938,-0.349854,0.725708
-0.188477,0.148926,0.972412
0.318481,-0.387329,0.904907
-0.589600,0.029175,0.735352
0.395020,-0.173218,1.039673
-0.174072,-0.349976,0.733765
-0.237793,0.178833,0.966675
0.346558,-0.362793,0.913208
-0.589966,0.026123,0.743164
0.367432,-0.163086,1.036987
-0.148193,-0.363770,0.736816
-0.320435,0.171997,0.903198
0.376465,-0.351562,0.939941
-0.563843,-0.041382,0.727051
0.306519,-0.105103,1.032349
-0.105225,-0.380859,0.747437
-0.372925,0.188599,0.885010
0.395386,-0.349854,0.944946
-0.554932,-0.038818,0.743042
0.226807,-0.083984,1.024170
-0.063965,-0.428833,0.751587
-0.416138,0.196289,0.882446
0.420044,-0.305420,0.979370
-0.543945,-0.033691,0.727783
0.144653,-0.016235,1.005615
0.014771,-0.458618,0.780151
-0.464844,0.178711,0.867676
0.423828,-0.274658,0.979980
-0.518311,-0.070068,0.724854
0.084839,0.081665,1.022095
0.091553,-0.410645,0.822266
-0.520874,0.149536,0.842041
0.420288,-0.248779,1.000366
-0.442261,-0.127075,0.726685
0.020752,0.127808,1.015137
0.160278,-0.427979,0.837646
-0.574707,0.140137,0.801758
0.416748,-0.204590,1.009033
-0.341553,-0.207153,0.725952
-0.053223,0.145630,0.997803
0.227539,-0.392456,0.875000
-0.604492,0.101807,0.781250
0.407837,-0.201172,1.010742
-0.239502,-0.313721,0.701782
-0.157471,0.175293,0.952637
0.275391,-0.339233,0.902588
-0.613037,0.062012,0.734985
0.392334,-0.183716,1.028442
-0.175537,-0.375488,0.711060
-0.250854,0.184204,0.923828
0.336060,-0.332031,0.917480
-0.613770,0.033447,0.716797
0.342651,-0.136475,1.029175
-0.130615,-0.392700,0.725586
-0.330322,0.181641,0.899048
0.378418,-0.317749,0.937500
-0.591064,0.036621,0.718872
0.232788,-0.054932,0.999512
-0.036743,-0.420166,0.768188
-0.413574,0.202637,0.884888
0.394531,-0.284424,0.953003
-0.551636,-0.018677,0.705566
0.131226,0.039795,0.996582
0.037598,-0.403687,0.796875
-0.489380,0.168823,0.844727
0.418335,-0.273438,0.965210
-0.478760,-0.074219,0.728394
0.052368,0.126709,1.001831
0.124512,-0.407593,0.818481
-0.549438,0.171753,0.826782
0.425049,-0.213257,1.001465
-0.376465,-0.164062,0.734619
-0.020264,0.180176,1.000854
0.198730,-0.424072,0.841797
-0.586670,0.130249,0.790894
0.425903,-0.177490,1.016968
-0.272827,-0.266113,0.720093
-0.108887,0.198730,0.986938
0.250732,-0.379517,0.868530
-0.608032,0.119751,0.772827
0.410156,-0.181519,1.015259
-0.197998,-0.353394,0.710083
-0.178467,0.203125,0.951782
0.307617,-0.339233,0.889404
-0.606323,0.099976,0.746582
0.385132,-0.170288,1.007935
-0.131958,-0.388672,0.720337
-0.242065,0.195068,0.913818
0.346069,-0.324341,0.902466
-0.605469,0.092285,0.745850
0.341187,-0.156860,0.993286
-0.075562,-0.403809,0.747192
-0.319336,0.199463,0.884888
0.380371,-0.308105,0.927734
-0.566650,0.040283,0.726929
0.261841,-0.047363,0.996582
-0.027954,-0.418457,0.754883
-0.393799,0.193726,0.858765
0.410400,-0.275513,0.943726
-0.538452,0.009277,0.725220
0.174438,0.018677,0.998413
0.026123,-0.432251,0.773438
-0.470947,0.193359,0.837158
0.436646,-0.257812,0.964966
-0.478516,-0.078735,0.727051
0.086548,0.103149,1.017944
0.100708,-0.411865,0.809082
-0.535767,0.183716,0.820557
0.431885,-0.212646,0.983154
-0.375366,-0.152588,0.740723
0.020142,0.168945,1.027710
0.181030,-0.394775,0.840942
-0.582520,0.159912,0.792725
0.436279,-0.205444,0.993408
-0.253662,-0.247437,0.749023
-0.088379,0.191406,0.973267
0.271973,-0.344971,0.891113
-0.590454,0.125122,0.760864
0.400269,-0.135498,1.016357
-0.161255,-0.317383,0.740723
-0.177490,0.182495,0.951538
0.338013,-0.350708,0.915283
-0.587891,0.111084,0.757324
0.353516,-0.070312,1.015503
-0.077393,-0.390015,0.731323
-0.289551,0.200562,0.889404
0.382812,-0.343384,0.926758
-0.548950,-0.006348,0.731445
0.275635,-0.026611,1.005127
-0.049194,-0.384888,0.734253
-0.365967,0.185059,0.860718
0.422729,-0.310547,0.949585
-0.514160,-0.062988,0.740601
0.175903,0.022583,0.996582
0.032471,-0.397339,0.767700
-0.456787,0.185059,0.822266
0.445068,-0.270508,0.976562
-0.431885,-0.130493,0.761963
0.083984,0.112549,1.011597
0.091187,-0.394287,0.794312
-0.520508,0.172119,0.793701
0.457886,-0.240479,0.998047
-0.342041,-0.158569,0.769409
0.007568,0.133301,1.005859
0.180664,-0.374390,0.841309
-0.572754,0.161865,0.760864
0.453369,-0.192383,1.014893
-0.241699,-0.237427,0.760010
-0.082764,0.175537,0.979248
0.278687,-0.397705,0.879761
-0.593506,0.132812,0.750610
0.432373,-0.181152,1.010742
-0.126221,-0.318726,0.779053
-0.188843,0.191284,0.942017
0.346558,-0.391602,0.906616
-0.573364,0.086182,0.755005
0.360474,-0.091553,1.007080
-0.044922,-0.367676,0.763062
-0.283081,0.200317,0.894897
0.393555,-0.368408,0.927734
-0.538696,-0.039551,0.715698
0.281982,-0.039185,0.988159
-0.002686,-0.392334,0.754028
-0.350830,0.178955,0.861938
0.453735,-0.350952,0.950928
-0.504028,-0.078613,0.747559
0.150879,0.024536,0.976929
0.058350,-0.413940,0.773682
-0.420532,0.136353,0.808472
0.454468,-0.277466,0.987915
-0.434082,-0.109009,0.760254
0.057495,0.093994,0.990601
0.133911,-0.418579,0.807739
-0.515503,0.118774,0.773193
0.466309,-0.224121,1.017700
-0.308960,-0.161865,0.772827
-0.056152,0.155151,0.985352
0.226929,-0.449463,0.848145
-0.555664,0.055054,0.725952
0.456055,-0.176758,1.045044
-0.148193,-0.255249,0.797363
-0.158569,0.229126,0.980713
0.330200,-0.402588,0.898438
-0.583862,0.065918,0.742188
0.378540,-0.155640,1.007690
-0.053345,-0.382202,0.781616
-0.228027,0.179810,0.915894
0.388184,-0.351318,0.934814
-0.558960,0.010742,0.735107
0.294922,-0.081909,0.989136
0.017212,-0.444336,0.755371
-0.302002,0.122437,0.859131
0.430054,-0.328857,0.958008
-0.525391,-0.055176,0.728394
0.195557,-0.022705,0.980957
0.073975,-0.485718,0.762573
-0.395508,0.108765,0.818481
0.458252,-0.278198,0.985596
-0.448364,-0.110352,0.747437
0.089966,0.085815,0.998413
0.135864,-0.434082,0.813110
-0.483276,0.065063,0.776367
0.475830,-0.287842,1.010986
-0.389160,-0.145752,0.746948
0.005981,0.173462,1.009033
0.229980,-0.431519,0.846436
-0.522827,0.036255,0.745239
0.462280,-0.263794,1.025146
-0.291138,-0.234131,0.763916
-0.074707,0.205444,1.002563
0.287598,-0.407837,0.879272
-0.546875,0.044678,0.747314
0.429443,-0.244629,1.015259
-0.208130,-0.282715,0.783691
-0.103760,0.178101,0.982056
0.326294,-0.367065,0.914307
-0.565552,0.067871,0.751953
0.423584,-0.229614,1.033569
-0.123779,-0.352051,0.804565
-0.165161,0.156860,0.960083
0.360840,-0.369751,0.928833
-0.551758,0.047241,0.749634
0.388550,-0.157349,1.023804
-0.051758,-0.408447,0.795410
-0.209473,0.151367,0.942749
0.386841,-0.400635,0.933105
-0.537964,-0.014771,0.742798
0.367310,-0.135010,1.026489
-0.029175,-0.378784,0.786621
-0.255249,0.177246,0.911255
0.422852,-0.380005,0.968262
-0.504761,-0.107300,0.747437
0.319092,-0.120483,1.029175
0.010376,-0.418213,0.784424
-0.280884,0.175659,0.902344
0.438965,-0.378540,0.963989
-0.477173,-0.073120,0.787720
0.276611,-0.087769,1.019287
0.072632,-0.472168,0.797363
-0.322266,0.160156,0.883423
0.456055,-0.345581,0.982056
-0.478516,-0.086548,0.754883
0.229126,-0.041626,1.029785
0.116577,-0.474609,0.806396
-0.379028,0.122681,0.853638
0.459717,-0.322754,0.995117
-0.431274,-0.139038,0.758179
0.181396,0.026733,1.037964
0.131714,-0.453979,0.828003
-0.419312,0.107666,0.845947
0.485840,-0.304199,1.024902
-0.391846,-0.169800,0.753296
0.101562,0.089478,1.042114
0.200684,-0.482788,0.851318
-0.462280,0.057373,0.802490
0.502808,-0.317627,1.028320
-0.336914,-0.224243,0.770996
0.019165,0.140015,1.025269
0.261353,-0.451904,0.880127
-0.484985,0.024536,0.777832
0.508423,-0.291016,1.049194
-0.263916,-0.257446,0.785645
-0.039185,0.188599,1.032227
0.304565,-0.413208,0.907227
-0.485229,0.010376,0.781982
0.476196,-0.264526,1.062378
-0.211792,-0.277344,0.808960
-0.066284,0.187012,1.038208
0.339966,-0.418579,0.924438
-0.501221,0.040527,0.784180
0.472412,-0.227051,1.070068
-0.165771,-0.253540,0.833862
-0.091187,0.151855,1.019653
0.365723,-0.439209,0.950806
-0.503418,0.003540,0.773315
0.444946,-0.181885,1.074341
-0.128906,-0.314697,0.810547
-0.102173,0.190918,1.034668
0.380859,-0.415039,0.950562
-0.507080,0.007935,0.793335
0.461792,-0.206787,1.077271
-0.093384,-0.321777,0.829468
-0.138794,0.218628,1.026855
0.404907,-0.393188,0.973145
-0.486206,-0.029419,0.793091
0.445435,-0.175171,1.094727
-0.050537,-0.336914,0.838989
-0.160767,0.222534,1.021240
0.429077,-0.381348,0.988403
-0.494629,-0.035156,0.789673
0.441284,-0.170166,1.096802
-0.003052,-0.367065,0.843018
-0.183105,0.228882,1.031616
0.444336,-0.358887,1.004883
-0.475830,-0.058472,0.791138
0.403198,-0.144165,1.090210
0.046265,-0.416504,0.856323
-0.216064,0.217529,1.011963
0.474121,-0.334473,1.025513
-0.458008,-0.073975,0.789185
0.366333,-0.098389,1.101440
0.083862,-0.422607,0.862915
-0.232422,0.196167,0.993530
0.493042,-0.310791,1.052124
-0.441284,-0.079224,0.792847
0.320068,-0.062988,1.095581
0.094727,-0.434570,0.855835
-0.258911,0.146118,0.963135
0.511475,-0.266235,1.073364
-0.407837,-0.092773,0.801025
0.282471,-0.010132,1.102539
0.160278,-0.456665,0.879639
-0.330322,0.132935,0.937256
0.544800,-0.285400,1.089600
-0.387939,-0.129761,0.802002
0.205933,0.032104,1.074951
0.228271,-0.450684,0.912720
-0.372559,0.088623,0.894043
0.555908,-0.250000,1.122925
-0.308716,-0.192383,0.804688
0.117065,0.136719,1.085327
0.293213,-0.471436,0.922119
-0.402588,0.049805,0.860962
0.542603,-0.216675,1.123901
-0.251465,-0.216309,0.820801
0.064331,0.183716,1.096924
0.349854,-0.427734,0.969360
-0.451538,0.026489,0.827637
0.533691,-0.201538,1.136475
-0.190430,-0.249634,0.839111
-0.002930,0.216187,1.098145
0.402222,-0.401123,1.005249
-0.450562,0.023193,0.842773
0.513184,-0.161987,1.144409
-0.096558,-0.280518,0.872925
-0.083008,0.213257,1.080688
0.440430,-0.370483,1.031616
-0.444702,-0.022095,0.830688
0.480713,-0.108398,1.153198
0.021362,-0.350464,0.891968
-0.145752,0.212158,1.063965
0.473267,-0.331665,1.055298
-0.452393,-0.044312,0.820312
0.436523,-0.095093,1.153564
0.064087,-0.377319,0.904175
-0.214844,0.214966,1.046265
0.502686,-0.303345,1.082153
-0.404053,-0.090942,0.816406
0.367432,-0.030029,1.152832
0.108398,-0.367676,0.923462
-0.278198,0.203369,1.009521
0.553833,-0.275757,1.124634
-0.366455,-0.148438,0.817993
0.292358,0.030640,1.141113
0.178955,-0.395264,0.927979
-0.325195,0.151733,0.958130
0.572876,-0.265137,1.135376
-0.320068,-0.213501,0.819214
0.203003,0.075806,1.116699
0.254517,-0.409180,0.957520
-0.366333,0.087402,0.897095
0.573364,-0.241821,1.144165
-0.263550,-0.242432,0.832886
0.123901,0.130859,1.116577
0.319336,-0.415283,0.962646
-0.401489,0.070068,0.880249
0.578979,-0.224487,1.152710
-0.224609,-0.245361,0.852539
0.036743,0.176514,1.108276
0.377075,-0.418213,1.005493
-0.409668,0.047485,0.877075
0.541748,-0.154663,1.161255
-0.159912,-0.241699,0.875854
-0.006592,0.173584,1.095947
0.409058,-0.392944,1.021118
-0.427002,0.022949,0.855469
0.529175,-0.136475,1.163818
-0.053101,-0.301392,0.900269
-0.071411,0.188477,1.084229
0.441528,-0.361572,1.037354
-0.422363,-0.020996,0.845703
0.489136,-0.087891,1.173096
-0.005737,-0.318359,0.885498
-0.137939,0.209473,1.085083
0.483643,-0.348999,1.072144
-0.444946,-0.064575,0.832153
0.433228,-0.049927,1.177246
0.013672,-0.337524,0.884399
-0.205811,0.224121,1.055786
0.527954,-0.305420,1.110352
-0.422241,-0.118896,0.803955
0.364258,-0.015259,1.170044
0.081055,-0.353516,0.902710
-0.266602,0.189209,1.010864
0.541870,-0.268555,1.124512
-0.287231,-0.209106,0.832520
0.150146,0.098022,1.104736
0.158081,-0.364868,0.932129
-0.404907,0.079956,0.869995
0.561157,-0.217651,1.142944
-0.220215,-0.221436,0.853638
0.040405,0.155762,1.081055
0.384766,-0.406860,1.013672
-0.427612,0.040039,0.858643
0.517090,-0.129639,1.152100
-0.116089,-0.261597,0.874023
-0.045044,0.202515,1.094849
0.434082,-0.378784,1.032593
-0.427490,-0.029785,0.848267
0.482300,-0.093140,1.162842
0.013306,-0.329224,0.891479
-0.135010,0.224854,1.073608
0.478638,-0.325073,1.068970
-0.425537,-0.093018,0.820190
0.435425,-0.085693,1.159668
0.052124,-0.336060,0.904175
-0.226196,0.213135,1.038086
0.527954,-0.277588,1.110229
-0.397949,-0.131836,0.818726
0.345581,-0.025269,1.159912
0.144775,-0.373413,0.943115
-0.306885,0.167847,0.975342
0.554443,-0.241577,1.144165
-0.328247,-0.178467,0.831421
0.215698,0.050049,1.137695
0.260986,-0.443848,0.955688
-0.375366,0.127197,0.914551
0.553833,-0.215698,1.131836
-0.256714,-0.214478,0.845215
0.110229,0.127686,1.122681
0.345093,-0.418701,0.990967
-0.429443,0.076172,0.878906
0.552124,-0.166748,1.167114
-0.155273,-0.268799,0.854858
-0.016602,0.203979,1.105469
0.398926,-0.368652,1.019287
-0.438232,-0.005371,0.856201
0.525513,-0.140137,1.181396
-0.015503,-0.348145,0.882324
-0.112549,0.224976,1.084839
0.454468,-0.335449,1.049072
-0.451294,-0.030884,0.833862
0.465698,-0.105469,1.174438
0.022705,-0.352905,0.904419
-0.188965,0.222168,1.057983
0.494385,-0.282959,1.089722
-0.431885,-0.065796,0.805664
0.368042,-0.033936,1.159302
0.101685,-0.386475,0.917114
-0.280640,0.189453,1.013550
0.539795,-0.276733,1.120239
-0.367065,-0.133301,0.826782
0.252930,0.053955,1.141357
0.205444,-0.413696,0.932861
-0.361328,0.121460,0.931274
0.553589,-0.226318,1.143066
-0.292236,-0.230957,0.809937
0.155396,0.124878,1.121948
0.283569,-0.419434,0.951172
-0.421265,0.103271,0.899902
0.549316,-0.215454,1.147461
-0.232300,-0.276245,0.831421
0.068359,0.160156,1.111450
0.328857,-0.393433,0.958008
-0.469971,0.087036,0.863770
0.554932,-0.220093,1.147095
-0.126465,-0.347168,0.855225
-0.023682,0.140137,1.067749
0.355713,-0.359375,0.977783
-0.465088,0.040527,0.834229
0.532715,-0.179688,1.160400
-0.065552,-0.361084,0.854492
-0.093262,0.155518,1.056885
0.404053,-0.354492,1.012451
-0.484985,0.013794,0.819092
0.474731,-0.119995,1.160278
-0.041382,-0.362427,0.858887
-0.151367,0.174072,1.041504
0.435425,-0.307373,1.043579
-0.487671,-0.028809,0.797607
0.434814,-0.105713,1.156494
-0.030273,-0.336060,0.860962
0.480835,-0.317139,1.062500
-0.488037,-0.034302,0.787231
0.374634,-0.072876,1.136719
0.015015,-0.357910,0.869507
-0.271240,0.198364,1.009399
0.504395,-0.314575,1.073975
-0.453979,-0.082642,0.787720
0.301025,-0.027222,1.122314
0.055176,-0.361816,0.876587
-0.308228,0.145874,0.972168
0.522339,-0.305420,1.093018
-0.439697,-0.124756,0.779907
0.239136,0.018188,1.117920
0.113892,-0.413086,0.881470
-0.375732,0.143677,0.928223
0.519897,-0.255371,1.100220
-0.385864,-0.151733,0.788452
0.169067,0.050903,1.087524
0.157837,-0.398926,0.894653
-0.421997,0.112915,0.884521
0.532349,-0.222778,1.106323
-0.359253,-0.205200,0.776611
0.096436,0.106079,1.085449
0.225098,-0.414795,0.902466
-0.458130,0.091797,0.862061
0.518555,-0.250610,1.085327
-0.322388,-0.236328,0.780884
0.034546,0.123657,1.059692
0.265991,-0.383057,0.917969
-0.480103,0.053223,0.837280
0.505981,-0.236084,1.092041
-0.230591,-0.300293,0.785278
-0.035156,0.143188,1.040894
0.297729,-0.378540,0.931396
-0.495728,0.009766,0.800415
0.478516,-0.173218,1.107910
-0.192627,-0.309937,0.777832
-0.102051,0.139648,1.022095
0.344116,-0.386719,0.954224
-0.523560,0.006592,0.780151
0.462158,-0.175415,1.098755
-0.151489,-0.321777,0.765503
-0.186401,0.172729,1.001221
0.372070,-0.340576,0.964478
-0.523438,-0.015625,0.781616
0.432739,-0.175781,1.099976
-0.127319,-0.352051,0.773071
-0.268555,0.194580,0.968018
0.409424,-0.336914,0.990723
-0.530273,-0.046997,0.765381
0.352539,-0.110474,1.097168
-0.074829,-0.346924,0.800781
-0.335449,0.186279,0.932129
0.439331,-0.323486,1.004761
-0.502197,-0.113159,0.735596
0.268677,-0.061523,1.077637
-0.011108,-0.372559,0.826172
-0.392578,0.164429,0.899658
0.441162,-0.260620,1.025269
-0.463135,-0.164917,0.728760
0.179443,0.025757,1.073608
0.080811,-0.426147,0.844360
-0.470825,0.150513,0.864746
0.448608,-0.267944,1.022705
-0.437866,-0.158569,0.740967
0.081177,0.085938,1.044434
0.154053,-0.421387,0.853882
-0.516846,0.127319,0.843262
0.459351,-0.256470,1.030640
-0.372803,-0.201538,0.732300
0.009277,0.132812,1.029053
0.198242,-0.394653,0.867432
-0.538086,0.062378,0.807495
0.468384,-0.260376,1.047241
-0.287476,-0.281616,0.739746
-0.064209,0.135010,1.004517
0.240601,-0.391113,0.879761
-0.564941,0.068970,0.788940
0.468140,-0.236206,1.052246
-0.242920,-0.313110,0.723511
-0.137085,0.164062,0.971191
0.273926,-0.366089,0.897461
-0.563965,0.019653,0.763916
0.437378,-0.217285,1.055420
-0.222534,-0.344360,0.713501
-0.188354,0.179443,0.968140
0.328735,-0.371948,0.911499
-0.590942,0.035645,0.753052
0.390869,-0.200806,1.039429
-0.176636,-0.364380,0.729492
-0.227661,0.165039,0.951172
0.333252,-0.335327,0.925049
-0.590820,0.002197,0.731934
0.363159,-0.184570,1.028809
-0.130493,-0.394775,0.745483
-0.314209,0.190063,0.912842
0.359253,-0.335205,0.939453
-0.575562,-0.003906,0.730835
0.310669,-0.113892,1.042847
-0.113770,-0.391113,0.753906
-0.361572,0.184448,0.902100
0.392090,-0.332153,0.954468
-0.572510,-0.020020,0.724731
0.226318,-0.061890,1.024902
-0.046631,-0.432373,0.774048
-0.422363,0.177002,0.882202
0.401733,-0.296875,0.973267
-0.535889,-0.030518,0.719116
0.159790,0.009399,0.998779
-0.000488,-0.393677,0.790649
-0.473022,0.185303,0.869385
0.428955,-0.291748,0.992188
-0.515869,-0.081055,0.704834
0.091064,0.081421,1.012695
0.070068,-0.398560,0.820435
-0.524902,0.158081,0.848755
0.441284,-0.283325,0.997681
-0.452271,-0.124878,0.723267
0.021973,0.151611,1.010254
0.132080,-0.394409,0.832397
-0.560059,0.108887,0.800659
0.442871,-0.263916,1.016113
-0.363647,-0.214844,0.720459
-0.031616,0.191528,1.000488
0.189087,-0.376099,0.837036
-0.590454,0.123169,0.796631
0.434937,-0.241821,1.016724
-0.279907,-0.324707,0.701050
-0.092651,0.169189,0.983521
0.236938,-0.370117,0.864868
-0.612427,0.105957,0.764526
0.415161,-0.203247,1.027344
-0.212891,-0.380127,0.710693
-0.162354,0.156372,0.948120
0.272949,-0.349731,0.876099
-0.621582,0.096802,0.746582
0.404907,-0.196899,1.032471
-0.168457,-0.388184,0.716675
-0.235840,0.190308,0.936035
0.324829,-0.344971,0.903076
-0.615845,0.061279,0.730957
0.335205,-0.153687,1.004395
-0.112183,-0.395996,0.734009
-0.319824,0.192139,0.892944
0.374268,-0.324341,0.928223
-0.581665,0.016357,0.713257
0.253784,-0.077637,1.004639
-0.075317,-0.401367,0.737061
-0.382080,0.191895,0.878540
0.410278,-0.289795,0.960327
-0.579224,-0.014526,0.696289
0.164185,0.010132,0.998047
0.022583,-0.409912,0.789185
-0.492310,0.182861,0.851074
0.423584,-0.270508,0.982056
-0.497437,-0.056641,0.718018
0.072876,0.128418,1.001709
0.093506,-0.366699,0.823364
-0.544800,0.157349,0.815674
0.427246,-0.252686,0.991455
-0.402344,-0.176758,0.711304
0.021973,0.188232,1.016602
0.145752,-0.391479,0.820557
-0.581787,0.162598,0.805054
0.447510,-0.241699,0.997314
-0.312866,-0.223389,0.735962
-0.048950,0.172241,0.983154
0.209961,-0.382812,0.850342
-0.596924,0.161011,0.779541
0.436523,-0.180054,1.013794
-0.260742,-0.264404,0.720581
-0.094604,0.173706,0.973389
0.259155,-0.373291,0.875122
-0.603760,0.143066,0.757812
0.431152,-0.142334,1.024414
-0.193115,-0.287598,0.743042
-0.182739,0.192993,0.943970
0.313110,-0.405029,0.898804
-0.602295,0.094727,0.750366
0.395264,-0.140503,1.027954
-0.153076,-0.330078,0.738647
-0.236816,0.214111,0.919189
0.348633,-0.337280,0.912842
-0.585449,0.063232,0.740845
0.352661,-0.104980,1.018677
-0.099121,-0.382446,0.729858
-0.279541,0.221680,0.905640
0.373169,-0.343384,0.909058
-0.597290,0.053711,0.742310
0.320068,-0.112671,0.994629
-0.051758,-0.404541,0.739746
-0.354004,0.218994,0.861938
0.397705,-0.307373,0.926636
-0.548340,-0.018921,0.719849
0.243164,-0.064575,0.989502
-0.010620,-0.428101,0.753906
-0.400879,0.209839,0.850342
0.421143,-0.274536,0.943481
-0.531982,-0.033081,0.725342
0.178467,0.000977,1.006958
0.034546,-0.431641,0.776001
-0.452759,0.187256,0.821777
0.432983,-0.237305,0.965698
-0.486694,-0.062622,0.745361
0.113281,0.040649,1.013184
0.110229,-0.465698,0.799561
-0.512695,0.186890,0.812622
0.438232,-0.215332,0.976929
-0.420776,-0.086426,0.747070
0.038940,0.148438,1.014526
0.178955,-0.411743,0.839111
-0.557373,0.128174,0.775757
0.438599,-0.191040,0.999268
-0.318604,-0.157104,0.747070
-0.046997,0.203491,0.999756
0.242065,-0.393677,0.857056
-0.593506,0.098511,0.757935
0.446655,-0.215088,1.022095
-0.231689,-0.259521,0.738281
-0.122437,0.238281,0.968506
0.306274,-0.357788,0.885620
-0.591675,0.065308,0.746704
0.425537,-0.175537,1.028076
-0.151001,-0.322021,0.760620
-0.181519,0.208008,0.928589
0.344971,-0.333130,0.911011
-0.597534,0.077637,0.745117
0.371338,-0.145996,1.022461
-0.052002,-0.400269,0.760864
-0.245850,0.191284,0.901855
0.377808,-0.310791,0.922241
-0.576904,0.059204,0.748047
0.322388,-0.110840,0.989624
-0.008667,-0.404907,0.774048
-0.310913,0.167358,0.857544
0.406982,-0.289429,0.937012
-0.536377,0.031128,0.746338
0.240479,-0.034546,0.986206
0.024414,-0.450562,0.766357
-0.359863,0.126831,0.834717
0.431641,-0.297974,0.960815
-0.495361,-0.029297,0.756836
0.153687,0.061157,1.001099
0.054932,-0.410767,0.771484
-0.431641,0.107788,0.807617
0.467773,-0.310791,0.982178
-0.458252,-0.088257,0.749634
0.069336,0.149292,1.013184
0.114502,-0.415405,0.805664
-0.464600,0.093994,0.807373
0.459595,-0.272949,0.993896
-0.422363,-0.119263,0.744507
0.034668,0.140625,1.005249
0.192871,-0.409668,0.832520
-0.522339,0.097412,0.768799
0.470581,-0.263550,1.002686
-0.327515,-0.169556,0.773438
-0.057861,0.182373,0.985474
0.255737,-0.408569,0.860718
-0.553467,0.054932,0.750732
0.465698,-0.254639,1.005737
-0.246826,-0.211792,0.780884
-0.127930,0.219238,0.967285
0.300293,-0.392090,0.899658
-0.546631,0.002075,0.756958
0.422974,-0.209229,1.016602
-0.153320,-0.299072,0.773682
-0.179321,0.223999,0.963379
0.342773,-0.385620,0.905518
-0.546265,0.014038,0.760254
0.403076,-0.155884,1.041504
-0.089600,-0.340576,0.771851
-0.235474,0.223267,0.934692
0.374512,-0.342041,0.928467
-0.532593,-0.019165,0.751221
0.357544,-0.182861,1.008057
-0.044434,-0.413940,0.780151
-0.270874,0.183594,0.900146
0.411621,-0.335205,0.942871
-0.515625,-0.051270,0.740967
0.294800,-0.094727,1.016357
0.024658,-0.466187,0.771851
-0.310059,0.151855,0.861450
0.430908,-0.334351,0.959595
-0.502441,-0.044556,0.762817
0.230469,-0.051758,1.010620
0.067871,-0.485596,0.767700
-0.371216,0.135864,0.844360
0.455200,-0.303101,0.980347
-0.460327,-0.085693,0.755981
0.167358,0.001587,1.015869
0.099365,-0.473877,0.791260
-0.437378,0.104736,0.812622
0.469971,-0.302002,0.990845
-0.411255,-0.162476,0.745483
0.087158,0.067505,1.007935
0.183350,-0.463745,0.834473
-0.491089,0.073242,0.770630
0.457031,-0.254028,1.015625
-0.332275,-0.218750,0.750000
0.003174,0.125488,1.013916
0.271362,-0.480835,0.872925
-0.515869,0.047607,0.754395
0.431396,-0.216797,1.019165
-0.250122,-0.239380,0.776001
-0.076294,0.140137,0.999634
0.343506,-0.482544,0.910889
-0.539307,0.030273,0.749878
0.406250,-0.170288,1.028564
-0.155518,-0.248535,0.810181
-0.157715,0.170288,0.981445
0.376953,-0.467285,0.933716
-0.525513,-0.022095,0.757690
-0.062866,-0.310181,0.806030
0.428467,-0.423706,0.957886
-0.486938,-0.099243,0.760010
0.318359,-0.104248,1.029175
0.039185,-0.408203,0.811157
-0.289307,0.183105,0.921021
0.453125,-0.365234,0.977539
-0.466309,-0.126709,0.757446
0.255127,-0.065430,1.026245
0.094360,-0.454102,0.804321
-0.350830,0.121094,0.864502
0.483887,-0.322388,1.011108
-0.429565,-0.168701,0.754028
0.179199,-0.007202,1.026001
0.144043,-0.453613,0.820679
-0.405884,0.115356,0.834961
0.503784,-0.297485,1.029297
-0.373535,-0.186890,0.764038
0.082031,0.072754,1.032593
0.236938,-0.515625,0.849854
-0.433350,0.037354,0.801025
0.494751,-0.238403,1.062866
-0.319824,-0.197754,0.769287
-0.000610,0.135986,1.036621
0.323120,-0.530151,0.890991
-0.467651,0.020386,0.790771
0.475952,-0.199951,1.067749
-0.224731,-0.224243,0.802979
-0.085327,0.195801,1.021484
0.368774,-0.470581,0.927368
-0.482178,-0.047485,0.779053
0.460693,-0.168213,1.093140
-0.092163,-0.285400,0.838745
-0.155273,0.218750,1.017578
0.410767,-0.406616,0.979858
-0.498535,-0.067383,0.763184
0.410156,-0.133667,1.098877
0.027466,-0.386353,0.848999
-0.229492,0.223999,0.989136
0.469482,-0.386475,1.003540
-0.465698,-0.083618,0.780518
0.322510,-0.106567,1.065918
0.086792,-0.434326,0.840576
-0.272949,0.172485,0.964844
0.507324,-0.316772,1.051025
-0.429443,-0.124146,0.782715
0.226562,-0.020874,1.057617
0.153809,-0.439575,0.874146
-0.340088,0.126709,0.919434
0.530396,-0.256226,1.092163
-0.369019,-0.156006,0.784912
0.124390,0.076416,1.044312
0.241089,-0.489624,0.872437
-0.377075,0.054321,0.853638
0.542358,-0.253418,1.098022
-0.303345,-0.196899,0.802612
0.041260,0.159180,1.052734
0.321289,-0.462036,0.920898
-0.433594,0.035522,0.837891
0.516235,-0.231201,1.105713
-0.205322,-0.279907,0.828003
-0.037231,0.192993,1.051514
0.376587,-0.402710,0.973999
-0.473022,0.024414,0.823975
0.511963,-0.213623,1.127075
-0.082764,-0.301636,0.889648
-0.106323,0.225342,1.061890
0.411377,-0.391602,0.983643
-0.456421,-0.001953,0.815186
0.468994,-0.140381,1.133301
0.039917,-0.343140,0.898193
-0.164185,0.214966,1.046387
0.450684,-0.352905,1.025757
-0.447754,-0.073608,0.800781
0.422485,-0.066528,1.146362
0.073364,-0.361328,0.894165
-0.213745,0.221436,1.041138
0.504028,-0.316650,1.068481
-0.429810,-0.083984,0.789062
0.331421,-0.029541,1.120605
0.145630,-0.413330,0.921021
-0.288574,0.180298,1.010620
0.535400,-0.267578,1.111938
-0.387939,-0.139282,0.807007
0.236938,0.057129,1.103271
0.209961,-0.431152,0.918091
-0.330933,0.105713,0.930664
0.576050,-0.243530,1.146362
-0.294312,-0.195068,0.822266
0.127808,0.146118,1.097778
0.295288,-0.435791,0.941772
-0.391113,0.069580,0.878540
0.569824,-0.226196,1.152588
-0.225708,-0.248535,0.845703
0.053711,0.157593,1.095581
0.357544,-0.402100,0.985840
-0.440796,0.071411,0.860474
0.534058,-0.171875,1.160645
-0.136353,-0.286377,0.873535
-0.007202,0.191895,1.095947
0.398682,-0.379150,1.002686
-0.454102,0.022705,0.843262
0.521484,-0.153320,1.162354
-0.004028,-0.306885,0.909302
-0.094727,0.243408,1.099731
0.430542,-0.352051,1.031738
-0.454468,-0.015503,0.835938
0.480713,-0.141235,1.162720
0.037354,-0.377686,0.903564
-0.145874,0.202637,1.059204
0.493530,-0.293579,1.080933
-0.461792,-0.034424,0.802612
0.414429,-0.107544,1.147461
0.084229,-0.405640,0.930176
-0.195801,0.180786,1.069702
0.523560,-0.278076,1.118896
-0.439575,-0.046509,0.817383
0.353882,0.000610,1.161133
0.121826,-0.411133,0.921875
-0.264771,0.158691,1.033569
0.579468,-0.307129,1.146240
-0.390747,-0.081787,0.819336
0.250610,0.097046,1.130005
0.178711,-0.391235,0.937256
-0.308350,0.086792,0.960693
0.587524,-0.316406,1.157837
-0.337036,-0.151733,0.841431
0.200928,0.152100,1.132324
0.218262,-0.367310,0.938721
-0.338989,0.077271,0.927734
0.596802,-0.305176,1.158081
-0.326050,-0.221924,0.821045
0.174927,0.140259,1.133179
0.256470,-0.374512,0.945312
-0.377075,0.102295,0.911255
0.584473,-0.271362,1.146606
-0.307739,-0.264282,0.815552
0.149414,0.092896,1.116089
0.292480,-0.408936,0.957153
-0.409180,0.109985,0.897461
0.578369,-0.237793,1.147705
-0.243530,-0.258545,0.843506
0.088013,0.144409,1.109253
0.295288,-0.379761,0.955444
-0.425537,0.072266,0.870850
0.592285,-0.244141,1.162720
-0.229614,-0.282227,0.843872
0.036255,0.156006,1.097046
0.339722,-0.386719,0.977661
-0.441040,0.051270,0.865112
0.560181,-0.202515,1.163574
-0.183716,-0.280762,0.850098
0.011230,0.166748,1.098877
0.373413,-0.398315,0.982910
-0.451050,0.017944,0.854126
0.529175,-0.169189,1.165405
-0.104614,-0.348633,0.841309
-0.016602,0.184326,1.089478
0.365112,-0.363037,0.982788
-0.491699,0.026123,0.828735
0.540405,-0.233154,1.147705
-0.070190,-0.364380,0.867676
-0.065918,0.190308,1.076782
0.360352,-0.358887,0.964722
-0.477905,0.005981,0.816772
0.532715,-0.204468,1.160645
-0.065796,-0.375122,0.838135
-0.121216,0.197998,1.055298
0.399170,-0.354126,0.980713
-0.481689,-0.006348,0.817383
0.498291,-0.189453,1.149780
-0.064941,-0.370605,0.841187
-0.122925,0.171631,1.040161
0.396606,-0.336060,0.987671
-0.499634,0.009644,0.817017
0.479126,-0.184326,1.150024
-0.054443,-0.409546,0.843506
-0.160278,0.177368,1.031250
0.405640,-0.314941,1.001831
-0.504883,0.013550,0.795288
0.458618,-0.156006,1.141968
-0.067139,-0.393799,0.836182
-0.184937,0.147705,1.019043
0.438354,-0.326538,1.023560
-0.502075,0.005981,0.779907
0.410522,-0.109375,1.127808
-0.047974,-0.389648,0.842773
-0.230225,0.170654,1.020020
0.427490,-0.308350,1.027832
-0.502563,-0.046631,0.777100
0.389404,-0.100586,1.125977
-0.028809,-0.366699,0.842041
-0.283813,0.196411,0.990967
0.461182,-0.331665,1.031738
-0.474609,-0.062988,0.770386
0.357300,-0.052124,1.127808
-0.040283,-0.319092,0.840820
-0.294067,0.176636,0.972900
0.474976,-0.336792,1.038818
-0.493530,-0.075317,0.758545
0.320557,-0.033691,1.117920
-0.003540,-0.358887,0.841431
-0.321655,0.164062,0.943848
0.448486,-0.317627,1.015625
-0.481689,-0.129883,0.757568
0.314331,-0.073853,1.115601
0.028320,-0.367676,0.844971
-0.404663,0.197144,0.918701
0.472534,-0.307129,1.029663
-0.445190,-0.156250,0.756836
0.241943,-0.040649,1.081421
0.054199,-0.379028,0.847778
-0.426392,0.186523,0.894287
0.479248,-0.269409,1.052856
-0.448486,-0.146118,0.752808
0.177124,-0.005493,1.069702
0.113037,-0.423706,0.864624
-0.449707,0.157593,0.876221
0.484009,-0.255127,1.058960
-0.438965,-0.139648,0.764038
0.105225,0.052246,1.059570
0.156006,-0.449829,0.874878
-0.478394,0.109497,0.845337
0.482544,-0.231689,1.064209
-0.402954,-0.140137,0.757690
0.051758,0.095215,1.046997
0.191528,-0.412598,0.885010
-0.498169,0.085327,0.846924
0.468994,-0.234375,1.053345
-0.349731,-0.210815,0.756714
-0.007935,0.123169,1.029907
0.213013,-0.409912,0.870361
-0.515747,0.075317,0.816772
0.458984,-0.213013,1.058228
-0.296387,-0.274536,0.731934
-0.037964,0.152710,1.027588
0.249023,-0.407837,0.883057
-0.547974,0.086670,0.809326
0.457520,-0.245605,1.035522
-0.286743,-0.294434,0.733521
-0.061890,0.143555,1.010986
0.261353,-0.388550,0.889282
-0.568726,0.077515,0.781372
0.442627,-0.241455,1.027344
-0.243652,-0.315918,0.729248
-0.118652,0.171265,0.989258
0.270264,-0.383667,0.876465
-0.576172,0.034668,0.757324
0.446777,-0.237305,1.054688
-0.200439,-0.354858,0.716309
-0.179688,0.188965,0.961670
0.280273,-0.365845,0.882690
-0.588501,0.030273,0.746216
0.430664,-0.260132,1.022095
-0.190430,-0.380127,0.724365
-0.181885,0.155151,0.965698
0.304688,-0.363892,0.893555
-0.618164,0.071533,0.739014
0.407349,-0.241943,1.015137
-0.163208,-0.369995,0.744995
-0.202515,0.136230,0.961060
0.303955,-0.343628,0.915894
-0.616455,0.082642,0.747803
0.379517,-0.201172,1.021484
-0.162231,-0.383423,0.730225
-0.227905,0.133667,0.943481
0.337280,-0.351440,0.926025
-0.617676,0.093262,0.735229
0.330322,-0.131592,1.012939
-0.136719,-0.372314,0.768066
-0.281738,0.130493,0.939453
0.347412,-0.365479,0.927124
-0.633667,0.087646,0.723999
0.233398,0.030640,1.077881
-0.108887,-0.362061,0.771240
-0.369263,0.163818,0.939209
0.445190,-0.328735,1.010010
-0.539673,-0.026855,0.743042
0.231323,-0.027100,1.048950
0.010498,-0.382080,0.832642
-0.383545,0.167969,0.915894
0.433838,-0.298950,1.000854
-0.522095,-0.052124,0.732300
0.210693,-0.020264,1.036865
0.009521,-0.372437,0.825806
-0.411499,0.163940,0.900879
0.446899,-0.300049,1.017822
-0.535889,-0.079712,0.713989
0.179199,0.010010,1.035156
0.029785,-0.391968,0.833252
-0.438110,0.159058,0.885498
0.438232,-0.290283,1.017212
-0.524414,-0.097656,0.714600
0.145142,0.040649,1.031372
0.070435,-0.387329,0.849976
-0.470703,0.151978,0.868896
0.442871,-0.277588,1.013184
-0.504517,-0.100342,0.711914
0.111450,0.083008,1.020508
0.089722,-0.393066,0.836182
-0.497681,0.149292,0.844849
0.461060,-0.297363,1.017334
-0.472046,-0.133301,0.717285
0.061157,0.115234,1.014038
0.117310,-0.356934,0.860352
-0.521851,0.110962,0.830811
0.449707,-0.279297,1.016846
-0.429688,-0.180542,0.715088
0.025269,0.144531,1.018799
0.130981,-0.381958,0.840576
-0.531860,0.092163,0.819824
0.442139,-0.243530,1.032227
-0.393799,-0.176270,0.728638
-0.006836,0.148682,0.998413
0.171997,-0.381714,0.847534
-0.571899,0.090454,0.785645
0.434692,-0.260376,1.021851
-0.312134,-0.292725,0.716064
-0.049805,0.160034,0.989746
0.189453,-0.389648,0.834473
-0.584473,0.106323,0.778076
0.434570,-0.268188,1.010010
-0.267822,-0.339600,0.717651
-0.085449,0.165649,0.974243
0.228882,-0.390869,0.847290
-0.604980,0.085938,0.750610
0.425049,-0.241577,1.010254
-0.252319,-0.338135,0.697754
-0.104126,0.158936,0.979492
0.238525,-0.367920,0.864624
-0.621338,0.093384,0.750000
0.445923,-0.251465,1.026123
-0.246948,-0.345947,0.705933
-0.158447,0.152466,0.952637
0.275635,-0.362183,0.883423
-0.611206,0.073730,0.744995
0.405029,-0.220093,1.017578
-0.208496,-0.379028,0.701172
-0.203857,0.167847,0.937256
0.304077,-0.366211,0.888916
-0.602539,0.100830,0.754639
0.390259,-0.191650,1.015137
-0.178101,-0.351318,0.719727
-0.256348,0.179321,0.913452
0.343750,-0.380127,0.902222
-0.599365,0.059204,0.755249
0.349854,-0.141602,1.015503
-0.151611,-0.387695,0.714844
-0.284546,0.187378,0.911621
0.349609,-0.344971,0.917114
-0.609253,0.054199,0.730591
0.336182,-0.129395,1.026489
-0.114990,-0.399780,0.730835
-0.326782,0.195923,0.904297
0.364502,-0.342285,0.916504
-0.599609,0.091064,0.741943
0.296265,-0.107910,0.998169
-0.076782,-0.391357,0.751465
-0.360229,0.197632,0.883667
0.389038,-0.310791,0.929810
-0.578491,0.041870,0.722656
0.234497,-0.036133,0.997559
-0.046265,-0.403320,0.763794
-0.395996,0.187744,0.873901
0.399170,-0.297729,0.946411
-0.562500,-0.016846,0.700317
0.177856,0.019043,0.995483
-0.005737,-0.387695,0.774902
-0.441162,0.182861,0.867920
0.413330,-0.285645,0.965576
-0.513916,-0.046997,0.713745
0.134033,0.090332,1.008911
0.038574,-0.381226,0.790039
-0.510376,0.197998,0.839233
0.433716,-0.270264,0.971069
-0.451050,-0.105103,0.734131
0.078003,0.141724,1.019897
0.074951,-0.358398,0.813721
-0.535767,0.168701,0.815918
0.444336,-0.267334,0.991455
-0.394409,-0.131470,0.743164
0.021851,0.193481,1.014038
0.143677,-0.384033,0.824341
-0.571777,0.157715,0.796875
0.446655,-0.237549,0.999634
-0.330933,-0.217651,0.725830
-0.021484,0.186523,0.992065
0.218506,-0.379395,0.853394
-0.598511,0.160156,0.769653
0.423462,-0.201538,1.000732
-0.250610,-0.265991,0.744019
-0.093140,0.205566,0.983398
0.261108,-0.370117,0.882080
-0.609253,0.116333,0.765015
0.428833,-0.175415,1.023926
-0.197510,-0.299072,0.731567
-0.156738,0.206543,0.947144
0.296509,-0.346191,0.879028
-0.604614,0.090820,0.757202
0.424561,-0.180908,1.029175
-0.135864,-0.353882,0.746460
-0.231689,0.205200,0.914429
0.342651,-0.327759,0.895508
-0.597656,0.109985,0.758057
0.369385,-0.145752,1.016479
-0.065430,-0.405640,0.748169
-0.279175,0.198853,0.887451
0.369995,-0.308716,0.911011
-0.576904,0.076172,0.736694
0.304565,-0.055664,1.006592
-0.019897,-0.421997,0.758423
-0.331421,0.170776,0.868408
0.405273,-0.298340,0.943970
-0.561890,0.027344,0.716919
0.252563,-0.018433,0.990601
-0.001221,-0.398926,0.760498
-0.378662,0.163086,0.839966
0.424561,-0.266724,0.954346
-0.535889,0.004639,0.735107
0.197998,-0.003906,0.996826
0.036987,-0.433838,0.763428
-0.417847,0.189575,0.834106
0.436523,-0.265137,0.951294
-0.505249,-0.046875,0.736206
0.143066,0.035645,1.006836
0.079590,-0.435791,0.791748
-0.455200,0.168945,0.821167
0.434082,-0.242676,0.963867
-0.459717,-0.093628,0.733032
0.118408,0.082764,1.029663
0.113647,-0.418457,0.808472
-0.524048,0.173828,0.798218
0.463867,-0.251099,0.990234
-0.393188,-0.102417,0.780762
0.017822,0.146118,0.993774
0.165039,-0.417236,0.831299
-0.527344,0.115967,0.766602
0.455933,-0.172729,1.021729
-0.318359,-0.147827,0.768555
-0.058960,0.167114,0.990723
0.237183,-0.462646,0.828857
-0.576050,0.081299,0.748169
0.452026,-0.179443,1.035400
-0.221558,-0.214355,0.766846
-0.121338,0.220215,0.965332
0.298950,-0.372925,0.882446
-0.578125,0.066650,0.748169
0.415649,-0.186035,1.015015
-0.120483,-0.324585,0.776123
-0.164673,0.176514,0.937012
0.342529,-0.327148,0.912598
-0.585938,0.126343,0.773682
0.367676,-0.146118,1.000854
-0.061646,-0.401611,0.771973
-0.203613,0.146973,0.902954
0.369507,-0.287109,0.928589
-0.585327,0.059082,0.737793
0.315918,-0.130737,0.984253
0.010376,-0.445801,0.765381
-0.292725,0.151245,0.872559
0.413208,-0.320557,0.943237
-0.557251,-0.026245,0.723511
0.240845,-0.061279,0.975464
0.049316,-0.460205,0.769653
-0.364258,0.124023,0.827637
0.433838,-0.290283,0.964600
-0.494873,-0.065796,0.739258
0.153076,0.032227,0.999878
0.084106,-0.448120,0.773315
-0.425781,0.108643,0.827515
0.463135,-0.283203,0.988647
-0.454834,-0.069458,0.758423
0.070557,0.095337,0.991333
0.142700,-0.467163,0.804565
-0.473389,0.057983,0.778809
0.471069,-0.217651,1.023682
-0.392700,-0.144165,0.731201
-0.002930,0.182617,1.012695
0.229370,-0.431885,0.848755
-0.528198,0.042603,0.753906
0.451660,-0.254150,1.010376
-0.294556,-0.207153,0.765503
-0.068115,0.213989,1.003296
0.275879,-0.395630,0.879150
-0.554688,0.016724,0.731567
0.445312,-0.265747,1.024536
-0.193604,-0.300781,0.777588
-0.126221,0.214233,0.988281
0.305298,-0.365601,0.894043
-0.557373,0.049805,0.763428
0.422241,-0.223267,1.031128
-0.106812,-0.391602,0.781738
-0.174805,0.174805,0.961914
0.349731,-0.351807,0.923218
-0.553101,0.036743,0.746338
0.379883,-0.173706,1.014282
-0.031494,-0.419922,0.786743
-0.231079,0.168213,0.928101
0.388306,-0.355713,0.937866
-0.544312,-0.013062,0.742920
0.330566,-0.138672,1.004517
0.022339,-0.457642,0.785400
-0.291870,0.154297,0.883667
0.423096,-0.328613,0.955933
-0.506348,-0.066895,0.727295
0.264160,-0.066650,0.998047
0.058716,-0.484619,0.767822
-0.318848,0.121704,0.866943
0.448853,-0.329590,0.976318
-0.489136,-0.074341,0.754150
0.215698,-0.030518,1.015381
0.100342,-0.485596,0.793701
-0.363892,0.107666,0.845703
0.458862,-0.303101,0.989014
-0.460205,-0.101929,0.755127
0.169556,-0.023438,1.016479
0.137939,-0.473633,0.819702
-0.426758,0.096802,0.808594
0.466309,-0.284546,1.004517
-0.407959,-0.149902,0.760010
0.100830,0.063232,1.036987
0.192383,-0.518677,0.837280
-0.465454,0.085571,0.797974
0.477539,-0.266113,1.014771
-0.353638,-0.178589,0.765869
0.029785,0.115356,1.024658
0.257935,-0.497192,0.866943
-0.488281,0.013428,0.757690
0.474121,-0.256714,1.046021
-0.287354,-0.234131,0.772217
-0.037720,0.170532,1.024414
0.297119,-0.464111,0.886353
-0.489380,-0.017578,0.754395
0.459229,-0.211914,1.066772
-0.202393,-0.255249,0.803467
-0.091431,0.196167,1.014160
0.353149,-0.446167,0.917114
-0.518799,-0.002808,0.769043
0.440308,-0.217041,1.050659
-0.141602,-0.317383,0.803223
-0.129517,0.178467,1.004395
0.390747,-0.391113,0.961182
-0.515503,0.018311,0.777588
0.404175,-0.152588,1.058105
-0.039185,-0.379028,0.820435
-0.177368,0.150024,0.987061
0.423950,-0.384521,0.985229
-0.503174,-0.039429,0.768188
0.365234,-0.119995,1.059814
0.040283,-0.419067,0.829468
-0.245361,0.164307,0.956421
0.470947,-0.376831,1.013672
-0.469238,-0.082031,0.784546
0.291382,-0.053101,1.050415
0.090454,-0.445557,0.831299
-0.285645,0.137573,0.937622
0.497681,-0.302734,1.036621
-0.435913,-0.107422,0.777954
0.232056,-0.000610,1.060303
0.141479,-0.470581,0.845581
-0.342773,0.103027,0.903564
0.503174,-0.266479,1.063599
-0.393066,-0.154541,0.773926
0.179810,0.028931,1.064209
0.213989,-0.495605,0.868286
-0.386719,0.078735,0.867188
0.524292,-0.273926,1.074219
-0.346924,-0.172241,0.792358
0.096924,0.089600,1.049438
0.286011,-0.508179,0.911621
-0.419556,0.043091,0.840332
0.515259,-0.237183,1.082153
-0.265991,-0.203613,0.814209
0.030151,0.156006,1.066528
0.334961,-0.459351,0.940552
-0.451660,0.030518,0.816772
0.516235,-0.207520,1.112671
-0.185913,-0.241089,0.849976
-0.046631,0.204956,1.062988
0.367065,-0.416992,0.966797
-0.465332,-0.014526,0.802612
0.487915,-0.156860,1.125977
-0.091553,-0.287476,0.867432
-0.108398,0.226685,1.063843
0.415405,-0.415405,0.983398
-0.467651,-0.020630,0.806030
0.455444,-0.128662,1.121948
-0.006226,-0.326904,0.870972
-0.136108,0.215942,1.054810
0.465332,-0.374512,1.023315
-0.484253,-0.021240,0.803345
0.423706,-0.131714,1.107910
0.068359,-0.378296,0.896729
-0.186157,0.187866,1.029419
0.486084,-0.319946,1.058105
-0.445679,-0.080933,0.788086
0.382080,-0.086182,1.115479
0.084473,-0.404175,0.883545
-0.248657,0.207520,1.014648
0.510742,-0.286499,1.082764
-0.413696,-0.094116,0.806152
0.338623,-0.033447,1.111328
0.130249,-0.401367,0.919678
-0.288696,0.189087,0.999512
0.528076,-0.265503,1.107178
-0.383301,-0.132446,0.806885
0.274658,0.009033,1.113892
0.181641,-0.425293,0.926514
-0.328369,0.133667,0.948730
0.559692,-0.261353,1.129883
-0.353027,-0.165894,0.810425
0.204224,0.082886,1.118408
0.250977,-0.445923,0.941772
-0.358521,0.102295,0.918945
0.562256,-0.251099,1.128662
-0.312622,-0.191406,0.820557
0.135742,0.115479,1.100098
0.323853,-0.434570,0.974121
-0.391846,0.065918,0.877197
0.560669,-0.183716,1.156372
-0.233154,-0.211182,0.847900
0.059448,0.165894,1.101685
0.359497,-0.434448,0.981079
-0.427002,0.058472,0.869263
0.553223,-0.170288,1.161255
-0.165039,-0.238647,0.878662
-0.015381,0.210571,1.101196
0.407471,-0.410400,1.012817
-0.448975,0.009155,0.847900
0.524658,-0.123047,1.181763
-0.062012,-0.280762,0.887573
-0.086792,0.226562,1.091675
0.426514,-0.344238,1.030151
-0.432617,-0.068237,0.837646
0.510254,-0.159546,1.186890
0.021118,-0.356567,0.908691
-0.148315,0.246826,1.068726
0.472168,-0.315430,1.058594
-0.459106,-0.041504,0.828979
0.461670,-0.150024,1.162964
0.050659,-0.407715,0.910034
-0.207275,0.215576,1.054565
0.519043,-0.296143,1.092651
-0.442749,-0.026733,0.816528
0.379883,-0.055908,1.143921
0.099121,-0.403687,0.936035
-0.260376,0.197144,1.042725
0.561768,-0.301392,1.137207
-0.410645,-0.109009,0.810425
0.298584,0.042725,1.144165
0.146729,-0.382812,0.930298
-0.271973,0.149170,1.011108
0.584839,-0.291138,1.161743
-0.400269,-0.099121,0.820801
0.263306,0.076782,1.143188
0.193115,-0.391846,0.947266
-0.299927,0.098267,0.967407
0.572388,-0.266846,1.148682
-0.365967,-0.156250,0.814819
0.218140,0.064453,1.130127
0.245361,-0.414795,0.946899
-0.342529,0.131714,0.941162
0.564331,-0.236084,1.127808
-0.299072,-0.204956,0.836792
0.149658,0.094849,1.126465
0.273560,-0.410645,0.954224
-0.389648,0.115234,0.909790
0.577759,-0.219482,1.150879
-0.262451,-0.239990,0.833374
0.078369,0.141602,1.107666
0.335815,-0.407593,0.979126
-0.424072,0.075073,0.876587
0.562134,-0.193848,1.159302
-0.210815,-0.259888,0.851440
0.018433,0.160400,1.088989
0.351807,-0.392944,0.980591
-0.429932,0.035522,0.862061
0.553711,-0.161987,1.177734
-0.120972,-0.302856,0.868408
-0.055176,0.169067,1.073486
0.369385,-0.385986,0.981445
-0.437378,-0.020508,0.840332
0.546753,-0.158325,1.182373
-0.072876,-0.315308,0.851318
-0.097900,0.199097,1.072998
0.408447,-0.350708,1.011353
-0.458008,-0.043213,0.823120
0.494019,-0.131226,1.171143
-0.050293,-0.334717,0.851929
-0.155396,0.193481,1.043457
0.452148,-0.350586,1.034912
-0.482178,-0.045898,0.806396
0.454346,-0.119385,1.159668
-0.010132,-0.326416,0.866577
-0.232544,0.218994,1.027466
0.476562,-0.301758,1.073486
-0.465210,-0.095459,0.790283
0.373901,-0.067261,1.153931
0.055786,-0.355835,0.897949
-0.292358,0.200806,0.992676
0.499023,-0.278320,1.078247
-0.418945,-0.123535,0.784424
0.285034,-0.028809,1.133179
0.124146,-0.386353,0.899414
-0.357178,0.161377,0.939819
0.533813,-0.269165,1.097412
-0.378662,-0.162964,0.775635
0.179565,0.054077,1.109741
0.213745,-0.411621,0.927246
-0.427124,0.140991,0.912598
0.536987,-0.240234,1.104980
-0.323120,-0.206543,0.803955
0.059204,0.108521,1.067871
0.266602,-0.399902,0.934448
-0.436890,0.041626,0.851318
0.524048,-0.199951,1.124756
-0.217529,-0.275513,0.803589
-0.034546,0.146240,1.047852
0.303223,-0.374023,0.942749
-0.461060,-0.004761,0.824463
0.499756,-0.161499,1.129883
-0.156494,-0.314087,0.784424
-0.103271,0.153076,1.031982
0.364502,-0.362915,0.966187
-0.495850,-0.030273,0.789917
0.441284,-0.135498,1.115723
-0.106445,-0.339844,0.787720
-0.197021,0.192749,1.021240
0.415161,-0.328125,0.997803
-0.511475,-0.033203,0.768555
0.380127,-0.107910,1.108154
-0.044678,-0.370483,0.824585
-0.280029,0.161743,0.970703
0.437012,-0.292480,1.028198
-0.512085,-0.054077,0.748291
0.309570,-0.063843,1.098389
0.040771,-0.383911,0.860474
-0.371338,0.180786,0.933594
0.466919,-0.286987,1.049805
-0.462036,-0.117310,0.748901
0.193359,0.020386,1.075928
0.112793,-0.402954,0.869629
-0.427246,0.132568,0.887695
0.484375,-0.250000,1.071045
-0.427979,-0.174927,0.745850
0.090210,0.093506,1.057007
0.192139,-0.440430,0.878418
-0.476562,0.095337,0.855835
0.488647,-0.229004,1.076904
-0.348999,-0.190918,0.757324
0.021240,0.119751,1.044922
0.231323,-0.399536,0.884277
-0.516479,0.050659,0.808228
0.485962,-0.235229,1.077271
-0.247437,-0.319092,0.754883
-0.054199,0.145752,1.012939
0.256104,-0.400391,0.877075
-0.541992,0.038574,0.783691
0.478149,-0.246826,1.069946
-0.207153,-0.361694,0.743164
-0.108398,0.128540,0.990479
0.278076,-0.365845,0.890503
-0.548096,0.041748,0.776489
0.448486,-0.220581,1.072388
-0.168335,-0.361572,0.756470
-0.203735,0.158203,0.967651
0.332886,-0.358276,0.930786
-0.569092,0.012329,0.754639
0.407715,-0.180786,1.069702
-0.142944,-0.360107,0.763428
-0.273804,0.177979,0.958008
0.375977,-0.372559,0.948120
-0.569946,0.027466,0.750732
0.342651,-0.116821,1.057007
-0.097290,-0.362793,0.788086
-0.322266,0.167969,0.926025
0.388306,-0.341553,0.966309
-0.577759,0.001831,0.726807
0.294434,-0.091309,1.047363
-0.053589,-0.375488,0.795776
-0.368896,0.197266,0.928345
0.394653,-0.295898,0.978516
-0.559326,-0.045044,0.723145
0.229980,-0.064331,1.036011
-0.012573,-0.402710,0.808594
-0.436279,0.180542,0.888916
0.432617,-0.306519,0.995728
-0.519653,-0.047485,0.719238
0.140869,0.054565,1.023560
0.035278,-0.372314,0.817261
-0.472534,0.146362,0.854614
0.446045,-0.302979,0.996338
-0.499268,-0.110474,0.710693
0.071655,0.090454,1.012329
0.108887,-0.396118,0.841187
-0.520996,0.153809,0.845215
0.440308,-0.268799,1.009155
-0.423584,-0.195435,0.720947
0.020996,0.115601,1.013184
0.159790,-0.408813,0.835205
-0.542603,0.124512,0.829224
0.433228,-0.229248,1.021606
-0.351685,-0.243652,0.725342
-0.044556,0.173828,1.008179
0.216431,-0.421875,0.853149
-0.583130,0.126099,0.810303
0.414429,-0.229858,1.008301
-0.281860,-0.302368,0.718628
-0.111450,0.163818,0.974487
0.255615,-0.383667,0.883911
-0.586182,0.056519,0.759521
0.418579,-0.202881,1.040527
-0.236572,-0.343750,0.703125
-0.181396,0.176880,0.953979
0.286865,-0.345947,0.901611
-0.596313,0.017700,0.738037
0.403320,-0.189209,1.045532
-0.199829,-0.370850,0.700806
-0.243286,0.187378,0.937500
0.337769,-0.357910,0.911987
0.354004,-0.153076,1.023682
-0.595947,0.037842,0.733643
0.283813,-0.121338,1.006592
-0.088135,-0.415894,0.743042
-0.390259,0.182739,0.875366
0.388916,-0.302124,0.956177
-0.569458,-0.007080,0.701660
0.193237,-0.006348,1.003418
-0.002563,-0.415771,0.789917
-0.455688,0.200317,0.866821
0.406494,-0.268433,0.978516
-0.537476,-0.077026,0.696533
0.105713,0.050659,1.000488
0.074219,-0.405640,0.822144
-0.529663,0.195068,0.844727
0.410889,-0.234009,0.987427
-0.442383,-0.131104,0.731689
0.023193,0.123901,1.005371
0.147949,-0.425659,0.823486
-0.575439,0.170166,0.810547
0.422729,-0.199707,1.005493
-0.321167,-0.206787,0.736450
-0.068481,0.166870,0.984741
0.222046,-0.385620,0.872803
-0.603760,0.104370,0.768433
0.411011,-0.180420,1.018066
-0.223145,-0.305054,0.726929
-0.140259,0.183716,0.963745
0.281006,-0.342041,0.889648
-0.620850,0.087891,0.736450
0.389771,-0.175049,1.019043
-0.144531,-0.366333,0.722534
-0.233154,0.167969,0.911011
0.326782,-0.311279,0.913818
-0.605957,0.059082,0.725342
0.308594,-0.110474,0.990112
-0.068237,-0.406006,0.747681
-0.344971,0.185791,0.883179
0.381104,-0.307495,0.934814
-0.565186,0.016724,0.698608
0.215698,0.015015,0.987183
-0.014038,-0.397461,0.763062
-0.428589,0.168091,0.854736
0.416016,-0.304565,0.969116
-0.518066,-0.055420,0.713745
0.117554,0.107300,1.001953
0.037598,-0.382690,0.763672
-0.492065,0.176514,0.845093
0.449951,-0.264160,1.000977
-0.427368,-0.141235,0.727417
0.032593,0.157471,1.004883
0.114990,-0.371826,0.810303
-0.580811,0.175171,0.795532
0.456421,-0.265259,0.998169
-0.330444,-0.247070,0.744385
-0.016602,0.155273,0.991089
0.177979,-0.345337,0.839844
-0.611206,0.179810,0.767090
0.440430,-0.238892,1.008545
-0.229614,-0.307861,0.752319
-0.064087,0.151001,0.972900
0.242065,-0.328125,0.879639
-0.629761,0.156006,0.726685
0.414795,-0.182861,0.992188
-0.143066,-0.350098,0.755493
-0.146240,0.138184,0.940552
0.289673,-0.322388,0.902588
-0.602417,0.136108,0.729126
0.379761,-0.096802,1.004883
-0.122925,-0.313599,0.753174
-0.206543,0.157471,0.928345
0.360229,-0.355225,0.918823
-0.608398,0.107422,0.743896
0.341187,-0.085083,1.001587
-0.075195,-0.379639,0.741577
-0.295776,0.188721,0.889771
0.396118,-0.353271,0.923584
-0.560547,0.023315,0.737793
0.274902,-0.033081,0.994629
-0.047852,-0.392578,0.742188
-0.358032,0.182007,0.855469
0.426514,-0.296631,0.973633
-0.532593,-0.027344,0.737427
0.191772,0.022095,0.984985
0.016846,-0.411865,0.756958
-0.402710,0.174316,0.843506
0.425659,-0.265381,0.956421
-0.496704,-0.058472,0.738037
0.143433,0.038086,1.008423
0.051758,-0.419434,0.787231
-0.491577,0.183472,0.812134
0.453857,-0.253174,0.985352
-0.426392,-0.098022,0.755859
0.055664,0.118530,1.003906
0.141235,-0.429321,0.818481
-0.550171,0.161377,0.788086
0.458130,-0.209595,1.002686
-0.314819,-0.161011,0.763672
-0.030396,0.186646,1.006226
0.209961,-0.410156,0.845703
-0.567383,0.106323,0.764771
0.441895,-0.178223,1.022217
-0.229126,-0.229492,0.766235
-0.095337,0.208008,0.975586
0.280640,-0.375488,0.880615
-0.602295,0.088989,0.735229
0.419922,-0.147583,1.030640
-0.131470,-0.324951,0.758545
-0.166504,0.204224,0.947144
0.323730,-0.366577,0.895142
-0.593140,0.097046,0.755371
0.385010,-0.148926,1.013428
-0.050903,-0.393433,0.777710
-0.242798,0.202637,0.905762
0.357178,-0.320068,0.912109
-0.561523,0.072510,0.743164
0.322144,-0.082520,0.999878
-0.003296,-0.414917,0.780518
-0.295288,0.149414,0.872925
0.403809,-0.316162,0.937744
-0.557373,0.012817,0.716553
0.250732,-0.040039,0.981567
0.040039,-0.449951,0.760132
-0.374023,0.159790,0.846680
0.438843,-0.299316,0.962158
-0.417114,-0.112183,0.748901
0.047974,0.180298,1.022217
0.052734,-0.420898,0.760498
-0.555786,0.142212,0.800293
0.468506,-0.253052,1.005859
-0.345215,-0.183472,0.750000
0.007568,0.178345,1.001587
0.185913,-0.367432,0.840088
-0.598511,0.163940,0.768677
0.465698,-0.235352,1.014038
-0.256836,-0.275391,0.749634
-0.052002,0.193604,0.985474
0.225586,-0.337402,0.858765
-0.598877,0.168579,0.758667
0.465698,-0.237305,1.002930
-0.217041,-0.256348,0.784546
-0.107422,0.192505,0.967407
0.278687,-0.374390,0.871826
-0.596680,0.138062,0.753052
0.428955,-0.149536,1.018433
-0.182983,-0.263428,0.756836
-0.146362,0.203491,0.951538
0.316162,-0.409180,0.888794
-0.598022,0.073975,0.755737
0.418335,-0.149170,1.033081
-0.143799,-0.284912,0.758179
-0.198730,0.228882,0.935425
0.348755,-0.358276,0.904297
-0.575684,0.049438,0.754395
0.392456,-0.160889,1.012817
-0.109985,-0.334229,0.761108
-0.245483,0.207764,0.903442
0.375977,-0.335205,0.917969
-0.544067,0.028809,0.757935
0.354736,-0.088013,1.017822
-0.063599,-0.382446,0.757446
-0.294434,0.191772,0.866577
0.387939,-0.324219,0.930908
-0.546631,-0.006104,0.742798
0.320068,-0.086304,1.007080
-0.030151,-0.416748,0.744019
-0.331665,0.186401,0.850464
0.407349,-0.290405,0.939575
-0.533081,-0.051880,0.725464
0.246704,-0.049072,0.995361
0.022095,-0.451050,0.749268
-0.368042,0.179810,0.854492
0.436890,-0.299438,0.949829
-0.521973,-0.019653,0.750977
0.199463,-0.037109,0.987061
0.056396,-0.435913,0.775269
-0.406128,0.154053,0.819824
0.438477,-0.251343,0.970337
-0.482788,-0.066040,0.739380
0.150269,0.058716,1.010986
0.083862,-0.437744,0.786987
-0.460083,0.121948,0.800537
0.454224,-0.280762,0.980347
-0.453613,-0.089111,0.740112
0.086914,0.096436,1.012207
0.131958,-0.436157,0.796875
-0.508179,0.134277,0.791626
0.471313,-0.263062,0.997192
-0.379272,-0.125122,0.776489
-0.005005,0.129761,0.990967
0.196899,-0.459961,0.830078
-0.529419,0.104736,0.766968
0.455688,-0.209961,1.012573
-0.298706,-0.180298,0.767944
-0.066406,0.164307,0.979004
0.257202,-0.441162,0.854980
-0.547119,0.064819,0.740479
0.448242,-0.203491,1.029419
-0.205688,-0.222046,0.787231
-0.145630,0.194214,0.958130
0.304199,-0.425537,0.882935
-0.558960,0.044189,0.749756
0.427368,-0.178711,1.035645
-0.110718,-0.318115,0.788818
-0.210815,0.211060,0.942993
0.347778,-0.388794,0.903564
-0.545044,0.003906,0.741211
0.361938,-0.105591,1.031128
-0.033203,-0.402344,0.771484
-0.241577,0.165771,0.918213
0.387695,-0.359375,0.932495
-0.552490,-0.037476,0.716064
0.286621,-0.110962,0.982910
0.029907,-0.470825,0.778809
-0.297607,0.129150,0.875854
0.421387,-0.306030,0.957153
-0.526123,-0.036011,0.736450
0.200439,-0.034790,0.989624
0.082764,-0.497437,0.791138
-0.376709,0.107178,0.837646
0.442993,-0.284424,0.976440
-0.446411,-0.101562,0.745972
0.119629,0.053955,1.004639
0.119995,-0.486938,0.789185
-0.451538,0.087646,0.798096
0.482300,-0.287476,1.005615
-0.396973,-0.140259,0.761353
0.031250,0.139893,1.014160
0.188965,-0.469604,0.817139
-0.490356,0.039673,0.761963
0.476807,-0.274780,1.019287
-0.319946,-0.202759,0.773071
-0.048096,0.151489,1.003906
0.271240,-0.455933,0.862427
-0.523071,0.031128,0.742920
0.437622,-0.219849,1.020386
-0.213135,-0.246948,0.785889
-0.122925,0.183594,0.991089
0.337036,-0.467896,0.902588
-0.535767,0.025757,0.755249
0.408936,-0.151733,1.046753
-0.129150,-0.269165,0.803589
-0.195679,0.182983,0.958984
0.388428,-0.440552,0.927246
-0.522339,-0.043213,0.746216
0.364014,-0.099243,1.047607
-0.010132,-0.360718,0.807861
-0.277710,0.187866,0.912354
0.411865,-0.392944,0.950439
-0.480103,-0.110718,0.753906
0.308960,-0.087280,1.032104
0.066528,-0.424805,0.801514
-0.362671,0.187622,0.888184
0.455566,-0.377319,0.975464
-0.455688,-0.147339,0.751221
0.203003,-0.015259,1.016357
0.110474,-0.444580,0.805420
-0.384277,0.144043,0.858765
0.471313,-0.297852,0.997559
-0.401489,-0.191162,0.753296
0.117920,0.033325,1.021362
0.154175,-0.465820,0.821167
-0.438110,0.084106,0.806030
0.480713,-0.262085,1.019897
-0.332642,-0.190430,0.776489
0.027954,0.105713,1.031250
0.264893,-0.493164,0.870361
-0.486328,0.029663,0.760864
0.472656,-0.239136,1.034790
-0.258789,-0.243652,0.791260
-0.056396,0.149292,1.016479
0.327881,-0.469238,0.915894
-0.513794,0.026978,0.772339
0.451782,-0.191772,1.064209
-0.159180,-0.294434,0.804199
-0.133423,0.187500,1.005005
0.380615,-0.441650,0.946167
-0.498657,-0.009155,0.774170
0.413452,-0.149536,1.057739
-0.082642,-0.333862,0.811401
-0.182617,0.173218,0.989624
0.423828,-0.412720,0.968018
-0.485474,-0.051636,0.775391
0.364624,-0.101929,1.060303
0.010376,-0.382080,0.822754
-0.228271,0.157837,0.952759
0.456909,-0.361938,1.003540
-0.462158,-0.097412,0.773071
0.315674,-0.083862,1.061401
0.070190,-0.442749,0.830200
-0.267212,0.124268,0.932007
0.463135,-0.309082,1.022217
-0.443481,-0.100220,0.783081
0.264038,-0.051636,1.055176
0.113281,-0.467041,0.832275
-0.329468,0.141113,0.911621
0.486938,-0.282227,1.038452
-0.404175,-0.117310,0.796387
0.193359,-0.002930,1.049927
0.173096,-0.498291,0.852783
-0.383057,0.082275,0.871582
0.526611,-0.245483,1.081177
-0.367432,-0.149170,0.781860
0.107178,0.070068,1.041748
0.269165,-0.516113,0.902832
-0.410278,0.013672,0.829712
0.508667,-0.224731,1.085815
-0.302368,-0.183472,0.796997
0.037354,0.150635,1.047119
0.337036,-0.483643,0.948120
-0.453735,-0.000977,0.808105
0.500610,-0.203125,1.102173
-0.242798,-0.239624,0.805664
-0.015259,0.191895,1.057617
0.392578,-0.459961,0.962036
-0.483032,0.036377,0.817383
0.476196,-0.179443,1.101440
-0.152344,-0.274902,0.832275
-0.081543,0.203613,1.058594
0.418213,-0.410156,0.997559
-0.479126,-0.005371,0.814575
0.456299,-0.144531,1.117920
-0.062500,-0.322266,0.839844
-0.141602,0.212891,1.035278
0.451538,-0.375244,1.020142
-0.447510,-0.051636,0.808350
0.422852,-0.098511,1.128296
0.040161,-0.366333,0.868042
-0.202271,0.190674,1.010498
0.484619,-0.327881,1.054199
-0.433472,-0.099121,0.800781
0.371094,-0.075073,1.122437
0.089111,-0.419312,0.866943
-0.261108,0.189453,0.991699
0.516479,-0.291382,1.078491
-0.396851,-0.115723,0.808228
0.294800,-0.000122,1.118530
0.143799,-0.413208,0.901001
-0.316650,0.151611,0.955322
0.531738,-0.272949,1.104248
-0.356445,-0.170532,0.807617
0.229858,0.049683,1.120483
0.222046,-0.452271,0.911743
-0.371948,0.134766,0.912964
0.541992,-0.250122,1.109619
-0.298706,-0.200195,0.822754
0.154541,0.097900,1.098267
0.293945,-0.437622,0.943848
-0.400879,0.078369,0.860474
0.541382,-0.217773,1.118896
-0.244019,-0.236206,0.828857
0.075073,0.125000,1.093506
0.370239,-0.436523,0.991455
-0.452881,0.082642,0.848999
0.518066,-0.127808,1.145142
-0.151489,-0.241577,0.870117
-0.023193,0.174438,1.093872
0.407349,-0.411133,1.021362
-0.443359,-0.003540,0.837524
0.504395,-0.121704,1.154907
-0.049561,-0.281128,0.880127
-0.117676,0.238770,1.077637
0.464233,-0.348633,1.056763
-0.427002,-0.075684,0.821777
0.450317,-0.079834,1.171265
0.045532,-0.354736,0.891235
-0.174072,0.225708,1.055664
0.507080,-0.307739,1.084717
-0.421021,-0.097656,0.807983
0.386597,-0.053711,1.166504
0.092896,-0.390503,0.909424
-0.257446,0.212891,1.025391
0.541260,-0.273926,1.119873
-0.390869,-0.105469,0.819824
0.290283,0.022461,1.147217
0.193115,-0.429321,0.933594
-0.314575,0.150146,0.968872
0.550537,-0.251587,1.126221
-0.327393,-0.166992,0.835083
0.208252,0.083496,1.115234
0.281616,-0.420898,0.963257
-0.378052,0.088257,0.907715
0.561890,-0.216919,1.149292
-0.260742,-0.233643,0.826904
0.100098,0.157227,1.112183
0.343994,-0.408813,0.986694
-0.415283,0.074463,0.890503
0.556396,-0.201782,1.156738
-0.183716,-0.248169,0.866211
0.020630,0.202515,1.100220
0.389771,-0.366211,1.008301
-0.424927,0.000610,0.851318
0.533691,-0.156616,1.177612
-0.070435,-0.316406,0.880981
-0.061646,0.224487,1.104126
0.422729,-0.346436,1.025757
-0.436768,-0.003784,0.844727
0.496338,-0.149536,1.155273
-0.005249,-0.369263,0.879883
-0.113281,0.181885,1.073853
0.473389,-0.324341,1.061035
-0.440063,-0.017822,0.832520
0.437622,-0.071533,1.173828
0.014648,-0.358032,0.893799
-0.191284,0.184326,1.056885
0.515137,-0.295166,1.115845
-0.429688,-0.065918,0.828247
0.385376,-0.011841,1.169067
0.076172,-0.354858,0.908203
-0.262817,0.203003,1.034668
0.545288,-0.284790,1.128784
-0.396606,-0.134521,0.803223
0.311157,0.017944,1.150024
0.163574,-0.381104,0.923706
-0.312012,0.177979,0.968628
0.546509,-0.227173,1.126099
-0.336792,-0.192505,0.821289
0.218506,0.036133,1.137207
0.242432,-0.425415,0.956909
-0.381348,0.121338,0.909790
0.563110,-0.203491,1.144287
-0.276978,-0.189209,0.836914
0.106812,0.109741,1.113525
0.309937,-0.417603,0.986084
-0.414429,0.061523,0.875732
0.558838,-0.170654,1.161133
-0.191528,-0.239990,0.855713
-0.002563,0.166748,1.091187
0.367920,-0.398071,0.990967
-0.432495,-0.017944,0.854248
0.533447,-0.160034,1.170776
-0.081299,-0.312378,0.861328
-0.088501,0.211426,1.077271
0.419434,-0.365723,1.009888
-0.448242,-0.040283,0.829590
0.492554,-0.134521,1.170898
-0.036377,-0.346680,0.866089
-0.155029,0.206543,1.049438
0.451660,-0.306030,1.051636
-0.478516,-0.037476,0.799316
0.444580,-0.128906,1.163452
0.005249,-0.360718,0.882080
-0.234009,0.207520,1.032104
0.486816,-0.282715,1.077637
-0.451294,-0.078247,0.801270
0.345093,-0.077393,1.131714
0.079956,-0.379395,0.905884
-0.282593,0.158569,0.982056
0.490479,-0.245972,1.096436
-0.413330,-0.125244,0.771484
0.287109,-0.009277,1.140259
0.134888,-0.410767,0.907593
-0.368896,0.146362,0.938354
0.544189,-0.277954,1.098022
-0.358887,-0.148071,0.795166
0.163330,0.069214,1.096069
0.199097,-0.402100,0.922241
-0.399780,0.100220,0.907837
0.550659,-0.235474,1.122681
-0.319458,-0.225708,0.788330
0.083618,0.114380,1.077026
0.256714,-0.383789,0.934692
-0.445557,0.059937,0.874756
0.526001,-0.226807,1.114014
-0.235229,-0.280273,0.813477
0.034424,0.120239,1.074463
0.290283,-0.361450,0.945312
-0.479492,0.048950,0.828491
0.511108,-0.211182,1.122070
-0.155151,-0.342041,0.811401
-0.048950,0.131836,1.049438
0.333740,-0.363525,0.957886
-0.475342,0.005859,0.803101
0.483643,-0.148438,1.128784
-0.142334,-0.284180,0.792603
-0.113281,0.166748,1.045776
0.381958,-0.362061,0.982422
-0.495239,-0.035034,0.801758
0.448242,-0.135498,1.135864
-0.117920,-0.347290,0.781738
-0.235107,0.210205,1.008423
0.430542,-0.338623,1.006714
-0.490479,-0.071167,0.789795
0.382568,-0.112671,1.117188
-0.051880,-0.338379,0.824951
-0.286987,0.183960,0.948608
0.446533,-0.305542,1.029297
-0.480835,-0.109985,0.764404
0.313110,-0.086304,1.102417
-0.000244,-0.366699,0.828003
-0.342896,0.180420,0.925659
0.469971,-0.274048,1.049805
-0.450073,-0.127441,0.759521
0.232300,-0.020630,1.088623
0.068481,-0.435303,0.846558
-0.403687,0.147217,0.895264
0.481689,-0.256226,1.066895
-0.426270,-0.128784,0.773438
0.150391,0.048462,1.075439
0.140503,-0.421875,0.875854
-0.458496,0.125366,0.869873
0.490356,-0.247437,1.063843
-0.384766,-0.208862,0.762207
0.058350,0.106323,1.062988
0.205811,-0.408936,0.888916
-0.489990,0.104004,0.852173
0.474487,-0.214966,1.076660
-0.303223,-0.272339,0.769287
-0.007690,0.104126,1.036621
0.247070,-0.397949,0.908936
-0.523071,0.055908,0.803101
0.473145,-0.210083,1.081665
-0.235840,-0.312256,0.758423
-0.080200,0.114990,1.004395
0.283691,-0.364990,0.911255
-0.540161,0.026367,0.775024
0.462891,-0.198120,1.088989
-0.195068,-0.340088,0.733032
-0.181519,0.151611,0.974487
0.331787,-0.364014,0.930664
-0.542480,-0.010376,0.764771
0.414185,-0.159790,1.081421
-0.161865,-0.366333,0.743286
-0.278564,0.185181,0.949097
0.384155,-0.363403,0.954834
-0.529785,-0.026245,0.754761
0.358398,-0.100830,1.081543
-0.141357,-0.330200,0.770020
-0.319214,0.165283,0.921021
0.409668,-0.368042,0.971802
-0.541138,-0.067627,0.727905
0.304443,-0.067383,1.078735
-0.077637,-0.362793,0.784790
-0.375732,0.194336,0.915039
0.411133,-0.331665,0.974854
-0.529785,-0.069458,0.729370
0.257324,-0.062500,1.064819
-0.029053,-0.387329,0.808594
-0.442383,0.181274,0.875977
0.423828,-0.296021,0.997803
-0.480225,-0.107788,0.734253
0.165283,0.017456,1.045044
0.040283,-0.408936,0.809692
-0.489380,0.174561,0.849609
0.443237,-0.277588,1.010742
-0.466919,-0.137695,0.732788
0.081055,0.094482,1.033569
0.121338,-0.404175,0.847778
-0.525269,0.156128,0.839844
0.437622,-0.276978,1.003906
-0.394531,-0.219360,0.729004
0.019409,0.122192,1.037598
0.169067,-0.387817,0.860718
-0.568359,0.115479,0.804810
0.445679,-0.253662,1.025635
-0.304810,-0.280151,0.719604
-0.073120,0.144409,0.990601
0.238403,-0.397339,0.877808
-0.587158,0.066772,0.769287
0.431641,-0.205444,1.040161
-0.240601,-0.306396,0.723022
-0.148193,0.138184,0.972778
0.282104,-0.398438,0.896484
-0.591675,0.041504,0.745239
0.395508,-0.167847,1.034058
-0.192383,-0.315674,0.731323
-0.233887,0.176514,0.959351
0.346558,-0.373169,0.931030
-0.585938,0.025024,0.742310
0.323486,-0.115356,1.024780
-0.147339,-0.356689,0.736938
-0.319458,0.157715,0.899780
0.381836,-0.354126,0.944824
-0.588257,-0.031494,0.716064
0.249268,-0.043945,1.031006
-0.076782,-0.381470,0.753784
-0.418457,0.234741,0.891602
0.401367,-0.317627,0.966675
-0.544434,-0.114502,0.691284
0.173706,-0.045654,1.008545
0.002563,-0.414673,0.784424
-0.506958,0.223755,0.855225
0.420654,-0.260132,0.987915
-0.454834,-0.117065,0.735962
0.049927,0.101440,1.017822
0.111572,-0.423828,0.817261
-0.557495,0.175537,0.821289
0.442749,-0.255615,0.990967
-0.373047,-0.185303,0.738525
-0.043457,0.145020,0.995483
0.214600,-0.428711,0.851807
-0.591675,0.125366,0.789185
0.403931,-0.187134,1.006226
-0.259399,-0.302002,0.708740
-0.133789,0.161499,0.964478
0.270874,-0.384277,0.889771
-0.611450,0.085327,0.763428
0.381226,-0.152832,1.015015
-0.170410,-0.364868,0.713257
-0.219604,0.171753,0.934570
0.323853,-0.347290,0.904907
-0.597900,0.071289,0.746338
0.339600,-0.139893,1.008911
-0.137085,-0.361572,0.734375
-0.300293,0.149048,0.890381
0.367432,-0.332153,0.930908
-0.578735,0.036255,0.722412
0.251953,-0.047241,0.989380
-0.065430,-0.370605,0.753662
-0.389282,0.172729,0.868408
0.393677,-0.325073,0.944824
-0.546753,-0.042480,0.699707
0.188354,0.029297,0.997559
-0.035767,-0.357300,0.755249
-0.438232,0.207764,0.873779
0.418335,-0.303345,0.969360
-0.533203,-0.095581,0.698730
0.127686,0.046753,1.003540
0.039795,-0.391846,0.791138
-0.515503,0.209595,0.842896
0.424561,-0.266968,0.977539
-0.468140,-0.127930,0.721069
0.064087,0.087036,1.004761
0.107544,-0.405029,0.814331
-0.559448,0.196411,0.818726
0.424927,-0.204712,1.006470
-0.395508,-0.172729,0.719604
0.008667,0.124268,1.007080
0.176758,-0.433105,0.838257
-0.581177,0.160034,0.808838
0.424805,-0.171753,1.009399
-0.301636,-0.191284,0.746704
-0.076416,0.165405,0.981934
0.240845,-0.401611,0.869873
-0.597778,0.114624,0.760864
0.409546,-0.150146,1.015991
-0.222290,-0.297607,0.709839
-0.158447,0.204346,0.973389
0.299072,-0.374756,0.888794
-0.604492,0.079346,0.761108
0.380371,-0.156250,1.007202
-0.146973,-0.335815,0.738525
-0.257690,0.213257,0.914429
0.359131,-0.354858,0.916748
-0.591797,0.040771,0.734985
0.322266,-0.096802,1.008789
-0.081665,-0.398438,0.729858
-0.326050,0.214722,0.884888
0.396851,-0.317139,0.932861
-0.572510,0.039795,0.731812
0.230469,-0.050171,0.980103
-0.022339,-0.431274,0.750122
-0.402344,0.199707,0.854736
0.413574,-0.278198,0.950684
-0.513794,-0.027832,0.726807
0.129517,0.076050,0.997437
0.052002,-0.385254,0.797363
-0.475708,0.153809,0.829590
0.437134,-0.247437,0.987061
-0.460449,-0.061279,0.757324
0.052246,0.159790,1.012329
0.129150,-0.399414,0.811157
-0.546021,0.154175,0.806030
0.434204,-0.213257,1.005981
-0.342407,-0.165039,0.749268
-0.012207,0.205078,1.008545
0.206909,-0.389282,0.850098
-0.598267,0.134155,0.776611
0.445312,-0.204224,1.018555
-0.248901,-0.276489,0.730957
-0.099121,0.220947,0.985596
0.270386,-0.350464,0.880859
-0.587891,0.112183,0.770264
0.426270,-0.167725,1.026489
-0.168457,-0.332520,0.734131
-0.177490,0.195312,0.930176
0.339722,-0.351562,0.898560
-0.602539,0.119751,0.754517
0.384155,-0.138550,1.017822
-0.110107,-0.339355,0.775635
-0.227539,0.157104,0.893677
0.371460,-0.318970,0.919678
-0.594482,0.113525,0.749512
0.323120,-0.078247,0.997559
-0.031616,-0.387329,0.770264
-0.306519,0.166382,0.867188
0.391235,-0.304199,0.934448
-0.541260,0.008057,0.729614
0.250854,-0.012817,0.991211
-0.007812,-0.404907,0.742065
-0.357788,0.157837,0.844971
0.438232,-0.301270,0.951904
-0.515747,-0.033447,0.735474
0.182739,0.037476,0.995361
0.025391,-0.390991,0.762207
-0.409180,0.166138,0.835571
0.441040,-0.264648,0.975830
-0.500610,-0.076904,0.733643
0.132202,0.058105,1.008667
0.083862,-0.422119,0.787231
-0.482178,0.172974,0.803589
0.455078,-0.234131,0.986572
-0.431274,-0.105591,0.752075
0.059326,0.093140,0.995605
0.154297,-0.441650,0.819824
-0.525146,0.144653,0.791992
0.443359,-0.198364,1.002686
-0.359497,-0.149780,0.741699
-0.025146,0.153931,0.987793
0.230713,-0.445068,0.848999
-0.565674,0.103027,0.762329
0.428223,-0.147217,1.020020
-0.256226,-0.164429,0.769165
-0.122803,0.218750,0.967773
0.308472,-0.432739,0.882690
-0.569946,0.055786,0.756836
0.423340,-0.138550,1.034912
-0.146484,-0.284912,0.757812
-0.197754,0.231201,0.940308
0.349854,-0.380493,0.906616
-0.569092,0.033325,0.763672
0.383911,-0.136841,1.025635
-0.068237,-0.361572,0.757324
-0.259888,0.221802,0.895630
0.377075,-0.318604,0.921997
-0.536499,-0.004150,0.752441
0.308960,-0.082031,1.004150
-0.004883,-0.427124,0.769775
-0.336182,0.150146,0.839966
0.410889,-0.311646,0.950195
-0.520630,-0.015259,0.739990
0.229980,-0.020264,1.004150
0.048950,-0.438721,0.762085
-0.408691,0.157349,0.829224
0.429443,-0.310181,0.948975
-0.480225,-0.087280,0.740723
0.142700,0.068481,1.015381
0.099609,-0.442383,0.786621
-0.465576,0.120850,0.801758
0.453613,-0.271729,0.976562
-0.418823,-0.131348,0.747803
0.051758,0.152100,1.020020
0.166138,-0.433105,0.817017
-0.510742,0.101318,0.770386
0.453125,-0.260376,0.990112
-0.343384,-0.177368,0.754028
-0.022461,0.159180,1.001465
0.237549,-0.423340,0.856934
-0.546631,0.078247,0.753296
0.451538,-0.235840,1.011841
-0.258545,-0.236572,0.763306
-0.096313,0.191528,0.982788
0.302490,-0.412109,0.885864
-0.563232,0.063599,0.747437
0.432007,-0.205566,1.019287
-0.152710,-0.289795,0.788086
-0.173462,0.194580,0.953613
0.344360,-0.384888,0.911621
-0.549683,0.019043,0.755615
0.380737,-0.139160,1.024780
-0.083496,-0.342041,0.781738
-0.225464,0.157349,0.910645
0.391113,-0.405640,0.924927
-0.547485,-0.023193,0.745239
0.338013,-0.092773,1.018188
-0.018311,-0.393921,0.766235
-0.294067,0.179321,0.879028
0.417969,-0.351196,0.950073
-0.492798,-0.110474,0.747925
0.272827,-0.085815,1.002808
0.034302,-0.416016,0.769897
-0.370483,0.167847,0.842285
0.447754,-0.316895,0.967896
-0.462280,-0.130249,0.746460
0.187012,-0.048340,0.997314
0.084229,-0.480957,0.775146
-0.406616,0.123657,0.793701
0.459351,-0.268555,0.978149
-0.432373,-0.058838,0.777222
0.117676,0.018555,1.005615
0.142822,-0.503662,0.797729
-0.463257,0.080078,0.772461
0.457642,-0.247070,0.998779
-0.392700,-0.137573,0.747681
0.040894,0.118774,1.018921
0.224609,-0.500854,0.834717
-0.506470,0.058594,0.765259
0.467529,-0.249756,1.023560
-0.307129,-0.211670,0.764893
-0.059814,0.176758,1.008545
0.278076,-0.486694,0.859009
-0.521729,0.033081,0.751465
0.452271,-0.221802,1.034302
-0.221313,-0.247803,0.784790
-0.122070,0.208252,0.997437
0.314575,-0.429932,0.900391
-0.521362,0.018433,0.763428
0.430664,-0.218872,1.039307
-0.149170,-0.300415,0.801270
-0.170654,0.187866,0.981445
0.365723,-0.420410,0.922852
-0.528442,0.020630,0.760742
0.384155,-0.162842,1.033569
-0.051147,-0.381958,0.801514
-0.216309,0.178101,0.958252
0.418823,-0.312378,0.947876
-0.515747,-0.045532,0.732544
0.222778,-0.024902,0.994995
0.065430,-0.452271,0.786743
-0.386108,0.134644,0.828857
0.438965,-0.302979,0.959229
-0.490967,-0.038940,0.745483
0.154297,0.033936,0.996094
0.104858,-0.465942,0.790894
-0.428833,0.123047,0.807739
0.446289,-0.273071,0.989502
-0.454224,-0.130981,0.727905
0.103394,0.054688,1.008911
0.146606,-0.464478,0.810547
-0.489746,0.139404,0.784424
0.453857,-0.243408,0.988281
-0.378906,-0.163940,0.755981
0.038574,0.093384,1.013916
0.197754,-0.481812,0.819824
-0.519531,0.102539,0.764038
0.456299,-0.218994,1.004150
-0.306641,-0.149170,0.793945
-0.038208,0.113159,0.998901
0.261108,-0.475098,0.862671
-0.538574,0.068970,0.734985
0.431274,-0.178101,1.011719
-0.221802,-0.208374,0.799927
-0.113159,0.158203,0.977173
0.317017,-0.455200,0.892456
-0.539307,0.036499,0.750732
0.405029,-0.150269,1.020264
-0.128174,-0.291382,0.795044
-0.186035,0.185425,0.961792
0.361328,-0.425293,0.912598
-0.532715,-0.008545,0.747925
0.383545,-0.125732,1.032837
-0.055786,-0.347168,0.783691
-0.247925,0.185547,0.926025
0.396118,-0.395020,0.934570
-0.523071,-0.070923,0.756836
0.327271,-0.117676,1.016724
0.006714,-0.421631,0.781372
-0.293945,0.170410,0.891846
0.424683,-0.344971,0.966553
-0.489014,-0.083984,0.769897
0.251587,-0.073364,1.015869
0.057617,-0.493164,0.766357
-0.339111,0.125977,0.852539
0.443115,-0.305176,0.973755
-0.471069,-0.091187,0.750488
0.186279,-0.031372,1.006104
0.122314,-0.519897,0.792236
-0.414795,0.098999,0.822266
0.465088,-0.290527,0.994995
-0.425293,-0.139648,0.742920
0.102051,0.074951,1.016968
0.171875,-0.487549,0.825684
-0.452881,0.079468,0.804443
0.471313,-0.267822,1.003906
-0.364136,-0.170654,0.756836
0.021118,0.105713,1.005615
0.243042,-0.505981,0.850342
-0.485352,0.035278,0.770630
0.482300,-0.242920,1.036255
-0.295532,-0.232178,0.755371
-0.069458,0.171509,1.006714
0.299561,-0.489014,0.890625
-0.507568,0.001221,0.756104
0.457031,-0.219604,1.048462
-0.211792,-0.246460,0.792236
-0.125000,0.214355,0.995728
0.339233,-0.426514,0.923828
-0.515503,-0.023315,0.762939
0.422485,-0.220337,1.047485
-0.125977,-0.308594,0.810059
-0.143311,0.182861,0.991455
0.374390,-0.369629,0.954956
-0.517700,0.007935,0.784912
0.406494,-0.193115,1.046143
-0.041870,-0.388306,0.813965
-0.192505,0.142334,0.953369
0.408203,-0.360596,0.966309
-0.507324,-0.025635,0.765991
0.353394,-0.143311,1.029663
0.017212,-0.429077,0.814575
-0.229492,0.115234,0.934570
0.437378,-0.352417,0.984253
-0.477417,-0.073730,0.764282
0.301270,-0.085815,1.042969
0.065063,-0.466675,0.812744
-0.295044,0.137329,0.923340
0.467896,-0.359009,0.992920
-0.455200,-0.075317,0.770264
0.252808,-0.029541,1.037109
0.098022,-0.422363,0.839966
-0.332153,0.116821,0.909180
0.481567,-0.349854,1.014648
-0.440186,-0.145020,0.769775
0.235962,-0.003052,1.064331
0.119751,-0.419800,0.836670
-0.370972,0.168335,0.895630
0.491333,-0.330688,1.029419
-0.401489,-0.177490,0.787231
0.199951,-0.018188,1.054565
0.151978,-0.429810,0.849487
-0.401978,0.156250,0.875244
0.504395,-0.308105,1.028320
-0.376465,-0.203247,0.763916
0.131836,0.017700,1.036865
0.213501,-0.447021,0.878784
-0.415649,0.094238,0.848633
0.508667,-0.280396,1.047729
-0.336670,-0.196777,0.788696
0.080688,0.058838,1.029785
0.274902,-0.484863,0.898682
-0.451172,0.076172,0.800781
0.494751,-0.210327,1.064941
-0.252197,-0.220703,0.812012
0.010742,0.124390,1.041870
0.337769,-0.513306,0.917358
-0.475464,0.030640,0.791626
0.483154,-0.167847,1.090454
-0.196045,-0.231445,0.809326
-0.053101,0.197632,1.061646
0.387939,-0.483154,0.952393
-0.486938,0.007324,0.797729
0.457153,-0.136719,1.098755
-0.120850,-0.264282,0.836792
-0.132324,0.219604,1.040527
0.428711,-0.445068,0.992676
-0.479370,-0.050537,0.796875
0.407837,-0.078247,1.108765
-0.007935,-0.352661,0.845215
-0.185547,0.208862,1.021362
0.459595,-0.384521,1.016968
-0.455444,-0.103271,0.776245
0.371948,-0.088745,1.096924
0.065552,-0.404663,0.857056
-0.235474,0.201538,0.998779
0.502808,-0.325806,1.054443
-0.426880,-0.105103,0.794556
0.305786,-0.038208,1.087402
0.098755,-0.405151,0.873779
-0.291626,0.158691,0.973145
0.511963,-0.276001,1.079956
-0.408936,-0.124390,0.788086
0.253174,0.004639,1.095825
0.185547,-0.467163,0.893555
-0.368408,0.100220,0.895752
0.540283,-0.256592,1.100830
-0.337646,-0.170898,0.807251
0.146606,0.090942,1.084961
0.268555,-0.474243,0.918701
-0.403809,0.057617,0.860962
0.549683,-0.227295,1.116089
-0.287354,-0.197144,0.801758
0.061890,0.157837,1.082397
0.346191,-0.486206,0.944702
-0.448853,0.052002,0.847656
0.532959,-0.196655,1.125854
-0.209961,-0.249390,0.825806
-0.013916,0.210938,1.083618
0.390381,-0.429077,0.982178
-0.450562,0.028809,0.846680
0.502319,-0.145142,1.140991
-0.112671,-0.252075,0.873413
-0.076050,0.210938,1.075928
0.425781,-0.414185,1.015259
-0.449097,-0.035156,0.823364
0.474609,-0.116455,1.149658
-0.027222,-0.319702,0.865601
-0.135254,0.249023,1.074219
0.475464,-0.360840,1.045898
-0.444336,-0.052734,0.825073
0.433594,-0.092285,1.144653
0.056274,-0.383301,0.880249
-0.183960,0.223633,1.051514
0.493896,-0.318237,1.066406
-0.435425,-0.072388,0.822144
0.403076,-0.094360,1.140259
0.075195,-0.372314,0.903442
-0.231445,0.223877,1.021362
0.516235,-0.264404,1.092407
-0.399170,-0.107666,0.822388
0.344360,-0.062866,1.136719
0.112305,-0.412842,0.896729
-0.276855,0.150024,0.968384
0.561523,-0.264648,1.136230
-0.380615,-0.136108,0.822144
0.256958,0.031250,1.135376
0.197876,-0.443848,0.928955
-0.318115,0.092529,0.923706
0.572876,-0.237061,1.148193
-0.326172,-0.150879,0.834717
0.171997,0.084961,1.094360
0.282715,-0.460938,0.954834
-0.378784,0.069214,0.898682
0.572998,-0.226685,1.150146
-0.256714,-0.208374,0.847168
0.086548,0.157715,1.094604
0.338013,-0.427368,0.978271
-0.410034,0.061768,0.878906
0.560669,-0.188721,1.170166
-0.190674,-0.246826,0.859131
0.004517,0.204712,1.097412
0.394897,-0.403320,1.004639
-0.435181,0.027588,0.862915
0.543335,-0.179443,1.158447
-0.104126,-0.262573,0.887085
-0.055298,0.231567,1.083008
0.436279,-0.360840,1.032227
-0.448120,-0.010498,0.831299
0.519043,-0.152344,1.182861
-0.002808,-0.350098,0.891602
-0.121582,0.237305,1.082886
0.453857,-0.313354,1.048584
-0.441528,-0.051514,0.830566
0.475464,-0.113525,1.179932
0.022339,-0.387207,0.877197
-0.177002,0.223145,1.058716
0.499756,-0.305420,1.080566
-0.428345,-0.059082,0.826050
0.413452,-0.097534,1.148193
0.069946,-0.411011,0.906494
-0.242798,0.192261,1.027100
0.527466,-0.249756,1.123047
-0.400146,-0.094116,0.810181
0.351807,-0.003662,1.162109
0.139160,-0.427490,0.921875
-0.286987,0.164307,1.000366
0.540894,-0.265625,1.122070
-0.375977,-0.138062,0.822998
0.297363,0.032227,1.152710
0.185669,-0.400024,0.937012
-0.324097,0.132324,0.959961
0.556641,-0.244263,1.138672
-0.347168,-0.183594,0.815674
0.232422,0.052612,1.131592
0.246582,-0.421143,0.960693
-0.372803,0.124878,0.924805
0.567139,-0.216431,1.145386
-0.306030,-0.207275,0.818481
0.161255,0.096802,1.127441
0.287964,-0.435059,0.962769
-0.403320,0.110229,0.906982
0.587036,-0.216675,1.166992
-0.266724,-0.225830,0.831543
0.063965,0.143799,1.097290
0.343750,-0.410156,0.990356
-0.394409,0.080200,0.898926
0.545654,-0.158325,1.157227
-0.222656,-0.258179,0.836548
0.031738,0.142212,1.096558
0.371460,-0.410278,0.997070
-0.424927,0.043823,0.863525
0.549316,-0.140747,1.172485
-0.133057,-0.267944,0.865967
-0.047485,0.200684,1.092651
0.401123,-0.406616,1.008789
-0.450317,-0.009033,0.846558
0.536133,-0.165405,1.176270
-0.057373,-0.331909,0.880127
-0.101440,0.201538,1.065674
0.430298,-0.351196,1.021851
-0.450317,-0.033691,0.823242
0.492554,-0.123413,1.176147
-0.036499,-0.324219,0.858887
-0.149780,0.229370,1.071167
0.463135,-0.328247,1.040161
-0.448120,-0.071899,0.824707
0.447876,-0.117798,1.163086
-0.011475,-0.314453,0.875488
-0.204346,0.235718,1.045776
0.494263,-0.281738,1.077881
-0.444824,-0.097046,0.814575
0.376465,-0.088867,1.152954
0.061035,-0.371460,0.896240
-0.266235,0.187378,0.996826
0.511230,-0.270142,1.093140
-0.409668,-0.111694,0.808838
0.303711,-0.037354,1.134155
0.133789,-0.396484,0.904907
-0.333984,0.149048,0.939209
0.534424,-0.257324,1.106812
-0.359375,-0.156738,0.814331
0.199951,0.036499,1.114258
0.209839,-0.418945,0.936401
-0.402832,0.093262,0.898071
0.540405,-0.218140,1.131226
-0.296753,-0.214111,0.804565
0.101929,0.133789,1.103516
0.287598,-0.409912,0.948120
-0.436279,0.064819,0.874512
0.528809,-0.182983,1.132080
-0.222046,-0.263550,0.811035
0.001831,0.156128,1.076172
0.343018,-0.377563,0.967896
-0.453735,0.003418,0.838135
0.513550,-0.171753,1.139404
-0.113770,-0.343262,0.816040
-0.092529,0.177612,1.042480
0.375366,-0.343384,0.989136
-0.464111,-0.042969,0.810913
0.486694,-0.154785,1.155518
-0.087769,-0.351196,0.819946
-0.179077,0.204834,1.031616
0.423706,-0.324463,1.013916
-0.485962,-0.034180,0.800293
0.413574,-0.119141,1.142944
-0.030884,-0.362183,0.848633
-0.261475,0.194214,0.997314
0.459717,-0.294312,1.046143
-0.472534,-0.071655,0.778442
0.340576,-0.076294,1.127808
0.049561,-0.388794,0.865234
-0.330566,0.185913,0.955078
0.486938,-0.275879,1.063721
-0.432251,-0.107788,0.774048
0.248535,-0.005249,1.113770
0.126343,-0.420044,0.879150
-0.395630,0.163452,0.919189
0.501953,-0.250854,1.077026
-0.385986,-0.158691,0.776733
0.136963,0.081055,1.090576
0.205200,-0.409058,0.914917
-0.450684,0.107788,0.881348
0.503418,-0.227417,1.088623
-0.332031,-0.223389,0.778198
0.049194,0.115601,1.065308
0.263184,-0.390869,0.928345
-0.482544,0.061035,0.843750
0.507202,-0.229614,1.091431
-0.218750,-0.275269,0.791382
-0.041748,0.144165,1.035645
0.308472,-0.371582,0.929932
-0.485352,0.020874,0.808228
0.473999,-0.192017,1.094360
-0.183350,-0.334595,0.777710
-0.132568,0.140747,1.007690
0.365967,-0.369507,0.960938
-0.505493,-0.006226,0.785278
0.427490,-0.130615,1.109863
-0.138672,-0.341797,0.786133
-0.204346,0.155396,0.998901
0.395142,-0.337158,0.985107
-0.521606,-0.031616,0.767700
0.389526,-0.120117,1.107788
-0.091675,-0.341919,0.813110
-0.297485,0.180176,0.960205
0.427734,-0.315063,1.006348
-0.494263,-0.060547,0.767334
0.305908,-0.067871,1.094727
-0.029297,-0.364014,0.830322
-0.357910,0.174072,0.926758
0.445801,-0.296387,1.018311
-0.457886,-0.096191,0.754639
0.221313,-0.000732,1.076538
0.047241,-0.390259,0.840332
-0.425537,0.143311,0.889038
0.463745,-0.263184,1.040527
-0.457764,-0.147461,0.740601
0.131836,0.042114,1.054321
0.145752,-0.423340,0.872192
-0.483765,0.132080,0.864014
0.461792,-0.219482,1.044556
-0.388428,-0.182007,0.758789
0.044556,0.105347,1.049316
0.212891,-0.421509,0.881104
-0.526001,0.084961,0.822876
0.453369,-0.229614,1.046143
-0.283569,-0.268188,0.741577
-0.043579,0.147461,1.015869
0.252686,-0.366211,0.899170
-0.528687,0.024292,0.794312
0.465454,-0.241455,1.066650
-0.234741,-0.333252,0.728638
-0.135986,0.157227,0.983032
0.316162,-0.370361,0.913086
-0.565796,0.025513,0.766602
0.433350,-0.223999,1.057007
-0.172607,-0.361206,0.734985
-0.220337,0.163818,0.964233
0.357666,-0.351074,0.935791
-0.571411,0.025513,0.758667
0.372070,-0.178711,1.047974
-0.127197,-0.386597,0.769653
-0.284424,0.155762,0.928833
0.373779,-0.323364,0.959351
-0.572510,-0.009521,0.735596
0.318604,-0.117554,1.058350
-0.075195,-0.386475,0.785156
-0.370972,0.190796,0.906250
0.405029,-0.319458,0.980347
-0.537842,-0.049438,0.735596
0.227417,-0.054565,1.042847
-0.021240,-0.401245,0.801147
-0.427368,0.167236,0.876221
0.417358,-0.293823,0.990967
-0.486694,-0.113159,0.723145
0.159912,0.039673,1.050903
0.043701,-0.390259,0.816772
-0.496460,0.161133,0.850464
0.448364,-0.291870,1.003174
-0.449341,-0.172241,0.724609
0.065796,0.088867,1.027710
0.140259,-0.403809,0.842896
-0.546875,0.140137,0.814209
0.431030,-0.239990,1.013550
-0.333984,-0.265137,0.731812
-0.020630,0.109863,1.010864
0.206909,-0.411499,0.858643
-0.570435,0.093628,0.782349
0.420532,-0.195312,1.029541
-0.265137,-0.305664,0.712769
-0.127808,0.130493,0.980591
0.284912,-0.408813,0.898682
-0.585449,0.045898,0.759399
0.389771,-0.160645,1.041748
-0.202026,-0.364258,0.714600
-0.243530,0.170288,0.951416
0.336426,-0.371704,0.914062
-0.576172,0.000732,0.739380
0.345703,-0.112549,1.042603
-0.140259,-0.352417,0.736206
-0.335449,0.191895,0.909668
0.384155,-0.358521,0.948730
-0.573120,-0.038208,0.727539
0.269287,-0.088013,1.021362
-0.079712,-0.384033,0.771362
-0.434326,0.214722,0.875488
0.403687,-0.287964,0.975952
-0.528198,-0.096191,0.712646
0.166626,0.023315,1.036621
0.010132,-0.422119,0.796143
-0.499268,0.199707,0.862427
0.421143,-0.250122,1.000732
-0.469238,-0.142944,0.730469
0.056885,0.096191,1.027100
0.094971,-0.410889,0.834229
-0.553711,0.145386,0.815796
0.432251,-0.260010,1.003418
-0.400146,-0.185425,0.713867
-0.010986,0.159058,1.007202
0.178345,-0.384888,0.854248
-0.587891,0.143311,0.804932
0.426514,-0.229614,1.004883
-0.295776,-0.265259,0.717651
-0.081787,0.146484,0.983887
0.246582,-0.414185,0.868896
-0.607910,0.084595,0.754395
0.402466,-0.163086,1.029053
-0.236084,-0.334473,0.700195
-0.171875,0.179932,0.972412
0.308594,-0.362183,0.907837
-0.602783,0.056030,0.757446
0.360474,-0.154663,1.019043
-0.178711,-0.391357,0.692749
-0.254761,0.196533,0.935547
0.355469,-0.366455,0.909058
-0.612671,0.056641,0.743408
0.299927,-0.115234,1.008789
-0.115112,-0.407959,0.730591
-0.327515,0.163208,0.885254
0.379028,-0.309448,0.949707
-0.583984,0.009277,0.710327
0.212769,-0.028564,0.994873
-0.038696,-0.398926,0.779785
-0.414673,0.184448,0.873413
0.403564,-0.290771,0.969116
-0.558472,-0.017212,0.710205
0.127197,0.050293,1.005615
0.045044,-0.417725,0.805054
-0.495728,0.186401,0.863159
0.402832,-0.248047,0.980469
-0.474487,-0.069214,0.744385
0.044434,0.134399,1.007446
0.119385,-0.402222,0.819580
-0.565430,0.143799,0.813477
0.428711,-0.230713,0.999512
-0.365967,-0.187744,0.721069
-0.027588,0.174072,0.997681
0.182861,-0.387939,0.841919
-0.590088,0.116943,0.776245
0.437134,-0.220825,1.006958
-0.268188,-0.273926,0.720337
-0.117798,0.196777,0.970825
0.258423,-0.354858,0.872681
-0.611938,0.101440,0.755615
0.411987,-0.196655,1.020508
-0.189941,-0.350952,0.718872
-0.183838,0.191284,0.945557
0.303345,-0.331421,0.889648
-0.622559,0.110107,0.757812
0.374023,-0.153564,1.016602
-0.124878,-0.378784,0.725952
-0.262817,0.165039,0.900146
0.341064,-0.324463,0.910400
-0.605103,0.059326,0.717285
0.306396,-0.070190,1.010376
-0.069214,-0.395752,0.741455
-0.365112,0.191162,0.879395
0.378906,-0.311035,0.933838
-0.552612,-0.022827,0.711426
0.215820,0.007690,1.002075
-0.027710,-0.398804,0.757202
-0.437866,0.201294,0.864136
0.415283,-0.291626,0.962280
-0.521851,-0.082153,0.703247
0.122559,0.091309,1.015747
0.051636,-0.409912,0.790527
-0.507568,0.191895,0.841797
0.432739,-0.247070,0.988037
-0.452759,-0.117554,0.732422
0.065308,0.119995,1.010498
0.122192,-0.392334,0.823730
-0.574585,0.186401,0.810059
0.418701,-0.216553,0.986572
-0.368042,-0.162476,0.734009
0.004883,0.129761,0.995361
0.189453,-0.390747,0.856934
-0.600708,0.162354,0.783569
0.426392,-0.159424,1.015381
-0.278564,-0.217529,0.732178
-0.097534,0.176880,0.975830
0.266235,-0.404907,0.875244
-0.597778,0.105469,0.769409
0.416260,-0.148560,1.023804
-0.200317,-0.276123,0.732788
-0.176270,0.215088,0.942749
0.322754,-0.358398,0.899048
-0.602173,0.045776,0.741943
0.393311,-0.149048,1.028687
-0.140259,-0.341553,0.729004
-0.255249,0.231934,0.909790
0.377075,-0.358276,0.906738
-0.586304,0.051270,0.740967
0.333984,-0.110229,1.000488
-0.088623,-0.371826,0.737793
-0.322510,0.198608,0.865479
0.388794,-0.305420,0.930176
-0.541504,0.013550,0.734253
0.266846,-0.050781,1.003784
-0.025757,-0.410522,0.761108
-0.405029,0.191528,0.841064
0.419922,-0.294189,0.937256
-0.518921,0.019287,0.748413
0.176147,0.038330,0.999390
0.032471,-0.417480,0.781494
-0.438232,0.156494,0.829834
0.426025,-0.224121,0.969482
-0.487061,-0.028076,0.724609
0.115845,0.107300,1.010742
0.105713,-0.404663,0.805420
-0.513794,0.167236,0.810425
0.440674,-0.227051,0.980347
-0.428955,-0.085449,0.734497
0.040405,0.167603,1.022461
0.166260,-0.411987,0.837891
-0.560547,0.159424,0.800049
0.435181,-0.212646,0.995850
-0.336060,-0.167847,0.742554
-0.026245,0.198486,1.002808
0.218262,-0.378296,0.857910
-0.592651,0.135742,0.781128
0.442139,-0.215454,1.009521
-0.252563,-0.269653,0.738037
-0.097534,0.202271,0.973755
0.273682,-0.361084,0.879028
-0.584717,0.123535,0.777832
0.424316,-0.174194,1.015869
-0.176025,-0.301758,0.749390
-0.143921,0.169312,0.942749
0.320312,-0.366699,0.897461
-0.596436,0.105957,0.743042
0.392090,-0.121338,1.014038
-0.118530,-0.343384,0.750488
-0.207275,0.198364,0.935791
0.366089,-0.376099,0.920654
-0.587769,0.040039,0.739502
0.348267,-0.083252,1.012451
-0.069092,-0.362549,0.742188
-0.296997,0.209473,0.885498
0.418213,-0.371338,0.931763
-0.546997,-0.039429,0.734131
0.271118,-0.033325,1.003296
-0.022461,-0.383057,0.744507
-0.377319,0.182495,0.837646
0.438354,-0.326294,0.949829
-0.507324,-0.053467,0.736572
0.205811,-0.014771,1.003784
0.037354,-0.415283,0.769531
-0.469604,0.195923,0.817627
0.449097,-0.276611,0.969482
-0.427368,-0.106934,0.750977
0.113037,0.084473,1.027710
0.115601,-0.415527,0.811890
-0.541016,0.179810,0.781982
0.438477,-0.230591,0.974487
-0.345093,-0.138062,0.767334
0.015991,0.147583,1.013428
0.196045,-0.407715,0.846802
-0.566528,0.139648,0.765625
0.442383,-0.189453,1.007202
-0.251953,-0.224487,0.763794
-0.084229,0.213745,1.002808
0.276489,-0.415039,0.874268
-0.593018,0.080322,0.749268
0.430542,-0.201904,1.013672
-0.142212,-0.283691,0.776489
-0.170532,0.256470,0.959351
0.341309,-0.328613,0.912354
-0.570679,0.047607,0.757446
0.371216,-0.150024,1.010376
-0.082886,-0.373291,0.755859
-0.227051,0.191650,0.912231
0.373901,-0.332397,0.929321
-0.543335,-0.001099,0.749146
0.340088,-0.123169,1.001953
-0.022217,-0.398926,0.762817
-0.308960,0.200684,0.875000
0.404785,-0.298218,0.941528
-0.519165,-0.049561,0.746216
0.252930,-0.092773,0.985229
0.030518,-0.463257,0.752563
-0.376953,0.160889,0.831909
0.432617,-0.257568,0.972412
-0.487671,-0.031616,0.762817
0.140991,0.011963,0.986938
0.093994,-0.483521,0.787476
-0.436401,0.106445,0.810425
0.450439,-0.216309,1.002197
-0.442017,-0.074707,0.744995
0.067627,0.120972,1.016113
0.157837,-0.471924,0.802856
-0.509766,0.101440,0.781006
0.454834,-0.232178,1.001709
-0.338623,-0.137573,0.763672
-0.039429,0.202637,1.001099
0.247559,-0.419434,0.858643
-0.550659,0.050049,0.753052
0.455444,-0.241333,1.019897
-0.248169,-0.229614,0.769897
-0.107788,0.220215,0.975220
0.297241,-0.374756,0.890137
-0.570190,0.053101,0.747803
0.425171,-0.234375,1.012695
-0.129517,-0.305542,0.795898
-0.166138,0.209106,0.963989
0.330688,-0.330200,0.911621
-0.567139,0.074951,0.771729
0.380859,-0.188354,1.008545
-0.054443,-0.389282,0.797119
-0.229126,0.164917,0.917969
0.366455,-0.331543,0.924927
-0.534424,0.003296,0.750854
0.316040,-0.097900,1.010132
-0.003662,-0.430420,0.768066
-0.292358,0.152100,0.870728
0.428101,-0.361572,0.942627
-0.508667,-0.033325,0.751099
0.248169,-0.032471,1.001343
0.032715,-0.445435,0.766357
-0.351196,0.114380,0.837036
0.452515,-0.335815,0.971802
-0.495117,-0.086182,0.739258
0.200562,0.006592,1.013062
0.076172,-0.448975,0.776733
-0.405396,0.109253,0.814941
0.459351,-0.316528,0.982788
-0.446533,-0.146729,0.742798
0.139648,0.031616,1.021729
0.084351,-0.447510,0.780762
-0.447876,0.111328,0.790283
0.468750,-0.294189,0.984131
-0.387573,-0.172363,0.760132
0.055176,0.101196,1.027954
0.169678,-0.457275,0.817505
-0.505249,0.103516,0.767822
0.429443,-0.166260,1.009277
-0.326538,-0.188477,0.773682
-0.128662,0.170776,0.956787
0.325195,-0.408691,0.904175
-0.576538,0.090942,0.750977
0.396484,-0.128418,1.008667
-0.092896,-0.326050,0.770020
-0.219727,0.202637,0.919556
0.367188,-0.380249,0.926880
-0.560181,0.034058,0.758179
0.354858,-0.099365,1.008667
-0.046021,-0.387695,0.760010
-0.301636,0.193115,0.876709
0.406250,-0.336792,0.936157
-0.514648,-0.025513,0.748169
0.270752,-0.044556,1.004272
0.006470,-0.415771,0.756348
-0.358765,0.141235,0.831421
0.433960,-0.329590,0.951294
-0.483276,-0.069580,0.754761
0.192017,0.003418,1.005981
0.069702,-0.427856,0.778076
-0.438477,0.166260,0.802124
0.455200,-0.272339,0.977661
-0.429932,-0.129028,0.763306
0.092773,0.054321,0.996826
0.122437,-0.414795,0.806274
-0.512329,0.135742,0.772827
0.453369,-0.220459,0.994873
-0.340454,-0.167725,0.770752
-0.015015,0.116333,0.994141
0.224976,-0.453857,0.844971
-0.553833,0.079224,0.747437
0.439575,-0.183105,1.013672
-0.223877,-0.218262,0.772461
-0.129761,0.191162,0.972534
0.324707,-0.444946,0.893433
-0.562256,0.045532,0.749390
0.388062,-0.137451,1.020996
-0.090576,-0.326050,0.781250
-0.215576,0.201904,0.937500
0.359619,-0.371704,0.920410
-0.528809,-0.017456,0.766968
0.341064,-0.112427,1.013550
-0.008179,-0.400024,0.778687
-0.308105,0.185791,0.875977
0.412598,-0.301880,0.950684
-0.499634,-0.072876,0.733643
0.233765,-0.057251,0.996948
0.067627,-0.476807,0.777344
-0.398315,0.129639,0.816650
0.444946,-0.305908,0.966553
-0.462891,-0.117432,0.746094
0.135254,0.032471,1.013184
0.112305,-0.464111,0.790039
-0.478760,0.103882,0.779419
0.460327,-0.269531,0.990723
-0.374634,-0.192627,0.745850
0.021484,0.113037,1.014648
0.194458,-0.456421,0.828247
-0.529541,0.081909,0.751587
0.464111,-0.261719,0.997681
-0.286743,-0.208130,0.771240
-0.067871,0.194458,1.008789
0.281128,-0.424561,0.880249
-0.547974,0.046753,0.757080
0.423828,-0.220337,1.011353
-0.163574,-0.285645,0.791382
-0.145874,0.179321,0.975708
0.343018,-0.405273,0.919800
-0.548218,0.034912,0.757690
0.375977,-0.162109,1.005981
-0.064209,-0.353516,0.784790
-0.225098,0.163452,0.926636
0.406494,-0.384888,0.954468
-0.538940,-0.043701,0.730957
0.321655,-0.104614,1.006104
0.018433,-0.432617,0.788574
-0.314819,0.171387,0.883667
0.427124,-0.365234,0.952026
-0.483643,-0.090576,0.757446
0.256104,-0.032471,1.022461
0.060791,-0.432617,0.784790
-0.370483,0.130493,0.849731
0.448120,-0.350708,0.976074
-0.454834,-0.142456,0.746826
0.197510,0.004150,1.021484
0.072144,-0.426147,0.777954
-0.398193,0.126953,0.830322
0.496216,-0.336304,0.992920
-0.443115,-0.159302,0.749146
0.105713,0.032349,0.998169
0.122681,-0.451904,0.803101
-0.429443,0.108154,0.803833
0.482178,-0.290039,1.007812
-0.386475,-0.139038,0.774902
0.038208,0.078369,1.003662
0.188721,-0.497314,0.821533
-0.476807,0.063843,0.774902
0.485107,-0.265381,1.026245
-0.328979,-0.175659,0.771973
-0.027588,0.123047,0.997559
0.256348,-0.485718,0.862061
-0.498535,0.031982,0.743652
0.467651,-0.221924,1.028076
-0.246582,-0.200439,0.801636
-0.096313,0.157959,0.998779
0.311768,-0.476074,0.884033
-0.511719,0.019775,0.756592
0.431885,-0.177734,1.043579
-0.160645,-0.285400,0.800049
-0.160889,0.193726,0.991943
0.370361,-0.448853,0.923340
-0.521362,-0.013062,0.757568
0.386719,-0.154419,1.031738
-0.057007,-0.337646,0.811523
-0.209229,0.205200,0.981201
0.399048,-0.407227,0.943848
-0.503174,-0.071655,0.758911
0.333740,-0.131470,1.019409
0.023193,-0.406006,0.809570
-0.249023,0.174072,0.929321
0.438354,-0.349487,0.972046
-0.493774,-0.090454,0.746704
0.281494,-0.110229,1.020142
0.074341,-0.479858,0.800781
-0.332764,0.130493,0.878174
0.469849,-0.301270,1.012939
-0.448486,-0.115234,0.762939
0.201782,-0.039062,1.028320
0.123779,-0.492065,0.820801
-0.400391,0.087646,0.841797
0.487061,-0.279419,1.035645
-0.387451,-0.158081,0.747803
0.098633,0.112915,1.051270
0.218140,-0.428101,0.870239
-0.459106,0.027710,0.796631
0.492432,-0.315430,1.024414
-0.335327,-0.228516,0.757202
0.038330,0.136719,1.029785
0.277710,-0.417236,0.900879
-0.491699,0.012207,0.762695
0.473755,-0.292358,1.032227
-0.258301,-0.251709,0.798340
-0.010864,0.139526,1.027588
0.320923,-0.451416,0.910278
-0.520508,0.059692,0.774292
0.469360,-0.244873,1.046631
-0.197510,-0.281616,0.803101
-0.078247,0.179688,1.023926
0.360229,-0.460693,0.937134
-0.505981,0.010132,0.784912
0.450684,-0.205200,1.057251
-0.163086,-0.265259,0.818726
-0.127808,0.201172,1.012207
0.395142,-0.445068,0.960449
-0.489502,-0.049072,0.776978
0.424561,-0.144165,1.086060
-0.098511,-0.294678,0.833130
-0.184326,0.201538,0.986816
0.428345,-0.433228,0.972534
-0.468750,-0.099243,0.778320
0.389893,-0.100098,1.088013
-0.029541,-0.347046,0.822876
-0.210449,0.205933,0.982300
0.460938,-0.404419,0.993408
-0.479004,-0.091309,0.772339
0.348267,-0.122192,1.070190
0.056396,-0.412598,0.846069
-0.244019,0.179443,0.956055
0.462402,-0.333008,1.009766
-0.446899,-0.087524,0.784668
0.315674,-0.072754,1.076050
0.094482,-0.450317,0.848022
-0.310425,0.162109,0.941284
0.503296,-0.346802,1.036133
-0.422363,-0.119385,0.797119
0.238281,-0.036743,1.051636
0.108154,-0.431763,0.844116
-0.338257,0.119751,0.906006
0.528564,-0.285767,1.075073
-0.387451,-0.164429,0.780029
0.175171,0.051025,1.050415
0.184814,-0.439331,0.862793
-0.372314,0.081787,0.869751
0.530884,-0.295776,1.083740
-0.365845,-0.197266,0.780518
0.124756,0.047852,1.049561
0.246582,-0.468384,0.883423
-0.426880,0.073975,0.832275
0.543945,-0.283081,1.080933
-0.274170,-0.228394,0.826050
0.032593,0.132080,1.042480
0.273315,-0.437500,0.903564
-0.436890,0.042603,0.814819
0.538086,-0.256104,1.091309
-0.226929,-0.251099,0.832031
-0.014404,0.160400,1.052246
0.328979,-0.421021,0.938843
-0.463135,0.034058,0.803589
0.504761,-0.198364,1.108154
-0.162476,-0.257690,0.848877
-0.074951,0.189453,1.055176
0.385986,-0.426392,0.975220
-0.467407,-0.018799,0.807983
0.457886,-0.136841,1.107300
-0.063110,-0.302612,0.864502
-0.143921,0.214478,1.048706
0.445435,-0.418823,0.997314
-0.457520,-0.059570,0.797363
0.403198,-0.094238,1.103271
0.037964,-0.373047,0.866577
-0.178833,0.191284,1.037720
0.468628,-0.358521,1.028687
-0.457031,-0.073242,0.797119
0.359131,-0.061279,1.098511
0.084961,-0.391113,0.868774
-0.230469,0.182129,1.013062
0.502197,-0.327026,1.065552
-0.424927,-0.120361,0.786987
0.316406,-0.028320,1.102173
0.121704,-0.389404,0.890259
-0.340332,0.190552,0.959717
0.544067,-0.301270,1.094360
-0.344849,-0.216553,0.802368
0.215210,0.036987,1.094971
0.206055,-0.414551,0.912842
-0.380615,0.108276,0.885864
0.556763,-0.257446,1.115479
-0.290649,-0.226562,0.820312
0.107910,0.112183,1.072388
0.297119,-0.452026,0.929688
-0.409790,0.064453,0.847046
0.543091,-0.219238,1.121826
-0.219116,-0.235596,0.842773
0.021362,0.170654,1.074341
0.338501,-0.431152,0.960571
-0.433594,0.033447,0.846802
0.521606,-0.172974,1.142578
-0.147949,-0.258423,0.852539
-0.068481,0.232666,1.081177
0.416016,-0.408081,1.003662
-0.464478,-0.016968,0.820679
0.482300,-0.126953,1.148804
-0.021240,-0.301514,0.887817
-0.117310,0.231567,1.082275
0.447388,-0.357300,1.041504
-0.466309,-0.023071,0.823364
0.438721,-0.125610,1.135498
0.052734,-0.412598,0.884644
-0.189331,0.189819,1.034912
0.495361,-0.313110,1.073853
-0.424072,-0.054688,0.816040
0.371460,-0.049927,1.129395
0.085449,-0.410767,0.890625
-0.257812,0.172485,1.000366
0.545410,-0.284668,1.123535
-0.392212,-0.122070,0.815552
0.287231,0.023193,1.127808
0.157349,-0.406006,0.906494
-0.307007,0.114136,0.940186
0.571655,-0.257935,1.153442
-0.347412,-0.176025,0.810181
0.198730,0.091553,1.117554
0.249512,-0.464722,0.912109
-0.370972,0.104858,0.897705
0.572021,-0.234619,1.142700
-0.285278,-0.224487,0.809082
0.120972,0.138672,1.111572
0.318359,-0.448242,0.965088
-0.419067,0.078735,0.875610
0.548462,-0.210327,1.139404
-0.220459,-0.259399,0.843262
0.042725,0.179077,1.094604
0.373291,-0.411621,0.994751
-0.438965,0.077026,0.859131
0.537231,-0.156616,1.155396
-0.128418,-0.287720,0.880371
-0.046509,0.191406,1.082886
0.405029,-0.391602,1.011719
-0.443115,-0.009155,0.834473
0.527832,-0.119385,1.188354
-0.028931,-0.305542,0.910278
-0.131714,0.237671,1.070679
0.459473,-0.384888,1.031494
-0.425659,-0.062378,0.834961
0.471069,-0.104248,1.169434
0.038696,-0.329468,0.916748
-0.161987,0.228149,1.051270
0.501587,-0.316040,1.077515
-0.431152,-0.092896,0.823242
0.407349,-0.102539,1.163940
0.044067,-0.369263,0.893799
-0.213989,0.174805,1.019409
0.537842,-0.247925,1.140381
-0.410645,-0.102051,0.811523
0.339600,-0.011475,1.152100
0.130127,-0.393433,0.917847
-0.286743,0.186279,1.003906
0.581421,-0.285645,1.135620
-0.372559,-0.119873,0.826782
0.243408,0.048828,1.128540
0.215942,-0.415894,0.936401
-0.324951,0.097900,0.929932
0.581665,-0.229004,1.154785
-0.303955,-0.179688,0.830444
0.151001,0.115356,1.110840
0.294800,-0.420654,0.955078
-0.403442,0.067993,0.883789
0.580811,-0.222656,1.164917
-0.228882,-0.227173,0.848877
0.056519,0.160889,1.102295
0.360229,-0.387939,1.000977
-0.439819,0.046875,0.867798
0.552246,-0.177124,1.170044
-0.121460,-0.285889,0.881104
-0.015625,0.210083,1.106445
0.391113,-0.350586,1.021240
-0.448975,-0.005859,0.833008
0.513794,-0.134155,1.170654
-0.012817,-0.345337,0.890381
-0.073730,0.186646,1.095703
0.438599,-0.312988,1.049072
-0.449341,-0.021240,0.825073
0.472656,-0.100830,1.170288
0.008423,-0.349854,0.890991
-0.166382,0.217041,1.071777
0.493530,-0.288574,1.100586
-0.442749,-0.103760,0.807007
0.398315,-0.043335,1.182251
0.095581,-0.389038,0.896484
-0.243774,0.232910,1.041138
0.543579,-0.277466,1.133911
-0.398193,-0.133545,0.821533
0.295044,-0.025024,1.140991
0.156250,-0.405884,0.927734
-0.312744,0.143188,0.967407
0.595825,-0.263916,1.153687
-0.319946,-0.161133,0.839233
0.158813,0.116333,1.110474
0.263184,-0.440674,0.945190
-0.374268,0.059692,0.914062
0.571045,-0.229614,1.168335
-0.233154,-0.239380,0.838379
0.074341,0.191772,1.114258
0.340820,-0.398315,0.967773
-0.461426,0.057007,0.853882
0.558350,-0.236572,1.156006
-0.118652,-0.348389,0.871582
-0.010254,0.192871,1.105835
0.370117,-0.354370,0.989868
-0.475098,0.051270,0.840820
0.534912,-0.206787,1.174683
-0.017700,-0.429321,0.867554
-0.077637,0.178345,1.085327
0.421997,-0.320557,1.029053
-0.497925,0.031494,0.820679
0.481323,-0.141602,1.164917
0.012939,-0.410034,0.875366
-0.149536,0.191528,1.094238
0.476074,-0.310913,1.075073
-0.500244,0.042480,0.812744
0.406372,-0.056763,1.164062
0.064697,-0.410278,0.898315
-0.215820,0.186523,1.072998
0.506836,-0.278809,1.122559
-0.427734,-0.084229,0.803589
0.341675,0.007935,1.169434
0.089233,-0.363525,0.895752
-0.273682,0.182007,1.004272
0.547363,-0.283325,1.124634
-0.391357,-0.150146,0.805542
0.272095,0.003052,1.140747
0.168579,-0.392334,0.920776
-0.343628,0.149414,0.943237
0.561035,-0.277100,1.114868
-0.333252,-0.186646,0.825073
0.182739,0.086670,1.133911
0.249878,-0.420166,0.946899
-0.419189,0.134155,0.897827
0.553955,-0.223877,1.130859
-0.249146,-0.241943,0.845337
0.059814,0.133911,1.099487
0.315186,-0.413818,0.960449
-0.414795,0.055176,0.875000
0.540161,-0.158325,1.150024
-0.190186,-0.252319,0.846191
-0.006958,0.156860,1.094360
0.384033,-0.390991,0.992676
-0.457397,0.003784,0.834351
0.510254,-0.141113,1.165161
-0.078491,-0.349243,0.833008
-0.096069,0.202759,1.078613
0.416138,-0.337524,1.015137
-0.467651,-0.019653,0.821777
0.472412,-0.105347,1.176392
-0.045532,-0.364136,0.841431
-0.182373,0.197754,1.041260
0.463135,-0.321167,1.057373
-0.454834,-0.056030,0.809204
0.401733,-0.055176,1.165283
0.017578,-0.352905,0.866699
-0.282837,0.216919,0.992554
0.514038,-0.290039,1.098267
-0.419312,-0.149414,0.781982
0.322266,-0.012695,1.152222
0.111328,-0.378052,0.886230
-0.333374,0.176880,0.951904
0.527466,-0.248169,1.101807
-0.365967,-0.183838,0.797241
0.188599,0.018921,1.104004
0.217041,-0.429321,0.928711
-0.408569,0.122681,0.898315
0.540039,-0.207764,1.115967
-0.300415,-0.208984,0.815063
0.068726,0.103760,1.079102
0.291260,-0.393066,0.955444
-0.466553,0.040283,0.843750
0.527344,-0.177246,1.141724
-0.146484,-0.308228,0.827759
-0.024536,0.151001,1.069946
0.341919,-0.365967,0.960693
-0.491699,0.004150,0.807861
0.490967,-0.187744,1.127930
-0.085815,-0.379395,0.831055
-0.122559,0.157104,1.060913
0.390991,-0.327026,0.988892
-0.517456,0.025024,0.783203
0.450317,-0.126831,1.147095
-0.021484,-0.358032,0.862549
-0.228760,0.185547,1.037109
0.449585,-0.311401,1.044434
-0.498413,-0.033691,0.776367
0.350708,-0.050537,1.131836
0.040649,-0.352173,0.884033
-0.311890,0.175171,0.973145
0.496704,-0.299683,1.078247
-0.429199,-0.086792,0.793091
0.236328,0.051880,1.108521
0.098755,-0.382812,0.873413
-0.354370,0.112427,0.935547
0.522095,-0.295898,1.099121
-0.395264,-0.161255,0.780151
0.168457,0.099731,1.103027
0.158447,-0.356201,0.890869
-0.425537,0.105835,0.891357
0.547119,-0.284668,1.114868
-0.325317,-0.273071,0.792847
0.072632,0.121338,1.074097
0.202515,-0.367798,0.892822
-0.454346,0.080322,0.849976
0.538574,-0.265259,1.105835
-0.270996,-0.279053,0.809204
0.014160,0.103394,1.054077
0.271240,-0.377808,0.922607
-0.491455,0.067261,0.817871
0.507690,-0.209473,1.114380
-0.192383,-0.327637,0.800171
-0.048462,0.132324,1.049194
0.322266,-0.402100,0.922729
-0.507446,0.046387,0.813110
0.494141,-0.187866,1.114136
-0.147461,-0.317017,0.806641
-0.133911,0.142822,1.014893
0.360962,-0.380737,0.966675
-0.497192,-0.025146,0.784912
0.460083,-0.150024,1.122314
-0.124268,-0.312256,0.792969
-0.195190,0.201050,1.022705
0.404663,-0.370972,0.975952
-0.518921,-0.029663,0.788696
0.434082,-0.166016,1.117432
-0.089600,-0.334351,0.811157
-0.263428,0.208008,0.975586
0.432373,-0.322998,1.002808
-0.496094,-0.053711,0.783325
0.359497,-0.103394,1.113770
-0.073364,-0.339111,0.811279
-0.294800,0.177979,0.952393
0.461914,-0.327148,1.024536
-0.494141,-0.100098,0.762329
0.290161,-0.082642,1.089844
0.013916,-0.376465,0.836548
-0.382568,0.190308,0.917969
0.472046,-0.279907,1.038574
-0.446655,-0.139404,0.757080
0.198975,-0.004272,1.088013
0.111938,-0.396606,0.877319
-0.446167,0.132446,0.888428
0.486206,-0.268066,1.064209
-0.402588,-0.189941,0.750488
0.075928,0.107178,1.057007
0.213501,-0.408447,0.885376
-0.488525,0.084473,0.847412
0.473145,-0.227539,1.069702
-0.280273,-0.258301,0.765747
-0.024048,0.118164,1.024536
0.268799,-0.378174,0.914551
-0.530273,0.035156,0.805298
0.484131,-0.252441,1.077026
-0.189209,-0.327148,0.768066
-0.118164,0.139282,0.989136
0.306152,-0.302124,0.938354
-0.523682,0.017700,0.777344
0.434692,-0.220947,1.080444
-0.150269,-0.376343,0.771118
-0.218140,0.137817,0.967529
0.382202,-0.340576,0.971313
-0.544067,0.009766,0.760620
0.349243,-0.117554,1.077148
-0.088135,-0.351562,0.812988
-0.296143,0.131348,0.937500
0.403809,-0.306885,1.004395
-0.510498,-0.061279,0.748535
0.279419,-0.052002,1.082642
-0.020508,-0.384155,0.802612
-0.372925,0.181885,0.923706
0.437622,-0.279541,1.017700
-0.470825,-0.088745,0.751709
0.194702,0.015625,1.069092
0.053345,-0.380005,0.847168
-0.458008,0.133179,0.863159
0.470459,-0.298096,1.043823
-0.426025,-0.161499,0.739624
0.088379,0.123413,1.044434
0.126221,-0.380005,0.851440
-0.495728,0.071655,0.832642
0.468140,-0.279175,1.042847
-0.338379,-0.246216,0.749756
0.018799,0.153320,1.037109
0.189453,-0.385254,0.858521
-0.548584,0.102295,0.813354
0.472778,-0.265747,1.037476
-0.272827,-0.293457,0.762573
-0.055908,0.113892,1.006592
0.261353,-0.411011,0.880615
-0.549438,0.051636,0.784668
0.444458,-0.185059,1.071167
-0.217529,-0.318970,0.749634
-0.151489,0.123535,0.969727
0.311401,-0.394775,0.912842
-0.556519,0.013672,0.764160
0.416504,-0.160645,1.067627
-0.175537,-0.339233,0.738159
-0.259644,0.190674,0.950439
0.358276,-0.339844,0.955933
-0.546387,-0.022949,0.769409
0.366333,-0.154175,1.071167
-0.134521,-0.373535,0.743652
-0.325073,0.180542,0.906250
0.392334,-0.336792,0.960327
-0.553223,-0.057495,0.733887
0.312500,-0.113770,1.063354
-0.063721,-0.372070,0.787231
-0.407471,0.227539,0.906738
0.425659,-0.316162,0.995239
-0.515625,-0.103027,0.728027
0.188477,-0.017212,1.045044
0.042358,-0.421265,0.818481
-0.472412,0.201050,0.883789
0.423462,-0.263794,1.013184
-0.467285,-0.159790,0.733521
0.092773,0.058594,1.020020
0.120972,-0.412964,0.850098
-0.535645,0.158447,0.840698
0.444580,-0.260742,1.017090
-0.376953,-0.233276,0.736572
-0.010254,0.133911,1.025024
0.184692,-0.422974,0.858521
-0.555298,0.091064,0.802246
0.446411,-0.222900,1.037842
-0.295166,-0.258301,0.732788
-0.080811,0.161865,0.995483
0.251465,-0.403564,0.870117
-0.572876,0.067871,0.776489
0.447876,-0.235962,1.040771
-0.229004,-0.324341,0.729004
-0.179321,0.166870,0.951538
0.300049,-0.357910,0.902222
-0.581055,0.028809,0.755005
0.419067,-0.197144,1.056396
-0.189209,-0.375122,0.726807
-0.262451,0.166992,0.939209
0.350220,-0.374634,0.916382
-0.588745,0.032104,0.746460
0.333618,-0.140015,1.037476
-0.123169,-0.393677,0.753540
-0.314819,0.176147,0.921387
0.371216,-0.312622,0.951660
-0.579346,-0.003296,0.713501
0.268433,-0.103638,1.015991
-0.057251,-0.390259,0.786499
-0.390381,0.153442,0.874512
0.395630,-0.309204,0.969727
-0.540771,-0.035522,0.712891
0.178589,0.001343,1.010742
0.006226,-0.387573,0.809692
-0.462769,0.162476,0.876709
0.415039,-0.295654,0.982910
-0.514282,-0.091797,0.704468
0.117920,0.061279,1.010132
0.061401,-0.362305,0.827393
-0.519775,0.153931,0.841553
0.419678,-0.256104,1.009766
-0.440308,-0.185791,0.716553
0.050415,0.088501,1.024170
0.139038,-0.435669,0.833496
-0.565308,0.151611,0.813110
0.420776,-0.223389,1.013428
-0.333984,-0.222046,0.742188
-0.041016,0.123779,1.002808
0.212769,-0.411743,0.861572
-0.581421,0.107300,0.794556
0.409302,-0.170044,1.030640
-0.253296,-0.321655,0.698730
-0.158813,0.167480,0.963867
0.295288,-0.386841,0.900635
-0.584595,0.035645,0.753662
0.383911,-0.159180,1.034058
-0.199097,-0.327637,0.706909
-0.269653,0.171753,0.924561
0.358154,-0.362671,0.929443
-0.605835,-0.001831,0.713257
0.314331,-0.108276,1.027588
-0.103271,-0.379761,0.747681
-0.376587,0.198730,0.898682
0.383911,-0.307739,0.961548
-0.562866,-0.067749,0.701660
0.186157,-0.032227,1.010376
-0.015381,-0.415405,0.776245
-0.473999,0.215210,0.870117
0.415405,-0.262817,0.982910
-0.497925,-0.106201,0.722900
0.077393,0.063599,1.015015
0.098877,-0.414917,0.824219
-0.559814,0.170776,0.813843
0.432251,-0.242676,1.005737
-0.373779,-0.170898,0.734741
-0.034546,0.152954,1.009399
0.208252,-0.402222,0.855225
-0.583618,0.104736,0.782837
0.419434,-0.186768,1.029053
-0.265137,-0.314819,0.701904
-0.156006,0.181641,0.953125
0.295532,-0.381592,0.904663
-0.588135,0.040771,0.753662
0.379883,-0.144165,1.036865
-0.183960,-0.370239,0.703735
-0.251831,0.201660,0.938232
0.337402,-0.355225,0.921143
-0.598755,-0.002075,0.730713
0.349243,-0.160278,1.025024
-0.138062,-0.380005,0.727783
-0.337280,0.208130,0.891479
0.379761,-0.334229,0.925049
-0.581543,0.007324,0.710815
0.250854,-0.071777,1.002808
-0.067627,-0.403442,0.754639
-0.397705,0.184204,0.877075
0.395996,-0.305176,0.947388
-0.553345,-0.037231,0.701050
0.166748,0.023804,1.004883
0.005981,-0.402100,0.776489
-0.486816,0.193115,0.853027
0.414551,-0.278687,0.974731
-0.490234,-0.123291,0.710571
0.101318,0.080444,1.024658
0.061646,-0.397339,0.804077
-0.547119,0.191284,0.829102
0.439331,-0.274414,0.989380
-0.440796,-0.131958,0.727539
0.040894,0.109497,1.020386
0.139893,-0.415283,0.837769
-0.593994,0.182739,0.807983
0.438721,-0.226562,1.040161
-0.343750,-0.235352,0.714722
-0.179688,0.169312,0.965210
0.309448,-0.382568,0.907837
-0.567139,0.034302,0.765503
0.394287,-0.167603,1.043579
-0.207275,-0.322876,0.716431
-0.227539,0.170532,0.951416
0.353516,-0.351562,0.937500
-0.592529,0.002930,0.750488
0.357910,-0.165405,1.025757
-0.145020,-0.354126,0.734863
-0.301758,0.206665,0.933960
0.374756,-0.339233,0.942383
-0.568726,-0.042114,0.735962
0.303589,-0.134644,1.026245
-0.113647,-0.365845,0.749878
-0.377319,0.185669,0.885132
0.385864,-0.312256,0.952026
-0.531128,-0.086792,0.716797
0.226440,-0.054077,1.035645
-0.047974,-0.397339,0.772095
-0.432251,0.191772,0.889526
0.416748,-0.295776,0.979492
-0.548218,-0.081299,0.698364
0.149292,0.015625,1.029297
0.049194,-0.398804,0.827148
-0.504395,0.170654,0.847046
0.431152,-0.263306,1.007080
-0.494507,-0.117065,0.711914
0.054321,0.087891,1.023193
0.137573,-0.442871,0.836426
-0.551392,0.138306,0.823242
0.434204,-0.219238,1.025879
-0.392822,-0.181885,0.715942
-0.031372,0.166748,1.008179
0.195557,-0.417358,0.851685
-0.563354,0.102417,0.802124
0.437256,-0.225098,1.023071
-0.333374,-0.232910,0.712524
-0.100220,0.179810,0.972534
0.251709,-0.393433,0.885498
-0.575195,0.057617,0.783936
0.420654,-0.195801,1.036743
-0.266724,-0.319824,0.701416
-0.160889,0.185181,0.963501
0.303345,-0.390869,0.886963
-0.590210,0.037964,0.762695
0.401123,-0.191284,1.036987
-0.206299,-0.345093,0.697266
-0.241333,0.192505,0.942871
0.336182,-0.359375,0.915649
-0.580078,0.003296,0.739258
0.366089,-0.150879,1.038330
-0.172729,-0.351685,0.713867
-0.310181,0.180908,0.903320
0.375122,-0.360962,0.928345
-0.587036,-0.013672,0.720215
0.292358,-0.104248,1.025146
-0.107666,-0.393677,0.735962
-0.382690,0.192993,0.883545
0.402344,-0.326416,0.955688
-0.566284,-0.022949,0.713623
0.203857,-0.019775,1.021851
-0.021973,-0.418823,0.774902
-0.463135,0.200806,0.866089
0.397949,-0.268555,0.972534
-0.530884,-0.071045,0.704590
0.136841,0.041504,1.022827
0.063354,-0.414185,0.817871
-0.529785,0.183228,0.846558
0.420044,-0.252075,0.990845
-0.450806,-0.160645,0.709473
0.028320,0.109863,1.010620
0.132568,-0.412231,0.831299
-0.560303,0.155396,0.819336
0.428345,-0.223022,1.006958
-0.341553,-0.210205,0.727661
-0.056885,0.159058,0.995728
0.210205,-0.398193,0.864502
-0.595215,0.093506,0.771240
0.422729,-0.185425,1.030640
-0.255737,-0.282227,0.728882
-0.144287,0.164185,0.971069
0.272095,-0.408447,0.879883
-0.607178,0.066528,0.739258
0.400391,-0.143921,1.031860
-0.192505,-0.334106,0.718506
-0.234497,0.184448,0.935669
0.335083,-0.370850,0.909058
-0.594116,0.007568,0.729370
0.350952,-0.133423,1.021851
-0.137817,-0.369385,0.715942
-0.336060,0.207397,0.898926
0.383179,-0.340210,0.932495
-0.573730,-0.007080,0.723267
0.242188,-0.067749,1.007935
-0.079956,-0.411255,0.743164
-0.410645,0.206299,0.881470
0.403198,-0.271851,0.971313
-0.536011,-0.072021,0.713135
0.131470,0.020386,1.008423
0.019897,-0.421021,0.796997
-0.517456,0.187378,0.837402
0.429321,-0.262207,0.989380
-0.442017,-0.149658,0.724243
0.021240,0.161377,1.020752
0.130859,-0.390991,0.828003
-0.583374,0.146240,0.791992
0.431274,-0.239990,1.005737
-0.299561,-0.270142,0.727295
-0.067139,0.180542,0.988892
0.227173,-0.381592,0.859375
-0.617310,0.090698,0.741821
0.414307,-0.214355,1.023438
-0.193481,-0.368896,0.728882
-0.155396,0.137451,0.942505
0.284058,-0.349609,0.876465
-0.615845,0.129395,0.728516
0.370483,-0.146240,1.012207
-0.133057,-0.382080,0.744995
-0.252930,0.140869,0.906616
0.332275,-0.359741,0.896973
-0.613647,0.077759,0.710083
0.319702,-0.084351,1.012451
-0.107910,-0.380371,0.732910
-0.326416,0.195312,0.913452
0.387939,-0.365845,0.921509
-0.583740,0.063477,0.716309
0.241943,-0.012207,0.993408
-0.080444,-0.354980,0.746338
-0.382324,0.178955,0.873047
0.422974,-0.356812,0.948730
-0.570435,-0.019043,0.708130
0.182251,0.033813,1.004150
-0.030273,-0.385010,0.754150
-0.436646,0.205322,0.868286
0.422119,-0.311035,0.962891
-0.538574,-0.065186,0.709961
0.151855,0.041626,1.017090
0.006348,-0.406372,0.767090
-0.500366,0.230835,0.853394
0.433594,-0.281860,0.966553
-0.479126,-0.080444,0.739380
0.087524,0.081787,1.017944
0.073364,-0.403687,0.803589
-0.549194,0.217041,0.817139
0.439575,-0.257202,0.975952
-0.409058,-0.157104,0.726685
0.025269,0.134766,1.011841
0.148804,-0.414917,0.832886
-0.589478,0.181641,0.810303
0.434570,-0.215454,0.997070
-0.314941,-0.214233,0.738403
-0.061890,0.156494,0.979004
0.240234,-0.403076,0.857788
-0.601440,0.134399,0.769043
0.405884,-0.146729,1.018921
-0.217529,-0.296509,0.729126
-0.151978,0.166260,0.952026
0.289917,-0.383301,0.879150
-0.604980,0.093384,0.754395
0.393799,-0.130371,1.020264
-0.151367,-0.325317,0.731079
-0.255493,0.191650,0.904053
0.340454,-0.343628,0.904785
-0.590088,0.026855,0.717651
0.331543,-0.102417,1.008667
-0.107544,-0.366943,0.730103
-0.321289,0.170410,0.884521
0.389282,-0.333130,0.929077
-0.582275,0.034424,0.711914
0.259644,-0.047607,0.983765
-0.027832,-0.386230,0.762085
-0.422607,0.200806,0.851807
0.410522,-0.292358,0.954956
-0.530640,-0.059326,0.720093
0.172729,0.016724,1.006714
0.013550,-0.396484,0.775879
-0.485596,0.208740,0.837769
0.428711,-0.248535,0.972778
-0.480591,-0.114258,0.722534
0.097412,0.066528,1.016479
0.098999,-0.410034,0.824219
-0.553101,0.218018,0.826172
0.422729,-0.212891,0.984985
-0.369995,-0.154541,0.746704
-0.006104,0.132690,0.998047
0.183594,-0.395996,0.842285
-0.598267,0.181763,0.783081
0.429688,-0.185425,1.003174
-0.260376,-0.262817,0.725464
-0.102051,0.181152,0.968994
0.266235,-0.377441,0.878662
-0.608643,0.112549,0.755615
0.403442,-0.135010,1.020386
-0.167603,-0.339478,0.710571
-0.196167,0.216919,0.942139
0.339600,-0.355835,0.896484
-0.611450,0.068359,0.731079
0.358521,-0.131958,1.009399
-0.101807,-0.395142,0.729370
-0.267944,0.197266,0.897949
0.351929,-0.314209,0.900146
-0.583130,0.074341,0.726562
0.293335,-0.083130,0.996826
-0.035156,-0.414307,0.751709
-0.355957,0.177124,0.876953
0.386230,-0.273560,0.931641
-0.550171,0.008057,0.696533
0.201538,0.005127,0.991943
0.017090,-0.413330,0.776123
-0.446289,0.173706,0.838867
0.424927,-0.278687,0.962769
-0.507935,-0.031982,0.718140
0.116699,0.118164,1.006470
0.060059,-0.364868,0.802124
-0.488647,0.156616,0.828613
0.446899,-0.259521,0.984253
-0.452271,-0.099609,0.741211
0.056885,0.137817,1.017456
0.122437,-0.407959,0.817871
-0.548950,0.164795,0.808594
0.453003,-0.212769,1.009644
-0.377930,-0.157349,0.726929
-0.001465,0.194824,1.004272
0.187500,-0.403931,0.838379
-0.580078,0.147339,0.780518
0.451904,-0.225464,1.004639
-0.298950,-0.230957,0.732788
-0.049438,0.200317,1.006226
0.210571,-0.378540,0.841064
-0.612305,0.165649,0.765015
0.463745,-0.219727,1.021240
-0.219971,-0.273804,0.752930
-0.103394,0.220947,0.974976
0.250000,-0.367432,0.859619
-0.619141,0.152100,0.755981
0.466064,-0.216187,1.024780
-0.192871,-0.298584,0.741821
-0.164673,0.225952,0.951904
0.313843,-0.365967,0.879761
-0.611206,0.115723,0.754395
0.425659,-0.172974,1.027222
-0.147339,-0.317871,0.764526
-0.218384,0.225952,0.924927
0.358521,-0.375977,0.905640
-0.595703,0.098755,0.745239
0.377441,-0.109131,1.007812
-0.104858,-0.336548,0.745972
-0.233887,0.203003,0.914062
0.355591,-0.324097,0.918823
-0.596680,0.035278,0.730347
0.347900,-0.103882,1.015015
-0.066406,-0.413330,0.743652
-0.301270,0.234131,0.901001
0.378906,-0.313110,0.920166
-0.556763,0.032471,0.727539
0.281250,-0.046997,1.000000
-0.045166,-0.407227,0.723145
-0.334351,0.214600,0.871216
0.401367,-0.298462,0.927368
-0.530273,-0.031982,0.733276
0.223267,-0.018066,0.993408
-0.011230,-0.415283,0.743408
-0.399902,0.185669,0.831787
0.433960,-0.281494,0.961914
-0.516357,-0.067749,0.732910
0.154663,0.000977,0.986938
0.045288,-0.417358,0.783936
-0.453369,0.181763,0.827026
0.439331,-0.241089,0.963623
-0.463989,-0.041992,0.757324
0.099243,0.085083,1.017456
0.097900,-0.443359,0.784058
-0.519775,0.176514,0.821289
0.452759,-0.229980,1.000488
-0.406372,-0.118896,0.737549
0.025757,0.159790,1.006592
0.182373,-0.421387,0.836670
-0.557251,0.150757,0.798828
0.446411,-0.198486,1.000244
-0.306152,-0.171631,0.750488
-0.064087,0.199951,0.988403
0.247681,-0.393555,0.860840
-0.573853,0.116211,0.764648
0.433838,-0.164673,1.019409
-0.203369,-0.229126,0.771484
-0.133179,0.194824,0.956909
0.298584,-0.394531,0.894165
-0.593872,0.073853,0.739502
0.405884,-0.143677,1.020630
-0.119263,-0.313354,0.761841
-0.189453,0.225952,0.933350
0.335815,-0.317627,0.907349
-0.584961,0.052002,0.751099
0.358398,-0.135010,1.013062
-0.069336,-0.392334,0.756714
-0.276733,0.198364,0.886353
0.375488,-0.306641,0.922485
-0.563599,0.025513,0.744873
0.314697,-0.078979,1.011108
-0.023682,-0.433960,0.736450
-0.346924,0.184937,0.866333
0.404907,-0.301758,0.930664
-0.536621,-0.024536,0.726196
0.226807,-0.054565,0.991089
0.036621,-0.426880,0.767212
-0.413818,0.181885,0.832397
0.435669,-0.245117,0.969360
-0.483398,-0.052246,0.741211
0.116333,0.078857,1.004883
0.097168,-0.438477,0.805054
-0.492188,0.140381,0.802979
0.440918,-0.208984,1.000977
-0.404175,-0.107910,0.733521
0.031128,0.174194,1.015259
0.186157,-0.416016,0.839722
-0.548096,0.126587,0.792358
0.431274,-0.211182,0.992920
-0.281982,-0.206787,0.753174
-0.070435,0.197388,0.973999
0.272583,-0.395142,0.877563
-0.594360,0.114868,0.755859
0.426025,-0.173584,1.019043
-0.153442,-0.323120,0.758301
-0.162354,0.208984,0.942505
0.312622,-0.333862,0.901245
-0.581665,0.089111,0.760010
0.407104,-0.166138,1.011963
-0.089111,-0.375488,0.754639
-0.235596,0.207031,0.901001
0.366211,-0.312012,0.914795
-0.563110,0.074829,0.759521
0.338379,-0.115234,1.002686
-0.031250,-0.399170,0.761841
-0.313354,0.180664,0.861328
0.404175,-0.301025,0.930298
-0.538452,0.030396,0.749268
0.244507,-0.047485,0.988159
0.019775,-0.452026,0.760864
-0.372559,0.169067,0.839966
0.430054,-0.260864,0.958740
-0.514038,0.005493,0.752808
0.161011,0.020996,0.988281
0.067627,-0.425659,0.790771
-0.458496,0.158936,0.818359
0.443970,-0.242310,0.980713
-0.456177,-0.073486,0.733398
0.088501,0.106812,1.006348
0.131958,-0.421509,0.809814
-0.511475,0.158691,0.803833
0.464478,-0.248535,0.980835
-0.370972,-0.139893,0.765747
0.005371,0.152344,1.002686
0.204468,-0.418457,0.833496
-0.556519,0.123169,0.759155
0.443237,-0.190796,1.006836
-0.261475,-0.198242,0.772217
-0.071777,0.187012,0.989990
0.257080,-0.418823,0.865479
-0.584229,0.094238,0.746460
0.443726,-0.180664,1.017456
-0.182739,-0.256836,0.782227
-0.158936,0.210205,0.962402
0.319336,-0.399902,0.885498
-0.578979,0.068848,0.762207
0.402954,-0.157715,1.010498
-0.101562,-0.340088,0.767700
-0.218628,0.218140,0.936646
0.376221,-0.348877,0.923218
-0.572388,0.031250,0.736572
0.337891,-0.117676,0.999390
-0.048950,-0.416992,0.745239
-0.281128,0.181641,0.874146
0.398438,-0.281128,0.942505
-0.546875,-0.015991,0.731812
0.280640,-0.093506,0.983032
0.007324,-0.439941,0.770630
-0.335693,0.150879,0.848633
0.416626,-0.274414,0.951538
-0.531372,-0.017090,0.727417
0.209351,-0.016968,0.997437
0.046753,-0.436035,0.763184
-0.388428,0.134888,0.833862
0.429443,-0.270996,0.962524
-0.491577,-0.095825,0.728394
0.117310,0.068604,1.006836
0.117920,-0.464844,0.791992
-0.470825,0.146118,0.808350
0.453003,-0.245972,0.990845
-0.403931,-0.129761,0.748413
0.013672,0.147339,1.006714
0.195068,-0.452637,0.828125
-0.531860,0.099243,0.772949
0.454102,-0.191406,1.023926
-0.291748,-0.178955,0.762817
-0.054321,0.189697,0.993164
0.239868,-0.408081,0.849854
-0.566895,0.072632,0.748169
0.449707,-0.214844,1.033081
-0.182617,-0.280273,0.779175
-0.135986,0.202637,0.960205
0.298340,-0.353638,0.898071
-0.596558,0.107910,0.754761
0.405640,-0.193115,1.011719
-0.054077,-0.376343,0.795288
-0.192749,0.216553,0.941772
0.340210,-0.322266,0.899048
-0.588623,0.105957,0.758057
0.335449,-0.161011,0.974487
0.004761,-0.432861,0.776978
-0.243042,0.151001,0.900513
0.389648,-0.289917,0.932861
-0.568115,0.065186,0.727173
0.264282,-0.062500,0.964966
0.049927,-0.446533,0.779419
-0.329834,0.092651,0.845825
0.430908,-0.281738,0.974243
-0.519043,-0.008911,0.734619
0.161011,0.073730,0.993164
0.074829,-0.416870,0.791504
-0.406128,0.087524,0.814087
0.470093,-0.322388,0.982056
-0.473511,-0.063110,0.741943
0.087280,0.141602,1.007080
0.114014,-0.386475,0.808350
-0.480103,0.107910,0.790649
0.463013,-0.297974,0.990479
-0.402100,-0.157471,0.748657
0.031250,0.159424,1.011963
0.183960,-0.411865,0.830444
-0.526001,0.101196,0.770264
0.466553,-0.243774,1.011230
-0.323853,-0.184937,0.758423
-0.039307,0.172607,0.997070
0.243896,-0.428833,0.857666
-0.562744,0.083740,0.743652
0.445801,-0.217285,1.020508
-0.213867,-0.249512,0.784546
-0.099243,0.192017,0.993164
0.286621,-0.433105,0.873657
-0.574463,0.079468,0.741333
0.433105,-0.192505,1.014648
-0.145142,-0.257324,0.798340
-0.177856,0.215210,0.962524
0.323853,-0.406006,0.907227
-0.566284,0.025146,0.750732
0.395874,-0.177002,1.027222
-0.090820,-0.357788,0.780029
-0.211670,0.222534,0.955322
0.368164,-0.343140,0.920410
-0.548950,0.037109,0.762085
0.344849,-0.168213,0.991333
-0.006470,-0.426270,0.785767
-0.283691,0.185303,0.893921
0.392944,-0.317871,0.940308
-0.522705,-0.043823,0.725830
0.278320,-0.089355,0.988159
0.026489,-0.440430,0.765747
-0.343506,0.149048,0.848755
0.424805,-0.306519,0.943359
-0.489502,-0.065552,0.751099
0.190796,-0.028687,0.988892
0.062134,-0.461792,0.771851
-0.387817,0.094971,0.812866
0.462769,-0.281128,0.992676
-0.462769,-0.033569,0.757446
0.119995,0.081177,1.008057
0.097412,-0.431519,0.783203
-0.445801,0.095337,0.786133
0.469360,-0.298340,0.988037
-0.429810,-0.128174,0.737549
0.069824,0.117676,1.012817
0.158936,-0.443481,0.807617
-0.498535,0.110229,0.776855
0.460693,-0.275513,0.989136
-0.369385,-0.179077,0.756714
0.008179,0.122681,1.011719
0.229370,-0.468262,0.840820
-0.531128,0.087402,0.745239
0.456055,-0.214600,1.008301
-0.290161,-0.197998,0.764526
-0.077393,0.176270,1.002930
0.298950,-0.502563,0.865845
-0.539917,0.056030,0.768433
0.408447,-0.159668,1.012451
-0.194580,-0.214600,0.780762
-0.149780,0.164062,0.957031
0.352539,-0.467163,0.901855
-0.562256,0.031738,0.749146
0.393799,-0.123657,1.030640
-0.089233,-0.322388,0.778564
-0.234009,0.185181,0.927612
0.390015,-0.404541,0.936401
-0.524048,-0.056396,0.744263
0.330688,-0.119507,1.000610
-0.007812,-0.405518,0.769531
-0.290771,0.179932,0.880127
0.421875,-0.337158,0.949463
-0.519409,-0.077637,0.735107
0.256470,-0.093018,0.984009
0.057739,-0.456055,0.769653
-0.367798,0.151611,0.837646
0.439331,-0.301147,0.963135
-0.464111,-0.089600,0.761353
0.143799,0.005005,0.995361
0.095459,-0.490967,0.792603
-0.432739,0.076172,0.802612
0.469116,-0.270996,0.998779
-0.409546,-0.102783,0.759888
0.050049,0.153320,1.027100
0.164185,-0.420654,0.812378
-0.502686,0.041626,0.758789
0.467285,-0.309082,0.989502
-0.318604,-0.183472,0.792358
-0.016113,0.176880,1.019897
0.240845,-0.388672,0.859619
-0.546875,0.042725,0.716431
0.458862,-0.259888,1.020630
-0.216309,-0.284546,0.789429
-0.094971,0.176392,0.993652
0.293091,-0.403809,0.885620
-0.547363,0.046143,0.741577
0.418213,-0.182861,1.022583
-0.136230,-0.292480,0.788574
-0.169678,0.195679,0.967163
0.352051,-0.429443,0.910034
-0.539795,-0.002319,0.753540
0.379150,-0.140503,1.033569
-0.073975,-0.374146,0.771240
-0.246460,0.192993,0.926392
0.409546,-0.399536,0.940796
-0.519165,-0.049561,0.749756
0.315186,-0.097778,1.004761
-0.006348,-0.422119,0.772949
-0.295654,0.136719,0.871460
0.428345,-0.352905,0.956299
-0.493408,-0.063965,0.762573
0.252441,-0.050781,1.009277
0.049194,-0.463745,0.768311
-0.355103,0.108032,0.836304
0.440918,-0.308105,0.979614
-0.456909,-0.113770,0.753906
0.172363,-0.004272,1.008789
0.096924,-0.458008,0.790527
-0.437866,0.121460,0.801880
0.467163,-0.301147,0.988892
-0.414917,-0.139038,0.766235
0.082275,0.051147,1.010620
0.171265,-0.488770,0.809937
-0.489136,0.075806,0.768921
0.466675,-0.253540,1.015381
-0.320312,-0.175903,0.777222
-0.037476,0.165161,1.009521
0.248901,-0.461304,0.859375
-0.525757,0.020386,0.739258
0.450195,-0.248169,1.020142
-0.232422,-0.251465,0.781982
-0.101929,0.207153,0.994873
0.315674,-0.400635,0.906616
-0.553833,0.017944,0.749146
0.434204,-0.254150,1.025513
-0.137939,-0.308472,0.799927
-0.160889,0.168213,0.962158
0.352051,-0.323486,0.945190
-0.542725,0.026367,0.754150
0.387817,-0.172241,1.026367
-0.035034,-0.392578,0.805664
-0.235718,0.147705,0.921631
0.396851,-0.346924,0.951172
-0.530762,-0.000732,0.755859
0.309204,-0.128418,0.987793
0.018677,-0.421265,0.812378
-0.277222,0.095581,0.884888
0.435181,-0.331787,0.975342
-0.499634,-0.051514,0.737549
0.248901,-0.018311,1.016357
0.066040,-0.416626,0.806885
-0.349731,0.111206,0.860962
0.444458,-0.368652,0.960205
-0.473145,-0.107666,0.749756
0.216553,-0.007446,1.029053
0.101562,-0.450562,0.789673
-0.400635,0.162720,0.854126
0.450928,-0.331177,0.966431
-0.455444,-0.063599,0.779419
0.184570,-0.027222,1.020630
0.126465,-0.496338,0.797974
-0.438721,0.124268,0.800781
0.443359,-0.268677,0.984985
-0.410889,-0.151733,0.743164
0.130371,0.044922,1.045898
0.168945,-0.479370,0.833862
-0.478271,0.097534,0.792725
0.468262,-0.299072,0.987793
-0.382935,-0.168213,0.750122
0.037842,0.112915,1.015991
0.229004,-0.502197,0.850830
-0.478638,0.039917,0.765137
0.461914,-0.236694,1.016235
-0.331665,-0.163208,0.773315
-0.025024,0.142456,1.009155
0.286499,-0.515015,0.862915
-0.518188,0.029541,0.746094
0.441162,-0.219116,1.027466
-0.230713,-0.234009,0.793213
-0.086182,0.200073,1.015869
0.304565,-0.432739,0.895386
-0.531250,0.002808,0.758789
0.446533,-0.251953,1.035156
-0.164551,-0.273438,0.814575
-0.145630,0.223755,1.001831
0.340332,-0.380371,0.924316
-0.545044,0.032959,0.766357
0.419434,-0.242310,1.026978
-0.076538,-0.367920,0.817139
-0.178223,0.199097,0.982544
0.355347,-0.346680,0.947388
-0.549683,0.000732,0.744385
0.388550,-0.200439,1.026245
-0.011597,-0.410400,0.821045
-0.218262,0.177124,0.956665
0.388184,-0.328125,0.960327
-0.533081,-0.015747,0.745239
0.336182,-0.166626,1.009766
0.032715,-0.463379,0.813354
-0.268433,0.137573,0.923462
0.438721,-0.347900,0.975830
-0.512329,-0.028198,0.733032
0.257202,-0.042114,1.007080
0.077637,-0.470947,0.804810
-0.304932,0.091187,0.896729
0.467163,-0.359253,0.994385
-0.504272,-0.062378,0.740112
0.204102,0.019043,1.010376
0.084961,-0.425537,0.799561
-0.347534,0.109863,0.877441
0.479980,-0.345459,1.007446
-0.473389,-0.114380,0.752686
0.163940,0.038696,1.021118
0.126465,-0.441650,0.823364
-0.398682,0.101318,0.845459
0.473267,-0.296753,1.018311
-0.423706,-0.159668,0.747803
0.131348,0.050415,1.027588
0.153442,-0.474121,0.816284
-0.421753,0.105591,0.822021
0.487671,-0.278809,1.027222
-0.394287,-0.176147,0.758789
0.072876,0.078369,1.025391
0.193115,-0.500732,0.833130
-0.444702,0.041138,0.794678
0.490723,-0.278931,1.031982
-0.356201,-0.189331,0.755859
0.029297,0.119019,1.026123
0.243286,-0.486206,0.849121
-0.493652,0.036255,0.762085
0.493530,-0.269409,1.044189
-0.291504,-0.222412,0.791748
-0.034912,0.139282,1.010254
0.274658,-0.463989,0.870972
-0.512939,0.027954,0.762695
0.476929,-0.271118,1.042603
-0.224365,-0.240601,0.810913
-0.091187,0.186890,1.009155
0.310059,-0.427612,0.899902
-0.512207,-0.001343,0.760864
0.449463,-0.232788,1.046753
-0.164062,-0.284790,0.814087
-0.124146,0.194214,1.000244
0.357422,-0.406616,0.939087
-0.527954,0.005005,0.765625
0.414795,-0.215576,1.044678
-0.093628,-0.360596,0.814575
-0.140869,0.170654,0.992065
0.369019,-0.351685,0.960571
-0.532227,0.044800,0.771118
0.278442,-0.058228,0.992554
0.039551,-0.447021,0.793701
-0.320923,0.108887,0.861206
0.425293,-0.356323,0.953003
-0.509521,-0.042480,0.736572
0.207886,0.006592,0.991577
0.058594,-0.463989,0.773560
-0.374268,0.120605,0.854980
0.462646,-0.373047,0.967407
-0.488525,-0.054932,0.753174
0.156372,0.060669,1.010742
0.078979,-0.421753,0.783813
-0.412842,0.113403,0.814453
0.467896,-0.318359,0.978149
-0.464966,-0.118164,0.738403
0.121338,0.061768,1.000854
0.124634,-0.456787,0.804443
-0.455200,0.118530,0.797119
0.454834,-0.271973,0.982788
-0.400391,-0.129639,0.769043
0.057129,0.104858,1.017944
0.159058,-0.507690,0.807861
-0.499878,0.071533,0.766846
0.473022,-0.255615,1.010376
-0.357788,-0.144531,0.755859
-0.009033,0.184448,1.018799
0.217773,-0.429321,0.849487
-0.515991,0.022217,0.751709
0.470215,-0.253540,1.026245
-0.317139,-0.194824,0.760132
-0.059570,0.198730,1.010864
0.291992,-0.460083,0.878418
-0.560181,0.069214,0.753052
0.449463,-0.229858,1.020386
-0.209229,-0.270508,0.776855
-0.113770,0.214844,0.988403
0.298828,-0.405273,0.890259
-0.561768,0.059570,0.751587
0.443726,-0.241821,1.020264
-0.154663,-0.292725,0.800781
-0.159180,0.208374,0.976440
0.319336,-0.403442,0.901367
-0.550537,0.017578,0.751831
0.410278,-0.198975,1.022339
-0.109497,-0.347412,0.786743
-0.186523,0.196289,0.960083
0.357056,-0.402466,0.920776
-0.551025,0.026001,0.741211
0.379761,-0.152222,1.023071
-0.049316,-0.383545,0.785522
-0.235718,0.177124,0.934082
0.400146,-0.403809,0.939575
-0.530273,-0.009888,0.774902
0.323975,-0.135986,1.000244
-0.003540,-0.439575,0.761841
-0.268921,0.162598,0.886475
0.439331,-0.312866,0.975220
-0.529053,-0.031128,0.752441
0.260010,-0.121826,0.982544
0.045410,-0.492188,0.770752
-0.321899,0.104004,0.852661
0.414917,-0.277832,0.974487
-0.478271,-0.055420,0.761475
0.203369,-0.019409,1.013916
0.075439,-0.493042,0.780762
-0.390625,0.083130,0.814087
0.457031,-0.295044,0.984619
-0.463867,-0.078125,0.744751
0.096069,0.069702,1.004639
0.159424,-0.457153,0.825928
-0.454590,0.047485,0.788940
0.474487,-0.276123,1.007080
-0.376221,-0.138428,0.757080
0.004272,0.201172,1.018677
0.219971,-0.401489,0.851318
-0.509033,0.031982,0.751099
0.485474,-0.299805,1.024902
-0.308472,-0.225220,0.750732
-0.047119,0.197266,1.017456
0.273560,-0.394165,0.875732
-0.555542,0.055420,0.743408
0.449585,-0.283569,1.011719
-0.196655,-0.328979,0.792358
-0.126343,0.184692,0.983643
0.317139,-0.404053,0.901978
-0.548218,0.069336,0.751587
0.407959,-0.187500,1.025391
-0.111694,-0.320435,0.808105
-0.179565,0.169434,0.961182
0.348877,-0.395630,0.921631
-0.541626,0.006714,0.748047
0.372192,-0.158936,1.021484
-0.047852,-0.386841,0.791992
-0.229736,0.166626,0.934082
0.389282,-0.364380,0.948608
-0.515747,-0.035889,0.756470
0.327148,-0.086548,1.022949
0.001953,-0.408447,0.793945
-0.294312,0.148193,0.891724
0.425049,-0.359131,0.970703
-0.501099,-0.091064,0.752075
0.258301,-0.065552,1.012085
0.048340,-0.442261,0.772461
-0.344849,0.120483,0.835815
0.454956,-0.317383,0.986694
-0.455933,-0.094238,0.764526
0.159546,0.002930,0.997559
0.123169,-0.483887,0.803955
-0.418457,0.096313,0.810669
0.449463,-0.282104,0.982178
-0.414917,-0.118652,0.747559
0.099609,0.113403,1.028809
0.153687,-0.412598,0.831177
-0.484985,0.044312,0.777954
0.485596,-0.307007,1.019165
-0.348755,-0.195190,0.761108
0.001953,0.196533,1.035522
0.229736,-0.450684,0.841919
-0.515503,0.064697,0.766724
0.464722,-0.278687,1.012085
-0.290405,-0.212158,0.776123
-0.042725,0.175171,1.013306
0.281128,-0.431152,0.893921
-0.546875,0.045532,0.736572
0.453247,-0.278320,1.017212
-0.202881,-0.265259,0.805542
-0.112915,0.203003,0.995361
0.305908,-0.394165,0.910889
-0.532349,-0.001099,0.747192
0.418213,-0.187622,1.058716
-0.111816,-0.336914,0.792236
-0.179688,0.204712,0.972412
0.353882,-0.413940,0.901367
-0.536133,0.003418,0.757935
0.383423,-0.187256,1.023071
-0.036377,-0.373291,0.807129
-0.218750,0.193237,0.948364
0.384277,-0.342041,0.953979
-0.531616,-0.055054,0.729858
0.326416,-0.145386,1.009766
0.030518,-0.472290,0.797363
-0.277710,0.151245,0.901855
0.418701,-0.299438,0.973267
-0.508057,-0.040894,0.756836
0.242432,-0.070679,0.997559
0.083130,-0.492188,0.794434
-0.340210,0.101196,0.860596
0.452026,-0.296997,0.991455
-0.470581,-0.066284,0.760498
0.162231,0.019897,1.013428
0.114746,-0.458374,0.805420
-0.395630,0.086182,0.834473
0.453491,-0.291992,1.003540
-0.432739,-0.152344,0.728638
0.107544,0.082520,1.026489
0.170410,-0.454224,0.832764
-0.474121,0.095459,0.775391
0.466064,-0.278076,1.002563
-0.327881,-0.208740,0.777832
0.024170,0.089844,1.009644
0.220825,-0.440796,0.849731
-0.513062,0.057617,0.735107
0.462646,-0.236572,1.029907
-0.244629,-0.208130,0.809448
-0.082642,0.157837,1.005127
0.295898,-0.481445,0.868652
-0.521973,0.028564,0.752930
0.436035,-0.177856,1.043213
-0.147705,-0.253418,0.816162
-0.167847,0.203125,0.983887
0.342896,-0.460083,0.895508
-0.511597,-0.020874,0.760986
0.386108,-0.148071,1.032837
-0.073486,-0.302979,0.804932
-0.226196,0.212280,0.961548
0.397827,-0.408447,0.933838
-0.519775,-0.070435,0.746704
0.327759,-0.141846,1.007568
0.043579,-0.425415,0.800049
-0.315308,0.190552,0.895752
0.430298,-0.330200,0.960083
-0.455688,-0.123657,0.760742
0.236450,-0.078735,1.001587
0.079712,-0.475342,0.793335
-0.364868,0.120728,0.844604
0.463013,-0.300659,0.987793
-0.437500,-0.094849,0.761108
0.130981,0.033569,1.015869
0.150269,-0.448730,0.839111
-0.452515,0.083130,0.805298
0.475708,-0.305176,0.998779
-0.356201,-0.214722,0.755615
0.024902,0.125000,1.026001
0.241089,-0.466187,0.857788
-0.523315,0.063354,0.762329
0.465210,-0.270508,1.010010
-0.237549,-0.267578,0.782227
-0.087280,0.169678,1.002441
0.311523,-0.411865,0.902832
-0.540161,0.053833,0.753418
0.430786,-0.224609,1.020996
-0.117432,-0.319580,0.809814
-0.160522,0.162354,0.974243
0.339111,-0.370117,0.927124
-0.533081,0.001587,0.737061
0.385376,-0.158691,1.033447
0.000488,-0.407227,0.823364
-0.248535,0.166992,0.937012
0.402466,-0.350220,0.950684
-0.493652,-0.057617,0.732056
0.278564,-0.075806,1.006592
0.071777,-0.419678,0.820923
-0.337646,0.118652,0.878784
0.450562,-0.332397,0.986206
-0.456421,-0.089478,0.759033
0.176758,0.050049,1.029785
0.102539,-0.404785,0.820801
-0.414185,0.063843,0.832886
0.486328,-0.322144,1.019043
-0.430786,-0.150757,0.732910
0.099976,0.108398,1.047485
0.194336,-0.440552,0.866577
-0.479126,0.065552,0.791870
0.470459,-0.295044,1.003540
-0.348633,-0.187134,0.757812
0.034058,0.127808,1.035767
0.266479,-0.454712,0.885254
-0.523804,0.046387,0.759644
0.448242,-0.258545,1.013184
-0.257446,-0.230469,0.789917
-0.057373,0.179688,1.019043
0.334229,-0.429443,0.930420
-0.531860,0.025269,0.765869
0.413452,-0.210205,1.026123
-0.155518,-0.293335,0.793701
-0.155762,0.189941,0.981079
0.373413,-0.401611,0.944458
-0.532715,-0.032471,0.748413
0.386353,-0.158447,1.042847
-0.055908,-0.365479,0.793579
-0.224731,0.211548,0.960083
0.418945,-0.410400,0.955811
-0.514648,-0.081665,0.748657
0.319824,-0.133057,1.010376
0.020874,-0.408936,0.805786
-0.278198,0.136108,0.891602
0.434082,-0.332031,0.982788
-0.473145,-0.108154,0.762817
0.261353,-0.071167,1.026733
0.080322,-0.458862,0.781982
-0.334839,0.131836,0.869385
0.461304,-0.318237,0.985229
-0.455200,-0.137939,0.749146
0.166870,-0.045044,0.993286
0.116211,-0.480469,0.804688
-0.392822,0.071533,0.813354
0.478760,-0.250366,1.025024
-0.416626,-0.154541,0.744995
0.075073,0.081787,1.024048
0.211426,-0.513550,0.841064
-0.470825,0.033203,0.778198
0.483765,-0.277344,1.034790
-0.324829,-0.190308,0.757202
-0.034058,0.172363,1.013550
0.289062,-0.492065,0.874146
-0.497925,0.006226,0.763794
0.453369,-0.228027,1.040771
-0.213501,-0.215576,0.805908
-0.112549,0.189453,0.994019
0.335205,-0.414429,0.930664
-0.532837,0.005615,0.765381
0.418457,-0.194824,1.051025
-0.086914,-0.350708,0.800415
-0.173462,0.208252,0.994019
0.379150,-0.362305,0.952881
-0.527588,-0.042236,0.758545
0.344360,-0.160522,1.020142
0.025513,-0.441895,0.815918
-0.248291,0.132446,0.918579
0.421631,-0.321411,0.985718
-0.490479,-0.031616,0.768677
0.254150,-0.056152,1.007080
0.081543,-0.463623,0.802856
-0.312500,0.069824,0.867065
0.442505,-0.271362,1.009033
-0.466064,-0.104614,0.744873
0.182495,0.010254,1.018677
0.132324,-0.446045,0.819946
-0.415649,0.128174,0.854004
0.483643,-0.334351,1.002930
-0.407959,-0.161377,0.762817
0.081421,0.089966,1.022827
0.197876,-0.461548,0.845459
-0.451416,0.060425,0.798462
0.496338,-0.286255,1.036865
-0.324585,-0.216553,0.763306
-0.021118,0.164185,1.018555
0.255005,-0.458374,0.863403
-0.493530,0.008545,0.758057
0.490479,-0.281250,1.047974
-0.246582,-0.242188,0.797119
-0.104614,0.192139,1.002686
0.302490,-0.434448,0.892456
-0.499146,-0.003418,0.765503
0.446777,-0.222168,1.049927
-0.143433,-0.300171,0.808838
-0.168457,0.206421,0.988403
0.361572,-0.407959,0.923584
-0.522217,-0.014282,0.755005
0.398560,-0.185303,1.037598
-0.023315,-0.379150,0.829834
-0.236084,0.203979,0.952881
0.403076,-0.383301,0.951782
-0.504028,-0.063965,0.744385
0.330078,-0.134399,1.025513
0.056885,-0.440918,0.814697
-0.296021,0.155884,0.906860
0.447021,-0.357300,0.982666
-0.477661,-0.115234,0.748413
0.237549,-0.060547,1.014038
0.091431,-0.479004,0.782593
-0.341919,0.117554,0.871826
0.480347,-0.314941,1.009155
-0.446533,-0.116943,0.758789
0.120972,0.036865,0.988525
0.158569,-0.497681,0.803711
-0.415771,0.072388,0.823975
0.502197,-0.287720,1.037231
-0.369141,-0.176025,0.756592
0.005615,0.123169,1.002563
0.255005,-0.483643,0.842773
-0.486816,0.021973,0.770142
0.477173,-0.257568,1.051758
-0.219482,-0.260864,0.804932
-0.090698,0.231445,1.034424
0.310913,-0.398560,0.912109
-0.535645,0.041382,0.768677
0.421631,-0.241821,1.019775
-0.069580,-0.327026,0.848633
-0.140747,0.206543,1.012939
0.345703,-0.334106,0.954590
-0.548340,0.024780,0.750244
0.373047,-0.209106,1.018677
0.009766,-0.464478,0.825684
-0.206055,0.145264,0.954224
0.415527,-0.336304,0.970093
-0.522949,-0.012695,0.737427
0.292603,-0.113892,1.004517
0.048462,-0.479980,0.805664
-0.268555,0.088013,0.902222
0.460938,-0.329224,0.994751
-0.494385,-0.057739,0.750244
0.220703,-0.029541,1.005005
0.108276,-0.464966,0.810425
-0.338501,0.070435,0.863403
0.475220,-0.304321,1.022705
-0.456421,-0.108154,0.760986
0.152100,0.047241,1.027466
0.132935,-0.437866,0.819092
-0.395752,0.078735,0.852783
0.506226,-0.321655,1.037354
-0.407227,-0.163818,0.760254
0.065308,0.119629,1.022461
0.211792,-0.462646,0.853394
-0.454346,0.036499,0.783325
0.497559,-0.264404,1.052124
-0.326172,-0.218628,0.758179
-0.007812,0.162231,1.030396
0.245483,-0.469727,0.856201
-0.493164,0.017090,0.763672
0.498291,-0.273926,1.056274
-0.253052,-0.237549,0.806152
-0.067139,0.190796,1.022583
0.308105,-0.429077,0.902466
-0.532349,0.036377,0.766602
0.440674,-0.241089,1.046387
-0.134888,-0.313843,0.830322
-0.106812,0.171265,0.999634
0.332275,-0.367432,0.937500
-0.552124,0.047119,0.758545
0.422607,-0.229980,1.039795
-0.042725,-0.370483,0.837036
-0.173828,0.171143,0.984131
0.370361,-0.359863,0.946533
-0.523926,-0.001221,0.749146
0.368408,-0.167236,1.026245
0.013916,-0.420288,0.828491
-0.234619,0.139038,0.947754
0.421143,-0.344727,0.966919
-0.501343,-0.044922,0.751221
0.301392,-0.038696,1.041504
0.069214,-0.406250,0.832642
-0.311157,0.062012,0.880371
0.466309,-0.348389,1.025024
-0.472046,-0.109009,0.727295
0.229492,0.015625,1.026978
0.076294,-0.407715,0.802612
-0.354126,0.101807,0.877808
0.491211,-0.355591,1.017700
-0.436035,-0.128296,0.756348
0.162231,0.046509,1.026367
0.100830,-0.444092,0.809937
-0.378784,0.071899,0.840820
0.508911,-0.304321,1.035278
-0.426392,-0.152954,0.757568
0.120483,0.036621,1.015137
0.170654,-0.473999,0.826782
-0.421143,0.115234,0.826660
0.487183,-0.290405,1.014526
-0.387817,-0.179443,0.765015
0.065430,0.084106,1.023438
0.216309,-0.511841,0.837524
-0.448486,0.027710,0.790649
0.493896,-0.268677,1.045776
-0.338867,-0.182251,0.769653
0.001709,0.156006,1.024536
0.271606,-0.492188,0.879517
-0.472168,-0.002686,0.767944
0.476318,-0.236450,1.053345
-0.291382,-0.227783,0.766968
-0.046021,0.177856,1.036133
0.310059,-0.453003,0.905884
-0.498535,0.017456,0.768066
0.459961,-0.205200,1.065674
-0.177002,-0.263184,0.806519
-0.145508,0.220581,1.002930
0.360718,-0.472168,0.912842
-0.508179,0.003906,0.776489
0.413818,-0.172974,1.050781
-0.100342,-0.311646,0.805298
-0.176025,0.177368,0.977295
0.395020,-0.391724,0.953979
-0.517090,-0.036743,0.749146
0.364990,-0.139893,1.041748
0.009888,-0.404541,0.827759
-0.243408,0.169189,0.942383
0.435547,-0.363892,0.976440
-0.486816,-0.047241,0.766602
0.281982,-0.080688,1.031372
0.069458,-0.488770,0.791504
-0.310547,0.110107,0.882080
0.480469,-0.336670,0.996704
-0.451050,-0.080444,0.772217
0.184937,0.012573,1.022095
0.122803,-0.488770,0.815430
-0.383179,0.066772,0.843018
0.485596,-0.286621,1.039551
-0.402222,-0.143433,0.758301
0.088989,0.099487,1.035156
0.220581,-0.463379,0.853027
-0.452026,0.040894,0.799561
0.486694,-0.292114,1.040161
-0.328857,-0.223022,0.767090
0.003906,0.141113,1.022217
0.268555,-0.449829,0.889893
-0.507202,0.051758,0.770752
0.472046,-0.265747,1.041138
-0.223999,-0.261597,0.805420
-0.071167,0.159546,1.010498
0.326904,-0.443970,0.909790
-0.529053,0.057129,0.773804
0.429321,-0.196777,1.036621
-0.130371,-0.301270,0.815430
-0.133545,0.171509,0.998779
0.386353,-0.410400,0.957520
-0.536011,0.024536,0.766479
0.388062,-0.144409,1.039307
-0.040894,-0.367554,0.807251
-0.212402,0.165527,0.959595
0.427612,-0.393311,0.983643
-0.497437,-0.089844,0.750122
0.314697,-0.085693,1.035645
0.051758,-0.420532,0.816040
-0.294556,0.169922,0.912476
0.457031,-0.372559,0.983887
-0.463135,-0.126343,0.760986
0.251221,-0.058716,1.027832
0.087280,-0.434692,0.799438
-0.369019,0.151978,0.865601
0.483032,-0.316406,1.016602
-0.403809,-0.187866,0.777954
0.159058,-0.010742,1.023315
0.132690,-0.456787,0.828003
-0.417969,0.094849,0.811401
0.490112,-0.261108,1.033813
-0.376343,-0.161377,0.765869
0.072021,0.073853,1.034668
0.240356,-0.519653,0.865723
-0.479736,0.043457,0.774780
0.475342,-0.251221,1.020874
-0.277954,-0.205566,0.787231
-0.032837,0.183228,1.041504
0.311279,-0.487183,0.894653
-0.511353,0.020630,0.768677
0.441040,-0.213745,1.041626
-0.215454,-0.255249,0.787109
-0.090576,0.194824,1.018066
0.370605,-0.432373,0.942627
-0.544922,0.008179,0.767456
0.412720,-0.192627,1.053711
-0.070312,-0.377686,0.803223
-0.168335,0.188110,0.980103
0.384155,-0.371826,0.952759
-0.519897,0.005005,0.780151
0.375366,-0.173584,1.035889
0.032471,-0.422974,0.835693
-0.229248,0.161865,0.947754
0.415039,-0.366089,0.964233
-0.501587,-0.038574,0.763184
0.307861,-0.095825,1.031616
0.067749,-0.448730,0.812012
-0.297485,0.143311,0.910278
0.453857,-0.366333,0.989868
-0.469238,-0.126709,0.749878
0.233643,-0.041382,1.033203
0.097900,-0.449341,0.807617
-0.359863,0.149536,0.883545
0.480347,-0.309692,1.015625
-0.424683,-0.188110,0.739990
0.152222,0.013062,1.021240
0.134399,-0.430420,0.816406
-0.415161,0.120483,0.830078
0.488037,-0.303589,1.014771
-0.359497,-0.218140,0.760376
0.058960,0.058594,1.019287
0.221191,-0.477661,0.845093
-0.466064,0.053589,0.774292
0.488403,-0.235718,1.042480
-0.279907,-0.205933,0.797241
-0.056763,0.144531,1.024048
0.310181,-0.503662,0.875977
-0.508301,0.015869,0.769165
0.437744,-0.216187,1.035400
-0.156372,-0.276367,0.814087
-0.146240,0.189575,0.992432
0.362427,-0.423706,0.936035
-0.505859,-0.017456,0.767212
0.402588,-0.155151,1.055542
-0.050537,-0.339844,0.818604
-0.222290,0.198730,0.969238
0.400757,-0.403198,0.951416
-0.490967,-0.094238,0.754028
0.336060,-0.107788,1.046387
0.059082,-0.399170,0.827515
-0.297729,0.200562,0.925659
0.445801,-0.369751,0.965698
-0.467651,-0.145874,0.765015
0.240845,-0.075317,1.012085
0.089966,-0.466431,0.804688
-0.336426,0.098267,0.853394
0.474365,-0.291626,1.019531
-0.441650,-0.112915,0.749756
0.137817,0.021973,1.021118
0.149170,-0.528320,0.793701
-0.414917,0.058838,0.813843
0.494019,-0.246094,1.047852
-0.365723,-0.165405,0.767822
0.037354,0.122192,1.030640
0.231445,-0.465332,0.862915
-0.482300,0.036621,0.781982
0.487671,-0.271484,1.040894
-0.296143,-0.219727,0.776611
0.291992,-0.432129,0.902466
0.461426,-0.240601,1.047852
-0.183594,-0.289795,0.802368
0.334839,-0.402588,0.929077
-0.535034,0.023926,0.776978
0.431763,-0.219482,1.050049
-0.086914,-0.341553,0.815186
-0.166260,0.214966,0.996582
0.361450,-0.381958,0.945190
-0.540894,0.003418,0.757324
0.392700,-0.193115,1.039062
0.006714,-0.402954,0.829834
-0.212769,0.203247,0.971313
0.385986,-0.360107,0.949097
-0.506348,-0.039917,0.761353
0.338257,-0.137085,1.025513
0.047729,-0.461914,0.804688
-0.275024,0.178589,0.922729
0.433960,-0.363403,0.966797
-0.481689,-0.076782,0.752075
0.262085,-0.076294,1.020630
0.085938,-0.491577,0.791138
-0.345947,0.154907,0.890991
0.481201,-0.342407,0.995850
-0.450928,-0.096191,0.770752
0.174927,-0.005615,1.011719
0.115112,-0.485352,0.806152
-0.383911,0.090698,0.841553
0.478638,-0.300903,1.013062
-0.407104,-0.150513,0.758057
0.102661,0.071289,1.025146
0.169800,-0.463745,0.831543
-0.450073,0.042114,0.804077
0.503174,-0.308350,1.035522
-0.345581,-0.206665,0.767944
0.011597,0.140381,1.023560
0.250732,-0.458252,0.863525
-0.493042,0.029419,0.762573
0.470581,-0.274414,1.031494
-0.248047,-0.272095,0.780762
-0.051147,0.163696,1.018799
0.305420,-0.445312,0.891724
-0.515747,0.015991,0.754883
0.444580,-0.217285,1.041260
-0.178467,-0.263184,0.799561
-0.137451,0.181763,0.991943
0.373291,-0.443970,0.937866
-0.521729,-0.025146,0.760010
0.396362,-0.150879,1.057129
-0.080933,-0.347656,0.791992
-0.195435,0.185059,0.972656
0.411865,-0.407593,0.960205
-0.505371,-0.047363,0.768188
0.350342,-0.129517,1.033203
-0.005127,-0.415771,0.793457
-0.267334,0.164795,0.921021
0.437012,-0.370239,0.971191
-0.465332,-0.092163,0.772095
0.287598,-0.072266,1.027344
0.048096,-0.439209,0.790894
-0.320312,0.127686,0.873413
0.460449,-0.347290,0.988892
-0.452881,-0.156372,0.746704
0.227905,-0.036377,1.029419
0.085205,-0.445923,0.784180
-0.369141,0.119629,0.836304
0.464844,-0.299316,0.994385
-0.406982,-0.132446,0.771362
0.154907,0.010376,1.030151
0.127686,-0.488892,0.811523
-0.416870,0.066895,0.808594
0.464111,-0.277344,1.004272
-0.379028,-0.167236,0.758179
0.087158,0.070435,1.034302
0.218994,-0.496582,0.850464
-0.479858,0.058716,0.784424
0.465332,-0.261841,1.024902
-0.322876,-0.188721,0.766113
0.005249,0.166626,1.032715
0.292603,-0.473633,0.898438
-0.521606,0.013672,0.750122
0.457886,-0.237427,1.041504
-0.245361,-0.232544,0.784180
-0.091553,0.202759,1.017456
0.344116,-0.438721,0.929321
-0.532959,-0.006470,0.752686
0.422363,-0.197021,1.046875
-0.132690,-0.315918,0.801270
-0.154175,0.186279,0.988892
0.363159,-0.407715,0.928589
-0.516724,-0.010986,0.753174
0.379272,-0.130859,1.049561
-0.052612,-0.368774,0.787476
-0.201416,0.149170,0.961792
0.411377,-0.401489,0.954224
-0.503906,-0.059570,0.765747
0.314087,-0.093506,1.024170
0.031006,-0.433716,0.779297
-0.274170,0.153564,0.906616
0.436646,-0.345947,0.985962
-0.471191,-0.132812,0.753174
0.258789,-0.080200,1.012573
0.061890,-0.439697,0.785156
-0.347900,0.106567,0.846924
0.469849,-0.295532,1.006104
-0.445068,-0.146484,0.752686
0.155273,-0.000610,1.011230
0.128784,-0.476196,0.802002
-0.421387,0.078003,0.803345
0.488403,-0.267822,1.023071
-0.387939,-0.173706,0.750977
0.067383,0.085327,1.029541
0.210693,-0.510376,0.833008
-0.481323,0.043335,0.773926
0.434570,-0.213745,1.010864
-0.309326,-0.198730,0.780273
-0.154785,0.228638,0.975708
0.329590,-0.371704,0.905884
-0.556152,0.026489,0.764038
0.397339,-0.179932,1.023926
-0.095581,-0.350708,0.766968
-0.225098,0.221558,0.932739
0.368286,-0.322998,0.923828
-0.539429,-0.007202,0.763062
0.351196,-0.158569,1.007446
-0.019287,-0.415161,0.767090
-0.276733,0.182251,0.890259
0.393311,-0.312256,0.943359
-0.527710,-0.078125,0.734375
0.281738,-0.108398,0.991089
0.025513,-0.465088,0.754395
-0.335327,0.148804,0.848389
0.414917,-0.260620,0.956299
-0.494507,-0.040649,0.749878
0.202637,-0.058350,0.990356
0.077393,-0.484985,0.765015
-0.411743,0.146118,0.816772
0.437256,-0.238770,0.974121
-0.461304,-0.055786,0.746948
0.121094,0.041748,1.001099
0.136841,-0.491577,0.797729
-0.466675,0.100098,0.786865
0.447144,-0.233276,0.996826
-0.400635,-0.112915,0.744873
0.026978,0.124634,0.997925
0.199097,-0.472534,0.823242
-0.516357,0.093262,0.771606
0.461670,-0.215576,1.017578
-0.321899,-0.160034,0.757935
-0.065186,0.179565,0.981689
0.257812,-0.457886,0.855835
-0.542847,0.036133,0.736694
0.443237,-0.181030,1.036987
-0.205200,-0.232666,0.779053
-0.134888,0.212402,0.977051
0.303589,-0.417847,0.887085
-0.551025,0.066040,0.756348
0.404297,-0.152954,1.021851
-0.107666,-0.331665,0.774048
-0.194336,0.191406,0.938599
0.336914,-0.395508,0.900513
-0.547363,0.036743,0.752075
0.385010,-0.136597,1.011230
-0.046631,-0.360840,0.761108
-0.261230,0.206421,0.913940
0.390259,-0.385620,0.924927
-0.533203,-0.030396,0.737427
0.314331,-0.084595,0.991211
0.006958,-0.380737,0.766357
-0.323975,0.172729,0.857788
0.419434,-0.339478,0.941528
-0.503906,-0.100952,0.726196
0.228027,-0.031982,0.999146
0.033936,-0.426880,0.756958
-0.377441,0.157349,0.833374
0.442993,-0.291016,0.965088
-0.474487,-0.124268,0.737549
0.153564,0.011475,1.001587
0.076660,-0.437744,0.777588
-0.450073,0.140869,0.803467
0.457764,-0.279175,0.976929
-0.420166,-0.157837,0.745483
0.064697,0.078857,0.993286
0.139526,-0.430786,0.802856
-0.504028,0.114990,0.769287
0.467773,-0.234253,1.004395
-0.335938,-0.182617,0.758667
-0.036621,0.156128,0.994507
0.222656,-0.452393,0.830933
-0.542358,0.075806,0.746948
0.459961,-0.212891,1.027222
-0.227905,-0.207397,0.791992
-0.116699,0.192383,0.978149
0.283569,-0.425781,0.860962
-0.561523,0.072754,0.749634
0.433350,-0.181274,1.024536
-0.121582,-0.296631,0.791260
-0.213501,0.213379,0.937134
0.346436,-0.414673,0.896118
-0.540039,0.030640,0.754517
0.365845,-0.096924,1.019287
-0.038330,-0.344727,0.778809
-0.282593,0.196899,0.889648
0.390137,-0.381958,0.926392
-0.532959,-0.072632,0.722168
0.291626,-0.067261,0.998535
0.018555,-0.420898,0.750000
-0.349365,0.180176,0.861816
0.426392,-0.324585,0.946777
-0.492676,-0.098999,0.751587
0.167114,0.007690,0.998047
0.068970,-0.437500,0.772705
-0.421875,0.152466,0.820068
0.456909,-0.281006,0.972046
-0.435913,-0.076904,0.780396
0.062500,0.093628,0.990845
0.146484,-0.458862,0.804932
-0.515503,0.106934,0.766724
0.461548,-0.224731,1.013550
-0.323242,-0.183960,0.761475
-0.047607,0.188843,1.004272
0.233154,-0.467041,0.834351
-0.557739,0.109497,0.765625
0.453369,-0.207764,1.014160
-0.221191,-0.188477,0.777710
-0.130127,0.218628,0.972656
0.303589,-0.411499,0.882935
-0.569458,0.034546,0.747559
0.426392,-0.191528,1.023682
-0.096558,-0.318359,0.798462
-0.193237,0.234619,0.950562
0.346191,-0.339722,0.910889
-0.569946,0.042603,0.741821
0.378418,-0.166504,1.000122
-0.034668,-0.385864,0.780273
-0.261475,0.192505,0.895996
0.390991,-0.325439,0.921265
-0.553223,-0.026123,0.718262
0.300293,-0.096924,0.984619
0.016846,-0.445801,0.770752
-0.327881,0.154785,0.861206
0.414062,-0.301025,0.946167
-0.525269,-0.033447,0.724976
0.201172,-0.013062,0.976318
0.062744,-0.455200,0.768066
-0.395264,0.147339,0.836182
0.431519,-0.268799,0.968628
-0.471680,-0.090454,0.746338
0.109985,0.076172,1.000366
0.100708,-0.446411,0.786011
-0.475708,0.121704,0.785522
0.472656,-0.251099,1.004150
-0.400146,-0.167358,0.728271
0.020508,0.153809,1.010254
0.175171,-0.429077,0.816406
-0.526001,0.113892,0.769043
0.461304,-0.251221,0.995483
-0.300903,-0.197998,0.760132
-0.064941,0.189819,0.993286
0.250610,-0.419556,0.850952
-0.559326,0.074951,0.760986
0.449097,-0.213013,1.020508
-0.184326,-0.258057,0.778687
-0.148438,0.226074,0.968140
0.302979,-0.356567,0.894409
-0.573608,0.050903,0.753784
0.413086,-0.183105,1.013428
-0.077148,-0.360962,0.773926
-0.228638,0.218018,0.922241
0.353516,-0.334473,0.904419
-0.550049,0.063110,0.756592
0.346558,-0.118286,0.992798
-0.013062,-0.416016,0.767334
-0.287964,0.177612,0.874390
0.407349,-0.293091,0.947388
-0.538330,-0.000366,0.720337
0.248535,-0.040283,0.986938
0.018066,-0.457520,0.751099
-0.349609,0.159302,0.859253
0.447998,-0.300293,0.952515
-0.530640,-0.036255,0.729004
0.146484,0.036133,0.985962
0.085449,-0.469482,0.773193
-0.431030,0.143311,0.826294
0.455322,-0.246216,0.982910
-0.468506,-0.070801,0.736816
0.072632,0.083862,0.988403
0.136963,-0.461304,0.799438
-0.500000,0.117798,0.791748
0.469604,-0.205811,1.017944
-0.360718,-0.112549,0.759766
-0.012939,0.147583,0.993042
0.211182,-0.450562,0.838379
-0.556152,0.102295,0.755859
0.464600,-0.202759,1.014038
-0.259155,-0.176636,0.770386
-0.098267,0.198608,0.981323
0.274536,-0.394531,0.876465
-0.584961,0.072144,0.758911
0.443359,-0.205811,1.031372
-0.142090,-0.321533,0.765381
-0.192261,0.224121,0.943604
0.340942,-0.335205,0.903809
-0.565674,0.058228,0.759521
0.373047,-0.113892,1.028564
-0.031128,-0.400269,0.770752
-0.275024,0.172974,0.875610
0.379883,-0.337036,0.928589
-0.556152,-0.012817,0.717651
0.296753,-0.054565,0.991333
0.011230,-0.411499,0.763184
-0.338379,0.169922,0.856445
0.421631,-0.306519,0.947876
-0.532349,-0.047607,0.718872
0.182983,0.003052,0.973022
0.057251,-0.438354,0.772583
-0.405518,0.130859,0.822021
0.449219,-0.274170,0.986938
-0.479248,-0.066528,0.732422
0.108765,0.117798,1.000488
0.109375,-0.428955,0.777588
-0.504395,0.154419,0.805420
0.471924,-0.285278,0.993896
-0.381836,-0.163330,0.753662
0.010132,0.174561,1.000000
0.166260,-0.379883,0.825317
-0.538086,0.119263,0.775024
0.465210,-0.241821,1.013916
-0.299927,-0.226440,0.761841
-0.049561,0.179321,0.984131
0.230835,-0.373291,0.852783
-0.578613,0.116699,0.757324
0.453735,-0.199463,1.030762
-0.204102,-0.250122,0.781250
-0.118042,0.182983,0.960083
0.289185,-0.394531,0.881348
-0.582275,0.092896,0.753540
0.424072,-0.162720,1.019409
-0.118774,-0.302734,0.769287
-0.202759,0.217773,0.932251
0.352295,-0.359009,0.916138
-0.561890,0.056885,0.771362
0.369019,-0.142700,0.998535
-0.075684,-0.377441,0.755493
-0.260986,0.202271,0.885132
0.396362,-0.316284,0.937134
-0.547852,0.008545,0.745483
0.287598,-0.056763,1.000488
-0.005981,-0.411987,0.758179
-0.348022,0.144531,0.844971
0.415527,-0.316040,0.941162
-0.515381,-0.031616,0.734009
0.205078,0.022949,1.001709
0.038208,-0.420410,0.763184
-0.433472,0.168457,0.823730
0.457397,-0.317017,0.963135
-0.486694,-0.078125,0.740479
0.124390,0.073242,1.012573
0.087769,-0.391846,0.798096
-0.503174,0.151978,0.792358
0.467163,-0.259644,0.992798
-0.382935,-0.163452,0.756714
0.032959,0.142456,1.013428
0.160645,-0.400635,0.825928
-0.542847,0.139404,0.774414
0.446289,-0.203003,1.007935
-0.290649,-0.214722,0.758057
-0.044312,0.179077,1.003906
0.235840,-0.405762,0.856445
-0.587280,0.118896,0.763428
0.453613,-0.202393,1.016846
-0.209351,-0.239868,0.764282
-0.129028,0.211182,0.967651
0.308594,-0.397949,0.886719
-0.583984,0.094238,0.753052
0.414185,-0.135986,1.031494
-0.118408,-0.292603,0.765625
-0.208252,0.219360,0.926758
0.361572,-0.360474,0.907349
-0.574585,0.034912,0.742676
0.360229,-0.097656,1.017578
-0.042969,-0.368652,0.756714
-0.294189,0.223877,0.890625
0.394531,-0.313721,0.935425
-0.556030,-0.010254,0.722168
0.272095,-0.073486,0.984985
-0.001343,-0.419067,0.757446
-0.351074,0.165283,0.847900
0.421387,-0.296143,0.955078
-0.533325,-0.043457,0.729614
0.183960,0.009521,0.994141
0.036621,-0.419556,0.769531
-0.418945,0.171509,0.847168
0.455078,-0.278076,0.970215
-0.471680,-0.064453,0.762085
0.069824,0.104248,0.994629
0.110962,-0.413696,0.807739
-0.495361,0.144409,0.811157
0.465454,-0.231934,0.996216
-0.370361,-0.104858,0.763306
-0.008179,0.167969,0.995361
0.180542,-0.393188,0.837158
-0.555542,0.098022,0.763062
0.447144,-0.182495,1.016235
-0.252319,-0.240356,0.744385
-0.083374,0.212769,0.987305
0.279907,-0.384521,0.889038
-0.608276,0.116333,0.741455
0.411743,-0.169922,1.014038
-0.129028,-0.343018,0.758301
-0.181030,0.207764,0.941895
0.341675,-0.349976,0.906128
-0.582886,0.087646,0.758057
0.353638,-0.103271,1.017456
-0.067871,-0.387329,0.742920
-0.283447,0.197021,0.879761
0.390625,-0.340942,0.924805
-0.531738,-0.023926,0.733521
0.278076,-0.027100,1.007446
-0.017700,-0.402954,0.741577
-0.369995,0.190918,0.839600
0.425293,-0.307251,0.941650
-0.508667,-0.030396,0.728394
0.186890,0.005371,0.993408
0.046143,-0.402222,0.779663
-0.474243,0.189087,0.817139
0.437256,-0.245972,0.972900
-0.418945,-0.115112,0.760254
0.067993,0.100586,1.005737
0.130249,-0.405396,0.814087
-0.538452,0.167480,0.793091
0.430908,-0.185913,0.993774
-0.298462,-0.181274,0.762451
-0.044556,0.176392,0.989624
0.238403,-0.389038,0.870728
-0.595703,0.122925,0.770630
0.431396,-0.170654,1.015015
-0.170898,-0.301147,0.743164
-0.152466,0.203247,0.955811
0.331299,-0.363892,0.898926
-0.591675,0.094116,0.750488
0.378906,-0.136230,1.011230
-0.070312,-0.378174,0.746582
-0.273315,0.206909,0.886353
0.379517,-0.296021,0.932983
-0.558350,0.004272,0.721191
0.275024,-0.056274,0.985596
-0.018188,-0.421143,0.748657
-0.378906,0.172363,0.846313
0.420776,-0.293701,0.956787
-0.497070,-0.062134,0.731689
0.161621,0.076782,1.015015
0.043701,-0.394409,0.780273
-0.475464,0.171631,0.808960
0.442505,-0.242188,0.981567
-0.426147,-0.132935,0.727661
0.070435,0.117554,1.017090
0.136230,-0.374512,0.825317
-0.564941,0.177124,0.800903
0.449829,-0.214844,1.003784
-0.292236,-0.234741,0.751465
-0.061768,0.152710,0.983643
0.246826,-0.387329,0.871826
-0.569580,0.144531,0.790649
0.390747,-0.101318,1.013672
-0.184204,-0.274170,0.722290
-0.138794,0.172485,0.959229
0.344116,-0.406982,0.904663
-0.600952,0.088501,0.756470
0.364868,-0.101807,1.008545
-0.093872,-0.338989,0.729980
-0.275757,0.214722,0.889282
0.381104,-0.339355,0.914429
-0.547852,0.009033,0.741821
0.279297,-0.047241,0.999023
-0.036255,-0.408569,0.738647
-0.384399,0.201660,0.851685
0.425171,-0.291870,0.942017
-0.518066,-0.032104,0.717896
0.158325,0.043579,0.995117
0.042236,-0.420898,0.773438
-0.465454,0.186035,0.837280
0.433472,-0.236816,0.983398
-0.433594,-0.064087,0.762817
0.059692,0.162720,1.019043
0.131592,-0.397705,0.814819
-0.570190,0.153931,0.790527
0.442505,-0.225708,0.988770
-0.314087,-0.184326,0.739990
-0.010620,0.203125,1.003174
0.211792,-0.354004,0.847168
-0.611206,0.173218,0.765503
0.444458,-0.227173,0.997803
-0.240479,-0.277710,0.742554
-0.108276,0.180542,0.959229
0.289062,-0.366699,0.892700
-0.590942,0.156494,0.784302
0.395874,-0.128418,1.010254
-0.159790,-0.286011,0.764282
-0.187256,0.158691,0.925415
0.340332,-0.365479,0.902222
-0.577881,0.091431,0.759277
0.362305,-0.062134,1.019897
-0.114868,-0.337280,0.728638
-0.270996,0.192139,0.903687
0.375610,-0.384888,0.907837
-0.573730,0.026733,0.744629
0.330933,-0.038818,1.030151
-0.062866,-0.360229,0.735596
-0.361084,0.227539,0.867798
0.401489,-0.333862,0.935669
-0.538696,-0.049683,0.728149
0.257812,-0.051270,1.002197
-0.033081,-0.385010,0.749390
-0.416260,0.209961,0.837891
0.420410,-0.260498,0.948486
-0.500977,-0.057617,0.731445
0.162109,0.009155,0.998901
0.037842,-0.405518,0.790649
-0.502441,0.199707,0.822144
0.440308,-0.248047,0.981323
-0.436401,-0.096680,0.738770
0.071167,0.129761,1.018311
0.117188,-0.395264,0.821899
-0.567261,0.167725,0.797852
0.457031,-0.220215,1.012573
-0.322754,-0.198486,0.734375
-0.021484,0.213989,1.018921
0.169312,-0.353271,0.833862
-0.588135,0.104736,0.777954
0.463013,-0.255859,1.017456
-0.243164,-0.296387,0.734863
-0.096069,0.204956,0.973999
0.261597,-0.337646,0.869019
-0.609863,0.131714,0.746338
0.414062,-0.194458,1.002441
-0.153076,-0.358276,0.733398
-0.166504,0.164551,0.930908
0.299438,-0.330811,0.892822
-0.622559,0.129883,0.746460
0.388184,-0.162354,1.006836
-0.103882,-0.372192,0.750977
-0.240479,0.185059,0.922607
0.341064,-0.325562,0.898926
-0.588745,0.078125,0.729736
0.339966,-0.081787,1.012939
-0.082275,-0.369141,0.749268
-0.333740,0.191040,0.882568
0.390259,-0.341553,0.915527
-0.561768,0.004883,0.699097
0.280640,-0.029907,1.000366
-0.053467,-0.380005,0.730957
-0.386353,0.220825,0.869629
0.426392,-0.321777,0.946289
-0.553467,-0.056885,0.708862
0.175293,-0.009399,0.989380
0.011597,-0.418701,0.769653
-0.451538,0.209229,0.838989
0.410034,-0.232788,0.959961
-0.470459,-0.074097,0.739258
0.110107,0.059204,1.005859
0.061401,-0.406860,0.784668
-0.526123,0.205444,0.823730
0.436646,-0.212036,0.988525
-0.361328,-0.131104,0.765503
0.004395,0.133789,1.007446
0.159668,-0.408447,0.821289
-0.583130,0.154297,0.779663
0.434326,-0.180664,1.013306
-0.277100,-0.255737,0.718750
-0.077393,0.195312,0.993652
0.265869,-0.383667,0.875977
-0.630371,0.123413,0.753418
0.411621,-0.206787,1.008179
-0.184326,-0.363403,0.713379
-0.169800,0.204590,0.950439
0.316895,-0.348999,0.892578
-0.620239,0.086182,0.744385
0.373291,-0.165771,1.004639
-0.120239,-0.372559,0.727661
-0.247803,0.167236,0.906372
0.353394,-0.309692,0.921753
-0.599609,0.059082,0.720215
0.292969,-0.090698,0.997925
-0.075195,-0.396851,0.737183
-0.335327,0.180298,0.882202
0.394897,-0.300171,0.948364
-0.589478,0.020630,0.691162
0.206299,-0.024780,0.973633
0.007690,-0.422119,0.784546
-0.418213,0.176147,0.862061
0.396362,-0.255249,0.967529
-0.536743,-0.027832,0.690918
0.129883,0.069092,0.982056
0.049194,-0.390137,0.799805
-0.472534,0.169678,0.845459
0.435181,-0.255737,0.985229
-0.494629,-0.052124,0.727661
0.061646,0.130615,1.012573
0.093140,-0.408691,0.811890
-0.533569,0.157471,0.822388
0.429932,-0.234497,1.004395
-0.384033,-0.137329,0.751099
0.021240,0.171265,1.020020
0.134155,-0.393188,0.823120
-0.572266,0.157837,0.801636
0.436523,-0.208618,1.020752
-0.337280,-0.191895,0.732666
-0.037842,0.172974,0.989136
0.213745,-0.391968,0.861816
-0.603394,0.127075,0.759277
0.422729,-0.178955,1.019287
-0.253784,-0.273804,0.729370
-0.119507,0.202881,0.981567
0.271973,-0.397217,0.875244
-0.604492,0.120117,0.774414
0.388916,-0.157104,1.008301
-0.190186,-0.325317,0.722412
-0.194092,0.191895,0.946899
0.322632,-0.373169,0.894897
-0.605103,0.059326,0.731323
0.364868,-0.158691,1.010986
-0.137573,-0.376221,0.716675
-0.290649,0.226562,0.923340
0.372925,-0.345215,0.919434
-0.583862,0.023071,0.722412
0.285767,-0.084106,1.003296
-0.096558,-0.418701,0.712524
-0.362793,0.189941,0.877075
0.402344,-0.325928,0.942627
-0.557739,-0.013672,0.713379
0.196045,0.015381,1.011353
-0.016968,-0.419922,0.749146
-0.453613,0.220337,0.864136
0.413330,-0.293579,0.957764
-0.507812,-0.073486,0.729492
0.114258,0.056152,1.006836
0.048950,-0.396973,0.798706
-0.528809,0.207520,0.847412
0.438477,-0.262817,0.987793
-0.428101,-0.144531,0.726196
0.009155,0.162842,1.022583
0.145386,-0.403931,0.821289
-0.578857,0.163696,0.811035
0.441040,-0.241699,1.005737
-0.317139,-0.241577,0.738281
-0.070190,0.155396,0.987305
0.217163,-0.396851,0.847290
-0.617065,0.121338,0.768066
0.425903,-0.203979,1.023193
-0.204224,-0.337402,0.730103
-0.168213,0.202759,0.958130
0.280762,-0.344849,0.875854
-0.612305,0.070679,0.738281
0.385864,-0.191284,1.014282
-0.163940,-0.392822,0.725342
-0.242310,0.149658,0.912720
0.340576,-0.309326,0.928467
-0.613159,0.067749,0.713135
0.294922,-0.113892,0.992554
-0.086792,-0.417969,0.733765
-0.339844,0.147705,0.887451
0.374268,-0.337646,0.939209
-0.562866,0.021240,0.711548
0.204224,0.015381,1.000610
-0.045044,-0.357422,0.777100
-0.424561,0.152222,0.877075
0.410278,-0.314453,0.975098
-0.540161,-0.075928,0.687988
0.150879,0.082886,1.021851
0.002319,-0.370972,0.770874
-0.521484,0.182251,0.836792
0.453003,-0.333740,0.988525
-0.454956,-0.145020,0.727539
0.053467,0.127075,1.013672
0.069458,-0.359863,0.805786
-0.546143,0.153076,0.814819
0.442139,-0.265015,1.003784
-0.407104,-0.180542,0.734863
0.026245,0.101074,1.011719
0.158203,-0.414795,0.836182
-0.588867,0.160156,0.795776
0.424316,-0.205200,1.009521
-0.341919,-0.196533,0.731567
-0.033691,0.141602,1.009888
0.215088,-0.422729,0.858154
-0.606934,0.122437,0.781372
0.422607,-0.213989,1.006714
-0.276611,-0.314331,0.692627
-0.129395,0.187744,0.981201
0.281006,-0.414917,0.875854
-0.595581,0.080200,0.774658
0.401245,-0.164185,1.032959
-0.217163,-0.343140,0.706055
-0.199463,0.171509,0.950928
0.308716,-0.369751,0.905518
-0.605713,0.045898,0.749390
0.372314,-0.172974,1.015869
-0.163574,-0.385498,0.705811
-0.255859,0.188721,0.937256
0.355591,-0.341431,0.923584
-0.613403,0.023804,0.728882
0.314697,-0.145874,1.016113
-0.108154,-0.420898,0.731323
-0.332031,0.162231,0.890137
0.384644,-0.331543,0.950073
-0.593750,0.024048,0.716797
0.233032,-0.061890,1.012329
-0.038452,-0.402832,0.770386
-0.427368,0.174194,0.875122
0.396851,-0.287842,0.980957
-0.538208,-0.079346,0.693359
0.158936,0.030029,1.016602
0.015381,-0.373169,0.804565
-0.485229,0.170898,0.873291
0.434204,-0.292480,0.997925
-0.485352,-0.121216,0.718140
0.053223,0.116943,1.007324
0.097656,-0.387817,0.821777
-0.529419,0.136719,0.830078
0.440063,-0.261475,1.011475
-0.390259,-0.191772,0.726685
0.008057,0.160400,1.025513
0.145630,-0.358765,0.842896
-0.574951,0.096680,0.790161
0.455078,-0.277100,1.026001
-0.315552,-0.263184,0.727295
-0.052856,0.140869,0.991943
0.195801,-0.374023,0.843262
-0.601196,0.106323,0.771973
0.432129,-0.263794,1.011841
-0.248169,-0.330200,0.732422
-0.116943,0.130127,0.967529
0.263062,-0.396606,0.868286
-0.596313,0.094482,0.754639
0.402222,-0.194092,1.020874
-0.221436,-0.344116,0.715454
-0.177002,0.155396,0.978638
0.336914,-0.396851,0.925537
-0.612427,0.048462,0.745239
0.362671,-0.143311,1.037842
-0.177856,-0.369263,0.713989
-0.283081,0.175659,0.928345
0.369263,-0.399292,0.937988
-0.577026,-0.029907,0.734619
0.339966,-0.124023,1.041992
-0.129395,-0.361206,0.735962
-0.343018,0.208008,0.900513
0.393799,-0.330200,0.957031
-0.563232,-0.042480,0.725830
0.276489,-0.090942,1.046631
-0.077393,-0.403564,0.767334
-0.391113,0.167969,0.886475
0.414429,-0.319580,0.971680
-0.533203,-0.039917,0.723877
0.187622,0.012085,1.032104
0.025635,-0.406738,0.815796
-0.457031,0.157593,0.881104
0.428833,-0.319946,0.990356
-0.503662,-0.102905,0.712646
0.102905,0.114136,1.032349
0.089111,-0.359985,0.840088
-0.512939,0.143311,0.845703
0.450928,-0.306885,1.005005
-0.444824,-0.182495,0.722534
0.066772,0.114868,1.033325
0.131348,-0.396851,0.829102
-0.535400,0.141602,0.824951
0.448120,-0.285156,1.014282
-0.377930,-0.255493,0.721680
0.027832,0.100220,1.039307
0.190796,-0.437012,0.850952
-0.565918,0.164917,0.813843
0.432007,-0.231567,1.019409
-0.311890,-0.223022,0.763062
-0.023926,0.093384,1.032471
0.239624,-0.456909,0.866455
-0.582275,0.113159,0.794189
0.430298,-0.207642,1.031006
-0.229858,-0.282227,0.756104
-0.113403,0.161377,1.003296
0.279663,-0.386841,0.900146
-0.570557,0.028931,0.760010
0.441772,-0.209595,1.047729
-0.200928,-0.328369,0.737183
-0.189453,0.184448,0.981079
0.332886,-0.346924,0.925781
-0.580444,0.030884,0.763794
0.405762,-0.210571,1.049805
-0.143555,-0.364990,0.764771
-0.270630,0.182007,0.951416
0.474854,-0.283813,1.052124
-0.567505,-0.032959,0.745605
0.263672,-0.015625,1.107788
-0.095093,-0.381226,0.779907
-0.366821,0.141724,0.925903
0.515503,-0.253906,1.096313
-0.405151,-0.145630,0.774170
0.171875,0.071899,1.101196
0.169312,-0.421753,0.900024
-0.403320,0.088623,0.906250
0.535034,-0.262207,1.108521
-0.354004,-0.166870,0.796875
0.089478,0.143677,1.091919
0.233643,-0.406738,0.922363
-0.447632,0.067871,0.880249
0.536743,-0.257690,1.115845
-0.287354,-0.234009,0.812866
0.042358,0.160645,1.080688
0.273560,-0.370483,0.924438
-0.472534,0.039917,0.843384
0.538818,-0.234863,1.133667
-0.173462,-0.331909,0.823242
-0.033691,0.145752,1.052002
0.317749,-0.378540,0.938843
-0.481812,0.052124,0.828491
0.520020,-0.190796,1.148926
-0.115723,-0.352783,0.832642
-0.095215,0.139038,1.040894
0.378052,-0.363525,0.979858
-0.489014,0.017090,0.812622
0.480225,-0.138306,1.150269
-0.073120,-0.365723,0.831543
-0.167236,0.185547,1.045898
0.432007,-0.353149,1.006226
-0.474365,-0.033569,0.805298
0.429077,-0.088257,1.147461
-0.044434,-0.347046,0.850952
-0.214355,0.196167,1.027222
0.459473,-0.310303,1.054077
-0.479248,-0.045654,0.797485
0.402222,-0.104492,1.151489
0.010498,-0.355103,0.875244
-0.267822,0.191162,1.008057
0.484863,-0.281738,1.082886
-0.436890,-0.102539,0.790161
0.344116,-0.050537,1.143066
0.076294,-0.366089,0.893677
-0.311646,0.187866,0.964722
0.514282,-0.271484,1.081665
-0.395386,-0.145874,0.801270
0.265869,-0.004761,1.140381
0.161987,-0.394897,0.925293
-0.365601,0.150879,0.919800
0.524414,-0.213379,1.111816
-0.342407,-0.190186,0.789917
0.177124,0.056519,1.124390
0.239014,-0.413208,0.952637
-0.412598,0.110474,0.904541
0.534790,-0.176147,1.132935
-0.275391,-0.213257,0.832520
0.068848,0.122192,1.104980
0.321533,-0.418701,0.978027
-0.439575,0.019775,0.845093
0.529785,-0.137817,1.156982
-0.160645,-0.257568,0.837158
-0.044189,0.193481,1.096313
0.405884,-0.406128,1.006104
-0.444092,-0.023315,0.843750
0.488770,-0.129150,1.152100
-0.073975,-0.301392,0.838013
-0.114746,0.187866,1.067627
0.448730,-0.344116,1.042725
-0.452637,-0.056763,0.830200
0.445068,-0.063354,1.179077
-0.017822,-0.337158,0.850708
-0.207520,0.216431,1.051147
0.507812,-0.319580,1.087769
-0.453735,-0.078125,0.807861
0.371582,-0.047485,1.163818
0.084106,-0.364624,0.910889
-0.304199,0.194946,0.985352
0.547607,-0.261719,1.125122
-0.385986,-0.156616,0.797241
0.263062,0.021606,1.150513
0.189209,-0.420532,0.923584
-0.363403,0.148804,0.929321
0.550781,-0.231201,1.129272
-0.301514,-0.191406,0.829224
0.141113,0.091919,1.115479
0.294312,-0.420288,0.970215
-0.421997,0.079590,0.886963
0.560425,-0.201172,1.149048
-0.217651,-0.223145,0.844971
0.044434,0.182373,1.109253
0.351685,-0.381104,0.981812
-0.468384,0.025269,0.849854
0.558838,-0.214478,1.172607
-0.072266,-0.354126,0.878784
-0.057983,0.179932,1.074463
0.393677,-0.340088,1.003418
-0.458130,-0.007446,0.831055
0.512451,-0.164795,1.171387
-0.023438,-0.364502,0.892944
-0.150879,0.160278,1.063354
0.464966,-0.316284,1.072876
-0.454468,-0.011475,0.826782
0.437500,-0.045654,1.189087
0.016724,-0.376465,0.881470
-0.193970,0.180420,1.054688
0.519165,-0.289551,1.112793
-0.441406,-0.059570,0.821411
0.345825,-0.014160,1.160400
0.109863,-0.392090,0.922729
-0.263550,0.149902,1.002808
0.554199,-0.278320,1.133423
-0.380615,-0.104126,0.829102
0.258911,0.076904,1.141235
0.193237,-0.407959,0.941162
-0.318115,0.101318,0.955811
0.573364,-0.236328,1.160889
-0.349487,-0.177856,0.809204
0.193604,0.084229,1.122803
0.256226,-0.413696,0.955933
-0.371216,0.105957,0.914795
0.580566,-0.201294,1.165283
-0.272339,-0.242554,0.832642
0.100830,0.115112,1.108032
0.309937,-0.419800,0.977783
-0.395752,0.071777,0.899170
0.573364,-0.185303,1.160156
-0.208252,-0.248779,0.858154
0.011841,0.182617,1.103394
0.378418,-0.416626,0.998169
-0.424072,0.046875,0.876465
0.532715,-0.147095,1.161133
-0.105835,-0.267578,0.892822
-0.046631,0.197021,1.100708
0.416016,-0.373047,1.034180
-0.436768,-0.018311,0.858521
0.507080,-0.128662,1.174683
-0.015503,-0.293579,0.897583
-0.091797,0.219360,1.085693
0.437256,-0.318726,1.046631
-0.455444,-0.045288,0.827637
0.490112,-0.124878,1.177979
0.031494,-0.316772,0.916138
-0.160645,0.235352,1.073608
0.486206,-0.301514,1.076294
-0.441772,-0.049561,0.829468
0.428101,-0.089355,1.167236
0.058228,-0.375610,0.907349
-0.218384,0.180420,1.025757
0.526611,-0.254761,1.120117
-0.412842,-0.098267,0.814087
0.331177,-0.012085,1.148193
0.157349,-0.417969,0.931274
-0.291260,0.143433,0.976929
0.558105,-0.242676,1.147705
-0.350098,-0.155151,0.811035
0.233032,0.072876,1.117676
0.238770,-0.457764,0.939331
-0.351196,0.075928,0.914673
0.561646,-0.217285,1.165039
-0.302979,-0.232788,0.802490
0.149292,0.142090,1.131348
0.305054,-0.448730,0.961304
-0.409302,0.080811,0.899902
0.570557,-0.227173,1.166870
-0.249146,-0.259644,0.834595
0.065918,0.168701,1.111938
0.345459,-0.405518,0.989624
-0.436890,0.060425,0.872314
0.557861,-0.218506,1.156250
-0.152466,-0.299561,0.863525
-0.013428,0.213013,1.091675
0.376587,-0.386963,0.986694
-0.448242,0.029663,0.843750
0.548584,-0.205688,1.159302
-0.091919,-0.307007,0.892090
-0.070923,0.211060,1.090332
0.413818,-0.383789,1.002075
-0.431396,-0.004883,0.840820
0.506226,-0.164673,1.153442
-0.031372,-0.319336,0.900635
-0.108032,0.220581,1.085327
0.447388,-0.376099,1.028564
-0.460693,-0.018188,0.819946
0.469849,-0.118896,1.157715
0.036133,-0.350586,0.909790
-0.161621,0.232910,1.067139
0.480469,-0.352295,1.051636
-0.442627,-0.062012,0.811890
0.414429,-0.069580,1.149902
0.054565,-0.358643,0.889404
-0.217163,0.215210,1.039673
0.520386,-0.314575,1.092041
-0.424072,-0.092407,0.813965
0.340332,-0.025269,1.127563
0.106689,-0.378174,0.905151
-0.269043,0.184082,1.001587
0.541016,-0.276978,1.118530
-0.398926,-0.142944,0.806274
0.257690,0.001587,1.105713
0.192871,-0.420532,0.916748
-0.325684,0.122681,0.931885
0.554810,-0.233154,1.129761
-0.332031,-0.165527,0.817261
0.163330,0.071411,1.091064
0.263428,-0.467773,0.912231
-0.389526,0.075439,0.866821
0.557251,-0.220825,1.126099
-0.253906,-0.222778,0.834961
0.039551,0.157104,1.086182
0.340576,-0.452148,0.957275
-0.433960,0.040039,0.837524
0.514282,-0.158325,1.139771
-0.162964,-0.259399,0.841553
-0.035645,0.219238,1.103027
0.415527,-0.433594,0.987061
-0.503174,0.043335,0.816528
0.477417,-0.152466,1.123291
-0.016235,-0.325439,0.870117
-0.126221,0.234497,1.083130
0.434326,-0.335449,1.028809
-0.478638,-0.037231,0.791870
0.411621,-0.114258,1.116943
0.058594,-0.427734,0.859253
-0.195435,0.184692,1.032593
0.483398,-0.311646,1.060181
-0.443115,-0.065796,0.793213
0.326294,-0.046753,1.100098
0.098267,-0.420898,0.862305
-0.280273,0.156128,0.973877
0.537109,-0.312256,1.095093
-0.416016,-0.110840,0.796143
0.214600,0.036743,1.070801
0.201172,-0.471191,0.895752
-0.375854,0.098999,0.895996
0.540771,-0.251831,1.109009
-0.345459,-0.180298,0.797119
0.124023,0.091187,1.067017
0.265137,-0.443726,0.916504
-0.428345,0.057983,0.835571
0.541260,-0.241821,1.098755
-0.258423,-0.232300,0.826294
0.023682,0.145020,1.059448
0.322021,-0.449219,0.926636
-0.462769,0.041504,0.810303
0.500977,-0.182983,1.116455
-0.171997,-0.240967,0.852173
-0.052246,0.167358,1.053833
0.385010,-0.450684,0.972534
-0.504150,-0.008789,0.784424
0.445435,-0.139648,1.098755
-0.062988,-0.309082,0.845215
-0.133545,0.217041,1.056274
0.419922,-0.379639,0.995605
-0.491211,-0.051270,0.777832
0.406860,-0.152344,1.078247
0.046143,-0.403564,0.865967
-0.205322,0.195190,1.012085
0.430298,-0.328857,1.009644
-0.459351,-0.097168,0.775024
0.344604,-0.077148,1.084961
0.077881,-0.423950,0.834839
-0.271362,0.167969,0.945557
0.480347,-0.298706,1.038940
-0.419189,-0.121826,0.779785
0.249878,-0.020874,1.058716
0.113647,-0.421143,0.847168
-0.345337,0.122925,0.895996
0.535278,-0.335205,1.060059
-0.413574,-0.158081,0.766357
0.146851,0.062744,1.040283
0.174316,-0.438599,0.865967
-0.372314,0.077881,0.866455
0.530029,-0.281006,1.073853
-0.372437,-0.184326,0.780273
0.078613,0.078125,1.039307
0.238159,-0.473022,0.865601
-0.425171,0.048828,0.805664
0.493408,-0.240601,1.054688
-0.292114,-0.181030,0.822632
0.019165,0.083130,1.034424
0.281128,-0.474365,0.899048
-0.484009,0.027710,0.782715
0.477051,-0.215454,1.059326
-0.204468,-0.250488,0.802002
-0.083130,0.183716,1.030762
0.361206,-0.439087,0.937378
-0.500000,0.010620,0.776733
0.433228,-0.202515,1.067017
-0.123169,-0.322388,0.813232
-0.149658,0.166260,0.998535
0.389282,-0.390625,0.962891
-0.504639,-0.039551,0.755249
0.387573,-0.130127,1.052002
0.011963,-0.382568,0.835205
-0.232422,0.182129,0.969360
0.421631,-0.385864,0.972900
-0.496704,-0.091797,0.743164
0.318481,-0.073975,1.047607
0.064209,-0.442627,0.816650
-0.291870,0.163208,0.926270
0.464722,-0.350952,0.995850
-0.457764,-0.128052,0.748047
0.215088,-0.013184,1.022949
0.098145,-0.459351,0.809692
-0.351196,0.134155,0.882324
0.503906,-0.330688,1.029297
-0.415649,-0.149048,0.758911
0.119263,0.059448,1.013550
0.134277,-0.459961,0.809204
-0.418213,0.074585,0.833618
0.507690,-0.328857,1.022583
-0.363037,-0.209473,0.778442
0.041016,0.109985,1.027954
0.218506,-0.454956,0.843750
-0.480591,0.056274,0.769043
0.478271,-0.269287,1.036743
-0.247437,-0.249756,0.801025
-0.059204,0.153320,1.010010
0.282715,-0.451172,0.885010
-0.517334,0.029175,0.741211
0.424683,-0.194702,1.032104
-0.157837,-0.271729,0.810181
-0.132202,0.189087,1.004028
0.366821,-0.444946,0.921265
-0.543579,0.013062,0.753418
0.373291,-0.151489,1.028320
-0.030640,-0.404663,0.785889
-0.210693,0.157593,0.945068
0.405273,-0.372681,0.950195
-0.515381,-0.014160,0.762817
0.315063,-0.092773,1.015381
0.051270,-0.420654,0.806030
-0.296143,0.108887,0.886108
0.419067,-0.321411,0.972534
-0.489258,-0.109375,0.737061
0.212158,-0.031372,1.005005
0.105957,-0.471924,0.807007
-0.387085,0.121826,0.850464
0.457397,-0.305542,0.990723
-0.445679,-0.098389,0.748047
0.121826,0.067505,1.011841
0.142944,-0.414185,0.839966
-0.458618,0.046021,0.786377
0.470459,-0.297241,1.010742
-0.375122,-0.194092,0.750000
0.030640,0.179443,1.037231
0.199097,-0.424805,0.827148
-0.497192,0.046387,0.754395
0.482910,-0.300415,1.012329
-0.301147,-0.226318,0.777588
-0.050415,0.168701,1.007202
0.266235,-0.432861,0.858154
-0.527710,0.047607,0.738403
0.434937,-0.228760,1.017700
-0.184082,-0.267822,0.816650
-0.115601,0.167236,0.998047
0.318604,-0.446655,0.894775
-0.568604,0.055664,0.737549
0.406128,-0.175537,1.021851
-0.082275,-0.303467,0.806152
-0.195923,0.203857,0.956177
0.347900,-0.389648,0.925415
-0.541870,-0.026123,0.742676
0.375732,-0.153687,1.028198
-0.043579,-0.387085,0.787231
-0.254150,0.203247,0.927856
0.398315,-0.333252,0.954712
-0.523315,-0.056396,0.738281
0.305176,-0.119385,0.997314
0.016602,-0.437500,0.780884
-0.306763,0.140015,0.862305
0.427734,-0.344360,0.955688
-0.514160,-0.058716,0.737305
0.228882,-0.038696,0.997437
0.076416,-0.448364,0.774536
-0.373047,0.122803,0.818115
0.450684,-0.309448,0.970947
-0.491699,-0.081421,0.734253
0.148071,0.025879,1.001831
0.113159,-0.471680,0.795654
-0.455566,0.116089,0.805054
0.455933,-0.286499,0.970947
-0.408936,-0.129028,0.752808
0.041992,0.126221,1.008789
0.179565,-0.457520,0.820435
-0.513306,0.083008,0.775146
0.445190,-0.253906,0.993896
-0.299927,-0.173584,0.788208
-0.059204,0.170654,0.981934
0.263916,-0.419189,0.878784
-0.553589,0.036987,0.729980
0.431641,-0.198975,1.020996
-0.177246,-0.274536,0.787109
-0.142456,0.205078,0.971436
0.320923,-0.377808,0.900391
-0.560913,0.046509,0.748047
0.396851,-0.135132,1.026245
-0.074585,-0.345581,0.788208
-0.218262,0.192871,0.924683
0.356567,-0.345459,0.921997
-0.554932,-0.001221,0.739136
0.337280,-0.098511,1.006592
-0.010010,-0.395142,0.763184
-0.325806,0.206909,0.872314
0.420776,-0.345459,0.934937
-0.516602,-0.051147,0.746582
0.218872,-0.046875,0.980469
0.032715,-0.454834,0.757935
-0.362061,0.151489,0.843750
0.443115,-0.259033,0.958740
-0.495850,-0.023193,0.752075
0.134521,0.028687,0.990601
0.104248,-0.484863,0.784912
-0.459106,0.104370,0.794312
0.442261,-0.210571,0.994629
-0.423584,-0.097534,0.733398
0.043335,0.141235,1.009155
0.199829,-0.460693,0.829468
-0.558472,0.112061,0.769043
0.435913,-0.194336,1.009277
-0.269897,-0.230591,0.754272
-0.070923,0.232544,1.010620
0.271729,-0.375244,0.875977
-0.607056,0.091675,0.743408
0.424683,-0.221069,1.008301
-0.137329,-0.323120,0.785889
-0.130127,0.212402,0.953125
0.313721,-0.292725,0.914795
-0.610352,0.103638,0.742188
0.379761,-0.176025,0.996704
-0.044922,-0.456787,0.757568
-0.220581,0.170166,0.898315
0.358521,-0.290894,0.919189
-0.568848,0.053223,0.718140
0.309570,-0.071533,0.986206
-0.010254,-0.397827,0.777710
-0.312012,0.131226,0.866333
0.401367,-0.290771,0.943115
-0.545776,0.007935,0.720581
0.222656,0.019653,0.994873
0.032471,-0.413574,0.777344
-0.399902,0.151367,0.842651
0.418579,-0.272583,0.958740
-0.510864,-0.043579,0.739868
0.133911,0.045532,1.002441
0.091919,-0.448486,0.787231
-0.480103,0.162964,0.806885
0.429321,-0.186279,0.989014
-0.418823,-0.081909,0.737061
0.051880,0.141479,1.010010
0.170410,-0.413452,0.833374
-0.564453,0.149902,0.778076
0.432495,-0.194336,0.996704
-0.296509,-0.221680,0.735718
-0.031616,0.191040,1.003540
0.247803,-0.373413,0.873047
-0.591553,0.142456,0.763428
0.422119,-0.171509,1.005859
-0.195435,-0.273071,0.752075
-0.136230,0.194702,0.951660
0.316895,-0.366699,0.910645
-0.597656,0.104614,0.753540
0.388672,-0.123779,1.012939
-0.121948,-0.342041,0.740356
-0.230469,0.208984,0.910400
0.365356,-0.343872,0.922852
-0.571167,0.052612,0.749878
0.321899,-0.070679,1.013062
-0.078247,-0.406738,0.724731
-0.309448,0.200317,0.878906
0.399536,-0.319702,0.930420
-0.544189,-0.006470,0.730103
0.245117,-0.033447,0.984131
-0.024902,-0.409058,0.747070
-0.402832,0.194092,0.844116
0.416626,-0.274780,0.953369
-0.504272,-0.061157,0.724487
0.163330,0.036865,1.009033
0.043091,-0.394287,0.779419
-0.487305,0.216553,0.836426
0.425537,-0.237305,0.971436
-0.441895,-0.110596,0.753906
0.072632,0.066162,1.002197
0.132446,-0.395874,0.837646
-0.546997,0.191162,0.794556
0.423950,-0.177612,0.993286
-0.334717,-0.178711,0.741211
-0.019043,0.139160,0.998535
0.211426,-0.389038,0.860229
-0.595459,0.166382,0.782349
0.421021,-0.172119,1.003418
-0.232788,-0.268555,0.729126
-0.122681,0.198730,0.963623
0.288574,-0.365112,0.885864
-0.604126,0.099243,0.758789
0.409546,-0.177124,1.015747
-0.150635,-0.320923,0.743164
-0.229370,0.216431,0.919189
0.336548,-0.326294,0.909058
-0.596924,0.038940,0.734863
0.356445,-0.131226,1.016846
-0.113281,-0.383179,0.735474
-0.301514,0.178345,0.879883
0.378418,-0.322144,0.925537
-0.569580,0.009155,0.721191
0.263794,-0.052246,1.008057
-0.060059,-0.405884,0.732910
-0.396851,0.191650,0.866211
0.413208,-0.302856,0.958008
-0.541748,-0.037354,0.718750
0.164429,0.029541,1.002563
0.012695,-0.391968,0.785400
-0.488770,0.197021,0.845215
0.440430,-0.275635,0.983398
-0.472046,-0.092407,0.732178
0.061768,0.142212,1.019287
0.107056,-0.400757,0.812866
-0.539673,0.158203,0.829834
0.428711,-0.225708,0.997314
-0.377441,-0.173584,0.722778
-0.004395,0.165527,1.012329
0.186768,-0.394165,0.840210
-0.587891,0.150757,0.789917
0.422974,-0.195679,1.017578
-0.277588,-0.281372,0.718140
-0.097046,0.168701,0.983154
0.271484,-0.406982,0.871094
-0.618652,0.144165,0.757202
0.393066,-0.156250,1.011353
-0.209717,-0.295776,0.729736
-0.175537,0.148804,0.954468
0.319824,-0.405396,0.895630
-0.616089,0.085938,0.744141
0.366943,-0.134888,1.013794
-0.152466,-0.332642,0.719604
-0.291870,0.192017,0.912354
0.362305,-0.381470,0.922607
-0.590088,-0.002930,0.721924
0.320679,-0.105835,1.019775
-0.121338,-0.356201,0.726685
-0.377563,0.216309,0.879761
0.395386,-0.342896,0.937744
-0.544067,-0.048218,0.720581
0.222656,-0.052124,0.998657
-0.053345,-0.396729,0.755493
-0.424561,0.199097,0.871094
0.390747,-0.283569,0.953979
-0.524292,-0.072998,0.719604
0.128418,0.015015,1.000244
0.028076,-0.404785,0.798584
-0.500244,0.187988,0.843140
0.422852,-0.255005,0.993042
-0.481445,-0.110229,0.725342
0.043457,0.080933,1.014404
0.125122,-0.425171,0.837036
-0.564941,0.148682,0.812012
0.439331,-0.240845,1.011230
-0.356689,-0.218018,0.712280
-0.047485,0.175171,1.001465
0.218506,-0.400879,0.866333
-0.570801,0.111450,0.798218
0.408081,-0.231567,0.990845
-0.296875,-0.275879,0.700317
-0.101685,0.162109,0.959961
0.276123,-0.380371,0.891479
-0.578369,0.077515,0.779419
0.393677,-0.199463,1.015625
-0.233276,-0.344849,0.708740
-0.194458,0.152466,0.948608
0.326904,-0.395020,0.907959
-0.603394,0.055908,0.755493
0.386963,-0.163574,1.040161
-0.166504,-0.329590,0.739014
-0.279785,0.183350,0.933228
0.347778,-0.353516,0.930542
-0.575806,-0.020264,0.741943
0.328491,-0.137939,1.029785
-0.125366,-0.372192,0.743652
-0.352661,0.193359,0.905518
0.395020,-0.343384,0.947998
-0.550293,-0.049316,0.714111
0.268555,-0.074829,1.034058
-0.053589,-0.370972,0.782715
-0.427368,0.197632,0.875977
0.416260,-0.321167,0.985107
-0.522705,-0.125488,0.704956
0.201904,-0.026245,1.037476
0.013672,-0.380493,0.816772
-0.492065,0.217651,0.868408
0.451904,-0.278076,1.019409
-0.478027,-0.166382,0.719360
0.101196,0.032227,1.026367
0.093262,-0.412231,0.834595
-0.505005,0.146729,0.842651
0.463013,-0.260986,1.034668
-0.410522,-0.168823,0.764038
0.026367,0.090210,1.029785
0.178833,-0.439209,0.862671
-0.526978,0.106323,0.815430
0.444336,-0.202393,1.050171
-0.315308,-0.225952,0.755615
-0.032837,0.113037,1.023193
0.247559,-0.463501,0.874878
-0.552612,0.050171,0.779419
0.446411,-0.160522,1.069702
-0.251343,-0.229736,0.764648
-0.119873,0.148315,0.995728
0.319092,-0.435303,0.919800
-0.532349,0.012573,0.779907
0.416626,-0.129761,1.081909
-0.208496,-0.302856,0.731323
-0.206665,0.163452,0.972290
0.366821,-0.412598,0.949463
-0.535645,-0.034668,0.765259
0.400269,-0.109375,1.098145
-0.160400,-0.306763,0.752075
-0.284424,0.197388,0.958008
0.401123,-0.375488,0.969849
-0.529907,-0.085938,0.759155
0.356323,-0.133057,1.080200
-0.078979,-0.346313,0.787476
-0.354126,0.215454,0.918701
0.443604,-0.309326,1.009399
-0.491455,-0.105225,0.747070
0.259155,-0.063843,1.082764
0.022095,-0.404541,0.821655
-0.389893,0.175415,0.910278
0.468262,-0.267212,1.035400
-0.447998,-0.171387,0.752686
0.178955,0.006104,1.070190
0.124512,-0.419434,0.873535
-0.451904,0.145386,0.869995
0.486816,-0.249512,1.057617
-0.391357,-0.164917,0.779907
0.082520,0.081177,1.059937
0.216187,-0.413574,0.897949
-0.484131,0.086548,0.854736
0.490112,-0.227661,1.072998
-0.290283,-0.247559,0.771973
0.001343,0.123291,1.047852
0.286865,-0.389160,0.923340
-0.496094,0.027710,0.823975
0.485962,-0.185547,1.110596
-0.174316,-0.315796,0.777222
-0.086182,0.151611,1.029663
0.351440,-0.364746,0.951538
-0.517090,0.000244,0.799438
0.458984,-0.174683,1.115967
-0.110474,-0.333252,0.795288
-0.175781,0.191162,1.036743
0.401611,-0.338989,0.984741
-0.517944,-0.031494,0.786377
0.414673,-0.134521,1.124878
-0.042847,-0.342041,0.845337
-0.262817,0.184814,0.986206
0.452637,-0.292969,1.049072
-0.477661,-0.084473,0.768311
0.339966,-0.073242,1.118286
0.039551,-0.376831,0.870239
-0.321167,0.143555,0.941284
0.489502,-0.272217,1.082886
-0.415405,-0.138672,0.763672
0.251099,0.037476,1.133789
0.129517,-0.400635,0.898926
-0.383545,0.122192,0.930908
0.538330,-0.276489,1.108398
-0.359985,-0.185425,0.781250
0.149902,0.142578,1.119019
0.234131,-0.395630,0.928345
-0.424438,0.076538,0.889526
0.543457,-0.259644,1.121704
-0.304688,-0.242554,0.795654
0.082520,0.168335,1.107178
0.290039,-0.390503,0.949341
-0.457153,0.023804,0.851685
0.520630,-0.191162,1.168945
-0.190430,-0.281982,0.833374
-0.095947,0.214355,1.077637
0.354004,-0.380859,0.964233
-0.456787,-0.022339,0.829834
0.476074,-0.143921,1.167236
0.032471,-0.400635,0.892822
-0.167969,0.215210,1.073486
0.504395,-0.296753,1.087402
-0.456421,-0.030151,0.823975
0.398560,-0.068359,1.153320
0.082642,-0.365967,0.926147
-0.230225,0.206421,1.055420
0.525879,-0.257324,1.129639
-0.415039,-0.094360,0.806763
0.337402,-0.002319,1.148560
0.161743,-0.399414,0.928223
-0.311890,0.177979,0.977051
0.553589,-0.243896,1.139648
-0.335815,-0.175049,0.818237
0.220337,0.062500,1.121948
0.238525,-0.426025,0.951782
-0.371094,0.112061,0.905884
0.564087,-0.220947,1.138916
-0.270386,-0.211426,0.834351
0.115479,0.120117,1.107910
0.316528,-0.434814,0.964355
-0.417725,0.084595,0.866211
0.555542,-0.209351,1.132812
-0.185669,-0.238403,0.860962
0.008545,0.205811,1.106812
0.369019,-0.395508,0.991577
-0.432007,0.022827,0.848511
0.516479,-0.139648,1.149292
-0.076050,-0.261108,0.893555
-0.081787,0.218872,1.084961
0.427612,-0.383057,1.032593
-0.467041,-0.033691,0.818481
0.467163,-0.132935,1.146606
0.018188,-0.344360,0.885620
-0.151489,0.228638,1.059082
0.481812,-0.322998,1.061646
-0.450928,-0.049805,0.803345
0.383667,-0.062012,1.131592
0.086182,-0.426025,0.891724
-0.236816,0.165894,1.003052
0.504761,-0.305054,1.080444
-0.420288,-0.093262,0.802490
0.304443,-0.005371,1.112549
0.135132,-0.402832,0.897095
-0.316650,0.166626,0.974976
0.537109,-0.270874,1.109863
-0.367798,-0.170532,0.813232
0.208862,0.068726,1.093872
0.201172,-0.434326,0.898315
-0.366821,0.076538,0.887939
0.555908,-0.269897,1.123291
-0.324707,-0.225342,0.793823
0.103760,0.104004,1.070923
0.281738,-0.441040,0.911377
-0.431030,0.081177,0.833618
0.537842,-0.239624,1.098633
-0.234375,-0.228271,0.842529
0.008545,0.125977,1.055054
0.346436,-0.432739,0.957642
-0.470215,0.054932,0.806519
0.480469,-0.166504,1.100220
-0.147339,-0.241455,0.863403
-0.081299,0.178833,1.054810
0.396362,-0.432251,0.983398
-0.468872,-0.011841,0.800659
0.443604,-0.113892,1.098999
-0.067383,-0.294800,0.853516
-0.159546,0.193481,1.029663
0.438110,-0.410034,1.012817
-0.465698,-0.082275,0.780151
0.373779,-0.073364,1.098145
0.050049,-0.368896,0.853027
-0.237671,0.200195,0.984985
0.477051,-0.349365,1.022583
-0.452881,-0.126099,0.768066
0.295776,-0.078613,1.054565
0.093994,-0.408691,0.841431
-0.306763,0.134399,0.917236
0.493896,-0.300049,1.045898
-0.415527,-0.173218,0.765991
0.183472,0.010010,1.051270
0.176880,-0.463623,0.852783
-0.403076,0.097290,0.846313
0.502563,-0.273193,1.044067
-0.355835,-0.181519,0.769165
0.071411,0.096558,1.037476
0.271606,-0.487793,0.890747
-0.474487,-0.006104,0.779663
0.497925,-0.255127,1.065430
-0.254150,-0.259033,0.776611
-0.044067,0.206421,1.046631
0.335571,-0.387329,0.943604
-0.513062,0.022217,0.771729
0.438599,-0.235596,1.048218
-0.102661,-0.338501,0.827148
-0.146606,0.157837,0.985840
0.372925,-0.363159,0.955688
-0.513062,-0.004883,0.751221
0.374146,-0.111450,1.065674
0.000000,-0.419556,0.825806
-0.227295,0.133667,0.960938
0.425537,-0.384521,0.976807
-0.485840,-0.061523,0.752808
0.287842,-0.049072,1.029541
0.056030,-0.425049,0.799805
-0.307739,0.116211,0.891357
0.453369,-0.349243,0.999146
-0.447266,-0.130249,0.761475
0.231201,-0.013794,1.029297
0.093994,-0.415039,0.812744
-0.382324,0.110474,0.855347
0.467651,-0.330933,1.008423
-0.412109,-0.166748,0.772217
0.124023,0.027710,1.025391
0.157959,-0.474121,0.814453
-0.460571,0.094727,0.795166
0.482910,-0.259399,1.033203
-0.338501,-0.151978,0.787476
0.000000,0.121460,1.015869
0.238403,-0.504639,0.850586
-0.523926,0.012817,0.730103
0.459106,-0.237793,1.027588
-0.215088,-0.241211,0.789917
-0.094482,0.243164,1.038940
0.308838,-0.394531,0.907349
-0.555420,0.031494,0.770874
0.411133,-0.234863,1.011475
-0.116211,-0.325439,0.795410
-0.143799,0.204102,0.988770
0.346191,-0.352295,0.932373
-0.553101,0.027466,0.771118
0.379028,-0.201050,0.998657
-0.018799,-0.381348,0.814087
-0.227783,0.139282,0.916260
0.379395,-0.313477,0.958618
-0.536865,-0.037231,0.737793
0.324463,-0.140625,1.004517
0.039185,-0.456299,0.785278
-0.323608,0.147705,0.862061
0.429199,-0.347778,0.955688
-0.506714,-0.067017,0.744385
0.232422,-0.047852,0.993652
0.077637,-0.479858,0.770264
-0.381714,0.121338,0.830444
0.452026,-0.302246,0.979858
-0.483154,-0.096802,0.736084
0.141602,0.036133,1.001709
0.109619,-0.480469,0.789185
-0.444702,0.107910,0.795898
0.453125,-0.289062,0.988892
-0.427124,-0.162354,0.736572
0.073608,0.107666,1.013306
0.167480,-0.427490,0.818970
-0.505493,0.123657,0.771729
0.455200,-0.257935,0.997925
-0.358154,-0.191650,0.746460
0.005371,0.125610,1.000977
0.222534,-0.451294,0.839478
-0.538452,0.087036,0.750610
0.452148,-0.211426,1.006226
-0.276855,-0.205688,0.766846
-0.069214,0.163086,0.989502
0.278809,-0.449951,0.865845
-0.553101,0.067139,0.752197
0.437744,-0.172852,1.011597
-0.196533,-0.206787,0.779663
-0.158813,0.184692,0.950317
0.335938,-0.414307,0.903442
-0.555542,0.048828,0.760376
0.387573,-0.141479,1.014893
-0.101685,-0.337524,0.767578
-0.216675,0.203003,0.926880
0.385620,-0.360107,0.920776
-0.548340,0.034668,0.755493
0.329956,-0.101318,1.002197
-0.038818,-0.389893,0.768188
-0.292114,0.161377,0.869751
0.416382,-0.331177,0.945679
-0.539185,-0.020386,0.734009
0.264404,-0.052246,0.990112
0.029175,-0.427246,0.763794
-0.393555,0.178955,0.823608
0.437744,-0.279785,0.965820
-0.474854,-0.052979,0.750977
0.170410,0.027588,1.012451
0.072754,-0.434570,0.776978
-0.475464,0.187744,0.808350
0.441528,-0.232910,0.979004
-0.424316,-0.085327,0.752441
0.100952,0.103516,1.025391
0.129761,-0.405396,0.829590
-0.545044,0.127563,0.776489
0.446899,-0.212646,0.993164
-0.346313,-0.159302,0.740723
-0.006592,0.179443,1.005981
0.223755,-0.405762,0.858643
-0.575562,0.159668,0.785400
0.437012,-0.205688,0.990845
-0.240479,-0.206299,0.773926
-0.101318,0.181763,0.964722
0.279175,-0.381836,0.890747
-0.597900,0.079712,0.730347
0.430908,-0.151123,1.032471
-0.151489,-0.306519,0.757202
-0.186401,0.222290,0.944824
0.341064,-0.358398,0.902344
-0.595337,0.076416,0.754395
0.386719,-0.151001,1.002808
-0.088257,-0.361206,0.749146
-0.263672,0.216797,0.905273
0.367798,-0.328491,0.903931
-0.576904,0.052734,0.739990
0.316772,-0.073853,1.007446
-0.039429,-0.414795,0.735840
-0.322876,0.193481,0.874146
0.401855,-0.303711,0.932129
-0.565308,-0.004639,0.724487
0.219971,-0.059692,0.967285
0.011719,-0.436646,0.772339
-0.396362,0.167114,0.843994
0.414307,-0.238525,0.974731
-0.521240,-0.025513,0.722046
0.146973,0.062134,1.007812
0.054077,-0.408447,0.791992
-0.472046,0.150513,0.821167
0.432617,-0.232422,0.989380
-0.452148,-0.054077,0.745361
0.056885,0.164795,1.014038
0.133789,-0.397705,0.814331
-0.553955,0.149536,0.808472
0.436646,-0.223511,0.993774
-0.359375,-0.160645,0.727905
-0.008179,0.210693,1.008789
0.196045,-0.368408,0.844482
-0.593262,0.103638,0.770630
0.435547,-0.213867,1.018555
-0.250610,-0.281372,0.733887
-0.109009,0.198364,0.965698
0.261353,-0.350342,0.876465
-0.599243,0.116821,0.763428
0.416870,-0.182495,1.027710
-0.176758,-0.344238,0.729126
-0.171021,0.162720,0.932251
0.302979,-0.337891,0.885010
-0.626221,0.125122,0.739990
0.372437,-0.164307,1.002686
-0.109375,-0.362793,0.752808
-0.279297,0.176025,0.904541
0.343262,-0.334473,0.911865
-0.588135,0.056519,0.725586
0.301270,-0.062500,1.011963
-0.074463,-0.399414,0.738647
-0.365601,0.188843,0.871704
0.378052,-0.309204,0.927612
-0.559937,-0.000488,0.709351
0.223999,-0.028442,1.004028
-0.029053,-0.408569,0.758789
-0.452148,0.191040,0.850708
0.395630,-0.281738,0.956543
-0.519775,-0.092163,0.706543
0.133423,0.041016,1.018677
0.051147,-0.400757,0.807739
-0.531860,0.191040,0.831421
0.426636,-0.248291,0.992676
-0.435791,-0.152344,0.721191
0.029297,0.123535,1.021118
0.158081,-0.440308,0.831909
-0.579834,0.159424,0.819580
0.415039,-0.208130,1.012573
-0.327881,-0.231323,0.724365
-0.085205,0.147339,0.971191
0.254761,-0.424438,0.873779
-0.591553,0.091431,0.777100
0.405273,-0.171753,1.031738
-0.234497,-0.300659,0.713135
-0.206787,0.177490,0.951050
0.319580,-0.390503,0.905029
-0.587769,0.032593,0.750122
0.370728,-0.150269,1.041138
-0.179077,-0.329956,0.722778
-0.309448,0.187256,0.909180
0.371216,-0.374146,0.934204
-0.578125,-0.046265,0.718750
0.302490,-0.089478,1.034302
-0.097290,-0.360229,0.755737
-0.416870,0.213745,0.876709
0.396729,-0.309570,0.971069
-0.512451,-0.103760,0.724976
0.186890,-0.034424,1.029419
0.006836,-0.408447,0.796753
-0.502075,0.206299,0.859009
0.419434,-0.269043,0.990601
-0.450195,-0.166992,0.722778
0.066528,0.071533,1.025269
0.131104,-0.417114,0.845581
-0.553955,0.135742,0.825195
0.434814,-0.235474,1.016846
-0.332153,-0.224487,0.744629
-0.038086,0.107544,1.004150
0.224976,-0.375488,0.892578
-0.568237,0.068237,0.784546
0.430298,-0.216064,1.030151
-0.241211,-0.311401,0.720947
-0.153442,0.152954,0.981201
0.323242,-0.368408,0.924561
-0.570068,0.028076,0.761719
0.387939,-0.152954,1.057617
-0.187012,-0.325073,0.747681
-0.257324,0.153809,0.954224
0.389038,-0.379150,0.957275
-0.550903,-0.030884,0.743042
0.324707,-0.077759,1.070679
-0.089966,-0.321899,0.788086
-0.354858,0.180054,0.922852
0.418945,-0.350342,0.988281
-0.499146,-0.127808,0.728027
0.241455,-0.044067,1.065430
-0.011108,-0.373535,0.812012
-0.433594,0.177490,0.892334
0.463745,-0.299927,1.026245
-0.443604,-0.187378,0.737793
0.122681,0.058472,1.054077
0.118652,-0.394287,0.859619
-0.478271,0.113159,0.844482
0.466797,-0.246582,1.043579
-0.372803,-0.242065,0.749390
0.048584,0.070801,1.049683
0.240845,-0.419800,0.891357
-0.525269,0.102661,0.826538
0.462769,-0.199707,1.061890
-0.224854,-0.284912,0.772095
-0.049805,0.137329,1.042847
0.311279,-0.398438,0.917358
-0.523193,0.036499,0.810181
0.449707,-0.194458,1.082886
-0.171143,-0.341675,0.759399
-0.181030,0.182495,1.011353
0.389526,-0.359131,0.970703
-0.509521,-0.015137,0.796875
0.395386,-0.133545,1.104126
-0.086792,-0.359619,0.802734
-0.269043,0.181152,0.963867
0.435913,-0.308960,1.033936
-0.489014,-0.055908,0.766724
0.333740,-0.069824,1.120850
0.025757,-0.363647,0.850708
-0.344482,0.186523,0.952759
0.472290,-0.280762,1.044922
-0.401001,-0.158203,0.784424
0.212158,-0.006836,1.091553
0.156494,-0.418823,0.892090
-0.421265,0.118652,0.887329
0.514648,-0.223022,1.096313
-0.321411,-0.200439,0.786011
0.074585,0.135742,1.081909
0.278931,-0.418945,0.935181
-0.466553,0.045288,0.851562
0.519531,-0.208008,1.121704
-0.195801,-0.275635,0.829956
-0.032227,0.179932,1.069458
0.336914,-0.378540,0.955200
-0.473999,-0.008545,0.821655
0.509155,-0.204834,1.135742
-0.096680,-0.345337,0.839478
-0.104858,0.182983,1.054077
0.394043,-0.317383,1.005371
-0.496582,-0.017090,0.805908
0.472900,-0.168701,1.158691
-0.032593,-0.372925,0.857910
-0.195679,0.215088,1.047485
0.469360,-0.296509,1.047363
-0.473022,-0.047974,0.795410
0.389282,-0.105957,1.140869
0.067627,-0.391357,0.896240
-0.260132,0.184570,1.019043
0.500122,-0.260498,1.103882
-0.422485,-0.092896,0.799561
0.298096,-0.010742,1.140503
0.154907,-0.427368,0.911255
-0.330322,0.139526,0.961060
0.543945,-0.260864,1.122681
-0.345093,-0.168213,0.812744
0.186157,0.094482,1.123291
0.243042,-0.405884,0.959229
-0.391602,0.089966,0.909912
0.569946,-0.211182,1.157471
-0.265625,-0.234863,0.822021
0.073975,0.170166,1.104370
0.333862,-0.406006,0.985596
-0.432251,0.046387,0.870728
0.559448,-0.176392,1.167236
-0.149170,-0.257324,0.870483
-0.019287,0.188599,1.089478
0.380981,-0.351074,1.009399
-0.429688,-0.027100,0.851929
0.520752,-0.154297,1.172241
-0.037598,-0.355225,0.877563
-0.086670,0.185669,1.079590
0.443604,-0.316895,1.051392
-0.423828,-0.041382,0.830688
0.453613,-0.064575,1.175171
0.000366,-0.333984,0.895874
-0.189941,0.199707,1.061401
0.506470,-0.304077,1.110107
-0.417725,-0.112183,0.817627
0.385132,-0.008789,1.183594
0.089600,-0.357300,0.915405
-0.284302,0.202393,1.013428
0.555054,-0.264893,1.136353
-0.367432,-0.158325,0.819458
0.279053,0.031006,1.154663
0.207764,-0.411499,0.952026
-0.349731,0.134155,0.931396
0.563843,-0.232178,1.134521
-0.299805,-0.198853,0.834106
0.154297,0.083008,1.121948
0.315796,-0.443970,0.978516
-0.402100,0.112793,0.890015
0.544434,-0.166992,1.141602
-0.207275,-0.225586,0.856323
0.011963,0.180542,1.100098
0.399902,-0.430176,1.013184
-0.433838,0.024780,0.860962
0.506348,-0.106567,1.161377
-0.078247,-0.270386,0.878418
-0.096558,0.230469,1.095215
0.452759,-0.376831,1.044434
-0.436768,-0.053223,0.829346
0.454346,-0.086426,1.157715
0.057129,-0.346313,0.899170
-0.189941,0.219604,1.047363
0.487549,-0.306396,1.070190
-0.425049,-0.115845,0.799561
0.365356,-0.060181,1.134521
0.106689,-0.386475,0.909790
-0.289185,0.212402,0.997437
0.535034,-0.256958,1.108398
-0.376343,-0.138428,0.804810
0.246582,0.016479,1.102661
0.195557,-0.447144,0.903198
-0.356934,0.099365,0.903076
0.552246,-0.235107,1.125488
-0.301025,-0.192505,0.823242
0.107300,0.114746,1.070068
0.293579,-0.460938,0.938354
-0.423950,0.032349,0.838501
0.521973,-0.182739,1.131714
-0.218262,-0.227173,0.836792
-0.009521,0.191895,1.075684
0.376221,-0.435791,0.974243
-0.472534,0.028198,0.823242
0.483032,-0.175171,1.114014
-0.108643,-0.277954,0.854370
-0.097168,0.225098,1.053711
0.411743,-0.369873,0.997925
-0.471924,-0.049561,0.799561
0.440308,-0.124878,1.126465
0.010376,-0.403198,0.835938
-0.181396,0.210693,1.022095
0.457153,-0.338257,1.015137
-0.462524,-0.041504,0.793091
0.354004,-0.099487,1.084473
0.077759,-0.464478,0.841431
-0.261597,0.135742,0.953125
0.505005,-0.317261,1.047485
-0.446167,-0.080933,0.784790
0.223999,-0.003296,1.047363
0.138428,-0.479004,0.858887
-0.337402,0.099609,0.923950
0.511475,-0.302734,1.057495
-0.396484,-0.141113,0.769531
0.127197,0.108154,1.055786
0.217041,-0.419312,0.896851
-0.419800,0.018921,0.821289
0.511719,-0.289673,1.066406
-0.311279,-0.238403,0.785034
0.027344,0.180054,1.065918
0.294922,-0.454468,0.897339
-0.484619,0.026001,0.773560
0.467773,-0.241699,1.063232
-0.241211,-0.279297,0.787964
-0.060425,0.180664,1.029053
0.336060,-0.430176,0.925415
-0.502686,0.016602,0.772217
0.439453,-0.192627,1.064209
-0.146240,-0.308228,0.801147
-0.152588,0.185181,0.994873
0.381836,-0.402100,0.946167
-0.511108,-0.006592,0.764526
0.386353,-0.149048,1.050781
-0.033081,-0.359009,0.826172
-0.226685,0.152832,0.947876
0.406982,-0.375366,0.966797
-0.480469,-0.085815,0.757446
0.311035,-0.069702,1.047241
0.058228,-0.430176,0.808838
-0.326172,0.161011,0.887451
0.441528,-0.354126,0.980957
-0.467651,-0.138794,0.742310
0.239258,-0.064697,1.024536
0.105347,-0.467651,0.802979
-0.398438,0.161133,0.849487
0.451050,-0.308350,0.985107
-0.432495,-0.159546,0.742065
0.136475,0.024170,1.015747
0.148682,-0.470337,0.816650
-0.442505,0.087891,0.797363
0.452881,-0.261719,0.997314
-0.377930,-0.152710,0.764893
0.027222,0.083862,0.994385
0.231201,-0.500977,0.842163
-0.490234,0.045288,0.755249
0.451416,-0.226440,1.018799
-0.281860,-0.182251,0.779907
-0.087769,0.173340,0.989868
0.301880,-0.475098,0.885498
-0.534058,0.000122,0.737671
0.430420,-0.198364,1.037598
-0.154053,-0.286377,0.779663
-0.154541,0.221069,0.985352
0.347534,-0.373901,0.923340
-0.555908,0.018799,0.753418
0.386841,-0.175049,1.019775
-0.068481,-0.376831,0.784058
-0.223022,0.175293,0.922852
0.382812,-0.352417,0.935303
-0.537109,-0.035156,0.729736
0.318848,-0.122559,0.996460
0.001465,-0.445557,0.762451
-0.286987,0.165894,0.880249
0.418579,-0.321655,0.947266
-0.516724,-0.026855,0.739502
0.214478,-0.046265,0.979248
0.056763,-0.465698,0.768921
-0.365967,0.123291,0.840454
0.449951,-0.289795,0.979004
-0.476440,0.000244,0.763184
0.119385,0.077759,0.996948
0.103638,-0.451416,0.785522
-0.454224,0.087891,0.786865
0.453369,-0.246216,0.993652
-0.400391,-0.110229,0.758789
0.042236,0.152954,1.011841
0.167603,-0.400635,0.833252
-0.530029,0.073486,0.760864
0.457886,-0.232544,1.011597
-0.291626,-0.208008,0.757324
-0.041870,0.213989,1.009766
0.237671,-0.360352,0.864502
-0.578491,0.087524,0.742188
0.442871,-0.234009,1.005493
-0.178589,-0.282471,0.789062
-0.116821,0.193848,0.973389
0.306396,-0.343628,0.896973
-0.591187,0.114380,0.752930
0.393677,-0.168945,1.010132
-0.087646,-0.334351,0.787598
-0.202148,0.164429,0.931152
0.353638,-0.334961,0.911987
-0.552734,0.089111,0.759033
0.337036,-0.052612,1.015259
-0.039551,-0.370728,0.755737
-0.310425,0.153931,0.869263
0.407593,-0.343262,0.938232
-0.532837,0.002319,0.748901
0.259888,-0.009155,0.993286
0.010010,-0.395752,0.759521
-0.405762,0.168579,0.826904
0.423340,-0.272339,0.964722
-0.494751,-0.090820,0.730835
0.173706,0.022217,1.010742
0.054565,-0.426147,0.781616
-0.484741,0.204956,0.817383
0.436157,-0.229492,0.966919
-0.430054,-0.089233,0.762207
0.076660,0.102539,1.020508
0.119995,-0.418823,0.819214
-0.524170,0.156372,0.790039
0.441040,-0.217529,0.986938
-0.350586,-0.157227,0.749390
-0.008301,0.183105,1.010864
0.227905,-0.383911,0.870972
-0.576538,0.128418,0.770142
0.404053,-0.151123,1.005615
-0.232788,-0.259521,0.731201
-0.078003,0.203979,0.990479
0.292236,-0.376587,0.893311
-0.639282,0.137451,0.752197
0.411987,-0.179810,1.003174
-0.140015,-0.325562,0.752808
-0.176270,0.206543,0.939453
0.325317,-0.332764,0.900024
-0.602173,0.072510,0.740723
0.368896,-0.164429,0.996216
-0.106201,-0.388306,0.721436
-0.249390,0.190552,0.912354
0.362427,-0.323120,0.908936
-0.590088,0.075562,0.741455
0.299561,-0.093872,0.981445
-0.070190,-0.400635,0.730713
-0.337891,0.164917,0.869019
0.387207,-0.287109,0.940308
-0.558716,0.014771,0.722046
0.203491,-0.022339,0.981689
-0.026123,-0.417969,0.759033
-0.403198,0.172363,0.864502
0.408203,-0.271118,0.955933
-0.530762,-0.020874,0.719604
0.123413,0.060181,0.993774
0.063599,-0.407715,0.794556
-0.509033,0.191895,0.847534
0.420410,-0.230469,0.990845
-0.458740,-0.103271,0.719849
0.041626,0.163940,1.013428
0.123413,-0.406128,0.818604
-0.561279,0.142822,0.818726
0.430542,-0.231079,1.009521
-0.364624,-0.182373,0.722168
-0.037231,0.197266,0.996826
0.202148,-0.389160,0.852539
-0.605103,0.112183,0.780396
0.423462,-0.213135,1.020508
-0.256348,-0.298340,0.711304
-0.114990,0.188721,0.967163
0.250122,-0.373535,0.862915
-0.607910,0.103760,0.768311
0.408569,-0.214966,1.014038
-0.197998,-0.369751,0.715576
-0.193481,0.158325,0.938965
0.302856,-0.333618,0.906860
-0.603638,0.085083,0.727539
0.367554,-0.184692,1.008545
-0.160767,-0.353638,0.743774
-0.272339,0.159790,0.915039
0.353516,-0.338623,0.926514
-0.601196,0.034180,0.713989
0.296753,-0.105591,1.015137
-0.123291,-0.379639,0.750000
-0.343506,0.170410,0.900024
0.382568,-0.327759,0.951172
-0.573608,-0.014160,0.710693
0.217285,-0.039307,1.005493
-0.052002,-0.391113,0.776611
-0.423950,0.182373,0.873657
0.397583,-0.286987,0.977783
-0.503906,-0.098633,0.725342
0.155884,0.015259,1.022095
0.033325,-0.410522,0.810547
-0.511475,0.192505,0.846313
0.417358,-0.269043,0.988159
-0.437012,-0.160156,0.745605
0.063965,0.067139,1.022095
0.127197,-0.419067,0.842285
-0.543457,0.140991,0.809204
0.434570,-0.231934,1.016602
-0.350220,-0.223145,0.740845
-0.031128,0.129395,1.019165
0.227783,-0.451050,0.861938
-0.558350,0.096069,0.803345
0.428467,-0.168823,1.048218
-0.269653,-0.241821,0.758911
-0.102905,0.133057,1.007446
0.285522,-0.439087,0.905396
-0.567505,0.010376,0.761719
0.438965,-0.187500,1.057373
-0.203491,-0.307129,0.720825
-0.220215,0.193726,0.972656
0.360474,-0.364624,0.945312
-0.537109,-0.049561,0.761108
0.378174,-0.146484,1.078369
-0.152710,-0.348511,0.750366
-0.288452,0.176880,0.934082
0.494019,-0.286011,1.067993
-0.533569,-0.035522,0.760498
0.249390,0.016724,1.128662
0.144287,-0.414307,0.899414
-0.402832,0.138916,0.918335
0.524170,-0.234253,1.117310
-0.333008,-0.208252,0.795532
0.134033,0.103516,1.097656
0.241943,-0.425659,0.921509
-0.443359,0.083984,0.885010
0.551514,-0.237549,1.126953
-0.261841,-0.263672,0.818481
0.047241,0.151489,1.090454
0.312256,-0.393311,0.951782
-0.450806,0.051025,0.879272
0.540771,-0.200928,1.149414
-0.140259,-0.314209,0.840576
-0.030518,0.160767,1.073364
0.362549,-0.347534,0.983398
-0.450928,0.003540,0.836304
0.528931,-0.170410,1.180176
-0.051025,-0.359619,0.860962
-0.107056,0.183350,1.063354
0.429077,-0.338501,1.019043
-0.448486,-0.013916,0.826538
0.465820,-0.096069,1.177246
-0.027832,-0.353394,0.859131
-0.182739,0.197754,1.068115
0.497070,-0.337036,1.085083
-0.443359,-0.063965,0.814453
0.405029,-0.016479,1.187500
0.049316,-0.358276,0.899536
-0.252930,0.224121,1.046875
0.519409,-0.285522,1.110962
-0.404907,-0.122437,0.821045
0.352417,-0.010376,1.172119
0.132690,-0.385498,0.918579
-0.311157,0.201294,0.993164
0.542480,-0.272949,1.117310
-0.346680,-0.178955,0.826050
0.272217,0.020264,1.158936
0.204956,-0.397461,0.943848
-0.358154,0.153076,0.930054
0.558838,-0.227539,1.121826
-0.287720,-0.195557,0.853516
0.166992,0.079956,1.131714
0.287231,-0.447388,0.964111
-0.395020,0.094849,0.888306
0.559082,-0.184326,1.149536
-0.228149,-0.213989,0.860596
0.079712,0.150024,1.119019
0.358521,-0.412231,0.998291
-0.432129,0.078369,0.870972
0.526123,-0.150269,1.149780
-0.163208,-0.255371,0.866455
-0.001343,0.204102,1.117188
0.429810,-0.404785,1.024414
-0.458740,0.002319,0.838257
0.486328,-0.085327,1.171265
-0.029785,-0.303345,0.893799
-0.099731,0.236450,1.104980
0.464722,-0.399414,1.050537
-0.449585,-0.053833,0.843018
0.448730,-0.095947,1.160034
0.055298,-0.355103,0.900269
-0.193359,0.255737,1.060059
0.500610,-0.306396,1.076904
-0.423584,-0.116333,0.820068
0.371460,-0.071777,1.142334
0.067017,-0.383057,0.896729
-0.261841,0.206055,1.014282
0.552856,-0.287476,1.111328
-0.384277,-0.113647,0.817749
0.249512,0.029297,1.104614
0.178223,-0.440796,0.906494
-0.323975,0.109253,0.922852
0.564575,-0.250366,1.128906
-0.324707,-0.167847,0.822266
0.141724,0.134277,1.092529
0.266357,-0.437378,0.929565
-0.402832,0.037231,0.861450
0.548950,-0.260010,1.120850
-0.257324,-0.257202,0.815308
0.038452,0.178955,1.081421
0.320557,-0.423706,0.944458
-0.463623,0.033203,0.818726
0.527710,-0.244507,1.119873
-0.163208,-0.282227,0.845947
-0.066162,0.202881,1.052979
0.379761,-0.403564,0.973633
-0.481445,0.033325,0.825562
0.460205,-0.181763,1.095093
-0.089722,-0.328979,0.845581
-0.114868,0.198242,1.056641
0.421387,-0.384155,0.997681
-0.486084,0.001587,0.797974
0.403076,-0.133423,1.086182
0.006470,-0.380615,0.856689
-0.182861,0.181152,1.022217
0.438965,-0.370239,1.001831
-0.455566,-0.055786,0.790283
0.358765,-0.102661,1.065063
0.064941,-0.425415,0.859863
-0.265503,0.159790,0.957153
0.475464,-0.343018,1.024902
-0.456299,-0.106567,0.761475
0.293701,-0.042603,1.061890
0.093018,-0.426270,0.834351
-0.316772,0.150757,0.925537
0.484131,-0.321899,1.027344
-0.426880,-0.148682,0.778809
0.223511,-0.016357,1.056274
0.120117,-0.449829,0.836426
-0.376343,0.106567,0.863159
0.476196,-0.289185,1.036621
-0.392212,-0.182739,0.762573
0.154175,0.026367,1.039795
0.184814,-0.496582,0.842285
-0.445923,0.096313,0.817383
0.477783,-0.248169,1.028687
-0.339111,-0.167847,0.772461
0.051880,0.105591,1.034180
0.244507,-0.524170,0.864990
-0.470337,0.023071,0.778809
0.458496,-0.235718,1.030396
-0.290771,-0.235229,0.771118
-0.038574,0.177734,1.032593
0.298584,-0.471680,0.893433
-0.506958,-0.003418,0.758911
0.439331,-0.198608,1.042725
-0.215332,-0.249023,0.782227
-0.113281,0.187866,1.003174
0.335938,-0.458618,0.905396
-0.535400,-0.009521,0.755493
0.403564,-0.181274,1.041382
-0.104370,-0.320923,0.799194
-0.173950,0.196777,0.984253
0.373535,-0.400879,0.932861
-0.533081,-0.002075,0.761597
0.363037,-0.157471,1.015381
-0.023315,-0.386475,0.793701
-0.253418,0.164307,0.920654
0.406372,-0.372925,0.953857
-0.500244,-0.081543,0.739990
0.289795,-0.092651,1.004639
0.022339,-0.433594,0.779907
-0.324707,0.143188,0.869385
0.444580,-0.336426,0.968506
-0.481934,-0.083374,0.765381
0.206909,-0.026489,1.002319
0.089966,-0.477417,0.782959
-0.402466,0.115479,0.814331
0.441162,-0.282104,0.978516
-0.447510,-0.135986,0.746582
0.128296,0.030029,1.004639
0.122559,-0.444458,0.802856
-0.449463,0.099976,0.782837
0.442383,-0.237061,0.987915
-0.385742,-0.156616,0.754395
0.032471,0.098755,1.001709
0.196655,-0.463013,0.826294
-0.517334,0.097900,0.753174
0.448975,-0.229370,0.996948
-0.309204,-0.171753,0.767456
-0.037231,0.179321,1.012329
0.254272,-0.437134,0.865845
-0.545288,0.066040,0.754150
0.445923,-0.234619,0.994995
-0.225830,-0.239868,0.766113
-0.117432,0.204590,0.977417
0.312256,-0.363525,0.905396
-0.558228,0.035767,0.751221
0.410278,-0.166382,1.023682
-0.145142,-0.330200,0.750244
-0.172852,0.182129,0.938354
0.358032,-0.366943,0.929932
-0.555420,0.032471,0.750122
0.360352,-0.108398,0.992676
-0.070312,-0.335815,0.768066
-0.232056,0.183472,0.894043
0.380981,-0.343994,0.931274
-0.547852,-0.008423,0.745605
0.329468,-0.102051,1.007812
-0.035278,-0.407349,0.747437
-0.289795,0.167603,0.866333
0.393311,-0.272827,0.951782
-0.533081,-0.001953,0.742554
0.265625,-0.062622,0.987549
0.010376,-0.441772,0.742432
-0.358276,0.153809,0.845093
0.410522,-0.238525,0.960693
-0.522339,-0.005493,0.743164
0.177002,0.002319,0.990601
0.057861,-0.447144,0.769897
-0.444702,0.174805,0.815674
0.442871,-0.219482,0.981079
-0.454590,-0.050171,0.747192
0.077148,0.120117,1.010742
0.120605,-0.420410,0.819580
-0.517456,0.139160,0.798462
0.459595,-0.213135,1.004395
-0.371094,-0.104858,0.754761
-0.009888,0.209473,0.999878
0.198486,-0.385132,0.850586
-0.577881,0.123535,0.777466
0.460205,-0.220825,1.021240
-0.253906,-0.219727,0.754761
-0.087158,0.214355,0.964600
0.259888,-0.347168,0.869751
-0.607910,0.111694,0.746094
0.432373,-0.187378,1.022949
-0.151367,-0.340088,0.748291
-0.149536,0.181763,0.945068
0.306641,-0.320190,0.903320
-0.620117,0.133057,0.748291
0.377686,-0.163208,0.994263
-0.077148,-0.405396,0.745239
-0.240723,0.171387,0.903198
0.354248,-0.301025,0.914185
-0.597290,0.111450,0.736938
0.291504,-0.096802,0.965454
-0.049805,-0.406128,0.750854
-0.316284,0.129761,0.873047
0.390137,-0.275269,0.956055
-0.574585,0.019287,0.687866
0.203003,0.016357,0.986572
0.010986,-0.419189,0.761719
-0.419678,0.188843,0.870117
0.414673,-0.274536,0.966919
-0.511597,-0.035889,0.726440
0.119019,0.093140,1.002075
0.046509,-0.365112,0.802124
-0.510620,0.166260,0.830811
0.444580,-0.274902,0.994873
-0.440796,-0.102661,0.724487
0.043579,0.183594,1.013428
0.118652,-0.374023,0.803955
-0.566284,0.164429,0.807129
0.451050,-0.275757,0.988281
-0.343384,-0.222412,0.731934
-0.031372,0.177124,0.991089
0.200317,-0.381470,0.841675
-0.598755,0.157471,0.787598
0.421631,-0.205200,1.006592
-0.256592,-0.318604,0.712646
-0.112183,0.153687,0.973145
0.265991,-0.389648,0.868896
-0.618408,0.143799,0.770630
0.404297,-0.180420,1.015869
-0.188110,-0.360107,0.713745
-0.220703,0.162598,0.935059
0.311523,-0.354736,0.905518
-0.600098,0.060059,0.742920
0.367554,-0.150879,1.024902
-0.161133,-0.370361,0.709229
-0.312622,0.174438,0.895142
0.362183,-0.330811,0.933350
-0.565796,-0.009888,0.729492
0.287842,-0.075928,1.032715
-0.103394,-0.393555,0.740479
-0.422607,0.216187,0.867554
0.395508,-0.341675,0.943359
-0.521851,-0.044678,0.738281
0.181763,-0.013916,1.022339
-0.008423,-0.398804,0.792847
-0.494873,0.206787,0.864380
0.417480,-0.279297,0.993042
-0.465576,-0.140015,0.740479
0.065552,0.083862,1.022705
0.105713,-0.428467,0.813965
-0.533813,0.153076,0.821777
0.423218,-0.231567,1.009766
-0.353271,-0.209839,0.751465
-0.009888,0.107178,1.013672
0.204712,-0.431152,0.857666
-0.587036,0.097168,0.773560
0.429565,-0.202148,1.020142
-0.249878,-0.269897,0.741699
-0.112671,0.145996,0.995117
0.279419,-0.387085,0.893311
-0.586548,0.041504,0.757202
0.401978,-0.183960,1.051880
-0.194458,-0.357666,0.720215
-0.239502,0.175659,0.963257
0.367310,-0.349121,0.957275
-0.569092,-0.028809,0.737305
0.324829,-0.111938,1.059082
-0.114014,-0.367798,0.758301
-0.333374,0.186890,0.923218
0.417725,-0.332275,0.988892
-0.526489,-0.054077,0.749146
0.242188,-0.034912,1.070679
0.004761,-0.387573,0.813721
-0.435913,0.169922,0.885986
0.441772,-0.267578,1.028687
-0.444458,-0.166382,0.736816
0.130371,0.063965,1.064697
0.125000,-0.396729,0.866943
-0.495728,0.118774,0.849609
0.478149,-0.266357,1.049805
-0.359131,-0.220703,0.754272
0.017944,0.119385,1.046387
0.236816,-0.404663,0.890381
-0.518799,0.072388,0.825073
0.472900,-0.217773,1.068481
-0.235840,-0.289673,0.767822
-0.067871,0.124878,1.021851
0.314697,-0.406128,0.926880
-0.522461,0.032715,0.799316
0.457886,-0.161133,1.108276
-0.154541,-0.327271,0.771851
-0.177856,0.169189,0.998657
0.378662,-0.368896,0.968872
-0.494751,-0.033081,0.795044
0.426880,-0.125488,1.119751
-0.102783,-0.325317,0.795166
-0.274292,0.213257,0.969116
0.452148,-0.326050,1.034058
-0.484253,-0.110229,0.778564
0.352661,-0.108643,1.111450
0.003906,-0.365723,0.843750
-0.342651,0.211304,0.932617
0.479004,-0.288940,1.050781
-0.415649,-0.119141,0.801392
0.262939,-0.039551,1.119873
0.108887,-0.424561,0.878540
-0.411743,0.166992,0.904541
0.515137,-0.255005,1.083130
-0.341064,-0.166260,0.794922
0.140137,0.100098,1.100464
0.231079,-0.407227,0.935669
-0.438354,0.065186,0.890625
0.529663,-0.259155,1.109253
-0.298828,-0.272339,0.790283
0.056152,0.160645,1.096558
0.310425,-0.386597,0.943726
-0.450684,0.036743,0.848755
0.537720,-0.206299,1.136841
-0.138794,-0.336304,0.839111
-0.041382,0.153564,1.064453
0.370850,-0.363647,0.993530
-0.467529,-0.008789,0.829590
0.499268,-0.152100,1.160034
-0.063477,-0.358398,0.842773
-0.114868,0.171509,1.056763
0.424316,-0.316162,1.041260
-0.465332,-0.038940,0.824219
0.466797,-0.107788,1.171387
-0.017090,-0.334839,0.872803
-0.220703,0.222046,1.046875
0.489868,-0.302979,1.085449
-0.428101,-0.101318,0.817261
0.401978,-0.032593,1.188477
0.050781,-0.352173,0.902100
-0.295288,0.204468,0.994751
0.545410,-0.300903,1.114380
-0.387939,-0.150391,0.808716
0.310181,0.004150,1.159058
0.161865,-0.384277,0.922119
-0.351196,0.181763,0.938965
0.556885,-0.251343,1.126099
-0.315674,-0.206055,0.826660
0.196289,0.061646,1.140137
0.268555,-0.431641,0.972046
-0.406128,0.118896,0.911011
0.552856,-0.186157,1.155029
-0.247437,-0.221558,0.841675
0.086182,0.145386,1.119019
0.361816,-0.424438,0.998047
-0.437988,0.074585,0.882080
0.530273,-0.158081,1.151733
-0.158813,-0.255859,0.859253
0.005493,0.216187,1.128540
0.422119,-0.390015,1.029297
-0.457764,0.007324,0.850220
0.505493,-0.124268,1.164062
-0.032104,-0.302368,0.895630
-0.082642,0.211182,1.094116
0.446411,-0.332275,1.052368
-0.451660,-0.034424,0.834961
0.484253,-0.113647,1.172974
0.032837,-0.348145,0.899658
-0.180298,0.213623,1.052490
0.494995,-0.287109,1.083862
-0.428223,-0.072632,0.813354
0.404297,-0.068848,1.159912
0.066406,-0.384766,0.901001
-0.245361,0.175781,1.020142
0.528442,-0.263306,1.118164
-0.397339,-0.109741,0.813721
0.297729,0.006226,1.140503
0.188110,-0.449707,0.927979
-0.337891,0.145020,0.969238
0.549072,-0.232544,1.142578
-0.348145,-0.141724,0.809937
0.189819,0.099487,1.115356
0.267456,-0.457031,0.947998
-0.380127,0.044067,0.902222
0.568115,-0.239746,1.151733
-0.290894,-0.223022,0.810913
0.064941,0.169800,1.087646
0.345825,-0.447388,0.970459
-0.427246,0.035889,0.846802
0.522217,-0.191284,1.131592
-0.205933,-0.236694,0.842407
-0.023804,0.214478,1.082642
0.381958,-0.416382,0.975586
-0.463135,-0.010864,0.832764
0.503296,-0.170410,1.135498
-0.092041,-0.264282,0.867310
-0.097046,0.244751,1.079224
0.410034,-0.385620,1.007568
-0.477295,-0.045532,0.805542
0.443359,-0.148071,1.113770
0.004395,-0.367188,0.863892
-0.159790,0.220825,1.034180
0.452393,-0.316650,1.026367
-0.466187,-0.037354,0.799072
0.374634,-0.114868,1.099854
0.080078,-0.458130,0.857666
-0.224243,0.122803,0.963135
0.482666,-0.273682,1.062378
-0.449585,-0.079102,0.788086
0.274658,-0.034180,1.066895
0.118164,-0.460449,0.856567
-0.305786,0.103516,0.928101
0.507812,-0.268311,1.080444
-0.413452,-0.108887,0.782349
0.165405,0.062134,1.041748
0.183838,-0.402100,0.891724
-0.386841,0.029541,0.850952
0.544678,-0.293701,1.101196
-0.380127,-0.184570,0.760498
0.060913,0.155518,1.046631
0.247192,-0.454102,0.875244
-0.440796,0.027344,0.809570
0.520630,-0.287109,1.080200
-0.287964,-0.248047,0.794434
-0.025146,0.197388,1.041870
0.287598,-0.434937,0.897339
-0.493164,0.021118,0.787231
0.482910,-0.258789,1.071655
-0.196655,-0.274048,0.818481
-0.082886,0.216064,1.035645
0.317627,-0.390991,0.918457
-0.523804,0.025635,0.786133
0.457520,-0.243408,1.067017
-0.128052,-0.305786,0.829590
-0.157104,0.200684,0.996216
0.358521,-0.380859,0.943970
-0.512573,-0.022339,0.776245
0.406860,-0.205444,1.038696
-0.067993,-0.384399,0.801758
-0.204834,0.172607,0.963745
0.402954,-0.367188,0.955200
-0.507446,-0.038574,0.767456
0.330933,-0.141357,1.012329
0.013916,-0.455811,0.794067
-0.267334,0.137207,0.901978
0.437866,-0.339478,0.972534
-0.494873,-0.032959,0.768677
0.251099,-0.069092,1.013184
0.083862,-0.498291,0.782104
-0.355957,0.082764,0.829590
0.457764,-0.299316,0.995728
-0.442993,-0.098633,0.767212
0.158081,0.028198,1.019775
0.108887,-0.469238,0.801636
-0.437012,0.073486,0.793579
0.459229,-0.298706,0.995728
-0.396729,-0.169922,0.754150
0.061768,0.086548,1.010986
0.198975,-0.456055,0.837402
-0.522339,0.091431,0.750610
0.445068,-0.251831,0.999390
-0.288208,-0.219238,0.782471
-0.044678,0.125000,0.994629
0.274902,-0.468506,0.866455
-0.541748,0.045654,0.742310
0.433960,-0.180298,1.025146
-0.185669,-0.220215,0.787842
-0.171265,0.195801,0.956543
0.353516,-0.409668,0.920288
-0.535522,-0.008911,0.755615
0.381836,-0.127563,1.029785
-0.058838,-0.337280,0.779419
-0.271362,0.189087,0.898804
0.394775,-0.355835,0.948364
-0.504883,-0.079712,0.753174
0.299194,-0.095093,1.005981
0.020142,-0.424683,0.769287
-0.368408,0.183960,0.833252
0.425415,-0.278809,0.955200
-0.461426,-0.102173,0.757324
0.168457,-0.015381,0.990112
0.082520,-0.453613,0.781006
-0.457642,0.127686,0.785767
0.447266,-0.254761,0.979126
-0.395996,-0.131592,0.771484
0.040894,0.117310,0.994995
0.167480,-0.430420,0.832764
-0.525879,0.084595,0.759033
0.439941,-0.218140,0.999023
-0.283081,-0.204346,0.756958
-0.059082,0.190308,1.001587
0.271240,-0.383301,0.889526
-0.571045,0.064331,0.746094
0.413574,-0.168823,1.011230
-0.127563,-0.333984,0.754028
-0.178955,0.193848,0.948242
0.350586,-0.344360,0.912476
-0.560059,0.067993,0.758911
0.344727,-0.105103,0.991943
-0.050293,-0.382324,0.758057
-0.284790,0.147583,0.853271
0.403320,-0.314453,0.946167
-0.528809,-0.027222,0.741455
0.221680,0.001709,0.986694
0.004639,-0.417969,0.751831
-0.383179,0.146606,0.830200
0.426880,-0.261963,0.972900
-0.470093,-0.078125,0.764282
0.118042,0.063965,1.010742
0.084595,-0.431641,0.781738
-0.489624,0.157593,0.799438
0.433472,-0.184692,0.995361
-0.362549,-0.124634,0.763672
0.019653,0.154541,1.007446
0.179077,-0.401489,0.830811
-0.580200,0.132812,0.780396
0.448486,-0.213379,1.012573
-0.247559,-0.239380,0.747070
-0.108276,0.209106,0.968140
0.273804,-0.338867,0.886841
-0.588745,0.094360,0.759033
0.424072,-0.168945,1.028931
-0.150024,-0.344360,0.743408
-0.210571,0.187744,0.914185
0.345093,-0.328491,0.906494
-0.577881,0.094482,0.758545
0.352905,-0.111938,1.009644
-0.079468,-0.393433,0.734131
-0.316406,0.188477,0.866943
0.386353,-0.298218,0.926025
-0.545654,0.050415,0.747925
0.257935,-0.024414,1.004517
-0.022583,-0.423096,0.741943
-0.409302,0.195190,0.848511
0.406860,-0.277344,0.937012
-0.503174,-0.037842,0.731323
0.155640,0.029419,0.998657
0.037354,-0.404663,0.788208
-0.509277,0.195312,0.820679
0.427734,-0.221558,0.980225
-0.422119,-0.123169,0.734131
0.055664,0.134033,1.026855
0.139526,-0.407837,0.837524
-0.570190,0.182861,0.800293
0.410645,-0.190063,0.989380
-0.324463,-0.220093,0.727295
-0.039795,0.150635,1.000366
0.235596,-0.406860,0.868164
-0.608521,0.158203,0.793701
0.397339,-0.156738,0.993896
-0.219849,-0.287476,0.720459
-0.139038,0.168335,0.968628
0.314453,-0.375977,0.909668
-0.604004,0.077759,0.752441
0.354004,-0.119141,1.006836
-0.160034,-0.364014,0.698486
-0.270264,0.188843,0.920776
0.363525,-0.370972,0.926758
-0.578369,-0.006104,0.732300
0.317017,-0.086060,1.014404
-0.111206,-0.349243,0.730225
-0.385620,0.212036,0.870728
0.387573,-0.316650,0.945435
-0.540527,-0.074951,0.706665
0.211182,-0.038086,1.015503
-0.021118,-0.410034,0.779175
-0.480103,0.214844,0.835205
0.399536,-0.252930,0.974731
-0.494507,-0.123169,0.701294
0.106079,0.059937,1.023193
0.076904,-0.427124,0.822998
-0.551147,0.191406,0.837036
0.421997,-0.236694,0.996338
-0.401611,-0.172852,0.723145
0.013794,0.121948,1.020264
0.195068,-0.452271,0.848145
-0.594604,0.163696,0.810913
0.410156,-0.199341,0.994629
-0.288696,-0.213623,0.741211
-0.075806,0.142700,0.987793
0.261841,-0.400024,0.896729
-0.601074,0.095093,0.780762
0.396606,-0.183105,1.012817
-0.232788,-0.302246,0.710571
-0.180420,0.179321,0.978882
0.327148,-0.385376,0.915527
-0.594116,0.032837,0.755859
0.374390,-0.164673,1.027710
-0.195923,-0.341187,0.711914
-0.247925,0.167236,0.930420
0.362305,-0.359253,0.949219
-0.580444,-0.016846,0.739380
0.331543,-0.129761,1.048828
-0.122681,-0.385254,0.752808
-0.349365,0.186035,0.901489
0.397827,-0.328491,0.959839
-0.548340,-0.002075,0.744751
0.262207,-0.092651,1.040405
-0.049683,-0.387695,0.794434
-0.408691,0.188110,0.890747
0.434448,-0.307495,0.996826
-0.513062,-0.041504,0.746582
0.155396,0.001709,1.034668
0.065063,-0.448242,0.821899
-0.480225,0.146240,0.859985
0.454102,-0.252441,1.037964
-0.431274,-0.147339,0.745972
0.062500,0.107666,1.049316
0.157715,-0.395142,0.862061
-0.522583,0.072876,0.811890
0.471680,-0.256714,1.053833
-0.296509,-0.268921,0.743286
-0.016235,0.144043,1.031982
0.236328,-0.393921,0.889160
-0.547607,0.048462,0.785889
0.459473,-0.228638,1.064209
-0.202271,-0.338867,0.752808
-0.093506,0.147461,1.017456
0.306885,-0.374268,0.914307
-0.546875,0.029663,0.782593
0.451050,-0.218506,1.079834
-0.153931,-0.362915,0.762085
-0.177612,0.157104,1.005981
0.370361,-0.335571,0.968018
-0.542725,-0.012329,0.753540
0.387451,-0.154419,1.086914
-0.090820,-0.369995,0.815674
-0.267212,0.174072,0.983032
0.436279,-0.338013,1.013062
-0.512573,-0.016479,0.773804
0.321533,-0.072021,1.096558
-0.016479,-0.358276,0.845825
-0.329102,0.162720,0.954468
0.479492,-0.310669,1.047729
-0.459106,-0.108521,0.764282
0.267700,-0.021118,1.114624
0.080200,-0.384277,0.865723
-0.398193,0.172119,0.914185
0.481201,-0.249390,1.074341
-0.373291,-0.216675,0.776733
0.184814,0.010986,1.101196
0.172485,-0.419922,0.896240
-0.444214,0.140381,0.882446
0.513794,-0.197876,1.105469
-0.303223,-0.231689,0.807495
0.077881,0.086060,1.081665
0.288330,-0.436646,0.942505
-0.485962,0.094971,0.852539
0.506836,-0.159546,1.119629
-0.206543,-0.264648,0.813232
-0.004639,0.145020,1.081787
0.360229,-0.393311,0.979614
-0.472778,0.018921,0.833252
0.489624,-0.125977,1.140137
-0.099487,-0.354004,0.805298
-0.119629,0.166138,1.057251
0.420776,-0.368042,1.015869
-0.462036,-0.029785,0.835327
0.460693,-0.073364,1.173096
-0.070190,-0.306885,0.827026
-0.200806,0.194458,1.041626
0.507690,-0.346069,1.082520
-0.451416,-0.091431,0.811401
0.251587,0.042603,1.143066
0.025635,-0.330078,0.866577
-0.351074,0.115845,0.904053
0.574219,-0.241455,1.141602
-0.270020,-0.240356,0.851318
0.142944,0.081665,1.124390
0.298096,-0.412476,0.969360
-0.418335,0.103638,0.869019
0.550781,-0.202026,1.135254
-0.202637,-0.230469,0.859253
0.032471,0.158691,1.107666
0.402466,-0.422607,1.016602
-0.453979,0.063599,0.848633
0.503906,-0.125000,1.139038
-0.088867,-0.266113,0.877686
-0.074097,0.191650,1.084229
0.438232,-0.382568,1.043091
-0.452271,-0.039551,0.823364
0.458374,-0.081055,1.161865
0.036255,-0.342896,0.894897
-0.186401,0.229980,1.063354
0.493164,-0.339844,1.066284
-0.419556,-0.110474,0.810059
0.364258,-0.050659,1.133545
0.081543,-0.368652,0.903076
-0.274536,0.197632,0.993408
0.530029,-0.269653,1.101562
-0.374268,-0.145508,0.821655
0.239136,0.013306,1.102783
0.169067,-0.437012,0.901367
-0.355835,0.117920,0.903687
0.560181,-0.252563,1.107056
-0.324951,-0.182617,0.811279
0.107422,0.097168,1.071167
0.289062,-0.485352,0.918457
-0.421753,0.047607,0.836182
0.531250,-0.196655,1.115601
-0.245361,-0.212036,0.823364
-0.011475,0.177490,1.068115
0.365723,-0.471558,0.951538
-0.459961,0.014526,0.814819
0.478516,-0.145996,1.119141
-0.107056,-0.263916,0.859497
-0.126587,0.213623,1.052490
0.415527,-0.433350,0.977783
-0.484009,-0.058594,0.786133
0.411865,-0.111328,1.106689
0.032959,-0.351562,0.869629
-0.224487,0.200073,1.010986
0.457153,-0.367798,1.011841
-0.457520,-0.135010,0.767578
0.335083,-0.092773,1.072754
0.110962,-0.423584,0.863403
-0.314575,0.190796,0.942993
0.483032,-0.301025,1.036011
-0.400391,-0.120972,0.801147
0.195923,0.002563,1.050293
0.139282,-0.458252,0.842285
-0.360229,0.084473,0.874512
0.499878,-0.239624,1.070435
-0.368408,-0.154053,0.771240
0.073242,0.083862,1.040405
0.254150,-0.521851,0.860474
-0.451782,0.013184,0.787598
0.485107,-0.230347,1.061768
-0.251709,-0.203003,0.808594
-0.068115,0.179443,1.021240
0.328369,-0.455078,0.911865
-0.500000,-0.021973,0.775513
0.435913,-0.209229,1.059692
-0.132690,-0.300171,0.810425
-0.161743,0.177856,0.983154
0.389771,-0.391357,0.955078
-0.499634,-0.042847,0.753174
0.356812,-0.135742,1.040771
0.010010,-0.431396,0.807129
-0.253052,0.134766,0.925415
0.448364,-0.364990,0.984741
-0.487061,-0.071777,0.750488
0.230347,-0.036011,1.005127
0.094604,-0.475342,0.788452
-0.351807,0.111450,0.870605
0.474121,-0.300049,1.016968
-0.430176,-0.139526,0.759766
0.120728,0.052002,1.012207
0.126709,-0.438477,0.806274
-0.442017,0.042114,0.798340
0.502930,-0.309448,1.026245
-0.360962,-0.201050,0.754395
-0.003052,0.161377,1.018066
0.233032,-0.450195,0.844360
-0.516846,0.040283,0.749390
0.472412,-0.277100,1.018799
-0.260254,-0.240601,0.786011
-0.080078,0.168457,0.994141
0.285156,-0.421265,0.885498
-0.548584,0.039673,0.735962
0.429443,-0.217651,1.015381
-0.142944,-0.289307,0.800049
-0.165649,0.184937,0.965210
0.348267,-0.411255,0.914307
-0.533691,-0.007324,0.750610
0.374146,-0.140259,1.016846
-0.043945,-0.354980,0.793579
-0.243896,0.162598,0.912720
0.387695,-0.382202,0.928711
-0.531006,-0.054321,0.731812
0.313721,-0.102539,1.008423
0.014893,-0.401489,0.776367
-0.321533,0.171753,0.867310
0.422852,-0.344482,0.945923
-0.493530,-0.065796,0.756714
0.205566,-0.034546,0.989746
0.079956,-0.466431,0.770630
-0.390503,0.130005,0.823364
0.434692,-0.262329,0.963501
-0.454224,-0.092407,0.753052
0.126953,0.041626,1.012329
0.097778,-0.442383,0.783569
-0.467529,0.121704,0.784668
0.464355,-0.262573,0.991089
-0.374878,-0.144531,0.762817
0.017944,0.126465,1.001587
0.189453,-0.430786,0.833252
-0.548340,0.096924,0.741821
0.455200,-0.211182,1.017456
-0.250366,-0.224487,0.766235
-0.095459,0.186646,0.986450
0.282471,-0.414917,0.884766
-0.578003,0.059570,0.734619
0.415527,-0.167603,1.008545
-0.119019,-0.316040,0.774292
-0.173584,0.198853,0.939087
0.343750,-0.370483,0.898804
-0.568115,0.052612,0.755249
0.365234,-0.113647,1.008667
-0.038452,-0.387573,0.755493
-0.275757,0.159912,0.873535
0.382568,-0.314941,0.938843
-0.538452,-0.032349,0.728516
0.265991,-0.060303,0.985840
0.013672,-0.425415,0.749756
-0.372803,0.199829,0.858032
0.430908,-0.281372,0.953979
-0.492676,-0.081055,0.736694
0.140869,0.030884,0.992554
0.068237,-0.440674,0.780518
-0.470947,0.156250,0.801514
0.445679,-0.224487,0.982788
-0.394165,-0.103638,0.758545
0.039917,0.129395,1.005981
0.161133,-0.429932,0.822144
-0.564331,0.131714,0.774170
0.441772,-0.184814,1.012573
-0.260376,-0.206299,0.756592
-0.073853,0.204468,0.986206
0.251465,-0.363892,0.875854
-0.587769,0.106689,0.752441
0.420654,-0.149658,1.029785
-0.135498,-0.340820,0.750122
-0.190918,0.187378,0.925415
0.325806,-0.341431,0.891968
-0.580566,0.088623,0.761963
0.363770,-0.109009,1.009521
-0.061157,-0.404175,0.739746
-0.297974,0.196167,0.882324
0.381348,-0.302979,0.919189
-0.563721,0.008545,0.716919
0.257446,-0.045166,0.981567
-0.000732,-0.416870,0.764282
-0.400269,0.179443,0.847656
0.409302,-0.246094,0.969360
-0.489136,-0.060059,0.735718
0.123535,0.105591,1.010620
0.046021,-0.371948,0.795166
-0.507568,0.175171,0.816040
0.438843,-0.251709,0.994507
-0.387085,-0.140015,0.739624
0.023560,0.222046,1.035522
0.126465,-0.394043,0.804077
-0.564209,0.155151,0.801636
0.457153,-0.239990,0.996094
-0.298218,-0.212402,0.744141
-0.072632,0.192505,0.983276
0.237915,-0.387695,0.856079
-0.611206,0.143921,0.759888
0.431763,-0.181763,1.023560
-0.217041,-0.273804,0.740234
-0.146606,0.192505,0.964966
0.297241,-0.379395,0.891357
-0.624634,0.133911,0.746948
0.399658,-0.158325,1.009644
-0.149902,-0.339844,0.731567
-0.223877,0.216553,0.940308
0.338623,-0.358032,0.909790
-0.613281,0.037598,0.729126
0.344482,-0.133057,1.007935
-0.135010,-0.395264,0.703003
-0.305420,0.200073,0.904175
0.384399,-0.343140,0.923096
-0.569702,0.050171,0.737305
0.247192,-0.046997,0.997070
-0.078491,-0.405884,0.733521
-0.388672,0.174683,0.863403
0.402222,-0.320557,0.951538
-0.544312,-0.068970,0.700439
0.172119,0.029663,1.012207
-0.011963,-0.386475,0.778320
-0.488037,0.213501,0.860962
0.431274,-0.295410,0.967773
-0.457764,-0.120361,0.744873
0.054688,0.092163,1.002075
0.089111,-0.401123,0.805420
-0.559326,0.191650,0.832153
0.432861,-0.242920,1.003662
-0.342041,-0.203369,0.756104
-0.045532,0.120605,0.986694
0.202637,-0.402344,0.858032
-0.593872,0.100952,0.754272
0.412231,-0.192017,1.011353
-0.227173,-0.306274,0.724243
-0.175049,0.166138,0.959839
0.295044,-0.382324,0.895630
-0.588379,0.048218,0.745117
0.356689,-0.133911,1.031006
-0.160278,-0.343384,0.729492
-0.285889,0.161743,0.917358
0.356812,-0.343994,0.934448
-0.585327,-0.040283,0.709351
0.267578,-0.072998,1.027954
-0.072144,-0.381958,0.754517
-0.418701,0.212036,0.893555
0.416626,-0.314819,0.990112
-0.512695,-0.095337,0.721680
0.135254,0.034546,1.019531
0.041382,-0.387817,0.827515
-0.522705,0.163940,0.844849
0.445435,-0.286987,1.015015
-0.405029,-0.213623,0.727905
0.002197,0.159790,1.016968
0.168457,-0.411011,0.834595
-0.548828,0.109985,0.809814
0.445435,-0.238525,1.031128
-0.274292,-0.276245,0.758301
-0.083496,0.134277,0.986206
0.251343,-0.402588,0.871338
-0.582642,0.076172,0.774048
0.437500,-0.219971,1.044434
-0.207031,-0.329346,0.745728
-0.179321,0.140747,0.969971
0.319702,-0.384521,0.912109
-0.561890,0.032837,0.756836
0.396118,-0.159058,1.064453
-0.150024,-0.341309,0.760864
-0.271973,0.176392,0.945068
0.380371,-0.341553,0.959961
-0.543579,-0.048340,0.734985
0.336792,-0.104614,1.071289
-0.107544,-0.350464,0.770508
-0.342529,0.199463,0.929321
0.448120,-0.368408,0.988525
-0.516479,-0.059570,0.759033
0.244263,-0.023560,1.073975
-0.013550,-0.370972,0.809570
-0.407837,0.167969,0.888916
0.466309,-0.325439,1.026245
-0.458496,-0.165161,0.745361
0.169922,0.007812,1.062988
0.101929,-0.413208,0.850098
-0.471069,0.180664,0.872314
0.496582,-0.266846,1.050903
-0.397827,-0.177124,0.776123
0.066650,0.043945,1.049683
0.186523,-0.399902,0.894165
-0.469116,0.066895,0.827759
0.508301,-0.200684,1.090088
-0.269653,-0.234253,0.795410
-0.037598,0.114746,1.036011
0.294678,-0.410156,0.932617
-0.487671,-0.002441,0.804565
0.468140,-0.159424,1.111450
-0.178589,-0.291138,0.779541
-0.134155,0.170898,1.028076
0.388306,-0.373047,0.980835
-0.520020,-0.038330,0.777100
0.422363,-0.115234,1.128662
-0.107910,-0.333740,0.799438
-0.210083,0.149536,0.998779
0.432251,-0.291748,1.045776
-0.505493,-0.085327,0.770752
0.340332,-0.085815,1.119019
0.024536,-0.409668,0.831421
-0.308105,0.166992,0.959595
0.485962,-0.278198,1.068726
-0.420532,-0.110596,0.768433
0.244995,0.006104,1.104492
0.118774,-0.393066,0.885254
-0.390991,0.132446,0.911011
0.536499,-0.264160,1.106567
-0.340942,-0.192383,0.793091
0.116333,0.143799,1.108765
0.236450,-0.400024,0.931152
-0.440796,0.067139,0.877197
0.549072,-0.274780,1.124023
-0.239014,-0.269409,0.835571
0.022705,0.173096,1.094727
0.293823,-0.381470,0.938721
-0.446167,0.042358,0.849609
0.534302,-0.212158,1.137695
-0.111938,-0.337891,0.855103
-0.062012,0.139526,1.062012
0.362549,-0.360229,0.983276
-0.454712,-0.019287,0.826172
0.515869,-0.170898,1.164307
-0.056641,-0.335938,0.865479
-0.133667,0.190308,1.061523
0.437622,-0.333496,1.029419
-0.475098,-0.008179,0.817627
0.447388,-0.098999,1.170044
-0.000977,-0.337524,0.893066
-0.205566,0.197876,1.060425
0.486084,-0.299805,1.087646
-0.453125,-0.070312,0.814209
0.373657,-0.030273,1.165894
0.080078,-0.374634,0.908325
-0.280029,0.205933,1.021484
0.556885,-0.291748,1.133667
-0.398804,-0.114868,0.816162
0.282593,0.039673,1.147949
0.152344,-0.381104,0.911987
-0.320312,0.129028,0.956299
0.586548,-0.290649,1.144043
-0.338379,-0.181885,0.825439
0.207275,0.092285,1.137451
0.240723,-0.407715,0.936279
-0.390747,0.132690,0.905640
0.597656,-0.245239,1.152710
-0.269653,-0.224976,0.847290
0.100830,0.135254,1.109619
0.323120,-0.404175,0.971802
-0.418213,0.093140,0.901489
0.568237,-0.198242,1.165039
-0.197510,-0.251831,0.860474
0.014282,0.175659,1.096436
0.377441,-0.408325,1.000488
-0.435913,0.041260,0.863525
0.531616,-0.131226,1.179565
-0.104736,-0.279297,0.884033
-0.066040,0.210693,1.104370
0.432129,-0.399658,1.028809
-0.447510,0.000000,0.851196
0.508301,-0.110352,1.174194
-0.000977,-0.291260,0.908325
-0.135254,0.241577,1.097168
0.472656,-0.352295,1.058838
-0.444092,-0.048340,0.833008
0.450684,-0.100098,1.162720
0.056519,-0.332886,0.921997
-0.198486,0.232788,1.062256
0.505493,-0.287109,1.097290
-0.430786,-0.090210,0.821777
0.363647,-0.063721,1.150635
0.104858,-0.397827,0.915405
-0.258301,0.185059,1.009033
0.548096,-0.251709,1.129761
-0.385132,-0.114868,0.822266
0.255493,0.021606,1.117920
0.202393,-0.452637,0.922241
-0.338623,0.108154,0.920898
0.563599,-0.244507,1.136963
-0.312256,-0.167969,0.833984
0.148682,0.120972,1.104492
0.287476,-0.438477,0.948608
-0.406494,0.064819,0.857666
0.544189,-0.208984,1.139648
-0.224854,-0.245361,0.835449
0.040527,0.182251,1.094482
0.362183,-0.417236,0.981689
-0.457764,0.016479,0.823364
0.511230,-0.188477,1.134399
-0.125366,-0.258667,0.867798
-0.067749,0.212524,1.069458
0.407104,-0.369019,1.012695
-0.458984,-0.020996,0.819824
0.452393,-0.148926,1.113403
0.003052,-0.354126,0.889160
-0.146606,0.192871,1.060425
0.446777,-0.346069,1.028931
-0.461426,-0.061035,0.797119
0.385742,-0.075806,1.122559
0.064941,-0.408569,0.864136
-0.218628,0.180786,1.017334
0.498657,-0.319458,1.058350
-0.437012,-0.111328,0.801025
0.287720,-0.031372,1.091553
0.132690,-0.414795,0.873901
-0.332275,0.160522,0.934692
0.521606,-0.280762,1.081665
-0.374756,-0.161499,0.797852
0.196045,0.021851,1.081909
0.221436,-0.455444,0.890625
-0.419556,0.103149,0.844604
0.533203,-0.270142,1.075439
-0.278198,-0.207397,0.815063
0.020386,0.144531,1.042358
0.318848,-0.495117,0.899536
-0.465332,0.029175,0.815186
0.482300,-0.207642,1.071655
-0.196899,-0.234009,0.820435
-0.085815,0.189819,1.033081
0.372070,-0.432495,0.962769
-0.485718,-0.031860,0.791504
0.437988,-0.155273,1.086670
-0.089478,-0.302368,0.831055
-0.168457,0.207520,1.010254
0.437012,-0.394653,0.982910
-0.497437,-0.047607,0.764160
0.356812,-0.117798,1.061279
0.049438,-0.434448,0.833984
-0.254639,0.186279,0.967651
0.458740,-0.354858,0.993652
-0.456055,-0.111694,0.770630
0.263916,-0.051392,1.041748
0.101685,-0.463867,0.815674
-0.348633,0.156738,0.898926
0.479248,-0.292847,1.025391
-0.403320,-0.137207,0.776611
0.140015,0.036133,1.029419
0.158447,-0.493896,0.821289
-0.422974,0.072632,0.818604
0.493042,-0.279297,1.028442
-0.343140,-0.202026,0.759766
0.028564,0.137085,1.030762
0.245728,-0.478149,0.854736
-0.491943,0.027100,0.768066
0.476929,-0.273682,1.037354
-0.257446,-0.273438,0.773804
-0.073242,0.178467,1.018433
0.319580,-0.417236,0.900146
-0.534058,0.043213,0.758179
0.422974,-0.205688,1.036743
-0.111572,-0.324707,0.816528
-0.150757,0.167114,0.989014
0.364990,-0.398560,0.937012
-0.532593,0.004395,0.751221
0.359741,-0.138672,1.014648
-0.011475,-0.419067,0.792480
-0.233154,0.175537,0.950317
0.413940,-0.349243,0.961548
-0.509521,-0.040649,0.762939
0.279419,-0.089478,1.001709
0.049683,-0.473755,0.781860
-0.337891,0.119141,0.854858
0.439331,-0.315796,0.984375
-0.463623,-0.137573,0.750488
0.184204,0.003540,1.012085
0.104858,-0.473877,0.783569
-0.420532,0.100098,0.812012
0.454834,-0.284546,0.997314
-0.426514,-0.133301,0.745850
0.099731,0.038818,1.006592
0.166626,-0.468018,0.822876
-0.489990,0.107178,0.789307
0.461548,-0.243286,1.005981
-0.342651,-0.131470,0.784180
-0.025391,0.123291,0.981934
0.245972,-0.503906,0.842285
-0.512329,0.007812,0.739868
0.445801,-0.186890,1.026611
-0.239014,-0.182129,0.785400
-0.129272,0.207275,0.974243
0.306030,-0.453369,0.886963
-0.528809,-0.008789,0.747314
0.408325,-0.181396,1.020996
-0.121582,-0.290649,0.781006
-0.204102,0.211182,0.933350
0.362915,-0.369995,0.918335
-0.544434,0.003906,0.757690
0.356812,-0.132080,1.023071
-0.022827,-0.426025,0.770752
-0.267578,0.189819,0.891357
0.392578,-0.324341,0.940063
-0.536621,-0.045410,0.736328
0.280396,-0.104004,0.981934
0.043335,-0.461914,0.759521
-0.351318,0.151489,0.839478
0.421997,-0.256836,0.963379
-0.482422,-0.079590,0.738892
0.167236,0.019043,1.008179
0.072021,-0.448486,0.781616
-0.437866,0.109131,0.807617
0.448486,-0.256836,0.993652
-0.424438,-0.110229,0.751465
0.043579,0.156616,1.001465
0.161499,-0.414917,0.821533
-0.532593,0.099121,0.757080
0.442871,-0.230713,1.007080
-0.295776,-0.218750,0.758545
-0.054321,0.191284,0.997559
0.245117,-0.397461,0.863647
-0.584961,0.100098,0.760010
0.441162,-0.215698,1.010376
-0.153687,-0.290039,0.772339
-0.131836,0.195801,0.962891
0.309204,-0.327393,0.906616
-0.595093,0.088745,0.750122
0.392456,-0.159424,1.013428
-0.054321,-0.392578,0.764893
-0.211914,0.173706,0.901001
0.358887,-0.300659,0.910522
-0.570679,0.085815,0.740967
0.317383,-0.085938,0.988770
-0.009155,-0.397461,0.764282
-0.311768,0.129395,0.844727
0.398926,-0.260986,0.940063
-0.528931,0.004517,0.724976
0.224854,0.027832,0.998413
0.020264,-0.385620,0.777832
-0.404907,0.135498,0.822876
0.432617,-0.254883,0.972534
-0.501343,-0.030640,0.725464
0.136597,0.122070,1.017944
0.073120,-0.397705,0.789185
-0.490234,0.162598,0.802246
0.442993,-0.260132,0.977295
-0.426880,-0.128052,0.743774
0.069214,0.135620,1.017700
0.138794,-0.394897,0.816406
-0.541992,0.182739,0.801392
0.446899,-0.223755,0.983887
-0.352539,-0.150757,0.760376
0.000366,0.150513,0.994873
0.200073,-0.396362,0.848145
-0.583008,0.169678,0.785034
0.427246,-0.185059,0.995483
-0.282837,-0.207397,0.746582
-0.060913,0.175537,0.978638
0.257080,-0.390747,0.868774
-0.593994,0.130615,0.763794
0.407837,-0.157959,1.000244
-0.198975,-0.285522,0.735107
-0.137207,0.193970,0.963013
0.310181,-0.372437,0.903198
-0.594360,0.094849,0.750610
0.392578,-0.123047,1.013550
-0.151733,-0.312622,0.725830
-0.232544,0.212524,0.930786
0.365234,-0.366699,0.909546
-0.582886,0.048706,0.754639
0.341431,-0.126465,0.997559
-0.105713,-0.362061,0.732544
-0.315063,0.197510,0.881836
0.374512,-0.300415,0.930176
-0.567139,-0.000977,0.716431
0.259888,-0.075928,0.991577
-0.032471,-0.435059,0.743896
-0.405029,0.206909,0.854736
0.393311,-0.263428,0.931030
-0.532471,-0.042847,0.722290
0.146484,0.005493,0.999146
0.046021,-0.450684,0.792725
-0.500366,0.186279,0.839722
0.415894,-0.216675,0.983154
-0.454102,-0.063354,0.740845
0.037476,0.135742,1.005127
0.150757,-0.381348,0.847656
-0.571899,0.119873,0.787476
0.427124,-0.196899,1.014648
-0.322388,-0.229980,0.711304
-0.056519,0.183350,0.985352
0.236084,-0.363770,0.867798
-0.599976,0.111450,0.773682
0.409302,-0.184937,1.016846
-0.232544,-0.298096,0.710815
-0.164429,0.172485,0.952515
0.310181,-0.382324,0.900757
-0.603882,0.073730,0.751465
0.360229,-0.140137,1.018311
-0.164185,-0.372803,0.700928
-0.294434,0.178101,0.896362
0.368774,-0.352539,0.917236
-0.584106,0.024048,0.729004
0.302002,-0.107544,1.014771
-0.109985,-0.369141,0.734009
-0.395142,0.203491,0.867676
0.398926,-0.338867,0.937256
-0.543213,-0.043335,0.727905
0.206665,-0.028809,1.016479
-0.017212,-0.406860,0.773193
-0.496460,0.221924,0.833130
0.408691,-0.267334,0.967773
-0.474365,-0.114502,0.732300
0.077515,0.049805,1.010742
0.093628,-0.453735,0.801392
-0.550293,0.172119,0.826904
0.429321,-0.216919,1.008911
-0.360596,-0.172974,0.754028
-0.030640,0.150146,1.016968
0.195068,-0.412354,0.854980
-0.591309,0.085571,0.774048
0.428223,-0.235474,1.020752
-0.256958,-0.307495,0.699829
-0.123779,0.163208,0.965820
0.270508,-0.357178,0.877441
-0.604126,0.052734,0.751099
0.401367,-0.234375,1.027222
-0.199341,-0.390747,0.705811
-0.209839,0.139893,0.929688
0.317139,-0.344971,0.900269
-0.583374,0.036133,0.732544
0.344360,-0.166260,1.024536
-0.136719,-0.364990,0.745728
-0.306396,0.172241,0.917847
0.374390,-0.356201,0.944092
-0.567627,-0.006714,0.744019
0.288086,-0.092285,1.036255
-0.079712,-0.387207,0.764404
-0.395142,0.182861,0.884521
0.400024,-0.302246,0.980347
-0.507568,-0.074951,0.723267
0.217651,0.002686,1.057373
-0.014526,-0.353882,0.822876
-0.475220,0.187378,0.883911
0.436646,-0.350952,0.985840
-0.493286,-0.149414,0.718994
0.145386,0.037354,1.040649
0.088989,-0.360962,0.845093
-0.512695,0.205444,0.868408
0.442139,-0.273071,1.008179
-0.436279,-0.235962,0.723511
0.090454,0.026245,1.037842
0.159668,-0.430664,0.865234
-0.533813,0.159180,0.824585
0.453247,-0.205688,1.041138
-0.327393,-0.202271,0.779419
0.009277,0.071289,1.032227
0.218872,-0.445557,0.866455
-0.541138,0.108643,0.818115
0.455322,-0.197632,1.055542
-0.282593,-0.220703,0.762451
-0.049072,0.099976,1.016479
0.280640,-0.406250,0.929443
-0.539551,0.057129,0.801025
0.460327,-0.187622,1.075562
-0.224487,-0.303589,0.735840
-0.132446,0.143188,0.988892
0.330322,-0.402222,0.927979
-0.532593,0.013306,0.784668
0.448242,-0.161255,1.102295
-0.167236,-0.320557,0.755127
-0.192749,0.171021,0.991089
0.373413,-0.401123,0.954834
-0.521973,-0.036255,0.779785
0.429810,-0.152100,1.109863
-0.121338,-0.327271,0.790161
-0.261353,0.199951,0.968628
0.413818,-0.344971,0.991821
-0.499390,-0.073120,0.771606
0.383667,-0.129639,1.110474
-0.055786,-0.360718,0.816284
-0.312256,0.212158,0.968262
0.453003,-0.318848,1.019531
-0.482666,-0.094238,0.763062
0.309570,-0.071045,1.105103
0.029663,-0.348999,0.865112
-0.364380,0.184570,0.939819
0.475708,-0.286987,1.045898
-0.433838,-0.175659,0.757202
0.235596,-0.016968,1.101318
0.119019,-0.407959,0.880371
-0.420166,0.167114,0.903687
0.512329,-0.239014,1.086304
-0.362793,-0.196899,0.789551
0.142456,0.068970,1.094116
0.208618,-0.428223,0.907959
-0.454468,0.100708,0.874023
0.543457,-0.194946,1.159668
-0.292236,-0.234985,0.802002
-0.040527,0.219360,1.115723
0.282471,-0.394775,0.928101
-0.462402,0.016724,0.855469
0.511719,-0.164062,1.168701
-0.018799,-0.347778,0.887085
-0.099243,0.189209,1.092285
0.445557,-0.308105,1.055298
-0.455688,-0.017822,0.822021
0.463257,-0.100708,1.163574
0.025757,-0.364014,0.908203
-0.185059,0.189697,1.057861
0.485596,-0.286133,1.095337
-0.450073,-0.034912,0.815674
0.402100,-0.051636,1.163696
0.092041,-0.362671,0.929321
-0.251709,0.211914,1.047974
0.534180,-0.278564,1.124146
-0.397339,-0.115234,0.820923
0.305420,0.016235,1.137939
0.159912,-0.393433,0.940186
-0.313354,0.166138,0.991699
0.552002,-0.264160,1.137329
-0.346069,-0.191895,0.817871
0.229126,0.062988,1.126099
0.219971,-0.401245,0.947144
-0.352295,0.098999,0.914795
0.589478,-0.235718,1.170410
-0.298462,-0.234253,0.821411
0.118774,0.115112,1.105713
0.312378,-0.433350,0.968018
-0.393555,0.078613,0.889526
0.562500,-0.200806,1.150635
-0.225342,-0.253906,0.850708
0.035645,0.146118,1.084961
0.364502,-0.421265,0.997437
-0.428101,0.042725,0.855347
0.535522,-0.141968,1.168945
-0.142090,-0.239746,0.881592
-0.047363,0.216064,1.092651
0.407471,-0.408569,1.002930
-0.431274,-0.019165,0.832642
0.508057,-0.116211,1.169189
-0.047852,-0.284424,0.888672
-0.134521,0.253784,1.078369
0.451782,-0.366455,1.026489
-0.426392,-0.071045,0.819702
0.440796,-0.106445,1.145386
0.056152,-0.357056,0.911377
-0.204834,0.236328,1.049561
0.486328,-0.308594,1.063354
-0.424683,-0.099487,0.804443
0.366943,-0.076538,1.130737
0.085083,-0.388550,0.896118
-0.259766,0.205200,1.008301
0.522461,-0.262939,1.097656
-0.400879,-0.125366,0.807129
0.264160,-0.016724,1.097900
0.172119,-0.439087,0.909668
-0.337769,0.120605,0.923218
0.544678,-0.239990,1.104736
-0.341675,-0.165527,0.805664
0.133911,0.068726,1.068970
0.287964,-0.485107,0.924805
-0.406250,0.039673,0.832520
0.521240,-0.190796,1.105103
-0.229370,-0.213135,0.828857
-0.004883,0.186523,1.070435
0.364990,-0.477173,0.953247
-0.462036,-0.003662,0.810913
0.475098,-0.159180,1.117676
-0.123535,-0.261841,0.846924
-0.119507,0.248779,1.055298
0.440552,-0.395508,1.008789
-0.468628,-0.073242,0.783325
0.395264,-0.120361,1.103394
0.023438,-0.378540,0.853882
-0.218750,0.194214,0.998901
0.480957,-0.355713,1.024658
-0.436157,-0.093994,0.793823
0.297485,-0.060791,1.065796
0.110107,-0.420288,0.862061
-0.314087,0.122681,0.911621
0.496094,-0.265991,1.059326
-0.376465,-0.169189,0.781128
0.159790,0.045288,1.060425
0.196777,-0.467285,0.866089
-0.398804,0.058105,0.838257
0.501953,-0.237061,1.064575
-0.303955,-0.205688,0.795532
0.015015,0.132812,1.031250
0.310547,-0.486816,0.912231
-0.478394,0.002319,0.777588
0.465088,-0.185669,1.084229
-0.186768,-0.258545,0.798218
-0.084473,0.193604,1.032227
0.376343,-0.433228,0.948486
-0.510742,-0.007446,0.775269
0.415894,-0.171875,1.067139
-0.055786,-0.358398,0.809082
-0.202026,0.194580,0.986206
0.441284,-0.392090,0.981689
-0.493530,-0.069946,0.764404
0.317749,-0.094727,1.037354
0.055298,-0.434204,0.816895
-0.280396,0.132080,0.907227
0.469360,-0.347290,1.005493
-0.449463,-0.126709,0.763550
0.216064,-0.025391,1.030518
0.089111,-0.435303,0.802490
-0.368164,0.121582,0.864624
0.482910,-0.301270,1.015137
-0.393311,-0.151489,0.783203
0.097290,0.045410,1.033936
0.189087,-0.474121,0.836548
-0.452148,0.050415,0.782715
0.470703,-0.258423,1.017822
-0.308228,-0.184082,0.790527
-0.027466,0.125732,1.007446
0.292725,-0.483765,0.876587
-0.506958,0.005859,0.741455
0.429688,-0.195190,1.038818
-0.188721,-0.258667,0.781006
-0.138062,0.184448,0.999512
0.365601,-0.446045,0.927979
-0.525391,-0.014160,0.746704
0.383423,-0.147583,1.028931
-0.037354,-0.368896,0.800903
-0.251465,0.205566,0.930786
0.427002,-0.380737,0.962036
-0.493896,-0.081055,0.743530
0.277344,-0.089722,1.006836
0.057617,-0.461914,0.774780
-0.334595,0.124146,0.858154
0.453491,-0.330933,0.971313
-0.471313,-0.087280,0.764648
0.152710,-0.011353,0.998047
0.116821,-0.491211,0.790283
-0.427734,0.079590,0.799561
0.463257,-0.270020,0.997437
-0.372925,-0.151489,0.762451
0.018188,0.123535,1.006104
0.215698,-0.472412,0.845215
-0.505615,0.035889,0.762451
0.451660,-0.236084,1.020752
-0.256592,-0.219971,0.770630
-0.100220,0.189331,0.992920
0.306641,-0.432739,0.897095
-0.550049,0.014648,0.744141
0.402588,-0.175659,1.037109
-0.101318,-0.349121,0.777466
-0.183594,0.187622,0.960693
0.366577,-0.339478,0.930054
-0.544678,0.036377,0.760620
0.334473,-0.157104,0.989014
-0.003906,-0.439941,0.780151
-0.273315,0.102783,0.856689
0.411499,-0.304199,0.956177
-0.514160,-0.033569,0.732544
0.218506,-0.036987,0.979004
0.056030,-0.444580,0.768188
-0.389648,0.115723,0.825684
0.449951,-0.310059,0.971313
-0.468750,-0.070557,0.752808
0.129761,0.074463,1.005615
0.112183,-0.406128,0.804688
-0.480957,0.099854,0.777222
0.450806,-0.289551,0.987305
-0.370728,-0.176270,0.763428
0.032715,0.156860,1.026123
0.197144,-0.413452,0.838379
-0.550781,0.117310,0.762451
0.443115,-0.224976,1.004150
-0.272095,-0.232666,0.760986
-0.058472,0.163696,0.999390
0.262329,-0.407471,0.876587
-0.565186,0.081177,0.746460
0.433350,-0.178589,1.021362
-0.165283,-0.288330,0.766479
-0.150024,0.190186,0.947632
0.327759,-0.389648,0.897705
-0.569946,0.060913,0.757446
0.392944,-0.147095,1.015869
-0.072510,-0.358276,0.764404
-0.234497,0.204834,0.911743
0.374023,-0.359375,0.910645
-0.550049,0.010498,0.738892
0.328125,-0.091187,0.997437
-0.010010,-0.392212,0.765991
-0.323242,0.186279,0.854126
0.402344,-0.291382,0.938232
-0.515381,-0.051270,0.735352
0.234375,-0.048340,0.989136
0.017822,-0.442383,0.746094
-0.391846,0.169067,0.837891
0.440430,-0.260254,0.965698
-0.478638,-0.068726,0.746704
0.127930,0.067139,1.019165
0.069824,-0.433960,0.783936
-0.485474,0.163696,0.803467
0.469116,-0.250488,0.986450
-0.403809,-0.088623,0.766357
0.042725,0.129395,1.017944
0.174561,-0.427246,0.829346
-0.570312,0.134521,0.764404
0.447266,-0.206421,1.008667
-0.247681,-0.229980,0.767822
-0.078735,0.177856,0.978638
0.266479,-0.365845,0.889893
-0.589355,0.110107,0.756348
0.421143,-0.139893,1.021851
-0.132568,-0.328491,0.754761
-0.191040,0.173828,0.918945
0.344238,-0.334473,0.921143
-0.570557,0.063721,0.750732
0.333008,-0.070068,1.013428
-0.062988,-0.387207,0.728760
-0.323730,0.184204,0.877075
0.413086,-0.329956,0.940674
-0.543945,-0.033569,0.720093
0.210083,0.006226,0.989136
0.031128,-0.419556,0.771118
-0.431274,0.186157,0.842041
0.413574,-0.245117,0.970703
-0.467163,-0.096313,0.736328
0.076782,0.114380,1.010010
0.122314,-0.409424,0.817993
-0.540039,0.150269,0.803833
0.431274,-0.198486,1.008301
-0.302124,-0.196289,0.744019
-0.039917,0.200806,1.005859
0.224365,-0.357910,0.866699
-0.592773,0.116089,0.766846
0.416382,-0.182495,1.015991
-0.176636,-0.335205,0.739258
-0.148560,0.169312,0.944336
0.305786,-0.323608,0.897339
-0.623413,0.114624,0.732910
0.365723,-0.142090,1.003784
-0.100220,-0.395142,0.748047
-0.274780,0.151733,0.893311
0.379639,-0.313965,0.933472
-0.575317,0.085938,0.708984
0.234009,0.012085,0.986694
-0.033325,-0.414551,0.748291
-0.384399,0.131592,0.862549
0.395264,-0.292725,0.956299
-0.516479,-0.020874,0.726074
0.155029,0.093628,1.007080
0.027466,-0.347656,0.781616
-0.501709,0.205688,0.836792
0.432861,-0.260376,0.989990
-0.437866,-0.139160,0.729370
0.056763,0.119019,1.005249
0.111450,-0.411743,0.808472
-0.578491,0.206421,0.811035
0.427490,-0.208740,0.989136
-0.341187,-0.182861,0.748291
-0.024292,0.127686,0.991333
0.182129,-0.414917,0.848389
-0.591553,0.128418,0.776123
0.441650,-0.194580,1.004639
-0.260376,-0.235718,0.729614
-0.150024,0.202148,0.965332
0.270142,-0.393799,0.876709
-0.570923,0.069336,0.761108
0.399048,-0.161499,1.017456
-0.189209,-0.317871,0.715332
-0.246338,0.184692,0.906860
0.345825,-0.365234,0.904907
-0.586548,0.023926,0.722290
0.345947,-0.110840,1.024292
-0.115112,-0.380859,0.725098
-0.337891,0.183105,0.883179
0.369385,-0.332397,0.925171
-0.579956,0.001465,0.700684
0.248413,-0.064575,1.009521
-0.039062,-0.405762,0.762939
-0.441284,0.209717,0.867554
0.402832,-0.285278,0.970215
-0.526123,-0.093262,0.708496
0.101929,0.064819,1.007935
0.070068,-0.385864,0.828369
-0.529419,0.163330,0.833618
0.417847,-0.255371,0.992798
-0.394165,-0.193237,0.719360
0.005737,0.173340,1.016113
0.172729,-0.380371,0.840820
-0.599976,0.125977,0.787109
0.424561,-0.254150,0.997192
-0.261108,-0.319092,0.711792
-0.101929,0.163940,0.977173
0.244507,-0.356812,0.876465
-0.607178,0.100098,0.764771
0.414917,-0.198486,1.025879
-0.188599,-0.364624,0.723877
-0.201294,0.154907,0.956177
0.302490,-0.345215,0.904053
-0.599487,0.035645,0.739624
0.365723,-0.173828,1.020874
-0.149902,-0.372192,0.736328
-0.290771,0.177246,0.926514
0.366089,-0.330933,0.951294
-0.585938,0.002808,0.722168
0.267456,-0.077148,1.022339
-0.086426,-0.378052,0.762695
-0.371826,0.153687,0.899902
0.399658,-0.338257,0.962769
-0.541870,-0.061890,0.711914
0.216675,-0.027588,1.034668
-0.025024,-0.378052,0.794067
-0.466309,0.178101,0.853638
0.430420,-0.278931,1.001831
-0.482910,-0.120605,0.724487
0.120239,0.042603,1.030151
0.082886,-0.428589,0.817993
-0.515259,0.170776,0.852417
0.438477,-0.248169,1.003052
-0.411865,-0.175293,0.743164
0.044067,0.093994,1.031860
0.157715,-0.412964,0.849365
-0.537109,0.108154,0.814331
0.457764,-0.243652,1.041138
-0.331787,-0.232178,0.745361
-0.051514,0.129517,1.010864
0.244629,-0.425049,0.883789
-0.550415,0.051636,0.781982
0.451294,-0.190674,1.060547
-0.242188,-0.302979,0.722046
-0.141235,0.163452,0.989868
0.310425,-0.390747,0.907471
-0.535522,0.002319,0.784912
0.430176,-0.193481,1.070801
-0.181152,-0.335449,0.742920
-0.241089,0.162354,0.934814
0.371582,-0.330566,0.964966
-0.524414,-0.016357,0.771240
0.348755,-0.120361,1.069946
-0.110107,-0.336670,0.787354
-0.306519,0.170898,0.928345
0.413086,-0.301270,0.994995
-0.506836,-0.069580,0.751465
0.267944,-0.067627,1.074951
-0.014404,-0.381958,0.814697
-0.393677,0.145630,0.893921
0.440918,-0.276978,1.026978
-0.434082,-0.136597,0.741943
0.165649,0.065552,1.081299
0.115601,-0.402710,0.865479
-0.478149,0.135742,0.877808
0.477417,-0.267334,1.044678
-0.385620,-0.210938,0.752808
0.074951,0.102661,1.062988
0.220947,-0.391724,0.893921
-0.501221,0.096436,0.828613
0.479492,-0.208252,1.072998
-0.242432,-0.305420,0.767578
-0.025391,0.126343,1.052490
0.289307,-0.372559,0.926514
-0.511963,0.010376,0.791138
0.479858,-0.200439,1.101074
-0.167969,-0.344482,0.754272
-0.142456,0.159790,1.012573
0.378296,-0.358765,0.972290
-0.513062,-0.005005,0.798096
0.425781,-0.148560,1.116699
-0.091919,-0.349365,0.808594
-0.251587,0.180420,0.991577
0.433716,-0.321899,1.026611
-0.484253,-0.079956,0.772705
0.359985,-0.064697,1.125244
-0.000854,-0.333130,0.851074
-0.338257,0.205566,0.968384
0.488770,-0.308838,1.049927
-0.417114,-0.155029,0.776123
0.244019,-0.011597,1.108887
0.121704,-0.386230,0.896606
-0.402954,0.125732,0.898071
0.525513,-0.262451,1.087524
-0.346924,-0.175171,0.796753
0.109253,0.113281,1.090942
0.244995,-0.416504,0.922729
-0.437134,0.041870,0.868652
0.530640,-0.230713,1.123169
-0.264526,-0.270264,0.812622
0.010986,0.158325,1.068481
0.317505,-0.366577,0.954712
-0.458862,0.002441,0.835205
0.524902,-0.189697,1.150635
-0.113770,-0.344971,0.824219
-0.078125,0.167847,1.046509
0.378052,-0.353149,0.985352
-0.469849,-0.032715,0.821289
0.490967,-0.160278,1.157104
-0.063110,-0.331055,0.849487
-0.181885,0.198242,1.032959
0.455933,-0.321411,1.046753
-0.460449,-0.052246,0.800659
0.401367,-0.082520,1.161255
0.016724,-0.364746,0.874268
-0.246338,0.188354,1.024780
0.508301,-0.265625,1.107910
-0.417480,-0.099731,0.806274
0.294189,0.014038,1.142578
0.133667,-0.412598,0.907349
-0.313354,0.121582,0.964844
0.531372,-0.246704,1.130371
-0.353271,-0.191528,0.798584
0.197632,0.105957,1.144409
0.247314,-0.437744,0.926270
-0.400757,0.104126,0.916992
0.552612,-0.246704,1.131958
-0.255493,-0.286255,0.829712
0.098389,0.135620,1.109131
0.293335,-0.362061,0.958740
-0.440308,0.052124,0.864136
0.579834,-0.244873,1.165894
-0.169189,-0.337280,0.847290
-0.003906,0.151001,1.080688
0.364990,-0.359009,0.984253
-0.460571,0.044922,0.840088
0.557495,-0.173218,1.178833
-0.032349,-0.362183,0.885132
-0.089111,0.209595,1.082642
0.411987,-0.359497,1.004272
-0.460083,-0.006958,0.845459
0.497559,-0.137695,1.178711
0.007690,-0.358765,0.886108
-0.145508,0.226685,1.071655
0.454102,-0.285522,1.062988
-0.452271,-0.063721,0.819702
0.449951,-0.111816,1.178833
0.033081,-0.344849,0.913818
-0.222290,0.227051,1.049805
0.513794,-0.267700,1.110596
-0.407104,-0.104858,0.821777
0.351440,-0.033936,1.151855
0.122437,-0.379395,0.932617
-0.276245,0.187012,0.999878
0.543091,-0.251709,1.124634
-0.369385,-0.148438,0.818970
0.271851,0.019531,1.133423
0.197754,-0.423950,0.943848
-0.332153,0.123657,0.925049
0.569702,-0.231079,1.149170
-0.312744,-0.198730,0.827026
0.164551,0.099487,1.124268
0.283203,-0.455933,0.965210
-0.398071,0.082764,0.890747
0.569824,-0.196777,1.162842
-0.243042,-0.212769,0.844727
0.072388,0.174561,1.118164
0.350098,-0.424438,0.992920
-0.427124,0.069092,0.877075
0.550659,-0.177246,1.165405
-0.177002,-0.248535,0.854858
-0.015381,0.214478,1.100220
0.414551,-0.392700,1.016113
-0.446655,0.030762,0.849365
0.512695,-0.128662,1.163818
-0.058472,-0.305908,0.888184
-0.100464,0.215088,1.078735
0.448486,-0.367920,1.041504
-0.436157,-0.059448,0.818359
0.472290,-0.082520,1.186035
0.037964,-0.342896,0.893799
-0.175415,0.225586,1.061523
0.484985,-0.328369,1.064819
-0.429688,-0.094604,0.811279
0.394043,-0.072144,1.146973
0.078003,-0.364380,0.907349
-0.271729,0.213867,1.013794
0.521729,-0.269409,1.106079
-0.390381,-0.127197,0.813232
0.278809,0.003296,1.116211
0.180176,-0.428955,0.921875
-0.339966,0.145630,0.943115
0.541016,-0.264648,1.111694
-0.327148,-0.192993,0.804565
0.169434,0.076172,1.090088
0.268677,-0.436646,0.947388
-0.410767,0.069580,0.856323
0.550659,-0.248291,1.107666
-0.262695,-0.217529,0.809692
0.040771,0.170288,1.082642
0.362305,-0.426270,0.972778
-0.444702,0.044678,0.832886
0.506470,-0.163330,1.135986
-0.161499,-0.269043,0.840576
-0.056274,0.198853,1.070312
0.408813,-0.400391,0.997437
-0.470703,-0.030518,0.802979
0.452026,-0.127441,1.119995
-0.024902,-0.334961,0.853516
-0.152466,0.229614,1.052124
0.463745,-0.362427,1.027954
-0.466431,-0.074707,0.792603
0.373291,-0.094604,1.092651
0.083252,-0.409546,0.871460
-0.240112,0.187988,0.979858
0.489624,-0.294312,1.049072
-0.430908,-0.107178,0.788696
0.286255,-0.062378,1.073730
0.125854,-0.451050,0.855835
-0.316162,0.140869,0.940674
0.498169,-0.265381,1.069092
-0.390991,-0.142700,0.791626
0.167847,0.034912,1.062134
0.208130,-0.485474,0.864014
-0.389160,0.052368,0.838623
0.520386,-0.232788,1.082886
-0.310303,-0.193481,0.786499
0.046753,0.131470,1.050415
0.293335,-0.482300,0.905396
-0.481323,0.045166,0.802368
0.494995,-0.248413,1.080566
-0.218506,-0.264038,0.807739
-0.052979,0.185913,1.044678
0.329834,-0.426514,0.934937
-0.494995,0.012207,0.786133
0.459106,-0.197021,1.080444
-0.107666,-0.320190,0.820312
-0.123291,0.210205,1.029053
0.395508,-0.391479,0.963501
-0.501953,0.004272,0.796143
0.390381,-0.180054,1.056152
0.000610,-0.382446,0.859985
-0.197510,0.156738,0.975342
0.424561,-0.356079,0.991821
-0.487183,-0.043091,0.764404
0.319824,-0.071045,1.061523
0.071533,-0.437988,0.841431
-0.265747,0.132812,0.941284
0.455200,-0.360962,0.994141
-0.483032,-0.083618,0.755981
0.244629,-0.037354,1.036499
0.099731,-0.464233,0.823120
-0.335938,0.122437,0.908081
0.477295,-0.328369,1.017700
-0.447998,-0.144409,0.759521
0.173950,0.003296,1.027832
0.119141,-0.457642,0.818359
-0.390991,0.090698,0.837524
0.495972,-0.300537,1.022095
-0.399292,-0.137207,0.762573
0.084595,0.077393,1.025757
0.205444,-0.481812,0.847656
-0.467285,0.082397,0.807617
0.492554,-0.296997,1.026855
-0.348877,-0.221558,0.750122
0.012329,0.132568,1.022705
0.269409,-0.474731,0.862793
-0.484985,0.066284,0.782349
0.459595,-0.254395,1.015503
-0.269775,-0.252075,0.774658
-0.072510,0.145874,0.994995
0.306519,-0.437866,0.897949
-0.510132,0.005005,0.754028
0.430908,-0.167358,1.049561
-0.191284,-0.248413,0.783081
-0.134277,0.164551,0.980957
0.346680,-0.453735,0.913574
-0.530762,-0.010010,0.758423
0.399902,-0.149170,1.039429
-0.090942,-0.329590,0.791382
-0.223633,0.197754,0.956787
0.388428,-0.419434,0.926514
-0.515259,-0.053345,0.748047
0.338745,-0.095093,1.035156
0.008545,-0.421631,0.788940
-0.295166,0.173584,0.891724
0.407593,-0.346069,0.949097
-0.492310,-0.090088,0.746216
0.253296,-0.078369,1.001709
0.050049,-0.465698,0.783813
-0.354004,0.131226,0.860596
0.450684,-0.331543,0.962524
-0.489502,-0.039917,0.756958
0.163452,0.014404,0.988159
0.095947,-0.444336,0.804443
-0.410889,0.067017,0.813721
0.465820,-0.275879,1.004395
-0.450928,-0.124023,0.727173
0.084473,0.114624,1.017822
0.166260,-0.450806,0.819458
-0.498169,0.087036,0.773560
0.463013,-0.266968,0.993042
-0.349243,-0.185913,0.753540
-0.007690,0.158447,1.008789
0.215454,-0.454834,0.828369
-0.512329,0.038208,0.754883
0.457886,-0.248169,1.017090
-0.282104,-0.199707,0.773315
-0.081177,0.192017,0.998901
0.272217,-0.437256,0.859497
-0.572144,0.057251,0.739014
0.451294,-0.230225,1.029907
-0.166870,-0.265747,0.792725
-0.151611,0.211182,0.965454
0.300537,-0.335571,0.895386
-0.572510,0.033203,0.739868
0.418945,-0.221680,1.011230
-0.083984,-0.355713,0.783081
-0.212402,0.225342,0.932129
0.341675,-0.300049,0.913696
-0.539673,-0.016602,0.724609
0.344360,-0.133301,0.997437
-0.014771,-0.433105,0.776978
-0.285645,0.173950,0.876099
0.412231,-0.312012,0.930908
-0.542847,0.009033,0.726685
0.239258,-0.030029,0.989380
0.027344,-0.437500,0.761475
-0.349609,0.108643,0.834229
0.446655,-0.289429,0.970215
-0.496948,-0.015137,0.755249
0.143066,0.062622,1.001831
0.077515,-0.424805,0.788574
-0.441162,0.090576,0.802612
0.460571,-0.255981,0.993896
-0.439941,-0.059937,0.747803
0.042236,0.168091,0.996948
0.179199,-0.403931,0.822632
-0.528198,0.120972,0.779419
0.441406,-0.221558,1.008667
-0.312256,-0.204712,0.750244
-0.043213,0.188599,0.973999
0.245483,-0.390991,0.851929
-0.582275,0.100952,0.753540
0.454956,-0.191772,1.034180
-0.196167,-0.264160,0.762817
-0.115479,0.220215,0.962646
0.298828,-0.359863,0.886108
-0.606079,0.110596,0.748413
0.420166,-0.181274,1.015381
-0.095947,-0.339966,0.777100
-0.167969,0.200195,0.931396
0.323242,-0.324829,0.886353
-0.604492,0.123047,0.745728
0.393799,-0.163208,1.005615
-0.047485,-0.360352,0.785645
-0.263306,0.186157,0.885376
0.361206,-0.315186,0.920898
-0.559082,0.049072,0.742310
0.332764,-0.084351,0.996338
-0.040161,-0.412231,0.736328
-0.320679,0.192505,0.874268
0.407715,-0.315186,0.932129
-0.545166,-0.009399,0.723267
0.261108,-0.026245,1.004028
-0.003540,-0.409058,0.741821
-0.373779,0.181885,0.846802
0.429077,-0.276001,0.952393
-0.501343,-0.047363,0.748535
0.170776,-0.002441,0.995972
0.020142,-0.376709,0.778809
-0.470093,0.191040,0.813232
0.441895,-0.228882,0.985107
-0.426514,-0.131104,0.742432
0.081299,0.132324,1.021851
0.097046,-0.375366,0.814087
-0.525269,0.181641,0.804932
0.440186,-0.230835,0.983643
-0.360107,-0.144653,0.757812
-0.009399,0.174927,1.013306
0.200317,-0.432617,0.835815
-0.587524,0.155518,0.779053
0.440796,-0.185059,1.006470
-0.261719,-0.195068,0.753052
-0.107788,0.223999,0.981812
0.281372,-0.384399,0.880615
-0.599731,0.097778,0.761597
0.412720,-0.138062,1.032715
-0.168579,-0.317139,0.726318
-0.189819,0.216064,0.934448
0.340698,-0.340820,0.905396
-0.576294,-0.005005,0.718628
0.271973,-0.078735,1.023193
-0.118652,-0.400757,0.707397
-0.406860,0.178711,0.867432
0.398682,-0.292236,0.969238
-0.560791,-0.031006,0.702637
0.163330,0.022949,1.018677
0.031250,-0.421021,0.798340
-0.486450,0.188721,0.868652
0.408081,-0.267090,0.982422
-0.495483,-0.111084,0.711914
0.066650,0.104004,1.015381
0.096191,-0.391968,0.823608
-0.531860,0.145142,0.827148
0.425049,-0.253540,1.007202
-0.388550,-0.201416,0.727783
-0.005981,0.154663,1.017090
0.171875,-0.398071,0.844971
-0.570679,0.100952,0.789551
0.434570,-0.232788,1.024780
-0.300903,-0.280273,0.716675
-0.093140,0.170044,0.980103
0.232178,-0.382202,0.865967
-0.574951,0.062500,0.780884
0.439453,-0.234497,1.043823
-0.252319,-0.345459,0.701538
-0.172729,0.145752,0.949341
0.300659,-0.373901,0.899780
-0.583374,0.031250,0.751831
0.396484,-0.199219,1.037476
-0.189087,-0.383057,0.710327
-0.255859,0.174194,0.937378
0.348511,-0.356445,0.929932
-0.564087,0.005737,0.748535
0.357056,-0.144897,1.044312
-0.141602,-0.352173,0.761719
-0.314575,0.152100,0.905640
0.373291,-0.349854,0.943726
-0.559570,-0.012329,0.737915
0.314087,-0.098389,1.062500
-0.090942,-0.374756,0.766968
-0.382935,0.192383,0.904663
0.418579,-0.353638,0.970947
-0.525391,-0.072632,0.727661
0.230957,-0.035522,1.055664
-0.007568,-0.412842,0.790527
-0.432983,0.200073,0.892578
0.434082,-0.293091,0.999390
-0.496216,-0.093262,0.745972
0.137939,0.021606,1.046631
0.103271,-0.416748,0.856812
-0.493652,0.150146,0.853394
0.443115,-0.248291,1.028687
-0.413086,-0.193237,0.735962
0.054443,0.086670,1.036133
0.182129,-0.384644,0.881958
-0.531494,0.093750,0.811646
0.479858,-0.243042,1.062378
-0.280518,-0.265381,0.761841
-0.062866,0.130981,1.009888
0.261353,-0.392822,0.901733
-0.526123,0.030884,0.789673
0.468140,-0.208496,1.079956
-0.215088,-0.290527,0.763672
-0.145142,0.146973,0.981689
0.333008,-0.374512,0.943115
-0.534546,-0.016479,0.780396
0.444702,-0.205444,1.084961
-0.164185,-0.342529,0.767822
-0.219482,0.169434,0.969482
0.374023,-0.336304,0.962036
-0.516724,-0.020996,0.767212
0.387207,-0.155273,1.087280
-0.109375,-0.352905,0.800659
-0.264648,0.160278,0.971436
0.408325,-0.321411,0.998291
-0.516235,-0.053955,0.752197
0.335205,-0.070068,1.105835
-0.041748,-0.368530,0.823730
-0.330200,0.163940,0.942749
0.454712,-0.324585,1.026123
-0.467773,-0.114990,0.755127
0.295532,-0.025024,1.112549
0.008423,-0.326294,0.843628
-0.374634,0.167725,0.916626
0.494507,-0.311401,1.056152
-0.424194,-0.166870,0.769409
0.208130,0.010254,1.094482
0.098755,-0.405518,0.862915
-0.405884,0.140137,0.898560
0.511597,-0.247437,1.088257
-0.388428,-0.164062,0.779907
0.144409,0.064331,1.091675
0.184570,-0.415527,0.903931
-0.442749,0.090454,0.871094
0.528564,-0.217407,1.108765
-0.334473,-0.221924,0.775391
0.054077,0.120972,1.081543
0.287109,-0.416870,0.938110
-0.467407,0.041870,0.836060
0.505493,-0.180786,1.124268
-0.191895,-0.286743,0.804077
-0.028198,0.148315,1.059326
0.333496,-0.387085,0.956787
-0.471680,-0.000488,0.823975
0.516357,-0.149048,1.156250
-0.113159,-0.341797,0.801514
-0.122803,0.168701,1.042480
0.393066,-0.366333,0.987305
-0.475708,-0.051514,0.807373
0.484497,-0.145630,1.159790
-0.068604,-0.320679,0.834229
-0.203247,0.203613,1.016724
0.448853,-0.320190,1.045288
-0.453491,-0.098633,0.797607
0.412476,-0.094727,1.158691
-0.007202,-0.342651,0.870361
-0.256836,0.218994,1.009888
0.504272,-0.303467,1.072510
-0.415161,-0.110107,0.797974
0.311523,-0.018188,1.132202
0.092407,-0.381226,0.912964
-0.296265,0.145996,0.972290
0.523193,-0.260986,1.105103
-0.393066,-0.130615,0.796631
0.260620,0.041504,1.145996
0.177246,-0.385498,0.931396
-0.357788,0.108521,0.933716
0.546753,-0.261475,1.124268
-0.332642,-0.193848,0.809082
0.166992,0.111206,1.131592
0.262085,-0.395386,0.954834
-0.406494,0.088745,0.896973
0.556763,-0.221802,1.142578
-0.273193,-0.238403,0.821777
0.079956,0.142334,1.112183
0.328003,-0.412842,0.973389
-0.412109,0.063599,0.885498
0.547363,-0.168701,1.156006
-0.204590,-0.238770,0.855103
0.013672,0.161011,1.098999
0.373413,-0.376709,1.005127
-0.420654,-0.016602,0.844727
0.535156,-0.112061,1.185059
-0.087036,-0.278809,0.873657
-0.058350,0.188232,1.098022
0.419922,-0.354736,1.029785
-0.417847,-0.058838,0.842285
0.494629,-0.101807,1.181885
-0.024658,-0.299194,0.882324
-0.135498,0.206421,1.083984
0.472656,-0.328003,1.070557
-0.442627,-0.078979,0.823364
0.447632,-0.064209,1.191406
0.028076,-0.354370,0.883789
-0.225220,0.221558,1.033569
0.518433,-0.273926,1.109375
-0.397949,-0.127930,0.812256
0.360107,-0.021484,1.179077
0.112793,-0.396362,0.916260
-0.284790,0.189453,1.007935
0.560303,-0.281616,1.123169
-0.358154,-0.153809,0.822388
0.255493,0.031250,1.133789
0.220459,-0.438232,0.939697
-0.356079,0.144287,0.929321
0.578857,-0.251709,1.135742
-0.289673,-0.203735,0.835083
0.150635,0.131470,1.132568
0.306030,-0.438965,0.955811
-0.417114,0.101196,0.894043
0.566528,-0.210327,1.145874
-0.234619,-0.236206,0.851318
0.054688,0.201050,1.126709
0.363037,-0.436890,0.981689
-0.431030,0.051270,0.876587
0.541016,-0.185425,1.143677
-0.161987,-0.254272,0.875122
-0.012695,0.210571,1.108398
0.405396,-0.402588,1.010132
-0.459229,0.032349,0.848999
0.506470,-0.136841,1.150391
-0.065796,-0.300415,0.881470
-0.072266,0.219604,1.092041
0.434570,-0.363159,1.041138
-0.454346,-0.032593,0.842041
0.486938,-0.150635,1.145630
0.005615,-0.397217,0.886230
-0.145752,0.197876,1.053711
0.469482,-0.330688,1.067871
-0.436157,-0.042603,0.812744
0.437744,-0.078735,1.168457
0.042480,-0.394775,0.877808
-0.184448,0.177246,1.040283
0.486450,-0.321411,1.066528
-0.422974,-0.075806,0.819458
0.383667,-0.033203,1.148804
0.077759,-0.389160,0.889404
-0.234375,0.190308,1.019287
0.500854,-0.275513,1.083984
-0.414185,-0.128906,0.796387
0.326294,-0.059326,1.103882
0.119507,-0.376221,0.902100
-0.294800,0.195068,0.981079
0.535278,-0.267212,1.101807
-0.392334,-0.151245,0.789307
0.257080,0.010376,1.103760
0.186523,-0.430664,0.916260
-0.351807,0.105347,0.901001
0.538574,-0.245483,1.108643
-0.341187,-0.174683,0.803467
0.162964,0.071411,1.091309
0.257080,-0.469604,0.915771
-0.408203,0.074219,0.850098
0.544556,-0.241455,1.106079
-0.283325,-0.194702,0.820190
0.058228,0.151855,1.074341
0.306274,-0.481934,0.920532
-0.439697,0.032593,0.826050
0.520386,-0.224487,1.106812
-0.238647,-0.232666,0.807617
-0.019897,0.186890,1.057495
0.357422,-0.448730,0.946411
-0.458862,0.007202,0.811035
0.484497,-0.170532,1.110229
-0.157104,-0.258301,0.830688
-0.084717,0.219971,1.060669
0.383179,-0.424194,0.962524
-0.478516,-0.033813,0.794189
0.453369,-0.154907,1.104858
-0.076294,-0.306641,0.844238
-0.155273,0.211792,1.018799
0.438477,-0.401489,0.992432
-0.478394,-0.058594,0.765503
0.383179,-0.130493,1.070801
0.029785,-0.417969,0.843872
-0.206299,0.166504,0.983887
0.433716,-0.336670,1.003174
-0.477661,-0.079956,0.749390
0.343994,-0.113159,1.067383
0.075439,-0.458374,0.835938
-0.270020,0.148193,0.941406
0.464355,-0.333496,1.010376
-0.454590,-0.078247,0.769775
0.270264,-0.053711,1.055908
0.095337,-0.456055,0.823486
-0.341919,0.112427,0.886597
0.499268,-0.292969,1.054077
-0.419800,-0.111206,0.764038
0.161621,0.045654,1.045288
0.176025,-0.468384,0.844360
-0.415283,0.086182,0.857300
0.516968,-0.330322,1.043579
-0.389282,-0.162842,0.761108
0.067871,0.113281,1.029785
0.228760,-0.448608,0.873047
-0.447632,0.023682,0.790527
0.510254,-0.293701,1.047974
-0.315674,-0.231323,0.766357
-0.026123,0.165283,1.012329
0.271484,-0.452271,0.879028
-0.471313,0.010986,0.776611
0.489502,-0.274536,1.055664
-0.257446,-0.265137,0.783325
-0.093262,0.224976,1.022583
0.303223,-0.379028,0.910278
-0.509155,-0.015869,0.767700
0.464233,-0.275879,1.050537
-0.169067,-0.301514,0.815308
-0.143677,0.214844,0.999268
0.329590,-0.328491,0.932861
-0.537109,0.005981,0.756470
0.428345,-0.229126,1.051758
-0.075806,-0.401123,0.807983
-0.178833,0.161987,0.973755
0.365356,-0.334595,0.945068
-0.542725,0.026489,0.761719
0.381714,-0.177490,1.034546
0.003296,-0.459961,0.807007
-0.237915,0.124634,0.919312
0.396851,-0.313110,0.969360
-0.532593,0.009766,0.742798
0.316650,-0.125610,1.011841
0.052490,-0.455933,0.812500
-0.306641,0.115234,0.875244
0.428345,-0.314819,0.977417
-0.508545,-0.068481,0.719727
0.263550,-0.068237,1.004517
0.070557,-0.468872,0.779175
-0.359741,0.139282,0.848633
0.455444,-0.340698,0.974609
-0.485229,-0.061523,0.755249
0.196899,-0.025269,0.997681
0.077759,-0.474731,0.786621
-0.401001,0.120850,0.811157
0.481323,-0.316650,0.987061
-0.462524,-0.119385,0.734253
0.117065,0.070068,1.011475
0.111450,-0.462036,0.800293
-0.424438,0.081909,0.800415
0.478394,-0.299194,0.996704
-0.437134,-0.106812,0.752930
0.054932,0.117432,1.008057
0.155884,-0.490356,0.805786
-0.479370,0.067993,0.776245
0.469971,-0.264282,1.004395
-0.367676,-0.138794,0.757812
0.008911,0.168823,1.022705
0.209473,-0.432251,0.842041
-0.538452,0.046143,0.739990
0.454468,-0.260498,1.002808
-0.291504,-0.200073,0.778076
-0.043823,0.198242,1.006592
0.249512,-0.394409,0.857544
-0.555176,0.065186,0.741333
0.453979,-0.261353,1.005859
-0.222534,-0.270508,0.768677
-0.099121,0.203003,0.980835
0.296021,-0.367554,0.899780
-0.569580,0.053467,0.737427
0.435059,-0.217773,1.018188
-0.152100,-0.331055,0.766724
-0.158569,0.219971,0.961792
0.324829,-0.353149,0.906616
-0.561157,0.035156,0.742554
0.400269,-0.184937,1.015137
-0.110474,-0.345703,0.770752
-0.197632,0.193970,0.921875
0.361206,-0.330688,0.915527
-0.556641,0.031372,0.743530
0.363892,-0.129761,1.009888
-0.056396,-0.409302,0.758545
-0.243896,0.178955,0.899048
0.383057,-0.324951,0.918213
-0.559448,0.035767,0.747437
0.328979,-0.124146,0.988525
-0.019165,-0.406494,0.762817
-0.290039,0.148193,0.855103
0.396606,-0.275879,0.940430
-0.533691,0.011841,0.740234
0.267456,-0.060669,0.995728
0.007568,-0.434692,0.750977
-0.338257,0.143677,0.847534
0.427246,-0.270630,0.949463
-0.521851,-0.005859,0.735107
0.195557,0.030273,0.996216
0.033081,-0.407349,0.767090
-0.408325,0.143433,0.821289
0.440918,-0.268799,0.978882
-0.495483,-0.064453,0.737183
0.153687,0.077393,1.013672
0.056885,-0.406128,0.781128
-0.461670,0.167603,0.817627
0.451782,-0.261719,0.980469
-0.445312,-0.071533,0.759644
0.094116,0.094482,1.006714
0.102905,-0.409424,0.811157
-0.508057,0.165161,0.806152
0.462158,-0.219971,0.988892
-0.370850,-0.081299,0.784912
0.019653,0.171997,1.019165
0.156006,-0.416504,0.821777
-0.561401,0.142944,0.783569
0.465820,-0.218872,1.010010
-0.314941,-0.175903,0.753174
-0.041260,0.198120,1.003052
0.238159,-0.390625,0.863525
-0.585938,0.129883,0.772583
0.435059,-0.176270,1.016602
-0.232422,-0.259888,0.744263
-0.116577,0.184814,0.952393
0.301270,-0.361206,0.886108
-0.589478,0.112671,0.764404
0.403931,-0.145874,1.016968
-0.142944,-0.303101,0.757202
-0.188232,0.172852,0.915894
0.338257,-0.344116,0.916504
-0.603516,0.082764,0.744019
0.362915,-0.110474,1.019775
-0.086792,-0.369507,0.742920
-0.270020,0.197876,0.891113
0.373901,-0.317261,0.926025
-0.563477,0.037476,0.747070
0.294067,-0.073364,0.989380
-0.059448,-0.396362,0.735718
-0.354858,0.163330,0.852295
0.406616,-0.281616,0.954712
-0.541504,-0.039062,0.720337
0.199829,0.009766,0.997681
-0.013794,-0.409302,0.760986
-0.440308,0.187622,0.842407
0.422119,-0.257935,0.965088
-0.476074,-0.078003,0.735474
0.111450,0.079834,1.011841
0.070557,-0.408813,0.802124
-0.523071,0.202759,0.826050
0.432129,-0.234497,0.984985
-0.391602,-0.177368,0.733398
0.044678,0.148804,1.032715
0.166382,-0.390381,0.831543
-0.595581,0.182495,0.803467
0.438477,-0.231689,1.002686
-0.300903,-0.259033,0.718994
-0.054565,0.171265,0.985474
0.242676,-0.379028,0.864380
-0.610718,0.148193,0.777344
0.418945,-0.183838,1.013794
-0.203247,-0.329102,0.724731
-0.157104,0.185547,0.947632
0.297363,-0.357544,0.899292
-0.607422,0.088013,0.754639
0.384277,-0.172485,1.008423
-0.170166,-0.351318,0.709351
-0.230835,0.169434,0.923462
0.345581,-0.364380,0.908325
-0.603149,0.082275,0.746704
0.338989,-0.116333,1.003784
-0.121338,-0.368042,0.732666
-0.317139,0.189453,0.892578
0.381714,-0.344238,0.930664
-0.567505,0.017212,0.729126
0.264404,-0.082153,0.996704
-0.080811,-0.391479,0.754395
-0.404541,0.199097,0.866089
0.400635,-0.315430,0.947144
-0.543579,-0.017944,0.729736
0.184448,0.011841,1.004028
-0.021118,-0.385864,0.776489
-0.473022,0.183594,0.852661
0.406982,-0.281494,0.974121
-0.517334,-0.097168,0.711304
0.108643,0.065796,1.014404
0.070801,-0.414917,0.797607
-0.535767,0.225830,0.847900
0.421631,-0.256348,0.975464
-0.431274,-0.159790,0.728882
0.034302,0.095215,1.009766
0.123657,-0.425049,0.830444
-0.555908,0.141357,0.803467
0.432373,-0.225464,1.007324
-0.351440,-0.170532,0.746216
-0.054321,0.151489,0.997437
0.200684,-0.407715,0.854614
-0.569336,0.101196,0.787720
0.425903,-0.215454,1.016479
-0.283203,-0.261353,0.725708
-0.135742,0.162842,0.968628
0.273560,-0.402100,0.881470
-0.577393,0.037720,0.750122
0.401367,-0.171387,1.045288
-0.215088,-0.326660,0.714966
-0.241211,0.192993,0.949829
0.338379,-0.356445,0.923462
-0.589600,0.008789,0.732178
0.353027,-0.150513,1.037109
-0.148804,-0.359009,0.727783
-0.310303,0.181396,0.911621
0.382324,-0.317383,0.953491
-0.588989,-0.041992,0.708496
0.263184,-0.101929,1.031982
-0.051392,-0.419312,0.763916
-0.407471,0.193237,0.884888
0.391968,-0.272705,0.977661
-0.517700,-0.070557,0.726318
0.160400,0.011353,1.036499
0.059937,-0.426025,0.823120
-0.511597,0.163940,0.852661
0.437988,-0.257202,1.020996
-0.447266,-0.176758,0.723145
0.045410,0.092773,1.027344
0.166748,-0.407227,0.864258
-0.545166,0.103394,0.815674
0.444458,-0.218018,1.048096
-0.294556,-0.293091,0.734375
-0.081543,0.134644,0.986694
0.265259,-0.402954,0.889893
-0.562866,0.032104,0.776245
0.424927,-0.179565,1.063965
-0.194092,-0.334839,0.732910
-0.193115,0.154541,0.980469
0.323608,-0.365845,0.931396
-0.566162,-0.011841,0.758789
0.381470,-0.164429,1.057861
-0.118042,-0.365112,0.762573
-0.305176,0.193848,0.931396
0.397095,-0.298340,0.981201
-0.535034,-0.042725,0.744507
0.264771,-0.058960,1.069458
-0.018677,-0.405518,0.794922
-0.406860,0.163330,0.907349
0.434204,-0.275146,1.014771
-0.437622,-0.158447,0.738770
0.133789,0.078857,1.057861
0.122559,-0.418457,0.853516
-0.495728,0.104736,0.859009
0.462158,-0.246460,1.053955
-0.357544,-0.228882,0.756714
0.029419,0.125488,1.057129
0.221924,-0.402588,0.885986
-0.509155,0.040527,0.826172
0.461670,-0.220947,1.066162
-0.227173,-0.314575,0.756348
-0.074341,0.151367,1.016968
0.296387,-0.391357,0.909790
-0.510498,0.012329,0.798218
0.465698,-0.208740,1.083984
-0.172485,-0.317627,0.764771
-0.138428,0.146606,1.006592
0.359741,-0.349731,0.962646
-0.533691,-0.007324,0.776245
0.417847,-0.174805,1.093872
-0.123657,-0.339722,0.800903
-0.231812,0.159302,0.981079
0.420654,-0.338501,1.010132
-0.507202,-0.049561,0.764648
0.353394,-0.092407,1.106445
-0.047119,-0.356689,0.837036
-0.299927,0.150269,0.962646
0.458862,-0.308228,1.047729
-0.477539,-0.062988,0.769775
0.300659,-0.027710,1.119263
0.031372,-0.376099,0.852539
-0.351929,0.156006,0.941040
0.497559,-0.299927,1.066284
-0.424683,-0.147705,0.752808
0.230591,0.049316,1.112183
0.128662,-0.387207,0.888672
-0.404053,0.150024,0.911377
0.508423,-0.266235,1.084229
-0.378052,-0.190308,0.776611
0.160156,0.038330,1.084106
0.205078,-0.410156,0.916626
-0.428467,0.123535,0.887085
0.528320,-0.195679,1.118164
-0.324585,-0.216309,0.791626
0.068237,0.084717,1.075195
0.286865,-0.447632,0.942627
-0.446289,0.066162,0.861450
0.534424,-0.178589,1.136475
-0.234131,-0.216309,0.818481
-0.029785,0.161377,1.067017
0.349854,-0.407837,0.978638
-0.443604,-0.018188,0.838867
0.523804,-0.163940,1.159058
-0.125977,-0.321899,0.819580
-0.096191,0.201660,1.060669
0.420532,-0.380859,0.999023
-0.449707,-0.050415,0.828247
0.465332,-0.116699,1.157959
-0.073853,-0.319824,0.820679
-0.178223,0.225830,1.043823
0.477051,-0.335938,1.046875
-0.462769,-0.093506,0.807617
0.413086,-0.079590,1.171997
0.017334,-0.342041,0.885132
-0.262573,0.226196,1.012939
0.511841,-0.292847,1.083252
-0.414795,-0.110474,0.814209
0.333374,-0.059570,1.149902
0.110229,-0.391724,0.918213
-0.316406,0.186890,0.968750
0.539307,-0.258301,1.109863
-0.354004,-0.158447,0.822632
0.216797,0.039795,1.139526
0.222778,-0.432373,0.934692
-0.371582,0.130249,0.938232
0.558350,-0.221680,1.132690
-0.280273,-0.201172,0.835693
0.109863,0.112671,1.117676
0.318115,-0.404785,0.975708
-0.418091,0.073120,0.888306
0.550903,-0.168213,1.161255
-0.180786,-0.259277,0.853882
0.008667,0.164917,1.094360
0.388184,-0.375366,1.017456
-0.451782,0.010742,0.846680
0.514282,-0.123413,1.170532
-0.024048,-0.337280,0.869507
-0.102417,0.205200,1.085938
0.440430,-0.321655,1.047363
-0.452271,-0.059570,0.837891
0.484619,-0.133667,1.172485
0.017212,-0.333008,0.904663
-0.202393,0.241699,1.060669
0.487915,-0.268066,1.090576
-0.414795,-0.102051,0.822021
0.376587,-0.057983,1.168823
0.103638,-0.395142,0.924683
-0.263062,0.190918,1.010742
0.532227,-0.239014,1.123169
-0.360229,-0.131592,0.819824
0.263916,0.010498,1.129028
0.219482,-0.440674,0.951050
-0.353638,0.114502,0.928467
0.557861,-0.217163,1.149048
-0.288818,-0.198975,0.832153
0.126587,0.137939,1.119629
0.312622,-0.438843,0.978638
-0.403442,0.060181,0.905029
0.565308,-0.205811,1.164673
-0.215210,-0.236694,0.852661
0.024902,0.187622,1.101685
0.376709,-0.392334,1.003662
-0.429565,0.029541,0.861694
0.549805,-0.177124,1.177734
-0.088379,-0.281494,0.885864
-0.072144,0.229858,1.088989
0.429565,-0.353394,1.025391
-0.442261,-0.015015,0.835083
0.481689,-0.130005,1.160278
0.034424,-0.382568,0.895630
-0.150146,0.226074,1.072144
0.471924,-0.315552,1.064697
-0.431519,-0.066040,0.815063
0.405396,-0.067749,1.159790
0.064697,-0.377563,0.910278
-0.239990,0.230225,1.054932
0.516235,-0.268799,1.111694
-0.411621,-0.113525,0.803345
0.319824,-0.007690,1.128296
0.141846,-0.403564,0.927612
-0.305664,0.150146,0.981079
0.552612,-0.252197,1.145508
-0.375000,-0.145630,0.808350
0.222046,0.041870,1.113159
0.231079,-0.470215,0.919556
-0.368286,0.109253,0.911377
0.562988,-0.231567,1.129272
-0.290283,-0.176514,0.829224
0.108154,0.121948,1.084229
0.308350,-0.466675,0.949951
-0.427490,0.045654,0.844727
0.532227,-0.200684,1.125000
-0.231689,-0.228882,0.831055
0.028198,0.177246,1.095459
0.385132,-0.428711,0.991943
-0.458862,0.041626,0.824585
0.495361,-0.135254,1.130737
-0.129028,-0.271118,0.845215
-0.086426,0.203125,1.069458
0.438354,-0.423462,1.021606
-0.467773,-0.029297,0.803589
0.441528,-0.090088,1.132446
-0.010986,-0.323608,0.856445
-0.175659,0.224854,1.036255
0.477417,-0.395386,1.042725
-0.438232,-0.109741,0.805420
0.366455,-0.070923,1.104736
0.078979,-0.366089,0.860840
-0.251709,0.208496,0.989014
0.496094,-0.314697,1.052612
-0.417603,-0.106201,0.805420
0.289429,-0.043823,1.083862
0.112549,-0.416748,0.865723
-0.323242,0.115112,0.911499
0.506470,-0.245605,1.075684
-0.379272,-0.148438,0.774780
0.166504,0.048706,1.057495
0.242188,-0.517700,0.882324
-0.414307,0.071289,0.858154
0.519653,-0.234375,1.090698
-0.317261,-0.209473,0.784180
0.041626,0.124390,1.045044
0.315063,-0.490601,0.907349
-0.463501,0.017578,0.799683
0.495605,-0.209473,1.088135
-0.203247,-0.242310,0.806152
-0.080200,0.229980,1.040405
0.360229,-0.425293,0.950317
-0.488647,-0.028076,0.797974
0.447021,-0.181641,1.086548
-0.089966,-0.338501,0.819580
-0.156372,0.196777,1.002686
0.406250,-0.353760,0.979004
-0.495605,-0.047363,0.771362
0.374023,-0.146240,1.062988
0.044434,-0.441040,0.842163
-0.232666,0.159668,0.957520
0.434448,-0.328003,0.996826
-0.460693,-0.070923,0.752197
0.133911,0.070435,1.011597
0.114136,-0.419556,0.810425
-0.448364,0.053833,0.790527
0.470215,-0.303833,1.004395
-0.400269,-0.151733,0.742310
0.034912,0.177979,1.026733
0.192017,-0.410400,0.834717
-0.497070,0.050415,0.762085
0.474121,-0.289185,1.013184
-0.324097,-0.215088,0.761841
-0.041748,0.194214,1.008667
0.267334,-0.402710,0.876465
-0.555054,0.052612,0.734741
0.447510,-0.265625,1.013672
-0.215576,-0.292969,0.776245
-0.122314,0.182739,0.971313
0.310791,-0.375244,0.893799
-0.564087,0.076416,0.755859
0.419556,-0.185791,1.018433
-0.103516,-0.311035,0.807129
-0.187744,0.147827,0.929443
0.338623,-0.353394,0.914185
-0.543701,0.028931,0.740723
0.373047,-0.140503,1.015503
-0.042725,-0.374268,0.789551
-0.265625,0.170288,0.894409
0.394043,-0.364502,0.930786
-0.525024,-0.024780,0.741455
0.303955,-0.079102,0.998047
0.017456,-0.415771,0.776245
-0.338867,0.175415,0.856323
0.414673,-0.301758,0.950562
-0.489014,-0.082520,0.742310
0.234741,-0.039917,1.002441
0.047363,-0.453003,0.759766
-0.395874,0.156250,0.823242
0.440796,-0.274292,0.965210
-0.484863,-0.091064,0.735596
0.149780,0.007324,1.006104
0.111206,-0.474731,0.788330
-0.463623,0.158081,0.792847
0.442505,-0.229980,0.971802
-0.427856,-0.112915,0.748657
0.067871,0.082886,1.004639
0.161743,-0.474121,0.813965
-0.525513,0.135986,0.799072
0.442871,-0.203613,0.987061
-0.344849,-0.135498,0.755737
-0.021729,0.164429,1.002319
0.234497,-0.419434,0.854370
-0.550049,0.093140,0.764282
0.438110,-0.177002,1.012573
-0.229980,-0.234985,0.763916
-0.117188,0.194336,0.960938
0.296875,-0.392090,0.886353
-0.566528,0.073730,0.756104
0.416748,-0.145752,1.024048
-0.145752,-0.305908,0.760132
-0.172241,0.186279,0.930664
0.346436,-0.358154,0.911865
-0.578613,0.058350,0.760376
0.377930,-0.125488,1.017212
-0.068115,-0.382324,0.759399
-0.267700,0.212769,0.887573
0.369751,-0.321655,0.923340
-0.551025,0.022095,0.743042
0.325439,-0.087158,1.002930
-0.038086,-0.403320,0.750610
-0.340942,0.199829,0.858276
0.405518,-0.299561,0.941650
-0.516602,-0.037231,0.735107
0.240479,-0.008179,1.003906
0.011108,-0.418335,0.753906
-0.412231,0.199219,0.836670
0.427612,-0.283203,0.958496
-0.485352,-0.066650,0.745972
0.165649,0.037109,1.010620
0.046997,-0.394165,0.783081
-0.491089,0.220459,0.822876
0.437744,-0.250854,0.977417
-0.436035,-0.126343,0.740723
0.103882,0.076782,1.020874
0.120728,-0.404175,0.817139
-0.550293,0.225952,0.807739
0.433105,-0.204834,0.973267
-0.355957,-0.153931,0.756592
0.020874,0.108032,1.007080
0.192261,-0.414185,0.845947
-0.583740,0.183716,0.786743
0.426880,-0.170776,0.987549
-0.263672,-0.220215,0.745728
-0.073975,0.181641,0.990845
0.261230,-0.393433,0.881836
-0.593506,0.124390,0.766235
0.408569,-0.147095,1.005981
-0.195679,-0.295532,0.729004
-0.162964,0.191650,0.946533
0.329834,-0.370605,0.906128
-0.589478,0.116455,0.764648
0.384766,-0.103394,1.014648
-0.139893,-0.340820,0.723022
-0.247192,0.186768,0.910400
0.366577,-0.356323,0.924072
-0.574585,0.042114,0.750000
0.318604,-0.053467,1.017700
-0.102173,-0.362793,0.724487
-0.329834,0.216309,0.878052
0.396606,-0.331665,0.929443
-0.551147,-0.012939,0.732300
0.238281,-0.018799,1.002686
-0.050415,-0.401611,0.741943
-0.416260,0.221069,0.851929
0.419678,-0.294556,0.955322
-0.507080,-0.084961,0.729736
0.154785,0.020996,1.003296
0.013550,-0.404541,0.778809
-0.495483,0.228516,0.840332
0.421997,-0.252197,0.970825
-0.447021,-0.105713,0.741821
0.086548,0.088135,1.020508
0.099731,-0.413330,0.813354
-0.560181,0.208130,0.816895
0.425171,-0.213745,0.985352
-0.368286,-0.174316,0.741821
-0.003296,0.144287,1.008423
0.194458,-0.419067,0.853149
-0.592529,0.158203,0.787720
0.400269,-0.157715,1.001831
-0.271484,-0.285522,0.716309
-0.106567,0.183105,0.984253
0.286865,-0.418213,0.885010
-0.629272,0.117676,0.759766
0.389160,-0.161743,1.006104
-0.184082,-0.336914,0.715820
-0.211182,0.199585,0.948975
0.319580,-0.362305,0.905273
-0.598755,0.045288,0.743530
0.359619,-0.138794,1.017944
-0.140991,-0.366821,0.714111
-0.312500,0.205078,0.899414
0.369385,-0.330688,0.921021
-0.572021,0.007690,0.718262
0.270630,-0.077515,1.015625
-0.074585,-0.414551,0.740112
-0.415894,0.216919,0.868042
0.391968,-0.301880,0.939331
-0.538086,-0.036255,0.723877
0.156006,-0.004639,1.010986
0.019287,-0.426147,0.794678
-0.508789,0.210205,0.847778
0.399048,-0.252563,0.971558
-0.468994,-0.109497,0.727051
0.079468,0.092163,1.027222
0.099976,-0.403931,0.825806
-0.567017,0.166870,0.830200
0.427734,-0.261597,0.992188
-0.365112,-0.229248,0.716431
-0.013916,0.154541,1.012573
0.192261,-0.399048,0.843506
-0.584229,0.119141,0.797729
0.427734,-0.238892,1.001709
-0.278564,-0.289307,0.721680
-0.116333,0.156982,0.972046
0.272705,-0.397949,0.880615
-0.594482,0.079468,0.767700
0.383789,-0.168091,1.024780
-0.202026,-0.358154,0.715454
-0.205444,0.155518,0.945801
0.314819,-0.372681,0.907959
-0.591919,0.035400,0.760010
0.364624,-0.170288,1.036255
-0.172974,-0.360962,0.725586
-0.307861,0.165771,0.903198
0.377563,-0.357544,0.951660
-0.566772,-0.032471,0.734985
0.304199,-0.115356,1.040649
-0.117920,-0.369019,0.763428
-0.381958,0.188232,0.899902
0.419800,-0.350098,0.959595
-0.529663,-0.076172,0.717407
0.218872,-0.013550,1.047607
-0.024292,-0.364014,0.792847
-0.463379,0.205933,0.869629
0.422729,-0.294434,1.000244
-0.481567,-0.156494,0.733643
0.148193,0.004395,1.039429
0.078003,-0.406860,0.830322
-0.544312,0.206299,0.840698
0.439941,-0.262451,1.006226
-0.389038,-0.219360,0.743530
0.036987,0.061768,1.034668
0.186523,-0.427124,0.868408
-0.556641,0.114258,0.795532
0.437378,-0.213257,1.026245
-0.285034,-0.261108,0.745361
-0.056274,0.109741,1.013794
0.270630,-0.439331,0.892456
-0.556396,0.062378,0.795776
0.417358,-0.166992,1.048828
-0.218140,-0.287842,0.736816
-0.174316,0.163940,0.994263
0.348022,-0.412109,0.937622
-0.551270,-0.031006,0.758789
0.383057,-0.133301,1.079346
-0.162109,-0.327393,0.742065
-0.270142,0.193726,0.962646
0.398071,-0.342163,0.980835
-0.532593,-0.068115,0.755859
0.319458,-0.112793,1.069580
-0.065918,-0.370239,0.790649
-0.354492,0.186401,0.916382
0.437622,-0.320557,1.002197
-0.487671,-0.075806,0.759888
0.229248,-0.043091,1.065063
0.032471,-0.396729,0.830444
-0.424927,0.134644,0.875488
0.472412,-0.251099,1.060059
-0.417725,-0.187134,0.757935
0.108276,0.084595,1.060059
0.173096,-0.425659,0.874390
-0.481934,0.096069,0.841675
0.474487,-0.213501,1.068604
-0.299683,-0.253662,0.771118
-0.004150,0.121704,1.046631
0.263672,-0.410767,0.893188
-0.487427,0.038208,0.820679
0.479980,-0.202026,1.094360
-0.187866,-0.311890,0.767700
-0.104126,0.126709,1.007935
0.332642,-0.351929,0.943726
-0.510132,-0.001343,0.787109
0.448853,-0.173706,1.118042
-0.104248,-0.361450,0.810791
-0.223877,0.160400,0.985840
0.395752,-0.308472,1.006958
-0.506226,-0.031860,0.757812
0.372192,-0.077515,1.120483
-0.011597,-0.338501,0.854614
-0.309326,0.174194,0.967285
0.453735,-0.288208,1.049316
-0.458130,-0.132202,0.751709
0.287109,-0.003052,1.124878
0.069580,-0.380371,0.861694
-0.390503,0.159546,0.921875
0.512817,-0.283813,1.081665
-0.393555,-0.193481,0.771118
0.186646,0.060669,1.107300
0.167236,-0.401123,0.883057
-0.426636,0.147339,0.898560
0.527832,-0.248779,1.101318
-0.333252,-0.241333,0.803223
0.089355,0.051147,1.068848
0.239990,-0.404663,0.923096
-0.456421,0.080078,0.843262
0.544922,-0.224365,1.118408
-0.240845,-0.263794,0.827637
-0.003662,0.127563,1.062378
0.309570,-0.389160,0.954102
-0.459351,0.020508,0.833008
0.520142,-0.186035,1.135620
-0.135864,-0.307861,0.842651
-0.054443,0.147949,1.061646
0.377563,-0.366577,0.990356
-0.468628,-0.000244,0.822388
0.493408,-0.148193,1.149048
-0.081787,-0.330078,0.841675
-0.132202,0.182007,1.062500
0.427490,-0.343262,1.023315
-0.459351,-0.046509,0.814087
0.446899,-0.083862,1.166382
-0.034424,-0.327515,0.854004
-0.208618,0.201294,1.051392
0.492310,-0.322144,1.072876
-0.457642,-0.071533,0.815918
0.370850,-0.018677,1.170044
0.047241,-0.368164,0.878052
-0.279419,0.196045,1.010010
0.542236,-0.306274,1.108643
-0.416992,-0.130859,0.801025
0.291870,0.007935,1.146484
0.145874,-0.386597,0.909790
-0.339478,0.151001,0.946167
0.556641,-0.276245,1.125000
-0.351318,-0.209839,0.811401
0.204956,0.041626,1.130615
0.239990,-0.399292,0.953003
-0.392578,0.121460,0.907959
0.562744,-0.223633,1.146729
-0.256836,-0.260376,0.822754
0.088745,0.122437,1.110474
0.330688,-0.410522,0.971924
-0.422241,0.095337,0.885376
0.559082,-0.175903,1.160889
-0.166138,-0.259399,0.868042
-0.017212,0.181519,1.101685
0.386108,-0.385986,1.015747
-0.436523,0.003662,0.847900
0.527222,-0.141602,1.179321
-0.044922,-0.297485,0.886597
-0.106934,0.223389,1.087402
0.443359,-0.349976,1.037476
-0.438354,-0.050049,0.842896
0.475342,-0.113525,1.174683
0.013184,-0.341309,0.888916
-0.186768,0.250000,1.084595
0.493896,-0.317017,1.082886
-0.427490,-0.086182,0.825317
0.395996,-0.057251,1.166992
0.076782,-0.355591,0.921753
-0.250732,0.212158,1.031616
0.540283,-0.262207,1.119507
-0.373535,-0.134033,0.829712
0.296387,0.006958,1.143066
0.175659,-0.406738,0.936646
-0.321655,0.125244,0.945435
0.565674,-0.247681,1.130005
-0.297974,-0.175903,0.849487
0.166992,0.098145,1.124512
0.294434,-0.424805,0.970947
-0.398438,0.087402,0.886475
0.548706,-0.178955,1.154663
-0.211548,-0.238770,0.847656
0.043091,0.189697,1.112305
0.378174,-0.404175,0.995850
-0.424194,0.025879,0.868408
0.520874,-0.158691,1.159546
-0.078613,-0.301025,0.884521
-0.067627,0.209839,1.089233
0.444946,-0.348389,1.045410
-0.450684,-0.012695,0.832642
0.467163,-0.096924,1.167969
0.045654,-0.360962,0.901001
-0.156006,0.227417,1.076904
0.477417,-0.317749,1.067505
-0.436646,-0.066406,0.818726
0.405273,-0.058594,1.147583
0.075806,-0.354736,0.906372
-0.247681,0.207031,1.033691
0.536987,-0.279175,1.122192
-0.400391,-0.131836,0.795044
0.276978,0.028442,1.121094
0.183228,-0.442017,0.914062
-0.335327,0.137329,0.962158
0.567017,-0.262695,1.143433
-0.342896,-0.174927,0.802734
0.167603,0.109131,1.099609
0.260010,-0.438599,0.929688
-0.399658,0.057007,0.878174
0.570557,-0.263916,1.145386
-0.260864,-0.273926,0.811279
0.066650,0.164551,1.094971
0.319946,-0.418457,0.956543
-0.427490,0.069946,0.857788
0.541382,-0.242310,1.126221
-0.180298,-0.265137,0.861206
-0.017944,0.159790,1.064331
0.372070,-0.394653,0.981689
-0.450073,0.026978,0.821777
0.495117,-0.141602,1.139038
-0.096191,-0.259888,0.887207
-0.085571,0.179199,1.058472
0.411987,-0.404541,1.001465
-0.465698,-0.036743,0.809814
0.453857,-0.129761,1.121582
-0.005127,-0.341187,0.883423
-0.162598,0.204468,1.038330
0.458008,-0.374146,1.031494
-0.455688,-0.061890,0.797241
0.389160,-0.083740,1.111328
0.064087,-0.376831,0.877930
-0.205200,0.179077,1.021118
0.484619,-0.325562,1.049438
-0.447144,-0.094482,0.786011
0.338013,-0.049805,1.102783
0.093628,-0.397339,0.862305
-0.274414,0.169800,0.971313
0.506470,-0.315918,1.065186
-0.415771,-0.161621,0.786377
0.251587,-0.029907,1.073120
0.139771,-0.414917,0.873901
-0.344238,0.145508,0.928589
0.508667,-0.256836,1.080566
-0.379395,-0.193604,0.778320
0.168579,0.035400,1.069214
0.213745,-0.485229,0.875122
-0.405762,0.095337,0.862061
0.522095,-0.258789,1.065918
-0.317871,-0.199097,0.789551
0.035645,0.137329,1.037720
0.296143,-0.507812,0.891235
-0.447632,0.042603,0.808472
0.497192,-0.219727,1.076294
-0.257690,-0.220215,0.799927
-0.036133,0.167114,1.030640
0.342651,-0.468628,0.940430
-0.489136,-0.014893,0.771118
0.471802,-0.166870,1.107422
-0.169067,-0.263062,0.808960
-0.116455,0.231201,1.028687
0.375610,-0.411377,0.958130
-0.489990,-0.043457,0.777466
0.429688,-0.158081,1.085571
-0.055298,-0.368408,0.815674
-0.187134,0.192871,0.993774
0.407715,-0.381348,0.965698
-0.490601,-0.068481,0.765747
0.353027,-0.126465,1.057129
0.039551,-0.433716,0.809204
-0.254395,0.188232,0.947754
0.451416,-0.338013,0.996948
-0.482788,-0.092285,0.755859
0.277954,-0.099243,1.024170
0.104736,-0.498901,0.807617
-0.341431,0.108398,0.869019
0.465088,-0.284912,1.022217
-0.428589,-0.117676,0.771240
0.182861,-0.001099,1.036255
0.126221,-0.488892,0.813599
-0.417358,0.092285,0.820435
0.508911,-0.309814,1.030640
-0.380615,-0.129272,0.777344
0.051758,0.097534,1.011841
0.227539,-0.468018,0.858276
-0.463745,-0.001343,0.769409
0.486084,-0.275757,1.047607
-0.307373,-0.214722,0.782349
-0.052368,0.191162,1.020142
0.288452,-0.419312,0.892090
-0.505005,-0.011230,0.750610
0.451416,-0.283936,1.031128
-0.211060,-0.300293,0.783569
-0.112671,0.211670,1.010498
0.325806,-0.374756,0.919556
-0.534546,0.022583,0.756104
0.425659,-0.227539,1.027344
-0.109863,-0.351562,0.800903
-0.178711,0.178955,0.969849
0.366089,-0.363159,0.937134
-0.534912,-0.015747,0.748047
0.375610,-0.168457,1.025513
-0.020996,-0.396240,0.807495
-0.249268,0.187378,0.930908
0.413208,-0.344360,0.954468
-0.527100,-0.020874,0.742676
0.303101,-0.101685,1.006836
0.026001,-0.438354,0.800171
-0.310791,0.107788,0.865967
0.449463,-0.366821,0.969849
-0.509888,-0.070435,0.728149
0.234863,-0.015625,1.008667
0.062378,-0.439819,0.769653
-0.376465,0.141846,0.842773
0.454712,-0.344116,0.968140
-0.460327,-0.134644,0.761230
0.175171,-0.023682,0.999146
0.111206,-0.452515,0.788940
-0.440186,0.148438,0.808228
0.456177,-0.291138,0.975952
-0.415649,-0.147339,0.756226
0.084595,0.038696,1.000977
0.152710,-0.459595,0.819458
-0.493164,0.089722,0.764282
0.450684,-0.244995,0.999634
-0.345825,-0.168213,0.756470
-0.006836,0.150269,1.004395
0.237793,-0.463013,0.860107
-0.534424,0.034912,0.741821
0.443115,-0.215820,1.023071
-0.261719,-0.222534,0.760742
-0.100220,0.209961,0.997314
0.304321,-0.424805,0.895020
-0.556519,0.036011,0.746704
0.412720,-0.179688,1.024536
-0.128906,-0.309692,0.780273
-0.175781,0.213013,0.949341
0.332031,-0.359619,0.910889
-0.548340,0.022339,0.752197
0.382690,-0.149048,1.035156
-0.052002,-0.391113,0.767944
-0.251343,0.189331,0.891235
0.380737,-0.330566,0.935059
-0.534668,0.004639,0.763428
0.304077,-0.094482,0.999390
0.003662,-0.437256,0.767578
-0.326904,0.146484,0.850830
0.408081,-0.308350,0.941162
-0.502930,-0.033203,0.751221
0.224243,-0.032593,0.985962
0.049072,-0.429443,0.758911
-0.414673,0.169678,0.822144
0.454712,-0.279175,0.976318
-0.454102,-0.093872,0.754517
0.103760,0.079712,1.005005
0.093994,-0.434326,0.795654
-0.475098,0.112915,0.800659
0.464355,-0.274048,0.976929
-0.419800,-0.112305,0.747559
0.026611,0.155273,0.999756
0.192993,-0.429688,0.831787
-0.537354,0.104248,0.764893
0.442993,-0.201416,1.014404
-0.308472,-0.188354,0.754639
-0.044556,0.170166,0.991089
0.261230,-0.426636,0.861572
-0.579834,0.116821,0.771118
0.428833,-0.163574,1.022827
-0.203979,-0.248779,0.752930
-0.116943,0.194336,0.963379
0.321777,-0.396484,0.906860
-0.588379,0.086670,0.758179
0.399780,-0.134521,1.026245
-0.103271,-0.339233,0.756348
-0.213867,0.198486,0.914185
0.351929,-0.340942,0.907104
-0.561523,0.037231,0.745728
0.357544,-0.090332,1.014893
-0.058960,-0.379883,0.734131
-0.304077,0.216675,0.882690
0.394653,-0.326904,0.927856
-0.536011,-0.029297,0.739258
0.281250,-0.050049,1.000122
-0.015259,-0.413086,0.754150
-0.371704,0.189209,0.839355
0.413696,-0.274414,0.949463
-0.502930,-0.043823,0.746094
0.190796,0.008667,1.008789
0.037720,-0.415527,0.780640
-0.456543,0.199707,0.827148
0.435547,-0.235596,0.971313
-0.450317,-0.062256,0.761475
0.083374,0.081787,1.005859
0.114502,-0.421875,0.810059
-0.532837,0.181519,0.801270
0.432373,-0.178711,0.988647
-0.363159,-0.125244,0.746460
-0.001831,0.165283,1.010376
0.212036,-0.410767,0.852783
-0.588379,0.143921,0.777222
0.437134,-0.179810,1.010132
-0.226685,-0.235107,0.750610
-0.111816,0.210205,0.961792
0.276001,-0.355103,0.888672
-0.606445,0.101318,0.754028
0.423584,-0.175903,1.020874
-0.148315,-0.364990,0.724121
-0.184814,0.199951,0.934082
0.335205,-0.332275,0.899414
-0.602905,0.091919,0.746460
0.374756,-0.152222,0.998169
-0.082642,-0.377197,0.752563
-0.280273,0.176514,0.877686
0.366455,-0.299561,0.919312
-0.582275,0.050171,0.719849
0.293579,-0.096436,0.988281
-0.041504,-0.391479,0.759155
-0.355713,0.166870,0.859619
0.396973,-0.280518,0.935303
-0.558716,0.038330,0.721069
0.187134,0.021606,0.980835
0.004639,-0.406738,0.775146
-0.424561,0.146851,0.844604
0.418091,-0.257935,0.973999
-0.517700,-0.011353,0.717041
0.105225,0.120361,0.997681
0.084717,-0.390503,0.799927
-0.529175,0.174561,0.831543
0.436523,-0.238525,0.998657
-0.393799,-0.119751,0.746338
0.024902,0.206787,1.021851
0.144409,-0.366821,0.829346
-0.599243,0.141113,0.786377
0.440552,-0.241577,1.009644
-0.300293,-0.261597,0.717285
-0.042847,0.218262,0.984985
0.208496,-0.309570,0.838257
-0.606812,0.164185,0.754639
0.422241,-0.227295,0.982788
-0.227661,-0.353271,0.710083
-0.119873,0.150024,0.958252
0.266602,-0.351562,0.882690
-0.633789,0.137817,0.750488
0.404297,-0.150146,1.010376
-0.164185,-0.326660,0.725708
-0.221680,0.167114,0.922607
0.319946,-0.371704,0.899658
-0.601562,0.067261,0.739868
0.368164,-0.138916,1.004761
-0.148682,-0.350220,0.715698
-0.310913,0.189209,0.880981
0.368530,-0.345459,0.927124
-0.576538,0.027222,0.732056
0.310181,-0.082886,1.013184
-0.104004,-0.392822,0.735718
-0.364136,0.179321,0.875854
0.369629,-0.318970,0.931152
-0.574951,-0.004272,0.703125
0.238281,-0.045410,1.003540
-0.036987,-0.393433,0.779297
-0.449951,0.227295,0.872803
0.387207,-0.282349,0.959473
-0.546875,-0.079712,0.690674
0.162109,0.001953,1.003052
0.019775,-0.428711,0.778198
-0.500732,0.215576,0.871094
0.429565,-0.278687,0.988037
-0.488770,-0.073853,0.736450
0.059082,0.086914,1.002563
0.103271,-0.394043,0.830444
-0.550903,0.140625,0.825562
0.433472,-0.242920,1.016846
-0.417725,-0.187866,0.696167
0.004395,0.141968,1.015381
0.176758,-0.393799,0.843628
-0.589355,0.134155,0.813232
0.434937,-0.258301,1.017456
-0.329102,-0.257568,0.714844
-0.062134,0.171509,1.000977
0.220093,-0.383179,0.864380
-0.587402,0.106934,0.793091
0.434570,-0.212402,1.036255
-0.265137,-0.321411,0.703003
-0.133301,0.152588,0.973755
0.279663,-0.400635,0.893311
-0.583252,0.072021,0.772095
0.411987,-0.170044,1.038574
-0.212280,-0.323242,0.713135
-0.223389,0.184326,0.963989
0.342285,-0.412964,0.911377
-0.585571,0.018799,0.748291
0.389771,-0.160522,1.051147
-0.164673,-0.331055,0.740601
-0.315796,0.196533,0.926025
0.384399,-0.358032,0.947144
-0.555908,-0.053711,0.724854
0.328735,-0.103638,1.060059
-0.117554,-0.365479,0.761719
-0.366089,0.198486,0.919434
0.402954,-0.322998,0.972900
-0.531372,-0.035645,0.736206
0.228149,-0.024292,1.048950
-0.017822,-0.373779,0.815674
-0.433716,0.154175,0.876709
0.418579,-0.282227,1.007935
-0.490723,-0.141724,0.710327
0.137329,0.039917,1.041748
0.087891,-0.418335,0.839111
-0.483032,0.143433,0.860840
0.438721,-0.236206,1.042236
-0.422607,-0.167236,0.743774
0.053589,0.096924,1.036987
0.163208,-0.419067,0.859741
-0.518677,0.086548,0.827271
0.454712,-0.224243,1.051270
-0.317993,-0.257080,0.733765
-0.045654,0.126343,1.007446
0.258057,-0.403442,0.885254
-0.531006,0.059204,0.807129
0.461426,-0.219116,1.065552
-0.234131,-0.316650,0.740356
-0.134399,0.138916,0.986572
0.319336,-0.405884,0.920654
-0.539551,0.008789,0.790405
0.442383,-0.197876,1.084717
-0.174316,-0.347900,0.747803
-0.202271,0.177979,0.991699
0.370972,-0.348755,0.948364
-0.541016,0.034790,0.776245
0.376709,-0.183472,1.068115
-0.122803,-0.406494,0.777222
-0.235596,0.126099,0.970337
0.403687,-0.315552,0.984009
-0.529297,0.021362,0.762695
0.321655,-0.091309,1.091309
-0.023071,-0.387207,0.828979
-0.332031,0.146484,0.944580
0.563843,-0.284424,1.123901
-0.466675,-0.078491,0.757812
0.227783,0.061646,1.112671
0.056030,-0.343262,0.866699
-0.424438,0.050659,0.872803
0.572998,-0.278564,1.148315
-0.266602,-0.258301,0.829346
0.060791,0.179077,1.121704
0.314941,-0.389404,0.959229
-0.459839,0.043945,0.849731
0.552002,-0.233276,1.152466
-0.169556,-0.318359,0.848267
-0.005737,0.159302,1.081787
0.371582,-0.349365,0.991333
-0.450439,0.014771,0.839722
0.532349,-0.170654,1.165527
-0.061646,-0.365479,0.862549
-0.089233,0.160278,1.067261
0.418823,-0.348389,1.026123
-0.438354,-0.040161,0.840210
0.500122,-0.130249,1.171021
-0.029419,-0.315186,0.868164
-0.159424,0.219971,1.060791
0.468262,-0.315186,1.068115
-0.448486,-0.087891,0.830688
0.470703,-0.109009,1.195923
0.010254,-0.326904,0.891235
-0.220459,0.243652,1.044312
0.505127,-0.284180,1.088623
-0.420410,-0.106689,0.818481
0.387451,-0.096924,1.158813
0.074097,-0.385376,0.916138
-0.268433,0.209717,1.002808
0.527344,-0.249390,1.116089
-0.367676,-0.146118,0.823120
0.309570,-0.018433,1.145630
0.164062,-0.421631,0.935791
-0.319214,0.160522,0.956665
0.553101,-0.246460,1.117065
-0.328857,-0.183594,0.826416
0.206543,0.060425,1.128174
0.255493,-0.441284,0.953125
-0.354858,0.110352,0.923584
0.557495,-0.191406,1.146362
-0.267944,-0.191895,0.848511
0.105591,0.121704,1.107666
0.331421,-0.461792,0.980835
-0.407104,0.066650,0.894531
0.543701,-0.145264,1.163086
-0.197754,-0.217651,0.859985
0.017822,0.194702,1.118042
0.397949,-0.422607,1.012207
-0.433716,-0.002686,0.852661
0.519531,-0.108521,1.171509
-0.113770,-0.244629,0.874756
-0.056763,0.215942,1.105347
0.449097,-0.413208,1.022583
-0.437378,-0.028687,0.853516
0.486084,-0.110840,1.154175
0.017212,-0.314697,0.908447
-0.152832,0.245117,1.077393
0.469971,-0.328125,1.064209
-0.417114,-0.090942,0.823364
0.426514,-0.074097,1.165527
0.056519,-0.348999,0.910156
-0.225464,0.212524,1.036011
0.512573,-0.288818,1.089478
-0.393677,-0.120483,0.826416
0.331543,-0.030029,1.135742
0.128174,-0.376953,0.926758
-0.275757,0.178589,0.996704
0.530273,-0.238037,1.108765
-0.370483,-0.128296,0.818359
0.244995,0.024780,1.108032
0.226074,-0.469238,0.922607
-0.358154,0.105225,0.914917
0.562012,-0.240234,1.119385
-0.304565,-0.178467,0.821533
0.107422,0.141602,1.103882
0.325073,-0.497437,0.954468
-0.407593,0.049072,0.869019
0.528442,-0.174927,1.141235
-0.227051,-0.200684,0.843628
-0.000854,0.193604,1.064819
0.386597,-0.431030,0.994263
-0.438232,-0.010864,0.841553
0.496338,-0.149292,1.144165
-0.123657,-0.273926,0.856812
-0.092285,0.215942,1.054077
0.424927,-0.360718,1.013916
-0.455200,-0.039917,0.811890
0.463257,-0.128296,1.146118
0.003418,-0.365967,0.866821
-0.174683,0.230835,1.038818
0.458252,-0.336060,1.032959
-0.452148,-0.070923,0.800171
0.392334,-0.100098,1.112671
0.078491,-0.419678,0.867065
-0.233643,0.193481,1.002075
0.483765,-0.285034,1.055786
-0.428589,-0.102905,0.785034
0.314575,-0.047607,1.101196
0.107544,-0.435425,0.865112
-0.306763,0.164429,0.962646
0.498169,-0.280151,1.058960
-0.382812,-0.127808,0.799194
0.213257,0.035400,1.086060
0.191284,-0.471680,0.901978
-0.397705,0.109253,0.893921
0.538940,-0.284790,1.084961
-0.340576,-0.178833,0.789673
0.107300,0.127930,1.076782
0.250732,-0.465210,0.896362
-0.418945,0.055664,0.838745
0.521973,-0.264893,1.067627
-0.281616,-0.226318,0.819214
0.019043,0.144531,1.046509
0.320801,-0.430908,0.929565
-0.461914,0.032837,0.790771
0.480591,-0.220215,1.071045
-0.205444,-0.253540,0.828979
-0.057861,0.154541,1.029907
0.374878,-0.441528,0.953125
-0.495728,0.009766,0.782104
0.435791,-0.157471,1.071533
-0.123291,-0.291260,0.817993
-0.128906,0.183594,1.021851
0.408325,-0.440552,0.963501
-0.501587,-0.034058,0.783691
0.396484,-0.122681,1.073853
-0.017700,-0.343750,0.820190
-0.214478,0.189087,0.973633
0.437134,-0.393555,0.982910
-0.472900,-0.116577,0.763184
0.340332,-0.104858,1.063110
0.058594,-0.419434,0.821655
-0.306641,0.198730,0.939087
0.476929,-0.326416,1.015747
-0.437500,-0.150879,0.771851
0.231445,-0.048828,1.043213
0.102173,-0.466797,0.815674
-0.356201,0.108887,0.861206
0.479858,-0.272827,1.024048
-0.407471,-0.151489,0.775757
0.133789,0.016724,1.024658
0.159302,-0.474976,0.827393
-0.417847,0.071777,0.807617
0.473633,-0.233765,1.040894
-0.343750,-0.168945,0.780518
0.023682,0.109253,1.027710
0.270264,-0.509033,0.867920
-0.494385,0.031982,0.769287
0.446289,-0.210327,1.035278
-0.248047,-0.230713,0.784546
-0.079346,0.179321,1.006348
0.341919,-0.476807,0.914795
-0.539062,-0.009155,0.755981
0.416748,-0.158081,1.049561
-0.101074,-0.328613,0.791382
-0.182007,0.204956,0.985962
0.392578,-0.402710,0.941040
-0.529541,-0.037964,0.753174
0.351440,-0.152344,1.014404
0.018555,-0.424805,0.794556
-0.270508,0.155518,0.901733
0.435181,-0.336304,0.975586
-0.494629,-0.053467,0.769653
0.236938,-0.069458,1.003906
0.074585,-0.494629,0.774658
-0.354370,0.080566,0.832397
0.463867,-0.310303,1.001953
-0.462158,-0.116089,0.746460
0.124634,0.054443,1.014038
0.130615,-0.452148,0.813599
-0.454712,0.085693,0.803589
0.466064,-0.279663,1.017334
-0.346313,-0.195435,0.769775
0.020142,0.164062,1.021484
0.196899,-0.409790,0.832275
-0.514404,0.056030,0.742676
0.474609,-0.293335,1.027832
-0.285156,-0.233643,0.783081
-0.063843,0.130127,0.983154
0.300537,-0.429199,0.882080
-0.570190,0.110352,0.740356
0.421997,-0.207275,1.010742
-0.137695,-0.284180,0.822876
-0.139526,0.136841,0.960693
0.333008,-0.429565,0.900024
-0.571045,0.052368,0.742065
0.379272,-0.130737,1.015503
-0.054443,-0.346436,0.786499
-0.220581,0.174927,0.928711
0.380005,-0.394287,0.940430
-0.560303,-0.015747,0.736084
0.334229,-0.135132,0.995483
0.015991,-0.423950,0.785034
-0.309082,0.194580,0.877563
0.414429,-0.331787,0.947021
-0.509888,-0.081177,0.734985
0.257935,-0.073608,1.004272
0.043335,-0.445435,0.777588
-0.372925,0.148315,0.834106
0.438721,-0.322266,0.952026
-0.480469,-0.072144,0.744019
0.173950,0.026733,1.004028
0.087769,-0.439453,0.775146
-0.423096,0.120728,0.804932
0.460205,-0.309082,0.969482
-0.459717,-0.108398,0.753296
0.087891,0.072388,1.000000
0.133057,-0.447021,0.798828
-0.470093,0.117432,0.788940
0.466431,-0.248535,1.002197
-0.394165,-0.118652,0.764404
0.007080,0.112305,0.990845
0.206055,-0.462402,0.838501
-0.554199,0.110718,0.748535
0.452637,-0.182983,1.036621
-0.273926,-0.204834,0.766113
-0.063477,0.186890,1.016479
0.257446,-0.469849,0.846558
-0.584961,0.097900,0.757324
0.454590,-0.199829,1.014282
-0.175659,-0.201416,0.803833
-0.165649,0.227417,0.950684
0.322510,-0.403687,0.883179
-0.566772,0.052368,0.746826
0.401489,-0.143799,1.022583
-0.098267,-0.317017,0.781250
-0.206421,0.204712,0.935913
0.358521,-0.384399,0.901367
-0.571899,0.068115,0.752197
0.344360,-0.090210,0.990845
-0.017334,-0.369995,0.776611
-0.256226,0.177490,0.902710
0.369019,-0.336426,0.919312
-0.555542,-0.003174,0.736450
0.299072,-0.064941,0.986328
0.003540,-0.407349,0.746826
-0.350342,0.190796,0.854492
0.425659,-0.296509,0.957520
-0.526611,-0.062134,0.711426
0.206299,0.000610,0.988647
0.051392,-0.419800,0.768555
-0.436646,0.181274,0.823730
0.445557,-0.250244,0.975098
-0.463013,-0.053833,0.746948
0.102783,0.059570,0.984131
0.096436,-0.419556,0.802979
-0.496460,0.163696,0.810791
0.450684,-0.198975,0.995850
-0.400024,-0.102783,0.750977
0.011963,0.147705,1.001221
0.193970,-0.433716,0.833740
-0.555298,0.128296,0.790161
0.422241,-0.155762,1.012085
-0.266113,-0.221313,0.744873
-0.081299,0.201660,0.983765
0.277466,-0.378540,0.889771
-0.590820,0.093262,0.748413
0.414795,-0.142456,1.025757
-0.140869,-0.329468,0.737061
-0.174194,0.226685,0.946899
0.330933,-0.345825,0.891846
-0.591553,0.076050,0.755615
0.375488,-0.144043,1.011597
-0.082153,-0.379395,0.745728
-0.282227,0.206421,0.884644
0.374023,-0.299438,0.921997
-0.559692,0.012573,0.737061
0.293091,-0.074951,0.994263
-0.029419,-0.418945,0.749268
-0.359863,0.178345,0.851196
0.397461,-0.280884,0.934692
-0.545288,-0.001465,0.734375
0.185669,0.000122,0.991455
0.042969,-0.418823,0.786865
-0.454834,0.174927,0.833862
0.418701,-0.218872,0.971191
-0.474976,-0.031738,0.729858
0.094727,0.135620,1.016846
0.106323,-0.410645,0.803345
-0.541992,0.143921,0.805420
0.434570,-0.202271,0.997437
-0.360596,-0.151001,0.742676
-0.005371,0.193237,1.000488
0.184204,-0.374146,0.843506
-0.569092,0.132080,0.793701
0.417847,-0.190063,1.005615
-0.269531,-0.246826,0.732544
-0.094849,0.176147,0.964111
0.268433,-0.359375,0.884888
-0.607178,0.128784,0.771362
0.395386,-0.157349,1.015747
-0.179443,-0.351318,0.733276
-0.194580,0.167114,0.920410
0.334717,-0.348999,0.902710
-0.602783,0.103760,0.754150
0.334473,-0.085205,1.012939
-0.108887,-0.356934,0.737183
-0.283203,0.157104,0.883179
0.363037,-0.340576,0.914551
-0.574341,0.026611,0.716919
0.294556,-0.058472,1.002075
-0.075317,-0.382202,0.724731
-0.371216,0.210815,0.874512
0.395752,-0.319824,0.941284
-0.555420,-0.054199,0.709351
0.196899,-0.029053,0.990112
-0.020386,-0.399902,0.764648
-0.453003,0.224121,0.858398
0.418335,-0.267700,0.954956
-0.517090,-0.039429,0.729370
0.105469,0.033813,0.992432
0.080078,-0.442139,0.805908
-0.525879,0.180054,0.829590
0.411255,-0.213379,0.984619
-0.429810,-0.096802,0.745239
0.019653,0.128174,1.010010
0.159180,-0.424316,0.843872
-0.575439,0.151611,0.810913
0.402832,-0.196167,0.998413
-0.337646,-0.193237,0.725098
-0.053589,0.159668,0.993896
0.231934,-0.405396,0.873657
-0.608154,0.115967,0.778564
0.403687,-0.177124,1.011963
-0.233398,-0.277466,0.722656
-0.141968,0.182251,0.975220
0.280640,-0.356445,0.904663
-0.604980,0.060059,0.746948
0.388306,-0.166992,1.027832
-0.183716,-0.352051,0.714966
-0.228882,0.184448,0.935303
0.328369,-0.357666,0.909912
-0.599365,0.029785,0.737061
0.338501,-0.142822,1.019287
-0.136353,-0.382690,0.719849
-0.331787,0.182007,0.891357
0.383789,-0.341187,0.943359
-0.578003,0.005127,0.729370
0.256348,-0.064209,1.023926
-0.079956,-0.387573,0.764404
-0.410400,0.184692,0.875000
0.391113,-0.290649,0.968140
-0.529907,-0.074585,0.703857
0.182617,0.013062,1.029175
0.009888,-0.413574,0.793091
-0.494629,0.188843,0.855957
0.406494,-0.265869,0.988525
-0.467773,-0.136841,0.721069
0.083008,0.096069,1.027710
0.095825,-0.393433,0.828125
-0.545288,0.154053,0.823242
0.432007,-0.262207,1.005371
-0.374756,-0.222534,0.734009
-0.004639,0.140503,1.024658
0.171753,-0.419067,0.835205
-0.568848,0.107544,0.790771
0.435913,-0.229614,1.025879
-0.282959,-0.296021,0.728638
-0.080566,0.172607,1.002197
0.233643,-0.382568,0.873291
-0.587524,0.064819,0.769775
0.413696,-0.230957,1.027100
-0.226685,-0.348999,0.715332
-0.149414,0.150146,0.974976
0.300415,-0.376709,0.903931
-0.598022,0.044800,0.751343
0.391968,-0.198120,1.036011
-0.176758,-0.334473,0.745972
-0.254395,0.170288,0.943115
0.375732,-0.387085,0.942383
-0.563354,-0.013794,0.746826
0.318359,-0.104736,1.060547
-0.114502,-0.354126,0.776001
-0.342163,0.162231,0.907959
0.420654,-0.363647,0.976562
-0.548950,-0.041992,0.733643
0.246582,-0.028076,1.059692
-0.038818,-0.358154,0.786621
-0.414062,0.189697,0.901123
0.444458,-0.338989,0.997192
-0.484985,-0.132446,0.740234
0.147949,0.025757,1.040283
0.067261,-0.377808,0.828125
-0.491455,0.172729,0.855225
0.478516,-0.291382,1.045166
-0.410767,-0.228638,0.732422
0.045776,0.065063,1.029907
0.183594,-0.403198,0.870850
-0.518799,0.103882,0.821045
0.461792,-0.185425,1.068970
-0.257935,-0.280151,0.764282
-0.072266,0.122925,1.010620
0.276367,-0.418701,0.901489
-0.531006,0.030151,0.787842
0.442871,-0.190063,1.061646
-0.193115,-0.304321,0.744873
-0.179077,0.167603,0.999268
0.367432,-0.368408,0.967163
-0.525635,-0.037964,0.768311
0.385742,-0.120483,1.088013
-0.131470,-0.292236,0.792114
-0.287598,0.170288,0.954346
0.434692,-0.351929,1.014648
-0.519531,-0.116089,0.751953
0.301514,-0.075684,1.085327
-0.012207,-0.345703,0.822632
-0.380249,0.177612,0.905029
0.472656,-0.278442,1.050537
-0.427002,-0.178711,0.752930
0.175537,0.008545,1.072388
0.113281,-0.425293,0.854492
-0.450073,0.146851,0.869263
0.496460,-0.235352,1.072388
-0.354492,-0.222290,0.774780
0.060303,0.105591,1.057129
0.226196,-0.382935,0.913696
-0.493774,0.062256,0.821533
0.500122,-0.239136,1.089844
-0.207031,-0.336182,0.792358
-0.036011,0.154053,1.054443
0.290161,-0.371826,0.913574
-0.495361,0.032104,0.797485
0.496826,-0.206787,1.115845
-0.124023,-0.349121,0.813721
-0.138428,0.141479,1.007935
0.371582,-0.372437,0.964844
-0.512939,-0.014893,0.786377
0.454468,-0.137207,1.143188
-0.073975,-0.320435,0.834717
-0.230469,0.188721,1.003296
0.444824,-0.331665,1.030151
-0.500000,-0.046875,0.782837
0.375977,-0.112305,1.125854
0.017090,-0.349731,0.856812
-0.314087,0.188354,0.968872
0.498535,-0.283325,1.072388
-0.424927,-0.126343,0.771729
0.249634,0.011230,1.126099
0.120117,-0.429688,0.883545
-0.364136,0.143066,0.929077
0.514038,-0.236694,1.104980
-0.349609,-0.210815,0.790649
0.133423,0.082520,1.096680
0.219971,-0.394043,0.923340
-0.407104,0.107910,0.898560
0.543335,-0.223511,1.129639
-0.257446,-0.250977,0.828247
0.021606,0.118896,1.077026
0.307129,-0.384521,0.959717
-0.461060,0.035767,0.848877
0.538940,-0.192383,1.145508
-0.104248,-0.323608,0.854248
-0.063477,0.176514,1.075928
0.369385,-0.344238,0.994629
-0.458130,-0.021240,0.824341
0.508667,-0.155273,1.162109
-0.061035,-0.313354,0.856445
-0.164307,0.197510,1.056763
0.448853,-0.331055,1.044800
-0.469971,-0.045898,0.809937
0.423706,-0.072144,1.175415
0.019897,-0.360596,0.881592
-0.246826,0.194702,1.031250
0.511475,-0.285522,1.103027
-0.424194,-0.107422,0.809204
0.322510,-0.020020,1.150757
0.128784,-0.406128,0.905029
-0.316040,0.163208,0.961914
0.536011,-0.240723,1.118164
-0.352051,-0.171875,0.800659
0.207520,0.048096,1.124146
0.240967,-0.443848,0.948730
-0.384766,0.107422,0.925659
0.563721,-0.210938,1.149658
-0.276978,-0.203125,0.829102
0.085938,0.154175,1.105713
0.322998,-0.395142,0.984375
-0.413574,0.052734,0.890869
0.557617,-0.207275,1.162720
-0.181885,-0.252686,0.857178
-0.008911,0.193237,1.091797
0.383179,-0.359253,1.005615
-0.431030,0.003784,0.853516
0.528931,-0.173706,1.171753
-0.048218,-0.328003,0.894043
-0.103271,0.187744,1.075806
0.445801,-0.352417,1.029053
-0.440552,-0.024414,0.842651
0.472778,-0.104370,1.178223
0.013916,-0.344238,0.897339
-0.189697,0.208740,1.048096
0.493042,-0.296387,1.085083
-0.409180,-0.092407,0.819580
0.375732,-0.008667,1.165649
0.090698,-0.363403,0.918335
-0.263794,0.185181,1.018921
0.552490,-0.264160,1.140747
-0.378540,-0.139038,0.821655
0.268921,0.031006,1.139282
0.208984,-0.403687,0.939087
-0.334717,0.124390,0.938232
0.575317,-0.232788,1.153320
-0.304688,-0.204102,0.838867
0.133423,0.108643,1.111450
0.310913,-0.437134,0.970703
-0.403564,0.102173,0.892090
0.559204,-0.160889,1.158569
-0.199463,-0.226196,0.861816
0.015747,0.183716,1.099976
0.385620,-0.411377,1.002075
-0.429688,0.005249,0.854370
0.526123,-0.135864,1.171387
-0.084351,-0.272949,0.882690
-0.087646,0.217773,1.094727
0.450317,-0.350220,1.044312
-0.432739,-0.046387,0.837524
0.469116,-0.102783,1.169556
0.051758,-0.350220,0.907227
-0.199829,0.226440,1.045410
0.507324,-0.303955,1.080322
-0.400269,-0.092285,0.833496
0.372925,-0.036499,1.146606
0.083374,-0.358032,0.908936
-0.271240,0.192383,1.002930
0.556274,-0.266846,1.130249
-0.356079,-0.158325,0.824463
0.239990,0.051392,1.128418
0.197021,-0.418335,0.924805
-0.340698,0.114014,0.920654
0.562500,-0.248779,1.138428
-0.288696,-0.223145,0.825684
0.116821,0.128296,1.100220
0.312012,-0.429199,0.956543
-0.414429,0.066772,0.853394
0.537231,-0.200439,1.131226
-0.187744,-0.253784,0.843994
-0.000610,0.176025,1.084351
0.390625,-0.393677,1.004517
-0.468018,0.032104,0.838135
0.490234,-0.137939,1.137451
-0.053345,-0.306519,0.876099
-0.110352,0.219360,1.071777
0.445923,-0.358765,1.032837
-0.462158,-0.015381,0.808350
0.416504,-0.078979,1.132690
0.066406,-0.388306,0.888916
-0.199707,0.180908,1.032715
0.497925,-0.329468,1.081543
-0.442993,-0.105957,0.781738
0.319336,-0.026978,1.105957
0.118408,-0.396362,0.887817
-0.309692,0.205444,0.988037
0.524048,-0.277832,1.093262
-0.366455,-0.182129,0.807129
0.200684,0.035034,1.074707
0.210815,-0.438599,0.906128
-0.392944,0.087402,0.867676
0.543945,-0.257568,1.105469
-0.290161,-0.228149,0.798584
0.081787,0.123535,1.072632
0.296143,-0.454712,0.921265
-0.448730,0.057983,0.812378
0.517822,-0.237793,1.091187
-0.221558,-0.238037,0.823853
-0.014404,0.178711,1.080811
0.361572,-0.472656,0.946411
-0.483887,0.043457,0.815552
0.481323,-0.163452,1.093262
-0.122925,-0.245728,0.856934
-0.113892,0.228882,1.059692
0.407715,-0.430298,0.977905
-0.483398,-0.018311,0.785034
0.424927,-0.124268,1.090454
-0.011597,-0.313843,0.869141
-0.183350,0.225098,1.040039
0.441284,-0.410522,0.999756
-0.480957,-0.078979,0.768433
0.374146,-0.125610,1.077759
0.058472,-0.391968,0.852417
-0.240356,0.195068,0.970093
0.471313,-0.325684,1.018066
-0.440796,-0.105469,0.775757
0.296021,-0.061768,1.069702
0.108765,-0.463745,0.832764
-0.330566,0.152344,0.923340
0.480957,-0.316650,1.020752
-0.422241,-0.141235,0.774658
0.210693,-0.005005,1.052856
0.144653,-0.429199,0.852417
-0.387207,0.131714,0.871704
0.500000,-0.277344,1.043091
-0.378174,-0.194702,0.762573
0.089966,0.040161,1.022217
0.239014,-0.496704,0.863037
-0.445557,0.061279,0.792480
0.489990,-0.240723,1.046265
-0.296265,-0.160400,0.810181
-0.011230,0.125000,1.027222
0.317383,-0.501587,0.898682
-0.498779,0.000366,0.762207
0.452637,-0.186646,1.066528
-0.194580,-0.242798,0.805420
-0.118896,0.205933,1.009033
0.374146,-0.444092,0.947632
-0.520142,-0.023071,0.759766
0.414307,-0.146973,1.075684
-0.062012,-0.352905,0.816406
-0.200317,0.199463,0.987915
0.397827,-0.404541,0.958496
-0.509277,-0.063721,0.740845
0.346802,-0.116699,1.039062
0.039551,-0.419922,0.816162
-0.263428,0.178467,0.930176
0.426270,-0.343750,0.965332
-0.497925,-0.070923,0.760254
0.254883,-0.088623,1.011353
0.084229,-0.491699,0.793213
-0.336060,0.111816,0.859741
0.467896,-0.306641,1.007935
-0.455444,-0.116089,0.747559
0.152954,0.007080,1.000854
0.114380,-0.481812,0.788696
-0.410767,0.060669,0.805420
0.482666,-0.293091,1.016968
-0.375488,-0.169800,0.762939
0.028564,0.136475,1.011841
0.202881,-0.466431,0.830688
-0.480713,0.016235,0.762695
0.479614,-0.291382,1.020142
-0.286011,-0.226196,0.783325
-0.071289,0.214844,1.016113
0.273315,-0.410400,0.876709
-0.530151,0.022949,0.755615
0.449097,-0.257080,1.026367
-0.182251,-0.282104,0.800537
-0.139526,0.194214,0.991577
0.319824,-0.385376,0.903564
-0.546631,0.042114,0.764893
0.395630,-0.189331,1.029175
-0.044800,-0.391113,0.805298
-0.206299,0.156372,0.941772
0.374268,-0.379517,0.922485
-0.531128,0.005737,0.740845
0.314453,-0.073486,1.007202
0.034058,-0.403442,0.794067
-0.298584,0.114258,0.866211
0.427856,-0.395020,0.947998
-0.496216,-0.089355,0.741577
0.206665,-0.009766,0.994507
0.068359,-0.418335,0.768555
-0.406250,0.152344,0.831177
0.458740,-0.312012,0.982910
-0.425781,-0.165894,0.756592
0.093262,0.063232,0.995972
0.108643,-0.430298,0.790039
-0.461792,0.095947,0.776367
0.465820,-0.271362,0.995483
-0.360718,-0.210205,0.763794
-0.003662,0.122925,0.999023
0.208374,-0.435669,0.837402
-0.542358,0.084106,0.753296
0.452271,-0.249756,0.997192
-0.248657,-0.247681,0.774902
-0.100464,0.169556,0.972656
0.288086,-0.399414,0.886597
-0.545776,0.052490,0.745483
0.426270,-0.177124,1.024658
-0.125977,-0.288086,0.778076
-0.210571,0.187134,0.928101
0.360107,-0.400391,0.912842
-0.549683,-0.012939,0.738647
0.356323,-0.099365,1.027832
-0.031982,-0.389404,0.752319
-0.287720,0.186157,0.880371
0.434570,-0.272461,0.958496
-0.483154,-0.043091,0.754395
0.127197,0.044556,0.995361
0.058105,-0.408325,0.789429
-0.487183,0.158447,0.807983
0.446777,-0.230347,0.985596
-0.383911,-0.129761,0.760742
0.029053,0.144165,1.004517
0.158936,-0.384888,0.832642
-0.563965,0.160278,0.792236
0.422485,-0.194824,1.000000
-0.246094,-0.264160,0.744019
-0.084351,0.193237,0.982300
0.274048,-0.353149,0.889893
-0.589722,0.117676,0.769043
0.396484,-0.138184,1.019897
-0.149292,-0.359741,0.722778
-0.202026,0.175659,0.913208
0.355225,-0.336670,0.915161
-0.579102,0.080688,0.756470
0.322510,-0.054321,1.016235
-0.076294,-0.375366,0.741577
-0.332153,0.178589,0.858765
0.385254,-0.317017,0.937256
-0.547119,-0.022949,0.708740
0.225708,0.009033,1.003906
-0.021484,-0.391846,0.744995
-0.439453,0.215576,0.863525
0.426147,-0.300903,0.950928
-0.477905,-0.084717,0.737305
0.122559,0.074219,1.008545
0.064087,-0.371460,0.799805
-0.541992,0.224854,0.820312
0.442017,-0.232788,0.983643
-0.366577,-0.169800,0.748169
0.026855,0.106689,1.005737
0.154541,-0.386841,0.836914
-0.597046,0.196289,0.789551
0.422363,-0.193726,0.993164
-0.257202,-0.277466,0.729614
-0.088501,0.169556,0.986694
0.269653,-0.367798,0.885986
-0.606934,0.150513,0.775879
0.372437,-0.130859,0.995605
-0.168213,-0.337769,0.729736
-0.219482,0.164185,0.925537
0.341797,-0.366943,0.912720
-0.595825,0.049194,0.730347
0.314453,-0.068115,1.014404
-0.108521,-0.386353,0.709473
-0.340088,0.211914,0.885498
0.383301,-0.324219,0.919678
-0.556763,-0.031494,0.702148
0.219482,-0.029663,0.994141
-0.033813,-0.403198,0.760620
-0.460083,0.234131,0.861328
0.418701,-0.289795,0.954712
-0.484741,-0.097046,0.738892
0.082153,0.077393,0.999390
0.069336,-0.392822,0.815674
-0.537964,0.193115,0.829712
0.417480,-0.222046,1.006348
-0.366577,-0.182007,0.743774
-0.000244,0.138916,1.011230
0.158447,-0.391235,0.839966
-0.594116,0.146973,0.791626
0.420288,-0.204224,1.009277
-0.243896,-0.313843,0.707764
-0.125122,0.198730,0.985107
0.257690,-0.374390,0.874878
-0.607788,0.093994,0.755493
0.387207,-0.159424,1.014160
-0.176758,-0.371826,0.693726
-0.222412,0.182007,0.941040
0.330322,-0.348633,0.913818
-0.597656,0.023438,0.735352
0.318481,-0.126343,1.006104
-0.131104,-0.399048,0.719360
-0.334351,0.187866,0.900269
0.385254,-0.327393,0.952637
-0.574097,0.014160,0.732422
0.220215,-0.032715,1.008057
-0.044189,-0.406738,0.766479
-0.432739,0.193848,0.875977
0.404907,-0.289429,0.982300
-0.526855,-0.085815,0.717285
0.110840,0.039185,1.006958
0.039429,-0.408203,0.799683
-0.514160,0.164551,0.845093
0.435913,-0.249756,1.016479
-0.427734,-0.165161,0.730713
0.015137,0.132690,1.011719
0.137085,-0.400024,0.831299
-0.564697,0.113159,0.804077
0.440674,-0.254517,1.019287
-0.325317,-0.287109,0.707031
-0.047729,0.139038,0.992920
0.200806,-0.385132,0.849121
-0.609009,0.130859,0.772583
0.456909,-0.268188,1.015137
-0.232544,-0.303589,0.750488
-0.126831,0.151978,0.972534
0.238647,-0.366943,0.873535
-0.590576,0.072266,0.749023
0.430786,-0.244141,1.026611
-0.210938,-0.328735,0.738403
-0.197754,0.147095,0.958496
0.307007,-0.391968,0.903076
-0.586548,0.040161,0.752319
0.370728,-0.137451,1.045166
-0.179688,-0.352295,0.733521
-0.244263,0.152466,0.953369
0.361206,-0.386963,0.930664
-0.584839,0.021118,0.738525
0.331909,-0.103394,1.042603
-0.134888,-0.316284,0.756470
-0.319336,0.179688,0.931396
0.401611,-0.383057,0.961060
-0.556519,-0.047119,0.715820
0.261475,-0.046875,1.036255
-0.067261,-0.334473,0.779785
-0.393188,0.188110,0.905518
0.442383,-0.363037,1.002197
-0.519531,-0.124268,0.710571
0.182007,0.006958,1.039551
0.021851,-0.349487,0.827148
-0.459595,0.183960,0.892578
0.447388,-0.281250,1.025146
-0.457886,-0.185181,0.724854
0.103638,0.087769,1.055542
0.110962,-0.380127,0.842529
-0.508179,0.137817,0.846924
0.489502,-0.294800,1.055298
-0.353882,-0.246216,0.761353
0.008667,0.088501,1.021606
0.189697,-0.364380,0.870483
-0.536987,0.105957,0.806763
0.486206,-0.259644,1.047241
-0.223267,-0.328369,0.776489
-0.080811,0.108032,1.001709
0.264648,-0.379517,0.892822
-0.548950,0.061523,0.779541
0.455688,-0.211914,1.074707
-0.172852,-0.316528,0.796997
-0.176025,0.138428,0.998169
0.354492,-0.361328,0.958496
-0.558838,0.013672,0.753906
0.393066,-0.123657,1.094482
-0.094727,-0.323364,0.803467
-0.287354,0.189453,0.974854
0.417969,-0.365356,0.998535
-0.519531,-0.053589,0.756592
0.295898,-0.049927,1.084229
-0.022827,-0.385498,0.797729
-0.349854,0.167847,0.938354
0.472656,-0.314453,1.045776
-0.455688,-0.134888,0.748901
0.205688,0.012451,1.081787
0.073608,-0.369507,0.862061
-0.426147,0.143433,0.886475
0.519775,-0.306152,1.077148
-0.385986,-0.217285,0.762451
0.089478,0.079590,1.052246
0.168823,-0.380981,0.885986
-0.478149,0.094971,0.842773
0.541504,-0.252930,1.108032
-0.274292,-0.251953,0.804443
0.011108,0.107666,1.044189
0.239746,-0.364624,0.914551
-0.501953,0.050781,0.804810
0.522949,-0.245850,1.100098
-0.168457,-0.336670,0.812256
-0.050659,0.123657,1.039795
0.313477,-0.357544,0.931274
-0.513184,0.054688,0.795044
0.493164,-0.219604,1.103760
-0.111816,-0.355347,0.821411
-0.119995,0.127441,1.033691
0.378296,-0.353027,0.984375
-0.515747,0.036499,0.800659
0.436768,-0.116455,1.135254
-0.068115,-0.335938,0.850342
-0.201782,0.167969,1.043335
0.453735,-0.362671,1.025513
-0.501465,-0.012817,0.784058
0.372070,-0.023560,1.147949
0.003174,-0.327271,0.874268
-0.268921,0.183960,1.010254
0.492188,-0.315918,1.077637
-0.456909,-0.107300,0.780762
0.322998,-0.013550,1.148193
0.065186,-0.373779,0.859497
-0.324463,0.168457,0.968262
0.528442,-0.289917,1.091919
-0.404175,-0.132202,0.786987
0.240356,0.025269,1.123657
0.168579,-0.412720,0.911865
-0.372803,0.141113,0.921753
0.536499,-0.234009,1.125000
-0.340210,-0.214600,0.807617
0.149292,0.054565,1.097534
0.243896,-0.396362,0.941406
-0.411621,0.123535,0.901855
0.552124,-0.201782,1.140381
-0.259155,-0.242065,0.830322
0.052612,0.102173,1.076172
0.321411,-0.415039,0.968872
-0.428345,0.036743,0.866089
0.542236,-0.167358,1.152954
-0.148560,-0.282593,0.864014
-0.046631,0.160889,1.075806
0.378906,-0.370361,1.002808
-0.457153,-0.020996,0.841187
0.510010,-0.143433,1.169800
-0.049438,-0.323120,0.866333
-0.125977,0.218994,1.082886
0.446411,-0.328247,1.043335
-0.483032,-0.023438,0.828857
0.435547,-0.104980,1.168579
0.031372,-0.371460,0.894043
-0.218628,0.197632,1.044556
0.508667,-0.263428,1.123657
-0.423950,-0.084106,0.804810
0.333008,-0.009277,1.151855
0.137451,-0.406616,0.911133
-0.298950,0.145386,0.990112
0.560059,-0.276978,1.142700
-0.357910,-0.165771,0.812500
0.199219,0.096680,1.122681
0.229492,-0.413208,0.939209
-0.381958,0.115479,0.920898
0.586914,-0.267944,1.158569
-0.263306,-0.262329,0.840454
0.097656,0.127441,1.094604
0.306885,-0.379639,0.978760
-0.437012,0.057007,0.875854
0.561035,-0.214233,1.157715
-0.156128,-0.298096,0.863159
0.018311,0.170166,1.109497
0.368164,-0.362915,0.995850
-0.466431,0.085693,0.853638
0.539795,-0.178955,1.160278
-0.024292,-0.354004,0.911377
-0.057617,0.153198,1.091797
0.408813,-0.333496,1.022217
-0.463745,0.017944,0.822632
0.487549,-0.110840,1.170654
0.019165,-0.339233,0.904175
-0.143311,0.215210,1.098999
0.501099,-0.362427,1.082886
-0.468506,-0.017212,0.825317
0.419678,-0.063599,1.161621
0.051147,-0.336792,0.917725
-0.211304,0.208862,1.056152
0.538818,-0.281250,1.129150
-0.440918,-0.056641,0.810913
0.354614,-0.018921,1.160156
0.135376,-0.421631,0.915283
-0.291260,0.184082,1.002930
0.547241,-0.278320,1.131104
-0.385132,-0.104248,0.834473
0.268677,0.023193,1.142456
0.213989,-0.449707,0.939697
-0.350708,0.148804,0.937622
0.570190,-0.267944,1.131348
-0.314331,-0.171997,0.832886
0.170410,0.086792,1.119751
0.293213,-0.441528,0.955566
-0.385498,0.119385,0.900024
0.564941,-0.239258,1.120728
-0.247314,-0.230835,0.846313
0.085083,0.114868,1.090454
0.340942,-0.400757,0.986206
-0.433838,0.081421,0.859253
0.555054,-0.190063,1.155518
-0.172363,-0.248901,0.862305
-0.024170,0.194214,1.090576
0.387817,-0.394531,1.002075
-0.438965,0.023560,0.849731
0.518188,-0.147095,1.155762
-0.072998,-0.275757,0.895874
-0.106567,0.220337,1.081299
0.437866,-0.362549,1.034302
-0.427368,-0.045166,0.836670
0.454712,-0.100830,1.150146
0.042358,-0.339600,0.913940
-0.184692,0.213135,1.040649
0.487671,-0.323364,1.066895
-0.421631,-0.081543,0.813965
0.383911,-0.055176,1.137939
0.079468,-0.369995,0.893799
-0.258179,0.192017,1.000977
0.523804,-0.303955,1.090942
-0.391479,-0.118530,0.818604
0.274170,0.007324,1.107666
0.161011,-0.433838,0.905762
-0.344482,0.139771,0.937866
0.548950,-0.277466,1.108276
-0.342529,-0.194458,0.799805
0.168335,0.092896,1.093018
0.242310,-0.452759,0.903076
-0.416992,0.078003,0.852051
0.547241,-0.262817,1.114258
-0.257080,-0.257690,0.817139
0.053833,0.124146,1.054199
0.303345,-0.421509,0.940796
-0.468506,0.060303,0.818970
0.543457,-0.285645,1.095947
-0.194092,-0.267700,0.839478
-0.023438,0.178589,1.064209
0.355957,-0.382202,0.971924
-0.486572,0.046753,0.823242
0.494385,-0.232910,1.100708
-0.127808,-0.301514,0.867188
-0.088501,0.184326,1.064575
0.413208,-0.409424,0.999268
-0.484741,0.011963,0.806519
0.435059,-0.130737,1.092041
-0.043213,-0.298096,0.874146
-0.164551,0.191040,1.043579
0.437622,-0.412720,1.008179
-0.476807,-0.066650,0.781494
0.392822,-0.085815,1.086304
0.052002,-0.370850,0.864380
-0.229492,0.216919,1.015869
0.452637,-0.366333,1.021729
-0.446411,-0.125977,0.780762
0.336670,-0.091309,1.072632
0.078613,-0.415039,0.843384
-0.282104,0.179443,0.960815
0.484375,-0.306885,1.037720
-0.435913,-0.116821,0.776001
0.262085,-0.045776,1.056885
0.113037,-0.433105,0.841797
-0.340942,0.120605,0.903198
0.496826,-0.297974,1.050415
-0.407837,-0.159912,0.762939
0.164062,0.043945,1.047485
0.165649,-0.472778,0.844238
-0.397461,0.088013,0.862915
0.525513,-0.288452,1.060425
-0.351074,-0.193848,0.766357
0.054810,0.137817,1.040527
0.225586,-0.452759,0.864136
-0.439453,0.015747,0.801270
0.515015,-0.280396,1.065918
-0.287964,-0.244873,0.785156
-0.013306,0.169312,1.050781
0.288086,-0.427490,0.884644
-0.509033,0.052856,0.772217
0.470947,-0.268311,1.047119
-0.174805,-0.298096,0.827515
-0.081421,0.179688,1.016724
0.313477,-0.365479,0.921875
-0.519287,0.042725,0.767090
0.446167,-0.228760,1.038696
-0.103271,-0.324829,0.835938
-0.151489,0.175293,0.994873
0.352173,-0.380859,0.944580
-0.526245,0.008789,0.762329
0.391968,-0.176270,1.032959
-0.007324,-0.401245,0.838623
-0.212891,0.159546,0.958008
0.403687,-0.378906,0.956665
-0.521606,-0.013794,0.738159
0.323364,-0.092041,1.021729
0.042847,-0.416870,0.819336
-0.276123,0.152222,0.935181
0.436768,-0.385986,0.970581
-0.488892,-0.070068,0.748413
0.247070,-0.004395,1.016602
0.074951,-0.394043,0.817383
-0.331909,0.109985,0.878052
0.472168,-0.396973,0.986450
-0.463379,-0.135620,0.733154
0.204956,0.029053,1.032471
0.110840,-0.444580,0.786377
-0.396729,0.166016,0.857666
0.467529,-0.349365,0.973633
-0.440430,-0.123657,0.748047
0.156860,-0.002197,1.003662
0.107178,-0.457153,0.802490
-0.430664,0.111206,0.813354
0.468140,-0.303223,0.981079
-0.430054,-0.110962,0.752075
0.115356,0.062134,1.021606
0.147461,-0.469360,0.817139
-0.459106,0.072510,0.802002
0.453491,-0.302368,0.978516
-0.390137,-0.157104,0.751953
0.050659,0.135498,1.037598
0.201782,-0.446411,0.842896
-0.495728,0.078247,0.779663
0.475952,-0.289429,0.995239
-0.381226,-0.150024,0.747314
0.012085,0.121460,1.023193
0.248413,-0.506958,0.846313
-0.527710,0.071899,0.757935
0.453491,-0.233398,1.002319
-0.307007,-0.173218,0.771729
-0.036987,0.147583,1.002441
0.256836,-0.479370,0.857788
-0.534424,0.035278,0.736084
0.451660,-0.220337,1.013428
-0.234253,-0.203491,0.786621
-0.113770,0.227295,0.997681
0.302002,-0.416382,0.905396
-0.554443,0.003418,0.738892
0.425659,-0.218384,1.020630
-0.204346,-0.271973,0.751709
-0.135498,0.232422,0.976318
0.336792,-0.370117,0.909424
-0.550659,0.016113,0.751587
0.403442,-0.196411,1.017700
-0.129150,-0.321533,0.774292
-0.192871,0.207642,0.937744
0.355713,-0.358887,0.934448
-0.546021,0.000366,0.761719
0.371338,-0.143433,1.010498
-0.063354,-0.365112,0.780884
-0.226685,0.171387,0.901367
0.388916,-0.345947,0.937256
-0.548218,-0.007202,0.754150
0.331299,-0.112061,0.998169
-0.028442,-0.399902,0.767578
-0.296021,0.144043,0.866211
0.415283,-0.355347,0.938477
-0.531250,-0.037720,0.735840
0.276978,-0.029541,1.012329
0.023193,-0.423218,0.755737
-0.372925,0.159302,0.830200
0.440308,-0.337158,0.968872
-0.504272,-0.062744,0.738770
0.199341,0.015503,1.010254
0.069092,-0.434570,0.770386
-0.432617,0.176880,0.803345
0.460083,-0.278564,0.979736
-0.452026,-0.097778,0.761719
0.109131,0.064209,1.008423
0.092651,-0.420410,0.800171
-0.488647,0.140991,0.781494
0.460693,-0.254028,0.996460
-0.366455,-0.159058,0.772583
0.029419,0.124023,1.011963
0.157593,-0.424927,0.814575
-0.538574,0.114258,0.756104
0.453125,-0.203491,0.997925
-0.244995,-0.192871,0.794800
-0.074585,0.172974,0.987793
0.246582,-0.407471,0.858887
-0.578735,0.064209,0.738403
0.431274,-0.189209,1.009888
-0.142944,-0.296631,0.780640
-0.161255,0.215576,0.955933
0.332520,-0.360840,0.900269
-0.593384,0.094116,0.748657
0.364014,-0.133179,0.999146
-0.044800,-0.402588,0.758423
-0.241211,0.161011,0.888794
0.370605,-0.280518,0.938721
-0.554810,0.012085,0.719238
0.272949,-0.041016,0.994141
0.002930,-0.421753,0.749146
-0.333374,0.131836,0.860474
0.418579,-0.272217,0.961060
-0.521118,0.022339,0.739502
0.161743,0.075073,1.002930
0.045410,-0.405396,0.764648
-0.450806,0.152344,0.830200
0.454834,-0.275879,0.986328
-0.442261,-0.097046,0.742188
0.063354,0.164062,1.005005
0.119019,-0.347900,0.816162
-0.535645,0.138184,0.791870
0.456543,-0.276978,0.986816
-0.325806,-0.189453,0.759155
0.005127,0.176025,1.003906
0.178223,-0.335938,0.848999
-0.585938,0.132690,0.758057
0.450317,-0.212524,1.020630
-0.247925,-0.299072,0.735718
-0.079834,0.179443,0.985596
0.290649,-0.396729,0.885132
-0.614380,0.188843,0.768188
0.411255,-0.149658,1.003906
-0.146851,-0.306519,0.750732
-0.158691,0.195923,0.950073
0.306641,-0.339722,0.886841
-0.590820,0.113159,0.760376
0.398682,-0.125732,1.017212
-0.126709,-0.357544,0.723022
-0.236938,0.177856,0.899780
0.351196,-0.328369,0.911011
-0.571533,0.061279,0.748047
0.341553,-0.086060,1.009277
-0.082764,-0.382935,0.722168
-0.320435,0.205688,0.872192
0.384766,-0.326416,0.929565
-0.539795,-0.014282,0.731445
0.281860,-0.057739,1.003418
-0.056274,-0.393188,0.731689
-0.371704,0.190186,0.854980
0.406250,-0.303589,0.939941
-0.551147,-0.038452,0.701904
0.208374,-0.014648,1.001221
0.004639,-0.413208,0.770508
-0.429321,0.191528,0.854858
0.405151,-0.260864,0.947266
-0.513672,-0.033936,0.739014
0.119995,0.056763,0.994751
0.065552,-0.414185,0.800293
-0.507446,0.197754,0.834351
0.432495,-0.242676,0.978149
-0.447998,-0.085327,0.743774
0.033691,0.132690,0.999023
0.140015,-0.396606,0.828613
-0.552734,0.158936,0.807495
0.435425,-0.211792,1.008179
-0.353027,-0.187500,0.736938
-0.040405,0.175659,0.989746
0.211670,-0.399170,0.856689
-0.591431,0.139893,0.789551
0.422974,-0.184692,1.017090
-0.244995,-0.272217,0.733398
-0.118652,0.201904,0.972168
0.262329,-0.367432,0.873291
-0.601440,0.114868,0.760498
0.408691,-0.179077,1.015259
-0.195312,-0.345459,0.704956
-0.200439,0.194824,0.943359
0.321777,-0.358643,0.908081
-0.611816,0.074707,0.750244
0.361328,-0.140869,1.018799
-0.138184,-0.387817,0.707397
-0.296631,0.188110,0.894043
0.372070,-0.325562,0.934082
-0.587524,0.031494,0.727417
0.272949,-0.058960,1.014404
-0.073242,-0.401978,0.739868
-0.394653,0.187744,0.876831
0.392944,-0.288818,0.954956
-0.539673,-0.035645,0.718750
0.170898,0.007568,1.000977
-0.003052,-0.394897,0.771240
-0.504639,0.203613,0.842285
0.416748,-0.252563,0.993042
-0.426636,-0.146851,0.732178
0.051025,0.146484,1.017578
0.085083,-0.378296,0.805176
-0.572632,0.151733,0.811890
0.446777,-0.286621,0.990479
-0.339722,-0.224365,0.729980
-0.026855,0.153687,0.988525
0.184570,-0.345215,0.843384
-0.621338,0.152588,0.776733
0.425415,-0.262085,0.994629
-0.239258,-0.348999,0.736450
-0.109009,0.106812,0.956787
0.240601,-0.367065,0.869995
-0.606201,0.122192,0.739868
0.390747,-0.179321,1.013306
-0.195068,-0.348145,0.718262
-0.197266,0.158936,0.949219
0.312012,-0.389282,0.897095
-0.605103,0.067383,0.748779
0.359497,-0.138550,1.018555
-0.162720,-0.370605,0.712158
-0.275635,0.185669,0.924927
0.352905,-0.371338,0.917358
-0.597778,0.012451,0.741333
0.322632,-0.134644,1.019409
-0.124512,-0.389282,0.729858
-0.348999,0.207031,0.904663
0.379883,-0.341675,0.949341
-0.560059,-0.034912,0.726318
0.235596,-0.067749,1.025757
-0.063110,-0.409912,0.765015
-0.439941,0.211182,0.866333
0.428833,-0.322876,0.966431
-0.536011,-0.055176,0.720093
0.140625,0.012695,1.018921
0.040283,-0.382935,0.821289
-0.511475,0.157104,0.843262
0.441772,-0.313843,0.993408
-0.423096,-0.165771,0.733032
0.049805,0.145630,1.031128
0.103760,-0.355225,0.834717
-0.555908,0.121948,0.801636
0.468750,-0.301758,1.020508
-0.341309,-0.269775,0.735718
-0.023438,0.177490,1.016602
0.182373,-0.391113,0.841064
-0.577026,0.085327,0.776611
0.440796,-0.267212,1.018677
-0.282593,-0.344849,0.705078
-0.072388,0.132812,0.994019
0.249390,-0.389160,0.872314
-0.590088,0.087769,0.765747
0.433716,-0.236572,1.029175
-0.222656,-0.342285,0.721680
-0.156372,0.147339,0.976318
0.289795,-0.377686,0.898682
-0.566284,0.039307,0.769653
0.414795,-0.164673,1.057129
-0.213257,-0.331543,0.713867
-0.208618,0.158447,0.980469
0.346802,-0.409302,0.917358
-0.550903,-0.014771,0.756104
0.383667,-0.133301,1.058594
-0.177979,-0.306885,0.740845
-0.277710,0.192505,0.958374
0.392334,-0.407959,0.952148
-0.549805,-0.060547,0.753906
0.348267,-0.112305,1.075928
-0.127319,-0.337036,0.759644
-0.331543,0.201782,0.932861
0.415405,-0.350098,0.972046
-0.531494,-0.097412,0.730713
0.293701,-0.101074,1.065186
-0.050293,-0.364990,0.801880
-0.392090,0.183594,0.888306
0.434937,-0.286499,1.005005
-0.488403,-0.096680,0.751099
0.205933,-0.040894,1.065796
0.065186,-0.424805,0.842285
-0.453125,0.164795,0.886841
0.449707,-0.246826,1.026611
-0.438965,-0.134888,0.750122
0.122559,0.038086,1.053711
0.157715,-0.398071,0.879150
-0.500000,0.117798,0.840454
0.483398,-0.228027,1.064941
-0.313354,-0.235840,0.767090
0.000610,0.121338,1.039795
0.247925,-0.379395,0.905151
-0.525879,0.045898,0.808228
0.475098,-0.235352,1.077515
-0.210449,-0.333252,0.751221
-0.104980,0.157593,1.023438
0.332886,-0.357422,0.941895
-0.555786,0.034424,0.787598
0.439453,-0.196167,1.085815
-0.117188,-0.342773,0.797852
-0.214478,0.165649,0.983643
0.389771,-0.313599,0.992310
-0.541260,-0.004395,0.778442
0.372803,-0.145142,1.093140
-0.062256,-0.393311,0.807373
-0.286621,0.145142,0.949341
0.447754,-0.312744,1.042969
-0.470459,-0.066406,0.761230
0.261475,0.045410,1.108887
0.031616,-0.369263,0.838989
-0.358887,0.121216,0.937744
0.498657,-0.309814,1.075439
-0.421509,-0.141724,0.779175
0.179443,0.109131,1.103149
0.128662,-0.374756,0.875366
-0.437378,0.110962,0.888428
0.514648,-0.281738,1.094971
-0.353027,-0.239136,0.772949
0.109497,0.127686,1.094360
0.198730,-0.366943,0.898315
-0.473389,0.090088,0.859253
0.529663,-0.250977,1.111084
-0.274414,-0.284668,0.791138
0.029663,0.122803,1.074951
0.276123,-0.400635,0.923462
-0.478027,0.076050,0.844971
0.508789,-0.199219,1.124390
-0.185181,-0.344360,0.810181
-0.017212,0.097534,1.058228
0.328979,-0.376587,0.947510
-0.485474,0.049805,0.829468
0.499023,-0.173462,1.135010
-0.133667,-0.351807,0.800659
-0.100830,0.163086,1.049805
0.383057,-0.393188,0.973877
-0.429443,-0.076050,0.839111
0.416382,-0.059937,1.189209
0.041138,-0.358032,0.895020
-0.249268,0.234009,1.047363
0.540649,-0.302734,1.112671
-0.420410,-0.078979,0.817261
0.367310,-0.034912,1.160034
0.110596,-0.370605,0.928833
-0.279297,0.172729,0.991943
0.561157,-0.259644,1.138062
-0.365967,-0.144287,0.816772
0.285767,0.024536,1.150513
0.181396,-0.409424,0.937744
-0.337891,0.131348,0.940186
0.571899,-0.248901,1.150024
-0.308960,-0.201660,0.837769
0.182983,0.104980,1.124878
0.255127,-0.429077,0.952026
-0.374634,0.096313,0.909180
0.577637,-0.252441,1.148071
-0.255737,-0.234375,0.847534
0.098511,0.183472,1.122070
0.302124,-0.413574,0.973145
-0.398315,0.056152,0.891846
0.568970,-0.226562,1.154541
-0.235718,-0.226685,0.853149
0.052246,0.206421,1.133179
0.374634,-0.412964,0.995972
-0.434326,0.058716,0.877197
0.561646,-0.202881,1.151611
-0.167603,-0.248535,0.865601
-0.005371,0.223755,1.108276
0.397827,-0.370361,1.022095
-0.437012,-0.006104,0.848389
0.533936,-0.149048,1.170288
-0.084595,-0.277954,0.874878
-0.077026,0.244507,1.093384
0.447388,-0.390137,1.031372
-0.438965,-0.027344,0.834473
0.489014,-0.120728,1.157715
-0.016846,-0.319092,0.897949
-0.126221,0.235962,1.084106
0.474365,-0.358032,1.052612
-0.444946,-0.059570,0.819946
0.437866,-0.077515,1.165649
0.049927,-0.352539,0.893555
-0.183228,0.240723,1.062012
0.511963,-0.329834,1.082397
-0.423706,-0.073364,0.820801
0.373169,-0.044189,1.142334
0.079346,-0.361694,0.908325
-0.242432,0.191406,1.017090
0.542114,-0.273682,1.114746
-0.395630,-0.109253,0.821167
0.282715,0.011841,1.127686
0.173462,-0.427246,0.918579
-0.313599,0.133545,0.951660
0.566895,-0.249634,1.128296
-0.345947,-0.147827,0.830322
0.166626,0.080566,1.106201
0.270386,-0.479248,0.932007
-0.384888,0.071655,0.879517
0.551880,-0.227173,1.114990
-0.255005,-0.192017,0.841919
0.062988,0.163330,1.084961
0.333618,-0.443726,0.949585
-0.449097,0.031982,0.836304
0.519775,-0.196411,1.137207
-0.158447,-0.268311,0.853027
-0.031616,0.202148,1.073120
0.391602,-0.352295,0.994019
-0.461304,0.023804,0.832031
0.487427,-0.202515,1.118530
-0.035156,-0.384277,0.878784
-0.117798,0.177979,1.038208
0.451172,-0.329468,1.038574
-0.479736,0.014282,0.791260
0.415771,-0.114990,1.108765
0.084473,-0.453003,0.887695
-0.213257,0.187866,1.026245
0.489502,-0.330933,1.059326
-0.446899,-0.051147,0.787476
0.332397,-0.024658,1.094360
0.086426,-0.413086,0.870972
-0.259033,0.152100,0.988892
0.513672,-0.317871,1.080566
-0.420288,-0.144409,0.799438
0.273315,0.002563,1.094971
0.135620,-0.393677,0.886841
-0.326538,0.133545,0.930786
0.532837,-0.287598,1.095703
-0.386963,-0.159058,0.793335
0.195312,0.035645,1.081055
0.210938,-0.439209,0.901733
-0.394409,0.077515,0.864624
0.545044,-0.273682,1.102539
-0.323608,-0.196533,0.795654
0.091064,0.103271,1.055664
0.284546,-0.464722,0.912354
-0.428223,0.044678,0.821411
0.508545,-0.226685,1.090698
-0.263916,-0.232544,0.804810
0.012451,0.138916,1.058472
0.335449,-0.473755,0.930054
-0.470581,0.018555,0.798706
0.464355,-0.161011,1.093384
-0.169922,-0.247559,0.816772
-0.071533,0.204224,1.059570
0.392700,-0.453857,0.961060
-0.502808,-0.016235,0.784302
0.426880,-0.152588,1.084717
-0.076050,-0.334717,0.809082
-0.137695,0.215454,1.036499
0.432007,-0.364990,0.997192
-0.498901,0.005737,0.804810
0.369629,-0.168213,1.049072
0.057861,-0.454468,0.854004
-0.211182,0.137329,0.972534
0.451172,-0.300903,1.028076
-0.467529,-0.038330,0.785034
0.318481,-0.101440,1.049072
0.103638,-0.470215,0.849365
-0.326660,0.125122,0.915771
0.478760,-0.310913,1.037354
-0.415894,-0.137329,0.774170
0.235962,0.008545,1.062378
0.125244,-0.454346,0.830322
-0.402222,0.140869,0.875366
0.494507,-0.323853,1.030396
-0.390259,-0.196533,0.765747
0.153687,0.040405,1.057617
0.185303,-0.459961,0.837158
-0.454224,0.127808,0.825195
0.512329,-0.314941,1.034912
-0.334717,-0.207397,0.784912
0.047241,0.090698,1.031616
0.266724,-0.517334,0.858276
-0.476685,0.051392,0.791748
0.488525,-0.263916,1.035278
-0.288574,-0.208496,0.786743
-0.022827,0.165527,1.035034
0.323608,-0.450073,0.932861
-0.508789,0.008545,0.769043
0.446533,-0.222168,1.035767
-0.223511,-0.239502,0.797852
-0.075195,0.180298,1.025024
0.345825,-0.422607,0.933960
-0.521362,0.015503,0.782227
0.433960,-0.197388,1.056641
-0.155518,-0.306152,0.800293
-0.162842,0.199097,0.986572
0.394043,-0.438477,0.937012
-0.512939,-0.015869,0.759521
0.384277,-0.125366,1.044312
-0.081177,-0.306885,0.812500
-0.191650,0.171509,0.965210
0.398438,-0.413330,0.955566
-0.527954,-0.052368,0.746704
0.363037,-0.134155,1.037598
-0.008545,-0.377319,0.806152
-0.251953,0.171997,0.932129
0.425659,-0.393188,0.971558
-0.489624,-0.078247,0.769165
0.313599,-0.121460,1.013306
0.029907,-0.431885,0.785156
-0.328125,0.169678,0.882812
0.457031,-0.355957,0.981201
-0.466064,-0.134277,0.749023
0.244873,-0.070801,1.019531
0.065308,-0.462280,0.787109
-0.359741,0.130249,0.850098
0.460205,-0.319214,0.984863
-0.452393,-0.100464,0.769043
0.192871,-0.051270,1.004395
0.108032,-0.481689,0.785767
-0.404419,0.126709,0.815674
0.454346,-0.262329,0.992065
-0.424561,-0.132568,0.751953
0.129028,0.017456,1.014648
0.152222,-0.493652,0.814087
-0.473389,0.095947,0.784180
0.457520,-0.273315,1.001587
-0.380981,-0.187866,0.737305
0.064819,0.077393,1.010742
0.198608,-0.479004,0.833618
-0.510986,0.087524,0.767578
0.473877,-0.262085,1.002930
-0.315186,-0.187622,0.778931
-0.037476,0.169434,1.008789
0.263550,-0.469360,0.872925
-0.526367,0.020996,0.739380
0.464111,-0.244141,1.022949
-0.263672,-0.231079,0.760864
-0.088013,0.234009,1.016602
0.300781,-0.419556,0.900024
-0.552246,0.037109,0.746582
0.416748,-0.238647,1.002686
-0.181396,-0.319214,0.767578
-0.110229,0.187622,0.988037
0.320190,-0.346680,0.918945
-0.570435,0.045044,0.731812
0.417114,-0.208618,1.025513
-0.098633,-0.344116,0.796631
-0.174683,0.180298,0.946167
0.350830,-0.351562,0.909912
-0.552490,0.064575,0.760742
0.375000,-0.183105,1.009644
-0.063110,-0.392090,0.788452
-0.204590,0.130371,0.918335
0.387329,-0.348022,0.938354
-0.564209,0.047607,0.742310
0.340576,-0.123535,0.997925
0.000610,-0.407715,0.796631
-0.276245,0.156616,0.898315
0.401978,-0.365967,0.950928
-0.550171,-0.028931,0.724609
0.284424,-0.086060,0.980347
0.035400,-0.430786,0.782837
-0.324707,0.156372,0.866211
0.423462,-0.318481,0.955322
-0.510498,-0.021851,0.755737
0.218018,-0.047607,0.981567
0.060425,-0.460327,0.770752
-0.366943,0.145874,0.837891
0.446777,-0.240479,0.992554
-0.491333,-0.065918,0.738647
0.151245,0.004761,0.999878
0.106323,-0.504639,0.778442
-0.423706,0.098389,0.791260
0.446045,-0.219482,0.989380
-0.440674,-0.057983,0.749756
0.080200,0.106201,1.008911
0.154907,-0.453491,0.817139
-0.495972,0.071045,0.765991
0.434692,-0.228027,0.984131
-0.382446,-0.133179,0.748413
0.007324,0.170898,1.028931
0.229858,-0.450439,0.852661
-0.559448,0.115967,0.767090
0.433838,-0.192505,1.004639
-0.267212,-0.184448,0.765747
-0.090942,0.186768,0.976807
0.283936,-0.445923,0.883057
-0.560425,0.052002,0.751099
0.434570,-0.158691,1.028442
-0.179688,-0.233887,0.758789
-0.169922,0.238403,0.951294
0.347290,-0.369629,0.913452
-0.540894,0.021240,0.757812
0.379150,-0.118530,1.021484
-0.116455,-0.332275,0.745850
-0.234253,0.198975,0.908447
0.396118,-0.359375,0.941895
-0.538086,-0.018433,0.753906
0.314575,-0.077759,1.002808
-0.043091,-0.385132,0.738281
-0.318359,0.165161,0.843384
0.422363,-0.295532,0.956543
-0.505981,-0.040771,0.745605
0.228149,-0.024780,0.985474
0.015503,-0.424316,0.759888
-0.386963,0.162109,0.836426
0.443848,-0.283203,0.974365
-0.465088,-0.062744,0.749756
0.123291,0.082520,1.004150
0.070923,-0.415894,0.782593
-0.479980,0.135864,0.797607
0.443970,-0.254395,0.984497
-0.385986,-0.154419,0.750000
0.072021,0.150757,1.033325
0.139038,-0.387451,0.797485
-0.557739,0.158813,0.782227
0.466187,-0.252075,1.001465
-0.284302,-0.216553,0.781372
-0.039062,0.143799,0.993896
0.216919,-0.384033,0.851318
-0.599976,0.168579,0.758423
0.454468,-0.192871,1.010864
-0.195923,-0.267090,0.772583
-0.111572,0.206665,0.983521
0.291382,-0.367554,0.883057
-0.596558,0.140137,0.761475
0.412720,-0.172974,0.999023
-0.132568,-0.354248,0.756348
-0.159424,0.187134,0.954712
0.333862,-0.358887,0.900757
-0.585327,0.097290,0.759399
0.376221,-0.115112,0.992920
-0.076904,-0.343628,0.757080
-0.257935,0.209106,0.892090
0.364868,-0.344604,0.910400
-0.563843,0.014038,0.745728
0.349365,-0.093628,1.014282
-0.053101,-0.374268,0.739136
-0.319824,0.247192,0.879883
0.389038,-0.307251,0.927612
-0.531006,-0.004639,0.751099
0.274536,-0.084717,0.990356
-0.038574,-0.414551,0.735840
-0.369263,0.198120,0.847168
0.424683,-0.278687,0.947021
-0.511719,-0.029785,0.739014
0.180176,0.000854,0.993530
0.019409,-0.444214,0.755981
-0.431030,0.169800,0.831055
0.431641,-0.228882,0.971069
-0.477051,-0.034058,0.748291
0.102417,0.090698,1.007690
0.102539,-0.420044,0.808960
-0.521362,0.171509,0.809204
0.431641,-0.203735,0.992798
-0.404907,-0.118286,0.731689
0.033447,0.153076,1.011353
0.174683,-0.410767,0.839722
-0.564819,0.134766,0.786377
0.437134,-0.164062,1.017944
-0.291138,-0.217163,0.730835
-0.078369,0.203003,0.998169
0.253418,-0.398560,0.870728
-0.595093,0.133057,0.777222
0.418213,-0.166382,1.024414
-0.198120,-0.312500,0.723633
-0.135864,0.207397,0.959473
0.307495,-0.343872,0.888672
-0.621826,0.095337,0.745483
0.393799,-0.171875,1.006714
-0.121338,-0.381836,0.729248
-0.226807,0.209961,0.912109
0.351440,-0.319336,0.895752
-0.587769,0.091675,0.742432
0.340210,-0.134399,0.988159
-0.077026,-0.399780,0.748901
-0.313721,0.163696,0.863037
0.386841,-0.316650,0.930542
-0.562378,0.075317,0.710693
0.254028,-0.016602,1.002319
-0.036499,-0.397827,0.751831
-0.382446,0.181641,0.870483
0.408569,-0.331543,0.933594
-0.541626,-0.009277,0.723877
0.191895,0.057129,1.014404
-0.011475,-0.379639,0.759399
-0.455933,0.224487,0.855957
0.420044,-0.300171,0.952148
-0.514038,-0.081177,0.722656
0.150391,0.015137,1.007080
0.032715,-0.398193,0.779541
-0.516113,0.234253,0.825562
0.435303,-0.251709,0.961792
-0.447266,-0.105103,0.736206
0.074707,0.057739,1.001099
0.114380,-0.427002,0.820312
-0.569580,0.197388,0.810547
0.423340,-0.216309,0.980469
-0.366333,-0.167725,0.741089
0.007324,0.154419,1.006104
0.173096,-0.411255,0.849365
-0.604370,0.163208,0.769775
0.431519,-0.210571,0.994873
-0.283691,-0.231812,0.740479
-0.083008,0.200684,0.990234
0.244751,-0.394043,0.859009
-0.606201,0.088135,0.758057
0.404053,-0.181396,1.013794
-0.210571,-0.326538,0.711792
-0.164307,0.207031,0.961060
0.307983,-0.360718,0.889038
-0.638306,0.089600,0.738403
0.383545,-0.199707,1.007690
-0.155151,-0.401611,0.718750
-0.218872,0.173096,0.916016
0.329224,-0.307861,0.903442
-0.620972,0.096924,0.732300
0.332520,-0.138916,0.995239
-0.095581,-0.431641,0.733032
-0.327515,0.172729,0.881470
0.362305,-0.327637,0.924805
-0.598633,0.038574,0.708008
0.264038,-0.067017,0.997559
-0.063599,-0.381226,0.750732
-0.408081,0.204468,0.877563
0.395630,-0.299194,0.964966
-0.552612,-0.042358,0.695679
0.198242,0.018433,1.009888
-0.021362,-0.411743,0.761841
-0.466309,0.197998,0.860962
0.407227,-0.305298,0.961426
-0.524536,-0.095337,0.709717
0.160156,0.043823,1.027588
0.011719,-0.391357,0.783936
-0.516602,0.214478,0.841309
0.432495,-0.281128,0.983643
-0.478271,-0.125000,0.723145
0.084229,0.062866,1.008789
0.083130,-0.406860,0.811401
-0.556763,0.195312,0.828979
0.427612,-0.256714,0.993896
-0.443359,-0.156616,0.721802
0.031982,0.127197,1.022583
0.162476,-0.433716,0.838501
-0.587524,0.177124,0.806030
0.412842,-0.230713,0.997559
-0.338379,-0.239624,0.727295
-0.039429,0.156006,1.006836
0.199097,-0.414673,0.847168
-0.598145,0.105103,0.770752
0.434814,-0.222778,1.018921
-0.283691,-0.270752,0.716675
-0.119995,0.188843,0.974609
0.262451,-0.405029,0.869629
-0.588257,0.054688,0.766724
0.399780,-0.189697,1.032227
-0.233398,-0.327148,0.700928
-0.188843,0.172852,0.947754
0.308838,-0.369019,0.897461
-0.600464,0.054077,0.754639
0.384277,-0.201172,1.021606
-0.182739,-0.365479,0.716431
-0.242676,0.166504,0.936035
0.329224,-0.333130,0.920288
-0.596069,0.025879,0.739014
0.351929,-0.161377,1.032715
-0.153442,-0.394287,0.730957
-0.310791,0.180054,0.918457
0.373169,-0.344238,0.935791
-0.583984,0.028564,0.735474
0.289062,-0.094849,1.029175
-0.108398,-0.360107,0.769165
-0.390015,0.153198,0.863281
0.406006,-0.334717,0.963135
-0.548218,-0.012451,0.718872
0.219360,-0.023071,1.036255
-0.037964,-0.368164,0.794678
-0.453613,0.190063,0.865845
0.412598,-0.310059,0.979004
-0.490723,-0.119141,0.718140
0.136108,0.057983,1.032227
0.058594,-0.410645,0.808716
-0.511719,0.178101,0.844727
0.422363,-0.266479,0.989258
-0.454712,-0.161865,0.708862
0.064087,0.084473,1.036377
0.148438,-0.453613,0.832031
-0.553101,0.156250,0.843384
0.434448,-0.234741,1.010742
-0.340332,-0.229370,0.734131
-0.030884,0.152832,1.012695
0.207153,-0.385498,0.868164
-0.566895,0.066406,0.797119
0.432739,-0.224609,1.035156
-0.269165,-0.306396,0.710327
-0.101929,0.146118,0.981201
0.277466,-0.370483,0.898682
-0.573486,0.048950,0.767822
0.415039,-0.195801,1.049805
-0.213745,-0.343506,0.723022
-0.198120,0.174927,0.969360
0.344849,-0.384888,0.927612
-0.576538,0.016968,0.757690
0.388794,-0.155273,1.065430
-0.157471,-0.366211,0.737183
-0.277100,0.169556,0.941284
0.376221,-0.370361,0.959229
-0.562256,-0.033081,0.740845
0.351685,-0.098022,1.076416
-0.123291,-0.349731,0.752319
-0.347046,0.200317,0.926392
0.412964,-0.382446,0.965454
-0.532471,-0.072144,0.739868
0.270142,-0.051880,1.064331
-0.044800,-0.346436,0.804321
-0.416626,0.197754,0.904053
0.433594,-0.328735,1.000610
-0.485474,-0.152100,0.732300
0.193359,-0.001709,1.060303
0.051636,-0.397461,0.822632
-0.485840,0.201660,0.872070
0.463623,-0.300537,1.019897
-0.442993,-0.165649,0.753662
0.104614,0.044312,1.039551
0.145508,-0.401611,0.860229
-0.511719,0.139526,0.841675
0.473267,-0.243408,1.049927
-0.352783,-0.219482,0.759888
0.006226,0.082886,1.030884
0.234253,-0.425049,0.890991
-0.535034,0.083008,0.807739
0.458130,-0.198975,1.060547
-0.245483,-0.276489,0.753296
-0.078003,0.133789,1.012207
0.300415,-0.401733,0.912964
-0.527954,0.018188,0.798462
0.446655,-0.183105,1.074463
-0.191406,-0.327026,0.743164
-0.172241,0.147705,0.984985
0.343872,-0.356445,0.949097
-0.528320,-0.026367,0.781860
0.421265,-0.177612,1.093506
-0.135986,-0.345459,0.770508
-0.261108,0.179443,0.957275
0.402954,-0.328003,0.988892
-0.510620,-0.063232,0.766235
0.337524,-0.105347,1.091797
-0.061157,-0.361816,0.813354
-0.334717,0.172729,0.932007
0.441406,-0.296387,1.022949
-0.481201,-0.100952,0.735840
0.254150,-0.018921,1.094238
0.050049,-0.379150,0.858765
-0.419189,0.172485,0.916748
0.465820,-0.271362,1.045532
-0.410034,-0.187134,0.757446
0.147095,0.066528,1.082642
0.154663,-0.411865,0.869629
-0.472290,0.109741,0.865356
0.487305,-0.246704,1.068115
-0.350220,-0.229370,0.766113
0.052368,0.117188,1.063477
0.227539,-0.383911,0.908569
-0.479736,0.046753,0.830933
0.495239,-0.223022,1.094971
-0.228882,-0.318604,0.777466
-0.024658,0.116333,1.031738
0.285522,-0.360596,0.924561
-0.495483,0.014648,0.799316
0.486938,-0.209961,1.115845
-0.162231,-0.367676,0.787476
-0.108032,0.114868,1.022705
0.347290,-0.361694,0.951050
-0.513428,0.029053,0.795532
0.452026,-0.169556,1.115601
-0.107422,-0.355957,0.816772
-0.205933,0.167725,1.011108
0.408081,-0.317749,1.010010
-0.501343,-0.046509,0.769409
0.398560,-0.094604,1.130005
-0.065308,-0.344482,0.825928
-0.276245,0.172607,0.990967
0.465210,-0.335205,1.048340
-0.481323,-0.071045,0.772217
0.327026,-0.009277,1.133667
0.006470,-0.368774,0.843018
-0.311646,0.169678,0.964600
0.488281,-0.288452,1.062378
-0.444946,-0.109619,0.776489
0.271362,-0.007080,1.125977
0.091064,-0.376343,0.884766
-0.383911,0.169189,0.932129
0.502930,-0.266235,1.075806
-0.381104,-0.197144,0.775879
0.200439,0.021240,1.103760
0.182617,-0.407471,0.905884
-0.436890,0.146484,0.882812
0.521362,-0.229614,1.099609
-0.322510,-0.227417,0.797974
0.098389,0.075562,1.086548
0.242310,-0.420288,0.927002
-0.454834,0.083374,0.858154
0.535400,-0.172852,1.139648
-0.258057,-0.262451,0.794312
0.016113,0.133057,1.080811
0.326782,-0.408203,0.946411
-0.462402,0.026611,0.839844
0.515503,-0.166016,1.142700
-0.146973,-0.314453,0.821167
-0.040283,0.149048,1.069824
0.367798,-0.359741,0.981812
-0.481567,0.006714,0.814697
0.486938,-0.161377,1.149170
-0.088745,-0.354736,0.830444
-0.115601,0.172729,1.052246
0.419800,-0.342651,1.008911
-0.498047,-0.007080,0.813232
0.439697,-0.117188,1.152954
-0.032593,-0.346558,0.862305
-0.204468,0.197510,1.051392
0.472778,-0.314819,1.060181
-0.483154,-0.032227,0.793091
0.385742,-0.042725,1.155762
0.027466,-0.343140,0.884644
-0.269043,0.180664,1.007324
0.513794,-0.294312,1.109009
-0.429932,-0.110474,0.800415
0.321655,-0.004395,1.154663
0.085815,-0.364502,0.895020
-0.307739,0.150513,0.965820
0.545410,-0.286499,1.113770
-0.378906,-0.171143,0.791748
0.247681,0.015747,1.137451
0.183350,-0.394409,0.926147
-0.378662,0.161499,0.921997
0.548584,-0.237061,1.123535
-0.310669,-0.222168,0.818726
0.157104,0.050537,1.128174
0.266113,-0.437500,0.966553
-0.432739,0.118286,0.880493
0.544312,-0.182739,1.139038
-0.227051,-0.227539,0.849854
0.048950,0.150635,1.111938
0.338623,-0.422363,0.982178
-0.445923,0.021484,0.845947
0.539795,-0.168335,1.152344
-0.144531,-0.255005,0.856812
-0.033081,0.197388,1.098877
0.406616,-0.385864,1.008911
-0.460083,0.008179,0.842407
0.498169,-0.115112,1.169556
-0.040649,-0.349365,0.852661
-0.125122,0.198364,1.073120
0.451538,-0.329224,1.047974
-0.450562,-0.038818,0.832642
0.441772,-0.064209,1.176392
0.014648,-0.346924,0.878906
-0.225708,0.220947,1.046265
0.513672,-0.296509,1.106567
-0.412476,-0.125977,0.809814
0.351562,-0.008179,1.168945
0.100952,-0.366211,0.900635
-0.299438,0.179199,0.988770
0.552856,-0.270508,1.132080
-0.356934,-0.223633,0.804199
0.230103,0.029175,1.136597
0.241577,-0.402100,0.960815
-0.380127,0.137817,0.907959
0.551514,-0.194458,1.140259
-0.253662,-0.241089,0.831787
0.097046,0.102051,1.126953
0.344482,-0.413696,0.999390
-0.437134,0.081665,0.867676
0.540161,-0.135742,1.165161
-0.137329,-0.251587,0.874756
-0.027222,0.206299,1.107544
0.414185,-0.392334,1.026611
-0.432129,-0.038452,0.833618
0.496338,-0.101562,1.170044
0.002930,-0.337158,0.872803
-0.154053,0.230103,1.078003
0.470825,-0.309326,1.066528
-0.423218,-0.099365,0.826660
0.427612,-0.060913,1.170532
0.044800,-0.326416,0.908691
-0.259766,0.221802,1.026001
0.540039,-0.271729,1.122559
-0.365845,-0.181641,0.819702
0.295898,0.002197,1.149414
0.172852,-0.400024,0.942261
-0.329834,0.140991,0.935791
0.566406,-0.221802,1.140625
-0.286377,-0.197510,0.844360
0.161743,0.105103,1.131226
0.303955,-0.445068,0.959106
-0.421509,0.100220,0.891968
0.565918,-0.192871,1.159302
-0.190063,-0.246216,0.858643
0.017822,0.196899,1.112915
0.391602,-0.393433,1.008911
-0.450195,0.050659,0.860840
0.526978,-0.166504,1.168945
-0.048584,-0.309326,0.902222
-0.081787,0.212402,1.086182
0.429077,-0.315186,1.050171
-0.433472,-0.047241,0.839233
0.477905,-0.108398,1.185791
0.030273,-0.367310,0.894775
-0.179932,0.229858,1.058105
0.491089,-0.284668,1.088745
-0.423828,-0.084961,0.822876
0.389526,-0.063599,1.157349
0.087891,-0.386597,0.914429
-0.248047,0.196167,1.029297
0.530884,-0.239624,1.124756
-0.383301,-0.119019,0.817749
0.293823,0.019409,1.138306
0.195435,-0.456787,0.928833
-0.325562,0.130493,0.962891
0.557373,-0.244385,1.134644
-0.339966,-0.151855,0.822632
0.183228,0.104370,1.126221
0.297363,-0.468994,0.973022
-0.481323,0.017090,0.821045
0.483398,-0.191650,1.104980
-0.258423,-0.218140,0.841553
-0.077271,0.206055,1.056763
0.386841,-0.391235,0.973633
-0.474487,-0.010376,0.798218
0.461670,-0.186279,1.104736
-0.035889,-0.346802,0.872070
-0.152222,0.199219,1.033569
0.427856,-0.355469,1.008789
-0.465942,-0.046509,0.788818
0.406006,-0.118286,1.106812
0.046509,-0.416504,0.866455
-0.214722,0.189453,1.008667
0.451904,-0.324219,1.024536
-0.466919,-0.075684,0.769897
0.349487,-0.099731,1.071045
0.095215,-0.422974,0.870605
-0.272583,0.166138,0.966064
0.479614,-0.298340,1.047241
-0.437378,-0.113403,0.774170
0.275879,-0.033936,1.075195
0.119263,-0.431396,0.869263
-0.338135,0.141357,0.933716
0.503784,-0.300537,1.058228
-0.412720,-0.127563,0.778320
0.205811,0.012939,1.056152
0.176758,-0.432617,0.876587
-0.381104,0.120972,0.881348
0.517212,-0.269165,1.069824
-0.360474,-0.194336,0.770386
0.111816,0.064697,1.055908
0.246460,-0.500000,0.875977
-0.432861,0.046631,0.818970
0.510498,-0.243896,1.077637
-0.302979,-0.204590,0.779785
0.008667,0.121704,1.036499
0.304199,-0.486816,0.903198
-0.463867,0.031616,0.792236
0.486206,-0.200928,1.083740
-0.192871,-0.254761,0.824707
-0.086792,0.189087,1.039185
0.354980,-0.442261,0.932007
-0.499512,0.011597,0.782349
0.449585,-0.177002,1.078247
-0.075073,-0.316528,0.834473
-0.157471,0.223877,1.026123
0.386597,-0.390381,0.961304
-0.490234,-0.047119,0.769653
0.398193,-0.146118,1.061035
0.025024,-0.370728,0.856079
-0.231079,0.172241,0.977783
0.432617,-0.352295,0.993530
-0.469971,-0.086792,0.756348
0.307373,-0.085815,1.040283
0.088501,-0.457153,0.830200
-0.314941,0.154175,0.929321
0.471802,-0.312622,1.016235
-0.432495,-0.125122,0.767090
0.193604,0.002319,1.033936
0.128418,-0.443115,0.827759
-0.386108,0.090088,0.857178
0.502441,-0.286133,1.049316
-0.374146,-0.184448,0.753174
0.062500,0.111206,1.040283
0.253418,-0.487915,0.860474
-0.469116,0.031006,0.778931
0.481201,-0.262085,1.051025
-0.256226,-0.254395,0.795410
-0.046265,0.156982,1.020020
0.298706,-0.424683,0.904419
-0.502808,0.023193,0.768066
0.451416,-0.190796,1.067017
-0.119019,-0.315063,0.808228
-0.156860,0.188354,0.993286
0.396606,-0.426025,0.942261
-0.526001,0.013428,0.764404
0.358887,-0.147949,1.014648
0.036987,-0.400513,0.846191
-0.250000,0.148682,0.938477
0.425049,-0.354980,0.987549
-0.484619,-0.099609,0.745972
0.278198,-0.032104,1.048096
0.076050,-0.443481,0.806519
-0.337769,0.112183,0.882080
0.466919,-0.330688,1.003418
-0.428955,-0.143677,0.770508
0.153931,0.036987,1.028320
0.134155,-0.431885,0.824585
-0.439697,0.081543,0.806396
0.486084,-0.285889,1.037476
-0.332764,-0.222778,0.775513
0.020996,0.131226,1.026367
0.243286,-0.439941,0.857422
-0.501587,0.032593,0.748169
0.467285,-0.262695,1.033569
-0.210815,-0.278809,0.794800
-0.094971,0.178711,1.015747
0.316895,-0.422974,0.894775
-0.540039,0.054688,0.759033
0.408569,-0.196777,1.022949
-0.059326,-0.373535,0.805908
-0.187134,0.158813,0.965576
0.388916,-0.370850,0.946777
-0.521362,-0.022705,0.740845
0.327515,-0.120972,1.011719
0.040039,-0.454224,0.788940
-0.308228,0.127686,0.881226
0.452515,-0.340210,0.993164
-0.470947,-0.118042,0.743164
0.193726,-0.003906,1.012695
0.102295,-0.485962,0.781372
-0.402100,0.107910,0.826782
0.467896,-0.277832,1.009644
-0.399658,-0.175049,0.744751
0.067627,0.104370,1.015381
0.201172,-0.469971,0.835693
-0.490967,0.043457,0.767456
0.472046,-0.260010,1.027710
-0.281860,-0.243164,0.763428
-0.061646,0.179810,1.007935
0.279907,-0.446777,0.870483
-0.533569,0.043457,0.756470
0.440796,-0.213135,1.034546
-0.148926,-0.294678,0.802856
-0.162109,0.197021,0.979126
0.334717,-0.388916,0.915283
-0.537109,0.022949,0.756958
0.377930,-0.166748,1.022583
-0.032593,-0.384888,0.821655
-0.225830,0.160156,0.930908
0.386841,-0.367798,0.940430
-0.525513,-0.052368,0.729004
0.306763,-0.087769,1.007935
0.033936,-0.440186,0.783325
-0.298706,0.143311,0.883423
0.428101,-0.350342,0.959595
-0.489990,-0.077393,0.742432
0.208496,-0.012695,1.003174
0.078003,-0.475830,0.768555
-0.371216,0.102051,0.834961
0.461304,-0.331665,0.987549
-0.453735,-0.129517,0.740112
0.115234,0.070679,1.006226
0.115112,-0.453979,0.789795
-0.439697,0.087769,0.801025
0.474976,-0.313843,0.993774
-0.395996,-0.167603,0.749634
0.040649,0.119507,1.006104
0.186157,-0.428223,0.829346
-0.503784,0.083008,0.768555
0.469360,-0.267456,1.016602
-0.314453,-0.214844,0.771362
-0.037476,0.150513,0.996704
0.254639,-0.452637,0.855225
-0.538452,0.039551,0.736328
0.458984,-0.233398,1.025757
-0.182983,-0.264893,0.781006
-0.141113,0.219360,0.982666
0.313843,-0.417847,0.883057
-0.539551,0.029541,0.752808
0.393921,-0.174805,1.018677
-0.092529,-0.339966,0.790039
-0.201782,0.187256,0.947266
0.371826,-0.404663,0.919189
-0.543213,-0.008667,0.738403
0.335571,-0.119751,1.011230
-0.011719,-0.389648,0.784790
-0.283081,0.158447,0.890137
0.410278,-0.369995,0.939819
-0.515869,-0.077271,0.734863
0.250854,-0.055908,1.005493
0.036255,-0.460938,0.751831
-0.349365,0.158936,0.862915
0.442261,-0.349731,0.953003
-0.474243,-0.078735,0.755981
0.152466,0.022949,0.991455
0.103882,-0.469604,0.773560
-0.432617,0.119019,0.800415
0.457520,-0.300415,0.971680
-0.411621,-0.142334,0.748779
0.055664,0.113770,1.007812
0.158325,-0.429810,0.813477
-0.504272,0.071899,0.761597
0.449341,-0.257935,1.002686
-0.316162,-0.213867,0.749512
-0.058594,0.187622,1.003174
0.275757,-0.424805,0.878540
-0.545288,0.047974,0.756226
0.421265,-0.202148,1.013672
-0.177002,-0.299561,0.769165
-0.160156,0.183472,0.955688
0.339111,-0.377441,0.915405
-0.550293,0.042480,0.744995
0.363770,-0.099731,1.022583
-0.034668,-0.382202,0.770874
-0.264771,0.160400,0.882446
0.385986,-0.367920,0.914673
-0.521362,-0.019775,0.749268
0.283813,-0.052002,1.003296
0.011230,-0.445312,0.760254
-0.354858,0.131348,0.831055
0.442505,-0.326538,0.962280
-0.486572,-0.050537,0.742065
0.173340,0.049072,1.015503
0.077881,-0.424927,0.786499
-0.438843,0.102539,0.802612
0.448853,-0.294434,0.974365
-0.429077,-0.105469,0.756592
0.069824,0.113281,1.006958
0.154297,-0.424805,0.811523
-0.528809,0.115967,0.770386
0.459595,-0.236450,1.006958
-0.319214,-0.165527,0.760620
-0.043945,0.176636,0.991821
0.242798,-0.404297,0.860840
-0.558716,0.047485,0.739502
0.444458,-0.213257,1.022095
-0.179565,-0.260010,0.778076
-0.135986,0.218506,0.958984
0.310181,-0.361938,0.896729
-0.563599,0.058350,0.758301
0.400269,-0.161133,1.015503
-0.083862,-0.357056,0.767090
-0.223145,0.200806,0.915527
0.363281,-0.322876,0.932129
-0.556152,0.020996,0.741333
0.343384,-0.109375,1.014160
-0.019409,-0.439331,0.748901
-0.314819,0.205566,0.873779
0.403442,-0.306274,0.936523
-0.522583,-0.039795,0.743896
0.241577,-0.060547,0.991943
0.054077,-0.477295,0.765991
-0.399902,0.161743,0.826294
0.426880,-0.248047,0.966187
-0.480713,-0.041748,0.748779
0.129639,0.048706,1.008911
0.092773,-0.454468,0.785278
-0.480957,0.113403,0.800293
0.450439,-0.231689,0.987427
-0.385498,-0.081055,0.783325
0.016968,0.145630,0.993530
0.188477,-0.417114,0.839233
-0.549316,0.089111,0.765869
0.444946,-0.194336,1.017212
-0.259644,-0.202515,0.762207
-0.077271,0.212036,0.990234
0.281250,-0.376343,0.887939
-0.594238,0.083252,0.745972
0.430420,-0.186768,1.023560
-0.134399,-0.343018,0.758423
-0.161011,0.221069,0.958496
0.329712,-0.343750,0.897339
-0.591797,0.107178,0.770630
0.375000,-0.147705,1.001343
-0.046997,-0.389771,0.768921
-0.250000,0.182495,0.892212
0.372314,-0.294922,0.928101
-0.569824,0.028076,0.729248
0.298096,-0.084351,0.985718
0.000854,-0.422363,0.758057
-0.328247,0.151733,0.859863
0.420044,-0.302368,0.958130
-0.524414,-0.037842,0.709351
0.214478,0.057617,1.012939
0.017212,-0.396118,0.755005
-0.412354,0.158813,0.831055
0.454590,-0.299194,0.970581
-0.475952,-0.072998,0.746582
0.122192,0.104004,1.018066
0.082642,-0.410278,0.790039
-0.500000,0.146973,0.796753
0.453003,-0.259033,0.998657
-0.426758,-0.126587,0.746826
0.065186,0.119385,1.011475
0.154541,-0.396973,0.831543
-0.547363,0.171265,0.790649
0.443237,-0.205322,0.983521
-0.335571,-0.149536,0.766357
-0.014404,0.145630,1.002075
0.226440,-0.428101,0.850952
-0.564941,0.129272,0.768066
0.429810,-0.155029,1.011353
-0.242798,-0.198608,0.765503
-0.112183,0.197144,0.972046
0.284790,-0.399414,0.881470
-0.573364,0.075684,0.757812
0.427002,-0.131348,1.034058
-0.157959,-0.278687,0.747192
-0.213989,0.215942,0.921875
0.354736,-0.371338,0.912964
-0.558472,0.042236,0.760742
0.373901,-0.099731,1.026123
-0.081665,-0.358765,0.741821
-0.317627,0.206909,0.863159
0.389771,-0.342896,0.922485
-0.530029,0.003418,0.743408
0.305054,-0.023315,1.024292
-0.007690,-0.413818,0.738403
-0.384521,0.203369,0.846436
0.408813,-0.283936,0.941406
-0.509399,-0.038208,0.731323
0.186523,0.004028,0.999390
0.036499,-0.436768,0.774902
-0.452026,0.188354,0.826782
0.432739,-0.215332,0.973755
-0.446899,-0.063477,0.746826
0.089355,0.135010,1.015991
0.117554,-0.413086,0.806885
-0.536255,0.148193,0.793457
0.444946,-0.211304,1.002075
-0.347900,-0.159424,0.747192
0.003662,0.182495,1.011353
0.190552,-0.382812,0.845947
-0.588745,0.143311,0.771973
0.433716,-0.221191,0.998779
-0.236572,-0.264771,0.749756
-0.072144,0.190063,0.992798
0.265259,-0.356323,0.873047
-0.603271,0.155518,0.760498
0.415405,-0.164917,0.999268
-0.148071,-0.303101,0.763184
-0.183472,0.191528,0.940674
0.328613,-0.369751,0.898438
-0.583984,0.089478,0.752319
0.374268,-0.111084,1.017090
-0.102539,-0.345825,0.741821
-0.255493,0.198120,0.902222
0.364136,-0.320801,0.919800
-0.568237,0.019287,0.733521
0.312134,-0.090332,1.008667
-0.063965,-0.401733,0.737549
-0.341675,0.192505,0.864014
0.414185,-0.311157,0.937012
-0.556885,0.028442,0.739258
0.219116,-0.006104,0.996460
0.000977,-0.426147,0.753906
-0.425049,0.190430,0.836304
0.419678,-0.279541,0.951538
-0.486084,-0.041138,0.748901
0.144531,0.058105,1.013062
0.052124,-0.390137,0.796997
-0.508057,0.181396,0.813721
0.426880,-0.225098,0.976074
-0.402466,-0.119873,0.748779
0.054565,0.145264,1.018921
0.148315,-0.402710,0.825928
-0.567383,0.171387,0.790283
0.424438,-0.205566,0.986816
-0.320190,-0.191162,0.739502
-0.022949,0.174194,0.997437
0.233398,-0.380737,0.870850
-0.587036,0.149292,0.784668
0.402588,-0.160522,1.006348
-0.213135,-0.300171,0.734741
-0.133911,0.188110,0.956421
0.300537,-0.349365,0.903076
-0.597900,0.125122,0.754395
0.395264,-0.113525,1.023071
-0.146362,-0.352783,0.725586
-0.231567,0.172363,0.916138
0.346069,-0.355713,0.916626
-0.579346,0.069824,0.744873
0.338013,-0.067139,1.015869
-0.092163,-0.390747,0.718384
-0.323364,0.207886,0.885376
0.382080,-0.337158,0.928955
-0.551758,-0.019043,0.715088
0.268311,-0.030151,1.016968
-0.034546,-0.393799,0.748535
-0.412109,0.228394,0.857178
0.398560,-0.281494,0.941406
-0.515991,-0.088867,0.713135
0.171509,-0.000488,1.004395
0.020630,-0.374512,0.797119
-0.495850,0.202148,0.832642
0.429565,-0.236206,0.980225
-0.443115,-0.110107,0.731689
0.054565,0.111450,1.016479
0.132935,-0.409912,0.819580
-0.571899,0.179688,0.795044
0.437256,-0.201172,1.005981
-0.316650,-0.190186,0.734497
-0.062256,0.182251,0.994385
0.236572,-0.386230,0.865845
-0.602783,0.117188,0.765625
0.407349,-0.154175,1.018555
-0.203857,-0.299683,0.730103
-0.154541,0.175903,0.942627
0.309082,-0.352905,0.899536
-0.606201,0.085938,0.748657
0.364868,-0.132324,1.023926
-0.128784,-0.383057,0.719482
-0.261597,0.173584,0.898193
0.364502,-0.318481,0.916626
-0.587891,0.071777,0.735474
0.280762,-0.051514,1.001099
-0.069824,-0.376831,0.749023
-0.380249,0.186279,0.872314
0.395996,-0.315063,0.939941
-0.537354,-0.032104,0.728271
0.159546,0.052856,1.000244
-0.000366,-0.386841,0.768799
-0.474365,0.202148,0.857666
0.413574,-0.262939,0.978271
-0.475708,-0.121948,0.720337
0.090210,0.083496,1.015381
0.092285,-0.402100,0.808594
-0.553345,0.209961,0.828857
0.419312,-0.217529,0.991089
-0.359375,-0.155640,0.751465
0.008667,0.102295,0.992065
0.185059,-0.415527,0.844727
-0.597168,0.175781,0.787598
0.422363,-0.177490,1.001343
-0.265869,-0.244873,0.727661
-0.110352,0.170654,0.969604
0.261841,-0.391113,0.883057
-0.591919,0.089111,0.760010
0.391235,-0.129517,1.023560
-0.192993,-0.328857,0.712524
-0.222900,0.180176,0.923462
0.320190,-0.368530,0.896851
-0.590332,0.047852,0.738525
0.359497,-0.109497,1.030762
-0.139404,-0.353638,0.726807
-0.325317,0.187256,0.889404
0.381592,-0.375122,0.919678
-0.573486,0.011841,0.716309
0.259888,-0.038330,1.012329
-0.079224,-0.368408,0.747559
-0.407349,0.209717,0.872314
0.414062,-0.316650,0.947998
-0.539795,-0.074707,0.699951
0.152954,0.014404,1.007080
-0.008911,-0.392334,0.768433
-0.486816,0.216431,0.853271
0.430298,-0.279419,0.968872
-0.442749,-0.146118,0.738892
0.035889,0.109741,1.011475
0.100098,-0.393555,0.813477
-0.562744,0.168091,0.804321
0.419556,-0.212036,0.993774
-0.313843,-0.230713,0.731445
-0.037231,0.130615,0.994507
0.216309,-0.399536,0.860962
-0.628296,0.119385,0.749756
0.421265,-0.193848,1.009888
-0.227661,-0.335938,0.704956
-0.164917,0.181763,0.970093
0.312378,-0.387085,0.889771
-0.615356,0.111938,0.757812
0.354248,-0.148682,1.002808
-0.156006,-0.341431,0.730835
-0.254639,0.161987,0.914185
0.339966,-0.353516,0.912842
-0.596191,0.022095,0.724487
0.322388,-0.120483,1.004883
-0.109619,-0.370728,0.729248
-0.368774,0.204102,0.882935
0.386719,-0.316406,0.948120
-0.544556,-0.074951,0.696777
0.205078,-0.039185,0.993896
-0.058960,-0.387695,0.757202
-0.456787,0.235229,0.872192
0.421143,-0.295044,0.961914
-0.522827,-0.131104,0.703003
0.105347,0.041504,1.010254
0.040894,-0.413208,0.798706
-0.524048,0.202637,0.845337
0.433716,-0.241333,0.994507
-0.435913,-0.156860,0.734375
0.025391,0.120850,1.016968
0.135742,-0.417725,0.835571
-0.568115,0.148193,0.802490
0.438599,-0.232910,1.017090
-0.332275,-0.234253,0.733032
-0.063232,0.160156,0.986694
0.222534,-0.376465,0.865967
-0.591309,0.114136,0.778564
0.409790,-0.197998,1.022461
-0.243164,-0.331177,0.715942
-0.150391,0.161011,0.956543
0.278687,-0.385620,0.881592
-0.597900,0.082520,0.745972
0.395386,-0.140991,1.034790
-0.190674,-0.327515,0.732056
-0.244873,0.174194,0.949585
0.336670,-0.408447,0.897705
-0.606079,0.044922,0.738159
0.338501,-0.112549,1.021484
-0.135132,-0.369019,0.726685
-0.335938,0.185181,0.899048
0.374268,-0.352051,0.931396
-0.574463,-0.017822,0.706543
0.269531,-0.056396,1.027100
-0.081421,-0.376221,0.740234
-0.423096,0.217163,0.884033
0.401733,-0.326904,0.956665
-0.529419,-0.101440,0.708618
0.162109,0.015625,1.023315
-0.007324,-0.389282,0.778564
-0.492188,0.210815,0.867798
0.422363,-0.285645,0.980835
-0.479736,-0.124512,0.727051
0.066284,0.068848,1.009399
0.090698,-0.395142,0.812134
-0.550049,0.182251,0.829834
0.438843,-0.252930,1.000488
-0.373657,-0.217407,0.735229
-0.037598,0.123901,1.004150
0.186401,-0.415283,0.848755
-0.578369,0.114014,0.781738
0.421997,-0.205811,1.015503
-0.258423,-0.278198,0.729736
-0.122803,0.159546,0.970825
0.278687,-0.382446,0.893677
-0.611084,0.053833,0.738037
0.382812,-0.176147,1.025513
-0.191650,-0.362183,0.710815
-0.221680,0.174194,0.961426
0.338379,-0.373047,0.906738
-0.605591,0.077881,0.755615
0.330933,-0.135132,1.022949
-0.124023,-0.356689,0.754272
-0.334473,0.164307,0.899170
0.373169,-0.348755,0.938721
-0.564453,-0.039795,0.711182
0.246582,-0.047852,1.030884
-0.078613,-0.380981,0.757202
-0.421143,0.204468,0.888550
0.425537,-0.337524,0.981689
-0.531616,-0.101074,0.710938
0.130127,0.031738,1.004761
0.028931,-0.380737,0.804688
-0.509766,0.179321,0.857910
0.430908,-0.276978,1.006958
-0.451294,-0.198608,0.703369
0.056396,0.106323,1.021973
0.114136,-0.377808,0.831299
-0.568481,0.169434,0.820557
0.459229,-0.291260,1.003540
-0.326782,-0.250488,0.750000
-0.054321,0.147095,0.999512
0.210083,-0.410889,0.858765
-0.594849,0.105591,0.767090
0.425171,-0.202881,1.026978
-0.238892,-0.300171,0.735596
-0.139893,0.177856,0.990356
0.272583,-0.385742,0.874878
-0.599731,0.044067,0.744507
0.424561,-0.222046,1.036499
-0.197754,-0.370605,0.716919
-0.237671,0.174072,0.945801
0.338379,-0.360840,0.913696
-0.595337,0.031494,0.742676
0.366089,-0.180176,1.030029
-0.145386,-0.385620,0.743652
-0.302368,0.163818,0.910400
0.372192,-0.354004,0.940308
-0.582520,0.008545,0.740234
0.286377,-0.086426,1.034546
-0.088989,-0.364868,0.766724
-0.383057,0.177856,0.908447
0.407959,-0.312012,0.982666
-0.540771,-0.080444,0.702515
0.191528,0.011719,1.035034
-0.016846,-0.397095,0.782715
-0.464600,0.186157,0.883545
0.431885,-0.320068,0.994141
-0.506836,-0.125000,0.713745
0.118164,0.084351,1.025024
0.054932,-0.364502,0.817017
-0.509155,0.162964,0.856934
0.456055,-0.302124,1.023071
-0.423584,-0.215210,0.720825
0.033936,0.125000,1.021973
0.131470,-0.393066,0.827515
-0.532349,0.139648,0.820923
0.446777,-0.247314,1.027588
-0.384033,-0.206543,0.735840
0.014160,0.093506,1.020386
0.199219,-0.445312,0.851440
-0.569092,0.149658,0.808838
0.425903,-0.209961,1.020386
-0.317749,-0.219971,0.754272
-0.046387,0.104248,1.015015
0.249634,-0.458008,0.875854
-0.582153,0.100708,0.793457
0.417847,-0.181152,1.038696
-0.262085,-0.276001,0.724365
-0.120728,0.158936,1.005127
0.297607,-0.440308,0.892334
-0.579834,0.074951,0.779419
0.422607,-0.201050,1.029419
-0.214966,-0.307129,0.728516
-0.200439,0.190918,0.981445
0.331787,-0.399658,0.912720
-0.566406,0.021729,0.762329
0.397217,-0.176270,1.049561
-0.167603,-0.340332,0.738770
-0.279663,0.191772,0.941162
0.361328,-0.352295,0.942505
-0.558228,-0.027588,0.754028
0.358032,-0.142456,1.065186
-0.129028,-0.367432,0.749268
-0.323364,0.168091,0.909424
0.388184,-0.337891,0.963989
-0.551880,-0.049683,0.733887
0.288452,-0.102051,1.051270
-0.068970,-0.378174,0.793823
-0.369995,0.164307,0.911133
0.403442,-0.297241,0.987549
-0.530762,-0.075439,0.718018
0.211914,-0.020874,1.056763
0.018555,-0.411255,0.817017
-0.451782,0.168823,0.884155
0.441528,-0.288574,1.016968
-0.472412,-0.118164,0.733276
0.115234,0.070312,1.033569
0.090210,-0.378418,0.853882
-0.508545,0.125244,0.834717
0.451416,-0.280762,1.030273
-0.413452,-0.193237,0.720703
0.045410,0.115723,1.039062
0.165649,-0.391602,0.860962
-0.536499,0.094238,0.816162
0.465698,-0.265015,1.033203
-0.297241,-0.277710,0.748413
-0.035278,0.136230,1.010986
0.228271,-0.381348,0.871948
-0.547729,0.075073,0.802979
0.445923,-0.240967,1.048584
-0.230103,-0.361938,0.728394
-0.105957,0.140991,0.987061
0.287231,-0.377930,0.899170
-0.563965,0.030884,0.767578
0.418701,-0.222534,1.052124
-0.172363,-0.386353,0.745972
-0.209229,0.132690,0.953247
0.353027,-0.373413,0.938965
-0.544067,0.024780,0.761963
0.366333,-0.131104,1.064209
-0.145020,-0.327148,0.781372
-0.261230,0.145874,0.956909
0.385986,-0.362427,0.965332
-0.547729,0.002808,0.749390
0.327759,-0.078613,1.080200
-0.089233,-0.343384,0.791382
-0.330566,0.177856,0.927979
0.411987,-0.330566,0.987915
-0.513184,-0.077393,0.736206
0.264282,-0.044434,1.075684
-0.025024,-0.374878,0.807739
-0.403320,0.190308,0.901978
0.446899,-0.312744,1.013550
-0.474365,-0.116699,0.748657
0.186768,0.001465,1.066528
0.057373,-0.406128,0.823486
-0.459595,0.168091,0.875000
0.459106,-0.279297,1.026489
-0.429565,-0.168335,0.765503
0.113037,0.050415,1.063477
0.148315,-0.412598,0.877563
-0.512451,0.125488,0.838013
0.465210,-0.227539,1.050903
-0.304810,-0.254150,0.769287
-0.007446,0.098145,1.040649
0.253174,-0.435791,0.896118
-0.523438,0.062500,0.806274
0.439697,-0.187744,1.051392
-0.223877,-0.287231,0.761719
-0.106934,0.132690,1.005127
0.326294,-0.397705,0.934692
-0.533569,-0.002930,0.769531
0.386108,-0.065552,1.149780
-0.172607,-0.333618,0.738770
-0.283447,0.200928,0.987183
0.514038,-0.297729,1.084595
-0.423950,-0.151611,0.790283
0.286621,-0.029541,1.136841
0.087280,-0.372314,0.890503
-0.350464,0.143188,0.927002
0.530762,-0.264282,1.099121
-0.350830,-0.176392,0.799927
0.171631,0.074707,1.113403
0.219238,-0.408569,0.929321
-0.416748,0.089966,0.889038
0.528198,-0.221313,1.114014
-0.274414,-0.233643,0.810669
0.064697,0.124146,1.086914
0.303955,-0.391479,0.961914
-0.458618,0.033691,0.847778
0.526367,-0.180176,1.148315
-0.133179,-0.317017,0.824097
-0.049927,0.172974,1.083374
0.374146,-0.359741,0.991089
-0.473145,-0.009644,0.830688
0.484131,-0.137329,1.160889
-0.061768,-0.359253,0.829102
-0.166992,0.199463,1.047729
0.453369,-0.347656,1.033081
-0.481201,-0.042114,0.819336
0.417480,-0.096558,1.152588
0.008057,-0.337280,0.877197
-0.272827,0.214478,1.005005
0.506104,-0.293213,1.094971
-0.417358,-0.139404,0.790771
0.324219,-0.007690,1.157959
0.087402,-0.368652,0.893188
-0.342041,0.174316,0.961182
0.537964,-0.281860,1.108154
-0.354126,-0.203857,0.802246
0.213135,0.041382,1.122070
0.178833,-0.394775,0.918945
-0.388062,0.121704,0.905640
0.556152,-0.239746,1.128052
-0.294800,-0.231689,0.823120
0.105225,0.083618,1.098755
0.272217,-0.391968,0.955322
-0.428955,0.080078,0.864746
0.543701,-0.168579,1.148193
-0.214478,-0.253906,0.841919
0.012939,0.133423,1.089600
0.351440,-0.392700,0.984131
-0.461060,0.016724,0.838135
0.515625,-0.149658,1.167725
-0.083008,-0.346436,0.841064
-0.069458,0.171875,1.076660
0.399780,-0.338867,1.010376
-0.462158,-0.014160,0.825806
0.480957,-0.110596,1.171265
-0.058472,-0.347534,0.854736
-0.173584,0.172852,1.053711
0.460938,-0.344604,1.063965
-0.463013,-0.051270,0.816284
0.433716,-0.035156,1.187500
-0.009033,-0.320557,0.871338
-0.251465,0.210205,1.025146
0.513306,-0.345581,1.084717
-0.425415,-0.139038,0.810425
0.363403,-0.010864,1.171021
0.055542,-0.325684,0.894531
-0.289673,0.155884,0.966187
0.539917,-0.267700,1.128784
-0.388916,-0.206787,0.783569
0.299561,0.014893,1.166382
0.143433,-0.396606,0.909302
-0.362671,0.163208,0.936279
0.567627,-0.269653,1.127563
-0.338379,-0.202515,0.812134
0.205322,0.061279,1.135132
0.231689,-0.417847,0.939941
-0.394531,0.134399,0.918457
0.552246,-0.231079,1.125854
-0.287354,-0.221191,0.826904
0.120605,0.118164,1.109619
0.306274,-0.399658,0.973267
-0.424316,0.077759,0.887329
0.537598,-0.207520,1.135498
-0.227783,-0.250000,0.835327
0.048462,0.170288,1.114502
0.354492,-0.393188,0.982178
-0.452637,0.057129,0.864136
0.545654,-0.188477,1.161011
-0.113037,-0.300293,0.861450
-0.047119,0.181396,1.068359
0.383789,-0.342651,0.998047
-0.438599,-0.018433,0.842773
0.537842,-0.169556,1.176636
-0.051147,-0.331177,0.866943
-0.113770,0.191284,1.057983
0.443604,-0.336670,1.039307
-0.463501,-0.013672,0.834595
0.470215,-0.122314,1.163574
-0.015259,-0.361206,0.877808
-0.180176,0.194336,1.058960
0.480469,-0.300781,1.076416
-0.450806,-0.029175,0.823486
0.399902,-0.051514,1.166382
0.062134,-0.379761,0.914673
-0.251343,0.176147,1.018066
0.515869,-0.269165,1.114624
-0.412354,-0.092163,0.805176
0.320923,0.020142,1.165283
0.146362,-0.393677,0.926758
-0.308472,0.152344,0.974854
0.552979,-0.257324,1.130615
-0.341553,-0.156738,0.824951
0.216919,0.093506,1.142456
0.230957,-0.416870,0.939331
-0.372681,0.093262,0.921509
0.574829,-0.244629,1.137573
-0.272339,-0.207642,0.831543
0.101807,0.162598,1.108765
0.309082,-0.402954,0.967285
-0.416748,0.039185,0.864746
0.553589,-0.196655,1.161987
-0.206055,-0.265503,0.856079
0.019287,0.166748,1.096924
0.377930,-0.385620,1.000854
-0.436768,0.034302,0.859009
0.526611,-0.140625,1.172729
-0.065552,-0.337280,0.868530
-0.074707,0.189453,1.089600
0.423218,-0.358765,1.030273
-0.438232,-0.046265,0.838867
0.489746,-0.084961,1.188599
-0.022705,-0.336548,0.859253
-0.148438,0.218750,1.064941
0.477051,-0.317139,1.067505
-0.438965,-0.083496,0.823486
0.432251,-0.072266,1.177124
0.027710,-0.365967,0.891113
-0.230103,0.223511,1.044556
0.538574,-0.297974,1.112549
-0.417969,-0.119019,0.804443
0.349731,-0.022827,1.157349
0.127441,-0.369507,0.934814
-0.298584,0.172607,0.971924
0.553223,-0.237793,1.135620
-0.348755,-0.171875,0.823486
0.238892,0.064209,1.140869
0.218140,-0.420044,0.946045
-0.341431,0.115967,0.926392
0.551636,-0.222168,1.131958
-0.289307,-0.201538,0.839111
0.157593,0.101440,1.125488
0.292480,-0.417847,0.968506
-0.401611,0.092896,0.882690
0.544800,-0.190674,1.146973
-0.205322,-0.245361,0.864868
0.056641,0.167114,1.117310
0.362305,-0.407715,0.991455
-0.447266,0.043457,0.858276
0.549072,-0.172607,1.179321
-0.135254,-0.270630,0.868286
-0.019409,0.200806,1.109253
0.416138,-0.364136,1.019897
-0.458984,0.023926,0.858276
0.505493,-0.163330,1.161499
-0.011597,-0.375488,0.885986
-0.087524,0.170166,1.081665
0.432373,-0.293823,1.042358
-0.468872,0.005249,0.821411
0.472778,-0.126099,1.157837
0.034912,-0.399292,0.892944
-0.183228,0.183838,1.064697
0.484985,-0.277222,1.094116
-0.447388,-0.040161,0.802734
0.391479,-0.014526,1.168457
0.097412,-0.409424,0.906616
-0.238403,0.156738,1.046509
0.539917,-0.279175,1.134644
-0.423950,-0.088989,0.796631
0.323120,0.039062,1.155762
0.161743,-0.415039,0.936401
-0.316650,0.134277,0.985718
0.572144,-0.256226,1.160400
-0.362061,-0.144287,0.809082
0.217651,0.125732,1.138428
0.229614,-0.424561,0.959961
-0.337036,0.072876,0.941284
0.564575,-0.218994,1.158569
-0.345825,-0.175293,0.811646
0.183350,0.130737,1.142334
0.287598,-0.435425,0.952637
-0.376587,0.076416,0.918579
0.568726,-0.208618,1.164185
-0.265137,-0.207886,0.841431
0.119141,0.194458,1.143799
0.305420,-0.390869,0.968018
-0.411499,0.059204,0.896973
0.574585,-0.234497,1.163330
-0.225830,-0.250610,0.849976
0.049683,0.188354,1.110107
0.382202,-0.398315,0.996704
-0.446899,0.052856,0.857788
0.528198,-0.153564,1.164795
-0.108765,-0.280884,0.897583
-0.026611,0.180786,1.091797
0.415649,-0.375610,1.014282
-0.437866,0.004395,0.849365
0.497803,-0.114868,1.162109
-0.003174,-0.336548,0.900269
-0.104736,0.213623,1.094116
0.457031,-0.343262,1.052734
-0.441040,-0.060059,0.824707
0.460938,-0.081909,1.179810
0.016235,-0.339478,0.886719
-0.174805,0.234741,1.068726
0.510376,-0.286377,1.108765
-0.421753,-0.092896,0.825562
0.389404,-0.051392,1.163940
0.079224,-0.390625,0.904785
-0.255615,0.208374,1.021118
0.546387,-0.272461,1.117310
-0.377563,-0.107910,0.839966
0.308105,0.014038,1.143188
0.181030,-0.404907,0.947998
-0.314575,0.119629,0.946045
0.552612,-0.233765,1.151978
-0.327637,-0.175415,0.826172
0.206787,0.115234,1.154053
0.257935,-0.454468,0.943359
-0.382935,0.090454,0.921509
0.568848,-0.228882,1.149658
-0.269653,-0.240479,0.825562
0.110962,0.166870,1.121948
0.331909,-0.421387,0.983765
-0.428223,0.072998,0.884277
0.558105,-0.205078,1.166382
-0.194824,-0.247192,0.861816
0.031128,0.215088,1.121460
0.377075,-0.386597,1.003784
-0.450073,0.038696,0.864136
0.524048,-0.183472,1.153320
-0.106201,-0.322876,0.868652
-0.021851,0.215698,1.125854
0.422852,-0.358643,1.023804
-0.463623,0.047485,0.845337
0.490967,-0.142822,1.155029
-0.002441,-0.397705,0.884399
-0.093384,0.177734,1.092651
0.457642,-0.333862,1.063232
-0.463135,0.003784,0.834229
0.454956,-0.110718,1.163208
0.036255,-0.376831,0.884644
-0.177490,0.206909,1.058594
0.497925,-0.319458,1.088379
-0.412476,-0.084595,0.828125
0.387085,-0.013184,1.165161
0.061279,-0.348022,0.906128
-0.228882,0.169312,1.022461
0.549438,-0.280029,1.129639
-0.397827,-0.123169,0.815430
0.317871,0.007446,1.145752
0.152954,-0.398438,0.930298
-0.287842,0.152832,0.964355
0.549561,-0.257080,1.128052
-0.347534,-0.163208,0.835205
0.231812,0.040527,1.123901
0.223267,-0.446777,0.941528
-0.336304,0.080688,0.920898
0.557739,-0.204834,1.151123
-0.293457,-0.188965,0.835693
0.160767,0.131836,1.130005
0.286011,-0.450073,0.948608
-0.395386,0.050537,0.870361
0.570923,-0.211548,1.151733
-0.233643,-0.219727,0.853149
0.062256,0.180298,1.103394
0.375366,-0.444580,0.994019
-0.432983,0.054077,0.866455
0.530273,-0.176880,1.142700
-0.190918,-0.226440,0.857666
0.013428,0.213867,1.112671
0.411133,-0.391846,1.021118
-0.436401,0.004272,0.856567
0.512817,-0.146851,1.164307
-0.111450,-0.273315,0.869629
-0.058716,0.226685,1.093872
0.445679,-0.367432,1.045776
-0.457031,-0.006958,0.842407
0.485962,-0.127563,1.168579
0.010742,-0.344727,0.890259
-0.121216,0.230347,1.074341
0.462036,-0.316040,1.057373
-0.447266,-0.027100,0.836182
0.444458,-0.116455,1.154297
0.035522,-0.433960,0.873901
-0.186157,0.157593,1.028076
0.504761,-0.286743,1.104736
-0.410889,-0.067261,0.810669
0.383545,-0.014404,1.160156
0.086060,-0.380005,0.915039
-0.257202,0.175659,1.024780
0.522461,-0.272583,1.121216
-0.393799,-0.107666,0.825562
0.326782,0.010620,1.152344
0.147339,-0.389648,0.925171
-0.318115,0.190918,0.985962
0.557739,-0.269653,1.135742
-0.343384,-0.166626,0.836426
0.232422,0.052246,1.121216
0.203369,-0.441650,0.927246
-0.333740,0.094849,0.916748
0.561890,-0.228027,1.135376
-0.312256,-0.170776,0.827271
0.170776,0.127075,1.132568
0.278442,-0.467163,0.939087
-0.392212,0.056519,0.878784
0.550537,-0.220581,1.134766
-0.263794,-0.204224,0.834961
0.099487,0.173218,1.129272
0.335938,-0.438965,0.975952
-0.441162,0.047852,0.852905
0.552979,-0.199707,1.165161
-0.206299,-0.256958,0.838745
0.017944,0.225464,1.102661
0.385010,-0.409302,0.983276
-0.429321,0.035156,0.855713
0.514648,-0.168091,1.152222
-0.152832,-0.302734,0.847778
-0.027588,0.194580,1.072510
0.420898,-0.370483,1.023804
-0.446777,-0.013550,0.835693
0.496216,-0.161865,1.149170
-0.050293,-0.315308,0.884644
-0.086792,0.204956,1.076050
0.443726,-0.362305,1.024536
-0.462402,-0.024780,0.824707
0.473755,-0.127563,1.151123
0.025024,-0.354126,0.886597
-0.143433,0.219971,1.060913
0.466797,-0.325562,1.059570
-0.443359,-0.066162,0.810181
0.438354,-0.101929,1.147705
0.059692,-0.351440,0.905396
-0.204346,0.213989,1.032715
0.496094,-0.296631,1.074219
-0.425415,-0.102905,0.816650
0.376709,-0.069458,1.133545
0.096313,-0.394043,0.913452
-0.260498,0.214844,1.027100
0.524902,-0.279053,1.091309
-0.398804,-0.119385,0.806641
0.310669,-0.019531,1.120239
0.159424,-0.398071,0.924927
-0.305054,0.144287,0.954590
0.544434,-0.252441,1.119629
-0.364258,-0.147705,0.808350
0.227783,0.033081,1.101318
0.238525,-0.467285,0.940674
-0.373657,0.097412,0.893433
0.552856,-0.231201,1.126953
-0.315186,-0.181030,0.815552
0.125610,0.136108,1.103394
0.308594,-0.465332,0.954346
-0.389771,0.061035,0.880859
0.538818,-0.209717,1.128174
-0.250366,-0.209961,0.823730
0.048584,0.201172,1.099731
0.350708,-0.412964,0.971924
-0.431641,0.039673,0.866943
0.539551,-0.208618,1.153320
-0.173340,-0.302124,0.836304
-0.038696,0.247559,1.100098
0.407104,-0.381958,1.008423
-0.473022,-0.006592,0.825684
0.491455,-0.185059,1.141235
-0.041382,-0.353271,0.868896
-0.081665,0.220581,1.074463
0.427124,-0.329712,1.028442
-0.492920,0.003052,0.814453
0.466064,-0.185547,1.128296
0.035889,-0.445801,0.868896
-0.137817,0.156250,1.045776
0.461914,-0.290527,1.067017
-0.472290,-0.017700,0.801147
0.416016,-0.088745,1.136841
0.065063,-0.423096,0.891357
-0.186646,0.171509,1.052246
0.510376,-0.298218,1.082153
-0.485962,0.002686,0.784180
0.353149,-0.104004,1.090088
0.121948,-0.417847,0.920532
-0.256836,0.163452,1.009644
0.517944,-0.265869,1.109253
-0.433960,-0.077393,0.797607
0.308105,-0.022705,1.116577
0.157227,-0.436401,0.918457
-0.315552,0.154785,1.000732
0.550781,-0.283691,1.118408
-0.396973,-0.114136,0.787109
0.227417,0.074951,1.106934
0.199951,-0.430176,0.930908
-0.341919,0.085449,0.932861
0.564819,-0.299194,1.122925
-0.377441,-0.145508,0.799316
0.163696,0.096069,1.084106
0.261230,-0.446899,0.939941
-0.372437,0.058716,0.884277
0.570679,-0.250488,1.138794
-0.328247,-0.185059,0.800903
0.113037,0.145874,1.084717
0.296265,-0.432617,0.948853
-0.414917,0.017334,0.850098
0.556030,-0.228516,1.148682
-0.257324,-0.255005,0.820435
0.043213,0.168701,1.078003
0.345581,-0.428223,0.962158
-0.445557,0.029785,0.830811
0.519775,-0.203369,1.130371
-0.180664,-0.260864,0.859131
-0.020508,0.179932,1.063354
0.377075,-0.395630,0.985962
-0.448608,0.004150,0.834351
0.489868,-0.158813,1.130737
-0.093262,-0.270264,0.867554
-0.088745,0.205078,1.069702
0.432861,-0.381348,1.017090
-0.441162,-0.035034,0.823364
0.437134,-0.097412,1.130127
0.015503,-0.349243,0.875610
-0.165405,0.195435,1.025879
0.476318,-0.349243,1.039917
-0.436401,-0.082275,0.794922
0.379761,-0.064453,1.124268
0.068970,-0.375610,0.873169
-0.235962,0.180786,1.006958
0.497803,-0.292603,1.070068
-0.406860,-0.123291,0.805786
0.301147,-0.002563,1.120483
0.129761,-0.396362,0.895020
-0.319458,0.146606,0.951660
0.526245,-0.294678,1.099365
-0.381348,-0.196045,0.784302
0.193726,0.060669,1.093994
0.239624,-0.453979,0.916748
-0.382080,0.109131,0.892700
0.550049,-0.239990,1.124390
-0.301147,-0.234253,0.799316
0.083740,0.118896,1.063110
0.305664,-0.457397,0.940796
-0.426880,0.060913,0.847534
0.532593,-0.212036,1.120850
-0.213013,-0.255981,0.832642
-0.009399,0.202637,1.081909
0.357910,-0.443604,0.956909
-0.444946,0.036499,0.823975
0.507324,-0.157593,1.136841
-0.142700,-0.258789,0.853027
-0.091309,0.231567,1.063354
0.414429,-0.428101,0.979858
-0.451416,-0.030151,0.824341
0.472900,-0.126709,1.142090
-0.044556,-0.296997,0.872803
-0.157227,0.217896,1.036987
0.456787,-0.368896,1.028198
-0.471558,-0.052368,0.789551
0.414795,-0.096069,1.132568
0.054932,-0.408325,0.855835
-0.187012,0.202271,1.031616
0.468262,-0.309692,1.047607
-0.450684,-0.061035,0.791382
0.343384,-0.084595,1.090088
0.109375,-0.443604,0.869385
-0.267456,0.157959,0.981812
0.507690,-0.270874,1.081543
-0.423584,-0.096680,0.792969
0.261719,-0.020996,1.085449
0.167480,-0.472168,0.887329
-0.340088,0.117554,0.925537
0.530762,-0.252563,1.101196
-0.367798,-0.152466,0.794556
0.167480,0.054810,1.074951
0.237427,-0.501099,0.894897
-0.404785,0.059326,0.861084
0.537231,-0.235107,1.106323
-0.307373,-0.180176,0.798096
0.066040,0.138306,1.069214
0.323486,-0.498535,0.927124
-0.428345,0.022705,0.837524
0.508911,-0.197998,1.113403
-0.244141,-0.225464,0.813843
-0.009277,0.185791,1.058960
0.380371,-0.442505,0.973389
-0.454346,-0.001465,0.820923
0.481323,-0.164062,1.123047
-0.129883,-0.258301,0.842163
-0.094604,0.240723,1.063477
0.416626,-0.389282,0.994629
-0.467163,-0.040894,0.799805
0.441895,-0.142822,1.120239
-0.004150,-0.360107,0.860474
-0.175049,0.239990,1.046875
0.453247,-0.364380,1.009399
-0.452881,-0.061768,0.804810
0.361694,-0.099854,1.094849
0.081665,-0.426514,0.873901
-0.228027,0.153564,0.992676
0.489624,-0.292969,1.062988
-0.444214,-0.086792,0.789673
0.280884,-0.050781,1.066772
0.139526,-0.447632,0.875366
-0.321655,0.170776,0.955566
0.516235,-0.264526,1.078491
-0.369751,-0.145020,0.805420
0.176514,0.053101,1.067749
0.207153,-0.481201,0.884277
-0.382324,0.053345,0.860596
0.543823,-0.250366,1.115479
-0.316406,-0.194702,0.803467
0.067993,0.145020,1.055908
0.295898,-0.487427,0.917969
-0.431763,0.026123,0.829468
0.515259,-0.213013,1.106323
-0.223511,-0.250610,0.816895
-0.027222,0.205322,1.056152
0.352051,-0.439819,0.961426
-0.459595,0.000732,0.828247
0.484985,-0.176758,1.118164
-0.166138,-0.263916,0.834473
-0.099365,0.220581,1.042114
0.407104,-0.400513,0.990967
-0.468018,-0.039917,0.803101
0.446655,-0.130371,1.127930
-0.049438,-0.315186,0.851196
-0.154297,0.209717,1.030884
0.439453,-0.374268,1.001709
-0.469727,-0.057861,0.790039
0.394897,-0.125977,1.106079
0.069702,-0.434814,0.857788
-0.229736,0.194702,0.991455
0.455566,-0.304810,1.033081
-0.436035,-0.092041,0.790649
0.337036,-0.092407,1.085205
0.095337,-0.436768,0.858887
-0.295776,0.166260,0.952637
0.509888,-0.284180,1.063110
-0.417603,-0.110596,0.786011
0.240845,-0.010742,1.071167
0.165894,-0.457520,0.879639
-0.361206,0.120483,0.906860
0.524048,-0.268066,1.081665
-0.365234,-0.170288,0.787109
0.135254,0.083374,1.067871
0.250977,-0.494507,0.895142
-0.416992,0.041260,0.839478
0.524658,-0.242188,1.089600
-0.299927,-0.206299,0.796631
0.051270,0.154297,1.064575
0.318481,-0.446289,0.942871
-0.458862,0.005493,0.799072
0.500000,-0.235840,1.093628
-0.208618,-0.260620,0.819214
-0.031738,0.210693,1.070312
0.373779,-0.423706,0.967407
-0.504761,0.021118,0.789551
0.459595,-0.192749,1.092407
-0.095337,-0.307129,0.859253
-0.094727,0.177246,1.044922
0.398560,-0.379883,0.980103
-0.482910,-0.023682,0.793213
0.422119,-0.143799,1.096924
0.012939,-0.407593,0.840454
-0.185547,0.200684,1.021973
0.449097,-0.368164,1.011230
-0.476318,-0.045532,0.790527
0.353394,-0.101562,1.083130
0.062012,-0.439209,0.843384
-0.235474,0.146973,0.972534
0.500122,-0.336060,1.043823
-0.441528,-0.106079,0.780640
0.289917,-0.020264,1.071899
0.086792,-0.389404,0.854248
-0.289795,0.126709,0.940063
0.519287,-0.313232,1.075806
-0.422241,-0.150879,0.774170
0.200439,0.023926,1.053589
0.162842,-0.433960,0.863647
-0.353394,0.112305,0.898682
0.531494,-0.278076,1.075928
-0.363647,-0.168335,0.793213
0.117432,0.086914,1.049438
0.249268,-0.500488,0.875610
-0.408081,0.025513,0.832520
0.520264,-0.223999,1.088745
-0.295288,-0.193359,0.801025
0.036499,0.138672,1.054443
0.329346,-0.489014,0.911743
-0.480591,0.043335,0.800171
0.487183,-0.185791,1.104980
-0.178467,-0.270874,0.816284
-0.069702,0.199097,1.042358
0.361938,-0.417480,0.951904
-0.480835,0.003784,0.801270
0.463623,-0.167725,1.101318
-0.091919,-0.330200,0.828369
-0.136841,0.193604,1.021362
0.420044,-0.365967,0.994263
-0.478882,-0.051392,0.779175
0.402588,-0.124023,1.104492
0.031006,-0.396729,0.853271
-0.209717,0.177246,0.986938
0.449707,-0.328857,1.019653
-0.452637,-0.097778,0.768066
0.333496,-0.068359,1.081787
0.076416,-0.423340,0.842529
-0.283936,0.151733,0.955322
0.499878,-0.346802,1.039551
-0.420654,-0.138062,0.785889
0.235352,-0.002441,1.061768
0.130981,-0.416992,0.864380
-0.365234,0.123535,0.899414
0.524658,-0.301514,1.076782
-0.361328,-0.184082,0.777466
0.121216,0.073853,1.051636
0.239990,-0.463013,0.882690
-0.414795,0.071533,0.835815
0.511108,-0.252808,1.068848
-0.286133,-0.225830,0.802002
0.018799,0.115601,1.036377
0.324707,-0.460327,0.927490
-0.457764,0.039429,0.795532
0.474731,-0.166504,1.095581
-0.177979,-0.238159,0.838867
-0.101440,0.182129,1.033936
0.397339,-0.432495,0.971802
-0.467773,-0.027344,0.786133
0.419922,-0.097656,1.099487
-0.048218,-0.311279,0.841675
-0.183716,0.161865,0.990845
0.467041,-0.405029,1.010742
-0.470581,-0.084839,0.781738
0.326904,-0.060425,1.072632
0.081787,-0.416138,0.843140
-0.265381,0.130981,0.948242
0.487183,-0.322021,1.036011
-0.426636,-0.129517,0.771240
0.230103,-0.004639,1.055542
0.145996,-0.421875,0.857422
-0.368286,0.119263,0.890747
0.511963,-0.260620,1.074219
-0.355347,-0.198975,0.768677
0.103271,0.090576,1.056030
0.249634,-0.489380,0.876953
-0.446899,0.042358,0.813965
0.516479,-0.266724,1.087036
-0.263184,-0.254761,0.784912
-0.024414,0.179199,1.048096
0.317017,-0.428711,0.917358
-0.482544,0.026855,0.805054
0.486572,-0.224487,1.092407
-0.147339,-0.299561,0.820679
-0.109131,0.198486,1.040283
0.382202,-0.390625,0.964355
-0.491943,0.011841,0.788452
0.421021,-0.146729,1.076050
-0.022583,-0.366089,0.842773
-0.181885,0.174561,1.001343
0.432251,-0.367798,0.990234
-0.466675,-0.056274,0.786499
0.335693,-0.066406,1.073608
0.074463,-0.424316,0.842285
-0.281738,0.186768,0.965820
0.485596,-0.362183,1.023315
-0.428955,-0.142090,0.781616
0.244995,-0.015991,1.060547
0.115112,-0.413086,0.848267
-0.479614,0.080078,0.778320
0.469116,-0.258301,1.012695
-0.372681,-0.152344,0.800659
-0.037720,0.149292,1.005737
0.216553,-0.464722,0.871948
-0.523804,0.007812,0.740845
0.437256,-0.218506,1.043823
-0.185669,-0.262573,0.785400
-0.132202,0.220337,0.998413
0.333618,-0.392578,0.917114
-0.530762,-0.000977,0.773071
0.394897,-0.175049,1.044922
-0.043213,-0.394531,0.813354
-0.224609,0.167847,0.940552
0.391113,-0.353394,0.944702
-0.520386,-0.005981,0.744263
0.287109,-0.107666,0.996460
0.044556,-0.436646,0.815918
-0.283081,0.101440,0.890381
0.437866,-0.333130,0.974854
-0.497192,-0.055542,0.750488
0.193726,0.000610,1.004639
0.102783,-0.470093,0.788940
-0.377075,0.110352,0.847412
0.459106,-0.311523,0.989258
-0.446167,-0.142700,0.751221
0.107788,0.022705,1.000366
0.168335,-0.458740,0.821777
-0.471558,0.108154,0.796021
0.464233,-0.266968,1.002441
-0.347534,-0.157959,0.772949
0.000244,0.099731,1.005005
0.264282,-0.515625,0.853516
-0.530762,0.039551,0.733887
0.440063,-0.194214,1.029541
-0.220215,-0.212891,0.790283
-0.116089,0.204590,0.999268
0.334229,-0.443481,0.904663
-0.539429,0.022705,0.764526
0.403687,-0.177490,1.029663
-0.097900,-0.336792,0.800781
-0.209961,0.179443,0.958862
0.385742,-0.403809,0.932861
-0.526001,-0.011475,0.756836
0.340698,-0.138428,1.003540
0.017944,-0.412476,0.800171
-0.279297,0.158813,0.898926
0.419312,-0.358032,0.963013
-0.501831,-0.105591,0.729370
0.263672,-0.093628,1.001099
0.075317,-0.452515,0.785156
-0.355713,0.145996,0.847290
0.448608,-0.299194,0.979492
-0.459595,-0.132202,0.751221
0.165894,-0.037476,0.989502
0.106201,-0.504150,0.786499
-0.430054,0.093994,0.800537
0.465454,-0.250610,1.003906
-0.400269,-0.134888,0.740845
0.058228,0.090698,1.016968
0.200073,-0.497314,0.842285
-0.486328,0.070679,0.777588
0.463623,-0.268066,0.999390
-0.336914,-0.175171,0.769775
-0.030151,0.167725,1.017090
0.273071,-0.466675,0.874756
-0.529053,0.053345,0.758057
0.455933,-0.237061,1.028931
-0.223755,-0.245850,0.794556
-0.108765,0.199829,0.996094
0.311035,-0.432495,0.900513
-0.539673,0.018066,0.754395
0.427246,-0.196533,1.041748
-0.136475,-0.315186,0.789307
-0.180786,0.226685,0.983887
0.351685,-0.390747,0.925659
-0.525146,-0.020508,0.758057
0.385986,-0.184082,1.029541
-0.068848,-0.374268,0.788330
-0.251953,0.195312,0.929565
0.406494,-0.384277,0.937500
-0.512573,-0.040527,0.758057
0.323853,-0.114990,1.014038
0.019653,-0.434204,0.790405
-0.290894,0.156372,0.889526
0.420288,-0.368774,0.944580
-0.488159,-0.109375,0.747437
0.263794,-0.063721,1.010986
0.069946,-0.444580,0.780518
-0.366699,0.141357,0.844971
0.461426,-0.331543,0.982300
-0.461914,-0.109253,0.758423
0.170288,0.013794,1.015015
0.107910,-0.464844,0.790039
-0.409546,0.117676,0.810425
0.451172,-0.271851,0.996216
-0.403198,-0.163086,0.765991
0.085571,0.050171,1.016968
0.168701,-0.468140,0.812378
-0.470215,0.102661,0.782471
0.453979,-0.256470,0.992554
-0.348389,-0.180054,0.769775
0.000000,0.094116,1.001099
0.254028,-0.481689,0.854614
-0.505493,0.045166,0.742432
0.435913,-0.203735,1.009888
-0.246338,-0.191162,0.784180
-0.096436,0.163818,0.993164
0.315308,-0.485352,0.885132
-0.530518,0.016479,0.749390
0.409546,-0.134399,1.039917
-0.135376,-0.257690,0.799438
-0.188232,0.186279,0.959839
0.384766,-0.455200,0.925293
-0.523438,-0.042480,0.741943
0.356445,-0.073242,1.035034
-0.034058,-0.369141,0.772339
-0.276611,0.191650,0.916260
0.426758,-0.400513,0.958862
-0.499634,-0.112061,0.741577
0.272705,-0.055542,1.030762
0.040894,-0.432007,0.775269
-0.362305,0.161377,0.850464
0.454102,-0.349121,0.975342
-0.460815,-0.150757,0.748413
0.186035,-0.044312,0.999634
0.098022,-0.450806,0.784912
-0.430054,0.123169,0.785034
0.459473,-0.270386,0.990112
-0.392090,-0.164795,0.764282
0.066284,0.041504,1.002686
0.182007,-0.484131,0.822876
-0.497314,0.079956,0.755737
0.454834,-0.229858,1.020020
-0.287476,-0.193604,0.787354
-0.063843,0.165161,1.012573
0.278687,-0.484619,0.867310
-0.533325,-0.000854,0.738525
0.427856,-0.176636,1.037964
-0.169800,-0.256348,0.793457
-0.166626,0.202881,0.976685
0.358154,-0.408691,0.923950
-0.531616,-0.002808,0.766235
0.376221,-0.145264,1.023926
-0.039673,-0.387085,0.783447
-0.232788,0.138306,0.912109
0.402466,-0.354980,0.960571
-0.523926,-0.051392,0.742188
0.279785,-0.078003,1.010376
0.036255,-0.467041,0.770264
-0.315308,0.111084,0.866455
0.452271,-0.320923,0.980347
-0.483765,-0.091553,0.736450
0.165161,-0.020020,0.982422
0.099121,-0.471924,0.785156
-0.412231,0.084961,0.805420
0.478149,-0.282959,1.015015
-0.401855,-0.183594,0.748047
0.040894,0.109985,0.999146
0.185059,-0.428711,0.831299
-0.504639,0.056396,0.765137
0.476685,-0.319458,1.017700
-0.324097,-0.245483,0.762817
-0.025391,0.170288,1.027466
0.247070,-0.405884,0.864014
-0.545166,0.077393,0.755127
0.473145,-0.292236,1.020752
-0.199219,-0.298340,0.809448
-0.117432,0.183472,0.988159
0.294922,-0.384888,0.896973
-0.541626,0.057739,0.754395
0.413208,-0.179810,1.025146
-0.107178,-0.310181,0.817993
-0.173828,0.153687,0.962280
0.364136,-0.418945,0.923950
-0.536499,0.027344,0.754883
0.350586,-0.096069,1.016602
-0.054810,-0.382935,0.784302
-0.219482,0.142822,0.923218
0.396362,-0.377319,0.950684
-0.530884,-0.052124,0.740356
0.316284,-0.092407,1.006714
0.029663,-0.409912,0.794189
-0.298340,0.184692,0.891602
0.420532,-0.351929,0.947266
-0.500000,-0.077637,0.751953
0.270630,-0.075073,1.009766
0.064209,-0.449707,0.788696
-0.358765,0.145142,0.848389
0.450806,-0.336548,0.971924
-0.461304,-0.117432,0.760254
0.187500,-0.018433,1.010132
0.081909,-0.467285,0.767700
-0.386841,0.100342,0.824707
0.471069,-0.300537,0.986816
-0.431030,-0.130615,0.764404
0.098389,0.029785,0.988159
0.122803,-0.478149,0.793335
-0.441895,0.074585,0.786499
0.468384,-0.267334,1.002075
-0.383911,-0.135620,0.772949
0.025513,0.096436,1.014282
0.224243,-0.499390,0.844727
-0.519531,0.043823,0.754028
0.459839,-0.225098,1.025391
-0.283936,-0.191406,0.783081
-0.091553,0.189087,1.000732
0.309692,-0.467407,0.890991
-0.537231,0.000122,0.741089
0.416138,-0.206665,1.021606
-0.163330,-0.283081,0.790405
-0.180176,0.187866,0.958862
0.365723,-0.418457,0.915527
-0.515869,-0.014404,0.764160
0.364624,-0.126709,1.028320
-0.055054,-0.348633,0.787476
-0.254150,0.151489,0.905518
0.421509,-0.416016,0.936035
-0.500854,-0.103394,0.756714
0.280640,-0.074951,1.021484
0.042969,-0.419678,0.789185
-0.355225,0.139526,0.838501
0.443237,-0.303345,0.985596
-0.450806,-0.158569,0.746216
0.189209,-0.050293,1.013428
0.092773,-0.455566,0.788330
-0.441650,0.127563,0.796997
0.451172,-0.273682,0.990601
-0.385620,-0.194580,0.753662
0.067383,0.051636,1.004517
0.178955,-0.461792,0.832642
-0.517456,0.080200,0.750977
0.460327,-0.236084,1.013428
-0.277100,-0.203857,0.781494
-0.057373,0.151733,1.000488
0.292114,-0.472412,0.876831
-0.550415,0.031006,0.733521
0.416382,-0.176636,1.030273
-0.121704,-0.288086,0.801514
-0.179443,0.202881,0.972534
0.350098,-0.414429,0.917236
-0.538330,-0.032959,0.738159
0.359009,-0.119751,1.025146
-0.026123,-0.391968,0.777100
-0.273193,0.173950,0.908325
0.409058,-0.339600,0.963867
-0.494385,-0.123047,0.744751
0.257935,-0.094238,1.012695
0.063232,-0.477173,0.776245
-0.368286,0.125854,0.824219
0.441162,-0.283081,0.979126
-0.449829,-0.067383,0.765015
0.147705,0.002808,1.009155
0.115234,-0.491333,0.781982
-0.451660,0.095825,0.787842
0.466675,-0.249756,1.005005
-0.354736,-0.168213,0.764893
0.003296,0.142456,1.013916
0.222900,-0.466431,0.844971
-0.517700,0.030640,0.748657
0.454102,-0.234863,1.021484
-0.243530,-0.236816,0.777100
-0.084229,0.188965,1.012695
0.296875,-0.407715,0.899292
-0.567261,0.042114,0.753174
0.419189,-0.209595,1.021240
-0.123291,-0.307251,0.803711
-0.166870,0.184814,0.973755
0.359253,-0.392212,0.909546
-0.541138,0.063599,0.766724
0.356201,-0.145874,1.002930
-0.025391,-0.375366,0.809204
-0.232910,0.152222,0.920410
0.389526,-0.361694,0.937134
-0.522827,-0.040894,0.725586
0.311646,-0.090942,1.007202
0.035889,-0.429565,0.792358
-0.320679,0.161621,0.885376
0.437988,-0.338135,0.965454
-0.489624,-0.103394,0.730591
0.221069,-0.050171,0.993408
0.084839,-0.463623,0.783936
-0.373901,0.133911,0.832031
0.443604,-0.293457,0.983276
-0.441406,-0.128052,0.753052
0.146118,0.001831,1.012817
0.122437,-0.493042,0.787598
-0.456787,0.110962,0.791748
0.459839,-0.278931,0.988892
-0.386963,-0.154297,0.753662
0.068970,0.086548,1.010864
0.176270,-0.451660,0.821655
-0.500244,0.067261,0.761475
0.471924,-0.285156,1.004272
-0.316650,-0.215332,0.767700
-0.041138,0.153687,1.010498
0.257690,-0.438843,0.861572
-0.516357,0.031860,0.741089
0.447021,-0.233154,1.025146
-0.224487,-0.224976,0.793091
-0.115845,0.165405,0.976318
0.323120,-0.447388,0.894287
-0.538574,-0.014526,0.738525
0.399292,-0.138672,1.038940
-0.098633,-0.295410,0.789429
-0.214478,0.205322,0.953735
0.372314,-0.414551,0.919556
-0.526001,-0.060791,0.747559
0.341919,-0.129639,1.024048
-0.035767,-0.396851,0.766968
-0.255127,0.148315,0.889526
0.421143,-0.338135,0.958008
-0.511475,-0.044678,0.757446
0.261963,-0.081055,0.995605
0.051880,-0.468018,0.767578
-0.338013,0.095703,0.841553
0.438599,-0.290649,0.987305
-0.470825,-0.113281,0.751343
0.159912,-0.007446,1.004028
0.106689,-0.490601,0.772583
-0.440063,0.092285,0.788086
0.463135,-0.263306,1.008301
-0.369995,-0.176392,0.756592
0.025879,0.128418,1.005981
0.202393,-0.437378,0.833374
-0.507202,0.054932,0.764771
0.465576,-0.283813,1.017090
-0.298218,-0.212891,0.772583
-0.066528,0.201050,1.010376
0.271606,-0.408081,0.884033
-0.546875,0.021240,0.740967
0.437256,-0.261353,1.013794
-0.158691,-0.274902,0.814331
-0.121338,0.209717,0.999023
0.312866,-0.350952,0.916260
-0.572754,0.071899,0.750732
0.392944,-0.201782,1.006836
-0.056396,-0.344849,0.823730
-0.176147,0.145386,0.949341
0.355713,-0.349487,0.932739
-0.551392,0.037842,0.741211
0.351318,-0.133057,1.010620
0.018188,-0.408447,0.814697
-0.253662,0.144531,0.920288
0.392212,-0.343628,0.940063
-0.523804,-0.037109,0.725708
0.302612,-0.082275,1.012451
0.042358,-0.437256,0.784058
-0.322754,0.141357,0.879639
0.424683,-0.358032,0.950806
-0.492554,-0.089355,0.742432
0.218750,-0.035889,1.002319
0.083862,-0.447998,0.789429
-0.381836,0.136230,0.839844
0.447632,-0.314819,0.981079
-0.458740,-0.099731,0.745728
0.152588,0.031250,1.011108
0.112549,-0.462402,0.803833
-0.438843,0.085815,0.803589
0.473755,-0.305542,0.991211
-0.389771,-0.136597,0.760620
0.041260,0.155884,1.025024
0.172729,-0.421631,0.842896
-0.483521,0.031738,0.765503
0.486328,-0.299683,1.015137
-0.339478,-0.195190,0.758789
-0.032471,0.208618,1.027710
0.232788,-0.414673,0.849487
-0.501099,0.020630,0.754150
0.476807,-0.275513,1.030518
-0.270264,-0.209595,0.788330
-0.102539,0.209229,0.983398
0.284546,-0.421265,0.879395
-0.529541,0.006226,0.748291
0.435181,-0.220825,1.038330
-0.165161,-0.266724,0.812378
-0.157349,0.193848,0.958496
0.311035,-0.396851,0.897339
-0.543701,0.008179,0.760254
0.417603,-0.200317,1.042603
-0.083740,-0.346924,0.802002
-0.197021,0.191895,0.947266
0.356934,-0.371826,0.915161
-0.531982,0.026245,0.750977
0.361206,-0.141113,1.019897
-0.003174,-0.419434,0.804199
-0.256470,0.154663,0.912598
0.402344,-0.369751,0.938599
-0.519043,-0.038208,0.726685
0.281128,-0.046387,1.019409
0.051270,-0.452148,0.787231
-0.316040,0.119385,0.888916
0.441040,-0.379639,0.964355
-0.497192,-0.082764,0.732788
0.201904,0.006104,1.000000
0.072876,-0.423950,0.782471
-0.386841,0.137695,0.848267
0.462280,-0.327148,0.987915
-0.450439,-0.155518,0.750000
0.127563,0.037476,1.000854
0.122314,-0.438477,0.807007
-0.460693,0.101929,0.787109
0.480347,-0.299683,1.004883
-0.359985,-0.172607,0.780762
0.045654,0.129761,1.022339
0.179565,-0.417969,0.830811
-0.496704,0.042480,0.760620
0.477051,-0.288330,1.010254
-0.319702,-0.204102,0.776611
-0.024902,0.168701,1.017334
0.260132,-0.448242,0.872803
-0.534790,0.059204,0.746704
0.450439,-0.226562,1.025879
-0.229614,-0.249268,0.785400
-0.108765,0.183472,0.991211
0.317749,-0.432861,0.899658
-0.538208,0.027344,0.761230
0.409790,-0.174683,1.031128
-0.158813,-0.288696,0.778076
-0.159180,0.192749,0.974609
0.370972,-0.419434,0.923218
-0.544189,0.014771,0.770752
0.382690,-0.138672,1.021973
-0.065552,-0.348022,0.790161
-0.232178,0.168457,0.921021
0.392334,-0.384277,0.949585
-0.530640,-0.069702,0.745483
0.356567,-0.149292,1.023926
0.015625,-0.408691,0.801392
-0.296753,0.209839,0.904297
0.407959,-0.357056,0.941528
-0.505005,-0.089722,0.744019
0.293335,-0.122314,1.006226
0.056396,-0.486328,0.783203
-0.339111,0.149536,0.858276
0.445801,-0.319092,0.969727
-0.494629,-0.058228,0.749146
0.218262,-0.056885,0.998779
0.073486,-0.486694,0.780151
-0.372192,0.099976,0.819702
0.458618,-0.278809,0.998901
-0.467896,-0.104126,0.741577
0.139038,0.021606,1.004395
0.122925,-0.499023,0.795288
-0.412964,0.092285,0.813965
0.465576,-0.258301,1.009277
-0.437866,-0.110718,0.741577
0.073364,0.072266,1.007202
0.198608,-0.507812,0.831177
-0.485229,0.069214,0.768311
0.465576,-0.253540,1.011353
-0.360229,-0.152466,0.762939
-0.015259,0.140137,0.993164
0.252197,-0.490234,0.849609
-0.494995,0.011597,0.755493
0.448364,-0.226929,1.018921
-0.297119,-0.178345,0.767334
-0.078979,0.180420,0.996948
0.299683,-0.435791,0.894409
-0.526123,0.006592,0.752808
0.433594,-0.217529,1.024902
-0.206543,-0.263550,0.776978
-0.134155,0.212036,0.982544
0.330566,-0.421387,0.908936
-0.530640,0.004883,0.764893
0.424683,-0.198608,1.039185
-0.135986,-0.303345,0.799194
-0.197998,0.206299,0.953979
0.368652,-0.375000,0.929688
-0.519775,-0.006104,0.767334
0.376343,-0.158447,1.037109
-0.043091,-0.387695,0.795898
-0.238892,0.183105,0.926758
0.392456,-0.337891,0.945557
-0.525757,-0.037109,0.753784
0.325684,-0.152100,1.004272
0.018311,-0.451294,0.790039
-0.291016,0.154175,0.892700
0.419678,-0.305298,0.970703
-0.521729,-0.040039,0.740723
0.252563,-0.097168,0.987549
0.088745,-0.461670,0.807373
-0.327881,0.127197,0.866455
0.422974,-0.297485,0.976807
-0.496094,-0.044434,0.761475
0.196411,-0.030151,0.998535
0.087280,-0.489502,0.779175
-0.377686,0.082520,0.817505
0.459351,-0.264893,1.000977
-0.446045,-0.089722,0.746460
0.120605,0.068604,1.020386
0.141846,-0.456543,0.818237
-0.455078,0.069946,0.797119
0.463867,-0.297363,1.003906
-0.396240,-0.160400,0.748169
0.038696,0.126953,1.016968
0.214966,-0.468994,0.841309
-0.491699,0.055176,0.770630
0.462524,-0.245972,1.016113
-0.317383,-0.201294,0.757080
-0.043213,0.165161,1.011353
0.281494,-0.483032,0.863525
-0.529297,0.025024,0.748291
0.449097,-0.242310,1.026978
-0.212402,-0.260254,0.782349
-0.129028,0.213135,0.997559
0.321411,-0.408081,0.905151
-0.532593,0.005249,0.764893
0.424072,-0.219238,1.039429
-0.111816,-0.347778,0.786133
-0.191650,0.213501,0.970093
0.367188,-0.329590,0.933594
-0.539551,0.005493,0.753174
0.358276,-0.187500,1.020264
-0.010620,-0.454102,0.797119
-0.240967,0.146606,0.918701
0.390381,-0.311035,0.951782
-0.524536,0.009766,0.748901
0.293945,-0.106934,0.995239
0.051636,-0.437134,0.798462
-0.318481,0.113770,0.878418
0.420898,-0.313477,0.963135
-0.512817,-0.029907,0.727173
0.205688,-0.018555,0.995239
0.085083,-0.453003,0.791748
-0.374146,0.055786,0.819946
0.457520,-0.287109,1.003296
-0.456787,-0.104492,0.741821
0.116089,0.057617,1.014526
0.135986,-0.462036,0.815063
-0.442139,0.061279,0.797119
0.492065,-0.299194,1.009277
-0.405762,-0.137573,0.752686
0.021362,0.130615,1.000854
0.221313,-0.447021,0.852661
-0.503906,0.034668,0.766968
0.466553,-0.275269,1.020020
-0.278687,-0.238403,0.773071
-0.065918,0.200317,1.007324
0.266724,-0.369385,0.893311
-0.544556,0.019653,0.743164
0.446167,-0.272095,1.023438
-0.151978,-0.328125,0.797363
-0.133911,0.226685,1.011230
0.298218,-0.347168,0.897949
-0.548340,0.034668,0.761353
0.422974,-0.240967,1.025513
-0.069214,-0.401855,0.810303
-0.205322,0.186035,0.958862
0.361206,-0.338745,0.930298
-0.546265,0.033203,0.767456
0.361206,-0.155640,1.019897
0.012939,-0.443970,0.798340
-0.254761,0.157837,0.914795
0.410034,-0.323242,0.949585
-0.525757,-0.033447,0.732422
0.271362,-0.091553,0.994751
0.049805,-0.475464,0.795288
-0.311035,0.092285,0.865601
0.451538,-0.328491,0.975098
-0.495117,-0.027832,0.739502
0.176880,0.047241,1.013794
0.082642,-0.426392,0.792480
-0.376343,0.058472,0.831421
0.465210,-0.305542,1.001953
-0.442749,-0.082642,0.757935
0.105713,0.092896,1.019897
0.136719,-0.428345,0.822388
-0.444580,0.065796,0.794678
0.467651,-0.288330,1.007812
-0.393066,-0.145630,0.759644
0.040649,0.141479,1.027954
0.221313,-0.484741,0.839355
-0.505981,0.053589,0.767578
0.480225,-0.263428,1.041626
-0.323242,-0.215210,0.764648
-0.049072,0.199829,1.011719
0.281616,-0.454346,0.878174
-0.515137,0.013794,0.756470
0.452271,-0.261475,1.020264
-0.248535,-0.236694,0.787476
-0.100708,0.235107,1.005249
0.290405,-0.379028,0.901489
-0.536377,0.007080,0.739258
0.447876,-0.263916,1.032471
-0.171265,-0.280273,0.798340
-0.153076,0.252197,0.998535
0.328125,-0.389648,0.910767
-0.525513,-0.003662,0.766846
0.411011,-0.201172,1.034912
-0.115723,-0.318970,0.796875
-0.174927,0.179443,0.953247
0.359741,-0.384644,0.932983
-0.527222,0.018555,0.785156
0.390381,-0.166138,1.036987
-0.055908,-0.376465,0.791748
-0.212158,0.172852,0.937744
0.386108,-0.346313,0.946411
-0.533203,0.000732,0.763184
0.354370,-0.151367,1.010376
-0.000610,-0.417725,0.798828
-0.251831,0.141724,0.906006
0.393433,-0.346558,0.947266
-0.531250,-0.018555,0.731812
0.332031,-0.132446,1.009277
0.037964,-0.443604,0.797363
-0.294434,0.168701,0.907593
0.417847,-0.364868,0.947632
-0.526733,-0.072754,0.726440
0.283813,-0.092041,1.004761
0.059204,-0.479980,0.779663
-0.322998,0.112183,0.855225
0.451172,-0.325684,0.972778
-0.516968,-0.052124,0.726807
0.237793,-0.042603,1.020020
0.093750,-0.480225,0.795166
-0.371582,0.126709,0.859131
0.459351,-0.344604,0.971558
-0.486816,-0.099121,0.732544
0.165527,0.006226,1.000977
0.117920,-0.472534,0.796143
-0.409058,0.123657,0.835938
0.465454,-0.299561,0.991455
-0.443481,-0.137085,0.748657
0.088135,0.054199,0.996094
0.161133,-0.491089,0.810181
-0.447998,0.078491,0.791504
0.482300,-0.252319,1.036499
-0.379272,-0.156738,0.751343
0.019287,0.135986,1.016968
0.228760,-0.475952,0.845947
-0.494629,0.038452,0.761108
0.473511,-0.260620,1.031128
-0.310547,-0.218262,0.764404
-0.050781,0.185669,1.015137
0.274658,-0.452271,0.872192
-0.530518,0.031372,0.749268
0.457520,-0.234375,1.046387
-0.226318,-0.247681,0.792725
-0.123657,0.204834,0.987793
0.320801,-0.431885,0.897949
-0.545166,0.036255,0.763550
0.422363,-0.202515,1.030518
-0.114624,-0.328491,0.804321
-0.181885,0.206055,0.971802
0.348755,-0.403320,0.926270
-0.544189,-0.012451,0.745361
0.388062,-0.170288,1.034302
-0.028442,-0.395508,0.810425
-0.230835,0.190918,0.950928
0.384521,-0.357422,0.943604
-0.543701,-0.018799,0.727905
0.329346,-0.135010,1.003296
0.053711,-0.450439,0.805786
-0.296265,0.138794,0.902588
0.420166,-0.346436,0.965820
-0.501587,-0.075195,0.725464
0.238647,-0.028076,1.000366
0.083374,-0.441162,0.787231
-0.344604,0.119385,0.872559
0.465454,-0.343628,0.984985
-0.486816,-0.088745,0.741821
0.148926,0.043091,1.008789
0.106689,-0.424561,0.808105
-0.407349,0.059082,0.830933
0.485474,-0.314209,1.016235
-0.422485,-0.156616,0.728760
0.067261,0.135010,1.026978
0.169067,-0.428955,0.825439
-0.478760,0.042114,0.781982
0.500977,-0.313599,1.033936
-0.356567,-0.192871,0.755615
0.001953,0.188965,1.033813
0.219604,-0.384033,0.849487
-0.514893,0.037964,0.750000
0.434570,-0.245117,0.995972
-0.129272,-0.304443,0.810059
-0.119141,0.168579,0.949463
0.291992,-0.318604,0.885132
-0.588257,0.115967,0.750366
0.428467,-0.223999,0.997314
-0.067749,-0.353149,0.802124
-0.182617,0.174805,0.944702
0.330200,-0.335327,0.893799
-0.576050,0.142578,0.765503
0.390259,-0.143066,1.003418
-0.070068,-0.349487,0.773560
-0.208740,0.149536,0.904297
0.354980,-0.311157,0.933228
-0.565063,0.046265,0.739136
0.343750,-0.111938,1.011230
-0.030518,-0.409790,0.767212
-0.266235,0.174316,0.895264
0.395142,-0.333862,0.925415
-0.553345,0.024536,0.737549
0.315186,-0.113037,0.982544
-0.007812,-0.420044,0.770264
-0.276611,0.139160,0.872070
0.416260,-0.317017,0.938354
-0.546509,0.023315,0.741943
0.236694,-0.046509,0.971802
0.043579,-0.444458,0.777954
-0.313232,0.108398,0.848145
0.427124,-0.317871,0.940552
-0.537720,0.007202,0.736084
0.202271,-0.016602,0.984741
0.065308,-0.448853,0.775024
-0.380371,0.132568,0.821289
0.436279,-0.296631,0.955811
-0.493408,-0.075684,0.736206
0.163452,0.014648,1.000854
0.109497,-0.474121,0.781494
-0.444092,0.183105,0.818848
0.439209,-0.261475,0.959717
-0.458130,-0.135376,0.735107
0.116699,0.023682,0.999268
0.155029,-0.466675,0.819702
-0.488403,0.127197,0.781128
0.421753,-0.193481,0.975098
-0.373657,-0.124023,0.762085
0.026367,0.124634,1.014160
0.205933,-0.472412,0.829224
-0.531860,0.096802,0.764404
0.447632,-0.216919,0.997437
-0.295410,-0.163330,0.758301
-0.088745,0.204346,0.988159
0.286011,-0.436890,0.880981
-0.542358,0.037476,0.758301
0.422729,-0.180786,1.016968
-0.173218,-0.258911,0.769165
-0.191040,0.215088,0.942993
0.341919,-0.374146,0.903076
-0.549561,0.001831,0.757568
0.382935,-0.152100,1.032349
-0.063110,-0.360229,0.780640
-0.258667,0.204956,0.900879
0.383057,-0.333008,0.922607
-0.540283,0.005371,0.753296
0.318604,-0.121582,0.990234
0.021118,-0.444458,0.768799
-0.320679,0.190186,0.861816
0.404419,-0.272705,0.938477
-0.501465,-0.024780,0.758667
0.226074,-0.050415,1.005737
0.073120,-0.482300,0.775391
-0.408081,0.154419,0.822388
0.442383,-0.261475,0.964722
-0.462646,-0.084595,0.739990
0.116089,0.076172,1.013916
0.119995,-0.455566,0.801758
-0.462036,0.089600,0.790527
0.441528,-0.248657,0.993286
-0.408325,-0.132812,0.743286
0.034912,0.156860,1.016602
0.195801,-0.433350,0.833862
-0.542236,0.094971,0.763672
0.454468,-0.252197,1.000977
-0.300537,-0.193359,0.767334
-0.061035,0.191650,0.985474
0.251343,-0.396118,0.862793
-0.545410,0.062134,0.751099
0.443481,-0.217773,1.020630
-0.213013,-0.244507,0.783325
-0.116577,0.184204,0.969727
0.303711,-0.403320,0.892456
-0.567627,0.062988,0.745972
0.413574,-0.174805,1.022217
-0.112915,-0.339844,0.774170
-0.189941,0.191772,0.945068
0.341553,-0.353882,0.912231
-0.548340,0.037842,0.758301
0.359863,-0.134155,1.014893
-0.060913,-0.392090,0.770386
-0.257568,0.170044,0.898804
0.404663,-0.355713,0.926147
-0.535645,0.031372,0.755859
0.292969,-0.020020,1.010376
-0.007568,-0.397217,0.768921
-0.304077,0.118774,0.856323
0.415039,-0.374268,0.939453
-0.520874,-0.042969,0.738037
0.239014,-0.011841,0.992920
0.038818,-0.416870,0.757202
-0.377319,0.151855,0.821899
0.442505,-0.310303,0.966675
-0.483887,-0.090820,0.748657
0.177246,-0.013184,1.000244
0.080688,-0.441650,0.776001
-0.442261,0.157471,0.807617
0.449219,-0.285889,0.972778
-0.445679,-0.110107,0.750854
0.118164,0.048950,1.010376
0.139526,-0.442261,0.815186
-0.506104,0.138062,0.778320
0.442139,-0.233398,0.982422
-0.355713,-0.152710,0.775146
-0.002441,0.122925,0.995239
0.211426,-0.473022,0.840210
-0.534546,0.092773,0.754883
0.444946,-0.189209,1.009766
-0.276855,-0.170654,0.783081
-0.071289,0.164673,0.980469
0.269287,-0.429810,0.875122
-0.552979,0.021118,0.727539
0.440552,-0.206909,1.022339
-0.173340,-0.264404,0.776245
-0.152466,0.223389,0.963257
0.313843,-0.366455,0.905029
-0.564697,0.033569,0.746338
0.411133,-0.177856,1.024414
-0.091064,-0.345703,0.775391
-0.225220,0.205811,0.921875
0.366211,-0.343018,0.921875
-0.550781,0.021118,0.760498
0.343872,-0.122681,1.012695
-0.023193,-0.425659,0.770020
-0.275024,0.169922,0.888306
0.401611,-0.337402,0.936157
-0.545776,0.009888,0.749512
0.288574,-0.113525,0.977051
0.042114,-0.437622,0.783936
-0.358643,0.150146,0.834717
0.425659,-0.325195,0.940918
-0.513672,-0.045532,0.729492
0.199951,-0.038696,0.982666
0.083862,-0.459717,0.793945
-0.405273,0.144409,0.819702
0.437744,-0.273926,0.968994
-0.473755,-0.087036,0.742920
0.103516,0.040894,0.990479
0.117310,-0.468750,0.792236
-0.472412,0.095337,0.788086
0.471313,-0.271851,0.993286
-0.402222,-0.106812,0.760864
0.014771,0.152954,1.012329
0.182007,-0.444458,0.826782
-0.505615,0.078491,0.772949
0.455200,-0.261475,1.005493
-0.316284,-0.193726,0.759766
-0.062866,0.205078,0.997925
0.261230,-0.403931,0.853882
-0.541382,0.057495,0.756470
0.439941,-0.244141,1.007690
-0.207031,-0.271484,0.774414
-0.112793,0.208862,0.985718
0.308228,-0.346924,0.903931
-0.582397,0.068604,0.738281
0.420532,-0.195312,1.033691
-0.093872,-0.369141,0.788086
-0.181763,0.185547,0.946899
0.342651,-0.320435,0.912964
-0.564087,0.064941,0.745605
0.356445,-0.162842,0.998047
-0.009399,-0.446167,0.800903
-0.266602,0.131470,0.880615
0.400146,-0.327148,0.947876
-0.569336,0.025024,0.718872
0.279175,-0.056885,0.988892
0.026001,-0.411621,0.788696
-0.310547,0.090576,0.856445
0.448730,-0.343018,0.966431
-0.550415,-0.007324,0.728638
0.192505,0.002563,0.971436
0.053711,-0.430908,0.773682
-0.361328,0.088501,0.842407
0.458008,-0.310547,0.976440
-0.491821,-0.042114,0.738281
0.130127,0.097168,0.999634
0.095825,-0.419800,0.796753
-0.428345,0.080566,0.804810
0.466797,-0.298462,0.990234
-0.473267,-0.073364,0.742554
0.083862,0.096802,0.999390
0.132202,-0.436401,0.809814
-0.481079,0.101929,0.785400
0.461182,-0.245850,1.012207
-0.373901,-0.136597,0.760498
0.015747,0.180176,1.028931
0.190918,-0.435791,0.834106
-0.538818,0.041748,0.747437
0.465576,-0.260498,1.028076
-0.306396,-0.197510,0.760498
-0.058105,0.232910,1.004150
0.257080,-0.394043,0.863037
-0.559570,0.046997,0.734985
0.458252,-0.261230,1.032104
-0.207031,-0.273071,0.786865
-0.114990,0.215820,0.974854
0.288452,-0.331177,0.898438
-0.570312,0.095093,0.770874
0.417480,-0.220947,1.022705
-0.092041,-0.349243,0.793213
-0.170044,0.169800,0.940918
0.321899,-0.331787,0.912842
-0.561157,0.051880,0.753906
0.375244,-0.177856,1.004150
-0.029907,-0.399780,0.796631
-0.247559,0.173828,0.909424
0.380493,-0.322144,0.940430
-0.556152,0.005371,0.733643
0.298096,-0.104126,0.981445
0.042725,-0.443970,0.790894
-0.313354,0.133423,0.868530
0.410400,-0.318359,0.946655
-0.528687,-0.027222,0.729492
0.217163,-0.002686,0.997681
0.084473,-0.448853,0.788574
-0.388306,0.117065,0.825317
0.431885,-0.287964,0.969482
-0.476196,-0.076782,0.733154
0.150513,0.070679,1.003540
0.103638,-0.421875,0.806519
-0.425659,0.083740,0.802124
0.443359,-0.272461,0.989136
-0.444702,-0.136841,0.723999
0.077515,0.107666,1.006226
0.161011,-0.438232,0.823242
-0.487549,0.116821,0.789185
0.461914,-0.262939,1.000366
-0.375000,-0.152344,0.769287
-0.011230,0.132935,0.990601
0.230957,-0.478027,0.842407
-0.529175,0.083008,0.764404
0.446777,-0.191528,1.009155
-0.259644,-0.192505,0.773438
-0.088013,0.190063,1.001587
0.295410,-0.454102,0.874146
-0.556274,0.038208,0.745117
0.425781,-0.194336,1.015625
-0.155396,-0.263672,0.783936
-0.165649,0.218628,0.964233
0.331177,-0.389038,0.907593
-0.548584,0.034424,0.757935
0.396484,-0.177002,1.019653
-0.075928,-0.356079,0.785034
-0.231689,0.197876,0.929565
0.376831,-0.356567,0.932495
-0.548584,0.000000,0.748535
0.327881,-0.117798,1.002930
0.008301,-0.431030,0.783813
-0.307617,0.163330,0.869019
0.404541,-0.303345,0.953491
-0.508179,-0.040405,0.750000
0.251953,-0.041626,1.009277
0.045776,-0.439819,0.783325
-0.370972,0.109131,0.821167
0.438721,-0.292236,0.972412
-0.479492,-0.071045,0.744507
0.169922,0.032959,1.000122
0.092285,-0.459473,0.773438
-0.416016,0.118896,0.816162
0.456421,-0.310181,0.971802
-0.462158,-0.084717,0.749390
0.079346,0.088013,0.997314
0.155396,-0.440430,0.821777
-0.473877,0.089478,0.790161
0.460815,-0.276733,0.998535
-0.398560,-0.126587,0.760010
0.013916,0.155640,1.010132
0.200439,-0.421631,0.841064
-0.522461,0.054810,0.755127
0.467285,-0.259277,1.016968
-0.296509,-0.217651,0.755005
-0.058228,0.223511,1.010620
0.240112,-0.386230,0.857178
-0.539551,0.024292,0.732056
0.468018,-0.277466,1.012573
-0.226074,-0.265503,0.772583
-0.121948,0.225220,0.979004
0.296387,-0.378784,0.886353
-0.559326,0.046875,0.736450
0.429565,-0.222656,1.023560
-0.126099,-0.314941,0.793945
-0.156128,0.189575,0.959229
0.328613,-0.351929,0.915527
-0.581665,0.063110,0.742188
0.402954,-0.203979,1.016235
-0.060547,-0.383179,0.786133
-0.197632,0.176147,0.954834
0.372925,-0.345337,0.937988
-0.583984,0.077026,0.748535
0.347656,-0.132935,0.993286
-0.001099,-0.418457,0.786621
-0.283447,0.173584,0.902466
0.412842,-0.376831,0.944458
-0.543457,-0.054688,0.727905
0.265137,-0.051880,1.000488
0.029175,-0.454102,0.765015
-0.313599,0.172607,0.885132
0.426147,-0.332031,0.945068
-0.515137,-0.084351,0.737793
0.202759,-0.027710,0.990356
0.066895,-0.454956,0.771118
-0.379761,0.136597,0.833618
0.451904,-0.319702,0.966797
-0.480713,-0.077637,0.748169
0.120850,0.032715,0.998657
0.116821,-0.471680,0.791016
-0.446655,0.118164,0.809814
0.456787,-0.253906,1.002075
-0.424683,-0.100464,0.741089
0.045044,0.098389,0.995605
0.188232,-0.473389,0.825439
-0.515381,0.084229,0.757446
0.477905,-0.271240,1.006592
-0.339355,-0.186890,0.758179
-0.043457,0.186890,1.012329
0.244995,-0.457397,0.857544
-0.518677,0.047119,0.763306
0.447632,-0.223145,1.026367
-0.246582,-0.219727,0.776123
-0.110474,0.212280,0.989624
0.302002,-0.407959,0.890869
-0.565552,0.032349,0.741333
0.431274,-0.212402,1.032349
-0.136841,-0.303955,0.793213
-0.169678,0.217163,0.958862
0.328369,-0.369995,0.902466
-0.551147,0.024414,0.756592
0.389526,-0.176270,1.014282
-0.056885,-0.373535,0.791016
-0.228882,0.192505,0.926514
0.371704,-0.360840,0.924927
-0.540894,0.002686,0.760742
0.339111,-0.146973,1.004028
-0.007324,-0.431274,0.774170
-0.272095,0.154297,0.896606
0.398926,-0.301270,0.949463
-0.530396,-0.046021,0.730103
0.279175,-0.112427,0.983887
0.041504,-0.456421,0.780884
-0.317749,0.102661,0.848267
0.425781,-0.277710,0.969482
-0.514038,-0.048706,0.726196
0.205566,-0.032349,0.984741
0.088745,-0.484009,0.791748
-0.392090,0.121094,0.826782
0.452881,-0.298218,0.978394
-0.472412,-0.098267,0.734253
0.124756,0.052612,0.995483
0.112305,-0.456787,0.787964
-0.458008,0.106201,0.786987
0.484131,-0.269287,1.016968
-0.405273,-0.131592,0.758179
0.027344,0.134399,1.013916
0.179443,-0.485352,0.811157
-0.507202,0.073853,0.770996
0.489868,-0.282471,1.022705
-0.329590,-0.177246,0.771606
-0.060181,0.215332,1.007568
0.248901,-0.411133,0.858276
-0.518677,0.041016,0.743652
0.456665,-0.274902,1.018799
-0.263794,-0.275635,0.753906
-0.091797,0.209839,1.007568
0.295898,-0.387329,0.894287
-0.556152,0.039795,0.739502
0.431885,-0.227661,1.020386
-0.170898,-0.287842,0.785400
-0.137573,0.185913,0.971802
0.330078,-0.361450,0.912720
-0.563599,0.070679,0.758789
0.399414,-0.202026,1.012695
-0.076538,-0.345581,0.821289
-0.200684,0.168823,0.941162
0.354126,-0.384155,0.919312
-0.556641,0.036743,0.747681
0.374878,-0.150635,1.010620
-0.025269,-0.373901,0.798218
-0.261108,0.181885,0.919312
0.390991,-0.375488,0.937500
-0.541138,-0.030151,0.745483
0.333862,-0.126831,0.998169
0.013672,-0.426758,0.789917
-0.309448,0.174561,0.879639
0.412598,-0.343262,0.950073
-0.519165,-0.057983,0.745361
0.278809,-0.072998,1.013916
0.056641,-0.457153,0.780640
-0.353516,0.161255,0.856689
0.424927,-0.291260,0.975464
-0.490723,-0.088745,0.741821
0.213257,-0.047363,1.012817
0.089966,-0.494873,0.774536
-0.389038,0.157471,0.841675
0.425781,-0.274170,0.973267
-0.459229,-0.090210,0.754028
0.172729,-0.012329,1.008057
0.107788,-0.499390,0.787354
-0.427612,0.109497,0.793091
0.451904,-0.249878,0.987793
-0.433105,-0.072266,0.758667
0.103271,0.055176,1.013916
0.133545,-0.482788,0.800537
-0.460205,0.067627,0.778931
0.450073,-0.247437,1.003296
-0.401489,-0.138672,0.751099
0.036377,0.103760,1.012695
0.215576,-0.495239,0.834106
-0.512451,0.074341,0.757812
0.443481,-0.229736,0.994019
-0.331177,-0.173340,0.760376
-0.044434,0.148804,1.003174
0.286987,-0.517578,0.867065
-0.540527,0.023926,0.739502
0.436157,-0.204468,1.016602
-0.231689,-0.194702,0.774292
-0.127808,0.224854,0.989624
0.320312,-0.403076,0.920898
-0.538452,-0.007446,0.757568
0.395508,-0.192383,1.014648
-0.132202,-0.313599,0.772461
-0.177246,0.205078,0.958618
0.365234,-0.349731,0.940063
-0.547607,-0.006104,0.746582
0.362305,-0.179199,1.010498
-0.021606,-0.427734,0.783691
-0.250977,0.168823,0.906494
0.393188,-0.332642,0.944946
-0.522705,-0.050049,0.752441
0.301025,-0.097900,1.007690
0.037354,-0.473999,0.768188
-0.339722,0.158447,0.869141
0.433838,-0.343994,0.952026
-0.496582,-0.068359,0.747681
0.195923,0.000244,1.010010
0.079712,-0.446655,0.788086
-0.394287,0.114136,0.822388
0.455200,-0.310913,0.980835
-0.471069,-0.125854,0.726807
0.120605,0.067261,1.013428
0.135620,-0.471558,0.810547
-0.464722,0.093506,0.796387
0.462646,-0.274170,1.005737
-0.385620,-0.180298,0.734009
0.030029,0.142456,1.007935
0.210815,-0.441162,0.837769
-0.514771,0.068726,0.760498
0.471558,-0.248901,1.023560
-0.310669,-0.219971,0.761108
-0.061890,0.172852,0.995117
0.259521,-0.445557,0.861206
-0.533569,0.030273,0.740723
0.467773,-0.240234,1.033936
-0.192139,-0.257812,0.800049
-0.154419,0.206543,0.975708
0.296631,-0.413330,0.871704
-0.538452,0.010254,0.750732
0.431519,-0.219482,1.026367
-0.118774,-0.318848,0.794556
-0.186646,0.199585,0.965454
0.334351,-0.389282,0.904785
-0.531860,0.005737,0.755005
0.388062,-0.172363,1.019531
-0.039917,-0.376221,0.800293
-0.252930,0.207031,0.936768
0.381714,-0.333984,0.933472
-0.510742,-0.035767,0.748291
0.313965,-0.104858,1.007446
0.021240,-0.424927,0.800781
-0.293823,0.140259,0.884033
0.418091,-0.333618,0.946655
-0.521362,-0.030884,0.735840
0.245239,-0.074463,0.984253
0.064453,-0.464355,0.777954
-0.356812,0.143066,0.848511
0.451050,-0.325195,0.969116
-0.486450,-0.060547,0.754272
0.156372,-0.004883,0.988770
0.095215,-0.473145,0.781250
-0.411499,0.104980,0.809204
0.466431,-0.287109,0.990479
-0.433960,-0.102417,0.762329
0.070923,0.077637,1.002563
0.155029,-0.482422,0.811279
-0.463257,0.074219,0.782593
0.469604,-0.242676,1.005127
-0.340820,-0.158203,0.772217
-0.019043,0.148315,0.999634
0.237061,-0.464355,0.859619
-0.517334,0.014404,0.743042
0.450439,-0.258179,1.018188
-0.240356,-0.239502,0.780273
-0.097290,0.224854,1.015503
0.296753,-0.384277,0.898193
-0.545288,0.017212,0.743164
0.416382,-0.219727,1.023804
-0.126465,-0.324707,0.788696
-0.172607,0.202271,0.961792
0.346313,-0.336182,0.928345
-0.540161,-0.002441,0.746460
0.358643,-0.179565,1.019165
-0.023193,-0.416626,0.794922
-0.241455,0.172119,0.927368
0.392944,-0.358032,0.931396
-0.521851,-0.038818,0.740967
0.298340,-0.088989,1.009644
0.047363,-0.448120,0.781006
-0.336792,0.176270,0.872803
0.431519,-0.325317,0.966187
-0.477051,-0.097046,0.760498
0.210327,-0.064209,0.999512
0.089478,-0.483154,0.774292
-0.407959,0.162231,0.826782
0.446899,-0.290649,0.975464
-0.431763,-0.119751,0.756836
0.112305,0.040283,1.008301
0.125732,-0.477661,0.802612
-0.454102,0.090820,0.797852
0.469116,-0.265259,0.995972
-0.375366,-0.137207,0.760254
-0.002930,0.155884,1.013062
0.222778,-0.457397,0.852051
-0.511719,0.023560,0.750244
0.468384,-0.258179,1.025513
-0.276978,-0.213501,0.780273
-0.093262,0.213257,1.005127
0.308228,-0.429077,0.888428
-0.530884,0.010986,0.757812
0.406372,-0.206299,1.021851
-0.154663,-0.318237,0.784668
-0.159180,0.198486,0.966553
0.353271,-0.386597,0.914062
-0.549438,0.026611,0.758179
0.376343,-0.175415,1.013428
-0.057983,-0.365356,0.804565
-0.206055,0.150024,0.932495
0.381348,-0.350098,0.931396
-0.532837,0.055786,0.767334
0.324829,-0.094849,1.015625
0.020386,-0.418579,0.799683
-0.297241,0.135498,0.878418
0.413086,-0.354370,0.954590
-0.506592,-0.061035,0.745483
0.259277,-0.039307,1.009521
0.057129,-0.462524,0.771118
-0.354614,0.137329,0.846191
0.433228,-0.327393,0.964600
-0.475952,-0.110107,0.751343
0.215942,-0.029053,1.018311
0.089355,-0.451538,0.791016
-0.421997,0.144409,0.819458
0.458862,-0.307617,0.975952
-0.434692,-0.128296,0.758789
0.122681,0.012207,1.004272
0.137085,-0.478760,0.801514
-0.457764,0.120361,0.790649
0.470093,-0.290894,0.985229
-0.394653,-0.134644,0.766602
0.025391,0.086792,0.992920
0.214844,-0.477295,0.847046
-0.502441,0.040527,0.747559
0.467651,-0.250732,1.016846
-0.314697,-0.196899,0.769165
-0.053833,0.152710,0.999634
0.268066,-0.480469,0.859497
-0.525024,0.019531,0.744629
0.441040,-0.215820,1.021362
-0.201904,-0.213501,0.808960
-0.108765,0.186646,0.992065
0.314453,-0.425415,0.909912
-0.553223,0.029907,0.752197
0.404907,-0.194092,1.026489
-0.099243,-0.369629,0.783447
-0.165527,0.201782,0.982422
0.356079,-0.348999,0.932007
-0.556885,0.033203,0.748413
0.364746,-0.179443,1.017334
-0.027466,-0.424927,0.799194
-0.212524,0.114990,0.910522
0.391113,-0.317627,0.959717
-0.546509,0.019409,0.752319
0.302856,-0.105835,1.010010
0.058105,-0.446045,0.810547
-0.305542,0.107056,0.877686
0.430664,-0.326660,0.967407
-0.516724,-0.020630,0.741699
0.217285,-0.007935,0.997437
0.073120,-0.424072,0.802368
-0.367432,0.078003,0.842896
0.474487,-0.309204,0.997314
-0.467041,-0.085571,0.744995
0.128662,0.093628,1.009766
0.101196,-0.419434,0.805298
-0.415283,0.048584,0.795410
0.482056,-0.322144,1.012695
-0.436035,-0.153931,0.737915
0.093506,0.099976,1.027588
0.162109,-0.445679,0.813965
-0.458862,0.111084,0.795166
0.467163,-0.293579,0.995605
-0.378662,-0.193481,0.757446
0.050903,0.080688,1.013672
0.202759,-0.466309,0.826416
-0.509033,0.094360,0.767212
0.470825,-0.254883,1.013916
-0.314209,-0.191895,0.776855
-0.027344,0.119751,1.018188
0.254150,-0.493530,0.850098
-0.526489,0.054688,0.754150
0.455811,-0.230835,1.023438
-0.247314,-0.218018,0.787354
-0.092041,0.183960,1.005615
0.313721,-0.481812,0.886841
-0.549683,0.051270,0.746216
0.423584,-0.172241,1.037720
-0.164062,-0.251221,0.794189
-0.154053,0.195312,0.989136
0.350098,-0.463867,0.905029
-0.556152,0.019653,0.751099
0.406494,-0.175537,1.032837
-0.068359,-0.311401,0.820557
-0.229248,0.205811,0.942749
0.370850,-0.403198,0.928467
-0.520264,-0.046997,0.755249
0.359741,-0.148560,1.032837
-0.008911,-0.412842,0.793945
-0.291504,0.191650,0.906006
0.413818,-0.365967,0.954102
-0.499512,-0.089478,0.741943
0.282959,-0.093262,1.018555
0.039673,-0.469971,0.776978
-0.323608,0.117554,0.854858
0.458374,-0.333618,0.969971
-0.487427,-0.085083,0.745117
0.188477,-0.015991,1.003418
0.089478,-0.495483,0.779907
-0.380493,0.074097,0.821655
0.473633,-0.305908,0.995972
-0.451050,-0.112305,0.749390
0.103149,0.066406,1.012207
0.146484,-0.486816,0.811890
-0.435425,0.039551,0.793823
0.461914,-0.250488,1.029907
-0.381958,-0.194092,0.732178
0.019531,0.150391,1.026001
0.242065,-0.462524,0.859863
-0.502441,0.054565,0.779175
0.463379,-0.256714,1.032104
-0.290039,-0.233154,0.776245
-0.063354,0.162476,1.008545
0.279419,-0.457397,0.880981
-0.540039,0.047607,0.755005
0.445435,-0.202759,1.051147
-0.161255,-0.264771,0.815918
-0.165405,0.207642,0.976685
0.341919,-0.439575,0.913818
-0.528442,0.007080,0.758301
0.396240,-0.149780,1.039795
-0.072266,-0.354492,0.797852
-0.228027,0.211914,0.967773
0.387085,-0.409546,0.931396
-0.520752,-0.031372,0.745605
0.236450,-0.042480,0.979492
0.046509,-0.433105,0.774902
-0.373901,0.142822,0.836304
0.442627,-0.299194,0.958374
-0.514648,-0.074097,0.727539
0.153931,0.003418,0.991455
0.102905,-0.437988,0.790649
-0.453125,0.156250,0.803589
0.453857,-0.247803,0.979492
-0.416870,-0.090332,0.768433
0.064331,0.094971,1.006226
0.150513,-0.453247,0.818726
-0.510620,0.096924,0.766724
0.461792,-0.237061,1.002930
-0.341797,-0.143433,0.765137
-0.035156,0.155396,0.992554
0.242310,-0.448486,0.860596
-0.550293,0.062012,0.742676
0.437378,-0.176636,1.021973
-0.221313,-0.216187,0.777344
-0.126953,0.199585,0.971802
0.318481,-0.432617,0.893677
-0.571655,0.051270,0.758179
0.407837,-0.153564,1.028931
-0.107788,-0.320923,0.781128
-0.205078,0.217407,0.942749
0.349976,-0.336914,0.921753
-0.548462,0.031006,0.748047
0.363403,-0.151733,1.012817
-0.032349,-0.408081,0.775269
-0.262817,0.187500,0.891724
0.396362,-0.323364,0.939697
-0.543823,-0.005493,0.741333
0.279175,-0.082153,0.985962
0.032593,-0.455933,0.771973
-0.338135,0.162598,0.861450
0.427246,-0.281128,0.961304
-0.514038,0.002563,0.751465
0.192139,-0.013916,0.992798
0.068604,-0.446411,0.779663
-0.428833,0.087891,0.797485
0.457031,-0.254395,0.990967
-0.450684,-0.065186,0.739990
0.093018,0.161011,1.024292
0.115479,-0.370117,0.815308
-0.496582,0.073120,0.778809
0.466675,-0.303345,1.004517
-0.361938,-0.169678,0.772827
0.018311,0.200806,1.030273
0.180054,-0.374146,0.829224
-0.550049,0.114502,0.762939
0.473022,-0.251587,1.010620
-0.283813,-0.225342,0.760376
-0.047607,0.205200,1.013794
0.237671,-0.398315,0.859619
-0.565063,0.079956,0.751709
0.456055,-0.258545,1.017944
-0.226562,-0.257324,0.780396
-0.125488,0.213257,0.973755
0.301636,-0.426147,0.881104
-0.562866,0.060425,0.741455
0.423828,-0.192993,1.019897
-0.146851,-0.278931,0.783203
-0.177124,0.206787,0.958862
0.349121,-0.422607,0.895874
-0.567139,0.065186,0.765991
0.383667,-0.145630,1.020386
-0.070557,-0.346436,0.783569
-0.251465,0.199341,0.909790
0.389771,-0.368896,0.926758
-0.530884,-0.005249,0.757202
0.324219,-0.105347,1.005371
-0.022827,-0.430664,0.758667
-0.307861,0.146606,0.855225
0.415039,-0.324341,0.946655
-0.508667,-0.036621,0.746460
0.246460,-0.039795,1.006714
0.044434,-0.445190,0.770142
-0.380981,0.146851,0.831055
0.432373,-0.316406,0.958496
-0.482178,-0.071899,0.751587
0.179077,0.052246,1.022095
0.087402,-0.431885,0.784302
-0.446167,0.126709,0.808228
0.447632,-0.300659,0.970825
-0.440796,-0.135010,0.745483
0.092651,0.094116,1.015381
0.138672,-0.415649,0.816284
-0.508667,0.133911,0.774048
0.453979,-0.257324,0.982910
-0.357300,-0.170166,0.759277
0.004883,0.139526,1.012085
0.211182,-0.458008,0.836426
-0.543701,0.104858,0.760620
0.452881,-0.223389,1.003540
-0.261108,-0.209473,0.763184
-0.087524,0.217041,1.004883
0.279419,-0.427612,0.872192
-0.550537,0.049194,0.752075
0.426880,-0.209717,1.009644
-0.179810,-0.273804,0.782715
-0.168335,0.189697,0.951172
0.349976,-0.402832,0.916504
-0.556763,0.051758,0.762695
0.374756,-0.131104,1.017456
-0.073975,-0.356079,0.785522
-0.233154,0.167358,0.904785
0.379883,-0.354980,0.937744
-0.547119,0.016602,0.747192
0.335693,-0.084595,1.023071
-0.018921,-0.415649,0.755371
-0.287720,0.165649,0.883057
0.412109,-0.341553,0.950073
-0.530396,-0.023071,0.748413
0.268066,-0.049561,1.005127
0.046021,-0.447021,0.767578
-0.355835,0.161133,0.845337
0.432251,-0.317017,0.950928
-0.501831,-0.043945,0.735474
0.201782,-0.016235,1.012207
0.067261,-0.469116,0.771118
-0.422241,0.131104,0.812500
0.457520,-0.297729,0.973511
-0.458252,-0.085571,0.742920
0.119507,0.047852,1.010376
0.101929,-0.447510,0.800293
-0.471191,0.091797,0.793457
0.472168,-0.287476,0.993774
-0.412476,-0.126953,0.752686
0.037842,0.148438,1.011963
0.182739,-0.433960,0.835815
-0.521240,0.073120,0.758179
0.467041,-0.278442,0.998291
-0.307007,-0.194092,0.780151
-0.047974,0.217163,1.024536
0.228394,-0.395020,0.866455
-0.532959,0.023804,0.741699
0.467896,-0.247192,1.031250
-0.256714,-0.253174,0.753662
-0.113159,0.224976,0.998047
0.311279,-0.416870,0.896851
-0.550293,0.042847,0.751587
0.410156,-0.180908,1.027954
-0.152954,-0.311646,0.768066
-0.157837,0.199951,0.962891
0.342407,-0.371460,0.907837
-0.572266,0.045532,0.742798
0.382080,-0.189331,1.007080
-0.044678,-0.398193,0.796387
-0.220093,0.182617,0.924805
0.352051,-0.304321,0.929077
-0.548828,0.017822,0.738770
0.341431,-0.150024,1.002075
0.015137,-0.442261,0.794434
-0.284424,0.150513,0.882446
0.395752,-0.309326,0.947754
-0.538818,-0.015015,0.740234
0.269165,-0.091675,0.990845
0.071411,-0.492798,0.778809
-0.360718,0.148682,0.852417
0.437866,-0.293335,0.965576
-0.495605,-0.060669,0.748047
0.154907,0.002930,0.990723
0.107056,-0.485107,0.781982
-0.432007,0.110352,0.804565
0.478027,-0.279663,0.993042
-0.423828,-0.095093,0.753906
0.035645,0.125244,0.998413
0.177490,-0.468262,0.806030
-0.499390,0.053345,0.760498
0.476807,-0.257202,1.010376
-0.325806,-0.172729,0.774658
-0.055786,0.187378,0.994507
0.247681,-0.422485,0.851562
-0.531738,0.013672,0.743408
0.460449,-0.248901,1.026367
-0.209961,-0.242310,0.796753
-0.123291,0.220581,0.986206
0.310669,-0.364990,0.904785
-0.555664,0.029785,0.759888
0.398682,-0.206055,1.017578
-0.091064,-0.362671,0.782471
-0.193604,0.211304,0.953735
0.359009,-0.340698,0.922852
-0.547974,0.001465,0.744019
0.363647,-0.161377,1.018555
-0.018066,-0.425903,0.773071
-0.279907,0.178833,0.889282
0.392578,-0.345093,0.932861
-0.513184,-0.036133,0.758057
0.275879,-0.086792,1.001709
0.044189,-0.468384,0.775635
-0.364258,0.145752,0.835205
0.438477,-0.326538,0.956177
-0.479370,-0.056641,0.757080
0.180298,-0.005493,1.010132
0.099731,-0.465820,0.794067
-0.434082,0.111450,0.808838
0.458374,-0.290405,0.979248
-0.429565,-0.117676,0.752197
0.081665,0.082153,1.015015
0.175781,-0.487671,0.817261
-0.495972,0.095459,0.771240
0.453003,-0.249146,0.994995
-0.330078,-0.182251,0.754395
-0.033447,0.162354,0.998413
0.266113,-0.460571,0.873413
-0.534790,0.043701,0.751099
0.435303,-0.224121,1.011963
-0.235718,-0.243286,0.768066
-0.130859,0.200317,0.986694
0.335571,-0.435669,0.911621
-0.547485,0.023315,0.759888
0.389771,-0.134399,1.025146
-0.113892,-0.327515,0.781494
-0.203735,0.171021,0.947510
0.380859,-0.427368,0.918457
-0.532227,-0.019897,0.753540
0.337158,-0.099243,1.016357
-0.011108,-0.373901,0.781738
-0.291748,0.184570,0.888672
0.419800,-0.357910,0.954468
-0.495483,-0.102539,0.748291
0.263184,-0.063354,1.006958
0.036865,-0.449951,0.764771
-0.365234,0.166016,0.852417
0.453857,-0.319458,0.976440
-0.462158,-0.092651,0.766235
0.161499,-0.010620,1.009155
0.084473,-0.447388,0.783203
-0.430054,0.101807,0.792603
0.458618,-0.267456,0.991943
-0.403442,-0.124878,0.770386
0.066528,0.072144,1.014771
0.177490,-0.491577,0.824097
-0.508057,0.068726,0.760986
0.459351,-0.253784,0.997803
-0.292603,-0.199463,0.781616
-0.059326,0.172119,1.006226
0.289551,-0.468872,0.878418
-0.535645,0.024292,0.729004
0.412964,-0.168213,1.026123
-0.173340,-0.257446,0.788086
-0.135132,0.186157,0.983276
0.340576,-0.417847,0.916626
-0.544312,-0.010864,0.747925
0.361572,-0.118408,1.024292
-0.044678,-0.375488,0.776733
-0.217163,0.168091,0.928589
0.394409,-0.353271,0.946655
-0.543945,-0.055908,0.739624
0.293335,-0.150757,0.975830
0.040894,-0.460205,0.783569
-0.306274,0.131104,0.864258
0.427490,-0.323486,0.963257
-0.491943,-0.053589,0.763550
0.192261,-0.040039,0.995117
0.090942,-0.496094,0.775146
-0.395630,0.093384,0.815918
0.454590,-0.278076,0.993652
-0.423706,-0.123535,0.742188
0.078491,0.104736,1.027832
0.177734,-0.447144,0.834229
-0.488525,0.059937,0.770020
0.452393,-0.282349,1.006592
-0.334717,-0.200317,0.766479
-0.017456,0.156006,1.010986
0.259644,-0.429077,0.888672
-0.531738,0.024536,0.740234
0.437988,-0.216675,1.025146
-0.183105,-0.281128,0.796387
-0.129761,0.211060,1.006104
0.317871,-0.449829,0.898071
-0.556030,0.034668,0.752075
0.410522,-0.179688,1.031616
-0.087402,-0.311768,0.812500
-0.203491,0.200806,0.961792
0.368652,-0.403687,0.918579
-0.517212,-0.010986,0.764038
0.358398,-0.144409,1.020508
-0.012329,-0.387329,0.809082
-0.274536,0.178101,0.915527
0.408936,-0.378906,0.947510
-0.500977,-0.049927,0.750610
0.282837,-0.073608,1.011597
0.055298,-0.463989,0.787842
-0.347290,0.145996,0.862183
0.442505,-0.350098,0.959595
-0.482910,-0.104614,0.751099
0.196167,-0.026855,1.004761
0.102417,-0.476074,0.782593
-0.398560,0.119507,0.821045
0.446289,-0.264771,0.991821
-0.418213,-0.127319,0.758057
0.105713,0.038696,0.999268
0.153931,-0.509033,0.818604
-0.460449,0.084595,0.796997
0.468140,-0.274902,1.004150
-0.385986,-0.133667,0.753174
0.012817,0.149048,1.010620
0.239746,-0.463013,0.862305
-0.492676,0.034668,0.760620
0.467041,-0.265503,1.015137
-0.306030,-0.207031,0.762939
-0.061646,0.209229,1.026245
0.296387,-0.416260,0.890381
-0.542847,0.035034,0.750732
0.444092,-0.261108,1.021484
-0.192627,-0.282593,0.802124
-0.125977,0.215820,1.001343
0.322510,-0.387207,0.907959
-0.540649,0.023071,0.769043
0.424683,-0.234497,1.039551
-0.113770,-0.344482,0.798950
-0.196289,0.217163,0.966797
0.364380,-0.355713,0.927979
-0.524414,-0.021240,0.754883
0.387085,-0.184937,1.031738
-0.024536,-0.395020,0.814941
-0.241943,0.174927,0.917969
0.386353,-0.362183,0.938110
-0.511108,-0.055054,0.742676
0.339722,-0.125244,1.033569
0.042358,-0.446045,0.805664
-0.317139,0.180298,0.896606
0.428833,-0.373047,0.950073
-0.473999,-0.081177,0.765015
0.254028,-0.043091,1.025391
0.062622,-0.462280,0.777710
-0.348511,0.135376,0.867798
0.476685,-0.370483,0.978516
-0.473511,-0.120850,0.744263
0.183594,0.008789,1.017822
0.095947,-0.446411,0.800781
-0.395874,0.102661,0.832642
0.478149,-0.319092,1.003296
-0.421875,-0.158691,0.750977
0.111450,0.064331,1.017334
0.147583,-0.445679,0.820190
-0.462769,0.091064,0.793945
0.475952,-0.301880,1.009155
-0.358887,-0.167725,0.768799
0.016235,0.137817,1.025146
0.230103,-0.465698,0.849609
-0.494385,0.011353,0.755005
0.480835,-0.288574,1.022583
-0.309814,-0.212646,0.763184
-0.033569,0.175659,1.031006
0.283813,-0.421875,0.895264
-0.527344,0.020386,0.756836
0.456055,-0.286621,1.023193
-0.220215,-0.287720,0.774170
-0.100220,0.210938,1.022827
0.323608,-0.399414,0.921875
-0.529541,0.021973,0.769897
0.423584,-0.223389,1.032349
-0.134277,-0.320679,0.796509
-0.154907,0.180176,0.989868
0.357788,-0.391968,0.927368
-0.535522,0.011108,0.768188
0.389771,-0.164062,1.035889
-0.037354,-0.371826,0.817261
-0.203247,0.156250,0.949341
0.388184,-0.387451,0.945068
-0.546997,-0.016235,0.728516
0.354004,-0.130615,1.021729
0.039551,-0.401245,0.833252
-0.283081,0.170898,0.923706
0.418213,-0.373901,0.960205
-0.481689,-0.114136,0.722534
0.294312,-0.078247,1.021851
0.060913,-0.432861,0.798462
-0.347290,0.174316,0.881226
0.474976,-0.341187,0.998047
-0.448853,-0.146118,0.762329
0.188599,-0.023560,1.017334
0.095703,-0.459351,0.800415
-0.374268,0.109985,0.839966
0.477905,-0.298462,1.006592
-0.430908,-0.123901,0.762085
0.103149,0.035522,1.007935
0.179932,-0.487549,0.821655
-0.432739,0.080688,0.807495
0.473389,-0.260498,1.014282
-0.343872,-0.169189,0.781128
-0.008301,0.111450,1.011230
0.256592,-0.509521,0.851196
-0.475952,-0.013550,0.746216
0.458496,-0.222168,1.043091
-0.220947,-0.217651,0.806885
-0.112793,0.204346,1.007568
0.337769,-0.453247,0.913940
-0.519165,-0.013306,0.758301
0.401245,-0.156128,1.053955
-0.074097,-0.357666,0.800903
-0.177124,0.205444,1.000244
0.379272,-0.397217,0.942261
-0.526855,-0.029419,0.753906
0.356812,-0.147827,1.029785
0.036499,-0.416138,0.813232
-0.262573,0.162354,0.919800
0.431641,-0.350952,0.980591
-0.491211,-0.079834,0.761230
0.259033,-0.087036,1.005493
0.084473,-0.482300,0.798706
-0.346191,0.098022,0.866943
0.472656,-0.316406,1.009155
-0.436890,-0.098999,0.776123
0.149780,0.007935,1.004150
0.144775,-0.448853,0.830688
-0.427124,0.077515,0.815552
0.483887,-0.276123,1.035278
-0.362671,-0.223633,0.745728
0.055176,0.108032,1.036987
0.237915,-0.497803,0.848877
-0.488525,0.050659,0.790771
0.492310,-0.277832,1.035767
-0.284668,-0.231201,0.775757
-0.056396,0.177979,1.018188
0.311646,-0.472168,0.900391
-0.512695,0.013794,0.775879
0.460571,-0.224854,1.064819
-0.176147,-0.285156,0.799927
-0.137695,0.222900,1.001587
0.359863,-0.420044,0.937744
-0.524048,0.014648,0.772217
0.408936,-0.184082,1.047241
-0.067017,-0.368286,0.812744
-0.194946,0.188721,0.985718
0.402466,-0.370972,0.961304
-0.509644,-0.034058,0.756470
0.364258,-0.144653,1.046021
0.031738,-0.445923,0.818115
-0.265991,0.161987,0.931274
0.436401,-0.335693,0.988281
-0.477661,-0.065430,0.763428
0.283936,-0.079224,1.032104
0.081299,-0.487183,0.807129
-0.330444,0.123291,0.881958
0.462646,-0.301880,1.014282
-0.440552,-0.118652,0.756592
0.195068,0.002808,1.023682
0.117798,-0.472412,0.826416
-0.393433,0.082397,0.853394
0.487427,-0.281494,1.038086
-0.390381,-0.161743,0.757202
0.099854,0.092529,1.035156
0.198975,-0.453003,0.855347
-0.449707,0.042236,0.809082
0.509399,-0.300415,1.052002
-0.333740,-0.214844,0.763306
0.032715,0.133545,1.027588
0.259521,-0.414062,0.891235
-0.481689,0.017456,0.768677
0.481567,-0.295410,1.037354
-0.243042,-0.247192,0.815063
-0.039673,0.133179,1.019409
0.322266,-0.436890,0.908691
-0.520874,0.073364,0.766846
0.432373,-0.177124,1.050781
-0.144165,-0.264648,0.837646
-0.104370,0.130981,1.027222
0.361572,-0.453125,0.942749
-0.524780,0.042725,0.768066
0.396729,-0.110474,1.045776
-0.056274,-0.313232,0.833862
-0.177734,0.173950,0.997925
0.420044,-0.414795,0.974609
-0.501465,-0.063599,0.752319
0.338379,-0.050415,1.058838
0.038574,-0.389160,0.827515
-0.263062,0.154297,0.946411
0.466064,-0.400879,0.999146
-0.464722,-0.159424,0.752808
0.257202,-0.026367,1.042114
0.094482,-0.404785,0.820190
-0.342896,0.165283,0.900635
0.495483,-0.347656,1.018799
-0.406494,-0.205933,0.763672
0.142456,-0.001953,1.026855
0.161133,-0.448975,0.836304
-0.424438,0.105103,0.825439
0.513672,-0.270142,1.046997
-0.312866,-0.197388,0.799805
0.013916,0.088745,1.020142
0.269531,-0.507568,0.867554
-0.479980,0.014282,0.769409
0.477051,-0.220215,1.054810
-0.202271,-0.232910,0.831177
-0.086426,0.178955,1.029785
0.354980,-0.452515,0.939209
-0.520630,0.030640,0.774414
0.425049,-0.172119,1.063354
-0.042725,-0.341553,0.845337
-0.188965,0.210083,1.005981
0.407959,-0.370239,0.974854
-0.485962,-0.060303,0.763550
0.344482,-0.114990,1.051636
0.067993,-0.455200,0.823486
-0.266724,0.147705,0.942749
0.459229,-0.307861,1.013672
-0.445801,-0.081787,0.776855
0.238770,-0.019897,1.045898
0.108643,-0.436768,0.845947
-0.347168,0.094360,0.889038
0.491333,-0.302002,1.039917
-0.396240,-0.177612,0.762451
0.132080,0.070801,1.052856
0.211914,-0.463867,0.860352
-0.440918,0.085449,0.836792
0.506348,-0.277832,1.068604
-0.301514,-0.258057,0.780640
0.032593,0.121948,1.042480
0.281250,-0.453003,0.893188
-0.489014,0.037720,0.777222
0.492798,-0.262451,1.061035
-0.186890,-0.281616,0.823730
-0.066284,0.194458,1.036865
0.323608,-0.390869,0.928345
-0.506348,0.037354,0.786621
0.463135,-0.227051,1.062988
-0.093750,-0.309204,0.854004
-0.150513,0.185913,1.007324
0.402100,-0.415649,0.962158
-0.491089,-0.004517,0.773926
0.384888,-0.129761,1.061646
0.001587,-0.372559,0.858276
-0.202271,0.148071,0.996460
0.434326,-0.380005,0.990112
-0.464722,-0.066040,0.766479
0.326050,-0.039429,1.083130
0.076538,-0.403931,0.845215
-0.274170,0.173096,0.974609
0.467163,-0.377808,1.012695
-0.432739,-0.154175,0.770508
0.275635,-0.024292,1.074951
0.089600,-0.398438,0.838379
-0.318848,0.164917,0.931030
0.510742,-0.325317,1.046509
-0.407104,-0.152954,0.785522
0.210205,-0.001099,1.054321
0.148560,-0.426880,0.854858
-0.384399,0.132324,0.871826
0.515381,-0.299072,1.048584
-0.353027,-0.160034,0.800171
0.116455,0.035522,1.033936
0.227905,-0.461182,0.886597
-0.416626,0.039429,0.809692
0.494141,-0.223633,1.075562
-0.286865,-0.224731,0.798950
0.017578,0.123047,1.047485
0.326904,-0.510132,0.919434
-0.458252,0.023315,0.793579
0.464233,-0.170166,1.078125
-0.206787,-0.236450,0.817139
-0.067993,0.169922,1.040283
0.385620,-0.460938,0.957764
-0.479370,-0.004883,0.794800
0.433105,-0.109985,1.099243
-0.066772,-0.310181,0.836060
-0.166138,0.229492,1.033569
0.428955,-0.416504,0.975098
-0.476929,-0.067749,0.784058
0.390015,-0.106934,1.083984
0.055542,-0.385254,0.847412
-0.247192,0.204468,0.987061
0.469116,-0.348755,1.016602
-0.450195,-0.106567,0.775269
0.311523,-0.079712,1.056641
0.115234,-0.406006,0.867554
-0.316406,0.159912,0.937988
0.482666,-0.296021,1.036255
-0.395508,-0.162842,0.782715
0.203979,0.003174,1.054688
0.186646,-0.451172,0.880859
-0.379150,0.111450,0.880005
0.525269,-0.275879,1.068848
-0.348145,-0.196533,0.768555
0.091431,0.102661,1.041138
0.274292,-0.465576,0.910400
-0.428711,0.045044,0.823608
0.516724,-0.244629,1.084839
-0.257935,-0.242554,0.792358
-0.005371,0.156372,1.040527
0.343506,-0.433716,0.939575
-0.473022,0.044312,0.808960
0.484131,-0.195312,1.095825
-0.149048,-0.271118,0.834229
-0.080322,0.178101,1.037476
0.388306,-0.402588,0.978394
-0.491699,-0.013062,0.788696
0.452881,-0.165283,1.089600
-0.059814,-0.334351,0.836670
-0.151733,0.217285,1.044312
0.440186,-0.363037,1.009766
-0.462402,-0.056519,0.792236
0.397705,-0.098267,1.100098
0.057861,-0.415649,0.857910
-0.235107,0.193237,1.000610
0.473145,-0.351440,1.034546
-0.440186,-0.104858,0.782349
0.313354,-0.031250,1.080566
0.095337,-0.401855,0.870117
-0.283813,0.162476,0.972900
0.523315,-0.322144,1.068604
-0.410889,-0.138428,0.782837
0.227783,0.038574,1.080688
0.157227,-0.410889,0.888672
-0.353882,0.133911,0.922729
0.540161,-0.297607,1.093262
-0.361450,-0.191406,0.788208
0.140869,0.058105,1.050171
0.231323,-0.428833,0.902100
-0.405762,0.046021,0.835693
0.551392,-0.264160,1.105835
-0.295166,-0.196045,0.818237
0.055420,0.127808,1.057373
0.310425,-0.451538,0.936768
-0.448364,0.035889,0.808838
0.510376,-0.200195,1.109375
-0.200317,-0.253296,0.828857
-0.022095,0.186523,1.076904
0.386963,-0.424683,0.987549
-0.491699,0.040039,0.800415
0.459473,-0.149170,1.104736
-0.084595,-0.300049,0.852539
-0.094849,0.187256,1.054077
0.424805,-0.390503,1.001099
-0.478760,-0.002686,0.802979
0.423584,-0.116821,1.102173
0.036255,-0.375854,0.881104
-0.202026,0.184692,1.026367
0.474976,-0.352661,1.047119
-0.455322,-0.078979,0.786987
0.363770,-0.068359,1.109497
0.096558,-0.413086,0.874512
-0.283691,0.207520,0.986328
0.521729,-0.299316,1.069214
-0.389648,-0.122070,0.806396
0.236450,0.009644,1.073242
0.147827,-0.445679,0.886353
-0.330933,0.088989,0.919800
0.545410,-0.262207,1.122314
-0.344727,-0.170044,0.801025
0.153198,0.121338,1.083496
0.248169,-0.456421,0.909668
-0.406494,0.045532,0.877319
0.547485,-0.292358,1.114502
-0.276001,-0.215210,0.819092
0.073975,0.174927,1.075684
0.310059,-0.395996,0.937378
-0.452637,0.049805,0.826904
0.526123,-0.299927,1.093018
-0.210815,-0.315430,0.834106
0.015869,0.127197,1.067383
0.385498,-0.406372,0.978882
-0.496094,0.097778,0.806030
0.491943,-0.154053,1.122070
-0.092285,-0.293823,0.885010
-0.063965,0.133667,1.049927
0.409424,-0.377075,1.013672
-0.481934,-0.014893,0.786743
0.463257,-0.121582,1.132324
-0.020630,-0.331909,0.871094
-0.148804,0.217163,1.054810
0.475586,-0.384644,1.044556
-0.457397,-0.073608,0.801392
0.389404,-0.067505,1.126953
0.061523,-0.378540,0.877197
-0.194824,0.184814,1.017822
0.496338,-0.302246,1.070435
-0.420288,-0.096802,0.802246
0.331787,-0.054932,1.102295
0.097656,-0.402588,0.886230
-0.270630,0.140747,0.970581
0.525757,-0.258057,1.108154
-0.387817,-0.128296,0.801514
0.220703,0.040894,1.079590
0.216553,-0.500610,0.900391
-0.481689,0.006470,0.781860
0.510620,-0.278687,1.073975
-0.337646,-0.187012,0.797974
-0.051636,0.203125,1.039185
0.312622,-0.414551,0.917847
-0.501953,0.022095,0.794922
0.477905,-0.226440,1.083862
-0.114746,-0.292480,0.859253
-0.140015,0.218506,1.028931
0.357300,-0.417969,0.945557
-0.500122,-0.014160,0.786011
0.424927,-0.174805,1.075439
-0.059082,-0.339600,0.839966
-0.179565,0.211792,1.009033
0.433594,-0.393799,0.981567
-0.495239,-0.027222,0.777344
0.341309,-0.099243,1.050781
0.052612,-0.428833,0.826294
-0.233765,0.144043,0.963257
0.469727,-0.347290,1.013550
-0.468506,-0.090454,0.764893
0.278076,-0.048584,1.052612
0.091797,-0.434570,0.822998
-0.312866,0.123413,0.908081
0.503662,-0.315796,1.052124
-0.429688,-0.130981,0.772217
0.166260,0.020386,1.031006
0.183472,-0.497192,0.855469
-0.385132,0.081421,0.876099
0.517456,-0.275391,1.072388
-0.353394,-0.198242,0.768677
0.062378,0.126099,1.041016
0.261475,-0.494385,0.867676
-0.430420,0.031372,0.822266
0.518799,-0.270752,1.074097
-0.277100,-0.237305,0.798828
-0.015015,0.169922,1.032593
0.303711,-0.448730,0.916138
-0.468628,0.016113,0.801270
0.497437,-0.217896,1.104980
-0.193604,-0.263672,0.812744
-0.087769,0.205566,1.037109
0.371460,-0.420898,0.957764
-0.490234,-0.002319,0.793457
0.454590,-0.171753,1.091064
-0.071533,-0.298462,0.851318
-0.150391,0.231567,1.030396
0.414551,-0.387573,0.979614
-0.490112,-0.041626,0.783813
0.397339,-0.143433,1.081909
0.040161,-0.422729,0.847534
-0.203125,0.190552,1.000488
0.438965,-0.320068,1.015259
-0.474487,-0.083252,0.775269
0.343384,-0.100342,1.079834
0.100220,-0.466553,0.838867
-0.279663,0.138428,0.945557
0.471313,-0.287354,1.052002
-0.423706,-0.110107,0.788940
0.273315,-0.046021,1.066772
0.132080,-0.442627,0.853027
-0.350098,0.149170,0.917847
0.512939,-0.305786,1.055908
-0.388672,-0.164673,0.783203
0.182251,0.019775,1.054688
0.191284,-0.452759,0.877563
-0.393555,0.084839,0.859497
0.540527,-0.272949,1.082764
-0.341675,-0.192383,0.773560
0.091309,0.102783,1.045532
0.267456,-0.480347,0.894897
-0.433716,0.019409,0.815796
0.526733,-0.265137,1.090332
-0.261108,-0.221191,0.816040
-0.012207,0.153931,1.031006
0.319580,-0.433350,0.931641
-0.464600,0.005859,0.800415
0.508179,-0.216064,1.114380
-0.170410,-0.262207,0.838135
-0.089233,0.219482,1.044922
0.378906,-0.398682,0.966553
-0.478149,-0.010498,0.796997
0.471191,-0.194580,1.103638
-0.043091,-0.334106,0.866333
-0.158081,0.238770,1.037598
0.414917,-0.352295,0.997559
-0.466187,-0.036377,0.798950
0.402344,-0.133423,1.093384
0.056396,-0.443237,0.853760
-0.214478,0.172119,1.007202
0.463989,-0.318848,1.038208
-0.458130,-0.071411,0.776855
0.328735,-0.067261,1.087158
0.113403,-0.441528,0.872925
-0.287476,0.147583,0.972778
0.497681,-0.270630,1.084595
-0.412842,-0.114624,0.791138
0.225952,0.028687,1.071411
0.182007,-0.448242,0.882812
-0.353882,0.098999,0.917114
0.538940,-0.276001,1.098999
-0.354614,-0.181396,0.785645
0.115723,0.087769,1.051880
0.261353,-0.450684,0.904785
-0.415161,0.068604,0.850586
0.551147,-0.250000,1.101440
-0.262207,-0.198364,0.832153
-0.004761,0.142212,1.032959
0.343262,-0.456055,0.948364
-0.441284,-0.001465,0.815796
0.495605,-0.148926,1.122803
-0.137207,-0.246948,0.861084
-0.107178,0.230469,1.052734
0.408691,-0.424194,0.987427
-0.454956,-0.072510,0.801025
0.436035,-0.107056,1.122681
0.001709,-0.333618,0.869751
-0.185547,0.223633,1.031738
0.466919,-0.366943,1.023315
-0.441406,-0.107910,0.792969
0.371582,-0.072266,1.113403
0.089478,-0.385376,0.876221
-0.261475,0.198486,0.995972
0.496826,-0.298584,1.064453
-0.399658,-0.126709,0.808838
0.271484,-0.010742,1.107178
0.189819,-0.431030,0.902100
-0.360596,0.161377,0.926147
0.540405,-0.251465,1.095825
-0.321533,-0.186646,0.814941
0.111816,0.075806,1.069214
0.290527,-0.477905,0.927490
-0.415405,0.067383,0.854492
0.534668,-0.223022,1.107910
-0.215088,-0.224365,0.833740
-0.018921,0.180908,1.055908
0.364624,-0.414917,0.969116
-0.459229,0.014771,0.831177
0.504639,-0.175293,1.126587
-0.062988,-0.303589,0.878540
-0.130737,0.232300,1.054077
0.427856,-0.341919,1.014282
-0.457520,-0.029541,0.810669
0.412842,-0.108276,1.126343
0.075317,-0.415283,0.888550
-0.199219,0.218994,1.052002
0.494995,-0.323853,1.074463
-0.451416,-0.060913,0.797852
0.313232,-0.026123,1.084351
0.113037,-0.403564,0.884399
-0.260376,0.128296,0.983887
0.545532,-0.256348,1.135864
-0.400269,-0.171997,0.781494
0.207153,0.060425,1.093384
0.214844,-0.457886,0.909302
-0.371948,0.082764,0.905396
0.574707,-0.288940,1.142334
-0.291870,-0.243652,0.831055
0.107910,0.139648,1.081421
0.279541,-0.421021,0.937134
-0.415649,0.072388,0.872437
0.569092,-0.275757,1.137085
-0.239502,-0.284912,0.814331
0.035034,0.178833,1.085449
0.343018,-0.403687,0.978271
-0.448730,0.062256,0.847412
0.551636,-0.235474,1.128784
-0.161743,-0.255615,0.869019
-0.030640,0.204712,1.076050
0.371216,-0.369629,0.993896
-0.437988,0.009644,0.838623
0.528198,-0.167725,1.158813
-0.086548,-0.291748,0.887573
-0.085571,0.227783,1.079712
0.415894,-0.395264,1.003540
-0.461426,-0.006104,0.829346
0.483643,-0.159546,1.136841
-0.009888,-0.331299,0.896362
-0.130005,0.246704,1.082031
0.447144,-0.355225,1.023193
-0.460571,-0.028687,0.814941
0.454956,-0.125122,1.147827
0.048584,-0.400879,0.888550
-0.155151,0.206665,1.063599
0.471191,-0.337891,1.046143
-0.456177,-0.065796,0.800415
0.419800,-0.093750,1.153442
0.079956,-0.389771,0.899902
-0.213623,0.207031,1.039307
0.497314,-0.296875,1.085205
-0.423462,-0.071899,0.821167
0.373657,-0.055054,1.141602
0.103271,-0.399048,0.911499
-0.282959,0.190918,1.008301
0.539307,-0.286743,1.100586
-0.407959,-0.102051,0.804810
0.302734,0.007202,1.127075
0.163208,-0.428589,0.918701
-0.305786,0.132446,0.977539
0.557007,-0.281860,1.124756
-0.385010,-0.126465,0.815186
0.236084,0.049438,1.113525
0.232056,-0.420532,0.951538
-0.328979,0.121216,0.935547
0.554565,-0.243652,1.133057
-0.328247,-0.165771,0.822388
0.176636,0.087524,1.101196
0.281372,-0.447144,0.940430
-0.364502,0.085327,0.903076
0.562134,-0.226685,1.139771
-0.273071,-0.198608,0.831665
0.101440,0.141968,1.097412
0.340942,-0.420044,0.986694
-0.422363,0.068604,0.877686
0.551514,-0.228760,1.138916
-0.189087,-0.248169,0.871826
0.020874,0.175049,1.084106
0.361206,-0.370850,0.997925
-0.446899,0.036011,0.848145
0.556274,-0.216309,1.154053
-0.114258,-0.292969,0.879028
-0.051025,0.197998,1.078369
0.413696,-0.348633,1.022339
-0.440674,-0.009277,0.830688
0.495239,-0.138672,1.167358
-0.005493,-0.372070,0.884766
-0.091919,0.177979,1.071411
0.444946,-0.327148,1.040649
-0.455444,-0.006714,0.828979
0.454834,-0.108643,1.154175
0.058105,-0.394165,0.907227
-0.157227,0.187622,1.059814
0.479004,-0.304565,1.080078
-0.445312,-0.047607,0.804443
0.421265,-0.058228,1.167847
0.058594,-0.381592,0.894287
-0.226562,0.211304,1.055542
0.525269,-0.298950,1.108276
-0.424072,-0.094727,0.810669
0.348755,-0.013428,1.158447
0.129150,-0.395020,0.920532
-0.280273,0.196899,1.015503
0.553345,-0.278809,1.128540
-0.389404,-0.118652,0.820312
0.267456,0.030151,1.129272
0.212891,-0.438232,0.936279
-0.326782,0.150269,0.965210
0.566772,-0.231201,1.142822
-0.312256,-0.164185,0.830688
0.178467,0.107056,1.115234
0.278442,-0.454956,0.953857
-0.376587,0.075684,0.906982
0.567871,-0.242798,1.145142
-0.273315,-0.214111,0.847412
0.089844,0.147095,1.100464
0.338135,-0.398560,0.989624
-0.402710,0.048828,0.877686
0.560547,-0.204590,1.158691
-0.181519,-0.240479,0.868164
0.005371,0.176025,1.090820
0.385254,-0.390991,1.005371
-0.425659,0.015991,0.844482
0.528809,-0.132080,1.181519
-0.098755,-0.260498,0.892334
-0.050171,0.217285,1.102051
0.437134,-0.387329,1.028809
-0.467285,0.014160,0.845093
0.495361,-0.128052,1.172119
0.039551,-0.366455,0.911987
-0.128662,0.232422,1.094971
0.466553,-0.317383,1.061401
-0.433228,-0.054321,0.812866
0.427490,-0.057739,1.176758
0.040771,-0.355347,0.900635
-0.186035,0.210571,1.064697
0.508911,-0.271973,1.112793
-0.413940,-0.093628,0.821045
0.368042,-0.013550,1.161133
0.119507,-0.383423,0.927002
-0.274292,0.194214,1.019043
0.535278,-0.236572,1.137695
-0.362671,-0.159912,0.809937
0.280518,0.052124,1.156616
0.210205,-0.429688,0.931152
-0.340332,0.143066,0.964478
0.566406,-0.241333,1.139160
-0.322876,-0.195435,0.804932
0.183594,0.137695,1.165283
0.284668,-0.433472,0.967651
-0.409058,0.101074,0.910156
0.571533,-0.227905,1.158447
-0.248779,-0.221436,0.855347
0.085083,0.179932,1.122803
0.358765,-0.428955,0.989502
-0.435547,0.095825,0.883667
0.555664,-0.186523,1.157715
-0.147583,-0.271240,0.872314
-0.000122,0.209473,1.117920
0.409302,-0.405518,1.008789
-0.478027,0.054810,0.855957
0.518433,-0.164062,1.156372
-0.042480,-0.323730,0.884399
-0.060913,0.197510,1.092896
0.419067,-0.327148,1.033691
-0.465820,-0.001099,0.837280
0.491089,-0.148315,1.170898
0.002563,-0.384521,0.881226
-0.104248,0.196533,1.085571
0.462891,-0.300415,1.060303
-0.476929,0.001953,0.822754
0.431519,-0.104248,1.150024
0.043213,-0.386475,0.914673
-0.161743,0.162964,1.080811
0.509521,-0.296021,1.108154
-0.483398,0.013550,0.801758
0.385742,-0.031494,1.150024
0.090454,-0.384155,0.928345
-0.223145,0.164307,1.061279
0.513916,-0.253418,1.140015
-0.441162,-0.090698,0.803955
0.355713,-0.013306,1.171509
0.139771,-0.393555,0.926636
-0.313110,0.200317,1.013306
0.549561,-0.265747,1.132080
-0.378296,-0.145874,0.819214
0.271362,0.000610,1.143066
0.198608,-0.401367,0.948364
-0.339966,0.151245,0.943115
0.570679,-0.230713,1.143066
-0.322632,-0.182007,0.818237
0.187744,0.068359,1.125732
0.264893,-0.444214,0.965942
-0.386475,0.130249,0.916504
0.578247,-0.226440,1.142578
-0.271484,-0.208252,0.834839
0.094360,0.125366,1.104980
0.314575,-0.397217,0.985962
-0.405029,0.057983,0.894043
0.561157,-0.207520,1.159790
-0.201294,-0.243286,0.859985
0.017334,0.177856,1.097534
0.363281,-0.386475,0.991089
-0.434692,0.034302,0.858765
0.539307,-0.157104,1.171143
-0.104858,-0.295654,0.873657
-0.050903,0.195435,1.095825
0.398804,-0.351685,1.011353
-0.443359,-0.026611,0.828125
0.516846,-0.148193,1.176270
-0.020874,-0.323120,0.883789
-0.117432,0.215820,1.068848
0.437134,-0.305420,1.045044
-0.463989,-0.047119,0.817505
0.470337,-0.145142,1.172485
-0.011597,-0.363281,0.888672
-0.174683,0.227661,1.057739
0.482544,-0.277344,1.076538
-0.461182,-0.054810,0.812378
0.405029,-0.109009,1.154053
0.063354,-0.386597,0.910400
-0.256104,0.188721,1.010376
0.510132,-0.242554,1.113281
-0.411377,-0.128418,0.785522
0.303467,-0.000244,1.144775
0.161743,-0.393066,0.931519
-0.332886,0.185669,0.971436
0.543823,-0.266846,1.123169
-0.357178,-0.185425,0.810059
0.197388,0.043457,1.116455
0.225464,-0.397095,0.938354
-0.372192,0.114014,0.915649
0.567993,-0.229492,1.144653
-0.300171,-0.208618,0.825684
0.114136,0.098267,1.099365
0.277954,-0.389893,0.958008
-0.427246,0.063599,0.884399
0.570557,-0.213989,1.160889
-0.213379,-0.251221,0.840698
0.024292,0.157227,1.086304
0.330200,-0.381592,0.958130
-0.441406,0.016724,0.853760
0.549805,-0.192627,1.168701
-0.103149,-0.354004,0.852417
-0.034668,0.186157,1.095337
0.366089,-0.345581,0.979858
-0.468872,0.008179,0.830078
0.513184,-0.188965,1.160278
-0.058472,-0.366089,0.860229
-0.097778,0.178345,1.067017
0.407837,-0.319824,1.017822
-0.490601,0.001709,0.819336
0.483887,-0.151245,1.168091
-0.019287,-0.366333,0.856567
-0.179810,0.214478,1.048950
0.468872,-0.307373,1.070312
-0.491089,-0.031128,0.810303
0.418823,-0.102173,1.161377
0.016113,-0.362671,0.883057
-0.255981,0.197510,1.012939
0.513184,-0.296265,1.099854
-0.425415,-0.073608,0.803223
0.324463,-0.013062,1.144531
0.076660,-0.373169,0.900146
-0.306152,0.154541,0.971924
0.536987,-0.286377,1.107788
-0.370972,-0.168579,0.811401
0.232300,0.073730,1.138794
0.156372,-0.388672,0.897461
-0.373413,0.123657,0.926147
0.550049,-0.279053,1.118286
-0.326172,-0.224976,0.809082
0.144531,0.124023,1.111938
0.230469,-0.388794,0.922729
-0.436279,0.096558,0.881958
0.565674,-0.291748,1.124634
-0.275513,-0.289185,0.809448
0.060181,0.140625,1.085327
0.282959,-0.345093,0.937134
-0.457397,0.066650,0.848267
0.557007,-0.257080,1.132080
-0.178833,-0.350342,0.838623
-0.008301,0.116821,1.062256
0.314575,-0.355591,0.952881
-0.467041,0.043213,0.830322
0.527832,-0.198975,1.143799
-0.132568,-0.365967,0.822388
-0.055176,0.127319,1.058960
0.359863,-0.363281,0.975586
-0.482666,0.025879,0.817261
0.501831,-0.168457,1.155884
-0.117798,-0.347290,0.813965
-0.097412,0.155396,1.053589
0.401611,-0.357178,0.995972
-0.495972,0.010376,0.807983
0.483765,-0.150513,1.154541
-0.091187,-0.344116,0.823608
-0.160156,0.164307,1.027100
0.426880,-0.355347,1.011963
-0.471924,-0.056885,0.805176
0.450684,-0.094727,1.159546
-0.082886,-0.328125,0.806885
-0.213013,0.211670,1.010498
0.453857,-0.350586,1.028198
-0.461914,-0.110107,0.795898
0.416992,-0.099121,1.149536
-0.065063,-0.326294,0.829102
-0.258301,0.201904,0.992554
0.477417,-0.334717,1.049072
-0.458618,-0.101807,0.783447
0.369751,-0.059204,1.141357
-0.035522,-0.348877,0.837402
-0.263794,0.179565,0.981567
0.486206,-0.309570,1.061890
-0.482910,-0.079712,0.774658
0.335083,-0.080688,1.131104
0.027344,-0.377808,0.860229
-0.304077,0.166016,0.956787
0.477661,-0.262695,1.063477
-0.437134,-0.101807,0.784912
0.290283,-0.047119,1.121338
0.081177,-0.414551,0.869751
-0.345825,0.156250,0.940186
0.495239,-0.254395,1.067383
-0.412598,-0.115601,0.766846
0.217041,0.025635,1.095459
0.147949,-0.430176,0.892090
-0.404175,0.115356,0.890991
0.517456,-0.267822,1.088135
-0.376587,-0.148682,0.788574
0.109863,0.115601,1.085449
0.214111,-0.404907,0.907104
-0.430176,0.071045,0.876099
0.507935,-0.237915,1.098267
-0.323730,-0.224365,0.779907
0.057983,0.143799,1.079956
0.244507,-0.379761,0.907959
-0.477539,0.045532,0.844482
0.527100,-0.246216,1.104004
-0.201782,-0.309326,0.805908
-0.023193,0.177246,1.062866
0.297241,-0.331421,0.917114
-0.501587,0.033936,0.806396
0.496216,-0.219116,1.114502
-0.146362,-0.376587,0.796875
-0.092651,0.139404,1.039307
0.342896,-0.350098,0.947998
-0.531250,0.009888,0.786011
0.454346,-0.190063,1.104614
-0.088013,-0.377686,0.813232
-0.193481,0.179810,1.013184
0.372681,-0.310181,0.981201
-0.511841,-0.048340,0.770020
0.431519,-0.171875,1.111694
-0.079956,-0.338623,0.826172
-0.265991,0.171509,0.984253
0.409058,-0.319824,1.005249
-0.501465,-0.038940,0.779175
0.375610,-0.113525,1.112671
-0.044922,-0.347656,0.843506
-0.305908,0.179565,0.954468
0.448486,-0.316772,1.018311
-0.495728,-0.039917,0.765991
0.312866,-0.038086,1.118530
-0.005127,-0.385010,0.831543
-0.330322,0.154541,0.944824
0.462769,-0.305786,1.033936
-0.493652,-0.069702,0.746216
0.280396,-0.012817,1.111816
0.031250,-0.375977,0.847534
-0.377319,0.162598,0.923828
0.467163,-0.315430,1.032715
-0.453735,-0.139282,0.758301
0.232300,-0.005005,1.088013
0.046631,-0.378296,0.843994
-0.403564,0.154175,0.901001
0.488403,-0.298584,1.055542
-0.438599,-0.142700,0.767456
0.188721,0.021973,1.091553
0.091553,-0.414917,0.857544
-0.453125,0.162842,0.884033
0.485962,-0.276001,1.051025
-0.417969,-0.174805,0.755981
0.127197,0.068481,1.072388
0.166992,-0.439087,0.870728
-0.466553,0.131348,0.876953
0.494263,-0.271240,1.058105
-0.400146,-0.161011,0.755981
0.055298,0.099609,1.049072
0.214844,-0.412354,0.897949
-0.508667,0.071899,0.813843
0.505981,-0.226440,1.092529
-0.336182,-0.202026,0.757324
-0.005859,0.131714,1.042358
0.247559,-0.403198,0.906616
-0.507935,0.046387,0.822998
0.499756,-0.227661,1.086060
-0.258057,-0.265381,0.756592
-0.077881,0.155396,1.010376
0.298096,-0.414673,0.909790
-0.530884,0.036743,0.784912
0.468506,-0.199707,1.084473
-0.184326,-0.306885,0.767334
-0.124634,0.168091,0.994019
0.323242,-0.361328,0.926880
-0.554443,-0.007080,0.758423
0.466675,-0.225220,1.086792
-0.164673,-0.347412,0.762695
-0.198608,0.174683,0.983154
0.356323,-0.337769,0.959229
-0.546387,-0.012207,0.756104
0.407959,-0.200806,1.069214
-0.136353,-0.400146,0.764526
-0.250977,0.176392,0.972534
0.375732,-0.328857,0.966431
-0.552368,0.016968,0.763794
0.362793,-0.137817,1.078125
-0.111328,-0.357788,0.800171
-0.300171,0.147095,0.930542
0.405396,-0.336304,0.982178
-0.530273,-0.014404,0.745850
0.316772,-0.049438,1.083130
-0.067261,-0.314209,0.821167
-0.360718,0.171387,0.922607
0.436768,-0.368286,0.988037
-0.509277,-0.092773,0.733521
0.264404,-0.011230,1.086426
-0.028076,-0.359497,0.815186
-0.397461,0.176392,0.905151
0.443359,-0.332031,0.998535
-0.501709,-0.113770,0.727051
0.224854,-0.033447,1.057739
0.027954,-0.399414,0.822144
-0.449829,0.200195,0.875977
0.437744,-0.291504,1.010620
-0.470825,-0.131592,0.733032
0.169800,0.000610,1.053467
0.081421,-0.416504,0.828735
-0.482666,0.190918,0.865112
0.456177,-0.291992,1.019287
-0.460327,-0.143433,0.746338
0.088989,0.025879,1.037354
0.145630,-0.433838,0.855957
-0.515381,0.173950,0.848877
0.445923,-0.247192,1.020752
-0.379272,-0.188965,0.760132
0.038574,0.083008,1.037476
0.195068,-0.412109,0.873779
-0.553101,0.114502,0.810181
0.450562,-0.236450,1.038574
-0.309326,-0.250244,0.747314
-0.025879,0.114746,1.022217
0.246704,-0.423218,0.883911
-0.563477,0.091797,0.787354
0.454834,-0.226196,1.052246
-0.250366,-0.284790,0.743408
-0.133057,0.146240,0.995850
0.301147,-0.429810,0.896362
-0.578857,0.049561,0.767578
0.423096,-0.176758,1.063843
-0.201172,-0.338257,0.723267
-0.234985,0.187866,0.974609
0.360474,-0.384277,0.942383
-0.573486,-0.014282,0.740479
0.378906,-0.169067,1.053345
-0.155640,-0.357300,0.738892
-0.291748,0.181763,0.941650
0.382935,-0.336548,0.962769
-0.576294,-0.014771,0.744873
0.323608,-0.119995,1.052246
-0.094238,-0.374634,0.773315
-0.358032,0.192505,0.922852
0.409912,-0.324585,0.980957
-0.546997,-0.035156,0.717651
0.220337,-0.025269,1.041992
-0.011475,-0.379517,0.816772
-0.426392,0.159424,0.881958
0.421387,-0.278198,1.012329
-0.509888,-0.109863,0.697388
0.129150,0.076294,1.033569
0.050659,-0.417480,0.808594
-0.483643,0.149048,0.869873
0.448242,-0.292847,1.019287
-0.459473,-0.123901,0.734863
0.053467,0.140991,1.027344
0.101196,-0.360596,0.847412
-0.497681,0.098877,0.855591
0.456055,-0.270386,1.034180
-0.438843,-0.138428,0.726440
0.001343,0.158081,1.025391
0.189575,-0.418945,0.848755
-0.542847,0.115845,0.833496
0.430176,-0.244141,1.018311
-0.345947,-0.234253,0.720703
-0.035278,0.138916,1.001221
0.218994,-0.380859,0.864868
-0.575195,0.081543,0.795776
0.436646,-0.229492,1.033936
-0.264404,-0.318970,0.711914
-0.124390,0.163330,0.977661
0.262085,-0.406738,0.874390
-0.581909,0.061523,0.775146
0.429443,-0.195679,1.047119
-0.226807,-0.308960,0.726440
-0.207520,0.164062,0.955322
0.320557,-0.393555,0.915039
-0.584106,0.025635,0.751831
0.385864,-0.154053,1.051514
-0.184937,-0.343506,0.724487
-0.281616,0.175171,0.927002
0.362671,-0.383301,0.928589
-0.577515,-0.005981,0.740479
0.326050,-0.140259,1.029663
-0.133545,-0.362549,0.750488
-0.344360,0.173950,0.889771
0.380981,-0.331909,0.947388
-0.570801,-0.008911,0.723022
0.262573,-0.086914,1.028931
-0.064087,-0.368042,0.780029
-0.412964,0.191895,0.888550
0.396240,-0.305298,0.963501
-0.543213,-0.057251,0.701050
0.178833,0.010498,1.026855
0.012451,-0.407593,0.803467
-0.483521,0.175659,0.871948
0.425537,-0.288818,0.987061
-0.502563,-0.096802,0.699463
0.068848,0.096069,1.002319
0.099243,-0.406006,0.832275
-0.532959,0.146851,0.834229
0.430664,-0.256226,1.002075
-0.425049,-0.167236,0.709351
0.011108,0.151733,1.015137
0.164307,-0.387085,0.849121
-0.579224,0.108398,0.804199
0.446899,-0.274048,1.014038
-0.336060,-0.279175,0.695557
-0.049316,0.160645,0.994019
0.306641,-0.349976,0.917725
-0.546143,0.006592,0.752441
0.427490,-0.197754,1.080322
-0.270630,-0.334351,0.700562
-0.225830,0.151245,0.966309
0.354858,-0.356812,0.942871
-0.561401,0.000610,0.754272
0.402222,-0.168457,1.074463
-0.136597,-0.335083,0.781494
-0.293457,0.187012,0.948486
0.376465,-0.324829,0.965942
-0.550781,-0.048828,0.730957
0.346069,-0.122070,1.072266
-0.091797,-0.368408,0.793945
-0.348511,0.189331,0.934326
0.409058,-0.318970,0.983643
-0.533447,-0.063721,0.713745
0.289185,-0.085571,1.066528
-0.051880,-0.348511,0.815308
-0.394897,0.150635,0.900146
0.428345,-0.314453,1.003052
-0.499756,-0.075317,0.725586
0.193848,0.029175,1.063965
0.008789,-0.382324,0.818604
-0.427368,0.156738,0.886475
0.430420,-0.295410,1.013794
-0.497681,-0.134521,0.714355
0.167725,0.040405,1.055298
0.052368,-0.422974,0.811035
-0.470581,0.189453,0.879395
0.439819,-0.271606,1.015015
-0.459106,-0.170166,0.729004
0.112305,0.055786,1.033691
0.097778,-0.410156,0.829590
-0.490967,0.151733,0.849609
0.448975,-0.248779,1.025146
-0.431641,-0.151855,0.750488
0.067749,0.048096,1.029297
0.148071,-0.437378,0.855591
-0.537354,0.146362,0.827637
0.446167,-0.226685,1.031250
-0.383057,-0.183716,0.751465
-0.002319,0.091797,1.023438
0.201538,-0.433960,0.869263
-0.552856,0.090576,0.807251
0.462402,-0.228394,1.048218
-0.306030,-0.259888,0.737183
-0.083984,0.165771,1.003296
0.251953,-0.418091,0.885376
-0.561157,0.068970,0.795044
0.436279,-0.219360,1.033936
-0.265869,-0.309692,0.711060
-0.129761,0.148804,0.987427
0.304443,-0.366089,0.908447
-0.573120,0.038940,0.771606
0.416382,-0.189697,1.052856
-0.224609,-0.331543,0.723755
-0.215088,0.153564,0.952271
0.349487,-0.373657,0.933228
-0.578003,0.008179,0.759155
0.364136,-0.156006,1.043091
-0.160645,-0.349365,0.735474
-0.292236,0.181641,0.919067
0.371948,-0.347290,0.955688
-0.563965,-0.016846,0.757324
0.320923,-0.126343,1.047363
-0.119385,-0.362183,0.768311
-0.356812,0.178955,0.904053
0.382935,-0.321045,0.951904
-0.547607,-0.020874,0.738403
0.239014,-0.061890,1.031006
-0.037598,-0.388794,0.799683
-0.435303,0.202759,0.877441
0.414795,-0.296021,0.985718
-0.528442,-0.076660,0.709106
0.170532,0.011230,1.032837
0.040894,-0.400391,0.816406
-0.498169,0.170654,0.859375
0.429443,-0.277954,0.998291
-0.472290,-0.148315,0.701294
0.078003,0.107178,1.024902
0.099487,-0.408569,0.814819
-0.545044,0.148926,0.824341
0.455444,-0.293091,1.013306
-0.380493,-0.202148,0.747803
-0.005127,0.155151,1.015991
0.155762,-0.384521,0.841553
-0.569824,0.104004,0.790283
0.448853,-0.268433,1.016479
-0.328613,-0.261719,0.730713
-0.043823,0.162109,0.994263
0.218994,-0.387695,0.853027
-0.591797,0.105347,0.777222
0.433716,-0.256104,0.999512
-0.266235,-0.306152,0.718506
-0.123413,0.144775,0.962524
0.268921,-0.418213,0.875610
-0.579346,0.041382,0.755005
0.412476,-0.173828,1.042603
-0.242554,-0.320801,0.693359
-0.189819,0.171997,0.967651
0.322144,-0.376465,0.911621
-0.604980,0.071899,0.767456
0.379150,-0.181274,1.031006
-0.175659,-0.372559,0.722656
-0.252930,0.151367,0.925415
0.333374,-0.341675,0.922485
-0.612061,0.027100,0.722900
0.355591,-0.158813,1.031860
-0.120605,-0.397949,0.751099
-0.332764,0.174561,0.895508
0.354614,-0.327881,0.925537
-0.587769,0.046875,0.736328
0.296265,-0.133911,1.022339
-0.080322,-0.392700,0.760498
-0.391724,0.188354,0.881836
0.391968,-0.318604,0.951538
-0.563110,0.011108,0.711670
0.198853,-0.034058,0.994751
-0.025024,-0.370728,0.799927
-0.434204,0.177002,0.879028
0.391602,-0.282104,0.966187
-0.534546,-0.078125,0.695923
0.127808,0.054688,1.006348
0.051147,-0.401367,0.817017
-0.507324,0.175781,0.841675
0.415405,-0.269531,0.996216
-0.479248,-0.133911,0.708008
0.063232,0.112061,1.019531
0.097290,-0.385864,0.825439
-0.556763,0.144897,0.814087
0.445190,-0.279175,0.997925
-0.407104,-0.162598,0.713501
0.012329,0.164917,1.009155
0.147461,-0.371826,0.844971
-0.574829,0.125977,0.803833
0.437744,-0.251221,1.005981
-0.359009,-0.238037,0.704346
-0.043579,0.156128,0.996948
0.214233,-0.443604,0.847046
-0.613159,0.161377,0.778687
0.425415,-0.201538,1.015137
-0.269897,-0.266113,0.723755
-0.085327,0.170898,0.993896
0.242310,-0.358032,0.880127
-0.622437,0.063843,0.737549
0.415649,-0.222900,1.010010
-0.229980,-0.354858,0.687256
-0.157837,0.200439,0.967773
0.293945,-0.374268,0.874512
-0.627075,0.110352,0.759766
0.391602,-0.209351,1.000244
-0.181396,-0.392944,0.702515
-0.226807,0.181274,0.937744
0.322266,-0.343994,0.906738
-0.634399,0.058472,0.711670
0.354736,-0.176880,1.009033
-0.117798,-0.392578,0.740356
-0.282349,0.174194,0.904663
0.335938,-0.310059,0.911865
-0.606689,0.084717,0.724854
0.330566,-0.140747,1.005005
-0.095703,-0.381714,0.749878
-0.344849,0.172241,0.870605
0.358154,-0.289551,0.927856
-0.570435,0.028564,0.714844
0.250366,-0.069336,0.997559
-0.062988,-0.402710,0.748779
-0.398804,0.183960,0.875854
0.398682,-0.288940,0.965210
-0.561279,-0.004517,0.697144
0.169922,0.019531,0.993042
-0.001831,-0.403442,0.781860
-0.463257,0.182617,0.852661
0.421387,-0.294922,0.962524
-0.533325,-0.062378,0.707642
0.116455,0.053223,1.006226
0.065796,-0.403442,0.797852
-0.542480,0.225098,0.838867
0.422974,-0.244629,0.967773
-0.429565,-0.122925,0.726440
0.035522,0.167480,1.035767
0.125854,-0.384766,0.829224
-0.585938,0.168335,0.823853
0.425537,-0.275391,0.976807
-0.342773,-0.230957,0.716431
-0.027588,0.156860,0.996582
0.180664,-0.354492,0.848389
-0.590210,0.146729,0.785889
0.427124,-0.220459,1.009399
-0.273315,-0.331909,0.706421
-0.093506,0.130249,0.973877
0.244995,-0.359497,0.880249
-0.617798,0.133911,0.751587
0.402710,-0.198486,0.991699
-0.212280,-0.342896,0.720825
-0.172119,0.140137,0.958252
0.316406,-0.380493,0.908936
-0.623535,0.115723,0.734619
0.358643,-0.111328,1.009033
-0.151367,-0.348755,0.720581
-0.238159,0.172241,0.926880
0.344482,-0.364258,0.908203
-0.601074,0.063232,0.737793
0.326904,-0.092529,1.010864
-0.143311,-0.348999,0.719360
-0.301758,0.162964,0.888062
0.389526,-0.349731,0.941040
-0.601074,0.028320,0.703735
0.267090,-0.076782,0.984253
-0.063354,-0.403687,0.739014
-0.371704,0.199341,0.877075
0.390137,-0.291748,0.940796
-0.563477,-0.023804,0.709106
0.211914,-0.021973,0.997437
-0.028442,-0.412354,0.767212
-0.435303,0.204224,0.861816
0.417114,-0.280151,0.960693
-0.543945,-0.015991,0.709229
0.148315,0.040527,0.985474
0.029175,-0.406860,0.773193
-0.469116,0.188599,0.853760
0.427490,-0.252930,0.977783
-0.499512,-0.057251,0.729126
0.067871,0.105957,1.009766
0.083862,-0.437256,0.787964
-0.521729,0.177979,0.829224
0.440674,-0.229614,1.000000
-0.425659,-0.099854,0.725708
0.022949,0.183472,1.020142
0.113770,-0.391479,0.797852
-0.528320,0.122070,0.817261
0.449951,-0.224365,1.006836
-0.408325,-0.125610,0.722168
0.000854,0.187134,1.010254
0.174194,-0.404419,0.832886
-0.588257,0.148071,0.788452
0.458740,-0.214844,1.014771
-0.316528,-0.207275,0.729858
-0.053833,0.226074,0.995850
0.196045,-0.380859,0.831055
-0.592163,0.126099,0.757935
0.463257,-0.239868,1.017212
-0.286255,-0.243896,0.731934
-0.082886,0.210815,0.992676
0.238647,-0.380859,0.853027
-0.603760,0.145386,0.769165
0.435425,-0.219116,0.997559
-0.231201,-0.283447,0.722168
-0.108032,0.204834,0.973267
0.285278,-0.369751,0.883301
-0.633911,0.119995,0.735352
0.412842,-0.188477,1.014648
-0.179688,-0.336792,0.735718
-0.154663,0.183594,0.944336
0.300537,-0.317139,0.898926
-0.635864,0.124878,0.730225
0.396851,-0.188477,1.002197
-0.114014,-0.386475,0.752441
-0.219604,0.185181,0.911255
0.350830,-0.312378,0.905273
-0.633301,0.139893,0.735840
0.335693,-0.139038,0.979004
-0.067749,-0.427002,0.756104
-0.262573,0.148071,0.886475
0.380127,-0.309448,0.917725
-0.602661,0.146362,0.713013
0.264648,-0.030029,0.966309
-0.021484,-0.433228,0.762695
-0.335938,0.132202,0.874390
0.396484,-0.318726,0.938232
-0.583008,0.080444,0.718506
0.226929,0.039062,0.992554
-0.010132,-0.391113,0.765991
-0.404053,0.171997,0.857178
0.415894,-0.304810,0.958496
-0.555908,-0.015747,0.708252
0.204956,-0.007324,0.981689
0.008789,-0.384033,0.781006
-0.419189,0.201538,0.845703
0.426270,-0.250488,0.968628
-0.518921,-0.060303,0.707764
0.155640,0.034790,0.998047
0.040894,-0.429443,0.785645
-0.436890,0.191406,0.849731
0.442749,-0.239990,0.973145
-0.520386,-0.041748,0.725342
0.112549,0.047241,0.994019
0.075195,-0.427368,0.800049
-0.460327,0.161743,0.827759
0.416870,-0.198730,0.989868
-0.466797,-0.057495,0.736450
0.099487,0.104126,1.018433
0.087891,-0.408203,0.802734
-0.495117,0.161865,0.810425
0.441528,-0.229980,0.987061
-0.445068,-0.081177,0.748657
0.064331,0.114014,1.014404
0.139160,-0.441284,0.804932
-0.551514,0.190796,0.800659
0.449219,-0.216553,0.987915
-0.383667,-0.122192,0.744629
0.021118,0.152466,1.012695
0.177368,-0.411377,0.832520
-0.557617,0.160522,0.802368
0.451416,-0.198853,1.000610
-0.339478,-0.168701,0.740479
-0.040161,0.182861,1.000122
0.238403,-0.434570,0.853027
-0.576294,0.133057,0.773071
0.436646,-0.184448,1.010376
-0.267822,-0.194092,0.750488
-0.089355,0.193726,0.979736
0.272827,-0.388794,0.878540
-0.598389,0.116333,0.765503
0.430298,-0.166504,1.014160
-0.222168,-0.271240,0.745239
-0.141724,0.188599,0.952759
0.332275,-0.392456,0.899048
-0.592163,0.105835,0.751465
0.390259,-0.128174,1.006470
-0.145142,-0.292114,0.765381
-0.196045,0.187256,0.941406
0.360596,-0.396484,0.907471
-0.594971,0.102051,0.762451
0.359741,-0.090332,1.012451
-0.089600,-0.352539,0.747192
-0.246094,0.191162,0.902222
0.364258,-0.323608,0.919189
-0.572021,0.046509,0.740967
0.333008,-0.073486,1.012695
-0.061523,-0.398071,0.733032
-0.324463,0.206299,0.877930
0.410767,-0.312866,0.940308
-0.541870,-0.029907,0.733276
0.251709,-0.050415,0.988892
-0.011353,-0.411255,0.751343
-0.408691,0.206909,0.830444
0.434814,-0.284424,0.959351
-0.500244,-0.068848,0.731323
0.159424,0.013184,0.997437
0.041382,-0.415527,0.782837
-0.459839,0.180786,0.811279
0.446167,-0.234497,0.978516
-0.437622,-0.063110,0.756226
0.081421,0.112305,1.013916
0.112793,-0.436035,0.802124
-0.519897,0.146362,0.791504
0.449463,-0.208618,0.994385
-0.375488,-0.105835,0.768188
0.002930,0.148926,1.000366
0.208618,-0.438232,0.852173
-0.563599,0.133911,0.775024
0.437012,-0.184570,0.999512
-0.290405,-0.181641,0.755615
-0.088867,0.209351,0.982666
0.291382,-0.420410,0.884644
-0.570068,0.088013,0.770020
0.410767,-0.145142,1.021606
-0.177612,-0.261108,0.762207
-0.185791,0.189453,0.931885
0.336792,-0.380371,0.899170
-0.568726,0.031494,0.757080
0.386230,-0.113403,1.035889
-0.075684,-0.350952,0.755493
-0.276978,0.223999,0.887207
0.384155,-0.312012,0.921753
-0.548096,-0.009766,0.746094
0.309570,-0.092285,0.996094
-0.011230,-0.420410,0.761597
-0.345703,0.189697,0.846802
0.406006,-0.257935,0.942017
-0.505737,-0.063477,0.725342
0.205688,-0.006714,1.005981
0.051636,-0.456787,0.766846
-0.433472,0.166870,0.818970
0.432129,-0.246094,0.961182
-0.449097,-0.086182,0.757202
0.102661,0.092163,1.015747
0.122192,-0.445801,0.793579
-0.510376,0.145874,0.793213
0.442139,-0.200439,0.997070
-0.354492,-0.130859,0.759155
-0.006104,0.173706,1.006958
0.207153,-0.427734,0.851807
-0.561523,0.098145,0.774414
0.445801,-0.197510,1.017334
-0.233887,-0.235962,0.751099
-0.114380,0.240356,0.982544
0.312012,-0.411865,0.887695
-0.575317,0.077515,0.758301
0.409546,-0.157593,1.019043
-0.123779,-0.328491,0.755737
-0.192383,0.191406,0.937012
0.356079,-0.355957,0.907837
-0.560181,0.045532,0.762207
0.364014,-0.108276,1.019165
-0.037964,-0.383911,0.763306
-0.280640,0.188232,0.885376
0.382568,-0.332520,0.927734
-0.553833,-0.002930,0.734863
0.292847,-0.087769,0.987915
0.015625,-0.424561,0.768555
-0.341797,0.167114,0.842651
0.415283,-0.254395,0.956909
-0.506104,-0.053833,0.739502
0.176270,-0.026855,0.976074
0.063721,-0.461304,0.782104
-0.413452,0.150146,0.819946
0.456055,-0.238647,0.977173
-0.466553,-0.054199,0.757690
0.084351,0.099365,0.999634
0.132568,-0.433594,0.819092
-0.499023,0.101807,0.779907
0.462402,-0.223511,1.022095
-0.375244,-0.126953,0.746582
-0.006348,0.182617,0.996094
0.214600,-0.433105,0.841064
-0.548828,0.076538,0.758667
0.462036,-0.223511,1.018066
-0.267212,-0.202881,0.764282
-0.086182,0.232422,0.997192
0.269043,-0.376953,0.879883
-0.567017,0.073364,0.746460
0.441650,-0.227905,1.020630
-0.156250,-0.297852,0.791992
-0.148682,0.210083,0.960449
0.301636,-0.343140,0.893555
-0.574707,0.061035,0.745972
0.403687,-0.179688,1.016235
-0.068481,-0.349487,0.791870
-0.220093,0.200317,0.927979
0.358154,-0.343506,0.917236
-0.553101,0.031250,0.744629
0.340698,-0.142334,0.990723
-0.020264,-0.428223,0.770142
-0.281738,0.200439,0.892090
0.402588,-0.307739,0.946655
-0.539673,-0.031372,0.730347
0.266357,-0.113892,0.975098
0.025513,-0.479614,0.759277
-0.344971,0.136108,0.850952
0.431152,-0.285767,0.963501
-0.518066,-0.047607,0.740112
0.179688,-0.016357,0.991577
0.081543,-0.471558,0.781006
-0.400269,0.108032,0.825195
0.442627,-0.269165,0.980103
-0.470703,-0.062744,0.748413
0.095093,0.079590,0.995850
0.149292,-0.470703,0.802612
-0.489624,0.120117,0.797607
0.464844,-0.255737,1.000366
-0.373169,-0.147949,0.750366
-0.001343,0.148315,1.001465
0.221680,-0.458862,0.838989
-0.536255,0.080444,0.754639
0.452637,-0.220459,1.024414
-0.253296,-0.216797,0.777222
-0.098633,0.191650,0.989624
0.288574,-0.434692,0.877563
-0.562866,0.040161,0.740967
0.426147,-0.175171,1.039307
-0.114624,-0.302002,0.788940
-0.181030,0.223267,0.965332
0.322754,-0.394165,0.908813
-0.561646,0.026123,0.747559
0.388916,-0.159912,1.026733
-0.049927,-0.359619,0.788940
-0.232056,0.197632,0.924316
0.389526,-0.337646,0.947021
-0.533447,-0.031616,0.740479
0.304810,-0.121582,0.990479
0.012451,-0.457886,0.767334
-0.291992,0.130981,0.864380
0.428223,-0.303101,0.959839
-0.523804,-0.017334,0.740112
0.214844,-0.052246,0.984741
0.088379,-0.483154,0.790771
-0.371826,0.130127,0.838867
0.447266,-0.321045,0.964600
-0.478516,-0.047119,0.763184
0.137695,0.030151,0.997559
0.104492,-0.475830,0.776489
-0.431274,0.094849,0.813110
0.467651,-0.288574,1.000122
-0.420532,-0.128296,0.757935
0.054321,0.108398,1.006470
0.170776,-0.443604,0.829224
-0.498901,0.078125,0.770630
0.478638,-0.292847,1.003296
-0.333618,-0.202026,0.761963
-0.023804,0.177612,1.012451
0.243408,-0.425293,0.858765
-0.530884,0.044922,0.750610
0.454956,-0.261353,1.023071
-0.226807,-0.253906,0.794800
-0.101318,0.185059,0.988525
0.297852,-0.417847,0.886108
-0.544922,0.021240,0.746826
0.412354,-0.187500,1.039917
-0.122314,-0.332642,0.784424
-0.161621,0.185791,0.966553
0.342773,-0.378296,0.914429
-0.542236,0.037842,0.761719
0.370850,-0.167725,1.014160
-0.030640,-0.391968,0.802612
-0.235840,0.160645,0.924805
0.392822,-0.392334,0.930420
-0.531738,-0.018921,0.739136
0.306519,-0.095459,0.998413
0.038818,-0.422241,0.803833
-0.312256,0.152344,0.877197
0.437622,-0.378906,0.958374
-0.498169,-0.084229,0.744507
0.221802,-0.056763,1.002075
0.077148,-0.460693,0.778687
-0.375610,0.128540,0.837036
0.467041,-0.313721,0.986450
-0.446777,-0.141235,0.756470
0.140991,0.007080,1.001099
0.113037,-0.461060,0.802246
-0.437622,0.080933,0.792969
0.470947,-0.276123,1.000732
-0.382446,-0.167358,0.760864
0.027954,0.088379,1.002319
0.205444,-0.487183,0.831421
-0.477905,0.031372,0.757812
0.466675,-0.249756,1.022705
-0.302612,-0.176147,0.780396
-0.061157,0.171387,1.009644
0.294922,-0.487183,0.876465
-0.511597,-0.013306,0.743652
0.425171,-0.202393,1.034180
-0.151855,-0.290527,0.794189
-0.157715,0.213013,0.991943
0.338501,-0.410645,0.902222
-0.515503,-0.007568,0.757202
0.393555,-0.141724,1.042480
-0.039307,-0.355835,0.821411
-0.243164,0.188232,0.942871
0.405640,-0.403564,0.952393
-0.522461,-0.083862,0.728882
0.299316,-0.104248,1.017822
0.046509,-0.484375,0.773560
-0.294678,0.151367,0.891602
0.431030,-0.318115,0.979492
-0.458984,-0.091431,0.760742
0.201050,-0.033569,1.011108
0.090088,-0.499878,0.783691
-0.363159,0.079346,0.858398
0.467896,-0.286377,1.015991
-0.430786,-0.113770,0.756958
0.097290,0.080933,1.023315
0.183716,-0.488770,0.828979
-0.453613,0.049072,0.795532
0.482666,-0.272095,1.042969
-0.320801,-0.231445,0.755005
-0.020508,0.169434,1.021606
0.277466,-0.427002,0.888428
-0.512085,0.032837,0.765503
0.458008,-0.273804,1.034424
-0.204346,-0.286133,0.802490
-0.104370,0.182861,0.998901
0.324463,-0.402710,0.923218
-0.528564,0.034302,0.773804
0.421387,-0.199097,1.048828
-0.075073,-0.349487,0.826538
-0.194702,0.187134,0.976807
0.388428,-0.409668,0.939087
-0.514404,-0.024780,0.750122
0.351440,-0.121338,1.035034
0.041870,-0.408447,0.832397
-0.279663,0.167114,0.926636
0.439941,-0.361938,0.976685
-0.472778,-0.093994,0.751709
0.254883,-0.051636,1.020630
0.094116,-0.484375,0.813477
-0.345947,0.116089,0.886475
0.477051,-0.318604,1.005249
-0.426514,-0.117065,0.764893
0.163208,0.061279,1.040039
0.132568,-0.421143,0.848389
-0.416748,0.062622,0.845947
0.511108,-0.329346,1.040527
-0.377808,-0.162598,0.764893
0.059692,0.160156,1.045532
0.232788,-0.442383,0.873291
-0.461182,-0.011719,0.779175
0.490479,-0.298462,1.044189
-0.279785,-0.235107,0.805176
-0.023682,0.155518,1.029541
0.287109,-0.431641,0.901611
-0.504395,0.005737,0.759277
0.464478,-0.234985,1.072388
-0.167725,-0.296265,0.815308
-0.100830,0.188843,1.021973
0.349854,-0.406128,0.935791
-0.527954,0.037842,0.782349
0.428955,-0.218750,1.046021
-0.061646,-0.369141,0.824951
-0.175293,0.166992,0.991333
0.400269,-0.356079,0.977051
-0.497803,-0.028076,0.760254
0.358643,-0.109863,1.050415
0.050781,-0.433472,0.843262
-0.257446,0.159668,0.964478
0.442749,-0.349854,0.999146
-0.452881,-0.076538,0.758911
0.264771,-0.029419,1.043091
0.104858,-0.442993,0.837891
-0.321411,0.125977,0.941528
0.485352,-0.337280,1.032593
-0.415527,-0.156494,0.753418
0.178345,0.054932,1.037354
0.147827,-0.417969,0.846191
-0.374023,0.119873,0.901611
0.511353,-0.290283,1.070068
-0.383545,-0.214966,0.753662
0.116699,0.065308,1.042114
0.227783,-0.475220,0.881348
-0.429932,0.072388,0.823242
0.524170,-0.264771,1.057739
-0.321899,-0.171509,0.794067
0.038696,0.104370,1.037964
0.287842,-0.511597,0.895264
-0.459717,0.020874,0.796265
0.500366,-0.237427,1.075928
-0.261597,-0.228271,0.810303
-0.029785,0.147339,1.028564
0.343872,-0.478149,0.922485
-0.481812,0.027222,0.788574
0.464478,-0.194336,1.087158
-0.182129,-0.273438,0.822510
-0.084717,0.192871,1.038208
0.382568,-0.451660,0.943604
-0.488647,0.005737,0.793213
0.458862,-0.172363,1.090332
-0.107910,-0.267334,0.847900
-0.134277,0.201294,1.022583
0.405884,-0.408325,0.967529
-0.476318,-0.027832,0.790771
0.445190,-0.131592,1.110596
-0.038696,-0.324219,0.850464
-0.190063,0.206177,1.019775
0.437866,-0.398438,0.999390
-0.467285,-0.098755,0.778809
0.387573,-0.088989,1.103271
0.062012,-0.380249,0.856934
-0.244873,0.237671,1.004272
0.475830,-0.345215,1.022827
-0.437378,-0.144409,0.772095
0.312256,-0.064819,1.070190
0.081543,-0.377686,0.866699
-0.277100,0.172852,0.970947
0.511719,-0.313599,1.070801
-0.429810,-0.128540,0.761719
0.242554,-0.008789,1.075439
0.144287,-0.440308,0.874756
-0.340332,0.134033,0.923340
0.540161,-0.283691,1.085083
-0.362549,-0.172607,0.792358
0.151855,0.083740,1.066772
0.235474,-0.462891,0.892456
-0.388672,0.060913,0.865723
0.532349,-0.258423,1.085327
-0.316284,-0.211426,0.791626
0.083496,0.109131,1.050659
0.301392,-0.447876,0.923584
-0.429688,0.031982,0.828857
0.521606,-0.212402,1.110229
-0.215820,-0.257080,0.826294
-0.024048,0.158691,1.053955
0.352783,-0.453125,0.949707
-0.471069,0.015747,0.814453
0.506226,-0.181030,1.121460
-0.118652,-0.274414,0.860352
-0.081909,0.198853,1.068481
0.392090,-0.407227,0.980591
-0.483643,0.013306,0.806763
0.322388,-0.095703,1.036987
-0.001099,-0.332153,0.894897
-0.281372,0.150391,0.945801
0.450073,-0.347290,0.992554
-0.482788,-0.071655,0.746948
0.251465,-0.039062,1.029663
0.099609,-0.427979,0.840576
-0.326172,0.105835,0.910767
0.488159,-0.335938,1.017212
-0.438110,-0.106934,0.758301
0.173584,0.032959,1.031128
0.136230,-0.429810,0.839966
-0.376709,0.083252,0.872437
0.518921,-0.335327,1.055664
-0.414551,-0.157715,0.749146
0.119385,0.090820,1.021240
0.190063,-0.417114,0.860962
-0.411499,0.043823,0.841675
0.536743,-0.324341,1.064087
-0.382080,-0.217896,0.747192
0.075195,0.110962,1.042358
0.250366,-0.453613,0.877319
-0.447021,0.053711,0.808105
0.521484,-0.279785,1.071777
-0.309448,-0.223267,0.781616
0.019287,0.109741,1.037354
0.296509,-0.452637,0.912476
-0.479980,0.035522,0.779175
0.491211,-0.229858,1.081787
-0.236938,-0.257935,0.802734
-0.057129,0.165283,1.035889
0.363892,-0.468750,0.938843
-0.496216,0.055176,0.795410
0.447876,-0.173218,1.068237
-0.144897,-0.278320,0.830811
-0.108765,0.176392,1.029663
0.403076,-0.451416,0.965820
-0.492920,-0.007568,0.799438
0.418091,-0.113770,1.077271
-0.061035,-0.294189,0.829102
-0.159302,0.195557,1.017822
0.441528,-0.418213,0.996826
-0.487183,-0.083374,0.772705
0.376099,-0.117065,1.075684
0.034180,-0.384399,0.844727
-0.226562,0.191650,0.986694
0.466064,-0.332275,1.029297
-0.463623,-0.110718,0.762695
0.313721,-0.069580,1.063477
0.108398,-0.429688,0.862671
-0.285767,0.172607,0.961060
0.484375,-0.289062,1.059326
-0.444580,-0.149048,0.752441
0.238892,-0.037354,1.049927
0.142944,-0.440063,0.870728
-0.343628,0.146240,0.923096
0.532959,-0.271729,1.077881
-0.391724,-0.122803,0.802612
0.133911,0.048462,1.032593
0.229614,-0.495117,0.891357
-0.381714,0.032593,0.849243
0.525757,-0.225220,1.102905
-0.319092,-0.182617,0.793457
0.062134,0.140259,1.057129
0.292358,-0.459595,0.928223
-0.427002,0.028809,0.837646
0.515259,-0.212280,1.102173
-0.253418,-0.227905,0.809448
0.006470,0.183594,1.073853
0.342285,-0.459717,0.935425
-0.484497,0.044556,0.828369
0.511597,-0.215454,1.121094
-0.181885,-0.288818,0.828613
-0.052124,0.221069,1.066162
0.377808,-0.398682,0.969238
-0.483032,0.036621,0.822632
0.493652,-0.236938,1.101196
-0.105103,-0.326904,0.862671
-0.091309,0.187866,1.048706
0.395630,-0.363281,0.991577
-0.468262,-0.012695,0.796509
0.477173,-0.148315,1.136108
-0.040527,-0.339844,0.852417
-0.141357,0.213135,1.054932
0.437500,-0.394287,0.999878
-0.463501,-0.030884,0.808716
0.450073,-0.150635,1.105469
-0.002319,-0.342651,0.869507
-0.157959,0.197632,1.028931
0.474365,-0.382690,1.033081
-0.453369,-0.049316,0.804565
0.401489,-0.078003,1.118774
0.054321,-0.367676,0.884521
-0.198120,0.182617,1.022583
0.484009,-0.355591,1.045532
-0.452515,-0.097534,0.803955
0.378784,-0.087769,1.113159
0.067871,-0.373657,0.879639
-0.229370,0.201416,1.014282
0.509766,-0.298706,1.083496
-0.424561,-0.110962,0.812256
0.344849,-0.053467,1.114014
0.085449,-0.371826,0.885254
-0.273315,0.197876,0.989380
0.533447,-0.294434,1.098022
-0.391479,-0.157715,0.808472
0.291626,0.008789,1.116333
0.142334,-0.396240,0.901733
-0.316528,0.157593,0.959351
0.557739,-0.312988,1.107788
-0.384766,-0.171021,0.788818
0.227661,0.028198,1.096313
0.207275,-0.427612,0.924194
-0.344482,0.118042,0.927490
0.562988,-0.270264,1.127930
-0.351074,-0.199341,0.799072
0.162964,0.074341,1.080444
0.257324,-0.438843,0.934570
-0.368896,0.106445,0.893555
0.583374,-0.248657,1.130981
-0.309937,-0.190186,0.808472
0.105957,0.106812,1.073730
0.308838,-0.453247,0.953369
-0.415283,0.060181,0.853271
0.557861,-0.215088,1.143677
-0.216064,-0.211426,0.865112
0.030151,0.192749,1.088867
0.346802,-0.426880,0.966797
-0.424805,0.040649,0.866577
0.555908,-0.199341,1.161743
-0.181763,-0.221558,0.866333
-0.039185,0.214844,1.084717
0.400146,-0.401978,1.002808
-0.436890,0.004395,0.846558
0.516968,-0.158203,1.157227
-0.081787,-0.282837,0.889404
-0.095093,0.227051,1.089844
0.437256,-0.382812,1.018188
-0.437744,-0.021973,0.842407
0.484619,-0.114380,1.157837
0.021729,-0.325317,0.907227
-0.149780,0.240234,1.079712
0.462769,-0.347046,1.047852
-0.440552,-0.053589,0.824341
0.439087,-0.090210,1.155273
0.070557,-0.335205,0.921387
-0.197266,0.248779,1.064453
0.511719,-0.306763,1.075928
-0.427979,-0.096680,0.802979
0.359009,-0.040161,1.149292
0.105591,-0.368042,0.928101
-0.251831,0.207520,1.029541
0.547974,-0.268799,1.121216
-0.382812,-0.122681,0.818115
0.273560,0.002441,1.135132
0.184692,-0.432129,0.925903
-0.313232,0.105713,0.938477
0.555786,-0.219116,1.153564
-0.319946,-0.185913,0.823975
0.184448,0.086304,1.122070
0.272339,-0.469482,0.935669
-0.394287,0.092773,0.897461
0.580811,-0.225952,1.160278
-0.249634,-0.205811,0.838867
0.086426,0.167358,1.112671
0.331909,-0.412476,0.976440
-0.432251,0.062866,0.885864
0.571411,-0.251343,1.145264
-0.180176,-0.267334,0.871948
0.014648,0.206055,1.116089
0.379395,-0.371704,1.002930
-0.437988,0.024170,0.850342
0.550781,-0.190796,1.164429
-0.089478,-0.281616,0.897583
-0.063110,0.246338,1.114868
0.425415,-0.366333,1.010376
-0.461182,0.015137,0.848389
0.504883,-0.161987,1.163696
0.009888,-0.341431,0.916138
-0.086182,0.215698,1.100342
0.429199,-0.323486,1.035156
-0.464722,-0.013184,0.830688
0.487671,-0.126953,1.178101
0.032349,-0.376709,0.905762
-0.160156,0.235107,1.091675
0.471924,-0.310669,1.064819
-0.452759,-0.028198,0.822388
0.450195,-0.090698,1.169678
0.065918,-0.359741,0.925537
-0.217896,0.230957,1.070679
0.508301,-0.289185,1.105103
-0.435425,-0.075562,0.808838
0.375366,-0.040405,1.153564
0.121216,-0.369873,0.928589
-0.258057,0.213745,1.029663
0.545044,-0.254639,1.132202
-0.391724,-0.124146,0.793945
0.300415,0.008423,1.140259
0.173584,-0.412598,0.928223
-0.311401,0.151489,0.971680
0.582642,-0.264893,1.158447
-0.371826,-0.173828,0.794312
0.215576,0.079590,1.120239
0.238159,-0.418335,0.944946
-0.354858,0.111328,0.935669
0.581055,-0.247803,1.162598
-0.294189,-0.232300,0.829956
0.133057,0.114990,1.104004
0.282227,-0.408813,0.967651
-0.393555,0.087280,0.898071
0.581421,-0.232178,1.164307
-0.230835,-0.243286,0.845947
0.080200,0.162720,1.118774
0.324341,-0.370605,0.976807
-0.443481,0.069214,0.856079
0.568970,-0.217773,1.164917
-0.153442,-0.320435,0.862915
0.001465,0.182373,1.102173
0.347900,-0.359497,0.981934
-0.442017,0.034790,0.840820
0.560425,-0.197510,1.174683
-0.068481,-0.349731,0.871948
-0.077759,0.207886,1.085449
0.401001,-0.359741,1.001953
-0.439331,-0.025513,0.841553
0.527100,-0.156982,1.184204
-0.036011,-0.355103,0.873779
-0.115112,0.216553,1.076050
0.430786,-0.343506,1.016724
-0.456299,-0.024292,0.833130
0.490234,-0.157959,1.171753
-0.016602,-0.372681,0.878784
-0.149292,0.209473,1.070923
0.451538,-0.305908,1.055664
-0.458130,-0.016602,0.824341
0.428711,-0.116089,1.159424
0.014526,-0.394287,0.888184
-0.199707,0.194458,1.057495
0.487427,-0.280762,1.091431
-0.459961,-0.032104,0.807739
0.385498,-0.067383,1.151978
0.066406,-0.382812,0.904907
-0.261108,0.193970,1.029541
0.508911,-0.261597,1.104004
-0.426514,-0.097412,0.792847
0.327637,-0.022583,1.158081
0.120972,-0.390259,0.916870
-0.308594,0.179565,0.986206
0.541626,-0.272705,1.110840
-0.388184,-0.131958,0.795044
0.250366,0.024780,1.128174
0.170776,-0.412109,0.920410
-0.351685,0.132080,0.936768
0.554321,-0.279663,1.108887
-0.346924,-0.165039,0.809814
0.183960,0.103882,1.122925
0.219360,-0.397705,0.936646
-0.387085,0.092773,0.904297
0.552612,-0.246948,1.132324
-0.306763,-0.220337,0.819092
0.111816,0.143555,1.114868
0.258179,-0.400635,0.937012
-0.422119,0.062012,0.886475
0.562500,-0.245728,1.139893
-0.265381,-0.257690,0.819092
0.043457,0.149292,1.091675
0.291748,-0.386597,0.945068
-0.444092,0.034790,0.862183
0.555420,-0.225220,1.144165
-0.187744,-0.300049,0.826904
-0.004395,0.159912,1.080444
0.330688,-0.374023,0.956909
-0.473267,0.033203,0.842896
0.532349,-0.214111,1.130859
-0.118408,-0.323853,0.831299
-0.064331,0.182129,1.062744
0.369263,-0.370117,0.968994
-0.483276,0.002441,0.818848
0.484375,-0.179810,1.128784
-0.102173,-0.359497,0.816162
-0.109253,0.178955,1.059204
0.409790,-0.359375,0.991211
-0.498901,0.039673,0.825562
0.457153,-0.137573,1.135376
-0.067261,-0.345947,0.834106
-0.191528,0.168091,1.026245
0.435303,-0.325439,1.026733
-0.491821,-0.030640,0.792114
0.401123,-0.077393,1.130371
-0.034546,-0.318359,0.845459
-0.257080,0.206055,1.005249
0.485962,-0.314697,1.065186
-0.472534,-0.104614,0.780029
0.348999,-0.084961,1.116821
0.023315,-0.370239,0.857788
-0.323120,0.185303,0.947388
0.494507,-0.300415,1.063477
-0.425781,-0.130371,0.779175
0.275879,-0.006592,1.124268
0.079102,-0.364258,0.878174
-0.375366,0.154297,0.919067
0.499146,-0.284180,1.068848
-0.385986,-0.202271,0.790283
0.191528,0.008789,1.089600
0.140503,-0.373535,0.897827
-0.425537,0.155884,0.883911
0.517700,-0.251831,1.093750
-0.367065,-0.225464,0.771729
0.105957,0.072998,1.079224
0.217041,-0.394531,0.921997
-0.459351,0.071533,0.862793
0.527588,-0.248779,1.097046
-0.312500,-0.224487,0.790649
0.010742,0.119385,1.049316
0.274536,-0.385498,0.921265
-0.469604,0.052002,0.835205
0.501221,-0.197021,1.111206
-0.199951,-0.297363,0.791260
-0.072754,0.135620,1.022461
0.317261,-0.370239,0.944580
-0.492676,-0.015015,0.791138
0.479858,-0.176147,1.114990
-0.148560,-0.329346,0.772339
-0.160522,0.168579,1.011230
0.361694,-0.338867,0.965576
-0.516846,-0.025024,0.781250
0.446533,-0.172974,1.108154
-0.107910,-0.330444,0.793213
-0.244141,0.214233,1.002319
0.407715,-0.319458,1.001953
-0.529541,-0.052856,0.753662
0.372803,-0.130615,1.095459
-0.041748,-0.366089,0.816772
-0.328735,0.194092,0.940674
0.456909,-0.298828,1.037720
-0.484253,-0.086060,0.754150
0.279297,-0.058350,1.091919
0.024292,-0.400635,0.838989
-0.396240,0.132202,0.882202
0.472900,-0.275269,1.055786
-0.443115,-0.125977,0.756592
0.166504,0.040283,1.077393
0.108887,-0.405640,0.863770
-0.447144,0.136475,0.897827
0.470581,-0.266235,1.049561
-0.419189,-0.168945,0.746216
0.068726,0.091187,1.048950
0.201294,-0.413574,0.883789
-0.490967,0.101074,0.849731
0.481445,-0.228760,1.074585
-0.303345,-0.221069,0.775024
-0.017578,0.125366,1.023438
0.236450,-0.378418,0.893799
-0.511230,0.012207,0.800049
0.484375,-0.229736,1.093262
-0.217163,-0.345581,0.744629
-0.116699,0.157349,0.993408
0.288208,-0.364380,0.895630
-0.544800,0.043457,0.766479
0.446899,-0.229126,1.060547
-0.146484,-0.378052,0.764282
-0.173462,0.157715,0.985962
0.316895,-0.335327,0.927368
-0.572021,0.025635,0.754761
0.395020,-0.189941,1.068726
-0.115112,-0.400024,0.783569
-0.253662,0.169678,0.979614
0.380005,-0.342896,0.960571
-0.573242,0.039429,0.756958
0.318970,-0.109131,1.056763
-0.071411,-0.381836,0.809448
-0.322388,0.136719,0.916382
0.395264,-0.312988,0.986450
-0.532715,-0.007080,0.746948
0.264160,-0.053955,1.047363
-0.034302,-0.353760,0.822266
-0.379395,0.151001,0.907227
0.416382,-0.297607,1.006836
-0.502319,-0.078369,0.718506
0.208862,0.018188,1.063721
0.011353,-0.338867,0.832031
-0.446655,0.155396,0.889893
0.435181,-0.346924,0.988770
-0.484985,-0.135498,0.728027
0.146851,0.058105,1.056152
0.056152,-0.375854,0.818481
-0.488281,0.161743,0.857056
0.461060,-0.291626,1.023071
-0.460815,-0.156250,0.728149
0.069336,0.091187,1.032959
0.126465,-0.421875,0.837646
-0.519409,0.126587,0.824707
0.457031,-0.268433,1.029907
-0.405884,-0.179565,0.744873
0.026367,0.129639,1.035400
0.172607,-0.417603,0.847168
-0.542603,0.119507,0.833374
0.445435,-0.257446,1.013306
-0.334839,-0.235352,0.733521
-0.034912,0.132080,1.005615
0.231323,-0.409424,0.872314
-0.568848,0.110229,0.795776
0.427246,-0.195801,1.032837
-0.287354,-0.278809,0.726685
-0.099121,0.113647,0.988892
0.266113,-0.418213,0.881714
-0.573120,0.056396,0.768188
0.417603,-0.154907,1.052368
-0.217041,-0.297607,0.722778
-0.195923,0.174805,0.973877
0.320679,-0.400024,0.925659
-0.587158,0.003174,0.750732
0.382935,-0.157227,1.046631
-0.173950,-0.358887,0.712036
-0.271606,0.192627,0.932983
0.352783,-0.320190,0.946777
-0.594604,-0.031982,0.720581
0.345459,-0.148193,1.048706
-0.123535,-0.402466,0.734619
-0.341431,0.190552,0.906860
0.378540,-0.312134,0.949585
-0.567139,-0.036987,0.715942
0.250000,-0.083984,1.028442
-0.068115,-0.392822,0.778564
-0.415405,0.185425,0.871216
0.397827,-0.293579,0.982544
-0.526611,-0.071289,0.719971
0.164551,0.000854,1.029907
0.013550,-0.419434,0.798218
-0.507690,0.187378,0.845581
0.422363,-0.270142,0.983032
-0.461670,-0.124634,0.723389
0.069580,0.107544,1.033447
0.092163,-0.396362,0.815063
-0.558228,0.173584,0.818848
0.439209,-0.292725,0.982178
-0.364746,-0.209229,0.747559
-0.015015,0.144165,1.017456
0.162476,-0.419556,0.825317
-0.584106,0.134277,0.785156
0.431763,-0.228516,1.007690
-0.296875,-0.260620,0.726074
-0.066284,0.154663,0.988892
0.228271,-0.386353,0.865356
-0.609009,0.107178,0.766113
0.399414,-0.195190,1.003540
-0.209961,-0.357300,0.714233
-0.158936,0.176636,0.969971
0.276367,-0.378906,0.876709
-0.614502,0.079346,0.738037
0.375244,-0.171265,1.010498
-0.176880,-0.352295,0.719727
-0.234741,0.160034,0.930786
0.336914,-0.335815,0.919189
-0.617310,0.058228,0.738403
0.324829,-0.165283,0.997437
-0.127808,-0.373657,0.742920
-0.312012,0.128174,0.881226
0.376221,-0.310669,0.954834
-0.588501,0.015991,0.692627
0.239502,-0.064697,0.993286
-0.072266,-0.368774,0.761108
-0.384888,0.173828,0.875244
0.389771,-0.296265,0.950439
-0.554688,-0.022095,0.713989
0.171143,-0.013184,1.002930
-0.010742,-0.425903,0.761841
-0.457642,0.207764,0.865601
0.410278,-0.281372,0.958374
-0.524780,-0.075928,0.712891
0.108154,0.017456,0.994995
0.055176,-0.428345,0.795410
-0.538330,0.223999,0.848877
0.444946,-0.263916,0.994141
-0.448608,-0.104248,0.744263
0.023315,0.123535,1.017334
0.150146,-0.426514,0.830200
-0.576538,0.180542,0.813843
0.426636,-0.218506,0.995483
-0.331299,-0.192749,0.750122
-0.057495,0.175171,0.984619
0.213867,-0.392090,0.863281
-0.601562,0.117920,0.765137
0.417725,-0.187256,1.022705
-0.244507,-0.310181,0.711548
-0.121704,0.192505,0.983887
0.266479,-0.364014,0.886353
-0.630371,0.102539,0.746094
0.395264,-0.182251,1.007568
-0.164062,-0.356812,0.720825
-0.176147,0.177368,0.953857
0.298340,-0.317993,0.905884
-0.635742,0.099487,0.732666
0.363525,-0.177490,0.995117
-0.109741,-0.386963,0.733521
-0.271729,0.163574,0.899292
0.350464,-0.327759,0.908203
-0.607788,0.083984,0.729492
0.308105,-0.107544,0.988525
-0.066162,-0.397339,0.740234
-0.350586,0.183105,0.881104
0.377319,-0.311035,0.926514
-0.569336,0.019043,0.703613
0.257812,-0.031128,1.002441
-0.056519,-0.383911,0.754272
-0.402466,0.192139,0.868408
0.417603,-0.316162,0.945679
-0.552490,-0.012817,0.700806
0.191772,0.029175,1.017822
-0.014160,-0.413574,0.757812
-0.461426,0.222290,0.854492
0.431152,-0.304199,0.952515
-0.524414,-0.038818,0.723022
0.126831,0.054077,1.004883
0.047729,-0.424072,0.783813
-0.500244,0.226318,0.849731
0.429932,-0.263794,0.969238
-0.469849,-0.093018,0.735962
0.060913,0.110474,1.004395
0.091431,-0.374878,0.812378
-0.533081,0.182617,0.831543
0.443604,-0.236450,0.997681
-0.402466,-0.135986,0.732788
0.015015,0.140259,0.996704
0.164551,-0.398438,0.834839
-0.578491,0.166748,0.789185
0.435181,-0.195801,0.994263
-0.301514,-0.177002,0.764038
-0.060303,0.167114,0.993408
0.245728,-0.388794,0.871948
-0.615234,0.152588,0.758301
0.404907,-0.164551,1.003174
-0.211792,-0.284912,0.738403
-0.132812,0.179443,0.955200
0.303955,-0.367065,0.894653
-0.604126,0.133667,0.763794
0.381226,-0.094360,1.017456
-0.144165,-0.317505,0.746826
-0.224121,0.166870,0.915527
0.346680,-0.387817,0.900513
-0.594727,0.058105,0.743896
0.366821,-0.088623,1.029175
-0.096436,-0.353149,0.724487
-0.323120,0.228394,0.877441
0.411865,-0.350220,0.929932
-0.568726,-0.003418,0.716675
0.269775,-0.051392,0.996338
-0.029419,-0.407471,0.744507
-0.370239,0.203125,0.861206
0.418701,-0.290283,0.948364
-0.543091,-0.055542,0.709717
0.198975,-0.010498,0.993408
0.023315,-0.414673,0.766113
-0.443970,0.196655,0.840088
0.434326,-0.246094,0.966431
-0.473511,-0.083618,0.743408
0.082397,0.085815,0.997803
0.090942,-0.426636,0.787354
-0.509766,0.159424,0.814453
0.446899,-0.209717,1.001587
-0.375854,-0.152466,0.733032
-0.013062,0.163452,0.995117
0.187866,-0.387207,0.837524
-0.572388,0.152100,0.787842
0.454712,-0.194580,1.022827
-0.243652,-0.237305,0.765503
-0.104858,0.184814,0.971436
0.273071,-0.360718,0.888550
-0.596436,0.115967,0.754639
0.426270,-0.168823,1.018311
-0.125610,-0.352295,0.740112
-0.195801,0.192383,0.932007
0.348389,-0.346436,0.900269
-0.587769,0.093628,0.745483
0.356812,-0.104248,1.008911
-0.038574,-0.396606,0.743164
-0.306274,0.196655,0.876099
0.376221,-0.287476,0.929810
-0.548950,-0.015747,0.714600
0.265015,-0.056519,0.995239
0.012207,-0.448853,0.748047
-0.396606,0.215820,0.846924
0.413818,-0.265625,0.935913
-0.508667,-0.064331,0.718872
0.163330,0.027222,1.002808
0.073486,-0.429199,0.787231
-0.479980,0.186401,0.817505
0.450317,-0.233276,0.981201
-0.411621,-0.109375,0.758545
0.038574,0.118774,1.000244
0.147461,-0.415405,0.819214
-0.541138,0.128052,0.784302
0.451660,-0.185547,1.018677
-0.302246,-0.172363,0.758179
-0.061401,0.189087,1.008911
0.252441,-0.394531,0.874878
-0.592773,0.110229,0.753296
0.438843,-0.185425,1.024658
-0.148560,-0.309082,0.773438
-0.161377,0.202759,0.946045
0.308716,-0.378540,0.885864
-0.578857,0.081909,0.755981
0.396851,-0.149780,1.017334
-0.061646,-0.392944,0.759521
-0.253052,0.203979,0.910400
0.375610,-0.327759,0.922119
-0.551758,0.013184,0.726196
0.288696,-0.076660,0.981689
0.005615,-0.440063,0.749268
-0.341309,0.164429,0.859375
0.433594,-0.302124,0.959717
-0.520752,-0.061646,0.734375
0.163086,0.013062,0.982178
0.058350,-0.438599,0.773560
-0.441406,0.154663,0.829834
0.458374,-0.256226,0.994995
-0.427124,-0.098267,0.748413
0.052734,0.111694,1.000488
0.151367,-0.442749,0.818237
-0.526611,0.113892,0.769165
0.450317,-0.226440,1.006348
-0.294067,-0.202148,0.764771
-0.070801,0.190186,0.993530
0.261963,-0.423462,0.870972
-0.568848,0.081177,0.742920
0.436157,-0.178589,1.027588
-0.129883,-0.291504,0.774048
-0.188477,0.218506,0.950684
0.342285,-0.384644,0.913452
-0.553223,0.028564,0.743896
0.365479,-0.139648,1.004028
-0.042480,-0.410156,0.764282
-0.280396,0.182373,0.887695
0.395142,-0.320435,0.932129
-0.515747,-0.041016,0.740845
0.252075,-0.053833,1.000610
0.035400,-0.478638,0.756470
-0.363037,0.141479,0.838501
0.436279,-0.275146,0.968628
-0.476196,-0.093628,0.735474
0.127319,0.052734,1.006226
0.091553,-0.443848,0.785034
-0.475220,0.092651,0.775879
0.466064,-0.278076,1.000244
-0.375854,-0.179932,0.753174
0.002075,0.156738,1.011841
0.203003,-0.436035,0.826538
-0.540649,0.088623,0.759277
0.454956,-0.238770,1.020874
-0.213501,-0.262695,0.781860
-0.110229,0.192871,0.988647
0.295898,-0.399170,0.886475
-0.576050,0.080444,0.754028
0.406128,-0.175171,1.026245
-0.066650,-0.369995,0.781616
-0.219604,0.183350,0.932251
0.357788,-0.380493,0.919434
-0.535156,-0.014160,0.749023
0.319702,-0.103149,1.002441
0.027588,-0.437988,0.762329
-0.317505,0.165161,0.875366
0.416748,-0.347168,0.953125
-0.496094,-0.093750,0.749023
0.193115,-0.020996,0.983643
0.075195,-0.465332,0.769409
-0.400513,0.120850,0.816528
0.453369,-0.274902,0.999268
-0.430664,-0.163086,0.732300
0.074829,0.103516,1.010498
0.151001,-0.456909,0.798218
-0.469360,0.080933,0.786377
0.473267,-0.287842,1.001953
-0.330566,-0.190308,0.772461
-0.039795,0.168457,0.994141
0.222778,-0.416504,0.849609
-0.525024,0.014893,0.720337
0.405273,-0.162109,1.015869
-0.194580,-0.254761,0.806519
-0.185059,0.153564,0.918335
0.346802,-0.321899,0.907959
-0.589966,0.082031,0.732422
0.336304,-0.114014,0.987793
0.002808,-0.420898,0.785156
-0.275635,0.154175,0.894531
0.384155,-0.293457,0.945312
-0.545044,-0.006104,0.717896
0.251831,-0.027100,0.982056
0.028687,-0.421265,0.763550
-0.362549,0.139404,0.851074
0.449585,-0.332153,0.966553
-0.496826,-0.062378,0.750000
0.145752,0.068726,0.992310
0.050415,-0.418457,0.762085
-0.412109,0.103027,0.818115
0.469116,-0.285156,1.003052
-0.457764,-0.113281,0.742676
0.082764,0.126221,1.014404
0.108154,-0.424072,0.787964
-0.485596,0.098145,0.786621
0.480591,-0.295044,1.003052
-0.398438,-0.145996,0.746948
0.028076,0.180420,1.022949
0.178223,-0.409546,0.829956
-0.552368,0.106567,0.758301
0.481323,-0.290649,1.014038
-0.303345,-0.200928,0.775391
-0.039429,0.201416,1.010986
0.233154,-0.389160,0.848633
-0.564331,0.069458,0.734619
0.471680,-0.261963,1.019897
-0.213501,-0.266113,0.785156
-0.110352,0.227173,0.982544
0.276123,-0.356934,0.879272
-0.566040,0.058838,0.732910
0.436279,-0.247681,1.005249
-0.137939,-0.314209,0.806641
-0.156860,0.195557,0.965332
0.312256,-0.349487,0.895996
-0.554688,0.081909,0.751709
0.388550,-0.166992,1.018311
-0.070679,-0.346680,0.810059
-0.193359,0.141357,0.934692
0.350830,-0.364990,0.927246
-0.558838,0.037109,0.742798
0.363525,-0.126343,1.015869
-0.033569,-0.409668,0.771851
-0.242188,0.151245,0.909912
0.395142,-0.362427,0.933716
-0.546509,0.017090,0.747437
0.305664,-0.114258,0.992676
0.026978,-0.447388,0.790283
-0.297485,0.161743,0.891479
0.419189,-0.347412,0.947266
-0.515015,-0.030273,0.739990
0.240112,-0.011108,1.006714
0.071167,-0.461060,0.790527
-0.369385,0.094360,0.844482
0.454102,-0.324097,0.980591
-0.473755,-0.074707,0.750977
0.147705,0.077515,1.012329
0.088989,-0.416626,0.796021
-0.410400,0.070068,0.820557
0.480469,-0.334717,1.003418
-0.441772,-0.134033,0.744385
0.078125,0.115112,1.008423
0.145996,-0.407837,0.822998
-0.457275,0.074829,0.791504
0.486572,-0.323853,1.008179
-0.374878,-0.203247,0.742188
0.039185,0.145874,1.026489
0.195923,-0.423950,0.830566
-0.521118,0.100586,0.770874
0.499512,-0.330811,1.001709
-0.334229,-0.217163,0.763428
-0.003662,0.137573,1.022949
0.256714,-0.463623,0.875854
-0.534424,0.073120,0.747803
0.454712,-0.247803,1.010986
-0.239624,-0.198975,0.815918
-0.069824,0.140503,1.006714
0.301636,-0.479370,0.889893
-0.543945,0.044189,0.742920
0.416626,-0.170776,1.024292
-0.158936,-0.239380,0.803711
-0.132568,0.205688,1.003784
0.354614,-0.433105,0.936646
-0.537476,-0.009155,0.764526
0.408813,-0.187866,1.031006
-0.103394,-0.326416,0.809937
-0.191040,0.176147,0.962891
0.381470,-0.347046,0.962891
-0.504272,-0.040894,0.767334
0.373413,-0.144043,1.041138
-0.031494,-0.417236,0.780396
-0.243896,0.148926,0.920410
0.430298,-0.365601,0.961914
-0.508179,-0.058472,0.733154
0.306152,-0.107910,1.018677
0.057495,-0.474243,0.794678
-0.286987,0.144897,0.912231
0.439453,-0.349609,0.981079
-0.481567,-0.088013,0.754150
0.240601,-0.052979,1.007690
0.099976,-0.470703,0.801758
-0.335938,0.130859,0.885254
0.467529,-0.306396,1.016479
-0.455444,-0.133545,0.755859
0.170532,-0.022583,1.017212
0.133301,-0.480591,0.811035
-0.381714,0.122314,0.854980
0.488892,-0.267090,1.026489
-0.397217,-0.176025,0.750244
0.078247,0.062500,1.027588
0.215210,-0.484497,0.848389
-0.437622,0.062378,0.800537
0.495239,-0.251221,1.040527
-0.303589,-0.174438,0.812012
-0.015869,0.132935,1.025391
0.301636,-0.496460,0.885742
-0.481323,-0.005005,0.760498
0.447388,-0.175903,1.055420
-0.195557,-0.225342,0.810425
-0.100220,0.190186,1.016479
0.385498,-0.455078,0.946167
-0.498657,-0.050415,0.774048
0.396729,-0.162231,1.056763
-0.063721,-0.349731,0.812256
-0.186401,0.189209,0.993652
0.427368,-0.391235,0.975952
-0.480713,-0.061157,0.764282
0.343628,-0.099609,1.071777
0.076782,-0.438110,0.831909
-0.277222,0.165771,0.928711
0.473389,-0.323364,1.010742
-0.439941,-0.076050,0.793823
0.251709,-0.062622,1.035400
0.123169,-0.491211,0.842773
-0.347046,0.095825,0.887085
0.497314,-0.244507,1.056274
-0.392578,-0.132446,0.773926
0.141602,0.078491,1.053223
0.218384,-0.467285,0.886353
-0.409058,0.038208,0.852051
0.518066,-0.280029,1.078125
-0.332520,-0.226685,0.767822
0.033447,0.141235,1.051025
0.312256,-0.473999,0.915283
-0.458130,0.028442,0.809204
0.498535,-0.212158,1.100220
-0.231079,-0.255981,0.806152
-0.047363,0.195557,1.056030
0.370605,-0.458252,0.942749
-0.488159,0.020996,0.798340
0.474487,-0.176270,1.097778
-0.111938,-0.260010,0.856323
-0.113403,0.206299,1.044067
0.402710,-0.422974,0.965454
-0.472900,-0.041016,0.793579
0.442261,-0.121704,1.114136
-0.023438,-0.333618,0.859253
-0.177246,0.223877,1.041260
0.448608,-0.419067,0.999268
-0.458008,-0.062134,0.791382
0.394043,-0.087036,1.107544
0.053101,-0.374512,0.861938
-0.218506,0.226685,1.024536
0.482544,-0.359497,1.033813
-0.440552,-0.107300,0.780151
0.336792,-0.048950,1.099365
0.080933,-0.374878,0.869141
-0.269409,0.196777,0.993286
0.525146,-0.324707,1.061401
-0.397339,-0.138672,0.802856
0.258545,-0.009399,1.078125
0.146118,-0.395752,0.895020
-0.323975,0.138672,0.925903
0.547974,-0.258179,1.105713
-0.368774,-0.176636,0.792236
0.168701,0.035767,1.062866
0.248047,-0.438599,0.928955
-0.373657,0.087158,0.862671
0.543945,-0.203979,1.120605
-0.277344,-0.191650,0.833008
0.054077,0.121216,1.067383
0.342285,-0.462402,0.958984
-0.445190,0.058716,0.834229
0.515869,-0.169067,1.130493
-0.171265,-0.249878,0.844116
-0.041016,0.208618,1.084351
0.406006,-0.417358,0.993774
-0.467041,0.002075,0.822510
0.476562,-0.128906,1.134644
-0.013550,-0.312012,0.893677
-0.131836,0.233643,1.070190
0.444824,-0.351074,1.032227
-0.452881,-0.033691,0.811523
0.414917,-0.085083,1.130249
0.074707,-0.393433,0.889282
-0.197144,0.203491,1.052612
0.486694,-0.296387,1.071167
-0.434814,-0.098511,0.794434
0.358154,-0.044067,1.128052
0.131348,-0.388550,0.916626
-0.286621,0.186768,1.004395
0.541504,-0.263184,1.127808
-0.390259,-0.136475,0.805664
0.242920,0.031616,1.116577
0.230103,-0.460083,0.933838
-0.357544,0.107666,0.920898
0.561401,-0.245728,1.136475
-0.303223,-0.188477,0.828369
0.138428,0.118164,1.098877
0.297485,-0.444946,0.968506
-0.413696,0.069336,0.880249
0.569702,-0.228149,1.159424
-0.211670,-0.264038,0.842651
0.026978,0.213867,1.109375
0.347656,-0.379150,0.982300
-0.426636,0.022461,0.862061
0.542969,-0.231567,1.143188
-0.128174,-0.298584,0.877075
-0.001831,0.210327,1.114380
0.387695,-0.333496,1.011963
-0.468140,0.043335,0.837036
0.527344,-0.205322,1.149780
-0.012573,-0.406738,0.895020
-0.066650,0.200684,1.104126
0.428711,-0.329956,1.026733
-0.489136,0.042480,0.823242
0.481445,-0.162476,1.145630
0.049561,-0.383057,0.926147
-0.125366,0.171387,1.091797
0.462036,-0.304077,1.074951
-0.471680,0.005859,0.811523
0.436035,-0.062622,1.161499
0.048584,-0.377319,0.899902
-0.170898,0.183594,1.090698
0.505127,-0.293701,1.113647
-0.463379,-0.025146,0.817871
0.392822,-0.038208,1.158813
0.100220,-0.366455,0.930420
-0.248291,0.210205,1.058960
0.549316,-0.295166,1.130127
-0.403198,-0.079468,0.817505
0.327881,0.038818,1.156250
0.140869,-0.377441,0.912109
-0.293213,0.157349,0.989624
0.573975,-0.290649,1.152954
-0.381470,-0.158936,0.810425
0.263550,0.033447,1.144409
0.206665,-0.413452,0.934692
-0.352173,0.165771,0.944946
0.581055,-0.257324,1.137939
-0.304932,-0.207886,0.830811
0.196167,0.067627,1.113892
0.253174,-0.394287,0.968018
-0.383301,0.120728,0.909302
0.584961,-0.234131,1.139404
-0.249390,-0.221924,0.845215
0.085571,0.134888,1.103638
0.330444,-0.403320,0.997070
-0.401489,0.066406,0.883057
0.564209,-0.179688,1.156860
-0.199585,-0.223145,0.859863
0.002197,0.175293,1.086914
0.395386,-0.382690,1.011353
-0.425415,0.008545,0.860718
0.532227,-0.145264,1.176392
-0.077271,-0.298218,0.885132
-0.089600,0.186523,1.070679
0.435913,-0.342896,1.045166
-0.436768,-0.037231,0.834106
0.489502,-0.114624,1.181885
-0.019287,-0.331909,0.874146
-0.164795,0.211304,1.066040
0.491455,-0.317383,1.077881
-0.442383,-0.060669,0.829834
0.408325,-0.062256,1.165405
0.040771,-0.339478,0.902466
-0.247681,0.210327,1.027222
0.531128,-0.277466,1.116089
-0.408691,-0.103638,0.816406
0.319702,-0.017700,1.148682
0.133423,-0.398560,0.911621
-0.314087,0.154297,0.958496
0.542114,-0.253662,1.121704
-0.340454,-0.192017,0.796875
0.197876,0.050537,1.114136
0.223755,-0.409180,0.947144
-0.381226,0.108276,0.912354
0.557129,-0.215332,1.147095
-0.283325,-0.218140,0.817017
0.092041,0.120239,1.097046
0.297119,-0.409912,0.965332
-0.431030,0.057983,0.869019
0.554688,-0.194458,1.159790
-0.183472,-0.287109,0.840576
-0.013184,0.164917,1.079956
0.347412,-0.367310,0.987671
-0.450195,0.016357,0.851929
0.544434,-0.162964,1.174194
-0.083496,-0.342285,0.837158
-0.087769,0.151611,1.063965
0.403809,-0.362183,0.998779
-0.484619,0.006226,0.827393
0.483032,-0.159424,1.153809
-0.055908,-0.333008,0.860107
-0.157471,0.184082,1.043945
0.457275,-0.313232,1.048096
-0.492188,-0.029297,0.793213
0.401855,-0.087646,1.137939
-0.018677,-0.357544,0.870361
-0.238770,0.167969,1.030884
0.507690,-0.323486,1.079468
-0.461792,-0.048340,0.794800
0.316650,0.016113,1.145752
0.044800,-0.362915,0.868652
-0.300293,0.136475,0.969971
0.512207,-0.313477,1.079224
-0.433105,-0.118530,0.789673
0.279663,0.020630,1.130981
0.104980,-0.384521,0.888672
-0.361084,0.139038,0.929077
0.519043,-0.287476,1.084961
-0.407715,-0.162231,0.772217
0.229370,0.028320,1.116455
0.155518,-0.399048,0.899780
-0.403076,0.145020,0.900635
0.513550,-0.251099,1.092407
-0.391479,-0.206421,0.765137
0.170410,0.021484,1.092773
0.204468,-0.410522,0.911743
-0.440430,0.156860,0.892578
0.510254,-0.216797,1.097168
-0.358276,-0.202881,0.781372
0.106689,0.058594,1.078003
0.212402,-0.418945,0.915039
-0.466431,0.108276,0.871582
0.522583,-0.224121,1.100220
-0.278564,-0.245728,0.805908
0.019897,0.131104,1.068481
0.247681,-0.392090,0.904053
-0.459106,0.057861,0.839355
0.525024,-0.229614,1.101807
-0.222900,-0.272949,0.801514
-0.042847,0.138184,1.038452
0.297363,-0.374390,0.940186
-0.472290,-0.014526,0.794312
0.497192,-0.189331,1.114136
-0.191162,-0.278687,0.780396
-0.120117,0.157837,1.013062
0.353638,-0.386475,0.947876
-0.498291,-0.032227,0.787598
0.453613,-0.152344,1.115479
-0.146484,-0.314697,0.779785
-0.210205,0.171875,1.002808
0.394165,-0.368652,0.975586
-0.531738,-0.038940,0.763550
0.398315,-0.116089,1.113525
-0.065552,-0.341431,0.807251
-0.299194,0.197021,0.971069
0.424072,-0.316406,1.005127
-0.522705,-0.068237,0.749268
0.316528,-0.088745,1.091919
-0.005371,-0.377563,0.821533
-0.375977,0.193604,0.922852
0.456421,-0.307861,1.026001
-0.466064,-0.113159,0.751831
0.197144,-0.007690,1.070068
0.059570,-0.411987,0.826538
-0.419922,0.143433,0.891113
0.480347,-0.264404,1.056274
-0.436523,-0.179199,0.747559
0.080200,0.080444,1.042114
0.151611,-0.399292,0.872314
-0.487549,0.106079,0.839233
0.491455,-0.274414,1.053711
-0.340576,-0.220093,0.768311
0.000732,0.113281,1.021851
0.223999,-0.380737,0.875366
-0.549194,0.084717,0.790283
0.490356,-0.284912,1.059448
-0.232544,-0.341431,0.758179
-0.093872,0.122437,0.990112
0.279907,-0.364014,0.903198
-0.569824,0.060669,0.756226
0.447632,-0.204590,1.075806
-0.172119,-0.351074,0.776367
-0.172974,0.122559,0.985962
0.315552,-0.353760,0.919922
-0.584839,0.045654,0.749390
0.395752,-0.160034,1.075317
-0.129639,-0.372314,0.768433
-0.271484,0.155151,0.944214
0.362671,-0.328003,0.962646
-0.559937,-0.001465,0.741577
0.326782,-0.122803,1.052490
-0.109741,-0.342529,0.785156
-0.342041,0.142090,0.901611
0.411499,-0.334473,0.979614
-0.544434,-0.065186,0.712402
0.232788,-0.028076,1.036011
-0.033447,-0.397461,0.778198
-0.411743,0.168579,0.900269
0.430298,-0.307007,0.998657
-0.520020,-0.086548,0.714722
0.155029,0.052490,1.036133
0.029297,-0.385742,0.815552
-0.471924,0.140259,0.866821
0.446411,-0.296021,1.024048
-0.486572,-0.129639,0.706909
0.078735,0.107178,1.031250
0.092285,-0.386597,0.832642
-0.509766,0.109375,0.839233
0.446533,-0.288940,1.011108
-0.432861,-0.156616,0.736816
0.027100,0.118774,1.026123
0.147095,-0.402100,0.839722
-0.543457,0.125488,0.817627
0.431030,-0.240234,1.011230
-0.343750,-0.222656,0.746460
-0.034546,0.166382,1.020264
0.190430,-0.402710,0.853149
-0.561768,0.087646,0.793457
0.433838,-0.211914,1.023804
-0.295654,-0.258545,0.714233
-0.106812,0.164185,0.982178
0.264038,-0.393799,0.882935
-0.571777,0.052856,0.775024
0.408203,-0.179688,1.032715
-0.234253,-0.303955,0.719482
-0.200195,0.166260,0.953979
0.322754,-0.392334,0.921631
-0.591431,0.025757,0.739258
0.356445,-0.128662,1.035767
-0.181396,-0.346924,0.718140
-0.260132,0.174316,0.941528
0.362549,-0.375854,0.922485
-0.618896,0.023560,0.734009
0.299316,-0.122192,1.011475
-0.108521,-0.410400,0.723267
-0.383423,0.204102,0.887207
0.390015,-0.314575,0.953613
-0.550171,-0.015015,0.730469
0.205078,-0.025391,1.028931
-0.028931,-0.388062,0.785156
-0.476074,0.201050,0.866455
0.405029,-0.294067,0.968506
-0.492065,-0.135010,0.708374
0.100342,0.063110,1.013062
0.077515,-0.402222,0.812988
-0.549927,0.186401,0.830688
0.425293,-0.239746,0.991577
-0.383911,-0.170898,0.740723
-0.004883,0.159790,1.012695
0.161743,-0.383057,0.847168
-0.589233,0.109741,0.783936
0.427734,-0.223267,1.009521
-0.286011,-0.284302,0.707886
-0.097290,0.199341,0.979370
0.250488,-0.376831,0.871948
-0.608521,0.080200,0.753052
0.396851,-0.191895,1.012085
-0.214355,-0.369873,0.693481
-0.181030,0.182861,0.946533
0.307739,-0.347412,0.886108
-0.612183,0.083984,0.743164
0.372559,-0.160400,1.028320
-0.158203,-0.382446,0.717041
-0.278076,0.163208,0.890991
0.358398,-0.328735,0.926147
-0.598877,0.043213,0.722168
0.303101,-0.095825,1.019775
-0.089478,-0.415283,0.735962
-0.363037,0.168945,0.877930
0.385620,-0.310669,0.937988
-0.559082,0.017090,0.716309
0.197998,-0.004395,0.994263
-0.025513,-0.390137,0.765381
-0.457031,0.186279,0.856445
0.418457,-0.294312,0.961182
-0.503174,-0.057129,0.718262
0.108521,0.117920,1.009888
0.052979,-0.375488,0.799194
-0.542969,0.181396,0.822998
0.427612,-0.266724,0.970337
-0.421021,-0.156372,0.720337
0.034546,0.135742,1.001099
0.140137,-0.387085,0.819458
-0.578003,0.195312,0.804077
0.428711,-0.194458,1.005981
-0.332764,-0.192627,0.737793
-0.039429,0.112549,0.982056
0.216797,-0.415771,0.865967
-0.601807,0.127319,0.768433
0.417969,-0.129395,1.033813
-0.227783,-0.252930,0.729858
-0.145386,0.215454,0.963867
0.276367,-0.376709,0.879883
-0.601562,0.063110,0.753906
0.410400,-0.167847,1.025269
-0.170044,-0.324219,0.730103
-0.230469,0.210327,0.922363
0.341309,-0.347778,0.903809
-0.601685,0.053711,0.731201
0.350220,-0.109619,1.027344
-0.102173,-0.383179,0.714844
-0.305420,0.206055,0.888794
0.382568,-0.321045,0.923706
-0.571289,-0.008179,0.711792
0.281860,-0.071411,1.003052
-0.051636,-0.410767,0.735840
-0.380005,0.204834,0.849976
0.414551,-0.290161,0.937988
-0.538208,0.002808,0.733765
0.165527,0.004761,0.985352
0.028320,-0.422363,0.776367
-0.438232,0.177734,0.844604
0.418457,-0.238159,0.969604
-0.484741,-0.043701,0.736084
0.097412,0.116699,1.017090
0.108398,-0.409912,0.813599
-0.534912,0.190430,0.816040
0.417236,-0.190063,0.996460
-0.363159,-0.169067,0.750122
0.009644,0.144043,1.009888
0.180054,-0.404175,0.841064
-0.582642,0.170288,0.788574
0.433350,-0.184570,1.006836
-0.239868,-0.233643,0.745972
-0.087769,0.202881,0.978760
0.273315,-0.355591,0.885620
-0.623535,0.113647,0.746338
0.419312,-0.194458,1.011719
-0.160767,-0.320557,0.744629
-0.159912,0.203735,0.934204
0.325806,-0.343506,0.901245
-0.596313,0.105835,0.769287
0.392456,-0.124756,1.024414
-0.105347,-0.364746,0.748535
-0.242798,0.152344,0.886963
0.370483,-0.320801,0.918091
-0.576172,0.100464,0.748169
0.316772,-0.038696,1.010254
-0.045166,-0.389771,0.759399
-0.317139,0.141724,0.860718
0.406616,-0.333374,0.943115
-0.553101,0.046753,0.734253
0.260254,0.012695,1.008911
-0.014648,-0.370239,0.755249
-0.363159,0.160767,0.840454
0.421753,-0.307129,0.962891
-0.530151,-0.056396,0.726685
0.221802,-0.010742,1.014648
0.002441,-0.392944,0.750732
-0.414185,0.200073,0.828369
0.448730,-0.265259,0.973389
-0.482178,-0.065674,0.739258
0.164307,0.016602,1.009888
0.052734,-0.426880,0.783936
-0.463745,0.181641,0.808228
0.442505,-0.229248,0.976685
-0.448853,-0.082031,0.743286
0.103516,0.101685,1.025024
0.102417,-0.455566,0.786133
-0.516968,0.158691,0.782959
0.448364,-0.232910,0.988037
-0.398560,-0.104736,0.763184
0.061890,0.119995,1.005371
0.146851,-0.428101,0.807007
-0.545898,0.153809,0.762573
0.459351,-0.219971,0.993530
-0.355835,-0.110718,0.774536
0.014526,0.151367,1.025513
0.182739,-0.438477,0.836426
-0.561890,0.123535,0.762939
0.465576,-0.233643,0.998169
-0.308716,-0.173462,0.771362
-0.046509,0.208374,1.017090
0.244019,-0.409302,0.864746
-0.565918,0.107544,0.755859
0.442505,-0.229858,1.004517
-0.237549,-0.254761,0.763916
-0.090454,0.201538,0.986328
0.282959,-0.377197,0.896729
-0.581421,0.065552,0.739136
0.415771,-0.190063,1.019409
-0.165771,-0.317627,0.770264
-0.136353,0.244629,0.986816
0.320923,-0.384399,0.892090
-0.582886,0.069336,0.745972
0.407349,-0.187866,1.014282
-0.103027,-0.328857,0.784912
-0.198486,0.221680,0.940430
0.355713,-0.344238,0.923584
-0.566528,0.026245,0.746582
0.362183,-0.152710,1.007690
-0.044678,-0.402710,0.776855
-0.242065,0.164429,0.899536
0.400391,-0.360229,0.942383
-0.581665,0.015869,0.728271
0.284912,-0.091553,0.975830
0.035645,-0.473511,0.767456
-0.295288,0.140869,0.856201
0.408081,-0.295288,0.958618
-0.529663,-0.012085,0.743774
0.222046,-0.046753,0.979736
0.056274,-0.465576,0.771851
-0.371094,0.089966,0.822144
0.447144,-0.285522,0.982056
-0.484009,-0.075806,0.733398
0.128174,0.088989,1.000488
0.102661,-0.434082,0.785522
-0.423950,0.084106,0.810303
0.455078,-0.284058,1.007080
-0.444458,-0.140747,0.726440
0.080078,0.112549,1.013062
0.161133,-0.429932,0.814819
-0.496948,0.136841,0.791260
0.467529,-0.283325,0.993530
-0.354614,-0.194580,0.760498
0.015259,0.119751,1.008179
0.198608,-0.441406,0.836426
-0.536621,0.069702,0.738525
0.471558,-0.258057,1.011719
-0.280884,-0.197144,0.790039
-0.062622,0.149658,0.999634
0.262939,-0.436768,0.866455
-0.551392,0.056763,0.730591
0.449707,-0.234009,1.030396
-0.190186,-0.254395,0.806519
-0.140259,0.174316,0.969727
0.327271,-0.425293,0.898315
-0.544434,0.042480,0.757324
0.404907,-0.189087,1.031250
-0.111450,-0.330200,0.797119
-0.186523,0.172607,0.960327
0.352539,-0.383301,0.925903
-0.529785,-0.003052,0.741333
0.380737,-0.120728,1.053955
-0.037231,-0.368286,0.796265
-0.236328,0.162476,0.925293
0.393921,-0.402344,0.928467
-0.510498,-0.050903,0.746826
0.327393,-0.088745,1.034546
0.015747,-0.386841,0.793579
-0.312256,0.148438,0.897461
0.434204,-0.403809,0.954834
-0.492798,-0.099976,0.752441
0.245239,-0.040649,1.021606
0.083984,-0.437744,0.798096
-0.369629,0.155273,0.866699
0.462646,-0.362793,0.971191
-0.458496,-0.126709,0.752075
0.177124,-0.024170,1.009766
0.108154,-0.442993,0.814331
-0.417847,0.123657,0.836792
0.486328,-0.315796,1.002686
-0.397949,-0.168945,0.770752
0.080811,0.067505,1.015869
0.184570,-0.461792,0.830811
-0.448608,0.051270,0.788940
0.483765,-0.260010,1.032471
-0.329590,-0.226318,0.753906
-0.001465,0.130859,1.028198
0.270874,-0.494019,0.859009
-0.502686,0.038574,0.766602
0.468262,-0.243042,1.046753
-0.235107,-0.245728,0.796265
-0.084229,0.175415,1.010498
0.328857,-0.461304,0.901611
-0.520630,0.031738,0.766602
0.437988,-0.197266,1.055420
-0.143066,-0.289795,0.816040
-0.144653,0.183350,1.005249
0.380249,-0.431274,0.935303
-0.528931,-0.048706,0.737061
0.289551,-0.060547,1.011597
-0.040527,-0.383911,0.819458
-0.339478,0.137207,0.866821
0.443115,-0.362061,0.961304
-0.493530,-0.081177,0.749390
0.200806,0.012207,1.012695
0.079346,-0.435791,0.787842
-0.397827,0.099609,0.830078
0.452271,-0.312744,0.989136
-0.449219,-0.130859,0.748779
0.116821,0.066772,1.026367
0.129395,-0.461548,0.798218
-0.455322,0.114868,0.815063
0.472900,-0.292114,1.006226
-0.399414,-0.178345,0.745361
0.038208,0.108398,1.010986
0.207153,-0.461548,0.833618
-0.482422,0.056274,0.774048
0.468384,-0.275024,1.009766
-0.310547,-0.222534,0.770630
-0.044556,0.144409,1.005127
0.275757,-0.453979,0.871094
-0.512085,0.050659,0.757690
0.448242,-0.227173,1.028320
-0.211304,-0.246338,0.803223
-0.111938,0.171631,0.999146
0.331055,-0.428467,0.910156
-0.542114,0.020630,0.762085
0.422119,-0.223755,1.034424
-0.115601,-0.350098,0.792725
-0.170776,0.190918,0.984497
0.368286,-0.371826,0.942017
-0.531860,-0.009766,0.753662
0.384888,-0.198608,1.023560
-0.006592,-0.402100,0.816406
-0.250244,0.181396,0.928345
0.432861,-0.357666,0.969482
-0.514160,-0.046387,0.738403
0.288940,-0.107300,1.011719
0.076416,-0.485352,0.802979
-0.301636,0.135254,0.904175
0.461426,-0.340576,0.989502
-0.477539,-0.099121,0.750244
0.206055,-0.036133,0.995361
0.106812,-0.462036,0.813599
-0.373047,0.113403,0.864014
0.501709,-0.313110,1.031006
-0.425903,-0.147949,0.748657
0.109375,0.067871,1.021729
0.171143,-0.442993,0.842285
-0.412231,0.077148,0.847046
0.531982,-0.327026,1.053345
-0.375732,-0.209106,0.748657
0.040405,0.125732,1.022705
0.242554,-0.441650,0.872559
-0.466064,0.035400,0.785889
0.530518,-0.322021,1.063843
-0.288330,-0.263550,0.790039
-0.032471,0.157715,1.007812
0.276367,-0.424927,0.895508
-0.487305,0.011719,0.766968
0.490967,-0.239990,1.085083
-0.170166,-0.289185,0.826904
-0.080688,0.199585,1.020874
0.321655,-0.397095,0.937622
-0.524780,0.026855,0.773560
0.470947,-0.231079,1.079346
-0.073608,-0.350464,0.847046
-0.137085,0.209473,1.032227
0.365723,-0.358276,0.959473
-0.504883,-0.012573,0.771118
0.407837,-0.165527,1.070312
0.008301,-0.415161,0.843018
-0.163940,0.166382,1.021973
0.418823,-0.335815,0.996094
-0.497314,-0.023193,0.762451
0.352295,-0.087036,1.078247
0.070557,-0.407471,0.872559
-0.219482,0.140259,0.993408
0.480225,-0.338135,1.040039
-0.477661,-0.038940,0.770508
0.289917,-0.027466,1.068848
0.084595,-0.392334,0.868286
-0.270508,0.107178,0.960815
0.529541,-0.339233,1.077271
-0.449341,-0.100708,0.760864
0.229370,0.046143,1.057129
0.133545,-0.389771,0.878540
-0.319702,0.104248,0.937134
0.548218,-0.307739,1.099121
-0.426880,-0.115845,0.785645
0.199097,0.043579,1.065063
0.177246,-0.436157,0.893311
-0.342285,0.096313,0.909668
0.541870,-0.265259,1.111450
-0.389404,-0.177002,0.774414
0.181152,0.039307,1.076538
0.223511,-0.476685,0.887695
-0.367188,0.093506,0.888550
0.531128,-0.255981,1.089844
-0.337524,-0.189575,0.799072
0.135498,0.067383,1.063354
0.275635,-0.457397,0.927002
-0.415527,0.065186,0.840332
0.541992,-0.227783,1.111206
-0.264526,-0.212891,0.828491
0.061279,0.148804,1.075073
0.318848,-0.461792,0.940063
-0.438965,0.006470,0.827881
0.547241,-0.222778,1.136353
-0.201538,-0.246582,0.841553
-0.017578,0.220093,1.079590
0.378784,-0.424316,0.980347
-0.466431,0.029907,0.836426
0.516602,-0.217529,1.125366
-0.108276,-0.284058,0.877563
-0.053101,0.220703,1.090820
0.395386,-0.351685,1.003784
-0.473999,0.028931,0.834106
0.488892,-0.170654,1.126831
-0.003784,-0.362915,0.889282
-0.094116,0.195557,1.079224
0.438232,-0.345093,1.034790
-0.489502,0.038208,0.803345
0.446045,-0.136475,1.117065
0.052124,-0.410767,0.896851
-0.125244,0.193115,1.084351
0.479736,-0.334229,1.070435
-0.461670,-0.008911,0.812134
0.414917,-0.074829,1.128052
0.078491,-0.389893,0.891602
-0.184937,0.228271,1.068237
0.491455,-0.323242,1.078247
-0.430908,-0.077271,0.826050
0.394409,-0.061279,1.148560
0.064209,-0.354370,0.899902
-0.231201,0.231812,1.035034
0.538086,-0.274780,1.113647
-0.401001,-0.118408,0.818481
0.335693,-0.020386,1.137817
0.128052,-0.377808,0.922974
-0.272095,0.163940,0.993652
0.537354,-0.245728,1.126221
-0.354492,-0.188354,0.815552
0.270752,0.025391,1.141235
0.195801,-0.410156,0.938110
-0.324707,0.139648,0.937622
0.564087,-0.236816,1.141357
-0.307739,-0.188110,0.826172
0.183472,0.083984,1.120850
0.273804,-0.444092,0.947021
-0.371460,0.094971,0.906494
0.554932,-0.202026,1.152832
-0.258301,-0.229614,0.838867
0.116333,0.124634,1.116699
0.322266,-0.427612,0.972900
-0.413696,0.101685,0.893188
0.555786,-0.191284,1.155273
-0.190552,-0.258545,0.865723
0.019897,0.172485,1.092163
0.381104,-0.402588,1.003662
-0.421631,0.039551,0.866699
0.534790,-0.146362,1.167603
-0.122192,-0.264648,0.880737
-0.038940,0.185303,1.099365
0.419312,-0.386230,1.034058
-0.439453,-0.005249,0.852173
0.512207,-0.104980,1.178955
-0.015015,-0.317993,0.893555
-0.093140,0.216187,1.088745
0.455566,-0.353882,1.041504
-0.453369,-0.043457,0.831055
0.487427,-0.140869,1.173218
0.022217,-0.354492,0.899048
-0.178467,0.231445,1.056519
0.481201,-0.294067,1.082153
-0.421143,-0.086060,0.824829
0.423706,-0.071899,1.177246
0.047241,-0.362061,0.895752
-0.241089,0.219727,1.032593
0.529663,-0.286621,1.113770
-0.411621,-0.103394,0.816772
0.337036,-0.018188,1.164429
0.133911,-0.411133,0.920898
-0.295044,0.164307,0.984009
0.539062,-0.242554,1.121216
-0.373047,-0.144531,0.815430
0.257446,0.034790,1.141235
0.218994,-0.427246,0.940918
-0.361206,0.116211,0.929321
0.551270,-0.222412,1.134766
-0.297974,-0.192139,0.827881
0.142578,0.116089,1.118530
0.290405,-0.417603,0.966187
-0.406982,0.081665,0.888672
0.552124,-0.197144,1.145508
-0.242920,-0.222900,0.832886
0.052246,0.173340,1.103516
0.342041,-0.389282,0.983154
-0.436035,0.025269,0.872925
0.535156,-0.189209,1.153809
-0.155029,-0.279785,0.843872
-0.024902,0.171631,1.082520
0.382324,-0.360107,0.997070
-0.466187,0.008789,0.828857
0.514893,-0.172485,1.167725
-0.062744,-0.337524,0.859375
-0.108643,0.159912,1.053955
0.423096,-0.343018,1.019287
-0.453491,-0.027100,0.822754
0.443481,-0.087036,1.166382
-0.048584,-0.333496,0.860229
-0.196533,0.176147,1.038574
0.482788,-0.325806,1.072144
-0.465210,-0.058105,0.804199
0.379272,-0.021484,1.156860
0.005371,-0.323120,0.871338
-0.275391,0.179443,0.985229
0.522461,-0.280151,1.094727
-0.426514,-0.144897,0.776245
0.305664,-0.000244,1.137207
0.088379,-0.384277,0.875977
-0.349609,0.153564,0.933228
0.515991,-0.298584,1.081665
-0.389648,-0.198242,0.791504
0.230835,0.016235,1.110474
0.163452,-0.361450,0.915283
-0.426514,0.158081,0.886963
0.519653,-0.207886,1.114258
-0.333130,-0.243774,0.785278
0.134155,0.042603,1.099243
0.216553,-0.409546,0.920898
-0.460449,0.089233,0.859253
0.541992,-0.239868,1.108154
-0.268677,-0.249512,0.793213
0.006104,0.190430,1.083618
0.287354,-0.406616,0.913818
-0.468994,0.024292,0.829224
0.511597,-0.219482,1.105591
-0.182861,-0.297241,0.806030
-0.050781,0.169922,1.046875
0.326538,-0.393677,0.927856
-0.516357,0.026733,0.813232
0.487305,-0.219604,1.113281
-0.155518,-0.351318,0.782104
-0.089722,0.152832,1.035889
0.341064,-0.329102,0.955444
-0.533325,0.036743,0.783325
0.466187,-0.201050,1.113403
-0.118530,-0.388062,0.787354
-0.161499,0.146851,1.008057
0.369995,-0.326538,0.984985
-0.539429,0.042480,0.782837
0.411377,-0.163452,1.087402
-0.076904,-0.376831,0.811890
-0.232178,0.153076,0.990967
0.387939,-0.308350,0.998779
-0.541992,0.014526,0.768188
0.382690,-0.115601,1.102905
-0.070923,-0.349976,0.829590
-0.297119,0.170776,0.951782
0.415039,-0.303345,1.006104
-0.497681,-0.057739,0.751465
0.321777,-0.068237,1.092773
-0.058716,-0.357544,0.825684
-0.326782,0.160156,0.934448
0.434692,-0.328735,1.006592
-0.518188,-0.051514,0.740479
0.294312,-0.056152,1.083496
-0.026611,-0.371704,0.809326
-0.371582,0.166992,0.902710
0.451050,-0.343628,1.009521
-0.505371,-0.104004,0.739502
0.256470,-0.041504,1.082031
0.002808,-0.371338,0.816895
-0.421021,0.213135,0.896851
0.455933,-0.320435,1.007324
-0.475830,-0.127686,0.749878
0.196533,-0.040283,1.055542
0.039185,-0.406860,0.819580
-0.459229,0.194702,0.869629
0.469116,-0.262695,1.038452
-0.462402,-0.178955,0.738770
0.111328,0.010864,1.032959
0.109131,-0.450928,0.838989
-0.502930,0.174805,0.847900
0.462402,-0.228760,1.037354
-0.424683,-0.154785,0.764282
0.043213,0.050781,1.028809
0.164185,-0.455200,0.852417
-0.536011,0.100464,0.802368
0.460571,-0.229492,1.043701
-0.346558,-0.200806,0.751587
-0.040527,0.120728,1.013916
0.233887,-0.436035,0.872314
-0.553833,0.080811,0.795166
0.444092,-0.217529,1.041260
-0.275757,-0.260986,0.746460
-0.115723,0.125122,0.978638
0.285767,-0.424316,0.890015
-0.567505,0.045044,0.766602
0.417725,-0.196411,1.050171
-0.225464,-0.309448,0.727173
-0.206665,0.163452,0.953125
0.335449,-0.359131,0.929321
-0.574097,0.017822,0.759399
0.378906,-0.162964,1.058838
-0.178589,-0.357178,0.734497
-0.287476,0.165771,0.920532
0.367310,-0.339600,0.945679
-0.569946,-0.004517,0.732666
0.307861,-0.111328,1.041016
-0.128418,-0.361572,0.764160
-0.361694,0.163574,0.897461
0.402222,-0.340332,0.964966
-0.536987,-0.058960,0.701782
0.216919,-0.013916,1.026367
-0.072388,-0.372314,0.769043
-0.426392,0.174072,0.877197
0.417114,-0.335449,0.968506
-0.523804,-0.091309,0.706055
0.169434,0.035034,1.027466
-0.003662,-0.401367,0.781982
-0.491211,0.194702,0.850464
0.424316,-0.300537,0.976440
-0.501709,-0.111084,0.715088
0.122437,0.050293,1.034912
0.047852,-0.416016,0.803955
-0.545654,0.217285,0.844482
0.426514,-0.280396,0.983154
-0.440063,-0.174072,0.733887
0.055298,0.078003,1.023560
0.093140,-0.420898,0.817871
-0.560669,0.192383,0.817017
0.424072,-0.249756,0.985229
-0.379028,-0.203857,0.735840
0.007568,0.070190,1.007935
0.171997,-0.435913,0.850342
-0.607300,0.188965,0.778564
0.426514,-0.225586,0.994019
-0.313232,-0.229980,0.740234
-0.065063,0.150391,1.001099
0.228760,-0.408691,0.868286
-0.600830,0.127563,0.786987
0.404053,-0.201538,0.994019
-0.274048,-0.289551,0.715332
-0.108887,0.136963,0.970093
0.265747,-0.395386,0.883789
-0.620361,0.133301,0.758057
0.388184,-0.171387,1.000122
-0.223511,-0.302979,0.711304
-0.150879,0.150635,0.972046
0.306152,-0.387451,0.901367
-0.638306,0.129150,0.753662
0.389282,-0.166138,1.005737
-0.183716,-0.330933,0.715332
-0.208740,0.167603,0.943604
0.325562,-0.376343,0.899658
-0.614990,0.084351,0.736816
0.370728,-0.150635,1.014404
-0.156860,-0.324463,0.733887
-0.277954,0.176880,0.909912
0.361084,-0.370483,0.912842
-0.604614,0.065308,0.721802
0.327515,-0.095581,1.011719
-0.125488,-0.343506,0.736328
-0.314209,0.180542,0.888306
0.386230,-0.351929,0.920044
-0.590942,0.054199,0.720947
0.284546,-0.054688,1.008057
-0.098267,-0.382080,0.730713
-0.347656,0.192749,0.893066
0.398926,-0.328247,0.942993
-0.577148,-0.008911,0.706787
0.242432,-0.054932,0.987427
-0.068726,-0.403198,0.737671
-0.384888,0.210571,0.876587
0.409058,-0.289185,0.941040
-0.552368,-0.036987,0.705200
0.174683,-0.004517,0.979126
0.011475,-0.424438,0.777100
-0.431763,0.199463,0.870117
0.413330,-0.257812,0.952026
-0.521606,-0.025146,0.723755
0.117188,0.062378,0.987305
0.064697,-0.411255,0.798584
-0.471313,0.178345,0.844727
0.406494,-0.201782,0.984741
-0.461548,-0.078369,0.733887
0.078125,0.145508,1.030640
0.096191,-0.411621,0.801392
-0.524902,0.179810,0.823120
0.442261,-0.217285,0.993408
-0.418457,-0.127441,0.715210
0.031250,0.174438,1.014160
0.168945,-0.413330,0.833130
-0.583862,0.168823,0.790649
0.447632,-0.224976,0.999878
-0.339966,-0.156616,0.733032
-0.017944,0.211426,1.002075
0.208252,-0.384644,0.848755
-0.593628,0.163940,0.781982
0.452393,-0.214722,1.008789
-0.298950,-0.195679,0.740723
-0.064209,0.191528,0.984863
0.252319,-0.403320,0.877930
-0.604492,0.157349,0.779053
0.449585,-0.205322,1.001831
-0.223633,-0.214355,0.758057
-0.111816,0.223389,0.974609
0.286865,-0.370972,0.891235
-0.608276,0.128784,0.759888
0.437866,-0.185669,1.019287
-0.171509,-0.301514,0.748901
-0.157104,0.224365,0.959595
0.309082,-0.357178,0.898071
-0.592407,0.092163,0.746826
0.407227,-0.155396,1.023804
-0.129272,-0.336548,0.753418
-0.214722,0.206665,0.916382
0.358765,-0.350220,0.913452
-0.590088,0.074707,0.743896
0.370850,-0.105713,1.026733
-0.081055,-0.376587,0.744995
-0.254150,0.209351,0.908325
0.382935,-0.350952,0.907349
-0.569824,0.057373,0.741821
0.336792,-0.106689,0.999512
-0.042603,-0.394653,0.743286
-0.316895,0.198975,0.865479
0.402710,-0.310303,0.934937
-0.552124,0.018188,0.737549
0.279053,-0.089966,0.976929
-0.003052,-0.440063,0.744019
-0.355591,0.163940,0.843628
0.412354,-0.274048,0.941040
-0.531250,-0.017334,0.733276
0.218262,-0.037720,0.995117
0.041748,-0.439575,0.778320
-0.424683,0.156616,0.824463
0.433838,-0.270996,0.965820
-0.481079,-0.053711,0.739868
0.154541,0.044189,1.012085
0.089355,-0.429932,0.799072
-0.482178,0.161621,0.804932
0.443848,-0.233276,0.991089
-0.426147,-0.126343,0.734985
0.056885,0.107300,1.015137
0.160400,-0.470337,0.828125
-0.534180,0.112793,0.770996
0.453369,-0.212524,0.998169
-0.332397,-0.123047,0.764526
-0.027710,0.183350,1.003906
0.224243,-0.398193,0.851562
-0.573730,0.070679,0.753418
0.456543,-0.242310,1.007324
-0.264404,-0.210205,0.765503
-0.084229,0.219604,0.988770
0.286499,-0.373657,0.874146
-0.582031,0.108887,0.755005
0.441528,-0.220093,1.011719
-0.166626,-0.286865,0.796997
-0.151123,0.157104,0.945190
0.312988,-0.387085,0.907104
-0.574951,0.061401,0.762939
0.414429,-0.140747,1.032471
-0.109863,-0.282593,0.765137
-0.200806,0.207275,0.941040
0.361572,-0.393921,0.916260
-0.537109,-0.011597,0.752441
0.368652,-0.120605,1.011475
-0.071289,-0.333130,0.780640
-0.260376,0.189453,0.903564
0.393921,-0.375610,0.929688
-0.530029,-0.028931,0.746216
0.317871,-0.061401,1.021240
-0.009766,-0.386475,0.771240
-0.324585,0.157349,0.855957
0.412964,-0.356323,0.944336
-0.502686,-0.095703,0.754883
0.262085,-0.068237,0.997925
0.042358,-0.417114,0.774048
-0.385742,0.169922,0.827515
0.444458,-0.321655,0.960815
-0.458130,-0.127441,0.756226
0.182983,-0.040161,1.003784
0.073364,-0.443237,0.785522
-0.433716,0.156006,0.802856
0.470703,-0.279907,0.989380
-0.411987,-0.155396,0.759644
0.072510,0.051025,1.000000
0.144531,-0.471680,0.810181
-0.485474,0.086670,0.765381
0.450317,-0.248901,1.009033
-0.333740,-0.197021,0.767090
-0.017822,0.139038,1.003174
0.244751,-0.465942,0.858398
-0.528442,0.042603,0.744751
0.444824,-0.240234,1.021362
-0.240723,-0.260864,0.772705
-0.099487,0.191895,0.997070
0.299805,-0.412842,0.902466
-0.552856,0.031250,0.744263
0.428711,-0.215210,1.035156
-0.125244,-0.310181,0.801514
-0.180542,0.179688,0.953491
0.356445,-0.384888,0.930420
-0.525879,0.022705,0.762451
0.373413,-0.137085,1.032715
-0.032349,-0.375000,0.804321
-0.242188,0.160278,0.939331
0.392578,-0.400024,0.930908
-0.513428,-0.039307,0.751953
0.317017,-0.080200,1.022339
0.037720,-0.396606,0.816040
-0.301758,0.157227,0.897583
0.424194,-0.368042,0.957397
-0.493530,-0.129028,0.735718
0.264038,-0.077637,1.026123
0.072510,-0.440918,0.796509
-0.349121,0.157715,0.875732
0.466309,-0.336426,0.992188
-0.459839,-0.130615,0.753540
0.196289,-0.013428,1.023193
0.095581,-0.442993,0.803467
-0.381470,0.108398,0.838867
0.484497,-0.303955,1.018188
-0.415894,-0.184814,0.753052
0.129883,0.013672,1.019043
0.154297,-0.456665,0.822510
-0.432983,0.094482,0.805176
0.501099,-0.268066,1.045776
-0.354248,-0.227905,0.765137
0.058105,0.069336,1.021484
0.223267,-0.457153,0.861206
-0.455322,0.061768,0.771973
0.493164,-0.257202,1.046509
-0.306641,-0.229126,0.793823
-0.001465,0.091919,1.022217
0.281616,-0.463501,0.874878
-0.481079,0.053711,0.776611
0.476685,-0.214844,1.055298
-0.229492,-0.232788,0.812378
-0.082153,0.166870,1.029175
0.340454,-0.493652,0.906738
-0.501221,0.028931,0.783569
0.449829,-0.174072,1.071411
-0.148560,-0.256836,0.829346
-0.133179,0.203857,1.019287
0.381836,-0.444946,0.938232
-0.495850,-0.028320,0.781128
0.436523,-0.172363,1.081787
-0.065186,-0.317627,0.828979
-0.182983,0.229126,1.011475
0.416382,-0.378296,0.976196
-0.475220,-0.069214,0.778809
0.389648,-0.142944,1.080078
0.018066,-0.401123,0.834595
-0.215210,0.176880,0.968872
0.452393,-0.342163,1.003052
-0.473022,-0.084351,0.762939
0.341675,-0.118164,1.068970
0.080566,-0.453003,0.841064
-0.272949,0.146729,0.948242
0.486694,-0.322021,1.030762
-0.440918,-0.077393,0.801025
0.283447,-0.050049,1.069214
0.102173,-0.426025,0.856079
-0.313477,0.111450,0.923340
0.520508,-0.295532,1.076782
-0.407349,-0.137817,0.787109
0.208618,0.008789,1.063721
0.177490,-0.451416,0.871704
-0.358276,0.096924,0.882446
0.532227,-0.252441,1.103394
-0.362305,-0.181641,0.788818
0.134644,0.072754,1.065552
0.240112,-0.486450,0.888916
-0.390137,0.064209,0.868164
0.539429,-0.257568,1.093994
-0.312988,-0.188843,0.808838
0.067505,0.133301,1.055054
0.300049,-0.475586,0.916016
-0.426392,0.020020,0.833496
0.533081,-0.222900,1.119995
-0.231445,-0.226807,0.821167
-0.010376,0.215576,1.068359
0.357422,-0.438721,0.957153
-0.445679,0.005127,0.834473
0.509155,-0.205200,1.126709
-0.164429,-0.256592,0.836060
-0.053345,0.223389,1.073486
0.391968,-0.368164,0.992310
-0.470581,-0.000977,0.830688
0.490234,-0.188843,1.130981
-0.035400,-0.352173,0.861938
-0.126953,0.219116,1.049805
0.437500,-0.337402,1.027832
-0.462891,-0.026245,0.811768
0.445435,-0.140991,1.138062
0.051392,-0.409424,0.886353
-0.178345,0.193481,1.040405
0.471069,-0.321655,1.051392
-0.444458,-0.054932,0.796021
0.393677,-0.092285,1.125488
0.072998,-0.404541,0.887695
-0.231323,0.207397,1.035645
0.528564,-0.285034,1.098755
-0.429443,-0.076172,0.795654
0.314819,-0.014160,1.126099
0.155273,-0.448975,0.912842
-0.297119,0.169434,1.001099
0.550171,-0.263062,1.123779
-0.377930,-0.129517,0.818848
0.248535,0.044189,1.130615
0.204468,-0.448120,0.913208
-0.339233,0.113647,0.946655
0.573364,-0.269165,1.141724
-0.313843,-0.173462,0.840332
0.163574,0.100708,1.110474
0.271118,-0.441162,0.938965
-0.391113,0.070068,0.883423
0.564209,-0.222656,1.147461
-0.241089,-0.234619,0.849487
0.083862,0.154663,1.113403
0.339355,-0.426025,0.978516
-0.430664,0.050049,0.855347
0.553833,-0.204590,1.149902
-0.169678,-0.262817,0.870850
-0.001831,0.191650,1.100098
0.407471,-0.398560,1.015747
-0.442749,0.015991,0.839233
0.505127,-0.129272,1.159912
-0.054443,-0.299072,0.897339
-0.080200,0.201416,1.084595
0.453125,-0.381226,1.034912
-0.432861,-0.031494,0.841187
0.461792,-0.065430,1.176514
0.036621,-0.339600,0.890259
-0.152344,0.239380,1.080322
0.488281,-0.328613,1.071411
-0.427734,-0.070068,0.841309
0.425293,-0.085938,1.152832
0.049561,-0.321411,0.913208
-0.232178,0.219238,1.039185
0.531616,-0.259888,1.135376
-0.379272,-0.153442,0.816895
0.338135,-0.013916,1.159180
0.128662,-0.381470,0.936401
-0.305176,0.171387,0.978149
0.559448,-0.276855,1.133667
-0.350586,-0.176880,0.823853
0.234375,0.071411,1.141968
0.229736,-0.406128,0.948730
-0.353271,0.121094,0.927246
0.575317,-0.256348,1.138916
-0.296265,-0.203369,0.831787
0.147339,0.109009,1.110718
0.304077,-0.411011,0.968750
-0.406250,0.093018,0.901245
0.563232,-0.216553,1.153076
-0.233765,-0.259033,0.850342
0.055054,0.144897,1.103027
0.351440,-0.392090,0.989624
-0.408447,0.033325,0.876831
0.545288,-0.171387,1.174683
-0.144287,-0.292114,0.868286
-0.016968,0.169312,1.081299
0.391968,-0.361816,1.008789
-0.426880,-0.000122,0.857788
0.527100,-0.141235,1.171265
-0.067261,-0.320923,0.873169
-0.077515,0.175903,1.063477
0.429199,-0.342285,1.029663
-0.435669,-0.028564,0.834106
0.366699,-0.012573,1.161377
-0.045776,-0.317993,0.858643
-0.251709,0.198486,1.021118
0.459473,-0.315552,1.065063
-0.391235,-0.139526,0.806152
0.319092,-0.017700,1.134888
0.147827,-0.381226,0.927734
-0.302734,0.163330,0.981812
0.570435,-0.265137,1.143188
-0.351807,-0.179688,0.817383
0.240479,0.036865,1.141968
0.230591,-0.412354,0.955200
-0.345703,0.103027,0.928101
0.570312,-0.221680,1.152222
-0.285767,-0.209229,0.825684
0.140015,0.115356,1.121948
0.318481,-0.434814,0.973877
-0.393066,0.082520,0.893066
0.564819,-0.197144,1.156982
-0.221069,-0.223511,0.859863
0.037598,0.156372,1.091797
0.375488,-0.397339,1.003296
-0.420898,0.034790,0.866577
0.542236,-0.143555,1.170166
-0.098633,-0.274292,0.879028
-0.069702,0.211182,1.081543
0.429443,-0.385498,1.031860
-0.438721,-0.028320,0.843018
0.484863,-0.088623,1.188599
0.000244,-0.345093,0.867188
-0.133179,0.228394,1.083862
0.475464,-0.321533,1.059692
-0.446533,-0.048950,0.831787
0.437500,-0.079712,1.178955
0.029663,-0.361816,0.888428
-0.206177,0.209473,1.052490
0.522217,-0.286743,1.100952
-0.420898,-0.084595,0.822144
0.356567,-0.037598,1.149658
0.110840,-0.387085,0.928467
-0.279175,0.171509,0.987549
0.542358,-0.258301,1.128540
-0.379883,-0.151855,0.814331
0.259644,0.050537,1.144897
0.193115,-0.405273,0.936646
-0.352661,0.146851,0.945312
0.566772,-0.263794,1.133179
-0.307373,-0.204346,0.842285
0.155640,0.088257,1.114380
0.249756,-0.394653,0.957153
-0.385376,0.107422,0.906494
0.557617,-0.230591,1.132935
-0.261353,-0.232910,0.837036
0.082031,0.120850,1.098633
0.316772,-0.400024,0.974976
-0.435669,0.062500,0.877075
0.541748,-0.170532,1.159180
-0.175659,-0.277222,0.835815
-0.008911,0.182007,1.113403
0.360962,-0.401001,0.971313
-0.456665,0.027832,0.852783
0.529541,-0.167725,1.148804
-0.080933,-0.301880,0.874268
-0.079956,0.175537,1.073975
0.414917,-0.373779,1.002075
-0.476440,0.009399,0.828735
0.480713,-0.128174,1.157837
-0.059692,-0.357666,0.834839
-0.134399,0.180664,1.057129
0.432251,-0.328857,1.026611
-0.481934,-0.032471,0.815186
0.455322,-0.114624,1.155029
-0.041138,-0.325195,0.841431
-0.222412,0.214111,1.029175
0.473999,-0.306274,1.058472
-0.455688,-0.085449,0.804443
0.392822,-0.097900,1.143799
-0.004883,-0.332886,0.860229
-0.276245,0.187378,0.988525
0.511963,-0.288208,1.077881
-0.442749,-0.103516,0.789185
0.317871,-0.045410,1.136597
0.073242,-0.370361,0.883179
-0.342163,0.174072,0.934204
0.518433,-0.276489,1.086182
-0.400391,-0.165161,0.784424
0.216187,0.020142,1.112427
0.151489,-0.399170,0.902710
-0.409302,0.167358,0.917969
0.522583,-0.244873,1.089844
-0.348267,-0.208374,0.795410
0.120972,0.073853,1.087524
0.223877,-0.405396,0.915405
-0.456177,0.102783,0.867065
0.526001,-0.232788,1.106323
-0.289429,-0.264771,0.785278
0.020752,0.117188,1.053833
0.275879,-0.380737,0.928101
-0.462280,0.037109,0.833130
0.511963,-0.180420,1.124878
-0.179321,-0.324585,0.783325
-0.080322,0.134644,1.024292
0.335327,-0.395020,0.938843
-0.493286,0.012817,0.803589
0.466187,-0.160400,1.113892
-0.140381,-0.325073,0.790039
-0.151001,0.151733,1.017578
0.378784,-0.352905,0.975586
-0.519653,-0.021362,0.783447
0.428345,-0.138550,1.122803
-0.094360,-0.314941,0.806641
-0.270142,0.190796,0.981812
0.438110,-0.323242,1.024170
-0.513916,-0.066895,0.754883
0.334351,-0.078491,1.097168
-0.022095,-0.367920,0.825195
-0.336182,0.158569,0.946777
0.470459,-0.316284,1.041626
-0.480957,-0.090454,0.739990
0.242920,-0.023438,1.084473
0.069092,-0.378418,0.851807
-0.428589,0.176880,0.907837
0.494141,-0.290527,1.059692
-0.437744,-0.149414,0.760254
0.107422,0.065063,1.057007
0.160034,-0.406738,0.886841
-0.472290,0.099731,0.843262
0.477783,-0.233154,1.061401
-0.341797,-0.219604,0.761841
0.008667,0.120483,1.045654
0.224609,-0.378784,0.896484
-0.510498,0.026245,0.797607
0.477539,-0.211792,1.074341
-0.221924,-0.313843,0.757080
-0.109131,0.137573,0.988647
0.297363,-0.372437,0.906128
-0.548340,0.015503,0.766357
0.418945,-0.176636,1.067627
-0.164551,-0.345703,0.758179
-0.196777,0.164917,0.983643
0.355469,-0.332886,0.950317
-0.580444,0.000854,0.742065
0.348511,-0.142334,1.059937
-0.101318,-0.376709,0.782349
-0.306763,0.139038,0.922729
0.402222,-0.311279,0.996948
-0.541870,-0.035767,0.732178
0.261963,-0.028809,1.061279
-0.027100,-0.364380,0.801392
-0.397827,0.145752,0.906250
0.418945,-0.298950,1.012451
-0.513062,-0.113403,0.712036
0.170044,0.050781,1.049316
0.047607,-0.401978,0.818970
-0.480591,0.171631,0.860474
0.442383,-0.270508,1.017944
-0.461426,-0.153687,0.739380
0.078125,0.091919,1.032715
0.117065,-0.412476,0.835083
-0.527100,0.143066,0.854980
0.462402,-0.276367,1.022461
-0.383179,-0.185913,0.737427
-0.009399,0.147339,1.011475
0.183838,-0.390869,0.868896
-0.557617,0.078247,0.793823
0.431519,-0.232910,1.038208
-0.281372,-0.294678,0.730347
-0.079590,0.173828,0.991089
0.212402,-0.369141,0.856934
-0.580811,0.055176,0.762207
0.446899,-0.270752,1.022461
-0.241333,-0.350220,0.717651
-0.132812,0.157227,0.966431
0.271606,-0.361328,0.873413
-0.601685,0.068237,0.738647
0.412109,-0.247192,1.014404
-0.188965,-0.359253,0.744629
-0.204224,0.137207,0.952515
0.319092,-0.360352,0.907227
-0.607422,0.107300,0.744995
0.343140,-0.149414,1.011719
-0.128906,-0.373901,0.746338
-0.273071,0.137207,0.925171
0.330566,-0.354858,0.917847
-0.591431,0.018799,0.711914
0.325928,-0.078735,1.031372
-0.117432,-0.346924,0.746338
-0.356689,0.177246,0.896484
0.378418,-0.365845,0.936401
-0.579468,-0.000244,0.718140
0.272339,-0.070190,1.024414
-0.095947,-0.354492,0.753906
-0.392090,0.189941,0.890015
0.414917,-0.367065,0.952637
-0.577393,-0.015015,0.700439
0.197876,-0.024414,0.997559
-0.044556,-0.395630,0.770020
-0.422485,0.179565,0.873413
0.410278,-0.312134,0.964722
-0.550903,-0.029297,0.701416
0.148438,0.034668,0.994507
-0.001709,-0.374512,0.789062
-0.456543,0.140137,0.852417
0.420044,-0.294189,0.988281
-0.509033,-0.075928,0.702881
0.093506,0.098755,1.003784
0.031250,-0.378540,0.791382
-0.496948,0.169922,0.866821
0.443359,-0.288208,0.998047
-0.478271,-0.094604,0.720093
0.029785,0.149902,0.998169
0.083618,-0.412598,0.806763
-0.528809,0.152588,0.835083
0.435669,-0.272949,0.998413
-0.446045,-0.117065,0.713867
0.020386,0.176147,1.018188
0.111450,-0.383057,0.811157
-0.559692,0.158203,0.815552
0.468628,-0.278687,1.009033
-0.403442,-0.161621,0.723877
0.000122,0.198364,1.011475
0.133179,-0.390991,0.809082
-0.594360,0.165039,0.783325
0.483521,-0.296875,1.005127
-0.372192,-0.176514,0.728149
-0.013184,0.203125,1.020752
0.162109,-0.382812,0.817139
-0.607422,0.193970,0.796631
0.479004,-0.298706,0.991577
-0.343872,-0.210571,0.735840
-0.026245,0.189209,0.999512
0.167969,-0.397705,0.825806
-0.613159,0.198486,0.793823
0.461182,-0.251221,1.001465
-0.340088,-0.182129,0.737427
-0.030640,0.157837,0.992676
0.183228,-0.423096,0.835449
-0.598755,0.184814,0.801025
0.458496,-0.223389,1.006348
-0.337402,-0.188965,0.733032
-0.044189,0.173218,1.000122
0.225586,-0.429565,0.857422
-0.612061,0.200073,0.788208
0.437134,-0.205933,1.003784
-0.310303,-0.204590,0.745117
-0.058594,0.181641,0.999512
0.237793,-0.424316,0.862061
-0.621704,0.174072,0.766846
0.431274,-0.200439,0.995728
-0.289795,-0.219971,0.735352
-0.067505,0.201660,0.993774
0.246460,-0.407837,0.861816
-0.615601,0.127441,0.754395
0.429565,-0.186401,1.008911
-0.258423,-0.242554,0.730957
-0.120361,0.230591,0.975952
0.278442,-0.402100,0.868896
-0.607788,0.109985,0.763794
0.420776,-0.177124,1.012939
-0.215698,-0.264282,0.743164
-0.149780,0.224854,0.950562
0.306519,-0.398071,0.886963
-0.597900,0.088989,0.750000
0.416992,-0.147095,1.023193
-0.184570,-0.256714,0.743652
-0.189941,0.230347,0.944946
0.330200,-0.366821,0.900146
-0.589478,0.074829,0.754395
0.384277,-0.113159,1.029541
-0.139160,-0.336304,0.740967
-0.236450,0.185181,0.914185
0.352295,-0.352173,0.914307
-0.593872,0.060547,0.741211
0.361572,-0.098511,1.016846
-0.104370,-0.358765,0.728882
-0.296753,0.208618,0.884399
0.385254,-0.317505,0.924072
-0.564087,0.018677,0.732178
0.299561,-0.043579,1.015503
-0.036377,-0.422363,0.732056
-0.355957,0.202148,0.858521
0.380615,-0.295410,0.919067
-0.535034,-0.035278,0.713989
0.255005,-0.037598,1.008301
0.015015,-0.408325,0.778809
-0.418457,0.204346,0.840942
0.404419,-0.262939,0.949585
-0.513306,-0.068359,0.714233
0.170898,0.034180,1.009766
0.072876,-0.428955,0.791016
-0.474731,0.194946,0.833862
0.418579,-0.232422,0.975220
-0.441406,-0.110596,0.731201
0.089355,0.119995,1.023438
0.115845,-0.421753,0.809204
-0.543457,0.166016,0.804688
0.459229,-0.242798,0.990723
-0.371826,-0.159668,0.736328
0.007812,0.176392,1.006470
0.195312,-0.392700,0.837158
-0.578125,0.157837,0.769897
0.449219,-0.210083,1.014648
-0.273560,-0.204468,0.765991
-0.062256,0.161133,0.975952
0.255371,-0.383911,0.871948
-0.602539,0.135132,0.754517
0.444092,-0.180664,1.031860
-0.154419,-0.300415,0.767090
-0.134399,0.215454,0.969360
0.294556,-0.346436,0.883057
-0.606201,0.113403,0.750122
0.408813,-0.185791,1.006592
-0.085693,-0.360962,0.778442
-0.196899,0.180664,0.919434
0.335327,-0.289429,0.914185
-0.586548,0.066895,0.731079
0.366333,-0.109131,1.021973
-0.026489,-0.404663,0.759644
-0.274292,0.185791,0.880249
0.370972,-0.291748,0.926636
-0.562378,0.014648,0.727173
0.327148,-0.116577,0.989990
0.006958,-0.423096,0.764526
-0.348389,0.190063,0.846802
0.402832,-0.273193,0.951416
-0.522217,-0.045288,0.724609
0.230225,-0.053711,0.978638
0.046753,-0.456055,0.762695
-0.383911,0.171875,0.841675
0.435547,-0.270020,0.960449
-0.501465,-0.031494,0.757446
0.156860,0.024658,0.990601
0.075562,-0.448486,0.787842
-0.431274,0.133545,0.823975
0.443237,-0.236938,0.987061
-0.458496,-0.072266,0.739868
0.092529,0.100708,1.013062
0.126587,-0.456787,0.803223
-0.495361,0.114624,0.793579
0.458374,-0.257080,1.002075
-0.392944,-0.123291,0.759888
0.012085,0.150269,1.008423
0.204102,-0.433716,0.830322
-0.535156,0.099243,0.765015
0.458496,-0.239258,1.011108
-0.291748,-0.200928,0.770020
-0.062500,0.184692,0.990967
0.251465,-0.409058,0.864990
-0.554810,0.090332,0.756104
0.462158,-0.249023,1.015625
-0.217529,-0.291382,0.766968
-0.129883,0.205444,0.977783
0.293091,-0.396851,0.888794
-0.559082,0.052124,0.762451
0.435059,-0.191162,1.041870
-0.142456,-0.316284,0.778931
-0.179688,0.210205,0.958618
0.330078,-0.375366,0.908081
-0.563232,0.052490,0.757690
0.404663,-0.180908,1.022583
-0.071289,-0.364624,0.783691
-0.234497,0.213379,0.935913
0.370361,-0.381104,0.925903
-0.542725,0.007446,0.764771
0.356323,-0.123169,1.014648
-0.024048,-0.408691,0.783081
-0.253540,0.163940,0.908447
0.393799,-0.353149,0.938965
-0.535889,-0.014038,0.741089
0.313721,-0.106079,1.003052
0.015625,-0.430176,0.776733
-0.310181,0.169922,0.890869
0.431763,-0.372559,0.951660
-0.516602,-0.065674,0.740845
0.249512,-0.049927,1.002319
0.055420,-0.466675,0.777100
-0.342896,0.138794,0.858154
0.442627,-0.337280,0.964478
-0.472412,-0.098389,0.741821
0.186523,0.015869,1.009644
0.064087,-0.425171,0.791382
-0.394043,0.099121,0.826782
0.467529,-0.340576,0.983887
-0.442261,-0.151611,0.745239
0.122070,0.099365,1.033325
0.109253,-0.408081,0.807983
-0.437134,0.098999,0.806641
0.488770,-0.341309,1.005127
-0.427612,-0.165771,0.750122
0.066528,0.080566,1.008789
0.180786,-0.449341,0.824707
-0.476196,0.095093,0.779541
0.457153,-0.240356,1.025757
-0.332397,-0.235718,0.755005
0.014526,0.114014,1.026245
0.239380,-0.488281,0.835571
-0.510010,0.077637,0.767944
0.459473,-0.250122,1.012085
-0.279419,-0.202393,0.791382
-0.065674,0.123291,0.984985
0.292847,-0.474487,0.876465
-0.508789,0.023926,0.750854
0.433716,-0.185303,1.025635
-0.180908,-0.245605,0.816406
-0.144043,0.169556,0.984497
0.333618,-0.459595,0.898193
-0.505005,0.007568,0.766602
0.419434,-0.140259,1.057983
-0.098633,-0.296265,0.804810
-0.205200,0.210571,0.979370
0.382812,-0.426025,0.928833
-0.493408,-0.065674,0.760620
0.376831,-0.125854,1.050171
0.010620,-0.372559,0.835815
-0.273438,0.220459,0.945801
0.420654,-0.395020,0.961548
-0.485107,-0.099487,0.757202
0.299072,-0.084106,1.034546
0.080200,-0.447510,0.814087
-0.312378,0.167114,0.911011
0.445923,-0.330688,0.986938
-0.454956,-0.120605,0.765869
0.212769,-0.047974,1.014160
0.110596,-0.485840,0.806152
-0.354004,0.096802,0.862549
0.475830,-0.276489,1.030273
-0.401978,-0.140503,0.764404
0.126831,0.039307,1.019165
0.181396,-0.472656,0.836670
-0.425537,0.063843,0.824829
0.498047,-0.283569,1.048950
-0.349976,-0.216431,0.760010
0.038452,0.144775,1.044067
0.249756,-0.437378,0.879028
-0.460449,0.064453,0.802246
0.497803,-0.289429,1.049927
-0.271851,-0.292236,0.776855
-0.023804,0.128540,1.032715
0.287231,-0.445557,0.901123
-0.492188,0.049194,0.784058
0.480957,-0.214966,1.063965
-0.183350,-0.265015,0.825439
-0.090332,0.185425,1.037964
0.372192,-0.477417,0.928833
-0.513916,0.056396,0.781738
0.423096,-0.165527,1.055908
-0.080688,-0.297974,0.859131
-0.133057,0.188354,1.034058
0.391357,-0.425659,0.952148
-0.498291,-0.008423,0.773682
0.412476,-0.100464,1.087524
-0.014893,-0.357300,0.841187
-0.187378,0.192505,1.006592
0.437866,-0.403076,0.989746
-0.478638,-0.053467,0.777832
0.365112,-0.090454,1.081177
0.062744,-0.439209,0.833862
-0.245605,0.191284,0.978882
0.459229,-0.311279,1.023682
-0.449463,-0.096069,0.779541
0.320557,-0.087891,1.072021
0.094116,-0.458496,0.847778
-0.277466,0.154419,0.946167
0.490234,-0.289917,1.044067
-0.429810,-0.111206,0.783691
0.262329,-0.032471,1.070312
0.127319,-0.437256,0.866943
-0.325073,0.109375,0.912964
0.519531,-0.263306,1.085327
-0.394531,-0.141235,0.773193
0.204956,0.052734,1.064331
0.194458,-0.446289,0.899780
-0.375122,0.074585,0.889526
0.536987,-0.277832,1.105713
-0.355469,-0.214355,0.771240
0.138428,0.125122,1.083374
0.249756,-0.466675,0.890869
-0.409058,0.084473,0.870239
0.547607,-0.280884,1.104980
-0.310791,-0.238403,0.788574
0.092407,0.127686,1.072144
0.267212,-0.456665,0.905273
-0.423828,0.036499,0.837280
0.551147,-0.274902,1.111816
-0.264893,-0.257812,0.808716
0.055542,0.148071,1.070679
0.321777,-0.439941,0.938110
-0.450562,0.061523,0.824585
0.549438,-0.254517,1.111694
-0.222290,-0.236450,0.852173
0.031860,0.142578,1.077637
0.343018,-0.436279,0.952148
-0.476929,0.050781,0.817993
0.531860,-0.236816,1.123169
-0.160889,-0.296387,0.857544
-0.020874,0.200073,1.088135
0.356812,-0.404297,0.969360
-0.450073,0.023315,0.819336
0.531494,-0.219116,1.132935
-0.145264,-0.277710,0.863281
-0.042847,0.208252,1.084961
0.392090,-0.408081,0.988037
-0.454224,0.001099,0.818359
0.514282,-0.168091,1.153564
-0.097778,-0.260498,0.875488
-0.078369,0.237793,1.088379
0.427979,-0.411987,1.008057
-0.457642,0.009644,0.830078
0.488037,-0.138794,1.130127
-0.035645,-0.290527,0.888672
-0.114990,0.240845,1.082275
0.458252,-0.390381,1.024902
-0.435791,-0.048584,0.820679
0.474731,-0.097290,1.161987
0.015259,-0.319946,0.888306
-0.174438,0.265747,1.062500
0.490723,-0.381348,1.053223
-0.440063,-0.084839,0.816162
0.424194,-0.093506,1.145142
0.079102,-0.347412,0.911743
-0.197388,0.244507,1.055908
0.486206,-0.308228,1.071045
-0.451294,-0.095337,0.793457
0.403931,-0.099976,1.145630
0.082153,-0.385986,0.913452
-0.239624,0.241211,1.046387
0.517456,-0.267334,1.095703
-0.415771,-0.080566,0.814819
0.331421,-0.054077,1.118896
0.147705,-0.446289,0.910278
-0.273315,0.180054,1.001099
0.551514,-0.250977,1.130371
-0.389404,-0.114990,0.818726
0.283081,-0.013550,1.114502
0.203247,-0.452271,0.931763
-0.325928,0.121704,0.933716
0.559204,-0.233398,1.143311
-0.340454,-0.172974,0.814331
0.204834,0.065186,1.119873
0.253662,-0.496704,0.927490
-0.349976,0.113281,0.930786
0.567383,-0.230347,1.149658
-0.298950,-0.189453,0.830933
0.134521,0.134766,1.120850
0.307251,-0.452881,0.974487
-0.389648,0.060425,0.901855
0.556152,-0.188477,1.167236
-0.262939,-0.210938,0.841309
0.091431,0.183716,1.125244
0.357300,-0.459473,0.978638
-0.420288,0.071655,0.884888
0.540649,-0.171875,1.170166
-0.183594,-0.268555,0.858398
0.035645,0.217407,1.126587
0.367432,-0.395020,0.982666
-0.434448,0.026001,0.872314
0.557251,-0.195801,1.175903
-0.138062,-0.279175,0.862793
-0.024414,0.236572,1.112793
0.398438,-0.372437,0.996338
-0.435303,-0.000977,0.862793
0.538452,-0.204590,1.166138
-0.047974,-0.355957,0.893066
-0.068237,0.228638,1.105103
0.421875,-0.349121,1.010986
-0.454468,-0.015503,0.839478
0.509644,-0.165771,1.171509
-0.006958,-0.388550,0.877197
-0.101685,0.190796,1.069946
0.436401,-0.315552,1.043945
-0.464844,-0.032471,0.824951
0.486328,-0.133057,1.184204
0.010010,-0.410278,0.869263
-0.146973,0.202393,1.071655
0.471558,-0.285889,1.082886
-0.471802,-0.017334,0.818481
0.451782,-0.113159,1.176147
0.036865,-0.386475,0.903687
-0.220947,0.229736,1.060791
0.508545,-0.298584,1.089966
-0.440796,-0.067383,0.809082
0.416260,-0.057861,1.178223
0.062622,-0.354248,0.895996
-0.276978,0.233398,1.035034
0.540405,-0.322632,1.108765
-0.410889,-0.142700,0.798950
0.346191,-0.007812,1.164062
0.110474,-0.361816,0.918701
-0.297485,0.215088,0.997437
0.551758,-0.286011,1.111206
-0.390015,-0.156250,0.796997
0.302124,-0.005859,1.151123
0.156372,-0.389282,0.926025
-0.331421,0.175415,0.952393
0.551147,-0.255371,1.111938
-0.355103,-0.173462,0.810791
0.229004,0.039673,1.139893
0.225708,-0.439209,0.942139
-0.369507,0.145020,0.919678
0.549194,-0.223877,1.118408
-0.319214,-0.177124,0.829224
0.153809,0.070312,1.103760
0.270020,-0.436401,0.952881
-0.407959,0.099365,0.899658
0.548828,-0.191284,1.143066
-0.285156,-0.210693,0.815918
0.083008,0.122803,1.086670
0.313232,-0.423706,0.968262
-0.434082,0.080078,0.897339
0.540771,-0.193359,1.144531
-0.239502,-0.247314,0.831299
0.022095,0.142334,1.075317
0.341431,-0.382080,0.979492
-0.431763,0.039673,0.858765
0.533447,-0.167480,1.153931
-0.123413,-0.309204,0.840576
-0.051147,0.156250,1.064697
0.364868,-0.381470,0.982178
-0.448120,-0.007080,0.839722
0.516235,-0.148071,1.160156
-0.099609,-0.317139,0.838745
-0.113281,0.176636,1.046265
0.410522,-0.344360,1.017212
-0.469604,-0.037964,0.819824
0.466553,-0.125854,1.152954
-0.060303,-0.341309,0.836548
-0.181641,0.185791,1.027710
0.449463,-0.309448,1.042969
-0.485229,-0.040649,0.795654
0.413940,-0.091064,1.149780
-0.019897,-0.340820,0.861084
-0.253906,0.200317,1.008911
0.483276,-0.312012,1.068359
-0.457153,-0.087280,0.778442
0.346558,-0.034668,1.144287
0.032349,-0.361084,0.870117
-0.318970,0.199341,0.975220
0.519653,-0.338257,1.064819
-0.412842,-0.139771,0.794067
0.273193,0.025024,1.136353
0.068726,-0.347900,0.874756
-0.352295,0.141235,0.920532
0.537354,-0.289307,1.095337
-0.386108,-0.181519,0.787964
0.175415,0.058228,1.105713
0.168945,-0.418335,0.891113
-0.422852,0.123169,0.883301
0.520264,-0.248901,1.093628
-0.352905,-0.203247,0.791382
0.105103,0.082397,1.085205
0.233032,-0.403076,0.913330
-0.466309,0.106689,0.869995
0.518433,-0.200806,1.097778
-0.264404,-0.246826,0.798462
0.005615,0.099121,1.047241
0.295532,-0.410522,0.939575
-0.498779,0.018921,0.801636
0.503296,-0.190186,1.119873
-0.175903,-0.292236,0.805786
-0.085083,0.163574,1.043091
0.354004,-0.387329,0.958496
-0.499756,0.004639,0.801392
0.448853,-0.157227,1.110596
-0.144287,-0.304321,0.797485
-0.164673,0.164185,1.020996
0.401123,-0.336182,0.997314
-0.527832,-0.030151,0.768433
0.405640,-0.141357,1.112061
-0.093384,-0.336426,0.805542
-0.274170,0.180664,0.968628
0.447876,-0.314453,1.023193
-0.495239,-0.081421,0.762695
0.311523,-0.060303,1.113037
-0.013916,-0.362915,0.820679
-0.356934,0.187988,0.924438
0.470825,-0.305664,1.034302
-0.435303,-0.158936,0.759399
0.223999,-0.017578,1.078979
0.072510,-0.367798,0.848511
-0.443237,0.094482,0.859619
0.551880,-0.199097,1.136963
-0.209717,-0.269043,0.840332
0.009033,0.146851,1.081909
0.326172,-0.378296,0.971802
-0.467651,0.013306,0.834839
0.526367,-0.182373,1.142456
-0.102295,-0.343750,0.836426
-0.087158,0.156982,1.047974
0.391113,-0.338135,0.995117
-0.478027,-0.023315,0.807495
0.464844,-0.120239,1.157104
-0.056030,-0.357666,0.827026
-0.193481,0.203857,1.050171
0.453735,-0.308960,1.049072
-0.494629,-0.041382,0.789551
0.380615,-0.086304,1.131714
0.022583,-0.365112,0.870483
-0.284302,0.188232,0.981201
0.491943,-0.272095,1.077759
-0.437012,-0.098755,0.780151
0.273193,-0.025024,1.118530
0.110718,-0.420898,0.884277
-0.350342,0.143188,0.943848
0.502075,-0.259155,1.081299
-0.384033,-0.158203,0.796631
0.173950,0.071655,1.104004
0.194946,-0.397949,0.917114
-0.437256,0.101929,0.886597
0.517090,-0.234741,1.101562
-0.333130,-0.218140,0.786011
0.069824,0.106812,1.080444
0.273071,-0.399414,0.926147
-0.467773,0.072144,0.853760
0.514404,-0.191528,1.110962
-0.198975,-0.304199,0.800049
-0.046753,0.142212,1.048340
0.320190,-0.396973,0.934204
-0.489014,0.007202,0.801514
0.493164,-0.166016,1.129517
-0.147095,-0.339600,0.789062
-0.112793,0.167236,1.035156
0.364746,-0.371948,0.952515
-0.517090,-0.003906,0.785034
0.450684,-0.145142,1.122437
-0.117798,-0.361450,0.781372
-0.203613,0.169434,1.009766
0.411011,-0.349121,0.996460
-0.515991,-0.010742,0.787476
0.379150,-0.113525,1.107056
-0.062012,-0.339722,0.835693
-0.283203,0.178589,0.974609
0.435425,-0.311035,1.029541
-0.493530,-0.049927,0.768799
0.319458,-0.061768,1.102539
-0.002930,-0.360840,0.841797
-0.344482,0.168945,0.939453
0.471436,-0.281250,1.047852
-0.453613,-0.108643,0.755859
0.214966,0.021484,1.094116
0.065063,-0.393799,0.850586
-0.416138,0.144653,0.901123
0.489014,-0.289307,1.060059
-0.399414,-0.211914,0.754883
0.109497,0.090454,1.067627
0.150879,-0.374512,0.887085
-0.476929,0.085205,0.850952
0.487061,-0.283569,1.059814
-0.347778,-0.244995,0.758179
0.034912,0.144653,1.068481
0.232056,-0.403564,0.885864
-0.522949,0.098511,0.814453
0.478516,-0.238037,1.063843
-0.253540,-0.311401,0.751709
-0.045166,0.112671,1.023804
0.266968,-0.381348,0.906250
-0.538818,0.054443,0.789429
0.469238,-0.191406,1.086304
-0.185669,-0.345703,0.753784
-0.163208,0.165649,1.003662
0.333740,-0.402832,0.919067
-0.526001,0.001099,0.773315
0.420898,-0.139160,1.087402
-0.168213,-0.310303,0.755493
-0.256958,0.199219,0.981689
0.395264,-0.397095,0.962769
-0.547241,-0.045044,0.747559
0.368530,-0.119385,1.078613
-0.112183,-0.323975,0.775879
-0.328247,0.202759,0.939819
0.424438,-0.340454,0.984619
-0.540649,-0.082031,0.741089
0.288940,-0.101440,1.060425
-0.044678,-0.379028,0.796021
-0.400391,0.197144,0.892700
0.433716,-0.283081,1.007080
-0.479980,-0.097900,0.754883
0.180054,-0.010376,1.049194
0.046265,-0.406860,0.824463
-0.466553,0.169678,0.870483
0.452026,-0.278320,1.024292
-0.459839,-0.144897,0.746948
0.075439,0.065186,1.025391
0.140625,-0.420776,0.852173
-0.525024,0.113525,0.828857
0.447144,-0.237915,1.032349
-0.351929,-0.215942,0.748291
-0.005615,0.136108,1.035645
0.196167,-0.399658,0.855347
-0.558716,0.086304,0.803101
0.454468,-0.251831,1.023071
-0.268921,-0.293091,0.731689
-0.106201,0.141846,0.979614
0.267090,-0.381104,0.891357
-0.574219,0.048584,0.770264
0.432861,-0.218628,1.050659
-0.206177,-0.342529,0.726440
-0.201904,0.148682,0.960083
0.326782,-0.362915,0.917114
-0.592529,0.047729,0.753662
0.354370,-0.180908,1.026367
-0.133179,-0.371216,0.757202
-0.279907,0.146240,0.927124
0.370483,-0.320923,0.958008
-0.577148,0.005737,0.717041
0.275146,-0.067993,1.029053
-0.071289,-0.362427,0.791992
-0.391602,0.158203,0.901001
0.424805,-0.347656,0.989624
-0.528076,-0.053467,0.718750
0.163208,0.047974,1.028931
-0.019775,-0.348999,0.793579
-0.449829,0.146484,0.871826
0.451660,-0.336670,1.009766
-0.498413,-0.122925,0.708862
0.088013,0.114624,1.028076
0.069092,-0.342651,0.830444
-0.531128,0.173950,0.847168
0.449463,-0.315308,1.001099
-0.426636,-0.201660,0.720337
0.032593,0.131226,1.018433
0.129150,-0.391357,0.821045
-0.547485,0.162964,0.838135
0.433716,-0.223022,1.021851
-0.392578,-0.171631,0.735596
-0.018433,0.093750,0.996704
0.214844,-0.471558,0.853271
-0.600098,0.105103,0.779297
0.419067,-0.172363,1.037354
-0.291748,-0.267090,0.712158
-0.118652,0.182983,0.975952
0.259033,-0.406616,0.886719
-0.584717,0.041016,0.757935
0.411377,-0.177734,1.042969
-0.235962,-0.328491,0.694458
-0.200806,0.190430,0.944580
0.311646,-0.355835,0.907471
-0.593140,0.024048,0.746338
0.380737,-0.173462,1.040894
-0.189941,-0.389648,0.699585
-0.258301,0.166382,0.913574
0.346436,-0.356567,0.908569
-0.581055,0.025635,0.736328
0.333252,-0.132446,1.023071
-0.127075,-0.353638,0.732910
-0.336182,0.183838,0.888306
0.376953,-0.369019,0.919067
-0.573730,-0.009644,0.723389
0.262085,-0.047119,1.022217
-0.101196,-0.358521,0.754517
-0.407715,0.182251,0.873901
0.411133,-0.337646,0.957520
-0.539795,-0.037964,0.712280
0.168701,0.039062,1.020874
-0.022705,-0.398193,0.772217
-0.494507,0.189575,0.832764
0.416992,-0.324829,0.951904
-0.496338,-0.130615,0.706665
0.118530,0.058594,1.023315
0.043579,-0.397705,0.789062
-0.534668,0.214111,0.821289
0.429688,-0.272217,0.975830
-0.433472,-0.140137,0.730713
0.031250,0.082642,1.009644
0.122925,-0.422607,0.815430
-0.583130,0.175537,0.794189
0.440674,-0.223999,1.006348
-0.344604,-0.202026,0.740112
-0.059448,0.138062,0.987305
0.204346,-0.421509,0.859253
-0.593384,0.115479,0.780640
0.418823,-0.181030,1.016968
-0.264771,-0.260742,0.713989
-0.123901,0.190186,0.977783
0.274902,-0.375000,0.887451
-0.612671,0.079590,0.757080
0.377930,-0.165405,1.016113
-0.203003,-0.342285,0.694458
-0.181885,0.169434,0.950073
0.334351,-0.346802,0.912476
-0.632446,0.093384,0.734741
0.336548,-0.159546,0.987183
-0.135986,-0.374146,0.738770
-0.266357,0.138306,0.897095
0.355713,-0.322266,0.922241
-0.591919,0.069702,0.720337
0.296875,-0.090820,0.986450
-0.076660,-0.396973,0.731689
-0.358398,0.165039,0.864868
0.372681,-0.313599,0.937988
-0.562134,-0.030640,0.709839
0.247437,-0.043701,1.007568
-0.051758,-0.397217,0.746826
-0.428467,0.213745,0.855347
0.403076,-0.293945,0.943604
-0.534058,-0.081177,0.707153
0.186890,-0.020508,0.997070
-0.018311,-0.411377,0.763550
-0.469360,0.227905,0.848267
0.421265,-0.271851,0.960815
-0.494019,-0.076416,0.724365
0.120361,0.067627,1.019165
0.046387,-0.420532,0.777954
-0.537354,0.218750,0.831299
0.447388,-0.262329,0.974487
-0.426270,-0.108276,0.747803
0.047852,0.145142,1.023682
0.096069,-0.411743,0.815430
-0.560913,0.167236,0.803589
0.444458,-0.239258,1.001099
-0.361084,-0.171753,0.741211
-0.007568,0.165894,1.013184
0.182129,-0.400024,0.837524
-0.611450,0.176514,0.780518
0.424927,-0.198975,0.997192
-0.270874,-0.233521,0.748169
-0.070068,0.170776,1.000000
0.228271,-0.375122,0.860352
-0.616089,0.139893,0.764282
0.406494,-0.174927,1.003052
-0.199219,-0.284302,0.747314
-0.137207,0.164673,0.956665
0.289917,-0.352661,0.888916
-0.627441,0.115234,0.746582
0.398804,-0.177979,1.004272
-0.126343,-0.369507,0.738892
-0.217896,0.199829,0.930908
0.332031,-0.328613,0.902954
-0.602295,0.074829,0.720581
0.365967,-0.130005,1.005371
-0.102905,-0.368774,0.738770
-0.259155,0.171265,0.887451
0.364990,-0.310425,0.919922
-0.594604,0.057617,0.720215
0.310303,-0.097412,0.997070
-0.054321,-0.388916,0.740356
-0.339111,0.197510,0.875732
0.406860,-0.317261,0.930420
-0.564575,0.011963,0.711304
0.227417,-0.037109,0.981079
-0.003296,-0.411255,0.750732
-0.424683,0.217041,0.846558
0.442261,-0.276611,0.959229
-0.501709,-0.047974,0.733643
0.115967,0.094360,1.008423
0.062866,-0.426880,0.775391
-0.483887,0.167969,0.824341
0.448608,-0.241577,0.983643
-0.403564,-0.100220,0.761719
0.035400,0.181396,1.021606
0.130615,-0.383911,0.813721
-0.569092,0.147583,0.788452
0.437134,-0.225342,0.996948
-0.307373,-0.211426,0.730835
-0.017334,0.219727,1.007080
0.212036,-0.356934,0.837402
-0.617798,0.180542,0.769775
0.438232,-0.242432,0.978516
-0.194092,-0.286255,0.754272
-0.082153,0.198608,0.981079
0.252319,-0.323608,0.876953
-0.622314,0.141724,0.745972
0.434937,-0.197998,1.005127
-0.162720,-0.310425,0.763916
-0.145874,0.157593,0.942993
0.331177,-0.348267,0.907715
-0.613403,0.140259,0.751221
0.370850,-0.117065,1.012085
-0.099487,-0.364868,0.743286
-0.212891,0.172729,0.909058
0.374512,-0.343018,0.925415
-0.588745,0.106934,0.759277
0.330811,-0.090210,0.997803
-0.059937,-0.410278,0.736206
-0.275635,0.151855,0.882080
0.387207,-0.312744,0.937622
-0.564697,0.033813,0.728760
0.290161,-0.036255,1.003662
-0.020020,-0.389771,0.746948
-0.329956,0.157104,0.849487
0.403564,-0.314819,0.934448
-0.549316,-0.026367,0.714600
0.252808,-0.029907,1.005737
0.011719,-0.415283,0.754639
-0.403320,0.205444,0.847412
0.436401,-0.298828,0.944824
-0.501831,-0.067017,0.739136
0.190430,-0.000122,1.006592
0.029907,-0.411621,0.770264
-0.454590,0.207764,0.828369
0.459717,-0.282349,0.974731
-0.459839,-0.064453,0.766724
0.103638,0.074951,1.014893
0.082764,-0.412720,0.795044
-0.507690,0.207031,0.814331
0.463867,-0.252563,0.980591
-0.391846,-0.111694,0.784668
0.026489,0.099121,0.991699
0.157471,-0.428345,0.816895
-0.556274,0.160278,0.769775
0.458984,-0.191528,1.007080
-0.287598,-0.168457,0.786743
-0.052368,0.179810,1.003540
0.238770,-0.425049,0.858276
-0.586060,0.097534,0.754639
0.444946,-0.205688,1.015015
-0.194580,-0.244629,0.781738
-0.122070,0.227905,0.983032
0.303711,-0.369873,0.891479
-0.599365,0.092041,0.743286
0.424194,-0.194458,1.014771
-0.116455,-0.344482,0.782104
-0.183350,0.188721,0.940552
0.336060,-0.340820,0.906006
-0.579834,0.081177,0.750000
0.378418,-0.152954,1.007080
-0.046265,-0.394165,0.777588
-0.260132,0.184692,0.891602
0.374146,-0.310425,0.928955
-0.552856,0.006958,0.739868
0.315796,-0.084961,1.007812
-0.014160,-0.411743,0.772339
-0.319458,0.172485,0.864258
0.411011,-0.311768,0.934448
-0.517334,-0.005981,0.739258
0.250854,-0.029175,1.005615
0.026855,-0.431152,0.766357
-0.377319,0.153320,0.840210
0.436890,-0.318359,0.963623
-0.496582,-0.064819,0.749756
0.174316,0.019897,1.001343
0.076172,-0.434326,0.770874
-0.443726,0.185913,0.804443
0.443970,-0.261841,0.973267
-0.438843,-0.143677,0.754028
0.113159,0.027588,0.996460
0.098633,-0.410645,0.799561
-0.507202,0.160645,0.773804
0.469849,-0.258301,0.997803
-0.383057,-0.162354,0.748169
0.041138,0.127808,1.015503
0.163818,-0.445068,0.804443
-0.538330,0.115601,0.754639
0.466797,-0.255981,0.994751
-0.296509,-0.215820,0.765137
-0.057617,0.200928,1.017090
0.241211,-0.440552,0.838501
-0.551636,0.088379,0.758423
0.455811,-0.244385,1.003174
-0.230347,-0.228394,0.782715
-0.106445,0.237915,1.004761
0.302856,-0.396240,0.887817
-0.574219,0.060791,0.741943
0.418823,-0.220581,1.012817
-0.131592,-0.307007,0.799561
-0.170654,0.224976,0.963623
0.338623,-0.356201,0.921021
-0.569702,0.085571,0.762817
0.397949,-0.176392,1.019043
-0.062500,-0.369629,0.788574
-0.233765,0.203125,0.942139
0.375732,-0.357910,0.936279
-0.538940,0.002075,0.755737
0.339600,-0.095093,1.018433
-0.027344,-0.396484,0.773193
-0.272339,0.124756,0.879761
0.410645,-0.395264,0.941284
-0.525635,-0.069092,0.720459
0.276978,-0.073608,0.981812
0.026733,-0.401367,0.758545
-0.345459,0.180176,0.863892
0.434204,-0.343262,0.953613
-0.469971,-0.149292,0.737915
0.208618,-0.024902,1.015381
0.040161,-0.420044,0.763916
-0.420166,0.152588,0.804443
0.478394,-0.314331,0.991211
-0.444702,-0.176270,0.738159
0.099609,0.030029,0.984863
0.125366,-0.470093,0.783691
-0.438599,0.101562,0.796387
0.458618,-0.258911,0.998535
-0.381836,-0.173706,0.757446
0.015991,0.115723,1.006226
0.195801,-0.495850,0.806641
-0.494751,0.066528,0.767456
0.462646,-0.250977,1.006592
-0.304443,-0.205444,0.767944
-0.068359,0.180176,1.003418
0.280273,-0.474731,0.869507
-0.526855,0.034912,0.755737
0.448730,-0.226318,1.029297
-0.184204,-0.237183,0.804932
-0.161255,0.226318,0.987305
0.333862,-0.425537,0.920044
-0.549438,0.018799,0.769653
0.399536,-0.165649,1.035034
-0.073120,-0.346069,0.808594
-0.209106,0.210327,0.961792
0.387085,-0.377808,0.950317
-0.558472,-0.021362,0.727783
0.339111,-0.153809,0.997925
0.028931,-0.434937,0.815186
-0.255615,0.163452,0.917236
0.419800,-0.314087,0.981201
-0.535034,-0.047241,0.735474
0.248779,-0.082153,0.987793
0.082031,-0.490723,0.796509
-0.309326,0.114014,0.871704
0.440552,-0.281128,0.993896
-0.491699,-0.083740,0.738770
0.198242,-0.022095,1.002563
0.092285,-0.459839,0.791138
-0.388062,0.105469,0.847290
0.481689,-0.325195,1.005615
-0.435425,-0.130981,0.766235
0.110840,0.060303,1.005615
0.135620,-0.442261,0.812256
-0.450317,0.082764,0.808716
0.501831,-0.317505,1.036133
-0.388916,-0.198730,0.752930
0.034790,0.140991,1.031006
0.217896,-0.464844,0.833740
-0.480347,0.043579,0.781494
0.499390,-0.295776,1.047119
-0.318359,-0.227417,0.759888
-0.044922,0.191040,1.009888
0.278320,-0.423462,0.877441
-0.489624,-0.023071,0.760010
0.455566,-0.247192,1.049316
-0.214966,-0.251221,0.802246
-0.102661,0.216797,1.009888
0.320801,-0.410400,0.906738
-0.545288,0.040283,0.762817
0.437256,-0.256348,1.034058
-0.107910,-0.334229,0.827148
-0.146851,0.191406,0.993042
0.346313,-0.354858,0.943970
-0.533936,0.041504,0.780273
0.406738,-0.202271,1.039185
-0.025269,-0.359497,0.841309
-0.186035,0.158203,0.972290
0.387939,-0.358398,0.957153
-0.517944,0.007568,0.761597
0.356567,-0.161377,1.015137
0.031860,-0.401123,0.846924
-0.225220,0.134399,0.945679
0.414185,-0.332642,0.984619
-0.497192,-0.025757,0.765015
0.311279,-0.078613,1.033813
0.064331,-0.441284,0.820068
-0.272705,0.111938,0.913452
0.447510,-0.329712,0.999512
-0.481689,-0.096680,0.754517
0.269897,-0.056519,1.041260
0.084839,-0.442505,0.804077
-0.331543,0.140991,0.900391
0.486084,-0.337646,1.010986
-0.458374,-0.116699,0.756348
0.196899,-0.034058,1.016357
0.123657,-0.449219,0.833740
-0.374390,0.124023,0.861938
0.499878,-0.294189,1.036987
-0.414307,-0.166870,0.755493
0.125854,0.026001,1.023682
0.202393,-0.494751,0.842163
-0.415283,0.094360,0.834595
0.500366,-0.263306,1.044067
-0.344116,-0.192749,0.776367
0.033813,0.105957,1.024780
0.277466,-0.508179,0.872192
-0.462280,0.015137,0.782349
0.493774,-0.250854,1.059326
-0.266724,-0.217163,0.799927
-0.038696,0.177246,1.038452
0.331299,-0.459839,0.922119
-0.503052,0.018799,0.775513
0.467651,-0.212402,1.076904
-0.152588,-0.278809,0.818970
-0.105835,0.218506,1.042725
0.395630,-0.417114,0.959717
-0.522339,0.023071,0.784058
0.412720,-0.184570,1.056274
-0.009888,-0.407227,0.846924
-0.167603,0.159668,1.004150
0.403320,-0.349243,0.984131
-0.484985,-0.037842,0.766357
0.373901,-0.104980,1.076660
0.066650,-0.425171,0.854858
-0.243286,0.160889,0.978882
0.460815,-0.320679,1.029785
-0.459839,-0.072510,0.763184
0.290894,-0.047119,1.058228
0.111816,-0.438965,0.861084
-0.308472,0.154419,0.955200
0.500122,-0.321167,1.056763
-0.425903,-0.128418,0.760376
0.214966,0.038818,1.062134
0.151367,-0.398804,0.880737
-0.358643,0.114746,0.925293
0.525635,-0.341675,1.066895
-0.399902,-0.162354,0.781006
0.162720,0.094971,1.068848
0.201294,-0.426880,0.882080
-0.398193,0.062622,0.861938
0.537109,-0.302124,1.094727
-0.324219,-0.258179,0.777710
0.102661,0.109497,1.061890
0.261230,-0.435547,0.905396
-0.433350,0.068848,0.838623
0.527344,-0.263184,1.085327
-0.275024,-0.248535,0.807495
0.047119,0.124390,1.060303
0.316650,-0.463379,0.922485
-0.467529,0.081055,0.818115
0.513794,-0.230103,1.092529
-0.211548,-0.255615,0.826416
-0.014282,0.169678,1.060913
0.352051,-0.436401,0.951660
-0.462891,0.022095,0.813843
0.499390,-0.201538,1.097900
-0.169434,-0.254395,0.844849
-0.088745,0.213257,1.065552
0.401611,-0.449585,0.973877
-0.467163,-0.012451,0.819702
0.467773,-0.136230,1.118652
-0.099609,-0.259766,0.860107
-0.111328,0.201538,1.054321
0.422729,-0.406128,1.001587
-0.469604,-0.077271,0.784302
0.461548,-0.130981,1.140991
-0.000488,-0.318115,0.884399
-0.189331,0.247803,1.036865
0.469116,-0.356445,1.023071
-0.447754,-0.067993,0.808105
0.396240,-0.110474,1.120483
0.076172,-0.393311,0.878418
-0.222168,0.224243,1.013916
0.504517,-0.328735,1.055054
-0.441406,-0.097412,0.798462
0.333496,-0.076172,1.099731
0.108643,-0.426880,0.879272
-0.287109,0.174683,0.965698
0.539551,-0.278320,1.096069
-0.401489,-0.128784,0.794800
0.230103,0.033936,1.097168
0.180420,-0.456909,0.893066
-0.326782,0.098877,0.929443
0.552002,-0.269409,1.121338
-0.363403,-0.180664,0.777100
0.182251,0.098877,1.104370
0.263428,-0.444702,0.941650
-0.408936,0.091553,0.884644
0.560181,-0.294922,1.115356
-0.287842,-0.243774,0.814331
0.113159,0.148560,1.103394
0.306763,-0.426270,0.953857
-0.434570,0.078979,0.853638
0.561523,-0.240967,1.128174
-0.238525,-0.218506,0.849487
0.037476,0.171753,1.099854
0.361694,-0.419922,0.983032
-0.438965,0.046997,0.839355
0.519531,-0.166870,1.141724
-0.186035,-0.240967,0.853882
-0.011597,0.186768,1.094849
0.421387,-0.450317,0.992798
-0.467041,0.035278,0.834473
0.504395,-0.163330,1.136963
-0.098877,-0.244263,0.883667
-0.083740,0.237061,1.083740
0.438477,-0.394043,1.013306
-0.445068,-0.039307,0.836548
0.475952,-0.113037,1.161987
-0.006836,-0.320557,0.893433
-0.129517,0.228027,1.070190
0.457397,-0.344482,1.038452
-0.446655,-0.073853,0.819580
0.440796,-0.138672,1.138306
0.062622,-0.366699,0.904663
-0.193726,0.245361,1.059082
0.493164,-0.315308,1.066772
-0.426147,-0.074097,0.813232
0.380371,-0.071533,1.129517
0.081787,-0.393311,0.908447
-0.234863,0.191895,1.035400
0.514771,-0.262451,1.112427
-0.417358,-0.088745,0.810303
0.324585,-0.042114,1.131592
0.145752,-0.436890,0.916016
-0.302979,0.177124,0.990234
0.567993,-0.257690,1.141968
-0.356079,-0.137817,0.825684
0.234863,0.060059,1.127319
0.190308,-0.408691,0.940796
-0.323364,0.068481,0.937500
0.591675,-0.302002,1.148682
-0.320801,-0.213745,0.822754
0.177612,0.131592,1.122437
0.265015,-0.390503,0.947510
-0.374268,0.099609,0.885864
0.560425,-0.240356,1.147705
-0.267212,-0.272827,0.835449
0.130737,0.096802,1.112793
0.300903,-0.435059,0.961304
-0.412842,0.118408,0.880859
0.585693,-0.214355,1.148926
-0.225464,-0.220337,0.864502
0.075806,0.153076,1.109985
0.337891,-0.410400,0.984863
-0.420288,0.083008,0.888672
0.552734,-0.170654,1.160156
-0.180786,-0.238159,0.867188
0.023560,0.190308,1.112671
0.392700,-0.413818,1.011963
-0.431396,0.043945,0.868286
0.531982,-0.146118,1.164429
-0.145874,-0.263306,0.872925
-0.024048,0.204224,1.100952
0.426392,-0.382568,1.031738
-0.444824,-0.009521,0.831055
0.530273,-0.120972,1.177246
-0.042969,-0.295776,0.882446
-0.091553,0.234985,1.097534
0.452759,-0.375000,1.038208
-0.449707,-0.032227,0.840332
0.497925,-0.132812,1.173462
0.017944,-0.323975,0.897827
-0.157104,0.243286,1.078003
0.493530,-0.339355,1.068359
-0.442139,-0.056274,0.835693
0.429077,-0.067261,1.175537
0.032227,-0.350464,0.907227
-0.197754,0.221558,1.056152
0.525146,-0.285889,1.109131
-0.416992,-0.085938,0.823242
0.358276,-0.016724,1.161987
0.115723,-0.384888,0.928711
-0.265869,0.189453,1.007324
0.543457,-0.248291,1.123535
-0.374390,-0.147217,0.825439
0.283813,0.014893,1.141968
0.206421,-0.419922,0.938354
-0.327026,0.138672,0.947266
0.552368,-0.240723,1.126709
-0.321167,-0.181396,0.833862
0.191650,0.068848,1.129517
0.272827,-0.437866,0.958618
-0.403564,0.114502,0.911255
0.573242,-0.200073,1.169189
-0.249023,-0.236572,0.834595
0.074707,0.130981,1.097412
0.333984,-0.418091,0.989502
-0.415771,0.065186,0.889038
0.499023,-0.122803,1.156128
-0.188477,-0.243042,0.854980
-0.149902,0.266602,1.075195
0.408447,-0.401123,1.018555
-0.443481,-0.065918,0.823486
0.428833,-0.100952,1.138794
0.052612,-0.372070,0.890137
-0.177612,0.193604,1.042114
0.513428,-0.297363,1.093384
-0.416870,-0.104614,0.809082
0.366699,-0.014771,1.155762
0.085815,-0.376343,0.904297
-0.259155,0.193970,1.020630
0.548096,-0.291138,1.128174
-0.381104,-0.163208,0.807007
0.289551,0.018921,1.139160
0.176636,-0.402344,0.928345
-0.324951,0.166992,0.973022
0.554932,-0.271240,1.119995
-0.328125,-0.194092,0.828369
0.212402,0.053467,1.120850
0.254395,-0.407837,0.956421
-0.379272,0.102783,0.892944
0.561035,-0.224976,1.137329
-0.247803,-0.220947,0.864868
0.120239,0.114868,1.113770
0.317261,-0.425781,0.982300
-0.418701,0.067017,0.866699
0.545532,-0.198730,1.148193
-0.182861,-0.244995,0.860718
0.032471,0.189087,1.119141
0.380981,-0.394775,1.004028
-0.454224,0.059937,0.844360
0.539429,-0.169189,1.163330
-0.094360,-0.273071,0.900391
-0.052856,0.193359,1.080688
0.406006,-0.337280,1.028687
-0.433594,-0.019531,0.847046
0.522583,-0.165771,1.160645
-0.000122,-0.337646,0.894653
-0.115967,0.202148,1.067871
0.453857,-0.299561,1.072144
-0.442627,-0.044434,0.826660
0.470459,-0.108765,1.176025
0.031982,-0.380859,0.885864
-0.163818,0.209717,1.068481
0.499023,-0.308105,1.075928
-0.442749,-0.021118,0.827759
0.407104,-0.072998,1.153076
0.079468,-0.363647,0.919312
-0.240967,0.197754,1.041870
0.532104,-0.242554,1.136963
-0.414062,-0.093628,0.813110
0.335938,-0.012695,1.153931
0.163574,-0.417358,0.932007
-0.323853,0.215332,1.003296
0.561646,-0.273193,1.129517
-0.347656,-0.135010,0.832031
0.237549,0.086182,1.134766
0.230347,-0.419800,0.948242
-0.352295,0.101929,0.931396
0.563721,-0.251343,1.148071
-0.297119,-0.227783,0.824219
0.156738,0.153931,1.135742
0.289917,-0.403320,0.961792
-0.404663,0.091919,0.896606
0.572754,-0.240723,1.153198
-0.234985,-0.272949,0.836182
0.075928,0.150024,1.112915
0.327148,-0.375732,0.981445
-0.440308,0.073120,0.856201
0.579834,-0.221191,1.170532
-0.157837,-0.282104,0.873901
-0.009521,0.187500,1.102051
0.379272,-0.400879,0.999268
-0.447876,0.046631,0.873901
0.525757,-0.161865,1.155396
-0.072632,-0.328735,0.883057
-0.053223,0.183105,1.087280
0.431152,-0.356934,1.024292
-0.446411,-0.011719,0.845825
0.479614,-0.104736,1.176514
-0.026123,-0.376099,0.862183
-0.111328,0.169189,1.070679
0.459717,-0.310425,1.066406
-0.470703,-0.021851,0.814819
0.462646,-0.086914,1.176880
0.006226,-0.324829,0.893799
-0.209839,0.214355,1.060425
0.512817,-0.304565,1.094849
-0.444092,-0.073120,0.814453
0.382690,-0.042114,1.165161
0.064941,-0.383423,0.900146
-0.261475,0.171631,0.994019
0.531982,-0.270386,1.115234
-0.403442,-0.102417,0.814209
0.312378,0.005615,1.155640
0.131348,-0.407959,0.915161
-0.323242,0.129761,0.951172
0.559204,-0.263550,1.133667
-0.373779,-0.156372,0.798828
0.232666,0.087646,1.145996
0.198730,-0.409668,0.921143
-0.359497,0.111816,0.936035
0.556152,-0.256470,1.136719
-0.334473,-0.211426,0.806641
0.164917,0.094360,1.117065
0.257690,-0.424561,0.941162
-0.391968,0.107422,0.911987
0.543457,-0.202759,1.139160
-0.282593,-0.230835,0.815308
0.093994,0.131226,1.101440
0.286865,-0.399780,0.969238
-0.432739,0.044067,0.863403
0.555664,-0.222778,1.149536
-0.205688,-0.267090,0.855713
0.019287,0.208496,1.094482
0.301147,-0.367920,0.946045
-0.436401,0.016235,0.856934
0.559692,-0.236328,1.152344
-0.130127,-0.316772,0.869141
-0.042114,0.198853,1.074463
0.343750,-0.359375,0.965576
-0.457153,-0.011719,0.834595
0.530273,-0.214355,1.157104
-0.087158,-0.343018,0.862305
-0.087402,0.167358,1.040771
0.380371,-0.349487,0.967773
-0.464355,-0.009521,0.812134
0.488525,-0.152954,1.153198
-0.062622,-0.354858,0.846558
-0.151001,0.163574,1.040283
0.423462,-0.353149,1.008911
-0.487793,-0.019653,0.809082
0.450684,-0.098267,1.150757
-0.028076,-0.333740,0.848511
-0.226440,0.215454,1.028931
0.455811,-0.323120,1.039795
-0.471558,-0.079224,0.796387
0.400146,-0.083130,1.146484
-0.004517,-0.346069,0.851562
-0.285767,0.217285,1.000366
0.497192,-0.312988,1.069946
-0.449951,-0.119507,0.784546
0.326050,-0.048950,1.140381
0.049927,-0.365356,0.866577
-0.318604,0.183472,0.955444
0.510986,-0.280029,1.076538
-0.407104,-0.162476,0.775391
0.244873,-0.016724,1.125854
0.099243,-0.391968,0.875122
-0.384399,0.142944,0.917358
0.538940,-0.274536,1.093384
-0.368164,-0.153442,0.797607
0.135864,0.087158,1.089111
0.197021,-0.417114,0.908936
-0.413818,0.087158,0.881836
0.517212,-0.242432,1.093262
-0.332764,-0.200317,0.793701
0.059814,0.124146,1.076294
0.257080,-0.388062,0.918091
-0.464355,0.053711,0.844238
0.518799,-0.222778,1.111450
-0.214722,-0.301025,0.801147
-0.024292,0.136353,1.056274
0.307373,-0.364746,0.945557
-0.493530,0.040161,0.813110
0.498657,-0.216797,1.106079
-0.153442,-0.351807,0.794067
-0.101562,0.124023,1.027344
0.360352,-0.349731,0.963257
-0.514038,0.003906,0.770386
0.445190,-0.161499,1.106934
-0.111572,-0.351685,0.794189
-0.186768,0.171021,1.016968
0.405029,-0.344482,1.000122
-0.535400,-0.015015,0.774292
0.387329,-0.118652,1.108643
-0.062622,-0.338379,0.828003
-0.282959,0.193604,0.973267
0.444580,-0.291626,1.044189
-0.501587,-0.085938,0.749268
0.310425,-0.073608,1.103271
-0.006714,-0.347412,0.843750
-0.370850,0.176147,0.926392
0.495361,-0.323730,1.053711
-0.443604,-0.137451,0.751221
0.208252,0.029541,1.089722
0.078369,-0.384888,0.854004
-0.421509,0.132690,0.885376
0.486206,-0.254272,1.070801
-0.393311,-0.191895,0.763062
0.097900,0.076782,1.064941
0.160889,-0.400391,0.872314
-0.486694,0.112427,0.844482
0.491333,-0.270142,1.059814
-0.310547,-0.279907,0.767822
0.017334,0.121338,1.046875
0.213379,-0.381104,0.874146
-0.517700,0.073242,0.807251
0.494141,-0.250977,1.072998
-0.222412,-0.319702,0.775391
-0.077637,0.141357,1.005737
0.268311,-0.375854,0.898315
-0.530029,0.024292,0.787354
0.477539,-0.219116,1.086792
-0.187012,-0.330933,0.770020
-0.165649,0.145020,0.984985
0.335571,-0.385376,0.926880
-0.542114,0.016479,0.766724
0.422485,-0.175415,1.078735
-0.147583,-0.312988,0.786255
-0.241333,0.161011,0.970093
0.392456,-0.357544,0.978271
-0.557617,-0.007812,0.752930
0.348511,-0.108521,1.082886
-0.096191,-0.353882,0.794189
-0.315186,0.165283,0.939087
0.416138,-0.330811,0.991943
-0.528198,-0.059692,0.740967
0.258179,-0.031738,1.070923
-0.026733,-0.363770,0.810791
-0.394409,0.155396,0.890625
0.435059,-0.285034,1.026733
-0.480347,-0.148438,0.720947
0.177246,0.012207,1.051392
0.062988,-0.397949,0.826416
-0.478882,0.164185,0.869629
0.460815,-0.261597,1.035400
-0.420532,-0.187134,0.746826
0.065918,0.072510,1.034302
0.130371,-0.398926,0.855103
-0.518677,0.093628,0.809082
0.459839,-0.221436,1.048096
-0.316772,-0.264282,0.738647
-0.038574,0.133667,1.019775
0.232056,-0.407227,0.875122
-0.553467,0.077026,0.793823
0.431641,-0.204468,1.043579
-0.232666,-0.321289,0.729736
-0.145386,0.139282,0.982544
0.306763,-0.401123,0.903809
-0.582764,0.025513,0.749756
0.391113,-0.155762,1.054688
-0.163696,-0.351685,0.738037
-0.249146,0.170898,0.960205
0.358765,-0.356445,0.945190
-0.577271,-0.027832,0.729248
0.311279,-0.101440,1.048950
-0.097534,-0.395508,0.759155
-0.367188,0.190552,0.916504
0.405273,-0.317749,0.977539
-0.521973,-0.032715,0.727173
0.195557,-0.007080,1.036133
0.001587,-0.378784,0.802490
-0.457764,0.148438,0.867065
0.426147,-0.281494,1.009277
-0.472290,-0.132568,0.715088
0.072876,0.095215,1.015991
0.098022,-0.377075,0.831055
-0.530640,0.092651,0.811523
0.453613,-0.270264,1.034912
-0.359497,-0.265381,0.712891
-0.024292,0.151489,1.009399
0.181030,-0.378784,0.845947
-0.585938,0.082153,0.764526
0.446045,-0.269897,1.027954
-0.246338,-0.356567,0.719238
-0.105957,0.135132,0.960938
0.252563,-0.359131,0.879028
-0.591309,0.086060,0.752441
0.414917,-0.226685,1.019043
-0.203857,-0.367798,0.715820
-0.186401,0.141724,0.968628
0.302124,-0.376465,0.891968
-0.600220,0.064941,0.745361
0.354126,-0.147583,1.026489
-0.149414,-0.368774,0.739502
-0.274048,0.146484,0.919556
0.343628,-0.356567,0.925171
-0.590820,0.019287,0.740601
0.300903,-0.091797,1.022949
-0.121582,-0.327026,0.772583
-0.352051,0.143799,0.893433
0.378174,-0.349731,0.950439
-0.562500,-0.048218,0.709961
0.231567,-0.030640,1.033813
-0.066528,-0.376709,0.760620
-0.432251,0.205078,0.884399
0.415161,-0.307983,0.966431
-0.537964,-0.085083,0.716553
0.135376,0.017700,1.000732
0.028320,-0.412354,0.791260
-0.502930,0.188232,0.846558
0.427002,-0.251221,1.007568
-0.454102,-0.154907,0.713745
0.043091,0.106201,1.023926
0.114136,-0.418335,0.819580
-0.560669,0.183105,0.835815
0.442139,-0.258545,0.999756
-0.360474,-0.239502,0.719360
-0.048340,0.171387,0.999268
0.197998,-0.397583,0.851685
-0.592041,0.107666,0.784180
0.411621,-0.212524,1.019653
-0.254761,-0.320557,0.711304
-0.126587,0.177490,0.972412
0.250854,-0.367798,0.874023
-0.609863,0.073242,0.742676
0.404785,-0.183716,1.026123
-0.201416,-0.332397,0.723755
-0.226318,0.193481,0.946045
0.323853,-0.375122,0.905273
-0.606567,0.031494,0.728760
0.348389,-0.136719,1.022461
-0.140503,-0.372803,0.708374
-0.308838,0.210449,0.911133
0.376831,-0.339966,0.926392
-0.589722,-0.004639,0.716797
0.232178,-0.085327,0.995361
-0.085205,-0.413574,0.736816
-0.388306,0.185425,0.879761
0.403198,-0.279053,0.964722
-0.541382,-0.025757,0.716553
0.121582,0.037231,1.000610
0.035034,-0.384399,0.813477
-0.511108,0.145020,0.825317
0.401367,-0.252319,0.984131
-0.433838,-0.147827,0.710693
0.046387,0.153076,1.022217
0.143188,-0.385742,0.825317
-0.589600,0.152588,0.803223
0.422729,-0.250488,0.985840
-0.306274,-0.284912,0.709595
-0.066162,0.164673,0.985596
0.244385,-0.368164,0.876709
-0.599854,0.121338,0.776001
0.383423,-0.176514,1.002197
-0.204224,-0.346558,0.716309
-0.179199,0.160522,0.945068
0.309082,-0.349487,0.902832
-0.620972,0.085815,0.737549
0.348267,-0.150879,1.008667
-0.120972,-0.394043,0.715088
-0.285034,0.196899,0.911987
0.357666,-0.329346,0.909912
-0.595459,0.040771,0.716919
0.295898,-0.083130,1.006348
-0.063110,-0.392334,0.737793
-0.390625,0.182983,0.853516
0.398682,-0.313965,0.944336
-0.552856,-0.028320,0.713013
0.180664,0.022705,1.005493
0.018677,-0.391235,0.784546
-0.493164,0.196045,0.839478
0.410278,-0.257080,0.972046
-0.484863,-0.077148,0.724976
0.096069,0.087036,1.011963
0.094482,-0.407593,0.811646
-0.548096,0.194824,0.826172
0.428467,-0.234863,0.983276
-0.393555,-0.134277,0.731445
0.007202,0.173340,1.013184
0.163452,-0.379272,0.838135
-0.578247,0.162842,0.807861
0.435181,-0.208496,1.008179
-0.300049,-0.227295,0.719116
-0.062500,0.168823,0.986328
0.234863,-0.369629,0.861572
-0.622314,0.155518,0.779175
0.417847,-0.213379,1.004028
-0.189453,-0.338623,0.739502
-0.138306,0.175659,0.963867
0.282104,-0.332520,0.889648
-0.621582,0.117554,0.740234
0.417358,-0.171875,1.010864
-0.139771,-0.365967,0.730103
-0.224487,0.200562,0.927612
0.345093,-0.338745,0.908569
-0.603516,0.074219,0.724976
0.328003,-0.129639,0.984619
-0.079956,-0.401367,0.740601
-0.274658,0.168213,0.905273
0.366699,-0.293701,0.930542
-0.603149,0.045288,0.707275
0.275146,-0.059448,0.979126
-0.041382,-0.391357,0.751831
-0.348145,0.153320,0.863647
0.401855,-0.285522,0.957397
-0.586060,-0.008057,0.691895
0.201294,-0.021484,0.979370
0.011963,-0.412720,0.762695
-0.407715,0.210327,0.856689
0.433838,-0.269653,0.968872
-0.517334,-0.019165,0.739990
0.123657,0.056396,0.989258
0.036011,-0.419800,0.766724
-0.473511,0.225220,0.861938
0.463623,-0.272095,0.975342
-0.452393,-0.049072,0.777832
0.052002,0.111572,0.985962
0.081299,-0.410278,0.792480
-0.510376,0.169556,0.817139
0.466919,-0.219482,1.006958
-0.416626,-0.067749,0.762817
0.020630,0.161987,1.007812
0.143066,-0.419067,0.816406
-0.561768,0.142822,0.777344
0.461670,-0.212036,1.008789
-0.356934,-0.135864,0.754517
-0.019897,0.215332,1.014893
0.197632,-0.389160,0.847412
-0.574829,0.132080,0.772095
0.451050,-0.222168,1.019165
-0.306030,-0.197388,0.733887
-0.045898,0.225098,1.006104
0.233643,-0.370483,0.857910
-0.592651,0.135620,0.771362
0.468384,-0.227783,1.018188
-0.229004,-0.250977,0.758667
-0.109131,0.218018,0.973022
0.251587,-0.346558,0.867554
-0.605957,0.135864,0.752319
0.465088,-0.205322,1.026367
-0.164673,-0.295166,0.760498
-0.156616,0.227051,0.947876
0.286133,-0.342773,0.875244
-0.588623,0.077393,0.752808
0.429321,-0.193481,1.029175
-0.136597,-0.340210,0.757202
-0.201660,0.219849,0.934204
0.329834,-0.343994,0.892578
-0.568359,0.069092,0.764160
0.390625,-0.114868,1.031128
-0.093750,-0.348389,0.757690
-0.248535,0.181152,0.885742
0.370850,-0.340576,0.910156
-0.575073,0.055786,0.742188
0.346802,-0.095215,1.012573
-0.030029,-0.397583,0.759766
-0.294556,0.210449,0.880859
0.378052,-0.322266,0.913452
-0.563965,0.004395,0.732300
0.310181,-0.108765,0.983398
-0.011353,-0.414673,0.759644
-0.339722,0.185913,0.854736
0.411865,-0.295776,0.947510
-0.531860,-0.044189,0.716553
0.236206,-0.014038,0.987793
0.018311,-0.416138,0.758423
-0.369385,0.167847,0.839600
0.438843,-0.309448,0.952759
-0.514282,-0.045166,0.735352
0.170532,0.013794,0.991455
0.035400,-0.429199,0.767944
-0.396484,0.145874,0.831909
0.445557,-0.264160,0.970459
-0.491943,-0.053711,0.744019
0.142578,0.036865,1.007935
0.072754,-0.433960,0.779297
-0.470825,0.166748,0.809570
0.466431,-0.265137,0.996460
-0.436157,-0.096436,0.770630
0.060425,0.083374,1.005615
0.126831,-0.444458,0.789185
-0.523315,0.139282,0.776245
0.465820,-0.208008,1.006470
-0.347656,-0.159546,0.757690
-0.006958,0.177856,1.013184
0.200562,-0.448120,0.825562
-0.560425,0.127930,0.752197
0.457886,-0.206177,1.011841
-0.274292,-0.179321,0.782227
-0.075562,0.210449,0.997559
0.270508,-0.433105,0.870361
-0.573486,0.079590,0.753662
0.445679,-0.224365,1.013672
-0.209961,-0.255981,0.770386
-0.129150,0.224976,0.972900
0.312622,-0.376221,0.896973
-0.574219,0.072021,0.767578
0.413452,-0.187866,1.013184
-0.118286,-0.309937,0.782593
-0.165405,0.180054,0.939087
0.329346,-0.343750,0.908813
-0.579590,0.071533,0.759155
0.397583,-0.184814,1.006592
-0.057861,-0.358032,0.798218
-0.216675,0.162964,0.913452
0.345703,-0.297729,0.939331
-0.567993,0.020264,0.723145
0.362061,-0.162109,0.996582
-0.012695,-0.409546,0.789429
-0.260010,0.180054,0.904663
0.387573,-0.316528,0.938477
-0.552612,-0.000122,0.732910
0.308716,-0.118042,0.986694
0.021851,-0.446777,0.773560
-0.294800,0.168091,0.887695
0.410156,-0.300293,0.958496
-0.547974,-0.044067,0.716187
0.260742,-0.082886,0.990234
0.060547,-0.470337,0.779785
-0.352783,0.163452,0.857544
0.432007,-0.285278,0.959229
-0.514038,-0.054810,0.737793
0.202148,-0.047363,0.989502
0.073608,-0.478027,0.777588
-0.397705,0.114746,0.821655
0.455078,-0.289795,0.979614
-0.481812,-0.087280,0.745117
0.153931,0.031982,1.017212
0.081421,-0.435669,0.787598
-0.427368,0.104980,0.803955
0.462280,-0.268066,1.004395
-0.449341,-0.126221,0.740234
0.098999,0.064575,1.005005
0.139893,-0.471558,0.799805
-0.469116,0.096924,0.786865
0.479736,-0.257935,1.005737
-0.398926,-0.151001,0.752319
0.015381,0.158081,1.018921
0.215088,-0.487671,0.830444
-0.507080,0.058716,0.777466
0.467407,-0.242432,1.023682
-0.330933,-0.162964,0.771729
-0.050171,0.186523,1.012329
0.254272,-0.466553,0.862671
-0.535400,0.004272,0.731934
0.460693,-0.235107,1.034668
-0.262085,-0.205811,0.770142
-0.081299,0.218140,1.015137
0.299072,-0.398193,0.907593
-0.556396,0.027344,0.747925
0.423706,-0.227539,1.021240
-0.148560,-0.298584,0.800293
-0.145630,0.218140,0.990112
0.315796,-0.366821,0.918823
-0.550659,0.012573,0.759033
0.410645,-0.225098,1.031860
-0.082642,-0.348999,0.809204
-0.178467,0.191650,0.970459
0.357544,-0.330200,0.936523
-0.545776,0.000732,0.745728
0.379761,-0.173950,1.031128
-0.009521,-0.406006,0.809326
-0.245483,0.182129,0.932495
0.397583,-0.359009,0.950317
-0.536377,-0.047729,0.729248
0.329956,-0.121338,1.020508
0.024414,-0.462158,0.778076
-0.281860,0.150391,0.908447
0.431763,-0.354492,0.962769
-0.508667,-0.055786,0.733276
0.252441,-0.075806,0.994873
0.067505,-0.437256,0.807495
-0.326782,0.105225,0.863525
0.466797,-0.360962,0.979736
-0.494995,-0.073242,0.738647
0.201294,-0.026855,1.011597
0.111572,-0.482056,0.807739
-0.376099,0.119141,0.853882
0.467529,-0.322510,0.986328
-0.445679,-0.108521,0.759399
0.156494,0.010864,1.017334
0.127563,-0.454590,0.821045
-0.418701,0.085571,0.826172
0.483765,-0.304810,1.014648
-0.415283,-0.182007,0.739990
0.089233,0.066284,1.019043
0.183716,-0.509277,0.820679
-0.455322,0.096558,0.812134
0.480347,-0.276978,1.031982
-0.367188,-0.201904,0.751343
0.041870,0.103027,1.022583
0.244873,-0.476196,0.867065
-0.475952,0.049316,0.784424
0.484497,-0.293823,1.019165
-0.324219,-0.217529,0.769043
-0.007324,0.143066,1.021973
0.289551,-0.479370,0.888184
-0.483032,0.016357,0.762085
0.467163,-0.224976,1.049438
-0.268188,-0.260986,0.759399
-0.053223,0.167603,1.026001
0.339600,-0.491333,0.909668
-0.506470,0.015381,0.770996
0.438721,-0.186523,1.061768
-0.197754,-0.264893,0.796021
-0.096558,0.204590,1.033569
0.344727,-0.447144,0.924072
-0.515015,0.008789,0.771973
0.461182,-0.198975,1.077148
-0.152466,-0.312988,0.792236
-0.137695,0.204346,1.016235
0.375610,-0.412476,0.941162
-0.515991,0.005249,0.773071
0.428955,-0.179077,1.069336
-0.061646,-0.364624,0.816772
-0.178711,0.201538,1.006836
0.399902,-0.369385,0.962769
-0.493652,-0.028076,0.765869
0.403809,-0.170654,1.064941
0.009399,-0.395020,0.832886
-0.236694,0.209473,0.981567
0.439453,-0.370483,0.978149
-0.462280,-0.086060,0.770752
0.335083,-0.107788,1.053589
0.058350,-0.413818,0.843628
-0.275513,0.167603,0.945068
0.469849,-0.351440,0.997314
-0.452759,-0.117798,0.765625
0.286865,-0.072266,1.055786
0.106323,-0.447754,0.850464
-0.325195,0.142578,0.921021
0.496216,-0.323364,1.038452
-0.411865,-0.156494,0.771240
0.214111,0.007080,1.057007
0.129639,-0.435303,0.849487
-0.354004,0.120605,0.889893
0.503052,-0.277100,1.056885
-0.370850,-0.187500,0.786865
0.150024,0.043945,1.058350
0.225830,-0.470337,0.881226
-0.400757,0.088501,0.845337
0.496094,-0.237427,1.061523
-0.328613,-0.186279,0.803467
0.074707,0.069824,1.039551
0.299805,-0.488525,0.912476
-0.445679,0.046265,0.804810
0.493164,-0.184448,1.078247
-0.237305,-0.220703,0.811768
-0.022217,0.170166,1.047729
0.340332,-0.479492,0.921631
-0.469116,0.016968,0.802368
0.498657,-0.194702,1.112915
-0.165771,-0.258545,0.836670
-0.114868,0.223145,1.037842
0.394165,-0.428101,0.968140
-0.453369,-0.022095,0.814697
0.460327,-0.150879,1.114258
-0.062866,-0.307373,0.859741
-0.171753,0.215332,1.019043
0.447754,-0.385132,1.008911
-0.461060,-0.073242,0.786865
0.413208,-0.107788,1.118408
0.046265,-0.389282,0.862793
-0.202881,0.207764,1.015381
0.477173,-0.335571,1.031128
-0.443481,-0.072876,0.794434
0.344482,-0.071655,1.095459
0.090210,-0.441650,0.859131
-0.269287,0.164795,0.974487
0.507935,-0.280640,1.067627
-0.414429,-0.084351,0.801880
0.254883,-0.013916,1.078491
0.166382,-0.475586,0.879761
-0.326782,0.114014,0.941895
0.528687,-0.245361,1.109497
-0.378784,-0.125000,0.800049
0.181885,0.058105,1.080566
0.256470,-0.470093,0.923462
-0.384766,0.058228,0.869995
0.534180,-0.213989,1.120728
-0.281494,-0.207397,0.816895
0.087891,0.149658,1.082397
0.317627,-0.478516,0.940430
-0.426514,0.044434,0.856567
0.529541,-0.208130,1.122314
-0.223633,-0.226929,0.829224
0.010010,0.190308,1.075684
0.368042,-0.452637,0.972290
-0.444702,0.029663,0.848145
0.513916,-0.159790,1.144531
-0.138550,-0.254028,0.853638
-0.055420,0.236450,1.095215
0.405396,-0.403564,0.992554
-0.490479,-0.034302,0.785889
0.376709,-0.150146,1.058960
-0.054688,-0.332886,0.878540
-0.242432,0.142334,0.960693
0.438232,-0.307983,1.019531
-0.457275,-0.068359,0.779541
0.329346,-0.070435,1.072632
0.089233,-0.453247,0.842041
-0.279175,0.143799,0.955566
0.474854,-0.310547,1.030396
-0.458984,-0.102905,0.768677
0.277100,-0.075439,1.047729
0.100098,-0.452148,0.841431
-0.312988,0.130859,0.924438
0.511719,-0.303833,1.050049
-0.426025,-0.079712,0.784424
0.213745,0.010376,1.054077
0.142456,-0.454956,0.867920
-0.336182,0.088257,0.902222
0.517944,-0.276978,1.074585
-0.406128,-0.133179,0.772095
0.183716,0.045410,1.072632
0.190063,-0.463745,0.876099
-0.364868,0.077393,0.884277
0.527344,-0.285156,1.086914
-0.373291,-0.169312,0.781616
0.142578,0.074097,1.064575
0.239868,-0.454590,0.905518
-0.391479,0.087891,0.860840
0.519043,-0.253906,1.080078
-0.307129,-0.221191,0.794434
0.099487,0.107910,1.074951
0.269287,-0.456543,0.906860
-0.420532,0.041748,0.826050
0.527222,-0.229980,1.100342
-0.267456,-0.224243,0.809326
0.019653,0.166016,1.072021
0.336182,-0.474121,0.937378
-0.448975,0.028564,0.817993
0.508545,-0.203125,1.111328
-0.202271,-0.237915,0.831909
-0.039307,0.192139,1.062134
0.375854,-0.430298,0.973267
-0.471680,0.013794,0.815552
0.491455,-0.169678,1.122559
-0.122559,-0.286133,0.837280
-0.081787,0.228149,1.062500
0.427002,-0.381104,1.006226
-0.475098,-0.004639,0.807861
0.462402,-0.156128,1.126465
-0.016235,-0.393799,0.852783
-0.132568,0.190918,1.033691
0.443359,-0.324219,1.032837
-0.465332,-0.026123,0.800903
0.430420,-0.130615,1.131104
0.055298,-0.444092,0.870728
-0.192017,0.179443,1.036499
0.483276,-0.337402,1.050171
-0.444336,-0.052368,0.801758
0.389893,-0.069702,1.138428
0.069092,-0.397705,0.880737
-0.232910,0.172974,1.011108
0.529175,-0.327393,1.087769
-0.433838,-0.081543,0.793579
0.340576,-0.031982,1.118408
0.109253,-0.392090,0.906494
-0.271362,0.162720,0.994507
0.548706,-0.294067,1.112915
-0.392700,-0.116455,0.806274
0.266846,0.050049,1.119263
0.170044,-0.440552,0.906494
-0.316406,0.141357,0.961182
0.566162,-0.286743,1.117676
-0.354370,-0.158081,0.816162
0.194946,0.114136,1.122681
0.249390,-0.432495,0.949585
-0.369629,0.053101,0.899658
0.568359,-0.260254,1.152832
-0.308472,-0.231689,0.815552
0.129395,0.176025,1.124634
0.303589,-0.440063,0.947510
-0.402710,0.038818,0.872559
0.567749,-0.248657,1.152832
-0.247437,-0.264771,0.832642
0.058838,0.202515,1.101685
0.339722,-0.424438,0.958740
-0.409424,0.033203,0.868652
0.563599,-0.232666,1.153320
-0.198364,-0.240845,0.861816
0.008911,0.226929,1.099976
0.377319,-0.402832,0.990112
-0.435059,0.023804,0.859863
0.552979,-0.207153,1.160767
-0.131470,-0.271484,0.882690
-0.039429,0.220581,1.082031
0.405396,-0.380859,1.007568
-0.437256,0.002563,0.848755
0.532349,-0.163086,1.169922
-0.050537,-0.307251,0.892822
-0.089478,0.233398,1.076660
0.425781,-0.343506,1.033569
-0.442749,-0.016479,0.841675
0.493774,-0.151001,1.163086
0.019409,-0.373901,0.889404
-0.122437,0.216553,1.075195
0.460938,-0.311401,1.056519
-0.439697,-0.053101,0.832275
0.462158,-0.090942,1.180298
0.039673,-0.382324,0.891235
-0.179199,0.214111,1.059204
0.488770,-0.285889,1.081421
-0.420898,-0.078857,0.819580
0.420166,-0.066772,1.177979
0.064087,-0.372559,0.910522
-0.242676,0.213867,1.040161
0.531616,-0.287720,1.105957
-0.402222,-0.087280,0.831909
0.354370,-0.027222,1.157593
0.133179,-0.386230,0.936157
-0.296753,0.196289,0.992188
0.542358,-0.264282,1.125977
-0.357300,-0.139404,0.821777
0.276733,0.025513,1.150391
0.205566,-0.420654,0.947144
-0.330933,0.140991,0.955200
0.561523,-0.229858,1.141602
-0.324341,-0.160767,0.835693
0.188232,0.075684,1.122681
0.285767,-0.449463,0.962280
-0.389038,0.108154,0.915039
0.568604,-0.203491,1.145508
-0.251221,-0.205078,0.835693
0.088013,0.153320,1.101807
0.337646,-0.408569,0.994751
-0.412842,0.051270,0.883667
0.556152,-0.184326,1.165405
-0.187134,-0.253296,0.856689
-0.001465,0.209473,1.105713
0.386108,-0.401123,1.003906
-0.435425,0.010864,0.865479
0.536255,-0.133667,1.185303
-0.071655,-0.328003,0.875854
-0.062134,0.205688,1.086304
0.414795,-0.356812,1.019043
-0.445557,-0.009644,0.844116
0.507568,-0.130005,1.171631
-0.018311,-0.343628,0.879883
-0.110962,0.191284,1.068115
0.444580,-0.331299,1.049438
-0.458008,-0.034058,0.836792
0.466064,-0.125122,1.166992
0.003296,-0.346191,0.901855
-0.174927,0.186523,1.044312
0.484009,-0.271118,1.099609
-0.456665,-0.058228,0.800903
0.417480,-0.058228,1.180420
0.053101,-0.375488,0.900391
-0.240234,0.183594,1.028687
0.516724,-0.274536,1.111816
-0.439087,-0.058960,0.792114
0.342529,-0.035278,1.138184
0.114258,-0.383911,0.920898
-0.288940,0.184204,1.001099
0.532959,-0.275146,1.107300
-0.399658,-0.104980,0.807251
0.281494,0.012451,1.143921
0.144897,-0.405396,0.905640
-0.313843,0.138550,0.969727
0.563477,-0.288940,1.123047
-0.388306,-0.134033,0.804077
0.207275,0.078247,1.120728
0.201904,-0.401489,0.938110
-0.351929,0.105957,0.934204
0.567017,-0.265137,1.138916
-0.356079,-0.169556,0.803223
0.160889,0.096191,1.111084
0.242920,-0.408447,0.939575
-0.389404,0.109131,0.917236
0.553345,-0.210693,1.144775
-0.296509,-0.218384,0.815552
0.091431,0.124023,1.099487
0.267944,-0.415405,0.953613
-0.421265,0.060791,0.882446
0.553955,-0.211548,1.152466
-0.271851,-0.233032,0.819458
0.038452,0.144043,1.088745
0.317383,-0.402222,0.969238
-0.439209,0.035889,0.854004
0.530273,-0.167603,1.147827
-0.182007,-0.289307,0.824951
-0.020386,0.147461,1.064453
0.345947,-0.379883,0.967407
-0.458130,0.015991,0.834595
0.523926,-0.175293,1.148315
-0.120361,-0.314575,0.838501
-0.081055,0.162476,1.050781
0.375732,-0.351685,0.986694
-0.468140,-0.027466,0.811523
0.494507,-0.164062,1.162964
-0.087524,-0.357056,0.814697
-0.164551,0.191040,1.033691
0.413940,-0.346313,0.993164
-0.489136,-0.006836,0.805908
0.447510,-0.151733,1.141968
-0.048218,-0.372803,0.836914
-0.230347,0.211670,1.016357
0.436646,-0.297974,1.024536
-0.487793,-0.018677,0.790649
0.381104,-0.118774,1.130249
0.002563,-0.382080,0.858521
-0.280273,0.188477,0.992798
0.466797,-0.281860,1.059082
-0.460693,-0.077393,0.777832
0.292480,-0.028809,1.124390
0.073486,-0.421753,0.883789
-0.339111,0.134888,0.941528
0.480103,-0.243286,1.077393
-0.423340,-0.143555,0.759644
0.217773,0.027832,1.113159
0.148193,-0.415649,0.890991
-0.414795,0.137939,0.918823
0.502563,-0.250610,1.082642
-0.378296,-0.181763,0.763916
0.121460,0.129639,1.095825
0.207397,-0.429565,0.897217
-0.468262,0.090332,0.882690
0.499268,-0.237549,1.079956
-0.323730,-0.225464,0.773315
0.067749,0.157349,1.097656
0.210327,-0.393066,0.885498
-0.469604,0.029297,0.841309
0.509399,-0.237061,1.098145
-0.253418,-0.307129,0.777466
0.001953,0.168457,1.077026
0.250366,-0.389404,0.891602
-0.510864,0.064819,0.829468
0.514404,-0.286255,1.083618
-0.212402,-0.331299,0.782715
-0.045288,0.155273,1.045532
0.292480,-0.356201,0.922729
-0.528687,0.033691,0.793091
0.494873,-0.221802,1.108154
-0.175171,-0.354736,0.770996
-0.109497,0.161621,1.026855
0.318115,-0.387573,0.927490
-0.524780,0.019531,0.783325
0.455444,-0.187134,1.087769
-0.156616,-0.332153,0.777832
-0.168945,0.165894,0.999146
0.354492,-0.378174,0.954346
-0.531494,-0.008179,0.775391
0.436401,-0.163086,1.098267
-0.157593,-0.332886,0.759277
-0.224731,0.184326,0.985229
0.393555,-0.356934,0.977173
-0.539673,-0.036743,0.758667
0.398438,-0.122070,1.089600
-0.139404,-0.327881,0.770386
-0.264038,0.188965,0.975464
0.402344,-0.348267,0.990234
-0.530151,-0.062988,0.748779
0.368652,-0.108032,1.096802
-0.099609,-0.332397,0.797852
-0.333374,0.180298,0.932739
0.423096,-0.339355,0.995483
-0.524048,-0.100098,0.728394
0.294312,-0.061523,1.082764
-0.037720,-0.364868,0.810059
-0.381348,0.186646,0.912842
0.427490,-0.292725,1.009644
-0.493896,-0.119995,0.738525
0.220947,-0.038330,1.057739
0.030762,-0.409180,0.820312
-0.443359,0.175781,0.873535
0.442017,-0.264893,1.025146
-0.458984,-0.132446,0.756348
0.132812,0.026489,1.044312
0.088867,-0.426636,0.831787
-0.487427,0.134033,0.848755
0.455811,-0.231201,1.050781
-0.416748,-0.184204,0.739258
0.054688,0.097534,1.043701
0.164795,-0.423096,0.855103
-0.522095,0.096558,0.819702
0.446045,-0.218018,1.037231
-0.328247,-0.247070,0.746948
-0.013550,0.137939,1.038696
0.230469,-0.423706,0.869995
-0.563965,0.091064,0.793579
0.430420,-0.229736,1.028687
-0.248779,-0.305176,0.741577
-0.101318,0.134399,0.994385
0.265991,-0.385132,0.882080
-0.573242,0.063354,0.772339
0.427612,-0.192993,1.054199
-0.195679,-0.354370,0.725098
-0.192749,0.161133,0.968994
0.302979,-0.365601,0.908936
-0.577148,0.038086,0.757935
0.398926,-0.169922,1.055542
-0.156738,-0.380493,0.738037
-0.277222,0.178467,0.940796
0.353882,-0.353882,0.924927
-0.570557,0.003418,0.733154
0.318481,-0.130493,1.045410
-0.129517,-0.377197,0.748657
-0.340576,0.184937,0.912964
0.405151,-0.323975,0.978394
-0.561523,-0.036865,0.731567
0.218384,-0.070801,1.025635
-0.044800,-0.392456,0.792114
-0.421631,0.168457,0.883301
0.415405,-0.301270,0.990967
-0.508911,-0.086670,0.723755
0.131836,0.050537,1.024170
0.049805,-0.389771,0.821655
-0.495117,0.165894,0.846802
0.425049,-0.267578,1.000122
-0.446045,-0.158569,0.726562
0.044189,0.133057,1.024292
0.115479,-0.385620,0.826294
-0.541626,0.139893,0.821289
0.448730,-0.276123,1.011841
-0.368408,-0.244019,0.735229
-0.034302,0.151123,0.999023
0.182861,-0.379150,0.857666
-0.584106,0.101318,0.779785
0.429565,-0.227295,1.033203
-0.285400,-0.334839,0.697510
-0.094727,0.152710,0.975342
0.251587,-0.386963,0.867798
-0.607666,0.103516,0.766479
0.408447,-0.212769,1.018188
-0.207764,-0.378296,0.711548
-0.181519,0.138916,0.945923
0.293091,-0.350830,0.900146
-0.623657,0.082031,0.734497
0.383423,-0.182739,1.024292
-0.157715,-0.394653,0.727783
-0.263916,0.163574,0.925171
0.336426,-0.343994,0.923706
-0.614990,0.049927,0.730957
0.309692,-0.124390,1.008545
-0.124023,-0.394043,0.737793
-0.320557,0.146606,0.888428
0.357666,-0.335815,0.940430
-0.583862,0.001953,0.716919
0.271484,-0.071533,1.006348
-0.080078,-0.369141,0.742188
-0.413330,0.207764,0.865723
0.393311,-0.343994,0.951660
-0.546753,-0.073853,0.716064
0.205078,-0.041748,1.012939
-0.048706,-0.401611,0.766479
-0.461670,0.209229,0.856567
0.407593,-0.277222,0.974854
-0.508789,-0.068481,0.724854
0.131104,0.030640,1.012085
0.028687,-0.417969,0.790283
-0.518311,0.206787,0.842407
0.423096,-0.263550,0.978394
-0.458008,-0.120361,0.725708
0.061401,0.099487,1.017456
0.105957,-0.409790,0.812988
-0.562378,0.175537,0.814941
0.419434,-0.252075,0.972046
-0.380371,-0.199463,0.724854
-0.013306,0.142456,1.007446
0.184814,-0.400024,0.841431
-0.583862,0.147095,0.797119
0.411255,-0.218262,0.997192
-0.291992,-0.269531,0.721924
-0.086670,0.144897,0.974365
0.245972,-0.379883,0.878784
-0.611206,0.115967,0.771362
0.405518,-0.181152,1.012451
-0.217041,-0.339355,0.706421
-0.168701,0.184692,0.949829
0.311157,-0.357910,0.894043
-0.623413,0.103638,0.739868
0.398682,-0.169922,1.005981
-0.140381,-0.339478,0.740967
-0.250732,0.182861,0.898682
0.343140,-0.350098,0.903198
-0.625977,0.092773,0.736694
0.350342,-0.149048,0.999390
-0.109131,-0.403564,0.726196
-0.299438,0.174316,0.888550
0.351318,-0.305664,0.914185
-0.584595,0.035156,0.726685
0.296021,-0.112915,0.991089
-0.086548,-0.396729,0.741821
-0.353760,0.172485,0.870239
0.392334,-0.298218,0.941284
-0.580078,0.037842,0.720459
0.211914,-0.018433,0.983276
-0.030029,-0.421631,0.747070
-0.396118,0.175293,0.872925
0.411499,-0.274414,0.963257
-0.553345,-0.004272,0.709473
0.140869,0.046753,0.989380
0.013672,-0.419800,0.767700
-0.433594,0.174561,0.879028
0.426392,-0.236938,0.977173
-0.529419,-0.007202,0.724487
0.109131,0.073608,0.999878
0.075562,-0.412598,0.791870
-0.515991,0.177490,0.828491
0.441284,-0.252075,0.988403
-0.440918,-0.085571,0.739990
0.042603,0.148682,1.011475
0.129395,-0.376221,0.830444
-0.562866,0.170898,0.808594
0.428833,-0.222656,0.995850
-0.321411,-0.207886,0.739258
-0.026367,0.207642,1.024780
0.188965,-0.384521,0.845093
-0.606079,0.183228,0.773438
0.434937,-0.214355,1.004395
-0.248779,-0.263550,0.741943
-0.088135,0.198486,0.985596
0.260498,-0.364990,0.870361
-0.605347,0.171631,0.772583
0.421875,-0.157349,1.008179
-0.182373,-0.299683,0.746094
-0.174561,0.193359,0.944458
0.319336,-0.379028,0.892212
-0.589111,0.088013,0.744995
0.374634,-0.102539,1.011108
-0.126465,-0.330200,0.731689
-0.260376,0.186768,0.901611
0.372925,-0.389160,0.905884
-0.574341,0.047363,0.736816
0.328247,-0.055908,1.019409
-0.072754,-0.361206,0.729614
-0.335205,0.220337,0.874390
0.395874,-0.330566,0.931763
-0.537598,-0.019775,0.741577
0.262939,-0.035889,1.009888
-0.034180,-0.397827,0.739258
-0.402344,0.197021,0.829346
0.424805,-0.278076,0.954468
-0.489502,-0.071411,0.743774
0.162476,0.040161,1.006104
0.015381,-0.402710,0.765625
-0.447388,0.170776,0.823242
0.438354,-0.239502,0.976562
-0.459229,-0.099731,0.744385
0.083740,0.083252,1.015503
0.086548,-0.432251,0.782837
-0.516235,0.161133,0.799927
0.454224,-0.219360,0.999268
-0.369995,-0.114990,0.761719
0.009033,0.185181,1.022095
0.170410,-0.392822,0.826782
-0.583862,0.131592,0.775635
0.436890,-0.231567,0.997925
-0.255859,-0.257812,0.743286
-0.056885,0.197632,0.989746
0.268555,-0.363403,0.874756
-0.610229,0.144165,0.742798
0.428589,-0.160156,1.017700
-0.150269,-0.306274,0.768433
-0.169067,0.186890,0.934814
0.341309,-0.367676,0.909790
-0.594482,0.119141,0.746338
0.361694,-0.089844,1.013306
-0.080200,-0.369995,0.745728
-0.249512,0.187012,0.897583
0.395874,-0.377930,0.928467
-0.568970,0.046753,0.738770
0.293579,-0.037354,0.991333
-0.024902,-0.410034,0.739136
-0.344604,0.202515,0.870117
0.413818,-0.327393,0.943115
-0.519165,-0.046509,0.748291
0.231812,-0.031006,0.991211
0.018677,-0.401001,0.752563
-0.418213,0.156982,0.805664
0.429199,-0.234009,0.982666
-0.468628,-0.103027,0.738281
0.131104,0.056030,1.018555
0.084595,-0.446533,0.794189
-0.492188,0.158325,0.798462
0.446289,-0.230835,0.986328
-0.406006,-0.105347,0.754639
0.027466,0.148193,1.008179
0.180298,-0.409912,0.836304
-0.547241,0.133789,0.777344
0.449951,-0.219116,1.013306
-0.307983,-0.182983,0.765991
-0.068237,0.178101,0.990234
0.254028,-0.424683,0.863525
-0.581909,0.113525,0.766235
0.434204,-0.184204,1.013184
-0.153931,-0.276367,0.779785
-0.158081,0.222168,0.963379
0.294189,-0.354858,0.886963
-0.573853,0.043823,0.752930
0.397339,-0.161865,1.019165
-0.066406,-0.348267,0.783813
-0.215698,0.170776,0.911743
0.360596,-0.308105,0.928833
-0.575806,0.051514,0.728882
0.315796,-0.082886,0.996948
0.012085,-0.412842,0.770630
-0.290283,0.139038,0.875732
0.421753,-0.341919,0.943848
-0.546265,0.000122,0.722412
0.210449,0.018799,0.978394
0.043579,-0.402344,0.771484
-0.376587,0.140503,0.842407
0.454590,-0.320312,0.971924
-0.479126,-0.096802,0.746948
0.122437,0.056030,1.003296
0.080200,-0.427368,0.772827
-0.459106,0.126831,0.800415
0.463867,-0.281860,0.984863
-0.403931,-0.138428,0.756836
0.029053,0.116577,1.013672
0.163086,-0.437622,0.812866
-0.515137,0.105469,0.767578
0.449951,-0.231445,0.998901
-0.291748,-0.202393,0.769287
-0.067017,0.188599,1.008423
0.265381,-0.456665,0.852051
-0.556763,0.093384,0.758789
0.424683,-0.204834,1.006836
-0.186279,-0.264648,0.778809
-0.147705,0.217041,0.971558
0.317139,-0.391724,0.904785
-0.557617,0.036011,0.760010
0.382690,-0.160767,1.017334
-0.077515,-0.345459,0.781738
-0.218018,0.180054,0.917480
0.373535,-0.365723,0.938232
-0.544556,-0.008179,0.752930
0.333740,-0.114502,1.011108
-0.002930,-0.432129,0.757935
-0.303345,0.148438,0.871582
0.421509,-0.339966,0.954468
-0.518921,-0.043213,0.749023
0.221191,-0.017334,0.988647
0.073120,-0.477783,0.773560
-0.375488,0.103394,0.828125
0.452637,-0.309570,0.967651
-0.485840,-0.062012,0.737061
0.136230,0.037354,0.991943
0.129150,-0.461060,0.802734
-0.456177,0.107788,0.806152
0.465942,-0.284302,0.996582
-0.405518,-0.145630,0.747437
0.042725,0.104492,1.010498
0.196411,-0.460571,0.829346
-0.510498,0.071899,0.762451
0.470337,-0.266846,1.010254
-0.309937,-0.197388,0.765747
-0.064209,0.163330,1.000854
0.270386,-0.446899,0.870117
-0.522949,0.024292,0.738037
0.431396,-0.205322,1.019165
-0.197510,-0.233643,0.793823
-0.145020,0.184570,0.976440
0.343994,-0.433716,0.903809
-0.547485,0.027954,0.763184
0.394531,-0.152832,1.031982
-0.080322,-0.351562,0.798462
-0.220581,0.175415,0.946045
0.386963,-0.377563,0.941650
-0.517578,-0.048462,0.754517
0.333130,-0.108032,1.031860
0.013672,-0.425781,0.785889
-0.301270,0.192383,0.900879
0.439087,-0.354248,0.971680
-0.489624,-0.115112,0.743286
0.238403,-0.065308,1.008911
0.078491,-0.479492,0.780518
-0.375366,0.141724,0.849487
0.470703,-0.310913,0.988281
-0.426392,-0.110229,0.765869
0.121704,0.040527,1.009277
0.130859,-0.470337,0.794189
-0.432983,0.052979,0.792603
0.480835,-0.306152,1.010132
-0.360229,-0.204102,0.763306
0.026245,0.130371,1.030151
0.231934,-0.459106,0.850830
-0.503784,0.048096,0.764038
0.471313,-0.271362,1.028931
-0.244019,-0.289795,0.775513
-0.083252,0.179077,1.013428
0.315430,-0.431519,0.898682
-0.539429,0.051514,0.762207
0.424927,-0.209351,1.034302
-0.112305,-0.338501,0.807983
-0.169312,0.185913,0.996338
0.371582,-0.406250,0.941162
-0.521118,-0.008667,0.757080
0.360840,-0.122681,1.038574
0.009033,-0.417114,0.802856
-0.246460,0.180542,0.946411
0.420776,-0.354370,0.971558
-0.491943,-0.093140,0.751953
0.273804,-0.054565,1.033203
0.072754,-0.459595,0.799316
-0.297119,0.118774,0.900024
0.461914,-0.318359,1.002075
-0.452271,-0.102051,0.766357
0.195068,0.003174,1.026489
0.114990,-0.420044,0.834961
-0.396606,0.078003,0.845093
0.500366,-0.336426,1.029175
-0.392334,-0.192505,0.746826
0.098145,0.104248,1.041382
0.200317,-0.458984,0.846313
-0.440430,0.076538,0.823730
0.513306,-0.314087,1.043701
-0.317383,-0.225830,0.794189
0.004761,0.117432,1.015381
0.266724,-0.456055,0.882324
-0.466431,0.005859,0.764160
0.491943,-0.231689,1.076904
-0.235962,-0.254028,0.806152
-0.058594,0.174072,1.035034
0.310181,-0.452515,0.906738
-0.505005,0.000977,0.770874
0.475586,-0.226807,1.072998
-0.144531,-0.290039,0.828613
-0.134521,0.214233,1.018433
0.365601,-0.402100,0.944702
-0.493042,-0.020386,0.782471
0.433350,-0.189209,1.071533
-0.021851,-0.366211,0.853271
-0.173096,0.191772,0.999023
0.406860,-0.372803,0.962158
-0.497437,-0.021118,0.771729
0.372559,-0.146118,1.049316
0.081665,-0.441528,0.866211
-0.255859,0.178101,0.971191
0.448486,-0.309814,1.026001
-0.459595,-0.082520,0.754639
0.299805,-0.065918,1.055176
0.090088,-0.442871,0.853638
-0.298706,0.157227,0.967041
0.485474,-0.310547,1.047607
-0.425293,-0.109375,0.768066
0.210938,0.018799,1.048584
0.161255,-0.458740,0.871582
-0.350342,0.099854,0.924927
0.522949,-0.282959,1.081421
-0.375977,-0.156128,0.784058
0.120483,0.097412,1.041382
0.240112,-0.453979,0.896729
-0.398071,0.042725,0.856079
0.536377,-0.273193,1.102417
-0.312988,-0.238770,0.786377
0.057739,0.141479,1.057007
0.282104,-0.431763,0.915039
-0.448120,0.021484,0.819946
0.526245,-0.247437,1.103882
-0.217041,-0.266235,0.830566
-0.018799,0.198975,1.065674
0.336792,-0.422729,0.949707
-0.465820,0.010620,0.809448
0.512695,-0.225220,1.111816
-0.159546,-0.281250,0.829834
-0.070190,0.224487,1.062134
0.387329,-0.395264,0.974243
-0.469971,-0.005371,0.821655
0.493652,-0.207764,1.120361
-0.094360,-0.322754,0.857910
-0.109619,0.217041,1.048340
0.433350,-0.369751,1.008667
-0.483643,-0.043091,0.753296
0.300171,-0.099731,1.029053
-0.003906,-0.375366,0.871582
-0.281616,0.118896,0.933472
0.463013,-0.346436,0.997070
-0.466309,-0.074463,0.764526
0.244019,-0.024902,1.031860
0.090576,-0.440308,0.825562
-0.312500,0.100464,0.914917
0.485474,-0.341797,1.023560
-0.462524,-0.107422,0.750977
0.210449,0.016602,1.044189
0.128784,-0.421875,0.855225
-0.365479,0.100464,0.889038
0.492188,-0.322632,1.039917
-0.407593,-0.149292,0.770264
0.169434,0.070801,1.064209
0.168091,-0.448608,0.858032
-0.401978,0.094482,0.871948
0.513916,-0.330811,1.050781
-0.394775,-0.169922,0.761963
0.131470,0.078369,1.057861
0.217651,-0.466064,0.868286
-0.438599,0.069092,0.825073
0.520142,-0.295410,1.059814
-0.339844,-0.224854,0.766113
0.086304,0.084351,1.048340
0.270020,-0.468384,0.898682
-0.467651,0.095703,0.809814
0.510864,-0.268555,1.050293
-0.294434,-0.231689,0.782837
0.031006,0.110596,1.060913
0.314941,-0.494507,0.909424
-0.487671,0.069458,0.795898
0.495483,-0.181396,1.089600
-0.199829,-0.204468,0.840088
-0.051147,0.173096,1.045166
0.358154,-0.485718,0.944458
-0.483765,-0.017944,0.788940
0.475586,-0.167847,1.100708
-0.140625,-0.233887,0.847412
-0.113037,0.233765,1.053833
0.395996,-0.439697,0.969604
-0.474609,-0.059448,0.794434
0.441772,-0.149170,1.118408
-0.070068,-0.306030,0.845703
-0.157837,0.233154,1.034424
0.443115,-0.376831,0.996826
-0.467407,-0.059204,0.781372
0.400757,-0.115479,1.101440
0.054443,-0.411743,0.857544
-0.206177,0.198364,1.014160
0.461426,-0.344116,1.023926
-0.458618,-0.084717,0.789673
0.359375,-0.109253,1.090088
0.086426,-0.452148,0.851196
-0.256592,0.165894,0.971191
0.496216,-0.256226,1.073364
-0.414551,-0.083984,0.805176
0.284790,-0.044800,1.071533
0.125732,-0.442871,0.885254
-0.300049,0.111206,0.950195
0.520386,-0.255249,1.107910
-0.396973,-0.131348,0.793213
0.221436,0.043823,1.086304
0.197510,-0.457764,0.900391
-0.367188,0.102539,0.911377
0.551636,-0.280762,1.116577
-0.345337,-0.189941,0.792236
0.148926,0.131104,1.085938
0.251709,-0.437744,0.923950
-0.404053,0.070435,0.870361
0.562866,-0.314575,1.102905
-0.279541,-0.250000,0.817993
0.096313,0.158203,1.082764
0.280640,-0.414307,0.930908
-0.404053,0.044678,0.857788
0.546509,-0.266602,1.111450
-0.271851,-0.249390,0.824707
0.093994,0.118408,1.092773
0.335693,-0.451294,0.962158
-0.437500,0.108521,0.845337
0.535889,-0.195190,1.117554
-0.240723,-0.209473,0.843628
0.068359,0.119263,1.095215
0.342651,-0.467773,0.963867
-0.442017,0.060303,0.844360
0.529541,-0.170166,1.134766
-0.204102,-0.219482,0.852173
0.015503,0.171509,1.100830
0.380005,-0.448242,0.986694
-0.448730,0.022705,0.830933
0.509399,-0.142212,1.145630
-0.162109,-0.235596,0.867798
-0.042114,0.205688,1.097534
0.425903,-0.434448,1.017578
-0.438477,-0.010986,0.833984
0.501099,-0.124878,1.146851
-0.090942,-0.231079,0.887573
-0.090576,0.234985,1.087158
0.444092,-0.380615,1.036011
-0.439209,-0.057739,0.827271
0.470093,-0.122681,1.158081
0.021240,-0.330566,0.894409
-0.138550,0.237305,1.066040
0.471802,-0.320679,1.058838
-0.440308,-0.070068,0.814819
0.425659,-0.096802,1.149292
0.075073,-0.372681,0.900879
-0.201538,0.202759,1.034912
0.506104,-0.286499,1.089478
-0.424072,-0.076660,0.820923
0.354614,-0.056763,1.133179
0.125366,-0.413818,0.916382
-0.274536,0.196777,1.011597
0.533325,-0.236206,1.123535
-0.376221,-0.123779,0.812744
0.279053,0.001587,1.126587
0.202637,-0.478638,0.914185
-0.331787,0.131470,0.930542
0.571411,-0.241211,1.142334
-0.300659,-0.160156,0.842651
0.159790,0.094116,1.100464
0.273682,-0.459961,0.946045
-0.378052,0.054199,0.892456
0.577515,-0.205688,1.175049
-0.243408,-0.218140,0.850098
0.073975,0.176270,1.113403
0.340576,-0.418457,0.980835
-0.442627,0.071167,0.885376
0.562988,-0.218140,1.159302
-0.155151,-0.260010,0.888184
0.003540,0.223633,1.113892
0.378784,-0.355713,1.006104
-0.445068,0.011841,0.857422
0.534180,-0.197754,1.160645
-0.070679,-0.326294,0.881958
-0.054321,0.223999,1.101562
0.435791,-0.329956,1.044800
-0.475708,0.014160,0.822266
0.494141,-0.141235,1.164429
0.031982,-0.402466,0.893311
-0.124634,0.218384,1.089355
0.472656,-0.309570,1.060425
-0.464844,0.006104,0.829346
0.435059,-0.106201,1.149414
0.043335,-0.393066,0.896973
-0.192993,0.187988,1.063110
0.518555,-0.280029,1.121704
-0.431030,-0.052124,0.806030
0.364258,0.004150,1.165161
0.099243,-0.388794,0.917236
-0.266357,0.184448,1.025513
0.558716,-0.288086,1.144531
-0.401855,-0.120728,0.810303
0.297974,0.058350,1.174683
0.168579,-0.399292,0.933105
-0.313354,0.177124,0.993896
0.563354,-0.261475,1.136475
-0.355347,-0.168213,0.811157
0.244507,0.038696,1.149658
0.236328,-0.417358,0.950195
-0.374634,0.152222,0.923218
0.572388,-0.236816,1.134521
-0.279907,-0.184814,0.855713
0.139038,0.085449,1.113037
0.282227,-0.407349,0.967896
-0.417969,0.081421,0.872070
0.573242,-0.212524,1.153198
-0.226440,-0.248901,0.851807
0.059937,0.177734,1.119751
0.336914,-0.398804,0.972412
-0.431030,0.067017,0.874023
0.552246,-0.213135,1.151123
-0.147583,-0.291016,0.869629
-0.015503,0.192749,1.111816
0.367920,-0.357666,0.993896
-0.457275,0.015991,0.850708
0.540894,-0.213989,1.151489
-0.032471,-0.351074,0.886597
-0.083496,0.192383,1.077637
0.396606,-0.314697,1.014160
-0.464966,-0.027954,0.815918
0.497559,-0.181763,1.157715
-0.023560,-0.360107,0.879639
-0.130737,0.195435,1.068726
0.436279,-0.291138,1.041138
-0.470581,-0.024902,0.808960
0.440430,-0.133667,1.166504
-0.008179,-0.393311,0.868408
-0.203003,0.173096,1.026611
0.501587,-0.301758,1.078369
-0.458374,-0.010498,0.818970
0.353638,-0.037476,1.148193
0.077026,-0.382690,0.917969
-0.277100,0.185791,1.016113
0.499634,-0.270264,1.118286
-0.434448,-0.108398,0.785400
0.325806,0.007324,1.173462
0.135986,-0.407715,0.906250
-0.344360,0.190430,0.964355
0.535034,-0.280884,1.102539
-0.374023,-0.174805,0.796509
0.244507,0.018188,1.128418
0.169800,-0.415161,0.925293
-0.379883,0.139404,0.930542
0.530151,-0.224976,1.126587
-0.347412,-0.210693,0.788330
0.174805,0.062866,1.112305
0.221436,-0.399292,0.928223
-0.409424,0.121338,0.903320
0.538940,-0.224487,1.124512
-0.316406,-0.237183,0.803589
0.107300,0.087036,1.095825
0.272461,-0.404907,0.947388
-0.457153,0.114868,0.872925
0.537964,-0.209961,1.120483
-0.255371,-0.249512,0.811279
0.024780,0.127319,1.073975
0.316284,-0.397949,0.960815
-0.453735,0.029907,0.850830
0.526978,-0.173584,1.139648
-0.141113,-0.326172,0.814331
-0.057495,0.172363,1.052856
0.350464,-0.368408,0.953003
-0.474243,-0.021484,0.817627
0.505127,-0.204224,1.142456
-0.109009,-0.326904,0.822144
-0.122314,0.157471,1.025146
0.382568,-0.324951,0.985718
-0.489014,-0.021851,0.794800
0.456421,-0.163696,1.141235
-0.064331,-0.358032,0.834839
-0.216064,0.190186,1.021484
0.425537,-0.317261,1.017456
-0.485840,-0.020142,0.792725
0.375244,-0.097046,1.122314
-0.017456,-0.368286,0.859497
-0.290771,0.182861,0.990356
0.472778,-0.307617,1.059448
-0.463745,-0.064209,0.765503
0.298218,0.022217,1.127319
0.030029,-0.349854,0.858643
-0.344482,0.146362,0.954590
0.505737,-0.343262,1.062134
-0.447266,-0.142456,0.759155
0.244141,0.056885,1.124512
0.067993,-0.318359,0.873779
-0.404785,0.130249,0.900269
0.522339,-0.335083,1.084106
-0.412964,-0.184448,0.766602
0.174683,0.087646,1.102905
0.115967,-0.354248,0.865601
-0.436279,0.123169,0.881226
0.521973,-0.296753,1.082764
-0.383545,-0.226562,0.768799
0.116089,0.058594,1.066772
0.168091,-0.375244,0.881958
-0.481934,0.126221,0.849243
0.528442,-0.278809,1.083984
-0.343018,-0.229004,0.792236
0.029053,0.085083,1.049438
0.234985,-0.416870,0.907104
-0.496826,0.095581,0.819702
0.492188,-0.199463,1.081055
-0.259399,-0.266724,0.782593
-0.026611,0.110352,1.039062
0.278076,-0.395752,0.924683
-0.525269,0.049316,0.791870
0.499146,-0.216919,1.089722
-0.188354,-0.328369,0.774292
-0.114502,0.155273,1.014160
0.318970,-0.357056,0.932129
-0.533691,0.020874,0.779907
0.451538,-0.202393,1.088257
-0.164307,-0.306396,0.779541
-0.204712,0.142090,0.983032
0.370239,-0.381836,0.960938
-0.547729,-0.019043,0.769043
0.414185,-0.142700,1.101318
-0.125366,-0.340698,0.771606
-0.286011,0.179688,0.941528
0.412109,-0.320190,0.989380
-0.526367,-0.072144,0.746826
0.318237,-0.097534,1.081421
-0.049438,-0.390259,0.809326
-0.360229,0.166870,0.914429
0.432129,-0.313721,1.001343
-0.499634,-0.058472,0.735718
0.225708,-0.013062,1.062378
0.028320,-0.401123,0.826294
-0.433350,0.163452,0.892212
0.441772,-0.288696,1.021240
-0.453003,-0.135010,0.738037
0.136963,0.060303,1.053955
0.096680,-0.378540,0.845459
-0.498291,0.109131,0.828247
0.466553,-0.287231,1.035278
-0.386597,-0.211426,0.748169
0.039307,0.144165,1.038330
0.144165,-0.370483,0.847778
-0.518799,0.088501,0.821167
0.476929,-0.299316,1.041504
-0.308472,-0.276978,0.751099
-0.041748,0.129639,1.009766
0.211548,-0.352295,0.866577
-0.557251,0.068604,0.805542
0.468750,-0.289307,1.042358
-0.248047,-0.335327,0.733887
-0.101440,0.119385,0.974731
0.279053,-0.361816,0.893799
-0.591919,0.074951,0.752808
0.398071,-0.184204,1.044312
-0.183105,-0.371826,0.747314
-0.180908,0.128540,0.983643
0.315674,-0.396118,0.909790
-0.575806,0.054321,0.768433
0.380615,-0.135864,1.036499
-0.164917,-0.297485,0.751709
-0.262451,0.171021,0.962646
0.357178,-0.371704,0.954468
-0.581421,-0.026611,0.735840
0.337402,-0.147217,1.033447
-0.122437,-0.349731,0.764282
-0.337524,0.183105,0.899902
0.383667,-0.304321,0.973633
-0.562866,-0.051758,0.720459
0.265747,-0.107666,1.032837
-0.070068,-0.399902,0.773315
-0.399048,0.177490,0.883057
0.407837,-0.289673,0.978271
-0.535156,-0.065430,0.721924
0.171997,-0.020020,1.022949
0.024780,-0.417969,0.808228
-0.479980,0.167236,0.855225
0.411987,-0.274170,0.993286
-0.491211,-0.136475,0.712524
0.078613,0.043457,1.002197
0.110596,-0.441162,0.826782
-0.548218,0.175415,0.834595
0.430420,-0.235107,1.011475
-0.397461,-0.167236,0.747437
-0.011108,0.105835,1.001953
0.176147,-0.427734,0.857544
-0.568481,0.113037,0.800903
0.438110,-0.207886,1.031250
-0.297974,-0.215576,0.741821
-0.099365,0.162354,0.981934
0.244751,-0.404663,0.873657
-0.586548,0.051147,0.755493
0.420776,-0.187378,1.032227
-0.222290,-0.332642,0.708618
-0.213257,0.194092,0.957153
0.319824,-0.407227,0.892334
-0.591797,0.027466,0.732300
0.371216,-0.146851,1.042236
-0.173584,-0.341431,0.715942
-0.279541,0.190308,0.925903
0.367188,-0.389160,0.914795
-0.600830,-0.005615,0.716064
0.296265,-0.109741,1.014648
-0.114258,-0.381348,0.726318
-0.354004,0.171143,0.889526
0.384888,-0.322632,0.957764
-0.578369,-0.035645,0.710449
0.233521,-0.063232,1.012939
-0.062866,-0.413818,0.758911
-0.441406,0.207275,0.875244
0.417480,-0.296509,0.975708
-0.533569,-0.084473,0.704590
0.120605,0.059204,1.010254
0.038330,-0.414673,0.805542
-0.508057,0.209595,0.870850
0.418457,-0.255249,0.998169
-0.468872,-0.141968,0.714844
0.041504,0.108032,1.010132
0.111450,-0.418091,0.817627
-0.563721,0.167725,0.817627
0.428467,-0.226562,1.007324
-0.366943,-0.189697,0.717407
-0.030884,0.183594,1.009399
0.196777,-0.398438,0.850586
-0.612061,0.138794,0.792114
0.429688,-0.249634,1.003418
-0.284180,-0.276855,0.706299
-0.079956,0.194458,0.985718
0.227417,-0.324707,0.871094
-0.619995,0.126465,0.767944
0.427979,-0.234497,1.020142
-0.218384,-0.390503,0.703857
-0.170044,0.150757,0.946777
0.294922,-0.348999,0.894409
-0.623901,0.103882,0.733032
0.385864,-0.154663,1.013428
-0.163330,-0.333862,0.737671
-0.245239,0.163208,0.925537
0.348267,-0.405884,0.902710
-0.617676,0.037842,0.727905
0.327881,-0.099121,1.007080
-0.118530,-0.360352,0.714844
-0.328613,0.217285,0.896729
0.376587,-0.357178,0.924927
-0.570923,-0.003296,0.722656
0.277344,-0.069824,1.005615
-0.091675,-0.385376,0.723755
-0.407104,0.218628,0.869507
0.413818,-0.331177,0.946045
-0.541626,-0.023193,0.727783
0.186035,-0.029907,0.985596
-0.025391,-0.396851,0.759155
-0.456421,0.215942,0.850464
0.409546,-0.278320,0.951050
-0.489868,-0.095337,0.721069
0.109131,0.039062,1.001831
0.055786,-0.395630,0.797485
-0.534058,0.216553,0.828979
0.434082,-0.245483,0.987793
-0.406250,-0.149048,0.742310
-0.002197,0.149292,1.005005
0.154175,-0.411987,0.832764
-0.575317,0.164185,0.803467
0.428467,-0.213013,0.997192
-0.312134,-0.193359,0.746582
-0.074829,0.189819,0.983032
0.226440,-0.380737,0.862305
-0.603149,0.116943,0.772949
0.431641,-0.184692,1.027588
-0.220947,-0.286499,0.724976
-0.159180,0.215332,0.961426
0.292725,-0.353882,0.879028
-0.605103,0.103271,0.764282
0.398926,-0.178833,1.023682
-0.146851,-0.355591,0.733398
-0.234985,0.181152,0.909424
0.342896,-0.317383,0.909302
-0.606567,0.078247,0.738037
0.340088,-0.123413,1.012085
-0.094360,-0.397827,0.748779
-0.300049,0.162964,0.884277
0.380859,-0.307739,0.926880
-0.571777,0.059692,0.734131
0.248779,-0.028442,0.987061
-0.037842,-0.396362,0.746460
-0.396240,0.177002,0.854004
0.421509,-0.282471,0.968994
-0.511353,-0.039795,0.724365
0.143799,0.076904,0.999512
0.026123,-0.386719,0.773560
-0.488159,0.199951,0.832764
0.437988,-0.284912,0.964844
-0.449219,-0.106445,0.733887
0.083374,0.139771,1.016724
0.100220,-0.396362,0.804565
-0.539551,0.190796,0.812134
0.437988,-0.235840,0.978394
-0.373779,-0.135254,0.746094
0.020630,0.150513,1.017090
0.181396,-0.416870,0.838867
-0.583008,0.160034,0.776367
0.436523,-0.175781,1.006348
-0.296021,-0.151733,0.756592
-0.060913,0.222168,1.004150
0.253540,-0.392944,0.872070
-0.604004,0.124023,0.769043
0.422119,-0.202271,1.003540
-0.223022,-0.277100,0.740356
-0.128418,0.207764,0.961548
0.322998,-0.363037,0.904297
-0.610962,0.124023,0.750244
0.390015,-0.135254,1.015137
-0.132324,-0.353149,0.735718
-0.201294,0.190186,0.915894
0.341675,-0.336548,0.917114
-0.586060,0.069946,0.759399
0.367065,-0.141235,0.994019
-0.083252,-0.370483,0.732910
-0.290405,0.196533,0.880981
0.383179,-0.290649,0.936523
-0.552002,0.028198,0.750977
0.288696,-0.103516,0.991943
-0.033447,-0.429443,0.748291
-0.374268,0.185425,0.843262
0.420532,-0.292480,0.945801
-0.516602,-0.015625,0.729370
0.175781,0.019897,0.996582
0.041992,-0.431274,0.779419
-0.452271,0.178467,0.830200
0.436890,-0.262939,0.972534
-0.465698,-0.079590,0.741211
0.082153,0.127075,1.018066
0.104858,-0.425293,0.807861
-0.499878,0.127075,0.795166
0.440918,-0.210083,1.008301
-0.353394,-0.132446,0.748779
0.003296,0.184204,1.006226
0.183594,-0.383057,0.826172
-0.567871,0.095703,0.767578
0.465454,-0.234863,1.025879
-0.251709,-0.239624,0.761963
-0.087769,0.220825,0.986450
0.267822,-0.349609,0.876465
-0.611694,0.094360,0.732178
0.433594,-0.219604,1.014404
-0.126099,-0.340576,0.788208
-0.165039,0.199951,0.943970
0.314575,-0.322266,0.897095
-0.596069,0.125244,0.759399
0.385620,-0.121582,1.020142
-0.074219,-0.366699,0.773804
-0.236938,0.165405,0.896729
0.382690,-0.311890,0.929810
-0.564697,0.066895,0.737061
0.305542,-0.076660,0.985229
-0.019409,-0.410034,0.753662
-0.312988,0.167358,0.857056
0.413330,-0.312988,0.944702
-0.523926,-0.023193,0.751221
0.235962,-0.041016,0.987183
0.040405,-0.438232,0.754517
-0.397095,0.181030,0.824463
0.405518,-0.247314,0.954956
-0.464966,-0.064331,0.759888
0.178223,-0.019165,1.001953
0.067505,-0.454224,0.780762
-0.487915,0.160522,0.790283
0.444946,-0.261353,0.976074
-0.403076,-0.138916,0.748169
0.079712,0.121094,1.021973
0.138428,-0.420166,0.814697
-0.535522,0.129883,0.774536
0.445435,-0.252441,0.979492
-0.334351,-0.179688,0.762207
-0.015381,0.150269,1.004517
0.234863,-0.415405,0.863525
-0.560669,0.099243,0.761475
0.435547,-0.189331,1.002563
-0.218506,-0.245605,0.767334
-0.112793,0.181152,0.974365
0.300659,-0.396851,0.895508
-0.568970,0.057373,0.757202
0.424805,-0.168579,1.025513
-0.122192,-0.315552,0.778564
-0.219116,0.197754,0.932861
0.352783,-0.365234,0.928833
-0.539673,0.006348,0.766235
0.350220,-0.108887,1.023193
-0.040771,-0.387085,0.774536
-0.286133,0.186157,0.876221
0.393188,-0.337036,0.940430
-0.514648,0.005371,0.766113
0.283081,-0.075806,0.997314
0.028442,-0.445679,0.781372
-0.348022,0.122803,0.828247
0.422363,-0.297119,0.961060
-0.486206,-0.063843,0.736572
0.196167,0.012085,1.012939
0.089111,-0.450073,0.782471
-0.426758,0.122192,0.816406
0.442993,-0.307373,0.960449
-0.453857,-0.108154,0.738037
0.116821,0.093994,1.023438
0.133057,-0.439331,0.806763
-0.481934,0.095459,0.787598
0.440186,-0.255005,0.986694
-0.380615,-0.158447,0.756958
0.040039,0.119019,1.015625
0.207520,-0.425903,0.852661
-0.542114,0.096069,0.763428
0.443481,-0.282227,0.990967
-0.285522,-0.244507,0.764893
-0.037720,0.154663,1.007446
0.241821,-0.402466,0.868530
-0.547607,0.049561,0.728271
0.444336,-0.229004,1.013550
-0.163208,-0.258423,0.795044
-0.127441,0.196045,0.979980
0.299561,-0.388184,0.911011
-0.557251,0.018555,0.747437
0.412720,-0.186890,1.018433
-0.109985,-0.312622,0.797485
-0.217773,0.187134,0.946777
0.393311,-0.424194,0.935669
-0.543213,-0.014648,0.737793
0.350220,-0.091431,1.026245
-0.018433,-0.367920,0.783447
-0.277466,0.177734,0.906006
0.414673,-0.346558,0.961670
-0.517944,-0.102539,0.728394
0.272705,-0.091797,1.004028
0.042236,-0.460449,0.773560
-0.327271,0.146118,0.859985
0.445679,-0.317871,0.972534
-0.477783,-0.065552,0.769043
0.176025,-0.003052,1.001099
0.096924,-0.477905,0.788818
-0.415894,0.117065,0.819702
0.463135,-0.301880,0.986572
-0.414673,-0.150757,0.748047
0.076904,0.112183,1.024170
0.164551,-0.460938,0.815186
-0.476318,0.065063,0.777344
0.468750,-0.275879,1.016724
-0.334839,-0.207642,0.766479
-0.016724,0.169067,1.020142
0.246704,-0.446167,0.860718
-0.521729,0.058838,0.756348
0.460693,-0.281372,1.010986
-0.252197,-0.230957,0.792480
-0.078613,0.175537,1.014038
0.293335,-0.423584,0.891357
-0.541626,0.062988,0.761230
0.444702,-0.225830,1.037720
-0.171387,-0.265137,0.805420
-0.119385,0.160889,0.998047
0.330811,-0.399414,0.921997
-0.530884,0.043335,0.767334
0.411255,-0.167969,1.040527
-0.106079,-0.317505,0.804810
-0.169556,0.153809,0.977539
0.375366,-0.422363,0.935425
-0.513794,-0.029053,0.748291
0.365112,-0.106934,1.038452
-0.041992,-0.325439,0.812378
-0.234863,0.168091,0.947388
0.414062,-0.439941,0.952026
-0.493164,-0.099854,0.747681
0.326294,-0.088989,1.030762
0.027466,-0.369751,0.809448
-0.291016,0.182495,0.920166
0.444458,-0.357666,0.988892
-0.473633,-0.143311,0.738647
0.265259,-0.073486,1.025757
0.064087,-0.446899,0.791748
-0.318604,0.170288,0.901489
0.463745,-0.313721,1.004272
-0.433716,-0.135620,0.778931
0.204468,-0.028564,1.032593
0.098511,-0.476074,0.787476
-0.342651,0.097046,0.865845
0.492676,-0.292969,1.026489
-0.422852,-0.122559,0.780518
0.120728,0.022217,1.022095
0.169678,-0.487305,0.814941
-0.405518,0.076416,0.833252
0.491577,-0.282349,1.036377
-0.369263,-0.172729,0.766235
0.059570,0.098389,1.026001
0.240723,-0.482910,0.858765
-0.460815,0.013062,0.781372
0.491821,-0.266235,1.049561
-0.285034,-0.246582,0.776489
-0.027466,0.148071,1.020386
0.308716,-0.446777,0.906616
-0.486328,0.019165,0.778564
0.464722,-0.207275,1.065430
-0.177979,-0.257568,0.823975
-0.107544,0.159424,1.013306
0.366821,-0.435425,0.947998
-0.493652,-0.017944,0.779053
0.421753,-0.119507,1.086182
-0.073120,-0.326782,0.815796
-0.174194,0.195435,1.014160
0.417236,-0.416138,0.979980
-0.483154,-0.062988,0.768433
0.370117,-0.091553,1.076050
0.013184,-0.386963,0.822388
-0.239990,0.184570,0.971558
0.476440,-0.389648,1.010254
-0.464355,-0.101685,0.776611
0.295654,-0.053101,1.060059
0.086548,-0.426636,0.821655
-0.299805,0.151978,0.938721
0.470337,-0.286621,1.001953
-0.426025,-0.154175,0.777832
0.055420,0.059937,1.009644
0.129028,-0.416016,0.852539
-0.501953,0.056396,0.758911
0.461914,-0.239014,1.020264
-0.289185,-0.198364,0.785034
-0.053223,0.155884,1.010010
0.291748,-0.467041,0.885986
-0.512085,0.026611,0.755493
0.425781,-0.202393,1.025269
-0.181030,-0.248169,0.802490
-0.151245,0.174316,0.988037
0.365112,-0.456177,0.933594
-0.542114,0.000000,0.748291
0.379028,-0.115356,1.050171
-0.049561,-0.342896,0.802856
-0.216919,0.202759,0.972534
0.413330,-0.427124,0.951416
-0.510132,-0.064941,0.754028
0.319458,-0.088745,1.021240
0.026245,-0.422241,0.800659
-0.271240,0.118164,0.892944
0.460693,-0.348267,1.000366
-0.479980,-0.097778,0.755859
0.240234,-0.032959,1.015137
0.079468,-0.450928,0.791992
-0.349854,0.086060,0.851196
0.484863,-0.317505,1.024170
-0.439575,-0.130005,0.756714
0.142334,0.018799,1.008789
0.153564,-0.475586,0.827515
-0.428955,0.080078,0.825684
0.501099,-0.301025,1.033569
-0.376953,-0.161987,0.753174
0.049927,0.130005,1.027466
0.257080,-0.468018,0.881958
-0.458496,0.040894,0.799316
0.471069,-0.285278,1.031860
-0.299805,-0.239868,0.788208
-0.015869,0.140381,1.030029
0.299683,-0.450073,0.898560
-0.507935,0.032349,0.763672
0.470703,-0.209717,1.061523
-0.168213,-0.280518,0.800659
-0.106689,0.201660,1.018066
0.347046,-0.433838,0.923950
-0.512451,0.006470,0.772461
0.436890,-0.173096,1.079712
-0.084106,-0.315552,0.834473
-0.185181,0.205444,0.996216
0.399780,-0.396851,0.959106
-0.488525,-0.070435,0.758301
0.381470,-0.120117,1.076904
0.016724,-0.370117,0.839355
-0.247070,0.195801,0.960815
0.450928,-0.375732,0.994873
-0.455078,-0.112915,0.765625
0.294678,-0.057739,1.055054
0.084961,-0.445679,0.826904
-0.290771,0.129761,0.922241
0.481812,-0.301270,1.042114
-0.425049,-0.111572,0.785034
0.227905,-0.021362,1.042480
0.126099,-0.470825,0.822998
-0.345337,0.116455,0.907593
0.506226,-0.297607,1.041504
-0.396851,-0.141724,0.779663
0.165161,0.050415,1.058228
0.209229,-0.489380,0.859009
-0.410522,0.073730,0.834717
0.510376,-0.251953,1.069214
-0.334961,-0.208862,0.782227
0.088135,0.076294,1.050781
0.285156,-0.504517,0.889038
-0.467163,0.082642,0.810181
0.496460,-0.214233,1.074341
-0.229370,-0.217651,0.845337
-0.009888,0.139404,1.058105
0.333374,-0.470581,0.928833
-0.469360,0.037842,0.805420
0.476929,-0.177856,1.087646
-0.148315,-0.244019,0.842163
-0.083008,0.217529,1.058716
0.384888,-0.436157,0.963257
-0.485229,-0.004761,0.792480
0.467041,-0.179932,1.100708
-0.039917,-0.291992,0.879883
-0.153198,0.240479,1.048706
0.427002,-0.392822,0.997070
-0.465698,-0.090576,0.783203
0.413330,-0.141846,1.100098
0.037476,-0.385986,0.870117
-0.206787,0.219604,1.020142
0.476562,-0.336304,1.037598
-0.454468,-0.088379,0.796143
0.346313,-0.106445,1.079834
0.085205,-0.414673,0.865845
-0.242920,0.142456,0.979492
0.498169,-0.253418,1.078491
-0.432007,-0.101807,0.796021
0.283691,-0.043701,1.075806
0.159424,-0.473633,0.887329
-0.332642,0.121948,0.923462
0.540039,-0.245117,1.113892
-0.376465,-0.151245,0.793335
0.192261,0.050537,1.081177
0.213745,-0.501465,0.881226
-0.361938,0.077881,0.899292
0.559082,-0.269409,1.118652
-0.348145,-0.168213,0.812256
0.131836,0.082886,1.068726
0.268677,-0.491211,0.920654
-0.398315,0.032349,0.850464
0.541870,-0.229980,1.123413
-0.280884,-0.205444,0.809937
0.070068,0.142456,1.088867
0.316528,-0.502197,0.925293
-0.422485,0.051025,0.855957
0.550171,-0.212891,1.130615
-0.238281,-0.209229,0.834717
0.015015,0.196411,1.079468
0.354858,-0.460327,0.960327
-0.428467,0.053589,0.857666
0.539551,-0.198730,1.139160
-0.190552,-0.230347,0.852417
-0.032593,0.202881,1.070801
0.400513,-0.407227,0.998169
-0.431641,0.007812,0.839355
0.514771,-0.130737,1.160522
-0.115234,-0.260376,0.867554
-0.091431,0.242432,1.083740
0.434082,-0.422241,1.006592
-0.440308,-0.046753,0.827271
0.490356,-0.140991,1.161743
-0.014160,-0.289917,0.896118
-0.152344,0.269531,1.073608
0.462524,-0.364014,1.038086
-0.439941,-0.094116,0.815552
0.435547,-0.123535,1.154541
0.045410,-0.380371,0.893066
-0.162598,0.216797,1.046875
0.488892,-0.292358,1.067017
-0.422607,-0.068481,0.816284
0.405884,-0.083862,1.151489
0.088623,-0.396362,0.910156
-0.258667,0.210449,1.000366
0.511597,-0.266235,1.101074
-0.392334,-0.151245,0.801758
0.353394,-0.023926,1.156616
0.154297,-0.404419,0.933105
-0.294312,0.219849,1.004028
0.527588,-0.257812,1.101929
-0.364258,-0.142944,0.814941
0.265625,0.007568,1.127197
0.210815,-0.434326,0.944946
-0.328369,0.135986,0.955688
0.570923,-0.253296,1.133545
-0.328491,-0.154175,0.831543
0.169556,0.091797,1.104858
0.277100,-0.436035,0.963501
-0.361694,0.085938,0.913696
0.563354,-0.225220,1.138306
-0.271851,-0.199707,0.841431
0.107056,0.136597,1.099609
0.328979,-0.426270,0.980225
-0.391846,0.064697,0.885132
0.566040,-0.192871,1.158936
-0.218628,-0.237671,0.848877
0.032104,0.175781,1.089844
0.372803,-0.398438,1.005615
-0.404663,0.030151,0.870728
0.552612,-0.177124,1.164917
-0.175049,-0.239990,0.876831
-0.016113,0.184692,1.082520
0.416626,-0.373291,1.032471
-0.428345,-0.004761,0.851562
0.530518,-0.144043,1.181641
-0.062500,-0.299561,0.894775
-0.094482,0.207764,1.075562
0.456055,-0.373535,1.037354
-0.427856,-0.035889,0.840698
0.486572,-0.099976,1.178589
0.012817,-0.333740,0.892822
-0.130859,0.226074,1.082153
0.478516,-0.324829,1.066162
-0.426758,-0.068359,0.840210
0.449585,-0.082886,1.172363
0.018311,-0.329590,0.900391
-0.209595,0.235107,1.058716
0.523438,-0.289062,1.103760
-0.395386,-0.112183,0.833496
0.365967,-0.013916,1.164917
0.076538,-0.370972,0.908203
-0.242798,0.161499,1.015015
0.544556,-0.247681,1.138672
-0.400757,-0.113403,0.813110
0.302002,-0.003662,1.139648
0.172974,-0.406128,0.942627
-0.298340,0.130859,0.962402
0.549805,-0.209229,1.148071
-0.361694,-0.166626,0.808960
0.222290,0.034790,1.130493
0.250488,-0.447266,0.953491
-0.369751,0.130737,0.920776
0.567261,-0.197632,1.156006
-0.278931,-0.187622,0.839966
0.116943,0.103516,1.110107
0.304565,-0.440674,0.971313
-0.413330,0.083496,0.903687
0.581665,-0.215942,1.160645
-0.231201,-0.223877,0.847290
0.026855,0.191284,1.100586
0.361694,-0.385254,0.987305
-0.421997,0.028076,0.872803
0.548218,-0.190430,1.165405
-0.129150,-0.276855,0.878784
-0.034302,0.189331,1.085571
0.400757,-0.360962,1.006226
-0.454834,-0.006348,0.843628
0.520752,-0.162720,1.176758
-0.025757,-0.345215,0.878052
-0.104492,0.194702,1.060425
0.424072,-0.318848,1.021851
-0.461182,-0.016357,0.819336
0.473511,-0.138428,1.162598
-0.009888,-0.382690,0.875732
-0.187134,0.192993,1.050415
0.476318,-0.305298,1.079102
-0.452026,-0.015991,0.815430
0.400269,-0.041504,1.167603
0.045410,-0.373169,0.900146
-0.240112,0.176270,1.033447
0.502075,-0.283447,1.096558
-0.443848,-0.088013,0.802002
0.342163,-0.012695,1.164429
0.093018,-0.369751,0.911377
-0.296143,0.150024,0.969360
0.536377,-0.273438,1.112305
-0.393677,-0.144165,0.804321
0.253174,0.027832,1.138672
0.166626,-0.404419,0.910156
-0.370239,0.133789,0.922485
0.549316,-0.257080,1.123169
-0.325684,-0.206909,0.813721
0.159180,0.101440,1.112549
0.224487,-0.417480,0.926636
-0.414551,0.099243,0.904785
0.557739,-0.247559,1.133789
-0.287720,-0.213989,0.819214
0.074463,0.155273,1.093872
0.282349,-0.402710,0.941895
-0.429932,0.057983,0.886841
0.542725,-0.210571,1.135864
-0.193481,-0.300903,0.821655
0.005493,0.162964,1.083862
0.306885,-0.373535,0.947144
-0.463257,0.015869,0.830933
0.538330,-0.210815,1.148315
-0.126343,-0.339233,0.828247
-0.051025,0.167969,1.059570
0.343262,-0.346436,0.967529
-0.490845,0.010132,0.807495
0.504883,-0.213623,1.123535
-0.093262,-0.342529,0.833252
-0.083618,0.166382,1.067505
0.363770,-0.327881,0.986572
-0.505127,-0.011230,0.791016
0.494019,-0.160034,1.157715
-0.065918,-0.333496,0.830078
-0.183838,0.206543,1.035767
0.423950,-0.347900,1.012695
-0.503906,-0.047607,0.799316
0.427368,-0.130737,1.128784
-0.062012,-0.319702,0.830688
-0.235107,0.195923,1.003418
0.465820,-0.338867,1.037598
-0.507935,-0.084961,0.772583
0.378174,-0.094727,1.123535
-0.017456,-0.345703,0.839478
-0.287598,0.208740,0.973511
0.470459,-0.300049,1.036621
-0.477661,-0.085205,0.771606
0.332764,-0.081787,1.128052
0.019653,-0.377686,0.849854
-0.324097,0.187134,0.949585
0.485229,-0.284180,1.051636
-0.441284,-0.102051,0.774658
0.237061,-0.038940,1.095947
0.085083,-0.390015,0.872681
-0.375732,0.170776,0.921753
0.485718,-0.246948,1.066040
-0.403564,-0.170898,0.768555
0.174927,0.006348,1.080933
0.151611,-0.402710,0.896973
-0.442383,0.138916,0.879883
0.498779,-0.229004,1.068237
-0.370239,-0.211426,0.776123
0.078247,0.087158,1.072998
0.217041,-0.434082,0.905029
-0.479370,0.057373,0.832520
0.493774,-0.206909,1.087769
-0.261719,-0.245605,0.787964
-0.024048,0.139526,1.044678
0.283813,-0.400635,0.911621
-0.506836,0.044189,0.807129
0.476196,-0.211670,1.078491
-0.180298,-0.330933,0.770630
-0.114746,0.158447,1.019653
0.320923,-0.343384,0.936279
-0.519409,-0.015137,0.776733
0.447021,-0.166382,1.107666
-0.138184,-0.344238,0.772339
-0.242798,0.186646,0.979004
0.395508,-0.325684,0.986206
-0.526123,-0.051636,0.757935
0.374878,-0.112549,1.103882
-0.079224,-0.356812,0.796143
-0.323364,0.180420,0.936890
0.424927,-0.311523,1.005859
-0.504028,-0.090454,0.749268
0.282227,-0.069702,1.081055
0.006226,-0.389282,0.829834
-0.417969,0.175415,0.892212
0.453857,-0.267334,1.031738
-0.455322,-0.141846,0.750977
0.164551,0.024414,1.061646
0.107178,-0.405151,0.871338
-0.488281,0.110107,0.845947
0.488525,-0.266479,1.068237
-0.388794,-0.199341,0.752808
0.038696,0.110107,1.044800
0.193115,-0.383789,0.877930
-0.522827,0.088379,0.812866
0.458740,-0.252930,1.055786
-0.263672,-0.292236,0.748413
-0.040283,0.142334,1.025513
0.250977,-0.373535,0.890991
-0.567749,0.065063,0.780396
0.446045,-0.243408,1.046509
-0.217529,-0.367188,0.725098
-0.113281,0.118896,0.996582
0.302124,-0.390381,0.889160
-0.560913,0.092285,0.782715
0.409912,-0.208252,1.040283
-0.180176,-0.332520,0.763672
-0.217773,0.123657,0.957764
0.359375,-0.388550,0.944458
-0.560181,0.030151,0.757690
0.345459,-0.077148,1.068237
-0.144043,-0.329834,0.748169
-0.286499,0.146362,0.934692
0.390381,-0.379395,0.959473
-0.559082,-0.013794,0.752319
0.333130,-0.078247,1.069214
-0.109009,-0.335571,0.760864
-0.356445,0.182129,0.896240
0.399292,-0.340942,0.970703
-0.532227,-0.052856,0.733398
0.277222,-0.078369,1.046509
-0.078857,-0.360718,0.768677
-0.409058,0.190063,0.893433
0.412354,-0.347290,0.967407
-0.520020,-0.099854,0.722412
0.230835,-0.056519,1.044800
-0.036499,-0.383423,0.780029
-0.465332,0.218262,0.875610
0.423218,-0.312256,0.988159
-0.499023,-0.126343,0.724609
0.164917,-0.016968,1.030151
0.028564,-0.437134,0.805176
-0.502319,0.205078,0.852783
0.423950,-0.264038,0.990234
-0.477051,-0.117188,0.735718
0.105103,0.042725,1.023926
0.088013,-0.394043,0.838013
-0.535278,0.160278,0.836914
0.429810,-0.265259,0.999023
-0.426270,-0.170166,0.732056
0.035400,0.106934,1.026245
0.146973,-0.407227,0.848877
-0.568604,0.138062,0.820557
0.442261,-0.270264,1.002563
-0.364258,-0.226074,0.739380
-0.024780,0.148193,1.005981
0.195190,-0.397461,0.864258
-0.589600,0.110229,0.783936
0.420532,-0.244263,1.003174
-0.300903,-0.322754,0.693970
-0.053833,0.154541,0.999634
0.225220,-0.383057,0.861206
-0.606934,0.115234,0.772095
0.423950,-0.249512,1.006714
-0.247559,-0.362549,0.703857
-0.126587,0.140259,0.967529
0.256226,-0.349854,0.877197
-0.619263,0.099121,0.752441
0.413940,-0.235596,1.016968
-0.193726,-0.383667,0.712646
-0.203491,0.160645,0.943726
0.298950,-0.353638,0.907471
-0.615234,0.073120,0.745605
0.372314,-0.171631,1.025391
-0.179688,-0.370850,0.723389
-0.244019,0.147095,0.923340
0.342896,-0.355957,0.919189
-0.610474,0.055664,0.732788
0.323120,-0.136719,1.011597
-0.140869,-0.368652,0.735718
-0.318359,0.167969,0.899658
0.369629,-0.349854,0.928589
-0.586060,0.001221,0.718628
0.272339,-0.077637,1.005493
-0.104492,-0.370361,0.748291
-0.390747,0.192749,0.876709
0.388916,-0.335938,0.939575
-0.553711,-0.040283,0.710449
0.217163,-0.017822,1.008545
-0.048828,-0.395630,0.753906
-0.455322,0.218506,0.864136
0.400757,-0.294312,0.948853
-0.533569,-0.070557,0.706665
0.158203,-0.018311,1.009521
0.021362,-0.421997,0.795044
-0.521240,0.203613,0.825317
0.426636,-0.272827,0.972046
-0.478149,-0.096924,0.725342
0.060547,0.106323,1.020630
0.106689,-0.418579,0.812012
-0.557617,0.182983,0.825562
0.419678,-0.228271,0.997559
-0.387695,-0.166748,0.728516
-0.009521,0.176514,1.014648
0.177979,-0.394043,0.844360
-0.582764,0.135742,0.804199
0.414062,-0.220215,1.003906
-0.318604,-0.219360,0.720581
-0.076904,0.197998,0.984497
0.238770,-0.368164,0.866577
-0.613159,0.114502,0.778687
0.422974,-0.217651,1.019653
-0.235596,-0.315063,0.711792
-0.161865,0.180664,0.935913
0.280396,-0.369751,0.874268
-0.594116,0.100830,0.770874
0.390991,-0.139526,1.025391
-0.178467,-0.341309,0.710815
-0.204346,0.181030,0.941406
0.310425,-0.351074,0.891602
-0.621094,0.068848,0.732178
0.378906,-0.160156,1.017090
-0.124756,-0.374023,0.734253
-0.274536,0.199341,0.909424
0.360474,-0.316895,0.913696
-0.604248,0.089478,0.729248
0.323486,-0.116211,1.003540
-0.066040,-0.408325,0.740234
-0.339966,0.205566,0.890015
0.387085,-0.318481,0.926514
-0.583130,0.034912,0.719116
0.245972,-0.046265,0.989136
-0.034546,-0.431274,0.753418
-0.408081,0.208130,0.871094
0.413330,-0.301392,0.946411
-0.548706,-0.011475,0.710083
0.160278,0.049072,1.001709
0.006348,-0.378662,0.773193
-0.458496,0.169312,0.844727
0.434937,-0.284546,0.979004
-0.500610,-0.075562,0.711548
0.070190,0.135376,0.995605
0.081177,-0.380981,0.795532
-0.506958,0.176636,0.830078
0.442261,-0.231445,0.997925
-0.419800,-0.133179,0.741821
0.027954,0.114990,1.002930
0.150391,-0.406860,0.824707
-0.573608,0.194580,0.808716
0.449829,-0.205566,1.001709
-0.322388,-0.176270,0.740234
-0.069336,0.170166,0.977417
0.243652,-0.412842,0.858032
-0.596924,0.117676,0.774658
0.418091,-0.156006,1.018188
-0.203003,-0.280396,0.732666
-0.160645,0.211426,0.958862
0.305054,-0.356812,0.893921
-0.607788,0.088257,0.746338
0.387451,-0.150879,1.016235
-0.110229,-0.392456,0.730103
-0.258179,0.217773,0.905396
0.368408,-0.321533,0.915894
-0.584961,0.057251,0.729858
0.295532,-0.086060,0.999512
-0.034180,-0.438843,0.743164
-0.344604,0.186157,0.866943
0.395020,-0.269287,0.944092
-0.539917,0.003296,0.720337
0.205566,0.037720,1.009888
0.021606,-0.412109,0.768555
-0.444336,0.158325,0.829956
0.437866,-0.278931,0.952393
-0.471680,-0.041138,0.737549
0.099121,0.162231,1.026367
0.088135,-0.383301,0.798340
-0.521729,0.146240,0.799072
0.438843,-0.229614,0.986816
-0.381958,-0.134399,0.751831
0.026611,0.178833,1.017822
0.180542,-0.380737,0.840942
-0.604614,0.156738,0.782471
0.434814,-0.224487,1.006470
-0.251343,-0.281494,0.727783
-0.063721,0.215088,0.980835
0.254639,-0.338623,0.872070
-0.619751,0.144653,0.741577
0.442871,-0.238647,1.001709
-0.151245,-0.350464,0.768921
-0.144531,0.174072,0.935791
0.312988,-0.338989,0.888184
-0.603760,0.151489,0.750854
0.391724,-0.138916,1.006104
-0.082886,-0.361084,0.770020
-0.243286,0.171875,0.912231
0.357056,-0.343262,0.915161
-0.565308,0.069458,0.752197
0.343140,-0.072144,0.997070
-0.051514,-0.394775,0.729980
-0.331055,0.197876,0.864746
0.394897,-0.352051,0.935181
-0.535889,-0.041626,0.727295
0.286621,-0.029541,1.013062
-0.012695,-0.404785,0.729492
-0.383789,0.214355,0.845093
0.421509,-0.309448,0.941284
-0.502319,-0.066895,0.737061
0.208374,-0.001831,1.001831
0.024048,-0.397339,0.771362
-0.435913,0.189941,0.825073
0.443604,-0.270752,0.959106
-0.474365,-0.091309,0.752686
0.113892,0.055298,0.996826
0.087891,-0.434204,0.800415
-0.474365,0.147217,0.806641
0.448853,-0.247803,0.984009
-0.427612,-0.081177,0.758911
0.053223,0.124146,1.001709
0.147217,-0.431519,0.814819
-0.531494,0.129517,0.775024
0.472534,-0.213867,1.016602
-0.350098,-0.125854,0.766479
-0.024292,0.171875,1.000610
0.224854,-0.438965,0.857178
-0.566284,0.085449,0.755493
0.450195,-0.199463,1.031128
-0.241943,-0.233276,0.777466
-0.112915,0.216064,0.984375
0.282104,-0.384521,0.890015
-0.577759,0.060181,0.745605
0.424438,-0.194336,1.020996
-0.123901,-0.312988,0.779541
-0.160278,0.229614,0.960205
0.312500,-0.348877,0.889893
-0.578979,0.096802,0.766235
0.392090,-0.176758,1.016602
-0.028687,-0.392212,0.796021
-0.229858,0.198242,0.916626
0.336304,-0.296875,0.901123
-0.559937,0.054810,0.742065
0.355469,-0.137207,1.010986
-0.006592,-0.425049,0.784424
-0.296997,0.180664,0.878052
0.395020,-0.304932,0.933105
-0.544434,-0.001221,0.733765
0.261841,-0.089722,0.977173
0.035034,-0.467651,0.756714
-0.338501,0.144775,0.849365
0.430786,-0.293457,0.962769
-0.508911,-0.040283,0.742554
0.191040,-0.016235,0.986694
0.056641,-0.450562,0.767212
-0.386841,0.108765,0.835815
0.456787,-0.286743,0.985718
-0.486084,-0.050537,0.754272
0.108276,0.065430,1.000122
0.107544,-0.458740,0.797119
-0.464844,0.102539,0.793823
0.467651,-0.288086,0.991333
-0.413940,-0.124268,0.749878
0.020996,0.158813,1.017334
0.185913,-0.425903,0.833252
-0.516357,0.090942,0.773071
0.469604,-0.273071,0.998779
-0.330566,-0.180298,0.767578
-0.058105,0.184204,0.992920
0.255737,-0.444336,0.870117
-0.547241,0.048462,0.743774
0.441650,-0.209839,1.028076
-0.231812,-0.231201,0.772339
-0.106445,0.208008,1.001709
0.311768,-0.423584,0.897339
-0.557373,0.040283,0.756836
0.411743,-0.196045,1.018799
-0.108154,-0.339600,0.785400
-0.179443,0.223389,0.961670
0.339844,-0.356201,0.919922
-0.548950,0.001343,0.750610
0.387085,-0.172974,1.029785
-0.048340,-0.400513,0.775269
-0.243408,0.192261,0.923340
0.385498,-0.366211,0.928955
-0.536499,-0.026611,0.752686
0.322754,-0.134155,1.010010
0.030762,-0.470215,0.774536
-0.321167,0.152222,0.858398
0.422241,-0.321533,0.952759
-0.493774,-0.054932,0.750244
0.240967,-0.062012,1.014893
0.096680,-0.497070,0.787354
-0.396240,0.114258,0.832275
0.438110,-0.306519,0.965576
-0.445557,-0.106323,0.748901
0.131836,0.038208,1.009888
0.136353,-0.475586,0.819824
-0.456543,0.079834,0.800293
0.463867,-0.280518,1.001587
-0.383789,-0.165161,0.747925
0.027344,0.163940,1.028442
0.214600,-0.426392,0.861450
-0.501709,0.037109,0.768066
0.464111,-0.281860,1.017456
-0.311646,-0.211426,0.770996
-0.017944,0.166504,1.021484
0.262451,-0.404175,0.870728
-0.539307,0.060181,0.750977
0.473999,-0.304443,1.020264
-0.233276,-0.257324,0.800781
-0.092407,0.155762,0.985718
0.300659,-0.386353,0.900879
-0.517944,0.046509,0.757935
0.427612,-0.210815,1.022949
-0.134766,-0.284912,0.813232
-0.156494,0.177490,0.983521
0.356323,-0.434814,0.917725
-0.519897,0.000244,0.767822
0.395874,-0.171143,1.023315
-0.072388,-0.312744,0.816284
-0.204590,0.196411,0.965698
0.401611,-0.413940,0.949463
-0.513550,-0.044678,0.767944
0.340332,-0.120605,1.034668
-0.020386,-0.378418,0.809570
-0.228516,0.156494,0.945435
0.429321,-0.410767,0.963257
-0.508789,-0.069824,0.754272
0.294922,-0.086060,1.013550
0.049194,-0.431519,0.800049
-0.293945,0.127686,0.895386
0.473022,-0.378906,0.986938
-0.464722,-0.113037,0.765747
0.243530,-0.029907,1.022217
0.069946,-0.439331,0.787354
-0.336548,0.077026,0.851685
0.485474,-0.343872,1.013794
-0.442139,-0.134644,0.769653
0.188721,0.002563,1.038452
0.128784,-0.449707,0.822144
-0.406738,0.127075,0.840942
0.486938,-0.311401,1.015259
-0.385254,-0.182739,0.769409
0.107056,0.046875,1.033325
0.201660,-0.471313,0.840088
-0.452271,0.100464,0.808594
0.443970,-0.218506,1.007690
-0.325195,-0.211914,0.777344
-0.114136,0.194092,1.001709
0.268921,-0.507568,0.865967
-0.555542,0.038696,0.753906
0.412598,-0.188965,1.022705
-0.123657,-0.330811,0.771484
-0.161865,0.199951,0.978027
0.352783,-0.361206,0.936401
-0.544922,0.005371,0.745850
0.388794,-0.152222,1.033936
-0.059204,-0.370117,0.787109
-0.233765,0.147705,0.920044
0.401733,-0.373779,0.947998
-0.540649,-0.039673,0.734985
0.328125,-0.108276,1.015991
0.029541,-0.434082,0.785767
-0.316528,0.175537,0.886841
0.421997,-0.344482,0.960083
-0.492188,-0.061523,0.753662
0.260864,-0.067871,1.019653
0.055054,-0.448242,0.792480
-0.355713,0.109009,0.842041
0.453003,-0.323853,0.983276
-0.454346,-0.106323,0.748047
0.175293,0.009888,1.014282
0.090088,-0.467773,0.783813
-0.397095,0.111450,0.835449
0.488647,-0.322998,0.991455
-0.447144,-0.135742,0.747437
0.105835,0.036377,0.996216
0.149658,-0.462891,0.814819
-0.444702,0.098511,0.800903
0.489502,-0.273804,1.018555
-0.379517,-0.173096,0.775635
0.042847,0.096069,1.016235
0.212524,-0.490356,0.840332
-0.463989,0.042725,0.760742
0.463379,-0.250000,1.026001
-0.314819,-0.193115,0.786621
-0.014526,0.110596,1.017822
0.267090,-0.467651,0.873535
-0.496948,0.047974,0.744629
0.447144,-0.208496,1.029175
-0.229370,-0.221069,0.811768
-0.080811,0.132446,1.004150
0.320923,-0.490845,0.895996
-0.505249,0.006348,0.764038
0.432495,-0.163574,1.054199
-0.150024,-0.250244,0.811768
-0.158081,0.182617,0.997681
0.387451,-0.463379,0.939331
-0.509888,-0.045898,0.758545
0.384888,-0.133667,1.048828
-0.047852,-0.346069,0.802490
-0.219116,0.187134,0.972168
0.432739,-0.404419,0.963379
-0.495483,-0.077515,0.747925
0.321533,-0.098511,1.037354
0.049805,-0.432251,0.815552
-0.289062,0.159546,0.923218
0.462646,-0.360596,0.992676
-0.460449,-0.094849,0.770386
0.247070,-0.053589,1.033813
0.100586,-0.478882,0.801270
-0.339844,0.127197,0.882935
0.487427,-0.294312,1.022949
-0.417969,-0.108521,0.782471
0.145264,0.035645,1.037964
0.185547,-0.506836,0.841919
-0.408203,0.062988,0.828003
0.507202,-0.283081,1.053711
-0.351074,-0.199341,0.769897
0.031738,0.125000,1.029907
0.277832,-0.486084,0.874878
-0.463257,0.034912,0.788818
0.479492,-0.226929,1.064941
-0.230225,-0.239502,0.817749
-0.054321,0.173340,1.036377
0.321777,-0.455078,0.919312
-0.491333,0.016235,0.789917
0.466919,-0.186768,1.083496
-0.136719,-0.277222,0.837280
-0.130981,0.204468,1.029297
0.388184,-0.431030,0.962036
-0.481934,-0.030273,0.790527
0.412842,-0.141357,1.078003
-0.024902,-0.339722,0.838135
-0.177734,0.196045,1.010010
0.432861,-0.376587,0.991577
-0.484375,-0.054565,0.774048
0.353882,-0.112427,1.067871
0.069458,-0.449219,0.851074
-0.253540,0.152466,0.961670
0.476685,-0.343628,1.018921
-0.434570,-0.069946,0.788330
0.275635,-0.028198,1.066284
0.104248,-0.437500,0.859985
-0.316162,0.129395,0.937134
0.515747,-0.325562,1.061401
-0.413208,-0.132690,0.780273
0.212524,0.043579,1.080811
0.172607,-0.446777,0.878418
-0.368286,0.123657,0.920044
0.529663,-0.309448,1.074585
-0.355957,-0.212280,0.772583
0.158813,0.101562,1.077393
0.221436,-0.422974,0.901001
-0.403442,0.081787,0.867188
0.539185,-0.318359,1.069702
-0.302124,-0.261230,0.800781
0.100098,0.094971,1.065552
0.291382,-0.435425,0.928223
-0.436401,0.073730,0.830688
0.519531,-0.232056,1.091797
-0.245728,-0.243896,0.823242
0.040405,0.127319,1.074463
0.350586,-0.463013,0.956177
-0.465698,0.073364,0.809692
0.502930,-0.198608,1.097046
-0.191895,-0.256348,0.835449
-0.028320,0.174072,1.071045
0.384644,-0.439087,0.984009
-0.467529,0.035645,0.821899
0.497925,-0.156128,1.124512
-0.130127,-0.249023,0.845825
-0.087402,0.225464,1.068237
0.432251,-0.415405,1.004761
-0.462646,-0.011597,0.820190
0.450073,-0.135254,1.116089
-0.035522,-0.315430,0.868530
-0.116699,0.219238,1.069458
0.467407,-0.374390,1.029175
-0.469116,-0.012207,0.808960
0.421021,-0.101929,1.118896
0.052368,-0.385620,0.887207
-0.190796,0.207520,1.038940
0.491821,-0.343994,1.055786
-0.429932,-0.069580,0.812256
0.375488,-0.044556,1.123047
0.078613,-0.367920,0.890259
-0.234985,0.198975,1.030029
0.517700,-0.304077,1.088623
-0.407593,-0.106567,0.809326
0.331299,-0.011353,1.126709
0.104980,-0.358887,0.910645
-0.282837,0.169678,0.976929
0.553833,-0.281494,1.117432
-0.380127,-0.159058,0.802856
0.264526,0.016846,1.116455
0.188965,-0.407959,0.922607
-0.339233,0.139404,0.930908
0.566162,-0.255127,1.125854
-0.311523,-0.213745,0.817261
0.172974,0.078735,1.103149
0.256348,-0.436646,0.938843
-0.380127,0.087036,0.889526
0.572021,-0.236450,1.128418
-0.266479,-0.202881,0.836914
0.080811,0.140381,1.095215
0.337646,-0.453613,0.973267
-0.421387,0.068237,0.869019
0.541992,-0.190674,1.142578
-0.184692,-0.230347,0.865845
0.011597,0.206055,1.108398
0.394897,-0.425415,1.001831
-0.446899,0.031372,0.836304
0.526367,-0.160034,1.153320
-0.104126,-0.255859,0.889282
-0.064331,0.234497,1.096191
0.434448,-0.373169,1.030884
-0.418457,-0.021240,0.847900
0.481689,-0.102661,1.160400
-0.017090,-0.301636,0.895996
-0.130859,0.221680,1.079590
0.494751,-0.364990,1.060303
-0.434814,-0.043335,0.840576
0.431641,-0.062866,1.164185
0.053833,-0.364258,0.890503
-0.199585,0.218018,1.054810
0.505615,-0.295166,1.095825
-0.391479,-0.122559,0.835449
0.364502,-0.031372,1.162598
0.095581,-0.363403,0.912231
-0.285034,0.192627,0.990723
0.551636,-0.269043,1.130127
-0.342651,-0.177979,0.824097
0.271729,0.024658,1.149048
0.202515,-0.408447,0.944214
-0.356567,0.143433,0.921753
0.569824,-0.228760,1.132080
-0.274292,-0.210083,0.832275
0.145142,0.091675,1.112061
0.312134,-0.425903,0.985840
-0.421997,0.092896,0.891479
0.562622,-0.177856,1.161621
-0.204712,-0.240967,0.853760
0.023560,0.173584,1.099976
0.396851,-0.404297,1.015747
-0.443604,0.022583,0.856812
0.520142,-0.130371,1.176147
-0.052979,-0.309570,0.888428
-0.089600,0.214722,1.092773
0.443848,-0.351318,1.035889
-0.446411,-0.032837,0.844849
0.483154,-0.123291,1.170410
0.005493,-0.334106,0.894165
-0.172607,0.226196,1.062988
0.497559,-0.283081,1.096558
-0.429565,-0.069336,0.829346
0.385498,-0.058594,1.165527
0.073242,-0.397095,0.906250
-0.256592,0.185547,1.015015
0.551025,-0.272095,1.132202
-0.367188,-0.133301,0.823364
0.270508,0.050903,1.150269
0.176392,-0.397583,0.928955
-0.334595,0.114380,0.938721
0.564453,-0.261841,1.132568
-0.315063,-0.197388,0.817993
0.178467,0.111572,1.125000
0.271484,-0.415161,0.946899
-0.399658,0.112793,0.896606
0.555176,-0.219238,1.143555
-0.244385,-0.289673,0.828247
0.057129,0.126953,1.097168
0.324585,-0.410522,0.962280
-0.395874,0.072144,0.884521
0.552490,-0.147949,1.167358
-0.170654,-0.257446,0.869995
-0.038086,0.163086,1.074219
0.384521,-0.411865,0.999268
-0.422974,-0.008667,0.853394
0.535889,-0.119873,1.185181
-0.077515,-0.280273,0.866333
-0.101318,0.191528,1.057983
0.421631,-0.368286,1.011353
-0.435913,-0.065552,0.838867
0.488281,-0.118896,1.175659
-0.042725,-0.327393,0.861450
-0.174072,0.196411,1.051392
0.458374,-0.319580,1.043335
-0.458374,-0.057251,0.813599
0.413452,-0.077148,1.169067
0.026001,-0.352295,0.882812
-0.252686,0.216675,1.025146
0.498779,-0.283447,1.077271
-0.432617,-0.094727,0.790405
0.332642,-0.037720,1.139526
0.107178,-0.388184,0.896240
-0.322876,0.173706,0.967041
0.527710,-0.265625,1.100586
-0.363159,-0.173950,0.801392
0.210571,0.044922,1.112671
0.196045,-0.415527,0.921143
-0.383911,0.123657,0.919189
0.531982,-0.231567,1.120728
-0.315552,-0.229126,0.802002
0.106323,0.113159,1.098267
0.273071,-0.391602,0.947754
-0.446899,0.072632,0.868042
0.536743,-0.218506,1.125977
-0.217285,-0.269897,0.826660
-0.000244,0.150879,1.075317
0.303345,-0.375977,0.949219
-0.456421,0.024414,0.838257
0.525513,-0.192139,1.140137
-0.132202,-0.328003,0.817017
-0.082031,0.156128,1.055176
0.380859,-0.391724,0.967285
-0.485474,0.004517,0.816772
0.484009,-0.137817,1.141602
-0.098389,-0.340576,0.799927
-0.170410,0.187256,1.033081
0.423462,-0.360229,1.009155
-0.495483,-0.025635,0.808960
0.432983,-0.104858,1.135498
-0.079712,-0.329712,0.809570
-0.223511,0.188110,1.003174
0.452271,-0.310181,1.045166
-0.486328,-0.096802,0.777832
0.375977,-0.079834,1.129028
-0.026245,-0.333252,0.832520
-0.312134,0.194092,0.952393
0.473389,-0.288208,1.066162
-0.433350,-0.174316,0.770752
0.296875,-0.048218,1.120605
0.026978,-0.357056,0.848145
-0.384277,0.185669,0.905151
0.492310,-0.267334,1.067627
-0.389160,-0.198975,0.773926
0.207642,-0.009644,1.098389
0.101929,-0.376221,0.874756
-0.423218,0.154907,0.889404
0.502563,-0.250244,1.087036
-0.388062,-0.222412,0.765015
0.110840,0.036011,1.063843
0.199951,-0.406494,0.912842
-0.460693,0.108643,0.855469
0.489990,-0.209229,1.078735
-0.343018,-0.191284,0.788330
0.016724,0.096069,1.045898
0.254761,-0.421387,0.914917
-0.482910,0.061646,0.846802
0.491333,-0.215210,1.098267
-0.243896,-0.286499,0.773560
-0.067017,0.134033,1.015381
0.296265,-0.390747,0.916626
-0.504272,0.018433,0.795776
0.485596,-0.211548,1.093384
-0.177612,-0.314819,0.769165
-0.180176,0.171265,0.986328
0.347412,-0.356201,0.944702
-0.511475,-0.036255,0.773071
0.433472,-0.170410,1.104614
-0.142822,-0.343262,0.775391
-0.252441,0.201782,0.976074
0.390259,-0.339600,0.969238
-0.539185,-0.039673,0.758789
0.371460,-0.150391,1.080566
-0.087891,-0.376587,0.796387
-0.311035,0.162109,0.919434
0.410156,-0.313843,0.988525
-0.532715,-0.036499,0.746704
0.295532,-0.087280,1.083862
-0.025391,-0.406860,0.814087
-0.382446,0.167480,0.915771
0.435669,-0.290771,1.016602
-0.491211,-0.085083,0.737549
0.203735,0.005615,1.063599
0.041260,-0.379150,0.840454
-0.458374,0.150757,0.868408
0.467896,-0.288330,1.027466
-0.447876,-0.151611,0.733032
0.084351,0.118896,1.042725
0.114868,-0.370728,0.856201
-0.492310,0.089844,0.848511
0.476562,-0.307251,1.038330
-0.370361,-0.252686,0.752563
0.015259,0.160400,1.041626
0.156738,-0.378296,0.848755
-0.532227,0.093140,0.807007
0.476318,-0.251099,1.061035
-0.304688,-0.286621,0.755493
-0.043701,0.110718,1.008789
0.212524,-0.392578,0.871338
-0.555664,0.080444,0.767578
0.442627,-0.224976,1.039795
-0.248779,-0.275757,0.755859
-0.101807,0.110962,0.984009
0.267456,-0.406372,0.888062
-0.572266,0.047485,0.747559
0.412720,-0.155029,1.050415
-0.204102,-0.322754,0.719238
-0.198364,0.173096,0.982788
0.320679,-0.417358,0.898315
-0.568970,0.002075,0.742432
0.388062,-0.146484,1.046265
-0.176270,-0.326294,0.728149
-0.287964,0.200928,0.949463
0.380615,-0.378540,0.940674
-0.572021,-0.041870,0.740234
0.310913,-0.134399,1.028809
-0.119141,-0.337402,0.764526
-0.369873,0.182861,0.893066
0.403564,-0.353516,0.959717
-0.548950,-0.096191,0.706665
0.228516,-0.049316,1.052124
-0.027222,-0.388672,0.787109
-0.463867,0.217773,0.877319
0.419678,-0.294067,0.984009
-0.524048,-0.127563,0.698608
0.117798,0.013916,1.015381
0.086548,-0.412109,0.827148
-0.546753,0.177002,0.825195
0.444702,-0.247803,1.022217
-0.396240,-0.188599,0.745728
-0.012451,0.123779,1.015137
0.176392,-0.419312,0.849854
-0.571045,0.111328,0.794800
0.430176,-0.205566,1.026733
-0.299561,-0.262939,0.730225
-0.097534,0.146729,0.972290
0.234131,-0.387573,0.867432
-0.593018,0.099487,0.775757
0.425415,-0.232178,1.003662
-0.222534,-0.330688,0.730957
-0.194092,0.142090,0.949707
0.277222,-0.353271,0.901245
-0.590820,0.049927,0.734253
0.368774,-0.134277,1.041260
-0.167725,-0.347534,0.727661
-0.273315,0.173462,0.929321
0.349243,-0.370850,0.912598
-0.595947,0.024536,0.725830
0.323730,-0.088623,1.033813
-0.134644,-0.355469,0.731445
-0.347046,0.167236,0.884277
0.399536,-0.345581,0.957397
-0.576050,-0.021973,0.700195
0.244751,-0.041870,1.019043
-0.074829,-0.392700,0.745850
-0.420166,0.208862,0.875610
0.413818,-0.326050,0.964722
-0.552002,-0.074341,0.688843
0.164673,0.011841,1.004761
-0.007935,-0.391235,0.786743
-0.489258,0.182251,0.859863
0.415283,-0.253540,0.984985
-0.497925,-0.127319,0.703857
0.078247,0.094116,1.017700
0.078247,-0.411621,0.809937
-0.542114,0.208740,0.831909
0.428223,-0.243652,0.995483
-0.417969,-0.165039,0.723389
0.008301,0.125244,1.016479
0.155518,-0.427246,0.830444
-0.593262,0.141357,0.784058
0.451538,-0.216187,1.028442
-0.324829,-0.208130,0.708618
-0.076172,0.192139,0.987061
0.245239,-0.381348,0.859741
-0.622925,0.114624,0.764038
0.429810,-0.243652,1.000732
-0.228149,-0.311523,0.716919
-0.162598,0.188477,0.941528
0.270752,-0.333008,0.889893
-0.610352,0.074219,0.734741
0.406372,-0.211914,1.019653
-0.179321,-0.385254,0.710815
-0.184448,0.161377,0.935181
0.301636,-0.339111,0.883423
-0.643677,0.133057,0.734619
0.363525,-0.200317,0.982788
-0.105957,-0.404907,0.735229
-0.231567,0.160767,0.923950
0.340454,-0.319946,0.906128
-0.623413,0.122559,0.709717
0.304321,-0.128784,0.972534
-0.084595,-0.394165,0.745239
-0.283569,0.150879,0.902832
0.383545,-0.319702,0.939209
-0.616577,0.078247,0.697632
0.248169,-0.045166,0.974243
-0.051758,-0.362305,0.758179
-0.360718,0.160278,0.877441
0.405518,-0.287720,0.961670
-0.574097,-0.005127,0.699829
0.189941,0.029907,0.999756
-0.024048,-0.403809,0.749878
-0.438232,0.197998,0.865601
0.415405,-0.290283,0.966309
-0.513916,-0.093018,0.720947
0.120361,0.040283,1.000244
0.046997,-0.384033,0.789185
-0.511108,0.255737,0.849731
0.457275,-0.257446,0.987305
-0.430542,-0.127197,0.746338
0.042969,0.074707,0.993286
0.141357,-0.406738,0.828613
-0.572632,0.194580,0.799438
0.425049,-0.182007,0.992798
-0.300415,-0.214233,0.743408
-0.042847,0.152466,0.992920
0.220581,-0.395264,0.864380
-0.592651,0.165527,0.789307
0.423218,-0.156372,1.009888
-0.207520,-0.262695,0.745117
-0.168213,0.191162,0.959106
0.304565,-0.394409,0.889526
-0.594238,0.094604,0.764038
0.388672,-0.107178,1.023071
-0.123291,-0.341919,0.729980
-0.277832,0.215088,0.895264
0.368286,-0.333740,0.910889
-0.572144,0.048706,0.739258
0.303345,-0.089478,0.985962
-0.048462,-0.406494,0.739990
-0.353638,0.180176,0.855469
0.395508,-0.282959,0.945801
-0.545044,-0.042725,0.699463
0.201904,0.017334,1.004028
0.022339,-0.411621,0.774292
-0.438110,0.199707,0.848999
0.432983,-0.248169,0.964966
-0.496582,-0.072998,0.732544
0.090088,0.077148,0.993530
0.094482,-0.406860,0.812378
-0.509766,0.196655,0.826782
0.434692,-0.201294,0.994995
-0.371826,-0.154907,0.750244
-0.003540,0.133057,0.996704
0.179443,-0.417603,0.843628
-0.563599,0.163940,0.804443
0.446777,-0.173218,1.014160
-0.274170,-0.192139,0.742432
-0.101929,0.189575,0.971191
0.276367,-0.413452,0.875122
-0.594360,0.109375,0.766602
0.431396,-0.153564,1.030273
-0.135742,-0.288574,0.761719
-0.211548,0.229004,0.929565
0.342651,-0.364868,0.910767
-0.570557,0.027710,0.735718
0.370117,-0.112671,1.021851
-0.070068,-0.373535,0.734619
-0.276245,0.203735,0.888794
0.392578,-0.317749,0.927856
-0.560181,-0.013672,0.717407
0.269165,-0.070190,0.985107
0.005005,-0.448364,0.740356
-0.365234,0.187500,0.857544
0.416870,-0.259521,0.954834
-0.522217,-0.030518,0.733765
0.167114,0.003296,0.989136
0.040894,-0.430542,0.762817
-0.441650,0.164551,0.826904
0.450562,-0.245728,0.981323
-0.432495,-0.095337,0.759644
0.056030,0.105591,0.992920
0.118530,-0.420166,0.796509
-0.517944,0.137573,0.791992
0.464233,-0.229492,1.002319
-0.326416,-0.153442,0.761597
-0.030396,0.195068,1.003784
0.202148,-0.376587,0.845459
-0.562744,0.092041,0.764038
0.462036,-0.226562,1.025269
-0.222290,-0.237915,0.781250
-0.115234,0.223755,0.986816
0.280273,-0.363281,0.884399
-0.592896,0.072388,0.743774
0.429810,-0.181763,1.037720
-0.104736,-0.336670,0.770508
-0.188843,0.222046,0.948975
0.344360,-0.338013,0.910034
-0.583740,0.059082,0.744141
0.367432,-0.179565,0.990601
-0.026489,-0.417236,0.766724
-0.250244,0.168701,0.894409
0.390869,-0.315308,0.927856
-0.569336,0.025024,0.727905
0.285278,-0.105225,0.972900
0.035522,-0.471802,0.765869
-0.313477,0.116211,0.853882
0.405640,-0.271729,0.953857
-0.523682,-0.017090,0.731079
0.197144,0.005127,0.996460
0.069946,-0.452881,0.771362
-0.400146,0.083618,0.809082
0.433472,-0.246582,0.985107
-0.469238,-0.068604,0.738525
0.114136,0.101440,1.012573
0.112183,-0.423584,0.794189
-0.482422,0.112427,0.791626
0.456299,-0.259888,1.003296
-0.396973,-0.148071,0.745972
0.025757,0.156372,1.023071
0.192017,-0.421631,0.822510
-0.542236,0.121094,0.766602
0.472168,-0.272949,1.008423
-0.298950,-0.220825,0.776855
-0.065674,0.182251,0.989990
0.239258,-0.386108,0.860107
-0.543945,0.051270,0.747314
0.467529,-0.263062,1.029541
-0.211670,-0.263916,0.798950
-0.140015,0.196045,0.967407
0.291504,-0.393677,0.883667
-0.550659,0.057007,0.746094
0.429077,-0.205566,1.019287
-0.128052,-0.291870,0.814087
-0.178223,0.183350,0.952393
0.332886,-0.397217,0.899902
-0.556030,0.054565,0.759033
0.381592,-0.155151,1.011963
-0.062744,-0.338257,0.809326
-0.209839,0.174805,0.942627
0.361450,-0.361450,0.928345
-0.551025,0.027832,0.744995
0.357178,-0.158691,0.996582
-0.007690,-0.396362,0.812378
-0.252930,0.160645,0.922852
0.389648,-0.326782,0.949463
-0.534546,-0.030518,0.731323
0.310547,-0.138916,0.983521
0.030396,-0.432373,0.800659
-0.287231,0.156860,0.897583
0.419922,-0.321655,0.956909
-0.526123,-0.003906,0.744019
0.249512,-0.078735,0.993652
0.072754,-0.467896,0.793335
-0.311401,0.115967,0.872559
0.430054,-0.312744,0.968994
-0.503540,-0.046875,0.749634
0.204590,-0.009399,1.011719
0.077393,-0.446533,0.805664
-0.360229,0.061279,0.839844
0.469238,-0.305054,1.002441
-0.481201,-0.061157,0.741333
0.145142,0.072021,1.008179
0.121338,-0.421753,0.819702
-0.395874,0.061401,0.831055
0.484497,-0.316650,1.014282
-0.451294,-0.124756,0.733521
0.095581,0.107666,1.026001
0.156128,-0.422729,0.834717
-0.428101,0.062500,0.809204
0.498291,-0.331177,1.018799
-0.406494,-0.188843,0.749878
0.058472,0.140015,1.019043
0.183350,-0.426514,0.844604
-0.450195,0.044800,0.792969
0.506958,-0.301758,1.043457
-0.376587,-0.187744,0.760132
0.028809,0.137085,1.020630
0.225830,-0.445801,0.873535
-0.464233,0.013062,0.767944
0.494507,-0.264038,1.046143
-0.322998,-0.212402,0.771484
-0.018555,0.152466,1.024902
0.275757,-0.496338,0.865234
-0.495605,0.044067,0.762573
0.499756,-0.273560,1.052490
-0.283447,-0.221680,0.786255
-0.048706,0.161621,1.020996
0.305664,-0.464600,0.896362
-0.499512,0.026367,0.773804
0.488770,-0.251099,1.053833
-0.228516,-0.253662,0.807739
-0.085938,0.181885,1.014404
0.327271,-0.470093,0.908813
-0.500854,0.012085,0.777588
0.466187,-0.199219,1.076660
-0.202515,-0.236816,0.813477
-0.120605,0.189209,1.015381
0.377197,-0.498413,0.920776
-0.493774,-0.016602,0.775879
0.431763,-0.148315,1.078247
-0.141235,-0.252808,0.825562
-0.154297,0.216309,1.015625
0.404541,-0.466064,0.941406
-0.489990,-0.041504,0.780151
0.413818,-0.134277,1.081909
-0.057251,-0.307739,0.844971
-0.195068,0.197876,0.997925
0.427368,-0.432617,0.971313
-0.476440,-0.055786,0.780029
0.378784,-0.112183,1.074219
0.011108,-0.345947,0.847412
-0.221924,0.189453,0.988403
0.458984,-0.402344,0.994385
-0.469604,-0.088501,0.778076
0.341675,-0.085449,1.078613
0.069580,-0.412354,0.845093
-0.267212,0.184448,0.960083
0.481323,-0.326172,1.028687
-0.431030,-0.115479,0.778809
0.271729,-0.021729,1.071167
0.099365,-0.429688,0.847778
-0.297241,0.142212,0.944946
0.495728,-0.313354,1.045654
-0.422119,-0.136353,0.777588
0.221313,0.009155,1.066650
0.154541,-0.425659,0.865845
-0.367310,0.122314,0.890625
0.534912,-0.288574,1.075439
-0.353149,-0.192383,0.785645
0.144043,0.078125,1.062378
0.227905,-0.449097,0.880981
-0.390625,0.058350,0.848267
0.465210,-0.235718,1.047241
-0.313232,-0.234009,0.778687
-0.099976,0.177734,1.010742
0.300903,-0.462280,0.917603
-0.526855,0.042603,0.768311
0.434326,-0.194092,1.051025
-0.124023,-0.321289,0.805420
-0.150635,0.188232,1.008423
0.372925,-0.435913,0.930664
-0.519043,-0.018188,0.761841
0.405884,-0.166870,1.054077
-0.036743,-0.365356,0.814209
-0.212280,0.200928,0.990845
0.419922,-0.396362,0.967407
-0.493042,-0.074463,0.765625
0.353760,-0.139160,1.045410
0.043335,-0.434570,0.822021
-0.274902,0.183594,0.934448
0.449829,-0.337036,0.997314
-0.464355,-0.108765,0.760864
0.304321,-0.097534,1.059204
0.090698,-0.463257,0.827759
-0.322632,0.148193,0.900024
0.476562,-0.331543,1.010132
-0.445190,-0.107910,0.763428
0.227905,-0.036255,1.041016
0.129395,-0.448364,0.847900
-0.358154,0.091309,0.877686
0.491699,-0.296265,1.043335
-0.416260,-0.137451,0.758057
0.158691,0.025269,1.040039
0.212891,-0.505615,0.857178
-0.411377,0.087769,0.848389
0.512817,-0.250732,1.062744
-0.339111,-0.179199,0.779541
0.066406,0.108765,1.044312
0.278564,-0.516113,0.888794
-0.448486,0.022583,0.804810
0.499512,-0.232666,1.074585
-0.266113,-0.197021,0.814453
-0.011108,0.179810,1.056641
0.327148,-0.483154,0.930298
-0.474854,-0.008545,0.789795
0.487793,-0.225220,1.089844
-0.177612,-0.242065,0.843506
-0.066406,0.225830,1.061890
0.358032,-0.412109,0.954346
-0.478149,-0.013550,0.803833
0.466431,-0.208374,1.102539
-0.101440,-0.308838,0.838501
-0.113403,0.226318,1.049927
0.423096,-0.366943,0.996338
-0.497192,0.006226,0.796265
0.422852,-0.173950,1.086548
0.011841,-0.397705,0.869873
-0.169067,0.172363,1.012329
0.453613,-0.352539,1.020874
-0.463379,-0.048218,0.798340
0.374023,-0.103149,1.097412
0.066284,-0.430908,0.843018
-0.229248,0.189697,0.994019
0.500488,-0.314209,1.063110
-0.422974,-0.088501,0.797729
0.324463,-0.051758,1.089844
0.086548,-0.430420,0.858032
-0.269531,0.156616,0.978149
0.520630,-0.289917,1.090088
-0.402954,-0.130371,0.788086
0.270630,-0.002441,1.091675
0.145874,-0.425171,0.888794
-0.335449,0.158203,0.956299
0.548828,-0.283691,1.110352
-0.356079,-0.143188,0.816528
0.198853,0.080444,1.095337
0.215576,-0.453247,0.909668
-0.363159,0.104004,0.908203
0.560059,-0.264160,1.119385
-0.308716,-0.182617,0.819702
0.142334,0.109863,1.089111
0.264282,-0.450806,0.921753
-0.395142,0.058960,0.864868
0.560913,-0.252563,1.118530
-0.271362,-0.221924,0.816162
0.078003,0.154785,1.092651
0.331543,-0.445435,0.957520
-0.429688,0.067749,0.847778
0.550781,-0.215942,1.135864
-0.237671,-0.231689,0.835327
0.040527,0.144409,1.083008
0.377075,-0.413940,0.987305
-0.434937,0.067993,0.842041
0.526611,-0.158081,1.145386
-0.171509,-0.262817,0.863647
-0.013306,0.154053,1.085449
0.412720,-0.420532,1.011475
-0.440552,0.061279,0.853638
0.515137,-0.121704,1.141724
-0.094971,-0.269531,0.889404
-0.071899,0.186279,1.075439
0.431885,-0.388672,1.031616
-0.453979,0.005249,0.829590
0.500977,-0.106445,1.168701
-0.022217,-0.301758,0.892944
-0.127441,0.236206,1.081909
0.465576,-0.378784,1.044800
-0.429321,-0.055786,0.831787
0.456299,-0.085693,1.159546
0.033203,-0.342407,0.896851
-0.171509,0.220581,1.060303
0.500610,-0.337158,1.073975
-0.420166,-0.073730,0.820801
0.411865,-0.029419,1.166382
0.047974,-0.338257,0.900391
-0.213989,0.204834,1.042725
0.531860,-0.302490,1.108643
-0.417969,-0.108276,0.818359
0.364990,-0.017212,1.152588
0.108887,-0.368042,0.912720
-0.283447,0.215088,1.010254
0.556152,-0.283936,1.135620
-0.366211,-0.172119,0.812378
0.279175,0.019165,1.148315
0.181763,-0.397461,0.934570
-0.325317,0.162354,0.956299
0.573608,-0.266113,1.139282
-0.318848,-0.193481,0.832642
0.196289,0.086792,1.133911
0.262207,-0.409302,0.954956
-0.374512,0.103149,0.896973
0.563843,-0.229004,1.140137
-0.262939,-0.239380,0.840698
0.114746,0.103271,1.112549
0.344482,-0.402832,0.993042
-0.421509,0.094849,0.885498
0.552734,-0.170410,1.164429
-0.171875,-0.256958,0.859253
0.003662,0.172852,1.098267
0.400269,-0.386963,1.018921
-0.431641,0.020386,0.861572
0.533569,-0.125244,1.178955
-0.031250,-0.309570,0.897217
-0.109497,0.212524,1.081055
0.446777,-0.377686,1.039307
-0.440918,-0.051758,0.835938
0.479126,-0.108765,1.179932
0.002319,-0.307373,0.902344
-0.187256,0.237915,1.063965
0.501221,-0.320679,1.085205
-0.427856,-0.081665,0.832764
0.398926,-0.054077,1.173584
0.073730,-0.360107,0.907593
-0.265991,0.219360,1.028076
0.535645,-0.249878,1.122559
-0.379883,-0.140137,0.811646
0.292847,0.005371,1.150391
0.169312,-0.394531,0.924438
-0.336426,0.154907,0.951172
0.563110,-0.241455,1.130249
-0.322144,-0.195923,0.823853
0.176758,0.068848,1.127808
0.256104,-0.414185,0.959351
-0.397827,0.094727,0.884399
0.561279,-0.198120,1.147827
-0.246216,-0.228638,0.841187
0.068237,0.148193,1.104004
0.326904,-0.395630,0.980713
-0.445801,0.045898,0.866089
0.550415,-0.197388,1.152100
-0.159302,-0.284668,0.854858
-0.029053,0.183350,1.085938
0.366211,-0.350098,0.993042
-0.442139,-0.013794,0.838257
0.525879,-0.182617,1.171753
-0.068848,-0.357422,0.854736
-0.113525,0.183716,1.059082
0.418823,-0.340942,1.009155
-0.463135,-0.022461,0.821167
0.461670,-0.129517,1.159546
-0.032593,-0.354492,0.864014
-0.176880,0.181274,1.039307
0.449219,-0.308105,1.037231
-0.464966,-0.032349,0.806641
0.407959,-0.083252,1.149170
0.020630,-0.372192,0.890381
-0.269897,0.197388,1.024658
0.490356,-0.296875,1.082886
-0.447876,-0.073364,0.790771
0.325073,0.020630,1.152710
0.084839,-0.385132,0.892822
-0.318115,0.153442,0.986206
0.517090,-0.274780,1.101929
-0.405029,-0.146362,0.781372
0.237549,0.063110,1.125000
0.135132,-0.400513,0.894775
-0.365356,0.132446,0.932495
0.546265,-0.292114,1.106079
-0.376099,-0.163452,0.796143
0.155762,0.093994,1.095337
0.194092,-0.402832,0.898193
-0.405396,0.075317,0.891113
0.546631,-0.255127,1.121216
-0.342407,-0.229004,0.773315
0.081787,0.130615,1.088135
0.237549,-0.396606,0.907837
-0.446411,0.084351,0.878296
0.547852,-0.262817,1.112061
-0.274780,-0.271973,0.807129
-0.004028,0.125244,1.054565
0.272095,-0.373413,0.932007
-0.455078,0.046021,0.846802
0.520020,-0.193359,1.132324
-0.213989,-0.310303,0.808350
-0.052368,0.119995,1.038696
0.319214,-0.388672,0.946167
-0.485718,0.042847,0.820435
0.487915,-0.167358,1.114868
-0.160767,-0.293823,0.804565
-0.106323,0.133057,1.018433
0.338989,-0.382690,0.955566
-0.496826,-0.029053,0.786743
0.466797,-0.168091,1.123535
-0.138672,-0.312378,0.795288
-0.187256,0.188599,1.009644
0.382324,-0.347656,0.975708
-0.519165,-0.039551,0.775269
0.425781,-0.151611,1.117310
-0.116333,-0.321045,0.804932
-0.263062,0.199219,0.973022
0.434814,-0.344238,1.009155
-0.505981,-0.072266,0.768555
0.343628,-0.090698,1.100220
-0.080688,-0.346558,0.810547
-0.302979,0.165771,0.944092
0.449829,-0.320801,1.022827
-0.497314,-0.097168,0.747803
0.279541,-0.042114,1.092773
-0.021484,-0.369019,0.813721
-0.361938,0.152832,0.913940
0.451782,-0.308472,1.030762
-0.473267,-0.147095,0.737915
0.234741,-0.019531,1.083618
0.037109,-0.374634,0.825928
-0.430420,0.187622,0.896851
0.466187,-0.272461,1.049438
-0.450317,-0.179688,0.741211
0.141479,0.027954,1.064575
0.112549,-0.437134,0.845825
-0.470459,0.133789,0.861816
0.476929,-0.259277,1.043823
-0.416626,-0.151733,0.753052
0.042847,0.105591,1.042969
0.185791,-0.408936,0.879761
-0.505859,0.056152,0.812744
0.457275,-0.225098,1.056030
-0.320190,-0.247437,0.735107
-0.040283,0.141602,1.019043
0.245361,-0.401855,0.887451
-0.533203,0.057495,0.807007
0.454346,-0.221069,1.052124
-0.274902,-0.280151,0.728516
-0.114624,0.140869,0.988281
0.300049,-0.380249,0.916992
-0.537964,0.025635,0.779907
0.433228,-0.184326,1.076416
-0.233032,-0.318481,0.722290
-0.196411,0.144043,0.961426
0.349854,-0.382690,0.940552
-0.558105,-0.010132,0.747192
0.379028,-0.122192,1.075928
-0.176025,-0.309082,0.751709
-0.278320,0.168213,0.940308
0.367310,-0.370483,0.943359
-0.569702,-0.054443,0.723877
0.334473,-0.105713,1.056885
-0.115479,-0.337891,0.758057
-0.378540,0.195923,0.895142
0.398071,-0.329102,0.968750
-0.538818,-0.109375,0.698730
0.252563,-0.079712,1.040649
-0.040039,-0.379639,0.789795
-0.448608,0.215210,0.875977
0.417725,-0.281860,0.985352
-0.501587,-0.104980,0.723999
0.127441,0.015381,1.021973
0.054565,-0.431274,0.816772
-0.499023,0.159912,0.853271
0.431152,-0.254639,1.019165
-0.446899,-0.135132,0.738403
0.029541,0.111694,1.019409
0.144409,-0.401733,0.852051
-0.559937,0.102539,0.800049
0.442505,-0.242554,1.020996
-0.345947,-0.272583,0.695068
-0.049561,0.154297,0.997803
0.211426,-0.406372,0.846558
-0.578979,0.108276,0.791260
0.426880,-0.235840,1.008179
-0.247559,-0.343750,0.705444
-0.139282,0.156006,0.952759
0.256592,-0.363037,0.879028
-0.592773,0.066040,0.753418
0.423950,-0.211914,1.034790
-0.203613,-0.332153,0.711914
-0.212646,0.172363,0.953369
0.315430,-0.379150,0.896118
-0.614136,0.073730,0.746460
0.365356,-0.195190,1.007568
-0.149048,-0.376343,0.741089
-0.270264,0.168213,0.921997
0.339600,-0.331299,0.922729
-0.608765,0.070068,0.725464
0.292847,-0.144287,0.983276
-0.104858,-0.374146,0.760620
-0.341064,0.135254,0.888062
0.366699,-0.323730,0.946655
-0.576538,0.028198,0.710693
0.234741,-0.031006,0.999146
-0.065796,-0.350952,0.775635
-0.400146,0.162964,0.884277
0.399170,-0.354858,0.932495
-0.553589,-0.018921,0.703979
0.183105,0.046875,1.009521
-0.026123,-0.338501,0.782471
-0.446533,0.192261,0.859131
0.413940,-0.344116,0.947144
-0.532837,-0.095703,0.709229
0.159668,0.021729,0.999023
-0.013428,-0.374512,0.768433
-0.494141,0.215088,0.862671
0.428589,-0.287720,0.983032
-0.516846,-0.111206,0.710815
0.112915,0.026855,1.006958
0.042847,-0.410889,0.789307
-0.527710,0.236450,0.842529
0.426392,-0.251099,0.975952
-0.472290,-0.115479,0.713745
0.055542,0.080444,1.013306
0.101196,-0.461426,0.800903
-0.550903,0.205566,0.830688
0.436401,-0.219116,0.987793
-0.415283,-0.125122,0.736450
0.009521,0.149902,1.018311
0.157593,-0.435547,0.835693
-0.574341,0.185791,0.814087
0.429688,-0.193604,1.003540
-0.344727,-0.145142,0.746338
-0.035767,0.171753,1.011108
0.191772,-0.426758,0.841675
-0.600830,0.153442,0.782349
0.445557,-0.207153,1.012573
-0.295654,-0.179932,0.745850
-0.094482,0.191772,0.978149
0.241333,-0.405151,0.868652
-0.599365,0.106812,0.759155
0.432983,-0.159058,1.023560
-0.238281,-0.268188,0.724609
-0.137573,0.195679,0.964722
0.287354,-0.386475,0.881226
-0.615234,0.113525,0.750977
0.405884,-0.153320,1.012329
-0.183594,-0.323975,0.733398
-0.206543,0.200806,0.938599
0.326904,-0.345459,0.908936
-0.608521,0.078491,0.740967
0.379883,-0.132812,1.028320
-0.130371,-0.359253,0.738892
-0.248779,0.199097,0.910278
0.345215,-0.333618,0.904907
-0.603027,0.060303,0.731445
0.341553,-0.090820,1.027710
-0.082520,-0.403931,0.736084
-0.299561,0.189453,0.886230
0.370605,-0.322876,0.918213
-0.574219,0.015381,0.718506
0.290649,-0.065308,0.991699
-0.038208,-0.397461,0.752441
-0.369385,0.191528,0.856812
0.397461,-0.289551,0.950562
-0.532227,-0.036621,0.715942
0.199463,0.025757,1.003418
-0.009277,-0.397827,0.763794
-0.413086,0.155396,0.841309
0.446045,-0.289307,0.976318
-0.508423,-0.039551,0.716553
0.121460,0.133423,1.008667
0.059204,-0.390991,0.787231
-0.480347,0.163818,0.821289
0.454956,-0.260986,1.004150
-0.434692,-0.104614,0.751221
0.050415,0.198730,1.024658
0.113647,-0.385132,0.804932
-0.534790,0.155029,0.811401
0.457886,-0.240479,1.018311
-0.377319,-0.157959,0.741089
0.003662,0.201782,1.012451
0.166504,-0.393188,0.822266
-0.565308,0.151001,0.775391
0.462280,-0.210449,1.020874
-0.320801,-0.195435,0.743896
-0.034302,0.181885,0.993530
0.232910,-0.418335,0.854858
-0.593872,0.168457,0.776978
0.443481,-0.171631,1.004761
-0.274170,-0.200928,0.748169
-0.070557,0.188477,0.986084
0.269409,-0.408325,0.881348
-0.600830,0.142822,0.760986
0.436523,-0.167969,1.014893
-0.212891,-0.248291,0.752441
-0.130981,0.222046,0.981445
0.322998,-0.415771,0.886353
-0.592163,0.114624,0.768311
0.412354,-0.151001,1.009277
-0.150391,-0.286743,0.758911
-0.182739,0.229614,0.953369
0.329834,-0.375977,0.900269
-0.585205,0.066772,0.750854
0.405273,-0.156616,1.024048
-0.103882,-0.319336,0.772583
-0.221436,0.221069,0.917847
0.359985,-0.319458,0.921143
-0.574463,0.039429,0.744629
0.358154,-0.131226,1.002808
-0.044434,-0.392456,0.761230
-0.260864,0.208374,0.905640
0.379761,-0.298950,0.923584
-0.570068,-0.002441,0.720703
0.327515,-0.130859,0.986572
0.007446,-0.421631,0.771118
-0.311279,0.195801,0.873901
0.394287,-0.283447,0.922119
-0.550293,-0.008423,0.729736
0.273560,-0.101074,0.980591
0.033813,-0.428833,0.775879
-0.345581,0.160889,0.841919
0.398682,-0.262451,0.949463
-0.517944,-0.035156,0.739990
0.224731,-0.051270,0.992920
0.040894,-0.485352,0.752808
-0.390015,0.156860,0.833008
0.445435,-0.270630,0.973389
-0.484253,-0.066650,0.741333
0.149536,0.040283,0.999023
0.075439,-0.469727,0.759888
-0.411011,0.109131,0.816895
0.461060,-0.299194,0.975830
-0.468262,-0.078125,0.746826
0.100098,0.087280,1.004883
0.127441,-0.466064,0.791992
-0.471802,0.108276,0.797241
0.461182,-0.280884,0.991943
-0.424316,-0.124756,0.739624
0.033691,0.130005,0.999268
0.180908,-0.459839,0.820679
-0.510254,0.077393,0.769043
0.466431,-0.248047,1.018799
-0.348389,-0.184082,0.748657
-0.039673,0.177246,1.004150
0.242065,-0.431641,0.865112
-0.537476,0.044678,0.752686
0.454102,-0.257324,1.016602
-0.253540,-0.246582,0.773315
-0.094849,0.220215,1.001953
0.289673,-0.379150,0.889282
-0.556641,0.064209,0.749390
0.422241,-0.228516,1.015991
-0.149658,-0.334351,0.779907
-0.148193,0.208618,0.973755
0.330444,-0.376465,0.908569
-0.569702,0.055298,0.753052
0.387939,-0.189453,1.013428
-0.046265,-0.366699,0.812256
-0.213135,0.174194,0.924438
0.356079,-0.329102,0.946655
-0.543579,-0.018066,0.740845
0.349121,-0.164185,1.009766
-0.000244,-0.439453,0.790894
-0.278809,0.167603,0.900757
0.413208,-0.321533,0.962646
-0.519043,-0.049194,0.730957
0.260864,-0.072266,0.997070
0.043091,-0.436523,0.792114
-0.299805,0.098877,0.875366
0.452393,-0.335693,0.978882
-0.512451,-0.027710,0.731079
0.203491,0.047363,1.020142
0.084473,-0.431274,0.803711
-0.354858,0.096069,0.864136
0.464966,-0.348022,0.988770
-0.483765,-0.094971,0.735107
0.147095,0.059326,1.007690
0.109985,-0.440796,0.807373
-0.383179,0.075195,0.838745
0.481445,-0.328247,0.999146
-0.452393,-0.129883,0.749390
0.103516,0.063477,1.013428
0.158447,-0.453857,0.839600
-0.432495,0.087280,0.812866
0.478394,-0.292603,1.020386
-0.389771,-0.160767,0.770142
0.051636,0.104980,1.013062
0.205444,-0.471802,0.858398
-0.468140,0.044067,0.787476
0.507202,-0.313110,1.037476
-0.355225,-0.182983,0.767700
0.000122,0.161865,1.023438
0.253174,-0.433716,0.872681
-0.460083,0.015747,0.781250
0.482666,-0.297852,1.031250
-0.304688,-0.253174,0.770020
-0.013916,0.154663,1.039673
0.277588,-0.454712,0.874512
-0.510498,0.026855,0.766235
0.490356,-0.273193,1.040649
-0.231445,-0.250610,0.801636
-0.076050,0.174438,1.012573
0.334229,-0.459839,0.911865
-0.506836,0.034546,0.782349
0.446655,-0.224243,1.054199
-0.185791,-0.266113,0.816040
-0.103149,0.183838,1.018799
0.356567,-0.459595,0.929688
-0.513794,-0.000488,0.781860
0.439087,-0.164673,1.081421
-0.125977,-0.285278,0.811157
-0.127808,0.212524,1.021606
0.376099,-0.422607,0.943726
-0.507446,-0.034668,0.775024
0.433350,-0.175293,1.073730
-0.037598,-0.344238,0.840210
-0.189331,0.206177,0.984863
0.416870,-0.377441,0.982666
-0.493652,-0.062378,0.753540
0.390381,-0.150146,1.072144
0.030029,-0.437622,0.825928
-0.211060,0.161987,0.974609
0.446167,-0.332275,1.018066
-0.479004,-0.058960,0.764893
0.339355,-0.094604,1.070679
0.077881,-0.453369,0.861938
-0.265747,0.126465,0.973511
0.485352,-0.333130,1.046021
-0.444458,-0.089355,0.766479
0.281494,-0.001587,1.082520
0.091309,-0.374390,0.864746
-0.317261,0.159058,0.958252
0.524048,-0.352295,1.063354
-0.430176,-0.147705,0.766602
0.259888,0.013672,1.084595
0.141113,-0.397461,0.872070
-0.353638,0.168823,0.937622
0.526489,-0.316406,1.072754
-0.382324,-0.206177,0.779785
0.217896,0.037842,1.087280
0.194824,-0.405762,0.899658
-0.379517,0.132812,0.889282
0.544556,-0.297607,1.088623
-0.369019,-0.229492,0.771240
0.187134,0.011719,1.072021
0.220459,-0.432739,0.904785
-0.382080,0.106689,0.872314
0.543335,-0.265259,1.090576
-0.307617,-0.213989,0.819458
0.131836,0.052979,1.057861
0.259888,-0.450928,0.918457
-0.392700,0.071045,0.849976
0.551392,-0.235596,1.104492
-0.281250,-0.208374,0.817261
0.064697,0.116211,1.064209
0.325195,-0.497681,0.934692
-0.409424,0.032593,0.837891
0.536255,-0.181152,1.126587
-0.229736,-0.213867,0.829712
0.003052,0.171265,1.054443
0.375000,-0.459717,0.971191
-0.425659,0.017212,0.838013
0.521362,-0.145508,1.150391
-0.161011,-0.225220,0.864746
-0.060425,0.212036,1.066772
0.405518,-0.425293,0.995239
-0.430542,-0.016357,0.839233
0.502075,-0.118286,1.161621
-0.051758,-0.271729,0.887573
-0.120117,0.243774,1.079956
0.446411,-0.410156,1.014404
-0.441772,-0.056885,0.824341
0.457886,-0.121216,1.140015
0.028442,-0.329712,0.904907
-0.141968,0.217773,1.075073
0.481934,-0.325562,1.065552
-0.457397,-0.050415,0.812866
0.420166,-0.099731,1.137451
0.080933,-0.368408,0.906860
-0.191284,0.177734,1.031372
0.507568,-0.254150,1.104858
-0.426147,-0.073242,0.813599
0.349365,-0.040649,1.133301
0.120605,-0.439575,0.914429
-0.267090,0.130981,0.991211
0.558716,-0.246948,1.154907
-0.389648,-0.117432,0.803345
0.267700,0.051392,1.128906
0.203735,-0.464355,0.926758
-0.329468,0.118164,0.963379
0.579224,-0.248657,1.169678
-0.346558,-0.162354,0.817871
0.185425,0.107544,1.113892
0.252197,-0.433228,0.947266
-0.338623,0.071533,0.927124
0.581299,-0.243408,1.160034
-0.299683,-0.167725,0.858521
0.123169,0.155396,1.107544
0.308105,-0.447510,0.968750
-0.388062,0.086060,0.915649
0.566650,-0.214722,1.159302
-0.227661,-0.252075,0.843628
0.064331,0.198853,1.113770
0.330078,-0.407349,0.983276
-0.428101,0.047729,0.874390
0.590576,-0.220581,1.182983
-0.192505,-0.281982,0.852661
-0.002686,0.229126,1.112549
0.383911,-0.410767,0.980347
-0.423828,0.057983,0.884033
0.548584,-0.204224,1.153809
-0.119019,-0.294556,0.884644
-0.040039,0.193726,1.097900
0.395996,-0.374634,1.003418
-0.424805,0.018066,0.863159
0.530762,-0.147949,1.175537
-0.057861,-0.313721,0.897217
-0.076294,0.191528,1.081299
0.427979,-0.376831,1.020874
-0.442993,-0.013794,0.834351
0.509766,-0.122559,1.169800
-0.021118,-0.312500,0.887451
-0.121826,0.204834,1.078735
0.447510,-0.328735,1.045288
-0.453979,-0.028442,0.829102
0.483032,-0.119385,1.177612
0.002075,-0.344604,0.891357
-0.182861,0.226196,1.065308
0.476807,-0.315918,1.065186
-0.447021,-0.051880,0.822998
0.432495,-0.068848,1.184448
0.023804,-0.336914,0.892334
-0.247681,0.230225,1.036987
0.519531,-0.307983,1.091187
-0.426025,-0.114990,0.802979
0.361694,-0.031860,1.172974
0.065918,-0.353394,0.897461
-0.292847,0.192749,0.998657
0.553711,-0.306763,1.101929
-0.405029,-0.137207,0.807251
0.282104,-0.022095,1.124634
0.162231,-0.378052,0.931030
-0.348022,0.167603,0.939209
0.547852,-0.244019,1.108276
-0.356934,-0.176147,0.807251
0.171265,0.045776,1.118286
0.250610,-0.419312,0.960205
-0.403687,0.119751,0.902222
0.543457,-0.199829,1.118896
-0.292114,-0.216553,0.821899
0.048340,0.118652,1.084595
0.317505,-0.400757,0.970093
-0.431763,0.034058,0.863647
0.529785,-0.174316,1.150879
-0.174438,-0.272461,0.822144
-0.052734,0.161377,1.065552
0.365234,-0.354980,0.982544
-0.430664,-0.078735,0.816528
0.439209,-0.073608,1.186035
-0.098145,-0.332764,0.817749
-0.224731,0.225220,1.044067
0.427368,-0.335083,1.020142
-0.403320,-0.078125,0.821655
0.329956,-0.019653,1.147705
0.140015,-0.382568,0.929688
-0.301025,0.161865,0.975098
0.560791,-0.259521,1.131470
-0.354370,-0.149536,0.819702
0.209717,0.055908,1.116943
0.250244,-0.420288,0.946167
-0.363647,0.097290,0.913574
0.559326,-0.205688,1.147583
-0.277588,-0.221191,0.831299
0.092651,0.119019,1.100952
0.319702,-0.403320,0.978149
-0.433960,0.072510,0.884521
0.563110,-0.188721,1.166626
-0.158813,-0.288452,0.855103
-0.015137,0.180420,1.075317
0.363892,-0.344971,1.000610
-0.445679,0.003662,0.842285
0.532104,-0.176392,1.165283
-0.049072,-0.348877,0.863647
-0.105103,0.183594,1.058228
0.410156,-0.333496,1.013428
-0.457275,-0.033203,0.817749
0.462769,-0.126343,1.161865
-0.017456,-0.375122,0.865234
-0.190918,0.183350,1.040771
0.448608,-0.281982,1.064697
-0.462036,-0.056274,0.800049
0.395020,-0.061401,1.165771
0.043213,-0.367188,0.888550
-0.275391,0.181519,1.003784
0.515991,-0.284180,1.097656
-0.427124,-0.121460,0.782471
0.286865,-0.002930,1.130005
0.121216,-0.412842,0.885742
-0.320679,0.145630,0.951660
0.525513,-0.243042,1.111206
-0.371338,-0.182007,0.785278
0.191895,0.056396,1.106567
0.180542,-0.421387,0.900635
-0.395386,0.115479,0.900269
0.539551,-0.228882,1.130493
-0.325806,-0.202759,0.807983
0.096558,0.119751,1.082397
0.235840,-0.406616,0.920776
-0.443970,0.075195,0.872681
0.544312,-0.246948,1.131714
-0.275269,-0.255127,0.810181
0.017944,0.153198,1.069824
0.287354,-0.384155,0.922241
-0.457031,0.064575,0.855103
0.520264,-0.215088,1.105957
-0.191650,-0.290161,0.815918
-0.043701,0.136597,1.042969
0.321411,-0.361450,0.955933
-0.477783,-0.007690,0.813232
0.502319,-0.218872,1.115234
-0.145996,-0.320190,0.804932
-0.120117,0.164673,1.020264
0.361206,-0.347046,0.963257
-0.490845,-0.016113,0.794556
0.466431,-0.192017,1.114136
-0.112305,-0.345825,0.799561
-0.202637,0.175537,0.996338
0.395996,-0.346069,0.984741
-0.499756,-0.041260,0.779907
0.395752,-0.120117,1.113037
-0.085083,-0.347656,0.818481
-0.275269,0.193970,0.978882
0.441040,-0.341675,1.013550
-0.498779,-0.051392,0.769531
0.318848,-0.042236,1.110352
-0.036377,-0.351196,0.820068
-0.323975,0.151611,0.940063
0.468628,-0.333252,1.028564
-0.473877,-0.107544,0.740723
0.247925,0.029175,1.098511
0.026367,-0.329102,0.835083
-0.394775,0.143311,0.920044
0.493530,-0.338623,1.037476
-0.467773,-0.140259,0.742432
0.165039,0.074585,1.078857
0.094116,-0.352783,0.857178
-0.459106,0.132568,0.867798
0.480103,-0.292847,1.052856
-0.413452,-0.212036,0.749268
0.080566,0.081543,1.040649
0.147095,-0.367554,0.870605
-0.501099,0.098022,0.824707
0.486938,-0.265137,1.056641
-0.318237,-0.270752,0.772705
-0.007935,0.118042,1.026001
0.198608,-0.401245,0.862549
-0.519897,0.049927,0.797363
0.472412,-0.227661,1.071411
-0.261353,-0.298706,0.743530
-0.078247,0.153442,0.995972
0.260864,-0.381470,0.881958
-0.557495,0.040039,0.768677
0.448608,-0.229858,1.052368
-0.208984,-0.349854,0.742065
-0.158447,0.140259,0.968750
0.296509,-0.354858,0.914673
-0.572876,0.021118,0.747192
0.409546,-0.218506,1.048584
-0.181030,-0.371460,0.731689
-0.238892,0.160156,0.959595
0.349365,-0.354248,0.933594
-0.589600,0.018921,0.736328
0.334717,-0.152100,1.046387
-0.114502,-0.385254,0.773438
-0.289673,0.158936,0.939575
0.354492,-0.322021,0.944580
-0.570190,0.007446,0.719971
0.293701,-0.071411,1.042480
-0.069580,-0.354736,0.788940
-0.377930,0.159790,0.899780
0.391113,-0.342407,0.961426
-0.531860,-0.061523,0.707275
0.222046,-0.017090,1.027466
-0.037354,-0.346436,0.793335
-0.437988,0.177246,0.874756
0.408936,-0.308716,0.987671
-0.526978,-0.117310,0.704712
0.154785,0.004028,1.029663
0.019897,-0.405396,0.803345
-0.499146,0.177734,0.843872
0.432007,-0.273804,1.005493
-0.463135,-0.128418,0.740601
0.074097,0.060669,1.024658
0.097046,-0.433960,0.819702
-0.553833,0.164062,0.822632
0.443359,-0.266113,1.005249
-0.403564,-0.180908,0.730103
0.000732,0.128906,1.016357
0.170044,-0.386475,0.857666
-0.568481,0.121826,0.794678
0.427246,-0.219971,1.027344
-0.312256,-0.287231,0.712646
-0.096191,0.160278,0.994629
0.247803,-0.432373,0.857910
-0.600342,0.084473,0.764771
0.415039,-0.187500,1.030151
-0.219604,-0.293213,0.725220
-0.191162,0.189453,0.961914
0.301880,-0.380249,0.889771
-0.608643,0.047607,0.748047
0.367554,-0.181763,1.023315
-0.179688,-0.358154,0.722290
-0.252075,0.163940,0.929932
0.346924,-0.333740,0.927856
-0.614136,0.048828,0.735107
0.312256,-0.126831,1.013062
-0.102173,-0.410767,0.730103
-0.351196,0.195801,0.888062
0.374512,-0.330078,0.930542
-0.572754,0.035522,0.727905
0.234009,-0.052368,0.998169
-0.042236,-0.407837,0.768921
-0.431152,0.200439,0.864136
0.405396,-0.298950,0.956543
-0.550903,-0.049805,0.707397
0.131592,0.051880,0.999390
0.023193,-0.402222,0.781860
-0.499268,0.198730,0.853760
0.428101,-0.281006,0.980347
-0.442505,-0.117554,0.745605
0.045410,0.138550,1.018066
0.060669,-0.385376,0.797729
-0.543701,0.160278,0.817505
0.454712,-0.267456,1.002075
-0.344360,-0.190674,0.756714
-0.020142,0.201904,1.017212
0.129028,-0.357544,0.814331
-0.585327,0.145386,0.770752
0.445312,-0.280762,0.998779
-0.275879,-0.290771,0.732056
-0.062378,0.155396,0.982300
0.206787,-0.326782,0.855713
-0.641479,0.153809,0.746216
0.436523,-0.244873,1.003662
-0.183350,-0.386108,0.734253
-0.128784,0.148071,0.955688
0.275146,-0.341919,0.871948
-0.651123,0.170288,0.736938
0.385254,-0.229004,0.973999
-0.119751,-0.379517,0.764404
-0.223633,0.141968,0.914062
0.342163,-0.350464,0.906128
-0.599243,0.141357,0.739014
0.284424,-0.062744,0.971313
-0.087646,-0.372559,0.740601
-0.269409,0.133545,0.917847
0.390381,-0.360962,0.936279
-0.602051,0.093628,0.730957
0.262329,0.018188,0.995117
-0.047852,-0.356201,0.743042
-0.346313,0.164185,0.867676
0.397339,-0.312500,0.958130
-0.563843,-0.022705,0.708374
0.243042,-0.008301,1.001099
-0.021851,-0.410156,0.734497
-0.424561,0.199341,0.842163
0.407959,-0.274902,0.959351
-0.514526,-0.067505,0.716431
0.201538,0.026245,1.015747
-0.007324,-0.387695,0.753174
-0.467529,0.238892,0.835938
0.438599,-0.289429,0.965332
-0.486450,-0.101196,0.733643
0.135620,0.014771,1.001953
0.052490,-0.393433,0.793091
-0.507202,0.220947,0.813721
0.438721,-0.251465,0.971069
-0.432251,-0.137695,0.737061
0.078125,0.089600,1.008179
0.109009,-0.405640,0.812134
-0.526978,0.192871,0.815796
0.441284,-0.209717,0.985107
-0.376221,-0.140869,0.742798
0.001709,0.142822,0.995361
0.195679,-0.425659,0.842041
-0.581299,0.158203,0.781006
0.430664,-0.168701,0.998413
-0.280518,-0.200073,0.744263
-0.075073,0.178467,0.980347
0.264648,-0.411133,0.878784
-0.587280,0.114258,0.770874
0.418823,-0.141724,1.015259
-0.166016,-0.285522,0.747925
-0.165161,0.198608,0.955444
0.321167,-0.384155,0.903687
-0.583252,0.076416,0.760254
0.376953,-0.107910,1.021606
-0.085938,-0.355713,0.741577
-0.246704,0.199585,0.912476
0.377319,-0.350586,0.920654
-0.557495,0.010376,0.729492
0.299561,-0.055054,0.999634
-0.027588,-0.414062,0.746338
-0.316162,0.170898,0.868896
0.414185,-0.305054,0.944092
-0.542847,-0.025757,0.726562
0.192993,-0.007324,0.973877
0.043091,-0.438477,0.768066
-0.395630,0.137695,0.831055
0.434082,-0.266602,0.983154
-0.494873,-0.074951,0.727051
0.117310,0.087769,1.006714
0.089111,-0.415771,0.785034
-0.486206,0.140381,0.802734
0.470459,-0.279663,0.987061
-0.399170,-0.116333,0.761841
0.008423,0.158203,0.999878
0.167114,-0.413818,0.821655
-0.535522,0.099976,0.774902
0.468018,-0.227783,1.015625
-0.281860,-0.182495,0.775024
-0.053711,0.193970,1.000366
0.236816,-0.367065,0.870605
-0.589478,0.078369,0.728027
0.451782,-0.226562,1.030762
-0.172241,-0.279297,0.788208
-0.133545,0.206055,0.979004
0.302368,-0.351440,0.889771
-0.586914,0.105103,0.747192
0.402588,-0.165894,1.024170
-0.068970,-0.344849,0.803589
-0.200317,0.163574,0.918701
0.348511,-0.325073,0.922241
-0.565186,0.054688,0.743042
0.330688,-0.123901,0.995117
-0.014038,-0.420532,0.770630
-0.269775,0.171265,0.895020
0.403076,-0.330566,0.949829
-0.546997,0.019897,0.729736
0.260132,-0.062256,0.984741
0.028809,-0.436523,0.777222
-0.331055,0.119263,0.852295
0.423828,-0.316895,0.962402
-0.498657,-0.063599,0.741211
0.191162,0.021729,1.015259
0.080933,-0.428833,0.783691
-0.407593,0.129639,0.828369
0.459595,-0.348389,0.968140
-0.474731,-0.116333,0.748047
0.135254,0.052124,1.018677
0.098022,-0.420288,0.785889
-0.459106,0.151367,0.802734
0.472778,-0.317261,0.980469
-0.412842,-0.144775,0.757935
0.045410,0.097412,1.001709
0.172485,-0.465820,0.809814
-0.502686,0.088623,0.782471
0.475586,-0.309326,0.991211
-0.339600,-0.172974,0.785034
-0.025757,0.140503,1.003540
0.241211,-0.463745,0.840332
-0.505493,0.057739,0.755737
0.451172,-0.232300,1.017212
-0.260864,-0.187500,0.805176
-0.093872,0.162476,0.985596
0.301880,-0.473145,0.873779
-0.524170,0.040527,0.760010
0.422119,-0.188477,1.021606
-0.169067,-0.279175,0.791504
-0.149658,0.161011,0.981201
0.343872,-0.432251,0.920166
-0.558838,0.050659,0.743896
0.403687,-0.168823,1.031250
-0.051392,-0.364868,0.807129
-0.239746,0.202637,0.954590
0.386353,-0.400879,0.935059
-0.526489,-0.017944,0.737793
0.338501,-0.104126,1.040161
0.023560,-0.451538,0.793701
-0.284668,0.170288,0.913696
0.435791,-0.387695,0.958862
-0.497314,-0.094360,0.734253
0.230835,-0.034424,1.011475
0.076050,-0.472290,0.777344
-0.328735,0.111084,0.880615
0.462402,-0.322388,0.998291
-0.459717,-0.124634,0.743530
0.136353,0.024658,0.997803
0.134766,-0.462769,0.815308
-0.406738,0.079712,0.837280
0.481934,-0.289185,1.034302
-0.374512,-0.203003,0.745483
0.037720,0.135620,1.023682
0.227295,-0.464966,0.851929
-0.475952,0.031494,0.786743
0.498657,-0.309570,1.031860
-0.266235,-0.258789,0.801514
-0.064453,0.175903,1.022827
0.283325,-0.412842,0.887939
-0.511597,0.060547,0.786377
0.464966,-0.253418,1.046997
-0.127197,-0.301880,0.829468
-0.143555,0.206909,1.007080
0.351196,-0.405762,0.921021
-0.510986,0.017334,0.773560
0.404053,-0.163940,1.056152
-0.002319,-0.399170,0.837524
-0.195923,0.167358,0.987793
0.398071,-0.374023,0.964111
-0.499390,-0.033936,0.750000
0.350220,-0.104980,1.040894
0.070923,-0.437744,0.835327
-0.271973,0.176880,0.967285
0.462280,-0.370605,1.003906
-0.464966,-0.134521,0.754761
0.252808,-0.036743,1.041138
0.097534,-0.424194,0.824463
-0.309692,0.127686,0.915649
0.503662,-0.329468,1.045044
-0.416382,-0.150146,0.782715
0.182373,0.014404,1.042603
0.148682,-0.450073,0.846069
-0.364746,0.077515,0.871704
0.518555,-0.285156,1.070190
-0.380127,-0.174316,0.766357
0.135986,0.055664,1.050049
0.244995,-0.484619,0.884155
-0.430420,0.074707,0.836670
0.533447,-0.275024,1.077881
-0.301025,-0.217163,0.787964
0.050171,0.122437,1.047119
0.291748,-0.468750,0.906250
-0.448730,0.018433,0.799683
0.520752,-0.244629,1.090454
-0.241089,-0.231934,0.807129
-0.024048,0.200073,1.061035
0.348389,-0.448120,0.950562
-0.467163,-0.014893,0.807739
0.502319,-0.208618,1.119995
-0.159912,-0.273682,0.832153
-0.089478,0.215332,1.039551
0.404419,-0.388306,0.988403
-0.478394,-0.013062,0.801392
0.476807,-0.179688,1.121216
-0.054810,-0.342285,0.855225
-0.141479,0.189575,1.024170
0.444336,-0.364136,1.007080
-0.469849,-0.026733,0.796875
0.413086,-0.117554,1.117310
0.067505,-0.425537,0.888306
-0.203613,0.176025,1.029663
0.465332,-0.334106,1.049194
-0.452759,-0.045044,0.788452
0.370483,-0.049805,1.128662
0.075073,-0.399658,0.894043
-0.246704,0.172729,1.020752
0.498291,-0.306763,1.073853
-0.410034,-0.108521,0.802612
0.314209,-0.002686,1.118408
0.128296,-0.398193,0.902832
-0.312988,0.171997,0.975220
0.544434,-0.273438,1.120117
-0.371094,-0.153809,0.797363
0.244385,0.057129,1.122070
0.213135,-0.412354,0.919678
-0.354248,0.132935,0.919922
0.559326,-0.265137,1.119751
-0.305420,-0.209961,0.817017
0.149658,0.090942,1.098877
0.283813,-0.435425,0.954346
-0.385254,0.070679,0.863159
0.547363,-0.208374,1.120361
-0.246826,-0.210449,0.839233
0.064209,0.142456,1.089111
0.352539,-0.432373,0.985107
-0.423828,0.069092,0.860840
0.530396,-0.167847,1.138184
-0.177490,-0.231201,0.866089
-0.011230,0.173462,1.081055
0.418457,-0.410767,1.019165
-0.437378,0.026855,0.849731
0.495728,-0.105225,1.156982
-0.060059,-0.301025,0.881714
-0.080933,0.220947,1.087891
0.466064,-0.374878,1.052246
-0.449097,-0.006104,0.836182
0.460327,-0.080688,1.161255
0.042358,-0.354004,0.892822
-0.151489,0.207275,1.073242
0.475220,-0.299438,1.068237
-0.430420,-0.074951,0.819946
0.431641,-0.063354,1.161499
0.050659,-0.333862,0.901489
-0.244019,0.241699,1.052368
0.548828,-0.318237,1.111938
-0.405762,-0.155151,0.799805
0.328491,-0.013550,1.143799
0.130981,-0.378784,0.919434
-0.275391,0.167480,0.985718
0.586914,-0.274902,1.145996
-0.365112,-0.171265,0.807983
0.240479,0.044922,1.133301
0.217407,-0.412354,0.937988
-0.336060,0.104126,0.930664
0.579834,-0.253418,1.150391
-0.295654,-0.215332,0.837036
0.152954,0.095215,1.111084
0.282349,-0.409790,0.962769
-0.392578,0.114136,0.907715
0.580933,-0.227173,1.147827
-0.242920,-0.229492,0.846313
0.064819,0.118042,1.094116
0.360229,-0.414673,0.994507
-0.422363,0.085205,0.890503
0.546265,-0.127075,1.163574
-0.152466,-0.275146,0.861450
-0.023682,0.176758,1.105957
0.402954,-0.408447,1.009277
-0.449097,0.045898,0.873413
0.523193,-0.110840,1.169800
-0.027466,-0.339355,0.881226
-0.096802,0.201660,1.087769
0.429688,-0.334351,1.038086
-0.441772,-0.030151,0.839478
0.489990,-0.099365,1.181641
-0.022339,-0.298218,0.883789
-0.171753,0.221558,1.057373
0.496704,-0.339844,1.073608
-0.447754,-0.080322,0.829224
0.414795,-0.085327,1.167114
0.024536,-0.332764,0.905396
-0.225708,0.196289,1.030029
0.510742,-0.267578,1.111084
-0.429199,-0.094482,0.800415
0.349731,-0.034668,1.158691
0.101685,-0.391235,0.917847
-0.301392,0.154175,0.965454
0.533936,-0.270142,1.105957
-0.375977,-0.125366,0.814209
0.255737,0.022217,1.134766
0.161621,-0.404663,0.924194
-0.349976,0.127441,0.938843
0.553345,-0.261353,1.132080
-0.333618,-0.188110,0.811157
0.175537,0.085327,1.119141
0.220947,-0.393188,0.928955
-0.413452,0.098511,0.887573
0.549683,-0.239258,1.135742
-0.266846,-0.266602,0.816162
0.090576,0.131104,1.099854
0.267090,-0.398926,0.946655
-0.449219,0.100830,0.863525
0.549805,-0.255249,1.120117
-0.234619,-0.276611,0.825684
0.020874,0.123047,1.072021
0.305542,-0.357056,0.954834
-0.458374,0.054810,0.839111
0.537354,-0.199097,1.140747
-0.144531,-0.327515,0.834595
-0.049072,0.124756,1.052612
0.348022,-0.365601,0.973877
-0.474365,0.022583,0.822510
0.498291,-0.156616,1.136841
-0.115479,-0.323120,0.820312
-0.108154,0.156982,1.057129
0.390015,-0.343018,0.994995
-0.491821,0.017090,0.807617
0.445068,-0.112915,1.138184
-0.089111,-0.343506,0.813232
-0.183838,0.169189,1.031616
0.438965,-0.355469,1.016968
-0.508545,-0.033813,0.785034
0.394775,-0.070068,1.128174
-0.052002,-0.300659,0.853760
-0.251953,0.182983,1.001099
0.467041,-0.339233,1.046387
-0.500854,-0.080688,0.767944
0.331177,-0.061157,1.126587
0.008545,-0.335205,0.844116
-0.324829,0.186157,0.961426
0.470581,-0.278442,1.050171
-0.440918,-0.140747,0.774048
0.249634,-0.031494,1.106201
0.068848,-0.397583,0.847656
-0.390137,0.168701,0.894653
0.489868,-0.266235,1.062256
-0.396484,-0.156006,0.786377
0.156616,0.015625,1.063843
0.130859,-0.389160,0.888794
-0.453735,0.132080,0.871582
0.505981,-0.271240,1.066406
-0.368042,-0.196899,0.776001
0.064453,0.094360,1.058105
0.203979,-0.390747,0.893921
-0.489624,0.083984,0.835205
0.492432,-0.226807,1.082031
-0.273071,-0.258911,0.788330
-0.021606,0.100464,1.030884
0.260742,-0.419312,0.894043
-0.512085,0.063110,0.807251
0.478638,-0.197266,1.081299
-0.199585,-0.283813,0.791504
-0.122925,0.129028,0.994507
0.314941,-0.382080,0.929810
-0.526123,-0.015503,0.768433
0.437256,-0.165039,1.093872
-0.164795,-0.324097,0.766357
-0.205444,0.139160,0.970093
0.363647,-0.355713,0.966309
-0.541382,-0.017212,0.743164
0.389404,-0.114624,1.094238
-0.123657,-0.310669,0.778809
-0.295532,0.171509,0.950806
0.415527,-0.367065,0.985107
-0.543579,-0.037964,0.740845
0.307129,-0.074829,1.070801
-0.056152,-0.349121,0.785400
-0.384521,0.191406,0.912109
0.443970,-0.328369,1.008423
-0.493652,-0.135010,0.728027
0.179077,0.017578,1.058594
0.015137,-0.371338,0.810791
-0.436401,0.162476,0.880737
0.460205,-0.290527,1.032349
-0.450562,-0.165894,0.753906
0.060303,0.083130,1.031982
0.127686,-0.407471,0.852295
-0.515259,0.116211,0.825562
0.461548,-0.252319,1.041504
-0.332275,-0.216187,0.773560
-0.028809,0.148682,1.029419
0.217163,-0.412476,0.864136
-0.569214,0.055298,0.776733
0.449219,-0.224854,1.060059
-0.254517,-0.315674,0.719116
-0.103027,0.155762,0.991699
0.268921,-0.374023,0.881470
-0.589844,0.058716,0.762451
0.415649,-0.244019,1.019287
-0.210815,-0.356323,0.726074
-0.185791,0.139893,0.962036
0.318726,-0.380249,0.910767
-0.601562,0.047607,0.734375
0.366577,-0.164551,1.033081
-0.155762,-0.332153,0.756226
-0.251343,0.159546,0.952759
0.341553,-0.360107,0.931885
-0.607910,0.043091,0.723145
0.327026,-0.125000,1.024902
-0.113281,-0.374512,0.750122
-0.332397,0.182007,0.924072
0.385010,-0.348267,0.950928
-0.586914,0.006104,0.721191
0.255859,-0.067871,1.010132
-0.088623,-0.364258,0.765869
-0.394775,0.162842,0.890015
0.411499,-0.322876,0.980347
-0.553711,-0.051880,0.699341
0.174438,0.023804,1.019165
-0.018555,-0.398682,0.771240
-0.469849,0.194092,0.879150
0.427368,-0.321167,0.976562
-0.516235,-0.114136,0.718018
0.105225,0.061768,1.019897
0.040771,-0.394043,0.793213
-0.521851,0.200684,0.851807
0.440918,-0.301880,0.981567
-0.445435,-0.179077,0.726440
0.041382,0.094849,1.003784
0.114746,-0.377441,0.830078
-0.570801,0.185791,0.820312
0.443481,-0.272705,1.000122
-0.359253,-0.223511,0.731689
-0.038940,0.088989,0.977539
0.191528,-0.403931,0.851562
-0.588135,0.146729,0.783447
0.422241,-0.187012,1.018799
-0.268799,-0.284912,0.724487
-0.131348,0.160400,0.978271
0.264771,-0.421875,0.872070
-0.604126,0.099365,0.763550
0.396118,-0.166992,1.014160
-0.204834,-0.300537,0.731445
-0.214722,0.181763,0.946655
0.320190,-0.375122,0.906616
-0.600220,0.035156,0.725220
0.363647,-0.126221,1.022583
-0.159790,-0.349121,0.709229
-0.309692,0.192627,0.895508
0.379272,-0.383545,0.916748
-0.579834,-0.008423,0.714966
0.291992,-0.081787,1.009155
-0.087891,-0.372925,0.735718
-0.391724,0.189087,0.860352
0.390381,-0.321655,0.937988
-0.541138,-0.062378,0.696777
0.219482,-0.007202,1.021484
-0.047974,-0.391357,0.753906
-0.463989,0.226685,0.857544
0.424194,-0.288452,0.982300
-0.518677,-0.097900,0.703857
0.103271,0.071045,1.009277
0.046143,-0.402100,0.799683
-0.529907,0.215088,0.848022
0.434814,-0.255859,0.990967
-0.425293,-0.151489,0.734985
0.018799,0.140991,1.008545
0.131958,-0.390625,0.823730
-0.561768,0.180908,0.814331
0.436768,-0.224609,1.009521
-0.331665,-0.228638,0.726318
-0.045654,0.160767,0.999634
0.212158,-0.381592,0.861816
-0.616699,0.169067,0.776855
0.442993,-0.186279,1.017578
-0.225830,-0.278198,0.735352
-0.134644,0.188843,0.966064
0.285645,-0.381470,0.886963
-0.613770,0.109741,0.739502
0.401733,-0.150879,1.014648
-0.152466,-0.343994,0.724976
-0.240967,0.218628,0.922119
0.346191,-0.362549,0.901978
-0.585449,0.047485,0.731689
0.329834,-0.099854,1.007568
-0.086670,-0.391968,0.723145
-0.332275,0.225586,0.889771
0.416260,-0.280518,0.967896
-0.518921,-0.092163,0.711426
0.093262,0.041504,1.007080
-0.029907,-0.416504,0.745972
-0.527222,0.181274,0.831421
0.425781,-0.225220,1.004761
-0.413940,-0.150513,0.736572
0.006958,0.142944,1.021729
0.151611,-0.413330,0.834717
-0.595825,0.156860,0.791260
0.430420,-0.207153,1.009521
-0.287476,-0.263184,0.724976
-0.092896,0.182373,0.995361
0.239624,-0.399170,0.857666
-0.611572,0.125244,0.767456
0.413940,-0.177490,1.009155
-0.200684,-0.317261,0.727051
-0.181519,0.195068,0.961426
0.304565,-0.360107,0.897217
-0.617554,0.063843,0.729736
0.370483,-0.155762,1.020752
-0.145386,-0.380005,0.712769
-0.284912,0.202026,0.906738
0.364990,-0.343872,0.909180
-0.583984,0.024414,0.725342
0.294067,-0.091064,1.012939
-0.081177,-0.401733,0.738281
-0.382446,0.204468,0.875732
0.389038,-0.304810,0.941650
-0.544678,-0.048218,0.699219
0.183472,0.011353,1.003296
-0.008423,-0.404907,0.772461
-0.478027,0.206421,0.847656
0.415405,-0.245850,0.973511
-0.477417,-0.091064,0.739746
0.071167,0.093140,1.010132
0.096436,-0.419800,0.810181
-0.548218,0.178223,0.821899
0.438721,-0.200317,1.004272
-0.367676,-0.172485,0.723999
-0.031860,0.177490,1.002319
0.220947,-0.386230,0.867554
-0.588867,0.124512,0.775635
0.412476,-0.164917,1.010010
-0.234131,-0.296875,0.719360
-0.119385,0.184570,0.968628
0.275513,-0.344604,0.881836
-0.606445,0.099731,0.754761
0.402222,-0.145874,1.024292
-0.138916,-0.360107,0.725952
-0.222778,0.195679,0.922852
0.349609,-0.343872,0.908203
-0.608154,0.066040,0.721802
0.320679,-0.108765,0.987793
-0.076172,-0.403198,0.729004
-0.322388,0.210205,0.879395
0.398804,-0.306274,0.933105
-0.555664,0.017334,0.726685
0.208496,-0.021240,0.981567
-0.010620,-0.390137,0.763916
-0.421753,0.169922,0.849487
0.438721,-0.294556,0.972900
-0.503296,-0.035767,0.740112
0.114380,0.111938,1.014893
0.067749,-0.395264,0.792236
-0.507202,0.157227,0.816284
0.447021,-0.244019,0.988281
-0.409668,-0.108032,0.747314
0.042236,0.153076,1.007446
0.152588,-0.387451,0.824463
-0.585571,0.172363,0.799438
0.455566,-0.246460,0.993286
-0.299438,-0.213257,0.752197
-0.039429,0.187744,0.989380
0.224121,-0.351196,0.860474
-0.598145,0.141357,0.761475
0.442627,-0.213989,1.013184
-0.205444,-0.304077,0.751587
-0.103516,0.192383,0.957642
0.280762,-0.335449,0.877441
-0.621704,0.153564,0.748047
0.431519,-0.204468,1.010620
-0.118530,-0.329468,0.769043
-0.166870,0.193481,0.933228
0.333130,-0.325439,0.908325
-0.598022,0.150757,0.757935
0.376099,-0.148071,0.992065
-0.075684,-0.364136,0.775757
-0.232910,0.159180,0.907349
0.379517,-0.348267,0.927490
-0.583008,0.095459,0.745361
0.325195,-0.056641,0.999023
-0.028687,-0.373779,0.758423
-0.302368,0.177368,0.870728
0.396851,-0.338135,0.933228
-0.552368,0.010132,0.735352
0.280762,-0.040527,0.999146
-0.005859,-0.396973,0.746338
-0.366699,0.184937,0.855103
0.425171,-0.320801,0.949585
-0.522827,-0.047485,0.736084
0.213745,-0.002930,0.992798
0.029541,-0.413086,0.759766
-0.412109,0.164673,0.834351
0.448486,-0.310669,0.966064
-0.490356,-0.108765,0.728882
0.152710,0.039795,1.003174
0.068970,-0.411377,0.782349
-0.456543,0.167114,0.802490
0.448853,-0.252808,0.987793
-0.424438,-0.132690,0.769165
0.079468,0.065796,0.999023
0.096558,-0.425537,0.795654
-0.509033,0.150879,0.779785
0.462524,-0.232178,0.995117
-0.349243,-0.124634,0.778564
-0.011963,0.145386,1.004272
0.181396,-0.457764,0.817993
-0.540405,0.107544,0.769409
0.456421,-0.214600,1.010376
-0.289795,-0.174438,0.771973
-0.086182,0.184448,0.978149
0.274780,-0.434326,0.879272
-0.567627,0.053345,0.746338
0.430176,-0.174561,1.026123
-0.170410,-0.260620,0.771729
-0.145752,0.189331,0.960449
0.331787,-0.391724,0.897949
-0.568604,0.073730,0.762085
0.391602,-0.159424,1.015991
-0.069702,-0.361694,0.772705
-0.227783,0.175781,0.917603
0.382202,-0.356567,0.939697
-0.551147,-0.008789,0.743530
0.312988,-0.113770,0.989258
-0.014404,-0.419922,0.769775
-0.298950,0.133667,0.866699
0.437866,-0.339722,0.970215
-0.527466,-0.049683,0.739624
0.218018,-0.008789,0.995239
0.049561,-0.448730,0.754272
-0.374512,0.113403,0.828491
0.445679,-0.330933,0.975830
-0.471802,-0.129883,0.748779
0.157104,0.020996,1.019043
0.098145,-0.453613,0.770874
-0.473877,0.149536,0.789185
0.454468,-0.262695,0.983643
-0.365967,-0.108765,0.799561
0.044800,0.080078,1.004761
0.149658,-0.461182,0.804443
-0.514282,0.100708,0.759155
0.468506,-0.227661,1.008789
-0.303101,-0.161621,0.785522
-0.057495,0.133789,0.998535
0.258789,-0.486450,0.856445
-0.546997,0.020142,0.725708
0.427246,-0.181152,1.033203
-0.153931,-0.251465,0.797485
-0.159790,0.224365,0.982178
0.342407,-0.400146,0.918945
-0.556885,0.023560,0.750854
0.389893,-0.204102,1.008789
-0.059448,-0.368896,0.795776
-0.191650,0.155762,0.936157
0.376709,-0.305298,0.955811
-0.544678,-0.025513,0.740356
0.313477,-0.132690,1.001953
0.027954,-0.463257,0.782837
-0.279907,0.118042,0.873413
0.416992,-0.292114,0.967896
-0.493896,-0.064087,0.744263
0.224609,-0.036255,1.005981
0.085449,-0.464111,0.796021
-0.386597,0.066772,0.813599
0.470215,-0.296997,1.006836
-0.449585,-0.108398,0.741943
0.115356,0.093628,1.010742
0.127441,-0.427734,0.820068
-0.429810,0.077759,0.814087
0.488770,-0.320435,1.010620
-0.408569,-0.167847,0.750977
0.053589,0.123413,1.011230
0.195068,-0.460083,0.841553
-0.464966,0.048828,0.778687
0.491821,-0.282593,1.021851
-0.360229,-0.214478,0.741089
0.012573,0.119873,1.019897
0.255249,-0.473877,0.866455
-0.508545,0.062866,0.748657
0.485474,-0.260742,1.037354
-0.285889,-0.235352,0.774780
-0.035645,0.131836,1.029053
0.291260,-0.477295,0.887695
-0.524170,0.034668,0.752808
0.471069,-0.251587,1.038208
-0.205566,-0.242432,0.817749
-0.120483,0.212891,1.005737
0.329590,-0.449097,0.910645
-0.499146,-0.010864,0.775269
0.430786,-0.182007,1.060669
-0.158203,-0.290161,0.804199
-0.132324,0.177490,1.001953
0.369141,-0.433105,0.927124
-0.529175,-0.014282,0.758911
0.419434,-0.153076,1.063477
-0.060059,-0.333618,0.829102
-0.185181,0.215454,1.006958
0.400879,-0.417725,0.949951
-0.505859,-0.033081,0.765747
0.378906,-0.148560,1.044556
0.014282,-0.390137,0.838989
-0.232300,0.191040,0.970093
0.428467,-0.394653,0.961548
-0.492920,-0.056641,0.764526
0.319214,-0.101929,1.040039
0.065674,-0.445435,0.830933
-0.257568,0.138306,0.944824
0.456299,-0.339966,1.003906
-0.479858,-0.077393,0.760254
0.263062,-0.048218,1.040283
0.104492,-0.468262,0.827393
-0.308472,0.158569,0.935669
0.484497,-0.307251,1.032471
-0.448730,-0.092773,0.771240
0.198975,-0.009277,1.021240
0.159180,-0.483887,0.855713
-0.373657,0.103760,0.893433
0.509155,-0.290527,1.066406
-0.399780,-0.153564,0.764160
0.137573,0.091431,1.052246
0.210571,-0.448120,0.879150
-0.410156,0.062256,0.862061
0.531128,-0.328491,1.064209
-0.343140,-0.238037,0.754639
0.074463,0.142700,1.056885
0.258179,-0.416260,0.902954
-0.443237,0.040894,0.823120
0.518066,-0.298706,1.071899
-0.265015,-0.282104,0.798706
0.017822,0.130127,1.044189
0.322510,-0.410889,0.938477
-0.474976,0.026978,0.784424
0.494507,-0.244751,1.079346
-0.177002,-0.275146,0.841431
-0.066895,0.183838,1.037354
0.369141,-0.405762,0.957520
-0.480835,-0.000244,0.796143
0.482300,-0.190186,1.105347
-0.089233,-0.314941,0.839478
-0.129150,0.216919,1.045410
0.421997,-0.374023,1.004517
-0.455078,-0.061890,0.797119
0.419922,-0.126465,1.104980
0.028442,-0.386475,0.857056
-0.181885,0.204468,1.019775
0.447998,-0.314697,1.033569
-0.434448,-0.093018,0.794556
0.382080,-0.092407,1.110352
0.065918,-0.389282,0.870483
-0.237915,0.177002,0.992920
0.501953,-0.300659,1.064209
-0.425049,-0.096069,0.806763
0.295410,-0.031006,1.084839
0.126709,-0.447998,0.875732
-0.307251,0.124512,0.951538
0.550781,-0.282593,1.122925
-0.390015,-0.135986,0.778198
0.211182,0.055298,1.076538
0.202759,-0.451782,0.906616
-0.352417,0.093262,0.926270
0.565430,-0.285400,1.129761
-0.321411,-0.210449,0.820068
0.145142,0.124023,1.087402
0.255981,-0.428101,0.924316
-0.398315,0.049072,0.871948
0.558472,-0.285400,1.119263
-0.256592,-0.240479,0.832397
0.090088,0.180176,1.104858
0.300537,-0.407104,0.945190
-0.460327,0.047363,0.844727
0.545166,-0.298096,1.116943
-0.186523,-0.313965,0.843994
0.045776,0.199097,1.121338
0.346313,-0.392700,0.967651
-0.482300,0.106934,0.828247
0.537476,-0.232788,1.134033
-0.140137,-0.276978,0.885498
-0.000488,0.156494,1.101685
0.393677,-0.420532,1.003784
-0.473633,0.042725,0.831909
0.520264,-0.129028,1.154419
-0.108276,-0.287354,0.855469
-0.054688,0.234375,1.104492
0.418701,-0.426636,1.012573
-0.452515,-0.016113,0.846436
0.514282,-0.139771,1.165527
-0.050415,-0.282837,0.892944
-0.106567,0.257935,1.100952
0.454346,-0.387939,1.032593
-0.436035,-0.042236,0.843628
0.490356,-0.142456,1.158081
0.000488,-0.315063,0.907593
-0.124878,0.243774,1.078369
0.468994,-0.337280,1.054810
-0.439941,-0.072876,0.823486
0.462769,-0.104980,1.174316
0.040161,-0.365845,0.898438
-0.143433,0.210571,1.063110
0.489014,-0.318481,1.065674
-0.448120,-0.028564,0.825195
0.435913,-0.083740,1.163696
0.060669,-0.366211,0.915039
-0.200073,0.204956,1.053467
0.520874,-0.315796,1.093262
-0.456177,-0.048950,0.810303
0.392578,-0.045410,1.152832
0.103516,-0.359253,0.931030
-0.237793,0.192993,1.035034
0.537109,-0.263550,1.137939
-0.420410,-0.089844,0.799316
0.332275,0.004028,1.149170
0.154297,-0.428101,0.930176
-0.280640,0.155762,1.010498
0.549194,-0.251099,1.148071
-0.384521,-0.115967,0.813721
0.268311,0.039551,1.127075
0.197266,-0.404297,0.937012
-0.310425,0.126099,0.962769
0.568604,-0.249023,1.158203
-0.348633,-0.177368,0.817871
0.202026,0.085938,1.121094
0.243774,-0.415161,0.945801
-0.343018,0.078491,0.927490
0.586426,-0.250244,1.162231
-0.304565,-0.233887,0.812866
0.136963,0.150635,1.123047
0.276123,-0.411499,0.962280
-0.387329,0.072266,0.908203
0.581177,-0.264282,1.152466
-0.273804,-0.258545,0.829224
0.096436,0.175903,1.122314
0.322876,-0.411499,0.953369
-0.411499,0.073730,0.891357
0.580566,-0.242432,1.166504
-0.223389,-0.264648,0.848145
0.053101,0.185425,1.110840
0.342163,-0.391479,0.972168
-0.434326,0.063477,0.872803
0.563232,-0.218994,1.160034
-0.150391,-0.285767,0.868042
0.010986,0.204956,1.109863
0.348389,-0.358887,0.973999
-0.448608,0.032837,0.854614
0.554688,-0.219971,1.160400
-0.087524,-0.323608,0.881348
-0.036621,0.165039,1.079834
0.387207,-0.334351,0.999512
-0.467896,0.024902,0.836060
0.493408,-0.157959,1.149536
-0.039917,-0.382568,0.868774
-0.081421,0.153687,1.072632
0.409912,-0.305420,1.021851
-0.465454,0.025269,0.813843
0.478394,-0.102661,1.168701
-0.028198,-0.337280,0.874878
-0.165649,0.174927,1.058960
0.476196,-0.350952,1.063965
-0.463379,-0.017456,0.810669
0.413940,-0.041138,1.148438
0.004395,-0.321899,0.878784
-0.215942,0.202393,1.047363
0.490112,-0.313721,1.088135
-0.456299,-0.076172,0.798218
0.389893,-0.021118,1.173828
0.021362,-0.349976,0.883301
-0.267944,0.185669,1.014648
0.526489,-0.310425,1.094482
-0.463989,-0.042236,0.789795
0.333862,-0.014893,1.151489
0.073730,-0.373169,0.902466
-0.292236,0.164673,0.985474
0.527466,-0.284546,1.100830
-0.430054,-0.091187,0.789429
0.248657,0.022095,1.127441
0.159912,-0.431763,0.909668
-0.343750,0.168823,0.955078
0.495361,-0.243774,1.072876
-0.358398,-0.136230,0.802368
0.200317,0.063843,1.127319
0.186279,-0.424927,0.916992
-0.389404,0.095215,0.918457
0.522217,-0.249268,1.107178
-0.362305,-0.192871,0.776978
0.122070,0.133301,1.101685
0.232544,-0.382935,0.931519
-0.435059,0.056030,0.872803
0.556030,-0.271240,1.113525
-0.289551,-0.233643,0.813232
0.030884,0.184570,1.086182
0.255493,-0.368774,0.922363
-0.447144,0.041260,0.844116
0.531738,-0.263550,1.104614
-0.193604,-0.309937,0.826416
-0.021973,0.144409,1.049438
0.288208,-0.363159,0.929199
-0.477417,0.023804,0.823486
0.525879,-0.218262,1.126343
-0.140625,-0.311890,0.816406
-0.099487,0.155151,1.019531
0.327759,-0.367920,0.945068
-0.493530,-0.009888,0.797607
0.488037,-0.175903,1.129883
-0.123901,-0.317139,0.801758
-0.172729,0.160645,1.011230
0.394043,-0.351562,0.975098
-0.520874,-0.009277,0.785034
0.427368,-0.152344,1.115967
-0.081055,-0.343628,0.812744
-0.242554,0.192871,0.995361
0.417725,-0.312500,1.005493
-0.524292,-0.039307,0.768555
0.378418,-0.152100,1.095947
-0.047241,-0.369263,0.821045
-0.309814,0.173096,0.956421
0.460327,-0.307373,1.035156
-0.499512,-0.078491,0.753784
0.293213,-0.062378,1.094482
0.016357,-0.366943,0.845459
-0.368652,0.150513,0.914795
0.478394,-0.312500,1.045654
-0.473877,-0.113647,0.747803
0.196533,-0.001831,1.076538
0.100830,-0.418579,0.861938
-0.410767,0.145996,0.900757
0.461548,-0.247437,1.050171
-0.439209,-0.127319,0.749146
0.130859,0.056274,1.060303
0.143555,-0.406738,0.867065
-0.467163,0.104004,0.860718
0.491089,-0.265503,1.066895
-0.379639,-0.192017,0.757812
0.030396,0.128662,1.041138
0.190308,-0.379761,0.880615
-0.502075,0.047607,0.815674
0.483276,-0.241455,1.072266
-0.277588,-0.283081,0.763306
-0.026245,0.181519,1.043945
0.228882,-0.391235,0.870850
-0.536499,0.051025,0.802124
0.470825,-0.287964,1.048584
-0.242798,-0.334473,0.764893
-0.060059,0.145264,1.000854
0.257202,-0.338867,0.893311
-0.568359,0.055908,0.765015
0.450928,-0.283569,1.042358
-0.190674,-0.421021,0.732178
-0.120483,0.130981,0.987915
0.270020,-0.350708,0.893311
-0.575439,0.051270,0.752686
0.434204,-0.245239,1.041382
-0.164429,-0.380859,0.757202
-0.194824,0.137207,0.970215
0.318726,-0.373901,0.915405
-0.579468,0.051392,0.749146
0.405151,-0.176514,1.052002
-0.154053,-0.339111,0.778198
-0.268433,0.178223,0.959229
0.361084,-0.375977,0.944336
-0.575806,-0.020752,0.737183
0.371338,-0.153320,1.054199
-0.147095,-0.373657,0.734009
-0.287720,0.197754,0.948364
0.376099,-0.333618,0.953125
-0.579712,-0.009399,0.734375
0.318726,-0.146240,1.044922
-0.111816,-0.394653,0.775146
-0.309326,0.149902,0.920776
0.388184,-0.310669,0.975952
-0.588257,-0.002930,0.711060
0.259155,-0.067383,1.038452
-0.064087,-0.395630,0.777832
-0.348999,0.149902,0.914551
0.393555,-0.312866,0.969849
-0.553101,0.004517,0.728394
0.213989,-0.017334,1.025391
-0.023071,-0.373169,0.803955
-0.421021,0.160156,0.883179
0.414429,-0.318604,0.981934
-0.535889,-0.059692,0.712158
0.155396,0.015259,1.018677
0.006348,-0.379395,0.790894
-0.469482,0.176392,0.867310
0.442871,-0.308716,0.998535
-0.486572,-0.117188,0.739746
0.078613,0.099121,1.026489
0.066284,-0.381714,0.812256
-0.511475,0.146362,0.842896
0.437378,-0.283203,1.008667
-0.437744,-0.187744,0.721069
0.045044,0.127930,1.034058
0.121826,-0.401123,0.821899
-0.560669,0.139038,0.811768
0.441040,-0.253662,1.020020
-0.339966,-0.233032,0.731934
-0.019165,0.146606,1.000610
0.171265,-0.379639,0.833618
-0.580933,0.101929,0.785156
0.440918,-0.262329,1.011475
-0.275269,-0.315430,0.714966
-0.093018,0.181641,0.984253
0.230591,-0.365234,0.857300
-0.607788,0.110474,0.773315
0.442871,-0.269653,1.013306
-0.229980,-0.347412,0.714355
-0.164917,0.148926,0.948486
0.275757,-0.356567,0.887817
-0.607422,0.059692,0.734009
0.403076,-0.210571,1.024536
-0.195557,-0.373047,0.709351
-0.232422,0.179688,0.935791
0.308472,-0.348389,0.908691
-0.598755,0.037354,0.742920
0.382324,-0.176025,1.034424
-0.163330,-0.364990,0.727783
-0.302856,0.183838,0.908081
0.352539,-0.348755,0.925659
-0.595093,0.022339,0.723511
0.330322,-0.107544,1.031982
-0.129761,-0.380615,0.738647
-0.348633,0.179810,0.881592
0.371094,-0.336548,0.932983
-0.565063,-0.028442,0.705322
0.268311,-0.053711,1.028198
-0.077881,-0.411011,0.739014
-0.429565,0.221069,0.872559
0.403076,-0.343872,0.947998
-0.545166,-0.080688,0.695923
0.196045,-0.008789,1.011230
-0.030884,-0.385010,0.765137
-0.482422,0.213867,0.860107
0.412354,-0.289917,0.971069
-0.507935,-0.125366,0.704956
0.118042,0.059814,1.022461
0.042725,-0.405273,0.794800
-0.532593,0.204346,0.840942
0.420410,-0.249023,0.984985
-0.443848,-0.148804,0.726074
0.039062,0.118530,1.016602
0.127563,-0.416626,0.820068
-0.584229,0.197510,0.814941
0.431396,-0.221802,1.010010
-0.343018,-0.218750,0.726440
-0.046509,0.162598,0.998291
0.206055,-0.396362,0.854248
-0.603394,0.139038,0.790894
0.419800,-0.205566,1.012939
-0.246094,-0.283936,0.724365
-0.134644,0.195435,0.960449
0.279907,-0.364868,0.883545
-0.614258,0.086426,0.755859
0.397705,-0.180054,1.018555
-0.180786,-0.345825,0.715820
-0.216675,0.203857,0.933594
0.337524,-0.339478,0.906006
-0.612915,0.069214,0.733154
0.334961,-0.139893,0.999268
-0.102539,-0.389282,0.731934
-0.298218,0.171753,0.890015
0.363770,-0.307861,0.928589
-0.587158,0.047729,0.718750
0.255615,-0.058960,0.991699
-0.036499,-0.388794,0.769653
-0.380249,0.154663,0.859619
0.394775,-0.277222,0.953369
-0.551880,-0.007202,0.711182
0.156250,0.056519,0.997070
0.033081,-0.394897,0.785767
-0.467041,0.163086,0.841675
0.418945,-0.248535,0.974976
-0.476074,-0.071899,0.716431
0.079224,0.145752,1.014160
0.096802,-0.378418,0.801025
-0.548462,0.166626,0.814087
0.437256,-0.249512,0.992798
-0.375977,-0.164185,0.731934
-0.000244,0.180908,0.999146
0.157471,-0.364868,0.838135
-0.581055,0.133911,0.782349
0.448730,-0.237427,1.009033
-0.292358,-0.228516,0.734619
-0.075562,0.187622,0.971802
0.239868,-0.352661,0.873657
-0.593262,0.130615,0.769531
0.425415,-0.190063,1.025024
-0.197266,-0.327515,0.742310
-0.127441,0.172852,0.939941
0.293945,-0.338745,0.890015
-0.607056,0.149048,0.755005
0.397583,-0.147827,1.009766
-0.120361,-0.334961,0.761475
-0.216797,0.194336,0.926147
0.345337,-0.360229,0.911865
-0.605469,0.069580,0.737183
0.364136,-0.124023,1.009155
-0.093872,-0.365601,0.732178
-0.287720,0.207886,0.895874
0.388428,-0.332275,0.935059
-0.572754,0.003296,0.723511
0.288208,-0.069824,0.991211
-0.052856,-0.395874,0.732178
-0.331543,0.184082,0.871582
0.410767,-0.291260,0.950562
-0.547974,-0.033813,0.723267
0.217529,-0.025635,0.988770
0.000488,-0.431763,0.760010
-0.408691,0.173584,0.839478
0.425293,-0.256470,0.960327
-0.493652,-0.021606,0.748535
0.133423,0.074829,1.013550
0.074707,-0.440552,0.785400
-0.475464,0.158813,0.809204
0.417358,-0.209229,0.977661
-0.437744,-0.089111,0.734741
0.075317,0.139404,1.010864
0.133789,-0.409424,0.821167
-0.549683,0.158081,0.796265
0.446655,-0.221069,0.999390
-0.338989,-0.164551,0.749634
-0.007935,0.219482,1.026855
0.198120,-0.385254,0.840942
-0.587646,0.156738,0.790283
0.460815,-0.238770,1.001587
-0.269043,-0.209351,0.756836
-0.083130,0.227905,0.983032
0.263184,-0.367188,0.870361
-0.589600,0.112427,0.758179
0.440552,-0.184937,1.019653
-0.188232,-0.285034,0.755615
-0.143188,0.229736,0.955811
0.307617,-0.358032,0.888794
-0.594116,0.074829,0.769287
0.433350,-0.208008,1.019287
-0.142700,-0.297363,0.772705
-0.200317,0.236450,0.938110
0.337646,-0.345947,0.905029
-0.584839,0.063354,0.768677
0.386108,-0.142334,1.016113
-0.079346,-0.368408,0.763306
-0.244385,0.191162,0.889526
0.364380,-0.312622,0.927734
-0.569336,0.045166,0.738159
0.350586,-0.100220,1.022583
-0.033325,-0.407715,0.765869
-0.288696,0.176270,0.873657
0.393311,-0.327881,0.926270
-0.563110,0.036987,0.734009
0.294189,-0.067017,0.994385
0.002808,-0.424438,0.751465
-0.323120,0.176514,0.861572
0.415771,-0.325439,0.945923
-0.544434,-0.018311,0.737915
0.229980,-0.041748,0.982910
0.023438,-0.449585,0.766113
-0.366211,0.147949,0.843018
0.437012,-0.283569,0.960449
-0.510376,-0.033813,0.731445
0.165894,0.023682,0.991699
0.065918,-0.445068,0.783691
-0.415161,0.127686,0.818237
0.451904,-0.242798,0.999023
-0.354858,-0.142944,0.756104
-0.007690,0.202637,0.996338
0.198608,-0.377563,0.842896
-0.579712,0.126465,0.763184
0.453735,-0.222656,1.012573
-0.271973,-0.238647,0.745239
-0.079834,0.215332,0.985596
0.263062,-0.374634,0.879639
-0.586792,0.127197,0.769165
0.422241,-0.168335,1.010010
-0.222412,-0.267700,0.745361
-0.128662,0.196899,0.963623
0.323975,-0.401489,0.898193
-0.600098,0.102051,0.760986
0.404663,-0.131470,1.026978
-0.129517,-0.317627,0.750488
-0.236572,0.219727,0.918213
0.345581,-0.373047,0.916138
-0.561768,0.032227,0.756592
0.367188,-0.092041,1.026123
-0.090332,-0.349854,0.744263
-0.301514,0.223877,0.883545
0.397949,-0.356445,0.924683
-0.542114,-0.005615,0.753906
0.310181,-0.060059,1.009766
-0.026978,-0.393188,0.750488
-0.357544,0.207764,0.849854
0.424072,-0.329590,0.935791
-0.525269,-0.044189,0.734619
0.230347,-0.021118,0.996582
0.020752,-0.415771,0.763916
-0.426636,0.196533,0.824951
0.436157,-0.301880,0.953735
-0.484009,-0.062012,0.760864
0.157227,0.026489,1.010376
0.075806,-0.416016,0.788940
-0.480103,0.167847,0.804077
0.445679,-0.273193,0.979370
-0.419067,-0.125977,0.765137
0.076782,0.110840,1.023682
0.112793,-0.396240,0.814941
-0.518188,0.141479,0.776489
0.444214,-0.218872,0.990723
-0.340454,-0.173218,0.755981
-0.011353,0.169434,1.010986
0.223511,-0.416138,0.859863
-0.577148,0.131226,0.758423
0.448486,-0.208618,1.012573
-0.229858,-0.231323,0.772583
-0.115234,0.182129,0.976196
0.293945,-0.390381,0.890503
-0.579224,0.081909,0.759155
0.406372,-0.147583,1.020996
-0.118286,-0.342651,0.765015
-0.178589,0.170532,0.926636
0.334106,-0.352905,0.900879
-0.570435,0.069824,0.757202
0.365356,-0.137817,1.007812
-0.039551,-0.397339,0.773804
-0.256714,0.155640,0.874634
0.379028,-0.329468,0.923218
-0.556519,0.025269,0.736328
0.313843,-0.087524,1.002930
-0.000488,-0.429321,0.757080
-0.324463,0.144165,0.847656
0.419678,-0.325073,0.955688
-0.513794,-0.099243,0.711426
0.215942,-0.020630,0.997192
0.057861,-0.460693,0.764771
-0.394287,0.166260,0.833252
0.431763,-0.284424,0.961548
-0.467285,-0.095825,0.746460
0.140869,0.015869,1.003784
0.097412,-0.460205,0.781006
-0.465332,0.135132,0.785278
0.451904,-0.246704,0.984253
-0.392212,-0.131348,0.760498
0.040283,0.111816,1.013306
0.160278,-0.483521,0.801636
-0.492676,0.075073,0.770996
0.454346,-0.209839,1.016602
-0.313232,-0.163574,0.755371
-0.063232,0.215820,1.004395
0.264648,-0.431641,0.867920
-0.552979,0.059448,0.754883
0.435669,-0.239014,1.009766
-0.172974,-0.258057,0.794556
-0.133789,0.226929,0.985107
0.292358,-0.344971,0.894531
-0.557495,0.046997,0.752319
0.415283,-0.194580,1.028809
-0.087891,-0.342896,0.795166
-0.204590,0.165039,0.925049
0.357666,-0.333374,0.932373
-0.556274,0.030396,0.738647
0.336060,-0.119995,1.010742
-0.014160,-0.417358,0.773804
-0.245972,0.143066,0.909180
0.404297,-0.335205,0.956909
-0.543091,-0.001587,0.731201
0.277954,-0.079834,0.984009
0.031250,-0.427856,0.782471
-0.303101,0.104004,0.868774
0.441772,-0.330933,0.979736
-0.511841,-0.025879,0.737183
0.206055,0.050171,1.024414
0.062012,-0.435181,0.774292
-0.356323,0.089722,0.844238
0.471802,-0.335815,0.990845
-0.495239,-0.040894,0.755127
0.136353,0.064819,1.000610
0.109741,-0.445801,0.791016
-0.426147,0.105591,0.814331
0.470581,-0.320557,1.001709
-0.436157,-0.148315,0.751343
0.085083,0.067261,1.005737
0.143433,-0.467896,0.801392
-0.447021,0.074707,0.797485
0.477051,-0.270020,1.021240
-0.376953,-0.186157,0.751831
0.012329,0.131470,1.010986
0.222900,-0.502563,0.837402
-0.496460,0.059692,0.771240
0.477661,-0.270142,1.019409
-0.314697,-0.184692,0.776123
-0.048096,0.161499,1.005737
0.284790,-0.483765,0.868774
-0.494385,0.009399,0.755005
0.448975,-0.225830,1.039185
-0.225830,-0.213135,0.794556
-0.128540,0.214233,0.989380
0.338501,-0.494507,0.890625
-0.523315,0.013428,0.767456
0.404663,-0.169678,1.051270
-0.127441,-0.283325,0.812378
-0.190308,0.218018,0.979004
0.377197,-0.450317,0.932129
-0.513550,-0.054443,0.755615
0.367676,-0.134277,1.051025
-0.026489,-0.367920,0.802979
-0.238647,0.199707,0.953247
0.406616,-0.370361,0.971680
-0.493042,-0.119141,0.744995
0.319092,-0.105957,1.041748
0.041992,-0.433350,0.802490
-0.296753,0.157837,0.906860
0.442139,-0.317993,0.986572
-0.461060,-0.104858,0.752441
0.240356,-0.042725,1.028442
0.111206,-0.475098,0.809204
-0.367554,0.159058,0.888428
0.477905,-0.330200,0.996216
-0.458740,-0.120728,0.755005
0.150024,0.005615,1.026611
0.168213,-0.513672,0.822144
-0.414917,0.089233,0.850952
0.505859,-0.299438,1.042480
-0.404175,-0.147217,0.760742
0.082031,0.112549,1.047729
0.242920,-0.449951,0.876099
-0.458984,0.041260,0.802734
0.499878,-0.287354,1.055176
-0.325317,-0.254028,0.748901
0.012451,0.184692,1.046265
0.281494,-0.471313,0.888306
-0.473389,0.048828,0.802124
0.492310,-0.286255,1.042480
-0.251099,-0.254639,0.796387
-0.039062,0.182861,1.035400
0.320557,-0.437866,0.924072
-0.513916,0.015381,0.777588
0.483032,-0.253418,1.072388
-0.176025,-0.288086,0.827637
-0.072754,0.194824,1.035156
0.335449,-0.384155,0.935425
-0.521729,0.049072,0.779907
0.465698,-0.244385,1.069580
-0.108032,-0.350952,0.841187
-0.105957,0.164551,1.023315
0.361572,-0.377686,0.951416
-0.513672,0.030762,0.778564
0.436157,-0.185913,1.068970
-0.042969,-0.356934,0.856812
-0.154663,0.178833,1.018921
0.408447,-0.375977,0.989624
-0.487793,-0.015137,0.772827
0.391235,-0.103760,1.078857
0.018311,-0.336914,0.886597
-0.188477,0.159424,1.015015
0.440796,-0.382568,1.003540
-0.466553,-0.039673,0.768921
0.352905,-0.055786,1.084351
0.059326,-0.391846,0.870483
-0.221069,0.151367,0.996338
0.473145,-0.367310,1.031494
-0.467651,-0.061646,0.762329
0.334961,-0.051758,1.067139
0.083374,-0.411011,0.860840
-0.251343,0.171021,0.993164
0.493164,-0.340454,1.046509
-0.440552,-0.098755,0.784912
0.294312,-0.020630,1.076538
0.105469,-0.425781,0.868164
-0.295044,0.161255,0.975952
0.517822,-0.317261,1.069702
-0.425171,-0.110718,0.780396
0.259521,0.015381,1.081421
0.133301,-0.421387,0.892090
-0.306763,0.142822,0.965332
0.525269,-0.282715,1.087280
-0.396240,-0.150635,0.775391
0.224365,0.038696,1.094238
0.183228,-0.447266,0.895508
-0.348999,0.138184,0.941406
0.539551,-0.267212,1.095215
-0.368896,-0.147339,0.801514
0.177368,0.051270,1.082153
0.222534,-0.457886,0.902832
-0.364136,0.091919,0.887329
0.545654,-0.239258,1.103760
-0.331299,-0.166748,0.813232
0.129639,0.068115,1.073975
0.280151,-0.508911,0.924072
-0.398071,0.067017,0.859741
0.527466,-0.212036,1.104248
-0.272217,-0.175659,0.822998
0.087036,0.115601,1.078003
0.328857,-0.487793,0.952759
-0.431885,0.072876,0.848633
0.543701,-0.203491,1.120972
-0.219360,-0.207153,0.865601
-0.004028,0.150024,1.059082
0.372803,-0.458984,0.986328
-0.422729,0.026978,0.851074
0.516235,-0.122559,1.155884
-0.153687,-0.231201,0.860352
-0.056030,0.214844,1.070190
0.402588,-0.429199,0.987061
-0.443115,-0.057861,0.824341
0.506958,-0.160034,1.157104
-0.066528,-0.278442,0.891846
-0.100952,0.239746,1.085205
0.439819,-0.373047,1.019287
-0.442505,-0.034546,0.825806
0.480591,-0.120239,1.158813
0.029297,-0.364868,0.891479
-0.151123,0.210571,1.058472
0.476562,-0.325195,1.062012
-0.447754,-0.060547,0.809082
0.436768,-0.093628,1.151855
0.079102,-0.389771,0.904663
-0.216675,0.230835,1.044922
0.504761,-0.292114,1.083984
-0.430054,-0.065918,0.812622
0.383667,-0.064209,1.150879
0.101929,-0.398560,0.913208
-0.286865,0.221069,1.008057
0.546021,-0.283813,1.115356
-0.370361,-0.131104,0.832275
0.293457,-0.000488,1.126465
0.169312,-0.409424,0.929077
-0.300903,0.152100,0.963013
0.561279,-0.243652,1.138550
-0.363892,-0.172119,0.809326
0.240234,0.038696,1.131470
0.243164,-0.431396,0.956909
-0.347168,0.126465,0.926392
0.561157,-0.233276,1.139893
-0.289307,-0.188843,0.832275
0.154907,0.114746,1.122070
0.307007,-0.445801,0.969360
-0.375244,0.074707,0.885742
0.557129,-0.195679,1.143188
-0.243042,-0.220093,0.837646
0.087402,0.151978,1.112427
0.350586,-0.411499,0.999390
-0.420898,0.052612,0.875977
0.557129,-0.160522,1.175659
-0.183960,-0.245605,0.858398
0.005859,0.200562,1.102783
0.405151,-0.387329,1.019775
-0.426392,0.028931,0.864136
0.527832,-0.150635,1.166260
-0.089111,-0.285767,0.893799
-0.056274,0.199707,1.089844
0.420776,-0.340454,1.036377
-0.427734,-0.011963,0.845459
0.515625,-0.116943,1.189941
0.001709,-0.346802,0.884888
-0.122559,0.215942,1.082886
0.450806,-0.316040,1.051025
-0.437256,-0.045776,0.830566
0.467163,-0.083618,1.183594
0.032959,-0.355835,0.901978
-0.188721,0.230713,1.063110
0.485352,-0.284790,1.079102
-0.446045,-0.049927,0.820190
0.404175,-0.057617,1.165649
0.097900,-0.363403,0.918457
-0.255737,0.213623,1.028564
0.530151,-0.252319,1.124634
-0.402588,-0.109375,0.807983
0.301147,0.008667,1.150146
0.169678,-0.416626,0.933105
-0.307983,0.136719,0.977295
0.557739,-0.239990,1.152344
-0.347412,-0.163574,0.803589
0.201782,0.095337,1.130371
0.252441,-0.416504,0.957031
-0.380249,0.085449,0.920166
0.579346,-0.243774,1.156616
-0.287109,-0.229492,0.829956
0.105225,0.166016,1.131226
0.300537,-0.387817,0.965088
-0.420898,0.061035,0.880737
0.571045,-0.226807,1.158081
-0.192383,-0.274048,0.865234
0.015747,0.156738,1.091064
0.330811,-0.354736,0.975952
-0.454102,0.031128,0.837891
0.547607,-0.208008,1.160522
-0.081787,-0.375000,0.875610
-0.033203,0.127319,1.079834
0.374390,-0.334473,0.990967
-0.482178,0.043945,0.820312
0.494507,-0.149536,1.163208
-0.052612,-0.386963,0.861938
-0.080933,0.148315,1.086548
0.409790,-0.328857,1.019775
-0.479736,0.001465,0.816162
0.461914,-0.095825,1.168701
-0.002441,-0.380737,0.864014
-0.187988,0.186890,1.039307
0.452515,-0.285889,1.071777
-0.476562,-0.037476,0.807617
0.415039,-0.081421,1.162109
0.017944,-0.374023,0.875854
-0.242310,0.184937,1.025757
0.480957,-0.271729,1.088623
-0.455933,-0.067017,0.792847
0.347778,-0.043091,1.140991
0.065063,-0.391357,0.891846
-0.283325,0.172607,0.994629
0.501221,-0.282104,1.089844
-0.449097,-0.091919,0.783569
0.301636,-0.033813,1.126099
0.112305,-0.380981,0.920044
-0.326172,0.154785,0.949219
0.503418,-0.250000,1.092651
-0.407593,-0.121094,0.787720
0.248779,0.023438,1.130127
0.160400,-0.423950,0.910400
-0.388062,0.156372,0.936523
0.515625,-0.256836,1.101929
-0.375366,-0.160645,0.788574
0.197998,0.067627,1.118774
0.173584,-0.405518,0.908325
-0.415649,0.115112,0.899536
0.529907,-0.251831,1.109131
-0.357422,-0.187866,0.794067
0.129517,0.071777,1.089722
0.203979,-0.401123,0.919189
-0.436523,0.108154,0.871948
0.536255,-0.248413,1.101685
-0.363892,-0.211304,0.766846
0.091064,0.092529,1.076904
0.248047,-0.409424,0.920288
-0.447754,0.113037,0.867798
0.506714,-0.193481,1.104736
-0.305664,-0.261353,0.783569
0.058838,0.084229,1.077515
0.257446,-0.409180,0.914429
-0.478149,0.070801,0.837524
0.528442,-0.195557,1.124268
-0.250610,-0.240601,0.803711
-0.022217,0.130737,1.055908
0.291382,-0.409546,0.925293
-0.476196,0.026001,0.829224
0.504883,-0.210693,1.112915
-0.194702,-0.289551,0.801758
-0.083008,0.137085,1.019775
0.325439,-0.382812,0.938110
-0.513428,0.010864,0.802979
0.486572,-0.219849,1.101685
-0.157104,-0.336792,0.779907
-0.150635,0.170410,1.005493
0.356445,-0.360962,0.950195
-0.523682,-0.006592,0.769165
0.457153,-0.163940,1.119995
-0.123047,-0.333984,0.792358
-0.232300,0.178345,0.985229
0.391235,-0.340088,0.984619
-0.526733,-0.053955,0.755859
0.386230,-0.130127,1.109985
-0.099243,-0.347534,0.801880
-0.270142,0.177490,0.972046
0.420166,-0.325073,1.006592
-0.533813,-0.058472,0.746582
0.331177,-0.094238,1.084717
-0.041504,-0.365601,0.812500
-0.351929,0.184448,0.922241
0.431152,-0.304565,1.014893
-0.497559,-0.116455,0.739990
0.259888,-0.067017,1.072998
0.026733,-0.402466,0.823486
-0.416138,0.199219,0.899170
0.458984,-0.287598,1.026978
-0.473022,-0.107422,0.753418
0.152588,0.011597,1.056152
0.104736,-0.416992,0.852661
-0.452515,0.141968,0.878296
0.471313,-0.254272,1.049072
-0.458130,-0.129639,0.747681
0.060547,0.080200,1.033081
0.189819,-0.443726,0.878906
-0.501831,0.095337,0.839478
0.455933,-0.223755,1.055664
-0.342285,-0.196899,0.751587
-0.023438,0.147949,1.028198
0.229126,-0.409424,0.882935
-0.525146,0.056763,0.823608
0.447266,-0.218140,1.056641
-0.269897,-0.270630,0.734497
-0.108398,0.153198,0.985229
0.271240,-0.364136,0.899536
-0.546387,0.012451,0.776245
0.431519,-0.216919,1.056519
-0.222778,-0.335083,0.716187
-0.162720,0.142944,0.974609
0.324585,-0.350952,0.931519
-0.587158,0.016968,0.753540
0.390015,-0.177368,1.058838
-0.172607,-0.358398,0.740845
-0.251099,0.168945,0.947876
0.353149,-0.336914,0.948975
-0.569946,-0.040771,0.734375
0.334351,-0.127808,1.053589
-0.110352,-0.353638,0.768433
-0.341675,0.185791,0.903809
0.407471,-0.326538,0.972656
-0.552124,-0.044189,0.726440
0.215820,-0.049683,1.031738
-0.032715,-0.392944,0.789307
-0.438965,0.172607,0.881470
0.433594,-0.298218,1.000732
-0.508301,-0.107910,0.716919
0.121216,0.044434,1.036011
0.060913,-0.395264,0.811890
-0.520630,0.151855,0.828979
0.443359,-0.272949,1.013184
-0.417236,-0.184448,0.738525
0.029175,0.067017,1.013794
0.158936,-0.404907,0.843994
-0.554077,0.132202,0.800049
0.424438,-0.211426,1.021484
-0.305908,-0.257446,0.731689
-0.071777,0.102661,0.994507
0.245972,-0.426392,0.874512
-0.581055,0.085938,0.776489
0.396851,-0.179932,1.020752
-0.240356,-0.283569,0.713623
-0.199951,0.155884,0.959473
0.330688,-0.385132,0.925659
-0.582153,0.012695,0.743408
0.338501,-0.115967,1.034424
-0.176880,-0.325317,0.725708
-0.315430,0.188477,0.911499
0.381470,-0.377686,0.943726
-0.572388,-0.045654,0.720215
0.264038,-0.049805,1.032104
-0.091675,-0.353760,0.756470
-0.453735,0.228638,0.872803
0.415039,-0.359741,0.951660
-0.523926,-0.132202,0.701416
0.166992,0.005005,1.026855
-0.010620,-0.383911,0.779419
-0.504639,0.223511,0.860107
0.419067,-0.276001,0.974487
-0.482178,-0.160522,0.704590
0.067993,0.059570,1.017578
0.114380,-0.442017,0.817993
-0.564941,0.195190,0.821655
0.414917,-0.237061,0.991455
-0.387573,-0.181519,0.736206
-0.010864,0.091187,1.004272
0.191528,-0.440552,0.844849
-0.586426,0.136597,0.778931
0.400757,-0.155396,1.015259
-0.274292,-0.234375,0.738281
-0.117798,0.158447,0.987061
0.267090,-0.435303,0.872681
-0.604736,0.088379,0.761963
0.398071,-0.161987,1.021606
-0.216064,-0.287720,0.717285
-0.219849,0.220093,0.955322
0.332886,-0.363281,0.920044
-0.602051,0.031494,0.733032
0.343506,-0.141113,1.021118
-0.156982,-0.364990,0.709595
-0.315308,0.223389,0.900635
0.386475,-0.360962,0.920288
-0.585449,0.003540,0.725342
0.265991,-0.072510,1.003296
-0.090210,-0.399048,0.727295
-0.397827,0.226562,0.883789
0.412964,-0.327148,0.936523
-0.557007,-0.021851,0.716431
0.171265,-0.015625,1.002808
-0.000244,-0.421021,0.773804
-0.494019,0.232788,0.849731
0.413818,-0.278320,0.953735
-0.471191,-0.114136,0.729370
0.070923,0.086426,1.011963
0.081421,-0.412598,0.804321
-0.532471,0.206055,0.831421
0.421997,-0.226562,0.981812
-0.385620,-0.156738,0.735352
0.010620,0.103638,1.000854
0.176025,-0.423950,0.840332
-0.606812,0.201416,0.798218
0.435669,-0.202271,0.994751
-0.281006,-0.198364,0.750366
-0.075317,0.173584,0.989014
0.241211,-0.395752,0.874756
-0.613037,0.138550,0.763550
0.418579,-0.168457,1.013916
-0.220337,-0.272217,0.729614
-0.167969,0.199707,0.961182
0.305542,-0.386719,0.897339
-0.598145,0.079834,0.760864
0.392090,-0.118896,1.025757
-0.167847,-0.317627,0.717407
-0.234985,0.205811,0.924927
0.361206,-0.373779,0.904663
-0.599854,0.035645,0.729980
0.345825,-0.111816,1.012207
-0.089111,-0.377808,0.737793
-0.331909,0.202759,0.875122
0.384277,-0.313110,0.916016
-0.553223,0.043091,0.728638
0.276245,-0.045532,1.009277
-0.047852,-0.420776,0.731812
-0.394409,0.211792,0.863647
0.409424,-0.303101,0.942749
-0.544922,-0.051880,0.708374
0.185181,0.001953,0.995728
0.007080,-0.387451,0.779907
-0.454102,0.213257,0.849365
0.441406,-0.254395,0.978271
-0.488525,-0.098145,0.718994
0.079224,0.096558,1.006348
0.074463,-0.423340,0.789551
-0.503784,0.174072,0.841309
0.455566,-0.231323,1.000977
-0.412354,-0.108643,0.744141
0.017578,0.142822,0.994019
0.165771,-0.393555,0.829224
-0.564209,0.155396,0.787842
0.437866,-0.194580,1.012939
-0.273560,-0.226562,0.754150
-0.073608,0.193970,0.982544
0.265137,-0.382690,0.872437
-0.608643,0.146729,0.757568
0.417847,-0.171509,1.009155
-0.163696,-0.295044,0.766602
-0.144165,0.181641,0.945190
0.292603,-0.324463,0.894043
-0.606201,0.113403,0.757446
0.405029,-0.144653,1.024048
-0.104858,-0.343994,0.764160
-0.229614,0.185059,0.907471
0.348877,-0.321045,0.916870
-0.589966,0.075928,0.738647
0.336426,-0.077393,1.014771
-0.039795,-0.411987,0.746948
-0.291138,0.177490,0.873291
0.382935,-0.296875,0.938599
-0.555908,0.003540,0.728882
0.267822,-0.061523,0.983765
-0.012817,-0.420898,0.750244
-0.354614,0.171753,0.845215
0.415894,-0.276611,0.954834
-0.521973,-0.012085,0.730835
0.185669,0.001221,0.990845
0.034058,-0.432251,0.760498
-0.425293,0.173584,0.832153
0.445435,-0.264526,0.960693
-0.484497,-0.059570,0.742188
0.117188,0.068359,1.004761
0.099121,-0.451172,0.798584
-0.496338,0.141479,0.802246
0.454224,-0.238525,0.988403
-0.402832,-0.110596,0.747559
0.022217,0.157593,1.010010
0.175293,-0.426636,0.824951
-0.542969,0.106934,0.771118
0.457642,-0.216553,1.008911
-0.310303,-0.185303,0.753784
-0.062500,0.198853,0.994019
0.244141,-0.414795,0.853027
-0.568970,0.095825,0.758301
0.451660,-0.210693,1.020264
-0.195435,-0.259888,0.776245
-0.144165,0.210205,0.966064
0.314941,-0.395020,0.895020
-0.585449,0.063110,0.744507
0.403320,-0.172119,1.015991
-0.087646,-0.340576,0.782349
-0.206787,0.197266,0.937134
0.372192,-0.362671,0.925781
-0.570068,0.020874,0.728638
0.326172,-0.103027,0.992310
-0.010376,-0.400513,0.772949
-0.285889,0.166992,0.887451
0.409058,-0.355347,0.935303
-0.544556,-0.047485,0.723145
0.234985,-0.035278,0.987671
0.027588,-0.428955,0.760742
-0.371582,0.142456,0.840210
0.446899,-0.307983,0.968384
-0.468994,-0.115967,0.738892
0.137451,0.042969,1.003174
0.085205,-0.446533,0.762451
-0.471436,0.147339,0.785400
0.475952,-0.291992,0.991089
-0.385498,-0.159790,0.773071
0.039062,0.094238,1.000610
0.150513,-0.408203,0.821899
-0.536377,0.112305,0.749878
0.464111,-0.238403,1.015381
-0.287354,-0.193115,0.785522
-0.060181,0.147705,0.988403
0.250244,-0.440063,0.853027
-0.560791,0.058960,0.737793
0.431030,-0.179565,1.022583
-0.169800,-0.242188,0.794556
-0.153564,0.179810,0.969482
0.338135,-0.440552,0.894043
-0.560059,0.040649,0.744263
0.383057,-0.123779,1.016968
-0.063965,-0.311768,0.787720
-0.240234,0.199219,0.934326
0.391724,-0.416138,0.925171
-0.528442,-0.040527,0.747803
0.313477,-0.088867,1.009399
0.015015,-0.404785,0.784546
-0.314819,0.155396,0.868042
0.425049,-0.371216,0.959229
-0.502686,-0.096436,0.739136
0.215210,-0.034546,1.002686
0.076660,-0.477661,0.775513
-0.389648,0.128540,0.828125
0.461304,-0.305176,0.993042
-0.431519,-0.119873,0.771118
0.120483,0.042847,1.000977
0.095459,-0.473633,0.776367
-0.457764,0.074463,0.775879
0.488159,-0.281006,1.021606
-0.374634,-0.185547,0.746704
0.035034,0.143188,1.024170
0.187988,-0.459351,0.814209
-0.495117,0.056030,0.764404
0.494385,-0.273926,1.031738
-0.307129,-0.207153,0.790894
-0.045532,0.162964,1.020386
0.245605,-0.464966,0.852417
-0.526611,0.033813,0.735107
0.476929,-0.280029,1.039062
-0.232178,-0.261108,0.798218
-0.105347,0.202515,0.990723
0.350708,-0.342529,0.918823
-0.568359,0.068359,0.736938
0.352173,-0.133301,0.992920
-0.019653,-0.390259,0.781250
-0.234009,0.158691,0.909058
0.373901,-0.348999,0.921509
-0.562500,0.008545,0.733032
0.326172,-0.105225,1.001953
0.018311,-0.416138,0.772095
-0.313110,0.159058,0.871826
0.411865,-0.333984,0.954224
-0.524902,-0.077271,0.712524
0.260254,-0.052246,0.996216
0.042480,-0.425781,0.767212
-0.377686,0.170654,0.851196
0.446777,-0.347778,0.950439
-0.483154,-0.111328,0.745972
0.160278,0.001953,0.988647
0.097412,-0.440063,0.778320
-0.428223,0.133301,0.803101
0.452026,-0.286621,0.972412
-0.427856,-0.144897,0.754883
0.076050,0.055664,0.998169
0.137939,-0.464966,0.809448
-0.470459,0.071289,0.781982
0.464722,-0.274170,1.008301
-0.373657,-0.165894,0.746948
-0.021118,0.159424,1.006592
0.250122,-0.485229,0.851440
-0.508667,0.029907,0.760010
0.458008,-0.256104,1.007446
-0.288086,-0.209351,0.777100
-0.086426,0.172974,0.985229
0.311279,-0.435547,0.895630
-0.548828,0.018433,0.742065
0.416626,-0.153076,1.046143
-0.121216,-0.306274,0.791748
-0.158936,0.203857,0.978882
0.347778,-0.390381,0.923584
-0.554810,-0.001709,0.763306
0.362305,-0.176025,1.014648
-0.035767,-0.396973,0.798340
-0.198608,0.142334,0.934448
0.394287,-0.337402,0.961304
-0.539307,0.008301,0.751221
0.283813,-0.114746,0.989380
0.035889,-0.456055,0.797607
-0.268433,0.088501,0.893311
0.453003,-0.353027,0.978760
-0.503784,-0.034546,0.737671
0.209839,-0.002319,1.008301
0.078491,-0.426514,0.794800
-0.353516,0.088379,0.861694
0.459717,-0.342041,1.001343
-0.452881,-0.148926,0.747314
0.154297,0.027832,1.029541
0.105957,-0.439209,0.800659
-0.442993,0.122070,0.818115
0.497925,-0.329834,1.004639
-0.379395,-0.160522,0.770508
0.064087,0.081177,1.014038
0.193115,-0.463013,0.832520
-0.466187,0.067627,0.779297
0.484497,-0.302490,1.004150
-0.323853,-0.215088,0.777954
0.011108,0.109985,1.019043
0.269897,-0.478394,0.870117
-0.506714,0.044434,0.766479
0.448608,-0.231567,1.031738
-0.212036,-0.256836,0.792236
-0.074829,0.193237,1.026855
0.346069,-0.461426,0.918457
-0.545532,0.036621,0.769165
0.434570,-0.214844,1.059082
-0.133789,-0.310547,0.809082
-0.119751,0.192383,1.012695
0.363403,-0.333374,0.973999
-0.516602,0.001465,0.784546
0.409058,-0.195068,1.052979
-0.020874,-0.402954,0.829468
-0.194702,0.182495,0.979736
0.408447,-0.353271,0.980469
-0.484863,-0.002075,0.769287
0.346191,-0.109985,1.047485
0.046875,-0.411133,0.865967
-0.258423,0.136108,0.958984
0.468506,-0.407471,0.994873
-0.475952,-0.087524,0.742798
0.287231,-0.030273,1.055786
0.080688,-0.433960,0.829834
-0.272705,0.159790,0.944214
0.498535,-0.352905,1.039062
-0.451782,-0.111206,0.764526
0.261353,-0.044434,1.046875
0.116577,-0.431763,0.855347
-0.325195,0.151733,0.914185
0.502319,-0.310059,1.047119
-0.411255,-0.154175,0.775757
0.201050,0.009521,1.052979
0.130737,-0.439331,0.851929
-0.351929,0.137451,0.901245
0.507446,-0.277466,1.058716
-0.379150,-0.120728,0.806274
0.159790,0.057129,1.068970
0.219604,-0.505981,0.876831
-0.419067,0.051147,0.840576
0.531860,-0.279175,1.090820
-0.319458,-0.191895,0.794434
0.077393,0.162964,1.071045
0.277344,-0.437744,0.894043
-0.450195,0.058350,0.821777
0.523315,-0.294800,1.079956
-0.230103,-0.311768,0.805786
0.032715,0.172119,1.087524
0.321411,-0.406738,0.933228
-0.495239,0.068848,0.810303
0.516113,-0.263550,1.090698
-0.169067,-0.309814,0.828369
-0.027100,0.188599,1.065308
0.375366,-0.420410,0.964478
-0.491699,0.055176,0.805786
0.484497,-0.194458,1.101685
-0.129883,-0.279297,0.864136
-0.085327,0.184204,1.054321
0.430054,-0.421997,1.006104
-0.480713,0.018188,0.812744
0.456177,-0.122437,1.117554
-0.056641,-0.290527,0.870361
-0.128296,0.204468,1.052002
0.455200,-0.387573,1.026733
-0.451538,-0.049072,0.816284
0.443604,-0.110474,1.131470
0.033936,-0.339844,0.889893
-0.209717,0.234375,1.037720
0.487061,-0.360107,1.048706
-0.412109,-0.090576,0.819092
0.393799,-0.075928,1.134766
0.078979,-0.385132,0.889893
-0.234131,0.223633,1.026123
0.502563,-0.289429,1.071899
-0.392578,-0.111206,0.822510
0.357666,-0.065796,1.130737
0.081421,-0.417480,0.877563
-0.276123,0.190552,0.992065
0.535278,-0.265015,1.100342
-0.373047,-0.143555,0.838257
0.296387,-0.022583,1.124878
0.147949,-0.427612,0.905762
-0.308350,0.166504,0.954224
0.551147,-0.247437,1.113525
-0.351562,-0.146118,0.823120
0.243896,0.029663,1.124268
0.210693,-0.476318,0.914185
-0.341431,0.112427,0.935181
0.563721,-0.267090,1.120972
-0.341797,-0.148804,0.820190
0.188354,0.071167,1.120117
0.282837,-0.434326,0.969482
-0.384399,0.122559,0.899292
0.561523,-0.231812,1.127686
-0.299072,-0.202881,0.815552
0.150391,0.097900,1.119019
0.314453,-0.453369,0.965332
-0.380981,0.105469,0.892944
0.562866,-0.182129,1.144165
-0.268188,-0.195435,0.826416
0.092773,0.112305,1.099609
0.358521,-0.459717,0.993408
-0.406250,0.083130,0.882080
0.552124,-0.166626,1.144409
-0.230347,-0.194702,0.841064
0.048950,0.171143,1.101440
0.392578,-0.425781,1.017578
-0.429932,0.053589,0.872925
0.543091,-0.162476,1.161011
-0.194946,-0.227173,0.853638
0.010010,0.188965,1.094849
0.426270,-0.409424,1.028442
-0.427734,0.039917,0.859619
0.523071,-0.134644,1.155029
-0.138672,-0.250244,0.871338
-0.026733,0.191284,1.106445
0.451782,-0.395752,1.044800
-0.447998,0.000366,0.851440
0.505127,-0.111694,1.166626
-0.057007,-0.279785,0.889771
-0.080811,0.197876,1.084229
0.467285,-0.357056,1.060059
-0.445312,-0.012573,0.848633
0.483398,-0.100464,1.177124
-0.006714,-0.312012,0.891113
-0.116699,0.197388,1.078979
0.473267,-0.332275,1.068970
-0.452881,-0.041504,0.836670
0.471558,-0.106201,1.180664
0.000977,-0.328491,0.878540
-0.158691,0.206177,1.066040
0.490723,-0.320435,1.072632
-0.444092,-0.049194,0.818481
0.441895,-0.083740,1.169312
0.035767,-0.342896,0.902100
-0.228516,0.201172,1.032959
0.498169,-0.282227,1.091797
-0.423340,-0.083496,0.814819
0.403320,-0.067993,1.169556
0.043335,-0.347046,0.905518
-0.241943,0.188599,1.020264
0.525879,-0.261475,1.121094
-0.423462,-0.108276,0.804932
0.361206,-0.034790,1.160034
0.083740,-0.359619,0.903442
-0.273560,0.208618,1.010864
0.526245,-0.268555,1.113403
-0.403320,-0.149170,0.798584
0.327759,-0.025024,1.154175
0.125366,-0.367554,0.928223
-0.326172,0.182251,0.961914
0.531250,-0.262329,1.096313
-0.359863,-0.170166,0.803833
0.271484,0.031738,1.151489
0.162354,-0.399780,0.922363
-0.358398,0.147705,0.928711
0.538208,-0.261597,1.101929
-0.351807,-0.188843,0.797852
0.218384,0.068604,1.137329
0.195190,-0.405151,0.929321
-0.392334,0.125977,0.903931
0.540405,-0.246582,1.120605
-0.340332,-0.211426,0.794800
0.167480,0.104980,1.122681
0.239502,-0.432007,0.927246
-0.424194,0.128540,0.899780
0.542236,-0.250732,1.107300
-0.315674,-0.215210,0.803833
0.133423,0.090820,1.112061
0.237671,-0.383423,0.938232
-0.444336,0.140137,0.892090
0.531616,-0.234375,1.106445
-0.298340,-0.254761,0.801147
0.088135,0.109009,1.109985
0.276245,-0.428223,0.938843
-0.463867,0.116211,0.863403
0.521484,-0.179810,1.115356
-0.286011,-0.243286,0.795532
0.035645,0.122192,1.080688
0.295532,-0.403931,0.936401
-0.457031,0.060547,0.844360
0.504883,-0.183960,1.120728
-0.217896,-0.289673,0.799805
-0.019897,0.137085,1.063843
0.315430,-0.397461,0.948730
-0.463257,0.023071,0.835571
0.496216,-0.165161,1.121094
-0.179321,-0.305786,0.787109
-0.089355,0.142944,1.021118
0.365845,-0.404541,0.963379
-0.482056,-0.017090,0.805420
0.468140,-0.131836,1.136719
-0.147827,-0.330811,0.763916
-0.169800,0.174683,1.007080
0.396362,-0.374146,0.973755
-0.498047,-0.038574,0.797119
0.419556,-0.141968,1.109497
-0.123779,-0.319214,0.795776
-0.221313,0.174194,0.991333
0.416992,-0.309082,1.013428
-0.522827,-0.046265,0.759521
0.358643,-0.116089,1.103149
-0.047363,-0.364868,0.840454
-0.299805,0.156250,0.948120
0.427368,-0.287964,1.022705
-0.502197,-0.052490,0.741577
0.289551,-0.056396,1.092285
0.016968,-0.364746,0.846924
-0.380615,0.148926,0.922485
0.468140,-0.302002,1.037598
-0.456665,-0.098511,0.751709
0.185547,0.041260,1.074951
0.089600,-0.381348,0.857666
-0.448608,0.129517,0.882935
0.474243,-0.284790,1.047974
-0.410645,-0.174316,0.752808
0.093628,0.130249,1.066040
0.142700,-0.371338,0.865356
-0.502319,0.084839,0.825073
0.487427,-0.291504,1.059692
-0.310791,-0.274780,0.765869
0.002808,0.160400,1.044800
0.183105,-0.354614,0.873047
-0.513916,0.050537,0.798096
0.479126,-0.258301,1.063721
-0.269531,-0.313232,0.744751
-0.049927,0.130371,1.012329
0.253540,-0.380981,0.881104
-0.548096,0.079956,0.779297
0.437012,-0.190552,1.059082
-0.229248,-0.302246,0.755859
-0.113647,0.102051,0.995850
0.308472,-0.426880,0.901733
-0.573853,0.073486,0.761963
0.408569,-0.154297,1.052612
-0.184448,-0.294678,0.761108
-0.221069,0.174805,0.982544
0.350098,-0.417114,0.933472
-0.564453,-0.009766,0.751343
0.351929,-0.106079,1.062988
-0.152222,-0.322876,0.752686
-0.301514,0.190308,0.943726
0.381226,-0.375732,0.948608
-0.563843,-0.057495,0.722412
0.298706,-0.084961,1.052734
-0.104248,-0.337769,0.764893
-0.387207,0.199585,0.896118
0.418213,-0.342529,0.981201
-0.535645,-0.124878,0.703125
0.208862,-0.043457,1.037354
-0.018311,-0.359497,0.797119
-0.470947,0.217651,0.875244
0.430542,-0.286743,0.989990
-0.491211,-0.169556,0.712402
0.090210,0.047119,1.023315
0.095215,-0.419067,0.822021
-0.532837,0.160522,0.830444
0.435425,-0.242798,1.015503
-0.375977,-0.187744,0.736084
-0.030029,0.127563,1.007935
0.205688,-0.419556,0.860840
-0.567017,0.081787,0.785889
0.415527,-0.182861,1.034180
-0.259033,-0.297485,0.711914
-0.160278,0.165894,0.968140
0.293457,-0.394531,0.890991
-0.578857,0.019653,0.749634
0.386841,-0.170288,1.033447
-0.192871,-0.329956,0.710327
-0.251221,0.175903,0.936401
0.351929,-0.369385,0.925171
-0.598145,0.000122,0.727295
0.305176,-0.127441,1.004761
-0.115234,-0.353271,0.742432
-0.351440,0.191162,0.899780
0.383545,-0.302490,0.961060
-0.568359,-0.054688,0.697266
0.203369,-0.069946,0.999023
-0.042236,-0.405884,0.771606
-0.446777,0.195923,0.867920
0.412109,-0.260986,0.989868
-0.526489,-0.077271,0.710693
0.077759,0.052002,0.999512
0.052612,-0.427490,0.803955
-0.519775,0.159424,0.836792
0.424805,-0.217041,1.013428
-0.411377,-0.120483,0.744507
-0.009644,0.150757,1.014526
0.155884,-0.382812,0.850342
-0.577759,0.113525,0.779785
0.428223,-0.209961,1.019775
-0.294556,-0.240723,0.727417
-0.084106,0.194580,0.986816
0.225342,-0.382202,0.854858
-0.604248,0.127563,0.765015
0.441040,-0.197266,1.030762
-0.214355,-0.302856,0.748291
-0.175537,0.165894,0.947632
0.283447,-0.365723,0.887207
-0.614258,0.101685,0.740356
0.395264,-0.156738,1.027588
-0.152954,-0.361206,0.719849
-0.239868,0.192261,0.928833
0.326294,-0.331543,0.905518
-0.620605,0.068359,0.720703
0.359131,-0.130615,1.020874
-0.102417,-0.383423,0.731567
-0.307617,0.212769,0.907104
0.368408,-0.335205,0.924316
-0.592407,0.010132,0.699585
0.276001,-0.088013,0.987427
-0.070679,-0.409180,0.727417
-0.367920,0.205811,0.885864
0.399292,-0.301636,0.942139
-0.565186,-0.001587,0.698486
0.202393,0.013184,0.992432
-0.029297,-0.395752,0.753540
-0.427979,0.184448,0.856689
0.420410,-0.272461,0.979492
-0.530151,-0.066040,0.699097
0.125244,0.089600,1.004517
0.049927,-0.398682,0.786255
-0.494385,0.215698,0.849731
0.441406,-0.269287,0.983154
-0.468872,-0.107666,0.742432
0.062012,0.097900,0.993530
0.096680,-0.404541,0.803833
-0.552856,0.186157,0.815308
0.453857,-0.231445,1.013306
-0.364990,-0.189453,0.738525
0.013428,0.194458,1.017944
0.138550,-0.394653,0.802856
-0.582642,0.186890,0.797241
0.477539,-0.268433,1.008301
-0.319946,-0.208130,0.755981
-0.027100,0.185791,0.998779
0.177368,-0.379272,0.818481
-0.590088,0.177856,0.795532
0.468872,-0.238037,1.013916
-0.270142,-0.251831,0.748047
-0.064331,0.202515,1.004272
0.214478,-0.368408,0.845825
-0.603760,0.141479,0.752197
0.475098,-0.220825,1.027710
-0.233521,-0.256226,0.761963
-0.110352,0.214111,0.973877
0.258545,-0.356323,0.868286
-0.590698,0.130005,0.743896
0.440063,-0.176880,1.027222
-0.200806,-0.284424,0.746582
-0.118652,0.179443,0.969849
0.290039,-0.387085,0.868164
-0.614990,0.152832,0.757446
0.445679,-0.179199,1.011841
-0.149048,-0.299316,0.775269
-0.182373,0.208130,0.943115
0.328491,-0.379272,0.891235
-0.592651,0.099609,0.758179
0.406494,-0.129639,1.025146
-0.103638,-0.342285,0.765503
-0.235962,0.219849,0.917480
0.353638,-0.384521,0.904297
-0.585205,0.028320,0.741821
0.367920,-0.103027,1.024292
-0.067627,-0.368286,0.758057
-0.277344,0.228027,0.894897
0.392944,-0.334473,0.932983
-0.554321,0.011475,0.746582
0.312378,-0.078125,1.010986
-0.044556,-0.406860,0.735474
-0.320312,0.196533,0.872192
0.417358,-0.322266,0.935181
-0.534912,-0.025146,0.731079
0.249878,-0.031860,0.999878
0.021851,-0.431396,0.770142
-0.358765,0.151855,0.838501
0.412354,-0.299561,0.940552
-0.517822,-0.044922,0.733887
0.200317,0.004272,1.003784
0.061401,-0.453003,0.764893
-0.437622,0.170776,0.824585
0.441040,-0.266968,0.975220
-0.451416,-0.097168,0.748779
0.103027,0.091064,1.011963
0.086304,-0.448242,0.788696
-0.475586,0.119385,0.802734
0.471436,-0.287109,0.994629
-0.408325,-0.108765,0.762573
0.020996,0.175415,1.011475
0.158569,-0.443359,0.805664
-0.521606,0.093994,0.772705
0.487549,-0.305054,0.994629
-0.349487,-0.163818,0.762207
-0.026123,0.212769,1.011108
0.213135,-0.404297,0.826904
-0.546021,0.061035,0.744507
0.485229,-0.275635,1.024414
-0.280640,-0.226807,0.768555
-0.073242,0.209595,0.995850
0.250854,-0.377319,0.865112
-0.568481,0.068115,0.739502
0.466919,-0.265991,1.018066
-0.208496,-0.275391,0.789795
-0.123169,0.197632,0.976929
0.279541,-0.385864,0.882080
-0.569214,0.077515,0.748413
0.437378,-0.230347,1.017334
-0.137695,-0.310059,0.798096
-0.171021,0.197510,0.966431
0.313477,-0.395386,0.896240
-0.559692,0.056274,0.753418
0.412720,-0.175537,1.019409
-0.086670,-0.334961,0.786865
-0.212036,0.180420,0.940552
0.363525,-0.412720,0.912476
-0.542236,-0.003662,0.740845
0.358521,-0.104492,1.027954
-0.025269,-0.362183,0.794556
-0.264038,0.178101,0.919434
0.407349,-0.421753,0.934937
-0.524170,-0.069946,0.734009
0.303345,-0.087158,1.001099
0.016846,-0.403076,0.781006
-0.302002,0.168457,0.896851
0.439697,-0.382080,0.956909
-0.510254,-0.113403,0.726929
0.237183,-0.046631,1.003784
0.077637,-0.453613,0.772217
-0.366943,0.189697,0.868042
0.459595,-0.349365,0.967529
-0.472412,-0.129761,0.749878
0.169678,-0.033325,0.994019
0.110474,-0.460205,0.793091
-0.400024,0.135132,0.831665
0.463989,-0.275757,1.001587
-0.416626,-0.108521,0.765625
0.097778,0.049072,1.023193
0.161377,-0.525757,0.796265
-0.446045,0.065796,0.794556
0.485840,-0.249634,1.027832
-0.361084,-0.171753,0.751831
0.000000,0.132935,1.018555
0.258789,-0.501831,0.859985
-0.499268,0.020142,0.761841
0.471680,-0.255737,1.045532
-0.280518,-0.230225,0.774048
-0.070068,0.171143,1.018677
0.311523,-0.443359,0.910645
-0.514526,-0.004639,0.765259
0.440552,-0.217773,1.056396
-0.145752,-0.315674,0.809814
-0.134644,0.182373,0.997192
0.355347,-0.363403,0.944824
-0.521729,0.014404,0.761353
0.398560,-0.171753,1.052124
-0.024170,-0.413086,0.833130
-0.185425,0.137817,0.975098
0.408325,-0.336792,0.988892
-0.509766,0.002319,0.752563
0.322632,-0.114014,1.015015
0.068604,-0.479004,0.832520
-0.242676,0.095703,0.938721
0.456299,-0.336914,1.011719
-0.492920,-0.059937,0.745972
0.240723,-0.000732,1.048218
0.095947,-0.412842,0.843750
-0.301880,0.098755,0.929443
0.490112,-0.332031,1.036987
-0.463501,-0.077148,0.770264
0.167236,0.046387,1.042114
0.169922,-0.433350,0.886353
-0.380249,0.057007,0.881226
0.519409,-0.294556,1.067993
-0.372070,-0.184082,0.776733
0.090820,0.161133,1.069702
0.236938,-0.429810,0.879028
-0.427612,0.016724,0.821411
0.534058,-0.334106,1.081177
-0.296753,-0.287964,0.775146
0.026611,0.154053,1.037842
0.281982,-0.418823,0.892334
-0.453003,0.047974,0.810303
0.532593,-0.300537,1.077515
-0.235840,-0.277588,0.823975
-0.025879,0.144287,1.039673
0.333008,-0.410889,0.944946
-0.471313,0.011353,0.788696
0.490601,-0.203003,1.102295
-0.139038,-0.274658,0.844482
-0.089355,0.212036,1.049316
0.391357,-0.429688,0.958862
-0.478882,0.012817,0.806763
0.472534,-0.188232,1.104248
-0.076294,-0.305298,0.869141
-0.115845,0.174805,1.025879
0.425415,-0.359497,1.009399
-0.479614,-0.009521,0.788208
0.429199,-0.125854,1.104126
0.054077,-0.400513,0.877808
-0.185913,0.204834,1.036743
0.463623,-0.346069,1.043091
-0.458618,-0.043579,0.791382
0.378540,-0.079956,1.108398
0.091187,-0.405273,0.889893
-0.230957,0.167480,0.999512
0.501831,-0.300537,1.074341
-0.428223,-0.078491,0.790527
0.306641,-0.010254,1.105347
0.130249,-0.414307,0.900879
-0.292480,0.167358,0.995239
0.536011,-0.278442,1.116577
-0.397583,-0.140625,0.787964
0.240112,0.030151,1.087769
0.211304,-0.421387,0.921631
-0.347046,0.140747,0.943237
0.569214,-0.250488,1.134033
-0.326050,-0.166382,0.820068
0.147949,0.113037,1.086914
0.282349,-0.448242,0.930542
-0.385986,0.054810,0.889648
0.562622,-0.221313,1.144531
-0.250366,-0.258179,0.825195
0.066528,0.182007,1.094604
0.342529,-0.432739,0.973633
-0.438477,0.044312,0.860596
0.546631,-0.205444,1.152832
-0.183838,-0.279785,0.848511
0.006836,0.215454,1.101562
0.394775,-0.392212,1.004395
-0.443848,0.035156,0.860474
0.514282,-0.161133,1.149414
-0.080933,-0.284546,0.887939
-0.044922,0.227905,1.111694
0.420410,-0.358276,1.028442
-0.450073,0.003418,0.836548
0.500000,-0.125488,1.162354
-0.010620,-0.343750,0.887939
-0.088623,0.237915,1.099487
0.462402,-0.335938,1.052612
-0.459473,-0.016724,0.836304
0.468384,-0.147827,1.144653
0.021484,-0.366943,0.884277
-0.133545,0.190674,1.076294
0.485474,-0.280884,1.086426
-0.454712,-0.024048,0.822021
0.415771,-0.079956,1.148682
0.065063,-0.417725,0.895264
-0.191650,0.185669,1.057373
0.515015,-0.277832,1.101318
-0.443604,-0.031738,0.816162
0.375488,-0.036133,1.153687
0.114990,-0.415894,0.926392
-0.251587,0.155640,1.015259
0.536133,-0.245361,1.146118
-0.420532,-0.079102,0.807129
0.323730,-0.005249,1.149170
0.164062,-0.418457,0.941162
-0.303955,0.176270,0.995361
0.552734,-0.277588,1.135986
-0.385254,-0.122559,0.810425
0.289062,0.040527,1.158203
0.195679,-0.389038,0.948853
-0.330444,0.133789,0.953735
0.566772,-0.278687,1.135864
-0.347656,-0.181396,0.811035
0.228271,0.088745,1.136108
0.214233,-0.392944,0.938354
-0.365967,0.091797,0.917358
0.577515,-0.267456,1.145386
-0.325806,-0.212036,0.812988
0.161865,0.112549,1.131836
0.264404,-0.404175,0.957275
-0.387085,0.104980,0.906738
0.563477,-0.226318,1.151001
-0.291992,-0.217041,0.825073
0.115723,0.115356,1.103516
0.294189,-0.405029,0.960083
-0.417603,0.075928,0.892212
0.567261,-0.190063,1.161621
-0.258667,-0.250854,0.810913
0.047607,0.152222,1.099487
0.343628,-0.417847,0.965820
-0.445190,0.092407,0.882568
0.550659,-0.188965,1.145142
-0.205322,-0.254272,0.842773
-0.001831,0.146118,1.080566
0.338379,-0.373535,0.978394
-0.450806,0.009155,0.849976
0.538086,-0.188110,1.153687
-0.113647,-0.290283,0.847534
-0.069336,0.178467,1.049683
0.387817,-0.366455,0.988647
-0.473755,-0.012817,0.807251
0.509155,-0.178589,1.149780
-0.088501,-0.325317,0.842773
-0.129517,0.163940,1.037109
0.411011,-0.335693,1.009766
-0.494019,-0.022949,0.796509
0.469604,-0.139282,1.160522
-0.051025,-0.366089,0.836792
-0.207520,0.202515,1.020996
0.433716,-0.322021,1.022583
-0.502197,-0.024780,0.791382
0.295044,0.006348,1.148315
-0.004761,-0.377930,0.856689
-0.317993,0.150513,0.966187
0.570435,-0.256104,1.134277
-0.335571,-0.135864,0.826660
0.206299,0.099854,1.145508
0.230225,-0.445312,0.935425
-0.370850,0.086792,0.932617
0.556641,-0.235229,1.151611
-0.291260,-0.271851,0.808960
0.130981,0.172119,1.134888
0.282104,-0.381470,0.951416
-0.437134,0.125488,0.892944
0.568115,-0.243774,1.147339
-0.247925,-0.293701,0.841553
0.066650,0.122681,1.092896
0.314697,-0.375854,0.970581
-0.437988,0.060547,0.860718
0.565918,-0.222290,1.154419
-0.188843,-0.312378,0.844971
-0.002319,0.136353,1.078735
0.341187,-0.377197,0.975464
-0.442505,0.024414,0.836060
0.533569,-0.147217,1.148926
-0.122314,-0.285156,0.838745
-0.040894,0.172974,1.090088
0.377075,-0.395508,0.977905
-0.472168,0.000732,0.821533
0.492432,-0.137207,1.147339
-0.088989,-0.323242,0.827759
-0.096069,0.209106,1.088379
0.413696,-0.366577,1.001465
-0.506226,-0.002686,0.814209
0.463867,-0.151978,1.129517
-0.071777,-0.330444,0.835327
-0.148315,0.180542,1.045532
0.414185,-0.317749,1.008423
-0.495361,-0.028687,0.800049
0.440063,-0.128418,1.152588
-0.046021,-0.351685,0.840332
-0.233398,0.192993,1.003052
0.439453,-0.305054,1.040771
-0.497925,-0.077759,0.777222
0.390625,-0.126831,1.125488
-0.025269,-0.331665,0.849243
-0.272461,0.213257,1.009277
0.478760,-0.308105,1.051270
-0.500732,-0.089111,0.770996
0.340088,-0.116455,1.115723
0.013672,-0.392944,0.848755
-0.312866,0.190063,0.944702
0.468262,-0.286133,1.044312
-0.466797,-0.071289,0.776123
0.280884,-0.061157,1.109619
0.058350,-0.399780,0.856079
-0.365601,0.147461,0.908081
0.472168,-0.267334,1.051147
-0.430786,-0.123535,0.775757
0.196167,0.015259,1.078369
0.111572,-0.401367,0.876221
-0.423218,0.127686,0.879395
0.488647,-0.249512,1.078247
-0.416016,-0.153198,0.768677
0.119873,0.073120,1.073608
0.163818,-0.427734,0.880859
-0.465698,0.093018,0.857178
0.490601,-0.233276,1.084351
-0.386108,-0.205811,0.745850
0.050781,0.111694,1.053223
0.212280,-0.386108,0.890137
-0.507935,0.085693,0.836670
0.488770,-0.264526,1.064941
-0.292725,-0.274414,0.769043
-0.011475,0.142578,1.042725
0.229126,-0.389282,0.880981
-0.533325,0.052368,0.802124
0.479126,-0.254272,1.069458
-0.250366,-0.325439,0.752808
-0.044800,0.147339,1.028564
0.244019,-0.382324,0.871094
-0.567749,0.071289,0.771118
0.466309,-0.264893,1.050903
-0.207153,-0.373657,0.741699
-0.102783,0.129639,0.990601
0.262451,-0.379028,0.885010
-0.561157,0.054321,0.754639
0.450317,-0.232666,1.041992
-0.199097,-0.350098,0.755859
-0.160156,0.126587,0.980347
0.301636,-0.361938,0.912720
-0.584839,0.037231,0.728394
0.407349,-0.168823,1.060181
-0.172363,-0.360474,0.749390
-0.202393,0.129883,0.970459
0.327515,-0.366211,0.905029
-0.598633,0.072510,0.745117
0.385986,-0.177856,1.038940
-0.137695,-0.340576,0.778442
-0.272095,0.154297,0.949341
0.335693,-0.331909,0.940430
-0.580688,0.024780,0.732544
0.334106,-0.130371,1.041138
-0.118896,-0.369019,0.762695
-0.318481,0.166260,0.928711
0.376099,-0.336182,0.953125
-0.579956,0.006348,0.712524
0.256226,-0.090820,1.009399
-0.065674,-0.348877,0.794434
-0.385620,0.159424,0.890747
0.398682,-0.304443,0.984741
-0.549316,-0.035645,0.693237
0.195312,-0.001099,1.012329
-0.012573,-0.372070,0.799561
-0.459961,0.149048,0.859619
0.435181,-0.320557,1.000610
-0.520508,-0.083496,0.688110
0.105469,0.116821,1.021729
0.033691,-0.323975,0.818726
-0.507690,0.143311,0.852173
0.455078,-0.339355,1.002808
-0.474854,-0.159668,0.712891
0.058838,0.132812,1.030029
0.078491,-0.365845,0.808594
-0.567505,0.180786,0.822388
0.466431,-0.311401,1.005371
-0.396973,-0.219360,0.727539
0.001953,0.157349,1.009277
0.123291,-0.389282,0.813965
-0.586304,0.165894,0.791504
0.456055,-0.295532,1.000854
-0.322388,-0.247681,0.744141
-0.057861,0.229858,1.005127
0.162842,-0.376343,0.828247
-0.587524,0.092041,0.774536
0.456665,-0.270752,1.022827
-0.298218,-0.265259,0.712158
-0.091797,0.215576,0.990356
0.224609,-0.377075,0.838379
-0.608887,0.086060,0.758301
0.444580,-0.247314,1.025146
-0.254761,-0.315918,0.713867
-0.156616,0.205200,0.963013
0.274658,-0.382080,0.876221
-0.606567,0.081787,0.763916
0.392578,-0.175537,1.020386
-0.216797,-0.338623,0.701416
-0.189819,0.197266,0.947754
0.328735,-0.364746,0.902466
-0.630371,0.086060,0.739136
0.363892,-0.178467,1.008301
-0.170654,-0.377319,0.705566
-0.214844,0.184570,0.932251
0.346069,-0.349731,0.899658
-0.626465,0.095337,0.741577
0.326904,-0.140991,0.999023
-0.104858,-0.412842,0.729858
-0.291992,0.162231,0.892212
0.372559,-0.339600,0.916992
-0.590332,0.091553,0.719849
0.259521,-0.029419,0.987793
-0.055176,-0.401855,0.752930
-0.353760,0.159180,0.884644
0.381226,-0.333008,0.926880
-0.580322,0.025269,0.704834
0.237915,0.010132,1.007690
-0.055298,-0.338623,0.756592
-0.405029,0.172241,0.858521
0.427856,-0.338867,0.956543
-0.542480,-0.016235,0.727295
0.170044,0.032593,0.996582
-0.001221,-0.404785,0.758911
-0.445190,0.196777,0.851196
0.428223,-0.267334,0.975220
-0.492432,-0.039429,0.748535
0.132812,0.058838,1.013794
0.039551,-0.398804,0.782227
-0.517090,0.217041,0.833740
0.449219,-0.272949,0.977783
-0.432373,-0.094116,0.758789
0.057983,0.148193,1.014893
0.097534,-0.402344,0.801270
-0.537720,0.168091,0.809570
0.442993,-0.243286,0.997314
-0.372437,-0.124390,0.756958
0.006592,0.206787,1.013184
0.161255,-0.375122,0.832886
-0.580933,0.134033,0.771240
0.455933,-0.227295,1.021118
-0.307739,-0.213867,0.736084
-0.020752,0.196899,1.009033
0.194824,-0.357300,0.849243
-0.599243,0.118164,0.753174
0.447998,-0.230835,1.006592
-0.221558,-0.290039,0.754272
-0.075684,0.213135,0.990479
0.247437,-0.351685,0.860352
-0.616821,0.147827,0.761719
0.438721,-0.242065,0.992920
-0.167480,-0.316650,0.780762
-0.133545,0.185059,0.944214
0.302856,-0.347046,0.885132
-0.603760,0.125977,0.754639
0.406128,-0.146362,1.017212
-0.123047,-0.298462,0.772827
-0.166992,0.143677,0.931152
0.332642,-0.352051,0.919800
-0.592041,0.081665,0.748047
0.376587,-0.102539,1.018066
-0.083618,-0.366577,0.750610
-0.242310,0.192871,0.905029
0.360229,-0.348999,0.915894
-0.566650,0.044922,0.749268
0.348999,-0.119873,1.000854
-0.065552,-0.388550,0.743408
-0.271606,0.185669,0.880981
0.398315,-0.314697,0.931519
-0.542480,0.019165,0.752441
0.299194,-0.070190,1.000122
-0.002197,-0.428345,0.747681
-0.345459,0.172119,0.844604
0.403076,-0.298950,0.946045
-0.525024,-0.062500,0.729858
0.252197,-0.053345,0.997925
0.043335,-0.452515,0.767822
-0.389160,0.154663,0.826904
0.416992,-0.278687,0.962036
-0.489136,-0.085205,0.728149
0.196899,-0.011353,0.996094
0.068848,-0.464478,0.762817
-0.425903,0.152588,0.824707
0.442749,-0.277832,0.972412
-0.481934,-0.070923,0.747681
0.126221,0.044556,1.000732
0.112671,-0.447021,0.793091
-0.467407,0.141846,0.805908
0.467529,-0.286743,0.982666
-0.434204,-0.106934,0.762329
0.056396,0.095093,0.990112
0.136597,-0.427002,0.815063
-0.481812,0.080566,0.775757
0.471069,-0.260376,1.014160
-0.396606,-0.140015,0.741821
0.002441,0.163452,1.011230
0.209839,-0.471436,0.829224
-0.525024,0.088135,0.776001
0.461060,-0.270996,0.998535
-0.322754,-0.186035,0.769897
-0.041992,0.211060,1.012695
0.261963,-0.407227,0.882324
-0.546387,0.059692,0.755859
0.448608,-0.278442,0.994995
-0.268921,-0.261597,0.770630
-0.062500,0.179810,1.000488
0.270264,-0.388672,0.883545
-0.555908,0.067017,0.737915
0.450195,-0.241089,1.021240
-0.220337,-0.233521,0.797363
-0.085205,0.173096,0.999146
0.310913,-0.448853,0.884888
-0.576050,0.104004,0.758789
0.435913,-0.235229,1.006104
-0.190186,-0.238525,0.817383
-0.125122,0.164551,0.984253
0.319702,-0.416016,0.895020
-0.550659,0.064819,0.770020
0.416382,-0.169678,1.032593
-0.120117,-0.344727,0.787354
-0.165527,0.177246,0.976318
0.337769,-0.424927,0.902466
-0.553589,0.045898,0.759521
0.407959,-0.183838,1.028931
-0.066650,-0.335449,0.804077
-0.210449,0.217285,0.977783
0.375854,-0.440674,0.928833
-0.537109,-0.025391,0.755371
0.389526,-0.149902,1.042114
-0.040527,-0.343140,0.794922
-0.223755,0.223267,0.978271
0.394775,-0.413940,0.943848
-0.511963,-0.068359,0.749146
0.371094,-0.144897,1.032227
-0.023315,-0.349731,0.811157
-0.253540,0.185303,0.933228
0.420410,-0.398071,0.955200
-0.496094,-0.109375,0.734497
0.339844,-0.110840,1.041748
0.019653,-0.397949,0.800049
-0.277222,0.180664,0.928833
0.430786,-0.368042,0.968018
-0.464233,-0.084595,0.785645
0.306641,-0.087524,1.046509
0.055664,-0.469360,0.787598
-0.294067,0.147095,0.904297
0.455078,-0.326172,0.999146
-0.449219,-0.088623,0.790039
0.266479,-0.062012,1.051758
0.085205,-0.483521,0.796265
-0.308350,0.118042,0.892944
0.461792,-0.306152,0.997681
-0.439331,-0.114990,0.767822
0.231567,-0.040649,1.040771
0.127075,-0.464844,0.836914
-0.369873,0.133911,0.886108
0.493652,-0.294067,1.035645
-0.416260,-0.148315,0.763062
0.158081,0.038330,1.045410
0.169678,-0.482056,0.846558
-0.375244,0.073486,0.863647
0.510498,-0.276611,1.053711
-0.390137,-0.159302,0.769653
0.094116,0.092285,1.038330
0.236206,-0.503906,0.862915
-0.405762,0.043335,0.834839
0.520020,-0.261963,1.066162
-0.320801,-0.192749,0.785889
0.043457,0.129272,1.041260
0.291992,-0.464600,0.904663
-0.442749,0.026367,0.811279
0.510254,-0.238159,1.089111
-0.240479,-0.248901,0.817017
-0.011475,0.134155,1.026855
0.337402,-0.420044,0.946533
-0.477051,0.020264,0.802002
0.502197,-0.206299,1.106689
-0.135986,-0.294189,0.832031
-0.088501,0.226318,1.049194
0.375854,-0.379639,0.972656
-0.460693,-0.024780,0.811646
0.464355,-0.189941,1.111938
-0.070068,-0.342651,0.846558
-0.123657,0.194336,1.042847
0.430908,-0.333740,1.019409
-0.476929,-0.008667,0.802734
0.426147,-0.142334,1.106323
0.057861,-0.421997,0.875488
-0.169312,0.182251,1.039062
0.452148,-0.309814,1.034302
-0.477905,-0.026489,0.788452
0.390869,-0.114258,1.100098
0.095703,-0.432617,0.885132
-0.226074,0.171509,1.016357
0.497925,-0.301880,1.069946
-0.450928,-0.080933,0.775513
0.348633,-0.060059,1.107422
0.107666,-0.414673,0.891113
-0.277954,0.178955,1.000977
0.545532,-0.285034,1.111206
-0.420288,-0.088379,0.799316
0.268921,0.008301,1.099731
0.170532,-0.448975,0.898926
-0.301270,0.151733,0.974609
0.563599,-0.257935,1.129395
-0.378906,-0.131226,0.812500
0.211426,0.039062,1.091553
0.224609,-0.488770,0.905884
-0.348267,0.111450,0.922119
0.575439,-0.251221,1.125854
-0.301025,-0.155884,0.850220
0.136475,0.115845,1.089722
0.276978,-0.474243,0.933716
-0.377686,0.062012,0.888550
0.574707,-0.226196,1.144043
-0.254150,-0.215820,0.848633
0.072632,0.191406,1.099976
0.336304,-0.422485,0.974243
-0.428101,0.059204,0.877930
0.572266,-0.244995,1.154297
-0.192871,-0.253784,0.876343
0.010132,0.196899,1.090454
0.362183,-0.394043,0.984009
-0.434082,0.040405,0.867676
0.562744,-0.198853,1.175293
-0.088989,-0.272095,0.910767
-0.058960,0.205200,1.084717
0.394409,-0.359009,1.008545
-0.449341,0.013550,0.836426
0.529541,-0.172852,1.160034
0.003662,-0.341431,0.931396
-0.078491,0.193481,1.097778
0.418213,-0.330688,1.016724
-0.462402,0.006348,0.820801
0.499023,-0.133667,1.161255
0.030151,-0.361572,0.910889
-0.138062,0.215332,1.083008
0.469482,-0.322876,1.060669
-0.468262,-0.003052,0.817871
0.437134,-0.079712,1.159912
0.060303,-0.360229,0.914062
-0.191284,0.203003,1.062134
0.502686,-0.292114,1.095215
-0.454102,-0.040283,0.804077
0.393921,-0.039551,1.162354
0.085327,-0.363159,0.921265
-0.238525,0.180542,1.041016
0.547852,-0.279907,1.147217
-0.445923,-0.073853,0.803101
0.324219,0.003906,1.150269
0.153198,-0.399170,0.933594
-0.304077,0.153809,0.995972
0.566406,-0.272949,1.144653
-0.374756,-0.144653,0.807495
0.245972,0.067871,1.137451
0.185547,-0.405518,0.922729
-0.341309,0.121704,0.951660
0.577515,-0.277588,1.151001
-0.333862,-0.197144,0.811157
0.174561,0.115601,1.124146
0.231445,-0.389648,0.940918
-0.375122,0.082153,0.911987
0.588745,-0.278687,1.144287
-0.293213,-0.211792,0.837158
0.100952,0.149780,1.105591
0.279297,-0.398438,0.942871
-0.410645,0.075195,0.887939
0.560547,-0.236938,1.145386
-0.231567,-0.257568,0.845337
0.044312,0.147949,1.088623
0.310303,-0.358032,0.961304
-0.443237,0.045288,0.852173
0.558350,-0.225830,1.149780
-0.139526,-0.322510,0.852783
-0.017578,0.139160,1.068970
0.339233,-0.358154,0.960938
-0.470337,0.044800,0.821045
0.518921,-0.193970,1.143677
-0.078735,-0.351318,0.851562
-0.095947,0.154419,1.062012
0.383301,-0.332031,1.001343
-0.482666,-0.013672,0.796021
0.459351,-0.111206,1.155396
-0.054321,-0.366577,0.835571
-0.159058,0.182617,1.064575
0.417358,-0.325684,1.024170
-0.508911,-0.018555,0.788330
0.409302,-0.102783,1.134399
-0.007690,-0.346313,0.850952
-0.248657,0.218872,1.021851
0.468872,-0.304077,1.047974
-0.483521,-0.049194,0.770996
0.332153,-0.064209,1.111450
0.041382,-0.369263,0.868286
-0.328491,0.161133,0.945435
0.496216,-0.296509,1.068726
-0.440796,-0.114014,0.760864
0.239502,0.022339,1.110107
0.109253,-0.415771,0.869019
-0.397461,0.128174,0.911621
0.517212,-0.277100,1.084961
-0.406982,-0.154541,0.767334
0.125000,0.101807,1.079834
0.176147,-0.408203,0.893311
-0.448242,0.091309,0.868408
0.508057,-0.248779,1.079102
-0.353271,-0.220947,0.774292
0.051758,0.105469,1.048462
0.217407,-0.406250,0.881958
-0.472412,0.078613,0.842407
0.494507,-0.211670,1.085693
-0.270508,-0.256226,0.788574
-0.014282,0.106567,1.036377
0.265259,-0.414062,0.903564
-0.516724,0.064819,0.796509
0.486694,-0.195923,1.095215
-0.214111,-0.292603,0.776978
-0.105469,0.152344,1.005127
0.321045,-0.400879,0.914429
-0.533569,0.028076,0.778076
0.451904,-0.175659,1.085327
-0.181274,-0.338135,0.748657
-0.175049,0.155273,0.997681
0.350952,-0.376953,0.937378
-0.549561,0.005493,0.761597
0.424438,-0.162231,1.074463
-0.149048,-0.337036,0.765869
-0.274902,0.207275,0.962036
0.378174,-0.343994,0.957031
-0.540894,-0.048340,0.761108
0.364014,-0.143311,1.074829
-0.126221,-0.338013,0.771484
-0.308350,0.180786,0.918823
0.406860,-0.309937,0.978027
-0.559448,-0.046265,0.729370
0.284546,-0.111816,1.051514
-0.057373,-0.413818,0.786011
-0.376831,0.180542,0.897705
0.420532,-0.285400,1.003418
-0.522461,-0.050903,0.731567
0.202759,-0.029419,1.041748
0.014404,-0.418335,0.819336
-0.448608,0.145508,0.878662
0.437622,-0.272949,1.019897
-0.486572,-0.099365,0.712280
0.096924,0.100098,1.033813
0.084473,-0.365845,0.841919
-0.513550,0.112915,0.832275
0.452148,-0.297852,1.016846
-0.407593,-0.195557,0.741699
0.017456,0.146240,1.025757
0.150269,-0.396973,0.835571
-0.553955,0.103149,0.799316
0.451416,-0.268921,1.029663
-0.337036,-0.236816,0.738037
-0.033813,0.143677,0.997070
0.203979,-0.347412,0.867676
-0.596313,0.117920,0.775513
0.450439,-0.268677,1.030273
-0.261353,-0.344482,0.704956
-0.118530,0.158081,0.964355
0.247925,-0.351929,0.875488
-0.599121,0.053101,0.743164
0.407104,-0.244629,1.013428
-0.218506,-0.368652,0.705566
-0.184326,0.175415,0.968140
0.295166,-0.374634,0.887207
-0.620361,0.081055,0.758423
0.382690,-0.194824,1.021973
-0.184448,-0.382935,0.707153
-0.241455,0.160400,0.930420
0.337524,-0.353394,0.918457
-0.618164,0.052734,0.738159
0.327759,-0.139404,1.011963
-0.138672,-0.384521,0.729614
-0.310791,0.168945,0.901855
0.360352,-0.309937,0.939575
-0.597534,0.020874,0.715332
0.277222,-0.092041,1.009399
-0.075928,-0.367676,0.772217
-0.404785,0.178467,0.865967
0.393311,-0.307617,0.954468
-0.557007,-0.009399,0.715942
0.177979,0.006104,0.994263
-0.013916,-0.397827,0.774292
-0.468384,0.186279,0.855713
0.408447,-0.276611,0.970825
-0.507446,-0.062256,0.726929
0.100464,0.070435,1.010498
0.052002,-0.390991,0.803101
-0.536499,0.203613,0.829346
0.429321,-0.270996,0.983643
-0.434937,-0.135864,0.727905
0.036377,0.139160,1.016113
0.132568,-0.397827,0.831421
-0.588135,0.164185,0.799194
0.441162,-0.232300,1.007446
-0.338623,-0.212891,0.729492
-0.034058,0.156738,0.997314
0.211548,-0.399414,0.855957
-0.622559,0.121826,0.760620
0.427368,-0.212280,1.004272
-0.233643,-0.280029,0.732422
-0.146118,0.211426,0.961548
0.285889,-0.360352,0.884888
-0.614380,0.068604,0.742188
0.380859,-0.161377,1.016846
-0.174927,-0.337524,0.722168
-0.215698,0.196655,0.926270
0.349365,-0.350586,0.905396
-0.617310,0.075806,0.723755
0.334473,-0.118774,1.001953
-0.087036,-0.401733,0.734985
-0.317017,0.196289,0.886719
0.384521,-0.318481,0.930786
-0.580566,0.043335,0.718262
0.256592,-0.019897,1.004150
-0.025513,-0.437134,0.741333
-0.395508,0.209351,0.857910
0.416870,-0.293945,0.953491
-0.537964,-0.013184,0.715454
0.165771,0.032715,1.000366
0.022705,-0.407349,0.776001
-0.472046,0.208618,0.839966
0.427856,-0.248535,0.974487
-0.454956,-0.082886,0.755249
0.089722,0.085815,1.008423
0.099731,-0.414795,0.802368
-0.549561,0.194092,0.813965
0.445557,-0.236938,0.991699
-0.361694,-0.156616,0.748779
-0.001099,0.163574,1.002930
0.194702,-0.391602,0.854126
-0.583252,0.135742,0.788696
0.444824,-0.210815,1.007080
-0.247559,-0.246582,0.750854
-0.114990,0.192505,0.965454
0.266846,-0.363403,0.878052
-0.609985,0.104370,0.752441
0.435913,-0.185059,1.026489
-0.142334,-0.323120,0.752441
-0.190308,0.192749,0.923340
0.327393,-0.304810,0.907227
-0.595581,0.099854,0.749634
0.364136,-0.141113,1.002686
-0.058838,-0.394653,0.772583
-0.276978,0.168457,0.883545
0.391968,-0.302979,0.932129
-0.567749,0.057739,0.719971
0.262817,-0.025879,0.992676
0.006470,-0.425049,0.765259
-0.341553,0.133911,0.846680
0.407471,-0.278809,0.957397
-0.526489,0.002808,0.740234
0.193848,0.021606,1.001221
0.055420,-0.439697,0.768066
-0.438232,0.157471,0.833374
0.447754,-0.265259,0.976685
-0.469604,-0.046265,0.760254
0.085449,0.112549,0.994141
0.116211,-0.427612,0.797363
-0.505615,0.134155,0.801758
0.451416,-0.223755,1.006226
-0.367920,-0.136841,0.759277
0.011230,0.184937,1.007446
0.186035,-0.386353,0.841553
-0.581421,0.088257,0.740356
0.463379,-0.255981,1.023193
-0.284302,-0.228149,0.749512
-0.068726,0.265259,1.017700
0.271484,-0.374146,0.862061
-0.614502,0.129150,0.761475
0.446777,-0.277222,0.993408
-0.154785,-0.315552,0.788330
-0.121338,0.192627,0.967285
0.297607,-0.324951,0.908691
-0.597046,0.126099,0.755493
0.410889,-0.198853,1.009277
-0.068237,-0.372070,0.785645
-0.176636,0.177734,0.940308
0.330811,-0.304810,0.917236
-0.570435,0.065796,0.750488
0.369141,-0.160400,0.994995
-0.027100,-0.404419,0.785889
-0.244385,0.141479,0.897095
0.378174,-0.330322,0.934937
-0.544067,-0.009277,0.733154
0.313354,-0.108154,0.997314
0.010498,-0.415283,0.763062
-0.322266,0.159424,0.861816
0.420532,-0.338867,0.942505
-0.511108,-0.069214,0.738525
0.242432,-0.088745,0.983765
0.065063,-0.461792,0.777466
-0.384033,0.155884,0.832153
0.446167,-0.302002,0.962036
-0.470215,-0.121948,0.744141
0.135376,0.008789,0.992920
0.113281,-0.469238,0.795044
-0.431519,0.113525,0.809814
0.466675,-0.281494,0.983276
-0.431763,-0.130371,0.743164
0.058228,0.081787,0.999390
0.187500,-0.491699,0.818481
-0.486816,0.078979,0.774658
0.459351,-0.246460,1.003784
-0.336914,-0.160156,0.772705
-0.036621,0.145630,0.994019
0.252441,-0.480103,0.862671
-0.511841,0.017700,0.746704
0.449463,-0.203857,1.041626
-0.243896,-0.229614,0.781128
-0.107300,0.194458,1.006104
0.320312,-0.473877,0.885010
-0.536743,0.042603,0.770752
0.423828,-0.195679,1.043213
-0.129272,-0.301514,0.809326
-0.175415,0.196655,0.979614
0.354980,-0.401611,0.916138
-0.523071,-0.000488,0.769043
0.395142,-0.155151,1.050903
-0.041748,-0.363770,0.807007
-0.227783,0.177246,0.947632
0.417480,-0.310425,0.955566
-0.494263,-0.104980,0.728149
0.194702,-0.016968,1.006592
0.043945,-0.444458,0.813232
-0.396851,0.121704,0.824097
0.445190,-0.269653,0.981689
-0.454590,-0.114746,0.724854
0.112061,0.076904,1.013184
0.122437,-0.470337,0.791138
-0.483887,0.085327,0.780640
0.471436,-0.283203,1.003662
-0.377930,-0.183716,0.747437
0.024048,0.142212,1.022095
0.201660,-0.428345,0.834595
-0.536011,0.093262,0.757202
0.463501,-0.269653,1.020752
-0.270752,-0.263306,0.769653
-0.065796,0.175415,1.008301
0.275635,-0.434204,0.871826
-0.567749,0.067383,0.734375
0.437500,-0.219116,1.021240
-0.135620,-0.292114,0.817139
-0.154663,0.176147,0.967773
0.325562,-0.404785,0.899536
-0.557373,0.041992,0.751587
0.394043,-0.171997,1.033813
-0.037842,-0.368164,0.811646
-0.220825,0.164062,0.939941
0.383057,-0.367554,0.949829
-0.534058,-0.018555,0.732544
0.321533,-0.110352,1.010864
0.041626,-0.472900,0.793701
-0.284302,0.143433,0.915039
0.447021,-0.348999,0.975586
-0.489380,-0.049561,0.738037
0.208740,0.001709,1.003418
0.101929,-0.446045,0.809448
-0.358521,0.074707,0.866455
0.469116,-0.344604,1.006836
-0.444336,-0.130737,0.743896
0.118652,0.088623,1.017090
0.144165,-0.419800,0.813843
-0.432861,0.092529,0.831909
0.521118,-0.360718,1.024780
-0.360229,-0.219238,0.777954
0.022705,0.134766,1.014282
0.215454,-0.427368,0.845093
-0.464600,0.041504,0.781860
0.508545,-0.295532,1.053711
-0.287476,-0.223633,0.801514
-0.018188,0.156494,1.033447
0.286377,-0.474487,0.870850
-0.503418,0.026245,0.767090
0.483398,-0.248657,1.056763
-0.201416,-0.259521,0.821655
-0.086792,0.181885,1.019531
0.331299,-0.450439,0.915283
-0.503540,0.022339,0.786255
0.463745,-0.199341,1.074707
-0.135254,-0.278809,0.836060
-0.132935,0.202271,1.024658
0.374146,-0.453979,0.941162
-0.507690,0.008545,0.789185
0.434326,-0.174927,1.073486
-0.057251,-0.317749,0.847534
-0.154053,0.212280,1.035645
0.395874,-0.389648,0.962769
-0.495117,-0.041138,0.783691
0.424683,-0.193848,1.076294
0.003906,-0.384033,0.851807
-0.189575,0.202759,1.014282
0.427734,-0.365234,0.998657
-0.471191,-0.072388,0.785034
0.398315,-0.143799,1.080933
0.037720,-0.366943,0.858887
-0.211548,0.184814,0.989990
0.470093,-0.319336,1.036133
-0.448364,-0.124512,0.770386
0.358521,-0.092773,1.093018
0.081787,-0.407593,0.863892
-0.266357,0.211182,0.984863
0.503540,-0.341675,1.040527
-0.426147,-0.120605,0.786133
0.312866,-0.064331,1.085449
0.113281,-0.390259,0.886963
-0.293213,0.198364,0.972534
0.517212,-0.290405,1.076172
-0.398438,-0.154175,0.785767
0.257324,-0.015015,1.084106
0.158569,-0.400146,0.899170
-0.321045,0.155029,0.947021
0.543213,-0.276245,1.101074
-0.369141,-0.171387,0.805054
0.189941,0.030273,1.077393
0.218384,-0.454956,0.900635
-0.353027,0.084595,0.891113
0.568726,-0.258667,1.116333
-0.323730,-0.178223,0.813843
0.119263,0.087891,1.063110
0.287476,-0.448486,0.932251
-0.388794,0.068604,0.872437
0.551025,-0.204224,1.136230
-0.263062,-0.229614,0.818115
0.058350,0.135010,1.081421
0.351685,-0.436035,0.985474
-0.416504,0.061890,0.861572
0.539673,-0.179688,1.144897
-0.191040,-0.239990,0.854614
-0.017822,0.191772,1.069580
0.398804,-0.399536,1.006104
-0.437500,0.021606,0.836182
0.521851,-0.129150,1.166016
-0.081299,-0.274414,0.888672
-0.090698,0.220459,1.085571
0.448242,-0.383667,1.028931
-0.437744,-0.015503,0.840454
0.481079,-0.111206,1.164551
0.026489,-0.336670,0.906494
-0.149780,0.230469,1.069336
0.476318,-0.332153,1.065186
-0.438965,-0.090942,0.817627
0.429077,-0.073608,1.167969
0.069580,-0.339111,0.918091
-0.218872,0.251221,1.058838
0.536865,-0.271240,1.120972
-0.418091,-0.117310,0.813721
0.319702,-0.051636,1.133545
0.132568,-0.414429,0.926025
-0.278320,0.135986,0.966919
0.575562,-0.262573,1.140381
-0.345825,-0.163940,0.821899
0.215332,0.082886,1.119019
0.245972,-0.408325,0.959717
-0.366333,0.085449,0.924927
0.585693,-0.252441,1.168335
-0.276489,-0.259399,0.824829
0.104736,0.157715,1.113159
0.313965,-0.411987,0.976440
-0.385254,0.051025,0.894165
0.573608,-0.199341,1.175171
-0.229736,-0.260132,0.838379
0.040771,0.173706,1.110840
0.357178,-0.387207,0.997681
-0.430786,0.031616,0.872314
0.563721,-0.202271,1.172852
-0.126587,-0.299561,0.882446
-0.038086,0.178223,1.072144
0.400757,-0.352783,1.012817
-0.432007,-0.001221,0.845825
0.533325,-0.167480,1.170654
-0.052856,-0.346313,0.879517
-0.069580,0.150146,1.078125
0.417358,-0.333496,1.020996
-0.448120,0.000000,0.838135
0.498901,-0.144043,1.163330
-0.025024,-0.356445,0.874390
-0.148682,0.164917,1.049072
0.463013,-0.309082,1.064453
-0.445923,-0.026978,0.813477
0.430542,-0.034058,1.179932
-0.000244,-0.334839,0.893677
-0.222656,0.185547,1.043945
0.511230,-0.341187,1.081665
-0.453125,-0.085083,0.804932
0.376831,-0.031738,1.157837
0.041626,-0.346680,0.883545
-0.266846,0.207642,1.016235
0.529297,-0.307739,1.095825
-0.421631,-0.100586,0.809448
0.311768,-0.009399,1.141724
0.074585,-0.351807,0.907715
-0.299316,0.139160,0.968628
0.540894,-0.288330,1.109497
-0.405273,-0.151978,0.780640
0.267578,0.027832,1.144653
0.130981,-0.361084,0.900635
-0.363037,0.175293,0.928101
0.532837,-0.275635,1.093262
-0.367798,-0.210449,0.801147
0.190918,0.012695,1.099365
0.190430,-0.386475,0.928955
-0.403931,0.139404,0.905273
0.519409,-0.234863,1.107544
-0.334473,-0.196045,0.795288
0.105835,0.074463,1.093140
0.247192,-0.422119,0.939209
-0.439331,0.062500,0.863403
0.522949,-0.220337,1.113281
-0.278564,-0.231567,0.803833
0.012939,0.150269,1.069702
0.271362,-0.385376,0.926636
-0.457275,0.032837,0.838379
0.530151,-0.241943,1.117554
-0.207275,-0.284668,0.804077
-0.049561,0.163208,1.045532
0.329346,-0.382080,0.937134
-0.492920,0.042236,0.813110
0.477295,-0.199829,1.094849
-0.147705,-0.349487,0.790527
-0.120117,0.137451,1.013916
0.361450,-0.359497,0.964478
-0.509399,-0.005249,0.781616
0.450439,-0.151611,1.114014
-0.133423,-0.351685,0.783569
-0.222290,0.176270,1.003174
0.400513,-0.356445,0.995605
-0.527222,-0.045532,0.768311
0.370361,-0.109619,1.103394
-0.081787,-0.347168,0.794189
-0.287720,0.189575,0.970703
0.432983,-0.318359,1.013428
-0.509277,-0.061401,0.759888
0.310059,-0.091675,1.091797
-0.034790,-0.365967,0.814819
-0.375122,0.171387,0.908325
0.454224,-0.296143,1.028198
-0.452515,-0.147095,0.744385
0.199097,0.004150,1.084351
0.070923,-0.409668,0.832520
-0.464478,0.177368,0.864990
0.480469,-0.258911,1.036865
-0.417358,-0.195557,0.743774
0.071411,0.089722,1.050049
0.155762,-0.420166,0.868042
-0.507202,0.078491,0.815063
0.468628,-0.252441,1.048340
-0.307373,-0.234619,0.774902
-0.045532,0.155640,1.026611
0.229370,-0.396729,0.869873
-0.546021,0.062744,0.786865
0.456543,-0.242432,1.049561
-0.233032,-0.315308,0.743164
-0.163696,0.166382,0.965698
0.301392,-0.377686,0.907471
-0.557495,0.015869,0.759155
0.413818,-0.163574,1.068481
-0.167969,-0.358643,0.742676
-0.246704,0.158203,0.946167
0.336060,-0.346436,0.928711
-0.560791,-0.025757,0.738647
0.371338,-0.137085,1.066162
-0.129272,-0.365356,0.741333
-0.351074,0.199829,0.906372
0.390625,-0.342773,0.958374
-0.547241,-0.057861,0.726685
0.248901,-0.087402,1.031250
-0.049805,-0.384277,0.791626
-0.435547,0.191040,0.878662
0.421021,-0.286743,0.991821
-0.515381,-0.102539,0.700562
0.120483,0.044067,1.025757
0.069214,-0.418335,0.825562
-0.522217,0.166992,0.843384
0.439941,-0.271606,1.012939
-0.414185,-0.174438,0.725464
0.001099,0.154297,1.023560
0.150146,-0.371582,0.843506
-0.564941,0.106079,0.802856
0.443237,-0.277222,1.013062
-0.300049,-0.277588,0.725342
-0.079346,0.159912,0.983154
0.227417,-0.362305,0.862915
-0.602905,0.099243,0.764893
0.414673,-0.230835,1.016479
-0.214111,-0.349243,0.725708
-0.189697,0.143066,0.954224
0.286377,-0.367310,0.893921
-0.612061,0.058838,0.727051
0.376465,-0.156250,1.020142
-0.151489,-0.352417,0.725098
-0.287598,0.189209,0.921265
0.336182,-0.334839,0.921997
-0.601196,0.023315,0.721436
0.298462,-0.102295,1.020996
-0.101074,-0.406738,0.739258
-0.356079,0.181641,0.898926
0.376099,-0.299194,0.950928
-0.578491,0.003662,0.705933
0.199341,-0.015259,1.009155
-0.016602,-0.404663,0.776123
-0.456055,0.176758,0.864868
0.412231,-0.268311,0.976929
-0.512817,-0.081909,0.693970
0.089600,0.101318,0.998535
0.052979,-0.375244,0.796387
-0.529419,0.167603,0.827881
0.449707,-0.289185,0.998047
-0.417236,-0.156494,0.731812
0.016357,0.162231,1.008179
0.133667,-0.374756,0.819458
-0.586304,0.148560,0.785645
0.446411,-0.262573,0.992310
-0.301270,-0.238037,0.739136
-0.064697,0.191040,0.983643
0.201294,-0.365479,0.853027
-0.605713,0.134155,0.783203
0.444092,-0.249268,1.014038
-0.229858,-0.291260,0.739136
-0.141235,0.185547,0.956909
0.275146,-0.356934,0.879761
-0.616821,0.129150,0.749512
0.400635,-0.149658,1.021240
-0.141724,-0.354614,0.727417
-0.208618,0.204590,0.946167
0.302490,-0.349487,0.896851
-0.611450,0.067993,0.741211
0.382080,-0.119629,1.020508
-0.102417,-0.350586,0.743408
-0.315674,0.212769,0.891602
0.362793,-0.339844,0.920288
-0.558594,-0.015015,0.721069
0.297485,-0.070312,1.007568
-0.061523,-0.379761,0.746826
-0.383911,0.215942,0.859863
0.405151,-0.304199,0.940918
-0.520386,-0.043701,0.722168
0.187866,0.013672,1.002319
0.011230,-0.417114,0.762695
-0.453125,0.191162,0.835693
0.415161,-0.249756,0.973267
-0.465820,-0.086060,0.737671
0.096924,0.086792,1.010498
0.089844,-0.386230,0.811646
-0.528931,0.196899,0.819336
0.431274,-0.207642,0.995483
-0.355225,-0.152954,0.751465
0.005859,0.159180,1.012451
0.182983,-0.378174,0.846313
-0.599365,0.161011,0.763672
0.451294,-0.209595,1.014648
-0.229370,-0.244629,0.759644
-0.096924,0.216309,0.991211
0.251709,-0.342407,0.868286
-0.600342,0.142334,0.766357
0.432617,-0.206177,1.013306
-0.159302,-0.331665,0.770874
-0.178223,0.191162,0.941528
0.332886,-0.328613,0.905151
-0.595703,0.113159,0.752319
0.369141,-0.138916,1.013794
-0.076416,-0.368530,0.773804
-0.231934,0.164673,0.900146
0.375366,-0.308472,0.924194
-0.572998,0.073486,0.732666
0.315308,-0.079468,0.995117
-0.025757,-0.407104,0.745972
-0.315918,0.154419,0.862549
0.393677,-0.312378,0.933838
-0.542236,-0.014282,0.724487
0.255127,-0.042358,0.996704
0.009521,-0.423340,0.747314
-0.383911,0.186523,0.841797
0.449707,-0.302856,0.961060
-0.528809,-0.041626,0.734619
0.171143,-0.023193,0.984375
0.064575,-0.442505,0.788452
-0.451416,0.184937,0.814087
0.465820,-0.256714,0.975586
-0.452637,-0.072510,0.739990
0.068237,0.111572,1.005981
0.141113,-0.442871,0.812988
-0.505005,0.118652,0.793945
0.471924,-0.275513,0.994263
-0.369995,-0.133057,0.755249
-0.032837,0.215454,1.001587
0.204468,-0.405640,0.843018
-0.519653,0.048828,0.754028
0.455200,-0.217163,1.019531
-0.282959,-0.196411,0.766357
-0.068237,0.211060,0.995850
0.262085,-0.383911,0.876587
-0.585205,0.048218,0.740479
0.439575,-0.241821,1.026733
-0.188477,-0.272705,0.776489
-0.116455,0.228882,0.985962
0.295532,-0.365234,0.889038
-0.594116,0.091553,0.753174
0.426880,-0.227661,1.012695
-0.111938,-0.324463,0.808594
-0.170044,0.175903,0.946167
0.336304,-0.349121,0.916504
-0.576416,0.081177,0.754395
0.387573,-0.174316,1.014282
-0.037354,-0.387695,0.801514
-0.216064,0.175171,0.934692
0.355835,-0.336548,0.929688
-0.562256,0.024780,0.741577
0.353760,-0.147583,1.005981
0.008911,-0.426514,0.803711
-0.280396,0.167725,0.897583
0.389526,-0.325073,0.946167
-0.545288,-0.000854,0.716553
0.299805,-0.099609,0.987793
0.064331,-0.462891,0.793579
-0.340088,0.155396,0.885742
0.418823,-0.344360,0.944946
-0.510864,-0.061890,0.721069
0.218506,-0.014282,1.008667
0.090332,-0.473999,0.795410
-0.378052,0.105591,0.836426
0.462402,-0.315918,0.985229
-0.480347,-0.092407,0.736450
0.135010,0.040405,1.002075
0.131592,-0.481934,0.808594
-0.427490,0.108154,0.835449
0.473999,-0.289917,1.007080
-0.436646,-0.114136,0.738647
0.074341,0.100098,1.013184
0.202148,-0.462402,0.844849
-0.482178,0.058472,0.789307
0.487061,-0.288696,1.020020
-0.359741,-0.191040,0.757446
-0.015625,0.158813,1.011353
0.261597,-0.472656,0.870728
-0.510864,0.017334,0.747925
0.480225,-0.262939,1.045654
-0.256104,-0.242554,0.786377
-0.061523,0.207153,1.029785
0.280762,-0.402832,0.886353
-0.528442,0.043213,0.770630
0.474365,-0.270874,1.046875
-0.182129,-0.304688,0.801392
-0.112671,0.220581,1.011597
0.328491,-0.386719,0.924927
-0.535522,0.034546,0.783325
0.448364,-0.258789,1.053345
-0.113525,-0.341919,0.821045
-0.145386,0.212769,1.016235
0.354614,-0.365845,0.946777
-0.531372,0.009277,0.784180
0.419556,-0.221191,1.041016
-0.023315,-0.395264,0.844849
-0.180908,0.189209,0.982300
0.395386,-0.331909,0.973389
-0.524170,0.020142,0.760742
0.377563,-0.187134,1.033569
0.058228,-0.471680,0.843750
-0.207397,0.147705,0.974854
0.423584,-0.336182,0.990723
-0.505493,-0.043213,0.740723
0.333496,-0.105469,1.039917
0.084839,-0.428345,0.852539
-0.267212,0.152100,0.964355
0.470581,-0.350708,1.010010
-0.463501,-0.079346,0.755493
0.272217,-0.029175,1.052490
0.096191,-0.413452,0.861816
-0.284912,0.084229,0.945801
0.492432,-0.286987,1.061523
-0.453613,-0.068481,0.761230
0.232544,0.016968,1.058960
0.155273,-0.416870,0.879028
-0.346313,0.132324,0.924316
0.538574,-0.317871,1.086670
-0.415039,-0.144897,0.776001
0.159424,0.083618,1.059082
0.196655,-0.441528,0.881226
-0.371704,0.088257,0.888306
0.558716,-0.320068,1.106445
-0.361694,-0.209229,0.789307
0.140137,0.106812,1.055542
0.209961,-0.412354,0.897339
-0.384277,0.066284,0.875000
0.564087,-0.306274,1.107544
-0.322998,-0.241089,0.783691
0.112549,0.118774,1.067627
0.250366,-0.439941,0.897461
-0.402588,0.075195,0.868164
0.564575,-0.284546,1.103760
-0.281982,-0.226318,0.818848
0.089355,0.140747,1.079102
0.303711,-0.454224,0.930054
-0.429077,0.078369,0.843994
0.543823,-0.252808,1.114990
-0.262939,-0.262939,0.820557
0.083984,0.136597,1.096069
0.318848,-0.448853,0.946289
-0.424683,0.080566,0.859009
0.537109,-0.229248,1.117310
-0.253052,-0.250122,0.826538
0.072021,0.128784,1.087646
0.349121,-0.441772,0.964233
-0.435181,0.091431,0.861572
0.540283,-0.217163,1.116089
-0.231445,-0.219116,0.836792
0.054443,0.145020,1.097412
0.370972,-0.447388,0.983398
-0.446533,0.086060,0.848145
0.528809,-0.164795,1.143311
-0.205811,-0.219116,0.860352
0.041382,0.157471,1.100830
0.393188,-0.464844,0.993286
-0.445435,0.075195,0.856567
0.517822,-0.129028,1.145020
-0.174927,-0.227417,0.862549
0.010010,0.174683,1.106812
0.415161,-0.439087,1.011841
-0.456421,0.050171,0.862183
0.515381,-0.125244,1.151978
-0.126465,-0.250488,0.887085
-0.041260,0.190796,1.090332
0.438354,-0.390137,1.034668
-0.447998,0.005859,0.840332
0.509155,-0.119263,1.167236
-0.056885,-0.284668,0.894165
-0.077515,0.218872,1.089844
0.462036,-0.375977,1.048096
-0.454712,-0.012939,0.840942
0.502075,-0.134277,1.170410
0.002686,-0.329956,0.901733
-0.139404,0.213379,1.067505
0.494751,-0.350464,1.070435
-0.431152,-0.033447,0.827271
0.448242,-0.057007,1.177368
0.009033,-0.337891,0.895874
-0.150146,0.199829,1.072388
0.491699,-0.329956,1.080811
-0.453369,-0.047485,0.829102
0.437866,-0.067749,1.175903
0.035522,-0.342529,0.904053
-0.207153,0.232056,1.060059
0.513306,-0.286133,1.095825
-0.424561,-0.072510,0.821533
0.403809,-0.083862,1.156250
0.063110,-0.368652,0.917725
-0.238281,0.189697,1.027344
0.536743,-0.265137,1.116943
-0.408081,-0.092651,0.809082
0.336548,-0.013062,1.152466
0.111206,-0.392944,0.930908
-0.282471,0.180420,1.006958
0.562866,-0.306519,1.121826
-0.373779,-0.143433,0.824463
0.267334,0.088135,1.145752
0.138306,-0.383545,0.916870
-0.311646,0.110229,0.956787
0.578857,-0.306396,1.139771
-0.361450,-0.168091,0.821167
0.220703,0.137329,1.154053
0.180908,-0.398926,0.918579
-0.343994,0.127319,0.937012
0.572388,-0.284546,1.122070
-0.366455,-0.189697,0.802490
0.209595,0.061646,1.130615
0.209839,-0.400635,0.931885
-0.365967,0.144043,0.919556
0.546631,-0.244263,1.120605
-0.328491,-0.235474,0.802246
0.186646,0.044312,1.116699
0.209595,-0.396484,0.928101
-0.386841,0.142944,0.913208
0.533813,-0.226318,1.106934
-0.311401,-0.232422,0.816772
0.139771,0.035400,1.101318
0.227539,-0.407349,0.935059
-0.417114,0.115723,0.872437
0.546509,-0.197632,1.124512
-0.303101,-0.217529,0.814453
0.076294,0.095581,1.092651
0.270264,-0.411255,0.941040
-0.440674,0.076904,0.877075
0.543457,-0.201782,1.135620
-0.258057,-0.238281,0.814575
-0.007324,0.130005,1.069336
0.313477,-0.415283,0.939819
-0.457520,0.008423,0.849243
0.533325,-0.175293,1.135742
-0.152710,-0.274658,0.828491
-0.099609,0.170532,1.025269
0.347290,-0.372192,0.961914
-0.465332,-0.042114,0.793945
0.482788,-0.163818,1.134155
-0.119751,-0.305786,0.812500
-0.159424,0.195801,1.028809
0.374756,-0.338623,0.977905
-0.503662,-0.048218,0.783325
0.442505,-0.176758,1.127930
-0.090698,-0.347534,0.811890
-0.240967,0.208496,0.985474
0.418823,-0.320435,1.000244
-0.515869,-0.031738,0.764282
0.351196,-0.089600,1.111450
-0.024780,-0.386108,0.817993
-0.297607,0.174438,0.945923
0.444702,-0.296509,1.033936
-0.485107,-0.077759,0.755493
0.276123,-0.055420,1.089966
0.024170,-0.391968,0.825684
-0.384521,0.150269,0.915039
0.469360,-0.242188,1.069580
-0.421021,-0.185547,0.740845
0.159668,0.056885,1.074707
0.105103,-0.409668,0.853394
-0.463623,0.105713,0.865112
0.480835,-0.282715,1.054199
-0.398315,-0.207397,0.761353
0.063599,0.116089,1.050903
0.159058,-0.359131,0.876221
-0.496582,0.078369,0.826538
0.488892,-0.282959,1.051514
-0.330200,-0.253418,0.749878
-0.002563,0.143188,1.043213
0.212402,-0.419800,0.859375
-0.531250,0.076050,0.810303
0.482422,-0.247681,1.057861
-0.280396,-0.245361,0.765625
-0.068237,0.155884,1.010986
0.237061,-0.403809,0.874512
-0.534912,0.026367,0.782227
0.450562,-0.216797,1.062134
-0.241089,-0.319458,0.724854
-0.120239,0.158936,0.985962
0.287842,-0.383667,0.892212
-0.576782,0.044678,0.759277
0.423218,-0.244141,1.031860
-0.202148,-0.368408,0.730957
-0.171265,0.155884,0.972900
0.311279,-0.373413,0.904175
-0.595825,0.042358,0.731567
0.402710,-0.201050,1.040405
-0.168579,-0.361938,0.744141
-0.226685,0.147583,0.960083
0.324707,-0.359009,0.933594
-0.590210,0.015503,0.739014
0.384888,-0.154175,1.060303
-0.167114,-0.360596,0.729492
-0.300415,0.190552,0.924805
0.356812,-0.357788,0.928223
-0.578369,0.008789,0.745605
0.328247,-0.130005,1.035400
-0.129761,-0.372803,0.752441
-0.331177,0.169922,0.895874
0.382324,-0.342896,0.945923
-0.592285,0.001831,0.710205
0.266479,-0.083740,1.023804
-0.079224,-0.385010,0.767456
-0.397339,0.182251,0.902710
0.406128,-0.317383,0.967896
-0.580811,-0.014771,0.707520
0.183594,-0.008423,1.017700
-0.016113,-0.403198,0.793335
-0.458862,0.187134,0.878418
0.409180,-0.301025,0.972900
-0.532471,-0.082642,0.690918
0.122681,0.084595,1.024414
0.031372,-0.385498,0.806763
-0.514648,0.189941,0.852417
0.427856,-0.294312,0.986206
-0.465698,-0.136108,0.726318
0.057739,0.104126,1.014648
0.108521,-0.412964,0.812866
-0.567261,0.195068,0.813843
0.443115,-0.260620,1.001587
-0.363281,-0.202271,0.748535
-0.013184,0.139282,1.005859
0.132935,-0.386719,0.821045
-0.583374,0.148804,0.794556
0.447144,-0.249268,1.012817
-0.287842,-0.287354,0.736328
-0.080444,0.147339,0.983643
0.191650,-0.361084,0.837891
-0.600708,0.112183,0.753296
0.427734,-0.215210,1.007202
-0.234253,-0.312622,0.731567
-0.114258,0.160156,0.981079
0.264648,-0.375000,0.871338
-0.633301,0.147095,0.737793
0.402832,-0.191406,0.999023
-0.168335,-0.325439,0.756470
-0.197144,0.155273,0.934204
0.380005,-0.351074,0.954834
-0.591431,-0.016968,0.705566
0.265259,-0.059326,1.022583
-0.126465,-0.328247,0.746338
-0.384521,0.178955,0.881958
0.402222,-0.350708,0.960938
-0.550659,-0.063843,0.715698
0.187744,-0.001587,1.012695
-0.048828,-0.373169,0.769409
-0.452271,0.205811,0.876587
0.423096,-0.331543,0.971191
-0.527832,-0.127075,0.703979
0.125488,0.032471,1.009277
0.035645,-0.386597,0.789673
-0.524170,0.246582,0.859253
0.433105,-0.273926,0.982178
-0.430420,-0.171753,0.738281
0.027710,0.069824,1.002563
0.106445,-0.421265,0.815552
-0.561768,0.179932,0.811890
0.435425,-0.232910,1.001465
-0.353760,-0.186890,0.751465
-0.038452,0.134399,1.004150
0.186035,-0.420288,0.842896
-0.582642,0.118530,0.783813
0.405518,-0.177490,1.017944
-0.266602,-0.282715,0.718018
-0.113037,0.167969,0.976929
0.262451,-0.398193,0.867676
-0.624390,0.115479,0.744385
0.398926,-0.173828,1.013794
-0.188965,-0.346680,0.718628
-0.203613,0.197632,0.956543
0.323364,-0.352661,0.893799
-0.620239,0.075195,0.733643
0.353149,-0.152832,1.015259
-0.146362,-0.375610,0.711548
-0.272949,0.179077,0.900024
0.366821,-0.330811,0.931030
-0.603394,0.041260,0.718262
0.284424,-0.090576,1.001587
-0.077515,-0.406860,0.744751
-0.375732,0.198242,0.886841
0.408936,-0.309692,0.950806
-0.567627,-0.002319,0.696167
0.192993,0.008667,0.993652
-0.007202,-0.388428,0.771484
-0.452759,0.171753,0.849365
0.418091,-0.274658,0.968384
-0.514282,-0.046509,0.715088
0.109009,0.101929,1.001099
0.061768,-0.395874,0.790283
-0.520508,0.181519,0.829712
0.437256,-0.251953,0.990479
-0.426025,-0.142334,0.736938
0.049194,0.134033,1.019775
0.127441,-0.382446,0.813110
-0.562744,0.187378,0.796509
0.442993,-0.220825,1.004272
-0.351196,-0.194092,0.743164
-0.019775,0.152588,0.999512
0.198608,-0.416626,0.829346
-0.576782,0.169189,0.799316
0.431396,-0.157104,1.021606
-0.287109,-0.192261,0.746216
-0.098267,0.168457,0.984619
0.261230,-0.413452,0.872314
-0.605469,0.117065,0.759399
0.442871,-0.155518,1.017700
-0.203979,-0.227539,0.747314
-0.170654,0.234619,0.961426
0.332397,-0.371704,0.904053
-0.601318,0.071167,0.740967
0.385132,-0.149658,1.000366
-0.138184,-0.322998,0.746704
-0.216675,0.200806,0.928467
0.366211,-0.341064,0.924194
-0.601929,0.109619,0.745605
0.347534,-0.114502,0.998169
-0.057373,-0.393799,0.744141
-0.281616,0.212769,0.894287
0.386963,-0.313721,0.927734
-0.580078,0.026123,0.727661
0.279297,-0.077393,0.984375
-0.008667,-0.437378,0.742676
-0.344849,0.186401,0.863037
0.412964,-0.295654,0.930420
-0.544922,-0.030518,0.712036
0.211426,-0.015869,0.990112
0.036987,-0.439697,0.767334
-0.412964,0.158691,0.828979
0.441406,-0.267090,0.977051
-0.500488,-0.041626,0.740845
0.106812,0.069702,0.997314
0.085205,-0.441284,0.783081
-0.464600,0.122559,0.810059
0.459717,-0.231323,1.005737
-0.412964,-0.122437,0.737915
0.031128,0.147461,0.995605
0.152832,-0.400635,0.815308
-0.531372,0.132690,0.784058
0.460693,-0.238037,1.007202
-0.312500,-0.208008,0.750366
-0.041504,0.216553,1.018555
0.217041,-0.388184,0.844482
-0.577515,0.093994,0.754028
0.462036,-0.237061,1.020020
-0.218262,-0.245605,0.773560
-0.104370,0.237549,0.998047
0.271484,-0.367676,0.875977
-0.599487,0.090820,0.741211
0.428833,-0.222046,1.015015
-0.127930,-0.337280,0.774414
-0.146851,0.174072,0.947998
0.309692,-0.306519,0.902832
-0.596436,0.101074,0.728882
0.390747,-0.185425,1.013672
-0.032349,-0.422241,0.790527
-0.203003,0.140015,0.913452
0.336060,-0.304565,0.919678
-0.571655,0.036743,0.709351
0.356567,-0.133911,0.997681
0.001465,-0.418335,0.777344
-0.278687,0.141846,0.880737
0.419556,-0.322266,0.958130
-0.550415,0.008911,0.720703
0.236694,-0.050537,0.972778
0.047607,-0.433594,0.778809
-0.325806,0.111572,0.862549
0.444336,-0.335327,0.966309
-0.518311,-0.027710,0.736206
0.178223,0.053345,0.994507
0.080200,-0.439331,0.767578
-0.390503,0.118286,0.829590
0.455933,-0.335815,0.980713
-0.482910,-0.125244,0.743774
0.158081,0.003418,1.003296
0.107666,-0.433594,0.804688
-0.450073,0.153687,0.803467
0.471802,-0.298950,0.992920
-0.411865,-0.139648,0.775024
0.082642,0.045410,0.995361
0.145508,-0.484497,0.806519
-0.473145,0.102783,0.782104
0.468262,-0.260010,1.004150
-0.367065,-0.141724,0.759766
0.025391,0.129028,1.024536
0.212280,-0.499634,0.836914
-0.501831,0.064087,0.771851
0.481934,-0.281006,1.011353
-0.342529,-0.181641,0.750977
-0.029175,0.160645,1.020508
0.284912,-0.483887,0.876221
-0.510742,0.055054,0.765625
0.445557,-0.249023,1.010498
-0.269531,-0.249512,0.772705
-0.057251,0.152344,1.012939
0.323242,-0.485107,0.892944
-0.541016,0.057495,0.752686
0.430298,-0.195068,1.015015
-0.186279,-0.227539,0.812866
-0.106812,0.182495,1.015869
0.335815,-0.480347,0.900757
-0.528320,0.016968,0.753540
0.413696,-0.162476,1.045654
-0.129883,-0.278198,0.804565
-0.166016,0.212524,0.999023
0.382568,-0.453491,0.936279
-0.505615,-0.036743,0.768188
0.386597,-0.141479,1.043823
-0.061279,-0.338379,0.809692
-0.207520,0.186401,0.965332
0.420166,-0.398193,0.974365
-0.483154,-0.084229,0.761353
0.330078,-0.090332,1.049194
0.043335,-0.410645,0.815674
-0.273193,0.161255,0.930908
0.468872,-0.376221,0.994751
-0.455078,-0.106445,0.774170
0.251587,-0.037964,1.041748
0.084351,-0.424805,0.806641
-0.329102,0.144653,0.905762
0.510010,-0.320312,1.040283
-0.431885,-0.142822,0.773560
0.156372,-0.001953,1.026123
0.178467,-0.463257,0.854980
-0.395996,0.088135,0.839478
0.508667,-0.252930,1.066162
-0.340210,-0.185425,0.795776
0.063721,0.093994,1.045288
0.267090,-0.509888,0.881470
-0.453125,0.014648,0.796997
0.513428,-0.240723,1.086304
-0.239868,-0.223145,0.819336
-0.051758,0.184937,1.039917
0.347900,-0.457520,0.935547
-0.477051,-0.008911,0.800293
0.482422,-0.181396,1.113770
-0.134277,-0.269775,0.834717
-0.110840,0.256958,1.069214
0.408203,-0.427734,0.966797
-0.500000,-0.009277,0.794434
0.441895,-0.186890,1.095459
-0.020508,-0.360718,0.864990
-0.154053,0.212036,1.034302
0.434814,-0.333618,1.007568
-0.474976,-0.009888,0.809082
0.401367,-0.142578,1.107178
0.076416,-0.475708,0.861328
-0.228638,0.182495,1.007080
0.487305,-0.318237,1.053589
-0.434814,-0.058716,0.787964
0.328003,-0.046875,1.087402
0.099121,-0.405396,0.883545
-0.275146,0.168945,1.001343
0.520752,-0.313599,1.094238
-0.406372,-0.127930,0.802490
0.268433,0.030396,1.099487
0.170654,-0.389282,0.899780
-0.333862,0.154541,0.944824
0.560059,-0.284668,1.114014
-0.353149,-0.203369,0.797241
0.192017,0.072021,1.096313
0.245117,-0.431030,0.922485
-0.378662,0.112305,0.894775
0.563477,-0.247314,1.119873
-0.283081,-0.216309,0.825806
0.101929,0.103760,1.093506
0.330688,-0.450684,0.967285
-0.416504,0.082764,0.853760
0.533203,-0.164551,1.135986
-0.209595,-0.238525,0.853394
0.012573,0.155884,1.078613
0.392090,-0.422241,1.005737
-0.443481,0.033936,0.854370
0.517334,-0.134521,1.163696
-0.103638,-0.269287,0.869751
-0.075073,0.219849,1.084351
0.443848,-0.356445,1.035034
-0.439087,-0.044067,0.834961
0.481812,-0.132935,1.161499
0.041992,-0.360718,0.898682
-0.163452,0.220215,1.055054
0.491211,-0.281616,1.077271
-0.425537,-0.062012,0.824951
0.390381,-0.071289,1.146973
0.079834,-0.398315,0.914062
-0.238281,0.195801,1.030640
0.541748,-0.259277,1.118652
-0.376221,-0.101318,0.815430
0.274536,0.044800,1.133301
0.201294,-0.447388,0.938477
-0.338623,0.121460,0.961914
0.566284,-0.233887,1.157837
-0.295654,-0.200317,0.835815
0.160522,0.155273,1.142700
0.293091,-0.436890,0.965820
-0.410767,0.077515,0.890625
0.559814,-0.228882,1.152710
-0.201782,-0.274414,0.843384
0.070312,0.184937,1.117432
0.350464,-0.351318,0.988647
-0.442749,0.070068,0.864502
0.557861,-0.208618,1.159058
-0.116455,-0.328369,0.877808
-0.033691,0.154785,1.087769
0.417603,-0.374756,1.010986
-0.434204,0.007935,0.834351
0.503906,-0.104126,1.169434
-0.010132,-0.339111,0.881226
-0.122681,0.197510,1.072266
0.450684,-0.348267,1.049683
-0.433716,-0.065430,0.833130
0.464355,-0.083374,1.180786
-0.014160,-0.307861,0.880005
-0.217163,0.230347,1.052979
0.517944,-0.311157,1.106323
-0.419067,-0.120117,0.819214
0.384399,-0.022339,1.177979
0.064575,-0.354980,0.900879
-0.283569,0.182373,0.990845
0.540771,-0.277954,1.111694
-0.380371,-0.162598,0.818359
0.269653,0.004761,1.144897
0.165527,-0.408691,0.932007
-0.343750,0.146240,0.938232
0.533447,-0.233276,1.115967
-0.312378,-0.191895,0.828369
0.166504,0.064941,1.119385
0.258301,-0.427979,0.948242
-0.425537,0.098389,0.879272
0.550537,-0.197388,1.140625
-0.250000,-0.229248,0.823975
0.051636,0.162720,1.100220
0.315674,-0.389404,0.961182
-0.464111,0.021851,0.840210
0.542603,-0.220093,1.146118
-0.167236,-0.338379,0.808228
-0.024902,0.189087,1.085938
0.347046,-0.341309,0.966309
-0.464600,-0.001343,0.822876
0.503296,-0.203003,1.131226
-0.119629,-0.371094,0.807983
-0.078979,0.169922,1.069824
0.400024,-0.351685,0.980713
-0.507202,0.013306,0.814575
0.469849,-0.186890,1.131714
-0.075195,-0.364990,0.835327
-0.173218,0.169067,1.016724
0.412964,-0.330078,1.001953
-0.500366,-0.015869,0.799805
0.414795,-0.132935,1.127563
-0.066040,-0.363037,0.842773
-0.235474,0.167603,1.004272
0.441650,-0.321167,1.025879
-0.495239,0.000488,0.780762
0.371826,-0.082275,1.124878
-0.023193,-0.358032,0.848389
-0.295166,0.163574,0.969360
0.458740,-0.307251,1.057739
-0.471191,-0.086304,0.759399
0.302246,-0.009644,1.118408
0.023071,-0.378784,0.842896
-0.361328,0.173218,0.917969
0.460815,-0.308594,1.034058
-0.434937,-0.151733,0.758667
0.263306,-0.027710,1.103394
0.050781,-0.369995,0.850586
-0.421875,0.174072,0.902100
0.478760,-0.276245,1.049438
-0.430664,-0.164062,0.750366
0.164062,0.029785,1.081665
0.127563,-0.400757,0.866821
-0.464966,0.156006,0.872559
0.482178,-0.262329,1.060913
-0.404541,-0.187012,0.766479
0.065308,0.087769,1.059082
0.188232,-0.421997,0.881226
-0.506104,0.105347,0.842407
0.489136,-0.241699,1.072388
-0.320679,-0.239746,0.757812
-0.008911,0.107422,1.033447
0.236938,-0.397705,0.880249
-0.538940,0.069946,0.801147
0.464966,-0.256836,1.044312
-0.238892,-0.314331,0.744385
-0.081909,0.141235,0.992798
0.268921,-0.373535,0.889771
-0.572510,0.055420,0.768921
0.444458,-0.274414,1.039062
-0.203613,-0.382202,0.732056
-0.167480,0.128662,0.965332
0.314087,-0.342896,0.915527
-0.569458,0.079102,0.756226
0.393677,-0.190308,1.046631
-0.162720,-0.373657,0.767944
-0.256836,0.113525,0.950195
0.362427,-0.401855,0.941895
-0.576172,0.019531,0.730103
0.339233,-0.083618,1.051025
-0.124146,-0.286133,0.771606
-0.305054,0.196045,0.951050
0.375488,-0.380859,0.945923
-0.557495,-0.034790,0.734009
0.307861,-0.105225,1.040771
-0.123901,-0.337158,0.760864
-0.367798,0.183472,0.902222
0.405273,-0.334961,0.969116
-0.556152,-0.065308,0.709106
0.233765,-0.067017,1.030029
-0.058350,-0.385864,0.780640
-0.421631,0.197021,0.886963
0.403198,-0.288452,0.981201
-0.526489,-0.098999,0.714478
0.162842,0.002441,1.024048
-0.007080,-0.392578,0.796875
-0.481689,0.186279,0.858032
0.433594,-0.294556,0.997070
-0.487061,-0.145142,0.722046
0.083496,0.091553,1.019287
0.054810,-0.416016,0.791382
-0.524536,0.174805,0.849976
0.449707,-0.283813,1.005005
-0.423950,-0.140137,0.743164
0.012329,0.139771,1.017822
0.132080,-0.419312,0.829102
-0.561890,0.134399,0.805298
0.432373,-0.211304,1.025513
-0.345825,-0.215576,0.725708
-0.051880,0.196533,1.004395
0.196777,-0.415649,0.841431
-0.600586,0.110474,0.782104
0.431519,-0.244019,0.998657
-0.285156,-0.260742,0.719238
-0.102295,0.184326,0.963135
0.238647,-0.370972,0.854980
-0.615112,0.091675,0.758911
0.426880,-0.243286,1.001099
-0.232544,-0.326782,0.720825
-0.145630,0.202637,0.963135
0.260254,-0.354126,0.857300
-0.619751,0.088745,0.732910
0.418579,-0.213501,1.016113
-0.178345,-0.354980,0.729492
-0.209595,0.186768,0.943115
0.305298,-0.349854,0.889404
-0.625000,0.102173,0.738525
0.369263,-0.166138,1.016357
-0.135254,-0.384888,0.729980
-0.250244,0.167114,0.911499
0.343628,-0.327026,0.921997
-0.615845,0.094116,0.731201
0.316040,-0.097534,1.002075
-0.084839,-0.390991,0.749023
-0.328247,0.173584,0.891357
0.370605,-0.338257,0.923584
-0.596313,0.074829,0.717651
0.261230,-0.034912,0.986694
-0.049438,-0.402344,0.742554
-0.368530,0.167480,0.870483
0.394165,-0.301514,0.945312
-0.570190,0.007324,0.697266
0.204712,0.014282,0.987305
-0.010864,-0.406006,0.760132
-0.422974,0.188599,0.864380
0.436035,-0.290894,0.969116
-0.529053,-0.031128,0.722290
0.139771,0.081299,1.006958
0.004395,-0.348877,0.778198
-0.459595,0.166748,0.858032
0.454224,-0.306519,0.979980
-0.491943,-0.052612,0.749023
0.085815,0.155518,1.014893
0.068481,-0.386475,0.791992
-0.544800,0.172363,0.803833
0.464722,-0.266479,1.007568
-0.404907,-0.158325,0.729492
0.032837,0.219727,1.022095
0.134399,-0.407837,0.790527
-0.577271,0.187256,0.794922
0.467285,-0.260010,0.999023
-0.328369,-0.168945,0.777954
-0.033813,0.207397,0.994263
0.173340,-0.367676,0.839111
-0.564209,0.141479,0.786987
0.452881,-0.222290,1.005981
-0.292603,-0.212891,0.745728
-0.051636,0.208740,1.003296
0.232788,-0.359741,0.862427
-0.597412,0.125244,0.761963
0.458984,-0.215820,1.024292
-0.218384,-0.272339,0.755737
-0.111206,0.215576,0.965332
0.276489,-0.335815,0.885254
-0.606812,0.115845,0.750610
0.438843,-0.204590,1.027100
-0.146240,-0.359985,0.759277
-0.168091,0.199829,0.939087
0.298584,-0.317749,0.887451
-0.600830,0.105957,0.753296
0.404297,-0.179077,1.028320
-0.085815,-0.377563,0.771729
-0.227173,0.196411,0.919312
0.351196,-0.309937,0.916748
-0.591187,0.096069,0.743896
0.356567,-0.131836,1.002441
-0.036621,-0.415039,0.762817
-0.278076,0.179321,0.879883
0.387939,-0.306885,0.923096
-0.563721,0.053223,0.726196
0.285645,-0.046631,0.990234
0.002197,-0.393311,0.777588
-0.328613,0.140015,0.854004
0.420166,-0.317017,0.950562
-0.539673,0.013550,0.718506
0.205688,0.031494,0.990967
0.022583,-0.417969,0.752319
-0.373291,0.123657,0.843262
0.468384,-0.320923,0.972290
-0.516602,-0.021606,0.729004
0.128540,0.111328,0.995483
0.060425,-0.380249,0.779541
-0.421265,0.116821,0.819214
0.482544,-0.333374,0.987671
-0.486206,-0.077637,0.737549
0.107666,0.117798,1.020020
0.106812,-0.431885,0.781616
-0.489136,0.152344,0.806641
0.478394,-0.310059,0.989136
-0.404907,-0.143311,0.763916
0.040039,0.136230,1.006348
0.142456,-0.375854,0.819946
-0.506348,0.106812,0.767578
0.492432,-0.306885,1.002563
-0.387817,-0.193604,0.749146
-0.006470,0.121216,0.991333
0.222168,-0.427002,0.837646
-0.544434,0.100342,0.744263
0.466675,-0.238159,1.020752
-0.269043,-0.200928,0.799438
-0.060547,0.136841,0.994751
0.273438,-0.474609,0.845093
-0.561646,0.094238,0.742676
0.430664,-0.166992,1.027954
-0.174438,-0.239014,0.812378
-0.134033,0.176636,0.972412
0.298584,-0.428345,0.880737
-0.548462,0.023560,0.750244
0.442871,-0.199463,1.038086
-0.121704,-0.288574,0.793701
-0.203491,0.219116,0.959961
0.359619,-0.394775,0.930664
-0.525879,-0.019653,0.758789
0.371094,-0.147949,1.018188
-0.067627,-0.377686,0.772583
-0.228760,0.169189,0.933594
0.405151,-0.365356,0.951660
-0.546997,-0.033447,0.744141
0.306519,-0.149414,0.980591
0.035522,-0.440918,0.805664
-0.278809,0.109131,0.870850
0.416626,-0.296997,0.977295
-0.522583,-0.012939,0.741699
0.264526,-0.103760,0.993408
0.079834,-0.459839,0.806641
-0.321289,0.114014,0.888184
0.442261,-0.324341,0.975830
-0.490967,-0.045532,0.755981
0.186890,-0.011597,0.994507
0.106567,-0.463013,0.812988
-0.364014,0.073853,0.849731
0.484131,-0.298706,1.022461
-0.439453,-0.105347,0.743408
0.118530,0.081543,1.023071
0.149780,-0.425781,0.837402
-0.421143,0.065430,0.834229
0.494141,-0.310303,1.035034
-0.390503,-0.171387,0.755249
0.055054,0.155640,1.044189
0.228394,-0.454956,0.865479
-0.473877,0.034668,0.796387
0.507202,-0.311279,1.042480
-0.331665,-0.240967,0.753174
0.001831,0.181519,1.034790
0.261841,-0.414307,0.884766
-0.496948,0.013794,0.758911
0.500610,-0.311157,1.052368
-0.250488,-0.288452,0.800415
-0.012085,0.163696,1.035034
0.283569,-0.398315,0.896362
-0.508911,0.059448,0.777954
0.488647,-0.329590,1.049438
-0.204346,-0.354858,0.814209
-0.027100,0.162842,1.060791
0.319214,-0.423584,0.912964
-0.517456,0.073730,0.786743
0.481567,-0.267700,1.043335
-0.167358,-0.295532,0.840698
-0.058716,0.144043,1.039917
0.335938,-0.440063,0.928955
-0.506226,0.054565,0.787476
0.481812,-0.204102,1.066895
-0.152344,-0.228760,0.855957
-0.081055,0.189819,1.062012
0.379395,-0.479736,0.946045
-0.491089,0.019897,0.790405
0.460693,-0.139404,1.101196
-0.150269,-0.260620,0.841553
-0.085083,0.198975,1.047485
0.405151,-0.450195,0.972290
-0.485718,-0.013184,0.797974
0.460938,-0.165039,1.106445
-0.086914,-0.290039,0.853149
-0.110107,0.228882,1.062988
0.407959,-0.430298,0.978638
-0.458740,-0.022217,0.809326
0.443726,-0.125244,1.110229
-0.065186,-0.308350,0.849976
-0.114014,0.211182,1.058228
0.425781,-0.374268,1.002808
-0.471924,-0.042114,0.798828
0.446533,-0.160278,1.108643
0.010620,-0.366211,0.862549
-0.145264,0.189209,1.028809
0.454956,-0.331299,1.032104
-0.459839,-0.055176,0.793579
0.408325,-0.116333,1.115967
0.067993,-0.431885,0.880005
-0.176880,0.197998,1.049927
0.470947,-0.315308,1.045410
-0.474243,-0.021606,0.801392
0.385498,-0.127319,1.088379
0.097046,-0.440674,0.895996
-0.200317,0.180664,1.034058
0.487671,-0.256714,1.078125
-0.436768,-0.034302,0.802368
0.346802,-0.090332,1.088989
0.094482,-0.442261,0.903442
-0.224854,0.134033,1.016113
0.527344,-0.259521,1.125122
-0.437256,-0.043945,0.797729
0.313599,-0.012329,1.100952
0.141479,-0.424194,0.927246
-0.258545,0.153931,1.012695
0.545654,-0.271484,1.127075
-0.411865,-0.087402,0.804321
0.281982,0.044556,1.126831
0.180176,-0.427124,0.943726
-0.297974,0.150757,0.998901
0.561890,-0.264771,1.137573
-0.394287,-0.126343,0.799072
0.260742,0.057495,1.135620
0.218994,-0.407715,0.952759
-0.340820,0.156494,0.978516
0.567749,-0.272217,1.137573
-0.335571,-0.187988,0.813110
0.219238,0.117554,1.149658
0.233643,-0.415527,0.955322
-0.354248,0.120239,0.955688
0.586548,-0.289673,1.128540
-0.327515,-0.165161,0.835449
0.179810,0.140625,1.135132
0.273926,-0.430176,0.948608
-0.361206,0.086670,0.912964
0.582764,-0.249512,1.138794
-0.309937,-0.176147,0.828247
0.154419,0.135010,1.121582
0.313843,-0.423706,0.972046
-0.377686,0.102783,0.914185
0.563965,-0.210205,1.154541
-0.288818,-0.210938,0.818359
0.114502,0.137207,1.125854
0.348511,-0.430298,0.983643
-0.418335,0.108521,0.902588
0.549316,-0.167114,1.162720
-0.226562,-0.238892,0.846069
0.076904,0.151733,1.118774
0.351562,-0.407104,0.990601
-0.435791,0.093262,0.886108
0.556641,-0.184692,1.148682
-0.163696,-0.276611,0.864868
-0.004517,0.201050,1.100464
0.374878,-0.374390,0.996094
-0.430176,0.009399,0.852173
0.544922,-0.153442,1.180420
-0.081299,-0.301147,0.865356
-0.054810,0.210083,1.091675
0.391846,-0.358887,1.005615
-0.453247,-0.037354,0.839111
0.505005,-0.155762,1.164673
-0.050293,-0.346436,0.870483
-0.076538,0.189697,1.080078
0.412231,-0.308594,1.017944
-0.486450,-0.001831,0.815674
0.477173,-0.163208,1.160400
-0.016235,-0.435425,0.852905
-0.148926,0.189575,1.062988
0.435913,-0.286133,1.042236
-0.491943,0.026978,0.808105
0.414185,-0.125366,1.137085
0.015259,-0.407227,0.882202
-0.215088,0.181885,1.042236
0.488892,-0.271851,1.091309
-0.468872,-0.013428,0.791992
0.354004,-0.021118,1.151245
0.064819,-0.372559,0.900391
-0.301270,0.178589,1.004028
0.531982,-0.312622,1.093140
-0.432129,-0.079346,0.793945
0.269531,0.035400,1.132324
0.106445,-0.384644,0.897461
-0.378418,0.044067,0.885742
0.577637,-0.229736,1.170776
-0.257202,-0.205688,0.856689
0.071899,0.171875,1.104614
0.334229,-0.391479,0.977661
-0.420166,0.019897,0.872314
0.548828,-0.204102,1.170654
-0.155029,-0.301270,0.867554
0.009644,0.203735,1.109863
0.362061,-0.372437,0.974609
-0.451294,0.024170,0.861816
0.538818,-0.223145,1.168335
-0.068359,-0.400024,0.867676
-0.041748,0.167969,1.081421
0.390625,-0.331299,0.996216
-0.484985,0.038940,0.827026
0.515869,-0.191650,1.164795
-0.035156,-0.402710,0.852051
-0.094360,0.172729,1.060913
0.412476,-0.298584,1.028198
-0.487549,0.006470,0.813843
0.475098,-0.148804,1.168335
-0.013916,-0.406738,0.867432
-0.179199,0.185303,1.048828
0.453857,-0.304443,1.049072
-0.480347,0.004883,0.809448
0.413452,-0.081421,1.158569
0.033691,-0.378296,0.892944
-0.254639,0.196655,1.030884
0.481079,-0.296143,1.072998
-0.448853,-0.034424,0.808105
0.337646,-0.009888,1.138672
0.060181,-0.364136,0.891846
-0.275879,0.150635,1.008057
0.491821,-0.281006,1.097412
-0.440308,-0.114014,0.786255
0.306152,0.003296,1.151001
0.088989,-0.372681,0.891235
-0.341553,0.145874,0.947144
0.524292,-0.292114,1.088257
-0.401367,-0.136353,0.788940
0.224609,0.015625,1.104004
0.149658,-0.391479,0.910889
-0.398438,0.138672,0.897705
0.521973,-0.237305,1.108887
-0.369385,-0.183472,0.786865
0.133789,0.044556,1.082764
0.211060,-0.456421,0.909546
-0.442749,0.093262,0.879150
0.517578,-0.206177,1.115479
-0.322632,-0.191772,0.792969
0.062622,0.110474,1.076294
0.240601,-0.389282,0.922241
-0.457397,0.041382,0.844971
0.524658,-0.217285,1.104614
-0.246582,-0.243408,0.793213
-0.023315,0.138916,1.044556
0.284302,-0.386108,0.922729
-0.503174,0.022949,0.806396
0.507812,-0.237061,1.101440
-0.183838,-0.317627,0.794678
-0.097778,0.144653,1.002075
0.317383,-0.364990,0.935059
-0.530884,0.002686,0.770264
0.477783,-0.210815,1.103394
-0.145630,-0.360107,0.786133
-0.154785,0.152344,0.985718
0.338501,-0.360840,0.927856
-0.550781,0.000244,0.762329
0.423218,-0.201416,1.086426
-0.131470,-0.386597,0.775391
-0.212891,0.171021,0.993286
0.363159,-0.326538,0.953613
-0.555786,0.044556,0.765869
0.381592,-0.171997,1.072998
-0.092773,-0.396729,0.806763
-0.262939,0.164185,0.967651
0.361938,-0.298584,0.966919
-0.561890,0.036011,0.746338
0.345825,-0.119995,1.068848
-0.057007,-0.355347,0.821533
-0.323608,0.149536,0.941162
0.379761,-0.299438,0.981934
-0.544922,-0.035278,0.722412
0.279907,-0.065430,1.057129
-0.036743,-0.359985,0.827148
-0.376221,0.142090,0.915161
0.412109,-0.302490,0.993286
-0.523926,-0.048462,0.716919
0.216309,0.015747,1.058594
-0.019775,-0.359863,0.816528
-0.407471,0.144043,0.899658
0.419556,-0.294434,0.997803
-0.534424,-0.093506,0.700073
0.179810,0.006470,1.037109
0.027100,-0.414917,0.813721
-0.447754,0.193481,0.888550
0.423706,-0.276001,0.994141
-0.524170,-0.059692,0.727905
0.125854,0.045776,1.016968
0.048096,-0.396729,0.823364
-0.476929,0.129517,0.856445
0.433960,-0.266113,1.020752
-0.507080,-0.088135,0.708008
0.080566,0.096436,1.022583
0.085815,-0.414795,0.823730
-0.510498,0.128296,0.838745
0.442749,-0.283813,1.007690
-0.465088,-0.154907,0.715210
0.041748,0.133057,1.022949
0.115967,-0.418823,0.813110
-0.541382,0.145142,0.833862
0.450562,-0.266724,1.020508
-0.402710,-0.191650,0.725952
0.000488,0.140991,1.006836
0.135986,-0.379272,0.834473
-0.560547,0.108887,0.806396
0.459473,-0.261963,1.027222
-0.356689,-0.227295,0.725464
-0.044800,0.185791,0.999756
0.184570,-0.389648,0.842285
-0.588013,0.094238,0.786743
0.432617,-0.232422,1.033569
-0.302246,-0.291504,0.705200
-0.074341,0.189087,0.990967
0.217773,-0.385620,0.842896
-0.602905,0.091431,0.765747
0.418579,-0.250732,1.002441
-0.240723,-0.344238,0.714966
-0.132080,0.168091,0.961792
0.253174,-0.371216,0.867310
-0.623901,0.096802,0.749390
0.403320,-0.212891,1.002686
-0.194824,-0.357422,0.722046
-0.171387,0.163574,0.950806
0.288574,-0.341309,0.894043
-0.625488,0.102173,0.749634
0.388550,-0.206299,1.003418
-0.169434,-0.354492,0.733154
-0.223877,0.167725,0.934692
0.331055,-0.335205,0.904663
-0.633057,0.101318,0.738647
0.330322,-0.179321,0.986084
-0.124756,-0.409424,0.736572
-0.290649,0.160889,0.889282
0.365967,-0.320068,0.922119
-0.595947,0.077515,0.728760
0.275879,-0.081177,0.999390
-0.096191,-0.378662,0.756714
-0.355835,0.154663,0.882690
0.396973,-0.319336,0.947021
-0.584229,0.041870,0.698242
0.217529,0.002563,0.996338
-0.021240,-0.373535,0.776855
-0.440308,0.196777,0.866943
0.425781,-0.315674,0.958618
-0.538818,-0.028931,0.708496
0.140869,0.066650,1.006348
0.032471,-0.397461,0.776001
-0.479492,0.214111,0.860596
0.429077,-0.258545,0.976562
-0.484375,-0.100830,0.721558
0.086792,0.083984,1.019897
0.088013,-0.413086,0.804565
-0.543335,0.203125,0.826172
0.438232,-0.225586,0.999878
-0.389526,-0.151367,0.744873
0.023438,0.127563,1.008179
0.162720,-0.390991,0.851562
-0.581177,0.187744,0.795532
0.428467,-0.208862,0.999146
-0.305908,-0.215820,0.733276
-0.057373,0.178467,0.987183
0.232422,-0.384888,0.867310
-0.588013,0.111694,0.772949
0.427124,-0.177979,1.020264
-0.217041,-0.271729,0.739136
-0.128052,0.205933,0.963501
0.288574,-0.366333,0.879150
-0.595825,0.082520,0.748535
0.409058,-0.148804,1.025879
-0.150635,-0.333130,0.742188
-0.205566,0.209351,0.923584
0.349731,-0.352661,0.908691
-0.611084,0.095703,0.746582
0.364990,-0.134033,1.003784
-0.091919,-0.379028,0.743896
-0.257080,0.168091,0.897095
0.368530,-0.305054,0.923706
-0.570801,0.019653,0.732056
0.314331,-0.092529,1.000122
-0.036865,-0.402100,0.757568
-0.326416,0.194946,0.872681
0.404541,-0.292480,0.941406
-0.547485,0.007690,0.735840
0.232666,-0.049805,0.981201
-0.002197,-0.400024,0.771118
-0.383423,0.155640,0.838745
0.438477,-0.266846,0.967896
-0.512695,-0.031250,0.729980
0.160889,0.047974,1.002686
0.046631,-0.409424,0.789062
-0.429810,0.125977,0.815430
0.444458,-0.234009,0.993774
-0.469238,-0.089844,0.733276
0.097900,0.104980,1.023560
0.109253,-0.435425,0.803589
-0.509155,0.143921,0.798096
0.450317,-0.259155,0.982300
-0.385010,-0.152588,0.755127
0.033813,0.165649,1.015869
0.186279,-0.401367,0.839478
-0.570801,0.140991,0.763184
0.444946,-0.232300,1.006592
-0.305298,-0.218872,0.748657
-0.035889,0.172852,1.004761
0.246582,-0.407227,0.864502
-0.582764,0.095947,0.749756
0.444946,-0.215454,1.018433
-0.184204,-0.300537,0.762207
-0.120605,0.207642,0.979370
0.307861,-0.400146,0.888794
-0.583130,0.091797,0.758423
0.406372,-0.177612,1.018188
-0.110840,-0.330933,0.780273
-0.187988,0.190430,0.945435
0.354004,-0.372070,0.910767
-0.571411,0.060303,0.760132
0.359375,-0.117065,1.012329
-0.061890,-0.374390,0.760986
-0.240967,0.121826,0.885376
0.396118,-0.343994,0.947021
-0.543579,-0.013306,0.740967
0.289307,-0.074585,0.992920
0.002319,-0.434692,0.753906
-0.322510,0.149658,0.854858
0.431030,-0.335938,0.960693
-0.514648,-0.085083,0.735107
0.246826,-0.067749,1.002197
0.045044,-0.442993,0.770630
-0.375122,0.129150,0.818726
0.448120,-0.304932,0.971191
-0.478760,-0.077515,0.748779
0.184448,0.007202,1.012329
0.088501,-0.463013,0.790283
-0.430664,0.118408,0.809692
0.460205,-0.304688,0.984741
-0.456787,-0.126831,0.741455
0.136108,0.036255,1.026489
0.121338,-0.475830,0.807373
-0.472168,0.109497,0.790649
0.468872,-0.288330,0.989014
-0.402588,-0.123413,0.751465
0.073486,0.090576,1.022461
0.168945,-0.488281,0.817383
-0.477173,0.087036,0.788574
0.472046,-0.281006,0.992920
-0.380981,-0.119141,0.766846
0.030029,0.132568,1.030396
0.225464,-0.483276,0.844116
-0.493774,0.050415,0.763428
0.478149,-0.270752,1.016235
-0.343018,-0.168457,0.763428
-0.004883,0.181030,1.035034
0.255005,-0.452393,0.871582
-0.509644,0.024658,0.754395
0.472656,-0.277832,1.036987
-0.298462,-0.235596,0.776001
-0.038696,0.165161,1.018921
0.274414,-0.430664,0.887085
-0.508057,0.045898,0.761719
0.468750,-0.263550,1.032471
-0.274048,-0.228638,0.788696
-0.046021,0.134033,1.015137
0.307495,-0.473389,0.893311
-0.518188,0.064575,0.769775
0.457153,-0.217285,1.027710
-0.239746,-0.247559,0.780640
-0.067505,0.159668,1.018311
0.336670,-0.500610,0.901367
-0.520630,0.045776,0.776855
0.448853,-0.205444,1.043945
-0.204712,-0.243408,0.797119
-0.094360,0.196533,1.018921
0.364136,-0.473267,0.925781
-0.513550,-0.018677,0.761475
0.437744,-0.176392,1.070435
-0.170898,-0.245728,0.809692
-0.117432,0.197266,1.021729
0.383423,-0.480469,0.938232
-0.509521,-0.014160,0.785278
0.441162,-0.182983,1.072998
-0.136108,-0.277100,0.814819
-0.148315,0.212646,1.010254
0.409546,-0.438232,0.959351
-0.474609,-0.034302,0.786987
0.411255,-0.122437,1.080933
-0.089844,-0.313599,0.812134
-0.146118,0.167358,1.004395
0.430542,-0.396240,0.987915
-0.483032,-0.054321,0.767944
0.397583,-0.099609,1.083862
-0.018555,-0.357788,0.825317
-0.187988,0.175659,1.000244
0.466553,-0.401245,1.009888
-0.462402,-0.072021,0.787231
0.359619,-0.075928,1.068359
0.049072,-0.375610,0.849365
-0.242065,0.184204,0.989380
0.480103,-0.365479,1.030518
-0.446655,-0.122314,0.768921
0.330811,-0.057739,1.095581
0.098145,-0.391479,0.863281
-0.308105,0.192871,0.957886
0.503418,-0.307373,1.048950
-0.391357,-0.133789,0.808838
0.265381,-0.024048,1.093994
0.134399,-0.418457,0.883667
-0.358276,0.182495,0.917725
0.533447,-0.266235,1.081177
-0.355713,-0.155762,0.808716
0.203247,0.021118,1.089722
0.190063,-0.482300,0.884766
-0.377197,0.086914,0.874023
0.562744,-0.252686,1.113281
-0.323486,-0.174316,0.807617
0.109863,0.123901,1.073730
0.283203,-0.494385,0.910278
-0.394165,0.042969,0.860229
0.546143,-0.243042,1.109375
-0.265625,-0.212158,0.825439
0.057251,0.159912,1.072388
0.339355,-0.459961,0.947266
-0.433228,0.056274,0.846313
0.517700,-0.195557,1.121704
-0.191406,-0.230347,0.844482
0.008301,0.203247,1.109375
0.393799,-0.436523,0.979858
-0.466064,0.050903,0.836670
0.498901,-0.160889,1.125977
-0.105835,-0.270386,0.870483
-0.055054,0.215820,1.094604
0.436890,-0.410645,1.022583
-0.466919,0.009644,0.827881
0.484131,-0.116089,1.144531
0.002808,-0.312500,0.889404
-0.114624,0.222778,1.093872
0.465576,-0.369507,1.053711
-0.459351,-0.034912,0.833984
0.437378,-0.097778,1.142212
0.060791,-0.361450,0.898804
-0.173950,0.221069,1.062256
0.507446,-0.316162,1.081665
-0.449097,-0.053467,0.821045
0.399048,-0.073608,1.129272
0.073242,-0.359375,0.908203
-0.207886,0.193115,1.032593
0.526978,-0.268433,1.125366
-0.415283,-0.096313,0.806274
0.359253,-0.026245,1.148071
0.121094,-0.398560,0.914307
-0.285400,0.180664,1.011230
0.552124,-0.259888,1.140991
-0.369141,-0.134766,0.816284
0.297363,0.044312,1.152222
0.185425,-0.395386,0.947510
-0.340820,0.165771,0.964844
0.579468,-0.288696,1.139893
-0.328857,-0.187378,0.824585
0.218140,0.100098,1.139893
0.232056,-0.412720,0.941772
-0.359619,0.132080,0.923096
0.581787,-0.256592,1.140503
-0.310181,-0.204834,0.819946
0.157593,0.083862,1.110229
0.281250,-0.428589,0.968384
-0.385132,0.107056,0.913452
0.568726,-0.199341,1.148804
-0.266724,-0.219727,0.830688
0.107910,0.125610,1.117188
0.329712,-0.421265,0.981812
-0.417358,0.095947,0.897095
0.563843,-0.182983,1.155884
-0.210938,-0.230591,0.856567
0.030640,0.173340,1.114746
0.371094,-0.415527,0.994995
-0.437256,0.052612,0.864624
0.537598,-0.159546,1.161499
-0.127441,-0.283447,0.868774
-0.043579,0.186646,1.089722
0.408203,-0.375977,1.014893
-0.450928,0.007202,0.835693
0.505005,-0.116333,1.165161
-0.030029,-0.334106,0.871582
-0.112549,0.188843,1.061768
0.434448,-0.333740,1.038574
-0.447876,-0.055176,0.824707
0.466309,-0.114746,1.167603
-0.023438,-0.340332,0.855103
-0.191528,0.215698,1.051025
0.469727,-0.281372,1.081421
-0.438354,-0.117432,0.808472
0.396118,-0.065063,1.161987
0.031738,-0.348633,0.885376
-0.258057,0.200073,1.003418
0.512573,-0.287109,1.100098
-0.417236,-0.133545,0.801147
0.310669,-0.019409,1.140137
0.111084,-0.370605,0.900757
-0.348877,0.184082,0.935425
0.542969,-0.264771,1.111938
-0.358398,-0.198608,0.797852
0.190430,0.054443,1.123291
0.200806,-0.416382,0.915161
-0.416260,0.128784,0.895142
0.539062,-0.227417,1.117065
-0.290527,-0.241699,0.807861
0.084106,0.120850,1.089722
0.270386,-0.401245,0.941895
-0.460815,0.037109,0.837524
0.518433,-0.214478,1.119507
-0.184937,-0.319092,0.817993
0.000854,0.150146,1.080811
0.298706,-0.356567,0.934692
-0.494507,0.028931,0.806274
0.509277,-0.220703,1.118286
-0.124268,-0.365601,0.808594
-0.078491,0.135742,1.042358
0.347656,-0.343994,0.955444
-0.520386,0.036987,0.799927
0.464233,-0.189209,1.121216
-0.096558,-0.373901,0.814819
-0.191528,0.159912,1.008423
0.404663,-0.319092,1.013184
-0.511108,0.010254,0.801636
0.373901,-0.113525,1.095581
-0.061035,-0.361084,0.833252
-0.264526,0.163940,0.986450
0.432495,-0.305420,1.026367
-0.490234,-0.071167,0.751343
0.308838,-0.023315,1.112061
0.003418,-0.366943,0.851440
-0.343750,0.162720,0.948364
0.465820,-0.323853,1.037964
-0.461426,-0.108521,0.748901
0.239746,0.038452,1.104980
0.053345,-0.371094,0.844727
-0.421265,0.140503,0.895142
0.476929,-0.330688,1.034668
-0.426514,-0.181030,0.750366
0.163330,0.075928,1.080322
0.111450,-0.378296,0.863770
-0.466431,0.129395,0.856812
0.478760,-0.262939,1.059204
-0.424438,-0.200684,0.725708
0.091431,0.054810,1.049316
0.192139,-0.405151,0.886230
-0.513916,0.139648,0.847534
0.476929,-0.228149,1.066772
-0.356934,-0.260742,0.723267
0.015137,0.099487,1.045044
0.230225,-0.399780,0.880127
-0.545410,0.089478,0.810059
0.477173,-0.250000,1.063599
-0.262207,-0.292114,0.741455
-0.083374,0.134399,1.002075
0.277710,-0.391968,0.897949
-0.542847,0.041138,0.782104
0.441772,-0.211182,1.061523
-0.233643,-0.331665,0.716919
-0.151245,0.150635,0.985474
0.317261,-0.386353,0.905640
-0.546997,0.042358,0.788940
0.414917,-0.207153,1.038696
-0.197754,-0.342651,0.732910
-0.239502,0.161621,0.944824
0.346313,-0.365356,0.940186
-0.561768,-0.020630,0.755127
0.353638,-0.134521,1.050293
-0.176392,-0.332153,0.739624
-0.282227,0.160645,0.927734
0.376831,-0.355835,0.945312
-0.566284,-0.034546,0.737793
0.312866,-0.122192,1.041382
-0.119751,-0.347900,0.762939
-0.364258,0.194458,0.898193
0.395630,-0.312012,0.969727
-0.547119,-0.069702,0.721802
0.231201,-0.075317,1.030518
-0.055420,-0.402588,0.771851
-0.445557,0.210693,0.876831
0.424316,-0.304443,0.981445
-0.500610,-0.124878,0.723877
0.147217,0.016846,1.027344
-0.015137,-0.401001,0.777466
-0.478027,0.186768,0.858154
0.441406,-0.299072,0.996948
-0.493164,-0.108276,0.742798
0.083618,0.069458,1.030640
0.069580,-0.435791,0.808960
-0.543579,0.169312,0.818604
0.423340,-0.256836,1.001221
-0.409546,-0.158813,0.745117
0.031982,0.098389,1.018066
0.141724,-0.431519,0.830933
-0.587646,0.178955,0.798950
0.422974,-0.215454,1.006470
-0.324341,-0.221924,0.739502
-0.028320,0.146240,1.011597
0.186523,-0.419800,0.847412
-0.606812,0.135742,0.793213
0.419678,-0.233521,1.005737
-0.283325,-0.312012,0.704468
-0.112549,0.189941,0.989624
0.261475,-0.385010,0.877808
-0.618042,0.092773,0.756958
0.406616,-0.223877,1.003296
-0.228271,-0.353516,0.701660
-0.176270,0.187622,0.961182
0.296021,-0.365234,0.885742
-0.612793,0.084595,0.757202
0.384399,-0.171021,1.026611
-0.171509,-0.358887,0.725586
-0.256714,0.189575,0.922119
0.350952,-0.357300,0.919312
-0.598389,0.045532,0.733643
0.328125,-0.126343,1.013184
-0.133423,-0.395386,0.717651
-0.319092,0.185059,0.886230
0.371948,-0.325439,0.929688
-0.574829,0.036987,0.724487
0.273438,-0.060303,1.016846
-0.081543,-0.414917,0.732544
-0.399780,0.212402,0.874023
0.398193,-0.319824,0.930908
-0.552368,-0.035645,0.720215
0.195557,-0.013306,1.007446
-0.016724,-0.416260,0.765259
-0.471191,0.226318,0.848022
0.401123,-0.245117,0.964355
-0.497681,-0.073608,0.721680
0.124023,0.040283,1.016724
0.060181,-0.430420,0.797852
-0.529175,0.220947,0.826050
0.406250,-0.225464,0.959839
-0.420410,-0.091064,0.740845
0.051880,0.123047,1.020752
0.145752,-0.413696,0.836426
-0.573853,0.178833,0.806030
0.424683,-0.195923,1.001953
-0.333130,-0.175903,0.725952
-0.025635,0.189453,1.014526
0.226196,-0.397827,0.868530
-0.622070,0.143677,0.775024
0.417114,-0.185791,1.007202
-0.223877,-0.265503,0.727783
-0.088013,0.214355,0.984985
0.272705,-0.349976,0.886353
-0.629272,0.127808,0.759521
0.406372,-0.189087,1.001099
-0.169800,-0.346436,0.726562
-0.158569,0.154419,0.933472
0.330688,-0.346069,0.907349
-0.604492,0.145508,0.759644
0.365234,-0.109009,0.999878
-0.129150,-0.368286,0.728027
-0.233521,0.134888,0.908325
0.354492,-0.343994,0.929932
-0.578491,0.075806,0.751343
0.334961,-0.051636,1.015869
-0.065796,-0.383423,0.736694
-0.313477,0.181641,0.866455
0.388916,-0.319824,0.935913
-0.562256,-0.003174,0.725098
0.290527,-0.064331,0.992310
-0.032837,-0.379761,0.741699
-0.381104,0.213379,0.845581
0.408081,-0.293701,0.943359
-0.522339,-0.048462,0.727539
0.212646,-0.031860,0.999512
0.010376,-0.424194,0.764648
-0.433960,0.198486,0.830078
0.433228,-0.250366,0.967407
-0.489990,-0.067139,0.734497
0.141113,0.066772,1.019165
0.054810,-0.414307,0.788330
-0.469360,0.176636,0.817261
0.449707,-0.264404,0.977783
-0.441772,-0.104126,0.760620
0.082642,0.125732,1.029297
0.110229,-0.421875,0.800049
-0.531128,0.144409,0.791626
0.460083,-0.238037,1.009521
-0.370850,-0.146484,0.752930
0.008179,0.205078,1.032349
0.187622,-0.425659,0.824219
-0.563965,0.147827,0.782715
0.456177,-0.252441,0.990723
-0.305054,-0.184326,0.757935
-0.054932,0.216431,1.015015
0.256836,-0.419067,0.860352
-0.567383,0.104492,0.770020
0.428467,-0.193481,1.019165
-0.233521,-0.237427,0.759766
-0.105469,0.211182,0.976562
0.305420,-0.409424,0.884521
-0.576416,0.067749,0.747803
0.419556,-0.179932,1.018433
-0.150024,-0.299072,0.785645
-0.177368,0.211182,0.948853
0.333740,-0.391235,0.905151
-0.561768,0.050903,0.760498
0.400146,-0.135254,1.039917
-0.094971,-0.327148,0.774414
-0.232422,0.202515,0.923340
0.364502,-0.370972,0.915527
-0.551147,0.005493,0.745728
0.370239,-0.133789,1.014282
-0.031250,-0.376343,0.779663
-0.300415,0.224609,0.895630
0.400635,-0.346191,0.934082
-0.515869,-0.060303,0.737549
0.280762,-0.082153,0.995728
0.005249,-0.426025,0.767944
-0.330566,0.152100,0.844238
0.435669,-0.314453,0.960571
-0.480713,-0.071167,0.748779
0.197266,-0.005371,1.002808
0.035645,-0.446777,0.752319
-0.379639,0.117065,0.816895
0.450195,-0.277100,0.983765
-0.465332,-0.116699,0.742920
0.153687,0.027832,1.011597
0.085571,-0.461182,0.778198
-0.457153,0.139282,0.793091
0.481934,-0.312622,0.982422
-0.425537,-0.102661,0.769287
0.071411,0.067627,0.995850
0.144653,-0.462036,0.806030
-0.494019,0.095825,0.773926
0.467529,-0.253540,1.007080
-0.358032,-0.169189,0.761597
0.014160,0.132080,1.023193
0.203857,-0.479858,0.835327
-0.516846,0.057739,0.754028
0.468994,-0.265747,1.011108
-0.308716,-0.197388,0.765869
-0.054443,0.192749,1.012695
0.283691,-0.463623,0.886475
-0.521118,0.027954,0.744629
0.434082,-0.231689,1.022583
-0.237915,-0.235474,0.783325
-0.108398,0.193848,0.996338
0.317871,-0.443726,0.894165
-0.542603,0.037964,0.760742
0.425293,-0.178955,1.038940
-0.161621,-0.285400,0.783813
-0.155273,0.200562,0.985229
0.354736,-0.419312,0.919800
-0.532227,0.003784,0.761841
0.413940,-0.185913,1.044800
-0.081909,-0.347168,0.802246
-0.215332,0.218384,0.971191
0.380737,-0.408447,0.942505
-0.511597,-0.037964,0.762451
0.383179,-0.165405,1.036621
-0.031372,-0.376709,0.803101
-0.252808,0.192993,0.940430
0.423462,-0.378540,0.966797
-0.493652,-0.082764,0.733887
0.191284,-0.039917,0.997192
0.077515,-0.487793,0.768677
-0.393677,0.136841,0.832153
0.448853,-0.289551,0.972534
-0.484741,-0.083496,0.731567
0.134033,0.022461,0.998901
0.124756,-0.485840,0.801270
-0.444580,0.108154,0.798096
0.461670,-0.285767,0.980469
-0.421509,-0.117554,0.750732
0.054443,0.116821,1.009644
0.181519,-0.485229,0.816040
-0.493042,0.072266,0.775024
0.463867,-0.269531,1.004272
-0.353149,-0.181030,0.759155
-0.021118,0.153320,1.007080
0.256470,-0.462891,0.859131
-0.511963,0.044922,0.746948
0.458008,-0.223755,1.035767
-0.246704,-0.247925,0.785156
-0.110840,0.172363,0.990356
0.308350,-0.429199,0.901367
-0.534790,0.023682,0.744507
0.419067,-0.171143,1.050903
-0.124756,-0.322632,0.783447
-0.176270,0.189087,0.973755
0.365479,-0.426636,0.918213
-0.540894,-0.008789,0.746948
0.368286,-0.134644,1.029297
-0.021484,-0.383911,0.796753
-0.249512,0.175659,0.931519
0.424561,-0.410034,0.949829
-0.516235,-0.064453,0.745728
0.294678,-0.078491,1.021362
0.053223,-0.434326,0.796265
-0.323242,0.143311,0.879639
0.457153,-0.337402,0.991699
-0.467773,-0.130493,0.747925
0.213013,-0.048706,1.005981
0.098755,-0.469238,0.793945
-0.379517,0.112915,0.841797
0.473022,-0.277832,1.012939
-0.408691,-0.129883,0.771484
0.108276,0.069214,1.024292
0.175781,-0.487061,0.841431
-0.439941,0.058838,0.807861
0.482300,-0.260620,1.045776
-0.358154,-0.198975,0.747925
0.047119,0.118286,1.048950
0.251343,-0.505859,0.856934
-0.484863,0.030640,0.773315
0.483887,-0.250488,1.052002
-0.265015,-0.227539,0.788208
-0.054443,0.177734,1.027954
0.330688,-0.470093,0.913452
-0.506592,0.017456,0.774292
0.450195,-0.200439,1.067261
-0.180786,-0.270752,0.801514
-0.107666,0.186646,1.017090
0.391724,-0.446045,0.950073
-0.507690,0.017944,0.779419
0.402588,-0.140015,1.060425
-0.058594,-0.333252,0.824951
-0.175537,0.181152,1.000854
0.435425,-0.420776,0.979492
-0.492432,-0.041626,0.792603
0.366089,-0.131592,1.045410
0.032227,-0.405151,0.833984
-0.242188,0.171021,0.958130
0.464111,-0.335449,1.026367
-0.439941,-0.114990,0.778687
0.319702,-0.071899,1.070068
0.086060,-0.424805,0.838257
-0.307861,0.176270,0.936646
0.488159,-0.311646,1.033691
-0.406738,-0.149780,0.785522
0.241821,-0.027832,1.057739
0.138062,-0.437378,0.859009
-0.348267,0.129639,0.908203
0.516235,-0.268066,1.070435
-0.367432,-0.138794,0.807373
0.135620,0.067627,1.052246
0.230225,-0.471924,0.884277
-0.387939,0.039917,0.845947
0.534668,-0.252319,1.102417
-0.325195,-0.206177,0.782837
0.065430,0.123779,1.055420
0.302856,-0.465576,0.926636
-0.442383,0.027100,0.818970
0.524536,-0.239868,1.103271
-0.236084,-0.250854,0.806885
-0.000122,0.175171,1.059692
0.355957,-0.426147,0.962402
-0.454102,0.017944,0.810059
0.505859,-0.179565,1.127563
-0.146973,-0.270020,0.852539
-0.073730,0.193970,1.061157
0.421143,-0.427002,0.995483
-0.443359,-0.006104,0.830200
0.449097,-0.102417,1.122070
-0.030884,-0.312500,0.866577
-0.129272,0.203857,1.056885
0.462158,-0.367554,1.041260
-0.446777,-0.056763,0.808472
0.423950,-0.083008,1.136841
0.050293,-0.362915,0.880005
-0.208374,0.222412,1.033813
0.490234,-0.324219,1.061523
-0.406982,-0.114258,0.806763
0.365967,-0.033936,1.140259
0.083252,-0.362305,0.888184
-0.277344,0.225220,1.008423
0.541748,-0.289795,1.098389
-0.385498,-0.157471,0.814941
0.282593,-0.024536,1.110962
0.169800,-0.411499,0.929565
-0.318115,0.166138,0.949097
0.540283,-0.226685,1.119263
-0.324341,-0.153320,0.840942
0.209229,0.047974,1.120850
0.266968,-0.447632,0.956543
-0.388916,0.106445,0.887695
0.544922,-0.196289,1.130615
-0.263184,-0.192749,0.836426
0.102905,0.124878,1.113281
0.359131,-0.449951,1.003906
-0.440674,0.084229,0.861938
0.521362,-0.133667,1.144165
-0.178589,-0.242554,0.854004
0.000122,0.181396,1.110840
0.426147,-0.427490,1.026611
-0.447754,0.016846,0.856323
0.502197,-0.094971,1.163696
-0.042236,-0.303467,0.873901
-0.104004,0.226929,1.090942
0.462158,-0.366699,1.053711
-0.438110,-0.061768,0.828857
0.463989,-0.079956,1.180054
0.036011,-0.348389,0.892090
-0.164917,0.213989,1.062500
0.495361,-0.291016,1.080200
-0.430298,-0.067505,0.833740
0.397827,-0.067871,1.154785
0.094116,-0.375732,0.926392
-0.248535,0.187134,1.017090
0.527588,-0.256714,1.121094
-0.394653,-0.108643,0.819702
0.317139,-0.014038,1.151611
0.183350,-0.411865,0.954590
-0.323608,0.158569,0.964478
0.550415,-0.244507,1.129395
-0.324341,-0.197632,0.830078
0.216187,0.060791,1.133789
0.241821,-0.426514,0.953857
-0.375854,0.118042,0.910522
0.565063,-0.217163,1.140869
-0.273926,-0.197144,0.846191
0.127930,0.124512,1.121948
0.317139,-0.442383,0.966675
-0.409424,0.099121,0.887329
0.550659,-0.164429,1.156250
-0.213013,-0.241821,0.847656
0.049561,0.171631,1.115845
0.365234,-0.401611,0.990723
-0.427368,0.035767,0.866455
0.526855,-0.158936,1.146362
-0.150513,-0.266602,0.861084
-0.020386,0.187988,1.097412
0.394897,-0.358887,1.023560
-0.450806,-0.004028,0.843750
0.508911,-0.153320,1.167358
-0.046875,-0.340698,0.867065
-0.086426,0.202881,1.084351
0.420654,-0.332642,1.024780
-0.474487,-0.010742,0.827026
0.474121,-0.142212,1.160767
-0.023682,-0.358887,0.872925
-0.161743,0.200439,1.052734
0.458008,-0.312256,1.059692
-0.467651,-0.012085,0.819824
0.437012,-0.075562,1.167114
0.004639,-0.340088,0.882324
-0.243896,0.205200,1.030396
0.507080,-0.307373,1.088379
-0.445312,-0.074829,0.806885
0.359131,-0.023926,1.157471
0.056763,-0.346436,0.889893
-0.309570,0.186523,0.977051
0.529175,-0.297852,1.092773
-0.408691,-0.145752,0.793213
0.292725,-0.003296,1.146362
0.117310,-0.376587,0.896118
-0.368652,0.186646,0.930786
0.530151,-0.284912,1.079956
-0.372681,-0.183960,0.792847
0.218506,0.016113,1.116943
0.177002,-0.391724,0.913208
-0.408203,0.146240,0.899658
0.514893,-0.214478,1.109741
-0.320190,-0.222168,0.799438
0.127075,0.060913,1.090942
0.233521,-0.413940,0.923584
-0.439819,0.105103,0.869995
0.528320,-0.212158,1.114746
-0.294434,-0.233887,0.801758
0.041260,0.106323,1.074219
0.301392,-0.416504,0.944336
-0.473755,0.078491,0.846191
0.503784,-0.174072,1.115234
-0.191650,-0.311523,0.790283
-0.050537,0.127197,1.042236
0.342407,-0.395020,0.953247
-0.497437,0.021729,0.814697
0.484253,-0.162720,1.121826
-0.148071,-0.317749,0.773071
-0.132935,0.171875,1.031494
0.376465,-0.351440,0.978027
-0.509521,-0.022949,0.786743
0.452637,-0.147461,1.122070
-0.125488,-0.310059,0.791748
-0.237671,0.205933,1.001831
0.428345,-0.338745,1.009521
-0.508057,-0.074097,0.774292
0.374756,-0.109375,1.119263
-0.058472,-0.348999,0.814087
-0.311279,0.188599,0.948364
0.444580,-0.303223,1.021729
-0.474243,-0.100586,0.765503
0.281616,-0.053711,1.099609
0.007935,-0.387085,0.838013
-0.390259,0.174316,0.913696
0.465088,-0.290649,1.032837
-0.442871,-0.127686,0.764160
0.173096,0.026245,1.073486
0.100586,-0.412842,0.859863
-0.457642,0.137817,0.873413
0.481689,-0.267944,1.055542
-0.399780,-0.187378,0.760254
0.066895,0.109497,1.052124
0.178467,-0.398071,0.878540
-0.504883,0.074341,0.823364
0.474854,-0.259033,1.052002
-0.299438,-0.281738,0.759155
-0.001587,0.125854,1.031006
0.221069,-0.382080,0.877075
-0.536743,0.067749,0.795532
0.460083,-0.243896,1.049072
-0.239258,-0.347656,0.733765
-0.087769,0.128784,0.998169
0.279419,-0.382690,0.901733
-0.559570,0.054932,0.762207
0.440063,-0.191040,1.071289
-0.204590,-0.345337,0.740479
-0.176270,0.125732,0.975220
0.337646,-0.380371,0.941650
-0.568848,0.024170,0.749512
0.386108,-0.125122,1.070679
-0.176636,-0.323364,0.748779
-0.239014,0.160645,0.963623
0.366699,-0.364014,0.965210
-0.576050,-0.014404,0.739502
0.329224,-0.110229,1.046753
-0.146729,-0.340454,0.746216
-0.307739,0.157227,0.934326
0.409302,-0.339111,0.987305
-0.551147,-0.068848,0.727417
0.248169,-0.044434,1.039307
-0.073853,-0.370972,0.765869
-0.389160,0.181030,0.890015
0.409180,-0.313354,0.993286
-0.511108,-0.120972,0.738647
0.187012,-0.020386,1.039429
-0.017212,-0.377930,0.788330
-0.459839,0.186890,0.856934
0.418457,-0.276123,0.994629
-0.469849,-0.118896,0.758789
0.099365,0.033325,1.028076
0.074097,-0.416870,0.816406
-0.527588,0.157715,0.810791
0.437378,-0.256226,1.006104
-0.379395,-0.177734,0.754761
-0.011719,0.133423,1.015991
0.181396,-0.433105,0.842285
-0.573120,0.118042,0.787964
0.432983,-0.229248,1.020874
-0.283569,-0.250244,0.749268
-0.108887,0.149170,0.975708
0.251709,-0.428101,0.866211
-0.591431,0.048218,0.742920
0.405640,-0.179932,1.024292
-0.206299,-0.322876,0.720825
-0.196167,0.187500,0.967041
0.298706,-0.372925,0.897217
-0.606567,0.028442,0.727783
0.375977,-0.166870,1.033813
-0.163208,-0.374146,0.723267
-0.295654,0.198120,0.922852
0.369019,-0.376099,0.927368
-0.591553,0.010498,0.733398
0.268066,-0.087891,1.006348
-0.090942,-0.385620,0.735352
-0.370728,0.188354,0.892456
0.384888,-0.326538,0.956421
-0.556396,-0.063843,0.698242
0.194946,-0.009155,1.012085
-0.022339,-0.395874,0.774170
-0.467407,0.205811,0.869629
0.413330,-0.290161,0.971436
-0.514648,-0.088501,0.718262
0.090576,0.070190,1.016602
0.061279,-0.412964,0.799072
-0.536987,0.178589,0.827026
0.425659,-0.245850,0.998047
-0.382812,-0.183838,0.739380
-0.004761,0.140015,1.000977
0.151123,-0.389282,0.830811
-0.584595,0.147583,0.803223
0.428833,-0.216431,1.016235
-0.271484,-0.281006,0.718262
-0.093628,0.178955,0.985840
0.246094,-0.368286,0.870239
-0.615234,0.106689,0.752686
0.404175,-0.174683,1.028076
-0.181519,-0.349854,0.726440
-0.199829,0.190308,0.933105
0.328003,-0.339600,0.905029
-0.627319,0.075684,0.727417
0.336304,-0.144531,0.994019
-0.098389,-0.390991,0.742310
-0.298706,0.162842,0.893188
0.369629,-0.323242,0.926880
-0.586914,0.048706,0.711792
0.242432,-0.028564,0.990845
-0.041748,-0.384766,0.753906
-0.384155,0.170776,0.879883
0.401733,-0.311401,0.948975
-0.544312,-0.016968,0.713623
0.153320,0.059692,0.991333
0.024170,-0.390503,0.775513
-0.491089,0.181763,0.835938
0.421387,-0.270630,0.968750
-0.451782,-0.123169,0.726440
0.080566,0.115479,1.011230
0.079224,-0.373535,0.801514
-0.544922,0.195679,0.819458
0.442993,-0.252075,0.994873
-0.374512,-0.202515,0.735596
0.018311,0.143188,1.001953
0.155029,-0.371460,0.836182
-0.585083,0.177490,0.789795
0.449219,-0.213989,1.016357
-0.273926,-0.235718,0.754883
-0.070190,0.160645,0.985474
0.229858,-0.375366,0.862915
-0.598267,0.143921,0.773315
0.433472,-0.170532,1.015503
-0.204102,-0.300903,0.735962
-0.157715,0.183838,0.949951
0.303711,-0.376953,0.890625
-0.588379,0.095215,0.750977
0.400391,-0.115479,1.028809
-0.145386,-0.315796,0.742310
-0.228760,0.177856,0.908813
0.373047,-0.381836,0.922485
-0.593628,0.062500,0.739258
0.333740,-0.081299,1.005615
-0.070679,-0.389160,0.731689
-0.313354,0.210693,0.877197
0.400513,-0.356201,0.926025
-0.552002,0.008301,0.738770
0.274048,-0.025146,1.004272
-0.027710,-0.402100,0.735107
-0.358032,0.196777,0.856934
0.414673,-0.285278,0.951172
-0.530640,-0.038208,0.729126
0.202393,-0.013550,0.989502
0.012939,-0.408447,0.768677
-0.433838,0.192383,0.831299
0.434814,-0.264282,0.965942
-0.475098,-0.073730,0.745239
0.107300,0.097168,1.023438
0.093872,-0.435059,0.791382
-0.506470,0.182983,0.818726
0.434448,-0.238037,0.982178
-0.373291,-0.152344,0.757568
0.041504,0.171509,1.022339
0.169434,-0.383545,0.839966
-0.572144,0.162476,0.775391
0.430298,-0.206909,1.000854
-0.288208,-0.243774,0.737183
-0.035522,0.154663,1.000000
0.243042,-0.353882,0.872681
-0.593262,0.152100,0.760376
0.437500,-0.200439,1.006714
-0.162231,-0.295166,0.773560
-0.136597,0.178101,0.949463
0.303223,-0.355713,0.895996
-0.588379,0.111328,0.761353
0.403320,-0.143066,1.012207
-0.088989,-0.354004,0.758057
-0.234619,0.196411,0.913574
0.370361,-0.361816,0.917725
-0.565796,0.037842,0.750244
0.325195,-0.091919,1.000488
-0.018921,-0.413086,0.749146
-0.321045,0.206909,0.874512
0.421753,-0.326782,0.946533
-0.528320,-0.046875,0.743408
0.211060,-0.019531,0.978516
0.024536,-0.430786,0.760986
-0.374023,0.132935,0.830933
0.437988,-0.278564,0.972778
-0.482910,-0.088013,0.736206
0.150024,0.033569,1.005005
0.078613,-0.435059,0.781250
-0.467285,0.143066,0.795410
0.452637,-0.274780,0.977661
-0.407471,-0.104736,0.764282
0.034058,0.109619,0.999512
0.179565,-0.448120,0.824829
-0.546143,0.113403,0.765625
0.447998,-0.223755,1.013062
-0.286255,-0.197266,0.775513
-0.079834,0.196289,0.989990
0.259155,-0.424316,0.868896
-0.551270,0.062744,0.757935
0.433472,-0.205688,1.022827
-0.158203,-0.290649,0.787354
-0.166260,0.218750,0.972168
0.331055,-0.405762,0.898804
-0.570679,0.051270,0.756348
0.382568,-0.165894,1.013184
-0.035278,-0.369263,0.795166
-0.252075,0.194946,0.916748
0.376953,-0.339600,0.938965
-0.530762,-0.067139,0.725830
0.281128,-0.103516,0.983398
0.015015,-0.478394,0.748413
-0.308228,0.150146,0.866455
0.426636,-0.286133,0.972534
-0.486206,-0.049683,0.757568
0.168335,0.006836,0.996094
0.082520,-0.454590,0.779175
-0.393799,0.063477,0.813110
0.454590,-0.280884,0.998169
-0.432007,-0.141479,0.741089
0.083252,0.140381,1.022217
0.160278,-0.413940,0.804321
-0.505737,0.093750,0.780273
0.479126,-0.331665,0.994873
-0.338745,-0.228516,0.758667
-0.002075,0.166748,1.013306
0.226318,-0.400635,0.849609
-0.533081,0.059204,0.748169
0.468018,-0.293457,1.018677
-0.257446,-0.271729,0.777710
-0.080322,0.174927,1.008179
0.304321,-0.415771,0.895996
-0.550171,0.067261,0.763550
0.428223,-0.212036,1.031738
-0.144653,-0.327393,0.786255
-0.155884,0.167480,0.972656
0.361328,-0.391724,0.927368
-0.555054,0.052734,0.753418
0.390625,-0.157715,1.029297
-0.024170,-0.386719,0.806885
-0.198853,0.145020,0.947266
0.366577,-0.362793,0.933105
-0.548218,0.001953,0.741577
0.352783,-0.138794,1.017334
0.041016,-0.419922,0.821655
-0.262817,0.141235,0.920410
0.407837,-0.339844,0.966919
-0.515747,-0.050903,0.732422
0.286743,-0.098877,1.000488
0.075928,-0.451538,0.816895
-0.304443,0.119263,0.898193
0.444580,-0.311279,1.009399
-0.483765,-0.081543,0.745483
0.235596,-0.040161,1.020752
0.085815,-0.490967,0.791504
-0.345215,0.122681,0.881348
0.465698,-0.324585,0.998047
-0.436890,-0.137207,0.757568
0.181396,0.012695,1.037109
0.106812,-0.451050,0.805298
-0.383057,0.081665,0.843018
0.506592,-0.319702,1.026733
-0.417725,-0.158447,0.751709
0.116455,0.047729,1.022339
0.181519,-0.470459,0.828491
-0.424316,0.083862,0.821411
0.512451,-0.298462,1.039673
-0.349243,-0.217285,0.763428
0.045044,0.099854,1.023071
0.245239,-0.470459,0.857056
-0.458374,0.047119,0.786743
0.502197,-0.270508,1.056885
-0.295166,-0.237427,0.787109
-0.015991,0.136963,1.020996
0.305420,-0.447754,0.913940
-0.466797,0.032593,0.777832
0.457764,-0.194458,1.060913
-0.188721,-0.260986,0.823730
-0.079712,0.158325,1.037476
0.351318,-0.430908,0.945312
-0.501587,0.021851,0.779785
0.443481,-0.151001,1.088989
-0.061401,-0.304810,0.846191
-0.162842,0.216553,1.031006
0.411865,-0.414185,0.973022
-0.473267,-0.073730,0.766357
0.390991,-0.113403,1.085449
0.040894,-0.384155,0.848633
-0.241943,0.216675,0.984741
0.460205,-0.367432,0.997559
-0.437012,-0.113525,0.781982
0.307129,-0.050171,1.074829
0.086060,-0.408325,0.852173
-0.287598,0.155518,0.943359
0.490479,-0.308472,1.051147
-0.411499,-0.142700,0.785645
0.224243,-0.003052,1.074219
0.167847,-0.430054,0.873779
-0.367798,0.135376,0.901245
0.527222,-0.279541,1.071777
-0.332886,-0.196777,0.794189
0.096069,0.087036,1.051392
0.263916,-0.458984,0.904663
-0.413208,0.036865,0.834473
0.534790,-0.238159,1.097656
-0.229980,-0.239136,0.827637
-0.019165,0.164673,1.051025
0.345459,-0.407837,0.963379
-0.450562,-0.008179,0.807495
0.495850,-0.183228,1.126221
-0.117432,-0.273682,0.863037
-0.110229,0.208862,1.046265
0.421265,-0.387329,1.000244
-0.456421,-0.043457,0.796631
0.426025,-0.111084,1.122437
0.049438,-0.366455,0.899292
-0.174805,0.189087,1.030640
0.467163,-0.310669,1.048096
-0.454712,-0.063477,0.788086
0.360352,-0.072021,1.098999
0.100098,-0.412231,0.893066
-0.258301,0.191772,1.012939
0.512207,-0.292236,1.081665
-0.375366,-0.106079,0.822388
0.245728,0.041260,1.093872
0.166138,-0.419678,0.911865
-0.332275,0.114014,0.942505
0.565063,-0.280518,1.137451
-0.330811,-0.191895,0.812744
0.154663,0.116211,1.099487
0.271606,-0.433716,0.933960
-0.408691,0.071411,0.867920
0.563232,-0.250610,1.137085
-0.233154,-0.250610,0.836060
0.051514,0.188232,1.091309
0.330078,-0.400391,0.969727
-0.439575,0.028442,0.848999
0.548584,-0.246826,1.148926
-0.159790,-0.302124,0.855591
-0.001465,0.213745,1.094482
0.404175,-0.374878,1.006348
-0.467163,0.059204,0.843262
0.504028,-0.190796,1.125122
-0.066406,-0.328613,0.894653
-0.050659,0.144409,1.087402
0.449585,-0.339600,1.050049
-0.461548,0.023682,0.832275
0.469971,-0.083374,1.151978
0.028320,-0.366455,0.895508
-0.108643,0.169678,1.083862
0.452759,-0.327393,1.064575
-0.468506,-0.017456,0.812134
0.458984,-0.101685,1.158936
0.052856,-0.365601,0.893677
-0.180542,0.245850,1.083740
0.487061,-0.296631,1.077759
-0.429565,-0.074707,0.816406
0.416260,-0.076538,1.155396
0.073730,-0.345215,0.925049
-0.258545,0.231567,1.030884
0.543335,-0.297729,1.116089
-0.395874,-0.111694,0.812500
0.335815,-0.004761,1.148682
0.139648,-0.370361,0.931885
-0.287964,0.190308,0.991455
0.559692,-0.267700,1.134766
-0.370850,-0.144043,0.820190
0.274658,0.016357,1.141357
0.215210,-0.413208,0.948364
-0.342896,0.139648,0.937012
0.561523,-0.227417,1.142456
-0.302856,-0.193604,0.832031
0.183594,0.078735,1.118164
0.270386,-0.422363,0.964355
-0.375488,0.084106,0.910522
0.562988,-0.194702,1.155396
-0.263672,-0.218018,0.828613
0.096313,0.147339,1.113770
0.338989,-0.413818,0.986084
-0.424438,0.079590,0.897339
0.552856,-0.187256,1.158936
-0.190186,-0.301636,0.845215
0.019775,0.179688,1.107422
0.384521,-0.386597,0.996460
-0.445557,0.026489,0.857788
0.533447,-0.158081,1.171387
-0.082764,-0.311157,0.884644
-0.045288,0.157104,1.070312
0.411987,-0.351074,1.033813
-0.454468,0.015503,0.845581
0.504150,-0.137939,1.166992
-0.030029,-0.348633,0.871826
-0.095703,0.180176,1.078857
0.446289,-0.329590,1.049683
-0.460938,-0.010132,0.822021
0.458984,-0.079956,1.167236
-0.019897,-0.349487,0.867065
-0.176147,0.186035,1.052612
0.484741,-0.303223,1.082764
-0.429199,-0.073853,0.824951
0.388550,-0.018555,1.168457
0.030762,-0.355225,0.868530
-0.251465,0.195435,1.008545
0.521362,-0.281128,1.110107
-0.414673,-0.122681,0.803223
0.331909,-0.023682,1.154663
0.099976,-0.367065,0.913086
-0.311523,0.158936,0.948364
0.549072,-0.261963,1.121338
-0.370850,-0.164429,0.795410
0.233765,0.016846,1.122070
0.176025,-0.391479,0.928101
-0.374756,0.133789,0.920532
0.556763,-0.231812,1.131226
-0.314087,-0.213623,0.818237
0.126831,0.066528,1.102417
0.250610,-0.403442,0.945190
0.535645,-0.184692,1.137817
-0.257812,-0.243530,0.807129
0.024536,0.153198,1.085327
0.333862,-0.405884,0.959961
-0.460693,0.016113,0.835083
0.507568,-0.169312,1.139282
-0.126099,-0.309937,0.831543
-0.042480,0.151489,1.065674
0.364746,-0.351807,0.985596
-0.505371,0.012207,0.813599
0.490112,-0.167358,1.141113
-0.080444,-0.336304,0.821533
-0.169189,0.203003,1.041870
0.417969,-0.316772,1.029297
-0.502686,-0.036987,0.795166
0.418457,-0.117676,1.138916
-0.052368,-0.363403,0.832275
-0.244019,0.178467,1.002075
0.462891,-0.318237,1.039551
-0.471313,-0.045166,0.798096
0.334229,-0.058228,1.122070
0.020142,-0.371338,0.861816
-0.315918,0.139648,0.944946
0.481934,-0.279663,1.074097
-0.428711,-0.127441,0.750366
0.147339,0.142456,1.129028
0.098511,-0.380615,0.875000
-0.418945,0.106812,0.894409
0.557983,-0.231201,1.136597
-0.394409,-0.180664,0.767822
0.066284,0.152222,1.104614
0.333496,-0.380249,0.978027
-0.433594,0.059082,0.866333
0.533813,-0.192749,1.146851
-0.119507,-0.315552,0.860107
-0.042725,0.153442,1.066528
0.367432,-0.348267,0.997070
-0.444458,-0.022827,0.826782
0.514038,-0.139648,1.176514
-0.057983,-0.353149,0.838135
-0.147705,0.213501,1.059448
0.425903,-0.327148,1.021484
-0.456177,-0.044312,0.814575
0.457886,-0.120239,1.166626
-0.019287,-0.359619,0.858154
-0.226196,0.202759,1.018677
0.466064,-0.301880,1.060425
-0.459595,-0.065674,0.794678
0.400757,-0.077271,1.156372
0.043213,-0.343994,0.894043
-0.305542,0.203613,0.978760
0.507324,-0.291870,1.084961
-0.424072,-0.130127,0.776367
0.300659,-0.021729,1.139404
0.105835,-0.368530,0.901978
-0.370605,0.158691,0.918213
0.527466,-0.259644,1.110962
-0.361816,-0.213501,0.783569
0.162598,0.065796,1.104736
0.197754,-0.412964,0.915405
-0.415771,0.099243,0.895996
0.529297,-0.222534,1.123657
-0.325073,-0.226685,0.783813
0.070679,0.113403,1.072876
0.266968,-0.394043,0.940308
-0.454224,0.047852,0.854248
0.522827,-0.212891,1.118164
-0.217163,-0.295288,0.798828
-0.025269,0.159302,1.060425
0.318848,-0.389038,0.931641
-0.486694,0.035522,0.819336
0.501099,-0.198853,1.113892
-0.147949,-0.313599,0.809814
-0.095947,0.143433,1.036865
0.347900,-0.366455,0.952515
-0.508667,-0.001587,0.787720
0.469849,-0.172363,1.118286
-0.120728,-0.326904,0.808716
-0.181641,0.169678,1.017578
0.376831,-0.332275,0.989990
-0.513672,-0.032715,0.772949
0.428223,-0.135742,1.119629
-0.091553,-0.331055,0.816040
-0.268188,0.204102,0.996704
0.426880,-0.319824,1.007935
-0.505737,-0.073242,0.758667
0.348633,-0.097534,1.102295
-0.051392,-0.331299,0.826050
-0.321045,0.172241,0.935303
0.455322,-0.303467,1.040771
-0.486206,-0.093384,0.750854
0.278076,-0.035522,1.092773
0.002075,-0.353760,0.827759
-0.386597,0.153564,0.911865
0.476318,-0.329590,1.042236
-0.456909,-0.165771,0.738281
0.180298,0.034668,1.065552
0.060059,-0.371704,0.837280
-0.444336,0.149902,0.886230
0.495605,-0.296997,1.060669
-0.428101,-0.218018,0.743530
0.093506,0.067017,1.044556
0.133545,-0.368286,0.866455
-0.494019,0.125122,0.827393
0.495605,-0.259033,1.073730
-0.350464,-0.265503,0.755981
0.017944,0.085327,1.023071
0.194946,-0.387573,0.878540
-0.525391,0.095825,0.805298
0.482422,-0.239258,1.067383
-0.269287,-0.289307,0.760620
-0.053223,0.107422,1.014282
0.251953,-0.409058,0.884766
-0.566406,0.069336,0.774292
0.444824,-0.222412,1.061523
-0.211914,-0.347168,0.750732
-0.128906,0.138062,0.994263
0.293579,-0.358154,0.905151
-0.588867,0.059326,0.764893
0.410034,-0.203735,1.048584
-0.150024,-0.382202,0.753784
-0.244385,0.169189,0.970825
0.355835,-0.342407,0.955200
-0.588501,0.028442,0.745361
0.338867,-0.119019,1.048950
-0.113525,-0.368652,0.778564
-0.319824,0.166504,0.924805
0.393799,-0.349731,0.968628
-0.563843,-0.025269,0.724976
0.255127,-0.048584,1.043335
-0.055664,-0.367188,0.783081
-0.397705,0.189697,0.905273
0.433716,-0.329346,0.993164
-0.543701,-0.069946,0.710938
0.160522,0.030884,1.028442
0.018433,-0.411377,0.807739
-0.468872,0.154907,0.878540
0.439209,-0.290039,1.009521
-0.479492,-0.118286,0.720215
0.070435,0.126221,1.027344
0.096191,-0.379639,0.837524
-0.543335,0.143066,0.824585
0.450195,-0.287231,1.014526
-0.398804,-0.195923,0.731323
-0.005005,0.150024,1.019287
0.166382,-0.413086,0.837280
-0.579346,0.124268,0.793579
0.455200,-0.259033,1.022583
-0.302246,-0.267700,0.717407
-0.066406,0.172974,0.986816
0.206787,-0.338867,0.859985
-0.591919,0.055176,0.750610
0.425171,-0.256836,1.011841
-0.249146,-0.378052,0.702271
-0.127930,0.151489,0.960693
0.259399,-0.370850,0.871582
-0.608398,0.097900,0.752686
0.403564,-0.198364,1.022217
-0.202759,-0.345581,0.721924
-0.204224,0.154663,0.938843
0.303589,-0.355591,0.907471
-0.610474,0.068726,0.750854
0.381348,-0.170288,1.033203
-0.167969,-0.375244,0.726562
-0.271973,0.181030,0.921997
0.337769,-0.371338,0.898804
-0.588257,0.006836,0.725220
0.354858,-0.132324,1.031494
-0.151245,-0.329346,0.725708
-0.339111,0.198120,0.896240
0.391724,-0.389648,0.930908
-0.589111,-0.033203,0.713623
0.288940,-0.082642,1.013062
-0.108521,-0.366577,0.729614
-0.392090,0.236572,0.887329
0.410156,-0.347168,0.945435
-0.580811,-0.033081,0.713013
0.209595,-0.066650,0.996460
-0.055298,-0.407104,0.761597
-0.433350,0.213623,0.876099
0.417725,-0.300781,0.959351
-0.538574,-0.060791,0.720825
0.127808,0.025879,0.993530
0.010986,-0.413452,0.779175
-0.483643,0.201782,0.860718
0.427612,-0.258423,0.985229
-0.494629,-0.076416,0.733276
0.071533,0.087646,1.004150
0.091797,-0.405518,0.820557
-0.538208,0.179199,0.829956
0.424927,-0.221680,1.002075
-0.400513,-0.133911,0.750000
0.009521,0.139893,1.009888
0.169189,-0.419922,0.833252
-0.586548,0.158813,0.793579
0.411987,-0.198364,1.002197
-0.301758,-0.229492,0.715576
-0.055542,0.170654,0.999268
0.240967,-0.382568,0.877319
-0.628540,0.148560,0.755981
0.415649,-0.196289,0.998657
-0.199951,-0.321777,0.731323
-0.145874,0.201050,0.974365
0.279053,-0.352539,0.891235
-0.633179,0.136353,0.752563
0.414062,-0.175293,1.018921
-0.138306,-0.354492,0.737671
-0.248901,0.187500,0.917969
0.336670,-0.342041,0.906616
-0.587158,0.037964,0.725708
0.344604,-0.088135,1.034546
-0.090698,-0.411255,0.716431
-0.332031,0.217285,0.888062
0.386719,-0.318481,0.925171
-0.564453,0.016357,0.718384
0.253784,-0.040894,1.001709
-0.025269,-0.414551,0.750122
-0.426758,0.199097,0.856201
0.421753,-0.292847,0.965820
-0.521362,-0.075562,0.708496
0.133423,0.077148,0.999756
0.036499,-0.384888,0.787109
-0.489014,0.190796,0.837646
0.440796,-0.246704,0.988770
-0.435303,-0.129517,0.734131
0.042236,0.133911,1.015381
0.127930,-0.390381,0.814209
-0.543823,0.184082,0.811523
0.444092,-0.214844,0.994873
-0.338623,-0.180176,0.753906
-0.028687,0.148682,1.005005
0.220337,-0.393799,0.861816
-0.596313,0.179688,0.779175
0.428589,-0.166504,0.999390
-0.211304,-0.250122,0.756592
-0.134888,0.205200,0.973389
0.285400,-0.377930,0.881470
-0.601685,0.097534,0.751343
0.422852,-0.152466,1.031616
-0.128662,-0.338257,0.737793
-0.223877,0.217896,0.919678
0.355713,-0.335449,0.901733
-0.588867,0.066406,0.740479
0.350098,-0.140137,1.001709
-0.063843,-0.400024,0.748169
-0.299927,0.196411,0.877930
0.401978,-0.304688,0.930298
-0.557373,-0.006104,0.713135
0.243408,-0.050171,0.978394
0.021973,-0.459839,0.755737
-0.375000,0.175659,0.845825
0.414062,-0.253052,0.956543
-0.508057,-0.025391,0.736328
0.133179,0.069214,0.995728
0.066162,-0.440552,0.782349
-0.446533,0.143677,0.836914
0.441650,-0.243530,0.989380
-0.448853,-0.088379,0.744019
0.051514,0.128784,0.997314
0.155884,-0.426270,0.819214
-0.554932,0.135742,0.794312
0.457153,-0.232056,1.009277
-0.328003,-0.196655,0.737427
-0.042725,0.196411,0.994019
0.226318,-0.359131,0.854858
-0.576782,0.102295,0.769165
0.461304,-0.223633,1.027954
-0.193359,-0.279053,0.778198
-0.152954,0.188843,0.944702
0.295654,-0.353027,0.896484
-0.577148,0.090210,0.757324
0.414185,-0.173340,1.018311
-0.065430,-0.361328,0.788696
-0.227539,0.179565,0.904297
0.343750,-0.330444,0.902222
-0.565063,0.057007,0.741211
0.346924,-0.121216,0.999756
-0.004395,-0.414307,0.782104
-0.308228,0.162354,0.857422
0.395630,-0.324463,0.927368
-0.544067,0.010010,0.721558
0.242554,-0.006958,0.985718
0.044922,-0.432007,0.765625
-0.385254,0.127075,0.828125
0.422974,-0.294556,0.957397
-0.483887,-0.089600,0.740723
0.137207,0.079224,1.004883
0.081299,-0.427124,0.771240
-0.455444,0.134277,0.814209
0.461304,-0.294678,0.988647
-0.413940,-0.108398,0.771851
0.064697,0.114990,1.003784
0.131958,-0.404297,0.805176
-0.526733,0.103271,0.757690
0.472900,-0.265747,1.000244
-0.310547,-0.207886,0.763916
-0.011719,0.204956,1.030273
0.201782,-0.392822,0.829224
-0.561157,0.102783,0.735962
0.470215,-0.260986,1.022583
-0.251099,-0.258301,0.776978
-0.086060,0.196411,1.006470
0.277222,-0.427734,0.870728
-0.576904,0.078369,0.736206
0.442993,-0.242920,1.003662
-0.178223,-0.287476,0.788818
-0.132935,0.197266,0.982666
0.313965,-0.411987,0.895508
-0.567627,0.070557,0.758179
0.410034,-0.168945,1.019165
-0.090454,-0.297729,0.814209
-0.198120,0.197632,0.941284
0.348267,-0.382080,0.931519
-0.559082,-0.007324,0.738403
0.375854,-0.154297,1.031860
-0.042969,-0.383667,0.784546
-0.227051,0.187988,0.932861
0.379395,-0.378784,0.927856
-0.553101,-0.027466,0.745117
0.337769,-0.156006,1.006104
-0.003784,-0.443115,0.765137
-0.273438,0.174438,0.886108
0.423096,-0.314575,0.968018
-0.525879,-0.055786,0.735229
0.271729,-0.118774,0.992676
0.054443,-0.506470,0.763794
-0.330933,0.144653,0.863037
0.444702,-0.314941,0.969727
-0.493774,-0.055176,0.746338
0.201294,-0.032104,0.991577
0.104614,-0.495850,0.793457
-0.375000,0.092163,0.828735
0.456909,-0.299927,0.985962
-0.463867,-0.096802,0.747192
0.141968,0.016602,1.001465
0.137329,-0.500977,0.795898
-0.431885,0.075928,0.797485
0.473145,-0.297485,1.004272
-0.401733,-0.126831,0.761353
0.061768,0.086914,1.003906
0.185425,-0.472778,0.825806
-0.456665,0.036133,0.787842
0.494385,-0.287964,1.031006
-0.359131,-0.183350,0.754395
-0.011353,0.177490,1.023071
0.262573,-0.441772,0.883301
-0.502563,0.023682,0.765747
0.472168,-0.270264,1.041504
-0.259888,-0.247192,0.782104
-0.082397,0.199219,1.009644
0.306396,-0.400024,0.915894
-0.519897,0.005493,0.771484
0.445312,-0.237793,1.048218
-0.156738,-0.300415,0.816406
-0.149170,0.184937,0.979858
0.342529,-0.401001,0.915527
-0.514771,-0.005005,0.771729
0.419434,-0.173950,1.058838
-0.044434,-0.357544,0.822754
-0.216553,0.173584,0.960815
0.391724,-0.384521,0.948975
-0.497803,-0.057617,0.748657
0.358887,-0.119263,1.045044
0.044556,-0.423096,0.825073
-0.270996,0.170776,0.935913
0.443726,-0.343506,0.994751
-0.476196,-0.108032,0.746460
0.261353,-0.054199,1.039673
0.092773,-0.498169,0.805298
-0.322632,0.121948,0.912964
0.491699,-0.316650,1.022705
-0.428345,-0.080688,0.784546
0.152954,0.042969,1.027710
0.159058,-0.455322,0.864014
-0.385254,0.059082,0.863525
0.516846,-0.292114,1.057495
-0.380493,-0.159668,0.757935
0.084839,0.138550,1.046021
0.267700,-0.454956,0.895752
-0.448242,0.030884,0.816284
0.496338,-0.269287,1.064819
-0.284546,-0.245728,0.786255
-0.001709,0.153198,1.032349
0.338989,-0.472168,0.924316
-0.495239,0.033813,0.786987
0.462524,-0.182495,1.084106
-0.179443,-0.260132,0.813232
-0.075806,0.179443,1.049438
0.401855,-0.428101,0.972534
-0.498291,-0.003174,0.790894
0.438232,-0.138062,1.089233
-0.061035,-0.327637,0.843384
-0.169312,0.197510,1.009277
0.447754,-0.411011,0.993652
-0.454468,-0.087524,0.796265
0.387817,-0.081665,1.106567
0.047974,-0.384033,0.838379
-0.243408,0.191284,0.981567
0.493164,-0.363159,1.032959
-0.427612,-0.137817,0.790527
0.312988,-0.052002,1.085693
0.097046,-0.382324,0.864746
-0.306519,0.196411,0.957275
0.521362,-0.319580,1.062378
-0.399170,-0.177368,0.786743
0.238281,-0.016113,1.069824
0.165405,-0.414307,0.892700
-0.352051,0.139282,0.903564
0.532715,-0.251465,1.094116
-0.330322,-0.219604,0.800903
0.152710,0.043213,1.073730
0.248779,-0.467529,0.910400
-0.409912,0.076294,0.837158
0.533569,-0.218262,1.107666
-0.253662,-0.201050,0.841919
0.073364,0.116821,1.083740
0.324585,-0.463501,0.944336
-0.435547,0.044800,0.822266
0.510010,-0.158569,1.131348
-0.192505,-0.236938,0.849365
-0.004639,0.161865,1.087280
0.390991,-0.440063,0.993286
-0.451172,0.031372,0.831055
0.478638,-0.118286,1.129883
-0.105713,-0.267822,0.866211
-0.087891,0.201660,1.076904
0.449707,-0.398071,1.035400
-0.453491,-0.022095,0.820557
0.445923,-0.087646,1.144409
0.023193,-0.361572,0.881226
-0.173950,0.218872,1.054321
0.488281,-0.348999,1.050659
-0.422363,-0.065552,0.818604
0.403320,-0.068359,1.141724
0.076782,-0.380493,0.894043
-0.234863,0.201782,1.021606
0.523438,-0.298584,1.098999
-0.399780,-0.101440,0.817749
0.318726,-0.000977,1.127563
0.147949,-0.394165,0.910889
-0.303101,0.180786,0.985840
0.557373,-0.280396,1.110840
-0.351685,-0.169556,0.821045
0.237427,0.042603,1.119873
0.207886,-0.423584,0.930054
-0.347900,0.109863,0.907471
0.580688,-0.259644,1.126221
-0.277100,-0.205444,0.851318
0.127930,0.139648,1.117065
0.302124,-0.419189,0.958252
-0.392578,0.074707,0.886108
0.580200,-0.219482,1.158691
-0.228638,-0.224976,0.866211
0.036011,0.171143,1.092773
0.376953,-0.409668,1.002686
-0.415283,0.045532,0.868286
0.527344,-0.136841,1.168457
-0.121460,-0.273071,0.882935
-0.025879,0.214478,1.102905
0.415405,-0.376953,1.017944
-0.445801,-0.012329,0.846802
0.506348,-0.139893,1.178589
-0.010254,-0.330444,0.888916
-0.093872,0.242554,1.100830
0.451050,-0.330566,1.041626
-0.462280,-0.017700,0.840820
0.472900,-0.128296,1.172607
0.019165,-0.406616,0.870239
-0.141479,0.185181,1.060913
0.483032,-0.287109,1.073486
-0.457031,-0.022461,0.822510
0.423096,-0.078125,1.168701
0.080933,-0.385742,0.914307
-0.226440,0.213501,1.052246
0.510986,-0.261475,1.101807
-0.408569,-0.081177,0.813599
0.349365,-0.030884,1.145630
0.145386,-0.399414,0.937744
-0.289062,0.173584,0.998657
0.546509,-0.250610,1.141602
-0.374756,-0.117676,0.824829
0.247314,0.038452,1.127563
0.221313,-0.435425,0.937134
-0.333008,0.130981,0.946777
0.556274,-0.209106,1.157471
-0.315186,-0.192871,0.814087
0.156616,0.091553,1.117798
0.260376,-0.426514,0.958252
-0.373657,0.069214,0.919067
0.577759,-0.236084,1.161255
-0.275269,-0.195923,0.822876
0.068848,0.190063,1.111938
0.341797,-0.401978,0.978760
-0.413452,0.032227,0.888916
0.554810,-0.229004,1.166626
-0.204224,-0.307495,0.831665
0.014648,0.187988,1.083008
0.380249,-0.380493,0.980469
-0.463013,0.017822,0.844116
0.530273,-0.224609,1.152222
-0.068726,-0.377808,0.871704
-0.044067,0.160034,1.067383
0.384155,-0.327637,1.002197
-0.485962,0.017334,0.831543
0.520020,-0.203735,1.156738
-0.031372,-0.369385,0.866089
-0.117920,0.181519,1.066772
0.425415,-0.295288,1.041016
-0.487549,0.016968,0.820312
0.466309,-0.127808,1.147827
-0.006348,-0.381348,0.863281
-0.195679,0.180786,1.050171
0.466431,-0.314819,1.061035
-0.483154,0.009766,0.806152
0.397583,-0.072876,1.138062
0.021973,-0.367798,0.895142
-0.250122,0.170288,1.033569
0.491089,-0.298584,1.085083
-0.450684,-0.038452,0.793823
0.341553,0.007812,1.149292
0.046875,-0.352417,0.898682
-0.307251,0.153931,0.988159
0.521729,-0.312744,1.095337
-0.438110,-0.109497,0.786011
0.290405,0.034668,1.142090
0.096313,-0.359619,0.884766
-0.353271,0.175903,0.945801
0.522461,-0.300903,1.097534
-0.395508,-0.177002,0.778809
0.243164,0.004639,1.118042
0.127808,-0.374390,0.890015
-0.387939,0.166870,0.910034
0.527832,-0.261475,1.092529
-0.363770,-0.167236,0.796631
0.180420,0.022949,1.102051
0.178223,-0.417358,0.902954
-0.424561,0.140625,0.906006
0.528931,-0.247803,1.099243
-0.360596,-0.174072,0.789062
0.096313,0.090576,1.078491
0.236084,-0.418457,0.914062
-0.446289,0.085571,0.862793
0.511963,-0.185547,1.107788
-0.291992,-0.219849,0.799805
0.029663,0.120728,1.067017
0.257080,-0.396973,0.917358
-0.477417,0.031860,0.831177
0.520630,-0.212524,1.112793
-0.198730,-0.283325,0.806152
-0.060547,0.159912,1.033081
0.296875,-0.363281,0.926514
-0.485352,-0.007690,0.803955
0.484375,-0.207886,1.106445
-0.173096,-0.324585,0.776367
-0.091431,0.152100,1.024414
0.344849,-0.366333,0.943115
-0.531616,0.018921,0.789551
0.460327,-0.196045,1.100464
-0.129761,-0.362061,0.788452
-0.183716,0.162720,0.994629
0.358032,-0.322754,0.968018
-0.529297,0.000610,0.777710
0.425659,-0.188477,1.099731
-0.105957,-0.344116,0.812378
-0.271973,0.175293,0.960327
0.405640,-0.305786,1.008911
-0.529175,-0.054565,0.752197
0.332642,-0.127686,1.093628
-0.042847,-0.388306,0.812256
-0.327148,0.175659,0.927734
0.424927,-0.287354,0.999634
-0.501831,-0.073975,0.746338
0.241333,-0.042114,1.075317
0.026978,-0.394897,0.837524
-0.404053,0.171021,0.912842
0.456177,-0.293945,1.031738
-0.481689,-0.141602,0.724731
0.155640,0.044556,1.052124
0.108887,-0.409668,0.852173
-0.478638,0.137695,0.856323
0.476685,-0.257935,1.059448
-0.386841,-0.179932,0.764526
0.044189,0.107666,1.036743
0.141602,-0.398438,0.858521
-0.511353,0.060791,0.819824
0.486572,-0.272949,1.055786
-0.304077,-0.248901,0.758301
-0.041870,0.152710,1.019165
0.226562,-0.380493,0.866821
-0.544922,0.050415,0.779175
0.441528,-0.224121,1.046753
-0.229004,-0.347656,0.730713
-0.101929,0.150024,0.995239
0.267212,-0.383545,0.870361
-0.583862,0.060913,0.757568
0.422363,-0.239258,1.030029
-0.174805,-0.375854,0.729980
-0.204102,0.161255,0.967651
0.314087,-0.352539,0.918579
-0.578369,0.019409,0.749023
0.386353,-0.163818,1.055176
-0.171143,-0.359497,0.741577
-0.279907,0.170898,0.941895
0.374512,-0.350098,0.948608
-0.593262,0.010254,0.743286
0.319824,-0.122803,1.044312
-0.119141,-0.349609,0.781494
-0.344116,0.166016,0.912964
0.396606,-0.329468,0.971191
-0.562866,-0.010864,0.721436
0.221313,-0.031250,1.026367
-0.041626,-0.360107,0.806641
-0.423340,0.169678,0.896484
0.433350,-0.324585,0.978638
-0.546143,-0.048096,0.710083
0.125122,0.057739,1.013916
0.051392,-0.395630,0.814331
-0.485352,0.161011,0.860352
0.420166,-0.258301,1.008179
-0.462891,-0.119751,0.722656
0.043335,0.123169,1.008789
0.123657,-0.395264,0.832764
-0.549194,0.118774,0.814331
0.445557,-0.266602,1.013672
-0.365234,-0.195923,0.728516
-0.040039,0.188110,1.001221
0.195801,-0.383911,0.846924
-0.577026,0.085327,0.788696
0.431152,-0.226196,1.029541
-0.282227,-0.292847,0.717773
-0.104004,0.179321,0.975098
0.238892,-0.362305,0.872925
-0.600586,0.078125,0.768311
0.423218,-0.234619,1.019531
-0.221558,-0.378906,0.700806
-0.184692,0.157104,0.946167
0.286865,-0.340698,0.884644
-0.597046,0.086060,0.749146
0.373779,-0.173950,1.022827
-0.175049,-0.375732,0.710205
-0.270874,0.165161,0.927124
0.350952,-0.357666,0.907104
-0.591064,0.041260,0.738892
0.298706,-0.112793,0.996094
-0.107422,-0.377441,0.741211
-0.353882,0.181396,0.889771
0.384033,-0.316650,0.946045
-0.577148,-0.011597,0.703247
0.205444,-0.015503,1.014160
-0.037842,-0.406982,0.763672
-0.450439,0.190186,0.875122
0.420044,-0.285767,0.979126
-0.528564,-0.073364,0.715332
0.083252,0.079956,1.003906
0.060425,-0.420410,0.803467
-0.517822,0.168213,0.849121
0.426636,-0.246460,0.998901
-0.402954,-0.161987,0.736816
-0.001343,0.158325,1.008789
0.157349,-0.399292,0.826294
-0.575562,0.124268,0.797485
0.417114,-0.183350,1.023193
-0.286865,-0.271851,0.714111
-0.105103,0.166748,0.968140
0.250366,-0.375000,0.875000
-0.603760,0.081665,0.751587
0.409180,-0.176514,1.028076
-0.184204,-0.338623,0.723755
-0.236694,0.199097,0.921753
0.328735,-0.351562,0.897217
-0.598755,0.071533,0.746216
0.357422,-0.135254,1.017700
-0.113403,-0.374023,0.740356
-0.318237,0.186523,0.883301
0.372070,-0.336304,0.923828
-0.581055,0.011353,0.716797
0.254883,-0.057861,1.001221
-0.049438,-0.416626,0.739868
-0.405396,0.202026,0.865112
0.417114,-0.303833,0.954956
-0.524048,-0.047974,0.721802
0.147583,0.057251,0.997192
0.015747,-0.392578,0.767944
-0.477783,0.198242,0.844849
0.435669,-0.281616,0.980713
-0.480225,-0.105713,0.734741
0.076904,0.087280,1.003052
0.103271,-0.404785,0.803711
-0.539917,0.177246,0.818481
0.446655,-0.226440,1.005859
-0.393799,-0.135498,0.743896
-0.004761,0.154907,1.003052
0.188477,-0.414429,0.833496
-0.589478,0.155762,0.792480
0.399414,-0.192017,1.013428
-0.272705,-0.213501,0.754028
-0.231567,0.204224,0.942749
0.337158,-0.364868,0.916626
-0.606079,0.039307,0.734863
0.328735,-0.125854,1.010742
-0.137207,-0.370728,0.723267
-0.288940,0.178467,0.901978
0.345459,-0.316162,0.924194
-0.578491,-0.010498,0.710205
0.271606,-0.061890,1.016968
-0.071045,-0.414551,0.742432
-0.405762,0.205933,0.865723
0.403198,-0.320190,0.942383
-0.543213,-0.027222,0.713989
0.159546,0.023804,0.998047
-0.008545,-0.384155,0.772217
-0.476562,0.199585,0.861206
0.415039,-0.267212,0.980591
-0.461182,-0.143555,0.731567
0.063721,0.095825,1.011597
0.077271,-0.395142,0.802490
-0.543335,0.202881,0.830933
0.435059,-0.235229,0.993896
-0.382202,-0.190063,0.726318
-0.005127,0.147705,1.008057
0.170410,-0.400513,0.830078
-0.568481,0.146240,0.805298
0.424561,-0.179199,1.018188
-0.296265,-0.232666,0.729004
-0.098877,0.156250,0.968506
0.267090,-0.394775,0.881836
-0.596558,0.120728,0.766235
0.392090,-0.136841,1.016235
-0.201416,-0.330078,0.702637
-0.198730,0.188477,0.937744
0.337158,-0.368530,0.908447
-0.592163,0.070557,0.749146
0.344604,-0.103882,1.015137
-0.121704,-0.364136,0.722656
-0.310303,0.194946,0.884766
0.387695,-0.351440,0.931030
-0.558228,-0.017334,0.721680
0.275879,-0.041992,1.011963
-0.059570,-0.378296,0.734619
-0.402710,0.213989,0.848511
0.421997,-0.293213,0.949341
-0.518555,-0.068237,0.719116
0.167725,0.004272,0.995483
0.023682,-0.410645,0.780640
-0.488159,0.213135,0.818970
0.427734,-0.226440,0.972046
-0.438599,-0.094849,0.741211
0.059448,0.116577,1.016479
0.135864,-0.443726,0.820068
-0.558105,0.153564,0.802490
0.426514,-0.172974,1.004028
-0.317627,-0.180542,0.733032
-0.047119,0.197876,1.000488
0.230591,-0.397461,0.866577
-0.598389,0.115967,0.770874
0.436646,-0.174927,1.016968
-0.188599,-0.289062,0.741455
-0.142456,0.221313,0.966064
0.307861,-0.359009,0.890991
-0.595581,0.091187,0.755005
0.390259,-0.147949,1.020386
-0.105591,-0.354126,0.746338
-0.249634,0.192505,0.895142
0.372192,-0.335449,0.921265
-0.569336,0.038452,0.743774
0.316406,-0.079590,1.001221
-0.036499,-0.399414,0.737793
-0.343262,0.195679,0.856812
0.399902,-0.284424,0.937378
-0.519165,-0.048706,0.733276
0.204956,-0.017334,0.993286
0.020386,-0.430786,0.763428
-0.426758,0.182373,0.831787
0.438354,-0.249390,0.967407
-0.465332,-0.054932,0.763550
0.097168,0.080444,1.005005
0.102051,-0.453003,0.795898
-0.504028,0.136841,0.796509
0.444214,-0.219360,0.994141
-0.365234,-0.120850,0.763062
0.009399,0.162598,1.010864
0.193237,-0.411743,0.835815
-0.580933,0.110229,0.757568
0.444946,-0.196533,1.026001
-0.237793,-0.231445,0.753906
-0.098511,0.227417,0.980713
0.274780,-0.379517,0.875000
-0.586060,0.070190,0.753662
0.428345,-0.187744,1.020386
-0.144653,-0.309937,0.766479
-0.176636,0.209229,0.940308
0.336182,-0.339600,0.910767
-0.579834,0.055664,0.752319
0.373535,-0.150879,1.017334
-0.049561,-0.379883,0.772583
-0.253540,0.196045,0.893799
0.390259,-0.324707,0.921753
-0.557129,0.016357,0.733887
0.302246,-0.090698,0.987793
0.003418,-0.413452,0.779907
-0.319580,0.137573,0.845703
0.413696,-0.285034,0.951538
-0.515381,-0.029663,0.735229
0.213135,-0.003296,0.996094
0.046997,-0.455078,0.749023
-0.383057,0.137939,0.824341
0.430542,-0.279297,0.958374
-0.485962,-0.042114,0.742310
0.157593,0.058472,1.018555
0.083374,-0.449829,0.786743
-0.459229,0.137085,0.803711
0.457031,-0.277954,0.987915
-0.442627,-0.107666,0.743042
0.083984,0.105957,1.017578
0.137695,-0.460083,0.810425
-0.508057,0.109131,0.783081
0.469238,-0.278320,0.991333
-0.380005,-0.131958,0.758301
0.015991,0.165894,1.030151
0.199951,-0.443970,0.825684
-0.531860,0.074585,0.763794
0.460693,-0.254395,1.003662
-0.298096,-0.196777,0.768555
-0.057495,0.206543,1.008911
0.265259,-0.408325,0.878540
-0.554688,0.039307,0.739990
0.431763,-0.242920,1.018188
-0.205566,-0.267822,0.783691
-0.118652,0.224487,0.987549
0.295776,-0.381226,0.889282
-0.555664,0.050293,0.753906
0.426147,-0.223877,1.027100
-0.148926,-0.333130,0.773315
-0.166504,0.203247,0.972778
0.354980,-0.383667,0.919678
-0.568970,0.048828,0.749512
0.391724,-0.199585,1.011475
-0.071655,-0.378906,0.788818
-0.224731,0.175293,0.938232
0.389160,-0.388550,0.930298
-0.526855,-0.002441,0.767090
0.332397,-0.106689,1.013916
-0.010620,-0.436401,0.774780
-0.276001,0.146362,0.889404
0.419678,-0.375122,0.938232
-0.510498,-0.058594,0.743042
0.274658,-0.067017,1.011108
0.051636,-0.430298,0.782715
-0.335205,0.143677,0.866089
0.435059,-0.340088,0.973999
-0.478760,-0.133423,0.745850
0.198364,-0.042236,1.009888
0.090698,-0.471558,0.782959
-0.387695,0.150757,0.841309
0.450073,-0.290894,0.977783
-0.430542,-0.111450,0.758789
0.134399,-0.003906,1.013672
0.134644,-0.473633,0.811279
-0.456909,0.079590,0.782471
0.477905,-0.263306,1.024658
-0.356323,-0.184204,0.760864
0.029907,0.118042,1.032349
0.244141,-0.532715,0.850586
-0.502563,0.034058,0.752808
0.473389,-0.270996,1.023560
-0.275513,-0.206421,0.783569
-0.066284,0.203003,1.025513
0.309326,-0.472656,0.900879
-0.518799,0.009155,0.762329
0.437866,-0.214966,1.041870
-0.177734,-0.268799,0.792969
-0.134644,0.215820,1.006226
0.364502,-0.414185,0.938965
-0.520752,-0.002563,0.776733
0.409668,-0.172729,1.055908
-0.057739,-0.356567,0.811279
-0.189453,0.173340,0.978149
0.398804,-0.374512,0.965576
-0.523193,-0.040527,0.746948
0.357300,-0.138916,1.031982
0.050781,-0.442505,0.812500
-0.252930,0.169556,0.935425
0.448242,-0.317993,0.998291
-0.493896,-0.072876,0.743042
0.254639,-0.055054,1.025391
0.108765,-0.482544,0.835327
-0.311035,0.076172,0.901611
0.488037,-0.305786,1.031494
-0.448242,-0.077881,0.771606
0.162109,0.064941,1.036499
0.153687,-0.412964,0.853394
-0.385010,0.063477,0.862671
0.527832,-0.307739,1.072388
-0.394287,-0.177368,0.760620
0.081909,0.123779,1.045532
0.231812,-0.425781,0.887451
-0.446899,0.028931,0.819214
0.522949,-0.318970,1.065796
-0.282471,-0.270020,0.792236
0.020386,0.191040,1.047119
0.285767,-0.404663,0.916260
-0.484619,0.014038,0.780762
0.500000,-0.308105,1.066650
-0.211792,-0.314819,0.823853
-0.032715,0.193359,1.050415
0.337524,-0.391968,0.938965
-0.499390,0.040161,0.790283
0.467041,-0.250244,1.070312
-0.135986,-0.346680,0.819214
-0.066772,0.188721,1.055298
0.391968,-0.373535,0.984985
-0.508545,0.054688,0.806885
0.435059,-0.164062,1.078247
-0.057739,-0.350342,0.829224
-0.110718,0.179321,1.050049
0.432129,-0.359985,1.023926
-0.495361,-0.022095,0.783813
0.409180,-0.122803,1.089600
0.012695,-0.407471,0.828857
-0.170776,0.176025,1.024170
0.477295,-0.366211,1.034180
-0.450562,-0.082153,0.799438
0.371216,-0.062134,1.108765
0.082153,-0.387451,0.860352
-0.238037,0.170044,0.994385
0.499756,-0.310669,1.073853
-0.433350,-0.118530,0.787109
0.330200,-0.051636,1.098022
0.091797,-0.385742,0.878540
-0.291870,0.153564,0.964478
0.526611,-0.286987,1.096313
-0.414429,-0.158569,0.777222
0.278931,0.000610,1.103516
0.147949,-0.409424,0.899902
-0.324463,0.130127,0.945190
0.547974,-0.296631,1.105347
-0.380249,-0.166748,0.806030
0.229980,0.041626,1.102905
0.204712,-0.419800,0.921265
-0.360229,0.138550,0.921997
0.559082,-0.285645,1.112793
-0.325684,-0.204468,0.816772
0.169800,0.054565,1.079956
0.230591,-0.423828,0.918945
-0.359497,0.074341,0.878052
0.584106,-0.245483,1.146484
-0.289917,-0.202148,0.829224
0.105469,0.138672,1.084473
0.285400,-0.450806,0.936523
-0.393066,0.046265,0.876221
0.573364,-0.234741,1.150269
-0.253052,-0.243286,0.833984
0.057129,0.208618,1.110718
0.337158,-0.417236,0.971436
-0.450439,0.053101,0.857788
0.575439,-0.244873,1.156006
-0.171631,-0.258179,0.877808
-0.004395,0.232544,1.096802
0.359131,-0.395020,0.975586
-0.450317,0.035278,0.862427
0.556641,-0.222778,1.154907
-0.107788,-0.288086,0.887451
-0.032104,0.243774,1.109863
0.394653,-0.359253,1.002075
-0.461060,0.048584,0.853027
0.527344,-0.186035,1.162476
-0.031860,-0.334961,0.894165
-0.062744,0.214111,1.104858
0.410522,-0.353027,1.010864
-0.463745,0.015259,0.838013
0.503418,-0.169067,1.155762
0.021362,-0.389771,0.896240
-0.122314,0.226807,1.098755
0.442871,-0.335449,1.033813
-0.456055,-0.005737,0.841187
0.485962,-0.149902,1.159180
0.030640,-0.361450,0.904175
-0.150879,0.227905,1.065430
0.473145,-0.281738,1.074585
-0.447754,-0.059448,0.816406
0.444092,-0.101685,1.165283
0.040771,-0.395508,0.889404
-0.189575,0.220947,1.063843
0.508545,-0.275757,1.092041
-0.452148,-0.022827,0.814087
0.392090,-0.051880,1.156128
0.090820,-0.427002,0.920654
-0.245483,0.185425,1.038452
0.535034,-0.271118,1.130737
-0.426025,-0.065552,0.803101
0.341797,0.019897,1.174683
0.134644,-0.405518,0.934937
-0.292847,0.166992,1.019043
0.555664,-0.279053,1.136597
-0.395142,-0.107544,0.809937
0.285767,0.059937,1.163086
0.182129,-0.415771,0.935059
-0.326660,0.155640,0.971069
0.554077,-0.282227,1.121704
-0.355469,-0.161987,0.818237
0.249878,0.068237,1.154297
0.214111,-0.416260,0.932495
-0.365234,0.155151,0.942383
0.569824,-0.255859,1.135132
-0.324829,-0.208740,0.814209
0.185059,0.081909,1.131226
0.267700,-0.427979,0.946411
-0.393311,0.149536,0.923462
0.553467,-0.209106,1.131958
-0.294922,-0.205566,0.824829
0.125977,0.085327,1.113525
0.298096,-0.412109,0.976685
-0.422485,0.102783,0.899780
0.544556,-0.183228,1.144409
-0.253784,-0.229004,0.836304
0.052368,0.124146,1.088623
0.341064,-0.398682,0.986572
-0.434326,0.046997,0.864258
0.529907,-0.153442,1.154419
-0.159302,-0.271240,0.847412
-0.025879,0.149902,1.065796
0.369751,-0.384644,0.989380
-0.450439,0.002441,0.836914
0.533081,-0.149292,1.170044
-0.083252,-0.311401,0.845947
-0.118164,0.198730,1.065186
0.411621,-0.349976,1.012329
-0.461182,-0.041138,0.821533
0.476929,-0.145630,1.148804
-0.046509,-0.339600,0.842773
-0.203979,0.220947,1.033447
0.458496,-0.320557,1.048706
-0.457642,-0.061401,0.803589
0.396362,-0.072144,1.154785
-0.007935,-0.342773,0.857178
-0.276611,0.186401,0.988037
0.486206,-0.290039,1.076294
-0.433716,-0.114380,0.787720
0.313477,-0.044312,1.141235
0.066650,-0.372803,0.879883
-0.355103,0.170898,0.930908
0.515137,-0.276733,1.080688
-0.378784,-0.168091,0.791626
0.203613,0.022705,1.112915
0.167358,-0.414185,0.910278
-0.433105,0.125122,0.889648
0.526123,-0.236084,1.096436
-0.333862,-0.204712,0.782593
0.083618,0.114136,1.081421
0.258789,-0.393921,0.931885
-0.477417,0.040894,0.845581
0.505493,-0.197510,1.118530
-0.195068,-0.297485,0.799561
-0.038574,0.155396,1.051758
0.304565,-0.356934,0.927368
-0.498169,0.008545,0.813110
0.475586,-0.222290,1.097412
-0.132935,-0.345337,0.797119
-0.130859,0.150513,1.016357
0.349487,-0.329956,0.960327
-0.514771,-0.003418,0.779785
0.425049,-0.171997,1.094971
-0.102295,-0.362915,0.806519
-0.237183,0.174194,1.001099
0.397827,-0.313232,0.999390
-0.509521,-0.025269,0.771729
0.343506,-0.091553,1.106201
-0.042358,-0.377563,0.833130
-0.334961,0.159912,0.945801
0.452637,-0.312866,1.030640
-0.468872,-0.089844,0.754272
0.236938,0.008179,1.093506
0.035767,-0.337036,0.860718
-0.405029,0.150146,0.908447
0.467407,-0.312012,1.031128
-0.443848,-0.176758,0.741333
0.149536,0.078491,1.077637
0.098022,-0.376587,0.854370
-0.463989,0.115967,0.860840
0.471313,-0.287476,1.048828
-0.422119,-0.217163,0.737427
0.096680,0.075928,1.060425
0.181274,-0.402588,0.863281
-0.533936,0.167725,0.841431
0.458862,-0.253174,1.034546
-0.318115,-0.283447,0.758057
0.004883,0.078247,1.030884
0.210815,-0.438721,0.863525
-0.531128,0.099731,0.810669
0.473022,-0.210449,1.061279
-0.265991,-0.239990,0.761475
-0.085571,0.143799,1.006470
0.276855,-0.437378,0.886475
-0.558960,0.046143,0.778931
0.439453,-0.189331,1.054932
-0.219727,-0.283691,0.742554
-0.174927,0.186646,0.990967
0.319336,-0.396362,0.912231
-0.559692,-0.008179,0.747681
0.416748,-0.193237,1.060059
-0.172974,-0.324829,0.750854
-0.283936,0.195068,0.936401
0.359741,-0.343262,0.942383
-0.562256,-0.057617,0.724854
0.365601,-0.138306,1.061890
-0.132568,-0.352173,0.761719
-0.331909,0.172119,0.903442
0.394165,-0.367554,0.952026
-0.572021,-0.025513,0.737427
0.284546,-0.091431,1.032837
-0.071167,-0.385132,0.776855
-0.392578,0.174072,0.878662
0.414795,-0.317505,0.985718
-0.544189,-0.040894,0.731812
0.178711,-0.020264,1.027954
-0.015991,-0.406860,0.798584
-0.434082,0.144409,0.867798
0.417236,-0.272339,1.013184
-0.514038,-0.081543,0.710693
0.098999,0.066895,1.002441
0.033813,-0.388794,0.812500
-0.487061,0.126831,0.846436
0.437500,-0.281860,1.006836
-0.460083,-0.143921,0.723633
0.044922,0.145264,1.014526
0.094116,-0.396118,0.812134
-0.537354,0.132935,0.821167
0.438721,-0.273682,1.006958
-0.406860,-0.184570,0.722168
0.012207,0.151245,1.024170
0.144287,-0.397827,0.821777
-0.581787,0.159668,0.807007
0.458496,-0.268433,1.019043
-0.352173,-0.267212,0.712158
-0.052856,0.134766,0.982910
0.213135,-0.407104,0.853516
-0.596191,0.142700,0.796997
0.418701,-0.206177,1.013428
-0.273071,-0.296387,0.716064
-0.112305,0.145996,0.967651
0.248901,-0.394043,0.865234
-0.594727,0.101562,0.770264
0.416138,-0.195557,1.016724
-0.227417,-0.313599,0.720337
-0.198242,0.174561,0.946899
0.305054,-0.369751,0.896118
-0.585693,0.057373,0.748779
0.360352,-0.148804,1.022583
-0.174805,-0.342041,0.728271
-0.260498,0.167114,0.915283
0.354736,-0.339722,0.925293
-0.600952,0.051514,0.725342
0.312256,-0.101440,1.016113
-0.120483,-0.367188,0.745239
-0.343140,0.161621,0.877686
0.385132,-0.340210,0.933472
-0.589600,0.027466,0.707153
0.233398,-0.021851,1.005981
-0.036987,-0.412476,0.765991
-0.418457,0.197876,0.867676
0.397827,-0.284180,0.951172
-0.550781,-0.041870,0.706787
0.147339,0.025635,0.995728
0.026978,-0.420044,0.789185
-0.495361,0.175415,0.843506
0.425293,-0.257568,0.975098
-0.475342,-0.075684,0.730347
0.053589,0.151733,1.020264
0.110718,-0.385376,0.817627
-0.558838,0.142090,0.803833
0.441284,-0.234741,1.006226
-0.387573,-0.169067,0.718750
-0.000488,0.178711,1.015381
0.208618,-0.396362,0.850342
-0.612061,0.150757,0.787354
0.412354,-0.209229,0.995728
-0.257202,-0.266846,0.733032
-0.094604,0.184326,0.978149
0.246338,-0.363892,0.871460
-0.604980,0.119629,0.768799
0.412842,-0.145020,1.028320
-0.192749,-0.294434,0.727417
-0.200562,0.191162,0.933960
0.330811,-0.397339,0.891113
-0.592529,0.072510,0.746948
0.382324,-0.113159,1.028809
-0.146973,-0.339355,0.720459
-0.286865,0.201904,0.899658
0.386475,-0.359985,0.927734
-0.577393,0.024292,0.737793
0.311768,-0.073364,1.015381
-0.082153,-0.358643,0.728027
-0.349487,0.225220,0.873779
0.416626,-0.329712,0.939819
-0.564575,-0.050293,0.721558
0.236084,-0.065552,0.979004
-0.030762,-0.409546,0.755249
-0.414062,0.219238,0.837769
0.432617,-0.278931,0.942993
-0.511353,-0.045410,0.740479
0.151855,0.018555,1.001587
0.029419,-0.409424,0.785889
-0.474487,0.187378,0.813599
0.433716,-0.241089,0.968262
-0.443115,-0.076172,0.761108
0.078979,0.099121,1.024902
0.102661,-0.409302,0.809692
-0.545654,0.180664,0.802490
0.441650,-0.235962,0.976929
-0.336792,-0.162964,0.763184
0.000366,0.176514,1.023560
0.203491,-0.393188,0.855591
-0.599365,0.175781,0.762085
0.428711,-0.167847,1.001953
-0.237549,-0.219482,0.756104
-0.081543,0.190430,0.985840
0.284180,-0.392456,0.885132
-0.602051,0.123901,0.763916
0.414307,-0.144043,1.016724
-0.151123,-0.318481,0.745850
-0.176147,0.211670,0.942749
0.329712,-0.348755,0.910278
-0.598022,0.061890,0.742798
0.378296,-0.154175,1.017212
-0.069702,-0.390137,0.758423
-0.243042,0.201416,0.900269
0.385620,-0.305176,0.926270
-0.578247,0.053711,0.746338
0.293945,-0.115723,0.979614
-0.008423,-0.444092,0.747070
-0.313232,0.166382,0.862061
0.412354,-0.285645,0.933228
-0.532227,0.012817,0.743408
0.193848,0.002319,0.988159
0.053223,-0.450684,0.762939
-0.399536,0.131470,0.830566
0.422852,-0.237305,0.983643
-0.483765,-0.066284,0.727661
0.130981,0.055420,1.005615
0.108643,-0.438232,0.803711
-0.515503,0.125000,0.783447
0.450439,-0.234985,1.002075
-0.376587,-0.140869,0.756836
0.011597,0.182129,1.018188
0.196533,-0.406372,0.842773
-0.550415,0.088745,0.755005
0.441040,-0.224731,1.011963
-0.285400,-0.227173,0.752930
-0.050171,0.170288,0.997437
0.248779,-0.381470,0.866089
-0.569946,0.081543,0.740845
0.439209,-0.193237,1.027100
-0.169067,-0.272583,0.781128
-0.147339,0.194458,0.960693
0.299072,-0.371094,0.881348
-0.582275,0.038574,0.742432
0.419434,-0.202759,1.023315
-0.073975,-0.374634,0.784180
-0.220093,0.200928,0.929199
0.365723,-0.314697,0.922729
-0.568237,0.052368,0.749878
0.332153,-0.180054,0.981689
-0.002075,-0.422241,0.817261
-0.254883,0.122803,0.885376
0.400513,-0.287354,0.963623
-0.563965,0.028931,0.728149
0.263062,-0.054565,0.988159
0.028687,-0.432861,0.763794
-0.339111,0.122925,0.856445
0.464600,-0.347900,0.974487
-0.527100,-0.004883,0.739990
0.162964,0.050537,0.992920
0.084717,-0.470947,0.778076
-0.390991,0.066895,0.811401
0.447144,-0.259644,1.003052
-0.452271,-0.123047,0.742310
0.112671,0.055786,1.001953
0.136597,-0.483887,0.787598
-0.461914,0.105957,0.790039
0.463135,-0.263428,0.995728
-0.396851,-0.153687,0.747437
0.025269,0.094482,1.000488
0.213257,-0.500366,0.819824
-0.503052,0.067017,0.776489
0.476562,-0.251587,1.024414
-0.310181,-0.187134,0.775146
-0.057129,0.172974,1.008911
0.264038,-0.468140,0.871948
-0.540649,0.037598,0.745728
0.460938,-0.225098,1.041138
-0.207397,-0.265381,0.782715
-0.132935,0.228638,1.008911
0.333740,-0.423828,0.914673
-0.527222,-0.007935,0.766113
0.399780,-0.181519,1.037231
-0.088745,-0.334961,0.794312
-0.182861,0.213501,0.982422
0.367188,-0.357788,0.936523
-0.533203,-0.013550,0.757935
0.352173,-0.160278,1.027954
0.010010,-0.450562,0.805298
-0.212891,0.136230,0.936768
0.396240,-0.329346,0.960938
-0.514893,0.008667,0.759888
0.279907,-0.098145,1.008789
0.064941,-0.452881,0.814209
-0.297852,0.073242,0.885132
0.447510,-0.302002,1.001953
-0.469849,-0.070068,0.744629
0.216431,0.047241,1.053589
0.094604,-0.380615,0.832031
-0.370483,0.088257,0.876099
0.479980,-0.380981,1.003052
-0.451172,-0.176636,0.733032
0.144531,0.052612,1.035522
0.172852,-0.460938,0.837891
-0.432983,0.131592,0.838379
0.501099,-0.308838,1.021606
-0.351929,-0.182373,0.777588
0.056396,0.092285,1.025635
0.223145,-0.477173,0.857300
-0.453369,0.051758,0.792236
0.496704,-0.262329,1.036377
-0.300293,-0.197510,0.795288
-0.003662,0.128784,1.026978
0.294067,-0.497681,0.887329
-0.489380,0.014526,0.762939
0.467773,-0.189941,1.067749
-0.215820,-0.223145,0.813354
-0.062012,0.193115,1.046021
0.348145,-0.457031,0.937988
-0.522095,0.012329,0.778442
0.447266,-0.171265,1.073120
-0.122314,-0.292114,0.819824
-0.116821,0.222778,1.044312
0.399414,-0.397217,0.974365
-0.502075,-0.008301,0.785156
0.420532,-0.154907,1.077393
-0.000488,-0.392456,0.839355
-0.159424,0.182251,1.011719
0.426880,-0.344604,1.000244
-0.505493,0.010864,0.781006
0.380737,-0.144165,1.063599
0.073608,-0.435791,0.870117
-0.226929,0.148071,0.981201
0.481689,-0.345581,1.035034
-0.481689,-0.031128,0.765015
0.295044,-0.041748,1.047607
0.115601,-0.444336,0.871948
-0.282104,0.159058,0.970093
0.499878,-0.306519,1.062866
-0.427612,-0.109375,0.771118
0.257690,0.032593,1.082642
0.127319,-0.404053,0.871460
-0.310303,0.146240,0.955933
0.527466,-0.304077,1.091309
-0.403320,-0.187134,0.764282
0.213989,0.032959,1.078247
0.186646,-0.409546,0.900146
-0.352417,0.139893,0.919800
0.536987,-0.278931,1.090942
-0.332275,-0.196533,0.811401
0.129517,0.068604,1.065186
0.256958,-0.447144,0.921631
-0.496338,0.018066,0.781616
0.465942,-0.188477,1.068604
-0.265381,-0.213379,0.830322
-0.126953,0.208496,1.024170
0.371216,-0.427002,0.932983
-0.515991,0.011841,0.778809
0.431519,-0.172729,1.078613
-0.023438,-0.358032,0.848755
-0.196411,0.210449,0.993530
0.403076,-0.383057,0.961304
-0.489380,-0.027954,0.774902
0.370361,-0.124023,1.073608
0.067749,-0.454834,0.840210
-0.240601,0.158325,0.972900
0.454712,-0.348145,1.011108
-0.481201,-0.085083,0.758789
0.294189,-0.079224,1.046753
0.108521,-0.437256,0.851807
-0.293335,0.158447,0.950928
0.481567,-0.298706,1.048462
-0.435425,-0.124756,0.777100
0.241577,-0.033081,1.056396
0.136475,-0.418579,0.859253
-0.352661,0.137207,0.906738
0.532471,-0.273560,1.088745
-0.378052,-0.175903,0.785156
0.140137,0.047119,1.040894
0.220947,-0.482666,0.864380
-0.371216,0.080688,0.870117
0.547241,-0.266846,1.101562
-0.350586,-0.183716,0.778442
0.094360,0.107910,1.055298
0.291138,-0.501343,0.907959
-0.416138,0.032593,0.837280
0.522949,-0.220337,1.110596
-0.274780,-0.216309,0.808716
0.040649,0.159424,1.066772
0.339111,-0.462280,0.943848
-0.439209,0.040527,0.822754
0.512207,-0.172974,1.125610
-0.207397,-0.238647,0.833374
-0.021484,0.198975,1.073486
0.356201,-0.429688,0.953979
-0.446899,0.003296,0.832642
0.528809,-0.199951,1.141724
-0.150879,-0.276123,0.848755
-0.078003,0.233032,1.062256
0.412598,-0.387573,0.996460
-0.459106,0.001343,0.821777
0.495972,-0.159790,1.158081
-0.058472,-0.314575,0.878174
-0.113403,0.234741,1.073120
0.439941,-0.366943,1.010742
-0.463013,0.001709,0.824219
0.464478,-0.158081,1.135376
0.032837,-0.374878,0.897461
-0.159546,0.217896,1.053345
0.461548,-0.328491,1.044312
-0.447754,-0.038574,0.811890
0.419678,-0.094727,1.146851
0.078491,-0.383423,0.903320
-0.208496,0.204224,1.042969
0.490723,-0.303711,1.067261
-0.415771,-0.085815,0.821777
0.369873,-0.046265,1.136597
0.091309,-0.384888,0.909180
-0.235229,0.184448,1.018555
0.528809,-0.251953,1.115723
-0.386108,-0.121338,0.822754
0.311279,0.000366,1.132690
0.155151,-0.403442,0.930908
-0.310059,0.160034,0.972046
0.566772,-0.263306,1.137817
-0.330444,-0.153931,0.828979
0.222900,0.077759,1.123779
0.238403,-0.424438,0.942993
-0.348389,0.093872,0.909302
0.566650,-0.213257,1.148682
-0.284180,-0.193115,0.827148
0.143188,0.132080,1.118164
0.322021,-0.449829,0.965820
-0.410889,0.075195,0.875000
0.554810,-0.203247,1.138916
-0.210083,-0.229492,0.847534
0.048218,0.192139,1.114868
0.381592,-0.399048,1.006226
-0.436035,0.042236,0.859497
0.536743,-0.154419,1.171143
-0.129761,-0.264771,0.872070
-0.020142,0.198608,1.098877
0.415649,-0.347778,1.031494
-0.440552,-0.006104,0.854248
0.501831,-0.122192,1.172729
-0.005859,-0.339844,0.882935
-0.110962,0.208374,1.074707
0.466064,-0.317749,1.069336
-0.432129,-0.052979,0.838989
0.445923,-0.091309,1.161987
-0.000488,-0.356567,0.880371
-0.183716,0.196533,1.042725
0.504272,-0.281372,1.094849
-0.426392,-0.076782,0.823364
0.397705,-0.064941,1.171143
0.072510,-0.376587,0.902466
-0.249878,0.175049,1.000977
0.548584,-0.265747,1.130981
-0.378052,-0.115479,0.822021
0.291992,0.019897,1.159424
0.152466,-0.407471,0.931519
-0.324463,0.134155,0.958740
0.562988,-0.251953,1.145020
-0.318604,-0.178955,0.827637
0.209717,0.106689,1.151855
0.229492,-0.448608,0.924316
-0.396851,0.105103,0.898560
0.568848,-0.236450,1.138916
-0.274902,-0.223877,0.830078
0.118164,0.152710,1.125122
0.314087,-0.430298,0.950195
-0.447510,0.097290,0.867920
0.533203,-0.197754,1.139526
-0.224731,-0.280396,0.827148
0.059082,0.138306,1.102539
0.348511,-0.390625,0.984009
-0.480591,0.063721,0.849731
0.515625,-0.154297,1.148560
-0.096191,-0.329712,0.855957
-0.023560,0.159424,1.079346
0.367554,-0.368164,0.983154
-0.456299,-0.016235,0.839111
0.507568,-0.156250,1.157104
-0.086304,-0.330322,0.834351
-0.104614,0.189575,1.065796
0.403564,-0.332764,1.003174
-0.462891,-0.036499,0.817505
0.464844,-0.122681,1.157471
-0.069458,-0.350586,0.828491
-0.187378,0.187134,1.021851
0.448120,-0.315796,1.037842
-0.468506,-0.076538,0.795410
0.409180,-0.119141,1.140381
-0.041870,-0.331055,0.858643
-0.252197,0.201660,1.009277
0.494019,-0.299927,1.074585
-0.445312,-0.096802,0.794189
0.326538,-0.041504,1.135620
0.018433,-0.371094,0.847534
-0.303223,0.143066,0.946045
0.498901,-0.285156,1.074829
-0.412109,-0.133667,0.788818
0.243286,0.014038,1.119019
0.117798,-0.398071,0.898804
-0.388794,0.124268,0.891479
0.499268,-0.239868,1.086548
-0.384033,-0.154907,0.775513
0.161987,0.077148,1.104492
0.178589,-0.425659,0.888062
-0.455200,0.108521,0.887329
0.515015,-0.240723,1.098389
-0.323730,-0.222900,0.781372
0.050171,0.166870,1.081177
0.231079,-0.406006,0.901123
-0.481079,0.063232,0.835815
0.513794,-0.264893,1.076782
-0.240845,-0.287598,0.805298
-0.016357,0.156250,1.059082
0.239136,-0.361084,0.892212
-0.490845,0.034180,0.799438
0.512695,-0.235840,1.095825
-0.190308,-0.315430,0.802612
-0.090332,0.118896,0.996948
0.291382,-0.352905,0.922363
-0.518311,0.003906,0.766357
0.461304,-0.204712,1.086548
-0.168945,-0.343994,0.784668
-0.147339,0.140625,0.998169
0.345703,-0.343506,0.951294
-0.547729,0.003174,0.749634
0.407593,-0.167969,1.083008
-0.133179,-0.365723,0.779785
-0.227295,0.167236,0.981934
0.384033,-0.331909,0.977295
-0.547974,-0.005005,0.753540
0.348267,-0.086060,1.094849
-0.097656,-0.361450,0.793701
-0.306763,0.156738,0.953369
0.418823,-0.363403,0.976196
-0.527588,-0.000366,0.756104
0.263794,0.014160,1.081787
-0.055176,-0.316406,0.826782
-0.360596,0.130005,0.921143
0.448364,-0.364136,1.008667
-0.508057,-0.088745,0.731445
0.203247,0.053833,1.069824
0.001343,-0.335938,0.809570
-0.435547,0.159302,0.893921
0.452881,-0.329834,1.014893
-0.481445,-0.131836,0.724243
0.151978,0.067261,1.055298
0.071289,-0.384155,0.834106
-0.487305,0.172119,0.859497
-0.451538,-0.161499,0.743408
0.092285,0.063110,1.038940
0.122437,-0.391113,0.848022
-0.541138,0.159912,0.832764
0.435303,-0.257202,1.015015
-0.380493,-0.238037,0.725098
0.016113,0.108276,1.028442
0.189819,-0.398315,0.859375
-0.564575,0.132202,0.816772
0.439087,-0.223755,1.023926
-0.305908,-0.268799,0.734375
-0.076294,0.149170,0.996216
0.250610,-0.413452,0.886719
-0.576782,0.038574,0.766357
0.425781,-0.195190,1.046875
-0.232300,-0.331665,0.715210
-0.180542,0.184082,0.968506
0.303589,-0.363281,0.906860
-0.597046,0.033569,0.746216
0.378906,-0.187866,1.026001
-0.176514,-0.386353,0.712891
-0.253906,0.168579,0.937012
0.327637,-0.329590,0.927246
-0.599609,0.039795,0.735107
0.354248,-0.169678,1.021362
-0.130737,-0.346069,0.752441
-0.320068,0.172607,0.908447
0.360107,-0.340942,0.931152
-0.593018,-0.035034,0.709106
0.281738,-0.114502,1.007812
-0.077271,-0.391357,0.760376
-0.380371,0.205444,0.895264
0.397339,-0.301270,0.958008
-0.581421,-0.037354,0.685181
0.200439,-0.028198,1.015625
-0.033569,-0.415527,0.767578
-0.441650,0.191650,0.873657
0.410034,-0.260986,0.983643
-0.535400,-0.063477,0.711914
0.104492,0.071167,1.016724
0.034668,-0.417969,0.799805
-0.502930,0.166870,0.858032
0.433594,-0.275024,0.998169
-0.458374,-0.082153,0.740845
0.030273,0.146606,0.999878
0.115356,-0.373413,0.823975
-0.556396,0.145874,0.811279
0.446167,-0.268433,1.018555
-0.378906,-0.189941,0.726685
-0.011230,0.181274,1.010620
0.161499,-0.395752,0.819702
-0.593994,0.158325,0.796143
0.438965,-0.253296,1.002808
-0.319702,-0.259399,0.722168
-0.054077,0.172241,0.995483
0.198364,-0.369629,0.846436
-0.614136,0.129761,0.776123
0.443115,-0.235718,1.020630
-0.255493,-0.299805,0.716064
-0.113525,0.190674,0.973022
0.249756,-0.361938,0.868896
-0.625610,0.112549,0.749634
0.424805,-0.215820,1.022705
-0.204224,-0.345459,0.721802
-0.163330,0.179688,0.946777
0.298340,-0.360229,0.887207
-0.625977,0.134155,0.760864
0.397949,-0.166748,1.016113
0.331665,-0.350952,0.907349
-0.614868,0.078613,0.731445
0.361084,-0.148804,1.010010
-0.118530,-0.391846,0.721191
-0.259644,0.196533,0.902954
0.362427,-0.326172,0.919922
-0.602783,0.076294,0.731812
0.315308,-0.111206,1.000610
-0.084717,-0.407837,0.732910
-0.315796,0.206787,0.901123
0.385620,-0.314819,0.925781
-0.586060,0.055054,0.727539
0.261108,-0.042969,0.999756
-0.046509,-0.400024,0.750610
-0.373413,0.180054,0.870239
0.406860,-0.302734,0.953247
-0.558105,0.019287,0.718262
0.196899,0.018677,0.996582
0.007568,-0.409668,0.755737
-0.437866,0.192383,0.848877
0.430786,-0.287109,0.963623
-0.506470,-0.042725,0.738403
0.135376,0.072998,1.007690
0.054443,-0.383545,0.795288
-0.508301,0.202271,0.830688
0.449341,-0.261963,0.984009
-0.459961,-0.100952,0.738403
0.089722,0.095459,1.007324
0.118164,-0.392212,0.820068
-0.542847,0.209473,0.810547
0.446899,-0.216431,0.988770
-0.363892,-0.135376,0.762695
0.013184,0.159058,1.010864
0.164917,-0.409180,0.824219
-0.561279,0.151855,0.778320
0.440186,-0.192139,1.008179
-0.307129,-0.185913,0.758667
-0.041504,0.187622,0.995483
0.242798,-0.393677,0.863037
-0.587036,0.122559,0.766235
0.427856,-0.181641,1.010010
-0.229126,-0.261841,0.743042
-0.099731,0.198975,0.975464
0.294312,-0.369995,0.895020
-0.591797,0.108276,0.761841
0.424194,-0.161865,1.026489
-0.144409,-0.334473,0.764771
-0.192749,0.211670,0.935181
0.328857,-0.381226,0.898438
-0.580688,0.089111,0.760254
0.384521,-0.121948,1.015137
-0.082642,-0.347412,0.750366
-0.247925,0.214722,0.906982
0.360229,-0.359253,0.913696
-0.560059,0.005249,0.744019
0.346436,-0.099976,1.023438
-0.050293,-0.385010,0.751099
-0.320068,0.208252,0.866821
0.409424,-0.349976,0.930786
-0.536499,-0.043823,0.739136
0.258911,-0.064331,0.991577
0.008789,-0.423218,0.759521
-0.365234,0.178711,0.841675
0.422607,-0.286255,0.944092
-0.498413,-0.063721,0.745117
0.180054,-0.015869,1.007080
0.050415,-0.435547,0.768921
-0.434082,0.182129,0.827393
0.448486,-0.260742,0.971191
-0.441040,-0.090820,0.771973
0.072754,0.057983,0.992310
0.116943,-0.445435,0.807007
-0.500000,0.136108,0.788452
0.464478,-0.207520,1.010986
-0.358154,-0.134521,0.769165
-0.018555,0.144897,1.003174
0.209229,-0.462524,0.835449
-0.541626,0.076782,0.751099
0.455688,-0.181274,1.027954
-0.256836,-0.209839,0.760742
-0.108154,0.214966,0.990356
0.304321,-0.427734,0.874268
-0.575073,0.056396,0.745728
0.419067,-0.204590,1.010132
-0.124634,-0.308960,0.780518
-0.172485,0.198364,0.945068
0.354980,-0.358887,0.911987
-0.569580,0.067871,0.756958
0.355469,-0.137817,1.000122
-0.009399,-0.398560,0.806763
-0.245972,0.154541,0.897949
0.368774,-0.310425,0.951050
-0.545776,0.006714,0.752686
0.297485,-0.111816,0.990723
0.024292,-0.434570,0.788330
-0.326782,0.138916,0.872803
0.436279,-0.301514,0.968872
-0.515503,0.002319,0.745605
0.192505,0.005981,0.999634
0.079346,-0.446045,0.786499
-0.372437,0.096191,0.841675
0.456665,-0.318848,0.980469
-0.480469,-0.077271,0.738037
0.135742,0.081665,1.024170
0.113647,-0.420410,0.809082
-0.450439,0.085815,0.800171
0.468262,-0.302979,1.003296
-0.405151,-0.173828,0.736816
0.076660,0.145142,1.041016
0.156006,-0.377563,0.839722
-0.504883,0.080322,0.767822
0.496338,-0.346313,1.000488
-0.366577,-0.194946,0.765869
0.018066,0.151123,1.023682
0.229492,-0.419434,0.863403
-0.529785,0.063477,0.754272
0.477173,-0.298462,1.021484
-0.276611,-0.275879,0.771118
-0.054321,0.155884,1.004150
0.275879,-0.429810,0.876099
-0.537598,0.053101,0.739746
0.448364,-0.231445,1.031860
-0.211182,-0.259033,0.809326
-0.098999,0.166748,1.000610
0.313110,-0.441406,0.900146
-0.531494,0.036743,0.749268
0.437866,-0.175903,1.040527
-0.160522,-0.239868,0.818115
-0.134766,0.186157,1.004517
0.362549,-0.447388,0.927856
-0.540771,0.023315,0.757568
0.401978,-0.143066,1.044678
-0.075684,-0.334106,0.812744
-0.201904,0.189819,0.971680
0.390747,-0.410156,0.949707
-0.496094,-0.045898,0.761475
0.363647,-0.089722,1.062744
-0.011475,-0.364502,0.819214
-0.263672,0.185181,0.945557
0.437622,-0.415649,0.966187
-0.471558,-0.122803,0.753418
0.322510,-0.067139,1.060181
0.058716,-0.400024,0.816772
-0.312500,0.196777,0.923584
0.461426,-0.360352,0.997803
-0.447021,-0.161865,0.764038
0.264282,-0.068970,1.047485
0.090454,-0.418823,0.826782
-0.345947,0.140137,0.880737
0.481689,-0.295410,1.023438
-0.411865,-0.162476,0.770264
0.175415,-0.002319,1.041748
0.167358,-0.460571,0.853027
-0.414307,0.098022,0.840088
0.519287,-0.272461,1.057373
-0.362549,-0.174805,0.775635
0.083618,0.070557,1.041748
0.260986,-0.494751,0.883179
-0.463257,0.054321,0.791992
0.495728,-0.222900,1.069580
-0.255371,-0.229370,0.807983
-0.012817,0.152588,1.046631
0.344116,-0.486328,0.923950
-0.494873,0.025757,0.790894
0.474121,-0.181519,1.089844
-0.144897,-0.264160,0.833252
-0.100464,0.216309,1.047485
0.396362,-0.431763,0.970215
-0.480347,-0.012939,0.801880
0.441284,-0.147705,1.096558
-0.045532,-0.301270,0.863281
-0.158813,0.200928,1.018677
0.435669,-0.387207,1.000488
-0.460083,-0.067383,0.791016
0.392334,-0.104492,1.103394
0.050049,-0.382202,0.866333
-0.221191,0.185669,0.991577
0.465332,-0.335449,1.033447
-0.427124,-0.110474,0.787476
0.343140,-0.067627,1.101074
0.084229,-0.413574,0.855835
-0.262695,0.172729,0.979004
0.495972,-0.281860,1.073975
-0.414307,-0.116455,0.802002
0.303833,-0.039307,1.103149
0.125854,-0.440186,0.880859
-0.322388,0.144287,0.940796
0.544800,-0.274536,1.098511
-0.383545,-0.139771,0.788452
0.215698,0.041382,1.088867
0.213379,-0.450073,0.909180
-0.354370,0.090576,0.901611
0.548950,-0.244995,1.119141
-0.331909,-0.187744,0.807129
0.152588,0.081299,1.083740
0.269775,-0.451294,0.935913
-0.395996,0.070801,0.869263
0.562256,-0.238892,1.124023
-0.258179,-0.203247,0.848022
0.076294,0.163818,1.085938
0.316406,-0.452148,0.945312
-0.417725,0.030518,0.848755
0.556274,-0.214722,1.151978
-0.214966,-0.235229,0.853027
0.009155,0.206665,1.092407
0.374878,-0.426880,0.978027
-0.431030,0.024414,0.847046
0.531860,-0.176758,1.150635
-0.141724,-0.260864,0.872559
-0.041626,0.223511,1.085205
0.411621,-0.397827,1.005127
0.516235,-0.151245,1.162476
-0.423340,-0.038696,0.843140
0.483276,-0.127686,1.168457
-0.004517,-0.329956,0.893066
-0.139404,0.227417,1.074463
0.478394,-0.350098,1.055054
-0.419556,-0.080078,0.833984
0.447021,-0.087280,1.178101
0.031006,-0.344482,0.896606
-0.182617,0.232910,1.057007
0.505737,-0.308716,1.078735
-0.408203,-0.097900,0.828613
0.402100,-0.056274,1.165771
0.061279,-0.335205,0.908569
-0.244507,0.210205,1.028076
0.548706,-0.272949,1.129883
-0.390991,-0.145996,0.815186
0.328369,-0.001465,1.163208
0.151611,-0.394287,0.925903
-0.310425,0.176514,0.966431
0.560303,-0.244507,1.135986
-0.341309,-0.169434,0.826660
0.239014,0.029541,1.134888
0.221924,-0.413940,0.954224
-0.348511,0.115234,0.919434
0.557861,-0.220093,1.141846
-0.279175,-0.197144,0.843872
0.125122,0.111816,1.112793
0.326172,-0.424072,0.988281
-0.410156,0.083008,0.882690
0.537720,-0.175415,1.152710
-0.212158,-0.236938,0.854004
0.042480,0.153931,1.101318
0.382080,-0.388062,1.007935
-0.438965,0.033569,0.857666
0.524536,-0.136841,1.167114
-0.085571,-0.305420,0.867798
-0.071045,0.203979,1.096313
0.430176,-0.362305,1.026489
-0.441895,-0.029541,0.845337
0.486328,-0.119751,1.173218
-0.017944,-0.324829,0.864746
-0.172607,0.218140,1.059692
0.475952,-0.298340,1.074951
-0.452637,-0.067749,0.815918
0.416626,-0.102539,1.162598
0.040649,-0.355835,0.892944
-0.277588,0.231323,1.009644
0.512451,-0.272217,1.089355
-0.402222,-0.115601,0.813843
0.307251,-0.040405,1.136108
0.147461,-0.395752,0.926758
-0.345459,0.159546,0.936646
0.536011,-0.231567,1.118408
-0.327026,-0.182251,0.811157
0.165649,0.071289,1.115234
0.243408,-0.428589,0.936768
-0.416626,0.083374,0.894043
0.547852,-0.196533,1.143677
-0.263428,-0.237183,0.810059
0.037720,0.151367,1.087891
0.322754,-0.396484,0.957520
-0.445801,0.034912,0.856201
0.528320,-0.195557,1.141357
-0.133545,-0.325928,0.832886
-0.057861,0.147217,1.044434
0.352051,-0.342651,0.980835
-0.475708,-0.021729,0.806641
0.508911,-0.146118,1.173584
-0.095581,-0.353149,0.803589
-0.146729,0.173096,1.043335
0.408936,-0.349976,1.000488
-0.489380,-0.021973,0.799805
0.421265,-0.102905,1.135254
-0.052002,-0.338257,0.842285
-0.229858,0.175293,1.009888
0.455566,-0.308350,1.044067
-0.485474,-0.047119,0.776978
0.338379,-0.039917,1.124390
0.007690,-0.350220,0.850342
-0.304810,0.162842,0.973145
0.483521,-0.290039,1.066284
-0.440063,-0.131592,0.762939
0.255859,0.007446,1.108765
0.073730,-0.379761,0.862793
-0.385376,0.145508,0.911255
0.506348,-0.289551,1.079834
-0.410767,-0.186523,0.758057
0.159668,0.069580,1.090942
0.144653,-0.400513,0.870850
-0.442871,0.133301,0.887207
0.498413,-0.284180,1.079834
-0.384521,-0.216064,0.768921
0.094727,0.067505,1.060425
0.203491,-0.389526,0.907593
-0.487671,0.108276,0.842285
0.499512,-0.252563,1.091797
-0.312988,-0.242432,0.780518
0.007935,0.076416,1.026245
0.259155,-0.405151,0.899536
-0.506226,0.097534,0.836426
0.478027,-0.197510,1.086304
-0.235107,-0.246216,0.795532
-0.076172,0.108521,1.008423
0.297852,-0.409424,0.920044
-0.506470,-0.006836,0.788086
0.458618,-0.163086,1.099487
-0.202637,-0.286255,0.742432
-0.172852,0.169189,0.992065
0.377930,-0.398071,0.947754
-0.532104,-0.024536,0.775269
0.391235,-0.143677,1.072144
-0.158203,-0.315430,0.754517
-0.273804,0.206421,0.958130
0.402832,-0.332886,0.985474
-0.539795,-0.070923,0.742554
0.342407,-0.133545,1.066772
-0.104736,-0.332642,0.779785
-0.354370,0.189453,0.916382
0.442749,-0.334595,0.993042
-0.521484,-0.070190,0.740356
0.235840,-0.052490,1.060791
-0.002930,-0.394531,0.811523
-0.450806,0.198364,0.890991
0.458496,-0.304565,1.014404
-0.481079,-0.116821,0.746338
0.100220,0.041382,1.027588
0.098755,-0.416504,0.835571
-0.501587,0.125000,0.829834
0.450928,-0.236206,1.033813
-0.366089,-0.175415,0.766968
-0.009766,0.118164,1.019043
0.193726,-0.407715,0.861450
-0.546753,0.053833,0.788452
0.429688,-0.225708,1.026855
-0.276978,-0.288208,0.727051
-0.101685,0.137207,0.973877
0.278198,-0.382446,0.891479
-0.574951,0.037964,0.759644
0.399658,-0.174683,1.045532
-0.204224,-0.368164,0.702148
-0.233154,0.178955,0.950317
0.341064,-0.393677,0.919067
-0.573608,-0.016113,0.741455
0.360229,-0.132202,1.046875
-0.155029,-0.338989,0.731812
-0.333984,0.200806,0.902222
0.384888,-0.365479,0.951416
-0.571289,-0.078369,0.713745
0.280029,-0.104614,1.035278
-0.083374,-0.388306,0.746582
-0.426147,0.231567,0.874390
0.408203,-0.294189,0.974487
-0.519409,-0.104736,0.714233
0.172363,-0.020752,1.027710
0.001709,-0.431641,0.784180
-0.499512,0.201050,0.855347
0.423828,-0.279663,0.986328
-0.487427,-0.099121,0.732910
0.073975,0.084595,1.016357
0.093750,-0.415161,0.821655
-0.538086,0.152344,0.832520
0.433960,-0.228882,1.015991
-0.396118,-0.171631,0.730469
-0.012817,0.149780,1.004272
0.173950,-0.423828,0.837280
-0.591431,0.126587,0.781250
0.430908,-0.216553,1.023315
-0.297119,-0.232788,0.737915
-0.099121,0.175415,0.969482
0.233398,-0.386597,0.868164
-0.594116,0.083130,0.762817
0.411621,-0.206543,1.026367
-0.233521,-0.341187,0.701538
-0.178101,0.175659,0.947510
0.304565,-0.366577,0.888672
-0.612915,0.090942,0.748779
0.382690,-0.180786,1.030762
-0.170044,-0.362061,0.733032
-0.248535,0.152100,0.912231
0.404907,-0.340942,0.973999
-0.559570,-0.050903,0.700073
0.227173,-0.001709,1.038086
-0.101440,-0.399048,0.729858
-0.446655,0.184204,0.888916
0.422974,-0.333740,0.981567
-0.523682,-0.100098,0.703491
0.133179,0.050659,1.022705
0.038818,-0.401978,0.803711
-0.503418,0.180664,0.840820
0.427979,-0.266357,0.999512
-0.462280,-0.140503,0.733765
0.076782,0.050049,1.024536
0.096680,-0.411499,0.822510
-0.550903,0.155640,0.812500
0.436279,-0.247070,1.006592
-0.403198,-0.184082,0.718750
0.002808,0.127686,1.019653
0.186768,-0.453369,0.849731
-0.587524,0.129395,0.795654
0.429321,-0.217651,1.013184
-0.310669,-0.222046,0.729248
-0.077271,0.164551,0.994873
0.229492,-0.392822,0.877197
-0.599243,0.080933,0.770142
0.417236,-0.197998,1.022217
-0.242310,-0.327759,0.700317
-0.169067,0.186523,0.963989
0.291016,-0.352783,0.898804
-0.605347,0.063354,0.757690
0.382812,-0.177002,1.028687
-0.184692,-0.381104,0.702148
-0.248413,0.171143,0.915894
0.345337,-0.339478,0.914795
-0.615723,0.054321,0.720215
0.326416,-0.117798,1.028687
-0.112427,-0.378540,0.740234
-0.326538,0.182739,0.901123
0.379883,-0.331055,0.934814
-0.570557,0.017456,0.720093
0.223633,-0.017578,1.004395
-0.058716,-0.395386,0.753296
-0.420288,0.190796,0.876099
0.403809,-0.309448,0.953247
-0.535645,-0.073486,0.694580
0.129395,0.078613,1.002441
0.017822,-0.376099,0.784180
-0.508423,0.212280,0.861938
0.434937,-0.282593,0.986206
-0.446289,-0.142578,0.727539
0.042969,0.130493,0.998901
0.092285,-0.368530,0.806152
-0.573486,0.159546,0.804321
0.453369,-0.243042,1.022095
-0.339355,-0.223267,0.729126
-0.024658,0.155273,0.994751
0.194458,-0.384888,0.838257
-0.621704,0.195435,0.774658
0.438599,-0.265137,0.983521
-0.237427,-0.315186,0.732788
-0.084229,0.123047,0.970215
0.241089,-0.348999,0.873047
-0.628540,0.171387,0.736938
0.411377,-0.171143,1.000244
-0.163696,-0.325806,0.743408
-0.169312,0.171143,0.960815
0.283569,-0.370361,0.892822
-0.604370,0.096802,0.742310
0.395874,-0.124634,1.011841
-0.153320,-0.318970,0.729248
-0.246094,0.208252,0.926147
0.361694,-0.376587,0.915161
-0.598877,0.026733,0.717773
0.343506,-0.088257,1.020020
-0.095093,-0.376465,0.708862
-0.309448,0.233887,0.897461
0.396606,-0.344360,0.917480
-0.573242,0.005249,0.724121
0.283691,-0.076538,0.990601
-0.044800,-0.384644,0.752075
-0.377441,0.205933,0.853882
0.414429,-0.282959,0.941528
-0.527710,-0.051758,0.709717
0.189575,-0.003052,0.998535
0.016479,-0.427368,0.767700
-0.439453,0.166382,0.829468
0.420898,-0.233032,0.969727
-0.463867,-0.077271,0.748779
0.084229,0.129028,1.025269
0.096924,-0.411011,0.800171
-0.522095,0.162964,0.818848
0.432617,-0.238159,0.984497
-0.379517,-0.131348,0.754517
0.011230,0.178467,1.008545
0.181030,-0.393066,0.839600
-0.572266,0.146484,0.782837
0.449463,-0.190918,1.022461
-0.259644,-0.221802,0.756836
-0.086548,0.213623,0.983154
0.272949,-0.381470,0.878784
-0.608032,0.133179,0.761475
0.415771,-0.170410,1.021729
-0.156372,-0.328369,0.739502
-0.140747,0.184448,0.950195
0.314697,-0.319580,0.912109
-0.605713,0.117676,0.744873
0.394531,-0.167725,1.014526
-0.072510,-0.379272,0.767578
-0.229370,0.171387,0.900269
0.358521,-0.311768,0.917969
-0.575195,0.101807,0.746094
0.321533,-0.076172,0.987427
-0.010254,-0.384888,0.782593
-0.327759,0.159302,0.868408
0.399048,-0.325195,0.939331
-0.538940,-0.000854,0.721802
0.242798,0.020264,1.002930
0.014526,-0.394531,0.755859
-0.398071,0.160278,0.846069
0.444336,-0.333984,0.951294
-0.507812,-0.041260,0.746216
0.174805,0.047363,1.021851
0.079956,-0.413696,0.792358
-0.475586,0.158813,0.791016
0.456421,-0.263550,0.993896
-0.439087,-0.120850,0.743774
0.092407,0.081665,1.016113
0.126953,-0.420044,0.810181
-0.517334,0.166992,0.784424
0.453125,-0.237793,0.992920
-0.347168,-0.138550,0.777954
-0.003906,0.118042,0.988281
0.191040,-0.448364,0.827637
-0.551270,0.097290,0.755005
0.463501,-0.191528,1.025513
-0.268188,-0.182007,0.762207
-0.092529,0.195435,0.991333
0.283325,-0.448853,0.867676
-0.569336,0.071655,0.744751
0.422119,-0.186890,1.014771
-0.161743,-0.257812,0.792236
-0.147827,0.192627,0.971069
0.336426,-0.414185,0.903687
-0.577515,0.074707,0.747070
0.367188,-0.124634,1.011597
-0.065918,-0.342651,0.786133
-0.201904,0.175903,0.950439
0.381226,-0.394043,0.930908
-0.568115,0.011719,0.727783
0.302490,-0.091919,0.986938
0.002319,-0.403320,0.772705
-0.280396,0.138428,0.880127
0.430420,-0.371216,0.951538
-0.532104,-0.036621,0.741333
0.224121,-0.041260,0.977539
0.059692,-0.466919,0.772705
-0.365845,0.150391,0.844482
0.461060,-0.353027,0.966431
-0.471680,-0.092773,0.763550
0.135620,0.050903,1.000244
0.087280,-0.440674,0.775269
-0.418457,0.119507,0.815552
0.467041,-0.310303,0.989990
-0.409424,-0.177734,0.752686
0.061890,0.066895,1.007690
0.184326,-0.466797,0.813965
-0.513794,0.112305,0.765015
0.476807,-0.267456,1.005249
-0.302734,-0.174316,0.796631
-0.059448,0.151855,1.005737
0.269043,-0.466064,0.860840
-0.532349,0.032349,0.736450
0.436035,-0.219482,1.017456
-0.175659,-0.224121,0.809692
-0.157593,0.190308,0.975220
0.340332,-0.425171,0.915283
-0.541138,0.004883,0.751953
0.393921,-0.177979,1.032715
-0.036743,-0.363525,0.813354
-0.234863,0.179321,0.941284
0.395508,-0.371338,0.950317
-0.505127,-0.073853,0.738892
0.306152,-0.088989,1.021729
0.040527,-0.450073,0.796875
-0.295044,0.127319,0.904663
0.447021,-0.360962,0.974243
-0.478882,-0.086670,0.747437
0.210693,-0.004639,1.019409
0.086670,-0.468994,0.799927
-0.376465,0.117798,0.870972
0.474609,-0.339722,0.998291
-0.424561,-0.138062,0.760620
0.122559,0.068237,1.027710
0.147583,-0.451782,0.821045
-0.443359,0.079224,0.822876
0.514526,-0.330200,1.035645
-0.354370,-0.222534,0.758423
0.031616,0.144287,1.029907
0.252808,-0.440430,0.868286
-0.495361,0.038330,0.770630
0.501221,-0.311279,1.038940
-0.256226,-0.277466,0.798218
-0.048218,0.150635,1.015991
0.329102,-0.426758,0.915039
-0.529541,0.061279,0.764282
0.446045,-0.203735,1.064209
-0.150513,-0.327881,0.797852
-0.104370,0.168945,1.025513
0.373657,-0.419312,0.947144
-0.525635,0.053833,0.779175
0.414307,-0.137451,1.068726
-0.046875,-0.335815,0.847168
-0.182373,0.196655,0.991821
0.408936,-0.434326,0.955322
-0.486206,-0.079712,0.767090
0.384644,-0.106079,1.083740
0.038086,-0.364868,0.847656
-0.253296,0.233276,0.978149
0.441772,-0.388428,0.989136
-0.438599,-0.143066,0.779175
0.335815,-0.088379,1.079834
0.077271,-0.419189,0.843140
-0.289673,0.196045,0.950195
0.482300,-0.323486,1.017212
-0.434570,-0.103149,0.791626
0.268433,-0.061035,1.057251
0.119995,-0.429810,0.864014
-0.344482,0.150024,0.915161
0.498779,-0.260986,1.066162
-0.399536,-0.170776,0.772705
0.205688,-0.002808,1.070679
0.200928,-0.475952,0.885986
-0.396484,0.112183,0.871216
0.524170,-0.253174,1.081665
-0.337036,-0.201294,0.780151
0.125244,0.081177,1.068970
0.267456,-0.497925,0.897095
-0.421021,0.050659,0.844604
0.522217,-0.220703,1.095337
-0.282593,-0.217407,0.793579
0.055542,0.146973,1.078125
0.325684,-0.483643,0.933838
-0.437134,0.057617,0.838379
0.526733,-0.196167,1.116089
-0.215210,-0.234253,0.818237
-0.020996,0.207275,1.069702
0.366211,-0.469116,0.952515
-0.470215,0.041626,0.829956
0.507935,-0.184448,1.126221
-0.144287,-0.255493,0.860474
-0.052612,0.219604,1.081909
0.389648,-0.397827,0.986450
-0.474731,0.002197,0.824829
0.500000,-0.197021,1.130249
-0.053589,-0.327637,0.880005
-0.101807,0.213501,1.064697
0.422729,-0.362427,1.010498
-0.468750,0.007812,0.811646
0.465698,-0.171509,1.127930
0.014282,-0.389404,0.891846
-0.118652,0.193237,1.057861
0.449829,-0.315063,1.041382
-0.479248,-0.003784,0.803467
0.447876,-0.134888,1.138184
0.070923,-0.428101,0.885742
-0.178711,0.197876,1.058105
0.476807,-0.319092,1.054565
-0.455444,-0.016357,0.823853
0.409058,-0.081055,1.128662
0.078247,-0.390137,0.900146
-0.217896,0.208252,1.040405
0.501221,-0.266479,1.095825
-0.429077,-0.078003,0.807251
0.364990,-0.066162,1.130493
0.115234,-0.404419,0.918701
-0.276978,0.208862,1.018555
0.541870,-0.263550,1.114502
-0.395874,-0.107910,0.812622
0.312866,-0.006226,1.144043
0.164673,-0.407959,0.933228
-0.308594,0.138550,0.963867
0.579346,-0.266235,1.138916
-0.358887,-0.150757,0.815796
0.228638,0.092773,1.141113
0.233521,-0.398926,0.962891
-0.352051,0.118408,0.924561
0.580811,-0.239868,1.147095
-0.317871,-0.185425,0.819336
0.176270,0.104370,1.135986
0.290771,-0.429443,0.971802
-0.384888,0.105225,0.914795
0.565552,-0.210449,1.138672
-0.276855,-0.205811,0.825195
0.107300,0.136963,1.116089
0.359375,-0.438843,1.000366
-0.424316,0.100952,0.877686
0.554321,-0.136353,1.161743
-0.220825,-0.212646,0.839233
0.037231,0.171387,1.102783
0.385132,-0.445068,1.005371
-0.423706,0.031860,0.884033
0.540161,-0.143921,1.165161
-0.137451,-0.256226,0.865234
-0.023071,0.212646,1.109863
0.400024,-0.367676,1.013062
-0.437744,0.001221,0.862061
0.529907,-0.160034,1.177490
-0.052490,-0.322998,0.888428
-0.086670,0.221313,1.095703
0.433716,-0.353516,1.026245
-0.455444,-0.013062,0.839478
0.492188,-0.136719,1.178101
-0.006226,-0.364990,0.882690
-0.139893,0.222046,1.070679
0.458740,-0.316772,1.039185
-0.458618,-0.032959,0.822876
0.448242,-0.110840,1.168335
0.022339,-0.361694,0.893677
-0.202393,0.224487,1.055908
0.500122,-0.279663,1.087891
-0.449829,-0.051514,0.802490
0.364746,-0.040161,1.147339
0.098877,-0.384155,0.901855
-0.264160,0.191284,1.017944
0.522217,-0.272339,1.114014
-0.398193,-0.115479,0.804565
0.285767,0.020020,1.131470
0.147095,-0.385620,0.911987
-0.316895,0.109131,0.940552
0.551025,-0.277832,1.133789
-0.362061,-0.151611,0.808594
0.182373,0.101440,1.121460
0.206543,-0.391602,0.923096
-0.375488,0.066040,0.911011
0.558228,-0.293091,1.129272
-0.329224,-0.234741,0.796265
0.120361,0.148438,1.107788
0.240479,-0.340088,0.925659
-0.435303,0.077271,0.865479
0.574097,-0.268799,1.145386
-0.250244,-0.297729,0.816406
0.048950,0.105469,1.078003
0.273315,-0.345825,0.942139
-0.468506,0.065674,0.835571
0.545166,-0.237793,1.131348
-0.159424,-0.373657,0.819702
-0.020020,0.136963,1.060547
0.327881,-0.366577,0.943848
-0.474121,0.057739,0.830322
0.518188,-0.181030,1.141968
-0.131470,-0.316650,0.821167
-0.089111,0.141479,1.048950
0.364746,-0.390381,0.976929
-0.505127,-0.010986,0.808228
0.489746,-0.165283,1.127075
-0.099487,-0.332642,0.805908
-0.170898,0.201904,1.037231
0.395630,-0.356689,0.977661
-0.501465,-0.014648,0.792603
0.454712,-0.151001,1.125122
-0.097290,-0.345947,0.799805
-0.214355,0.204102,1.012085
0.450195,-0.353882,1.020264
-0.526855,-0.010132,0.795898
0.372192,-0.124023,1.104858
-0.068970,-0.336670,0.818726
-0.237305,0.167236,0.988770
0.456177,-0.316040,1.040161
-0.540405,-0.044678,0.759399
0.351074,-0.110107,1.109131
-0.019775,-0.367798,0.825439
-0.315796,0.172363,0.937622
0.450317,-0.272583,1.045166
-0.482056,-0.087158,0.760620
0.283325,-0.081543,1.091919
0.018799,-0.396973,0.837158
-0.378906,0.155396,0.898315
0.465454,-0.259399,1.060547
-0.447144,-0.133057,0.746216
0.178345,0.019897,1.072510
0.098877,-0.399048,0.857056
-0.448730,0.140381,0.888184
0.496704,-0.293701,1.055298
-0.415894,-0.169189,0.756226
0.088867,0.101440,1.056519
0.142700,-0.378418,0.874878
-0.496826,0.100830,0.844971
0.519043,-0.323730,1.051514
-0.351685,-0.209839,0.782471
0.026978,0.121460,1.035034
0.171509,-0.368774,0.857544
-0.526001,0.071777,0.812012
0.494751,-0.296021,1.060425
-0.285400,-0.286011,0.769897
-0.028687,0.120117,1.011719
0.219238,-0.379028,0.854004
-0.555542,0.093872,0.791748
0.479126,-0.281982,1.057373
-0.246216,-0.356079,0.763184
-0.065186,0.073975,0.980591
0.251587,-0.380371,0.877930
-0.582275,0.100464,0.761719
0.431519,-0.231812,1.043335
-0.190186,-0.363647,0.759277
-0.115479,0.121338,1.002930
0.281616,-0.366455,0.901367
-0.602783,0.091553,0.750244
0.410156,-0.196045,1.020142
-0.183472,-0.365112,0.741699
-0.181274,0.123169,0.978394
0.335327,-0.371460,0.927979
-0.589966,0.057495,0.746216
0.359985,-0.137207,1.030884
-0.167480,-0.324829,0.765015
-0.248535,0.135010,0.958862
0.346313,-0.347168,0.950562
-0.584229,0.039185,0.736816
0.332397,-0.096680,1.049072
-0.133667,-0.336304,0.784302
-0.316040,0.154785,0.925903
0.360229,-0.365356,0.947754
-0.578247,-0.007812,0.729370
0.328857,-0.091797,1.051392
-0.133057,-0.322510,0.750244
-0.362549,0.210693,0.909790
0.389771,-0.375854,0.942139
-0.572388,-0.032227,0.722900
0.297852,-0.098145,1.036377
-0.101807,-0.360718,0.759277
-0.401733,0.201050,0.876221
0.399170,-0.339722,0.959106
-0.548584,-0.052734,0.729614
0.238159,-0.063599,1.024780
-0.063599,-0.403687,0.768066
-0.436890,0.206177,0.866455
0.401855,-0.318604,0.967896
-0.549316,-0.086060,0.708252
0.190308,-0.018921,1.023315
-0.010864,-0.406494,0.784668
-0.475952,0.216187,0.876831
-0.535034,-0.105103,0.689697
0.145264,0.016602,1.018433
0.024414,-0.405273,0.795044
-0.519165,0.225708,0.860596
0.433350,-0.300049,0.977051
-0.484009,-0.109741,0.732544
0.059082,0.084473,1.009155
0.099121,-0.427856,0.804199
-0.552246,0.187866,0.830566
0.427246,-0.233643,1.005005
-0.406982,-0.163574,0.732178
0.000366,0.128418,1.011841
0.142700,-0.442261,0.815308
-0.576782,0.160889,0.806152
0.441040,-0.225708,1.006836
-0.326660,-0.227295,0.738770
-0.074219,0.174683,0.992798
0.195312,-0.406128,0.844360
-0.588257,0.128540,0.782471
0.438721,-0.208374,1.017578
-0.275513,-0.263794,0.721436
-0.126587,0.193970,0.971802
0.285400,-0.380859,0.887817
-0.619873,0.084961,0.745361
0.400269,-0.178711,1.012817
-0.194336,-0.351562,0.714355
-0.189819,0.188721,0.948486
0.290161,-0.340332,0.888306
-0.612061,0.090332,0.742310
0.403076,-0.178223,1.022339
-0.140991,-0.358154,0.728027
-0.258911,0.174927,0.898193
0.329712,-0.322754,0.908936
-0.592651,0.036743,0.717041
0.328491,-0.122925,1.002441
-0.095459,-0.385376,0.723022
-0.307861,0.188599,0.890869
0.364624,-0.296509,0.925171
-0.589600,0.013916,0.704712
0.252930,-0.073364,0.991455
-0.057983,-0.422485,0.733643
-0.367432,0.175781,0.874878
0.420898,-0.286377,0.969360
-0.575806,-0.007568,0.699707
0.183105,0.021118,0.995972
-0.000122,-0.407349,0.774658
-0.441162,0.159912,0.846558
0.426514,-0.255615,0.981079
-0.499023,-0.024414,0.732788
0.106323,0.113403,1.008667
0.057373,-0.377686,0.795898
-0.513672,0.144165,0.796265
0.427612,-0.238281,0.997314
-0.422852,-0.116577,0.730713
0.054932,0.189819,1.023071
0.144043,-0.392700,0.810059
-0.591675,0.178955,0.794067
0.444580,-0.256958,0.995728
-0.310059,-0.222412,0.745483
-0.022217,0.210938,1.000610
0.185181,-0.368164,0.828979
-0.596313,0.140381,0.766113
0.469727,-0.251953,1.023560
-0.229126,-0.273926,0.756592
-0.091431,0.225464,0.990967
0.248413,-0.367432,0.843750
-0.623169,0.150391,0.740601
0.456787,-0.214355,1.020386
-0.164185,-0.312866,0.752930
-0.151978,0.213379,0.954956
0.298706,-0.343506,0.879395
-0.624512,0.105713,0.728638
0.419434,-0.192871,1.014160
-0.109009,-0.339844,0.780762
-0.201294,0.213379,0.936646
0.328247,-0.332642,0.901855
-0.608521,0.124634,0.747803
0.386719,-0.127686,1.013916
-0.072998,-0.371826,0.760742
-0.237061,0.183960,0.899048
0.354370,-0.322144,0.914551
-0.575195,0.053101,0.729858
0.349854,-0.088867,1.008057
-0.039917,-0.400757,0.739258
-0.292603,0.180176,0.879395
0.395874,-0.330933,0.924438
-0.567993,0.014160,0.720947
0.295776,-0.069336,0.989136
-0.007080,-0.412476,0.763672
-0.337646,0.191162,0.873047
0.411499,-0.289062,0.939941
-0.556030,0.023315,0.730469
0.223389,-0.025513,0.980225
0.043335,-0.442749,0.765747
-0.408936,0.168457,0.836670
0.436523,-0.287720,0.961914
-0.510864,-0.044800,0.744019
0.132935,0.066528,1.003418
0.083374,-0.443115,0.785034
-0.450562,0.142822,0.822754
0.459595,-0.266724,0.996338
-0.455933,-0.077271,0.740967
0.069580,0.143188,1.014771
0.140259,-0.416138,0.810913
-0.512085,0.117920,0.789673
0.480835,-0.277344,0.993896
-0.390259,-0.130981,0.747681
0.001831,0.183716,1.002197
0.198364,-0.416260,0.833252
-0.542969,0.100952,0.767212
0.472168,-0.268066,1.011597
-0.296631,-0.189575,0.775635
-0.063843,0.206543,0.993896
0.248047,-0.400146,0.859985
-0.564697,0.078613,0.745483
0.455200,-0.234985,1.021362
-0.195312,-0.269409,0.793457
-0.132324,0.210571,0.975464
0.280151,-0.371704,0.877197
-0.566406,0.082642,0.760376
0.424683,-0.209229,1.028931
-0.103149,-0.334839,0.794800
-0.185181,0.199341,0.934692
0.321899,-0.351074,0.901001
-0.558594,0.036499,0.740723
0.395874,-0.179688,1.020508
-0.040771,-0.380737,0.793335
-0.243774,0.207153,0.923706
0.351562,-0.336670,0.909912
-0.533203,-0.029419,0.745239
0.331543,-0.138916,1.002441
0.005249,-0.446045,0.781128
-0.307739,0.175903,0.883179
0.416016,-0.339233,0.938477
-0.525024,-0.019531,0.746826
0.233887,-0.041870,0.996460
0.052002,-0.447998,0.772095
-0.348877,0.125977,0.868530
0.451050,-0.340088,0.962769
-0.498413,-0.078369,0.730713
0.153687,0.059082,1.003662
0.094604,-0.432495,0.786133
-0.409180,0.088989,0.809204
0.469116,-0.303345,1.003296
-0.438477,-0.161499,0.731934
0.096436,0.088135,1.008545
0.140503,-0.437500,0.809204
-0.473755,0.100586,0.789307
0.480225,-0.304077,1.000610
-0.368896,-0.162476,0.772095
0.028076,0.136841,1.026978
0.199341,-0.483154,0.825195
-0.494019,0.059692,0.777954
0.494751,-0.287231,1.029419
-0.315308,-0.206543,0.772705
-0.046997,0.202393,1.024170
0.258301,-0.446289,0.860962
-0.511108,0.015259,0.750732
0.470337,-0.270630,1.036987
-0.249512,-0.262329,0.782227
-0.107544,0.202759,0.996948
0.297363,-0.409058,0.889160
-0.510986,0.008423,0.770386
0.452148,-0.238281,1.049072
-0.151245,-0.294067,0.825317
-0.149414,0.201294,0.989258
0.332886,-0.403931,0.913208
-0.532837,0.022827,0.765137
0.424438,-0.208740,1.046021
-0.077026,-0.368042,0.805298
-0.180664,0.195068,0.983521
0.374146,-0.378174,0.936279
-0.533936,-0.008545,0.753052
0.380981,-0.169556,1.027832
0.013672,-0.410645,0.831787
-0.230835,0.197998,0.971558
0.400879,-0.368530,0.958496
-0.506104,-0.045410,0.761841
0.337646,-0.121338,1.030151
0.047974,-0.435059,0.820435
-0.258667,0.152344,0.954102
0.443604,-0.352295,0.993896
-0.484863,-0.081665,0.753784
0.274414,-0.040649,1.040161
0.083618,-0.453247,0.814453
-0.308594,0.131714,0.918579
0.490356,-0.321411,1.026001
-0.453979,-0.106934,0.753052
0.202515,0.013062,1.034668
0.109619,-0.452026,0.836182
-0.343750,0.096436,0.901123
0.516235,-0.324951,1.051270
-0.416260,-0.122559,0.774048
0.147339,0.094482,1.053345
0.160034,-0.411987,0.855347
-0.387939,0.039062,0.843018
0.538574,-0.305908,1.086792
-0.378052,-0.204346,0.761108
0.107056,0.128540,1.066284
0.224976,-0.469116,0.872070
-0.426758,0.069336,0.838867
0.524170,-0.292725,1.072144
-0.321289,-0.226929,0.791748
0.070435,0.119873,1.057251
0.265015,-0.443848,0.906860
-0.433960,0.049438,0.808594
0.520874,-0.235474,1.089233
-0.279175,-0.237427,0.798462
0.027710,0.137939,1.060303
0.312012,-0.461426,0.919678
-0.456543,0.051758,0.806152
0.505981,-0.183472,1.105591
-0.208130,-0.230103,0.841187
-0.037354,0.175781,1.068970
0.378174,-0.491821,0.953491
-0.481445,0.029053,0.812134
0.476929,-0.152344,1.107056
-0.138428,-0.249878,0.861816
-0.090820,0.203491,1.061523
0.418701,-0.434814,0.987915
-0.463989,-0.005859,0.818481
0.450073,-0.097900,1.126343
-0.054077,-0.305786,0.857666
-0.123779,0.209229,1.063232
0.448242,-0.401245,1.019287
-0.468018,-0.032471,0.805298
0.423706,-0.098633,1.115479
0.050049,-0.371704,0.883057
-0.172241,0.211304,1.048462
0.473511,-0.334229,1.042847
-0.464111,-0.052368,0.798462
0.195679,-0.009644,1.024536
0.091553,-0.417847,0.881470
-0.372437,0.094849,0.867554
0.501465,-0.304810,1.050781
-0.398926,-0.173828,0.768555
0.141968,0.070557,1.047974
0.192505,-0.471558,0.860229
-0.414673,0.084473,0.845825
0.509155,-0.271851,1.064331
-0.338257,-0.213989,0.767822
0.091064,0.096802,1.060791
0.244019,-0.475342,0.879395
-0.443604,0.070923,0.811157
0.514648,-0.243774,1.058838
-0.274902,-0.199585,0.819702
0.035278,0.113525,1.047363
0.334229,-0.494019,0.926880
-0.492310,0.061646,0.794678
0.474487,-0.207397,1.072021
-0.193848,-0.247681,0.821655
-0.037354,0.184448,1.065308
0.365845,-0.440308,0.960449
-0.476685,0.034302,0.807495
0.469727,-0.150146,1.096191
-0.108154,-0.276123,0.857422
-0.114014,0.172363,1.037354
0.404785,-0.412476,0.996338
-0.468994,-0.044800,0.786377
0.448975,-0.117920,1.123901
0.000000,-0.352051,0.865479
-0.186523,0.206421,1.021362
0.459595,-0.344849,1.031372
-0.439819,-0.077759,0.788574
0.373047,-0.087769,1.098877
0.067993,-0.400635,0.879761
-0.213379,0.187378,1.015137
0.487305,-0.316528,1.054199
-0.435425,-0.094116,0.781006
0.344971,-0.038452,1.118408
0.080078,-0.388306,0.878662
-0.276123,0.176147,0.991211
0.521729,-0.309448,1.096558
-0.388672,-0.182739,0.797974
0.272095,0.005737,1.108276
0.155884,-0.408691,0.900757
-0.337646,0.171875,0.936890
0.555298,-0.280396,1.104858
-0.351074,-0.191772,0.806885
0.203979,0.030884,1.094727
0.233032,-0.440918,0.925781
-0.365845,0.138916,0.914062
0.550293,-0.234863,1.101685
-0.298096,-0.208862,0.818604
0.134644,0.072998,1.090210
0.302246,-0.443726,0.966553
-0.404419,0.086060,0.863770
0.547607,-0.188843,1.133423
-0.238892,-0.227051,0.844482
0.044800,0.143799,1.083252
0.357788,-0.453979,0.980225
-0.423218,0.046631,0.852661
0.528442,-0.144653,1.154663
-0.151489,-0.235596,0.873535
-0.026245,0.203979,1.100708
0.397949,-0.426636,0.990479
-0.448975,0.033081,0.863037
0.514893,-0.145874,1.153809
-0.046387,-0.292480,0.898926
-0.083984,0.221802,1.096680
0.430054,-0.338623,1.040283
-0.463867,0.009155,0.833374
0.488281,-0.132690,1.163696
0.034058,-0.391724,0.897217
-0.121460,0.188599,1.061768
0.461670,-0.298340,1.065674
-0.463501,-0.009033,0.810181
0.448364,-0.104980,1.152222
0.042114,-0.387695,0.904297
-0.176270,0.195068,1.076416
0.512939,-0.302979,1.110229
-0.452271,-0.013306,0.809326
0.380005,0.009033,1.162354
0.084717,-0.394897,0.898560
-0.231201,0.171387,1.058228
0.543945,-0.314697,1.134277
-0.420532,-0.066406,0.828613
0.327637,0.054565,1.159180
0.120972,-0.341064,0.924438
-0.280029,0.166626,1.008667
0.557983,-0.293213,1.146484
-0.397949,-0.186279,0.791626
0.308105,0.001221,1.154419
0.182007,-0.364990,0.938110
-0.338623,0.191528,0.959717
0.568237,-0.271851,1.135376
-0.321777,-0.221924,0.823608
0.236816,0.022583,1.132690
0.220459,-0.382812,0.962891
-0.366455,0.121338,0.911865
0.562378,-0.235596,1.131592
-0.290039,-0.218628,0.819092
0.166992,0.089355,1.131714
0.281860,-0.414429,0.967407
-0.395874,0.113892,0.908936
0.558105,-0.205933,1.139526
-0.274170,-0.224365,0.830322
0.088501,0.100098,1.095459
0.342773,-0.427246,0.989136
-0.423462,0.066284,0.870972
0.544312,-0.137817,1.174316
-0.196167,-0.257202,0.829956
0.001221,0.160034,1.088745
0.375732,-0.427002,0.998047
-0.446167,0.015381,0.860718
0.537109,-0.144287,1.170044
-0.095093,-0.294556,0.860229
-0.073486,0.191406,1.067749
0.404419,-0.365845,1.011353
-0.440186,-0.055542,0.832397
0.494141,-0.139038,1.173584
-0.061768,-0.323364,0.838989
-0.145020,0.211548,1.053955
0.457642,-0.333984,1.038696
-0.463257,-0.062500,0.819336
0.423340,-0.088257,1.155640
-0.007935,-0.354736,0.865967
-0.229370,0.214478,1.032227
0.475830,-0.286011,1.066162
-0.444946,-0.098755,0.793945
0.355469,-0.061768,1.150513
0.048950,-0.346069,0.893311
-0.308472,0.184937,0.968384
0.520874,-0.274780,1.092285
-0.389160,-0.151978,0.785767
0.247314,0.028198,1.127319
0.139526,-0.387207,0.902832
-0.385376,0.117065,0.917603
0.538696,-0.279663,1.100220
-0.338867,-0.192749,0.804199
0.146484,0.118408,1.116821
0.201782,-0.408813,0.895386
-0.442261,0.084351,0.874878
0.544434,-0.276367,1.103271
-0.292847,-0.270508,0.794067
0.050293,0.126831,1.071533
0.251831,-0.348633,0.932007
-0.472412,0.052124,0.833496
0.519409,-0.255249,1.115234
-0.187378,-0.332397,0.811035
-0.030640,0.121460,1.045410
0.294434,-0.350220,0.945190
-0.499756,0.018799,0.790039
0.490967,-0.192749,1.121460
-0.142578,-0.321167,0.792480
-0.119019,0.173828,1.043945
0.383667,-0.371582,0.967651
-0.523804,-0.020264,0.790405
0.423462,-0.159302,1.102051
-0.099365,-0.342896,0.792236
-0.220459,0.193848,1.003418
0.416748,-0.335571,0.981201
-0.532471,-0.031250,0.767822
0.365845,-0.140625,1.094971
-0.046753,-0.366089,0.819702
-0.296021,0.169434,0.942017
0.442505,-0.289429,1.028320
-0.514648,-0.067383,0.734985
0.273315,-0.053955,1.092407
0.040894,-0.408936,0.852051
-0.397339,0.141846,0.900391
0.450073,-0.275879,1.037109
-0.445312,-0.111328,0.740234
0.162720,0.042969,1.069702
0.114746,-0.393311,0.865234
-0.451416,0.104004,0.874634
0.461060,-0.261230,1.056152
-0.399170,-0.182373,0.751221
0.063232,0.123535,1.049561
0.186035,-0.399414,0.879272
-0.508667,0.069092,0.821289
0.480713,-0.241089,1.065552
-0.270264,-0.271973,0.765137
-0.031860,0.153442,1.030518
0.227661,-0.385498,0.873291
-0.549927,0.047607,0.782349
0.469238,-0.248901,1.066528
-0.221191,-0.337646,0.749023
-0.114014,0.127197,0.982056
0.287354,-0.352661,0.910767
-0.572510,0.037842,0.749268
0.417114,-0.212891,1.044556
-0.183716,-0.376831,0.734497
-0.190918,0.159058,0.986938
0.328247,-0.341919,0.932373
-0.578735,0.045044,0.749268
0.366211,-0.157959,1.052856
-0.153809,-0.353638,0.757324
-0.266113,0.131714,0.934570
0.369995,-0.350586,0.951782
-0.561523,-0.007935,0.725464
0.317993,-0.050537,1.081665
-0.112305,-0.319214,0.779785
-0.371704,0.173950,0.902710
0.404419,-0.367676,0.968018
-0.525879,-0.094238,0.713745
0.230713,-0.023193,1.051758
-0.042480,-0.351074,0.782715
-0.466797,0.205078,0.874512
0.416382,-0.298706,0.996094
-0.477173,-0.165527,0.725830
0.132202,0.007324,1.021240
0.053955,-0.411133,0.812866
-0.540527,0.188965,0.831421
0.436890,-0.254639,1.014160
-0.409790,-0.178223,0.737549
0.018799,0.117065,1.017700
0.156250,-0.424072,0.844360
-0.566406,0.128784,0.804810
0.441406,-0.264526,1.008545
-0.317871,-0.255615,0.719971
-0.062622,0.159912,0.998657
0.228882,-0.373779,0.872192
-0.603271,0.075317,0.756226
0.422852,-0.241577,1.009033
-0.216919,-0.339233,0.723511
-0.174927,0.165527,0.958984
0.283813,-0.362793,0.888794
-0.609131,0.076660,0.748535
0.380493,-0.186157,1.018799
-0.158203,-0.348389,0.738892
-0.244751,0.132080,0.914307
0.317139,-0.320679,0.926880
-0.608398,0.058105,0.728394
0.335327,-0.121826,1.028564
-0.116333,-0.369507,0.754395
-0.353638,0.198364,0.913696
0.371948,-0.352905,0.920898
-0.569824,0.009033,0.715942
0.254639,-0.057617,1.010254
-0.089478,-0.377563,0.742432
-0.424194,0.208740,0.875244
0.433105,-0.348877,0.956787
-0.542847,-0.055298,0.710938
0.163208,0.048340,1.002197
-0.022827,-0.376587,0.764282
-0.478394,0.186157,0.855347
0.432617,-0.319580,0.958984
-0.521484,-0.093506,0.706299
0.106689,0.074463,1.023193
0.064453,-0.400513,0.800903
-0.549927,0.211792,0.823364
0.427368,-0.262329,0.980469
-0.428955,-0.135986,0.735840
0.042969,0.112427,1.018311
0.118408,-0.424194,0.805908
-0.576660,0.196167,0.810425
0.430664,-0.213623,0.992432
-0.360229,-0.152588,0.750732
-0.015869,0.141113,1.015381
0.192139,-0.439331,0.842285
-0.593384,0.152832,0.778687
0.413208,-0.174316,1.011230
-0.292725,-0.242432,0.713501
-0.082275,0.206299,1.006348
0.255249,-0.412231,0.875854
-0.623291,0.142456,0.769775
0.401978,-0.162720,1.005615
-0.204224,-0.303955,0.724609
-0.140259,0.188721,0.975220
0.275635,-0.381470,0.881348
-0.642212,0.086792,0.720337
0.397827,-0.156250,1.022827
-0.152222,-0.351562,0.728027
-0.207886,0.197388,0.933472
0.330933,-0.319092,0.910645
-0.621826,0.082031,0.720093
0.344116,-0.152466,0.989990
-0.088745,-0.397339,0.758789
-0.287720,0.168335,0.888062
0.375366,-0.308228,0.919922
-0.581421,0.077881,0.728760
0.269287,-0.050537,0.994385
-0.043579,-0.395386,0.750000
-0.367676,0.186035,0.858032
0.412109,-0.303467,0.937378
-0.545776,0.008667,0.731323
0.187012,0.029053,0.997314
0.008423,-0.396484,0.759888
-0.456299,0.214111,0.840942
0.426758,-0.281250,0.965088
-0.461548,-0.095703,0.755371
0.104370,0.062134,1.006836
0.077026,-0.385498,0.806030
-0.533447,0.228638,0.815063
0.433838,-0.238403,0.975342
-0.372925,-0.155396,0.756104
0.034424,0.141113,1.016724
0.159424,-0.386475,0.830322
-0.570068,0.166626,0.791748
0.445801,-0.213379,0.996460
-0.291504,-0.201904,0.748901
-0.061646,0.183594,0.991333
0.246094,-0.378906,0.875366
-0.591187,0.102905,0.762817
0.417603,-0.175659,1.007202
-0.180908,-0.314819,0.753784
-0.137695,0.176270,0.944702
0.318726,-0.345215,0.902466
-0.602173,0.112549,0.746582
0.366821,-0.127319,1.009888
-0.094482,-0.392822,0.746216
-0.219604,0.163940,0.911011
0.364502,-0.306396,0.926147
-0.573853,0.079346,0.744873
0.307251,-0.070068,0.999634
-0.030029,-0.412598,0.752930
-0.323242,0.164551,0.854492
0.388794,-0.273926,0.941528
-0.519287,-0.032837,0.736328
0.227539,0.000732,0.995972
0.027710,-0.421997,0.764893
-0.407837,0.175293,0.832764
0.426636,-0.255737,0.956421
-0.482422,-0.061035,0.744751
0.142212,0.050293,1.008423
0.087524,-0.433350,0.795898
-0.490356,0.151001,0.794434
0.444702,-0.237671,0.985840
-0.402954,-0.104858,0.763916
0.058105,0.107422,1.012695
0.148315,-0.420776,0.822876
-0.545410,0.135132,0.766968
0.444946,-0.196289,1.002563
-0.327515,-0.179932,0.752441
-0.042480,0.165405,0.999268
0.249268,-0.423950,0.860840
-0.562134,0.118286,0.773193
0.431396,-0.176514,1.005127
-0.225464,-0.248779,0.759644
-0.133301,0.181519,0.959595
0.322510,-0.420776,0.899170
-0.571289,0.076538,0.754517
0.394043,-0.114014,1.026978
-0.094360,-0.329102,0.764282
-0.222168,0.194092,0.924072
0.360596,-0.404785,0.909790
-0.539429,0.004883,0.759033
0.330444,-0.081421,1.019653
-0.035400,-0.392944,0.743286
-0.299194,0.187622,0.877686
0.413574,-0.332642,0.944946
-0.513672,-0.028931,0.757324
0.239380,-0.049561,0.991943
0.032471,-0.442383,0.769409
-0.391479,0.125000,0.815552
0.443237,-0.303589,0.972412
-0.469727,-0.097046,0.745117
0.146606,0.045898,1.012817
0.095215,-0.447510,0.789917
-0.469849,0.122559,0.784546
0.463745,-0.275391,0.988647
-0.388184,-0.178833,0.750488
0.042236,0.119263,1.014160
0.171875,-0.430054,0.817383
0.474854,-0.250244,1.010010
-0.289795,-0.221313,0.774902
-0.083496,0.195068,1.002686
0.263916,-0.434448,0.858276
-0.545288,0.030640,0.741333
0.436157,-0.251221,1.009644
-0.189331,-0.264893,0.789673
-0.142212,0.194214,0.977661
0.334839,-0.379761,0.915161
-0.542725,0.038452,0.767212
0.396240,-0.190186,1.023071
-0.074097,-0.361694,0.791626
-0.238281,0.194580,0.931763
0.387939,-0.390259,0.934448
-0.508667,-0.055664,0.750732
0.319946,-0.101318,1.008301
0.008911,-0.386230,0.792725
-0.306885,0.172485,0.885254
0.434937,-0.347778,0.961914
-0.485962,-0.142822,0.733276
0.229004,-0.071533,1.013794
0.080811,-0.452759,0.795776
-0.388550,0.149780,0.842163
0.468384,-0.317871,0.984375
-0.439941,-0.119385,0.768066
0.113281,0.027344,1.007446
0.145752,-0.479126,0.806763
-0.444092,0.085938,0.804443
0.476318,-0.264160,1.010742
-0.372559,-0.130859,0.779053
0.009277,0.126343,1.017456
0.244385,-0.493164,0.858765
-0.486938,-0.016479,0.747681
0.467896,-0.256104,1.041382
-0.262451,-0.233398,0.789551
-0.083008,0.190796,1.001221
0.319824,-0.437500,0.902832
-0.537109,0.000977,0.751099
0.432129,-0.197998,1.060425
-0.109253,-0.316772,0.816162
-0.161377,0.202637,0.979614
0.348511,-0.388184,0.928223
-0.520874,0.001343,0.764893
0.389404,-0.189819,1.040649
0.000366,-0.426514,0.819824
-0.224243,0.175537,0.959473
0.416626,-0.382324,0.949341
-0.507812,-0.006348,0.761841
0.293945,-0.100708,1.008057
0.081299,-0.461792,0.835205
-0.298828,0.134155,0.923950
0.471924,-0.338745,1.010986
-0.443481,-0.094727,0.767822
0.197754,0.029175,1.037354
0.102783,-0.409058,0.834595
-0.370483,0.076904,0.879272
0.521118,-0.349243,1.041626
-0.398315,-0.172119,0.762207
0.124512,0.094971,1.041382
0.174194,-0.419067,0.859375
-0.419189,0.081909,0.833862
0.517822,-0.292480,1.052612
-0.346558,-0.208008,0.777832
0.079834,0.079712,1.037231
0.256104,-0.464844,0.893799
-0.447632,0.061279,0.800903
0.494995,-0.224854,1.067871
-0.265015,-0.220215,0.798828
0.010864,0.162231,1.045410
0.321167,-0.461914,0.920288
-0.499390,0.020386,0.778442
0.474243,-0.237915,1.082642
-0.168213,-0.292114,0.823486
-0.070190,0.221069,1.076294
0.355957,-0.443481,0.947388
-0.499512,0.003662,0.791748
0.451294,-0.179321,1.098145
-0.083374,-0.322998,0.838623
-0.114502,0.211182,1.057739
0.406738,-0.376953,0.992676
-0.509277,-0.030762,0.788330
0.425781,-0.211792,1.081665
0.030884,-0.429321,0.861694
-0.163940,0.209229,1.038574
0.440674,-0.301147,1.029419
-0.481201,-0.029053,0.782349
0.370483,-0.132568,1.091797
0.082520,-0.456909,0.862793
-0.208496,0.155518,1.007568
0.471680,-0.292847,1.055542
-0.458008,-0.059937,0.780396
0.322876,-0.060303,1.083740
0.109253,-0.424683,0.873047
-0.279785,0.175171,0.992676
0.523682,-0.297852,1.088623
-0.429810,-0.090088,0.788086
0.264648,-0.008789,1.078369
0.175049,-0.430664,0.916748
-0.336914,0.127197,0.934448
0.551147,-0.276245,1.113403
-0.375610,-0.133301,0.801514
0.191040,0.077637,1.095581
0.236206,-0.479248,0.905273
-0.360352,0.064697,0.892090
0.547363,-0.232544,1.119995
-0.301025,-0.199463,0.819214
0.112427,0.114624,1.079346
0.299927,-0.449463,0.942871
-0.418701,0.047241,0.835327
0.547485,-0.208862,1.138550
-0.225220,-0.250122,0.848389
0.035522,0.168335,1.082642
0.337891,-0.390259,0.977173
-0.427490,0.038452,0.842651
0.532227,-0.190186,1.147339
-0.158447,-0.248291,0.868164
-0.009521,0.191040,1.088135
0.385254,-0.381104,0.999756
-0.455322,0.010620,0.841797
0.527100,-0.180298,1.146240
-0.043701,-0.289551,0.901611
-0.097534,0.220947,1.070190
0.415283,-0.328857,1.028442
-0.431396,-0.047485,0.825562
0.496460,-0.141968,1.161987
0.026611,-0.348267,0.910767
-0.148682,0.203247,1.058228
0.473267,-0.316162,1.066772
-0.431274,-0.048706,0.828369
0.418823,-0.057861,1.160522
0.060669,-0.383301,0.903931
-0.216553,0.211548,1.054810
0.511719,-0.298584,1.106079
-0.420654,-0.078735,0.822510
0.351685,0.002441,1.162720
0.133789,-0.406616,0.916016
-0.281494,0.204224,1.015381
0.554321,-0.265869,1.131470
-0.382202,-0.152954,0.802368
0.285278,0.034302,1.145630
0.199951,-0.409058,0.945068
-0.309448,0.150513,0.972778
0.555298,-0.248779,1.128540
-0.329346,-0.172485,0.824097
0.197266,0.090210,1.121582
0.255005,-0.454712,0.951416
-0.351318,0.079956,0.932495
0.565552,-0.226807,1.157837
-0.316772,-0.190674,0.822510
0.133057,0.132935,1.124634
0.326294,-0.445435,0.984131
-0.399170,0.105591,0.913330
0.552734,-0.194336,1.153320
-0.240845,-0.222290,0.840576
0.076050,0.156128,1.112549
0.340698,-0.420532,0.976685
-0.431396,0.071899,0.890625
0.559937,-0.190674,1.166260
-0.179565,-0.269775,0.875366
0.017944,0.182983,1.102905
0.346680,-0.362061,0.993774
-0.440063,0.024658,0.850586
0.566284,-0.223022,1.164062
-0.097656,-0.330322,0.870117
-0.040039,0.201050,1.086060
0.372314,-0.354614,0.985718
-0.453735,0.011963,0.844849
0.551636,-0.221558,1.162231
-0.043213,-0.375732,0.878540
-0.085815,0.173584,1.051514
0.403320,-0.325317,1.008423
-0.467773,0.006592,0.826660
0.501709,-0.176514,1.164917
-0.024414,-0.380127,0.874268
-0.133423,0.189697,1.061768
0.428711,-0.312378,1.032715
-0.465454,-0.003052,0.818481
0.455811,-0.107910,1.161011
-0.008911,-0.371826,0.872192
-0.182739,0.208862,1.070435
0.464966,-0.312744,1.052856
-0.468140,-0.016846,0.803589
0.421021,-0.053589,1.171753
0.011841,-0.351807,0.888062
-0.252686,0.177002,1.014282
0.492920,-0.320312,1.085205
-0.451294,-0.066650,0.797852
0.372803,-0.003174,1.178711
0.026245,-0.336792,0.871582
-0.296387,0.211060,1.013062
0.534546,-0.338623,1.090820
-0.431152,-0.103516,0.800293
0.297852,-0.013184,1.128784
0.077393,-0.356567,0.890869
-0.323853,0.143555,0.954590
0.529175,-0.282959,1.100342
-0.414062,-0.143677,0.777832
0.243896,0.018799,1.119019
0.149170,-0.402710,0.906738
-0.393433,0.149780,0.908325
0.515503,-0.236572,1.105103
-0.362061,-0.194092,0.796387
0.174683,0.040283,1.096436
0.194946,-0.409546,0.925171
-0.418091,0.125366,0.888428
0.510864,-0.219116,1.090698
-0.358521,-0.199829,0.786987
0.113403,0.045898,1.079224
0.248413,-0.399902,0.929932
-0.460449,0.111572,0.859985
0.505859,-0.187134,1.100830
-0.265503,-0.239868,0.806763
0.007568,0.117310,1.062500
0.276978,-0.420532,0.917603
-0.480225,0.044800,0.842285
0.500000,-0.195312,1.101196
-0.199829,-0.286743,0.794312
-0.068970,0.161133,1.036865
0.327637,-0.378906,0.949707
-0.494995,-0.005737,0.795654
0.464233,-0.163818,1.103760
-0.167603,-0.320068,0.776367
-0.145752,0.162109,1.007446
0.364136,-0.352051,0.964111
-0.508789,-0.051147,0.778931
0.419189,-0.141235,1.114746
-0.123047,-0.326904,0.794922
-0.249268,0.176636,0.977661
0.414917,-0.324707,0.997925
-0.528931,-0.040405,0.762329
0.355835,-0.121948,1.104126
-0.041992,-0.376587,0.806152
-0.343262,0.187866,0.925171
0.437256,-0.280151,1.026733
-0.460938,-0.114014,0.756470
0.230103,-0.023315,1.072632
0.021118,-0.390625,0.836182
-0.425293,0.158691,0.868774
0.466797,-0.278320,1.039917
-0.436768,-0.171265,0.753174
0.107544,0.051514,1.040283
0.127930,-0.417847,0.860962
-0.470703,0.118896,0.846558
0.472534,-0.250977,1.058472
-0.393066,-0.179443,0.765137
0.032593,0.099121,1.031616
0.190552,-0.401001,0.876343
-0.516113,0.081177,0.810303
0.482422,-0.251099,1.062622
-0.281494,-0.272461,0.755249
-0.043945,0.153076,1.023315
0.225830,-0.394043,0.862549
-0.561523,0.059814,0.775757
0.473145,-0.252441,1.055542
-0.226196,-0.341675,0.739136
-0.135986,0.170654,0.984741
0.279541,-0.381958,0.884766
-0.567383,0.057739,0.770020
0.446289,-0.223633,1.051270
-0.189941,-0.350342,0.750122
-0.213989,0.164795,0.952271
0.315552,-0.363770,0.915894
-0.580078,0.026001,0.747314
0.395020,-0.179688,1.049561
-0.153442,-0.357300,0.757935
-0.276001,0.177368,0.942139
0.350464,-0.337891,0.940063
-0.585693,-0.015991,0.722046
0.342529,-0.155029,1.036255
-0.109985,-0.380005,0.759521
-0.346313,0.186401,0.906982
0.384033,-0.319092,0.956543
-0.556152,-0.050903,0.721802
0.265747,-0.080444,1.036011
-0.069458,-0.375366,0.773193
-0.410034,0.187500,0.888184
0.409546,-0.329346,0.973389
-0.545288,-0.089600,0.710449
0.179565,-0.017944,1.023682
0.005371,-0.388062,0.808594
-0.485718,0.211304,0.875244
0.429321,-0.298096,0.992554
-0.504272,-0.132690,0.720337
0.077759,0.046997,1.012329
0.071777,-0.397583,0.820190
-0.522949,0.158936,0.838867
0.436035,-0.221680,1.016724
-0.404907,-0.178101,0.732178
0.007690,0.107788,1.003052
0.159180,-0.427856,0.841431
-0.571411,0.105713,0.792847
0.436157,-0.227417,1.020264
-0.311646,-0.235229,0.730835
-0.086060,0.185303,0.991455
0.239258,-0.389526,0.872070
-0.614380,0.068604,0.757690
0.420044,-0.218750,1.023560
-0.227539,-0.342163,0.716797
-0.174438,0.189331,0.957764
0.291138,-0.354980,0.876343
-0.610962,0.091675,0.744141
0.386475,-0.197754,1.021484
-0.154175,-0.389160,0.729004
-0.255981,0.162598,0.918457
0.396362,-0.319824,0.971558
-0.539917,-0.023438,0.726074
0.230103,-0.028076,1.032959
-0.101440,-0.370117,0.751709
-0.430786,0.166992,0.892090
0.415649,-0.314697,0.988037
-0.503052,-0.079834,0.723877
0.128418,0.073608,1.030273
0.057861,-0.413696,0.809937
-0.492432,0.139038,0.861816
0.429077,-0.271362,1.014893
-0.469238,-0.152344,0.715454
0.051147,0.115112,1.014282
0.122314,-0.405273,0.819214
-0.540283,0.144409,0.842041
0.454956,-0.279053,1.012939
-0.387451,-0.217651,0.724976
-0.011841,0.123169,1.000122
0.173462,-0.388672,0.854736
-0.566406,0.106445,0.791748
0.437378,-0.249756,1.018799
-0.304077,-0.293823,0.725708
-0.078613,0.131714,0.979248
0.228394,-0.366333,0.877441
-0.596191,0.085815,0.764160
0.423584,-0.229004,1.022461
-0.243408,-0.332520,0.706421
-0.140015,0.161621,0.977783
0.283203,-0.375732,0.892944
-0.618164,0.095093,0.747803
0.401611,-0.217041,1.009521
-0.190430,-0.363037,0.724609
-0.226318,0.162109,0.937988
0.319580,-0.351440,0.904175
-0.613647,0.085938,0.748413
0.356812,-0.158691,1.016235
-0.146118,-0.368164,0.737793
-0.286377,0.155396,0.908569
0.349976,-0.338867,0.923218
-0.609863,0.043701,0.721069
0.298584,-0.109863,1.008301
-0.092651,-0.396484,0.756958
-0.352783,0.188721,0.899292
0.374756,-0.301147,0.949341
-0.591309,0.015991,0.704712
0.231445,-0.059814,1.005615
-0.041504,-0.398682,0.778198
-0.421265,0.184570,0.871460
0.404175,-0.287720,0.963623
-0.568604,-0.008301,0.693726
0.136963,0.031860,1.000244
0.031006,-0.396606,0.793579
-0.483643,0.179810,0.850464
0.407959,-0.260620,0.972900
-0.505371,-0.091431,0.701050
0.074585,0.098145,1.012085
0.102905,-0.397461,0.827759
-0.539307,0.177002,0.840088
0.416016,-0.231689,0.987549
-0.421997,-0.125000,0.728271
0.007690,0.173340,1.009888
0.169800,-0.399902,0.839233
-0.580811,0.141968,0.810791
0.434326,-0.213501,1.012573
-0.328003,-0.200195,0.713379
-0.062866,0.192017,0.980225
0.233398,-0.381714,0.868286
-0.614868,0.126343,0.778320
0.434937,-0.210693,1.024902
-0.246704,-0.282104,0.718506
-0.146851,0.197510,0.956177
0.286011,-0.360840,0.875488
-0.609375,0.104004,0.768921
0.409912,-0.167603,1.029419
-0.178711,-0.343262,0.718994
-0.204834,0.190308,0.934814
0.330322,-0.356201,0.898315
-0.610352,0.083374,0.743408
0.361084,-0.131836,1.012085
-0.104858,-0.388306,0.734131
-0.280029,0.214478,0.915039
0.362061,-0.319580,0.916138
-0.594849,0.062500,0.727051
0.302002,-0.098389,0.997437
-0.052734,-0.427490,0.743164
-0.351929,0.200317,0.883667
0.399658,-0.281616,0.949097
-0.572876,0.004272,0.700928
0.209717,-0.005005,0.995972
0.011108,-0.425415,0.769165
-0.431519,0.175537,0.847412
0.405640,-0.236328,0.962402
-0.503784,-0.022583,0.732178
0.121826,0.067749,1.005249
0.055054,-0.382324,0.812378
-0.504028,0.160034,0.817627
0.437988,-0.230469,0.985962
-0.418823,-0.100220,0.732056
0.030273,0.193848,1.020142
0.152832,-0.390625,0.819702
-0.566406,0.155151,0.799316
0.430054,-0.223145,0.996094
-0.314453,-0.191040,0.739014
-0.020142,0.206177,1.010376
0.214844,-0.360107,0.843384
-0.612183,0.140869,0.761719
0.463989,-0.242432,1.015259
-0.219727,-0.297607,0.743530
-0.103149,0.198364,0.964355
0.270264,-0.338745,0.877319
-0.606445,0.126587,0.754517
0.437500,-0.178955,1.025391
-0.148193,-0.319824,0.750732
-0.169189,0.180908,0.936035
0.316040,-0.339355,0.895142
-0.599976,0.091553,0.742065
0.393677,-0.158813,1.012207
-0.085571,-0.358887,0.759521
-0.249512,0.197632,0.908691
0.360718,-0.328369,0.916382
-0.566528,0.051514,0.746216
0.331421,-0.088257,1.002808
-0.040771,-0.397217,0.762085
-0.315430,0.184326,0.871338
0.396484,-0.303833,0.934204
-0.541992,0.017700,0.737427
0.258301,-0.037964,0.990845
0.003906,-0.433105,0.761963
-0.374023,0.166382,0.845581
0.414185,-0.290649,0.952271
-0.501831,-0.062744,0.725586
0.176514,0.043457,1.007690
0.068115,-0.421143,0.782227
-0.446655,0.165527,0.820312
0.431885,-0.248657,0.964355
-0.452148,-0.115479,0.732544
0.085327,0.116577,1.023438
0.126587,-0.434326,0.803955
-0.510986,0.137817,0.796143
0.443604,-0.202759,1.001343
-0.357788,-0.160889,0.751953
-0.016602,0.150146,0.997559
0.211792,-0.442139,0.834473
-0.562134,0.100342,0.762329
0.449829,-0.187378,1.025269
-0.255493,-0.203125,0.765747
-0.097046,0.196533,0.979370
0.298096,-0.431030,0.879395
-0.565674,0.092896,0.759521
0.407104,-0.158447,1.018311
-0.139771,-0.289551,0.780273
-0.187134,0.194702,0.945068
0.341431,-0.386108,0.905396
-0.556641,0.047852,0.757080
0.372559,-0.113647,1.023804
-0.048584,-0.373413,0.768677
-0.281860,0.201904,0.894165
0.386963,-0.345215,0.938599
-0.536865,-0.050171,0.740723
0.295898,-0.106934,0.985474
0.007202,-0.418091,0.764648
-0.341064,0.182739,0.850342
0.420166,-0.277222,0.954102
-0.490845,-0.099731,0.744629
0.181519,-0.017456,0.989990
0.061401,-0.461792,0.774292
-0.417480,0.134644,0.808838
0.455811,-0.264648,0.982788
-0.444824,-0.091553,0.743408
0.092773,0.085205,1.013550
0.137451,-0.453735,0.803223
-0.488647,0.088135,0.780518
0.461792,-0.258545,1.008667
-0.366211,-0.167114,0.752319
0.002441,0.179077,1.021118
0.221313,-0.423828,0.840332
-0.536621,0.035278,0.756958
0.466064,-0.276367,1.023193
-0.271973,-0.220215,0.770996
-0.101196,0.212280,0.986450
0.304932,-0.405884,0.903320
-0.544189,0.029175,0.755493
0.425049,-0.213257,1.026611
-0.154541,-0.298950,0.780762
-0.170776,0.203003,0.961060
0.339844,-0.370117,0.914917
-0.530884,0.015991,0.763672
0.401245,-0.180664,1.038086
-0.062378,-0.372314,0.799072
-0.240845,0.179810,0.932251
0.386475,-0.384888,0.922729
-0.515381,-0.038208,0.741821
0.328735,-0.124023,1.010986
0.016113,-0.430298,0.796875
-0.302612,0.164917,0.898438
0.435913,-0.368652,0.953247
-0.502686,-0.072510,0.743164
0.237183,-0.032959,1.004150
0.065918,-0.465088,0.787842
-0.341553,0.098999,0.860718
0.444824,-0.315796,0.976562
-0.463379,-0.080200,0.745972
0.183594,0.027710,1.023560
0.108765,-0.456299,0.808472
-0.405884,0.093994,0.834717
0.467163,-0.307251,1.003662
-0.425659,-0.152832,0.747437
0.107666,0.080200,1.019287
0.166748,-0.449097,0.834229
-0.445435,0.081299,0.812866
0.482422,-0.292969,1.016846
-0.373169,-0.225220,0.735962
0.035034,0.115479,1.022705
0.244019,-0.455688,0.859619
-0.483887,0.038208,0.767090
0.470459,-0.265015,1.027100
-0.275635,-0.245483,0.788574
-0.040771,0.143555,1.010010
0.286011,-0.453613,0.878906
-0.505859,0.018188,0.747925
0.452881,-0.211304,1.053955
-0.201538,-0.230835,0.817749
-0.101074,0.177002,1.017212
0.350830,-0.459473,0.922363
-0.519531,0.009033,0.769897
0.426758,-0.167114,1.059204
-0.100098,-0.321655,0.802856
-0.187988,0.210571,1.002930
0.403442,-0.456055,0.944702
-0.494507,-0.067505,0.758667
0.371948,-0.100586,1.070068
-0.009399,-0.368164,0.819580
-0.230347,0.200562,0.965332
0.443726,-0.385986,0.990967
-0.469727,-0.109619,0.755493
0.322754,-0.098511,1.051270
0.044800,-0.429199,0.816650
-0.276978,0.154785,0.930908
0.482300,-0.334473,1.019165
-0.435303,-0.109253,0.794678
0.233643,-0.042114,1.047363
0.090210,-0.470947,0.813721
-0.326660,0.100586,0.881348
0.505005,-0.288696,1.049316
-0.410034,-0.095215,0.806152
0.163086,0.005737,1.036987
0.194824,-0.505737,0.848022
-0.394775,0.048096,0.837646
0.505615,-0.244507,1.069458
-0.338257,-0.182373,0.778687
0.067627,0.095703,1.031860
0.301025,-0.502197,0.895142
-0.449219,0.039551,0.803101
0.491455,-0.217407,1.072144
-0.243042,-0.230835,0.806152
-0.021851,0.154541,1.046875
0.345825,-0.464966,0.938965
-0.474609,-0.000854,0.792969
0.474976,-0.163452,1.101807
-0.131592,-0.263428,0.828613
-0.104248,0.213989,1.043701
0.417236,-0.412598,0.987915
-0.479370,-0.040039,0.798462
0.413208,-0.109619,1.105469
0.007324,-0.369019,0.847534
-0.166260,0.194092,1.014893
0.468750,-0.337158,1.037598
-0.466187,-0.057861,0.787598
0.362305,-0.067139,1.102661
0.084229,-0.417358,0.863403
-0.235840,0.147583,0.975708
0.492798,-0.288086,1.069946
-0.417480,-0.103760,0.801025
0.279419,-0.026978,1.087891
0.150391,-0.423462,0.890869
-0.332275,0.140991,0.928223
0.542114,-0.265625,1.103027
-0.365479,-0.172729,0.786377
0.174927,0.048584,1.078613
0.235229,-0.466675,0.901733
-0.376465,0.090820,0.889771
0.564331,-0.248901,1.115479
-0.293213,-0.184937,0.829346
0.065674,0.122192,1.061035
0.318359,-0.464844,0.946045
-0.427612,0.047241,0.840698
0.541748,-0.176880,1.143921
-0.183594,-0.230103,0.850342
-0.017578,0.208984,1.093872
0.378052,-0.429199,0.973633
-0.464478,0.009521,0.834229
0.518921,-0.168213,1.149292
-0.045532,-0.304321,0.899170
-0.110962,0.252319,1.090698
0.435425,-0.355347,1.014404
-0.461548,-0.012451,0.824463
0.451050,-0.136475,1.137939
0.065308,-0.398071,0.904541
-0.170410,0.199097,1.049194
0.475220,-0.302246,1.068848
-0.452393,-0.058228,0.786499
0.378662,-0.039795,1.143921
0.094482,-0.404297,0.898193
-0.246094,0.191895,1.043213
0.551147,-0.283325,1.123169
-0.418823,-0.076538,0.815674
0.279053,0.021606,1.114380
0.183716,-0.426025,0.920532
-0.314941,0.117432,0.954956
0.569214,-0.261230,1.156494
-0.327026,-0.166016,0.828247
0.172974,0.112671,1.099609
0.265991,-0.417480,0.943481
-0.380859,0.066284,0.897583
0.586792,-0.261353,1.159180
-0.246582,-0.264893,0.835815
0.086670,0.148193,1.104126
0.321045,-0.375244,0.983887
-0.426147,0.083862,0.867554
0.563721,-0.211182,1.160767
-0.160645,-0.306152,0.867798
0.010376,0.151367,1.091309
0.372559,-0.367310,0.999023
-0.440918,0.054932,0.853149
0.532715,-0.162720,1.159180
-0.036743,-0.343872,0.897461
-0.068237,0.175171,1.090454
0.422974,-0.356323,1.032715
-0.457275,0.017212,0.835327
0.495483,-0.105957,1.170288
0.030151,-0.354492,0.900513
-0.146240,0.191895,1.076538
0.469238,-0.312744,1.077637
-0.436035,-0.057617,0.825562
0.424438,-0.050537,1.170898
0.068970,-0.338013,0.915527
-0.230225,0.217041,1.052002
0.499512,-0.262695,1.104492
-0.404663,-0.108276,0.818237
0.341675,-0.015869,1.161743
0.132324,-0.391602,0.916748
-0.297485,0.166382,0.980835
0.558105,-0.241455,1.144897
-0.336914,-0.166870,0.824463
0.209839,0.062134,1.121826
0.228149,-0.411011,0.944580
-0.363647,0.101196,0.920410
0.584351,-0.218628,1.166138
-0.267334,-0.220215,0.831543
0.072510,0.151978,1.094971
0.330811,-0.407715,0.975220
-0.423218,0.061523,0.872559
0.546265,-0.190186,1.158936
-0.128784,-0.313843,0.867188
-0.031860,0.176758,1.093140
0.369995,-0.348999,0.999756
-0.445068,-0.007446,0.833984
0.524536,-0.171265,1.164551
-0.043091,-0.335083,0.875854
-0.099365,0.176880,1.078613
0.434448,-0.313599,1.050293
-0.492065,-0.011841,0.807007
0.452148,-0.106445,1.170410
0.006470,-0.341064,0.896118
-0.220581,0.207275,1.037720
0.509277,-0.294434,1.091797
-0.446533,-0.044556,0.803467
0.318848,-0.010498,1.132690
0.087891,-0.387817,0.882446
-0.292969,0.136475,0.975952
0.536377,-0.255493,1.137085
-0.373291,-0.138306,0.799316
0.223877,0.080811,1.129639
0.183594,-0.402954,0.914551
-0.408447,0.086182,0.902466
0.561768,-0.283325,1.131958
-0.323975,-0.245117,0.800659
0.136353,0.130859,1.120728
0.230103,-0.351685,0.924927
-0.453003,0.103638,0.881226
0.561523,-0.275269,1.122925
-0.251343,-0.289185,0.824097
0.040161,0.092529,1.073120
0.284302,-0.344116,0.948975
-0.478882,0.066162,0.829102
0.545410,-0.225708,1.130493
-0.148560,-0.336792,0.833496
-0.035278,0.113037,1.058960
0.338745,-0.350830,0.969360
-0.503052,0.051392,0.797363
0.490112,-0.156982,1.130371
-0.109985,-0.327271,0.827026
-0.113892,0.123901,1.040527
0.395996,-0.356689,1.004150
-0.513672,0.003418,0.792480
0.433472,-0.101318,1.135254
-0.080444,-0.347534,0.822388
-0.209351,0.176392,1.029419
0.432861,-0.357788,1.016357
-0.510986,-0.027832,0.792969
0.397339,-0.081421,1.134521
-0.044067,-0.339111,0.825928
-0.299438,0.205078,0.971924
0.460571,-0.320190,1.045166
-0.461182,-0.128174,0.767456
0.310303,-0.054199,1.100098
0.000488,-0.333496,0.829102
-0.369995,0.194946,0.935791
0.503174,-0.314453,1.067627
-0.418213,-0.188232,0.770874
0.208862,-0.013794,1.087524
0.068726,-0.362305,0.861694
-0.424316,0.157837,0.878296
0.515991,-0.280518,1.080200
-0.378662,-0.187012,0.793579
0.089355,0.061646,1.057617
0.161987,-0.393677,0.883667
-0.474731,0.089966,0.850098
0.499023,-0.265747,1.066895
-0.301636,-0.252441,0.786011
0.006592,0.116211,1.038208
0.255737,-0.378906,0.908081
-0.544312,0.055420,0.782471
0.468018,-0.215332,1.088379
-0.200439,-0.360474,0.754761
-0.093506,0.133301,1.022339
0.304810,-0.354858,0.923706
-0.533569,0.041382,0.776245
0.408691,-0.208618,1.070679
-0.185913,-0.395386,0.739014
-0.191528,0.129028,0.987549
0.386475,-0.365845,0.962891
-0.538086,0.022705,0.773071
0.330566,-0.066284,1.080444
-0.088989,-0.340942,0.803101
-0.315918,0.125610,0.919800
0.412109,-0.354858,0.989746
-0.524292,-0.058105,0.739624
0.268921,-0.039307,1.076050
-0.014771,-0.362793,0.812988
-0.428711,0.192993,0.890625
0.433594,-0.315430,1.001587
-0.468628,-0.143555,0.725220
0.156616,0.027222,1.049805
0.078125,-0.387817,0.833618
-0.505859,0.172241,0.846680
0.452759,-0.281616,1.032593
-0.410400,-0.208984,0.745728
0.043579,0.050537,1.026855
0.168823,-0.406006,0.860596
-0.554932,0.140259,0.808594
0.448364,-0.232178,1.025635
-0.293945,-0.267700,0.749146
-0.067261,0.117798,1.001221
0.247314,-0.402222,0.891602
-0.565186,0.059448,0.770874
0.429932,-0.203247,1.043091
-0.226685,-0.320312,0.728027
-0.195923,0.154907,0.959595
0.325439,-0.391724,0.920898
-0.571899,0.015503,0.753296
0.367798,-0.134766,1.048340
-0.167847,-0.338745,0.736084
-0.312500,0.190674,0.927368
0.374878,-0.369385,0.954102
-0.564331,-0.079956,0.724854
0.289795,-0.066406,1.052856
-0.094971,-0.378784,0.746826
-0.412598,0.221069,0.881958
0.399658,-0.322510,0.954224
-0.513428,-0.112305,0.714233
0.180664,-0.021606,1.029907
0.007202,-0.399048,0.804932
-0.514282,0.209106,0.842651
0.431396,-0.283447,0.988159
-0.450317,-0.161255,0.729736
0.041626,0.084717,1.014893
0.125366,-0.422485,0.830200
-0.545776,0.134644,0.816284
0.422974,-0.216187,1.017456
-0.341431,-0.230103,0.721313
-0.057739,0.135010,1.001099
0.224976,-0.411377,0.865234
-0.589966,0.060303,0.770752
0.402344,-0.170410,1.035400
-0.241455,-0.314453,0.704712
-0.191040,0.165894,0.956787
0.325806,-0.369507,0.923340
-0.602661,0.032227,0.748901
0.325562,-0.131836,1.008545
-0.154907,-0.361572,0.720947
-0.294067,0.175293,0.912964
0.371094,-0.331299,0.947510
-0.581665,0.020752,0.721924
0.246094,-0.041016,1.013672
-0.056641,-0.390869,0.769043
-0.411011,0.166626,0.879395
0.411255,-0.338989,0.956421
-0.569214,-0.044434,0.674805
0.136475,0.089355,0.998657
0.031982,-0.367432,0.789062
-0.494263,0.174805,0.862793
0.422119,-0.285156,0.979614
-0.480347,-0.134277,0.700806
0.062012,0.145752,1.022095
0.086060,-0.380981,0.797852
-0.557739,0.165283,0.819580
0.431152,-0.273560,0.994629
-0.379028,-0.217896,0.716309
0.001221,0.148438,1.013428
-0.285400,-0.280029,0.739258
-0.076782,0.117310,0.978882
0.229614,-0.378906,0.872314
-0.602417,0.122559,0.744873
0.407593,-0.139526,1.017334
-0.215820,-0.262329,0.729736
-0.150146,0.181641,0.970337
0.301147,-0.402344,0.885010
-0.613403,0.065430,0.719482
0.376709,-0.130615,1.012573
-0.164795,-0.319214,0.721558
-0.244019,0.197998,0.934814
0.367676,-0.390381,0.916748
-0.618164,0.031616,0.715942
0.320923,-0.112183,1.000000
-0.101807,-0.368530,0.731445
-0.332031,0.208862,0.873779
0.396973,-0.327271,0.934570
-0.561279,-0.007568,0.718262
0.253784,-0.030640,1.002441
-0.045898,-0.394165,0.737305
-0.415894,0.209961,0.857422
0.435059,-0.318604,0.957275
-0.520630,-0.058594,0.712891
0.147949,0.061279,0.999878
0.015991,-0.390381,0.764160
-0.478638,0.200439,0.842163
0.445923,-0.280396,0.984131
-0.451782,-0.100220,0.741089
0.059937,0.138672,1.014648
0.090698,-0.385864,0.795288
-0.537964,0.183960,0.831665
0.443726,-0.253174,0.995483
-0.361694,-0.188843,0.732056
0.017456,0.172485,1.016968
0.155518,-0.358398,0.817749
-0.588257,0.163330,0.795288
0.469238,-0.260254,1.020386
-0.270142,-0.274048,0.747192
-0.075195,0.185669,0.993652
0.230835,-0.345215,0.856323
-0.603760,0.156006,0.749756
0.445557,-0.227539,1.002075
-0.188477,-0.332153,0.754517
-0.116211,0.177490,0.969604
0.272461,-0.354370,0.876343
-0.616211,0.145142,0.752563
0.427002,-0.171021,1.011230
-0.120972,-0.315796,0.782959
-0.194092,0.181885,0.929565
0.317993,-0.376221,0.892334
-0.594116,0.098755,0.744507
0.381714,-0.114624,1.022583
-0.101807,-0.351562,0.738770
-0.234009,0.212036,0.922607
0.362183,-0.349976,0.908691
-0.561401,0.046265,0.755859
0.343506,-0.096069,1.014404
-0.077759,-0.394653,0.730713
-0.273438,0.171387,0.877197
0.399414,-0.310669,0.940796
-0.564575,0.025024,0.735229
0.308716,-0.055420,1.004883
-0.047974,-0.387329,0.733521
-0.314453,0.152344,0.857910
0.416870,-0.312378,0.958862
-0.549438,-0.022827,0.719116
0.246704,-0.025269,0.994263
-0.003296,-0.422974,0.739990
-0.350342,0.167725,0.847778
0.419678,-0.271118,0.967773
-0.520020,-0.061157,0.736694
0.190430,-0.027954,0.979614
0.045898,-0.451538,0.771362
-0.410400,0.154785,0.829224
0.438232,-0.245361,0.976807
-0.485107,-0.051636,0.741333
0.131592,0.062866,1.005615
0.078857,-0.408325,0.791870
-0.490479,0.159058,0.811646
0.484009,-0.290894,0.992920
-0.416260,-0.111328,0.759277
0.047485,0.148071,1.005493
0.156738,-0.417725,0.813232
-0.537109,0.159180,0.780273
0.452393,-0.244751,0.995972
-0.331299,-0.218140,0.753784
0.018555,0.163574,1.022949
0.175415,-0.373291,0.831543
-0.568237,0.135132,0.745728
0.478027,-0.271240,1.007935
-0.265991,-0.242065,0.792847
-0.047729,0.155518,1.001221
0.222778,-0.365601,0.859497
-0.572266,0.122437,0.736938
0.458252,-0.215942,1.014893
-0.209229,-0.220703,0.800293
-0.111450,0.157715,0.969116
0.283569,-0.428467,0.869629
-0.584595,0.043213,0.728516
0.424072,-0.167969,1.037354
-0.118286,-0.324219,0.768921
-0.168701,0.208252,0.976807
0.328857,-0.370728,0.910400
-0.584717,0.074707,0.751587
0.395264,-0.190796,1.011841
-0.060425,-0.378906,0.786865
-0.224243,0.197144,0.931152
0.379517,-0.329224,0.938965
-0.550537,0.029053,0.741089
0.302368,-0.123779,0.972290
-0.015015,-0.397095,0.792114
-0.237671,0.075195,0.881714
0.413086,-0.306641,0.969727
-0.548828,0.021484,0.740967
0.237915,0.010254,0.990479
0.027710,-0.402710,0.790649
-0.307495,0.056885,0.864502
0.453979,-0.368042,0.977051
-0.539795,-0.025635,0.728882
0.194946,0.011108,0.982544
0.070068,-0.417236,0.779175
-0.362671,0.108032,0.831055
0.472412,-0.317017,0.988403
-0.498413,-0.059326,0.760742
0.132812,-0.013184,0.974365
0.120239,-0.506348,0.795532
-0.408691,0.075806,0.812622
0.464966,-0.259033,1.013916
-0.452515,-0.078979,0.752075
0.083618,0.087036,1.012573
0.152222,-0.461426,0.820068
-0.443115,0.053345,0.803467
0.481323,-0.300171,1.009155
-0.402344,-0.160156,0.747314
0.023438,0.154297,1.027832
0.216309,-0.418945,0.854126
-0.492432,0.033936,0.761597
0.474731,-0.330566,1.018799
-0.334473,-0.251831,0.743530
-0.014648,0.166138,1.019043
0.255859,-0.400269,0.880371
-0.525024,0.047974,0.761597
0.475708,-0.291870,1.028076
-0.236816,-0.299072,0.794800
-0.068481,0.152832,1.008179
0.293823,-0.402832,0.896484
-0.537476,0.038696,0.748779
0.448975,-0.238770,1.045044
-0.142334,-0.294067,0.817749
-0.117676,0.194702,1.011475
0.333862,-0.410889,0.912231
-0.528931,0.035889,0.766357
0.417480,-0.200562,1.032715
-0.096436,-0.325928,0.819092
-0.142334,0.161499,0.996460
0.420776,-0.376953,0.942871
-0.546997,0.004150,0.731934
0.262085,-0.045654,0.990601
0.027588,-0.450806,0.770752
-0.311523,0.117432,0.870972
0.442261,-0.357666,0.954102
-0.518188,-0.011597,0.752319
0.197144,0.028687,1.001099
0.056030,-0.450806,0.765747
-0.361206,0.109619,0.844849
0.450195,-0.359985,0.956055
-0.479614,-0.089233,0.742554
0.165527,0.029053,1.018311
0.088623,-0.441895,0.782349
-0.430420,0.154175,0.823120
0.462769,-0.344360,0.974121
-0.419312,-0.169434,0.757446
0.103516,0.055420,1.014771
0.128662,-0.438232,0.810791
-0.471069,0.106323,0.777954
0.480957,-0.280396,1.019775
-0.368896,-0.155762,0.767334
0.016602,0.110840,1.005859
0.208130,-0.474365,0.828125
-0.491699,0.040039,0.754395
0.482666,-0.266357,1.035156
-0.274902,-0.219971,0.781860
-0.065674,0.183228,1.004517
0.267578,-0.432007,0.877930
-0.528076,0.001709,0.744141
0.459229,-0.268799,1.037231
-0.184814,-0.284546,0.798096
-0.110352,0.202637,1.004761
0.322021,-0.348877,0.934448
-0.555054,0.046753,0.748779
0.404663,-0.225342,1.027710
-0.078491,-0.344971,0.844238
-0.162720,0.156006,0.968872
0.368164,-0.372925,0.944214
-0.544922,0.033569,0.748779
0.364258,-0.149902,1.030151
0.001709,-0.402222,0.827026
-0.220337,0.156128,0.957886
0.385986,-0.372925,0.953003
-0.496094,-0.080444,0.748657
0.342896,-0.122559,1.041626
0.051758,-0.430176,0.808594
-0.303955,0.196289,0.924194
0.445801,-0.357666,0.982056
-0.460327,-0.107910,0.749146
0.272217,-0.074829,1.024170
0.081543,-0.453369,0.817749
-0.336426,0.147583,0.902954
0.477295,-0.335449,1.006592
-0.437744,-0.137085,0.762451
0.196533,-0.016479,1.024902
0.107178,-0.424927,0.825562
-0.361450,0.100952,0.877075
0.513672,-0.307373,1.040894
-0.414673,-0.130249,0.768555
0.121704,0.059448,1.039429
0.195923,-0.494019,0.857056
-0.418457,0.062256,0.834106
0.516602,-0.288940,1.065063
-0.342529,-0.191284,0.782715
0.040527,0.130859,1.034546
0.270874,-0.463989,0.897339
-0.457642,0.014771,0.805420
0.509888,-0.250366,1.090576
-0.265869,-0.227905,0.804565
-0.016479,0.176270,1.043091
0.316284,-0.438477,0.910889
-0.477417,-0.007324,0.794922
0.495239,-0.261597,1.089600
-0.185303,-0.284668,0.837524
-0.065308,0.191528,1.023315
0.348755,-0.380371,0.955566
-0.491577,0.013672,0.796387
0.464966,-0.211304,1.093872
-0.124756,-0.349609,0.818848
-0.082764,0.191772,1.045776
0.393677,-0.375000,0.982422
-0.504395,0.039185,0.799316
0.450928,-0.216187,1.071167
-0.040771,-0.373413,0.861938
-0.134155,0.174438,1.032593
0.428101,-0.377808,0.996460
-0.491699,0.000000,0.787720
0.407593,-0.136353,1.093750
0.037720,-0.413208,0.862671
-0.172729,0.182983,1.027344
0.455078,-0.359009,1.030884
-0.464600,-0.058838,0.786255
0.384033,-0.090332,1.101440
0.081299,-0.400391,0.865112
-0.234131,0.207642,1.016846
0.487793,-0.326172,1.052246
-0.430298,-0.115967,0.788208
0.352173,-0.061523,1.100342
0.091675,-0.393311,0.891724
-0.280884,0.194092,0.995117
0.516724,-0.313232,1.071533
-0.413574,-0.114014,0.799927
0.301270,-0.020630,1.104614
0.132690,-0.402100,0.899658
-0.315674,0.170044,0.963745
0.544556,-0.264648,1.113525
-0.371216,-0.183105,0.802124
0.244141,0.026855,1.117065
0.194946,-0.412354,0.927246
-0.353394,0.135010,0.901733
0.550293,-0.237427,1.117188
-0.308228,-0.212402,0.825928
0.190796,0.053589,1.108887
0.254150,-0.439819,0.922974
-0.391846,0.119507,0.867310
0.556519,-0.222900,1.133911
-0.257812,-0.234375,0.833740
0.098145,0.109253,1.089600
0.306885,-0.442139,0.952637
-0.399902,0.068848,0.861572
0.563965,-0.211060,1.131836
-0.221313,-0.215820,0.864136
0.015625,0.162109,1.072632
0.363770,-0.446289,0.992310
-0.421509,0.036743,0.850098
0.530396,-0.159546,1.154419
-0.142700,-0.221924,0.881226
-0.043213,0.216187,1.087402
0.413330,-0.396484,1.007324
-0.437134,-0.014282,0.840576
0.500366,-0.129150,1.163086
-0.034790,-0.278809,0.904785
-0.087891,0.213257,1.093994
0.444702,-0.358398,1.039551
-0.457153,-0.029053,0.839966
0.473755,-0.104614,1.171265
0.043457,-0.356689,0.907837
-0.144043,0.208862,1.077881
0.464722,-0.278687,1.084839
-0.451538,-0.042725,0.816895
0.423462,-0.089111,1.162598
0.057129,-0.368652,0.907349
-0.223389,0.199097,1.041992
0.526611,-0.256348,1.126831
-0.397827,-0.082275,0.819702
0.322144,-0.007080,1.146973
0.157471,-0.432495,0.926025
-0.294434,0.153076,0.990723
0.558472,-0.256104,1.141602
-0.349487,-0.137695,0.824585
0.206299,0.085938,1.128174
0.258789,-0.434448,0.952637
-0.349854,0.077271,0.926880
0.567749,-0.227905,1.165894
-0.274170,-0.236816,0.839966
0.103149,0.123901,1.108154
0.306396,-0.401855,0.963135
-0.415039,0.072510,0.887817
0.578003,-0.219238,1.162598
-0.169922,-0.266479,0.870728
0.001587,0.207642,1.094727
0.368774,-0.380371,0.982178
-0.439453,0.012451,0.842407
0.535400,-0.193604,1.165649
-0.076660,-0.363770,0.869995
-0.037720,0.175781,1.093994
0.405396,-0.349487,1.010986
-0.473755,0.017578,0.832642
0.510742,-0.170776,1.161865
-0.028931,-0.373901,0.865967
-0.099976,0.186890,1.086548
0.431519,-0.316650,1.038940
-0.482422,-0.001343,0.822754
0.493164,-0.137329,1.175415
0.005981,-0.367920,0.890259
-0.198975,0.202148,1.043457
0.459351,-0.299927,1.057861
-0.455444,-0.037109,0.820068
0.428711,-0.114624,1.161987
0.027466,-0.371582,0.896606
-0.234131,0.225464,1.038086
0.487183,-0.291626,1.067383
-0.443726,-0.040405,0.812988
0.366577,-0.062988,1.148315
0.072021,-0.375000,0.917358
-0.285034,0.154419,0.997437
0.514404,-0.289551,1.095581
-0.425049,-0.109253,0.801392
0.301636,0.001709,1.142578
0.123169,-0.395996,0.907837
-0.322266,0.167725,0.965576
0.528198,-0.268433,1.098145
-0.390137,-0.158081,0.787231
0.245361,0.015381,1.115234
0.170532,-0.418701,0.913940
-0.387695,0.173584,0.926880
0.524658,-0.271240,1.088867
-0.366455,-0.187012,0.793579
0.182007,0.047363,1.102173
0.197876,-0.412842,0.925537
-0.403076,0.126709,0.904663
0.534546,-0.240356,1.113892
-0.355835,-0.191284,0.793335
0.123413,0.092041,1.096069
0.218750,-0.407959,0.925049
-0.409424,0.079346,0.878906
0.531616,-0.226685,1.116943
-0.348999,-0.203491,0.792358
0.083252,0.075684,1.068359
0.252441,-0.407715,0.934204
-0.452515,0.092407,0.863037
0.523071,-0.206299,1.114746
-0.277588,-0.231201,0.814697
0.020264,0.106689,1.051880
0.279785,-0.414673,0.933594
-0.461548,0.048218,0.846069
0.507202,-0.192383,1.115967
-0.213623,-0.279175,0.795898
-0.043945,0.140259,1.041138
0.323242,-0.399780,0.946167
-0.485718,0.002319,0.810547
0.497681,-0.177734,1.124268
-0.167603,-0.309204,0.792725
-0.128662,0.142334,1.002808
0.354248,-0.365967,0.967896
-0.498413,-0.033813,0.789795
0.450928,-0.169067,1.116943
-0.129761,-0.325317,0.785400
-0.215088,0.204590,0.996704
0.388794,-0.324463,0.988770
-0.512939,-0.064575,0.764282
0.398438,-0.142944,1.110229
-0.088745,-0.345215,0.800415
-0.296265,0.209961,0.961060
0.437256,-0.309692,1.018799
-0.508057,-0.095581,0.740112
0.302124,-0.076416,1.086914
-0.013306,-0.386230,0.828125
-0.363281,0.170288,0.918579
0.454834,-0.302124,1.030029
-0.480103,-0.089722,0.749512
0.216675,-0.002197,1.076782
0.066528,-0.394165,0.845825
-0.442749,0.145264,0.883545
0.471313,-0.275269,1.058594
-0.443237,-0.174072,0.743042
0.091553,0.095215,1.053345
0.146851,-0.398071,0.864868
-0.489014,0.093994,0.837891
0.462280,-0.255859,1.051880
-0.340820,-0.237793,0.761475
0.011230,0.134155,1.045288
0.214722,-0.389526,0.870605
-0.547485,0.087158,0.795410
0.461792,-0.255737,1.044556
-0.233887,-0.314697,0.754395
-0.091431,0.140869,0.998047
0.263062,-0.365967,0.888550
-0.554688,0.023315,0.764893
0.444580,-0.223267,1.064575
-0.194458,-0.347900,0.738403
-0.192017,0.176636,0.981323
0.316895,-0.360718,0.911499
-0.579712,0.006836,0.739990
0.381470,-0.179932,1.046143
-0.158569,-0.360107,0.745605
-0.287109,0.176147,0.942993
0.382812,-0.339722,0.962524
-0.575806,-0.014160,0.736084
0.294922,-0.097290,1.038940
-0.091431,-0.382935,0.767944
-0.368408,0.191040,0.913086
0.402710,-0.323364,0.971313
-0.521973,-0.048828,0.731201
0.210327,-0.021729,1.032349
-0.034546,-0.369995,0.795410
-0.453857,0.179932,0.869019
0.443359,-0.324707,1.002319
-0.505615,-0.125854,0.697754
0.120117,0.076050,1.026001
0.062622,-0.400391,0.811646
-0.518799,0.177002,0.842651
0.437256,-0.300781,0.990601
-0.411743,-0.173584,0.753662
0.024902,0.098389,1.016479
0.136230,-0.408325,0.828247
-0.552246,0.148560,0.806030
0.436890,-0.229980,1.010010
-0.325684,-0.203247,0.749878
-0.029541,0.129395,1.009521
0.180176,-0.391602,0.860352
-0.595947,0.098755,0.785889
0.436157,-0.243286,1.013184
-0.263428,-0.285522,0.724731
-0.138672,0.152466,0.956055
0.271240,-0.366333,0.886963
-0.598022,0.060913,0.754028
0.386841,-0.177979,1.025269
-0.202759,-0.386475,0.704346
-0.205566,0.152710,0.942749
0.321533,-0.329834,0.924683
-0.617798,0.058472,0.731445
0.328613,-0.157471,1.005127
-0.128662,-0.384766,0.744629
-0.286987,0.151245,0.909668
0.347656,-0.312866,0.939331
-0.604492,0.037598,0.704834
0.241577,-0.060791,0.993164
-0.059204,-0.403198,0.759521
-0.379395,0.172363,0.893555
0.392700,-0.297363,0.960449
-0.550293,-0.041870,0.701416
0.155151,0.032593,0.989868
-0.013916,-0.382202,0.764404
-0.469604,0.169067,0.854370
0.427979,-0.285522,0.993042
-0.511230,-0.095459,0.685425
0.090576,0.122192,1.016113
0.069336,-0.377319,0.792236
-0.533813,0.189697,0.821533
0.424438,-0.257690,0.982788
-0.413330,-0.144531,0.735962
0.038208,0.104248,1.004272
0.154785,-0.414917,0.829224
-0.596558,0.200806,0.809692
0.427246,-0.215088,0.988159
-0.327515,-0.204346,0.747314
-0.049683,0.145386,0.982666
0.210083,-0.402344,0.858887
-0.602783,0.141724,0.774780
0.407471,-0.162598,1.008789
-0.238770,-0.280029,0.729004
-0.141602,0.185059,0.964355
0.274048,-0.394897,0.882812
-0.609131,0.103394,0.752197
0.392822,-0.142822,1.016113
-0.166504,-0.333374,0.729980
-0.217407,0.209595,0.938354
0.335938,-0.361572,0.910522
-0.605347,0.060669,0.731201
0.351685,-0.133545,1.011719
-0.110474,-0.379028,0.732788
-0.306885,0.203979,0.892090
0.375488,-0.340942,0.918091
-0.576294,0.023193,0.716064
0.262207,-0.035034,1.005127
-0.057739,-0.399536,0.731201
-0.375366,0.195190,0.870239
0.409912,-0.307861,0.948242
-0.547607,-0.018433,0.719604
0.176270,0.013794,0.986084
0.005005,-0.398315,0.766724
-0.458496,0.190308,0.852905
0.440552,-0.268921,0.981201
-0.478027,-0.065674,0.750854
0.082642,0.109741,1.000854
0.079102,-0.393066,0.799072
-0.524658,0.172729,0.831421
0.451294,-0.256714,0.993652
-0.378540,-0.136353,0.752075
0.003052,0.208130,1.021240
0.175171,-0.376953,0.829346
-0.573364,0.142090,0.786499
0.443604,-0.226685,1.013306
-0.262451,-0.239502,0.760376
-0.074707,0.196533,0.989258
0.231445,-0.345581,0.854248
-0.609253,0.117676,0.746826
0.440796,-0.214966,1.015137
-0.160034,-0.326294,0.767090
-0.140625,0.194458,0.948608
0.285034,-0.332397,0.875244
-0.617554,0.119751,0.749634
0.398926,-0.176147,1.004761
-0.078369,-0.390991,0.770020
-0.198120,0.160522,0.904663
0.337158,-0.305176,0.900513
-0.592773,0.117676,0.726318
0.333618,-0.095947,0.979126
-0.026978,-0.370361,0.765381
-0.293579,0.176147,0.882568
0.387329,-0.331177,0.925903
-0.560669,0.023560,0.716675
0.291626,-0.033936,0.993774
-0.018555,-0.373535,0.747437
-0.363403,0.195801,0.849854
0.423218,-0.330688,0.942871
-0.535400,-0.049316,0.725220
0.229858,-0.041626,0.985962
0.013428,-0.382690,0.779175
-0.418945,0.198730,0.837891
0.435791,-0.264160,0.975342
-0.475464,-0.111206,0.736450
0.145752,0.028564,1.012207
0.061279,-0.416138,0.780151
-0.456665,0.194946,0.832642
0.453857,-0.244507,0.975220
-0.437622,-0.090698,0.761353
0.052979,0.081787,0.998657
0.135742,-0.446533,0.811768
-0.506348,0.151123,0.789551
0.458618,-0.201294,0.999512
-0.343750,-0.130981,0.770752
-0.037598,0.184082,1.013916
0.216797,-0.458740,0.837524
-0.565552,0.098755,0.757080
0.461548,-0.221924,1.022583
-0.226318,-0.223999,0.779541
-0.123657,0.238770,0.987793
0.269775,-0.354004,0.886963
-0.596069,0.085327,0.741821
0.448975,-0.249146,1.022339
-0.126709,-0.322021,0.797607
-0.189209,0.205566,0.940186
0.312744,-0.326050,0.902344
-0.562744,0.055664,0.742432
0.397705,-0.147461,1.030029
-0.049927,-0.365356,0.782104
-0.254639,0.191650,0.911255
0.381714,-0.378052,0.921143
-0.556885,-0.007935,0.718262
0.314209,-0.087402,0.999023
0.001465,-0.405884,0.761108
-0.305908,0.169556,0.871704
0.435913,-0.365234,0.955566
-0.541504,-0.058350,0.721191
0.218628,-0.047485,0.972900
0.057983,-0.440308,0.774292
-0.339844,0.130615,0.848755
0.439697,-0.288452,0.976196
-0.517334,-0.079712,0.719604
0.166870,-0.029053,0.984985
0.086060,-0.465088,0.780273
-0.430664,0.114624,0.802734
0.467896,-0.255249,0.995483
-0.416382,-0.149658,0.745361
0.048584,0.101685,1.004272
0.160522,-0.480713,0.802124
-0.482056,0.079224,0.774658
0.470825,-0.252075,1.006348
-0.349243,-0.129639,0.775146
-0.036621,0.144531,0.995972
0.248901,-0.467163,0.854614
-0.541504,0.028442,0.733521
0.451294,-0.233032,1.023315
-0.209717,-0.243408,0.807007
-0.116821,0.193115,1.000244
0.294678,-0.413940,0.898682
-0.562134,0.024414,0.747437
0.415527,-0.193237,1.040161
-0.061646,-0.339111,0.815552
-0.193848,0.210205,0.991333
0.340698,-0.368896,0.918945
-0.544800,0.012207,0.751709
0.354614,-0.147949,1.028442
0.026245,-0.436035,0.797485
-0.252441,0.158447,0.920410
0.391479,-0.342651,0.952759
-0.513550,-0.081909,0.726929
0.273438,-0.080322,1.007812
0.083984,-0.499756,0.788818
-0.333618,0.123901,0.883057
0.449951,-0.346802,0.982300
-0.463135,-0.100830,0.742554
0.162964,0.041870,1.003296
0.112183,-0.456909,0.810913
-0.391357,0.103638,0.859741
0.482300,-0.321777,1.007935
-0.414795,-0.156494,0.749756
0.071777,0.105347,1.009888
0.178223,-0.470215,0.823853
-0.445190,0.049927,0.807373
0.500366,-0.308960,1.031860
-0.330688,-0.215210,0.777710
0.001099,0.156738,1.019531
0.260986,-0.437500,0.872559
-0.486450,0.018799,0.768799
0.458252,-0.244751,1.036255
-0.229736,-0.248779,0.816895
-0.064697,0.149658,1.013184
0.339355,-0.453613,0.914795
-0.525513,0.064453,0.767090
0.426880,-0.189087,1.040283
-0.123047,-0.252441,0.844360
-0.131958,0.174316,1.004028
0.365845,-0.398926,0.955078
-0.507080,-0.031616,0.768677
0.411133,-0.148682,1.072998
-0.022949,-0.360229,0.829834
-0.233154,0.195068,0.975464
0.432861,-0.386353,0.982666
-0.473511,-0.088379,0.765991
0.312256,-0.083374,1.057617
0.076416,-0.437256,0.829346
-0.285522,0.172729,0.939575
0.477051,-0.329956,1.015625
-0.431885,-0.102417,0.782959
0.237061,-0.019287,1.045044
0.107056,-0.454956,0.844360
-0.326660,0.082520,0.896851
0.525513,-0.310669,1.068726
-0.410400,-0.141724,0.766846
0.144897,0.070679,1.045044
0.215576,-0.446167,0.886963
-0.387085,0.063110,0.875977
0.530029,-0.298706,1.080933
-0.350220,-0.230103,0.769043
0.084106,0.150635,1.067993
0.285034,-0.443115,0.908813
-0.454224,0.055176,0.828125
0.522217,-0.282349,1.093750
-0.267700,-0.268311,0.795898
0.033447,0.157837,1.059326
0.327393,-0.413940,0.947144
-0.463135,0.038574,0.807739
0.494263,-0.212402,1.092896
-0.197754,-0.267822,0.824463
-0.026123,0.187988,1.070557
0.391113,-0.452881,0.969238
-0.486572,0.046143,0.813965
0.473267,-0.151611,1.106201
-0.098511,-0.303833,0.844971
-0.081665,0.193970,1.076904
0.414307,-0.380615,1.009644
-0.486572,0.013550,0.810181
0.455444,-0.135376,1.119873
0.002930,-0.385864,0.851929
-0.124268,0.189331,1.065674
0.436279,-0.335083,1.037842
-0.494751,-0.016846,0.796021
0.448608,-0.143311,1.123413
0.061279,-0.401855,0.871094
-0.186035,0.196167,1.045410
0.468384,-0.297363,1.064331
-0.467529,-0.069702,0.786255
0.407471,-0.115479,1.123779
0.078247,-0.395142,0.886597
-0.233521,0.198608,1.014893
0.509033,-0.293457,1.079224
-0.440674,-0.064697,0.797729
0.352295,-0.071411,1.115479
0.124023,-0.407959,0.915161
-0.270020,0.178345,1.006836
0.522339,-0.256470,1.101440
-0.402222,-0.113403,0.815796
0.278809,-0.026123,1.104736
0.175293,-0.432739,0.922485
-0.299194,0.145142,0.960938
0.558838,-0.239502,1.142944
-0.375122,-0.140015,0.813599
0.214478,0.038696,1.091553
0.231689,-0.464844,0.928345
-0.325317,0.096802,0.926636
0.565186,-0.219727,1.143555
-0.339355,-0.160767,0.811401
0.171753,0.093750,1.106567
0.288574,-0.456177,0.963867
-0.380737,0.083496,0.902466
0.567749,-0.224121,1.147339
-0.277954,-0.203491,0.833374
0.108276,0.151611,1.099121
0.336060,-0.413208,0.985107
-0.422729,0.053955,0.868164
0.558838,-0.215576,1.154053
-0.191284,-0.248779,0.866821
0.032593,0.175415,1.098755
0.348511,-0.354492,0.989502
-0.434082,0.027588,0.857422
0.559326,-0.191528,1.177490
-0.109497,-0.301514,0.879150
0.382324,-0.340576,1.001099
-0.434570,-0.007446,0.849121
0.534302,-0.168945,1.171997
-0.005127,-0.347046,0.899658
-0.104736,0.215088,1.072144
0.443726,-0.322998,1.041016
-0.469116,0.008789,0.821533
0.455688,-0.115234,1.156494
0.031494,-0.407715,0.889893
-0.147339,0.175049,1.060669
0.479858,-0.296143,1.087524
-0.447876,-0.014893,0.826538
0.399658,-0.043823,1.158569
0.062134,-0.380127,0.914062
-0.227417,0.187622,1.046387
0.517700,-0.268433,1.125000
-0.411987,-0.111206,0.811279
0.365601,-0.002563,1.177856
0.084473,-0.351562,0.904907
-0.283447,0.178467,1.013428
0.569458,-0.299438,1.143066
-0.398804,-0.119873,0.805664
0.299316,0.064209,1.161255
0.115356,-0.410278,0.900269
-0.291626,0.085693,0.972656
0.560425,-0.269775,1.161865
-0.388916,-0.193237,0.799194
0.269409,0.051514,1.161987
0.155273,-0.374390,0.910767
-0.355591,0.159912,0.931885
0.566650,-0.289429,1.124878
-0.359619,-0.227295,0.789795
0.241577,0.012817,1.135620
0.191772,-0.386230,0.928223
-0.385742,0.180786,0.926025
0.570923,-0.282227,1.112549
-0.339111,-0.186157,0.818481
0.169800,0.051270,1.100830
0.235840,-0.415527,0.947632
-0.379272,0.115967,0.900146
0.538574,-0.216553,1.124756
-0.319946,-0.209717,0.809570
0.120117,0.062988,1.087891
0.257568,-0.434326,0.945312
-0.427612,0.103760,0.890015
0.549316,-0.198853,1.140381
-0.283813,-0.219971,0.825928
0.061523,0.092896,1.078979
0.284546,-0.404663,0.957520
-0.440918,0.067871,0.866089
0.542358,-0.177124,1.138916
-0.234009,-0.245361,0.830933
-0.001343,0.103394,1.052612
0.323853,-0.408691,0.968018
-0.469482,0.011475,0.833984
0.514404,-0.167603,1.145264
-0.139648,-0.329590,0.807983
-0.046387,0.158569,1.066650
0.334106,-0.381470,0.955811
-0.504395,-0.014526,0.795776
0.502197,-0.201294,1.131104
-0.109741,-0.321655,0.811035
-0.138184,0.206787,1.046021
0.376587,-0.342651,0.976685
-0.498657,-0.035156,0.795410
0.457275,-0.166016,1.134521
-0.101074,-0.328247,0.824951
-0.213989,0.200439,1.010742
0.426025,-0.324341,1.010864
-0.506714,-0.036621,0.775879
0.387085,-0.130127,1.115967
-0.068481,-0.365356,0.819336
-0.260864,0.168579,0.969360
0.455688,-0.309692,1.033447
-0.492432,-0.029785,0.766113
0.309814,-0.064575,1.099121
-0.013550,-0.360352,0.840332
-0.321411,0.136597,0.933350
0.466553,-0.280396,1.060059
-0.456543,-0.121704,0.741821
0.221558,0.036865,1.093140
0.055786,-0.394165,0.837158
-0.404541,0.131104,0.903931
0.482422,-0.278198,1.061401
-0.423096,-0.171753,0.751709
0.135376,0.092773,1.077881
0.112305,-0.395020,0.847778
-0.463501,0.113159,0.855347
0.499023,-0.295654,1.058594
-0.392456,-0.175659,0.767456
0.073608,0.100708,1.045044
0.173950,-0.370117,0.865479
-0.525879,0.092651,0.815674
0.497803,-0.295776,1.058594
-0.291504,-0.271118,0.776978
0.000122,0.124634,1.036987
0.198730,-0.383057,0.865479
-0.538330,0.093018,0.802612
0.491211,-0.162476,1.130371
-0.272339,-0.312866,0.758789
-0.134399,0.145508,1.033203
0.259277,-0.384399,0.899658
-0.509033,-0.011353,0.794189
0.432983,-0.121216,1.127686
-0.096680,-0.344360,0.807007
-0.191040,0.173584,1.027344
0.438232,-0.312744,1.028320
-0.522583,-0.010132,0.776123
0.397827,-0.140137,1.111328
-0.031860,-0.373657,0.829346
-0.262207,0.187134,0.971558
0.425537,-0.280273,1.024780
-0.492798,-0.050781,0.772339
0.340332,-0.101440,1.116089
0.003418,-0.377930,0.842529
-0.329102,0.173462,0.941895
0.463257,-0.278198,1.050171
-0.471558,-0.091187,0.764282
0.257935,-0.030518,1.099609
0.059692,-0.413574,0.857544
-0.412598,0.146484,0.898315
0.488403,-0.279419,1.068970
-0.417480,-0.138062,0.757324
0.154663,0.087280,1.084961
0.109985,-0.385132,0.868408
-0.465576,0.109863,0.877441
0.494263,-0.305908,1.057983
-0.386719,-0.221802,0.760986
0.086060,0.153076,1.069336
0.167114,-0.346680,0.868896
-0.493652,0.084595,0.832153
0.491455,-0.295288,1.054443
-0.301025,-0.297241,0.772583
0.026245,0.104980,1.038208
0.206055,-0.393188,0.878906
-0.525879,0.076172,0.800415
0.468750,-0.244629,1.048340
-0.264771,-0.289673,0.751953
-0.038940,0.132446,1.016357
0.260498,-0.396973,0.888916
-0.545044,0.074219,0.793945
0.446533,-0.209351,1.051270
-0.233643,-0.308838,0.749268
-0.114868,0.137695,0.997559
0.301270,-0.408325,0.914185
-0.551392,0.028809,0.771118
0.441650,-0.191040,1.069824
-0.210571,-0.320557,0.724731
-0.190796,0.187744,0.980469
0.342773,-0.377563,0.931152
-0.566772,-0.002197,0.759155
0.410767,-0.175659,1.073120
-0.162109,-0.356445,0.748657
-0.283936,0.187256,0.933105
0.357910,-0.351196,0.938354
-0.562500,-0.037476,0.762451
0.361328,-0.157593,1.064209
-0.129517,-0.351074,0.765137
-0.337524,0.178711,0.898926
0.375244,-0.327881,0.963257
-0.545044,-0.061279,0.724609
0.284180,-0.086304,1.045166
-0.079712,-0.386963,0.761108
-0.376465,0.161865,0.885986
0.396851,-0.303467,0.976685
-0.538940,-0.061157,0.720215
0.203125,-0.030396,1.029175
-0.016968,-0.409546,0.789429
-0.443237,0.166870,0.871948
0.416748,-0.279297,1.000610
-0.520020,-0.095581,0.707764
0.118774,0.038818,1.014771
0.045044,-0.406738,0.808350
-0.507812,0.157715,0.851318
0.446167,-0.304565,1.004883
-0.449707,-0.147705,0.723633
0.043091,0.126099,1.019409
0.100708,-0.360718,0.828491
-0.536377,0.131592,0.839111
0.450562,-0.291748,1.015137
-0.385986,-0.251953,0.708496
0.005005,0.142578,1.015869
0.135498,-0.383789,0.812622
-0.590698,0.158569,0.787231
0.468872,-0.268677,1.033325
-0.322998,-0.275513,0.729126
-0.050659,0.141602,1.001587
0.182983,-0.404907,0.834351
-0.611084,0.145752,0.779419
0.456299,-0.264648,1.011841
-0.280396,-0.280273,0.740234
-0.091431,0.169922,0.983887
0.215454,-0.413574,0.833252
-0.607178,0.134277,0.773560
0.437744,-0.242310,1.014038
-0.262939,-0.280273,0.734253
-0.120117,0.174927,0.982666
0.268433,-0.419434,0.865967
-0.629395,0.128174,0.758545
0.421143,-0.207397,1.005493
-0.231323,-0.291504,0.730225
-0.138550,0.175537,0.972290
0.285034,-0.391235,0.887451
-0.633545,0.110229,0.735962
0.405151,-0.190918,1.009888
-0.203857,-0.324341,0.731567
-0.193604,0.167480,0.950195
0.311035,-0.375488,0.899414
-0.620483,0.074341,0.720825
0.388062,-0.153076,1.017822
-0.168091,-0.333740,0.723633
-0.249023,0.188599,0.927979
0.335449,-0.361206,0.905518
-0.618042,0.062500,0.722778
0.363525,-0.158203,1.013916
-0.130005,-0.380371,0.719849
-0.282227,0.210205,0.913208
0.348999,-0.306030,0.921753
-0.612793,0.034058,0.705811
0.309570,-0.135742,0.998413
-0.071167,-0.434082,0.729614
-0.331421,0.224731,0.901611
0.374268,-0.296997,0.933105
-0.602539,0.081299,0.717529
0.246338,-0.078491,0.971191
-0.038818,-0.411011,0.761353
-0.389893,0.164429,0.867554
0.417969,-0.296265,0.957275
-0.561768,0.056274,0.713989
0.152832,0.058350,0.980469
0.027588,-0.385620,0.793579
-0.436890,0.140747,0.850098
0.409424,-0.266724,0.978271
-0.461182,-0.057251,0.734253
0.065552,0.154663,0.999390
0.096802,-0.375488,0.794067
-0.535522,0.178589,0.814697
0.451050,-0.290649,0.970337
-0.407227,-0.123535,0.750366
0.019531,0.174316,1.012329
0.144653,-0.402222,0.825684
-0.560913,0.181885,0.816162
0.438965,-0.220947,0.997070
-0.343262,-0.197021,0.737183
-0.007690,0.175537,1.008667
0.185547,-0.377197,0.853760
-0.576782,0.152588,0.783569
0.434326,-0.202881,1.008179
-0.269287,-0.235229,0.749146
-0.060181,0.201782,0.989868
0.225342,-0.357422,0.864746
-0.590088,0.139648,0.766479
0.433350,-0.184692,1.015381
-0.197998,-0.298218,0.753784
-0.100830,0.203979,0.981689
0.260376,-0.336060,0.876709
-0.613525,0.132446,0.747559
0.444336,-0.195557,1.021484
-0.146362,-0.324097,0.759399
-0.156006,0.191895,0.952881
0.308472,-0.357178,0.890747
-0.610229,0.101318,0.746338
0.406006,-0.157104,1.018188
-0.101196,-0.341675,0.767456
-0.224243,0.213623,0.931885
0.350464,-0.350952,0.909912
-0.581055,0.073730,0.745239
0.365723,-0.125244,1.012451
-0.062378,-0.381226,0.760742
-0.283081,0.213501,0.899658
0.388550,-0.324951,0.921021
-0.558105,0.031860,0.741211
0.302490,-0.076050,0.996338
-0.005737,-0.409912,0.760010
-0.319702,0.181519,0.877563
0.409424,-0.317017,0.933838
-0.551514,-0.020508,0.723877
0.226929,-0.034180,0.979980
0.028564,-0.448120,0.771118
-0.390869,0.158325,0.840576
0.441284,-0.275513,0.967529
-0.513428,-0.002808,0.730835
0.146606,0.067993,1.007568
0.076538,-0.427979,0.786621
-0.447754,0.140991,0.825806
0.461792,-0.274292,0.989746
-0.448608,-0.075073,0.756226
0.067261,0.151367,1.014893
0.130127,-0.423584,0.800415
-0.498535,0.104858,0.784180
0.456299,-0.251221,1.008667
-0.375732,-0.139038,0.751587
0.016357,0.189819,1.020020
0.202515,-0.398804,0.837280
-0.552979,0.091675,0.758057
0.464844,-0.266235,1.006348
-0.287476,-0.209595,0.779907
-0.057373,0.196045,0.994629
0.248169,-0.368530,0.871216
-0.577148,0.054077,0.730835
0.459473,-0.257690,1.019531
-0.183594,-0.300659,0.782959
-0.120972,0.205933,0.988892
0.282227,-0.364746,0.880859
-0.557739,0.096680,0.755737
0.423462,-0.172119,1.031982
-0.129883,-0.279663,0.813721
-0.172363,0.163574,0.946411
0.336060,-0.421143,0.902222
-0.550415,0.036133,0.751343
0.390137,-0.107910,1.020874
-0.079956,-0.299927,0.779297
-0.230225,0.205078,0.939209
0.372681,-0.399170,0.924316
-0.528687,-0.009766,0.759155
0.360474,-0.103271,1.024902
-0.042603,-0.376709,0.769775
-0.270874,0.204224,0.914185
0.405029,-0.371338,0.946167
-0.529785,-0.066528,0.739990
0.316406,-0.115356,1.010254
-0.004272,-0.411255,0.772949
-0.301636,0.151123,0.880371
0.425293,-0.338745,0.959229
-0.502686,-0.069580,0.758301
0.239624,-0.074707,0.990234
0.044922,-0.474609,0.765381
-0.328247,0.106201,0.854004
0.442627,-0.299072,0.984741
-0.496338,-0.068970,0.743774
0.197876,-0.026978,1.000977
0.078613,-0.455566,0.778198
-0.376587,0.108398,0.829224
0.470947,-0.308838,0.987671
-0.460693,-0.119629,0.743408
0.127075,0.027222,0.998779
0.124634,-0.449341,0.812622
-0.431641,0.075317,0.802002
0.489990,-0.306030,1.014648
-0.407227,-0.142090,0.757568
0.047119,0.124268,1.014404
0.205933,-0.468262,0.836060
-0.473389,0.069824,0.797485
0.496582,-0.318604,1.024658
-0.333618,-0.219727,0.754883
-0.025635,0.186279,1.023438
0.258057,-0.416992,0.874390
-0.508423,0.033203,0.758545
0.488281,-0.296387,1.033447
-0.250244,-0.265991,0.797607
-0.089355,0.180298,1.001831
0.300659,-0.433105,0.886719
-0.526367,0.041870,0.763794
0.463257,-0.235596,1.054321
-0.154541,-0.268921,0.824585
-0.121216,0.189941,1.013062
0.333984,-0.418701,0.924805
-0.538452,0.042114,0.775269
0.423096,-0.181885,1.055542
-0.046143,-0.354492,0.842896
-0.188110,0.212891,1.008789
0.368774,-0.401978,0.921265
-0.507690,0.009155,0.773315
0.405151,-0.182251,1.040405
-0.014404,-0.379883,0.836182
-0.221802,0.177368,0.969116
0.413330,-0.392944,0.960693
-0.482056,-0.071289,0.758057
0.357056,-0.105591,1.067749
0.027954,-0.419678,0.835449
-0.255371,0.159912,0.945679
0.439697,-0.358276,0.989746
-0.458618,-0.093384,0.760498
0.323853,-0.092163,1.058716
0.067017,-0.441895,0.835571
-0.290771,0.150391,0.943970
0.474609,-0.338501,1.016113
-0.437988,-0.122803,0.770508
0.287720,-0.046631,1.064819
0.090576,-0.423584,0.843994
-0.325317,0.137695,0.898682
0.502441,-0.292114,1.047607
-0.409424,-0.153076,0.776733
0.223022,-0.015137,1.055908
0.136963,-0.440796,0.864990
-0.366333,0.115234,0.883667
0.518555,-0.280151,1.064941
-0.363892,-0.154297,0.791992
0.149780,0.051880,1.060913
0.222290,-0.479248,0.887573
-0.409546,0.064697,0.840088
0.532471,-0.247192,1.091675
-0.314087,-0.189819,0.801880
0.075684,0.124023,1.057129
0.293213,-0.475098,0.910522
-0.425171,0.001465,0.825317
0.526489,-0.244263,1.110840
-0.259033,-0.228394,0.817871
-0.000366,0.183105,1.056519
0.364258,-0.442139,0.962036
-0.466553,0.030640,0.819214
0.497559,-0.201660,1.120605
-0.147583,-0.284424,0.840454
-0.056152,0.201416,1.055542
0.375366,-0.397339,0.972900
-0.468994,-0.006592,0.812256
0.485596,-0.177856,1.129883
-0.075684,-0.316895,0.860107
-0.098145,0.200562,1.053589
0.421509,-0.361084,1.007568
-0.466309,0.022461,0.815552
0.456909,-0.141602,1.120605
0.025879,-0.356079,0.907837
-0.153809,0.192017,1.048706
0.456787,-0.359497,1.029663
-0.440552,-0.055908,0.806274
0.413818,-0.096436,1.135986
0.058472,-0.391602,0.900879
-0.193848,0.195068,1.040039
0.480713,-0.328247,1.072266
-0.414185,-0.119629,0.790283
0.385742,-0.034546,1.141113
0.064697,-0.343140,0.887695
-0.232056,0.216553,1.042847
0.527832,-0.316284,1.101929
-0.419922,-0.138306,0.792847
0.328613,-0.013184,1.137939
0.132446,-0.367798,0.917480
-0.290894,0.217896,1.011719
0.550903,-0.273926,1.125488
-0.382324,-0.141602,0.817017
0.263794,0.000977,1.118164
0.180542,-0.419922,0.918823
-0.314209,0.118896,0.935059
0.575562,-0.235596,1.151733
-0.331177,-0.168579,0.815796
0.179077,0.078247,1.108521
0.263428,-0.436890,0.947876
-0.363647,0.073853,0.901367
0.563599,-0.210205,1.155640
-0.279419,-0.208374,0.824829
0.097778,0.124390,1.097778
0.335815,-0.430176,0.980835
-0.400391,0.077881,0.880615
0.539673,-0.171753,1.163818
-0.191895,-0.249512,0.857544
0.012817,0.181885,1.088989
0.394531,-0.411377,0.999268
-0.424805,0.033936,0.867554
0.522949,-0.138550,1.173096
-0.093018,-0.279907,0.885010
-0.060303,0.199097,1.079956
0.425903,-0.361328,1.028076
-0.442505,-0.004272,0.836792
0.511108,-0.149780,1.168823
0.015869,-0.345459,0.903564
-0.127197,0.220825,1.074951
0.451050,-0.301758,1.056519
-0.439453,-0.044434,0.831909
0.459351,-0.086792,1.185303
0.026489,-0.371216,0.887939
-0.189575,0.204224,1.062256
0.491699,-0.264160,1.101807
-0.447021,-0.063354,0.801514
0.390747,-0.036621,1.175659
0.105469,-0.394531,0.928345
-0.287231,0.217773,1.025146
0.541748,-0.265259,1.124634
-0.389160,-0.119385,0.808228
0.274292,0.023315,1.130981
0.187378,-0.416260,0.927856
-0.326660,0.136597,0.962036
0.554443,-0.259521,1.125610
-0.339233,-0.183228,0.819092
0.180298,0.094116,1.125977
0.258179,-0.429077,0.953979
-0.398193,0.091675,0.900513
0.572021,-0.236694,1.144287
-0.261841,-0.212524,0.843994
0.105347,0.139771,1.112183
0.291382,-0.376953,0.962769
-0.437744,0.042847,0.865234
0.574463,-0.236328,1.169067
-0.212402,-0.286255,0.839844
0.030884,0.190674,1.111328
0.328979,-0.348022,0.962402
-0.450928,0.040894,0.852051
0.531616,-0.233521,1.138428
-0.119263,-0.369141,0.847656
-0.023804,0.148560,1.091064
0.377563,-0.349243,0.989258
-0.479248,0.026855,0.834839
0.499512,-0.172119,1.149902
-0.070557,-0.367188,0.846191
-0.110962,0.170044,1.063232
0.413452,-0.347290,1.013916
-0.475220,-0.024414,0.801758
0.479614,-0.110474,1.170166
-0.045044,-0.320923,0.845337
-0.201172,0.212402,1.036621
0.450684,-0.320801,1.041260
-0.462402,-0.071533,0.813965
0.418945,-0.079834,1.157227
-0.030151,-0.334106,0.849365
-0.286255,0.201782,0.982910
0.489746,-0.320190,1.065796
-0.430298,-0.132568,0.786011
0.349609,-0.008545,1.156982
0.021606,-0.348633,0.862915
-0.325073,0.198364,0.969604
0.495605,-0.305908,1.062500
-0.418579,-0.134644,0.778564
0.290283,-0.022339,1.127930
0.081177,-0.365479,0.885620
-0.389282,0.174561,0.908325
0.518433,-0.284058,1.084961
-0.376709,-0.180786,0.795654
0.177246,0.007568,1.085693
0.149536,-0.412109,0.888550
-0.419067,0.127441,0.881226
0.521118,-0.223877,1.098633
-0.337891,-0.201172,0.801758
0.071045,0.071655,1.059692
0.215210,-0.395508,0.904297
-0.459839,0.054443,0.844360
0.511353,-0.223633,1.093506
-0.238770,-0.247070,0.804443
-0.025757,0.134521,1.042480
0.293457,-0.386841,0.925171
-0.500854,0.001099,0.810059
0.469238,-0.209106,1.094727
-0.170288,-0.326660,0.776245
-0.132080,0.169434,1.014648
0.364502,-0.366821,0.945557
-0.517822,-0.009766,0.777222
0.420532,-0.144287,1.103760
-0.119629,-0.352539,0.791016
-0.253662,0.169678,0.972900
0.406494,-0.328369,0.989624
-0.515503,-0.056396,0.750732
0.335449,-0.072754,1.099976
-0.053955,-0.340820,0.833252
-0.343140,0.156860,0.925049
0.433960,-0.307861,1.009766
-0.482910,-0.084839,0.736328
0.252686,-0.021851,1.088135
0.022217,-0.385376,0.832275
-0.434082,0.153931,0.890991
0.443359,-0.280640,1.025757
-0.446289,-0.178711,0.734131
0.149902,0.074463,1.065308
0.100708,-0.351562,0.858032
-0.505859,0.137329,0.845459
0.484985,-0.318848,1.042847
-0.372681,-0.251587,0.755615
0.030640,0.116821,1.043701
0.175781,-0.393555,0.848999
-0.532959,0.110596,0.807617
0.461670,-0.261230,1.031250
-0.270142,-0.293945,0.765869
-0.053223,0.101196,0.998169
0.238159,-0.409058,0.876831
-0.548950,0.053833,0.769409
0.439087,-0.188721,1.066284
-0.229858,-0.306152,0.736572
-0.149658,0.139893,0.989258
0.301270,-0.389038,0.903687
-0.574951,0.027954,0.752197
0.401001,-0.174927,1.050049
-0.184326,-0.338745,0.726074
-0.235596,0.159424,0.963501
0.340820,-0.350464,0.942383
-0.586304,0.003418,0.740234
0.369873,-0.137207,1.054321
-0.138794,-0.370361,0.737671
-0.325439,0.181641,0.918335
0.370483,-0.347656,0.947144
-0.560669,-0.060425,0.719360
0.305298,-0.102783,1.041626
-0.089966,-0.371704,0.753418
-0.399170,0.206909,0.890869
0.405029,-0.313354,0.976685
-0.545654,-0.107788,0.701660
0.221436,-0.059814,1.029785
-0.030884,-0.388794,0.783325
-0.465454,0.207275,0.863770
0.425781,-0.278198,0.999634
-0.515381,-0.104980,0.722900
0.105713,0.022705,1.002563
0.060181,-0.422852,0.818726
-0.515259,0.158203,0.831787
0.425537,-0.255737,1.007324
-0.454590,-0.111816,0.727661
0.021606,0.099121,1.006714
0.147949,-0.434082,0.847900
-0.563599,0.106323,0.802856
0.417236,-0.203369,1.020020
-0.346191,-0.207886,0.719727
-0.054688,0.158081,0.995361
0.221558,-0.389526,0.873047
-0.600220,0.095459,0.768188
0.415283,-0.198975,1.015869
-0.255005,-0.313477,0.708984
-0.155273,0.163208,0.958008
0.292725,-0.371216,0.896851
-0.597412,0.049927,0.742920
0.371582,-0.172607,1.016113
-0.182129,-0.346802,0.719360
-0.240601,0.187744,0.927246
0.355957,-0.342651,0.915649
-0.609985,0.046509,0.725342
0.276245,-0.101685,0.999878
-0.111450,-0.416260,0.738159
-0.339111,0.169800,0.911011
0.388550,-0.325806,0.957031
-0.573486,-0.003052,0.699829
0.188965,0.024170,0.997559
-0.032593,-0.385498,0.752563
-0.454346,0.184326,0.872803
0.427490,-0.334839,0.959351
-0.505127,-0.100220,0.703491
0.091553,0.121338,1.015137
0.035889,-0.357666,0.777832
-0.533203,0.178223,0.821533
0.437378,-0.296997,0.974731
-0.410522,-0.171509,0.740845
0.036133,0.113525,1.011719
0.131836,-0.396484,0.821899
-0.602051,0.187866,0.799072
0.427612,-0.232422,0.990967
-0.308350,-0.242432,0.719971
-0.017822,0.182617,1.019165
0.200928,-0.359619,0.846802
-0.626099,0.186035,0.788696
0.414429,-0.232422,0.984253
-0.254395,-0.299561,0.713989
-0.097168,0.160400,0.979492
0.257324,-0.352173,0.886719
-0.616699,0.147095,0.774414
0.410767,-0.169800,1.004272
-0.177490,-0.327759,0.721558
-0.170166,0.166992,0.937012
0.294312,-0.335205,0.889893
-0.593628,0.101562,0.761963
0.406250,-0.154541,1.020020
-0.145142,-0.348755,0.716187
-0.245605,0.194824,0.898926
0.345825,-0.331055,0.913330
-0.595459,0.064087,0.742676
0.355713,-0.100220,1.024536
-0.106323,-0.359985,0.740479
-0.276611,0.157349,0.885498
0.367065,-0.316284,0.932251
-0.576294,0.045532,0.715698
0.304199,-0.035767,1.011841
-0.056763,-0.371216,0.749268
-0.343628,0.158447,0.856323
0.402954,-0.312012,0.955322
-0.560547,0.012695,0.701172
0.258057,-0.002441,1.003662
-0.030640,-0.377441,0.746460
-0.386597,0.184570,0.852417
0.438843,-0.332520,0.944824
-0.535278,-0.014282,0.725586
0.208252,0.036377,1.009644
0.006104,-0.394409,0.757690
-0.435669,0.173096,0.815674
0.424927,-0.274414,0.963135
-0.481323,-0.087524,0.728516
0.156738,0.082520,1.028809
0.060547,-0.411133,0.784790
-0.492676,0.190674,0.809448
0.436768,-0.271118,0.964355
-0.442017,-0.089722,0.756226
0.116943,0.086670,1.016235
0.076782,-0.392090,0.806396
-0.511108,0.171509,0.799561
0.438110,-0.217163,0.990723
-0.410889,-0.131714,0.745117
0.080322,0.125122,1.024414
0.140503,-0.426025,0.809204
-0.562378,0.200073,0.792725
0.443970,-0.242065,0.987061
-0.346680,-0.165527,0.769653
0.037842,0.113403,1.014648
0.168701,-0.380859,0.844482
-0.572998,0.182007,0.762817
0.446899,-0.192383,0.994263
-0.274414,-0.194702,0.775757
-0.046143,0.161255,0.996460
0.238281,-0.419189,0.864746
-0.585205,0.128174,0.750732
0.433838,-0.173828,1.008301
-0.212280,-0.217041,0.775513
-0.105469,0.195190,0.984741
0.288452,-0.431396,0.879639
-0.594971,0.077271,0.746948
0.421997,-0.172607,1.019287
-0.126465,-0.293457,0.784790
-0.175903,0.210205,0.947632
0.330811,-0.348755,0.913086
-0.578491,0.070679,0.762817
0.379761,-0.167236,1.002686
-0.081299,-0.378418,0.762573
-0.213257,0.176636,0.919312
0.382080,-0.319580,0.939209
-0.576660,0.051392,0.745972
0.321045,-0.125122,0.982422
0.001831,-0.456177,0.775879
-0.281128,0.129883,0.864502
0.408569,-0.302002,0.952148
-0.538086,0.010742,0.731201
0.233154,-0.042480,0.973755
0.040283,-0.442139,0.769409
-0.355225,0.111084,0.836792
0.442627,-0.306763,0.963135
-0.497681,-0.026367,0.751587
0.147827,0.060791,1.002563
0.089966,-0.467896,0.775146
-0.430176,0.090942,0.808960
0.462646,-0.303345,0.983154
-0.442017,-0.114136,0.739746
0.069092,0.141602,1.008667
0.142334,-0.415283,0.813843
-0.505005,0.092285,0.775635
0.475098,-0.306396,1.003174
-0.368652,-0.185547,0.751221
0.011963,0.155518,1.015259
0.214111,-0.385498,0.847778
-0.559448,0.092773,0.744385
0.464478,-0.273071,1.015381
-0.246094,-0.281128,0.769409
-0.073730,0.152100,0.992920
0.282104,-0.409668,0.874512
-0.144531,-0.287964,0.803467
0.329834,-0.403442,0.912231
0.374512,-0.125854,1.024536
-0.039062,-0.383545,0.788940
-0.237549,0.167358,0.933105
0.397095,-0.377319,0.953857
-0.538696,-0.011475,0.743164
0.317017,-0.061279,1.016357
0.031128,-0.416992,0.790894
-0.299927,0.167847,0.895386
0.418457,-0.347412,0.952393
-0.491089,-0.080200,0.740967
0.258301,-0.037109,1.012085
0.051758,-0.439087,0.782593
-0.327271,0.102905,0.849854
0.447388,-0.337891,0.984131
-0.478394,-0.132324,0.741577
0.204224,-0.017456,1.006836
0.090820,-0.444092,0.786499
-0.374878,0.105347,0.846924
0.469727,-0.338013,0.990601
-0.432007,-0.133179,0.763184
0.121704,0.030640,1.000000
0.143433,-0.462646,0.810303
-0.420776,0.074829,0.810181
0.480347,-0.276978,1.022461
-0.377563,-0.160156,0.759766
0.046875,0.099487,1.013794
0.215698,-0.502686,0.841309
-0.561157,0.033325,0.735596
0.443604,-0.239014,1.019165
-0.147217,-0.302979,0.796387
-0.168945,0.229614,0.972778
0.313232,-0.348389,0.904541
-0.552002,0.039551,0.760254
0.394653,-0.193359,1.017822
-0.061401,-0.379761,0.804810
-0.211548,0.179810,0.944946
0.358154,-0.331055,0.933228
-0.560181,0.028687,0.744873
0.338257,-0.140869,1.000366
0.015503,-0.436646,0.797729
-0.265869,0.137573,0.900269
0.406860,-0.327026,0.956299
-0.533325,-0.021973,0.728149
0.265991,-0.037964,1.004395
0.058960,-0.440430,0.790405
-0.331055,0.123657,0.870117
0.437622,-0.358032,0.958862
-0.505493,-0.081665,0.735474
0.193481,-0.017822,0.988647
0.084839,-0.448364,0.795532
-0.380493,0.130737,0.847656
0.470703,-0.309082,1.007935
-0.454956,-0.113037,0.744141
0.107788,0.057129,1.006592
0.130859,-0.479126,0.795654
-0.442139,0.097046,0.810425
0.489624,-0.321411,1.009399
-0.399780,-0.159424,0.750244
0.033447,0.125244,1.016479
0.216431,-0.461426,0.843384
-0.476074,0.040161,0.766846
0.487061,-0.277344,1.034424
-0.308472,-0.222534,0.770020
-0.034546,0.166870,1.022217
0.269775,-0.469238,0.863770
-0.519653,0.036011,0.754028
0.471680,-0.263916,1.036743
-0.195435,-0.268433,0.810547
-0.127686,0.222534,1.018799
0.344604,-0.438354,0.907227
-0.530029,0.039307,0.767212
0.418091,-0.208008,1.045410
-0.087158,-0.350220,0.812378
-0.190552,0.182007,0.984009
0.391479,-0.414307,0.949951
-0.502075,-0.051270,0.755859
0.354858,-0.091919,1.054810
0.015991,-0.397339,0.811157
-0.254761,0.175659,0.951416
0.448120,-0.389526,0.983887
-0.474487,-0.112061,0.764526
0.278809,-0.059082,1.036011
0.087158,-0.443237,0.815186
-0.311768,0.131104,0.906616
0.478149,-0.321655,1.015747
-0.431519,-0.116577,0.779541
0.186279,0.011353,1.032959
0.132690,-0.470581,0.824707
-0.393799,0.087402,0.867676
0.522827,-0.318237,1.061157
-0.390503,-0.165894,0.759033
0.110352,0.117310,1.054077
0.227417,-0.414795,0.894653
-0.443359,0.052734,0.818359
0.500854,-0.276855,1.054810
-0.303101,-0.249146,0.775513
0.036011,0.145508,1.058228
0.291260,-0.479858,0.900513
-0.481689,0.084961,0.810425
0.492554,-0.233276,1.074951
-0.236938,-0.276611,0.800293
-0.022339,0.155151,1.054077
0.343872,-0.453003,0.941895
-0.491577,0.050903,0.796021
0.463623,-0.157593,1.092651
-0.132324,-0.274780,0.834961
-0.094971,0.227661,1.062744
0.390015,-0.438477,0.965942
-0.475708,-0.005859,0.804077
0.446289,-0.155151,1.098267
-0.065063,-0.310913,0.843384
-0.157837,0.238403,1.042236
0.441284,-0.402832,1.005127
-0.451660,-0.074341,0.800049
0.403320,-0.119385,1.104126
0.019043,-0.367798,0.854004
-0.195679,0.210938,1.010132
0.479980,-0.333618,1.046509
-0.435669,-0.100220,0.801147
0.353882,-0.081421,1.100342
0.080078,-0.406250,0.863525
-0.247192,0.162964,0.982788
0.513794,-0.305908,1.071777
-0.413330,-0.115723,0.810303
0.285645,-0.016968,1.092651
0.130249,-0.418457,0.882324
-0.301880,0.148071,0.953003
0.551392,-0.261841,1.104248
-0.371094,-0.128906,0.814697
0.198242,0.051270,1.088501
0.217041,-0.471558,0.903076
-0.360352,0.069458,0.888794
0.560059,-0.240723,1.126831
-0.307861,-0.189209,0.821167
0.113281,0.119263,1.081299
0.312988,-0.468262,0.938477
-0.412109,0.048584,0.854980
0.547974,-0.217773,1.132324
-0.223633,-0.234375,0.841064
0.020264,0.175903,1.080811
0.361328,-0.405884,0.983643
-0.438232,0.026611,0.839844
0.539917,-0.177856,1.151123
-0.148438,-0.247314,0.873047
-0.050293,0.201050,1.068970
0.418823,-0.377197,1.014648
-0.445679,0.005859,0.835815
0.484131,-0.138062,1.153076
-0.020020,-0.340454,0.893555
-0.105835,0.202515,1.076904
0.463135,-0.353394,1.040894
-0.456299,-0.004883,0.828247
0.434814,-0.092163,1.151245
0.055908,-0.372681,0.903809
-0.160645,0.186890,1.061768
0.509766,-0.318726,1.093018
-0.438965,-0.051636,0.832275
0.355957,-0.013794,1.141602
0.079346,-0.359741,0.912109
-0.226318,0.163574,1.020386
0.541260,-0.268921,1.139038
-0.389404,-0.147705,0.818481
0.301392,0.030029,1.147583
0.158569,-0.397705,0.918335
-0.317139,0.161621,0.961426
0.587891,-0.282227,1.146606
-0.345215,-0.172974,0.825317
0.232178,0.031982,1.116089
0.240356,-0.420288,0.961060
-0.364258,0.116699,0.905273
0.559692,-0.196899,1.147217
-0.276123,-0.202759,0.833130
0.146851,0.117554,1.117432
0.330566,-0.455444,0.982544
-0.422363,0.089233,0.881104
0.551270,-0.167847,1.159058
-0.224854,-0.211182,0.842285
0.041504,0.200317,1.113281
0.385864,-0.415161,0.999146
-0.430054,0.035889,0.872681
0.528198,-0.133179,1.178101
-0.136841,-0.282715,0.851929
-0.028442,0.208008,1.104858
0.415649,-0.364014,1.029175
-0.450806,-0.012817,0.840698
0.510010,-0.133057,1.177734
-0.010864,-0.354614,0.882324
-0.100586,0.198608,1.078125
0.441040,-0.318726,1.040649
-0.453979,-0.020142,0.838135
0.463501,-0.116577,1.178467
0.001709,-0.357300,0.886597
-0.191406,0.197388,1.045044
0.483765,-0.288452,1.080200
-0.432495,-0.053467,0.821167
0.403442,-0.058594,1.169922
0.054688,-0.368164,0.900024
-0.264404,0.168823,1.018188
0.525269,-0.284668,1.114746
-0.410278,-0.115479,0.793945
0.305176,0.070312,1.175415
0.126831,-0.390503,0.911987
-0.314819,0.139038,0.993408
0.544189,-0.293823,1.123169
-0.378906,-0.167480,0.803833
0.226196,0.115723,1.143066
0.194702,-0.386841,0.914795
-0.360718,0.099854,0.916382
0.539673,-0.266968,1.130005
-0.339111,-0.238281,0.798584
0.171631,0.100342,1.120483
0.242920,-0.371826,0.937378
-0.428345,0.114258,0.887451
0.554688,-0.252075,1.121948
-0.307373,-0.292847,0.792603
0.095947,0.094116,1.083862
0.294556,-0.401245,0.944458
-0.441406,0.114258,0.865234
0.541504,-0.183960,1.126221
-0.256836,-0.247070,0.820923
0.024170,0.110962,1.073242
0.308838,-0.426025,0.955566
-0.449951,0.046997,0.851440
0.517212,-0.157959,1.141846
-0.173340,-0.276855,0.826904
-0.043091,0.135498,1.054199
0.343750,-0.413330,0.959106
-0.458252,0.001831,0.829346
0.503784,-0.134521,1.154419
-0.139160,-0.277588,0.812012
-0.112183,0.174072,1.038330
0.382446,-0.389038,0.981323
-0.480713,-0.042847,0.802246
0.470337,-0.139282,1.134766
-0.125122,-0.287598,0.807129
-0.179321,0.191406,1.035278
0.426147,-0.356445,1.001465
-0.499023,-0.047974,0.786743
0.399048,-0.114380,1.122559
-0.076538,-0.350098,0.806885
-0.252808,0.194336,0.993286
0.441650,-0.312744,1.034790
-0.502075,-0.083740,0.753906
0.342041,-0.080200,1.113770
-0.010010,-0.370728,0.834351
-0.329224,0.182861,0.935669
0.455200,-0.281616,1.041016
-0.458618,-0.113037,0.760742
0.281982,-0.050293,1.108521
0.024902,-0.353271,0.848999
-0.386963,0.167114,0.904663
0.483765,-0.291626,1.048218
-0.430298,-0.173096,0.753418
0.192871,0.008423,1.086792
0.091431,-0.390137,0.863037
-0.451172,0.155396,0.873901
0.497070,-0.274780,1.059204
-0.416382,-0.185425,0.756470
0.097168,0.062866,1.054932
0.187500,-0.417236,0.889160
-0.483887,0.103760,0.838135
0.474854,-0.214600,1.072998
-0.336914,-0.235352,0.753784
-0.018311,0.128784,1.033569
0.263916,-0.435181,0.901733
-0.511719,0.039062,0.818237
0.457153,-0.194580,1.077881
-0.231812,-0.303711,0.757812
-0.121704,0.141357,0.982056
0.308350,-0.404541,0.907227
-0.530762,0.008423,0.775391
0.442749,-0.165283,1.090088
-0.171021,-0.320190,0.755127
-0.234131,0.174072,0.964844
0.343384,-0.361450,0.942261
-0.543335,-0.048706,0.741333
0.367310,-0.125122,1.074707
-0.124756,-0.328979,0.777832
-0.314941,0.187622,0.935669
0.393555,-0.326172,0.974731
-0.547485,-0.070801,0.727661
0.260498,-0.068359,1.056030
-0.046753,-0.371826,0.791138
-0.402832,0.188843,0.904785
0.431152,-0.300415,1.003662
-0.490723,-0.136841,0.746094
0.111816,0.053101,1.033081
0.055542,-0.415894,0.819336
-0.483887,0.132080,0.840454
0.453369,-0.266602,1.038574
-0.406128,-0.187012,0.745972
0.005493,0.154541,1.025024
0.173340,-0.400757,0.846802
-0.551270,0.073242,0.798096
0.428345,-0.239746,1.033081
-0.272583,-0.310059,0.734009
-0.092285,0.148804,0.980835
0.244385,-0.391724,0.863403
-0.595947,0.085938,0.770020
0.422974,-0.220947,1.035400
-0.190063,-0.348145,0.746460
-0.195557,0.128906,0.946045
0.300293,-0.356445,0.915039
-0.615234,0.063232,0.734009
0.355103,-0.162964,1.019775
-0.127930,-0.359497,0.746826
-0.289185,0.157959,0.924438
0.358398,-0.336914,0.954468
-0.593628,0.010620,0.720459
0.280151,-0.067261,1.022095
-0.092896,-0.351318,0.766846
-0.371582,0.169922,0.889282
0.382568,-0.322144,0.959839
-0.552490,-0.069458,0.696045
0.203247,-0.012207,1.026855
-0.036377,-0.401489,0.763916
-0.462769,0.216797,0.875000
0.421631,-0.302612,0.975586
-0.512817,-0.125610,0.708862
0.094482,0.062012,1.018066
0.042725,-0.385498,0.801880
-0.530640,0.182007,0.834595
0.431885,-0.270386,1.004395
-0.419800,-0.185791,0.728271
0.030273,0.129639,1.017456
0.122925,-0.379517,0.825684
-0.588257,0.159424,0.795532
0.434204,-0.259033,1.000366
-0.313843,-0.254150,0.728027
-0.054688,0.166260,0.999512
0.196411,-0.368164,0.843262
-0.613403,0.152100,0.770020
0.430664,-0.221313,1.011719
-0.216309,-0.338989,0.732788
-0.151733,0.164185,0.955078
0.261230,-0.357300,0.874146
-0.620850,0.131714,0.739624
0.393433,-0.192505,1.001709
-0.163696,-0.335938,0.748779
-0.234375,0.142334,0.932129
0.331055,-0.342041,0.922485
-0.605225,0.062012,0.705078
0.308105,-0.063599,1.009521
-0.109253,-0.356934,0.736816
-0.313110,0.169678,0.904663
0.388916,-0.363159,0.929688
-0.588379,0.046265,0.718506
0.240234,-0.021606,0.978394
-0.068726,-0.343140,0.744751
-0.371948,0.176147,0.879639
0.408081,-0.301270,0.960205
-0.557617,-0.056885,0.685913
0.166504,0.048584,0.998047
-0.005859,-0.399048,0.754028
-0.454346,0.197021,0.856079
0.418579,-0.299194,0.962402
-0.490967,-0.102905,0.712769
0.119873,0.085815,1.010742
0.057373,-0.387573,0.783203
-0.531250,0.226440,0.833130
0.437012,-0.265503,0.990967
-0.412476,-0.160278,0.747925
0.040527,0.127808,1.016724
0.119507,-0.396484,0.815674
-0.564087,0.198853,0.808472
0.432739,-0.226318,0.994629
-0.328979,-0.225586,0.750000
-0.034546,0.157715,0.994629
0.198730,-0.396118,0.846313
-0.594604,0.182983,0.785034
0.428345,-0.199097,0.988647
-0.244263,-0.256470,0.754639
-0.092896,0.169189,0.975586
0.253052,-0.371948,0.889893
-0.611938,0.128052,0.747192
0.417114,-0.148315,1.022949
-0.173950,-0.325562,0.738281
-0.156616,0.194580,0.953613
0.310669,-0.359619,0.896973
-0.607666,0.116455,0.754883
0.384644,-0.149292,1.008545
-0.114746,-0.363525,0.745483
-0.247437,0.195801,0.898926
0.367798,-0.330200,0.926147
-0.574219,0.059082,0.744629
0.314819,-0.083984,1.007690
-0.065186,-0.392700,0.751953
-0.321289,0.179810,0.870361
0.406616,-0.319824,0.941162
-0.544189,-0.022705,0.725098
0.228149,-0.023438,0.986328
-0.014160,-0.405640,0.739502
-0.386597,0.190308,0.834351
0.427979,-0.252686,0.961548
-0.491821,-0.040527,0.747070
0.132080,0.040161,1.000122
0.064209,-0.418213,0.799316
-0.463989,0.138794,0.810913
0.440308,-0.214233,0.998535
-0.450928,-0.070923,0.730713
0.072144,0.175293,1.031128
0.129028,-0.409546,0.811157
-0.535767,0.148926,0.797485
0.447144,-0.220581,1.007446
-0.375610,-0.176270,0.729858
0.010132,0.169556,1.024292
0.194946,-0.392822,0.837158
-0.583496,0.177979,0.776978
0.453857,-0.223145,1.008301
-0.268921,-0.234131,0.772339
-0.066040,0.146973,0.987793
0.252197,-0.394531,0.867798
-0.583496,0.168579,0.773438
0.444336,-0.161377,1.019165
-0.187378,-0.229248,0.787842
-0.136108,0.167236,0.954468
0.298950,-0.395752,0.893188
-0.583008,0.071289,0.754517
0.424316,-0.154663,1.025513
-0.113037,-0.331665,0.753540
-0.216431,0.231079,0.936890
0.353027,-0.347046,0.917358
-0.556763,0.030396,0.766602
0.368408,-0.138672,1.019165
-0.058472,-0.379639,0.759155
-0.270874,0.212280,0.897095
0.387573,-0.314575,0.939941
-0.532959,-0.025024,0.743652
0.302124,-0.103516,1.001099
0.007446,-0.429932,0.766968
-0.349365,0.167358,0.846680
0.423218,-0.318604,0.955322
-0.501953,-0.062256,0.740356
0.201904,-0.009766,1.007568
0.041992,-0.446655,0.761353
-0.411499,0.130127,0.813110
0.463501,-0.318115,0.977173
-0.444336,-0.130127,0.755737
0.102295,0.102661,1.017456
0.084106,-0.412231,0.775024
-0.469482,0.093628,0.780518
0.464355,-0.286011,1.000977
-0.374023,-0.182983,0.751099
0.034058,0.144409,1.018677
0.159302,-0.391724,0.809570
-0.544434,0.107910,0.765259
0.475464,-0.319092,1.000122
-0.280884,-0.277710,0.773560
-0.024414,0.165894,1.024292
0.228638,-0.380371,0.851685
-0.585449,0.123413,0.734985
0.450317,-0.234131,1.023682
-0.212769,-0.322754,0.780273
-0.084839,0.138306,0.997070
0.300415,-0.411987,0.893799
-0.556152,0.109985,0.754028
0.407837,-0.169434,1.010986
-0.148682,-0.269775,0.809570
-0.138184,0.155396,0.979980
0.340820,-0.447144,0.910645
-0.549194,0.023071,0.757812
0.391235,-0.139648,1.028198
-0.127319,-0.261841,0.797974
-0.185059,0.183472,0.957275
0.369141,-0.424683,0.925171
-0.540649,-0.023438,0.755005
0.380127,-0.156982,1.024902
-0.063477,-0.347168,0.796387
-0.242798,0.195312,0.944092
0.404663,-0.417725,0.936523
-0.508789,-0.046265,0.759644
0.329834,-0.093872,1.027588
-0.025146,-0.388550,0.782104
-0.261841,0.157471,0.913452
0.439941,-0.400391,0.962158
-0.506836,-0.054199,0.746460
0.269287,-0.056885,1.004272
0.048950,-0.443848,0.790771
-0.294189,0.137939,0.908081
0.448853,-0.370361,0.973999
-0.477661,-0.110596,0.759521
0.221436,-0.015015,1.016602
0.076294,-0.447388,0.792236
-0.358276,0.149414,0.876709
0.477783,-0.348389,0.996216
-0.431641,-0.130493,0.783081
0.164917,-0.004639,1.014404
0.092285,-0.451782,0.792114
-0.399658,0.106934,0.835327
0.506226,-0.312500,1.029297
-0.390625,-0.159058,0.764160
0.090454,0.080444,1.023193
0.166016,-0.456787,0.830078
-0.433594,0.031494,0.792358
0.510498,-0.290161,1.052246
-0.345215,-0.187256,0.764404
0.022095,0.130737,1.030884
0.275024,-0.462402,0.885498
-0.487549,0.039551,0.775146
0.471191,-0.253784,1.039307
-0.236084,-0.236206,0.808105
-0.056763,0.170898,1.041504
0.340820,-0.470581,0.916260
-0.532715,0.080566,0.776733
0.441772,-0.180542,1.053589
-0.123291,-0.274292,0.838135
-0.126831,0.187256,1.034790
0.385132,-0.439087,0.946533
-0.512207,0.010986,0.779419
0.393066,-0.146606,1.049194
-0.019165,-0.385132,0.816650
-0.180908,0.170166,1.000366
0.428345,-0.346436,0.998413
-0.483643,-0.042969,0.776611
0.354370,-0.105835,1.059937
0.076294,-0.440918,0.849976
-0.258545,0.119751,0.943115
0.470703,-0.314087,1.034058
-0.432251,-0.093140,0.779053
0.264282,-0.005127,1.062744
0.099487,-0.421387,0.860596
-0.327759,0.101440,0.907837
0.518311,-0.301392,1.076172
-0.389160,-0.154297,0.783569
0.191406,0.079102,1.079102
0.183105,-0.446289,0.871216
-0.399658,0.112427,0.876709
0.532104,-0.299072,1.079468
-0.362305,-0.194580,0.787109
0.134644,0.051025,1.060669
0.266968,-0.458618,0.915161
-0.432373,0.092773,0.831055
0.530640,-0.228516,1.090088
-0.265259,-0.214966,0.825928
0.046997,0.126953,1.072144
0.313965,-0.484863,0.927612
-0.452271,0.039062,0.816772
0.514038,-0.185669,1.109741
-0.181152,-0.220093,0.838379
-0.028687,0.211426,1.076294
0.375488,-0.436401,0.964600
-0.475220,0.000732,0.820435
0.490112,-0.200562,1.108521
-0.070923,-0.322632,0.868652
-0.102173,0.218018,1.071167
0.413696,-0.344360,1.025146
-0.463501,-0.019165,0.811401
0.431519,-0.138794,1.123169
0.044556,-0.379150,0.912231
-0.129517,0.152588,1.059692
0.442017,-0.325073,1.043579
-0.484863,0.006714,0.801270
0.389893,-0.067505,1.123291
0.061157,-0.382812,0.891357
-0.174072,0.150024,1.058594
0.518433,-0.319458,1.090332
-0.453613,-0.043579,0.798218
0.316528,0.017944,1.101196
0.107178,-0.368286,0.915161
-0.237305,0.163940,1.038940
0.548950,-0.293335,1.140747
-0.439941,-0.109131,0.780396
0.293213,0.039795,1.131226
0.152466,-0.390015,0.919922
-0.299805,0.162720,1.008301
0.585205,-0.328003,1.134644
-0.372437,-0.158691,0.814453
0.214844,0.098389,1.122803
0.211060,-0.401123,0.934204
-0.336548,0.126343,0.929565
0.569824,-0.246216,1.134399
-0.320190,-0.185669,0.834717
0.175171,0.079102,1.113037
0.271484,-0.444092,0.948486
-0.398438,0.101929,0.890259
0.584473,-0.227783,1.148804
-0.244141,-0.220093,0.855469
0.078491,0.168579,1.104858
0.340088,-0.422485,0.981079
-0.425171,0.072144,0.871704
0.557251,-0.208252,1.153442
-0.171631,-0.259521,0.884888
0.013550,0.192749,1.106079
0.379517,-0.388062,1.009033
-0.436890,0.021484,0.850586
0.515137,-0.142090,1.169312
-0.078369,-0.309814,0.880493
-0.040283,0.240234,1.125488
0.406982,-0.351685,1.015137
-0.465210,0.005371,0.842773
0.499023,-0.158936,1.151367
0.016113,-0.381226,0.904297
-0.101685,0.203613,1.090332
0.433472,-0.324829,1.035034
-0.465210,-0.007080,0.828247
0.488892,-0.119995,1.175049
0.026855,-0.357300,0.903687
-0.165283,0.194092,1.053589
0.460815,-0.278442,1.083496
-0.463867,-0.048340,0.809448
0.429810,-0.071533,1.171143
0.059570,-0.374512,0.904907
-0.215576,0.192627,1.050781
0.541138,-0.289917,1.117310
-0.462402,-0.030396,0.797485
0.334595,-0.027344,1.127930
0.133179,-0.394531,0.930298
-0.267578,0.160278,0.997437
0.536743,-0.246460,1.142822
-0.408569,-0.112305,0.795898
0.259888,0.054199,1.129761
0.180054,-0.419312,0.919800
-0.311523,0.111816,0.963379
0.564819,-0.257080,1.149658
-0.387695,-0.134766,0.806152
0.197998,0.051514,1.113525
0.219238,-0.417847,0.931030
-0.356689,0.123535,0.936523
0.564209,-0.235962,1.133057
-0.310059,-0.178345,0.827271
0.121338,0.108521,1.101440
0.253784,-0.402344,0.946533
-0.408203,0.044922,0.867920
0.574707,-0.232056,1.156006
-0.234375,-0.247437,0.843994
0.048950,0.157715,1.093872
0.296509,-0.380615,0.943848
-0.462036,0.066772,0.850708
0.543579,-0.263794,1.123657
-0.133423,-0.341431,0.864624
-0.014648,0.168091,1.082031
0.309814,-0.364380,0.938232
-0.463013,0.026733,0.838989
0.524048,-0.221191,1.137695
-0.113892,-0.357056,0.844238
-0.046021,0.149414,1.059692
0.342285,-0.367798,0.952515
-0.499512,0.044312,0.816162
0.514404,-0.215454,1.128052
-0.106323,-0.354614,0.828491
-0.086182,0.135986,1.033203
0.381226,-0.317505,1.000854
-0.514038,0.039429,0.791504
0.463257,-0.158447,1.121582
-0.104370,-0.361206,0.813477
-0.126709,0.112793,1.038940
0.408447,-0.342041,1.009766
-0.536987,0.038330,0.780518
0.429321,-0.116089,1.120972
-0.066772,-0.360352,0.830933
-0.191895,0.177979,1.036011
0.405151,-0.325562,0.999878
-0.524780,0.005981,0.783203
0.415161,-0.147583,1.100098
-0.073364,-0.351196,0.827393
-0.241699,0.188721,1.013428
0.419189,-0.319702,1.010742
-0.521118,-0.035156,0.769287
0.376709,-0.121094,1.101440
-0.053833,-0.350586,0.838257
-0.281616,0.183594,0.965576
0.451294,-0.316040,1.032471
-0.535400,-0.046387,0.759644
0.352173,-0.121460,1.100342
-0.030518,-0.374756,0.827026
-0.306274,0.157959,0.939575
0.440308,-0.297241,1.024292
-0.511719,-0.046997,0.762939
0.289062,-0.073120,1.086548
-0.004395,-0.400757,0.832520
-0.354736,0.153564,0.906860
0.440918,-0.273560,1.032715
-0.480713,-0.079590,0.751099
0.237061,-0.012451,1.081299
0.012207,-0.393799,0.826660
-0.387695,0.138672,0.915283
0.462036,-0.297363,1.037964
-0.465454,-0.116211,0.742920
0.172852,0.077515,1.074951
0.047241,-0.358521,0.844116
-0.427246,0.115967,0.878662
0.467896,-0.315430,1.032104
-0.466064,-0.143677,0.727295
0.147217,0.085327,1.064819
0.083740,-0.374023,0.842651
-0.468750,0.131348,0.867798
0.469482,-0.296143,1.036499
-0.454346,-0.155884,0.727295
0.094238,0.110352,1.051392
0.132324,-0.407471,0.843994
-0.504028,0.140381,0.845337
0.451172,-0.274658,1.023315
-0.411133,-0.197388,0.740723
0.049805,0.084961,1.032349
0.143311,-0.429077,0.842407
-0.526855,0.110962,0.809204
0.515991,-0.203247,1.114380
-0.353027,-0.199585,0.755127
-0.090088,0.150757,1.017456
0.320679,-0.374878,0.929199
-0.502808,0.002441,0.792725
0.489990,-0.197388,1.116455
-0.156494,-0.329468,0.779053
-0.133789,0.174072,1.022339
0.362305,-0.363525,0.950562
-0.545288,-0.003418,0.772339
0.451904,-0.194580,1.105347
-0.132568,-0.361816,0.779541
-0.196167,0.181274,1.002197
0.383423,-0.345093,0.967041
-0.550537,0.027100,0.776489
0.399414,-0.182617,1.084351
-0.094604,-0.385742,0.786011
-0.257568,0.176636,0.972046
0.403198,-0.337280,0.985229
-0.550781,0.001465,0.770020
0.341797,-0.115845,1.081421
-0.062012,-0.364624,0.814209
-0.315674,0.179688,0.945923
0.410889,-0.318237,0.995728
-0.538452,-0.039307,0.740601
0.300049,-0.080078,1.081299
-0.020386,-0.373779,0.824463
-0.371704,0.161865,0.907471
0.432129,-0.272705,1.024048
-0.516357,-0.090210,0.717285
0.215210,-0.019531,1.052734
0.042236,-0.398560,0.843994
-0.454834,0.159180,0.863647
0.450684,-0.274048,1.040527
-0.477539,-0.132935,0.726196
0.129272,0.058594,1.045532
0.081299,-0.390625,0.835693
-0.497803,0.121704,0.849243
0.473511,-0.286133,1.035645
-0.424438,-0.178833,0.738281
0.039185,0.146973,1.045044
0.135132,-0.405762,0.833862
-0.518677,0.090942,0.825317
0.468872,-0.282104,1.039551
-0.355103,-0.228882,0.736816
-0.010132,0.145386,1.020752
0.188232,-0.387939,0.856567
-0.554565,0.096680,0.808105
0.453979,-0.274292,1.022705
-0.303711,-0.283813,0.740112
-0.061768,0.139038,0.991943
0.215210,-0.372314,0.866455
-0.569824,0.080811,0.773560
0.446167,-0.245605,1.037354
-0.258301,-0.319214,0.731079
-0.124023,0.130615,0.960693
0.260132,-0.409302,0.856812
-0.598755,0.104248,0.759521
0.423950,-0.214233,1.029175
-0.207886,-0.319702,0.746216
-0.189575,0.137207,0.949829
0.301636,-0.394409,0.902466
-0.605469,0.062866,0.737305
0.379150,-0.164429,1.028076
-0.180298,-0.354980,0.728760
-0.253296,0.180298,0.956665
0.341797,-0.360352,0.935303
-0.595947,-0.002808,0.727173
0.337769,-0.125488,1.031006
-0.161133,-0.367920,0.716309
-0.319702,0.192871,0.913574
0.382568,-0.374146,0.938721
-0.573364,-0.029419,0.727783
0.265747,-0.066040,1.023926
-0.123047,-0.376587,0.727295
-0.375244,0.187744,0.895874
0.403442,-0.343628,0.954712
-0.570312,-0.032227,0.713745
0.205322,-0.029541,1.014282
-0.040283,-0.388306,0.768921
-0.466797,0.210205,0.871582
0.429565,-0.326904,0.972290
-0.531250,-0.092773,0.710449
0.115234,0.043701,1.017334
0.047485,-0.414795,0.793335
-0.532837,0.189941,0.839111
0.425537,-0.254517,0.990845
-0.426392,-0.159912,0.712158
0.031494,0.133301,1.014526
0.137573,-0.391235,0.845825
-0.588501,0.171265,0.800049
0.423462,-0.228149,1.004395
-0.302856,-0.264160,0.720215
-0.034058,0.181641,1.018311
0.194580,-0.389648,0.833740
-0.631592,0.161743,0.764038
0.438477,-0.239868,1.009766
-0.224121,-0.321411,0.719971
-0.127075,0.180786,0.963501
0.248047,-0.350342,0.868042
-0.617310,0.100708,0.732544
0.430786,-0.199463,1.016968
-0.174194,-0.335815,0.726562
-0.218384,0.197266,0.935181
0.320435,-0.374512,0.893433
-0.617065,0.061523,0.731934
0.374878,-0.170410,1.001587
-0.130737,-0.346924,0.731201
-0.275513,0.192749,0.901978
0.370605,-0.334595,0.920532
-0.611572,0.050537,0.706055
0.319946,-0.088745,1.023438
-0.076294,-0.405273,0.738281
-0.357056,0.194580,0.880737
0.412720,-0.327515,0.944214
-0.569824,0.038818,0.720337
0.206665,-0.004028,0.991089
-0.031738,-0.408936,0.753662
-0.417480,0.177002,0.858276
0.437866,-0.293823,0.962891
-0.531982,-0.018066,0.730713
0.118042,0.096802,1.006592
0.039795,-0.406616,0.779663
-0.538208,0.177490,0.818359
0.468140,-0.239380,1.013184
-0.394531,-0.169556,0.726685
0.008179,0.156494,1.001221
0.186279,-0.389160,0.838379
-0.589233,0.186279,0.807007
0.444092,-0.218994,1.013428
-0.308716,-0.225708,0.730469
-0.065674,0.195801,0.987915
0.247437,-0.393433,0.863281
-0.600220,0.150024,0.766724
0.426758,-0.182861,1.017334
-0.212524,-0.271851,0.744995
-0.141602,0.207642,0.964844
0.309937,-0.386719,0.894409
-0.590820,0.100952,0.753296
0.390381,-0.099121,1.035400
-0.133545,-0.317627,0.749390
-0.202515,0.196045,0.923340
0.344360,-0.348877,0.909424
-0.585938,0.062500,0.754150
0.367065,-0.131348,1.018433
-0.077271,-0.399292,0.745483
-0.279663,0.198730,0.887329
0.381104,-0.298462,0.928101
-0.560913,0.048706,0.729736
0.284302,-0.072266,0.990845
-0.003906,-0.429810,0.753662
-0.352539,0.183838,0.862793
0.413574,-0.305054,0.943115
-0.546143,-0.013306,0.723877
0.207642,-0.008545,1.001099
0.034424,-0.421875,0.772461
-0.435669,0.153687,0.824463
0.443115,-0.246460,0.983032
-0.457886,-0.068848,0.753174
0.091187,0.114746,1.004272
0.107910,-0.417603,0.791016
-0.489258,0.124023,0.814453
0.452515,-0.238525,0.990234
-0.367920,-0.114868,0.772217
0.013794,0.171021,1.005615
0.174561,-0.391602,0.821777
-0.574341,0.105347,0.752441
0.462402,-0.255859,1.014160
-0.261353,-0.219971,0.777954
-0.059937,0.193970,0.993042
0.250244,-0.354614,0.869751
-0.604614,0.118042,0.741577
0.445068,-0.245972,1.013306
-0.156738,-0.321777,0.793579
-0.136108,0.134888,0.936401
0.310547,-0.336304,0.904541
-0.590088,0.129761,0.742676
0.381348,-0.121826,1.023438
-0.062500,-0.381226,0.789795
-0.204224,0.125000,0.911743
0.371338,-0.366943,0.919556
-0.570312,0.094482,0.761597
0.342529,-0.072021,1.013916
-0.007690,-0.374146,0.791260
-0.281982,0.145386,0.884277
0.405640,-0.375610,0.939819
-0.556152,0.002197,0.728271
0.269043,-0.054199,0.984619
0.036133,-0.427246,0.781372
-0.334961,0.133301,0.850098
0.411865,-0.299194,0.971558
-0.503174,-0.069336,0.744507
0.209473,-0.036011,1.002441
0.057007,-0.465332,0.760864
-0.404297,0.141968,0.821533
0.461182,-0.285645,0.983154
-0.461548,-0.084229,0.759277
0.127563,0.027954,1.001709
0.107544,-0.460693,0.796631
-0.466553,0.083740,0.788696
0.462891,-0.246948,1.011353
-0.380981,-0.166382,0.744141
0.030029,0.174316,1.031372
0.190308,-0.446777,0.826660
-0.520752,0.084839,0.767090
0.478149,-0.296875,1.011108
-0.319580,-0.205811,0.761841
-0.053101,0.202026,1.015747
0.253540,-0.401733,0.869385
-0.537231,0.038330,0.746826
0.452515,-0.245239,1.032959
-0.204956,-0.290405,0.778442
-0.123535,0.225342,1.013428
0.312256,-0.398438,0.896729
-0.562134,0.066528,0.771484
0.415039,-0.224487,1.010498
-0.115479,-0.339722,0.792725
-0.155640,0.170898,0.983276
0.338501,-0.344604,0.933228
-0.555542,-0.005371,0.760742
0.386597,-0.226685,1.013062
-0.020020,-0.406494,0.803101
-0.203979,0.194458,0.954102
0.382812,-0.304810,0.951660
-0.526001,-0.004639,0.758545
0.333252,-0.170898,1.014526
0.017700,-0.465088,0.812012
-0.252075,0.103516,0.920776
0.456787,-0.351196,0.990356
-0.528442,-0.022949,0.737061
0.244141,-0.036865,1.001221
0.088989,-0.468994,0.819336
-0.303833,0.074585,0.886108
0.458740,-0.328125,1.014771
-0.502563,-0.075562,0.731567
0.207153,-0.009033,1.022705
0.117188,-0.476929,0.824341
-0.356934,0.079468,0.861450
0.483643,-0.295776,1.028564
-0.448975,-0.090454,0.755005
0.139160,0.055420,1.017822
0.175293,-0.459229,0.849365
-0.415527,0.060791,0.830444
0.507446,-0.285156,1.052246
-0.374268,-0.173462,0.761230
0.063232,0.133179,1.030273
0.210449,-0.461426,0.853394
-0.417603,0.047241,0.808838
0.527954,-0.298828,1.064941
-0.351440,-0.206055,0.775269
0.039551,0.121094,1.033936
0.255859,-0.459473,0.882324
-0.464478,0.033447,0.788574
0.527588,-0.298706,1.076050
-0.276123,-0.246582,0.793091
-0.018677,0.197754,1.050049
0.308105,-0.426514,0.911987
-0.489258,0.016846,0.791382
0.509766,-0.286377,1.077637
-0.218872,-0.275513,0.831055
-0.055054,0.185791,1.036987
0.339600,-0.422729,0.918091
-0.478760,0.012695,0.788086
0.486694,-0.224487,1.096680
-0.156860,-0.296631,0.836060
-0.080933,0.192871,1.039673
0.368774,-0.440674,0.935791
-0.488037,-0.003052,0.790405
0.477051,-0.171265,1.108154
-0.108521,-0.289917,0.840454
-0.137451,0.217896,1.035889
0.414307,-0.411743,0.985352
-0.463989,-0.037476,0.804565
0.445435,-0.141968,1.110962
-0.027222,-0.308838,0.868652
-0.168701,0.222290,1.019165
0.441406,-0.369019,1.011353
-0.451172,-0.101196,0.797119
0.425293,-0.137573,1.124268
0.028320,-0.352783,0.880737
-0.216919,0.208984,1.001343
0.490845,-0.344604,1.045654
-0.442505,-0.108887,0.790039
0.356323,-0.080200,1.116333
0.087280,-0.395752,0.880005
-0.237793,0.204346,1.008423
0.501221,-0.277710,1.070435
-0.423218,-0.100586,0.800537
0.292969,-0.035889,1.102661
0.137817,-0.451416,0.878906
-0.274658,0.148315,0.981079
0.531982,-0.245605,1.106323
-0.409790,-0.102173,0.804443
0.243164,-0.003052,1.085205
0.223022,-0.449341,0.944824
-0.342041,0.045532,0.891968
0.558350,-0.218628,1.152710
-0.349487,-0.180664,0.783081
0.148804,0.116577,1.103271
0.306274,-0.462646,0.960449
-0.389282,0.055176,0.888550
0.552490,-0.215576,1.151611
-0.300781,-0.222290,0.796631
0.092651,0.139526,1.103516
0.352051,-0.483398,0.964966
-0.427368,0.101074,0.888184
0.553223,-0.170044,1.154541
-0.215942,-0.230347,0.839478
0.024414,0.196167,1.095459
0.385132,-0.449951,0.991455
-0.440918,0.044312,0.850586
0.550659,-0.150146,1.170654
-0.156250,-0.231934,0.878906
-0.046997,0.234985,1.085205
0.413818,-0.430298,1.006592
-0.431396,-0.035156,0.851929
0.520630,-0.143188,1.181519
-0.054688,-0.281494,0.902466
-0.081299,0.248291,1.103027
0.437622,-0.360596,1.020020
-0.441162,-0.030640,0.841064
0.488037,-0.139526,1.169434
0.010132,-0.369873,0.883911
-0.112183,0.230713,1.089966
0.447754,-0.298340,1.041504
-0.454224,-0.025513,0.824219
0.478027,-0.140015,1.179688
0.037842,-0.425171,0.883423
-0.180054,0.227051,1.064697
0.484131,-0.288452,1.073242
-0.444336,-0.043091,0.825562
0.414795,-0.090088,1.156982
0.080444,-0.420288,0.922363
-0.229126,0.172729,1.028687
0.513062,-0.250610,1.128540
-0.437134,-0.059692,0.811523
0.352905,-0.036621,1.152954
0.137085,-0.422607,0.926880
-0.277344,0.143921,1.001953
0.547729,-0.253662,1.142456
-0.418701,-0.080811,0.807251
0.282471,0.007812,1.132935
0.197021,-0.432251,0.943481
-0.306274,0.130005,0.964233
0.546997,-0.239868,1.129150
-0.377319,-0.120361,0.810547
0.224487,0.040771,1.124390
0.235474,-0.440186,0.952393
-0.365356,0.105103,0.938354
0.556885,-0.234253,1.142578
-0.320190,-0.162842,0.824341
0.144287,0.128906,1.111328
0.273682,-0.412598,0.959473
-0.400146,0.075073,0.907593
0.569458,-0.232666,1.155151
-0.278076,-0.213867,0.832520
0.075684,0.170044,1.103149
0.306030,-0.406860,0.949707
-0.415039,0.045654,0.889038
0.549438,-0.210815,1.150879
-0.203857,-0.264160,0.837280
0.003540,0.174683,1.089478
0.332520,-0.375732,0.968872
-0.452026,0.011963,0.842041
0.549927,-0.192627,1.163452
-0.125732,-0.292969,0.839600
-0.054565,0.189575,1.073364
0.372070,-0.347412,0.978394
-0.463135,-0.012329,0.825928
0.497925,-0.179199,1.138794
-0.104736,-0.348022,0.826782
-0.093994,0.179321,1.068481
0.403931,-0.352295,0.987915
-0.487671,0.015747,0.827515
0.454224,-0.138672,1.140747
-0.062256,-0.346313,0.839844
-0.187988,0.187866,1.033081
0.430298,-0.316406,1.034668
-0.491943,-0.058838,0.783447
0.412720,-0.099731,1.142212
-0.028931,-0.350098,0.839111
-0.260254,0.211426,1.010254
0.472412,-0.316284,1.036133
-0.488281,-0.067261,0.774292
0.332031,-0.073853,1.116211
0.049438,-0.357056,0.871582
-0.317383,0.188599,0.966064
0.470947,-0.266724,1.048462
-0.442871,-0.139282,0.759277
0.246338,-0.019043,1.105347
0.101318,-0.398193,0.885742
-0.387329,0.140503,0.913574
0.488159,-0.254150,1.073853
-0.414062,-0.152222,0.765747
0.151245,0.058350,1.075195
0.157593,-0.432129,0.883301
-0.436401,0.106689,0.866089
0.491455,-0.210327,1.100464
-0.370117,-0.209717,0.759155
0.078491,0.090088,1.073120
0.217773,-0.448608,0.894409
-0.484375,0.093994,0.843384
0.478638,-0.184814,1.082153
-0.295776,-0.227905,0.794312
-0.014282,0.129395,1.049438
0.261475,-0.442261,0.889404
-0.503906,0.020264,0.817139
0.463623,-0.185059,1.081543
-0.209595,-0.288086,0.761108
-0.093262,0.174683,1.011230
0.304199,-0.364380,0.914795
-0.536499,0.022827,0.781006
0.453735,-0.218628,1.074829
-0.185913,-0.338013,0.751831
-0.165527,0.135498,0.979980
0.344116,-0.359985,0.941650
-0.560547,0.020264,0.751709
0.392944,-0.176025,1.064453
-0.138306,-0.374390,0.776855
-0.242920,0.158203,0.974609
0.363037,-0.330811,0.958130
-0.556519,-0.001099,0.738037
0.323853,-0.115234,1.049927
-0.101929,-0.362305,0.796753
-0.307739,0.140503,0.935913
0.417480,-0.350586,0.978760
-0.525879,0.011963,0.751587
0.239136,0.023560,1.059448
-0.055054,-0.313721,0.821167
-0.387451,0.133545,0.907959
0.430542,-0.362793,0.997925
-0.504028,-0.107788,0.726318
0.172119,0.087036,1.055176
-0.000732,-0.326538,0.799683
-0.462158,0.150024,0.880249
0.453247,-0.342651,1.012329
-0.479980,-0.175659,0.714722
0.125244,0.086914,1.037476
0.063110,-0.371460,0.826294
-0.521851,0.158447,0.826538
0.448608,-0.285400,1.006958
-0.427490,-0.164185,0.735718
0.047363,0.123291,1.041870
0.124023,-0.397827,0.845581
-0.557861,0.122925,0.805908
0.433838,-0.242676,1.017212
-0.374756,-0.205933,0.728760
-0.003174,0.130371,1.025879
0.196533,-0.455322,0.844360
-0.581787,0.125610,0.782837
0.429321,-0.208130,1.028442
-0.308838,-0.210083,0.740601
-0.067139,0.167114,1.005859
0.238770,-0.419922,0.862427
-0.600586,0.099121,0.769043
0.417603,-0.202026,1.027832
-0.243042,-0.313354,0.722778
-0.151123,0.150757,0.953003
0.262573,-0.358032,0.883301
-0.610962,0.072144,0.749878
0.410156,-0.211060,1.029541
-0.193726,-0.357178,0.724365
-0.212402,0.194214,0.958862
0.304199,-0.361572,0.895264
-0.626709,0.083008,0.746460
0.358521,-0.179321,1.007202
-0.139893,-0.383911,0.732910
-0.258911,0.166626,0.922119
0.325317,-0.337769,0.911377
-0.634521,0.065796,0.713013
0.324707,-0.140137,1.007568
-0.103149,-0.401855,0.742065
-0.317261,0.168335,0.916260
0.362183,-0.313354,0.929077
-0.605713,0.065918,0.712646
0.258789,-0.089600,0.990845
-0.059937,-0.408691,0.757935
-0.370117,0.172363,0.888916
0.372314,-0.294800,0.940186
-0.574707,0.012451,0.691284
0.178345,-0.004639,0.973755
-0.000977,-0.384033,0.798950
-0.445435,0.161987,0.866333
0.407104,-0.306641,0.958862
-0.544922,-0.030762,0.691406
0.122803,0.102661,1.004761
0.035034,-0.359009,0.796265
-0.480347,0.183228,0.861938
0.427368,-0.294189,0.967407
-0.492188,-0.060669,0.722412
0.083130,0.142334,1.013428
0.073486,-0.364136,0.812378
-0.529785,0.177368,0.833130
0.443481,-0.265137,0.995239
-0.453613,-0.108154,0.717285
0.043701,0.160034,1.007812
0.124512,-0.386230,0.818481
-0.555908,0.192749,0.827271
0.454224,-0.244995,1.002441
-0.382935,-0.171021,0.740234
-0.003784,0.167114,1.003296
0.158936,-0.394165,0.824585
-0.568970,0.170044,0.800537
0.451538,-0.209717,1.007568
-0.338867,-0.177734,0.738037
-0.042358,0.184082,0.999268
0.203735,-0.412720,0.839722
-0.592773,0.146606,0.782471
0.437500,-0.208862,1.014893
-0.269531,-0.213623,0.742065
-0.094971,0.224731,0.976074
0.260986,-0.375366,0.876343
-0.610352,0.101318,0.749023
0.438232,-0.188599,1.037598
-0.198242,-0.287598,0.741943
-0.120972,0.215820,0.957153
0.289429,-0.347046,0.885254
-0.627808,0.126221,0.743774
0.425903,-0.198364,1.021729
-0.133057,-0.353638,0.747559
-0.201050,0.213379,0.934204
0.336304,-0.339478,0.898315
-0.614014,0.115601,0.749512
0.380737,-0.158203,0.997681
-0.081055,-0.358032,0.771973
-0.260864,0.174805,0.900879
0.383789,-0.343140,0.925293
-0.599243,0.084961,0.727539
0.294556,-0.081787,0.965210
-0.014404,-0.410645,0.759033
-0.302124,0.165771,0.863770
0.388428,-0.278076,0.930542
-0.573486,0.057373,0.733643
0.245117,-0.039917,0.970703
0.008057,-0.428589,0.749756
-0.338989,0.146851,0.860474
0.409668,-0.262573,0.947998
-0.540161,-0.012939,0.724487
0.180664,0.006104,0.980103
0.063354,-0.432129,0.779663
-0.420410,0.156372,0.825806
0.427856,-0.244751,0.977661
-0.490112,-0.078613,0.743164
0.124878,0.034302,1.006592
0.082886,-0.453735,0.785156
-0.472046,0.147827,0.815796
0.460327,-0.232666,0.990234
-0.440308,-0.053833,0.762451
0.061157,0.114014,1.015625
0.148804,-0.435547,0.822998
-0.542236,0.146118,0.786499
0.468140,-0.223145,1.007446
-0.340210,-0.149170,0.768921
-0.030151,0.166382,0.998535
0.221313,-0.439941,0.841309
-0.564453,0.119141,0.757446
0.458008,-0.190796,1.019775
-0.278198,-0.194214,0.756470
-0.097534,0.205566,0.985718
0.295776,-0.457642,0.876221
-0.569336,0.053711,0.736694
0.421875,-0.161621,1.038574
-0.184326,-0.251587,0.785767
-0.159302,0.238159,0.974854
0.323120,-0.417358,0.893188
-0.559326,0.028076,0.756836
0.400024,-0.164917,1.021606
-0.111694,-0.313599,0.785034
-0.198975,0.207153,0.939453
0.352783,-0.350952,0.927734
-0.561035,0.016724,0.747681
0.379150,-0.159302,1.032959
-0.049194,-0.408203,0.774536
-0.251221,0.199585,0.907471
0.386108,-0.349121,0.928345
-0.541138,0.010254,0.752686
0.316162,-0.117065,1.004272
0.008301,-0.446533,0.776978
-0.292358,0.159424,0.881958
0.408081,-0.321045,0.940552
-0.524170,-0.043945,0.721069
0.231934,-0.071289,0.979980
0.059570,-0.472290,0.780396
-0.334839,0.128540,0.862549
0.419922,-0.304077,0.955078
-0.496094,-0.056030,0.741211
0.169067,-0.015869,0.989136
0.102783,-0.499512,0.787964
-0.404541,0.080811,0.821289
0.444336,-0.257690,0.991211
-0.435303,-0.105713,0.739746
0.095703,0.100220,1.023926
0.155640,-0.474731,0.809326
-0.452515,0.061523,0.800781
0.475708,-0.263916,1.017822
-0.369995,-0.172974,0.745483
0.005249,0.159302,1.020020
0.239258,-0.458496,0.850952
-0.499634,0.036743,0.764893
0.474121,-0.276611,1.031250
-0.277832,-0.222656,0.793457
-0.073242,0.163818,0.996338
0.287720,-0.444092,0.880249
-0.524536,0.019897,0.752930
0.438477,-0.197876,1.045044
-0.163086,-0.260254,0.810547
-0.141846,0.196899,0.989014
0.348999,-0.454224,0.906250
-0.527222,0.015991,0.764771
0.398193,-0.171143,1.037598
-0.096802,-0.311035,0.821777
-0.178345,0.165283,0.975708
0.387939,-0.401001,0.944092
-0.522827,-0.024414,0.744141
0.354736,-0.121826,1.037598
0.009155,-0.414673,0.803223
-0.234741,0.165771,0.947754
0.432251,-0.368774,0.974365
-0.487915,-0.078491,0.750732
0.293701,-0.062988,1.034180
0.057739,-0.444946,0.803955
-0.292480,0.136108,0.916870
0.466431,-0.374023,0.994751
-0.459717,-0.126465,0.770874
0.245605,-0.046265,1.035400
0.098755,-0.424683,0.820801
-0.363892,0.147583,0.880005
0.490479,-0.315674,1.031738
-0.400879,-0.207275,0.765869
0.182617,-0.022339,1.034912
0.134644,-0.423828,0.849976
-0.394043,0.109741,0.849609
0.523926,-0.286743,1.058716
-0.364014,-0.192139,0.775391
0.105225,0.044556,1.038940
0.233032,-0.488647,0.873779
-0.413696,0.067383,0.827515
0.518799,-0.216675,1.072266
-0.298828,-0.184814,0.818726
0.015625,0.118408,1.042969
0.307495,-0.523682,0.901978
-0.463379,-0.000488,0.786377
0.492554,-0.177246,1.104370
-0.209839,-0.218140,0.826904
-0.046387,0.209595,1.064575
0.359741,-0.457275,0.949829
-0.476196,-0.013916,0.800293
0.471069,-0.186890,1.095581
-0.121338,-0.275024,0.848145
-0.100220,0.250366,1.065186
0.410034,-0.389038,0.991699
-0.477417,-0.040161,0.802979
0.437134,-0.144897,1.113159
-0.004395,-0.351196,0.861816
-0.147339,0.220215,1.048096
0.439697,-0.338257,1.017334
-0.465698,-0.061646,0.788208
0.398438,-0.108765,1.115234
0.066895,-0.412354,0.867188
-0.210083,0.189087,1.008667
0.480225,-0.303711,1.060181
-0.427979,-0.087891,0.809204
0.331787,-0.046509,1.114990
0.100952,-0.419434,0.886719
-0.287598,0.167969,0.997559
0.503052,-0.278076,1.057617
-0.388794,-0.131104,0.811768
0.071411,0.117920,1.056152
0.172852,-0.420532,0.911743
-0.472046,0.044434,0.800781
0.509521,-0.285522,1.059692
-0.254639,-0.273193,0.800903
-0.001465,0.166870,1.050171
0.315186,-0.410400,0.916626
-0.492432,0.050537,0.790527
0.482178,-0.249634,1.063721
-0.182129,-0.280518,0.842773
-0.063354,0.125366,1.028931
0.398804,-0.424316,0.973389
-0.480713,0.012695,0.779541
0.418701,-0.091187,1.091797
-0.078369,-0.274414,0.847778
-0.133423,0.175903,1.037842
0.438843,-0.416992,1.004761
-0.465942,-0.065063,0.802246
0.389160,-0.089111,1.102295
0.019775,-0.364746,0.838623
-0.199585,0.182373,1.002197
0.497681,-0.347656,1.057617
-0.420044,-0.099365,0.801025
0.311035,-0.036987,1.086792
0.088501,-0.426880,0.852905
-0.263916,0.134766,0.962891
0.522827,-0.295166,1.092529
-0.393799,-0.130859,0.802612
0.271973,-0.002197,1.094849
0.155762,-0.426270,0.904053
-0.369751,0.149292,0.933960
0.553955,-0.292114,1.116577
-0.344727,-0.177734,0.803955
0.181641,0.099487,1.095947
0.212524,-0.411865,0.920532
-0.368286,0.042969,0.875854
0.571777,-0.253662,1.155151
-0.309692,-0.196045,0.810059
0.111694,0.158447,1.104004
0.309570,-0.447510,0.956909
-0.434204,0.082031,0.873413
0.551025,-0.281982,1.120117
-0.257446,-0.249512,0.829712
0.074707,0.177124,1.102661
0.339600,-0.402954,0.977417
-0.436157,0.048462,0.858398
0.554443,-0.221924,1.151245
-0.192871,-0.275391,0.853027
0.007568,0.167603,1.087036
0.369385,-0.400024,0.993286
-0.441528,0.045898,0.861084
0.536377,-0.181030,1.157837
-0.120117,-0.272949,0.878052
-0.035278,0.231201,1.103882
0.409546,-0.379639,1.003418
-0.460083,0.009766,0.852905
0.513916,-0.187378,1.156372
-0.057861,-0.329590,0.887329
-0.072754,0.181519,1.068726
0.434570,-0.337036,1.043457
-0.443237,-0.011597,0.838379
0.491821,-0.118530,1.175903
0.021606,-0.396484,0.883301
-0.118530,0.207031,1.078857
0.450928,-0.327026,1.053223
-0.453857,-0.014648,0.839844
0.480103,-0.136230,1.169189
0.026001,-0.385376,0.891968
-0.165039,0.211182,1.051758
0.497192,-0.311768,1.073853
-0.428833,-0.037720,0.828247
0.429932,-0.062012,1.166748
0.047607,-0.367188,0.898560
-0.207886,0.195190,1.035522
0.496948,-0.275269,1.099731
-0.436890,-0.081909,0.817871
0.397339,-0.057983,1.171387
0.081299,-0.383301,0.919189
-0.250977,0.205322,1.034180
0.529175,-0.267090,1.118286
-0.409180,-0.094116,0.809326
0.332275,-0.027344,1.147705
0.121948,-0.397095,0.932617
-0.281006,0.161255,1.002197
0.551514,-0.277588,1.126587
-0.393188,-0.117676,0.812012
0.267090,0.051758,1.135620
0.176392,-0.420654,0.927490
-0.305420,0.116211,0.970581
0.560059,-0.276367,1.134155
-0.388916,-0.167603,0.796875
0.221313,0.101074,1.136841
0.196655,-0.405762,0.923340
-0.346191,0.106079,0.937988
0.575439,-0.267578,1.143799
-0.337158,-0.179077,0.817505
0.159546,0.117065,1.115356
0.230469,-0.432861,0.916260
-0.379272,0.089844,0.920410
0.563843,-0.261230,1.121582
-0.307373,-0.203247,0.817383
0.129639,0.142456,1.117920
0.229370,-0.357300,0.931885
-0.417603,0.043091,0.873047
0.580811,-0.302979,1.129639
-0.291626,-0.251343,0.821899
0.078979,0.158813,1.097900
0.249756,-0.343384,0.921387
-0.435791,0.079224,0.861084
0.546265,-0.254028,1.119385
-0.257202,-0.270996,0.825562
0.051147,0.100464,1.076904
0.294067,-0.393799,0.937988
-0.466919,0.077637,0.847778
0.519409,-0.172852,1.126953
-0.191406,-0.279297,0.831909
-0.021240,0.132080,1.054688
0.328613,-0.413574,0.948730
-0.475220,0.035400,0.821533
0.494629,-0.153809,1.114746
-0.162109,-0.271362,0.812744
-0.084351,0.161011,1.048462
0.368530,-0.377686,0.988403
-0.509888,-0.013550,0.806396
0.467651,-0.152832,1.132935
-0.131348,-0.357666,0.776611
-0.184204,0.177124,1.003296
0.415405,-0.356201,0.996704
-0.510620,-0.018677,0.786377
0.413330,-0.105591,1.127808
-0.084106,-0.338135,0.797974
-0.256958,0.197632,0.985474
0.424683,-0.319214,1.014038
-0.517090,-0.067017,0.754639
0.348267,-0.108398,1.109375
-0.021240,-0.380371,0.813965
-0.335693,0.201782,0.953857
0.447266,-0.288574,1.025879
-0.484009,-0.092407,0.755493
0.242310,-0.030518,1.084473
0.058228,-0.410889,0.849243
-0.414429,0.150391,0.900146
0.465210,-0.284302,1.049072
-0.439453,-0.145996,0.752563
0.128418,0.074951,1.054565
0.124634,-0.390869,0.863892
-0.475342,0.107666,0.853638
0.488159,-0.265625,1.066528
-0.367676,-0.200562,0.755127
0.027466,0.129761,1.040527
0.188110,-0.404297,0.870972
-0.518311,0.077759,0.807983
0.479614,-0.237671,1.065308
-0.279663,-0.285400,0.750732
-0.038208,0.152832,1.029297
0.231689,-0.382690,0.870850
-0.552490,0.040283,0.790405
0.449463,-0.241455,1.054321
-0.237305,-0.336182,0.729126
-0.111572,0.126709,0.986938
0.282104,-0.369141,0.895508
-0.571411,0.045044,0.756104
0.415649,-0.208008,1.056274
-0.193115,-0.381104,0.729858
-0.210815,0.137695,0.955200
0.333008,-0.341187,0.926758
-0.575073,0.032227,0.738403
0.349731,-0.154297,1.040039
-0.135132,-0.361084,0.772095
-0.284546,0.142700,0.926514
0.359619,-0.356567,0.937988
-0.567749,0.023315,0.738770
0.303711,-0.085693,1.041016
-0.110474,-0.319092,0.770020
-0.355835,0.183594,0.910522
0.389160,-0.356812,0.954224
-0.559814,-0.088867,0.698975
0.259521,-0.073364,1.029541
-0.071167,-0.372681,0.764526
-0.435181,0.217041,0.873779
0.417603,-0.298950,0.977051
-0.522827,-0.067383,0.731079
0.160645,-0.032715,1.014771
0.009277,-0.410278,0.804443
-0.510620,0.191895,0.837524
0.422729,-0.260864,0.992920
-0.459961,-0.123657,0.742676
0.061646,0.078003,1.018677
0.101074,-0.432007,0.802246
-0.557251,0.164917,0.813843
0.429565,-0.254150,0.989624
-0.348511,-0.181763,0.753296
-0.026978,0.154297,1.010620
0.185791,-0.395020,0.847534
-0.590210,0.098755,0.775146
0.420044,-0.211304,1.015747
-0.281616,-0.272461,0.722656
-0.102173,0.173096,0.973145
0.255371,-0.370239,0.872437
-0.618408,0.073242,0.745483
0.387329,-0.190186,1.015015
-0.197144,-0.349121,0.724854
-0.175659,0.164062,0.944702
0.307617,-0.353882,0.898926
-0.624634,0.100830,0.742065
0.355835,-0.155884,1.006470
-0.144775,-0.362549,0.735107
-0.279419,0.146851,0.898193
0.364868,-0.371948,0.915405
-0.582275,0.055176,0.725220
0.266846,-0.028931,0.995483
-0.095459,-0.336548,0.759399
-0.352173,0.138428,0.876465
0.391846,-0.341553,0.943359
-0.567017,0.003296,0.694702
0.220825,0.040649,1.009888
-0.046509,-0.351562,0.759521
-0.407715,0.188721,0.883301
0.397461,-0.313965,0.949951
-0.553589,-0.088989,0.684448
0.181763,0.013550,1.003540
0.000366,-0.396484,0.765869
-0.484497,0.237671,0.844482
0.413330,-0.262329,0.966919
-0.489258,-0.116333,0.720825
0.125488,0.029297,0.996216
0.023560,-0.383301,0.782837
-0.504272,0.229248,0.831787
0.442993,-0.252808,0.986816
-0.446777,-0.111206,0.738037
0.059937,0.093140,1.004883
0.088013,-0.434692,0.795410
-0.513916,0.171631,0.813721
0.433838,-0.202148,0.997681
-0.418091,-0.087769,0.749390
0.026245,0.166992,1.018311
0.157593,-0.425293,0.823486
-0.551636,0.143799,0.808472
0.447266,-0.222900,0.996216
-0.377808,-0.139038,0.746338
-0.023071,0.203857,1.006226
0.197876,-0.384888,0.850708
-0.580444,0.110352,0.770874
0.452759,-0.221802,1.017700
-0.312134,-0.208008,0.732300
-0.058960,0.220459,0.996826
0.243774,-0.373291,0.854980
-0.613159,0.135376,0.772461
0.445923,-0.227417,1.010376
-0.234741,-0.269409,0.740967
-0.101196,0.230713,0.972900
0.290771,-0.370605,0.879883
-0.604004,0.105835,0.752197
0.433105,-0.195190,1.017700
-0.182495,-0.284058,0.751709
-0.144653,0.208374,0.953003
0.326904,-0.377563,0.894043
-0.595337,0.098511,0.752075
0.401001,-0.168945,1.007324
-0.145996,-0.314331,0.765991
-0.179565,0.193970,0.947144
0.358398,-0.348022,0.913208
-0.596313,0.108154,0.753784
0.379761,-0.139038,1.009766
-0.093140,-0.328247,0.777832
-0.219849,0.176880,0.913452
0.349487,-0.323242,0.927734
-0.573364,0.020630,0.741455
0.376099,-0.124023,1.030151
-0.062500,-0.367554,0.761841
-0.283569,0.238159,0.895752
0.380249,-0.329102,0.912354
-0.563599,0.008545,0.734497
0.337402,-0.140869,1.001465
-0.024658,-0.418213,0.771606
-0.306152,0.210449,0.878662
0.407104,-0.314819,0.932007
-0.541382,0.009521,0.741211
0.286621,-0.095093,0.994141
0.009277,-0.432983,0.773560
-0.327393,0.182495,0.872192
0.420776,-0.299927,0.945557
-0.531860,-0.013672,0.731445
0.218262,-0.022095,0.998779
0.056152,-0.456665,0.771851
-0.371948,0.136841,0.839722
0.423462,-0.268188,0.969604
-0.504150,-0.060059,0.725830
0.194946,0.005127,1.009644
0.078735,-0.420532,0.784302
-0.441528,0.141113,0.802002
0.451660,-0.304321,0.982544
-0.454834,-0.137451,0.734741
0.138306,0.041382,1.012573
0.107178,-0.443726,0.787964
-0.479492,0.166138,0.795288
0.469604,-0.302612,0.972412
-0.397217,-0.145874,0.765625
0.070801,0.066528,0.996460
0.147827,-0.446411,0.813599
-0.506348,0.113159,0.765137
0.464966,-0.260864,0.994019
0.024292,0.128296,1.028931
-0.518677,0.073242,0.753418
0.470825,-0.286255,1.005981
-0.302979,-0.211182,0.788574
-0.036987,0.179565,1.014893
0.237671,-0.430298,0.850342
-0.520752,0.041382,0.748291
0.454224,-0.269531,1.012573
-0.255249,-0.237549,0.794189
-0.082764,0.176270,1.000488
0.293579,-0.463623,0.881226
-0.532959,0.035889,0.755615
0.438599,-0.226074,1.039062
-0.208740,-0.270142,0.787109
-0.109619,0.194458,0.998657
0.331909,-0.432739,0.905273
-0.534668,0.041382,0.765869
0.418579,-0.190186,1.044556
-0.127563,-0.328003,0.798706
-0.161865,0.181519,0.981445
0.363159,-0.423950,0.930542
-0.540649,0.020874,0.763916
0.400879,-0.157593,1.046875
-0.065308,-0.334351,0.806885
-0.198975,0.205933,0.983276
0.400391,-0.410278,0.947754
-0.518921,-0.052979,0.759399
0.372070,-0.168091,1.031494
-0.005493,-0.399780,0.809814
-0.237305,0.177002,0.936157
0.429810,-0.343506,0.977905
-0.476074,-0.061768,0.772095
0.325562,-0.127075,1.033936
0.052979,-0.460571,0.818604
-0.263428,0.110840,0.906738
0.455933,-0.324707,0.999878
-0.472168,-0.067383,0.762817
0.262085,-0.043701,1.034058
0.098389,-0.447144,0.851929
-0.305542,0.081909,0.902344
0.485107,-0.309570,1.043335
-0.442505,-0.105835,0.772827
0.208130,0.017700,1.049316
0.125977,-0.406738,0.869507
-0.358643,0.063843,0.881348
0.512451,-0.290405,1.072266
-0.408936,-0.141968,0.767456
0.156372,0.067627,1.066284
0.189697,-0.463989,0.873779
-0.397949,0.077637,0.853882
0.544189,-0.301025,1.088501
-0.359375,-0.194458,0.772949
0.102051,0.087402,1.053345
0.253418,-0.467529,0.900146
-0.431763,0.065186,0.827637
0.534302,-0.274536,1.080933
-0.287842,-0.231323,0.810547
0.057861,0.103638,1.052368
0.289062,-0.437256,0.931519
-0.441284,0.050293,0.815674
0.528320,-0.224365,1.097412
-0.227295,-0.244507,0.825928
-0.008789,0.165405,1.062134
0.342529,-0.455322,0.949341
-0.457764,0.010010,0.823120
0.510620,-0.176636,1.127197
-0.174561,-0.243896,0.839722
-0.045898,0.188232,1.068970
0.398682,-0.411011,0.988159
-0.466919,-0.007935,0.812866
0.489014,-0.139648,1.133179
-0.078125,-0.302856,0.865112
-0.095459,0.188477,1.050415
0.446899,-0.369629,1.029053
-0.442749,-0.024170,0.821655
0.438721,-0.107178,1.133057
0.021606,-0.363403,0.885742
-0.159912,0.190308,1.052612
0.475952,-0.346680,1.051147
-0.436035,-0.085083,0.803589
0.403320,-0.067993,1.152222
0.067017,-0.370605,0.882324
-0.220093,0.219971,1.031616
0.509155,-0.294189,1.088745
-0.394897,-0.138550,0.813477
0.337769,-0.026978,1.137573
0.105103,-0.391846,0.895020
-0.284668,0.171265,0.980103
0.560181,-0.275269,1.125610
-0.372803,-0.148193,0.817871
0.265259,0.020386,1.130005
0.212524,-0.416626,0.944458
-0.338135,0.141357,0.928223
0.555420,-0.228394,1.132446
-0.292114,-0.194946,0.838623
0.170288,0.100586,1.113525
0.280151,-0.432373,0.959106
-0.391357,0.067017,0.882935
0.586792,-0.229004,1.156982
-0.243652,-0.227295,0.841431
0.075439,0.184326,1.125366
0.353271,-0.429565,0.973511
-0.440674,0.071899,0.871094
0.548096,-0.193115,1.151367
-0.136841,-0.269531,0.883667
-0.007568,0.212891,1.108154
0.389282,-0.379150,0.995728
-0.466064,0.039917,0.841431
0.530396,-0.178955,1.167847
-0.026978,-0.369141,0.898438
-0.089478,0.198120,1.082397
0.419678,-0.321167,1.023438
-0.447510,-0.010376,0.824463
0.505737,-0.121094,1.183838
-0.005737,-0.329346,0.888428
-0.137573,0.195068,1.062500
0.470947,-0.328491,1.058350
-0.465942,-0.019775,0.826660
0.420532,-0.074219,1.162720
0.045410,-0.367920,0.899780
-0.206787,0.203369,1.058472
0.513916,-0.292480,1.105835
-0.444580,-0.059570,0.803467
0.338745,-0.014038,1.150269
0.088989,-0.376831,0.919434
-0.272583,0.144531,1.004028
0.557251,-0.275146,1.151611
-0.406494,-0.108276,0.800903
0.269165,0.049438,1.144897
0.151855,-0.395996,0.911621
-0.328369,0.140625,0.954346
0.553467,-0.257812,1.132812
-0.349976,-0.181641,0.814575
0.193481,0.077515,1.129272
0.199585,-0.419312,0.920654
-0.380615,0.108765,0.902954
0.556152,-0.249756,1.118896
-0.313721,-0.186279,0.838501
0.127808,0.087646,1.088745
0.253784,-0.420166,0.933472
-0.422974,0.103638,0.871338
0.539673,-0.195068,1.126099
-0.274902,-0.211914,0.821411
0.063843,0.134888,1.103516
0.300659,-0.427979,0.953857
-0.461548,0.051758,0.858521
0.505737,-0.168335,1.128052
-0.224609,-0.257446,0.801880
0.014038,0.164795,1.090698
0.325684,-0.404419,0.949097
-0.486206,0.048706,0.846680
0.495117,-0.178101,1.104248
-0.152222,-0.327393,0.799683
-0.063599,0.181885,1.067627
0.346680,-0.383667,0.946411
-0.490723,0.012085,0.818115
0.488770,-0.173462,1.114014
-0.139526,-0.319580,0.792480
-0.121826,0.163330,1.028687
0.368774,-0.344238,0.966187
-0.511597,-0.008423,0.795532
0.455078,-0.188110,1.102295
-0.110107,-0.339478,0.792358
-0.191772,0.184692,1.016846
0.389404,-0.326172,0.986572
-0.535278,-0.008301,0.778931
0.394775,-0.171997,1.092773
-0.080078,-0.361206,0.818115
-0.265015,0.175781,0.966675
0.412109,-0.311768,1.010620
-0.514282,-0.026245,0.769775
0.327026,-0.108887,1.090088
-0.050781,-0.388672,0.819336
-0.317017,0.147949,0.933838
0.433960,-0.305054,1.014526
-0.480469,-0.060303,0.750854
0.253540,-0.003296,1.082886
-0.007812,-0.371826,0.834106
-0.380371,0.135864,0.913086
0.442749,-0.294434,1.024414
-0.476196,-0.058960,0.750610
0.197876,0.048584,1.080933
0.038208,-0.367676,0.850830
-0.442017,0.142456,0.878418
0.438965,-0.296997,1.015869
-0.465210,-0.146973,0.735352
0.137573,0.078369,1.060181
0.072876,-0.384521,0.834839
-0.465210,0.138062,0.857544
0.440918,-0.265869,1.028320
-0.452026,-0.180176,0.728027
0.102051,0.072388,1.037109
0.106812,-0.407349,0.835205
-0.520020,0.153809,0.824463
0.459473,-0.277710,1.021729
-0.396118,-0.219360,0.751587
0.042114,0.081421,1.028320
0.141357,-0.412231,0.839111
-0.539429,0.143677,0.806885
0.440918,-0.252319,1.010132
-0.366211,-0.225708,0.746826
0.016724,0.061523,1.008423
0.167480,-0.419678,0.840820
-0.578125,0.142334,0.792969
0.445801,-0.243774,1.012329
-0.305176,-0.259033,0.748413
-0.068115,0.113770,0.988159
0.223389,-0.431152,0.856445
-0.572144,0.062378,0.765259
0.426392,-0.203369,1.040771
-0.262695,-0.285522,0.709473
-0.156372,0.184692,0.975098
0.291016,-0.420898,0.873535
-0.592163,0.044556,0.764893
0.402588,-0.190186,1.028809
-0.223267,-0.325806,0.712036
-0.238281,0.186035,0.935547
0.355713,-0.375122,0.936279
-0.598145,0.031372,0.748413
0.338013,-0.152344,1.014893
-0.168457,-0.372192,0.698853
-0.279053,0.189087,0.928955
0.369385,-0.342896,0.932251
-0.588135,0.005493,0.734253
0.281372,-0.105591,1.005371
-0.085815,-0.404053,0.757202
-0.384399,0.171387,0.864258
0.375732,-0.288696,0.962646
-0.557495,-0.035400,0.692139
0.209717,-0.014160,1.012573
-0.041138,-0.396484,0.773438
-0.446655,0.195068,0.881592
0.417847,-0.308838,0.961060
-0.534302,-0.036011,0.719238
0.112305,0.084106,1.008911
0.036621,-0.377319,0.795776
-0.520508,0.165039,0.825439
0.436279,-0.301147,0.976440
-0.462769,-0.108398,0.719971
0.066772,0.133179,1.014526
0.095825,-0.364380,0.808228
-0.570190,0.188599,0.811768
0.460083,-0.267944,1.002808
-0.385742,-0.184326,0.723022
-0.010132,0.172852,1.004395
0.165649,-0.401367,0.827515
-0.578613,0.117188,0.796387
0.437744,-0.215576,1.017456
-0.312378,-0.214355,0.722290
-0.071899,0.220459,0.987183
0.229858,-0.376099,0.854004
-0.608765,0.113892,0.766846
0.438110,-0.199951,1.016968
-0.255859,-0.286621,0.702759
-0.127319,0.205078,0.960083
0.291016,-0.356445,0.889160
-0.626465,0.113037,0.746704
0.418457,-0.168091,1.022827
-0.189453,-0.336792,0.711670
-0.150879,0.177368,0.946045
0.326538,-0.340698,0.907104
-0.626099,0.130005,0.753052
0.386230,-0.144775,1.004150
-0.117065,-0.351807,0.743164
-0.222412,0.176147,0.912231
0.334595,-0.309448,0.911743
-0.600708,0.095459,0.745361
0.354126,-0.134888,1.005249
-0.071655,-0.407349,0.732056
-0.288940,0.208740,0.894897
0.384033,-0.310913,0.917236
-0.584961,0.084106,0.736938
0.287964,-0.072632,0.983276
-0.029785,-0.393799,0.766479
-0.333496,0.142822,0.863159
0.412354,-0.306396,0.939453
-0.555664,0.022827,0.702881
0.203857,0.062134,0.992798
0.024170,-0.392334,0.767090
-0.402466,0.169678,0.846924
0.436768,-0.320801,0.946289
-0.507202,-0.054321,0.735840
0.151489,0.066895,1.002197
0.052734,-0.395020,0.780762
-0.443481,0.179199,0.827515
0.444092,-0.267090,0.977661
-0.459595,-0.096680,0.744751
0.104980,0.085449,1.016235
0.080078,-0.400879,0.788574
-0.491333,0.153320,0.807373
0.450439,-0.212524,1.002686
-0.401489,-0.122314,0.764526
0.029907,0.139404,1.019409
0.145996,-0.437012,0.815552
-0.526611,0.128784,0.785767
0.460205,-0.221680,1.009521
0.230957,-0.422607,0.854370
0.456177,-0.204468,1.016968
-0.241089,-0.222656,0.776001
-0.120361,0.194702,0.971191
0.303955,-0.418335,0.890625
-0.578125,0.062012,0.748047
0.410034,-0.164551,1.014893
-0.145752,-0.293823,0.777588
-0.188477,0.179321,0.941528
0.359375,-0.364258,0.937744
-0.559937,0.045288,0.763794
0.360596,-0.124634,1.014893
-0.033936,-0.398193,0.772827
-0.273804,0.168091,0.883545
0.387817,-0.333618,0.938354
-0.531982,-0.053711,0.726074
0.297607,-0.050415,1.023193
0.035278,-0.424927,0.775635
-0.345703,0.139404,0.854736
0.422241,-0.340820,0.943970
-0.506470,-0.068848,0.733398
0.192871,0.008301,1.013306
0.088379,-0.470703,0.783081
-0.425171,0.141357,0.828735
0.456909,-0.302246,0.984009
-0.443848,-0.086182,0.756958
0.091431,0.097656,1.020264
0.144409,-0.433716,0.824219
-0.506592,0.104980,0.781860
0.472778,-0.288086,0.999878
-0.357788,-0.203857,0.759644
0.015503,0.145142,1.020264
0.199463,-0.416504,0.848511
-0.532959,0.069702,0.743896
0.487061,-0.296021,1.026245
-0.279541,-0.250977,0.789429
-0.062500,0.176758,1.020264
0.276733,-0.429932,0.871094
-0.553589,0.085815,0.750610
0.460938,-0.242065,1.036133
-0.196533,-0.269409,0.804565
-0.113770,0.160278,0.995972
0.331909,-0.446167,0.901611
-0.562134,0.067749,0.752808
0.431396,-0.186768,1.032593
-0.112427,-0.261963,0.826904
-0.169312,0.184570,0.990112
0.366943,-0.454956,0.922363
-0.520630,-0.032715,0.750244
0.393799,-0.122437,1.047729
-0.064087,-0.290771,0.804199
-0.205566,0.201294,0.977783
0.416870,-0.440308,0.958130
-0.514893,-0.087158,0.755249
0.346069,-0.110107,1.054565
0.010376,-0.412964,0.804932
-0.246094,0.188477,0.952026
0.438477,-0.388550,0.976440
-0.492676,-0.101562,0.751221
0.317139,-0.096802,1.039307
0.063965,-0.449463,0.813232
-0.298218,0.178589,0.917603
0.475220,-0.336304,1.008667
-0.449951,-0.125854,0.761108
0.242432,-0.046387,1.029785
0.082520,-0.429199,0.814697
-0.454102,0.074829,0.782471
0.499023,-0.302490,1.016113
-0.441650,-0.089844,0.784180
-0.023315,0.141846,0.990967
0.226196,-0.481689,0.833862
-0.481201,0.004150,0.749756
0.472046,-0.251343,1.038452
-0.261353,-0.205811,0.799805
-0.090332,0.191284,1.008057
0.273682,-0.408813,0.887329
-0.528564,0.005493,0.745117
0.443604,-0.223633,1.057617
-0.131958,-0.301270,0.813965
-0.155640,0.198242,0.999268
0.345337,-0.400391,0.919678
-0.542725,0.019409,0.753662
0.394043,-0.178955,1.038574
-0.001953,-0.414551,0.819214
-0.234009,0.173340,0.953369
0.415771,-0.380737,0.961182
-0.515259,-0.021484,0.754272
0.302246,-0.082886,1.023560
0.081421,-0.462646,0.822632
-0.294922,0.119019,0.918091
0.455200,-0.344849,1.004639
-0.466797,-0.109985,0.750122
0.210449,0.017090,1.035400
0.125000,-0.432129,0.831055
-0.370361,0.127686,0.897095
0.493164,-0.342285,1.032471
-0.400146,-0.189819,0.750000
0.114868,0.090698,1.028931
0.180664,-0.424072,0.850098
-0.404907,0.054321,0.847778
0.540405,-0.338623,1.067383
-0.345215,-0.231934,0.776611
0.060303,0.142334,1.038818
0.229248,-0.431396,0.852905
-0.429932,0.024292,0.811646
0.537476,-0.310913,1.078735
-0.284302,-0.262451,0.811279
0.025391,0.134644,1.036255
0.281128,-0.406250,0.902100
-0.482422,0.041260,0.786743
0.534302,-0.281372,1.090942
-0.203125,-0.283691,0.855835
-0.028809,0.147095,1.044189
0.320068,-0.393921,0.948120
-0.482788,0.048828,0.796265
0.504761,-0.216675,1.102417
-0.120483,-0.277588,0.886963
-0.081177,0.184570,1.039917
0.361450,-0.400146,0.963623
-0.460938,0.010986,0.802368
0.480469,-0.159912,1.121582
-0.073730,-0.273438,0.874878
-0.118164,0.229858,1.071167
0.413452,-0.442627,0.983276
-0.470581,-0.031250,0.816284
0.456299,-0.130005,1.125366
-0.001953,-0.302368,0.893188
-0.159668,0.237183,1.064941
0.451172,-0.391357,1.010620
-0.473999,-0.067627,0.796387
0.444458,-0.150757,1.129517
0.054077,-0.368652,0.894897
-0.191284,0.228516,1.039551
0.480103,-0.302979,1.057373
-0.439087,-0.071899,0.811523
0.378052,-0.084351,1.121948
0.067261,-0.391235,0.888428
-0.202881,0.185181,1.034668
0.517090,-0.295044,1.084961
-0.448730,-0.072388,0.807861
0.346069,-0.066162,1.115967
0.126221,-0.401611,0.920898
-0.264771,0.190186,1.008667
0.540527,-0.257935,1.125488
-0.414185,-0.093140,0.804321
0.297852,-0.006958,1.117798
0.171753,-0.420898,0.940796
-0.303833,0.145630,0.972534
0.565552,-0.247559,1.147095
-0.370850,-0.160034,0.795776
0.245605,0.042847,1.136108
0.213257,-0.431885,0.942017
-0.332520,0.113037,0.945557
0.584961,-0.251099,1.149658
-0.332886,-0.173462,0.820068
0.183960,0.107178,1.122437
0.277100,-0.437866,0.962769
-0.377441,0.098022,0.906616
0.576782,-0.241821,1.142944
-0.290283,-0.190552,0.843994
0.130005,0.128418,1.108276
0.325439,-0.414795,0.981079
-0.396851,0.089478,0.891724
0.550415,-0.199585,1.141235
-0.252441,-0.220459,0.848755
0.091064,0.126831,1.104004
0.345581,-0.397583,0.993530
-0.426758,0.099243,0.871460
0.553101,-0.191528,1.150391
-0.177734,-0.272949,0.861084
0.013184,0.161377,1.103760
0.372559,-0.384766,1.005981
-0.432861,0.045044,0.862427
0.524292,-0.127197,1.172119
-0.099609,-0.294556,0.868408
-0.049927,0.198853,1.101318
0.419434,-0.387573,1.013062
-0.442383,-0.005249,0.844849
0.497803,-0.121704,1.173340
-0.036743,-0.327393,0.864014
-0.123779,0.204712,1.072754
0.447998,-0.328491,1.056519
-0.442383,-0.056641,0.826538
0.461670,-0.086914,1.179321
-0.010132,-0.329956,0.869385
-0.215576,0.210815,1.033936
0.479126,-0.297974,1.070801
-0.426758,-0.109009,0.816162
0.387085,-0.063721,1.166138
0.055176,-0.356812,0.890137
-0.296997,0.209473,0.994263
0.503418,-0.255249,1.088257
-0.397217,-0.146240,0.785522
0.285522,-0.015625,1.139893
0.136963,-0.400513,0.909790
-0.350464,0.137329,0.940430
0.526123,-0.234985,1.107910
-0.359131,-0.163696,0.792236
0.167725,0.066650,1.108643
0.217651,-0.424072,0.924194
-0.411255,0.071777,0.881592
0.525024,-0.217407,1.118652
-0.323486,-0.202148,0.792114
0.083862,0.115356,1.082520
0.274170,-0.385376,0.930664
-0.469727,0.054932,0.855469
0.524292,-0.249756,1.108643
-0.209961,-0.315063,0.806519
-0.015991,0.169800,1.065674
-0.498169,0.041870,0.819336
0.502808,-0.231323,1.112549
-0.138306,-0.355103,0.807251
-0.101440,0.142822,1.020142
0.345581,-0.352905,0.945801
-0.520020,0.000610,0.778442
0.443115,-0.188721,1.099243
-0.099731,-0.385132,0.797852
-0.188965,0.175171,1.008179
0.375854,-0.335571,0.969604
0.335571,-0.094482,1.098633
-0.028564,-0.353638,0.840088
0.234253,-0.006470,1.076294
0.032349,-0.394043,0.829956
-0.420898,0.137085,0.893311
0.448853,-0.277832,1.045410
-0.462158,-0.162720,0.717773
0.132446,0.066895,1.044800
0.101440,-0.393799,0.840088
-0.485229,0.130127,0.857300
0.478760,-0.282837,1.047729
-0.398682,-0.223267,0.741455
0.041626,0.106201,1.038086
0.155029,-0.383301,0.847290
-0.524902,0.100708,0.819092
0.463013,-0.236572,1.059326
-0.314453,-0.283447,0.751465
-0.031372,0.111206,1.011108
0.221191,-0.414062,0.872437
-0.576050,0.097412,0.777588
0.446167,-0.231689,1.030884
-0.251709,-0.293335,0.738281
-0.114502,0.160278,0.991943
0.266479,-0.418335,0.876831
0.420410,-0.201538,1.027222
-0.187500,0.161865,0.958740
0.326050,-0.405396,0.912598
-0.593384,0.045044,0.739746
0.368896,-0.177002,1.021973
-0.171997,-0.338745,0.740234
-0.269531,0.185791,0.943359
0.347290,-0.363525,0.933228
-0.595337,-0.019653,0.723877
0.341675,-0.135620,1.034546
-0.131958,-0.361572,0.731079
-0.353638,0.223877,0.903442
0.390747,-0.340576,0.949585
-0.572510,-0.036011,0.722168
0.251099,-0.117065,1.006958
-0.070435,-0.411865,0.755249
-0.418213,0.191162,0.863281
0.400391,-0.285400,0.961548
-0.532471,-0.052368,0.712891
0.145874,0.005249,1.003174
0.017334,-0.404419,0.792847
-0.492310,0.180420,0.846191
0.420532,-0.270264,0.975952
-0.487671,-0.074585,0.729370
0.055298,0.092163,1.005615
0.111328,-0.404785,0.821045
-0.546143,0.152222,0.827759
0.424683,-0.228516,1.005493
-0.395386,-0.152954,0.724365
-0.028442,0.142944,0.988892
0.207031,-0.385620,0.857910
-0.597656,0.118774,0.780640
0.425171,-0.198120,1.020752
-0.255249,-0.244141,0.733521
-0.125488,0.194946,0.961548
0.258667,-0.361816,0.871582
-0.610596,0.060913,0.740479
0.413086,-0.200439,1.029297
-0.195190,-0.350098,0.705322
-0.213013,0.208496,0.930176
0.327271,-0.349121,0.893921
-0.609741,0.068970,0.739746
0.360229,-0.133301,1.024780
-0.120117,-0.395630,0.719360
-0.286499,0.193604,0.898926
0.354980,-0.319336,0.911865
-0.598022,0.065796,0.723877
0.297729,-0.112183,0.986938
-0.044800,-0.416992,0.752441
-0.352539,0.177979,0.862793
0.381226,-0.284180,0.937744
-0.576294,0.009644,0.710205
0.205322,-0.032593,0.981934
0.000732,-0.413330,0.776733
-0.425171,0.191895,0.862183
0.420410,-0.258057,0.971313
-0.516235,-0.038574,0.725098
0.112671,0.082764,0.995361
0.056885,-0.409302,0.790039
-0.480347,0.153442,0.829834
0.442749,-0.242798,0.992920
-0.453613,-0.069214,0.741821
0.041016,0.161011,1.014648
0.140381,-0.394531,0.820068
-0.551025,0.111694,0.788086
0.434692,-0.213989,1.012817
-0.349854,-0.157104,0.744019
-0.013916,0.194092,1.004150
0.212646,-0.389526,0.843872
-0.580811,0.129028,0.768921
0.434937,-0.178223,1.020508
-0.237915,-0.243530,0.751099
-0.095947,0.180298,0.965698
0.271973,-0.370605,0.877563
-0.605347,0.131714,0.761230
0.419922,-0.143799,1.030762
-0.151978,-0.324707,0.749146
-0.186279,0.196289,0.943604
0.338379,-0.373169,0.909912
-0.595093,0.094482,0.755981
0.373169,-0.115356,1.014038
-0.070435,-0.369019,0.752441
-0.278320,0.217529,0.903687
0.374023,-0.337402,0.920654
-0.553711,-0.009888,0.735596
0.308716,-0.069946,1.009521
-0.017212,-0.391357,0.748413
-0.350952,0.203491,0.854004
0.407715,-0.292480,0.941284
-0.518677,-0.078369,0.732666
0.228271,-0.027466,1.013916
0.027588,-0.413574,0.761963
-0.428101,0.198120,0.825806
0.440796,-0.272217,0.961548
-0.464966,-0.093262,0.750366
0.122803,0.042358,1.015869
0.101562,-0.454712,0.793823
-0.508057,0.153564,0.792236
0.456177,-0.245483,0.990479
-0.388916,-0.099487,0.768433
0.024292,0.129883,1.006104
0.182251,-0.437256,0.839355
-0.546631,0.093018,0.767456
0.452026,-0.221436,1.012695
-0.290649,-0.193970,0.768555
-0.072754,0.226929,1.006470
0.265015,-0.397827,0.871704
-0.556519,0.034058,0.751221
0.413452,-0.212036,1.008545
-0.075928,-0.385254,0.787354
-0.197144,0.174683,0.937256
0.360840,-0.324463,0.927612
-0.562378,0.051392,0.749878
0.343262,-0.126221,1.003296
-0.010742,-0.439209,0.790771
-0.261841,0.123535,0.885742
0.402466,-0.339966,0.942261
-0.543335,-0.018066,0.731567
0.282471,-0.076416,0.990112
0.031982,-0.430420,0.777100
-0.319458,0.129395,0.860352
0.426880,-0.351196,0.964966
-0.505615,-0.104980,0.735596
0.227173,-0.048340,1.007080
0.056763,-0.445068,0.764648
-0.401123,0.166992,0.840210
0.466675,-0.308105,0.993286
-0.419312,-0.151001,0.755249
0.146606,0.015869,1.021973
0.096924,-0.446655,0.787964
-0.464233,0.109619,0.792480
0.495972,-0.316406,1.017822
-0.395996,-0.209961,0.737061
0.054565,0.098633,1.023193
0.192261,-0.477539,0.818237
-0.481689,0.096924,0.788208
0.499878,-0.276245,1.032959
-0.318359,-0.186035,0.787720
-0.043457,0.138550,1.002319
0.258789,-0.504761,0.847290
-0.517944,0.016724,0.736206
0.479004,-0.244019,1.057251
-0.216187,-0.242310,0.805420
-0.103027,0.231445,1.029419
0.316528,-0.431641,0.901733
-0.541504,0.029663,0.763428
0.428589,-0.216675,1.048096
-0.106323,-0.343262,0.826660
-0.130005,0.221558,1.030640
0.355957,-0.369507,0.938110
-0.559326,0.046143,0.764160
0.408691,-0.231201,1.029175
-0.015137,-0.399658,0.848145
-0.161377,0.179688,1.008545
0.378174,-0.329224,0.974121
-0.501831,0.008057,0.788940
0.381592,-0.194824,1.034546
0.018555,-0.452271,0.831177
-0.205200,0.162109,0.982300
0.427734,-0.335449,0.990234
-0.512939,-0.019653,0.745239
0.357544,-0.138306,1.026978
0.061523,-0.406250,0.856445
-0.213989,0.118652,0.977539
0.453613,-0.327759,1.018799
-0.498413,-0.043335,0.747681
0.302979,-0.055176,1.058716
0.093384,-0.431519,0.859741
-0.238281,0.131836,0.985352
0.483765,-0.313232,1.050049
-0.495117,-0.049561,0.746338
0.290527,-0.049072,1.050171
0.101196,-0.466309,0.847290
-0.273315,0.119995,0.956421
0.520996,-0.286987,1.071411
-0.451416,-0.052856,0.785034
0.237305,0.003540,1.058838
0.148315,-0.439575,0.897095
-0.309570,0.071655,0.938965
0.526123,-0.250610,1.111938
-0.418701,-0.116943,0.778564
0.223755,0.030151,1.095215
0.213257,-0.462036,0.911377
-0.365479,0.092285,0.899048
0.541016,-0.262451,1.107788
-0.342529,-0.162109,0.803955
0.156006,0.112183,1.089478
0.262085,-0.457886,0.917969
-0.374634,0.074097,0.881348
0.542114,-0.246704,1.110596
-0.312134,-0.184082,0.821167
0.102417,0.120728,1.073364
0.325562,-0.455078,0.953125
-0.406006,0.062256,0.863159
0.528320,-0.185425,1.139771
-0.239990,-0.218750,0.833252
0.036133,0.175537,1.101440
0.368652,-0.489624,0.957275
-0.458984,0.060425,0.854492
0.536133,-0.190186,1.145752
-0.148071,-0.253784,0.860474
-0.035034,0.231567,1.091309
0.401245,-0.386841,1.006958
-0.447388,0.009033,0.837891
0.509888,-0.145264,1.168091
-0.051880,-0.315186,0.884155
-0.088623,0.232788,1.094727
0.430298,-0.350830,1.026245
-0.454712,-0.010498,0.840210
0.505249,-0.158447,1.163208
0.032104,-0.364624,0.909058
-0.139404,0.229980,1.073242
0.457031,-0.311157,1.059448
-0.434937,-0.046509,0.820923
0.439575,-0.104370,1.158081
0.038086,-0.390869,0.892334
-0.186890,0.213379,1.068970
0.501831,-0.291748,1.087646
-0.431396,-0.051758,0.818848
0.399048,-0.038940,1.165527
0.081665,-0.377808,0.917236
-0.252075,0.184082,1.028564
0.532837,-0.273682,1.129761
-0.392822,-0.117310,0.823120
0.330322,0.011719,1.170166
0.147339,-0.389648,0.942017
-0.312988,0.177002,0.984375
0.558472,-0.265747,1.132690
-0.343384,-0.184326,0.819214
0.251099,0.051880,1.141846
0.213623,-0.397461,0.938354
-0.348511,0.130981,0.926147
0.561401,-0.244385,1.131958
-0.310181,-0.194092,0.825562
0.168701,0.075806,1.119751
0.266357,-0.420532,0.958374
-0.367432,0.095581,0.899048
0.570312,-0.196655,1.150024
-0.298218,-0.182861,0.815308
0.095825,0.112183,1.097046
0.320068,-0.426025,0.971313
-0.420776,0.059692,0.883545
0.556152,-0.172241,1.167603
-0.215942,-0.239136,0.837891
0.025269,0.160522,1.095337
0.362061,-0.404175,0.977173
-0.457153,0.030029,0.847656
0.527954,-0.180786,1.142578
-0.117432,-0.313843,0.848389
-0.031738,0.198364,1.087158
0.384521,-0.363892,0.993530
-0.476318,0.018311,0.835449
0.506958,-0.191772,1.144165
-0.081177,-0.354614,0.840820
-0.091064,0.172974,1.060181
0.397583,-0.319092,1.009155
-0.481567,-0.019165,0.810303
0.461304,-0.166626,1.138916
-0.061890,-0.370972,0.834717
-0.159668,0.174805,1.042969
0.419556,-0.290649,1.037964
-0.513306,-0.016602,0.796875
0.439697,-0.146851,1.154297
-0.031250,-0.363159,0.850586
-0.249634,0.202637,1.019287
0.462036,-0.315552,1.043945
-0.489624,-0.040771,0.787720
0.346924,-0.070801,1.125122
0.026489,-0.363892,0.886108
-0.293335,0.153320,0.965210
0.462036,-0.276733,1.059326
-0.461670,-0.088501,0.764648
0.268677,-0.041992,1.100220
0.096924,-0.414307,0.861572
-0.372192,0.171265,0.927490
0.481567,-0.257324,1.071289
-0.419067,-0.138062,0.770020
0.178101,0.009888,1.072876
0.127686,-0.399658,0.881592
-0.425903,0.118286,0.883057
0.506714,-0.248535,1.084839
-0.403809,-0.176758,0.759766
0.079956,0.070557,1.048584
0.203857,-0.400391,0.898804
-0.481812,0.061279,0.819214
0.501343,-0.220581,1.092529
-0.308716,-0.237427,0.769287
-0.019531,0.134399,1.035034
0.261597,-0.407837,0.903809
-0.507202,0.034424,0.807251
0.461060,-0.192383,1.082764
-0.223999,-0.294556,0.762817
-0.098999,0.131348,1.004639
0.310181,-0.380127,0.919922
-0.525635,0.016479,0.781128
0.427490,-0.184814,1.074341
-0.173462,-0.322876,0.760620
-0.230591,0.175659,0.966797
0.360229,-0.344116,0.941650
-0.537231,-0.042236,0.755005
0.367554,-0.142944,1.077026
-0.122070,-0.344116,0.773682
-0.328003,0.177856,0.911621
0.400024,-0.312500,0.990601
-0.530762,-0.088623,0.729370
0.277344,-0.075317,1.067505
-0.054565,-0.384277,0.787476
-0.426636,0.189575,0.880249
0.426758,-0.314453,0.999146
-0.495239,-0.131226,0.717651
0.163574,0.019775,1.058960
0.044312,-0.391479,0.809937
-0.489502,0.167236,0.844116
0.425781,-0.262451,1.006226
-0.440552,-0.196289,0.733154
0.065796,0.041382,1.020752
0.141602,-0.424805,0.833252
-0.551270,0.156982,0.817139
0.434937,-0.221313,1.018188
-0.323975,-0.251343,0.742432
-0.063965,0.106445,0.996704
0.214722,-0.454712,0.854858
-0.576538,0.064819,0.773071
0.414062,-0.168091,1.036133
-0.239258,-0.277710,0.720459
-0.170532,0.185303,0.992188
0.294678,-0.423340,0.883545
-0.600708,0.037109,0.743164
0.382690,-0.154541,1.033691
-0.181152,-0.325317,0.720703
-0.267822,0.187866,0.932617
0.357178,-0.390015,0.920288
-0.595947,-0.003418,0.720093
0.295166,-0.104492,1.015503
-0.115356,-0.365601,0.736572
-0.348145,0.213013,0.918579
0.383545,-0.310547,0.955078
-0.569824,-0.038818,0.709106
0.199707,-0.046509,1.007812
-0.043335,-0.423584,0.752930
-0.448486,0.205444,0.874023
0.408691,-0.277954,0.975708
-0.519653,-0.050049,0.729980
0.093262,0.066895,1.001221
0.065552,-0.411011,0.812012
-0.546509,0.180054,0.815796
0.418823,-0.249634,0.993286
-0.401855,-0.168335,0.706421
0.022827,0.181519,1.018188
0.129150,-0.340820,0.835205
-0.586914,0.145996,0.789062
0.437988,-0.252808,1.008423
-0.327393,-0.283447,0.690186
-0.025513,0.168701,1.003906
0.207153,-0.372925,0.846558
-0.625244,0.180664,0.776367
0.429688,-0.225220,0.995483
-0.260376,-0.270874,0.729492
-0.105225,0.143311,0.978149
0.269287,-0.391479,0.873413
-0.617310,0.154175,0.779907
0.397339,-0.168579,1.001221
-0.205688,-0.308472,0.728149
-0.140747,0.154297,0.961426
0.308228,-0.363159,0.907471
-0.620850,0.143677,0.767334
0.384399,-0.143433,0.997314
-0.155396,-0.316772,0.747070
-0.215210,0.170044,0.920898
0.337036,-0.346802,0.916870
-0.610352,0.108398,0.741699
0.383789,-0.128906,1.009521
-0.123291,-0.351807,0.716064
-0.271606,0.222290,0.900269
0.375610,-0.355957,0.924072
-0.590210,0.041138,0.727051
0.348877,-0.108765,1.006470
-0.091309,-0.349487,0.742920
-0.310791,0.219604,0.888672
0.391602,-0.320190,0.929932
-0.581787,0.013916,0.718872
0.302856,-0.096924,1.004028
-0.047485,-0.423584,0.736694
-0.341064,0.185791,0.863159
0.399292,-0.311401,0.924927
-0.546753,0.007568,0.726196
0.258179,-0.040527,0.997559
-0.014160,-0.408813,0.745239
-0.382812,0.180786,0.844360
0.424194,-0.291748,0.949341
-0.520142,-0.032104,0.723755
0.188477,0.030029,1.002930
0.017334,-0.411255,0.758545
-0.416260,0.155518,0.836060
0.438843,-0.287842,0.964355
-0.498779,-0.053711,0.736938
0.156006,0.042603,1.003174
0.064697,-0.395996,0.795288
-0.471802,0.186646,0.821655
0.448364,-0.258545,0.974487
-0.463379,-0.085449,0.749146
0.099121,0.068970,1.004395
0.110840,-0.456787,0.808228
-0.500488,0.153931,0.794067
0.447754,-0.202637,1.002563
-0.415161,-0.119141,0.737427
0.053711,0.130005,1.017944
0.161621,-0.437012,0.816162
-0.540039,0.140137,0.779663
0.455078,-0.210938,1.007446
-0.352295,-0.129517,0.765503
-0.006592,0.155518,1.008301
0.217285,-0.466064,0.840454
-0.572388,0.141724,0.766602
0.442505,-0.204956,1.005859
-0.259155,-0.193481,0.767578
-0.076416,0.194946,0.994141
0.268677,-0.443726,0.856689
-0.571533,0.072754,0.746094
0.437988,-0.183716,1.020996
-0.194946,-0.209106,0.793457
-0.152222,0.219482,0.975708
0.312378,-0.400269,0.897705
-0.565674,0.045410,0.760376
0.415527,-0.185913,1.029663
-0.120117,-0.306396,0.781006
-0.215088,0.206055,0.940430
0.366821,-0.392212,0.912720
-0.555176,0.039185,0.761475
0.369507,-0.130859,1.022217
-0.045654,-0.379639,0.781372
-0.261230,0.179688,0.907227
0.401001,-0.367432,0.933472
-0.539062,-0.024048,0.737549
0.297363,-0.096069,1.000122
0.020996,-0.451782,0.770874
-0.321167,0.147217,0.850464
0.428589,-0.308838,0.959106
-0.500488,-0.053467,0.751953
0.219238,-0.046265,0.997314
0.087891,-0.483276,0.800171
-0.387451,0.115967,0.817505
0.443237,-0.266235,0.985352
-0.462524,-0.099243,0.735229
0.141235,0.056519,1.027588
0.136230,-0.484497,0.816528
-0.446411,0.100952,0.804688
0.451172,-0.282349,0.985474
-0.399658,-0.140747,0.754272
0.066162,0.096680,1.016724
0.197144,-0.455811,0.845947
-0.502075,0.074585,0.778931
0.463257,-0.270752,1.009766
-0.318481,-0.199951,0.775513
-0.010986,0.136963,1.024048
0.264648,-0.462402,0.874146
-0.519897,0.061890,0.756836
0.443970,-0.224731,1.026123
-0.222656,-0.242554,0.799927
-0.083862,0.146118,1.017334
0.325928,-0.449097,0.913452
-0.526733,0.034790,0.764160
0.413696,-0.185303,1.020020
-0.133423,-0.266724,0.816162
-0.159180,0.166138,0.984497
0.383911,-0.432129,0.952148
-0.504272,-0.038818,0.772095
0.375122,-0.103394,1.045288
-0.054932,-0.334839,0.809937
-0.226318,0.175415,0.966431
0.433105,-0.410034,0.977539
-0.471924,-0.105713,0.773071
0.325928,-0.065918,1.056885
0.035278,-0.394775,0.822510
-0.294189,0.146484,0.910400
0.477417,-0.370239,1.018066
-0.438354,-0.173950,0.769287
0.269531,-0.042358,1.057861
0.072266,-0.388916,0.819946
-0.479736,0.116333,0.767456
0.461182,-0.251831,1.002808
-0.383301,-0.199585,0.785767
0.031250,0.086304,1.033691
0.230469,-0.523438,0.835815
-0.528809,0.075562,0.744629
0.455078,-0.254639,0.997559
-0.261719,-0.202148,0.801392
-0.056885,0.182373,1.026611
0.301270,-0.464355,0.893799
-0.538574,0.034302,0.753418
0.437012,-0.224243,1.025757
-0.169067,-0.263672,0.802368
-0.131714,0.212036,1.007812
0.345093,-0.426758,0.928345
-0.518677,-0.007080,0.767456
0.423706,-0.193848,1.043213
-0.087891,-0.337402,0.805542
-0.183350,0.203735,0.990845
0.386841,-0.399658,0.948486
-0.509155,-0.031128,0.770142
0.385376,-0.156738,1.041748
0.000732,-0.409546,0.810913
-0.240356,0.167603,0.937012
0.418457,-0.353882,0.980835
-0.475952,-0.071045,0.762085
0.322998,-0.086792,1.052490
0.054077,-0.429077,0.817139
-0.281494,0.147095,0.942017
0.452637,-0.363525,0.990845
-0.449219,-0.128174,0.767822
0.291992,-0.057495,1.062378
0.075806,-0.431519,0.822754
-0.335449,0.146729,0.914307
0.510498,-0.323242,1.044556
-0.418823,-0.162354,0.767090
0.206665,-0.003540,1.033813
0.109497,-0.446289,0.839722
-0.333374,0.117798,0.898560
0.515625,-0.283691,1.060181
-0.405762,-0.148193,0.773682
0.187012,-0.000244,1.053955
0.188110,-0.474976,0.877930
-0.400269,0.060913,0.843384
0.530029,-0.256958,1.085938
-0.353516,-0.153198,0.787842
0.122070,0.103638,1.060425
0.251831,-0.476807,0.902588
-0.424316,0.061768,0.853149
0.538940,-0.270996,1.097656
-0.312378,-0.209717,0.794556
0.080322,0.138184,1.066895
0.290283,-0.464233,0.919678
-0.422974,0.046875,0.845581
0.535278,-0.264771,1.104492
-0.268921,-0.243164,0.817993
0.031128,0.143677,1.057617
0.331909,-0.429077,0.949097
-0.431152,0.054321,0.847412
0.523071,-0.206299,1.123535
-0.214233,-0.244141,0.834595
-0.003540,0.187500,1.063965
0.362793,-0.393921,0.978638
-0.438354,-0.002197,0.831665
0.524048,-0.190430,1.147949
-0.144775,-0.279907,0.850830
-0.077393,0.245850,1.068970
0.400146,-0.387939,0.992310
-0.445801,-0.025269,0.831177
0.508667,-0.170776,1.149902
-0.045776,-0.321289,0.876221
-0.109497,0.249756,1.080444
0.442383,-0.387817,1.003174
-0.462891,-0.007446,0.820801
0.468018,-0.161499,1.137451
0.033325,-0.387085,0.899414
0.464600,-0.325806,1.060059
-0.456177,-0.029907,0.818848
0.437256,-0.112183,1.147217
0.050293,-0.383179,0.893555
-0.169678,0.192627,1.058105
0.498779,-0.309326,1.075684
-0.447388,-0.033081,0.810181
0.389038,-0.050537,1.149414
0.101074,-0.418945,0.905518
-0.234253,0.198853,1.050537
0.523193,-0.263672,1.119629
-0.421387,-0.089600,0.806030
0.342896,-0.036743,1.133057
0.139648,-0.416382,0.912842
-0.285645,0.174316,1.005249
0.560547,-0.265259,1.152344
-0.384521,-0.150024,0.799194
0.262817,0.037842,1.132690
0.196899,-0.419312,0.939087
-0.304443,0.127197,0.971558
0.570679,-0.260010,1.147339
-0.358398,-0.150879,0.825195
0.209961,0.082031,1.124512
0.246704,-0.436035,0.953613
-0.360840,0.084961,0.920776
0.560425,-0.235718,1.151123
-0.294800,-0.199951,0.830811
0.133911,0.154419,1.117310
0.286987,-0.418335,0.958862
-0.397461,0.088989,0.908447
0.579468,-0.254517,1.149536
-0.269409,-0.251709,0.834961
0.079956,0.162964,1.107910
0.327759,-0.388672,0.978882
-0.419067,0.041504,0.877930
0.558960,-0.186035,1.165894
-0.203369,-0.272827,0.845215
0.020996,0.166504,1.092163
0.349487,-0.374756,0.982544
-0.432373,0.017334,0.858032
0.547485,-0.205078,1.158813
-0.099487,-0.318604,0.874023
-0.047241,0.197388,1.079590
0.382568,-0.343506,0.988647
-0.449951,-0.018555,0.835571
0.499023,-0.164551,1.153442
-0.067383,-0.357178,0.847168
-0.120117,0.193848,1.056519
0.437134,-0.326782,1.020752
-0.475952,-0.016479,0.815430
0.432251,-0.109985,1.149902
-0.024536,-0.370117,0.851929
-0.202515,0.196045,1.041992
0.461426,-0.299561,1.059326
-0.478394,-0.035767,0.807251
0.374023,-0.094360,1.135864
0.036987,-0.359375,0.883301
-0.304443,0.197632,0.983398
0.502808,-0.285522,1.081177
-0.421631,-0.113770,0.793579
0.277222,-0.027832,1.122803
0.108765,-0.379517,0.901001
-0.377319,0.154053,0.921143
0.514771,-0.253174,1.085693
-0.368286,-0.175171,0.776978
0.152832,0.075928,1.100464
0.199585,-0.410522,0.904785
-0.433472,0.097412,0.878906
0.513184,-0.231323,1.097656
-0.318481,-0.211792,0.785645
0.037598,0.110718,1.061401
0.258179,-0.388428,0.921021
-0.471924,0.039673,0.832642
0.504272,-0.192871,1.113037
-0.201050,-0.281128,0.800659
-0.067993,0.149048,1.027100
0.312622,-0.376099,0.933594
-0.496826,-0.021362,0.799927
0.460693,-0.209106,1.095947
-0.135498,-0.341187,0.779785
-0.172241,0.187012,0.996582
0.364868,-0.318481,0.969727
-0.524292,-0.027100,0.774170
0.392090,-0.175537,1.078003
-0.090576,-0.381348,0.797119
-0.282837,0.180054,0.952515
0.397461,-0.302856,0.985229
-0.519653,-0.044800,0.740601
0.315796,-0.086182,1.083252
-0.036499,-0.363892,0.815918
-0.377563,0.186890,0.913452
0.437622,-0.291138,1.013672
-0.497192,-0.099976,0.741699
0.204468,-0.017456,1.058960
0.065308,-0.420044,0.838135
-0.452271,0.156860,0.880249
0.454956,-0.260986,1.037598
-0.459717,-0.123901,0.738403
0.091309,0.079956,1.043091
0.135254,-0.422607,0.861084
-0.515015,0.092896,0.818604
0.461914,-0.232422,1.057129
-0.371948,-0.200806,0.735596
-0.005005,0.143066,1.033325
0.191895,-0.407349,0.859497
-0.548706,0.077881,0.793701
0.449463,-0.233032,1.045898
-0.281006,-0.280151,0.746216
-0.091553,0.165283,0.990479
0.259644,-0.403564,0.876831
-0.582886,0.056641,0.770142
0.433838,-0.214233,1.046997
-0.223145,-0.336426,0.721191
-0.171387,0.156738,0.962036
0.289917,-0.367188,0.892456
-0.588257,0.021484,0.750244
0.398682,-0.199585,1.047241
-0.169434,-0.384399,0.713501
-0.244751,0.185913,0.946289
0.331177,-0.337769,0.912109
-0.597168,0.027954,0.738159
0.352661,-0.161987,1.037964
-0.127075,-0.367798,0.756348
-0.333496,0.179932,0.900024
0.367554,-0.310913,0.955933
-0.567383,0.005005,0.720093
0.260986,-0.066406,1.019775
-0.075562,-0.395996,0.753052
-0.407593,0.180664,0.869385
0.395508,-0.309937,0.960938
-0.552124,-0.048462,0.697388
0.174927,0.010010,1.022095
-0.000366,-0.405273,0.781616
-0.483887,0.185913,0.868286
0.419922,-0.284790,0.976196
-0.508423,-0.093872,0.707153
0.067749,0.104736,1.006226
0.081543,-0.390381,0.816162
-0.535767,0.153564,0.832520
0.416138,-0.251587,1.005981
-0.414551,-0.148315,0.725342
0.001465,0.169922,1.010010
0.162598,-0.390259,0.843994
-0.585327,0.124756,0.789917
0.415283,-0.221313,1.002075
-0.309082,-0.239258,0.711304
-0.059326,0.187500,0.994019
0.238403,-0.330688,0.875244
-0.619873,0.099976,0.759644
0.412354,-0.234985,1.001709
-0.222534,-0.360229,0.702148
-0.156860,0.165771,0.938354
0.299683,-0.354370,0.898682
-0.606689,0.102295,0.752319
0.361206,-0.114136,1.014404
-0.167847,-0.347168,0.714355
-0.229370,0.138916,0.904785
0.349731,-0.356201,0.922852
-0.587769,0.053223,0.733521
0.313965,-0.046021,1.017212
-0.112183,-0.351318,0.719238
-0.349365,0.200928,0.878906
0.410522,-0.378662,0.932739
-0.559448,-0.030518,0.718140
0.238647,-0.012207,1.005005
-0.062378,-0.362305,0.736450
-0.423706,0.233276,0.856445
0.431763,-0.283569,0.963135
-0.503540,-0.108154,0.712402
0.140381,0.005249,0.994263
0.028564,-0.413574,0.786011
-0.508667,0.206299,0.825195
0.437988,-0.245117,0.971680
-0.425903,-0.100586,0.746704
0.055542,0.126953,1.026611
0.139404,-0.414307,0.814697
-0.572510,0.165283,0.792358
0.433594,-0.208008,0.998779
-0.283447,-0.198242,0.765747
-0.065796,0.190918,0.990723
0.250732,-0.361938,0.893311
-0.612915,0.094971,0.741943
0.415405,-0.180298,1.015991
-0.174316,-0.311523,0.749756
-0.144287,0.212280,0.957764
0.323975,-0.327393,0.896973
-0.604858,0.125732,0.770020
0.379150,-0.164429,1.005859
-0.065430,-0.374023,0.775757
-0.265503,0.161133,0.881714
0.355103,-0.283081,0.926392
-0.560425,0.056274,0.723145
0.272949,-0.038818,0.985596
0.000610,-0.429443,0.752808
-0.355103,0.157593,0.854492
0.413696,-0.267700,0.961426
-0.523315,-0.004028,0.725586
0.179077,0.017944,0.984131
0.049072,-0.407715,0.782471
-0.454346,0.140137,0.811523
0.443970,-0.239746,0.988403
-0.443604,-0.068604,0.755615
0.086914,0.140259,1.021118
0.111572,-0.399658,0.808472
-0.520264,0.136841,0.791748
0.474731,-0.250366,1.015625
-0.374634,-0.165405,0.746948
-0.002075,0.172729,1.009521
0.205444,-0.396240,0.846680
-0.566895,0.122925,0.766357
0.459473,-0.244019,1.013184
-0.260864,-0.242065,0.786865
-0.071167,0.143799,0.979370
0.249146,-0.401367,0.872192
-0.573608,0.101807,0.730469
0.431274,-0.167847,1.018799
-0.167236,-0.225098,0.817383
-0.152466,0.173462,0.962646
0.316895,-0.445435,0.883057
-0.570435,0.062988,0.759766
0.394165,-0.121338,1.035156
-0.103271,-0.303101,0.776489
-0.216431,0.187378,0.927856
0.376465,-0.410278,0.930664
-0.539673,0.000122,0.760620
0.346313,-0.074829,1.026245
-0.054321,-0.369019,0.759399
-0.288330,0.191772,0.901978
0.427734,-0.396484,0.944214
-0.517334,-0.040283,0.770020
0.266479,-0.051270,0.997314
0.005249,-0.428711,0.759277
-0.327271,0.150635,0.859375
0.439575,-0.336792,0.969116
-0.500732,-0.090698,0.748901
0.221558,-0.035889,1.009521
0.070801,-0.465088,0.772339
-0.397339,0.145264,0.823730
0.443359,-0.316406,0.962646
-0.452026,-0.105469,0.756470
0.163818,0.003296,1.015503
0.100952,-0.448608,0.795898
-0.444214,0.129395,0.806396
0.471313,-0.288086,1.000366
-0.407715,-0.178223,0.747559
0.071167,0.055298,1.005005
0.170532,-0.471558,0.811279
-0.472900,0.072510,0.770630
0.479492,-0.266235,1.010498
-0.333984,-0.180542,0.783203
-0.010376,0.118652,1.017822
0.235840,-0.485718,0.843140
-0.496460,0.045166,0.750244
0.461792,-0.209229,1.034424
-0.255249,-0.171997,0.813354
-0.076782,0.165039,1.015991
0.311523,-0.500977,0.893799
-0.527222,0.010742,0.765259
0.430908,-0.194580,1.034302
-0.154297,-0.248657,0.815796
-0.152588,0.229492,1.011963
0.364258,-0.430054,0.933838
-0.516968,-0.002808,0.776123
0.388794,-0.158447,1.038696
-0.042480,-0.345825,0.817017
-0.196533,0.192627,0.985596
0.397583,-0.374268,0.954346
-0.510742,-0.055420,0.747925
0.346191,-0.129272,1.034180
0.063354,-0.436157,0.833740
-0.273682,0.175903,0.944580
0.445190,-0.333130,0.991211
-0.477905,-0.086792,0.740112
0.249512,-0.063232,1.027344
0.097656,-0.475220,0.825928
-0.333862,0.123291,0.901978
0.494141,-0.314819,1.030518
-0.428101,-0.105103,0.779297
0.135620,0.070435,1.043823
0.204834,-0.450073,0.880371
-0.407227,0.062988,0.865601
0.518188,-0.288818,1.078125
-0.341309,-0.219971,0.763428
0.079102,0.153198,1.063965
0.261841,-0.412842,0.895264
-0.469604,0.012817,0.800781
0.506958,-0.304443,1.071411
-0.211426,-0.297119,0.825317
-0.003174,0.193481,1.068970
0.327271,-0.393921,0.938232
-0.520508,0.077148,0.795898
0.495728,-0.285400,1.079468
-0.122559,-0.350464,0.863281
-0.080444,0.175781,1.050293
0.383423,-0.385498,0.980103
-0.476318,0.027222,0.812500
0.463501,-0.145264,1.098755
-0.013550,-0.324829,0.891602
-0.168701,0.187256,1.027588
0.436523,-0.400635,1.011475
-0.443970,-0.062500,0.793701
0.420288,-0.078369,1.114258
0.057129,-0.358765,0.881348
-0.215332,0.218262,1.027344
0.470215,-0.341187,1.040283
-0.436523,-0.108765,0.784058
0.389771,-0.076782,1.134155
0.079956,-0.368774,0.887695
-0.253418,0.198120,1.003174
0.508179,-0.293945,1.079346
-0.402588,-0.115234,0.807617
0.325317,-0.045776,1.111084
0.125366,-0.395996,0.910767
-0.299316,0.151611,0.973022
0.533813,-0.238647,1.125000
-0.373169,-0.165771,0.802856
0.244629,0.015015,1.115967
0.196777,-0.461304,0.903076
-0.342651,0.125977,0.939697
0.567993,-0.264648,1.128662
-0.329346,-0.164185,0.820679
0.168335,0.110840,1.109985
0.289795,-0.461914,0.951782
-0.390137,0.074829,0.897583
0.568848,-0.219238,1.155029
-0.257080,-0.228027,0.820801
0.090210,0.164917,1.109741
0.329468,-0.435669,0.962769
-0.436523,0.059326,0.854614
0.585693,-0.225342,1.163330
-0.165405,-0.250244,0.882324
-0.006348,0.210693,1.100464
0.373291,-0.382446,0.992920
-0.452271,0.015625,0.842285
0.528320,-0.177856,1.159302
-0.042114,-0.307007,0.915283
-0.046753,0.210815,1.110962
0.406982,-0.336304,1.021118
-0.475464,0.019531,0.824219
0.482178,-0.167358,1.134399
0.026367,-0.401978,0.897949
-0.091187,0.170166,1.089600
0.461060,-0.318359,1.062378
-0.461792,0.008301,0.825317
0.433838,-0.069336,1.156494
0.010986,-0.363037,0.886108
-0.164917,0.171143,1.077026
0.519409,-0.322266,1.115601
-0.434570,-0.047607,0.822998
0.364380,0.024902,1.160645
0.045410,-0.360962,0.886108
-0.232422,0.161621,1.046753
0.554443,-0.327148,1.146240
-0.422607,-0.078979,0.815063
0.356445,0.034180,1.170654
0.082031,-0.325317,0.912109
-0.299072,0.189087,0.994385
0.540283,-0.304688,1.122070
-0.378662,-0.166016,0.807983
0.314209,0.025269,1.153320
0.126465,-0.354614,0.927490
-0.324707,0.163086,0.954102
0.547729,-0.270020,1.112793
-0.383423,-0.175049,0.806763
0.258179,0.013550,1.139648
0.173950,-0.385620,0.932129
-0.360596,0.175171,0.928223
0.551514,-0.239258,1.118042
-0.353516,-0.208008,0.795532
0.184448,0.033081,1.116211
0.211548,-0.397827,0.934448
-0.389282,0.140747,0.910034
0.539062,-0.237671,1.108154
-0.321167,-0.211792,0.804077
0.112305,0.073120,1.085083
0.264160,-0.415894,0.944336
-0.431396,0.112793,0.892334
0.527344,-0.159546,1.136597
-0.258667,-0.241333,0.821899
0.020752,0.121338,1.072754
0.302490,-0.408447,0.948364
-0.465332,0.036987,0.859741
0.519897,-0.182617,1.130127
-0.165039,-0.319092,0.791504
-0.063354,0.165771,1.050781
0.360962,-0.360352,0.968628
-0.496094,0.004517,0.807007
0.481689,-0.184326,1.117188
-0.109741,-0.321289,0.812744
-0.149780,0.165405,1.024414
0.383301,-0.327026,0.987427
-0.511108,-0.029663,0.774536
0.416992,-0.133911,1.123779
-0.069702,-0.346680,0.824463
-0.258545,0.189209,0.995483
0.417114,-0.309082,1.017578
-0.519531,-0.041138,0.761597
0.342651,-0.093750,1.107544
-0.012329,-0.376465,0.831177
-0.338623,0.186035,0.944092
0.453735,-0.292969,1.025269
-0.465454,-0.130249,0.731323
0.225220,0.007446,1.085449
0.051636,-0.401245,0.825317
-0.408691,0.161133,0.902710
0.480347,-0.273315,1.048218
-0.434570,-0.140503,0.756104
0.143066,0.046997,1.057007
0.132324,-0.422729,0.856567
-0.480591,0.125000,0.861694
0.479370,-0.251953,1.052612
-0.382324,-0.218872,0.741821
0.029541,0.103394,1.029297
0.191406,-0.390503,0.872192
-0.514526,0.096191,0.828247
0.474121,-0.245361,1.062622
-0.297974,-0.288452,0.750854
-0.040527,0.109985,1.007202
0.226318,-0.372559,0.882202
-0.544800,0.063843,0.782471
0.469238,-0.243896,1.062622
-0.242920,-0.325684,0.733154
-0.123901,0.135864,0.975464
0.278564,-0.389648,0.886108
-0.562134,0.041016,0.759399
0.429688,-0.203979,1.054565
-0.206299,-0.316895,0.738647
-0.205200,0.146851,0.949463
0.327393,-0.370483,0.917603
-0.574951,0.024902,0.749878
0.386597,-0.170044,1.049805
-0.180298,-0.345215,0.732056
-0.270996,0.183960,0.945312
0.374146,-0.376465,0.937622
-0.589478,0.015259,0.741089
0.329834,-0.118652,1.043945
-0.137939,-0.357300,0.741577
-0.334717,0.189697,0.908203
0.374023,-0.340454,0.951050
-0.574463,-0.055054,0.718750
0.285767,-0.113281,1.031128
-0.085571,-0.390259,0.755005
-0.407104,0.201660,0.877686
0.385010,-0.302124,0.961304
-0.553711,-0.078735,0.695190
-0.029297,-0.420166,0.779297
0.406372,-0.276001,0.961670
-0.453125,-0.115112,0.733398
0.048340,0.106934,1.021729
0.132568,-0.414795,0.836426
-0.581055,0.170410,0.805664
0.410156,-0.216553,0.990234
-0.337402,-0.202881,0.734375
-0.023438,0.158203,1.011108
0.190552,-0.408325,0.847168
-0.609619,0.146729,0.776733
0.427002,-0.195923,1.014771
-0.257690,-0.277344,0.713013
-0.104614,0.186646,0.982544
0.260498,-0.373657,0.885010
-0.619751,0.107788,0.747681
0.391846,-0.182373,0.998047
-0.186523,-0.339844,0.712891
-0.164185,0.166992,0.953979
0.314697,-0.334961,0.907959
-0.634155,0.102051,0.742798
0.361206,-0.181274,0.995483
-0.124023,-0.380615,0.733887
-0.248291,0.171387,0.912354
0.359131,-0.326660,0.926270
-0.606567,0.109131,0.737793
0.290039,-0.088379,0.988159
-0.089966,-0.395020,0.737915
-0.328369,0.158569,0.877930
0.395142,-0.331787,0.936035
-0.574707,0.043579,0.729248
0.220459,-0.017334,0.970581
-0.045410,-0.366455,0.764648
-0.375366,0.161133,0.853027
0.411987,-0.296509,0.947388
-0.532593,0.007202,0.728760
0.160767,0.046265,0.980591
-0.003784,-0.399780,0.752563
-0.416138,0.176270,0.862305
0.434204,-0.281128,0.963135
-0.519287,-0.027588,0.733032
0.116211,0.071899,0.989380
0.042358,-0.417725,0.769165
-0.460205,0.177368,0.835205
0.447144,-0.230713,0.989258
-0.475586,-0.048706,0.755005
0.068359,0.131836,1.010864
0.109497,-0.423584,0.805542
-0.529907,0.152466,0.812134
0.445923,-0.227295,0.994751
-0.387939,-0.086426,0.748901
0.027466,0.233887,1.023071
0.163818,-0.355225,0.828125
-0.579956,0.147827,0.778076
0.444336,-0.272217,0.988770
-0.310791,-0.218262,0.746948
0.009277,0.226074,1.034668
0.202637,-0.355347,0.836670
-0.629395,0.176880,0.748901
0.465576,-0.287109,0.987671
-0.255859,-0.238770,0.778809
-0.045776,0.198364,0.993164
0.237549,-0.353027,0.859985
-0.621460,0.159790,0.743896
0.464111,-0.244629,1.012939
-0.196655,-0.279053,0.770996
-0.099976,0.177734,0.956421
0.270264,-0.352173,0.886230
-0.597534,0.129883,0.753418
0.445679,-0.197632,1.015015
-0.160889,-0.274902,0.777588
-0.157227,0.195679,0.952881
0.325928,-0.396729,0.898315
-0.589844,0.082520,0.752319
0.410522,-0.166016,1.022949
-0.107666,-0.310669,0.785522
-0.208252,0.207275,0.925781
0.345825,-0.338379,0.916138
-0.557495,0.034912,0.749512
0.379639,-0.141235,1.022095
-0.065308,-0.359619,0.778442
-0.250122,0.191650,0.902100
0.376953,-0.334229,0.935669
-0.552124,0.028931,0.754150
0.326050,-0.133911,0.995483
-0.001343,-0.427979,0.783325
-0.287109,0.156128,0.874878
0.393066,-0.291382,0.944092
-0.538818,0.007690,0.742554
0.256714,-0.078491,0.990356
0.045654,-0.437500,0.791870
-0.347168,0.134277,0.848633
0.440063,-0.297485,0.957886
-0.511963,-0.018066,0.738159
0.168091,0.022095,1.003052
0.096313,-0.471558,0.781982
-0.405518,0.089233,0.822998
0.461548,-0.276123,0.987915
0.088989,0.118896,1.016724
-0.476685,0.081909,0.791138
-0.374634,-0.175659,0.747559
0.014038,0.198730,1.037964
0.202881,-0.414307,0.835205
-0.508545,0.054321,0.764648
0.488403,-0.316284,1.017944
-0.321777,-0.202881,0.774048
-0.061768,0.188477,1.006104
0.267822,-0.413086,0.872559
-0.515747,0.034668,0.751465
0.444092,-0.258667,1.022705
-0.229492,-0.261597,0.800049
-0.088623,0.155762,0.996704
0.306396,-0.412598,0.895996
-0.527100,0.014893,0.753906
0.430054,-0.200684,1.040161
-0.170410,-0.271729,0.806763
-0.133545,0.165894,0.985229
0.364990,-0.455322,0.921387
-0.519287,0.000244,0.768433
0.391479,-0.140625,1.032349
-0.101440,-0.296997,0.796631
-0.180908,0.155518,0.972046
0.406494,-0.429565,0.962036
-0.510132,-0.058716,0.766113
0.358521,-0.097778,1.045898
-0.027344,-0.354858,0.800415
-0.230835,0.187866,0.955078
0.444824,-0.388184,0.993408
-0.486938,-0.111206,0.751221
0.326050,-0.098511,1.042603
0.044434,-0.415283,0.812988
-0.276367,0.167358,0.927612
0.469849,-0.370972,1.003784
-0.465576,-0.139282,0.760986
0.283813,-0.073608,1.042969
0.083740,-0.435181,0.814331
-0.302734,0.130859,0.901123
0.470093,-0.260742,1.008423
-0.442871,-0.116333,0.773438
0.050171,0.086792,1.005493
0.196411,-0.508667,0.822144
-0.470337,0.067383,0.785156
0.461304,-0.237305,1.022583
-0.342896,-0.177612,0.764893
-0.007324,0.126099,1.015259
0.255127,-0.490845,0.864136
-0.505615,0.034180,0.753784
0.452271,-0.206787,1.042236
-0.247559,-0.212036,0.791992
-0.088745,0.182251,1.015869
0.325073,-0.482300,0.892090
-0.510742,0.021973,0.765503
0.435181,-0.191650,1.048340
-0.164795,-0.265137,0.811157
-0.138550,0.195801,1.002563
0.369873,-0.437012,0.936401
-0.510864,-0.006714,0.772217
0.414551,-0.165283,1.055054
-0.079956,-0.351685,0.802612
-0.183472,0.203857,0.991211
0.407715,-0.389893,0.959351
-0.495728,-0.037964,0.772339
0.383057,-0.142212,1.061157
-0.006836,-0.399658,0.819702
-0.214844,0.164307,0.953125
0.438110,-0.376587,0.979492
-0.483765,-0.064819,0.762329
0.355835,-0.124634,1.062744
0.052246,-0.445435,0.832031
-0.250000,0.165527,0.950195
0.463257,-0.343262,1.006226
-0.462280,-0.095459,0.762451
0.326904,-0.083740,1.063599
0.063965,-0.452026,0.837158
-0.280762,0.144897,0.942749
0.494873,-0.320068,1.046631
-0.438232,-0.108276,0.767090
0.277710,-0.009521,1.083984
0.095703,-0.442505,0.855713
-0.301636,0.129272,0.944092
0.515381,-0.297363,1.066284
-0.429810,-0.107666,0.763916
0.250000,0.019165,1.088745
0.136475,-0.420898,0.890625
-0.327759,0.130127,0.939209
0.533081,-0.297119,1.098633
-0.403076,-0.151123,0.789429
0.233887,0.051636,1.101196
0.154663,-0.426514,0.888428
-0.337646,0.124878,0.931519
0.563477,-0.317139,1.102783
-0.396118,-0.167236,0.787231
0.223633,0.030884,1.091797
0.184692,-0.411621,0.906860
-0.359985,0.147827,0.919434
0.566895,-0.305542,1.109497
-0.358765,-0.204712,0.801636
0.206177,0.026978,1.090088
0.224731,-0.418091,0.925415
-0.369019,0.139526,0.900269
0.557129,-0.240845,1.118530
-0.313721,-0.198364,0.827393
0.175049,0.051147,1.093750
0.259155,-0.444824,0.942261
-0.397095,0.083008,0.874878
0.550049,-0.222290,1.126343
-0.269653,-0.219360,0.826294
0.133789,0.133667,1.117310
0.316650,-0.472046,0.953613
-0.437012,0.110596,0.875244
0.556519,-0.221313,1.129639
-0.233887,-0.222290,0.850830
0.083008,0.164307,1.115845
0.347168,-0.437500,0.984375
-0.442627,0.091431,0.868896
0.559692,-0.204956,1.148560
-0.197632,-0.254150,0.858032
0.024536,0.187134,1.104248
0.399658,-0.411133,1.004028
-0.426392,0.068237,0.872925
0.535645,-0.159302,1.151733
-0.147217,-0.264404,0.865234
-0.021973,0.184082,1.091675
0.416260,-0.401489,1.017334
-0.435547,0.013672,0.845825
0.523193,-0.118530,1.178101
-0.064331,-0.282471,0.892090
-0.076782,0.210815,1.095703
0.435425,-0.375122,1.030762
-0.437866,-0.014648,0.832275
0.500366,-0.112305,1.177490
-0.000610,-0.330811,0.888672
-0.123047,0.213989,1.083740
0.464355,-0.334229,1.054932
-0.448486,-0.040771,0.831055
0.460449,-0.088745,1.176392
0.001831,-0.349365,0.882202
-0.168945,0.217407,1.071167
0.492554,-0.297241,1.072998
-0.458374,-0.032349,0.815674
0.417969,-0.079346,1.160400
0.062988,-0.376221,0.908569
-0.244385,0.205688,1.033813
0.518066,-0.284058,1.104004
-0.441528,-0.066650,0.803345
0.347900,-0.012573,1.166748
0.114624,-0.385254,0.914917
-0.299561,0.184570,0.995483
0.550781,-0.281128,1.121338
-0.398804,-0.140137,0.790771
0.263306,0.026245,1.130005
0.153442,-0.399780,0.907837
-0.341919,0.151001,0.944092
0.564575,-0.276367,1.110229
-0.354370,-0.192627,0.807861
0.185181,0.068848,1.106934
0.207886,-0.401245,0.929810
-0.393555,0.106201,0.898315
0.559082,-0.252075,1.128296
-0.318115,-0.223755,0.815674
0.091919,0.119873,1.087036
0.245728,-0.401733,0.929565
-0.426758,0.068359,0.880005
0.541382,-0.240112,1.124634
-0.264648,-0.254517,0.818237
0.008911,0.124634,1.057251
0.288940,-0.372559,0.943848
-0.442749,0.027466,0.849609
0.511475,-0.205566,1.133667
-0.167480,-0.307861,0.821411
-0.043091,0.117432,1.030029
0.323364,-0.358032,0.946167
-0.483276,0.017334,0.806885
0.492432,-0.188110,1.116943
-0.123413,-0.313843,0.816772
-0.123779,0.108276,1.007812
0.361694,-0.347656,0.966919
-0.515381,-0.006226,0.775146
0.454590,-0.147827,1.121338
-0.101807,-0.340698,0.806152
-0.224609,0.179810,0.998169
0.416626,-0.335083,0.991455
-0.527710,-0.023315,0.767212
0.353882,-0.095825,1.097046
-0.071533,-0.342896,0.813477
-0.291504,0.170044,0.982910
0.451294,-0.333618,1.026123
-0.513794,-0.048340,0.748169
0.279175,-0.005249,1.099976
-0.009521,-0.358521,0.825073
-0.374023,0.149170,0.911255
0.469116,-0.328369,1.027222
-0.488037,-0.119507,0.733154
0.205444,0.041992,1.084961
0.050293,-0.339233,0.837402
-0.451904,0.165161,0.867676
0.472168,-0.302368,1.035645
-0.446167,-0.177246,0.743286
0.124634,0.026245,1.050537
0.109497,-0.390137,0.854370
-0.507446,0.152222,0.831787
0.470947,-0.248169,1.048950
-0.384521,-0.186157,0.762695
0.016113,0.079712,1.028320
0.182373,-0.421631,0.868408
-0.539551,0.089233,0.796509
0.436646,-0.207031,1.041138
-0.286743,-0.269531,0.750000
-0.063965,0.121094,0.995117
0.238892,-0.399902,0.885132
-0.570190,0.062256,0.763428
0.431885,-0.212280,1.031738
-0.240356,-0.278320,0.740356
-0.138062,0.139526,0.973633
0.284912,-0.410767,0.893921
-0.584595,0.038452,0.746826
0.406738,-0.166992,1.035400
-0.190308,-0.310059,0.744873
-0.248169,0.172852,0.950928
0.338867,-0.356567,0.939575
-0.589966,-0.017700,0.723145
0.348999,-0.156006,1.031006
-0.152954,-0.349121,0.751587
-0.323608,0.175659,0.899658
0.366333,-0.340454,0.941040
-0.573730,-0.046143,0.716431
0.274292,-0.103638,1.034546
-0.107910,-0.391479,0.743042
-0.382690,0.197998,0.895874
0.391968,-0.341797,0.947021
-0.565918,-0.019775,0.722168
0.199707,-0.037476,1.001587
-0.025269,-0.388672,0.775391
-0.440674,0.183716,0.874512
0.408569,-0.273193,0.983398
-0.539551,-0.063599,0.707764
0.106689,0.046143,1.007202
0.047729,-0.428833,0.784912
-0.525269,0.212891,0.871948
0.445557,-0.281128,0.997803
-0.456543,-0.133057,0.728271
0.026367,0.113281,0.999634
0.122314,-0.395142,0.820679
-0.579346,0.190796,0.798828
0.438965,-0.233398,1.006836
-0.335449,-0.229004,0.737305
-0.034302,0.145752,0.991821
0.169067,-0.387573,0.833130
-0.605225,0.123413,0.761230
0.451904,-0.225586,1.026123
-0.260620,-0.282349,0.728760
-0.107910,0.192627,0.976440
0.243774,-0.374512,0.857544
-0.620972,0.138794,0.755737
0.428345,-0.225830,1.007446
-0.203125,-0.324097,0.742676
-0.164917,0.169067,0.942139
0.305786,-0.326416,0.899292
-0.640259,0.146973,0.726318
0.375244,-0.194946,0.983521
-0.135498,-0.390015,0.735962
-0.212769,0.164917,0.925659
0.336548,-0.341309,0.911987
-0.608887,0.109131,0.741455
0.340820,-0.104248,0.993652
-0.097900,-0.352539,0.743652
-0.299927,0.176880,0.889893
0.386475,-0.348633,0.927124
-0.577271,0.032593,0.723633
0.279663,-0.047241,0.997437
-0.067383,-0.395142,0.731812
-0.354492,0.207764,0.876465
0.413452,-0.311279,0.940796
-0.554932,0.002563,0.725830
0.220825,-0.050171,0.979614
-0.014893,-0.404053,0.759277
-0.406494,0.203979,0.859009
0.436035,-0.270264,0.962280
-0.517456,-0.049683,0.718018
0.139893,0.042236,0.996094
0.054810,-0.420044,0.782715
-0.467529,0.172363,0.833252
0.447388,-0.251831,0.970825
-0.456665,-0.081421,0.743164
0.058838,0.132935,1.022705
0.133179,-0.409058,0.829468
-0.538696,0.166748,0.794922
0.444092,-0.188354,1.006470
-0.335693,-0.168701,0.746094
-0.021118,0.192749,1.020264
0.202637,-0.395264,0.845703
-0.575317,0.129639,0.780029
0.427002,-0.209717,1.001465
-0.240723,-0.241455,0.757202
-0.097656,0.200684,0.978638
0.275513,-0.378052,0.876099
-0.582275,0.090942,0.763062
0.430908,-0.175781,1.035278
-0.135742,-0.314941,0.755981
-0.190430,0.228638,0.942993
0.342407,-0.341553,0.910400
-0.583618,0.058960,0.750000
0.352539,-0.120972,1.004883
-0.045532,-0.408569,0.754883
-0.251831,0.211914,0.919922
0.375732,-0.316895,0.927612
-0.548950,0.023438,0.742920
0.295410,-0.098267,0.972900
-0.008545,-0.403809,0.769043
-0.309448,0.132568,0.854858
0.412109,-0.305298,0.955811
-0.532837,-0.030273,0.725830
0.217529,-0.014038,0.989746
0.050171,-0.446899,0.766724
-0.387573,0.132324,0.840210
0.469238,-0.325806,0.971680
-0.510742,-0.037231,0.733521
0.132568,0.069824,0.999146
0.098267,-0.447876,0.778564
-0.431519,0.113892,0.814697
0.467163,-0.315918,0.979370
-0.462280,-0.095581,0.747803
0.085693,0.122681,1.015747
0.134033,-0.404053,0.802734
-0.494141,0.109253,0.790894
0.481934,-0.334595,0.994995
-0.397461,-0.175171,0.751343
0.037354,0.139160,1.015137
0.204224,-0.438232,0.843262
-0.529785,0.109741,0.763306
0.478149,-0.295410,0.999756
-0.338867,-0.191040,0.773682
-0.031006,0.161133,1.004150
0.258545,-0.448120,0.871216
-0.525635,0.034790,0.747192
0.472290,-0.251099,1.036743
-0.274048,-0.228394,0.780640
-0.106567,0.189697,0.987427
0.305176,-0.472046,0.883667
-0.526367,0.014526,0.761963
0.444946,-0.204590,1.045288
-0.185913,-0.260742,0.790527
-0.152710,0.224854,0.989746
0.340576,-0.435303,0.908081
-0.539307,0.022583,0.774170
0.428101,-0.206543,1.056885
-0.118164,-0.324219,0.805298
-0.186401,0.217773,0.986938
0.369873,-0.384766,0.931763
-0.515747,-0.011353,0.762695
0.392944,-0.186523,1.033569
-0.041992,-0.374268,0.824951
-0.212891,0.183960,0.957642
0.385376,-0.370117,0.945190
-0.499756,-0.031738,0.757324
0.365112,-0.118896,1.044312
0.009644,-0.408325,0.808350
-0.232788,0.174805,0.947266
0.431519,-0.396606,0.957031
-0.498413,-0.062378,0.758057
0.325073,-0.112793,1.035645
0.068115,-0.425415,0.828735
-0.264648,0.174561,0.949707
0.452026,-0.340332,0.998291
-0.487427,-0.125854,0.736816
0.281738,-0.098877,1.029297
0.089722,-0.437744,0.831787
-0.286377,0.146973,0.925781
0.460815,-0.284180,1.028809
-0.439453,-0.158081,0.761230
0.220703,-0.048828,1.043701
0.126587,-0.442139,0.845337
-0.343750,0.148315,0.914917
0.505493,-0.278931,1.050781
-0.398804,-0.155273,0.777222
0.149536,0.034302,1.047607
0.200684,-0.476562,0.869019
-0.371826,0.057739,0.855591
0.519531,-0.259888,1.080811
-0.329712,-0.193237,0.792480
0.074463,0.112549,1.042114
0.273315,-0.467773,0.903687
-0.428711,0.011230,0.815552
0.538574,-0.266724,1.104126
-0.255737,-0.249023,0.828491
0.017090,0.152466,1.049438
0.309570,-0.421997,0.931274
-0.448120,0.014038,0.818359
0.534912,-0.234131,1.128052
-0.188965,-0.251343,0.850342
-0.052490,0.223389,1.068115
0.373779,-0.407227,0.970581
-0.464966,0.021729,0.828491
0.496582,-0.191772,1.130981
-0.101929,-0.339844,0.854858
-0.076050,0.225586,1.077881
0.409668,-0.360474,1.008057
-0.473999,0.018066,0.816895
0.471069,-0.161743,1.130249
0.019897,-0.374878,0.896851
-0.120361,0.191040,1.070068
0.433960,-0.335205,1.027588
-0.458740,-0.023438,0.806152
0.430298,-0.103516,1.134521
0.054688,-0.373047,0.900513
-0.167358,0.211182,1.069092
0.486938,-0.320435,1.079834
-0.443604,-0.050659,0.810669
0.364502,-0.031616,1.132202
0.083984,-0.410889,0.896851
-0.225586,0.178833,1.034424
0.531006,-0.259033,1.131836
-0.430542,-0.068481,0.802490
0.334106,0.005127,1.137207
0.137695,-0.415283,0.908081
-0.285889,0.151733,1.000610
0.578125,-0.292725,1.149292
-0.387451,-0.132568,0.804932
0.252563,0.076172,1.132080
0.199707,-0.398438,0.928833
-0.331543,0.154419,0.964111
0.593140,-0.303711,1.147461
-0.334473,-0.197876,0.821533
0.187012,0.087769,1.114624
0.261108,-0.387695,0.953491
-0.378052,0.119141,0.891357
0.588135,-0.239502,1.145508
-0.270874,-0.260498,0.826294
0.106934,0.096436,1.112915
0.325806,-0.410645,0.984985
-0.416626,0.112793,0.887451
0.558716,-0.188599,1.154053
-0.188721,-0.261597,0.856934
0.029907,0.153442,1.093506
0.343994,-0.354736,0.999634
-0.428833,0.028320,0.851685
0.548340,-0.145996,1.172852
-0.050171,-0.321167,0.889893
-0.072998,0.200073,1.092896
0.423828,-0.352295,1.029663
-0.478516,-0.026245,0.817627
0.481689,-0.139282,1.157837
-0.021484,-0.340332,0.873779
-0.123901,0.212280,1.084595
0.454468,-0.300659,1.053345
-0.477539,-0.018677,0.812988
0.409912,-0.082397,1.144409
0.037354,-0.368286,0.902222
-0.232788,0.177368,1.040161
0.514160,-0.281860,1.118774
-0.457153,-0.073120,0.792725
0.328125,0.019531,1.160034
0.095215,-0.376587,0.895386
-0.314453,0.129272,0.961182
0.555786,-0.284546,1.138916
-0.378540,-0.174316,0.782959
0.211792,0.113403,1.136719
0.142700,-0.378540,0.889648
-0.385376,0.111572,0.923706
0.590820,-0.325562,1.138428
-0.348145,-0.220459,0.790161
0.125366,0.164307,1.116333
0.190552,-0.371704,0.887695
-0.413696,0.093140,0.893677
0.570923,-0.314209,1.116821
-0.341064,-0.228149,0.823853
0.073975,0.095581,1.069946
0.244629,-0.398071,0.925171
-0.451904,0.086426,0.859375
0.525391,-0.213257,1.116699
-0.279297,-0.224731,0.822266
0.040771,0.108032,1.068848
0.263672,-0.409546,0.922241
-0.478027,0.062988,0.835815
0.509277,-0.214966,1.097778
-0.226685,-0.253784,0.799683
-0.008789,0.161621,1.071167
0.285400,-0.398682,0.923096
-0.520386,0.011719,0.791382
0.515137,-0.232422,1.113525
-0.185059,-0.313843,0.785889
-0.107666,0.197754,1.024292
0.319458,-0.380249,0.912109
-0.492065,-0.035278,0.790405
0.476440,-0.202515,1.108032
-0.177856,-0.352539,0.738403
-0.172729,0.186401,1.000732
0.358032,-0.381592,0.937988
-0.532471,-0.015747,0.761597
0.423096,-0.150757,1.099487
-0.137207,-0.348145,0.778442
-0.239624,0.174805,0.973999
0.371216,-0.345337,0.958740
-0.541992,-0.026733,0.760742
0.370728,-0.139282,1.082397
-0.107544,-0.347412,0.786011
-0.294312,0.175293,0.951416
0.389771,-0.339478,0.975464
-0.552734,-0.060425,0.737549
0.315430,-0.123779,1.063599
-0.056519,-0.357788,0.795898
-0.378296,0.199463,0.903442
0.425049,-0.307739,0.991821
-0.518066,-0.085083,0.739868
0.203613,-0.046509,1.037476
0.004517,-0.404541,0.807983
-0.451660,0.164429,0.851562
0.425415,-0.263672,1.009521
-0.482178,-0.123047,0.736938
0.108521,0.052246,1.033569
0.087280,-0.408447,0.833740
-0.515991,0.154541,0.833862
0.427490,-0.261353,1.000000
-0.406128,-0.193970,0.744385
0.016357,0.109131,1.020386
0.153931,-0.414307,0.838135
-0.560303,0.116211,0.807251
0.445190,-0.242310,1.028931
-0.317383,-0.275391,0.715210
-0.051147,0.159180,0.993774
0.208252,-0.374878,0.856323
-0.591553,0.059937,0.763550
0.432373,-0.254150,1.020020
-0.242554,-0.364868,0.697876
-0.148804,0.154175,0.947144
0.268921,-0.360107,0.886353
-0.610596,0.076416,0.733887
0.404053,-0.194702,1.028320
-0.186523,-0.381836,0.705200
-0.234375,0.154663,0.930054
0.321411,-0.361816,0.906860
-0.606567,0.061157,0.729614
0.346924,-0.139893,1.008423
-0.149292,-0.350342,0.745483
-0.297852,0.147095,0.907837
0.356567,-0.354736,0.923462
-0.584351,0.053101,0.713135
0.268433,-0.040283,1.008423
-0.090454,-0.367920,0.752563
-0.354248,0.153320,0.886963
0.375488,-0.331665,0.936157
-0.581055,0.011108,0.698975
0.220581,-0.007080,1.003906
-0.035400,-0.387817,0.771240
-0.434814,0.215942,0.873169
0.403320,-0.311768,0.951660
-0.552002,-0.057861,0.697144
0.159912,0.002808,0.995850
0.019287,-0.423096,0.777710
-0.492920,0.229736,0.841797
0.408203,-0.258545,0.966553
-0.501343,-0.092896,0.720581
0.098145,0.052979,1.010986
0.070557,-0.395020,0.818481
-0.545044,0.211792,0.841309
0.436401,-0.240967,0.978882
-0.416138,-0.114136,0.744019
0.030884,0.143921,1.010742
0.132568,-0.415283,0.822021
-0.560669,0.163574,0.798828
0.430664,-0.192993,1.012085
-0.343262,-0.167847,0.727173
-0.031372,0.232300,1.023682
0.206055,-0.402710,0.844116
-0.595459,0.131714,0.772705
0.421143,-0.200684,0.998047
-0.272461,-0.244995,0.731812
-0.072144,0.211914,0.997925
0.247070,-0.370117,0.855103
-0.629761,0.132202,0.754761
0.430664,-0.207275,1.015137
-0.172485,-0.337769,0.739868
-0.120483,0.210205,0.964233
0.276245,-0.312378,0.877075
-0.634277,0.145020,0.742554
0.419067,-0.210327,1.000977
-0.128174,-0.383789,0.747314
-0.156372,0.149170,0.927002
0.309326,-0.289673,0.901611
-0.611816,0.131958,0.737793
0.385010,-0.165405,1.000854
-0.076294,-0.406616,0.758789
-0.233032,0.184814,0.912964
0.352661,-0.295288,0.906250
-0.592285,0.117798,0.747314
0.341675,-0.122314,0.983032
-0.043579,-0.408447,0.747070
-0.280640,0.154053,0.881104
0.392090,-0.322021,0.942017
-0.576904,-0.029663,0.714600
0.286255,-0.074219,0.991943
-0.011353,-0.404907,0.741821
-0.338379,0.206177,0.868896
0.406128,-0.274536,0.945557
-0.527222,-0.055176,0.717041
0.227173,-0.042603,0.995361
0.024902,-0.419189,0.767334
-0.407471,0.183105,0.841064
0.441650,-0.302856,0.958130
-0.500610,-0.053711,0.749756
0.148193,0.047974,1.013306
0.086182,-0.438477,0.790161
-0.464478,0.161011,0.812378
0.448608,-0.267212,0.973633
-0.430298,-0.093262,0.760498
0.072388,0.115479,1.005127
0.138916,-0.427734,0.814087
-0.517212,0.125488,0.786255
0.451904,-0.241333,1.000977
-0.356323,-0.162842,0.759766
-0.003784,0.155151,1.005859
0.213135,-0.406494,0.853516
-0.564087,0.117310,0.762329
0.450684,-0.245117,0.991211
-0.269165,-0.209229,0.775391
-0.067627,0.181396,0.992432
0.283569,-0.408936,0.876953
-0.553955,0.081421,0.748535
0.422485,-0.182617,1.014404
-0.173584,-0.278320,0.795044
-0.141724,0.155518,0.968872
0.323975,-0.408936,0.907959
-0.552368,0.035522,0.750610
0.409058,-0.125488,1.049438
-0.101562,-0.317383,0.782349
-0.211548,0.198975,0.938232
0.373657,-0.379639,0.938965
-0.537476,-0.030029,0.752930
0.356323,-0.135864,1.019531
-0.033691,-0.391235,0.775757
-0.260010,0.191040,0.921387
0.408691,-0.368896,0.944336
-0.533569,-0.046509,0.745605
0.288330,-0.122803,0.991333
0.033081,-0.458496,0.772095
-0.314087,0.135864,0.864868
0.443481,-0.318115,0.973633
-0.490967,-0.069458,0.746704
0.200195,-0.033813,0.999512
0.082031,-0.478760,0.792236
-0.381592,0.076782,0.825073
0.472168,-0.313721,0.994629
-0.452393,-0.102295,0.740845
0.146240,0.052856,1.024170
0.132568,-0.414429,0.825928
-0.427979,0.088013,0.823975
0.471436,-0.316040,0.996460
-0.414551,-0.181885,0.749146
0.088135,0.065308,1.031494
0.237061,-0.490479,0.851562
-0.476196,0.110474,0.800415
0.467285,-0.257080,1.023315
-0.313965,-0.207031,0.786621
0.001221,0.086792,1.013550
0.276855,-0.482056,0.893921
-0.088257,0.179321,1.017456
0.334595,-0.491211,0.907227
-0.495361,-0.013794,0.759644
0.432617,-0.145874,1.067505
-0.097900,-0.260864,0.832886
-0.149170,0.223511,1.035156
0.401001,-0.438110,0.959595
-0.508057,-0.026001,0.777466
0.390869,-0.171387,1.044189
-0.011108,-0.384888,0.831299
-0.189453,0.191162,0.988770
0.447754,-0.317627,1.022583
-0.485596,-0.048828,0.776978
0.328247,-0.108521,1.062622
0.078003,-0.480225,0.845337
-0.250977,0.124878,0.956665
0.479370,-0.313965,1.050781
-0.457153,-0.093750,0.772949
0.273926,-0.014282,1.075195
0.131592,-0.455811,0.842529
-0.304077,0.134644,0.942993
0.515503,-0.284790,1.084473
-0.422485,-0.135742,0.772583
0.190674,0.021240,1.063965
0.225098,-0.477905,0.891724
-0.389404,0.109497,0.888672
0.545654,-0.278931,1.099243
-0.317749,-0.195190,0.799805
0.093506,0.134766,1.072632
0.283936,-0.457275,0.922974
-0.401123,0.017578,0.845825
0.537842,-0.245483,1.110352
-0.250610,-0.211426,0.831787
0.027588,0.184326,1.079468
0.351196,-0.428345,0.968384
-0.443237,0.014038,0.828735
0.529541,-0.218262,1.131592
-0.166748,-0.273193,0.853271
-0.030396,0.169678,1.063965
0.401245,-0.387451,0.996094
-0.460083,0.042358,0.831177
0.496094,-0.159668,1.142090
-0.051392,-0.329224,0.891968
-0.095947,0.167236,1.057617
0.441040,-0.365234,1.024536
-0.435303,-0.016846,0.826416
0.469604,-0.098145,1.159058
0.028320,-0.351929,0.888916
-0.149048,0.219971,1.077026
0.474609,-0.353760,1.055054
-0.392456,-0.161987,0.803589
0.255371,-0.024780,1.071655
0.066284,-0.342407,0.917236
-0.334595,0.159668,0.938721
0.519775,-0.271606,1.077515
-0.357178,-0.151489,0.818848
0.185425,0.029419,1.077393
0.201904,-0.438477,0.904297
-0.359375,0.069092,0.874146
0.537964,-0.233154,1.106323
-0.313110,-0.185425,0.805298
0.099609,0.107910,1.079224
0.302490,-0.493286,0.921387
-0.411133,0.048340,0.844727
0.548462,-0.223511,1.119995
-0.233276,-0.218262,0.832275
0.009277,0.174683,1.065063
0.371460,-0.429077,0.974487
-0.443237,0.020508,0.844116
0.516235,-0.160522,1.149658
-0.126587,-0.262939,0.865723
-0.055542,0.216064,1.092407
0.429565,-0.389526,1.026733
-0.468140,0.009033,0.823853
0.482666,-0.121826,1.143799
0.023315,-0.356934,0.895630
-0.136719,0.217041,1.080811
0.468750,-0.328125,1.072510
-0.442627,-0.057495,0.820068
0.437012,-0.062134,1.160889
0.058472,-0.365356,0.880737
-0.218872,0.228516,1.046021
0.515259,-0.287964,1.098022
-0.401489,-0.108276,0.827148
0.349487,-0.037231,1.132080
0.112305,-0.379517,0.919922
-0.272339,0.190552,1.007690
0.568115,-0.283691,1.135742
-0.387939,-0.110474,0.819336
0.244507,0.025635,1.111450
0.217163,-0.401978,0.945190
-0.324463,0.108887,0.924561
0.592896,-0.244507,1.149658
-0.309692,-0.173828,0.826294
0.142700,0.108398,1.097900
0.304932,-0.431030,0.966431
-0.399292,0.080811,0.903320
0.578857,-0.218506,1.165771
-0.218140,-0.230957,0.864990
0.039795,0.200562,1.110596
0.358765,-0.385376,0.987305
-0.444824,0.053101,0.876953
0.552734,-0.196655,1.170532
-0.079956,-0.330933,0.880493
-0.039062,0.202393,1.097534
0.385742,-0.339478,1.000000
-0.453857,-0.000732,0.834106
0.512939,-0.161987,1.180786
-0.026123,-0.395752,0.876953
-0.112549,0.166382,1.071411
0.430420,-0.325439,1.042358
-0.488159,0.003174,0.818970
0.476807,-0.116699,1.177246
0.015503,-0.361206,0.890625
-0.180298,0.209473,1.065796
0.453125,-0.270508,1.073730
-0.489136,-0.025146,0.786621
0.434570,-0.112061,1.164307
0.045410,-0.350220,0.905029
0.509277,-0.295166,1.086548
-0.447998,-0.071045,0.788330
0.333740,-0.024292,1.157349
0.105713,-0.387695,0.909546
-0.409790,-0.123047,0.771484
0.241821,0.027100,1.126099
0.152588,-0.422485,0.908813
-0.366821,0.144775,0.943726
0.549927,-0.271484,1.097778
-0.381470,-0.134155,0.799194
0.148682,0.083862,1.094116
0.210205,-0.408813,0.922974
-0.421875,0.052979,0.879272
0.551758,-0.262085,1.129883
-0.345215,-0.237305,0.778320
0.048096,0.164307,1.085327
0.263672,-0.409546,0.915161
-0.457642,0.039429,0.856567
0.526123,-0.217896,1.124756
-0.211914,-0.328613,0.801758
-0.019165,0.162598,1.050171
0.269165,-0.369385,0.907227
-0.507812,0.040894,0.807861
0.517334,-0.252197,1.112427
-0.180786,-0.365479,0.787720
-0.058105,0.157593,1.034546
0.289062,-0.333374,0.920410
-0.540405,0.038696,0.791870
0.479858,-0.289307,1.066650
-0.134888,-0.400391,0.784668
-0.112549,0.155151,1.021606
0.302002,-0.295044,0.937988
-0.566284,0.031372,0.745117
0.451782,-0.242310,1.072144
-0.112183,-0.419922,0.783447
-0.183105,0.145386,1.002197
0.337524,-0.340820,0.929932
-0.571289,0.039307,0.755249
0.398315,-0.207764,1.061401
-0.100464,-0.439453,0.767090
-0.227661,0.155029,0.979004
0.349731,-0.307739,0.952637
-0.560303,0.048340,0.752808
0.373535,-0.132568,1.080078
-0.100464,-0.345825,0.805298
-0.314575,0.149536,0.937988
0.387207,-0.332275,0.980469
-0.562988,-0.028198,0.720337
0.315186,-0.066895,1.065796
-0.057495,-0.346069,0.804321
-0.370605,0.191528,0.919312
0.409180,-0.316650,0.990601
-0.556519,-0.084106,0.700439
0.244751,-0.051636,1.051392
-0.014404,-0.404785,0.804565
-0.439087,0.188110,0.890259
0.429443,-0.291748,0.991699
-0.520142,-0.088745,0.717041
0.148315,0.024048,1.039917
0.053467,-0.429810,0.814575
-0.482178,0.165039,0.854492
0.432495,-0.253906,1.015869
-0.468750,-0.130981,0.731079
0.055298,0.097656,1.017212
0.119995,-0.425903,0.831665
-0.529663,0.119141,0.839600
0.441528,-0.269531,1.012207
-0.404907,-0.165894,0.728027
-0.001953,0.137207,1.005859
0.174316,-0.388306,0.842529
-0.582153,0.091919,0.790527
0.447510,-0.242798,1.034058
-0.304688,-0.248169,0.724243
-0.089600,0.165771,0.975220
0.235474,-0.383545,0.864136
-0.602173,0.066162,0.752808
0.410400,-0.222412,1.015991
-0.225586,-0.347778,0.707642
-0.152710,0.176392,0.954102
0.286987,-0.356079,0.887451
-0.616455,0.061768,0.741089
0.389526,-0.195923,1.022827
-0.183716,-0.372925,0.714600
-0.234009,0.150391,0.927612
0.307617,-0.338135,0.902344
-0.591431,0.063599,0.732788
0.352051,-0.140381,1.020142
-0.145874,-0.373657,0.728394
-0.296997,0.161255,0.896118
0.361694,-0.330200,0.920654
-0.595337,0.061646,0.706299
0.285400,-0.074829,0.998779
-0.092407,-0.381104,0.752441
-0.379150,0.170166,0.879395
0.389771,-0.329346,0.947144
-0.561523,-0.038452,0.707764
0.200317,-0.003906,0.995972
-0.039429,-0.393555,0.760498
-0.433960,0.208374,0.860229
0.410034,-0.282837,0.952271
-0.529419,-0.054932,0.715576
0.150757,0.021362,1.002197
0.021606,-0.392700,0.784912
-0.492554,0.212280,0.842896
0.420166,-0.246460,0.977783
-0.450195,-0.107056,0.744873
0.066040,0.082886,1.005615
0.089478,-0.399292,0.808472
-0.539307,0.200806,0.818726
0.438354,-0.208496,0.995117
-0.373047,-0.132935,0.752686
-0.004272,0.145996,1.009888
0.178345,-0.433716,0.834595
-0.588623,0.158203,0.774658
0.448120,-0.187744,1.010010
-0.261230,-0.212402,0.756470
-0.102661,0.206543,0.984741
0.246460,-0.401245,0.864868
-0.603394,0.119019,0.764160
0.454712,-0.186279,1.032227
-0.178833,-0.261719,0.765137
-0.178345,0.219727,0.944214
0.313110,-0.372925,0.890991
-0.610474,0.081177,0.743408
0.402466,-0.155151,1.020264
-0.106567,-0.354126,0.748779
-0.244995,0.221802,0.915527
0.360840,-0.338501,0.913696
-0.598022,0.070068,0.733765
0.340820,-0.114868,1.002319
-0.040771,-0.420654,0.745361
-0.304932,0.199219,0.879883
0.371460,-0.279175,0.927124
-0.544067,-0.022705,0.714722
0.260254,-0.040405,0.991333
-0.014404,-0.421143,0.743896
-0.365356,0.185791,0.849121
0.417847,-0.276489,0.953003
-0.520386,-0.064575,0.723999
0.148682,0.027466,0.981689
0.046631,-0.429077,0.770020
-0.430420,0.153687,0.846069
0.449829,-0.262207,0.987671
-0.463135,-0.060547,0.760498
0.072388,0.124146,1.006958
0.102417,-0.416992,0.798584
-0.503418,0.141113,0.802124
0.467529,-0.257568,1.001587
-0.377197,-0.138916,0.750122
-0.003418,0.200439,1.009033
0.192017,-0.390747,0.837769
-0.557373,0.120117,0.763062
0.465576,-0.269897,1.006836
-0.278320,-0.218750,0.771484
-0.074463,0.212158,0.994507
0.243408,-0.364502,0.872192
-0.592896,0.073486,0.727295
0.453247,-0.213623,1.028442
-0.159180,-0.291504,0.783569
-0.137329,0.206909,0.979004
0.300049,-0.369263,0.877563
-0.586426,0.108765,0.756470
0.399536,-0.194580,1.009155
-0.080566,-0.384521,0.782471
-0.207275,0.173828,0.930786
0.360962,-0.350342,0.918213
-0.552246,0.057739,0.745117
0.336060,-0.116821,1.000366
-0.012695,-0.388184,0.787476
-0.284668,0.148804,0.879150
0.410156,-0.382324,0.931763
-0.533936,-0.019165,0.739014
0.252441,-0.045410,0.982544
0.042480,-0.417114,0.783325
-0.322266,0.122681,0.850952
0.418091,-0.314941,0.956299
-0.491333,-0.078979,0.743530
0.193726,-0.016113,0.997559
0.070068,-0.449951,0.780640
-0.388184,0.121338,0.828979
0.451660,-0.287964,0.989502
-0.457397,-0.120361,0.750977
0.130005,0.022583,1.008667
0.111938,-0.459839,0.810303
-0.452515,0.104858,0.801392
0.479858,-0.266357,1.015015
-0.402832,-0.141235,0.750732
0.057861,0.108154,1.021362
0.190063,-0.482544,0.833008
-0.482544,0.066528,0.770142
0.469849,-0.251587,1.017212
-0.347900,-0.168213,0.764648
0.007568,0.145752,1.022583
0.245605,-0.503174,0.843262
-0.500244,0.050781,0.757324
0.465820,-0.238159,1.025391
-0.296387,-0.191284,0.788818
-0.038330,0.145630,1.018921
0.279297,-0.473999,0.875732
-0.509766,0.024536,0.747070
0.481323,-0.234375,1.049927
-0.246826,-0.204712,0.801514
-0.098877,0.172607,0.995728
0.331787,-0.470703,0.912598
-0.509277,0.018555,0.765991
0.446411,-0.170776,1.068237
-0.172607,-0.269043,0.787354
-0.128052,0.205933,1.013794
0.363892,-0.439819,0.940308
-0.519287,0.004761,0.787720
0.439575,-0.177368,1.078003
-0.090088,-0.311279,0.818237
-0.169312,0.207031,1.017334
0.385254,-0.435181,0.947144
-0.507812,-0.027832,0.784790
0.415283,-0.146973,1.075806
-0.009155,-0.340088,0.845459
-0.218872,0.206055,0.991943
0.420654,-0.418457,0.967041
-0.483398,-0.093872,0.759888
0.383667,-0.102783,1.076538
0.042358,-0.380127,0.844604
-0.252930,0.212280,0.991821
0.458374,-0.392822,1.000122
-0.463745,-0.132080,0.760254
0.332153,-0.091431,1.067627
0.089722,-0.397461,0.865601
-0.290405,0.193848,0.964478
0.480225,-0.330688,1.022827
-0.432861,-0.122925,0.769043
0.287231,-0.046509,1.058472
0.116943,-0.403809,0.873779
-0.328735,0.165405,0.943237
0.518433,-0.312500,1.070801
-0.402832,-0.163330,0.776001
0.200439,0.018311,1.059692
0.199097,-0.435913,0.897949
-0.360962,0.114502,0.900391
0.537231,-0.270874,1.091064
-0.343262,-0.174194,0.803589
0.119507,0.081055,1.045654
0.278809,-0.483765,0.924194
-0.403931,0.046753,0.847168
0.538940,-0.222778,1.119263
-0.267456,-0.219971,0.815796
0.053467,0.161865,1.067383
0.337769,-0.455688,0.953857
-0.443359,0.019165,0.832642
0.525269,-0.207397,1.127319
-0.198975,-0.245117,0.841187
-0.018799,0.229248,1.088013
0.390503,-0.405396,0.998779
-0.448120,-0.008423,0.840820
0.511719,-0.187378,1.142090
-0.117188,-0.295532,0.855347
-0.063599,0.215942,1.070679
0.421997,-0.373535,1.011475
-0.449707,-0.018066,0.834839
0.493652,-0.144775,1.158447
-0.017700,-0.331665,0.884521
-0.107788,0.218262,1.075195
0.455322,-0.344360,1.043335
-0.455688,-0.009644,0.822998
0.458008,-0.116211,1.161377
0.055786,-0.405029,0.893433
-0.168457,0.187378,1.045532
0.477417,-0.292847,1.084229
-0.450439,-0.054810,0.807861
0.428833,-0.078735,1.170654
0.068848,-0.381592,0.907837
-0.221924,0.230347,1.049438
0.514160,-0.296265,1.101685
-0.419556,-0.074463,0.818115
0.376709,-0.040161,1.157593
0.110596,-0.394043,0.927246
-0.279541,0.205811,1.024170
0.544922,-0.275146,1.117188
-0.382080,-0.123901,0.814453
0.309692,0.018066,1.155762
0.166260,-0.396484,0.933838
-0.319702,0.181519,0.968384
0.561768,-0.260498,1.135010
-0.338501,-0.173096,0.826782
0.240967,0.057617,1.137207
0.223022,-0.397217,0.951050
-0.353760,0.123413,0.924316
0.564575,-0.238281,1.137451
-0.301025,-0.200439,0.831055
0.158569,0.087769,1.127808
0.288696,-0.427856,0.968018
-0.401245,0.119629,0.908081
0.555176,-0.204590,1.145386
-0.250000,-0.212891,0.846436
0.087769,0.121338,1.102417
0.333008,-0.402832,0.989136
-0.435425,0.068359,0.873047
0.550781,-0.173340,1.162598
-0.167480,-0.266846,0.858887
-0.011353,0.164429,1.087158
0.374512,-0.363770,0.994263
-0.439453,0.016235,0.843262
0.519775,-0.154175,1.158081
-0.073853,-0.335571,0.861328
-0.096802,0.192139,1.070557
0.426514,-0.343018,1.024902
-0.461182,-0.028564,0.825073
0.471802,-0.120972,1.163086
-0.042358,-0.343384,0.842773
-0.199951,0.208496,1.034424
0.464600,-0.297119,1.056885
-0.447021,-0.084351,0.801758
0.382568,-0.068970,1.151001
0.022217,-0.341553,0.878052
-0.279541,0.179688,0.985840
0.500854,-0.280640,1.074951
-0.413208,-0.131348,0.778687
0.273193,0.007202,1.134277
0.137695,-0.406372,0.899780
-0.377197,0.158447,0.928955
0.514648,-0.244141,1.093140
-0.357056,-0.172485,0.792358
0.156250,0.074829,1.098389
0.227783,-0.409546,0.935303
-0.453247,0.093994,0.867432
0.509399,-0.217651,1.099609
-0.294434,-0.243408,0.797241
0.042114,0.133423,1.083984
0.273804,-0.394043,0.923950
-0.470215,0.036987,0.834106
0.491089,-0.187622,1.101685
-0.176758,-0.323975,0.791992
-0.074463,0.161987,1.041992
0.328369,-0.358398,0.955078
-0.507812,0.003174,0.800903
0.471191,-0.200439,1.113403
-0.123291,-0.353271,0.788330
-0.174805,0.175903,1.005737
0.372437,-0.333862,0.969238
-0.518921,-0.004761,0.785889
0.404541,-0.161011,1.099731
-0.080444,-0.361084,0.807251
-0.278564,0.192993,0.979492
0.416016,-0.301147,1.003052
-0.513184,-0.061646,0.754028
0.301636,-0.091309,1.083496
-0.012451,-0.385986,0.822876
-0.365601,0.156738,0.908813
0.450195,-0.278809,1.042480
-0.470947,-0.120117,0.735962
0.187378,0.022827,1.072144
0.057373,-0.398438,0.833984
-0.447998,0.153076,0.875366
0.474365,-0.270386,1.044189
-0.420654,-0.164795,0.755371
0.063721,0.110596,1.045776
0.134766,-0.391846,0.848022
-0.498047,0.081787,0.819702
0.485229,-0.271851,1.060425
-0.323486,-0.254517,0.750122
-0.025879,0.145386,1.025024
0.203613,-0.386719,0.854370
-0.546875,0.063110,0.787598
0.450928,-0.260376,1.042480
-0.237671,-0.346558,0.737793
-0.093384,0.138672,0.985474
0.243164,-0.359619,0.880127
-0.574707,0.031616,0.741821
0.429321,-0.237061,1.039185
-0.215210,-0.381714,0.703125
-0.176147,0.159546,0.982300
0.314575,-0.384644,0.901001
-0.580322,0.078491,0.759277
0.359253,-0.165771,1.022583
-0.172363,-0.346558,0.737061
-0.241089,0.141357,0.946655
0.356201,-0.374146,0.935791
-0.601807,0.012817,0.722168
0.326904,-0.111206,1.027588
-0.116211,-0.355835,0.739014
-0.335571,0.175171,0.904907
0.372192,-0.362915,0.943115
-0.575562,-0.031494,0.706177
0.287964,-0.089722,1.035156
-0.090698,-0.358154,0.756348
-0.416870,0.218994,0.885010
0.405151,-0.330444,0.965942
-0.552734,-0.087769,0.702026
0.200806,-0.043335,1.025757
-0.020630,-0.395752,0.783325
-0.487549,0.227051,0.860962
0.427734,-0.324463,0.967285
-0.517822,-0.117798,0.713989
0.109985,0.041748,1.017334
0.058228,-0.403198,0.797852
-0.532715,0.222046,0.855957
0.420166,-0.268921,0.974365
-0.438477,-0.177979,0.725952
0.034180,0.069946,1.009033
0.137329,-0.404175,0.833130
-0.584961,0.205566,0.813599
0.425293,-0.223511,0.993408
-0.331299,-0.242920,0.720825
-0.067749,0.136963,0.993042
0.218262,-0.430908,0.855469
-0.598145,0.124146,0.779541
0.416260,-0.169800,1.015137
-0.245361,-0.271851,0.720703
-0.183472,0.186401,0.955444
0.313721,-0.418457,0.883911
-0.594727,0.086670,0.760010
0.359985,-0.118286,1.019531
-0.161011,-0.343384,0.721191
-0.288696,0.194214,0.906982
0.358643,-0.361694,0.909058
-0.574707,-0.002563,0.716553
0.302002,-0.082275,1.007935
-0.091064,-0.389771,0.723022
-0.387085,0.233643,0.877930
0.408203,-0.307983,0.944580
-0.544556,-0.066528,0.704834
0.182373,-0.005127,1.001221
-0.002930,-0.398315,0.774414
-0.483032,0.231079,0.849121
0.422607,-0.253418,0.967285
-0.443115,-0.106689,0.750000
0.068359,0.096313,1.027832
0.105225,-0.403198,0.819458
-0.562378,0.170288,0.789307
0.417480,-0.176758,0.996094
-0.296997,-0.211304,0.754639
-0.058228,0.164673,0.998901
0.229980,-0.390503,0.864380
-0.596802,0.117676,0.761963
0.409058,-0.149902,1.019775
-0.181152,-0.305420,0.736572
-0.177246,0.203369,0.948242
0.335327,-0.349731,0.917236
-0.597046,0.078491,0.743652
0.345093,-0.105225,1.010620
-0.086304,-0.388794,0.728149
-0.299072,0.192627,0.885986
0.382812,-0.293091,0.931152
-0.546875,-0.008057,0.725952
0.227295,-0.016235,0.994995
-0.001465,-0.408325,0.764648
-0.417725,0.195801,0.848755
0.424561,-0.284546,0.960205
-0.467407,-0.055786,0.757324
0.100586,0.095459,0.998901
0.070557,-0.382446,0.790283
-0.521729,0.179688,0.803589
0.454712,-0.258545,0.994385
-0.368164,-0.134399,0.762451
0.011475,0.154907,1.005493
0.167358,-0.358032,0.834229
-0.568481,0.122681,0.753662
0.448730,-0.199585,1.010864
-0.247925,-0.231201,0.764893
-0.078979,0.174805,0.984131
0.273438,-0.380615,0.880127
-0.602783,0.142334,0.745117
0.415771,-0.137329,1.008423
-0.126099,-0.284058,0.786865
-0.179443,0.156860,0.929321
0.351685,-0.398560,0.911621
-0.582886,0.067383,0.753662
0.350220,-0.068359,1.022095
-0.049683,-0.369385,0.747925
-0.271362,0.193115,0.894897
0.397705,-0.352295,0.936035
-0.552002,-0.016724,0.750610
0.286377,-0.073486,0.991943
-0.000854,-0.392944,0.751953
-0.359863,0.180664,0.845215
0.437866,-0.299561,0.970825
-0.494263,-0.099854,0.740601
0.169800,-0.002197,0.984497
0.058716,-0.433472,0.775024
-0.420044,0.166016,0.818726
0.451782,-0.229004,0.979858
-0.431763,-0.111694,0.756104
0.078613,0.069702,1.012329
0.128174,-0.452393,0.800049
-0.512451,0.124023,0.788208
0.455322,-0.233521,1.009399
-0.319336,-0.170776,0.788696
-0.041382,0.157959,1.002197
0.229736,-0.411621,0.849976
-0.562744,0.110352,0.755737
0.442627,-0.204346,1.021729
-0.181763,-0.280396,0.782349
-0.136963,0.186401,0.964478
0.325928,-0.408447,0.900146
-0.574951,0.072266,0.749756
0.385742,-0.151733,1.015747
-0.073853,-0.353271,0.796387
-0.216064,0.169800,0.935303
0.376343,-0.395508,0.931152
-0.536133,-0.021851,0.750000
0.316284,-0.096924,0.995605
0.000732,-0.400146,0.764160
-0.297119,0.159668,0.877563
0.436768,-0.375244,0.963257
-0.492188,-0.075684,0.758179
0.218872,-0.044678,0.990967
0.054321,-0.448242,0.768188
-0.380249,0.133301,0.840820
0.465088,-0.339966,0.979248
-0.449707,-0.146240,0.741821
0.125854,0.026978,0.999268
0.123901,-0.467529,0.792725
-0.435303,0.091797,0.813599
0.474487,-0.278809,1.007446
-0.389282,-0.148804,0.755859
0.025635,0.117432,1.005737
0.220703,-0.487671,0.833496
-0.496948,0.033691,0.761597
0.474976,-0.243896,1.040405
-0.275024,-0.205933,0.802612
-0.068115,0.139038,0.987671
0.300293,-0.445312,0.890503
-0.528931,0.023682,0.740601
0.420166,-0.192139,1.032837
-0.130859,-0.283447,0.814819
-0.141113,0.190063,0.999634
0.355225,-0.442993,0.924072
-0.528809,-0.011108,0.756958
0.390259,-0.166626,1.033569
-0.022827,-0.348145,0.822266
-0.229248,0.191772,0.958374
0.404297,-0.375610,0.960693
-0.500854,-0.057007,0.751465
0.312866,-0.105591,1.036987
0.045166,-0.445801,0.814697
-0.282104,0.146118,0.919800
0.456543,-0.340698,0.998413
-0.455078,-0.098877,0.764893
0.220215,-0.013428,1.040039
0.093994,-0.464966,0.819092
-0.346069,0.094604,0.886230
0.490601,-0.311157,1.040527
-0.414429,-0.160034,0.754395
0.149414,0.085327,1.051636
0.188354,-0.448364,0.845825
-0.428589,0.110229,0.849976
0.539673,-0.335938,1.066406
-0.332520,-0.262451,0.769409
0.044678,0.088379,1.021851
0.251221,-0.432861,0.879639
-0.462646,0.055908,0.804199
0.525757,-0.278198,1.073853
-0.250366,-0.273682,0.808594
-0.050293,0.160645,1.045288
0.341797,-0.419800,0.940186
-0.481567,0.026367,0.792358
0.468506,-0.153809,1.106445
-0.103271,-0.293091,0.855225
-0.115723,0.189331,1.035156
0.396484,-0.400757,0.974487
-0.488403,0.000000,0.785889
0.421753,-0.121948,1.091064
0.027588,-0.361084,0.871338
-0.174561,0.190674,1.033691
0.450562,-0.373535,1.008057
-0.485474,-0.041992,0.790161
0.355957,-0.101685,1.078003
0.091064,-0.439331,0.860718
-0.234497,0.175293,1.000366
0.488281,-0.288086,1.058716
-0.447266,-0.065796,0.790649
0.272583,-0.020508,1.065430
0.154541,-0.424927,0.912720
-0.311890,0.105347,0.953979
0.532471,-0.258667,1.117065
-0.384766,-0.153198,0.786621
0.177856,0.073853,1.074341
0.232910,-0.461548,0.897583
-0.372314,0.083496,0.907959
0.578003,-0.303101,1.123901
-0.308960,-0.204102,0.815552
0.094116,0.158325,1.061401
0.292725,-0.418213,0.932739
-0.418701,0.037109,0.859009
0.586182,-0.301758,1.141357
-0.215698,-0.294556,0.849243
0.032959,0.184326,1.071045
0.332397,-0.385376,0.967529
-0.451782,0.024536,0.830933
0.546875,-0.252319,1.136963
-0.112793,-0.329712,0.880371
-0.023682,0.193848,1.084351
0.369019,-0.357544,0.996460
-0.449951,0.042358,0.829590
0.512695,-0.165649,1.151123
-0.068359,-0.304810,0.901978
-0.070312,0.163208,1.072021
0.438354,-0.387329,1.034912
-0.458252,0.014038,0.824341
0.342896,-0.041504,1.086426
0.026489,-0.345459,0.894531
-0.266235,0.159668,0.976196
0.503662,-0.326538,1.082397
-0.421265,-0.166138,0.775879
0.268066,-0.022949,1.064453
0.137085,-0.398682,0.886475
-0.320312,0.158569,0.951294
0.531982,-0.271484,1.102173
-0.373535,-0.155273,0.794189
0.192871,0.039917,1.068359
0.218140,-0.477051,0.893433
-0.382446,0.053467,0.859741
0.543091,-0.226929,1.123169
-0.305664,-0.205200,0.799072
0.115356,0.154541,1.097412
0.292114,-0.450928,0.926514
-0.437134,0.078857,0.860107
0.557495,-0.268921,1.120972
-0.229126,-0.248535,0.848999
0.023926,0.192139,1.074341
0.340454,-0.398071,0.968994
-0.441895,0.056763,0.865356
0.540039,-0.209106,1.141235
-0.116455,-0.300781,0.875977
-0.071411,0.234009,1.081177
0.391602,-0.373535,0.990112
-0.441895,-0.013794,0.819092
0.498169,-0.143188,1.151611
-0.029053,-0.316528,0.892334
-0.097900,0.217651,1.068848
0.425781,-0.337646,1.022583
-0.446289,-0.052856,0.821045
0.478271,-0.148193,1.151367
0.041382,-0.359497,0.892822
-0.159912,0.240112,1.066772
0.484985,-0.323853,1.066162
-0.449707,-0.050781,0.822144
0.393433,-0.082153,1.138916
0.073364,-0.398438,0.893677
-0.197876,0.196899,1.059326
0.548950,-0.279053,1.127441
-0.448364,-0.035400,0.793579
0.312500,-0.005981,1.111694
0.157837,-0.427612,0.928833
-0.283447,0.127319,0.993774
0.563721,-0.260620,1.153931
-0.376099,-0.105957,0.806152
0.245728,0.075928,1.124390
0.226562,-0.412109,0.943848
-0.346680,0.119751,0.945557
0.586548,-0.260376,1.153442
-0.310303,-0.195679,0.828857
0.137817,0.108521,1.099365
0.291992,-0.395752,0.964844
-0.386719,0.081299,0.893066
0.579102,-0.211060,1.175537
-0.214600,-0.273315,0.840698
0.045288,0.161621,1.098877
0.349487,-0.364868,0.989746
-0.441284,0.045044,0.864624
0.544312,-0.187134,1.166626
-0.111206,-0.338257,0.871338
-0.027466,0.167725,1.096313
0.416382,-0.374878,1.016113
-0.464111,0.061035,0.854858
0.490234,-0.127441,1.148804
-0.004395,-0.371338,0.896729
-0.107666,0.148804,1.072632
0.441528,-0.335693,1.057983
-0.464966,-0.021973,0.825684
0.455566,-0.056274,1.174438
0.003052,-0.295166,0.897583
-0.177124,0.199951,1.064819
0.482178,-0.309814,1.079712
-0.455444,-0.070435,0.820679
0.395752,-0.060791,1.158569
0.055908,-0.326172,0.893921
-0.263672,0.233765,1.029663
0.514160,-0.258911,1.108276
-0.416626,-0.124878,0.799683
0.331055,-0.039307,1.150146
0.106689,-0.364868,0.906860
-0.309937,0.167603,0.960815
0.541504,-0.260132,1.115356
-0.359985,-0.165649,0.806641
0.231201,0.036255,1.128296
0.182251,-0.423462,0.919678
-0.392090,0.140747,0.919189
0.552979,-0.247437,1.121460
-0.334473,-0.201904,0.800293
0.135010,0.114380,1.108765
0.252441,-0.420654,0.931152
-0.451416,0.110352,0.893433
0.555298,-0.274780,1.124023
-0.282227,-0.295044,0.795898
0.064453,0.159058,1.107910
0.270752,-0.372314,0.926880
-0.469482,0.058105,0.851807
0.549316,-0.245361,1.129883
-0.168091,-0.372070,0.825439
0.001587,0.142090,1.071289
0.299927,-0.375122,0.926147
-0.511719,0.077271,0.819214
0.526123,-0.232544,1.130493
-0.117188,-0.413330,0.808960
-0.045044,0.130493,1.060913
0.305786,-0.328369,0.937622
-0.519531,0.065430,0.797607
0.519043,-0.242310,1.105713
-0.116455,-0.381836,0.818726
-0.118408,0.130615,1.017944
0.369141,-0.359497,0.965576
-0.527710,0.057007,0.787964
0.432983,-0.147705,1.104614
-0.098389,-0.364868,0.825073
-0.153442,0.135376,1.043823
0.390259,-0.360474,0.995972
-0.539307,0.044189,0.780396
0.382568,-0.072388,1.099121
-0.081299,-0.332275,0.830200
-0.200195,0.152100,1.019897
0.391235,-0.326050,0.992188
-0.512451,-0.016602,0.759766
0.384766,-0.067139,1.116211
-0.110840,-0.286011,0.809082
-0.255615,0.141113,0.974731
0.426270,-0.357666,1.013184
-0.532227,-0.010742,0.764771
0.328735,-0.059082,1.101929
-0.060913,-0.345093,0.815918
-0.317627,0.192017,0.955200
0.430786,-0.354004,0.994873
-0.505371,-0.081055,0.755249
0.296509,-0.055298,1.081421
-0.038452,-0.339233,0.809937
-0.368774,0.198486,0.925171
0.452271,-0.342163,1.009399
-0.497803,-0.134888,0.724976
0.230591,-0.013550,1.071045
0.012329,-0.388794,0.811279
-0.423462,0.190918,0.895386
0.455200,-0.322876,1.006226
-0.471191,-0.168335,0.734009
0.175659,0.014160,1.049438
0.042603,-0.371826,0.825928
-0.468506,0.175049,0.855469
0.469849,-0.297974,1.033691
-0.464844,-0.178223,0.729614
0.098877,0.026611,1.037354
0.117188,-0.422974,0.840210
-0.512939,0.173828,0.851440
0.476318,-0.299194,1.022949
-0.430420,-0.151978,0.744629
0.026123,0.088013,1.019409
0.167358,-0.408691,0.856323
-0.527100,0.110840,0.818970
0.453003,-0.240845,1.042725
-0.357056,-0.225830,0.730591
-0.027222,0.126221,1.011963
0.210083,-0.407349,0.862305
-0.552246,0.101318,0.804932
0.449463,-0.232056,1.037231
-0.300049,-0.257812,0.743774
-0.100098,0.156006,0.985474
0.250854,-0.389160,0.883179
-0.569946,0.065063,0.777222
0.423462,-0.210815,1.028442
-0.242065,-0.316528,0.725342
-0.160278,0.165405,0.970215
0.285767,-0.370117,0.883789
-0.606079,0.052246,0.741455
0.411987,-0.194580,1.046143
-0.189941,-0.354492,0.722534
-0.242432,0.185181,0.948120
0.313599,-0.355835,0.909058
-0.589600,0.004395,0.725708
0.376587,-0.155640,1.035645
-0.166382,-0.346558,0.736206
-0.312256,0.187500,0.918091
0.382812,-0.361084,0.947632
-0.590210,-0.001343,0.718750
0.279907,-0.081665,1.020142
-0.105225,-0.391724,0.747314
-0.370483,0.197876,0.905151
0.403320,-0.327026,0.965454
-0.576050,-0.022217,0.708130
0.177490,0.012207,1.009888
-0.013184,-0.390015,0.789795
-0.456299,0.184570,0.884399
0.421387,-0.288208,0.997070
-0.526733,-0.109253,0.692505
0.079224,0.088257,1.005737
0.069946,-0.396362,0.810059
-0.534302,0.201904,0.856201
0.445068,-0.279053,1.008423
-0.420776,-0.186646,0.729248
-0.015869,0.132080,0.988770
0.152344,-0.367065,0.839233
-0.577637,0.140625,0.799927
0.444946,-0.225952,1.033081
-0.296021,-0.287109,0.722778
-0.099609,0.145996,0.956909
0.241699,-0.385742,0.857910
-0.609253,0.128052,0.756226
0.412476,-0.165527,1.028931
-0.188232,-0.332397,0.745361
-0.209106,0.164185,0.942993
0.312744,-0.381348,0.896118
-0.617920,0.087891,0.733521
0.353271,-0.108765,1.015625
-0.121826,-0.343262,0.723999
-0.301270,0.180054,0.905762
0.368042,-0.356812,0.925049
-0.601074,0.026489,0.706909
0.280640,-0.052246,0.998291
-0.060425,-0.407471,0.729492
-0.402466,0.232544,0.882812
0.400024,-0.309937,0.939819
-0.551147,-0.043701,0.695435
0.166260,0.001099,0.994019
0.015137,-0.406372,0.776245
-0.492065,0.223999,0.853516
0.431763,-0.265137,0.981079
-0.457031,-0.102783,0.738403
0.051514,0.097656,0.997314
0.101562,-0.395996,0.808716
-0.543091,0.185669,0.817871
0.442749,-0.194092,1.016357
-0.342041,-0.158325,0.751465
-0.040405,0.154419,0.980713
0.189209,-0.386475,0.852905
-0.583740,0.098877,0.761353
0.433472,-0.179443,1.023193
-0.242065,-0.254028,0.739746
-0.138306,0.216919,0.971802
0.284058,-0.346924,0.881836
-0.606323,0.130493,0.765869
0.409546,-0.167847,1.025269
-0.134277,-0.356445,0.748901
-0.209595,0.166138,0.923584
0.333496,-0.314087,0.905029
-0.589600,0.113892,0.745728
0.358032,-0.125610,0.998047
-0.067627,-0.369751,0.754028
-0.308228,0.190063,0.875732
0.392334,-0.311035,0.928589
-0.553711,0.031616,0.723267
0.249756,-0.023315,0.993652
-0.024292,-0.390625,0.760742
-0.367676,0.148193,0.853394
0.416138,-0.297852,0.938477
-0.519775,0.012207,0.744385
0.161255,0.068237,1.001953
0.032104,-0.390015,0.781738
-0.441895,0.130371,0.825806
0.453247,-0.271606,0.988403
-0.469727,-0.048706,0.749146
0.076538,0.146118,1.009155
0.106201,-0.397095,0.800293
-0.508423,0.152954,0.799561
0.453735,-0.217651,1.007935
-0.385864,-0.123169,0.760254
0.016724,0.121338,0.996094
0.199341,-0.415039,0.840942
-0.569702,0.163330,0.785645
0.436157,-0.161255,1.012573
-0.254761,-0.226074,0.761597
-0.059814,0.148804,0.981323
0.245361,-0.410522,0.879761
-0.599365,0.109497,0.742676
0.454102,-0.179077,1.028076
-0.156250,-0.229492,0.783081
-0.190186,0.246582,0.957764
0.317139,-0.351562,0.906250
-0.574951,0.040283,0.754517
0.385010,-0.138428,1.028198
-0.084106,-0.379639,0.756226
-0.228149,0.204468,0.929077
0.370728,-0.323486,0.924072
-0.561279,0.034668,0.734741
0.322998,-0.093018,1.007812
-0.012939,-0.430786,0.755371
-0.309326,0.175659,0.872070
0.412231,-0.319702,0.947998
-0.543091,-0.032837,0.724609
0.215332,-0.037231,0.981812
0.059082,-0.466919,0.761597
-0.392334,0.149780,0.830688
0.441162,-0.271729,0.980957
-0.469727,-0.049316,0.766479
0.110840,0.061646,0.995972
0.108032,-0.421997,0.788818
-0.505371,0.113647,0.785400
0.473145,-0.292603,0.994507
-0.374878,-0.154907,0.760376
0.025879,0.160889,1.021729
0.182373,-0.388550,0.830200
-0.553711,0.086426,0.747192
0.469727,-0.277344,1.011475
-0.249268,-0.250000,0.774780
-0.060059,0.200195,0.999878
0.254761,-0.356201,0.871094
-0.546631,0.060669,0.745850
0.426880,-0.211792,1.009888
-0.151245,-0.341431,0.775513
-0.131226,0.161987,0.976562
0.321411,-0.357544,0.910400
-0.579834,0.117798,0.758301
0.391235,-0.191406,1.010986
-0.054321,-0.382568,0.802368
-0.208740,0.157471,0.953979
0.359741,-0.349121,0.929810
-0.557739,0.019775,0.740723
0.339966,-0.123535,1.009155
0.001221,-0.404663,0.782837
-0.290161,0.191040,0.906128
0.396606,-0.366089,0.950684
-0.526245,-0.095947,0.744507
0.294189,-0.103882,0.998047
0.021362,-0.435913,0.774170
-0.321533,0.132568,0.859131
0.443848,-0.290894,0.995728
-0.492432,-0.093994,0.738403
0.201782,-0.044312,0.996460
0.080566,-0.494507,0.773560
-0.362793,0.088379,0.822998
0.463989,-0.288330,0.994019
-0.463013,-0.085083,0.744995
0.136353,0.045532,1.018066
0.122559,-0.488281,0.799072
-0.424194,0.089844,0.818726
0.480103,-0.278809,1.019043
-0.413574,-0.133179,0.754272
0.057251,0.120605,1.013916
0.173218,-0.460327,0.822510
-0.450562,0.046875,0.794800
0.473267,-0.282715,1.026611
-0.371582,-0.183594,0.758667
0.024658,0.110474,1.019775
0.239136,-0.478516,0.853516
-0.487915,0.032471,0.763428
0.472412,-0.260010,1.037842
-0.294678,-0.202881,0.788452
-0.047729,0.165161,1.020264
0.296509,-0.483032,0.880859
-0.506104,0.017578,0.761353
0.447388,-0.221069,1.049805
-0.198730,-0.266357,0.798462
-0.106567,0.203857,1.025024
0.338867,-0.445190,0.916016
-0.524780,-0.008789,0.758179
0.438232,-0.212524,1.058350
-0.128906,-0.295898,0.814819
-0.169312,0.226929,1.002563
0.381836,-0.416626,0.949341
-0.505493,-0.045044,0.773560
0.401733,-0.181885,1.045898
-0.042480,-0.376831,0.813965
-0.205811,0.208740,0.985962
0.414062,-0.380249,0.962646
-0.495605,-0.069092,0.767456
0.356201,-0.151611,1.043335
0.058472,-0.436157,0.844116
-0.258057,0.166382,0.940552
0.444702,-0.332397,0.998657
-0.454956,-0.098511,0.758911
0.300171,-0.084351,1.053467
0.091187,-0.452515,0.830200
-0.300903,0.146729,0.926514
0.479980,-0.287598,1.029907
-0.425171,-0.117188,0.769531
0.224854,-0.018799,1.053833
0.137451,-0.479370,0.851685
-0.377197,0.131348,0.899414
0.517822,-0.289673,1.054199
-0.380249,-0.128174,0.784058
0.134399,0.059326,1.043091
0.218750,-0.505249,0.879883
-0.406006,0.044556,0.841431
0.521240,-0.252319,1.091431
-0.329346,-0.192383,0.787720
0.071289,0.131104,1.063477
0.295410,-0.470581,0.919189
-0.437744,0.024658,0.816040
0.513794,-0.233276,1.090454
-0.245850,-0.229736,0.813721
-0.006958,0.170776,1.059937
0.361450,-0.453369,0.939575
-0.453369,0.025146,0.815918
0.480469,-0.178833,1.101196
-0.157471,-0.258545,0.828125
-0.076660,0.207886,1.061035
0.424316,-0.419922,0.990356
-0.471680,-0.000244,0.823853
0.443237,-0.125732,1.125488
-0.023438,-0.338135,0.860596
-0.165161,0.220093,1.038940
0.472656,-0.380615,1.033447
-0.453735,-0.094727,0.787720
0.391479,-0.081055,1.127319
0.079834,-0.376587,0.879395
-0.224731,0.224609,1.020020
0.506592,-0.322754,1.060791
-0.409180,-0.122070,0.815674
0.310913,-0.059814,1.097900
0.107544,-0.424072,0.894043
-0.287354,0.158569,0.980347
0.549561,-0.255615,1.125610
-0.383179,-0.130371,0.817993
0.213013,0.024536,1.098999
0.237915,-0.463379,0.929565
-0.356567,0.096680,0.898071
0.552490,-0.215088,1.131348
-0.289551,-0.167114,0.830688
0.114868,0.096069,1.083130
0.297485,-0.456665,0.945190
-0.407471,0.038574,0.842163
0.550293,-0.175659,1.152466
-0.216675,-0.200317,0.860107
0.022461,0.177612,1.083740
0.373779,-0.413818,0.993286
-0.444580,0.012451,0.844116
0.528320,-0.161377,1.168335
-0.082886,-0.278687,0.888672
-0.082764,0.241455,1.081055
0.430298,-0.362549,1.018433
-0.448730,-0.017822,0.834717
0.476196,-0.132935,1.173950
0.041504,-0.382690,0.898071
-0.137695,0.195435,1.052612
0.462769,-0.288696,1.067383
-0.437988,-0.043091,0.813721
0.417969,-0.108643,1.136475
0.080811,-0.418091,0.912842
-0.250244,0.212036,1.038452
0.517090,-0.274170,1.102661
-0.385498,-0.089233,0.812256
0.327271,0.022949,1.156372
0.158081,-0.387817,0.933472
-0.311401,0.161133,0.980225
0.544556,-0.271729,1.125977
-0.334106,-0.182617,0.824829
0.242310,0.069336,1.146851
0.240967,-0.408447,0.951660
-0.360840,0.132935,0.916504
0.555298,-0.226318,1.125244
-0.265747,-0.236206,0.839722
0.144287,0.082275,1.116211
0.317993,-0.419434,0.986816
-0.421387,0.104614,0.884644
0.547729,-0.167480,1.157227
-0.210938,-0.261230,0.844482
0.039551,0.168335,1.114014
0.380371,-0.404419,1.009277
-0.438843,0.064453,0.877808
0.540405,-0.171631,1.161987
-0.106445,-0.296265,0.876587
-0.054932,0.191772,1.085205
0.405884,-0.354004,1.015503
-0.432983,-0.006226,0.849365
0.518799,-0.152344,1.169189
-0.024170,-0.337402,0.886841
-0.119019,0.185547,1.049927
0.442383,-0.314453,1.046753
-0.446167,-0.028442,0.822021
0.461792,-0.117188,1.174438
-0.003296,-0.351440,0.888916
-0.177246,0.218750,1.071411
0.479858,-0.309204,1.062256
-0.458862,-0.040649,0.807983
0.416870,-0.091064,1.162231
0.041260,-0.357300,0.902466
-0.260986,0.210327,1.020996
0.531494,-0.288940,1.115234
-0.432983,-0.096924,0.800171
0.314453,-0.015747,1.143188
0.116699,-0.382202,0.909058
-0.312744,0.172119,0.968140
0.537598,-0.265015,1.112427
-0.387085,-0.135498,0.797363
0.247070,0.032227,1.134644
0.173706,-0.414185,0.905640
-0.357910,0.135864,0.934692
0.542480,-0.246094,1.115601
-0.328613,-0.197510,0.799438
0.157837,0.093872,1.102417
0.239380,-0.430664,0.937134
-0.436157,0.098755,0.879272
0.541626,-0.231323,1.124878
-0.285400,-0.203125,0.817017
0.090088,0.156860,1.105225
0.275757,-0.383423,0.947144
-0.468506,0.066040,0.853516
0.544800,-0.245483,1.125610
-0.230225,-0.309814,0.803223
-0.003296,0.185059,1.084351
0.309937,-0.391235,0.939941
-0.459717,0.027100,0.849854
0.521729,-0.211060,1.134399
-0.151245,-0.342773,0.804688
-0.071045,0.138916,1.032104
0.338745,-0.355347,0.952271
-0.476685,0.015015,0.810791
0.496338,-0.161865,1.152222
-0.113159,-0.356323,0.822876
-0.147095,0.109253,1.007446
0.377441,-0.351440,0.980347
-0.500366,0.008545,0.780640
0.447144,-0.112183,1.147339
-0.084717,-0.324829,0.835693
-0.221802,0.170776,1.007080
0.412842,-0.343872,1.004883
-0.493164,-0.052246,0.772217
0.368896,-0.054077,1.125122
-0.053955,-0.327148,0.831177
-0.303711,0.201416,0.986084
0.460571,-0.332031,1.038086
-0.485107,-0.078003,0.764771
0.317627,-0.031982,1.125122
-0.017212,-0.321655,0.833130
-0.358887,0.164429,0.930908
0.472534,-0.315430,1.049316
-0.450317,-0.151489,0.750000
0.240112,-0.002197,1.094727
0.044067,-0.384033,0.830078
-0.422974,0.175537,0.877319
0.472534,-0.299561,1.046875
-0.415405,-0.178589,0.765381
0.152222,0.012207,1.057739
0.134521,-0.421265,0.866821
-0.498047,0.170532,0.847290
0.469971,-0.255127,1.037598
-0.382324,-0.197144,0.760620
0.083252,0.094116,1.070190
0.193970,-0.416992,0.889282
-0.539917,0.137939,0.831665
0.473511,-0.266602,1.041382
-0.310547,-0.273804,0.738037
-0.006348,0.123657,1.039429
0.231445,-0.396973,0.875732
-0.544556,0.104126,0.803101
0.468628,-0.232544,1.059937
-0.242676,-0.346802,0.746460
-0.084961,0.094482,0.989502
0.264526,-0.359009,0.896973
-0.550781,0.060181,0.776367
0.447632,-0.210815,1.056885
-0.210815,-0.347778,0.735596
-0.172363,0.120605,0.971069
0.317261,-0.379395,0.917847
-0.559326,0.014160,0.754883
0.393555,-0.151367,1.065308
-0.177490,-0.342041,0.738770
-0.246460,0.163818,0.961182
0.348267,-0.391724,0.934204
-0.572510,-0.010376,0.744751
0.368530,-0.137695,1.059814
-0.135986,-0.320679,0.767700
-0.329468,0.197876,0.927124
0.381348,-0.374634,0.958130
-0.549683,-0.072754,0.719482
0.305786,-0.082642,1.050171
-0.121704,-0.332642,0.760620
-0.379395,0.203125,0.896240
0.431519,-0.353394,0.976318
-0.544922,-0.068970,0.723267
0.217896,-0.031738,1.042236
-0.040649,-0.415283,0.767212
-0.442139,0.225220,0.876465
0.412109,-0.296631,0.973267
-0.509521,-0.082153,0.739380
0.145508,0.010864,1.024780
0.049927,-0.402588,0.825073
-0.532715,0.185669,0.829956
0.414185,-0.269287,0.986084
-0.428101,-0.169556,0.737793
0.046387,0.102295,1.026001
0.108887,-0.418091,0.821411
-0.555908,0.145874,0.821411
0.426514,-0.245972,1.006470
-0.373779,-0.184570,0.746094
-0.030029,0.160522,1.023438
0.182251,-0.409424,0.845947
-0.588013,0.100342,0.775024
0.446533,-0.238647,1.029053
-0.308838,-0.253174,0.718018
-0.106079,0.182739,0.982056
0.260864,-0.411865,0.864380
-0.595337,0.086182,0.771118
0.418579,-0.190552,1.029785
-0.236084,-0.314209,0.718262
-0.181885,0.164429,0.941528
0.302856,-0.368530,0.905396
-0.601929,0.065674,0.749634
0.380981,-0.168457,1.032471
-0.186768,-0.346436,0.719604
-0.235718,0.175659,0.929077
0.338745,-0.345825,0.925781
-0.626221,0.032959,0.711914
0.340820,-0.162842,1.011597
-0.138550,-0.386108,0.718018
-0.310425,0.208252,0.906250
0.367310,-0.328857,0.921143
-0.587158,0.042603,0.745361
0.280396,-0.108765,0.993896
-0.070801,-0.417358,0.757202
-0.407227,0.184692,0.862183
0.387695,-0.288208,0.948486
-0.534790,-0.034424,0.693115
0.190186,0.025146,1.005737
0.005371,-0.379761,0.783691
-0.482666,0.182373,0.836304
0.411255,-0.272949,0.968384
-0.493286,-0.080200,0.712646
0.091553,0.105835,1.005615
0.093262,-0.399658,0.810547
-0.557251,0.192749,0.821655
0.415405,-0.251831,0.971436
-0.395630,-0.130981,0.727417
0.034790,0.173096,1.032471
0.156494,-0.385132,0.831665
-0.597778,0.171021,0.802124
0.424805,-0.230469,0.992554
-0.300537,-0.217651,0.733521
-0.044434,0.197021,0.989746
0.219849,-0.368408,0.862671
-0.610718,0.117554,0.762939
0.417969,-0.202637,1.015137
-0.246460,-0.325562,0.694092
-0.112061,0.206787,0.973877
0.284058,-0.358276,0.879517
-0.606445,0.126465,0.770752
0.413696,-0.170288,1.019531
-0.185059,-0.335571,0.725220
-0.198975,0.189331,0.921021
0.334839,-0.353882,0.907104
-0.607178,0.095825,0.756714
0.382446,-0.150757,1.010132
-0.131836,-0.361816,0.716797
-0.239868,0.208862,0.912476
0.365234,-0.340576,0.911011
-0.610718,0.091919,0.741699
0.329468,-0.127686,0.999390
-0.067139,-0.413818,0.740234
-0.294312,0.186401,0.890015
0.373657,-0.294678,0.914551
-0.582520,0.063110,0.710693
0.293091,-0.087891,0.989258
-0.015991,-0.399902,0.776123
-0.374023,0.177002,0.855835
0.403687,-0.271484,0.949097
-0.543213,-0.003906,0.716309
0.211426,0.010864,0.994751
0.032471,-0.415161,0.773804
-0.424805,0.177368,0.837891
0.427856,-0.262329,0.959839
-0.508179,-0.035034,0.733398
0.128052,0.067139,1.004761
0.075317,-0.408691,0.803955
-0.481079,0.164795,0.821289
0.453125,-0.246216,0.988770
-0.456543,-0.051758,0.737549
0.062988,0.181885,1.012695
0.126465,-0.382324,0.816040
-0.518921,0.126587,0.799194
0.462280,-0.223755,1.009155
-0.398438,-0.110962,0.746338
0.017822,0.206299,1.011475
0.170776,-0.393555,0.822632
-0.566162,0.120972,0.772705
0.434204,-0.219604,1.010620
-0.315796,-0.197876,0.748413
-0.146973,0.190430,0.953491
0.268921,-0.342529,0.867798
-0.622192,0.122192,0.741577
0.418213,-0.191528,1.018799
-0.149780,-0.356201,0.742188
-0.186890,0.169922,0.924561
0.308716,-0.316162,0.895264
-0.614258,0.121948,0.748901
0.380981,-0.149414,1.018799
-0.102661,-0.397949,0.729004
-0.240112,0.191772,0.912964
0.337769,-0.314819,0.897461
-0.587280,0.092896,0.744873
0.344849,-0.152222,0.992065
-0.059326,-0.412964,0.747314
-0.303711,0.203491,0.882080
0.372803,-0.293579,0.913940
-0.567627,0.036255,0.726685
0.278687,-0.080688,0.987549
-0.021240,-0.421265,0.758179
-0.351562,0.181885,0.859863
0.408691,-0.288574,0.931030
-0.554443,0.035522,0.731567
0.206421,-0.012695,0.980225
0.019165,-0.401001,0.782593
-0.411987,0.170166,0.840576
0.431885,-0.253052,0.965576
-0.510376,0.000488,0.727295
0.124390,0.100464,0.992554
0.054199,-0.364868,0.802734
-0.454834,0.133179,0.830322
0.465088,-0.267212,0.988037
-0.478271,-0.025879,0.750000
0.059082,0.168579,0.998291
0.109131,-0.388184,0.794800
-0.494873,0.130249,0.817871
0.472046,-0.256836,1.003540
-0.416382,-0.090210,0.752319
0.032715,0.185791,1.009644
0.159912,-0.400024,0.826294
-0.551147,0.123291,0.784058
0.465820,-0.246338,1.016602
-0.354614,-0.168213,0.748779
-0.028442,0.211060,0.999390
0.223633,-0.401489,0.848022
-0.563110,0.101685,0.775024
0.458130,-0.222412,1.012695
-0.294800,-0.219971,0.748657
-0.083252,0.210449,0.989990
0.265747,-0.381348,0.865479
-0.587769,0.080322,0.742310
0.457397,-0.233276,1.025391
-0.188477,-0.291992,0.774536
-0.142944,0.222412,0.966553
0.302490,-0.373169,0.881226
-0.573853,0.073853,0.757812
0.417236,-0.176514,1.022583
-0.112793,-0.341309,0.770386
-0.195923,0.220703,0.943237
0.342163,-0.377686,0.901611
-0.580688,0.059082,0.761108
0.386475,-0.157349,1.021240
-0.052368,-0.376221,0.780762
-0.262329,0.235474,0.910278
0.375732,-0.330566,0.919556
-0.547119,0.006348,0.760132
0.324951,-0.114258,1.000977
-0.012085,-0.439331,0.758667
-0.310303,0.190796,0.876221
0.398315,-0.305176,0.939087
-0.530518,-0.027344,0.736816
0.264648,-0.082153,0.998779
0.046997,-0.472168,0.774170
-0.370850,0.165405,0.838745
0.435669,-0.286133,0.955811
-0.501099,-0.030518,0.746460
0.177979,-0.007690,1.000366
0.100098,-0.476929,0.799805
-0.426147,0.130981,0.813354
0.448242,-0.280884,0.964111
-0.461304,-0.077759,0.733032
0.109375,0.089966,1.020996
0.150757,-0.455933,0.817993
-0.480957,0.118042,0.803833
0.451416,-0.260254,0.992676
-0.396606,-0.125854,0.756592
0.025391,0.140015,1.008179
0.212280,-0.453003,0.844849
-0.503296,0.046631,0.757568
0.453003,-0.235474,1.017944
-0.308838,-0.209351,0.752075
-0.068604,0.216919,1.016357
0.266235,-0.454956,0.860962
-0.526367,0.042114,0.758423
0.442871,-0.241089,1.017944
-0.220703,-0.265869,0.778809
-0.111206,0.214233,1.001221
0.300171,-0.405884,0.894531
-0.563721,0.050415,0.748291
0.440430,-0.229980,1.031982
-0.110718,-0.316528,0.814697
-0.191528,0.226685,0.970825
0.341675,-0.403076,0.905640
-0.530396,0.008423,0.764648
0.394897,-0.190552,1.018311
-0.061523,-0.360962,0.814209
-0.212524,0.183472,0.947754
0.375122,-0.373901,0.932617
-0.529297,-0.024780,0.761108
0.348022,-0.173096,1.020386
0.025635,-0.467896,0.803101
-0.260864,0.193970,0.936768
0.406006,-0.319214,0.973999
-0.520264,-0.053467,0.738525
0.299438,-0.117920,1.024414
0.063232,-0.466431,0.807983
-0.299072,0.134033,0.902954
0.442383,-0.306274,0.984741
-0.490723,-0.027710,0.751343
0.235840,-0.047241,1.013184
0.094971,-0.453857,0.827148
-0.351562,0.098022,0.877319
0.478027,-0.328735,0.998657
-0.447266,-0.099854,0.753418
0.156982,0.047974,1.026855
0.125244,-0.414307,0.841431
-0.383545,0.054199,0.845093
0.491333,-0.316772,1.032959
-0.405518,-0.171631,0.746826
0.096191,0.118652,1.036133
0.179810,-0.394531,0.862427
-0.417358,0.019775,0.810425
0.522827,-0.315430,1.060791
-0.380127,-0.195190,0.763672
0.058105,0.122681,1.034912
0.244873,-0.460083,0.869995
-0.453491,0.052856,0.796997
0.520508,-0.286133,1.066040
-0.300171,-0.233032,0.797485
-0.002686,0.123901,1.014404
0.276978,-0.459595,0.884155
-0.475586,-0.002808,0.763794
0.502563,-0.235352,1.089233
-0.231445,-0.216064,0.823364
-0.059204,0.177124,1.023560
0.343140,-0.479248,0.925903
-0.488403,0.000854,0.788452
0.453735,-0.183472,1.088257
-0.147949,-0.263672,0.843506
-0.094971,0.213989,1.047363
0.390991,-0.441772,0.956177
-0.490234,-0.009155,0.787354
0.426514,-0.127197,1.090942
-0.064819,-0.301758,0.846313
-0.149414,0.199341,1.024048
0.439209,-0.399414,0.998779
-0.474487,-0.065430,0.780518
0.391602,-0.095459,1.096436
0.040894,-0.382202,0.848755
-0.222900,0.194580,0.992920
0.475220,-0.324951,1.039917
-0.434082,-0.099365,0.795410
0.324341,-0.055664,1.080566
0.084229,-0.376831,0.860352
-0.279785,0.131348,0.936523
0.507080,-0.286133,1.088867
-0.402710,-0.186890,0.760864
0.240845,0.016846,1.090332
0.171875,-0.409424,0.890869
-0.359985,0.151123,0.923584
0.574341,-0.312622,1.092163
-0.349365,-0.176392,0.801514
0.109253,0.090210,1.053345
0.282471,-0.463745,0.926636
-0.394287,0.052856,0.861816
0.525391,-0.199951,1.114136
-0.241089,-0.211182,0.839111
0.029053,0.166382,1.071533
0.362183,-0.448120,0.958862
-0.451904,0.031860,0.839111
0.517944,-0.178711,1.145386
-0.128906,-0.292358,0.862305
-0.075806,0.233154,1.084595
0.414551,-0.393921,1.002563
-0.468994,0.010254,0.834106
0.476562,-0.147949,1.136230
0.021118,-0.347656,0.911133
-0.136108,0.209473,1.071533
0.451782,-0.323975,1.043945
-0.468384,-0.005737,0.811890
0.416138,-0.097656,1.125610
0.067383,-0.411865,0.899902
-0.197876,0.201050,1.062988
0.503540,-0.297241,1.091431
-0.436157,-0.054443,0.796753
0.357544,-0.040649,1.123413
0.115112,-0.387939,0.941772
-0.278564,0.175903,1.012695
0.557861,-0.265259,1.139038
-0.389526,-0.100952,0.822021
0.261475,0.030518,1.120728
0.190796,-0.443359,0.930542
-0.301880,0.113281,0.963013
0.557617,-0.245239,1.148193
-0.360718,-0.160645,0.810425
0.195312,0.088623,1.108276
0.258911,-0.421509,0.960449
-0.352417,0.082520,0.913696
0.573120,-0.233398,1.144775
-0.289307,-0.196411,0.842041
0.118530,0.140625,1.112305
0.314331,-0.422363,0.968018
-0.388306,0.058594,0.876465
0.556763,-0.192383,1.149414
-0.228394,-0.227783,0.863525
0.058105,0.161133,1.105713
0.370361,-0.397461,1.001099
-0.433960,0.083008,0.872925
0.544312,-0.176636,1.153442
-0.133057,-0.275146,0.878174
-0.020508,0.201904,1.104004
0.407593,-0.366821,1.030396
-0.438843,0.020630,0.846313
0.515137,-0.114136,1.172729
-0.007324,-0.338867,0.894043
-0.099609,0.214111,1.094482
0.448364,-0.360596,1.045044
-0.479980,-0.036255,0.823486
0.484619,-0.126221,1.170776
0.006348,-0.341553,0.876587
-0.161133,0.233154,1.078247
0.483643,-0.292847,1.085083
-0.469604,-0.067871,0.800781
0.412476,-0.083984,1.167236
0.078857,-0.369629,0.911011
-0.236206,0.215820,1.050415
0.530396,-0.267944,1.124390
-0.453491,-0.062378,0.794556
0.326416,-0.040527,1.136108
0.165771,-0.408203,0.926025
-0.292114,0.147949,0.962769
0.550781,-0.243042,1.135132
-0.379761,-0.144287,0.802246
0.219604,0.052856,1.121704
0.222168,-0.437012,0.935791
-0.364014,0.094727,0.934570
0.565430,-0.244873,1.154907
-0.313354,-0.204590,0.819214
0.121582,0.132812,1.112915
0.278198,-0.397583,0.953125
-0.423706,0.061401,0.883911
0.562256,-0.221558,1.160767
-0.229126,-0.248779,0.842041
0.032471,0.162231,1.090698
0.331909,-0.394409,0.968506
-0.442139,0.014526,0.849854
0.527344,-0.177490,1.153076
-0.121216,-0.309937,0.854614
-0.036255,0.154907,1.070312
0.364014,-0.349854,0.973755
-0.473389,0.015747,0.832764
0.503296,-0.199707,1.152954
-0.077515,-0.357910,0.847290
-0.111206,0.172607,1.048096
0.396240,-0.298462,1.009155
-0.487061,-0.017212,0.806885
0.452515,-0.152954,1.152222
-0.048706,-0.356445,0.863770
-0.213623,0.190674,1.022827
0.446655,-0.299194,1.050537
-0.485107,-0.056519,0.780151
0.374390,-0.091064,1.129272
0.017456,-0.348999,0.882202
-0.299438,0.186768,0.980103
0.491821,-0.286133,1.076660
-0.445068,-0.095459,0.761597
0.278564,-0.000122,1.117920
0.088989,-0.393433,0.882446
-0.351074,0.147583,0.938110
0.510986,-0.269409,1.092651
-0.409912,-0.148438,0.766968
0.180420,0.074585,1.104736
0.150391,-0.401123,0.882690
-0.409424,0.105469,0.896851
0.512939,-0.253418,1.094116
-0.371338,-0.203247,0.779419
0.086304,0.112793,1.071045
0.214600,-0.386475,0.902466
-0.464600,0.077637,0.852661
0.507202,-0.257446,1.090088
-0.282227,-0.275879,0.786377
0.000122,0.135620,1.053833
0.264038,-0.375366,0.918701
-0.491943,0.068359,0.824219
0.484375,-0.224121,1.083008
-0.216919,-0.317261,0.784058
-0.056763,0.112061,1.022217
0.310303,-0.383057,0.933594
-0.510132,0.017578,0.793823
0.464844,-0.172119,1.099854
-0.179443,-0.319702,0.761597
-0.162109,0.174805,0.997803
0.369873,-0.373169,0.962769
-0.524902,-0.040405,0.772583
0.407349,-0.164062,1.086548
-0.128174,-0.335083,0.775146
-0.263916,0.192993,0.968994
0.382324,-0.308716,0.981934
-0.536255,-0.057251,0.756104
0.377075,-0.145142,1.091797
-0.102783,-0.348511,0.788818
-0.336182,0.187988,0.923828
0.418945,-0.316284,0.991333
-0.521118,-0.069458,0.737061
0.287842,-0.085205,1.074097
-0.018188,-0.382446,0.807983
-0.399658,0.186401,0.898560
0.431274,-0.290771,1.008911
-0.488525,-0.129761,0.732422
0.177856,-0.028931,1.043091
0.057007,-0.409302,0.830811
-0.459595,0.166016,0.870972
0.440308,-0.264160,1.017212
-0.445435,-0.154541,0.734131
0.096313,0.054932,1.040283
0.109985,-0.404419,0.848755
-0.511719,0.131714,0.836426
0.450195,-0.258179,1.022705
-0.391968,-0.200195,0.746948
0.020142,0.084839,1.019531
0.179199,-0.411499,0.860352
-0.550903,0.098267,0.796021
0.447388,-0.207397,1.037720
-0.314087,-0.239380,0.750488
-0.058350,0.142456,1.013184
0.242676,-0.401123,0.895996
-0.579712,0.057373,0.770264
0.431274,-0.225830,1.035278
-0.260010,-0.312866,0.717529
-0.148071,0.150024,0.968140
0.304932,-0.390259,0.900391
-0.579590,0.057617,0.777832
0.388672,-0.163940,1.039307
-0.202148,-0.380371,0.710571
-0.225952,0.155640,0.950684
0.337402,-0.385376,0.909424
-0.598511,0.037231,0.743164
0.349365,-0.135010,1.027588
-0.137451,-0.341675,0.744263
-0.315063,0.178589,0.918823
0.363281,-0.365479,0.935181
-0.591431,-0.027710,0.723145
0.300903,-0.108032,1.031860
-0.114990,-0.364136,0.762695
-0.378418,0.186523,0.895752
0.382568,-0.324707,0.955078
-0.546997,-0.071289,0.709717
0.203247,-0.021851,1.028809
-0.043335,-0.401367,0.776978
-0.446777,0.209595,0.872314
0.422729,-0.290283,0.980225
-0.532715,-0.058105,0.713013
0.111816,0.052856,1.009766
0.050781,-0.406372,0.815186
-0.516357,0.178345,0.853638
0.421753,-0.262939,0.993896
-0.463745,-0.116333,0.729736
0.044678,0.116211,1.023682
0.124878,-0.400513,0.824463
-0.584473,0.147949,0.810913
0.444580,-0.260010,1.001221
-0.320312,-0.236694,0.725952
-0.051147,0.174316,0.989502
0.185059,-0.341675,0.847656
-0.599854,0.105835,0.763916
0.438232,-0.250488,1.010864
-0.249756,-0.319824,0.723633
-0.121338,0.143433,0.951782
0.255371,-0.355835,0.864014
-0.608521,0.115723,0.742065
0.397217,-0.192505,1.000854
-0.176758,-0.348755,0.741943
-0.214478,0.153198,0.916504
0.324829,-0.364258,0.898193
-0.615967,0.093750,0.732910
0.332764,-0.108887,1.013672
-0.127319,-0.378296,0.716431
-0.307739,0.187988,0.892700
0.375977,-0.359619,0.923218
-0.588257,0.027344,0.726318
0.268188,-0.058594,1.011841
-0.076782,-0.402588,0.725830
-0.370361,0.204590,0.874878
0.400513,-0.302002,0.942139
-0.565674,-0.015869,0.714600
0.192505,-0.025879,0.985352
-0.017334,-0.404785,0.760498
-0.454102,0.212036,0.863159
0.428345,-0.257446,0.974487
-0.480469,-0.077393,0.732422
0.099609,0.070312,1.007324
0.067139,-0.397461,0.802246
-0.532959,0.184937,0.809937
0.430176,-0.217529,0.986450
-0.365967,-0.152466,0.749512
-0.002930,0.164917,1.010254
0.177979,-0.401123,0.845703
-0.585693,0.123413,0.775879
0.425781,-0.164062,1.011353
-0.274902,-0.202148,0.744141
-0.088867,0.208008,0.994385
0.260132,-0.372070,0.873291
-0.601685,0.097534,0.767090
0.414307,-0.177490,1.026978
-0.184448,-0.313843,0.720703
-0.185425,0.222656,0.930542
0.331055,-0.339722,0.888428
-0.601318,0.078369,0.742432
0.385010,-0.139648,1.026245
-0.098145,-0.406494,0.726074
-0.265381,0.182617,0.887329
0.355835,-0.296021,0.907593
-0.576660,0.052246,0.742188
0.322510,-0.085327,1.017822
-0.050903,-0.407349,0.743042
-0.353638,0.176392,0.851685
0.395508,-0.289429,0.937744
-0.550781,0.012817,0.721436
0.228027,-0.001465,0.997070
0.017212,-0.411865,0.776001
-0.408325,0.177612,0.841064
0.421143,-0.272095,0.950073
-0.519775,-0.002930,0.738403
0.136841,0.045898,0.988159
0.068604,-0.423340,0.793945
-0.473633,0.184204,0.825806
0.433716,-0.229614,0.977783
-0.452515,-0.080200,0.734375
0.081665,0.134399,1.018188
0.125610,-0.406616,0.821167
-0.521484,0.129028,0.803101
0.450439,-0.204102,1.009277
-0.376221,-0.117065,0.746216
-0.005249,0.204346,1.012573
0.198975,-0.409058,0.836670
-0.569458,0.106323,0.765015
0.463379,-0.216675,1.025391
-0.273315,-0.209717,0.759888
-0.076538,0.207764,0.995361
0.233765,-0.356079,0.863770
-0.585571,0.077026,0.753662
0.454834,-0.210205,1.020996
-0.162354,-0.298828,0.775879
-0.145020,0.223999,0.960815
0.287720,-0.333740,0.883423
-0.593750,0.090454,0.741211
0.426147,-0.189575,1.025757
-0.088379,-0.333862,0.801270
-0.212036,0.190918,0.916382
0.333130,-0.326172,0.915405
-0.576538,0.056641,0.737549
0.357910,-0.107178,1.011841
-0.021606,-0.402222,0.777832
-0.259033,0.189087,0.898438
0.361938,-0.306274,0.933350
-0.566528,0.011230,0.727051
0.302734,-0.101440,0.986694
0.000366,-0.426025,0.762939
-0.320190,0.164062,0.865356
0.422119,-0.319946,0.946289
-0.537964,-0.023315,0.729370
0.211304,-0.030762,0.978516
0.039673,-0.420044,0.771240
-0.371826,0.111572,0.835327
0.443970,-0.286621,0.977905
-0.490234,-0.063354,0.746948
0.127563,0.063721,0.993652
0.091064,-0.448486,0.795532
-0.432861,0.083252,0.787231
0.457153,-0.265869,0.996826
-0.434937,-0.117676,0.749146
0.060425,0.102295,1.008667
0.157593,-0.454346,0.820190
-0.529419,0.067749,0.765503
0.480103,-0.263916,1.028198
-0.331787,-0.208130,0.755005
-0.034424,0.212280,1.018188
0.236206,-0.392090,0.858398
-0.553101,0.081299,0.748169
0.451904,-0.278320,1.007446
-0.206543,-0.277466,0.792358
-0.117188,0.198730,0.984009
0.303467,-0.347900,0.902588
-0.573486,0.073120,0.742310
0.398071,-0.191650,1.023315
-0.069580,-0.371582,0.812256
-0.198730,0.161621,0.937744
0.363770,-0.348633,0.935547
-0.555908,0.041992,0.759521
0.317627,-0.111694,1.001587
0.012817,-0.409180,0.802856
-0.280518,0.089233,0.859253
0.433228,-0.345703,0.975098
-0.523804,-0.042969,0.749146
0.207275,-0.026489,0.991211
0.058594,-0.457031,0.784302
-0.355103,0.078247,0.840576
0.461060,-0.312866,0.985840
-0.463501,-0.095459,0.744873
0.125732,0.083618,1.022705
0.134644,-0.422607,0.817017
-0.428711,0.077393,0.813110
0.462280,-0.281372,1.007568
-0.389771,-0.172119,0.760620
0.029297,0.150024,1.028809
0.230347,-0.478882,0.851685
-0.510010,0.066284,0.773560
0.470825,-0.247559,1.038208
-0.307739,-0.193970,0.768921
-0.039307,0.174072,1.017700
0.281250,-0.462036,0.888184
-0.525391,-0.013428,0.742554
0.470215,-0.231201,1.052979
-0.207764,-0.271606,0.792969
-0.122192,0.228149,1.012329
0.316406,-0.422729,0.899536
-0.522339,0.011230,0.768188
0.442993,-0.246338,1.040161
-0.144409,-0.296509,0.820801
-0.158203,0.193848,0.994019
0.371826,-0.403320,0.936401
-0.535767,0.040039,0.774170
0.392822,-0.193359,1.035034
-0.043701,-0.401855,0.812012
-0.193359,0.181519,0.973145
0.392456,-0.372192,0.947632
-0.526978,-0.013062,0.757446
0.367065,-0.174072,1.027344
0.030884,-0.445679,0.829346
-0.240967,0.172485,0.958130
0.443848,-0.337158,0.991699
-0.497314,-0.036255,0.749390
0.302612,-0.079224,1.026733
0.083984,-0.416748,0.860474
-0.285522,0.135986,0.947144
0.459473,-0.343140,1.006348
-0.449219,-0.087891,0.775879
0.242310,0.010132,1.046753
0.100952,-0.408936,0.833740
-0.315918,0.109375,0.918091
0.473755,-0.327026,1.038574
-0.432007,-0.179565,0.773682
0.220825,0.000000,1.061035
0.142700,-0.412354,0.858276
-0.379272,0.160034,0.897827
0.503784,-0.288452,1.050171
-0.383179,-0.202271,0.765259
0.152100,0.021973,1.043823
0.212036,-0.465576,0.874146
-0.405029,0.082275,0.843750
0.519775,-0.246338,1.064819
-0.317383,-0.166748,0.797852
0.065918,0.103882,1.039551
0.288696,-0.464478,0.918457
-0.434448,0.028198,0.805786
0.515137,-0.234497,1.082275
-0.273682,-0.217407,0.814331
0.004883,0.143799,1.046143
0.354370,-0.462280,0.948120
-0.451660,0.001953,0.797607
0.488281,-0.184326,1.101440
-0.203003,-0.255981,0.814941
-0.042603,0.192627,1.049194
0.397217,-0.424927,0.975952
-0.480469,0.017700,0.808960
0.482544,-0.151245,1.120728
-0.122437,-0.292603,0.841431
-0.095947,0.193481,1.056519
0.421753,-0.401855,0.999023
-0.450562,-0.033447,0.810425
0.470825,-0.114502,1.133423
-0.038086,-0.303101,0.873657
-0.163940,0.219604,1.040894
0.470459,-0.406982,1.031006
-0.435669,-0.059692,0.817505
0.419556,-0.088989,1.119751
0.041382,-0.357178,0.887085
-0.185181,0.195190,1.021851
0.482910,-0.335693,1.050659
-0.446167,-0.089233,0.813721
0.390747,-0.097900,1.123169
0.070801,-0.376465,0.880005
-0.241821,0.229370,1.003662
0.506348,-0.259399,1.082397
-0.385376,-0.132812,0.812134
0.315430,-0.044556,1.117798
0.117432,-0.453613,0.885742
-0.289062,0.155640,0.983398
0.559448,-0.264282,1.123047
-0.387817,-0.112671,0.813354
0.239990,0.027954,1.112793
0.210815,-0.490112,0.926270
-0.333984,0.093750,0.932373
0.560059,-0.239014,1.144531
-0.338013,-0.164429,0.821289
0.167725,0.108887,1.105225
0.278198,-0.478516,0.942993
-0.365479,0.086426,0.910278
0.555542,-0.208740,1.150879
-0.287598,-0.208008,0.828491
0.109009,0.163574,1.109741
0.319214,-0.448242,0.965820
-0.397583,0.062500,0.880615
0.571045,-0.202026,1.159668
-0.233521,-0.208984,0.850586
0.032227,0.201904,1.097534
0.361572,-0.414307,0.993286
-0.429077,0.028320,0.860229
0.566040,-0.203857,1.179077
-0.169556,-0.266724,0.859009
-0.023315,0.242676,1.099854
0.402100,-0.379272,1.006958
-0.443726,0.007080,0.846558
0.537964,-0.190552,1.168701
-0.059448,-0.329224,0.896729
-0.074341,0.205322,1.072388
0.425537,-0.358765,1.011475
-0.453735,0.008667,0.840820
0.517090,-0.164673,1.167236
0.012207,-0.361084,0.905151
-0.117676,0.205811,1.072266
0.440552,-0.317993,1.035522
-0.457642,-0.023193,0.822876
0.484741,-0.131348,1.176758
0.021851,-0.372070,0.894409
-0.168579,0.208252,1.047363
0.481201,-0.293701,1.072632
-0.447144,-0.050781,0.810669
0.418945,-0.088379,1.170532
0.047241,-0.381592,0.910889
-0.221191,0.206787,1.047852
0.517212,-0.289429,1.093506
-0.440063,-0.049194,0.809692
0.376587,-0.035889,1.161743
0.090210,-0.391602,0.919434
-0.280762,0.184204,1.013672
0.535522,-0.269165,1.132935
-0.391602,-0.120728,0.812744
0.306152,0.049927,1.174561
0.145752,-0.399536,0.929688
-0.329956,0.153931,0.971313
0.559937,-0.293457,1.124390
-0.369995,-0.168213,0.807129
0.236084,0.076050,1.151123
0.183228,-0.385498,0.940308
-0.343384,0.106445,0.927368
0.565308,-0.271851,1.131226
-0.346924,-0.186768,0.810791
0.181519,0.083618,1.133179
0.240356,-0.416870,0.933472
-0.389282,0.102539,0.901367
0.557739,-0.222290,1.139771
-0.301758,-0.226196,0.817139
0.129639,0.120605,1.125732
0.275513,-0.409058,0.946045
-0.436157,0.104248,0.865967
0.541992,-0.217529,1.119751
-0.244141,-0.264038,0.835083
0.060303,0.144775,1.109253
0.296387,-0.385742,0.959839
-0.446045,-0.013306,0.841553
0.499023,-0.122681,1.175659
-0.184692,-0.288696,0.834351
-0.094849,0.215942,1.091553
0.331421,-0.383301,0.956177
-0.453491,-0.023560,0.832886
0.480835,-0.102539,1.175659
-0.000488,-0.360107,0.885010
-0.151489,0.207520,1.065063
0.479614,-0.309326,1.084961
-0.449341,-0.054810,0.812012
0.442627,-0.073608,1.171875
0.018799,-0.354858,0.892334
-0.205811,0.195679,1.036865
0.513184,-0.290527,1.108521
-0.439209,-0.068726,0.809692
0.376587,-0.029175,1.157227
0.066895,-0.386963,0.911987
-0.245850,0.162231,1.010376
0.517578,-0.265503,1.116821
-0.425293,-0.067505,0.805542
0.335571,-0.015869,1.157959
0.133179,-0.401001,0.937622
-0.312134,0.157715,0.968872
0.532593,-0.255737,1.111694
-0.371094,-0.141357,0.816040
0.261597,0.040771,1.144409
0.180054,-0.439697,0.912476
-0.353394,0.147461,0.952515
0.559204,-0.256714,1.130005
-0.346558,-0.169189,0.802612
0.186401,0.110229,1.133789
0.226074,-0.405151,0.942139
-0.357544,0.082031,0.935059
0.546143,-0.246948,1.127441
-0.342651,-0.174683,0.814209
0.117676,0.122925,1.104980
0.280518,-0.427246,0.957886
-0.408569,0.084595,0.912476
0.537720,-0.209106,1.135498
-0.290405,-0.225342,0.800293
0.060791,0.165771,1.094360
0.303955,-0.409058,0.946899
-0.443481,0.059692,0.868164
0.548828,-0.221313,1.132935
-0.228516,-0.272583,0.818115
0.004761,0.165405,1.074951
0.326416,-0.379761,0.951904
-0.460205,0.039185,0.848633
0.518799,-0.193481,1.134644
-0.125244,-0.330566,0.843506
-0.065796,0.174683,1.058228
0.342285,-0.350342,0.963013
-0.482910,-0.008301,0.810913
0.496582,-0.189941,1.138916
-0.103149,-0.335693,0.825195
-0.112305,0.159058,1.038696
0.358765,-0.338623,0.974243
-0.497803,-0.008789,0.792236
0.460205,-0.172974,1.124390
-0.085938,-0.347046,0.818848
-0.189941,0.184692,1.021606
0.400146,-0.324463,0.995483
-0.504028,-0.043579,0.772339
0.411255,-0.122925,1.121460
-0.057983,-0.332275,0.826782
-0.272705,0.206665,1.002197
0.448486,-0.315674,1.032959
-0.502075,-0.064087,0.765015
0.328613,-0.087524,1.108398
0.002686,-0.364990,0.844849
-0.335815,0.171509,0.944702
0.470825,-0.283936,1.047485
-0.467651,-0.088867,0.761597
0.245972,-0.025513,1.091919
0.070312,-0.399414,0.853882
-0.401855,0.141602,0.892212
0.482544,-0.240112,1.071411
-0.416138,-0.141113,0.766846
0.128296,0.068848,1.067139
0.161499,-0.428589,0.876099
-0.477295,0.118286,0.865723
0.484619,-0.251587,1.059204
-0.342651,-0.218750,0.759155
0.025146,0.124390,1.055786
0.230103,-0.395752,0.893188
-0.522461,0.070679,0.819702
0.466064,-0.241089,1.060425
-0.228760,-0.310303,0.759155
-0.058472,0.141724,1.019409
0.281494,-0.374512,0.905640
-0.543335,0.023682,0.775757
0.443726,-0.227417,1.052612
-0.185547,-0.351196,0.739868
-0.160889,0.152466,0.988159
0.326782,-0.353271,0.933838
-0.547241,-0.015015,0.766479
0.393311,-0.183105,1.051636
-0.172852,-0.346436,0.753784
-0.246948,0.145020,0.953125
0.368286,-0.348999,0.966431
-0.559570,-0.017700,0.739868
0.344971,-0.122070,1.062988
-0.127686,-0.327148,0.774658
-0.334717,0.172607,0.927002
0.415894,-0.351929,0.991211
-0.537231,-0.071777,0.722778
0.262817,-0.043701,1.057007
-0.075439,-0.370850,0.774048
-0.403564,0.186279,0.898438
0.430664,-0.330688,0.992432
-0.496826,-0.123535,0.733521
0.182861,-0.010132,1.038696
-0.002197,-0.370728,0.804688
-0.470947,0.192749,0.862305
0.425781,-0.294922,0.997559
-0.462769,-0.183105,0.742065
0.113647,0.022461,1.023438
0.069214,-0.392700,0.829590
-0.531982,0.164429,0.828125
0.434326,-0.257568,1.007202
-0.393188,-0.193726,0.741333
0.028809,0.098633,1.028687
0.165649,-0.428711,0.845093
-0.572876,0.129761,0.802856
0.424072,-0.211426,1.013062
-0.306641,-0.235474,0.730957
-0.073730,0.134277,0.997681
0.243408,-0.427490,0.869995
-0.590088,0.073242,0.778687
0.407837,-0.180420,1.031738
-0.223999,-0.322510,0.715454
-0.181885,0.166016,0.956055
0.311523,-0.385864,0.897461
-0.616577,0.049927,0.747070
0.370117,-0.188599,1.004883
-0.184814,-0.365356,0.709595
-0.241577,0.172119,0.928833
0.339966,-0.319702,0.934326
-0.630981,0.021118,0.719360
0.317627,-0.149048,1.013306
-0.111084,-0.400879,0.749512
-0.337036,0.171631,0.893677
0.366821,-0.314575,0.938721
-0.573364,0.019409,0.727417
0.230957,-0.074951,1.001099
-0.059082,-0.388550,0.779053
-0.421143,0.176392,0.859985
0.398315,-0.291138,0.968262
-0.542480,-0.041992,0.704834
0.145996,0.033447,1.010620
0.015137,-0.411743,0.785889
-0.485718,0.202148,0.863525
0.411987,-0.274780,0.974731
-0.506714,-0.078003,0.718262
0.091187,0.087891,1.005127
0.080811,-0.384155,0.823364
-0.536743,0.174438,0.828369
0.427124,-0.263550,0.990723
-0.446777,-0.128662,0.718140
0.025513,0.163940,1.011353
0.127441,-0.408447,0.818237
-0.558228,0.171143,0.828369
0.443237,-0.245117,1.009033
-0.398926,-0.159912,0.720215
-0.032227,0.176147,0.995972
0.178711,-0.398682,0.845581
-0.567017,0.123413,0.807983
0.429688,-0.192749,1.028931
-0.339600,-0.219238,0.707764
-0.074341,0.195190,0.982056
0.236328,-0.401611,0.862427
-0.597046,0.126221,0.779297
0.414795,-0.191650,1.014404
-0.254639,-0.275146,0.732666
-0.138672,0.179443,0.960693
0.283813,-0.365356,0.895630
-0.603149,0.114868,0.762939
0.407349,-0.146240,1.035156
-0.175293,-0.345825,0.728271
-0.221924,0.185059,0.924561
0.324463,-0.348267,0.902588
-0.603882,0.079224,0.736084
0.379883,-0.132568,1.020630
-0.093506,-0.380127,0.752686
-0.297485,0.205444,0.896240
0.355713,-0.316528,0.911865
-0.584595,0.027466,0.715942
0.314331,-0.090942,0.999756
-0.047363,-0.406494,0.742310
-0.359375,0.215088,0.872559
0.394897,-0.297974,0.934448
-0.557617,-0.022217,0.704956
0.212891,-0.021729,0.988403
0.007935,-0.417603,0.762695
-0.431396,0.191162,0.850708
0.416260,-0.242432,0.961792
-0.492432,-0.063599,0.729370
0.106079,0.076782,1.003418
0.074341,-0.416992,0.795654
-0.520874,0.171021,0.822754
0.448608,-0.225220,1.007080
-0.396729,-0.111450,0.751831
0.012695,0.189331,1.014282
0.166870,-0.388916,0.833374
-0.573730,0.135742,0.787231
0.438110,-0.208496,1.007690
-0.272461,-0.219116,0.744751
-0.071533,0.193115,0.983154
0.252808,-0.361328,0.871948
-0.592651,0.102539,0.758057
0.435181,-0.177368,1.032471
-0.164062,-0.314697,0.748657
-0.158203,0.193726,0.936768
0.310059,-0.333984,0.894409
-0.586792,0.059937,0.738403
0.390259,-0.167114,1.011475
-0.096680,-0.391479,0.753540
-0.247803,0.180908,0.895874
0.376709,-0.329590,0.916382
-0.558105,0.072510,0.760254
0.296143,-0.049805,0.999023
-0.030762,-0.394531,0.771606
-0.318970,0.145752,0.866211
0.417114,-0.326538,0.935669
-0.534180,0.023193,0.743896
0.213379,0.036987,1.005249
0.010010,-0.392456,0.755859
-0.406616,0.135132,0.817383
0.445557,-0.276611,0.987549
-0.478394,-0.075562,0.731812
0.138916,0.101074,1.020752
0.085449,-0.410278,0.795288
-0.484985,0.167358,0.808472
0.442505,-0.269409,0.974487
-0.419678,-0.139282,0.757568
0.078003,0.087646,1.005005
0.151245,-0.407104,0.829346
-0.556519,0.173462,0.777954
0.461060,-0.236450,0.996582
-0.323486,-0.190918,0.761841
-0.019653,0.150513,1.004883
0.218384,-0.444824,0.863037
-0.569458,0.114258,0.757568
0.453247,-0.198242,1.013184
-0.226196,-0.209106,0.775879
-0.105103,0.207886,0.988281
0.292236,-0.423340,0.883667
-0.571899,0.084351,0.760620
0.425171,-0.178589,1.020996
-0.125366,-0.300903,0.784668
-0.184937,0.231934,0.964478
0.331543,-0.377686,0.904785
-0.553101,0.023315,0.745361
0.389160,-0.130005,1.033691
-0.062744,-0.355835,0.777710
-0.235962,0.223389,0.930542
0.372681,-0.356323,0.932251
-0.569458,-0.005371,0.732788
0.338501,-0.168091,0.986572
0.003784,-0.429443,0.771240
-0.276489,0.177490,0.883301
0.404907,-0.323608,0.941528
-0.547729,-0.018921,0.726196
0.256348,-0.111572,0.968872
0.053467,-0.459229,0.770874
-0.305786,0.113159,0.855957
0.417847,-0.291992,0.953003
-0.518066,-0.040161,0.738159
0.208374,-0.039673,0.987915
0.063354,-0.464600,0.780151
-0.359131,0.096191,0.836548
0.464355,-0.285767,1.000122
-0.498779,-0.077881,0.727417
0.128784,0.017822,0.992676
0.120850,-0.524170,0.766968
-0.410767,0.091309,0.816650
0.468262,-0.280029,0.995972
-0.436646,-0.094727,0.748657
0.062256,0.093140,1.000977
0.182983,-0.483643,0.811768
-0.479858,0.053101,0.784790
0.492554,-0.276855,1.036499
-0.353027,-0.179321,0.763184
-0.013428,0.159912,1.009399
0.233032,-0.465332,0.850342
-0.512451,0.015869,0.753052
0.482910,-0.290527,1.036987
-0.275024,-0.239990,0.794312
-0.078735,0.191528,1.005371
0.282227,-0.411499,0.883057
-0.538208,0.044922,0.753540
0.454712,-0.260010,1.037598
-0.146973,-0.296021,0.836304
-0.124268,0.191284,1.006348
0.307373,-0.383545,0.909302
-0.540161,0.043701,0.762085
0.412842,-0.210938,1.037354
-0.065063,-0.380859,0.827515
-0.156372,0.177368,0.985352
0.355469,-0.348389,0.953735
-0.536987,0.015015,0.760498
0.385254,-0.187012,1.035400
0.007324,-0.466309,0.812988
-0.202637,0.168213,0.981201
0.398315,-0.343750,0.968018
-0.532715,-0.017578,0.736694
0.340332,-0.139160,1.019897
0.082397,-0.456299,0.843262
-0.273560,0.154419,0.927002
0.437622,-0.331177,0.992432
-0.488037,-0.062622,0.755737
0.279419,-0.067627,1.037964
0.086182,-0.479004,0.805908
-0.314941,0.143921,0.921265
0.484497,-0.316406,1.028809
-0.438721,-0.099976,0.778809
0.218994,-0.018066,1.044678
0.115967,-0.474365,0.830933
-0.373169,0.114624,0.881226
0.504028,-0.294312,1.046265
-0.396240,-0.143677,0.768799
0.143066,0.076050,1.059570
0.219727,-0.470703,0.886108
-0.414917,0.087524,0.864014
0.506958,-0.294312,1.055176
-0.339722,-0.228882,0.777100
0.082031,0.124512,1.071289
0.270264,-0.468384,0.904053
-0.449829,0.055298,0.807129
0.517578,-0.233643,1.098877
-0.242188,-0.231689,0.827515
-0.009277,0.175781,1.045898
0.325928,-0.453979,0.918701
-0.473267,0.037842,0.807129
0.498169,-0.205200,1.097290
-0.140503,-0.273315,0.865601
-0.071289,0.203735,1.054321
0.345581,-0.388672,0.957520
-0.483643,0.003296,0.804932
0.497681,-0.203247,1.118408
-0.065430,-0.335938,0.851562
-0.122437,0.239868,1.057495
0.409790,-0.351196,0.992188
-0.469849,-0.034058,0.806030
0.433960,-0.164551,1.116089
0.011841,-0.400024,0.876831
-0.165405,0.172974,1.012573
0.464600,-0.349365,1.034302
-0.465820,-0.045532,0.802002
0.390137,-0.102417,1.112793
0.069946,-0.395386,0.882080
-0.197632,0.144287,0.997192
0.483032,-0.291870,1.072754
-0.439087,-0.067871,0.802856
0.361206,-0.065552,1.114990
0.101318,-0.421997,0.904419
-0.288330,0.178467,1.012085
0.535889,-0.306152,1.104614
-0.413818,-0.082642,0.802368
0.287842,0.026123,1.117554
0.158081,-0.415161,0.926514
-0.293579,0.137939,0.989746
0.549805,-0.291382,1.114624
-0.388184,-0.136108,0.801514
0.233887,0.082642,1.119873
0.204956,-0.417358,0.940063
-0.322754,0.094360,0.946289
0.567871,-0.261963,1.140503
-0.361206,-0.162964,0.806030
0.203247,0.094116,1.116577
0.274414,-0.448608,0.950317
-0.367920,0.088501,0.898682
0.551147,-0.224976,1.151123
-0.307861,-0.218872,0.792358
0.171997,0.113159,1.129883
0.304077,-0.433838,0.960205
-0.397949,0.103638,0.890991
0.555420,-0.211182,1.145630
-0.260132,-0.224609,0.837524
0.113403,0.137939,1.132202
0.331299,-0.417969,0.986694
-0.433105,0.088379,0.876465
0.568848,-0.183105,1.177612
-0.166870,-0.260986,0.870850
-0.003052,0.225952,1.108887
0.382446,-0.406860,0.989990
-0.423584,0.025269,0.864990
0.541992,-0.177856,1.162109
-0.087891,-0.270386,0.895630
-0.071655,0.240112,1.092529
0.421265,-0.364380,1.019165
-0.438843,-0.011841,0.854370
0.511475,-0.158936,1.166992
0.002441,-0.356201,0.900635
-0.122192,0.211914,1.069458
0.443726,-0.313354,1.042847
-0.426880,-0.060913,0.838501
0.468018,-0.137939,1.169922
0.014404,-0.364380,0.887573
-0.171143,0.197510,1.038086
0.482544,-0.266968,1.089722
-0.426636,-0.078979,0.821167
0.404297,-0.089722,1.161865
0.081909,-0.378906,0.924438
-0.267700,0.207764,1.009644
0.510986,-0.258789,1.103638
-0.390015,-0.114746,0.813721
0.327881,-0.005493,1.163940
0.146973,-0.380005,0.931396
-0.323120,0.174683,0.967773
0.547241,-0.266602,1.112793
-0.352783,-0.183105,0.802002
0.231934,0.052124,1.141968
0.217651,-0.408203,0.945679
-0.387207,0.130981,0.910522
0.567871,-0.257202,1.134766
-0.298218,-0.212158,0.820557
0.135620,0.126343,1.119507
0.276489,-0.394165,0.953857
-0.418335,0.079712,0.872681
0.554199,-0.214355,1.139160
-0.239624,-0.263672,0.843628
0.053589,0.129883,1.100952
0.315552,-0.389160,0.957764
-0.461914,0.042969,0.841187
0.533691,-0.213501,1.131470
-0.149292,-0.318115,0.846191
-0.003662,0.158936,1.095825
0.343872,-0.373535,0.965332
-0.474487,0.030273,0.832275
0.515381,-0.193115,1.124023
-0.098389,-0.329590,0.837280
-0.095215,0.181030,1.071289
0.391602,-0.375122,0.982300
-0.463257,-0.025879,0.823730
0.474365,-0.115723,1.150757
-0.100342,-0.271240,0.825806
-0.178833,0.188477,1.018677
0.433838,-0.355469,1.021362
-0.467651,-0.081909,0.805054
0.425415,-0.090332,1.147461
-0.065063,-0.317017,0.817505
-0.259155,0.223267,1.005981
0.451782,-0.334106,1.026367
-0.467651,-0.098755,0.791260
0.383179,-0.093994,1.131958
-0.025391,-0.352661,0.838501
-0.312866,0.191528,0.956909
0.469360,-0.302246,1.041504
-0.454224,-0.103882,0.765991
0.303833,-0.042358,1.125977
0.026245,-0.376587,0.853638
-0.347900,0.179443,0.938477
0.477905,-0.267578,1.052490
-0.436279,-0.135498,0.779785
0.219971,-0.015015,1.092896
0.091553,-0.390381,0.861206
-0.413940,0.129028,0.878906
0.493896,-0.236938,1.080078
-0.388550,-0.200806,0.754517
0.102661,0.086182,1.078735
0.175293,-0.435913,0.875732
-0.467529,0.084961,0.859009
0.515869,-0.267212,1.080566
-0.340698,-0.197144,0.779785
-0.005737,0.158081,1.046753
0.234009,-0.375000,0.896851
-0.497437,0.016479,0.813721
0.490234,-0.241333,1.092163
-0.239868,-0.312256,0.757812
-0.082275,0.170288,1.013184
0.271729,-0.380859,0.891602
-0.536011,0.024170,0.788940
0.475586,-0.234985,1.079468
-0.178711,-0.343262,0.754028
-0.170776,0.165283,0.966919
0.311279,-0.342163,0.926147
-0.566040,0.001831,0.753784
0.429321,-0.217041,1.072632
-0.142700,-0.399292,0.751831
-0.244629,0.161377,0.950317
0.344116,-0.320557,0.944214
-0.557983,0.001587,0.747681
0.372925,-0.183350,1.059326
-0.117554,-0.400757,0.770142
-0.315552,0.166748,0.916138
0.381714,-0.324951,0.960327
-0.557617,-0.018188,0.739136
0.292603,-0.092285,1.062256
-0.064209,-0.378418,0.790527
-0.380005,0.187744,0.906250
0.406616,-0.332764,0.969849
-0.541138,-0.078369,0.725708
0.201172,-0.041016,1.037964
-0.007690,-0.385864,0.805908
-0.436890,0.164307,0.873901
0.430176,-0.263550,1.024780
-0.515869,-0.125732,0.704346
0.105103,0.050781,1.031128
0.091675,-0.421265,0.821899
-0.513306,0.142334,0.843750
0.436523,-0.255737,1.027954
-0.415894,-0.175049,0.736938
0.003540,0.120605,0.997925
0.156372,-0.402344,0.846558
-0.554688,0.119995,0.806152
0.433716,-0.235352,1.022827
-0.318848,-0.261597,0.724243
-0.057861,0.158447,1.003174
0.217896,-0.385986,0.863647
-0.595581,0.090210,0.776978
0.430420,-0.223755,1.021851
-0.237915,-0.331543,0.699341
-0.134644,0.187012,0.971436
0.269653,-0.360474,0.883057
-0.611450,0.079346,0.760864
0.403809,-0.219116,1.015747
-0.182251,-0.366699,0.717773
-0.219727,0.161377,0.934814
0.317749,-0.368042,0.898071
-0.611572,0.049316,0.729248
0.361206,-0.145264,1.023315
-0.155029,-0.355469,0.738525
-0.283936,0.162598,0.919312
0.358398,-0.360596,0.928955
-0.611328,0.028564,0.706909
0.289551,-0.096680,1.006958
-0.098389,-0.384766,0.749634
-0.367188,0.182617,0.884521
0.396240,-0.328735,0.956177
-0.573853,0.004272,0.706177
0.205566,-0.010254,1.003662
-0.030273,-0.403076,0.776978
-0.431641,0.182861,0.863892
0.412598,-0.312744,0.959229
-0.527710,-0.031494,0.717285
0.120850,0.075195,0.991821
0.023193,-0.370117,0.790283
-0.497314,0.169922,0.849365
0.436646,-0.300293,0.977173
-0.494385,-0.079956,0.719971
0.062744,0.156494,1.012695
0.105225,-0.365112,0.811157
-0.556519,0.210083,0.828491
0.434082,-0.294189,0.976562
-0.416992,-0.176025,0.725586
0.037598,0.109009,1.005981
0.138672,-0.379517,0.834961
-0.593262,0.213745,0.801392
0.432007,-0.243164,0.986206
-0.319946,-0.245239,0.739014
-0.031494,0.110840,0.989136
0.190918,-0.405151,0.848511
-0.598877,0.177612,0.782837
0.429443,-0.173096,1.012451
-0.251221,-0.252075,0.738647
-0.092285,0.184814,0.985107
0.245728,-0.395508,0.859253
-0.600098,0.146484,0.774536
0.429077,-0.162720,1.019165
-0.217407,-0.244629,0.757080
-0.163208,0.185547,0.946777
0.306030,-0.407227,0.881470
-0.609253,0.090576,0.742310
0.401611,-0.107056,1.031860
-0.157471,-0.289795,0.736938
-0.216919,0.220825,0.941650
0.353394,-0.387085,0.914917
-0.615967,0.080811,0.737671
0.373657,-0.117554,1.019043
-0.103516,-0.344360,0.738403
-0.281128,0.196777,0.888550
0.384155,-0.350342,0.922485
-0.570679,0.015015,0.716187
0.306030,-0.042847,1.016357
-0.033936,-0.396729,0.738892
-0.352783,0.233643,0.888794
0.394165,-0.305420,0.924072
-0.543457,-0.051392,0.711792
0.238281,-0.046265,0.986816
-0.001099,-0.408813,0.757568
-0.403442,0.204102,0.849731
0.428467,-0.268555,0.963135
-0.503540,-0.060791,0.728638
0.128906,0.054688,0.996216
0.052734,-0.412354,0.776978
-0.464111,0.166382,0.833618
0.452515,-0.250244,0.991089
-0.450195,-0.073730,0.755737
0.046387,0.118286,1.001343
0.139160,-0.425049,0.815186
-0.530640,0.150391,0.793335
0.450317,-0.190430,1.011475
-0.328735,-0.139648,0.765991
-0.026489,0.174072,1.002197
0.211060,-0.414551,0.842651
-0.588501,0.092407,0.746094
0.458374,-0.189209,1.034180
-0.225830,-0.240234,0.757812
-0.101807,0.227295,0.981079
0.282227,-0.346191,0.888062
-0.611450,0.089722,0.739380
0.419922,-0.181030,1.020874
-0.101196,-0.345825,0.773438
-0.174438,0.183472,0.939453
0.331177,-0.325195,0.928955
-0.602783,0.078491,0.736084
0.360596,-0.127563,1.007690
-0.030640,-0.404541,0.769775
-0.248291,0.153320,0.892334
0.382568,-0.307251,0.935425
-0.574341,0.049561,0.718018
0.269653,-0.058228,0.978638
0.012573,-0.429077,0.760620
-0.306030,0.101929,0.859985
0.440674,-0.315186,0.969727
-0.554565,-0.005981,0.712036
0.181641,0.027832,0.976685
0.083862,-0.412598,0.795898
-0.406738,0.127563,0.840820
0.453125,-0.316772,0.977173
-0.472168,-0.070435,0.747681
0.088135,0.124390,1.004272
0.106079,-0.402954,0.786865
-0.480591,0.096313,0.794556
0.482178,-0.301880,1.006470
-0.393188,-0.158691,0.745972
0.021606,0.176514,1.023315
0.173340,-0.390869,0.823608
-0.552979,0.073486,0.735840
0.500122,-0.312622,1.029785
-0.273804,-0.230957,0.791504
-0.062866,0.214966,1.017456
0.233521,-0.366211,0.868774
-0.582642,0.084106,0.733276
0.458130,-0.283203,1.015137
-0.168945,-0.332886,0.806641
-0.137451,0.194092,0.979004
0.297241,-0.373291,0.886353
-0.549438,0.073853,0.754883
0.402100,-0.167236,1.029419
-0.092896,-0.353027,0.800537
-0.189331,0.122192,0.941284
0.368164,-0.402344,0.930908
-0.562378,0.042725,0.741943
0.340942,-0.096924,1.015015
-0.022461,-0.390869,0.784424
-0.212280,0.091309,0.911133
0.414062,-0.389771,0.957642
-0.556885,0.005493,0.741211
0.272217,-0.065308,0.989502
0.047485,-0.440063,0.793213
-0.297729,0.112427,0.887573
0.444336,-0.368896,0.970581
-0.494141,-0.075562,0.744385
0.216064,0.028687,1.018921
0.084595,-0.438477,0.801636
-0.370483,0.095703,0.851440
0.464722,-0.342773,0.999390
-0.467407,-0.137207,0.739014
0.151001,0.042969,1.024048
0.137451,-0.461426,0.809937
-0.421997,0.118530,0.837158
0.490967,-0.307739,1.017822
-0.397705,-0.160034,0.762573
0.065430,0.073608,1.013428
0.198242,-0.477417,0.835327
-0.465210,0.047119,0.773315
0.486328,-0.248169,1.048340
-0.305542,-0.211060,0.788818
-0.012573,0.111816,1.025146
0.278198,-0.522583,0.864380
-0.562988,0.020874,0.750610
0.390503,-0.161865,1.013062
-0.088257,-0.346558,0.778442
-0.214600,0.204834,0.943115
0.386353,-0.384766,0.936401
-0.528931,-0.027100,0.755493
0.341797,-0.135620,1.017456
-0.004028,-0.441895,0.770142
-0.274536,0.181641,0.901733
0.418701,-0.353638,0.956421
-0.518677,-0.054688,0.749268
0.260254,-0.088257,0.996582
0.049316,-0.489624,0.774292
-0.328735,0.108276,0.849731
0.442139,-0.322266,0.981689
-0.484741,-0.092896,0.753662
0.188843,-0.018066,1.005493
0.093872,-0.474121,0.779663
-0.397217,0.119751,0.830078
0.473267,-0.306274,0.997192
-0.431519,-0.132812,0.763184
0.109619,0.044312,1.005127
0.144775,-0.444336,0.817505
-0.435181,0.083252,0.803467
0.468262,-0.269653,1.023071
-0.370850,-0.181152,0.760498
0.055542,0.075928,1.021240
0.226440,-0.479858,0.846680
-0.506348,0.050659,0.752930
0.480835,-0.247681,1.041016
-0.273926,-0.230957,0.779785
-0.063354,0.150269,1.011230
0.309204,-0.487305,0.890137
-0.527466,0.018799,0.760864
0.450195,-0.215332,1.052124
-0.179077,-0.269409,0.804077
-0.149292,0.202881,0.998779
0.383301,-0.432617,0.941528
-0.510742,0.001465,0.780151
0.393066,-0.155273,1.047607
-0.070190,-0.347168,0.815430
-0.202515,0.165405,0.967773
0.424805,-0.386719,0.972900
-0.487305,-0.065796,0.762573
0.333496,-0.071899,1.056763
0.062622,-0.417847,0.830933
-0.287598,0.178223,0.946411
0.452393,-0.370605,0.995850
-0.445801,-0.171509,0.751831
0.259888,-0.036011,1.055298
0.100830,-0.407227,0.838989
-0.381470,0.181396,0.898682
0.501221,-0.333008,1.040405
-0.371338,-0.215088,0.776123
0.154785,0.014648,1.047852
0.184814,-0.451416,0.868408
-0.419067,0.101318,0.839600
0.522949,-0.280518,1.058472
-0.308960,-0.183105,0.799194
0.053955,0.118530,1.046631
0.288452,-0.479736,0.902222
-0.455078,0.023071,0.798706
0.509521,-0.225342,1.085571
-0.215576,-0.221924,0.833008
-0.025879,0.176636,1.064819
0.348389,-0.424316,0.942993
-0.498535,0.000000,0.788208
0.484497,-0.175659,1.115601
-0.067627,-0.308960,0.855713
-0.118652,0.204468,1.054810
0.408081,-0.390381,0.980103
-0.477417,0.005005,0.797974
0.423950,-0.130493,1.098022
0.053467,-0.377075,0.908691
-0.218872,0.188354,1.013672
0.458374,-0.324341,1.036011
-0.419189,-0.091675,0.796387
0.350708,-0.037720,1.115723
0.088745,-0.387939,0.877319
-0.272705,0.199707,0.997559
0.515137,-0.289917,1.081909
-0.374390,-0.172241,0.801758
0.255249,0.005127,1.101318
0.156250,-0.411011,0.907959
-0.322998,0.104736,0.925171
0.544067,-0.233887,1.122314
-0.340332,-0.173340,0.804077
0.170288,0.087158,1.104614
0.278809,-0.473389,0.927734
-0.383301,0.073486,0.872070
0.538330,-0.203735,1.132446
-0.258301,-0.224365,0.823853
0.064331,0.129395,1.092529
0.358887,-0.444092,0.981934
-0.444824,0.048828,0.846802
0.524658,-0.145508,1.145996
-0.132324,-0.249390,0.866333
-0.065430,0.240723,1.087646
0.432861,-0.422241,1.009521
-0.451904,-0.012817,0.847656
0.486328,-0.135376,1.147827
0.023438,-0.311523,0.908813
-0.145752,0.230591,1.068726
0.467163,-0.315796,1.057007
-0.439209,-0.082275,0.806152
0.432129,-0.107300,1.152222
0.058594,-0.373169,0.902344
-0.212402,0.200806,1.041138
0.516357,-0.270386,1.111084
-0.400513,-0.086670,0.815796
0.321899,-0.010010,1.131714
0.141968,-0.404175,0.929565
-0.287476,0.142212,0.995361
0.563354,-0.236084,1.157959
-0.348755,-0.153687,0.822144
0.198730,0.087646,1.117554
0.260376,-0.423584,0.959839
-0.369141,0.072144,0.900269
0.569824,-0.233521,1.144043
-0.264282,-0.209229,0.841187
0.109497,0.155273,1.118530
0.335205,-0.399536,0.984619
-0.427734,0.050781,0.865723
0.553467,-0.190430,1.161255
-0.179688,-0.273560,0.864868
0.006592,0.161377,1.091309
0.396606,-0.380127,1.016113
-0.432251,0.031372,0.861450
0.505981,-0.108765,1.165405
-0.037476,-0.328613,0.887695
-0.091553,0.182861,1.082886
0.440796,-0.364258,1.043945
-0.446655,-0.061157,0.827393
0.482178,-0.090576,1.184082
-0.015625,-0.304932,0.867432
-0.192993,0.244995,1.059448
0.494873,-0.312134,1.083252
-0.382446,-0.149414,0.810425
0.313477,0.008911,1.165283
0.127563,-0.396973,0.906738
-0.341919,0.168335,0.940796
0.556152,-0.270752,1.111328
-0.335449,-0.177979,0.814941
0.193481,0.074585,1.120850
0.225098,-0.438965,0.927734
-0.385864,0.115723,0.902222
0.536377,-0.213623,1.130005
-0.310669,-0.210449,0.797729
0.114990,0.098999,1.095581
0.288452,-0.427124,0.957031
-0.431885,0.063599,0.872681
0.538330,-0.182251,1.139404
-0.241455,-0.235840,0.814941
0.045166,0.165405,1.102295
0.312134,-0.383911,0.961182
-0.469971,0.050903,0.846069
0.524536,-0.204712,1.126587
-0.172607,-0.305664,0.827515
-0.018555,0.158325,1.078003
0.333374,-0.354858,0.972534
-0.470337,0.003540,0.815186
0.510742,-0.187622,1.130859
-0.131226,-0.340210,0.806152
-0.088135,0.178589,1.056519
0.378540,-0.377319,0.978760
-0.489014,0.006104,0.825439
0.458618,-0.142822,1.123169
-0.119141,-0.317749,0.804443
-0.149414,0.151733,1.023315
0.418457,-0.368896,0.995605
-0.510376,-0.029419,0.787598
0.419312,-0.106201,1.132080
-0.066895,-0.330200,0.811279
-0.246582,0.207764,1.005493
0.434814,-0.344116,1.016602
-0.482666,-0.088257,0.776978
0.358276,-0.074097,1.122437
-0.054077,-0.325562,0.815918
-0.312378,0.195435,0.957031
0.491943,-0.338989,1.046753
-0.471313,-0.128906,0.764038
0.269897,-0.054565,1.091553
0.033325,-0.368286,0.845825
-0.379150,0.146606,0.893799
0.478271,-0.263062,1.069092
-0.418823,-0.162598,0.771973
0.162842,0.031250,1.072632
0.119507,-0.417847,0.861816
-0.451172,0.099609,0.847046
0.482056,-0.235352,1.072998
-0.380371,-0.190308,0.776489
0.048828,0.117310,1.052856
0.198120,-0.402710,0.875977
-0.500366,0.060547,0.822388
0.483276,-0.250366,1.058472
-0.278809,-0.270142,0.762085
-0.032104,0.156738,1.034180
0.251221,-0.373657,0.892944
-0.539307,0.030396,0.796997
0.461182,-0.255493,1.068970
-0.202881,-0.362793,0.749756
-0.136475,0.143311,0.968140
0.287964,-0.346069,0.898315
-0.550415,0.030029,0.762329
0.434814,-0.235962,1.062744
-0.186890,-0.385132,0.742310
-0.204468,0.122070,0.947754
0.325806,-0.353271,0.931763
-0.566528,0.028564,0.741821
0.375488,-0.167725,1.056519
-0.134888,-0.372925,0.780396
-0.284546,0.162231,0.941162
0.362671,-0.338501,0.943115
-0.549561,0.018066,0.746338
0.326538,-0.099243,1.060425
-0.129395,-0.338989,0.764893
-0.337769,0.148438,0.904785
0.405884,-0.378418,0.947144
-0.553711,-0.050781,0.714844
0.271851,-0.042480,1.046753
-0.077271,-0.355835,0.773193
-0.409424,0.189331,0.876831
0.413330,-0.324097,0.981323
-0.526978,-0.121216,0.719727
0.203979,-0.046509,1.029663
-0.027466,-0.415405,0.771484
-0.464966,0.198120,0.857788
0.429077,-0.282715,0.994385
-0.514648,-0.102783,0.715332
0.120361,0.019653,1.015625
0.064575,-0.437378,0.817871
-0.508911,0.153320,0.832886
0.419800,-0.244507,1.009155
-0.449951,-0.138428,0.731323
0.052002,0.084961,1.016602
0.106689,-0.425659,0.819092
-0.540771,0.145264,0.831787
0.427856,-0.239136,1.009521
-0.378662,-0.187622,0.736084
-0.002686,0.158203,1.020020
0.147583,-0.381470,0.839111
-0.587280,0.101685,0.783936
0.451782,-0.276978,1.016602
-0.300781,-0.279175,0.724609
-0.062622,0.199707,0.992920
0.199585,-0.340088,0.848633
-0.618530,0.076782,0.738647
0.424316,-0.291504,0.995972
-0.242310,-0.389038,0.690552
-0.120728,0.155151,0.953857
0.243286,-0.348511,0.854370
-0.621948,0.129761,0.764648
0.400146,-0.232178,0.996948
-0.171143,-0.396851,0.733887
-0.189453,0.141479,0.935303
0.282471,-0.323486,0.899658
-0.640503,0.099731,0.716064
0.373291,-0.174683,1.009033
-0.146240,-0.391602,0.718384
-0.251343,0.157715,0.918945
0.352173,-0.342041,0.925537
-0.633423,0.088623,0.717773
0.300659,-0.114746,0.982056
-0.080566,-0.372681,0.763062
-0.312500,0.143188,0.901733
0.366211,-0.311035,0.942993
-0.608276,0.055664,0.680420
0.235474,-0.023193,0.983154
-0.028687,-0.392578,0.765625
-0.386841,0.188477,0.882690
0.390381,-0.301392,0.942749
-0.577271,-0.014526,0.687134
0.181763,0.009277,0.977783
0.002441,-0.387207,0.769531
-0.442627,0.207031,0.871582
0.420166,-0.283203,0.964355
-0.528687,-0.074219,0.700928
0.115845,0.078857,1.005493
0.053467,-0.398071,0.792480
-0.499634,0.189209,0.838745
0.441772,-0.255859,0.995728
-0.458252,-0.137573,0.719238
0.051880,0.119507,1.004517
0.089722,-0.395752,0.797852
-0.529297,0.162231,0.826416
0.450684,-0.226196,1.014038
-0.405273,-0.130615,0.741699
-0.008545,0.160522,1.006958
0.179688,-0.420166,0.828979
-0.572998,0.138916,0.779785
0.444214,-0.185059,1.023071
-0.298950,-0.201660,0.735962
-0.072388,0.191528,0.986938
0.253052,-0.392090,0.869873
-0.594727,0.115723,0.752075
0.409180,-0.146362,1.029541
-0.208984,-0.298584,0.729004
-0.133545,0.172241,0.949707
0.319580,-0.375000,0.899414
-0.609497,0.103760,0.740601
0.387695,-0.125366,1.010742
-0.114746,-0.354370,0.740601
-0.223389,0.195190,0.915771
0.356201,-0.331299,0.927979
-0.590698,0.071289,0.746094
0.321289,-0.091553,1.001099
-0.064941,-0.417480,0.730225
-0.305542,0.204346,0.877930
0.411987,-0.297729,0.937012
-0.555298,0.016479,0.734497
0.228760,-0.036865,0.979004
-0.000610,-0.436890,0.763062
-0.376709,0.133545,0.835815
0.424561,-0.255859,0.975952
-0.498047,-0.012939,0.743042
0.138184,0.089355,1.006714
0.060181,-0.401489,0.791748
-0.457520,0.140381,0.810791
0.439331,-0.246582,0.995850
-0.442749,-0.097900,0.751465
0.089600,0.119995,1.018799
0.130005,-0.411499,0.809937
-0.550049,0.180664,0.798584
0.458984,-0.236450,0.994141
-0.323853,-0.171387,0.764771
0.000366,0.172852,1.001221
0.198120,-0.378662,0.857910
-0.578735,0.119873,0.761353
0.442017,-0.212402,1.016602
-0.251343,-0.245850,0.757202
-0.082886,0.216553,0.980957
0.271729,-0.364868,0.878784
-0.592651,0.086914,0.746216
0.434692,-0.208618,1.022217
-0.184570,-0.309692,0.755981
-0.111206,0.184326,0.972900
0.314819,-0.346313,0.908813
-0.618286,0.122192,0.755615
0.430664,-0.203125,1.018066
-0.088989,-0.333252,0.799927
-0.193848,0.174438,0.922119
0.350830,-0.342896,0.910889
-0.573975,0.105835,0.764038
0.369263,-0.137817,1.013062
-0.053589,-0.396484,0.775635
-0.220215,0.149414,0.900879
0.374390,-0.303711,0.938965
-0.560913,0.034912,0.731812
0.320679,-0.120117,0.992188
-0.011597,-0.409790,0.776245
-0.296997,0.144897,0.885010
0.413574,-0.331787,0.944580
-0.541870,0.005859,0.725220
0.262939,-0.048340,0.989014
0.040161,-0.420044,0.775269
-0.340332,0.158813,0.857544
0.434448,-0.324341,0.954468
-0.521240,-0.041748,0.732910
0.205322,-0.038696,0.986328
0.069336,-0.454712,0.788086
-0.383545,0.107666,0.823364
0.463623,-0.287720,0.995605
-0.490601,-0.062134,0.739258
0.133911,0.059937,1.014404
0.114746,-0.487061,0.790405
-0.427124,0.120239,0.817505
0.459961,-0.289795,0.983887
-0.438965,-0.113403,0.757202
0.080444,0.053711,1.003296
0.154663,-0.510498,0.804443
-0.474243,0.093384,0.782959
0.464355,-0.256348,1.002441
-0.373169,-0.150269,0.761597
0.009033,0.138672,1.010742
0.231934,-0.465942,0.847412
-0.492676,0.026733,0.755371
0.469482,-0.268921,1.016113
-0.309814,-0.172241,0.778076
-0.066528,0.180298,0.988647
0.285645,-0.441162,0.884277
-0.517944,0.009521,0.752319
0.446777,-0.234375,1.042358
-0.203979,-0.272217,0.787598
-0.137939,0.202881,0.997925
0.334717,-0.452759,0.903931
-0.546875,0.035522,0.763916
0.431641,-0.211182,1.042480
-0.110474,-0.317017,0.811035
-0.186157,0.201050,0.973999
0.360840,-0.389038,0.935181
-0.521606,-0.036377,0.748779
0.385986,-0.163940,1.036621
-0.017578,-0.379028,0.807861
-0.243408,0.202148,0.952148
0.428467,-0.405273,0.958008
-0.515015,-0.073242,0.738525
0.312012,-0.096436,1.028931
0.069824,-0.444458,0.811523
-0.296143,0.162964,0.911743
0.471313,-0.361084,0.999268
-0.469971,-0.114258,0.745605
0.231567,-0.033325,1.023071
0.082642,-0.450195,0.793945
-0.341919,0.136353,0.895264
0.492554,-0.331421,1.021240
-0.419189,-0.137207,0.782959
0.142334,0.037964,1.038452
0.169067,-0.456055,0.838379
-0.427979,0.081055,0.823486
0.501343,-0.285156,1.049194
-0.341919,-0.225586,0.765137
0.078857,0.113647,1.052368
0.285889,-0.466919,0.893555
-0.490845,0.089966,0.803711
0.472168,-0.268188,1.037476
-0.235352,-0.282837,0.793457
-0.001221,0.125244,1.039062
0.335083,-0.421265,0.942749
-0.509033,0.047119,0.781616
0.462280,-0.193481,1.068115
-0.141357,-0.292847,0.835205
-0.086304,0.160522,1.033569
0.379639,-0.396484,0.981201
-0.495850,-0.029419,0.784180
0.440918,-0.140381,1.101440
-0.011597,-0.368164,0.831543
-0.187988,0.208008,1.025269
0.441406,-0.399536,1.005005
-0.476196,-0.091431,0.774048
0.379883,-0.110474,1.078979
0.065918,-0.378662,0.859375
-0.232300,0.193115,0.992188
0.485840,-0.326904,1.048584
-0.427734,-0.087280,0.781982
0.295288,-0.029297,1.079346
0.086304,-0.411621,0.874756
-0.297607,0.136841,0.962402
0.538940,-0.317261,1.089844
-0.398071,-0.132324,0.795532
0.232056,0.059448,1.093140
0.176514,-0.393555,0.918335
-0.352539,0.120605,0.917725
0.525879,-0.279297,1.103271
-0.340332,-0.211060,0.806274
0.194092,0.041138,1.098999
0.225098,-0.441406,0.911133
-0.398193,0.123779,0.876587
0.544678,-0.232788,1.104126
-0.280273,-0.195923,0.826416
0.125000,0.097412,1.094116
0.299683,-0.448975,0.952148
-0.441650,0.078857,0.831909
0.531860,-0.218750,1.115723
-0.216553,-0.236084,0.840820
0.049194,0.178223,1.119263
0.380005,-0.436768,0.984375
-0.470703,0.090820,0.838867
0.515381,-0.161133,1.128174
-0.126221,-0.262085,0.875854
-0.018921,0.168701,1.100586
0.401367,-0.410645,1.011353
-0.457397,0.037598,0.840332
0.494263,-0.104492,1.151245
-0.038208,-0.321899,0.883423
-0.088623,0.196289,1.099854
0.441895,-0.387085,1.028687
-0.456909,0.000366,0.832886
0.454102,-0.062500,1.151245
0.025757,-0.333862,0.906494
-0.126709,0.170532,1.074097
0.489136,-0.370972,1.064697
-0.463379,-0.023193,0.808594
0.412354,-0.040283,1.146606
0.035645,-0.329224,0.888916
-0.175415,0.201904,1.070312
0.521851,-0.328247,1.105835
-0.457031,-0.073730,0.797852
0.404053,-0.040527,1.157715
0.074219,-0.342651,0.906494
-0.244141,0.204834,1.026367
0.550049,-0.289917,1.128174
-0.408203,-0.148438,0.803833
0.335449,-0.032104,1.145142
0.139160,-0.389404,0.931396
-0.285156,0.177246,0.992798
0.550537,-0.250610,1.130981
-0.359619,-0.146973,0.825439
0.262939,0.020996,1.132446
0.216797,-0.411377,0.952881
-0.346436,0.122437,0.918091
0.568726,-0.231567,1.141602
-0.323242,-0.188965,0.821289
0.184082,0.086182,1.125854
0.293579,-0.449463,0.960938
-0.413696,0.134521,0.897461
0.556274,-0.206909,1.131958
-0.249634,-0.205444,0.849121
0.102661,0.120239,1.120972
0.333984,-0.423096,0.984985
-0.435181,0.089722,0.867310
0.549927,-0.156616,1.148926
-0.154907,-0.266235,0.871948
0.002930,0.196411,1.120605
0.367920,-0.413696,0.977173
-0.444824,0.053345,0.873413
0.529663,-0.178589,1.142090
-0.078125,-0.296265,0.878784
-0.060425,0.201538,1.090454
0.400879,-0.352783,1.010986
-0.453247,-0.007446,0.832886
0.501221,-0.138672,1.161987
-0.052490,-0.349609,0.857544
-0.116333,0.200317,1.081177
0.426636,-0.339111,1.023071
-0.475952,-0.027466,0.822144
0.481934,-0.130859,1.168945
-0.014893,-0.346313,0.873901
-0.182495,0.220825,1.054077
0.452759,-0.311157,1.045166
-0.469604,-0.039429,0.819092
0.414062,-0.104004,1.159180
0.001831,-0.364624,0.881836
-0.222290,0.175659,1.018066
0.490112,-0.278442,1.086060
-0.478149,-0.040771,0.782837
0.336304,-0.025879,1.140625
0.074585,-0.383789,0.895996
-0.278809,0.168091,0.993408
0.485352,-0.282104,1.088379
-0.446289,-0.094360,0.785767
0.281250,-0.003662,1.121948
0.111816,-0.403931,0.894287
-0.347656,0.139771,0.948486
0.515137,-0.245972,1.112061
-0.402344,-0.145264,0.772461
0.225830,0.021851,1.109741
0.159302,-0.408081,0.914673
-0.408813,0.141968,0.913574
0.518677,-0.238403,1.109863
-0.369995,-0.186646,0.772949
0.141235,0.063599,1.094971
0.199707,-0.435059,0.898682
-0.424438,0.111450,0.883179
0.518799,-0.214233,1.109497
-0.352661,-0.193481,0.785400
0.059082,0.102051,1.060059
0.234131,-0.409546,0.916016
-0.459351,0.070801,0.847778
0.525269,-0.218018,1.111572
-0.274292,-0.244995,0.793457
-0.015259,0.135132,1.051147
0.265259,-0.391479,0.912476
-0.487671,0.032837,0.811768
0.520874,-0.232422,1.107300
-0.211426,-0.269775,0.807251
-0.089966,0.128296,1.007324
0.313599,-0.371582,0.935059
-0.500610,-0.009644,0.787476
0.472778,-0.185059,1.111328
-0.157837,-0.348389,0.771973
-0.161255,0.161133,0.995728
0.354248,-0.365723,0.939209
-0.532837,0.003418,0.767212
0.416870,-0.156006,1.084839
-0.137207,-0.337036,0.781982
-0.217773,0.147339,0.974243
0.381958,-0.328125,0.974487
-0.542725,-0.040161,0.749512
0.350708,-0.095947,1.094116
-0.093628,-0.383301,0.777100
-0.305542,0.195312,0.950439
0.434326,-0.321533,1.002197
-0.535889,-0.028076,0.764648
0.264526,-0.081543,1.056519
-0.020996,-0.390259,0.809692
-0.382446,0.168213,0.901611
0.434692,-0.287109,1.009399
-0.477173,-0.094238,0.743164
0.175537,0.035889,1.067261
0.055908,-0.399902,0.831909
-0.467163,0.120483,0.859741
0.446899,-0.285400,1.029785
-0.441406,-0.157837,0.741089
0.076538,0.147461,1.055908
0.111084,-0.374878,0.842773
-0.515259,0.068481,0.825928
0.460571,-0.308594,1.026367
-0.363281,-0.231934,0.741211
0.027710,0.139893,1.032104
0.157715,-0.300781,0.859863
-0.568237,0.116211,0.808960
0.457397,-0.320068,1.023682
-0.278320,-0.371948,0.729248
-0.036133,0.084351,0.984009
0.206787,-0.364136,0.856445
-0.592773,0.134521,0.767212
0.455200,-0.259888,1.029297
-0.246216,-0.309204,0.745850
-0.109619,0.103271,0.975708
0.261108,-0.386230,0.870239
-0.603516,0.083374,0.750488
0.405518,-0.195557,1.031738
-0.199585,-0.334595,0.730835
-0.197388,0.157593,0.962769
0.309326,-0.362549,0.920166
-0.609985,0.037231,0.740601
0.376099,-0.182861,1.032715
-0.170166,-0.346069,0.738770
-0.280518,0.164917,0.915283
0.355347,-0.332642,0.943237
-0.595337,-0.007446,0.721069
0.320557,-0.130615,1.033203
-0.149414,-0.360718,0.737183
-0.342163,0.171753,0.888306
0.396240,-0.343140,0.955078
-0.581543,-0.002808,0.723145
0.231934,-0.070435,1.009399
-0.052368,-0.410034,0.762085
-0.423340,0.205933,0.885498
0.404297,-0.305664,0.966797
-0.538818,-0.046753,0.728394
0.156738,0.031128,1.012085
0.028442,-0.390015,0.807617
-0.517944,0.178955,0.852051
0.414673,-0.284180,0.988525
-0.470581,-0.121948,0.710571
0.056396,0.132446,1.015869
0.101074,-0.368530,0.819336
-0.572510,0.160400,0.824829
0.446655,-0.288086,1.001099
-0.390015,-0.218384,0.707886
0.005859,0.156250,0.999268
0.153076,-0.365234,0.824585
-0.612915,0.137939,0.778687
0.448486,-0.291992,0.997803
-0.279907,-0.320190,0.720703
-0.057739,0.176270,0.994751
0.200317,-0.349365,0.842529
-0.613037,0.151367,0.762329
0.432373,-0.261108,0.994019
-0.246948,-0.304932,0.724976
-0.144043,0.206909,0.976929
0.280396,-0.408691,0.864624
-0.613770,0.097534,0.758789
0.389893,-0.165771,1.010132
-0.192871,-0.339478,0.707275
-0.182495,0.201660,0.964966
0.310669,-0.362061,0.892944
-0.614380,0.075684,0.746094
0.380859,-0.176147,1.005737
-0.160278,-0.364502,0.706177
-0.254639,0.197754,0.916382
0.360962,-0.363403,0.913452
-0.585693,0.047485,0.754517
0.339966,-0.118042,1.007690
-0.116333,-0.395386,0.708252
-0.310791,0.198242,0.876953
0.373779,-0.308594,0.922974
-0.568604,0.009888,0.717773
0.282227,-0.078491,0.998901
-0.067871,-0.406128,0.728149
-0.364990,0.198730,0.866943
0.408813,-0.290283,0.945801
-0.557251,-0.013062,0.710938
0.192383,-0.003296,0.997803
-0.000977,-0.419067,0.763306
-0.542114,0.172607,0.832520
0.425903,-0.249146,0.990845
-0.395996,-0.155029,0.734497
0.001221,0.176392,1.024048
0.182983,-0.412476,0.841064
-0.595215,0.152832,0.807739
0.410522,-0.225342,0.989990
-0.329102,-0.224609,0.725464
-0.046021,0.171997,0.995972
0.223755,-0.381836,0.870361
-0.610229,0.123779,0.774780
0.407959,-0.210083,1.005005
-0.247192,-0.330688,0.704468
-0.117676,0.176270,0.966553
0.261108,-0.378662,0.873779
-0.614136,0.111938,0.752441
0.408203,-0.184082,1.010986
-0.212280,-0.335205,0.703613
-0.170654,0.175903,0.948975
0.304688,-0.377197,0.882324
-0.620483,0.121094,0.756348
0.383789,-0.154297,1.016235
-0.171753,-0.342529,0.717163
-0.218384,0.184326,0.928955
0.337646,-0.359741,0.901001
-0.610352,0.103027,0.750732
0.360962,-0.114136,1.021118
-0.122437,-0.395752,0.712646
-0.294678,0.202881,0.886963
0.359497,-0.336304,0.903564
-0.587891,0.036865,0.724365
0.339233,-0.110962,1.004883
-0.093506,-0.378174,0.730103
-0.344238,0.202759,0.871704
0.368652,-0.305176,0.929199
-0.568237,0.004272,0.717041
0.281982,-0.074219,1.008301
-0.053467,-0.413574,0.746338
-0.371338,0.210815,0.871582
0.398071,-0.299683,0.925293
-0.557617,0.015625,0.718750
0.220825,-0.037842,0.992310
-0.003052,-0.395386,0.786621
-0.423462,0.202881,0.852295
0.414062,-0.259033,0.953491
-0.507080,-0.024536,0.735229
0.154663,0.036255,1.015015
0.031372,-0.393921,0.794067
-0.467163,0.198608,0.849609
0.425049,-0.257568,0.953979
-0.460327,-0.047363,0.756470
0.125610,0.096802,1.027588
0.072876,-0.405640,0.786499
-0.529419,0.218018,0.811523
0.457153,-0.245728,0.984253
-0.404785,-0.105347,0.760132
0.054810,0.124756,1.016113
0.113525,-0.387817,0.815674
-0.545532,0.176514,0.793457
0.460083,-0.231445,1.004150
-0.374634,-0.124634,0.758179
0.004150,0.144409,1.006470
0.198242,-0.411621,0.839966
-0.576660,0.168823,0.774780
0.455933,-0.195557,1.010620
-0.291382,-0.195679,0.746704
-0.062256,0.195312,1.006470
0.251343,-0.402832,0.860840
-0.594360,0.122070,0.758789
0.432861,-0.171387,1.025391
-0.194824,-0.262329,0.757446
-0.139282,0.213989,0.968628
0.315308,-0.384766,0.909790
-0.596924,0.075439,0.758179
0.405029,-0.147461,1.022461
-0.099609,-0.346924,0.755371
-0.223267,0.221802,0.917236
0.350098,-0.319214,0.919189
-0.574463,0.036743,0.740967
0.345459,-0.133911,0.990479
-0.026978,-0.413208,0.757690
-0.291870,0.192261,0.872925
0.400757,-0.301270,0.937988
-0.557373,0.007080,0.739868
0.219116,-0.036987,0.977661
0.033813,-0.426147,0.781128
-0.377075,0.122925,0.831177
0.431763,-0.246094,0.981323
-0.493774,-0.042725,0.742065
0.119507,0.095581,0.998413
0.087524,-0.425659,0.797119
-0.468750,0.104370,0.797119
0.467163,-0.246338,1.019653
-0.409424,-0.110474,0.761108
0.029663,0.169800,1.014893
0.153687,-0.417236,0.806763
-0.526245,0.085083,0.773926
0.485352,-0.269409,1.027588
-0.301025,-0.219482,0.771362
-0.058594,0.226685,1.007812
0.231812,-0.390381,0.844604
-0.581543,0.090210,0.733521
0.486694,-0.261719,1.033325
-0.205566,-0.257812,0.788696
-0.122192,0.221802,0.978516
0.282959,-0.350708,0.893066
-0.586304,0.059692,0.731323
0.427612,-0.209839,1.034668
-0.104980,-0.323853,0.795044
-0.181519,0.222900,0.958130
0.334351,-0.355591,0.897949
-0.566772,0.104736,0.777344
0.385864,-0.177490,1.020996
-0.033569,-0.403687,0.791260
-0.234009,0.168701,0.909302
0.380371,-0.332031,0.937134
-0.551025,0.053223,0.747070
0.314453,-0.092041,0.996948
0.013916,-0.415649,0.791748
-0.258179,0.126709,0.884521
0.384277,-0.322876,0.938599
-0.535645,-0.005005,0.738525
0.272339,-0.092163,0.989868
0.040527,-0.459106,0.775635
-0.313965,0.098755,0.863647
0.429321,-0.306885,0.967285
-0.495361,-0.032593,0.741943
0.209351,0.020874,1.009033
0.074585,-0.410278,0.802612
-0.367920,0.080933,0.832275
0.446289,-0.319092,0.979370
-0.473145,-0.110474,0.737671
0.168457,0.020630,1.011475
0.104126,-0.450439,0.798706
-0.436035,0.094482,0.810791
0.465454,-0.296509,0.995605
-0.424316,-0.143799,0.744507
0.109131,0.079956,1.027222
0.150879,-0.449707,0.828491
-0.468140,0.091553,0.802002
0.467529,-0.307129,0.998657
-0.384644,-0.181396,0.759155
0.054077,0.129028,1.028076
0.201416,-0.462036,0.845459
-0.495605,0.069458,0.776001
0.485840,-0.299927,1.020874
-0.335938,-0.227661,0.750000
-0.011353,0.162598,1.015381
0.260864,-0.464600,0.858032
-0.502441,0.030029,0.765259
0.480469,-0.286621,1.026978
-0.258789,-0.249756,0.791626
-0.043945,0.161743,1.014160
0.286255,-0.416870,0.901245
-0.535889,0.020386,0.749756
0.470947,-0.279419,1.040894
-0.179810,-0.286011,0.819092
-0.087280,0.192993,1.028076
0.330322,-0.412354,0.904785
-0.538330,0.062866,0.771484
0.438843,-0.246094,1.030151
-0.134766,-0.305664,0.840820
-0.106079,0.158203,1.018677
0.357544,-0.419800,0.935059
-0.526733,0.043335,0.757080
0.415283,-0.153931,1.058105
-0.080688,-0.322632,0.829834
-0.142700,0.155396,1.003052
0.396606,-0.420410,0.959106
-0.503784,-0.029541,0.763184
0.380615,-0.114746,1.059448
-0.016968,-0.348267,0.823486
-0.182739,0.172485,0.995239
0.421631,-0.386719,0.982422
-0.479980,-0.096680,0.756348
0.352783,-0.093994,1.065308
0.028564,-0.392090,0.831055
-0.237305,0.172974,0.966919
0.468140,-0.358521,1.012817
-0.456055,-0.086182,0.792236
0.288208,-0.055298,1.061523
0.082764,-0.447510,0.832520
-0.294922,0.140015,0.949829
0.478882,-0.313843,1.041016
-0.432495,-0.115967,0.774658
0.241455,0.003296,1.071533
0.138062,-0.436279,0.869263
-0.358887,0.140625,0.915527
0.526123,-0.288696,1.073608
-0.382446,-0.157959,0.780518
0.149414,0.072510,1.052612
0.232300,-0.459229,0.888428
-0.411133,0.061523,0.845093
0.538086,-0.279785,1.091431
-0.299683,-0.223877,0.795410
0.053467,0.146973,1.049072
0.298096,-0.425415,0.924194
-0.434082,0.016479,0.820557
0.526978,-0.233765,1.124023
-0.230713,-0.272339,0.817993
-0.009644,0.180054,1.065186
0.359253,-0.429199,0.955688
-0.489380,0.046753,0.823975
0.506958,-0.212158,1.106567
-0.129395,-0.267944,0.859619
-0.054932,0.214355,1.081421
0.400391,-0.368896,0.995361
-0.478760,0.013916,0.812622
0.463745,-0.161865,1.108643
-0.016846,-0.372559,0.890625
-0.107910,0.173462,1.068481
0.429443,-0.350952,1.016724
-0.479248,0.012207,0.802246
0.458862,-0.134277,1.129883
0.053467,-0.382568,0.902588
-0.184814,0.178467,1.033569
0.470215,-0.330078,1.071533
-0.437988,-0.081055,0.802246
0.418945,-0.082031,1.138306
0.062622,-0.368652,0.890381
-0.239136,0.211670,1.013672
0.514404,-0.324341,1.095093
-0.401001,-0.136719,0.813843
0.356812,-0.032715,1.135742
0.067261,-0.359375,0.885132
-0.255127,0.183594,1.007080
0.544922,-0.286499,1.122925
-0.402954,-0.149536,0.793701
0.324341,-0.020142,1.132812
0.141968,-0.391479,0.915894
-0.313110,0.191772,0.970093
0.553345,-0.249512,1.137329
-0.351929,-0.186523,0.813599
0.266968,0.008301,1.128052
0.199341,-0.440063,0.928101
-0.350342,0.126221,0.930664
0.581421,-0.255249,1.139893
-0.337769,-0.165283,0.805420
0.175171,0.083984,1.108643
0.277954,-0.450806,0.968506
-0.374756,0.064941,0.892578
0.566040,-0.200073,1.161621
-0.289795,-0.195801,0.824463
0.119629,0.130493,1.130249
0.324097,-0.468872,0.968506
-0.396729,0.081177,0.895142
0.558960,-0.160645,1.166992
-0.237671,-0.205811,0.853638
0.052246,0.170776,1.124268
0.375488,-0.450928,0.996216
-0.418701,0.048828,0.873291
0.534546,-0.113525,1.170044
-0.142456,-0.209717,0.881958
-0.029541,0.241577,1.118408
0.414062,-0.433350,1.001709
-0.429810,-0.027832,0.853271
0.518433,-0.149170,1.163574
-0.072144,-0.264893,0.895508
-0.072021,0.238770,1.115356
0.447510,-0.363037,1.031006
-0.434814,-0.021240,0.856689
0.487915,-0.117310,1.177490
-0.018311,-0.342529,0.875732
-0.142212,0.213867,1.074707
0.478271,-0.323364,1.066406
-0.453369,-0.053833,0.821167
0.444824,-0.109863,1.165894
0.031372,-0.352783,0.909424
-0.205566,0.227539,1.047241
0.489746,-0.269165,1.092773
-0.437256,-0.071899,0.807617
0.387329,-0.070312,1.162598
0.095337,-0.393555,0.924438
-0.269775,0.179565,1.011353
0.513062,-0.242920,1.117554
-0.398560,-0.124878,0.799438
0.284058,-0.004883,1.137329
0.178345,-0.412964,0.932861
-0.339600,0.152954,0.944946
0.543091,-0.232056,1.138794
-0.362427,-0.168579,0.799194
0.181763,0.069458,1.114746
0.262573,-0.421997,0.966797
-0.403076,0.091431,0.904419
0.537231,-0.198364,1.150024
-0.269775,-0.219238,0.817017
0.074219,0.160645,1.095093
0.320435,-0.384888,0.972412
-0.446411,0.045776,0.867188
0.526367,-0.201294,1.146729
-0.164062,-0.304932,0.836914
-0.016357,0.168701,1.077148
0.363403,-0.361572,0.988281
-0.446899,-0.001953,0.844116
0.505493,-0.136841,1.161133
-0.075562,-0.352661,0.822021
-0.128052,0.200317,1.045166
0.403687,-0.322021,1.007568
-0.481201,-0.043579,0.813354
0.456787,-0.141235,1.155151
-0.045288,-0.348389,0.852295
-0.222534,0.204712,1.015137
0.461670,-0.293457,1.053101
-0.460815,-0.045288,0.786377
0.321411,-0.041016,1.120605
0.042236,-0.386841,0.873779
-0.303345,0.139282,0.976807
0.482910,-0.267212,1.096680
-0.412598,-0.144409,0.770508
0.251343,0.042603,1.124512
0.128784,-0.373901,0.890503
-0.403564,0.151245,0.921631
0.513184,-0.277588,1.090210
-0.359009,-0.214355,0.781250
0.134399,0.094238,1.094727
0.209595,-0.385498,0.915039
-0.468506,0.085327,0.842773
0.516113,-0.259399,1.096558
-0.307251,-0.305786,0.765869
0.044067,0.132202,1.068237
0.254883,-0.366577,0.908691
-0.495117,0.065552,0.822632
0.502197,-0.249268,1.096924
-0.199829,-0.365601,0.787598
0.302490,-0.383545,0.921631
-0.511230,0.048950,0.794434
0.483521,-0.200073,1.095459
-0.164673,-0.337769,0.786499
-0.140869,0.132690,0.998047
0.353027,-0.378662,0.937622
-0.513184,-0.008667,0.778076
0.437622,-0.134155,1.113525
-0.148560,-0.309937,0.768799
-0.233521,0.170288,0.978760
0.412964,-0.366455,0.991089
-0.528931,-0.042236,0.759766
0.382690,-0.114624,1.087036
-0.118774,-0.314819,0.788086
-0.282837,0.176025,0.950195
0.405884,-0.341919,0.991455
-0.528687,-0.084473,0.760010
0.331543,-0.098389,1.090454
-0.054443,-0.359497,0.809326
-0.364014,0.184082,0.917236
0.421631,-0.322266,0.995728
-0.499634,-0.093384,0.742310
0.263306,-0.062866,1.068115
0.009521,-0.391235,0.823242
-0.431519,0.181274,0.883423
0.422363,-0.264038,1.019775
-0.459473,-0.161743,0.735107
0.176270,0.007812,1.056519
0.047729,-0.406860,0.828247
-0.478149,0.156494,0.857788
0.444702,-0.276978,1.014404
-0.455078,-0.161987,0.723389
0.099243,0.082275,1.047363
0.121338,-0.435547,0.836060
-0.517700,0.146973,0.823730
0.452026,-0.217285,1.047363
-0.366699,-0.210083,0.757935
0.019409,0.135620,1.048340
0.166260,-0.448120,0.837158
-0.535522,0.106689,0.816650
0.440552,-0.231079,1.031250
-0.321289,-0.236450,0.746216
-0.045410,0.146484,1.015991
0.221924,-0.395752,0.873901
-0.558472,0.058838,0.784912
0.426880,-0.214111,1.039062
-0.265381,-0.278320,0.734619
-0.121704,0.159424,0.978760
0.288208,-0.412109,0.879272
-0.596436,0.078857,0.770142
0.411255,-0.196533,1.032471
-0.197510,-0.337891,0.729614
-0.215576,0.168213,0.961792
0.309204,-0.363281,0.906372
-0.597412,0.026001,0.745850
0.381836,-0.172607,1.049805
-0.156616,-0.368164,0.742554
-0.309570,0.171631,0.909668
0.348877,-0.331787,0.939697
-0.581177,0.007324,0.723877
0.329590,-0.125000,1.033325
-0.111328,-0.373291,0.753784
-0.367432,0.193115,0.882690
0.379517,-0.310059,0.956177
-0.567383,-0.037964,0.699219
0.214600,-0.042603,1.017090
-0.031128,-0.396240,0.778687
-0.437134,0.200562,0.884399
0.412231,-0.295898,0.964233
-0.517334,-0.079346,0.709595
0.102905,0.100708,1.012573
0.024780,-0.391235,0.795532
-0.489258,0.151123,0.849365
0.431274,-0.279541,0.993164
-0.462891,-0.101318,0.730347
0.044189,0.156250,1.018677
0.120361,-0.377930,0.826172
-0.580322,0.148193,0.797241
0.420898,-0.265503,0.989746
-0.375977,-0.218384,0.722534
-0.012573,0.126709,0.987061
0.192505,-0.402344,0.839478
-0.603271,0.172974,0.787476
0.423462,-0.222900,0.999023
-0.277710,-0.272949,0.734619
-0.112549,0.146729,0.967041
0.245728,-0.403198,0.868286
-0.604980,0.122803,0.762939
0.415649,-0.174561,1.022827
-0.207764,-0.294434,0.738403
-0.195068,0.181641,0.956787
0.289062,-0.383789,0.879272
-0.603271,0.066528,0.740967
0.394531,-0.156372,1.027710
-0.160156,-0.352295,0.721436
-0.275635,0.214966,0.921753
0.338745,-0.340942,0.908813
-0.593994,-0.008423,0.715454
0.319214,-0.121826,1.013306
-0.097168,-0.405029,0.724609
-0.337524,0.226807,0.912964
0.386597,-0.344971,0.921997
-0.588501,0.034058,0.721802
0.240479,-0.072510,0.981201
-0.053467,-0.398193,0.755615
-0.383667,0.153198,0.864380
0.413208,-0.275269,0.967529
-0.555786,-0.008179,0.709717
0.147461,0.034424,0.986206
0.016602,-0.403076,0.777466
-0.450439,0.171753,0.846191
0.427124,-0.254883,0.987183
-0.487549,-0.051392,0.740601
0.078247,0.125122,1.011597
0.099854,-0.395630,0.800293
-0.554443,0.190308,0.818359
0.442017,-0.243774,1.012085
-0.373291,-0.172485,0.749878
0.011353,0.165771,1.007446
0.178467,-0.388794,0.841797
-0.622437,0.171387,0.772583
0.450073,-0.227905,1.018677
-0.246216,-0.293701,0.733032
-0.076172,0.195312,0.983521
0.239380,-0.345337,0.863892
-0.622192,0.153687,0.765137
0.431030,-0.204468,1.016724
-0.168335,-0.330688,0.752930
-0.132568,0.190918,0.950073
0.284912,-0.327393,0.873413
-0.616333,0.122070,0.739380
0.405029,-0.164429,1.014404
-0.128052,-0.342651,0.741943
-0.211914,0.156250,0.905396
0.348389,-0.340820,0.909790
-0.602783,0.103882,0.730957
0.347900,-0.074463,1.022583
-0.074585,-0.386475,0.738281
-0.293335,0.183594,0.893799
0.393799,-0.351196,0.929565
-0.564575,0.034058,0.735352
0.288574,-0.019653,1.022461
-0.031738,-0.395630,0.737793
-0.376465,0.200073,0.858154
0.415283,-0.312988,0.944580
-0.533203,-0.054688,0.726807
0.213989,-0.015259,0.996704
0.018311,-0.408691,0.764282
-0.441895,0.198242,0.825195
0.435303,-0.267700,0.970093
-0.472046,-0.082275,0.750488
0.128418,0.041504,1.014038
0.081421,-0.413086,0.793945
-0.513550,0.188354,0.805542
0.454346,-0.222900,0.991577
-0.390991,-0.099487,0.776611
0.024414,0.119995,1.002197
0.178467,-0.447876,0.830444
-0.563110,0.121216,0.766724
0.443726,-0.167114,1.025269
-0.252686,-0.199463,0.755005
-0.067261,0.216431,1.001953
0.263794,-0.404785,0.868652
-0.606445,0.101074,0.758301
0.432373,-0.204956,1.016968
-0.153564,-0.309204,0.760010
-0.156860,0.217041,0.951172
0.340576,-0.348022,0.909180
-0.605347,0.098511,0.748901
0.387573,-0.180542,1.008545
-0.054810,-0.394165,0.783936
-0.240356,0.158081,0.888306
0.369507,-0.284912,0.934204
-0.554810,0.037354,0.738770
0.305176,-0.073120,1.002441
0.028076,-0.415405,0.783325
-0.350952,0.168579,0.853638
0.411499,-0.314209,0.940063
-0.524658,-0.021484,0.723633
0.212891,-0.003540,0.990112
0.049683,-0.434570,0.768677
-0.422852,0.148193,0.821411
0.444214,-0.278320,0.983154
-0.469727,-0.096069,0.736694
0.118042,0.086060,1.013184
0.102173,-0.435791,0.791016
-0.478882,0.122925,0.801025
0.471680,-0.289673,0.999268
-0.394897,-0.144653,0.757812
0.022217,0.138184,1.001343
0.170654,-0.410278,0.814819
-0.525391,0.106567,0.775269
0.473633,-0.260864,1.011475
-0.292847,-0.186279,0.784058
-0.062744,0.190430,0.996704
0.244263,-0.412598,0.859253
-0.556885,0.043213,0.739746
0.455811,-0.240967,1.024536
-0.208496,-0.253784,0.780396
-0.130737,0.204102,0.965942
0.310425,-0.376587,0.893066
-0.562622,0.064453,0.754395
0.414185,-0.198242,1.019897
-0.123169,-0.324707,0.807129
-0.204102,0.169678,0.931274
0.359863,-0.381226,0.919922
-0.539795,0.033813,0.747681
0.361450,-0.107422,1.026245
-0.047363,-0.372192,0.781738
-0.249268,0.151001,0.908081
0.379395,-0.387939,0.929443
-0.519531,-0.059937,0.733154
0.320190,-0.081299,1.018677
0.010132,-0.400513,0.774658
-0.332520,0.175903,0.879639
0.427856,-0.376831,0.949341
-0.493530,-0.117188,0.744019
0.218384,-0.046387,1.004395
0.060181,-0.444214,0.776123
-0.383545,0.151001,0.840942
0.456299,-0.308228,0.986694
-0.444336,-0.083008,0.787598
0.146362,-0.001953,1.009155
0.103882,-0.463013,0.790894
-0.433716,0.101440,0.793701
0.464966,-0.253906,1.012817
-0.378296,-0.144287,0.770874
0.032227,0.098877,1.013916
0.207031,-0.503296,0.824585
-0.483765,0.029541,0.754517
0.465454,-0.238281,1.031250
-0.290161,-0.195557,0.775879
-0.075439,0.189697,1.012817
0.310669,-0.468628,0.892700
-0.527588,0.022705,0.768188
0.414795,-0.212036,1.019165
-0.152954,-0.282227,0.804688
-0.145020,0.170654,0.980957
0.355835,-0.398193,0.936279
-0.537109,-0.011963,0.756104
0.385620,-0.167358,1.034546
-0.013672,-0.386597,0.804199
-0.250977,0.188477,0.938110
0.411377,-0.337646,0.966187
-0.491455,-0.092285,0.744629
0.287842,-0.096069,1.023926
0.077515,-0.493896,0.798950
-0.341797,0.124634,0.872925
0.473267,-0.314209,1.012939
-0.436646,-0.096069,0.780029
0.142700,0.029663,1.014893
0.135010,-0.484253,0.816895
-0.391113,0.079468,0.853394
0.486206,-0.266724,1.041992
-0.373535,-0.173096,0.769165
0.054688,0.101196,1.028320
0.244141,-0.503174,0.853638
-0.469727,0.037964,0.789551
0.481445,-0.247192,1.046753
-0.256470,-0.229492,0.807861
-0.043335,0.156982,1.029541
0.309082,-0.470947,0.898071
-0.499390,0.013428,0.776733
0.457031,-0.204102,1.067627
-0.149780,-0.288330,0.825562
-0.119873,0.182007,1.005981
0.386841,-0.401733,0.951416
-0.493042,0.003174,0.784302
0.407837,-0.165283,1.060425
-0.033325,-0.359619,0.851562
-0.162476,0.150391,0.988159
0.424194,-0.363403,0.985352
-0.487915,-0.014893,0.776855
0.343262,-0.109863,1.055420
0.068970,-0.435059,0.855103
-0.250977,0.147217,0.973999
0.461182,-0.342651,1.020264
-0.439819,-0.089600,0.778809
0.280396,-0.028564,1.056030
0.093384,-0.415283,0.855225
-0.297363,0.117310,0.942261
0.497925,-0.305664,1.066162
-0.412354,-0.136719,0.792480
0.218506,0.020630,1.078369
0.147949,-0.435425,0.866333
-0.362549,0.124268,0.900513
0.532715,-0.276489,1.086548
-0.358398,-0.171997,0.807983
0.145386,0.058105,1.063110
0.214966,-0.472778,0.871582
-0.402954,0.059326,0.842407
0.544067,-0.272949,1.091187
-0.298218,-0.180298,0.821777
0.061401,0.115967,1.050415
0.314453,-0.475464,0.928955
-0.427002,0.048096,0.829468
0.514404,-0.195801,1.110840
-0.235352,-0.227783,0.825928
-0.007324,0.159668,1.058105
0.368896,-0.444824,0.968140
-0.458374,0.016235,0.813965
0.496582,-0.169678,1.124146
-0.154297,-0.247559,0.856201
-0.070801,0.195679,1.049561
0.415527,-0.392456,1.004883
-0.463257,-0.009033,0.817871
0.472412,-0.143921,1.129272
-0.037720,-0.318848,0.869263
-0.135498,0.220337,1.046387
0.451660,-0.342896,1.026855
-0.441284,-0.039062,0.810913
0.427979,-0.115112,1.131470
0.046265,-0.395386,0.878906
-0.188477,0.204712,1.032837
0.493896,-0.310425,1.066162
-0.434814,-0.070435,0.798462
0.363281,-0.069702,1.113770
0.083496,-0.398193,0.896240
-0.239624,0.176270,0.998779
0.516235,-0.270630,1.106812
-0.397827,-0.117676,0.812500
0.296021,-0.016968,1.115234
0.151367,-0.422485,0.913208
-0.320679,0.154419,0.961182
0.560669,-0.278198,1.116699
-0.341431,-0.158447,0.827393
0.210083,0.066162,1.112183
0.246948,-0.421509,0.952271
-0.368042,0.097656,0.896484
0.560669,-0.258911,1.131958
-0.302734,-0.200806,0.831177
0.144043,0.112549,1.111206
0.303833,-0.435425,0.957886
-0.400757,0.078247,0.869019
0.552856,-0.188232,1.140991
-0.223267,-0.234741,0.856323
0.043701,0.160645,1.097534
0.369141,-0.419434,1.003662
-0.435425,0.056763,0.862061
0.541504,-0.159912,1.166870
-0.133057,-0.256714,0.880981
-0.041992,0.193848,1.080322
0.412842,-0.378052,1.021606
-0.426270,-0.012085,0.847656
0.523560,-0.120483,1.176147
-0.007202,-0.320679,0.892578
-0.129761,0.231567,1.075073
0.464844,-0.348999,1.054688
-0.422241,-0.118408,0.790527
0.317871,-0.065430,1.107544
0.038208,-0.341675,0.900513
-0.288452,0.189209,0.976318
0.526733,-0.255127,1.088623
-0.372070,-0.136108,0.806396
0.236328,0.013184,1.102173
0.199951,-0.490845,0.889648
-0.367554,0.081909,0.893677
0.562500,-0.236938,1.134521
-0.320923,-0.177979,0.815918
0.135132,0.110107,1.098877
0.296997,-0.486084,0.935913
-0.423096,0.067261,0.854126
0.551514,-0.230347,1.127441
-0.229126,-0.217041,0.843018
0.043945,0.183105,1.096191
0.363037,-0.439331,0.984009
-0.434448,0.052246,0.852539
0.514771,-0.160889,1.151855
-0.165039,-0.262451,0.855347
-0.027222,0.206055,1.077515
0.423828,-0.408203,1.012085
-0.446411,0.018188,0.848999
0.492188,-0.117920,1.158203
-0.044800,-0.315186,0.886108
-0.109253,0.216797,1.073975
0.448730,-0.383545,1.030029
-0.439331,-0.041016,0.827393
0.466064,-0.114868,1.160889
0.036621,-0.337891,0.900269
-0.181885,0.233887,1.050293
0.499878,-0.324463,1.079468
-0.420776,-0.113647,0.820312
0.406982,-0.095703,1.145020
0.062378,-0.344116,0.915283
-0.225830,0.225464,1.046265
0.540283,-0.298828,1.105835
-0.406982,-0.102173,0.826538
0.326538,-0.020630,1.156860
0.141602,-0.408691,0.924683
-0.293579,0.163452,0.975220
0.567627,-0.242554,1.143433
-0.341431,-0.150757,0.833984
0.229004,0.042969,1.133911
0.245972,-0.422607,0.957642
-0.373047,0.107788,0.901855
0.562134,-0.209473,1.141968
-0.264771,-0.206909,0.843384
0.096558,0.144043,1.113037
0.351685,-0.437134,0.984009
-0.409912,0.067505,0.885132
0.536133,-0.138916,1.162598
-0.169678,-0.245361,0.848511
-0.003540,0.187988,1.094604
0.418091,-0.386108,1.030640
-0.445557,-0.043579,0.834961
0.510010,-0.138916,1.173950
-0.009155,-0.337280,0.882690
-0.104248,0.236206,1.081787
0.455444,-0.321045,1.052490
-0.448608,-0.036499,0.842163
0.456421,-0.119141,1.168823
0.015381,-0.357056,0.894897
-0.198364,0.203003,1.047485
0.502686,-0.279297,1.092407
-0.427002,-0.075806,0.796753
0.358643,-0.027710,1.156494
0.103516,-0.394775,0.926147
-0.281982,0.180298,1.010620
0.531250,-0.274414,1.114014
-0.368042,-0.133179,0.817261
0.281250,0.046875,1.150635
0.173096,-0.407471,0.918213
-0.343994,0.144653,0.953125
0.551025,-0.262817,1.114868
-0.320801,-0.186401,0.828369
0.192383,0.101318,1.138916
0.237671,-0.418823,0.936646
-0.395508,0.118896,0.914185
0.562744,-0.232422,1.140991
-0.285156,-0.229858,0.820190
0.118652,0.119507,1.117432
0.305298,-0.409302,0.964478
-0.439087,0.107544,0.885864
0.539917,-0.189453,1.141235
-0.232300,-0.255127,0.830933
0.055786,0.117676,1.107788
0.339600,-0.395874,0.984863
-0.465210,0.084839,0.859741
0.524780,-0.144775,1.143555
-0.135254,-0.290771,0.849121
-0.044922,0.163696,1.087280
0.382202,-0.401123,0.992554
-0.443848,-0.001221,0.845581
0.500366,-0.126831,1.151001
-0.107788,-0.287231,0.820312
-0.107056,0.190186,1.062866
0.431396,-0.369873,1.025757
-0.461914,-0.048584,0.825806
0.453003,-0.127808,1.151855
-0.082153,-0.313110,0.830811
-0.192383,0.208008,1.036255
0.458130,-0.325684,1.041016
-0.457886,-0.073120,0.815674
0.393677,-0.088989,1.144897
-0.031250,-0.324951,0.864502
-0.270630,0.192261,0.989868
0.489380,-0.301270,1.070679
-0.430054,-0.106445,0.801147
0.322510,-0.013794,1.138306
0.040894,-0.360107,0.860962
-0.341553,0.163330,0.935547
0.510498,-0.307739,1.077637
-0.397949,-0.172363,0.782959
0.257202,-0.012329,1.124634
0.103882,-0.378052,0.877930
-0.404297,0.172974,0.910889
0.511963,-0.270874,1.083130
-0.362061,-0.213989,0.784912
0.161133,0.030762,1.082520
0.171753,-0.396729,0.899780
-0.453735,0.131592,0.869873
0.520020,-0.245361,1.089233
-0.336304,-0.218994,0.789551
0.069092,0.097656,1.080078
0.241333,-0.409668,0.914673
-0.484009,0.091919,0.850830
0.498169,-0.211182,1.090576
-0.247437,-0.273193,0.799438
-0.002197,0.118530,1.058350
0.285034,-0.397461,0.920288
-0.499268,0.056030,0.817749
0.469849,-0.186401,1.085449
-0.187744,-0.318481,0.770142
-0.080200,0.143555,1.029907
0.331177,-0.375610,0.941528
-0.515015,0.013428,0.789307
0.438965,-0.160522,1.093750
-0.165405,-0.336914,0.766968
-0.180908,0.162842,0.999634
0.382080,-0.353638,0.966309
-0.532593,-0.014526,0.774902
0.395508,-0.110596,1.101196
-0.128052,-0.343262,0.774292
-0.270386,0.158936,0.961792
0.416138,-0.345215,1.006958
-0.514282,-0.091187,0.745605
0.328979,-0.042603,1.098877
-0.073364,-0.318481,0.805298
-0.343994,0.178711,0.939453
0.436401,-0.355957,0.996704
-0.494385,-0.110962,0.742798
0.270508,-0.026001,1.087402
-0.012695,-0.344482,0.820068
-0.418335,0.182739,0.890137
0.442871,-0.307983,1.029907
-0.460815,-0.191528,0.727051
0.199219,0.003906,1.070190
0.049438,-0.385254,0.835083
-0.466675,0.175049,0.871704
0.458984,-0.287476,1.023438
-0.447754,-0.181885,0.735352
0.104858,0.054199,1.038208
0.136475,-0.420166,0.855713
-0.502197,0.140869,0.845947
0.441162,-0.233887,1.029175
-0.379761,-0.191895,0.763672
0.028564,0.081421,1.026733
0.188965,-0.424438,0.871704
-0.548584,0.088257,0.795044
0.451172,-0.223999,1.043701
-0.295532,-0.273315,0.734985
-0.066284,0.159668,1.021118
0.251099,-0.412231,0.884399
-0.565430,0.056396,0.781982
0.429077,-0.194702,1.046265
-0.233765,-0.299072,0.726074
-0.144897,0.145508,0.977783
0.300293,-0.381958,0.906982
-0.581543,0.027588,0.743896
0.404541,-0.179565,1.045776
-0.192383,-0.332520,0.736450
-0.232422,0.173950,0.960938
0.350098,-0.340576,0.939087
-0.603149,0.026733,0.736694
0.321289,-0.158203,1.022949
-0.127563,-0.389038,0.761963
-0.298950,0.144775,0.927124
0.365723,-0.306396,0.960571
-0.585815,0.031006,0.713989
0.249268,-0.079956,1.018921
-0.045776,-0.367920,0.807861
-0.398438,0.169189,0.893555
0.397217,-0.290161,0.983521
-0.551880,-0.052979,0.700317
0.157349,0.044678,1.014404
0.009399,-0.378052,0.800659
-0.462158,0.166992,0.889893
0.435547,-0.304443,1.003418
-0.504883,-0.104980,0.708496
0.077026,0.110229,1.011108
0.058228,-0.351562,0.820557
-0.530640,0.156372,0.850952
0.456299,-0.308350,1.010376
-0.430542,-0.172729,0.730225
0.008667,0.120239,1.002686
0.133545,-0.390381,0.837891
-0.570190,0.136719,0.798340
0.444214,-0.258057,1.010742
-0.345581,-0.216431,0.734985
-0.040771,0.153076,0.999390
0.190918,-0.403076,0.842896
-0.592651,0.120972,0.783203
0.437012,-0.227539,1.012939
-0.273560,-0.265015,0.734253
-0.111084,0.165283,0.980103
0.240234,-0.400757,0.860840
-0.608643,0.112183,0.768311
0.417114,-0.202393,1.013550
-0.215088,-0.320190,0.722900
-0.207642,0.183960,0.946411
0.317383,-0.400757,0.900879
-0.615234,0.096313,0.752197
0.367554,-0.151001,0.993286
-0.175171,-0.338379,0.729980
-0.253296,0.178467,0.926270
0.345581,-0.351074,0.918091
-0.621460,0.043701,0.725586
0.320312,-0.140991,1.001709
-0.113525,-0.376831,0.728638
-0.342529,0.202026,0.891479
0.384033,-0.331665,0.940430
-0.574829,-0.007935,0.721680
0.227173,-0.067383,0.984375
-0.063599,-0.404419,0.744385
-0.405884,0.189331,0.865845
0.394409,-0.291016,0.951782
-0.541260,-0.043579,0.715088
0.152710,0.033325,1.004517
0.014526,-0.393188,0.789917
-0.483521,0.172974,0.848877
0.406738,-0.271729,0.978149
-0.488159,-0.077759,0.728394
0.073730,0.117310,1.014648
0.096313,-0.398560,0.810059
-0.548584,0.196777,0.840820
0.428589,-0.233398,1.000366
-0.414551,-0.130737,0.743530
0.005737,0.159912,0.993286
0.161743,-0.404541,0.827026
-0.586060,0.165771,0.805420
0.443604,-0.233765,1.017456
-0.314819,-0.207764,0.737549
-0.065918,0.204956,0.987305
0.215576,-0.377563,0.847656
-0.595459,0.097290,0.758423
0.440674,-0.196899,1.032349
-0.228394,-0.328613,0.708862
-0.127808,0.216431,0.962524
0.257080,-0.353394,0.861206
-0.613281,0.115601,0.757812
0.437500,-0.211548,1.010620
-0.177734,-0.330566,0.724609
-0.175781,0.193359,0.938232
0.295776,-0.334229,0.887817
-0.621826,0.104858,0.734253
0.405884,-0.172852,1.011841
-0.125610,-0.351929,0.752563
-0.221802,0.171021,0.900879
0.340698,-0.321533,0.910034
-0.619141,0.128418,0.735718
0.341064,-0.111328,1.005981
-0.066406,-0.396484,0.755371
-0.272461,0.177002,0.901733
0.364258,-0.313477,0.918945
-0.598267,0.102661,0.729980
0.294189,-0.072876,0.990479
-0.039062,-0.413330,0.751343
-0.328735,0.196289,0.878784
0.401855,-0.308716,0.933105
-0.583008,0.055908,0.725464
0.232056,-0.038818,0.977295
0.000732,-0.410156,0.765015
-0.368896,0.150757,0.850586
0.403931,-0.259155,0.957642
-0.545898,0.000977,0.713135
0.188110,0.016968,1.007324
0.033081,-0.395508,0.787354
-0.451294,0.185425,0.831421
0.412476,-0.232910,0.976929
-0.477295,-0.104736,0.724243
0.133057,0.065430,1.015747
0.085327,-0.403687,0.801025
-0.519165,0.206543,0.819458
0.440430,-0.210938,0.991089
-0.412964,-0.115601,0.750732
0.062622,0.113037,1.019531
0.149658,-0.429077,0.818237
-0.552490,0.162598,0.788086
0.456421,-0.190552,1.003296
-0.348511,-0.153809,0.745483
-0.010132,0.154419,0.990234
0.220581,-0.418213,0.839233
-0.578491,0.147827,0.770142
0.452637,-0.207886,1.004639
-0.282104,-0.183716,0.758179
-0.091919,0.203247,0.976562
0.264282,-0.399292,0.875854
-0.574463,0.081299,0.755859
0.440186,-0.201172,1.010010
-0.213623,-0.213745,0.778687
-0.143066,0.244263,0.975464
0.313477,-0.377075,0.890015
-0.588745,0.074951,0.754395
0.419434,-0.179565,1.024902
-0.150757,-0.312622,0.749390
-0.194580,0.218262,0.943481
0.361938,-0.369507,0.902466
-0.574707,0.087769,0.768555
0.378052,-0.123413,1.024414
-0.074463,-0.359253,0.766113
-0.238037,0.212524,0.906128
0.378662,-0.336548,0.925415
-0.572266,0.018677,0.733032
0.338379,-0.113770,1.000977
-0.025757,-0.393555,0.768433
-0.290039,0.221069,0.900024
0.396851,-0.327881,0.933472
-0.541382,-0.016602,0.736938
0.266479,-0.073242,0.989868
0.015381,-0.460083,0.758301
-0.351440,0.154663,0.854736
0.423706,-0.321777,0.949219
-0.518433,-0.044434,0.739502
0.187378,0.007202,0.998413
0.049194,-0.438110,0.774048
-0.420288,0.153320,0.828369
0.449097,-0.276245,0.981079
-0.453003,-0.102783,0.754150
0.095093,0.085205,0.991333
0.111816,-0.458618,0.778198
-0.490234,0.126953,0.791992
0.470947,-0.237793,1.011230
-0.384033,-0.162476,0.751953
0.011108,0.154663,1.013916
0.190796,-0.442261,0.836182
-0.543579,0.093140,0.770874
0.459839,-0.238403,1.024658
-0.277344,-0.225952,0.767090
-0.069580,0.214233,1.013916
0.256592,-0.414673,0.860352
-0.559082,0.059692,0.745850
0.451538,-0.235596,1.027588
-0.187744,-0.266968,0.791504
-0.141968,0.203735,0.964355
0.309204,-0.390991,0.896362
-0.555176,0.061279,0.757202
0.406982,-0.185303,1.027222
-0.080078,-0.366821,0.784302
-0.190552,0.180664,0.939819
0.352905,-0.365479,0.912598
-0.564087,0.036865,0.739014
0.358765,-0.165527,0.997437
-0.005859,-0.417725,0.789307
-0.265381,0.140137,0.891724
0.391479,-0.338135,0.950928
-0.533447,-0.038086,0.727051
0.280762,-0.067139,1.001343
0.032471,-0.449707,0.770630
-0.308838,0.129639,0.868164
0.435059,-0.316162,0.974243
-0.506226,-0.062500,0.739136
0.181885,-0.014282,0.984497
0.074585,-0.477173,0.776367
-0.384033,0.110718,0.847046
0.474976,-0.315796,0.998047
-0.461792,-0.092407,0.745483
0.107178,0.076782,1.011475
0.118164,-0.435181,0.803833
-0.442993,0.084351,0.803711
0.482300,-0.322266,0.996826
-0.403442,-0.175171,0.748535
0.047363,0.158936,1.033691
0.184692,-0.428467,0.824951
-0.482666,0.058350,0.775269
0.499634,-0.332886,1.025024
-0.343140,-0.240601,0.757690
-0.026367,0.144897,1.006836
0.243652,-0.444092,0.852905
-0.510376,0.067505,0.754761
0.479614,-0.274536,1.022339
-0.244751,-0.259521,0.789673
-0.104858,0.153198,0.998169
0.295288,-0.436523,0.892334
-0.541260,0.031372,0.750610
0.445923,-0.224854,1.045776
-0.154175,-0.304077,0.801147
-0.139648,0.178101,1.006714
0.345581,-0.413330,0.925049
-0.545654,0.046021,0.754639
0.392456,-0.153198,1.049438
-0.041626,-0.399170,0.807129
-0.179932,0.151733,0.967773
0.384155,-0.373657,0.950073
-0.537109,-0.006470,0.750977
0.340942,-0.145874,1.020386
0.045776,-0.492554,0.791992
-0.246582,0.152222,0.929810
0.419922,-0.311401,0.981445
-0.505371,-0.029053,0.763184
0.281616,-0.092041,1.022705
0.093872,-0.470215,0.814331
-0.314575,0.094238,0.881714
0.456909,-0.304565,1.021973
-0.478760,-0.124756,0.739136
0.204346,-0.013428,1.034058
0.130127,-0.483276,0.829468
-0.377441,0.136230,0.891846
0.493164,-0.302246,1.037720
-0.424438,-0.140259,0.759277
0.109863,0.050903,1.022461
0.217285,-0.490112,0.857910
-0.418701,0.044922,0.828369
0.499512,-0.265991,1.061157
-0.335938,-0.204102,0.771118
0.043701,0.146973,1.051880
0.256470,-0.453857,0.879395
-0.473389,0.007568,0.782959
0.499878,-0.264648,1.068115
-0.257202,-0.244629,0.800659
-0.034058,0.177979,1.042236
0.315063,-0.421875,0.923706
-0.519897,0.048950,0.791382
0.482422,-0.270874,1.070801
-0.151978,-0.331421,0.836304
-0.090210,0.184448,1.041992
0.349976,-0.378662,0.950073
-0.518311,0.056152,0.794556
0.470581,-0.231934,1.076416
-0.075317,-0.326538,0.861084
-0.135132,0.163208,1.014648
0.393433,-0.354980,0.980957
-0.475708,0.000854,0.779419
0.419434,-0.117798,1.090088
0.024170,-0.342041,0.877930
-0.197021,0.168457,1.007324
0.449463,-0.387329,1.004150
-0.488647,-0.052124,0.764771
0.370239,-0.084106,1.095703
0.064209,-0.412354,0.866211
-0.219849,0.178467,1.003296
0.471436,-0.357910,1.028564
-0.455688,-0.073364,0.788452
0.334229,-0.068726,1.077026
0.074829,-0.399536,0.866333
-0.260742,0.166016,0.970947
0.517456,-0.338013,1.065796
-0.445435,-0.108398,0.789795
0.288818,-0.042725,1.075562
0.112793,-0.402954,0.873657
-0.293579,0.172241,0.966919
0.520386,-0.281616,1.080444
-0.419434,-0.135864,0.785522
0.257690,-0.012085,1.078369
0.182617,-0.432251,0.903564
-0.345215,0.124878,0.903809
0.538330,-0.248169,1.104858
-0.361938,-0.151978,0.798462
0.168579,0.047363,1.073608
0.238037,-0.485840,0.913696
-0.390747,0.031616,0.849854
0.562256,-0.242920,1.131592
-0.301880,-0.200562,0.811890
0.092041,0.153931,1.079712
0.307739,-0.459595,0.933838
-0.418823,0.039795,0.855225
0.538818,-0.231567,1.128540
-0.237549,-0.241089,0.838135
0.039673,0.173096,1.081665
0.346313,-0.430664,0.963745
-0.457886,0.044800,0.842285
0.533325,-0.187256,1.149536
-0.167114,-0.267700,0.858154
-0.024780,0.190796,1.075928
0.394531,-0.415771,1.004395
-0.457764,0.017822,0.834106
0.502686,-0.151367,1.145264
-0.080444,-0.294678,0.880371
-0.088623,0.228760,1.077148
0.430664,-0.369751,1.019531
-0.446655,-0.031128,0.827759
0.473877,-0.133423,1.150757
0.012573,-0.352417,0.901855
-0.131592,0.201660,1.052856
0.455322,-0.310181,1.053101
-0.434570,-0.074219,0.809448
0.433594,-0.109009,1.153809
0.049683,-0.383301,0.888428
-0.196777,0.218262,1.051880
0.504761,-0.301025,1.081177
-0.421021,-0.060303,0.815552
0.356934,-0.025757,1.134644
0.106812,-0.405273,0.926514
-0.259277,0.182861,1.047485
0.536011,-0.277954,1.135498
-0.398315,-0.105713,0.801514
0.303711,0.053467,1.153076
0.167358,-0.394165,0.941284
-0.307983,0.165527,1.004150
0.561768,-0.271118,1.145386
-0.365112,-0.157837,0.808228
0.235474,0.080566,1.127930
0.214722,-0.412598,0.936890
-0.344116,0.078979,0.933960
0.583618,-0.276001,1.150879
-0.309814,-0.201416,0.812988
0.152466,0.153320,1.105103
0.270020,-0.385620,0.950806
-0.359497,0.034302,0.903564
0.585327,-0.246948,1.173340
-0.271118,-0.251221,0.824951
0.093018,0.166016,1.096436
0.318848,-0.387817,0.977417
-0.414307,0.032837,0.869507
0.574707,-0.224976,1.175537
-0.199219,-0.312500,0.856812
0.031372,0.180176,1.105591
0.365601,-0.399658,0.973633
-0.442505,0.056641,0.860107
0.565063,-0.210693,1.166504
-0.124756,-0.341064,0.880615
-0.029175,0.172729,1.093628
0.389038,-0.367310,1.014404
-0.432495,0.012085,0.855835
0.530151,-0.143066,1.180298
-0.078003,-0.323608,0.878662
-0.046509,0.195312,1.093506
0.422852,-0.356323,1.032227
-0.451782,-0.000732,0.843384
0.509399,-0.123413,1.161621
-0.042603,-0.332642,0.874756
-0.089111,0.201416,1.106323
0.449341,-0.371704,1.036987
-0.461548,0.000610,0.847900
0.484375,-0.104492,1.174561
-0.016357,-0.317505,0.874756
-0.141113,0.211914,1.075806
0.462036,-0.343262,1.058960
-0.463501,-0.044922,0.833862
0.460205,-0.094604,1.188232
-0.011108,-0.319702,0.878052
-0.172119,0.206787,1.058350
0.481689,-0.289795,1.087402
-0.467041,-0.064819,0.812134
0.432129,-0.111938,1.168945
0.008667,-0.353516,0.884277
-0.206665,0.207031,1.045410
0.495972,-0.274902,1.091309
-0.461060,-0.040894,0.813477
0.381226,-0.083618,1.158081
0.056885,-0.387817,0.898193
-0.239258,0.194336,1.014893
0.509033,-0.268921,1.092041
-0.434082,-0.067993,0.795898
0.318359,-0.055908,1.124390
0.106201,-0.392456,0.912476
-0.291382,0.157715,0.986084
0.521362,-0.250000,1.113525
-0.397949,-0.138428,0.787354
0.254272,0.002930,1.129517
0.151367,-0.395020,0.916504
-0.339111,0.135010,0.945435
0.535522,-0.257568,1.104858
-0.359741,-0.162231,0.796509
0.171387,0.072510,1.111084
0.227295,-0.407104,0.928711
-0.415771,0.108765,0.896606
0.530762,-0.233765,1.114502
-0.287476,-0.240234,0.817139
0.074951,0.104858,1.082520
0.276001,-0.374756,0.955078
-0.449341,0.073120,0.855835
0.531616,-0.198608,1.131714
-0.191895,-0.291016,0.835571
-0.026611,0.134521,1.071045
0.333496,-0.382690,0.960083
-0.464111,0.022583,0.834351
0.503540,-0.167725,1.139648
-0.121826,-0.352661,0.809937
-0.122070,0.158813,1.032715
0.384521,-0.378540,0.980225
-0.484253,-0.005737,0.816895
0.454224,-0.119019,1.147339
-0.083252,-0.351074,0.818237
-0.215698,0.188599,1.028564
0.432251,-0.336792,1.018799
-0.489136,-0.057861,0.780762
0.377075,-0.091309,1.137085
-0.012085,-0.342407,0.857056
-0.293945,0.209229,0.992065
0.472778,-0.296143,1.050171
0.276123,-0.024048,1.106567
0.503784,-0.284180,1.074829
0.157227,0.105103,1.089844
0.144409,-0.406860,0.878174
-0.451050,0.088379,0.865234
0.512817,-0.277954,1.095093
-0.340820,-0.231201,0.783691
0.055664,0.165894,1.069336
0.205566,-0.373779,0.883423
-0.503052,0.060547,0.818604
0.506592,-0.278687,1.078125
-0.238647,-0.327881,0.778442
-0.006958,0.135376,1.041016
0.237549,-0.360962,0.886475
-0.521973,0.046265,0.785400
0.482178,-0.248657,1.089111
-0.184204,-0.355469,0.772827
-0.073853,0.127197,1.019165
0.295776,-0.374390,0.906372
-0.548218,0.065308,0.768555
0.447876,-0.207520,1.072998
-0.166992,-0.351562,0.779541
-0.164795,0.149902,1.007690
0.362305,-0.379028,0.938843
-0.561646,0.061768,0.777954
0.385254,-0.149170,1.067017
-0.131714,-0.361084,0.773438
-0.247070,0.179565,0.973267
0.400024,-0.343262,0.993042
-0.564453,-0.022949,0.750122
0.341675,-0.112793,1.074585
-0.086182,-0.358887,0.786743
-0.328125,0.184570,0.937012
0.424438,-0.327271,0.998901
-0.526367,-0.076172,0.745117
0.254028,-0.065674,1.065918
-0.022095,-0.392212,0.813721
-0.394775,0.172729,0.902344
0.432617,-0.295532,1.017090
-0.478394,-0.097412,0.728760
0.186768,0.033936,1.065186
0.048462,-0.348389,0.857056
-0.475952,0.161377,0.865234
0.446289,-0.304810,1.021973
-0.444702,-0.170654,0.733765
0.089355,0.105469,1.051270
0.107666,-0.396606,0.832397
-0.523193,0.120361,0.837769
0.470947,-0.273926,1.045044
-0.373413,-0.241455,0.721802
-0.000854,0.148315,1.030151
0.175659,-0.409790,0.836670
-0.552002,0.084351,0.787476
0.475952,-0.284546,1.041138
-0.292358,-0.296753,0.737671
-0.069946,0.136475,0.988159
0.228271,-0.374268,0.864380
-0.573975,0.059326,0.765869
0.450317,-0.273438,1.036987
-0.237915,-0.370972,0.712646
-0.106445,0.137573,0.981689
0.262939,-0.333130,0.892944
-0.624756,0.079712,0.730713
0.373779,-0.103882,1.090820
-0.180298,-0.384399,0.738647
-0.267334,0.144653,0.974487
0.409058,-0.331543,1.004517
-0.593872,0.035278,0.723877
0.336426,-0.062012,1.104492
-0.052734,-0.319214,0.824951
-0.323975,0.170166,0.932373
0.444580,-0.312378,1.031616
-0.503540,-0.092773,0.747314
0.263184,-0.081177,1.067261
-0.010254,-0.389771,0.806763
-0.385620,0.193604,0.905273
0.464233,-0.288696,1.019165
-0.454346,-0.118408,0.752075
0.169312,0.021973,1.068237
0.051392,-0.412598,0.837646
-0.435669,0.143188,0.875000
0.453003,-0.264404,1.033813
-0.472900,-0.107300,0.737549
0.125977,0.047729,1.044678
0.110229,-0.416382,0.849365
-0.477295,0.141602,0.859741
0.456909,-0.276001,1.027588
-0.453247,-0.168945,0.739868
0.090088,0.060059,1.038818
0.150757,-0.424561,0.855103
-0.523438,0.170898,0.830811
0.452271,-0.220825,1.039062
-0.377075,-0.209595,0.761963
0.017578,0.054443,1.018311
0.191528,-0.446289,0.863037
-0.542114,0.088013,0.800171
0.468140,-0.233276,1.048340
-0.289307,-0.237061,0.757446
-0.080811,0.159302,1.003906
0.246704,-0.429932,0.875244
-0.556519,0.030151,0.771118
0.436768,-0.203369,1.051636
-0.235107,-0.294556,0.737793
-0.143555,0.155151,0.974487
0.298462,-0.360107,0.905884
-0.589844,-0.002563,0.731079
0.396606,-0.205200,1.034424
-0.165283,-0.358765,0.738403
-0.200928,0.179565,0.977905
0.321289,-0.353271,0.902710
-0.618408,0.051514,0.744995
0.339844,-0.182617,1.017944
-0.123047,-0.414062,0.743286
-0.263062,0.145142,0.936523
0.356201,-0.314087,0.943481
-0.597412,0.037231,0.709351
0.259033,-0.092773,1.006958
-0.049927,-0.388550,0.787476
-0.358154,0.154297,0.911743
0.383423,-0.299438,0.980347
-0.562744,-0.061035,0.690186
0.194336,-0.039062,1.002930
-0.026855,-0.387573,0.791748
-0.445190,0.191284,0.881592
0.439941,-0.298584,0.994629
-0.528320,-0.087646,0.717773
0.090088,0.060913,0.996704
0.035767,-0.417480,0.799683
-0.480225,0.122437,0.853149
0.428589,-0.263672,1.003662
-0.469482,-0.095703,0.721191
0.035156,0.149048,1.018433
0.103638,-0.407715,0.809326
-0.534546,0.112915,0.823853
0.444946,-0.266724,1.018433
-0.397583,-0.194580,0.727173
-0.015503,0.167847,1.005127
0.135254,-0.395386,0.817627
-0.557983,0.125732,0.805054
0.445923,-0.269165,1.017578
-0.353271,-0.245728,0.721313
-0.044434,0.145020,0.992188
0.186157,-0.395386,0.843140
-0.597412,0.133667,0.790161
0.433350,-0.249512,1.001343
-0.289673,-0.293091,0.728027
-0.087524,0.165039,0.975952
0.233521,-0.389038,0.860229
-0.613525,0.116577,0.757202
0.430298,-0.213013,1.027466
-0.244751,-0.306274,0.718384
-0.141357,0.161011,0.966309
0.267334,-0.386353,0.872925
-0.617065,0.116699,0.749390
0.411255,-0.172363,1.021484
-0.195679,-0.341064,0.731812
-0.191528,0.167114,0.957275
0.305908,-0.389282,0.897339
-0.632568,0.087646,0.730469
0.381836,-0.158203,1.024170
-0.156250,-0.357178,0.726929
-0.279419,0.202148,0.918701
0.353638,-0.377563,0.914307
-0.606812,0.023682,0.724609
0.334961,-0.122070,1.012695
-0.128784,-0.364868,0.719604
-0.328735,0.194946,0.894409
0.377197,-0.346802,0.919922
-0.577637,0.002441,0.720337
0.278809,-0.074463,1.005493
-0.075195,-0.398926,0.734741
-0.384155,0.211426,0.872681
0.395630,-0.299316,0.945312
-0.572510,-0.024658,0.697388
0.217285,-0.050537,0.996704
-0.019897,-0.417725,0.772461
-0.434937,0.215332,0.876831
0.397217,-0.257202,0.954834
-0.517822,-0.055298,0.718262
0.122803,0.052368,1.000977
0.032471,-0.417847,0.785889
-0.491699,0.183838,0.851440
0.429077,-0.250732,0.983276
-0.463257,-0.067627,0.736938
0.033447,0.161987,1.008911
0.125122,-0.399902,0.817261
-0.547607,0.142700,0.819458
0.421753,-0.214478,1.002075
-0.366089,-0.160645,0.724365
-0.011475,0.190796,1.006714
0.200684,-0.387817,0.833618
-0.602661,0.124023,0.776123
0.437378,-0.210449,1.011108
-0.251099,-0.268677,0.729614
-0.103516,0.204834,0.975586
0.252197,-0.355225,0.870728
-0.609497,0.109497,0.751587
0.419067,-0.157349,1.035767
-0.160767,-0.355713,0.730591
-0.170654,0.188599,0.936890
0.296143,-0.342407,0.881470
-0.616455,0.108032,0.738892
0.398438,-0.186157,1.003174
-0.109741,-0.366699,0.755981
-0.258057,0.192993,0.901611
0.345093,-0.314331,0.915283
-0.591187,0.079102,0.742676
0.322388,-0.100708,1.000122
-0.064941,-0.398926,0.743286
-0.310181,0.199829,0.889526
0.390503,-0.305054,0.927979
-0.574341,0.072754,0.729980
0.229248,-0.011230,0.983643
-0.020264,-0.406006,0.761353
-0.383545,0.161377,0.854858
0.433960,-0.296387,0.959961
-0.535156,0.020264,0.731201
0.145508,0.095337,0.989868
0.037598,-0.379028,0.776978
-0.438110,0.130371,0.827393
0.437744,-0.281982,0.981934
-0.475220,-0.043579,0.742676
0.102539,0.140503,1.010132
0.082397,-0.336914,0.801514
-0.518311,0.184204,0.813110
0.454834,-0.283936,0.992554
-0.432007,-0.138184,0.750000
0.052612,0.114746,1.010864
0.160767,-0.401855,0.835449
-0.570190,0.177979,0.792236
0.449463,-0.198608,1.014404
-0.321289,-0.183716,0.754150
-0.038574,0.153687,0.992065
0.226440,-0.418579,0.847900
-0.583252,0.155762,0.779419
0.438232,-0.143555,1.016968
-0.211670,-0.256226,0.755371
-0.117432,0.202515,0.969849
0.289551,-0.387085,0.896973
-0.595093,0.098755,0.754272
0.403687,-0.155518,1.010864
-0.133179,-0.309570,0.760620
-0.178589,0.214600,0.944702
0.343872,-0.348511,0.916748
-0.593140,0.088135,0.750610
0.351685,-0.110107,1.002075
-0.073242,-0.374878,0.752319
-0.244629,0.166992,0.893799
0.389771,-0.338013,0.933960
-0.569458,0.027832,0.739746
0.285034,-0.061768,0.990723
-0.022339,-0.406494,0.744263
-0.331421,0.151123,0.854248
0.428467,-0.306763,0.954590
-0.512451,-0.026611,0.755859
0.191650,-0.008301,0.985962
0.021240,-0.439819,0.756104
-0.417725,0.139771,0.818115
0.436401,-0.234009,0.987061
-0.445923,-0.061890,0.759766
0.094482,0.101440,1.000732
0.098633,-0.421265,0.802734
-0.497192,0.117554,0.795898
0.452393,-0.229492,1.007202
-0.400269,-0.098999,0.746948
0.012207,0.197266,1.020752
0.193359,-0.422241,0.826782
-0.559570,0.101685,0.763428
0.447632,-0.230225,1.009766
-0.294434,-0.213135,0.750854
-0.039917,0.207031,1.010986
0.248535,-0.385864,0.864746
-0.592773,0.112671,0.758545
0.450562,-0.251221,1.003784
-0.218506,-0.270264,0.763306
-0.113037,0.173218,0.974487
0.305298,-0.358887,0.900391
-0.579224,0.102295,0.738770
0.403564,-0.152100,1.020142
-0.100708,-0.350952,0.792114
-0.174438,0.164185,0.958374
0.337280,-0.379761,0.908691
-0.582153,0.074219,0.740723
0.364258,-0.159790,0.990723
-0.054565,-0.360718,0.788330
-0.228760,0.161133,0.912720
0.377686,-0.318115,0.937134
-0.545166,0.024780,0.739990
0.328857,-0.110352,1.010986
-0.011841,-0.413452,0.781372
-0.315552,0.170654,0.863403
0.421265,-0.345581,0.955078
-0.511475,-0.062866,0.746826
0.267334,-0.072388,0.999146
0.035767,-0.441406,0.770508
-0.362671,0.166382,0.843872
0.432495,-0.304199,0.959595
-0.477783,-0.093628,0.760498
0.184814,-0.029663,1.004517
0.077637,-0.486084,0.779419
-0.408936,0.109375,0.803589
0.438965,-0.259399,0.982178
-0.448730,-0.073364,0.770630
0.117188,0.031860,1.017212
0.132202,-0.490479,0.807495
-0.481812,0.091675,0.778076
0.456177,-0.264893,0.990967
-0.397095,-0.132812,0.750244
0.039429,0.141235,1.028809
0.208862,-0.430298,0.855469
-0.521606,0.056274,0.761597
0.468262,-0.277100,1.008423
-0.318604,-0.215088,0.751221
-0.039429,0.179565,1.016846
0.268555,-0.421753,0.882568
-0.529175,0.040039,0.765503
0.453979,-0.228394,1.035278
-0.227295,-0.228394,0.788940
-0.123901,0.193970,0.984375
0.326782,-0.431396,0.904785
-0.547974,0.027100,0.764404
0.414551,-0.203613,1.029175
-0.142212,-0.287354,0.796265
-0.167603,0.216309,0.987061
0.346436,-0.390259,0.936890
-0.539551,-0.017944,0.752075
0.400269,-0.178833,1.038818
-0.077881,-0.339355,0.791748
-0.209473,0.203613,0.967163
0.382446,-0.386230,0.942993
-0.518311,-0.043701,0.760864
0.364380,-0.143433,1.034302
-0.031982,-0.382935,0.791870
-0.241211,0.152222,0.924438
0.427856,-0.409668,0.959473
-0.522827,-0.072021,0.741089
0.323853,-0.099365,1.022949
0.029663,-0.432007,0.796753
-0.273804,0.150879,0.902954
0.432617,-0.347900,0.974121
-0.498413,-0.096436,0.751831
0.289795,-0.092651,1.027710
0.057983,-0.458862,0.790283
-0.319702,0.147217,0.884399
0.451660,-0.334961,0.988037
-0.470947,-0.118530,0.748779
0.238892,-0.054688,1.023438
0.088989,-0.483398,0.798340
-0.351318,0.105469,0.854980
0.466797,-0.287598,1.017334
-0.448364,-0.123169,0.756470
0.186157,0.002563,1.020142
0.122070,-0.469360,0.824951
-0.377808,0.107910,0.868530
0.497070,-0.309204,1.030518
-0.432739,-0.148804,0.748291
0.127075,0.043335,1.020630
0.175659,-0.504639,0.827881
-0.412720,0.096802,0.842163
0.504272,-0.264404,1.046753
-0.362549,-0.162964,0.770630
0.072632,0.103271,1.029297
0.211060,-0.457153,0.873535
-0.432251,-0.004395,0.804077
0.509033,-0.278931,1.069336
-0.353516,-0.202881,0.756714
0.046143,0.163940,1.057373
0.272583,-0.448975,0.892212
-0.472168,0.030518,0.786377
0.497070,-0.284790,1.061279
-0.285767,-0.253906,0.794312
0.009644,0.156738,1.049927
0.298218,-0.474609,0.893555
-0.479248,0.042603,0.794556
0.497925,-0.233276,1.070679
-0.233398,-0.247437,0.804077
-0.029297,0.165161,1.040894
0.323608,-0.450317,0.905518
-0.492798,0.060303,0.797241
0.495239,-0.224243,1.095581
-0.172363,-0.284180,0.831055
-0.083130,0.189941,1.040283
0.345825,-0.411987,0.939697
-0.470215,-0.017090,0.798340
0.468872,-0.196045,1.088379
-0.127441,-0.267212,0.844971
-0.114624,0.210327,1.040039
0.403320,-0.419067,0.969360
-0.477051,-0.026733,0.794556
0.438110,-0.151123,1.097900
-0.026245,-0.338013,0.851929
-0.153564,0.220093,1.040161
0.414429,-0.378174,0.985840
-0.471802,-0.041748,0.797974
0.419556,-0.140503,1.105469
0.030884,-0.397095,0.860229
-0.194702,0.183105,1.016113
0.454834,-0.344116,1.024414
-0.453003,-0.070923,0.776733
0.367676,-0.088379,1.096069
0.088379,-0.416138,0.867920
-0.251587,0.195068,0.996948
0.493164,-0.319702,1.065796
-0.433838,-0.116089,0.776733
0.303467,-0.021118,1.094482
0.115234,-0.431885,0.874146
-0.298706,0.171387,0.972656
0.520264,-0.288818,1.090454
-0.396484,-0.118896,0.797607
0.243652,0.033447,1.104492
0.169556,-0.469482,0.894897
-0.339600,0.132935,0.947754
0.544800,-0.277100,1.106567
-0.364380,-0.163940,0.790283
0.196289,0.090088,1.103149
0.234497,-0.453491,0.910400
-0.372803,0.112305,0.913330
0.549072,-0.270874,1.108765
-0.309570,-0.232544,0.805298
0.135498,0.116333,1.096558
0.279419,-0.432617,0.928711
-0.411621,0.061157,0.855347
0.562988,-0.274292,1.112915
-0.244507,-0.251343,0.843384
0.061523,0.175293,1.093262
0.339966,-0.421509,0.961060
-0.452148,0.076172,0.838501
0.537109,-0.236938,1.130737
-0.199341,-0.289429,0.849731
0.030151,0.160645,1.092773
0.384644,-0.396362,0.995239
-0.481323,0.071899,0.831665
0.522949,-0.204102,1.136597
-0.120361,-0.316406,0.874756
-0.040527,0.189087,1.101807
0.427124,-0.393433,1.021851
-0.468750,0.052368,0.846558
0.493774,-0.161621,1.141235
-0.030029,-0.353882,0.891235
-0.092529,0.192017,1.079102
0.442871,-0.342896,1.034790
-0.455322,0.021118,0.830688
0.460938,-0.125854,1.144653
0.043579,-0.412109,0.892212
-0.146118,0.187500,1.072754
0.473389,-0.309570,1.070435
-0.447266,-0.020996,0.821045
0.420288,-0.058228,1.156250
0.044678,-0.367310,0.890869
-0.193237,0.181763,1.066406
0.517456,-0.284790,1.108643
-0.422729,-0.070557,0.821777
0.365845,0.019775,1.162720
0.103027,-0.365234,0.920532
-0.264282,0.193848,1.017700
0.549561,-0.296021,1.127441
-0.404053,-0.155029,0.791504
0.310669,0.000122,1.144165
0.165894,-0.383789,0.944946
-0.312012,0.179810,0.977539
0.568115,-0.249512,1.143799
-0.361572,-0.154663,0.816772
0.221802,0.029663,1.116699
0.245361,-0.417969,0.978760
-0.350342,0.106812,0.924072
0.570190,-0.205322,1.152222
-0.293213,-0.180176,0.822021
0.131470,0.108398,1.114014
0.313477,-0.471191,0.967041
-0.388184,0.064941,0.906128
0.567871,-0.178589,1.172729
-0.239258,-0.225464,0.836548
0.049438,0.162964,1.100586
0.366943,-0.388428,1.013184
-0.424805,0.037354,0.871094
0.547363,-0.167480,1.166992
-0.160156,-0.244873,0.873535
-0.021973,0.186401,1.083618
0.411011,-0.381714,1.015869
-0.435059,0.000244,0.851318
0.519653,-0.131348,1.178223
-0.050415,-0.307373,0.886475
-0.093628,0.186401,1.074707
0.444824,-0.365112,1.028442
-0.448608,-0.037720,0.829956
0.486938,-0.119385,1.178467
-0.008301,-0.344849,0.886841
-0.187866,0.219604,1.048584
0.475098,-0.285645,1.071411
-0.425415,-0.067505,0.826416
0.419189,-0.074097,1.169678
0.027710,-0.354858,0.909790
-0.240723,0.210938,1.050537
0.513062,-0.284424,1.094116
-0.409546,-0.095825,0.821411
0.325562,0.007080,1.162842
0.109375,-0.388184,0.920410
-0.297363,0.161865,0.982178
0.538452,-0.254395,1.125977
-0.387939,-0.152100,0.800049
0.243774,0.055298,1.150513
0.190918,-0.423340,0.927856
-0.358765,0.135498,0.933105
0.545166,-0.255615,1.111450
-0.320190,-0.181396,0.815063
0.166382,0.089233,1.120361
0.237183,-0.407593,0.947754
-0.412354,0.099609,0.901123
0.535156,-0.222656,1.121460
-0.277954,-0.243408,0.815063
0.092896,0.117798,1.103394
0.305542,-0.405762,0.954468
-0.444580,0.090576,0.860474
0.528931,-0.167969,1.128418
-0.199585,-0.283447,0.823120
-0.003418,0.134399,1.075073
0.337036,-0.384399,0.969116
-0.441162,0.008911,0.841797
0.513550,-0.140015,1.151855
-0.135620,-0.319824,0.818237
-0.105103,0.164429,1.045410
0.401489,-0.377808,0.997314
-0.459473,-0.047485,0.821289
0.487061,-0.115845,1.171997
-0.091919,-0.317871,0.807129
-0.181152,0.203125,1.032593
0.423340,-0.340088,1.014893
-0.468262,-0.069946,0.808716
0.414795,-0.113647,1.137695
-0.050049,-0.318115,0.848511
-0.239258,0.193359,0.991943
0.477295,-0.287354,1.060059
-0.478882,-0.082275,0.778076
0.327393,-0.057617,1.125610
0.033813,-0.388306,0.864868
-0.317261,0.160767,0.950806
0.498047,-0.275391,1.076050
-0.408813,-0.100098,0.791626
0.208862,0.054932,1.108032
0.107422,-0.395264,0.877319
-0.405151,0.086060,0.897827
0.529785,-0.288696,1.107666
-0.370483,-0.222534,0.770996
0.109619,0.145752,1.103394
0.167236,-0.361206,0.872437
-0.459229,0.080322,0.868164
0.532104,-0.317871,1.085938
-0.272583,-0.308960,0.796997
0.025269,0.116211,1.049194
0.231812,-0.353516,0.901978
-0.493042,0.057007,0.798584
0.500488,-0.239746,1.097168
-0.199097,-0.364502,0.787964
-0.052612,0.102783,1.030640
0.309448,-0.373779,0.930420
-0.528198,0.043945,0.777832
0.458008,-0.178223,1.102539
-0.151855,-0.340088,0.791260
-0.156250,0.118408,1.002686
0.360596,-0.358521,0.958130
-0.529175,-0.001709,0.775635
0.411499,-0.145142,1.093384
-0.137695,-0.332520,0.783813
-0.265137,0.156372,0.957642
0.398926,-0.333984,0.988770
-0.517700,-0.074219,0.754150
0.361084,-0.099854,1.099976
-0.078491,-0.313232,0.813599
-0.351318,0.178711,0.917847
0.418823,-0.319458,1.001221
-0.484985,-0.120117,0.736206
0.295288,-0.071655,1.086426
-0.017822,-0.369385,0.811279
-0.412964,0.208252,0.901733
0.442261,-0.294434,1.014404
-0.471191,-0.153809,0.745239
0.205811,-0.037109,1.055542
0.045532,-0.407471,0.836914
-0.464600,0.184448,0.871704
0.456055,-0.254150,1.026978
-0.460083,-0.147583,0.741333
0.114502,0.037964,1.060913
0.128174,-0.473999,0.840698
-0.501099,0.127075,0.831299
0.453125,-0.233521,1.031982
-0.398682,-0.156982,0.754517
0.030273,0.112427,1.031128
0.178833,-0.425781,0.857544
-0.517822,0.098267,0.829346
0.474487,-0.248291,1.044678
-0.348877,-0.241211,0.728638
-0.053101,0.162231,1.014771
0.234009,-0.437622,0.862305
-0.544800,0.054321,0.803955
0.438599,-0.201172,1.049683
-0.271240,-0.287354,0.728394
-0.096558,0.152344,0.989502
0.267822,-0.382446,0.893799
-0.585205,0.052368,0.758179
0.428589,-0.234131,1.034912
-0.229980,-0.369995,0.707031
-0.154175,0.134033,0.954346
0.281006,-0.348999,0.894043
-0.577881,0.036987,0.751587
0.404053,-0.215576,1.037109
-0.192261,-0.366455,0.727905
-0.225830,0.135986,0.936401
0.316162,-0.326904,0.933350
-0.595947,0.009766,0.709717
0.365234,-0.156372,1.035278
-0.144775,-0.347656,0.760864
-0.303467,0.170410,0.920532
0.369873,-0.359009,0.941772
-0.589233,0.023560,0.729736
0.274292,-0.070312,1.033447
-0.083496,-0.375122,0.780640
-0.373413,0.169678,0.897095
0.386597,-0.335938,0.957764
-0.564453,-0.012573,0.693970
0.190796,0.013794,1.011841
-0.028564,-0.378418,0.793701
-0.426147,0.167358,0.897583
0.415771,-0.316040,0.976074
-0.548950,-0.047729,0.692993
0.115356,0.103271,1.015991
0.040894,-0.374390,0.807129
-0.490723,0.164062,0.868896
0.430908,-0.320068,0.987915
-0.473755,-0.107422,0.725586
0.042114,0.156982,1.022949
0.075317,-0.346436,0.807007
-0.527466,0.141357,0.840942
0.451782,-0.302368,0.994751
-0.417236,-0.182617,0.729980
-0.005127,0.144409,0.993042
0.159546,-0.396118,0.837769
-0.581177,0.140259,0.812744
0.433594,-0.236206,1.014160
-0.325928,-0.266479,0.716797
-0.066895,0.149292,0.987061
0.207764,-0.393066,0.864502
-0.599487,0.109253,0.783813
0.422729,-0.202759,1.024292
-0.259033,-0.314575,0.707153
-0.139038,0.161743,0.960327
0.276001,-0.360840,0.877197
-0.607910,0.109863,0.760376
0.392090,-0.194214,1.017212
-0.187500,-0.343018,0.739258
-0.220337,0.157104,0.932495
0.330200,-0.369141,0.904907
-0.610474,0.082520,0.723511
0.350586,-0.125732,1.020508
-0.129761,-0.359375,0.728394
-0.305542,0.185547,0.887207
0.359375,-0.338867,0.923706
-0.586304,0.004028,0.711792
0.289673,-0.078247,1.018066
-0.082153,-0.396240,0.736328
-0.394775,0.218018,0.885376
0.399536,-0.322266,0.937500
-0.546875,-0.036987,0.725098
0.188232,-0.025269,1.003662
-0.027222,-0.403931,0.762085
-0.469727,0.226562,0.861206
0.417847,-0.271606,0.961426
-0.484131,-0.088013,0.734009
0.092407,0.057495,0.999512
0.082397,-0.390625,0.814819
-0.552734,0.219971,0.825195
0.427490,-0.239014,0.974609
-0.360718,-0.190674,0.747437
-0.001953,0.157227,1.019531
0.198120,-0.409302,0.849243
-0.610474,0.166016,0.782715
0.423706,-0.194458,0.997559
-0.250122,-0.267578,0.730103
-0.117920,0.198242,0.976562
0.277588,-0.359253,0.896362
-0.617798,0.105103,0.742920
0.396606,-0.156738,1.014648
-0.170410,-0.351440,0.721436
-0.207886,0.194702,0.930786
0.331421,-0.337769,0.898071
-0.611816,0.093140,0.739746
0.370850,-0.126587,1.016357
-0.087280,-0.373413,0.743530
-0.304810,0.205444,0.888916
0.358154,-0.314331,0.916870
-0.581787,0.014648,0.711060
0.289062,-0.069092,1.008789
-0.024414,-0.447632,0.745605
-0.396362,0.219360,0.860718
0.397949,-0.276978,0.929810
-0.537109,0.007812,0.721069
0.198975,0.001953,1.005737
0.027100,-0.425903,0.768433
-0.462402,0.204346,0.834961
0.418945,-0.244019,0.959351
-0.480347,-0.058594,0.732422
0.110718,0.093750,1.019043
0.098389,-0.406372,0.813232
-0.523438,0.177246,0.816528
0.421021,-0.227661,0.990723
-0.414429,-0.133545,0.732178
0.038696,0.159668,1.020508
0.165405,-0.398560,0.828735
-0.581909,0.166016,0.778564
0.451050,-0.211304,1.010376
-0.297363,-0.206177,0.747437
-0.052612,0.191406,0.994873
0.232910,-0.382935,0.857666
-0.591064,0.132935,0.774780
0.444702,-0.181152,1.031128
-0.217773,-0.262939,0.740845
-0.134644,0.226196,0.968262
0.301147,-0.390503,0.889648
-0.598999,0.112915,0.768799
0.418701,-0.154663,1.031616
-0.129883,-0.321167,0.753906
-0.207397,0.203979,0.923706
0.326294,-0.359863,0.895386
-0.583984,0.074707,0.753784
0.382080,-0.115356,1.028564
-0.061279,-0.378418,0.757568
-0.279297,0.210083,0.893311
0.359619,-0.324097,0.914062
-0.545044,0.016968,0.750610
0.324951,-0.084839,1.012451
-0.015625,-0.412720,0.760010
-0.343140,0.215576,0.858765
0.408203,-0.307007,0.940430
-0.530640,-0.004883,0.732178
0.234863,-0.033936,0.995117
0.012085,-0.422852,0.757568
-0.512329,0.183960,0.825073
0.432983,-0.226196,0.988281
-0.408691,-0.122925,0.745972
0.026978,0.138672,1.017944
0.153564,-0.396118,0.832153
-0.568604,0.165649,0.793701
0.435425,-0.200317,1.007202
-0.293335,-0.226929,0.748169
-0.067993,0.187500,0.991577
0.235840,-0.373779,0.870361
-0.578125,0.115479,0.763794
0.408081,-0.151123,1.016846
-0.209229,-0.297363,0.731201
-0.148193,0.178833,0.950806
0.323975,-0.371948,0.894409
-0.599731,0.100464,0.744385
0.386597,-0.118896,1.018188
-0.116821,-0.351318,0.729370
-0.244141,0.185425,0.903809
0.364624,-0.338135,0.929932
-0.575684,0.023804,0.731812
0.312378,-0.073730,1.012329
-0.044800,-0.401001,0.736938
-0.347656,0.201904,0.851685
0.396729,-0.292236,0.934082
-0.530151,-0.052979,0.720215
0.210449,-0.016113,0.997070
0.030273,-0.417847,0.769531
-0.441895,0.203613,0.841919
0.432861,-0.260498,0.961914
-0.454712,-0.074829,0.759277
0.089844,0.077881,0.999634
0.102051,-0.411987,0.814453
-0.525635,0.151245,0.796997
0.443970,-0.211792,0.997070
-0.338379,-0.161499,0.759521
-0.002075,0.183350,1.033203
0.213379,-0.411499,0.848633
-0.593140,0.152710,0.770020
0.437256,-0.190552,1.014648
-0.214478,-0.272583,0.752563
-0.107300,0.203857,0.974854
0.295654,-0.339111,0.897949
-0.594238,0.109741,0.763062
0.395020,-0.151489,1.016724
-0.094849,-0.357300,0.765625
-0.193726,0.159790,0.913452
0.331909,-0.302979,0.913696
-0.565796,0.080688,0.742676
0.341553,-0.086548,1.001953
-0.021973,-0.402954,0.764160
-0.287964,0.152710,0.869019
0.383057,-0.295410,0.931885
-0.549805,0.014160,0.716064
0.250732,-0.048706,0.976685
0.044189,-0.430298,0.775146
-0.376221,0.149658,0.836548
0.418091,-0.273926,0.948975
-0.505859,-0.045776,0.733032
0.164062,0.033203,1.010986
0.083374,-0.435181,0.795898
-0.455078,0.146606,0.800659
0.441284,-0.239258,0.989868
-0.426758,-0.122070,0.753296
0.066406,0.129639,1.009155
0.111450,-0.434448,0.793213
-0.494873,0.098755,0.792236
0.475464,-0.269287,1.009644
-0.366943,-0.176270,0.749634
-0.023560,0.186279,1.003906
0.195923,-0.415527,0.828125
-0.538818,0.094604,0.768188
0.471680,-0.253174,1.017944
-0.287231,-0.191162,0.777344
-0.077637,0.186157,0.988159
0.269775,-0.419312,0.866455
-0.565796,0.069336,0.742554
0.432739,-0.192261,1.018555
-0.173950,-0.277222,0.788574
-0.160645,0.199829,0.966675
0.340820,-0.397583,0.909180
-0.568726,0.069458,0.752197
0.374146,-0.145386,1.022339
-0.058838,-0.368652,0.791626
-0.229614,0.176758,0.929077
0.368774,-0.359253,0.932617
-0.535034,-0.016113,0.751953
0.316162,-0.089844,1.003174
-0.006226,-0.394897,0.777466
-0.307129,0.152222,0.878662
0.421631,-0.354736,0.955322
-0.500854,-0.079834,0.758545
0.235352,-0.011475,1.014160
0.050903,-0.450928,0.762695
-0.386719,0.144897,0.829834
0.458740,-0.331177,0.981079
-0.460693,-0.139893,0.750610
0.139160,0.029663,1.011108
0.116089,-0.435181,0.799683
-0.454224,0.134399,0.792725
0.466064,-0.291626,1.001343
-0.400757,-0.177734,0.755493
0.057251,0.067139,1.005737
0.183960,-0.470947,0.821533
-0.512329,0.082275,0.762329
0.466431,-0.255005,0.998047
-0.291748,-0.159424,0.798218
-0.064941,0.149780,0.984009
0.271118,-0.469849,0.872437
-0.517334,-0.001465,0.740479
0.438599,-0.207520,1.037109
-0.184204,-0.256470,0.786743
-0.146973,0.208740,0.983398
0.343994,-0.406738,0.931763
-0.528198,-0.017578,0.751099
0.373413,-0.153442,1.031860
-0.060303,-0.363037,0.796875
-0.212891,0.166748,0.942627
0.401245,-0.391235,0.951050
-0.538086,-0.053711,0.729492
0.310059,-0.096924,1.019531
0.036377,-0.441406,0.796631
-0.294312,0.140381,0.891113
0.439209,-0.368042,0.970947
-0.480347,-0.094604,0.767212
0.230957,-0.037720,1.026733
0.091431,-0.469482,0.788452
-0.380981,0.129272,0.842773
0.468262,-0.297729,1.013184
-0.417725,-0.144531,0.762207
0.131714,0.018677,1.028687
0.156128,-0.491455,0.823608
-0.440063,0.095581,0.807739
0.470581,-0.263916,1.020996
-0.344238,-0.192993,0.766479
0.032959,0.088379,1.022949
0.270630,-0.516357,0.871338
-0.490967,0.034912,0.765625
0.460327,-0.230225,1.025635
-0.241821,-0.206787,0.804077
-0.085083,0.169922,1.007568
0.347534,-0.467163,0.915039
-0.519287,-0.018555,0.762207
0.417847,-0.156738,1.071899
-0.111206,-0.290894,0.810425
-0.169556,0.187500,0.984253
0.409546,-0.415527,0.968140
-0.506958,-0.051636,0.760010
0.378906,-0.131714,1.062744
0.020874,-0.402710,0.827026
-0.264404,0.191406,0.951172
0.458130,-0.354370,1.005737
-0.451416,-0.101074,0.766113
0.281250,-0.058716,1.037109
0.086548,-0.449829,0.826904
-0.328369,0.127075,0.913696
0.481812,-0.315063,1.025391
-0.403320,-0.146851,0.780273
0.206299,0.039551,1.074829
0.127197,-0.396362,0.866455
-0.400513,0.094604,0.871094
0.519287,-0.329224,1.061279
-0.365234,-0.204712,0.780762
0.119019,0.090698,1.071899
0.237915,-0.443237,0.890625
-0.434692,0.089111,0.825806
0.495605,-0.256226,1.063965
-0.292480,-0.220459,0.801025
0.046265,0.100586,1.041382
0.300415,-0.482666,0.909668
-0.464600,0.032227,0.799438
0.494751,-0.206421,1.084106
-0.211182,-0.253418,0.820801
-0.042236,0.166992,1.050293
0.368042,-0.445068,0.953491
-0.476196,0.021606,0.794556
0.467163,-0.132080,1.107544
-0.123779,-0.282349,0.842773
-0.101440,0.188477,1.049805
0.407959,-0.423828,0.989502
-0.480713,-0.030151,0.793213
0.447144,-0.120605,1.121216
-0.027954,-0.333984,0.851685
-0.176880,0.222656,1.030273
0.460205,-0.365356,1.025269
-0.454712,-0.103027,0.788818
0.376465,-0.096436,1.107178
0.058105,-0.400269,0.864746
-0.199341,0.172852,1.008057
0.494507,-0.309204,1.063599
-0.449951,-0.075439,0.787720
0.329956,-0.074463,1.091919
0.109375,-0.434448,0.888672
-0.281006,0.142944,0.975952
0.518311,-0.274170,1.098389
-0.416748,-0.118408,0.793701
0.259399,-0.003662,1.090454
0.163940,-0.445312,0.901855
-0.304321,0.102173,0.946045
0.547729,-0.240479,1.130005
-0.378784,-0.143921,0.798584
0.191528,0.063110,1.092896
0.220459,-0.463867,0.928223
-0.375854,0.098877,0.897217
0.574829,-0.245972,1.132935
-0.312012,-0.176880,0.822266
0.126587,0.128784,1.101074
0.296265,-0.483765,0.931519
-0.414673,0.077515,0.864380
0.552490,-0.218262,1.117432
-0.250122,-0.202393,0.833252
0.085083,0.170288,1.118896
0.345093,-0.437988,0.976440
-0.454956,0.091309,0.857178
0.531982,-0.194092,1.134644
-0.198120,-0.252441,0.858521
0.029053,0.182617,1.109863
0.380615,-0.408813,0.993408
-0.452148,0.050171,0.841187
0.508057,-0.147827,1.142822
-0.133057,-0.256714,0.874512
-0.031372,0.196655,1.100830
0.427368,-0.411499,1.017822
-0.451294,0.032959,0.851807
0.489990,-0.117310,1.157715
-0.054443,-0.294067,0.890869
-0.080322,0.194214,1.080566
0.457642,-0.382935,1.041138
-0.450562,0.001221,0.851929
0.473999,-0.103760,1.161377
0.016479,-0.335693,0.896362
-0.131348,0.216309,1.072876
0.476074,-0.319336,1.070923
-0.441650,-0.050171,0.822510
0.445557,-0.089355,1.164917
0.026001,-0.353638,0.891968
-0.171143,0.189453,1.057251
0.494263,-0.271851,1.101807
-0.431152,-0.076782,0.805054
0.411865,-0.057251,1.171509
0.068481,-0.380249,0.909790
-0.248535,0.235596,1.034912
0.524902,-0.275513,1.112305
-0.407593,-0.117920,0.819458
0.358032,-0.032959,1.160034
0.119019,-0.339233,0.938110
-0.301514,0.240479,0.995728
0.557617,-0.260132,1.114258
-0.349854,-0.183105,0.823608
0.274414,-0.022217,1.144897
0.157471,-0.404419,0.944702
-0.312134,0.165161,0.959717
0.560791,-0.238159,1.123169
-0.326538,-0.153076,0.817017
0.197388,0.062622,1.123291
0.263550,-0.446655,0.956909
-0.386597,0.112061,0.918823
0.568604,-0.197144,1.154541
-0.289307,-0.198608,0.830566
0.112183,0.124878,1.115967
0.324707,-0.426270,0.983887
-0.422607,0.093140,0.893433
0.554688,-0.179810,1.156738
-0.223267,-0.229370,0.842651
0.033569,0.168091,1.105347
0.373535,-0.411499,0.990234
-0.440918,0.049316,0.866821
0.536255,-0.163696,1.159546
-0.126953,-0.299316,0.867188
-0.035034,0.165283,1.090576
0.401489,-0.356323,1.014160
-0.450195,0.000732,0.834473
0.519409,-0.153320,1.174805
-0.054810,-0.333496,0.868286
-0.129883,0.164307,1.055420
0.443481,-0.336426,1.048096
-0.450439,-0.038940,0.820557
0.449341,-0.066284,1.181763
-0.021606,-0.360229,0.860229
-0.203735,0.196167,1.045532
0.471313,-0.297729,1.063354
-0.450195,-0.058472,0.815186
0.409424,-0.081787,1.164551
0.034912,-0.364014,0.891968
-0.287109,0.198853,0.999268
0.501831,-0.289673,1.089600
-0.417847,-0.135376,0.787231
0.338501,-0.039062,1.149536
0.103271,-0.393799,0.897583
-0.350586,0.199951,0.946777
0.534668,-0.282593,1.085815
-0.382324,-0.168579,0.792358
0.242188,0.020752,1.139282
0.167725,-0.418945,0.910156
-0.381836,0.146973,0.917358
0.514038,-0.206665,1.105591
-0.334473,-0.186279,0.812744
0.152710,0.058228,1.092163
0.217163,-0.437378,0.922974
-0.430176,0.081421,0.865723
0.537598,-0.213867,1.121704
-0.288696,-0.218506,0.806885
0.043701,0.153931,1.079834
0.259277,-0.380127,0.927490
-0.444336,0.021362,0.849121
0.535400,-0.247925,1.120117
-0.202393,-0.287109,0.835938
-0.027588,0.168823,1.054932
0.305420,-0.360229,0.935669
-0.493408,0.027100,0.822998
0.511597,-0.229614,1.109253
-0.116821,-0.360229,0.814209
-0.101440,0.170166,1.036011
0.309570,-0.316162,0.945435
-0.501221,-0.031494,0.777100
0.492065,-0.217407,1.114746
-0.102051,-0.350952,0.810669
-0.187378,0.184814,1.017944
0.377197,-0.325928,0.969238
-0.502686,-0.041260,0.776733
0.421875,-0.156616,1.118896
-0.078369,-0.359497,0.812622
-0.276001,0.194458,0.983521
0.426514,-0.320557,1.011719
-0.495239,-0.087769,0.764404
0.342285,-0.081909,1.104614
-0.046509,-0.338013,0.828247
-0.321533,0.182251,0.951416
0.467896,-0.324097,1.039795
-0.488892,-0.113159,0.747314
0.245483,-0.038208,1.088501
0.038330,-0.386475,0.833984
-0.377197,0.165771,0.913208
0.461060,-0.288086,1.030151
-0.447388,-0.150513,0.748047
0.161865,0.013794,1.066650
0.110474,-0.388428,0.860107
-0.448730,0.123169,0.870483
0.488770,-0.246826,1.082031
-0.408325,-0.212158,0.740356
0.054199,0.107666,1.052490
0.193970,-0.403198,0.876831
-0.517578,0.079712,0.826660
0.477661,-0.257324,1.066284
-0.292358,-0.271240,0.750244
-0.023682,0.115967,1.032715
0.239380,-0.401123,0.872437
-0.556274,0.078125,0.790771
0.476562,-0.220215,1.071899
-0.213989,-0.307739,0.760376
-0.119751,0.145996,1.007690
0.305664,-0.392334,0.901855
-0.581787,0.053101,0.758545
0.407471,-0.212280,1.038452
-0.162842,-0.388062,0.748291
-0.189087,0.142090,0.985474
0.335815,-0.354248,0.938843
-0.579956,0.057129,0.753540
0.350952,-0.146362,1.029419
-0.145630,-0.337769,0.771973
-0.257568,0.134521,0.960815
0.381958,-0.372070,0.958496
-0.576416,0.040283,0.749390
0.303345,-0.035522,1.060059
-0.123535,-0.323608,0.787720
-0.314209,0.122681,0.918091
0.406372,-0.390259,0.970215
-0.575195,-0.014648,0.725464
0.294312,-0.054077,1.070435
-0.117065,-0.312012,0.760742
-0.374878,0.191406,0.915649
0.406494,-0.382690,0.963501
-0.538818,-0.114990,0.709106
0.266113,-0.050781,1.053711
-0.073364,-0.344238,0.778320
-0.450317,0.223389,0.879150
0.413330,-0.348877,0.957153
-0.526245,-0.123535,0.705444
0.210327,-0.033569,1.035889
-0.012085,-0.362915,0.800781
-0.497803,0.231567,0.862183
0.417725,-0.292847,0.986084
-0.514282,-0.153809,0.693726
0.130737,0.015503,1.025757
0.052246,-0.419067,0.810181
-0.525635,0.180908,0.844482
0.443359,-0.282104,1.008911
-0.435425,-0.141357,0.751343
0.018921,0.122803,1.017090
0.111938,-0.410278,0.825562
-0.549805,0.129883,0.799072
0.465942,-0.263916,1.016846
-0.358032,-0.216309,0.738647
-0.049194,0.178467,1.006958
0.185059,-0.413818,0.839111
-0.579712,0.117554,0.781372
0.437744,-0.223389,1.023315
-0.273926,-0.283936,0.732422
-0.099976,0.164062,0.978760
0.224976,-0.363403,0.865723
-0.625000,0.071899,0.739502
0.427856,-0.238647,1.018188
-0.214600,-0.384766,0.699707
-0.180176,0.181763,0.957031
0.275635,-0.357056,0.878540
-0.615234,0.098267,0.735718
0.403320,-0.189941,1.026245
-0.160156,-0.356201,0.737183
-0.261841,0.161011,0.910034
0.329590,-0.366821,0.893921
-0.601440,0.054688,0.722412
0.330200,-0.133057,0.998535
-0.108765,-0.375000,0.743164
-0.328979,0.190430,0.895142
0.376953,-0.347046,0.929321
-0.586304,0.041626,0.726074
0.260010,-0.050293,1.006836
-0.080688,-0.398315,0.738892
-0.386597,0.169067,0.870850
0.400513,-0.324341,0.944336
-0.566162,-0.040283,0.699707
0.190186,-0.002197,0.988892
-0.030151,-0.398926,0.749512
-0.441284,0.223633,0.870361
0.407837,-0.292358,0.957764
-0.522461,-0.103149,0.703735
0.128662,0.032959,1.007080
0.018921,-0.411743,0.766479
-0.487427,0.230469,0.852051
0.424072,-0.250854,0.965698
-0.494873,-0.067017,0.723999
0.078613,0.091064,1.018677
0.095093,-0.427856,0.808472
-0.554443,0.189697,0.822266
0.428711,-0.239624,0.987061
-0.411621,-0.126465,0.731934
0.009399,0.183228,1.015869
0.162109,-0.389771,0.837646
-0.579346,0.127075,0.792603
0.431763,-0.208862,1.008667
-0.345947,-0.184937,0.732178
-0.041260,0.186279,1.002686
0.228149,-0.377563,0.857788
-0.607056,0.141846,0.782837
0.424805,-0.188843,1.021606
-0.261475,-0.274780,0.720703
-0.106567,0.181152,0.973877
0.285522,-0.364746,0.881104
-0.606079,0.125000,0.769653
0.413818,-0.148193,1.028809
-0.166504,-0.310791,0.743530
-0.186401,0.194458,0.948975
0.312378,-0.354614,0.897705
-0.603394,0.071045,0.746826
0.389404,-0.153320,1.016724
-0.128052,-0.366699,0.722778
-0.258545,0.202759,0.902344
0.371338,-0.323975,0.917480
-0.578979,0.059570,0.742798
0.315918,-0.093018,1.003174
-0.056519,-0.413208,0.748657
-0.331421,0.186768,0.859131
0.386475,-0.297852,0.925903
-0.548828,0.050049,0.721313
0.243652,-0.000732,0.998047
-0.010010,-0.372314,0.776367
-0.404419,0.146851,0.837158
0.428223,-0.263916,0.967529
-0.513306,0.003540,0.713135
0.142212,0.127930,1.011353
0.035645,-0.374146,0.784058
-0.461914,0.159546,0.837280
0.445312,-0.279419,0.984009
-0.473877,-0.069214,0.736938
0.084961,0.135986,1.014771
0.113403,-0.392456,0.814331
-0.517212,0.160034,0.814453
0.442017,-0.230469,1.005127
-0.382935,-0.184082,0.741089
0.028809,0.158569,1.015991
0.170166,-0.392212,0.824707
-0.580811,0.180298,0.789673
0.454956,-0.241577,0.996948
-0.269775,-0.220825,0.773682
-0.072021,0.188110,0.990845
0.234253,-0.381226,0.860474
-0.577759,0.117432,0.751953
0.444702,-0.168335,1.024414
-0.180298,-0.254395,0.777466
-0.148071,0.171509,0.947388
0.296387,-0.386475,0.886841
-0.576050,0.058350,0.747681
0.419556,-0.138062,1.038818
-0.087646,-0.342163,0.760132
-0.251587,0.236206,0.913818
0.374756,-0.364502,0.901978
-0.556885,0.016602,0.746948
0.314453,-0.088135,0.997559
-0.005493,-0.406128,0.766724
-0.319946,0.207153,0.865601
0.398071,-0.288208,0.942627
-0.519165,-0.071045,0.731812
0.206665,-0.034668,0.988159
0.047729,-0.458496,0.776489
-0.417725,0.139282,0.819336
0.457642,-0.276611,0.985840
-0.477051,-0.043701,0.744629
0.094604,0.117065,1.003052
0.129272,-0.432129,0.794922
-0.478638,0.111328,0.788208
0.453369,-0.268799,0.985352
-0.397705,-0.134033,0.751099
0.015015,0.171387,1.005737
0.208252,-0.393066,0.841064
-0.536133,0.087769,0.760620
0.462280,-0.252075,1.010010
-0.296509,-0.229980,0.759521
-0.069458,0.169800,0.982544
0.278442,-0.396729,0.879028
-0.561523,0.067871,0.751953
0.428589,-0.200806,1.030151
-0.162109,-0.269531,0.789307
-0.169922,0.175171,0.954834
0.332153,-0.412476,0.902222
-0.553223,0.040405,0.756104
0.383423,-0.115234,1.032715
-0.078369,-0.327271,0.775024
-0.261597,0.189331,0.900635
0.385620,-0.375366,0.929932
-0.519165,-0.043945,0.754028
0.319092,-0.088257,1.015015
-0.000244,-0.412109,0.775146
-0.319458,0.147827,0.863892
0.424438,-0.348145,0.956543
-0.502441,-0.090576,0.741699
0.222046,-0.041748,0.999634
0.067749,-0.450928,0.773438
-0.392334,0.139526,0.823730
0.458984,-0.311035,0.977539
-0.450684,-0.094482,0.761353
0.119019,0.043701,1.003784
0.126953,-0.463135,0.792603
-0.474976,0.110596,0.788574
0.473145,-0.297241,0.993652
-0.377808,-0.151489,0.769897
0.008179,0.121582,1.000488
0.234009,-0.482300,0.845215
-0.510010,0.044312,0.749512
0.451904,-0.244019,1.017212
-0.269531,-0.234253,0.775635
-0.082275,0.148804,0.984985
0.307617,-0.452271,0.893311
-0.538696,0.020996,0.755005
0.422607,-0.167603,1.038330
-0.137573,-0.271729,0.795898
-0.172119,0.200195,0.993164
0.367676,-0.430420,0.929199
-0.526733,-0.037354,0.760742
0.355713,-0.143311,1.030762
-0.031250,-0.380249,0.802246
-0.245605,0.177979,0.934692
0.430664,-0.371216,0.968262
-0.505005,-0.066284,0.759277
0.268555,-0.094238,1.011475
0.064209,-0.470459,0.786011
-0.336060,0.135864,0.872681
0.457520,-0.320312,0.998657
-0.453735,-0.104004,0.770752
0.183350,-0.016602,1.008789
0.124512,-0.488647,0.810303
-0.403442,0.082153,0.821289
0.463745,-0.246826,1.024902
-0.364624,-0.141846,0.776367
0.082397,0.078003,1.027588
0.217041,-0.517334,0.838135
-0.458740,0.053467,0.790405
0.493042,-0.253540,1.038940
-0.316895,-0.184326,0.789185
-0.012695,0.129639,1.039795
0.296631,-0.492188,0.885620
-0.494995,0.039917,0.775513
0.464478,-0.204346,1.056763
-0.194336,-0.247681,0.818848
-0.111938,0.198730,1.023926
0.364502,-0.458008,0.931763
-0.509888,-0.005859,0.774902
0.429810,-0.154663,1.071899
-0.056396,-0.311157,0.828613
-0.193115,0.225708,1.000000
0.421021,-0.380249,0.971191
-0.486938,-0.068115,0.764648
0.364624,-0.147583,1.053223
0.072144,-0.437622,0.849365
-0.256104,0.184204,0.948730
0.451050,-0.309692,1.005127
-0.451050,-0.079102,0.784180
0.275513,-0.069336,1.054565
0.090332,-0.473389,0.829590
-0.312866,0.118530,0.925293
0.504639,-0.286011,1.057739
-0.411011,-0.121094,0.782349
0.166382,0.043091,1.048218
0.185547,-0.473267,0.879028
-0.366699,0.050415,0.873169
0.533569,-0.277710,1.088013
-0.363281,-0.166870,0.776001
0.097046,0.113647,1.068115
0.260132,-0.457642,0.898560
-0.434448,0.054077,0.830444
0.527954,-0.274902,1.084229
-0.268799,-0.259399,0.814941
0.022217,0.134033,1.051270
0.334229,-0.418213,0.955200
-0.457520,0.050537,0.818481
0.499878,-0.194092,1.103149
-0.169312,-0.243286,0.849243
-0.058105,0.174805,1.057129
0.387085,-0.441528,0.971069
-0.468506,-0.016846,0.812378
0.472534,-0.143921,1.121704
-0.033203,-0.314209,0.876953
-0.150757,0.243896,1.049561
0.436035,-0.369873,1.000732
-0.457275,-0.053101,0.809937
0.410889,-0.098389,1.129272
0.068970,-0.399170,0.890991
-0.206909,0.205933,1.018311
0.466309,-0.297852,1.048096
-0.424927,-0.099731,0.788208
0.353516,-0.067017,1.104492
0.099121,-0.377686,0.902222
-0.276245,0.191162,0.997437
0.522461,-0.258301,1.098633
-0.369629,-0.145752,0.803955
0.256226,0.033081,1.121094
0.198242,-0.416870,0.931519
-0.355225,0.111938,0.909302
0.558472,-0.234375,1.132812
-0.311401,-0.202637,0.798218
0.128784,0.127319,1.102295
0.305664,-0.457642,0.950195
-0.406982,0.042969,0.861572
0.536011,-0.199463,1.144897
-0.227295,-0.256348,0.839600
0.050903,0.176025,1.105347
0.364502,-0.402588,0.994507
-0.453003,0.037964,0.837402
0.521240,-0.179321,1.160156
-0.110962,-0.301514,0.869385
-0.038818,0.222290,1.097046
0.432495,-0.351440,1.026733
-0.468506,0.033325,0.845337
0.490845,-0.131104,1.163696
0.001831,-0.388306,0.873535
-0.112671,0.195679,1.078125
0.461304,-0.331055,1.065796
-0.435181,-0.046753,0.819458
0.460815,-0.041626,1.191650
0.033691,-0.347534,0.889404
-0.215454,0.236572,1.052856
0.500732,-0.325317,1.085938
-0.413696,-0.142456,0.807129
0.410034,-0.049927,1.180176
0.090820,-0.365112,0.910522
-0.294434,0.265381,1.023315
0.542114,-0.294067,1.109741
-0.371826,-0.160767,0.824341
0.315674,-0.011475,1.156738
0.166016,-0.377075,0.944702
-0.334961,0.169189,0.950439
0.567017,-0.271484,1.139648
-0.326050,-0.222778,0.815552
0.217651,0.054688,1.131470
0.243164,-0.437012,0.938354
-0.447388,0.062378,0.843628
0.524414,-0.187012,1.139893
-0.150879,-0.255737,0.865845
-0.036377,0.206299,1.092896
0.381714,-0.411987,0.981934
-0.454346,-0.004639,0.824829
0.514771,-0.163452,1.157959
-0.046997,-0.292969,0.897583
-0.120605,0.246216,1.075073
0.437134,-0.368774,1.017822
-0.445557,-0.034424,0.825684
0.463989,-0.109741,1.163940
0.049805,-0.360107,0.894775
-0.166504,0.246094,1.086182
0.469971,-0.332764,1.046387
-0.448364,-0.048462,0.832520
0.418091,-0.095093,1.144653
0.081787,-0.369141,0.918823
-0.216064,0.234863,1.046265
0.510620,-0.271118,1.092896
-0.415283,-0.102783,0.805054
0.345337,-0.042603,1.134399
0.133911,-0.388306,0.934570
-0.271484,0.176025,1.017090
0.543457,-0.254761,1.128174
-0.379395,-0.128906,0.814331
0.260132,0.028076,1.120850
0.213135,-0.427002,0.931152
-0.327393,0.122437,0.944092
0.569214,-0.232300,1.140625
-0.317261,-0.182495,0.824585
0.171143,0.107422,1.116577
0.285400,-0.435059,0.960571
-0.369629,0.070557,0.908813
0.574951,-0.234985,1.155518
-0.268188,-0.216797,0.835083
0.078247,0.153076,1.098755
0.342163,-0.404297,0.991333
-0.417358,0.065186,0.887329
0.561523,-0.181641,1.172363
-0.162598,-0.264893,0.864746
-0.017456,0.204346,1.096069
0.387695,-0.401489,0.998535
-0.435303,0.034668,0.864380
0.540405,-0.160645,1.180908
-0.056519,-0.324219,0.887695
-0.068115,0.212402,1.089844
0.413452,-0.355469,1.016846
-0.456665,-0.005127,0.842407
0.505249,-0.145020,1.175171
-0.017944,-0.357300,0.883911
-0.101685,0.203369,1.090332
0.439087,-0.321289,1.036499
-0.474365,-0.017822,0.813843
0.467285,-0.127686,1.174805
0.007568,-0.352783,0.894775
-0.160889,0.210815,1.072632
0.471191,-0.284668,1.079956
-0.460327,-0.049316,0.797974
0.409546,-0.073975,1.164307
0.048828,-0.369873,0.889038
-0.230835,0.225342,1.051514
0.510498,-0.290405,1.089355
-0.442871,-0.057129,0.810913
0.348755,-0.067139,1.144043
0.085449,-0.365723,0.921997
-0.279053,0.178833,0.990601
0.519165,-0.272461,1.099731
-0.390259,-0.147949,0.809814
0.286133,-0.022217,1.134521
0.142578,-0.387207,0.910034
-0.338379,0.165649,0.937988
0.541992,-0.243408,1.117920
-0.367920,-0.181396,0.795776
0.201538,0.019653,1.109253
0.221069,-0.410156,0.945923
-0.409912,0.139160,0.907837
0.535767,-0.204590,1.123169
-0.298584,-0.227661,0.806885
0.093506,0.093628,1.094971
0.291992,-0.407227,0.961548
-0.439941,0.069946,0.859253
0.524292,-0.171509,1.136230
-0.204834,-0.290161,0.817383
-0.021484,0.122559,1.053589
0.337280,-0.385620,0.968628
-0.458740,0.010010,0.824219
0.505371,-0.146606,1.150146
-0.113037,-0.300049,0.823730
-0.117798,0.178833,1.043457
0.382446,-0.350098,0.989990
-0.471680,-0.063477,0.798584
0.448730,-0.125244,1.143311
-0.078369,-0.312500,0.828613
-0.218750,0.204346,1.010132
0.437012,-0.299316,1.031128
-0.485107,-0.074097,0.778076
0.354248,-0.092163,1.130127
-0.005249,-0.384521,0.832275
-0.299194,0.164185,0.949219
0.486084,-0.297852,1.054321
-0.434814,-0.092773,0.764648
0.232056,0.010986,1.090942
0.086182,-0.378540,0.866089
-0.408203,0.104614,0.896118
0.522217,-0.286377,1.085327
-0.382202,-0.174683,0.779419
0.098267,0.124878,1.077148
0.186646,-0.378296,0.887329
-0.474487,0.052368,0.833740
0.504028,-0.233398,1.092529
-0.263794,-0.281860,0.777954
-0.014648,0.158691,1.043335
0.248657,-0.366943,0.902954
-0.500977,0.015137,0.806152
0.482666,-0.233032,1.085205
-0.194946,-0.335571,0.765747
-0.107788,0.142700,1.017456
0.326904,-0.348999,0.943481
-0.538818,0.010498,0.779053
0.422119,-0.167114,1.094971
-0.130859,-0.358765,0.780029
-0.246094,0.162354,0.982544
0.394775,-0.365479,0.974243
-0.531372,-0.023560,0.757568
0.323120,-0.070190,1.088501
-0.072021,-0.345093,0.813232
-0.344238,0.161133,0.927734
0.428711,-0.336914,0.994873
-0.482422,-0.093262,0.745972
0.215820,-0.000854,1.073242
0.015625,-0.380127,0.819702
-0.440430,0.160767,0.877808
0.433228,-0.258789,1.032471
-0.434204,-0.183960,0.740479
0.115356,0.052734,1.042358
0.127808,-0.389526,0.859253
-0.519531,0.134644,0.817627
0.442261,-0.247192,1.028809
-0.329102,-0.258545,0.755249
0.005371,0.098389,1.033936
0.214966,-0.430664,0.860718
-0.560547,0.107544,0.792480
0.439941,-0.203857,1.041382
-0.254639,-0.302734,0.731201
-0.127197,0.136963,0.997437
0.293457,-0.418945,0.905518
-0.561401,0.028320,0.752319
0.403809,-0.138672,1.057251
-0.192993,-0.273804,0.746460
-0.242920,0.160522,0.955688
0.336914,-0.390381,0.924438
-0.566406,-0.042603,0.730957
0.360718,-0.103149,1.069702
-0.135864,-0.348755,0.749634
-0.347290,0.186401,0.904785
0.382812,-0.369141,0.946655
-0.554321,-0.061279,0.714478
0.260376,-0.059448,1.039795
-0.051514,-0.386108,0.772095
-0.426758,0.209229,0.887695
0.401489,-0.299072,0.980591
-0.516235,-0.110596,0.710571
0.131592,0.007324,1.017090
0.043335,-0.426758,0.806641
-0.513672,0.173706,0.845459
0.433594,-0.266724,1.027710
-0.435791,-0.161743,0.729248
0.022339,0.145264,1.014282
0.143188,-0.406128,0.841431
-0.565430,0.110107,0.790771
0.422974,-0.251587,1.012573
-0.317261,-0.280518,0.718018
-0.053833,0.151733,0.990967
0.221680,-0.384644,0.850952
-0.619141,0.106445,0.755493
0.422363,-0.243652,1.016846
-0.243774,-0.355469,0.713135
-0.129150,0.125732,0.943359
0.285156,-0.349487,0.890015
-0.610596,0.122070,0.758179
0.387573,-0.179688,1.023438
-0.190796,-0.367554,0.724365
-0.229370,0.119995,0.912109
0.324951,-0.353760,0.912476
-0.595459,0.091797,0.726685
0.337402,-0.134766,1.002075
-0.142334,-0.363037,0.739990
-0.291016,0.150513,0.919312
0.349243,-0.357178,0.926636
-0.596558,0.051392,0.725464
0.300415,-0.083984,1.007446
-0.111816,-0.367798,0.735962
-0.341675,0.184326,0.896118
0.386597,-0.338501,0.930420
-0.575806,0.021484,0.710327
0.243896,-0.043213,0.994995
-0.068237,-0.388306,0.758789
-0.381348,0.179199,0.868530
0.388062,-0.281860,0.952637
-0.549072,-0.029053,0.703735
0.214355,-0.012939,1.024170
-0.036743,-0.417847,0.750122
-0.451538,0.198975,0.848877
0.411621,-0.298828,0.955688
-0.523682,-0.072510,0.717529
0.149658,0.045898,1.016968
0.005859,-0.398560,0.777222
-0.489990,0.201782,0.835205
0.417358,-0.274902,0.970703
-0.481567,-0.134277,0.722778
0.097290,0.083984,1.021484
0.056763,-0.398438,0.791260
-0.528076,0.218872,0.835571
0.428955,-0.248901,0.982544
-0.433960,-0.141235,0.731079
0.072144,0.074707,1.003296
0.130005,-0.398560,0.828613
-0.578613,0.237183,0.812378
0.416504,-0.210205,0.978882
-0.356812,-0.187500,0.737915
0.021973,0.102173,1.003296
0.172363,-0.396118,0.842651
-0.598022,0.193481,0.791870
0.426880,-0.200439,0.989258
-0.292725,-0.189697,0.755127
-0.053345,0.172241,1.002197
0.217896,-0.425659,0.846558
-0.609131,0.154053,0.767700
0.438721,-0.185669,1.007568
-0.233643,-0.249023,0.733643
-0.118896,0.232056,0.982666
0.281006,-0.378296,0.881958
-0.605713,0.104614,0.757324
0.417603,-0.174805,1.014893
-0.181763,-0.299072,0.743530
-0.171997,0.218384,0.943848
0.320190,-0.350220,0.903931
-0.611328,0.086548,0.740601
0.404541,-0.169922,1.020752
-0.122559,-0.374756,0.734009
-0.235596,0.216675,0.909424
0.358643,-0.328613,0.914917
-0.578857,0.070801,0.739868
0.350586,-0.112671,1.021973
-0.079346,-0.386841,0.749023
-0.266235,0.179321,0.897461
0.377441,-0.308472,0.917358
-0.583130,0.030151,0.732178
0.285645,-0.089600,0.979370
-0.017456,-0.428589,0.753052
-0.331177,0.176147,0.860962
0.409546,-0.266479,0.947021
-0.551270,0.038574,0.728394
0.226562,-0.017578,0.987915
0.009644,-0.404663,0.770264
-0.399414,0.148438,0.829590
0.441528,-0.270264,0.973511
-0.500366,-0.029541,0.728638
0.136597,0.093872,1.002197
0.053223,-0.398315,0.778442
-0.445068,0.149048,0.826172
0.456299,-0.297607,0.968750
-0.473389,-0.077393,0.739258
0.112915,0.095093,1.014160
0.100586,-0.394531,0.810059
-0.502686,0.156494,0.798828
0.460327,-0.229126,0.999878
-0.406372,-0.114502,0.753540
0.031372,0.138062,1.022705
0.168335,-0.461914,0.828491
-0.550537,0.127075,0.774658
0.451782,-0.205078,1.004395
-0.330688,-0.130005,0.760254
-0.011719,0.185669,1.021118
0.221924,-0.405640,0.866455
-0.581299,0.105103,0.743774
0.444092,-0.209473,1.011475
-0.262329,-0.217285,0.763672
-0.076050,0.205322,1.006714
0.287598,-0.422119,0.884033
-0.567505,0.105591,0.753540
0.428467,-0.185791,1.014648
-0.182495,-0.293579,0.769531
-0.159790,0.198853,0.969482
0.328979,-0.412231,0.897461
-0.566895,0.065674,0.756104
0.401123,-0.128784,1.035889
-0.102783,-0.322632,0.767334
-0.213013,0.205200,0.937988
0.361816,-0.382812,0.914795
-0.568115,0.017944,0.762451
0.361450,-0.154175,1.001709
-0.037476,-0.386597,0.776489
-0.265259,0.219604,0.908447
0.387207,-0.318726,0.936768
-0.537720,-0.021973,0.747925
0.302490,-0.113159,0.994873
0.011719,-0.432129,0.778564
-0.312256,0.143555,0.856567
0.421875,-0.316772,0.967163
-0.519775,-0.068604,0.733887
0.232056,-0.036621,1.005371
0.048462,-0.443359,0.772583
-0.357788,0.127319,0.846069
0.448730,-0.343262,0.962646
-0.502319,-0.066772,0.741089
0.164551,0.009277,0.995605
0.078857,-0.462280,0.786987
-0.418213,0.108521,0.814087
0.469116,-0.290649,0.994751
-0.449585,-0.097534,0.758423
0.086914,0.072144,1.008057
0.142700,-0.494263,0.802979
-0.462036,0.076538,0.790405
0.469849,-0.258057,1.011841
-0.384155,-0.159546,0.758179
0.019531,0.162354,1.026001
0.227295,-0.466797,0.848389
-0.514893,0.040649,0.751709
0.471558,-0.280518,1.018799
-0.301636,-0.222656,0.776001
-0.061035,0.195801,1.008423
0.262939,-0.413696,0.879028
-0.530151,0.012085,0.750854
0.450928,-0.252197,1.037964
-0.187378,-0.277344,0.805298
-0.140259,0.203247,0.985107
0.320190,-0.390991,0.909180
-0.556641,0.065674,0.773438
0.420776,-0.221924,1.026245
-0.082520,-0.337769,0.822144
-0.165649,0.171387,0.966675
0.343994,-0.376099,0.927124
-0.564941,0.043335,0.739868
0.407227,-0.187256,1.034790
-0.021606,-0.408936,0.808716
-0.195068,0.158447,0.979736
0.382324,-0.350342,0.960327
-0.524292,-0.003296,0.743896
0.334229,-0.117798,1.021973
0.031128,-0.402344,0.837769
-0.238281,0.116577,0.950928
0.436035,-0.376953,0.977783
-0.525879,-0.022949,0.721558
0.285034,-0.063354,1.027100
0.047607,-0.436157,0.798828
-0.266968,0.119141,0.926025
0.470825,-0.379150,0.997437
-0.496216,-0.087158,0.757202
0.247314,-0.044189,1.021118
0.085449,-0.451050,0.796875
-0.308716,0.131958,0.899902
0.474854,-0.315552,1.011597
-0.451904,-0.122314,0.763184
0.253906,-0.060791,1.035767
0.123047,-0.430664,0.844482
-0.378540,0.165283,0.886597
0.477295,-0.328735,1.010132
-0.416504,-0.189697,0.755615
0.218262,-0.020142,1.060059
0.139282,-0.424438,0.852173
-0.412231,0.196045,0.887817
0.512207,-0.327515,1.030273
-0.387817,-0.195557,0.778564
0.139771,-0.000732,1.029907
0.193604,-0.460693,0.867065
-0.399414,0.084595,0.840698
0.513184,-0.256104,1.056641
-0.348999,-0.152954,0.795532
0.088135,0.097900,1.050781
0.263672,-0.508179,0.871338
-0.431885,0.045288,0.819092
0.500854,-0.237915,1.059937
-0.276855,-0.192627,0.810303
0.015625,0.140869,1.045166
0.328735,-0.493286,0.907837
-0.459351,0.022095,0.804199
0.492432,-0.193726,1.092773
-0.197388,-0.219604,0.829590
-0.057007,0.197998,1.051880
0.389648,-0.438965,0.969727
-0.478027,-0.001343,0.811401
0.448242,-0.151611,1.112549
-0.084961,-0.302124,0.846436
-0.123413,0.207764,1.043457
0.423462,-0.365723,1.010254
-0.461792,-0.049072,0.798828
0.429932,-0.113525,1.120972
0.028809,-0.389648,0.859253
-0.205933,0.206909,1.012939
0.473999,-0.342041,1.033813
-0.446167,-0.071411,0.789062
0.357178,-0.066162,1.108154
0.087891,-0.423828,0.869629
-0.245728,0.171143,0.982178
0.502441,-0.282227,1.080933
-0.412598,-0.099731,0.798584
0.285522,-0.008423,1.101929
0.142578,-0.451904,0.886597
-0.326172,0.137573,0.964478
0.555542,-0.291016,1.118164
-0.355957,-0.171631,0.804199
0.193604,0.109619,1.111328
0.210815,-0.430054,0.920288
-0.379395,0.099121,0.922852
0.588501,-0.313965,1.125732
-0.319580,-0.215942,0.812012
0.108765,0.178833,1.111816
0.294678,-0.423584,0.936890
-0.395874,0.057007,0.863647
0.556763,-0.252197,1.132690
-0.226685,-0.274658,0.854492
0.055298,0.144897,1.089478
0.342896,-0.388062,0.976318
-0.441528,0.061523,0.830566
0.552612,-0.194946,1.149536
-0.149536,-0.286743,0.864380
-0.015015,0.185303,1.095215
0.402466,-0.397827,1.000854
-0.449219,0.018188,0.831909
0.505493,-0.151978,1.146729
-0.062012,-0.309448,0.900879
-0.065796,0.178467,1.080322
0.439087,-0.359863,1.046997
-0.462036,-0.008667,0.831055
0.479492,-0.105225,1.158203
0.023926,-0.361084,0.892700
-0.141479,0.212158,1.087158
0.479126,-0.344238,1.068237
-0.435181,-0.056396,0.828491
0.431641,-0.045776,1.161011
0.042236,-0.325806,0.895630
-0.194458,0.209351,1.047852
0.512695,-0.299561,1.114014
-0.415527,-0.122437,0.823730
0.390747,-0.044556,1.156494
0.066162,-0.322876,0.906738
-0.241455,0.205566,1.022461
0.543945,-0.272217,1.131958
-0.392944,-0.147583,0.819092
0.333862,-0.009033,1.154785
0.128296,-0.375122,0.930298
-0.298706,0.182861,0.982422
0.557739,-0.263062,1.135132
-0.360352,-0.164429,0.814819
0.269287,0.021851,1.141357
0.202515,-0.402954,0.941406
-0.339233,0.145020,0.935181
0.551880,-0.239136,1.129395
-0.310303,-0.220703,0.827393
0.188354,0.066040,1.131836
0.265869,-0.417969,0.966187
-0.382202,0.114746,0.904907
0.563721,-0.210938,1.138062
-0.260864,-0.219116,0.848999
0.084473,0.121826,1.107178
0.332642,-0.422729,0.984375
-0.410156,0.074463,0.896606
0.547119,-0.136108,1.173096
-0.186157,-0.258057,0.866089
0.001953,0.157471,1.089844
0.372437,-0.388062,0.998535
-0.437622,0.017700,0.859009
0.543579,-0.152588,1.179810
-0.067871,-0.334351,0.872681
-0.083374,0.194946,1.077759
0.402954,-0.349854,1.007935
-0.457886,-0.024292,0.831787
0.498291,-0.154419,1.165283
-0.031372,-0.337158,0.885620
-0.135864,0.220093,1.072998
0.439697,-0.304932,1.039551
-0.481445,-0.049438,0.807129
0.437744,-0.126587,1.166992
0.001343,-0.371094,0.877441
-0.197021,0.199829,1.046265
0.498413,-0.293091,1.086792
-0.480225,-0.020020,0.800537
0.341919,-0.053467,1.135986
0.095215,-0.419067,0.904907
-0.282349,0.159302,0.992554
0.507935,-0.266724,1.105103
-0.421265,-0.099609,0.788818
0.264526,-0.001587,1.125488
0.147949,-0.421509,0.908325
-0.364990,0.141724,0.938477
0.537598,-0.259033,1.129272
-0.360107,-0.176392,0.791138
0.161011,0.078613,1.105103
0.198853,-0.403442,0.914185
-0.424683,0.109009,0.891357
0.558594,-0.271606,1.127808
-0.286743,-0.247559,0.814331
0.053711,0.138916,1.072998
0.245850,-0.368408,0.910767
-0.443359,0.055054,0.855103
0.532471,-0.228516,1.127319
-0.186035,-0.315796,0.823242
-0.015869,0.159058,1.075195
0.277832,-0.346924,0.927734
-0.088745,0.161011,1.044189
-0.525757,0.054688,0.791016
0.453247,-0.169312,1.109131
-0.112061,-0.366821,0.797363
-0.151611,0.146606,1.044312
0.392822,-0.348145,0.989502
-0.531860,0.056152,0.789673
0.397949,-0.085083,1.118408
-0.101074,-0.335693,0.801270
-0.230103,0.181885,1.013916
0.440430,-0.345337,1.019409
-0.518433,-0.031738,0.775391
0.348389,-0.048218,1.107422
-0.067871,-0.332397,0.808472
-0.293091,0.157959,0.965576
0.456787,-0.326050,1.043213
-0.509155,-0.071167,0.754395
0.304199,-0.005737,1.107056
-0.030762,-0.356323,0.811035
-0.340576,0.148438,0.923584
0.461670,-0.347656,1.022095
-0.505127,-0.120728,0.734131
0.252441,-0.020020,1.085938
0.015747,-0.381226,0.816772
-0.391479,0.177368,0.904785
0.457764,-0.301514,1.028442
-0.486450,-0.125732,0.738281
0.196289,-0.028931,1.055054
0.077393,-0.395508,0.857178
-0.446777,0.175293,0.880737
0.458496,-0.245361,1.044922
-0.464966,-0.169312,0.719238
0.125000,0.018799,1.052124
0.136108,-0.431030,0.859253
-0.483887,0.154541,0.861938
0.451294,-0.235352,1.036987
-0.418701,-0.159180,0.750977
0.038818,0.090210,1.036377
0.185059,-0.410645,0.884033
-0.519531,0.092163,0.822266
0.457764,-0.220337,1.056152
-0.327271,-0.218262,0.760864
-0.042480,0.140137,1.019653
0.222290,-0.417114,0.871338
-0.545898,0.040771,0.778320
0.460693,-0.212891,1.056030
-0.259277,-0.293823,0.721924
-0.112427,0.182373,0.999390
0.271729,-0.390625,0.873169
-0.580078,0.041504,0.768433
0.442749,-0.222900,1.051514
-0.206909,-0.362427,0.721680
-0.202148,0.169800,0.957031
0.311646,-0.365967,0.905762
-0.570312,0.011597,0.746582
0.395142,-0.180664,1.048706
-0.180298,-0.338257,0.742676
-0.257935,0.160889,0.942627
0.341309,-0.340332,0.932861
-0.581055,-0.010376,0.735107
0.341797,-0.144653,1.049438
-0.133179,-0.356934,0.760254
-0.332642,0.146240,0.893677
0.380249,-0.327881,0.955200
-0.569214,-0.029907,0.714111
0.265991,-0.071777,1.027100
-0.081299,-0.351807,0.772705
-0.420776,0.177979,0.870728
0.413330,-0.351440,0.963623
-0.526367,-0.098267,0.710327
0.175415,0.028687,1.031616
-0.006348,-0.365356,0.797974
-0.502075,0.203979,0.843262
0.427979,-0.284912,0.996582
-0.469238,-0.167236,0.715576
0.072998,0.057617,1.013062
0.096313,-0.410400,0.821899
-0.554565,0.171997,0.806030
0.428711,-0.243774,0.995850
-0.353149,-0.228027,0.733398
-0.028320,0.138672,1.010864
0.179932,-0.418213,0.845337
-0.572754,0.120605,0.789185
0.413208,-0.203979,1.005859
-0.275269,-0.265259,0.724731
-0.118896,0.138184,0.974487
0.265259,-0.411621,0.874146
-0.593140,0.089478,0.769775
0.376587,-0.121948,1.012329
-0.199707,-0.302490,0.709717
-0.234009,0.191895,0.952881
0.334106,-0.418945,0.904175
-0.597534,0.043335,0.740112
0.340942,-0.116333,1.013794
-0.133667,-0.344482,0.727783
-0.331055,0.206055,0.898682
0.379028,-0.347412,0.932129
-0.580566,-0.030396,0.706787
0.265137,-0.083374,0.998047
-0.073242,-0.400879,0.745972
-0.419067,0.226318,0.876709
0.395508,-0.286987,0.948853
-0.538940,-0.027588,0.718994
0.162109,-0.000122,0.994751
0.015015,-0.412720,0.776611
-0.492432,0.203613,0.844727
0.411377,-0.248535,0.970459
-0.474854,-0.096436,0.723022
0.062744,0.088257,1.004517
0.112305,-0.415527,0.819214
-0.566895,0.188477,0.820557
0.427368,-0.219604,1.004761
-0.345337,-0.191162,0.734985
-0.037109,0.168701,1.001953
0.193970,-0.378906,0.849854
-0.596924,0.135376,0.790405
0.419556,-0.194214,1.015381
-0.235596,-0.288940,0.726196
-0.140991,0.182007,0.956177
0.291260,-0.364380,0.889282
-0.608643,0.107300,0.744629
0.378296,-0.131226,1.020020
-0.170898,-0.331665,0.730103
-0.233032,0.177490,0.921753
0.365967,-0.373779,0.917847
-0.595215,0.061157,0.736450
0.330322,-0.062744,1.020752
-0.113403,-0.389526,0.709717
-0.324951,0.209717,0.887451
0.392578,-0.342041,0.929565
-0.569214,-0.006592,0.724487
0.263306,-0.060303,1.001221
-0.028320,-0.400635,0.751953
-0.419434,0.236084,0.857788
0.407959,-0.278931,0.940674
-0.518677,-0.076416,0.708008
0.183472,0.000122,1.006958
0.014404,-0.392700,0.773804
-0.486328,0.217041,0.827148
0.437866,-0.256104,0.968750
-0.458862,-0.069458,0.744629
0.077026,0.080566,1.005127
0.119141,-0.413452,0.819824
-0.542114,0.173096,0.802856
0.431396,-0.178101,0.994019
-0.351807,-0.123047,0.747681
-0.021118,0.172607,1.006470
0.206421,-0.405029,0.848511
-0.575073,0.112427,0.782227
0.423462,-0.165161,1.016968
-0.249756,-0.220581,0.742676
-0.108398,0.213623,0.972412
0.309570,-0.380249,0.899170
-0.611694,0.092041,0.751465
0.398682,-0.151001,1.009399
-0.144775,-0.304321,0.743652
-0.168701,0.214600,0.949707
0.350830,-0.345581,0.913940
-0.600586,0.088013,0.746948
0.357544,-0.150269,0.985718
-0.079102,-0.369629,0.746582
-0.267456,0.188232,0.880615
0.393921,-0.305664,0.934570
-0.546997,0.007812,0.735229
0.264404,-0.053711,0.997314
-0.023315,-0.424927,0.738403
-0.489502,0.199463,0.835205
0.404175,-0.230835,0.977539
-0.429932,-0.127686,0.737793
0.073853,0.103638,1.017822
0.097046,-0.384644,0.802979
-0.559937,0.241821,0.811279
0.439941,-0.232544,0.974976
-0.339233,-0.179443,0.745728
-0.005493,0.112915,0.994873
0.193604,-0.396973,0.852417
-0.619751,0.198364,0.763672
0.425903,-0.172241,0.994019
-0.223999,-0.255737,0.752686
-0.104614,0.174316,0.977295
0.283447,-0.412231,0.883667
-0.616577,0.135986,0.752930
0.398193,-0.119507,1.010376
-0.147461,-0.316162,0.730835
-0.214844,0.214844,0.942017
0.346069,-0.380615,0.909546
-0.583618,0.044678,0.735596
0.348755,-0.085327,1.014038
-0.082275,-0.357666,0.729614
-0.285767,0.198730,0.883301
0.378174,-0.291626,0.927368
-0.553101,-0.024658,0.711304
0.270142,-0.080322,0.992798
-0.007812,-0.426147,0.755737
-0.386841,0.183716,0.846680
0.415771,-0.267822,0.954468
-0.523315,0.004761,0.736694
0.154297,0.054321,1.003784
0.067139,-0.414795,0.796265
-0.495361,0.161865,0.815552
0.430542,-0.206787,0.990356
-0.424927,-0.109131,0.728027
0.048584,0.144043,1.010376
0.154663,-0.405029,0.830322
-0.557373,0.117065,0.780762
0.444580,-0.202393,1.014648
-0.305786,-0.199463,0.736084
-0.053833,0.202026,0.994385
0.244751,-0.361694,0.866943
-0.584839,0.102295,0.771118
0.424438,-0.200195,1.012695
-0.182617,-0.301636,0.762695
-0.126587,0.194458,0.962036
0.308838,-0.336426,0.898071
-0.607544,0.137695,0.758545
0.398193,-0.170166,1.013794
-0.091553,-0.385498,0.765747
-0.223145,0.144775,0.898560
0.369507,-0.328979,0.925415
-0.571411,0.099243,0.752930
0.317871,-0.069824,0.997314
-0.020874,-0.392822,0.765015
-0.303467,0.138306,0.857178
0.396973,-0.312134,0.940308
-0.521240,-0.002197,0.744263
0.237061,-0.001587,0.984375
0.028931,-0.388916,0.777832
-0.385132,0.137329,0.825806
0.430542,-0.283936,0.975708
-0.494873,-0.051147,0.722778
0.180542,0.071777,1.020630
0.067505,-0.424316,0.774170
-0.460693,0.149658,0.805176
0.466064,-0.315796,0.978638
-0.443237,-0.093506,0.758667
0.088013,0.122559,1.012329
0.104980,-0.416748,0.803833
-0.485352,0.131104,0.796021
0.461792,-0.291382,0.982422
-0.407471,-0.153198,0.744507
0.045532,0.139160,1.027222
0.172607,-0.431396,0.822510
-0.527222,0.122192,0.762817
0.446899,-0.225220,1.000732
-0.341675,-0.197388,0.746094
-0.016968,0.144409,1.020020
0.241089,-0.480347,0.851685
-0.576782,0.103149,0.736938
0.443359,-0.192749,1.017944
-0.247437,-0.216553,0.774658
-0.074341,0.175537,1.015503
0.286865,-0.471558,0.872681
-0.572632,0.103882,0.755249
0.443481,-0.204346,1.012451
-0.173584,-0.270752,0.782593
-0.148071,0.199341,0.981812
0.324463,-0.414185,0.911621
-0.559692,0.038452,0.760010
0.401123,-0.161743,1.020508
-0.097168,-0.317749,0.785400
-0.213989,0.217773,0.950928
0.362915,-0.391602,0.932983
-0.541504,-0.028198,0.757324
0.380737,-0.143188,1.020508
-0.040405,-0.356445,0.793701
-0.263062,0.226562,0.934082
0.394043,-0.381714,0.932495
-0.526001,-0.057495,0.756104
0.326416,-0.125366,1.008057
0.004395,-0.429321,0.786865
-0.292603,0.181030,0.893799
0.421265,-0.332520,0.957397
-0.504272,-0.093018,0.737793
0.268311,-0.083130,1.016235
0.048340,-0.471191,0.775513
-0.346924,0.125000,0.849121
0.447388,-0.331177,0.974731
-0.487305,-0.107056,0.742432
0.195435,-0.033569,0.997559
0.085327,-0.461182,0.790771
-0.386230,0.107056,0.824463
0.454346,-0.281860,0.990479
-0.446411,-0.124268,0.752319
0.129395,0.035889,1.022949
0.152344,-0.493164,0.801514
-0.450317,0.100586,0.797852
0.470337,-0.270508,1.013428
-0.363770,-0.177246,0.772095
0.030396,0.099121,1.011353
0.215698,-0.487915,0.829956
-0.480591,0.043945,0.766479
0.479614,-0.250366,1.027222
-0.284058,-0.192749,0.794556
-0.055786,0.165894,1.012207
0.293335,-0.477295,0.880127
-0.517944,0.004883,0.750854
0.443726,-0.238403,1.031860
-0.182617,-0.261841,0.802002
-0.116211,0.226562,1.016357
0.354736,-0.400146,0.939575
-0.531006,0.007446,0.773071
0.406250,-0.192017,1.038940
-0.094604,-0.333374,0.812500
-0.166992,0.158325,0.980591
0.398926,-0.390991,0.969238
-0.518677,-0.056274,0.755737
0.362915,-0.126831,1.054321
0.010620,-0.411621,0.801514
-0.228760,0.184082,0.956909
0.434570,-0.349854,0.984253
-0.484863,-0.080200,0.770020
0.298462,-0.093628,1.052734
0.071167,-0.489014,0.804810
-0.286987,0.141113,0.912598
0.458374,-0.318848,0.997070
-0.450073,-0.087524,0.767700
0.245728,-0.052856,1.050049
0.106323,-0.491211,0.815674
-0.352539,0.107544,0.874146
0.499512,-0.287598,1.056519
-0.414673,-0.115234,0.781372
0.148804,0.047729,1.046631
0.187012,-0.484009,0.861694
-0.411499,0.065430,0.841431
0.511841,-0.273438,1.069214
-0.357300,-0.183228,0.778442
0.095581,0.113647,1.055176
0.257446,-0.489258,0.881226
-0.454224,0.073975,0.830078
0.510986,-0.294678,1.049927
-0.281860,-0.259277,0.790894
0.031860,0.120972,1.035400
0.296631,-0.451904,0.918579
-0.461548,0.011475,0.799316
0.513916,-0.225830,1.088257
-0.242188,-0.224609,0.805054
-0.029419,0.191650,1.048584
0.362305,-0.452759,0.951172
-0.479004,0.006470,0.815308
0.492310,-0.217773,1.100830
-0.186279,-0.264404,0.830078
-0.081421,0.212158,1.055420
0.401978,-0.431763,0.974121
-0.481323,0.005737,0.810669
0.464478,-0.170654,1.100342
-0.100220,-0.275269,0.863037
-0.117798,0.208740,1.048584
0.432617,-0.398804,0.998169
-0.471313,-0.039307,0.792847
0.445435,-0.134644,1.102905
-0.001099,-0.336304,0.861572
-0.161987,0.227905,1.049072
0.457642,-0.376709,1.015503
-0.459351,-0.047485,0.794678
0.404541,-0.110107,1.109009
0.063110,-0.390137,0.882446
-0.213623,0.205200,1.028198
0.485107,-0.335938,1.053223
-0.417358,-0.092773,0.806030
0.364380,-0.056885,1.120605
0.083252,-0.372192,0.894531
-0.262451,0.182251,0.999390
0.516602,-0.302002,1.082397
-0.389771,-0.136475,0.807495
0.295044,0.001587,1.116211
0.130493,-0.380249,0.906250
-0.307861,0.157715,0.958862
0.544556,-0.258789,1.117065
-0.355713,-0.169189,0.797974
0.227173,0.048950,1.109619
0.224487,-0.440552,0.930908
-0.352783,0.101318,0.916748
0.549561,-0.238403,1.125488
-0.297607,-0.190796,0.827271
0.139404,0.113892,1.095581
0.295898,-0.439209,0.950562
-0.401245,0.065918,0.870117
0.546875,-0.196899,1.151245
-0.234497,-0.232544,0.838501
0.040405,0.159912,1.086548
0.359985,-0.425659,0.985107
-0.438354,0.051147,0.859375
0.534790,-0.155273,1.162476
-0.135010,-0.251953,0.869629
-0.043091,0.230713,1.096680
0.424072,-0.394043,1.014771
-0.447998,-0.005005,0.851196
0.499268,-0.149048,1.163330
-0.015137,-0.328247,0.904297
-0.121948,0.220093,1.067505
0.459717,-0.341797,1.046021
-0.442261,-0.040039,0.835815
0.454956,-0.084717,1.173340
0.032837,-0.354492,0.889648
-0.178467,0.218750,1.068848
0.493896,-0.296143,1.075073
-0.430176,-0.067383,0.817383
0.394531,-0.055664,1.161255
0.082520,-0.388184,0.908936
-0.258789,0.212158,1.032837
0.549438,-0.287109,1.126587
-0.401978,-0.102783,0.816772
0.303345,0.009033,1.144897
0.157715,-0.396484,0.932251
-0.292969,0.136230,0.978882
0.567505,-0.266357,1.143066
-0.360596,-0.152710,0.819092
0.229736,0.084351,1.140991
0.239746,-0.410156,0.948853
-0.332764,0.114746,0.933472
0.568237,-0.232666,1.139893
-0.321533,-0.172974,0.836548
0.176880,0.067749,1.111938
0.298706,-0.410889,0.986084
-0.414917,0.101685,0.892700
0.570679,-0.212891,1.156250
-0.237305,-0.241821,0.835327
0.059082,0.161987,1.106323
0.354248,-0.404053,0.988647
-0.438110,0.063477,0.870361
0.557861,-0.187744,1.165894
-0.166870,-0.260620,0.864502
-0.029175,0.195190,1.086426
0.407959,-0.389526,1.013062
-0.430542,0.004517,0.852051
0.521240,-0.146362,1.173340
-0.053833,-0.301147,0.885010
-0.105469,0.197021,1.071899
0.433716,-0.343262,1.034424
-0.432129,-0.051025,0.835938
0.483276,-0.107910,1.182739
-0.014893,-0.328491,0.876099
-0.193237,0.219360,1.052246
0.482910,-0.328491,1.070435
-0.451294,-0.085938,0.809814
0.415161,-0.075928,1.177856
0.051514,-0.351807,0.894409
-0.276245,0.230103,1.016846
0.517822,-0.284424,1.099854
-0.419922,-0.123901,0.795898
0.311401,-0.025513,1.147705
0.130859,-0.391235,0.921997
-0.326538,0.144287,0.944092
0.529541,-0.235840,1.123657
-0.344116,-0.199341,0.802490
0.195679,0.059082,1.119507
0.212158,-0.443115,0.927856
-0.413330,0.107910,0.906250
0.558838,-0.233765,1.142578
-0.302979,-0.246460,0.800903
0.091553,0.144409,1.113525
0.275879,-0.400269,0.935547
-0.439697,0.076904,0.872070
0.543701,-0.218384,1.134888
-0.196533,-0.305664,0.832642
-0.007812,0.166748,1.082397
0.313599,-0.385742,0.940918
-0.451538,0.034546,0.844238
0.515503,-0.187622,1.133179
-0.133423,-0.314453,0.834961
-0.080078,0.168945,1.062988
0.349609,-0.372559,0.964478
-0.466309,-0.023926,0.824707
0.498047,-0.191284,1.132690
-0.104980,-0.307251,0.829468
-0.161987,0.192749,1.028076
0.411865,-0.338379,0.995605
-0.491699,-0.014526,0.807495
0.432495,-0.143555,1.135864
-0.074219,-0.337646,0.837646
-0.246582,0.173706,0.999146
0.455933,-0.329956,1.043335
-0.482788,-0.073242,0.781982
0.344238,-0.045532,1.130127
0.002319,-0.353027,0.834961
-0.320679,0.170776,0.953125
0.483398,-0.304077,1.064331
-0.444824,-0.148682,0.760986
0.244019,-0.011353,1.110962
0.081787,-0.387573,0.863892
-0.410156,0.148438,0.901611
0.490845,-0.259766,1.073975
-0.385132,-0.201538,0.762939
0.121704,0.067139,1.072021
0.174072,-0.399170,0.886475
-0.472168,0.090698,0.851807
0.502075,-0.244019,1.086182
-0.310791,-0.234253,0.780518
0.010986,0.130737,1.059570
0.251587,-0.347168,0.924927
-0.512817,0.029907,0.802368
0.488892,-0.236816,1.087769
-0.193359,-0.322632,0.774414
-0.088257,0.141968,1.020020
0.314331,-0.348999,0.930542
-0.527344,0.000000,0.776978
0.423828,-0.195435,1.078857
-0.144043,-0.361816,0.769897
-0.196045,0.142090,0.989990
0.357300,-0.323853,0.955933
-0.538818,0.011475,0.766357
0.358765,-0.147949,1.076294
-0.093506,-0.386719,0.779663
-0.280273,0.135986,0.940796
0.407593,-0.304810,1.000977
-0.533203,-0.026978,0.727539
0.257690,-0.034912,1.061523
-0.007690,-0.363647,0.823975
-0.401245,0.167480,0.901245
0.431030,-0.274292,1.028809
-0.477417,-0.116577,0.727051
0.167969,0.040161,1.054688
0.074585,-0.405029,0.840088
-0.484619,0.124756,0.858643
0.450439,-0.266846,1.045044
-0.420410,-0.192017,0.724121
0.067871,0.113037,1.042358
0.139893,-0.356567,0.854370
-0.536987,0.112183,0.818481
0.469360,-0.276855,1.038208
-0.310913,-0.283325,0.757690
-0.030396,0.115112,1.008057
0.202759,-0.375366,0.865845
-0.571289,0.117798,0.782349
0.450317,-0.258301,1.029663
-0.241089,-0.301636,0.750977
-0.102295,0.134277,0.984741
0.261475,-0.369019,0.886841
-0.587646,0.058228,0.754761
0.430542,-0.244263,1.028809
-0.214966,-0.336060,0.734619
-0.215210,0.140381,0.946777
0.335205,-0.394409,0.924194
-0.559448,0.018555,0.745728
0.351685,-0.105103,1.047119
-0.173218,-0.322998,0.736938
-0.275513,0.161255,0.947510
0.345337,-0.367798,0.945435
-0.587524,-0.027344,0.709961
0.348755,-0.124390,1.040405
-0.145996,-0.313721,0.748535
-0.340820,0.180420,0.899902
0.375732,-0.335815,0.963745
-0.567749,-0.075928,0.708496
0.255249,-0.082764,1.031372
-0.074585,-0.392456,0.764282
-0.419189,0.200073,0.876953
0.415649,-0.314453,0.972412
-0.543335,-0.039429,0.722778
0.174561,-0.010864,1.021851
-0.008545,-0.387329,0.802124
-0.493652,0.181885,0.846680
0.442261,-0.304688,0.986450
-0.483032,-0.107666,0.724854
0.056641,0.123901,1.020874
0.076538,-0.398315,0.803467
-0.538086,0.150757,0.846558
0.449463,-0.275146,1.018188
-0.427124,-0.178223,0.696167
0.001343,0.148315,1.010864
0.171753,-0.387085,0.835205
-0.598389,0.149292,0.798340
0.427612,-0.261841,1.000610
-0.317139,-0.271606,0.717896
-0.060059,0.127075,0.974121
0.225342,-0.382935,0.875732
-0.616211,0.132202,0.771484
0.405273,-0.206055,1.006714
-0.246704,-0.309448,0.731445
-0.138062,0.163940,0.960938
0.272583,-0.374878,0.890381
-0.605713,0.119141,0.771240
0.385254,-0.180664,0.997070
-0.205933,-0.336060,0.717896
-0.214111,0.166016,0.939331
0.325562,-0.369141,0.910034
-0.616455,0.081177,0.736450
0.350586,-0.139648,1.010864
-0.149780,-0.374023,0.704834
-0.278442,0.198486,0.919067
0.355591,-0.334229,0.921143
-0.601196,0.055664,0.738647
0.291626,-0.102295,1.006470
-0.109863,-0.393799,0.730957
-0.324951,0.173828,0.891846
0.388306,-0.312134,0.947388
-0.612793,0.022949,0.687988
0.218140,-0.026245,0.984863
-0.043579,-0.375977,0.772583
-0.410156,0.177490,0.878296
0.409790,-0.289551,0.972656
-0.564331,-0.058472,0.672119
0.178589,0.040771,1.008301
0.000000,-0.410034,0.759766
-0.469482,0.225464,0.865479
0.411865,-0.271973,0.964600
-0.522339,-0.104858,0.702881
0.147461,-0.021118,1.000977
0.035278,-0.409546,0.785645
-0.526367,0.245483,0.839722
0.433594,-0.247192,0.970215
-0.455444,-0.102661,0.734497
0.067871,0.093994,1.020874
0.102417,-0.437988,0.820557
-0.545776,0.198853,0.813843
0.430786,-0.208618,0.991211
-0.410156,-0.138916,0.734009
0.012451,0.135010,1.023560
0.175903,-0.447998,0.835083
-0.583740,0.178223,0.795410
0.438354,-0.190063,1.006226
-0.312744,-0.164673,0.758179
-0.058228,0.189941,1.003418
0.225830,-0.414673,0.858765
-0.606323,0.140015,0.759644
0.443237,-0.186646,1.014648
-0.246582,-0.247681,0.730591
-0.135010,0.234131,0.970947
0.300171,-0.394287,0.889282
-0.609741,0.101318,0.751221
0.412476,-0.173462,1.012939
-0.167603,-0.324219,0.739258
-0.207397,0.238403,0.949585
0.336548,-0.371582,0.903931
-0.598877,0.067871,0.744873
0.379883,-0.119141,1.026367
-0.117188,-0.357422,0.729614
-0.244019,0.204956,0.907593
0.365356,-0.329346,0.909180
-0.607300,0.058838,0.728882
0.322754,-0.130005,0.988159
-0.022461,-0.429810,0.753296
-0.319946,0.204834,0.881470
0.371338,-0.288330,0.926758
-0.568726,-0.000610,0.710693
0.259399,-0.055908,0.990356
0.002075,-0.422607,0.757568
-0.378784,0.206177,0.864746
0.412842,-0.272095,0.950806
-0.542358,-0.026123,0.726440
0.171143,-0.040649,0.975708
0.046753,-0.431641,0.769531
-0.461060,0.194580,0.834961
0.448486,-0.226074,0.987061
-0.471802,-0.048096,0.749756
0.071899,0.102783,1.014160
0.122192,-0.443359,0.814819
-0.504883,0.139771,0.806030
0.445801,-0.183716,1.011230
-0.379150,-0.106445,0.754028
0.001709,0.157837,0.999512
0.210205,-0.419800,0.853027
-0.569702,0.110107,0.761230
0.449219,-0.179565,1.014526
-0.270264,-0.185913,0.766235
-0.095337,0.211426,0.983032
0.285278,-0.390869,0.894531
-0.589966,0.090088,0.757446
0.420532,-0.182007,1.021240
-0.171265,-0.296021,0.760010
-0.171875,0.219971,0.949463
0.340088,-0.364258,0.908081
-0.587891,0.073242,0.754150
0.371826,-0.128296,1.016479
-0.054932,-0.379150,0.765015
-0.255371,0.208130,0.897461
0.374146,-0.324829,0.928955
-0.564819,0.012695,0.739258
0.320679,-0.110107,0.995850
-0.009155,-0.414307,0.761597
-0.333374,0.191284,0.857056
0.412842,-0.294189,0.953735
-0.521851,-0.055908,0.731445
0.205444,-0.048828,0.986816
0.045532,-0.463013,0.767578
-0.399902,0.131714,0.813965
0.444092,-0.263794,0.975586
-0.464478,-0.061401,0.749878
0.106812,0.082031,1.003540
0.118408,-0.452148,0.798096
-0.494995,0.114258,0.786987
0.431030,-0.244873,0.988770
-0.362061,-0.159302,0.750977
0.018921,0.177734,1.026733
0.198486,-0.402100,0.836182
-0.572754,0.109375,0.755127
0.459717,-0.269531,1.006470
-0.261353,-0.243042,0.773682
-0.080811,0.205322,1.007202
0.262695,-0.378418,0.877441
-0.575928,0.062744,0.736206
0.442871,-0.223267,1.020264
-0.151245,-0.312256,0.779053
-0.149658,0.188599,0.963745
0.327759,-0.322510,0.913208
-0.577759,0.069336,0.750366
0.395630,-0.213257,1.003906
-0.073120,-0.382446,0.791626
-0.208618,0.143799,0.920776
0.381958,-0.329590,0.952637
-0.560669,0.030762,0.739502
0.344604,-0.140259,0.996338
0.007080,-0.390625,0.808594
-0.303467,0.166748,0.881104
0.401489,-0.367188,0.944702
-0.520020,-0.061279,0.741943
0.276489,-0.045776,1.012085
0.038818,-0.415527,0.766479
-0.330200,0.152954,0.871094
0.442993,-0.371582,0.963379
-0.517212,-0.120850,0.723755
0.222168,-0.045532,0.991089
0.069580,-0.418823,0.776367
-0.383667,0.177490,0.851685
0.461426,-0.343628,0.968750
-0.476318,-0.132812,0.747314
0.148193,-0.015625,0.990967
0.098999,-0.467285,0.784424
-0.426147,0.128418,0.818115
0.472168,-0.288940,0.996704
-0.419922,-0.169922,0.754150
0.058960,0.070679,1.010742
0.175659,-0.480469,0.813354
-0.466675,0.081787,0.786987
0.488525,-0.290161,1.005249
-0.364258,-0.137085,0.770142
-0.007935,0.133911,1.013550
0.250000,-0.497681,0.854370
-0.510132,0.037964,0.747925
0.484253,-0.262573,1.031860
-0.259766,-0.219604,0.791748
-0.088257,0.189941,0.998535
0.305176,-0.454102,0.892944
-0.525879,0.015869,0.754517
0.439209,-0.212402,1.054321
-0.157104,-0.290039,0.795898
-0.158325,0.228271,1.003784
0.343262,-0.409058,0.918457
-0.519287,-0.019531,0.768188
0.403931,-0.189819,1.053101
-0.064941,-0.342041,0.824707
-0.203003,0.194214,0.968140
0.376343,-0.387085,0.941406
-0.529663,-0.037964,0.744507
0.364502,-0.172363,1.035767
0.040039,-0.435303,0.827271
-0.258423,0.187500,0.951782
0.418579,-0.346680,0.966187
-0.489624,-0.082153,0.750000
0.276978,-0.074097,1.025391
0.082031,-0.481567,0.797363
-0.301025,0.126953,0.911987
0.477051,-0.327515,1.004639
-0.469727,-0.096680,0.750488
0.195679,-0.011719,1.014893
0.129150,-0.494751,0.806519
-0.357666,0.082275,0.860840
0.491577,-0.282959,1.047241
-0.412598,-0.142334,0.767700
0.109375,0.051147,1.019287
0.197144,-0.503174,0.841797
-0.411621,0.033325,0.828125
0.516968,-0.285645,1.058594
-0.356079,-0.184814,0.770630
0.036133,0.137817,1.038208
0.276733,-0.486694,0.891479
-0.453003,0.021484,0.807739
0.504028,-0.242432,1.078491
-0.268677,-0.242188,0.800049
-0.027832,0.167725,1.032104
0.330688,-0.472778,0.922729
-0.483154,0.021362,0.798828
0.468872,-0.212158,1.082886
-0.167603,-0.281860,0.823120
-0.080566,0.210938,1.049438
0.363647,-0.416138,0.951416
-0.500366,0.022339,0.802490
0.456909,-0.211914,1.083496
-0.090454,-0.308960,0.847534
-0.132324,0.213257,1.035278
0.395874,-0.389648,0.971802
-0.488159,-0.016357,0.793823
0.431152,-0.144775,1.105957
-0.005127,-0.372314,0.849854
-0.180542,0.212158,1.033325
0.445068,-0.376831,1.001465
-0.478394,-0.045532,0.787354
0.371826,-0.109009,1.088013
0.079712,-0.410156,0.868408
-0.216919,0.200195,1.008057
0.468506,-0.309814,1.035889
-0.442017,-0.087158,0.787842
0.324463,-0.076660,1.084473
0.104858,-0.431152,0.868652
-0.296875,0.196167,0.973999
0.519775,-0.289062,1.066284
-0.419189,-0.103027,0.791138
0.243408,-0.008057,1.069946
0.169800,-0.443115,0.903320
-0.339722,0.135132,0.931396
0.545044,-0.257080,1.113892
-0.366577,-0.176758,0.786743
0.144043,0.084106,1.081055
0.248413,-0.468994,0.910034
-0.386475,0.060791,0.865356
0.542847,-0.222656,1.117432
-0.268677,-0.217651,0.822144
0.056152,0.146973,1.070312
0.320068,-0.440063,0.951660
-0.434326,0.033936,0.841064
0.537109,-0.209961,1.126465
-0.187622,-0.239258,0.849854
-0.003906,0.198853,1.085083
0.372559,-0.393677,0.983887
-0.476807,0.043945,0.845093
0.419678,-0.357422,1.014771
-0.147339,0.189941,1.055298
0.466553,-0.305176,1.072632
-0.438477,-0.055908,0.818115
0.396851,-0.072266,1.146729
0.055420,-0.401611,0.889526
-0.181641,0.183228,1.043091
0.513550,-0.302856,1.102295
-0.451416,-0.051147,0.809082
0.346680,-0.039917,1.131836
0.104614,-0.439087,0.900513
-0.248901,0.140137,1.013306
0.549072,-0.273804,1.137207
-0.406494,-0.086670,0.812988
0.113403,0.132080,1.076660
0.159180,-0.423828,0.924072
-0.426147,0.024414,0.839233
0.542603,-0.272461,1.108765
-0.366455,-0.148682,0.821167
0.058105,0.151611,1.079834
0.229858,-0.422974,0.946533
-0.453003,0.046997,0.827759
0.518555,-0.214844,1.109131
-0.223633,-0.244507,0.828369
0.000854,0.172607,1.083618
0.369995,-0.433228,0.971191
-0.475586,0.052246,0.823730
0.505981,-0.177246,1.126953
-0.135132,-0.253052,0.872681
-0.066406,0.209717,1.071655
0.409668,-0.422363,0.994873
-0.465088,-0.028320,0.814575
0.479858,-0.137817,1.138794
-0.045776,-0.285522,0.871460
-0.119751,0.252197,1.080078
0.443481,-0.377686,1.024292
-0.463257,-0.029907,0.822998
0.428833,-0.117432,1.130005
0.020630,-0.378906,0.873657
-0.133789,0.181152,1.052490
0.474487,-0.298828,1.060669
-0.467285,-0.032227,0.804810
0.406250,-0.104614,1.127197
0.078735,-0.445312,0.883057
-0.214233,0.174561,1.034302
0.513184,-0.267578,1.104614
-0.436401,-0.024780,0.826294
0.328369,-0.024536,1.109253
0.118164,-0.415405,0.902710
-0.252930,0.106689,1.002319
0.545410,-0.251221,1.150513
-0.405762,-0.090698,0.799805
0.281006,0.048584,1.115234
0.182495,-0.398315,0.942627
-0.322510,0.118286,0.965698
0.557739,-0.242432,1.149536
-0.363037,-0.180298,0.798584
0.235718,0.092407,1.146362
0.225952,-0.439331,0.937256
-0.357056,0.124268,0.916260
0.547119,-0.237915,1.125854
-0.312256,-0.195068,0.816162
0.186401,0.077271,1.121216
0.291748,-0.452026,0.972900
-0.394531,0.103760,0.890991
0.543457,-0.191650,1.139282
-0.260986,-0.218384,0.829102
0.117432,0.139648,1.122192
0.339600,-0.457031,0.982178
-0.424072,0.101562,0.894409
0.543823,-0.175781,1.150024
-0.210693,-0.239136,0.848755
0.060669,0.168213,1.120728
0.360962,-0.420776,0.992920
-0.434326,0.060181,0.873779
0.545288,-0.162476,1.164429
-0.139771,-0.257568,0.883423
-0.027832,0.211304,1.097534
0.394409,-0.390259,1.007202
-0.437988,0.019775,0.866821
0.537720,-0.168091,1.174194
-0.056274,-0.303223,0.894043
-0.093262,0.237183,1.086792
0.423462,-0.356812,1.018555
-0.426392,-0.036865,0.851807
0.512085,-0.132935,1.182007
0.009888,-0.344727,0.896851
-0.131470,0.195312,1.053223
0.459839,-0.322388,1.062256
-0.437744,-0.052856,0.833252
0.474121,-0.113159,1.173584
0.009033,-0.322510,0.901489
-0.179688,0.214233,1.069214
0.486816,-0.322754,1.082031
-0.449219,-0.053345,0.822144
0.413086,-0.047852,1.170288
0.057861,-0.346313,0.916016
-0.231934,0.219360,1.050415
0.519287,-0.278931,1.104614
-0.434326,-0.062866,0.805298
0.361816,-0.039673,1.154175
0.102539,-0.378540,0.935913
-0.265625,0.174438,1.022949
0.532837,-0.274170,1.124268
-0.406006,-0.115112,0.798950
0.306396,0.035156,1.156494
0.141479,-0.371094,0.930054
-0.307007,0.135742,0.970825
0.573486,-0.289062,1.140747
-0.386963,-0.137207,0.818359
0.225098,0.090698,1.135132
0.187134,-0.411255,0.922485
-0.345703,0.106445,0.931885
0.565308,-0.264282,1.147217
-0.337891,-0.234131,0.800903
0.168701,0.137329,1.125977
0.219727,-0.407349,0.921387
-0.381348,0.081177,0.908691
0.576050,-0.276855,1.140381
-0.321655,-0.210205,0.814575
0.118530,0.140137,1.125000
0.253784,-0.404907,0.937988
-0.402466,0.093018,0.897827
0.557983,-0.218384,1.139282
-0.283203,-0.236084,0.820312
0.077148,0.134521,1.092285
0.293823,-0.406128,0.949097
-0.444824,0.076904,0.875122
0.551270,-0.250366,1.121216
-0.231201,-0.267090,0.832764
0.028320,0.152588,1.088867
0.297119,-0.382690,0.941284
-0.460693,0.046387,0.851562
0.556641,-0.249634,1.133911
-0.195557,-0.295166,0.833618
-0.035278,0.167480,1.064819
0.348755,-0.393311,0.966064
-0.469116,0.032104,0.830444
0.508667,-0.157349,1.148315
-0.136719,-0.336060,0.817871
-0.072144,0.168091,1.067139
0.358643,-0.404785,0.962769
-0.490723,0.020874,0.824463
0.499634,-0.166992,1.138428
-0.111816,-0.320312,0.822510
-0.134277,0.173706,1.028320
0.380737,-0.379639,0.962402
-0.479248,-0.042847,0.797485
0.488892,-0.166016,1.150391
-0.106445,-0.305664,0.821899
-0.211792,0.210327,1.013916
0.418823,-0.363159,0.992676
-0.479492,-0.090820,0.786011
0.425171,-0.126587,1.136597
-0.070679,-0.305176,0.839478
-0.270020,0.224854,0.992188
0.451538,-0.315674,1.032227
-0.506226,-0.074463,0.770142
0.360229,-0.115479,1.122559
-0.005249,-0.365723,0.835205
-0.323242,0.196045,0.953125
0.463745,-0.298462,1.034790
-0.478882,-0.086060,0.757324
0.264282,-0.044922,1.093994
0.066284,-0.431519,0.845947
-0.378174,0.172974,0.925293
0.488770,-0.269043,1.058472
-0.447510,-0.091309,0.772949
0.153442,0.044556,1.062500
0.142334,-0.399780,0.889282
-0.445312,0.089355,0.860718
0.496826,-0.264771,1.083008
-0.387451,-0.189819,0.753662
0.070435,0.134766,1.073975
0.187378,-0.373047,0.882080
-0.496582,0.066650,0.821411
0.501709,-0.264526,1.080688
-0.277100,-0.279297,0.770630
-0.028931,0.164307,1.041626
0.250000,-0.380371,0.881104
-0.530273,0.055420,0.804810
0.478882,-0.273804,1.060425
-0.215820,-0.343628,0.769531
-0.077026,0.134888,1.000366
0.260132,-0.331665,0.899414
-0.540405,0.040771,0.767334
0.458496,-0.251587,1.069092
-0.184204,-0.389160,0.757324
-0.139038,0.105469,0.968506
0.302368,-0.330322,0.922363
-0.562134,0.046997,0.765869
0.409546,-0.204590,1.067749
-0.150024,-0.369263,0.781616
-0.227417,0.145874,0.971802
0.349487,-0.333374,0.956299
-0.577515,0.006958,0.736084
0.345947,-0.151001,1.053467
-0.122070,-0.364990,0.779419
-0.294678,0.139160,0.933838
0.390381,-0.315308,0.981812
-0.541260,-0.003906,0.738159
0.282593,-0.043701,1.059326
-0.066772,-0.342773,0.804932
-0.349487,0.158936,0.912476
0.388428,-0.335327,0.978149
-0.537842,-0.077271,0.719849
0.247437,-0.053833,1.050781
-0.043213,-0.365723,0.789551
-0.426392,0.202759,0.889038
0.451294,-0.340454,0.998047
-0.533325,-0.093750,0.733032
0.161499,0.002563,1.037720
0.011108,-0.391724,0.816772
-0.468262,0.183960,0.870605
0.450317,-0.309814,1.012939
-0.493774,-0.173096,0.717407
0.086060,0.057007,1.033936
0.083130,-0.437378,0.820190
-0.531860,0.168091,0.836548
0.458496,-0.270630,1.018066
-0.391968,-0.163818,0.765991
-0.003784,0.135132,1.020142
0.142578,-0.410034,0.840698
-0.537598,0.096680,0.805054
0.454346,-0.235229,1.038208
-0.347778,-0.212280,0.743652
-0.073120,0.157227,0.993652
0.215942,-0.422485,0.842285
-0.568481,0.093018,0.791382
0.431763,-0.209717,1.036133
-0.259521,-0.282349,0.737549
-0.143066,0.151611,0.950684
0.253052,-0.396606,0.870117
-0.573853,0.038574,0.745361
0.415039,-0.155151,1.058105
-0.222656,-0.319580,0.711914
-0.228149,0.178833,0.939331
0.327271,-0.377441,0.916992
-0.601807,0.024658,0.734497
0.344971,-0.168701,1.026245
-0.185547,-0.384033,0.695801
-0.276611,0.167725,0.907715
0.354858,-0.339966,0.927979
-0.593750,0.037476,0.737671
0.316406,-0.129272,1.023071
-0.105713,-0.380249,0.755371
-0.375488,0.192993,0.861450
0.364990,-0.344482,0.920898
-0.565308,-0.000366,0.729004
0.269653,-0.067261,1.024292
-0.074219,-0.353638,0.782104
-0.462036,0.216431,0.859375
0.409546,-0.320190,0.959106
-0.525635,-0.075439,0.710693
0.144775,0.038696,1.011841
0.014160,-0.388184,0.802612
-0.513672,0.216431,0.856812
0.415405,-0.275146,0.973633
-0.487671,-0.111328,0.721924
0.069580,0.071777,1.015137
0.092041,-0.439453,0.811646
-0.549683,0.189575,0.815918
0.433472,-0.231934,1.000610
-0.395874,-0.136719,0.741211
-0.002930,0.141846,1.005005
0.157715,-0.432861,0.824341
-0.585449,0.144653,0.784668
0.443115,-0.204834,1.019531
-0.307861,-0.229858,0.728027
-0.099365,0.203613,0.982544
0.248413,-0.426758,0.849121
-0.589966,0.096436,0.767700
0.410156,-0.151855,1.024292
-0.247314,-0.271362,0.708984
-0.149780,0.195557,0.970825
0.296143,-0.396973,0.882935
-0.620728,0.094482,0.756348
0.398071,-0.164062,1.028687
-0.180542,-0.356567,0.716919
-0.215332,0.178223,0.931274
0.325195,-0.342896,0.908813
-0.620239,0.104492,0.736572
0.366577,-0.152100,1.020142
-0.120361,-0.388916,0.738037
-0.283813,0.183960,0.891602
0.365234,-0.319458,0.917480
-0.598022,0.056519,0.721558
0.300781,-0.106934,0.994141
-0.072388,-0.409790,0.733276
-0.354004,0.209229,0.884033
0.394775,-0.286865,0.941040
-0.582153,0.020630,0.706909
0.222534,-0.034912,0.998047
-0.014648,-0.412964,0.776733
-0.414917,0.174072,0.867432
0.411499,-0.271729,0.958984
-0.537231,-0.018311,0.725342
0.112915,0.073242,0.989746
0.067017,-0.426025,0.795166
-0.481445,0.160767,0.833374
0.405518,-0.222412,0.986084
-0.444092,-0.084106,0.733276
0.059692,0.170288,1.025879
0.114380,-0.386963,0.813232
-0.532227,0.134033,0.816406
0.448364,-0.237671,1.015503
-0.387695,-0.112061,0.739502
-0.007690,0.198975,1.001099
0.196899,-0.395874,0.834717
-0.593994,0.156494,0.791870
0.447510,-0.220337,1.015381
-0.275024,-0.248291,0.734619
-0.081543,0.196167,0.972046
0.262085,-0.372925,0.879150
-0.617920,0.158691,0.755127
0.435547,-0.197998,1.015381
-0.188721,-0.299927,0.756226
-0.151733,0.175171,0.935059
0.293213,-0.337646,0.890991
-0.602051,0.135864,0.745972
0.418335,-0.139526,1.024048
-0.120361,-0.327393,0.759521
-0.221680,0.199097,0.924683
0.339966,-0.371826,0.906738
-0.589722,0.075928,0.744507
0.371704,-0.101562,1.014282
-0.080444,-0.353760,0.739014
-0.274292,0.213135,0.904785
0.378784,-0.352539,0.922485
-0.560059,0.010742,0.738281
0.312988,-0.068970,1.000854
-0.033691,-0.374634,0.745850
-0.336914,0.196777,0.873169
0.399658,-0.304688,0.933105
-0.548828,-0.043213,0.710327
0.257812,-0.060669,0.995117
0.008423,-0.406860,0.770142
-0.391113,0.193115,0.849365
0.421875,-0.278442,0.951294
-0.512085,-0.033569,0.737305
0.171753,0.002563,0.989380
0.059204,-0.424927,0.777954
-0.457275,0.206177,0.823242
0.447388,-0.246338,0.978271
-0.469238,-0.077759,0.738647
0.087402,0.090332,0.997803
0.124390,-0.416504,0.821411
-0.506104,0.151611,0.804077
0.452393,-0.235596,0.993774
-0.399414,-0.134888,0.747681
0.005493,0.141968,0.998291
0.187500,-0.421021,0.838989
-0.542725,0.124268,0.781006
0.448242,-0.219238,1.010986
-0.291504,-0.200562,0.766235
-0.078735,0.185913,0.985107
0.257324,-0.395874,0.871338
-0.576904,0.094971,0.753174
0.441650,-0.197754,1.024902
-0.169800,-0.290405,0.770752
-0.159912,0.192993,0.952515
0.316406,-0.375610,0.892822
-0.575562,0.069580,0.744019
0.393188,-0.134521,1.028931
-0.079468,-0.387329,0.762085
-0.228149,0.186646,0.908081
0.362793,-0.325195,0.920288
-0.534912,0.006104,0.738403
0.313965,-0.073364,1.007080
-0.009277,-0.417114,0.772339
-0.327026,0.161865,0.862183
0.417114,-0.345947,0.942749
-0.523315,-0.047485,0.731567
0.218628,0.008057,1.000244
0.036011,-0.409790,0.759521
-0.391724,0.144165,0.827881
0.442749,-0.307983,0.973267
-0.478394,-0.133545,0.734253
0.131226,0.043457,1.006714
0.087280,-0.418457,0.791260
-0.495850,0.150757,0.774170
0.469604,-0.271606,0.992676
-0.390625,-0.135376,0.758545
0.029175,0.121216,1.000977
0.176270,-0.415527,0.845703
-0.531128,0.089233,0.751221
0.475708,-0.254150,1.022949
-0.307983,-0.229736,0.765259
-0.064819,0.190430,1.015991
0.249512,-0.430176,0.860596
-0.540283,0.072266,0.755249
0.443115,-0.228516,1.022583
-0.192139,-0.262695,0.796753
-0.151978,0.208252,0.968750
0.312378,-0.404785,0.890015
-0.546265,0.012817,0.753052
0.424194,-0.193237,1.036133
-0.100586,-0.317017,0.797363
-0.227905,0.236572,0.945312
0.367920,-0.372803,0.923584
-0.529907,-0.030640,0.740479
0.341431,-0.131226,1.012695
-0.009399,-0.402344,0.792969
-0.258667,0.189575,0.909912
0.385010,-0.357422,0.920898
-0.540283,-0.047852,0.742920
0.293457,-0.121704,1.002197
0.044678,-0.469849,0.770508
-0.328003,0.164429,0.861328
0.430054,-0.299072,0.964111
-0.493896,-0.062866,0.746338
0.203979,-0.045166,1.004517
0.097412,-0.504517,0.788818
-0.392334,0.079590,0.812744
0.455811,-0.281372,0.992798
-0.448120,-0.100952,0.747925
0.095459,0.056763,1.003784
0.160889,-0.490356,0.815674
-0.452759,0.077271,0.795776
0.476196,-0.274170,1.013062
-0.395874,-0.165161,0.733765
0.027954,0.132812,1.021729
0.229858,-0.447632,0.855713
-0.503784,0.047974,0.759644
0.479980,-0.278442,1.033569
-0.265991,-0.245728,0.778564
-0.071777,0.222412,1.027954
0.274414,-0.411743,0.883423
-0.521851,0.027344,0.758667
0.462402,-0.244385,1.057251
-0.171021,-0.274902,0.807739
-0.129150,0.206055,1.014404
0.309570,-0.405029,0.901733
-0.536743,0.041138,0.767456
0.441284,-0.233521,1.046997
-0.075562,-0.340088,0.833008
-0.193481,0.225098,0.989380
0.348267,-0.382690,0.929321
-0.524414,-0.007812,0.751953
0.397217,-0.182007,1.042236
-0.014771,-0.363159,0.851807
-0.210205,0.182495,0.964966
0.379028,-0.354858,0.948608
-0.506348,-0.048462,0.748169
0.366577,-0.138916,1.046265
0.039429,-0.416016,0.848877
-0.262573,0.202026,0.956299
0.419922,-0.357788,0.971069
-0.500122,-0.087646,0.733276
0.329590,-0.124390,1.039551
0.065186,-0.449951,0.827881
-0.280762,0.174683,0.932495
0.455200,-0.333984,1.002197
-0.475342,-0.080566,0.757935
0.260498,-0.081055,1.015381
0.072876,-0.465210,0.822266
-0.300659,0.109131,0.920776
0.487915,-0.330444,1.024048
-0.457031,-0.082520,0.765747
0.212402,0.022095,1.046875
0.106812,-0.432983,0.842163
-0.330566,0.114136,0.918335
0.500122,-0.320435,1.042114
-0.432129,-0.138916,0.760742
0.179565,0.035767,1.049072
0.154297,-0.452637,0.851196
-0.378906,0.131470,0.895874
0.511597,-0.311768,1.043701
-0.390259,-0.171143,0.771240
0.135254,0.063477,1.049316
0.213623,-0.459229,0.862427
-0.405884,0.095337,0.852173
0.535889,-0.287354,1.068604
-0.352783,-0.189819,0.782837
0.060181,0.090332,1.026245
0.272949,-0.498901,0.875732
-0.426025,0.006836,0.817749
0.521851,-0.244507,1.096313
-0.309570,-0.214111,0.789551
0.007446,0.140137,1.033081
0.332886,-0.488037,0.928345
-0.447632,0.010620,0.800171
0.497681,-0.211060,1.099487
-0.212402,-0.227539,0.833740
-0.041138,0.181396,1.046753
0.356567,-0.450195,0.943481
-0.450684,-0.011719,0.799438
0.487183,-0.166626,1.119873
-0.147949,-0.241943,0.843628
-0.087891,0.232056,1.057617
0.408325,-0.403320,0.984375
-0.474121,-0.020386,0.806641
0.441040,-0.135620,1.122070
-0.037354,-0.362183,0.847778
-0.136719,0.186401,1.025757
0.439331,-0.356812,1.013672
-0.464233,-0.021606,0.800537
0.409912,-0.115723,1.114136
0.051758,-0.416016,0.877441
-0.182495,0.161743,1.019653
0.464478,-0.326172,1.045166
-0.464111,-0.050415,0.789429
0.380737,-0.073486,1.112793
0.082520,-0.419922,0.875122
-0.239746,0.177368,1.008789
0.502930,-0.298706,1.082886
-0.427246,-0.095459,0.799561
0.319458,-0.031128,1.098267
0.127808,-0.390625,0.910400
-0.299438,0.177246,0.973755
0.544312,-0.271484,1.110718
-0.383423,-0.135986,0.817139
0.236084,0.015381,1.101074
0.203003,-0.441772,0.922607
-0.342041,0.100098,0.918579
0.551636,-0.230591,1.134521
-0.331177,-0.167358,0.816895
0.149902,0.084229,1.086792
0.288818,-0.503296,0.940430
-0.413818,0.055542,0.866699
0.549194,-0.225830,1.137085
-0.251831,-0.231201,0.823975
0.072021,0.192383,1.110229
0.351074,-0.451660,0.970947
-0.436035,0.037476,0.850464
0.551270,-0.211670,1.150024
-0.168701,-0.248779,0.869385
-0.002075,0.221680,1.088257
0.379761,-0.359741,1.006958
-0.447510,-0.001343,0.840698
0.526367,-0.181641,1.171143
-0.095093,-0.319946,0.872070
-0.046631,0.214478,1.082886
0.413818,-0.343018,1.007812
-0.450928,-0.016724,0.830688
0.496460,-0.176270,1.161499
0.019897,-0.409546,0.890625
-0.106079,0.170410,1.076904
0.452515,-0.313843,1.060669
-0.471680,-0.010620,0.816772
0.442017,-0.095825,1.163452
0.049072,-0.389160,0.896240
-0.175293,0.222900,1.082153
0.498901,-0.283691,1.089111
-0.448853,-0.020874,0.801392
0.388672,-0.041504,1.153442
0.113892,-0.424561,0.921753
-0.260620,0.204468,1.050537
0.537476,-0.289551,1.120850
-0.397949,-0.079590,0.814819
0.305420,0.054321,1.155029
0.159546,-0.406738,0.939087
-0.294800,0.134521,0.997314
0.562134,-0.280762,1.146240
-0.360718,-0.151855,0.816650
0.232666,0.108887,1.149780
0.222290,-0.387573,0.950073
-0.354858,0.099487,0.927368
0.587280,-0.283325,1.150024
-0.302979,-0.224121,0.828491
0.155396,0.139404,1.118896
0.288086,-0.415527,0.954468
-0.392578,0.090210,0.902100
0.572632,-0.239136,1.157349
-0.272095,-0.229370,0.832153
0.111572,0.127686,1.108887
0.342896,-0.410889,0.995361
-0.423462,0.089844,0.886841
0.556885,-0.187622,1.158569
-0.218750,-0.240601,0.848022
0.047363,0.155396,1.092896
0.365845,-0.405273,0.998413
-0.435181,0.057129,0.875488
0.535767,-0.156982,1.161865
-0.143188,-0.299194,0.860840
-0.012451,0.201904,1.112549
0.394897,-0.387939,1.003662
-0.460571,0.025391,0.854614
0.525879,-0.162231,1.152832
-0.078613,-0.324585,0.867188
-0.057007,0.189819,1.084717
0.405640,-0.343384,1.025024
-0.458740,-0.011841,0.844482
0.512939,-0.144043,1.176147
-0.033447,-0.359131,0.858887
-0.117432,0.197388,1.072632
0.436279,-0.317993,1.036987
-0.477173,-0.006104,0.830078
0.466675,-0.156250,1.152344
-0.007690,-0.357300,0.877686
-0.177856,0.195435,1.058838
0.467773,-0.292725,1.068970
-0.465210,0.004883,0.816772
0.386353,-0.071899,1.151001
0.026367,-0.383423,0.898560
-0.251099,0.171143,1.039307
0.516846,-0.299561,1.106323
-0.421265,-0.080322,0.798584
0.296631,0.058105,1.157837
0.078491,-0.386719,0.893677
-0.271606,0.106934,0.988281
0.527466,-0.282471,1.117188
-0.414917,-0.127808,0.786987
0.272583,0.060303,1.156738
0.136597,-0.382568,0.894897
-0.362183,0.144897,0.936768
0.542847,-0.277344,1.118652
-0.360229,-0.199097,0.789062
0.193481,0.081909,1.123535
0.186768,-0.406494,0.902954
-0.401611,0.125610,0.914062
0.551147,-0.262817,1.108887
-0.328491,-0.206055,0.792725
0.113647,0.123901,1.095581
0.243530,-0.412598,0.929810
-0.426880,0.078979,0.877686
0.524780,-0.214111,1.112305
-0.302368,-0.238892,0.806519
0.054565,0.098999,1.081665
0.282715,-0.403564,0.948730
-0.450684,0.079224,0.847290
0.526489,-0.165527,1.118286
-0.201416,-0.227417,0.838257
-0.035034,0.150879,1.064453
0.318970,-0.416382,0.948242
-0.482178,-0.023315,0.817993
0.507324,-0.201050,1.134277
-0.144897,-0.315063,0.816772
-0.098633,0.186890,1.036499
0.341553,-0.341919,0.951416
-0.498901,-0.021240,0.788208
0.483643,-0.207397,1.133545
-0.103516,-0.371460,0.804321
-0.183105,0.194214,1.016357
0.378174,-0.347412,0.954590
-0.523804,-0.021362,0.769043
0.425781,-0.179565,1.107056
-0.058350,-0.371582,0.826904
-0.244873,0.192993,0.987427
0.418945,-0.308228,1.010620
-0.542480,-0.001709,0.767334
0.350952,-0.125000,1.091064
-0.012939,-0.402588,0.826050
-0.297485,0.153809,0.959106
0.435181,-0.270752,1.041870
-0.505737,-0.070068,0.735962
0.266724,-0.018799,1.093140
0.048706,-0.405640,0.850464
-0.387329,0.158325,0.922363
0.465942,-0.294312,1.047119
-0.459839,-0.113159,0.748535
0.180542,0.048218,1.076050
0.101196,-0.378906,0.872192
-0.448975,0.115845,0.882202
0.481567,-0.290405,1.065186
-0.435913,-0.178101,0.743774
0.088501,0.095093,1.046265
0.153687,-0.418701,0.855103
-0.474487,0.110840,0.847656
0.480713,-0.228394,1.074097
-0.350952,-0.233521,0.762817
0.038330,0.108765,1.040527
0.183472,-0.401611,0.864136
-0.510864,0.087891,0.831055
0.471680,-0.260010,1.054077
-0.301514,-0.290527,0.746216
0.008667,0.117065,1.044922
0.205933,-0.391602,0.857422
-0.553955,0.096924,0.810181
0.487183,-0.285522,1.035767
-0.267578,-0.276489,0.775513
-0.055908,0.123657,1.011597
0.224731,-0.407349,0.872437
-0.541870,0.056519,0.780884
0.468750,-0.212769,1.070190
-0.246582,-0.275879,0.761108
-0.117554,0.156128,0.989624
0.268066,-0.385254,0.893677
-0.546387,0.015259,0.773804
0.446899,-0.216187,1.066650
-0.238525,-0.329468,0.732422
-0.163086,0.153442,0.957520
0.312012,-0.393677,0.893433
-0.581665,0.031250,0.744507
0.424316,-0.212036,1.048950
-0.182861,-0.361450,0.740356
-0.212646,0.159668,0.953613
0.421875,-0.309937,1.012329
-0.587280,0.012573,0.743652
0.354370,-0.124878,1.105835
-0.174194,-0.353760,0.738525
-0.308838,0.153564,0.930664
0.440308,-0.276123,1.040649
-0.511597,-0.052734,0.753174
0.270752,-0.047974,1.094727
0.021729,-0.416504,0.835571
-0.363281,0.150635,0.928589
0.467285,-0.283813,1.045288
-0.457886,-0.086792,0.740112
0.178955,0.038330,1.072998
0.099487,-0.405762,0.872314
-0.427490,0.116455,0.887939
0.465698,-0.276611,1.043457
-0.456787,-0.141602,0.731689
0.125122,0.123291,1.079224
0.148926,-0.404053,0.865601
-0.474854,0.123291,0.852295
0.479858,-0.261108,1.055542
-0.400879,-0.209717,0.735596
0.043823,0.107544,1.039307
0.181519,-0.420776,0.855957
-0.502319,0.098877,0.840942
0.482788,-0.246704,1.064453
-0.329712,-0.209717,0.769287
-0.018921,0.138062,1.026001
0.215210,-0.414795,0.872925
-0.530762,0.056274,0.794556
0.487305,-0.249878,1.066528
-0.288452,-0.247925,0.765869
-0.081177,0.147583,1.005005
0.256104,-0.406006,0.885254
-0.536255,0.037231,0.784790
0.457275,-0.208496,1.073364
-0.237427,-0.313477,0.739990
-0.143677,0.168213,0.976074
0.297974,-0.377808,0.908813
-0.555054,0.027344,0.769409
0.414917,-0.205688,1.048584
-0.209229,-0.377808,0.706543
-0.189209,0.154785,0.968384
0.327515,-0.360596,0.916138
-0.588501,0.038086,0.750000
0.401123,-0.181763,1.051758
-0.160156,-0.355347,0.737793
-0.257202,0.161377,0.950806
0.346436,-0.372070,0.928833
-0.587036,-0.016235,0.734253
0.341309,-0.144531,1.041748
-0.110107,-0.364990,0.753906
-0.327637,0.195923,0.922729
0.389893,-0.314087,0.966309
-0.578247,-0.028564,0.720825
0.254028,-0.094482,1.032837
-0.063965,-0.405029,0.775269
-0.390259,0.186157,0.908325
0.423828,-0.321777,0.981812
-0.539429,-0.044922,0.719849
0.167358,0.025879,1.017822
-0.001343,-0.369263,0.798828
-0.455322,0.165649,0.872437
0.399536,-0.281616,0.990967
-0.504272,-0.148804,0.711304
0.113037,0.057617,1.023071
0.060547,-0.411011,0.794067
-0.528320,0.191284,0.843506
0.441528,-0.262695,1.006836
-0.421387,-0.186035,0.741333
0.016479,0.100220,1.016479
0.118652,-0.460083,0.812378
-0.547852,0.152832,0.826538
0.442993,-0.234375,1.021484
-0.377686,-0.186646,0.741089
-0.036499,0.155762,1.014526
0.199097,-0.442505,0.845337
-0.588867,0.127197,0.786011
0.420654,-0.205200,1.023315
-0.291748,-0.267456,0.722290
-0.097534,0.156738,0.984009
0.245972,-0.398315,0.878052
-0.619629,0.112671,0.766357
0.408447,-0.215942,1.014282
-0.224854,-0.351196,0.707764
-0.171143,0.175415,0.966797
0.284546,-0.358887,0.892334
-0.609985,0.084839,0.757812
0.382935,-0.175415,1.019409
-0.184326,-0.357910,0.714111
-0.241333,0.155884,0.933960
0.333496,-0.368530,0.910034
-0.601929,0.050049,0.726440
0.330933,-0.112427,1.011597
-0.148926,-0.371582,0.707153
-0.316895,0.185181,0.901123
0.371460,-0.365845,0.913818
-0.577393,0.004272,0.719727
0.297241,-0.060547,1.027710
-0.102661,-0.364746,0.737183
-0.382568,0.200562,0.874390
0.386719,-0.331299,0.929199
-0.556519,-0.027100,0.710693
0.241089,-0.027100,1.020020
-0.060181,-0.405273,0.741943
-0.455200,0.226440,0.879395
0.401367,-0.331055,0.942749
-0.524414,-0.084961,0.716064
0.166748,0.002441,1.000854
-0.012451,-0.396606,0.768433
-0.499634,0.242920,0.852417
0.426025,-0.280029,0.955200
-0.474121,-0.091309,0.729980
0.096558,0.050903,1.002197
0.060669,-0.425903,0.788818
-0.544922,0.228638,0.829834
0.430908,-0.231812,0.984009
-0.414673,-0.149780,0.738647
0.026489,0.128174,1.017700
0.135864,-0.445068,0.810791
-0.570068,0.221069,0.809082
0.422485,-0.208374,0.979248
-0.365601,-0.182129,0.738647
-0.023804,0.146118,1.004639
0.187378,-0.421631,0.846558
-0.604248,0.140015,0.774170
0.438965,-0.177734,1.030640
-0.266357,-0.233032,0.740234
-0.124634,0.218750,0.984009
0.260986,-0.407837,0.855225
-0.591553,0.102417,0.787231
0.412720,-0.165283,1.018188
-0.208496,-0.266479,0.741943
-0.181641,0.208618,0.944580
0.325317,-0.359009,0.891846
-0.606079,0.070557,0.733521
0.380249,-0.155518,1.010498
-0.134888,-0.340698,0.736084
-0.255493,0.208374,0.903442
0.362549,-0.326050,0.914062
-0.592529,0.027466,0.727539
0.331909,-0.111938,1.015137
-0.063599,-0.423218,0.730225
-0.347290,0.211670,0.865479
0.369873,-0.295654,0.908081
-0.548706,-0.000732,0.719727
0.248657,-0.046387,0.992676
-0.016479,-0.404541,0.754272
-0.404907,0.192017,0.844727
0.414551,-0.262329,0.955688
-0.530884,-0.018555,0.717651
0.151489,0.041992,0.996094
0.054810,-0.427856,0.783081
-0.469238,0.174683,0.832886
0.429443,-0.224731,0.981689
-0.463745,-0.066406,0.744385
0.075562,0.127319,1.014648
0.117432,-0.416382,0.812988
-0.531006,0.155396,0.811523
0.458618,-0.214844,1.001831
-0.385986,-0.114502,0.746094
-0.009155,0.181152,0.998901
0.199951,-0.399048,0.851196
-0.573730,0.134766,0.785034
0.442993,-0.173096,1.031738
-0.289673,-0.221191,0.724487
-0.072144,0.199219,0.983276
0.242310,-0.374023,0.871582
-0.601929,0.108032,0.756348
0.440674,-0.192139,1.024658
-0.176514,-0.296875,0.765747
-0.150146,0.208862,0.945557
0.286865,-0.341675,0.885620
-0.599243,0.116333,0.746948
0.430664,-0.184326,1.012939
-0.110474,-0.336914,0.776367
-0.209106,0.195312,0.908325
0.328613,-0.312988,0.912842
-0.584473,0.092773,0.740112
0.379150,-0.124268,1.018433
-0.062012,-0.402832,0.758301
-0.248535,0.193481,0.907104
0.369507,-0.326294,0.921021
-0.577271,0.044800,0.743286
0.321655,-0.078125,1.011475
-0.025879,-0.414551,0.755859
-0.302612,0.183594,0.881470
0.397949,-0.320190,0.931274
-0.559570,0.036377,0.729126
0.264648,-0.029541,0.990845
0.011963,-0.415039,0.770630
-0.360107,0.143799,0.850830
0.415405,-0.318115,0.941528
-0.531494,-0.015869,0.728027
0.221313,0.003906,1.002563
0.020996,-0.403198,0.765015
-0.408203,0.160278,0.831177
0.449097,-0.311279,0.966675
-0.489990,-0.085938,0.748169
0.152588,0.041016,1.006226
0.059448,-0.399902,0.786743
-0.447998,0.160278,0.813354
0.454102,-0.274170,0.989502
-0.467896,-0.126465,0.738892
0.110718,0.033203,1.001709
0.124512,-0.419189,0.817749
-0.511841,0.171997,0.789551
0.455444,-0.230835,0.990845
-0.383057,-0.109253,0.783936
0.022461,0.120850,1.014038
0.192261,-0.476929,0.833618
-0.567749,0.106323,0.760498
0.448730,-0.197754,1.012817
-0.285767,-0.205200,0.753784
-0.067017,0.204712,1.003662
0.268799,-0.428467,0.865356
-0.567017,0.084473,0.753662
0.436646,-0.218628,1.016357
-0.191772,-0.268677,0.786499
-0.142822,0.189209,0.955200
0.307495,-0.393555,0.890503
-0.563965,0.038940,0.747803
0.404907,-0.166382,1.025391
-0.087158,-0.340088,0.785278
-0.209106,0.227539,0.950928
0.356201,-0.354370,0.914917
-0.566528,0.002686,0.741943
0.364990,-0.162720,1.005859
-0.023560,-0.399170,0.791260
-0.272827,0.208008,0.910767
0.394409,-0.330200,0.952148
-0.534790,-0.039551,0.733154
0.290527,-0.122314,0.986084
0.033081,-0.456665,0.785034
-0.320557,0.155640,0.860596
0.423584,-0.303345,0.967041
-0.517334,-0.066284,0.726196
0.212280,-0.053223,0.993042
0.075928,-0.488525,0.773682
-0.386230,0.156006,0.848999
0.451294,-0.321411,0.957886
-0.475830,-0.084595,0.745972
0.125000,0.016479,0.998657
0.124756,-0.512451,0.779541
-0.426636,0.120850,0.814209
0.458862,-0.258667,0.995850
-0.432861,-0.104248,0.753296
0.044312,0.084839,0.992065
0.184082,-0.496948,0.809570
-0.465454,0.057007,0.780396
0.471436,-0.248779,1.023438
-0.357422,-0.151978,0.763550
-0.037842,0.156494,1.008911
0.256592,-0.497314,0.847412
-0.521851,0.028320,0.750000
0.457886,-0.233887,1.022217
-0.218262,-0.236572,0.799683
-0.120728,0.228149,1.005737
0.304199,-0.405762,0.891724
-0.539307,0.022095,0.760254
0.427979,-0.226196,1.041870
-0.122681,-0.314575,0.804810
-0.163208,0.208984,0.973267
0.344116,-0.342163,0.929077
-0.534302,-0.014282,0.753052
0.392944,-0.189087,1.045044
-0.022949,-0.424561,0.803833
-0.240479,0.178467,0.944458
0.389282,-0.362549,0.946533
-0.523193,-0.035400,0.745728
0.304565,-0.107422,1.008057
0.067017,-0.465698,0.813354
-0.273682,0.127930,0.908813
0.434204,-0.318115,0.979614
-0.512817,-0.029419,0.738525
0.243164,-0.031494,1.022461
0.095703,-0.450806,0.820801
-0.345459,0.070801,0.860840
0.479980,-0.308594,1.025635
-0.459595,-0.103760,0.726074
0.151245,0.068970,1.027710
0.139526,-0.407837,0.838501
-0.409058,0.074585,0.845581
0.506958,-0.347046,1.026611
-0.412476,-0.168823,0.757812
0.092163,0.109985,1.034424
0.194214,-0.443726,0.854980
-0.440430,0.082520,0.822266
0.497070,-0.290283,1.047729
-0.350220,-0.231934,0.769409
0.036499,0.110962,1.036133
0.254028,-0.467529,0.879395
-0.457520,0.034424,0.785889
0.494629,-0.247681,1.062256
-0.302124,-0.207642,0.785400
-0.008911,0.142578,1.033203
0.305908,-0.485840,0.899048
-0.472534,0.003174,0.785400
0.471436,-0.216675,1.056152
-0.209473,-0.228516,0.816650
-0.073364,0.185547,1.030273
0.356934,-0.443970,0.938965
-0.490479,-0.003052,0.790405
0.440430,-0.168701,1.077148
-0.138672,-0.300171,0.816406
-0.138916,0.201050,1.014160
0.415405,-0.421997,0.971313
-0.478394,-0.040649,0.785889
0.397339,-0.095947,1.085815
-0.035645,-0.346436,0.830811
-0.200928,0.196655,0.999268
0.445435,-0.411377,0.995361
-0.472168,-0.093750,0.771729
0.374023,-0.083984,1.094238
0.067139,-0.377075,0.857056
-0.268555,0.222046,0.973022
0.471924,-0.349121,1.026855
-0.428955,-0.175049,0.770020
0.306519,-0.062622,1.089111
0.104004,-0.402222,0.851807
-0.317627,0.208374,0.951660
0.493896,-0.290527,1.049194
-0.383057,-0.181641,0.786255
0.226685,-0.004028,1.071289
0.152466,-0.429199,0.885254
-0.368652,0.127686,0.901855
0.528320,-0.278564,1.077271
-0.352661,-0.183960,0.790649
0.129395,0.076782,1.065674
0.269409,-0.466675,0.916748
-0.418945,0.072388,0.836548
0.519897,-0.232178,1.086670
-0.270264,-0.213867,0.812988
0.030518,0.126709,1.055786
0.354980,-0.461426,0.953003
-0.454102,0.031860,0.815674
0.499146,-0.149902,1.123901
-0.175415,-0.243530,0.837280
-0.061646,0.197388,1.063843
0.415405,-0.414917,1.010132
-0.456909,-0.021484,0.815918
0.464844,-0.127319,1.136230
-0.049316,-0.316406,0.856812
-0.142090,0.229736,1.053223
0.455688,-0.365845,1.025635
-0.447510,-0.052124,0.810181
0.422363,-0.111206,1.128784
0.067261,-0.388916,0.881592
-0.218018,0.212769,1.020264
0.478882,-0.284912,1.060547
-0.420532,-0.086426,0.802246
0.346436,-0.070312,1.109253
0.111694,-0.441040,0.890625
-0.292480,0.193115,0.990112
0.521851,-0.254639,1.106445
-0.382690,-0.125977,0.805420
0.269531,-0.007446,1.111816
0.187256,-0.463989,0.916016
-0.341919,0.127930,0.938354
0.553467,-0.228882,1.135010
-0.324097,-0.170898,0.821045
0.162964,0.090332,1.104858
0.268921,-0.480713,0.942261
-0.374146,0.052490,0.878174
0.563965,-0.218750,1.145508
-0.279053,-0.221802,0.819702
0.085083,0.157837,1.097778
0.329834,-0.444214,0.964355
-0.417236,0.053223,0.873413
0.553345,-0.199341,1.162598
-0.206299,-0.253418,0.853027
0.015259,0.194458,1.092896
0.384399,-0.424072,0.996948
-0.438477,0.046387,0.855835
0.530640,-0.160034,1.155029
-0.144775,-0.264893,0.870117
-0.031860,0.206177,1.100586
0.416870,-0.414917,1.010254
-0.439453,0.007446,0.847046
0.504883,-0.122559,1.157227
-0.053223,-0.294312,0.888916
-0.075928,0.222778,1.091919
0.449707,-0.386841,1.034912
-0.455078,0.001831,0.851440
0.475952,-0.090332,1.168091
0.016846,-0.319092,0.898926
-0.121948,0.196167,1.088013
0.475464,-0.359863,1.055298
-0.457275,-0.018188,0.833862
0.452026,-0.070435,1.167480
0.034668,-0.335693,0.897095
-0.175903,0.210693,1.063110
0.500244,-0.321167,1.091064
-0.448242,-0.076294,0.818604
0.418823,-0.042236,1.182739
0.069824,-0.343506,0.908813
-0.232544,0.229004,1.066650
0.532959,-0.299927,1.109009
-0.418701,-0.100952,0.814819
0.343750,-0.016846,1.158081
0.119141,-0.360596,0.933472
-0.267456,0.184448,1.022705
0.562622,-0.269653,1.140015
-0.403320,-0.141113,0.793457
0.281372,0.034058,1.142700
0.194946,-0.383667,0.949219
-0.335938,0.146606,0.953491
0.572632,-0.256470,1.142700
-0.329956,-0.162109,0.828247
0.171631,0.088379,1.111572
0.265747,-0.431396,0.960938
-0.367920,0.082275,0.911743
0.565918,-0.204834,1.155396
-0.289062,-0.199707,0.831787
0.096069,0.132812,1.105103
0.338257,-0.408936,0.992676
-0.407593,0.079224,0.890015
0.553711,-0.164307,1.164795
-0.218140,-0.243408,0.842651
0.020874,0.140869,1.090454
0.381836,-0.413330,1.006348
-0.433594,0.035034,0.875122
0.527222,-0.123169,1.164551
-0.092773,-0.297241,0.862183
-0.083618,0.198120,1.071289
0.407715,-0.375488,1.016968
-0.424805,-0.045288,0.842407
0.497192,-0.124023,1.168335
-0.046631,-0.318481,0.860718
-0.166016,0.208130,1.053345
0.465210,-0.333374,1.052612
-0.457153,-0.056030,0.818604
0.421143,-0.077148,1.156860
0.004639,-0.323242,0.880371
-0.216431,0.191284,1.028931
0.506836,-0.282837,1.099487
-0.439697,-0.099365,0.801025
0.344727,-0.040039,1.144531
0.077148,-0.368164,0.896240
-0.314697,0.162964,0.964111
0.536011,-0.282959,1.109497
-0.371216,-0.169922,0.805542
0.231323,0.039795,1.120117
0.169067,-0.386475,0.915527
-0.390137,0.141968,0.900024
0.540649,-0.241699,1.115967
-0.323364,-0.241211,0.804077
0.128418,0.073486,1.102173
0.253174,-0.407715,0.942383
-0.443115,0.110718,0.876221
0.537720,-0.192871,1.120117
-0.250244,-0.253418,0.814453
0.016357,0.141357,1.080322
0.325195,-0.397705,0.965698
-0.463623,0.027954,0.839233
0.502319,-0.185669,1.122070
-0.140137,-0.319580,0.819580
-0.051270,0.129028,1.051636
0.355957,-0.328735,0.982178
-0.501831,0.005371,0.800537
0.496460,-0.162109,1.150757
-0.098022,-0.339233,0.804565
-0.163452,0.177368,1.045776
0.421631,-0.357544,1.009033
-0.511719,-0.035034,0.785645
0.411865,-0.118042,1.125854
-0.035034,-0.307373,0.850830
-0.269165,0.216187,1.009155
0.457520,-0.312256,1.046265
-0.496460,-0.071289,0.783447
0.328247,-0.090698,1.106689
0.020508,-0.364380,0.844727
-0.332153,0.192627,0.949219
0.496704,-0.294800,1.067139
-0.440552,-0.133179,0.768555
0.215698,0.001709,1.093384
0.097900,-0.396484,0.869385
-0.398560,0.146973,0.905762
0.508301,-0.265991,1.081543
-0.396973,-0.190796,0.772949
0.116455,0.062378,1.069702
0.175293,-0.391968,0.896118
-0.468018,0.095093,0.848511
0.512817,-0.250244,1.104492
-0.291992,-0.287842,0.780273
-0.002441,0.127441,1.032837
0.238525,-0.384277,0.885620
-0.505615,0.053345,0.815674
0.486450,-0.239258,1.092651
-0.204834,-0.351562,0.766968
-0.052124,0.126587,1.025146
0.280640,-0.358154,0.909180
-0.537842,0.050171,0.789917
0.464600,-0.230957,1.070801
-0.154541,-0.361206,0.786743
-0.140747,0.142944,1.013672
0.327881,-0.373657,0.931763
-0.559326,0.041992,0.758545
0.423584,-0.159058,1.072754
-0.130859,-0.317627,0.809204
-0.224731,0.148315,0.989136
0.378540,-0.378906,0.972412
-0.545898,-0.011841,0.754395
0.362183,-0.076172,1.078613
-0.119995,-0.290405,0.792847
-0.275269,0.164917,0.964600
0.399170,-0.360352,0.989380
-0.551514,-0.070190,0.740845
0.341919,-0.091064,1.086304
-0.093628,-0.355713,0.769897
-0.343628,0.199951,0.932007
0.430786,-0.333374,0.997681
-0.522461,-0.060547,0.747925
0.274170,-0.093872,1.069214
-0.053345,-0.390259,0.780151
-0.394653,0.205444,0.916870
0.430664,-0.326416,0.985229
-0.496704,-0.091675,0.742920
0.209839,-0.025513,1.051147
0.010254,-0.367554,0.820923
-0.452393,0.172607,0.871094
0.446289,-0.291504,1.023804
-0.489624,-0.134888,0.725220
0.115967,0.070679,1.040527
0.087524,-0.428101,0.828247
-0.500732,0.152954,0.848877
0.460815,-0.276611,1.029663
-0.455688,-0.147949,0.745850
0.032104,0.107910,1.027710
0.147461,-0.432861,0.851929
-0.523438,0.107666,0.828857
0.438354,-0.226440,1.027588
-0.355713,-0.215454,0.749023
-0.013184,0.111938,1.015503
0.186768,-0.413086,0.855347
-0.557739,0.078491,0.779419
0.440674,-0.204956,1.039551
-0.279053,-0.286133,0.735840
-0.100708,0.151245,1.000732
0.257202,-0.435547,0.870972
-0.581299,0.057007,0.759399
0.404175,-0.176392,1.034424
-0.222412,-0.311890,0.717285
-0.192993,0.178711,0.975342
0.314453,-0.386963,0.908936
-0.591675,0.026489,0.750732
0.383057,-0.183838,1.029785
-0.181885,-0.336670,0.727661
-0.271484,0.191162,0.933105
0.366455,-0.367554,0.938110
-0.592651,0.000000,0.735840
0.310913,-0.123413,1.030029
-0.131348,-0.383789,0.732788
-0.350342,0.199341,0.902222
0.395630,-0.331299,0.960327
-0.572754,-0.031982,0.714722
0.214478,-0.038086,1.022583
-0.043213,-0.415161,0.768066
-0.440796,0.200195,0.882446
0.400269,-0.293701,0.978638
-0.535767,-0.060669,0.705933
0.147461,0.038818,1.025391
0.037598,-0.411499,0.799316
-0.541016,0.204346,0.844604
0.433350,-0.270142,0.998413
-0.446167,-0.140503,0.734253
0.040771,0.115356,1.015137
0.137573,-0.413330,0.842773
-0.581421,0.167480,0.808838
0.420776,-0.239380,1.000000
-0.342041,-0.233276,0.727051
-0.051147,0.149048,0.999756
0.213135,-0.378784,0.866333
-0.592407,0.111572,0.790527
0.402222,-0.196045,1.013306
-0.243164,-0.332153,0.703247
-0.147461,0.160400,0.967041
0.283203,-0.388794,0.885376
-0.596436,0.084106,0.750488
0.376221,-0.140381,1.022217
-0.187988,-0.313721,0.724976
-0.255737,0.176636,0.921143
0.359619,-0.412109,0.905884
-0.599487,0.042725,0.738892
0.304199,-0.074341,1.011963
-0.140259,-0.341675,0.723389
-0.337280,0.192749,0.894287
0.393188,-0.376831,0.935669
-0.574097,-0.031128,0.710693
0.223145,-0.041260,0.999146
-0.067749,-0.387939,0.739502
-0.421631,0.221680,0.876587
0.416138,-0.302734,0.962280
-0.526855,-0.099121,0.707153
0.125244,0.025635,1.006836
0.011230,-0.407959,0.776123
-0.501953,0.209961,0.850586
0.439941,-0.247437,0.992554
-0.462158,-0.115234,0.720947
0.026367,0.117554,1.006958
0.124390,-0.399536,0.827881
-0.562378,0.164307,0.802490
0.427612,-0.190674,1.019165
-0.315918,-0.221924,0.739868
-0.074585,0.160767,0.986694
0.218384,-0.395996,0.857910
-0.599976,0.125244,0.765625
0.418457,-0.164551,1.023804
-0.212280,-0.300049,0.733887
-0.161499,0.158936,0.943604
0.303589,-0.353760,0.894531
-0.615967,0.103394,0.737305
0.370483,-0.132568,1.013062
-0.124023,-0.368530,0.720703
-0.277710,0.187256,0.902832
0.374146,-0.344971,0.921387
-0.578735,0.066650,0.734863
0.255859,-0.032593,0.981201
-0.041138,-0.410034,0.737549
-0.355957,0.175415,0.871338
0.404785,-0.290161,0.958374
-0.549683,-0.033447,0.701538
0.166260,0.044922,0.987427
0.003540,-0.373657,0.775635
-0.444702,0.177856,0.859497
0.434082,-0.286743,0.977539
-0.494385,-0.058594,0.734741
0.085205,0.119751,0.999634
0.077393,-0.385986,0.794800
-0.532471,0.184814,0.822998
0.451416,-0.250000,0.991577
-0.400146,-0.161621,0.731445
0.027344,0.171387,1.008179
0.159180,-0.380005,0.829346
-0.569824,0.154663,0.803101
0.437256,-0.216431,1.005127
-0.303345,-0.217529,0.743774
-0.048340,0.203491,1.003052
0.235596,-0.373413,0.869263
-0.609741,0.171021,0.775879
0.427368,-0.181641,1.003418
-0.219971,-0.226074,0.766846
-0.126831,0.187378,0.961670
0.288940,-0.387573,0.893066
-0.604004,0.106567,0.742310
0.404297,-0.125488,1.026489
-0.139648,-0.313965,0.746582
-0.204712,0.218994,0.929077
0.338623,-0.344238,0.912476
-0.591431,0.062500,0.737427
0.364868,-0.126343,1.011719
-0.088745,-0.385254,0.741089
-0.271118,0.209229,0.901123
0.383423,-0.330322,0.923218
-0.566650,0.041138,0.728027
0.306641,-0.074707,1.002441
-0.031616,-0.404907,0.744873
-0.330322,0.182373,0.867432
0.398804,-0.289917,0.940796
-0.533203,-0.051758,0.725586
0.240967,-0.018555,0.997559
-0.006348,-0.424805,0.730835
-0.395508,0.190308,0.839722
0.438354,-0.291504,0.954102
-0.495117,-0.078613,0.750488
0.145874,0.039307,1.010986
0.056396,-0.409546,0.778564
-0.476807,0.200317,0.821289
0.445312,-0.265381,0.968628
-0.433228,-0.132202,0.752197
0.093018,0.041992,0.998901
0.225098,-0.413940,0.861816
-0.598145,0.160767,0.763306
0.418213,-0.127075,1.020996
-0.320679,-0.189331,0.753540
-0.148193,0.200562,0.960449
0.308838,-0.406738,0.884521
-0.607300,0.100220,0.748535
0.397339,-0.133423,1.006714
-0.128296,-0.342773,0.726807
-0.255859,0.213257,0.910278
0.361450,-0.358032,0.916992
-0.579590,0.037964,0.733887
0.331177,-0.076660,1.008667
-0.077881,-0.387329,0.713623
-0.327881,0.211304,0.875000
0.408813,-0.325073,0.929443
-0.553589,-0.023682,0.718994
0.215210,-0.032959,0.989258
-0.007324,-0.426025,0.760864
-0.405640,0.193115,0.842407
0.438354,-0.258301,0.963867
-0.499146,-0.033325,0.739746
0.089111,0.096313,0.991699
0.075928,-0.406738,0.791992
-0.494507,0.159668,0.822388
0.448486,-0.242432,0.996094
-0.381104,-0.136353,0.764893
-0.011353,0.173218,0.993286
0.170654,-0.390137,0.828735
-0.586914,0.166382,0.771362
0.454590,-0.220947,1.010254
-0.219727,-0.217773,0.790894
-0.113525,0.207031,0.976685
0.249146,-0.353027,0.870728
-0.605469,0.105835,0.747803
0.422363,-0.179932,1.013794
-0.114990,-0.354492,0.766479
-0.179077,0.223755,0.952515
0.319824,-0.330078,0.893799
-0.607666,0.093384,0.733398
0.355957,-0.134399,1.004517
-0.031128,-0.404297,0.761597
-0.262329,0.173706,0.887573
0.377686,-0.281372,0.929077
-0.569214,0.054443,0.728638
0.269409,-0.043213,0.982178
0.007690,-0.413940,0.759033
-0.361206,0.139038,0.831543
0.435059,-0.294067,0.975708
-0.524658,-0.054077,0.716431
0.179443,0.068481,1.001221
0.040039,-0.390503,0.755615
-0.448120,0.145874,0.813354
0.458252,-0.323242,0.979004
-0.449463,-0.115967,0.753784
0.105103,0.128540,1.019653
0.072876,-0.371704,0.782715
-0.507080,0.138428,0.778931
0.472656,-0.296387,0.995850
-0.396240,-0.193848,0.757935
0.041382,0.109497,1.005981
0.148682,-0.401367,0.813965
-0.541992,0.131226,0.775635
0.468872,-0.238403,1.005981
-0.313965,-0.211060,0.759521
-0.052979,0.168701,0.991699
0.233398,-0.424927,0.847046
-0.558350,0.112549,0.754883
0.451660,-0.216187,1.018311
-0.237671,-0.234375,0.779785
-0.120483,0.192261,0.975586
0.286499,-0.415894,0.871582
-0.571899,0.076538,0.741211
0.430054,-0.181641,1.027954
-0.140137,-0.281250,0.800171
-0.182495,0.198364,0.953857
0.327759,-0.415283,0.883667
-0.565552,0.071655,0.748535
0.391113,-0.131470,1.023438
-0.077637,-0.315186,0.782227
-0.235596,0.204834,0.923950
0.363403,-0.389893,0.914795
-0.537720,-0.034424,0.744263
0.358154,-0.136963,1.008911
-0.029175,-0.389893,0.770630
-0.314941,0.229370,0.891113
0.412109,-0.346436,0.950562
-0.497192,-0.052856,0.759521
0.265991,-0.068848,1.000610
0.027832,-0.458374,0.764038
-0.357056,0.149536,0.845093
0.430176,-0.314697,0.958618
-0.490234,-0.090576,0.741943
0.197266,-0.025024,1.005493
0.091309,-0.482544,0.776367
-0.420288,0.138916,0.807861
0.447754,-0.259644,0.980835
-0.439209,-0.094849,0.748535
0.110962,0.030762,0.998047
0.135376,-0.487183,0.801270
-0.469238,0.085083,0.780273
0.461914,-0.256836,1.005249
-0.383057,-0.142578,0.748657
0.025269,0.125610,1.007080
0.209961,-0.479004,0.827637
-0.513428,0.061035,0.770020
0.463867,-0.283813,1.001587
-0.324951,-0.215088,0.757324
-0.057129,0.182251,1.006836
0.275879,-0.445312,0.879395
-0.527954,0.037720,0.761230
0.444214,-0.271240,1.007935
-0.232422,-0.241577,0.787476
-0.108276,0.186768,0.988037
0.317261,-0.413330,0.893433
-0.532227,0.067627,0.774414
0.419678,-0.205811,1.027588
-0.147095,-0.296509,0.795532
-0.153320,0.160889,0.970703
0.356323,-0.430298,0.915527
-0.538452,0.007935,0.761230
0.394165,-0.135986,1.030762
-0.072266,-0.329102,0.791504
-0.226562,0.188477,0.935059
0.397827,-0.405884,0.951660
-0.510620,-0.072388,0.752930
0.348755,-0.125977,1.028931
-0.010010,-0.386963,0.791870
-0.279785,0.182495,0.914185
0.425781,-0.377075,0.964722
-0.482056,-0.081421,0.761963
0.288818,-0.093384,1.022705
0.059570,-0.469116,0.789551
-0.330078,0.171143,0.891113
0.440430,-0.326782,0.977051
-0.463623,-0.102417,0.750977
0.242065,-0.057129,1.020264
0.097656,-0.481201,0.806274
-0.373901,0.138550,0.868042
0.474976,-0.315796,1.003296
-0.448242,-0.125488,0.745483
0.167725,-0.001709,1.020752
0.125244,-0.465454,0.820190
-0.406738,0.094971,0.830566
0.496826,-0.299072,1.029541
-0.389648,-0.144287,0.769043
0.085571,0.071533,1.013306
0.215088,-0.481201,0.846802
-0.463867,0.045654,0.796021
0.509277,-0.286987,1.056641
-0.314819,-0.224365,0.776611
0.006348,0.131348,1.021729
0.261597,-0.456787,0.872681
-0.498535,0.018555,0.767212
0.502930,-0.294067,1.054932
-0.216797,-0.271973,0.824219
-0.069214,0.160278,1.015381
0.312012,-0.413818,0.924072
-0.519165,0.040771,0.772095
0.475952,-0.223755,1.079834
-0.123657,-0.309448,0.837158
-0.136108,0.184204,1.009521
0.363892,-0.405640,0.947144
-0.508301,-0.017822,0.770874
0.438110,-0.170532,1.083862
-0.023682,-0.346558,0.855469
-0.193481,0.207764,1.007568
0.419678,-0.368408,0.987183
-0.497192,-0.049805,0.756104
0.366577,-0.134644,1.058228
0.066284,-0.448853,0.852783
-0.242920,0.190186,0.985107
0.462036,-0.326782,1.022461
-0.457153,-0.069824,0.771851
0.293457,-0.041748,1.061157
0.098389,-0.415649,0.865967
-0.291992,0.126587,0.944214
0.493164,-0.307373,1.050659
-0.415039,-0.130737,0.793457
0.223267,0.017334,1.062256
0.145752,-0.433594,0.873169
-0.350708,0.128540,0.933105
0.535278,-0.312744,1.092285
-0.389404,-0.157837,0.796875
0.164429,0.074707,1.065918
0.205566,-0.426025,0.896362
-0.381348,0.084229,0.874146
0.545044,-0.292969,1.089722
-0.339844,-0.202393,0.788208
0.106323,0.083984,1.050659
0.277710,-0.458862,0.919922
-0.418335,0.069946,0.838501
0.524048,-0.223389,1.098145
-0.280151,-0.210327,0.804932
0.049072,0.131226,1.063110
0.330322,-0.488892,0.932007
-0.432129,0.025879,0.820190
0.515747,-0.202393,1.114136
-0.240723,-0.215820,0.833008
-0.007446,0.149902,1.050049
0.394653,-0.452148,0.980713
-0.452026,0.026001,0.833252
0.492676,-0.140625,1.127197
-0.155884,-0.231201,0.854370
-0.049683,0.200562,1.079590
0.413330,-0.415527,1.000366
-0.466675,0.010864,0.831299
0.487671,-0.135620,1.149536
-0.082397,-0.284790,0.859619
-0.104614,0.239258,1.080200
0.439453,-0.396362,1.010376
-0.462280,-0.049927,0.812866
0.457397,-0.127563,1.140503
0.022339,-0.339355,0.892944
-0.160156,0.224854,1.051025
0.476929,-0.355225,1.050537
-0.439819,-0.090820,0.804443
0.406128,-0.082397,1.151611
0.077881,-0.381836,0.898193
-0.213257,0.222412,1.027222
0.513672,-0.309326,1.084229
-0.413452,-0.095215,0.824463
0.352905,-0.064087,1.128418
0.103760,-0.379517,0.915894
-0.272949,0.209595,0.999268
0.534424,-0.245728,1.122437
-0.374878,-0.140747,0.815430
0.288452,0.007324,1.142944
0.177612,-0.417480,0.928589
-0.320923,0.126221,0.949097
0.558838,-0.242432,1.133423
-0.327271,-0.175049,0.822021
0.171509,0.120850,1.123657
0.272461,-0.454468,0.946289
-0.374268,0.037354,0.883667
0.567993,-0.238281,1.149536
-0.279907,-0.211792,0.818970
0.103638,0.197876,1.130371
0.340454,-0.428345,0.976196
-0.416016,0.046509,0.871704
0.570068,-0.217163,1.166260
-0.202148,-0.269043,0.846802
0.020996,0.189819,1.104980
0.381714,-0.387939,1.004395
-0.451050,0.045898,0.862671
0.543945,-0.199463,1.173096
-0.099731,-0.303711,0.878052
-0.042236,0.223511,1.101929
0.418579,-0.344971,1.027466
-0.453613,0.007446,0.843750
0.500610,-0.151855,1.167847
-0.007568,-0.404541,0.881226
-0.088013,0.168335,1.076782
0.443848,-0.319092,1.049927
-0.457642,0.005005,0.824097
0.460815,-0.106934,1.154053
0.019531,-0.375854,0.898315
-0.149414,0.179321,1.075928
0.504639,-0.326172,1.096313
-0.439941,-0.023315,0.821533
0.393311,0.010498,1.174072
0.049805,-0.374023,0.890503
-0.207520,0.161621,1.055908
0.532959,-0.293091,1.137207
-0.447632,-0.053833,0.816895
0.365112,-0.002808,1.173340
0.107788,-0.391235,0.907593
-0.288818,0.208008,1.005005
0.563354,-0.280029,1.133667
-0.396118,-0.138306,0.818726
0.297119,0.009155,1.150024
0.147339,-0.375244,0.926758
-0.299194,0.150269,0.964600
0.577026,-0.266724,1.139160
-0.366699,-0.143799,0.818604
0.219116,0.058350,1.131958
0.218140,-0.449585,0.924316
-0.349609,0.110229,0.924194
0.572754,-0.231567,1.147705
-0.305176,-0.164551,0.839966
0.141968,0.126709,1.117920
0.271362,-0.424438,0.946655
-0.402344,0.075928,0.904785
0.574341,-0.235474,1.156494
-0.250488,-0.245483,0.844604
0.063721,0.177612,1.112549
0.314209,-0.378662,0.955566
-0.423340,0.052002,0.866455
0.556763,-0.222412,1.154785
-0.187378,-0.290649,0.848755
0.006714,0.167847,1.097046
0.348755,-0.378296,0.971313
-0.455078,0.034790,0.842896
0.533081,-0.180542,1.148315
-0.096680,-0.319336,0.853516
-0.037842,0.187500,1.109375
0.374268,-0.359741,0.987061
-0.493408,0.020874,0.823608
0.511963,-0.190796,1.144531
-0.049927,-0.370117,0.855835
-0.115723,0.195312,1.066650
0.404297,-0.331055,1.015381
-0.472534,-0.014526,0.824341
0.474365,-0.142700,1.159668
-0.047729,-0.350830,0.853149
-0.180664,0.195435,1.034546
0.449951,-0.333008,1.036011
-0.474365,-0.041626,0.800293
0.420898,-0.090210,1.158203
-0.012207,-0.352051,0.855469
-0.245605,0.211182,1.023682
0.467529,-0.297607,1.054932
-0.475464,-0.075195,0.767578
0.354980,-0.041870,1.144897
0.056641,-0.398926,0.869385
-0.271973,0.179199,0.994507
0.473389,-0.270630,1.066895
-0.461548,-0.086548,0.772217
0.311890,-0.063477,1.125244
0.080200,-0.373291,0.888794
-0.347168,0.156494,0.936157
0.512695,-0.266724,1.085693
-0.417114,-0.133667,0.780151
0.227905,0.018799,1.113647
0.131958,-0.432739,0.888794
-0.403809,0.127319,0.894043
0.510742,-0.252930,1.094116
-0.381104,-0.167114,0.773804
0.159302,0.080566,1.106812
0.175781,-0.452148,0.893311
-0.439697,0.110596,0.884277
0.520020,-0.243896,1.102295
-0.380005,-0.159180,0.784180
0.111206,0.108643,1.087036
0.212158,-0.414795,0.917603
-0.468872,0.087769,0.854858
0.515869,-0.243774,1.103394
-0.357910,-0.208130,0.766602
0.061279,0.160278,1.084961
0.235107,-0.417480,0.898804
-0.486938,0.095703,0.850342
0.520508,-0.274658,1.078369
-0.316528,-0.244385,0.789673
0.016235,0.157959,1.065186
0.255371,-0.421997,0.897339
-0.491577,0.080078,0.845703
0.498535,-0.255371,1.074585
-0.274780,-0.264648,0.779785
-0.020874,0.136353,1.037842
0.255737,-0.404175,0.900635
-0.507690,0.073486,0.824341
0.504639,-0.223755,1.098755
-0.256226,-0.287598,0.776367
-0.042114,0.128784,1.024048
0.270142,-0.383545,0.909668
-0.524048,0.067139,0.806152
0.489258,-0.225464,1.087158
-0.249756,-0.304199,0.762207
-0.066650,0.134888,1.013062
0.286499,-0.375854,0.917725
-0.546875,0.035645,0.778809
0.483521,-0.235718,1.080811
-0.223389,-0.329346,0.753052
-0.116699,0.149902,0.996826
0.297729,-0.387451,0.918213
-0.537964,0.038452,0.775513
0.463501,-0.192627,1.083496
-0.220093,-0.331665,0.739380
-0.160400,0.145142,0.982056
0.334106,-0.391113,0.928711
-0.560425,0.026367,0.765381
0.425171,-0.174194,1.075684
-0.170410,-0.351074,0.751465
-0.212158,0.177246,0.977051
0.349609,-0.390625,0.926758
-0.557007,-0.001465,0.756958
0.393433,-0.146484,1.072144
-0.161133,-0.348877,0.753540
-0.251221,0.173950,0.956421
-0.137329,-0.321411,0.761108
-0.323608,0.210571,0.927856
-0.554932,-0.071655,0.731323
0.320068,-0.118286,1.064331
-0.120850,-0.342773,0.760742
-0.370361,0.196045,0.907959
0.423462,-0.349609,0.982422
-0.547363,-0.073853,0.728271
0.236816,-0.049316,1.054321
-0.067261,-0.378784,0.779419
-0.418945,0.177368,0.880737
0.435181,-0.310425,0.998047
-0.523926,-0.064209,0.728027
0.135986,0.035522,1.036743
0.048340,-0.427734,0.820679
-0.500610,0.184448,0.851807
0.420532,-0.255737,1.007568
-0.475830,-0.149414,0.703125
0.075195,0.104126,1.038940
0.122925,-0.414307,0.837769
-0.555176,0.155273,0.818359
0.435547,-0.274048,1.000244
-0.380859,-0.212402,0.728027
-0.005615,0.144653,1.014771
0.173462,-0.356323,0.858643
-0.583984,0.114380,0.795288
0.435425,-0.271362,1.014038
-0.308594,-0.265869,0.725220
-0.061035,0.141724,0.998535
0.216797,-0.380859,0.863770
-0.602905,0.093506,0.758423
0.433838,-0.224487,1.019287
-0.249146,-0.305908,0.724609
-0.150024,0.174072,0.975098
0.274414,-0.372314,0.897095
-0.601929,0.054199,0.749756
0.396118,-0.196411,1.021851
-0.200806,-0.355713,0.716431
-0.211792,0.173218,0.948853
0.320679,-0.349365,0.910889
-0.621338,0.062744,0.739014
0.349609,-0.159302,1.019653
-0.143311,-0.382080,0.738159
-0.284668,0.163452,0.901245
0.359253,-0.338013,0.923584
-0.601440,0.085083,0.740112
0.286255,-0.116699,0.996338
-0.094238,-0.375366,0.767822
-0.365479,0.140381,0.871948
0.370239,-0.318604,0.940918
-0.586670,0.009399,0.691406
0.232178,-0.028931,0.996948
-0.035156,-0.369507,0.785522
-0.440430,0.208008,0.866821
0.394775,-0.317627,0.953125
-0.551636,-0.065063,0.688477
0.173584,0.028809,1.004639
-0.009277,-0.368408,0.782104
-0.492310,0.216064,0.870483
0.427734,-0.296875,0.973267
-0.507568,-0.095947,0.705933
0.101074,0.085571,1.007812
0.046753,-0.406616,0.783203
-0.536987,0.202026,0.833374
0.437988,-0.281982,0.982178
-0.432861,-0.167236,0.719727
0.044067,0.134033,1.017822
0.116455,-0.383545,0.824097
-0.572754,0.207153,0.813354
0.435669,-0.274536,0.991211
-0.364502,-0.213501,0.739380
-0.014526,0.149780,0.993530
0.155151,-0.386353,0.834961
-0.584717,0.153931,0.803345
0.435913,-0.211792,1.018799
-0.303467,-0.248169,0.730225
-0.067505,0.180298,0.994629
0.219238,-0.409790,0.846191
-0.604248,0.155273,0.777954
0.424194,-0.182617,1.002319
-0.234741,-0.276245,0.728638
-0.140747,0.194702,0.959229
0.269409,-0.371582,0.887207
-0.607910,0.095337,0.754517
0.394165,-0.173462,1.011719
-0.192383,-0.339844,0.718506
-0.187744,0.220337,0.952393
0.318604,-0.346313,0.907227
-0.620850,0.070923,0.741211
0.392212,-0.173340,1.016968
-0.153442,-0.351929,0.718384
-0.248657,0.208740,0.899414
0.347412,-0.327026,0.915771
-0.583252,0.026978,0.734619
0.344482,-0.109497,1.027588
-0.103760,-0.404663,0.721313
-0.307617,0.193726,0.864014
0.370850,-0.311279,0.916138
-0.568481,0.021973,0.723267
0.308838,-0.068115,1.020020
-0.067261,-0.390137,0.738770
-0.358765,0.203735,0.870483
0.399292,-0.319702,0.926270
-0.565063,0.011108,0.722168
0.238770,-0.034912,0.997681
-0.024292,-0.406616,0.748657
-0.423218,0.208374,0.849365
0.425415,-0.293701,0.960449
-0.523804,-0.025269,0.727051
0.171143,0.054565,1.013306
0.020264,-0.391235,0.784302
-0.465820,0.184448,0.835205
0.433350,-0.261841,0.980347
-0.471802,-0.090088,0.737305
0.092407,0.125977,1.018799
0.078735,-0.407104,0.791992
-0.499390,0.179810,0.832886
0.444336,-0.230103,0.998047
-0.422485,-0.098755,0.743652
0.034302,0.178955,1.014648
0.140259,-0.418823,0.800537
-0.546143,0.170288,0.809570
0.446777,-0.223267,0.990479
-0.348877,-0.151245,0.751709
-0.016113,0.171753,0.992065
0.186523,-0.375244,0.848999
-0.574951,0.138916,0.771362
0.447021,-0.226440,1.002563
-0.269531,-0.226074,0.762939
-0.061401,0.183472,0.984985
0.231323,-0.357910,0.861572
-0.602905,0.154297,0.752441
0.454468,-0.199585,1.032349
-0.196655,-0.273926,0.777832
-0.114746,0.179932,0.970703
0.271362,-0.354980,0.874268
-0.619629,0.132202,0.733765
0.445923,-0.212646,1.018799
-0.129150,-0.313354,0.777954
-0.184937,0.192871,0.934448
0.324829,-0.337769,0.904419
-0.597656,0.117432,0.739746
0.394531,-0.141479,1.014893
-0.085815,-0.337158,0.771729
-0.224731,0.173828,0.914185
0.354126,-0.345215,0.917603
-0.580322,0.073853,0.748779
0.342773,-0.094482,1.007568
-0.046265,-0.381592,0.754150
-0.283936,0.195435,0.897705
0.389404,-0.375732,0.919189
-0.560303,-0.012085,0.720581
0.297485,-0.057129,0.995483
-0.002808,-0.395264,0.753784
-0.332642,0.189575,0.862915
0.421631,-0.316406,0.942749
-0.533325,-0.057007,0.720703
0.233887,-0.041626,0.984497
0.020386,-0.424805,0.756958
-0.382935,0.151855,0.836182
0.442627,-0.275635,0.975708
-0.495117,-0.066040,0.742310
0.145996,0.046021,1.010010
0.072388,-0.419189,0.787720
-0.454590,0.155762,0.807007
0.454102,-0.275146,0.979004
-0.456787,-0.104370,0.744141
0.074341,0.076538,1.007202
0.135864,-0.444336,0.814331
-0.514648,0.132202,0.773438
0.443604,-0.194580,0.999634
-0.353760,-0.154541,0.754272
-0.013916,0.149536,1.002319
0.201782,-0.440552,0.835815
-0.550659,0.078369,0.755615
0.457397,-0.203735,1.031250
-0.247437,-0.208618,0.775879
-0.109253,0.208740,0.971558
0.276978,-0.415161,0.875366
-0.575928,0.051514,0.736328
0.438354,-0.198120,1.029175
-0.121582,-0.313110,0.790771
-0.178955,0.228760,0.962402
0.325317,-0.346680,0.916870
-0.573730,0.025513,0.736206
0.372437,-0.175049,1.007324
-0.040771,-0.388916,0.797607
-0.215210,0.193848,0.925293
0.362061,-0.300293,0.932251
-0.564819,0.041870,0.746826
0.308960,-0.109497,0.999390
0.021851,-0.457031,0.772095
-0.275879,0.140869,0.890137
0.404907,-0.302979,0.944946
-0.541870,0.047485,0.742554
0.230103,-0.009644,0.987915
0.046875,-0.447388,0.765259
-0.334961,0.097168,0.851196
0.444824,-0.332397,0.973145
-0.506958,-0.025391,0.747070
0.157959,0.060181,0.992920
0.093018,-0.394653,0.805542
-0.443115,0.072144,0.800537
0.473145,-0.328613,1.011353
-0.421509,-0.140259,0.744873
0.081421,0.140991,1.015869
0.097168,-0.349487,0.801025
-0.474854,0.059448,0.763428
0.496704,-0.343750,1.013428
-0.384155,-0.190063,0.760376
0.043213,0.150635,1.030640
0.154053,-0.432495,0.809937
-0.498535,0.088623,0.772949
0.489990,-0.268311,1.031738
-0.341797,-0.166626,0.772217
-0.023071,0.161865,1.019531
0.229736,-0.502686,0.835815
-0.516602,0.045044,0.750610
0.472290,-0.244873,1.028564
-0.259277,-0.200684,0.785522
-0.089233,0.224121,1.010986
0.267822,-0.466309,0.859253
-0.522827,0.020142,0.744141
0.461548,-0.238525,1.040527
-0.226318,-0.233643,0.790039
-0.117554,0.211182,1.010864
0.297241,-0.419800,0.890869
-0.546631,0.026489,0.761841
0.443848,-0.226440,1.050049
-0.124634,-0.299438,0.806641
-0.177368,0.239624,0.997314
0.331909,-0.438110,0.894897
-0.517090,0.010376,0.776978
0.409180,-0.195557,1.025391
-0.084106,-0.339600,0.805176
-0.186890,0.199463,0.985229
0.375488,-0.404297,0.939209
-0.535156,-0.028442,0.755249
0.375366,-0.173584,1.029785
-0.009521,-0.398682,0.811890
-0.243164,0.199707,0.949951
0.410767,-0.373779,0.947754
-0.503418,-0.047241,0.764038
0.326660,-0.128540,1.024902
0.067017,-0.453857,0.830322
-0.298218,0.119995,0.896973
0.425781,-0.347778,0.978394
-0.497803,-0.103516,0.728027
0.267456,-0.066772,1.024902
0.084839,-0.446899,0.801514
-0.330566,0.139648,0.890015
0.467529,-0.325562,1.005981
-0.452637,-0.118896,0.762939
0.184204,-0.019775,1.010986
0.123047,-0.480347,0.818848
-0.352905,0.108154,0.874268
0.471680,-0.267578,1.031372
-0.432617,-0.119507,0.754639
0.131104,0.048706,1.031372
0.182129,-0.516479,0.829834
-0.406372,0.071167,0.844482
0.504150,-0.261230,1.057251
-0.369507,-0.163696,0.761353
0.045410,0.138916,1.044800
0.253174,-0.474365,0.882690
-0.440796,0.026123,0.814209
0.491821,-0.286011,1.051758
-0.319580,-0.209351,0.785400
-0.008179,0.176636,1.037231
0.297363,-0.463379,0.906616
-0.460449,0.008667,0.786987
0.482422,-0.249756,1.063110
-0.243530,-0.237305,0.819092
-0.054688,0.183838,1.027954
0.331543,-0.456055,0.916504
-0.480835,0.012451,0.799561
0.463623,-0.203857,1.090210
-0.171753,-0.263184,0.827759
-0.095825,0.194580,1.022339
0.379883,-0.433350,0.958008
-0.499023,-0.011475,0.780762
0.438477,-0.152222,1.101440
-0.485596,-0.034180,0.779785
-0.174927,0.177856,1.002441
0.437744,-0.373169,1.001465
-0.485352,-0.031494,0.775879
0.208740,-0.023682,1.007812
0.064819,-0.432129,0.853760
-0.360840,0.092773,0.858398
0.477417,-0.314819,1.012085
-0.432495,-0.110474,0.762817
0.137085,0.054443,1.016968
0.121704,-0.401123,0.835693
-0.404175,0.035522,0.816040
0.496582,-0.318604,1.041626
-0.410400,-0.163574,0.760376
0.086060,0.092041,1.020020
0.198975,-0.446167,0.858643
-0.455078,0.061401,0.806030
0.484131,-0.293945,1.032593
-0.331543,-0.211792,0.778320
0.021973,0.125977,1.033203
0.263184,-0.489380,0.869019
-0.490356,0.051758,0.781250
0.488281,-0.253662,1.044678
-0.275879,-0.225464,0.782227
-0.032104,0.151611,1.026489
0.316528,-0.471313,0.909668
-0.498535,0.010376,0.764160
0.454224,-0.200195,1.058716
-0.204834,-0.263672,0.788452
-0.098022,0.198853,1.043335
0.367432,-0.452148,0.930542
-0.515503,-0.001831,0.773315
0.440430,-0.166260,1.078003
-0.089966,-0.317383,0.810181
-0.157227,0.207031,1.010376
0.394409,-0.397339,0.971069
-0.522827,-0.037354,0.757568
0.412354,-0.188721,1.069458
0.002441,-0.407715,0.821777
-0.201172,0.189697,0.975586
0.420898,-0.320190,1.005249
-0.484863,-0.064575,0.760254
0.369141,-0.146606,1.063599
0.066772,-0.435669,0.864868
-0.251953,0.158325,0.958618
0.457642,-0.317749,1.022949
-0.451172,-0.084473,0.767456
0.291382,-0.062500,1.056030
0.102417,-0.455933,0.847778
-0.287476,0.148193,0.952026
0.484253,-0.307129,1.040283
-0.434692,-0.098022,0.787231
0.243652,-0.019287,1.061035
0.123779,-0.452393,0.843628
-0.335815,0.119385,0.913940
0.509277,-0.283203,1.062134
-0.406372,-0.143677,0.777710
0.175415,0.034302,1.057129
0.198608,-0.466919,0.880371
-0.372681,0.088745,0.875000
0.520996,-0.264038,1.081787
-0.343018,-0.172119,0.806152
0.108276,0.079468,1.056152
0.250610,-0.497681,0.885620
-0.410400,0.030273,0.832275
0.533691,-0.235840,1.092651
-0.286499,-0.190430,0.810181
0.029663,0.154053,1.057983
0.331299,-0.474854,0.932617
-0.435547,0.011475,0.830444
0.503540,-0.198120,1.112671
-0.216187,-0.232178,0.827026
-0.023315,0.211060,1.065552
0.366455,-0.422974,0.962891
-0.468750,0.011108,0.827515
0.493530,-0.191162,1.127319
-0.118530,-0.310181,0.836426
-0.099487,0.239746,1.064575
0.410889,-0.380249,0.987549
-0.460693,-0.036865,0.822144
0.459595,-0.172241,1.123535
-0.013794,-0.364502,0.869141
-0.158081,0.228394,1.043945
0.451294,-0.343140,1.027344
-0.455566,-0.043457,0.802856
0.412842,-0.113770,1.122559
0.068115,-0.408081,0.872070
-0.205078,0.203979,1.020630
0.484375,-0.315430,1.047241
-0.425781,-0.074341,0.798584
0.351074,-0.047852,1.117920
0.085815,-0.402222,0.895630
-0.250244,0.144165,1.003052
0.524048,-0.275391,1.107056
-0.420898,-0.083984,0.787354
0.274902,0.020142,1.112183
0.173096,-0.451782,0.916382
-0.308105,0.130615,0.977539
0.541138,-0.254517,1.126221
-0.357788,-0.143188,0.801514
0.190796,0.104248,1.107544
0.245605,-0.469482,0.930054
-0.371216,0.086060,0.915771
0.567383,-0.245117,1.143311
-0.302002,-0.221558,0.807129
0.110352,0.174194,1.104126
0.309326,-0.410767,0.969482
-0.425293,0.026001,0.861938
0.563599,-0.248779,1.153809
-0.232178,-0.294434,0.833740
0.039673,0.217896,1.118652
0.359009,-0.426025,0.970459
-0.433105,0.057739,0.870605
0.545776,-0.199585,1.165649
-0.189697,-0.237061,0.866577
-0.010010,0.208252,1.096924
0.400146,-0.426514,0.996826
-0.441528,0.024292,0.845215
0.520996,-0.140259,1.159058
-0.101685,-0.263184,0.882324
-0.055420,0.225830,1.093506
0.431152,-0.378296,1.024780
-0.452148,-0.024414,0.848022
0.499268,-0.133423,1.178467
0.001709,-0.345703,0.888306
-0.114380,0.251953,1.088989
0.450928,-0.324707,1.047729
-0.455688,-0.035645,0.833008
0.478027,-0.135010,1.173584
0.032593,-0.372070,0.883789
-0.148071,0.228149,1.082397
0.479370,-0.281128,1.072632
-0.443726,-0.052124,0.815552
0.424805,-0.104492,1.159912
0.043091,-0.393066,0.898438
-0.205322,0.189819,1.046509
0.513550,-0.274292,1.116699
-0.433350,-0.097656,0.801147
0.379639,-0.031616,1.164917
0.109375,-0.390137,0.927124
-0.266357,0.210327,1.043701
0.536377,-0.269409,1.134888
-0.387939,-0.113037,0.824463
0.323364,-0.007812,1.153809
0.137573,-0.372070,0.936523
-0.288940,0.164551,0.987061
0.562378,-0.260742,1.142212
-0.359131,-0.155884,0.828247
0.275879,0.021973,1.145996
0.192627,-0.386230,0.943970
-0.326416,0.142212,0.939453
0.561401,-0.233276,1.136475
-0.329956,-0.183594,0.824707
0.211548,0.047119,1.129395
0.242188,-0.423828,0.960571
-0.370850,0.112915,0.914062
0.560425,-0.210327,1.146729
-0.290649,-0.191406,0.830078
0.135742,0.111206,1.116211
0.300537,-0.430420,0.970215
-0.400391,0.078369,0.895996
0.570190,-0.193970,1.162354
-0.231689,-0.216431,0.845825
0.063843,0.177856,1.125610
0.347290,-0.406128,0.986084
-0.430298,0.038208,0.861938
0.552002,-0.191650,1.163940
-0.166260,-0.275513,0.865112
0.006104,0.188965,1.103760
0.379028,-0.354980,0.996338
-0.455688,0.018188,0.843384
0.530396,-0.173340,1.163208
-0.057373,-0.350342,0.885010
-0.079224,0.188843,1.081055
0.409546,-0.348511,1.005493
-0.462158,-0.001709,0.840454
0.497803,-0.149536,1.167847
-0.040405,-0.346558,0.862793
-0.110718,0.178467,1.084106
0.434570,-0.297363,1.043945
-0.474976,-0.016357,0.814453
0.454102,-0.102417,1.174194
-0.002930,-0.365723,0.870483
-0.196167,0.213135,1.051880
0.478516,-0.288574,1.077881
-0.457520,-0.050049,0.805786
0.382324,-0.066162,1.164185
0.055908,-0.378052,0.906494
-0.275146,0.174316,1.007446
0.520752,-0.283325,1.104736
-0.409058,-0.079956,0.802002
0.290771,0.032715,1.153198
0.125122,-0.405396,0.915527
-0.332031,0.131104,0.957153
0.539917,-0.284668,1.107178
-0.368896,-0.158569,0.807251
0.196045,0.102051,1.136475
0.201050,-0.394409,0.934204
-0.404907,0.085083,0.906982
0.552979,-0.279907,1.116333
-0.317871,-0.273071,0.797119
0.110840,0.162842,1.113892
0.260498,-0.383789,0.933594
-0.421387,0.083130,0.875000
0.536621,-0.209106,1.122314
-0.278076,-0.266846,0.797974
0.050781,0.115356,1.084229
0.316284,-0.425903,0.947998
-0.450439,0.047607,0.845215
0.525391,-0.158081,1.138672
-0.172241,-0.280029,0.827881
-0.047485,0.142334,1.057251
0.340088,-0.389160,0.960693
-0.450806,-0.003418,0.830811
0.503906,-0.141724,1.151001
-0.129028,-0.313110,0.806763
-0.119751,0.200073,1.054077
0.386597,-0.368286,0.970947
-0.476685,-0.025879,0.813721
0.463013,-0.169556,1.134155
-0.097046,-0.323975,0.814941
-0.196411,0.197266,1.024292
0.432007,-0.322876,1.024414
-0.499634,-0.064087,0.775879
0.409790,-0.108276,1.137207
-0.031616,-0.352539,0.833862
-0.284058,0.200806,0.992310
0.461060,-0.301514,1.039551
-0.479126,-0.073853,0.771240
0.319458,-0.045166,1.124512
0.036499,-0.390381,0.843872
-0.345825,0.182007,0.947754
0.487305,-0.302979,1.056030
-0.440186,-0.119873,0.765381
0.217041,0.017334,1.102417
0.111206,-0.403198,0.870850
-0.413086,0.161133,0.907593
0.495728,-0.262451,1.067871
-0.383057,-0.183105,0.767700
0.136841,0.045532,1.077271
0.160522,-0.402222,0.882568
-0.461670,0.110596,0.860474
0.497070,-0.231445,1.077148
-0.342773,-0.217896,0.769287
0.058350,0.095337,1.058716
0.228149,-0.402466,0.907227
-0.497070,0.082642,0.820679
0.496704,-0.216309,1.088989
-0.242310,-0.279663,0.782959
-0.036743,0.125122,1.044678
0.279907,-0.395630,0.913086
-0.503906,0.036011,0.813843
0.485596,-0.203857,1.092407
-0.190186,-0.283081,0.793579
-0.139771,0.152100,1.006958
0.344238,-0.378052,0.955444
-0.520996,-0.048218,0.769165
0.425293,-0.147583,1.103027
-0.138916,-0.337769,0.768677
-0.235596,0.184692,0.979614
0.401123,-0.352051,0.977051
-0.542358,-0.024536,0.769043
0.347290,-0.131836,1.079346
-0.082153,-0.358276,0.796143
-0.314331,0.171021,0.928955
0.425049,-0.306030,1.010864
-0.500610,-0.070557,0.755737
0.245728,-0.029907,1.084473
0.013428,-0.398804,0.823364
-0.400513,0.164307,0.909546
0.434326,-0.274048,1.020752
-0.455322,-0.154785,0.717773
0.137085,0.074585,1.068115
0.112061,-0.392212,0.850464
-0.482422,0.114136,0.858765
0.442993,-0.260010,1.031250
-0.387573,-0.217163,0.747803
0.056519,0.120972,1.057007
0.169556,-0.365845,0.869629
-0.558105,0.107910,0.814819
0.484985,-0.305664,1.044800
-0.265381,-0.319336,0.753906
-0.047485,0.149658,1.014526
0.209839,-0.351562,0.861694
-0.559937,0.074585,0.792725
0.473999,-0.249634,1.060181
-0.224487,-0.355713,0.731445
-0.125732,0.147949,0.989746
0.287354,-0.401001,0.892212
-0.587646,0.066650,0.758301
0.431641,-0.216919,1.049561
-0.192017,-0.335449,0.733398
-0.220093,0.160156,0.965088
0.335815,-0.365112,0.936646
-0.571533,0.006104,0.751953
0.389160,-0.154053,1.067749
-0.173950,-0.364990,0.727661
-0.280518,0.157471,0.936646
0.364990,-0.352661,0.942749
-0.569458,-0.000732,0.749634
0.323975,-0.126099,1.038696
-0.117432,-0.356445,0.776367
-0.328491,0.154541,0.901733
0.391235,-0.317871,0.973267
-0.557739,-0.034790,0.720947
0.260742,-0.082153,1.027832
-0.072998,-0.366333,0.783325
-0.396973,0.158325,0.890991
0.414917,-0.304565,0.998657
-0.543579,-0.092651,0.696655
0.184570,-0.007446,1.024902
-0.004761,-0.408569,0.777954
-0.454834,0.194580,0.873169
0.426392,-0.283203,0.997559
-0.503540,-0.118042,0.724365
0.113403,0.046997,1.020508
0.039185,-0.423706,0.810425
-0.501587,0.164551,0.843750
0.431519,-0.269409,1.011963
-0.471558,-0.143066,0.718140
0.039429,0.122070,1.022217
0.122803,-0.406128,0.834717
-0.531494,0.134644,0.823242
0.424072,-0.229614,1.014404
-0.398926,-0.181152,0.727051
-0.009521,0.137573,1.013794
0.193481,-0.441162,0.852783
-0.571655,0.124878,0.802490
0.426636,-0.216919,1.017944
-0.310913,-0.225464,0.743164
-0.096558,0.177856,0.988770
0.233154,-0.419189,0.869751
-0.584106,0.078613,0.773193
0.412354,-0.176636,1.034912
-0.255615,-0.284912,0.723022
-0.150757,0.187134,0.965088
0.271729,-0.403687,0.875610
-0.609863,0.064331,0.748291
0.406250,-0.196655,1.029541
-0.213623,-0.342041,0.709351
-0.210205,0.176758,0.941895
0.320801,-0.369507,0.909302
-0.601807,0.022583,0.729736
0.359131,-0.153564,1.029541
-0.176392,-0.376221,0.703247
-0.283936,0.191040,0.924561
0.380371,-0.382568,0.917480
-0.599976,0.046265,0.739746
0.301025,-0.098511,1.018188
-0.119263,-0.391846,0.723389
-0.344604,0.188965,0.892456
0.377686,-0.331177,0.940552
-0.585449,-0.004395,0.711060
0.236938,-0.047729,1.019043
-0.070068,-0.420776,0.743896
-0.424438,0.216431,0.875977
0.406738,-0.317017,0.954224
-0.547607,-0.032349,0.704224
0.170044,0.019165,1.021240
-0.003784,-0.405640,0.780029
-0.498657,0.221313,0.858887
0.421509,-0.282471,0.976562
-0.489868,-0.112061,0.711792
0.095825,0.072632,1.007568
0.048828,-0.388794,0.795898
-0.545532,0.202515,0.824341
0.435181,-0.257568,0.996948
-0.400635,-0.179810,0.730103
0.004883,0.145996,1.015137
0.142212,-0.402954,0.829956
-0.579956,0.166870,0.792603
0.425537,-0.209351,1.002686
-0.306152,-0.241455,0.726074
-0.073975,0.169556,0.994019
0.225342,-0.395264,0.854858
-0.611572,0.126831,0.763794
0.415283,-0.183350,1.007080
-0.219238,-0.295532,0.726074
-0.169434,0.186035,0.953857
0.300049,-0.382446,0.891846
-0.614624,0.086426,0.759155
0.375122,-0.154053,1.000244
-0.174683,-0.333130,0.712524
-0.247925,0.197632,0.913940
0.369873,-0.363281,0.922241
-0.594971,0.072021,0.741699
0.290527,-0.074097,1.009155
-0.101807,-0.387939,0.732910
-0.339233,0.176392,0.889404
0.397339,-0.345825,0.943970
-0.572021,0.026001,0.724487
0.196045,0.002808,0.983643
-0.023682,-0.414429,0.746460
-0.421265,0.194336,0.863403
0.403687,-0.270142,0.975830
-0.520142,-0.083496,0.709473
0.123657,0.055420,1.002563
0.037598,-0.399658,0.788086
-0.505493,0.204224,0.826660
0.426025,-0.239624,0.990112
-0.433472,-0.140137,0.733154
0.045044,0.133911,1.018188
0.106445,-0.402832,0.809082
-0.542969,0.181641,0.821899
0.427856,-0.199707,1.007080
-0.360840,-0.161377,0.747070
-0.008789,0.163086,1.009155
0.183105,-0.393921,0.842407
-0.593140,0.151489,0.772461
0.436157,-0.191895,1.013794
-0.276733,-0.249634,0.725098
-0.098877,0.196289,0.981323
0.269897,-0.384888,0.878784
-0.614502,0.143677,0.769409
0.412109,-0.178345,1.005981
-0.185913,-0.307617,0.746216
-0.176270,0.178833,0.944580
0.315796,-0.352417,0.896240
-0.593750,0.084717,0.743530
0.380737,-0.120361,1.021851
-0.118164,-0.374512,0.736084
-0.257812,0.206665,0.919067
0.375000,-0.357666,0.908203
-0.584229,0.097290,0.752075
0.294678,-0.066650,0.988037
-0.061279,-0.400757,0.737549
-0.331055,0.190918,0.886841
0.399536,-0.300171,0.947998
-0.551636,-0.001953,0.710449
0.209961,0.021851,0.987671
-0.017944,-0.416626,0.734253
-0.401367,0.173706,0.845215
0.412964,-0.254272,0.964722
-0.483521,-0.082764,0.735962
0.127075,0.082031,1.006104
0.031738,-0.379761,0.775757
-0.482544,0.167847,0.828857
0.458374,-0.269775,0.977173
-0.449341,-0.092163,0.747314
0.057617,0.119385,1.005981
0.125488,-0.387817,0.822144
-0.531982,0.166626,0.803711
0.442749,-0.200317,0.996704
-0.369263,-0.146118,0.752441
-0.011841,0.130493,0.984375
0.214233,-0.394653,0.853394
-0.571777,0.152222,0.780396
0.435669,-0.161011,1.010376
-0.272827,-0.198364,0.752441
-0.088989,0.171997,0.972412
0.273071,-0.409912,0.876343
-0.586304,0.121826,0.765991
0.413208,-0.136475,1.015991
-0.192017,-0.283936,0.747070
-0.152710,0.173828,0.939941
0.330078,-0.384521,0.910034
-0.595825,0.115356,0.750122
0.379883,-0.097290,1.022461
-0.115356,-0.343750,0.739014
-0.216919,0.184814,0.912842
0.370361,-0.378052,0.911011
-0.578613,0.058960,0.746704
0.352173,-0.088257,1.010986
-0.063110,-0.345825,0.741577
-0.294678,0.210815,0.875854
0.397827,-0.320190,0.929565
-0.550415,-0.028320,0.735840
0.288696,-0.082642,0.988770
-0.027466,-0.416016,0.743652
-0.342529,0.181274,0.859619
0.418091,-0.272583,0.944702
-0.527100,-0.055542,0.709351
0.189453,-0.015625,0.997559
0.041260,-0.444946,0.771851
-0.411865,0.169678,0.825806
0.438721,-0.250854,0.976929
-0.488525,-0.059204,0.741577
0.110107,0.060547,0.999390
0.101929,-0.460693,0.787964
-0.487915,0.140015,0.800415
0.443359,-0.228760,0.989014
-0.389893,-0.129395,0.744751
0.028076,0.156738,1.016357
0.188477,-0.419556,0.838867
-0.571655,0.122925,0.761963
0.443481,-0.234253,1.007324
-0.281494,-0.223877,0.747681
-0.058594,0.223389,1.001709
0.249512,-0.366577,0.872437
-0.585205,0.085205,0.762085
0.445190,-0.235718,1.014526
-0.178955,-0.279053,0.778809
-0.140137,0.216187,0.959717
0.310425,-0.340332,0.901001
-0.580322,0.073120,0.750854
0.396851,-0.180176,1.012207
-0.087769,-0.365845,0.767944
-0.228638,0.198364,0.922607
0.368286,-0.339233,0.923462
-0.558350,0.026855,0.743774
0.333130,-0.111328,1.008179
-0.024536,-0.409302,0.765503
-0.299194,0.164551,0.871216
0.409790,-0.360107,0.934692
-0.531616,-0.027100,0.747559
0.252441,-0.036865,0.988525
0.021240,-0.406006,0.756104
-0.360718,0.155029,0.831421
0.439209,-0.333984,0.955444
-0.492188,-0.102783,0.742676
0.060547,-0.411499,0.770752
-0.440674,0.156372,0.809204
-0.427490,-0.115967,0.771118
0.087280,0.049805,1.002197
-0.508789,0.114624,0.767090
0.452148,-0.245483,0.989258
-0.321655,-0.174683,0.777710
-0.029663,0.138672,0.996948
0.233521,-0.452148,0.859131
-0.536987,0.051636,0.744141
0.440430,-0.198120,1.019531
-0.232544,-0.227783,0.769287
-0.138794,0.198853,0.975708
0.333252,-0.444336,0.901489
-0.538696,0.004150,0.754272
0.374878,-0.142822,1.014160
-0.096436,-0.313232,0.774414
-0.232178,0.179199,0.907104
0.392822,-0.384766,0.940918
-0.523682,-0.031982,0.750366
0.307129,-0.085205,1.003906
-0.012207,-0.433472,0.762451
-0.318359,0.132935,0.852905
0.431641,-0.340820,0.971069
-0.509888,-0.061646,0.744873
0.205322,-0.009644,0.998291
0.085205,-0.457764,0.772705
-0.415649,0.143433,0.828247
0.458130,-0.334595,0.971313
-0.430054,-0.128418,0.766235
0.119629,0.088257,1.019897
0.114136,-0.384766,0.816528
-0.483398,0.088013,0.773071
0.457886,-0.326660,0.990845
-0.362549,-0.202026,0.774780
0.053589,0.105469,1.025146
0.216919,-0.438110,0.842773
-0.546387,0.127686,0.751221
0.444214,-0.238525,0.996826
-0.265747,-0.199951,0.799072
-0.035278,0.114380,1.005493
0.267456,-0.453857,0.874268
-0.567505,0.064209,0.737427
0.423828,-0.170654,1.025879
-0.176514,-0.252197,0.790894
-0.124023,0.164673,0.998413
0.347534,-0.449829,0.911743
-0.567017,0.068970,0.751587
0.391357,-0.134644,1.021240
-0.082031,-0.322021,0.800659
-0.201172,0.151733,0.961182
0.401978,-0.448120,0.934326
-0.535645,-0.008789,0.736084
0.316772,-0.062134,1.013672
0.008423,-0.370483,0.804321
-0.255493,0.124878,0.913086
0.426514,-0.387939,0.967896
-0.517212,-0.072510,0.738403
0.255615,-0.019775,1.021729
0.061768,-0.458130,0.782349
-0.321045,0.097656,0.876221
0.449585,-0.351929,0.980347
-0.481445,-0.121704,0.732056
0.198853,-0.001831,1.019531
0.105225,-0.437256,0.807373
-0.417969,0.123169,0.833374
0.478760,-0.330078,0.994751
-0.405762,-0.191895,0.752563
0.094849,0.052124,1.014771
0.176270,-0.459229,0.837158
-0.468262,0.087524,0.796509
0.493530,-0.298706,1.019409
-0.325684,-0.201782,0.777344
-0.018188,0.135254,1.017944
0.275757,-0.486206,0.870239
-0.520630,0.031250,0.748413
0.454834,-0.217529,1.046143
-0.203003,-0.260620,0.790771
-0.101929,0.166504,1.009766
0.333252,-0.438599,0.919922
-0.538574,0.043213,0.761841
0.414185,-0.191162,1.036743
-0.066895,-0.348755,0.824585
-0.173828,0.173340,0.998535
0.378052,-0.384033,0.952393
-0.528809,0.024414,0.752441
0.358276,-0.134644,1.017090
0.037354,-0.402588,0.841187
-0.243652,0.148193,0.949463
0.425415,-0.335815,0.999878
-0.469360,-0.091797,0.750122
0.269531,-0.026245,1.048462
0.066040,-0.411865,0.827637
-0.315063,0.100342,0.902832
0.489014,-0.366089,1.019409
-0.429810,-0.149292,0.749878
0.189209,0.080200,1.042969
0.105835,-0.370361,0.830566
-0.351807,0.078491,0.866211
0.497314,-0.352417,1.025269
-0.429810,-0.192871,0.745728
0.192993,0.005981,1.048340
0.148438,-0.446777,0.834839
-0.416870,0.161377,0.859253
0.501099,-0.286621,1.039795
-0.385864,-0.207886,0.750854
0.129761,0.034180,1.050049
0.196411,-0.480347,0.868408
-0.425659,0.065430,0.817261
0.509521,-0.274170,1.060669
-0.342529,-0.206665,0.768921
0.053345,0.128784,1.051025
0.265991,-0.488159,0.882568
-0.452148,0.037231,0.801270
0.505371,-0.278442,1.061401
-0.282837,-0.230469,0.802490
-0.016724,0.165649,1.037598
0.313965,-0.483643,0.901978
-0.476440,0.027466,0.790283
0.487305,-0.224243,1.085571
-0.205322,-0.246704,0.828125
-0.085693,0.210938,1.037354
0.348755,-0.447388,0.934570
-0.489258,0.004395,0.796143
0.467285,-0.196045,1.094849
-0.133179,-0.259766,0.847290
-0.111816,0.201782,1.041138
0.391113,-0.421753,0.967407
-0.484619,-0.010132,0.786743
0.421021,-0.117065,1.083374
-0.037964,-0.299561,0.866577
-0.152954,0.181030,1.026245
0.428589,-0.395264,0.999146
-0.488159,-0.063110,0.770874
0.396118,-0.100952,1.101196
0.030640,-0.375977,0.846558
-0.206543,0.207031,1.013550
0.467041,-0.370605,1.021851
-0.463623,-0.086060,0.782837
0.333984,-0.070557,1.086914
0.090332,-0.412720,0.857910
-0.263184,0.186035,0.984253
0.496704,-0.309692,1.061401
-0.437134,-0.118286,0.782471
0.276978,-0.026855,1.076538
0.116821,-0.410645,0.870972
-0.317505,0.160522,0.938843
0.525513,-0.295288,1.080200
-0.389893,-0.165771,0.787842
0.198242,0.026978,1.074097
0.185913,-0.444580,0.888306
-0.342896,0.101807,0.906616
0.552856,-0.269043,1.094604
-0.360229,-0.157593,0.800293
0.109863,0.083130,1.052856
0.266479,-0.463623,0.918945
-0.390625,0.057373,0.852051
0.552002,-0.252075,1.103271
-0.290283,-0.203857,0.814941
0.046021,0.140259,1.057129
0.336060,-0.447632,0.956543
-0.452881,0.049194,0.820923
0.403198,-0.163330,1.049072
-0.195801,-0.243286,0.854126
-0.171509,0.161621,0.983765
0.401001,-0.408325,0.965698
-0.507690,-0.035889,0.756592
0.369995,-0.106689,1.068115
0.028809,-0.397217,0.833496
-0.247559,0.173706,0.958374
0.442383,-0.386475,0.986816
-0.463257,-0.095215,0.769897
0.303345,-0.070679,1.059448
0.082275,-0.454590,0.826538
-0.318359,0.154785,0.927246
0.485962,-0.324097,1.029541
-0.442383,-0.127930,0.763794
0.223999,-0.009521,1.051514
0.111694,-0.441650,0.822021
-0.367188,0.129272,0.890991
0.523804,-0.325073,1.052124
-0.398071,-0.163940,0.774048
0.130859,0.058472,1.041626
0.197876,-0.448853,0.860962
-0.394653,0.063232,0.835815
0.512695,-0.250610,1.074829
-0.333740,-0.194092,0.777466
0.068848,0.094971,1.037109
0.284180,-0.478760,0.889893
-0.492188,0.093750,0.795166
0.512329,-0.266113,1.071533
-0.233765,-0.252197,0.817017
-0.031860,0.165894,1.053467
0.338867,-0.465088,0.929321
-0.519897,0.053467,0.784668
0.475342,-0.208008,1.073975
-0.124634,-0.284302,0.848877
-0.098022,0.200195,1.049683
0.385010,-0.408936,0.980347
-0.510376,0.013428,0.778320
0.434570,-0.162842,1.081543
-0.035400,-0.348755,0.839478
-0.131226,0.195312,1.034058
0.436646,-0.344238,1.009766
-0.494751,0.012695,0.791138
0.367188,-0.120117,1.061768
0.070190,-0.434570,0.864014
-0.193359,0.133423,0.998535
0.465576,-0.316772,1.050293
-0.480835,-0.058716,0.765381
0.337891,-0.080688,1.077881
0.097534,-0.453979,0.852539
-0.284790,0.167236,0.976318
0.510254,-0.302612,1.076050
-0.432739,-0.100464,0.791870
0.258179,-0.017944,1.072021
0.128418,-0.438599,0.876953
-0.332275,0.106079,0.918335
0.531250,-0.271729,1.109863
-0.374756,-0.160767,0.792114
0.190918,0.061890,1.089600
0.195557,-0.454712,0.879272
-0.362915,0.077637,0.883301
0.537720,-0.251465,1.106323
-0.326660,-0.195679,0.813843
0.138184,0.089844,1.084717
0.271240,-0.466675,0.919922
-0.416626,0.078613,0.843506
0.532349,-0.231323,1.102539
-0.275757,-0.231445,0.808594
0.073486,0.113892,1.082275
0.341064,-0.484009,0.950439
-0.447266,0.088379,0.836914
0.512329,-0.169434,1.112061
-0.212769,-0.230591,0.835449
-0.001465,0.191162,1.092773
0.384155,-0.465332,0.980347
-0.445801,0.040283,0.836426
0.497925,-0.149292,1.123047
-0.157959,-0.236572,0.860962
-0.060791,0.170776,1.059448
0.417236,-0.407715,1.013306
-0.442505,-0.016602,0.816772
0.474243,-0.070312,1.155884
-0.054688,-0.270020,0.880859
-0.125000,0.195435,1.063599
0.450195,-0.405518,1.033569
-0.449707,-0.068237,0.803711
0.446167,-0.081543,1.148071
0.047241,-0.339722,0.899658
-0.198975,0.245361,1.046021
0.495483,-0.355591,1.062134
-0.418579,-0.137817,0.798828
0.369263,-0.055786,1.143311
0.085938,-0.358398,0.904297
-0.248047,0.218140,1.016357
0.523804,-0.283081,1.093018
-0.392578,-0.125244,0.821899
0.297363,-0.022339,1.120239
0.163696,-0.413818,0.925049
-0.317261,0.150146,0.950928
0.553345,-0.249390,1.124268
-0.334351,-0.185181,0.814331
0.185303,0.064575,1.105469
0.263672,-0.440063,0.947021
-0.375488,0.089478,0.890625
0.556274,-0.221558,1.129517
-0.244141,-0.215332,0.851074
0.069702,0.147217,1.096436
0.343018,-0.431763,0.970825
-0.428833,0.062012,0.860229
0.537354,-0.153442,1.158936
-0.145508,-0.265015,0.863525
-0.035156,0.237793,1.107788
0.421265,-0.404785,1.015015
-0.475708,0.022217,0.833740
0.483765,-0.147339,1.139160
-0.020630,-0.324829,0.886230
-0.078003,0.218628,1.115112
0.437622,-0.317627,1.053467
-0.472412,-0.006226,0.830933
0.455322,-0.127686,1.145508
0.040039,-0.395874,0.896484
-0.168945,0.162598,1.044678
0.506958,-0.277466,1.113892
-0.436279,-0.051880,0.809937
0.369263,-0.026489,1.143677
0.093262,-0.385010,0.908691
-0.233521,0.179443,1.044922
0.541626,-0.280273,1.140015
-0.408203,-0.096680,0.814453
0.307861,0.047607,1.148071
0.166138,-0.389771,0.936523
-0.313232,0.155640,0.976196
0.585938,-0.297974,1.149048
-0.358398,-0.171387,0.820801
0.209473,0.087036,1.120972
0.226562,-0.415771,0.949951
-0.342529,0.095581,0.941772
0.585205,-0.240601,1.165283
-0.304321,-0.212402,0.825928
0.272949,-0.405029,0.952515
-0.248169,-0.251953,0.839355
-0.415771,0.085571,0.877319
0.575439,-0.220703,1.163330
-0.172485,-0.254517,0.883057
0.002563,0.151001,1.085938
0.383301,-0.376465,1.003418
-0.440796,0.040405,0.845825
0.553955,-0.159058,1.187866
-0.064453,-0.297485,0.919312
-0.078613,0.144165,1.059204
0.421509,-0.359253,1.040405
-0.436279,-0.008667,0.832275
0.489624,-0.091553,1.175415
0.011353,-0.333862,0.904053
-0.134155,0.201050,1.078247
0.470703,-0.341431,1.061890
-0.444336,-0.021362,0.840088
0.429199,-0.051147,1.165771
0.026855,-0.335571,0.901123
-0.205322,0.199463,1.057007
0.532715,-0.300049,1.118530
-0.436157,-0.068237,0.804321
0.357300,0.017090,1.162964
0.108032,-0.366333,0.915894
-0.270020,0.176147,1.005859
0.565796,-0.285278,1.146729
-0.394409,-0.156250,0.804077
0.261963,0.046631,1.148438
0.174683,-0.396484,0.928711
-0.327393,0.124023,0.946533
0.576538,-0.274048,1.145386
-0.330933,-0.195312,0.830688
0.180786,0.068481,1.113037
0.239380,-0.392578,0.949097
-0.389648,0.112793,0.901611
0.577148,-0.247070,1.143677
-0.246948,-0.262695,0.848633
0.092163,0.134155,1.115967
0.309082,-0.401855,0.966187
0.331787,-0.361938,0.982788
0.568237,-0.207275,1.170410
-0.082153,-0.351074,0.867188
-0.066162,0.190063,1.080811
0.382690,-0.345215,0.997925
-0.451660,-0.006836,0.838623
0.534912,-0.169189,1.187622
-0.062500,-0.345703,0.868530
-0.107788,0.165894,1.067749
0.428101,-0.348633,1.034546
-0.475464,-0.004761,0.830322
0.480835,-0.103394,1.166870
-0.024902,-0.344360,0.863647
-0.180176,0.200562,1.056152
0.465088,-0.313843,1.077637
-0.457520,-0.054199,0.812988
0.438354,-0.064697,1.168335
-0.007812,-0.324341,0.870850
-0.216431,0.174805,1.015625
0.485474,-0.275269,1.092896
-0.455933,-0.085938,0.800903
0.384399,-0.064453,1.165771
0.041626,-0.375366,0.872437
-0.282227,0.218140,1.001099
0.520996,-0.292847,1.098145
-0.422485,-0.102417,0.803101
0.321045,-0.051147,1.135742
0.080078,-0.361938,0.900146
-0.305054,0.161621,0.967407
0.515625,-0.266602,1.105713
-0.418701,-0.136353,0.790283
0.270142,-0.009644,1.134155
0.164551,-0.424316,0.918213
-0.358398,0.158936,0.942749
0.531250,-0.248169,1.104736
-0.370972,-0.153687,0.789917
0.201904,0.041626,1.118042
0.206177,-0.417969,0.926636
-0.395020,0.134521,0.921631
0.531006,-0.227661,1.112183
-0.349609,-0.174072,0.789795
0.125366,0.102173,1.110229
0.264038,-0.445190,0.941650
-0.434570,0.104126,0.893555
0.528076,-0.193481,1.123901
-0.304443,-0.192627,0.811401
0.045654,0.118774,1.074341
0.301514,-0.431885,0.951050
-0.451904,0.046143,0.868408
0.533813,-0.181763,1.141602
-0.220947,-0.261963,0.806763
-0.032593,0.174316,1.057495
0.349609,-0.407837,0.962280
-0.473755,0.004028,0.836670
0.500610,-0.176392,1.133423
-0.136475,-0.329712,0.803467
-0.076294,0.202759,1.059814
0.371582,-0.365845,0.967773
-0.474976,-0.024292,0.814697
0.477905,-0.158691,1.137695
-0.114014,-0.340210,0.806152
-0.151001,0.183716,1.027710
0.411987,-0.347412,0.996338
-0.513184,-0.032837,0.795288
0.441772,-0.160156,1.128418
-0.075073,-0.341919,0.830444
-0.219971,0.194580,1.016479
0.435547,-0.310669,1.029419
-0.516235,0.001953,0.804565
0.378906,-0.121338,1.121460
-0.006226,-0.385620,0.854370
-0.286255,0.167847,0.956177
0.452881,-0.279541,1.057373
-0.458374,-0.076904,0.767334
0.292358,-0.028198,1.126831
0.070190,-0.391479,0.871704
-0.363892,0.144287,0.920410
0.486450,-0.262695,1.070435
-0.412720,-0.141602,0.765259
0.186890,0.039795,1.096069
0.138916,-0.418579,0.878052
-0.439331,0.122925,0.883667
0.506592,-0.256348,1.084106
-0.342163,-0.192993,0.784546
0.090332,0.118530,1.067505
0.203003,-0.378052,0.898315
-0.489868,0.064087,0.826660
0.504883,-0.249878,1.088867
-0.259521,-0.287109,0.788452
-0.001099,0.123779,1.049194
0.273193,-0.399658,0.911377
-0.497437,0.057373,0.818726
0.481445,-0.200562,1.097900
-0.187378,-0.314697,0.786255
-0.111084,0.143188,1.016235
0.345581,-0.404785,0.941284
-0.496094,-0.017578,0.791138
0.447876,-0.144165,1.116699
-0.156006,-0.296509,0.786499
-0.225708,0.164917,0.983276
0.404175,-0.355347,1.002319
-0.504883,-0.067871,0.773682
0.363159,-0.085938,1.109253
-0.095337,-0.292969,0.807251
-0.317749,0.195801,0.943970
0.434082,-0.335083,1.014404
-0.479370,-0.163696,0.750122
0.293457,-0.069458,1.105225
0.009277,-0.359009,0.823242
-0.432129,0.208008,0.894287
0.463135,-0.270996,1.041992
-0.413330,-0.213501,0.752197
0.154541,0.001953,1.068237
0.137451,-0.416992,0.874634
-0.485107,0.156982,0.842896
0.458740,-0.228271,1.043945
-0.349243,-0.205688,0.775757
0.045776,0.068848,1.052124
0.231323,-0.432617,0.889893
-0.539795,0.098389,0.811523
0.437866,-0.170532,1.064453
-0.220093,-0.293945,0.764526
-0.083984,0.142578,1.029785
0.299927,-0.389771,0.930054
-0.546021,-0.008301,0.771851
0.415039,-0.166260,1.073975
-0.166626,-0.320557,0.743042
-0.244141,0.201660,0.977783
0.383911,-0.324219,0.979614
-0.535522,-0.054810,0.763794
0.338989,-0.135254,1.071289
-0.093262,-0.362305,0.781250
-0.341187,0.186523,0.912964
0.425415,-0.295044,0.996338
-0.491699,-0.084106,0.751831
0.207031,-0.017334,1.073120
0.014038,-0.425781,0.814575
-0.437378,0.123901,0.860840
0.451538,-0.265137,1.027222
-0.421387,-0.177979,0.735718
0.066772,0.119507,1.044800
0.141235,-0.402466,0.841553
-0.520996,0.088867,0.811401
0.453613,-0.257812,1.032837
-0.294678,-0.296631,0.740234
-0.036621,0.143433,1.011719
0.230103,-0.381470,0.877686
-0.562134,0.054932,0.764404
0.435669,-0.220947,1.051880
-0.215942,-0.369263,0.727417
-0.139648,0.122681,0.975830
0.298706,-0.359863,0.909302
-0.572754,0.037109,0.754395
0.395142,-0.182495,1.053711
-0.170044,-0.354492,0.756592
-0.252075,0.163086,0.957031
0.359741,-0.362915,0.934692
-0.563721,0.011841,0.749146
0.323853,-0.075928,1.056396
-0.118408,-0.321899,0.768555
-0.342773,0.167969,0.907471
0.388306,-0.359253,0.961182
-0.550293,-0.083862,0.713867
0.277954,-0.088623,1.049072
-0.051392,-0.377075,0.784424
-0.446411,0.225586,0.880859
0.404419,-0.286011,0.987183
-0.504395,-0.176270,0.697754
0.185425,-0.028564,1.042114
0.032837,-0.413940,0.821411
-0.511108,0.223877,0.852051
0.420044,-0.263428,0.991333
-0.468384,-0.156494,0.725708
0.107422,0.014526,1.031494
0.095093,-0.427856,0.826416
-0.539429,0.192627,0.824463
0.429199,-0.247803,1.006714
-0.402344,-0.187378,0.746582
0.028076,0.078857,1.026489
0.167725,-0.446899,0.841675
-0.574341,0.145874,0.795532
0.424316,-0.230591,1.003662
-0.323486,-0.235107,0.746948
-0.053101,0.159790,1.012085
0.222412,-0.421753,0.862915
-0.589478,0.101074,0.783081
0.422852,-0.214111,1.022949
-0.261108,-0.297363,0.705322
-0.129517,0.178833,0.983521
0.278687,-0.390747,0.895264
-0.597290,0.046143,0.766846
0.398682,-0.208252,1.016724
-0.204346,-0.354126,0.697876
-0.214722,0.201904,0.957031
0.322388,-0.367798,0.894531
-0.597534,0.058716,0.759644
0.370605,-0.190186,1.017090
-0.154541,-0.375244,0.742798
-0.277344,0.149170,0.906494
0.340820,-0.330688,0.926270
-0.593506,0.017700,0.717041
0.311646,-0.134766,1.021729
-0.112305,-0.387451,0.748779
-0.346680,0.161499,0.891479
0.378662,-0.325439,0.949341
-0.569336,0.033813,0.718384
0.230591,-0.068604,0.991455
-0.068848,-0.381348,0.782593
-0.405884,0.156128,0.871704
0.408813,-0.319214,0.962158
-0.553955,-0.025269,0.701660
0.163330,0.030151,1.002319
-0.012207,-0.360107,0.795654
-0.456299,0.161865,0.862671
0.427368,-0.314331,0.977661
-0.516846,-0.080444,0.706787
0.108398,0.090210,1.005737
0.031738,-0.348999,0.803101
-0.524902,0.159668,0.830811
0.451172,-0.319458,0.992065
-0.466553,-0.141602,0.718506
0.038086,0.139282,1.010864
0.099976,-0.392334,0.817993
-0.546631,0.173950,0.830933
0.442749,-0.262085,1.001953
-0.414551,-0.136841,0.742065
-0.013550,0.148315,1.009399
0.158691,-0.433716,0.837158
-0.580078,0.143555,0.799683
0.420898,-0.203735,1.003418
-0.339111,-0.210449,0.718628
-0.063843,0.166870,0.996338
0.230957,-0.437378,0.857666
-0.590454,0.118774,0.788452
0.414185,-0.180542,1.009399
-0.276489,-0.247314,0.720947
-0.156250,0.190674,0.974243
0.301514,-0.409668,0.888184
-0.600220,0.077637,0.763794
0.371704,-0.135254,1.021240
-0.193481,-0.332520,0.712036
-0.231323,0.175659,0.931519
0.337402,-0.366089,0.911743
-0.608032,0.045654,0.735718
0.339844,-0.127930,1.014648
-0.131592,-0.377808,0.720093
-0.328369,0.190063,0.889404
0.378296,-0.327393,0.937988
-0.571411,0.022949,0.718872
0.254639,-0.043335,1.011963
-0.061401,-0.390625,0.755737
-0.415039,0.188599,0.861694
0.395142,-0.285156,0.954834
-0.538574,-0.050781,0.709717
0.145752,0.047974,1.010498
0.029907,-0.404419,0.795898
-0.512207,0.194458,0.832886
0.406006,-0.247192,0.984497
-0.442017,-0.137695,0.719360
0.058228,0.124390,1.018188
0.130249,-0.419067,0.817383
-0.586060,0.203247,0.815430
0.410645,-0.213257,0.980347
-0.323608,-0.228027,0.729492
-0.045776,0.148804,0.994873
0.224609,-0.408936,0.859253
-0.611084,0.137695,0.775391
0.399536,-0.159668,1.011353
-0.231934,-0.306396,0.700562
-0.149902,0.182617,0.966675
0.310181,-0.365967,0.903809
-0.603394,0.086060,0.746826
0.374878,-0.115356,1.021240
-0.157227,-0.365967,0.702759
-0.270142,0.185791,0.898926
0.361084,-0.359375,0.916992
-0.583496,0.034058,0.733765
0.307251,-0.078613,1.007812
-0.087524,-0.383301,0.727417
-0.359009,0.203369,0.870117
0.400757,-0.316162,0.940186
-0.565186,0.010254,0.716309
0.206177,-0.015503,0.982300
-0.010986,-0.414429,0.762939
-0.443481,0.188110,0.851318
0.405396,-0.257568,0.971069
-0.500854,-0.041626,0.729858
0.099976,0.094849,1.011597
0.071167,-0.401855,0.801636
-0.536133,0.162354,0.812378
0.436890,-0.240723,0.994873
-0.374390,-0.142944,0.748901
0.022705,0.178711,1.020630
0.147095,-0.368408,0.820557
-0.584106,0.162231,0.792358
0.422363,-0.214111,0.995972
-0.255737,-0.280151,0.741211
-0.062622,0.151123,0.980835
0.234497,-0.326660,0.886475
-0.630127,0.139771,0.742798
0.399414,-0.174316,0.998535
-0.151489,-0.369019,0.744873
-0.166504,0.152710,0.939087
0.320190,-0.340698,0.906250
-0.615479,0.129517,0.734497
0.342651,-0.085083,1.001465
-0.082031,-0.387817,0.727051
-0.274902,0.197510,0.907349
0.358765,-0.311768,0.919067
-0.586792,0.038086,0.719727
0.260742,-0.057129,0.968384
-0.015381,-0.432617,0.753052
-0.373901,0.194824,0.872314
0.408447,-0.282471,0.945190
-0.540894,-0.011719,0.724365
0.174072,-0.018188,0.984741
0.025513,-0.397095,0.787476
-0.461182,0.176880,0.825562
0.428711,-0.208008,0.984863
-0.471680,-0.044800,0.732300
0.073730,0.133911,1.020996
0.120850,-0.420532,0.811279
-0.533203,0.142944,0.803345
0.424438,-0.193237,0.992920
-0.378052,-0.102051,0.735718
0.004639,0.190430,1.009644
0.197632,-0.382935,0.845703
-0.600952,0.152344,0.784302
0.450928,-0.219849,1.012939
-0.253052,-0.260864,0.730103
-0.082642,0.220581,0.990112
0.254395,-0.347412,0.869873
-0.600464,0.133301,0.779785
0.436890,-0.199341,1.026855
-0.164917,-0.324341,0.746704
-0.159546,0.219604,0.953857
0.310913,-0.334229,0.893188
-0.599243,0.098145,0.756470
0.392700,-0.164673,1.011719
-0.101685,-0.354004,0.752075
-0.242432,0.175537,0.889648
0.351074,-0.315918,0.917603
-0.574341,0.046631,0.745483
0.359619,-0.090210,1.024048
-0.047852,-0.390137,0.748901
-0.330322,0.215576,0.866333
0.404297,-0.333862,0.930176
-0.574097,-0.031128,0.699707
0.281982,-0.080078,0.993774
-0.004272,-0.400024,0.758667
-0.363892,0.208130,0.866211
0.430176,-0.299072,0.944702
-0.539062,-0.030029,0.715454
0.173706,0.014038,1.000488
0.040405,-0.438965,0.765381
-0.442139,0.155640,0.817871
0.465088,-0.271484,0.971436
-0.467773,-0.037720,0.754761
0.068237,0.126465,1.014038
0.117920,-0.433838,0.813477
-0.515503,0.126099,0.794800
0.452637,-0.248047,0.987427
-0.364868,-0.130615,0.769775
-0.004761,0.190796,1.013672
0.196655,-0.404175,0.836060
-0.581543,0.129150,0.774170
0.436768,-0.206299,1.009033
-0.235229,-0.233521,0.757812
-0.079102,0.199219,0.973511
0.266724,-0.340454,0.889771
-0.605225,0.065674,0.725586
0.414551,-0.184082,1.021362
-0.120850,-0.341431,0.773804
-0.171265,0.204102,0.950562
0.338867,-0.336426,0.915161
-0.593872,0.123169,0.756470
0.357056,-0.116821,1.001831
-0.034790,-0.375000,0.776489
-0.256104,0.170654,0.894043
0.379517,-0.314087,0.931152
-0.568726,0.042114,0.727661
0.285156,-0.029663,0.992554
0.007446,-0.429321,0.753784
-0.354248,0.166260,0.860718
0.418335,-0.320068,0.952759
-0.527710,-0.014893,0.729614
0.197632,0.037231,0.996826
0.053345,-0.405273,0.788452
-0.422241,0.130859,0.811890
0.438232,-0.278198,0.976685
-0.472168,-0.096191,0.744141
0.123657,0.072754,1.006104
0.114258,-0.439087,0.796143
-0.509644,0.148926,0.789551
0.460327,-0.255005,0.988281
-0.388672,-0.116821,0.749390
0.025024,0.141724,0.998291
0.181519,-0.429932,0.833618
-0.549927,0.120850,0.759033
0.466797,-0.212280,1.018799
-0.297852,-0.202881,0.754272
-0.075562,0.186279,0.999023
0.270020,-0.449829,0.858765
-0.573608,0.090698,0.751587
0.425293,-0.169312,1.015381
-0.175171,-0.253174,0.774658
-0.158447,0.218872,0.959106
0.326660,-0.412598,0.899902
-0.569458,0.035767,0.756836
0.384766,-0.157471,1.010620
-0.067993,-0.351929,0.766846
-0.223633,0.213257,0.931763
0.364380,-0.339844,0.923340
-0.551025,0.016968,0.746094
0.327881,-0.142944,0.980957
-0.004883,-0.435791,0.769531
-0.301514,0.160767,0.870361
0.411011,-0.309204,0.949097
-0.523926,-0.022339,0.737671
0.222534,-0.051880,0.972534
0.040771,-0.438965,0.776489
-0.372681,0.081665,0.815552
0.441528,-0.290894,0.972168
-0.464478,-0.060791,0.752686
0.125977,0.101562,1.009399
0.081543,-0.425049,0.769897
-0.463745,0.093262,0.786865
0.462891,-0.282349,1.013184
-0.430054,-0.143677,0.735596
0.062622,0.122437,1.021484
0.172485,-0.426392,0.834229
-0.530762,0.104492,0.766113
0.462646,-0.274048,0.997070
-0.334106,-0.184448,0.771240
-0.024658,0.162109,1.007446
0.246216,-0.431885,0.861694
-0.548706,0.074097,0.749023
0.448853,-0.235840,1.014893
-0.240479,-0.220947,0.785278
-0.113647,0.180298,0.978638
0.302856,-0.439331,0.893555
-0.559326,0.026489,0.748047
0.399902,-0.154419,1.028076
-0.146240,-0.304565,0.775146
-0.165649,0.210938,0.973877
0.357666,-0.408569,0.920898
-0.557251,0.042603,0.751831
0.357788,-0.125610,1.015137
-0.058350,-0.403687,0.770508
-0.226440,0.161499,0.921509
0.394653,-0.360718,0.951050
-0.535767,-0.029907,0.740479
0.327271,-0.099121,1.015015
-0.003906,-0.428589,0.760132
-0.301025,0.150024,0.879272
0.426514,-0.362549,0.950562
-0.499634,-0.067871,0.744141
0.237793,-0.044312,0.999023
0.051392,-0.462036,0.765259
-0.357666,0.121582,0.835815
0.445190,-0.312622,0.977417
-0.480469,-0.099243,0.742554
0.171631,0.010864,1.015869
0.102173,-0.468872,0.787598
-0.425293,0.115479,0.809692
0.456543,-0.312622,0.985596
-0.432373,-0.138672,0.761963
0.099365,0.063110,1.018677
0.157593,-0.440308,0.832031
-0.474854,0.104858,0.791870
0.463379,-0.276123,1.000854
-0.372070,-0.201172,0.741455
0.033447,0.098145,1.018921
0.244141,-0.475586,0.853027
-0.522949,0.072754,0.755737
0.453613,-0.235596,1.015869
-0.261719,-0.242676,0.781128
-0.065796,0.152710,1.000244
0.294800,-0.485352,0.885742
-0.542725,0.024536,0.736572
0.433716,-0.196655,1.028809
-0.165039,-0.233398,0.814819
-0.161255,0.212402,0.993774
0.386719,-0.363159,0.936035
-0.520386,-0.068604,0.737915
0.291260,-0.075562,1.000610
-0.083496,-0.316772,0.795410
-0.325073,0.160034,0.849609
0.440430,-0.319946,0.965210
-0.510864,-0.041870,0.748657
0.204590,-0.023438,0.999390
0.051514,-0.473267,0.759644
-0.392822,0.133301,0.810669
0.449463,-0.252441,0.986694
-0.459595,-0.046265,0.760132
0.115234,0.058594,1.011597
0.116821,-0.484619,0.793457
-0.505737,0.111084,0.784790
0.461548,-0.248657,0.999268
-0.362183,-0.142212,0.758179
0.012817,0.192383,1.026978
0.193115,-0.407349,0.835815
-0.547852,0.073730,0.750000
0.463867,-0.271362,1.013062
-0.261475,-0.223755,0.786011
-0.071167,0.196777,0.994751
0.265259,-0.368164,0.874756
-0.580811,0.070801,0.738525
0.437256,-0.248291,1.019409
-0.147705,-0.334473,0.790649
-0.142456,0.186279,0.963623
0.323730,-0.336914,0.911987
-0.574097,0.088989,0.753174
0.380493,-0.191650,1.001953
-0.086792,-0.378784,0.790161
-0.187134,0.121216,0.939331
0.361206,-0.351074,0.925903
-0.558838,0.057739,0.760864
0.348145,-0.109741,1.008301
-0.021606,-0.382812,0.783081
-0.281982,0.150635,0.886597
0.406372,-0.389404,0.942993
-0.524414,-0.033691,0.747437
0.290527,-0.050903,1.012695
0.016357,-0.405151,0.766602
-0.341431,0.142700,0.847900
0.453125,-0.391846,0.956421
-0.505859,-0.089111,0.736694
0.245728,-0.022461,1.013306
0.041870,-0.428711,0.764282
-0.395264,0.162720,0.838257
0.456055,-0.345215,0.976562
-0.463867,-0.150024,0.747559
0.171509,-0.000610,1.010254
0.083740,-0.433716,0.787109
-0.426147,0.132324,0.810303
0.473755,-0.322998,0.989258
-0.448364,-0.142944,0.738892
0.098022,0.057861,1.008667
0.132324,-0.458984,0.808472
-0.442261,0.098511,0.800171
0.468994,-0.292603,0.986572
-0.412109,-0.143066,0.752197
0.057251,0.096436,1.018555
0.192627,-0.476074,0.826172
-0.482788,0.068726,0.772583
0.472534,-0.281738,1.001465
-0.360596,-0.177734,0.756348
-0.005249,0.147339,1.021362
0.255615,-0.475708,0.871216
-0.517090,0.045532,0.743896
0.459839,-0.246948,1.017578
-0.274414,-0.208740,0.781128
-0.077637,0.212891,1.018677
0.283569,-0.454102,0.878540
-0.511719,0.012329,0.764648
0.446411,-0.234619,1.024414
-0.223633,-0.244385,0.795288
-0.120850,0.199341,1.005371
0.320801,-0.436890,0.916138
-0.531494,-0.002808,0.754883
0.430176,-0.209961,1.043823
-0.140991,-0.326782,0.790039
-0.174927,0.220703,0.985718
0.362915,-0.416016,0.923462
-0.526978,-0.000977,0.763428
0.398560,-0.172607,1.041138
-0.059692,-0.376221,0.789429
-0.209961,0.209106,0.961914
0.391357,-0.394165,0.945557
-0.511841,-0.039307,0.755981
0.357422,-0.156250,1.027100
0.001953,-0.416748,0.810913
-0.255737,0.156250,0.924805
0.421509,-0.356445,0.968872
-0.499512,-0.057495,0.747925
0.286255,-0.082275,1.029541
0.057983,-0.478271,0.797852
-0.298462,0.135010,0.903442
0.443848,-0.342529,0.981323
-0.489014,-0.079956,0.744385
0.224243,-0.043579,1.011475
0.102905,-0.477051,0.818237
-0.367798,0.114868,0.876587
0.480835,-0.313965,1.004761
-0.441406,-0.109985,0.745239
0.134888,0.051636,1.021973
0.166748,-0.482422,0.840210
-0.417114,0.086426,0.845947
0.489624,-0.281372,1.036987
-0.382568,-0.179688,0.742432
0.054321,0.150635,1.042603
0.229004,-0.446411,0.850708
-0.462769,0.046509,0.796509
0.505249,-0.314697,1.051147
-0.297607,-0.264038,0.780396
-0.026855,0.172852,1.040771
0.278809,-0.457520,0.883545
-0.511353,0.029053,0.780640
0.494263,-0.260742,1.068726
-0.196777,-0.270996,0.829224
-0.092407,0.213623,1.027832
0.309814,-0.397949,0.908813
-0.504395,0.019165,0.775269
0.472168,-0.234009,1.077271
-0.145752,-0.283203,0.833984
-0.134399,0.198853,1.013428
0.355225,-0.427124,0.921631
-0.514038,0.023438,0.780151
0.446533,-0.204346,1.057739
-0.072754,-0.330688,0.831787
-0.163940,0.214233,1.008667
0.388916,-0.397095,0.953613
-0.509644,0.001831,0.767700
0.401978,-0.173584,1.043945
-0.007324,-0.363403,0.859375
-0.193237,0.176025,1.006104
0.408203,-0.371948,0.979248
-0.506470,-0.032837,0.763672
0.382202,-0.154663,1.055786
0.032227,-0.418823,0.841553
-0.209106,0.171265,0.975830
0.433105,-0.325684,1.012817
-0.495972,-0.073608,0.750244
0.358032,-0.127075,1.060547
0.070557,-0.445557,0.837646
-0.267822,0.176636,0.957886
0.470215,-0.328247,1.019653
-0.466187,-0.100098,0.756836
0.302002,-0.081299,1.049438
0.090088,-0.438354,0.846680
-0.290894,0.145142,0.946899
0.485107,-0.311768,1.036621
-0.442627,-0.123169,0.761963
0.254639,-0.028198,1.063110
0.118408,-0.433716,0.855713
-0.326538,0.137573,0.924683
0.504395,-0.301636,1.057495
-0.420776,-0.145386,0.762695
0.192139,0.032959,1.069824
0.170776,-0.450073,0.868286
-0.362671,0.115234,0.902344
0.526733,-0.284912,1.065918
-0.373169,-0.181641,0.781250
0.124756,0.046265,1.046387
0.229614,-0.450195,0.894043
-0.406982,0.062866,0.831909
0.534302,-0.251831,1.079102
-0.288574,-0.204956,0.810913
0.050293,0.123657,1.061157
0.297607,-0.456665,0.914795
-0.449829,0.018677,0.802856
0.513306,-0.229736,1.097412
-0.201050,-0.249390,0.835571
-0.055542,0.196777,1.048950
0.366455,-0.425781,0.954956
-0.471313,-0.012451,0.802979
0.487061,-0.188477,1.120605
-0.088135,-0.305176,0.861084
-0.131104,0.220947,1.042236
0.408936,-0.376465,0.989868
-0.472778,-0.029419,0.792725
0.422119,-0.143066,1.103638
0.048462,-0.432983,0.863281
-0.186035,0.167847,1.000488
0.456421,-0.306274,1.033569
-0.459839,-0.045776,0.781128
0.348145,-0.048340,1.113647
0.102417,-0.398193,0.901978
-0.257690,0.159912,1.010742
0.489624,-0.293091,1.084473
-0.416382,-0.137207,0.792969
0.276001,0.002441,1.105591
0.141602,-0.422729,0.886475
-0.324219,0.145386,0.970215
0.546997,-0.298706,1.114502
-0.375122,-0.155518,0.796021
0.180054,0.100220,1.088867
0.209473,-0.429199,0.915894
-0.371582,0.080688,0.914917
0.574585,-0.325317,1.120850
-0.336182,-0.200684,0.806641
0.112549,0.153687,1.081055
0.268921,-0.412476,0.929199
-0.389648,0.053711,0.864380
0.542236,-0.275024,1.115234
-0.286255,-0.258545,0.820435
0.099976,0.112061,1.088501
0.321167,-0.420044,0.956909
-0.434937,0.095947,0.841187
0.532471,-0.190186,1.122192
-0.208862,-0.252563,0.846191
0.025635,0.135132,1.079834
0.357422,-0.439819,0.976685
-0.453247,0.082886,0.835815
0.527466,-0.163818,1.127319
-0.149536,-0.244263,0.877686
-0.041626,0.189087,1.078125
0.396973,-0.404297,1.004883
-0.443848,0.011841,0.846924
0.490845,-0.125366,1.134521
-0.065552,-0.280273,0.873901
-0.098145,0.203003,1.070679
0.454834,-0.383301,1.043091
-0.457153,-0.038696,0.808716
0.459106,-0.085327,1.145508
0.032959,-0.341553,0.895874
-0.179932,0.237305,1.064819
0.497803,-0.358276,1.068726
-0.451050,-0.097046,0.799927
0.415039,-0.114014,1.138184
0.072510,-0.350464,0.921875
-0.213257,0.214600,1.034668
0.514038,-0.276367,1.098267
-0.431396,-0.099854,0.796387
0.345093,-0.064209,1.131470
0.127563,-0.396606,0.929199
-0.284180,0.198730,1.005859
0.537598,-0.249146,1.122192
-0.386108,-0.151855,0.811523
0.272217,-0.007202,1.127319
0.201660,-0.422241,0.937866
-0.333496,0.146118,0.943359
0.551758,-0.231445,1.124512
-0.312012,-0.196899,0.828979
0.177246,0.069580,1.103760
0.268555,-0.450317,0.947754
-0.376831,0.092041,0.894043
0.570312,-0.204590,1.154053
-0.258545,-0.215332,0.830078
0.069580,0.154907,1.098511
0.346802,-0.435791,0.983765
-0.418701,0.045654,0.864380
0.557129,-0.188232,1.176758
-0.175171,-0.256958,0.857666
-0.018311,0.222900,1.096313
0.394653,-0.390991,1.000488
-0.436157,0.032471,0.862305
0.533569,-0.166748,1.169189
-0.052002,-0.315186,0.896484
-0.076782,0.200195,1.089478
0.418579,-0.350952,1.032593
-0.463501,0.002441,0.835327
0.501465,-0.133545,1.177246
0.029907,-0.358765,0.895996
-0.138916,0.239990,1.096558
0.477539,-0.341187,1.068115
-0.461792,-0.052734,0.809204
0.440063,-0.096924,1.161133
0.049316,-0.357056,0.910278
-0.198120,0.232544,1.069702
0.521606,-0.281006,1.102539
-0.434448,-0.074219,0.812256
0.353882,-0.034790,1.154541
0.107056,-0.427612,0.903198
-0.255127,0.153076,1.014893
0.556519,-0.260010,1.140381
-0.393311,-0.120605,0.812256
0.271362,0.045898,1.141113
0.198975,-0.412720,0.941772
-0.320312,0.116089,0.945679
0.560059,-0.244751,1.142700
-0.317383,-0.196899,0.828613
0.188843,0.095825,1.116577
0.264404,-0.420898,0.950806
-0.385010,0.086792,0.895874
0.562134,-0.220093,1.138428
-0.215332,-0.234253,0.866455
0.077393,0.182739,1.108887
0.334351,-0.413574,0.964111
-0.420776,0.066895,0.876709
0.543335,-0.188721,1.161743
-0.173096,-0.297729,0.853516
0.021118,0.173584,1.109009
0.365479,-0.367432,1.003418
-0.454590,0.036011,0.854858
0.540039,-0.177002,1.182495
-0.059448,-0.332642,0.886719
-0.062622,0.182129,1.088379
0.399536,-0.345337,1.010986
-0.457031,-0.000732,0.844482
0.512817,-0.169922,1.173706
-0.024048,-0.383545,0.888550
-0.118530,0.176514,1.068481
0.435059,-0.315063,1.047241
-0.446289,-0.013306,0.819824
0.466431,-0.083618,1.181885
0.006592,-0.357422,0.892700
-0.179932,0.185547,1.055176
0.486816,-0.311035,1.093506
-0.448486,-0.059326,0.817627
0.404419,-0.020874,1.177856
0.041260,-0.331787,0.889160
-0.235962,0.214600,1.048828
0.541016,-0.305542,1.117432
-0.433594,-0.115234,0.804199
0.342163,-0.017090,1.156250
0.101318,-0.369507,0.913696
-0.297241,0.159912,0.972412
0.546265,-0.266479,1.125244
-0.372314,-0.160278,0.800781
0.265991,0.030029,1.145508
0.175049,-0.402100,0.922485
-0.339111,0.134399,0.932129
0.561646,-0.253052,1.124390
-0.347900,-0.189331,0.817017
0.175781,0.052002,1.107056
0.241333,-0.409668,0.950439
-0.388794,0.150879,0.915283
0.560059,-0.232300,1.126709
-0.292480,-0.232178,0.833618
0.085693,0.122314,1.090820
0.285889,-0.413330,0.951050
-0.408203,0.071655,0.895752
-0.227417,-0.243774,0.852417
0.325073,-0.393433,0.967529
-0.109009,-0.285278,0.859985
-0.044189,0.181274,1.073120
0.358887,-0.340088,0.982300
-0.478516,-0.027832,0.808105
0.485229,-0.161743,1.168335
-0.056396,-0.389893,0.841064
-0.089966,0.207397,1.096680
0.385864,-0.305542,0.991699
-0.521973,0.045166,0.813721
0.476685,-0.179077,1.154663
-0.010620,-0.447021,0.858154
-0.181030,0.181885,1.054565
0.435059,-0.271118,1.060425
-0.506836,0.032837,0.788696
0.403198,-0.078857,1.139526
0.017456,-0.369873,0.881226
-0.226807,0.146118,1.031494
0.466797,-0.276855,1.082397
-0.475952,-0.056274,0.775757
0.343628,-0.013550,1.143555
0.039673,-0.388916,0.873413
-0.294678,0.144653,0.998413
0.516113,-0.303101,1.092651
-0.437256,-0.105957,0.771118
0.274292,0.071045,1.143188
0.069824,-0.381226,0.878784
-0.341187,0.126709,0.960938
0.529297,-0.309204,1.097412
-0.401733,-0.166138,0.789185
0.233643,0.087036,1.129761
0.098389,-0.372559,0.878662
-0.360107,0.136841,0.934937
0.527100,-0.288452,1.099609
-0.407349,-0.175659,0.781250
0.205200,0.018188,1.104980
0.146240,-0.397705,0.898438
-0.392090,0.160645,0.911743
0.520630,-0.271729,1.091431
-0.397705,-0.166870,0.785156
0.171875,0.018433,1.091797
0.154907,-0.400024,0.901123
-0.418335,0.136963,0.891846
0.515625,-0.240234,1.098755
-0.369995,-0.165527,0.795410
0.135620,0.058472,1.089355
0.192871,-0.432861,0.903931
-0.447388,0.118530,0.874390
0.525391,-0.240723,1.088013
-0.359253,-0.202271,0.768677
0.082031,0.077271,1.067627
0.245728,-0.423828,0.925049
-0.486572,0.112915,0.860596
0.509521,-0.221680,1.098633
-0.324707,-0.208374,0.784668
0.026123,0.103027,1.058472
0.281616,-0.418091,0.928223
-0.484985,0.059326,0.828247
0.504883,-0.196655,1.110474
-0.229248,-0.277954,0.795654
-0.049194,0.161987,1.036621
0.288208,-0.389893,0.923096
-0.495850,0.004761,0.798340
0.513672,-0.228882,1.113159
-0.176392,-0.313599,0.791504
0.378662,-0.353760,0.970459
-0.537720,-0.006714,0.769409
0.409546,-0.123657,1.107056
-0.123047,-0.336548,0.792847
-0.238892,0.178467,0.998169
0.416260,-0.358154,1.002075
-0.537964,-0.036011,0.753784
0.360474,-0.072998,1.116943
-0.077515,-0.355469,0.798950
-0.311523,0.195190,0.958496
0.447021,-0.338135,1.021973
-0.523682,-0.050537,0.750244
0.298584,-0.044922,1.096069
-0.029419,-0.364746,0.812500
-0.356567,0.173218,0.918579
0.463745,-0.323486,1.023193
-0.483398,-0.090576,0.750854
0.221191,0.001831,1.077026
0.043823,-0.380005,0.830200
-0.432373,0.159302,0.882690
0.471802,-0.306396,1.036499
-0.440674,-0.159180,0.739868
0.131592,0.090698,1.066650
0.117798,-0.392944,0.850342
-0.484985,0.117676,0.860718
0.470947,-0.296753,1.036621
-0.385010,-0.233765,0.757080
0.057495,0.112793,1.041016
0.159424,-0.383545,0.855957
-0.506714,0.105591,0.821899
0.481201,-0.279907,1.047852
-0.312500,-0.244629,0.775146
-0.021973,0.102051,1.017456
0.218872,-0.408936,0.867554
-0.531128,0.043945,0.777954
0.469849,-0.183472,1.078857
-0.251587,-0.280029,0.751587
-0.093262,0.150391,1.016968
0.287231,-0.415405,0.904663
-0.571289,0.048462,0.765991
0.439575,-0.194458,1.055054
-0.196045,-0.324463,0.738892
-0.193481,0.181519,0.988892
0.333740,-0.388672,0.916016
-0.572021,0.000854,0.754517
0.401978,-0.197876,1.051514
-0.162598,-0.343018,0.742554
-0.258301,0.167603,0.950562
0.369507,-0.334961,0.952148
-0.583374,0.003052,0.735107
0.334839,-0.136475,1.053223
-0.099121,-0.365967,0.782227
-0.311401,0.181763,0.932251
0.385742,-0.323608,0.968994
-0.574707,-0.017090,0.725830
0.265747,-0.088501,1.036011
-0.056763,-0.375488,0.789062
-0.369019,0.150513,0.911255
0.421875,-0.330811,0.992065
-0.534546,-0.036255,0.724487
0.170898,0.049194,1.039062
0.007202,-0.348145,0.831543
-0.429565,0.144775,0.887695
0.422363,-0.309692,1.001343
-0.517334,-0.092651,0.736572
0.125854,0.071777,1.030518
0.032471,-0.371216,0.810303
-0.482910,0.151489,0.854126
0.447632,-0.317383,0.999146
-0.474365,-0.129883,0.743164
0.062744,0.107666,1.009521
0.085938,-0.403198,0.826660
-0.510010,0.120605,0.833374
0.438232,-0.259155,1.012085
-0.442505,-0.159546,0.712158
0.025146,0.144897,1.020508
0.136963,-0.419189,0.824463
-0.544312,0.129761,0.828369
0.447998,-0.260620,1.012817
-0.369019,-0.179810,0.734741
-0.004761,0.179688,1.030762
0.155518,-0.391724,0.830078
-0.571899,0.102539,0.799927
0.452759,-0.292725,1.008667
-0.321167,-0.274048,0.726807
-0.031860,0.167358,1.010498
0.174561,-0.363525,0.833008
-0.607666,0.096558,0.757568
0.444580,-0.298950,1.012451
-0.274170,-0.370850,0.704956
-0.074219,0.152954,0.974731
0.203369,-0.360718,0.833374
-0.615601,0.113525,0.734741
0.445679,-0.311523,1.004272
-0.222900,-0.338867,0.747803
-0.116699,0.109863,0.946777
0.233765,-0.350464,0.855957
-0.624756,0.151367,0.731812
0.418335,-0.263428,0.994751
-0.197998,-0.383911,0.732910
-0.152710,0.108154,0.947998
0.255005,-0.336182,0.884521
-0.615845,0.117798,0.734985
0.373657,-0.213257,0.985107
-0.190063,-0.366699,0.730957
-0.188477,0.124146,0.962646
0.311523,-0.359131,0.896484
-0.639282,0.147705,0.731567
0.345093,-0.152344,0.990723
-0.151001,-0.351440,0.740356
-0.222534,0.119385,0.944702
0.310181,-0.340088,0.920532
-0.627441,0.090332,0.721802
0.341919,-0.130737,0.995728
-0.125610,-0.359619,0.745850
-0.295166,0.168213,0.919067
0.359375,-0.371582,0.916748
-0.608032,0.077026,0.745117
0.300781,-0.118286,0.984375
-0.106934,-0.343628,0.752441
-0.336792,0.139893,0.874146
0.357056,-0.300903,0.940430
-0.573120,-0.016113,0.707764
0.272461,-0.047485,1.025757
-0.086426,-0.397339,0.744995
-0.395874,0.188110,0.880371
0.383789,-0.308472,0.952271
-0.570679,-0.023071,0.705444
0.200195,-0.032959,0.999634
-0.028687,-0.397705,0.778198
-0.448242,0.195679,0.876709
0.397705,-0.271240,0.966431
-0.549316,-0.049194,0.699585
0.140137,0.017944,0.991577
0.049927,-0.416016,0.801636
-0.510742,0.194458,0.841309
0.412354,-0.242920,0.980103
-0.474609,-0.071533,0.726440
0.074463,0.105835,1.005493
0.098389,-0.395386,0.816040
-0.557495,0.158813,0.812500
0.442383,-0.255127,1.005859
-0.394897,-0.183472,0.713379
0.006592,0.197021,1.019531
0.153198,-0.395752,0.818726
-0.599243,0.150391,0.797974
0.451294,-0.260498,1.011597
-0.313354,-0.251953,0.721924
-0.059326,0.211670,0.994141
0.205811,-0.369507,0.838379
-0.623291,0.137085,0.750610
0.446289,-0.280640,1.001221
-0.258789,-0.327515,0.701782
-0.117432,0.202515,0.980225
0.263428,-0.371948,0.866821
-0.623901,0.144287,0.765259
0.405884,-0.202026,1.001099
-0.185181,-0.366699,0.717285
-0.180420,0.178589,0.935181
0.297852,-0.355469,0.879517
-0.615723,0.101562,0.746338
0.399048,-0.185059,1.014160
-0.141479,-0.372925,0.732300
-0.233643,0.181030,0.910645
0.335938,-0.329834,0.911987
-0.614258,0.122559,0.749878
0.337036,-0.139282,0.998047
-0.075806,-0.395142,0.744263
-0.299927,0.189087,0.891113
0.346680,-0.307251,0.907959
-0.598755,0.075073,0.703613
0.287598,-0.091187,0.973145
-0.054199,-0.398315,0.744141
-0.347778,0.178589,0.873291
0.382935,-0.286987,0.934814
-0.583862,0.014771,0.703491
0.217407,-0.022339,0.984497
-0.031128,-0.397217,0.758667
-0.404541,0.192383,0.868164
0.413330,-0.287964,0.946777
-0.546509,0.016235,0.726440
0.156860,0.048706,0.996338
0.018188,-0.402954,0.776123
-0.460083,0.194580,0.851196
0.435181,-0.269165,0.969238
-0.494019,-0.047607,0.736938
0.109741,0.105957,1.016235
0.057129,-0.380737,0.795776
-0.518433,0.198975,0.835693
0.439331,-0.264526,0.986206
-0.432983,-0.100708,0.750000
0.063721,0.164062,1.022339
0.109863,-0.364014,0.819458
-0.554199,0.183594,0.808105
0.442139,-0.259277,0.986938
-0.364014,-0.166138,0.748047
0.018677,0.182983,1.016602
0.173462,-0.383301,0.827881
-0.580811,0.174927,0.784546
0.444580,-0.221436,1.005859
-0.302368,-0.229492,0.749146
-0.037476,0.160034,0.990967
0.224976,-0.377319,0.864014
-0.598633,0.182739,0.768433
0.445435,-0.185181,1.007202
-0.234009,-0.250610,0.761108
-0.106201,0.174072,0.973022
0.267944,-0.380371,0.874512
-0.595581,0.138428,0.763550
0.415771,-0.147095,1.015991
-0.175659,-0.300659,0.752686
-0.168213,0.211182,0.957642
0.323975,-0.375732,0.900391
-0.605957,0.107666,0.741089
0.387207,-0.124878,1.014771
-0.124268,-0.344482,0.735962
-0.239624,0.214355,0.917236
0.368408,-0.371338,0.912354
-0.572266,0.070190,0.746704
0.339600,-0.067383,1.010376
-0.078491,-0.379395,0.729126
-0.286621,0.213501,0.895630
0.391724,-0.341919,0.923218
-0.554443,0.013306,0.738525
0.291016,-0.051392,0.998779
-0.045288,-0.391846,0.733032
-0.352295,0.214233,0.865845
0.430542,-0.340576,0.946289
-0.549805,-0.046387,0.725952
0.217651,-0.034302,0.982422
0.013428,-0.384521,0.782593
-0.428955,0.188354,0.823730
0.445435,-0.275269,0.975220
-0.471069,-0.085205,0.754761
0.117920,0.052002,1.002563
0.067261,-0.434692,0.782593
-0.487793,0.150269,0.813477
0.447754,-0.232666,0.992188
-0.417114,-0.116089,0.751831
0.046143,0.150269,1.021484
0.165894,-0.427734,0.824097
-0.552979,0.139160,0.786133
0.447632,-0.222534,1.007935
-0.307739,-0.177124,0.750977
-0.047852,0.217163,1.009033
0.239258,-0.404297,0.855957
-0.591431,0.122925,0.759155
0.453857,-0.195923,1.035889
-0.211792,-0.264648,0.770508
-0.142334,0.216919,0.973145
0.288208,-0.379761,0.873413
-0.586060,0.101562,0.761841
0.423218,-0.185303,1.017212
-0.106812,-0.319092,0.779419
-0.203247,0.221069,0.934204
0.326416,-0.329468,0.910645
-0.595215,0.067017,0.737061
0.380859,-0.163940,1.014404
-0.060303,-0.392822,0.759766
-0.230469,0.212402,0.913940
0.367432,-0.314575,0.911621
-0.578735,0.052612,0.737549
0.326538,-0.156494,0.977295
0.002441,-0.408691,0.781738
-0.416382,0.175293,0.854980
0.414917,-0.253418,0.952515
-0.512939,-0.019775,0.716431
0.118164,0.104370,0.991821
0.074585,-0.377808,0.803589
-0.469604,0.156128,0.831421
0.431885,-0.248169,0.980957
-0.484985,-0.036621,0.727539
0.088501,0.127319,1.015991
0.115845,-0.401978,0.804688
-0.534058,0.167725,0.813354
0.452393,-0.231812,1.003052
-0.378540,-0.134766,0.763916
0.006226,0.168579,1.002197
0.171997,-0.412109,0.821899
-0.578247,0.162720,0.777832
0.459717,-0.214844,1.018799
-0.273193,-0.215210,0.763794
-0.064819,0.221680,0.983154
0.216064,-0.348267,0.849976
-0.590576,0.098389,0.749146
0.459961,-0.235107,1.026611
-0.222168,-0.271973,0.756714
-0.122559,0.220703,0.962280
0.282471,-0.353882,0.865479
-0.614990,0.099121,0.737793
0.425415,-0.183472,1.039917
-0.124634,-0.347900,0.763062
-0.177368,0.185059,0.924438
0.313599,-0.319702,0.894531
-0.601807,0.105713,0.752197
0.386963,-0.158203,1.002930
-0.061523,-0.383057,0.759766
-0.237183,0.198975,0.902954
0.342651,-0.283203,0.918335
-0.580322,0.075806,0.742676
0.339233,-0.124756,1.002930
-0.029175,-0.448486,0.755249
-0.304443,0.162476,0.878906
0.389038,-0.296143,0.944580
-0.591797,0.042969,0.710083
0.261597,-0.046875,0.979126
0.022705,-0.435303,0.765503
-0.332275,0.137207,0.852905
0.392334,-0.257812,0.952881
-0.536377,-0.001709,0.729370
0.205322,-0.009155,0.996582
0.046509,-0.431519,0.770142
-0.400879,0.165405,0.832031
0.426636,-0.246826,0.960938
-0.491943,-0.024902,0.749146
0.136353,0.053101,0.995239
0.082520,-0.420898,0.793213
-0.448364,0.129150,0.808960
0.456909,-0.237793,0.990845
-0.450195,-0.054199,0.744141
0.056763,0.177124,1.010620
0.129761,-0.397583,0.812378
-0.496582,0.080811,0.787842
0.464966,-0.254517,1.003052
-0.395752,-0.119507,0.744019
0.000244,0.222046,1.013428
0.199097,-0.392334,0.846069
-0.547363,0.099731,0.768433
0.443604,-0.237061,1.006226
-0.298828,-0.207031,0.761841
-0.045044,0.211182,1.010498
0.249634,-0.382812,0.862549
-0.600220,0.086914,0.733643
0.458130,-0.236694,1.028687
-0.200562,-0.264526,0.771118
-0.114502,0.226074,0.968872
0.282471,-0.347656,0.885864
-0.592896,0.075317,0.742798
0.418579,-0.218384,1.016846
-0.106079,-0.339966,0.798218
-0.161621,0.198608,0.948120
0.302979,-0.302612,0.910645
-0.593384,0.078125,0.739990
0.403687,-0.194824,1.016235
-0.047974,-0.393066,0.785400
-0.214233,0.183105,0.925415
0.350098,-0.299927,0.921021
-0.580688,0.062866,0.740479
0.337158,-0.135986,0.999756
0.014648,-0.400513,0.796631
-0.272339,0.166260,0.882935
0.372437,-0.294312,0.932251
-0.553833,0.011597,0.714111
0.276123,-0.077271,0.981201
0.043701,-0.435913,0.785889
-0.319580,0.133911,0.857178
0.405396,-0.298584,0.941162
-0.521240,-0.030518,0.723022
0.201294,-0.019287,0.992676
0.074463,-0.462646,0.774170
-0.380249,0.130127,0.840820
0.437622,-0.301514,0.948730
-0.491333,-0.056885,0.738037
0.142090,0.034302,0.999023
0.119873,-0.456177,0.790039
-0.445312,0.115845,0.803711
0.442749,-0.278564,0.971191
-0.423462,-0.111816,0.746094
0.069580,0.107300,1.016235
0.165649,-0.433960,0.818237
-0.504639,0.091675,0.776733
0.468018,-0.285767,0.995728
-0.366821,-0.170410,0.749268
-0.015503,0.147949,0.995361
0.243530,-0.468628,0.848389
-0.536621,0.078735,0.748901
0.449829,-0.225464,1.018677
-0.247314,-0.234009,0.778320
-0.097778,0.178223,0.988892
0.281006,-0.426025,0.876587
-0.554688,0.039429,0.739258
0.435303,-0.212280,1.025879
-0.150635,-0.295166,0.790405
-0.149414,0.211182,0.976318
0.333618,-0.373901,0.912476
-0.556519,0.039429,0.754395
0.385010,-0.182007,1.017944
-0.075317,-0.364014,0.791138
-0.174683,0.172974,0.967285
0.362183,-0.341309,0.933594
-0.549561,0.043945,0.755737
0.357422,-0.155151,0.994507
0.011963,-0.407715,0.815063
-0.263916,0.163452,0.910156
0.387939,-0.331177,0.938110
-0.509888,-0.053467,0.749023
0.285400,-0.083252,1.002075
0.049316,-0.450439,0.784180
-0.307861,0.144531,0.886719
0.420044,-0.317261,0.962158
-0.498779,-0.062012,0.743286
0.221313,-0.051758,1.001709
0.078491,-0.482056,0.782349
-0.360352,0.115112,0.857178
0.458862,-0.305786,0.990601
-0.471802,-0.074219,0.749634
0.133057,0.051392,1.010376
0.114746,-0.434326,0.823853
-0.411255,0.051514,0.813721
0.468872,-0.275269,1.030273
-0.421021,-0.156982,0.735840
0.063354,0.124023,1.031860
0.181030,-0.438721,0.831543
-0.467041,0.032593,0.784302
0.509399,-0.282593,1.056641
-0.346924,-0.189941,0.758423
-0.018555,0.185791,1.022949
0.255493,-0.429688,0.870483
-0.502075,0.011841,0.759888
0.481689,-0.299683,1.033081
-0.242188,-0.267334,0.791382
-0.084106,0.219971,1.021973
0.292114,-0.394165,0.899536
-0.530640,0.036133,0.762085
0.448364,-0.269775,1.038574
-0.140747,-0.350098,0.810669
-0.124146,0.186401,1.003052
0.306519,-0.380981,0.908813
-0.543823,0.046631,0.756592
0.430420,-0.203735,1.056641
-0.073120,-0.353394,0.826172
-0.166138,0.182007,0.992310
0.362549,-0.393311,0.936523
-0.519287,0.000366,0.753906
0.388184,-0.186157,1.043579
-0.027954,-0.425415,0.810791
-0.219727,0.158081,0.953003
0.425049,-0.368164,0.962402
-0.507812,-0.030518,0.758423
0.346069,-0.098511,1.056763
0.033813,-0.450562,0.807617
-0.256714,0.155518,0.934814
0.438965,-0.356201,0.984619
-0.483276,-0.066895,0.769653
0.302734,-0.091309,1.045532
0.070190,-0.476196,0.823242
-0.295532,0.125732,0.912720
0.463135,-0.329590,1.016235
-0.468506,-0.086182,0.765381
0.258911,-0.033569,1.053833
0.097290,-0.477173,0.816650
-0.328613,0.114868,0.891479
0.472046,-0.289062,1.025513
-0.444702,-0.128052,0.759521
0.217407,-0.011230,1.049927
0.122437,-0.477661,0.826782
-0.374756,0.122314,0.885132
0.512573,-0.308594,1.046631
-0.417358,-0.132690,0.769531
0.139648,0.030762,1.037842
0.209106,-0.483643,0.864258
-0.406372,0.073730,0.842163
0.499512,-0.242432,1.064697
-0.357056,-0.175781,0.769653
0.069458,0.091675,1.038452
0.267212,-0.492554,0.886475
-0.445679,0.006470,0.799683
0.501709,-0.252197,1.076904
-0.284546,-0.236938,0.796021
-0.010376,0.151245,1.031250
0.325073,-0.480103,0.916138
-0.479126,0.002319,0.785522
0.490601,-0.214355,1.096313
-0.204590,-0.263794,0.816528
-0.070068,0.211426,1.037109
0.377563,-0.418213,0.960205
-0.502075,-0.009399,0.787231
0.455200,-0.212891,1.091675
-0.104126,-0.326172,0.842041
-0.110962,0.196899,1.039062
0.395020,-0.372925,0.984497
-0.499268,-0.009644,0.796509
0.443970,-0.192627,1.085571
-0.027954,-0.390991,0.842773
-0.163086,0.189941,1.012573
0.440796,-0.344116,1.013672
-0.482544,-0.028198,0.797852
0.387573,-0.131714,1.088135
0.045166,-0.427612,0.847534
-0.206055,0.168457,0.997192
0.473389,-0.315308,1.041138
-0.460083,-0.057739,0.780640
0.340454,-0.097290,1.082397
0.095215,-0.452393,0.859619
-0.280884,0.166626,0.971191
0.493164,-0.276855,1.072998
-0.415283,-0.118042,0.781738
0.286499,-0.021484,1.095215
0.119995,-0.434204,0.869385
-0.342285,0.159790,0.945068
0.545654,-0.302979,1.092163
-0.364014,-0.150879,0.801758
0.203857,0.062622,1.097656
0.197388,-0.413818,0.909180
-0.396484,0.117310,0.877319
0.560547,-0.285522,1.104980
-0.312378,-0.202637,0.814087
0.102417,0.117188,1.080688
0.289551,-0.468506,0.926636
-0.420532,0.056519,0.836304
0.524780,-0.231934,1.094727
-0.225464,-0.208008,0.847412
0.026367,0.173340,1.086548
0.347656,-0.454712,0.945068
-0.441650,0.005005,0.831665
0.502808,-0.177612,1.122681
-0.163452,-0.245850,0.859619
-0.038086,0.195068,1.069580
0.400269,-0.395386,0.998535
-0.466553,-0.009277,0.817993
0.489258,-0.140381,1.145996
-0.008545,-0.335327,0.869873
-0.130615,0.266846,1.077148
0.453125,-0.360474,1.021118
-0.467041,-0.010254,0.835938
0.426147,-0.127686,1.120605
0.051270,-0.387329,0.885254
-0.178955,0.170898,1.020996
0.480591,-0.290649,1.069946
-0.436401,-0.062988,0.818237
0.388306,-0.088257,1.125488
0.080933,-0.405762,0.891235
-0.257812,0.194580,1.013062
0.522461,-0.270508,1.105103
-0.396729,-0.108643,0.812622
0.292358,0.016235,1.118530
0.162720,-0.426270,0.924194
-0.310303,0.130493,0.961304
0.550781,-0.240723,1.138062
-0.349731,-0.163696,0.817871
0.223267,0.048218,1.109863
0.223511,-0.434692,0.932129
-0.348145,0.087769,0.904907
0.549194,-0.232544,1.134277
-0.302490,-0.194702,0.832886
0.133911,0.104614,1.108521
0.305542,-0.453979,0.964966
-0.391968,0.078125,0.890137
0.549927,-0.188354,1.156738
-0.250000,-0.214355,0.836792
0.051636,0.166138,1.097656
0.370361,-0.442993,0.988770
-0.411133,0.065308,0.878418
0.541504,-0.151489,1.160645
-0.176270,-0.224854,0.873169
-0.018921,0.164429,1.075928
0.407715,-0.397095,1.024170
-0.436035,-0.001831,0.842407
0.515259,-0.118896,1.179077
-0.033569,-0.293945,0.897095
-0.104492,0.223511,1.078735
0.443115,-0.343140,1.029663
-0.431763,-0.046631,0.828247
0.462402,-0.084717,1.174072
0.033569,-0.354004,0.898926
-0.165161,0.213623,1.059570
0.481079,-0.293701,1.074097
-0.437988,-0.057251,0.822388
0.405396,-0.081543,1.158569
0.077271,-0.403687,0.914917
-0.245850,0.202148,1.026245
0.534058,-0.265503,1.119507
-0.397827,-0.101318,0.814697
0.310669,0.011475,1.141968
0.161987,-0.398438,0.930664
-0.306152,0.142090,0.960205
0.558105,-0.235229,1.153809
-0.328491,-0.205322,0.824951
0.203125,0.071655,1.118896
0.244263,-0.424438,0.950073
-0.377808,0.107788,0.910645
0.575439,-0.229004,1.149414
-0.266846,-0.228882,0.845215
0.100952,0.156372,1.113159
0.311768,-0.423706,0.967896
-0.424072,0.088257,0.894775
0.558838,-0.222412,1.157593
-0.191650,-0.276123,0.868408
0.013916,0.186279,1.096191
0.356323,-0.376831,0.984131
-0.428223,0.021973,0.865356
0.544067,-0.175293,1.175537
-0.080444,-0.300659,0.873779
-0.068726,0.212158,1.087036
0.392090,-0.359497,1.003296
-0.418091,-0.015991,0.854492
0.522705,-0.160034,1.173096
-0.031372,-0.349121,0.884766
-0.122559,0.182861,1.056763
0.438721,-0.344849,1.026855
-0.454712,-0.017090,0.819458
0.462036,-0.095947,1.175415
0.013550,-0.363525,0.892822
-0.175415,0.209229,1.075439
0.471802,-0.300537,1.074463
-0.482056,-0.019409,0.810669
0.412842,-0.066650,1.174805
0.065674,-0.368408,0.919800
-0.253540,0.218628,1.043823
0.499268,-0.266602,1.102051
-0.423950,-0.092041,0.801758
0.323730,-0.019653,1.150757
0.122070,-0.391113,0.922852
-0.305298,0.158936,0.972168
0.540894,-0.246460,1.121338
-0.381104,-0.142822,0.793823
0.226196,0.044922,1.134766
0.212769,-0.433594,0.928955
-0.368896,0.126709,0.929810
0.555420,-0.240845,1.121948
-0.321533,-0.182739,0.818481
0.118164,0.117310,1.100464
0.283447,-0.414795,0.959717
-0.422852,0.056763,0.876953
0.548218,-0.216309,1.145142
-0.235840,-0.248291,0.827148
0.031738,0.174438,1.088257
0.336426,-0.374878,0.965454
-0.468872,0.030396,0.835205
0.526855,-0.202637,1.145020
-0.100342,-0.304077,0.862427
-0.060547,0.173218,1.060791
0.371338,-0.321777,0.994141
-0.478760,-0.021851,0.806763
0.480713,-0.169678,1.146484
-0.077881,-0.381104,0.821777
-0.146851,0.194580,1.052490
0.440552,-0.322510,1.023193
-0.492920,0.033569,0.803345
0.413940,-0.109009,1.138062
-0.008301,-0.383789,0.867310
-0.247314,0.161377,1.018433
0.488403,-0.305786,1.085693
-0.451294,-0.071167,0.791504
0.310547,0.025024,1.146362
0.058594,-0.344482,0.888916
-0.334717,0.152222,0.953491
0.528564,-0.291138,1.100220
-0.384399,-0.169922,0.796997
0.188110,0.070557,1.107666
0.150391,-0.402710,0.895874
-0.410156,0.082764,0.883789
0.538818,-0.268311,1.109741
-0.345947,-0.210693,0.799072
0.099854,0.149414,1.096069
0.229614,-0.395264,0.905640
-0.447632,0.057739,0.853882
0.527588,-0.240601,1.116699
-0.267212,-0.268188,0.800659
0.008423,0.128784,1.060669
0.292969,-0.390381,0.931396
-0.489502,0.052979,0.830688
0.500000,-0.179810,1.117676
-0.162354,-0.313599,0.812134
-0.077881,0.118896,1.026611
0.334351,-0.388184,0.952148
-0.501465,-0.019287,0.790283
0.465820,-0.137207,1.132080
-0.118774,-0.323120,0.793091
-0.206665,0.206909,1.009644
0.410400,-0.351074,0.989258
-0.509644,-0.060913,0.771484
0.393066,-0.137085,1.111694
-0.074951,-0.341919,0.807373
-0.291016,0.206665,0.974243
0.449219,-0.309326,1.023682
-0.488281,-0.090820,0.759033
0.303345,-0.068481,1.096924
-0.000732,-0.355713,0.849976
-0.360840,0.170898,0.911255
0.464111,-0.276245,1.047485
-0.449951,-0.174438,0.746216
0.204712,-0.015503,1.087524
0.114014,-0.409424,0.870972
-0.448975,0.143799,0.861816
0.466797,-0.232300,1.060303
-0.403198,-0.174561,0.758667
0.086304,0.060181,1.063354
0.209839,-0.431763,0.894775
-0.503052,0.066650,0.821167
0.474243,-0.209961,1.072876
-0.262695,-0.262573,0.766113
-0.040405,0.149292,1.035889
0.281250,-0.403198,0.895508
-0.534424,0.031250,0.792969
0.451416,-0.208496,1.071533
-0.168091,-0.341919,0.754639
-0.154907,0.158203,0.992310
0.329834,-0.326172,0.944580
-0.558228,0.002930,0.757080
0.388428,-0.191772,1.067261
-0.116455,-0.420898,0.774292
-0.231567,0.146484,0.977295
0.357666,-0.297119,0.978638
-0.572998,-0.002686,0.737183
0.315918,-0.106812,1.060669
-0.049805,-0.383789,0.804810
-0.332275,0.169556,0.934692
0.406982,-0.303955,0.997559
-0.535645,-0.065918,0.731323
0.224609,-0.070312,1.044678
0.014282,-0.393311,0.826782
-0.421753,0.176636,0.895142
0.435791,-0.276489,1.019653
-0.490112,-0.088257,0.745117
0.144043,0.028564,1.045166
0.076172,-0.395630,0.847900
-0.489746,0.123535,0.843628
0.464600,-0.261963,1.051636
-0.432373,-0.140137,0.750732
0.046021,0.096802,1.025757
0.162354,-0.414429,0.858887
-0.536377,0.085449,0.805054
0.457153,-0.240967,1.047607
-0.329956,-0.240234,0.734009
-0.029419,0.154297,1.023193
0.200439,-0.396362,0.854736
-0.563599,0.077759,0.794312
0.452881,-0.268799,1.039551
-0.267456,-0.312378,0.730347
-0.117554,0.162598,0.977295
0.262085,-0.371582,0.880371
-0.575684,0.036743,0.759155
0.408447,-0.203369,1.044678
-0.217529,-0.336548,0.728516
-0.185669,0.147095,0.953857
0.322388,-0.374878,0.922241
-0.583618,0.006470,0.739136
0.382080,-0.150513,1.056641
-0.175293,-0.350952,0.719482
-0.271729,0.190674,0.945923
0.344360,-0.345825,0.938232
-0.574463,-0.017578,0.743408
0.320557,-0.132568,1.036499
-0.120117,-0.352295,0.752075
-0.361206,0.197998,0.900024
0.387085,-0.315308,0.961060
-0.554932,-0.064575,0.715698
0.229492,-0.081055,1.024414
-0.055176,-0.394897,0.782349
-0.441040,0.199707,0.870972
0.425903,-0.284912,0.991455
-0.528931,-0.078979,0.713867
0.106445,0.057129,1.025757
0.055054,-0.422974,0.804077
-0.504395,0.142700,0.859253
0.430786,-0.269165,1.009644
-0.438721,-0.148682,0.716919
0.014526,0.147339,1.010498
0.149414,-0.380615,0.838257
-0.582031,0.088013,0.788330
0.439575,-0.288574,1.003906
-0.308105,-0.306274,0.723267
-0.065308,0.119995,0.962402
0.197266,-0.349365,0.841187
-0.598389,0.119629,0.758789
0.416382,-0.228271,1.021851
-0.236084,-0.388184,0.694336
-0.129761,0.119507,0.973633
0.272583,-0.373291,0.874756
-0.626099,0.119385,0.750000
0.385132,-0.174316,1.024902
-0.175415,-0.363037,0.720215
-0.240479,0.147217,0.921387
0.329590,-0.333008,0.918701
-0.597290,0.066162,0.749268
0.340820,-0.134155,1.021973
-0.136353,-0.379517,0.720581
-0.341309,0.189453,0.882935
0.359497,-0.332031,0.928101
-0.549072,-0.010620,0.724487
0.267578,-0.048828,1.018188
-0.080078,-0.377686,0.749878
-0.435913,0.219360,0.859375
0.397583,-0.313232,0.951172
-0.526001,-0.062500,0.716553
0.176392,0.009766,1.007690
-0.006104,-0.366455,0.794312
-0.505981,0.231445,0.859741
0.420532,-0.283081,0.977051
-0.456055,-0.143921,0.729004
0.071289,0.059937,1.008179
0.082764,-0.406494,0.806641
-0.551025,0.205688,0.820801
0.423462,-0.223511,0.991943
-0.373047,-0.161377,0.748291
0.000488,0.085815,1.005127
0.169312,-0.438843,0.831299
-0.594238,0.151123,0.766968
0.427979,-0.174072,1.012207
-0.264526,-0.224854,0.732666
-0.086670,0.197998,0.998413
0.242920,-0.371338,0.883911
-0.612061,0.119995,0.771118
0.399292,-0.174438,0.997314
-0.205078,-0.312256,0.717407
-0.171631,0.183716,0.949951
0.293579,-0.334839,0.893311
-0.597900,0.074097,0.750366
0.381958,-0.161011,1.014893
-0.158691,-0.362671,0.727173
-0.287354,0.186035,0.890991
0.374390,-0.324951,0.932495
-0.589844,0.034790,0.728027
0.292969,-0.082153,1.006226
-0.086914,-0.377197,0.748047
-0.355713,0.184326,0.863892
0.396973,-0.298706,0.944092
-0.552856,-0.014160,0.705933
0.193970,-0.000977,0.994385
-0.018433,-0.406616,0.768799
-0.424072,0.191528,0.861938
0.427124,-0.265259,0.970337
-0.503296,-0.070801,0.730225
0.090576,0.112549,1.006958
0.052490,-0.414795,0.777344
-0.494019,0.172729,0.836060
0.444092,-0.260742,0.987915
-0.435303,-0.067993,0.755493
0.025879,0.160889,1.002808
0.134521,-0.385864,0.826660
-0.567993,0.138916,0.790039
0.452271,-0.205200,1.025024
-0.333862,-0.177368,0.747437
-0.040405,0.171753,0.995117
0.213013,-0.377930,0.861816
-0.607788,0.162109,0.771851
0.449463,-0.226318,1.003296
-0.203369,-0.274536,0.766479
-0.135620,0.190552,0.950562
0.277222,-0.328003,0.890137
-0.593262,0.113403,0.737427
0.406616,-0.124634,1.033813
-0.147583,-0.325073,0.760376
-0.203491,0.181763,0.930176
0.337646,-0.366089,0.898926
-0.587402,0.086548,0.744263
0.351562,-0.056885,1.023804
-0.077881,-0.370239,0.729614
-0.299805,0.198975,0.890869
0.391235,-0.367554,0.919800
-0.571167,0.008789,0.723755
0.282471,-0.042603,0.986816
-0.028076,-0.363770,0.753418
-0.368286,0.202148,0.865845
0.420288,-0.310181,0.962524
-0.523315,-0.084473,0.716309
0.180054,0.009399,0.991455
0.013306,-0.385864,0.771606
-0.441162,0.183594,0.830566
0.451172,-0.261597,0.981812
-0.457764,-0.110352,0.753296
0.090576,0.075928,0.991455
0.083374,-0.389282,0.810425
-0.510620,0.169922,0.804810
0.445801,-0.207275,1.001587
-0.360229,-0.140747,0.764282
0.006958,0.128418,1.000122
0.180786,-0.408936,0.829346
-0.576782,0.158691,0.767334
0.448608,-0.182495,1.011963
-0.248535,-0.216675,0.762207
-0.091064,0.180298,0.977051
0.271973,-0.409668,0.884888
-0.583740,0.087402,0.748291
0.416138,-0.133423,1.026489
-0.133911,-0.305054,0.763428
-0.196655,0.218018,0.940430
0.351807,-0.377441,0.909546
-0.575439,0.060425,0.761841
0.352051,-0.096436,1.013428
-0.039429,-0.395752,0.754150
-0.282959,0.192261,0.879272
0.392090,-0.297974,0.946411
-0.543335,-0.012207,0.725586
0.250854,-0.060669,0.975464
0.003540,-0.413696,0.765991
-0.356934,0.135254,0.835205
0.430054,-0.268921,0.980591
-0.504150,-0.049805,0.747803
0.137695,0.054443,0.996826
0.065308,-0.436035,0.778442
-0.439453,0.100464,0.816284
0.445435,-0.246948,0.997192
-0.404663,-0.071899,0.771851
0.035400,0.173218,1.009399
0.170410,-0.419434,0.814941
-0.552734,0.114014,0.762695
0.471069,-0.239136,1.028442
-0.296143,-0.208496,0.770508
-0.067017,0.201050,0.997559
0.245117,-0.390381,0.854736
-0.566650,0.099854,0.755493
0.448364,-0.222656,1.021118
-0.172729,-0.292480,0.780396
-0.134888,0.214111,0.974731
0.303467,-0.358032,0.884521
-0.586914,0.092163,0.746216
0.401978,-0.182617,1.013306
-0.068726,-0.338501,0.808838
-0.195435,0.197266,0.943970
0.341431,-0.337524,0.911621
-0.573608,0.067017,0.750488
0.356689,-0.143066,1.001099
-0.002075,-0.397217,0.797974
-0.253662,0.156982,0.905518
0.372192,-0.310181,0.938232
-0.544800,0.009766,0.724976
0.295410,-0.071167,0.998047
0.015625,-0.422729,0.764526
-0.322388,0.155518,0.883545
0.434692,-0.353882,0.947754
-0.532227,-0.014160,0.733032
0.220825,0.003662,0.997437
0.050903,-0.430054,0.756348
-0.358521,0.121582,0.838867
0.444214,-0.323486,0.975464
-0.508301,-0.094971,0.723999
0.174805,0.005127,1.008667
0.088257,-0.446899,0.794067
-0.414795,0.132812,0.831177
0.464844,-0.303589,0.993652
-0.463013,-0.138306,0.726685
0.085083,0.056274,0.999146
0.133911,-0.462158,0.808472
-0.475342,0.107910,0.781006
0.485840,-0.252563,1.021362
-0.357178,-0.178711,0.759644
-0.120972,0.218506,0.989868
0.275391,-0.395630,0.879883
-0.589844,0.058716,0.726807
0.421631,-0.185059,1.016357
-0.250732,-0.212769,0.794922
-0.165405,0.200562,0.947510
0.332764,-0.312866,0.913574
-0.609253,0.108765,0.746216
0.355957,-0.170654,0.988281
-0.018066,-0.415405,0.793457
-0.233154,0.147095,0.908203
0.365112,-0.290161,0.936768
-0.575928,0.083740,0.736450
0.284180,-0.043457,0.986938
0.015625,-0.404541,0.777588
-0.332397,0.113892,0.846558
0.441040,-0.320557,0.972656
-0.507446,-0.045776,0.727905
0.154785,0.112549,1.000732
0.026245,-0.409180,0.735840
-0.408447,0.112915,0.832275
0.498413,-0.364380,0.995972
-0.445190,-0.131714,0.766113
0.066284,0.146606,1.012573
0.096069,-0.382568,0.777344
-0.485474,0.128052,0.793823
0.490479,-0.315796,1.004517
-0.358032,-0.201172,0.775757
-0.014038,0.142456,1.002319
0.209106,-0.411499,0.832520
-0.557373,0.094116,0.726807
0.469971,-0.241577,1.019409
-0.237427,-0.218384,0.799194
-0.096680,0.185669,0.988770
0.268799,-0.424316,0.865845
-0.552734,0.051025,0.727661
0.431152,-0.183960,1.019531
-0.134888,-0.260742,0.796021
-0.183350,0.206909,0.953125
0.338013,-0.404541,0.906616
-0.541748,0.014160,0.754761
0.373413,-0.123169,1.029907
-0.044189,-0.365723,0.782715
-0.266357,0.181396,0.908936
0.397949,-0.383545,0.950806
-0.523682,-0.085205,0.733887
0.266846,-0.075928,0.990356
0.026245,-0.448730,0.766724
-0.320923,0.124268,0.857300
0.415039,-0.281494,0.978516
-0.465942,-0.088745,0.763550
0.161377,-0.013306,0.993408
0.070923,-0.471924,0.772949
-0.402832,0.093750,0.824097
0.489990,-0.324951,1.006104
-0.441528,-0.108154,0.757202
0.047607,0.109863,0.991943
0.170898,-0.426147,0.818359
-0.471924,0.033447,0.764160
0.472656,-0.268433,1.027344
-0.339722,-0.218750,0.746704
-0.007812,0.181885,1.022095
0.248413,-0.384155,0.871704
-0.545898,0.058594,0.740723
0.455078,-0.304443,1.019531
-0.201294,-0.340454,0.797485
-0.093506,0.169189,1.005005
0.305664,-0.386230,0.911621
-0.567383,0.086426,0.754150
0.400391,-0.204468,1.026855
-0.073486,-0.378052,0.823486
-0.177002,0.152954,0.977051
0.364746,-0.384399,0.936157
-0.546265,0.021362,0.738770
0.364990,-0.128662,1.026489
-0.017822,-0.371460,0.811401
-0.232178,0.150513,0.941040
0.417236,-0.395874,0.961792
-0.512939,-0.073120,0.738281
0.302002,-0.094360,1.010864
0.068481,-0.426270,0.818604
-0.317749,0.197876,0.914673
0.438721,-0.344727,0.989014
-0.471191,-0.145630,0.740723
0.229614,-0.068604,1.018921
0.093872,-0.450439,0.817017
-0.366333,0.179199,0.884399
0.480103,-0.310303,1.016113
-0.446899,-0.139526,0.748657
0.128296,0.011963,1.011963
0.173950,-0.489746,0.830566
-0.403076,0.075073,0.831543
0.483643,-0.259155,1.032104
-0.375977,-0.150391,0.757935
0.027222,0.104858,1.011841
0.262085,-0.499268,0.853638
-0.454468,0.000977,0.767334
0.474854,-0.248779,1.048950
-0.256592,-0.212891,0.816895
-0.062256,0.151733,1.016479
0.325317,-0.464233,0.904419
-0.499268,-0.012939,0.764038
0.441772,-0.177979,1.090698
-0.120361,-0.295654,0.818481
-0.139648,0.198853,1.023926
0.381348,-0.415527,0.949707
-0.512817,-0.001709,0.774048
0.385986,-0.122925,1.059814
0.017700,-0.385742,0.841675
-0.196777,0.180664,0.991455
0.428833,-0.353394,0.998413
-0.487671,-0.065063,0.749756
0.318115,-0.097900,1.046265
0.067139,-0.451172,0.834717
-0.269409,0.136597,0.947144
0.486328,-0.329102,1.036133
-0.439209,-0.095825,0.780273
0.227905,-0.002563,1.041138
0.103149,-0.423096,0.845825
-0.323242,0.108276,0.927490
0.512329,-0.288452,1.077515
-0.402710,-0.162231,0.777954
0.161255,0.064087,1.059448
0.188843,-0.453735,0.865356
-0.389404,0.078735,0.853027
0.533447,-0.274536,1.089844
-0.306152,-0.249878,0.802246
0.064087,0.113403,1.050049
0.255737,-0.432983,0.884766
-0.428955,0.052124,0.810059
0.525391,-0.241699,1.103882
-0.219360,-0.223267,0.858765
0.003784,0.108276,1.046387
0.319336,-0.427124,0.933838
-0.477173,0.045532,0.800659
0.499756,-0.194092,1.107056
-0.128296,-0.265991,0.860229
-0.065308,0.189331,1.064087
0.377808,-0.420288,0.964233
-0.481323,-0.004639,0.805176
0.482666,-0.162720,1.136597
-0.053467,-0.313477,0.863403
-0.120117,0.193848,1.055908
0.427368,-0.367676,1.014648
-0.492798,-0.011353,0.797485
0.441040,-0.141113,1.112793
0.046143,-0.392944,0.875732
-0.178223,0.213135,1.051025
0.451904,-0.324585,1.051025
-0.445801,-0.084717,0.790527
0.392090,-0.086914,1.132690
0.058716,-0.401733,0.869263
-0.239258,0.228149,1.024536
0.509033,-0.295532,1.082764
-0.421753,-0.093140,0.798706
0.310547,-0.040771,1.094971
0.107666,-0.413940,0.891235
-0.261719,0.142700,0.977905
0.524780,-0.260010,1.108521
-0.413574,-0.115356,0.791016
0.276367,-0.017090,1.104248
0.176392,-0.436401,0.906006
-0.310791,0.133789,0.944824
0.544434,-0.232544,1.134644
0.237671,-0.470703,0.926636
-0.364990,0.067749,0.895630
0.573242,-0.224854,1.151367
-0.309570,-0.197510,0.807129
0.107056,0.134888,1.087158
0.314209,-0.455811,0.957642
-0.391846,0.062134,0.885254
0.544556,-0.182373,1.156616
-0.231934,-0.218262,0.845215
0.053467,0.176880,1.102417
0.349487,-0.416016,0.970947
-0.431274,0.035645,0.864136
0.531860,-0.195190,1.150757
-0.152222,-0.272583,0.875977
-0.026489,0.227051,1.100342
0.405884,-0.363159,1.024780
-0.437256,0.014893,0.842651
0.503174,-0.139160,1.161499
-0.044800,-0.348022,0.878296
-0.082886,0.189087,1.080933
0.436279,-0.349243,1.045166
-0.447876,-0.046875,0.820923
0.480103,-0.075684,1.193604
0.025269,-0.357300,0.875732
-0.159424,0.245239,1.075806
0.486816,-0.327637,1.068481
-0.443115,-0.065308,0.824463
0.421631,-0.083862,1.160156
0.054199,-0.363403,0.909668
-0.213745,0.184814,1.035400
0.515991,-0.263550,1.102295
-0.413086,-0.076294,0.819824
0.342773,-0.022949,1.152344
0.139282,-0.409180,0.917358
-0.289062,0.173828,0.997070
0.551025,-0.253906,1.136353
-0.362305,-0.134766,0.820923
0.243408,0.043579,1.137695
0.215088,-0.424927,0.936157
-0.352417,0.115356,0.931396
0.576660,-0.238159,1.146362
-0.267700,-0.223633,0.844238
0.109497,0.164429,1.113037
0.300781,-0.407959,0.966187
-0.424561,0.063110,0.874023
0.567627,-0.227539,1.167236
-0.214355,-0.295288,0.837402
0.054321,0.195923,1.111816
0.345215,-0.369873,0.970581
-0.446899,0.052612,0.871216
0.547607,-0.202881,1.160034
-0.089233,-0.355225,0.869751
-0.045410,0.181885,1.083008
0.393677,-0.351562,1.010986
-0.433716,-0.025391,0.832275
0.516479,-0.127808,1.183472
-0.043945,-0.349976,0.858643
-0.101685,0.183350,1.081909
0.438477,-0.336548,1.034668
-0.467896,-0.007812,0.826416
0.472534,-0.118652,1.167358
-0.008179,-0.367676,0.881714
-0.169556,0.205933,1.057617
0.461548,-0.301514,1.062622
-0.455322,-0.047363,0.809570
0.426880,-0.064819,1.184082
0.029297,-0.343628,0.886353
-0.256104,0.242798,1.052856
0.514282,-0.323120,1.085938
-0.440186,-0.094849,0.808960
0.364014,-0.048218,1.153442
0.082397,-0.351440,0.904663
-0.308838,0.200562,0.975464
0.527222,-0.270874,1.108398
-0.391357,-0.169556,0.790161
0.275269,-0.007568,1.140991
0.144043,-0.392822,0.903564
-0.345093,0.143799,0.942017
0.539917,-0.255981,1.115356
-0.357300,-0.189331,0.794067
0.167236,0.048340,1.109131
0.232422,-0.424438,0.942627
-0.399170,0.119141,0.906860
0.521240,-0.178955,1.124023
-0.307617,-0.219116,0.811157
0.081299,0.080078,1.088257
0.287109,-0.408203,0.955688
-0.450439,0.055786,0.851929
0.528198,-0.166260,1.143677
-0.180786,-0.264893,0.827393
-0.024658,0.144653,1.073120
0.332642,-0.379761,0.952393
-0.477661,0.001465,0.820557
0.491333,-0.157471,1.135010
-0.111816,-0.332275,0.825928
-0.105103,0.155762,1.046265
0.385376,-0.327515,1.000244
-0.512329,-0.003784,0.788818
0.433594,-0.122803,1.141357
-0.063354,-0.358521,0.830200
-0.191650,0.182007,1.044678
0.447388,-0.302368,1.038818
-0.513916,-0.007568,0.771851
0.334595,-0.032104,1.126221
0.016235,-0.374634,0.846436
-0.305786,0.166748,0.977051
0.496704,-0.312378,1.074097
-0.442017,-0.101807,0.772705
0.238281,0.065308,1.121338
0.077148,-0.353027,0.862305
-0.397827,0.116821,0.902710
0.517090,-0.307129,1.068481
-0.386841,-0.186157,0.774902
0.137817,0.083252,1.081543
0.170044,-0.380981,0.887939
-0.467529,0.125732,0.863037
0.513428,-0.263184,1.077637
-0.318848,-0.253540,0.788818
0.040283,0.083618,1.046997
0.212646,-0.350220,0.906006
-0.481445,0.074097,0.825195
0.492065,-0.208252,1.097046
-0.245850,-0.295776,0.769287
-0.043823,0.112671,1.032593
0.295288,-0.397827,0.916626
-0.528687,0.024292,0.776611
0.453003,-0.169922,1.098022
-0.176025,-0.327393,0.765991
-0.142944,0.139526,1.006470
0.350098,-0.393311,0.938721
-0.534790,-0.000977,0.783447
0.405029,-0.147217,1.089233
-0.145752,-0.307983,0.779663
-0.246582,0.165527,0.976074
0.405396,-0.351685,0.998535
-0.541138,-0.043945,0.755249
0.337158,-0.091309,1.074463
-0.081055,-0.330444,0.785645
-0.311157,0.178101,0.929932
0.418335,-0.279419,1.015991
-0.516602,-0.102905,0.740112
0.275391,-0.108887,1.059082
-0.010498,-0.395508,0.804443
-0.411621,0.185913,0.880249
0.425293,-0.262573,1.009521
-0.462280,-0.105957,0.763550
0.164917,0.005859,1.055908
0.065552,-0.407104,0.842896
-0.471558,0.121460,0.838989
0.459351,-0.242310,1.053589
-0.424194,-0.167603,0.734619
0.042114,0.105591,1.035522
0.169678,-0.399658,0.857544
-0.522949,0.062744,0.810181
0.460205,-0.240967,1.051514
-0.300415,-0.268921,0.735229
-0.043701,0.143799,1.015503
0.228027,-0.376099,0.860718
-0.574951,0.081055,0.778076
0.450562,-0.255981,1.039673
-0.205688,-0.364136,0.744873
-0.150757,0.116577,0.954468
0.293213,-0.384155,0.891968
-0.591431,0.063965,0.744019
0.397705,-0.172363,1.050537
-0.166870,-0.333740,0.760132
-0.231934,0.128540,0.954590
0.336670,-0.367310,0.938599
-0.602783,0.039185,0.722046
0.341553,-0.125244,1.038940
-0.122437,-0.347778,0.765381
-0.320923,0.170410,0.935547
0.375000,-0.364502,0.961548
-0.571289,-0.055298,0.712158
0.276733,-0.063843,1.033813
-0.087891,-0.353149,0.764282
-0.402222,0.221802,0.895264
0.428223,-0.347168,0.979004
-0.535522,-0.087158,0.728638
0.188843,-0.044800,1.015015
-0.052856,-0.379639,0.767578
-0.444336,0.197266,0.868774
0.432495,-0.293335,0.993042
-0.518311,-0.117065,0.716309
0.094360,0.041016,1.014893
0.056030,-0.423584,0.810913
-0.532227,0.179688,0.831665
0.436035,-0.265503,1.003174
-0.410278,-0.169800,0.758057
0.014282,0.105957,1.012329
0.140747,-0.439819,0.823242
-0.575806,0.140503,0.782837
0.422363,-0.219482,1.013184
-0.291382,-0.243408,0.746094
-0.057007,0.165771,0.997070
0.205933,-0.413818,0.835327
-0.610229,0.094727,0.755371
0.426880,-0.218384,1.011475
-0.213501,-0.317627,0.715454
-0.156372,0.199951,0.975708
0.289673,-0.357910,0.890503
-0.650391,0.087158,0.729614
0.381470,-0.203735,1.008179
-0.148682,-0.387207,0.730835
-0.227051,0.142212,0.916870
0.333618,-0.320801,0.931641
-0.629028,0.091553,0.720825
0.293213,-0.125977,0.979858
-0.089478,-0.380737,0.770996
-0.316650,0.124634,0.910767
0.380005,-0.335693,0.943970
-0.591675,0.037109,0.678833
0.178101,0.034058,0.981567
-0.015381,-0.394531,0.767456
-0.404297,0.161621,0.898438
0.415771,-0.300293,0.982422
-0.551880,-0.035156,0.701050
0.111084,0.087891,0.995239
0.039185,-0.357910,0.789917
-0.539429,0.164795,0.819824
0.462036,-0.299316,1.019043
-0.408569,-0.204102,0.710815
0.039185,0.162842,1.008545
0.084473,-0.307617,0.805176
-0.599243,0.170166,0.781006
0.468018,-0.354004,0.968628
-0.326416,-0.260498,0.760010
-0.049194,0.162476,0.980347
0.189453,-0.388794,0.826538
-0.593140,0.184937,0.773315
0.408325,-0.183105,0.988159
-0.243774,-0.295288,0.731079
-0.083496,0.119873,0.970703
0.236450,-0.354126,0.867188
-0.630127,0.130737,0.753540
0.419678,-0.176758,1.019775
-0.182739,-0.319092,0.728394
-0.185303,0.204224,0.948120
0.319214,-0.387085,0.906006
-0.622314,0.063599,0.724731
0.364990,-0.162720,0.989014
-0.110352,-0.350708,0.748535
-0.256104,0.218506,0.916992
0.354126,-0.315430,0.915527
0.320068,-0.101562,1.015625
-0.331787,0.195557,0.874390
0.392334,-0.308228,0.929443
-0.568604,0.024658,0.715332
0.220093,-0.004883,0.999268
-0.008789,-0.417603,0.769409
-0.405273,0.170288,0.850708
0.422119,-0.265869,0.978394
-0.512329,-0.036743,0.720947
0.130249,0.080688,1.014526
0.045532,-0.395874,0.781250
-0.486572,0.172852,0.833862
0.437256,-0.248657,0.996338
-0.400879,-0.131470,0.764404
0.029541,0.161011,1.020264
0.141846,-0.392334,0.814697
-0.578979,0.169922,0.788452
0.446777,-0.221313,1.008789
-0.273315,-0.241333,0.738770
-0.054443,0.176392,0.993774
0.227173,-0.338745,0.870972
-0.599243,0.140991,0.766968
0.417236,-0.196655,1.000854
-0.167114,-0.354858,0.759644
-0.138794,0.158813,0.948364
0.311279,-0.327515,0.904785
-0.609009,0.151733,0.758667
0.367554,-0.125610,1.006714
-0.074707,-0.349976,0.782593
-0.233398,0.164307,0.909424
0.372314,-0.332520,0.931885
-0.569824,0.071777,0.733765
0.298828,-0.017822,0.998779
-0.049927,-0.383911,0.729370
-0.331787,0.181763,0.873535
0.418091,-0.365967,0.935303
-0.531860,-0.028076,0.744995
0.228271,0.005859,1.002686
-0.004395,-0.413574,0.723755
-0.404907,0.189819,0.831055
0.433594,-0.274902,0.960815
-0.480347,-0.095459,0.747925
0.148560,0.033325,1.010132
0.065552,-0.402832,0.795776
-0.491699,0.190308,0.801147
0.436279,-0.235962,0.982666
-0.412720,-0.121338,0.750366
0.079590,0.065430,1.004639
0.150513,-0.438110,0.814331
-0.543579,0.159668,0.771973
0.450073,-0.181030,1.007812
-0.315552,-0.160156,0.752319
-0.043213,0.186401,0.999756
0.239624,-0.425049,0.863525
-0.566162,0.074585,0.755127
0.441040,-0.184326,1.021729
-0.230713,-0.232788,0.763428
-0.123657,0.212402,0.979248
0.316650,-0.395142,0.894287
-0.585449,0.048950,0.755737
0.401489,-0.171997,1.021240
-0.112427,-0.322266,0.770142
-0.188843,0.213623,0.938477
0.349243,-0.318970,0.913208
-0.572021,0.044312,0.748047
0.356934,-0.153809,1.000366
-0.045166,-0.393921,0.776733
-0.246216,0.178223,0.897827
0.372803,-0.309570,0.922363
-0.540771,0.029419,0.749756
0.301392,-0.078613,1.007935
-0.004517,-0.415771,0.772461
-0.328735,0.135986,0.852905
0.433838,-0.335938,0.949829
-0.516968,0.017578,0.751465
0.222290,0.036987,1.013794
0.006104,-0.385498,0.767456
-0.386475,0.120361,0.824097
0.463623,-0.350708,0.972290
-0.494385,-0.074707,0.732910
0.159058,0.073975,1.017456
0.057251,-0.416992,0.774414
-0.417480,0.128052,0.811768
0.473877,-0.313477,0.999146
-0.476807,-0.130493,0.728516
0.128662,0.027344,0.998657
0.103882,-0.439087,0.798340
-0.463135,0.133179,0.790283
0.464233,-0.271362,0.997925
-0.410278,-0.128296,0.761719
0.084351,0.060791,1.016357
0.164917,-0.486206,0.814941
-0.519897,0.097656,0.760864
0.455200,-0.227905,1.016846
-0.339478,-0.204224,0.744995
0.017578,0.130981,1.025146
0.217651,-0.475342,0.851440
-0.546875,0.049683,0.732178
0.453369,-0.235107,1.024780
-0.259155,-0.222900,0.778931
-0.065796,0.210693,1.020752
0.268677,-0.440063,0.875732
-0.558228,0.046143,0.746094
0.442505,-0.224854,1.037231
-0.176514,-0.287964,0.799438
-0.130615,0.207153,1.003052
0.321045,-0.371948,0.913940
-0.569336,0.072510,0.764160
0.425781,-0.248657,1.013306
-0.067993,-0.345215,0.823486
-0.186401,0.184570,0.965088
0.349854,-0.304199,0.966309
-0.539673,-0.018188,0.735474
0.371582,-0.175659,1.035278
-0.014282,-0.453369,0.793091
-0.241821,0.175049,0.942627
0.403442,-0.336792,0.957642
-0.523560,-0.042358,0.740234
0.325317,-0.120972,1.030518
0.038086,-0.453979,0.801270
-0.309448,0.174927,0.914307
-0.477661,-0.101074,0.736694
0.200562,0.013062,1.026367
0.109985,-0.429321,0.829102
-0.383301,0.144531,0.869751
0.480347,-0.351074,0.998047
-0.419678,-0.129028,0.774902
0.130249,0.057495,1.028442
0.155518,-0.464111,0.836914
-0.424561,0.095093,0.841919
0.521851,-0.328613,1.024292
-0.391602,-0.147583,0.773438
0.060547,0.087769,1.020264
0.223999,-0.476929,0.873291
-0.434814,0.020996,0.795044
0.495605,-0.274658,1.055908
-0.346436,-0.214844,0.760010
0.020996,0.133667,1.035767
0.279175,-0.487671,0.881836
-0.476685,0.035034,0.783447
0.489746,-0.242798,1.061523
-0.260986,-0.228271,0.793091
-0.036011,0.179443,1.036987
0.315430,-0.450439,0.908325
-0.481812,0.016235,0.788208
0.469238,-0.226074,1.069214
-0.179199,-0.277100,0.826294
-0.086304,0.174927,1.017090
0.363770,-0.435913,0.933594
-0.525757,0.032349,0.785889
0.451904,-0.194702,1.083862
-0.040649,-0.364014,0.835205
-0.144653,0.213745,1.032471
0.375244,-0.345337,0.963623
-0.502197,0.028809,0.783325
0.406982,-0.190552,1.060791
0.044067,-0.445679,0.863647
-0.183716,0.155518,0.995239
0.447510,-0.313232,1.016113
-0.478394,-0.026245,0.767212
0.329590,-0.090698,1.062500
0.075684,-0.428955,0.866333
-0.230469,0.138550,0.994385
0.498535,-0.330933,1.057373
-0.454956,-0.071411,0.772461
0.243774,0.039185,1.072266
0.135620,-0.432739,0.874390
-0.341309,0.132080,0.952881
0.551636,-0.321777,1.108521
-0.380615,-0.141113,0.794922
0.178955,0.093872,1.073730
0.184692,-0.416016,0.878052
-0.384766,0.072632,0.874390
0.550049,-0.312378,1.100220
-0.304565,-0.219238,0.812744
0.099731,0.136719,1.071167
0.286743,-0.421509,0.930420
-0.425293,0.087402,0.855835
0.526733,-0.258179,1.096924
-0.257812,-0.239014,0.815796
0.047974,0.123169,1.063843
0.360229,-0.440918,0.960083
-0.453857,0.053101,0.828735
0.511230,-0.161621,1.129883
-0.151733,-0.268433,0.857666
-0.064941,0.188354,1.044678
0.397095,-0.434082,0.992676
-0.437744,-0.051514,0.813721
0.483032,-0.119629,1.148682
-0.059204,-0.272217,0.869995
-0.125000,0.252319,1.077759
0.445190,-0.373779,1.019409
-0.454956,-0.075439,0.804810
0.429321,-0.119507,1.139526
0.048584,-0.382812,0.886353
-0.178955,0.222290,1.040161
0.488770,-0.302490,1.063232
-0.442383,-0.049194,0.813965
0.361816,-0.079346,1.125000
0.099609,-0.436523,0.886230
-0.241211,0.176392,1.017212
0.540161,-0.263916,1.115234
-0.402344,-0.055664,0.825317
0.260254,0.023560,1.101074
0.202515,-0.430420,0.944946
-0.354736,0.088867,0.927612
0.569702,-0.255005,1.160522
-0.319336,-0.201660,0.810303
0.170410,0.127563,1.112671
0.268799,-0.408081,0.949219
-0.386475,0.049438,0.885254
0.578369,-0.247803,1.158325
-0.245361,-0.311157,0.828735
0.059204,0.153076,1.088379
0.346680,-0.390625,0.977905
-0.434814,0.078979,0.868042
0.546021,-0.197632,1.160889
-0.157227,-0.292236,0.885010
0.009521,0.139526,1.076172
0.397095,-0.374390,1.013550
-0.433350,0.041260,0.851074
0.506836,-0.122681,1.153442
-0.066772,-0.306274,0.885986
-0.063599,0.176147,1.089111
0.439941,-0.374756,1.040771
-0.444092,-0.030762,0.841187
0.486816,-0.122803,1.173096
0.004150,-0.345581,0.885620
-0.151245,0.209839,1.044189
0.480347,-0.287720,1.083252
-0.423828,-0.084229,0.829956
0.444336,-0.094727,1.175659
0.003174,-0.347290,0.876221
-0.213257,0.211792,1.027832
0.531738,-0.288330,1.119873
-0.409912,-0.090210,0.827759
0.354858,-0.027832,1.155518
0.089722,-0.368164,0.921021
-0.269409,0.164307,0.992188
0.548218,-0.280396,1.123413
-0.382690,-0.139282,0.816406
0.290771,0.024536,1.144775
0.178833,-0.368286,0.927368
-0.342041,0.143555,0.927246
0.562744,-0.261353,1.127075
-0.330200,-0.205933,0.824097
0.194946,0.054565,1.121948
0.260010,-0.396729,0.960083
-0.403076,0.126343,0.893311
0.544678,-0.193359,1.146606
-0.260132,-0.250000,0.833984
0.087646,0.093994,1.118164
0.319458,-0.422485,0.980347
-0.431396,0.072266,0.865723
0.480469,-0.071777,1.174683
-0.145630,-0.239502,0.863159
-0.115845,0.235352,1.088623
0.375366,-0.411987,0.982544
-0.451782,-0.085327,0.807373
0.442505,-0.107788,1.162354
-0.081177,-0.293945,0.845581
-0.205566,0.243408,1.057617
0.531616,-0.289917,1.106689
-0.426514,-0.087158,0.823853
0.332886,-0.039307,1.147461
0.123779,-0.424194,0.906494
-0.283203,0.155273,0.988525
0.544800,-0.240356,1.143555
-0.370728,-0.129395,0.819824
0.231323,0.036255,1.120117
0.234131,-0.443115,0.938477
-0.358643,0.086914,0.914795
0.560059,-0.241821,1.151489
-0.290771,-0.185425,0.830811
0.123413,0.146362,1.112671
0.320679,-0.406616,0.977295
-0.429932,0.064331,0.893799
0.557129,-0.237061,1.160034
-0.197876,-0.284668,0.846558
0.020630,0.195435,1.103882
0.387695,-0.373657,1.006836
-0.461182,0.038940,0.863159
0.525269,-0.188477,1.150391
-0.040161,-0.357544,0.880005
-0.067993,0.176880,1.071289
0.405640,-0.311890,1.021851
-0.444946,-0.017334,0.833862
0.480591,-0.121094,1.183350
-0.016724,-0.378052,0.884521
-0.175781,0.167969,1.055786
0.481934,-0.288940,1.103638
-0.450317,-0.029907,0.804932
0.385742,-0.001465,1.177612
0.054932,-0.376709,0.909546
-0.268433,0.187012,1.041870
0.532593,-0.285889,1.130737
-0.417847,-0.115601,0.800293
0.308228,0.041016,1.168335
0.139648,-0.378418,0.918701
-0.344238,0.175415,0.954590
0.543579,-0.267822,1.121094
-0.339600,-0.202148,0.822144
0.209839,0.038452,1.120239
0.214600,-0.398804,0.927979
-0.391235,0.129883,0.890259
0.532959,-0.195435,1.125366
-0.288940,-0.222900,0.820190
0.107910,0.087158,1.108643
0.290894,-0.441284,0.954590
-0.443726,0.068726,0.865723
0.522217,-0.176147,1.127808
-0.187012,-0.269409,0.827881
-0.008545,0.170898,1.100830
0.334595,-0.387329,0.962158
-0.443604,-0.006104,0.844849
0.502808,-0.144409,1.145142
-0.113770,-0.317261,0.825073
-0.096313,0.173218,1.060181
0.397339,-0.321289,1.012085
-0.507202,-0.031860,0.785767
0.450684,-0.149780,1.140625
-0.050171,-0.345215,0.844849
-0.202637,0.181519,1.031372
0.437988,-0.298462,1.042236
-0.500732,-0.025146,0.789917
0.370361,-0.079346,1.127319
0.008545,-0.359741,0.859741
-0.298584,0.174561,0.979004
0.484619,-0.288696,1.078735
-0.451782,-0.099731,0.764404
0.268311,-0.014160,1.117188
0.096558,-0.401245,0.878540
-0.396240,0.131104,0.904907
0.502563,-0.250488,1.100830
-0.373657,-0.207886,0.778198
0.137085,0.098145,1.090210
0.174561,-0.396729,0.886230
-0.454224,0.095459,0.866577
0.517578,-0.272217,1.091064
-0.310913,-0.263794,0.788940
0.041016,0.151978,1.069580
0.234131,-0.373291,0.902344
-0.489258,0.016357,0.812988
0.500732,-0.250488,1.094604
-0.201172,-0.332642,0.789062
-0.040161,0.132568,1.029541
0.283813,-0.359375,0.906494
-0.524658,0.036621,0.785522
0.467896,-0.240234,1.084595
-0.153687,-0.386353,0.763672
-0.142578,0.148315,1.003662
0.347046,-0.339111,0.940552
-0.547729,0.026733,0.771118
0.407349,-0.185791,1.079468
-0.101562,-0.375000,0.800781
-0.263306,0.176147,0.980103
0.411987,-0.331543,0.995117
-0.551636,-0.000732,0.743896
0.300049,-0.074097,1.060425
-0.019287,-0.349609,0.843018
-0.342651,0.151123,0.930054
0.421875,-0.282715,1.016357
-0.499878,-0.071899,0.722290
0.229858,-0.006348,1.067505
0.031860,-0.363037,0.832520
-0.425537,0.171753,0.894409
0.452148,-0.291382,1.030518
-0.463745,-0.178101,0.737183
0.110840,0.029541,1.026245
0.093140,-0.390869,0.845459
-0.488525,0.151123,0.849609
0.486938,-0.262695,1.053955
-0.380615,-0.211426,0.764160
0.016968,0.102417,1.033691
0.171753,-0.425293,0.850220
-0.535400,0.068237,0.806885
0.473633,-0.260742,1.039307
-0.279785,-0.257080,0.752075
-0.064331,0.172852,1.013428
0.221558,-0.380859,0.862915
-0.563965,0.036743,0.764893
0.466675,-0.253296,1.047607
-0.239014,-0.326782,0.730225
-0.162354,0.139893,0.959351
0.289429,-0.368774,0.887817
-0.571289,0.043701,0.754517
0.412720,-0.193237,1.048706
-0.198853,-0.357666,0.733154
-0.234863,0.153442,0.945557
0.343506,-0.338989,0.936279
-0.580688,0.004395,0.742920
0.337158,-0.131348,1.056274
-0.158325,-0.368774,0.730103
-0.313965,0.182007,0.920532
0.405396,-0.361084,0.958374
-0.556885,-0.006470,0.742554
0.244751,-0.045776,1.042358
-0.079834,-0.355469,0.779663
-0.429199,0.176270,0.879150
0.415894,-0.328613,0.977905
-0.525146,-0.108276,0.705444
0.157959,0.031128,1.026733
0.037964,-0.385376,0.809204
-0.540771,0.216919,0.842285
0.431274,-0.277954,0.993042
-0.418457,-0.211304,0.724243
0.049805,0.076172,1.019165
0.135254,-0.401611,0.834351
-0.582764,0.180420,0.811035
0.421997,-0.250000,0.986328
-0.315186,-0.242920,0.744751
-0.057617,0.137207,0.993896
0.239868,-0.431152,0.863281
-0.598999,0.124390,0.769043
0.389160,-0.168335,0.996338
-0.242188,-0.278687,0.732544
-0.155029,0.152466,0.970337
0.286499,-0.413574,0.883301
-0.598877,0.062378,0.751343
0.377808,-0.130371,1.015503
-0.186035,-0.316650,0.706421
-0.264160,0.190308,0.934204
0.352173,-0.384888,0.919678
-0.585938,-0.021118,0.723999
0.309204,-0.107666,1.010986
-0.125977,-0.354736,0.722168
-0.366821,0.197144,0.871704
0.391235,-0.303101,0.947998
-0.558228,-0.055908,0.709717
0.199097,-0.057007,0.992310
-0.046021,-0.410645,0.767334
-0.443970,0.208130,0.861328
0.407104,-0.257812,0.974365
-0.528564,-0.079590,0.705444
0.097290,0.070801,1.008667
0.071655,-0.401367,0.815674
-0.524414,0.166138,0.823242
0.426025,-0.234009,0.998779
-0.421997,-0.115479,0.743896
0.005005,0.151367,1.003174
0.153809,-0.415894,0.823242
-0.570557,0.132324,0.791138
0.439331,-0.202026,1.021118
-0.286743,-0.233032,0.740723
-0.081543,0.201538,0.999634
0.234253,-0.395508,0.854004
-0.628174,0.122192,0.751587
0.421753,-0.205078,1.005127
-0.188599,-0.311890,0.742188
-0.149414,0.198364,0.958252
0.295288,-0.315552,0.901245
-0.639404,0.092773,0.721313
0.370605,-0.148682,1.008911
-0.117432,-0.406616,0.721802
-0.215820,0.174683,0.928711
0.338257,-0.299927,0.912720
-0.617188,0.125610,0.728638
0.297119,-0.110962,0.975708
-0.048340,-0.422363,0.761719
-0.323120,0.144165,0.886475
0.389526,-0.283813,0.954102
-0.574341,0.058594,0.701782
0.191528,0.026245,0.979004
0.009155,-0.382568,0.779541
-0.434570,0.142944,0.845581
0.420654,-0.262817,0.991577
-0.493408,-0.058228,0.727051
0.087280,0.168579,1.008545
0.052002,-0.364014,0.769775
-0.479370,0.153320,0.852783
0.453247,-0.259033,1.002075
-0.425293,-0.107544,0.742432
0.028076,0.187134,1.002686
0.128784,-0.355347,0.807617
-0.547974,0.157471,0.803589
0.466309,-0.260132,1.014648
-0.324219,-0.205933,0.749146
-0.024048,0.203857,1.008179
0.179688,-0.353760,0.823486
-0.601440,0.130127,0.761353
0.475464,-0.281616,1.005249
-0.239136,-0.246216,0.777222
-0.084595,0.173462,0.971313
0.233643,-0.336914,0.861572
-0.601562,0.129028,0.732300
0.439941,-0.181519,1.030762
-0.174072,-0.334106,0.745361
-0.148315,0.187744,0.948486
0.323120,-0.383911,0.894531
-0.611084,0.143799,0.751953
0.385986,-0.126465,1.010498
-0.101440,-0.356079,0.750977
-0.215088,0.197876,0.922729
0.362671,-0.364258,0.911377
-0.590332,0.089478,0.748657
0.357788,-0.100464,1.013916
-0.058105,-0.369995,0.757202
-0.301514,0.191406,0.870117
0.386353,-0.346069,0.927246
-0.537964,-0.033447,0.731934
0.289185,-0.031128,1.024414
-0.022949,-0.393433,0.735962
-0.360840,0.203125,0.852051
0.429565,-0.333862,0.962158
-0.518433,-0.081665,0.734375
0.195557,-0.007568,0.999878
0.044434,-0.413940,0.775757
-0.436890,0.172119,0.818359
0.440552,-0.274292,0.972168
-0.460205,-0.108032,0.739136
0.111084,0.060303,1.003784
0.119995,-0.431641,0.814697
-0.511475,0.159546,0.791992
0.445312,-0.229858,0.984009
-0.363281,-0.155029,0.762207
0.005249,0.118896,0.996582
0.212769,-0.430542,0.852051
-0.549316,0.094116,0.749390
0.444092,-0.189453,1.016479
-0.230835,-0.240234,0.772217
-0.113037,0.190918,0.975952
0.295288,-0.425659,0.884888
-0.582520,0.057495,0.747314
0.413086,-0.180908,1.022705
-0.093140,-0.348145,0.781982
-0.208008,0.207642,0.936523
0.346436,-0.339111,0.916382
-0.555176,0.042236,0.760864
0.345703,-0.128052,1.016113
-0.016357,-0.446533,0.756226
-0.283691,0.175293,0.882080
0.407349,-0.303955,0.955933
-0.532837,-0.048462,0.727539
0.226318,-0.039429,0.989258
0.061279,-0.483765,0.767944
-0.376709,0.138794,0.836792
0.439087,-0.279297,0.976685
-0.463623,-0.101318,0.731689
0.119507,0.055176,0.995483
0.106812,-0.439331,0.789673
-0.481445,0.099731,0.781372
0.478027,-0.291992,0.998413
-0.368774,-0.162476,0.762817
-0.005859,0.149048,1.001099
0.207031,-0.444702,0.831787
-0.532959,0.050049,0.741821
0.457397,-0.239502,1.025757
-0.239868,-0.242554,0.778076
-0.100342,0.175293,0.986816
0.302490,-0.435059,0.885986
-0.571899,0.048096,0.751953
0.416260,-0.189575,1.027222
-0.096191,-0.337891,0.805786
-0.198853,0.171265,0.948975
0.371094,-0.382812,0.933472
-0.530029,-0.013306,0.742432
0.338013,-0.092041,1.026733
-0.004272,-0.391602,0.791016
-0.293945,0.180542,0.915405
0.427979,-0.414429,0.948608
-0.506836,-0.097656,0.738770
0.242920,-0.043945,1.002930
0.067261,-0.428955,0.786987
-0.352905,0.151001,0.859985
0.450073,-0.312988,0.997681
-0.466309,-0.146240,0.738159
0.166016,-0.027710,1.008911
0.100952,-0.464111,0.794922
-0.414062,0.105225,0.824951
0.479248,-0.269531,1.011475
-0.393677,-0.161499,0.768188
0.061523,0.082642,1.026978
0.200439,-0.508789,0.824219
-0.463013,0.042725,0.771118
0.466431,-0.237793,1.020874
-0.305908,-0.183716,0.775024
-0.030151,0.155029,1.020020
0.306519,-0.505981,0.877808
-0.521118,0.019409,0.747192
0.448975,-0.219116,1.045288
-0.212402,-0.247559,0.793457
-0.106812,0.184937,1.013550
0.355103,-0.444946,0.927002
-0.518799,0.019897,0.773804
0.410889,-0.166870,1.053223
-0.084961,-0.338013,0.819946
-0.185669,0.184692,0.996704
0.396240,-0.406860,0.961670
-0.511475,-0.048584,0.769043
0.359253,-0.144409,1.052124
0.030518,-0.440308,0.805542
-0.257812,0.178223,0.945923
0.435425,-0.332520,0.988403
-0.452881,-0.107300,0.770020
0.293701,-0.075806,1.055908
0.085083,-0.449951,0.835449
-0.330566,0.139648,0.908813
0.489868,-0.322876,1.022339
-0.436035,-0.136475,0.766602
0.196167,-0.016968,1.044189
0.164062,-0.455933,0.855591
-0.386963,0.103638,0.865112
0.501099,-0.254395,1.058105
-0.359497,-0.170166,0.790039
0.088745,0.083130,1.050781
0.252686,-0.513062,0.872559
-0.440308,0.036011,0.810791
0.514404,-0.241455,1.081055
-0.284668,-0.202393,0.802490
-0.005859,0.144897,1.029297
0.322632,-0.485840,0.913574
-0.459473,-0.001343,0.802612
0.475830,-0.176270,1.093384
-0.171021,-0.237427,0.843140
-0.073120,0.198364,1.057495
0.382812,-0.443481,0.957642
-0.484497,-0.013794,0.809326
0.436401,-0.150024,1.090942
-0.057739,-0.312744,0.832275
-0.122803,0.210083,1.057373
0.447388,-0.369507,1.018555
-0.491333,-0.032837,0.794678
0.378784,-0.113892,1.083130
0.053955,-0.400757,0.861206
-0.197998,0.190796,1.022583
0.480347,-0.330444,1.044189
-0.453735,-0.092041,0.769409
0.335327,-0.046387,1.104370
0.091797,-0.390991,0.879395
-0.288696,0.178223,0.981323
0.521729,-0.287842,1.091431
-0.400146,-0.132080,0.796265
0.236450,0.021362,1.089233
0.188599,-0.428833,0.911133
-0.348877,0.107422,0.911133
0.553955,-0.234131,1.129883
-0.322021,-0.199097,0.806885
0.120728,0.110962,1.088623
0.286255,-0.501343,0.917480
-0.410400,0.072144,0.862183
0.542480,-0.213257,1.125366
-0.229736,-0.232666,0.828613
0.048462,0.198608,1.103638
0.359741,-0.422363,0.975586
-0.471191,0.058105,0.834106
0.511353,-0.215454,1.120483
-0.150757,-0.319702,0.853149
-0.003540,0.181885,1.096069
0.407959,-0.386841,1.001953
-0.475708,0.092041,0.836426
0.487061,-0.160767,1.122559
-0.030518,-0.345459,0.899292
-0.088501,0.167358,1.076782
0.434326,-0.366943,1.033813
-0.449585,0.006348,0.840454
0.460449,-0.093628,1.132080
0.029907,-0.345093,0.899292
-0.149902,0.191284,1.060059
0.481201,-0.342896,1.075928
-0.438232,-0.064453,0.822388
0.415283,-0.063354,1.160645
0.056030,-0.358643,0.894897
-0.220947,0.214844,1.047607
0.505615,-0.286743,1.104004
-0.405273,-0.128540,0.809204
0.365356,-0.023560,1.171387
0.096191,-0.361572,0.941895
-0.287598,0.212402,1.024414
0.548340,-0.261108,1.132080
-0.366211,-0.129028,0.829102
0.279907,0.029297,1.142456
0.161255,-0.393066,0.934692
-0.299805,0.130981,0.954712
0.571777,-0.241821,1.146484
-0.335571,-0.150391,0.841309
0.206421,0.070190,1.126343
0.258057,-0.439209,0.946411
-0.390625,0.125610,0.910156
0.582275,-0.246216,1.152100
-0.259155,-0.203125,0.862305
0.106934,0.127563,1.106812
0.298218,-0.399536,0.974243
-0.426880,0.064575,0.864258
0.559448,-0.194336,1.165405
-0.166626,-0.247070,0.885742
0.346680,-0.360107,0.993774
-0.429565,-0.000244,0.850220
-0.052856,-0.318848,0.893066
-0.051025,0.191284,1.103882
0.401855,-0.319092,1.017944
-0.457642,-0.020874,0.812744
0.476074,-0.147949,1.161987
-0.025635,-0.353394,0.873901
-0.113281,0.179199,1.083252
0.463501,-0.307373,1.065552
-0.464355,-0.016724,0.810425
0.404663,-0.046021,1.162720
0.049683,-0.367554,0.888550
-0.253052,0.193848,1.039307
0.532959,-0.303345,1.124390
-0.410889,-0.093140,0.793579
0.298462,0.060669,1.145264
0.112305,-0.358032,0.889526
-0.324341,0.128296,0.963135
0.568726,-0.306763,1.144165
-0.357178,-0.212769,0.803223
0.198486,0.102051,1.132935
0.182861,-0.377563,0.909058
-0.381104,0.129639,0.902100
0.556763,-0.270996,1.122559
-0.302124,-0.269775,0.812134
0.139282,0.078003,1.114624
0.268066,-0.407349,0.953735
-0.469482,0.151123,0.878784
0.544312,-0.204224,1.126221
-0.236572,-0.260986,0.841309
0.038208,0.101929,1.078857
0.309937,-0.410034,0.972656
-0.465942,0.046143,0.830566
0.526001,-0.153564,1.140625
-0.178711,-0.245972,0.827271
-0.041016,0.165405,1.073975
0.360962,-0.402710,0.961670
-0.482422,0.014893,0.826172
0.483643,-0.155273,1.126709
-0.132690,-0.314575,0.793457
-0.090942,0.156250,1.048950
0.401733,-0.353638,1.000977
-0.507324,-0.009277,0.803345
0.438721,-0.142944,1.124878
-0.081543,-0.344727,0.798462
-0.205688,0.215942,1.031860
0.435181,-0.320312,1.020630
-0.500244,-0.059937,0.781372
0.397827,-0.130859,1.123657
-0.061401,-0.322754,0.845947
-0.277222,0.187134,0.975952
0.480347,-0.301147,1.065674
-0.478638,-0.075684,0.761353
0.294556,-0.027222,1.123047
0.011230,-0.373047,0.840698
-0.337891,0.153931,0.942261
0.497559,-0.311890,1.058472
-0.433716,-0.128784,0.762939
0.221680,0.030273,1.102905
0.088745,-0.363770,0.872681
-0.433105,0.140015,0.900879
0.501831,-0.303223,1.067749
-0.404297,-0.200317,0.755615
0.131592,0.073120,1.078491
0.160034,-0.349609,0.884033
-0.486572,0.153931,0.859741
0.494263,-0.246460,1.063843
-0.313110,-0.263916,0.780518
0.029907,0.074951,1.047729
0.227783,-0.407349,0.897217
-0.512573,0.083740,0.805908
0.469116,-0.188721,1.069458
-0.245361,-0.284790,0.766846
-0.039185,0.133057,1.035400
0.274780,-0.411987,0.906372
-0.539062,0.025146,0.786743
0.454956,-0.192139,1.064209
-0.205566,-0.284302,0.762451
-0.161255,0.169189,1.007568
0.333008,-0.385742,0.934692
-0.541504,-0.013306,0.766479
0.423340,-0.169800,1.077637
-0.148193,-0.338745,0.759766
-0.266968,0.189209,0.957031
0.364014,-0.334229,0.949951
-0.556763,-0.049438,0.731201
0.357544,-0.151245,1.077515
-0.089233,-0.379272,0.783081
-0.334351,0.197632,0.921143
0.397949,-0.296631,0.977905
-0.541626,-0.052734,0.743652
0.249146,-0.086182,1.044312
-0.010986,-0.411011,0.816040
-0.417114,0.172363,0.876587
0.411133,-0.270386,1.005127
-0.499146,-0.094238,0.727051
0.152344,0.037720,1.052490
0.077026,-0.398193,0.833862
-0.511108,0.159912,0.853638
0.426758,-0.259888,1.003296
-0.393799,-0.174683,0.743530
0.027710,0.131592,1.032349
0.156128,-0.373657,0.842041
-0.559937,0.086426,0.786987
0.443970,-0.260498,1.031982
-0.287476,-0.328979,0.713257
-0.088501,0.160156,0.988403
0.242554,-0.364868,0.859375
-0.595825,0.054199,0.759277
0.411133,-0.221802,1.021240
-0.199585,-0.389282,0.700195
-0.193970,0.186401,0.961670
0.312134,-0.357666,0.899658
-0.626953,0.058594,0.747070
0.359497,-0.178345,1.035645
-0.143677,-0.379150,0.739624
-0.281738,0.154175,0.935303
0.336426,-0.327271,0.925293
-0.591675,0.037720,0.721558
0.276001,-0.085938,1.011108
-0.078491,-0.393555,0.763428
-0.381226,0.161377,0.901733
0.394775,-0.315308,0.968994
-0.561768,-0.002686,0.695312
0.170654,0.033936,1.009766
-0.003784,-0.375854,0.792114
-0.455322,0.159424,0.870483
0.412354,-0.309692,0.979614
-0.507202,-0.089233,0.707642
0.083496,0.112061,1.021973
0.068359,-0.375977,0.803955
-0.539307,0.173584,0.833252
0.439941,-0.282349,0.988403
-0.408691,-0.167969,0.733887
0.008545,0.140991,1.006470
0.144775,-0.417114,0.821777
-0.574707,0.143555,0.803101
0.423340,-0.195312,1.012695
-0.316650,-0.229004,0.735474
-0.069214,0.165894,0.988647
0.224121,-0.416138,0.853638
-0.597534,0.098999,0.760742
0.394531,-0.155640,1.010986
-0.221436,-0.290649,0.726807
-0.164673,0.189209,0.968262
0.304443,-0.375854,0.908203
-0.620972,0.059448,0.739014
0.360596,-0.150391,1.007324
-0.158325,-0.384766,0.697754
-0.269775,0.198975,0.923218
0.350830,-0.327148,0.921997
-0.578125,0.042480,0.741211
0.299805,-0.103394,0.996826
-0.085815,-0.399170,0.738403
-0.373413,0.197144,0.877075
0.393799,-0.297119,0.934448
-0.547607,0.000977,0.695801
0.180054,0.020996,0.987427
-0.012451,-0.372314,0.778687
-0.477539,0.177490,0.835571
0.438721,-0.295654,0.974487
-0.468628,-0.086792,0.726318
0.055786,0.178223,1.015503
0.089355,-0.396729,0.792358
-0.533691,0.178833,0.820190
0.423584,-0.236450,0.992920
-0.373779,-0.166626,0.744751
0.019775,0.171631,1.015991
0.156372,-0.370239,0.833008
-0.591187,0.159790,0.782349
0.459229,-0.211670,1.026855
-0.313965,-0.220215,0.747437
-0.072021,0.185913,0.975342
0.248657,-0.397339,0.871826
-0.589233,0.120239,0.773804
0.408325,-0.141846,1.027222
-0.212891,-0.278442,0.719116
-0.140259,0.209106,0.966675
0.307251,-0.363770,0.895386
-0.611450,0.094604,0.750366
0.394409,-0.177612,1.009155
-0.137329,-0.370239,0.727417
-0.224854,0.193848,0.911255
0.358643,-0.310547,0.914551
-0.591919,0.074097,0.742920
0.335327,-0.135132,1.003540
-0.067505,-0.395996,0.753418
-0.289307,0.159058,0.876709
0.396362,-0.293823,0.933716
-0.561279,0.056885,0.728638
0.212280,-0.001343,0.967041
0.008911,-0.419434,0.768066
-0.366821,0.125610,0.850098
0.416016,-0.289551,0.951172
-0.508057,0.015991,0.743652
0.146118,0.121094,1.010376
0.041748,-0.348999,0.794800
-0.450439,0.115112,0.829712
0.441528,-0.271484,0.997070
-0.452637,-0.088867,0.755615
0.080811,0.140869,1.015747
0.119873,-0.401855,0.807861
-0.538208,0.163208,0.800415
0.456421,-0.207397,1.015259
-0.350952,-0.159668,0.747681
0.002563,0.182251,1.014648
0.198608,-0.413086,0.832886
-0.584229,0.151611,0.771240
0.455566,-0.215210,1.016846
-0.248779,-0.235962,0.757446
-0.069336,0.219116,0.996216
0.250488,-0.370117,0.877197
-0.619629,0.118164,0.746338
0.451050,-0.236084,1.017700
-0.157715,-0.296143,0.772217
-0.160034,0.248291,0.961792
0.315308,-0.356323,0.895508
-0.586182,0.066895,0.752686
0.390991,-0.179199,1.010864
-0.088989,-0.343994,0.768311
-0.210938,0.226318,0.924316
0.373901,-0.325562,0.923706
-0.585938,0.046997,0.738647
0.330811,-0.135376,0.983154
-0.017212,-0.431763,0.767090
-0.257080,0.156494,0.892700
0.392944,-0.280762,0.941162
-0.562500,0.030396,0.729248
0.262451,-0.070801,0.975098
0.032837,-0.445435,0.771973
-0.320801,0.119995,0.854126
0.421753,-0.258301,0.969604
-0.531372,0.012451,0.730957
0.168457,0.013428,0.983154
0.093872,-0.471436,0.780762
-0.422485,0.131592,0.820190
0.440186,-0.264771,0.986816
-0.447754,-0.086914,0.748291
0.072144,0.094238,1.007446
0.155640,-0.464233,0.810547
-0.510986,0.097046,0.777100
0.424927,-0.184692,1.020264
-0.307861,-0.183594,0.778442
-0.125488,0.219971,0.966675
0.283569,-0.317749,0.903809
-0.609741,0.076050,0.732788
0.398438,-0.176636,1.021606
-0.078735,-0.374023,0.772461
-0.218018,0.176025,0.903198
0.336060,-0.276001,0.918213
-0.572388,0.056641,0.727905
0.318970,-0.112671,0.993652
-0.014648,-0.421509,0.782715
-0.304077,0.139160,0.865234
0.410522,-0.285034,0.946167
-0.549927,0.005859,0.713501
0.194946,-0.002197,0.978638
0.066040,-0.435547,0.786621
-0.403198,0.121094,0.820435
0.435059,-0.244507,0.980591
-0.466064,-0.054321,0.742310
0.101685,0.117310,1.016113
0.100220,-0.391357,0.796265
-0.508179,0.126465,0.795654
0.472168,-0.283325,1.005005
-0.374268,-0.137329,0.772949
-0.002197,0.141602,0.998901
0.213257,-0.423462,0.843506
-0.575317,0.124390,0.748291
0.442139,-0.194458,1.018555
-0.210327,-0.254272,0.772217
-0.106079,0.208984,0.988159
0.303833,-0.419678,0.896118
-0.604126,0.102417,0.743530
0.391602,-0.165894,1.016479
-0.072632,-0.341187,0.788574
-0.187134,0.203247,0.951050
0.340454,-0.311279,0.927246
-0.572510,0.016724,0.736938
0.342529,-0.151123,0.995850
-0.003906,-0.420044,0.771484
-0.257446,0.161255,0.881958
0.400513,-0.276855,0.947632
-0.548950,-0.016724,0.711914
0.244629,-0.060181,0.979492
0.056885,-0.445801,0.776245
-0.340332,0.067993,0.829224
0.432983,-0.273682,0.980225
-0.508301,-0.012573,0.738159
0.145142,0.058960,0.993896
0.108398,-0.448975,0.786621
-0.432495,0.071655,0.808838
0.456543,-0.261841,1.008057
-0.433594,-0.100098,0.743408
0.051758,0.153564,1.021118
0.178955,-0.447388,0.822998
-0.513428,0.070801,0.776733
0.473877,-0.281982,1.016235
-0.348267,-0.211060,0.740356
-0.012085,0.191650,1.027100
0.239380,-0.424438,0.859741
-0.539795,0.066772,0.750854
0.475464,-0.294189,1.016846
-0.262329,-0.229980,0.800171
-0.093140,0.181641,0.987915
0.290283,-0.416992,0.889771
-0.529297,0.035034,0.764160
0.426392,-0.200806,1.031006
-0.173828,-0.273804,0.801392
-0.145874,0.204102,0.993286
0.324097,-0.444092,0.890991
-0.538330,0.005005,0.752563
0.413696,-0.163696,1.049194
-0.079224,-0.303589,0.815186
-0.222290,0.210205,0.968018
0.365967,-0.430542,0.912720
-0.505981,-0.068481,0.744629
0.361572,-0.137695,1.032837
-0.007690,-0.371216,0.808105
-0.253296,0.211792,0.952026
0.411621,-0.379761,0.953369
-0.520874,-0.093994,0.724121
0.297363,-0.112793,1.008179
0.085815,-0.442627,0.814331
-0.321045,0.155518,0.890259
0.440430,-0.309448,0.994873
-0.459717,-0.127197,0.747925
0.200928,-0.016602,1.021729
0.094360,-0.467163,0.798950
-0.370728,0.098633,0.850098
0.482788,-0.306519,1.009399
-0.424805,-0.131104,0.764404
0.100220,0.042358,1.008545
0.188477,-0.482178,0.831543
-0.426758,0.034180,0.799194
0.509521,-0.276855,1.048462
-0.339722,-0.196777,0.769287
-0.008789,0.152344,1.026489
0.292114,-0.492310,0.877319
-0.488281,0.035522,0.785034
0.467163,-0.231445,1.057007
-0.205811,-0.270752,0.808105
-0.087158,0.167236,1.013916
0.349365,-0.412964,0.939087
-0.506104,0.017700,0.778076
0.423828,-0.145386,1.074707
-0.051636,-0.326538,0.840210
-0.163086,0.220459,1.044312
0.396118,-0.403809,0.958252
-0.513916,-0.029663,0.752197
0.370239,-0.137939,1.053955
0.061035,-0.408813,0.852905
-0.241333,0.192871,0.969971
0.456299,-0.322998,1.021118
-0.463745,-0.096802,0.765259
0.269043,-0.058838,1.050659
0.081177,-0.450562,0.833984
-0.312012,0.132446,0.932251
0.518921,-0.305420,1.057129
-0.410034,-0.117554,0.780396
0.151611,0.054199,1.039795
0.208130,-0.470825,0.879761
-0.385620,0.051392,0.850220
0.516846,-0.239380,1.097412
-0.296875,-0.237183,0.791016
0.048218,0.142212,1.062744
0.285645,-0.455444,0.900635
-0.456909,0.023804,0.808716
0.519531,-0.239746,1.108887
-0.188599,-0.265991,0.852417
-0.046509,0.175659,1.052612
0.343018,-0.374023,0.970093
-0.471924,0.000732,0.796997
0.490601,-0.164429,1.143921
-0.073120,-0.323486,0.859253
-0.123535,0.227539,1.063354
0.418213,-0.386963,0.988037
-0.457886,-0.024658,0.821289
0.421509,-0.127075,1.107666
0.044434,-0.389038,0.888184
-0.197021,0.205444,1.023682
0.469482,-0.321777,1.051025
-0.425659,-0.074341,0.792480
0.358643,-0.028931,1.127319
0.075562,-0.385132,0.883301
-0.247925,0.176270,1.010620
0.506714,-0.307007,1.085449
-0.423462,-0.143311,0.786133
0.283569,-0.010742,1.102905
0.157593,-0.396240,0.907104
-0.318848,0.152832,0.954468
0.557251,-0.274780,1.120972
-0.364014,-0.167603,0.804565
0.182373,0.047485,1.079712
0.244141,-0.431274,0.927124
-0.366943,0.102539,0.896240
0.564453,-0.226318,1.126343
-0.283447,-0.191162,0.838379
0.109253,0.102539,1.083984
0.314941,-0.438843,0.957764
-0.423584,0.069702,0.862549
0.554565,-0.206055,1.148926
-0.198853,-0.255737,0.849731
0.002563,0.188354,1.096069
0.396240,-0.405273,1.002686
-0.457397,0.054688,0.858398
0.512817,-0.151611,1.152100
-0.075562,-0.298340,0.895020
-0.088013,0.220947,1.089844
0.447876,-0.394531,1.025635
-0.447388,0.012817,0.856812
0.459961,-0.090088,1.155396
0.019531,-0.353149,0.900513
-0.130737,0.181274,1.075806
0.481079,-0.337769,1.075317
-0.467041,-0.015503,0.824585
0.430786,-0.066284,1.157227
0.062988,-0.348022,0.911133
-0.212891,0.229614,1.046753
0.514771,-0.278442,1.109741
-0.420166,-0.103271,0.805176
0.367798,-0.050293,1.150024
0.109253,-0.356567,0.928711
-0.269531,0.201538,1.027344
0.546753,-0.255737,1.141113
-0.384155,-0.133911,0.824829
0.269409,0.022095,1.134155
0.206177,-0.409912,0.950562
-0.335083,0.142212,0.941772
0.564453,-0.235718,1.140137
-0.312256,-0.172363,0.828125
0.164429,0.085571,1.107666
0.277222,-0.416260,0.965454
-0.383667,0.097656,0.908325
0.564819,-0.183594,1.163696
-0.254028,-0.221191,0.840332
0.068237,0.129028,1.099365
0.346069,-0.419067,0.991333
-0.424438,0.049194,0.878296
0.539307,-0.151855,1.167358
-0.137695,-0.266724,0.863403
-0.027466,0.195435,1.092896
0.405151,-0.371826,1.018677
-0.445923,-0.016479,0.844360
0.497314,-0.135010,1.176758
-0.033691,-0.352905,0.867554
-0.101196,0.197998,1.082642
0.447876,-0.317749,1.044922
-0.464966,-0.028564,0.829956
0.437012,-0.117920,1.164917
0.017456,-0.346680,0.894653
-0.211060,0.218018,1.049438
0.486694,-0.270630,1.095093
-0.423218,-0.086426,0.808228
0.343628,-0.034546,1.148682
0.105347,-0.383301,0.906372
-0.295288,0.156372,0.981812
0.527588,-0.245850,1.116943
-0.367920,-0.135010,0.803345
0.223022,0.060059,1.122192
0.207886,-0.421753,0.939331
-0.376831,0.092407,0.913574
0.537842,-0.226685,1.136719
-0.298950,-0.205444,0.815430
0.094971,0.136719,1.096436
0.289795,-0.373779,0.968262
-0.430176,0.047485,0.872925
0.524292,-0.203857,1.136353
-0.184814,-0.311279,0.835815
-0.010010,0.138306,1.068481
0.349731,-0.357056,0.980347
-0.465088,-0.003052,0.820312
0.491089,-0.139160,1.147949
-0.099243,-0.333862,0.833252
-0.123535,0.156372,1.044922
0.398926,-0.350342,0.998413
-0.476562,-0.027588,0.808838
0.433228,-0.098145,1.145752
-0.056519,-0.333008,0.839844
-0.224243,0.201294,1.023071
0.467651,-0.305176,1.058228
-0.480225,-0.066528,0.776123
0.333008,-0.060303,1.119507
0.029297,-0.362671,0.873657
-0.305908,0.176392,0.972534
0.495850,-0.276245,1.079834
-0.426147,-0.140991,0.768677
0.225342,0.022583,1.105591
0.115845,-0.400146,0.874390
-0.396362,0.131348,0.905151
0.522095,-0.256470,1.098633
-0.368774,-0.182495,0.789185
0.109985,0.063110,1.075806
0.197144,-0.399292,0.903931
-0.475342,0.067017,0.836548
0.528076,-0.231934,1.112549
-0.241455,-0.303711,0.793579
-0.025879,0.148315,1.041016
0.273438,-0.378784,0.909790
-0.483643,0.012939,0.808716
0.484131,-0.201782,1.102661
-0.168701,-0.336792,0.787354
-0.111694,0.134888,1.000854
0.325928,-0.333984,0.939697
-0.524902,-0.027466,0.773438
0.437622,-0.198364,1.105591
-0.117432,-0.380493,0.791992
-0.237549,0.163818,0.973999
0.380493,-0.313843,0.984619
-0.512939,-0.031128,0.765015
0.318359,-0.088867,1.081177
-0.034912,-0.391113,0.817139
-0.329346,0.153687,0.932617
0.423706,-0.283569,1.024414
-0.477173,-0.063721,0.750732
0.207397,0.020020,1.075073
0.068726,-0.365479,0.868652
-0.427856,0.120239,0.897461
0.451538,-0.289551,1.047485
-0.447021,-0.178467,0.737549
0.099243,0.124146,1.067017
0.129028,-0.394043,0.849609
-0.488037,0.122925,0.845703
0.487549,-0.263916,1.053711
-0.340942,-0.245728,0.752808
-0.000366,0.093750,1.030273
0.188599,-0.361572,0.873047
-0.540161,0.079346,0.789917
0.473389,-0.254028,1.053345
-0.239746,-0.318115,0.755981
-0.106812,0.131226,0.987183
0.280029,-0.400024,0.895752
-0.571045,0.043213,0.755859
0.425049,-0.199829,1.053955
-0.187012,-0.334595,0.748657
-0.216309,0.160767,0.978271
0.357178,-0.386353,0.933350
-0.574585,0.019409,0.753418
0.345825,-0.118408,1.045776
-0.135864,-0.307007,0.774902
-0.302734,0.151001,0.928711
0.389404,-0.336670,0.973267
-0.556396,-0.041870,0.730713
0.260864,-0.063477,1.038330
-0.073975,-0.351807,0.775024
-0.412964,0.173218,0.882080
0.433105,-0.319214,1.002075
-0.500610,-0.125244,0.730347
0.118896,0.033447,1.008789
0.011841,-0.385132,0.798828
-0.470215,0.146118,0.858398
0.445801,-0.274902,1.029297
-0.446777,-0.132202,0.755859
0.025879,0.109863,1.013672
0.123779,-0.408936,0.831177
-0.532837,0.104736,0.824829
0.433716,-0.230225,1.037109
-0.331909,-0.237305,0.733276
-0.053711,0.178833,1.006714
0.212158,-0.394531,0.852905
-0.589722,0.069824,0.762207
0.421265,-0.196899,1.035400
-0.244019,-0.325562,0.714478
-0.145508,0.158936,0.952393
0.283691,-0.368896,0.884521
-0.614624,0.066406,0.723022
0.384766,-0.175659,1.027588
-0.189331,-0.364868,0.723267
-0.228882,0.155273,0.952515
0.334839,-0.361816,0.915894
-0.620972,0.072998,0.734009
0.315186,-0.118774,1.009399
-0.110229,-0.385986,0.740967
-0.339111,0.196899,0.905762
0.368408,-0.322876,0.939941
-0.575806,0.014282,0.717407
0.236816,-0.039062,1.013062
-0.060547,-0.396729,0.761963
-0.436646,0.209106,0.878906
0.407715,-0.298096,0.965698
-0.535767,-0.070068,0.710205
0.127686,0.060425,1.017456
0.042969,-0.404297,0.808594
-0.525269,0.196777,0.841431
0.415771,-0.252441,0.989990
-0.426880,-0.153442,0.738403
0.030151,0.120850,1.012451
0.149658,-0.428833,0.826050
-0.586670,0.184082,0.806763
0.409546,-0.206909,1.001099
-0.302490,-0.242798,0.736694
-0.068237,0.156860,0.982544
0.230225,-0.405762,0.859497
-0.593506,0.134644,0.773071
0.404419,-0.151123,1.015259
-0.221924,-0.281006,0.725464
-0.171387,0.185059,0.958252
0.312744,-0.416626,0.892334
-0.598389,0.077393,0.760498
0.381958,-0.140503,1.008179
-0.162720,-0.309692,0.731201
-0.267212,0.200684,0.904053
0.366943,-0.359741,0.926270
-0.586792,0.017456,0.723999
0.314941,-0.074585,1.018188
-0.107300,-0.379395,0.719727
-0.352905,0.206665,0.890381
0.391602,-0.321899,0.929321
-0.564697,-0.030640,0.717163
0.223755,-0.039307,0.993408
-0.031372,-0.376953,0.771362
-0.443604,0.216675,0.848877
0.415405,-0.264648,0.973633
-0.507568,-0.098022,0.713135
0.103027,0.055786,1.009521
0.075806,-0.399170,0.809937
-0.533813,0.212646,0.827393
0.438599,-0.227905,0.990112
-0.376099,-0.139648,0.741577
-0.005005,0.151245,1.002686
0.189697,-0.414185,0.837280
-0.577637,0.123779,0.770020
0.422485,-0.161255,1.013550
-0.254028,-0.244873,0.733887
-0.117676,0.191772,0.974487
0.290527,-0.360962,0.892578
-0.614136,0.090820,0.752808
0.385254,-0.144653,1.014282
-0.121460,-0.366089,0.735474
-0.231934,0.199585,0.921387
0.353760,-0.317749,0.918091
-0.580933,0.048828,0.736328
0.290161,-0.080200,0.979858
-0.033936,-0.412720,0.762329
-0.341797,0.167969,0.860962
0.405884,-0.284912,0.945923
-0.542603,0.027344,0.723022
0.177734,0.028198,0.988525
0.016113,-0.406128,0.764038
-0.440796,0.164429,0.844604
0.442627,-0.237549,0.993042
-0.452393,-0.072754,0.751221
0.064697,0.174194,1.011353
0.098267,-0.394287,0.793823
-0.523193,0.135986,0.802612
0.457153,-0.237183,1.011841
-0.338013,-0.170776,0.754517
-0.021729,0.202515,1.006714
0.194946,-0.383057,0.829346
-0.584961,0.142822,0.774414
0.463623,-0.207397,1.022949
-0.242676,-0.229370,0.759033
-0.095459,0.185913,0.973755
0.270386,-0.359863,0.884766
-0.609009,0.141479,0.745850
0.431885,-0.177979,1.024658
-0.140625,-0.323730,0.769531
-0.165894,0.174316,0.926880
0.327393,-0.320679,0.909668
-0.591431,0.119629,0.751831
0.378052,-0.121582,1.019287
-0.084717,-0.378540,0.757324
-0.247314,0.162354,0.891113
0.382812,-0.352539,0.932129
-0.559326,0.029785,0.730103
0.298706,-0.062866,0.985962
-0.013916,-0.400269,0.756592
-0.324829,0.179321,0.863159
0.407349,-0.311890,0.940186
-0.535889,-0.072144,0.715820
0.239624,-0.038696,0.995361
0.015869,-0.405151,0.765991
-0.387939,0.170288,0.837646
0.447144,-0.273560,0.979004
-0.498779,-0.086548,0.738647
0.132202,0.002075,0.985962
0.095459,-0.465942,0.781250
-0.461670,0.152222,0.813721
0.456299,-0.230591,0.987061
-0.420532,-0.096680,0.760864
0.035400,0.113403,1.001099
0.185547,-0.478394,0.813477
-0.526611,0.118408,0.776978
0.452148,-0.215698,1.006226
-0.308594,-0.156128,0.776123
-0.061401,0.180664,0.990723
0.253906,-0.428833,0.861938
-0.572632,0.062256,0.721924
0.445068,-0.191650,1.032471
-0.167358,-0.266113,0.792969
-0.143677,0.214722,0.977783
0.315674,-0.375244,0.915283
-0.580444,0.067383,0.752563
0.419312,-0.199585,1.017090
-0.087891,-0.348755,0.788452
-0.206055,0.193848,0.939575
0.352905,-0.319092,0.928467
-0.553955,0.004272,0.747925
0.346436,-0.145630,1.006958
-0.015259,-0.413086,0.780396
-0.286255,0.175293,0.882202
0.411621,-0.363403,0.931519
-0.545532,-0.035645,0.734741
0.268188,-0.084595,0.983887
0.037476,-0.445801,0.776123
-0.337036,0.130615,0.849854
0.443237,-0.312500,0.984375
-0.500366,-0.082153,0.728271
0.176025,-0.003296,0.994873
0.093262,-0.500488,0.782104
-0.390259,0.095459,0.817505
0.453247,-0.274170,0.996582
-0.447998,-0.093018,0.762695
0.091309,0.069092,1.000000
0.141724,-0.491333,0.789429
-0.442505,0.088135,0.798218
0.463013,-0.262573,1.006104
-0.390137,-0.136475,0.753662
0.020508,0.117920,0.999268
0.219116,-0.485962,0.834473
-0.510254,0.044312,0.759155
0.460449,-0.247437,1.014526
-0.286133,-0.212280,0.770874
-0.071655,0.185181,1.008301
0.290649,-0.449951,0.888794
-0.538696,0.016602,0.752686
0.425781,-0.222656,1.028687
-0.166626,-0.300171,0.781250
-0.145996,0.187256,0.985352
0.350342,-0.398926,0.923584
-0.537964,0.015381,0.758789
0.376343,-0.143433,1.037720
-0.041992,-0.381348,0.804688
-0.216187,0.149292,0.933105
0.399536,-0.373047,0.947632
-0.518066,-0.038452,0.737915
0.307495,-0.084839,1.012451
0.046021,-0.451050,0.797485
-0.291626,0.131104,0.896851
0.447632,-0.354370,0.974365
-0.471802,-0.116333,0.747314
0.211548,0.002930,1.026855
0.086060,-0.462524,0.793579
-0.363159,0.120239,0.870483
0.480225,-0.323853,1.011597
-0.425781,-0.147095,0.752075
0.127197,0.025879,1.012085
0.151855,-0.445068,0.836914
-0.438354,0.054565,0.796021
0.511719,-0.257446,1.066650
-0.338745,-0.219971,0.763184
0.012939,0.150024,1.036987
0.250854,-0.472046,0.867554
-0.481079,0.020630,0.769897
0.499390,-0.254883,1.071289
-0.234131,-0.269775,0.793579
-0.086060,0.180908,1.010742
0.332764,-0.423950,0.925171
-0.512939,0.034058,0.785767
0.454468,-0.199463,1.065674
-0.096802,-0.301758,0.853271
-0.160522,0.173462,1.002075
0.379761,-0.389648,0.960205
-0.509644,-0.005127,0.762939
0.398071,-0.149292,1.057007
0.033081,-0.390259,0.862183
-0.232666,0.197510,0.988770
0.433228,-0.370728,0.988159
-0.490356,-0.063354,0.752930
0.313599,-0.073853,1.051270
0.074585,-0.427979,0.824829
-0.271606,0.152954,0.957031
0.489380,-0.328979,1.037720
-0.439209,-0.120850,0.779053
0.228027,-0.015259,1.047852
0.125244,-0.425415,0.847412
-0.330688,0.103149,0.907227
0.524902,-0.279907,1.081909
-0.390259,-0.174194,0.756592
0.142822,0.076538,1.051147
0.222046,-0.465576,0.875122
-0.420532,0.057007,0.840820
0.541382,-0.282593,1.100220
-0.306030,-0.233643,0.794434
0.051880,0.132080,1.048706
0.300049,-0.435303,0.921753
-0.453857,0.049805,0.822388
0.517456,-0.210815,1.119141
-0.218872,-0.270874,0.823242
-0.034790,0.169922,1.055664
0.362305,-0.420776,0.961060
-0.460815,0.036011,0.815918
0.475342,-0.153931,1.116211
-0.102295,-0.300171,0.861816
-0.110962,0.181274,1.045776
0.416626,-0.417847,0.994507
-0.468994,-0.015381,0.808838
0.437500,-0.104370,1.119629
0.019653,-0.335693,0.884155
-0.182495,0.228516,1.038940
0.463989,-0.361328,1.026245
-0.439331,-0.081055,0.795532
0.381226,-0.073242,1.125366
0.076782,-0.384766,0.887329
-0.255859,0.217285,1.013672
0.498901,-0.314575,1.066772
-0.388794,-0.131104,0.801758
0.293213,-0.000366,1.127075
0.133179,-0.398560,0.897461
-0.312744,0.159546,0.970093
0.542603,-0.278564,1.103638
-0.357544,-0.164307,0.817993
0.205811,0.058960,1.099365
0.239990,-0.423584,0.939697
0.117310,0.093994,1.091553
0.319946,-0.455811,0.970215
0.535156,-0.186646,1.132812
-0.172485,-0.236572,0.864502
0.009033,0.168213,1.098877
0.363647,-0.415283,0.999512
-0.449585,0.042114,0.846191
0.510620,-0.130615,1.151489
-0.052002,-0.297241,0.892700
-0.091309,0.226074,1.100098
0.420654,-0.379395,1.024902
-0.465210,-0.017212,0.819458
0.492676,-0.137207,1.161621
0.046265,-0.344116,0.915771
-0.145264,0.227173,1.059692
0.462158,-0.292114,1.063843
-0.452637,-0.021851,0.822632
0.438721,-0.103638,1.144043
0.055542,-0.384155,0.904053
-0.205811,0.199219,1.057983
0.517822,-0.278198,1.127319
-0.432007,-0.086792,0.792236
0.335083,0.021729,1.149902
0.136475,-0.404053,0.908203
-0.265381,0.188477,1.044312
0.552856,-0.279419,1.145142
-0.381348,-0.134644,0.816406
0.273438,0.068115,1.134888
0.188354,-0.379272,0.924561
-0.339600,0.140137,0.951172
0.592773,-0.292480,1.153320
-0.321045,-0.213745,0.827026
0.184692,0.095825,1.118164
0.237549,-0.399536,0.927002
-0.393066,0.067017,0.876709
0.596680,-0.272583,1.160400
-0.235107,-0.304443,0.841187
0.106201,0.145142,1.112915
0.307129,-0.398193,0.955444
-0.437256,0.113403,0.879517
0.572388,-0.279907,1.138184
-0.217896,-0.312622,0.847290
0.055298,0.121704,1.095093
0.363037,-0.380005,0.981934
-0.459839,0.103271,0.862183
0.540283,-0.145386,1.172241
-0.132812,-0.313477,0.858032
-0.010376,0.153198,1.095459
0.383667,-0.384277,1.005493
-0.463257,0.041748,0.853516
0.543335,-0.142944,1.176880
-0.073242,-0.322632,0.871704
-0.082275,0.180176,1.083618
0.420654,-0.362793,1.027100
-0.447021,-0.021973,0.844238
0.504272,-0.099854,1.168945
-0.050659,-0.293701,0.863159
-0.136841,0.174316,1.033691
0.454102,-0.314453,1.056152
-0.456909,-0.059448,0.817505
0.457642,-0.107910,1.165771
-0.009277,-0.320679,0.892944
-0.213013,0.199219,1.038330
0.484009,-0.287354,1.089478
-0.468384,-0.061279,0.805542
0.397949,-0.084717,1.156006
0.049683,-0.373413,0.900269
-0.259521,0.170044,1.000610
0.500732,-0.266724,1.099976
-0.438110,-0.075806,0.798218
0.321655,-0.050049,1.131226
0.103271,-0.396484,0.899292
-0.299438,0.152100,0.962891
0.530273,-0.251709,1.115234
-0.413940,-0.121216,0.785034
0.237061,0.009033,1.116577
0.166382,-0.428955,0.908447
-0.357788,0.128296,0.933960
0.541260,-0.243530,1.118530
-0.346924,-0.154663,0.809814
0.130615,0.105347,1.098511
0.232422,-0.433838,0.934692
-0.406006,0.076660,0.904419
0.538818,-0.247925,1.116699
-0.309204,-0.175293,0.810547
0.064575,0.141602,1.088745
0.264404,-0.376221,0.942505
-0.451782,0.026733,0.854004
0.533813,-0.236694,1.122192
-0.197144,-0.285278,0.830078
-0.022705,0.164185,1.065796
0.315796,-0.367310,0.947388
-0.489380,0.031616,0.816528
0.484253,-0.180298,1.123901
-0.126587,-0.364868,0.794189
-0.090698,0.146484,1.035889
0.353271,-0.322144,0.966309
-0.434204,-0.065186,0.813599
0.393433,-0.038818,1.162598
-0.109741,-0.348511,0.806885
-0.276367,0.165039,1.003906
0.540039,-0.296143,1.134521
-0.407959,-0.146484,0.805420
0.270020,0.039185,1.137573
0.162842,-0.391479,0.921143
-0.325562,0.127197,0.946899
0.551392,-0.247192,1.141479
-0.335938,-0.214111,0.817749
0.161621,0.070923,1.109985
0.231201,-0.390991,0.936523
-0.401855,0.078247,0.873901
0.554932,-0.186279,1.162231
-0.235107,-0.274048,0.844849
0.058838,0.117554,1.094116
0.300049,-0.418701,0.939087
-0.457031,0.059814,0.869507
0.549561,-0.169922,1.163330
-0.134644,-0.291748,0.848999
-0.042603,0.174438,1.082520
0.363159,-0.393066,0.971558
-0.494385,0.020630,0.824951
0.517578,-0.187744,1.142090
-0.075073,-0.319336,0.855103
-0.122681,0.196655,1.067261
0.397705,-0.327271,0.996948
-0.510010,-0.009399,0.793945
0.457520,-0.165649,1.135498
-0.028564,-0.351685,0.880249
-0.222046,0.203857,1.030518
0.447632,-0.299072,1.039795
-0.478394,-0.048706,0.795288
0.369507,-0.112793,1.127197
0.023926,-0.387329,0.878662
-0.277710,0.170044,0.980103
0.461304,-0.257202,1.063354
-0.450073,-0.076904,0.764160
0.293335,-0.030640,1.119629
0.101807,-0.417847,0.889404
-0.355957,0.126343,0.937866
0.481201,-0.261963,1.076660
-0.401489,-0.134766,0.772949
0.175659,0.098633,1.115479
0.165894,-0.380859,0.916260
-0.427856,0.085938,0.893677
0.511597,-0.270874,1.095947
-0.370972,-0.212280,0.763794
0.093384,0.146606,1.094971
0.213745,-0.363647,0.902100
-0.482666,0.068237,0.850586
0.524780,-0.269897,1.098511
-0.236694,-0.287842,0.807129
0.004639,0.140015,1.056641
0.249023,-0.363525,0.900879
-0.504639,0.031250,0.801758
0.510986,-0.242920,1.107056
-0.179443,-0.346436,0.781494
-0.070190,0.155640,1.028564
0.299561,-0.355347,0.915283
-0.535156,0.045898,0.793579
0.471802,-0.263550,1.073975
-0.154541,-0.409302,0.774658
-0.148315,0.144531,1.014160
0.344238,-0.338989,0.948242
-0.545288,0.052246,0.769409
0.418823,-0.173828,1.096069
-0.122070,-0.376587,0.796631
-0.238403,0.167480,0.996704
0.384277,-0.328003,0.980957
-0.534912,-0.032227,0.755615
0.357300,-0.103516,1.083252
-0.084473,-0.358521,0.793335
-0.316895,0.197754,0.954590
0.429443,-0.342285,0.997314
-0.526367,-0.022339,0.766235
0.301514,-0.079224,1.076416
-0.033081,-0.362549,0.809204
-0.367188,0.168823,0.908813
0.438110,-0.306519,1.016602
-0.502441,-0.078369,0.744385
0.212402,-0.020752,1.061768
0.047119,-0.417114,0.832886
-0.440308,0.177979,0.882568
0.429810,-0.258545,1.023804
-0.458252,-0.120361,0.754395
0.124756,0.031982,1.042969
0.103149,-0.417480,0.858398
-0.499146,0.111938,0.842773
0.468628,-0.251709,1.046875
-0.394531,-0.185913,0.751221
0.008667,0.123413,1.026611
0.192383,-0.396973,0.868042
-0.540039,0.081665,0.806152
0.462158,-0.235474,1.052002
-0.282837,-0.290283,0.740112
-0.078003,0.144287,0.999756
0.264771,-0.385254,0.889282
-0.580688,0.070068,0.769897
0.414185,-0.209351,1.028076
-0.199829,-0.327759,0.740479
-0.154907,0.153198,0.998779
0.282715,-0.323608,0.912720
-0.614380,0.052490,0.744385
0.382690,-0.205688,1.041504
-0.149170,-0.430908,0.737671
-0.281372,0.154541,0.945801
0.375366,-0.332886,0.955933
-0.577271,0.054077,0.724487
0.253784,-0.005127,1.031616
-0.055054,-0.351074,0.805298
-0.389893,0.129395,0.899414
0.407349,-0.368408,0.972900
-0.544922,-0.091797,0.690674
0.190063,0.050659,1.051025
-0.021851,-0.333008,0.796021
-0.476318,0.158081,0.844238
0.444946,-0.319946,1.001465
-0.485840,-0.134766,0.723999
0.080200,0.101440,1.029053
0.094604,-0.408691,0.819702
-0.533691,0.156738,0.835205
0.429199,-0.259033,1.005981
-0.388916,-0.211060,0.718750
0.002197,0.154297,1.024414
0.171631,-0.405884,0.833374
-0.595337,0.138672,0.806030
0.443481,-0.271606,1.004395
-0.278442,-0.300171,0.716431
-0.109619,0.187012,0.982056
0.238403,-0.384644,0.856689
-0.591675,0.081665,0.769165
0.414795,-0.241821,1.000122
-0.211914,-0.333374,0.737549
-0.194946,0.200317,0.963379
0.303345,-0.413696,0.885376
-0.605347,0.061279,0.731812
0.386230,-0.132446,1.045044
-0.184082,-0.336060,0.705078
-0.250122,0.193115,0.939941
0.342285,-0.376953,0.914062
-0.600220,0.017822,0.736816
0.328735,-0.135498,1.019165
-0.139648,-0.404297,0.714722
-0.322388,0.183350,0.888672
0.369629,-0.336060,0.929810
-0.586060,0.041870,0.732300
0.272705,-0.083130,1.010010
-0.077271,-0.392944,0.750610
-0.405762,0.205200,0.873657
0.394653,-0.324951,0.946411
-0.553345,-0.047974,0.706421
0.180054,-0.005615,0.997925
-0.010498,-0.400269,0.769653
-0.475220,0.224121,0.867920
0.422607,-0.292969,0.963867
-0.492676,-0.095337,0.721558
0.092896,0.062134,1.011230
0.059692,-0.419800,0.792236
-0.557007,0.212036,0.829712
0.448608,-0.255981,1.001831
-0.385620,-0.142822,0.762207
-0.017456,0.159546,1.007935
0.159546,-0.429810,0.831055
-0.582153,0.165161,0.792114
0.428101,-0.203125,1.003296
-0.286865,-0.241455,0.733887
-0.075806,0.204956,1.002930
0.237183,-0.381958,0.859863
-0.621094,0.128296,0.763794
0.414551,-0.195435,1.010498
-0.192017,-0.328613,0.723999
-0.159668,0.202393,0.948120
0.304932,-0.334229,0.901001
-0.629028,0.093994,0.747070
0.377319,-0.185547,0.996460
-0.140747,-0.391724,0.707642
-0.222290,0.173828,0.920410
0.345581,-0.323853,0.914429
-0.609619,0.081909,0.724487
0.310547,-0.112427,0.981812
-0.084351,-0.387695,0.736084
-0.318726,0.140381,0.873169
0.398560,-0.312378,0.949097
-0.573242,0.049316,0.714600
0.212891,0.009155,0.972290
-0.036255,-0.382324,0.748169
-0.381958,0.153076,0.875610
0.431274,-0.313599,0.968384
-0.551636,-0.031006,0.715332
0.133911,0.086304,0.993164
0.022949,-0.403076,0.757446
-0.437866,0.197998,0.863525
0.424072,-0.269165,0.963501
-0.491821,-0.103638,0.720703
0.118164,0.107056,1.008057
0.045166,-0.372192,0.786255
-0.515259,0.190918,0.822510
0.459229,-0.269653,0.992920
-0.420898,-0.115112,0.748657
0.041138,0.151001,1.013062
0.110962,-0.388428,0.800049
-0.529907,0.148682,0.805298
0.459717,-0.230591,1.016968
-0.380859,-0.158325,0.749268
-0.008057,0.163086,1.000122
0.186035,-0.399170,0.832397
-0.563965,0.134521,0.787964
0.449097,-0.205444,1.023682
-0.288818,-0.211792,0.744995
-0.068970,0.207886,0.987793
0.245728,-0.364746,0.871094
-0.597412,0.094971,0.743530
0.437988,-0.183716,1.033447
-0.205688,-0.289429,0.752075
-0.132935,0.197876,0.962280
0.301147,-0.368286,0.890015
-0.588379,0.086548,0.761963
0.409912,-0.155884,1.026978
-0.127563,-0.323120,0.763428
-0.218262,0.196899,0.914673
0.350952,-0.342896,0.915649
-0.577515,0.092773,0.750244
0.350586,-0.113281,1.009033
-0.064331,-0.395142,0.749878
-0.276489,0.206665,0.887695
0.372559,-0.303955,0.928101
-0.554932,0.033813,0.731689
0.292847,-0.054199,1.008545
-0.016724,-0.415649,0.760010
-0.328735,0.163208,0.853394
0.407715,-0.281616,0.948730
-0.539795,0.002563,0.732422
0.195679,-0.005615,0.995850
0.037354,-0.439209,0.770386
-0.396240,0.139526,0.840454
0.429565,-0.237793,0.980713
-0.477417,-0.039307,0.740845
0.118286,0.103882,1.013672
0.097534,-0.418823,0.806152
-0.487427,0.130127,0.801392
0.446899,-0.257568,0.994507
-0.413330,-0.105103,0.750244
0.034790,0.173462,1.019287
0.178467,-0.418579,0.830566
-0.543213,0.112793,0.777954
0.442017,-0.235229,0.999756
-0.307861,-0.206055,0.751221
-0.045166,0.204834,1.014282
0.247314,-0.382202,0.868164
-0.574585,0.086304,0.747437
0.436157,-0.231079,1.003540
-0.190186,-0.291870,0.760864
-0.136475,0.211426,0.964478
0.322388,-0.378296,0.905273
-0.569458,0.062134,0.751221
0.391357,-0.159058,1.010864
-0.083618,-0.360596,0.774048
-0.212280,0.198853,0.931519
0.357910,-0.336914,0.921997
-0.569336,0.010620,0.737915
0.327881,-0.120850,1.006592
-0.007080,-0.438965,0.768799
-0.284424,0.156860,0.871704
0.387207,-0.304321,0.943848
-0.532715,-0.037231,0.719238
0.242432,-0.057617,0.987671
0.045410,-0.441284,0.778198
-0.370117,0.128662,0.830566
0.437012,-0.294067,0.972900
-0.489380,-0.067505,0.727417
0.148682,0.044434,1.003174
0.109497,-0.441528,0.797363
-0.463989,0.156372,0.821289
0.455933,-0.287476,0.972290
-0.408203,-0.134399,0.762573
0.046509,0.097656,1.008667
0.179688,-0.462036,0.828247
-0.533813,0.093994,0.759521
0.468628,-0.236450,1.015991
-0.277588,-0.183105,0.797729
-0.091919,0.181885,0.985596
0.265625,-0.459351,0.860840
-0.547729,0.026245,0.730957
0.429199,-0.181396,1.033936
-0.149780,-0.273682,0.794312
-0.180786,0.209106,0.969116
0.354858,-0.428589,0.904907
-0.551025,-0.002808,0.745972
0.362915,-0.140015,1.021484
-0.017456,-0.367554,0.793945
-0.274536,0.184814,0.901489
0.413696,-0.367065,0.958008
-0.517944,-0.078369,0.736084
0.253174,-0.072388,1.004761
0.060791,-0.464111,0.774780
-0.354614,0.148682,0.862793
0.447876,-0.321533,0.974731
-0.456299,-0.130859,0.750000
0.134644,0.030518,1.002563
0.108643,-0.453247,0.805176
-0.452393,0.081055,0.793579
0.480225,-0.285156,1.018433
-0.366211,-0.213379,0.737549
0.018066,0.170532,1.042847
0.220215,-0.432617,0.846313
-0.507446,0.033081,0.758667
0.474976,-0.286377,1.026245
-0.248169,-0.248291,0.802490
-0.107666,0.207764,1.010986
0.314331,-0.444336,0.888916
-0.532593,0.035645,0.765747
0.423340,-0.202515,1.046875
-0.118286,-0.309692,0.805908
-0.178101,0.206543,0.992188
0.381226,-0.415283,0.941040
-0.525757,-0.006592,0.758057
0.363281,-0.158813,1.015259
-0.009644,-0.372559,0.828369
-0.246582,0.197388,0.938843
0.425537,-0.384888,0.964966
-0.494141,-0.101929,0.746460
0.296509,-0.091187,1.037842
0.059570,-0.434448,0.806030
-0.317871,0.160156,0.895386
0.453003,-0.337646,0.994263
-0.455322,-0.152344,0.752319
0.231445,-0.054810,1.029297
0.112427,-0.449951,0.806274
-0.392578,0.165894,0.861694
0.476685,-0.292114,1.010620
-0.393921,-0.183716,0.764648
0.124634,0.027832,1.034790
0.201538,-0.493530,0.849731
-0.444458,0.077271,0.804932
0.477173,-0.254028,1.028076
-0.311035,-0.211060,0.771851
0.022217,0.123047,1.029419
0.289307,-0.451294,0.899048
-0.481689,0.031616,0.774780
0.459717,-0.216553,1.057861
-0.207275,-0.263550,0.815063
-0.083984,0.159302,1.024902
0.366333,-0.442383,0.953003
-0.507202,-0.001465,0.776611
0.431030,-0.151245,1.072021
-0.074951,-0.332397,0.818359
-0.166870,0.192627,1.011841
0.421265,-0.402832,0.972656
-0.491577,-0.051270,0.780762
0.361816,-0.109009,1.068726
0.054932,-0.424683,0.830322
-0.254028,0.178589,0.955200
0.476929,-0.355347,1.019653
-0.462158,-0.107056,0.765869
0.290161,-0.041504,1.069824
0.083008,-0.406372,0.830078
-0.319092,0.154053,0.930176
0.509644,-0.297485,1.060059
-0.407227,-0.142212,0.784546
0.189941,0.016235,1.060303
0.187988,-0.469116,0.876587
-0.401611,0.090088,0.854370
0.537109,-0.256958,1.089966
-0.330322,-0.176758,0.793091
0.085693,0.121704,1.073853
0.286377,-0.506470,0.895142
-0.452515,0.023071,0.810425
0.514038,-0.230347,1.092529
-0.232178,-0.231323,0.825562
-0.006226,0.181885,1.059570
0.357544,-0.418701,0.960815
-0.484741,0.006958,0.783569
0.483154,-0.181641,1.120972
-0.142090,-0.294922,0.834595
-0.080444,0.188232,1.065552
0.415649,-0.406616,0.992554
-0.466431,-0.008789,0.813110
0.428955,-0.095093,1.104980
-0.005127,-0.344971,0.856689
-0.147095,0.191650,1.042236
0.452271,-0.374756,1.033081
-0.458618,-0.061279,0.798950
0.388306,-0.058350,1.125977
0.054443,-0.360840,0.863770
-0.226807,0.233276,1.030640
0.504028,-0.310181,1.069702
-0.422729,-0.133423,0.791382
0.322021,-0.055664,1.105225
0.110107,-0.391235,0.901489
-0.293823,0.203857,0.984863
0.535278,-0.261841,1.102539
-0.374756,-0.134399,0.825928
0.232666,0.000000,1.087891
0.208130,-0.462769,0.915039
-0.354126,0.088257,0.879883
0.545166,-0.209961,1.127441
-0.289917,-0.182373,0.818237
0.114746,0.109741,1.097412
0.297729,-0.476074,0.946411
-0.432617,0.050659,0.850586
0.549316,-0.202271,1.152466
-0.187622,-0.268433,0.850952
-0.011353,0.239014,1.106323
0.373413,-0.387817,0.991333
-0.442383,0.015381,0.854858
0.507690,-0.166504,1.148315
-0.058472,-0.330688,0.882324
-0.079224,0.211670,1.089722
0.434082,-0.329346,1.037231
-0.463989,0.003418,0.823364
0.470825,-0.136230,1.147949
0.042725,-0.391357,0.898193
-0.148193,0.203857,1.057129
0.469727,-0.292969,1.067261
-0.435913,-0.048340,0.818359
0.413818,-0.060791,1.158203
0.048828,-0.384033,0.895142
-0.222778,0.186646,1.039551
0.522339,-0.297241,1.099243
-0.415894,-0.082397,0.822754
0.344360,-0.020508,1.144409
0.117310,-0.385376,0.922363
-0.286621,0.171997,0.992798
0.563599,-0.267944,1.147095
-0.360107,-0.165039,0.821411
0.256714,0.056396,1.140747
0.187866,-0.422607,0.927246
-0.326660,0.118896,0.935791
0.565063,-0.247314,1.135132
-0.320679,-0.175903,0.825317
0.192505,0.074463,1.124512
0.271606,-0.436035,0.952026
-0.386230,0.111938,0.901855
0.566772,-0.209961,1.148438
-0.270020,-0.214355,0.845459
0.099243,0.121338,1.111328
0.335693,-0.432617,0.990723
-0.421753,0.082397,0.886353
0.544678,-0.164551,1.153442
-0.197388,-0.223511,0.864868
0.028931,0.168457,1.094238
0.385376,-0.399902,1.017456
-0.448486,0.031128,0.858521
0.524658,-0.133179,1.165405
-0.092163,-0.298828,0.875122
-0.049927,0.201660,1.101807
0.424438,-0.365601,1.020020
-0.446777,-0.015137,0.838745
0.503662,-0.115234,1.176758
-0.015015,-0.338867,0.869141
-0.147705,0.216553,1.062622
0.472900,-0.328369,1.065918
-0.434448,-0.062012,0.827759
0.428955,-0.069824,1.173950
0.012085,-0.338257,0.877808
-0.237793,0.231201,1.045288
0.521362,-0.288574,1.102905
-0.403442,-0.117432,0.810303
0.350708,-0.015503,1.169067
0.086792,-0.360596,0.907471
-0.312500,0.170044,0.970215
0.555786,-0.277100,1.117798
-0.344971,-0.177979,0.817139
0.243774,0.036987,1.142944
0.192505,-0.398315,0.930176
-0.385864,0.134277,0.911377
0.548340,-0.227417,1.131714
-0.290649,-0.223022,0.825195
0.124512,0.097046,1.118774
0.291992,-0.411011,0.972290
-0.434448,0.084106,0.869995
0.526611,-0.172607,1.133667
-0.205200,-0.272949,0.832764
0.003662,0.159058,1.086792
0.357788,-0.385864,0.984375
-0.465210,0.030640,0.837769
0.510132,-0.154175,1.151245
-0.085205,-0.338623,0.838379
-0.088867,0.177490,1.062866
0.393677,-0.344360,0.991699
-0.484497,-0.029419,0.814453
0.467896,-0.140381,1.155518
-0.047729,-0.331299,0.843750
-0.195557,0.219116,1.048828
0.439087,-0.296997,1.047119
-0.469238,-0.074585,0.802979
0.389526,-0.116211,1.139648
0.005249,-0.375122,0.874268
-0.282471,0.197021,0.988770
0.482544,-0.270386,1.073242
-0.434814,-0.093262,0.780518
0.293579,-0.047729,1.122559
0.111572,-0.414795,0.900635
-0.381592,0.155762,0.910034
0.507446,-0.233398,1.090454
-0.364136,-0.172729,0.788940
0.156250,0.069092,1.108887
0.201782,-0.432007,0.909912
-0.448608,0.090820,0.864258
0.517334,-0.215332,1.102417
-0.281738,-0.246216,0.798706
0.029419,0.152100,1.077637
0.278809,-0.398804,0.924561
-0.484741,0.035156,0.832031
0.502441,-0.220459,1.113281
-0.177002,-0.328003,0.797363
-0.056030,0.151611,1.050903
0.330200,-0.370728,0.945068
-0.508057,0.021729,0.800903
0.474487,-0.181641,1.112427
-0.127197,-0.349365,0.776855
-0.163940,0.179077,1.019287
0.380737,-0.337891,0.983276
-0.538208,-0.020020,0.768921
0.416870,-0.169922,1.106201
-0.080566,-0.355347,0.824341
-0.276001,0.201172,0.980225
0.429077,-0.309448,1.010132
-0.501831,-0.033081,0.773560
0.305664,-0.084595,1.096680
-0.015869,-0.401001,0.832153
-0.339233,0.159302,0.937256
0.453491,-0.286621,1.032471
-0.460571,-0.062866,0.762573
0.195801,0.022705,1.082397
0.095093,-0.390991,0.867188
-0.450562,0.131958,0.883789
0.466919,-0.263550,1.051147
-0.392456,-0.205322,0.743652
0.086914,0.110962,1.057861
0.174561,-0.390747,0.866455
-0.507568,0.101196,0.844238
0.485107,-0.271362,1.062256
-0.277222,-0.290894,0.759644
-0.037964,0.125732,1.014648
0.252930,-0.377197,0.893311
-0.518433,0.033569,0.783325
0.462769,-0.214966,1.074097
-0.208130,-0.310059,0.750610
-0.147217,0.156128,0.990112
0.325928,-0.370605,0.929810
-0.548462,-0.009888,0.762451
0.408203,-0.168579,1.080444
-0.171509,-0.342163,0.746704
-0.265625,0.170532,0.946411
0.386475,-0.346558,0.973511
-0.541504,-0.057739,0.742065
0.340088,-0.095825,1.094238
-0.093750,-0.356323,0.775146
-0.360596,0.200562,0.917847
0.405518,-0.335693,0.970093
-0.518433,-0.099976,0.731567
0.244385,-0.066162,1.059814
-0.003662,-0.389404,0.813599
-0.454834,0.203003,0.875122
0.421631,-0.269165,1.006470
-0.466919,-0.154419,0.734497
0.104980,0.015991,1.035889
0.107666,-0.426025,0.848511
-0.524902,0.148804,0.826294
0.435547,-0.232666,1.020996
-0.372681,-0.219360,0.741089
-0.007812,0.114624,1.034058
0.217896,-0.425781,0.880371
-0.564941,0.081909,0.797363
0.428467,-0.219482,1.036133
-0.268555,-0.289551,0.716064
-0.134399,0.143677,0.973999
0.294678,-0.365967,0.910645
-0.581909,0.033447,0.773926
0.395630,-0.184937,1.046143
-0.191772,-0.362915,0.709961
-0.262329,0.177612,0.923706
0.356445,-0.328979,0.942993
-0.578003,-0.015747,0.741089
0.322510,-0.138794,1.038330
-0.105713,-0.390381,0.748413
-0.374878,0.176758,0.883301
0.386230,-0.294800,0.960938
-0.548828,-0.027344,0.722046
0.200562,-0.019287,1.037354
0.001709,-0.422485,0.795166
-0.474976,0.181152,0.859375
0.408691,-0.257690,0.999756
-0.497070,-0.113281,0.714600
0.070557,0.103149,1.018433
0.116089,-0.402222,0.831543
-0.565796,0.153442,0.820190
0.441040,-0.253174,1.013794
-0.363647,-0.224121,0.727417
-0.038818,0.138428,0.989624
0.206299,-0.386353,0.862427
-0.586792,0.087769,0.775879
0.414551,-0.187134,1.032471
-0.249023,-0.319458,0.708374
-0.156860,0.156006,0.963013
0.292114,-0.357910,0.915405
-0.612549,0.049438,0.746094
0.362183,-0.158447,1.020508
-0.170044,-0.360107,0.709717
-0.271118,0.182983,0.919556
0.367432,-0.337891,0.939331
-0.609375,0.045410,0.732544
0.269287,-0.102661,0.994629
-0.093994,-0.374023,0.754517
-0.382812,0.158936,0.878540
0.418457,-0.313599,0.973999
-0.561035,-0.013794,0.692749
0.125732,0.072144,0.996948
0.003784,-0.375366,0.779785
-0.468994,0.153198,0.861694
0.445068,-0.293579,1.002319
-0.463867,-0.114502,0.736694
0.018433,0.139893,0.996826
0.098999,-0.398560,0.802734
-0.549927,0.167725,0.816772
0.435547,-0.234619,1.011475
-0.313599,-0.238159,0.748779
-0.053833,0.163086,0.991577
0.196533,-0.387817,0.836792
-0.599487,0.117554,0.759644
0.414673,-0.185791,1.016602
-0.228882,-0.298706,0.735962
-0.156860,0.169556,0.964844
0.281372,-0.362427,0.884277
-0.614624,0.094116,0.733154
0.383911,-0.151611,1.018066
-0.130737,-0.372192,0.724854
-0.255371,0.200073,0.919922
0.352661,-0.321533,0.909424
-0.608765,0.056030,0.722778
0.277344,-0.092407,0.990112
-0.050659,-0.403564,0.756714
-0.373779,0.193726,0.873413
0.397217,-0.274658,0.975708
-0.534668,-0.071533,0.696167
0.131470,0.050781,1.001587
0.011719,-0.406616,0.755127
-0.481812,0.186646,0.846680
0.458008,-0.286499,1.005737
-0.409180,-0.101685,0.761841
0.027222,0.206543,1.010742
0.086182,-0.322998,0.797119
-0.552979,0.163208,0.819214
0.477173,-0.277222,1.008667
-0.327393,-0.248413,0.738525
-0.047363,0.152100,0.986938
0.197876,-0.388062,0.837891
-0.610107,0.149170,0.759766
0.428711,-0.166992,1.017700
-0.186768,-0.269287,0.774780
-0.138062,0.194946,0.975464
0.268311,-0.397095,0.869629
-0.603149,0.089233,0.744629
0.397583,-0.135986,1.022583
-0.125000,-0.312378,0.735962
-0.238770,0.237183,0.924072
0.365234,-0.361450,0.911865
-0.602905,0.046265,0.728027
0.322388,-0.111450,0.993164
-0.058228,-0.384399,0.737427
-0.305420,0.226440,0.897339
0.383301,-0.304077,0.920654
-0.574097,-0.004517,0.712891
0.251221,-0.066528,0.986694
-0.003662,-0.418457,0.761475
-0.389038,0.180664,0.847168
0.409912,-0.264160,0.950684
-0.506836,-0.028076,0.732056
0.019043,0.159302,1.023926
0.065552,-0.408081,0.798218
-0.588867,0.141235,0.798950
0.411499,-0.212524,1.000610
-0.421997,-0.098267,0.741699
-0.085693,0.181152,0.981323
0.251221,-0.379883,0.879883
-0.598633,0.111328,0.779419
0.390991,-0.143555,1.021851
-0.201416,-0.333984,0.706055
-0.186768,0.179199,0.937622
0.317261,-0.352661,0.904907
-0.611938,0.058716,0.734619
0.355835,-0.130005,1.024536
-0.120972,-0.389526,0.728516
-0.281128,0.195068,0.901611
0.365601,-0.319458,0.911987
-0.582886,0.105225,0.737671
0.262451,-0.037598,0.993286
-0.025024,-0.413330,0.760864
-0.396362,0.166138,0.863159
0.407349,-0.279541,0.962891
-0.536621,-0.010254,0.703125
0.135132,0.109497,0.994751
0.030640,-0.343506,0.786865
-0.493530,0.142212,0.825928
0.443481,-0.292114,0.981812
-0.437500,-0.139648,0.730469
0.053589,0.140381,0.998413
0.125000,-0.352417,0.810913
-0.569336,0.219604,0.811035
0.436279,-0.217163,1.000366
-0.304688,-0.268066,0.734497
-0.035400,0.120361,0.983276
0.218262,-0.397339,0.856689
-0.584229,0.145996,0.777344
0.420166,-0.107422,1.032715
-0.203857,-0.263306,0.726685
-0.146606,0.180664,0.956665
0.308838,-0.394165,0.883667
-0.601440,0.060181,0.729614
0.390869,-0.133179,1.019043
-0.109863,-0.335327,0.738403
-0.282715,0.218872,0.895996
0.381348,-0.340454,0.927124
-0.551147,0.000732,0.736206
0.293579,-0.043701,1.013428
-0.048218,-0.394409,0.740601
-0.363281,0.205566,0.864868
0.406982,-0.306030,0.926880
-0.525024,-0.045410,0.734375
0.190552,-0.021606,0.985352
0.015869,-0.397461,0.777832
-0.447021,0.188721,0.827393
0.440918,-0.242920,0.971680
-0.442871,-0.074829,0.760498
0.069946,0.122070,1.009399
0.122437,-0.407959,0.815430
-0.532104,0.139038,0.798462
0.446899,-0.226685,0.993164
-0.321289,-0.174805,0.763062
-0.028320,0.172363,1.005127
0.219360,-0.382202,0.861938
-0.592285,0.121948,0.756592
0.433716,-0.191162,1.018555
-0.186890,-0.274048,0.773315
-0.131592,0.189087,0.965088
0.306030,-0.354248,0.899780
-0.592407,0.102173,0.747803
0.386230,-0.101318,1.027832
-0.089600,-0.363525,0.744385
-0.245728,0.157593,0.897095
0.379395,-0.352905,0.928345
-0.540649,0.026245,0.753174
0.306396,-0.029541,1.002563
-0.026489,-0.374146,0.745850
-0.341187,0.175537,0.856812
0.418091,-0.317505,0.955688
-0.521118,-0.073242,0.730103
0.197144,-0.030029,0.986816
0.045776,-0.404053,0.777100
-0.427002,0.178467,0.819214
0.441528,-0.250488,0.979004
-0.452271,-0.125977,0.746704
0.082153,0.076538,0.997192
0.126587,-0.413086,0.813232
-0.513306,0.149048,0.797607
0.458618,-0.232300,1.001099
-0.348267,-0.149414,0.764526
-0.046631,0.155273,0.984131
0.245239,-0.444214,0.844238
-0.566895,0.079956,0.739746
0.441528,-0.175537,1.022827
-0.167114,-0.247314,0.793579
-0.146240,0.216675,0.961670
0.297485,-0.374146,0.880859
-0.577637,0.055786,0.749756
0.395142,-0.179199,1.023926
-0.062012,-0.374756,0.777222
-0.218140,0.217285,0.939575
0.371216,-0.307739,0.941040
-0.568481,0.014282,0.724854
0.309448,-0.124878,0.991455
0.000000,-0.454346,0.748291
-0.306641,0.143555,0.875488
0.425415,-0.294800,0.967773
-0.510132,-0.062012,0.735107
0.186035,0.016479,0.984985
0.057007,-0.441284,0.764038
-0.376953,0.099121,0.824951
0.094604,-0.394897,0.788696
-0.467407,0.101440,0.796021
0.496216,-0.343628,1.000488
-0.388916,-0.171753,0.761475
0.013184,0.151855,1.005859
0.187256,-0.425659,0.820190
-0.521729,0.064331,0.752808
0.470581,-0.258911,1.021484
-0.303223,-0.249634,0.760010
-0.052246,0.162354,0.998413
0.253662,-0.416626,0.857422
-0.550415,0.072998,0.735962
0.438965,-0.229614,1.019409
-0.200928,-0.269897,0.782471
-0.108276,0.181519,0.998169
0.307007,-0.426025,0.892090
-0.574219,0.055664,0.747070
0.415039,-0.183838,1.032593
-0.111450,-0.324707,0.790649
-0.184937,0.200317,0.957520
0.368286,-0.398560,0.931152
-0.557007,0.014893,0.750000
0.364868,-0.166992,1.007446
-0.031860,-0.385742,0.799316
-0.259399,0.197388,0.933105
0.414062,-0.372559,0.956909
-0.526245,-0.053101,0.739990
0.284668,-0.081055,1.011108
0.030640,-0.439209,0.778931
-0.306885,0.131714,0.881592
0.431396,-0.360596,0.961548
-0.496216,-0.112793,0.736816
0.220215,-0.034912,1.016113
0.065674,-0.450195,0.776489
-0.378784,0.149536,0.858765
0.484985,-0.322388,1.005127
-0.453857,-0.140259,0.740967
0.113892,0.019409,0.997192
0.144409,-0.475464,0.795532
-0.445557,0.091064,0.800293
0.493774,-0.284180,1.019043
-0.345215,-0.179443,0.787964
-0.010376,0.143433,1.023193
0.243530,-0.484497,0.848999
-0.511963,0.022339,0.754639
0.465820,-0.257080,1.031494
-0.226318,-0.243652,0.798340
-0.086182,0.196777,1.018799
0.303955,-0.396118,0.915894
-0.543091,0.021118,0.751709
0.416382,-0.208618,1.057373
-0.071777,-0.359009,0.824463
-0.169800,0.170166,0.985229
0.366699,-0.354370,0.951538
-0.526611,0.021362,0.757202
0.341431,-0.133179,1.026367
0.035889,-0.452271,0.828735
-0.248779,0.112061,0.930420
0.445923,-0.367065,0.989014
-0.480591,-0.054810,0.752808
0.224976,0.010986,1.022461
0.075073,-0.415405,0.816895
-0.317139,0.094116,0.907349
0.496948,-0.352539,1.024414
-0.441284,-0.128052,0.763062
0.152466,0.057373,1.032837
0.130615,-0.411133,0.838745
-0.401978,0.089233,0.851074
0.517944,-0.329712,1.048218
-0.381470,-0.195068,0.759644
0.081421,0.097412,1.038086
0.233398,-0.428589,0.880127
-0.469238,0.073120,0.806519
0.497559,-0.290039,1.040894
-0.301636,-0.217407,0.789429
-0.005493,0.111450,1.021606
0.320068,-0.468506,0.921753
-0.495972,0.034912,0.779785
0.459229,-0.202881,1.055908
-0.186279,-0.258911,0.804077
-0.078125,0.193970,1.032593
0.381104,-0.415649,0.966309
-0.495728,0.004761,0.792725
0.416626,-0.148804,1.070557
-0.090698,-0.335815,0.816040
-0.130737,0.158081,1.004639
0.436279,-0.368530,1.014282
-0.496338,-0.029053,0.776733
0.364258,-0.079590,1.075195
0.043213,-0.423584,0.834473
-0.216431,0.134521,0.979492
0.467407,-0.344360,1.032837
-0.449463,-0.096191,0.785889
0.310547,-0.041870,1.074097
0.089355,-0.418457,0.850830
-0.301880,0.138428,0.945068
0.500122,-0.295776,1.065674
-0.408081,-0.132446,0.781982
0.232422,0.026733,1.094116
0.161255,-0.465698,0.867065
-0.367310,0.123413,0.911011
0.534790,-0.281738,1.085083
-0.354492,-0.167114,0.801636
0.138550,0.093018,1.077637
0.247437,-0.473999,0.912231
-0.433350,0.041260,0.828857
0.540771,-0.242310,1.114258
-0.266724,-0.240356,0.801636
0.041626,0.190308,1.088501
0.330933,-0.444214,0.938354
-0.470581,0.041504,0.813599
0.499390,-0.197021,1.109375
-0.169434,-0.285522,0.836182
-0.036011,0.203369,1.084595
0.387939,-0.398804,0.983398
-0.485962,0.032715,0.808594
0.467407,-0.168213,1.104858
-0.049438,-0.323730,0.870972
-0.086670,0.182739,1.084473
0.435181,-0.365845,1.026978
-0.479980,0.010864,0.811646
0.412231,-0.082275,1.125488
0.054810,-0.415649,0.864502
-0.180908,0.196411,1.057739
0.489746,-0.335083,1.067261
-0.433716,-0.067139,0.811768
0.344971,-0.029541,1.111328
0.089966,-0.382202,0.892578
-0.267334,0.189209,0.997192
0.521729,-0.261230,1.115723
-0.390137,-0.138184,0.803589
0.281494,0.002319,1.116821
0.178223,-0.418213,0.910034
-0.360229,0.183105,0.947510
0.569702,-0.277466,1.111328
-0.319702,-0.162720,0.828369
0.161621,0.080322,1.084473
0.267090,-0.430176,0.948486
-0.392090,0.062012,0.863647
0.571533,-0.233398,1.146118
-0.255493,-0.219849,0.830200
0.063599,0.161621,1.095093
0.348267,-0.428833,0.976440
-0.429810,0.053345,0.859253
0.536865,-0.170166,1.152100
-0.167358,-0.232056,0.866089
-0.018555,0.199097,1.083862
0.416138,-0.422852,1.017578
-0.453857,0.003540,0.841431
0.494263,-0.134155,1.152588
-0.041626,-0.294434,0.896606
-0.092529,0.219971,1.075806
0.437500,-0.340210,1.041748
-0.453003,-0.048218,0.828369
0.471191,-0.097778,1.185669
0.033081,-0.349487,0.889038
-0.176025,0.228638,1.060913
0.494141,-0.314819,1.081787
-0.433350,-0.089966,0.817749
0.415405,-0.072632,1.163940
0.083008,-0.355103,0.915161
-0.266602,0.239258,1.031250
0.518677,-0.260620,1.115479
-0.387573,-0.144653,0.814819
0.325684,-0.022217,1.150024
0.154785,-0.404785,0.939331
-0.304565,0.177856,0.981323
0.551514,-0.233765,1.143188
-0.337769,-0.163330,0.820435
0.223022,0.051880,1.133179
0.225830,-0.418457,0.942383
-0.366577,0.104980,0.912598
0.582031,-0.248779,1.142578
-0.274658,-0.193481,0.850342
0.119019,0.148438,1.116699
0.309082,-0.419067,0.973511
-0.419434,0.070679,0.882568
0.550903,-0.200562,1.160278
-0.199585,-0.261719,0.852417
0.058350,0.186401,1.121094
0.349487,-0.367920,0.980347
-0.465454,0.059204,0.846802
0.537476,-0.202637,1.152954
-0.082764,-0.370972,0.873779
-0.005981,0.146851,1.109741
0.390747,-0.342407,1.012329
-0.484131,0.075806,0.848877
0.507690,-0.152344,1.153442
-0.024414,-0.363525,0.890015
-0.085693,0.140869,1.096436
0.451538,-0.339233,1.062134
-0.453735,0.008423,0.849243
0.428833,-0.035889,1.151489
-0.017944,-0.331543,0.861694
-0.172729,0.153564,1.051392
0.501099,-0.315308,1.109009
-0.454712,-0.048462,0.818726
0.411255,-0.031494,1.177734
0.037231,-0.339722,0.878296
-0.250000,0.224243,1.033203
0.527832,-0.299194,1.107666
-0.435303,-0.113525,0.803101
0.341553,-0.032959,1.151367
0.117432,-0.375610,0.917969
-0.301636,0.202026,0.990356
0.536743,-0.267822,1.105469
-0.396851,-0.146118,0.812744
0.278687,-0.035400,1.126831
0.183228,-0.410645,0.934570
-0.379883,0.160645,0.915283
0.545898,-0.242798,1.114502
-0.318481,-0.182373,0.809082
0.155762,0.092163,1.119019
0.261841,-0.429443,0.939941
-0.411865,0.085815,0.896606
0.542725,-0.208496,1.133911
-0.270142,-0.213013,0.827637
0.046387,0.139893,1.079102
0.325806,-0.389526,0.963623
-0.448975,0.052002,0.853638
0.536743,-0.215698,1.139038
-0.150757,-0.307129,0.839844
-0.020508,0.162109,1.070923
0.335571,-0.330933,0.967285
-0.475586,-0.005249,0.815430
0.511597,-0.208496,1.136475
-0.090576,-0.353638,0.838989
-0.102783,0.173218,1.041504
0.386353,-0.312378,0.999390
-0.487793,-0.011108,0.795898
0.446167,-0.140747,1.146851
-0.072876,-0.373657,0.826050
-0.177612,0.156128,1.033203
0.443481,-0.314453,1.045288
-0.492676,0.000122,0.791138
0.374023,-0.059448,1.142700
-0.019531,-0.341797,0.869385
-0.277344,0.159424,0.999512
0.509277,-0.323120,1.090576
-0.471924,-0.062988,0.775513
0.285400,0.023804,1.132568
0.075806,-0.380249,0.873901
-0.355469,0.138428,0.932739
0.501465,-0.291992,1.076782
-0.388672,-0.186890,0.781128
0.199463,0.051392,1.108398
0.139893,-0.406982,0.875488
-0.441040,0.135376,0.879761
0.526123,-0.261475,1.093872
-0.339233,-0.222900,0.781982
0.071777,0.117798,1.068115
0.227661,-0.409058,0.905151
-0.471802,0.076172,0.842773
0.518555,-0.244873,1.081909
-0.296143,-0.263550,0.771362
0.005249,0.127075,1.060059
0.297729,-0.410645,0.927979
-0.497681,0.067139,0.828613
0.477173,-0.176514,1.096069
-0.190796,-0.286987,0.790405
-0.068726,0.143066,1.019775
0.323608,-0.372559,0.941284
-0.518188,0.006226,0.780273
0.461182,-0.181763,1.106689
-0.157349,-0.342529,0.764526
-0.177612,0.182129,1.003052
0.364380,-0.370117,0.949951
-0.506836,-0.043213,0.782471
0.410522,-0.157837,1.105103
-0.127197,-0.351074,0.776611
-0.273926,0.201416,0.968262
0.404297,-0.338623,0.976685
-0.510376,-0.055542,0.772827
0.353027,-0.106201,1.097168
-0.063477,-0.356689,0.805908
-0.337402,0.190308,0.924072
0.436157,-0.296509,1.008179
-0.513306,-0.067017,0.748291
0.244873,-0.064941,1.068604
0.041870,-0.450073,0.822876
-0.420288,0.157959,0.878418
0.445312,-0.269409,1.026367
-0.444824,-0.105713,0.752075
0.132080,0.064453,1.063721
0.117798,-0.380127,0.858032
-0.494629,0.109375,0.846191
0.461670,-0.288330,1.037354
-0.375977,-0.226318,0.756226
0.046509,0.145508,1.046143
0.173950,-0.352905,0.872437
-0.532837,0.093872,0.822876
0.452271,-0.263184,1.042969
-0.262939,-0.312256,0.749146
-0.038696,0.117554,1.003174
0.225586,-0.335571,0.881348
-0.573975,0.081299,0.769775
0.459961,-0.258057,1.047241
-0.220215,-0.387939,0.733276
-0.140015,0.117065,0.970459
0.306030,-0.359863,0.906738
-0.579346,0.064331,0.749390
0.386963,-0.183716,1.042236
-0.157471,-0.367554,0.758545
-0.246460,0.148438,0.962769
0.344849,-0.360107,0.944458
-0.579834,-0.028809,0.743774
0.349854,-0.124634,1.059082
-0.135986,-0.335083,0.758789
-0.340942,0.182861,0.897095
0.394775,-0.345337,0.967407
-0.539185,-0.064819,0.734863
0.278564,-0.069824,1.051025
-0.094360,-0.373291,0.764160
-0.393433,0.193481,0.885742
0.406128,-0.318115,0.973267
-0.522949,-0.080078,0.728882
0.215210,-0.041870,1.042480
-0.013062,-0.411133,0.777954
-0.472290,0.210693,0.863525
0.428955,-0.293457,0.988525
-0.505493,-0.116699,0.724976
0.128662,0.027100,1.032715
0.056030,-0.422974,0.813477
-0.532471,0.181885,0.840088
0.439697,-0.276245,1.007812
-0.448608,-0.119995,0.745850
0.055298,0.091797,1.035156
0.135742,-0.434082,0.832642
-0.563599,0.143066,0.818115
0.428467,-0.245972,1.006348
-0.357666,-0.211670,0.740234
-0.016602,0.136719,1.011597
0.184448,-0.411987,0.843994
-0.579346,0.123169,0.784302
0.421509,-0.227905,1.004395
-0.301880,-0.288574,0.719849
-0.070190,0.132690,0.992676
0.249878,-0.404541,0.871948
-0.616577,0.132202,0.761475
0.398193,-0.188477,1.012207
-0.239990,-0.310791,0.729370
-0.140991,0.128784,0.971680
0.291626,-0.393921,0.895264
-0.609009,0.077271,0.732910
0.361206,-0.130371,1.022217
-0.186279,-0.344482,0.713745
-0.242065,0.168579,0.950684
0.343872,-0.380249,0.911743
-0.617676,0.070557,0.751099
0.325073,-0.139648,1.003906
-0.120728,-0.367188,0.760376
-0.334717,0.181885,0.890625
0.367310,-0.299805,0.949219
-0.591309,0.011597,0.696533
0.245361,-0.073120,1.006226
-0.049561,-0.405273,0.767578
-0.409424,0.194702,0.892578
0.401123,-0.277222,0.971191
-0.553345,-0.010742,0.719482
0.119751,0.044067,0.996460
0.037964,-0.408203,0.805298
-0.495239,0.165894,0.848755
0.424683,-0.262451,0.992432
-0.454102,-0.096191,0.738892
0.026733,0.134399,1.002441
0.127808,-0.378174,0.832153
-0.557373,0.140381,0.807861
0.429199,-0.237305,1.011597
-0.327148,-0.220825,0.739258
-0.055298,0.186768,0.990356
0.207275,-0.364624,0.847656
-0.606934,0.097412,0.761719
0.437256,-0.216797,1.033081
-0.235596,-0.310059,0.720825
-0.131470,0.178101,0.957886
0.276611,-0.334595,0.885376
-0.627319,0.074829,0.724365
0.391357,-0.196655,1.007080
-0.136963,-0.388550,0.729126
-0.225952,0.182983,0.915771
0.327026,-0.317871,0.899048
-0.621216,0.123535,0.739380
0.301880,-0.138550,0.985107
-0.087402,-0.410400,0.758667
-0.333740,0.148560,0.879272
0.391113,-0.313721,0.930542
-0.586914,0.071289,0.704346
0.194702,-0.001221,0.975220
-0.010010,-0.409302,0.771240
-0.418823,0.139526,0.857666
0.412476,-0.282959,0.961548
-0.516479,-0.005005,0.730469
0.113525,0.099121,0.994629
0.058716,-0.345215,0.810059
-0.502197,0.166016,0.827881
0.414429,-0.251709,0.985596
-0.430542,-0.137817,0.730225
0.060059,0.131592,1.020020
0.134277,-0.380859,0.832397
-0.565308,0.172852,0.799194
0.421753,-0.191528,1.002686
-0.339111,-0.170654,0.736938
-0.025757,0.154175,0.992310
0.209473,-0.401489,0.855713
-0.592285,0.117432,0.765015
0.425171,-0.167358,1.017090
-0.244751,-0.258545,0.731323
-0.135132,0.194214,0.957275
0.296997,-0.385986,0.888306
-0.593018,0.080933,0.759277
0.385498,-0.128174,1.008789
-0.154785,-0.344604,0.721191
-0.206909,0.233032,0.940430
0.353271,-0.353027,0.907593
-0.593384,0.072998,0.754639
0.349854,-0.133911,1.008057
-0.080200,-0.394409,0.733521
-0.289185,0.209961,0.887329
0.368042,-0.294434,0.916992
-0.572632,0.027222,0.723877
0.268799,-0.056030,0.994385
-0.016602,-0.432129,0.746582
-0.362915,0.177979,0.866699
0.402710,-0.272583,0.948364
-0.520508,0.009766,0.734253
0.156860,0.054199,0.989746
0.042480,-0.396729,0.782715
-0.460693,0.142334,0.822388
0.435791,-0.240723,0.987915
-0.441040,-0.076294,0.751587
0.076782,0.155884,1.022583
0.112061,-0.382324,0.807861
-0.538696,0.152832,0.801880
0.457031,-0.231934,1.014771
-0.324707,-0.179565,0.762573
-0.011719,0.171509,1.005859
0.195435,-0.382568,0.838135
-0.600464,0.141724,0.769165
0.466675,-0.211914,1.032349
-0.215210,-0.262695,0.773926
-0.108276,0.203247,0.969604
0.271240,-0.354004,0.875610
-0.604614,0.103638,0.750244
0.435181,-0.188354,1.029175
-0.125610,-0.342041,0.763428
-0.195190,0.190674,0.929199
0.329834,-0.324097,0.916626
-0.587891,0.082275,0.745605
0.371582,-0.130127,1.015137
-0.048462,-0.387207,0.775024
-0.274414,0.190430,0.884521
0.378662,-0.286499,0.928101
-0.562378,0.064697,0.729248
0.277588,-0.043091,0.989380
0.002197,-0.412964,0.767456
-0.332397,0.150269,0.864502
0.418579,-0.288696,0.953125
-0.539673,0.025024,0.726807
0.178223,0.040283,0.988892
0.045776,-0.409668,0.777344
-0.423950,0.145752,0.831909
0.458862,-0.291138,0.975708
-0.474243,-0.035034,0.759033
0.083862,0.137695,1.002686
0.096191,-0.383911,0.804688
-0.494385,0.105713,0.785034
0.474976,-0.273071,1.017456
-0.406372,-0.137085,0.751709
0.022461,0.175781,1.011353
0.169312,-0.388184,0.822388
-0.546387,0.102417,0.758301
0.460938,-0.252075,1.008545
-0.307129,-0.195557,0.768188
-0.030884,0.181763,1.001221
0.255005,-0.393677,0.871826
-0.581177,0.111816,0.755981
0.431152,-0.204590,1.013916
-0.205566,-0.258667,0.769531
-0.119751,0.194092,0.973145
0.317993,-0.421875,0.887207
-0.578003,0.089478,0.755737
0.406372,-0.157837,1.005249
-0.104248,-0.297974,0.781128
-0.203491,0.200195,0.929565
0.347778,-0.358521,0.928101
-0.556152,0.011719,0.756714
0.361694,-0.162842,0.999023
-0.050537,-0.408203,0.755737
-0.283813,0.222778,0.904541
0.394531,-0.311768,0.950806
-0.521606,-0.056396,0.741699
0.279053,-0.091919,0.994995
0.004639,-0.461914,0.755249
-0.326538,0.138184,0.847656
0.437378,-0.276367,0.971436
-0.512085,-0.041138,0.725464
0.178955,-0.000854,0.988892
0.061279,-0.455444,0.777710
-0.403931,0.110840,0.823120
0.454468,-0.296509,0.975464
-0.443726,-0.070801,0.766846
0.105469,0.128296,1.021851
0.113037,-0.371460,0.823486
-0.500732,0.079346,0.776245
0.490112,-0.340332,0.998657
-0.387451,-0.165894,0.739624
0.014160,0.204712,1.041016
0.191528,-0.402954,0.833374
-0.542725,0.067139,0.744141
0.489746,-0.305176,1.020264
-0.282349,-0.225464,0.784668
-0.061401,0.199951,1.007202
0.254517,-0.389282,0.875366
-0.555664,0.055298,0.730957
0.437134,-0.241211,1.018555
-0.176270,-0.284546,0.799805
-0.119751,0.188232,0.984741
0.311279,-0.398071,0.909424
-0.562744,0.051147,0.744995
0.409790,-0.174927,1.035400
-0.109375,-0.303467,0.787598
-0.184692,0.183838,0.965576
0.373169,-0.403320,0.935913
-0.535156,-0.030029,0.742554
0.345459,-0.113525,1.019897
-0.036255,-0.381470,0.769043
-0.253662,0.206787,0.931763
0.412842,-0.370728,0.949463
-0.517822,-0.093750,0.744873
0.279419,-0.125488,0.993774
0.032227,-0.452515,0.781494
-0.293213,0.148315,0.876587
0.443848,-0.317017,0.972534
-0.488770,-0.039795,0.768799
0.201172,-0.048340,0.990723
0.078247,-0.488770,0.769653
-0.363281,0.074951,0.825195
0.462646,-0.292480,1.000122
-0.453125,-0.092407,0.749146
0.115723,0.045898,1.009155
0.155273,-0.480835,0.823608
-0.455688,0.054810,0.788574
0.479492,-0.265015,1.032959
-0.370483,-0.176880,0.756958
0.002319,0.160889,1.024780
0.246094,-0.461182,0.872437
-0.482666,0.030640,0.769409
0.469482,-0.276245,1.018677
-0.278687,-0.223755,0.782104
-0.064331,0.187744,1.010986
0.293945,-0.390625,0.908447
-0.510986,-0.002808,0.760864
0.448120,-0.257446,1.033813
-0.190308,-0.304932,0.790283
-0.110352,0.174072,0.995605
0.341675,-0.386719,0.930786
-0.528076,0.018188,0.762939
0.411621,-0.179443,1.059326
-0.070557,-0.378540,0.803589
-0.179321,0.182373,0.983765
0.415771,-0.359009,0.940552
-0.518799,-0.043823,0.740234
0.232910,-0.046997,0.993896
0.034302,-0.459961,0.766479
-0.341797,0.126343,0.842529
0.440796,-0.314697,0.967529
-0.492432,-0.077271,0.743164
0.163940,-0.001221,0.998169
0.093262,-0.479370,0.790649
-0.417236,0.087646,0.802124
0.457642,-0.277466,0.995728
-0.440918,-0.122070,0.738525
0.087646,0.090088,1.014771
0.168091,-0.477417,0.814819
-0.482666,0.073120,0.788574
0.460205,-0.266724,1.018066
-0.358276,-0.194580,0.745239
-0.004150,0.189941,1.031006
0.235840,-0.430542,0.857788
-0.514282,0.027588,0.758057
0.465942,-0.295898,1.014526
-0.281982,-0.226807,0.772705
-0.078369,0.195923,0.997437
0.286743,-0.381592,0.888916
-0.550415,0.026489,0.755005
0.447388,-0.270264,1.036987
-0.146851,-0.302002,0.824097
-0.163452,0.219849,0.982056
0.328735,-0.372437,0.911255
-0.532349,0.018677,0.756958
0.409790,-0.196045,1.044556
-0.056763,-0.358643,0.818237
-0.216309,0.183228,0.947998
0.366455,-0.367676,0.929932
-0.513916,-0.040771,0.754272
0.359497,-0.127319,1.036255
-0.005005,-0.428833,0.786865
-0.272217,0.190186,0.928589
0.406982,-0.373291,0.955566
-0.490112,-0.106934,0.744873
0.302612,-0.090698,1.029785
0.045532,-0.439331,0.792969
-0.329224,0.162231,0.886475
0.452026,-0.333618,0.985107
-0.458496,-0.091187,0.771851
0.215454,-0.018433,1.028198
0.073486,-0.470947,0.798828
-0.360718,0.081543,0.836060
0.478149,-0.285034,1.032593
-0.436401,-0.128906,0.750610
0.151367,0.037354,1.032104
0.142822,-0.479492,0.808105
-0.428589,0.110474,0.823364
0.490845,-0.276367,1.026978
-0.368652,-0.193726,0.764526
0.069214,0.066040,1.019775
0.228882,-0.498291,0.849243
-0.472900,0.051880,0.776001
0.473389,-0.235229,1.041260
-0.303101,-0.222168,0.771606
-0.017456,0.138062,1.028931
0.310181,-0.475586,0.896118
-0.505615,0.037842,0.775635
0.453613,-0.198975,1.064331
-0.208130,-0.254639,0.799072
-0.103027,0.182617,1.021118
0.368408,-0.455811,0.933350
-0.498047,-0.011597,0.782104
0.419434,-0.135132,1.074829
-0.072266,-0.332275,0.806396
-0.219971,0.229248,0.984863
0.439087,-0.438354,0.977051
-0.468750,-0.097168,0.769409
0.343018,-0.089111,1.073364
0.035156,-0.389648,0.826782
-0.282227,0.206787,0.947754
0.465088,-0.348145,1.003418
-0.439453,-0.137451,0.776123
0.259277,-0.048706,1.053833
0.093018,-0.433960,0.832520
-0.340576,0.143433,0.901611
0.489746,-0.302734,1.039185
-0.416992,-0.139282,0.776245
0.168335,0.004761,1.038818
0.200439,-0.477539,0.875122
-0.405640,0.105347,0.848755
0.500488,-0.250366,1.049927
-0.339233,-0.179688,0.777222
0.060303,0.098755,1.034302
0.298950,-0.505005,0.910889
-0.448120,0.014771,0.793213
0.492188,-0.208862,1.075195
-0.243408,-0.211670,0.807739
-0.042480,0.179932,1.046143
0.356079,-0.478638,0.928833
-0.486084,0.003296,0.806396
0.472046,-0.166504,1.110718
-0.128296,-0.280396,0.841675
-0.128540,0.210571,1.018799
0.404663,-0.388672,0.991211
-0.472290,-0.059570,0.788818
0.420898,-0.123901,1.113647
0.016235,-0.367554,0.850464
-0.188843,0.220459,1.014893
0.450073,-0.339844,1.018799
-0.455688,-0.093384,0.786499
0.350586,-0.100708,1.092041
0.062012,-0.443970,0.825562
-0.237671,0.153687,0.975220
0.488037,-0.273071,1.064941
-0.436646,-0.103394,0.785156
0.288452,-0.034302,1.086182
0.131104,-0.446289,0.871338
-0.330811,0.143921,0.945679
0.517578,-0.268555,1.088623
-0.386963,-0.135620,0.795166
0.202026,0.042114,1.076904
0.216064,-0.451904,0.924805
-0.378296,0.072388,0.889404
0.537720,-0.227417,1.117798
-0.346191,-0.168579,0.791626
0.106201,0.110229,1.075317
0.315552,-0.482544,0.950806
-0.431030,0.044556,0.836792
0.523926,-0.210571,1.121704
-0.251221,-0.239990,0.813721
0.034302,0.196411,1.090088
0.353149,-0.436401,0.961182
-0.447632,0.002075,0.825317
0.521484,-0.213989,1.134033
-0.163574,-0.275513,0.853516
-0.038452,0.220581,1.078369
0.381470,-0.382568,0.989624
-0.465210,0.003662,0.823853
0.505615,-0.196289,1.139648
-0.064819,-0.336914,0.863770
-0.094727,0.219849,1.074463
0.423340,-0.349243,1.011963
-0.470703,-0.010742,0.815918
0.455688,-0.178101,1.123657
0.032959,-0.406372,0.902466
-0.119141,0.172241,1.065308
0.452515,-0.297974,1.054077
-0.462524,0.005371,0.816772
0.423706,-0.128174,1.131226
0.053467,-0.390991,0.909912
-0.182739,0.180542,1.059204
0.487915,-0.275635,1.091064
-0.447876,-0.061279,0.790894
0.373413,-0.060913,1.137817
0.094604,-0.407959,0.918823
-0.257935,0.172485,1.013428
0.536377,-0.276123,1.124146
-0.416382,-0.086548,0.799438
0.303711,0.017944,1.125977
0.159058,-0.412231,0.933838
-0.312134,0.139526,0.981812
0.555542,-0.266357,1.143799
-0.378174,-0.140503,0.806030
0.248657,0.078125,1.138672
0.205444,-0.422729,0.943848
-0.356079,0.113281,0.930054
0.569580,-0.246582,1.141479
-0.313965,-0.184937,0.830444
0.177856,0.133057,1.132812
0.258423,-0.419922,0.948608
-0.365356,0.074463,0.903442
0.574463,-0.257690,1.134766
-0.281616,-0.198975,0.841919
0.109985,0.164429,1.110229
0.341431,-0.418823,0.976929
-0.411987,0.098999,0.884399
0.555176,-0.207031,1.137817
-0.223267,-0.245605,0.856323
0.033936,0.160034,1.107544
0.375366,-0.422119,0.997437
-0.416260,0.065796,0.878540
0.528076,-0.109985,1.163818
-0.153076,-0.252808,0.876587
-0.027588,0.171509,1.090332
0.415283,-0.404297,1.024170
-0.434814,0.004395,0.852905
0.514404,-0.101440,1.183716
-0.024658,-0.309937,0.886719
-0.109863,0.223267,1.091309
0.442139,-0.359741,1.039917
-0.431152,-0.062622,0.839844
0.481934,-0.096436,1.186401
0.012939,-0.324829,0.885010
-0.195557,0.245728,1.060547
0.492310,-0.300049,1.090698
-0.418457,-0.111328,0.820679
0.403687,-0.045532,1.174316
0.070801,-0.359253,0.912842
-0.250244,0.223145,1.023193
0.515137,-0.235596,1.116089
-0.393555,-0.132446,0.812500
0.317627,-0.016235,1.151001
0.166870,-0.420898,0.941895
-0.317871,0.161987,0.963867
0.542236,-0.222900,1.126953
-0.337036,-0.169678,0.819702
0.203247,0.055420,1.130615
0.254517,-0.447144,0.957886
-0.381348,0.111328,0.919312
0.555420,-0.199829,1.143433
-0.265747,-0.200806,0.836548
0.093872,0.138916,1.107056
0.326782,-0.418091,0.982910
-0.416260,0.043091,0.879150
0.546631,-0.174927,1.165405
-0.182373,-0.255737,0.857300
0.000244,0.195557,1.103027
0.369629,-0.388672,0.989990
-0.441650,-0.013794,0.854980
0.527344,-0.172852,1.168579
-0.063110,-0.350952,0.866455
-0.064209,0.213013,1.082520
0.399536,-0.347168,0.997681
-0.448730,-0.023682,0.842285
0.500854,-0.150024,1.176025
-0.040283,-0.353760,0.864990
-0.165283,0.218262,1.051514
0.452393,-0.315063,1.048584
-0.446533,-0.065186,0.814087
0.447388,-0.105591,1.179077
-0.002686,-0.346191,0.881592
-0.229248,0.242188,1.034912
0.487793,-0.279175,1.077148
-0.438477,-0.072632,0.801270
0.367920,-0.055786,1.155273
0.073486,-0.379395,0.907104
-0.274048,0.187866,1.001709
0.511841,-0.265991,1.100098
-0.424438,-0.106567,0.786621
0.300049,-0.027100,1.129883
0.142090,-0.375488,0.944946
-0.341919,0.155884,0.954224
0.534790,-0.263306,1.099121
-0.365112,-0.148926,0.794556
0.191895,0.057373,1.121338
0.211182,-0.441528,0.928711
-0.396973,0.127808,0.920044
0.541138,-0.223267,1.134644
-0.315430,-0.194214,0.804077
0.104736,0.125122,1.095581
0.282959,-0.422363,0.955566
-0.435303,0.064941,0.870972
0.536133,-0.214600,1.128174
-0.265991,-0.243408,0.816650
0.020630,0.145264,1.077637
0.324097,-0.416016,0.958496
-0.458740,0.042603,0.853394
0.524170,-0.198608,1.135864
-0.157959,-0.318848,0.843628
-0.053833,0.149658,1.054932
0.345215,-0.375610,0.949341
-0.462524,0.013184,0.835205
0.493164,-0.170288,1.137329
-0.111084,-0.323242,0.819702
-0.115112,0.169922,1.039062
0.396118,-0.343140,1.004395
-0.498291,-0.028564,0.803467
0.444702,-0.143433,1.136353
-0.085083,-0.355103,0.809448
-0.194336,0.193359,1.024658
0.434570,-0.333252,1.023926
-0.494263,-0.031738,0.794067
0.385376,-0.096802,1.127441
-0.047363,-0.339233,0.830933
-0.270508,0.169067,0.973999
0.464111,-0.288574,1.059692
-0.459473,-0.114502,0.770142
0.309570,-0.032471,1.127319
0.031494,-0.382446,0.841919
-0.348389,0.170410,0.931885
0.480957,-0.276123,1.057617
-0.422363,-0.132324,0.786011
0.198242,-0.013916,1.091064
0.147095,-0.423218,0.894775
-0.427856,0.142700,0.881470
0.479004,-0.215454,1.075684
-0.385620,-0.162354,0.776245
0.114746,0.062744,1.077026
0.233765,-0.415771,0.922852
-0.470703,0.083252,0.856812
0.480347,-0.197876,1.093262
-0.273071,-0.267212,0.768066
-0.015625,0.126587,1.042114
0.283081,-0.402222,0.911987
-0.497681,0.028564,0.817383
0.475830,-0.195801,1.093994
-0.185791,-0.305176,0.770020
-0.108032,0.155640,1.013550
0.328369,-0.360229,0.937134
-0.527100,-0.013428,0.777100
0.450195,-0.179443,1.101074
-0.150635,-0.339600,0.757324
-0.208252,0.184326,1.005127
0.385742,-0.356812,0.969482
-0.539307,-0.014282,0.772095
0.386597,-0.125977,1.099609
-0.107910,-0.355835,0.778076
-0.292847,0.181030,0.942017
0.424561,-0.320435,1.001587
-0.514160,-0.046997,0.756836
0.301270,-0.085327,1.083374
-0.037109,-0.365479,0.811157
-0.366089,0.181641,0.912842
0.442749,-0.294067,1.021973
-0.477295,-0.116089,0.745972
0.206055,-0.014282,1.075317
0.060669,-0.406860,0.847412
-0.455078,0.166016,0.884277
0.468018,-0.285889,1.036621
-0.434814,-0.167603,0.760620
0.077148,0.095093,1.042969
0.158569,-0.390869,0.871216
-0.513672,0.076904,0.821899
0.467285,-0.257812,1.059204
-0.298828,-0.255859,0.769043
-0.032471,0.157959,1.011475
0.234253,-0.337402,0.898682
-0.542236,0.036865,0.786987
0.445312,-0.252319,1.052368
-0.218994,-0.371582,0.729126
-0.113037,0.151733,0.988770
0.288452,-0.333984,0.906128
-0.577759,0.031860,0.747559
0.420410,-0.215210,1.061279
-0.156372,-0.416748,0.745117
-0.242432,0.131836,0.937378
0.342041,-0.328491,0.940918
-0.581421,0.022827,0.747803
0.343628,-0.157104,1.049561
-0.108521,-0.388428,0.781006
-0.333496,0.175903,0.914673
0.396729,-0.320312,0.973999
-0.548584,-0.033325,0.725098
0.241089,-0.055054,1.040283
-0.034546,-0.364380,0.809326
-0.411377,0.173218,0.898315
0.414795,-0.298340,0.999634
-0.510498,-0.110596,0.711426
0.142944,0.053955,1.028687
0.053467,-0.406250,0.812500
-0.489380,0.165039,0.850220
0.444336,-0.299072,1.009399
-0.467651,-0.145874,0.732178
0.058716,0.080444,1.010864
0.131226,-0.399292,0.845337
-0.542114,0.126587,0.815918
0.448853,-0.251221,1.030640
-0.362915,-0.239868,0.720703
-0.031738,0.164795,1.012573
0.191772,-0.413452,0.842896
-0.561157,0.095703,0.796265
0.446655,-0.243530,1.029663
-0.288086,-0.296143,0.716919
-0.105591,0.177979,0.978882
0.255859,-0.409058,0.870117
-0.570923,0.048828,0.771484
0.410156,-0.198730,1.034546
-0.245483,-0.327148,0.712158
-0.164429,0.157104,0.951294
0.306641,-0.372192,0.904785
-0.596802,0.057861,0.762695
0.385986,-0.188110,1.031860
-0.181885,-0.373169,0.714233
-0.254761,0.161987,0.927124
0.331177,-0.360596,0.926025
-0.589233,0.008911,0.735962
0.350342,-0.142944,1.036133
-0.156860,-0.360718,0.731445
-0.316040,0.181030,0.914062
0.376099,-0.347046,0.943359
-0.585693,-0.007812,0.718384
0.238525,-0.083130,1.003540
-0.075684,-0.399292,0.757935
-0.384888,0.192505,0.895020
0.395264,-0.293213,0.966675
-0.568726,-0.018555,0.718506
0.172363,-0.013916,1.002441
0.022461,-0.415283,0.806763
-0.475830,0.194336,0.861328
0.402100,-0.242798,0.990845
-0.514160,-0.110474,0.702881
0.096558,0.053101,1.016357
0.088867,-0.408936,0.834961
-0.545898,0.172363,0.827271
0.417725,-0.221924,1.009766
-0.421753,-0.182617,0.702637
0.010132,0.142456,1.033569
0.161987,-0.417969,0.835327
-0.586670,0.156128,0.812012
0.441406,-0.248291,1.005493
-0.319702,-0.204834,0.741577
-0.093384,0.177246,0.971069
0.242798,-0.395996,0.864746
-0.607178,0.093628,0.756714
0.416016,-0.200317,1.018799
-0.228882,-0.304932,0.711792
-0.155029,0.178345,0.951416
0.282959,-0.351929,0.887573
-0.617554,0.081909,0.746338
0.403809,-0.196777,1.020508
-0.178833,-0.393311,0.702026
-0.233643,0.182373,0.918335
0.326172,-0.334229,0.906616
-0.617188,0.069214,0.731079
0.367065,-0.163940,1.020996
-0.140503,-0.401001,0.721680
-0.282104,0.169189,0.902710
0.339966,-0.327271,0.912109
-0.612305,0.051880,0.719604
0.324219,-0.136475,0.998413
-0.092651,-0.369751,0.759888
-0.342163,0.199341,0.891479
0.372559,-0.323608,0.923706
-0.593750,0.022705,0.705322
0.254272,-0.073853,0.983032
-0.043091,-0.391968,0.782593
-0.391357,0.206421,0.885376
0.390137,-0.294556,0.935059
-0.571167,-0.011963,0.695557
0.199463,-0.008423,0.997681
-0.014893,-0.399048,0.784302
-0.421509,0.181030,0.873901
0.409180,-0.269653,0.969849
-0.546021,-0.005005,0.714111
0.130127,0.056885,0.995605
0.040894,-0.422241,0.784058
-0.487549,0.160645,0.834106
0.417114,-0.243774,0.980835
-0.491211,-0.068359,0.712036
0.079346,0.113159,1.010254
0.098877,-0.392822,0.823608
-0.549927,0.162598,0.805664
0.434570,-0.258423,0.994019
-0.406372,-0.159912,0.720703
0.028809,0.178955,1.017334
0.143799,-0.381714,0.836060
-0.568115,0.161499,0.795288
0.440430,-0.245117,0.996094
-0.341675,-0.201660,0.743530
-0.031006,0.205200,1.003784
0.195068,-0.381226,0.848511
-0.583130,0.141602,0.787476
0.438965,-0.233765,1.012207
-0.279785,-0.264160,0.728638
-0.080811,0.209717,0.979004
0.247070,-0.362427,0.878662
-0.604614,0.118042,0.766235
0.426636,-0.190918,1.022583
-0.214844,-0.295166,0.733643
-0.133301,0.203491,0.965332
0.281616,-0.350220,0.885742
-0.621826,0.121216,0.757080
0.412598,-0.199463,1.011719
-0.146118,-0.370850,0.741577
-0.180786,0.202515,0.932495
0.310303,-0.311157,0.888062
-0.617188,0.111084,0.745605
0.395142,-0.172607,1.012939
-0.100708,-0.399658,0.747681
-0.235596,0.184326,0.909424
0.345093,-0.308228,0.904175
-0.599731,0.098511,0.737671
0.352905,-0.122192,0.997314
-0.056885,-0.392700,0.766113
-0.296021,0.170654,0.873169
0.362427,-0.282104,0.926025
-0.582642,0.078491,0.718140
0.293457,-0.059204,0.994751
-0.022217,-0.414673,0.752563
-0.339478,0.170288,0.866089
0.396606,-0.276489,0.939697
-0.568604,0.037720,0.711426
0.216309,-0.017334,0.975220
0.011353,-0.412598,0.771362
-0.392456,0.164307,0.848389
0.414917,-0.244141,0.966187
-0.529785,-0.028198,0.708496
0.168213,0.025513,0.994019
0.047607,-0.397339,0.797974
-0.447144,0.166870,0.837280
0.441895,-0.230835,0.984741
-0.484009,-0.047363,0.726562
0.115723,0.108887,1.007935
0.091309,-0.391235,0.805908
-0.504028,0.158325,0.800659
0.454590,-0.262085,0.988892
-0.425171,-0.103760,0.749268
0.063477,0.175171,1.022461
0.127441,-0.387451,0.810181
-0.536865,0.147217,0.802856
0.456543,-0.248413,1.000122
-0.374756,-0.139160,0.756470
0.020264,0.208008,1.026367
0.176147,-0.386475,0.838501
-0.561646,0.130615,0.780396
0.469482,-0.239380,1.017578
-0.321045,-0.201172,0.748779
-0.040649,0.211060,1.009888
0.230957,-0.384521,0.864624
-0.567261,0.114258,0.771240
0.460449,-0.206177,1.034302
-0.249878,-0.238892,0.762329
-0.093994,0.200439,0.978638
0.268188,-0.407837,0.860474
-0.573120,0.096313,0.757446
0.443726,-0.166626,1.035156
-0.205322,-0.253052,0.765381
-0.134155,0.223877,0.979370
0.305908,-0.402222,0.883667
-0.582642,0.068970,0.758301
0.419556,-0.178711,1.014404
-0.142334,-0.306152,0.770508
-0.177856,0.206177,0.937866
0.331787,-0.365723,0.894287
-0.580444,0.073730,0.752075
0.399902,-0.156128,1.025635
-0.083862,-0.343018,0.778320
-0.226562,0.203979,0.916626
0.349731,-0.357300,0.901367
-0.566162,0.042725,0.758057
0.372070,-0.144165,1.014526
-0.051392,-0.389404,0.760986
-0.267334,0.192627,0.903687
0.377075,-0.329346,0.939941
-0.556641,-0.018555,0.734985
0.326294,-0.114990,0.999878
-0.017578,-0.408813,0.771606
-0.310913,0.176514,0.874390
0.402710,-0.306885,0.941284
-0.545898,-0.023682,0.735229
0.265869,-0.103760,0.979004
0.046997,-0.462280,0.777466
-0.374878,0.164795,0.831543
0.420044,-0.277466,0.943970
-0.512817,-0.051514,0.729004
0.194336,-0.046753,0.985962
0.073608,-0.465332,0.799072
-0.392456,0.125610,0.814453
0.434082,-0.228149,0.985229
-0.478271,-0.075562,0.741211
0.112671,0.049561,0.998901
0.116333,-0.463257,0.794312
-0.449951,0.105469,0.798584
0.463257,-0.259644,0.999756
-0.434814,-0.085693,0.751709
0.036011,0.119873,1.001953
0.175903,-0.475830,0.818604
-0.502930,0.073730,0.772217
0.461304,-0.222412,1.026611
-0.351074,-0.150391,0.774170
-0.031006,0.163940,1.000244
0.246704,-0.454468,0.855835
-0.542847,0.038574,0.744019
0.461304,-0.249634,1.022217
-0.245361,-0.244629,0.782349
-0.110107,0.214355,0.968506
0.307739,-0.388916,0.896851
-0.572021,0.048096,0.738281
0.427246,-0.223145,1.030762
-0.128906,-0.313599,0.802856
-0.152588,0.192139,0.961426
0.314209,-0.359863,0.898926
-0.559448,0.039795,0.754150
0.416748,-0.195068,1.038452
-0.055420,-0.365601,0.808838
-0.237183,0.206787,0.930542
0.347168,-0.345337,0.922241
-0.532227,-0.022705,0.750000
0.367676,-0.150024,1.030640
-0.016235,-0.416626,0.780396
-0.271729,0.197266,0.906128
0.394775,-0.348877,0.939819
-0.530151,-0.024536,0.741455
0.296875,-0.110840,0.994751
0.037720,-0.451050,0.795532
-0.312134,0.123169,0.867676
0.435303,-0.334961,0.964722
-0.508423,-0.056641,0.747559
0.230591,-0.032471,1.013428
0.065186,-0.452148,0.777588
-0.366211,0.104980,0.833496
0.466553,-0.325684,0.988403
-0.463745,-0.109009,0.753418
0.164062,-0.006104,1.012695
0.102295,-0.481201,0.786377
-0.436401,0.106567,0.812622
0.478760,-0.302368,1.005615
-0.415894,-0.154907,0.755981
0.075439,0.060669,0.997925
0.182373,-0.469971,0.828735
-0.471802,0.085449,0.791138
0.469727,-0.279785,1.014038
-0.352905,-0.199585,0.757812
-0.009888,0.140991,1.004883
0.260254,-0.484009,0.858276
-0.496582,0.031616,0.768188
0.462769,-0.237183,1.032227
-0.275024,-0.224731,0.780640
-0.080444,0.191406,1.008545
0.312500,-0.439697,0.911377
-0.526367,-0.006470,0.763672
0.444946,-0.236572,1.049561
-0.155518,-0.295044,0.801880
-0.167114,0.233643,0.998779
0.355713,-0.366577,0.932617
-0.526367,0.006226,0.771973
0.399292,-0.200317,1.047974
-0.039795,-0.393677,0.825562
-0.204224,0.187012,0.968384
0.387451,-0.336914,0.961670
-0.525635,-0.008057,0.751831
0.373657,-0.176025,1.028076
0.030518,-0.453125,0.822144
-0.247314,0.160278,0.938354
0.424072,-0.323242,0.981445
-0.515991,-0.031860,0.744629
0.291870,-0.102051,1.018921
0.083008,-0.459351,0.820312
-0.284302,0.111694,0.909546
0.448242,-0.316772,0.995483
-0.481201,-0.065186,0.747803
0.244019,-0.038208,1.031982
0.093506,-0.460693,0.826904
-0.335571,0.106445,0.898560
0.470215,-0.291626,1.020508
-0.437378,-0.116333,0.763428
0.193481,0.032837,1.047852
0.124512,-0.447388,0.842529
-0.387207,0.104248,0.868042
0.500732,-0.304199,1.037720
-0.393433,-0.168945,0.764160
0.135620,0.069702,1.044800
0.175781,-0.452881,0.859253
-0.422852,0.081055,0.837280
0.529419,-0.321899,1.048096
-0.365723,-0.207153,0.761353
0.077515,0.100220,1.044556
0.248901,-0.453491,0.888062
-0.445312,0.056641,0.803833
0.500244,-0.263550,1.048584
-0.279297,-0.214355,0.814087
0.019043,0.136475,1.038818
0.293701,-0.449341,0.904419
-0.474731,0.015991,0.770874
0.488403,-0.204224,1.091187
-0.237549,-0.245605,0.797974
-0.029175,0.178467,1.063843
0.345215,-0.450317,0.937378
-0.495483,0.026367,0.789185
0.464355,-0.180298,1.086914
-0.147217,-0.283691,0.831665
-0.091309,0.179199,1.046997
0.391357,-0.424316,0.962891
-0.488770,0.023193,0.793335
0.418213,-0.130981,1.077271
-0.042725,-0.327515,0.848633
-0.146484,0.177979,1.033203
0.423950,-0.394287,0.990112
-0.489624,-0.055786,0.775635
0.384888,-0.097168,1.088135
0.048462,-0.405029,0.849731
-0.211670,0.194214,1.004517
0.454468,-0.311646,1.031494
-0.453369,-0.095337,0.772827
0.337769,-0.055664,1.094727
0.084839,-0.407349,0.858765
-0.276489,0.160522,0.964844
0.496216,-0.326904,1.010742
-0.443115,-0.106201,0.775757
0.064697,0.087524,1.019531
0.170410,-0.432617,0.895264
-0.460571,0.059204,0.796997
0.482422,-0.227173,1.046387
-0.298462,-0.184937,0.787598
-0.029785,0.138184,1.020508
0.301880,-0.506836,0.898804
-0.510376,0.014648,0.764404
0.460938,-0.177734,1.070923
-0.166504,-0.252197,0.820557
-0.119507,0.205811,1.023193
0.348389,-0.439331,0.943726
-0.521240,-0.004028,0.779053
0.423584,-0.180054,1.063843
-0.063843,-0.353394,0.820068
-0.181274,0.198975,1.001221
0.403076,-0.387695,0.965942
-0.502319,-0.062378,0.750488
0.355957,-0.098511,1.064941
0.037598,-0.442017,0.802490
-0.217651,0.174561,0.971802
0.439087,-0.348999,0.995850
-0.490112,-0.059204,0.755249
0.291138,-0.111206,1.023926
0.088745,-0.482178,0.810059
-0.287476,0.117676,0.920654
0.476196,-0.304321,1.026489
-0.442383,-0.093506,0.773193
0.216919,-0.025635,1.031250
0.134155,-0.457153,0.858887
-0.345093,0.077393,0.895142
0.480347,-0.278564,1.050781
-0.411133,-0.129883,0.780151
0.135254,0.068726,1.058594
0.235107,-0.471680,0.890259
-0.424561,0.072876,0.851440
0.498901,-0.254028,1.070801
-0.324219,-0.192749,0.792603
0.055054,0.120483,1.045532
0.283569,-0.468384,0.905151
-0.451172,-0.005737,0.776489
0.494629,-0.220093,1.090820
-0.242188,-0.250122,0.809448
-0.013306,0.173096,1.057129
0.329834,-0.447388,0.925537
-0.465332,0.028687,0.796753
0.471680,-0.203613,1.082886
-0.176636,-0.254883,0.846558
-0.068604,0.154541,1.039673
0.369995,-0.415771,0.966919
-0.460815,-0.003296,0.810669
0.458740,-0.148438,1.094727
-0.116333,-0.271362,0.854004
-0.128052,0.182739,1.018188
0.439087,-0.419312,1.014893
-0.460693,-0.027466,0.804199
0.406128,-0.085083,1.108398
-0.028076,-0.343994,0.840820
-0.148926,0.164429,1.013428
0.469116,-0.372803,1.044922
-0.465454,-0.064819,0.792969
0.386841,-0.087158,1.100342
0.060181,-0.397095,0.858276
-0.238159,0.209595,0.992310
0.494873,-0.324463,1.062500
-0.416992,-0.112549,0.793335
0.335449,-0.057861,1.097900
0.091064,-0.383179,0.879028
-0.294556,0.194092,0.979736
0.518066,-0.301025,1.068115
-0.406738,-0.150269,0.785278
0.260254,-0.002808,1.095947
0.167236,-0.423828,0.905884
-0.342896,0.161743,0.940796
0.526855,-0.259277,1.093018
-0.359375,-0.155762,0.796143
0.191772,0.041138,1.087036
0.244751,-0.477417,0.914429
-0.400635,0.097168,0.871582
0.539185,-0.235352,1.099854
-0.285645,-0.188232,0.816528
0.104004,0.132324,1.086914
0.329468,-0.481201,0.952515
-0.436768,0.043823,0.839111
0.522827,-0.210571,1.115234
-0.238281,-0.241455,0.819092
0.027344,0.177368,1.082275
0.388550,-0.401978,0.997437
-0.459717,0.048096,0.842041
0.494141,-0.154297,1.131348
-0.130737,-0.277100,0.857666
-0.057373,0.182373,1.070435
0.422729,-0.396484,1.020752
-0.452393,-0.025879,0.824707
0.476929,-0.131836,1.144775
-0.055298,-0.307617,0.863403
-0.103149,0.198608,1.063110
0.476685,-0.364624,1.052979
-0.465942,-0.016846,0.814697
0.425049,-0.083008,1.140015
0.044678,-0.381958,0.882446
-0.152344,0.167847,1.053589
0.493530,-0.331421,1.072021
-0.439331,-0.083252,0.816895
0.391846,-0.046143,1.148071
0.066162,-0.369873,0.895386
-0.246094,0.217407,1.026489
0.514771,-0.285400,1.107910
-0.381958,-0.153809,0.816040
0.346558,-0.022461,1.148315
0.109741,-0.373779,0.908691
-0.303345,0.200562,0.988647
0.561646,-0.281982,1.119263
-0.343750,-0.167725,0.831055
0.239380,0.035889,1.125244
0.199829,-0.415527,0.946533
-0.337524,0.104736,0.907959
0.573242,-0.219238,1.149292
-0.317505,-0.178101,0.817383
0.161987,0.079468,1.107666
0.292480,-0.444458,0.962158
-0.379883,0.087280,0.882812
0.557007,-0.209229,1.124146
-0.242920,-0.199707,0.855591
0.062988,0.148071,1.091675
0.355713,-0.418579,1.002075
-0.423584,0.032715,0.853516
0.531128,-0.136353,1.174316
-0.134644,-0.247437,0.890869
-0.026123,0.211060,1.104858
0.400391,-0.374756,1.008545
-0.460083,0.017822,0.840088
0.512329,-0.125977,1.177856
0.004150,-0.340698,0.892944
-0.107422,0.261108,1.105957
0.452637,-0.350586,1.040771
-0.466797,-0.006592,0.840698
0.452515,-0.143555,1.139648
0.019409,-0.388184,0.882935
-0.158691,0.196533,1.065796
0.493408,-0.275269,1.093262
-0.451904,-0.048706,0.810669
0.387329,-0.072632,1.154053
0.083740,-0.418457,0.911377
-0.242432,0.152588,1.024780
0.542114,-0.253418,1.145508
-0.404785,-0.094849,0.818848
0.300537,0.029297,1.148926
0.180054,-0.427490,0.920044
-0.315918,0.146118,0.969360
0.566650,-0.250000,1.155151
-0.364380,-0.165527,0.806885
0.218262,0.083740,1.129150
0.235107,-0.404785,0.953125
-0.380493,0.090698,0.926270
0.596924,-0.266846,1.168945
-0.304443,-0.225830,0.815674
0.127319,0.154785,1.113647
0.281982,-0.382446,0.955688
-0.413086,0.059570,0.874756
0.580688,-0.270996,1.165161
-0.235596,-0.313965,0.830200
0.067871,0.172974,1.118530
0.339600,-0.391602,0.966431
-0.435425,0.070679,0.860718
0.549683,-0.205933,1.153687
-0.150269,-0.312866,0.880371
-0.006348,0.147095,1.085449
0.368042,-0.370117,0.999756
-0.437866,0.007324,0.843262
0.526245,-0.140991,1.175293
-0.074585,-0.319458,0.864624
-0.068481,0.188110,1.084595
0.417725,-0.362183,1.025635
-0.454224,-0.007080,0.837402
0.484009,-0.101196,1.167358
-0.036499,-0.349487,0.842896
-0.141357,0.208374,1.066406
0.450439,-0.304810,1.064087
-0.438232,-0.082153,0.825195
0.441650,-0.085693,1.182739
-0.015869,-0.342285,0.863647
-0.208008,0.204590,1.036743
0.497314,-0.281982,1.092163
-0.448120,-0.076172,0.808838
0.364136,-0.060425,1.156372
0.076172,-0.359009,0.917236
-0.295654,0.169556,0.970825
0.531982,-0.273438,1.114258
-0.399292,-0.126099,0.799194
0.250732,0.014282,1.127808
0.186279,-0.418823,0.917114
-0.358643,0.122803,0.924683
0.539551,-0.228516,1.122192
-0.330200,-0.192261,0.807983
0.144653,0.088379,1.108643
0.274414,-0.406494,0.959229
-0.438110,0.094482,0.882446
0.534058,-0.196655,1.140259
-0.209473,-0.265503,0.828369
0.014771,0.166138,1.093506
0.323608,-0.370361,0.957764
-0.447388,0.012817,0.849487
0.524170,-0.182251,1.146606
-0.112671,-0.306030,0.842651
-0.087036,0.196167,1.073486
0.394043,-0.340210,0.999512
-0.473267,-0.043823,0.820557
0.444946,-0.140503,1.145996
-0.056885,-0.348633,0.845459
-0.189331,0.202271,1.035034
0.444824,-0.305054,1.040039
-0.482666,-0.058105,0.792603
0.392822,-0.099609,1.140625
0.026367,-0.361572,0.873901
-0.319702,0.199707,0.973755
0.494385,-0.285645,1.073120
-0.412842,-0.122314,0.777466
0.271484,0.003662,1.135254
0.098389,-0.392212,0.880859
-0.360840,0.151978,0.933960
0.527466,-0.268311,1.092651
-0.365723,-0.172119,0.796021
0.156372,0.068237,1.099243
0.193237,-0.406128,0.911499
-0.439819,0.087158,0.852295
0.526001,-0.235474,1.105347
-0.288696,-0.250732,0.805054
0.051636,0.155396,1.082153
0.263672,-0.390381,0.913696
-0.480957,0.071899,0.826172
0.489014,-0.226685,1.088745
-0.180054,-0.351196,0.811157
-0.025879,0.105103,1.053833
0.312988,-0.372559,0.936523
-0.495239,0.032104,0.809570
0.471924,-0.166260,1.117065
-0.125854,-0.342285,0.791138
-0.148315,0.169922,1.015137
0.376343,-0.372070,0.965332
-0.503784,-0.051636,0.787720
0.427490,-0.145752,1.120483
-0.101318,-0.329834,0.800171
-0.242798,0.175293,0.988281
0.423828,-0.315552,1.026611
-0.493652,-0.051270,0.772583
0.361450,-0.096069,1.118774
-0.033447,-0.343628,0.834595
-0.341187,0.179321,0.940063
0.463135,-0.289062,1.040649
-0.452515,-0.130859,0.758057
0.231567,-0.016357,1.089844
0.086304,-0.421631,0.848511
-0.420410,0.150513,0.902100
0.463745,-0.238647,1.045776
-0.408936,-0.169922,0.776733
0.125000,0.050293,1.076782
0.181641,-0.426147,0.891479
-0.486206,0.096802,0.847290
0.479980,-0.237793,1.067383
-0.308350,-0.241089,0.768188
-0.002930,0.130981,1.048706
0.251831,-0.406982,0.906128
-0.507568,0.054077,0.831665
0.472168,-0.214478,1.070679
-0.212524,-0.290649,0.758423
-0.105713,0.146240,0.995728
0.308716,-0.354126,0.924438
-0.514771,-0.010376,0.779175
0.450928,-0.193726,1.094727
-0.180420,-0.372437,0.743286
-0.224243,0.138550,0.957520
0.376953,-0.362549,0.962769
-0.523315,-0.013672,0.760132
0.376221,-0.100464,1.090332
-0.129883,-0.319092,0.795288
-0.307251,0.172119,0.947632
0.415894,-0.332153,0.999512
-0.497070,-0.091431,0.742432
0.297485,-0.053955,1.095581
-0.075562,-0.371582,0.785034
-0.395142,0.204834,0.904419
0.444092,-0.324707,1.009888
-0.456177,-0.143677,0.751343
0.227295,-0.011841,1.079224
-0.014038,-0.372803,0.796021
-0.448975,0.188110,0.867065
0.446167,-0.284546,1.022827
-0.440918,-0.186646,0.760254
0.158081,0.006104,1.065308
0.068237,-0.428345,0.826294
-0.504150,0.175415,0.843628
0.450073,-0.248169,1.030273
-0.419067,-0.167725,0.742432
0.067749,0.069946,1.050659
0.169067,-0.423584,0.858765
-0.532471,0.132935,0.813965
0.452148,-0.244141,1.021729
-0.343628,-0.218140,0.755615
-0.027954,0.123657,1.021240
0.244873,-0.439697,0.881714
-0.557007,0.083618,0.784912
0.436035,-0.192993,1.055054
-0.259888,-0.284912,0.736694
-0.124756,0.144531,0.986328
0.286011,-0.414429,0.896240
-0.562256,0.017700,0.756104
0.416016,-0.166016,1.064087
-0.207153,-0.334473,0.726318
-0.235229,0.169800,0.951660
0.336792,-0.399780,0.923950
-0.566528,-0.006104,0.743530
0.376099,-0.140259,1.056152
-0.134155,-0.357788,0.738281
-0.319336,0.190430,0.927002
0.379395,-0.339111,0.944702
-0.572144,-0.044678,0.737427
0.285278,-0.126099,1.028442
-0.074829,-0.369507,0.778442
-0.396606,0.198853,0.890381
0.409668,-0.270752,1.002197
-0.530762,-0.107666,0.700439
0.172119,-0.025146,1.027588
0.026245,-0.437988,0.799683
-0.491577,0.176514,0.858154
0.431396,-0.259399,1.014893
-0.480957,-0.131470,0.727295
0.042114,0.085205,1.008179
0.133911,-0.400024,0.847656
-0.531616,0.117676,0.837158
0.430420,-0.218628,1.031006
-0.364868,-0.222412,0.713135
-0.037598,0.135864,0.997314
0.201416,-0.393921,0.853271
-0.573853,0.079468,0.797241
0.436157,-0.219604,1.039429
-0.265503,-0.285400,0.713989
-0.139648,0.177246,0.958618
0.276367,-0.374268,0.889648
-0.581909,0.042847,0.756470
0.396973,-0.174683,1.041138
-0.206177,-0.329346,0.727173
-0.237183,0.162354,0.932617
0.329468,-0.358154,0.917114
-0.598511,0.029419,0.737793
0.341675,-0.146851,1.025391
-0.139526,-0.382324,0.735352
-0.309326,0.166504,0.898804
0.367676,-0.325928,0.944458
-0.593872,0.013184,0.716064
0.243774,-0.069336,1.008423
-0.061279,-0.379761,0.779907
-0.416260,0.173340,0.881104
0.406128,-0.302002,0.982544
-0.545898,-0.063477,0.700928
0.119751,0.056274,0.998901
0.037109,-0.410278,0.797852
-0.497925,0.157959,0.851685
0.415405,-0.268066,0.999146
-0.466064,-0.122314,0.715942
0.047852,0.124512,1.011230
0.116699,-0.378784,0.819580
-0.564941,0.127319,0.815552
0.432739,-0.260986,1.002686
-0.345337,-0.218018,0.720825
-0.043945,0.196411,0.996094
0.184814,-0.373657,0.834839
-0.592407,0.099976,0.775391
0.410767,-0.214478,1.005493
-0.268799,-0.315552,0.707764
-0.116577,0.175537,0.964844
0.271973,-0.394531,0.868408
-0.604492,0.118042,0.760864
0.389893,-0.158569,1.021362
-0.206665,-0.328857,0.722046
-0.210693,0.140259,0.929321
0.317017,-0.377930,0.902588
-0.586304,0.057251,0.737183
0.362549,-0.117432,1.028320
-0.163208,-0.344849,0.713013
-0.297607,0.211914,0.909058
0.360840,-0.368408,0.911377
-0.579102,-0.006958,0.725098
0.317871,-0.095459,1.028687
-0.118042,-0.370239,0.715942
-0.369141,0.220947,0.883057
0.384521,-0.309570,0.936890
-0.558960,-0.051880,0.716919
0.234497,-0.062378,1.005615
-0.046021,-0.421265,0.751465
-0.460938,0.235840,0.855225
0.405273,-0.266724,0.953491
-0.505005,-0.066528,0.725220
0.139160,0.037964,1.023193
0.050781,-0.432739,0.803467
-0.536743,0.208618,0.830200
0.411987,-0.235107,0.976318
-0.416748,-0.141724,0.733032
0.043213,0.132690,1.028564
0.151001,-0.399414,0.848145
-0.587036,0.159790,0.795044
0.423096,-0.224487,0.998413
-0.306641,-0.218262,0.731201
-0.035278,0.194824,1.007324
0.217529,-0.336182,0.873291
-0.615479,0.086670,0.747437
0.414795,-0.225220,1.007446
-0.227295,-0.339722,0.707520
-0.133789,0.198975,0.965332
0.299805,-0.360596,0.881104
-0.621582,0.124390,0.759277
0.391602,-0.166992,1.009155
-0.155640,-0.363892,0.711548
-0.239624,0.158447,0.899048
0.353882,-0.349609,0.922607
-0.593994,0.069824,0.735107
0.336182,-0.080078,1.021606
-0.111328,-0.374390,0.717407
-0.315918,0.185791,0.876343
0.390015,-0.339111,0.927124
-0.558838,0.022827,0.738403
0.259521,-0.017944,1.013428
-0.057251,-0.394775,0.744629
-0.385986,0.179688,0.856812
0.407104,-0.306396,0.954834
-0.549561,-0.013306,0.708374
0.187378,0.021851,0.989624
-0.000488,-0.375977,0.769165
-0.456909,0.209839,0.847534
0.422852,-0.281860,0.963501
-0.485107,-0.095825,0.733643
0.114746,0.068726,1.003418
0.048706,-0.380615,0.791504
-0.508301,0.207520,0.827271
0.436768,-0.222290,0.996338
-0.406738,-0.140991,0.744995
0.043213,0.130005,1.005859
0.148315,-0.419556,0.828735
-0.563721,0.166382,0.785522
0.435547,-0.186768,1.002930
-0.334106,-0.180908,0.731689
-0.038208,0.182007,1.007690
0.238281,-0.407715,0.865967
-0.600708,0.136719,0.761963
0.407959,-0.145752,1.011719
-0.213501,-0.287598,0.731567
-0.138062,0.189453,0.962891
0.314209,-0.391235,0.901733
-0.605469,0.109497,0.762085
0.394287,-0.146606,1.007080
-0.135376,-0.314209,0.740112
-0.222412,0.200806,0.915527
0.359497,-0.326416,0.919067
-0.584839,0.065063,0.754761
0.329956,-0.102783,1.004272
-0.062988,-0.396973,0.745483
-0.317993,0.172241,0.869873
0.402832,-0.303101,0.946411
-0.559692,-0.001953,0.720337
0.242920,-0.021851,0.995361
0.003662,-0.419067,0.763550
-0.398071,0.158569,0.834717
0.419800,-0.266968,0.972656
-0.503174,-0.062256,0.731201
0.139893,0.046021,1.002075
0.060425,-0.398315,0.790649
-0.483765,0.173340,0.817017
0.431763,-0.216064,0.993896
-0.393433,-0.131348,0.756470
0.052368,0.154663,1.017334
0.144165,-0.408203,0.817017
-0.547974,0.141357,0.788086
0.444702,-0.225464,0.994141
-0.309937,-0.179321,0.753662
-0.039795,0.208618,0.998779
0.236938,-0.381592,0.859985
-0.579346,0.097778,0.763550
0.431763,-0.196533,1.021729
-0.210938,-0.280518,0.747925
-0.117432,0.199951,0.964844
0.295166,-0.342285,0.894409
-0.590942,0.074585,0.752808
0.403687,-0.169434,1.019775
-0.105469,-0.371582,0.756592
-0.217041,0.186523,0.906738
0.348267,-0.331421,0.912354
-0.575073,0.060669,0.745728
0.335571,-0.090698,1.011475
-0.042725,-0.394287,0.760376
-0.301392,0.162964,0.872070
0.404297,-0.319580,0.941406
-0.555908,0.031738,0.745605
0.246826,-0.012207,0.988403
0.021362,-0.405518,0.778564
-0.399170,0.157715,0.828857
0.438110,-0.303589,0.966309
-0.497803,-0.052979,0.742310
0.154907,0.061157,1.015015
0.081055,-0.418335,0.788330
-0.481934,0.163818,0.809204
0.438354,-0.242554,0.994507
-0.422485,-0.112915,0.760010
0.082520,0.069214,1.009521
0.145996,-0.414795,0.821655
-0.548828,0.164185,0.776978
0.452393,-0.220703,0.993774
-0.310059,-0.163330,0.785278
-0.048584,0.146973,0.988525
0.251953,-0.427856,0.863281
-0.567627,0.116333,0.751099
0.429321,-0.168091,1.009399
-0.194702,-0.228638,0.784424
-0.144043,0.179077,0.948120
0.313721,-0.404907,0.894531
-0.570435,0.053467,0.753052
0.399292,-0.144043,1.030884
-0.082275,-0.325928,0.786133
-0.236572,0.211060,0.922119
0.361816,-0.335205,0.928345
-0.547729,-0.000732,0.745728
0.338257,-0.121948,1.001831
-0.010742,-0.422974,0.767456
-0.341064,0.181641,0.848877
0.408691,-0.302002,0.949951
-0.505371,-0.066528,0.736572
0.227051,-0.041992,0.996338
0.041504,-0.464722,0.772339
-0.399292,0.135376,0.827637
0.435059,-0.262817,0.972656
-0.476196,-0.111938,0.736328
0.128906,0.035645,1.007080
0.110596,-0.470337,0.789307
-0.472656,0.120605,0.782959
0.451538,-0.218994,1.003174
-0.390991,-0.129028,0.748169
0.017456,0.144165,1.013916
0.212524,-0.441284,0.843872
-0.539551,0.078979,0.761597
0.453613,-0.244263,1.011230
-0.288696,-0.218506,0.755493
-0.074097,0.205444,0.998047
0.277954,-0.385864,0.888916
-0.556396,0.053467,0.739258
0.428467,-0.224487,1.024780
-0.169800,-0.303223,0.776001
-0.139282,0.175415,0.953491
0.315186,-0.337280,0.916504
-0.568359,0.050049,0.746704
0.392456,-0.173218,1.030884
-0.059204,-0.395264,0.782349
-0.234863,0.171753,0.910400
0.379272,-0.373657,0.929810
-0.541504,-0.022583,0.745850
0.324341,-0.101318,1.007202
0.007690,-0.412720,0.781860
-0.316162,0.171875,0.861938
0.415527,-0.331665,0.962891
-0.496704,-0.073242,0.743164
0.240601,-0.047607,1.011475
0.057739,-0.450073,0.763306
-0.393555,0.162598,0.834961
0.451294,-0.330444,0.970215
-0.455444,-0.112915,0.762207
0.146240,0.022461,1.003418
0.089600,-0.455322,0.784668
-0.436401,0.099365,0.796753
0.466431,-0.295410,0.994995
-0.411987,-0.138672,0.755127
0.059082,0.093750,1.004883
0.176880,-0.469360,0.815918
-0.497070,0.062744,0.773560
0.478149,-0.267944,1.020752
-0.327759,-0.170532,0.772949
-0.037964,0.163452,1.001953
0.266479,-0.462891,0.873535
-0.523926,0.021606,0.745850
0.449463,-0.230713,1.027222
-0.226562,-0.235596,0.781616
-0.123779,0.207275,0.989990
0.326294,-0.438599,0.906372
-0.542969,0.013184,0.752930
0.405151,-0.181519,1.036621
-0.115234,-0.305298,0.797363
-0.195435,0.210938,0.968018
0.382446,-0.422852,0.934082
-0.537231,-0.030151,0.758057
0.353394,-0.144775,1.021240
-0.011353,-0.403320,0.790649
-0.273193,0.191772,0.914551
0.428467,-0.358032,0.962891
-0.498413,-0.090210,0.750854
0.265869,-0.092163,1.001953
0.064087,-0.475464,0.776978
-0.346436,0.145142,0.858154
0.461548,-0.315186,0.993164
-0.464600,-0.101440,0.755249
0.171753,-0.012329,1.009033
0.116577,-0.474731,0.796875
-0.418457,0.109009,0.824341
0.469971,-0.285278,1.003418
-0.393555,-0.167114,0.763428
0.063721,0.074219,1.015259
0.211426,-0.500000,0.839478
-0.485718,0.043335,0.762207
0.480347,-0.252197,1.040405
-0.285156,-0.220215,0.793335
-0.066284,0.166992,1.006470
0.295898,-0.479980,0.884155
-0.515869,0.005981,0.752197
0.441162,-0.189209,1.061279
-0.182373,-0.271973,0.798462
-0.135010,0.194458,0.997681
0.365479,-0.411743,0.953979
-0.536133,-0.025635,0.756226
0.404663,-0.166870,1.053711
-0.041382,-0.380249,0.804565
-0.208984,0.223755,0.986572
0.409180,-0.405273,0.956665
-0.504150,-0.047119,0.764526
0.318481,-0.128174,1.032959
0.043701,-0.439453,0.803467
-0.274048,0.141968,0.916016
0.446899,-0.340210,0.991821
-0.458252,-0.099854,0.765259
0.236694,-0.039673,1.031616
0.084473,-0.451904,0.803345
-0.348999,0.134399,0.888062
0.490967,-0.306519,1.017212
-0.412842,-0.123047,0.771973
0.125366,0.050293,1.031494
0.189209,-0.497192,0.840942
-0.431152,0.045288,0.809937
0.507446,-0.272583,1.047241
-0.330688,-0.197388,0.780396
0.016357,0.121216,1.028320
0.289307,-0.496216,0.875366
-0.487305,0.021240,0.769775
0.470703,-0.219849,1.067139
-0.203125,-0.278442,0.800049
-0.092041,0.181885,1.014526
0.342285,-0.424316,0.932129
-0.502197,0.010254,0.778687
0.439697,-0.181152,1.078003
-0.072388,-0.348022,0.832153
-0.187500,0.176514,0.976685
0.412964,-0.375977,0.977173
-0.474121,-0.041748,0.775757
0.349731,-0.098511,1.056152
0.054810,-0.426270,0.836304
-0.252930,0.155029,0.963013
0.459106,-0.323730,1.022827
-0.448242,-0.097046,0.770874
0.260132,-0.022217,1.051758
0.100220,-0.432861,0.837891
-0.355103,0.140991,0.915527
0.522827,-0.313965,1.070312
-0.387451,-0.166992,0.782349
0.138916,0.073120,1.047852
0.184448,-0.428345,0.871216
-0.406006,0.053589,0.838623
0.531372,-0.272095,1.084839
-0.294556,-0.244263,0.790894
0.035278,0.125610,1.047485
0.291870,-0.435425,0.911499
-0.468628,0.043945,0.787598
0.489990,-0.228027,1.077637
-0.197021,-0.272705,0.834717
-0.042236,0.149170,1.031616
0.358765,-0.418945,0.955933
-0.479980,0.030640,0.788940
0.338623,-0.090454,1.034790
-0.079956,-0.317627,0.837891
-0.288330,0.188232,0.930542
0.431519,-0.360352,0.973877
-0.475830,-0.123169,0.741577
0.253540,-0.056885,1.027710
0.086670,-0.466187,0.802246
-0.362305,0.144287,0.871460
0.468018,-0.312134,1.008179
-0.434692,-0.130859,0.758057
0.153687,-0.011108,1.020752
0.132568,-0.480347,0.810547
-0.413940,0.097656,0.838257
0.493408,-0.285034,1.024658
-0.367310,-0.171509,0.775024
0.048462,0.102295,1.034180
0.243896,-0.505615,0.846558
-0.475586,0.048462,0.774414
0.477539,-0.234619,1.043701
-0.252686,-0.200562,0.808350
-0.047729,0.161621,1.027588
0.302246,-0.459106,0.886841
-0.510010,-0.013672,0.766846
0.447021,-0.202271,1.065186
-0.134766,-0.287476,0.819580
-0.136353,0.199219,1.009766
0.361816,-0.387085,0.952393
-0.513550,-0.014038,0.780396
0.389648,-0.162476,1.060303
-0.015991,-0.418823,0.802734
-0.203979,0.167847,0.958496
0.443604,-0.374634,0.983887
-0.494751,-0.035156,0.781860
0.295410,-0.088257,1.024902
0.085205,-0.467896,0.835449
-0.309082,0.108276,0.897339
0.480957,-0.328369,1.021973
-0.429077,-0.120483,0.759766
0.223145,0.028320,1.055176
0.104980,-0.421265,0.824585
-0.373047,0.130859,0.893188
0.498413,-0.316162,1.044067
-0.386475,-0.205322,0.767334
0.141724,0.063843,1.064209
0.182861,-0.472290,0.848633
-0.424561,0.116577,0.836426
0.500488,-0.286011,1.041870
-0.327881,-0.234863,0.776367
0.091675,0.069946,1.048706
0.255371,-0.467651,0.894775
-0.473633,0.082397,0.784912
0.494141,-0.237061,1.054321
-0.247437,-0.217041,0.819214
0.007080,0.137695,1.059814
0.326050,-0.474121,0.927490
-0.492310,0.036133,0.783081
0.475464,-0.185669,1.086914
-0.178955,-0.264771,0.817383
-0.080566,0.191895,1.040039
0.386353,-0.436157,0.972290
-0.494141,0.002441,0.788086
0.430542,-0.111450,1.100098
-0.067627,-0.328979,0.824463
-0.147827,0.204834,1.038086
0.439453,-0.412231,0.997803
-0.491211,-0.021240,0.781860
0.376221,-0.087402,1.082764
0.035034,-0.384277,0.847656
-0.213867,0.176147,0.998901
0.465698,-0.354736,1.031128
-0.444580,-0.124390,0.772705
0.338013,-0.049072,1.098145
0.084961,-0.383301,0.853149
-0.293457,0.203369,0.961914
0.507202,-0.312500,1.061401
-0.401123,-0.178101,0.783936
0.234253,-0.016479,1.073120
0.163818,-0.448242,0.869629
-0.371948,0.135010,0.890015
0.534058,-0.264160,1.089355
-0.328735,-0.182861,0.804321
0.121216,0.079834,1.065063
0.253418,-0.471436,0.894531
-0.416260,0.047241,0.835693
0.523315,-0.202271,1.112549
-0.240479,-0.236084,0.821899
0.003174,0.187866,1.071411
0.359131,-0.468506,0.949585
-0.488647,0.029175,0.797729
0.499146,-0.180176,1.118286
-0.116333,-0.269775,0.848877
-0.091309,0.229736,1.075806
0.409058,-0.391357,0.989380
-0.469849,-0.038208,0.801758
0.440918,-0.150146,1.112305
0.023804,-0.375732,0.874023
-0.167236,0.204834,1.030640
0.456543,-0.323364,1.036133
-0.457520,-0.013916,0.806274
0.374756,-0.120117,1.097412
0.088623,-0.443481,0.870117
-0.248047,0.165771,1.000244
0.507202,-0.267456,1.090576
-0.406250,-0.110107,0.801392
0.275879,0.006470,1.105591
0.153564,-0.431396,0.902222
-0.336060,0.116943,0.948242
0.540771,-0.266968,1.125488
-0.333862,-0.166504,0.814209
0.177979,0.121460,1.104858
0.242188,-0.423584,0.925049
-0.385010,0.075195,0.884766
0.552734,-0.288086,1.119385
-0.280884,-0.252808,0.807129
0.107544,0.156128,1.109619
0.322144,-0.420410,0.955444
-0.455811,0.078979,0.845093
0.532837,-0.227539,1.128906
-0.175659,-0.300781,0.855225
0.020508,0.143433,1.083008
0.373901,-0.393433,0.994385
-0.473877,0.067383,0.816406
0.509766,-0.144043,1.147217
-0.093872,-0.265137,0.894165
-0.066284,0.188599,1.090332
0.431885,-0.434692,1.010620
-0.459473,0.003296,0.841187
0.456055,-0.080322,1.144287
0.004761,-0.303711,0.894531
-0.140503,0.234985,1.083130
0.486450,-0.383301,1.060669
-0.442505,-0.052734,0.827026
0.412354,-0.070435,1.152344
0.049927,-0.348877,0.890137
-0.197021,0.207275,1.038940
0.512329,-0.297607,1.096313
-0.404907,-0.119629,0.803589
0.362671,-0.036255,1.146606
0.089966,-0.366821,0.903687
-0.258789,0.202515,1.023926
0.539307,-0.278198,1.112915
-0.370117,-0.136353,0.834351
0.264038,0.005127,1.120239
0.168091,-0.439209,0.917480
-0.307251,0.132690,0.941528
0.564819,-0.232544,1.140869
-0.336426,-0.158569,0.833740
0.181396,0.064575,1.113281
0.262817,-0.457397,0.956055
-0.373535,0.079590,0.889893
0.561401,-0.199341,1.150391
-0.274902,-0.211426,0.826172
0.099243,0.147095,1.101685
0.349854,-0.425415,0.987793
-0.422852,0.079468,0.876099
0.535522,-0.162354,1.153931
-0.197144,-0.247681,0.856079
0.015991,0.177490,1.095459
0.406982,-0.396240,1.015381
-0.436279,0.010010,0.852539
0.520386,-0.134399,1.168945
-0.082520,-0.291870,0.875244
-0.084351,0.209473,1.072876
0.460083,-0.350464,1.052368
-0.435059,-0.025269,0.842896
0.470215,-0.072144,1.183228
0.007935,-0.349121,0.876099
-0.159424,0.190674,1.061646
0.487427,-0.313965,1.075562
-0.431641,-0.066162,0.826660
0.411255,-0.049316,1.173584
0.060913,-0.360962,0.901733
-0.246704,0.187622,1.026489
0.549194,-0.281372,1.133667
-0.380737,-0.103149,0.820557
0.290527,0.062988,1.152100
0.176636,-0.407104,0.932617
-0.307251,0.131348,0.968994
0.562988,-0.258057,1.143921
-0.314209,-0.186768,0.829834
0.184692,0.127197,1.130005
0.246216,-0.399414,0.948853
-0.386353,0.079834,0.895386
0.573364,-0.252930,1.150757
-0.242188,-0.253296,0.849121
0.085205,0.153076,1.105469
0.322388,-0.367798,0.975708
-0.423950,0.062012,0.860962
0.546509,-0.190674,1.161987
-0.146729,-0.310181,0.867920
-0.002563,0.150635,1.101807
0.398071,-0.388916,1.006470
-0.453125,0.030518,0.845337
0.492432,-0.095581,1.164185
-0.006470,-0.332642,0.877441
-0.107056,0.207642,1.088501
0.450317,-0.333618,1.054565
-0.453857,-0.039307,0.832031
0.439819,-0.075317,1.172119
0.018921,-0.351074,0.889648
-0.211060,0.209473,1.061768
0.524780,-0.310547,1.109619
-0.444214,-0.082153,0.809204
0.337402,0.003784,1.165649
0.133911,-0.384521,0.921509
-0.311646,0.185303,0.982788
0.539551,-0.252808,1.117798
-0.357422,-0.166504,0.817749
0.232788,0.038818,1.126343
0.221191,-0.412842,0.936279
-0.380249,0.113647,0.911133
0.571533,-0.232666,1.155640
-0.283691,-0.227783,0.827515
0.091919,0.120361,1.094849
0.316895,-0.408447,0.965698
-0.426392,0.061157,0.881104
0.553101,-0.185303,1.163086
-0.178101,-0.288208,0.845093
-0.003784,0.171143,1.082031
0.372803,-0.373535,0.994141
-0.458984,0.016724,0.842651
0.519287,-0.173340,1.160889
-0.074829,-0.354980,0.849854
-0.083496,0.157593,1.063965
0.407593,-0.328125,1.025391
-0.451172,-0.014526,0.832153
0.469604,-0.097900,1.175659
-0.034302,-0.363159,0.860352
-0.181030,0.181885,1.051270
0.466797,-0.317749,1.062988
-0.456665,-0.026978,0.815430
0.400879,-0.049683,1.164307
0.042847,-0.351318,0.890991
-0.289307,0.205200,1.004272
0.509399,-0.285400,1.093140
-0.419189,-0.114136,0.799438
0.300659,-0.003174,1.144775
0.130981,-0.379150,0.920044
-0.342407,0.160156,0.949097
0.537476,-0.295532,1.101196
-0.366821,-0.172729,0.811523
0.193481,0.068481,1.117188
0.209839,-0.389893,0.928345
-0.413574,0.121216,0.895630
0.552490,-0.244019,1.119385
-0.289429,-0.236938,0.819580
0.082153,0.122925,1.085938
0.281006,-0.385742,0.947144
-0.450928,0.052979,0.850342
0.524658,-0.193481,1.130371
-0.170532,-0.316528,0.835327
0.000977,0.144165,1.074463
0.329834,-0.352173,0.967896
-0.474487,0.011353,0.812012
0.511841,-0.181396,1.143433
-0.102905,-0.328857,0.824341
-0.101196,0.169556,1.052490
0.399780,-0.349976,1.003784
-0.490479,-0.019287,0.811035
0.462891,-0.154785,1.137817
-0.059814,-0.344971,0.832153
-0.190674,0.174438,1.013794
0.440552,-0.306396,1.034058
-0.497437,-0.017822,0.800781
0.386475,-0.104492,1.141357
0.001343,-0.377686,0.862915
-0.278564,0.167969,0.988403
0.484863,-0.286255,1.065063
-0.442749,-0.060059,0.782104
0.278442,-0.010376,1.120728
0.098145,-0.413086,0.882690
-0.369751,0.151611,0.942383
0.508057,-0.262939,1.096069
-0.384033,-0.150391,0.785889
0.183960,0.097900,1.120605
0.164062,-0.408203,0.889648
-0.430542,0.109985,0.896851
0.521851,-0.284424,1.092773
-0.350342,-0.236206,0.765137
0.100586,0.135254,1.098389
0.226074,-0.369507,0.911133
-0.465332,0.061035,0.844849
0.528198,-0.263794,1.104248
-0.267212,-0.316406,0.793945
0.014282,0.107178,1.056152
0.273560,-0.401245,0.913940
-0.480957,0.069702,0.818359
0.505737,-0.167358,1.128662
-0.188232,-0.288940,0.806396
-0.057373,0.109131,1.032837
0.325806,-0.399048,0.938965
-0.484497,0.032104,0.810181
0.482056,-0.133423,1.127563
-0.163086,-0.282959,0.797119
-0.125732,0.135132,1.037720
0.358032,-0.389526,0.961304
-0.513428,-0.024658,0.778687
0.453613,-0.138428,1.133545
-0.118286,-0.333618,0.796265
-0.235352,0.211182,1.008911
0.427734,-0.350464,0.994507
-0.518311,-0.045288,0.768188
0.360107,-0.116699,1.098633
-0.065308,-0.343506,0.830933
-0.289917,0.155518,0.965332
0.449829,-0.301514,1.038452
-0.504272,-0.070068,0.747559
0.293823,-0.041260,1.106812
0.016113,-0.365356,0.853760
-0.365356,0.153809,0.929199
0.468262,-0.305176,1.038208
-0.452148,-0.118408,0.753784
0.211304,0.026123,1.091187
0.096069,-0.392822,0.865356
-0.436523,0.142090,0.888428
0.486206,-0.277466,1.066406
-0.410034,-0.197510,0.755615
0.091187,0.086426,1.055908
0.162476,-0.397705,0.876953
-0.472168,0.090210,0.844116
0.503662,-0.229736,1.091797
-0.316040,-0.233643,0.787476
-0.008423,0.124878,1.038574
0.245605,-0.412720,0.898682
-0.501831,0.052246,0.813965
0.472534,-0.207031,1.088257
-0.228638,-0.307617,0.761597
-0.077637,0.152954,1.018188
0.294678,-0.379150,0.920166
-0.545532,0.021606,0.783569
0.449707,-0.197754,1.093628
-0.172485,-0.350830,0.743042
-0.168335,0.177246,1.004150
0.346436,-0.349121,0.944336
-0.552856,0.007690,0.765991
0.402710,-0.179932,1.090088
-0.120728,-0.380127,0.764771
-0.279541,0.182007,0.952148
0.385254,-0.327393,0.973145
-0.540649,0.000610,0.754028
0.313965,-0.094849,1.072144
-0.047852,-0.376343,0.806519
-0.355591,0.166138,0.927246
0.432251,-0.313843,1.008057
-0.516724,-0.050171,0.719849
0.192749,0.019043,1.064697
0.049561,-0.397217,0.831055
-0.420898,0.155762,0.905396
0.456177,-0.303223,1.023926
-0.461548,-0.121582,0.747192
0.106323,0.099976,1.059448
0.104004,-0.387695,0.836060
-0.479126,0.078491,0.827515
0.480103,-0.266968,1.057983
-0.350342,-0.207153,0.757812
-0.002319,0.161987,1.033813
0.200317,-0.363525,0.865112
-0.530029,0.042358,0.795898
0.452637,-0.259399,1.051392
-0.258667,-0.314087,0.742065
-0.086792,0.170044,0.994019
0.267456,-0.368652,0.884521
-0.562012,0.030029,0.762817
0.410767,-0.214478,1.045532
-0.201416,-0.386108,0.718872
-0.186890,0.140625,0.972656
0.323853,-0.339478,0.932007
-0.592407,0.020996,0.736084
0.364502,-0.137329,1.062500
-0.126587,-0.358398,0.776245
-0.286987,0.157104,0.951904
0.382324,-0.333984,0.977905
-0.576172,-0.012695,0.709839
0.267212,-0.060791,1.033936
-0.033325,-0.372681,0.806763
-0.408447,0.181396,0.911621
0.424316,-0.293213,1.002075
-0.512939,-0.091064,0.719360
0.136108,0.052612,1.034302
0.062256,-0.382568,0.823608
-0.504883,0.147095,0.854980
0.466064,-0.305664,1.021484
-0.415283,-0.186401,0.738403
0.014282,0.138184,1.018188
0.145508,-0.362549,0.833984
-0.539062,0.098877,0.814575
0.452393,-0.278931,1.032227
-0.298584,-0.326172,0.730347
-0.081543,0.146484,0.977783
0.245850,-0.420166,0.845215
-0.565430,0.095947,0.781860
0.400391,-0.165161,1.022705
-0.209839,-0.326782,0.746948
-0.149292,0.141968,0.981445
0.286987,-0.384277,0.896729
-0.605225,0.036865,0.733765
0.394043,-0.168213,1.043457
-0.161499,-0.355957,0.730469
-0.287354,0.190308,0.928955
0.346802,-0.352783,0.928223
-0.575806,-0.012817,0.742188
0.327515,-0.134399,1.043335
-0.116455,-0.371338,0.754517
-0.372559,0.189209,0.884766
0.399658,-0.353027,0.954834
-0.550903,-0.043213,0.723022
0.208618,-0.043213,1.031982
-0.033936,-0.409668,0.770386
-0.441650,0.203735,0.865967
0.416504,-0.291260,0.985840
-0.507812,-0.095337,0.730835
0.105347,0.020264,1.016968
0.068237,-0.417236,0.813721
-0.525513,0.181152,0.830566
0.425171,-0.236694,0.996460
-0.392578,-0.157349,0.753784
0.007202,0.103760,1.019409
0.165405,-0.433960,0.842041
-0.569458,0.135498,0.804443
0.413208,-0.212891,1.009155
-0.291992,-0.250854,0.730347
-0.092651,0.139893,0.988525
0.252075,-0.418945,0.868530
-0.584106,0.075073,0.760498
0.389526,-0.168213,1.014038
-0.230103,-0.320557,0.703003
-0.204224,0.164062,0.956787
0.327148,-0.359497,0.930542
-0.602417,0.027100,0.740601
0.336182,-0.128174,1.027954
-0.159058,-0.361084,0.715942
-0.302124,0.172974,0.923096
0.375122,-0.338867,0.941162
-0.579590,-0.023315,0.714722
0.244629,-0.060303,1.018188
-0.062500,-0.388672,0.765747
-0.422241,0.217651,0.882568
0.395264,-0.293579,0.967041
-0.537354,-0.067505,0.712769
0.125244,0.016724,1.009644
0.051758,-0.446533,0.793091
-0.530151,0.191040,0.846680
0.419800,-0.235352,1.001099
-0.415161,-0.140625,0.747681
-0.003174,0.130005,1.005737
0.162109,-0.412476,0.846680
-0.569580,0.078003,0.786499
0.421021,-0.188110,1.034424
-0.276978,-0.243286,0.717773
-0.114502,0.189209,0.957642
0.244019,-0.355591,0.872925
-0.593262,0.039185,0.748657
0.383667,-0.176025,1.021118
-0.199707,-0.352295,0.699829
-0.204590,0.172119,0.943970
0.316772,-0.345947,0.906738
-0.615845,0.028809,0.720947
0.326782,-0.144165,1.012695
-0.118408,-0.390137,0.733032
-0.326538,0.183350,0.899170
0.378052,-0.320435,0.939819
-0.561157,0.029663,0.720337
0.201050,0.006104,1.006714
-0.042969,-0.392700,0.768066
-0.437988,0.153809,0.858887
0.417114,-0.305420,0.980835
-0.514404,-0.061035,0.702881
0.104126,0.105347,1.009521
0.054688,-0.369385,0.791260
-0.544678,0.182617,0.826904
0.432007,-0.268433,0.991089
-0.384888,-0.204346,0.731323
0.026367,0.129761,1.006714
0.142212,-0.388062,0.823120
-0.591187,0.178467,0.782104
0.439087,-0.224609,1.009888
-0.284668,-0.273315,0.729126
-0.090454,0.154907,0.981934
0.255493,-0.407593,0.868286
-0.614502,0.130371,0.757812
0.387817,-0.160767,1.000366
-0.205078,-0.288208,0.731812
-0.193970,0.154785,0.949341
0.322021,-0.373047,0.915771
-0.604004,0.040161,0.729980
0.339966,-0.084961,1.031982
-0.136230,-0.363525,0.699097
-0.319824,0.221191,0.910278
0.384521,-0.326050,0.928955
-0.566650,-0.020264,0.715210
0.212402,-0.033691,0.999390
-0.034424,-0.422729,0.745361
-0.431274,0.214966,0.868774
0.409180,-0.265747,0.970825
-0.508179,-0.086670,0.724854
0.078369,0.082764,0.998413
0.086060,-0.399414,0.813110
-0.543823,0.187866,0.832153
0.422241,-0.207764,1.010132
-0.325562,-0.212646,0.742432
-0.029419,0.150269,0.994141
0.184570,-0.366577,0.832275
-0.598389,0.145264,0.758423
0.426636,-0.174683,1.031494
-0.185791,-0.337036,0.733276
-0.163696,0.182007,0.953613
0.295288,-0.357910,0.889648
-0.627197,0.090210,0.734619
0.348755,-0.137451,0.996826
-0.098389,-0.395142,0.723389
-0.274902,0.208984,0.922119
0.362549,-0.309082,0.921509
-0.596069,0.038818,0.717285
0.246826,-0.051636,0.978760
-0.033569,-0.402222,0.761230
-0.399536,0.174316,0.864014
0.414551,-0.269653,0.977173
-0.524780,-0.043091,0.696289
0.115601,0.123047,1.019897
0.049316,-0.378418,0.782471
-0.522339,0.151611,0.833130
0.432007,-0.263672,0.999512
-0.387573,-0.154907,0.755005
0.017090,0.186646,1.004272
0.140137,-0.359131,0.814209
-0.573364,0.129272,0.774780
0.435669,-0.206543,1.022217
-0.259399,-0.269653,0.742920
-0.055664,0.167236,0.978760
0.226074,-0.352539,0.849121
-0.629761,0.147949,0.753540
0.423584,-0.205200,1.011353
-0.155762,-0.345581,0.749023
-0.158325,0.188232,0.942017
0.303223,-0.329346,0.892578
-0.605957,0.121948,0.736938
0.370117,-0.131836,1.009644
-0.112671,-0.339600,0.757446
-0.263184,0.176270,0.891846
0.373413,-0.350708,0.924194
-0.580200,0.048584,0.720581
0.305054,-0.028320,1.018555
-0.078613,-0.396118,0.710938
-0.338989,0.196289,0.869507
0.405640,-0.311401,0.941162
-0.548950,-0.021729,0.724365
0.217651,-0.032959,0.987427
0.000488,-0.409302,0.760498
-0.422729,0.223267,0.852417
0.416138,-0.257935,0.959229
-0.493652,-0.033325,0.741089
0.138184,0.054199,1.008911
0.072144,-0.408081,0.807495
-0.513794,0.181152,0.820923
0.424194,-0.220703,0.977905
-0.411011,-0.151367,0.737305
0.033813,0.115845,1.002197
0.177490,-0.395386,0.849976
-0.570190,0.190430,0.800171
0.427368,-0.164185,0.998291
-0.265625,-0.215576,0.758545
-0.090942,0.162720,0.965820
0.264282,-0.413940,0.880371
-0.592529,0.117310,0.766724
0.403564,-0.125854,1.020142
-0.152588,-0.306274,0.750977
-0.179077,0.206421,0.944214
0.330811,-0.364380,0.904785
-0.594727,0.079346,0.751465
0.371460,-0.135986,1.011230
-0.092163,-0.370605,0.738525
-0.280151,0.203735,0.899780
0.392578,-0.319336,0.931519
-0.568970,0.042847,0.740845
0.270752,-0.045166,0.998047
-0.019775,-0.424316,0.750977
-0.355835,0.159302,0.848267
0.405518,-0.274292,0.944702
-0.518555,-0.003418,0.731323
0.171509,0.035522,0.995605
0.048706,-0.401123,0.783081
-0.457397,0.134644,0.815674
0.418457,-0.230469,0.967773
-0.422974,-0.087891,0.742065
0.093750,0.150146,1.021484
0.116455,-0.385620,0.795654
-0.559937,0.166016,0.781738
0.454468,-0.244263,0.999390
-0.333862,-0.218506,0.748657
-0.006104,0.134521,1.000366
0.218750,-0.374268,0.859131
-0.590332,0.182983,0.770996
0.422852,-0.158325,1.007935
-0.222168,-0.256836,0.753540
-0.104492,0.169800,0.974365
0.289062,-0.408081,0.882690
-0.598755,0.120728,0.755249
0.413208,-0.119263,1.021362
-0.142700,-0.295166,0.742065
-0.200195,0.212891,0.934448
0.351562,-0.358154,0.917480
-0.565186,0.040771,0.765991
0.352051,-0.095215,1.021729
-0.068115,-0.379028,0.744019
-0.305298,0.237061,0.882935
0.404175,-0.330200,0.923584
-0.531860,0.001953,0.745605
0.270386,-0.057617,0.991211
-0.000122,-0.420532,0.756714
-0.383301,0.184204,0.835083
0.425171,-0.275879,0.959351
-0.503906,-0.049438,0.729004
0.168579,0.019409,0.995728
0.063599,-0.422974,0.792358
-0.471558,0.180054,0.817871
0.453979,-0.286133,0.966309
-0.448120,-0.085327,0.767700
0.080444,0.112183,1.017334
0.126099,-0.424561,0.816650
-0.519409,0.136719,0.785522
0.437500,-0.194458,1.000610
-0.361816,-0.131836,0.749390
0.008789,0.142944,1.008423
0.226929,-0.421143,0.867310
-0.591797,0.144775,0.770508
0.436890,-0.205566,1.006104
-0.233154,-0.252075,0.755859
-0.085205,0.205078,0.991089
0.305176,-0.384888,0.909546
-0.600464,0.140015,0.749634
0.408936,-0.161621,1.001221
-0.126709,-0.319214,0.758789
-0.173706,0.192383,0.946533
0.343384,-0.395630,0.910522
-0.576294,0.056641,0.756104
0.357056,-0.097168,1.013550
-0.049438,-0.371216,0.754517
-0.275757,0.208374,0.890747
0.386841,-0.309814,0.940796
-0.543457,-0.040161,0.731567
0.279297,-0.097046,0.980591
-0.003418,-0.425781,0.745239
-0.348145,0.170776,0.850708
0.428833,-0.266602,0.962769
-0.500366,-0.076050,0.738159
0.147949,0.004883,0.976074
0.067139,-0.441162,0.787476
-0.432983,0.134766,0.806030
0.448364,-0.234131,0.988892
-0.413574,-0.090210,0.765137
0.031738,0.118042,0.992554
0.163940,-0.458130,0.812012
-0.540161,0.101807,0.759644
0.450073,-0.191284,1.025513
-0.282715,-0.207886,0.747070
-0.068481,0.228271,1.005981
0.270264,-0.387451,0.870361
-0.582886,0.060059,0.744263
0.426880,-0.214355,1.024170
-0.144531,-0.324097,0.772583
-0.149170,0.223145,0.966309
0.330078,-0.345215,0.897705
-0.583130,0.108887,0.768677
0.366577,-0.138062,1.007202
-0.025024,-0.407104,0.786133
-0.239136,0.147949,0.890991
0.376709,-0.300415,0.937622
-0.577881,0.052002,0.714478
0.283569,-0.086060,0.979370
0.038696,-0.433594,0.773560
-0.333130,0.137817,0.857300
0.411743,-0.273315,0.968262
-0.421753,-0.109497,0.739502
0.043823,0.165894,1.008667
0.073364,-0.439819,0.775757
-0.559204,0.140259,0.789795
0.451294,-0.231079,1.012695
-0.438843,-0.095581,0.769165
-0.043213,0.180054,0.991211
0.227417,-0.363525,0.862183
-0.595337,0.143555,0.756470
0.434937,-0.183105,1.013184
-0.178955,-0.251099,0.770996
-0.151245,0.206055,0.961914
0.324585,-0.386963,0.906372
-0.609863,0.107422,0.746216
0.390625,-0.120605,1.018799
-0.103394,-0.322632,0.750732
-0.237915,0.193970,0.915283
0.369751,-0.359375,0.930420
-0.564209,0.014404,0.743042
0.322632,-0.076294,1.015015
-0.047607,-0.366577,0.737793
-0.320923,0.203125,0.877441
0.415039,-0.287231,0.949341
-0.539795,-0.059937,0.716309
0.212891,-0.054321,0.974487
0.009521,-0.439453,0.759888
-0.418701,0.174927,0.832031
0.455444,-0.260986,0.975708
-0.481934,-0.051880,0.744507
0.100586,0.080811,0.997925
0.100098,-0.442017,0.788330
-0.491089,0.160767,0.811890
0.451172,-0.245972,0.972900
-0.380981,-0.121826,0.776001
0.007446,0.148193,0.997070
0.190308,-0.418335,0.836792
-0.559326,0.124146,0.775024
0.436768,-0.190308,1.012085
-0.252808,-0.216187,0.764404
-0.082275,0.189697,0.987061
0.259888,-0.380737,0.871338
-0.599365,0.076904,0.741577
0.437622,-0.163452,1.034424
-0.126221,-0.330811,0.752686
-0.183838,0.229370,0.944580
0.326904,-0.326294,0.905640
-0.576416,0.068726,0.743652
0.355225,-0.144531,1.004395
-0.052368,-0.426514,0.751709
-0.266113,0.190308,0.889771
0.396851,-0.296753,0.936768
-0.572998,0.021973,0.711914
0.258789,-0.055054,0.983032
0.007324,-0.431274,0.764038
-0.355713,0.145752,0.849365
0.437256,-0.271729,0.973022
-0.500977,-0.028320,0.733276
0.143799,0.080811,0.993652
0.058716,-0.406738,0.771240
-0.447144,0.129028,0.799927
0.449341,-0.271118,0.989868
-0.428955,-0.135620,0.759766
0.068848,0.093262,1.008057
0.130859,-0.403687,0.806519
-0.528809,0.177002,0.784546
0.459595,-0.190674,1.008545
-0.300659,-0.145020,0.795288
-0.034424,0.129639,1.000610
0.216919,-0.443481,0.842773
-0.588867,0.107178,0.747314
0.449097,-0.172729,1.034668
-0.180664,-0.270386,0.759155
-0.140015,0.224854,0.981934
0.313721,-0.382446,0.885132
-0.594971,0.104858,0.750366
0.404541,-0.182373,1.014893
-0.066406,-0.386230,0.770264
-0.218750,0.192261,0.915283
0.355591,-0.317993,0.917725
-0.562866,0.043945,0.736084
0.329224,-0.111938,1.000732
0.001587,-0.413208,0.778076
-0.322876,0.171387,0.864258
0.403564,-0.291382,0.935913
-0.524902,-0.000366,0.730591
0.207642,-0.019165,0.973877
0.039429,-0.423462,0.777100
-0.388550,0.143555,0.838623
0.444702,-0.263306,0.978516
-0.479980,-0.053101,0.741211
0.110229,0.096802,1.003662
0.093750,-0.412109,0.787109
-0.484619,0.100708,0.780884
0.478149,-0.284668,1.007324
-0.378662,-0.162231,0.754395
0.012695,0.194702,1.023071
0.167969,-0.386108,0.820190
-0.558960,0.100098,0.745117
0.485352,-0.281372,1.019531
-0.278198,-0.236328,0.767822
-0.064819,0.206665,1.004761
0.231201,-0.391724,0.838257
-0.562988,0.093872,0.754883
0.464600,-0.250122,1.018555
-0.192749,-0.300537,0.774170
-0.135376,0.207031,0.966675
0.302246,-0.383667,0.882080
-0.578613,0.081299,0.748535
0.411743,-0.192993,1.022705
-0.078979,-0.363525,0.788452
-0.192139,0.204712,0.947754
0.334106,-0.316772,0.912231
-0.571655,0.071289,0.753052
0.366333,-0.177490,1.000854
-0.017822,-0.409424,0.784912
-0.248535,0.160156,0.899780
0.380493,-0.287842,0.939575
-0.553833,0.032349,0.730347
0.254883,-0.063110,0.986328
0.034180,-0.438354,0.780884
-0.305786,0.119507,0.870239
0.418457,-0.298950,0.957764
-0.540527,-0.014526,0.722778
0.194702,0.001221,1.000000
0.081909,-0.432373,0.790649
-0.418335,0.120483,0.814453
0.451538,-0.270264,0.986328
-0.456787,-0.105469,0.745239
0.104980,0.072388,1.000732
0.127563,-0.441772,0.799561
-0.497437,0.107422,0.774292
0.464478,-0.243042,1.007812
-0.333862,-0.179932,0.765503
-0.028442,0.165039,1.002808
0.220337,-0.443604,0.843750
-0.537964,0.076904,0.751221
0.451172,-0.229614,1.020630
-0.225586,-0.231567,0.789185
-0.115967,0.168823,0.975586
0.279297,-0.402466,0.879883
-0.558105,0.033936,0.745483
0.419189,-0.164551,1.036133
-0.088745,-0.321045,0.792358
-0.208252,0.169922,0.940308
0.358032,-0.375000,0.918213
-0.557739,0.030396,0.744019
0.338379,-0.122437,1.003784
-0.010620,-0.416260,0.789551
-0.269653,0.144897,0.885620
0.419434,-0.338135,0.951782
-0.543091,0.010864,0.734497
0.241089,-0.048218,0.978394
0.054932,-0.446289,0.781738
-0.352661,0.086304,0.822510
0.444092,-0.274414,1.001831
-0.486938,-0.122925,0.708130
0.149658,0.033813,0.999146
0.092041,-0.476318,0.780273
-0.428223,0.107300,0.811646
0.465088,-0.279785,0.992188
-0.420532,-0.140747,0.748291
0.056274,0.093872,0.995361
0.151123,-0.459106,0.791626
-0.480835,0.085571,0.777222
0.481445,-0.260986,1.015381
-0.343384,-0.164795,0.783691
-0.035522,0.124268,0.990479
0.238403,-0.470947,0.840210
-0.523926,0.052612,0.733887
0.453369,-0.200684,1.030884
-0.219971,-0.179077,0.818115
-0.118896,0.179321,0.982422
0.316162,-0.442139,0.905396
-0.556519,0.004517,0.741455
0.404175,-0.156494,1.034668
-0.099365,-0.320801,0.789551
-0.199463,0.206299,0.953247
0.383545,-0.380737,0.935059
-0.558472,-0.002197,0.733276
0.328247,-0.135254,1.001099
0.014282,-0.451904,0.775024
-0.282593,0.168213,0.885864
0.423340,-0.351807,0.949097
-0.523560,-0.060669,0.745972
0.234009,-0.062500,0.986938
0.062988,-0.469116,0.782959
-0.355713,0.068970,0.824097
0.446289,-0.273315,1.003174
-0.464722,-0.095703,0.737305
0.123413,0.070923,1.011719
0.142822,-0.448120,0.811157
-0.458984,0.083374,0.803955
0.462524,-0.287231,1.008911
-0.389771,-0.154297,0.765625
0.020874,0.126465,1.004272
0.214844,-0.447998,0.847778
-0.505859,0.030884,0.760620
0.469238,-0.239868,1.036621
-0.280762,-0.230469,0.766235
-0.063721,0.200562,1.015991
0.274292,-0.401123,0.882324
-0.538452,0.026611,0.751465
0.447388,-0.267456,1.027588
-0.168091,-0.273315,0.813599
-0.146851,0.223145,0.977539
0.328735,-0.385498,0.902100
-0.534302,0.073486,0.783569
0.405029,-0.187500,1.033691
-0.089478,-0.313110,0.818237
-0.183838,0.152222,0.946167
0.366943,-0.394775,0.931885
-0.548584,0.015381,0.733643
0.364746,-0.120728,1.035400
-0.012939,-0.390015,0.806641
-0.255615,0.157471,0.924194
0.405762,-0.395264,0.941772
-0.525024,-0.038940,0.731812
0.321899,-0.097900,1.020020
0.032837,-0.426880,0.793335
-0.307495,0.165039,0.891357
0.431519,-0.373291,0.953369
-0.488281,-0.118164,0.743042
0.260742,-0.064819,1.023804
0.059204,-0.441528,0.778320
-0.338867,0.170288,0.876221
0.454712,-0.331787,0.974731
-0.472778,-0.132080,0.739746
0.207764,-0.058960,0.996582
0.084595,-0.434692,0.796753
-0.394287,0.134155,0.838013
0.478760,-0.309326,1.001587
-0.448730,-0.172485,0.732666
0.153809,-0.009277,1.008789
0.124878,-0.435547,0.820801
-0.437378,0.124268,0.809448
0.471680,-0.284302,1.004395
-0.406860,-0.176025,0.747314
0.084229,0.034912,1.011719
0.208618,-0.487671,0.846558
-0.475708,0.085571,0.777954
0.465088,-0.248657,1.009521
-0.343140,-0.193726,0.757690
0.006958,0.118408,1.013794
0.261230,-0.493164,0.870483
-0.494629,0.031738,0.748413
0.465454,-0.219360,1.033447
-0.260742,-0.222656,0.785889
-0.079956,0.175781,1.013428
0.306030,-0.470947,0.889404
-0.518555,-0.002563,0.765991
0.438110,-0.195557,1.047974
-0.186768,-0.276123,0.789307
-0.134766,0.198364,1.002441
0.354980,-0.446899,0.922852
-0.532593,0.006104,0.755981
0.409546,-0.146606,1.066528
-0.093872,-0.332886,0.793945
-0.198486,0.190063,0.981934
0.402222,-0.439941,0.950562
-0.517334,-0.063232,0.756104
0.358765,-0.099487,1.046509
0.013184,-0.379395,0.819580
-0.274536,0.214111,0.942017
0.430054,-0.380493,0.965698
-0.490601,-0.100830,0.754883
0.294922,-0.119995,1.013428
0.067261,-0.444946,0.811768
-0.317749,0.172119,0.902466
0.450806,-0.316284,0.982178
-0.453613,-0.068970,0.768677
0.207153,-0.038940,1.015991
0.106689,-0.498169,0.805542
-0.364502,0.100464,0.849976
0.484741,-0.285522,1.023438
-0.438721,-0.120361,0.742065
0.106445,0.051025,1.027100
0.191284,-0.519287,0.837158
-0.427002,0.060913,0.827148
0.484497,-0.262817,1.025757
-0.360718,-0.169800,0.760010
0.012207,0.136108,1.028931
0.274048,-0.495361,0.888428
-0.478394,-0.004761,0.770264
0.458496,-0.224365,1.048218
-0.231445,-0.257935,0.783936
-0.069458,0.186035,1.026978
0.318359,-0.433105,0.911133
-0.517212,0.005127,0.766357
0.443604,-0.208130,1.060913
-0.125000,-0.315796,0.809814
-0.161255,0.195068,0.990356
0.370361,-0.386108,0.953003
-0.495850,-0.041016,0.759033
0.383545,-0.164673,1.043945
-0.007202,-0.402222,0.817993
-0.247681,0.189209,0.949097
0.443848,-0.359497,0.984741
-0.484009,-0.061523,0.761475
0.287354,-0.085327,1.027954
0.066650,-0.466431,0.820557
-0.298828,0.112549,0.911377
0.476929,-0.340088,1.021851
-0.461670,-0.100952,0.768677
0.208008,0.007935,1.031006
0.117554,-0.442139,0.826294
-0.378906,0.108154,0.874512
0.480835,-0.282959,1.042114
-0.388306,-0.191895,0.759766
0.117676,0.061768,1.047485
0.208862,-0.460571,0.854858
-0.452148,0.064697,0.796387
0.503784,-0.257324,1.063843
-0.292969,-0.236206,0.783203
-0.018311,0.169922,1.031860
0.310059,-0.477417,0.907349
-0.506592,-0.002686,0.772339
0.449829,-0.218872,1.061401
-0.163330,-0.295654,0.814209
-0.095215,0.237793,1.048950
0.355225,-0.364624,0.946167
-0.506226,0.014404,0.792969
0.429443,-0.230713,1.056396
-0.058350,-0.379150,0.827759
-0.164429,0.161377,0.987061
0.403564,-0.347412,0.983032
-0.498291,-0.001343,0.782715
0.356201,-0.128540,1.055542
0.039673,-0.461304,0.838257
-0.226685,0.100708,0.956543
0.450562,-0.341187,1.005127
-0.472412,-0.033203,0.769165
0.278320,-0.041260,1.035156
0.088623,-0.398926,0.857056
-0.304932,0.111206,0.926880
0.482544,-0.327026,1.034058
-0.440552,-0.104248,0.773071
0.191406,0.033325,1.051147
0.135986,-0.438232,0.841553
-0.372314,0.076172,0.872681
0.514893,-0.307251,1.065308
-0.392578,-0.169800,0.783936
0.125366,0.059814,1.037109
0.215698,-0.451172,0.872314
-0.423828,0.065796,0.820679
0.510376,-0.259155,1.078857
-0.306030,-0.201660,0.788330
0.028809,0.121094,1.026978
0.295410,-0.501831,0.888916
-0.473877,0.029419,0.794434
0.496460,-0.247314,1.061646
-0.244507,-0.224731,0.814087
-0.053589,0.189087,1.040161
0.350098,-0.487183,0.927612
-0.497803,-0.000122,0.788940
0.460449,-0.182251,1.097290
-0.138672,-0.262085,0.837524
-0.116943,0.252319,1.047119
0.379639,-0.406372,0.960327
-0.495605,0.003906,0.800293
0.433472,-0.180054,1.086426
-0.028320,-0.377563,0.844116
-0.187256,0.220703,1.013550
0.424805,-0.357666,0.997681
-0.468506,-0.067993,0.777466
0.392212,-0.126709,1.085938
0.018311,-0.403564,0.827637
-0.218506,0.188110,0.974243
0.478027,-0.336060,1.034668
-0.486328,-0.087646,0.758301
0.316406,-0.094849,1.060181
0.080322,-0.454346,0.822388
-0.260864,0.156250,0.954712
0.488037,-0.310425,1.026611
-0.460083,-0.082397,0.768799
0.238770,-0.034546,1.032349
0.128418,-0.471680,0.864746
-0.340088,0.106079,0.904907
0.520996,-0.263062,1.078491
-0.419556,-0.094971,0.774048
0.156372,0.067261,1.056152
0.222168,-0.463135,0.897339
-0.399780,0.046143,0.859497
0.531738,-0.244141,1.104492
-0.346069,-0.190552,0.780762
0.060913,0.125000,1.041260
0.289917,-0.490356,0.905884
-0.438965,0.009399,0.821167
0.521851,-0.236572,1.102417
-0.245483,-0.249146,0.814087
-0.027222,0.184937,1.030518
0.340576,-0.421021,0.942505
-0.477173,-0.005615,0.799683
0.473999,-0.201294,1.101440
-0.147339,-0.269287,0.839600
-0.080688,0.197388,1.045654
0.385620,-0.401367,0.973389
-0.495605,-0.008301,0.792969
0.439087,-0.166504,1.089355
-0.038696,-0.341187,0.853394
-0.160889,0.184326,1.011475
0.421753,-0.341797,1.009277
-0.447144,-0.076538,0.796631
0.384033,-0.120850,1.087402
0.060669,-0.436035,0.840454
-0.245483,0.168091,0.972046
0.488770,-0.300781,1.047607
-0.424072,-0.067749,0.789551
0.286255,-0.046265,1.075439
0.110718,-0.442017,0.879395
-0.339111,0.117432,0.927124
0.524170,-0.272461,1.093994
-0.385742,-0.137329,0.782715
0.187744,0.084839,1.088257
0.206177,-0.454346,0.907715
-0.402710,0.074219,0.870483
0.534180,-0.277954,1.092407
-0.329468,-0.208618,0.783447
0.088135,0.127197,1.081421
0.308472,-0.459717,0.924805
-0.453857,0.068726,0.820068
0.509399,-0.249390,1.084961
-0.229004,-0.241943,0.831421
-0.004639,0.166138,1.073486
0.363647,-0.443237,0.962646
-0.479858,0.041138,0.811646
0.481445,-0.169678,1.100220
-0.142334,-0.277832,0.835938
-0.069336,0.186646,1.060059
0.409912,-0.399048,0.999390
-0.488403,-0.003418,0.796875
0.451050,-0.137573,1.107056
-0.052124,-0.291138,0.861328
-0.135132,0.168457,1.032471
0.453857,-0.395142,1.026245
-0.464478,-0.062256,0.809814
0.409790,-0.079712,1.114624
0.034058,-0.347778,0.856201
-0.220703,0.200073,1.007324
0.500732,-0.354004,1.061646
-0.414429,-0.135864,0.794312
0.332520,-0.017456,1.110352
0.060547,-0.357788,0.859375
-0.283447,0.190186,0.976929
0.536743,-0.311279,1.082520
-0.402344,-0.150513,0.808594
0.259033,0.006836,1.079590
0.137939,-0.379761,0.901245
-0.329346,0.123169,0.914673
0.541992,-0.261719,1.111206
-0.366089,-0.185425,0.791016
0.171387,0.050171,1.076660
0.234375,-0.447754,0.908691
-0.375122,0.059326,0.857422
0.527832,-0.214355,1.109375
-0.304688,-0.200195,0.801270
0.087280,0.116943,1.075195
0.316895,-0.499878,0.930786
-0.439575,0.030762,0.824463
0.520020,-0.199707,1.121826
-0.227661,-0.238037,0.824707
-0.003906,0.200439,1.082642
0.361328,-0.444824,0.961548
-0.453979,0.014893,0.833740
0.510864,-0.185669,1.132324
-0.140015,-0.256470,0.859009
-0.086060,0.232544,1.062988
0.411743,-0.400269,1.000366
-0.458252,-0.032227,0.822266
0.467773,-0.133301,1.149536
-0.022339,-0.331177,0.874146
-0.137695,0.230835,1.055054
0.435913,-0.370483,1.008667
-0.461670,-0.039673,0.814087
0.433472,-0.142212,1.121704
0.058350,-0.384888,0.880859
-0.200806,0.214844,1.020508
0.474976,-0.306885,1.057007
-0.431030,-0.086792,0.805786
0.363159,-0.067017,1.119141
0.073975,-0.409546,0.875122
-0.270630,0.186768,0.992554
0.515869,-0.286987,1.081177
-0.417725,-0.114014,0.780518
0.280884,-0.009888,1.108276
0.165771,-0.422363,0.902832
-0.314087,0.165894,0.972046
0.540283,-0.280396,1.104126
-0.380737,-0.152710,0.803345
0.175781,0.053711,1.075439
0.236694,-0.433594,0.926636
-0.365601,0.082275,0.890381
0.552368,-0.246704,1.120605
-0.293335,-0.206909,0.833862
0.071533,0.112549,1.062012
0.305176,-0.431152,0.942505
-0.419556,0.054443,0.848022
0.540649,-0.203003,1.126953
-0.189209,-0.220825,0.869141
-0.017090,0.197021,1.070557
0.367065,-0.419556,0.979004
-0.444946,0.024902,0.833496
0.508423,-0.151733,1.146851
-0.076050,-0.285034,0.881104
-0.094238,0.228271,1.074829
0.421509,-0.373413,1.008911
-0.446777,-0.023560,0.834351
0.456543,-0.121826,1.147583
0.012695,-0.386719,0.870850
-0.166382,0.189209,1.039551
0.461670,-0.318726,1.058350
-0.434937,-0.075317,0.803345
0.405151,-0.063965,1.145874
0.055542,-0.371582,0.887695
-0.238525,0.220215,1.018677
0.501709,-0.283203,1.088623
-0.409424,-0.125977,0.794800
0.329956,-0.023926,1.128174
0.127441,-0.402100,0.901123
-0.313354,0.183472,0.979370
0.536621,-0.276245,1.104492
-0.365112,-0.153320,0.809937
0.239868,0.033447,1.123291
0.211426,-0.451294,0.917603
-0.382080,0.122925,0.912598
0.557373,-0.244019,1.114990
-0.309937,-0.175537,0.823608
0.140259,0.112061,1.110352
0.290161,-0.467407,0.936890
-0.421997,0.055298,0.856079
0.542969,-0.201416,1.142334
-0.215576,-0.230591,0.842773
0.032227,0.197754,1.110229
0.355957,-0.434082,0.966187
-0.461914,0.052979,0.839844
0.526123,-0.169312,1.135620
-0.130615,-0.266602,0.870483
-0.051392,0.215454,1.098145
0.421875,-0.404663,1.020142
-0.459229,0.002563,0.832642
0.475586,-0.112183,1.140259
-0.027832,-0.303833,0.881104
-0.120850,0.219849,1.074219
0.458618,-0.369629,1.042358
-0.453491,-0.049927,0.816650
0.433716,-0.085327,1.145874
0.039185,-0.347168,0.900146
-0.192383,0.221191,1.055786
0.496338,-0.343994,1.073120
-0.435425,-0.095215,0.809937
0.364258,-0.035767,1.146362
0.070679,-0.355347,0.903687
-0.264648,0.201538,1.008667
0.542603,-0.305908,1.104492
-0.373901,-0.169312,0.817017
0.296753,0.009155,1.125610
0.130737,-0.375732,0.905273
-0.318726,0.155151,0.948486
0.570435,-0.293091,1.119141
-0.366577,-0.192261,0.810181
0.233032,0.021973,1.120605
0.234619,-0.408813,0.954224
-0.381104,0.145264,0.901611
0.555054,-0.233276,1.126099
-0.287598,-0.228760,0.812988
0.146240,0.083252,1.113525
0.303345,-0.444824,0.971069
-0.418823,0.104126,0.866577
0.553955,-0.190063,1.139648
-0.235962,-0.203491,0.836060
0.043213,0.163818,1.095337
0.379272,-0.466431,0.989258
-0.456299,0.065186,0.861694
0.510864,-0.123657,1.151245
-0.131104,-0.239868,0.870605
-0.040649,0.199463,1.105591
0.412598,-0.408325,1.023071
-0.450317,-0.035889,0.837036
0.498291,-0.112183,1.160767
-0.005859,-0.304199,0.883911
-0.141968,0.231689,1.071655
0.476562,-0.346436,1.063232
-0.425781,-0.065430,0.826904
0.426514,-0.053467,1.161865
0.039917,-0.334351,0.888916
-0.214478,0.213623,1.038208
0.516357,-0.297607,1.111816
-0.429810,-0.098145,0.810669
0.359497,-0.018066,1.145386
0.115601,-0.385498,0.909790
-0.294922,0.172974,0.975586
0.553833,-0.272583,1.142334
-0.368164,-0.156372,0.816284
0.254761,0.032593,1.134155
0.205200,-0.410400,0.938110
-0.359009,0.131348,0.910522
0.567261,-0.231934,1.135864
-0.272095,-0.203613,0.836670
0.142944,0.119629,1.119873
0.290161,-0.443604,0.959351
-0.413452,0.089844,0.872437
0.545410,-0.193115,1.148682
-0.198486,-0.239258,0.863159
0.046631,0.177002,1.109497
0.364380,-0.418457,0.989136
-0.444946,0.045410,0.850464
0.515625,-0.135254,1.155273
-0.120728,-0.266357,0.882324
-0.048584,0.213013,1.106079
0.420654,-0.379517,1.030640
-0.442993,-0.024902,0.840576
0.480957,-0.119751,1.151978
-0.000488,-0.332397,0.895996
-0.127563,0.240723,1.080078
0.465576,-0.331055,1.054077
-0.439819,-0.045288,0.842773
0.419800,-0.094238,1.153931
0.032227,-0.366333,0.896240
-0.174438,0.189087,1.061279
0.500366,-0.254272,1.102173
-0.437012,-0.048218,0.813232
0.352051,-0.046753,1.133911
0.129028,-0.426636,0.913574
-0.275391,0.160889,1.004639
0.552368,-0.246216,1.132690
-0.366577,-0.118164,0.823608
0.218384,0.089478,1.138672
0.228516,-0.468628,0.939209
-0.342651,0.066162,0.929810
0.573853,-0.227173,1.159790
-0.313354,-0.185547,0.834229
0.114868,0.157959,1.115479
0.323853,-0.432983,0.970337
-0.416260,0.036255,0.871826
0.549927,-0.223999,1.165527
-0.174438,-0.271851,0.885010
0.001099,0.215210,1.097778
0.374878,-0.375244,1.000854
-0.452759,0.017090,0.848999
0.531250,-0.161011,1.171265
-0.038818,-0.306519,0.913208
-0.090210,0.223755,1.076294
0.416260,-0.347290,1.027222
-0.440186,-0.012573,0.838867
0.484253,-0.126709,1.163696
0.038696,-0.352173,0.908813
-0.162964,0.230225,1.077881
0.463989,-0.310181,1.061768
-0.453857,-0.030762,0.812500
0.419922,-0.073853,1.154297
0.068359,-0.382690,0.906860
-0.231689,0.216797,1.053223
0.522461,-0.282715,1.108521
-0.439453,-0.065430,0.805786
0.331055,-0.022583,1.148193
0.157959,-0.433838,0.926880
-0.290894,0.187378,0.996338
0.552246,-0.259033,1.128052
-0.369507,-0.130737,0.815674
0.242065,0.038696,1.128906
0.234619,-0.444336,0.946533
-0.365356,0.097168,0.914795
0.577881,-0.228027,1.163208
-0.291748,-0.192505,0.831421
0.119141,0.145752,1.104126
0.315063,-0.426636,0.966431
-0.419556,0.074585,0.890747
0.568481,-0.233521,1.166138
-0.222778,-0.285034,0.839600
0.011963,0.203247,1.090942
0.380493,-0.388794,0.996948
-0.432007,0.029907,0.859619
0.531616,-0.175293,1.166016
-0.096680,-0.308228,0.884521
-0.058472,0.208374,1.099121
0.413330,-0.362183,1.017090
-0.445190,-0.064331,0.786621
0.374878,-0.078491,1.111084
0.069946,-0.401733,0.865601
-0.240601,0.181152,1.012939
0.504272,-0.286499,1.075439
-0.417236,-0.096924,0.804077
0.288208,0.000122,1.090210
0.139160,-0.436523,0.885864
-0.326294,0.120483,0.955322
0.540283,-0.271118,1.127930
-0.388794,-0.164551,0.792969
0.193359,0.061157,1.086426
0.223877,-0.446045,0.918579
-0.383789,0.068359,0.875366
0.547729,-0.246216,1.116211
-0.311768,-0.200684,0.806641
0.090698,0.140503,1.077026
0.310059,-0.452637,0.937134
-0.413818,0.030029,0.838867
0.535522,-0.221313,1.134766
-0.223999,-0.251831,0.834717
0.005981,0.186279,1.068359
0.361328,-0.410889,0.975586
-0.448853,0.036133,0.826172
0.501099,-0.151245,1.129150
-0.135010,-0.252319,0.852051
-0.055176,0.213135,1.076538
0.410767,-0.415283,0.992310
-0.487915,-0.004761,0.808105
0.467407,-0.140381,1.129028
0.007446,-0.337036,0.882202
-0.152344,0.218628,1.047363
0.457153,-0.354370,1.047363
-0.458618,-0.060181,0.796265
0.392700,-0.071899,1.124512
0.060547,-0.373901,0.882446
-0.220703,0.208130,1.027222
0.500732,-0.286499,1.082886
-0.420654,-0.119263,0.788940
0.305908,-0.018799,1.104248
0.131470,-0.406006,0.898071
-0.318481,0.160156,0.957886
0.552002,-0.277588,1.115479
-0.373047,-0.134277,0.803101
0.172607,0.082275,1.082764
0.247314,-0.455811,0.929443
-0.386475,0.036255,0.881714
0.551636,-0.240967,1.136597
-0.284424,-0.236206,0.812378
0.056274,0.185669,1.078979
0.327148,-0.422974,0.957642
-0.432861,0.026733,0.842529
0.528320,-0.195190,1.153564
-0.159912,-0.271362,0.850586
-0.040039,0.220215,1.072754
0.389282,-0.379395,0.985962
-0.471436,-0.002075,0.826050
0.479980,-0.175171,1.131714
-0.010864,-0.375977,0.878662
-0.111938,0.203247,1.062622
0.431885,-0.322021,1.029175
-0.468384,-0.004150,0.799805
0.422241,-0.126709,1.118530
0.061890,-0.373535,0.917603
-0.180908,0.171143,1.042969
0.488770,-0.310181,1.068359
-0.457886,-0.035889,0.785645
0.332031,-0.025146,1.106689
0.105713,-0.397339,0.913574
-0.261475,0.176025,1.039551
0.531738,-0.314209,1.103271
-0.412109,-0.092651,0.803223
0.250488,0.060669,1.103149
0.164062,-0.422607,0.908691
-0.325317,0.101196,0.947632
0.566528,-0.291138,1.135864
-0.363892,-0.198853,0.798584
0.178345,0.097168,1.108765
0.249878,-0.424683,0.931030
-0.381348,0.112061,0.895142
0.553101,-0.250122,1.120117
-0.292236,-0.217896,0.820190
0.114624,0.109985,1.093262
0.301270,-0.419922,0.963135
-0.421631,0.065063,0.849487
0.544556,-0.191162,1.130737
-0.208740,-0.237915,0.853027
0.012329,0.199463,1.107910
0.362671,-0.456543,0.968018
-0.464478,0.043335,0.836792
0.511963,-0.167236,1.136719
-0.130249,-0.238647,0.868652
-0.055908,0.235474,1.100708
0.411987,-0.403442,1.002197
-0.457031,-0.013306,0.832886
0.470581,-0.119507,1.147095
-0.035522,-0.325073,0.864258
-0.110229,0.228394,1.091064
0.451416,-0.360229,1.026123
-0.459595,-0.006470,0.827026
0.445557,-0.103638,1.141602
0.058838,-0.379272,0.895386
-0.190552,0.203003,1.032593
0.471313,-0.292847,1.070435
-0.426025,-0.092041,0.809692
0.387085,-0.069092,1.135498
0.069580,-0.380371,0.891357
-0.256958,0.217529,1.020142
0.529663,-0.296631,1.104370
-0.416748,-0.118530,0.804321
0.307373,-0.041382,1.110474
0.126465,-0.399414,0.908325
-0.278076,0.131104,0.962891
0.555908,-0.259521,1.129883
-0.396973,-0.122681,0.802734
0.222778,0.033081,1.096802
0.220215,-0.450195,0.921753
-0.335449,0.093018,0.933594
0.545288,-0.238159,1.136475
-0.327148,-0.184448,0.819824
0.142090,0.105347,1.093384
0.301392,-0.451660,0.953857
-0.393555,0.062622,0.870850
0.545288,-0.202148,1.145630
-0.252930,-0.208008,0.826172
0.034668,0.161133,1.075806
0.348633,-0.425781,0.973633
-0.427734,0.025146,0.864502
0.532593,-0.175537,1.155151
-0.146729,-0.250122,0.859497
-0.052124,0.227661,1.078125
0.403442,-0.404297,0.997559
-0.460083,-0.012695,0.828125
0.498779,-0.174683,1.149902
-0.018311,-0.330933,0.899292
-0.130371,0.245483,1.069092
0.438843,-0.341431,1.026245
-0.444214,-0.041138,0.826660
0.432373,-0.124878,1.135986
0.043457,-0.392578,0.889893
-0.176025,0.179199,1.038940
0.475342,-0.279785,1.072021
-0.428467,-0.070435,0.800781
0.375122,-0.056885,1.133789
0.089966,-0.421265,0.887329
-0.267456,0.199585,1.015869
0.523926,-0.255859,1.111206
-0.385742,-0.124756,0.810547
0.269043,0.039185,1.126709
0.171265,-0.424194,0.924194
-0.342285,0.135254,0.964478
0.586304,-0.294312,1.141479
-0.349854,-0.182007,0.815063
0.145996,0.144531,1.110840
0.264160,-0.418945,0.951172
-0.357300,0.004883,0.878296
0.551758,-0.214478,1.159180
-0.273682,-0.228394,0.826660
0.079956,0.160034,1.097534
0.335083,-0.411743,0.957886
-0.432495,0.067871,0.870605
0.541504,-0.213379,1.148315
-0.165649,-0.255249,0.878662
-0.021240,0.202759,1.071167
0.390137,-0.385986,0.999512
-0.435059,0.023071,0.837158
0.502441,-0.136475,1.152344
-0.070190,-0.292236,0.883423
-0.094482,0.214844,1.076782
0.449585,-0.370483,1.035400
-0.449951,-0.024048,0.831543
0.453979,-0.094727,1.156006
0.053833,-0.349976,0.901123
-0.175537,0.226685,1.054565
0.472412,-0.293335,1.072144
-0.437866,-0.074707,0.809570
0.394287,-0.086426,1.133423
0.063721,-0.379761,0.898438
-0.244751,0.194946,1.024902
0.536621,-0.266235,1.120483
-0.417236,-0.105469,0.799683
0.283813,0.000854,1.119751
0.182983,-0.422607,0.935059
-0.326904,0.141602,0.966553
0.561035,-0.246338,1.136230
-0.349976,-0.155151,0.815063
0.171875,0.086304,1.103027
0.286499,-0.458496,0.961304
-0.383423,0.086548,0.896240
0.548340,-0.219482,1.129028
-0.260986,-0.202393,0.842041
0.063843,0.141968,1.081299
0.356079,-0.434814,0.988525
-0.449707,0.061523,0.858154
0.530029,-0.160645,1.165161
-0.155029,-0.256348,0.863281
-0.032471,0.219604,1.096191
0.406860,-0.382446,1.011475
-0.437744,-0.002686,0.837280
0.492188,-0.114990,1.151733
-0.033325,-0.313965,0.890015
-0.107788,0.191528,1.057495
0.455811,-0.341675,1.054443
-0.448975,-0.050415,0.823853
0.427979,-0.072388,1.157349
0.053955,-0.336304,0.896606
-0.202148,0.241821,1.057007
0.495605,-0.293457,1.087036
-0.412354,-0.118774,0.809692
0.348999,-0.040527,1.147949
0.112061,-0.370361,0.915527
-0.287354,0.185547,0.992310
0.537231,-0.266113,1.122070
-0.351196,-0.171021,0.832153
0.233154,0.020508,1.114624
0.226074,-0.431152,0.939819
-0.357422,0.092529,0.899902
0.559082,-0.216919,1.136963
-0.265381,-0.203369,0.845947
0.087402,0.160034,1.101440
0.331665,-0.425293,0.976562
-0.418335,0.042725,0.849121
0.535278,-0.157227,1.159546
-0.139771,-0.254028,0.886230
-0.041748,0.195435,1.082886
0.401855,-0.370972,1.015381
-0.445190,-0.026489,0.828857
0.480835,-0.106323,1.169067
0.034302,-0.350708,0.896729
-0.151978,0.228882,1.076782
0.469238,-0.326538,1.060303
-0.453613,-0.035156,0.834351
0.400391,-0.082275,1.132690
0.067017,-0.399048,0.891479
-0.234497,0.183960,1.013184
0.531250,-0.253296,1.116943
-0.407227,-0.104858,0.815674
0.286377,-0.001587,1.132690
0.203003,-0.462891,0.917236
-0.349243,0.124390,0.926880
0.546509,-0.224609,1.137939
-0.311890,-0.216553,0.821167
0.174194,0.078735,1.111328
0.307129,-0.424561,0.975220
-0.416626,0.122437,0.876953
0.531494,-0.174683,1.143555
-0.221313,-0.263550,0.838379
0.040405,0.152710,1.093750
0.375244,-0.422729,1.006592
-0.425171,0.033936,0.865601
0.514282,-0.117188,1.157715
-0.116699,-0.263306,0.874146
-0.079346,0.224854,1.080078
0.442627,-0.387085,1.043945
-0.431152,-0.033203,0.840332
0.456909,-0.071777,1.165771
0.027100,-0.340454,0.891724
-0.153809,0.220337,1.075562
0.477051,-0.319336,1.069336
-0.430664,-0.066284,0.817871
0.404419,-0.052246,1.146362
0.060059,-0.361816,0.897461
-0.237915,0.203857,1.024048
0.532837,-0.272339,1.109863
-0.391846,-0.119385,0.818481
0.286377,0.026855,1.128174
0.170288,-0.426880,0.922485
-0.315918,0.105347,0.953491
0.556519,-0.219238,1.157104
-0.336426,-0.179932,0.813232
0.169800,0.092285,1.100220
0.284180,-0.449097,0.952148
-0.392090,0.071655,0.878540
0.556152,-0.189209,1.154175
-0.224609,-0.238647,0.849976
0.041260,0.174316,1.085327
0.361816,-0.403931,0.997192
-0.443481,0.030396,0.854126
0.526978,-0.167969,1.163940
-0.088013,-0.280884,0.894775
-0.065552,0.215820,1.090820
0.408936,-0.344727,1.012939
-0.443237,-0.008667,0.842773
0.483765,-0.151367,1.151245
0.038086,-0.402466,0.889160
-0.157104,0.205688,1.054810
0.464233,-0.299072,1.071899
-0.445312,-0.049927,0.816406
0.409668,-0.069458,1.159302
0.057739,-0.384277,0.908447
-0.223511,0.185059,1.050049
0.519531,-0.282837,1.112549
-0.414551,-0.092651,0.802979
0.314209,0.028076,1.134644
0.158936,-0.400513,0.931396
-0.315552,0.156128,0.998413
0.562622,-0.275269,1.149902
-0.377197,-0.159180,0.809204
0.217285,0.091919,1.140259
0.251465,-0.435425,0.939453
-0.348022,0.086792,0.915894
0.565063,-0.235352,1.141357
-0.307129,-0.185547,0.830444
0.119385,0.122559,1.094116
0.327148,-0.431152,0.969971
-0.413574,0.082642,0.871338
0.550415,-0.212280,1.145020
-0.196411,-0.242065,0.854736
0.024658,0.191650,1.094482
0.371460,-0.390747,0.993530
-0.456665,0.050171,0.862915
0.522949,-0.192871,1.144165
-0.076172,-0.325195,0.878174
-0.048340,0.232666,1.098755
0.408813,-0.343750,1.007690
-0.476074,0.024414,0.834351
0.505981,-0.200562,1.152954
0.000854,-0.435059,0.876953
-0.104736,0.196655,1.088135
0.465210,-0.313232,1.059570
-0.459473,-0.020386,0.807739
0.434814,-0.081421,1.163452
0.038818,-0.400635,0.897339
-0.189819,0.216064,1.077393
0.513550,-0.309082,1.096802
-0.453003,-0.051025,0.796875
0.356567,-0.017212,1.144287
0.115967,-0.387573,0.931519
-0.266479,0.203857,1.045410
0.531494,-0.282104,1.122803
-0.387451,-0.124634,0.819824
0.290527,0.038696,1.137085
0.152466,-0.354980,0.940063
-0.302979,0.118408,0.968262
0.567627,-0.260864,1.138306
-0.343994,-0.175781,0.835571
0.202759,0.045776,1.110474
0.260986,-0.439819,0.948364
-0.369629,0.108765,0.895874
0.542603,-0.186401,1.141724
-0.271362,-0.207886,0.825806
0.126099,0.115967,1.115234
0.335083,-0.447632,0.975342
-0.432129,0.081299,0.877319
0.533325,-0.155762,1.155884
-0.184814,-0.241699,0.870239
0.005249,0.174927,1.096802
0.392944,-0.389648,1.021240
-0.446045,0.004517,0.836426
0.499634,-0.086670,1.175171
-0.058594,-0.301270,0.883667
-0.089478,0.206421,1.086792
0.447754,-0.379395,1.035156
-0.444580,-0.052246,0.818481
0.469238,-0.090942,1.163452
0.030151,-0.332764,0.894165
-0.166382,0.212769,1.054443
0.483276,-0.283081,1.083618
-0.443237,-0.093628,0.804077
0.392700,-0.072510,1.162231
0.084717,-0.349976,0.916992
-0.259155,0.220581,1.017212
0.568237,-0.275513,1.131348
-0.390869,-0.136597,0.817383
0.252319,0.015137,1.108154
0.191284,-0.439697,0.924194
-0.328125,0.090332,0.917725
0.568604,-0.237427,1.144775
-0.291260,-0.187744,0.832153
0.130859,0.136841,1.095215
0.307495,-0.446899,0.954590
-0.407715,0.075317,0.886963
0.542847,-0.192505,1.156494
-0.197632,-0.276855,0.837280
0.034668,0.214233,1.110229
0.372559,-0.403320,0.989502
-0.462891,0.058228,0.859131
0.519775,-0.175659,1.165283
-0.071289,-0.336548,0.873779
-0.043335,0.212402,1.102051
0.410522,-0.335449,1.017212
-0.471313,0.045410,0.851074
0.500244,-0.156006,1.164673
0.026611,-0.431763,0.897217
-0.150513,0.198853,1.050781
0.449463,-0.306519,1.056030
-0.427979,-0.031250,0.825073
0.443115,-0.041870,1.171509
0.044678,-0.369507,0.906616
-0.215942,0.197388,1.053711
0.500854,-0.321289,1.095947
-0.426147,-0.076538,0.791138
0.371826,0.014526,1.167847
0.093750,-0.365356,0.919434
-0.274902,0.218506,1.043335
0.552490,-0.329590,1.116089
-0.395020,-0.144775,0.807007
0.293091,0.076294,1.161865
0.158203,-0.376221,0.936646
-0.314575,0.165527,0.986694
0.569580,-0.287231,1.140625
-0.366943,-0.190186,0.805542
0.230347,0.057373,1.120117
0.209595,-0.393311,0.938110
-0.343628,0.107300,0.916260
0.581177,-0.236572,1.153320
-0.303589,-0.215454,0.823364
0.145508,0.107422,1.114502
0.294678,-0.440918,0.960571
-0.394287,0.082764,0.890747
0.570557,-0.193848,1.160278
-0.254639,-0.203857,0.843628
0.047363,0.158325,1.092651
0.372437,-0.457764,0.997192
-0.431641,0.017578,0.867676
0.533813,-0.138794,1.168701
-0.156738,-0.227295,0.864624
-0.030640,0.218140,1.092651
0.418213,-0.393799,1.033813
-0.433716,-0.037109,0.840088
0.501099,-0.108643,1.177734
-0.016968,-0.296265,0.897217
-0.125366,0.255859,1.084351
0.473022,-0.338867,1.053589
-0.442627,-0.073975,0.836182
0.430176,-0.099121,1.165527
0.022339,-0.371460,0.888794
-0.193604,0.230713,1.057617
0.500000,-0.266724,1.103271
-0.420898,-0.085205,0.815430
0.366455,-0.061890,1.150024
0.116821,-0.440430,0.898193
-0.288086,0.179565,0.985352
0.542358,-0.248779,1.130737
-0.369141,-0.139282,0.823730
0.250977,0.036255,1.123169
0.214233,-0.432129,0.944702
-0.334717,0.093018,0.927612
0.565674,-0.230225,1.152344
-0.299927,-0.176880,0.826538
0.133789,0.153320,1.123535
0.308350,-0.474976,0.950928
-0.414673,0.058960,0.890747
0.558228,-0.225708,1.160522
-0.221802,-0.257568,0.847778
0.022217,0.206055,1.098389
0.374390,-0.392334,0.990967
-0.458862,0.037842,0.855957
0.532837,-0.201782,1.158813
-0.087402,-0.326294,0.874634
-0.033569,0.208496,1.106201
0.409668,-0.344482,1.013916
-0.481567,0.048706,0.843384
0.502563,-0.167969,1.161377
0.025024,-0.418091,0.888672
-0.133057,0.193970,1.087891
0.456787,-0.314087,1.064819
-0.453369,0.001587,0.821899
0.447876,-0.070190,1.165771
0.057129,-0.378174,0.905151
-0.210938,0.188721,1.039673
0.492432,-0.280762,1.104126
-0.429321,-0.083374,0.802612
0.376831,-0.025024,1.159790
0.098755,-0.365234,0.926880
-0.276001,0.193359,1.024292
0.536743,-0.263428,1.130127
-0.372192,-0.142456,0.815674
0.270996,0.062134,1.140991
0.162109,-0.406372,0.926880
-0.304810,0.097412,0.948364
0.579712,-0.254761,1.157349
-0.347778,-0.155396,0.819214
0.186523,0.108765,1.129028
0.248169,-0.451660,0.926270
-0.371216,0.079346,0.921265
0.593994,-0.259888,1.163696
-0.284668,-0.232544,0.831299
0.086182,0.149292,1.090942
0.325684,-0.407837,0.975342
-0.403320,0.054932,0.877197
0.555298,-0.197388,1.179565
-0.205933,-0.263794,0.852661
0.023682,0.189087,1.112549
0.375488,-0.404907,0.989624
-0.443726,0.041504,0.857910
0.539551,-0.164429,1.168091
-0.111572,-0.280640,0.885498
-0.047974,0.213623,1.085571
0.413208,-0.366943,1.019287
-0.431152,-0.014893,0.844727
0.502319,-0.134644,1.171997
-0.021851,-0.367065,0.876709
-0.106689,0.189697,1.081421
0.448608,-0.362061,1.040405
-0.447021,-0.032104,0.833740
0.474243,-0.096069,1.173218
0.025269,-0.323975,0.907593
-0.176514,0.210815,1.046997
0.481323,-0.306519,1.082764
-0.423218,-0.090698,0.826050
0.424927,-0.056885,1.173950
0.057983,-0.334839,0.907349
-0.242065,0.231445,1.039795
0.514893,-0.272827,1.105835
-0.411011,-0.128418,0.817139
0.360474,-0.057007,1.140259
0.128418,-0.369629,0.938232
-0.310059,0.198730,0.977173
0.539673,-0.230103,1.134399
-0.354126,-0.186035,0.805176
0.265869,0.030640,1.148926
0.217529,-0.420898,0.941040
-0.335083,0.133911,0.935425
0.549072,-0.216797,1.135742
-0.295044,-0.196289,0.820435
0.143555,0.103638,1.106079
0.304688,-0.440674,0.968018
-0.394165,0.078125,0.887939
0.557495,-0.194092,1.154663
-0.241943,-0.221436,0.832397
0.038940,0.172485,1.098633
0.369995,-0.432617,0.994873
-0.419067,0.044922,0.873779
0.532837,-0.163696,1.161377
-0.131836,-0.257324,0.879883
-0.051636,0.226685,1.082153
0.404907,-0.375610,1.009277
-0.426758,-0.017090,0.857910
0.516357,-0.155151,1.162720
-0.029297,-0.317017,0.898926
-0.129395,0.224365,1.066772
0.458496,-0.332764,1.054443
-0.433105,-0.043091,0.836304
0.458252,-0.098999,1.170654
0.045532,-0.357788,0.905273
-0.195923,0.228394,1.052612
0.490112,-0.294922,1.078369
-0.419189,-0.079346,0.820923
0.391968,-0.061157,1.146973
0.079102,-0.378418,0.917725
-0.257935,0.222412,1.030640
0.525513,-0.255127,1.117065
-0.384888,-0.123901,0.810059
0.299438,0.003906,1.141724
0.159424,-0.441528,0.917236
-0.310547,0.136841,0.953613
0.561523,-0.234375,1.138916
-0.333130,-0.155029,0.825806
0.193237,0.104004,1.129150
0.245972,-0.457031,0.940796
-0.350952,0.065552,0.908691
0.559814,-0.218140,1.148071
-0.297974,-0.200806,0.823608
0.114014,0.136353,1.106079
0.338379,-0.428711,0.980347
-0.417114,0.076660,0.875122
0.541626,-0.189941,1.137939
-0.189575,-0.261963,0.859985
0.025146,0.189575,1.107178
0.376343,-0.399414,0.995117
-0.445312,0.008545,0.850464
0.529297,-0.169189,1.169922
-0.110474,-0.293579,0.866699
-0.054443,0.228271,1.092285
0.417725,-0.353760,1.031982
-0.446411,-0.035156,0.836792
0.503052,-0.154541,1.170410
0.009399,-0.384888,0.877197
-0.116089,0.219360,1.074951
0.450684,-0.313721,1.050415
-0.457520,-0.023071,0.821777
0.459229,-0.130859,1.160889
0.038086,-0.373535,0.889771
-0.190186,0.214844,1.046631
0.490356,-0.269165,1.089355
-0.422729,-0.075806,0.805176
0.394165,-0.054199,1.163086
0.078979,-0.393188,0.900269
-0.246948,0.180176,1.021484
0.529297,-0.253174,1.119507
-0.407349,-0.104004,0.799927
0.316406,0.000854,1.145874
0.181519,-0.456299,0.921997
-0.352539,0.167480,0.972900
0.559204,-0.249390,1.138672
-0.343750,-0.168579,0.817993
0.212158,0.103882,1.140991
0.256836,-0.440796,0.956665
-0.390381,0.068115,0.910889
0.575928,-0.257935,1.149292
-0.287842,-0.211060,0.829224
0.113892,0.181763,1.117065
0.307007,-0.409302,0.975220
-0.402832,0.048706,0.876587
0.563477,-0.235596,1.163940
-0.234863,-0.250610,0.840332
0.049438,0.200928,1.112183
0.358521,-0.393921,0.979980
-0.423584,0.053223,0.867432
0.548706,-0.199585,1.158813
-0.171631,-0.274048,0.859619
-0.021362,0.197021,1.086304
0.395752,-0.385376,1.010742
-0.438110,0.013062,0.856689
0.525879,-0.158569,1.170410
-0.062622,-0.296997,0.897705
-0.089478,0.221191,1.078613
0.440063,-0.385620,1.032227
-0.441772,-0.032959,0.843384
0.476074,-0.096558,1.172485
0.019165,-0.334595,0.887085
-0.143677,0.236816,1.072998
0.476074,-0.325317,1.063721
-0.437134,-0.089966,0.824707
0.438599,-0.082397,1.163696
0.029785,-0.343140,0.886719
-0.205322,0.222168,1.032959
0.520752,-0.289673,1.106201
-0.424561,-0.097656,0.812134
0.367432,-0.039185,1.146484
0.100830,-0.374390,0.921021
-0.280884,0.199951,0.995605
0.552246,-0.268066,1.137451
-0.393799,-0.138428,0.800537
0.267578,0.015137,1.117554
0.188599,-0.407715,0.943115
-0.331055,0.157715,0.948242
0.570557,-0.252319,1.129150
-0.301025,-0.188110,0.849609
0.154907,0.097534,1.104126
0.259399,-0.462158,0.939575
-0.399414,0.060791,0.876465
0.576538,-0.218628,1.164917
-0.237427,-0.245972,0.840454
0.053589,0.202026,1.111084
0.344482,-0.417847,0.981079
-0.438354,0.052490,0.854858
0.540649,-0.195923,1.155396
-0.138794,-0.274780,0.898438
-0.027832,0.213013,1.100830
0.384033,-0.374023,1.000244
-0.440186,-0.005981,0.846558
0.497314,-0.150146,1.169067
-0.016968,-0.359375,0.886963
-0.118408,0.238525,1.079102
0.436890,-0.348267,1.019775
-0.441772,-0.047485,0.828613
0.463257,-0.116943,1.177734
0.051880,-0.383301,0.904053
-0.196411,0.206665,1.040771
0.478394,-0.291260,1.070801
-0.424805,-0.077515,0.820557
0.381348,-0.059448,1.142456
0.101562,-0.381226,0.926636
-0.273682,0.179199,1.005737
0.516968,-0.238403,1.134277
-0.378052,-0.129150,0.805298
0.280273,0.040649,1.138184
0.206787,-0.450806,0.932861
-0.356079,0.126221,0.945557
0.553101,-0.266602,1.129150
-0.303589,-0.151978,0.846191
0.146851,0.155396,1.108276
0.295776,-0.456665,0.954224
-0.404297,0.057373,0.895142
0.566040,-0.246704,1.144043
-0.246216,-0.271851,0.819702
0.048462,0.200806,1.101318
0.357178,-0.392822,0.972046
-0.442627,0.065063,0.866211
0.457153,-0.188721,1.089844
-0.143311,-0.312988,0.866821
-0.166626,0.184204,1.027344
0.394897,-0.359985,1.000854
-0.486328,-0.024170,0.776611
0.363159,-0.105835,1.069336
0.076172,-0.412964,0.881470
-0.230591,0.164917,1.005981
0.477539,-0.322021,1.045288
-0.456421,-0.047852,0.766113
0.277466,-0.002319,1.062500
0.102051,-0.389893,0.883789
-0.303589,0.122559,0.973145
0.520752,-0.315430,1.090576
-0.421509,-0.121826,0.754761
0.190918,0.106812,1.076538
0.168457,-0.408081,0.876709
-0.358032,0.101929,0.927490
0.541260,-0.332397,1.094360
-0.383545,-0.200317,0.753906
0.132935,0.126587,1.072632
0.225952,-0.412964,0.898926
-0.416870,0.065552,0.866211
0.537598,-0.315186,1.087402
-0.316284,-0.273193,0.782471
0.084106,0.115356,1.053711
0.270752,-0.403442,0.924072
-0.457642,0.069702,0.806885
0.525635,-0.244019,1.102539
-0.258911,-0.260742,0.804199
0.015991,0.132935,1.055298
0.343384,-0.473389,0.930054
-0.480713,0.050293,0.791382
0.483643,-0.185303,1.092651
-0.175781,-0.252197,0.829590
-0.064575,0.203125,1.055786
0.375244,-0.444458,0.951416
-0.478394,-0.004395,0.798096
0.459473,-0.138916,1.117310
-0.096191,-0.288574,0.839844
-0.145386,0.227783,1.036011
0.418213,-0.410767,0.981323
-0.467896,-0.063354,0.785522
0.411499,-0.100708,1.099854
0.004395,-0.363647,0.850952
-0.219360,0.211426,1.010620
0.459229,-0.377930,1.011475
-0.446533,-0.117432,0.776978
0.342651,-0.080444,1.100098
0.076538,-0.412842,0.846558
-0.278564,0.183228,0.958862
0.479126,-0.303711,1.036987
-0.422241,-0.123291,0.781860
0.246948,-0.030273,1.059326
0.137451,-0.461060,0.858032
-0.361938,0.138672,0.904053
0.521118,-0.274170,1.071899
-0.380005,-0.139160,0.780640
0.138428,0.064453,1.053345
0.254517,-0.492432,0.901489
-0.427979,0.053345,0.828613
0.514160,-0.239014,1.093872
-0.290894,-0.231689,0.799561
0.028931,0.138062,1.050781
0.321777,-0.442871,0.933716
-0.477173,0.043701,0.805542
0.475464,-0.181030,1.100342
-0.171631,-0.283447,0.822144
-0.082764,0.184814,1.045166
0.381714,-0.422974,0.971924
-0.486938,-0.002563,0.793457
0.440430,-0.135132,1.102661
-0.035889,-0.326416,0.843018
-0.182983,0.223145,1.024414
0.429199,-0.389648,0.989746
-0.455688,-0.102539,0.767944
0.357544,-0.086670,1.087402
0.058228,-0.403320,0.841797
-0.274658,0.190430,0.973999
0.492310,-0.346313,1.031006
-0.424438,-0.127319,0.787354
0.244629,-0.029785,1.059570
0.125366,-0.407104,0.870361
-0.358887,0.137207,0.896118
0.506836,-0.266235,1.063843
-0.360718,-0.186523,0.769897
0.116089,0.077637,1.057251
0.246094,-0.506714,0.878662
-0.437378,0.035767,0.817871
0.510742,-0.243408,1.082275
-0.251587,-0.240356,0.804321
-0.032715,0.183472,1.048584
0.340820,-0.428711,0.939087
-0.487549,0.013794,0.784790
0.459717,-0.164429,1.100586
-0.110352,-0.325684,0.809814
-0.117920,0.194946,1.024780
0.405396,-0.379761,0.988647
-0.487915,-0.010254,0.787598
0.375977,-0.115479,1.070068
0.035522,-0.433105,0.834717
-0.227173,0.169312,0.985596
0.460693,-0.348389,1.022339
-0.459717,-0.107056,0.768066
0.302490,-0.030273,1.078979
0.080322,-0.392334,0.851685
-0.330811,0.176025,0.934570
0.500244,-0.335327,1.029541
-0.410889,-0.166016,0.778198
0.194214,-0.015625,1.050659
0.179199,-0.428345,0.885986
-0.399170,0.103394,0.848267
0.503052,-0.235229,1.066650
-0.316162,-0.211426,0.787842
0.051147,0.131714,1.065430
0.292236,-0.484009,0.904419
-0.458740,0.022705,0.796387
0.483032,-0.202637,1.083862
-0.211914,-0.238281,0.812500
-0.093872,0.218018,1.047607
0.383179,-0.452881,0.958130
-0.484985,-0.021240,0.794189
0.422485,-0.143555,1.087402
-0.047729,-0.322388,0.838013
-0.195068,0.218872,1.008301
0.427246,-0.366821,0.989136
-0.454346,-0.105469,0.769287
0.338257,-0.087891,1.078857
0.064697,-0.414795,0.845581
-0.279907,0.148438,0.940796
0.472900,-0.304321,1.026001
-0.415649,-0.132324,0.784790
0.213623,-0.006836,1.050537
0.154419,-0.436401,0.863281
-0.389282,0.125244,0.876587
0.508179,-0.254883,1.063232
-0.327393,-0.157593,0.809326
0.052368,0.089233,1.036377
0.263306,-0.493408,0.883545
-0.456543,-0.005493,0.776123
0.483887,-0.214966,1.083618
-0.186157,-0.237793,0.827148
-0.094116,0.211914,1.031006
0.375366,-0.415894,0.955322
-0.509888,0.008423,0.790527
0.407837,-0.152344,1.079224
-0.009277,-0.412354,0.828491
-0.180420,0.179810,1.003296
0.411865,-0.315918,1.002197
-0.484375,-0.057861,0.766357
0.316772,-0.101440,1.051147
0.088257,-0.467896,0.827026
-0.287231,0.144531,0.940674
0.481934,-0.288330,1.036499
-0.432129,-0.121704,0.775757
0.194580,-0.016357,1.032593
0.139404,-0.496460,0.830933
-0.372559,0.053955,0.855469
0.532837,-0.266968,1.087646
-0.366821,-0.169556,0.767578
0.039673,0.156494,1.044189
0.265991,-0.459595,0.892456
-0.435669,0.008179,0.818115
0.478394,-0.229614,1.080444
-0.229370,-0.266235,0.807983
-0.069946,0.198608,1.037720
0.340942,-0.430298,0.921753
-0.495728,0.010254,0.783936
0.440918,-0.174072,1.081909
-0.083496,-0.326050,0.830811
-0.156128,0.195801,1.007324
0.388672,-0.386841,0.961060
-0.476685,-0.052124,0.763794
0.369629,-0.102539,1.073608
0.039429,-0.406616,0.842896
-0.232666,0.176270,0.975952
0.450195,-0.365356,0.995483
-0.482788,-0.092163,0.752808
0.276489,-0.067993,1.035400
0.085327,-0.431519,0.835815
-0.310547,0.121826,0.914673
0.486694,-0.307495,1.034180
-0.417114,-0.130493,0.786011
0.158447,0.020264,1.028442
0.158081,-0.462402,0.838745
-0.400757,0.064575,0.842163
0.513062,-0.270996,1.071167
-0.341675,-0.204956,0.767700
0.047607,0.158813,1.051758
0.258667,-0.428955,0.894775
-0.469727,0.003418,0.777344
0.493530,-0.255859,1.085815
-0.275513,-0.281982,0.772949
-0.030640,0.170410,1.047607
0.337402,-0.427979,0.925903
-0.506226,0.041992,0.789062
0.441895,-0.189453,1.073486
-0.146851,-0.291382,0.828125
-0.114380,0.185791,1.015625
0.380859,-0.424805,0.952881
-0.523071,0.014771,0.770874
0.402954,-0.131592,1.076538
-0.018677,-0.357788,0.840942
-0.193970,0.184814,0.997925
0.419434,-0.411743,0.970703
-0.478516,-0.063110,0.773560
0.335938,-0.088623,1.047729
0.043579,-0.408081,0.821533
-0.257690,0.157471,0.947876
0.461426,-0.362427,1.008545
-0.454468,-0.127319,0.745239
0.275513,-0.034790,1.054321
0.079468,-0.410522,0.807373
-0.334106,0.154663,0.908081
0.494019,-0.309448,1.032715
-0.424683,-0.172607,0.756592
0.174072,0.002441,1.033081
0.143311,-0.442261,0.840088
-0.400635,0.102417,0.841309
0.496338,-0.269897,1.039917
-0.365601,-0.167603,0.778076
0.071411,0.072876,1.024658
0.243286,-0.504395,0.861328
-0.463745,0.033203,0.788940
0.480225,-0.236328,1.055542
-0.260498,-0.242676,0.791260
-0.032471,0.159912,1.030396
0.322510,-0.461426,0.915161
-0.514648,0.038696,0.771606
0.443237,-0.190796,1.067993
-0.140259,-0.305908,0.800171
-0.127686,0.197388,1.010742
0.384155,-0.399658,0.960205
-0.505005,-0.005981,0.768433
0.385254,-0.114990,1.063110
-0.016235,-0.397095,0.803345
-0.210815,0.172241,0.967407
0.438843,-0.363037,0.991943
-0.497070,-0.076050,0.755737
0.300537,-0.093140,1.037231
0.073242,-0.472778,0.809937
-0.307373,0.144531,0.907349
0.469727,-0.313843,1.009888
-0.436523,-0.101685,0.762207
0.192749,0.007080,1.035400
0.119629,-0.442261,0.835327
-0.387939,0.090454,0.867676
0.499268,-0.305054,1.040039
-0.396484,-0.185425,0.758667
0.093506,0.098999,1.041870
0.223389,-0.464355,0.857666
-0.461670,0.056396,0.790405
0.491211,-0.266602,1.048584
-0.284180,-0.241577,0.797119
-0.018066,0.150024,1.033936
0.303223,-0.463013,0.903809
-0.515137,0.035889,0.768921
0.449585,-0.194336,1.060669
-0.163574,-0.279907,0.812134
-0.125854,0.197388,1.019897
0.360596,-0.450928,0.931641
-0.527100,0.003662,0.756104
0.418457,-0.158691,1.055786
-0.047241,-0.315308,0.831299
-0.189453,0.199585,0.996338
0.390259,-0.376709,0.957275
-0.502563,-0.070068,0.741821
0.356689,-0.142090,1.036865
0.022217,-0.395996,0.817871
-0.254272,0.159180,0.939453
0.443359,-0.338989,1.001587
-0.484985,-0.110474,0.744629
0.261353,-0.068970,1.031006
0.065552,-0.450195,0.798340
-0.332764,0.128906,0.881348
0.498901,-0.319214,1.017578
-0.458984,-0.093750,0.762329
0.157593,-0.002319,1.011597
0.139526,-0.480347,0.821045
-0.409668,0.076538,0.816772
0.512573,-0.278687,1.055664
-0.369873,-0.160645,0.776001
0.050293,0.100342,1.028931
0.226196,-0.500977,0.847412
-0.469238,0.016846,0.764038
0.485352,-0.245361,1.051636
-0.262085,-0.235229,0.806885
-0.057251,0.171997,1.022583
0.293945,-0.455078,0.885986
-0.510254,0.015625,0.764404
0.447998,-0.190430,1.064453
-0.157227,-0.276855,0.814453
-0.132568,0.213989,1.021240
0.353760,-0.423950,0.930908
-0.510864,-0.021484,0.769775
0.389526,-0.157715,1.064697
-0.038574,-0.387939,0.808350
-0.220459,0.182617,0.963013
0.399170,-0.384766,0.950439
-0.498169,-0.065308,0.751343
0.322998,-0.098755,1.031128
0.070679,-0.451904,0.804199
-0.306763,0.189697,0.919434
0.444580,-0.327026,0.984131
-0.471191,-0.131226,0.740845
0.234497,-0.061646,1.014648
0.091309,-0.457642,0.800903
-0.349854,0.099854,0.858154
0.479248,-0.273438,1.026855
-0.430176,-0.136841,0.751343
0.123047,0.036133,1.019287
0.175903,-0.503296,0.820801
-0.451660,0.073853,0.805176
0.492920,-0.283081,1.037964
-0.343384,-0.191040,0.775146
0.002808,0.110596,1.007568
0.257324,-0.483154,0.860962
-0.491699,0.017578,0.753296
0.468140,-0.229248,1.054565
-0.227539,-0.262573,0.782959
-0.097534,0.203247,1.011475
0.331421,-0.456177,0.909668
-0.529541,0.006226,0.760742
0.418457,-0.192383,1.048584
-0.086182,-0.320190,0.816650
-0.181396,0.231445,0.999756
0.376587,-0.392822,0.938354
-0.521118,-0.047485,0.749146
0.354614,-0.151611,1.024780
0.039307,-0.432007,0.822510
-0.279419,0.182739,0.918579
0.422729,-0.330200,0.973145
-0.476196,-0.083496,0.751709
0.251221,-0.057251,1.016724
0.095337,-0.491455,0.804932
-0.356201,0.109375,0.862793
0.456299,-0.288086,1.009155
-0.442749,-0.120972,0.743774
0.127930,0.068604,1.027588
0.167969,-0.450439,0.840454
-0.445557,0.083984,0.827393
0.477417,-0.317139,1.009644
-0.374146,-0.189331,0.761475
0.035767,0.131348,1.033691
0.246704,-0.439209,0.877319
-0.509033,0.030396,0.770142
0.471069,-0.259521,1.038696
-0.231934,-0.251221,0.810181
-0.085083,0.174561,1.008057
0.317139,-0.430664,0.913086
-0.534424,0.050659,0.768188
0.422241,-0.186401,1.043945
-0.126831,-0.307617,0.813354
-0.163818,0.172241,0.981812
0.379150,-0.422607,0.948608
-0.520508,-0.007202,0.757080
0.343384,-0.078491,1.041748
-0.020630,-0.378418,0.788696
-0.229492,0.145752,0.938354
0.422607,-0.383789,0.962524
-0.517578,-0.083252,0.737671
0.280518,-0.085815,1.014404
0.067749,-0.447876,0.794922
-0.352783,0.151611,0.863403
0.464600,-0.336548,0.994995
-0.451294,-0.092773,0.775513
0.156006,-0.018921,0.995361
0.110352,-0.468262,0.802368
-0.398071,0.081543,0.819824
0.476929,-0.256104,1.014771
-0.382568,-0.135254,0.773926
0.029785,0.107788,1.016968
0.224365,-0.491821,0.847900
-0.475220,-0.000732,0.757935
0.466309,-0.256226,1.035522
-0.260254,-0.235229,0.772827
-0.093384,0.208008,1.011230
0.308716,-0.405151,0.909912
-0.531372,0.020752,0.758789
0.406372,-0.210327,1.031250
-0.096924,-0.357056,0.804932
-0.184326,0.207031,0.984985
0.361206,-0.366943,0.937378
-0.534180,-0.028809,0.738525
0.357544,-0.155762,1.027100
0.031128,-0.451172,0.799438
-0.283813,0.175903,0.913818
0.415771,-0.318115,0.957275
-0.491089,-0.074097,0.748535
0.218506,-0.051636,1.010254
0.098267,-0.506470,0.783203
-0.363037,0.108154,0.847290
0.455322,-0.293457,0.993652
-0.441040,-0.100952,0.755249
0.079346,0.077759,1.007446
0.191895,-0.484009,0.828125
-0.471924,0.036377,0.786743
0.485107,-0.258179,1.053711
-0.316162,-0.209961,0.766113
-0.055176,0.193726,1.010742
0.287720,-0.401245,0.892578
-0.529541,0.006470,0.742920
0.422363,-0.214722,1.043213
-0.136475,-0.320435,0.795288
-0.157227,0.208740,1.006958
0.351929,-0.380981,0.928223
-0.541260,0.015991,0.759521
0.373901,-0.186890,1.015991
-0.004395,-0.426025,0.808472
-0.254395,0.156982,0.915649
0.400391,-0.330200,0.961304
-0.512573,-0.054321,0.731445
0.281372,-0.076904,1.004639
0.056885,-0.440430,0.799072
-0.338013,0.115967,0.866333
0.429565,-0.333008,0.975586
-0.463867,-0.098877,0.748657
0.163086,0.024170,1.002319
0.098877,-0.433716,0.795654
-0.418701,0.097046,0.825195
0.469116,-0.312134,1.001831
-0.406372,-0.175049,0.757080
0.056885,0.094360,0.995117
0.181030,-0.446899,0.835327
-0.486450,0.047119,0.760132
0.473877,-0.246826,1.031494
-0.318237,-0.206299,0.760254
-0.041748,0.167114,1.020386
0.279663,-0.476074,0.868042
-0.512573,0.015259,0.760010
0.434204,-0.211426,1.039795
-0.202759,-0.266235,0.798096
-0.144653,0.191040,0.977051
0.341187,-0.430542,0.907471
-0.539062,0.005981,0.758667
0.390869,-0.135986,1.056030
-0.061157,-0.351929,0.798584
-0.226074,0.197144,0.948486
0.390381,-0.399780,0.932129
-0.537476,-0.046753,0.741089
0.307251,-0.109131,1.003052
0.045044,-0.442261,0.795654
-0.311523,0.188721,0.897339
0.413452,-0.340576,0.951172
-0.492065,-0.115356,0.738647
0.241699,-0.075928,1.009399
0.078125,-0.449585,0.788086
-0.386719,0.142944,0.840820
0.449707,-0.276978,0.986450
-0.449707,-0.149536,0.735718
0.109863,0.018555,0.992798
0.137817,-0.485596,0.803223
-0.463257,0.089966,0.784912
0.469727,-0.247070,1.017456
-0.355591,-0.184570,0.766846
-0.026978,0.145020,1.009888
0.241699,-0.501465,0.832397
-0.511353,0.056030,0.757446
0.447510,-0.229004,1.018799
-0.235596,-0.211060,0.797729
-0.112427,0.188232,0.993896
0.306519,-0.432251,0.899536
-0.557129,0.013916,0.739014
0.410156,-0.199707,1.037842
-0.096680,-0.344116,0.786499
-0.182007,0.212524,0.964355
0.361572,-0.327637,0.944092
-0.550659,-0.011353,0.738892
0.344482,-0.172974,0.994019
0.010254,-0.441040,0.791260
-0.276001,0.158081,0.890259
0.410278,-0.316284,0.964478
-0.519165,-0.065186,0.728149
0.241089,-0.080811,0.993530
0.055786,-0.499634,0.773560
-0.349731,0.115967,0.846680
0.448120,-0.299438,0.976074
-0.477783,-0.057739,0.750977
0.121216,0.065430,1.015259
0.133667,-0.444824,0.814941
-0.454102,0.074585,0.794922
0.461792,-0.289429,0.989746
-0.402954,-0.139526,0.745605
0.020264,0.158691,1.011230
0.222656,-0.423462,0.859619
-0.526978,0.030518,0.751587
0.462402,-0.272583,1.017944
-0.280884,-0.241577,0.757080
-0.083740,0.214966,1.007202
0.300415,-0.395508,0.892700
-0.545166,0.036621,0.757568
0.415039,-0.230835,1.000854
-0.160767,-0.315796,0.780029
-0.181274,0.170654,0.943970
0.364136,-0.380615,0.929321
-0.541870,-0.000122,0.752075
0.363159,-0.143677,1.023926
-0.045288,-0.385010,0.784302
-0.273804,0.149902,0.881226
0.407471,-0.347900,0.949829
-0.490723,-0.041504,0.771240
0.268188,-0.071045,1.005493
0.053223,-0.450317,0.793091
-0.366211,0.130737,0.837769
0.426636,-0.306152,0.959717
-0.455933,-0.062500,0.758301
0.176636,0.041016,1.028198
0.115234,-0.461548,0.799805
-0.449463,0.095215,0.794556
0.436401,-0.271851,0.980469
-0.429565,-0.142090,0.729492
0.080688,0.120117,1.035767
0.183472,-0.460327,0.830933
-0.491943,0.091919,0.780396
0.451904,-0.260376,1.002930
-0.339355,-0.171021,0.764648
-0.031250,0.150024,1.000977
0.247559,-0.450317,0.857544
-0.541260,0.047729,0.742432
0.453003,-0.227417,1.027100
-0.219238,-0.232300,0.795654
-0.121338,0.188110,0.986816
0.295532,-0.400513,0.888550
-0.547974,0.041016,0.755615
0.420166,-0.218018,1.016968
-0.128052,-0.308472,0.802979
-0.181641,0.167969,0.941650
0.359497,-0.375610,0.928711
-0.538940,0.016846,0.745605
0.354248,-0.136475,1.005859
-0.047729,-0.386719,0.778809
-0.260498,0.165405,0.910400
0.403564,-0.354004,0.936523
-0.520142,-0.014404,0.764038
0.282715,-0.064941,0.999634
0.022949,-0.419312,0.782959
-0.355225,0.164062,0.847900
0.434204,-0.343140,0.967407
-0.498291,-0.106689,0.735718
0.210449,-0.027222,1.003052
0.050537,-0.435425,0.777710
-0.409180,0.157227,0.823364
0.454712,-0.291870,0.964600
-0.448486,-0.130859,0.750610
0.136719,0.032593,1.009888
0.116455,-0.460815,0.795410
-0.474365,0.137695,0.782715
0.443848,-0.259399,0.975830
-0.381958,-0.151245,0.766724
0.047852,0.096558,1.016357
0.192871,-0.455933,0.839478
-0.528931,0.088379,0.753418
0.448730,-0.215332,0.997925
-0.289429,-0.172974,0.777344
-0.065796,0.170654,0.998779
0.286011,-0.465942,0.879272
-0.550781,0.049316,0.744141
0.426025,-0.182739,1.024536
-0.189453,-0.262451,0.770630
-0.143677,0.192017,0.971313
0.335815,-0.381470,0.927124
-0.551025,0.029663,0.750000
0.375122,-0.117920,1.027588
-0.086548,-0.367188,0.767090
-0.211792,0.151245,0.920044
0.377075,-0.363403,0.925537
-0.551270,0.027222,0.744873
0.321899,-0.089966,0.999390
-0.016724,-0.406616,0.765381
-0.290649,0.124878,0.875122
0.427734,-0.363647,0.949341
-0.531372,-0.013550,0.722046
0.234375,-0.013550,0.988403
0.043945,-0.427490,0.780151
-0.361084,0.104004,0.838379
0.436890,-0.326904,0.960083
-0.503418,-0.072266,0.735107
0.156128,0.057861,1.006592
0.093872,-0.443970,0.785034
-0.439453,0.117310,0.813477
0.444824,-0.274780,0.983765
-0.432007,-0.093018,0.750244
0.075195,0.110840,1.016479
0.152344,-0.429077,0.826172
-0.507812,0.116089,0.786255
0.478271,-0.252441,1.016113
-0.368530,-0.162109,0.750488
-0.018555,0.154785,0.998779
0.233276,-0.437744,0.848999
-0.543701,0.061523,0.739624
0.458618,-0.189331,1.029907
-0.245483,-0.186279,0.784912
-0.113770,0.200439,0.989502
0.288696,-0.449219,0.868652
-0.556641,0.044434,0.757324
0.421387,-0.181519,1.017944
-0.134521,-0.286377,0.786377
-0.171265,0.213135,0.956177
0.336426,-0.370850,0.910156
-0.574951,0.055908,0.749512
0.386108,-0.165649,1.022461
-0.064087,-0.382812,0.778442
-0.213745,0.196167,0.925537
0.369141,-0.310913,0.933472
-0.558105,0.006348,0.729248
0.322754,-0.115479,0.996216
-0.013428,-0.436768,0.772095
-0.274414,0.161987,0.885986
0.407593,-0.313599,0.945435
-0.541382,-0.043091,0.723389
0.260376,-0.081299,0.984375
0.019165,-0.436890,0.751221
-0.346924,0.156982,0.841553
0.434204,-0.322876,0.951172
-0.503906,-0.046387,0.745117
0.185059,-0.029907,0.991577
0.067627,-0.463745,0.772339
-0.423218,0.140381,0.806763
0.437988,-0.248413,0.977295
-0.447632,-0.087036,0.751587
0.098633,0.068970,1.000366
0.117676,-0.465820,0.802490
-0.482422,0.109497,0.786987
0.459106,-0.256836,0.988281
-0.374634,-0.140503,0.755981
-0.005615,0.153809,0.993774
0.218994,-0.438477,0.844849
-0.539185,0.058228,0.752197
0.446777,-0.214966,1.024292
-0.271362,-0.202515,0.756958
-0.090332,0.212036,0.987915
0.299072,-0.385498,0.888062
-0.572998,0.038452,0.741089
0.402832,-0.171753,1.027222
-0.143066,-0.323120,0.756226
-0.180664,0.219604,0.951660
0.343872,-0.359985,0.921265
-0.564087,0.031128,0.748901
0.370483,-0.126099,1.021606
-0.046387,-0.384155,0.775391
-0.272949,0.175049,0.886963
0.376587,-0.333984,0.934448
-0.536743,-0.033813,0.732666
0.285522,-0.074951,0.998657
0.017334,-0.444702,0.760742
-0.356812,0.157471,0.842163
0.414429,-0.271118,0.956787
-0.498657,-0.034180,0.731812
0.177124,0.021362,0.999756
0.089722,-0.465454,0.793701
-0.454834,0.120605,0.792725
0.442993,-0.242310,0.993652
-0.433105,-0.091431,0.739014
0.053223,0.132568,1.012573
0.172974,-0.453735,0.818848
-0.533569,0.096069,0.770630
0.446655,-0.210815,1.014526
-0.291504,-0.176880,0.774658
-0.065430,0.195679,0.990723
0.269775,-0.396240,0.883423
-0.581299,0.058594,0.741699
0.407227,-0.167114,1.022705
-0.134033,-0.334473,0.751221
-0.158569,0.218994,0.957886
0.337891,-0.336060,0.908569
-0.575439,0.057373,0.757568
0.363037,-0.147705,1.003906
-0.045044,-0.403931,0.774902
-0.260376,0.159058,0.884888
0.369385,-0.299194,0.933594
-0.539795,0.018555,0.740845
0.275879,-0.067383,0.982056
0.061157,-0.392212,0.798828
-0.500732,0.166260,0.813354
0.431274,-0.224487,0.984863
-0.400391,-0.132446,0.751099
0.026489,0.152832,1.008057
0.076904,-0.424194,0.791626
-0.544434,0.119995,0.792603
0.437012,-0.176758,1.018311
-0.296387,-0.199219,0.731812
-0.071899,0.203369,0.988770
0.258911,-0.359375,0.879395
-0.599121,0.097778,0.766357
0.428223,-0.173828,1.035278
-0.166748,-0.303833,0.749512
-0.181519,0.192993,0.934326
0.317261,-0.326538,0.896606
-0.603149,0.075562,0.740234
0.366211,-0.138062,1.014648
-0.095581,-0.396118,0.737671
-0.289551,0.182861,0.880859
0.373413,-0.297729,0.929565
-0.555664,0.011597,0.731934
0.266968,-0.050049,0.991943
-0.048706,-0.406982,0.741699
-0.389526,0.197510,0.857910
0.425293,-0.289795,0.948486
-0.518677,-0.011597,0.734619
0.158081,0.057007,1.006714
0.038086,-0.409912,0.775513
-0.487671,0.199463,0.827637
0.425171,-0.237671,0.978271
-0.436646,-0.113159,0.737915
0.080200,0.103149,1.030884
0.119263,-0.405762,0.821045
-0.565186,0.194214,0.807129
0.437378,-0.224854,0.987915
-0.328369,-0.209106,0.741943
-0.037231,0.154663,0.997192
0.224731,-0.397095,0.867065
-0.582275,0.125854,0.776855
0.408447,-0.141602,1.018921
-0.227539,-0.291992,0.714111
-0.123169,0.171143,0.964233
0.313721,-0.362793,0.897705
-0.600098,0.119995,0.760132
0.375488,-0.108398,1.013062
-0.142212,-0.348877,0.724121
-0.242676,0.174683,0.899292
0.373413,-0.348389,0.925415
-0.580688,0.060303,0.739258
0.301758,-0.060547,1.010986
-0.098145,-0.379639,0.718628
-0.350464,0.187378,0.872559
0.407959,-0.334717,0.948975
-0.537964,-0.043945,0.731934
0.207642,-0.005493,0.997192
-0.028320,-0.369507,0.765137
-0.468628,0.222168,0.831909
0.431885,-0.261963,0.972534
-0.469360,-0.115601,0.736938
0.100464,0.050781,1.006104
0.086060,-0.407715,0.807251
-0.551880,0.236572,0.823120
0.427979,-0.227417,0.969604
-0.353149,-0.179321,0.754761
0.002197,0.117188,1.001831
0.191162,-0.401611,0.844604
-0.592896,0.174561,0.782837
0.417969,-0.154053,1.003052
-0.231079,-0.230347,0.748413
-0.124023,0.188721,0.971069
0.267456,-0.398315,0.879883
-0.595215,0.083008,0.755005
0.378784,-0.105347,1.026367
-0.164917,-0.326538,0.713867
-0.234497,0.187378,0.924683
0.355835,-0.382202,0.908691
-0.580566,0.021362,0.743164
0.320923,-0.058105,1.019897
-0.092651,-0.357056,0.729858
-0.366699,0.212891,0.867676
0.397949,-0.333130,0.934448
-0.550659,-0.039185,0.708740
0.214844,-0.024780,1.005371
-0.007812,-0.393799,0.774536
-0.463013,0.228760,0.855713
0.426025,-0.238770,0.971924
-0.470947,-0.101318,0.735229
0.058472,0.081909,0.994385
0.100952,-0.406982,0.813110
-0.544800,0.158691,0.797119
0.414062,-0.178589,1.004761
-0.312256,-0.191772,0.734497
-0.032715,0.194946,1.018066
0.226074,-0.380371,0.865479
-0.621216,0.114990,0.771118
0.400146,-0.182739,1.001221
-0.195679,-0.334961,0.704468
-0.167114,0.195801,0.938110
0.328125,-0.343994,0.898926
-0.606689,0.088745,0.738647
0.346558,-0.106079,1.022217
-0.122070,-0.361206,0.727173
-0.296021,0.172363,0.886719
0.377930,-0.320557,0.928955
-0.557373,0.021851,0.738892
0.249146,-0.031372,1.004639
-0.053589,-0.403320,0.738647
-0.418945,0.210815,0.862427
0.407959,-0.300171,0.949707
-0.500000,-0.086304,0.726562
0.138306,0.047607,1.007568
0.050659,-0.381592,0.797974
-0.536255,0.217529,0.831787
0.413818,-0.226562,0.984863
-0.400757,-0.166504,0.740356
0.031006,0.115723,1.019043
0.168579,-0.420288,0.842041
-0.595093,0.173828,0.790771
0.406860,-0.170044,1.002686
-0.289673,-0.258667,0.719727
-0.088013,0.181763,0.987183
0.277100,-0.385620,0.888672
-0.609497,0.119019,0.770752
0.385986,-0.144165,1.011230
-0.191528,-0.332886,0.717529
-0.201050,0.183960,0.927368
0.331177,-0.346069,0.919800
-0.593872,0.041626,0.745850
0.346680,-0.123779,1.012939
-0.117065,-0.377075,0.725464
-0.329102,0.189331,0.876953
0.376343,-0.327393,0.933594
-0.559814,-0.018311,0.705811
0.260620,-0.040771,1.020386
-0.057617,-0.386108,0.748779
-0.421997,0.203979,0.849976
0.402710,-0.301880,0.960571
-0.519531,-0.086548,0.711792
0.154663,0.026123,1.010010
0.022583,-0.394409,0.778198
-0.520752,0.248901,0.836914
0.413452,-0.227661,0.973999
-0.404053,-0.179810,0.747192
0.039062,0.056763,1.000854
0.116943,-0.431396,0.821045
-0.584595,0.191528,0.790894
0.427734,-0.201050,0.998291
-0.288696,-0.203735,0.757080
-0.072266,0.192139,1.014648
0.232910,-0.409424,0.869385
-0.609863,0.116211,0.769897
0.417358,-0.190186,1.009888
-0.198120,-0.315430,0.728760
-0.209106,0.218506,0.958130
0.321899,-0.373657,0.894897
-0.600342,0.062622,0.743896
0.348389,-0.141968,1.009766
-0.131470,-0.376099,0.718140
-0.307373,0.193726,0.886475
0.372437,-0.313110,0.930298
-0.567139,0.003418,0.717773
0.246704,-0.057129,0.998535
-0.067261,-0.397217,0.735840
-0.403076,0.195679,0.873169
0.401733,-0.285767,0.960693
-0.546387,-0.065308,0.691040
0.131592,0.028687,0.996948
0.036987,-0.405884,0.794312
-0.501343,0.204834,0.862305
0.429077,-0.239990,0.996826
-0.446899,-0.122192,0.739380
0.008179,0.119751,1.001953
0.149048,-0.411621,0.838013
-0.569336,0.142700,0.814697
0.430054,-0.193604,1.020874
-0.314209,-0.224731,0.725220
-0.072998,0.196411,1.000488
0.223267,-0.384155,0.862549
-0.607300,0.094604,0.765137
0.418091,-0.173828,1.025757
-0.219849,-0.310669,0.710327
-0.172852,0.199219,0.962280
0.306885,-0.358032,0.892822
-0.608887,0.037964,0.731201
0.368896,-0.171753,1.011108
-0.150879,-0.381348,0.707153
-0.277466,0.201782,0.912720
0.359009,-0.325562,0.916870
-0.594360,0.021851,0.728760
0.297363,-0.103149,1.012329
-0.089844,-0.407593,0.743530
-0.382446,0.196655,0.882690
0.392456,-0.326050,0.946411
-0.557617,-0.024292,0.719727
0.181519,0.010620,1.008911
-0.024414,-0.395142,0.771484
-0.459229,0.199463,0.867310
0.415161,-0.277100,0.980835
-0.494263,-0.080811,0.738037
0.083618,0.103271,1.020020
0.062256,-0.399414,0.800293
-0.545288,0.181396,0.829590
0.435059,-0.253418,1.007324
-0.379639,-0.184570,0.730347
-0.006958,0.175293,1.010376
0.166016,-0.379517,0.843750
-0.596191,0.131470,0.784912
0.429443,-0.229614,1.007935
-0.288208,-0.291138,0.710571
-0.089722,0.153687,0.972168
0.256226,-0.376343,0.877441
-0.606201,0.116455,0.766602
0.375000,-0.137207,1.021362
-0.204102,-0.352905,0.700439
-0.179443,0.153076,0.959595
0.322510,-0.378174,0.915405
-0.618652,0.058838,0.735474
0.330933,-0.109131,1.007202
-0.142700,-0.350952,0.718750
-0.293213,0.179565,0.905884
0.368286,-0.322144,0.950684
-0.587646,-0.038208,0.698975
0.246094,-0.078857,1.007935
-0.069092,-0.401733,0.745239
-0.415527,0.204224,0.869141
0.422363,-0.299683,0.960693
-0.527832,-0.034058,0.729492
0.097778,0.063599,0.993896
0.054321,-0.393921,0.805542
-0.520874,0.161987,0.838135
0.437744,-0.250854,1.005615
-0.393555,-0.156738,0.734741
-0.020874,0.160767,0.997070
0.168579,-0.361328,0.847900
-0.593018,0.094604,0.776611
0.427979,-0.228271,1.021484
-0.253540,-0.324219,0.707520
-0.109863,0.193237,0.989990
0.249512,-0.373047,0.863037
-0.621704,0.086914,0.755371
0.408081,-0.221680,1.012451
-0.182495,-0.363403,0.710205
-0.223633,0.148804,0.928345
0.316284,-0.360229,0.904175
-0.603882,0.068359,0.740479
0.352417,-0.156128,1.017090
-0.124268,-0.379883,0.728149
-0.320312,0.147339,0.885742
0.354614,-0.317017,0.928223
-0.571655,0.007202,0.707642
0.256714,-0.066895,1.010620
-0.069580,-0.355713,0.768677
-0.409668,0.178589,0.879761
0.404419,-0.325806,0.965332
-0.561523,-0.059570,0.698364
0.165771,0.010498,1.010742
0.010376,-0.386841,0.789795
-0.495972,0.211426,0.854126
0.414062,-0.286743,0.982544
-0.500610,-0.133423,0.716797
0.089111,0.036987,1.008911
0.089600,-0.418335,0.819702
-0.555908,0.196777,0.828979
0.426025,-0.235107,1.002808
-0.402344,-0.173706,0.737671
0.010010,0.092407,1.013062
0.167847,-0.460815,0.831543
-0.580566,0.147705,0.810059
0.416626,-0.181763,1.015381
-0.312012,-0.214111,0.737793
-0.082764,0.136597,0.981445
0.253296,-0.450806,0.871582
-0.595581,0.082153,0.759766
0.391846,-0.158569,1.020020
-0.238403,-0.317993,0.699097
-0.209839,0.194946,0.966431
0.331787,-0.408325,0.912964
-0.589722,0.020996,0.754883
0.356567,-0.137329,1.031250
-0.157715,-0.365845,0.724731
-0.314453,0.196533,0.916016
0.359863,-0.333862,0.941406
-0.579712,-0.033081,0.714111
0.286377,-0.079834,1.042114
-0.088745,-0.389404,0.756226
-0.422852,0.226685,0.894897
0.402588,-0.319214,0.957642
-0.543945,-0.076050,0.709351
0.154785,-0.008423,1.015747
0.020508,-0.429443,0.796997
-0.505615,0.189209,0.854614
0.423706,-0.243774,1.010132
-0.449829,-0.114380,0.742188
0.046265,0.087646,1.016479
0.128784,-0.401733,0.841064
-0.556641,0.127808,0.811646
0.425537,-0.220581,1.015503
-0.323730,-0.244019,0.727051
-0.064331,0.150879,0.984009
0.229980,-0.383545,0.871582
-0.585693,0.076782,0.777466
0.416138,-0.187256,1.037231
-0.233398,-0.330078,0.712402
-0.193359,0.175049,0.968872
0.307251,-0.379272,0.907227
-0.579956,0.013306,0.742798
0.371582,-0.144897,1.052856
-0.171143,-0.363770,0.723511
-0.298706,0.174438,0.910278
0.373291,-0.354980,0.943970
-0.573853,-0.029663,0.725098
0.286011,-0.083130,1.042480
-0.111694,-0.388794,0.756714
-0.383423,0.185791,0.890869
0.403564,-0.322021,0.967529
-0.536377,-0.066650,0.710327
0.172974,0.016968,1.032715
-0.006592,-0.382446,0.791504
-0.482056,0.177856,0.864990
0.432373,-0.291748,0.994263
-0.468506,-0.144531,0.736694
0.064453,0.109009,1.022949
0.108276,-0.389038,0.827393
-0.547852,0.142700,0.812378
0.427002,-0.248291,1.011230
-0.331787,-0.259033,0.729980
-0.031372,0.125732,1.008789
0.204468,-0.406616,0.851440
-0.572510,0.097046,0.769775
0.421021,-0.195190,1.033081
-0.243286,-0.293091,0.742920
-0.148315,0.133057,0.968750
0.291992,-0.417480,0.884033
-0.580811,0.047119,0.747314
0.383057,-0.164062,1.037598
-0.176147,-0.308472,0.744629
-0.276733,0.179565,0.933716
0.357910,-0.366821,0.947998
-0.567139,-0.035278,0.726440
0.308472,-0.102417,1.034546
-0.116821,-0.339478,0.753662
-0.371460,0.194946,0.911011
0.401001,-0.329346,0.968506
-0.526978,-0.108276,0.718628
0.202515,-0.030640,1.038574
-0.013550,-0.386597,0.794556
-0.485107,0.200195,0.870850
0.424438,-0.273926,1.004395
-0.464844,-0.155396,0.728638
0.083862,0.069336,1.031738
0.123169,-0.402832,0.839722
-0.545898,0.162964,0.840088
0.434814,-0.262207,1.003540
-0.353271,-0.240845,0.738037
-0.031616,0.098877,1.005615
0.224731,-0.406616,0.879517
-0.568604,0.092163,0.782227
0.427734,-0.169067,1.046631
-0.248535,-0.309937,0.731812
-0.154663,0.143433,0.977295
0.304810,-0.438354,0.893677
-0.580444,0.024536,0.747314
0.406494,-0.141846,1.066406
-0.191162,-0.306152,0.738403
-0.276123,0.195312,0.959106
0.371582,-0.391113,0.941528
-0.558105,-0.022583,0.752441
0.320557,-0.096680,1.053955
-0.113770,-0.361938,0.758423
-0.361206,0.156860,0.899170
0.395020,-0.315063,0.982300
-0.529541,-0.087402,0.711426
0.222534,-0.010986,1.051392
-0.014160,-0.355103,0.810913
-0.457153,0.171387,0.881104
0.424683,-0.282959,1.015991
-0.486816,-0.154541,0.715332
0.116821,0.053955,1.043823
0.116211,-0.404053,0.849609
-0.537842,0.146606,0.836426
0.442993,-0.235596,1.031738
-0.354492,-0.239014,0.729004
0.010132,0.090576,1.021973
0.215210,-0.402588,0.879761
-0.564453,0.110107,0.810913
0.429932,-0.205444,1.032349
-0.258667,-0.304321,0.731934
-0.122559,0.140381,0.989624
0.309326,-0.395630,0.926880
-0.566162,0.017822,0.770264
0.394897,-0.151733,1.058472
-0.199951,-0.308716,0.725220
-0.242065,0.177490,0.966797
0.373413,-0.365723,0.959106
-0.556641,-0.026123,0.758301
0.342896,-0.123901,1.062500
-0.127197,-0.343506,0.760376
-0.342651,0.186279,0.913574
0.402100,-0.335083,0.976196
-0.520874,-0.049683,0.752808
0.257568,-0.042969,1.060791
-0.023682,-0.371216,0.809570
-0.440063,0.186279,0.883057
0.430786,-0.307373,1.003418
-0.487549,-0.131470,0.735107
0.156250,0.011841,1.037231
0.097290,-0.399414,0.839966
-0.503784,0.172119,0.855469
0.445557,-0.248169,1.036377
-0.396973,-0.224731,0.738647
0.031738,0.072754,1.030640
0.191895,-0.414429,0.877930
-0.543335,0.102783,0.804565
0.451294,-0.196655,1.061279
-0.275391,-0.260620,0.760132
-0.077148,0.121460,1.004150
0.260742,-0.436401,0.891479
-0.546631,0.014526,0.775635
0.437134,-0.180176,1.072510
-0.206055,-0.308228,0.733765
-0.204956,0.174072,0.974365
0.339966,-0.371094,0.941650
-0.535645,-0.025635,0.768311
0.389526,-0.161133,1.070312
-0.153320,-0.329590,0.757690
-0.285645,0.185791,0.940430
0.396118,-0.322998,0.977905
-0.550293,-0.063477,0.738281
0.316162,-0.114624,1.077148
-0.051758,-0.389160,0.797729
-0.383789,0.183228,0.910034
0.427490,-0.313110,0.992188
-0.510864,-0.071899,0.741089
0.210571,-0.013428,1.058838
0.054565,-0.389771,0.855103
-0.468018,0.150269,0.870605
0.454834,-0.275024,1.037354
-0.426636,-0.183960,0.731201
0.076538,0.107666,1.049072
0.161011,-0.375366,0.876221
-0.503662,0.098022,0.831177
0.475220,-0.244995,1.065674
-0.315552,-0.279907,0.738281
-0.025024,0.138550,1.029297
0.249634,-0.390747,0.894043
-0.535889,0.042114,0.796021
0.458252,-0.210693,1.070801
-0.217651,-0.336182,0.729004
-0.127930,0.150146,0.992065
0.313965,-0.374023,0.923706
-0.553589,0.006104,0.775635
0.436523,-0.212402,1.068726
-0.157104,-0.346191,0.760864
-0.240967,0.171631,0.966431
0.370117,-0.339233,0.971069
-0.546753,-0.030273,0.749268
0.366821,-0.133057,1.082886
-0.100220,-0.378052,0.788818
-0.313599,0.163086,0.928223
0.418701,-0.316528,1.002441
-0.523071,-0.031128,0.751099
0.285889,-0.059937,1.076904
-0.007446,-0.372681,0.828125
-0.385986,0.187012,0.920532
0.460815,-0.301758,1.035645
-0.481812,-0.125488,0.750244
0.160034,0.015259,1.063721
0.109863,-0.447144,0.843750
-0.462280,0.126221,0.854858
0.477173,-0.218262,1.075928
-0.376587,-0.189087,0.767456
0.045898,0.099854,1.041504
0.192749,-0.401123,0.886108
-0.496094,0.020752,0.799683
0.494141,-0.243652,1.085693
-0.251587,-0.313110,0.756958
-0.063477,0.167114,1.026611
0.277954,-0.372437,0.904541
-0.513794,0.007690,0.787109
0.466919,-0.218018,1.089600
-0.180054,-0.347046,0.756104
-0.161865,0.141968,0.981079
0.354858,-0.361816,0.950684
-0.535034,-0.020386,0.757446
0.395508,-0.129883,1.103149
-0.114380,-0.352173,0.790894
-0.253052,0.193237,0.987427
0.424683,-0.334717,1.004761
-0.549316,-0.006226,0.762573
0.306763,-0.077026,1.091553
-0.010010,-0.390259,0.823486
-0.354370,0.171143,0.930054
0.459473,-0.309448,1.029541
-0.466797,-0.110107,0.756104
0.193481,0.010986,1.073364
0.083130,-0.395386,0.864624
-0.419556,0.132568,0.886719
0.489624,-0.251709,1.080811
-0.398193,-0.185303,0.767944
0.075562,0.104858,1.056396
0.190308,-0.405029,0.887939
-0.471924,0.060669,0.839722
0.498047,-0.228271,1.102783
-0.253784,-0.282471,0.784912
-0.035278,0.134644,1.026123
0.262695,-0.374756,0.903442
-0.494141,0.000488,0.794800
0.481934,-0.214355,1.098267
-0.168823,-0.355347,0.760010
-0.136475,0.178467,1.016113
0.337769,-0.370605,0.933594
-0.534546,0.001465,0.773560
0.445923,-0.181641,1.101318
-0.106812,-0.332031,0.805176
-0.215088,0.184814,0.997681
0.389404,-0.313354,0.989380
-0.532104,-0.031982,0.755249
0.376343,-0.129761,1.102661
-0.026855,-0.390747,0.826172
-0.314331,0.184692,0.947876
0.440796,-0.290894,1.034180
-0.479858,-0.075195,0.758301
0.295044,-0.070068,1.097656
0.050903,-0.397339,0.847046
-0.395142,0.186035,0.925415
0.481079,-0.295288,1.050903
-0.423340,-0.160278,0.763550
0.181641,0.006226,1.083252
0.153076,-0.390381,0.897461
-0.453247,0.137451,0.875488
0.505249,-0.256470,1.081665
-0.350220,-0.218994,0.782104
0.055786,0.097168,1.065063
0.246948,-0.396362,0.925903
-0.473877,0.057739,0.839600
0.491577,-0.210938,1.095215
-0.215088,-0.296509,0.786011
-0.055542,0.142578,1.035034
0.325073,-0.376831,0.944092
-0.497314,0.010864,0.803101
0.472168,-0.167969,1.116211
-0.133057,-0.339722,0.790405
-0.158936,0.159912,1.022217
0.385620,-0.330078,0.985962
-0.522095,-0.012939,0.781372
0.421143,-0.142700,1.124146
-0.059204,-0.338257,0.833862
-0.266113,0.194946,0.994385
0.445068,-0.281006,1.053711
-0.483521,-0.090576,0.754395
0.309204,-0.045288,1.112671
0.034668,-0.383179,0.854248
-0.344482,0.153442,0.946777
0.497803,-0.294800,1.071533
-0.420532,-0.139893,0.769043
0.191772,0.066040,1.104248
0.137451,-0.386719,0.888916
-0.417969,0.109009,0.888794
0.517822,-0.271851,1.095581
-0.345947,-0.236450,0.779541
0.088135,0.107422,1.078369
0.241089,-0.383057,0.919922
-0.468262,0.081299,0.841797
0.505615,-0.206055,1.112793
-0.201294,-0.306274,0.809692
-0.014648,0.133179,1.058838
0.304688,-0.372192,0.936279
-0.485962,0.022827,0.813965
0.501709,-0.183960,1.133789
-0.134155,-0.338379,0.802368
-0.128418,0.173950,1.048462
0.393066,-0.355835,0.986694
-0.511353,-0.016113,0.797607
0.433105,-0.134766,1.137939
-0.064331,-0.344360,0.841919
-0.223267,0.174438,1.013062
0.449219,-0.296265,1.043701
-0.500488,0.000488,0.778320
0.344604,-0.064819,1.121094
0.043945,-0.381836,0.876343
-0.318359,0.148682,0.965698
0.497192,-0.275269,1.096313
-0.423462,-0.101807,0.773071
0.200562,0.058105,1.111450
0.170044,-0.401489,0.904785
-0.403076,0.096924,0.906494
0.524658,-0.241699,1.114258
-0.333984,-0.208252,0.786865
0.075806,0.134033,1.082397
0.264282,-0.376221,0.943115
-0.456787,0.043823,0.854858
0.530151,-0.243286,1.124268
-0.188232,-0.306152,0.823242
-0.029175,0.142456,1.051514
0.331665,-0.342407,0.962158
-0.481812,0.013062,0.806641
0.489502,-0.182495,1.136108
-0.093140,-0.353516,0.830322
-0.122070,0.167603,1.050903
0.397095,-0.314941,1.009155
-0.508545,-0.018311,0.787720
0.433594,-0.110474,1.138306
-0.032471,-0.356445,0.847046
-0.229492,0.172363,1.010498
0.468262,-0.291870,1.061035
-0.477295,-0.039795,0.790894
0.337524,-0.034424,1.138794
0.069214,-0.393188,0.881592
-0.316284,0.146240,0.960449
0.486816,-0.266479,1.091553
-0.396973,-0.161499,0.780518
0.255737,0.026978,1.135620
0.156250,-0.389526,0.911987
-0.405151,0.167969,0.912720
0.518066,-0.237915,1.102661
-0.335693,-0.190918,0.811035
0.147705,0.045166,1.095581
0.242310,-0.405151,0.945679
-0.437012,0.093994,0.874512
0.541504,-0.203125,1.132080
-0.263672,-0.243774,0.816040
0.032593,0.123047,1.070068
0.318237,-0.381836,0.971436
-0.443970,0.030151,0.842163
0.522949,-0.151855,1.156860
-0.121704,-0.318604,0.833252
-0.064819,0.157227,1.060669
0.381348,-0.372437,0.990356
-0.464233,-0.012085,0.830933
0.480713,-0.134644,1.154175
-0.074097,-0.329224,0.838135
-0.167358,0.195312,1.046753
0.444702,-0.324219,1.041382
-0.467529,-0.048340,0.812988
0.430176,-0.093140,1.167725
-0.016479,-0.338623,0.876831
-0.259033,0.189087,1.004150
0.506226,-0.310425,1.081543
-0.427856,-0.110840,0.795288
0.331787,-0.016479,1.154297
0.094849,-0.385132,0.895874
-0.331665,0.201294,0.963745
0.528687,-0.274292,1.106812
-0.379150,-0.188599,0.793091
0.250854,0.014893,1.133545
0.170044,-0.394165,0.919067
-0.385620,0.159424,0.919800
0.542847,-0.242920,1.126221
-0.327759,-0.254395,0.802612
0.153809,0.053223,1.109497
0.248413,-0.417725,0.945923
-0.420410,0.137817,0.889648
0.539917,-0.200806,1.136108
-0.249878,-0.281738,0.820435
0.054321,0.099243,1.090088
0.319336,-0.399780,0.972168
-0.452026,0.081665,0.872559
0.543091,-0.158447,1.154785
-0.173340,-0.261353,0.850586
-0.029785,0.148926,1.079712
0.380371,-0.375244,1.007446
-0.450195,-0.002808,0.838623
0.510986,-0.127197,1.164307
-0.067017,-0.309570,0.861572
-0.115356,0.186401,1.077393
0.427856,-0.359131,1.031128
-0.465942,-0.018677,0.828491
0.459106,-0.093994,1.157959
-0.018311,-0.307129,0.879517
-0.218018,0.223389,1.060181
0.497314,-0.312134,1.089844
-0.453979,-0.072998,0.802979
0.374756,-0.022217,1.176636
0.061646,-0.355103,0.897095
-0.281982,0.208740,1.020630
0.551514,-0.294189,1.114746
-0.287231,-0.214111,0.837891
0.122681,0.128540,1.113281
0.306030,-0.445190,0.958008
-0.407471,0.086426,0.873047
0.552368,-0.185425,1.145020
-0.197998,-0.228149,0.857788
0.021240,0.185303,1.114258
0.365845,-0.442505,0.982788
-0.458252,0.045166,0.857422
0.536987,-0.141113,1.171753
-0.097900,-0.265625,0.891357
-0.072144,0.232544,1.108765
0.426636,-0.377808,1.024170
-0.453491,-0.012573,0.830933
0.490479,-0.139771,1.160522
0.008179,-0.332153,0.904053
-0.143921,0.244873,1.082642
0.471069,-0.309326,1.068604
-0.446411,-0.063721,0.811523
0.429810,-0.082397,1.164673
0.036743,-0.359741,0.888672
-0.202881,0.234131,1.058228
0.515259,-0.267822,1.101807
-0.425903,-0.094482,0.807617
0.337524,-0.051392,1.116821
0.125488,-0.427612,0.905273
-0.278687,0.171265,0.987915
0.534912,-0.228638,1.127808
-0.370483,-0.155029,0.802246
0.228760,0.027832,1.109131
0.217041,-0.438599,0.937744
-0.344971,0.098145,0.922974
0.563721,-0.228760,1.138306
-0.322510,-0.174438,0.823242
0.122559,0.104370,1.091553
0.315430,-0.448364,0.968018
-0.407227,0.058350,0.866089
0.553101,-0.186523,1.152466
-0.214844,-0.218506,0.850708
0.005859,0.186157,1.079468
0.374634,-0.416626,0.988037
-0.452759,-0.001099,0.839355
0.521484,-0.146973,1.165527
-0.079468,-0.259033,0.888916
-0.105469,0.239990,1.075439
0.445068,-0.390747,1.016968
-0.462769,-0.056152,0.816040
0.437012,-0.111450,1.149780
0.057495,-0.364868,0.907471
-0.172974,0.213745,1.055542
0.477661,-0.276123,1.081543
-0.434204,-0.080688,0.806641
0.339722,-0.033691,1.127686
0.112793,-0.411865,0.890503
-0.280396,0.167969,0.996460
0.553711,-0.261719,1.138794
-0.371704,-0.152100,0.809692
0.196655,0.093384,1.093750
0.227661,-0.436646,0.914673
-0.373047,0.062500,0.872559
0.562622,-0.223145,1.155151
-0.259399,-0.241699,0.834229
0.070435,0.153076,1.082642
0.315063,-0.422607,0.935059
-0.465332,0.064087,0.846558
0.545654,-0.247070,1.140381
-0.145996,-0.309326,0.869141
-0.025635,0.202881,1.100708
0.376343,-0.354736,0.998657
-0.496826,0.061768,0.818726
0.483643,-0.190796,1.114380
0.004150,-0.397583,0.879639
-0.109863,0.193604,1.085815
0.435669,-0.329712,1.038452
-0.487549,0.024780,0.806152
0.423462,-0.104492,1.119507
0.075439,-0.365601,0.925049
-0.204956,0.166748,1.032104
0.480835,-0.316040,1.068115
-0.446411,-0.036133,0.789429
0.356445,-0.024658,1.114258
0.093994,-0.388794,0.906128
-0.253662,0.180176,1.036255
0.521729,-0.298096,1.104370
-0.434204,-0.083008,0.795654
0.269653,0.014526,1.099976
0.168701,-0.448730,0.901001
-0.332153,0.162598,0.963135
0.536621,-0.268921,1.107788
-0.380371,-0.169800,0.784180
0.199097,0.037476,1.087524
0.218506,-0.433105,0.924072
-0.369507,0.096558,0.893799
0.565186,-0.258789,1.115723
-0.323608,-0.196045,0.809204
0.113159,0.099487,1.083862
0.282349,-0.454712,0.930908
-0.412720,0.055542,0.840454
0.549683,-0.218140,1.117310
-0.249634,-0.212036,0.830566
0.022095,0.158691,1.069092
0.352295,-0.477051,0.950806
-0.459595,0.031494,0.823853
0.509033,-0.169312,1.128418
-0.189697,-0.236084,0.848877
-0.035278,0.187622,1.077759
0.400635,-0.421143,0.994995
-0.483276,0.031128,0.819458
0.461792,-0.129639,1.116333
-0.071533,-0.291382,0.869995
-0.121582,0.204468,1.048828
0.431519,-0.358643,1.022949
-0.466797,-0.049927,0.793213
0.420776,-0.104614,1.128296
0.056152,-0.391724,0.874023
-0.212402,0.243774,1.031128
0.476318,-0.329590,1.044556
-0.437622,-0.090820,0.801758
0.333374,-0.075317,1.091553
0.079468,-0.412720,0.873291
-0.270630,0.152222,0.967163
0.508301,-0.275269,1.089478
-0.411377,-0.126221,0.798462
0.236206,-0.003662,1.088501
0.172485,-0.437744,0.888428
-0.358398,0.120361,0.911743
0.537964,-0.254883,1.097290
-0.344482,-0.150757,0.814087
0.115234,0.086548,1.065308
0.251465,-0.464966,0.901489
-0.404419,0.051392,0.838989
0.528442,-0.238892,1.089844
-0.256104,-0.214722,0.827026
-0.006104,0.158447,1.053101
0.348022,-0.445923,0.953125
-0.457031,0.013306,0.807129
0.470825,-0.128418,1.125610
-0.135986,-0.267334,0.840088
-0.096558,0.209351,1.047607
0.431396,-0.444214,0.991089
-0.490967,-0.031616,0.789795
0.390869,-0.100586,1.091431
0.025269,-0.350464,0.859619
-0.183838,0.201660,1.024048
0.457520,-0.334351,1.034790
-0.465942,-0.088013,0.781494
0.331543,-0.070190,1.087769
0.086548,-0.427368,0.855469
-0.295410,0.156982,0.950928
0.497559,-0.289795,1.069214
-0.404907,-0.150879,0.785278
0.224976,0.012085,1.075562
0.181030,-0.440063,0.881348
-0.381836,0.130981,0.890503
0.511353,-0.284668,1.067383
-0.346436,-0.201416,0.774658
0.105103,0.096191,1.059692
0.278320,-0.450073,0.919434
-0.443237,0.065063,0.821533
0.489624,-0.215942,1.078125
-0.231567,-0.246460,0.812744
-0.031006,0.167603,1.049927
0.357544,-0.431641,0.951660
-0.488892,0.041626,0.797852
0.456055,-0.141357,1.099731
-0.076416,-0.333374,0.840698
-0.141357,0.194580,1.023682
0.411987,-0.380615,0.985840
-0.467285,-0.076660,0.782104
0.389282,-0.084351,1.100708
0.041260,-0.380249,0.845093
-0.250732,0.214722,0.984985
0.471313,-0.364624,1.015625
-0.440796,-0.132446,0.764771
0.297241,-0.057373,1.071899
0.098145,-0.400513,0.858765
-0.346802,0.196045,0.944458
0.512817,-0.312256,1.039673
-0.393555,-0.160034,0.782959
0.151367,0.029907,1.041626
0.192871,-0.459229,0.862305
-0.395020,0.066528,0.833984
0.516846,-0.214600,1.085938
-0.325317,-0.190918,0.785400
0.044434,0.097168,1.043701
0.293701,-0.486572,0.899536
-0.457642,0.005493,0.788940
0.484253,-0.193481,1.088501
-0.211304,-0.243896,0.821045
-0.089722,0.201782,1.041260
0.374756,-0.455200,0.948853
-0.496216,-0.007568,0.785889
0.425293,-0.131958,1.095337
-0.067749,-0.343140,0.817993
-0.162598,0.214600,1.015869
0.417969,-0.378418,0.977295
-0.489502,-0.047119,0.774658
0.354492,-0.125000,1.061279
0.062256,-0.447388,0.835693
-0.259521,0.160400,0.943848
0.450562,-0.307983,1.016357
-0.459839,-0.073853,0.772583
0.259766,-0.058594,1.045776
0.102051,-0.465820,0.838257
-0.341797,0.096802,0.892700
0.500000,-0.293457,1.050537
-0.415527,-0.129883,0.770386
0.130493,0.053223,1.041748
0.209106,-0.488525,0.872925
-0.432007,0.029297,0.803955
0.510132,-0.250977,1.080322
-0.316040,-0.207031,0.781250
0.009521,0.162598,1.046753
0.287720,-0.492188,0.883301
-0.480103,0.013306,0.783936
0.479492,-0.218506,1.071167
-0.201172,-0.256836,0.810303
-0.085449,0.201538,1.023315
0.345093,-0.422729,0.934937
-0.501343,-0.005249,0.782227
0.429810,-0.204956,1.061646
-0.077148,-0.337280,0.831177
-0.174561,0.198730,1.001587
0.395508,-0.388062,0.961670
-0.506348,-0.045288,0.760498
0.360596,-0.141846,1.047729
0.035400,-0.418091,0.833374
-0.260132,0.174072,0.943726
0.439819,-0.356567,0.983521
-0.470581,-0.084595,0.745361
0.280640,-0.057251,1.029785
0.071777,-0.440063,0.823486
-0.321045,0.124512,0.902100
0.494141,-0.336304,1.019165
-0.431152,-0.135254,0.758667
0.176270,0.043701,1.045166
0.114258,-0.411255,0.849365
-0.396240,0.086792,0.857788
0.516724,-0.328491,1.037720
-0.396362,-0.173828,0.771729
0.083008,0.102539,1.035522
0.232788,-0.469238,0.863037
-0.472534,0.078979,0.793701
0.485840,-0.281738,1.032593
-0.293945,-0.232666,0.782959
-0.009888,0.114380,1.020630
0.295044,-0.450806,0.906250
-0.510498,0.035034,0.757568
0.446411,-0.177124,1.060181
-0.165771,-0.258789,0.810059
-0.108521,0.188721,1.020996
0.343994,-0.442505,0.920044
-0.514893,-0.024536,0.757690
0.399780,-0.138916,1.047974
-0.049316,-0.339600,0.802002
-0.185669,0.176758,0.971558
0.401489,-0.368652,0.972290
-0.515869,-0.071167,0.745361
0.329468,-0.100098,1.041138
0.043091,-0.431885,0.808960
-0.272583,0.121826,0.903564
0.456909,-0.337158,0.999634
-0.488892,-0.109619,0.728394
0.208618,-0.029297,1.016479
0.094604,-0.461426,0.794922
-0.358765,0.096069,0.859009
0.488770,-0.294800,1.035400
-0.434570,-0.155884,0.737427
0.090088,0.079102,1.009155
0.184570,-0.459473,0.832886
-0.425903,0.017212,0.810181
0.500610,-0.291504,1.056763
-0.339478,-0.225464,0.768066
-0.034546,0.170776,1.008423
0.270142,-0.477783,0.852539
-0.483398,0.031006,0.776367
0.452637,-0.217773,1.056519
-0.206299,-0.273926,0.790405
-0.111084,0.209106,1.008667
0.327759,-0.406372,0.927979
-0.539673,0.024658,0.766113
0.409424,-0.219482,1.033569
-0.073730,-0.355469,0.826782
-0.173950,0.202393,0.985229
0.350830,-0.363403,0.928711
-0.521729,0.038452,0.774780
0.368286,-0.170654,1.031616
0.018311,-0.409546,0.836914
-0.238037,0.131470,0.922363
0.388916,-0.317261,0.963135
-0.508179,-0.057373,0.731079
0.287842,-0.094482,1.013794
0.056519,-0.466675,0.791260
-0.311279,0.116943,0.879761
0.441895,-0.295898,0.997314
-0.474243,-0.106079,0.728394
0.195312,-0.007446,1.011841
0.102783,-0.456787,0.809692
-0.390137,0.078491,0.828003
0.471558,-0.306396,1.007324
-0.428345,-0.143677,0.757690
0.094849,0.025513,0.988525
0.163208,-0.476440,0.811890
-0.452515,0.089478,0.793213
0.477417,-0.272095,1.017578
-0.355591,-0.208496,0.766357
-0.010498,0.130005,1.010742
0.237427,-0.490112,0.844238
-0.493774,0.011597,0.746704
0.457397,-0.233521,1.034668
-0.265991,-0.238281,0.764160
-0.100586,0.209473,1.008423
0.328003,-0.461548,0.906738
-0.516846,0.016235,0.760010
0.408325,-0.175415,1.032349
-0.147095,-0.312744,0.789062
-0.156128,0.191284,0.989868
0.356567,-0.409180,0.922363
-0.531616,0.002319,0.751953
0.374023,-0.139526,1.041626
-0.028931,-0.412476,0.779053
-0.250244,0.197998,0.929932
0.386108,-0.343872,0.948486
-0.503784,-0.091553,0.742310
0.293091,-0.103760,1.014648
0.043213,-0.459106,0.783447
-0.326538,0.169800,0.866943
0.425049,-0.297363,0.969360
-0.476318,-0.090820,0.763672
0.190674,-0.050781,1.004761
0.103638,-0.529053,0.775146
-0.407349,0.103882,0.822144
0.460815,-0.268066,0.990112
-0.421753,-0.091675,0.761475
0.065552,0.095947,1.008057
0.181885,-0.478394,0.829590
-0.473511,0.037720,0.775757
0.465088,-0.247314,1.028442
-0.323853,-0.204590,0.765259
-0.045776,0.175781,1.005737
0.262939,-0.418213,0.872070
-0.537231,0.023682,0.749634
0.449341,-0.250977,1.036865
-0.181885,-0.299194,0.786255
-0.145508,0.212280,0.974365
0.330322,-0.366699,0.920532
-0.565063,0.034302,0.749023
0.387329,-0.195557,1.027588
-0.030396,-0.403687,0.805908
-0.233154,0.172607,0.927979
0.378906,-0.329346,0.946045
-0.524414,-0.017212,0.736816
0.277222,-0.088501,0.987915
0.031250,-0.433350,0.792114
-0.302124,0.114136,0.875610
0.442871,-0.336060,0.965820
-0.502197,-0.065674,0.718384
0.162842,0.036255,0.996216
0.063843,-0.440063,0.772461
-0.379761,0.085083,0.833008
0.470337,-0.314209,0.997314
-0.447021,-0.096802,0.756470
0.070190,0.100952,1.010132
0.146484,-0.429565,0.813477
-0.476685,0.091187,0.781738
0.458130,-0.258545,1.013062
-0.336914,-0.188721,0.765503
-0.012695,0.135498,1.007080
0.259644,-0.462280,0.854004
-0.551514,0.038696,0.740845
0.434692,-0.228027,1.020996
-0.187988,-0.250244,0.790405
-0.144287,0.190186,0.967041
0.336304,-0.399536,0.912354
-0.547607,0.008545,0.735352
0.375000,-0.153442,1.020752
-0.058105,-0.365845,0.782471
-0.228638,0.179565,0.920044
0.385864,-0.342529,0.932617
-0.532349,-0.033325,0.736328
0.301636,-0.123047,0.985596
0.011353,-0.439209,0.775024
-0.308105,0.136719,0.863892
0.423218,-0.287476,0.970947
-0.496460,-0.065186,0.759888
0.197388,-0.032227,0.995361
0.072388,-0.462891,0.766724
-0.410278,0.115356,0.798706
0.443481,-0.258423,0.989258
-0.422485,-0.172852,0.744263
0.090698,0.043823,0.998169
0.132202,-0.444824,0.808594
-0.507812,0.104126,0.750977
0.467285,-0.246826,1.000488
-0.312134,-0.162842,0.782349
-0.053589,0.162231,0.998657
0.250244,-0.465088,0.859009
-0.558350,0.056885,0.740234
0.429443,-0.188232,1.029663
-0.150146,-0.274658,0.787476
-0.157227,0.199951,0.974731
0.327637,-0.364624,0.908081
-0.568237,0.047974,0.736816
0.362793,-0.132446,1.012573
-0.012329,-0.431396,0.771484
-0.249390,0.204102,0.918091
0.380127,-0.315186,0.929199
-0.564331,-0.020630,0.710083
0.270752,-0.111084,0.973877
0.043457,-0.433838,0.778198
-0.342529,0.135498,0.854858
0.437866,-0.283813,0.965698
-0.513062,0.003052,0.753052
0.157104,0.021240,0.973999
0.097778,-0.437500,0.790405
-0.430176,0.125854,0.817383
0.450317,-0.272461,0.997070
-0.434448,-0.098999,0.753784
0.056274,0.125366,0.999023
0.152222,-0.446289,0.804443
-0.503052,0.099976,0.782471
0.460938,-0.239502,1.010742
-0.332764,-0.164673,0.776123
-0.033203,0.190430,1.004883
0.232910,-0.429565,0.846558
-0.546753,0.070190,0.748779
0.446655,-0.208618,1.032593
-0.234375,-0.244629,0.771851
-0.099854,0.219116,0.994751
0.300049,-0.397461,0.892212
-0.586060,0.077271,0.740112
0.421143,-0.193481,1.019653
-0.138306,-0.306641,0.780640
-0.159180,0.192261,0.952637
0.339478,-0.362061,0.923584
-0.580200,0.047607,0.748291
0.374268,-0.129150,1.023804
-0.051025,-0.390503,0.769775
-0.227417,0.192017,0.916138
0.360474,-0.312988,0.918335
-0.560425,0.057739,0.749634
0.317871,-0.137695,0.979858
0.007446,-0.425293,0.790283
-0.306641,0.157104,0.865845
0.403076,-0.273438,0.938599
-0.541870,0.027100,0.726196
0.231812,-0.019409,0.984131
0.053711,-0.436157,0.786865
-0.363281,0.106567,0.834717
0.434448,-0.265991,0.977539
-0.498291,-0.009277,0.739136
0.134277,0.109375,1.014282
0.076904,-0.400879,0.787842
-0.459106,0.093506,0.802979
0.471069,-0.295410,1.000488
-0.426514,-0.106689,0.758911
0.055664,0.192261,1.014038
0.129517,-0.379639,0.789185
-0.538696,0.101074,0.765381
0.496826,-0.307373,1.009644
-0.312744,-0.195190,0.780029
-0.016846,0.230957,1.022461
0.187500,-0.377441,0.820068
-0.581421,0.125977,0.755981
0.481323,-0.297363,1.010010
-0.257324,-0.243408,0.779663
-0.075806,0.207886,0.985718
0.259521,-0.342163,0.877197
-0.590942,0.114258,0.729858
0.448120,-0.229126,1.017456
-0.162231,-0.322876,0.770752
-0.147339,0.191040,0.956055
0.322510,-0.380859,0.895874
-0.586426,0.114502,0.752075
0.399536,-0.122314,1.027100
-0.084717,-0.325562,0.782349
-0.227783,0.190430,0.916382
0.342407,-0.399658,0.899292
-0.551880,0.020020,0.752686
0.365112,-0.099854,1.026855
-0.060425,-0.331055,0.767578
-0.294556,0.192261,0.892578
0.385498,-0.321533,0.940063
-0.541016,-0.061768,0.716675
0.296631,-0.078613,0.996460
-0.018433,-0.424316,0.748047
-0.371094,0.188110,0.845337
0.434448,-0.282593,0.952148
-0.501099,-0.042358,0.751831
0.182373,0.016113,1.003052
0.040527,-0.427612,0.778320
-0.436157,0.165283,0.820801
0.443115,-0.265259,0.975586
-0.461914,-0.094360,0.746704
0.099609,0.077515,1.010132
0.119263,-0.433105,0.806152
-0.500610,0.140503,0.788086
0.438232,-0.188110,1.002441
-0.382446,-0.119019,0.746094
0.012085,0.137939,1.009399
0.208496,-0.447266,0.838989
-0.572632,0.113159,0.761353
0.434326,-0.160889,1.026489
-0.267334,-0.209351,0.742554
-0.089722,0.203491,0.981445
0.288086,-0.387695,0.891602
-0.588013,0.075073,0.743774
0.415894,-0.153687,1.021606
-0.144165,-0.343262,0.744751
-0.170410,0.206177,0.934326
0.343140,-0.331055,0.900757
-0.591919,0.101318,0.748657
0.360352,-0.147827,0.998657
-0.054443,-0.393311,0.752563
-0.251465,0.200684,0.903809
0.380737,-0.306152,0.922974
-0.569092,0.032837,0.737915
0.269043,-0.075317,0.983765
-0.007446,-0.425415,0.765747
-0.357788,0.144775,0.847168
0.419067,-0.257446,0.962769
-0.497681,-0.004272,0.743408
0.154785,0.067139,0.994995
0.064819,-0.402222,0.789917
-0.461792,0.131226,0.821289
0.427734,-0.212158,0.986450
-0.430908,-0.074463,0.738892
0.069824,0.161133,1.017090
0.152466,-0.396240,0.828369
-0.563477,0.157104,0.787476
0.440674,-0.210693,0.996338
-0.312256,-0.209839,0.743286
-0.019531,0.200317,1.000610
0.218262,-0.350586,0.859985
-0.598267,0.113770,0.752563
0.441284,-0.218140,1.012817
-0.192749,-0.280273,0.764771
-0.116577,0.183228,0.961426
0.290283,-0.338257,0.881470
-0.608398,0.114136,0.746216
0.411133,-0.152100,1.029297
-0.086792,-0.381592,0.749634
-0.218506,0.180542,0.902710
0.334351,-0.311401,0.900146
-0.573608,0.092529,0.743530
0.341064,-0.105103,1.006592
-0.049561,-0.390869,0.748901
-0.329468,0.178833,0.877075
0.403442,-0.287964,0.951416
-0.543213,-0.001343,0.719727
0.209229,0.002441,0.976196
0.005005,-0.398438,0.773071
-0.427002,0.162231,0.840820
0.438232,-0.261475,0.982300
-0.463501,-0.057861,0.756104
0.080444,0.136475,1.016235
0.096924,-0.402710,0.804199
-0.511719,0.147339,0.816650
0.434692,-0.237671,0.994995
-0.381470,-0.117798,0.750610
0.010864,0.163086,1.006836
0.207153,-0.378906,0.851685
-0.580811,0.156128,0.777222
0.408936,-0.163452,1.006592
-0.234741,-0.263184,0.748657
-0.095093,0.143555,0.962769
0.288940,-0.388428,0.885010
-0.616333,0.127930,0.757935
0.402832,-0.102905,1.026733
-0.128418,-0.343872,0.725464
-0.239746,0.191162,0.904907
0.360840,-0.360229,0.922119
-0.578125,0.028320,0.750854
0.312012,-0.077271,1.009033
-0.071289,-0.393433,0.726196
-0.341553,0.211182,0.861450
0.402466,-0.306519,0.934814
-0.547607,-0.017090,0.723755
0.204346,-0.006470,0.982178
-0.003296,-0.408813,0.769287
-0.430542,0.182251,0.837280
0.417969,-0.254028,0.967407
-0.473511,-0.055298,0.750244
0.088379,0.122681,1.010376
0.093018,-0.405151,0.806152
-0.520996,0.155640,0.828857
0.447388,-0.230103,1.003784
-0.375977,-0.149048,0.732910
-0.008911,0.202026,1.011108
0.200317,-0.387695,0.845947
-0.600586,0.125244,0.782349
0.435669,-0.208374,1.005615
-0.237671,-0.285767,0.726196
-0.116821,0.221924,0.968872
0.285278,-0.342163,0.881592
-0.622192,0.130127,0.765381
0.408936,-0.202637,1.004517
-0.140869,-0.365112,0.742310
-0.215820,0.176880,0.908936
0.341553,-0.326538,0.908813
-0.593384,0.094604,0.738770
0.331421,-0.094360,1.008911
-0.082397,-0.395996,0.728638
-0.319458,0.174927,0.871582
0.388672,-0.301392,0.935791
-0.553223,0.018677,0.726196
0.230225,-0.019531,0.984985
-0.039429,-0.392456,0.733276
-0.416382,0.193726,0.837891
0.409912,-0.266357,0.962280
-0.499268,-0.089233,0.722900
0.132812,0.034546,1.005127
0.046753,-0.399048,0.796997
-0.515625,0.217529,0.829834
0.424683,-0.234009,0.982666
-0.409180,-0.129517,0.744263
0.041870,0.124268,1.027344
0.132568,-0.410156,0.820557
-0.572998,0.182129,0.797485
0.420776,-0.190308,0.997070
-0.290161,-0.209717,0.757080
-0.046753,0.179077,1.012207
0.239990,-0.399170,0.874146
-0.624878,0.151733,0.748047
0.392212,-0.163574,1.004761
-0.188965,-0.322876,0.721924
-0.159790,0.182617,0.960327
0.325439,-0.363159,0.909790
-0.602905,0.101074,0.749023
0.341309,-0.083740,1.009033
-0.108765,-0.372070,0.727051
-0.284180,0.182739,0.905029
0.360474,-0.333740,0.934082
-0.574585,0.001465,0.719971
0.270630,-0.043579,1.007324
-0.070190,-0.405396,0.736938
-0.383911,0.199951,0.872925
0.401367,-0.286133,0.949829
-0.541992,-0.062866,0.702515
0.160156,0.002319,0.984253
0.007202,-0.407104,0.772095
-0.476929,0.213745,0.864624
0.419800,-0.253174,0.979370
-0.467407,-0.094971,0.737671
0.054932,0.106445,1.006836
0.100098,-0.409058,0.811401
-0.546997,0.169800,0.823853
0.434937,-0.222168,1.003540
-0.348633,-0.180908,0.743164
-0.034668,0.199707,1.007080
0.200439,-0.377075,0.857788
-0.604126,0.117920,0.776978
0.416992,-0.199707,1.025635
-0.234131,-0.326050,0.721069
-0.119141,0.183716,0.984253
0.264526,-0.360229,0.876465
-0.630859,0.115356,0.755127
0.402466,-0.182373,1.008667
-0.155151,-0.350708,0.733154
-0.225830,0.167480,0.927124
0.330444,-0.346680,0.905762
-0.600830,0.072388,0.740967
0.329468,-0.116699,1.007568
-0.104980,-0.376709,0.728638
-0.338989,0.180176,0.879883
0.389526,-0.309692,0.949707
-0.569702,0.045898,0.722900
0.233398,-0.029297,0.992310
-0.037109,-0.381836,0.772095
-0.448242,0.170410,0.845581
0.415771,-0.298218,0.965454
-0.405518,-0.219116,0.713379
0.025391,0.117432,1.016113
0.026611,-0.357422,0.787964
-0.570068,0.100098,0.797729
0.456665,-0.276978,1.024170
-0.441650,-0.151245,0.707153
-0.062012,0.129150,0.994873
0.229004,-0.396606,0.858276
-0.582764,0.092041,0.785400
0.438477,-0.229614,1.031372
-0.231079,-0.309082,0.735840
-0.156372,0.134155,0.958374
0.291260,-0.373413,0.902710
-0.565430,0.039429,0.765503
0.409546,-0.176025,1.063599
-0.199707,-0.328613,0.725464
-0.266357,0.159058,0.936768
0.368530,-0.391968,0.938232
-0.567993,0.010010,0.755859
0.325195,-0.111450,1.055542
-0.142090,-0.327881,0.763428
-0.319458,0.164429,0.926514
0.400391,-0.340820,0.975220
-0.549805,-0.072632,0.717529
0.244629,-0.047119,1.043335
-0.038940,-0.363770,0.793091
-0.425781,0.196777,0.893555
0.419800,-0.285278,1.004028
-0.499878,-0.147095,0.712402
0.156128,0.029175,1.043579
0.062012,-0.407593,0.821289
-0.502686,0.169189,0.859253
0.447876,-0.281494,1.018555
-0.431152,-0.182007,0.738037
0.060425,0.083984,1.024414
0.150269,-0.396240,0.859985
-0.544556,0.119019,0.811523
0.460571,-0.232666,1.046753
-0.316650,-0.278809,0.738647
-0.034790,0.132202,1.023560
0.237061,-0.409546,0.884155
-0.567749,0.086670,0.806763
0.437866,-0.219604,1.049316
-0.238892,-0.368286,0.704590
-0.133545,0.152100,0.994995
0.299805,-0.350464,0.913818
-0.571045,0.008667,0.754028
0.416992,-0.201172,1.053589
-0.177612,-0.359131,0.744019
-0.242920,0.171143,0.963379
0.354614,-0.314331,0.959229
-0.570190,-0.022217,0.744629
0.340088,-0.172974,1.045166
-0.089844,-0.407959,0.788818
-0.323608,0.156982,0.919922
0.385620,-0.295166,0.988403
-0.519409,-0.064941,0.725220
0.249512,-0.060669,1.047119
-0.013794,-0.372559,0.832275
-0.399902,0.171143,0.906006
0.431274,-0.273193,1.026123
-0.488403,-0.098267,0.740845
0.163574,0.027100,1.059937
0.070801,-0.414307,0.837524
-0.463013,0.147339,0.874390
0.457642,-0.268066,1.034180
-0.438354,-0.152100,0.737305
0.079102,0.110718,1.044922
0.146118,-0.407227,0.856689
-0.494995,0.091797,0.847412
0.486938,-0.279297,1.062988
-0.346191,-0.233765,0.760010
-0.006226,0.158936,1.034912
0.204468,-0.377808,0.877441
-0.515015,0.058228,0.814453
0.494507,-0.260132,1.083862
-0.264282,-0.282349,0.769287
-0.063843,0.152710,1.017212
0.259155,-0.379395,0.899536
-0.538940,0.019531,0.783569
0.473145,-0.248901,1.084106
-0.209229,-0.364258,0.750488
-0.129395,0.166992,0.998047
0.306885,-0.368042,0.916626
-0.541382,0.009277,0.765747
0.443115,-0.221558,1.078979
-0.160645,-0.359863,0.759521
-0.194336,0.170898,0.984131
0.364624,-0.347534,0.945190
-0.542725,-0.006958,0.764282
0.399048,-0.178223,1.084351
-0.103882,-0.391968,0.783691
-0.261353,0.172119,0.951416
0.388916,-0.314819,0.985840
-0.522095,0.009033,0.780884
0.332275,-0.121460,1.080811
-0.058472,-0.389404,0.811401
-0.324097,0.158813,0.932861
0.435669,-0.296265,1.028564
-0.480225,-0.085938,0.746460
0.272217,-0.018188,1.108398
0.012207,-0.352905,0.842407
-0.397095,0.154053,0.915283
0.473755,-0.317749,1.038330
-0.444214,-0.150269,0.750122
0.174927,0.045532,1.079468
0.104980,-0.396606,0.870239
-0.441040,0.142090,0.874634
0.486694,-0.246948,1.067627
-0.402466,-0.152466,0.772461
0.101685,0.076050,1.068359
0.187012,-0.416016,0.886353
-0.469604,0.072021,0.848145
0.492920,-0.237305,1.084229
-0.308838,-0.228271,0.774170
0.010620,0.148560,1.062134
0.263184,-0.397339,0.907227
-0.501587,0.036987,0.821777
0.490479,-0.222778,1.105469
-0.196289,-0.311157,0.783447
-0.084473,0.160400,1.024170
0.316040,-0.345947,0.940430
-0.501099,-0.032227,0.790039
0.467651,-0.206299,1.108887
-0.149780,-0.350830,0.780273
-0.176270,0.183105,1.008179
0.395386,-0.349854,0.978882
-0.506226,-0.043701,0.779053
0.406006,-0.160767,1.102783
-0.095581,-0.350952,0.798096
-0.241577,0.196411,0.990356
0.438599,-0.318481,1.021606
-0.515625,-0.038452,0.766968
0.350342,-0.113525,1.111816
-0.010864,-0.384399,0.835571
-0.311157,0.185913,0.957520
0.456543,-0.291870,1.047119
-0.454834,-0.106812,0.761719
0.280151,-0.027588,1.122192
0.063721,-0.394897,0.855591
-0.394043,0.174561,0.911499
0.503418,-0.279907,1.071289
-0.392822,-0.182861,0.775513
0.180054,0.020020,1.097778
0.165771,-0.423706,0.894775
-0.449951,0.139038,0.874878
0.516846,-0.222412,1.089355
-0.344116,-0.186646,0.783081
0.069702,0.100830,1.069824
0.270508,-0.441162,0.919800
-0.466309,0.079468,0.866211
0.509033,-0.177368,1.113770
-0.247803,-0.235840,0.800049
-0.019653,0.124390,1.045288
0.344727,-0.411499,0.960815
-0.496582,0.017700,0.819336
0.480713,-0.135010,1.140625
-0.135132,-0.339111,0.796021
-0.119385,0.164551,1.042236
0.385376,-0.383667,0.971191
-0.486572,-0.019409,0.820923
0.456055,-0.127441,1.147827
-0.088989,-0.329468,0.824585
-0.221191,0.193115,1.004639
0.440796,-0.316895,1.039673
-0.471924,-0.083862,0.781372
0.385620,-0.077393,1.149170
-0.021362,-0.308594,0.851440
-0.283691,0.205688,0.994263
0.495117,-0.300903,1.074097
-0.443115,-0.133179,0.783203
0.300171,-0.038086,1.133423
0.082031,-0.369873,0.881226
-0.353271,0.167969,0.935181
0.518433,-0.288086,1.083740
-0.376831,-0.178345,0.792969
0.204346,0.044434,1.117188
0.174438,-0.401855,0.904419
-0.411865,0.123169,0.903809
0.534668,-0.256348,1.108643
-0.332397,-0.231445,0.787231
0.107178,0.114868,1.105347
0.267090,-0.418091,0.930908
-0.458252,0.091431,0.860229
0.536499,-0.222046,1.117432
-0.232910,-0.277466,0.814331
0.010986,0.131958,1.075684
0.321411,-0.387329,0.966553
-0.459351,0.036865,0.850586
0.505493,-0.172607,1.131592
-0.140015,-0.298462,0.821411
-0.054688,0.160278,1.066772
0.381714,-0.353394,1.002319
-0.463257,-0.029907,0.827148
0.490723,-0.171875,1.150391
-0.086060,-0.321777,0.839111
-0.155273,0.200439,1.034302
0.431152,-0.307617,1.028442
-0.446777,-0.076660,0.809326
0.447144,-0.136719,1.152344
-0.040283,-0.348145,0.858276
-0.237183,0.182495,0.996216
0.476807,-0.291382,1.074707
-0.415405,-0.123413,0.798706
0.361206,-0.042480,1.156250
0.047852,-0.349365,0.896118
-0.308105,0.165649,0.965210
0.519409,-0.268799,1.096191
-0.374878,-0.155273,0.789062
0.267578,0.052612,1.162842
0.152100,-0.395264,0.912842
-0.369141,0.121826,0.924805
0.554688,-0.276855,1.114014
-0.344604,-0.195923,0.813599
0.160645,0.133423,1.137573
0.254761,-0.430054,0.929321
-0.413696,0.108521,0.890747
0.548340,-0.228149,1.133911
-0.291260,-0.237183,0.817383
0.083496,0.108887,1.102539
0.331543,-0.423584,0.974731
-0.459351,0.087036,0.873779
0.530151,-0.162354,1.146362
-0.173462,-0.273682,0.854126
0.001465,0.149780,1.089600
0.364014,-0.383423,1.001831
-0.453125,0.014648,0.851318
0.526489,-0.127563,1.175537
-0.083374,-0.309937,0.852051
-0.102539,0.184937,1.081299
0.428101,-0.365723,1.036133
-0.445557,-0.064941,0.833862
0.484863,-0.096436,1.180420
-0.043335,-0.301514,0.862305
-0.190552,0.214600,1.027466
0.485352,-0.300537,1.084229
-0.435425,-0.108276,0.805420
0.393066,-0.084717,1.159180
0.035522,-0.337036,0.894531
-0.270752,0.199463,1.003174
0.537598,-0.282715,1.108032
-0.372559,-0.139160,0.826050
0.272095,0.018921,1.147949
0.152710,-0.387207,0.923340
-0.341919,0.124756,0.933228
0.565186,-0.248291,1.141968
-0.311646,-0.207275,0.816895
0.160522,0.103638,1.120483
0.282837,-0.415649,0.955200
-0.420532,0.093506,0.891602
0.560669,-0.221802,1.147827
-0.211304,-0.249756,0.848633
0.036499,0.157227,1.094360
0.353760,-0.357056,1.007690
-0.441772,0.009644,0.851807
0.520996,-0.148682,1.169067
-0.040649,-0.348389,0.890991
-0.087524,0.160889,1.061768
0.415527,-0.328003,1.039917
-0.441284,-0.029419,0.831299
0.466431,-0.072510,1.192261
0.000000,-0.347778,0.876221
-0.202271,0.210571,1.069214
0.499512,-0.307495,1.100464
-0.417480,-0.097534,0.820679
0.365601,0.002563,1.181274
0.097656,-0.354370,0.908691
-0.305908,0.188477,0.991821
0.549805,-0.266846,1.138550
-0.341919,-0.203491,0.798096
0.229004,0.045776,1.138428
0.217285,-0.402832,0.945801
-0.363159,0.107666,0.920044
0.567505,-0.216919,1.156860
-0.266357,-0.220703,0.835083
0.089111,0.127197,1.102661
0.323120,-0.417358,0.984009
-0.426392,0.058960,0.881104
0.544678,-0.148682,1.182129
-0.152832,-0.264038,0.861328
-0.023438,0.211670,1.108398
0.395630,-0.390137,1.008545
-0.458862,-0.001709,0.847046
0.520020,-0.174927,1.161621
-0.020630,-0.341309,0.893555
-0.112671,0.266113,1.107300
0.455811,-0.322754,1.040039
-0.448608,-0.020996,0.830078
0.440674,-0.111084,1.163940
0.025024,-0.361328,0.897095
-0.193848,0.217163,1.066040
0.507324,-0.278564,1.091919
-0.430786,-0.066406,0.811035
0.339478,-0.019897,1.150879
0.125366,-0.402466,0.925903
-0.291016,0.141602,0.987915
0.558105,-0.248779,1.155884
-0.361572,-0.129761,0.822021
0.221191,0.082275,1.137573
0.242554,-0.450439,0.942017
-0.394409,0.077026,0.906616
0.579224,-0.239014,1.162598
-0.260254,-0.258301,0.825806
0.089844,0.174683,1.107178
0.336792,-0.390747,0.983643
-0.433594,0.059692,0.856079
0.552246,-0.200928,1.160156
-0.165771,-0.258301,0.875366
-0.007568,0.185669,1.096313
0.407104,-0.381836,1.020264
-0.446167,0.039429,0.859497
0.480835,-0.106079,1.146362
-0.014893,-0.338257,0.885620
-0.093994,0.198364,1.092163
0.448364,-0.336060,1.057251
-0.457275,-0.036255,0.831909
0.450928,-0.089966,1.166382
0.021973,-0.314087,0.895874
-0.191528,0.210205,1.050903
0.496460,-0.286743,1.097412
-0.417358,-0.083374,0.833618
0.367798,-0.058594,1.135010
0.101929,-0.362305,0.923096
-0.276489,0.167725,0.989990
0.556763,-0.256592,1.152222
-0.368530,-0.171265,0.807861
0.245239,0.044434,1.119019
0.200928,-0.413940,0.932983
-0.337036,0.109863,0.938354
0.568970,-0.250244,1.138550
-0.315918,-0.198975,0.818970
0.141357,0.118530,1.101807
0.289551,-0.430054,0.962280
-0.397461,0.064941,0.883789
0.560669,-0.194702,1.159546
-0.237061,-0.234497,0.836914
0.052734,0.174316,1.102051
0.342041,-0.387207,0.987549
-0.438477,0.032959,0.852051
0.539062,-0.176514,1.172363
-0.119629,-0.267334,0.874268
-0.037476,0.239014,1.117188
0.411621,-0.362549,1.016846
-0.475098,0.027344,0.833252
0.488647,-0.182495,1.138916
-0.001343,-0.382935,0.892456
-0.102173,0.183350,1.064209
0.454956,-0.311401,1.055298
-0.470337,-0.000732,0.812012
0.432739,-0.092407,1.149048
0.059326,-0.405884,0.906494
-0.193359,0.187866,1.054321
0.489380,-0.312744,1.082764
-0.444580,-0.060181,0.790039
0.361328,-0.028687,1.137573
0.093384,-0.367554,0.915283
-0.269531,0.197144,1.038452
0.519897,-0.292603,1.116089
-0.407837,-0.124023,0.806763
0.303101,0.002686,1.130859
0.162109,-0.406982,0.929810
-0.342041,0.166504,0.966064
0.555298,-0.270020,1.127319
-0.347534,-0.169189,0.818970
0.204956,0.057617,1.108154
0.238647,-0.429199,0.935791
-0.372559,0.102173,0.889526
0.547607,-0.211548,1.126465
-0.290161,-0.214844,0.819458
0.097168,0.093994,1.082520
0.319824,-0.474609,0.961426
-0.435059,0.096069,0.852905
0.528076,-0.154297,1.135864
-0.193237,-0.226807,0.854614
-0.007935,0.179077,1.095703
0.382080,-0.437134,0.985229
-0.468506,0.018677,0.819092
0.490723,-0.142822,1.125977
-0.080566,-0.268188,0.890869
-0.126465,0.243896,1.076294
0.447021,-0.400146,1.025879
-0.458496,-0.052612,0.814575
0.419922,-0.116089,1.122925
0.043701,-0.357056,0.890503
-0.187500,0.215698,1.029053
0.482910,-0.292114,1.067383
-0.438110,-0.081177,0.804810
0.346558,-0.057495,1.107300
0.091187,-0.401367,0.879883
-0.289062,0.186157,0.979370
0.533203,-0.260864,1.102783
-0.399414,-0.129517,0.795532
0.216553,0.030273,1.080444
0.212646,-0.488037,0.894653
-0.371948,0.079346,0.895264
0.550903,-0.260620,1.120361
-0.320801,-0.201416,0.798218
0.090698,0.128662,1.065308
0.286499,-0.434204,0.933350
-0.446167,0.030151,0.836060
0.546143,-0.240723,1.132568
-0.204102,-0.266113,0.842041
-0.015747,0.191650,1.072388
0.363159,-0.399170,0.975098
-0.478516,0.030029,0.810547
0.495972,-0.224976,1.102905
-0.110596,-0.319946,0.860107
-0.084717,0.192017,1.057251
0.412598,-0.373413,1.008301
-0.467041,0.000977,0.809814
0.425293,-0.123413,1.092896
-0.011719,-0.365601,0.861938
-0.175049,0.184692,1.022217
0.457886,-0.362549,1.033203
-0.441528,-0.120361,0.784058
0.372437,-0.059082,1.122192
0.067139,-0.381470,0.858398
-0.241211,0.209717,0.994385
0.486572,-0.316162,1.048096
-0.416748,-0.137573,0.798096
0.306030,-0.046875,1.084229
0.100342,-0.385254,0.869019
-0.317139,0.160400,0.930176
0.515381,-0.298584,1.068115
-0.391113,-0.170776,0.786133
0.210571,0.008911,1.070557
0.183105,-0.418091,0.897705
-0.372314,0.103638,0.880981
0.520752,-0.245850,1.082886
-0.339722,-0.188110,0.795288
0.088135,0.078979,1.039917
0.274048,-0.494141,0.909302
-0.419556,0.014404,0.810913
0.496582,-0.186279,1.099243
-0.259033,-0.219727,0.801636
-0.017578,0.177979,1.050415
0.354980,-0.452148,0.953979
-0.475098,0.002563,0.805908
0.469360,-0.204712,1.099854
-0.137695,-0.305420,0.825317
-0.104492,0.228760,1.050659
0.385132,-0.380859,0.977173
-0.482666,-0.041626,0.797607
0.426758,-0.157227,1.097656
-0.010620,-0.383423,0.842163
-0.194214,0.208984,0.998413
0.431396,-0.355957,0.997925
-0.467651,-0.092163,0.771729
0.352661,-0.106445,1.085693
0.059326,-0.435547,0.830444
-0.255981,0.166626,0.964111
0.466187,-0.320923,1.032593
-0.439209,-0.109741,0.783691
0.264038,-0.058105,1.047852
0.095703,-0.422363,0.837036
-0.357056,0.146118,0.899658
0.505005,-0.302368,1.048340
-0.365356,-0.167114,0.792358
0.138306,0.044189,1.037842
0.191650,-0.462158,0.853271
-0.421265,0.057007,0.829468
0.516602,-0.278442,1.058960
-0.293457,-0.227417,0.794189
0.020020,0.152954,1.037598
0.287598,-0.439453,0.903198
-0.483765,0.039307,0.788452
0.469482,-0.229004,1.068970
-0.191162,-0.307861,0.811401
-0.074829,0.167114,1.040894
0.332397,-0.383545,0.943481
-0.516235,0.032227,0.775757
0.433350,-0.180054,1.067871
-0.046997,-0.365845,0.833984
-0.184692,0.200195,1.010376
0.396851,-0.389038,0.969727
-0.478882,-0.057495,0.755005
0.348267,-0.097656,1.053345
0.037354,-0.399048,0.822998
-0.256714,0.195312,0.961548
0.451904,-0.368652,0.994995
-0.454712,-0.154541,0.748535
0.273315,-0.050049,1.047485
0.083130,-0.403198,0.810547
-0.344604,0.152954,0.892578
0.482788,-0.295166,1.025024
-0.397217,-0.175049,0.788818
0.143921,-0.015137,1.027100
0.156128,-0.470093,0.840576
-0.418457,0.061768,0.810913
0.484253,-0.235229,1.051392
-0.323730,-0.198364,0.788574
0.020386,0.111938,1.047607
0.268188,-0.498535,0.869995
-0.500366,0.021362,0.755981
0.460205,-0.205688,1.056396
-0.189209,-0.246582,0.805542
-0.092041,0.209229,1.031738
0.347412,-0.417847,0.933838
-0.523071,-0.005737,0.765991
0.406738,-0.192505,1.041138
-0.037598,-0.385498,0.818604
-0.191040,0.179688,0.975464
0.399536,-0.348511,0.967896
-0.503662,-0.032593,0.769287
0.318237,-0.138306,1.020996
0.053955,-0.446167,0.818237
-0.256958,0.091919,0.904175
0.437012,-0.274536,1.010376
-0.474365,-0.066284,0.758423
0.220459,-0.038086,1.019897
0.096558,-0.464722,0.816284
-0.374756,0.093628,0.868286
0.466797,-0.287231,1.017090
-0.418823,-0.129150,0.764648
0.118408,0.069946,1.031738
0.173950,-0.477905,0.833374
-0.449951,0.038208,0.791870
0.474121,-0.281372,1.025391
-0.336548,-0.182373,0.791016
0.018433,0.141846,1.035034
0.246094,-0.474121,0.858154
-0.509766,0.013062,0.736572
0.473633,-0.272095,1.033325
-0.234619,-0.247803,0.807251
-0.094849,0.197510,1.017456
0.305298,-0.419189,0.907104
-0.523071,0.027222,0.759399
0.427124,-0.226562,1.037842
-0.146240,-0.314209,0.802246
-0.164429,0.172607,0.968384
0.366577,-0.398682,0.929199
-0.533447,-0.008179,0.742310
0.373535,-0.150391,1.035889
-0.025635,-0.406616,0.804443
-0.243896,0.166992,0.934937
0.403687,-0.368774,0.950806
-0.503418,-0.059570,0.743042
0.291138,-0.083984,1.017822
0.044312,-0.465210,0.788574
-0.313965,0.127563,0.875244
0.450317,-0.338623,0.978271
-0.480835,-0.103271,0.726562
0.188965,-0.005005,1.010498
0.104492,-0.471313,0.788330
-0.390503,0.110229,0.842285
0.476562,-0.317017,0.995239
-0.440186,-0.151489,0.741455
0.074097,0.083740,1.001953
0.192505,-0.471069,0.830933
-0.463989,0.056641,0.783813
0.470337,-0.262939,1.027832
-0.331543,-0.235962,0.763062
-0.031982,0.132446,0.998291
0.268921,-0.459106,0.868408
-0.510742,0.015747,0.742310
0.427246,-0.183228,1.035278
-0.198975,-0.255249,0.785400
-0.132812,0.176392,0.988647
0.350586,-0.463257,0.912476
-0.547974,0.009277,0.749756
0.379639,-0.109253,1.036499
-0.069824,-0.333130,0.783203
-0.230347,0.205444,0.948242
0.391235,-0.398560,0.949219
-0.516113,-0.076904,0.750000
0.303955,-0.113159,1.008667
0.027832,-0.412109,0.787109
-0.327148,0.181396,0.883423
0.437256,-0.347778,0.971680
-0.483032,-0.094971,0.752930
0.190308,-0.039917,1.000977
0.078491,-0.447266,0.784668
-0.396729,0.125000,0.831299
0.453491,-0.281128,0.984985
-0.412720,-0.160278,0.762939
0.063965,0.056519,1.000977
0.164185,-0.493042,0.805420
-0.480103,0.061401,0.771362
0.462280,-0.211670,1.029175
-0.289062,-0.171631,0.774902
-0.072754,0.180542,1.005615
0.277100,-0.461792,0.864868
-0.539062,0.015869,0.737305
0.430908,-0.177856,1.048584
-0.144409,-0.279541,0.791748
-0.169922,0.197998,0.966187
0.341309,-0.411621,0.908691
-0.553467,0.024902,0.748413
0.354980,-0.119873,1.031982
-0.005859,-0.422485,0.774170
-0.243896,0.154053,0.900146
0.393555,-0.337158,0.939697
-0.547485,-0.001587,0.729492
0.254639,-0.093994,0.970093
0.069214,-0.459229,0.784058
-0.360840,0.103760,0.840698
0.432861,-0.290039,0.973511
-0.474609,-0.092163,0.730835
0.126831,0.061523,1.002686
0.114746,-0.423340,0.811157
-0.461182,0.072876,0.786987
0.452881,-0.277710,1.000366
-0.387451,-0.197998,0.724731
0.009277,0.154907,1.000122
0.219482,-0.405884,0.852661
-0.533691,0.055664,0.746216
0.450073,-0.239868,1.019775
-0.245728,-0.253540,0.765137
-0.103149,0.203979,0.986328
0.283569,-0.412476,0.881348
-0.556030,0.041748,0.740601
0.414307,-0.201416,1.028076
-0.126099,-0.309204,0.793213
-0.183960,0.198730,0.950562
0.346191,-0.352417,0.912109
-0.546143,0.035522,0.752197
0.348633,-0.120850,1.013550
-0.020386,-0.416748,0.785522
-0.261841,0.161621,0.905151
0.394897,-0.341675,0.933960
-0.531738,-0.019653,0.733521
0.259766,-0.053467,0.984131
0.039917,-0.439331,0.764282
-0.362671,0.141602,0.839111
0.425293,-0.304565,0.966797
-0.488525,-0.097290,0.736816
0.163696,0.024170,1.001343
0.072510,-0.413940,0.782104
-0.449097,0.127319,0.799927
0.459229,-0.274902,0.989258
-0.423462,-0.158813,0.741455
0.051514,0.099854,1.007812
0.153198,-0.446411,0.813232
-0.504150,0.095947,0.765869
0.460571,-0.213867,1.012939
-0.334351,-0.145996,0.760132
-0.060181,0.163452,0.980835
0.252930,-0.465820,0.855347
-0.542847,0.044556,0.733643
0.436646,-0.174561,1.029907
-0.207642,-0.240723,0.760742
-0.146606,0.203003,0.967651
0.330933,-0.420410,0.904785
-0.551392,0.058594,0.767456
0.383423,-0.115479,1.031860
-0.096924,-0.352051,0.765137
-0.239624,0.186890,0.914185
0.372192,-0.387939,0.914673
-0.541626,0.022095,0.760010
0.341187,-0.043945,1.035522
-0.025513,-0.379150,0.759033
-0.325562,0.177856,0.860107
0.408813,-0.351685,0.938599
-0.532471,-0.048950,0.723145
0.268799,-0.055542,1.011719
0.024170,-0.410278,0.765381
-0.406860,0.189697,0.828491
0.436401,-0.284790,0.954590
-0.458862,-0.092773,0.753418
0.140991,0.018677,1.000610
0.088989,-0.425781,0.794312
-0.492676,0.148926,0.784058
0.459717,-0.239990,0.989380
-0.372925,-0.129272,0.760010
0.020508,0.139160,1.005493
0.180542,-0.432129,0.826294
-0.553589,0.101440,0.763306
0.451050,-0.200684,1.007812
-0.272339,-0.209595,0.757690
-0.094849,0.192749,0.984619
0.291748,-0.407837,0.878906
-0.580322,0.091919,0.754883
0.416016,-0.170898,1.019409
-0.112549,-0.314209,0.768311
-0.207886,0.199951,0.924927
0.390747,-0.306763,0.934448
-0.540039,-0.027832,0.719971
0.221313,-0.008301,0.995605
-0.015015,-0.391113,0.763794
-0.434326,0.209351,0.847534
0.411377,-0.244507,0.965576
-0.479980,-0.140137,0.713257
0.095703,0.070312,1.020142
0.080811,-0.403809,0.803833
-0.534546,0.206055,0.817871
0.436646,-0.187500,1.004517
-0.353149,-0.175903,0.736084
-0.014771,0.140137,1.000000
0.200439,-0.428223,0.842773
-0.592529,0.157104,0.780640
0.442505,-0.164917,1.017578
-0.212280,-0.250366,0.753052
-0.150391,0.194214,0.953613
0.282715,-0.388916,0.882690
-0.603394,0.070801,0.730835
0.400879,-0.142456,1.022217
-0.127563,-0.353760,0.734009
-0.275635,0.242188,0.917114
0.363403,-0.325928,0.907837
-0.570068,0.040283,0.734131
0.286987,-0.078979,1.000000
-0.071655,-0.418091,0.721191
-0.356079,0.184937,0.865112
0.397705,-0.287476,0.948730
-0.553345,-0.051147,0.693237
0.171631,0.018555,1.006348
0.006104,-0.417358,0.763428
-0.446655,0.198242,0.863770
0.420166,-0.230103,0.989136
-0.468262,-0.077148,0.742310
0.059448,0.092896,0.999756
0.116943,-0.419067,0.810425
-0.552979,0.167725,0.809937
0.428101,-0.188721,1.016602
-0.310425,-0.210327,0.734863
-0.063477,0.200806,0.993164
0.226929,-0.393066,0.853760
-0.597656,0.115845,0.772949
0.413208,-0.174927,1.011108
-0.213379,-0.296143,0.720947
-0.159180,0.184082,0.950317
0.302124,-0.336304,0.895508
-0.615845,0.081787,0.742310
0.364502,-0.154663,1.016968
-0.124023,-0.388428,0.726440
-0.295166,0.195801,0.898315
0.370483,-0.328613,0.921997
-0.586060,0.044800,0.727905
0.265869,-0.062744,0.999390
-0.051147,-0.396484,0.748047
-0.401123,0.188354,0.873901
0.392090,-0.272705,0.959839
-0.544800,-0.052490,0.700195
0.142944,0.036255,1.002930
0.048096,-0.415649,0.797485
-0.525146,0.184082,0.833496
0.418457,-0.221069,1.002197
-0.403320,-0.162720,0.724121
0.002686,0.177979,1.015503
0.167603,-0.387329,0.848999
-0.585449,0.126953,0.795288
0.410156,-0.200439,1.008301
-0.278076,-0.271851,0.710205
-0.120728,0.187256,0.965454
0.278809,-0.353760,0.897949
-0.613159,0.084351,0.758911
0.384644,-0.182617,1.021118
-0.174072,-0.358765,0.718872
-0.240479,0.184082,0.926147
0.342407,-0.331543,0.904053
-0.599487,0.049805,0.738525
0.317749,-0.131958,1.011108
-0.088379,-0.394897,0.741455
-0.373047,0.186523,0.869019
0.374390,-0.291748,0.938110
0.202393,-0.016357,1.005249
-0.474243,0.212036,0.868652
-0.480835,-0.104492,0.723145
-0.570923,0.173218,0.815674
0.434448,-0.266479,0.992676
-0.348877,-0.240845,0.721313
-0.027100,0.162720,1.004761
0.189819,-0.363281,0.850220
-0.597290,0.108154,0.774292
0.426636,-0.205933,1.023560
-0.248535,-0.328247,0.707764
-0.144653,0.179077,0.955933
0.270264,-0.355103,0.891968
-0.606201,0.064575,0.752319
0.395630,-0.171021,1.039917
-0.184570,-0.363525,0.708984
-0.251709,0.184570,0.918579
0.348877,-0.344360,0.919189
-0.594482,0.038574,0.735107
0.319946,-0.117188,1.027954
-0.113647,-0.380859,0.745850
-0.353027,0.177490,0.886963
0.379150,-0.322876,0.941650
-0.571167,-0.002319,0.704590
0.220703,-0.023682,1.019775
-0.029785,-0.403442,0.765625
-0.447388,0.214111,0.878784
0.404419,-0.288696,0.967651
-0.514404,-0.101685,0.720215
0.086182,0.057983,1.006592
0.063110,-0.425659,0.800049
-0.528809,0.150391,0.836426
0.433716,-0.253174,1.009644
-0.381470,-0.174561,0.743042
-0.020630,0.163086,1.000244
0.169800,-0.375122,0.849121
-0.575928,0.091309,0.776489
0.423584,-0.229614,1.014282
-0.254150,-0.315918,0.724243
-0.123291,0.174194,0.980103
0.255249,-0.360107,0.879028
-0.618530,0.070557,0.738403
0.397461,-0.194824,1.024292
-0.182739,-0.368896,0.719604
-0.232300,0.171753,0.951050
0.330322,-0.345093,0.920044
-0.599121,0.017944,0.721558
0.311035,-0.136353,1.025024
-0.118042,-0.407715,0.741455
-0.355591,0.178345,0.898804
0.385010,-0.297607,0.955688
-0.552246,0.011597,0.734009
0.175537,-0.022949,1.008301
-0.005615,-0.411133,0.789673
-0.463135,0.175781,0.865723
0.418823,-0.255615,0.999023
-0.471558,-0.114624,0.738159
0.030884,0.104980,1.002563
0.128296,-0.390869,0.848145
-0.541504,0.114990,0.809692
0.428101,-0.247070,1.013428
-0.337280,-0.226074,0.741089
-0.061279,0.143188,0.988281
0.228149,-0.373291,0.875977
-0.596313,0.058960,0.757812
0.420776,-0.215454,1.031860
-0.217285,-0.357300,0.710205
-0.181885,0.167725,0.967529
0.305664,-0.355591,0.901245
-0.599487,0.037720,0.734741
0.363159,-0.172363,1.032715
-0.136841,-0.376221,0.742310
-0.292236,0.167358,0.926514
0.354370,-0.312012,0.962891
-0.577515,-0.033691,0.722412
0.266113,-0.079224,1.036255
-0.066162,-0.386230,0.778320
-0.427734,0.193359,0.875122
0.408447,-0.287842,0.994019
-0.498901,-0.104614,0.720215
0.144775,0.041260,1.043457
0.050293,-0.387695,0.824463
-0.516235,0.158936,0.850098
0.424805,-0.261963,1.008789
-0.412964,-0.195312,0.718506
0.023560,0.120361,1.021606
0.171997,-0.386963,0.862671
-0.574707,0.111450,0.800293
0.428589,-0.229858,1.033691
-0.285278,-0.308472,0.704834
-0.076782,0.131958,0.989990
0.267700,-0.379883,0.890381
-0.583374,0.073120,0.777466
0.406982,-0.208862,1.038574
-0.202759,-0.360596,0.720581
-0.227905,0.162720,0.948120
0.337891,-0.363037,0.936523
-0.562622,0.005737,0.757935
0.354492,-0.112061,1.069458
-0.144775,-0.344849,0.744141
-0.320923,0.189453,0.921631
0.380493,-0.353882,0.952637
-0.558350,-0.059204,0.727905
0.272705,-0.090942,1.043579
-0.038086,-0.368896,0.793945
-0.434692,0.227661,0.884277
0.429688,-0.291382,1.009033
-0.493530,-0.146851,0.726685
0.142090,-0.005737,1.036377
0.071533,-0.432007,0.823364
-0.507446,0.157715,0.844482
0.447754,-0.259277,1.023804
-0.382324,-0.170410,0.764282
0.016235,0.114990,1.035278
0.194092,-0.422852,0.872681
-0.542725,0.080322,0.802368
0.438721,-0.214355,1.047852
-0.265747,-0.287598,0.750122
-0.099609,0.157104,0.993652
0.277344,-0.402344,0.880249
-0.555786,0.017578,0.783325
0.412598,-0.196167,1.061401
-0.174683,-0.344238,0.755493
-0.230347,0.161011,0.952026
0.354370,-0.328369,0.950439
-0.572510,-0.022949,0.751221
0.329956,-0.131592,1.066406
-0.079956,-0.393555,0.769775
-0.340454,0.170776,0.914551
0.401001,-0.290649,0.995239
-0.491455,-0.095215,0.728760
0.202026,0.004761,1.062256
0.027588,-0.366821,0.841919
-0.444214,0.147827,0.885620
0.448608,-0.288330,1.036987
-0.430908,-0.168091,0.747070
0.066040,0.101562,1.034424
0.153687,-0.350708,0.876709
-0.513428,0.068970,0.826050
0.465942,-0.263428,1.059204
-0.294067,-0.280151,0.749146
-0.023071,0.121094,1.016357
0.236938,-0.328613,0.892456
-0.556152,0.058960,0.779541
0.459473,-0.253418,1.056641
-0.187500,-0.381104,0.752808
-0.144043,0.101807,0.961914
0.311523,-0.330811,0.928223
-0.543213,0.014282,0.745239
0.389404,-0.131104,1.082275
-0.126465,-0.339966,0.800903
-0.263306,0.148193,0.972290
0.400269,-0.352295,0.976318
-0.535400,0.012085,0.770264
0.311890,-0.025757,1.090088
-0.065308,-0.314697,0.823853
-0.339844,0.141113,0.930542
0.436279,-0.331421,1.009399
-0.480469,-0.116577,0.731079
0.238281,0.038452,1.099976
0.025146,-0.343018,0.841187
-0.435181,0.151001,0.877930
0.465088,-0.302368,1.041992
-0.436523,-0.189087,0.745728
0.141113,0.040161,1.061890
0.130615,-0.393066,0.871460
-0.472412,0.134888,0.848633
0.471313,-0.231323,1.058105
-0.347900,-0.204590,0.782349
0.047974,0.067871,1.046631
0.218750,-0.417480,0.889282
-0.507935,0.083984,0.815674
0.482178,-0.185303,1.089111
-0.225342,-0.283936,0.770752
-0.078491,0.146851,1.018921
0.294800,-0.393921,0.925659
-0.508301,-0.011719,0.794800
0.468750,-0.186035,1.099731
-0.175781,-0.307129,0.766602
-0.170654,0.158569,1.008911
0.358521,-0.356201,0.958252
-0.513062,-0.046875,0.773682
0.408936,-0.134399,1.110474
-0.103638,-0.341919,0.795410
-0.289062,0.211304,0.968994
0.430054,-0.328491,1.003662
-0.493164,-0.088257,0.765259
0.320068,-0.077759,1.107422
-0.003906,-0.368652,0.832397
-0.358276,0.170776,0.921875
0.475586,-0.299683,1.036011
-0.448730,-0.121582,0.765747
0.204102,-0.012085,1.088135
0.131958,-0.413940,0.884521
-0.450439,0.144775,0.876709
0.494629,-0.224854,1.083618
-0.367798,-0.206421,0.770996
0.071045,0.072388,1.064453
0.238281,-0.422363,0.912598
-0.478760,0.075317,0.831299
0.498901,-0.193604,1.098267
-0.223755,-0.238892,0.811646
-0.054565,0.123657,1.035522
0.321655,-0.404297,0.939697
-0.490845,0.012207,0.810059
0.478027,-0.152832,1.131226
-0.148804,-0.324829,0.777466
-0.177246,0.177734,1.022949
0.395874,-0.340088,0.998047
-0.501587,-0.058594,0.776978
0.416382,-0.116333,1.126099
-0.062500,-0.345825,0.822510
-0.289307,0.200439,0.979492
0.445190,-0.296753,1.038574
-0.486328,-0.091431,0.758545
0.318481,-0.094238,1.119019
0.051880,-0.384766,0.869873
-0.370117,0.184082,0.934570
0.484741,-0.255737,1.065186
-0.398560,-0.132935,0.785034
0.185547,0.005127,1.092285
0.185913,-0.422974,0.916626
-0.434570,0.113159,0.867310
0.506348,-0.207275,1.098755
-0.319580,-0.200562,0.801147
0.037476,0.119385,1.066406
0.291382,-0.415405,0.950439
-0.474854,0.019043,0.830444
0.502197,-0.166016,1.131592
-0.154053,-0.315918,0.797485
-0.093018,0.169922,1.046021
0.371216,-0.374023,0.967773
-0.493408,-0.022095,0.811646
0.465698,-0.170898,1.132935
-0.082275,-0.326172,0.828491
-0.218994,0.184570,1.008911
0.420166,-0.296021,1.033325
-0.488403,-0.070312,0.784302
0.385864,-0.089722,1.141968
0.026245,-0.372925,0.865723
-0.317261,0.181152,0.965454
0.483521,-0.265869,1.076904
-0.406616,-0.155640,0.771606
0.248047,0.019043,1.121948
0.140381,-0.405518,0.883911
-0.390381,0.149658,0.922485
0.522095,-0.234375,1.115112
-0.345947,-0.224609,0.789673
0.126953,0.071045,1.088501
0.226562,-0.395386,0.931396
-0.441406,0.077759,0.872681
0.541870,-0.217163,1.139038
-0.237793,-0.265381,0.817627
-0.009155,0.161987,1.075195
0.314087,-0.389526,0.950806
-0.456909,0.014404,0.846924
0.518066,-0.184326,1.146729
-0.112549,-0.325439,0.834961
-0.088379,0.192871,1.071533
0.382324,-0.356201,0.976196
-0.484497,-0.017212,0.815674
0.475342,-0.185303,1.141357
-0.080200,-0.350586,0.843750
-0.151733,0.187256,1.042480
0.437622,-0.308350,1.041870
-0.488892,-0.021118,0.801270
0.399780,-0.105957,1.149536
0.031128,-0.409546,0.869263
-0.271606,0.221436,1.039062
0.478882,-0.288574,1.080566
-0.451172,-0.086792,0.792969
0.316162,-0.013916,1.149292
0.107300,-0.401855,0.891968
-0.331665,0.162476,0.971191
0.533081,-0.277588,1.114990
-0.399048,-0.123047,0.810059
0.222534,0.029297,1.121826
0.177490,-0.417236,0.921509
-0.374268,0.118408,0.929199
0.554932,-0.239990,1.145874
-0.339844,-0.186279,0.801514
0.120728,0.124512,1.108887
0.253540,-0.414917,0.946289
-0.416870,0.067993,0.887451
0.557373,-0.226929,1.154785
-0.262207,-0.234741,0.829468
0.046021,0.173828,1.105713
0.316406,-0.389282,0.954468
-0.450073,0.057983,0.876099
0.544800,-0.230591,1.138306
-0.133545,-0.362671,0.846802
-0.030640,0.160522,1.076660
0.334595,-0.348633,0.973877
-0.454102,0.013428,0.828125
0.537720,-0.199097,1.158691
-0.072388,-0.355347,0.865601
-0.097290,0.169312,1.056885
0.399414,-0.329834,1.016479
-0.468262,-0.031494,0.812500
0.484131,-0.140747,1.171753
-0.031372,-0.344360,0.870605
-0.156982,0.192871,1.065186
0.460205,-0.317627,1.046021
-0.480957,0.008789,0.825928
0.405029,-0.084351,1.159546
0.031006,-0.392944,0.902100
-0.204468,0.171997,1.049316
0.493164,-0.283203,1.088867
-0.441040,-0.058472,0.807739
0.322510,-0.013916,1.150757
0.112915,-0.415283,0.914917
-0.298340,0.144897,0.990967
0.537476,-0.264648,1.131836
-0.392456,-0.145386,0.797607
0.260742,0.065674,1.149658
0.178223,-0.372803,0.937256
-0.362793,0.111938,0.922241
0.575928,-0.274048,1.146362
-0.335693,-0.225098,0.802124
0.155762,0.097290,1.121704
0.273804,-0.413696,0.960449
-0.404053,0.097412,0.899780
0.569580,-0.218628,1.153687
-0.260376,-0.228394,0.844849
0.057617,0.125854,1.091675
0.331299,-0.396851,0.982788
-0.411377,0.037231,0.869751
0.545166,-0.166748,1.168945
-0.167236,-0.257812,0.859375
-0.029175,0.187744,1.094971
0.397583,-0.394165,1.008179
-0.432739,-0.014282,0.859009
0.505493,-0.116089,1.174683
-0.041260,-0.334351,0.868408
-0.102295,0.211670,1.077148
0.438110,-0.344727,1.036621
-0.446167,-0.060425,0.830078
0.476440,-0.113159,1.175659
-0.002930,-0.341797,0.882812
-0.178955,0.218262,1.057373
0.486938,-0.301636,1.072998
-0.447144,-0.057983,0.822388
0.408936,-0.068237,1.178589
0.080200,-0.379517,0.912598
-0.253784,0.216553,1.030396
0.519653,-0.259399,1.117676
-0.412109,-0.094727,0.807617
0.308350,-0.022827,1.144531
0.166260,-0.436401,0.937012
-0.313721,0.148682,0.976929
0.551025,-0.230347,1.145386
-0.354126,-0.146362,0.821777
0.194946,0.087891,1.135132
0.253906,-0.450195,0.950562
-0.371094,0.088989,0.927612
0.563477,-0.240601,1.140747
-0.282227,-0.208130,0.836304
0.089600,0.168945,1.117554
0.339966,-0.409790,0.989990
-0.408691,0.041992,0.892700
0.536865,-0.194214,1.162720
-0.184937,-0.231323,0.872314
0.012817,0.222534,1.112915
0.392944,-0.360718,1.011597
-0.438843,-0.019043,0.853149
0.513062,-0.145874,1.176025
-0.044189,-0.354370,0.868286
-0.061890,0.226807,1.093872
0.437134,-0.329590,1.031860
-0.471191,-0.039062,0.825684
0.482300,-0.176392,1.160278
0.012695,-0.406128,0.880371
-0.156616,0.193115,1.048584
0.471191,-0.291504,1.066284
-0.442505,-0.031616,0.819702
0.422119,-0.070679,1.164185
0.069946,-0.413330,0.913696
-0.244995,0.199585,1.028198
0.523438,-0.265381,1.120361
-0.405396,-0.084717,0.816895
0.324463,0.016968,1.158936
0.155884,-0.410156,0.941650
-0.292969,0.156128,0.994385
0.551025,-0.245361,1.145752
-0.370361,-0.137817,0.821167
0.217163,0.059326,1.119629
0.250000,-0.430908,0.957764
-0.369385,0.117798,0.928955
0.573364,-0.234009,1.149292
-0.282837,-0.192383,0.853638
0.099243,0.137207,1.099243
0.305786,-0.416748,0.984131
-0.424194,0.045166,0.872803
0.556274,-0.192383,1.167603
-0.183350,-0.267944,0.856079
0.003784,0.220581,1.112671
0.380127,-0.392822,1.005615
-0.439575,0.048340,0.871948
0.531982,-0.162476,1.163696
-0.112061,-0.283325,0.881592
-0.065430,0.193115,1.081177
0.432129,-0.380005,1.033936
-0.436523,-0.033813,0.841675
0.485596,-0.077637,1.178833
0.019531,-0.325562,0.895264
-0.157104,0.253052,1.085327
0.471924,-0.348633,1.062866
-0.444702,-0.095459,0.815308
0.426636,-0.078125,1.162720
0.043579,-0.334106,0.908569
-0.231201,0.236694,1.052490
0.524902,-0.279907,1.109375
-0.399292,-0.133179,0.812622
0.340942,-0.027222,1.152100
0.126221,-0.380737,0.930786
-0.299561,0.149658,0.971558
0.550293,-0.250244,1.133179
-0.356079,-0.172729,0.806641
0.223999,0.070068,1.112793
0.248779,-0.435791,0.939697
-0.352417,0.123169,0.920654
0.542358,-0.214233,1.129395
-0.290405,-0.236572,0.818115
0.129517,0.100098,1.104614
0.322998,-0.442749,0.974487
-0.427368,0.104858,0.875732
0.555298,-0.213989,1.137207
-0.219849,-0.218018,0.859863
0.012207,0.178101,1.082764
0.371704,-0.410156,0.991821
-0.445923,0.021851,0.843994
0.530518,-0.176758,1.168091
-0.091797,-0.276611,0.897339
-0.101685,0.252075,1.091064
0.427002,-0.375854,1.006714
-0.431274,-0.001831,0.842041
0.461304,-0.108398,1.151978
0.030396,-0.350952,0.898438
-0.147949,0.239502,1.081909
0.449951,-0.312744,1.041382
-0.458740,-0.063477,0.800903
0.415894,-0.121948,1.134521
0.079468,-0.387207,0.907715
-0.238647,0.217529,1.021606
0.509766,-0.251587,1.105469
-0.411743,-0.106323,0.801514
0.303223,-0.025391,1.126587
0.153198,-0.448608,0.901001
-0.313110,0.130371,0.954956
0.551880,-0.244141,1.122070
-0.351318,-0.141968,0.815552
0.167480,0.086060,1.094849
0.265259,-0.487793,0.925415
-0.384399,0.048950,0.878662
0.557495,-0.220459,1.144775
-0.259766,-0.219116,0.829712
0.022095,0.189453,1.085938
0.364990,-0.442749,0.975708
-0.439453,0.045044,0.855469
0.514771,-0.160278,1.138306
-0.143921,-0.241211,0.859009
-0.074463,0.228638,1.081299
0.425171,-0.397705,1.009644
-0.455078,-0.048706,0.816650
0.453491,-0.108521,1.144531
0.018799,-0.330811,0.890869
-0.175903,0.216675,1.040649
0.468018,-0.328735,1.047485
-0.445312,-0.098022,0.788086
0.383057,-0.086548,1.123413
0.083374,-0.371582,0.904175
-0.263306,0.197632,1.002319
0.502441,-0.250122,1.091187
-0.388550,-0.138062,0.812866
0.259521,-0.024658,1.089233
0.189331,-0.458374,0.906372
-0.350952,0.104370,0.911133
0.535522,-0.209717,1.126221
-0.312500,-0.188110,0.800659
0.108154,0.110352,1.071655
0.297607,-0.494385,0.926636
-0.426392,0.026611,0.839478
0.539062,-0.191528,1.142700
-0.215698,-0.220215,0.826050
-0.034912,0.211182,1.073975
0.387085,-0.450562,0.971191
-0.462891,-0.008545,0.811035
0.477417,-0.155273,1.135010
-0.083984,-0.299927,0.866821
-0.134888,0.224121,1.054688
0.439819,-0.377197,1.016968
-0.460693,-0.054688,0.800659
0.407715,-0.109985,1.114990
0.063965,-0.401978,0.880249
-0.213013,0.196655,1.011353
0.475830,-0.292236,1.062256
-0.436768,-0.093140,0.793213
0.316528,-0.062378,1.085327
0.105957,-0.408691,0.883545
-0.299072,0.148438,0.953735
0.513306,-0.247681,1.102905
-0.386597,-0.143188,0.781982
0.190430,0.048584,1.071533
0.208008,-0.470337,0.902100
-0.375732,0.052368,0.864136
0.520874,-0.218506,1.118652
-0.296143,-0.233154,0.789673
0.067505,0.178467,1.085815
0.295044,-0.457275,0.923706
-0.442261,0.042114,0.826294
0.509277,-0.228882,1.109375
-0.213745,-0.292969,0.821045
-0.027832,0.195801,1.065186
0.347778,-0.388550,0.963257
-0.472900,0.025757,0.813232
0.498901,-0.174194,1.127686
-0.108276,-0.300293,0.841797
-0.109985,0.192993,1.034424
0.399536,-0.371216,0.991333
-0.479980,0.006470,0.802124
0.439209,-0.166382,1.096558
0.020142,-0.405640,0.862427
-0.196167,0.182617,1.009155
0.442017,-0.325317,1.027466
-0.466675,-0.062622,0.768555
0.354858,-0.069214,1.101196
0.078613,-0.427979,0.871704
-0.244995,0.155762,0.978271
0.467896,-0.310303,1.046265
-0.457031,-0.095215,0.775879
0.291138,-0.050171,1.073853
0.120605,-0.422852,0.874146
-0.317993,0.164673,0.958984
0.495972,-0.263062,1.077515
-0.402832,-0.154053,0.773926
0.194702,0.026978,1.057739
0.177979,-0.453613,0.892700
-0.373901,0.051636,0.869873
0.530762,-0.257935,1.097046
-0.355347,-0.206543,0.755249
0.093506,0.124756,1.063843
0.256592,-0.439819,0.902100
-0.438843,0.033203,0.832153
0.530029,-0.286133,1.080322
-0.274536,-0.241089,0.810425
0.006836,0.173706,1.052246
0.293579,-0.412720,0.914795
-0.480347,0.016113,0.799316
0.505737,-0.270630,1.099609
-0.182129,-0.296143,0.845947
-0.074829,0.197754,1.038086
0.334351,-0.354492,0.954834
-0.482178,-0.004150,0.791748
0.466064,-0.206665,1.094482
-0.066772,-0.356689,0.850830
-0.115112,0.196411,1.025757
0.357056,-0.345459,0.955444
-0.502686,-0.012085,0.762939
0.407349,-0.184692,1.066406
0.029541,-0.440918,0.839111
-0.158569,0.178711,1.021851
0.397095,-0.323975,0.986084
-0.506836,-0.006592,0.768921
0.355591,-0.153198,1.040894
0.065918,-0.486938,0.834839
-0.241577,0.144897,0.982666
0.450684,-0.318237,1.011719
-0.493408,-0.053711,0.750244
0.258423,-0.047974,1.035522
0.118774,-0.441895,0.863037
-0.286011,0.107910,0.946167
0.467896,-0.285645,1.046631
-0.455566,-0.106567,0.751099
0.176025,0.042236,1.045044
0.165771,-0.468018,0.857178
-0.358276,0.040283,0.880371
0.510742,-0.274414,1.075195
-0.403931,-0.126221,0.765015
0.095459,0.121094,1.042358
0.231812,-0.418335,0.891479
-0.447388,0.001587,0.802979
0.515747,-0.310669,1.057983
-0.304565,-0.263184,0.766113
0.006592,0.196167,1.045898
0.272339,-0.394409,0.890015
-0.492188,0.035522,0.784180
0.495483,-0.321533,1.044556
-0.220215,-0.306641,0.817871
-0.051514,0.178223,1.032104
0.309082,-0.401489,0.927856
-0.547363,0.017822,0.738403
0.389648,-0.143188,1.025024
-0.024780,-0.375244,0.797974
-0.261108,0.187134,0.919800
0.387817,-0.378662,0.929810
-0.521362,-0.081787,0.729370
0.306641,-0.083984,1.014771
0.024536,-0.425903,0.777954
-0.319702,0.180298,0.868652
0.415527,-0.328979,0.949829
-0.500000,-0.088623,0.739136
0.231445,-0.069580,1.003174
0.067871,-0.476685,0.776367
-0.378906,0.137817,0.833618
0.434082,-0.292725,0.960205
-0.476929,-0.083740,0.746826
0.157837,-0.003418,0.993774
0.116455,-0.459106,0.813843
-0.446899,0.099365,0.800171
0.447998,-0.264404,0.993896
-0.401001,-0.145630,0.743774
0.047729,0.114746,1.010742
0.188477,-0.472046,0.820557
-0.523926,0.066895,0.755615
0.448975,-0.248901,1.012817
-0.294067,-0.224365,0.768555
-0.064575,0.160400,0.987671
0.273926,-0.432251,0.865112
-0.542847,0.054077,0.751099
0.418579,-0.214600,1.013184
-0.159302,-0.292603,0.790649
-0.151855,0.163940,0.945557
0.343872,-0.350098,0.927002
-0.555176,0.041016,0.748657
0.365356,-0.165283,1.009766
-0.035034,-0.403442,0.789673
-0.247192,0.135986,0.893311
0.387695,-0.312012,0.951660
-0.532837,-0.030884,0.738770
0.277832,-0.070435,0.990601
0.035156,-0.470947,0.760132
-0.333618,0.108398,0.841675
0.436279,-0.287476,0.970825
-0.503174,-0.062988,0.733154
0.137939,0.047729,1.000488
0.100586,-0.427979,0.792725
-0.455933,0.098999,0.792847
0.455444,-0.287720,0.997559
-0.389160,-0.180664,0.729370
0.025635,0.171387,1.014282
0.191284,-0.403076,0.833984
-0.527588,0.043823,0.746460
0.448608,-0.239868,1.021240
-0.238037,-0.269653,0.773804
-0.086060,0.211304,0.988770
0.272095,-0.357422,0.877319
-0.572388,0.058594,0.739868
0.442627,-0.230225,1.026123
-0.114746,-0.329468,0.811890
-0.185913,0.160522,0.937378
0.355957,-0.370239,0.914185
-0.577759,0.102173,0.757690
0.354858,-0.124878,1.016968
-0.010010,-0.406616,0.810425
-0.250732,0.149902,0.897705
0.376221,-0.312744,0.939575
-0.546387,0.014771,0.729858
0.265625,-0.051514,0.986938
0.011719,-0.448120,0.759155
-0.329834,0.115967,0.846191
0.443115,-0.308228,0.972900
-0.504395,-0.026001,0.742188
0.158447,0.040039,0.988892
0.066650,-0.403809,0.781738
-0.415283,0.083374,0.797852
0.451050,-0.308838,0.983276
-0.434326,-0.125488,0.756958
0.076660,0.128052,1.020264
0.141724,-0.419067,0.802124
-0.525879,0.130127,0.770508
0.459717,-0.242798,1.008667
-0.316772,-0.197510,0.760864
-0.031128,0.199951,1.017822
0.231689,-0.405151,0.853394
-0.568848,0.107544,0.753052
0.433350,-0.218018,1.019775
-0.175049,-0.287231,0.781372
-0.130127,0.203735,0.975830
0.274536,-0.350708,0.876831
-0.578613,0.058838,0.743530
0.412964,-0.198853,1.027100
-0.068604,-0.379883,0.787720
-0.214966,0.186401,0.910889
0.333008,-0.299927,0.913696
-0.558716,0.065308,0.748047
0.358887,-0.152588,1.002197
0.002808,-0.434937,0.766113
-0.312256,0.190308,0.882568
0.404053,-0.289551,0.942627
-0.540649,0.001221,0.718872
0.219116,-0.042358,0.976074
0.057983,-0.452393,0.780884
-0.393921,0.150757,0.829102
0.440674,-0.281494,0.953735
-0.478638,-0.050781,0.750366
0.114380,0.088745,1.001099
0.108643,-0.400879,0.824951
-0.495972,0.121338,0.795898
0.455811,-0.291138,0.977539
-0.379761,-0.133545,0.770508
0.008911,0.185547,1.006958
0.203735,-0.403809,0.837158
-0.548828,0.094971,0.760742
0.441406,-0.209229,1.006348
-0.250854,-0.240967,0.769409
-0.091187,0.213257,0.990967
0.286865,-0.374390,0.888794
-0.588745,0.076660,0.738037
0.416748,-0.198730,1.014038
-0.139893,-0.354736,0.759644
-0.202271,0.211304,0.942627
0.361694,-0.357666,0.921875
-0.554932,0.055298,0.752441
0.331421,-0.090576,0.996582
-0.053833,-0.380981,0.748413
-0.281250,0.168091,0.875366
0.399292,-0.316528,0.956665
-0.539551,-0.054321,0.727539
0.239624,-0.039062,1.000488
0.016968,-0.440186,0.749023
-0.399170,0.166382,0.829346
0.434082,-0.267212,0.959106
-0.467407,-0.073242,0.754639
0.112671,0.080200,1.009155
0.114014,-0.433105,0.803711
-0.523804,0.149902,0.789062
0.458374,-0.261963,0.991211
-0.358032,-0.162842,0.748535
-0.026123,0.179443,0.994873
0.233398,-0.382446,0.867676
-0.576416,0.080688,0.748291
0.416992,-0.170532,1.019531
-0.181152,-0.282104,0.758667
-0.125000,0.199219,0.960083
0.310303,-0.341187,0.902222
-0.596191,0.074219,0.741821
0.392334,-0.147217,1.028442
-0.066284,-0.373535,0.764893
-0.271118,0.199951,0.876099
0.375854,-0.292480,0.929932
-0.547363,0.029541,0.744263
0.302734,-0.067383,1.009277
-0.014526,-0.429077,0.736816
-0.354004,0.162476,0.842529
0.414307,-0.273071,0.947998
-0.504639,-0.010986,0.749146
0.173584,-0.001953,0.987915
0.054565,-0.432373,0.771973
-0.457153,0.174805,0.816040
0.441895,-0.238770,0.986328
-0.442505,-0.084717,0.756470
0.074463,0.102905,0.997192
0.135620,-0.414795,0.817505
-0.524414,0.146484,0.792114
0.435669,-0.181763,1.008545
-0.348145,-0.151733,0.742554
-0.011963,0.166504,1.006348
0.221802,-0.415161,0.862061
-0.580811,0.122437,0.757690
0.437012,-0.170532,1.026611
-0.228638,-0.250732,0.752075
-0.116821,0.194336,0.969727
0.305664,-0.400513,0.882690
-0.590942,0.085815,0.754028
0.412231,-0.152832,1.019043
-0.130615,-0.319702,0.758179
-0.227173,0.215210,0.928101
0.382202,-0.379761,0.918579
-0.578491,0.078003,0.756470
0.332520,-0.106567,0.984985
-0.052856,-0.362915,0.764771
-0.293945,0.199097,0.887695
0.380615,-0.314331,0.932495
-0.546753,-0.024780,0.720947
0.265015,-0.046143,0.995361
-0.015503,-0.403442,0.756714
-0.382812,0.196289,0.860840
0.415771,-0.264526,0.949829
-0.494629,-0.068604,0.742188
0.151123,0.000000,0.985718
0.054688,-0.411865,0.780029
-0.468140,0.182861,0.821167
0.437744,-0.206299,0.981323
-0.425049,-0.089722,0.751099
0.048340,0.109985,1.009399
0.159912,-0.435913,0.828979
-0.545776,0.124634,0.778931
0.430542,-0.155762,1.013062
-0.294922,-0.196045,0.740723
-0.066772,0.196411,0.987549
0.262451,-0.410156,0.866943
-0.589844,0.096924,0.757324
0.409546,-0.133667,1.033203
-0.160889,-0.298096,0.731934
-0.166504,0.192627,0.936523
0.324829,-0.332153,0.903687
-0.595215,0.052612,0.738770
0.366577,-0.130493,1.011719
-0.067993,-0.378296,0.747681
-0.287109,0.196899,0.889404
0.383179,-0.310547,0.929565
-0.551514,0.006348,0.723999
0.244141,-0.027344,0.990601
-0.010864,-0.421753,0.753052
-0.399048,0.179688,0.858154
0.432617,-0.250977,0.965576
-0.501099,-0.014771,0.750000
0.108032,0.087524,1.004639
0.092407,-0.409912,0.809814
-0.519653,0.175171,0.818237
0.434570,-0.213745,0.987915
-0.385254,-0.117554,0.744507
0.007202,0.186279,1.008789
0.187744,-0.400146,0.836548
-0.588379,0.125854,0.777100
0.438477,-0.172119,1.024780
-0.247681,-0.262817,0.731079
-0.108398,0.212158,0.972290
0.283447,-0.364990,0.895752
-0.610596,0.097168,0.740112
0.410522,-0.179932,1.011963
-0.131958,-0.365845,0.733398
-0.225586,0.203247,0.908691
0.353516,-0.325439,0.913208
-0.575562,0.097290,0.754272
0.331421,-0.109009,1.010742
-0.069702,-0.395996,0.743042
-0.305054,0.187988,0.882202
0.378174,-0.308228,0.927368
-0.562988,0.004272,0.723511
0.237305,-0.047729,0.988525
-0.010742,-0.420044,0.746582
-0.401001,0.195068,0.837036
0.395264,-0.239990,0.947632
-0.496826,-0.052490,0.731079
0.140503,0.034424,1.002197
0.051758,-0.410522,0.794922
-0.487427,0.184937,0.823242
0.426636,-0.223145,0.971558
-0.408325,-0.109863,0.748535
0.047974,0.165894,1.029175
0.139282,-0.395020,0.819214
-0.563232,0.164917,0.801758
0.440918,-0.217407,0.998779
-0.289551,-0.230469,0.740112
-0.044800,0.183105,0.996826
0.232300,-0.370361,0.861694
-0.606445,0.155396,0.766479
0.412964,-0.174438,1.015503
-0.188477,-0.337402,0.733276
-0.140747,0.175171,0.966309
0.300659,-0.361816,0.892578
-0.614502,0.124512,0.755615
0.372070,-0.128174,0.996460
-0.121460,-0.343140,0.737305
-0.236328,0.191772,0.920654
0.364990,-0.359863,0.914551
-0.585693,0.059937,0.751221
0.303711,-0.072388,0.990723
-0.070435,-0.386597,0.738281
-0.323242,0.172363,0.866943
0.380615,-0.282593,0.942505
-0.546875,-0.036133,0.705933
0.220703,-0.024292,0.992310
-0.025635,-0.396484,0.757568
-0.415161,0.189087,0.848511
0.407959,-0.260986,0.961914
-0.493408,-0.092773,0.726074
0.135986,0.039307,1.009521
0.054932,-0.420288,0.801025
-0.525513,0.206787,0.819946
0.427612,-0.229492,0.988647
-0.410034,-0.147095,0.734985
0.047241,0.124634,1.018555
0.133057,-0.394287,0.827026
-0.566284,0.183594,0.811035
0.439331,-0.213745,0.998901
-0.325073,-0.197876,0.730347
-0.064697,0.178345,0.981934
0.247192,-0.408569,0.875366
-0.592529,0.118286,0.770874
0.401978,-0.155762,1.018311
-0.210938,-0.299072,0.715088
-0.160522,0.211304,0.951416
0.302734,-0.344360,0.900146
-0.597778,0.066162,0.746704
0.378174,-0.133789,1.021484
-0.131104,-0.365479,0.717285
-0.256470,0.198975,0.897217
0.362061,-0.335693,0.897705
-0.595337,0.066040,0.735107
0.290405,-0.110962,0.976562
-0.048950,-0.384399,0.766846
-0.359863,0.158447,0.859619
0.398071,-0.298462,0.948486
-0.559814,0.029663,0.723145
0.172363,0.021240,0.977661
-0.010132,-0.402588,0.763916
-0.439453,0.153809,0.843872
0.426636,-0.268921,0.977051
-0.480591,-0.048828,0.745850
0.070923,0.128418,0.997681
0.078491,-0.397095,0.802124
-0.516724,0.152832,0.820312
0.419922,-0.219604,1.002075
-0.370728,-0.134521,0.747070
0.005737,0.209717,1.012817
0.152222,-0.305786,0.852295
-0.575562,0.141479,0.801392
0.412842,-0.254150,0.989258
-0.290894,-0.282837,0.717896
-0.044189,0.190430,1.005371
0.213135,-0.348389,0.848755
-0.634399,0.139526,0.758423
0.431274,-0.236206,1.006714
-0.207397,-0.332886,0.718140
-0.157104,0.183472,0.948853
0.294067,-0.350098,0.895752
-0.606689,0.107544,0.753784
0.395874,-0.158569,1.008057
-0.162720,-0.335938,0.721436
-0.229614,0.181030,0.918945
0.333984,-0.348999,0.906006
-0.606567,0.067139,0.730713
0.343262,-0.131348,1.007812
-0.105225,-0.391846,0.727173
-0.284912,0.173706,0.893311
0.355835,-0.299316,0.926270
-0.596069,0.054443,0.714722
0.292236,-0.071899,1.011597
-0.069214,-0.415894,0.755737
-0.377563,0.193848,0.884521
0.396362,-0.299561,0.950439
-0.577271,0.011475,0.695435
0.171265,0.005371,0.974854
0.002686,-0.397949,0.776978
-0.435913,0.177002,0.868408
0.411011,-0.263550,0.986450
-0.532959,-0.037964,0.708252
0.092773,0.100952,0.999878
0.055664,-0.402832,0.798462
-0.514771,0.155273,0.834473
0.423096,-0.236450,1.000488
-0.450439,-0.108643,0.717285
0.042847,0.142212,1.008179
0.134521,-0.396484,0.831177
-0.576782,0.162354,0.808716
0.421387,-0.228271,0.989624
-0.333008,-0.208740,0.725220
-0.039185,0.187134,0.997925
0.206909,-0.382446,0.854370
-0.604248,0.118652,0.774902
0.427002,-0.218994,1.017212
-0.249756,-0.299927,0.717407
-0.124390,0.188843,0.964844
0.285645,-0.361206,0.885254
-0.627563,0.117310,0.757812
0.404785,-0.186401,1.013062
-0.178833,-0.344604,0.711426
-0.221191,0.170654,0.922607
0.331177,-0.347778,0.914429
-0.614624,0.046021,0.734985
0.344727,-0.159180,0.995605
-0.129639,-0.382690,0.721924
-0.323364,0.207886,0.884277
0.372803,-0.318481,0.924072
-0.573120,0.035400,0.732544
0.267456,-0.100586,0.996338
-0.070557,-0.420654,0.755859
-0.413086,0.186279,0.866821
0.392334,-0.313477,0.937866
-0.551758,-0.018555,0.706299
0.162354,0.020142,0.990601
0.017334,-0.401245,0.794800
-0.481689,0.181152,0.846069
0.416382,-0.258789,0.974731
-0.490601,-0.072876,0.729614
0.069214,0.107422,1.006348
0.093018,-0.405884,0.815430
-0.542603,0.166504,0.817993
0.423706,-0.216309,1.002563
-0.383423,-0.150879,0.725830
0.007446,0.169922,1.023071
0.172852,-0.418213,0.822144
-0.594360,0.131714,0.796997
0.443237,-0.222900,1.014282
-0.314575,-0.216919,0.730591
-0.084351,0.175903,0.972534
0.237915,-0.385498,0.866455
-0.601318,0.094360,0.769531
0.429077,-0.188843,1.041138
-0.242432,-0.302246,0.703613
-0.167725,0.193359,0.965088
0.290405,-0.380005,0.884399
-0.606567,0.065552,0.746460
0.386719,-0.173340,1.024780
-0.188110,-0.352783,0.713135
-0.230469,0.182495,0.933472
0.325928,-0.347778,0.916626
-0.612793,0.018799,0.715454
0.347656,-0.146606,1.025269
-0.145874,-0.390381,0.704224
-0.314941,0.207886,0.911865
0.373291,-0.322388,0.934448
-0.592285,-0.010986,0.715088
0.262573,-0.100464,1.006958
-0.075073,-0.441528,0.738525
-0.386475,0.208984,0.877686
0.382202,-0.279907,0.957764
-0.561035,-0.025391,0.715454
0.171265,-0.044312,0.996948
0.003052,-0.432983,0.781860
-0.481079,0.176880,0.844849
0.414917,-0.243042,1.001099
-0.492432,-0.095337,0.729858
0.070190,0.083740,1.012451
0.111450,-0.437500,0.810547
-0.553223,0.143066,0.809204
0.422363,-0.220825,1.006714
-0.341553,-0.195190,0.734741
-0.048706,0.182373,0.998901
0.224976,-0.397705,0.856201
-0.603271,0.107666,0.766602
0.389038,-0.191895,1.005249
-0.229858,-0.347290,0.696411
-0.158325,0.182129,0.969971
0.298706,-0.372314,0.896973
-0.614990,0.062988,0.749878
0.355713,-0.160156,1.009033
-0.157837,-0.393066,0.708984
-0.282959,0.186523,0.919067
0.359497,-0.350342,0.931152
-0.594971,0.044189,0.744507
0.260986,-0.086060,1.009277
-0.096924,-0.399170,0.746460
-0.378174,0.168701,0.879517
0.395630,-0.294312,0.966675
-0.552612,-0.019531,0.734741
0.148438,0.024780,1.016724
0.018433,-0.404785,0.797974
-0.486450,0.184814,0.860596
0.427124,-0.276733,0.995239
-0.457764,-0.117676,0.731445
0.040405,0.116455,1.011230
0.113281,-0.397339,0.822510
-0.550293,0.128784,0.823120
0.439941,-0.252686,1.017456
-0.335449,-0.231079,0.726929
-0.069092,0.160034,0.983765
0.220703,-0.381592,0.857422
-0.599487,0.087524,0.784912
0.414917,-0.215454,1.026001
-0.213013,-0.367188,0.719849
-0.180054,0.139282,0.937134
0.294556,-0.336670,0.906738
-0.604004,0.055054,0.731079
0.362793,-0.155640,1.017700
-0.144287,-0.363525,0.738892
-0.284790,0.171265,0.921265
0.360474,-0.361938,0.932007
-0.612183,0.014160,0.713623
0.300415,-0.106812,1.016235
-0.092285,-0.354004,0.766357
-0.380249,0.188599,0.899536
0.401245,-0.311523,0.979980
-0.581665,-0.053955,0.688965
0.194580,-0.001587,1.020386
-0.015625,-0.405640,0.784424
-0.469849,0.182007,0.875977
0.415771,-0.291626,0.990112
-0.510864,-0.125122,0.713257
0.092773,0.076172,1.010498
0.075684,-0.411621,0.807251
-0.537964,0.192871,0.835693
0.438110,-0.272461,1.007080
-0.409546,-0.191772,0.732422
0.001953,0.117676,1.017456
0.161133,-0.401611,0.842529
-0.577515,0.142822,0.801880
0.451294,-0.227905,1.033569
-0.291138,-0.294189,0.730347
-0.101807,0.137207,0.976929
0.241455,-0.394775,0.885498
-0.596436,0.066772,0.754028
0.421753,-0.161011,1.054443
-0.209839,-0.305420,0.725586
-0.197266,0.152100,0.977051
0.304810,-0.395264,0.906250
-0.604858,0.033569,0.724487
0.366455,-0.133667,1.036133
-0.155884,-0.355835,0.724609
-0.298096,0.199097,0.938721
0.370605,-0.355225,0.944092
-0.583496,0.001831,0.727539
0.247070,-0.073975,1.008179
-0.067871,-0.368652,0.754639
-0.403931,0.183472,0.894653
0.431763,-0.312134,0.999634
-0.523193,-0.075317,0.707397
0.132568,0.069580,1.031616
0.007690,-0.355225,0.802979
-0.490112,0.122681,0.843140
0.451294,-0.351074,0.995850
-0.439941,-0.199585,0.733276
0.061768,0.101440,1.022827
0.093872,-0.350708,0.830566
-0.565063,0.184326,0.813232
0.443115,-0.279297,1.004150
-0.344360,-0.266235,0.744507
0.009399,0.097290,1.027710
0.151123,-0.396729,0.829834
-0.604248,0.152344,0.770142
0.459351,-0.275635,1.010742
-0.275879,-0.297119,0.743896
-0.078003,0.132202,0.995361
0.214478,-0.363037,0.868408
-0.571045,0.047363,0.748413
0.422729,-0.220093,1.028198
-0.248169,-0.316650,0.714722
-0.155640,0.170166,0.987549
0.316528,-0.398682,0.903320
-0.593994,0.037964,0.732666
0.382690,-0.147583,1.040405
-0.189331,-0.300049,0.732056
-0.221191,0.161011,0.945679
0.336182,-0.339722,0.940552
-0.596680,-0.014404,0.736206
0.356201,-0.171143,1.033325
-0.149048,-0.361328,0.735718
-0.321533,0.203369,0.927490
0.392212,-0.322021,0.970215
-0.577148,-0.034424,0.727173
0.277344,-0.117188,1.019287
-0.083618,-0.391479,0.767334
-0.393921,0.196777,0.896118
0.423462,-0.318726,0.986328
-0.541504,-0.041016,0.746460
0.181030,0.000000,1.034424
-0.002075,-0.407349,0.804688
-0.459106,0.177856,0.873169
0.442017,-0.298340,1.009277
-0.511108,-0.102783,0.713867
0.105469,0.057495,1.017090
0.091675,-0.408203,0.827393
-0.531616,0.143188,0.827271
0.461060,-0.272949,1.026489
-0.388672,-0.199219,0.727783
-0.009521,0.144531,1.012573
0.169556,-0.378784,0.849121
-0.566406,0.090820,0.810059
0.455200,-0.258667,1.038086
-0.289185,-0.300781,0.726562
-0.071777,0.124756,0.980957
0.222656,-0.345215,0.889526
-0.586548,0.056030,0.756470
0.449585,-0.242676,1.045532
-0.215942,-0.337646,0.732666
-0.185791,0.158447,0.958374
0.295532,-0.341187,0.922729
-0.589478,0.045166,0.738647
0.397217,-0.200562,1.048950
-0.179077,-0.358398,0.741577
-0.265381,0.153198,0.942383
0.378174,-0.352295,0.953735
-0.575562,0.036865,0.743164
0.271362,-0.081787,1.027832
-0.091919,-0.357178,0.792358
-0.354858,0.131348,0.909302
0.416260,-0.373291,0.984863
-0.538818,-0.064941,0.712891
0.185669,0.057129,1.048828
0.005981,-0.333862,0.811768
-0.430176,0.166138,0.894775
0.430542,-0.317139,1.004639
-0.513306,-0.144287,0.704224
0.127075,0.031616,1.024048
0.086670,-0.389038,0.836792
-0.510498,0.163818,0.852783
0.459351,-0.266846,1.030151
-0.409912,-0.217407,0.745972
0.014771,0.084106,1.012207
0.167358,-0.412231,0.852051
-0.530273,0.104858,0.808716
0.448242,-0.214844,1.046753
-0.308350,-0.232788,0.762207
-0.068970,0.122803,0.996704
0.256836,-0.448242,0.870605
-0.564453,0.052612,0.774170
0.421387,-0.158325,1.063843
-0.231445,-0.314575,0.715820
-0.151123,0.144043,0.980713
0.317871,-0.426392,0.895996
-0.579956,0.019775,0.769287
0.393188,-0.190796,1.042480
-0.169189,-0.324341,0.748535
-0.251709,0.146484,0.928833
0.371094,-0.319336,0.964355
-0.564453,-0.022827,0.738525
0.330078,-0.124023,1.050903
-0.120605,-0.357910,0.768555
-0.327515,0.144165,0.912354
0.401245,-0.302368,0.995483
-0.549438,-0.065063,0.722412
0.237305,-0.063232,1.048828
-0.017822,-0.404419,0.807007
-0.421265,0.169067,0.888916
0.425659,-0.280518,1.021118
-0.490601,-0.107300,0.728760
0.147095,0.050537,1.048828
0.063110,-0.393677,0.833496
-0.479126,0.142578,0.873291
0.447876,-0.277710,1.036499
-0.425781,-0.203247,0.726562
0.047241,0.120361,1.029053
0.152954,-0.392334,0.854004
-0.526611,0.104858,0.820435
0.456177,-0.248535,1.037598
-0.325562,-0.250000,0.754395
-0.019287,0.122437,1.014404
0.220825,-0.411255,0.871948
-0.546875,0.076416,0.793457
0.444336,-0.212280,1.050171
-0.233154,-0.322510,0.738892
-0.121826,0.166870,1.003174
0.293579,-0.403198,0.894897
-0.564819,0.036987,0.764404
0.404907,-0.172607,1.057251
-0.189087,-0.343750,0.736572
-0.187500,0.163696,0.986084
0.346069,-0.351562,0.948242
-0.577393,-0.001587,0.748535
0.369385,-0.161133,1.063721
-0.139282,-0.385010,0.755005
-0.288818,0.168213,0.938232
0.404541,-0.329712,0.978271
-0.552612,0.025635,0.768555
0.285278,-0.084351,1.056030
-0.060547,-0.347656,0.806885
-0.363159,0.152832,0.904785
0.427246,-0.316528,1.005127
-0.494385,-0.088745,0.733276
0.194824,0.032715,1.068726
0.029053,-0.364624,0.830078
-0.450562,0.136841,0.876709
0.463745,-0.310181,1.028687
-0.463135,-0.131348,0.740234
0.091187,0.092163,1.041016
0.137695,-0.394531,0.860596
-0.495850,0.126953,0.841064
0.461792,-0.249268,1.044434
-0.395508,-0.210815,0.738403
0.026855,0.090332,1.025757
0.214233,-0.428833,0.870483
-0.528809,0.094971,0.819092
0.472168,-0.199707,1.076904
-0.279541,-0.266235,0.753418
-0.090698,0.133057,0.994507
0.273438,-0.428345,0.895752
-0.531982,0.020142,0.783081
0.453491,-0.180908,1.082275
-0.195557,-0.292725,0.753906
-0.182251,0.140259,0.964478
0.439087,-0.298462,1.039307
-0.535278,-0.027222,0.764771
0.371582,-0.095215,1.142822
-0.163330,-0.327271,0.761475
-0.317871,0.194458,0.965698
0.503540,-0.274780,1.079468
-0.539795,-0.070435,0.753540
0.247803,-0.004517,1.121826
0.121216,-0.421143,0.892090
-0.387939,0.132690,0.906128
0.518433,-0.259399,1.091553
-0.330444,-0.187134,0.800781
0.115234,0.095581,1.084717
0.234375,-0.369019,0.933838
-0.453369,0.062012,0.854614
0.543823,-0.251587,1.122559
-0.255859,-0.266968,0.812500
0.005127,0.151367,1.072998
0.306396,-0.346436,0.954590
-0.496094,0.034058,0.819214
0.526489,-0.205811,1.151855
-0.103638,-0.364136,0.824585
-0.095215,0.168579,1.060913
0.371338,-0.348755,0.974731
-0.504272,0.005493,0.800171
0.460815,-0.160400,1.136719
-0.056152,-0.397339,0.833862
-0.192627,0.183594,1.042969
0.435547,-0.319214,1.024414
-0.476562,0.004517,0.795898
0.372803,-0.040894,1.145630
0.007446,-0.369141,0.866455
-0.283936,0.148560,1.000854
0.502441,-0.319214,1.081665
-0.443115,-0.083252,0.765625
0.280029,0.078125,1.148438
0.098755,-0.346436,0.889526
-0.356079,0.142822,0.946777
0.529419,-0.324707,1.085205
-0.403931,-0.194214,0.770264
0.213501,0.044067,1.127686
0.169189,-0.382446,0.911743
-0.423340,0.136597,0.898926
0.546509,-0.271973,1.114746
-0.327515,-0.229736,0.797607
0.125610,0.078247,1.100464
0.240601,-0.388916,0.929443
-0.449585,0.113037,0.865845
0.545044,-0.212402,1.123901
-0.261475,-0.262207,0.812988
0.024902,0.126465,1.075073
0.307373,-0.410278,0.955322
-0.454102,0.026855,0.842407
0.526367,-0.161987,1.147095
-0.145142,-0.303223,0.830811
-0.065430,0.165283,1.059204
0.368896,-0.376099,0.983032
-0.467163,-0.037720,0.818848
0.484497,-0.147949,1.142944
-0.097168,-0.309937,0.823364
-0.147949,0.201660,1.046509
0.430542,-0.347778,1.022949
-0.480835,-0.046509,0.808960
0.438232,-0.112549,1.166504
-0.035400,-0.350220,0.843872
-0.230103,0.197632,1.016235
0.473267,-0.296387,1.065918
-0.465942,-0.069336,0.788940
0.343018,-0.050293,1.145996
0.076538,-0.387573,0.882690
-0.322144,0.193481,0.968506
0.513916,-0.269165,1.096191
-0.405518,-0.124878,0.794556
0.217773,0.007324,1.110474
0.172119,-0.428223,0.905762
-0.386353,0.115234,0.908813
0.536621,-0.236572,1.121582
-0.326660,-0.184937,0.792969
0.096191,0.135376,1.113403
0.267212,-0.401001,0.950195
-0.444580,0.041382,0.863892
0.552612,-0.219727,1.149292
-0.197510,-0.267090,0.827759
-0.010132,0.194580,1.100098
0.321533,-0.349121,0.951294
-0.466309,0.011475,0.834351
0.505615,-0.208374,1.132568
-0.102783,-0.355103,0.836548
-0.070679,0.168213,1.069702
0.392212,-0.320923,0.996216
-0.513306,0.012573,0.794434
0.450317,-0.157959,1.142822
-0.041260,-0.395996,0.840942
-0.170654,0.175537,1.053101
0.441040,-0.300049,1.056885
-0.501343,-0.027588,0.791626
0.409302,-0.096313,1.161743
0.021729,-0.365234,0.882812
-0.276733,0.206421,1.024414
0.503296,-0.291382,1.096436
-0.441650,-0.068237,0.787842
0.304443,-0.020020,1.146118
0.097656,-0.391235,0.904175
-0.331665,0.144775,0.962646
0.532349,-0.284790,1.106323
-0.383545,-0.154541,0.791748
0.219482,0.056030,1.130249
0.188965,-0.398926,0.926270
-0.393921,0.118774,0.910278
0.536011,-0.249756,1.123291
-0.337646,-0.224243,0.793579
0.145508,0.098633,1.115356
0.261230,-0.420776,0.936646
-0.439819,0.106689,0.887817
0.541748,-0.224365,1.122314
-0.269043,-0.237671,0.823120
0.048462,0.125244,1.096191
0.320312,-0.402832,0.960938
-0.456299,0.051758,0.862793
0.529541,-0.176025,1.143555
-0.148438,-0.296509,0.850342
-0.051392,0.155396,1.070557
0.372314,-0.380005,0.985474
-0.463745,0.011353,0.833984
0.510376,-0.162964,1.163696
-0.080322,-0.344116,0.841064
-0.125488,0.183594,1.050659
0.425537,-0.353882,1.003174
-0.468994,-0.001465,0.827393
0.444824,-0.113281,1.156738
-0.019897,-0.347778,0.862549
-0.209473,0.190552,1.040039
0.456665,-0.289429,1.060303
-0.456543,-0.082397,0.796387
0.375000,-0.056030,1.162476
0.054443,-0.356445,0.891968
-0.292603,0.225952,0.998413
0.507446,-0.269897,1.081055
-0.408936,-0.133545,0.801025
0.285767,-0.039185,1.134277
0.138794,-0.380859,0.921875
-0.371948,0.147339,0.918457
0.544800,-0.252930,1.114258
-0.324829,-0.179810,0.820557
0.147705,0.081665,1.098755
0.249512,-0.414429,0.943237
-0.418457,0.085449,0.881348
0.560425,-0.226074,1.136963
-0.265259,-0.240967,0.812866
0.033691,0.159424,1.099487
0.322876,-0.380249,0.976318
-0.467651,0.033813,0.849609
0.540771,-0.197754,1.150269
-0.108765,-0.328735,0.853882
-0.062988,0.178223,1.060059
0.368042,-0.329224,0.990234
-0.471436,-0.017212,0.818115
0.507568,-0.216919,1.149780
-0.068970,-0.391968,0.844727
-0.125000,0.173340,1.060547
0.420532,-0.316406,1.015137
-0.484131,0.005127,0.813843
0.446777,-0.111450,1.154907
-0.014526,-0.371582,0.876953
-0.204468,0.181641,1.038696
0.482056,-0.318604,1.070312
-0.475708,-0.029053,0.800171
0.369873,-0.043091,1.167725
0.059326,-0.370728,0.898315
-0.295166,0.183594,0.998901
0.524292,-0.302002,1.095337
-0.403320,-0.110352,0.806763
0.277466,0.057129,1.153442
0.134399,-0.391602,0.909546
-0.343262,0.110352,0.945801
0.545410,-0.290039,1.119507
-0.368652,-0.195435,0.806519
0.197754,0.092773,1.133545
0.224609,-0.408325,0.923218
-0.413452,0.124512,0.904297
0.541748,-0.223145,1.132690
-0.284668,-0.247925,0.817383
0.110840,0.100830,1.108643
0.283691,-0.419434,0.947388
-0.440308,0.103394,0.881958
0.560425,-0.191528,1.153931
-0.219971,-0.263428,0.816772
0.003418,0.166382,1.079346
0.362671,-0.416382,0.975708
-0.463867,0.040405,0.864502
0.524780,-0.174072,1.157349
-0.115723,-0.326416,0.838989
-0.065186,0.201538,1.088745
0.410889,-0.397827,0.995239
-0.464722,-0.001587,0.835449
0.483154,-0.125244,1.161743
-0.072266,-0.336914,0.843628
-0.137329,0.205933,1.058838
0.448120,-0.341431,1.047485
-0.474854,-0.034912,0.821167
0.440063,-0.091675,1.174805
-0.002686,-0.335327,0.867065
-0.239746,0.216675,1.027588
0.489624,-0.291016,1.081299
-0.438599,-0.088989,0.812622
0.346924,-0.044556,1.150146
0.095703,-0.367188,0.909912
-0.301270,0.173340,0.974731
0.522827,-0.247681,1.118164
-0.385132,-0.178711,0.788940
0.234009,0.006592,1.130249
0.202026,-0.404907,0.931274
-0.381714,0.155396,0.930420
0.540039,-0.215210,1.128662
-0.307373,-0.210938,0.824951
0.102661,0.078613,1.086914
0.283569,-0.398071,0.982178
-0.414307,0.034546,0.863647
0.543823,-0.176636,1.156372
-0.192627,-0.256226,0.830322
-0.028687,0.175049,1.083984
0.371338,-0.383545,0.997925
-0.437256,-0.013794,0.851074
0.507080,-0.136719,1.163940
-0.075562,-0.327148,0.839600
-0.114136,0.210449,1.072266
0.437500,-0.332886,1.031250
-0.466431,-0.042236,0.825562
0.440063,-0.108887,1.168823
0.013306,-0.357910,0.883789
-0.237427,0.204834,1.015991
0.483154,-0.255981,1.088379
-0.422852,-0.095703,0.810669
0.338867,-0.046875,1.158081
0.113159,-0.397827,0.913940
-0.323608,0.143188,0.966675
0.520508,-0.234741,1.118286
-0.359863,-0.165161,0.805298
0.186768,0.076050,1.121948
0.255005,-0.421997,0.946411
-0.405640,0.109985,0.910400
0.532837,-0.202637,1.135742
-0.247070,-0.244873,0.831665
0.042236,0.138916,1.087158
0.337036,-0.377075,0.979004
-0.437012,0.010620,0.848022
0.525513,-0.170654,1.159058
-0.076294,-0.335205,0.856567
-0.079468,0.188843,1.075684
0.406250,-0.345825,1.000610
-0.471924,-0.023193,0.820312
0.474243,-0.133423,1.168701
-0.005127,-0.353882,0.886475
-0.206421,0.218872,1.041138
0.467163,-0.281982,1.067993
-0.444336,-0.058594,0.818237
0.365356,-0.050293,1.157227
0.086304,-0.368774,0.917114
-0.311035,0.176392,0.989624
0.538574,-0.253662,1.134033
-0.363281,-0.153198,0.801270
0.215698,0.066406,1.131104
0.206421,-0.408936,0.920410
-0.393311,0.103516,0.917969
0.561035,-0.243652,1.129639
-0.293213,-0.220459,0.820190
0.096680,0.149414,1.111206
0.318115,-0.400879,0.975098
-0.449951,0.057617,0.866577
0.540405,-0.203003,1.147705
-0.150879,-0.294434,0.856445
-0.035522,0.184570,1.078369
0.372437,-0.348999,0.993530
-0.455811,0.001709,0.838135
0.503174,-0.160645,1.160767
-0.053223,-0.341553,0.857544
-0.122192,0.184448,1.065796
0.431519,-0.336792,1.035034
-0.467651,-0.024170,0.828857
0.447998,-0.090332,1.178101
0.000244,-0.352539,0.877197
-0.226685,0.216187,1.050171
0.480591,-0.275391,1.088989
-0.421875,-0.106934,0.807983
0.356689,-0.045166,1.156494
0.090820,-0.368896,0.911377
-0.313599,0.189209,0.979004
0.532227,-0.277344,1.099854
-0.361572,-0.170044,0.816162
0.228882,0.035278,1.130371
0.205200,-0.413940,0.934326
-0.381958,0.140747,0.920776
0.544312,-0.241455,1.121948
-0.304321,-0.219604,0.816772
0.110840,0.084595,1.096436
0.299194,-0.391235,0.971924
-0.416016,0.076050,0.884521
0.541748,-0.161011,1.153198
-0.198608,-0.265747,0.845703
-0.009155,0.140869,1.076416
0.369507,-0.387451,1.000488
-0.450562,-0.010376,0.837158
0.525024,-0.121338,1.179932
-0.066528,-0.315552,0.843018
-0.115723,0.206299,1.074219
0.424438,-0.334106,1.021729
-0.457153,-0.064575,0.830811
0.453613,-0.121094,1.164795
-0.017212,-0.343628,0.868896
-0.208740,0.221191,1.042969
0.495239,-0.287720,1.081055
-0.453735,-0.040039,0.808472
0.354004,-0.059326,1.148804
0.090698,-0.373535,0.922363
-0.286865,0.134888,0.980347
0.540771,-0.274902,1.134399
-0.399414,-0.104736,0.810059
0.235718,0.051025,1.124268
0.209961,-0.418579,0.939941
-0.378174,0.121582,0.923584
0.561035,-0.231934,1.150024
-0.298462,-0.205078,0.817749
0.108276,0.147217,1.107788
0.272217,-0.408325,0.947388
-0.427856,0.062500,0.890869
0.573364,-0.230835,1.161743
-0.224854,-0.293213,0.831299
0.026367,0.154663,1.087402
0.324097,-0.353516,0.976196
-0.461304,0.029541,0.841431
0.546265,-0.217285,1.162842
-0.086426,-0.378174,0.865723
-0.047974,0.156250,1.072754
0.375000,-0.337524,1.004517
-0.472412,0.020142,0.820557
0.490723,-0.139648,1.162720
-0.041504,-0.363281,0.866089
-0.129883,0.189453,1.074585
0.446411,-0.350220,1.030518
-0.454956,-0.028809,0.813965
0.429688,-0.047607,1.168579
-0.001831,-0.325195,0.880249
-0.203369,0.213989,1.057495
0.489624,-0.316040,1.081665
-0.465576,-0.042847,0.815552
0.388672,-0.055176,1.162354
0.054565,-0.348755,0.901123
-0.284180,0.204712,1.009033
0.542358,-0.297974,1.106812
-0.407959,-0.115845,0.803101
0.287476,0.004761,1.138550
0.145874,-0.383667,0.925049
-0.350342,0.144287,0.941772
0.549438,-0.279663,1.116821
-0.343628,-0.177856,0.808105
0.193848,0.079712,1.121094
0.245361,-0.413818,0.942261
-0.411865,0.124878,0.910889
0.561035,-0.236694,1.144409
-0.265381,-0.250854,0.821899
0.078003,0.124146,1.092529
0.298950,-0.379395,0.965088
-0.436401,0.080078,0.879395
0.554810,-0.202026,1.157593
-0.177246,-0.286621,0.865112
-0.011230,0.150879,1.082764
0.361694,-0.367188,0.990601
-0.458252,0.036621,0.840332
0.519409,-0.156372,1.159912
-0.059692,-0.348999,0.870117
-0.097290,0.161865,1.060669
0.418335,-0.350098,1.022339
-0.465088,-0.011841,0.825317
0.466675,-0.089111,1.177612
-0.025269,-0.338623,0.867798
-0.195435,0.222412,1.062256
0.487427,-0.332031,1.065918
-0.448853,-0.065308,0.804321
0.395508,-0.035034,1.174316
0.036743,-0.333862,0.894165
-0.261108,0.193481,1.012573
0.525757,-0.277222,1.111694
-0.401245,-0.138550,0.802979
0.296631,0.016968,1.146729
0.144043,-0.395508,0.915039
-0.348999,0.130737,0.934448
0.542847,-0.244141,1.133911
-0.337891,-0.189819,0.798706
0.176758,0.079346,1.126343
0.254028,-0.427124,0.943359
-0.412598,0.114624,0.911743
0.539551,-0.211914,1.133911
-0.267090,-0.238647,0.824097
0.066284,0.143921,1.100830
0.329956,-0.408691,0.971436
-0.435425,0.047852,0.880127
0.538818,-0.166626,1.161377
-0.151855,-0.278320,0.848511
-0.036865,0.177368,1.082520
0.370605,-0.353271,0.991943
-0.438354,-0.025635,0.848999
0.520630,-0.166260,1.167847
-0.059448,-0.340942,0.854004
-0.116333,0.198242,1.051758
0.424072,-0.319580,1.024170
-0.459229,-0.029175,0.821167
0.449585,-0.137451,1.165771
-0.003296,-0.342896,0.887329
-0.221313,0.219116,1.032715
0.477661,-0.281250,1.079956
-0.443726,-0.094116,0.797241
0.363403,-0.054443,1.156372
0.088501,-0.365234,0.921143
-0.308594,0.205444,0.998047
0.526978,-0.279663,1.109619
-0.364624,-0.159668,0.819702
0.261108,0.027588,1.134155
0.171997,-0.388672,0.924072
-0.372437,0.129395,0.909546
0.552124,-0.249146,1.134277
-0.297607,-0.245728,0.828857
0.141357,0.101929,1.118286
0.266968,-0.401733,0.950439
-0.430298,0.099854,0.869873
0.551514,-0.191040,1.150635
-0.210815,-0.278442,0.844482
0.019165,0.138916,1.089722
0.343140,-0.381592,0.975098
-0.442993,0.035767,0.854492
0.526245,-0.154175,1.161011
-0.069092,-0.353760,0.848389
-0.072754,0.176514,1.085449
0.393311,-0.352417,1.004150
-0.473877,0.010742,0.834106
0.494385,-0.154053,1.162476
-0.018921,-0.343262,0.880249
-0.177979,0.219238,1.055176
0.460571,-0.301758,1.055176
-0.463013,-0.019287,0.808716
0.390869,-0.087402,1.144775
0.057251,-0.379028,0.900635
-0.258057,0.178101,1.021606
0.515381,-0.275391,1.111938
-0.430054,-0.077881,0.804565
0.287720,0.010376,1.137817
0.164917,-0.417480,0.929565
-0.346313,0.142944,0.955078
0.539307,-0.259033,1.121948
-0.365234,-0.170288,0.800049
0.179688,0.091919,1.119995
0.253784,-0.418579,0.957642
-0.420410,0.109375,0.902466
0.552124,-0.236938,1.138062
-0.265625,-0.236816,0.818359
0.079956,0.137817,1.110107
0.310425,-0.387207,0.973267
-0.441040,0.073730,0.869263
0.556152,-0.191406,1.163574
-0.179810,-0.283569,0.854004
-0.023438,0.150879,1.072144
0.377197,-0.379272,1.008057
-0.444336,0.028931,0.848267
0.513794,-0.119507,1.167480
-0.078857,-0.335693,0.847656
-0.092285,0.168335,1.067627
0.425537,-0.363403,1.020386
-0.464844,-0.016479,0.831055
0.475586,-0.117432,1.160400
-0.040283,-0.321411,0.878784
-0.197510,0.207275,1.048950
0.481201,-0.317749,1.072998
-0.444336,-0.075195,0.816895
0.379883,-0.033691,1.161133
0.045532,-0.334839,0.901001
-0.266113,0.200928,1.014038
0.526489,-0.272705,1.106445
-0.410645,-0.124268,0.808228
0.285156,0.006348,1.141602
0.144653,-0.385254,0.913818
-0.331909,0.137085,0.938721
0.545288,-0.248291,1.122437
-0.332031,-0.187134,0.817505
0.168213,0.079102,1.114868
0.239746,-0.396851,0.943848
-0.406982,0.099854,0.900391
0.554321,-0.244507,1.131592
-0.262085,-0.245483,0.833984
0.058716,0.143066,1.095215
0.325806,-0.378418,0.977173
-0.450317,0.067749,0.862183
0.544556,-0.196289,1.151611
-0.121826,-0.320801,0.858887
-0.039307,0.144165,1.064331
0.377197,-0.356812,1.006470
-0.454102,-0.006592,0.824829
0.506714,-0.130127,1.170410
-0.052979,-0.333374,0.851318
-0.137573,0.186157,1.051392
0.444336,-0.327515,1.047485
-0.460083,-0.050049,0.825073
0.439941,-0.079956,1.171021
-0.014038,-0.337646,0.864136
-0.237305,0.219482,1.029175
0.497437,-0.301880,1.089844
-0.424316,-0.106934,0.804077
0.345947,-0.009644,1.166260
0.074707,-0.372681,0.888794
-0.311279,0.180908,0.971558
0.536011,-0.284058,1.112915
-0.374023,-0.166870,0.801880
0.238281,0.026611,1.133667
0.196777,-0.412842,0.928345
-0.374146,0.136108,0.917480
0.537842,-0.230713,1.127197
-0.308960,-0.208374,0.817505
0.125244,0.077881,1.101318
0.301880,-0.409058,0.973999
-0.436646,0.085327,0.888306
0.533081,-0.178833,1.148193
-0.178589,-0.276367,0.843140
-0.011841,0.150391,1.074707
0.362671,-0.356079,0.996948
-0.447876,-0.019043,0.830933
0.506470,-0.135742,1.170532
-0.065430,-0.345703,0.841797
-0.115723,0.196777,1.067017
0.414551,-0.321655,1.026855
-0.464722,-0.044556,0.819458
0.444458,-0.098999,1.168945
-0.009155,-0.351807,0.869873
-0.214966,0.200317,1.030884
0.470581,-0.273315,1.080444
-0.426758,-0.087769,0.803223
0.346191,-0.047607,1.156860
0.089478,-0.378418,0.897583
-0.318604,0.163208,0.967041
0.535645,-0.250122,1.112793
-0.357300,-0.185791,0.802856
0.211548,0.062500,1.128418
0.236572,-0.407959,0.942627
-0.419678,0.125977,0.897949
0.536743,-0.218872,1.123047
-0.257202,-0.248047,0.827393
0.082520,0.124634,1.105347
0.317749,-0.407227,0.956787
-0.465820,0.054688,0.845581
0.537109,-0.175781,1.154297
-0.100342,-0.344971,0.846802
-0.063843,0.169678,1.077515
0.382935,-0.351074,0.996826
-0.464600,-0.004883,0.837769
0.503662,-0.148193,1.164307
-0.047852,-0.339233,0.850952
-0.159790,0.226196,1.059204
0.447632,-0.316284,1.040405
-0.456909,-0.050659,0.825439
0.418457,-0.108887,1.150757
0.005737,-0.329102,0.879028
-0.246216,0.203369,1.032104
0.496582,-0.263550,1.101562
-0.430908,-0.104248,0.798828
0.309204,-0.022949,1.141602
0.129639,-0.406128,0.911743
-0.336304,0.149902,0.958618
0.541260,-0.248535,1.126465
-0.352905,-0.190308,0.797363
0.171387,0.074707,1.111572
0.222534,-0.396240,0.946655
-0.399658,0.094971,0.901367
0.549194,-0.239990,1.137207
-0.264893,-0.242920,0.829468
0.046265,0.153564,1.101318
0.315796,-0.381592,0.962280
-0.437012,0.031250,0.852661
0.535034,-0.193604,1.155518
-0.095703,-0.313354,0.865967
-0.071777,0.177490,1.069458
0.377441,-0.359009,0.989746
-0.458252,-0.021362,0.833862
0.489380,-0.136353,1.163330
-0.037964,-0.324585,0.867554
-0.171021,0.187744,1.040283
0.435791,-0.290649,1.051514
-0.468506,-0.061279,0.796021
0.414429,-0.085938,1.172241
0.038452,-0.362427,0.893311
-0.262451,0.203613,1.023682
0.523193,-0.278564,1.099609
-0.443604,-0.058838,0.793823
0.276489,-0.005737,1.119263
0.156982,-0.429932,0.903931
-0.338501,0.132812,0.952881
0.543823,-0.241455,1.123047
-0.352295,-0.160400,0.806152
0.148315,0.078613,1.099731
0.251953,-0.387695,0.951050
-0.441406,0.049438,0.876221
0.554810,-0.227295,1.153320
-0.221313,-0.272217,0.830078
0.030273,0.187744,1.099731
0.333374,-0.377563,0.952637
-0.484863,0.046021,0.840332
0.511475,-0.215088,1.135132
-0.071289,-0.368286,0.862427
-0.065186,0.167725,1.078491
0.379028,-0.331787,0.988159
-0.467163,-0.001099,0.824097
0.470459,-0.139038,1.152588
-0.040283,-0.377197,0.844849
-0.183105,0.168701,1.030640
0.447510,-0.296387,1.048828
-0.454590,-0.067383,0.801147
0.411011,-0.052979,1.163452
0.004150,-0.327271,0.888062
-0.271729,0.196777,1.020386
0.520020,-0.317749,1.091675
-0.429932,-0.117188,0.790649
0.304565,0.015747,1.145142
0.099854,-0.374878,0.885010
-0.339111,0.180298,0.969360
0.560059,-0.296509,1.115845
-0.390747,-0.200684,0.799927
0.213501,0.046143,1.122192
0.193726,-0.405273,0.919312
-0.407593,0.160645,0.903687
0.546509,-0.267212,1.106323
-0.315063,-0.243774,0.809082
0.127197,0.082275,1.107544
0.254761,-0.413086,0.934204
-0.432617,0.112793,0.876709
0.552734,-0.209717,1.134399
-0.249756,-0.238892,0.827393
0.042847,0.142212,1.086426
0.298462,-0.382324,0.965942
-0.433350,0.022949,0.853394
0.544800,-0.205566,1.151123
-0.192505,-0.286377,0.840210
-0.026855,0.161377,1.070557
0.364136,-0.388794,0.980713
-0.442505,0.019409,0.845825
0.504761,-0.175537,1.131958
-0.123413,-0.314697,0.842041
-0.078247,0.147217,1.055054
0.400146,-0.365723,1.001709
-0.461670,-0.013916,0.831055
0.489746,-0.099976,1.174316
-0.070068,-0.332642,0.830933
-0.173096,0.191650,1.037476
0.448975,-0.354858,1.046265
-0.460938,-0.077271,0.803711
0.436035,-0.067505,1.173340
-0.028809,-0.309082,0.858398
-0.241211,0.225464,1.023926
0.489868,-0.299438,1.082886
-0.445435,-0.112549,0.804077
0.359497,-0.066650,1.147705
0.045044,-0.345459,0.883667
-0.308228,0.201294,0.976807
0.514526,-0.272217,1.097778
-0.407227,-0.152832,0.788574
0.270386,-0.023315,1.140869
0.140869,-0.405273,0.907715
-0.367432,0.159546,0.931274
0.529663,-0.245728,1.103882
-0.349487,-0.182251,0.804443
0.153809,0.053467,1.097778
0.241821,-0.422607,0.937744
-0.409912,0.099609,0.890381
0.534546,-0.188599,1.145996
-0.292236,-0.227661,0.796021
0.050659,0.136841,1.080811
0.320068,-0.406006,0.959961
-0.445801,0.022583,0.859253
0.510986,-0.169556,1.135742
-0.134277,-0.305542,0.832520
-0.047241,0.181030,1.073120
0.355103,-0.378052,0.971191
-0.469849,0.000488,0.828125
0.438110,-0.101440,1.159790
-0.076782,-0.345459,0.836548
-0.214966,0.210205,1.045044
0.405762,-0.323608,1.005249
-0.432861,-0.077271,0.804932
0.341919,-0.022217,1.150635
0.145386,-0.434326,0.921753
-0.285400,0.180420,1.005859
0.543213,-0.234741,1.138306
-0.372803,-0.117798,0.820190
0.234253,0.036133,1.127075
0.231323,-0.462280,0.947998
-0.342407,0.095459,0.935303
0.552368,-0.214478,1.152710
-0.309937,-0.188843,0.825439
0.130737,0.131592,1.111816
0.311768,-0.420410,0.980469
-0.403320,0.069336,0.898926
0.559692,-0.174683,1.176025
-0.219849,-0.247681,0.845093
0.024170,0.186523,1.101685
0.374756,-0.407959,0.995361
-0.442139,0.027954,0.864136
0.534668,-0.152954,1.172729
-0.097534,-0.277954,0.878052
-0.053467,0.216064,1.097656
0.420532,-0.351685,1.026611
-0.458374,-0.020630,0.830078
0.498901,-0.136475,1.177979
0.003906,-0.356201,0.877686
-0.146362,0.230225,1.070190
0.468506,-0.303467,1.064087
-0.447388,-0.065063,0.818359
0.435425,-0.079590,1.173584
0.052856,-0.359741,0.913330
-0.245239,0.221436,1.037476
0.519409,-0.267456,1.118286
-0.419434,-0.109985,0.800049
0.338135,-0.027954,1.152222
0.141357,-0.381226,0.938477
-0.303345,0.171021,0.974609
0.558228,-0.238892,1.147827
-0.346558,-0.166870,0.811768
0.214600,0.054565,1.121704
0.228760,-0.442139,0.952271
-0.359863,0.077393,0.914429
0.561646,-0.208984,1.162598
-0.285645,-0.216919,0.823608
0.110474,0.174927,1.122559
0.321289,-0.429199,0.981323
-0.425659,0.042114,0.878174
0.567261,-0.229370,1.169678
-0.207886,-0.284912,0.854126
0.026489,0.195435,1.105957
0.364746,-0.381714,0.988525
-0.431274,0.006714,0.856079
0.536255,-0.164795,1.188354
-0.091431,-0.321411,0.871094
-0.053101,0.200195,1.102417
0.400024,-0.357666,1.008667
-0.446289,-0.007935,0.848145
0.512329,-0.148193,1.177612
-0.011353,-0.344360,0.883423
-0.112427,0.199097,1.068237
0.449829,-0.299316,1.046875
-0.447510,-0.034424,0.828979
0.454224,-0.108276,1.169434
-0.001343,-0.365845,0.871216
-0.187256,0.207520,1.053833
0.506104,-0.307861,1.084717
-0.435425,-0.036987,0.823486
0.380127,-0.043091,1.167114
0.083130,-0.407715,0.907837
-0.269287,0.182617,1.021484
0.540894,-0.282837,1.134033
-0.397827,-0.109009,0.811157
0.300293,0.050293,1.167114
0.147339,-0.401978,0.920654
-0.305420,0.128296,0.977173
0.562744,-0.263916,1.148071
-0.362305,-0.165283,0.823120
0.218018,0.082886,1.133911
0.245117,-0.433350,0.943970
-0.368652,0.106445,0.917114
0.557861,-0.234985,1.134644
-0.288696,-0.180420,0.835083
0.144287,0.127563,1.127686
0.309082,-0.411865,0.977661
-0.425903,0.098511,0.890991
0.549683,-0.192017,1.147583
-0.246216,-0.272461,0.814819
0.061035,0.150635,1.114014
0.365601,-0.419678,0.993042
-0.445068,0.072754,0.866577
0.548584,-0.147217,1.171143
-0.146362,-0.266235,0.865112
-0.034912,0.180176,1.089111
0.385376,-0.401978,1.010498
-0.438477,-0.017212,0.848389
0.528809,-0.118652,1.188599
-0.055054,-0.302490,0.865845
-0.098511,0.235962,1.090332
0.440674,-0.376587,1.024414
-0.441040,-0.044800,0.848145
0.487671,-0.116943,1.182739
-0.022217,-0.337891,0.869995
-0.165405,0.231079,1.064697
0.481445,-0.311401,1.065063
-0.437012,-0.086426,0.813721
0.432251,-0.087158,1.179077
0.049072,-0.360962,0.906616
-0.228394,0.242310,1.036865
0.513306,-0.279541,1.096924
-0.412720,-0.102417,0.813232
0.343018,-0.050049,1.156250
0.113892,-0.392212,0.923218
-0.293945,0.189575,0.993652
0.556763,-0.268555,1.117310
-0.367920,-0.129517,0.823486
0.241089,0.037598,1.144775
0.205078,-0.442383,0.938965
-0.349487,0.107056,0.937988
0.572754,-0.245850,1.140503
-0.300903,-0.173218,0.845215
0.126099,0.157593,1.116455
0.293091,-0.412231,0.961182
-0.403442,0.044678,0.888184
0.560669,-0.227905,1.155640
-0.220581,-0.239136,0.863647
0.049561,0.196777,1.119873
0.346802,-0.386230,0.985474
-0.450562,0.026367,0.858765
0.528931,-0.182251,1.159302
-0.071167,-0.350586,0.871582
-0.040283,0.187988,1.096802
0.384155,-0.341553,0.999023
-0.472046,0.001953,0.828369
0.501953,-0.158936,1.174927
-0.017456,-0.376587,0.866943
-0.110352,0.204956,1.091309
0.435425,-0.297119,1.044312
-0.471680,-0.009399,0.819702
0.463135,-0.127319,1.169678
0.015015,-0.366455,0.886108
-0.210693,0.231079,1.057983
0.501953,-0.276001,1.098877
-0.436890,-0.046753,0.807129
0.379028,-0.064941,1.143555
0.081177,-0.383301,0.913574
-0.284912,0.171387,0.999023
0.539795,-0.268066,1.136719
-0.383423,-0.115845,0.811523
0.274658,0.023926,1.151489
0.183105,-0.434570,0.934326
-0.331909,0.109741,0.940674
0.538574,-0.231079,1.127319
-0.332764,-0.172485,0.818726
0.184692,0.092285,1.128540
0.275635,-0.431274,0.967529
-0.406860,0.102661,0.912964
0.545776,-0.194092,1.154175
-0.259888,-0.232300,0.824707
0.077026,0.153076,1.112915
0.331055,-0.411011,0.975220
-0.440918,0.042847,0.885986
0.553223,-0.204224,1.164551
-0.187500,-0.265381,0.856201
0.002441,0.189941,1.091797
0.365601,-0.364136,0.997314
-0.448853,0.013672,0.854370
0.534302,-0.186157,1.170288
-0.075562,-0.356934,0.853149
-0.060181,0.168579,1.077271
0.413330,-0.348511,1.017456
-0.474731,0.031250,0.836426
0.485596,-0.150879,1.165039
-0.038330,-0.393921,0.860718
-0.130127,0.172607,1.070801
0.456543,-0.341797,1.069336
-0.465332,-0.038818,0.827026
0.457153,-0.058716,1.188354
-0.000122,-0.302856,0.869507
-0.216187,0.236084,1.048950
0.486328,-0.304321,1.086426
-0.433105,-0.117065,0.806763
0.411255,-0.059570,1.173218
0.042603,-0.324341,0.885864
-0.294189,0.256470,1.012939
0.534058,-0.281372,1.110840
-0.389160,-0.168945,0.805176
0.316406,-0.025391,1.153320
0.129639,-0.378296,0.938721
-0.335327,0.183105,0.960205
0.538208,-0.275024,1.106567
-0.361694,-0.163696,0.811401
0.234009,0.039185,1.140503
0.218262,-0.409302,0.949219
-0.379761,0.129150,0.926514
0.553101,-0.238525,1.134888
-0.297363,-0.202759,0.836914
0.130615,0.137085,1.133057
0.288330,-0.436279,0.959473
-0.418579,0.092041,0.895752
0.541382,-0.196899,1.142212
-0.229614,-0.255615,0.845703
0.046753,0.163696,1.105957
0.338989,-0.411011,0.969482
-0.439209,0.043213,0.859131
0.532227,-0.156494,1.156860
-0.140137,-0.322021,0.846558
-0.022949,0.164307,1.090454
0.365479,-0.364014,0.999878
-0.447144,0.006348,0.858765
0.532104,-0.153320,1.172974
-0.070801,-0.355469,0.842529
-0.095093,0.189575,1.077148
0.413086,-0.338135,1.020874
-0.456787,-0.014893,0.836670
0.489746,-0.139648,1.173218
-0.043335,-0.362427,0.872070
-0.165161,0.188477,1.051880
0.460571,-0.318604,1.055054
-0.457642,-0.032471,0.820679
0.435303,-0.091431,1.169800
0.008057,-0.336304,0.885620
-0.223877,0.227051,1.047485
0.493164,-0.288574,1.071411
-0.460693,-0.061279,0.804321
0.385620,-0.093140,1.159424
0.061646,-0.373901,0.909790
-0.272949,0.197632,1.009155
0.515625,-0.265259,1.104858
-0.409546,-0.099976,0.795532
0.299438,-0.025391,1.144287
0.137695,-0.441162,0.923828
-0.319824,0.126831,0.958740
0.526978,-0.221069,1.140503
-0.366455,-0.170166,0.792358
0.215332,0.040405,1.119995
0.223145,-0.420776,0.937622
-0.381958,0.144043,0.926147
0.542725,-0.218018,1.130493
-0.304932,-0.229736,0.821533
0.123291,0.071655,1.098511
0.280151,-0.412964,0.962524
-0.435303,0.107666,0.878784
0.562866,-0.208374,1.147705
-0.223022,-0.246582,0.835571
0.013794,0.180664,1.097900
0.326538,-0.387085,0.964966
-0.430054,0.009399,0.855835
0.550659,-0.195312,1.168457
-0.127319,-0.309082,0.860352
-0.049316,0.165283,1.070923
0.365234,-0.343384,0.995972
-0.455688,-0.033813,0.814453
0.519043,-0.159912,1.174561
-0.058228,-0.337280,0.851807
-0.125366,0.217529,1.062378
0.422119,-0.346191,1.013428
-0.460938,-0.034424,0.825562
0.466309,-0.138428,1.158691
-0.036255,-0.339844,0.860229
-0.191040,0.202148,1.048340
0.466431,-0.304688,1.070312
-0.475220,-0.070312,0.797729
0.403076,-0.096436,1.155396
0.036133,-0.370361,0.893677
-0.248047,0.191895,1.013428
0.488159,-0.258179,1.090210
-0.426636,-0.110718,0.793213
0.315430,-0.032715,1.142578
0.124756,-0.400635,0.918091
-0.332153,0.149048,0.948242
0.532593,-0.249756,1.111938
-0.358032,-0.173950,0.794556
0.199097,0.054077,1.123047
0.209473,-0.449219,0.913208
-0.377441,0.104248,0.925903
0.547485,-0.214355,1.139771
-0.307007,-0.184692,0.806396
0.108643,0.129028,1.112061
0.271973,-0.439697,0.948730
-0.420898,0.022095,0.878174
0.553345,-0.196533,1.165161
-0.237549,-0.250000,0.830322
0.014282,0.197510,1.099487
0.315552,-0.365845,0.960327
-0.448120,-0.010742,0.844360
0.540161,-0.224976,1.158325
-0.125122,-0.341064,0.853516
-0.051880,0.159180,1.070312
0.361572,-0.349609,0.984009
-0.448730,-0.007202,0.822632
0.505615,-0.146118,1.162842
-0.064697,-0.347412,0.846558
-0.127808,0.180420,1.051636
0.411987,-0.307495,1.017822
-0.471558,-0.052612,0.810181
0.455322,-0.125610,1.167603
-0.016235,-0.353638,0.858643
-0.237427,0.221313,1.032471
0.472534,-0.303223,1.057617
-0.448364,-0.091187,0.802246
0.360352,-0.046753,1.165039
0.071167,-0.370605,0.890381
-0.300781,0.177734,0.976440
0.508179,-0.256836,1.105835
-0.390625,-0.145996,0.797607
0.241211,0.019409,1.128540
0.179321,-0.413452,0.914795
-0.390259,0.118042,0.914429
0.534668,-0.232910,1.121582
-0.316284,-0.209961,0.810791
0.097900,0.112183,1.091187
0.280396,-0.395630,0.953491
-0.442505,0.064209,0.869141
0.530640,-0.193848,1.135986
-0.174194,-0.293579,0.829590
-0.006714,0.168945,1.090576
0.338867,-0.364746,0.964600
-0.465942,-0.000610,0.831177
0.501953,-0.163818,1.155518
-0.082397,-0.348999,0.841919
-0.114014,0.175659,1.059570
0.411865,-0.324341,1.023926
-0.495361,-0.020020,0.800415
0.435669,-0.122437,1.151611
-0.028198,-0.359131,0.865845
-0.214478,0.189209,1.035278
0.466553,-0.294312,1.062012
-0.465942,-0.059692,0.795654
0.342773,-0.055542,1.130493
0.070801,-0.401733,0.895752
-0.308838,0.149902,0.970093
0.512573,-0.268555,1.105469
-0.396240,-0.129639,0.781372
0.225708,0.065552,1.131958
0.159180,-0.407471,0.904785
-0.375732,0.106201,0.924194
0.540161,-0.265869,1.123291
-0.344482,-0.191895,0.800781
0.124146,0.143433,1.112915
0.241699,-0.394531,0.925659
-0.428467,0.055054,0.886475
0.541748,-0.258057,1.125122
-0.280884,-0.277222,0.801514
0.034180,0.145264,1.076172
0.309692,-0.387451,0.943726
-0.455322,0.033691,0.854492
0.542969,-0.213745,1.156494
-0.151733,-0.338989,0.817993
-0.048706,0.139771,1.052124
0.350220,-0.355103,0.979248
-0.467163,-0.011353,0.822632
0.495239,-0.144409,1.155396
-0.087280,-0.333008,0.821289
-0.133301,0.186646,1.042847
0.417236,-0.332275,1.015381
-0.487915,-0.025513,0.802979
0.445190,-0.138550,1.138916
-0.044556,-0.354980,0.852295
-0.226685,0.192871,1.023315
0.454590,-0.310425,1.049805
-0.466064,-0.077271,0.790649
0.382568,-0.064819,1.146362
0.007568,-0.353760,0.861572
-0.287231,0.188721,0.979126
0.485229,-0.293945,1.074219
-0.433350,-0.140015,0.776245
0.298950,-0.035034,1.133911
0.087769,-0.381470,0.879272
-0.359131,0.154297,0.927612
0.543213,-0.270020,1.112915
-0.389648,-0.152710,0.789795
0.172852,0.061646,1.104004
0.194458,-0.420532,0.919556
-0.397461,0.109497,0.899414
0.523193,-0.229858,1.111328
-0.336792,-0.203857,0.797485
0.086426,0.088501,1.081543
0.272827,-0.408325,0.941284
-0.430664,0.044434,0.866089
0.521484,-0.199219,1.127563
-0.234131,-0.264771,0.811890
-0.020386,0.140503,1.059326
0.329834,-0.393311,0.956421
-0.456299,0.002930,0.830688
0.507080,-0.170410,1.136719
-0.137085,-0.282471,0.811646
-0.106323,0.162476,1.033203
0.376709,-0.337524,0.987793
-0.479614,-0.070312,0.792603
0.461548,-0.140869,1.151367
-0.074219,-0.336060,0.817993
-0.205933,0.198486,1.021362
0.443115,-0.324341,1.029053
-0.484497,-0.080933,0.789795
0.390625,-0.097656,1.137695
-0.011108,-0.336792,0.856079
-0.295898,0.215088,0.979736
0.501953,-0.292480,1.072876
-0.437744,-0.159180,0.760620
0.268677,-0.020264,1.114258
0.093750,-0.374878,0.882812
-0.376953,0.143311,0.919312
0.521973,-0.265381,1.101196
-0.369507,-0.204712,0.789185
0.140381,0.085571,1.094971
0.201050,-0.416016,0.910889
-0.447144,0.076660,0.859741
0.524048,-0.225464,1.129272
-0.278931,-0.261353,0.792725
0.034180,0.156738,1.084473
0.283936,-0.396484,0.921875
-0.465576,0.031738,0.837769
0.495728,-0.189697,1.124512
-0.151123,-0.327759,0.810669
-0.053833,0.157959,1.053223
0.338013,-0.359741,0.950317
-0.509644,0.001221,0.797974
0.478027,-0.181274,1.137817
-0.090332,-0.357300,0.812866
-0.165771,0.180908,1.030151
0.397217,-0.320435,1.005005
-0.504883,-0.021118,0.791382
0.411011,-0.150391,1.127319
-0.027954,-0.388306,0.846069
-0.267090,0.209351,1.004883
0.451904,-0.302246,1.031006
-0.487549,-0.021851,0.780029
0.322754,-0.073853,1.114136
0.060059,-0.395020,0.878296
-0.349243,0.176636,0.950439
0.503296,-0.281738,1.078735
-0.421021,-0.123291,0.770020
0.205444,0.040894,1.104248
0.145630,-0.413940,0.896729
-0.413818,0.134888,0.913330
0.517456,-0.256348,1.099609
-0.356567,-0.171509,0.782715
0.092651,0.121338,1.073730
0.224487,-0.393921,0.920288
-0.464355,0.040039,0.851318
0.514404,-0.231201,1.111572
-0.247925,-0.291016,0.790283
0.003784,0.162598,1.073975
0.276245,-0.380249,0.904907
-0.480591,0.040405,0.833618
0.509155,-0.231079,1.111572
-0.156860,-0.329834,0.814087
-0.078125,0.121826,1.025513
0.328125,-0.335815,0.958740
-0.510376,0.013794,0.785645
0.482178,-0.167603,1.140259
-0.100098,-0.337891,0.827026
-0.194214,0.178589,1.020752
0.402100,-0.341797,0.996216
-0.511963,-0.012207,0.774780
0.411255,-0.127563,1.125122
-0.046631,-0.344116,0.847778
-0.284180,0.197632,0.982544
0.455811,-0.302979,1.048340
-0.481812,-0.076294,0.761108
0.311523,-0.048218,1.117554
0.028809,-0.379639,0.854858
-0.351318,0.163208,0.947266
0.486206,-0.290405,1.062134
-0.439575,-0.136353,0.755615
0.216797,0.020142,1.103271
0.131714,-0.403809,0.888794
-0.428467,0.129395,0.884033
0.504395,-0.264038,1.087769
-0.388428,-0.184082,0.759766
0.117676,0.065186,1.086792
0.204102,-0.408691,0.901001
-0.457275,0.105835,0.867920
0.512451,-0.222290,1.095947
-0.316650,-0.248535,0.774658
0.016968,0.130737,1.069458
0.290405,-0.402100,0.931152
-0.499268,0.044189,0.821289
0.484619,-0.191162,1.097900
-0.182617,-0.303833,0.798584
-0.068848,0.153931,1.037598
0.328979,-0.375732,0.949219
-0.496948,-0.028442,0.794067
0.456787,-0.162720,1.123901
-0.142700,-0.315186,0.783813
-0.189697,0.192261,1.012207
0.411011,-0.336548,0.998169
-0.521118,-0.048706,0.784790
0.387329,-0.146118,1.104980
-0.068604,-0.353027,0.826660
-0.276855,0.177246,0.955444
0.440308,-0.290649,1.025635
-0.471680,-0.072266,0.753052
0.295776,-0.050293,1.104370
0.017944,-0.369873,0.862427
-0.371338,0.139648,0.921631
0.484009,-0.286743,1.063232
-0.415771,-0.145386,0.756470
0.177124,0.065552,1.107300
0.140991,-0.418213,0.879761
-0.459595,0.116943,0.866089
0.492188,-0.234619,1.077759
-0.343750,-0.246948,0.769775
0.062500,0.110352,1.072754
0.236572,-0.409302,0.901123
-0.489380,0.067505,0.830322
0.474854,-0.217407,1.090088
-0.229248,-0.300171,0.785034
-0.027344,0.127563,1.035278
0.306763,-0.386230,0.931519
-0.516968,0.036621,0.807617
0.476074,-0.205200,1.095947
-0.153442,-0.314453,0.788452
-0.149170,0.162720,1.014404
0.352295,-0.334717,0.971069
-0.511475,-0.063599,0.769653
0.431885,-0.171631,1.117676
-0.122925,-0.334351,0.789062
-0.236450,0.212036,1.011841
0.412964,-0.301392,1.004517
-0.522949,-0.019897,0.767334
0.338501,-0.134277,1.078247
-0.020996,-0.412720,0.830322
-0.302124,0.137085,0.939453
0.440674,-0.292358,1.037476
-0.497314,-0.037720,0.756714
0.245361,-0.003174,1.090210
0.082153,-0.395630,0.861816
-0.398193,0.139038,0.920044
0.456665,-0.268799,1.061768
-0.429932,-0.129028,0.750488
0.154663,0.089355,1.084106
0.145142,-0.376831,0.901611
-0.458862,0.104004,0.875854
0.486572,-0.265137,1.064941
-0.384033,-0.201172,0.750366
0.053589,0.143921,1.060669
0.218872,-0.398682,0.893555
-0.493286,0.067993,0.844116
0.484497,-0.238037,1.085205
-0.276367,-0.267334,0.774170
-0.009277,0.140625,1.039795
0.251831,-0.373657,0.897827
-0.516479,0.026978,0.804565
0.490845,-0.253174,1.094238
-0.209351,-0.319092,0.776733
-0.094849,0.150024,1.020752
0.315430,-0.374268,0.918945
-0.515503,0.022827,0.794800
0.447510,-0.210693,1.078369
-0.168823,-0.349487,0.777100
-0.171753,0.133789,0.978027
0.362549,-0.358521,0.959961
-0.531738,-0.010254,0.775269
0.413574,-0.149048,1.095093
-0.134766,-0.352051,0.771606
-0.250366,0.179565,0.975830
0.409668,-0.330811,0.995483
-0.536377,-0.031982,0.750000
0.360107,-0.086548,1.117920
-0.090576,-0.342651,0.817993
-0.303223,0.167603,0.951294
0.434326,-0.332886,1.021729
-0.519165,-0.055664,0.745728
0.304443,-0.063232,1.105347
-0.027832,-0.368042,0.830811
-0.366943,0.164307,0.918579
0.454834,-0.298096,1.045532
-0.464355,-0.090942,0.740601
0.221680,0.008789,1.089600
0.036133,-0.386108,0.842773
-0.413574,0.145386,0.910522
0.474487,-0.299927,1.040649
-0.442627,-0.132812,0.758789
0.130493,0.095093,1.072144
0.122681,-0.373413,0.871582
-0.467651,0.102783,0.856812
0.500488,-0.270142,1.070068
-0.386230,-0.201294,0.765015
0.037231,0.137695,1.053223
0.180542,-0.402710,0.864380
-0.488281,0.055298,0.828491
0.501099,-0.259277,1.076538
-0.286377,-0.252686,0.786255
-0.035767,0.141846,1.018799
0.246826,-0.384033,0.896484
-0.533691,0.030640,0.789062
0.466797,-0.225830,1.075684
-0.196655,-0.342529,0.765625
-0.090698,0.173828,1.025024
0.294800,-0.374878,0.897583
-0.545898,0.021973,0.765259
0.434082,-0.199097,1.067017
-0.157349,-0.366211,0.756958
-0.193237,0.169434,0.979736
0.348145,-0.354492,0.945923
-0.551514,-0.006348,0.756592
0.403564,-0.151611,1.094116
-0.126343,-0.335571,0.790283
-0.270630,0.179077,0.973145
0.401489,-0.364380,0.981201
-0.551514,-0.029175,0.749756
0.325073,-0.109009,1.079468
-0.066895,-0.371094,0.800293
-0.327148,0.179810,0.931274
0.426025,-0.303955,1.007568
-0.516235,-0.086182,0.727905
0.254517,-0.071533,1.067749
0.018799,-0.398926,0.831421
-0.418823,0.186523,0.896973
0.448975,-0.282227,1.023804
-0.464233,-0.125732,0.752930
0.151245,0.023193,1.055420
0.114380,-0.410034,0.856079
-0.496582,0.150391,0.854370
0.454956,-0.244019,1.043579
-0.384033,-0.217285,0.745239
0.041260,0.084839,1.038086
0.198242,-0.393677,0.887329
-0.525146,0.067749,0.820557
0.462646,-0.230103,1.060791
-0.257812,-0.292114,0.740967
-0.088501,0.148071,1.008911
0.299927,-0.380371,0.919800
-0.531860,0.022461,0.792114
0.422607,-0.170776,1.079712
-0.196655,-0.348511,0.734985
-0.203491,0.160645,0.975220
0.365356,-0.351562,0.956787
-0.548828,-0.015991,0.767212
0.358398,-0.135864,1.084106
-0.118774,-0.356567,0.775513
-0.321655,0.174438,0.933228
0.410400,-0.304932,0.991455
-0.508423,-0.078369,0.742798
0.246094,-0.041748,1.075684
-0.002930,-0.408691,0.812134
-0.439697,0.171509,0.894287
0.449219,-0.282227,1.026611
-0.459106,-0.162231,0.732422
0.127686,0.067871,1.061157
0.125732,-0.397583,0.849365
-0.508057,0.119141,0.836548
0.463257,-0.263062,1.043091
-0.324341,-0.262085,0.759399
0.016479,0.096680,1.027710
0.203491,-0.372559,0.879639
-0.550171,0.056885,0.787476
0.446777,-0.238403,1.054077
-0.229004,-0.341797,0.728271
-0.101807,0.135986,1.001831
0.305908,-0.384766,0.914062
-0.573975,0.032227,0.770752
0.407837,-0.201172,1.056030
-0.173706,-0.378296,0.731323
-0.236816,0.164795,0.958252
0.364380,-0.334595,0.962891
-0.551514,-0.029419,0.754150
0.355835,-0.125977,1.073242
-0.118652,-0.369751,0.762329
-0.350464,0.177124,0.913940
0.416504,-0.333130,0.997192
-0.496582,-0.101929,0.737915
0.262817,-0.020996,1.074951
-0.024902,-0.350830,0.801758
-0.447876,0.202271,0.893799
0.443359,-0.330322,1.003052
-0.478638,-0.189331,0.729980
0.142090,-0.003418,1.034424
0.091919,-0.386108,0.845459
-0.498779,0.180908,0.840942
0.502319,-0.150146,1.130737
-0.371094,-0.208618,0.776123
-0.064941,0.121094,1.046875
0.196777,-0.442627,0.866699
-0.484497,-0.037964,0.800903
0.468384,-0.108398,1.134766
-0.125732,-0.287964,0.796753
-0.198486,0.206299,1.018433
0.423462,-0.365479,1.003906
-0.484985,-0.104736,0.776611
0.379883,-0.099487,1.121094
-0.031128,-0.336548,0.827271
-0.303467,0.223511,0.982422
0.480347,-0.315674,1.047974
-0.457642,-0.136963,0.762695
0.266724,-0.054077,1.094849
0.081543,-0.375610,0.880737
-0.385864,0.166382,0.902832
0.491699,-0.238525,1.076538
-0.386475,-0.182617,0.775757
0.143799,0.040283,1.085327
0.198853,-0.417603,0.910889
-0.460327,0.120850,0.881226
0.505981,-0.217896,1.098389
-0.287231,-0.258545,0.785889
0.009521,0.112671,1.061523
0.278076,-0.385132,0.932129
-0.486572,0.039917,0.818970
0.506592,-0.205322,1.118652
-0.164673,-0.316772,0.796387
-0.103271,0.158569,1.039551
0.343262,-0.359985,0.955444
-0.503906,-0.016724,0.781982
0.453613,-0.158081,1.130615
-0.113159,-0.333374,0.812988
-0.219604,0.180908,1.013794
0.422119,-0.325195,1.016602
-0.509888,-0.053223,0.768311
0.349731,-0.062866,1.124634
-0.026367,-0.351685,0.833618
-0.321533,0.179688,0.967163
0.480347,-0.323730,1.052856
-0.454346,-0.113037,0.771606
0.234863,0.019897,1.105835
0.095093,-0.377563,0.869141
-0.425049,0.147705,0.901855
0.508789,-0.290527,1.079712
-0.369873,-0.216431,0.771484
0.112183,0.092773,1.068726
0.193848,-0.384766,0.899780
-0.474854,0.066772,0.844238
0.506714,-0.252319,1.095581
-0.250610,-0.307251,0.793945
-0.014771,0.102539,1.028320
0.264404,-0.347046,0.927246
-0.496704,0.028687,0.800171
0.483154,-0.204468,1.108765
-0.161865,-0.351929,0.804321
-0.107300,0.118408,1.016846
0.340698,-0.365601,0.956787
-0.518799,0.002563,0.777466
0.449341,-0.126587,1.132080
-0.119263,-0.307739,0.799072
-0.232544,0.196899,1.006714
0.413940,-0.358276,1.007690
-0.504883,-0.072021,0.778076
0.367188,-0.093750,1.115234
-0.067261,-0.331421,0.812622
-0.311890,0.181763,0.950562
0.460938,-0.320312,1.031128
-0.463257,-0.106567,0.757446
0.286987,-0.057983,1.100220
0.022949,-0.361938,0.843384
-0.382935,0.158569,0.912231
0.487427,-0.283447,1.055542
-0.440674,-0.132446,0.771362
0.176758,-0.001099,1.071899
0.136353,-0.415894,0.878418
-0.440918,0.145874,0.884521
0.488770,-0.217773,1.068604
-0.375732,-0.189087,0.770752
0.060181,0.113525,1.063354
0.227661,-0.405762,0.910645
-0.472778,0.059937,0.855225
0.488525,-0.220093,1.090820
-0.259277,-0.271606,0.769775
-0.031738,0.114014,1.022339
0.290039,-0.377197,0.920654
-0.510254,0.002319,0.785522
0.476685,-0.177490,1.118652
-0.179932,-0.353760,0.759277
-0.144409,0.145874,0.998291
0.355957,-0.380493,0.944702
-0.526855,0.006714,0.786255
0.410767,-0.136353,1.103027
-0.122192,-0.312988,0.796265
-0.234619,0.181641,0.998901
0.415649,-0.348267,1.000244
-0.536743,-0.046265,0.759155
0.333618,-0.092285,1.086548
-0.043091,-0.328003,0.821533
-0.312378,0.182129,0.944336
0.453003,-0.273560,1.047729
-0.482056,-0.112061,0.755249
0.237061,-0.039062,1.083130
0.053467,-0.408081,0.847290
-0.397827,0.170288,0.893555
0.468750,-0.250122,1.053345
-0.422974,-0.160278,0.778687
0.133057,0.018921,1.057251
0.140503,-0.402222,0.884644
-0.455200,0.118286,0.850464
0.489990,-0.218506,1.084961
-0.368652,-0.196655,0.778320
0.019287,0.074341,1.037964
0.241943,-0.438232,0.899170
-0.492676,0.043945,0.794189
0.480835,-0.180420,1.098755
-0.230591,-0.269653,0.787964
-0.087891,0.139771,1.014160
0.295044,-0.401367,0.920776
-0.507812,0.009033,0.793701
0.467285,-0.190796,1.101807
-0.177490,-0.321045,0.773315
-0.163940,0.176636,1.007690
0.355713,-0.343750,0.962769
-0.553955,-0.006836,0.765015
0.410767,-0.179565,1.088257
-0.099731,-0.345093,0.803955
-0.274048,0.184448,0.968506
0.404175,-0.303223,0.999634
-0.546875,-0.042480,0.738647
0.331177,-0.125366,1.078003
-0.033691,-0.400757,0.814209
-0.357300,0.172119,0.923218
0.444702,-0.280640,1.040527
-0.463867,-0.103149,0.736938
0.211548,0.000366,1.079224
0.042725,-0.403076,0.832520
-0.411133,0.131714,0.904053
0.465698,-0.274292,1.041626
-0.445068,-0.139160,0.748901
0.125122,0.091675,1.068237
0.147217,-0.396973,0.867798
-0.480225,0.109497,0.853149
0.481201,-0.278320,1.048218
-0.357544,-0.218872,0.769897
0.030151,0.151489,1.056763
0.206909,-0.384766,0.876465
-0.517456,0.059570,0.819702
0.486084,-0.265503,1.067627
-0.252808,-0.328491,0.761963
-0.045654,0.135376,1.020752
0.262207,-0.390137,0.897217
-0.536621,0.050049,0.781006
0.438965,-0.211792,1.037231
-0.178223,-0.328735,0.776245
-0.117554,0.151367,1.013184
0.314453,-0.377686,0.912476
-0.556885,-0.000977,0.758545
0.429443,-0.158203,1.089844
-0.139160,-0.338379,0.774170
-0.240479,0.197754,0.977783
0.373413,-0.368164,0.958374
-0.536621,-0.035522,0.767944
0.352905,-0.133545,1.080444
-0.092773,-0.343994,0.789551
-0.314575,0.177979,0.937256
0.425171,-0.319824,1.009033
-0.524048,-0.037231,0.755127
0.260376,-0.071289,1.072266
0.004517,-0.395386,0.827148
-0.414917,0.166626,0.892456
0.440918,-0.274902,1.035522
-0.452881,-0.136841,0.753906
0.150879,0.042969,1.054810
0.107544,-0.387817,0.865845
-0.499756,0.133423,0.841431
0.490967,-0.278564,1.066162
-0.372314,-0.203613,0.756592
0.025635,0.125610,1.048584
0.202881,-0.394043,0.864990
-0.525635,0.074219,0.811890
0.486328,-0.258301,1.058228
-0.235352,-0.307861,0.764526
-0.072144,0.126099,1.000732
0.271118,-0.371094,0.894653
-0.555664,0.042603,0.767700
0.456421,-0.227417,1.069336
-0.183105,-0.356689,0.744873
-0.167114,0.140137,0.987915
0.335571,-0.349243,0.934814
-0.575439,0.007202,0.760010
0.405884,-0.208496,1.058350
-0.130249,-0.367920,0.780029
-0.268555,0.170532,0.941162
0.377075,-0.322510,0.975220
-0.538696,-0.043701,0.746582
0.342041,-0.124023,1.084473
-0.096313,-0.348389,0.798218
-0.339844,0.155151,0.919556
0.422852,-0.338257,0.986816
-0.513550,-0.082642,0.729614
0.259521,-0.026978,1.075317
-0.011108,-0.359009,0.830811
-0.417480,0.199707,0.916138
0.443970,-0.319092,1.013794
-0.492432,-0.110474,0.733765
0.196411,0.019653,1.067261
0.060181,-0.388306,0.840454
-0.467773,0.158325,0.873169
0.452759,-0.298950,1.030273
-0.453735,-0.178223,0.735474
0.119385,0.048218,1.043457
0.132568,-0.384399,0.863525
-0.518066,0.128418,0.832397
0.469238,-0.260986,1.044189
-0.366577,-0.239502,0.744507
0.039795,0.075439,1.037598
0.199341,-0.407471,0.873413
-0.533325,0.132446,0.836060
0.452515,-0.229614,1.042969
-0.293579,-0.254395,0.751221
-0.027100,0.079834,1.010254
0.260986,-0.414673,0.895508
-0.556396,0.066772,0.789429
0.444458,-0.179321,1.060791
-0.237427,-0.276367,0.750732
-0.121338,0.134399,1.004395
0.302856,-0.429688,0.909912
-0.556641,0.016724,0.765259
0.433350,-0.175293,1.072388
-0.178345,-0.316284,0.745972
-0.237061,0.198364,0.972534
0.364258,-0.352417,0.956421
-0.543823,-0.031128,0.756836
0.369995,-0.152954,1.065186
-0.150269,-0.339844,0.760254
-0.299438,0.172119,0.938721
0.403931,-0.327393,0.990479
-0.549316,-0.056763,0.734009
0.295288,-0.108643,1.063354
-0.054077,-0.380981,0.782959
-0.391479,0.192993,0.890015
0.422974,-0.279175,0.996216
-0.486694,-0.079102,0.761230
0.185791,-0.031128,1.056763
0.055908,-0.426025,0.830566
-0.482422,0.167847,0.861816
0.438477,-0.258789,1.028076
-0.425415,-0.213257,0.730591
0.056885,0.098999,1.043457
0.162598,-0.399048,0.867920
-0.528442,0.094849,0.818970
0.446411,-0.215942,1.055420
-0.294800,-0.270508,0.738403
-0.035645,0.118896,1.013428
0.245361,-0.401123,0.887207
-0.562256,0.046753,0.773071
0.442017,-0.191528,1.061157
-0.211426,-0.326050,0.729980
-0.156372,0.145508,0.985718
0.317139,-0.347778,0.923706
-0.590698,0.015503,0.748291
0.390991,-0.194702,1.057373
-0.139038,-0.389893,0.750000
-0.281006,0.163818,0.933960
0.370361,-0.306763,0.966187
-0.558716,-0.014404,0.747192
0.285156,-0.108765,1.047729
-0.051636,-0.396118,0.799438
-0.384644,0.165161,0.896973
0.405762,-0.301147,0.991821
-0.499023,-0.056396,0.732910
0.183594,0.009888,1.045410
0.046387,-0.393433,0.830078
-0.477051,0.162842,0.864746
0.427368,-0.277100,1.002930
-0.449097,-0.164795,0.727173
0.093384,0.081299,1.048096
0.122559,-0.392456,0.846558
-0.523193,0.093140,0.812012
0.453735,-0.236694,1.049561
-0.327637,-0.268433,0.732422
-0.018433,0.128540,1.012085
0.218506,-0.418091,0.860596
-0.554199,0.104980,0.796631
0.437744,-0.218506,1.017944
-0.264648,-0.255127,0.747559
-0.094604,0.116333,0.996460
0.288330,-0.407104,0.910278
-0.575073,0.047852,0.762207
0.401733,-0.154419,1.052734
-0.207153,-0.331055,0.710815
-0.221924,0.190552,0.984009
0.347900,-0.388428,0.930908
-0.573730,0.005493,0.751587
0.368042,-0.148804,1.051636
-0.139282,-0.348267,0.757812
-0.309570,0.181885,0.928833
0.386230,-0.341919,0.964355
-0.541870,-0.023560,0.751465
0.276367,-0.095215,1.050293
-0.076294,-0.395752,0.770142
-0.379761,0.166016,0.892700
0.415771,-0.307007,0.980225
-0.516724,-0.055054,0.732300
0.172974,0.002197,1.034912
0.031738,-0.407227,0.820801
-0.468384,0.142212,0.856445
0.432495,-0.273193,1.013428
-0.459473,-0.160156,0.715454
0.084717,0.086426,1.036865
0.130249,-0.390137,0.848633
-0.524658,0.125732,0.835205
0.437378,-0.231567,1.029297
-0.359253,-0.227905,0.736206
-0.015869,0.134277,1.024902
0.210327,-0.430176,0.869263
-0.564697,0.076416,0.799805
0.433838,-0.206665,1.036377
-0.273315,-0.279663,0.714355
-0.099731,0.149170,0.988892
0.292847,-0.363525,0.912231
-0.589233,0.049194,0.755859
0.407593,-0.199951,1.046021
-0.197266,-0.366089,0.722168
-0.239014,0.179443,0.957153
0.340332,-0.326904,0.941162
-0.575195,-0.009399,0.741821
0.331177,-0.141602,1.049072
-0.132324,-0.399048,0.730103
-0.316040,0.169800,0.922852
0.389771,-0.308472,0.973999
-0.564331,-0.003540,0.731201
0.220215,-0.063232,1.028442
0.000854,-0.426758,0.798706
-0.431396,0.164307,0.881470
0.403076,-0.242920,0.998413
-0.477295,-0.120850,0.713379
0.105103,0.077759,1.024780
0.111328,-0.402832,0.849121
-0.535522,0.142456,0.836182
0.426147,-0.248901,1.015137
-0.362061,-0.233521,0.719604
-0.005981,0.123657,1.007935
0.194946,-0.389771,0.861572
-0.572998,0.081665,0.784912
0.449585,-0.247925,1.031372
-0.254028,-0.329956,0.712769
-0.122925,0.165039,0.972046
0.257812,-0.345703,0.891357
-0.562378,0.010498,0.757690
0.419189,-0.209473,1.053345
-0.177979,-0.373657,0.732300
-0.253052,0.186890,0.938599
0.322510,-0.355103,0.907349
-0.566895,0.008301,0.751709
0.353027,-0.156616,1.042847
-0.121216,-0.382690,0.756836
-0.333618,0.174805,0.891479
0.372437,-0.301392,0.952759
-0.543579,-0.029785,0.720703
0.255737,-0.081909,1.036499
-0.049927,-0.367310,0.801514
-0.423828,0.180054,0.883057
0.387329,-0.287476,0.985474
-0.526123,-0.097412,0.713013
0.178223,-0.023682,1.028442
0.048096,-0.419800,0.812012
-0.506470,0.207886,0.867554
0.425049,-0.237671,1.023560
-0.452515,-0.162476,0.735352
0.068848,0.054810,1.022217
0.120117,-0.438354,0.831421
-0.548462,0.132690,0.809082
0.454590,-0.225586,1.041260
-0.339966,-0.209961,0.755493
-0.050171,0.162598,1.015869
0.211060,-0.428711,0.855713
-0.550171,0.056396,0.796997
0.417847,-0.185303,1.042114
-0.271973,-0.268066,0.728638
-0.135620,0.166870,0.973877
0.301514,-0.436401,0.890625
-0.576538,0.022339,0.764648
0.394409,-0.156860,1.050903
-0.200806,-0.317505,0.729736
-0.236084,0.178467,0.960327
0.342651,-0.371216,0.931030
-0.592651,-0.013062,0.752197
0.350342,-0.148682,1.038452
-0.145020,-0.341187,0.746094
-0.332520,0.173462,0.898560
0.376587,-0.315186,0.956909
-0.553101,-0.057007,0.723877
0.259644,-0.092407,1.045044
-0.077759,-0.387329,0.773438
-0.414917,0.173828,0.874268
0.417969,-0.301392,0.982056
-0.531616,-0.084717,0.704956
0.157104,0.006348,1.029663
0.044067,-0.411621,0.813843
-0.497437,0.170532,0.860107
0.426514,-0.262207,1.008789
-0.465210,-0.134644,0.734131
0.049683,0.108032,1.017578
0.144775,-0.413452,0.839111
-0.549316,0.135132,0.823120
0.428345,-0.218262,1.025391
-0.343628,-0.230713,0.731812
-0.019043,0.119019,1.001831
0.194336,-0.393921,0.856812
-0.585327,0.087524,0.776245
0.448120,-0.218994,1.052246
-0.260620,-0.324219,0.717163
-0.134644,0.162598,0.966675
0.269165,-0.372803,0.893799
-0.591675,0.039795,0.760620
0.406982,-0.221313,1.033325
-0.192017,-0.376221,0.727783
-0.220337,0.155396,0.941528
0.318237,-0.340454,0.908447
-0.578735,0.054077,0.734131
0.351807,-0.151733,1.037109
-0.148438,-0.375244,0.747437
-0.309326,0.142578,0.906982
0.366455,-0.348877,0.943848
-0.572876,0.003906,0.729248
0.283569,-0.085938,1.024170
-0.094482,-0.350464,0.764282
-0.382812,0.164673,0.888916
0.397095,-0.332031,0.957642
-0.545288,-0.083008,0.702759
0.223145,-0.037354,1.033691
-0.035645,-0.369019,0.793823
-0.460693,0.211182,0.876831
0.414917,-0.281738,0.994263
-0.499146,-0.115112,0.727661
0.121338,0.036621,1.025024
0.054932,-0.418823,0.803711
-0.512085,0.162598,0.838745
0.428223,-0.236938,1.017822
-0.427734,-0.156982,0.739258
0.011963,0.116943,1.021729
0.154297,-0.455444,0.834839
-0.551758,0.100830,0.801880
0.437866,-0.188843,1.037964
-0.332153,-0.204102,0.741577
-0.090088,0.164673,0.994141
0.256714,-0.426147,0.885498
-0.574341,0.036865,0.765015
0.404541,-0.177979,1.039307
-0.244141,-0.290649,0.712891
-0.190918,0.173828,0.955322
0.331055,-0.357056,0.920410
-0.590698,0.018677,0.747559
0.351807,-0.156372,1.039551
-0.168091,-0.377441,0.729248
-0.301392,0.167358,0.914551
0.367920,-0.330078,0.946289
-0.589844,0.000488,0.722900
0.271973,-0.104614,1.026733
-0.073364,-0.399780,0.769043
-0.415405,0.180176,0.882812
0.399414,-0.294312,0.979248
-0.523315,-0.105591,0.696289
0.150513,0.041382,1.020996
0.032715,-0.393799,0.805176
-0.507812,0.165039,0.844116
0.418823,-0.298462,0.979858
-0.439087,-0.183228,0.715088
0.054443,0.106201,1.018311
0.134033,-0.377563,0.838867
-0.572021,0.127197,0.779907
0.427856,-0.262573,1.004150
-0.316406,-0.286499,0.727173
-0.044434,0.091675,0.986938
0.229980,-0.408691,0.866943
-0.598877,0.130371,0.783325
0.405884,-0.183960,1.029419
-0.238159,-0.329834,0.718628
-0.165894,0.140503,0.965820
0.305298,-0.411011,0.899048
-0.596191,0.046387,0.754028
0.382202,-0.151855,1.038086
-0.182251,-0.333130,0.733276
-0.291870,0.195190,0.928345
0.358154,-0.349976,0.929443
-0.573486,-0.024780,0.728760
0.312500,-0.113403,1.037964
-0.124756,-0.391357,0.733032
-0.372925,0.183838,0.885010
0.387207,-0.301636,0.965210
-0.545166,-0.060913,0.712402
0.219849,-0.033569,1.031372
-0.035278,-0.406616,0.787842
-0.460938,0.192993,0.866577
0.409546,-0.277588,0.981445
-0.508423,-0.090942,0.714600
0.120850,0.066284,1.044312
0.058350,-0.429932,0.808716
-0.533447,0.184082,0.833130
0.418579,-0.246582,0.991455
-0.402954,-0.144653,0.750732
0.016724,0.104858,1.015015
0.157959,-0.413086,0.848999
-0.573853,0.108521,0.790039
0.423950,-0.216919,1.016113
-0.301636,-0.275269,0.710083
-0.081543,0.154419,0.994629
0.253784,-0.403931,0.876221
-0.594971,0.067505,0.756104
0.392212,-0.164673,1.032959
-0.210693,-0.345703,0.699707
-0.191895,0.168701,0.958740
0.312866,-0.350586,0.917847
-0.593140,0.021240,0.748779
0.345093,-0.140381,1.037231
-0.177246,-0.386353,0.710938
-0.299316,0.156006,0.890869
0.375732,-0.346680,0.947632
-0.593262,0.034790,0.724854
0.259277,-0.082642,1.027222
-0.066650,-0.388184,0.771118
-0.419189,0.176514,0.875854
0.397949,-0.294922,0.975098
-0.524902,-0.053101,0.705078
0.117065,0.075684,1.011108
0.054810,-0.370605,0.818237
-0.516357,0.120483,0.842896
0.418335,-0.278442,1.016113
-0.411011,-0.188110,0.705566
0.031128,0.161621,1.020264
0.137939,-0.304443,0.859741
-0.587280,0.113525,0.802002
0.431030,-0.310547,1.001343
-0.291748,-0.349854,0.706543
-0.054810,0.128906,0.981201
0.209595,-0.335693,0.851807
-0.618530,0.148315,0.771606
0.418945,-0.245483,1.013184
-0.213135,-0.399170,0.715576
-0.186768,0.122070,0.945679
0.286133,-0.366943,0.897339
-0.588135,0.047974,0.719360
0.373901,-0.114014,1.039917
-0.178711,-0.300781,0.731323
-0.283936,0.187256,0.936035
0.354614,-0.382324,0.923340
-0.588013,-0.024170,0.731567
0.304443,-0.096924,1.038208
-0.137573,-0.372314,0.729980
-0.372803,0.200928,0.873413
0.391113,-0.302246,0.966187
-0.547363,-0.038696,0.725342
0.226929,-0.043579,1.031128
-0.048584,-0.401489,0.789429
-0.458496,0.197388,0.874146
0.405762,-0.300659,0.961182
-0.509277,-0.070801,0.701172
0.113037,0.085815,1.008301
0.067627,-0.374756,0.822266
-0.525757,0.172119,0.844238
0.417358,-0.269165,0.995728
-0.441284,-0.139893,0.729858
0.049805,0.109863,1.023193
0.157837,-0.421387,0.846436
-0.594360,0.181152,0.812012
0.410767,-0.217529,1.000977
-0.329102,-0.240601,0.732788
-0.049561,0.145752,0.995117
0.212524,-0.401123,0.861694
-0.587891,0.090454,0.785889
0.404419,-0.178467,1.033813
-0.262451,-0.309937,0.697021
-0.159790,0.165527,0.958374
0.297363,-0.388794,0.903931
-0.592041,0.049927,0.755615
0.366089,-0.129150,1.041504
-0.202393,-0.363892,0.686768
-0.251465,0.177246,0.932373
0.354614,-0.361450,0.939331
-0.602051,0.001953,0.729858
0.312378,-0.131592,1.027466
-0.124268,-0.378784,0.736328
-0.331909,0.197998,0.909302
0.381958,-0.329834,0.941406
-0.586304,0.022705,0.736450
0.224976,-0.067627,1.007202
-0.041870,-0.388672,0.787598
-0.427856,0.171143,0.882690
0.400757,-0.280151,0.976807
-0.547852,-0.065430,0.696167
0.118408,0.052979,1.011597
0.054565,-0.384399,0.814941
-0.516113,0.153076,0.837402
0.425903,-0.260620,1.009766
-0.429810,-0.129395,0.735107
0.027710,0.129395,1.008301
0.135986,-0.383301,0.833130
-0.575806,0.096680,0.784058
0.415649,-0.237305,1.010742
-0.279907,-0.302734,0.709717
-0.074829,0.214600,0.998047
0.217041,-0.382202,0.830933
-0.612061,0.108887,0.762695
0.415649,-0.262329,0.991821
-0.207397,-0.377197,0.711426
-0.152222,0.153687,0.958008
0.265015,-0.337524,0.880737
-0.624390,0.109619,0.728271
0.383057,-0.227417,0.994751
-0.149902,-0.374023,0.746704
-0.243774,0.123169,0.926392
0.312500,-0.326782,0.922852
-0.601318,0.058105,0.710938
0.299438,-0.098389,1.005615
-0.104858,-0.351318,0.761963
-0.330566,0.171753,0.909302
0.379028,-0.337524,0.947021
-0.574951,0.004761,0.728027
0.207886,-0.055298,0.988525
-0.048462,-0.400146,0.772583
-0.421021,0.182129,0.869995
0.395874,-0.276611,0.973511
-0.529541,-0.083374,0.708740
0.132690,0.016968,0.999634
0.025757,-0.405518,0.792236
-0.494019,0.185669,0.853638
0.416138,-0.269653,0.988281
-0.481689,-0.098633,0.729370
0.058838,0.094971,1.012573
0.109741,-0.410400,0.822632
-0.540894,0.165649,0.831299
0.414795,-0.228394,1.010132
-0.394043,-0.162476,0.736938
-0.011841,0.130859,1.005371
0.182007,-0.441284,0.836548
-0.586792,0.123535,0.788086
0.423218,-0.183838,1.023560
-0.288818,-0.256226,0.724609
-0.102173,0.163330,0.988647
0.249878,-0.406982,0.872437
-0.599487,0.083618,0.768066
0.413452,-0.200928,1.014526
-0.218018,-0.314453,0.719116
-0.206055,0.189209,0.952881
0.312988,-0.337158,0.909912
-0.611938,0.027710,0.725342
0.373657,-0.180420,1.034058
-0.160400,-0.386230,0.712891
-0.294800,0.192261,0.902588
0.364014,-0.326904,0.930908
-0.599976,-0.003052,0.711670
0.278320,-0.116089,1.000244
-0.094360,-0.418457,0.751709
-0.365967,0.166992,0.876099
0.389160,-0.310669,0.951660
-0.557495,0.014648,0.725830
0.189819,-0.003662,1.008423
-0.012085,-0.400024,0.781128
-0.472534,0.168701,0.849243
0.396973,-0.279663,0.972412
-0.502197,-0.116333,0.706055
0.098267,0.077148,1.005981
0.075195,-0.388184,0.808838
-0.542603,0.183105,0.829590
0.413818,-0.240356,1.001831
-0.388062,-0.236938,0.724609
-0.009521,0.107910,1.006470
0.177368,-0.433594,0.839600
-0.590698,0.137817,0.786011
0.413086,-0.186279,1.023804
-0.277954,-0.270386,0.711304
-0.115845,0.182739,0.981812
0.359985,-0.338257,0.949829
-0.560669,-0.043457,0.741699
0.351318,-0.145752,1.060913
-0.201660,-0.352661,0.690552
-0.317993,0.179199,0.908936
0.398682,-0.303223,0.985229
-0.514771,-0.056763,0.747925
0.232788,-0.052124,1.060547
-0.012207,-0.404907,0.800171
-0.444458,0.189697,0.885986
0.445190,-0.284790,1.007935
-0.463623,-0.132812,0.735596
0.102173,0.068115,1.037842
0.130127,-0.405640,0.853882
-0.507446,0.114746,0.843262
0.422729,-0.226074,1.031006
-0.344360,-0.229980,0.751831
-0.010376,0.073730,1.010498
0.233276,-0.408569,0.887085
-0.536377,0.070923,0.796875
0.417969,-0.162598,1.044312
-0.235718,-0.293823,0.732910
-0.139648,0.132935,0.991211
0.306396,-0.393799,0.929077
-0.556152,-0.023560,0.749390
0.389160,-0.141235,1.075439
-0.185547,-0.346924,0.722534
-0.273804,0.201904,0.972778
0.385986,-0.326050,0.967773
-0.567017,-0.035156,0.742188
0.297241,-0.108521,1.057007
-0.075439,-0.373901,0.789673
-0.386597,0.181519,0.901001
0.438721,-0.289795,1.017212
-0.521851,-0.090454,0.723389
0.140137,0.014526,1.038208
0.069458,-0.428223,0.829712
-0.479248,0.149048,0.874146
0.463501,-0.248169,1.040039
-0.419434,-0.158569,0.743530
0.028198,0.109009,1.036133
0.204468,-0.399414,0.878052
-0.561646,0.089478,0.793213
0.444092,-0.237915,1.036987
-0.255249,-0.310303,0.731323
-0.087891,0.150757,1.004395
0.270020,-0.383179,0.886597
-0.580933,0.046753,0.754883
0.413330,-0.188354,1.057739
-0.176514,-0.368652,0.731323
-0.220947,0.165405,0.969849
0.340454,-0.357910,0.935913
-0.584961,0.007446,0.746582
0.340210,-0.133423,1.052490
-0.107544,-0.357544,0.782837
-0.322876,0.144897,0.916626
0.398804,-0.329956,0.976807
-0.545654,0.001831,0.739136
0.226074,-0.044434,1.041748
-0.004639,-0.360962,0.823120
-0.422119,0.128540,0.881470
0.421753,-0.266235,1.029419
-0.491821,-0.120972,0.720337
0.125977,0.083252,1.045044
0.088501,-0.371460,0.841431
-0.511353,0.143066,0.850708
0.456055,-0.276733,1.039551
-0.367065,-0.232056,0.744629
0.011353,0.129517,1.021484
0.145874,-0.348145,0.855469
-0.546875,0.067505,0.806152
0.476807,-0.279907,1.054077
-0.286865,-0.319702,0.727783
-0.075073,0.141479,0.986816
0.233643,-0.383667,0.858154
-0.564209,0.073486,0.778320
0.451904,-0.255615,1.043091
-0.213745,-0.356689,0.734131
-0.169556,0.133667,0.958374
0.278564,-0.352905,0.896362
-0.556396,0.037354,0.747925
0.402954,-0.185181,1.052124
-0.145264,-0.347778,0.771118
-0.283203,0.176147,0.940186
0.348877,-0.322754,0.944824
-0.569702,-0.027710,0.740723
0.325195,-0.110962,1.049316
-0.107666,-0.334717,0.781738
-0.350342,0.169922,0.911499
0.411987,-0.345459,0.985596
-0.536133,-0.062012,0.724854
0.212524,-0.027466,1.051147
-0.030029,-0.372192,0.796021
-0.422729,0.158081,0.883179
0.436279,-0.305908,1.006714
-0.497681,-0.142212,0.709961
0.125244,0.071899,1.038452
0.069214,-0.383667,0.822388
-0.496704,0.163208,0.859985
0.454468,-0.276489,1.031982
-0.421997,-0.209595,0.730591
0.026123,0.104980,1.025635
0.164185,-0.434570,0.850464
-0.537598,0.117676,0.815186
0.435059,-0.218994,1.034058
-0.315186,-0.234619,0.749268
-0.048462,0.123413,1.000488
0.231201,-0.400146,0.884399
-0.566162,0.062134,0.786865
0.424683,-0.204346,1.054321
-0.237061,-0.341309,0.715210
-0.143921,0.159668,0.971436
0.297607,-0.371216,0.900269
-0.591919,0.038208,0.756836
0.417358,-0.205200,1.048584
-0.186646,-0.375366,0.728760
-0.238037,0.180176,0.954590
0.334106,-0.344604,0.923706
-0.567749,0.000854,0.755249
0.355835,-0.167847,1.051147
-0.126587,-0.387329,0.762573
-0.328857,0.151001,0.899292
0.394531,-0.333252,0.969727
-0.558350,-0.012329,0.731689
0.252319,-0.061279,1.044800
-0.051758,-0.364136,0.805664
-0.400757,0.168091,0.905029
0.427856,-0.326782,0.988892
-0.523804,-0.045166,0.732544
0.161011,0.040039,1.031616
0.034058,-0.385376,0.814819
-0.479492,0.139771,0.847900
0.443970,-0.296753,1.016479
-0.461426,-0.154419,0.712036
0.052002,0.127197,1.033936
0.129395,-0.416504,0.830688
-0.518188,0.099976,0.829956
0.438599,-0.236572,1.028076
-0.349487,-0.220337,0.738403
-0.012329,0.158936,1.022583
0.205322,-0.393799,0.864014
-0.563599,0.066650,0.783569
0.437256,-0.225708,1.042603
-0.270020,-0.310791,0.722168
-0.100098,0.125610,0.974365
0.266479,-0.367188,0.883179
-0.569824,0.053589,0.756714
0.400757,-0.197388,1.039917
-0.208130,-0.338013,0.738525
-0.201050,0.122314,0.954590
0.333008,-0.365723,0.935791
-0.586670,0.023193,0.734253
0.348267,-0.120483,1.050415
-0.144043,-0.354614,0.756592
-0.293335,0.168091,0.940918
0.367065,-0.333374,0.943237
-0.569092,-0.029297,0.722412
0.297241,-0.076782,1.050171
-0.089233,-0.360352,0.778687
-0.384766,0.178345,0.896851
0.418335,-0.321045,0.991943
-0.527344,-0.091553,0.720581
0.201904,-0.007446,1.058350
0.004272,-0.394287,0.804443
-0.482178,0.201660,0.865967
0.425293,-0.277100,1.005615
-0.463867,-0.144653,0.739014
0.113159,0.041016,1.051270
0.093994,-0.443115,0.820679
-0.536255,0.164429,0.827271
0.428101,-0.242554,1.008423
-0.366211,-0.212158,0.750732
0.009399,0.109985,1.036377
0.201782,-0.457520,0.842651
-0.565552,0.107178,0.787109
0.413940,-0.188477,1.029785
-0.280762,-0.253418,0.747681
-0.083252,0.119873,1.006348
0.278198,-0.428345,0.900024
-0.588745,0.052368,0.762451
0.392944,-0.161865,1.036987
-0.206909,-0.356934,0.699341
-0.212280,0.178223,0.971313
0.349609,-0.348022,0.944214
-0.587280,0.019653,0.763916
0.342407,-0.162354,1.046631
-0.151978,-0.392822,0.737061
-0.312012,0.163086,0.909912
0.390259,-0.329102,0.974854
-0.546509,-0.017212,0.729004
0.237671,-0.025635,1.035767
-0.053955,-0.359009,0.804199
-0.421631,0.155029,0.881836
0.422363,-0.334473,0.987793
-0.503540,-0.089844,0.717896
0.154541,0.073120,1.051880
0.035400,-0.375977,0.816650
-0.504028,0.155884,0.848022
0.440674,-0.311157,0.998901
-0.448730,-0.155884,0.734863
0.066162,0.121704,1.028442
0.117065,-0.363159,0.839355
-0.536255,0.100708,0.806152
0.445557,-0.296509,1.014648
-0.344482,-0.258179,0.728638
-0.011963,0.147095,1.018433
0.193604,-0.372925,0.854492
-0.570435,0.095825,0.783447
0.428711,-0.237305,1.020874
-0.269409,-0.303711,0.744141
-0.093750,0.106445,0.982300
0.262207,-0.394775,0.886475
-0.581543,0.064575,0.761963
0.398682,-0.164551,1.033447
-0.202759,-0.337891,0.711792
-0.187134,0.145508,0.967407
0.308716,-0.377563,0.918945
-0.586670,0.026733,0.765381
0.384521,-0.176025,1.035400
-0.166138,-0.362915,0.729858
-0.295532,0.185669,0.921509
0.356445,-0.330444,0.945312
-0.562378,-0.015503,0.756714
0.311768,-0.126221,1.038818
-0.106201,-0.379028,0.774902
-0.370605,0.182861,0.888672
0.402466,-0.327515,0.968750
-0.540649,-0.037476,0.723755
0.194458,-0.026855,1.024536
0.000244,-0.374878,0.815308
-0.438110,0.168945,0.881836
0.425659,-0.279175,1.010620
-0.515747,-0.111206,0.705200
0.102173,0.062866,1.017090
0.077393,-0.402100,0.831055
-0.504639,0.155884,0.848999
0.454224,-0.267944,1.028564
-0.419556,-0.178589,0.742554
0.012329,0.131592,1.015137
0.140259,-0.371948,0.845459
-0.546265,0.105347,0.812744
0.473267,-0.268555,1.038208
-0.323242,-0.251709,0.745361
-0.062256,0.166260,0.987549
0.205078,-0.372681,0.872681
-0.574951,0.072998,0.773438
0.447266,-0.247803,1.051270
-0.258423,-0.362061,0.715088
-0.128418,0.150757,0.971558
0.253906,-0.388672,0.866699
-0.575684,0.070190,0.754883
0.419922,-0.226929,1.030151
-0.195068,-0.351074,0.739258
-0.191284,0.151733,0.951416
0.299072,-0.325562,0.922119
-0.598389,0.024170,0.710449
0.384766,-0.197266,1.035522
-0.173462,-0.384399,0.729004
-0.242554,0.149658,0.946045
0.349487,-0.326172,0.940063
-0.619019,0.032471,0.725830
0.332764,-0.141479,1.026733
-0.108276,-0.414673,0.754883
-0.334717,0.178589,0.929932
0.387939,-0.306763,0.971802
-0.590454,0.028198,0.732666
0.232300,-0.074707,1.013550
-0.037109,-0.400146,0.796021
-0.393433,0.167358,0.903076
0.395020,-0.276367,0.990234
-0.540161,-0.067139,0.699341
0.175049,0.007324,1.029419
0.029541,-0.390747,0.814575
-0.482056,0.158081,0.844971
0.434814,-0.276733,1.021240
-0.481445,-0.146118,0.723877
0.077637,0.088257,1.022827
0.095093,-0.404297,0.825684
-0.526245,0.127075,0.818359
0.453857,-0.277222,1.024170
-0.391968,-0.220703,0.727295
-0.014404,0.118530,1.006348
0.175171,-0.405029,0.848389
-0.547241,0.103271,0.793335
0.421753,-0.215820,1.019043
-0.300903,-0.261475,0.738525
-0.068115,0.124878,0.995850
0.246338,-0.433716,0.873169
-0.581665,0.052002,0.753296
0.420044,-0.171997,1.041748
-0.236328,-0.328003,0.691284
-0.167236,0.169434,0.980957
0.314697,-0.370850,0.903809
-0.609863,0.035522,0.741577
0.400146,-0.175537,1.048950
-0.160278,-0.383301,0.727173
-0.277222,0.185181,0.926636
0.366089,-0.350220,0.926514
-0.589844,0.067017,0.761841
0.286133,-0.130981,1.019043
-0.082642,-0.381836,0.793457
-0.356934,0.145020,0.896118
0.389282,-0.301147,0.967896
-0.552368,-0.013306,0.714355
0.176025,-0.030518,1.002075
0.018677,-0.381470,0.829590
-0.460693,0.161133,0.869873
0.425537,-0.272461,0.999512
-0.500854,-0.071167,0.719482
0.061890,0.086548,1.009277
0.128174,-0.403931,0.845825
-0.526733,0.113525,0.838013
0.425293,-0.248901,1.023071
-0.368896,-0.212891,0.722412
-0.021973,0.156494,1.003662
0.195312,-0.392456,0.864258
-0.567261,0.062622,0.789185
0.438843,-0.210449,1.042236
-0.270874,-0.281738,0.722656
-0.129883,0.169556,0.974976
0.270996,-0.374390,0.885132
-0.584961,0.018555,0.756226
0.403076,-0.198486,1.042114
-0.192871,-0.359863,0.714966
-0.229004,0.177856,0.955200
0.325195,-0.338013,0.914795
-0.595093,-0.006592,0.726807
0.348755,-0.157104,1.033203
-0.140137,-0.388550,0.740967
-0.328735,0.163940,0.898071
0.389526,-0.337036,0.954590
-0.565063,-0.013794,0.719849
0.252197,-0.061646,1.044434
-0.052002,-0.383423,0.792603
-0.427002,0.199341,0.896729
0.421631,-0.321289,0.977173
-0.530762,-0.055786,0.720093
0.126099,0.047119,1.013428
0.045288,-0.383423,0.819946
-0.494019,0.135254,0.856689
0.442871,-0.287842,1.009155
-0.434326,-0.150146,0.734131
0.034668,0.158569,1.036743
0.134644,-0.374390,0.850708
-0.551880,0.090088,0.789795
0.435913,-0.262207,1.013184
-0.314087,-0.296387,0.719604
-0.052490,0.165771,1.014648
0.216064,-0.406982,0.843872
-0.580078,0.085205,0.777954
0.435547,-0.224487,1.019165
-0.246582,-0.328125,0.717407
-0.160034,0.158203,0.969971
0.291992,-0.415039,0.882202
-0.587524,0.058960,0.755493
0.392090,-0.154541,1.043457
-0.189575,-0.326416,0.738403
-0.248413,0.165649,0.945801
0.343384,-0.373779,0.937012
-0.592773,0.017700,0.742554
0.335571,-0.122192,1.031128
-0.135864,-0.339233,0.755859
-0.334473,0.159302,0.899780
0.382324,-0.351318,0.947266
-0.564697,-0.049438,0.713257
0.245483,-0.045410,1.041382
-0.051758,-0.379395,0.775269
-0.436768,0.203979,0.887939
0.418701,-0.324707,0.968750
-0.514771,-0.092407,0.725098
0.147217,0.008057,1.018921
0.042236,-0.392944,0.811890
-0.514160,0.199951,0.851562
0.424316,-0.266724,1.001343
-0.422241,-0.191040,0.740234
0.045166,0.069214,1.018921
0.143921,-0.419067,0.837524
-0.555420,0.148682,0.802246
0.423096,-0.222778,1.011475
-0.321655,-0.234497,0.748779
-0.055542,0.096436,0.993774
0.234863,-0.454956,0.873901
-0.577515,0.088135,0.774048
0.404419,-0.143799,1.042358
-0.238770,-0.252075,0.738892
-0.176270,0.157593,0.979980
0.312744,-0.438477,0.895996
-0.574585,0.014282,0.750854
0.366333,-0.126221,1.039917
-0.186523,-0.302246,0.738159
-0.296265,0.193604,0.927368
0.382690,-0.380371,0.939087
-0.566040,-0.032349,0.730469
0.288940,-0.100830,1.034912
-0.109131,-0.354980,0.755615
-0.390503,0.194824,0.897095
0.412842,-0.316650,0.976807
-0.533325,-0.092041,0.712280
0.183838,-0.015991,1.035889
-0.002441,-0.382935,0.793091
-0.486694,0.204102,0.854980
0.426025,-0.270142,1.004761
-0.475098,-0.178589,0.716919
0.066650,0.052612,1.022217
0.121582,-0.432495,0.834229
-0.550659,0.157715,0.821167
0.434082,-0.224976,1.024536
-0.338989,-0.235840,0.735474
-0.043823,0.136353,1.019653
0.222290,-0.410767,0.877930
-0.578003,0.083130,0.780518
0.411621,-0.197021,1.028931
-0.234131,-0.314453,0.728149
-0.167603,0.155762,0.971558
0.308960,-0.384888,0.909668
-0.591064,0.042603,0.755005
0.367310,-0.132568,1.049927
-0.165527,-0.351440,0.734375
-0.294312,0.170288,0.935791
0.373169,-0.364990,0.942871
-0.588745,-0.016846,0.728271
0.277954,-0.089844,1.031128
-0.080688,-0.396240,0.758667
-0.406372,0.205688,0.895142
0.403198,-0.294922,0.980103
-0.516357,-0.068726,0.725708
0.161377,0.023071,1.027710
0.021118,-0.395386,0.802368
-0.510620,0.165649,0.839722
0.441528,-0.278809,1.010254
-0.435791,-0.178711,0.726807
0.034668,0.122559,1.015625
0.130005,-0.388428,0.837524
-0.564209,0.125366,0.806885
0.444458,-0.269775,1.016968
-0.326416,-0.273560,0.725098
-0.067871,0.135620,0.991455
0.227661,-0.387573,0.864136
-0.578491,0.078735,0.779541
0.404419,-0.190430,1.027344
-0.233887,-0.328491,0.721436
-0.167480,0.155640,0.965088
0.296509,-0.392700,0.900757
-0.574341,0.011108,0.744019
0.375732,-0.149170,1.042603
-0.183350,-0.297241,0.739502
-0.273071,0.177368,0.932495
0.348877,-0.370850,0.929932
-0.572510,-0.041260,0.736328
0.321411,-0.112183,1.039062
-0.136353,-0.337891,0.747559
-0.368408,0.197998,0.895752
0.401489,-0.358276,0.956055
-0.534302,-0.040894,0.744141
0.208008,-0.044800,1.023560
-0.057495,-0.399414,0.758179
-0.434326,0.193359,0.868774
0.416260,-0.290405,0.993530
-0.490845,-0.106689,0.736816
0.106689,0.041504,1.025146
0.046265,-0.417480,0.792480
-0.517456,0.168945,0.847046
0.447266,-0.268921,1.012573
-0.408936,-0.154541,0.755859
-0.003052,0.125732,1.011475
0.166016,-0.421265,0.841919
-0.563843,0.104736,0.803833
0.445557,-0.247803,1.035034
-0.307373,-0.255615,0.719482
-0.097046,0.147583,0.980835
0.255005,-0.403687,0.860596
-0.578003,0.071899,0.774048
0.412109,-0.206909,1.029175
-0.214111,-0.326538,0.722534
-0.200073,0.175781,0.953613
0.310059,-0.352905,0.901001
-0.593384,0.027832,0.742432
0.370361,-0.184814,1.028687
-0.164307,-0.355957,0.727295
-0.272339,0.180176,0.923218
0.353760,-0.339233,0.936035
-0.595215,0.001831,0.729248
0.298706,-0.120361,1.021362
-0.088623,-0.378906,0.763184
-0.368652,0.179688,0.900879
0.379395,-0.313843,0.948853
-0.549927,-0.041748,0.719116
0.196899,-0.039062,1.013672
0.002319,-0.364014,0.816528
-0.473999,0.197388,0.865112
0.409668,-0.291992,0.988525
-0.508911,-0.126221,0.715088
0.088379,0.070801,1.011841
0.099121,-0.407471,0.824829
-0.532715,0.158691,0.840210
0.420776,-0.242798,1.013916
-0.392456,-0.224487,0.718506
-0.003052,0.136841,1.022339
0.179199,-0.397949,0.851685
-0.586548,0.104126,0.785767
0.440796,-0.244385,1.020020
-0.264160,-0.281128,0.735962
-0.117310,0.171021,0.976318
0.255371,-0.364258,0.888184
-0.612793,0.052124,0.755005
0.416992,-0.220825,1.023438
-0.200073,-0.351318,0.720093
-0.218628,0.178833,0.945557
0.332886,-0.341553,0.928467
-0.612793,0.040039,0.744141
0.331055,-0.154297,1.017578
-0.139893,-0.396362,0.746094
-0.310059,0.167480,0.914062
0.403320,-0.342773,0.967529
-0.593384,0.035889,0.726929
0.208984,-0.036499,1.014404
-0.040649,-0.387207,0.788574
-0.416504,0.165894,0.882690
0.405884,-0.292236,0.988403
-0.514282,-0.066650,0.716064
0.121582,0.052856,1.012939
0.031372,-0.359253,0.814697
-0.504517,0.134644,0.838623
0.428467,-0.288940,0.998169
-0.416992,-0.199707,0.713257
0.041138,0.139526,1.028687
0.126709,-0.392822,0.813110
-0.553223,0.133667,0.809082
0.430298,-0.248657,1.010010
-0.313965,-0.259888,0.743164
-0.050415,0.112061,0.991699
0.226685,-0.427246,0.861938
-0.593506,0.098877,0.761108
0.391846,-0.160156,1.020142
-0.213745,-0.323853,0.732422
-0.165527,0.147949,0.965088
0.276733,-0.393677,0.895142
-0.596191,0.034546,0.742676
0.384888,-0.160278,1.036133
-0.184204,-0.341431,0.723389
-0.285156,0.180908,0.924438
0.358887,-0.367310,0.927124
-0.570557,-0.013916,0.744019
0.296875,-0.113281,1.028076
-0.115479,-0.374268,0.742188
-0.375854,0.180054,0.886108
0.387451,-0.294067,0.967163
-0.532837,-0.062622,0.720337
0.191040,-0.026123,1.022339
-0.000610,-0.406372,0.801392
-0.489258,0.206421,0.864746
0.413574,-0.271851,0.992065
-0.482910,-0.137329,0.721191
0.062622,0.078613,1.018433
0.103638,-0.427002,0.831787
-0.546997,0.148193,0.820068
0.423584,-0.233032,1.014771
-0.364502,-0.187378,0.723633
-0.022339,0.159302,1.017944
0.207886,-0.393677,0.860840
-0.600342,0.091309,0.774780
0.432129,-0.265625,1.008301
-0.272949,-0.327026,0.699097
-0.101440,0.174683,0.987427
0.257080,-0.318359,0.888428
-0.614502,0.081787,0.761353
0.404907,-0.236938,1.016968
-0.201782,-0.388184,0.701660
-0.195435,0.146729,0.942383
0.309204,-0.339722,0.914917
-0.593750,0.023315,0.733521
0.348389,-0.169556,1.017456
-0.169556,-0.357178,0.731079
-0.291870,0.144287,0.909302
0.360352,-0.354736,0.940186
-0.576050,-0.010254,0.725464
0.301025,-0.072754,1.029663
-0.112183,-0.350220,0.748535
-0.372314,0.162842,0.881714
0.391113,-0.320312,0.972900
-0.559082,-0.058960,0.706665
0.234131,-0.044434,1.028320
-0.044556,-0.394409,0.777100
-0.448608,0.203735,0.866943
0.412720,-0.289551,0.985596
-0.540771,-0.055420,0.723633
0.122681,0.000610,1.010132
0.079468,-0.439209,0.826050
-0.510620,0.167480,0.842529
0.424683,-0.222168,1.020752
-0.458496,-0.108765,0.735107
0.020874,0.110352,1.012329
0.173828,-0.444580,0.847046
-0.575195,0.113403,0.803467
0.429688,-0.223999,1.017456
-0.326782,-0.230469,0.728027
-0.078125,0.156494,0.989136
0.239990,-0.400513,0.878418
-0.588257,0.027466,0.756958
0.410645,-0.188843,1.031006
-0.223633,-0.325317,0.706055
-0.182129,0.186523,0.958008
0.311523,-0.348022,0.910889
-0.596558,0.024170,0.741089
0.352905,-0.153564,1.030396
-0.159302,-0.395996,0.715942
-0.278809,0.168091,0.918457
0.350952,-0.331177,0.932251
-0.593140,0.030518,0.726074
0.280518,-0.085938,1.033203
-0.082764,-0.405029,0.747925
-0.374023,0.176758,0.891968
0.378540,-0.313599,0.960938
-0.567017,-0.012817,0.719849
0.164551,-0.009766,1.008545
0.020386,-0.421143,0.795898
-0.479370,0.182617,0.864502
0.415771,-0.258545,0.991577
-0.474609,-0.101440,0.731934
0.050781,0.074341,1.004028
0.126221,-0.406128,0.838501
-0.551758,0.130005,0.817627
0.416382,-0.237793,0.999756
-0.337158,-0.240479,0.733887
-0.027588,0.142334,0.999268
0.211548,-0.393311,0.858154
-0.596558,0.117798,0.775635
0.399658,-0.184204,1.021729
-0.240356,-0.311523,0.721558
-0.135376,0.147095,0.988892
0.288330,-0.416260,0.886475
-0.608398,0.063110,0.741577
0.367188,-0.125854,1.025635
-0.180664,-0.310547,0.724609
-0.243896,0.169800,0.945679
0.349731,-0.365479,0.943726
-0.598999,-0.019165,0.718994
0.300537,-0.110718,1.022217
-0.120239,-0.376099,0.735718
-0.374023,0.202271,0.898804
0.406982,-0.333008,0.959717
-0.542358,-0.044189,0.726685
0.189819,-0.016235,1.020874
-0.029419,-0.390137,0.778442
-0.455200,0.201416,0.868896
0.420532,-0.287598,0.994629
-0.486816,-0.119507,0.737305
0.080444,0.067871,1.014893
0.072998,-0.417847,0.810791
-0.536865,0.162720,0.822510
0.426758,-0.232056,1.009521
-0.364380,-0.206421,0.753662
-0.021240,0.099243,1.008911
0.177979,-0.465088,0.838013
-0.578247,0.093140,0.763062
0.411255,-0.178345,1.023438
-0.261475,-0.249268,0.726074
-0.130981,0.177246,0.986938
0.293213,-0.401855,0.903198
-0.591064,0.053955,0.761475
0.362671,-0.137817,1.016968
-0.201050,-0.329468,0.705200
-0.248535,0.188110,0.945435
0.367310,-0.375854,0.941284
-0.603394,0.005981,0.735474
0.298462,-0.112793,1.028442
-0.135986,-0.370483,0.735107
-0.375366,0.188477,0.890381
0.412964,-0.338623,0.970093
-0.551147,-0.042480,0.722168
0.197632,-0.020996,1.024170
-0.033325,-0.388794,0.778809
-0.471680,0.212646,0.862061
0.404541,-0.266724,0.976318
-0.480713,-0.137451,0.718628
0.101196,0.060425,1.021362
0.079102,-0.416992,0.820557
-0.556885,0.169556,0.815308
0.444336,-0.201172,1.055908
-0.361572,-0.205688,0.754639
-0.100830,0.137451,1.011963
0.185913,-0.427002,0.849487
-0.548218,-0.004761,0.769043
0.425171,-0.176025,1.077026
-0.179688,-0.348145,0.731567
-0.236450,0.188965,0.981934
0.377319,-0.353149,0.957642
-0.557495,-0.019409,0.755859
0.366211,-0.135498,1.080444
-0.098633,-0.359741,0.784912
-0.339722,0.190552,0.932251
0.422974,-0.325806,0.988159
-0.528320,-0.060181,0.731934
0.253662,-0.063232,1.066040
0.005737,-0.397705,0.820068
-0.405151,0.179321,0.903931
0.442261,-0.262329,1.027710
-0.471191,-0.118530,0.752197
0.126465,0.046509,1.045166
0.106812,-0.408081,0.857422
-0.473389,0.100708,0.856812
0.459106,-0.241211,1.047485
-0.370483,-0.198730,0.752441
0.024048,0.126709,1.036621
0.203979,-0.390503,0.871216
-0.526123,0.040283,0.793091
0.451416,-0.239014,1.058838
-0.252930,-0.308105,0.752197
-0.071411,0.120850,1.002197
0.275024,-0.370117,0.901367
-0.556396,0.057251,0.772949
0.427246,-0.211304,1.058472
-0.184326,-0.352173,0.762329
-0.181519,0.124023,0.978516
0.342896,-0.354614,0.944702
-0.558105,0.004150,0.740479
0.376099,-0.120361,1.079102
-0.140991,-0.302856,0.791992
-0.303589,0.181274,0.951538
0.415649,-0.365845,0.991821
-0.531006,-0.066528,0.749390
0.293701,-0.059082,1.071777
-0.070923,-0.333252,0.794678
-0.376587,0.193970,0.916626
0.428955,-0.283081,1.015503
-0.485596,-0.154297,0.738525
0.196533,-0.040894,1.060547
0.039429,-0.414795,0.822266
-0.466675,0.176025,0.851685
0.442993,-0.233765,1.031494
-0.416016,-0.191162,0.754639
0.074951,0.062378,1.055664
0.154541,-0.434937,0.856689
-0.523682,0.109009,0.807861
0.454224,-0.229370,1.035767
-0.282471,-0.244751,0.777710
-0.040283,0.110352,1.014526
0.255005,-0.407227,0.897705
-0.540771,0.046143,0.779907
0.430054,-0.176392,1.060913
-0.212036,-0.313477,0.735840
-0.179321,0.154297,0.988770
0.343994,-0.389771,0.946167
-0.557739,-0.025879,0.752075
0.379639,-0.099609,1.091919
-0.129761,-0.328491,0.764893
-0.308838,0.183350,0.938965
0.397583,-0.347046,0.974121
-0.518188,-0.088989,0.748291
0.294189,-0.067505,1.083374
-0.035034,-0.343140,0.807373
-0.432129,0.205933,0.890259
0.434204,-0.292725,1.007202
-0.456909,-0.169678,0.739624
0.163574,0.005615,1.064331
0.095337,-0.415283,0.844360
-0.500854,0.133301,0.833984
0.447021,-0.227783,1.039795
-0.342773,-0.218628,0.757935
0.017090,0.111572,1.041870
0.205322,-0.406372,0.878784
-0.545654,0.088379,0.809937
0.443237,-0.217407,1.041992
-0.234985,-0.303467,0.738403
-0.120117,0.149170,1.008057
0.293945,-0.400146,0.894897
-0.541626,0.017700,0.776611
0.408325,-0.155640,1.077393
-0.187988,-0.301758,0.755981
-0.246338,0.155884,0.971802
0.383423,-0.372192,0.968994
-0.541748,-0.041748,0.738525
0.315552,-0.075928,1.075195
-0.107300,-0.309692,0.793091
-0.344971,0.169678,0.925781
0.425415,-0.350098,0.993774
-0.516968,-0.119995,0.722290
0.238281,-0.049927,1.058350
-0.003174,-0.356323,0.809937
-0.470459,0.207031,0.879395
0.451050,-0.286743,1.022949
-0.438354,-0.179688,0.750977
0.135864,0.039307,1.059570
0.086426,-0.387085,0.842285
-0.520264,0.144165,0.838501
0.463989,-0.279175,1.022339
-0.354370,-0.238159,0.765137
0.026367,0.092529,1.037598
0.190918,-0.409546,0.866577
-0.559692,0.113647,0.798462
0.454834,-0.225220,1.044189
-0.257080,-0.310059,0.743408
-0.054443,0.127563,1.016602
0.264526,-0.383911,0.891602
-0.555176,0.073853,0.778931
0.400635,-0.189209,1.034058
-0.225586,-0.315186,0.731812
-0.137085,0.122559,1.007324
0.323853,-0.401367,0.919189
-0.562134,0.022339,0.753540
0.380615,-0.119873,1.053101
-0.164917,-0.289062,0.767700
-0.245239,0.172363,0.968506
0.365845,-0.337402,0.985962
-0.560547,-0.048218,0.743530
0.354248,-0.139282,1.066772
-0.120728,-0.343628,0.773438
-0.345459,0.209351,0.920044
0.416992,-0.336670,0.981445
-0.536011,-0.044189,0.753174
0.278320,-0.079468,1.062744
-0.060181,-0.387695,0.795654
-0.385864,0.185181,0.899902
0.420654,-0.294434,1.002808
-0.513184,-0.078857,0.733765
0.206787,-0.020386,1.059082
0.039062,-0.445801,0.819336
-0.474609,0.188110,0.856812
0.435913,-0.251831,1.010498
-0.449951,-0.135864,0.741699
0.117920,0.058472,1.048340
0.095215,-0.447510,0.829102
-0.507080,0.136230,0.844604
0.461182,-0.253418,1.042847
-0.389771,-0.174805,0.742188
0.034546,0.137817,1.054077
0.173340,-0.397827,0.861328
-0.526367,0.083374,0.818481
0.468018,-0.278320,1.035400
-0.337402,-0.246826,0.739990
-0.030762,0.150269,1.018555
0.238525,-0.418823,0.877197
-0.542603,0.072021,0.802856
0.455933,-0.225586,1.053467
-0.261719,-0.295532,0.731689
-0.100342,0.164795,0.995728
0.264771,-0.380981,0.884277
-0.565063,0.022217,0.763550
0.456421,-0.235474,1.066528
-0.227295,-0.354858,0.719482
-0.177246,0.157715,0.968140
0.326294,-0.391479,0.917969
-0.581299,0.042480,0.761597
0.412354,-0.198120,1.053589
-0.163086,-0.343384,0.765747
-0.244385,0.158813,0.942383
0.359253,-0.371094,0.942993
-0.580078,0.044189,0.759277
0.353882,-0.138550,1.060181
-0.135376,-0.350098,0.768799
-0.291260,0.145508,0.924194
0.382935,-0.344604,0.963867
-0.549805,-0.026245,0.737549
0.295044,-0.073853,1.056152
-0.098511,-0.334839,0.779053
-0.369019,0.189087,0.919312
0.439819,-0.351807,0.992065
-0.519287,-0.088257,0.729492
0.200073,-0.006958,1.049683
-0.018433,-0.374512,0.808716
-0.421631,0.171021,0.903320
0.448120,-0.303467,1.014404
-0.505859,-0.109375,0.732422
0.132080,0.035278,1.030518
0.082275,-0.390991,0.832642
-0.494629,0.153931,0.841187
0.452026,-0.268311,1.030518
-0.428833,-0.218506,0.721802
0.056885,0.082031,1.035400
0.159058,-0.386963,0.859619
-0.539795,0.117554,0.832153
0.455566,-0.253174,1.031616
-0.321289,-0.249634,0.743530
-0.032104,0.122803,1.001465
0.227539,-0.374634,0.890625
-0.558105,0.066162,0.772583
0.436523,-0.213867,1.045044
-0.238770,-0.307373,0.747070
-0.108154,0.131470,0.994507
0.274658,-0.430664,0.877686
-0.584229,0.038818,0.751831
0.422974,-0.176758,1.049561
-0.188843,-0.314819,0.742920
-0.221558,0.201050,0.991577
0.344238,-0.354248,0.934326
-0.590332,-0.003784,0.734131
0.359619,-0.152222,1.043457
-0.118896,-0.355225,0.774902
-0.303101,0.179077,0.941650
0.378296,-0.322021,0.972656
-0.562500,-0.031494,0.741455
0.285645,-0.096680,1.050171
-0.064697,-0.376709,0.787842
-0.391357,0.194458,0.901245
0.416748,-0.297607,1.000000
-0.510010,-0.108276,0.733887
0.174805,-0.034790,1.031372
0.029907,-0.415527,0.822754
-0.462524,0.166992,0.862793
0.428589,-0.237305,1.029297
-0.472290,-0.133545,0.734741
0.075806,0.055542,1.033081
0.137939,-0.450928,0.837036
-0.521606,0.129883,0.839966
0.451294,-0.222168,1.045288
-0.364502,-0.194946,0.754028
-0.043335,0.132568,1.009155
0.238403,-0.429932,0.886719
-0.542969,0.045288,0.794556
0.425049,-0.184326,1.054443
-0.264038,-0.294067,0.723022
-0.115112,0.128662,0.984497
0.291870,-0.392334,0.904053
-0.568359,0.035156,0.768066
0.406372,-0.184448,1.053467
-0.188232,-0.344482,0.726196
-0.232300,0.177368,0.960815
0.351685,-0.376343,0.940430
-0.567871,-0.019409,0.754517
0.340942,-0.141724,1.046509
-0.129028,-0.355347,0.756226
-0.339478,0.183350,0.904907
0.394409,-0.342163,0.979126
-0.518677,-0.064453,0.745850
0.253662,-0.053833,1.051880
-0.054565,-0.382690,0.788330
-0.439087,0.187622,0.872437
0.431519,-0.321167,0.993774
-0.470581,-0.139893,0.731201
0.128784,0.057983,1.049316
0.062622,-0.378906,0.825073
-0.514771,0.156250,0.840820
0.455322,-0.317017,1.014404
-0.395386,-0.250244,0.734131
0.015747,0.104370,1.023682
0.168823,-0.355713,0.865356
-0.552856,0.107300,0.796631
0.450073,-0.225586,1.048096
-0.282959,-0.306396,0.733521
-0.091309,0.122925,0.994995
0.275513,-0.418213,0.886230
-0.567627,0.064209,0.772583
0.400146,-0.162231,1.045898
-0.197754,-0.316528,0.747559
-0.219971,0.135986,0.963379
0.346802,-0.384521,0.938965
-0.572876,-0.011597,0.741333
0.334473,-0.111938,1.055054
-0.121460,-0.358643,0.754028
-0.342896,0.207397,0.920410
0.404297,-0.336792,0.971313
-0.540405,-0.082520,0.728271
0.232666,-0.045166,1.053955
-0.028076,-0.385376,0.787720
-0.455078,0.205933,0.885254
0.414673,-0.291138,0.991455
-0.476562,-0.133057,0.749390
0.106201,0.030518,1.029053
0.102173,-0.395630,0.835449
-0.522949,0.153442,0.819946
0.432129,-0.226196,1.023193
-0.327759,-0.241211,0.753662
-0.013184,0.095459,1.017944
0.214966,-0.413696,0.868652
-0.562744,0.078369,0.770630
0.424927,-0.186768,1.027222
-0.248657,-0.306885,0.723633
-0.133057,0.155640,1.003052
0.313477,-0.393921,0.923950
-0.589966,0.021606,0.745117
0.362183,-0.145508,1.041992
-0.162354,-0.346436,0.731445
-0.268188,0.173096,0.942017
0.365845,-0.342773,0.962158
-0.568848,-0.036621,0.747925
0.293091,-0.104980,1.032593
-0.098999,-0.340332,0.766602
-0.380981,0.183594,0.901489
0.416626,-0.324951,0.985840
-0.525024,-0.093872,0.732300
0.169067,-0.024780,1.027832
0.030640,-0.409912,0.815674
-0.484253,0.184570,0.864624
0.430908,-0.273926,1.009399
-0.443726,-0.149658,0.748657
0.051514,0.071167,1.018188
0.148560,-0.424194,0.842651
-0.546143,0.114136,0.811157
0.424683,-0.204468,1.023804
-0.298584,-0.267456,0.753052
-0.063843,0.122192,1.001587
0.240112,-0.434448,0.868286
-0.580688,0.050049,0.756592
0.403931,-0.171021,1.036987
-0.214478,-0.328003,0.710205
-0.179077,0.183594,0.997925
0.327271,-0.375977,0.908569
-0.604492,0.014160,0.734985
0.353760,-0.150146,1.039429
-0.145142,-0.351807,0.751099
-0.307739,0.204956,0.944824
0.392456,-0.342896,0.961060
-0.565796,-0.031250,0.718628
0.242188,-0.055542,1.029541
-0.059204,-0.369019,0.777954
-0.427734,0.194214,0.892700
0.446045,-0.339722,0.989624
-0.519897,-0.072021,0.733032
0.126343,0.039307,1.023071
0.059448,-0.391602,0.825439
-0.517700,0.177002,0.837769
0.445557,-0.276245,1.015259
-0.376465,-0.218994,0.742798
-0.000366,0.124512,1.021606
0.170532,-0.406982,0.849976
-0.574219,0.101196,0.795410
0.441406,-0.245728,1.031250
-0.264404,-0.317261,0.730103
-0.108154,0.141602,0.980103
0.264282,-0.363403,0.894775
-0.593750,0.054932,0.744507
0.404175,-0.203247,1.044067
-0.178101,-0.364746,0.744019
-0.241699,0.156616,0.951904
0.333618,-0.339478,0.933105
-0.586304,0.017334,0.731445
0.319702,-0.119019,1.033691
-0.106567,-0.371826,0.774536
-0.357422,0.170898,0.911499
0.396484,-0.338257,0.966553
-0.539429,-0.035278,0.711670
0.193970,0.010254,1.033936
-0.012085,-0.358398,0.808350
-0.459473,0.169800,0.868164
0.436768,-0.334961,0.996338
-0.494507,-0.123291,0.717041
0.090698,0.096680,1.025757
0.081787,-0.373535,0.815796
-0.523193,0.144775,0.838501
0.439209,-0.265747,1.015015
-0.393188,-0.233398,0.713379
0.014893,0.102905,1.014648
0.191895,-0.405762,0.854004
-0.579102,0.136719,0.790894
0.423340,-0.214478,1.025513
-0.280151,-0.282715,0.736084
-0.092407,0.122559,0.983887
0.264526,-0.425903,0.884521
-0.591187,0.067749,0.761963
0.403442,-0.148804,1.044434
-0.223511,-0.317383,0.713501
-0.213745,0.167114,0.972168
0.346436,-0.428955,0.913574
-0.586914,0.011963,0.751831
0.350220,-0.132324,1.039551
-0.144043,-0.332397,0.737671
-0.329102,0.192627,0.906982
0.381958,-0.346802,0.956543
-0.572388,-0.047729,0.724731
0.275024,-0.113892,1.022339
-0.075684,-0.374878,0.771606
-0.419556,0.209229,0.890137
0.421509,-0.315918,0.986938
-0.532959,-0.049072,0.736938
0.148193,0.001831,1.018921
0.042969,-0.413696,0.814209
-0.515503,0.161377,0.824097
0.434082,-0.244507,1.023071
-0.419189,-0.161011,0.734497
0.038940,0.121704,1.036865
0.156128,-0.419312,0.844727
-0.589355,0.130371,0.784912
0.444946,-0.249390,1.034912
-0.292969,-0.302979,0.726685
-0.060913,0.123657,0.989258
0.214355,-0.371826,0.854126
-0.609375,0.087646,0.754761
0.434937,-0.237183,1.031982
-0.201904,-0.364014,0.722290
-0.164062,0.165894,0.966309
0.278198,-0.337036,0.882080
-0.609741,0.076904,0.745361
0.395386,-0.232056,1.020142
-0.162598,-0.396240,0.734741
-0.249268,0.122559,0.916260
0.328491,-0.333008,0.936646
-0.576660,0.002319,0.704224
0.327148,-0.121704,1.027832
-0.158081,-0.329590,0.760132
-0.313599,0.153442,0.925415
0.380737,-0.365845,0.943115
-0.574707,-0.003906,0.732910
0.269165,-0.073608,1.026733
-0.108765,-0.381836,0.743896
-0.368652,0.179443,0.892212
0.400879,-0.333618,0.962769
-0.559814,-0.017090,0.720581
0.239624,-0.066650,1.028442
-0.052734,-0.380371,0.787598
-0.419189,0.182739,0.873169
0.417603,-0.312744,0.976196
-0.556030,-0.083496,0.700928
0.176270,-0.014404,1.023193
0.016113,-0.408691,0.805664
-0.478271,0.210815,0.880005
0.430054,-0.288818,0.994751
-0.515137,-0.092896,0.726807
0.089844,0.059937,1.019287
0.081421,-0.422607,0.830200
-0.526855,0.192261,0.854858
0.440430,-0.270264,1.003906
-0.450806,-0.138428,0.748047
0.014526,0.133301,1.017700
0.148193,-0.447266,0.834229
-0.547241,0.122314,0.808838
0.433960,-0.214233,1.034668
-0.363281,-0.194946,0.733887
-0.030762,0.155518,1.010742
0.183228,-0.431519,0.848511
-0.576538,0.093628,0.781738
0.442505,-0.213501,1.023315
-0.270386,-0.284912,0.715820
-0.130249,0.212402,0.973511
0.262817,-0.392822,0.872559
-0.577515,0.039062,0.761841
0.389282,-0.200439,1.010254
-0.220337,-0.334473,0.715576
-0.172607,0.163208,0.953247
0.280396,-0.343262,0.896240
-0.592529,0.022705,0.729858
0.385742,-0.168335,1.049438
-0.166504,-0.345703,0.734375
-0.260986,0.167969,0.921387
0.342651,-0.334473,0.943848
-0.608398,0.005371,0.727051
0.301514,-0.137939,1.017090
-0.097168,-0.388062,0.765015
-0.340088,0.165894,0.896362
0.375000,-0.294189,0.971558
-0.566040,-0.014282,0.706421
0.209351,-0.040649,1.016235
-0.014526,-0.411743,0.784668
-0.447388,0.176147,0.863037
0.404785,-0.269287,0.988647
-0.500000,-0.071533,0.716064
0.116455,0.072388,1.021729
0.043091,-0.393921,0.806519
-0.517212,0.132202,0.837036
0.443359,-0.294800,1.009277
-0.411743,-0.163818,0.736450
0.014160,0.162720,1.027222
0.142944,-0.376831,0.825928
-0.562500,0.117188,0.809082
0.436279,-0.265869,1.014160
-0.301025,-0.279663,0.728638
-0.063599,0.164062,0.987305
0.206543,-0.383301,0.836548
-0.600098,0.085693,0.751709
0.443848,-0.240112,1.030518
-0.229614,-0.331543,0.726196
-0.151855,0.167236,0.966553
0.266357,-0.372070,0.871948
-0.605103,0.081665,0.742554
0.403442,-0.195557,1.027222
-0.185059,-0.353149,0.730225
-0.226196,0.159912,0.941528
0.317993,-0.340088,0.916382
-0.611450,0.033691,0.715088
0.341187,-0.146484,1.024536
-0.136230,-0.368286,0.753174
-0.302979,0.165039,0.921509
0.361328,-0.326416,0.946045
-0.598267,0.034546,0.701416
0.263916,-0.079834,1.022217
-0.075562,-0.397949,0.767090
-0.378174,0.180176,0.902100
0.400269,-0.322266,0.960205
-0.561768,-0.026733,0.696289
0.163452,0.005249,0.999146
-0.001587,-0.391357,0.793701
-0.458862,0.172974,0.872925
0.428101,-0.295532,0.998535
-0.505737,-0.096436,0.701782
0.079712,0.095703,1.002808
0.075806,-0.392334,0.807373
-0.541382,0.147583,0.833374
0.437378,-0.279785,1.006958
-0.395264,-0.194336,0.723511
-0.000732,0.153564,1.012573
0.135742,-0.376953,0.832153
-0.590210,0.116333,0.786011
0.455444,-0.276367,1.017090
-0.286621,-0.286133,0.728394
-0.068970,0.185303,0.989624
0.203613,-0.348633,0.851196
-0.595093,0.085693,0.769287
0.416748,-0.237427,1.011719
-0.214844,-0.365723,0.729492
-0.146362,0.153809,0.958130
0.272705,-0.346069,0.886597
-0.621948,0.111816,0.740234
0.401367,-0.197021,1.025024
-0.198486,-0.368896,0.718384
-0.236572,0.110962,0.922852
0.340576,-0.375610,0.923218
-0.596680,0.062744,0.732422
0.302368,-0.076294,1.021118
-0.113159,-0.382324,0.742065
-0.330444,0.154907,0.920532
0.369507,-0.356323,0.945801
-0.577515,-0.009399,0.710083
0.220825,-0.023560,1.010864
-0.044678,-0.355835,0.785278
-0.424316,0.194458,0.891602
0.415039,-0.321167,0.981079
-0.535522,-0.095215,0.695435
0.118774,0.050781,0.994507
0.001709,-0.377563,0.782593
-0.483276,0.166138,0.862183
0.442017,-0.272949,1.016846
-0.459106,-0.130737,0.742188
0.032715,0.143433,1.009155
0.092651,-0.398438,0.811646
-0.532227,0.130127,0.808838
0.436157,-0.254150,1.026611
-0.388306,-0.192749,0.738281
-0.020508,0.157715,1.007080
0.163940,-0.426514,0.821411
-0.577515,0.113770,0.782593
0.427856,-0.227661,1.034790
-0.283691,-0.301514,0.716797
-0.083984,0.190308,0.995361
0.214844,-0.378418,0.843018
-0.610596,0.094360,0.759033
0.434570,-0.256470,1.021606
-0.227173,-0.367188,0.706421
-0.141357,0.161255,0.957153
0.265747,-0.351562,0.861816
-0.615601,0.102051,0.744141
0.398804,-0.240967,1.001465
-0.168945,-0.395264,0.724731
-0.227417,0.148315,0.941162
0.322021,-0.351196,0.909302
-0.626343,0.080200,0.726074
0.355835,-0.167847,1.024170
-0.136475,-0.379028,0.749878
-0.329346,0.164429,0.894775
0.366577,-0.367310,0.927490
-0.587524,0.012939,0.733154
0.291016,-0.076050,1.034668
-0.094116,-0.370605,0.757935
-0.414917,0.203125,0.876587
0.403687,-0.336426,0.951294
-0.545044,-0.049316,0.726440
0.197876,-0.030518,1.007446
-0.034668,-0.391724,0.787109
-0.490112,0.206421,0.855591
0.419556,-0.261963,0.992676
-0.494751,-0.111450,0.707031
0.094971,0.068726,1.029053
0.084595,-0.419189,0.820923
-0.546997,0.172363,0.837646
0.421143,-0.239258,1.001099
-0.384277,-0.197632,0.730957
-0.012939,0.125366,1.002563
0.177979,-0.398926,0.861206
-0.591797,0.110596,0.781616
0.411621,-0.199707,1.029785
-0.275391,-0.313843,0.693604
-0.110107,0.161377,0.980835
0.260010,-0.372192,0.885376
-0.597900,0.075317,0.773560
0.384033,-0.171753,1.027100
-0.203003,-0.366821,0.699707
-0.219360,0.166626,0.935181
0.341064,-0.345825,0.929565
-0.615356,0.042847,0.728760
0.305664,-0.125732,1.011841
-0.128052,-0.383057,0.737305
-0.316284,0.141846,0.903931
0.372925,-0.321167,0.951294
-0.569336,-0.000610,0.698608
0.215698,-0.007690,1.013794
-0.038452,-0.366089,0.788574
-0.441650,0.168091,0.871704
0.401001,-0.307373,0.973755
-0.532471,-0.077881,0.702759
0.137329,0.058350,1.009644
0.033569,-0.394409,0.789429
-0.524536,0.195679,0.836914
0.427368,-0.280273,0.991455
-0.452271,-0.142822,0.735718
0.061646,0.085938,1.008789
0.103638,-0.403076,0.822388
-0.570190,0.164307,0.808350
0.447876,-0.246216,1.012207
-0.359863,-0.191406,0.735352
-0.047607,0.170654,0.999268
0.194824,-0.401855,0.844360
-0.584595,0.103271,0.782837
0.439697,-0.242432,1.022949
-0.292114,-0.281128,0.709473
-0.123657,0.187622,0.964966
0.264771,-0.370483,0.879639
-0.603149,0.074463,0.763306
0.397095,-0.220093,1.015259
-0.212524,-0.367920,0.708130
-0.201782,0.174072,0.937744
0.317993,-0.353516,0.899658
-0.616333,0.065552,0.732056
0.347412,-0.171997,1.005249
-0.150635,-0.389893,0.717896
-0.271484,0.153931,0.907837
0.354614,-0.325806,0.931396
-0.590820,0.062866,0.735596
0.299072,-0.098999,1.011108
-0.099121,-0.357910,0.752808
-0.379272,0.174316,0.869019
0.366577,-0.339966,0.931152
-0.560059,-0.048828,0.696533
0.243652,-0.048096,1.021729
-0.051147,-0.399170,0.756470
-0.473511,0.238770,0.857666
0.419189,-0.313232,0.958252
-0.516602,-0.071533,0.728149
0.120728,0.005981,0.996094
0.043579,-0.422974,0.803833
-0.524536,0.192383,0.819946
0.422607,-0.237549,0.988647
-0.421265,-0.132690,0.750000
0.037231,0.079956,1.015747
0.135010,-0.412476,0.836792
-0.592285,0.147339,0.791382
0.424683,-0.228516,1.007568
-0.298706,-0.266724,0.718018
-0.061523,0.162109,0.994141
0.221313,-0.372681,0.868042
-0.595215,0.102417,0.766846
0.414795,-0.219360,1.011841
-0.238037,-0.293579,0.725708
-0.174072,0.174683,0.957642
0.287842,-0.368164,0.904297
-0.610596,0.051270,0.732300
0.382446,-0.191040,1.015991
-0.162476,-0.364502,0.727051
-0.267578,0.183228,0.907715
0.339722,-0.341431,0.911621
-0.605591,0.046387,0.732910
0.311523,-0.109985,1.014771
-0.118164,-0.354492,0.756714
-0.318970,0.146973,0.896851
0.367798,-0.318359,0.952759
-0.591919,0.019531,0.693481
0.133667,0.041260,1.026855
-0.050293,-0.368896,0.765137
-0.489990,0.149048,0.857544
0.466064,-0.266968,1.043091
-0.559326,-0.060669,0.692261
0.036743,0.117188,1.028687
0.026489,-0.416260,0.792114
-0.526978,0.114502,0.845703
0.466064,-0.284058,1.027832
-0.328735,-0.239380,0.743164
-0.029419,0.128052,1.012939
0.212280,-0.366211,0.878784
-0.558716,0.060425,0.774048
0.464722,-0.259155,1.042480
-0.262085,-0.327393,0.723633
-0.122437,0.143188,0.980591
0.290771,-0.367188,0.905396
-0.579346,0.048828,0.757690
0.405029,-0.233521,1.023560
-0.183716,-0.386475,0.749878
-0.202637,0.113037,0.951782
0.328247,-0.345947,0.927612
-0.584106,0.046753,0.756592
0.365723,-0.161621,1.048706
-0.141968,-0.348145,0.781250
-0.294434,0.152954,0.934937
0.373169,-0.343994,0.952637
-0.575928,-0.002930,0.725708
0.308838,-0.114380,1.048340
-0.085815,-0.351562,0.794189
-0.367676,0.177490,0.908325
0.412598,-0.344116,0.978149
-0.531738,-0.043579,0.729248
0.206299,0.010132,1.050049
-0.019897,-0.359009,0.813965
-0.421753,0.174683,0.899170
0.428955,-0.334717,0.989502
-0.515503,-0.122070,0.717529
0.147583,0.028076,1.034302
0.057617,-0.378174,0.834473
-0.499268,0.168823,0.857910
0.454956,-0.275269,1.030518
-0.446411,-0.187866,0.740967
0.049194,0.080566,1.033203
0.151001,-0.440796,0.831787
-0.547119,0.153687,0.820679
0.429565,-0.231934,1.014526
-0.335083,-0.209229,0.755615
-0.010132,0.090210,1.004883
0.206909,-0.422852,0.868042
-0.570923,0.081421,0.776245
0.433716,-0.184814,1.045410
-0.260620,-0.286011,0.731689
-0.108398,0.131348,0.983276
0.276367,-0.424072,0.888306
-0.577637,0.054443,0.758789
0.406982,-0.164307,1.034668
-0.202271,-0.294556,0.735229
-0.206543,0.157349,0.968872
0.335449,-0.380005,0.927490
-0.590332,0.023926,0.746338
0.370483,-0.172974,1.039795
-0.124390,-0.362671,0.762573
-0.330688,0.199463,0.920532
0.367310,-0.323608,0.954102
-0.564941,-0.024292,0.736206
0.292358,-0.133789,1.032104
-0.077515,-0.392822,0.778442
-0.383911,0.164429,0.885742
0.400513,-0.304565,0.974854
-0.526123,-0.068604,0.711182
0.205322,-0.031250,1.033691
-0.002319,-0.364624,0.825806
-0.454468,0.166382,0.875488
0.420532,-0.289551,1.006592
-0.495728,-0.151245,0.698853
0.122437,0.061157,1.019897
0.061035,-0.378296,0.827271
-0.506348,0.170776,0.860229
0.449951,-0.283447,1.018311
-0.432983,-0.165771,0.741943
0.034790,0.143066,1.035767
0.116577,-0.402588,0.838379
-0.530518,0.085815,0.818481
0.458618,-0.275269,1.028687
-0.372559,-0.218384,0.723511
-0.036743,0.150757,1.004639
0.199219,-0.405884,0.854004
-0.552979,0.088135,0.795654
0.450317,-0.233032,1.047363
-0.321533,-0.282837,0.720825
-0.084961,0.153564,0.990112
0.261353,-0.422119,0.874023
-0.574585,0.090820,0.784668
0.431030,-0.194580,1.049927
-0.240967,-0.338501,0.717163
-0.171265,0.165771,0.968628
0.303345,-0.404907,0.901978
-0.574951,0.035522,0.758301
0.404541,-0.165405,1.061890
-0.191528,-0.330811,0.733154
-0.254517,0.172974,0.952759
0.348999,-0.382324,0.934692
-0.586914,0.011597,0.739868
0.349854,-0.128174,1.038574
-0.140381,-0.342285,0.744019
-0.317017,0.182983,0.921021
0.371704,-0.327881,0.959595
-0.573242,-0.061890,0.716675
0.286377,-0.120483,1.032593
-0.080933,-0.380249,0.771729
-0.391235,0.190796,0.891724
0.401001,-0.285400,0.993408
-0.532349,-0.079712,0.716675
0.191406,-0.005249,1.036011
0.006470,-0.404419,0.803711
-0.474976,0.204956,0.865845
0.425049,-0.294434,0.997192
-0.506226,-0.134766,0.725708
0.124390,0.012817,1.027222
0.089111,-0.402100,0.831055
-0.544800,0.209473,0.843628
0.431885,-0.248169,1.014893
-0.410156,-0.216797,0.734863
0.024902,0.051025,1.020386
0.163330,-0.437622,0.849243
-0.567627,0.148071,0.799438
0.439209,-0.207275,1.016235
-0.315430,-0.209351,0.744019
-0.070190,0.103760,0.985352
0.247192,-0.433105,0.878052
-0.562256,0.059692,0.768555
0.415894,-0.167725,1.042114
-0.242188,-0.274536,0.735107
-0.192261,0.162964,0.972900
0.319824,-0.424927,0.896729
-0.577271,0.026123,0.738892
0.384766,-0.149170,1.050415
-0.168701,-0.333008,0.734009
-0.306396,0.201416,0.927612
0.364624,-0.387085,0.925781
-0.571167,-0.058350,0.721069
0.314941,-0.109985,1.051636
-0.098633,-0.364380,0.757935
-0.394897,0.210571,0.884155
0.402100,-0.322266,0.963623
-0.536133,-0.089966,0.710693
0.210327,-0.044434,1.039185
-0.006104,-0.392822,0.798950
-0.484497,0.188232,0.857422
0.416626,-0.272583,0.997192
-0.457397,-0.156128,0.730957
0.076050,0.068848,1.026733
0.104248,-0.391968,0.837158
-0.538818,0.135254,0.814941
0.432495,-0.232910,1.016724
-0.338013,-0.217407,0.742920
-0.046265,0.132568,0.998291
0.215088,-0.408203,0.868530
-0.579834,0.062378,0.773560
0.415649,-0.218262,1.033569
-0.234741,-0.325928,0.711182
-0.167603,0.170654,0.970825
0.291504,-0.351807,0.900269
-0.586914,0.015259,0.752686
0.378906,-0.182617,1.040405
-0.166748,-0.348633,0.733154
-0.292114,0.195923,0.928955
0.365356,-0.343994,0.951294
-0.581909,-0.031006,0.728149
0.268311,-0.094360,1.029297
-0.075439,-0.389282,0.762573
-0.410400,0.192749,0.880249
0.396118,-0.298706,0.970459
-0.524902,-0.090332,0.723633
0.155396,0.000488,1.025879
0.036743,-0.406860,0.816406
-0.516602,0.170288,0.834595
0.426880,-0.243286,1.016357
-0.406494,-0.210083,0.722900
0.015137,0.129883,1.029663
0.164429,-0.396118,0.858765
-0.575195,0.105103,0.804077
0.418335,-0.229248,1.026001
-0.275879,-0.304443,0.710571
-0.099731,0.166870,0.985596
0.257202,-0.383179,0.869019
-0.593018,0.051636,0.768433
0.406738,-0.214966,1.020996
-0.203247,-0.348755,0.720337
-0.226685,0.160645,0.933838
0.319458,-0.348267,0.906982
-0.587524,0.014404,0.740845
0.359253,-0.162598,1.031250
-0.148071,-0.361206,0.746094
-0.304077,0.164795,0.903564
0.361328,-0.333374,0.941528
-0.593628,0.010376,0.718262
0.253906,-0.087280,1.012695
-0.068481,-0.374268,0.786865
-0.392822,0.173828,0.899414
0.397339,-0.297485,0.973755
-0.534790,-0.040405,0.703979
0.150757,0.036987,1.013306
0.015747,-0.382080,0.812012
-0.475586,0.157593,0.868164
0.414429,-0.291992,0.982544
-0.494507,-0.121582,0.704224
0.083130,0.068604,1.005615
0.101196,-0.400879,0.837402
-0.542358,0.159180,0.830444
0.417725,-0.243042,1.012329
-0.405273,-0.214722,0.706909
0.008545,0.141968,1.024414
0.161011,-0.394165,0.853882
-0.581055,0.130859,0.810303
0.443604,-0.247070,1.018799
-0.315308,-0.265869,0.719727
-0.080444,0.167236,0.993286
0.230103,-0.385132,0.868530
-0.583496,0.066895,0.771362
0.433350,-0.213745,1.038940
-0.258545,-0.297607,0.714355
-0.166382,0.176147,0.964722
0.297729,-0.377563,0.894531
-0.610596,0.063110,0.752686
0.393799,-0.197510,1.033081
-0.191650,-0.350952,0.728638
-0.235840,0.160034,0.931641
0.332397,-0.339844,0.914429
-0.606079,0.034058,0.725830
0.357910,-0.185181,1.020630
-0.129272,-0.378662,0.746338
-0.317139,0.171997,0.901489
0.352661,-0.321289,0.935913
-0.593872,0.007690,0.718994
0.292480,-0.124023,1.006226
-0.079712,-0.419434,0.755981
-0.380249,0.180908,0.890747
0.380615,-0.287598,0.963623
-0.564453,-0.024292,0.708008
0.210693,-0.025024,1.024780
-0.019165,-0.400757,0.784790
-0.459839,0.187378,0.875488
0.405151,-0.275513,0.984375
-0.535645,-0.100342,0.687622
0.115967,0.055176,1.017944
0.073242,-0.412964,0.811035
-0.526123,0.186157,0.845825
0.431152,-0.248291,1.016968
-0.441650,-0.144287,0.733887
0.018433,0.102539,1.012695
0.149414,-0.408203,0.846191
-0.568237,0.107666,0.802979
0.428711,-0.224731,1.018555
-0.314209,-0.248901,0.713135
-0.072021,0.170898,0.991089
0.229126,-0.364868,0.870605
-0.609619,0.068237,0.758423
0.412231,-0.246460,1.019043
-0.226318,-0.351318,0.706787
-0.158813,0.161621,0.955200
0.290649,-0.333008,0.899048
-0.618164,0.070190,0.737549
0.359131,-0.197388,1.006958
-0.166260,-0.383179,0.724243
-0.249390,0.136108,0.923828
0.347656,-0.342529,0.930786
-0.584717,0.049316,0.728149
0.284790,-0.068848,1.017456
-0.122192,-0.338013,0.755127
-0.363037,0.137573,0.881226
0.399902,-0.401489,0.950195
-0.554077,-0.053223,0.717041
0.233643,-0.025024,1.027588
-0.071533,-0.343018,0.765503
-0.477173,0.223145,0.857422
0.419434,-0.284302,0.986084
-0.503540,-0.113281,0.729492
0.139038,0.007568,1.019409
0.026978,-0.436279,0.791626
-0.547241,0.219238,0.831543
0.438354,-0.293457,0.982666
-0.432861,-0.150146,0.730347
0.046265,0.083984,1.017212
0.124268,-0.386841,0.839722
-0.578369,0.181396,0.812256
0.439087,-0.268188,0.987915
-0.352051,-0.240356,0.737793
-0.038574,0.113525,1.001465
0.214600,-0.423096,0.857422
-0.600098,0.135864,0.780518
0.420288,-0.195679,1.014648
-0.262085,-0.269775,0.719482
-0.153687,0.159546,0.964844
0.277344,-0.404663,0.891479
-0.579956,0.030762,0.755371
0.388428,-0.149048,1.037354
-0.212402,-0.332031,0.696655
-0.256958,0.196655,0.930176
0.344360,-0.372070,0.920532
-0.573730,-0.002319,0.745972
0.345093,-0.130005,1.024048
-0.164795,-0.347046,0.720825
-0.338623,0.188721,0.885864
0.377686,-0.357666,0.940674
-0.558716,-0.047974,0.722290
0.296875,-0.074219,1.038452
-0.113525,-0.383179,0.730469
-0.417969,0.220337,0.871216
0.397461,-0.319336,0.960327
-0.531372,-0.070923,0.706421
0.197754,-0.015869,1.031616
-0.030762,-0.414062,0.778931
-0.476929,0.201538,0.871582
0.423218,-0.292480,0.982544
-0.528320,-0.083984,0.702393
0.112061,0.071045,1.024048
0.065552,-0.404541,0.806519
-0.536011,0.189575,0.844727
0.416870,-0.273193,0.989746
-0.449097,-0.168823,0.718994
0.060059,0.093872,1.018921
0.124390,-0.397949,0.831665
-0.570801,0.166504,0.806885
0.427124,-0.246338,0.994751
-0.359619,-0.215332,0.727295
-0.027100,0.144287,1.002930
0.192749,-0.406128,0.852661
-0.578003,0.120850,0.795044
0.419434,-0.208740,1.011230
-0.307129,-0.246948,0.710693
-0.107910,0.187012,0.974854
0.268799,-0.398682,0.885010
-0.601929,0.058228,0.769897
0.388428,-0.186523,1.013428
-0.239380,-0.326538,0.687012
-0.171265,0.196533,0.966919
0.307739,-0.391724,0.883545
-0.598999,0.059204,0.765015
0.387207,-0.194092,1.030762
-0.184570,-0.359497,0.712646
-0.247070,0.183472,0.920654
0.340210,-0.345947,0.907471
-0.604492,0.020874,0.730103
0.344482,-0.158447,1.025513
-0.128052,-0.398682,0.725098
-0.327881,0.194824,0.898804
0.359741,-0.343872,0.924683
-0.587402,0.012207,0.726074
0.259521,-0.092773,1.008301
-0.070679,-0.392578,0.756592
-0.392944,0.188843,0.878906
0.388306,-0.285034,0.963379
-0.567749,-0.035645,0.694946
0.187622,-0.019287,1.008057
-0.015747,-0.402222,0.793091
-0.461548,0.172852,0.873413
0.405396,-0.265747,0.982788
-0.508179,-0.080688,0.707764
0.073608,0.098267,1.011475
0.083374,-0.412842,0.812866
-0.537842,0.149658,0.824341
0.420532,-0.269043,0.986572
-0.427612,-0.148438,0.706543
0.010010,0.151245,1.001099
0.145264,-0.391602,0.830200
-0.585083,0.149292,0.800049
0.434082,-0.273682,1.000122
-0.335327,-0.245728,0.709106
-0.052612,0.178589,0.991333
0.208862,-0.369019,0.854492
-0.608154,0.108521,0.775757
0.424316,-0.213867,1.019531
-0.257324,-0.329956,0.698608
-0.121338,0.171875,0.975342
0.256958,-0.359863,0.879639
-0.635254,0.107666,0.751709
0.401245,-0.216797,1.008545
-0.177124,-0.378784,0.720093
-0.191528,0.156860,0.954224
0.291138,-0.325684,0.897949
-0.633789,0.081421,0.725342
0.363525,-0.191406,1.006592
-0.135986,-0.394165,0.737793
-0.279297,0.171143,0.907837
0.345581,-0.342285,0.923096
-0.612671,0.056885,0.724365
0.296753,-0.115356,0.999878
-0.103882,-0.368042,0.754150
-0.350220,0.171387,0.895996
0.381958,-0.309448,0.958130
-0.584961,0.019653,0.703613
0.209839,-0.009033,1.013428
-0.031372,-0.399536,0.764282
-0.442871,0.188599,0.878052
0.407715,-0.296997,0.959351
-0.536133,-0.053101,0.703247
0.114502,0.061279,0.990479
0.039307,-0.384033,0.817505
-0.504272,0.169556,0.844849
0.417236,-0.269043,0.989624
-0.465210,-0.136841,0.704102
0.048706,0.124756,1.008911
0.115601,-0.392578,0.818848
-0.563477,0.167725,0.814941
0.432983,-0.232178,1.013428
-0.351074,-0.237549,0.717041
-0.035889,0.174316,0.996704
0.192505,-0.401489,0.846558
-0.582397,0.129883,0.805176
0.417603,-0.227295,1.002686
-0.278809,-0.258911,0.718262
-0.114502,0.165161,0.963867
0.254639,-0.413452,0.865601
-0.605469,0.077393,0.760132
0.411133,-0.164795,1.032715
-0.208252,-0.312134,0.715698
-0.199585,0.183472,0.946167
0.304199,-0.379517,0.896118
-0.605469,0.055298,0.750488
0.383545,-0.184448,1.014648
-0.182983,-0.359009,0.707153
-0.257080,0.182861,0.907593
0.355347,-0.343872,0.924561
-0.607056,0.030273,0.725342
0.329956,-0.123657,1.026367
-0.137329,-0.401733,0.720459
-0.320435,0.168091,0.879517
0.374023,-0.326904,0.935181
-0.593506,0.023804,0.723755
0.262085,-0.087402,0.999512
-0.076538,-0.412476,0.740479
-0.385498,0.186157,0.879395
0.398071,-0.304443,0.957642
-0.581665,-0.020386,0.698853
0.175537,-0.016846,0.997681
-0.009888,-0.422241,0.779785
-0.462646,0.179688,0.854492
0.409180,-0.255005,0.981567
-0.532227,-0.046875,0.715942
0.107178,0.076782,1.012085
0.072388,-0.401245,0.809326
-0.531372,0.168945,0.829834
0.423340,-0.246460,1.008057
-0.450439,-0.114624,0.715942
0.017944,0.165894,1.010132
0.150269,-0.396729,0.828491
-0.579224,0.139282,0.804810
0.419189,-0.246582,1.004761
-0.335571,-0.229004,0.723511
-0.040405,0.181885,0.995972
0.206909,-0.380493,0.835083
-0.623291,0.139160,0.775024
0.424927,-0.233154,1.022461
-0.235718,-0.326538,0.718018
-0.132812,0.171753,0.959595
0.250732,-0.353638,0.866821
-0.614624,0.109863,0.760254
0.412109,-0.186646,1.036621
-0.180664,-0.354370,0.731934
-0.203125,0.164917,0.929565
0.303467,-0.350830,0.898315
-0.622925,0.078247,0.735718
0.363647,-0.166260,1.002686
-0.121826,-0.367798,0.742432
-0.304810,0.190308,0.904175
0.355103,-0.325439,0.929199
-0.598022,0.025513,0.715332
0.277832,-0.073486,1.005615
-0.079590,-0.394409,0.743896
-0.387207,0.204956,0.885742
0.386719,-0.318237,0.947632
-0.575562,-0.009033,0.700439
0.188599,0.010864,0.994141
-0.008179,-0.409668,0.770630
-0.468994,0.188110,0.858154
0.416626,-0.275757,0.984375
-0.516846,-0.068481,0.705200
0.095093,0.104492,1.020630
0.064209,-0.407715,0.787231
-0.550903,0.168335,0.843140
0.449585,-0.283325,0.997314
-0.428711,-0.127319,0.728394
-0.007568,0.183228,0.999878
0.149292,-0.360718,0.839722
-0.573364,0.129150,0.811035
0.436523,-0.251343,1.010010
-0.335449,-0.229248,0.723022
-0.084473,0.194946,0.976074
0.226440,-0.377319,0.858276
-0.592407,0.090332,0.766602
0.413818,-0.207275,1.018921
-0.235107,-0.316772,0.723999
-0.150269,0.168335,0.948120
0.275879,-0.343506,0.890259
-0.611206,0.092651,0.751465
0.389648,-0.192017,1.013184
-0.168945,-0.360840,0.732544
-0.221802,0.161377,0.921387
0.332642,-0.328857,0.921631
-0.612549,0.111084,0.749512
0.327759,-0.142944,0.992188
-0.125000,-0.374146,0.738647
-0.313721,0.144653,0.880249
0.377563,-0.333618,0.931152
-0.591064,0.070923,0.716675
0.240601,-0.033203,0.999146
-0.055786,-0.369629,0.768433
-0.405029,0.172119,0.864136
0.393677,-0.305542,0.951050
-0.547729,-0.025024,0.698608
0.155884,0.049561,0.987305
0.011108,-0.379639,0.782959
-0.479736,0.192383,0.852661
0.410156,-0.276978,0.972412
-0.492310,-0.087280,0.714600
0.091064,0.079468,1.003662
0.079102,-0.401001,0.808716
-0.552368,0.208984,0.845581
0.427856,-0.245972,1.001709
-0.404541,-0.169556,0.719849
0.020874,0.183838,1.029175
0.143799,-0.408203,0.822998
-0.587402,0.189087,0.813232
0.424438,-0.240723,0.992065
-0.325928,-0.239014,0.731689
-0.042480,0.158447,0.997192
0.201660,-0.394287,0.855713
-0.610718,0.145020,0.774170
0.417969,-0.191895,1.006836
-0.264404,-0.269043,0.712402
-0.124390,0.195679,0.979004
0.268799,-0.389648,0.880249
-0.605957,0.090088,0.762817
0.399048,-0.165405,1.016235
-0.207153,-0.309937,0.719727
-0.195557,0.210327,0.953735
0.332153,-0.383789,0.905029
-0.621460,0.073608,0.747314
0.368286,-0.159790,1.009888
-0.139648,-0.350952,0.726562
-0.285156,0.209106,0.918579
0.358765,-0.348633,0.912842
-0.609985,0.042480,0.720215
0.324219,-0.134033,1.005005
-0.087524,-0.395752,0.731323
-0.360352,0.206421,0.871704
0.372559,-0.287720,0.939087
-0.573364,-0.031860,0.696289
0.231689,-0.052856,1.002686
-0.036743,-0.427368,0.762207
-0.422485,0.200928,0.870605
0.398315,-0.261963,0.958130
-0.554932,-0.045532,0.695801
0.150391,0.008423,0.990234
0.037598,-0.431030,0.791260
-0.483887,0.197266,0.851929
0.423462,-0.238892,0.982666
-0.490723,-0.059570,0.734741
0.049927,0.096191,1.001221
0.104736,-0.407837,0.819824
-0.527466,0.168091,0.825806
0.422852,-0.206787,1.002197
-0.408691,-0.126953,0.741333
-0.014648,0.144287,0.996338
0.179199,-0.429321,0.843018
-0.575073,0.136230,0.791016
0.424072,-0.170776,1.025024
-0.307861,-0.201172,0.731934
-0.089478,0.193970,0.983643
0.248657,-0.433838,0.855591
-0.608887,0.101929,0.752686
0.419800,-0.164307,1.022827
-0.221436,-0.269287,0.725098
-0.178223,0.198730,0.950195
0.301147,-0.377319,0.900879
-0.606934,0.037476,0.730957
0.386719,-0.134277,1.028320
-0.166016,-0.336426,0.716797
-0.252441,0.223511,0.924805
0.350342,-0.345459,0.910156
-0.604126,0.039917,0.724365
0.316040,-0.121826,1.010010
-0.096191,-0.406616,0.727905
-0.336060,0.195190,0.874146
0.374512,-0.309082,0.924683
-0.574707,0.024170,0.715454
0.240234,-0.056396,1.000854
-0.040771,-0.420166,0.752319
-0.427734,0.211914,0.858643
0.403076,-0.272705,0.958984
-0.527222,-0.042236,0.721313
0.130981,0.023071,0.992065
0.043823,-0.424561,0.785156
-0.514893,0.216919,0.840088
0.424927,-0.243286,0.977661
-0.436157,-0.103516,0.738770
0.035645,0.127197,1.014526
0.128174,-0.417358,0.817871
-0.569946,0.156860,0.804810
0.428711,-0.197510,1.006836
-0.322510,-0.208374,0.737183
-0.061157,0.187622,0.996582
0.218994,-0.384644,0.854004
-0.604248,0.108154,0.773193
0.416504,-0.207520,1.021362
-0.215454,-0.332764,0.717651
-0.156128,0.180420,0.951172
0.290649,-0.333252,0.896606
-0.619263,0.101440,0.734009
0.378296,-0.160767,1.016235
-0.127197,-0.367920,0.739624
-0.248901,0.162964,0.905884
0.336670,-0.314209,0.906494
-0.604126,0.074707,0.728882
0.316772,-0.112305,1.003784
-0.065552,-0.401978,0.744507
-0.363770,0.194092,0.876831
0.373657,-0.286011,0.935059
-0.556885,-0.027466,0.698730
0.223999,-0.030029,1.005249
-0.014771,-0.404297,0.772705
-0.467529,0.209839,0.843506
0.416016,-0.281616,0.960571
-0.510742,-0.084106,0.700928
0.104980,0.085205,1.017822
0.073364,-0.390381,0.805664
-0.535400,0.180542,0.834717
0.426025,-0.249756,0.991211
-0.393921,-0.153198,0.734741
-0.003784,0.191528,1.014893
0.167847,-0.378906,0.834351
-0.568237,0.125732,0.792969
0.419312,-0.194702,1.018066
-0.300415,-0.247925,0.723877
-0.079712,0.176147,0.978149
0.256714,-0.370239,0.873901
-0.613647,0.124634,0.764771
0.404419,-0.158569,1.012329
-0.193604,-0.339844,0.714478
-0.194336,0.180908,0.934326
0.321655,-0.350708,0.900513
-0.605713,0.095459,0.743286
0.364136,-0.110718,1.022461
-0.126831,-0.334229,0.740479
-0.307983,0.168823,0.883057
0.382812,-0.363037,0.928833
-0.577271,0.005615,0.712891
0.250000,0.004028,1.012573
-0.059448,-0.391235,0.729126
-0.385254,0.203369,0.876099
0.401123,-0.283691,0.960693
-0.524780,-0.095093,0.721436
0.138428,0.008057,0.995117
0.016235,-0.401611,0.774536
-0.491699,0.212158,0.833496
0.424927,-0.227173,0.985474
-0.424438,-0.099487,0.741211
0.039429,0.157349,1.019531
0.134644,-0.398315,0.819946
-0.578125,0.152832,0.786011
0.423096,-0.201660,0.993896
-0.295532,-0.256226,0.722290
-0.058838,0.198486,0.995728
0.240112,-0.400391,0.851562
-0.619751,0.177124,0.783691
0.407349,-0.187866,1.003296
-0.198242,-0.357910,0.706665
-0.133423,0.171265,0.963989
0.280884,-0.341553,0.879639
-0.633423,0.144897,0.749146
0.406982,-0.183960,1.006470
-0.119507,-0.362549,0.745972
-0.258667,0.167114,0.897217
0.333008,-0.317505,0.923828
-0.595215,0.046997,0.711548
0.337891,-0.096436,1.021851
-0.097168,-0.393921,0.717773
-0.466187,0.209961,0.859375
0.408936,-0.287231,0.971924
-0.527710,-0.062134,0.718018
0.117065,0.037964,1.007324
-0.049316,-0.383789,0.771484
-0.510132,0.168213,0.848511
0.423096,-0.257690,1.009277
-0.477051,-0.120483,0.701416
0.049683,0.125366,1.017212
0.120361,-0.419312,0.814331
-0.552979,0.164917,0.817017
0.429199,-0.240967,1.009033
-0.378174,-0.180664,0.733643
-0.021729,0.150391,1.000000
0.162231,-0.422607,0.828979
-0.558960,0.120972,0.796997
0.432129,-0.205933,1.022461
-0.307983,-0.269775,0.719482
-0.093750,0.197510,0.980957
0.218872,-0.401978,0.841064
-0.588623,0.092529,0.776733
0.427612,-0.239014,1.024658
-0.258667,-0.296631,0.720581
-0.169189,0.180908,0.962036
0.286621,-0.393311,0.878662
-0.594849,0.053955,0.748657
0.395630,-0.164307,1.038208
-0.205322,-0.326172,0.718384
-0.231934,0.204834,0.942871
0.325073,-0.360229,0.903076
-0.591431,0.019897,0.734497
0.365479,-0.160767,1.038330
-0.168091,-0.366943,0.713257
-0.321777,0.195312,0.900879
0.378174,-0.361084,0.928711
-0.579590,0.005127,0.736694
0.295898,-0.098633,1.025391
-0.111816,-0.384155,0.741577
-0.390381,0.199951,0.876831
0.389648,-0.323608,0.956909
-0.550537,-0.048706,0.703125
0.199219,-0.029175,1.018555
-0.025513,-0.392456,0.792114
-0.470825,0.197510,0.863647
0.412842,-0.276367,0.980713
-0.509888,-0.093872,0.708496
0.084351,0.087769,1.014282
0.085571,-0.414429,0.822998
-0.526001,0.177734,0.843872
0.431274,-0.232056,1.005493
-0.426147,-0.147095,0.722046
-0.007568,0.125732,1.010376
0.173828,-0.410767,0.857544
-0.577637,0.111938,0.790771
0.426880,-0.197510,1.032104
-0.306152,-0.272217,0.709473
-0.106567,0.167480,0.985596
0.255615,-0.385986,0.880737
-0.604980,0.081909,0.762451
0.397339,-0.177002,1.027344
-0.211182,-0.356567,0.692505
-0.212158,0.178101,0.943726
0.313721,-0.333984,0.907471
-0.602539,0.027222,0.731567
0.353882,-0.161255,1.021118
-0.147827,-0.387939,0.721558
-0.317017,0.174072,0.893066
0.370117,-0.331055,0.930786
-0.578247,0.029663,0.725342
0.248657,-0.078613,1.000488
-0.072021,-0.376709,0.777466
-0.401245,0.159302,0.872925
0.387451,-0.286621,0.961548
-0.553711,-0.040894,0.695190
0.150513,0.029419,1.008911
0.035400,-0.395996,0.811646
-0.506836,0.164307,0.846436
0.410278,-0.259766,0.988281
-0.476807,-0.109497,0.698730
0.038330,0.125732,0.993042
0.126343,-0.389160,0.839722
-0.561035,0.133179,0.813721
0.431152,-0.241577,1.011475
-0.361084,-0.227295,0.704712
-0.048584,0.192871,1.003784
0.207520,-0.383423,0.859131
-0.589966,0.113159,0.790771
0.413452,-0.196533,1.015137
-0.266113,-0.298462,0.713013
-0.126343,0.180664,0.969360
0.274170,-0.413208,0.873535
-0.611450,0.067627,0.752808
0.393188,-0.173828,1.027344
-0.204102,-0.337402,0.704102
-0.231323,0.187256,0.927002
0.320312,-0.338135,0.912842
-0.586426,0.013306,0.741211
0.346436,-0.145996,1.028320
-0.148315,-0.373047,0.728516
-0.322998,0.180786,0.878052
0.361084,-0.331177,0.925781
-0.565308,0.013916,0.727905
0.261597,-0.072998,1.015503
-0.093506,-0.383545,0.748047
-0.414185,0.191406,0.881348
0.395752,-0.325073,0.944824
-0.544800,-0.024902,0.719482
0.177002,0.012695,1.007080
-0.008789,-0.385010,0.785645
-0.493286,0.190552,0.853394
0.422241,-0.300049,0.970093
-0.485718,-0.099121,0.724365
0.077026,0.106323,1.017700
0.077637,-0.384766,0.811768
-0.553467,0.170410,0.811401
0.436279,-0.294189,0.983032
-0.406738,-0.192261,0.731567
0.015503,0.101562,1.005249
0.151001,-0.396484,0.833130
-0.585205,0.177124,0.791382
0.415649,-0.208008,0.992065
-0.295776,-0.266846,0.724609
-0.078003,0.157959,0.992188
0.224609,-0.405029,0.873779
-0.607788,0.097534,0.769165
0.403320,-0.168945,1.021118
-0.235352,-0.294312,0.702637
-0.179077,0.179321,0.970093
0.294922,-0.410156,0.891113
-0.597534,0.043823,0.732544
0.356934,-0.097290,1.018433
-0.173584,-0.317505,0.721069
-0.281006,0.201904,0.936401
0.361328,-0.386719,0.930786
-0.586548,-0.024048,0.708374
0.280029,-0.098999,1.002808
-0.126099,-0.365723,0.714478
-0.361816,0.197754,0.890869
0.397827,-0.304443,0.957520
-0.564453,-0.075317,0.696045
0.172119,-0.024902,1.001587
-0.020142,-0.407349,0.779541
-0.473145,0.219360,0.856079
0.421265,-0.268066,0.976440
-0.495361,-0.108032,0.728760
0.053955,0.057129,1.000122
0.105225,-0.447144,0.816162
-0.558228,0.158447,0.812866
0.434937,-0.222412,0.996948
-0.346436,-0.180420,0.744385
-0.064941,0.154541,0.976685
0.233887,-0.420410,0.860352
-0.586182,0.087646,0.769043
0.390503,-0.144409,1.030884
-0.228027,-0.308960,0.713745
-0.173218,0.168335,0.952393
0.308960,-0.376465,0.906372
-0.614624,0.065063,0.740112
0.340698,-0.138184,1.010254
-0.145996,-0.367310,0.726685
-0.279907,0.192383,0.924072
0.354614,-0.325684,0.931519
-0.589600,0.009644,0.721558
0.258301,-0.068115,1.015015
-0.069824,-0.405151,0.751831
-0.400757,0.199097,0.886841
0.389160,-0.295776,0.959106
-0.550171,-0.072266,0.703369
0.144653,0.032227,1.001587
0.022339,-0.411743,0.785034
-0.509155,0.224243,0.861694
0.426758,-0.277954,0.980225
-0.460693,-0.124512,0.735107
0.044312,0.119507,1.006470
0.115112,-0.369751,0.841919
-0.585693,0.165039,0.795654
0.427246,-0.246460,0.999878
-0.332153,-0.239746,0.729004
-0.040894,0.183716,1.007446
0.190918,-0.376465,0.848267
-0.600586,0.128906,0.779663
0.433594,-0.224854,1.013062
-0.247314,-0.295776,0.724365
-0.138306,0.177124,0.961182
0.265137,-0.364868,0.886841
-0.611450,0.066650,0.746582
0.393677,-0.169189,1.028076
-0.189453,-0.348755,0.713135
-0.216797,0.164429,0.932373
0.322632,-0.348511,0.912964
-0.612427,0.045532,0.733643
0.353149,-0.133423,1.028442
-0.136108,-0.383301,0.726562
-0.325928,0.177734,0.887939
0.368774,-0.330078,0.932007
-0.584717,0.029419,0.711670
0.265259,-0.069214,1.012451
-0.066528,-0.383301,0.758911
-0.406616,0.189819,0.871338
0.385376,-0.292603,0.949951
-0.550415,-0.039795,0.703735
0.165161,0.010376,1.005127
0.002930,-0.419434,0.770020
-0.488281,0.200317,0.853027
0.419434,-0.269409,0.977051
-0.476562,-0.083984,0.737061
0.066162,0.093384,1.000366
0.092163,-0.406006,0.807861
-0.552856,0.174316,0.825806
0.423950,-0.213501,1.010254
-0.363770,-0.183716,0.729858
-0.030151,0.141235,0.998779
0.185669,-0.438232,0.826782
-0.592285,0.123901,0.780518
0.422729,-0.190186,1.019165
-0.275635,-0.272339,0.713745
-0.148438,0.185303,0.953979
0.297974,-0.404297,0.881958
-0.597412,0.073608,0.758057
0.374756,-0.131348,1.030762
-0.192017,-0.340088,0.706909
-0.244385,0.177612,0.927734
0.343262,-0.367432,0.911499
-0.604858,0.019775,0.727417
0.323486,-0.122803,1.018677
-0.118042,-0.371216,0.727661
-0.347534,0.200928,0.878418
0.380859,-0.303833,0.944336
-0.560425,-0.034790,0.708374
0.218750,-0.054321,1.000000
-0.047241,-0.387817,0.786499
-0.467163,0.204346,0.851440
0.422241,-0.287354,0.979126
-0.508057,-0.073242,0.735107
0.086182,0.089233,1.022949
0.067627,-0.388916,0.818726
-0.539429,0.163452,0.833252
0.423584,-0.259644,0.983765
-0.363892,-0.205444,0.727051
-0.011475,0.184448,1.006470
0.166992,-0.356934,0.839600
-0.602905,0.129517,0.770996
0.419312,-0.260132,0.989990
-0.265503,-0.324463,0.704956
-0.087646,0.147827,0.968994
0.244141,-0.357300,0.873779
-0.612793,0.109497,0.750366
0.393433,-0.185791,1.002930
-0.197021,-0.348022,0.712891
-0.194092,0.159424,0.950073
0.324707,-0.372681,0.912720
-0.610107,0.081543,0.751709
0.326904,-0.086060,1.016602
-0.145386,-0.359619,0.710571
-0.294800,0.184692,0.905518
0.367798,-0.356567,0.927612
-0.587646,-0.015503,0.721191
0.262329,-0.067139,1.005737
-0.083008,-0.395264,0.735474
-0.416748,0.221558,0.873413
0.401245,-0.304688,0.956299
-0.529541,-0.078491,0.713501
0.160400,-0.008179,0.999023
-0.005249,-0.405762,0.784058
-0.507324,0.202759,0.840820
0.415771,-0.256226,0.976929
-0.444580,-0.118530,0.739136
0.040039,0.139771,1.018799
0.114380,-0.393066,0.828735
-0.553955,0.147827,0.812134
0.426270,-0.216064,1.009521
-0.364136,-0.196045,0.707397
-0.056519,0.191406,0.999268
0.233887,-0.418335,0.862061
-0.604614,0.115723,0.782959
0.400269,-0.176514,1.016968
-0.251831,-0.311890,0.695312
-0.135010,0.195679,0.984985
0.302490,-0.381714,0.892700
-0.612793,0.098022,0.764893
0.376587,-0.171997,1.003052
-0.180054,-0.343140,0.717407
-0.239624,0.193115,0.925415
0.362549,-0.352905,0.918945
-0.603394,0.042725,0.738159
0.301147,-0.114502,1.008667
-0.123657,-0.378174,0.727295
-0.335938,0.178711,0.883545
0.383057,-0.315063,0.933472
-0.575195,0.011597,0.721436
0.228027,-0.051392,1.008667
-0.033569,-0.412720,0.762085
-0.454102,0.191650,0.839478
0.392212,-0.271973,0.961426
-0.525391,-0.071777,0.710083
0.138062,0.025024,1.009644
0.055420,-0.403687,0.802002
-0.536499,0.195801,0.830688
0.418091,-0.238892,0.987061
-0.419556,-0.147705,0.729370
0.023438,0.120117,1.017212
0.149658,-0.418091,0.833130
-0.586426,0.178833,0.814209
0.404541,-0.195435,1.000488
-0.296265,-0.231201,0.733887
-0.077515,0.146973,0.991943
0.234131,-0.414062,0.871460
-0.597656,0.101685,0.770020
0.376831,-0.133423,1.002686
-0.208618,-0.311646,0.714111
-0.210571,0.190308,0.952515
0.320923,-0.381348,0.912842
-0.604126,0.011963,0.725342
0.354492,-0.136108,1.015869
-0.153442,-0.362305,0.703125
-0.327759,0.224976,0.907593
0.394043,-0.353394,0.930542
-0.569214,-0.007690,0.720703
0.239990,-0.057129,0.997437
-0.064209,-0.397827,0.747803
-0.426025,0.211060,0.869385
0.400391,-0.296509,0.954712
-0.534546,-0.100464,0.693970
0.140503,0.025757,1.014038
0.033813,-0.420410,0.790161
-0.518555,0.206421,0.832642
0.416504,-0.235718,0.990845
-0.443115,-0.133179,0.717896
0.026978,0.144287,1.019531
0.145264,-0.404785,0.838257
-0.579590,0.149536,0.802612
0.421143,-0.220581,1.005737
-0.324585,-0.246338,0.709351
-0.070190,0.176147,0.979614
0.222900,-0.369263,0.868652
-0.605591,0.116089,0.777344
0.414795,-0.201538,1.013184
-0.227661,-0.317383,0.708862
-0.154419,0.180786,0.953857
0.293335,-0.350708,0.898682
-0.622681,0.094360,0.745483
0.370728,-0.163086,1.012451
-0.161987,-0.378540,0.702637
-0.244507,0.186401,0.930664
0.349731,-0.349121,0.918579
-0.599609,0.054077,0.743530
0.307129,-0.098267,1.010620
-0.116577,-0.361816,0.724976
-0.363281,0.192627,0.888062
0.404175,-0.351562,0.947632
-0.560303,-0.043335,0.717651
0.201294,-0.020386,1.001465
-0.049316,-0.374390,0.759155
-0.470215,0.224731,0.850586
0.416870,-0.286621,0.978027
-0.505127,-0.130981,0.711426
0.094238,0.029907,1.004028
0.066772,-0.393433,0.814819
-0.546875,0.207764,0.818237
0.411377,-0.218750,0.985474
-0.369141,-0.197266,0.744507
-0.015991,0.097290,0.998779
0.180908,-0.432861,0.840088
-0.601074,0.130249,0.773071
0.423584,-0.181152,1.032959
-0.250000,-0.298828,0.711182
-0.145508,0.182373,0.971191
0.278687,-0.378662,0.885254
-0.619873,0.070435,0.737061
0.389771,-0.178101,1.022461
-0.153442,-0.354126,0.728638
-0.260010,0.203491,0.928833
0.338379,-0.353149,0.917603
-0.601929,0.035889,0.716919
0.306641,-0.097656,1.009033
-0.094849,-0.384766,0.735107
-0.365356,0.178589,0.878784
0.393188,-0.309937,0.952881
-0.567505,-0.029907,0.684326
0.190186,-0.011475,1.002197
-0.015503,-0.395508,0.778564
-0.471191,0.181274,0.849243
0.413818,-0.257935,0.990845
-0.486572,-0.109375,0.711060
0.063477,0.147583,1.022949
0.097168,-0.373413,0.826416
-0.569214,0.169556,0.821289
0.429810,-0.253174,1.006348
-0.334229,-0.259155,0.722900
-0.031006,0.150146,1.005981
0.182129,-0.336548,0.864868
-0.611816,0.139038,0.773682
0.409668,-0.214111,1.013672
-0.213623,-0.366699,0.718994
-0.136230,0.122192,0.957764
0.267700,-0.334961,0.893066
-0.612061,0.112427,0.730103
0.358154,-0.148438,1.008789
-0.137329,-0.374268,0.735229
-0.258667,0.167603,0.937256
0.353760,-0.347778,0.921021
-0.599121,0.048096,0.709961
0.287354,-0.044922,1.014160
-0.091553,-0.363037,0.735840
-0.391235,0.190430,0.883057
0.396362,-0.345459,0.942505
-0.543579,-0.056885,0.690430
0.204956,0.022339,1.016846
-0.034302,-0.371704,0.756470
-0.489380,0.209595,0.849609
0.426758,-0.302002,0.970825
-0.501099,-0.135254,0.701050
0.101562,0.071045,1.021729
0.044800,-0.390869,0.796265
-0.546387,0.194824,0.831665
0.442383,-0.236572,1.007446
-0.401733,-0.178467,0.725708
0.003906,0.130615,1.017700
0.161865,-0.412354,0.828125
-0.595703,0.173462,0.798950
0.423950,-0.208496,1.013794
-0.297363,-0.257446,0.718628
-0.087769,0.149048,0.970215
0.237061,-0.371704,0.871704
-0.611572,0.136719,0.767578
0.406250,-0.207886,0.996704
-0.201782,-0.324707,0.742310
-0.198853,0.165894,0.949219
0.302002,-0.373047,0.901978
-0.601196,0.079102,0.747559
0.355347,-0.132202,1.013306
-0.165771,-0.359131,0.715576
-0.281494,0.178345,0.910767
0.349365,-0.336670,0.921021
-0.584473,0.008789,0.731079
0.327148,-0.120361,1.024902
-0.121338,-0.384155,0.727295
-0.380859,0.204590,0.870117
0.388794,-0.339355,0.938232
-0.543091,-0.051514,0.711548
0.214600,-0.042725,1.007568
-0.046875,-0.400146,0.766479
-0.463257,0.218262,0.861328
0.417969,-0.305908,0.953491
-0.512207,-0.083862,0.717896
0.100708,0.072144,1.002808
0.043091,-0.400635,0.793091
-0.526978,0.175903,0.836182
0.419189,-0.253296,0.989014
-0.412231,-0.160767,0.725220
0.014404,0.122559,1.018188
0.147217,-0.415283,0.833252
-0.586914,0.148315,0.790283
0.420288,-0.193970,1.017212
-0.288330,-0.247314,0.725830
-0.094971,0.155640,0.977783
0.252441,-0.391235,0.881104
-0.610229,0.075806,0.746216
0.398315,-0.176025,1.026001
-0.188721,-0.367920,0.707520
-0.211914,0.193604,0.949219
0.315430,-0.337524,0.904297
-0.618652,0.077148,0.739136
0.330933,-0.141235,1.005859
-0.100220,-0.388916,0.754150
-0.339722,0.170288,0.889771
0.374146,-0.319702,0.942871
-0.571777,0.018677,0.699951
0.213989,0.001831,1.009033
-0.037231,-0.380127,0.778564
-0.450317,0.159424,0.874512
0.414795,-0.326172,0.969971
-0.521484,-0.068604,0.702148
0.111938,0.119995,1.019409
0.053833,-0.327515,0.804321
-0.555054,0.180786,0.830688
0.441528,-0.305054,0.991577
-0.403687,-0.207764,0.717285
0.022705,0.121094,1.005005
0.147339,-0.374634,0.829102
-0.607056,0.167725,0.786011
0.427002,-0.254517,0.996948
-0.281738,-0.304077,0.729248
-0.066284,0.133423,0.978271
0.223389,-0.358887,0.871704
-0.618408,0.124146,0.757812
0.390625,-0.214111,0.993652
-0.208984,-0.369141,0.712402
-0.192383,0.159058,0.940918
0.307129,-0.360474,0.903320
-0.607300,0.091553,0.743652
0.363647,-0.126587,1.020142
-0.161377,-0.342773,0.726196
-0.282471,0.161743,0.898560
0.367920,-0.375610,0.920776
-0.585938,-0.001953,0.726562
0.283813,-0.076050,1.016357
-0.110352,-0.381104,0.728149
-0.394531,0.220337,0.881348
0.407593,-0.351807,0.937866
-0.532837,-0.050415,0.720337
0.191040,-0.017944,1.010376
-0.034180,-0.384644,0.760010
-0.506104,0.218628,0.837891
0.444336,-0.318604,0.971924
-0.470215,-0.135132,0.734985
0.042603,0.123047,1.013794
0.091187,-0.411987,0.808472
-0.562866,0.179810,0.820557
0.437622,-0.249023,1.002197
-0.350830,-0.217529,0.735962
-0.044800,0.152100,0.988037
0.196411,-0.388306,0.858765
-0.591553,0.095581,0.764404
0.409668,-0.190796,1.026001
-0.233032,-0.342896,0.707275
-0.161255,0.166016,0.965454
0.284668,-0.376587,0.878906
-0.606567,0.064697,0.743286
0.377075,-0.132568,1.040527
-0.162231,-0.370361,0.713379
-0.269409,0.162720,0.911255
0.342896,-0.328735,0.921387
-0.601074,0.004761,0.700317
0.283203,-0.093140,1.019043
-0.076660,-0.413940,0.737305
-0.412231,0.219116,0.876953
0.399658,-0.297974,0.959106
-0.546875,-0.058472,0.703857
0.137451,0.021362,1.003174
0.029785,-0.395630,0.800293
-0.516602,0.183350,0.850220
0.428711,-0.262817,0.998535
-0.427002,-0.137207,0.726929
0.009277,0.144409,1.001709
0.148193,-0.368774,0.837524
-0.588501,0.134277,0.796387
0.424683,-0.250244,1.002563
-0.292725,-0.283447,0.709473
-0.073364,0.150635,0.974854
0.233765,-0.345459,0.872681
-0.627441,0.117554,0.759033
0.405151,-0.225220,1.010132
-0.197754,-0.396606,0.710693
-0.184570,0.144897,0.954834
0.288574,-0.324707,0.905273
-0.626831,0.097778,0.725830
0.364136,-0.143921,1.015869
-0.126099,-0.370850,0.750610
-0.321167,0.154541,0.892700
0.368774,-0.358887,0.933594
-0.568115,0.029663,0.717041
0.256348,-0.014893,1.023682
-0.103882,-0.346802,0.750854
-0.386475,0.153320,0.891113
0.423462,-0.394653,0.961182
-0.558472,-0.033081,0.703369
0.181152,0.054199,1.019897
-0.032715,-0.333008,0.774658
-0.470459,0.194824,0.871704
0.419556,-0.322998,0.979980
-0.519897,-0.139648,0.688232
0.110352,0.057861,1.007324
0.058350,-0.400146,0.804932
-0.543579,0.202515,0.839111
0.427246,-0.269287,0.988770
-0.440186,-0.126831,0.726807
0.031250,0.123779,1.019165
0.141968,-0.403564,0.840576
-0.580444,0.138184,0.800537
0.428589,-0.227539,1.025635
-0.334595,-0.261353,0.712280
-0.055420,0.154541,0.989380
0.211670,-0.390259,0.865112
-0.592041,0.117798,0.781006
0.426147,-0.196167,1.033813
-0.255981,-0.310303,0.711426
-0.158325,0.168579,0.958008
0.278809,-0.379395,0.888184
-0.605469,0.071045,0.766724
0.384277,-0.169067,1.030029
-0.192993,-0.349121,0.713135
-0.251587,0.154541,0.922974
0.337769,-0.361084,0.921143
-0.598267,0.052490,0.727905
0.328735,-0.105225,1.026978
-0.136841,-0.352295,0.736450
-0.342407,0.179688,0.897339
0.392334,-0.362915,0.946411
-0.579102,-0.014038,0.718750
0.224243,-0.046143,1.001709
-0.059082,-0.404663,0.753174
-0.438477,0.216797,0.878174
0.408325,-0.295776,0.977051
-0.515991,-0.074829,0.730469
0.113892,0.053833,1.003906
0.034668,-0.390625,0.794556
-0.528320,0.184082,0.842773
0.448608,-0.296143,1.003296
-0.420410,-0.185547,0.734985
0.001465,0.115356,1.006714
0.135254,-0.394897,0.822144
-0.583130,0.155029,0.793579
0.435913,-0.252808,0.999512
-0.281616,-0.272217,0.752686
-0.110229,0.141357,0.970947
0.230225,-0.379150,0.876709
-0.598755,0.059448,0.744751
0.403442,-0.190308,1.034790
-0.198242,-0.335449,0.721680
-0.206543,0.175293,0.957764
0.337524,-0.369019,0.911865
-0.612549,0.042114,0.730835
0.305908,-0.118164,1.019897
-0.110107,-0.375244,0.744629
-0.340332,0.175659,0.917114
0.381470,-0.328491,0.949585
-0.562012,-0.008057,0.721680
0.199829,-0.011230,1.012085
-0.015869,-0.385498,0.779175
-0.489746,0.187256,0.848145
0.418213,-0.300049,0.982178
-0.484741,-0.139282,0.715942
0.074341,0.099854,1.015137
0.099609,-0.361206,0.829834
-0.561523,0.166138,0.824707
0.421509,-0.275513,0.993042
-0.340576,-0.277466,0.723633
-0.022583,0.103394,0.984375
0.187744,-0.376465,0.850952
-0.595093,0.121338,0.771973
0.423584,-0.194336,1.026855
-0.231812,-0.321167,0.725098
-0.170288,0.149292,0.960205
0.288696,-0.383545,0.893555
-0.594727,0.036133,0.750366
0.365356,-0.160767,1.023560
-0.162842,-0.353149,0.723145
-0.310547,0.202026,0.921753
0.353760,-0.339844,0.928955
-0.577637,-0.029785,0.727295
0.280273,-0.094971,1.026001
-0.079712,-0.379272,0.769043
-0.429199,0.220093,0.882324
0.405029,-0.297485,0.975952
-0.535522,-0.095703,0.695923
0.138428,0.036499,1.018921
0.055420,-0.400146,0.821655
-0.534546,0.207886,0.853271
0.427368,-0.265503,0.998535
-0.408691,-0.156250,0.756348
0.017578,0.113647,1.010986
0.162231,-0.387329,0.855347
-0.580078,0.127808,0.787842
0.425415,-0.206299,1.028198
-0.285034,-0.294312,0.718384
-0.107178,0.164429,0.983765
0.253052,-0.378052,0.888916
-0.581055,0.060181,0.773193
0.392456,-0.184814,1.029785
-0.210449,-0.338379,0.711914
-0.230835,0.163330,0.943848
0.336060,-0.360840,0.929810
-0.604736,0.025269,0.733887
0.328491,-0.095215,1.039917
-0.127808,-0.367920,0.741089
-0.342529,0.163940,0.890015
0.362671,-0.316895,0.952026
-0.542114,-0.072021,0.721069
0.241943,-0.035400,1.044922
-0.061279,-0.374634,0.770874
-0.452148,0.199341,0.863647
0.398804,-0.306396,0.956787
-0.516479,-0.089722,0.710449
0.146606,0.035156,1.040405
0.068359,-0.420776,0.820190
-0.548950,0.200928,0.837158
0.461914,-0.198242,1.065552
-0.418457,-0.212158,0.719727
-0.071045,0.135010,1.029663
0.309082,-0.423218,0.915894
-0.536743,0.036987,0.781128
0.437134,-0.152466,1.092529
-0.176514,-0.310547,0.768677
-0.181763,0.146606,0.992188
0.357178,-0.351074,0.953857
-0.541016,-0.009033,0.761353
0.393799,-0.139771,1.093506
-0.097900,-0.337891,0.799438
-0.296021,0.173340,0.940186
0.411743,-0.308228,1.013184
-0.515015,-0.085815,0.738403
0.293213,-0.057739,1.094360
-0.004395,-0.374756,0.816162
-0.394287,0.194336,0.917725
0.452637,-0.287598,1.036377
-0.455811,-0.163940,0.749756
0.152832,0.026123,1.054443
0.116943,-0.403564,0.863281
-0.467651,0.133423,0.858643
0.483765,-0.252808,1.070312
-0.367554,-0.223389,0.762085
0.026855,0.101318,1.038086
0.214722,-0.402344,0.889038
-0.498047,0.038818,0.819580
0.482666,-0.217529,1.091309
-0.237061,-0.311279,0.762207
-0.073486,0.129395,1.009644
0.305054,-0.390503,0.907227
-0.525391,0.061646,0.803345
0.445801,-0.214233,1.072632
-0.164551,-0.348267,0.778687
-0.169556,0.141602,1.001343
0.366699,-0.359131,0.962769
-0.534424,-0.008301,0.760986
0.390259,-0.121216,1.090576
-0.095215,-0.328125,0.815186
-0.284180,0.176025,0.969971
0.419189,-0.318604,1.011963
-0.518799,-0.075806,0.737793
0.310059,-0.062744,1.102173
0.000854,-0.371460,0.828003
-0.374390,0.174927,0.927856
0.459351,-0.302856,1.026855
-0.457520,-0.113892,0.760376
0.201294,0.020752,1.092407
0.094604,-0.381104,0.873535
-0.433472,0.141479,0.893799
0.484985,-0.262939,1.061768
-0.394775,-0.196533,0.773438
0.067749,0.080811,1.053101
0.207031,-0.400879,0.898926
-0.491211,0.055298,0.826416
0.490845,-0.218262,1.090942
-0.244019,-0.277344,0.775024
-0.036865,0.135132,1.029907
0.280518,-0.367920,0.915894
-0.535278,0.021240,0.793457
0.478271,-0.221680,1.096924
-0.146729,-0.359985,0.784668
-0.149048,0.174927,1.015869
0.354126,-0.328735,0.961548
-0.552002,0.013794,0.755005
0.413452,-0.187500,1.092285
-0.076172,-0.401855,0.805054
-0.269653,0.191772,0.996094
0.423218,-0.306641,1.016724
-0.517822,-0.036133,0.749268
0.303955,-0.040649,1.104858
0.012817,-0.384399,0.844849
-0.364258,0.142944,0.928589
0.475952,-0.322754,1.050903
-0.439697,-0.123169,0.754395
0.189209,0.071777,1.102783
0.086426,-0.358032,0.857056
-0.442017,0.132568,0.887451
0.516846,-0.323120,1.071167
-0.380127,-0.220825,0.772949
0.082397,0.124756,1.076782
0.195679,-0.389526,0.885132
-0.483154,0.072876,0.829590
0.495239,-0.238647,1.083862
-0.250000,-0.301758,0.792847
-0.003418,0.118652,1.049561
0.272583,-0.393433,0.901733
-0.501953,0.078369,0.823730
0.473877,-0.194458,1.090698
-0.182373,-0.341675,0.787109
-0.091553,0.108276,1.010742
0.339722,-0.390259,0.946899
-0.513062,0.018677,0.789551
0.456543,-0.138428,1.118896
-0.132935,-0.283081,0.813599
-0.206787,0.172241,1.008301
0.396362,-0.362061,0.996338
-0.485962,-0.070679,0.785889
0.391479,-0.105103,1.121948
-0.079102,-0.317383,0.821533
-0.306030,0.186279,0.961060
0.460327,-0.323853,1.033813
-0.460938,-0.119873,0.767700
0.296265,-0.040649,1.104980
0.035156,-0.362427,0.851440
-0.375854,0.169556,0.912964
0.488281,-0.264526,1.064819
-0.411255,-0.171143,0.766479
0.179810,0.016724,1.100342
0.150635,-0.400635,0.894165
-0.453125,0.102173,0.854370
0.506714,-0.221069,1.094971
-0.314209,-0.228516,0.791870
0.032593,0.123779,1.066162
0.262817,-0.419189,0.913208
-0.502930,0.034912,0.802979
0.494263,-0.224731,1.095581
-0.162598,-0.287354,0.804199
-0.074951,0.150635,1.043701
0.339844,-0.348877,0.958008
-0.521729,0.011475,0.799561
0.462891,-0.193970,1.110718
-0.102783,-0.369751,0.798218
-0.187744,0.176758,1.016968
0.404053,-0.309570,1.016479
-0.496338,-0.042480,0.775146
0.353760,-0.097656,1.109619
-0.021240,-0.385742,0.841797
-0.302490,0.156860,0.971069
0.473755,-0.310181,1.053467
-0.451172,-0.080688,0.774536
0.254272,0.021973,1.112549
0.075317,-0.342896,0.876709
-0.392456,0.125977,0.905273
0.507324,-0.300293,1.074829
-0.391235,-0.183228,0.788330
0.169312,0.047119,1.093262
0.179810,-0.391968,0.904663
-0.457275,0.142334,0.877319
0.507690,-0.250488,1.088623
-0.310181,-0.241821,0.798950
0.059814,0.077026,1.068970
0.261108,-0.391724,0.938721
-0.482910,0.055664,0.828247
0.506226,-0.182617,1.112915
-0.172241,-0.297607,0.806396
-0.043457,0.152710,1.060791
0.312988,-0.379639,0.938110
-0.504517,0.024536,0.817505
0.501587,-0.200806,1.125977
-0.125732,-0.326416,0.812134
-0.154663,0.167969,1.024414
0.387451,-0.343750,0.991577
-0.500732,-0.040283,0.784180
0.435791,-0.128906,1.135010
-0.082397,-0.344238,0.814575
-0.224243,0.211548,1.020996
0.451050,-0.326416,1.036011
-0.499512,-0.049194,0.776489
0.362183,-0.093750,1.130127
0.005005,-0.369019,0.845703
-0.289673,0.191040,0.980469
0.479370,-0.279663,1.068970
-0.455200,-0.085205,0.776978
0.300415,-0.042114,1.119751
0.080811,-0.379028,0.881836
-0.368286,0.140747,0.923706
0.521729,-0.272339,1.098511
-0.379272,-0.179565,0.779663
0.156860,0.073486,1.090942
0.171997,-0.402588,0.902344
-0.417603,0.087769,0.886353
0.530762,-0.246582,1.110596
-0.308105,-0.237671,0.796021
0.059692,0.122314,1.072388
0.269409,-0.386475,0.938721
-0.458496,0.045288,0.843018
0.517456,-0.219727,1.122803
-0.185303,-0.315796,0.816650
-0.018066,0.151978,1.066528
0.321167,-0.347046,0.955200
-0.496704,0.027222,0.814453
0.510254,-0.217896,1.129150
-0.111572,-0.354736,0.825806
-0.104370,0.161133,1.045044
0.387817,-0.357666,0.982910
-0.504272,0.014526,0.798706
0.462280,-0.140991,1.138184
-0.065430,-0.348633,0.836548
-0.213989,0.198730,1.032349
0.447632,-0.338501,1.048950
-0.474487,-0.050903,0.814941
0.388672,-0.060791,1.150269
-0.004395,-0.345459,0.855591
-0.288940,0.199463,0.995483
0.484741,-0.301270,1.074829
-0.432617,-0.137573,0.785522
0.319214,-0.057617,1.135986
0.068481,-0.356689,0.885254
-0.353149,0.170776,0.932495
0.525024,-0.279053,1.097778
-0.380371,-0.181030,0.797241
0.207153,0.019775,1.122925
0.188477,-0.416260,0.917847
-0.425293,0.144043,0.898315
0.516846,-0.219971,1.104614
-0.315308,-0.203247,0.799316
0.108154,0.111694,1.111206
0.283447,-0.412964,0.956665
-0.468994,0.086914,0.871582
0.524780,-0.200562,1.122681
-0.211914,-0.270020,0.817871
-0.003906,0.144775,1.075562
0.343506,-0.362427,0.975586
-0.469360,0.025391,0.842407
0.499390,-0.158325,1.137085
-0.106323,-0.354370,0.810791
-0.103149,0.176392,1.055054
0.400757,-0.331665,1.017212
-0.477295,-0.008789,0.820190
0.466919,-0.133301,1.143799
-0.050171,-0.346558,0.858643
-0.203003,0.176514,1.014160
0.450317,-0.288940,1.072144
-0.462524,-0.050537,0.796875
0.376343,-0.060669,1.153809
0.043213,-0.354858,0.884766
-0.294067,0.190430,0.980835
0.508667,-0.272583,1.095459
-0.412598,-0.130127,0.786377
0.247925,0.029907,1.129150
0.135864,-0.406372,0.898193
-0.358154,0.118164,0.930908
0.541138,-0.258301,1.128906
-0.331909,-0.216064,0.793945
0.139526,0.145386,1.126465
0.223022,-0.381348,0.928955
-0.431885,0.081787,0.876587
0.564209,-0.270508,1.129150
-0.223511,-0.267700,0.859253
0.034058,0.175781,1.104736
0.282471,-0.335083,0.950928
-0.461670,0.037354,0.838989
0.559082,-0.253784,1.144409
-0.106445,-0.347168,0.856079
-0.078369,0.169189,1.064453
0.362549,-0.349121,0.975342
-0.449585,-0.005127,0.828613
0.495239,-0.175903,1.159302
-0.060791,-0.345947,0.864502
-0.150513,0.183350,1.055542
0.433105,-0.330688,1.027344
-0.471558,-0.026245,0.813599
0.425049,-0.094727,1.159058
0.003784,-0.361572,0.877441
-0.239868,0.218384,1.051392
0.491455,-0.298096,1.076294
-0.427979,-0.069946,0.820190
0.335327,-0.010376,1.149780
0.090088,-0.380127,0.898315
-0.300415,0.147827,0.973999
0.520752,-0.272339,1.113159
-0.395142,-0.142822,0.797485
0.256226,0.016724,1.131836
0.188110,-0.390503,0.935547
-0.393188,0.162231,0.920044
0.532227,-0.213379,1.118530
-0.309937,-0.234497,0.811768
0.141846,0.043335,1.104248
0.275757,-0.430054,0.964600
-0.441284,0.107422,0.875977
0.545166,-0.174683,1.146362
-0.210571,-0.253418,0.831787
0.013550,0.176147,1.101318
0.344482,-0.401367,0.972412
-0.449707,0.014038,0.850586
0.535889,-0.191284,1.155884
-0.109009,-0.303711,0.861816
-0.070190,0.205688,1.081177
0.410278,-0.338013,1.012817
-0.468262,-0.022949,0.821411
0.485229,-0.166504,1.163452
-0.033813,-0.393066,0.862061
-0.142822,0.203613,1.071167
0.440308,-0.298950,1.050171
-0.483154,-0.015625,0.810791
0.417480,-0.103394,1.165527
0.039795,-0.398315,0.913208
-0.235229,0.169067,1.032959
0.490356,-0.247070,1.116699
-0.428711,-0.072998,0.817871
0.312622,0.004761,1.142090
0.129883,-0.425659,0.921509
-0.298340,0.129883,0.994019
0.528931,-0.244385,1.129395
-0.368774,-0.163330,0.807251
0.236450,0.069702,1.138062
0.191895,-0.417236,0.921021
-0.343750,0.109375,0.939697
0.552490,-0.239380,1.141113
-0.325562,-0.212524,0.807617
0.157959,0.128052,1.120117
0.260376,-0.401001,0.972290
-0.409180,0.096802,0.903809
0.561035,-0.209717,1.158569
-0.285278,-0.239258,0.826050
0.084473,0.141846,1.101562
0.313843,-0.417603,0.972656
-0.403198,0.040405,0.887085
0.549561,-0.161743,1.167847
-0.235840,-0.222656,0.828979
0.002930,0.197266,1.099854
0.390259,-0.405396,1.000610
-0.421265,0.018555,0.872437
0.525879,-0.154785,1.165039
-0.115967,-0.290527,0.872681
-0.043091,0.190674,1.090454
0.402832,-0.368774,0.998291
-0.460938,-0.001343,0.848389
0.529175,-0.169556,1.175781
-0.030273,-0.332153,0.890747
-0.116943,0.228638,1.075806
0.433594,-0.317017,1.034424
-0.458740,-0.044556,0.837769
0.482178,-0.156738,1.169800
-0.018677,-0.337891,0.887451
-0.170288,0.235718,1.063232
0.475586,-0.294312,1.070557
-0.458984,-0.055542,0.815918
0.424316,-0.123413,1.157593
0.041016,-0.370117,0.901367
-0.220093,0.206787,1.033325
0.506470,-0.249634,1.110596
-0.429321,-0.098755,0.799683
0.345947,-0.053223,1.159180
0.130737,-0.422729,0.916260
-0.292847,0.168091,0.980835
0.544556,-0.244507,1.127197
-0.371094,-0.139893,0.811768
0.244385,0.029175,1.130249
0.222168,-0.433960,0.949097
-0.344238,0.144531,0.946777
0.547974,-0.234863,1.134277
-0.312256,-0.182983,0.835449
0.143921,0.084839,1.102905
0.289062,-0.421509,0.979858
-0.397705,0.099121,0.917480
0.568481,-0.207764,1.158936
-0.236572,-0.218384,0.843994
0.029297,0.180420,1.093262
0.354248,-0.383423,0.997925
-0.419922,0.016968,0.874268
0.542480,-0.193115,1.161865
-0.130981,-0.250854,0.880737
-0.041382,0.210449,1.099854
0.412842,-0.354248,1.015015
-0.440308,-0.009888,0.855591
0.507324,-0.160278,1.175659
-0.014648,-0.347290,0.894287
-0.111450,0.199585,1.075562
0.446533,-0.290771,1.059326
-0.459717,-0.038208,0.825806
0.455444,-0.120483,1.181030
0.018311,-0.389648,0.885376
-0.212036,0.198853,1.047729
0.513794,-0.276611,1.111694
-0.438965,-0.056885,0.813965
0.350342,-0.027588,1.159302
0.137451,-0.419312,0.932861
-0.296753,0.160522,1.000854
0.543701,-0.246338,1.145996
-0.366089,-0.130981,0.824341
0.242554,0.080566,1.150757
0.239502,-0.428223,0.956055
-0.372681,0.106079,0.931274
0.572144,-0.254517,1.140137
-0.286255,-0.199463,0.835205
0.110229,0.167603,1.118896
0.320801,-0.410278,0.980469
-0.419556,0.034424,0.872314
0.558960,-0.210327,1.166382
-0.195557,-0.256226,0.855469
0.010986,0.211182,1.107178
0.375122,-0.361938,1.003906
-0.426880,-0.009644,0.849121
0.529419,-0.170898,1.182251
-0.063599,-0.341919,0.878540
-0.073486,0.187378,1.085327
0.432495,-0.346924,1.027344
-0.464478,0.003906,0.840210
0.473633,-0.148804,1.156494
0.028442,-0.397461,0.891235
-0.148682,0.213745,1.067627
0.466919,-0.278809,1.079102
-0.444092,-0.036377,0.818970
0.426147,-0.094482,1.159180
0.066895,-0.361084,0.933350
-0.259399,0.212891,1.036133
0.527100,-0.247803,1.128296
-0.398682,-0.133301,0.811035
0.321655,-0.014404,1.156738
0.150269,-0.377319,0.948730
-0.314697,0.180420,0.980591
0.555054,-0.242432,1.139893
-0.327637,-0.183594,0.827026
0.203003,0.073242,1.132202
0.248535,-0.430908,0.955078
-0.349487,0.094238,0.913086
0.565674,-0.209839,1.139648
-0.272583,-0.198975,0.829346
0.095093,0.142822,1.116089
0.348999,-0.447876,0.987793
-0.416992,0.058716,0.883423
0.548584,-0.175537,1.161865
-0.182861,-0.251587,0.857300
-0.008179,0.217407,1.097656
0.402344,-0.382690,1.018311
-0.430176,-0.001221,0.862549
0.524292,-0.150513,1.176880
-0.065186,-0.315552,0.886353
-0.103638,0.236084,1.085571
0.445435,-0.354980,1.029785
-0.432495,-0.041260,0.848877
0.473633,-0.113770,1.173218
0.042725,-0.355347,0.905884
-0.160889,0.230347,1.067871
0.469727,-0.283691,1.068359
-0.432861,-0.067871,0.826538
0.413574,-0.074097,1.156250
0.065796,-0.356079,0.911011
-0.239014,0.211792,1.026733
0.523804,-0.244507,1.115845
-0.399658,-0.103271,0.812866
0.298462,-0.013916,1.129272
0.177246,-0.466675,0.918457
-0.306885,0.116333,0.963257
0.555298,-0.233887,1.145020
-0.344360,-0.161621,0.818481
0.195312,0.090576,1.124023
0.271851,-0.447388,0.966187
-0.382202,0.091675,0.899170
0.555054,-0.225098,1.137085
-0.257935,-0.210815,0.842529
0.092163,0.164062,1.105225
0.325684,-0.433472,0.978516
-0.424194,0.041382,0.864868
0.549316,-0.204224,1.154175
-0.182983,-0.252930,0.857910
-0.004028,0.214478,1.092285
0.389282,-0.380005,1.016235
-0.449585,0.006470,0.847290
0.520142,-0.166992,1.159546
-0.068726,-0.343018,0.874146
-0.074707,0.192383,1.076050
0.428467,-0.338867,1.030029
-0.457153,-0.008179,0.827026
0.479858,-0.140869,1.161133
0.022217,-0.391602,0.894043
-0.155518,0.193726,1.070068
0.476562,-0.328613,1.074829
-0.442383,-0.025513,0.820190
0.421631,-0.061279,1.159912
0.044312,-0.385620,0.892822
-0.220093,0.198608,1.040283
0.521484,-0.318726,1.097290
-0.430420,-0.072632,0.812378
0.360474,-0.027222,1.146240
0.094238,-0.381348,0.920410
-0.283691,0.179321,1.015869
0.549561,-0.290771,1.121948
-0.387451,-0.135376,0.806274
0.290649,0.042236,1.135620
0.158325,-0.394287,0.929443
-0.322144,0.149780,0.963257
0.558838,-0.265381,1.136597
-0.375854,-0.151367,0.801636
0.219849,0.060547,1.120361
0.233765,-0.435059,0.946167
-0.354248,0.080811,0.917969
0.559204,-0.235840,1.137939
-0.323730,-0.175903,0.821899
0.127563,0.123779,1.096069
0.293457,-0.455200,0.955688
-0.390625,0.066040,0.886475
0.545410,-0.229248,1.115967
-0.277710,-0.205933,0.830566
0.080566,0.149414,1.092651
0.352661,-0.436890,0.982544
-0.431152,0.054443,0.848633
0.520508,-0.184082,1.135498
-0.182373,-0.235474,0.856323
0.006836,0.203979,1.098999
0.361206,-0.393188,0.994629
-0.453247,0.029297,0.852173
0.507080,-0.174194,1.149536
-0.113892,-0.292236,0.858032
-0.060547,0.239868,1.103516
0.412476,-0.374268,1.011230
-0.460815,-0.001953,0.823608
0.483887,-0.160522,1.138184
-0.018188,-0.358521,0.872803
-0.131592,0.206909,1.066284
0.438110,-0.332520,1.033081
-0.453369,-0.046997,0.806152
0.440186,-0.109985,1.147949
0.040161,-0.381226,0.876099
-0.173462,0.223267,1.055054
0.472412,-0.312622,1.052002
-0.453735,-0.040771,0.793335
0.383301,-0.119019,1.107300
0.076782,-0.443237,0.895630
-0.219116,0.171021,1.014526
0.501099,-0.247314,1.095581
-0.421875,-0.067139,0.793579
0.324829,-0.001953,1.137207
0.124634,-0.421875,0.913818
-0.299438,0.150391,0.992920
0.527100,-0.283691,1.097656
-0.397339,-0.110840,0.807129
0.253296,0.020996,1.101929
0.184204,-0.429321,0.901611
-0.350342,0.129150,0.928711
0.546387,-0.271240,1.114014
-0.356445,-0.183594,0.804443
0.167725,0.075928,1.084595
0.263916,-0.435791,0.921021
-0.382812,0.105103,0.879883
0.530884,-0.200684,1.119629
-0.279663,-0.222900,0.821655
0.087891,0.102661,1.080811
0.304077,-0.478516,0.945557
-0.425903,0.038208,0.831909
0.518799,-0.185181,1.125610
-0.228027,-0.213989,0.827148
-0.009399,0.193237,1.084229
0.376343,-0.475342,0.958862
-0.461426,0.007690,0.827393
0.492920,-0.165161,1.136597
-0.139648,-0.264404,0.847290
-0.085449,0.235474,1.068604
0.413208,-0.426514,0.994995
-0.461548,-0.033936,0.812256
0.464600,-0.156372,1.122681
-0.057007,-0.314087,0.849854
-0.130127,0.220459,1.058594
0.435059,-0.353882,1.021606
-0.455200,-0.065552,0.801270
0.440674,-0.126221,1.121094
0.026855,-0.388184,0.865845
-0.191528,0.193115,1.012817
0.467407,-0.321045,1.038330
-0.450073,-0.065186,0.797363
0.383911,-0.106079,1.107788
0.076660,-0.422485,0.871094
-0.239624,0.158325,0.983765
0.476685,-0.289307,1.065308
-0.433838,-0.094604,0.781128
0.329590,-0.042847,1.109619
0.083984,-0.415527,0.876587
-0.298828,0.157593,0.964722
0.522705,-0.307861,1.089966
-0.433350,-0.100708,0.784668
0.258423,0.020142,1.099243
0.155029,-0.443359,0.896606
-0.361328,0.131836,0.934570
0.545288,-0.313599,1.099487
-0.372437,-0.178833,0.791748
0.173584,0.091187,1.092773
0.198608,-0.438232,0.890625
-0.381592,0.083618,0.893311
0.558838,-0.308350,1.096313
-0.347656,-0.189331,0.787842
0.116333,0.114380,1.070435
0.248779,-0.457275,0.902222
-0.412964,0.049072,0.843506
0.535400,-0.268066,1.098389
-0.293335,-0.236450,0.791870
0.058594,0.150879,1.081177
0.293701,-0.459595,0.906006
-0.447388,0.044922,0.823120
0.524414,-0.247070,1.092651
-0.237915,-0.247681,0.822021
0.000122,0.156372,1.064087
0.331299,-0.456665,0.935425
-0.470947,0.041748,0.801392
0.497925,-0.200439,1.087646
-0.180054,-0.240112,0.839844
-0.051270,0.182373,1.056519
0.374756,-0.417358,0.972046
-0.483032,0.045654,0.806519
0.459839,-0.147827,1.094727
-0.130005,-0.291992,0.831787
-0.108154,0.181519,1.045532
0.414185,-0.410278,1.001099
-0.483887,0.004395,0.798828
0.413940,-0.085571,1.093140
-0.038208,-0.349609,0.835571
-0.183838,0.192017,1.018066
0.442017,-0.422119,1.007812
-0.469482,-0.083740,0.790283
0.382202,-0.083008,1.088379
0.033081,-0.360962,0.851685
-0.246948,0.203125,0.980591
0.467041,-0.342407,1.027466
-0.438232,-0.140991,0.782593
0.323730,-0.074951,1.076416
0.075073,-0.406616,0.852051
-0.292480,0.164185,0.934082
0.485962,-0.293335,1.043457
-0.417847,-0.127441,0.790649
0.259277,-0.036865,1.070190
0.110840,-0.449219,0.842773
-0.348511,0.110840,0.885498
0.497803,-0.269043,1.057861
-0.385620,-0.146729,0.782593
0.181885,0.026367,1.050171
0.179077,-0.471558,0.867920
-0.405884,0.079956,0.856323
0.516479,-0.272461,1.084961
-0.360107,-0.179321,0.772217
0.093994,0.117920,1.046509
0.246948,-0.453491,0.896606
-0.435791,0.021484,0.814575
0.516235,-0.281372,1.081787
-0.291382,-0.250854,0.796143
0.016357,0.155273,1.042969
0.282104,-0.421631,0.906494
-0.483887,0.009644,0.791992
0.505859,-0.302734,1.074219
-0.212280,-0.306641,0.813599
-0.040894,0.179199,1.047119
0.333862,-0.395020,0.935059
-0.520386,0.034424,0.781006
0.463257,-0.256958,1.063232
-0.117554,-0.313965,0.835571
-0.096680,0.159302,1.037598
0.378662,-0.383911,0.958130
-0.538940,0.059814,0.790161
0.415405,-0.186768,1.046997
-0.026367,-0.373535,0.848267
-0.142944,0.130737,1.003052
0.403320,-0.354858,0.981812
-0.518799,0.012451,0.766479
0.362793,-0.142090,1.035156
0.035156,-0.384277,0.852783
-0.208862,0.133423,0.977539
0.429688,-0.351929,1.006104
-0.492188,-0.084473,0.750854
0.338867,-0.104492,1.057373
0.059570,-0.425903,0.823120
-0.289429,0.177979,0.936768
0.456055,-0.351562,0.998535
-0.450439,-0.122681,0.773193
0.276611,-0.081665,1.038696
0.102417,-0.442383,0.833008
-0.332886,0.149902,0.909668
0.466187,-0.311157,1.014648
-0.440308,-0.125488,0.773438
0.195435,-0.018188,1.028931
0.132690,-0.462769,0.835327
-0.377808,0.092407,0.851440
0.487549,-0.276611,1.039917
-0.407227,-0.139160,0.756470
0.104980,0.056396,1.028809
0.226685,-0.503906,0.859985
-0.441406,0.042969,0.816284
0.495850,-0.269043,1.046021
-0.337402,-0.190430,0.770874
0.021729,0.140015,1.032471
0.275146,-0.462524,0.889160
-0.496948,0.010742,0.767212
0.490112,-0.260986,1.061279
-0.246460,-0.245361,0.792847
-0.055786,0.202515,1.023071
0.301147,-0.388916,0.915405
-0.510864,0.006592,0.768677
0.384888,-0.194702,1.007935
-0.197510,-0.311157,0.791260
-0.213501,0.136963,0.922974
0.382935,-0.347778,0.933594
-0.528076,0.008911,0.742920
0.330811,-0.061890,1.028198
-0.028931,-0.393555,0.757202
-0.293945,0.143555,0.874634
0.425903,-0.407715,0.949707
-0.515625,-0.099854,0.740845
0.273926,-0.050537,1.014404
0.021118,-0.433350,0.738892
-0.357788,0.176758,0.846436
0.431396,-0.334717,0.968872
-0.473389,-0.112549,0.750977
0.224609,-0.032349,1.006592
0.062500,-0.441284,0.767212
-0.420044,0.142456,0.796997
0.458984,-0.298706,0.988403
-0.451904,-0.130127,0.745117
0.154907,0.000366,1.001221
0.100952,-0.439209,0.795166
-0.472290,0.136230,0.777832
0.462158,-0.274048,0.980347
-0.402344,-0.148560,0.752686
0.083252,0.086182,1.013794
0.137573,-0.463867,0.801880
-0.502808,0.093018,0.758911
0.453491,-0.252686,0.991577
-0.346191,-0.150757,0.764404
0.003662,0.143921,1.019409
0.209229,-0.456299,0.836304
-0.532959,0.050903,0.738770
0.428467,-0.200928,1.014404
-0.257568,-0.219360,0.768433
-0.085571,0.193604,0.998169
0.285278,-0.450073,0.876709
-0.555664,0.018555,0.742676
0.424072,-0.197144,1.020630
-0.161377,-0.279907,0.773193
-0.171753,0.233032,0.976562
0.347046,-0.395508,0.922974
-0.545654,0.014893,0.759399
0.368530,-0.133301,1.018188
-0.084961,-0.383057,0.760864
-0.216064,0.157227,0.912476
0.385742,-0.326660,0.951904
-0.555908,0.031738,0.753662
0.301514,-0.091919,0.993652
0.006836,-0.439819,0.773926
-0.298706,0.138794,0.865601
0.418457,-0.331177,0.947632
-0.539185,0.002686,0.725708
0.221680,-0.046143,0.975098
0.046875,-0.436768,0.773682
-0.384644,0.118652,0.836304
0.457031,-0.316040,0.973267
-0.467651,-0.052856,0.747437
0.106323,0.115112,1.000610
0.105225,-0.417969,0.796753
-0.471558,0.104126,0.786621
0.462769,-0.283813,0.996460
-0.389526,-0.153320,0.752197
0.023682,0.141602,1.006226
0.188599,-0.393311,0.836548
-0.537354,0.106445,0.761597
0.466187,-0.236694,1.007324
-0.265259,-0.207153,0.796265
-0.096558,0.158325,0.980713
0.269897,-0.463257,0.860107
-0.562256,0.045898,0.729370
0.412109,-0.155151,1.022217
-0.125732,-0.280640,0.763672
-0.171753,0.224365,0.957642
0.337280,-0.353882,0.928345
-0.582031,0.009155,0.739502
0.362671,-0.151611,1.011475
-0.042358,-0.394043,0.768311
-0.248657,0.192749,0.888550
0.387085,-0.282227,0.944824
-0.539429,0.002319,0.742798
0.262573,-0.073242,0.988892
0.022339,-0.456177,0.755005
-0.344116,0.119629,0.836182
0.403809,-0.257690,0.963013
-0.483643,-0.068481,0.744873
0.182861,0.031128,1.027832
0.057983,-0.398804,0.791138
-0.474731,0.105591,0.780029
0.457886,-0.268311,1.005859
-0.401001,-0.144287,0.750488
0.047974,0.201416,1.035767
0.145142,-0.394531,0.808350
-0.557739,0.124268,0.753540
0.474487,-0.253784,1.008301
-0.297852,-0.188599,0.765015
-0.047974,0.216187,1.000244
0.230103,-0.389404,0.848389
-0.567749,0.049316,0.736206
0.448242,-0.212524,1.026367
-0.197510,-0.279053,0.758789
-0.108643,0.254028,0.989868
0.278442,-0.345703,0.870728
-0.598022,0.084717,0.735474
0.430298,-0.234619,1.017090
-0.113892,-0.334717,0.786865
-0.181519,0.194214,0.930786
0.329346,-0.319580,0.894531
-0.583618,0.096924,0.756348
0.379883,-0.173950,1.006470
-0.045654,-0.384155,0.789429
-0.257080,0.186646,0.892334
0.355225,-0.288452,0.920044
-0.545166,0.051147,0.738770
0.331909,-0.108276,1.012573
-0.019653,-0.406860,0.780151
-0.329224,0.155762,0.851685
0.408203,-0.296265,0.936768
-0.555664,0.053223,0.736328
0.262207,-0.025269,0.990967
0.031494,-0.432495,0.772095
-0.359985,0.162354,0.844727
0.419067,-0.299194,0.941040
-0.524780,-0.020264,0.732544
0.181763,0.039795,1.005615
0.064087,-0.432129,0.768433
-0.427368,0.181152,0.821777
0.440308,-0.263428,0.964233
-0.472534,-0.083374,0.747192
0.111694,0.060303,1.002930
0.077759,-0.413330,0.793823
-0.492432,0.164429,0.795166
0.462646,-0.246582,0.998779
-0.416870,-0.116211,0.748657
0.049316,0.151978,1.007202
0.135010,-0.395874,0.811768
-0.511597,0.111084,0.790161
0.467407,-0.268555,0.992676
-0.379028,-0.133545,0.753540
-0.001831,0.155396,0.990479
0.220825,-0.405762,0.849121
-0.549683,0.133301,0.781982
0.434814,-0.188843,1.006958
-0.313965,-0.173950,0.758179
-0.070801,0.157593,0.980835
0.281616,-0.458862,0.869751
-0.592041,0.110352,0.752930
0.436401,-0.159912,1.028076
-0.199951,-0.235718,0.756958
-0.141113,0.233276,0.956299
0.310669,-0.377930,0.892212
-0.588257,0.080811,0.749878
0.412964,-0.178467,1.010498
-0.133179,-0.335327,0.751953
-0.189697,0.226196,0.928955
0.336670,-0.328247,0.911621
-0.588989,0.073853,0.750488
0.377563,-0.150879,1.012817
-0.051880,-0.400635,0.772705
-0.241577,0.183960,0.891357
0.334106,-0.275879,0.909668
-0.568481,0.043701,0.736816
0.344482,-0.110596,1.015259
-0.004639,-0.446899,0.754761
-0.325317,0.195557,0.863770
0.374390,-0.277222,0.929077
-0.545532,0.004761,0.725464
0.253174,-0.057739,0.983765
0.020386,-0.429443,0.773804
-0.384521,0.159058,0.847046
0.413696,-0.272095,0.949097
-0.518188,0.012695,0.741821
0.167847,0.051514,1.003784
0.056152,-0.410156,0.784668
-0.448242,0.145752,0.824463
0.439331,-0.224976,0.982422
-0.468994,-0.050659,0.723755
0.091675,0.137817,1.011353
0.111206,-0.390869,0.804199
-0.521118,0.133179,0.805664
0.459717,-0.244629,0.998169
-0.384399,-0.126221,0.755249
0.004517,0.187866,1.010132
0.198242,-0.396973,0.835327
-0.581787,0.138428,0.767578
0.445435,-0.204224,1.023926
-0.265503,-0.219116,0.757324
-0.085083,0.195190,0.974854
0.251099,-0.368408,0.875977
-0.588379,0.099854,0.766113
0.430908,-0.179688,1.031128
-0.162109,-0.318481,0.736450
-0.176270,0.224854,0.945923
0.316528,-0.334106,0.900146
-0.595703,0.069092,0.746216
0.392822,-0.154785,1.018677
-0.092041,-0.389160,0.741333
-0.244019,0.212036,0.901367
0.357300,-0.300903,0.916260
-0.573486,0.062378,0.740723
0.305298,-0.081665,0.994873
-0.029297,-0.409180,0.764160
-0.310181,0.147339,0.861328
0.405396,-0.273926,0.948486
-0.577271,0.048340,0.700439
0.213745,0.008301,0.982666
0.020264,-0.417969,0.768555
-0.421631,0.164795,0.833252
0.421265,-0.257812,0.963379
-0.508667,-0.049316,0.709473
0.127441,0.088379,1.002075
0.067871,-0.398804,0.778564
-0.497070,0.200073,0.824341
0.449951,-0.265137,0.971069
-0.436523,-0.108643,0.741089
0.048340,0.144897,1.010864
0.130005,-0.382935,0.819702
-0.545532,0.159302,0.805054
0.467041,-0.238403,1.016479
-0.355713,-0.175537,0.736328
-0.033813,0.199097,1.005981
0.212280,-0.377319,0.851562
-0.583130,0.132812,0.772461
0.448486,-0.200073,1.019531
-0.259399,-0.230225,0.753540
-0.093750,0.202026,0.973877
0.260986,-0.369385,0.876831
-0.599243,0.130005,0.751465
0.431763,-0.173950,1.016235
-0.188477,-0.285278,0.745850
-0.170532,0.213013,0.945557
0.331177,-0.380249,0.900269
-0.600220,0.101196,0.747803
0.382446,-0.132202,1.010986
-0.131104,-0.341064,0.730835
-0.230713,0.207886,0.923340
0.367798,-0.332764,0.906738
-0.589111,0.049927,0.732178
0.332642,-0.107300,1.000610
-0.070679,-0.399292,0.748047
-0.317993,0.190918,0.871948
0.385376,-0.299316,0.926880
-0.570068,0.052246,0.735107
0.248413,-0.037354,0.993164
-0.027832,-0.406494,0.758667
-0.367676,0.160034,0.871582
0.406738,-0.273438,0.942017
-0.553101,0.037109,0.721680
0.170532,0.045776,0.989014
0.037476,-0.402100,0.793335
-0.466919,0.166626,0.822632
0.421143,-0.241577,0.977051
-0.472412,-0.046509,0.723755
0.098022,0.134888,1.020752
0.095947,-0.365479,0.808838
-0.550781,0.162720,0.807739
0.441895,-0.239624,0.995728
-0.394653,-0.109253,0.733154
0.013062,0.203369,1.009766
0.168823,-0.381104,0.824707
-0.582764,0.135742,0.774902
0.430420,-0.206543,1.004883
-0.293823,-0.216919,0.736572
-0.059326,0.227539,0.996338
0.227661,-0.379639,0.842896
-0.607544,0.135620,0.772705
0.420044,-0.224609,1.000122
-0.223267,-0.315063,0.719727
-0.122192,0.214722,0.961670
0.281372,-0.342041,0.878418
-0.613037,0.133911,0.755127
0.401733,-0.186890,0.991333
-0.167114,-0.354370,0.731567
-0.220459,0.143066,0.893677
0.343750,-0.348633,0.910034
-0.595093,0.111328,0.749268
0.350586,-0.078369,1.024658
-0.110474,-0.343994,0.737305
-0.300659,0.180420,0.885864
0.367432,-0.363159,0.917114
-0.590698,0.002930,0.713623
0.305786,-0.075439,1.004761
-0.070557,-0.380737,0.728516
-0.376221,0.222290,0.870605
0.386108,-0.295044,0.934570
-0.542114,-0.047485,0.707520
0.210449,-0.049438,0.991211
-0.018677,-0.404907,0.763306
-0.446899,0.205200,0.849854
0.414673,-0.253662,0.954346
-0.520508,-0.044678,0.710938
0.128784,0.047729,1.015503
0.075684,-0.423828,0.806152
-0.530518,0.190796,0.830078
0.418823,-0.220215,0.986328
-0.402222,-0.133911,0.736816
0.000977,0.155762,1.004272
0.186157,-0.410522,0.849243
-0.585693,0.146851,0.789917
0.406616,-0.163208,0.998535
-0.271851,-0.220581,0.731445
-0.086304,0.184570,1.000610
0.263794,-0.377197,0.889404
-0.624878,0.125977,0.752441
0.403198,-0.172363,1.003296
-0.170776,-0.318115,0.734985
-0.207520,0.222168,0.941406
0.319824,-0.341675,0.898682
-0.608643,0.061035,0.732056
0.360107,-0.150513,1.004639
-0.110107,-0.342529,0.734131
-0.309204,0.219482,0.887817
0.361938,-0.307617,0.917603
-0.580200,-0.008179,0.708496
0.272461,-0.103271,0.994507
-0.047729,-0.421997,0.747681
-0.399048,0.183960,0.854492
0.388794,-0.276489,0.947388
-0.541626,-0.021118,0.707886
0.168701,0.020508,0.992310
0.029907,-0.388550,0.803467
-0.488892,0.192871,0.840942
0.408936,-0.245850,0.972290
-0.490845,-0.125488,0.685303
0.063110,0.114624,1.004517
0.110596,-0.407104,0.824707
-0.549805,0.164795,0.829102
0.426147,-0.198242,1.008789
-0.393311,-0.177490,0.708984
-0.012817,0.163452,1.008057
0.180786,-0.391968,0.841675
-0.596802,0.152710,0.789062
0.434570,-0.214355,1.018921
-0.298828,-0.255981,0.718262
-0.095459,0.184326,0.977417
0.243286,-0.380005,0.869629
-0.609253,0.118896,0.775879
0.427002,-0.234497,1.010498
-0.226807,-0.325317,0.717163
-0.175659,0.192017,0.946289
0.288086,-0.335938,0.885620
-0.604614,0.098755,0.755737
0.396362,-0.187256,1.017578
-0.178101,-0.362061,0.719727
-0.246704,0.161499,0.901489
0.333740,-0.346313,0.913940
-0.603149,0.061157,0.731934
0.346313,-0.107666,1.021851
-0.143799,-0.362793,0.720093
-0.314819,0.190430,0.886475
0.373047,-0.357788,0.919067
-0.577148,0.023438,0.729004
0.296509,-0.079224,1.024292
-0.129639,-0.364380,0.735718
-0.386353,0.201416,0.871582
0.413086,-0.349365,0.943237
-0.548950,-0.047729,0.716064
0.206543,-0.013062,1.013428
-0.050781,-0.366577,0.770630
-0.473145,0.222290,0.857056
0.413574,-0.334717,0.954956
-0.495972,-0.116333,0.716187
0.137817,0.028076,1.009277
0.031006,-0.364990,0.801514
-0.546143,0.229492,0.831299
0.421509,-0.287476,0.963867
-0.450562,-0.154907,0.725464
0.057739,0.066528,1.010132
0.118164,-0.396484,0.838745
-0.573853,0.200806,0.801392
0.412354,-0.214966,0.990234
-0.361938,-0.215210,0.722656
-0.011475,0.080933,1.000244
0.192749,-0.412842,0.849854
-0.606812,0.152466,0.784790
0.417358,-0.195679,1.000488
-0.281494,-0.250000,0.718262
-0.132202,0.181519,0.980713
0.282837,-0.407593,0.898560
-0.610718,0.061279,0.755493
0.380615,-0.154175,1.022827
-0.210449,-0.323364,0.706543
-0.225098,0.179443,0.943604
0.334595,-0.368164,0.908447
-0.612183,0.034790,0.738403
0.338135,-0.148926,1.019409
-0.147949,-0.396484,0.717407
-0.312622,0.169434,0.879883
0.366455,-0.322021,0.932129
-0.589844,0.026367,0.718140
0.246460,-0.051270,1.010986
-0.052856,-0.394409,0.765137
-0.432495,0.197754,0.869629
0.396606,-0.288330,0.977417
-0.540649,-0.046143,0.707153
0.120728,0.055298,1.006958
0.042236,-0.400879,0.797485
-0.521362,0.177979,0.852783
0.439087,-0.267822,1.010132
-0.417725,-0.144043,0.725830
-0.010620,0.176758,0.999390
0.162354,-0.378174,0.835938
-0.590332,0.121460,0.801514
0.426270,-0.247314,1.012939
-0.280518,-0.287354,0.719971
-0.075928,0.174683,0.980835
0.211182,-0.331543,0.850708
-0.615601,0.080933,0.741333
0.407959,-0.231689,1.007690
-0.206177,-0.385986,0.707520
-0.155273,0.146973,0.967896
0.274658,-0.348999,0.879639
-0.609253,0.106079,0.733276
0.380127,-0.175781,1.014526
-0.148804,-0.373169,0.743774
-0.285034,0.159790,0.911011
0.352783,-0.358765,0.928467
-0.607788,0.051025,0.716919
0.285278,-0.080811,1.009766
-0.103638,-0.369629,0.755005
-0.329468,0.164551,0.917358
0.380005,-0.365234,0.939575
-0.584229,0.025269,0.719604
0.213013,-0.014526,0.999146
-0.054443,-0.360718,0.758911
-0.431641,0.181519,0.870239
0.428223,-0.355347,0.955811
-0.525269,-0.090332,0.718018
0.145996,0.029541,1.007812
-0.013184,-0.366577,0.778687
-0.492676,0.168457,0.831177
0.421509,-0.261963,1.011230
-0.471191,-0.184692,0.712769
0.082275,0.062988,1.022095
0.081055,-0.417603,0.802124
-0.557861,0.181885,0.816650
0.433350,-0.256348,1.009155
-0.379639,-0.176636,0.754639
-0.003906,0.124023,1.014404
0.156128,-0.434204,0.828857
-0.576050,0.135010,0.794067
0.433838,-0.214844,1.016602
-0.322998,-0.224731,0.737427
-0.066528,0.157593,1.005615
0.237793,-0.432007,0.862549
-0.592651,0.101196,0.776367
0.404053,-0.192749,1.023071
-0.251831,-0.287231,0.718872
-0.138794,0.154541,0.968628
0.289551,-0.381226,0.894409
-0.614502,0.066650,0.762451
0.411987,-0.204834,1.017456
-0.210083,-0.323730,0.717773
-0.222290,0.174927,0.951172
0.319580,-0.368286,0.929810
-0.582642,0.016968,0.754150
0.368652,-0.158081,1.040039
-0.180176,-0.326660,0.736450
-0.307251,0.166016,0.901367
0.364868,-0.374634,0.935913
-0.571289,-0.027344,0.725464
0.319458,-0.095215,1.041626
-0.134277,-0.333740,0.740845
-0.354736,0.180054,0.886108
0.392822,-0.364502,0.957520
-0.570190,-0.053711,0.711060
0.261963,-0.074585,1.039062
-0.052002,-0.397461,0.760620
-0.433472,0.217896,0.879272
0.420410,-0.316895,0.982300
-0.535767,-0.099976,0.713379
0.177002,-0.047363,1.015869
-0.001587,-0.409180,0.795166
-0.471802,0.187256,0.860107
0.416504,-0.258179,1.007446
-0.505615,-0.142090,0.702393
0.102051,0.047485,1.035034
0.087036,-0.454956,0.824707
-0.533081,0.181396,0.841187
0.449829,-0.268799,1.011841
-0.433960,-0.145630,0.749146
0.012573,0.104736,1.009888
0.155884,-0.437622,0.852661
-0.545288,0.128662,0.813599
0.433838,-0.225342,1.028564
-0.343262,-0.203247,0.738770
-0.034912,0.154419,1.009644
0.205200,-0.409912,0.852661
-0.574829,0.092896,0.788208
0.453613,-0.252808,1.031616
-0.274902,-0.295044,0.726318
-0.109863,0.174072,0.989258
0.242554,-0.383789,0.868652
-0.570435,0.053955,0.772095
0.441162,-0.220337,1.049072
-0.232788,-0.323120,0.731445
-0.182739,0.157593,0.964966
0.303467,-0.379639,0.907104
-0.588501,0.020142,0.742432
0.401001,-0.182617,1.060425
-0.186401,-0.363159,0.739136
-0.252686,0.169067,0.945068
0.345337,-0.354004,0.937256
-0.578979,0.028076,0.746704
0.357178,-0.160034,1.051025
-0.129517,-0.365845,0.765259
-0.325562,0.179688,0.906982
0.388184,-0.337646,0.969849
-0.575073,-0.029419,0.717651
0.280640,-0.088989,1.042603
-0.065918,-0.400269,0.782593
-0.387329,0.192017,0.905518
0.410034,-0.304199,0.981934
-0.521484,-0.030884,0.753662
0.188965,-0.005737,1.051758
-0.009277,-0.384888,0.812134
-0.450317,0.157349,0.871704
0.445557,-0.284546,1.021118
-0.497192,-0.087769,0.713501
0.084106,0.094727,1.034058
0.122803,-0.429932,0.849365
-0.518311,0.126831,0.838867
0.444092,-0.255859,1.029785
-0.412720,-0.187500,0.716064
0.013062,0.121216,1.018555
0.197998,-0.419067,0.851685
-0.537842,0.094849,0.816528
0.440430,-0.240967,1.034058
-0.303223,-0.297729,0.726562
-0.045654,0.117920,0.993896
0.237915,-0.389771,0.882446
-0.575684,0.085083,0.780640
0.438110,-0.230469,1.056641
-0.239136,-0.352051,0.715332
-0.102905,0.135132,0.988770
0.281006,-0.378296,0.894165
-0.594482,0.077148,0.765259
0.441040,-0.235474,1.043945
-0.195435,-0.351685,0.735107
-0.197876,0.156616,0.973755
0.334961,-0.372681,0.933716
-0.571167,0.024902,0.754150
0.383667,-0.181763,1.038452
-0.177002,-0.358032,0.732910
-0.246094,0.168457,0.963867
0.373291,-0.339355,0.958252
-0.576660,0.013550,0.744995
0.362793,-0.161011,1.054932
-0.117554,-0.374023,0.772461
-0.319580,0.169678,0.920044
0.389404,-0.311401,0.975342
-0.552368,-0.056274,0.726562
0.308960,-0.108643,1.070679
-0.061401,-0.364624,0.806641
-0.395630,0.169434,0.895996
0.424194,-0.300537,1.001221
-0.503296,-0.113037,0.711548
0.217773,-0.006958,1.074463
0.044189,-0.401855,0.828857
-0.460083,0.191895,0.892090
0.435547,-0.283203,1.018799
-0.468628,-0.179565,0.717163
0.127075,0.047485,1.038696
0.121460,-0.413086,0.840942
-0.482666,0.163452,0.875854
0.463257,-0.220215,1.054688
-0.413574,-0.167480,0.759155
0.052368,0.082153,1.039185
0.190063,-0.433594,0.880127
-0.526489,0.078857,0.808594
0.474365,-0.242676,1.067261
-0.306030,-0.270874,0.745361
-0.024048,0.167725,1.044189
0.223877,-0.369995,0.881714
-0.528320,0.046143,0.800293
0.479004,-0.261230,1.082886
-0.259766,-0.345215,0.732422
-0.085327,0.133301,0.996704
0.274658,-0.365601,0.894775
-0.544312,0.031250,0.783081
0.445923,-0.236816,1.060669
-0.180420,-0.392700,0.745239
-0.140259,0.133301,0.988525
0.309082,-0.376221,0.901123
-0.561646,0.063721,0.775024
0.435913,-0.231323,1.065918
-0.158203,-0.401855,0.754761
-0.182983,0.146362,0.997314
0.329956,-0.347168,0.918091
-0.562866,0.062988,0.769531
0.421387,-0.193970,1.075439
-0.130371,-0.386963,0.791504
-0.252075,0.148804,0.958130
0.381104,-0.334717,0.973511
-0.568970,0.024414,0.738525
0.371338,-0.148438,1.089478
-0.088013,-0.396240,0.810791
-0.279907,0.171509,0.962646
0.396118,-0.329956,0.986084
-0.541016,0.002808,0.754395
0.328125,-0.099854,1.085449
-0.062744,-0.359131,0.820435
-0.316284,0.172852,0.938843
0.426147,-0.326904,0.998657
-0.512207,-0.052856,0.749268
0.302612,-0.076050,1.095825
-0.031860,-0.379150,0.825928
-0.362793,0.187622,0.931030
0.448608,-0.308594,1.024170
-0.483154,-0.072021,0.756714
0.236816,-0.037354,1.083008
0.014526,-0.396362,0.838989
-0.387329,0.158325,0.919312
0.457520,-0.304199,1.024170
-0.453003,-0.107178,0.766968
0.199341,0.033569,1.087646
0.064209,-0.369141,0.855957
-0.430298,0.153687,0.889160
0.483032,-0.308105,1.041260
-0.436035,-0.155640,0.759399
0.154785,0.051270,1.069946
0.136475,-0.401611,0.867676
-0.465332,0.165649,0.870850
0.475952,-0.231567,1.068481
-0.396973,-0.210205,0.765381
0.095581,0.047974,1.060547
0.189819,-0.438354,0.890747
-0.502075,0.102417,0.833618
0.504395,-0.248169,1.082886
-0.328125,-0.203491,0.777588
0.011475,0.130859,1.062744
0.236694,-0.424316,0.897217
-0.484863,0.050293,0.829468
0.486938,-0.209106,1.081909
-0.272583,-0.245361,0.782227
-0.026733,0.133911,1.044312
0.294189,-0.419922,0.910034
-0.512085,0.043457,0.814697
0.481934,-0.218384,1.088989
-0.188477,-0.293457,0.777832
-0.090454,0.164551,1.030884
0.315063,-0.376465,0.921143
-0.518311,0.014526,0.794434
0.470215,-0.207397,1.102051
-0.140259,-0.358032,0.780884
-0.154907,0.166748,1.008789
0.355713,-0.351196,0.949585
-0.516113,0.019287,0.784424
0.437378,-0.181763,1.105103
-0.110596,-0.355835,0.795776
-0.219116,0.184326,1.002808
0.394165,-0.331543,0.985229
-0.528687,-0.039917,0.759888
0.396484,-0.137939,1.118286
-0.065674,-0.390137,0.819580
-0.279297,0.191772,0.982422
0.431274,-0.305908,1.016846
-0.498047,-0.041748,0.760864
0.341064,-0.082275,1.113159
-0.010132,-0.381470,0.849854
-0.326050,0.171875,0.947266
0.453613,-0.292236,1.036743
-0.458008,-0.095337,0.765381
0.274536,-0.027710,1.114136
0.061768,-0.395996,0.871826
-0.394897,0.175171,0.922607
0.490479,-0.289551,1.068848
-0.409912,-0.159546,0.765015
0.183716,0.056396,1.088135
0.127686,-0.399414,0.881104
-0.432007,0.100098,0.891235
0.514893,-0.293091,1.087158
-0.370850,-0.197510,0.781494
0.119141,0.141602,1.108765
0.181885,-0.385376,0.902954
-0.449951,0.077515,0.865845
0.520386,-0.264038,1.100220
-0.333496,-0.248901,0.785034
-0.035889,0.174805,1.086914
0.244507,-0.391479,0.906494
-0.453735,0.016846,0.838989
0.517334,-0.164307,1.168579
-0.273560,-0.274170,0.785522
-0.080688,0.165527,1.073608
0.432495,-0.357422,1.034668
-0.472778,-0.005981,0.838379
0.488770,-0.101440,1.185669
-0.036255,-0.348022,0.870361
-0.152588,0.193848,1.062500
0.461548,-0.343384,1.059082
-0.458252,-0.057861,0.816528
0.462158,-0.082642,1.181030
0.005371,-0.333862,0.884766
-0.205322,0.227661,1.060425
0.490723,-0.295654,1.091064
-0.437012,-0.076660,0.818237
0.415771,-0.068481,1.173340
0.049072,-0.331177,0.911987
-0.260132,0.240479,1.031250
0.526245,-0.283936,1.099121
-0.413208,-0.121338,0.817749
0.330688,-0.017334,1.165894
0.127441,-0.388672,0.924072
-0.300171,0.203491,0.985474
0.553101,-0.271484,1.119019
-0.374146,-0.166626,0.818237
0.241211,0.010132,1.136230
0.212524,-0.402344,0.948242
-0.367310,0.129761,0.909302
0.563477,-0.229126,1.132202
-0.275879,-0.198486,0.841431
0.142578,0.126953,1.126709
0.304688,-0.412842,0.962280
-0.424194,0.092407,0.877686
0.548096,-0.206421,1.142212
-0.215088,-0.272583,0.839600
0.048340,0.187012,1.136597
0.370728,-0.395630,0.980957
-0.453857,0.063354,0.868530
0.532837,-0.172485,1.169067
-0.097290,-0.340576,0.867798
-0.035156,0.171265,1.096191
0.405273,-0.359741,1.017090
-0.461060,0.005249,0.855469
0.521484,-0.157227,1.173828
-0.027588,-0.319458,0.882812
-0.119873,0.213867,1.084595
0.450073,-0.308472,1.060791
-0.457520,-0.034180,0.829712
0.458496,-0.121948,1.177490
0.001221,-0.408569,0.866943
-0.184570,0.215576,1.058228
0.499756,-0.288086,1.097168
-0.447388,-0.076782,0.799438
0.397217,-0.101685,1.154785
0.066895,-0.385376,0.910645
-0.261230,0.227905,1.036987
0.533325,-0.269287,1.128906
-0.390869,-0.138794,0.809448
0.317871,-0.008301,1.157715
0.137695,-0.394653,0.930908
-0.312866,0.184082,0.983643
0.566040,-0.263306,1.134766
-0.362793,-0.144409,0.811401
0.234497,0.060425,1.140747
0.204468,-0.422974,0.935913
-0.334839,0.085327,0.930786
0.578613,-0.257202,1.155884
-0.336426,-0.160889,0.826050
0.156616,0.107544,1.115845
0.291382,-0.439819,0.963623
-0.373291,0.084717,0.916870
0.563110,-0.213135,1.146118
-0.268555,-0.205444,0.836182
0.072388,0.163696,1.100708
0.340576,-0.418335,0.991211
-0.414795,0.055664,0.891724
0.565918,-0.202637,1.171387
-0.190552,-0.246094,0.868774
-0.002075,0.220459,1.107910
0.383179,-0.380859,1.004761
-0.431152,-0.002441,0.848511
0.538696,-0.181641,1.173828
-0.109863,-0.310547,0.870605
-0.062134,0.224121,1.092896
0.422729,-0.347534,1.016846
-0.438110,-0.017456,0.839355
0.491943,-0.151367,1.169556
-0.003540,-0.405029,0.873901
-0.107178,0.193604,1.093872
0.458740,-0.311157,1.054199
-0.456421,-0.009644,0.826294
0.465088,-0.121094,1.173462
0.031982,-0.356567,0.910645
-0.194092,0.210449,1.049072
0.492798,-0.288208,1.090942
-0.416504,-0.077881,0.823730
0.376343,-0.047119,1.152954
0.086304,-0.363892,0.924194
-0.261963,0.199463,1.021240
0.541138,-0.269287,1.128052
-0.383667,-0.120239,0.816528
0.289307,0.045532,1.155029
0.169189,-0.413940,0.938721
-0.309082,0.115112,0.961914
0.562256,-0.242554,1.145874
-0.336792,-0.155884,0.821655
0.196533,0.120239,1.144287
0.249023,-0.429565,0.956909
-0.371338,0.053223,0.916382
0.568726,-0.256348,1.156982
-0.284546,-0.251709,0.824463
0.121704,0.177734,1.140137
0.311523,-0.392090,0.967285
-0.437134,0.051025,0.855347
0.577148,-0.273682,1.154907
-0.183472,-0.317993,0.863647
0.027344,0.210938,1.120239
0.353638,-0.365112,0.979126
-0.454346,0.040161,0.848877
0.544922,-0.223633,1.159668
-0.063354,-0.357300,0.900757
-0.046143,0.204590,1.101318
0.410645,-0.357178,1.012939
-0.475342,0.036255,0.828735
0.502930,-0.158447,1.166748
-0.003052,-0.399414,0.893555
-0.083984,0.166016,1.097412
0.448975,-0.337524,1.047607
-0.472656,0.054688,0.832397
0.459961,-0.082520,1.162964
0.034790,-0.366577,0.901245
-0.139160,0.169434,1.076294
0.482788,-0.317749,1.079468
-0.448975,-0.003784,0.818359
0.404297,-0.034180,1.158936
0.047485,-0.367188,0.900024
-0.210327,0.201416,1.065796
0.521729,-0.305298,1.110840
-0.435181,-0.060669,0.809937
0.341064,-0.012817,1.141602
0.108765,-0.396973,0.916260
-0.257935,0.185547,1.038452
0.543335,-0.280762,1.128296
-0.389771,-0.129761,0.808228
0.284668,0.027710,1.137207
0.165161,-0.383179,0.917114
-0.298096,0.123535,0.957520
0.569580,-0.267944,1.140991
-0.347168,-0.178345,0.831421
0.195801,0.076660,1.113403
0.255859,-0.439697,0.937378
-0.368042,0.099731,0.905396
0.567505,-0.234131,1.138916
-0.291870,-0.183472,0.830933
0.094116,0.135132,1.090942
0.339233,-0.444824,0.974243
-0.414795,0.076904,0.884888
0.552124,-0.196411,1.149902
-0.198242,-0.245239,0.866699
-0.009399,0.189575,1.089966
0.384277,-0.411865,1.000000
-0.416748,0.023438,0.860107
0.506958,-0.123657,1.171021
-0.123657,-0.259399,0.878296
-0.066284,0.218628,1.107056
0.443481,-0.401001,1.022827
-0.447510,-0.033081,0.833740
0.462280,-0.103760,1.157104
0.011230,-0.336182,0.886353
-0.139282,0.215210,1.077637
0.488281,-0.344849,1.064941
-0.445312,-0.062744,0.816895
0.409546,-0.065552,1.148193
0.070190,-0.355469,0.905640
-0.240356,0.173584,1.007202
0.522827,-0.286011,1.110229
-0.399780,-0.127930,0.820557
0.317871,-0.015259,1.124756
0.121948,-0.382080,0.920532
-0.308716,0.158813,0.958862
0.559692,-0.252319,1.139404
-0.357178,-0.168457,0.809692
0.219482,0.070068,1.119263
0.224365,-0.437500,0.922485
-0.351929,0.117676,0.914185
0.573120,-0.230835,1.138184
-0.303467,-0.199829,0.828857
0.112061,0.109497,1.083374
0.288940,-0.476318,0.947876
-0.410156,0.022949,0.855225
0.562988,-0.192627,1.166748
-0.235962,-0.236938,0.822266
0.038330,0.223389,1.115723
0.362915,-0.435547,0.980591
-0.452271,0.060547,0.871460
0.525635,-0.221802,1.138184
-0.147095,-0.292358,0.862671
-0.052002,0.236694,1.098511
0.402222,-0.375488,1.013916
-0.446777,0.000000,0.843994
0.494873,-0.139771,1.147339
-0.043701,-0.335205,0.880981
-0.121338,0.224976,1.073364
0.442627,-0.364868,1.021729
-0.447876,-0.040405,0.826050
0.457153,-0.115845,1.164307
0.034058,-0.376953,0.889648
-0.178833,0.215454,1.049438
0.480469,-0.343262,1.059692
-0.442139,-0.048096,0.818604
0.390381,-0.062988,1.122559
0.087891,-0.382324,0.898315
-0.234009,0.198486,1.027466
0.492432,-0.297363,1.067017
-0.424805,-0.088745,0.804199
0.329590,-0.027710,1.117310
0.141602,-0.406494,0.916016
-0.320190,0.182739,0.984131
0.521851,-0.257324,1.115601
-0.390137,-0.151367,0.801025
0.242676,0.013794,1.106567
0.212280,-0.428711,0.933105
-0.351929,0.127563,0.919312
0.534668,-0.225464,1.111694
-0.334839,-0.181274,0.803711
0.154419,0.055176,1.085693
0.283203,-0.479004,0.940430
-0.397827,0.090454,0.869751
0.538696,-0.212524,1.109741
-0.278809,-0.205444,0.825928
0.069092,0.129150,1.070923
0.344482,-0.437378,0.973755
-0.426147,0.038818,0.832031
0.497803,-0.155762,1.125366
-0.210571,-0.240112,0.835938
-0.004395,0.182373,1.085449
0.384277,-0.422607,0.989868
-0.464233,-0.008301,0.817261
0.490845,-0.160156,1.133423
-0.107544,-0.284180,0.862305
-0.089966,0.227295,1.086914
0.425781,-0.400879,1.009766
-0.471313,-0.018921,0.814819
0.456177,-0.111572,1.138428
0.005859,-0.333618,0.874634
-0.144775,0.223511,1.058594
0.452515,-0.337158,1.038330
-0.460938,-0.054443,0.802368
0.399658,-0.109619,1.124512
0.073120,-0.415161,0.888428
-0.223999,0.161621,1.001709
0.495850,-0.270264,1.078003
-0.430420,-0.061035,0.796631
0.307495,-0.032471,1.099365
0.117065,-0.408325,0.919312
-0.290527,0.103516,0.976440
0.529419,-0.274414,1.114746
-0.414062,-0.096680,0.788940
0.206787,0.081909,1.099243
0.223877,-0.449585,0.923828
-0.370972,0.092773,0.909790
0.532593,-0.268066,1.114746
-0.322998,-0.229858,0.791138
0.114136,0.146362,1.089478
0.283569,-0.445923,0.931274
-0.428589,0.057129,0.855225
0.534302,-0.248657,1.109375
-0.236328,-0.268677,0.820435
0.028564,0.183472,1.080444
0.321533,-0.392212,0.957275
-0.468506,0.035278,0.817139
0.516724,-0.238892,1.118896
-0.184692,-0.301270,0.832031
-0.044067,0.183960,1.061646
0.379272,-0.388428,0.989014
-0.469971,0.022949,0.809814
0.477783,-0.149170,1.124512
-0.100342,-0.305298,0.844604
-0.105103,0.193970,1.048096
0.422363,-0.395630,1.005859
-0.477783,-0.018188,0.799683
0.437744,-0.124512,1.118408
0.018311,-0.362671,0.856323
-0.188232,0.221558,1.038940
0.458862,-0.374268,1.030029
-0.447144,-0.080078,0.786377
0.372681,-0.088623,1.095947
0.073853,-0.393433,0.869629
-0.250488,0.196289,0.991333
0.500854,-0.316162,1.065186
-0.423828,-0.115967,0.786377
0.279175,-0.039185,1.078369
0.120483,-0.412354,0.884644
-0.314331,0.155640,0.956299
0.511108,-0.274414,1.077271
-0.380859,-0.145264,0.805054
0.190796,0.048218,1.068481
0.196533,-0.442505,0.894531
-0.358398,0.068237,0.882080
0.525391,-0.244751,1.094360
-0.322632,-0.164429,0.811646
0.081299,0.110107,1.055054
0.277100,-0.483887,0.903687
-0.427490,0.020874,0.821533
0.514893,-0.229614,1.102417
-0.230957,-0.232300,0.827759
-0.018311,0.199463,1.061646
0.357666,-0.434937,0.958984
-0.483276,0.023438,0.817505
0.483887,-0.219116,1.095581
-0.137695,-0.311279,0.836792
-0.098267,0.213989,1.060791
0.404663,-0.373169,0.993652
-0.498047,0.005371,0.800659
0.429077,-0.161743,1.089966
-0.002563,-0.395996,0.856812
-0.163452,0.164307,1.003174
0.446899,-0.354126,1.008545
-0.484741,-0.014526,0.788940
0.334473,-0.078003,1.066528
0.095703,-0.441040,0.884644
-0.243896,0.133911,0.968994
0.477295,-0.292603,1.060669
-0.455200,-0.079224,0.774048
0.275146,-0.049927,1.063843
0.103760,-0.428345,0.870117
-0.317749,0.109619,0.934692
0.515137,-0.273315,1.085571
-0.412842,-0.108643,0.779663
0.173340,0.037354,1.052368
0.185669,-0.455566,0.885132
-0.376221,0.046387,0.872437
0.537109,-0.275879,1.105591
-0.345459,-0.198120,0.787109
0.075439,0.146362,1.065063
0.253052,-0.455933,0.895264
-0.449219,0.012451,0.808228
0.528442,-0.301636,1.092163
-0.249512,-0.279541,0.813477
0.010498,0.203003,1.074829
0.292603,-0.394775,0.919189
-0.495117,0.045776,0.800049
0.496460,-0.281128,1.084229
-0.176514,-0.321045,0.831421
-0.070435,0.195801,1.047485
0.356445,-0.395752,0.955811
-0.477417,0.019287,0.794800
0.448364,-0.166382,1.092163
-0.119019,-0.307739,0.831909
-0.103882,0.166016,1.036011
0.386719,-0.398926,0.991821
-0.504639,-0.038452,0.771606
0.429932,-0.131470,1.099121
-0.050293,-0.346436,0.816162
-0.160522,0.189575,1.008301
0.428101,-0.334229,1.010986
-0.481934,-0.072388,0.790527
0.354126,-0.127197,1.069214
0.043457,-0.471558,0.825073
-0.202148,0.146606,0.966675
0.438965,-0.296509,1.021729
-0.468506,-0.058228,0.776489
0.320801,-0.110474,1.067383
0.081421,-0.477295,0.830444
-0.256104,0.101685,0.933960
0.473022,-0.279541,1.043823
-0.453613,-0.079224,0.768311
0.251831,-0.045898,1.045776
0.115479,-0.433838,0.861328
-0.336182,0.115234,0.921265
0.499878,-0.315308,1.051514
-0.423462,-0.139038,0.778076
0.184692,0.033569,1.038940
0.143433,-0.452393,0.850098
-0.400146,0.097656,0.871948
0.538086,-0.304321,1.079102
-0.377930,-0.171509,0.763794
0.108276,0.109619,1.038940
0.209351,-0.447266,0.871094
-0.413452,0.057739,0.841675
0.515381,-0.298706,1.062744
-0.344116,-0.206055,0.778687
0.071655,0.115112,1.044189
0.244385,-0.437622,0.893066
-0.466797,0.047485,0.794189
0.507446,-0.315186,1.048828
-0.271606,-0.246704,0.818115
0.018188,0.143555,1.044556
0.264282,-0.413696,0.900269
-0.502197,0.039185,0.778076
0.497192,-0.288940,1.061523
-0.226196,-0.274414,0.824463
-0.043945,0.149658,1.022583
0.341064,-0.433838,0.927124
-0.510376,0.035278,0.758667
0.441528,-0.184814,1.063110
-0.169189,-0.256714,0.829590
-0.083252,0.136719,1.020020
0.372437,-0.407715,0.960205
-0.512451,0.008423,0.758423
0.412598,-0.157715,1.061523
-0.063599,-0.332764,0.823120
-0.153687,0.181030,1.000610
0.410889,-0.414917,0.973999
-0.519409,-0.025269,0.769775
0.375000,-0.149292,1.053223
-0.006836,-0.383301,0.823608
-0.227173,0.165405,0.953491
0.442749,-0.367188,1.003052
-0.474854,-0.109863,0.765137
0.317871,-0.114624,1.053467
0.040283,-0.424072,0.819946
-0.286865,0.121094,0.897705
0.479004,-0.333984,1.021240
-0.452026,-0.112305,0.772339
0.260254,-0.024414,1.048950
0.089355,-0.442749,0.820068
-0.343262,0.099487,0.876099
0.481201,-0.336060,1.015991
-0.436523,-0.155884,0.760254
0.195923,0.006592,1.054321
0.140625,-0.438599,0.827881
-0.412231,0.140259,0.848999
0.482300,-0.302612,1.012573
-0.379883,-0.179688,0.762207
0.115601,0.047363,1.040771
0.202271,-0.482666,0.859741
-0.461304,0.070068,0.788208
0.494141,-0.278320,1.036011
-0.327637,-0.207153,0.766479
0.016724,0.125977,1.022583
0.274048,-0.479858,0.881958
-0.494263,0.029297,0.767700
0.481689,-0.227905,1.054688
-0.249512,-0.248657,0.779907
-0.072266,0.210083,1.024902
0.336914,-0.424683,0.938354
-0.511841,0.014648,0.772217
0.439819,-0.217529,1.054077
-0.186401,-0.276367,0.797241
-0.112061,0.202759,1.033569
0.374390,-0.421875,0.950806
-0.522949,-0.011475,0.759888
0.415405,-0.172241,1.059692
-0.089844,-0.332642,0.806641
-0.176880,0.222412,1.001099
0.393066,-0.371338,0.966187
-0.514893,-0.036743,0.771729
0.384888,-0.195435,1.027100
-0.039185,-0.379395,0.815552
-0.211182,0.166626,0.950806
0.418213,-0.337891,0.991821
-0.509766,-0.043335,0.760498
0.327637,-0.143311,1.025146
0.012939,-0.457642,0.804688
-0.261108,0.113037,0.914185
0.451904,-0.345093,0.986450
-0.472534,-0.086304,0.758179
0.272949,-0.044922,1.039673
0.055908,-0.433838,0.810791
-0.321167,0.112793,0.878906
0.467651,-0.356201,0.997192
-0.470825,-0.114258,0.761841
0.232666,-0.054688,1.020630
0.069092,-0.432739,0.799561
-0.361816,0.100586,0.846802
0.484375,-0.317871,1.026001
-0.434937,-0.181152,0.746948
0.177856,-0.010132,1.026001
0.101929,-0.403076,0.810059
-0.412109,0.131226,0.830444
0.490356,-0.299561,1.025024
-0.391113,-0.201294,0.764771
0.105469,0.023193,1.024414
0.177979,-0.485840,0.826294
-0.457642,0.083740,0.792236
0.494507,-0.272339,1.023438
-0.340698,-0.147461,0.777100
0.016968,0.123901,1.018066
0.256348,-0.476685,0.875977
-0.488892,-0.001587,0.750732
0.468384,-0.274048,1.030518
-0.288086,-0.218750,0.783569
-0.065308,0.168945,1.017578
0.311890,-0.457275,0.909058
-0.508179,0.018188,0.765991
0.437988,-0.201782,1.046265
-0.198975,-0.253906,0.785645
-0.121338,0.176514,1.002930
0.361816,-0.453613,0.937744
-0.546997,0.008667,0.747803
0.402466,-0.174194,1.034302
-0.077515,-0.306274,0.812134
-0.189819,0.204712,0.980225
0.382690,-0.389526,0.963135
-0.524780,-0.062256,0.744995
0.361694,-0.149048,1.032349
0.001099,-0.387817,0.813477
-0.255981,0.208496,0.946777
0.417847,-0.366943,0.961670
-0.512573,-0.081421,0.738770
0.296021,-0.119507,1.003052
0.061401,-0.473022,0.798584
-0.317261,0.144287,0.882812
0.435913,-0.302734,0.985840
-0.484619,-0.116699,0.738159
0.229004,-0.067505,1.014038
0.093750,-0.500610,0.772217
-0.370605,0.120117,0.840576
0.461060,-0.278687,0.996460
-0.441650,-0.097046,0.764771
0.125610,0.018433,1.005859
0.144531,-0.508179,0.805054
-0.422363,0.061523,0.800781
0.453613,-0.248535,1.009644
-0.389160,-0.165161,0.739624
0.036499,0.094116,1.003784
0.231934,-0.503662,0.845947
-0.487671,0.032837,0.760864
0.462646,-0.242065,1.019897
-0.300537,-0.226807,0.748047
-0.066650,0.174683,1.009521
0.299194,-0.492676,0.875610
-0.533447,0.018799,0.754517
0.436523,-0.215820,1.038574
-0.166626,-0.265137,0.791138
-0.161987,0.216553,0.979736
0.339355,-0.398193,0.915039
-0.533813,-0.021729,0.758667
0.386108,-0.192139,1.030518
-0.036011,-0.388184,0.807861
-0.233154,0.192749,0.929443
0.384888,-0.334229,0.947754
-0.517334,-0.043091,0.739868
0.305298,-0.120972,1.015503
0.049072,-0.481934,0.789429
-0.322754,0.142700,0.870972
0.431519,-0.326538,0.966309
-0.485596,-0.050659,0.760254
0.196533,-0.017456,1.015015
0.101318,-0.506226,0.789673
-0.417603,0.109619,0.831787
0.465088,-0.306152,0.992676
-0.427368,-0.127441,0.756104
0.067749,0.092529,1.001953
0.189575,-0.479736,0.835693
-0.488281,0.050537,0.772461
0.475220,-0.256104,1.037842
-0.317749,-0.208496,0.763306
-0.044434,0.183594,1.020752
0.275757,-0.438965,0.881348
-0.546387,0.025146,0.747803
0.426270,-0.236328,1.025269
-0.157715,-0.281616,0.808838
-0.131348,0.205078,0.986084
0.327637,-0.351562,0.924805
-0.552246,0.064941,0.763184
0.386353,-0.211792,1.011597
-0.051880,-0.390747,0.814697
-0.190063,0.163574,0.953979
0.366455,-0.313843,0.955200
-0.549316,0.034912,0.746826
0.326904,-0.157837,0.989624
0.026245,-0.432129,0.803955
-0.270142,0.139771,0.894287
0.404663,-0.335693,0.940308
-0.506958,-0.025635,0.757080
0.254150,-0.079102,0.987671
0.066895,-0.476318,0.768188
-0.352905,0.126099,0.843628
0.445190,-0.308960,0.978516
-0.466919,-0.105347,0.746948
0.149048,0.002319,1.004883
0.112671,-0.488770,0.785522
-0.449951,0.110596,0.798950
0.470337,-0.287476,0.995605
-0.396729,-0.143066,0.756104
0.055542,0.099854,1.015869
0.174438,-0.463013,0.824219
-0.507812,0.056763,0.758911
0.462891,-0.273438,1.002808
-0.317871,-0.197144,0.760498
-0.041992,0.186035,1.020630
0.259766,-0.429199,0.878418
-0.550537,0.043823,0.738647
0.439331,-0.256592,1.010742
-0.216187,-0.263184,0.770630
-0.111084,0.192749,0.984009
0.325806,-0.363647,0.928833
-0.563232,0.054443,0.743896
0.392822,-0.188965,1.015137
-0.106079,-0.347778,0.782104
-0.182617,0.137573,0.935425
0.382446,-0.352173,0.959229
-0.547729,-0.006836,0.738647
0.326416,-0.091064,1.020752
-0.022827,-0.427490,0.761108
-0.271118,0.099365,0.876831
0.428345,-0.365112,0.959351
-0.506714,-0.063599,0.749756
0.225098,-0.013916,1.003662
0.058838,-0.424561,0.780518
-0.370850,0.101685,0.831787
0.441162,-0.352173,0.961426
-0.467041,-0.131836,0.747192
0.151978,0.029541,1.006592
0.105957,-0.419922,0.791504
-0.471558,0.143433,0.787842
0.470703,-0.287720,0.999512
-0.383423,-0.175781,0.763672
0.040405,0.044189,0.988281
0.182617,-0.468140,0.825439
-0.526367,0.091064,0.742554
0.447388,-0.175781,1.014526
-0.256836,-0.166504,0.806152
-0.066162,0.152954,1.018188
0.273315,-0.482666,0.866821
-0.554443,0.050171,0.732178
0.411011,-0.128052,1.035889
-0.158081,-0.231079,0.788696
-0.163208,0.201782,0.971680
0.327271,-0.452637,0.903564
-0.531860,-0.008789,0.751953
0.375122,-0.115723,1.027710
-0.064331,-0.327881,0.781006
-0.252563,0.212524,0.932373
0.389282,-0.385254,0.941406
-0.531250,-0.067261,0.744507
0.311646,-0.082886,1.012695
-0.004517,-0.390747,0.769653
-0.292114,0.167725,0.878052
0.422241,-0.333984,0.957153
-0.515259,-0.089600,0.740356
0.225464,-0.062256,0.999634
0.032349,-0.448730,0.751587
-0.356812,0.156128,0.849854
0.450195,-0.287964,0.975708
-0.488281,-0.106323,0.745239
0.114258,-0.001221,0.973022
0.118896,-0.468750,0.793457
-0.441040,0.096069,0.784058
0.454834,-0.250854,0.984497
-0.388794,-0.129028,0.771118
0.006226,0.140381,0.992188
0.178711,-0.463501,0.819580
-0.505859,0.031860,0.757446
0.448730,-0.228760,1.026367
-0.284302,-0.216431,0.773315
-0.061890,0.202637,1.013916
0.256836,-0.371094,0.868652
-0.578735,0.062256,0.735229
0.428833,-0.253540,1.012085
-0.132568,-0.340820,0.796631
-0.119141,0.199097,0.984741
0.317139,-0.308105,0.918579
-0.605957,0.125610,0.748169
0.382690,-0.230957,0.991333
-0.041992,-0.461304,0.807861
-0.205566,0.086426,0.908813
0.374023,-0.287842,0.950073
-0.572510,0.074097,0.725952
0.294556,-0.031616,0.994873
0.022705,-0.424561,0.795410
-0.314331,0.100708,0.878418
0.427490,-0.349609,0.975830
-0.527222,-0.041382,0.723511
0.195557,0.054321,0.992676
0.040527,-0.378540,0.782959
-0.358398,0.093872,0.840088
0.432495,-0.330811,0.958130
-0.467529,-0.111816,0.740601
0.154175,0.057739,1.007935
0.070679,-0.405640,0.780640
-0.427002,0.121704,0.801758
0.471802,-0.254883,1.005859
-0.469727,-0.107788,0.733032
-0.030640,0.162598,0.990234
0.208008,-0.392578,0.850220
-0.583740,0.139282,0.768311
0.461548,-0.193481,1.021606
-0.266479,-0.214600,0.748047
-0.095093,0.217041,0.977295
0.256226,-0.385620,0.877686
-0.587769,0.092407,0.754395
0.449951,-0.188843,1.030762
-0.202637,-0.278564,0.738159
-0.149048,0.228149,0.956177
0.305786,-0.357910,0.887817
-0.577148,0.079346,0.749756
0.417358,-0.150024,1.025146
-0.150024,-0.312378,0.742920
-0.203369,0.207397,0.924316
0.341675,-0.365723,0.898071
-0.580444,0.074829,0.750488
0.363159,-0.102539,1.025635
-0.100464,-0.364746,0.732910
-0.251343,0.199829,0.906006
0.373169,-0.348633,0.923950
-0.594971,0.061523,0.735352
0.320679,-0.112305,0.999390
-0.031860,-0.407593,0.760376
-0.319580,0.193726,0.860596
0.392456,-0.287231,0.921753
-0.567383,0.032227,0.721436
0.250366,-0.037476,1.000122
0.004761,-0.426880,0.766846
-0.380005,0.180542,0.861938
0.421509,-0.269287,0.951172
-0.529053,-0.014160,0.720947
0.152832,0.052490,1.005127
0.051392,-0.410645,0.794189
-0.455688,0.157104,0.835205
0.444458,-0.259277,0.974487
-0.462891,-0.028687,0.752441
0.057373,0.193359,1.012573
0.112061,-0.389404,0.807251
-0.518799,0.132935,0.808960
0.448120,-0.235229,0.999878
-0.389893,-0.129517,0.737427
-0.008179,0.208008,1.006958
0.187500,-0.383179,0.831055
-0.563721,0.108765,0.782593
0.434204,-0.213257,1.010742
-0.282471,-0.223145,0.747070
-0.075684,0.217285,0.973267
0.247925,-0.358154,0.861816
-0.593140,0.092041,0.765381
0.425659,-0.208618,1.020508
-0.194092,-0.334839,0.732056
-0.132690,0.199219,0.952515
0.299072,-0.335571,0.877319
-0.617310,0.136108,0.754761
0.397949,-0.198608,1.003662
-0.104248,-0.398682,0.759399
-0.232178,0.176147,0.898315
0.340576,-0.307007,0.906982
-0.588501,0.083984,0.744263
0.323853,-0.076782,1.009399
-0.071289,-0.398926,0.732666
-0.289062,0.120239,0.862305
0.398071,-0.283936,0.943237
-0.579712,0.037231,0.717285
0.215210,0.012451,0.994385
0.000488,-0.428223,0.753662
-0.385132,0.159424,0.859009
0.422241,-0.259888,0.966431
-0.519043,-0.011597,0.750122
0.119019,0.066040,0.982056
0.044922,-0.389771,0.792603
-0.464355,0.147339,0.827393
0.435913,-0.225464,1.013428
-0.458862,-0.061646,0.741455
0.052490,0.145264,1.001587
0.132568,-0.404297,0.817749
-0.550293,0.165039,0.809082
0.430664,-0.200806,0.996948
-0.356201,-0.148804,0.732666
-0.009521,0.177490,0.999512
0.196899,-0.359741,0.856812
-0.600220,0.125244,0.752686
0.433472,-0.207886,1.013672
-0.214233,-0.306885,0.733643
-0.103638,0.218506,0.976318
0.259644,-0.333252,0.861328
-0.614624,0.141479,0.754639
0.434570,-0.212402,1.032837
-0.143799,-0.343140,0.754150
-0.204712,0.199829,0.911133
0.322388,-0.309204,0.898438
-0.609131,0.113770,0.740112
0.352539,-0.129028,1.007690
-0.070068,-0.396973,0.748291
-0.267578,0.177979,0.901489
0.360229,-0.314209,0.907959
-0.613525,0.093384,0.722900
0.284058,-0.080200,0.974976
-0.032715,-0.379883,0.769287
-0.351196,0.148438,0.864502
0.398682,-0.290649,0.949097
-0.549438,0.001343,0.721558
0.168457,0.065186,0.981445
0.011108,-0.378540,0.770020
-0.425049,0.176758,0.844238
0.412231,-0.265259,0.973145
-0.482544,-0.080688,0.735229
0.094971,0.116333,1.016602
0.075439,-0.388916,0.801758
-0.513184,0.159180,0.827637
0.445312,-0.232178,0.998901
-0.404419,-0.121704,0.744385
0.006470,0.130737,0.995483
0.191650,-0.398926,0.850464
-0.594238,0.183228,0.789307
0.425293,-0.184570,1.013672
-0.252563,-0.251221,0.749390
-0.092041,0.191284,0.984253
0.267822,-0.403809,0.869629
-0.619629,0.125366,0.753540
0.394653,-0.150757,1.007080
-0.148804,-0.319092,0.734375
-0.176758,0.208984,0.960205
0.316406,-0.350708,0.901367
-0.614258,0.067749,0.723145
0.365601,-0.146240,0.999512
-0.095581,-0.386230,0.723267
-0.294678,0.206909,0.892212
0.390137,-0.309326,0.936768
-0.597534,0.049316,0.706177
0.244019,-0.050659,0.975708
-0.024414,-0.404785,0.760620
-0.380981,0.161743,0.867065
0.407471,-0.264648,0.953613
-0.553833,0.007080,0.707275
0.146118,0.057129,0.999634
0.042969,-0.404053,0.785889
-0.489624,0.172852,0.830811
0.441895,-0.242432,0.996704
-0.450562,-0.065186,0.744141
0.037231,0.160034,1.002075
0.136597,-0.357910,0.826416
-0.565308,0.151367,0.811157
0.452026,-0.240356,1.013550
-0.325317,-0.200317,0.732056
-0.051880,0.213623,0.986328
0.216675,-0.345215,0.860596
-0.599731,0.124390,0.773560
0.420654,-0.189453,1.029297
-0.216064,-0.334351,0.717407
-0.136353,0.189941,0.958374
0.291382,-0.352661,0.874268
-0.620117,0.107788,0.744629
0.382446,-0.152100,1.015625
-0.127441,-0.369263,0.736572
-0.241333,0.186401,0.903442
0.338867,-0.326782,0.907715
-0.595337,0.065918,0.733887
0.325073,-0.100952,1.011230
-0.078247,-0.416626,0.729126
-0.347900,0.209473,0.874878
0.379150,-0.300415,0.937622
-0.565796,0.010742,0.702515
0.236816,-0.031494,1.007446
-0.026123,-0.413452,0.762329
-0.436035,0.200195,0.839600
0.405762,-0.273560,0.953247
-0.518433,-0.049683,0.714233
0.126465,0.092285,1.028687
0.057495,-0.405029,0.790161
-0.517822,0.180054,0.834351
0.417114,-0.242065,0.972412
-0.431030,-0.109375,0.737671
0.038086,0.156982,1.019653
0.143799,-0.404419,0.818970
-0.568726,0.149536,0.810059
0.419434,-0.191772,1.001343
-0.305298,-0.211304,0.726807
-0.076538,0.199829,0.988159
0.236694,-0.398071,0.852661
-0.598145,0.114868,0.777100
0.416748,-0.185425,1.022949
-0.223022,-0.290161,0.722534
-0.154419,0.195557,0.953003
0.296143,-0.334229,0.893555
-0.607056,0.091919,0.754395
0.389160,-0.152222,1.028198
-0.147827,-0.375977,0.715576
-0.266602,0.186890,0.898926
0.349487,-0.335327,0.906738
-0.579346,0.058472,0.734741
0.302246,-0.090698,1.007080
-0.109985,-0.385742,0.723267
-0.344482,0.197998,0.882812
0.402100,-0.332397,0.926270
-0.572021,0.043823,0.713257
0.213257,0.005981,0.999512
-0.030273,-0.392212,0.766479
-0.452148,0.177368,0.847656
0.426636,-0.301758,0.964600
-0.529175,-0.062378,0.703491
0.111084,0.094727,1.012939
0.058716,-0.401245,0.786743
-0.512451,0.208862,0.842407
0.415771,-0.226440,0.981812
-0.424316,-0.131104,0.739990
0.029663,0.120239,1.019775
0.138550,-0.396484,0.833008
-0.580444,0.145264,0.791382
0.417725,-0.210693,1.012695
-0.312134,-0.261719,0.721436
-0.056885,0.171387,0.992676
0.219604,-0.379761,0.855591
-0.608521,0.149780,0.783569
0.412354,-0.178711,1.006958
-0.211914,-0.298706,0.726318
-0.177124,0.172363,0.940186
0.298340,-0.385010,0.896118
-0.615112,0.056152,0.737793
0.375977,-0.120605,1.027832
-0.155518,-0.324707,0.709595
-0.296875,0.231934,0.912964
0.371094,-0.361938,0.919800
-0.573364,-0.014771,0.723267
0.288208,-0.085815,1.009766
-0.115356,-0.372314,0.722656
-0.384644,0.205688,0.878540
0.398682,-0.312256,0.951904
-0.544312,-0.062256,0.706055
0.167725,-0.005615,0.998169
-0.012329,-0.403687,0.769897
-0.470947,0.230591,0.857544
0.410400,-0.230225,0.971313
-0.480469,-0.119141,0.721313
0.058960,0.075073,1.012207
0.117554,-0.447876,0.815918
-0.570435,0.178223,0.812988
0.420532,-0.208252,1.001099
-0.341309,-0.179199,0.731201
-0.046387,0.168335,0.995728
0.218140,-0.395508,0.867798
-0.609497,0.090576,0.757568
0.421387,-0.182861,1.032227
-0.221069,-0.295654,0.718872
-0.173584,0.209106,0.955933
0.293701,-0.341431,0.907715
-0.621826,0.061035,0.737061
0.358521,-0.156372,1.017700
-0.138550,-0.398315,0.711060
-0.284424,0.188965,0.893799
0.359863,-0.319214,0.916870
-0.571655,0.053223,0.722412
0.251953,-0.057617,0.997437
-0.056885,-0.391479,0.760620
-0.398071,0.137085,0.854736
0.397827,-0.331421,0.937744
-0.556274,-0.025024,0.698975
0.161621,0.043701,1.007812
0.019775,-0.369141,0.800903
-0.498047,0.212158,0.848755
0.406128,-0.273804,0.971069
-0.462524,-0.121094,0.721924
0.065918,0.115356,1.020996
0.104370,-0.409668,0.819702
-0.567505,0.162842,0.824585
0.426758,-0.248779,0.984497
-0.375488,-0.203979,0.715088
-0.035156,0.148804,0.995728
0.228760,-0.408813,0.864990
-0.598999,0.168213,0.797119
0.401489,-0.165405,1.008179
-0.257202,-0.262329,0.733032
-0.145508,0.154541,0.957275
0.298706,-0.413818,0.899658
-0.621216,0.083740,0.744507
0.375000,-0.140381,1.023193
-0.184204,-0.334351,0.689575
-0.224731,0.187256,0.939331
0.330811,-0.342773,0.916870
-0.600830,0.018799,0.741943
0.333008,-0.158936,0.994507
-0.123413,-0.380493,0.720093
-0.335815,0.214600,0.886475
0.367676,-0.317627,0.930054
-0.577637,-0.025391,0.715332
0.250854,-0.092407,1.006348
-0.072266,-0.381470,0.763306
-0.423706,0.193848,0.845459
0.392700,-0.280029,0.959839
-0.541992,-0.098145,0.694702
0.144287,-0.002197,1.000488
0.015869,-0.397705,0.801147
-0.499268,0.214233,0.863281
0.428589,-0.247681,1.004517
-0.490356,-0.109741,0.713623
0.041992,0.066040,1.003906
0.119995,-0.454224,0.815186
-0.551025,0.166504,0.819702
0.421631,-0.198364,1.015625
-0.393311,-0.171143,0.723267
-0.023315,0.139771,1.001465
0.193115,-0.413818,0.850586
-0.584595,0.152588,0.813721
0.427002,-0.221191,1.015869
-0.310425,-0.231567,0.724731
-0.109741,0.180298,0.978882
0.261230,-0.388672,0.875244
-0.610718,0.074097,0.759033
0.414062,-0.195801,1.030884
-0.217285,-0.330688,0.710327
-0.194214,0.210205,0.941528
0.301392,-0.350220,0.892822
-0.609131,0.030396,0.732056
0.380981,-0.195190,1.019409
-0.170654,-0.375732,0.709106
-0.251709,0.172852,0.896362
0.343384,-0.332031,0.916260
-0.608276,0.025635,0.728271
0.335205,-0.162231,1.023560
-0.120483,-0.425903,0.723022
-0.327393,0.154907,0.888916
0.366211,-0.309326,0.934448
-0.578003,0.034302,0.729614
0.249512,-0.075806,1.003174
-0.053223,-0.414062,0.769653
-0.408569,0.171143,0.876099
0.386719,-0.303589,0.966919
-0.549927,-0.018433,0.715210
0.147095,0.030396,0.997803
0.009399,-0.374512,0.799683
-0.488037,0.147583,0.855713
0.432983,-0.305542,0.997192
-0.484863,-0.107300,0.716064
0.058105,0.156494,1.016846
0.090698,-0.334106,0.824829
-0.560669,0.143921,0.822876
0.438477,-0.288086,1.009399
-0.374878,-0.246826,0.720093
-0.000122,0.144409,1.007202
0.145630,-0.351929,0.827026
-0.600708,0.158569,0.793701
0.455566,-0.297119,0.997314
-0.291992,-0.298950,0.729248
-0.074219,0.114746,0.971436
0.206665,-0.342651,0.868042
-0.613892,0.118774,0.749512
0.428589,-0.227295,1.015259
-0.207031,-0.359741,0.726074
-0.163452,0.149170,0.958740
0.284058,-0.354980,0.893799
-0.605591,0.115723,0.758545
0.382324,-0.183105,1.010376
-0.182983,-0.344360,0.732300
-0.245972,0.128784,0.927979
0.352417,-0.360352,0.920898
-0.597168,0.068115,0.735352
0.309082,-0.095825,1.016602
-0.124634,-0.366943,0.733887
-0.334473,0.148438,0.896484
0.387207,-0.355591,0.941895
-0.578979,0.007324,0.710449
0.229980,-0.039429,1.022217
-0.073242,-0.382690,0.757690
-0.418945,0.194336,0.883179
0.418457,-0.330078,0.968384
-0.546875,-0.040894,0.715088
0.151001,0.016479,1.009644
0.022705,-0.386963,0.803711
-0.504639,0.192505,0.837769
0.422852,-0.304077,0.976929
-0.475220,-0.150513,0.720337
0.074463,0.069458,1.024048
0.113892,-0.411377,0.825928
-0.563843,0.198120,0.827759
0.424683,-0.247559,0.993774
-0.342285,-0.208374,0.755737
-0.022095,0.132690,1.015015
0.198608,-0.419067,0.868774
-0.589478,0.114624,0.776855
0.403687,-0.205078,1.006714
-0.261719,-0.285034,0.724609
-0.132202,0.156494,0.984009
0.265625,-0.402710,0.876343
-0.587524,0.062134,0.761353
0.375977,-0.161255,1.020508
-0.182983,-0.344604,0.723145
-0.239136,0.176270,0.951538
0.318726,-0.344727,0.921753
-0.591797,-0.008179,0.727051
0.343384,-0.147095,1.031128
-0.123291,-0.377441,0.732788
-0.345215,0.206177,0.910400
0.376831,-0.320312,0.943237
-0.568115,-0.047363,0.705688
0.248169,-0.082031,1.033691
-0.049438,-0.383423,0.789673
-0.449219,0.198486,0.870117
0.402954,-0.290405,0.973633
-0.508911,-0.098999,0.727417
0.120850,0.028442,1.024414
0.067627,-0.428589,0.822388
-0.519653,0.149902,0.833130
0.421509,-0.227905,1.016724
-0.410156,-0.187866,0.706787
-0.004395,0.151489,1.016357
0.179443,-0.408813,0.848511
-0.573608,0.096558,0.791260
0.424927,-0.234131,1.024780
-0.289795,-0.291138,0.717896
-0.078369,0.157715,0.994507
0.255005,-0.385620,0.873047
-0.597412,0.077881,0.763184
0.415649,-0.208496,1.029419
-0.216431,-0.336548,0.730347
-0.185547,0.126221,0.953857
0.293213,-0.359131,0.916992
-0.598145,0.025024,0.732300
0.393311,-0.153687,1.052490
-0.159424,-0.346191,0.751953
-0.300171,0.177979,0.919922
0.355713,-0.326050,0.944458
-0.568359,-0.014893,0.739136
0.317139,-0.132935,1.038696
-0.117676,-0.355835,0.760498
-0.354736,0.180176,0.899292
0.380615,-0.320068,0.958008
-0.548096,-0.032227,0.723267
0.241943,-0.045288,1.048096
-0.047974,-0.392456,0.784302
-0.425659,0.191284,0.885742
0.409668,-0.311279,0.978149
-0.532715,-0.075928,0.711182
0.161255,0.021973,1.033325
0.041260,-0.402710,0.808594
-0.496948,0.181030,0.860229
0.440430,-0.287109,1.011475
-0.485229,-0.155884,0.718628
0.064575,0.070801,1.012695
0.116699,-0.410522,0.843506
-0.535400,0.149902,0.833984
0.430664,-0.227783,1.022583
-0.385498,-0.202637,0.733521
0.001587,0.107910,1.026123
0.176270,-0.441528,0.837158
-0.566650,0.128540,0.816650
0.450684,-0.233521,1.026245
-0.297729,-0.237183,0.746582
-0.088989,0.159180,0.992554
0.252808,-0.421509,0.878540
-0.564575,0.061279,0.785767
0.429443,-0.212769,1.033936
-0.237793,-0.298584,0.734619
-0.171875,0.180908,0.973633
0.306274,-0.389404,0.905884
-0.564331,0.017822,0.756592
0.405518,-0.188721,1.056396
-0.182617,-0.350220,0.731934
-0.269409,0.189697,0.946167
0.346313,-0.348755,0.933838
-0.554565,-0.010254,0.762207
0.354736,-0.155640,1.057007
-0.137817,-0.361450,0.747070
-0.330322,0.181763,0.906006
0.393188,-0.323364,0.966919
-0.551880,-0.052002,0.728882
0.264771,-0.085449,1.049316
-0.058838,-0.392944,0.780151
-0.398926,0.191895,0.897095
0.414429,-0.287842,0.996948
-0.525879,-0.095703,0.717651
0.170166,0.008667,1.047974
0.046875,-0.398560,0.833984
-0.476807,0.158081,0.862183
0.431519,-0.274902,1.017334
-0.464844,-0.159668,0.722412
0.074829,0.085083,1.033813
0.130371,-0.397461,0.846069
-0.532227,0.121826,0.823242
0.461060,-0.255249,1.040283
-0.343628,-0.248413,0.734985
-0.021240,0.121826,1.009766
0.208496,-0.395142,0.875000
-0.554565,0.080688,0.804810
0.451660,-0.226807,1.048706
-0.257202,-0.302368,0.729736
-0.098267,0.158081,1.000732
0.276245,-0.387573,0.893433
-0.564331,0.033569,0.769409
0.431152,-0.229126,1.046753
-0.212036,-0.356812,0.712524
-0.196777,0.171021,0.974365
0.332397,-0.357666,0.921509
-0.553589,-0.008179,0.758667
0.390991,-0.183472,1.065552
-0.172485,-0.362793,0.738037
-0.271240,0.174438,0.938721
0.376709,-0.321777,0.970215
-0.555176,-0.027344,0.750977
0.324219,-0.117432,1.071777
-0.117432,-0.375610,0.775391
-0.334961,0.150146,0.913452
0.408813,-0.321411,0.974976
-0.519653,-0.051025,0.744629
0.251709,-0.053711,1.062012
-0.021118,-0.369751,0.814819
-0.435303,0.177734,0.887207
0.445679,-0.316772,1.010620
-0.473999,-0.138184,0.733521
0.140381,0.049561,1.053711
0.094238,-0.403198,0.835815
-0.497314,0.151001,0.859131
0.458008,-0.268799,1.033813
-0.397827,-0.198975,0.753296
0.025757,0.114746,1.030029
0.188843,-0.391846,0.874756
-0.524658,0.075562,0.812500
0.457764,-0.227539,1.054932
-0.288818,-0.291992,0.740234
-0.075806,0.121582,1.004883
0.287598,-0.386841,0.903442
-0.530518,0.027832,0.791382
0.429443,-0.189819,1.065308
-0.209473,-0.324829,0.737671
-0.216919,0.144165,0.954834
0.360718,-0.373169,0.950562
-0.531860,-0.017334,0.759399
0.366089,-0.120483,1.078247
-0.138306,-0.327026,0.779663
-0.308838,0.169434,0.937134
0.411621,-0.348755,0.985718
-0.526367,-0.072266,0.740479
0.265381,-0.049072,1.075806
-0.019531,-0.356567,0.819092
-0.415894,0.178223,0.896851
0.439819,-0.303711,1.017700
-0.451904,-0.171875,0.737305
0.154297,0.021606,1.056396
0.103149,-0.387207,0.853760
-0.496338,0.156250,0.846436
0.459473,-0.254272,1.032593
-0.337036,-0.246704,0.779175
0.031372,0.075439,1.052979
0.193848,-0.382935,0.882690
-0.525879,0.079346,0.803955
0.466553,-0.225098,1.055298
-0.233154,-0.329590,0.765137
-0.092285,0.123779,1.006104
0.298584,-0.397583,0.904785
-0.538208,0.049194,0.786499
0.426636,-0.172729,1.076050
-0.180664,-0.323975,0.758179
-0.213257,0.161255,1.004028
0.366577,-0.360962,0.967163
-0.536621,-0.036133,0.751831
0.374023,-0.109985,1.099609
-0.110718,-0.329346,0.778442
-0.324219,0.197632,0.944092
0.432861,-0.344849,1.005493
-0.490601,-0.117798,0.748657
0.271606,-0.059570,1.072388
-0.015869,-0.346558,0.821289
-0.393433,0.164185,0.904907
0.471924,-0.308472,1.038452
-0.438965,-0.171753,0.746826
0.133789,0.067505,1.071655
0.116089,-0.417114,0.853027
-0.466919,0.115234,0.848511
0.472656,-0.230835,1.054932
-0.350342,-0.198486,0.782349
0.027100,0.126587,1.054565
0.212158,-0.420898,0.880493
-0.516235,0.045776,0.813477
0.473999,-0.239014,1.071289
-0.228027,-0.293579,0.780396
-0.072388,0.165771,1.030762
0.286255,-0.380371,0.913330
-0.536133,0.024536,0.775879
0.470703,-0.207275,1.093628
-0.171875,-0.325928,0.776733
-0.168457,0.157104,0.994873
0.358765,-0.371094,0.948975
-0.540283,-0.003174,0.770874
0.401978,-0.165649,1.085693
-0.111084,-0.355835,0.791992
-0.243774,0.169800,0.979492
0.407104,-0.339355,0.989136
-0.542603,0.003296,0.764038
0.346313,-0.098633,1.095215
-0.052246,-0.371338,0.813354
-0.297119,0.159302,0.937378
0.425171,-0.305664,1.019653
-0.499756,-0.063110,0.762573
0.265015,-0.059570,1.094482
0.012329,-0.399536,0.829224
-0.382568,0.166260,0.926270
0.468384,-0.261841,1.049561
-0.446777,-0.123169,0.749268
0.177490,0.047974,1.086060
0.123779,-0.402222,0.880737
-0.455444,0.131470,0.875244
0.489746,-0.281616,1.058472
-0.384155,-0.178833,0.770630
0.083984,0.128052,1.081421
0.179077,-0.371216,0.884521
-0.469604,0.060547,0.839233
0.500366,-0.250122,1.088989
-0.295166,-0.266968,0.772339
-0.018066,0.154541,1.054443
0.257935,-0.402710,0.899902
-0.490356,0.046753,0.817261
0.489746,-0.207886,1.100464
-0.203613,-0.288330,0.796509
-0.080811,0.143555,1.022705
0.318604,-0.391479,0.935547
-0.504883,-0.007935,0.792847
0.465820,-0.190063,1.101318
-0.154541,-0.303589,0.786621
-0.174438,0.183838,1.017822
0.381470,-0.344482,0.971436
-0.511230,-0.034058,0.774658
0.415283,-0.153687,1.111328
-0.099487,-0.347168,0.815186
-0.253662,0.178345,0.978760
0.420044,-0.305298,1.018555
-0.500244,-0.062622,0.757446
0.350952,-0.063477,1.136597
-0.020508,-0.382446,0.830078
-0.332886,0.182495,0.961914
0.454224,-0.319824,1.024170
-0.458496,-0.129639,0.757324
0.268921,-0.027710,1.115479
0.063232,-0.372437,0.867310
-0.402954,0.179565,0.919556
0.491089,-0.283203,1.053955
-0.405029,-0.173584,0.771118
0.168335,0.030273,1.084839
0.165894,-0.400757,0.898071
-0.447510,0.133911,0.876343
0.491699,-0.225464,1.083862
-0.357544,-0.232300,0.770508
0.069580,0.080688,1.068848
0.261353,-0.406860,0.928955
-0.464722,0.079468,0.846924
0.479736,-0.183960,1.097900
-0.231445,-0.270996,0.803589
-0.045044,0.106567,1.037964
0.327637,-0.396362,0.953369
-0.476318,-0.010742,0.818481
0.474121,-0.154541,1.125732
-0.155762,-0.293701,0.798340
-0.166748,0.156250,1.003540
0.399048,-0.363525,0.997437
-0.472412,-0.070312,0.795654
0.411743,-0.094238,1.133545
-0.088257,-0.303589,0.830933
-0.261963,0.193604,0.989014
0.449341,-0.329468,1.041016
-0.471924,-0.118164,0.770142
0.345825,-0.054932,1.136963
0.001465,-0.344482,0.859009
-0.345215,0.190063,0.942017
0.495728,-0.294800,1.059204
-0.411987,-0.155762,0.777832
0.236206,0.001953,1.118164
0.112671,-0.409180,0.875610
-0.407471,0.164795,0.909058
0.514404,-0.252808,1.085205
-0.376709,-0.185547,0.777344
0.121948,0.073975,1.087158
0.217773,-0.417358,0.912109
-0.447998,0.100464,0.875366
0.526367,-0.203613,1.114136
-0.306396,-0.237061,0.781494
0.026733,0.130737,1.065918
0.300171,-0.417358,0.955078
-0.472778,0.049561,0.848389
0.485474,-0.115723,1.175781
-0.179077,-0.297607,0.794434
-0.125122,0.192871,1.061768
0.461792,-0.311768,1.054810
-0.453491,-0.060181,0.833984
0.453857,-0.115479,1.178101
-0.002441,-0.351929,0.882446
-0.209229,0.195679,1.036865
0.503906,-0.278564,1.110229
-0.432251,-0.085815,0.816040
0.381714,-0.060303,1.168457
0.083862,-0.376465,0.911865
-0.268555,0.211426,1.024536
0.529785,-0.267578,1.112305
-0.389771,-0.121948,0.813110
0.308594,0.000000,1.147095
0.169189,-0.398071,0.941528
-0.319824,0.145874,0.956421
0.542603,-0.233154,1.135010
-0.333496,-0.161987,0.829956
0.212891,0.079956,1.143311
0.251953,-0.427856,0.964600
-0.375488,0.108032,0.911133
0.538452,-0.217773,1.133423
-0.275879,-0.196899,0.845337
0.126465,0.127197,1.108398
0.320679,-0.429443,0.976807
-0.403442,0.076538,0.892578
0.544312,-0.178711,1.161865
-0.219360,-0.228882,0.850342
0.047852,0.177246,1.103027
0.359131,-0.400269,1.002930
-0.435913,0.030273,0.867188
0.537842,-0.170776,1.169189
-0.127197,-0.257202,0.873291
-0.022705,0.215698,1.104492
0.391846,-0.361084,1.016602
-0.436523,-0.017334,0.858398
0.518311,-0.143433,1.183960
-0.045410,-0.318848,0.883301
-0.101807,0.219482,1.069580
0.434937,-0.332275,1.042236
-0.434204,-0.034302,0.843994
0.475098,-0.137573,1.176392
-0.008545,-0.386841,0.869019
-0.150146,0.191895,1.050781
0.475952,-0.302612,1.069580
-0.444824,-0.033936,0.823730
0.417114,-0.076050,1.167603
0.048340,-0.366211,0.914185
-0.218872,0.186890,1.037109
0.510986,-0.268311,1.114990
-0.423096,-0.072144,0.806763
0.348267,-0.014404,1.158325
0.136597,-0.394409,0.930664
-0.311157,0.175537,0.987061
0.555664,-0.254028,1.139893
-0.339355,-0.170654,0.816650
0.240479,0.091919,1.149902
0.217285,-0.416138,0.942017
-0.361694,0.114746,0.932129
0.566895,-0.258789,1.137939
-0.284058,-0.229370,0.826782
0.143921,0.139771,1.121948
0.288818,-0.415161,0.961182
-0.417358,0.075317,0.884155
0.570923,-0.247925,1.150024
-0.229736,-0.269653,0.848999
0.062988,0.156982,1.111816
0.340820,-0.386353,0.969604
-0.435669,0.058838,0.874146
0.565918,-0.197998,1.175781
-0.145020,-0.291870,0.869263
-0.009155,0.162231,1.085938
0.398560,-0.372314,1.014282
-0.465942,0.041626,0.852905
0.521118,-0.208374,1.144775
-0.028687,-0.337280,0.901978
-0.075806,0.188354,1.081665
0.428345,-0.324707,1.037231
-0.446899,-0.002563,0.830322
0.482788,-0.133667,1.155396
0.002319,-0.362671,0.900635
-0.136719,0.192627,1.069092
0.475586,-0.326904,1.071777
-0.425537,-0.087402,0.831299
0.429810,-0.042847,1.182617
0.022095,-0.328613,0.870361
-0.211792,0.223999,1.044556
0.526489,-0.322998,1.104370
-0.401245,-0.140137,0.827026
0.388184,-0.035156,1.175293
0.055664,-0.321533,0.907471
-0.261353,0.203369,0.997070
0.536621,-0.268311,1.126587
-0.371338,-0.179810,0.807861
0.339111,-0.006714,1.170410
0.140259,-0.369385,0.919189
-0.329712,0.214478,0.975098
0.554443,-0.271973,1.115112
-0.328613,-0.207764,0.828857
0.250244,0.025391,1.140869
0.211548,-0.399902,0.953491
-0.364258,0.148804,0.911255
0.559448,-0.232788,1.133179
-0.282715,-0.213745,0.853271
0.147827,0.081055,1.109131
0.289062,-0.439453,0.958252
-0.395752,0.108643,0.876587
0.551514,-0.177612,1.146240
-0.233765,-0.206543,0.853027
0.076904,0.153442,1.119629
0.348022,-0.443359,0.986572
-0.426880,0.069458,0.874023
0.546265,-0.156616,1.154785
-0.169189,-0.234741,0.864746
-0.019897,0.214600,1.108521
0.414673,-0.399414,1.023071
-0.451294,0.002563,0.844238
0.503418,-0.125488,1.167969
-0.063232,-0.290161,0.884155
-0.093872,0.214111,1.088013
0.458496,-0.358032,1.049316
-0.458740,-0.029053,0.834839
0.458740,-0.109375,1.162598
0.041260,-0.353516,0.897583
-0.168945,0.207275,1.056396
0.490723,-0.294556,1.078247
-0.429810,-0.072998,0.818726
0.406128,-0.076782,1.154419
0.064087,-0.375000,0.906250
-0.255371,0.217163,1.024292
0.531738,-0.279663,1.109741
-0.373169,-0.140381,0.827515
0.313965,-0.005127,1.147217
0.144775,-0.392090,0.924805
-0.319702,0.186890,0.965088
0.546997,-0.243408,1.125854
-0.331055,-0.183105,0.832397
0.221924,0.030151,1.120117
0.235840,-0.433472,0.955566
-0.365112,0.125366,0.910034
0.542603,-0.190796,1.125244
-0.281616,-0.172852,0.824707
0.118652,0.107178,1.111084
0.337646,-0.478516,0.985352
-0.428711,0.044678,0.854004
0.530273,-0.149902,1.156006
-0.209839,-0.220947,0.834839
0.012695,0.205811,1.106201
0.393066,-0.418579,1.008911
-0.437744,-0.021606,0.836304
0.504395,-0.133667,1.163086
-0.093262,-0.283081,0.865112
-0.072998,0.242676,1.102051
0.442871,-0.385376,1.021851
-0.462524,-0.023071,0.825073
0.469604,-0.135864,1.151855
0.029419,-0.347900,0.901733
-0.142090,0.192871,1.051147
0.469360,-0.302368,1.064331
-0.455322,-0.026611,0.821411
0.405762,-0.082275,1.140869
0.062012,-0.411621,0.893677
-0.227173,0.191650,1.041748
0.514771,-0.298828,1.099487
-0.431885,-0.071045,0.809692
0.341797,-0.019897,1.125122
0.128784,-0.400879,0.932007
-0.313232,0.151611,0.975464
0.542969,-0.261108,1.137329
-0.369995,-0.154785,0.809204
0.250610,0.053467,1.130493
0.202759,-0.407227,0.936035
-0.350830,0.133789,0.929199
0.560303,-0.254639,1.128174
-0.322144,-0.216919,0.825562
0.157959,0.071289,1.118652
0.273560,-0.447388,0.950317
-0.395752,0.108032,0.867554
0.543213,-0.204224,1.123535
-0.255981,-0.196411,0.829712
0.088257,0.130981,1.099854
0.337036,-0.453613,0.956055
-0.445312,0.061523,0.846069
0.520508,-0.172241,1.140015
-0.187866,-0.253662,0.852173
0.000732,0.178589,1.104492
0.400146,-0.423340,1.004028
-0.450806,0.029785,0.824097
0.483765,-0.080566,1.151245
-0.084229,-0.265259,0.871704
-0.094604,0.242310,1.105225
0.435303,-0.440796,1.010254
-0.433105,-0.063843,0.834839
0.449219,-0.079102,1.148071
0.006958,-0.292847,0.888672
-0.174316,0.227783,1.054688
0.493042,-0.343872,1.067871
-0.437866,-0.092896,0.807861
0.367798,-0.064331,1.134399
0.074951,-0.365845,0.889771
-0.245483,0.203491,1.020264
0.515381,-0.279663,1.093262
-0.392700,-0.126587,0.817871
0.269775,-0.026367,1.108887
0.168335,-0.431274,0.903931
-0.334595,0.144775,0.933105
0.544067,-0.232422,1.118896
-0.328491,-0.166382,0.822388
0.140625,0.072266,1.083618
0.278442,-0.463135,0.939087
-0.417114,0.052490,0.844482
0.537354,-0.217163,1.125610
-0.229370,-0.211548,0.843262
0.016113,0.180420,1.092041
0.366577,-0.428223,0.969360
-0.468872,0.042114,0.837280
0.496338,-0.178589,1.127319
-0.087769,-0.279785,0.875000
-0.098755,0.236206,1.072266
0.431030,-0.370239,1.018677
-0.469971,0.004150,0.820801
0.426636,-0.114136,1.125000
0.041382,-0.401245,0.863892
-0.176636,0.189331,1.037842
0.478638,-0.314575,1.056030
-0.457642,-0.028564,0.790527
0.341675,-0.037476,1.101318
0.101562,-0.409302,0.896240
-0.276245,0.143921,0.984375
0.511597,-0.272461,1.102051
-0.389160,-0.122803,0.810547
0.240356,0.058716,1.109741
0.183716,-0.441650,0.905029
-0.376587,0.074585,0.904053
0.546753,-0.262817,1.136841
-0.321655,-0.221802,0.802246
0.119019,0.114868,1.085327
0.299927,-0.452026,0.930664
-0.439209,0.087769,0.842651
0.524048,-0.228027,1.108765
-0.231079,-0.250854,0.828369
0.016846,0.152710,1.065918
0.355225,-0.463013,0.956177
-0.468140,0.012207,0.802856
0.496948,-0.143921,1.135864
-0.134277,-0.255981,0.843018
-0.092163,0.218262,1.061157
0.415039,-0.408081,0.997437
-0.461792,-0.056396,0.804321
0.438843,-0.138428,1.119995
-0.032471,-0.325928,0.866455
-0.155151,0.184570,1.020142
0.447388,-0.351440,1.032593
-0.451172,-0.093018,0.788086
0.376221,-0.091553,1.115479
0.058960,-0.401001,0.863159
-0.236328,0.182007,0.993774
0.492676,-0.327271,1.053101
-0.416138,-0.127441,0.806519
0.312866,-0.053589,1.089600
0.100098,-0.390381,0.882935
-0.307007,0.139404,0.933350
0.502930,-0.254028,1.095703
-0.380859,-0.162109,0.795532
0.229126,0.009766,1.093018
0.206787,-0.463867,0.894409
-0.394653,0.131714,0.876221
0.509399,-0.243896,1.071899
-0.316162,-0.173218,0.815918
0.109497,0.072388,1.072998
0.289062,-0.473877,0.929565
-0.443726,0.048096,0.817871
0.501587,-0.211792,1.095459
-0.246094,-0.195435,0.821533
-0.004639,0.198242,1.074463
0.358398,-0.460205,0.950806
-0.464722,0.001099,0.814575
0.465942,-0.151001,1.114502
-0.118652,-0.269775,0.839478
-0.110962,0.211548,1.050293
0.411743,-0.406372,0.988281
-0.474365,-0.028442,0.797607
0.431519,-0.102661,1.118896
0.023315,-0.340210,0.867310
-0.206055,0.220825,1.003662
0.448730,-0.353149,1.025024
-0.456299,-0.105469,0.768799
0.356201,-0.086304,1.103149
0.070068,-0.410645,0.856812
-0.264404,0.182251,0.976807
0.487915,-0.285645,1.056396
-0.425659,-0.113403,0.772339
0.243042,-0.003174,1.060547
0.147583,-0.467651,0.861816
-0.348145,0.135864,0.930664
0.529907,-0.291626,1.082886
-0.381714,-0.164429,0.775146
0.124634,0.071045,1.051880
0.238770,-0.501465,0.880859
-0.407715,0.048706,0.844727
0.518677,-0.225464,1.099731
-0.282715,-0.204224,0.818359
0.023682,0.185181,1.063843
0.313110,-0.456299,0.937500
-0.460205,-0.008911,0.803833
0.491455,-0.222168,1.105591
-0.189331,-0.278687,0.814697
-0.056030,0.218994,1.069336
0.362061,-0.395142,0.960938
-0.507568,0.025146,0.794434
0.449585,-0.172974,1.099365
-0.051514,-0.336548,0.848877
-0.143677,0.211060,1.041870
0.414429,-0.393188,0.989258
-0.496704,-0.015747,0.774536
0.382690,-0.111450,1.081909
0.040527,-0.399536,0.859131
-0.224854,0.180786,0.995361
0.465942,-0.372559,1.017944
-0.460083,-0.098877,0.769409
0.301270,-0.051147,1.072144
0.088745,-0.414307,0.841064
-0.282593,0.147095,0.943237
0.464233,-0.281616,1.042969
-0.416138,-0.136597,0.788208
0.230957,-0.037598,1.064697
0.150146,-0.452515,0.862793
-0.382202,0.124268,0.885254
0.505249,-0.245483,1.071167
-0.369263,-0.126831,0.797363
0.087769,0.062622,1.037720
0.254883,-0.516113,0.871094
-0.432739,0.004883,0.796265
0.503174,-0.204834,1.091675
-0.279053,-0.192871,0.808716
-0.026489,0.143799,1.035400
0.331665,-0.471558,0.932251
-0.491943,-0.011719,0.775879
0.461914,-0.174561,1.102295
-0.133911,-0.268311,0.824829
-0.134888,0.229980,1.029541
0.404907,-0.440186,0.953735
-0.507812,-0.035156,0.773438
0.399902,-0.145142,1.070435
0.001709,-0.368530,0.848389
-0.212158,0.194946,0.982056
0.439575,-0.367188,0.989624
-0.464600,-0.056030,0.790527
0.301758,-0.084717,1.052734
0.093262,-0.462769,0.841675
-0.308350,0.135254,0.923828
0.484131,-0.293457,1.036255
-0.424683,-0.112183,0.781738
0.196289,0.013672,1.053345
0.141968,-0.434814,0.862915
-0.396362,0.071777,0.854370
0.512329,-0.287598,1.065308
-0.362915,-0.187866,0.768555
0.084229,0.105957,1.055420
0.249878,-0.460571,0.880371
-0.471436,0.051147,0.789062
0.482910,-0.257324,1.045654
-0.255127,-0.215454,0.824097
-0.026489,0.133301,1.027710
0.337769,-0.475220,0.932129
-0.523560,0.027466,0.770386
0.431763,-0.172485,1.057617
-0.117065,-0.274048,0.831055
-0.132568,0.196533,1.022217
0.397949,-0.424072,0.973145
-0.506958,-0.057129,0.760742
0.375732,-0.120117,1.062012
-0.001953,-0.372192,0.819824
-0.223755,0.181152,0.970703
0.442871,-0.344727,1.005737
-0.460083,-0.107300,0.774780
0.297119,-0.088135,1.043457
0.074585,-0.451660,0.810425
-0.310547,0.138306,0.900024
0.469849,-0.283447,1.024170
-0.432495,-0.115723,0.783936
0.173584,-0.026123,1.021484
0.146606,-0.488037,0.821899
-0.405518,0.096313,0.840210
0.490967,-0.247437,1.042236
-0.349609,-0.172363,0.783325
0.037354,0.106689,1.040527
0.254639,-0.499023,0.877563
-0.487305,0.017334,0.775024
0.484131,-0.242920,1.068848
-0.243530,-0.251221,0.788574
-0.071045,0.201416,1.032227
0.326294,-0.401001,0.930054
-0.532837,0.022949,0.766113
0.437622,-0.217773,1.060181
-0.074219,-0.364258,0.838501
-0.161865,0.171509,0.987549
0.356689,-0.327026,0.968384
-0.505859,-0.008179,0.756470
0.383057,-0.147705,1.050903
0.006836,-0.411255,0.841309
-0.242432,0.152344,0.948364
0.458130,-0.366333,0.991699
-0.490723,-0.028442,0.746216
0.256470,-0.045898,1.016846
0.082031,-0.461548,0.811035
-0.312622,0.125244,0.902100
0.464966,-0.356689,0.997559
-0.460083,-0.109009,0.762329
0.212891,-0.011719,1.032104
0.114624,-0.446899,0.811768
-0.404175,0.135010,0.846680
0.483398,-0.308838,1.035767
-0.397827,-0.176514,0.765747
0.121094,0.026245,1.025879
0.188721,-0.474121,0.843018
-0.465088,0.073730,0.783447
0.490723,-0.270630,1.025513
-0.314209,-0.173096,0.804565
-0.002686,0.123169,1.014771
0.279053,-0.494507,0.886841
-0.503540,-0.005127,0.750610
0.446167,-0.203979,1.055054
-0.209351,-0.245483,0.785034
-0.107666,0.230591,1.030396
0.350830,-0.409424,0.946045
-0.507080,-0.047119,0.770630
0.402466,-0.175781,1.060547
-0.083984,-0.352661,0.805176
-0.175537,0.171021,0.961548
0.382690,-0.370972,0.955933
-0.519531,-0.012451,0.760864
0.347778,-0.160645,1.026978
0.041016,-0.469727,0.830078
-0.260620,0.127808,0.922363
0.421387,-0.310181,0.978516
-0.498779,-0.045532,0.737793
0.249512,-0.052734,1.011353
0.082153,-0.440918,0.814575
-0.334839,0.088257,0.866455
0.458984,-0.308472,0.994751
-0.467896,-0.072021,0.747559
0.147339,0.039062,1.011719
0.160767,-0.412354,0.847900
-0.440063,0.068970,0.814209
0.486450,-0.309814,1.030518
-0.380005,-0.182251,0.752319
0.037598,0.163086,1.036011
0.223755,-0.405396,0.868652
-0.500977,0.024658,0.762817
0.485962,-0.332642,1.031494
-0.273926,-0.266968,0.784180
-0.058960,0.208130,1.031128
0.276367,-0.414917,0.885986
-0.514282,0.046875,0.778564
0.463135,-0.262207,1.046631
-0.205078,-0.284180,0.797363
-0.133667,0.168091,0.978394
0.337646,-0.421021,0.913330
-0.521484,0.012329,0.760376
0.422852,-0.178589,1.051514
-0.100830,-0.311279,0.812378
-0.202393,0.189941,0.974854
0.381104,-0.416504,0.939941
-0.513916,-0.035645,0.751099
0.355591,-0.123413,1.047729
-0.002808,-0.406250,0.807251
-0.271606,0.186646,0.939453
0.419434,-0.390015,0.946899
-0.499512,-0.097412,0.744995
0.287109,-0.086304,1.023560
0.045044,-0.424438,0.804321
-0.330200,0.152466,0.892212
0.454956,-0.369385,0.972656
-0.496094,-0.103516,0.731689
0.216919,-0.040283,1.013672
0.084229,-0.449219,0.796875
-0.377319,0.135498,0.856567
0.459839,-0.292114,0.989258
-0.450317,-0.139038,0.748657
0.110718,0.024536,1.000732
0.169312,-0.492554,0.817871
-0.445190,0.096558,0.803345
0.464844,-0.257690,1.011108
-0.375977,-0.184448,0.751587
0.009033,0.106079,1.006470
0.236206,-0.499390,0.835571
-0.493408,0.024048,0.753906
0.468140,-0.240601,1.031738
-0.266357,-0.200439,0.790161
-0.099243,0.194214,1.001709
0.316528,-0.470947,0.894775
-0.529907,0.009399,0.764404
0.411865,-0.189209,1.034302
-0.131592,-0.301514,0.802368
-0.172241,0.228760,0.992554
0.348267,-0.405640,0.914673
-0.538696,-0.006226,0.756958
0.388672,-0.172729,1.041626
-0.032104,-0.380981,0.816895
-0.238037,0.196899,0.940430
0.374512,-0.332153,0.947876
-0.522461,-0.054810,0.735840
0.322632,-0.150757,1.001099
0.029419,-0.449463,0.792480
-0.296265,0.132446,0.879761
0.418579,-0.320190,0.974731
-0.495483,-0.098999,0.737549
0.204834,-0.040405,0.995361
0.078247,-0.475342,0.773071
-0.368042,0.099121,0.846191
0.478882,-0.335205,0.990234
-0.482422,-0.100708,0.733398
0.114990,0.036621,0.982666
0.147827,-0.462036,0.809692
-0.443970,0.089844,0.802368
0.468628,-0.264038,1.007324
-0.373779,-0.195679,0.746948
-0.000366,0.112061,0.995361
0.226562,-0.473389,0.847168
-0.499756,0.017456,0.753052
0.469116,-0.255981,1.025879
-0.271484,-0.212402,0.771729
-0.107422,0.210083,0.993774
0.297363,-0.408325,0.891602
-0.538452,0.002441,0.747803
0.430054,-0.225342,1.032104
-0.136475,-0.305298,0.795410
-0.171997,0.199707,0.973267
0.334717,-0.379150,0.928101
-0.537476,-0.008057,0.744873
0.388916,-0.161621,1.035034
-0.035889,-0.391479,0.794556
-0.275757,0.202393,0.909790
0.405396,-0.356812,0.950562
-0.512939,-0.077881,0.737915
0.272461,-0.102539,0.999023
0.037964,-0.463623,0.776733
-0.335327,0.114258,0.843140
0.435791,-0.298950,0.968750
-0.482544,-0.074097,0.751221
0.173340,-0.012085,1.006592
0.108887,-0.499390,0.787231
-0.421387,0.096924,0.812256
0.441162,-0.266235,0.987915
-0.418701,-0.125000,0.755371
0.059448,0.080078,1.002319
0.201538,-0.480225,0.843384
-0.508911,0.057739,0.761719
0.453247,-0.239990,1.016235
-0.302979,-0.204712,0.765991
-0.069214,0.195068,1.001953
0.293091,-0.425171,0.891357
-0.553467,0.039795,0.746216
0.433105,-0.217529,1.030029
-0.154785,-0.289062,0.790283
-0.169067,0.203735,0.959473
0.339233,-0.382324,0.916992
-0.542969,0.005371,0.757812
0.376221,-0.171265,1.014404
-0.039673,-0.387085,0.790771
-0.244141,0.168701,0.908691
0.382080,-0.327881,0.950195
-0.526245,-0.005859,0.748779
0.293457,-0.111938,0.994019
0.034058,-0.460327,0.774170
-0.338867,0.149170,0.864014
0.431152,-0.306030,0.963989
-0.496216,-0.035767,0.760864
0.182373,-0.023193,0.988770
0.081787,-0.477783,0.770020
-0.413574,0.101318,0.809204
0.460815,-0.262329,0.992676
-0.431885,-0.090576,0.755737
0.057861,0.090088,1.002075
0.167358,-0.468140,0.822632
-0.489624,0.065308,0.772095
0.459839,-0.264282,1.010620
-0.340820,-0.177246,0.759033
-0.039673,0.192139,1.003052
0.244019,-0.397217,0.869019
-0.539917,0.041016,0.749268
0.443237,-0.254639,1.019287
-0.550171,0.036499,0.756470
-0.089233,-0.353271,0.781738
-0.221313,0.172119,0.912964
0.360352,-0.366577,0.927490
-0.540771,-0.014404,0.737915
0.348511,-0.128540,1.015015
-0.008057,-0.394409,0.785522
-0.307007,0.186157,0.877563
0.414185,-0.355103,0.931152
-0.514526,-0.038086,0.741821
0.243408,-0.064819,0.986328
0.050415,-0.442261,0.771362
-0.386719,0.157104,0.834106
0.447021,-0.318237,0.966675
-0.464844,-0.105591,0.747559
0.135132,0.020874,0.998169
0.097778,-0.434082,0.800415
-0.463135,0.119873,0.783936
0.464600,-0.272095,0.989136
-0.393433,-0.161743,0.744507
0.012695,0.123901,0.999146
0.201538,-0.472412,0.826416
-0.527954,0.069458,0.750732
0.451416,-0.200928,1.028564
-0.248779,-0.186890,0.786499
-0.099609,0.178223,0.981934
0.281982,-0.442017,0.875244
-0.552490,0.020142,0.732178
0.422485,-0.166138,1.037842
-0.131592,-0.306763,0.774536
-0.174194,0.190063,0.943604
0.340820,-0.339966,0.925049
-0.562500,0.028931,0.733398
0.350342,-0.152344,1.004639
-0.026123,-0.411499,0.784424
-0.255615,0.150757,0.886841
0.400513,-0.322998,0.939331
-0.551392,0.000488,0.725220
0.251709,-0.061401,0.979248
0.047729,-0.456299,0.771484
-0.357422,0.126099,0.846436
0.434570,-0.298706,0.965576
-0.486450,-0.062134,0.743286
0.136353,0.074463,0.995605
0.092529,-0.428101,0.792236
-0.451416,0.111328,0.805420
0.450195,-0.270752,0.986938
-0.391235,-0.144287,0.757202
0.021606,0.159668,1.009644
0.183838,-0.426270,0.829834
-0.540527,0.095581,0.777100
0.454956,-0.240967,1.007568
-0.274292,-0.219116,0.780029
-0.075806,0.195801,0.997070
0.264282,-0.399902,0.873535
-0.579834,0.076172,0.733521
0.429932,-0.200195,1.016602
-0.133179,-0.313721,0.781982
-0.169067,0.208130,0.960693
0.344727,-0.385498,0.904419
-0.573364,0.074829,0.757202
0.368042,-0.129639,1.008423
-0.026367,-0.396973,0.781982
-0.275269,0.191406,0.888428
0.387207,-0.353271,0.920532
-0.529297,-0.006348,0.748901
0.277832,-0.085938,0.991211
0.011963,-0.437012,0.773193
-0.362427,0.168945,0.852783
0.426880,-0.294434,0.953857
-0.496948,-0.053711,0.744141
0.163086,0.021729,1.000732
0.075684,-0.467163,0.772095
-0.446899,0.148682,0.816284
0.451782,-0.240723,0.994141
-0.431152,-0.094849,0.753418
0.055054,0.114624,1.002563
0.154785,-0.448364,0.816772
-0.526489,0.104614,0.773560
0.448242,-0.218750,1.011475
-0.304932,-0.172852,0.769531
-0.043091,0.184326,1.003296
0.250732,-0.393555,0.870972
-0.561401,0.047363,0.728027
0.434204,-0.190552,1.021118
-0.180542,-0.260986,0.776489
-0.148071,0.206055,0.961548
0.378418,-0.336792,0.928589
-0.568970,0.025757,0.739868
0.284302,-0.068604,0.993408
-0.037109,-0.406372,0.731689
-0.362549,0.203369,0.858032
0.398804,-0.272583,0.942993
-0.511230,-0.054688,0.724609
0.186035,0.015503,1.015259
0.021118,-0.399048,0.778809
-0.481201,0.213135,0.828613
0.443481,-0.270630,0.964966
-0.447876,-0.108643,0.743164
0.086548,0.078735,1.010742
0.137085,-0.389038,0.833740
-0.558838,0.195435,0.800903
0.428345,-0.201416,0.992554
-0.308594,-0.172852,0.763916
-0.038940,0.139771,0.992188
0.220215,-0.394287,0.856689
-0.583862,0.136841,0.777222
0.419678,-0.138550,1.018555
-0.200928,-0.271362,0.740112
-0.172119,0.193237,0.949219
0.331665,-0.390381,0.904907
-0.606567,0.071045,0.750366
0.363159,-0.109863,1.015991
-0.092896,-0.350586,0.732178
-0.302124,0.209473,0.887207
0.386597,-0.312378,0.944580
-0.551636,-0.026978,0.715210
0.240845,-0.014893,0.998413
-0.036377,-0.389893,0.750732
-0.418457,0.203247,0.859375
0.410889,-0.260620,0.969971
-0.475830,-0.101807,0.717041
0.100098,0.092773,1.010254
0.083618,-0.406982,0.795166
-0.539429,0.197021,0.824585
0.436157,-0.218994,0.999878
-0.324585,-0.216797,0.749756
-0.051025,0.157593,0.985474
0.217896,-0.376953,0.862671
-0.592773,0.147705,0.771729
0.414062,-0.151489,1.023804
-0.173462,-0.330688,0.748169
-0.151123,0.164551,0.952393
0.305786,-0.334839,0.905884
-0.599609,0.094849,0.745605
0.350220,-0.108887,0.991943
-0.094971,-0.391724,0.716431
-0.303833,0.197144,0.896729
0.378906,-0.305298,0.936279
-0.554443,0.001221,0.719971
0.217163,-0.006592,0.976196
-0.011230,-0.372559,0.771362
-0.436035,0.170288,0.846802
0.419189,-0.253906,0.986694
-0.475586,-0.087891,0.730469
0.078979,0.122437,1.005859
0.090698,-0.354858,0.815308
-0.541504,0.175537,0.822998
0.452026,-0.245483,1.008911
-0.337402,-0.201172,0.740967
-0.048340,0.184692,0.984863
0.201660,-0.369995,0.844849
-0.588013,0.146973,0.772339
0.434814,-0.171631,1.027954
-0.209473,-0.302979,0.734375
-0.154297,0.178223,0.951538
0.285156,-0.366821,0.881470
-0.600220,0.098877,0.755493
0.385620,-0.120728,1.032959
-0.147827,-0.355103,0.719238
-0.244141,0.162476,0.905518
0.366333,-0.339355,0.932373
-0.593994,0.070435,0.738403
0.291260,-0.066895,0.994141
-0.061523,-0.402954,0.736938
-0.363647,0.198486,0.869263
0.393677,-0.282715,0.948730
-0.542114,-0.009155,0.724854
0.162476,0.016113,0.984985
0.007935,-0.421875,0.771118
-0.464722,0.208984,0.863281
0.428467,-0.255005,0.984741
-0.475952,-0.087646,0.724854
0.072021,0.121948,1.002686
0.094360,-0.394287,0.807251
-0.543945,0.188110,0.818970
0.439697,-0.241089,0.998657
-0.351074,-0.194580,0.741821
-0.036499,0.207397,1.004761
0.182495,-0.377930,0.843750
-0.580566,0.112305,0.772827
0.437012,-0.199341,1.023926
-0.253418,-0.270142,0.722412
-0.123413,0.223145,0.985596
0.270264,-0.366577,0.870850
-0.616455,0.095093,0.751587
0.395630,-0.186646,1.012939
-0.162354,-0.356812,0.724121
-0.212036,0.193726,0.933105
0.329590,-0.333008,0.906860
-0.612305,0.077881,0.742310
0.348999,-0.158081,1.005615
-0.103149,-0.403076,0.739258
-0.320312,0.180298,0.881958
0.386353,-0.306030,0.945679
-0.584595,0.021973,0.707153
0.237061,-0.057251,0.985107
-0.031494,-0.407837,0.766846
-0.425171,0.180908,0.858521
0.406982,-0.263428,0.964966
-0.531128,-0.033691,0.709839
0.120239,0.062134,0.998535
0.062622,-0.385498,0.813721
-0.507568,0.164429,0.834717
0.411011,-0.228027,0.984253
-0.440063,-0.103394,0.724487
0.024414,0.149414,1.009766
0.176880,-0.415161,0.837280
-0.581055,0.162476,0.809937
0.412598,-0.184448,1.017456
-0.293579,-0.257202,0.716064
-0.088135,0.184570,0.986450
0.246460,-0.385376,0.872192
-0.609863,0.113159,0.759155
0.416382,-0.181885,1.023682
-0.183960,-0.323120,0.730347
-0.209229,0.199219,0.943359
0.308472,-0.345093,0.897339
-0.608887,0.061157,0.745728
0.375244,-0.160522,1.015747
-0.124634,-0.359009,0.737549
-0.310059,0.201660,0.893555
0.359985,-0.314941,0.934814
-0.582764,-0.000488,0.711304
0.255981,-0.064331,1.007690
-0.054321,-0.407104,0.754395
-0.418335,0.203857,0.867432
0.390625,-0.269653,0.947021
-0.533325,-0.064209,0.709961
0.134277,0.033936,1.001831
0.056519,-0.415283,0.808350
-0.526245,0.192261,0.832153
0.408447,-0.245850,0.990601
-0.408325,-0.140137,0.730225
0.033325,0.132812,1.017822
0.142456,-0.406250,0.832031
-0.586182,0.172974,0.806030
0.428101,-0.203979,1.004761
-0.293823,-0.261230,0.716797
-0.070801,0.192749,0.991943
0.222168,-0.382202,0.859985
-0.597900,0.113892,0.784790
0.409912,-0.209961,1.007080
-0.223389,-0.347534,0.711182
-0.172607,0.170288,0.957153
0.292847,-0.349731,0.895386
-0.605591,0.105103,0.757202
0.378418,-0.178955,1.014771
-0.150391,-0.370239,0.724609
-0.245117,0.174561,0.915649
0.331299,-0.314209,0.921021
-0.608521,0.047729,0.706421
0.314453,-0.138794,0.997559
-0.090454,-0.400146,0.745605
-0.348755,0.170044,0.880737
0.371948,-0.294556,0.937500
-0.571411,0.010132,0.700928
0.224609,-0.045776,0.998291
-0.029541,-0.406982,0.770630
-0.426514,0.170044,0.867432
0.396484,-0.269897,0.963867
-0.544189,-0.027954,0.707153
0.117188,0.054321,0.997803
0.047607,-0.410156,0.807861
-0.490845,0.159180,0.848877
0.410522,-0.232422,0.997192
-0.481445,-0.085571,0.706177
0.043579,0.124512,1.011230
0.131470,-0.404663,0.836670
-0.564941,0.152588,0.823608
0.422119,-0.217651,1.003540
-0.356812,-0.183716,0.727539
-0.043945,0.173218,0.995972
0.207031,-0.398804,0.858154
-0.596313,0.118042,0.800293
0.423584,-0.228394,1.009766
-0.268677,-0.292847,0.713013
-0.142944,0.189941,0.961548
0.268433,-0.390747,0.879150
-0.593384,0.063477,0.768921
0.387085,-0.162231,1.026733
-0.190308,-0.342163,0.716919
-0.231201,0.186279,0.930786
0.330933,-0.356567,0.915894
-0.613281,0.016235,0.726929
0.346191,-0.137329,1.031250
-0.140015,-0.372559,0.721436
-0.319458,0.197388,0.907715
0.367920,-0.307251,0.948364
-0.577515,-0.019653,0.706787
0.250000,-0.065674,1.016479
-0.052368,-0.414673,0.749390
-0.438110,0.204102,0.870972
0.402954,-0.285767,0.975586
-0.531982,-0.055420,0.716919
0.113159,0.051636,1.002808
0.054565,-0.409302,0.814941
-0.529053,0.189453,0.852417
0.425781,-0.260498,0.996704
-0.422485,-0.160156,0.723389
-0.004150,0.143921,1.007324
0.177002,-0.414551,0.840698
-0.579346,0.124756,0.802368
0.411743,-0.192993,1.024780
-0.277954,-0.306274,0.713135
-0.123291,0.173828,0.975464
0.280518,-0.408081,0.879883
-0.615845,0.095703,0.761719
0.391602,-0.170898,1.027710
-0.188843,-0.364136,0.709839
-0.235840,0.188232,0.952271
0.343384,-0.366211,0.914917
-0.612183,0.015747,0.725098
0.323120,-0.150146,1.009521
-0.111816,-0.394043,0.742310
-0.354492,0.200073,0.896362
0.369873,-0.299072,0.952637
-0.556030,-0.027344,0.709106
0.213257,-0.041748,1.014526
-0.039307,-0.388916,0.775879
-0.456543,0.165039,0.866211
0.417969,-0.296997,0.982910
-0.499878,-0.092896,0.696167
0.082275,0.100952,1.000000
0.083008,-0.378784,0.822998
-0.544067,0.146606,0.827026
0.440430,-0.287598,1.007202
-0.391724,-0.208130,0.718994
-0.016113,0.151001,0.997803
0.181274,-0.383545,0.834229
-0.571289,0.123169,0.797974
0.425659,-0.208740,1.037109
-0.270630,-0.333008,0.709106
-0.103027,0.145630,0.974487
0.248657,-0.384766,0.869141
-0.604370,0.074829,0.740723
0.405273,-0.196045,1.034912
-0.192261,-0.332764,0.734131
-0.207153,0.164429,0.953369
0.302368,-0.359253,0.905029
-0.597046,0.030518,0.731567
0.348999,-0.150146,1.034668
-0.156738,-0.359985,0.737305
-0.303711,0.162109,0.918945
0.371094,-0.349976,0.941650
-0.586670,0.020630,0.729614
0.270264,-0.083374,1.020630
-0.077881,-0.400269,0.762939
-0.398438,0.181396,0.878784
0.394775,-0.324341,0.953613
-0.541260,-0.049683,0.713623
0.200562,-0.003662,1.019409
-0.014771,-0.383423,0.782349
-0.478882,0.199097,0.864258
0.418091,-0.295776,0.977417
-0.504517,-0.123657,0.713867
0.111328,0.019287,1.008667
0.092285,-0.382324,0.839478
-0.543091,0.201782,0.833740
0.411987,-0.238892,0.989258
-0.388062,-0.213623,0.740234
0.011108,0.067993,1.016968
0.170898,-0.434814,0.850586
-0.582886,0.109985,0.767944
0.429810,-0.186279,1.028931
-0.298584,-0.239258,0.714966
-0.097534,0.170044,0.995361
0.280884,-0.386841,0.903442
-0.588379,0.026978,0.768677
0.390259,-0.210571,1.027954
-0.217163,-0.347168,0.696777
-0.216675,0.164917,0.953125
0.330933,-0.364136,0.915649
-0.590454,0.020386,0.735962
0.334473,-0.128418,1.039307
-0.120361,-0.372559,0.750977
-0.330444,0.178711,0.909424
0.376953,-0.332886,0.946655
-0.574951,-0.032471,0.722900
0.220825,-0.069824,1.026611
-0.016235,-0.416382,0.793823
-0.440186,0.182007,0.867920
0.404663,-0.274658,0.998901
-0.510010,-0.062866,0.745728
0.105347,0.045776,1.026367
0.086426,-0.400269,0.839355
-0.522583,0.113281,0.819702
0.438110,-0.265137,1.016968
-0.355469,-0.214355,0.736328
-0.033936,0.172485,0.997925
0.190918,-0.361450,0.858032
-0.559937,0.069824,0.798462
0.428589,-0.255005,1.036255
-0.237915,-0.348267,0.723511
-0.123291,0.158203,0.963867
0.248535,-0.351196,0.876343
-0.575195,0.021240,0.743530
0.403320,-0.212524,1.033325
-0.184570,-0.380859,0.720703
-0.225342,0.167358,0.953857
0.321045,-0.343872,0.912354
-0.573608,-0.008789,0.735840
0.358765,-0.171875,1.045410
-0.127686,-0.371948,0.750732
-0.348267,0.173706,0.894409
0.386475,-0.338867,0.954712
-0.542603,-0.058594,0.724854
0.266113,-0.050659,1.061768
-0.052856,-0.375122,0.781738
-0.427612,0.195190,0.890015
0.416748,-0.324707,0.983154
-0.499878,-0.135376,0.718262
0.164307,-0.008911,1.035400
0.036865,-0.374023,0.822754
-0.509888,0.202148,0.861816
0.447266,-0.287476,1.008301
-0.402710,-0.190430,0.763672
0.036743,0.085449,1.021729
0.141113,-0.390015,0.851685
-0.524658,0.099731,0.823853
0.442871,-0.241821,1.032959
-0.313721,-0.274292,0.737427
-0.061890,0.107910,0.996460
0.261719,-0.396362,0.889893
-0.570190,0.078735,0.773071
0.429443,-0.196411,1.059814
-0.227661,-0.314575,0.738037
-0.170654,0.137817,0.971191
0.319702,-0.364746,0.928589
-0.574707,0.010254,0.747314
0.383667,-0.147705,1.057129
-0.159302,-0.327759,0.761475
-0.284668,0.162109,0.926758
0.371582,-0.317139,0.973877
-0.545776,-0.059692,0.732788
0.301147,-0.090454,1.062500
-0.082520,-0.355835,0.773804
-0.390137,0.175415,0.893066
0.417480,-0.310791,0.984741
-0.497314,-0.111816,0.722290
0.190674,-0.004517,1.049805
0.034912,-0.380249,0.828613
-0.468262,0.159302,0.863403
0.445068,-0.247314,1.034058
-0.453613,-0.139038,0.737305
0.065674,0.065186,1.035156
0.167236,-0.436523,0.867676
-0.530518,0.099976,0.818237
0.450928,-0.220825,1.046753
-0.299072,-0.253906,0.745605
-0.061279,0.154663,1.009766
0.267456,-0.395630,0.894409
-0.552856,0.025635,0.777710
0.439453,-0.209961,1.058960
-0.202026,-0.338013,0.735962
-0.218140,0.168335,0.949707
0.340454,-0.348389,0.949341
-0.548340,-0.019287,0.762573
0.383301,-0.164551,1.081543
-0.131104,-0.365112,0.762695
-0.312622,0.176758,0.927612
0.394897,-0.313843,0.979248
-0.544067,-0.026489,0.758545
0.255859,-0.083008,1.051880
-0.003784,-0.426514,0.812500
-0.387207,0.168945,0.906982
0.420776,-0.250000,1.025024
-0.484375,-0.087769,0.736328
0.135498,0.047485,1.046875
0.119995,-0.412354,0.854248
-0.486694,0.099976,0.838867
0.455566,-0.246216,1.053955
-0.349854,-0.224731,0.746826
0.005371,0.172607,1.049927
0.194580,-0.364136,0.880249
-0.523193,0.051636,0.811646
0.474854,-0.272339,1.048584
-0.260620,-0.309326,0.743530
-0.072998,0.138550,1.000366
0.280762,-0.367920,0.905762
-0.560303,0.066406,0.773315
0.442749,-0.242065,1.050659
-0.183594,-0.345581,0.755981
-0.176758,0.149170,0.982056
0.339478,-0.379883,0.929443
-0.545898,0.031006,0.774536
0.391846,-0.156860,1.070312
-0.142090,-0.327881,0.786743
-0.273926,0.183105,0.960205
0.397217,-0.369629,0.968872
-0.548096,-0.019165,0.761597
0.334961,-0.116821,1.072754
-0.091064,-0.335083,0.803711
-0.330811,0.167114,0.928101
0.427979,-0.312378,1.006470
-0.527954,-0.067993,0.740967
0.254028,-0.063110,1.068604
0.014771,-0.387817,0.841187
-0.408569,0.169678,0.901001
0.446045,-0.260498,1.036377
-0.467041,-0.134521,0.743530
0.169067,0.013794,1.068359
0.108398,-0.424194,0.858154
-0.467407,0.124634,0.848755
0.473877,-0.250122,1.054077
-0.401367,-0.171021,0.760986
0.053223,0.091187,1.050903
0.203735,-0.407593,0.892700
-0.504517,0.089966,0.832886
0.467651,-0.232544,1.062012
-0.283813,-0.258545,0.765259
-0.032959,0.123901,1.027222
0.286377,-0.401611,0.913574
-0.515625,0.024292,0.791992
0.457642,-0.178955,1.092285
-0.209961,-0.307373,0.748047
-0.159302,0.153687,0.986450
0.368896,-0.385498,0.961182
-0.514526,-0.033081,0.774170
0.411865,-0.115479,1.109131
-0.150146,-0.323486,0.773560
-0.279907,0.197388,0.982300
0.413574,-0.363159,0.994507
-0.511963,-0.098999,0.754761
0.341431,-0.085938,1.095337
-0.056885,-0.325317,0.818604
-0.350342,0.191162,0.931519
0.456055,-0.288452,1.036255
-0.470825,-0.116699,0.751343
0.227905,-0.017822,1.095093
0.065308,-0.397705,0.850952
-0.445923,0.162720,0.889893
0.481201,-0.279053,1.054321
-0.417969,-0.185181,0.755493
0.096680,0.062744,1.052979
0.203491,-0.403687,0.905762
-0.493164,0.075195,0.834839
0.475464,-0.211182,1.088867
-0.250000,-0.285034,0.779053
-0.025513,0.140259,1.033813
0.281738,-0.360840,0.917725
-0.509766,0.009155,0.806274
0.459961,-0.208618,1.090088
-0.165161,-0.358887,0.767456
-0.156494,0.148071,1.001099
0.358398,-0.335693,0.961182
-0.524902,-0.013306,0.770386
0.393188,-0.137451,1.110229
-0.073608,-0.392700,0.803833
-0.264648,0.180908,0.976685
0.413086,-0.303223,1.007690
-0.506348,-0.037476,0.758057
0.309692,-0.068115,1.106079
0.026367,-0.361694,0.842163
-0.389771,0.159546,0.912476
0.475220,-0.299683,1.052002
-0.421509,-0.161865,0.766968
0.160889,0.061157,1.084229
0.153564,-0.400635,0.887207
-0.450317,0.068604,0.845459
0.500488,-0.251587,1.089600
-0.317261,-0.264038,0.774536
0.026733,0.140747,1.056396
0.243042,-0.378784,0.907959
-0.489868,0.028320,0.827271
0.488159,-0.211182,1.105835
-0.184082,-0.344849,0.776733
-0.079834,0.156738,1.033325
0.319580,-0.373169,0.922974
-0.499023,0.005371,0.791870
0.455322,-0.158813,1.123779
-0.129517,-0.338135,0.798584
-0.192749,0.165039,1.006836
0.402588,-0.345703,0.996094
-0.507812,-0.018433,0.798340
0.391479,-0.132568,1.109253
-0.064697,-0.336060,0.829346
-0.269775,0.160278,0.970215
0.444580,-0.294189,1.038208
-0.475220,-0.066650,0.766846
0.304688,-0.031006,1.118774
0.027100,-0.362793,0.853394
-0.353760,0.152222,0.927612
0.481567,-0.294312,1.056274
-0.425659,-0.134155,0.778076
0.202637,0.008057,1.093872
0.147705,-0.401611,0.901245
-0.440552,0.137329,0.875000
0.492432,-0.234009,1.076660
-0.349365,-0.206787,0.789307
0.079468,0.083374,1.065796
0.243042,-0.407227,0.920776
-0.478760,0.062988,0.826538
0.501099,-0.190674,1.112549
-0.214233,-0.268188,0.814697
-0.027832,0.123169,1.046143
0.320435,-0.406006,0.945923
-0.487305,-0.003418,0.821411
0.484131,-0.172485,1.129150
-0.140991,-0.289185,0.797974
-0.152100,0.193359,1.026978
0.393066,-0.336914,0.993286
-0.487061,-0.057129,0.792480
0.426514,-0.140259,1.138794
-0.080811,-0.337524,0.813110
-0.255249,0.204224,0.990845
0.452759,-0.300903,1.035278
-0.482910,-0.055176,0.791504
0.330566,-0.094116,1.116943
0.035889,-0.382935,0.866699
-0.336060,0.159546,0.925537
0.486206,-0.265259,1.072021
-0.409302,-0.111572,0.797241
0.207764,0.025269,1.102905
0.157104,-0.417236,0.897949
-0.423340,0.102783,0.886353
0.522339,-0.238037,1.108521
-0.319458,-0.219971,0.799805
0.079590,0.125610,1.081055
0.251343,-0.385620,0.929077
-0.487549,0.057251,0.829346
0.521484,-0.221436,1.119507
-0.149658,-0.336670,0.817383
-0.025269,0.168335,1.070068
0.296143,-0.339478,0.932983
-0.489136,-0.001221,0.806030
0.492554,-0.218628,1.112183
-0.104980,-0.364258,0.820190
-0.128784,0.167725,1.041382
0.388916,-0.331055,0.985840
-0.497437,-0.012207,0.803345
0.431152,-0.133545,1.132568
-0.050293,-0.331787,0.853027
-0.240601,0.192505,1.007324
0.461304,-0.297729,1.060547
-0.484619,-0.058960,0.780151
0.329956,-0.070923,1.120605
0.069458,-0.392578,0.880493
-0.337036,0.153564,0.947998
0.524170,-0.271362,1.099731
-0.402588,-0.124634,0.796021
0.189209,0.066284,1.102539
0.185059,-0.423340,0.908813
-0.400024,0.070801,0.893066
0.530029,-0.248901,1.129639
-0.328247,-0.219727,0.796509
0.090942,0.151123,1.105591
0.255005,-0.368164,0.926270
-0.454834,0.053589,0.870605
0.532715,-0.241455,1.130859
-0.182739,-0.300171,0.829468
-0.020996,0.173462,1.067993
0.332520,-0.362183,0.957886
-0.477173,-0.006104,0.826050
0.517334,-0.198853,1.152344
-0.084717,-0.356445,0.829224
-0.125977,0.147583,1.029663
0.394409,-0.323853,0.997925
-0.491333,0.021362,0.819214
0.447144,-0.152954,1.150146
-0.028687,-0.383423,0.859985
-0.224365,0.184570,1.020386
0.457886,-0.293579,1.059326
-0.455200,-0.029053,0.790771
0.332642,-0.032471,1.145386
0.065796,-0.394897,0.883301
-0.311035,0.177246,0.994019
0.501099,-0.266235,1.094116
-0.406738,-0.125977,0.790649
0.233154,0.026123,1.122192
0.175537,-0.400024,0.914429
-0.394653,0.120361,0.908813
0.531860,-0.243286,1.119141
-0.311523,-0.205322,0.802856
0.125244,0.099365,1.095703
0.257202,-0.390625,0.938599
-0.451782,0.074341,0.870239
0.549438,-0.227905,1.135864
-0.228149,-0.264771,0.822388
0.019287,0.165894,1.094482
0.328125,-0.350586,0.967163
-0.465210,0.047363,0.844849
0.508911,-0.177368,1.138550
-0.098633,-0.348633,0.849365
-0.090454,0.151123,1.054321
0.401978,-0.354370,1.008667
-0.462891,-0.005615,0.828247
0.451172,-0.085693,1.164307
-0.039917,-0.343750,0.839844
-0.179077,0.210449,1.047607
0.440796,-0.284424,1.051147
-0.459351,-0.085693,0.803833
0.412964,-0.084839,1.175049
0.022949,-0.355469,0.879272
-0.282837,0.193359,0.992798
0.501953,-0.268799,1.087891
-0.387329,-0.146606,0.796631
0.285767,-0.003418,1.148315
0.150391,-0.397217,0.923340
-0.366943,0.139404,0.910889
0.530640,-0.238037,1.123779
-0.344116,-0.192017,0.794312
0.164917,0.072632,1.121338
0.275635,-0.429199,0.956421
-0.429443,0.106445,0.890381
0.530273,-0.184448,1.134155
-0.243286,-0.250854,0.824341
0.029785,0.177490,1.099487
0.343994,-0.391846,0.983276
-0.445312,0.000000,0.847046
0.511841,-0.161865,1.153320
-0.096313,-0.324951,0.841675
-0.057617,0.199341,1.079102
0.381470,-0.340210,1.000610
-0.459595,-0.039673,0.832886
0.507935,-0.162720,1.176636
-0.051147,-0.366577,0.853394
-0.146851,0.189331,1.051636
0.433716,-0.308228,1.042358
-0.478027,-0.017334,0.823120
0.437500,-0.113037,1.168823
0.028198,-0.383545,0.899292
-0.242432,0.195923,1.035400
0.480103,-0.283203,1.080444
-0.439453,-0.048462,0.812622
0.357056,-0.033569,1.157471
0.108398,-0.421997,0.908936
-0.303467,0.171631,0.997192
0.518677,-0.265991,1.117920
-0.405884,-0.113647,0.799561
0.284668,0.020508,1.154541
0.180664,-0.406494,0.944824
-0.365967,0.136230,0.947632
0.544067,-0.254761,1.122681
-0.342163,-0.184937,0.820068
0.186279,0.074585,1.130859
0.265991,-0.422485,0.965332
-0.418091,0.135010,0.911011
0.544189,-0.211182,1.131104
-0.282837,-0.198486,0.829590
0.101929,0.129639,1.119507
0.312378,-0.427612,0.970581
-0.434814,0.051880,0.872681
0.543579,-0.178345,1.155396
-0.220459,-0.239380,0.832031
0.017700,0.170776,1.102051
0.368652,-0.417480,0.982788
-0.420898,0.032959,0.867676
0.528076,-0.123779,1.171021
-0.133179,-0.234375,0.868408
-0.065308,0.175781,1.081177
0.439087,-0.418457,1.017212
-0.439331,-0.029297,0.847534
0.481323,-0.073364,1.182007
-0.036865,-0.299194,0.867920
-0.139160,0.192261,1.056519
0.455078,-0.328369,1.053223
-0.439087,-0.077026,0.826904
0.447998,-0.087402,1.185669
0.014771,-0.325684,0.890991
-0.242676,0.245361,1.048706
0.504150,-0.290283,1.092651
-0.410034,-0.117920,0.814941
0.350342,-0.020630,1.160645
0.104004,-0.353882,0.929321
-0.289673,0.189575,0.999023
0.557861,-0.201294,1.139648
-0.377197,-0.163574,0.804199
0.064209,0.136475,1.076050
0.355591,-0.450806,0.984375
-0.425171,0.046387,0.847656
0.536255,-0.155273,1.161011
-0.181641,-0.223022,0.862061
-0.029785,0.197510,1.077148
0.406494,-0.405273,1.021240
-0.442871,-0.042603,0.835449
0.469116,-0.114746,1.150635
-0.021606,-0.317139,0.886841
-0.127319,0.223389,1.067261
0.451050,-0.327515,1.050415
-0.438599,-0.066772,0.817017
0.411499,-0.068970,1.159912
0.046631,-0.383301,0.873047
-0.197632,0.198608,1.034668
0.494385,-0.275757,1.082520
-0.428101,-0.095703,0.795532
0.332397,-0.032837,1.124390
0.138428,-0.397705,0.921387
-0.306763,0.162354,0.963989
0.529297,-0.248047,1.121948
-0.363037,-0.168091,0.801392
0.210083,0.042114,1.112061
0.230347,-0.441406,0.926147
-0.395264,0.102173,0.879028
0.555420,-0.243164,1.116577
-0.247803,-0.203125,0.853882
0.057861,0.177490,1.093262
0.330444,-0.436890,0.955078
-0.463135,0.048828,0.844971
0.524170,-0.193604,1.149170
-0.129395,-0.288940,0.869263
-0.056519,0.226440,1.078369
0.393677,-0.363037,0.996094
-0.463257,-0.012695,0.834473
0.466675,-0.165161,1.136108
0.021729,-0.395020,0.885742
-0.152832,0.208984,1.045410
0.455444,-0.291016,1.051514
-0.452271,-0.042480,0.807251
0.373535,-0.110840,1.108032
0.074341,-0.439941,0.906616
-0.243164,0.169922,1.021362
0.505005,-0.280029,1.093140
-0.400269,-0.088379,0.807861
0.265015,0.044434,1.115601
0.155029,-0.412598,0.920410
-0.331543,0.127075,0.966431
0.557983,-0.294678,1.119507
-0.360840,-0.170898,0.804443
0.151001,0.127075,1.110352
0.256714,-0.439209,0.929321
-0.380859,0.067749,0.898438
0.537231,-0.248291,1.119995
-0.276978,-0.226562,0.839233
0.058105,0.119995,1.063599
0.327881,-0.411743,0.962402
-0.440674,0.050903,0.830444
0.510620,-0.182007,1.121094
-0.169556,-0.237305,0.858398
-0.044067,0.179688,1.063965
0.394409,-0.419556,1.000122
-0.469727,-0.027832,0.805908
0.470215,-0.132935,1.141846
-0.040771,-0.315308,0.871094
-0.143799,0.249634,1.060181
0.427002,-0.349487,1.017578
-0.454956,-0.090576,0.798828
0.418945,-0.118408,1.132935
0.061768,-0.389404,0.884888
-0.231323,0.231445,1.021973
0.480347,-0.288574,1.052124
-0.431152,-0.079590,0.801880
0.309448,-0.058594,1.100708
0.125488,-0.455688,0.897827
-0.296753,0.146973,0.966309
0.516968,-0.242188,1.094238
-0.396118,-0.116699,0.794189
0.195312,0.048584,1.084229
0.237793,-0.452881,0.938477
-0.373535,0.047363,0.890869
0.522827,-0.230957,1.120972
-0.318604,-0.208862,0.789429
0.074951,0.133301,1.065308
0.321777,-0.450928,0.951660
-0.452881,0.020264,0.831787
0.514404,-0.211426,1.132202
-0.194458,-0.265381,0.831299
-0.028931,0.202515,1.071167
0.360962,-0.398438,0.960571
-0.494507,0.031006,0.820435
0.491699,-0.232178,1.108765
-0.067627,-0.342163,0.878296
-0.093018,0.191284,1.057129
0.393677,-0.308838,1.011597
-0.500488,0.018555,0.800415
0.452881,-0.198853,1.101562
0.046143,-0.412231,0.898315
-0.176270,0.164795,1.027344
0.453125,-0.301636,1.046143
-0.486328,-0.010620,0.773193
0.359497,-0.093872,1.081543
0.075073,-0.444702,0.882812
-0.246216,0.121216,0.988892
0.494507,-0.301514,1.089111
-0.441284,-0.082275,0.779785
0.265259,0.004639,1.069702
0.141113,-0.435425,0.863159
-0.329590,0.128906,0.942139
0.522339,-0.278809,1.099976
-0.387451,-0.177368,0.786865
0.195068,0.048340,1.082397
0.209961,-0.466064,0.884277
-0.404053,0.123047,0.869751
0.542725,-0.252808,1.094360
-0.329956,-0.176880,0.797607
0.100952,0.079712,1.062134
0.273682,-0.503418,0.900879
-0.435913,0.040527,0.823975
0.526855,-0.225830,1.100708
-0.274780,-0.207031,0.806641
-0.002563,0.164917,1.065552
0.352783,-0.511719,0.923462
-0.466309,0.024658,0.817017
0.491455,-0.171753,1.110962
-0.184570,-0.237061,0.828003
-0.080322,0.236450,1.052612
0.400146,-0.449341,0.971191
-0.477905,-0.056763,0.791382
0.448975,-0.147461,1.113281
-0.076660,-0.304688,0.848999
-0.159180,0.226929,1.033936
0.421265,-0.384277,0.989990
-0.458496,-0.064453,0.801270
0.399292,-0.126465,1.103394
0.036987,-0.412109,0.849976
-0.204102,0.191528,0.993530
0.439575,-0.302979,1.017090
-0.461914,-0.074585,0.775391
0.332642,-0.100342,1.079712
0.079468,-0.461914,0.835571
-0.290161,0.157227,0.962280
0.487793,-0.280518,1.057861
-0.426880,-0.108398,0.783325
0.212524,-0.006470,1.050903
0.168701,-0.452759,0.884766
-0.353149,0.086914,0.906494
0.520386,-0.259888,1.095947
-0.382080,-0.148926,0.773193
0.110229,0.099121,1.051025
0.245850,-0.417847,0.918335
-0.413330,0.015259,0.838501
0.517334,-0.263184,1.095825
-0.289673,-0.252075,0.784180
0.021973,0.194092,1.061035
0.296265,-0.412964,0.912231
-0.482056,0.044189,0.812988
0.501221,-0.275269,1.085815
-0.193359,-0.317627,0.818970
-0.043091,0.194824,1.048340
0.331665,-0.376221,0.949585
-0.501831,0.031006,0.792358
0.478882,-0.254272,1.078857
-0.108398,-0.322998,0.856934
-0.126221,0.204834,1.031372
0.398071,-0.392944,0.972290
-0.479858,-0.010620,0.793457
0.412842,-0.139160,1.085205
-0.026489,-0.379883,0.825439
-0.183960,0.194946,1.017212
0.427490,-0.376465,0.987915
-0.491577,-0.053345,0.773926
0.363403,-0.131958,1.067627
0.048096,-0.446411,0.827271
-0.253662,0.198120,0.979004
0.459961,-0.329834,1.019287
-0.455444,-0.105957,0.766968
0.301880,-0.061157,1.056274
0.070923,-0.424316,0.833984
-0.319458,0.144897,0.916870
0.495605,-0.320923,1.037720
-0.412720,-0.143555,0.778564
0.221069,0.000000,1.062622
0.115112,-0.436279,0.843628
-0.391479,0.118896,0.874023
0.525513,-0.320801,1.040649
-0.383667,-0.163086,0.775024
0.132812,0.076538,1.056030
0.217529,-0.452271,0.880371
-0.444580,0.089600,0.821899
0.507812,-0.294312,1.047974
-0.309814,-0.255737,0.782959
0.045654,0.095947,1.046265
0.278931,-0.430054,0.910889
-0.478149,0.060181,0.781128
0.473999,-0.223511,1.062988
-0.223389,-0.264771,0.808105
-0.041992,0.168823,1.056396
0.342163,-0.474731,0.923828
-0.514404,0.053833,0.786377
0.459595,-0.196655,1.058472
-0.140015,-0.280884,0.827759
-0.140015,0.210205,1.017456
0.380859,-0.418091,0.970825
-0.497559,-0.032715,0.778198
0.416748,-0.165649,1.075439
-0.042236,-0.361206,0.830078
-0.203735,0.215820,0.998657
0.410645,-0.376343,0.971436
-0.487793,-0.065063,0.767578
0.359131,-0.127075,1.051147
0.043335,-0.410645,0.834106
-0.259644,0.185669,0.951660
0.436646,-0.319458,1.001831
-0.466553,-0.133789,0.750122
0.282837,-0.075806,1.058594
0.065674,-0.439819,0.807251
-0.326782,0.145874,0.905273
0.486084,-0.293335,1.031860
-0.425903,-0.130737,0.777832
0.164185,-0.018188,1.019653
0.130493,-0.466187,0.822754
-0.390137,0.077271,0.840942
0.505981,-0.264282,1.060913
-0.376709,-0.177368,0.768066
0.066772,0.093262,1.029175
0.242920,-0.476562,0.862793
-0.474121,0.031738,0.778198
0.493896,-0.259888,1.062866
-0.264771,-0.254761,0.782715
-0.039062,0.159912,1.028931
0.314453,-0.456177,0.908203
-0.518188,0.022827,0.771362
0.446167,-0.218506,1.054443
-0.144531,-0.305298,0.808228
-0.122925,0.168579,0.998779
0.370850,-0.401733,0.951050
-0.521973,0.004028,0.763550
0.395386,-0.172485,1.049561
-0.024658,-0.377075,0.823730
-0.220581,0.155396,0.947388
0.430298,-0.365845,0.987427
-0.483276,-0.051636,0.755859
0.294434,-0.071167,1.027100
0.064087,-0.412720,0.837524
-0.292969,0.107300,0.910767
0.443237,-0.339600,1.004028
-0.456909,-0.137573,0.759399
0.229126,-0.012817,1.034912
0.098511,-0.421753,0.820068
-0.371826,0.108765,0.860229
0.475464,-0.290039,1.026245
-0.415894,-0.190552,0.754395
0.136719,0.026123,1.023315
0.166016,-0.480591,0.838501
-0.441650,0.087891,0.800537
0.477417,-0.250122,1.035400
-0.338745,-0.157471,0.778809
0.032349,0.116333,1.043457
0.247925,-0.507568,0.856445
-0.493286,0.010254,0.754150
0.476074,-0.236938,1.037842
-0.245239,-0.220825,0.799683
-0.078979,0.178711,1.021362
0.318604,-0.476074,0.902710
-0.514893,0.007324,0.758789
0.423706,-0.181519,1.051880
-0.115234,-0.296143,0.806274
-0.180176,0.213989,0.990967
0.388306,-0.421143,0.953735
-0.507324,-0.033203,0.754395
0.345703,-0.126587,1.028442
0.006714,-0.416748,0.806152
-0.255371,0.145874,0.934448
0.429565,-0.369995,0.976685
-0.487671,-0.099121,0.736084
0.251099,-0.018188,1.025513
0.080811,-0.434937,0.814209
-0.366089,0.122070,0.865479
0.463257,-0.319458,1.009399
-0.437012,-0.168091,0.741333
0.131714,0.045044,1.021362
0.161011,-0.466064,0.818604
-0.440674,0.088379,0.808228
0.471313,-0.254761,1.030762
-0.340820,-0.198608,0.759155
-0.002441,0.114746,1.008179
0.274414,-0.503174,0.872192
-0.503662,-0.009888,0.746216
0.440918,-0.192749,1.038940
-0.208374,-0.222046,0.804321
-0.137817,0.182129,0.990845
0.366089,-0.454346,0.930664
-0.520508,0.007690,0.765747
0.373535,-0.125000,1.043457
-0.055908,-0.348633,0.802734
-0.244873,0.188599,0.948975
0.418701,-0.402222,0.956177
-0.499878,-0.075195,0.742432
0.276489,-0.086670,1.009766
0.069824,-0.435425,0.809448
-0.349609,0.172363,0.889160
0.456787,-0.313110,0.987549
-0.431396,-0.135010,0.784058
0.147583,0.005249,1.005981
0.126709,-0.454224,0.806519
-0.424561,0.083496,0.800415
0.472534,-0.248901,1.032349
-0.347534,-0.167969,0.777100
0.005005,0.107910,1.011963
0.236816,-0.483276,0.841064
-0.506470,0.000366,0.738770
0.460327,-0.225220,1.044800
-0.205078,-0.234497,0.796631
-0.147095,0.216309,0.987305
0.328003,-0.407837,0.919067
-0.522217,-0.024414,0.760986
0.395142,-0.201538,1.042236
-0.051147,-0.388672,0.792969
-0.249634,0.199829,0.936523
0.401733,-0.336548,0.963379
-0.498413,-0.035400,0.764160
0.260254,-0.092773,1.005493
0.079224,-0.499512,0.797485
-0.357422,0.111816,0.852783
0.445190,-0.307373,0.976807
-0.441040,-0.106201,0.756958
0.107910,0.061523,1.001099
0.149170,-0.468506,0.813721
-0.455322,0.052734,0.784180
0.451538,-0.259521,1.013794
-0.321167,-0.216675,0.773315
-0.028809,0.143799,1.012207
0.261230,-0.459717,0.859131
-0.551636,0.055420,0.734131
0.431152,-0.222412,1.027222
-0.151367,-0.285034,0.805908
-0.140747,0.165771,0.984985
0.344116,-0.388428,0.925781
-0.552246,0.030518,0.745117
0.358032,-0.142090,1.014893
-0.005127,-0.379150,0.819092
-0.266113,0.146362,0.920654
0.397949,-0.375366,0.950073
-0.492432,-0.075195,0.742676
0.249023,-0.020874,1.016724
0.054077,-0.421509,0.786743
-0.373901,0.124878,0.841187
0.446167,-0.329590,0.975586
-0.444336,-0.131470,0.758789
0.120483,0.031372,1.003296
0.132202,-0.454102,0.815552
-0.482788,0.081055,0.775757
0.452393,-0.278076,1.001709
-0.324707,-0.217041,0.773071
-0.011108,0.133301,1.017212
0.244385,-0.439209,0.859985
-0.543579,0.043701,0.732666
0.441040,-0.229858,1.022827
-0.171387,-0.284668,0.789307
-0.136230,0.190674,0.995972
0.334106,-0.403198,0.908936
-0.563843,0.065308,0.757080
0.376831,-0.190186,1.004272
-0.024170,-0.418823,0.796875
-0.246216,0.168579,0.915527
0.387085,-0.316772,0.941650
-0.518433,-0.030518,0.744629
0.257935,-0.095581,0.983032
0.050537,-0.468018,0.784546
-0.333618,0.087646,0.839233
0.437622,-0.281128,0.989868
-0.474609,-0.058350,0.749146
0.138672,0.046631,1.010254
0.123901,-0.457275,0.800659
-0.461426,0.068726,0.792725
0.460449,-0.277466,1.009155
-0.359375,-0.196045,0.753296
-0.006836,0.179810,1.019775
0.221191,-0.408447,0.841675
-0.526733,0.033691,0.739746
0.457031,-0.259277,1.020630
-0.216553,-0.266357,0.794800
-0.102905,0.182251,0.979126
0.302979,-0.356934,0.900269
-0.569092,0.082275,0.755493
0.390381,-0.198853,1.004517
-0.071899,-0.393066,0.813477
-0.184692,0.124146,0.940186
0.358154,-0.337158,0.940308
-0.550415,0.056030,0.739136
0.310181,-0.045288,1.003540
0.009399,-0.421265,0.786987
-0.287109,0.108643,0.900757
0.420532,-0.387085,0.966919
-0.516113,-0.031982,0.736206
0.234009,0.020630,1.003296
0.038452,-0.378174,0.772339
-0.358032,0.148315,0.851074
0.450195,-0.366699,0.958984
-0.474609,-0.117798,0.739380
0.165771,0.028076,1.002808
0.071167,-0.437744,0.771729
-0.416870,0.105713,0.812988
0.470215,-0.300903,0.996460
-0.445923,-0.117798,0.749268
0.098877,0.083984,1.011963
0.119507,-0.436401,0.799072
-0.487427,0.098389,0.776001
0.478027,-0.288208,1.011719
-0.364014,-0.184204,0.771729
0.019043,0.126221,1.008057
0.194214,-0.458496,0.820068
-0.540527,0.106323,0.764038
0.460205,-0.232666,1.013184
-0.277344,-0.185181,0.791626
-0.053711,0.161377,0.995361
0.274048,-0.453369,0.868652
-0.577148,0.083862,0.743652
0.420898,-0.213623,0.997314
-0.173340,-0.224731,0.803223
-0.127563,0.196655,0.976929
0.317017,-0.404541,0.919189
-0.567993,0.030151,0.748047
0.386841,-0.168823,1.018066
-0.078979,-0.367432,0.769531
-0.211426,0.200073,0.940552
0.364380,-0.347290,0.927002
-0.531494,-0.011597,0.750732
0.329102,-0.107422,0.999268
-0.012085,-0.407349,0.772461
-0.290527,0.122803,0.862427
0.409668,-0.333862,0.951172
-0.524292,-0.035034,0.727173
0.230225,-0.027466,0.997437
0.050659,-0.429077,0.771973
-0.361450,0.119263,0.845215
0.432983,-0.298828,0.966309
-0.494995,-0.073364,0.733887
0.127197,0.052490,0.994263
0.105591,-0.438843,0.799438
-0.464355,0.093994,0.793579
0.460327,-0.258179,1.007446
-0.403931,-0.150146,0.747070
0.027100,0.160278,1.013306
0.194214,-0.439087,0.829346
-0.539307,0.101196,0.759033
0.468384,-0.250732,1.016357
-0.300781,-0.194336,0.763672
-0.063232,0.217163,1.006958
0.252930,-0.405396,0.864502
-0.561401,0.050293,0.743652
0.453613,-0.221069,1.034912
-0.180176,-0.277344,0.775391
-0.150391,0.239624,0.981445
0.302490,-0.356567,0.896729
-0.560791,0.048462,0.751587
0.420044,-0.203003,1.032349
-0.097656,-0.355469,0.776733
-0.222656,0.225098,0.929932
0.371704,-0.340820,0.920166
-0.552002,0.021118,0.737915
0.336792,-0.145020,1.002075
-0.012695,-0.414551,0.786133
-0.286133,0.191040,0.889038
0.392944,-0.314941,0.932983
-0.529053,-0.011230,0.739380
0.251831,-0.047852,0.995605
0.023315,-0.457031,0.754272
-0.360718,0.131470,0.848022
0.437988,-0.310059,0.964478
-0.495728,-0.073975,0.746216
0.155029,0.049438,1.004883
0.071777,-0.430176,0.787598
-0.438232,0.125244,0.809326
0.450806,-0.274048,0.983643
-0.426025,-0.109009,0.754150
0.064087,0.103516,1.004639
0.155762,-0.430054,0.814575
-0.514282,0.119263,0.774170
0.448120,-0.217651,1.005493
-0.312134,-0.199829,0.770508
-0.044067,0.158691,0.994873
0.243286,-0.430786,0.860596
-0.552856,0.088379,0.740479
0.427490,-0.161865,1.022705
-0.185547,-0.265259,0.775024
-0.155762,0.190552,0.955200
0.319824,-0.421875,0.897339
-0.565430,0.041260,0.745728
0.379883,-0.121704,1.024048
-0.071533,-0.322876,0.777466
-0.244995,0.203369,0.906372
0.369873,-0.350586,0.930298
-0.547485,-0.020996,0.735596
0.310181,-0.091187,1.003540
-0.014160,-0.411133,0.759399
-0.329224,0.188721,0.864014
0.421753,-0.281006,0.959839
-0.511108,-0.059082,0.729614
0.183472,-0.013184,0.987915
0.061890,-0.451050,0.768066
-0.425049,0.157104,0.825562
0.448364,-0.242920,0.986206
-0.439087,-0.081421,0.752686
0.059082,0.110962,1.009399
0.147583,-0.451416,0.808472
-0.526123,0.136963,0.783569
0.447632,-0.206055,1.011597
-0.286621,-0.179565,0.783813
-0.066528,0.170044,0.981934
0.250732,-0.387573,0.871948
-0.577148,0.073120,0.743896
0.430054,-0.175171,1.029053
-0.124390,-0.322144,0.776001
-0.181152,0.201416,0.945312
0.334351,-0.359619,0.906494
-0.566650,0.072266,0.750610
0.353516,-0.108521,1.007935
-0.022705,-0.399170,0.768799
-0.294800,0.177856,0.878784
0.403809,-0.317383,0.940186
-0.548462,-0.015747,0.706665
0.226807,-0.022949,0.987061
0.034912,-0.431641,0.770142
-0.396729,0.143677,0.832397
0.435791,-0.288330,0.963623
-0.474487,-0.089478,0.750610
0.097046,0.093750,1.004395
0.114990,-0.423462,0.805054
-0.506470,0.130249,0.795654
0.450928,-0.227539,1.003296
-0.338501,-0.178711,0.751587
-0.023071,0.170288,0.989746
0.227661,-0.383545,0.864136
-0.582642,0.096558,0.752808
0.448242,-0.206421,1.022461
-0.169678,-0.286011,0.769897
-0.150757,0.203857,0.950562
0.314331,-0.351074,0.903687
-0.591675,0.062866,0.741943
0.384888,-0.157837,1.013550
-0.048584,-0.399292,0.764893
-0.269043,0.202881,0.893066
0.372681,-0.289673,0.921875
-0.549805,-0.008179,0.714966
0.270752,-0.039673,0.992554
0.015137,-0.418823,0.776367
-0.368042,0.155640,0.840454
0.417603,-0.244141,0.958862
-0.486450,-0.024902,0.746094
0.125854,0.069946,0.992188
0.073364,-0.394897,0.793213
-0.484009,0.136719,0.800293
0.461182,-0.210449,1.012573
-0.383057,-0.127930,0.743164
-0.000244,0.175415,0.996338
0.199097,-0.419067,0.834961
-0.559692,0.106567,0.762329
0.445435,-0.189453,1.035156
-0.247803,-0.240601,0.757935
-0.096680,0.207764,0.977539
0.277588,-0.375244,0.878784
-0.587402,0.082520,0.748413
0.427002,-0.181519,1.021729
-0.128174,-0.344482,0.764526
-0.171753,0.176514,0.935303
0.341064,-0.319092,0.911499
-0.590088,0.124146,0.748169
0.340820,-0.103394,1.000610
-0.047852,-0.395264,0.754395
-0.265869,0.144897,0.890137
0.411621,-0.317627,0.943848
-0.563721,0.071899,0.740723
0.221680,0.026611,0.968506
0.012817,-0.378540,0.777466
-0.370850,0.114746,0.836304
0.422241,-0.300415,0.965698
-0.503418,-0.044312,0.745361
0.139282,0.090942,1.015259
0.066406,-0.396973,0.777588
-0.471680,0.176270,0.827637
0.428711,-0.239746,0.984009
-0.420166,-0.133667,0.752563
0.055908,0.096313,0.998779
0.165161,-0.395996,0.835083
-0.558105,0.174316,0.789917
0.435303,-0.180298,1.009766
-0.274536,-0.188232,0.775146
-0.063110,0.163452,0.986450
0.246094,-0.381104,0.880981
-0.587036,0.102783,0.760376
0.434692,-0.146484,1.034180
-0.146606,-0.279541,0.768799
-0.202393,0.196777,0.928467
0.332642,-0.365967,0.906006
-0.577881,0.040161,0.737061
0.372803,-0.104126,1.025635
-0.069336,-0.364502,0.747925
-0.310669,0.217163,0.880981
0.393921,-0.310181,0.929688
-0.539185,-0.029907,0.721191
0.222290,-0.022827,0.991577
0.018799,-0.437500,0.759399
-0.421021,0.206421,0.848511
0.430786,-0.260132,0.960083
-0.476929,-0.049072,0.759521
0.094116,0.089478,1.009033
0.106323,-0.409546,0.812500
-0.533813,0.165527,0.809204
0.443115,-0.215820,1.000000
-0.329102,-0.184082,0.752197
-0.020142,0.186768,1.011475
0.197388,-0.361572,0.851685
-0.584717,0.106445,0.761353
0.446777,-0.208618,1.025024
-0.194214,-0.293213,0.753296
-0.135986,0.220093,0.969849
0.289307,-0.341919,0.886475
-0.595337,0.102661,0.756714
0.405273,-0.155396,1.019409
-0.104004,-0.358154,0.748169
-0.252075,0.190063,0.892822
0.370117,-0.325195,0.915527
-0.577881,0.085449,0.738525
0.304321,-0.063477,0.996094
-0.038940,-0.400513,0.762695
-0.347168,0.164429,0.866943
0.410645,-0.297119,0.946899
-0.544800,0.006958,0.717773
0.194824,0.034790,0.986938
0.017090,-0.397583,0.770874
-0.436035,0.168335,0.837646
0.427124,-0.272705,0.973389
-0.473389,-0.105347,0.731323
0.112183,0.086182,1.009155
0.073486,-0.380615,0.806763
-0.522949,0.188232,0.814575
0.440796,-0.218384,1.004150
-0.374146,-0.157593,0.748291
0.013428,0.143188,1.005493
0.172729,-0.410645,0.840942
-0.572510,0.146362,0.787109
0.434326,-0.178589,1.010376
-0.259033,-0.229492,0.742798
-0.095581,0.212158,0.986206
0.270386,-0.382324,0.877441
-0.592163,0.115967,0.771484
0.419189,-0.154419,1.031006
-0.171875,-0.312866,0.739624
-0.200684,0.191406,0.920898
0.346436,-0.345703,0.922241
-0.586426,0.043823,0.739380
0.345825,-0.095337,1.025513
-0.093262,-0.385864,0.729614
-0.311646,0.217285,0.880859
0.395142,-0.329712,0.914429
-0.564819,0.032837,0.723511
0.239624,-0.063110,0.965454
-0.013550,-0.405762,0.771484
-0.408813,0.193481,0.851440
0.400513,-0.259521,0.946777
-0.485352,-0.042725,0.735840
0.127686,0.087769,1.003418
0.045898,-0.392212,0.779907
-0.516968,0.159912,0.816406
0.447510,-0.234619,1.002686
-0.401978,-0.107788,0.743042
0.016724,0.184326,1.013306
0.163696,-0.363770,0.841553
-0.585083,0.125977,0.781128
0.438843,-0.231323,1.012207
-0.260864,-0.270630,0.736572
-0.062866,0.198853,0.986328
0.308716,-0.339355,0.900635
-0.624512,0.106445,0.727905
0.327026,-0.151367,0.997070
-0.129517,-0.386597,0.741821
-0.290161,0.121094,0.907471
0.374878,-0.351562,0.945679
-0.583008,0.067139,0.727661
0.224609,0.010132,0.998657
-0.062500,-0.346436,0.778564
-0.407471,0.123657,0.869019
0.415405,-0.353394,0.972046
-0.544678,-0.046387,0.703003
0.159790,0.055176,1.009155
-0.004639,-0.325806,0.776001
-0.494873,0.206177,0.859985
0.441650,-0.327393,0.987427
-0.475952,-0.142212,0.727295
0.071411,0.071411,0.998169
0.086670,-0.391479,0.811646
-0.569092,0.206177,0.819092
0.424927,-0.261841,0.990845
-0.376709,-0.184326,0.751953
-0.013550,0.118774,1.007324
0.178711,-0.437500,0.854370
-0.592285,0.127197,0.778809
0.414185,-0.188232,1.019897
-0.305908,-0.227417,0.723022
-0.095947,0.151001,0.984009
0.267456,-0.430298,0.886475
-0.596924,0.061157,0.759399
0.388916,-0.145264,1.036133
-0.225098,-0.320312,0.698608
-0.201416,0.190796,0.959106
0.321899,-0.386841,0.914185
-0.597534,0.037231,0.755737
0.361816,-0.152710,1.024048
-0.185913,-0.338013,0.712646
-0.303101,0.182617,0.909790
0.372437,-0.342407,0.946777
-0.577148,-0.025513,0.734375
0.274536,-0.075195,1.026001
-0.104370,-0.371704,0.750122
-0.401245,0.202515,0.887817
0.403320,-0.322266,0.962280
-0.536377,-0.076660,0.711304
0.165771,0.009155,1.026978
0.014038,-0.393921,0.800659
-0.506836,0.208740,0.869995
0.427124,-0.280029,0.992432
-0.445068,-0.150635,0.740479
0.031128,0.128540,1.021851
0.127441,-0.402588,0.837402
-0.562500,0.120361,0.806274
0.434082,-0.252197,1.017700
-0.320068,-0.257568,0.721802
-0.054810,0.140991,0.981079
0.213745,-0.371948,0.856567
-0.585205,0.069458,0.754272
0.409180,-0.230225,1.014404
-0.238647,-0.341187,0.715210
-0.151245,0.132568,0.953125
0.280640,-0.369019,0.906616
-0.591553,0.058105,0.750122
0.379272,-0.153076,1.038696
-0.188232,-0.344482,0.723511
-0.271973,0.161499,0.932861
0.348511,-0.383423,0.937500
-0.572876,-0.019653,0.733765
0.325928,-0.086060,1.052979
-0.141113,-0.341309,0.743530
-0.362305,0.189209,0.889771
0.395508,-0.354248,0.949585
-0.561646,-0.038330,0.716431
0.268188,-0.079590,1.036133
-0.066895,-0.367310,0.780640
-0.452271,0.218140,0.872803
0.418335,-0.325928,0.972778
-0.511353,-0.101929,0.713867
0.156982,0.030640,1.038330
0.048462,-0.390625,0.818481
-0.534790,0.199463,0.850098
0.420288,-0.280884,0.995361
-0.442017,-0.177856,0.726807
0.064941,0.064087,1.022583
0.156738,-0.425537,0.845215
-0.569214,0.160156,0.815063
0.416504,-0.210815,1.005737
-0.310547,-0.240601,0.743164
-0.050171,0.109985,1.003906
0.243042,-0.434814,0.872314
-0.585449,0.089111,0.771973
0.406250,-0.187256,1.026001
-0.239868,-0.299683,0.725342
-0.170410,0.162964,0.967163
0.324341,-0.358887,0.937134
-0.578735,0.004395,0.748535
0.365967,-0.157471,1.042114
-0.184692,-0.344238,0.712036
-0.291260,0.183960,0.928345
0.390991,-0.354370,0.957275
-0.561890,-0.042969,0.746460
0.270508,-0.081909,1.043823
-0.101074,-0.379272,0.765625
-0.390991,0.181152,0.883911
0.412842,-0.329102,0.971436
-0.507080,-0.073486,0.732178
0.179565,0.007324,1.044434
0.014404,-0.369019,0.814819
-0.486694,0.160034,0.839844
0.440063,-0.281250,1.007202
-0.451416,-0.174683,0.719604
0.059204,0.113037,1.037231
0.148682,-0.400146,0.854248
-0.547974,0.094971,0.808594
0.432983,-0.248535,1.026245
-0.324341,-0.275757,0.716187
-0.052490,0.123291,0.994751
0.253662,-0.402588,0.881592
-0.590942,0.077759,0.781250
0.423462,-0.206787,1.047241
-0.222412,-0.341431,0.722168
-0.170654,0.125610,0.962769
0.323730,-0.372925,0.910645
-0.578613,0.054932,0.775635
0.380737,-0.167969,1.050537
-0.151367,-0.359985,0.750000
-0.279663,0.167236,0.925171
0.361450,-0.325073,0.962891
-0.553833,-0.034790,0.743286
0.303101,-0.109009,1.058716
-0.085815,-0.371338,0.781128
-0.390503,0.170532,0.894775
0.413452,-0.295654,0.996094
-0.510010,-0.120728,0.718384
0.192505,-0.008179,1.048096
0.027588,-0.381592,0.822754
-0.477051,0.185547,0.875854
0.439575,-0.274170,1.020142
-0.451660,-0.146362,0.749756
0.081787,0.073486,1.040283
0.127197,-0.385742,0.860474
-0.530273,0.088135,0.805298
0.462158,-0.260132,1.039429
-0.319458,-0.243042,0.751465
-0.031250,0.144897,1.012451
0.237305,-0.390869,0.878540
-0.555420,0.061768,0.783569
0.433594,-0.230469,1.044067
-0.227051,-0.354614,0.728638
-0.142090,0.147461,0.972046
0.310059,-0.390747,0.899902
-0.566772,0.015503,0.751709
0.400269,-0.167847,1.066528
-0.140259,-0.339844,0.773071
-0.247437,0.179077,0.957520
0.356079,-0.331177,0.944702
-0.577515,-0.025635,0.727661
0.343872,-0.137207,1.065796
-0.072510,-0.384033,0.782593
-0.345337,0.191650,0.926147
0.408813,-0.294067,0.989990
-0.531006,-0.072632,0.722046
0.237305,-0.051636,1.063110
0.013062,-0.396606,0.824707
-0.421997,0.170654,0.910278
0.446777,-0.262695,1.037720
-0.479126,-0.104004,0.738647
0.114380,0.069702,1.041138
0.109863,-0.397339,0.860596
-0.494019,0.097290,0.841675
0.477539,-0.256348,1.065063
-0.344849,-0.229126,0.748047
-0.011719,0.150391,1.032471
0.211426,-0.395020,0.886597
-0.532227,0.050781,0.806030
0.471436,-0.232422,1.063843
-0.246826,-0.310181,0.745728
-0.092285,0.164917,1.018555
0.299683,-0.391724,0.912720
-0.555542,0.013184,0.769531
0.442627,-0.185425,1.087280
-0.181152,-0.339966,0.746704
-0.216187,0.166870,0.971558
0.363770,-0.339844,0.963623
-0.546509,-0.027710,0.763916
0.379028,-0.162476,1.072510
-0.102295,-0.367920,0.774902
-0.311157,0.187744,0.927124
0.410034,-0.315186,0.990845
-0.518433,-0.058838,0.747681
0.284912,-0.080688,1.075806
0.000732,-0.378174,0.816772
-0.404053,0.182373,0.910645
0.457520,-0.280762,1.037231
-0.471924,-0.127808,0.741455
0.138306,0.051392,1.062500
0.144287,-0.433716,0.868896
-0.485474,0.115112,0.856934
0.483643,-0.243530,1.070679
-0.327271,-0.200439,0.777222
-0.007812,0.140259,1.036255
0.250610,-0.391968,0.891968
-0.524048,0.020874,0.789795
0.467163,-0.201050,1.096802
-0.196533,-0.358032,0.730469
-0.122070,0.175781,1.011108
0.328735,-0.364746,0.930176
-0.534058,0.011108,0.779419
0.420410,-0.177246,1.088501
-0.128052,-0.351074,0.773438
-0.234863,0.161011,0.963989
0.375977,-0.302734,0.990112
-0.526367,-0.040405,0.757935
0.345581,-0.121826,1.085938
-0.040894,-0.368774,0.827148
-0.350586,0.175415,0.934937
0.425537,-0.306396,1.012329
-0.467651,-0.083862,0.756348
0.244141,-0.006958,1.090210
0.047241,-0.361816,0.854248
-0.425415,0.157837,0.898315
0.475952,-0.288574,1.045288
-0.418457,-0.145752,0.757446
0.131470,0.117310,1.082520
0.156128,-0.381104,0.875244
-0.478760,0.105347,0.857544
0.488892,-0.280151,1.054321
-0.346802,-0.249512,0.766846
0.039307,0.091431,1.042236
0.225464,-0.363281,0.905151
-0.507568,0.074829,0.816040
0.494263,-0.240112,1.088867
-0.225342,-0.315552,0.787476
-0.057495,0.115479,1.022339
0.296631,-0.385132,0.920044
-0.508301,0.031006,0.792725
0.461914,-0.183350,1.101685
-0.165283,-0.325928,0.778320
-0.147217,0.137207,1.001099
0.372192,-0.363770,0.975830
-0.520752,-0.012817,0.780884
0.420166,-0.142212,1.111328
-0.109009,-0.352417,0.800537
-0.252319,0.175781,0.974365
0.409302,-0.302734,1.020996
-0.510376,-0.058350,0.764282
0.374146,-0.113281,1.113892
-0.040527,-0.369995,0.821533
-0.324341,0.183594,0.932739
0.448364,-0.292725,1.025269
-0.461060,-0.107178,0.766968
0.285278,-0.055542,1.107056
0.044067,-0.363892,0.854126
-0.397217,0.182739,0.905518
0.487915,-0.305908,1.051147
-0.405518,-0.187256,0.779053
0.157837,0.019653,1.079346
0.161743,-0.402954,0.892700
-0.470093,0.148315,0.863892
0.508789,-0.224976,1.085815
-0.320679,-0.230591,0.788940
0.048950,0.090210,1.057129
0.258057,-0.412842,0.919189
-0.500488,0.064575,0.817627
0.494507,-0.175537,1.109131
-0.189941,-0.294678,0.800293
-0.072876,0.151245,1.045166
0.339355,-0.400635,0.939819
-0.512085,0.001953,0.804443
0.454956,-0.164307,1.116943
-0.116211,-0.344604,0.793701
-0.203247,0.206909,1.015381
0.402710,-0.324585,0.994873
-0.512207,-0.053711,0.774902
0.396240,-0.139160,1.124512
-0.039185,-0.350830,0.853394
-0.278931,0.180298,0.979614
0.455078,-0.286987,1.052002
-0.474243,-0.071899,0.771729
0.285400,-0.048340,1.104736
0.071045,-0.420776,0.862915
-0.363159,0.157959,0.926147
0.492432,-0.239014,1.074585
-0.378784,-0.146973,0.789307
0.161743,0.077759,1.097168
0.176025,-0.426147,0.908325
-0.459473,0.079224,0.866089
0.528198,-0.264160,1.102905
-0.311279,-0.225830,0.803101
0.029663,0.182861,1.083008
0.258545,-0.381958,0.909424
-0.469482,0.030396,0.838867
0.517456,-0.223755,1.131348
-0.171997,-0.344971,0.811157
-0.037354,0.157593,1.059937
0.316772,-0.365723,0.942749
-0.489868,0.015137,0.817749
0.497070,-0.213501,1.130005
-0.114380,-0.400513,0.804077
-0.126831,0.166748,1.044556
0.382080,-0.331177,0.990112
-0.506958,0.003540,0.802368
0.433960,-0.146606,1.134521
-0.059326,-0.380859,0.843018
-0.204224,0.185547,1.039795
0.441284,-0.314453,1.037964
-0.500366,0.013306,0.780518
0.350830,-0.038452,1.133545
0.031616,-0.376465,0.873413
-0.279541,0.158936,1.000366
0.485107,-0.281250,1.070190
-0.447021,-0.083618,0.774658
0.272095,0.036255,1.128296
0.096313,-0.361206,0.890747
-0.350830,0.126953,0.922485
0.518799,-0.277344,1.101807
-0.382568,-0.181885,0.788574
0.186890,0.040161,1.108276
0.190063,-0.378906,0.926025
-0.421387,0.093872,0.870728
0.532837,-0.231567,1.120483
-0.280396,-0.226562,0.828125
0.050537,0.120972,1.073853
0.287842,-0.412476,0.923828
-0.465210,0.030396,0.841064
0.525391,-0.195068,1.132202
-0.138062,-0.285400,0.833008
-0.079468,0.181152,1.058716
0.375000,-0.380371,0.980469
-0.469360,-0.035522,0.817627
0.465332,-0.149902,1.146606
-0.062988,-0.320312,0.840942
-0.193726,0.201538,1.033203
0.448364,-0.291748,1.053955
-0.468994,-0.067505,0.804077
0.365601,-0.067261,1.151367
0.044800,-0.378906,0.869995
-0.289551,0.174072,0.970825
0.506470,-0.270874,1.088867
-0.395630,-0.129883,0.800415
0.226440,-0.003662,1.112183
0.178467,-0.413940,0.924072
-0.410156,0.137085,0.917358
0.543457,-0.259399,1.111694
-0.284912,-0.235474,0.821289
0.065918,0.136841,1.089355
0.283691,-0.387817,0.931885
-0.461304,0.043335,0.849854
0.529297,-0.209717,1.135742
-0.089722,-0.352539,0.852173
-0.059570,0.180298,1.077148
0.361816,-0.344604,0.967163
-0.498047,0.013428,0.811401
0.481812,-0.164551,1.151001
-0.044800,-0.353516,0.872314
-0.163696,0.195557,1.065918
0.449341,-0.304932,1.054688
-0.483765,-0.017212,0.796387
0.374878,-0.056763,1.151245
0.045776,-0.385132,0.881836
-0.280884,0.154419,1.000854
0.527222,-0.294067,1.112183
-0.419434,-0.097412,0.792969
0.259277,0.049683,1.139771
0.154419,-0.390991,0.909180
-0.366577,0.112305,0.928711
0.563110,-0.286865,1.138306
-0.336060,-0.214111,0.815308
0.121582,0.131104,1.109741
0.252563,-0.384033,0.935547
-0.426880,0.063110,0.875122
0.556274,-0.244385,1.144531
-0.213501,-0.296753,0.840210
0.019165,0.153687,1.089966
0.330933,-0.369263,0.969238
-0.458008,0.052612,0.841309
0.532349,-0.179321,1.154785
-0.092896,-0.350220,0.856079
-0.075928,0.151489,1.068115
0.402954,-0.371338,1.008911
-0.459351,-0.015259,0.823730
0.473389,-0.097534,1.182983
-0.038452,-0.353149,0.850708
-0.178589,0.191284,1.050537
0.452393,-0.322998,1.051514
-0.444214,-0.073975,0.816528
0.419189,-0.052246,1.175293
0.005981,-0.341675,0.866699
-0.250610,0.202759,1.026978
0.513428,-0.301880,1.102539
-0.430542,-0.136597,0.807739
0.345825,-0.037598,1.152100
0.106567,-0.356812,0.907715
-0.320435,0.162231,0.958862
0.535400,-0.254028,1.126099
-0.358887,-0.215088,0.806030
0.251831,0.011475,1.135376
0.199341,-0.393555,0.940918
-0.382568,0.141235,0.906982
0.546753,-0.209351,1.132690
-0.299316,-0.244263,0.821533
0.137939,0.063599,1.111084
0.276245,-0.416870,0.968628
-0.429810,0.116821,0.880981
0.566528,-0.197144,1.152710
-0.218750,-0.262939,0.840576
0.008423,0.187012,1.102051
0.351562,-0.396362,0.984985
-0.446655,0.012817,0.861938
0.542480,-0.179565,1.173828
-0.079224,-0.336182,0.870850
-0.072998,0.216064,1.103516
0.397339,-0.379272,0.989990
-0.464111,-0.024170,0.837402
0.502197,-0.152222,1.173462
-0.020386,-0.329468,0.890503
-0.152222,0.226929,1.063965
0.442749,-0.320190,1.036987
-0.454468,-0.049561,0.825806
0.434326,-0.090210,1.170532
0.022095,-0.352661,0.899170
-0.217773,0.221558,1.049316
0.500977,-0.275757,1.103638
-0.452026,-0.064819,0.815430
0.356445,-0.056885,1.152344
0.101929,-0.396484,0.918457
-0.270630,0.186768,1.012939
0.532593,-0.239624,1.127197
-0.386230,-0.127075,0.816772
0.250854,0.038574,1.129150
0.193604,-0.405151,0.945557
-0.342529,0.111938,0.931396
0.568481,-0.253296,1.150513
-0.322021,-0.189697,0.815308
0.153564,0.119873,1.120605
0.278442,-0.404419,0.965332
-0.402588,0.094482,0.909668
0.555542,-0.236084,1.145630
-0.244873,-0.261475,0.844849
0.058472,0.171265,1.119873
0.342041,-0.400513,0.984497
-0.447632,0.048340,0.859375
0.549316,-0.174683,1.170410
-0.108765,-0.314331,0.864380
-0.034790,0.212769,1.111572
0.379272,-0.361328,0.996948
-0.469482,0.025879,0.846680
0.510498,-0.177734,1.156006
-0.022461,-0.375366,0.874512
-0.071167,0.199341,1.107910
0.410156,-0.316040,1.015259
-0.482178,0.027710,0.817261
0.463379,-0.140625,1.152954
0.014648,-0.390137,0.901733
-0.145142,0.186035,1.094360
0.486450,-0.290039,1.098145
-0.480347,0.039429,0.815430
0.399048,-0.056763,1.158691
0.052368,-0.399048,0.902588
-0.228027,0.173096,1.056152
0.527954,-0.291260,1.126099
-0.454468,-0.049561,0.804199
0.349365,-0.014038,1.159058
0.119995,-0.376221,0.939209
-0.288696,0.189819,1.009644
0.555908,-0.273071,1.135254
-0.389282,-0.136597,0.808105
0.265137,0.043335,1.131104
0.178955,-0.402832,0.935425
-0.317383,0.131958,0.964478
0.582520,-0.273193,1.147705
-0.333130,-0.165283,0.836792
0.179810,0.122314,1.117188
0.229492,-0.404175,0.946899
-0.359497,0.050171,0.909058
0.595703,-0.264160,1.172485
-0.297119,-0.215332,0.826660
0.106689,0.158813,1.109253
0.297852,-0.406494,0.957520
-0.401855,0.057129,0.897095
0.583618,-0.254883,1.161011
-0.237061,-0.266357,0.859863
0.041016,0.141113,1.089844
0.352905,-0.410889,0.980591
-0.431885,0.076538,0.855957
0.541260,-0.160767,1.156616
-0.110840,-0.292480,0.894043
-0.022583,0.170288,1.106689
0.382324,-0.390747,1.001099
-0.447876,0.023682,0.859985
0.520752,-0.135376,1.172119
-0.015625,-0.327026,0.888672
-0.099243,0.225830,1.094727
0.433960,-0.338379,1.035156
-0.436035,-0.048096,0.833008
0.461060,-0.104736,1.169189
0.008789,-0.333618,0.886108
-0.172852,0.218628,1.057007
0.489136,-0.286499,1.082031
-0.427734,-0.081299,0.816162
0.388428,-0.047852,1.159302
0.078003,-0.376953,0.909302
-0.248657,0.174805,1.014648
0.525024,-0.257935,1.132812
-0.395142,-0.113892,0.817749
0.290894,0.022583,1.137451
0.199585,-0.425415,0.939575
-0.338745,0.138672,0.941040
0.554443,-0.243530,1.139771
-0.317993,-0.176392,0.824585
0.180176,0.098267,1.120117
0.283691,-0.447754,0.955078
-0.412354,0.091431,0.885742
0.559692,-0.216187,1.148438
-0.219360,-0.242920,0.856323
0.040527,0.195923,1.112061
0.353882,-0.412231,0.991821
-0.433716,0.036011,0.873901
0.524902,-0.200684,1.143799
-0.132080,-0.292847,0.879150
-0.037354,0.234497,1.117676
0.411987,-0.370972,1.013550
-0.449829,-0.005127,0.850220
0.498779,-0.160278,1.152588
-0.009766,-0.366821,0.904053
-0.108276,0.203491,1.073242
0.438599,-0.327393,1.050537
-0.453613,-0.057251,0.815308
0.475830,-0.122559,1.171265
0.028198,-0.350708,0.895386
-0.168823,0.223877,1.066528
0.481323,-0.293823,1.076538
-0.438110,-0.077759,0.807007
0.415527,-0.072998,1.161743
0.060303,-0.363403,0.902222
-0.258423,0.227051,1.028198
0.539307,-0.296265,1.115356
-0.428833,-0.108276,0.797852
0.344849,-0.037476,1.135132
0.125854,-0.389038,0.929199
-0.304199,0.208252,0.984741
0.541504,-0.236206,1.124634
-0.358398,-0.161987,0.823853
0.275513,0.001221,1.132568
0.185669,-0.444946,0.931152
-0.355347,0.134033,0.922729
0.563599,-0.246948,1.129028
-0.319092,-0.196533,0.823242
0.194458,0.093018,1.129883
0.248657,-0.455078,0.938843
-0.383667,0.117554,0.895752
0.566650,-0.232788,1.128906
-0.277710,-0.208862,0.836914
0.122437,0.122192,1.113037
0.298218,-0.442871,0.961914
-0.433960,0.087891,0.857300
0.553833,-0.195312,1.149902
-0.218628,-0.216919,0.874390
0.022827,0.195679,1.105347
0.369263,-0.448486,0.989746
-0.452271,0.035278,0.838501
0.517822,-0.139893,1.162842
-0.131836,-0.224365,0.875488
-0.043823,0.243286,1.111572
0.414673,-0.429443,1.003784
-0.459351,-0.002441,0.847046
0.495972,-0.143921,1.162720
-0.035767,-0.322144,0.881592
-0.115479,0.255981,1.097900
0.443115,-0.353394,1.038574
-0.470581,-0.026611,0.818970
0.458130,-0.144775,1.150757
0.050415,-0.401123,0.882446
-0.166992,0.240967,1.068848
0.459106,-0.304077,1.042114
-0.465698,-0.029907,0.812744
0.410278,-0.131714,1.122559
0.088257,-0.432739,0.902222
-0.235840,0.207886,1.024414
0.496460,-0.246704,1.091187
-0.423340,-0.093872,0.801025
0.326660,-0.058960,1.124268
0.120117,-0.457153,0.902466
-0.287109,0.155640,0.998779
0.537231,-0.255249,1.123535
-0.386597,-0.094849,0.812988
0.222046,0.044556,1.091797
0.218262,-0.455078,0.941772
-0.333862,0.075806,0.936401
0.554321,-0.235962,1.139526
-0.340698,-0.142090,0.814819
0.138306,0.126221,1.096191
0.295776,-0.449585,0.956055
-0.398560,0.032715,0.869141
0.546875,-0.242065,1.142822
-0.270630,-0.232666,0.820923
0.063110,0.161987,1.084473
0.340820,-0.402832,0.973755
-0.444092,0.038574,0.846558
0.522339,-0.201538,1.139526
-0.161865,-0.290527,0.855957
-0.027710,0.167236,1.064697
0.385498,-0.356323,1.006348
-0.460815,0.022583,0.827271
0.507324,-0.156494,1.146973
-0.046509,-0.326782,0.881714
-0.113159,0.192383,1.061646
0.431396,-0.375854,1.015869
-0.467407,-0.043579,0.799316
0.440674,-0.077271,1.150757
0.047363,-0.357056,0.889526
-0.194092,0.230957,1.054810
0.473267,-0.370483,1.035156
-0.439209,-0.097534,0.803711
0.372070,-0.062988,1.128174
0.074097,-0.364624,0.886719
-0.257935,0.212646,1.015259
0.509399,-0.316528,1.074463
-0.399536,-0.148804,0.802734
0.281494,-0.015625,1.094727
0.144165,-0.386719,0.903564
-0.327637,0.170776,0.942505
0.542603,-0.252930,1.113037
-0.352905,-0.201050,0.801880
0.172241,0.031616,1.083374
0.260498,-0.455566,0.939331
-0.403687,0.074097,0.856812
0.531372,-0.203613,1.114990
-0.256226,-0.213501,0.825073
0.028687,0.164307,1.075317
0.360718,-0.465576,0.966675
-0.455811,-0.002075,0.819946
0.491577,-0.145020,1.144775
-0.137817,-0.255859,0.846802
-0.083740,0.216187,1.068970
0.417969,-0.398438,1.009033
-0.474243,-0.033081,0.809814
0.444946,-0.136597,1.129761
0.030273,-0.378052,0.874512
-0.191772,0.240967,1.046387
0.456665,-0.313599,1.031616
-0.446533,-0.073853,0.801880
0.353516,-0.083496,1.103760
0.085449,-0.418945,0.877197
-0.280884,0.208618,0.993652
0.515869,-0.261719,1.091187
-0.399048,-0.131226,0.794678
0.222046,0.008301,1.071533
0.187988,-0.444824,0.895996
-0.363037,0.068604,0.875000
0.547363,-0.221313,1.123413
-0.325195,-0.186890,0.790527
0.085938,0.114502,1.062256
0.292969,-0.472778,0.918701
-0.443481,0.014771,0.819702
0.522827,-0.223145,1.118286
-0.202393,-0.235840,0.841675
-0.026855,0.205444,1.066650
0.353882,-0.393311,0.959595
-0.474731,-0.000244,0.808350
0.471558,-0.170044,1.113647
-0.067993,-0.322021,0.854492
-0.114014,0.221069,1.054443
0.420776,-0.353638,1.001099
-0.483154,-0.009277,0.796753
0.393677,-0.125854,1.088135
0.063965,-0.419800,0.871948
-0.207275,0.167114,1.000122
0.485718,-0.306763,1.064331
-0.457275,-0.080566,0.770752
0.282471,-0.038452,1.071899
0.103760,-0.443359,0.858521
-0.296875,0.135132,0.951294
0.526123,-0.263184,1.094116
-0.393311,-0.120728,0.788208
0.165527,0.057373,1.072510
0.202026,-0.468994,0.888672
-0.385498,0.020020,0.869751
0.475708,-0.269287,1.065796
-0.306030,-0.207031,0.805054
0.025635,0.168823,1.048950
0.296875,-0.432129,0.919800
-0.525146,0.020264,0.769531
0.425049,-0.215698,1.050171
-0.044922,-0.388794,0.822266
-0.207886,0.191162,0.976929
0.396606,-0.359009,0.957886
-0.526123,-0.024536,0.749268
0.304565,-0.127808,1.019531
0.035034,-0.459106,0.803833
-0.257202,0.114380,0.919434
0.441162,-0.338379,0.984009
-0.502197,-0.058105,0.756470
0.214722,-0.019653,1.002441
0.089844,-0.462769,0.797241
-0.353760,0.075195,0.856323
0.476685,-0.322754,1.013062
-0.418213,-0.135742,0.757324
0.098999,0.095581,1.017090
0.151245,-0.424194,0.832397
-0.439575,0.059937,0.807129
0.488037,-0.306030,1.026245
-0.357910,-0.209717,0.750732
0.009277,0.151855,1.027222
0.254761,-0.433105,0.869019
-0.505005,0.022583,0.755249
0.459229,-0.270874,1.029907
-0.238525,-0.272949,0.786621
-0.075073,0.168213,1.009521
0.304932,-0.406982,0.907104
-0.531006,0.041870,0.755371
0.425171,-0.205078,1.055420
-0.100220,-0.313721,0.826416
-0.168457,0.176392,0.974976
0.338379,-0.380615,0.927734
-0.525269,0.013916,0.758667
0.383179,-0.170044,1.028442
-0.015259,-0.380981,0.816162
-0.238403,0.177612,0.943359
0.392944,-0.375244,0.953247
-0.507812,-0.079346,0.743408
0.313721,-0.099731,1.026489
0.044434,-0.448364,0.788574
-0.318970,0.185791,0.897949
0.443237,-0.354858,0.964600
-0.476929,-0.108521,0.741211
0.216797,-0.035767,1.003906
0.092163,-0.463135,0.796631
-0.380249,0.123047,0.844116
0.456909,-0.318237,0.986328
-0.437988,-0.145508,0.754395
0.119141,0.008057,0.999512
0.137085,-0.461792,0.819946
-0.447998,0.084229,0.791138
0.482178,-0.267212,1.016479
-0.359619,-0.161499,0.763306
0.004395,0.130127,1.007324
0.239990,-0.484009,0.848511
-0.496704,0.012573,0.740723
0.452515,-0.245239,1.019653
-0.244995,-0.225098,0.783081
-0.102051,0.205933,1.008057
0.314575,-0.416626,0.912231
-0.532837,0.014771,0.760498
0.406250,-0.210083,1.028809
-0.118774,-0.333862,0.800293
-0.181152,0.179565,0.968628
0.366943,-0.367310,0.931885
-0.528442,0.007812,0.758911
0.350830,-0.143555,1.029053
0.008057,-0.443848,0.798706
-0.262695,0.145020,0.905640
0.412231,-0.334961,0.951416
-0.524536,-0.030518,0.738281
0.246338,-0.057861,1.006592
0.085083,-0.491455,0.794922
-0.351196,0.101807,0.857910
0.441650,-0.306396,0.976318
-0.465088,-0.077271,0.749756
0.137451,0.080811,1.019775
0.124023,-0.419189,0.830200
-0.446533,0.061768,0.809204
0.478760,-0.298218,1.021240
-0.389282,-0.179688,0.742432
0.017090,0.177612,1.024536
0.201782,-0.410522,0.847534
-0.496460,0.018921,0.753052
0.487183,-0.293091,1.027344
-0.295898,-0.240967,0.763550
-0.063843,0.197021,1.001221
0.271729,-0.394287,0.891479
-0.534790,0.032104,0.749268
0.439819,-0.247803,1.026489
-0.187988,-0.297241,0.781006
-0.140747,0.195312,0.970581
0.351562,-0.417969,0.914185
-0.542358,0.051147,0.761230
0.392578,-0.168945,1.024048
-0.091309,-0.336548,0.801514
-0.197754,0.171509,0.944580
0.371094,-0.382446,0.937500
-0.543457,0.006104,0.748047
0.362915,-0.148682,1.020020
-0.018433,-0.401611,0.791138
-0.257690,0.175049,0.916748
0.385376,-0.359985,0.922241
-0.519897,-0.035156,0.751465
0.323730,-0.115845,1.017944
0.021240,-0.455322,0.783081
-0.313110,0.163330,0.861450
0.415039,-0.322510,0.949707
-0.511841,-0.058838,0.731812
0.250732,-0.064209,1.015259
0.060059,-0.493286,0.778442
-0.355103,0.143311,0.848022
0.432251,-0.290161,0.974976
-0.480103,-0.084229,0.734985
0.181274,0.011475,1.009521
0.091187,-0.487183,0.783813
-0.406494,0.101807,0.815430
0.457275,-0.280396,0.988281
-0.446411,-0.109131,0.744629
0.112427,0.080688,1.007935
0.111938,-0.448242,0.799072
-0.448730,0.070923,0.793579
0.472412,-0.281250,1.010498
-0.406494,-0.137939,0.755615
0.054077,0.105103,1.020264
0.178223,-0.438843,0.826416
-0.511353,0.078003,0.763550
0.476196,-0.279419,1.010620
-0.329956,-0.195312,0.773804
-0.032471,0.147827,1.002808
0.250610,-0.455078,0.866943
-0.543701,0.047241,0.728516
0.438354,-0.223145,1.013062
-0.220581,-0.214966,0.797974
-0.108032,0.172607,0.990601
0.310059,-0.454834,0.890503
-0.562988,0.022949,0.741089
0.413940,-0.175293,1.030884
-0.112793,-0.291138,0.797119
-0.214355,0.226440,0.951660
0.369263,-0.401245,0.922974
-0.537476,-0.013916,0.752808
0.350708,-0.125122,1.020874
-0.029419,-0.404419,0.779297
-0.289429,0.179810,0.883423
0.401855,-0.357178,0.945679
-0.501953,-0.059204,0.755615
0.277466,-0.069580,1.004272
0.027100,-0.449707,0.767578
-0.365112,0.152954,0.841553
0.434082,-0.321655,0.962891
-0.484863,-0.082642,0.752930
0.181274,-0.026001,1.003052
0.086304,-0.460571,0.790039
-0.438965,0.118286,0.800903
0.442261,-0.238892,0.992676
-0.421143,-0.144897,0.747681
0.072632,0.067993,1.011963
0.168213,-0.492065,0.817383
-0.518555,0.079346,0.754150
0.451172,-0.230591,1.007568
-0.301392,-0.192017,0.751465
-0.050781,0.190552,0.999878
0.266724,-0.409912,0.879639
-0.566040,0.037476,0.736816
0.435669,-0.230469,1.024048
-0.163940,-0.286987,0.789795
-0.152466,0.218262,0.973633
0.323975,-0.356689,0.917114
-0.562500,0.029053,0.751587
0.383789,-0.163208,1.025879
-0.036377,-0.406982,0.784912
-0.257324,0.182251,0.900879
0.375488,-0.320435,0.942261
-0.523682,-0.033936,0.737305
0.290283,-0.101074,0.983521
0.020142,-0.430664,0.773438
-0.339722,0.128174,0.845703
0.417480,-0.279419,0.968994
-0.489868,-0.074829,0.733398
0.182861,0.007202,0.999268
0.075073,-0.454834,0.783081
-0.430542,0.124390,0.803223
0.450439,-0.277466,0.985840
-0.428101,-0.129028,0.745850
0.068115,0.080688,0.988770
0.154663,-0.467529,0.808838
-0.500244,0.099121,0.768677
0.456177,-0.236450,0.997803
-0.339355,-0.144287,0.767334
-0.039917,0.168213,0.995728
0.251831,-0.456909,0.855835
-0.543579,0.055298,0.751099
0.439697,-0.210693,1.011353
-0.235840,-0.216309,0.771118
-0.123657,0.202271,0.975586
0.312622,-0.403931,0.895752
-0.562500,0.043823,0.759888
0.397217,-0.159790,1.026245
-0.099731,-0.358643,0.771729
-0.206665,0.191895,0.927734
0.362427,-0.345581,0.923828
-0.559692,0.031494,0.744263
0.355347,-0.119141,1.023804
-0.019897,-0.412109,0.771851
-0.282349,0.158813,0.875854
0.392578,-0.324463,0.936646
-0.528564,-0.045898,0.726562
0.264648,-0.082886,1.001221
0.039307,-0.461182,0.773804
-0.369751,0.169067,0.839111
0.423462,-0.260742,0.967163
-0.484863,-0.078003,0.743896
0.153931,0.015137,1.001953
0.094849,-0.470703,0.796143
-0.437378,0.128540,0.810425
0.440186,-0.234375,0.987305
-0.434937,-0.075317,0.749634
0.066895,0.096802,1.002441
0.161255,-0.463501,0.806519
-0.514771,0.089722,0.767212
0.456665,-0.222046,1.004639
-0.332275,-0.168213,0.762207
-0.041260,0.162964,0.999023
0.256348,-0.452393,0.860474
-0.551392,0.060303,0.748535
0.440430,-0.200684,1.006836
-0.209351,-0.231934,0.776733
-0.136353,0.205933,0.967407
0.319702,-0.395874,0.898315
-0.561646,0.038818,0.758423
0.401489,-0.179321,1.010864
-0.107056,-0.317383,0.778809
-0.224487,0.199951,0.917114
0.369385,-0.333740,0.934326
-0.541138,-0.010010,0.743530
0.328369,-0.110840,1.008301
-0.040771,-0.398193,0.755127
-0.300659,0.173340,0.868774
0.411255,-0.304443,0.948608
-0.512695,-0.037964,0.742432
0.247437,-0.062744,0.990112
0.027588,-0.439819,0.764893
-0.390869,0.166260,0.827026
0.426880,-0.265869,0.962280
-0.470215,-0.084839,0.746094
0.140869,0.033691,1.007568
0.088989,-0.458984,0.793091
-0.469360,0.131592,0.797119
0.445068,-0.231934,0.996582
-0.409546,-0.076660,0.759888
0.062744,0.133667,1.029053
0.169312,-0.420532,0.836426
-0.543701,0.104126,0.769165
0.446777,-0.225098,1.008789
-0.295776,-0.203979,0.761963
-0.053711,0.199463,1.007080
0.248047,-0.383667,0.873901
-0.554077,0.070435,0.747559
0.426514,-0.204468,1.012329
-0.182983,-0.285156,0.774658
-0.133057,0.187866,0.967896
0.305420,-0.376221,0.893311
-0.581421,0.061279,0.755615
0.398193,-0.144653,1.036011
-0.085693,-0.360962,0.758545
-0.216187,0.196167,0.912476
0.355957,-0.320435,0.934082
-0.551514,0.015015,0.747803
0.342651,-0.120117,1.006592
-0.028931,-0.426514,0.742065
-0.309570,0.177368,0.864868
0.410522,-0.314209,0.942627
-0.531738,-0.030029,0.722656
0.242065,-0.039062,0.983032
0.023804,-0.436035,0.760620
-0.369751,0.145996,0.834229
0.426025,-0.283203,0.956665
-0.489868,-0.058716,0.733643
0.155762,0.046631,1.006348
0.083496,-0.434570,0.785645
-0.468506,0.132568,0.801514
0.451416,-0.266357,0.983276
-0.420166,-0.112549,0.753174
0.057373,0.126587,1.005249
0.164429,-0.407959,0.838623
-0.531860,0.123291,0.767944
0.442749,-0.192139,1.013794
-0.307495,-0.192261,0.764526
-0.057007,0.205322,1.002075
0.255249,-0.433960,0.859985
-0.567993,0.095947,0.761719
0.424316,-0.174805,1.022095
-0.191650,-0.246582,0.777100
-0.159790,0.207153,0.950562
0.304932,-0.375000,0.898560
-0.578125,0.044800,0.746704
0.416504,-0.146851,1.047607
-0.085693,-0.359497,0.756104
-0.241455,0.227539,0.920410
0.360840,-0.331909,0.911743
-0.550049,0.016357,0.743652
0.330444,-0.120972,1.011963
-0.010132,-0.412109,0.764038
-0.323853,0.210938,0.869629
0.394409,-0.283325,0.929565
-0.522461,-0.037476,0.730713
0.225952,-0.039429,0.988770
0.036621,-0.435913,0.774536
-0.402832,0.159180,0.827637
0.422119,-0.252197,0.958374
-0.484863,-0.076782,0.729126
0.119141,0.068604,1.010010
0.121460,-0.432373,0.810669
-0.503906,0.138306,0.799194
0.440796,-0.217163,0.991943
-0.367310,-0.141235,0.752686
-0.006836,0.181885,1.003906
0.203125,-0.414551,0.842041
-0.561523,0.091675,0.773193
0.444092,-0.204834,1.018677
-0.230835,-0.243896,0.760498
-0.109619,0.214478,0.978027
0.292969,-0.346313,0.898560
-0.595825,0.063110,0.747314
0.407837,-0.178955,1.023438
-0.085938,-0.377808,0.771118
-0.212036,0.210938,0.921753
0.340576,-0.286987,0.921509
-0.570557,0.052124,0.738770
0.337402,-0.127930,1.002686
-0.030884,-0.407349,0.765625
-0.296753,0.147461,0.877319
0.397217,-0.274292,0.939941
-0.546631,0.021606,0.722046
0.215576,0.015991,0.999023
0.042847,-0.435425,0.781982
-0.401733,0.120483,0.830811
0.435669,-0.256470,0.976807
-0.465942,-0.060059,0.739380
0.094604,0.141602,1.005859
0.118652,-0.407471,0.801880
-0.511353,0.126465,0.798218
0.451050,-0.234741,0.995483
-0.360229,-0.138794,0.767822
0.003662,0.185547,1.004272
0.197021,-0.377563,0.852295
-0.564209,0.086304,0.759644
0.447266,-0.211304,1.025269
-0.255615,-0.244873,0.754639
-0.082520,0.191284,0.981323
0.276733,-0.354492,0.898438
-0.591431,0.094238,0.757812
0.423218,-0.163940,1.041748
-0.137939,-0.346191,0.751221
-0.178589,0.180542,0.931885
0.332275,-0.345337,0.901855
-0.575684,0.092773,0.760498
0.386963,-0.143555,1.008545
-0.056396,-0.366821,0.774048
-0.283447,0.218262,0.901367
0.376709,-0.341675,0.911377
-0.562500,0.004395,0.737793
0.300659,-0.090942,0.998291
-0.025513,-0.410034,0.761108
-0.345703,0.190796,0.860962
0.412964,-0.280762,0.936401
-0.518311,0.000732,0.748779
0.176147,0.005005,0.988647
0.042969,-0.434326,0.769653
-0.403809,0.138062,0.831177
0.419556,-0.231323,0.965210
-0.486328,-0.041138,0.718262
0.100098,0.107422,1.009521
0.132690,-0.411133,0.823242
-0.503052,0.127563,0.803223
0.441895,-0.202148,1.011963
-0.386719,-0.108154,0.735718
-0.013672,0.200073,0.991821
0.216919,-0.398682,0.854614
-0.573975,0.072021,0.759277
0.444092,-0.179443,1.035522
-0.254517,-0.197266,0.760742
-0.106689,0.235840,0.970337
0.288330,-0.366821,0.886597
-0.599854,0.074829,0.742432
0.410645,-0.179321,1.029053
-0.136719,-0.349121,0.742676
-0.171631,0.214355,0.934326
0.331909,-0.324341,0.892822
-0.607422,0.127075,0.758057
0.373413,-0.165894,0.999390
-0.060303,-0.418091,0.755493
-0.257812,0.189331,0.890137
0.384766,-0.290039,0.932861
-0.581177,0.051025,0.725586
0.296997,-0.083862,0.991943
-0.020020,-0.382690,0.776855
-0.334595,0.144287,0.845947
0.398071,-0.257202,0.951538
-0.529663,0.019287,0.714722
0.215698,0.014893,1.004761
0.029541,-0.397217,0.774658
-0.438599,0.168213,0.837158
0.439941,-0.263184,0.967041
-0.490234,-0.013794,0.743164
0.113403,0.114990,1.013184
0.115112,-0.396606,0.815552
-0.531128,0.170898,0.806763
0.446167,-0.219971,1.005615
-0.383423,-0.127319,0.745972
0.031738,0.208496,1.015503
0.164307,-0.358643,0.837891
-0.575439,0.125488,0.776367
0.451050,-0.226562,1.009888
-0.298340,-0.206055,0.748291
-0.027954,0.205322,1.000610
0.233887,-0.356812,0.873535
-0.606201,0.148926,0.766968
0.448608,-0.223633,1.011108
-0.227905,-0.291626,0.733032
-0.096680,0.179688,0.961426
0.293457,-0.344849,0.901733
-0.590698,0.123535,0.762573
0.416260,-0.152466,1.019043
-0.159546,-0.332153,0.746216
-0.179199,0.181152,0.928345
0.342407,-0.364014,0.915405
-0.585205,0.069580,0.755615
0.367798,-0.088135,1.022827
-0.093018,-0.343384,0.740479
-0.260010,0.195190,0.901123
0.370239,-0.361450,0.921509
-0.575195,0.045288,0.746460
0.330444,-0.076538,1.002563
-0.055054,-0.389893,0.737793
-0.319580,0.203857,0.858398
0.390259,-0.265869,0.944214
-0.538452,-0.049438,0.722534
0.255005,-0.052246,0.989380
-0.015869,-0.415527,0.752930
-0.384033,0.220459,0.859497
0.411011,-0.277832,0.936890
-0.522827,-0.041016,0.729004
0.177368,0.015747,1.004272
0.025879,-0.419922,0.769653
-0.440430,0.193481,0.836792
0.440674,-0.249268,0.970459
-0.484863,-0.034424,0.754272
0.086914,0.067261,0.989502
0.104614,-0.442627,0.802856
-0.504150,0.157959,0.822876
0.438843,-0.198486,0.996460
-0.400269,-0.106323,0.757202
0.000488,0.171021,1.008423
0.192383,-0.400146,0.842773
-0.566650,0.111572,0.765259
0.449219,-0.179199,1.033813
-0.273926,-0.220581,0.727661
-0.081787,0.234131,0.994507
0.262085,-0.372192,0.864990
-0.612061,0.119263,0.748901
0.436768,-0.205444,1.023193
-0.179810,-0.319824,0.741699
-0.170776,0.221924,0.947754
0.325439,-0.349854,0.893921
-0.612427,0.129639,0.757324
0.388916,-0.163696,0.998901
-0.092651,-0.365234,0.764648
-0.218140,0.154053,0.894653
0.337769,-0.292603,0.915771
-0.600586,0.096313,0.725342
0.343506,-0.112549,0.983643
-0.024780,-0.400757,0.762329
-0.323853,0.185791,0.870605
0.379272,-0.273071,0.937012
-0.560791,0.025635,0.703247
0.257080,-0.024170,0.989502
-0.000732,-0.406860,0.766846
-0.395142,0.183716,0.855713
0.427979,-0.280273,0.961548
-0.538574,-0.015991,0.715820
0.141479,0.036743,0.985352
0.058960,-0.427856,0.778931
-0.461670,0.184814,0.854980
0.440430,-0.240967,0.977783
-0.444946,-0.050171,0.762451
0.052246,0.146729,0.997925
0.121460,-0.378906,0.830933
-0.544800,0.143555,0.797119
0.446289,-0.232056,1.009155
-0.358276,-0.148926,0.750366
-0.011719,0.192139,1.011719
0.203003,-0.361328,0.851807
-0.593628,0.135986,0.764404
0.442627,-0.211426,1.011597
-0.232422,-0.262695,0.753418
-0.104248,0.184570,0.975830
0.274780,-0.358154,0.894287
-0.609985,0.103149,0.742920
0.396606,-0.132812,1.013428
-0.146484,-0.316650,0.733032
-0.208008,0.177612,0.918091
0.354980,-0.342529,0.928833
-0.606201,0.068970,0.744263
0.320923,-0.109131,1.007690
-0.057007,-0.421997,0.745728
-0.326660,0.188721,0.880859
0.389038,-0.301514,0.935913
-0.566284,0.012573,0.712036
0.219116,0.010254,1.000610
0.013794,-0.406738,0.775391
-0.447754,0.186890,0.847534
0.424316,-0.266235,0.974487
-0.470825,-0.074585,0.746582
0.071777,0.132935,1.006714
0.113892,-0.388794,0.818726
-0.528931,0.159302,0.821533
0.439087,-0.219116,1.010864
-0.343750,-0.169312,0.734131
-0.034790,0.203979,0.989258
0.209229,-0.371582,0.853027
-0.587036,0.115112,0.770752
0.438110,-0.188599,1.030518
-0.199829,-0.311890,0.744141
-0.158081,0.202637,0.931152
0.287476,-0.328735,0.886353
-0.600708,0.083740,0.741699
0.398804,-0.159180,1.026245
-0.114868,-0.378906,0.739990
-0.244507,0.179688,0.887451
0.341553,-0.307861,0.905640
-0.592041,0.082275,0.732422
0.319946,-0.093506,1.007812
-0.043701,-0.412231,0.755981
-0.348877,0.175293,0.861694
0.382080,-0.270752,0.937988
-0.554443,0.004272,0.710938
0.204956,0.002319,0.989380
0.013550,-0.417603,0.772461
-0.446167,0.187988,0.840576
0.410034,-0.249268,0.966431
-0.490967,-0.075317,0.722656
0.101685,0.092163,1.007935
0.083618,-0.398438,0.809448
-0.509888,0.182373,0.828857
0.423706,-0.190796,0.999268
-0.395142,-0.133545,0.744263
0.015381,0.133301,1.003662
0.173218,-0.422241,0.825928
-0.563110,0.150391,0.795166
0.437622,-0.166870,1.023682
-0.301636,-0.196167,0.733154
-0.088989,0.208130,0.979248
0.264404,-0.396851,0.877563
-0.583252,0.075439,0.769043
0.415161,-0.152222,1.027588
-0.220703,-0.264404,0.733521
-0.173706,0.215698,0.944824
0.320557,-0.355469,0.899048
-0.614014,0.065674,0.731201
0.378296,-0.152100,1.020874
-0.135620,-0.378418,0.728882
-0.249390,0.196289,0.906250
0.365479,-0.329346,0.914307
-0.604126,0.114014,0.748901
0.314331,-0.114624,0.994019
-0.047607,-0.426147,0.744507
-0.335938,0.171753,0.865601
0.378174,-0.272461,0.938232
-0.578491,0.050903,0.706787
0.226440,-0.045044,0.985840
-0.004639,-0.412842,0.786865
-0.427002,0.162598,0.848633
0.406738,-0.263672,0.956421
-0.511475,-0.019165,0.711304
0.118652,0.097534,1.015137
0.056885,-0.378784,0.810425
-0.520264,0.153320,0.828735
0.441772,-0.249878,1.002441
-0.406372,-0.099243,0.741943
0.031250,0.209106,1.015747
0.119995,-0.346680,0.809082
-0.570190,0.128540,0.781372
0.447510,-0.269775,0.997803
-0.287354,-0.247559,0.751831
-0.037842,0.177612,0.991699
0.198608,-0.351929,0.844238
-0.611938,0.136475,0.744507
0.434570,-0.242920,0.992798
-0.203613,-0.322876,0.736938
-0.130615,0.192261,0.962646
0.274292,-0.348389,0.883423
-0.605347,0.102295,0.757568
0.390137,-0.145264,1.017944
-0.147949,-0.341675,0.729980
-0.240112,0.195679,0.919312
0.342285,-0.350220,0.902100
-0.579956,0.012939,0.734863
0.321045,-0.095459,1.027344
-0.115234,-0.399170,0.714233
-0.336792,0.213257,0.891357
0.385132,-0.314941,0.931396
-0.577881,0.014038,0.710327
0.216797,-0.024048,0.992920
-0.021606,-0.414551,0.765991
-0.414795,0.182251,0.854858
0.405029,-0.259033,0.966797
-0.524292,-0.034302,0.726685
0.119995,0.065186,1.013428
0.058350,-0.392456,0.807739
-0.518188,0.176636,0.823608
0.437866,-0.229492,1.012207
-0.401001,-0.139526,0.747559
0.021362,0.175537,1.015747
0.155518,-0.394165,0.827148
-0.593018,0.142334,0.772217
0.427612,-0.206787,1.012085
-0.273071,-0.275391,0.733276
-0.075439,0.188477,0.992065
0.230835,-0.379761,0.863159
-0.629761,0.108398,0.736084
0.420532,-0.185913,1.022705
-0.178345,-0.344849,0.715332
-0.179443,0.214111,0.946167
0.295532,-0.326782,0.887939
-0.614868,0.062134,0.732178
0.382935,-0.178467,1.009277
-0.127319,-0.401367,0.715332
-0.290039,0.188232,0.904297
0.359985,-0.323608,0.916382
-0.579712,0.050415,0.728027
0.295410,-0.078125,1.004150
-0.075928,-0.373047,0.748047
-0.380493,0.175659,0.854736
0.401855,-0.311279,0.946777
-0.566406,-0.028687,0.704834
0.175049,0.029663,1.004150
0.017456,-0.412842,0.781494
-0.469116,0.203857,0.860229
0.398193,-0.254028,0.970703
-0.494873,-0.092529,0.708740
0.073730,0.104248,1.007324
0.110229,-0.408325,0.818848
-0.541992,0.181519,0.835205
0.421143,-0.217285,0.999878
-0.364502,-0.189453,0.732788
-0.027344,0.185425,1.006470
0.190796,-0.398315,0.844971
-0.593140,0.115356,0.770996
0.415283,-0.180420,1.027344
-0.242920,-0.316650,0.699829
-0.118774,0.177856,0.976196
0.280396,-0.367310,0.886597
-0.624146,0.102417,0.744263
0.378906,-0.138550,1.028076
-0.173218,-0.381470,0.705078
-0.234009,0.187988,0.933105
0.339233,-0.366211,0.897949
-0.597778,0.053223,0.735107
0.313965,-0.093750,1.009033
-0.088989,-0.380981,0.729370
-0.359131,0.217773,0.880005
0.384155,-0.339111,0.935181
-0.555908,-0.051514,0.705200
0.219727,-0.038696,1.004761
-0.036865,-0.414429,0.756958
-0.452759,0.219360,0.850464
0.408447,-0.271729,0.971680
-0.508301,-0.065063,0.723999
0.101685,0.055054,1.009033
0.069946,-0.421143,0.799683
-0.531250,0.175415,0.828979
0.416992,-0.210815,0.998169
-0.391724,-0.154419,0.735107
-0.119141,0.155029,0.987915
0.292358,-0.397339,0.898315
-0.586426,0.040771,0.760010
0.386475,-0.158203,1.042358
-0.203003,-0.337280,0.717529
-0.232544,0.171997,0.959717
0.357666,-0.356323,0.939575
-0.582275,-0.006104,0.754883
0.334717,-0.128296,1.051147
-0.136475,-0.375244,0.739746
-0.351440,0.169800,0.890747
0.387817,-0.315186,0.963135
-0.528809,-0.040039,0.733398
0.220459,-0.044800,1.032349
-0.015991,-0.395386,0.798462
-0.465698,0.191650,0.869507
0.418091,-0.283936,0.999268
-0.473999,-0.125610,0.728638
0.090332,0.079468,1.027466
0.095947,-0.408203,0.829712
-0.532593,0.142944,0.832642
0.441650,-0.251221,1.017212
-0.363403,-0.216064,0.747314
-0.020142,0.114258,1.016846
0.208618,-0.407593,0.866211
-0.562012,0.070801,0.776367
0.419678,-0.203369,1.045532
-0.245117,-0.326416,0.730591
-0.121460,0.126465,0.981812
0.290649,-0.408203,0.890503
-0.572510,0.052490,0.754028
0.383911,-0.154785,1.044678
-0.198975,-0.307251,0.733032
-0.244019,0.154663,0.951782
0.349487,-0.358521,0.956543
-0.564087,-0.015137,0.750610
0.327881,-0.111450,1.042114
-0.124878,-0.350830,0.745483
-0.358521,0.187378,0.901489
0.388428,-0.326050,0.970703
-0.524658,-0.103271,0.718994
0.243896,-0.050537,1.048340
-0.032349,-0.384277,0.792114
-0.454346,0.204224,0.882080
0.422241,-0.291504,1.001831
-0.496094,-0.151489,0.713257
0.138794,0.007690,1.031494
0.090698,-0.406616,0.840576
-0.514771,0.184692,0.857544
0.440063,-0.255981,1.019409
-0.409790,-0.203125,0.735596
0.021362,0.083740,1.029175
0.195923,-0.439209,0.856934
-0.552856,0.114990,0.807373
0.432617,-0.208130,1.029663
-0.278809,-0.253784,0.745361
-0.090088,0.128906,0.987305
0.262939,-0.403564,0.891235
-0.566772,0.024780,0.769653
0.426270,-0.179565,1.060425
-0.199951,-0.306885,0.736450
-0.222290,0.180054,0.967285
0.342529,-0.371216,0.929443
-0.570312,-0.038086,0.735962
0.351685,-0.136719,1.054565
-0.122192,-0.331543,0.766235
-0.323486,0.196045,0.930542
0.394409,-0.328369,0.983276
-0.542114,-0.077637,0.729736
0.247070,-0.080444,1.050537
-0.020508,-0.390015,0.802612
-0.447266,0.186157,0.880493
0.434814,-0.277100,1.015259
-0.476440,-0.136353,0.728760
0.094971,0.070190,1.026611
0.116577,-0.393677,0.839600
-0.535522,0.133057,0.831543
0.448853,-0.252075,1.030151
-0.321289,-0.269043,0.733765
-0.028564,0.152466,1.023071
0.221436,-0.398804,0.868530
-0.561646,0.046631,0.772095
0.442139,-0.219604,1.045166
-0.227173,-0.355713,0.711914
-0.117920,0.140747,0.986206
0.299805,-0.369751,0.903198
-0.576050,0.034790,0.756104
0.422241,-0.193237,1.065430
-0.175293,-0.360474,0.746338
-0.261475,0.149292,0.934326
0.356567,-0.352417,0.951294
-0.553711,-0.010864,0.745972
0.346558,-0.126709,1.061401
-0.110962,-0.335083,0.782959
-0.342285,0.159790,0.902588
0.400513,-0.334351,0.990234
-0.529785,-0.055664,0.719238
0.259644,-0.029785,1.060791
-0.018677,-0.361450,0.808228
-0.426636,0.176514,0.896240
0.428589,-0.321777,0.995728
-0.490723,-0.118774,0.734741
0.157104,0.019165,1.043579
0.077393,-0.390381,0.836182
-0.478760,0.137329,0.860718
0.451782,-0.274292,1.033813
-0.416138,-0.169189,0.736450
0.049561,0.102051,1.037598
0.176392,-0.390015,0.872925
-0.537354,0.095459,0.818237
0.450439,-0.248047,1.040894
-0.292358,-0.289307,0.734253
-0.050293,0.144775,1.008179
0.251099,-0.369995,0.895630
-0.558716,0.050049,0.783936
0.429565,-0.223389,1.052490
-0.216064,-0.375122,0.732422
-0.148560,0.126709,0.978149
0.306885,-0.341675,0.927856
-0.554688,0.020752,0.758057
0.397949,-0.179321,1.069336
-0.160522,-0.373291,0.746826
-0.242798,0.170044,0.978271
0.359253,-0.328735,0.957764
-0.571777,-0.006836,0.744019
0.328613,-0.136963,1.057495
-0.088013,-0.358154,0.802856
-0.343384,0.155640,0.905518
0.418579,-0.297119,1.005737
-0.519043,-0.076782,0.716797
0.215088,-0.007935,1.057983
0.019775,-0.387207,0.837402
-0.436157,0.144043,0.884399
0.447266,-0.278931,1.036865
-0.474731,-0.104736,0.730835
0.106689,0.112183,1.053345
0.129395,-0.380737,0.868408
-0.484253,0.103516,0.863281
0.458252,-0.255127,1.045044
-0.370972,-0.202393,0.753052
0.014282,0.160522,1.038696
0.201782,-0.398315,0.873413
-0.519653,0.047729,0.799683
0.462402,-0.233765,1.057617
-0.265625,-0.273438,0.753174
-0.060303,0.147095,1.014648
0.258545,-0.379028,0.891602
-0.542969,0.028442,0.779785
0.457642,-0.220337,1.074463
-0.200195,-0.346069,0.737305
-0.161133,0.182617,0.986938
0.318726,-0.357666,0.917603
-0.551758,0.004028,0.764160
0.428467,-0.200195,1.082153
-0.162109,-0.363281,0.748169
-0.258789,0.176880,0.963379
0.373901,-0.333740,0.962524
-0.537842,-0.042236,0.758301
0.346802,-0.128906,1.075562
-0.093262,-0.363892,0.777222
-0.326782,0.186890,0.931030
0.412231,-0.311646,0.984863
-0.518433,-0.037231,0.762939
0.254395,-0.071411,1.061523
0.017334,-0.418701,0.828613
-0.413818,0.166382,0.880249
0.427368,-0.234863,1.028198
-0.468384,-0.117554,0.738525
0.141602,0.038574,1.054810
0.125244,-0.441895,0.861084
-0.480103,0.104614,0.856445
0.453003,-0.237061,1.042603
-0.372314,-0.182617,0.761108
0.021240,0.137695,1.051880
0.211792,-0.386230,0.888916
-0.524658,0.031128,0.801758
0.456543,-0.247437,1.061279
-0.237793,-0.341064,0.746582
-0.081665,0.152344,1.004150
0.262451,-0.350586,0.888062
-0.542603,0.031006,0.775635
0.446289,-0.241577,1.060791
-0.162476,-0.385498,0.747070
-0.169067,0.166260,0.988281
0.329712,-0.342041,0.923828
-0.572998,0.038574,0.754761
0.372070,-0.176758,1.063354
-0.095947,-0.375977,0.792480
-0.290161,0.186768,0.967285
0.394531,-0.323242,0.992920
-0.531006,-0.026855,0.743530
0.272095,-0.061035,1.067017
-0.026733,-0.368652,0.826538
-0.369629,0.147339,0.919312
0.443848,-0.300049,1.026489
-0.468140,-0.077881,0.750732
0.169678,0.061890,1.082642
0.066895,-0.367554,0.846191
-0.446533,0.104858,0.876465
0.478149,-0.306396,1.041504
-0.439209,-0.155396,0.757080
0.080933,0.092896,1.056396
0.182129,-0.385376,0.880615
-0.509766,0.114136,0.836060
0.466431,-0.243042,1.062256
-0.302612,-0.269531,0.769287
-0.018188,0.101929,1.024292
0.247070,-0.404907,0.888428
-0.528564,0.070435,0.805908
0.461182,-0.210449,1.063477
-0.214355,-0.309692,0.765991
-0.129150,0.152466,0.999878
0.321289,-0.385620,0.930542
-0.536377,0.004761,0.772949
0.424316,-0.172852,1.081543
-0.164307,-0.360596,0.749634
-0.242310,0.191650,0.983154
0.379639,-0.342163,0.973999
-0.536377,-0.044922,0.752930
0.360474,-0.126587,1.089111
-0.093994,-0.351196,0.789551
-0.300049,0.166016,0.933716
0.409180,-0.288696,1.010498
-0.511841,-0.092896,0.740112
0.284058,-0.067261,1.079712
-0.005493,-0.390259,0.823364
-0.391113,0.170166,0.907349
0.443970,-0.280762,1.034546
-0.459106,-0.132935,0.747314
0.163574,0.018433,1.064209
0.105347,-0.430054,0.860474
-0.464600,0.131958,0.870972
0.469238,-0.229980,1.060181
-0.402710,-0.203003,0.740479
0.050049,0.115356,1.046631
0.206177,-0.453491,0.875854
-0.494873,0.066650,0.834473
0.482910,-0.226074,1.087036
-0.275513,-0.273804,0.757812
-0.044434,0.147949,1.035645
0.257202,-0.388184,0.889038
-0.517212,0.036133,0.809814
0.466309,-0.226196,1.078979
-0.197144,-0.332642,0.769165
-0.106323,0.124634,0.993896
0.312134,-0.378052,0.917480
-0.552246,0.037598,0.761963
0.429321,-0.197388,1.080322
-0.140503,-0.353516,0.791870
-0.203613,0.154175,0.991577
0.362183,-0.318481,0.973267
-0.558472,0.004028,0.750122
0.370605,-0.126221,1.085938
-0.084351,-0.363037,0.804688
-0.301270,0.167236,0.962646
0.416992,-0.320435,1.006470
-0.528320,-0.016479,0.761475
0.269043,-0.044312,1.075073
0.013306,-0.395874,0.835083
-0.371094,0.149170,0.922119
0.448975,-0.291382,1.041382
-0.466064,-0.110840,0.742310
0.177368,0.044678,1.070312
0.092773,-0.388428,0.862183
-0.451538,0.134521,0.881592
0.484009,-0.276001,1.060669
-0.410156,-0.195068,0.748169
0.082642,0.073486,1.050049
0.169678,-0.377930,0.884766
-0.497437,0.083984,0.839844
0.494507,-0.265259,1.076294
-0.292847,-0.281860,0.770386
-0.014893,0.112061,1.029663
0.254028,-0.379395,0.897827
-0.523682,0.062256,0.802002
0.474609,-0.238892,1.072388
-0.200806,-0.319580,0.782593
-0.101196,0.115601,0.992188
0.318115,-0.367798,0.931274
-0.541504,0.044556,0.781372
0.431885,-0.174683,1.081909
-0.144165,-0.339600,0.780640
-0.205322,0.153198,0.984985
0.364502,-0.354858,0.971313
-0.515259,-0.065186,0.766479
0.380859,-0.121826,1.103516
-0.127686,-0.327881,0.782227
-0.301147,0.197144,0.952026
0.436279,-0.343872,1.006104
-0.505005,-0.072876,0.753784
0.309814,-0.083252,1.096802
-0.032227,-0.351318,0.824829
-0.385376,0.182495,0.899902
0.461426,-0.284546,1.034424
-0.456299,-0.149170,0.750244
0.188965,-0.021973,1.068848
0.094727,-0.432495,0.853394
-0.448730,0.153931,0.860474
0.479980,-0.240234,1.055542
-0.401123,-0.147095,0.778687
0.066772,0.092529,1.047729
0.206909,-0.441772,0.890381
-0.490479,0.061890,0.831665
0.453979,-0.207397,1.070557
-0.264160,-0.293579,0.767578
-0.031128,0.116333,1.031006
0.274658,-0.379028,0.916748
-0.542114,0.036499,0.786743
0.465088,-0.231567,1.076660
-0.169678,-0.356079,0.782471
-0.148804,0.142578,0.992065
0.338623,-0.338013,0.954590
-0.546509,0.006348,0.759277
0.417969,-0.170776,1.091797
-0.106689,-0.372314,0.791870
-0.251465,0.182495,0.984253
0.386230,-0.301270,0.988770
-0.532227,-0.027710,0.757446
0.333008,-0.095947,1.089844
-0.025269,-0.385010,0.829102
-0.357544,0.180054,0.933472
0.449951,-0.310059,1.022461
-0.471191,-0.065674,0.751831
0.213867,0.025635,1.089600
0.058228,-0.372681,0.862061
-0.432495,0.124268,0.901733
0.476440,-0.313354,1.046387
-0.424683,-0.178955,0.742798
0.118408,0.142456,1.082886
0.136719,-0.357056,0.869263
-0.470825,0.117188,0.861816
0.485352,-0.295288,1.044678
-0.352295,-0.242065,0.771973
0.040283,0.112305,1.047729
0.225586,-0.391968,0.891357
-0.492065,0.059692,0.814453
0.469360,-0.201538,1.067017
-0.251221,-0.289795,0.776001
-0.045166,0.095703,1.014282
0.288818,-0.399536,0.926270
-0.512451,0.026978,0.800903
0.451416,-0.156006,1.091675
-0.203247,-0.314697,0.746582
-0.141846,0.149292,0.998047
0.361694,-0.372925,0.965820
-0.525391,-0.047607,0.764160
0.404297,-0.146118,1.105469
-0.164673,-0.326782,0.752319
-0.227417,0.188843,0.993530
0.405640,-0.314087,1.006714
-0.516846,-0.066528,0.761475
0.360962,-0.104004,1.109619
-0.090332,-0.360718,0.785889
-0.313232,0.182739,0.951904
0.456177,-0.352905,1.015503
-0.482910,-0.115723,0.755615
0.270020,-0.044067,1.096802
-0.000122,-0.353149,0.822998
-0.382324,0.163208,0.896973
0.471680,-0.271606,1.046387
-0.438965,-0.151123,0.761719
0.161621,0.018677,1.065796
0.118042,-0.424194,0.868164
-0.454102,0.109131,0.862671
0.476685,-0.240601,1.071045
-0.374512,-0.225342,0.754028
0.052002,0.123535,1.071899
0.228638,-0.411621,0.895386
-0.506836,0.064453,0.819336
0.469849,-0.197266,1.086060
-0.250488,-0.276611,0.771606
-0.058472,0.132324,1.027710
0.313110,-0.416626,0.920654
-0.533325,0.025635,0.792603
0.457520,-0.178467,1.106079
-0.151855,-0.299805,0.781006
-0.187012,0.173828,0.997559
0.378662,-0.358032,0.977661
-0.539429,-0.019043,0.771606
0.380981,-0.128784,1.095947
-0.102417,-0.347900,0.807251
-0.289673,0.174561,0.957642
0.423584,-0.321167,1.009521
-0.509155,-0.025146,0.765015
0.303711,-0.070190,1.085815
-0.010864,-0.370239,0.827515
-0.377197,0.153198,0.917358
0.456665,-0.304199,1.036255
-0.465820,-0.120605,0.743774
0.194702,0.033447,1.082031
0.096069,-0.374268,0.865967
-0.451416,0.140869,0.876587
0.488892,-0.285400,1.055786
-0.387085,-0.200806,0.759644
0.083618,0.107544,1.067139
0.168701,-0.392822,0.874390
-0.478516,0.063965,0.827271
0.486938,-0.235107,1.082764
-0.278809,-0.266479,0.772583
-0.017700,0.153564,1.044434
0.253540,-0.377808,0.893799
-0.507568,0.044922,0.813110
0.467651,-0.236206,1.074463
-0.217773,-0.356201,0.761353
-0.089966,0.113892,0.989624
0.317993,-0.372925,0.932983
-0.531006,0.027222,0.764038
0.427612,-0.177124,1.088379
-0.160400,-0.371338,0.759277
-0.168701,0.138916,0.997314
0.363159,-0.335449,0.957275
-0.546021,0.003296,0.758545
0.379883,-0.149170,1.091797
-0.117676,-0.384644,0.790039
-0.253296,0.160522,0.989746
0.430908,-0.346436,1.003540
-0.544678,0.009033,0.755493
0.309937,-0.062744,1.086914
-0.037842,-0.365723,0.826660
-0.326782,0.118286,0.933960
0.441528,-0.300415,1.030884
-0.483398,-0.070435,0.738647
0.227905,0.025269,1.087280
0.054932,-0.374878,0.841431
-0.404907,0.137695,0.907471
0.460205,-0.295410,1.037720
-0.437256,-0.148193,0.755371
0.121582,0.076904,1.057739
0.142456,-0.387573,0.878784
-0.466919,0.096436,0.854492
0.483276,-0.250122,1.070068
-0.326172,-0.220459,0.781128
0.017700,0.148315,1.052856
0.225708,-0.400391,0.888916
-0.501099,0.034912,0.830200
0.472290,-0.243286,1.079712
-0.239502,-0.299805,0.765869
-0.051514,0.148438,1.025146
0.270996,-0.346558,0.910034
-0.528442,0.024780,0.782959
0.462646,-0.215454,1.103760
-0.161377,-0.409912,0.744263
-0.165283,0.174072,1.005737
0.331055,-0.328003,0.945679
-0.558594,0.022827,0.760376
0.419678,-0.192749,1.084106
-0.099121,-0.392090,0.795654
-0.261230,0.177124,0.966675
0.383301,-0.305054,0.989990
-0.524048,-0.022705,0.757812
0.334717,-0.105591,1.088257
-0.032227,-0.382568,0.822266
-0.339478,0.179688,0.939331
0.424438,-0.300049,1.008057
-0.484131,-0.054199,0.756470
0.235352,0.006958,1.078247
0.046875,-0.369263,0.851196
-0.428589,0.132690,0.904297
0.468994,-0.300537,1.040405
-0.443604,-0.144775,0.732666
0.136597,0.121582,1.092041
0.127930,-0.381104,0.862915
-0.454834,0.091187,0.869873
0.479248,-0.277710,1.064575
-0.385010,-0.219482,0.761963
0.057129,0.085938,1.050537
0.204468,-0.408325,0.876709
-0.507690,0.115601,0.832764
0.466064,-0.211670,1.057983
-0.253174,-0.267822,0.788086
-0.027710,0.122803,1.039795
0.261230,-0.397949,0.906982
-0.522949,0.044556,0.791992
0.452393,-0.205933,1.074707
-0.205322,-0.321289,0.751587
-0.131470,0.135620,0.994751
0.340210,-0.389526,0.936157
-0.537109,0.008789,0.782593
0.408203,-0.147095,1.088745
-0.152710,-0.327026,0.770386
-0.223877,0.179321,0.987549
0.388428,-0.338013,0.972412
0.344238,-0.136963,1.080566
0.403442,-0.303101,1.002319
0.008789,-0.384888,0.837402
-0.394165,0.185181,0.919434
0.431763,-0.295044,1.013306
-0.467407,-0.151001,0.735229
0.203735,-0.021851,1.070190
0.095337,-0.384399,0.866333
-0.456787,0.171875,0.889893
0.458374,-0.270020,1.037231
-0.448486,-0.177612,0.733154
0.108521,0.052124,1.055542
0.175537,-0.409424,0.887207
-0.493164,0.130127,0.856567
0.456177,-0.221924,1.064819
-0.354492,-0.231812,0.761353
0.030273,0.076416,1.037964
0.213989,-0.408447,0.885498
-0.518188,0.070312,0.811157
0.487671,-0.220093,1.082886
-0.260132,-0.296997,0.759277
-0.061157,0.165161,1.029175
0.269653,-0.385132,0.897461
-0.535400,0.038208,0.794189
0.475220,-0.255127,1.067871
-0.197021,-0.364380,0.750732
-0.139648,0.169922,0.988770
0.315796,-0.344482,0.923462
-0.535767,0.014648,0.770996
0.426270,-0.202026,1.074829
-0.158813,-0.379272,0.767456
-0.208130,0.144409,0.971558
0.352417,-0.343872,0.952637
-0.546387,-0.009155,0.753540
0.393433,-0.143555,1.089844
-0.109985,-0.340942,0.785889
-0.284912,0.196167,0.961914
0.386353,-0.323730,0.984497
-0.538696,-0.046631,0.753540
0.329956,-0.097168,1.090698
-0.071411,-0.370117,0.806030
-0.331299,0.169800,0.933594
0.437256,-0.320190,1.003418
-0.520142,-0.050171,0.753540
0.257812,-0.038696,1.081299
-0.008301,-0.398315,0.815186
-0.393799,0.169189,0.909546
0.453491,-0.323120,1.015259
-0.478882,-0.088135,0.754883
0.184326,0.019653,1.066528
0.062988,-0.388794,0.848389
-0.454834,0.156494,0.870972
0.465698,-0.266968,1.039307
-0.411987,-0.186401,0.767090
0.093262,0.081665,1.042358
0.146240,-0.407227,0.858032
-0.495361,0.104736,0.834351
0.470825,-0.257202,1.052368
-0.319946,-0.248535,0.763062
0.016235,0.138550,1.049072
0.216919,-0.381958,0.872803
-0.530762,0.042236,0.797363
0.461670,-0.260986,1.050659
-0.233887,-0.337524,0.742920
-0.065063,0.166016,1.026001
0.262329,-0.359619,0.881470
-0.568726,0.053101,0.765625
0.457886,-0.277954,1.045288
-0.166016,-0.375732,0.761841
-0.146362,0.135254,0.989502
0.308472,-0.366211,0.901855
-0.577881,0.051392,0.743896
0.409424,-0.199463,1.059570
-0.120605,-0.355103,0.800171
-0.245483,0.149780,0.968384
0.376465,-0.339966,0.961182
-0.560791,0.022949,0.746094
0.325195,-0.106567,1.070557
-0.067261,-0.365479,0.802856
-0.326294,0.169189,0.941162
0.414429,-0.317993,0.998413
-0.519043,-0.046021,0.753540
0.261841,-0.061768,1.063110
-0.020508,-0.360352,0.827271
-0.404785,0.160034,0.908203
0.446777,-0.305054,1.020630
-0.464844,-0.104736,0.734619
0.176392,0.022827,1.052368
0.078369,-0.378296,0.850952
-0.479370,0.160767,0.865479
0.464966,-0.292358,1.026001
-0.434937,-0.166504,0.741943
0.085938,0.077637,1.050049
0.156006,-0.388428,0.868408
-0.504395,0.132202,0.849976
0.466064,-0.253296,1.045044
-0.332397,-0.267578,0.765991
-0.013794,0.088501,1.016846
0.232300,-0.408325,0.884399
-0.528198,0.070557,0.806519
0.452759,-0.183350,1.068359
-0.237793,-0.265747,0.763672
-0.108887,0.129395,0.998047
0.293579,-0.407227,0.920288
-0.560791,0.000244,0.767944
0.421387,-0.164429,1.079468
-0.180786,-0.331421,0.741821
-0.208130,0.160645,0.985596
0.358154,-0.336792,0.955566
-0.580933,0.010010,0.760132
0.354614,-0.162231,1.051392
-0.092163,-0.382812,0.781372
-0.305786,0.167725,0.935303
0.390747,-0.295654,0.987549
-0.541626,-0.046143,0.721436
0.267822,-0.082764,1.044434
-0.009521,-0.394531,0.818237
-0.395996,0.161377,0.899536
0.438232,-0.289673,1.019897
-0.494995,-0.084717,0.725952
0.157349,0.051147,1.045288
0.072144,-0.386108,0.851074
-0.447266,0.106079,0.866089
0.451050,-0.287964,1.032349
-0.454468,-0.145874,0.725220
0.072021,0.125244,1.040283
0.155762,-0.384644,0.878174
-0.507202,0.081787,0.837280
0.460571,-0.252808,1.052734
-0.355225,-0.223022,0.745605
-0.020264,0.149658,1.025146
0.238403,-0.408936,0.884155
-0.532837,0.050903,0.799438
0.445435,-0.213379,1.066162
-0.259644,-0.313721,0.727905
-0.085571,0.139282,1.002441
0.294678,-0.395752,0.904907
-0.555176,0.048340,0.776367
0.431519,-0.190796,1.067993
-0.212769,-0.326050,0.738159
-0.198608,0.167969,0.982422
0.347412,-0.384888,0.935181
-0.557373,0.000977,0.758179
0.402222,-0.156982,1.081665
-0.138550,-0.353394,0.755005
-0.299561,0.187866,0.931152
0.368408,-0.326538,0.955933
-0.543701,-0.061035,0.755005
0.328735,-0.122925,1.070557
-0.085571,-0.360962,0.792603
-0.372437,0.182617,0.893799
0.418091,-0.319214,0.991699
-0.515259,-0.060181,0.747070
0.220703,-0.040039,1.057007
0.017700,-0.394653,0.821533
-0.439819,0.176636,0.884277
0.441772,-0.282715,1.014648
-0.480103,-0.128174,0.731079
0.093872,0.069580,1.037476
0.122437,-0.421875,0.854736
-0.498291,0.118408,0.843018
0.438599,-0.243896,1.032227
-0.371216,-0.214233,0.748413
-0.002319,0.118652,1.019531
0.191406,-0.408813,0.866577
-0.529785,0.065186,0.810425
0.456421,-0.217896,1.064209
-0.286499,-0.267456,0.745605
-0.080200,0.132080,0.995361
0.269287,-0.376465,0.895752
-0.560059,0.028198,0.766602
0.425049,-0.218262,1.047607
-0.202393,-0.380127,0.720947
-0.191528,0.170776,0.976929
0.335693,-0.363281,0.915161
-0.561401,0.023071,0.760132
0.352051,-0.172119,1.041748
-0.151733,-0.390625,0.754395
-0.277832,0.135254,0.930298
0.377930,-0.324707,0.962646
-0.567261,0.000488,0.744629
0.287476,-0.102661,1.054321
-0.065552,-0.362061,0.796875
-0.391602,0.169922,0.895874
0.414551,-0.312744,0.995728
-0.503784,-0.096069,0.730835
0.182251,0.007812,1.051270
0.042358,-0.381836,0.820923
-0.489990,0.181152,0.861938
0.453003,-0.299561,1.014038
-0.441040,-0.169800,0.740845
0.062988,0.071289,1.033325
0.153320,-0.400146,0.854858
-0.498413,0.012939,0.798828
0.489990,-0.186646,1.122192
-0.314941,-0.253540,0.750244
-0.126343,0.154785,1.025391
0.359985,-0.352783,0.962524
-0.508179,-0.039917,0.783569
0.435791,-0.155518,1.114624
-0.098999,-0.341919,0.808105
-0.262085,0.190308,0.984375
0.413452,-0.309692,1.015015
-0.501465,-0.074463,0.755371
0.374268,-0.127808,1.126831
-0.007935,-0.365356,0.848755
-0.338867,0.183960,0.933228
0.447021,-0.274292,1.032593
-0.452515,-0.084717,0.762207
0.243408,-0.032104,1.090698
0.107788,-0.380371,0.892456
-0.426270,0.130859,0.886475
0.491211,-0.240967,1.081909
-0.399170,-0.182983,0.756348
0.103760,0.082764,1.075073
0.215576,-0.405029,0.911865
-0.480957,0.057983,0.826538
0.490723,-0.220215,1.093384
-0.228394,-0.315063,0.778809
-0.036743,0.155884,1.036987
0.279175,-0.368774,0.912964
-0.515991,0.013916,0.795532
0.478638,-0.245972,1.089478
-0.146484,-0.375000,0.790039
-0.131348,0.160400,1.011719
0.339600,-0.332764,0.956421
-0.534302,0.000122,0.771606
0.435059,-0.184204,1.101074
-0.096680,-0.375854,0.791870
-0.233398,0.177856,0.981689
0.408325,-0.296753,1.009644
-0.532471,-0.011475,0.747070
0.336426,-0.109863,1.093262
-0.027588,-0.388672,0.845581
-0.335815,0.153076,0.955811
0.457275,-0.317993,1.032227
-0.453857,-0.077881,0.757446
0.221558,0.062134,1.101685
0.054932,-0.352539,0.860107
-0.397095,0.111328,0.905640
0.479126,-0.302856,1.061279
-0.420898,-0.202393,0.748047
0.132690,0.126099,1.081787
0.147217,-0.342529,0.881104
-0.470825,0.099243,0.849487
0.495483,-0.297607,1.061279
-0.364624,-0.267456,0.752808
0.059326,0.070068,1.050659
0.237671,-0.396484,0.905273
-0.508057,0.090332,0.819458
0.468872,-0.182861,1.093262
-0.226440,-0.305054,0.774536
-0.030029,0.097290,1.027344
0.293091,-0.413574,0.917725
-0.533813,0.052734,0.795776
0.470581,-0.170288,1.097656
-0.167969,-0.298706,0.780273
-0.154541,0.161377,1.000000
0.355957,-0.373779,0.963501
-0.520996,-0.022461,0.779541
0.409058,-0.145508,1.100220
-0.138306,-0.338623,0.773315
-0.247070,0.174438,0.977905
0.409424,-0.319214,1.004150
-0.515747,-0.059448,0.768677
0.352295,-0.114258,1.106201
-0.055176,-0.366455,0.809937
-0.326904,0.180420,0.926147
0.439575,-0.295044,1.024292
-0.473145,-0.109863,0.755615
0.239624,-0.036743,1.085205
0.042236,-0.403198,0.834473
-0.392822,0.141357,0.892944
0.462036,-0.252930,1.050293
-0.441040,-0.114014,0.758545
0.131348,0.059937,1.065430
0.149170,-0.373169,0.893677
-0.483398,0.063599,0.829224
0.489258,-0.277710,1.068848
-0.335327,-0.243774,0.759277
0.031128,0.175415,1.082031
0.228760,-0.325684,0.901978
-0.540161,0.077759,0.812744
0.464600,-0.279541,1.058472
-0.219360,-0.389771,0.757202
-0.039185,0.101318,1.014038
0.283813,-0.335815,0.915527
-0.563354,0.103271,0.773071
0.435059,-0.170044,1.080200
-0.162354,-0.350586,0.787476
-0.162231,0.087769,0.983276
0.356201,-0.357910,0.945923
-0.544067,0.081055,0.763306
0.370117,-0.087646,1.073120
-0.116455,-0.317871,0.813965
-0.275635,0.153687,0.964355
0.395142,-0.355713,0.986816
-0.521362,-0.046021,0.745239
0.334229,-0.057495,1.111694
-0.073608,-0.338379,0.799316
-0.346436,0.183350,0.933960
0.428711,-0.324829,1.007812
-0.498779,-0.095825,0.748535
0.254150,-0.050903,1.073608
0.028809,-0.381348,0.838989
-0.429932,0.182373,0.891724
0.457397,-0.281616,1.030396
-0.462158,-0.140869,0.755249
0.145996,0.024902,1.057495
0.127686,-0.424194,0.866821
-0.488647,0.130981,0.851929
0.462402,-0.236938,1.057007
-0.362549,-0.214600,0.752075
0.038086,0.107056,1.049805
0.193237,-0.408081,0.872314
-0.517334,0.050049,0.810181
0.476074,-0.238037,1.069824
-0.257080,-0.283936,0.767090
-0.048584,0.139404,1.018433
0.248657,-0.365601,0.889648
-0.552246,0.033325,0.769775
0.454224,-0.252563,1.061523
-0.183472,-0.375854,0.751587
-0.137085,0.136475,0.988525
0.304565,-0.354736,0.911987
-0.562134,0.032593,0.762329
0.413086,-0.192627,1.073364
-0.153076,-0.393066,0.742065
-0.247437,0.178223,0.969849
0.372559,-0.365967,0.942383
-0.543213,-0.008545,0.769653
0.350464,-0.128906,1.068237
-0.104004,-0.343628,0.790283
-0.314819,0.166748,0.925903
0.409912,-0.319580,0.998413
-0.532104,-0.054321,0.745361
0.265503,-0.065186,1.073364
-0.023438,-0.375854,0.818970
-0.411133,0.137939,0.889282
0.441162,-0.292847,1.026733
-0.455933,-0.139160,0.737183
0.151855,0.049805,1.056274
0.067505,-0.393921,0.824585
-0.454590,0.117432,0.864624
0.462280,-0.281982,1.042603
-0.425049,-0.164551,0.747559
0.052734,0.095459,1.036621
0.161499,-0.398193,0.850952
-0.529541,0.085938,0.808594
0.463867,-0.238770,1.062012
-0.286743,-0.273438,0.763550
-0.046387,0.132935,1.012207
0.237061,-0.394409,0.867920
-0.558594,0.047363,0.780762
0.437744,-0.247925,1.054199
-0.216064,-0.380859,0.730469
-0.125488,0.125366,0.985107
0.291992,-0.348145,0.898193
-0.563354,0.050781,0.748047
0.397217,-0.190308,1.054199
-0.148193,-0.371460,0.748047
-0.234497,0.181641,0.982910
0.357666,-0.336792,0.954346
-0.584717,0.009155,0.751099
0.319214,-0.161865,1.035156
-0.088501,-0.387695,0.789795
-0.312134,0.140869,0.937256
0.403076,-0.316772,0.989014
-0.554932,-0.003906,0.726562
0.232300,-0.038940,1.041016
0.001465,-0.370605,0.828857
-0.403809,0.141113,0.891602
0.424316,-0.289429,1.023926
-0.516846,-0.060059,0.720947
0.133545,0.059937,1.040894
0.088989,-0.401611,0.845825
-0.482300,0.136353,0.856812
0.439697,-0.274902,1.022339
-0.444580,-0.149780,0.735352
0.055908,0.113037,1.035034
0.153442,-0.408203,0.850098
-0.526123,0.100342,0.826294
0.452759,-0.252319,1.039551
-0.320435,-0.236938,0.750366
-0.034546,0.163696,1.008423
0.213501,-0.378540,0.868774
-0.565186,0.055664,0.782959
0.447510,-0.258911,1.042480
-0.242676,-0.337158,0.739624
-0.101318,0.155273,0.974854
0.249268,-0.349487,0.878540
-0.587158,0.053589,0.759521
0.420044,-0.237915,1.039917
-0.194214,-0.419922,0.707397
-0.175415,0.165649,0.986084
0.306763,-0.370239,0.896240
-0.590332,0.062012,0.745239
0.380737,-0.180542,1.040161
-0.149414,-0.367920,0.762817
-0.250366,0.144043,0.964722
0.352295,-0.338257,0.942749
-0.583130,0.042358,0.734619
0.306030,-0.106689,1.019775
-0.082642,-0.359131,0.794800
-0.325073,0.147705,0.926636
0.406616,-0.329224,0.974243
-0.569580,0.038086,0.741089
0.201294,-0.013794,1.022339
-0.012085,-0.379028,0.809937
-0.379883,0.141968,0.919434
0.404541,-0.293823,0.998413
-0.528687,-0.072998,0.712402
0.137939,0.056274,1.026733
0.048218,-0.394653,0.818115
-0.485107,0.119751,0.840332
0.445679,-0.279785,1.038330
-0.442017,-0.154541,0.735352
0.043945,0.118530,1.021484
0.117310,-0.387329,0.831299
-0.529541,0.117798,0.835205
0.464966,-0.279663,1.037231
-0.325317,-0.244995,0.747559
-0.029175,0.158081,1.010498
0.184326,-0.374756,0.851196
-0.573608,0.079590,0.794312
0.429932,-0.255127,1.026123
-0.261475,-0.326782,0.723145
-0.077881,0.118408,0.983032
0.249878,-0.368408,0.872681
-0.594116,0.093750,0.771484
0.409668,-0.224121,1.019653
-0.200684,-0.340576,0.730957
-0.205566,0.156128,0.956787
0.326660,-0.384644,0.908081
-0.579224,0.052979,0.752075
0.361816,-0.127930,1.044922
-0.157715,-0.321045,0.752197
-0.293701,0.172363,0.945435
0.349487,-0.352295,0.946533
-0.578735,-0.015259,0.732666
0.308228,-0.110840,1.033447
-0.106567,-0.363770,0.760864
-0.373291,0.206299,0.907104
0.401245,-0.310547,0.970093
-0.552856,-0.009033,0.750366
0.197510,-0.053223,1.016968
-0.012207,-0.436401,0.807007
-0.450684,0.175415,0.880859
0.413696,-0.285522,0.989014
-0.497559,-0.083862,0.721313
0.087524,0.072998,1.010254
0.081665,-0.390747,0.823975
-0.511475,0.152710,0.846924
0.430542,-0.273193,1.001221
-0.432007,-0.168701,0.727661
0.025513,0.114258,1.018921
0.154175,-0.381470,0.853760
-0.570679,0.103271,0.797607
0.440674,-0.262573,1.024902
-0.294922,-0.300537,0.722290
-0.051025,0.144653,0.988159
0.216919,-0.335083,0.865356
-0.614258,0.080444,0.744873
0.426025,-0.256470,1.014038
-0.225342,-0.375488,0.704956
-0.147827,0.154297,0.968506
0.296509,-0.377930,0.890747
-0.613770,0.078247,0.747070
0.373169,-0.185913,1.007690
-0.175659,-0.357544,0.723267
-0.247070,0.158203,0.944824
0.348022,-0.357910,0.951294
-0.602051,0.007935,0.731689
0.319214,-0.105957,1.037964
-0.152710,-0.359375,0.725464
-0.334473,0.169067,0.897461
0.388306,-0.311646,0.977051
-0.549438,-0.050781,0.727783
0.222046,-0.056152,1.013550
-0.064331,-0.391724,0.771362
-0.427246,0.187744,0.878784
0.414429,-0.295654,0.988037
-0.527344,-0.092529,0.702148
0.111572,0.060669,1.016479
0.055786,-0.407227,0.814819
-0.510498,0.147095,0.849854
0.432495,-0.274170,1.012451
-0.433228,-0.162354,0.724854
0.006958,0.151733,0.998291
0.142822,-0.387573,0.828979
-0.569214,0.095459,0.790771
0.444580,-0.253784,1.025391
-0.304932,-0.284546,0.720337
-0.058594,0.204712,0.997437
0.201904,-0.366455,0.837769
-0.607178,0.079956,0.750244
0.419067,-0.257812,1.005127
-0.219116,-0.399414,0.703247
-0.136719,0.152466,0.952881
0.252197,-0.349243,0.867310
-0.594849,0.108521,0.747925
0.397949,-0.213623,1.014771
-0.191040,-0.364624,0.716919
-0.223267,0.128174,0.920410
0.313110,-0.363892,0.898804
-0.597046,0.030151,0.719360
0.349854,-0.117432,1.026367
-0.153564,-0.343018,0.723022
-0.301636,0.166992,0.911865
0.363159,-0.377808,0.927368
-0.588501,-0.032593,0.707031
0.295288,-0.076172,1.030396
-0.112061,-0.351074,0.733521
-0.373779,0.216064,0.888916
0.402588,-0.331665,0.956055
-0.557129,-0.060669,0.718872
0.210571,-0.075684,0.992188
-0.058228,-0.400146,0.765259
-0.424316,0.199463,0.866821
0.412842,-0.275391,0.984131
-0.553345,-0.075439,0.696533
0.127197,0.010254,1.005493
0.025024,-0.437378,0.786987
-0.495972,0.184692,0.850830
0.430054,-0.263794,0.996826
-0.462769,-0.084229,0.751953
0.022095,0.128784,1.010864
0.104736,-0.410522,0.818726
-0.544434,0.120605,0.806030
0.440308,-0.240723,1.023682
-0.385620,-0.179199,0.728271
-0.033447,0.187012,1.010742
0.188843,-0.416260,0.829468
-0.597412,0.113159,0.778198
0.422485,-0.210205,1.023438
-0.255493,-0.298340,0.729126
-0.090210,0.171021,0.988770
0.234497,-0.379761,0.855835
-0.633667,0.106812,0.743652
0.406372,-0.192871,1.019653
-0.175537,-0.369019,0.731445
-0.166992,0.183472,0.953247
0.273071,-0.325195,0.892212
-0.641846,0.103882,0.723145
0.373657,-0.259766,0.989136
-0.163940,-0.406494,0.723145
-0.244629,0.136230,0.923828
0.333130,-0.340210,0.914795
-0.600342,0.100220,0.730957
0.315552,-0.117676,1.000000
-0.113770,-0.361328,0.766968
-0.324951,0.141846,0.890381
0.360718,-0.365967,0.921021
-0.579834,0.058594,0.737183
0.254395,-0.073730,0.981445
-0.070679,-0.335205,0.792480
-0.398926,0.183838,0.871826
0.390503,-0.306641,0.958496
-0.547485,-0.042603,0.692749
0.196411,-0.000244,0.998047
-0.040771,-0.391968,0.762939
-0.433350,0.209351,0.881714
0.414185,-0.311401,0.961670
-0.547729,-0.066040,0.694824
0.154907,0.035889,1.004517
0.000000,-0.419434,0.763916
-0.477905,0.205078,0.863403
0.425903,-0.285278,0.980957
-0.520020,-0.088867,0.717163
0.108154,0.058350,1.003174
0.041016,-0.400269,0.797485
-0.518188,0.198242,0.842773
0.435547,-0.263306,0.992798
-0.469238,-0.110840,0.733032
0.048340,0.090820,1.005493
0.109741,-0.410889,0.816406
-0.558960,0.194336,0.807251
0.425537,-0.209473,1.005127
-0.378052,-0.165649,0.747681
-0.007324,0.110962,1.003296
0.181152,-0.436890,0.834473
-0.584595,0.158691,0.789673
0.413574,-0.166626,1.007690
-0.274902,-0.245483,0.729858
-0.104492,0.190430,0.986084
0.255737,-0.421509,0.868164
-0.608521,0.077393,0.757324
0.400879,-0.161377,1.023315
-0.203491,-0.318970,0.719727
-0.202148,0.197998,0.939453
0.322754,-0.352417,0.908936
-0.611816,0.020142,0.716919
0.349976,-0.154053,1.010498
-0.119385,-0.393188,0.715454
-0.308472,0.213867,0.896240
0.374878,-0.336304,0.923706
-0.571777,0.024292,0.743408
0.238647,-0.082153,0.986328
-0.052856,-0.419189,0.759033
-0.409058,0.185181,0.860962
0.398682,-0.291016,0.946289
-0.545776,-0.022217,0.709229
0.133057,0.033081,0.992676
0.044678,-0.401123,0.802856
-0.488647,0.177612,0.855835
0.425293,-0.265137,0.985474
-0.476807,-0.065430,0.727051
0.037720,0.149292,1.012085
0.148438,-0.408813,0.821899
-0.562988,0.156494,0.810791
0.417969,-0.197266,1.003906
-0.315063,-0.222168,0.723633
-0.045532,0.205933,0.994629
0.205933,-0.366333,0.854614
-0.602295,0.072632,0.753174
0.418579,-0.207520,1.020508
-0.222656,-0.325928,0.713379
-0.151123,0.214722,0.964722
0.286987,-0.358643,0.876709
-0.619263,0.113892,0.763916
0.392944,-0.189819,1.010620
-0.160400,-0.377563,0.709717
-0.246948,0.177246,0.912231
0.343994,-0.322144,0.914429
-0.598633,0.053711,0.736450
0.330933,-0.132935,1.019531
-0.092041,-0.403564,0.740967
-0.334473,0.184082,0.870605
0.380615,-0.291870,0.931396
-0.569580,0.046631,0.729736
0.238037,-0.060791,0.980103
-0.025879,-0.398804,0.776123
-0.406860,0.182983,0.858643
0.396851,-0.259521,0.957642
-0.538818,-0.008057,0.703003
0.149658,0.038696,0.988770
0.045288,-0.396240,0.799927
-0.485840,0.172241,0.844727
0.405151,-0.228394,0.985962
-0.475708,-0.083618,0.716309
0.067993,0.139282,1.022827
0.120483,-0.404663,0.818359
-0.550781,0.161987,0.821411
0.434937,-0.211914,1.005249
-0.384155,-0.149292,0.725952
-0.011597,0.180054,1.004639
0.213623,-0.399780,0.857666
-0.595215,0.133789,0.775146
0.415283,-0.171997,1.014893
-0.261475,-0.261353,0.724731
-0.090942,0.197021,0.982788
0.265259,-0.376953,0.875488
-0.611694,0.112671,0.767212
0.419922,-0.175537,1.016968
-0.180786,-0.342285,0.735229
-0.172729,0.180420,0.933472
0.312866,-0.338745,0.910522
-0.614746,0.091064,0.736816
0.381836,-0.140015,1.021118
-0.112793,-0.384155,0.724121
-0.275391,0.187500,0.900024
0.359131,-0.336548,0.913086
-0.590942,0.055664,0.733887
0.304932,-0.079224,1.003906
-0.051636,-0.406250,0.737061
-0.366577,0.218140,0.864990
0.395142,-0.290649,0.935425
-0.552368,-0.036621,0.696899
0.208496,-0.007446,1.005249
-0.007202,-0.406494,0.768921
-0.447754,0.214600,0.850830
0.424194,-0.270386,0.970093
-0.490845,-0.061646,0.731323
0.119141,0.078369,1.005005
0.078247,-0.389526,0.810181
-0.544922,0.200317,0.821411
0.444946,-0.243652,0.998657
-0.392822,-0.158203,0.743042
0.005005,0.177856,1.013916
0.172485,-0.394531,0.829712
-0.573853,0.152954,0.793701
0.441772,-0.221069,1.011597
-0.283813,-0.218018,0.742188
-0.090332,0.215942,0.983887
0.258789,-0.393921,0.864868
-0.600342,0.104370,0.760986
0.434326,-0.181641,1.026611
-0.178711,-0.281616,0.750977
-0.161621,0.226929,0.950806
0.301636,-0.351074,0.894043
-0.606323,0.068115,0.738770
0.400879,-0.148804,1.037109
-0.114258,-0.360229,0.741089
-0.252930,0.212891,0.913086
0.354980,-0.334351,0.906860
-0.581787,0.086182,0.734009
0.327148,-0.089111,1.005371
-0.050171,-0.391113,0.759644
-0.334106,0.188477,0.867554
0.401611,-0.304321,0.936035
-0.563232,0.034668,0.722412
0.234619,-0.021118,0.995239
0.007080,-0.430054,0.769287
-0.411133,0.187378,0.857910
0.421631,-0.263428,0.956177
-0.510010,-0.041138,0.726440
0.123779,0.082153,1.000977
0.078491,-0.416626,0.803345
-0.488647,0.176880,0.832520
0.432251,-0.239746,0.969727
-0.429321,-0.096802,0.755005
0.043091,0.142334,1.014160
0.152222,-0.405396,0.824219
-0.549927,0.138794,0.798462
0.439941,-0.188721,1.016357
-0.310059,-0.195557,0.742432
-0.055298,0.204834,1.003174
0.244019,-0.373047,0.874023
-0.588867,0.105347,0.769409
0.423462,-0.180664,1.027588
-0.191406,-0.305908,0.746094
-0.143066,0.215454,0.958862
0.302734,-0.325562,0.889160
-0.589722,0.094971,0.759277
0.391846,-0.153564,1.022827
-0.103394,-0.394531,0.733276
-0.244873,0.186523,0.903442
0.357422,-0.307373,0.913696
-0.584229,0.065063,0.742310
0.311401,-0.093994,1.000488
-0.019043,-0.410645,0.771729
-0.354126,0.187988,0.859253
0.402588,-0.278687,0.938721
-0.544800,0.024414,0.721680
0.194336,0.016846,0.993896
0.038452,-0.402954,0.789185
-0.443237,0.171143,0.832397
0.434937,-0.247437,0.961792
-0.456055,-0.023560,0.762329
0.086182,0.151611,1.017578
0.104858,-0.379517,0.816650
-0.521851,0.136475,0.798584
0.447388,-0.216309,1.001343
-0.356689,-0.163330,0.734863
-0.009033,0.207886,1.019287
0.200317,-0.387329,0.838867
-0.564087,0.098511,0.773926
0.432251,-0.181885,1.021240
-0.257080,-0.237305,0.746826
-0.078979,0.200073,0.985962
0.269897,-0.355713,0.887085
-0.598267,0.097656,0.756104
0.413818,-0.176025,1.027710
-0.153198,-0.334229,0.749512
-0.167480,0.197876,0.946899
0.329346,-0.331055,0.901978
-0.604614,0.101196,0.745605
0.378296,-0.134766,1.025269
-0.074707,-0.393311,0.752563
-0.255737,0.184692,0.894409
0.371826,-0.307983,0.923340
-0.553833,0.071045,0.736572
0.299927,-0.053833,0.994019
-0.021240,-0.386963,0.780273
-0.330078,0.135620,0.861816
0.415405,-0.300659,0.960571
-0.533081,0.037842,0.732056
0.212891,0.089600,1.014404
-0.000122,-0.331177,0.790649
-0.395264,0.140869,0.844849
0.435791,-0.308350,0.969604
-0.511841,-0.043579,0.737915
0.151489,0.079834,1.011475
0.071411,-0.419678,0.783203
-0.471191,0.198364,0.827637
0.442017,-0.234863,0.981323
-0.457397,-0.057739,0.755859
0.103394,0.065796,1.005737
0.124023,-0.452148,0.804321
-0.523560,0.178955,0.795898
0.442139,-0.183594,0.996094
-0.384766,-0.126831,0.749756
0.016235,0.139404,1.017334
0.186035,-0.474609,0.823242
-0.545288,0.138550,0.774902
0.449219,-0.175659,1.000610
-0.318726,-0.136230,0.773804
-0.061157,0.189087,1.001221
0.249146,-0.443848,0.864258
-0.562134,0.075562,0.742676
0.426880,-0.153564,1.025024
-0.227295,-0.203003,0.768555
-0.105713,0.206055,0.983521
0.301636,-0.405762,0.889282
-0.605835,0.078491,0.736816
0.424927,-0.166016,1.033569
-0.111328,-0.337158,0.760986
-0.194946,0.220459,0.939331
0.332886,-0.327026,0.909302
-0.565063,0.034668,0.748901
0.367310,-0.151001,1.013672
-0.051880,-0.414429,0.754517
-0.266113,0.204956,0.893188
0.391846,-0.314209,0.926636
-0.564941,0.013550,0.733521
0.287109,-0.093140,0.993042
-0.006104,-0.427856,0.766357
-0.319580,0.139893,0.854858
0.405029,-0.283447,0.946899
-0.533325,-0.026978,0.726929
0.203125,-0.006470,1.003784
0.057617,-0.434448,0.784546
-0.427368,0.151367,0.831055
0.445557,-0.260742,0.982910
-0.464722,-0.062012,0.755493
0.094971,0.104492,1.004639
0.125488,-0.417969,0.820679
-0.499756,0.119629,0.795166
0.443970,-0.236450,0.999146
-0.373657,-0.156006,0.753662
-0.006226,0.181519,1.009521
0.204346,-0.415039,0.844727
-0.552979,0.081665,0.764404
0.453613,-0.213501,1.026855
-0.250122,-0.227295,0.764404
-0.094482,0.194336,0.981567
0.272217,-0.383545,0.887329
-0.579590,0.061523,0.739380
0.426514,-0.189331,1.033081
-0.136108,-0.324707,0.776611
-0.174194,0.186768,0.940063
0.336304,-0.358521,0.905396
-0.572388,0.084229,0.750000
0.357544,-0.112793,1.022827
-0.031982,-0.394897,0.787720
-0.260376,0.172607,0.909424
0.388062,-0.354126,0.935547
-0.551880,-0.000732,0.715454
0.288208,-0.056763,0.992798
-0.006104,-0.406738,0.748901
-0.341919,0.159912,0.866089
0.440674,-0.330933,0.952271
-0.508667,-0.050293,0.743774
0.173096,0.045288,1.003052
0.062012,-0.451050,0.767822
-0.411499,0.132812,0.830322
0.436646,-0.274658,0.984009
-0.469360,-0.093750,0.735718
0.122803,0.070435,1.015747
0.129883,-0.433960,0.811279
-0.488159,0.129761,0.790039
0.441040,-0.240234,0.995605
-0.387207,-0.158203,0.748413
0.030884,0.094116,1.002808
0.210815,-0.430420,0.845947
-0.539795,0.098267,0.761475
0.452759,-0.225098,1.000122
-0.260498,-0.171509,0.792114
-0.117676,0.191162,0.976440
0.296021,-0.441772,0.888794
-0.546875,0.010254,0.736328
0.417236,-0.161865,1.040161
-0.133057,-0.272217,0.781128
-0.208984,0.200439,0.941162
0.356689,-0.407959,0.912231
-0.537231,-0.042847,0.735352
0.351807,-0.083618,1.040039
-0.023193,-0.369385,0.774902
-0.308472,0.205444,0.871216
0.422241,-0.367188,0.947998
-0.525879,-0.069824,0.727905
0.226562,-0.044312,0.989502
0.090698,-0.414917,0.803467
-0.494019,0.159668,0.809814
0.445557,-0.207275,0.996338
-0.363403,-0.132080,0.774780
-0.018188,0.162720,0.990356
0.217163,-0.411255,0.845703
-0.578857,0.123901,0.753784
0.445679,-0.194824,1.025757
-0.210938,-0.255371,0.764893
-0.126221,0.182983,0.958496
0.299805,-0.374146,0.889282
-0.592285,0.096802,0.759033
0.387329,-0.143555,1.017578
-0.073853,-0.383179,0.769165
-0.249756,0.181152,0.897217
0.375244,-0.309814,0.935059
-0.553833,-0.004395,0.719727
0.280640,-0.058716,0.989624
0.003906,-0.411377,0.760132
-0.353394,0.154297,0.847900
0.426514,-0.270142,0.970337
-0.498779,-0.065918,0.732178
0.142822,0.028198,1.000732
0.076538,-0.431030,0.787720
-0.464355,0.144775,0.817871
0.435181,-0.197388,1.007324
-0.385010,-0.139771,0.746582
0.017456,0.141235,1.007324
0.202393,-0.406006,0.845337
-0.579956,0.108154,0.747559
0.438721,-0.209473,1.024536
-0.183838,-0.319702,0.766602
-0.121094,0.205933,0.984863
0.287476,-0.359985,0.880859
-0.595215,0.109863,0.750366
0.391357,-0.142090,1.011108
-0.055786,-0.334961,0.794678
-0.218628,0.189453,0.916626
0.350708,-0.309448,0.924805
-0.571411,0.036377,0.737305
0.298706,-0.077759,0.985352
-0.003174,-0.410889,0.759155
-0.319336,0.159668,0.861816
0.414551,-0.281494,0.960449
-0.525757,-0.042358,0.728027
0.178589,0.011475,0.967651
0.052612,-0.403809,0.787842
-0.405029,0.121582,0.820557
0.446777,-0.266113,0.985596
-0.485596,-0.056152,0.739990
0.098511,0.073242,0.989380
0.130493,-0.442139,0.800293
-0.500488,0.158325,0.807495
0.470459,-0.227539,1.002075
-0.354614,-0.113037,0.780029
-0.018555,0.157104,0.989746
0.202393,-0.417480,0.851562
-0.563843,0.079712,0.744629
0.473633,-0.205200,1.035889
-0.238770,-0.218506,0.777710
-0.103271,0.229126,0.999023
0.278809,-0.375488,0.890259
-0.588501,0.078247,0.739502
0.431152,-0.204590,1.025635
-0.127808,-0.300171,0.796265
-0.171875,0.211182,0.959839
0.324585,-0.377563,0.900513
-0.570068,0.049438,0.753052
0.388306,-0.174683,1.016235
-0.054077,-0.364258,0.786987
-0.273560,0.211914,0.908325
0.383301,-0.336548,0.933350
-0.529175,-0.032959,0.741455
0.295654,-0.076416,1.004761
0.000244,-0.418701,0.764038
-0.336670,0.184814,0.859009
0.432007,-0.316406,0.947632
-0.497070,-0.072876,0.736206
0.174438,-0.013184,0.998169
0.043091,-0.448486,0.769043
-0.405884,0.135132,0.823120
0.464722,-0.270264,0.989746
-0.459717,-0.065796,0.765625
0.067383,0.088867,1.010498
0.150269,-0.464600,0.811646
-0.504761,0.084717,0.774658
0.458252,-0.249756,1.009888
-0.335938,-0.186890,0.759766
-0.041870,0.184814,1.010620
0.252075,-0.446411,0.858765
-0.545044,0.053955,0.756226
0.432983,-0.217896,1.008911
-0.173462,-0.276489,0.789673
-0.143311,0.206543,0.974365
0.326050,-0.375122,0.911987
-0.556030,0.056641,0.752930
0.368408,-0.143066,1.003418
-0.067261,-0.360107,0.791382
-0.226562,0.135132,0.903320
0.389160,-0.347412,0.947266
-0.543335,-0.011475,0.734741
0.286621,-0.059204,0.998291
0.018066,-0.393433,0.771240
-0.334229,0.125488,0.838013
0.421143,-0.328125,0.955566
-0.500732,-0.098877,0.734253
0.194458,-0.020264,0.997681
0.070435,-0.419556,0.783813
-0.443237,0.143677,0.804077
0.459351,-0.295654,0.981079
-0.424683,-0.155151,0.751831
0.071533,0.076782,1.005981
0.173096,-0.430908,0.834351
-0.512085,0.086548,0.755737
0.459473,-0.220947,1.023193
-0.303467,-0.195435,0.758911
-0.064819,0.172852,0.998413
0.273315,-0.479248,0.861694
-0.566528,0.032593,0.738403
0.424805,-0.182495,1.035278
-0.147705,-0.281250,0.790283
-0.160278,0.216675,0.979370
0.346924,-0.353027,0.930908
-0.572388,0.011719,0.746460
0.363037,-0.188599,1.014404
-0.031006,-0.410400,0.795410
-0.250488,0.197388,0.917725
0.408081,-0.297363,0.969116
-0.529053,-0.024292,0.745850
0.250000,-0.094360,0.982910
0.027466,-0.434937,0.785522
-0.293579,0.087280,0.860107
0.437622,-0.293701,0.979858
-0.510254,0.005981,0.757080
0.163574,0.034058,0.992920
0.110352,-0.459595,0.788574
-0.411255,0.081543,0.812378
0.443848,-0.270996,1.000000
-0.444458,-0.111816,0.742798
0.084717,0.086304,1.015381
0.173950,-0.463745,0.822876
-0.499023,0.080566,0.780273
0.471069,-0.266479,1.018799
-0.335571,-0.190430,0.759277
-0.031128,0.160522,1.011963
0.250610,-0.451294,0.862671
-0.533936,0.028687,0.746826
0.444458,-0.256226,1.011963
-0.221558,-0.256836,0.790283
-0.106812,0.197388,0.985962
0.313477,-0.398804,0.918945
-0.547852,0.028198,0.759888
0.401123,-0.195068,1.020386
-0.109253,-0.326904,0.794922
-0.159180,0.170776,0.966431
0.357788,-0.369019,0.937012
-0.538452,0.005127,0.757568
0.361084,-0.153809,1.023804
-0.031250,-0.427856,0.768188
-0.246216,0.158936,0.911865
0.398438,-0.350464,0.952637
-0.514648,-0.063232,0.750610
0.290283,-0.094482,1.012817
0.033813,-0.470215,0.778809
-0.322021,0.127075,0.859863
0.442017,-0.354858,0.966187
-0.476074,-0.115234,0.743774
0.203613,-0.015259,1.017334
0.078979,-0.452271,0.782349
-0.394043,0.114868,0.826904
0.462402,-0.327759,0.987183
-0.425171,-0.143311,0.761841
0.142456,0.035278,1.028076
0.133911,-0.437378,0.815186
-0.479980,0.120483,0.790039
0.465210,-0.305054,0.997314
-0.341675,-0.235474,0.759399
0.033569,0.076294,1.013672
0.229614,-0.446777,0.850830
-0.520020,0.079346,0.756348
0.453125,-0.263916,1.006470
-0.255493,-0.273560,0.774414
-0.065796,0.119263,0.997437
0.310425,-0.430176,0.904175
-0.537109,0.059570,0.749878
0.418823,-0.180420,1.026245
-0.137207,-0.323364,0.795776
-0.158936,0.171509,0.993652
0.373535,-0.419067,0.937744
-0.524780,0.004272,0.758301
0.376099,-0.126099,1.032471
-0.038208,-0.372192,0.802002
-0.244385,0.157715,0.931274
0.417847,-0.383179,0.967896
-0.492676,-0.083862,0.753418
0.297485,-0.073364,1.036743
0.041382,-0.443115,0.789062
-0.328369,0.150024,0.892700
0.463623,-0.353638,0.985107
-0.462036,-0.130737,0.757568
0.205811,-0.046143,1.011719
0.094971,-0.449707,0.802246
-0.394531,0.142822,0.847656
0.467163,-0.255249,1.019043
-0.395508,-0.172974,0.753052
0.087036,0.052246,1.033447
0.187622,-0.513184,0.823242
-0.447876,0.037598,0.789062
0.486816,-0.239014,1.041382
-0.316162,-0.175659,0.784058
-0.016846,0.134277,1.024048
0.287231,-0.505371,0.874512
-0.492676,0.006104,0.760986
0.441162,-0.175049,1.055664
-0.212891,-0.240845,0.795654
-0.103760,0.176514,1.020264
0.376099,-0.485962,0.935425
-0.520264,0.000244,0.764893
0.391479,-0.135254,1.047119
-0.052368,-0.345825,0.807617
-0.209717,0.208496,0.980225
0.415649,-0.384644,0.969604
-0.485107,-0.097534,0.752563
0.326782,-0.095215,1.056519
0.061890,-0.450806,0.825317
-0.306519,0.181274,0.921631
0.448242,-0.334717,0.993042
-0.459473,-0.094849,0.769531
0.219971,-0.029053,1.037964
0.125366,-0.459351,0.831909
-0.370361,0.106567,0.870728
0.469727,-0.250732,1.045166
-0.396240,-0.151611,0.769531
0.112305,0.044678,1.025146
0.211670,-0.500732,0.849976
-0.442871,0.036377,0.783691
0.490723,-0.226685,1.071655
-0.305176,-0.210938,0.787476
-0.018066,0.143677,1.035034
0.315918,-0.499512,0.896729
-0.489258,0.004883,0.775391
0.454468,-0.186401,1.068359
-0.166748,-0.259888,0.830688
-0.115845,0.187134,1.014771
0.366821,-0.421509,0.947021
-0.505859,-0.014038,0.778687
0.427368,-0.155762,1.081787
-0.017456,-0.369751,0.838745
-0.196533,0.212769,1.009399
0.407837,-0.362549,0.977173
-0.480713,-0.076660,0.767578
0.357910,-0.120239,1.058960
0.053833,-0.416504,0.823975
-0.273438,0.184204,0.947754
0.467773,-0.313843,1.022461
-0.443481,-0.124023,0.761597
0.249634,-0.038818,1.054565
0.090088,-0.426147,0.825562
-0.322632,0.111572,0.909058
0.500610,-0.299438,1.050171
-0.411987,-0.123291,0.784668
0.148926,0.062378,1.049561
0.194336,-0.476562,0.870239
-0.406250,0.033691,0.834839
0.514893,-0.256714,1.091675
-0.331299,-0.199219,0.779175
0.058105,0.133057,1.043823
0.287476,-0.474854,0.900757
-0.457031,0.013672,0.800903
0.496948,-0.222046,1.105469
-0.218506,-0.286865,0.806885
-0.038574,0.186890,1.045654
0.348389,-0.425415,0.942627
-0.505371,0.044067,0.800537
0.464966,-0.213623,1.081665
-0.092041,-0.337769,0.853271
-0.119507,0.213989,1.047852
0.389282,-0.369751,0.977661
-0.490723,0.009888,0.789429
0.423218,-0.138306,1.088379
-0.000122,-0.382935,0.841797
-0.186279,0.192627,1.019897
0.442261,-0.364380,1.008789
-0.474609,-0.068726,0.783936
0.357056,-0.077271,1.090698
0.075684,-0.414673,0.851318
-0.253052,0.191895,0.980469
0.481445,-0.299927,1.049683
-0.426392,-0.106079,0.778809
0.282715,-0.050415,1.073486
0.112427,-0.413452,0.881104
-0.330322,0.158325,0.940063
0.509521,-0.284546,1.072998
-0.384521,-0.165283,0.791626
0.185547,0.052734,1.080078
0.215820,-0.435059,0.905640
-0.397461,0.097412,0.870728
0.530640,-0.224487,1.097412
-0.302612,-0.205688,0.793945
0.072021,0.120728,1.063110
0.298096,-0.480713,0.921997
-0.445312,0.001831,0.802734
0.516724,-0.193970,1.125122
-0.208740,-0.267578,0.811401
-0.034180,0.212158,1.066284
0.379761,-0.414551,0.981079
-0.469116,-0.006592,0.818848
0.485229,-0.196533,1.125122
-0.079224,-0.343384,0.857300
-0.124512,0.202026,1.035522
0.424072,-0.385132,0.995728
-0.451294,-0.023193,0.815186
0.424316,-0.137207,1.111572
0.038452,-0.421509,0.879639
-0.194946,0.184570,1.023926
0.469238,-0.330566,1.043457
-0.442383,-0.044922,0.810059
0.358521,-0.056396,1.100464
0.083130,-0.398682,0.894409
-0.263794,0.175049,1.005493
0.501343,-0.304077,1.085327
-0.408936,-0.129883,0.798340
0.281616,0.019531,1.116577
0.150879,-0.404541,0.895752
-0.320068,0.165039,0.957275
0.542847,-0.265137,1.102295
-0.362793,-0.163940,0.816528
0.173584,0.047241,1.084351
0.240601,-0.450195,0.922363
-0.373169,0.081909,0.875610
0.548706,-0.228271,1.117920
-0.287354,-0.214355,0.816772
0.063721,0.132568,1.066650
0.322876,-0.438232,0.953613
-0.419800,0.047852,0.851318
0.523193,-0.172241,1.135986
-0.191895,-0.232300,0.847412
-0.035645,0.201416,1.079102
0.392212,-0.404785,0.996704
-0.452148,-0.021118,0.821777
0.494385,-0.154907,1.149292
-0.057739,-0.281250,0.882202
-0.142334,0.246216,1.062012
0.471802,-0.362183,1.041382
-0.431152,-0.080566,0.812622
0.412598,-0.065674,1.157715
0.059692,-0.370361,0.884766
-0.216797,0.219971,1.030762
0.499878,-0.296143,1.074707
-0.405396,-0.100586,0.819824
0.321045,-0.026611,1.121826
0.134766,-0.408691,0.918091
-0.304321,0.140869,0.964233
0.549316,-0.246704,1.130493
-0.351440,-0.150269,0.823608
0.193237,0.082886,1.112305
0.264526,-0.473999,0.948364
-0.394531,0.057129,0.869873
0.549194,-0.207764,1.150513
-0.252441,-0.228760,0.828613
0.062500,0.190552,1.109741
0.360840,-0.413940,0.993652
-0.451660,0.038818,0.849243
0.522949,-0.184570,1.149902
-0.112915,-0.279053,0.870728
-0.047119,0.227905,1.092529
0.408813,-0.351318,1.014648
-0.451172,0.007935,0.845581
0.485107,-0.146118,1.160400
0.018188,-0.384521,0.891479
-0.145996,0.215454,1.061035
0.456665,-0.302124,1.060303
-0.440186,-0.047607,0.815674
0.413452,-0.088135,1.149048
0.056885,-0.395630,0.899902
-0.240234,0.220825,1.043945
0.522827,-0.286621,1.092041
-0.408569,-0.074463,0.823853
0.307861,-0.007324,1.132202
0.164429,-0.421753,0.942871
-0.313721,0.142578,0.978760
0.546631,-0.231323,1.151855
-0.348267,-0.171753,0.813599
0.207764,0.084839,1.124268
0.263916,-0.414062,0.961670
-0.378052,0.086060,0.893433
0.560303,-0.228760,1.145508
-0.270508,-0.230469,0.836060
0.088989,0.139771,1.094849
0.342041,-0.415649,0.990845
-0.420776,0.071533,0.870605
0.535278,-0.169434,1.144165
-0.183716,-0.259155,0.857544
-0.003906,0.158203,1.104614
0.406372,-0.388794,1.021851
-0.435669,0.017578,0.855957
0.503418,-0.101929,1.165161
-0.026367,-0.317139,0.894775
-0.109131,0.208496,1.089111
0.448364,-0.357178,1.048462
-0.445435,-0.051147,0.834595
0.462280,-0.082642,1.179077
0.030518,-0.328857,0.895874
-0.203369,0.246216,1.051758
0.493530,-0.273438,1.098999
-0.415649,-0.101807,0.819824
0.388428,-0.044556,1.170166
0.089722,-0.377930,0.914551
-0.290894,0.214966,1.010010
0.544067,-0.265503,1.128296
-0.368652,-0.138184,0.817505
0.273560,0.031738,1.149536
0.201782,-0.408325,0.951172
-0.349731,0.142456,0.942627
0.554810,-0.214478,1.142700
-0.296631,-0.197144,0.834473
0.145020,0.115967,1.125488
0.298950,-0.445190,0.960571
-0.407837,0.088135,0.891479
0.551758,-0.173828,1.156006
-0.194336,-0.236328,0.853516
0.020020,0.198364,1.101440
0.371094,-0.397339,0.993774
-0.428223,0.014160,0.869629
0.516846,-0.142334,1.173340
-0.063721,-0.323975,0.885498
-0.068970,0.175415,1.073120
0.416870,-0.336670,1.033447
-0.446411,-0.046021,0.824829
0.482422,-0.103760,1.179321
0.001953,-0.337280,0.881470
-0.182495,0.226929,1.067627
0.483521,-0.315063,1.066284
-0.450684,-0.049316,0.823120
0.387329,-0.053467,1.163696
0.073120,-0.363159,0.915039
-0.262817,0.204590,1.027588
0.528076,-0.260498,1.120850
-0.380371,-0.129272,0.814331
0.277588,0.015381,1.149780
0.175659,-0.422852,0.927490
-0.344360,0.135498,0.953369
0.556030,-0.254761,1.136108
-0.311646,-0.192261,0.834839
0.155396,0.113770,1.116211
0.261841,-0.396606,0.952881
-0.400391,0.078613,0.889160
0.561890,-0.224854,1.148438
-0.252808,-0.249268,0.845459
0.054321,0.134766,1.095703
0.341675,-0.368408,0.990356
-0.446533,0.045898,0.850830
0.532593,-0.177368,1.160400
-0.111694,-0.317505,0.865845
-0.033691,0.140991,1.076660
0.382446,-0.355347,0.996948
-0.448853,-0.003418,0.826660
0.499268,-0.114014,1.182495
-0.053833,-0.330078,0.853027
-0.130615,0.200562,1.076294
0.454346,-0.365356,1.039795
-0.481201,-0.034790,0.818481
0.426758,-0.082275,1.155640
0.012085,-0.319580,0.879395
-0.246704,0.235229,1.036499
0.503418,-0.303955,1.090576
-0.441162,-0.125488,0.806885
0.343872,-0.060547,1.146240
0.081299,-0.357178,0.902710
-0.306030,0.200439,0.975342
0.529297,-0.228516,1.126953
-0.364746,-0.168945,0.805786
0.220215,0.018188,1.126221
0.183838,-0.415649,0.918701
-0.380249,0.155151,0.928711
0.545898,-0.240112,1.116333
-0.311035,-0.214966,0.818481
0.099243,0.086182,1.091919
0.292114,-0.420410,0.966309
-0.441284,0.060791,0.869263
0.534546,-0.157227,1.159302
-0.184814,-0.279785,0.831543
-0.022339,0.159546,1.081177
0.348389,-0.386719,0.966553
-0.461304,0.004150,0.835938
0.494629,-0.153564,1.145508
-0.095947,-0.311035,0.832764
-0.120972,0.177979,1.061890
0.414795,-0.333252,1.023193
-0.495117,-0.027954,0.807495
0.422974,-0.110352,1.150635
-0.018555,-0.358276,0.856201
-0.228394,0.199585,1.027100
0.468994,-0.258667,1.091064
-0.457153,-0.092285,0.781006
0.322144,-0.045776,1.128662
0.070435,-0.379028,0.882935
-0.320801,0.165283,0.960449
0.531006,-0.261230,1.110962
-0.402832,-0.150513,0.787842
0.183838,0.045654,1.089722
0.171265,-0.392822,0.913086
-0.402344,0.090942,0.882568
0.532593,-0.230713,1.127319
-0.315552,-0.254028,0.797485
0.072021,0.128418,1.073364
0.256104,-0.382812,0.927368
-0.466553,0.049194,0.851196
0.528076,-0.235962,1.125122
-0.177734,-0.313354,0.817871
-0.031616,0.165527,1.066406
0.322388,-0.369751,0.941406
-0.503296,0.022339,0.812744
0.495239,-0.221680,1.124756
-0.118164,-0.386230,0.802368
-0.114502,0.153320,1.042236
0.371948,-0.332520,0.986816
-0.514282,0.011963,0.789062
0.438232,-0.145386,1.133789
-0.066528,-0.362427,0.835083
-0.231079,0.192017,1.026733
0.434814,-0.339844,1.020264
-0.501953,-0.011108,0.780396
0.343628,-0.038818,1.119995
-0.018311,-0.347290,0.846680
-0.300171,0.166992,0.990845
0.488892,-0.326904,1.064697
-0.477783,-0.070190,0.769653
0.265259,0.044067,1.128418
0.043945,-0.337158,0.867188
-0.368164,0.122681,0.924683
0.514771,-0.331055,1.072144
-0.424438,-0.148438,0.779053
0.196411,0.066895,1.100586
0.116211,-0.332397,0.887329
-0.439331,0.140137,0.888916
0.502930,-0.297974,1.075562
-0.387817,-0.225708,0.764038
0.119385,0.063232,1.069702
0.201050,-0.394043,0.895142
-0.485962,0.120117,0.854858
0.505981,-0.245483,1.081177
-0.295654,-0.255005,0.793701
0.023193,0.088867,1.054688
0.239014,-0.393188,0.910034
-0.508057,0.060425,0.817383
0.510742,-0.212280,1.109741
-0.230103,-0.291748,0.789429
-0.055542,0.129272,1.035889
0.303955,-0.410400,0.920044
-0.511597,0.031250,0.810791
0.450073,-0.157715,1.090332
-0.182739,-0.316895,0.768921
-0.114746,0.132935,1.019043
0.352539,-0.390625,0.948486
-0.539185,0.001709,0.771973
0.435059,-0.146240,1.093628
-0.139038,-0.333130,0.771973
-0.220215,0.208984,1.009521
0.399780,-0.358887,0.989868
-0.540894,-0.020874,0.769165
0.362671,-0.119995,1.080933
-0.088989,-0.328491,0.805908
-0.315552,0.176025,0.945068
0.432495,-0.321167,1.024536
-0.500244,-0.095215,0.745239
0.271851,-0.050171,1.087769
-0.011719,-0.365967,0.824097
-0.391724,0.168823,0.903320
0.462402,-0.304077,1.041382
-0.447754,-0.141357,0.751221
0.155884,0.034790,1.063843
0.092896,-0.393921,0.856201
-0.455322,0.137695,0.861694
0.467773,-0.261597,1.048706
-0.404785,-0.167114,0.765015
0.052246,0.098267,1.042969
0.199585,-0.418945,0.876099
-0.509399,0.075439,0.820435
0.462891,-0.218872,1.071411
-0.272339,-0.273315,0.755493
-0.058228,0.145630,1.012695
0.265991,-0.402588,0.900146
-0.535156,0.046753,0.795044
0.445801,-0.202393,1.060181
-0.217773,-0.285767,0.753174
-0.168579,0.159424,0.980591
0.341064,-0.395142,0.936768
-0.551392,-0.001831,0.749268
0.407349,-0.148926,1.086670
-0.156860,-0.333740,0.760010
-0.274902,0.181030,0.955078
0.384888,-0.349243,0.970459
-0.545654,-0.061890,0.744873
0.328491,-0.104492,1.073120
-0.078735,-0.360107,0.782104
-0.374268,0.185913,0.902710
0.415771,-0.313110,0.998047
-0.497192,-0.102661,0.745972
0.202148,-0.024536,1.057129
0.029053,-0.394653,0.831055
-0.473999,0.163452,0.860596
0.434692,-0.249756,1.024658
-0.442871,-0.176147,0.726929
0.057007,0.087524,1.034546
0.162109,-0.403564,0.874023
-0.529663,0.101196,0.820068
0.440918,-0.217896,1.041138
-0.291138,-0.280273,0.738159
-0.086792,0.133667,0.988770
0.274780,-0.400391,0.901001
-0.547852,0.025269,0.772339
0.401001,-0.157104,1.056763
-0.191772,-0.340088,0.721313
-0.235107,0.159424,0.959229
0.345337,-0.348022,0.940552
-0.564697,-0.037598,0.733032
0.328613,-0.108154,1.058228
-0.094116,-0.355103,0.768677
-0.383667,0.205078,0.905273
0.406372,-0.335205,0.978882
-0.525879,-0.080444,0.726196
0.179443,-0.026123,1.038086
0.023682,-0.412842,0.807495
-0.490112,0.187256,0.864502
0.430542,-0.261230,1.008179
-0.419800,-0.133667,0.760620
0.037964,0.081299,1.016846
0.149048,-0.388916,0.856079
-0.541382,0.087891,0.798584
0.423950,-0.194214,1.028809
-0.288818,-0.271729,0.730713
-0.083374,0.142700,0.992432
0.261475,-0.397461,0.879028
-0.582397,0.055542,0.769897
0.396851,-0.167725,1.039062
-0.198853,-0.363403,0.710938
-0.221313,0.165649,0.946411
0.332397,-0.346802,0.936279
-0.591797,0.019287,0.748535
0.320923,-0.142700,1.018555
-0.109253,-0.360596,0.766602
-0.362671,0.170044,0.881958
0.391968,-0.331909,0.965088
-0.550537,0.000244,0.730469
0.208618,-0.030518,1.014648
-0.020508,-0.386108,0.794556
-0.461670,0.177124,0.859253
0.422363,-0.292725,0.992432
-0.517212,-0.085449,0.716064
0.090942,0.087158,1.021118
0.081543,-0.407227,0.815430
-0.543579,0.131836,0.829102
0.437378,-0.239502,1.031738
-0.366455,-0.220581,0.721313
-0.012573,0.155396,1.005127
0.179810,-0.369629,0.844727
-0.588257,0.094971,0.786865
0.421143,-0.244995,1.003906
-0.273438,-0.302734,0.728516
-0.094360,0.156128,0.971924
0.238403,-0.379150,0.856445
-0.599854,0.087280,0.740845
0.417725,-0.238770,1.006470
-0.206787,-0.349243,0.714600
-0.181274,0.166138,0.958496
0.284180,-0.338501,0.892212
-0.606201,0.056030,0.729980
0.390991,-0.171753,1.036621
-0.164673,-0.357300,0.724243
-0.270996,0.182251,0.918335
0.337646,-0.363525,0.917114
-0.607544,0.022583,0.720093
0.330566,-0.130737,1.015259
-0.108398,-0.368530,0.749756
-0.362671,0.193604,0.890869
0.375610,-0.312866,0.948486
-0.569092,-0.016113,0.717041
0.126587,0.030151,1.037720
-0.046143,-0.390015,0.784180
-0.486816,0.148315,0.854370
0.463013,-0.285767,1.029297
-0.563477,-0.050781,0.693359
0.022583,0.108887,1.017212
0.161987,-0.403442,0.848877
-0.542358,0.102539,0.808960
0.464355,-0.245361,1.050659
-0.309692,-0.262451,0.734375
-0.050781,0.179077,1.019897
0.211304,-0.373047,0.854980
-0.574585,0.049072,0.761963
0.457275,-0.247681,1.042847
-0.238037,-0.331421,0.723877
-0.109619,0.132935,0.974121
0.253052,-0.370361,0.877197
-0.606689,0.066895,0.739380
0.440552,-0.234741,1.044434
-0.183838,-0.377319,0.730957
-0.212524,0.144653,0.942505
0.303589,-0.355103,0.903076
-0.581665,0.029175,0.737915
0.378296,-0.185059,1.040039
-0.168701,-0.365723,0.743408
-0.261108,0.158325,0.948853
0.346924,-0.349487,0.932007
-0.602783,0.040894,0.733154
0.341431,-0.140015,1.035278
-0.104858,-0.392944,0.757568
-0.331421,0.172241,0.914307
0.362305,-0.321167,0.946533
-0.588257,-0.016602,0.703857
0.275757,-0.108643,1.027100
-0.061035,-0.389038,0.783691
-0.403442,0.197632,0.889404
0.407227,-0.304688,0.970093
-0.557739,-0.040405,0.696899
0.181030,-0.010010,1.021240
-0.003052,-0.403931,0.810059
-0.470825,0.166382,0.863525
0.416260,-0.284302,0.994507
-0.518066,-0.098389,0.704956
0.093140,0.079956,1.026611
0.080811,-0.395752,0.822632
-0.524902,0.148804,0.834595
0.431641,-0.261353,1.003174
-0.443359,-0.160156,0.716797
0.025024,0.105103,1.015259
0.178345,-0.413940,0.853516
-0.586060,0.153320,0.797363
0.413574,-0.186646,1.025513
-0.317139,-0.258789,0.734131
-0.082397,0.114502,0.984863
0.243652,-0.458496,0.863525
-0.595825,0.089844,0.773804
0.401733,-0.148438,1.025879
-0.240723,-0.282349,0.713867
-0.197754,0.181641,0.961304
0.315796,-0.387085,0.920654
-0.588989,0.003540,0.744873
0.361816,-0.143799,1.041870
-0.175171,-0.350464,0.706909
-0.315063,0.207642,0.906738
0.380615,-0.353882,0.942871
-0.569214,-0.053101,0.721924
0.273682,-0.094116,1.025146
-0.101929,-0.369385,0.746704
-0.408813,0.222412,0.878296
0.408081,-0.292847,0.969727
-0.539307,-0.072876,0.713501
0.137451,-0.023315,1.004272
0.020508,-0.444946,0.784546
-0.505127,0.196655,0.842529
0.416504,-0.215088,0.997437
-0.457520,-0.104736,0.733032
0.025513,0.088989,1.005371
0.152588,-0.450684,0.831543
-0.569458,0.125732,0.801270
0.411377,-0.165283,1.021851
-0.305786,-0.197388,0.734741
-0.103760,0.171143,0.978638
0.277588,-0.414917,0.884155
-0.597412,0.043457,0.736694
0.380981,-0.144531,1.022827
-0.206177,-0.333130,0.691895
-0.242920,0.217407,0.936646
0.359131,-0.366699,0.923950
-0.575073,0.033325,0.749878
0.297485,-0.094238,1.017212
-0.136963,-0.390259,0.705078
-0.382080,0.208252,0.874023
0.393555,-0.342407,0.933350
-0.533813,-0.069702,0.719238
0.179077,-0.016846,0.998413
-0.014526,-0.386719,0.780273
-0.503906,0.247192,0.846436
0.403687,-0.259033,0.959717
-0.439331,-0.159302,0.734741
0.051636,0.080078,1.010254
0.126953,-0.417725,0.827026
-0.565918,0.165405,0.801025
0.412964,-0.188721,1.003418
-0.286255,-0.223633,0.734985
-0.109131,0.183960,0.987549
0.263794,-0.430298,0.862061
-0.593750,0.077148,0.757812
0.386353,-0.120605,1.032349
-0.186157,-0.318481,0.716797
-0.240356,0.192261,0.934082
0.347656,-0.384155,0.916870
-0.594238,0.006592,0.720581
0.300659,-0.063477,1.022705
-0.090332,-0.384644,0.721436
-0.387573,0.232544,0.881348
0.412964,-0.313232,0.950562
-0.536865,-0.067505,0.714966
0.156006,-0.000854,0.996216
0.008057,-0.397949,0.778442
-0.493164,0.211426,0.845215
0.424561,-0.240112,0.988159
-0.410278,-0.117432,0.751099
0.017090,0.125244,1.006714
0.158936,-0.420288,0.821167
-0.575195,0.132324,0.794800
0.415527,-0.180786,1.014038
-0.264404,-0.268799,0.715942
-0.108032,0.194824,0.979980
0.279297,-0.348145,0.900269
-0.612671,0.078247,0.748169
0.375000,-0.149780,1.017578
-0.156494,-0.376953,0.711914
-0.237793,0.208008,0.918945
0.359131,-0.321533,0.913696
-0.591309,0.068970,0.730591
0.284302,-0.076660,1.000610
-0.066406,-0.390381,0.760132
-0.358398,0.177368,0.872559
0.390991,-0.274048,0.948975
-0.540405,-0.016235,0.719116
0.152466,0.048096,0.997437
0.037964,-0.398682,0.791382
-0.485718,0.173096,0.832886
0.417480,-0.241821,0.980347
-0.397827,-0.131592,0.754517
0.050049,0.130005,1.023071
0.142090,-0.384277,0.825928
-0.589355,0.164185,0.794922
0.417236,-0.200195,0.995850
-0.244873,-0.284424,0.735229
-0.096191,0.208008,0.990356
0.272339,-0.353882,0.891846
-0.583740,0.107178,0.768188
0.378174,-0.130493,1.015259
-0.156006,-0.345459,0.716431
-0.233887,0.178223,0.903809
0.370728,-0.344360,0.930908
-0.572998,0.051758,0.750610
0.296021,-0.062012,1.012207
-0.073975,-0.390137,0.736572
-0.364258,0.209351,0.865112
0.408325,-0.304688,0.940063
-0.525879,-0.051392,0.721069
0.171997,0.020142,1.005981
0.024902,-0.388794,0.784546
-0.493652,0.217163,0.834351
0.433350,-0.256226,0.973877
-0.390869,-0.125854,0.764771
0.039795,0.136353,1.020020
0.135498,-0.369629,0.830933
-0.566772,0.180298,0.774292
0.432983,-0.188965,1.003418
-0.250854,-0.222290,0.775391
-0.079102,0.155518,0.981689
0.260498,-0.361450,0.891602
-0.600220,0.104858,0.741211
0.398560,-0.124268,1.025757
-0.121582,-0.328613,0.743530
-0.219360,0.208740,0.925171
0.356079,-0.339966,0.916748
-0.564697,0.029297,0.741089
0.300903,-0.074585,0.999878
-0.044678,-0.397827,0.739868
-0.355591,0.195557,0.861328
0.418457,-0.283936,0.953613
-0.524658,-0.021851,0.733032
0.157227,0.023193,0.993774
0.056763,-0.430908,0.778320
-0.487671,0.185669,0.824219
0.436035,-0.227661,0.982178
-0.390259,-0.124390,0.756592
0.009399,0.153198,1.007324
0.196289,-0.411865,0.847534
-0.568115,0.114990,0.781250
0.427368,-0.187622,1.016357
-0.213989,-0.262573,0.750366
-0.113770,0.200195,0.969360
0.310303,-0.336304,0.907959
-0.597900,0.084229,0.746338
0.379883,-0.147461,1.020264
-0.087036,-0.383667,0.754028
-0.251953,0.183105,0.893677
0.386108,-0.306885,0.931396
-0.559204,0.030762,0.730591
0.254150,-0.045654,0.983521
-0.007812,-0.402588,0.772339
-0.379517,0.150513,0.843994
0.435181,-0.278931,0.957275
-0.478760,-0.032959,0.760742
0.120239,0.099976,1.001465
0.078979,-0.395752,0.804077
-0.494385,0.141357,0.795410
0.425537,-0.237305,0.986816
-0.367432,-0.156616,0.753418
0.044312,0.153687,1.028320
0.179199,-0.379883,0.842163
-0.569458,0.141968,0.766235
0.429565,-0.199829,0.998901
-0.219849,-0.226685,0.784424
-0.084595,0.181885,0.974854
0.279297,-0.354614,0.898071
-0.588745,0.088257,0.749756
0.401123,-0.156494,1.015137
-0.106323,-0.336304,0.759155
-0.201050,0.169312,0.916626
0.341187,-0.303101,0.944946
-0.566040,0.011475,0.733643
0.319702,-0.080200,1.006836
-0.030151,-0.405029,0.749390
-0.319336,0.178467,0.863770
0.412231,-0.290894,0.955200
-0.503296,-0.018188,0.750977
0.177856,0.001343,0.990112
0.037598,-0.427979,0.774536
-0.414307,0.141357,0.824585
0.451294,-0.258301,0.987671
-0.448120,-0.074829,0.751343
0.079712,0.129395,1.007812
0.121216,-0.407593,0.806641
-0.512573,0.098267,0.788086
0.469727,-0.268555,1.005249
-0.350586,-0.178223,0.751465
-0.035889,0.209106,1.016357
0.226440,-0.388306,0.851440
-0.567627,0.073242,0.743652
0.458618,-0.238770,1.031006
-0.200195,-0.268677,0.785645
-0.123779,0.208374,0.965088
0.288696,-0.343750,0.884521
-0.577759,0.111084,0.765625
0.407593,-0.211792,1.012329
-0.082031,-0.368896,0.803589
-0.202271,0.156860,0.917603
0.348633,-0.316284,0.920532
-0.546509,0.064087,0.741455
0.338623,-0.071533,1.016968
-0.030396,-0.366577,0.774902
-0.274780,0.156372,0.890137
0.403931,-0.392212,0.927124
-0.539185,-0.052856,0.720459
0.252197,-0.016479,1.004761
0.016724,-0.399902,0.754272
-0.345703,0.159302,0.858276
0.434448,-0.318481,0.962646
-0.500122,-0.083984,0.733398
0.156982,0.020142,0.997925
0.058228,-0.441040,0.776489
-0.421265,0.134766,0.816528
0.452881,-0.286865,0.981445
-0.446533,-0.112671,0.750488
0.071899,0.076416,0.998657
0.159546,-0.456177,0.807983
-0.490234,0.091431,0.777954
0.449341,-0.224487,1.003174
-0.324585,-0.169800,0.767212
-0.034912,0.157593,1.004883
0.245605,-0.447388,0.855225
-0.561157,0.080322,0.734985
0.439575,-0.191040,1.032349
-0.173706,-0.258423,0.783813
-0.143555,0.213135,0.976562
0.310181,-0.414795,0.888794
-0.569824,0.064331,0.755615
0.393555,-0.190552,1.013550
-0.052246,-0.359619,0.799438
-0.221924,0.191528,0.936157
0.352783,-0.319458,0.930420
-0.543823,0.015747,0.740234
0.317627,-0.106689,0.994873
0.009521,-0.421631,0.780640
-0.288696,0.149048,0.882812
0.416016,-0.303833,0.966553
-0.515137,-0.013916,0.750610
0.208496,-0.041138,0.980103
0.051270,-0.461914,0.765259
-0.368164,0.102295,0.836304
0.459351,-0.275757,1.006226
-0.476196,-0.098022,0.730591
0.102173,0.073242,0.996948
0.127441,-0.453003,0.801880
-0.451294,0.075317,0.791382
0.465454,-0.254883,1.017944
-0.375000,-0.148804,0.765259
0.004028,0.156372,1.007202
0.208130,-0.435303,0.841187
-0.509888,0.039185,0.764526
0.460571,-0.271118,1.014038
-0.311523,-0.211914,0.762817
-0.060547,0.172852,1.002686
0.287109,-0.438843,0.879639
-0.532837,0.039185,0.750488
0.421753,-0.193115,1.020508
-0.182373,-0.271118,0.791992
-0.135620,0.184692,0.985474
0.336914,-0.441772,0.902344
-0.552856,0.039185,0.753052
0.390259,-0.167358,1.022583
-0.059814,-0.341797,0.806274
-0.226318,0.222046,0.959961
0.368896,-0.359497,0.939697
-0.527466,-0.042969,0.749023
0.338989,-0.162964,1.007202
0.004395,-0.426636,0.798462
-0.292969,0.211548,0.914917
0.411743,-0.342773,0.952026
-0.493042,-0.103149,0.745728
0.244873,-0.084961,1.000977
0.065186,-0.486206,0.776001
-0.343994,0.141968,0.860718
0.442383,-0.283569,0.981323
-0.469116,-0.080078,0.757812
0.162598,-0.013916,1.013428
0.131958,-0.519043,0.801392
-0.417969,0.084229,0.810547
0.442139,-0.251221,0.992432
-0.401855,-0.128052,0.750732
0.056885,0.086304,1.022339
0.232422,-0.524414,0.833984
-0.491821,0.040649,0.762451
0.456299,-0.212646,1.030640
-0.284546,-0.196167,0.771240
-0.077515,0.172119,0.996216
0.310181,-0.455444,0.897705
-0.532715,0.010498,0.756958
0.413818,-0.191406,1.028687
-0.140625,-0.300537,0.794189
-0.168579,0.212524,0.982788
0.375610,-0.399292,0.944946
-0.518066,-0.014282,0.767456
0.358276,-0.139038,1.035278
-0.022339,-0.402344,0.793579
-0.240234,0.154541,0.925659
0.433228,-0.365845,0.972656
-0.498901,-0.067749,0.753540
0.268555,-0.073608,1.022583
0.074829,-0.461182,0.801758
-0.340088,0.141113,0.873535
0.446289,-0.317017,0.985229
-0.433472,-0.147339,0.754028
0.184814,-0.013428,1.036133
0.122803,-0.456787,0.807617
-0.423462,0.126099,0.830322
0.468628,-0.274292,1.015381
-0.362305,-0.175171,0.780151
0.070312,0.058716,1.025146
0.233032,-0.479858,0.855591
-0.492310,0.060303,0.768066
0.460693,-0.217773,1.041504
-0.240845,-0.212158,0.812378
-0.070312,0.145630,1.016113
0.332275,-0.495605,0.903320
-0.518311,0.000366,0.762573
0.409912,-0.144897,1.046997
-0.096558,-0.285645,0.813843
-0.167725,0.207031,0.999390
0.384399,-0.411743,0.958496
-0.512207,-0.083618,0.759155
0.361816,-0.125610,1.049194
0.025635,-0.388672,0.820923
-0.267456,0.168823,0.920288
0.437500,-0.331421,1.002808
-0.452637,-0.104004,0.767822
0.253418,-0.045044,1.054688
0.085815,-0.473999,0.800537
-0.352295,0.133545,0.884033
0.475708,-0.276001,1.026733
-0.402222,-0.143066,0.767334
0.119141,0.031860,1.028809
0.213135,-0.508423,0.848145
-0.443237,0.054077,0.800293
0.500488,-0.233032,1.068848
-0.285889,-0.230835,0.784058
-0.023682,0.154663,1.030029
0.304199,-0.487549,0.899414
-0.499023,0.004761,0.789062
0.477295,-0.219360,1.079224
-0.156982,-0.284058,0.821655
-0.133545,0.228638,1.028931
0.377441,-0.401123,0.968018
-0.503418,-0.016846,0.782349
0.410278,-0.173096,1.066895
0.001099,-0.401001,0.835571
-0.216675,0.202271,0.992676
0.442139,-0.373291,0.996704
-0.469849,-0.065674,0.781006
0.305054,-0.067505,1.055542
0.082520,-0.463989,0.830078
-0.295288,0.129395,0.926758
0.475952,-0.290405,1.050537
-0.429199,-0.115967,0.770996
0.198730,0.009277,1.045776
0.164795,-0.456055,0.865845
-0.389160,0.080933,0.868652
0.523193,-0.275024,1.081665
-0.344482,-0.196167,0.785889
0.067261,0.112671,1.035645
0.267822,-0.458984,0.895264
-0.444702,0.003784,0.801880
0.510376,-0.266113,1.088623
-0.231201,-0.279419,0.812866
-0.030518,0.181763,1.043335
0.336914,-0.391846,0.944702
-0.491821,0.056274,0.804077
0.459106,-0.193726,1.086304
-0.094849,-0.317017,0.858398
-0.114502,0.172607,1.030273
0.402710,-0.396729,0.982300
-0.479370,-0.014282,0.790771
0.400513,-0.101562,1.096191
0.026367,-0.387939,0.852905
-0.202393,0.202393,1.011719
0.445801,-0.367798,1.020508
-0.441772,-0.089478,0.796631
0.353882,-0.083496,1.098511
0.062866,-0.391357,0.859741
-0.288208,0.176636,0.960205
0.493896,-0.310059,1.059326
-0.397461,-0.140991,0.797852
0.259399,-0.017456,1.087036
0.122681,-0.411377,0.872559
-0.344238,0.136597,0.912109
0.530640,-0.270386,1.089844
-0.352295,-0.156372,0.808228
0.155518,0.059570,1.073242
0.233887,-0.470215,0.899292
-0.404541,0.050781,0.841675
0.530151,-0.230469,1.102661
-0.269409,-0.183105,0.812744
0.030640,0.160889,1.064453
0.344482,-0.460938,0.956055
-0.472900,0.020630,0.811157
0.494995,-0.209839,1.110474
-0.139893,-0.273926,0.853271
-0.086182,0.214355,1.055298
0.408813,-0.375977,0.999634
-0.462158,-0.025757,0.812012
0.429810,-0.116211,1.128296
0.028198,-0.382202,0.880981
-0.183350,0.209839,1.037354
0.474243,-0.347778,1.036377
-0.444702,-0.065186,0.801636
0.346558,-0.059326,1.102051
0.093994,-0.379883,0.894165
-0.276855,0.200195,0.993774
0.522583,-0.306641,1.081909
-0.389648,-0.144409,0.801392
0.229248,0.042358,1.093750
0.189941,-0.387329,0.924561
-0.358032,0.111816,0.916748
0.546509,-0.258301,1.125000
-0.322021,-0.225464,0.794922
0.120483,0.099976,1.083496
0.309937,-0.423096,0.961548
-0.427490,0.081665,0.845947
0.513428,-0.185791,1.114502
-0.199341,-0.253418,0.840820
0.013428,0.139282,1.061035
0.375366,-0.405640,0.995117
-0.460449,0.016846,0.830933
0.495728,-0.126587,1.154541
-0.088867,-0.296387,0.865112
-0.109253,0.215088,1.069824
0.453613,-0.367310,1.035034
-0.433594,-0.048462,0.826050
0.429443,-0.071167,1.148682
0.041626,-0.347168,0.887817
-0.197021,0.221191,1.035645
0.492676,-0.316528,1.071045
-0.427246,-0.104736,0.811035
0.359131,-0.073486,1.128296
0.100708,-0.377075,0.920776
-0.284058,0.194580,0.983765
0.526367,-0.229614,1.123535
-0.373901,-0.124146,0.807129
0.252441,0.028931,1.129150
0.224609,-0.447998,0.946167
-0.380371,0.105713,0.912598
0.549438,-0.239502,1.131592
-0.303589,-0.196533,0.810669
0.133423,0.135254,1.112061
0.343628,-0.444946,0.968628
-0.435059,0.091675,0.872437
0.525635,-0.185913,1.135132
-0.189331,-0.249878,0.853516
0.021240,0.180664,1.106445
0.390259,-0.386597,1.006470
-0.457520,0.044067,0.860229
0.509766,-0.158569,1.140259
-0.054321,-0.344482,0.870605
-0.089355,0.183105,1.077271
0.434448,-0.343384,1.058228
-0.448242,-0.039795,0.829346
0.456421,-0.098022,1.163940
0.017578,-0.363037,0.876343
-0.171753,0.217773,1.075806
0.500244,-0.326416,1.083374
-0.433105,-0.078857,0.820435
0.380493,-0.017212,1.162720
0.052124,-0.341187,0.900269
-0.238892,0.184570,1.024780
0.540161,-0.272583,1.139038
-0.394165,-0.162109,0.810303
0.319702,-0.002808,1.152222
0.153076,-0.373535,0.915894
-0.327148,0.194336,0.958618
0.564453,-0.246948,1.139648
-0.315308,-0.226807,0.825073
0.200195,0.042114,1.109741
0.240479,-0.405029,0.966064
-0.391846,0.101685,0.885498
0.555786,-0.197266,1.149292
-0.242676,-0.227417,0.852173
0.103149,0.123901,1.117676
0.330566,-0.422119,0.994873
-0.458862,0.071411,0.851807
0.539062,-0.164307,1.166138
-0.142822,-0.249268,0.873413
-0.011230,0.207642,1.119385
0.408569,-0.391602,1.020996
-0.459839,0.023071,0.848877
0.496948,-0.109497,1.169067
-0.016846,-0.331665,0.884644
-0.103760,0.198608,1.093750
0.456665,-0.342285,1.047607
-0.458862,-0.027954,0.830200
0.437134,-0.082764,1.164673
0.022217,-0.339844,0.896240
-0.200317,0.196045,1.044067
0.523071,-0.287842,1.117432
-0.429688,-0.063721,0.817749
0.343018,-0.009155,1.149292
0.112671,-0.373291,0.919922
-0.289673,0.163940,0.992188
0.553955,-0.245605,1.144287
-0.355225,-0.148438,0.814819
0.238403,0.081543,1.134766
0.215332,-0.405762,0.931519
-0.361694,0.098755,0.926758
0.562988,-0.234863,1.151001
-0.275635,-0.221924,0.838257
0.112915,0.147095,1.119385
0.318604,-0.411621,0.975830
-0.437988,0.073242,0.881104
0.549805,-0.213135,1.154419
-0.170776,-0.293213,0.861084
-0.006348,0.202148,1.108398
0.382935,-0.359253,0.994385
-0.462646,0.043457,0.859741
0.514282,-0.191406,1.149048
-0.043945,-0.364624,0.881836
-0.094360,0.165161,1.063477
0.427979,-0.313599,1.041870
-0.449219,-0.019043,0.816284
0.454346,-0.081787,1.179077
-0.004028,-0.375244,0.872437
-0.199341,0.197021,1.059082
0.492798,-0.317871,1.083374
-0.446533,-0.049072,0.819092
0.380371,-0.017212,1.173096
0.074707,-0.343872,0.904053
-0.295288,0.206055,1.005493
0.524048,-0.286255,1.110718
-0.398071,-0.146484,0.803101
0.294922,0.004028,1.143677
0.160278,-0.387695,0.927368
-0.353027,0.161377,0.939575
0.539673,-0.263306,1.100830
-0.318848,-0.198853,0.826782
0.176514,0.057373,1.113159
0.250732,-0.410522,0.963379
-0.427246,0.113892,0.894165
0.537964,-0.178955,1.137329
-0.253052,-0.241699,0.829590
0.061035,0.142090,1.096680
0.328369,-0.411011,0.975098
-0.441650,0.037354,0.858765
0.519043,-0.155884,1.144287
-0.130615,-0.287964,0.850952
-0.025757,0.166138,1.095825
0.373779,-0.384644,0.992920
-0.468872,-0.003540,0.831299
0.497192,-0.148804,1.158813
-0.087769,-0.328735,0.826416
-0.100586,0.186401,1.073608
0.422363,-0.332397,1.017944
-0.490967,-0.004639,0.809937
0.443237,-0.130127,1.146484
-0.009766,-0.355591,0.863647
-0.217773,0.204834,1.029541
0.457397,-0.276978,1.058472
-0.473755,-0.065308,0.789429
0.384521,-0.100586,1.150269
0.054199,-0.359863,0.898560
-0.308228,0.208618,0.983276
0.495117,-0.260742,1.083252
-0.409546,-0.136108,0.781128
0.249146,-0.013428,1.120850
0.158325,-0.414673,0.920898
-0.377197,0.134766,0.924561
0.520508,-0.249146,1.099121
-0.334351,-0.180054,0.789673
0.128296,0.113159,1.106079
0.226440,-0.401001,0.924561
-0.442627,0.067383,0.869629
0.526733,-0.237915,1.126831
-0.243896,-0.271606,0.829712
0.024780,0.140381,1.071289
0.289551,-0.368896,0.937378
-0.470459,0.044312,0.833008
0.510498,-0.208496,1.130127
-0.133545,-0.348633,0.817871
-0.060791,0.145752,1.062378
0.363281,-0.358887,0.973022
-0.482300,0.000977,0.809204
0.457764,-0.136475,1.129639
-0.093750,-0.329834,0.834595
-0.164795,0.168823,1.033691
0.429688,-0.338013,1.029785
-0.496582,-0.026001,0.790771
0.393188,-0.073608,1.143188
-0.043213,-0.315063,0.847046
-0.276367,0.186035,0.994263
0.478638,-0.314575,1.063599
-0.469238,-0.103271,0.780640
0.286621,-0.031738,1.123901
0.070801,-0.390259,0.868042
-0.367432,0.187500,0.934814
0.497803,-0.278442,1.069214
-0.395020,-0.144653,0.790527
0.175049,0.011841,1.081055
0.164185,-0.413818,0.893921
-0.438965,0.109375,0.871094
0.508911,-0.204346,1.108765
-0.336060,-0.207764,0.782349
0.055908,0.113159,1.070801
0.258789,-0.422363,0.911133
-0.499023,0.028687,0.829224
0.496948,-0.217285,1.104614
-0.190430,-0.302124,0.780884
-0.056763,0.152344,1.031372
0.314331,-0.342163,0.946167
-0.503906,-0.005737,0.791016
0.468384,-0.195923,1.114990
-0.142334,-0.375122,0.784790
-0.177612,0.140869,0.996338
0.370117,-0.332886,0.984985
-0.515137,-0.025635,0.773682
0.414551,-0.113770,1.129761
-0.086182,-0.330688,0.818848
-0.272949,0.184570,0.980347
0.430298,-0.326294,1.021118
-0.515503,-0.031494,0.771484
0.293823,-0.071045,1.085449
0.003906,-0.362061,0.852295
-0.347900,0.153687,0.932617
0.459351,-0.279419,1.057983
-0.450684,-0.112183,0.756958
0.206909,0.025513,1.085327
0.067749,-0.397339,0.847900
-0.432251,0.059448,0.865845
0.560059,-0.242065,1.139038
-0.410767,-0.163574,0.755127
0.018066,0.184937,1.094360
0.160889,-0.411255,0.866699
-0.458496,0.029907,0.843262
0.531128,-0.214722,1.137817
-0.135376,-0.321533,0.840210
-0.038818,0.165405,1.069946
0.355469,-0.342163,0.980347
-0.478027,0.010864,0.813599
0.497803,-0.171143,1.142212
-0.081787,-0.350586,0.836060
-0.123047,0.151489,1.042114
0.387817,-0.325806,1.005981
-0.499512,-0.003906,0.802002
0.449951,-0.124634,1.140381
-0.035767,-0.331055,0.867310
-0.221069,0.206177,1.026978
0.436279,-0.295654,1.047241
-0.479370,-0.075928,0.787842
0.399048,-0.106812,1.144409
-0.001465,-0.367432,0.857056
-0.289917,0.231079,0.991699
0.494019,-0.302979,1.055664
-0.431274,-0.090454,0.784668
0.266724,-0.035767,1.105835
0.077637,-0.398438,0.886719
-0.344360,0.141113,0.931641
0.521606,-0.253174,1.098145
-0.395630,-0.145508,0.772339
0.164429,0.095215,1.113159
0.170776,-0.417236,0.901978
-0.446411,0.073242,0.865967
0.527954,-0.278809,1.104370
-0.339478,-0.248413,0.783325
0.079346,0.167969,1.095459
0.231934,-0.350098,0.903687
-0.476074,0.069092,0.842651
0.518677,-0.273193,1.093994
-0.213135,-0.346191,0.799072
0.009766,0.124390,1.054932
0.270630,-0.336914,0.916748
-0.501587,0.049438,0.804565
0.501343,-0.231201,1.104736
-0.153564,-0.374756,0.798706
-0.078979,0.126465,1.027222
0.324707,-0.351074,0.948242
-0.505005,0.006836,0.797974
0.461426,-0.183105,1.110229
-0.125000,-0.386963,0.788574
-0.178955,0.162476,1.004150
0.388672,-0.352661,0.978638
-0.522949,0.014648,0.791138
0.408447,-0.128418,1.116699
-0.106201,-0.331665,0.824707
-0.239746,0.147217,0.976074
0.415039,-0.328979,1.017944
-0.499146,-0.052490,0.767944
0.343628,-0.058716,1.128784
-0.063965,-0.335815,0.822754
-0.315186,0.168823,0.952881
0.465210,-0.328125,1.036865
-0.466064,-0.100220,0.757324
0.270630,-0.001587,1.102539
0.010010,-0.348511,0.837036
-0.362305,0.174194,0.927490
0.464478,-0.307251,1.027832
-0.450928,-0.124268,0.766724
0.222778,-0.026001,1.078613
0.074219,-0.388184,0.846313
-0.454956,0.166748,0.868896
0.487305,-0.266479,1.059570
-0.394531,-0.210449,0.764038
0.123413,0.052490,1.075317
0.129272,-0.391357,0.873047
-0.480469,0.115723,0.848145
0.488403,-0.252686,1.065674
-0.356323,-0.221191,0.767212
0.031372,0.067627,1.038818
0.234985,-0.433838,0.891235
-0.504150,0.073975,0.811157
0.471069,-0.170044,1.084351
-0.251465,-0.236206,0.775757
-0.074585,0.140381,1.021240
0.316650,-0.461548,0.921631
-0.541016,0.028687,0.787598
0.439941,-0.128784,1.085815
-0.189819,-0.270752,0.765503
-0.174683,0.169434,1.000732
0.357544,-0.388184,0.957764
-0.545898,-0.037598,0.776123
0.384033,-0.112671,1.094238
-0.140625,-0.348145,0.755493
-0.284912,0.192627,0.952148
0.407593,-0.340210,0.994019
-0.536743,-0.064209,0.743652
0.313354,-0.077393,1.085327
-0.068237,-0.343628,0.783936
-0.375122,0.182251,0.908325
0.443481,-0.313599,1.016113
-0.488159,-0.098877,0.744019
0.207520,-0.005615,1.058228
0.040283,-0.389526,0.822266
-0.449951,0.171509,0.867798
0.439331,-0.277954,1.019409
-0.449341,-0.160645,0.754150
0.116211,0.024658,1.043457
0.125488,-0.405273,0.855713
-0.522461,0.130127,0.827759
0.453491,-0.258301,1.026611
-0.337891,-0.219971,0.765381
-0.006714,0.098755,1.021362
0.226196,-0.415527,0.883789
-0.553711,0.086792,0.794800
0.426880,-0.202271,1.033569
-0.253662,-0.266235,0.745117
-0.102173,0.139160,0.991211
0.286255,-0.382446,0.902222
-0.560181,0.017822,0.771240
0.411865,-0.163086,1.058228
-0.203491,-0.346680,0.713501
-0.232056,0.180298,0.965454
0.347656,-0.354614,0.946045
-0.554565,-0.021973,0.754761
0.357056,-0.135620,1.067993
-0.146484,-0.371216,0.743652
-0.327393,0.164062,0.913086
0.395020,-0.330078,0.975098
-0.558105,-0.047241,0.724731
0.255859,-0.067627,1.044312
-0.042603,-0.370605,0.800659
-0.421387,0.181885,0.883423
0.415527,-0.291016,1.001709
-0.533447,-0.109009,0.700317
0.152710,0.010010,1.026611
0.069580,-0.420654,0.837524
-0.505615,0.151978,0.851562
0.434692,-0.257690,1.024414
-0.444702,-0.156860,0.720459
0.029419,0.141113,1.030273
0.159058,-0.398682,0.846558
-0.538086,0.095825,0.830444
0.440308,-0.249878,1.027100
-0.338989,-0.232788,0.727539
-0.060425,0.150024,0.985229
0.226074,-0.402100,0.859741
-0.565796,0.061401,0.781494
0.429199,-0.228638,1.038208
-0.261230,-0.320557,0.711548
-0.153442,0.156006,0.963257
0.286133,-0.392944,0.886108
-0.583984,0.047363,0.768311
0.415283,-0.197510,1.049194
-0.199951,-0.352417,0.721558
-0.252930,0.178711,0.924683
0.323486,-0.349121,0.917847
-0.565186,0.023071,0.759033
0.365601,-0.167969,1.044556
-0.166870,-0.388794,0.720459
-0.312134,0.172241,0.892456
0.366211,-0.326416,0.930176
-0.574341,0.001953,0.723877
0.288330,-0.106079,1.030273
-0.079834,-0.393921,0.766357
-0.388062,0.184692,0.882202
0.375000,-0.311401,0.940186
-0.550537,-0.023193,0.718140
0.217529,-0.041748,1.015015
-0.026245,-0.388672,0.786987
-0.472656,0.214233,0.873657
0.408447,-0.287964,0.977051
-0.510376,-0.130493,0.716064
0.112915,0.062866,1.024902
0.042603,-0.412842,0.805908
-0.522217,0.187378,0.849731
0.427979,-0.251099,1.006836
-0.437744,-0.147095,0.728882
0.036133,0.129517,1.019165
0.129761,-0.411133,0.841187
-0.568115,0.133301,0.803223
0.421875,-0.246704,1.009521
-0.346924,-0.247070,0.708252
-0.028564,0.170654,1.002075
0.192993,-0.386108,0.850464
-0.608643,0.114624,0.777466
0.446533,-0.274170,1.013550
-0.280273,-0.308350,0.708618
-0.095459,0.181885,0.978027
0.224243,-0.379395,0.854492
-0.604370,0.110229,0.762695
0.433838,-0.215332,1.039307
-0.239990,-0.320435,0.720825
-0.149780,0.166992,0.963257
0.269531,-0.367188,0.872070
-0.622559,0.080566,0.740356
0.419067,-0.222656,1.022461
-0.191162,-0.351807,0.729248
-0.209961,0.161255,0.931030
0.308472,-0.347046,0.901245
-0.609741,0.054565,0.723022
0.379150,-0.165771,1.028198
-0.166138,-0.361694,0.725342
-0.276123,0.161133,0.907471
0.343506,-0.357788,0.909302
-0.596191,0.040161,0.725708
0.346680,-0.131714,1.012817
-0.138550,-0.348877,0.733765
-0.338867,0.180176,0.889160
0.376953,-0.362183,0.930420
-0.576294,0.000977,0.713745
0.288574,-0.070190,1.024536
-0.110596,-0.375854,0.741699
-0.376709,0.191650,0.873779
0.401855,-0.333008,0.942749
-0.566406,-0.011353,0.716187
0.236694,-0.021973,1.012329
-0.055176,-0.395508,0.756348
-0.431763,0.207886,0.857300
0.395264,-0.292969,0.951416
-0.532227,-0.088013,0.702393
0.199219,-0.019897,1.022217
-0.013672,-0.413818,0.770508
-0.489746,0.242310,0.852173
0.405884,-0.261108,0.957642
-0.492310,-0.076538,0.728271
0.137207,0.022827,1.026733
0.044922,-0.432129,0.789795
-0.542114,0.234375,0.827515
0.413574,-0.228638,0.968384
-0.435303,-0.106689,0.743530
0.065430,0.075195,1.016113
0.122070,-0.445312,0.816650
-0.560791,0.204712,0.811401
0.411865,-0.194946,0.984497
-0.373657,-0.132568,0.742798
-0.004150,0.147949,1.015991
0.210205,-0.430298,0.857056
-0.592773,0.130859,0.790161
0.419312,-0.187500,1.007568
-0.303833,-0.194824,0.725952
-0.083740,0.189453,0.984619
0.266602,-0.393066,0.880493
-0.605835,0.095093,0.774414
0.415161,-0.163940,1.030762
-0.235596,-0.290649,0.718262
-0.173584,0.198242,0.950684
0.318970,-0.398804,0.885986
-0.598022,0.076782,0.771606
0.378296,-0.134399,1.019653
-0.176270,-0.311768,0.725220
-0.235840,0.198486,0.918945
0.365967,-0.378052,0.911255
-0.589111,0.027588,0.744629
0.344360,-0.111328,1.015503
-0.123047,-0.363281,0.722168
-0.318726,0.205933,0.873657
0.392212,-0.331299,0.923828
-0.562134,-0.008301,0.722046
0.271118,-0.040894,1.009033
-0.080078,-0.380859,0.736694
-0.394287,0.197510,0.855225
0.419189,-0.310913,0.954468
-0.533691,-0.056885,0.710571
0.191650,0.028076,1.017944
-0.015015,-0.378052,0.768066
-0.471558,0.221069,0.849121
0.433838,-0.299561,0.961792
-0.459106,-0.113281,0.746704
0.113770,0.095703,1.024658
0.067383,-0.376709,0.805786
-0.536865,0.238525,0.823486
0.427856,-0.237061,0.980835
-0.366699,-0.196533,0.745239
0.049194,0.114502,1.014404
0.148315,-0.401733,0.838013
-0.594238,0.213867,0.783447
0.427246,-0.175537,0.992798
-0.266724,-0.208740,0.766235
-0.042603,0.146606,0.998657
0.226318,-0.405518,0.878174
-0.604248,0.170288,0.757446
0.416626,-0.118286,1.004517
-0.208496,-0.244019,0.745728
-0.145874,0.181519,0.953491
0.314209,-0.414307,0.897339
-0.594238,0.104004,0.749268
0.386230,-0.080811,1.014160
-0.142456,-0.304810,0.732910
-0.235840,0.186646,0.915039
0.373535,-0.393433,0.923584
-0.574829,0.060913,0.745972
0.331665,-0.027710,1.018188
-0.069092,-0.333130,0.741211
-0.327881,0.197754,0.872192
0.400757,-0.346436,0.946533
-0.538574,-0.030640,0.733154
0.255859,-0.005249,1.003296
-0.026611,-0.368164,0.756104
-0.416626,0.202026,0.849976
0.425537,-0.289673,0.964722
-0.492188,-0.114746,0.725586
0.158936,0.032959,1.005859
0.037842,-0.367310,0.792480
-0.494263,0.214600,0.817993
0.438110,-0.220825,0.990479
-0.398926,-0.172852,0.749023
0.055542,0.100098,1.009399
0.137695,-0.391602,0.825562
-0.545410,0.173828,0.797607
0.443848,-0.192871,1.003052
-0.298828,-0.175903,0.763428
-0.051880,0.160156,0.987915
0.243652,-0.395752,0.870728
-0.582520,0.126587,0.748047
0.428955,-0.145508,1.015747
-0.178101,-0.284424,0.755981
-0.159790,0.193604,0.957397
0.323486,-0.399902,0.895630
-0.583740,0.071411,0.760742
0.386597,-0.123657,1.025757
-0.081299,-0.325928,0.762817
-0.279297,0.209106,0.886475
0.384766,-0.320557,0.939819
-0.547119,-0.032471,0.721680
0.275757,-0.073486,0.997559
-0.010498,-0.402710,0.755127
-0.384644,0.201050,0.849976
0.428955,-0.271362,0.958740
-0.469849,-0.095703,0.746948
0.128540,0.035767,0.994629
0.068604,-0.404053,0.790405
-0.486328,0.171753,0.806396
0.439819,-0.206665,0.992554
-0.366577,-0.156738,0.758667
0.005981,0.122437,1.004395
0.191406,-0.433105,0.839844
-0.557251,0.095581,0.759155
0.444702,-0.176147,1.022949
-0.215820,-0.218628,0.770630
-0.141846,0.207886,0.973755
0.316162,-0.389526,0.901611
-0.578369,0.053223,0.749634
0.384766,-0.130493,1.023560
-0.061523,-0.363159,0.768921
-0.289551,0.223877,0.897217
0.385254,-0.338135,0.939819
-0.530884,-0.043213,0.731689
0.271973,-0.059326,1.000732
0.003906,-0.400024,0.767944
-0.381836,0.175659,0.845093
0.432251,-0.264893,0.960815
-0.468384,-0.073730,0.759399
0.120483,0.040405,0.991333
0.103027,-0.433350,0.803589
-0.490479,0.150513,0.800537
0.446411,-0.201172,1.001953
-0.355469,-0.154419,0.751587
-0.019775,0.136719,0.990356
0.225098,-0.424805,0.851685
-0.553589,0.063721,0.750000
0.434204,-0.159912,1.027466
-0.170776,-0.255615,0.779907
-0.168823,0.198975,0.949829
0.328491,-0.390015,0.903687
-0.555908,0.043213,0.751587
0.375488,-0.099854,1.026489
-0.040527,-0.388550,0.756470
-0.279053,0.188599,0.885864
0.395142,-0.311890,0.944336
-0.530029,-0.053467,0.725708
0.244507,-0.061768,0.987915
0.024414,-0.434082,0.763916
-0.383667,0.146973,0.833984
0.429565,-0.268555,0.973022
-0.464478,-0.075928,0.755493
0.102661,0.057007,0.989014
0.120483,-0.455933,0.798950
-0.503906,0.115723,0.793213
0.446289,-0.213867,1.013184
-0.328979,-0.169922,0.768311
-0.037354,0.181396,1.013550
0.255737,-0.442749,0.866699
-0.552612,0.070679,0.760010
0.436646,-0.209595,1.024292
-0.187500,-0.257324,0.783691
-0.137695,0.198242,0.968506
0.325195,-0.384766,0.906494
-0.570557,0.052612,0.758057
0.385742,-0.161011,1.019287
-0.059814,-0.376099,0.773926
-0.236328,0.171631,0.911865
0.377197,-0.325439,0.949219
-0.543457,-0.027344,0.738403
0.294312,-0.109497,0.986938
0.018433,-0.451538,0.777100
-0.327271,0.137451,0.857422
0.414551,-0.287109,0.962158
-0.499390,-0.076538,0.720581
0.191650,-0.014526,1.003296
0.072021,-0.447754,0.786865
-0.423462,0.105469,0.812134
0.461792,-0.277344,0.989258
-0.438721,-0.122681,0.744019
0.071289,0.100952,1.015381
0.156494,-0.447632,0.823608
-0.513306,0.080933,0.773193
0.485229,-0.274292,1.021729
-0.323120,-0.194336,0.768799
-0.066895,0.213623,1.013550
0.260376,-0.410767,0.861572
-0.541504,0.024048,0.736816
0.436890,-0.227905,1.024780
-0.161621,-0.291992,0.798950
-0.152710,0.219482,0.976929
0.319946,-0.359131,0.910889
-0.564087,0.036255,0.747925
0.403198,-0.200317,1.028809
-0.054565,-0.353638,0.809814
-0.220459,0.201172,0.947754
0.359009,-0.319214,0.936646
-0.527466,0.023682,0.761230
0.315918,-0.124634,0.985229
0.015869,-0.384521,0.817749
-0.284912,0.123413,0.888306
0.413818,-0.312622,0.973389
-0.520752,-0.056763,0.722778
0.238525,-0.045288,1.003540
0.055664,-0.456177,0.780396
-0.358765,0.119263,0.850708
0.453003,-0.299194,0.991333
-0.473145,-0.122925,0.733276
0.140015,-0.000610,0.999268
0.110107,-0.463745,0.788208
-0.434570,0.130371,0.810059
0.465942,-0.260864,1.001953
-0.393066,-0.136353,0.776489
0.033691,0.081909,1.000610
0.204956,-0.504395,0.828125
-0.495361,0.040283,0.751221
0.473389,-0.225708,1.041870
-0.294678,-0.166382,0.786255
-0.080933,0.184082,1.007080
0.292114,-0.468750,0.883423
-0.520996,-0.007080,0.740601
0.437256,-0.199463,1.044189
-0.162842,-0.268433,0.809082
-0.181885,0.211670,0.973389
0.353271,-0.436035,0.915527
-0.519531,-0.004150,0.764404
0.386475,-0.137207,1.043335
-0.047119,-0.342285,0.809082
-0.247437,0.188965,0.943481
0.396729,-0.405029,0.947388
-0.516968,-0.097778,0.737915
0.316528,-0.098877,1.030029
0.047852,-0.423218,0.794922
-0.313721,0.201050,0.907837
0.440796,-0.340698,0.980103
-0.473389,-0.152344,0.750610
0.207764,-0.066406,0.998779
0.080078,-0.454346,0.788574
-0.358276,0.121948,0.845215
0.477051,-0.274536,1.008423
-0.431641,-0.120605,0.758301
0.077881,0.045776,0.991943
0.194336,-0.524536,0.825195
-0.445801,0.037231,0.798950
0.483765,-0.248779,1.046509
-0.336060,-0.163818,0.777710
-0.041992,0.148804,0.998413
0.289185,-0.464478,0.894043
-0.504272,-0.012085,0.760498
0.437134,-0.208740,1.055542
-0.171387,-0.269897,0.798950
-0.128418,0.224609,1.024658
0.354004,-0.409546,0.937866
-0.527588,-0.014771,0.772827
0.383057,-0.164307,1.045288
-0.022461,-0.387329,0.816772
-0.206299,0.192627,0.969482
0.413940,-0.370239,0.976196
-0.513916,-0.032837,0.759766
0.314575,-0.128174,1.024170
0.071655,-0.472900,0.813110
-0.298218,0.155884,0.909668
0.462158,-0.314453,1.006592
-0.463013,-0.083740,0.774780
0.194702,-0.043701,1.012817
0.118042,-0.478760,0.823120
-0.369629,0.104858,0.863403
0.494263,-0.270630,1.043335
-0.401978,-0.119995,0.770142
0.082642,0.062744,1.022339
0.228271,-0.502930,0.860474
-0.444214,0.018555,0.794922
0.489502,-0.249634,1.061890
-0.299316,-0.210693,0.781738
-0.017822,0.152222,1.026001
0.318481,-0.452881,0.908081
-0.510620,0.030029,0.775513
0.457520,-0.218506,1.072754
-0.149292,-0.301392,0.827271
-0.116821,0.183472,1.008911
0.379883,-0.402222,0.961670
-0.499512,-0.016235,0.776367
0.400513,-0.132324,1.082397
-0.037476,-0.373047,0.828003
-0.217407,0.196777,0.980225
0.446411,-0.395874,0.991211
-0.472900,-0.100464,0.769043
0.320557,-0.061768,1.073120
0.068604,-0.407959,0.831055
-0.293945,0.175659,0.940308
0.483032,-0.347046,1.026978
-0.424438,-0.163086,0.767456
0.240845,-0.030518,1.056763
0.132080,-0.420288,0.849365
-0.367065,0.142212,0.885742
0.493774,-0.256226,1.050781
-0.358032,-0.145142,0.791504
0.135742,0.062012,1.060791
0.246826,-0.478394,0.886108
-0.446655,0.062500,0.813843
0.489258,-0.233521,1.062988
-0.255005,-0.247559,0.804077
-0.006958,0.145142,1.045776
0.344116,-0.438477,0.945557
-0.482422,0.027100,0.802246
0.456909,-0.175659,1.091553
-0.113647,-0.312256,0.819214
-0.113159,0.209351,1.043091
0.402466,-0.374756,0.989258
-0.479004,-0.037598,0.801147
0.398315,-0.122192,1.106567
0.028564,-0.422607,0.839111
-0.211304,0.186768,0.996094
0.460327,-0.329224,1.025146
-0.451294,-0.085083,0.778564
0.325439,-0.070190,1.080566
0.091431,-0.406494,0.868530
-0.298584,0.149658,0.943481
0.497192,-0.277588,1.073486
-0.403809,-0.142090,0.775757
0.203125,0.022461,1.065552
0.200073,-0.476440,0.889771
-0.388062,0.068848,0.876099
0.526001,-0.238892,1.100952
-0.320312,-0.198608,0.782715
0.089600,0.142700,1.082764
0.292847,-0.456177,0.930664
-0.453369,0.025757,0.821777
0.534546,-0.246948,1.125488
-0.224976,-0.282593,0.814331
-0.026489,0.191528,1.059082
0.380127,-0.419189,0.964111
-0.491577,0.032837,0.822388
0.495483,-0.204346,1.123779
-0.083862,-0.325317,0.871826
-0.103149,0.176025,1.034424
0.416992,-0.368042,1.010254
-0.473389,0.014404,0.810669
0.423462,-0.127441,1.121582
0.041748,-0.390381,0.885132
-0.172363,0.181519,1.037964
0.458862,-0.339111,1.040894
-0.449829,-0.046753,0.791016
0.363159,-0.050537,1.112427
0.077148,-0.376343,0.889771
-0.252319,0.195068,1.019287
0.511353,-0.292969,1.096313
-0.403687,-0.131714,0.796753
0.282715,0.008301,1.110718
0.132080,-0.395630,0.896484
-0.321411,0.157593,0.956299
0.556519,-0.268188,1.126709
-0.340820,-0.193359,0.812866
0.173584,0.072876,1.090332
0.241943,-0.433350,0.927490
-0.375732,0.088257,0.883911
0.535522,-0.224243,1.114258
-0.281738,-0.221313,0.828003
0.087280,0.108643,1.088867
0.332031,-0.459961,0.966797
-0.432495,0.085449,0.862793
0.513550,-0.147705,1.142700
-0.177734,-0.257202,0.847656
-0.025391,0.174683,1.081055
0.402710,-0.418945,1.008911
-0.451904,0.020996,0.834106
0.493408,-0.112915,1.153809
-0.049805,-0.298828,0.886475
-0.125488,0.216187,1.072510
0.464233,-0.375244,1.043823
-0.435547,-0.040894,0.832153
0.430420,-0.069824,1.147949
0.045044,-0.334595,0.880005
-0.199463,0.211426,1.033203
0.499634,-0.265869,1.099365
-0.429443,-0.100952,0.797729
0.349731,-0.054688,1.130371
0.118896,-0.389526,0.926880
-0.292725,0.188843,0.999512
0.548218,-0.262451,1.123169
-0.366821,-0.145386,0.815552
0.218506,0.037231,1.104126
0.233643,-0.422119,0.948364
-0.358887,0.088501,0.891724
0.554688,-0.194580,1.154297
-0.261230,-0.238037,0.834717
0.088379,0.132935,1.091553
0.325562,-0.452637,0.973999
-0.441284,0.090332,0.867065
0.553711,-0.199341,1.145142
-0.137329,-0.259155,0.877930
-0.023438,0.224487,1.103638
0.388794,-0.361694,1.006470
-0.437256,0.006226,0.842651
0.500244,-0.132812,1.166138
-0.017334,-0.335693,0.889771
-0.121460,0.211182,1.077271
0.457764,-0.355347,1.047729
-0.449951,-0.045288,0.830566
0.445435,-0.064819,1.168579
0.048584,-0.346924,0.904053
-0.214600,0.238159,1.053589
0.493652,-0.287109,1.095215
-0.419189,-0.099976,0.805420
0.356201,-0.018677,1.168579
0.115723,-0.377808,0.926880
-0.280029,0.181519,1.007324
0.546631,-0.263306,1.137085
-0.370605,-0.137451,0.817505
0.235352,0.052002,1.124878
0.220093,-0.407837,0.951172
-0.347534,0.094604,0.926270
0.574829,-0.239746,1.153931
-0.306152,-0.205078,0.830322
0.118408,0.121582,1.104126
0.311523,-0.401489,0.976685
-0.432007,0.055908,0.874634
0.561890,-0.209961,1.169067
-0.182495,-0.301514,0.848389
-0.005249,0.200928,1.113525
0.382324,-0.396973,0.993286
-0.447266,0.024536,0.863403
0.525513,-0.168823,1.156982
-0.044922,-0.323486,0.883545
-0.083008,0.199097,1.082520
0.417969,-0.343994,1.020996
-0.454102,-0.035400,0.834473
0.487915,-0.152466,1.172852
-0.019287,-0.343628,0.878784
-0.150635,0.240967,1.073730
0.468628,-0.300049,1.065308
-0.452759,-0.043213,0.816650
0.418091,-0.078735,1.169189
0.039795,-0.375366,0.897095
-0.247559,0.220825,1.038574
0.517334,-0.283936,1.102905
-0.412231,-0.088501,0.819946
0.317017,-0.009766,1.152222
0.139526,-0.394043,0.930542
-0.320801,0.153442,0.962891
0.548340,-0.270508,1.122070
-0.353638,-0.180298,0.810669
0.219727,0.062134,1.124756
0.227905,-0.395386,0.940186
-0.387085,0.122925,0.902832
0.551147,-0.241333,1.129639
-0.288086,-0.239990,0.823853
0.123657,0.087891,1.105591
0.310669,-0.391968,0.974609
-0.446045,0.092529,0.865356
0.527466,-0.141724,1.143433
-0.170654,-0.257446,0.860596
0.001343,0.167358,1.103271
0.363281,-0.411255,0.994019
-0.459229,0.008667,0.853882
0.445435,-0.091553,1.162720
-0.066284,-0.312988,0.847656
-0.222412,0.253052,1.049194
0.437988,-0.360962,1.033447
-0.410034,-0.129883,0.815918
0.343750,-0.041748,1.140259
0.129028,-0.384766,0.928223
-0.296631,0.196655,0.976929
0.548706,-0.239990,1.133789
-0.340942,-0.184204,0.823730
0.226074,0.020264,1.123413
0.244385,-0.422363,0.953735
-0.385010,0.112061,0.901245
0.557373,-0.190552,1.148804
-0.244263,-0.223999,0.841187
0.077637,0.146973,1.107544
0.345093,-0.430054,0.987427
-0.450806,0.062378,0.865601
0.538574,-0.180176,1.158203
-0.115845,-0.273804,0.879272
-0.034180,0.219116,1.109497
0.413452,-0.353760,1.026855
-0.453125,-0.000366,0.850952
0.482788,-0.124146,1.165771
-0.009521,-0.355713,0.876465
-0.133667,0.200073,1.069092
0.477783,-0.324219,1.063843
-0.440308,-0.012085,0.831421
0.400024,-0.011841,1.168213
0.055664,-0.364502,0.898438
-0.242798,0.180420,1.047607
0.523438,-0.301270,1.129150
-0.415527,-0.131592,0.812866
0.325195,0.032104,1.171021
0.143677,-0.387939,0.914307
-0.342529,0.183716,0.958984
0.559204,-0.270508,1.140747
-0.325317,-0.234497,0.807129
0.213135,0.055664,1.133911
0.237915,-0.401245,0.948853
-0.392578,0.139404,0.903564
0.555664,-0.227173,1.127563
-0.272461,-0.243286,0.829468
0.115479,0.083862,1.113892
0.322021,-0.412720,0.986084
-0.431519,0.110107,0.892578
0.531372,-0.160034,1.141113
-0.185425,-0.249756,0.858643
0.017334,0.142822,1.096069
0.374268,-0.376587,1.010376
-0.455566,0.038086,0.849243
0.512085,-0.127319,1.159546
-0.061279,-0.327759,0.869019
-0.090698,0.182495,1.075073
0.425537,-0.339966,1.034302
-0.446045,-0.040894,0.835449
0.458984,-0.080200,1.171143
-0.021484,-0.324097,0.863159
-0.196533,0.231445,1.054932
0.486084,-0.298706,1.084717
-0.433716,-0.096802,0.815186
0.380981,-0.055176,1.158325
0.049438,-0.349121,0.883301
-0.289062,0.215698,1.005371
0.538330,-0.276733,1.112427
-0.386597,-0.150024,0.811279
0.267822,-0.005249,1.135254
0.161987,-0.395386,0.916382
-0.367676,0.165405,0.922729
0.539551,-0.237671,1.118896
-0.302856,-0.218384,0.817505
0.138794,0.078125,1.105103
0.260864,-0.422852,0.954834
-0.430908,0.072754,0.871582
0.525146,-0.182861,1.140991
-0.220215,-0.253662,0.832886
0.030151,0.153076,1.091675
0.352173,-0.386108,0.985352
-0.455933,0.020020,0.843262
0.497559,-0.145264,1.140991
-0.096558,-0.349487,0.822754
-0.093506,0.168213,1.070679
0.406738,-0.346680,1.013428
-0.481689,-0.013306,0.812866
0.473267,-0.082031,1.172729
-0.051392,-0.329590,0.831299
-0.220703,0.196533,1.031006
0.466187,-0.318115,1.056030
-0.468506,-0.060913,0.800781
0.370728,-0.056274,1.143921
0.041626,-0.362671,0.869995
-0.315430,0.181152,0.976440
0.515991,-0.280640,1.093506
-0.397461,-0.132568,0.794312
0.231445,0.039673,1.116699
0.156738,-0.404907,0.901489
-0.399658,0.123657,0.904175
0.518311,-0.247437,1.097656
-0.322754,-0.220459,0.805542
0.103271,0.089111,1.070557
0.240601,-0.395020,0.927734
-0.456543,0.075684,0.850952
0.529419,-0.215942,1.113281
-0.207886,-0.293701,0.806396
-0.010376,0.157104,1.062866
0.316528,-0.372681,0.946899
-0.484253,0.013672,0.822876
0.489502,-0.209106,1.126709
-0.135986,-0.353149,0.801270
-0.103760,0.170288,1.050049
0.370850,-0.339966,0.979858
-0.512085,0.006226,0.796021
0.435547,-0.174805,1.120483
-0.087158,-0.380249,0.824829
-0.207397,0.147461,1.008057
0.418457,-0.296265,1.036499
-0.514282,-0.008545,0.759888
0.348022,-0.078369,1.115479
0.005493,-0.375366,0.852783
-0.303711,0.163940,0.977295
0.466919,-0.281006,1.065308
-0.468750,-0.082397,0.758911
0.246704,0.003418,1.108521
0.095459,-0.413208,0.864258
-0.393188,0.149902,0.918091
0.495483,-0.266724,1.077881
-0.403442,-0.151245,0.770508
0.129639,0.075195,1.073364
0.157959,-0.409302,0.865356
-0.441162,0.086914,0.865112
0.510376,-0.248169,1.085693
-0.319336,-0.225708,0.800781
0.015259,0.106445,1.044312
0.250488,-0.420654,0.898193
-0.493042,0.043701,0.818481
0.500122,-0.208252,1.104492
-0.213379,-0.266113,0.810547
-0.081055,0.134277,1.005493
0.317261,-0.362671,0.947388
-0.502808,-0.017090,0.777710
0.440796,-0.161865,1.111572
-0.161621,-0.353516,0.769653
-0.188843,0.161377,0.991333
0.394409,-0.380493,0.966675
-0.537964,-0.015259,0.773071
0.375488,-0.110107,1.106689
-0.084473,-0.351562,0.799194
-0.311279,0.173218,0.950195
0.446655,-0.329834,1.023193
-0.501099,-0.082764,0.747681
0.263550,-0.037598,1.087646
0.029785,-0.384766,0.833618
-0.407959,0.167114,0.894531
0.449707,-0.269897,1.049561
-0.438477,-0.179321,0.755493
0.129761,0.020386,1.050903
0.129272,-0.390747,0.871704
-0.474487,0.105225,0.829712
0.478516,-0.218628,1.067139
-0.315063,-0.198853,0.789917
-0.010864,0.097778,1.025879
0.247070,-0.399902,0.909668
-0.537231,0.030029,0.791016
0.457764,-0.209717,1.066162
-0.196533,-0.294189,0.765137
-0.155396,0.188477,1.010132
0.339600,-0.382324,0.930786
-0.569824,0.013916,0.772583
0.373413,-0.169067,1.055786
-0.125732,-0.336914,0.786865
-0.287598,0.159058,0.945435
0.397583,-0.330811,0.988403
-0.553345,-0.035034,0.729858
0.257568,-0.046265,1.064209
-0.000488,-0.383911,0.818481
-0.418213,0.177979,0.896118
0.442139,-0.299072,1.027588
-0.495117,-0.103394,0.736572
0.126709,0.041504,1.036255
0.093628,-0.398560,0.835815
-0.497681,0.120483,0.838745
0.462280,-0.245850,1.051636
-0.333374,-0.246338,0.755981
-0.018921,0.153564,1.028931
0.215820,-0.389526,0.872070
-0.551758,0.070312,0.802002
0.439575,-0.243408,1.039795
-0.240356,-0.342773,0.718750
-0.143799,0.166870,0.981323
0.293579,-0.350098,0.909180
-0.581299,0.025024,0.756836
0.373047,-0.182617,1.042480
-0.155640,-0.380859,0.749756
-0.244141,0.160034,0.944214
0.356934,-0.338745,0.940063
-0.584839,0.040405,0.746216
0.306885,-0.118408,1.041504
-0.079102,-0.366455,0.778198
-0.356079,0.161377,0.906616
0.381348,-0.306885,0.963623
-0.525635,-0.050903,0.742554
0.202637,-0.019775,1.029907
0.008545,-0.401245,0.801880
-0.483887,0.183105,0.860718
0.435669,-0.294800,1.008545
-0.472290,-0.148193,0.731934
0.071289,0.068848,1.017090
0.116943,-0.404297,0.844849
-0.543945,0.124878,0.811523
0.444946,-0.233643,1.035645
-0.348145,-0.244873,0.727051
-0.043091,0.146851,1.003540
0.204468,-0.402466,0.853760
-0.569702,0.074951,0.784912
0.433960,-0.213623,1.037109
-0.249878,-0.316528,0.711426
-0.146362,0.173584,0.967163
0.282959,-0.367065,0.900879
-0.598755,0.043701,0.734497
0.392090,-0.180786,1.033203
-0.187622,-0.360718,0.728149
-0.252441,0.183838,0.961670
0.336914,-0.360718,0.923218
-0.601318,0.006348,0.720337
0.319946,-0.122925,1.032715
-0.116089,-0.369019,0.747681
-0.363647,0.191162,0.889893
0.369995,-0.328247,0.937866
-0.542358,-0.049683,0.728394
0.219482,-0.066895,1.010376
-0.019531,-0.410767,0.766357
-0.473022,0.209106,0.863892
0.403564,-0.261108,0.981201
-0.497070,-0.124512,0.712402
0.093140,0.045044,1.011230
0.065063,-0.395752,0.802490
-0.524780,0.174438,0.837402
0.440918,-0.254272,1.020996
-0.407227,-0.181763,0.727051
-0.017700,0.112549,0.993164
0.172119,-0.440796,0.828491
-0.572388,0.137329,0.801270
0.435791,-0.214111,1.022339
-0.307373,-0.227295,0.737183
-0.109985,0.155762,0.973267
0.249390,-0.424561,0.866699
-0.582886,0.061279,0.773560
0.394775,-0.156128,1.035278
-0.224976,-0.288330,0.717163
-0.204468,0.188477,0.947632
0.323730,-0.389282,0.912109
-0.601440,0.004639,0.727905
0.354370,-0.128784,1.034790
-0.148193,-0.336548,0.727417
-0.296021,0.202393,0.909302
0.362061,-0.331909,0.926514
-0.579346,-0.006348,0.727539
0.278564,-0.106445,1.006592
-0.094482,-0.405640,0.745972
-0.381470,0.171265,0.854492
0.404419,-0.295898,0.967163
-0.563599,-0.008423,0.720947
0.170898,0.006348,1.002686
-0.006104,-0.413330,0.777466
-0.457886,0.165894,0.854126
0.418823,-0.253174,0.998901
-0.503540,-0.058838,0.727295
0.054932,0.119873,1.005737
0.104736,-0.399048,0.819946
-0.539917,0.159668,0.826660
0.423218,-0.234863,1.003296
-0.377930,-0.182983,0.721191
-0.015991,0.183716,1.011597
0.179810,-0.384766,0.840576
-0.598877,0.113403,0.782837
0.424072,-0.221802,1.017822
-0.253418,-0.307617,0.719971
-0.096924,0.189453,0.983032
0.245605,-0.347046,0.870972
-0.616821,0.094604,0.743042
0.404175,-0.195801,1.026611
-0.171509,-0.388672,0.720093
-0.209473,0.166748,0.926758
0.318970,-0.317017,0.901733
-0.626221,0.115112,0.734619
0.350586,-0.124878,1.020264
-0.113281,-0.403564,0.743652
-0.321167,0.155640,0.881836
0.378540,-0.328003,0.936646
-0.568726,0.037964,0.701050
0.244873,-0.017090,1.007446
-0.042480,-0.390015,0.761719
-0.412109,0.208374,0.859985
0.409058,-0.294678,0.943481
-0.533936,-0.013916,0.719604
0.148560,0.050293,1.004395
0.044556,-0.411743,0.787964
-0.508545,0.210449,0.836548
0.422485,-0.251587,0.973999
-0.452881,-0.119995,0.732910
0.063965,0.106445,1.005981
0.139038,-0.398071,0.833252
-0.577515,0.212280,0.805908
0.420898,-0.203125,0.992065
-0.293091,-0.214111,0.743774
-0.051758,0.174805,0.992920
0.242920,-0.388306,0.874390
-0.615234,0.125854,0.763916
0.403320,-0.171631,1.000610
-0.195679,-0.305420,0.718872
-0.134644,0.202393,0.965454
0.301147,-0.332153,0.891235
-0.593018,0.068970,0.749390
0.373291,-0.133789,1.009399
-0.145874,-0.312134,0.745850
-0.238892,0.161743,0.909546
0.361206,-0.359131,0.928345
-0.583618,0.012085,0.736694
0.309082,-0.068970,1.009155
-0.080811,-0.360474,0.725220
-0.336548,0.223755,0.873779
0.411743,-0.300903,0.940674
-0.564209,-0.047729,0.706665
0.226440,-0.049194,0.985107
-0.029541,-0.399658,0.760132
-0.418945,0.201416,0.842163
0.432861,-0.262329,0.955933
-0.497437,-0.068359,0.729126
0.130127,0.060913,1.004883
0.068481,-0.392822,0.815674
-0.485107,0.189819,0.828979
0.427734,-0.216187,0.984497
-0.421021,-0.106445,0.756470
0.049683,0.093140,1.006714
0.162109,-0.423462,0.833496
-0.557739,0.181885,0.788330
0.429810,-0.171753,0.996338
-0.284912,-0.181396,0.759033
-0.062378,0.167114,0.977051
0.247925,-0.399902,0.872314
-0.587769,0.105835,0.743408
0.414673,-0.132324,1.022583
-0.182129,-0.287964,0.747925
-0.162476,0.184937,0.947510
0.343750,-0.394775,0.908569
-0.592651,0.080688,0.750122
0.378418,-0.107666,1.014282
-0.079468,-0.362793,0.751343
-0.301392,0.226440,0.880371
0.385864,-0.320435,0.936646
-0.547974,-0.027710,0.730835
0.279175,-0.043579,1.014893
-0.020020,-0.411987,0.741211
-0.378662,0.202148,0.853271
0.417847,-0.282104,0.948242
-0.504150,-0.070312,0.739136
0.139893,0.028442,0.997314
0.078369,-0.425781,0.792725
-0.467163,0.170654,0.828369
0.438477,-0.226562,0.975464
-0.413696,-0.109985,0.759521
0.031982,0.105225,0.993408
0.177368,-0.417236,0.844116
-0.537231,0.122314,0.782104
0.437500,-0.180542,1.016724
-0.289917,-0.174927,0.766846
-0.072021,0.195923,0.984375
0.270508,-0.394531,0.879517
-0.583374,0.069702,0.749512
0.411011,-0.148926,1.026978
-0.148193,-0.316406,0.754639
-0.173340,0.195923,0.943604
0.337646,-0.357056,0.910889
-0.589722,0.075195,0.761597
0.369629,-0.116577,1.028809
-0.052246,-0.390381,0.760864
-0.279541,0.186401,0.879272
0.384521,-0.297241,0.944580
-0.561401,0.015503,0.723755
0.263062,-0.047485,0.998169
0.007324,-0.432617,0.766846
-0.378052,0.153931,0.841309
0.441406,-0.298828,0.969604
-0.493286,-0.048706,0.747070
0.117554,0.069946,1.003784
0.092407,-0.439941,0.794067
-0.488403,0.142456,0.809570
0.467163,-0.258789,0.990845
-0.375610,-0.096313,0.775879
0.014038,0.163086,1.001221
0.179199,-0.395020,0.827026
-0.558228,0.062378,0.753052
0.463135,-0.252808,1.032104
-0.229126,-0.264893,0.766724
-0.080566,0.237061,1.004395
0.255493,-0.323730,0.869629
-0.599121,0.108398,0.739258
0.425903,-0.250366,1.012207
-0.072266,-0.366577,0.805542
-0.176270,0.202026,0.940796
0.323730,-0.298218,0.902588
-0.582397,0.088867,0.729858
0.357422,-0.154907,0.992188
-0.004150,-0.411499,0.788330
-0.261353,0.126953,0.878418
0.390503,-0.301147,0.952393
-0.540405,-0.020020,0.718872
0.239746,-0.022095,0.995239
0.036743,-0.426270,0.770386
-0.368530,0.147339,0.854614
0.451660,-0.319702,0.966919
-0.482910,-0.038452,0.758423
0.121094,0.087524,0.994995
0.087524,-0.413696,0.783813
-0.457397,0.104736,0.794922
0.469116,-0.288330,0.993164
-0.406372,-0.125854,0.756714
0.031372,0.137207,1.011108
0.194946,-0.438721,0.828735
-0.535522,0.093018,0.765991
0.447998,-0.247070,1.009521
-0.288208,-0.197266,0.783081
-0.055176,0.157227,0.993896
0.266968,-0.434448,0.865234
-0.559814,0.047852,0.732666
0.425171,-0.173218,1.029053
-0.149414,-0.286621,0.786865
-0.162476,0.200562,0.974243
0.351318,-0.424927,0.911621
-0.561890,0.037231,0.747070
0.353516,-0.117554,1.007690
-0.036377,-0.376221,0.776733
-0.265503,0.179321,0.897217
0.403198,-0.384033,0.950806
-0.527710,-0.072998,0.745483
0.274780,-0.082275,0.996704
0.029175,-0.423950,0.771118
-0.359497,0.166138,0.842529
0.441284,-0.276978,0.987671
-0.463745,-0.098267,0.751831
0.154175,-0.014282,1.002075
0.100830,-0.482544,0.800781
-0.469727,0.106567,0.787476
0.462646,-0.245117,1.008911
-0.366943,-0.132446,0.760986
0.029297,0.137207,1.020996
0.223022,-0.432251,0.866699
-0.527466,0.036621,0.745972
0.434814,-0.230347,1.012207
-0.232910,-0.224487,0.785278
-0.093384,0.170044,0.984619
0.312500,-0.399414,0.916748
-0.544922,0.014160,0.753906
0.385864,-0.163574,1.042358
-0.073364,-0.386597,0.786133
-0.215210,0.177856,0.929688
0.386841,-0.348999,0.949951
-0.546997,-0.010254,0.745483
0.312866,-0.131836,0.998779
0.023560,-0.459229,0.787354
-0.287354,0.097290,0.850830
0.431519,-0.299438,0.974365
-0.496948,-0.066284,0.731323
0.205322,-0.035400,1.003418
0.083008,-0.428467,0.811646
-0.400757,0.086182,0.818970
0.464355,-0.292725,1.011841
-0.427612,-0.135498,0.737427
0.098022,0.096191,1.034424
0.176270,-0.444580,0.828979
-0.480469,0.084229,0.792725
0.471313,-0.283691,1.014160
-0.347534,-0.212891,0.759644
-0.000977,0.145996,1.036011
0.268433,-0.458740,0.876831
-0.528198,0.071655,0.767212
0.466553,-0.277954,1.019043
-0.223511,-0.257690,0.797729
-0.100830,0.198364,1.007812
0.322144,-0.422119,0.914307
-0.525879,0.021606,0.768555
0.424561,-0.201538,1.042847
-0.113525,-0.317017,0.817749
-0.178955,0.205933,0.978149
0.377319,-0.421875,0.928223
-0.537109,0.000366,0.752563
0.371582,-0.154175,1.031616
0.011719,-0.413086,0.826538
-0.231934,0.157349,0.949829
0.401978,-0.353760,0.960083
-0.506836,-0.052368,0.735962
0.294434,-0.094482,1.024292
0.042480,-0.475464,0.797607
-0.291504,0.122681,0.911377
0.455688,-0.319580,0.999634
-0.488403,-0.079834,0.734741
0.219727,-0.013306,1.025879
0.104492,-0.467407,0.820190
-0.360718,0.098267,0.873535
0.475952,-0.281860,1.017212
-0.440063,-0.135986,0.736816
0.134888,0.021851,1.033691
0.206421,-0.504028,0.849976
-0.433105,0.063110,0.812500
0.479492,-0.233765,1.052124
-0.351074,-0.185791,0.744263
0.033569,0.123901,1.040039
0.295288,-0.504761,0.894897
-0.474487,0.015747,0.795288
0.455811,-0.217773,1.056641
-0.254761,-0.234741,0.785034
-0.064819,0.193604,1.040894
0.350952,-0.458252,0.937866
-0.506592,0.019531,0.780029
0.426147,-0.168823,1.062500
-0.110962,-0.304565,0.826538
-0.154297,0.207397,1.016968
0.395142,-0.414673,0.968018
-0.488647,-0.046143,0.760254
0.378540,-0.095703,1.068115
0.013184,-0.378052,0.824097
-0.246948,0.203369,0.976929
0.456543,-0.380615,0.995728
-0.462402,-0.110718,0.759766
0.277588,-0.057739,1.045166
0.083130,-0.432983,0.833130
-0.322266,0.139648,0.913330
0.492554,-0.292725,1.050781
-0.419312,-0.128174,0.761353
0.156616,0.036011,1.040527
0.195068,-0.471069,0.868164
-0.401245,0.060547,0.852905
0.502319,-0.272827,1.065186
-0.332031,-0.201294,0.781494
0.032837,0.116821,1.035278
0.298462,-0.461670,0.917969
-0.454590,0.013672,0.796875
0.473999,-0.190430,1.089478
-0.186279,-0.262207,0.826660
-0.094727,0.192749,1.031982
0.380859,-0.424072,0.966431
-0.477905,-0.013550,0.796387
0.432373,-0.116943,1.109863
-0.031372,-0.346680,0.839111
-0.179321,0.203125,1.019653
0.430908,-0.371948,0.998291
-0.468384,-0.078491,0.773682
0.345825,-0.085815,1.088501
0.078613,-0.409668,0.853149
-0.264648,0.189209,0.976318
0.473389,-0.295898,1.044800
-0.427490,-0.114868,0.793335
0.238037,-0.018188,1.069336
0.157837,-0.438599,0.880493
-0.364990,0.104248,0.888306
0.531250,-0.241211,1.100586
-0.344482,-0.180786,0.796143
0.093384,0.108398,1.053955
0.281860,-0.475830,0.922119
-0.429688,0.010986,0.820190
0.524536,-0.225342,1.112915
-0.229614,-0.256958,0.820435
-0.015137,0.204712,1.071777
0.364746,-0.416870,0.969971
-0.467285,0.007690,0.812866
0.467896,-0.177246,1.114014
-0.100708,-0.316772,0.852661
-0.110474,0.203125,1.050171
0.416748,-0.367065,1.005005
-0.462280,-0.010376,0.812744
0.420898,-0.109253,1.118164
0.034058,-0.395752,0.871216
-0.195557,0.198242,1.022949
0.480835,-0.357178,1.046265
-0.440552,-0.074951,0.792236
0.343140,-0.031616,1.113647
0.082886,-0.375122,0.878418
-0.284668,0.204834,0.989624
0.530396,-0.303711,1.089844
-0.400879,-0.150879,0.802490
0.255615,-0.013550,1.098999
0.170288,-0.412720,0.911255
-0.343384,0.129761,0.918091
0.553955,-0.242798,1.123413
-0.330078,-0.182739,0.812988
0.137939,0.064697,1.075684
0.275269,-0.460571,0.937988
-0.400269,0.043945,0.852051
0.530640,-0.195679,1.124268
-0.225586,-0.228516,0.842773
0.019165,0.186157,1.080933
0.373657,-0.435547,0.976318
-0.444214,0.008911,0.828979
0.488525,-0.145996,1.138184
-0.091675,-0.282959,0.867065
-0.077881,0.231079,1.091919
0.422485,-0.373047,1.008545
-0.453125,-0.036255,0.811523
0.459473,-0.136353,1.131958
0.030396,-0.366577,0.882568
-0.161011,0.206421,1.055786
0.477295,-0.312622,1.061523
-0.454224,-0.039185,0.816406
0.379150,-0.090942,1.131958
0.075073,-0.411377,0.885376
-0.239624,0.180542,1.016602
0.512939,-0.235229,1.119873
-0.410889,-0.113403,0.796997
0.281006,-0.017822,1.118042
0.192017,-0.476562,0.923218
-0.349243,0.164307,0.954712
0.556030,-0.238647,1.139282
-0.336914,-0.148926,0.826782
0.173828,0.077271,1.106079
0.270264,-0.468140,0.942627
-0.388672,0.058838,0.882324
0.567383,-0.200684,1.163452
-0.272461,-0.198975,0.835938
0.080566,0.152954,1.093140
0.343750,-0.440308,0.971924
-0.434692,0.046997,0.857422
0.545044,-0.170532,1.166382
-0.150024,-0.236206,0.884155
-0.031250,0.218018,1.085083
0.390259,-0.388184,1.008911
-0.442993,-0.018799,0.849121
0.513184,-0.158813,1.169556
-0.021729,-0.330444,0.893311
-0.099731,0.254639,1.101196
0.438721,-0.337646,1.027344
-0.441528,-0.060303,0.820312
0.457275,-0.117188,1.172241
0.021729,-0.365967,0.886108
-0.174561,0.229370,1.062500
0.493652,-0.304565,1.072998
-0.443481,-0.050415,0.811523
0.369873,-0.053711,1.151489
0.094482,-0.425781,0.906372
-0.250610,0.171997,1.011719
0.542969,-0.246460,1.133545
-0.400757,-0.091553,0.812988
0.265747,0.058838,1.146606
0.198364,-0.438599,0.928955
-0.322998,0.088623,0.946045
0.547974,-0.225708,1.161865
-0.325073,-0.182129,0.832275
0.164307,0.121338,1.109131
0.296021,-0.428711,0.968506
-0.422485,0.083984,0.886841
0.547729,-0.190186,1.162109
-0.232056,-0.232178,0.854980
0.074097,0.178223,1.109131
0.355103,-0.398315,0.987061
-0.457153,0.039185,0.854492
0.535278,-0.203613,1.159790
-0.094971,-0.301636,0.886353
-0.047852,0.229858,1.107788
0.412231,-0.342041,1.022583
-0.446655,-0.003174,0.837158
0.479980,-0.120361,1.166382
-0.023804,-0.352905,0.869995
-0.119385,0.215210,1.084351
0.465088,-0.319702,1.058716
-0.461060,-0.024292,0.828247
0.421509,-0.085083,1.168701
0.031006,-0.373047,0.892822
-0.236206,0.204346,1.036865
0.512573,-0.286987,1.093506
-0.420044,-0.084229,0.812012
0.330200,-0.005493,1.146362
0.115601,-0.383179,0.922119
-0.299194,0.149780,0.975586
0.527954,-0.259399,1.130005
-0.359619,-0.182495,0.819946
0.239258,0.041992,1.138306
0.216431,-0.394775,0.935547
-0.397217,0.133911,0.908081
0.546265,-0.235229,1.126587
-0.282349,-0.233643,0.833740
0.117188,0.066528,1.097900
0.319336,-0.398315,0.985229
-0.451660,-0.004272,0.835449
0.479614,-0.084473,1.160645
-0.165649,-0.301025,0.843872
-0.146362,0.214478,1.076416
0.472656,-0.350708,1.064941
-0.426392,-0.093140,0.832764
0.421509,-0.039551,1.172729
0.043823,-0.315674,0.892456
-0.235962,0.233276,1.036255
0.518799,-0.270264,1.114136
-0.400269,-0.135376,0.818237
0.335938,-0.027832,1.149170
0.155396,-0.388916,0.934204
-0.321167,0.177734,0.960815
0.547607,-0.222656,1.134766
-0.324829,-0.184204,0.826172
0.187378,0.054688,1.115112
0.265381,-0.432861,0.963867
-0.386719,0.088013,0.903687
0.549316,-0.198120,1.157593
-0.247437,-0.245483,0.824341
0.049805,0.163696,1.104004
0.375854,-0.399414,1.015869
-0.429565,0.036743,0.865234
0.530884,-0.144165,1.170166
-0.121582,-0.261719,0.872681
-0.045898,0.208618,1.094727
0.425781,-0.368408,1.027466
-0.456177,-0.026367,0.840088
0.501099,-0.126709,1.182617
0.003784,-0.336548,0.900024
-0.148193,0.238037,1.071289
0.455200,-0.302002,1.061401
-0.449707,-0.049683,0.806396
0.425293,-0.093628,1.165405
0.056152,-0.361694,0.906494
-0.244629,0.213867,1.041504
0.515991,-0.254395,1.116211
-0.409668,-0.099243,0.798950
0.312256,-0.006348,1.156982
0.162231,-0.450806,0.927490
-0.329590,0.132080,0.953125
0.553467,-0.243286,1.140503
-0.345215,-0.169556,0.810059
0.190063,0.101074,1.138794
0.271851,-0.437622,0.968140
-0.404907,0.115234,0.915161
0.550659,-0.229126,1.135742
-0.269897,-0.224854,0.837280
0.101562,0.139282,1.113892
0.328613,-0.394775,0.980713
-0.439819,0.094116,0.878296
0.534546,-0.164062,1.150879
-0.152466,-0.296875,0.861084
-0.010498,0.156006,1.098511
0.386597,-0.405029,0.998535
-0.441650,0.028809,0.854126
0.506348,-0.100098,1.160522
-0.071533,-0.284668,0.863159
-0.101318,0.180298,1.073242
0.436890,-0.383423,1.036987
-0.439941,-0.060913,0.836182
0.461426,-0.066406,1.174561
-0.044678,-0.302734,0.848145
-0.187500,0.227905,1.054077
0.477051,-0.328369,1.069214
-0.435791,-0.102173,0.821167
0.401978,-0.037109,1.173950
0.021851,-0.342896,0.878662
-0.269165,0.227905,1.016479
0.522583,-0.297363,1.103638
-0.416992,-0.132935,0.795654
0.333740,-0.024048,1.156982
0.103027,-0.381714,0.903564
-0.341797,0.189209,0.954712
0.547729,-0.286499,1.105591
-0.364380,-0.187134,0.804443
0.222656,0.044312,1.134155
0.186157,-0.409302,0.921875
-0.390625,0.150146,0.914551
0.542847,-0.239502,1.116821
-0.315918,-0.216187,0.816284
0.126587,0.084595,1.108154
0.262817,-0.405884,0.949097
-0.429688,0.101318,0.871460
0.524658,-0.187744,1.127075
-0.225098,-0.280640,0.826782
0.025391,0.139160,1.092896
0.331421,-0.391724,0.966553
-0.470215,0.036255,0.837769
0.508057,-0.151245,1.144409
-0.122437,-0.326538,0.817627
-0.074341,0.178711,1.074463
0.385742,-0.364502,0.997803
-0.476562,-0.009399,0.814941
0.472778,-0.113892,1.155884
-0.076050,-0.349365,0.816162
-0.194336,0.195557,1.036011
0.445679,-0.327271,1.037842
-0.476807,-0.057251,0.800537
0.392944,-0.069702,1.152710
-0.008301,-0.351440,0.854004
-0.291016,0.203491,0.984497
0.495239,-0.294312,1.068970
-0.433228,-0.109741,0.781250
0.284424,-0.016968,1.123047
0.106812,-0.373901,0.901611
-0.376953,0.157227,0.923706
0.503906,-0.243774,1.092651
-0.369263,-0.185425,0.785278
0.154419,0.060669,1.095093
0.216797,-0.433472,0.922485
-0.445801,0.090454,0.874756
0.499756,-0.192383,1.107788
-0.290649,-0.230713,0.790161
0.033081,0.123901,1.069580
0.303223,-0.421997,0.941406
-0.478638,0.026245,0.829834
0.473755,-0.150391,1.119751
-0.161743,-0.305298,0.788940
-0.094238,0.165405,1.048706
0.361450,-0.402832,0.957031
-0.488770,-0.030396,0.805298
0.455078,-0.144409,1.124268
-0.110840,-0.304321,0.806274
-0.228394,0.205566,1.008667
0.414673,-0.333984,1.009766
-0.483643,-0.087769,0.771973
0.371216,-0.104492,1.114624
-0.038574,-0.338745,0.825928
-0.316528,0.205566,0.963623
0.467773,-0.288574,1.049438
-0.469727,-0.126831,0.753784
0.257812,-0.033081,1.106445
0.069458,-0.392578,0.872314
-0.412354,0.173706,0.901245
0.480347,-0.261475,1.061279
-0.417358,-0.164551,0.762817
0.143555,0.033325,1.066162
0.177246,-0.391968,0.901978
-0.458984,0.113770,0.860474
0.482666,-0.195312,1.084473
-0.299683,-0.225464,0.796143
0.006470,0.110962,1.054443
0.261719,-0.432495,0.916138
-0.496338,0.027588,0.812256
0.463745,-0.153809,1.100830
-0.208862,-0.270142,0.775146
-0.111328,0.146118,1.014404
0.340088,-0.406250,0.938232
-0.524292,-0.034302,0.771729
0.429199,-0.149048,1.106812
-0.137451,-0.348145,0.762573
-0.261230,0.196899,0.975708
0.388672,-0.330566,0.979614
-0.515503,-0.061401,0.762207
0.340088,-0.108765,1.089478
-0.056030,-0.354980,0.809692
-0.343506,0.190063,0.921631
0.427368,-0.286011,1.013184
-0.469849,-0.138550,0.756470
0.207886,-0.045410,1.061035
0.072144,-0.395996,0.852905
-0.448608,0.165283,0.872681
0.457642,-0.247925,1.048950
-0.422729,-0.197388,0.734009
0.057739,0.074341,1.040771
0.200562,-0.421143,0.887573
-0.506470,0.071045,0.823853
0.460571,-0.203979,1.069580
-0.276978,-0.269043,0.747925
-0.084595,0.126099,0.996582
0.290649,-0.392944,0.912354
-0.531738,0.009766,0.783203
0.421997,-0.172852,1.071411
-0.186157,-0.317383,0.752441
-0.227539,0.179443,0.968018
0.357422,-0.335938,0.963379
-0.541870,-0.050537,0.750000
0.348267,-0.127319,1.065186
-0.101196,-0.348389,0.781006
-0.355591,0.195923,0.916748
0.420532,-0.313477,0.990845
-0.511230,-0.068970,0.745117
0.201538,-0.026489,1.046265
0.031738,-0.386597,0.835449
-0.452393,0.149658,0.865356
0.428711,-0.229736,1.040649
-0.444702,-0.184570,0.723999
0.066650,0.089111,1.042114
0.161987,-0.448730,0.847778
-0.546509,0.102905,0.809326
0.444824,-0.216064,1.044067
-0.282349,-0.273315,0.753296
-0.071167,0.151611,1.003052
0.248657,-0.387573,0.885376
-0.582520,0.044678,0.769043
0.424194,-0.207642,1.046509
-0.190308,-0.355103,0.733398
-0.199219,0.151367,0.968506
0.321777,-0.323120,0.925781
-0.587646,-0.002075,0.733398
0.340210,-0.149170,1.046021
-0.112305,-0.396851,0.754028
-0.337158,0.187256,0.907715
0.393433,-0.314697,0.977661
-0.537109,-0.017456,0.736084
0.208740,-0.032227,1.037354
-0.010498,-0.387085,0.804688
-0.471191,0.175781,0.880493
0.422241,-0.301147,0.988403
-0.469360,-0.125244,0.721924
0.068848,0.111938,1.025513
0.113770,-0.395630,0.829102
-0.546387,0.104736,0.806274
0.438721,-0.258179,1.026611
-0.335449,-0.255981,0.719238
-0.037109,0.156494,1.004883
0.207275,-0.359253,0.856445
-0.581055,0.095581,0.796875
0.426758,-0.238770,1.028809
-0.231567,-0.334229,0.739624
-0.150269,0.103882,0.940063
0.288330,-0.359253,0.901245
-0.587402,0.048584,0.723145
0.353027,-0.143677,1.029663
-0.173706,-0.342896,0.743042
-0.257935,0.134644,0.923950
0.359375,-0.362427,0.950928
-0.591675,0.002563,0.719238
0.280029,-0.061157,1.029541
-0.106812,-0.342896,0.749390
-0.376221,0.195923,0.916138
0.400024,-0.344116,0.970093
-0.550537,-0.081055,0.711914
0.175171,-0.014282,1.008789
-0.013916,-0.405029,0.773926
-0.480835,0.198364,0.858765
0.409668,-0.264160,0.994629
-0.466431,-0.131958,0.738647
0.065308,0.067749,1.002319
0.083496,-0.414185,0.808350
-0.537231,0.165039,0.824951
0.437866,-0.233032,1.017456
-0.357178,-0.183594,0.759521
-0.039795,0.133179,1.002075
0.190796,-0.412476,0.846436
-0.595093,0.106812,0.763794
0.421265,-0.202759,1.019775
-0.249146,-0.290527,0.732910
-0.146973,0.169678,0.972778
0.266357,-0.380371,0.883423
-0.596191,0.036621,0.732056
0.377808,-0.136230,1.032715
-0.175537,-0.339600,0.715942
-0.253052,0.175171,0.918823
0.339233,-0.356812,0.925781
-0.591553,-0.016113,0.713623
0.306763,-0.084961,1.027344
-0.115967,-0.391724,0.720459
-0.355957,0.212036,0.909790
0.395874,-0.309814,0.950806
-0.572021,-0.024780,0.707886
0.176758,-0.034058,0.977539
-0.003174,-0.417358,0.783569
-0.465698,0.193848,0.860718
0.408691,-0.252197,0.991699
-0.478516,-0.113647,0.724487
0.061523,0.095215,1.002808
0.094482,-0.405396,0.821167
-0.551514,0.159180,0.820190
0.430786,-0.233643,1.017212
-0.365479,-0.195312,0.734741
-0.038818,0.159668,0.986938
0.201172,-0.396973,0.844482
-0.590454,0.116821,0.778687
0.412231,-0.169678,1.030518
-0.237183,-0.308594,0.722046
-0.132935,0.165039,0.962646
0.285400,-0.376709,0.879517
-0.608398,0.086426,0.744263
0.385986,-0.149536,1.022339
-0.153809,-0.347534,0.720581
-0.246948,0.175415,0.919922
0.348022,-0.333008,0.918823
-0.604858,0.036377,0.728149
0.307617,-0.119141,0.997192
-0.087891,-0.394897,0.737671
-0.357178,0.185913,0.872192
0.384399,-0.287476,0.950195
-0.566895,-0.034668,0.687866
0.193481,-0.019165,0.995361
-0.002319,-0.423828,0.767456
-0.460449,0.207031,0.851440
0.411011,-0.247559,0.973389
-0.488770,-0.072510,0.724731
0.079834,0.089355,1.005127
0.101562,-0.418457,0.812866
-0.545532,0.192017,0.826294
0.420166,-0.217163,1.002075
-0.367676,-0.134521,0.754028
-0.013794,0.156860,1.000977
0.186890,-0.400146,0.850464
-0.583862,0.113892,0.773682
0.429932,-0.167358,1.035645
-0.254761,-0.265381,0.724243
-0.122314,0.196411,0.969849
0.273926,-0.371704,0.885864
-0.607910,0.070190,0.743408
0.408447,-0.162720,1.027710
-0.159668,-0.326050,0.733643
-0.223511,0.206543,0.933105
0.347900,-0.352173,0.916626
-0.595215,0.041138,0.725464
0.324097,-0.093506,1.011108
-0.081299,-0.394043,0.729980
-0.318237,0.214600,0.889893
0.393188,-0.301880,0.941772
-0.562866,0.000610,0.717285
0.209717,-0.030762,0.983398
-0.003418,-0.426636,0.762329
-0.418945,0.190063,0.863525
0.417358,-0.241577,0.973145
-0.484497,-0.068237,0.739502
0.087524,0.095703,1.009277
0.091064,-0.410278,0.801270
-0.523560,0.157227,0.821045
0.433716,-0.217651,1.000732
-0.348267,-0.165283,0.754028
-0.029175,0.206543,1.008423
0.223267,-0.395996,0.851196
-0.594482,0.134888,0.772095
0.421265,-0.180786,1.013062
-0.211670,-0.269165,0.743652
-0.130371,0.210083,0.963135
0.292969,-0.349121,0.890503
-0.591309,0.067261,0.742676
0.395020,-0.151855,1.017700
-0.111938,-0.350952,0.744995
-0.227173,0.199097,0.906860
0.351685,-0.309326,0.907104
-0.588257,0.051758,0.718262
0.318481,-0.104126,1.000610
-0.046143,-0.414673,0.749512
-0.334229,0.178711,0.862305
0.392944,-0.279541,0.936890
-0.545044,-0.029785,0.712158
0.213867,-0.015381,1.004395
0.016479,-0.415771,0.775024
-0.448364,0.171875,0.831787
0.437012,-0.250000,0.971313
-0.457886,-0.055054,0.754883
0.079102,0.113647,1.014648
0.116577,-0.415771,0.822876
-0.512695,0.134277,0.800293
0.440552,-0.190308,1.003784
-0.339355,-0.156006,0.756348
-0.024048,0.172607,0.998291
0.226807,-0.414795,0.861938
-0.559937,0.118408,0.781494
0.412598,-0.130249,1.018555
-0.207031,-0.253906,0.744995
-0.144409,0.180786,0.954346
0.331055,-0.393066,0.906128
-0.586792,0.065308,0.750000
0.365112,-0.083008,1.026245
-0.088501,-0.364990,0.734253
-0.269409,0.216797,0.901733
0.398071,-0.351440,0.933228
-0.553101,-0.006348,0.743042
0.262695,-0.035034,0.990967
-0.010376,-0.402954,0.739380
-0.380127,0.173584,0.841675
0.430054,-0.289429,0.954712
-0.483765,-0.085693,0.750000
0.134155,0.037354,1.004517
0.083984,-0.402344,0.795044
-0.488159,0.163208,0.793823
0.439819,-0.196289,0.997925
-0.343018,-0.148682,0.785889
-0.014404,0.106567,0.981689
0.208740,-0.430542,0.844727
-0.571289,0.103271,0.748535
0.439575,-0.148315,1.035034
-0.179688,-0.264404,0.768799
-0.171509,0.194092,0.955444
0.339844,-0.409302,0.902100
-0.571411,0.054810,0.749756
0.344849,-0.090576,1.016479
-0.037231,-0.380859,0.756470
-0.305420,0.197266,0.871460
0.398315,-0.321411,0.937012
-0.507446,-0.067627,0.739990
0.208984,-0.010742,1.002197
0.034546,-0.415161,0.768433
-0.424683,0.164062,0.821533
0.437256,-0.262939,0.974976
-0.413330,-0.120850,0.764648
0.067505,0.086426,1.005737
0.149780,-0.399902,0.825195
-0.542603,0.132568,0.766235
0.431030,-0.192505,1.000488
-0.230835,-0.227783,0.777710
-0.111816,0.167725,0.970093
0.293335,-0.409912,0.886719
-0.567017,0.056396,0.749146
0.385376,-0.109131,1.032349
-0.060669,-0.365356,0.773926
-0.281738,0.192139,0.892456
0.375977,-0.363159,0.921509
-0.517456,-0.063965,0.738159
0.262695,-0.027832,1.006592
0.024292,-0.403809,0.763794
-0.413330,0.172119,0.829102
0.440552,-0.302124,0.972778
-0.444824,-0.129639,0.756226
0.108765,0.053223,1.017212
0.133911,-0.418579,0.822388
-0.524902,0.140503,0.772949
0.436768,-0.210815,1.001831
-0.277100,-0.206177,0.783691
-0.083740,0.159180,0.997681
0.288696,-0.475342,0.878418
-0.565430,0.056885,0.740845
0.408203,-0.142334,1.022217
-0.107666,-0.291626,0.782959
-0.242920,0.211548,0.929565
0.375122,-0.396118,0.920776
-0.526245,-0.041504,0.748291
0.302734,-0.068359,1.008911
0.007568,-0.399292,0.775635
-0.352539,0.155151,0.838013
0.426636,-0.321655,0.963013
-0.474365,-0.116333,0.739014
0.169434,0.001831,1.000610
0.103516,-0.411621,0.802490
-0.456665,0.154297,0.799316
0.440552,-0.233521,0.989746
-0.367798,-0.211182,0.763550
0.002075,0.088623,0.991455
0.217407,-0.456177,0.847534
-0.531250,0.050781,0.740356
0.437866,-0.192749,1.018555
-0.194946,-0.243774,0.793213
-0.148682,0.185303,0.977539
0.324585,-0.438599,0.890503
-0.544678,0.029419,0.746460
0.378540,-0.127319,1.025879
-0.019043,-0.374146,0.788574
-0.275024,0.199829,0.910156
0.391235,-0.371704,0.939453
-0.516479,-0.076782,0.729370
0.263062,-0.082031,0.990967
0.050171,-0.440430,0.783936
-0.374268,0.134766,0.835083
0.443848,-0.302490,0.977051
-0.435547,-0.135620,0.751831
0.107422,0.058350,1.007080
0.139038,-0.460571,0.797974
-0.479248,0.095947,0.795776
0.465820,-0.242920,1.026611
-0.327148,-0.197876,0.771118
-0.039917,0.157227,1.012451
0.262207,-0.470825,0.862183
-0.535400,0.020874,0.733643
0.447021,-0.212402,1.045410
-0.168335,-0.275024,0.788818
-0.163574,0.213501,0.987305
0.349487,-0.422119,0.914795
-0.535400,0.014893,0.756714
0.388794,-0.172852,1.019409
-0.043823,-0.380859,0.797485
-0.235229,0.196167,0.935669
0.396484,-0.337891,0.960083
-0.494873,-0.075439,0.756592
0.285767,-0.111694,1.008423
0.048706,-0.466187,0.787354
-0.320679,0.137695,0.862671
0.451660,-0.318848,0.989746
-0.473511,-0.062500,0.760864
0.176758,-0.008667,1.005615
0.100586,-0.473511,0.806152
-0.398560,0.077881,0.836426
0.466919,-0.277344,1.016968
-0.407715,-0.135986,0.749634
0.055054,0.102173,1.012085
0.214478,-0.473389,0.846680
-0.464478,0.007446,0.770630
0.492432,-0.261230,1.048462
-0.309814,-0.214844,0.766846
-0.058716,0.186035,1.010864
0.294922,-0.424927,0.900635
-0.506348,0.000366,0.763306
0.438232,-0.234985,1.047607
-0.151611,-0.319580,0.805542
-0.134766,0.180298,0.995483
0.338013,-0.374512,0.928345
-0.533813,0.051392,0.766357
0.401367,-0.181274,1.039062
-0.005371,-0.405762,0.834961
-0.227173,0.173828,0.958130
0.382080,-0.359863,0.953979
-0.497803,-0.048584,0.733887
0.331543,-0.114990,1.028564
0.063477,-0.433472,0.835571
-0.296997,0.162476,0.935791
0.442017,-0.343750,0.985229
-0.459351,-0.093384,0.754028
0.221313,-0.009888,1.028442
0.098755,-0.448120,0.825684
-0.363403,0.118286,0.888672
0.488892,-0.308350,1.027710
-0.424194,-0.148682,0.744751
0.122070,0.082764,1.029053
0.191895,-0.454224,0.855103
-0.431030,0.068237,0.832275
0.515869,-0.313232,1.056152
-0.337036,-0.234131,0.769409
0.004028,0.142944,1.039185
0.266235,-0.443359,0.886230
-0.486328,0.019531,0.784790
0.486206,-0.233765,1.079834
-0.195435,-0.286621,0.810547
-0.086670,0.212402,1.042725
0.347656,-0.420288,0.942017
-0.517334,0.031860,0.779297
0.425293,-0.192627,1.067749
-0.044800,-0.350098,0.841431
-0.163086,0.177124,1.012329
0.408203,-0.364624,0.979248
-0.491821,-0.024414,0.769531
0.362549,-0.104980,1.060181
0.045044,-0.408447,0.851562
-0.240845,0.134277,0.951782
0.464722,-0.331909,1.032104
-0.451416,-0.088989,0.772827
0.280762,-0.027466,1.067261
0.107910,-0.415405,0.851318
-0.373047,0.165771,0.906616
0.509277,-0.314087,1.064819
-0.390259,-0.191040,0.781982
0.157471,0.026489,1.040649
0.211914,-0.425781,0.875610
-0.414185,0.104126,0.838257
0.510620,-0.232056,1.075928
-0.266602,-0.196045,0.828613
0.009766,0.109863,1.033936
0.321289,-0.491089,0.917969
-0.477051,0.005493,0.789429
0.479492,-0.160400,1.108398
-0.129517,-0.270142,0.824219
-0.104004,0.225708,1.051270
0.405273,-0.431885,0.971558
-0.479980,-0.003052,0.807739
0.418579,-0.135986,1.085083
0.013306,-0.353271,0.869263
-0.196655,0.191528,1.008545
0.458008,-0.347290,1.038330
-0.458496,-0.084229,0.787109
0.342407,-0.055298,1.096802
0.065430,-0.404053,0.850830
-0.258057,0.174683,0.974487
0.516113,-0.294800,1.072998
-0.423950,-0.097046,0.799194
0.225464,0.002319,1.058228
0.174438,-0.461426,0.891846
-0.359131,0.103271,0.907715
0.540039,-0.252686,1.113770
-0.341187,-0.171509,0.806030
0.109619,0.108643,1.066162
0.282959,-0.449463,0.928223
-0.417969,0.012451,0.831543
0.516235,-0.213013,1.118164
-0.232300,-0.253296,0.831055
0.012939,0.172485,1.070679
0.353149,-0.412598,0.966797
-0.475464,0.038086,0.825562
0.491699,-0.178955,1.131226
-0.110352,-0.315918,0.844849
-0.094849,0.216553,1.069336
0.420776,-0.367920,1.011108
-0.471191,-0.010986,0.813721
0.435913,-0.146851,1.121582
0.030151,-0.400879,0.877563
-0.172729,0.195068,1.036987
0.460205,-0.312256,1.044678
-0.438110,-0.049072,0.805054
0.378540,-0.086060,1.119385
0.082520,-0.414307,0.903076
-0.279419,0.188110,1.007690
0.527344,-0.281006,1.108887
-0.394775,-0.105835,0.813843
0.270874,0.043701,1.130493
0.167358,-0.436646,0.915405
-0.343384,0.134888,0.949463
0.551270,-0.264160,1.127808
-0.338379,-0.180176,0.827393
0.170898,0.086182,1.105957
0.255493,-0.427612,0.937866
-0.381348,0.093262,0.889160
0.557129,-0.225220,1.135986
-0.277100,-0.232056,0.824463
0.088257,0.108643,1.086670
0.331665,-0.430176,0.966064
-0.426636,0.074707,0.853271
0.538086,-0.152588,1.149536
-0.188232,-0.232544,0.858154
-0.005371,0.192505,1.094971
0.404053,-0.415039,1.010010
-0.440308,-0.005493,0.845703
0.501221,-0.106812,1.161499
-0.042480,-0.299561,0.882324
-0.110840,0.224731,1.087891
0.456421,-0.362915,1.051270
-0.444214,-0.050537,0.829712
0.442627,-0.057983,1.182617
0.034058,-0.347534,0.876221
-0.202759,0.238037,1.051758
0.506836,-0.294189,1.098511
-0.422363,-0.094360,0.808838
0.350464,-0.037598,1.142090
0.109863,-0.389160,0.919067
-0.255859,0.155518,1.001953
0.554199,-0.250000,1.135620
-0.384277,-0.112305,0.824585
0.220093,0.062622,1.108154
0.233276,-0.446045,0.937012
-0.339111,0.090088,0.926514
0.567871,-0.224609,1.153564
-0.285278,-0.204956,0.836914
0.105347,0.155640,1.112183
0.310913,-0.390747,0.978271
-0.417603,0.044067,0.875244
0.551636,-0.216797,1.165527
-0.164917,-0.298828,0.855957
-0.011475,0.219238,1.100830
0.376587,-0.368408,0.993408
-0.443726,0.015503,0.850830
0.517944,-0.180542,1.161133
-0.013184,-0.373779,0.888062
-0.109497,0.191406,1.067627
0.431396,-0.323364,1.034546
-0.450806,-0.011475,0.835815
0.451538,-0.104004,1.169556
0.046021,-0.367188,0.914795
-0.217041,0.231445,1.050659
0.500610,-0.267578,1.104736
-0.419434,-0.085693,0.810303
0.342407,-0.004883,1.162231
0.131226,-0.377075,0.927490
-0.295288,0.162354,0.989746
0.551147,-0.256470,1.144043
-0.352661,-0.141724,0.819702
0.214355,0.069702,1.120239
0.233765,-0.402954,0.940552
-0.383179,0.097534,0.911499
0.569580,-0.223145,1.162842
-0.260620,-0.248291,0.836914
0.079224,0.135132,1.100952
0.322510,-0.375488,0.980469
-0.440186,0.035278,0.851318
0.556641,-0.194214,1.167847
-0.090820,-0.308594,0.880127
-0.045654,0.183838,1.073242
0.379761,-0.341064,0.998047
-0.442505,-0.010376,0.842163
0.491333,-0.143677,1.166870
-0.038940,-0.364258,0.874512
-0.146362,0.193970,1.050049
0.452637,-0.306152,1.050903
-0.437622,-0.043945,0.823730
0.377075,-0.039429,1.159424
0.024902,-0.370239,0.884399
-0.241577,0.189575,1.048584
0.519775,-0.312622,1.109375
-0.417114,-0.105469,0.808228
0.161499,0.132202,1.112915
0.124146,-0.337280,0.903198
-0.396973,0.117920,0.891479
0.553711,-0.237183,1.133545
-0.359375,-0.202881,0.801392
0.089355,0.114380,1.094116
0.191895,-0.392822,0.914551
-0.454834,0.060791,0.854492
0.569946,-0.229126,1.158813
-0.141846,-0.296265,0.877197
-0.023438,0.176880,1.080078
0.382935,-0.364624,0.999146
-0.433105,0.025146,0.843018
0.512329,-0.148926,1.162231
-0.038452,-0.322021,0.899292
-0.073608,0.163574,1.077881
0.434326,-0.351685,1.039795
-0.451416,0.036255,0.843750
0.463257,-0.097168,1.151733
0.005737,-0.360352,0.898682
-0.159058,0.158325,1.062988
0.489624,-0.329102,1.074707
-0.445068,-0.017578,0.825195
0.412964,-0.013550,1.172729
0.059692,-0.350830,0.900024
-0.238281,0.214966,1.050171
0.516602,-0.312866,1.106567
-0.418701,-0.111938,0.804565
0.353027,-0.011353,1.157837
0.114014,-0.360962,0.916748
-0.310059,0.210205,0.994629
0.560547,-0.287964,1.129639
-0.377686,-0.152344,0.816284
0.249390,0.024780,1.136963
0.185181,-0.394653,0.949707
-0.332520,0.099731,0.930054
0.575439,-0.237305,1.165405
-0.333496,-0.193848,0.805298
0.146240,0.117676,1.112915
0.294189,-0.420532,0.950806
-0.396118,0.094238,0.909668
0.552124,-0.211670,1.142212
-0.229980,-0.236328,0.856812
0.061157,0.138184,1.090454
0.323364,-0.368896,0.981201
-0.447998,0.045288,0.846313
0.545044,-0.184082,1.164062
-0.076172,-0.322510,0.879639
-0.047485,0.185913,1.087402
0.366455,-0.343750,0.995972
-0.464233,0.019409,0.837036
0.505981,-0.156250,1.161377
-0.041138,-0.361938,0.863403
-0.111206,0.184814,1.080444
0.412964,-0.319214,1.022705
-0.476196,0.009155,0.812256
0.442993,-0.096191,1.154419
0.006958,-0.348877,0.876465
-0.212158,0.213379,1.056885
0.480713,-0.297974,1.092285
-0.448242,-0.062256,0.802246
0.344849,-0.020630,1.141235
0.066040,-0.375732,0.894287
-0.281738,0.161377,0.997925
0.537109,-0.283203,1.120728
-0.425171,-0.100952,0.785522
0.253540,0.040894,1.129639
0.144287,-0.405029,0.896729
-0.348633,0.119263,0.949341
0.563965,-0.281494,1.134521
-0.367798,-0.196167,0.791748
0.140991,0.114258,1.108398
0.227783,-0.387207,0.925903
-0.432495,0.083740,0.879150
0.562378,-0.275513,1.132568
-0.270752,-0.264648,0.827026
0.061768,0.124512,1.091309
0.273438,-0.354370,0.938477
-0.461426,0.055664,0.840942
0.533325,-0.216187,1.140503
-0.134155,-0.357178,0.825439
-0.044678,0.151855,1.055054
0.346680,-0.361816,0.955566
-0.487183,0.023071,0.814575
0.484131,-0.156494,1.142212
-0.094971,-0.354980,0.814331
-0.129883,0.185425,1.061279
0.382935,-0.322876,0.993164
-0.480347,-0.044800,0.800171
0.432617,-0.137695,1.131470
-0.046265,-0.350708,0.829224
-0.252075,0.225342,1.030762
0.449707,-0.295410,1.041382
-0.476685,-0.091064,0.777954
0.346191,-0.088501,1.120728
0.031494,-0.358032,0.858276
-0.350708,0.174683,0.932861
0.511841,-0.304077,1.082886
-0.415894,-0.176880,0.765625
0.224976,-0.007202,1.098633
0.126831,-0.380615,0.889038
-0.417236,0.167603,0.883789
0.509399,-0.227417,1.089355
-0.355957,-0.191650,0.794678
0.086914,0.070068,1.071289
0.213501,-0.434814,0.902832
-0.444214,0.066528,0.851929
0.517822,-0.179565,1.126221
-0.271851,-0.199829,0.803101
-0.033447,0.152832,1.048584
0.305786,-0.412964,0.933838
-0.475586,-0.003296,0.822144
0.472900,-0.177734,1.106567
-0.170898,-0.307739,0.791748
-0.147217,0.143677,0.995117
0.366455,-0.340942,0.972778
-0.504761,-0.058594,0.773438
0.423462,-0.138428,1.125732
-0.099365,-0.323730,0.796021
-0.269165,0.202393,0.972046
0.422607,-0.307251,1.017944
-0.514526,-0.096802,0.743652
0.320190,-0.102295,1.096802
0.010498,-0.374756,0.839111
-0.363525,0.188721,0.929688
0.454346,-0.272949,1.040039
-0.468262,-0.143677,0.737549
0.183350,-0.021118,1.067871
0.105469,-0.397217,0.869995
-0.435303,0.135132,0.889038
0.495605,-0.242432,1.079956
-0.399658,-0.161499,0.782593
0.029297,0.068481,1.027710
0.195312,-0.408569,0.885864
-0.481812,0.042358,0.815796
0.495361,-0.203979,1.098511
-0.252075,-0.261230,0.782959
-0.090454,0.153931,1.007202
0.276001,-0.398926,0.904541
-0.519531,-0.027100,0.760010
0.453735,-0.188965,1.104736
-0.179932,-0.337280,0.761230
-0.200317,0.177490,0.978882
0.362061,-0.374512,0.940674
-0.564331,-0.005249,0.757812
0.360840,-0.154175,1.062500
-0.096313,-0.368530,0.786865
-0.314941,0.180054,0.929688
0.411377,-0.301392,1.002930
-0.537964,-0.040039,0.735718
0.243042,-0.035034,1.071411
0.009521,-0.408691,0.815186
-0.424316,0.178467,0.897949
0.433960,-0.258301,1.030029
-0.473633,-0.146729,0.740112
0.097778,0.052979,1.036377
0.118774,-0.399902,0.845581
-0.495972,0.114990,0.820435
0.443726,-0.230835,1.040527
-0.315186,-0.262695,0.760010
-0.033081,0.135376,1.020874
0.214233,-0.409424,0.859619
-0.552368,0.042847,0.772705
0.441528,-0.200806,1.062378
-0.212402,-0.304321,0.756104
-0.162354,0.159912,0.968872
0.293335,-0.355835,0.899902
-0.572876,0.009399,0.748901
0.388184,-0.174927,1.062744
-0.150391,-0.368896,0.756592
-0.301880,0.186157,0.924561
0.372314,-0.335815,0.955566
-0.559204,-0.028198,0.733032
0.257080,-0.072388,1.036865
-0.050049,-0.381104,0.786255
-0.412109,0.178711,0.892090
0.424927,-0.295776,1.006104
-0.502441,-0.127563,0.714355
0.111206,0.064209,1.028320
0.072754,-0.397949,0.830444
-0.523682,0.152222,0.845581
0.454712,-0.269653,1.034302
-0.381836,-0.203735,0.749146
-0.030396,0.138916,1.015259
0.185547,-0.395752,0.850342
-0.566895,0.101685,0.799194
0.418823,-0.227539,1.028687
-0.245361,-0.325806,0.737549
-0.142212,0.152832,0.966064
0.278687,-0.378296,0.892212
-0.587402,0.055908,0.742920
0.373047,-0.161011,1.031982
-0.166870,-0.342896,0.742188
-0.269043,0.167969,0.937866
0.353271,-0.352783,0.939819
-0.596313,0.016846,0.719116
0.291382,-0.084473,1.021973
-0.085938,-0.361084,0.773315
-0.387207,0.186523,0.890747
0.395508,-0.324707,0.964844
-0.553101,-0.051392,0.704834
0.174438,0.015381,1.014526
-0.002319,-0.385376,0.789551
-0.487061,0.192505,0.859253
0.433105,-0.289185,0.997681
-0.485107,-0.139893,0.723022
0.052856,0.087646,1.010010
0.111328,-0.407837,0.823730
-0.559692,0.169800,0.814697
0.436401,-0.228638,1.010376
-0.338745,-0.215088,0.745605
-0.041016,0.136719,1.014038
0.202881,-0.419800,0.866333
-0.594971,0.090332,0.767578
0.415527,-0.180664,1.029907
-0.239502,-0.292847,0.720703
-0.166626,0.196167,0.970703
0.290527,-0.383301,0.894043
-0.596680,0.032471,0.740356
0.371216,-0.148560,1.026978
-0.175415,-0.329102,0.708130
-0.268311,0.179443,0.917480
0.373779,-0.346680,0.929810
-0.585571,-0.016235,0.720825
0.258911,-0.098877,1.002686
-0.098022,-0.374268,0.724487
-0.378540,0.184082,0.878662
0.405151,-0.286377,0.969849
-0.552856,-0.048828,0.715576
0.137207,0.016846,0.994141
0.019897,-0.394165,0.797607
-0.499146,0.198364,0.858276
0.431152,-0.256836,0.999634
-0.441528,-0.107910,0.750244
0.024902,0.113037,1.002808
0.129883,-0.400757,0.827759
-0.563232,0.160889,0.811401
0.437622,-0.209717,1.021606
-0.308716,-0.241821,0.730103
-0.075073,0.166870,0.985596
0.224854,-0.380249,0.864136
-0.604126,0.093750,0.728882
0.416504,-0.164429,1.035400
-0.199097,-0.326660,0.719849
-0.176392,0.177368,0.951172
0.305542,-0.357788,0.886963
-0.604980,0.069458,0.736084
0.350952,-0.125488,1.020996
-0.119873,-0.379883,0.728027
-0.295898,0.177734,0.897461
0.375854,-0.334595,0.940552
-0.576660,0.026855,0.712036
0.254395,-0.040039,1.000610
-0.045654,-0.392700,0.755615
-0.403442,0.204956,0.874268
0.399780,-0.282715,0.956421
-0.521851,-0.085449,0.703491
0.143188,0.060547,1.008179
0.027588,-0.386353,0.788696
-0.500244,0.208374,0.834351
0.431763,-0.241089,0.999390
-0.420776,-0.133057,0.748901
0.029297,0.120361,1.004883
0.136108,-0.399048,0.822266
-0.569458,0.182617,0.809937
0.426392,-0.195312,1.009521
-0.292847,-0.220215,0.749756
-0.055298,0.145264,0.986206
0.231812,-0.390381,0.857300
-0.604736,0.155029,0.763428
0.416626,-0.150635,1.024658
-0.185669,-0.320435,0.729858
-0.173462,0.194336,0.945435
0.333374,-0.371094,0.903564
-0.598999,0.081421,0.737305
0.360596,-0.111816,1.014771
-0.103516,-0.367798,0.732422
-0.290405,0.196411,0.899658
0.382446,-0.337524,0.940186
-0.573242,-0.005493,0.720581
0.264893,-0.063599,0.987915
-0.048706,-0.373901,0.750854
-0.402710,0.199219,0.849365
0.413086,-0.259033,0.958252
-0.473877,-0.089844,0.738281
0.141846,0.060181,1.016846
0.036011,-0.392700,0.784058
-0.504150,0.190430,0.814087
0.427979,-0.210205,0.986084
-0.380005,-0.120728,0.756348
0.058472,0.161255,1.028442
0.137817,-0.380981,0.830933
-0.590820,0.164062,0.771118
0.449463,-0.243774,0.990723
-0.270874,-0.238403,0.755127
-0.052246,0.196045,0.999146
0.237305,-0.355469,0.859131
-0.602539,0.129028,0.751099
0.433228,-0.171509,1.042847
-0.173218,-0.338013,0.749878
-0.155640,0.147583,0.938599
0.333374,-0.371460,0.907227
-0.603149,0.129639,0.750732
0.370850,-0.126831,1.002075
-0.066895,-0.366211,0.760010
-0.263062,0.185181,0.892456
0.381348,-0.318726,0.931519
-0.553223,0.025513,0.746582
0.282593,-0.055908,0.993530
-0.025391,-0.417480,0.743164
-0.351318,0.172607,0.860840
0.424561,-0.282593,0.949219
-0.518188,-0.043457,0.738525
0.170166,0.024292,0.993774
0.038086,-0.407471,0.774292
-0.434937,0.147583,0.823486
0.444092,-0.262451,0.989746
-0.449341,-0.103760,0.745972
0.069580,0.104370,1.013428
0.146729,-0.418091,0.827148
-0.534668,0.137451,0.791748
0.447144,-0.208130,1.014771
-0.325562,-0.167603,0.756714
-0.035278,0.166504,1.001831
0.244019,-0.427734,0.863647
-0.584961,0.092773,0.759766
0.441284,-0.191406,1.025757
-0.158447,-0.284790,0.765991
-0.168213,0.240112,0.961792
0.320557,-0.357056,0.896729
-0.577393,0.063721,0.756836
0.380371,-0.154053,1.011841
-0.052612,-0.381226,0.785767
-0.234985,0.168457,0.890991
0.374634,-0.305054,0.934204
-0.565552,-0.006348,0.718628
0.287964,-0.105103,0.981079
0.012695,-0.423950,0.777832
-0.338989,0.138306,0.854248
0.416260,-0.254272,0.969849
-0.514160,-0.007202,0.744263
0.171509,0.017944,0.989990
0.062500,-0.465088,0.758545
-0.426392,0.124756,0.813232
0.442261,-0.220215,1.012085
-0.437866,-0.100464,0.739258
0.071289,0.106812,1.003296
0.139038,-0.435303,0.808594
-0.504883,0.107056,0.784668
0.466553,-0.235962,1.014404
-0.343750,-0.173584,0.764893
-0.041870,0.167847,0.999146
0.238647,-0.437622,0.856934
-0.551147,0.068604,0.743774
0.445312,-0.218262,1.022339
-0.215820,-0.235840,0.780396
-0.133545,0.221680,0.984009
0.312012,-0.403198,0.895874
-0.563843,0.042114,0.761719
0.406372,-0.173218,1.025269
-0.099609,-0.329712,0.789795
-0.208862,0.198120,0.931763
0.350586,-0.357422,0.935303
-0.550049,-0.016846,0.742676
0.357544,-0.142212,1.021240
-0.008057,-0.415771,0.776123
-0.300537,0.176514,0.875000
0.413574,-0.324341,0.956177
-0.515137,-0.082153,0.732910
0.222534,-0.058472,0.985107
0.036743,-0.449585,0.765747
-0.366943,0.126587,0.837769
0.467407,-0.296387,0.981323
-0.495117,-0.044556,0.754272
0.116577,0.018066,0.989136
0.130371,-0.475586,0.799683
-0.474731,0.089111,0.790405
0.475830,-0.260742,1.020752
-0.383667,-0.147583,0.757324
-0.008667,0.139160,0.996704
0.238037,-0.473633,0.854492
-0.518921,0.040161,0.755981
0.449097,-0.231323,1.021484
-0.227417,-0.232544,0.785522
-0.123657,0.198364,0.983521
0.304443,-0.401489,0.908691
-0.538330,-0.006592,0.751953
0.408203,-0.190063,1.037842
-0.103760,-0.356934,0.786621
-0.199707,0.196777,0.960449
0.372681,-0.359619,0.935913
-0.520996,-0.031982,0.764160
0.340576,-0.122925,1.027222
0.004150,-0.461914,0.783203
-0.284302,0.163330,0.885864
0.428101,-0.332520,0.969849
-0.501953,-0.048584,0.748535
0.227173,-0.055908,1.009033
0.068481,-0.488281,0.783203
-0.367920,0.100342,0.843994
0.454590,-0.304077,0.984741
-0.453613,-0.105713,0.749023
0.119263,0.038086,0.994751
0.148315,-0.454468,0.833252
-0.447632,0.073486,0.806885
0.471680,-0.257324,1.030029
-0.359253,-0.185547,0.751831
-0.002197,0.153442,1.026611
0.254883,-0.484863,0.866333
-0.492065,0.021362,0.762817
0.453369,-0.232910,1.034912
-0.238037,-0.234253,0.794434
-0.095703,0.177490,0.997925
0.332764,-0.427979,0.915161
-0.527588,0.008545,0.764526
0.401489,-0.173462,1.052124
-0.098022,-0.351318,0.790161
-0.179688,0.178955,0.971680
0.377808,-0.377441,0.945435
-0.510498,-0.043823,0.756836
0.359863,-0.123169,1.047363
0.008057,-0.428467,0.799194
-0.275879,0.159912,0.919800
0.435425,-0.364380,0.978638
-0.470093,-0.095459,0.760742
0.280762,-0.058838,1.035767
0.080200,-0.454468,0.811890
-0.334839,0.151855,0.898804
0.460693,-0.339111,1.001221
-0.431152,-0.148926,0.759888
0.190552,0.002319,1.036743
0.131104,-0.441040,0.842285
-0.404663,0.130493,0.862183
0.482178,-0.294922,1.026123
-0.381104,-0.178711,0.771606
0.093750,0.070190,1.031494
0.218018,-0.461426,0.865967
-0.456177,0.056885,0.795044
0.488770,-0.266846,1.051880
-0.289551,-0.227539,0.790039
-0.006470,0.134644,1.035278
0.298706,-0.459473,0.893433
-0.505981,0.027954,0.777466
0.468750,-0.214233,1.072266
-0.176270,-0.281616,0.813354
-0.090454,0.199463,1.036987
0.358154,-0.426147,0.932373
-0.504639,0.018188,0.792603
0.437378,-0.177612,1.080933
-0.053345,-0.338867,0.834473
-0.171021,0.204224,1.000854
0.403198,-0.370728,0.974854
-0.479004,-0.043945,0.777954
0.381104,-0.125122,1.077393
0.039551,-0.407593,0.848877
-0.242065,0.175659,0.968140
0.452759,-0.335327,1.012451
-0.444946,-0.086548,0.779419
0.299561,-0.064209,1.060791
0.082886,-0.444336,0.841797
-0.303955,0.133423,0.939941
0.492432,-0.291992,1.063232
-0.403076,-0.127075,0.791138
0.205688,0.028809,1.065186
0.158081,-0.444092,0.878784
-0.364502,0.092896,0.900757
0.538208,-0.271240,1.101196
-0.367554,-0.188477,0.775635
0.098999,0.109863,1.061035
0.268188,-0.474609,0.908325
-0.409180,0.035645,0.844238
0.509766,-0.229370,1.102783
-0.278931,-0.226074,0.797974
0.022339,0.174316,1.061035
0.336548,-0.470093,0.938232
-0.456665,0.007935,0.815796
0.493774,-0.182617,1.126221
-0.180054,-0.266113,0.834595
-0.066162,0.226318,1.067017
0.378540,-0.418579,0.972412
-0.467163,-0.000854,0.824585
0.476318,-0.168945,1.130127
-0.067383,-0.318970,0.859619
-0.133667,0.235718,1.055908
0.437378,-0.359497,1.001831
-0.455444,-0.020508,0.818726
0.424561,-0.132935,1.117798
0.029541,-0.410278,0.863525
-0.186401,0.180786,1.010986
0.483032,-0.316772,1.044434
-0.449585,-0.037109,0.805786
0.363037,-0.082886,1.115967
0.071045,-0.416992,0.886475
-0.256226,0.176147,1.013672
0.511841,-0.287842,1.088867
-0.409790,-0.113647,0.807495
0.296509,0.002197,1.121948
0.143799,-0.396851,0.914917
-0.324951,0.157471,0.957886
0.532593,-0.270264,1.112793
-0.366699,-0.188721,0.796021
0.214966,0.024414,1.107178
0.240845,-0.432007,0.945435
-0.375366,0.129395,0.899292
0.541138,-0.221313,1.116089
-0.289429,-0.201782,0.827637
0.112671,0.119751,1.093018
0.316162,-0.460571,0.959106
-0.420532,0.068359,0.859619
0.537476,-0.193115,1.128662
-0.213989,-0.219971,0.843750
0.012939,0.184692,1.085693
0.385986,-0.425171,0.997437
-0.439697,0.004639,0.849365
0.511597,-0.121948,1.163452
-0.102539,-0.264648,0.871826
-0.074829,0.229858,1.087158
0.434814,-0.393921,1.023193
-0.440674,-0.056274,0.834473
0.469727,-0.114624,1.155518
0.003662,-0.331543,0.891357
-0.133057,0.235840,1.074463
0.483887,-0.316895,1.066528
-0.445312,-0.059570,0.824829
0.422729,-0.075562,1.175781
0.040649,-0.381348,0.889160
-0.215820,0.206177,1.036133
0.517334,-0.276367,1.101929
-0.413818,-0.071533,0.826904
0.349609,-0.024658,1.147705
0.142334,-0.409912,0.933472
-0.305298,0.213867,0.997559
0.537354,-0.236084,1.129517
-0.366577,-0.151245,0.811401
0.248047,0.032227,1.133179
0.229370,-0.425171,0.943604
-0.371216,0.137085,0.929565
0.569946,-0.240723,1.143188
-0.289673,-0.200439,0.832031
0.134277,0.128296,1.114868
0.309814,-0.416138,0.980591
-0.424561,0.061890,0.878418
0.548950,-0.191406,1.156250
-0.195679,-0.260986,0.858887
0.030518,0.172974,1.101807
0.382324,-0.387085,1.000366
-0.441650,0.034424,0.852661
0.519775,-0.163330,1.161743
-0.073853,-0.307251,0.891235
-0.071289,0.183716,1.074707
0.427734,-0.330811,1.043091
-0.435791,-0.030029,0.838623
0.472290,-0.089844,1.185059
-0.025024,-0.344360,0.864258
-0.157349,0.189331,1.070923
0.478882,-0.297485,1.075806
-0.443970,-0.054443,0.827881
0.400391,-0.042358,1.163086
0.070312,-0.350220,0.901123
-0.273193,0.210449,1.023804
0.536255,-0.285767,1.108398
-0.397461,-0.122559,0.816650
0.283203,0.004395,1.139771
0.173584,-0.395752,0.923462
-0.327026,0.132568,0.949829
0.548218,-0.234619,1.130981
-0.319702,-0.190063,0.829834
0.154297,0.097900,1.107544
0.280273,-0.418701,0.965454
-0.406250,0.072388,0.885376
0.543213,-0.189087,1.154541
-0.242432,-0.258179,0.829956
0.034912,0.145630,1.088257
0.357178,-0.389160,0.989380
-0.452026,0.038208,0.852173
0.518188,-0.132935,1.166260
-0.086670,-0.329224,0.849121
-0.074341,0.183105,1.065552
0.419312,-0.393799,1.006470
-0.468872,-0.030396,0.822754
0.484131,-0.103760,1.178589
-0.047363,-0.317505,0.850952
-0.179810,0.219238,1.054932
0.473755,-0.348267,1.064697
-0.463135,-0.073853,0.814697
0.402222,-0.064575,1.160889
0.018433,-0.307861,0.873535
-0.273315,0.215332,1.011841
0.507568,-0.270386,1.096191
-0.418091,-0.123535,0.805908
0.287354,-0.010376,1.142700
0.134033,-0.399048,0.906250
-0.359375,0.131226,0.929199
0.518433,-0.232910,1.118896
-0.333618,-0.209839,0.796997
0.145264,0.080444,1.104370
0.239868,-0.403931,0.935547
-0.437866,0.088013,0.876343
0.532471,-0.207764,1.122925
-0.251831,-0.266724,0.806274
0.016357,0.164429,1.083130
0.324219,-0.397095,0.952515
-0.461182,0.019775,0.837280
0.503418,-0.181396,1.135254
-0.131836,-0.321655,0.823486
-0.091797,0.153198,1.039185
0.377563,-0.348022,0.989258
-0.464478,-0.054443,0.806152
0.449707,-0.109131,1.152222
-0.092041,-0.320312,0.824951
-0.223877,0.214111,1.027344
0.463379,-0.343628,1.032959
-0.480103,-0.079346,0.787598
0.349731,-0.081665,1.120605
0.001709,-0.345825,0.857910
-0.325317,0.178223,0.951050
0.498779,-0.309082,1.068604
-0.421387,-0.143799,0.783325
0.234619,0.004395,1.115723
0.108032,-0.388306,0.870728
-0.406128,0.148804,0.899902
0.515381,-0.267212,1.083984
-0.366943,-0.197021,0.792358
0.091797,0.074341,1.058716
0.220825,-0.396729,0.910767
-0.455688,0.085571,0.839966
0.496948,-0.205444,1.105347
-0.248535,-0.267212,0.796021
-0.035278,0.103638,1.034546
0.301758,-0.396362,0.939209
-0.487793,-0.010254,0.805786
0.475098,-0.158936,1.131226
-0.175659,-0.326660,0.770264
-0.165283,0.144165,1.000977
0.388428,-0.381348,0.975586
-0.508667,-0.023438,0.786621
0.375366,-0.104248,1.094849
-0.096191,-0.307983,0.806396
-0.278320,0.177368,0.968262
0.440430,-0.330811,1.017700
-0.495605,-0.094727,0.764893
0.272461,-0.051514,1.084229
0.015137,-0.363647,0.837280
-0.398315,0.177856,0.901855
0.486206,-0.291016,1.056763
-0.427368,-0.185425,0.742310
0.124146,0.062134,1.070801
0.138428,-0.402832,0.858398
-0.480103,0.111938,0.848022
0.491211,-0.274902,1.056396
-0.316406,-0.256958,0.784058
-0.010498,0.083008,1.015259
0.230469,-0.385376,0.892090
-0.524048,0.061401,0.784058
0.462646,-0.195923,1.086792
-0.206421,-0.330078,0.758423
-0.137329,0.137573,0.995605
0.325928,-0.421753,0.918701
-0.547119,0.015869,0.763916
0.397949,-0.142456,1.067871
-0.135986,-0.301392,0.776245
-0.274414,0.196533,0.965088
0.382446,-0.339478,0.980103
-0.548584,-0.060303,0.746094
0.308105,-0.096436,1.072998
-0.057983,-0.359497,0.787598
-0.382446,0.201782,0.904419
0.433228,-0.313354,1.005493
-0.496704,-0.129639,0.728516
0.175171,0.001953,1.045166
0.058228,-0.395752,0.833496
-0.481079,0.166138,0.868530
0.447266,-0.281494,1.022949
-0.419678,-0.194824,0.750854
0.048950,0.095093,1.030640
0.147339,-0.387329,0.858154
-0.531616,0.094482,0.812378
0.451904,-0.229980,1.042358
-0.290283,-0.282349,0.744751
-0.077026,0.130737,0.994751
0.364502,-0.366821,0.956787
-0.515869,-0.029785,0.776855
0.413696,-0.128784,1.120728
-0.211548,-0.346191,0.709351
-0.275879,0.210571,0.981323
0.430542,-0.316895,1.008789
-0.511353,-0.059082,0.766113
0.293335,-0.070801,1.096802
0.014038,-0.382446,0.826050
-0.365112,0.182495,0.932739
0.456909,-0.261719,1.052124
-0.451660,-0.138306,0.751587
0.154541,0.025269,1.066162
0.129272,-0.408569,0.875732
-0.464233,0.109009,0.863281
0.483276,-0.235718,1.072144
-0.341431,-0.225586,0.757568
0.017334,0.116211,1.039185
0.213623,-0.381470,0.884521
-0.512939,0.041626,0.810547
0.478638,-0.236816,1.081787
-0.224487,-0.315552,0.761108
-0.093994,0.165771,1.019531
0.307739,-0.380981,0.906494
-0.569824,0.039551,0.760742
0.412109,-0.187134,1.058350
-0.148193,-0.336548,0.782349
-0.209717,0.138916,0.972046
0.357910,-0.321777,0.976929
-0.575195,-0.006348,0.737915
0.349487,-0.134521,1.065918
-0.076660,-0.370605,0.796143
-0.325684,0.169922,0.925171
0.399170,-0.293091,0.999023
-0.517700,-0.029053,0.759155
0.233887,-0.045410,1.057373
-0.002075,-0.395508,0.808716
-0.415405,0.147339,0.897461
0.443115,-0.282349,1.047363
-0.479004,-0.131958,0.730103
0.097778,0.102661,1.032349
0.098877,-0.360474,0.848267
-0.504517,0.099365,0.843506
0.470215,-0.276855,1.054932
-0.359131,-0.221313,0.747070
-0.011719,0.157104,1.015259
0.194946,-0.404663,0.849487
-0.561523,0.074951,0.786011
0.456299,-0.270142,1.042358
-0.254028,-0.332153,0.729980
-0.089355,0.125977,0.970581
0.258179,-0.377441,0.879028
-0.579224,0.041626,0.752441
0.415894,-0.215942,1.039673
-0.185791,-0.366333,0.738770
-0.203857,0.157959,0.965698
0.306396,-0.354858,0.910889
-0.593262,0.044434,0.740601
0.354858,-0.156128,1.036255
-0.124878,-0.383179,0.754028
-0.313721,0.178101,0.925781
0.364990,-0.353882,0.947266
-0.589111,-0.011963,0.733398
0.283691,-0.094604,1.032104
-0.078369,-0.379028,0.765503
-0.413940,0.211914,0.894775
0.408081,-0.324463,0.973267
-0.529541,-0.074463,0.729004
0.163818,-0.028809,1.008179
0.014648,-0.413818,0.797363
-0.485107,0.195923,0.861572
0.414185,-0.259888,0.992554
-0.460083,-0.140869,0.733398
0.062256,0.065796,1.020386
0.121094,-0.430786,0.830078
-0.557251,0.163330,0.816406
0.416870,-0.232666,1.010376
-0.340454,-0.214722,0.750854
-0.042480,0.128784,1.001465
0.206543,-0.420044,0.857422
-0.587891,0.087036,0.757812
0.402832,-0.159302,1.035645
-0.237793,-0.340576,0.700928
-0.155396,0.179688,0.990967
0.296143,-0.385742,0.889038
-0.610107,0.052002,0.753052
0.355225,-0.166870,1.014771
-0.162720,-0.378052,0.708496
-0.268188,0.182495,0.921021
0.352295,-0.308350,0.937500
-0.590332,0.011108,0.717896
0.255737,-0.084839,1.006104
-0.062378,-0.389893,0.764648
-0.407959,0.205933,0.881348
0.401855,-0.283325,0.965332
-0.540161,-0.033936,0.727661
0.119507,0.045044,0.999512
0.027100,-0.408203,0.789185
-0.504883,0.141479,0.846436
0.431396,-0.273804,0.996826
-0.435059,-0.141113,0.710571
0.008057,0.146362,0.996826
0.161499,-0.376709,0.841187
-0.570557,0.133667,0.794678
0.422363,-0.231079,1.007324
-0.311646,-0.260254,0.717896
-0.066162,0.146484,0.983276
0.232300,-0.386353,0.866455
-0.608154,0.128540,0.766479
0.407471,-0.177979,1.019043
-0.203857,-0.328979,0.728394
-0.192017,0.161743,0.939697
0.318604,-0.367676,0.908203
-0.602295,0.059570,0.732056
0.343750,-0.095337,1.025879
-0.136230,-0.358643,0.731079
-0.309937,0.189941,0.898926
0.378784,-0.361938,0.927734
-0.566772,0.007568,0.723755
0.256836,-0.028076,1.021973
-0.071167,-0.372314,0.741211
-0.411743,0.208252,0.866089
0.415771,-0.308594,0.967529
-0.530151,-0.096069,0.721313
0.144531,0.001099,1.000610
0.014648,-0.385254,0.801025
-0.499268,0.196167,0.830566
0.410034,-0.226807,0.980713
-0.413086,-0.133057,0.747803
0.051270,0.102173,1.023560
0.139160,-0.422119,0.816772
-0.566284,0.181519,0.817017
0.428955,-0.191895,1.005981
-0.311523,-0.202881,0.727173
-0.078979,0.179810,0.979370
0.251343,-0.378540,0.879028
-0.589478,0.098267,0.764648
0.399902,-0.167847,1.013916
-0.194580,-0.323975,0.723511
-0.200806,0.209229,0.942017
0.344604,-0.346924,0.915405
-0.593628,0.059570,0.746338
0.338745,-0.109375,1.016113
-0.082642,-0.408691,0.725586
-0.321533,0.200806,0.879639
0.375732,-0.295410,0.924683
-0.556519,-0.001587,0.716919
0.241577,-0.038574,0.995361
-0.007568,-0.415161,0.774902
-0.431396,0.197021,0.845459
0.421875,-0.263794,0.970459
-0.478760,-0.060913,0.749390
0.091919,0.091797,1.016357
0.088989,-0.416626,0.800781
-0.537476,0.166260,0.815063
0.446045,-0.217163,1.000610
-0.341919,-0.150879,0.743652
-0.012207,0.209106,1.019165
0.193237,-0.365967,0.843140
-0.593872,0.115479,0.758179
0.425293,-0.193481,1.015137
-0.219360,-0.291016,0.738647
-0.099731,0.172485,0.968628
0.300415,-0.346191,0.903809
-0.607666,0.115723,0.750000
0.384033,-0.133911,1.014282
-0.106689,-0.332397,0.762451
-0.233398,0.167725,0.908081
0.355713,-0.341675,0.931763
-0.574829,0.027100,0.733032
0.317383,-0.063354,1.012329
-0.038696,-0.375977,0.755371
-0.344849,0.199951,0.864502
0.395264,-0.281738,0.943970
-0.516602,-0.069458,0.722046
0.182007,-0.014526,0.993896
0.025391,-0.421875,0.763428
-0.433594,0.183472,0.831787
0.437744,-0.231689,0.966919
-0.441406,-0.050659,0.763794
0.061157,0.117065,1.004395
0.141724,-0.448364,0.810303
-0.524536,0.118164,0.801636
0.450317,-0.200684,1.011475
-0.297974,-0.158569,0.764038
-0.073120,0.200439,0.999634
0.258545,-0.399902,0.869263
-0.581665,0.051025,0.741089
0.416016,-0.147217,1.040894
-0.142822,-0.331665,0.743530
-0.182617,0.221191,0.942139
0.347168,-0.343750,0.909912
-0.571533,0.055786,0.760376
0.336060,-0.133789,1.003906
-0.026733,-0.414307,0.755493
-0.301514,0.181763,0.864990
0.384033,-0.262329,0.950317
-0.515137,-0.035034,0.721680
0.227417,-0.014038,0.995728
0.031128,-0.412842,0.769409
-0.413696,0.152344,0.827759
0.431763,-0.253662,0.971191
-0.444702,-0.087891,0.742676
0.099365,0.113403,1.021729
0.134644,-0.420166,0.815430
-0.516968,0.108765,0.766479
0.434448,-0.206787,1.012329
-0.338989,-0.202393,0.743408
-0.008667,0.154053,1.006714
0.238525,-0.438477,0.858154
-0.584595,0.105225,0.756714
0.441528,-0.187256,1.021729
-0.188843,-0.259766,0.763184
-0.124512,0.181030,0.963867
0.315186,-0.394653,0.894897
-0.588501,0.082031,0.753418
0.394043,-0.155884,1.022583
-0.073975,-0.372192,0.773926
-0.217651,0.162109,0.921143
0.367554,-0.332764,0.927979
-0.545410,0.017578,0.745728
0.309937,-0.090210,1.000977
-0.001221,-0.417969,0.778687
-0.324829,0.135498,0.851318
0.427490,-0.324097,0.952515
-0.510620,-0.061157,0.739868
0.194946,0.011475,1.007202
0.069580,-0.450073,0.782715
-0.416870,0.111816,0.812378
0.438354,-0.262939,0.989136
-0.448486,-0.105835,0.745728
0.104126,0.082031,1.019165
0.152466,-0.431274,0.820801
-0.505859,0.115112,0.790527
0.449463,-0.267700,0.992798
-0.358643,-0.179688,0.760132
0.009277,0.148193,1.020386
0.231934,-0.442017,0.863892
-0.546021,0.080566,0.754150
0.453125,-0.246948,1.005737
-0.234009,-0.219849,0.796265
-0.108032,0.211304,1.003296
0.306030,-0.416748,0.903931
-0.551270,0.025391,0.755737
0.420654,-0.184204,1.044556
-0.128418,-0.304321,0.778320
-0.195312,0.228027,0.976562
0.369385,-0.383911,0.933594
-0.544434,-0.010254,0.756592
0.356812,-0.166626,1.003418
-0.008423,-0.377319,0.816284
-0.274536,0.204468,0.921997
0.398438,-0.352783,0.958496
-0.516479,-0.106934,0.713501
0.286743,-0.106445,1.004639
0.044678,-0.425903,0.784058
-0.338501,0.163452,0.860107
0.440308,-0.314209,0.975464
-0.470459,-0.127319,0.741821
0.172852,-0.031860,0.998169
0.093018,-0.447754,0.785156
-0.415283,0.099121,0.813477
0.482544,-0.295410,1.007446
-0.404663,-0.147705,0.752563
0.051392,0.069824,0.997681
0.212158,-0.503540,0.821655
-0.475830,0.061157,0.776489
0.476074,-0.250366,1.032837
-0.305054,-0.204956,0.786987
-0.052490,0.135376,0.995605
0.287964,-0.479248,0.877930
-0.529053,0.017822,0.745117
0.435425,-0.194092,1.041748
-0.149292,-0.270142,0.813965
-0.157471,0.207520,0.998413
0.353394,-0.430176,0.932617
-0.519287,-0.015991,0.750610
0.384155,-0.144653,1.045166
-0.014038,-0.386475,0.803223
-0.236694,0.175415,0.953369
0.411255,-0.366821,0.975586
-0.482056,-0.098511,0.753540
0.288696,-0.058838,1.037842
0.046753,-0.411499,0.804688
-0.296997,0.114258,0.905518
0.458740,-0.352417,1.008667
-0.472168,-0.134888,0.744629
0.199585,-0.010742,1.028076
0.137695,-0.442749,0.826416
-0.403564,0.156494,0.876099
0.491455,-0.288818,1.034302
-0.376953,-0.210938,0.769531
0.067017,0.056885,1.007080
0.229248,-0.484863,0.862061
-0.461426,0.032593,0.774780
0.494751,-0.217163,1.077515
-0.262939,-0.216187,0.795044
-0.041870,0.162231,1.034424
0.325806,-0.499268,0.895020
-0.505615,0.022461,0.778809
0.455811,-0.181030,1.071045
-0.131958,-0.268799,0.832642
-0.131470,0.212646,1.024292
0.381348,-0.443604,0.953247
-0.495605,-0.018799,0.781128
0.418457,-0.168579,1.077026
-0.015137,-0.356445,0.843384
-0.206177,0.219849,1.010742
0.422363,-0.376831,0.985962
-0.481445,-0.063721,0.769531
0.344604,-0.109985,1.061401
0.063110,-0.416016,0.846313
-0.249390,0.171387,0.975586
0.464355,-0.313354,1.036011
-0.459229,-0.109375,0.761353
0.286011,-0.038330,1.068237
0.101318,-0.421021,0.854492
-0.318726,0.148193,0.930054
0.498657,-0.274658,1.063721
-0.401001,-0.143677,0.791504
0.193237,0.013184,1.063965
0.191895,-0.465088,0.880615
-0.379028,0.075073,0.860718
0.531860,-0.239502,1.094727
-0.330200,-0.186157,0.794922
0.073853,0.121460,1.056274
0.285400,-0.477051,0.916504
-0.441040,-0.003662,0.808105
0.526489,-0.218018,1.117432
-0.234741,-0.225342,0.830078
-0.036011,0.211426,1.053467
0.364502,-0.419556,0.965088
-0.469360,0.002930,0.817139
0.482178,-0.160400,1.130371
-0.074097,-0.331055,0.851074
-0.124756,0.226196,1.057373
0.420288,-0.365112,1.004395
-0.452271,-0.053833,0.803711
0.405884,-0.098389,1.124634
0.047363,-0.398315,0.865234
-0.175171,0.205811,1.041382
0.477051,-0.298828,1.053711
-0.460205,-0.050293,0.793091
0.326904,-0.055298,1.094971
0.118896,-0.450928,0.880493
-0.285645,0.163086,0.980591
0.528442,-0.246948,1.117676
-0.382568,-0.112671,0.810669
0.188110,0.060181,1.085449
0.229004,-0.468750,0.920410
-0.361572,0.031372,0.895996
0.553223,-0.246460,1.136963
-0.291138,-0.210083,0.824463
0.086426,0.177124,1.081543
0.319580,-0.413086,0.942261
-0.427490,0.031128,0.848267
0.538086,-0.209473,1.163208
-0.155884,-0.293823,0.855347
-0.029663,0.210083,1.083740
0.385376,-0.371460,0.987671
-0.451294,0.005493,0.847534
0.485352,-0.137085,1.150269
0.005493,-0.335205,0.902222
-0.125244,0.232666,1.078979
0.437134,-0.337158,1.038208
-0.460449,-0.030273,0.817139
0.445679,-0.125366,1.151489
0.045166,-0.384277,0.895508
-0.209595,0.199097,1.046509
0.504395,-0.282837,1.099731
-0.426270,-0.055054,0.808105
0.355957,-0.023193,1.139038
0.110596,-0.401245,0.914307
-0.276978,0.156738,1.002075
0.550171,-0.264160,1.144897
-0.378052,-0.138916,0.814819
0.247681,0.058838,1.134277
0.203369,-0.428345,0.932129
-0.345093,0.097534,0.929443
0.572144,-0.258057,1.143066
-0.305176,-0.178101,0.844238
0.152222,0.124756,1.119873
0.277344,-0.403809,0.969971
-0.398193,0.056274,0.876465
0.558960,-0.218506,1.152100
-0.236694,-0.216797,0.860840
0.058594,0.184082,1.108398
0.349121,-0.395996,0.981323
-0.420898,0.024536,0.862427
0.537598,-0.165283,1.174805
-0.109863,-0.318359,0.860474
-0.044922,0.207642,1.093140
0.406006,-0.359741,1.009399
-0.449951,-0.016846,0.833252
0.512695,-0.158691,1.159790
-0.020752,-0.351074,0.879395
-0.109009,0.177124,1.049683
0.442627,-0.293091,1.055054
-0.448730,-0.042358,0.813843
0.448975,-0.102173,1.173706
0.020752,-0.385620,0.888550
-0.209229,0.206787,1.053223
0.493286,-0.278687,1.098389
-0.440186,-0.041870,0.812378
0.369263,-0.021118,1.166504
0.109497,-0.390259,0.925537
-0.289062,0.178101,1.005615
0.530762,-0.270630,1.116577
-0.400024,-0.125732,0.796387
0.263672,0.040894,1.140747
0.193115,-0.404541,0.935913
-0.363037,0.125610,0.936157
0.566406,-0.245117,1.134399
-0.323120,-0.194214,0.817383
0.154785,0.110352,1.116699
0.267822,-0.410278,0.954590
-0.427734,0.083130,0.883789
0.548340,-0.209961,1.146729
-0.253540,-0.243408,0.830322
0.057983,0.137451,1.094604
0.351562,-0.412598,0.974976
-0.473022,0.076416,0.850342
0.510498,-0.146729,1.141479
-0.121704,-0.284302,0.858398
-0.034058,0.160156,1.072632
0.374390,-0.386719,0.986328
-0.474243,-0.024414,0.816162
0.503174,-0.140381,1.167358
-0.066162,-0.297363,0.854736
-0.163086,0.221069,1.036255
0.438477,-0.322876,1.036255
-0.450806,-0.093018,0.811523
0.421387,-0.118408,1.150391
-0.026123,-0.294434,0.869141
-0.278442,0.224854,0.992920
0.498535,-0.285522,1.083008
-0.424194,-0.160767,0.785767
0.305054,-0.053101,1.134033
0.085815,-0.362305,0.881104
-0.366455,0.193604,0.925415
0.506348,-0.232544,1.096924
-0.362915,-0.200684,0.791504
0.159790,0.016602,1.096313
0.209473,-0.426025,0.921997
-0.440186,0.121338,0.877563
0.514404,-0.184692,1.111694
-0.286621,-0.220581,0.804199
0.009277,0.119995,1.062378
0.299683,-0.399292,0.956665
-0.474976,0.010254,0.818481
0.497070,-0.156738,1.135010
-0.164673,-0.321899,0.778809
-0.111816,0.159912,1.032471
0.384399,-0.360962,0.988281
-0.500977,-0.037231,0.794312
0.418335,-0.133057,1.119019
-0.101318,-0.342651,0.801758
-0.251465,0.197998,0.994385
0.422119,-0.307007,1.018311
-0.490356,-0.055786,0.777710
0.328003,-0.092651,1.099731
0.001953,-0.359497,0.856201
-0.353638,0.157593,0.917480
0.458008,-0.258911,1.052368
-0.429932,-0.151733,0.747437
0.187866,0.032349,1.095581
0.124146,-0.415771,0.880493
-0.449463,0.123047,0.884644
0.477417,-0.265381,1.060913
-0.386475,-0.196167,0.755493
0.064453,0.122314,1.062744
0.207886,-0.400269,0.881958
-0.485718,0.051270,0.830322
0.476807,-0.234619,1.076660
-0.262329,-0.294678,0.761230
-0.032104,0.115601,1.022095
0.277954,-0.400513,0.902222
-0.537354,0.046753,0.802002
0.444458,-0.216309,1.064209
-0.193115,-0.336304,0.755615
-0.125122,0.130981,0.997437
0.312500,-0.364136,0.920898
-0.555908,0.021484,0.776489
0.405884,-0.181152,1.073730
-0.151611,-0.371460,0.758179
-0.244507,0.172607,0.968750
0.372192,-0.321533,0.963501
-0.557495,-0.013794,0.747314
0.331299,-0.106079,1.079468
-0.085083,-0.354980,0.793701
-0.348267,0.165161,0.911743
0.424194,-0.336426,1.000732
-0.525391,-0.048462,0.735840
0.223633,-0.024170,1.065674
0.021851,-0.392578,0.822632
-0.460938,0.183960,0.888062
0.420166,-0.290283,1.002197
-0.473145,-0.135254,0.719971
0.115234,0.060669,1.036133
0.124756,-0.390625,0.862793
-0.541016,0.135254,0.827148
0.431519,-0.264160,1.022217
-0.358643,-0.259277,0.721680
0.011230,0.100098,1.025391
0.202148,-0.405640,0.856323
-0.566162,0.101807,0.792236
0.432129,-0.214722,1.036011
-0.268677,-0.287842,0.727417
-0.105835,0.123047,0.984131
0.278198,-0.426270,0.889526
-0.585205,0.052002,0.762939
0.399048,-0.165039,1.042236
-0.208374,-0.329468,0.709229
-0.235840,0.188477,0.956543
0.347778,-0.365967,0.927734
-0.581909,-0.008301,0.742920
0.350952,-0.147461,1.036743
-0.160034,-0.347046,0.717773
-0.317261,0.187134,0.903198
0.390991,-0.321777,0.969849
-0.576172,-0.047241,0.720093
0.252197,-0.084351,1.030884
-0.081177,-0.400024,0.761230
-0.411133,0.184937,0.875732
0.403320,-0.288574,0.977051
-0.546265,-0.069580,0.701782
0.137817,0.031860,1.016235
0.037598,-0.415649,0.805176
-0.501709,0.156372,0.852783
0.420166,-0.259399,0.996094
-0.458984,-0.110962,0.729614
0.034302,0.119263,1.011353
0.142212,-0.415527,0.829346
-0.569580,0.125244,0.801514
0.420288,-0.202759,1.026367
-0.301880,-0.276611,0.713623
-0.067627,0.148926,0.992310
0.224854,-0.389648,0.856323
-0.625488,0.096313,0.751953
0.415771,-0.212524,1.010742
-0.198242,-0.331421,0.735107
-0.206909,0.182251,0.941528
0.312256,-0.342651,0.913696
-0.595093,0.056030,0.738281
0.357178,-0.134155,1.025635
-0.149170,-0.349487,0.731812
-0.286011,0.154175,0.909424
0.358765,-0.334961,0.925171
-0.596191,0.050903,0.704468
0.255615,-0.057251,0.999268
-0.055664,-0.393188,0.766968
-0.388062,0.203491,0.883423
0.392944,-0.293335,0.961670
-0.550537,-0.021606,0.708496
0.147705,0.014160,0.989380
0.010132,-0.416260,0.770996
-0.476562,0.192993,0.871948
0.420898,-0.252808,0.986084
-0.462280,-0.081055,0.743042
0.043579,0.138062,1.008911
0.108521,-0.391113,0.811890
-0.553833,0.156006,0.818726
0.432495,-0.235840,1.007935
-0.339478,-0.201904,0.736816
-0.030151,0.175415,1.002930
0.198242,-0.372070,0.846069
-0.596191,0.113770,0.775024
0.435791,-0.205200,1.020630
-0.241333,-0.296021,0.732178
-0.143555,0.196533,0.963379
0.291016,-0.359741,0.884521
-0.604736,0.091797,0.755005
0.386841,-0.149536,1.024048
-0.147583,-0.355225,0.731323
-0.248779,0.189575,0.915039
0.362671,-0.359009,0.914673
-0.594727,0.062744,0.744629
0.303345,-0.080444,1.007812
-0.075073,-0.400757,0.738892
-0.364990,0.200806,0.869995
0.415161,-0.314697,0.956055
-0.547852,-0.031738,0.709839
0.202759,0.022461,1.009521
-0.015869,-0.397583,0.751953
-0.442017,0.195435,0.843506
0.439087,-0.267334,0.986572
-0.469116,-0.108887,0.735962
0.082764,0.097290,1.010620
0.096313,-0.393311,0.811401
-0.545044,0.203125,0.819336
0.453613,-0.220337,0.999756
-0.362793,-0.170044,0.751831
0.001465,0.148438,1.001953
0.188965,-0.398804,0.843506
-0.592285,0.143066,0.775024
0.439331,-0.183350,1.021851
-0.238770,-0.249756,0.752319
-0.114136,0.183594,0.969971
0.287720,-0.390137,0.884033
-0.610352,0.093140,0.734863
0.401611,-0.129883,1.023682
-0.124023,-0.334473,0.749268
-0.197388,0.180908,0.926514
0.359375,-0.344727,0.924927
-0.583740,0.042358,0.734985
0.322632,-0.072266,1.014526
-0.044189,-0.397461,0.743042
-0.339966,0.189453,0.871948
0.394897,-0.316772,0.935791
-0.507202,-0.068726,0.740112
0.217041,0.000610,1.009644
0.026245,-0.392456,0.773560
-0.454346,0.191284,0.806885
0.421143,-0.241699,0.967041
-0.416870,-0.149170,0.744385
0.090698,0.064941,1.007446
0.127319,-0.414795,0.826660
-0.546997,0.168335,0.785889
0.440552,-0.185059,1.002686
-0.288208,-0.187012,0.756470
-0.060669,0.171997,1.003540
0.268311,-0.429321,0.882812
-0.579712,0.086060,0.752563
0.422119,-0.141846,1.017822
-0.123535,-0.293579,0.779419
-0.208618,0.211060,0.926758
0.343872,-0.350220,0.922241
-0.559204,0.009277,0.738403
0.348511,-0.101685,1.021973
-0.036743,-0.409302,0.752197
-0.308960,0.208740,0.881470
0.419189,-0.302246,0.947998
-0.528442,-0.022339,0.745850
0.187378,-0.041016,0.979126
0.048462,-0.462769,0.770874
-0.410522,0.151978,0.826904
0.440063,-0.239746,0.987793
-0.433716,-0.084351,0.767944
0.063843,0.099243,1.006714
0.145630,-0.442749,0.812378
-0.517944,0.094238,0.770142
0.445068,-0.212402,1.014160
-0.292358,-0.210083,0.757080
-0.042847,0.200073,1.020508
0.247192,-0.384033,0.872437
-0.569458,0.062988,0.741577
0.438965,-0.229004,1.021851
-0.136963,-0.302612,0.794678
-0.161255,0.169312,0.948853
0.337280,-0.361206,0.908569
-0.581177,0.086792,0.753418
0.348755,-0.157227,0.993774
-0.006592,-0.423218,0.784546
-0.255127,0.157471,0.903931
0.394409,-0.323486,0.942993
-0.531006,-0.002563,0.730957
0.239624,-0.074097,0.967529
0.053345,-0.439209,0.793579
-0.355347,0.128418,0.850098
0.446655,-0.322510,0.969604
-0.477539,-0.074097,0.750244
0.125732,0.064941,1.000977
0.099976,-0.424438,0.795898
-0.449829,0.097168,0.804688
0.484009,-0.308838,1.013794
-0.381348,-0.154175,0.765015
0.012451,0.167603,1.018311
0.209961,-0.422485,0.839722
-0.504395,0.049561,0.749146
0.461182,-0.269409,1.021118
-0.266724,-0.261230,0.782959
-0.084717,0.158813,1.004517
0.288330,-0.447266,0.875000
-0.548950,0.063232,0.745239
0.416260,-0.202515,1.020630
-0.123535,-0.317383,0.806885
-0.167114,0.182861,0.973511
0.353149,-0.405518,0.919067
-0.530518,-0.047974,0.723877
0.261230,-0.024414,0.998657
0.015503,-0.407593,0.760498
-0.352051,0.131470,0.839966
0.433838,-0.322754,0.963135
-0.496704,-0.090942,0.735474
0.173462,0.015259,1.003174
0.082153,-0.421509,0.792480
-0.440674,0.128662,0.798950
0.442627,-0.265991,0.988770
-0.423584,-0.129150,0.747314
0.082153,0.058350,1.005127
0.162354,-0.444336,0.812622
-0.515991,0.114990,0.770508
0.446289,-0.235718,0.996216
-0.311157,-0.209229,0.760864
-0.038452,0.155640,1.007812
0.266357,-0.447266,0.861694
-0.551636,0.067627,0.750488
0.424438,-0.215576,1.009155
-0.171509,-0.306885,0.779663
-0.145508,0.168335,0.964600
0.347778,-0.409180,0.917969
-0.561401,0.041138,0.743652
0.375610,-0.143188,1.022827
-0.031372,-0.369385,0.800415
-0.257568,0.191895,0.922974
0.386963,-0.376953,0.944946
-0.522461,-0.085693,0.726685
0.292480,-0.088135,1.014893
0.038818,-0.420654,0.782959
-0.337158,0.181396,0.866455
0.428101,-0.320068,0.964600
-0.475830,-0.106079,0.747681
0.198120,-0.048218,1.000244
0.099731,-0.469604,0.798706
-0.405029,0.119995,0.822021
0.457031,-0.263428,1.007080
-0.408569,-0.163452,0.747681
0.066895,0.057129,1.010864
0.208008,-0.505371,0.836060
-0.484375,0.051147,0.767944
0.466553,-0.227173,1.043213
-0.281616,-0.193237,0.783569
-0.064575,0.173218,1.010254
0.296509,-0.456909,0.895020
-0.510010,-0.025391,0.755615
0.430542,-0.192261,1.062500
-0.145874,-0.298340,0.799683
-0.165039,0.208252,0.988770
0.371460,-0.372681,0.948486
-0.511963,-0.031128,0.770020
0.369995,-0.178589,1.033325
0.002441,-0.398926,0.824951
-0.245972,0.162842,0.932373
0.428467,-0.331421,0.984253
-0.489014,-0.093750,0.746948
0.280884,-0.084106,1.035400
0.080444,-0.472534,0.812256
-0.334351,0.118774,0.883057
0.487671,-0.322021,1.021362
-0.443115,-0.078369,0.770874
0.156128,0.028198,1.029175
0.173218,-0.474121,0.853760
-0.400879,0.066040,0.858032
0.484863,-0.272461,1.052612
-0.352295,-0.185547,0.764893
0.075317,0.138794,1.057983
0.242310,-0.417847,0.899048
-0.478638,0.013794,0.787842
0.496094,-0.288818,1.062378
-0.244751,-0.283569,0.800903
-0.012085,0.188965,1.065430
0.315063,-0.394043,0.931030
-0.504761,0.027344,0.778076
0.456787,-0.238403,1.069214
-0.120850,-0.338867,0.845581
-0.069946,0.149902,1.036499
0.368530,-0.365234,0.978760
-0.510498,0.029907,0.769775
0.425659,-0.167969,1.072144
-0.008057,-0.384521,0.857422
-0.148071,0.170166,1.024658
0.415771,-0.342041,1.000732
-0.474609,-0.019531,0.792236
0.374023,-0.107544,1.077515
0.062866,-0.427368,0.868896
-0.218628,0.152466,0.995239
0.482666,-0.338623,1.047729
-0.459717,-0.070068,0.772095
0.298096,-0.028809,1.087280
0.096436,-0.429565,0.880249
-0.295532,0.169556,0.990234
0.536865,-0.313599,1.094604
-0.411621,-0.117798,0.784302
0.203491,0.057861,1.073242
0.179443,-0.443115,0.900879
-0.344360,0.096069,0.924072
0.563477,-0.282471,1.123657
-0.355103,-0.171753,0.807739
0.134644,0.102661,1.071655
0.260132,-0.419556,0.921753
-0.415771,0.047974,0.846802
0.563354,-0.269531,1.139526
-0.242920,-0.245605,0.854370
0.037476,0.169800,1.068359
0.316040,-0.368042,0.957397
-0.464966,0.077393,0.844360
0.549438,-0.248779,1.134277
-0.127319,-0.324219,0.865723
-0.043091,0.202271,1.080811
0.384888,-0.370483,0.997314
-0.462891,0.047974,0.829102
0.506470,-0.175293,1.143555
-0.017944,-0.366333,0.896606
-0.106567,0.172974,1.062988
0.441040,-0.352905,1.031372
-0.448975,-0.003540,0.823730
0.413086,-0.053223,1.136353
0.038574,-0.364746,0.891602
-0.147583,0.183472,1.075439
0.482666,-0.307617,1.081177
-0.468628,-0.045166,0.799683
0.385010,-0.058960,1.144165
0.101318,-0.386597,0.920044
-0.249878,0.210693,1.035278
0.526001,-0.259521,1.120850
-0.395020,-0.116943,0.820435
0.291260,0.014160,1.130737
0.180298,-0.394287,0.939697
-0.317139,0.124756,0.941284
0.566528,-0.224854,1.159180
-0.328491,-0.177246,0.828857
0.170166,0.093018,1.111816
0.278076,-0.430664,0.954102
-0.413452,0.076538,0.880737
0.569458,-0.217285,1.156616
-0.216064,-0.256714,0.845337
0.049194,0.188965,1.106567
0.366577,-0.397339,0.990601
-0.469482,0.071289,0.862061
0.538086,-0.187012,1.159668
-0.092041,-0.322021,0.869141
-0.024658,0.216064,1.115723
0.396484,-0.342651,1.007935
-0.484619,0.049927,0.846558
0.499756,-0.204346,1.145142
-0.011475,-0.402954,0.886108
-0.089844,0.160645,1.076538
0.441406,-0.293579,1.050903
-0.483276,0.033813,0.819702
0.435547,-0.116699,1.154053
0.022827,-0.386963,0.915527
-0.185791,0.157959,1.058960
0.493042,-0.265015,1.103394
-0.451660,0.003784,0.808838
0.351562,0.011230,1.161255
0.094727,-0.381470,0.920044
-0.282349,0.125732,1.007812
0.529907,-0.271606,1.137085
-0.408936,-0.090942,0.806274
0.270508,0.074219,1.146484
0.172607,-0.414429,0.933960
-0.352173,0.126831,0.942627
0.523071,-0.229248,1.122192
-0.370605,-0.178955,0.791260
0.214722,0.060669,1.129395
0.235962,-0.418945,0.944458
-0.430786,0.155640,0.906982
0.526489,-0.222900,1.113647
-0.318237,-0.227173,0.804810
0.128540,0.078491,1.095825
0.280884,-0.416382,0.960205
-0.457764,0.092529,0.871826
0.531250,-0.180176,1.131592
-0.250122,-0.257935,0.808838
0.020020,0.130371,1.080322
0.306519,-0.399780,0.946777
-0.458984,0.055298,0.854126
0.514526,-0.168335,1.130737
-0.172729,-0.297241,0.828613
-0.040039,0.126099,1.064209
0.346313,-0.397095,0.969238
-0.503052,0.021729,0.803589
0.491211,-0.164307,1.125244
-0.131348,-0.312988,0.813721
-0.133423,0.175293,1.038696
0.386841,-0.364136,0.989990
-0.495728,-0.034790,0.792114
0.439819,-0.140869,1.122925
-0.107178,-0.333252,0.807495
-0.223145,0.191040,0.999023
0.438599,-0.330200,1.023193
-0.506958,-0.064697,0.767944
0.362671,-0.083984,1.124390
-0.055664,-0.338867,0.821411
-0.292725,0.190674,0.966187
0.448120,-0.299438,1.031128
-0.470947,-0.117065,0.762817
0.270264,-0.040649,1.103882
0.021362,-0.355469,0.852661
-0.387695,0.158569,0.909790
0.475098,-0.285400,1.051392
-0.441406,-0.151855,0.755859
0.166748,0.034058,1.072632
0.126343,-0.394043,0.869873
-0.471558,0.122681,0.860474
0.474487,-0.259766,1.061523
-0.359497,-0.219360,0.760864
0.039429,0.090332,1.041870
0.213501,-0.395508,0.880859
-0.522705,0.067749,0.818970
0.473877,-0.227051,1.069336
-0.246704,-0.294678,0.749634
-0.071655,0.152588,1.013794
0.274658,-0.375610,0.898438
-0.540283,0.024902,0.783936
0.431396,-0.209106,1.063477
-0.202759,-0.343140,0.732910
-0.193359,0.168823,0.979126
0.344238,-0.363281,0.928345
-0.562744,-0.003296,0.755127
0.364624,-0.140503,1.074829
-0.145386,-0.375488,0.755493
-0.300293,0.168091,0.923096
0.394043,-0.348633,0.966431
-0.555786,-0.013184,0.748291
0.279541,-0.071411,1.065430
-0.074219,-0.363403,0.773438
-0.383911,0.173950,0.899170
0.408936,-0.317749,0.989380
-0.518433,-0.095459,0.714966
0.177002,0.013550,1.030396
0.025024,-0.368408,0.827393
-0.489624,0.161987,0.860229
0.435547,-0.298340,1.011108
-0.460693,-0.179199,0.712402
0.061768,0.099854,1.021240
0.114502,-0.393066,0.822266
-0.554443,0.149170,0.804321
0.448730,-0.280884,1.016479
-0.334961,-0.262695,0.739502
-0.029907,0.166870,1.013916
0.177368,-0.391724,0.830688
-0.577637,0.085083,0.773560
0.448975,-0.278687,1.021240
-0.256836,-0.327148,0.732910
-0.119629,0.155518,0.971191
0.247803,-0.370117,0.861938
-0.602783,0.099854,0.752441
0.399536,-0.207520,1.023071
-0.172974,-0.381592,0.747681
-0.219971,0.158936,0.937866
0.299438,-0.339844,0.905762
-0.596191,0.064575,0.732666
0.331299,-0.145874,1.004883
-0.136108,-0.364624,0.751465
-0.289551,0.160645,0.911987
0.347046,-0.329590,0.939575
-0.602417,0.046631,0.713623
0.280029,-0.081665,1.008423
-0.092407,-0.379272,0.755371
-0.371460,0.175049,0.897827
0.395386,-0.329468,0.947510
-0.587524,0.008423,0.701538
0.194702,-0.001343,1.003906
-0.021729,-0.409302,0.773682
-0.442749,0.181396,0.874634
0.409790,-0.272095,0.977417
-0.524902,-0.052246,0.695679
0.099365,0.094482,1.003906
0.063721,-0.377930,0.800537
-0.514160,0.155151,0.830688
0.431152,-0.274170,0.981323
-0.428955,-0.131836,0.738647
0.030884,0.150635,1.010010
0.128662,-0.392700,0.816040
-0.576416,0.156128,0.806763
0.433472,-0.226929,1.010864
-0.351562,-0.209961,0.712891
-0.043213,0.175903,0.999023
0.211426,-0.415039,0.836670
-0.594971,0.142822,0.796997
0.436157,-0.193359,1.022705
-0.264648,-0.264282,0.722168
-0.128296,0.198608,0.963135
0.270142,-0.377563,0.876221
-0.604980,0.104858,0.758667
0.413086,-0.173584,1.022583
-0.187012,-0.296997,0.742065
-0.180786,0.202759,0.955078
0.323975,-0.362549,0.900757
-0.622314,0.102539,0.745239
0.380981,-0.139282,1.014526
-0.118164,-0.365479,0.738892
-0.247803,0.171265,0.908936
0.342651,-0.321411,0.912109
-0.594116,0.095703,0.740723
0.347534,-0.089355,1.021484
-0.085327,-0.389893,0.730225
-0.309448,0.185547,0.883789
0.391846,-0.309937,0.922119
-0.575684,0.057373,0.719238
0.277832,-0.039307,1.007690
-0.050903,-0.380859,0.755859
-0.365112,0.162354,0.858276
0.428833,-0.286255,0.957031
-0.545898,0.026001,0.726807
0.178345,0.035278,0.988525
0.026001,-0.405273,0.784912
-0.432129,0.163696,0.837280
0.434937,-0.280762,0.968750
-0.487915,-0.037964,0.746338
0.111084,0.109985,1.014893
0.104248,-0.408569,0.807983
-0.521118,0.181763,0.811401
0.445435,-0.250366,0.975342
-0.390747,-0.136963,0.762695
0.035767,0.130737,1.005005
0.170044,-0.416138,0.835815
-0.557251,0.131470,0.776001
0.453735,-0.197266,1.020874
-0.284790,-0.189209,0.760010
-0.059814,0.207642,1.001099
0.249268,-0.401733,0.861938
-0.575195,0.074829,0.752197
0.431641,-0.184326,1.024536
-0.184082,-0.284790,0.759766
-0.153931,0.237915,0.966187
0.317993,-0.376953,0.894775
-0.592163,0.068115,0.756104
0.385376,-0.163818,1.017700
-0.086426,-0.365967,0.762329
-0.210205,0.195190,0.922852
0.369873,-0.323608,0.927246
-0.587891,0.069092,0.743286
0.342896,-0.131226,1.001465
-0.020508,-0.420532,0.776367
-0.278320,0.158203,0.873779
0.398926,-0.324829,0.938599
-0.540405,0.003784,0.727295
0.269653,-0.070435,0.986816
0.015991,-0.441895,0.768188
-0.343628,0.125122,0.847778
0.429565,-0.338135,0.955444
-0.488647,-0.070679,0.747437
0.169678,0.036621,0.998291
0.053711,-0.427979,0.768921
-0.400146,0.117432,0.833252
0.472168,-0.321655,0.985962
-0.462280,-0.072266,0.757568
0.090210,0.106201,1.002197
0.107788,-0.401001,0.804932
-0.466553,0.063843,0.784302
0.486572,-0.304199,1.011108
-0.406006,-0.154053,0.747803
0.026489,0.163574,1.028198
0.205322,-0.412109,0.851807
-0.527222,0.082031,0.756714
0.476074,-0.276733,1.021240
-0.304321,-0.227417,0.761475
-0.066895,0.185303,1.006714
0.278564,-0.431152,0.882690
-0.545654,0.033691,0.748779
0.434814,-0.239502,1.034180
-0.181030,-0.277588,0.805542
-0.139771,0.215698,0.994141
0.327148,-0.385864,0.916992
-0.558350,0.046997,0.765381
0.396606,-0.206177,1.041992
-0.052979,-0.389648,0.803589
-0.206299,0.171143,0.945801
0.362671,-0.342896,0.944702
-0.533691,-0.043213,0.755005
0.355713,-0.160645,1.033325
0.023804,-0.438599,0.803345
-0.289185,0.179321,0.914307
0.434570,-0.354614,0.976562
-0.517090,-0.097290,0.728271
0.261475,-0.098267,1.010376
0.072632,-0.488525,0.787231
-0.311157,0.124634,0.876221
0.453491,-0.278320,1.004761
-0.451172,-0.081665,0.769287
0.187500,-0.036011,1.022217
0.126465,-0.506592,0.810791
-0.398193,0.090698,0.845215
0.489380,-0.286499,1.029175
-0.399658,-0.143921,0.759277
0.087280,0.087891,1.030151
0.217529,-0.501465,0.851929
-0.447021,0.062256,0.818970
0.505249,-0.284302,1.045166
-0.326782,-0.208252,0.768555
0.014893,0.164551,1.047485
0.278442,-0.445068,0.894531
-0.478516,0.010620,0.786133
0.496338,-0.259399,1.070068
-0.232910,-0.256470,0.813721
-0.050903,0.169922,1.024902
0.339111,-0.413696,0.935425
-0.507935,0.028809,0.782104
0.457275,-0.220337,1.073120
-0.072998,-0.353638,0.845459
-0.120117,0.165405,1.013428
0.359741,-0.353516,0.976074
-0.491821,0.018433,0.779907
0.438232,-0.158203,1.102173
0.026001,-0.401489,0.870850
-0.208374,0.175049,1.009155
0.442993,-0.377197,1.010132
-0.466675,-0.045044,0.772339
0.360962,-0.062866,1.093628
0.069214,-0.411987,0.854004
-0.246094,0.170532,0.995728
0.495239,-0.345825,1.049438
-0.422485,-0.095947,0.783691
0.288452,-0.019409,1.092529
0.097900,-0.393677,0.870361
-0.307373,0.174683,0.966064
0.539062,-0.289551,1.093994
-0.386108,-0.155029,0.802734
0.214111,0.035522,1.090942
0.195801,-0.427002,0.912964
-0.368652,0.123047,0.890503
0.558472,-0.275635,1.099121
-0.317749,-0.186157,0.832520
0.126709,0.081055,1.080688
0.293335,-0.430664,0.953003
-0.411377,0.071899,0.849121
0.524048,-0.177368,1.124756
-0.220581,-0.229004,0.850220
0.036987,0.146484,1.089478
0.380737,-0.435181,1.000244
-0.465210,0.035278,0.821533
0.489746,-0.130615,1.146362
-0.103027,-0.282227,0.865601
-0.069824,0.207397,1.103882
0.441284,-0.396851,1.020630
-0.462158,0.002686,0.842773
0.457520,-0.097656,1.144653
0.043823,-0.351074,0.897705
-0.156982,0.221313,1.068848
0.469971,-0.298462,1.074585
-0.444824,-0.067993,0.805176
0.406860,-0.067749,1.159790
0.077393,-0.362427,0.917480
-0.241455,0.231201,1.053101
0.525269,-0.254395,1.118896
-0.406128,-0.111084,0.805786
0.303223,-0.011841,1.139160
0.165405,-0.445557,0.923096
-0.314697,0.138306,0.963013
0.583496,-0.259277,1.148193
-0.341187,-0.147827,0.812988
0.165649,0.151001,1.123657
0.267334,-0.405396,0.971558
-0.377808,0.016357,0.895752
0.575562,-0.268555,1.175903
-0.278809,-0.271118,0.819458
0.074463,0.192993,1.108154
0.332153,-0.384277,0.950562
-0.417114,0.050903,0.878906
0.553101,-0.222412,1.161377
-0.160156,-0.331665,0.858032
-0.010742,0.165894,1.081909
0.370117,-0.365234,1.000854
-0.448364,0.029785,0.856079
0.531860,-0.167603,1.168091
-0.060669,-0.349365,0.877441
-0.091797,0.185547,1.072144
0.419189,-0.357300,1.020508
-0.441040,-0.028931,0.840942
0.484863,-0.099854,1.176270
-0.023438,-0.334106,0.865845
-0.178223,0.209473,1.049072
0.456543,-0.317871,1.057739
-0.440186,-0.101685,0.806030
0.413330,-0.058838,1.178467
0.006958,-0.343628,0.866089
-0.259766,0.219360,1.018066
0.514160,-0.282349,1.097534
-0.428833,-0.107666,0.792969
0.314819,-0.018311,1.146973
0.099731,-0.381348,0.900635
-0.339478,0.169800,0.951294
0.522583,-0.282471,1.082764
-0.372192,-0.165405,0.799072
0.192383,0.030518,1.100098
0.195190,-0.394775,0.919067
-0.404663,0.118774,0.901978
0.529663,-0.224609,1.114136
-0.320190,-0.222046,0.797607
0.058838,0.108398,1.064453
0.271606,-0.401978,0.939819
-0.446899,0.018555,0.837769
0.511597,-0.179688,1.138428
-0.171143,-0.285889,0.815063
-0.055786,0.167603,1.049683
0.312134,-0.344482,0.945557
-0.480347,-0.036377,0.802612
0.472778,-0.211914,1.119873
-0.131470,-0.343384,0.801880
-0.151733,0.182983,1.022339
0.381836,-0.304077,0.984619
-0.537720,-0.013306,0.756348
0.369263,-0.127075,1.102539
-0.037720,-0.399780,0.821411
-0.257812,0.159180,0.979492
0.426636,-0.292358,1.026489
-0.518311,-0.018066,0.743408
0.271973,-0.026123,1.093872
0.048706,-0.399536,0.862305
-0.391357,0.152954,0.920532
0.449585,-0.280151,1.040527
-0.442505,-0.111328,0.762939
0.142944,0.064819,1.059814
0.128540,-0.386475,0.875977
-0.469116,0.128662,0.861572
0.463379,-0.266113,1.047363
-0.377686,-0.216187,0.756836
0.025757,0.108398,1.040527
0.215576,-0.399170,0.877563
-0.522461,0.059937,0.816528
0.443237,-0.234009,1.050781
-0.257446,-0.307129,0.748657
-0.078247,0.126831,0.989624
0.271240,-0.370361,0.899048
-0.551147,0.012695,0.747803
0.418213,-0.184204,1.073730
-0.198120,-0.360352,0.722534
-0.210449,0.158203,0.974731
0.347412,-0.378174,0.941650
-0.587036,-0.014160,0.737793
0.347656,-0.130127,1.057007
-0.137329,-0.343750,0.760986
-0.312866,0.163208,0.917358
0.377563,-0.309692,0.973389
-0.555786,-0.046509,0.726440
0.243530,-0.067261,1.037720
-0.041016,-0.379517,0.790527
-0.433716,0.175293,0.887085
0.413086,-0.302124,0.994751
-0.522583,-0.077026,0.718384
0.114014,0.045776,1.006470
0.078613,-0.400391,0.831055
-0.519287,0.154297,0.833862
0.419556,-0.255249,1.004272
-0.430786,-0.163940,0.721313
0.020508,0.110474,1.008545
0.162842,-0.394531,0.845947
-0.558960,0.111572,0.803223
0.418701,-0.201538,1.032471
-0.310791,-0.262085,0.718506
-0.090454,0.149780,0.974365
0.237061,-0.404541,0.861938
-0.587402,0.081665,0.773315
0.410034,-0.175781,1.031494
-0.230469,-0.335205,0.709351
-0.202759,0.182861,0.954102
0.309570,-0.371460,0.902222
-0.597412,0.052612,0.744385
0.354492,-0.130127,1.033447
-0.161499,-0.359741,0.723145
-0.304443,0.181152,0.895020
0.364136,-0.346924,0.929199
-0.583740,0.010498,0.721802
0.274658,-0.078247,1.008545
-0.087036,-0.374512,0.742432
-0.401123,0.211548,0.877563
0.390137,-0.287842,0.956543
-0.538086,-0.093750,0.703491
0.163452,0.005615,1.009888
0.010864,-0.398315,0.786499
-0.501831,0.213501,0.838867
0.415283,-0.242065,0.980103
-0.443359,-0.134399,0.726685
0.060303,0.082764,1.017456
0.127808,-0.417236,0.823975
-0.580933,0.192749,0.798706
0.418701,-0.206421,0.994019
-0.297607,-0.238281,0.735718
-0.055664,0.152466,0.990601
0.241821,-0.388428,0.885864
-0.596680,0.112793,0.768066
0.391113,-0.142578,1.008789
-0.190430,-0.325562,0.717407
-0.176392,0.187256,0.947510
0.332153,-0.354492,0.913574
-0.590332,0.062866,0.739380
0.333618,-0.093018,1.017212
-0.103027,-0.385864,0.713623
-0.296509,0.202148,0.899170
0.380127,-0.318848,0.925903
-0.585938,0.029785,0.733398
0.236206,-0.065186,0.979980
-0.014404,-0.416504,0.763062
-0.391479,0.186401,0.854004
0.405029,-0.247681,0.964478
-0.520508,-0.022095,0.735962
0.115234,0.047607,0.990845
0.083618,-0.420044,0.797974
-0.504517,0.158936,0.818481
0.435181,-0.193848,1.009888
-0.382324,-0.104126,0.755981
0.013550,0.192261,1.025757
0.189453,-0.394531,0.847656
-0.564453,0.094482,0.764404
0.433472,-0.168945,1.033447
-0.262939,-0.212769,0.737183
-0.083740,0.221436,0.982300
0.288330,-0.372803,0.875854
-0.600464,0.093506,0.750854
0.406860,-0.163574,1.017456
-0.126465,-0.345093,0.770264
-0.188843,0.187622,0.926758
0.329346,-0.328491,0.906616
-0.585938,0.088379,0.753906
0.370605,-0.130371,1.023193
-0.048828,-0.403931,0.760254
-0.288452,0.184082,0.875122
0.390869,-0.306274,0.938477
-0.540161,-0.013306,0.736084
0.267090,-0.078003,0.983154
0.021606,-0.428467,0.767090
-0.348022,0.155762,0.848267
0.410400,-0.260132,0.955811
-0.500000,-0.016479,0.743530
0.177490,0.016968,0.993408
0.078247,-0.445923,0.782837
-0.435913,0.134521,0.815308
0.437988,-0.257324,0.982544
-0.449707,-0.094116,0.733154
0.103516,0.117065,1.020264
0.128906,-0.429688,0.805054
-0.502197,0.104858,0.791748
0.454712,-0.267822,1.005127
-0.365234,-0.188477,0.751831
0.000244,0.165894,1.018799
0.215210,-0.423706,0.845459
-0.538086,0.079346,0.747681
0.454956,-0.242065,1.020020
-0.260010,-0.234009,0.778687
-0.094849,0.177734,0.985229
0.289429,-0.427246,0.873169
-0.540405,0.043335,0.754272
0.419067,-0.186401,1.025146
-0.152588,-0.282593,0.796021
-0.165894,0.185547,0.962524
0.339966,-0.405151,0.914307
-0.552734,0.019287,0.749390
0.388794,-0.147339,1.037354
-0.039917,-0.393433,0.782471
-0.249390,0.205322,0.930908
0.386841,-0.348145,0.938721
-0.501953,-0.058716,0.758545
0.300415,-0.098511,1.014282
0.011353,-0.464722,0.767700
-0.306274,0.148560,0.888794
0.436279,-0.346069,0.972290
-0.485107,-0.103394,0.749756
0.224121,-0.034180,1.021606
0.067505,-0.451172,0.782837
-0.367676,0.117188,0.849854
0.466553,-0.298584,1.008789
-0.441528,-0.166016,0.739502
0.129517,0.031250,1.015503
0.157593,-0.469360,0.820312
-0.453613,0.094116,0.811646
0.481567,-0.265625,1.033691
-0.341064,-0.232666,0.753662
-0.012695,0.139648,1.018066
0.251709,-0.486694,0.857300
-0.472290,0.025879,0.764771
0.471069,-0.213867,1.055054
-0.223511,-0.207520,0.810303
-0.104126,0.184570,1.015869
0.343018,-0.473633,0.913208
-0.509155,0.003662,0.773926
0.338623,-0.127441,1.005615
-0.063477,-0.306274,0.843384
-0.319092,0.216431,0.901367
0.410645,-0.329224,0.957031
-0.486572,-0.085815,0.760986
0.215576,-0.059570,1.012451
0.082886,-0.483032,0.784668
-0.385986,0.105957,0.839966
0.450317,-0.293701,0.995850
-0.432495,-0.136108,0.744141
0.094604,0.059326,1.013184
0.175537,-0.489868,0.824707
-0.456299,0.041992,0.790894
0.477905,-0.255005,1.039917
-0.326538,-0.192017,0.770630
-0.040649,0.176880,1.015991
0.272583,-0.415527,0.883179
-0.498657,-0.006470,0.764648
0.463623,-0.244751,1.058228
-0.183228,-0.295410,0.802124
-0.136230,0.238037,1.025146
0.345459,-0.397217,0.935425
-0.512695,-0.008057,0.771851
0.402344,-0.189819,1.054443
-0.041260,-0.375977,0.831421
-0.202759,0.185303,0.977661
0.395386,-0.365723,0.960205
-0.488403,-0.042603,0.764160
0.343384,-0.119995,1.047485
0.056396,-0.459473,0.818604
-0.266724,0.174561,0.951172
0.444092,-0.309814,1.003784
-0.474487,-0.067383,0.762817
0.272095,-0.078735,1.040405
0.094482,-0.454346,0.849609
-0.319458,0.129761,0.925781
0.492676,-0.290161,1.047607
-0.425293,-0.111938,0.764160
0.164673,0.063721,1.055298
0.172852,-0.438599,0.875732
-0.357666,0.074951,0.899780
0.521973,-0.279541,1.090820
-0.366333,-0.182007,0.779541
0.101807,0.107910,1.059570
0.245728,-0.459473,0.886597
-0.404907,0.034912,0.846069
0.538818,-0.241577,1.113770
-0.258911,-0.250000,0.810059
0.003296,0.189697,1.063721
0.317993,-0.455078,0.920654
-0.456665,0.034546,0.833496
0.518555,-0.226807,1.117920
-0.178223,-0.259399,0.850098
-0.054810,0.220581,1.078735
0.388672,-0.411743,0.992065
-0.473755,0.015625,0.822388
0.470825,-0.171021,1.117676
-0.042358,-0.325195,0.876709
-0.104736,0.244995,1.083740
0.428223,-0.351807,1.016602
-0.468872,-0.016724,0.808350
0.441162,-0.152100,1.111572
0.035767,-0.404785,0.886475
-0.153809,0.190918,1.050537
0.468140,-0.309204,1.056152
-0.444092,-0.051270,0.802856
0.401489,-0.074463,1.138428
0.055542,-0.364990,0.897705
-0.220337,0.201782,1.045166
0.501953,-0.293213,1.095093
-0.421265,-0.119873,0.808228
0.332153,-0.018921,1.146973
0.139893,-0.372437,0.926025
-0.300415,0.210083,0.992676
0.540039,-0.254761,1.125977
-0.371094,-0.160645,0.815063
0.256836,0.000366,1.134033
0.218994,-0.433838,0.956421
-0.360474,0.138550,0.920410
0.563965,-0.234497,1.135864
-0.304321,-0.179321,0.840088
0.158203,0.094482,1.102417
0.286865,-0.403320,0.970337
-0.402344,0.079712,0.878296
0.563110,-0.220581,1.153809
-0.223022,-0.236084,0.864014
0.040039,0.174316,1.104614
0.352051,-0.390869,0.992310
-0.432495,0.039917,0.864258
0.551758,-0.183105,1.171143
-0.121582,-0.285889,0.880737
-0.054443,0.192993,1.075317
0.406860,-0.355469,1.021973
-0.428223,-0.035034,0.846680
0.501343,-0.100708,1.183228
-0.031372,-0.323242,0.868652
-0.136108,0.206421,1.068237
0.454834,-0.344238,1.047363
-0.449707,-0.070312,0.822876
0.438354,-0.065430,1.180176
0.013428,-0.343140,0.877441
-0.247070,0.236938,1.032104
0.503662,-0.290039,1.093628
-0.410278,-0.132080,0.796997
0.329102,-0.017822,1.161133
0.098633,-0.364868,0.907349
-0.306030,0.171021,0.970703
0.527832,-0.244995,1.115112
-0.370972,-0.164062,0.806519
0.211304,0.035034,1.122803
0.207520,-0.423706,0.925171
-0.397583,0.111084,0.902344
0.535278,-0.206543,1.131104
-0.285400,-0.223877,0.805420
0.071533,0.129761,1.085083
0.303223,-0.403198,0.956299
-0.461304,0.022339,0.827637
0.515259,-0.198730,1.130249
-0.143555,-0.312378,0.818726
-0.055054,0.192261,1.071899
0.343628,-0.368530,0.952026
-0.488037,0.001465,0.818237
0.466187,-0.176758,1.122681
-0.108032,-0.349854,0.815063
-0.157715,0.177490,1.024658
0.393311,-0.310547,0.998169
-0.513184,-0.004761,0.791138
0.377808,-0.135864,1.115234
-0.040405,-0.401855,0.825684
-0.277222,0.167480,0.978638
0.442383,-0.298218,1.028442
-0.472046,-0.041260,0.772217
0.265015,-0.013062,1.097412
0.052979,-0.397461,0.850098
-0.391479,0.148682,0.914062
0.472046,-0.263062,1.064819
-0.427856,-0.135254,0.750732
0.148315,0.079834,1.074829
0.157837,-0.407715,0.869873
-0.490356,0.110229,0.855103
0.481323,-0.250366,1.056152
-0.316772,-0.239746,0.774658
0.005371,0.165527,1.044067
0.214966,-0.354980,0.896118
-0.532349,0.057129,0.810059
0.462524,-0.269897,1.048096
-0.228149,-0.356567,0.758789
-0.091064,0.126831,0.991333
0.259155,-0.362427,0.888062
-0.538208,0.048828,0.774170
0.435181,-0.204468,1.050537
-0.184204,-0.322876,0.767822
-0.187134,0.144409,0.974243
0.319946,-0.381714,0.922119
-0.554688,-0.006104,0.746094
0.374634,-0.114746,1.078979
-0.168457,-0.310791,0.751709
-0.280884,0.166992,0.944214
0.376709,-0.371826,0.963257
-0.567993,-0.057251,0.726807
0.307373,-0.088013,1.058228
-0.097656,-0.368408,0.760620
-0.390625,0.191284,0.890991
0.394043,-0.335083,0.969238
-0.539551,-0.086792,0.717651
0.221802,-0.036499,1.039185
-0.026123,-0.378418,0.791016
-0.467529,0.217163,0.875854
0.402100,-0.275513,0.986572
-0.509521,-0.126831,0.699463
0.137817,0.012695,1.028198
0.054199,-0.410522,0.817139
-0.536865,0.193481,0.846191
0.430420,-0.262329,0.997070
-0.420288,-0.169678,0.738770
0.012329,0.136719,1.016846
0.157837,-0.427002,0.840942
-0.559937,0.137451,0.820068
0.414551,-0.202881,1.014771
-0.344727,-0.193237,0.733643
-0.071777,0.156372,0.989380
0.244019,-0.429810,0.865356
-0.596313,0.093750,0.774658
0.404541,-0.166626,1.018311
-0.255249,-0.294434,0.712402
-0.165771,0.184448,0.960449
0.298828,-0.386963,0.902466
-0.601929,0.047729,0.752197
0.391357,-0.154541,1.033936
-0.186157,-0.342285,0.711060
-0.246460,0.196167,0.921753
0.336182,-0.354980,0.910522
-0.599121,0.016235,0.732300
0.345459,-0.129395,1.017944
-0.127319,-0.380127,0.727539
-0.337891,0.197876,0.883423
0.381348,-0.329712,0.939819
-0.568970,-0.018799,0.711426
0.252441,-0.068848,1.002686
-0.064087,-0.395752,0.745117
-0.396484,0.215454,0.871826
0.405273,-0.292603,0.952271
-0.549683,-0.054443,0.706543
0.151855,0.007324,0.986694
0.020874,-0.401611,0.785767
-0.472778,0.210693,0.850342
0.425049,-0.244873,0.973267
-0.468140,-0.123047,0.726440
0.065063,0.085449,0.998413
0.111694,-0.409546,0.821411
-0.541260,0.190918,0.812988
0.423584,-0.175049,1.001343
-0.341919,-0.156982,0.759521
-0.024536,0.159180,1.002563
0.203369,-0.433594,0.840698
-0.582764,0.127075,0.786987
0.434326,-0.154907,1.024292
-0.230225,-0.229980,0.744385
-0.137451,0.200928,0.966187
0.301147,-0.383911,0.893188
-0.609741,0.080078,0.749634
0.408569,-0.152222,1.029175
-0.133911,-0.332642,0.743774
-0.221191,0.209961,0.926880
0.363281,-0.337769,0.912598
-0.596313,0.060059,0.736694
0.316162,-0.109985,0.990356
-0.034790,-0.402100,0.752930
-0.315308,0.190552,0.875977
0.402832,-0.288818,0.942627
-0.537476,0.009399,0.734131
0.199951,-0.013672,0.977783
0.031006,-0.425903,0.765503
-0.429932,0.155151,0.829834
0.430664,-0.236084,0.984985
-0.464355,-0.072510,0.742920
0.098999,0.104614,1.005615
0.112793,-0.401489,0.813721
-0.509277,0.141113,0.808838
0.456787,-0.253784,0.995728
-0.374512,-0.158325,0.750732
-0.009033,0.187988,1.020386
0.224121,-0.412109,0.847656
-0.561157,0.103760,0.776733
0.439331,-0.232666,1.005249
-0.239624,-0.234009,0.758789
-0.086792,0.216553,0.989624
0.285645,-0.335327,0.900269
-0.583374,0.048828,0.746704
0.425537,-0.215454,1.018311
-0.116699,-0.324463,0.784912
-0.199829,0.218628,0.949463
0.348633,-0.338867,0.926147
-0.568726,0.032837,0.750732
0.362549,-0.175415,0.994629
-0.024658,-0.417603,0.782471
-0.265503,0.190674,0.905151
0.388428,-0.297852,0.948242
-0.540771,-0.014404,0.740845
0.269409,-0.110596,0.987671
0.032593,-0.431152,0.791626
-0.321167,0.137695,0.865845
0.417358,-0.291260,0.954834
-0.514893,0.004761,0.745239
0.190552,0.000610,0.999756
0.093140,-0.456299,0.796997
-0.402954,0.121094,0.844727
0.442017,-0.275391,0.977661
-0.468140,-0.048706,0.752319
0.112305,0.082397,1.006104
0.159424,-0.452637,0.818115
-0.457764,0.070190,0.798462
0.459229,-0.265259,1.019043
-0.400757,-0.179321,0.725830
0.036621,0.140259,1.029663
0.230957,-0.461548,0.842896
-0.482910,0.064453,0.792114
0.477295,-0.271851,1.021240
-0.320801,-0.210327,0.767090
-0.044800,0.162598,1.006470
0.280396,-0.484009,0.874390
-0.517334,0.021606,0.755249
0.465454,-0.250366,1.049438
-0.232788,-0.230713,0.801392
-0.112061,0.222290,1.017578
0.329346,-0.419800,0.918091
-0.516113,0.011719,0.776245
0.430664,-0.207275,1.055542
-0.132690,-0.285645,0.816406
-0.129761,0.229004,1.023560
0.349121,-0.365723,0.944824
-0.509644,-0.020264,0.783813
0.408325,-0.190552,1.058472
-0.050293,-0.380981,0.807007
-0.199097,0.217285,0.995728
0.417236,-0.376709,0.965576
-0.495850,-0.055176,0.766479
0.343628,-0.131592,1.049561
0.041870,-0.440308,0.823608
-0.238403,0.183594,0.960205
0.443726,-0.344482,0.985718
-0.471069,-0.062134,0.784302
0.303345,-0.086060,1.048096
0.078979,-0.452759,0.823853
-0.280518,0.125488,0.933105
0.475586,-0.278564,1.045166
-0.439087,-0.112793,0.764526
0.231201,-0.007568,1.058105
0.155762,-0.474854,0.856079
-0.365723,0.109131,0.903442
0.526733,-0.278198,1.084961
-0.399292,-0.156250,0.760620
0.130981,0.094604,1.057251
0.247681,-0.454102,0.918457
-0.400391,0.035156,0.857788
0.527954,-0.236938,1.112671
-0.306641,-0.245483,0.772949
0.057617,0.175903,1.098022
0.322632,-0.462402,0.937866
-0.460205,0.060913,0.851807
0.528564,-0.242554,1.114868
-0.218140,-0.251587,0.835571
-0.014893,0.203613,1.069458
0.371704,-0.383789,0.991089
-0.475830,0.021973,0.830811
0.505249,-0.190674,1.143799
-0.088501,-0.327759,0.862915
-0.089111,0.221436,1.063354
0.407715,-0.377686,1.000854
-0.450317,-0.012939,0.834595
0.475830,-0.154785,1.141235
0.014282,-0.352051,0.897095
-0.144653,0.225708,1.056763
0.442383,-0.335083,1.035522
-0.449341,-0.048340,0.801880
0.436401,-0.098022,1.152710
0.032959,-0.373901,0.884033
-0.174194,0.229492,1.069092
0.490845,-0.307739,1.067993
-0.453979,-0.046509,0.797852
0.377686,-0.045410,1.138306
0.112915,-0.395996,0.917358
-0.251831,0.227173,1.048462
0.521851,-0.267944,1.111206
-0.405884,-0.114380,0.810669
0.303833,0.009277,1.136230
0.168213,-0.410645,0.935059
-0.308716,0.175293,0.981567
0.559326,-0.231567,1.139526
-0.328003,-0.191772,0.814209
0.195557,0.064819,1.107300
0.219604,-0.426025,0.948242
-0.365601,0.076538,0.904419
0.584595,-0.230835,1.165527
-0.295776,-0.217651,0.819824
0.109985,0.152832,1.120117
0.296509,-0.401489,0.968628
-0.406860,0.056030,0.896362
0.572388,-0.241089,1.162598
-0.223145,-0.252319,0.855591
0.042236,0.197510,1.112427
0.333740,-0.376587,0.971680
-0.435791,0.045776,0.876099
0.566528,-0.230103,1.159912
-0.128296,-0.311523,0.876221
-0.010986,0.164429,1.084961
0.356689,-0.354004,0.994507
-0.453613,0.012329,0.840332
0.529175,-0.185547,1.167725
-0.071167,-0.345215,0.868530
-0.067749,0.164551,1.067871
0.396118,-0.335693,1.013428
-0.471680,0.017334,0.817017
0.490479,-0.133667,1.166260
-0.068970,-0.371094,0.839355
-0.128296,0.179077,1.062256
0.431396,-0.331665,1.020996
-0.475586,-0.010132,0.809082
0.432007,-0.094360,1.156616
-0.032471,-0.366699,0.849121
-0.221558,0.191162,1.029297
0.461914,-0.313843,1.055908
-0.466431,-0.054443,0.817505
0.387695,-0.064087,1.145386
-0.004517,-0.338501,0.857300
-0.286865,0.199585,0.974121
0.495239,-0.306274,1.066650
-0.447632,-0.108643,0.781006
0.312988,-0.049438,1.125122
0.049072,-0.377930,0.858032
-0.341064,0.179688,0.940796
0.485107,-0.267944,1.069092
-0.425415,-0.139160,0.777222
0.242432,-0.028931,1.102417
0.107666,-0.385742,0.889893
-0.416382,0.147217,0.893433
0.491333,-0.247803,1.084106
-0.382568,-0.212646,0.768921
0.147217,0.052002,1.080811
0.167480,-0.411499,0.893921
-0.459106,0.110474,0.859375
0.495728,-0.255737,1.074219
-0.361084,-0.215942,0.761719
0.043945,0.106201,1.057251
0.233032,-0.410156,0.887451
-0.489502,0.075439,0.831787
0.474854,-0.201050,1.089478
-0.265015,-0.287598,0.758911
-0.052246,0.136108,1.024780
0.280518,-0.418945,0.898438
-0.519653,0.031250,0.790527
0.440430,-0.171753,1.082764
-0.203735,-0.327515,0.744751
-0.156250,0.151611,0.993774
0.329956,-0.395630,0.928467
-0.546387,-0.024536,0.755127
0.401855,-0.135986,1.088745
-0.162720,-0.318237,0.755859
-0.260864,0.197754,0.978394
0.377563,-0.349243,0.965332
-0.560913,-0.052002,0.743896
0.339844,-0.129761,1.060791
-0.103271,-0.340576,0.784302
-0.374268,0.192993,0.908081
0.418335,-0.313599,0.993530
-0.523682,-0.062866,0.738037
0.200806,-0.025513,1.044678
-0.006958,-0.380127,0.815796
-0.466064,0.170288,0.863159
0.432373,-0.276001,1.018188
-0.487915,-0.128540,0.716431
0.080688,0.081543,1.025513
0.111084,-0.406738,0.843262
-0.527100,0.101196,0.815552
0.423706,-0.227783,1.021729
-0.355225,-0.210815,0.736328
-0.033691,0.152954,0.999756
0.214355,-0.398071,0.858032
-0.578247,0.071899,0.777344
0.413940,-0.221313,1.017212
-0.255493,-0.335449,0.699097
-0.156982,0.168213,0.961426
0.289062,-0.358765,0.888062
-0.591919,0.055786,0.765747
0.392212,-0.206421,1.033447
-0.172485,-0.390869,0.719849
-0.277588,0.152344,0.895508
0.343140,-0.328979,0.925659
-0.595337,0.060547,0.728027
0.295166,-0.123901,1.002808
-0.082275,-0.367188,0.776001
-0.396484,0.185547,0.879028
0.376465,-0.297974,0.947998
-0.547729,-0.042480,0.696167
0.160156,0.027222,1.009766
0.017822,-0.380615,0.802979
-0.509155,0.187500,0.839722
0.417480,-0.286011,0.982544
-0.436768,-0.126831,0.732666
0.043823,0.156372,1.026001
0.115112,-0.381714,0.823486
-0.584229,0.134399,0.796509
0.439453,-0.242676,1.011230
-0.300903,-0.233398,0.735229
-0.053467,0.205566,0.997437
0.211060,-0.355347,0.841797
-0.608887,0.105713,0.757568
0.429565,-0.226685,1.022827
-0.205200,-0.340576,0.720703
-0.176514,0.171997,0.930786
0.313965,-0.354614,0.892456
-0.606812,0.116333,0.744507
0.362549,-0.129883,1.018188
-0.122681,-0.361694,0.736328
-0.274780,0.176880,0.897827
0.375000,-0.345093,0.927368
-0.577148,0.033936,0.725342
0.283569,-0.041504,1.003662
-0.059814,-0.410645,0.730225
-0.356812,0.206177,0.874146
0.397217,-0.297241,0.944946
-0.547974,-0.007202,0.732056
0.199585,-0.008789,1.003174
-0.004761,-0.430298,0.747192
-0.439331,0.204224,0.858765
0.423584,-0.253906,0.961426
-0.490967,-0.064209,0.752808
0.099976,0.054077,1.000488
0.090332,-0.437378,0.803589
-0.503784,0.156738,0.813110
0.442627,-0.195923,1.006104
-0.394531,-0.099487,0.752686
-0.005005,0.169678,1.006226
0.205200,-0.410522,0.850708
-0.558594,0.087158,0.774780
0.432861,-0.170532,1.022705
-0.262451,-0.195923,0.752197
-0.104248,0.223877,0.983154
0.292114,-0.397827,0.878540
-0.588379,0.089233,0.753174
0.417358,-0.173950,1.017212
-0.141357,-0.276001,0.776855
-0.191040,0.217529,0.940796
0.334961,-0.330811,0.912231
-0.573975,0.058350,0.752563
0.371704,-0.145996,1.005371
-0.065308,-0.385986,0.760254
-0.276123,0.184937,0.879150
0.399170,-0.302368,0.937378
-0.559448,-0.006592,0.725830
0.261841,-0.068970,0.986572
0.007080,-0.448120,0.752686
-0.342529,0.140259,0.849365
0.437134,-0.284790,0.968750
-0.504761,-0.045288,0.758667
0.154785,0.009277,0.991577
0.065063,-0.423218,0.782227
-0.431885,0.127563,0.810181
0.451660,-0.255859,0.986328
-0.428711,-0.091797,0.774292
0.052002,0.101562,0.998535
0.172974,-0.463013,0.816772
-0.521973,0.110962,0.772461
0.457275,-0.216309,1.019775
-0.307617,-0.175903,0.753662
-0.073486,0.197754,0.994629
0.272583,-0.447632,0.864380
-0.566406,0.045776,0.743408
0.443237,-0.231934,1.029175
-0.171875,-0.264893,0.797607
-0.158813,0.229736,0.973999
0.325317,-0.365356,0.908569
-0.559570,0.030640,0.750122
0.386108,-0.158569,1.034546
-0.039673,-0.404541,0.780396
-0.242798,0.205566,0.945557
0.389526,-0.365112,0.941650
-0.546265,-0.030396,0.733765
0.302612,-0.115234,0.985596
0.019165,-0.436523,0.779907
-0.315918,0.179688,0.877686
0.430054,-0.296753,0.983887
-0.499512,-0.083618,0.744629
0.185059,-0.054443,0.980103
0.067261,-0.482544,0.783813
-0.370972,0.085449,0.832275
0.464722,-0.287354,1.007568
-0.449463,-0.103149,0.749512
0.092285,0.089111,1.019043
0.174683,-0.484253,0.815796
-0.444092,0.046875,0.796387
0.486572,-0.278442,1.043579
-0.345459,-0.208984,0.762207
-0.019409,0.156128,1.008789
0.255859,-0.449951,0.863770
-0.506836,0.022827,0.752441
0.489502,-0.278564,1.052856
-0.229370,-0.259277,0.809814
-0.095093,0.192261,1.001221
0.309570,-0.388062,0.923584
-0.517456,0.013306,0.777588
0.439575,-0.245361,1.048462
-0.097778,-0.337280,0.842651
-0.160645,0.171631,0.985962
0.357178,-0.346436,0.951294
-0.510376,0.011963,0.763428
0.393188,-0.156616,1.064087
0.018066,-0.432373,0.838501
-0.227905,0.134521,0.954956
0.443237,-0.367554,0.990112
-0.479858,-0.029419,0.761719
0.276001,-0.035522,1.042969
0.071411,-0.412598,0.844849
-0.271973,0.106812,0.955200
0.484375,-0.314209,1.041260
-0.462524,-0.093140,0.761841
0.228638,0.015137,1.066162
0.127075,-0.423950,0.862549
-0.359253,0.116089,0.914429
0.511475,-0.293823,1.078247
-0.397583,-0.166626,0.779175
0.158081,0.029297,1.065674
0.218628,-0.466309,0.884888
-0.413696,0.077271,0.848511
0.523438,-0.255005,1.086182
-0.319702,-0.202515,0.793579
0.066284,0.112427,1.064819
0.298340,-0.470215,0.918579
-0.444214,0.065186,0.824707
0.529541,-0.214233,1.100830
-0.195923,-0.220825,0.870117
-0.026367,0.173462,1.064331
0.337036,-0.437866,0.963745
-0.463135,-0.018188,0.803711
0.496460,-0.145630,1.150146
-0.084595,-0.267090,0.874268
-0.116577,0.236206,1.064575
0.432617,-0.391602,0.990479
-0.462036,-0.033447,0.809204
0.420532,-0.114258,1.119263
0.050049,-0.395264,0.884766
-0.164795,0.223145,1.067139
0.453613,-0.299927,1.053955
-0.455933,-0.046875,0.795044
0.381226,-0.092773,1.119507
0.071411,-0.405029,0.882080
-0.233398,0.212280,1.015381
0.533325,-0.278809,1.092163
-0.395264,-0.084717,0.827515
0.276123,0.005981,1.100830
0.163940,-0.436890,0.915039
-0.319580,0.085693,0.942017
0.571777,-0.260864,1.152222
-0.345337,-0.189209,0.805786
0.176636,0.118286,1.107910
0.254761,-0.427124,0.937378
-0.403320,0.065308,0.877441
0.578979,-0.255249,1.166992
-0.232422,-0.266724,0.838013
0.082153,0.199341,1.108765
0.301514,-0.377319,0.953979
-0.440430,0.052246,0.872070
0.555420,-0.260132,1.151978
-0.164429,-0.338013,0.861572
0.036011,0.200562,1.119263
0.362549,-0.353516,0.970703
-0.465210,0.108521,0.854248
0.532837,-0.206055,1.144775
-0.082520,-0.344971,0.890991
-0.031372,0.123657,1.077026
0.412598,-0.347168,1.030273
-0.458496,0.033203,0.829468
0.497437,-0.082886,1.178101
-0.020996,-0.340698,0.871338
-0.119141,0.189819,1.075195
0.446533,-0.362427,1.039062
-0.457031,-0.034302,0.831177
0.472168,-0.101318,1.177979
-0.004395,-0.342529,0.875000
-0.181152,0.223022,1.075073
0.475830,-0.314575,1.066162
-0.462280,-0.031860,0.816040
0.421753,-0.059570,1.177979
0.025146,-0.355469,0.886353
-0.246338,0.205444,1.045898
0.503662,-0.308105,1.087280
-0.435059,-0.075439,0.809204
0.363403,-0.036621,1.155762
0.071289,-0.342651,0.910645
-0.304199,0.181396,0.975342
0.523438,-0.280273,1.101562
-0.408936,-0.127686,0.794067
0.295410,-0.010742,1.145020
0.135742,-0.394653,0.919678
-0.369629,0.163818,0.924316
0.528198,-0.253174,1.107666
-0.363770,-0.170532,0.801758
0.186890,0.036255,1.101929
0.186890,-0.405762,0.922974
-0.420044,0.111450,0.876587
0.538696,-0.223267,1.120483
-0.320679,-0.196655,0.806519
0.094604,0.118408,1.089355
0.230713,-0.398438,0.920532
-0.456909,0.049927,0.844116
0.532593,-0.243164,1.117188
-0.222168,-0.275879,0.814819
0.000366,0.174805,1.068359
0.280396,-0.372437,0.916382
-0.494507,0.021851,0.807861
0.509644,-0.230469,1.117798
-0.164307,-0.352173,0.797607
-0.089966,0.138428,1.020996
0.327515,-0.352295,0.934692
-0.536011,0.017700,0.783203
0.461548,-0.210815,1.111450
-0.102783,-0.392944,0.797485
-0.200195,0.182617,1.001465
0.386108,-0.341675,0.975220
-0.460205,-0.052856,0.795654
0.303711,-0.012573,1.137573
-0.063843,-0.384399,0.807739
-0.339233,0.150879,0.958740
0.534180,-0.265015,1.118774
-0.381836,-0.150635,0.783569
0.182617,0.115723,1.133301
0.178101,-0.394409,0.912720
-0.404053,0.072021,0.904419
0.557007,-0.285400,1.123291
-0.336426,-0.208740,0.808594
0.069092,0.152954,1.091675
0.248047,-0.390625,0.914795
-0.437378,0.034424,0.853027
0.515991,-0.211914,1.120483
-0.200073,-0.293091,0.823975
-0.018311,0.133057,1.050659
0.295532,-0.362183,0.942505
-0.477539,0.014648,0.817871
0.480957,-0.180298,1.114990
-0.167236,-0.310425,0.795654
-0.102783,0.143311,1.020996
0.376587,-0.390503,0.961914
-0.514526,-0.009155,0.802734
0.427979,-0.139404,1.110474
-0.126587,-0.307495,0.796631
-0.210693,0.153320,0.994263
0.394775,-0.325562,1.000488
-0.512207,-0.078003,0.772583
0.365112,-0.108398,1.103760
-0.065552,-0.348022,0.811401
-0.310181,0.185059,0.943237
0.423218,-0.299561,1.012329
-0.508789,-0.078247,0.747803
0.298584,-0.085083,1.092407
-0.002319,-0.349487,0.846802
-0.406982,0.167847,0.896240
0.437866,-0.295654,1.033691
-0.467285,-0.142334,0.745605
0.196655,-0.002930,1.067383
0.075317,-0.415894,0.845581
-0.475342,0.184814,0.866455
0.439087,-0.244385,1.035278
-0.418945,-0.184937,0.752808
0.113892,0.053101,1.060425
0.126831,-0.407227,0.863037
-0.541504,0.126831,0.810913
0.468140,-0.249634,1.046631
-0.329834,-0.255371,0.752197
-0.001709,0.143555,1.042603
0.203247,-0.410889,0.853882
-0.553589,0.088379,0.789673
0.444946,-0.248657,1.035156
-0.260132,-0.322754,0.738403
-0.108765,0.140137,0.976074
0.260498,-0.401978,0.880737
-0.568237,0.047363,0.774170
0.436646,-0.227539,1.047119
-0.208862,-0.335083,0.725952
-0.208252,0.163208,0.951416
0.314453,-0.344116,0.919189
-0.578735,0.013062,0.750610
0.379272,-0.173462,1.055908
-0.178833,-0.365112,0.729980
-0.304688,0.163086,0.909424
0.376465,-0.362793,0.942627
-0.583374,-0.023071,0.724121
0.278076,-0.060669,1.051025
-0.082153,-0.372925,0.765625
-0.393677,0.183960,0.891846
0.378540,-0.325684,0.959595
-0.554688,-0.074463,0.695679
0.191528,-0.006226,1.026978
-0.001465,-0.388062,0.789917
-0.494263,0.205444,0.852661
0.412598,-0.260864,0.989624
-0.465820,-0.123291,0.734375
0.057617,0.093628,1.020630
0.107422,-0.427979,0.822266
-0.556274,0.141235,0.812744
0.433716,-0.242188,1.007202
-0.342407,-0.216309,0.735840
-0.053711,0.190430,0.997681
0.219116,-0.386719,0.858643
-0.600464,0.086426,0.762817
0.408203,-0.207520,1.019653
-0.227173,-0.344360,0.718628
-0.157959,0.164673,0.947510
0.292725,-0.349854,0.888916
-0.628662,0.094482,0.745850
0.368042,-0.159668,1.025513
-0.139038,-0.396729,0.724854
-0.267212,0.166870,0.901733
0.346191,-0.294434,0.926758
-0.600342,0.061646,0.725830
0.284058,-0.092285,1.001465
-0.062866,-0.411987,0.745483
-0.379395,0.182373,0.872681
0.382080,-0.272217,0.953979
-0.551025,-0.029785,0.699219
0.162964,0.053955,1.007202
0.020386,-0.394043,0.789917
-0.498047,0.175171,0.852173
0.422852,-0.268677,0.984131
-0.446167,-0.114746,0.716431
0.046753,0.170776,1.015137
0.126465,-0.360596,0.810669
-0.564941,0.149536,0.818970
0.425781,-0.232666,0.998413
-0.329102,-0.234985,0.728394
-0.029297,0.136230,0.978638
0.234253,-0.348755,0.871704
-0.606689,0.146606,0.767212
0.426270,-0.172974,1.032471
-0.190063,-0.302856,0.745361
-0.145996,0.159546,0.944458
0.309082,-0.353638,0.891113
-0.598389,0.109253,0.751465
0.374878,-0.111572,1.012695
-0.103149,-0.363037,0.732300
-0.261841,0.208130,0.914551
0.376587,-0.344482,0.926147
-0.576294,0.037476,0.728638
0.291870,-0.054565,0.997192
-0.050415,-0.387817,0.742920
-0.353638,0.160645,0.856201
0.417725,-0.301147,0.966309
-0.523926,-0.049927,0.721680
0.199585,0.020996,1.000977
0.009644,-0.398926,0.761597
-0.432861,0.170410,0.831909
0.438721,-0.286865,0.960938
-0.457764,-0.078125,0.750244
0.113892,0.091553,1.021484
0.097046,-0.384277,0.803345
-0.522949,0.179810,0.792603
0.441528,-0.244385,0.983521
-0.367920,-0.171753,0.760864
0.026611,0.118774,1.011841
0.201660,-0.422241,0.837280
-0.591064,0.175781,0.751831
0.427246,-0.172607,1.016235
-0.225830,-0.240723,0.779175
-0.082275,0.160522,0.979492
0.277710,-0.401978,0.883545
-0.602539,0.094849,0.730835
0.403687,-0.147949,1.013672
-0.125122,-0.332642,0.755493
-0.178955,0.207153,0.948608
0.351196,-0.343506,0.922241
-0.572510,0.044067,0.748291
0.343018,-0.107300,1.012085
-0.029907,-0.429565,0.744751
-0.289185,0.196289,0.880249
0.398438,-0.308228,0.943726
-0.534546,-0.023926,0.735229
0.249878,-0.060913,0.992432
0.024292,-0.439209,0.756958
-0.392334,0.161255,0.835083
0.449829,-0.310181,0.969604
-0.465942,-0.084229,0.764893
0.103271,0.064575,0.997803
0.101929,-0.412964,0.808350
-0.482544,0.109131,0.793823
0.473877,-0.301392,0.999878
-0.356201,-0.183350,0.780640
-0.022583,0.169922,1.007080
0.217407,-0.432495,0.833252
-0.536865,0.047363,0.745972
0.459473,-0.263794,1.020020
-0.226440,-0.259033,0.786499
-0.128662,0.201538,0.973267
0.328003,-0.402466,0.914307
-0.552734,0.019531,0.748779
0.388062,-0.166138,1.034668
-0.068481,-0.366333,0.793091
-0.237671,0.188965,0.934937
0.378540,-0.378174,0.941772
-0.504883,-0.047119,0.766846
0.293945,-0.071899,1.016846
0.019409,-0.429688,0.771118
-0.329346,0.139160,0.862427
0.439331,-0.333740,0.985474
-0.458618,-0.163574,0.741455
0.177246,-0.012817,1.011230
0.100830,-0.446533,0.787598
-0.413696,0.114136,0.811035
0.447144,-0.266968,1.011841
-0.372437,-0.154419,0.776978
0.070557,0.061035,1.011353
0.204590,-0.481567,0.830933
-0.500000,0.044922,0.747925
0.477661,-0.249634,1.035400
-0.258057,-0.237915,0.782227
-0.086914,0.181641,1.010010
0.307007,-0.472412,0.882324
-0.515625,0.015381,0.758911
0.436279,-0.191650,1.051392
-0.141602,-0.279053,0.813599
-0.177979,0.189575,0.985352
0.390381,-0.432007,0.950928
-0.510986,-0.045532,0.757935
0.369751,-0.125000,1.058472
0.022217,-0.394043,0.821777
-0.270630,0.212891,0.950562
0.441162,-0.373413,0.977661
-0.455566,-0.113281,0.770142
0.269775,-0.074097,1.033936
0.092285,-0.445923,0.821533
-0.339966,0.151123,0.902710
0.491455,-0.279663,1.045410
-0.401978,-0.169800,0.758057
0.143799,0.022827,1.037354
0.182861,-0.467163,0.856201
-0.415771,0.068970,0.832153
0.519897,-0.243042,1.075806
-0.307617,-0.206177,0.792847
0.012573,0.136841,1.042603
0.304688,-0.490723,0.910278
-0.481934,0.009399,0.786499
0.483032,-0.200928,1.095581
-0.159668,-0.277954,0.834473
-0.099976,0.208374,1.032837
0.383911,-0.405518,0.968506
-0.489258,-0.001953,0.783813
0.424438,-0.144653,1.085083
0.011230,-0.391357,0.857544
-0.189453,0.210327,1.016235
0.457764,-0.373047,1.012207
-0.476685,-0.038452,0.785645
0.348145,-0.071533,1.082397
0.078003,-0.427734,0.863892
-0.244263,0.162842,0.998901
0.488525,-0.294189,1.076172
-0.422607,-0.117188,0.776123
0.280518,-0.008667,1.086304
0.133667,-0.417969,0.883301
-0.341553,0.151489,0.950684
0.549194,-0.293213,1.114990
-0.362793,-0.191040,0.786377
0.173950,0.084595,1.084229
0.236084,-0.426392,0.922363
-0.396362,0.076782,0.868042
0.553467,-0.257690,1.130737
-0.276978,-0.243896,0.812866
0.087402,0.115723,1.076172
0.315186,-0.411865,0.961304
-0.430542,0.085938,0.851196
0.531006,-0.176880,1.142578
-0.168335,-0.263428,0.856689
-0.019653,0.160156,1.075684
0.381592,-0.408936,0.998901
-0.443604,0.035889,0.840698
0.498413,-0.123535,1.146484
-0.042603,-0.286743,0.893433
-0.105957,0.218140,1.088257
0.437500,-0.375977,1.030762
-0.454346,-0.019897,0.838257
0.443970,-0.080688,1.153076
0.034546,-0.347046,0.897827
-0.185791,0.231567,1.065918
0.499146,-0.312622,1.088501
-0.427856,-0.093262,0.806885
0.358276,-0.032104,1.151123
0.108887,-0.384644,0.916626
-0.275269,0.185913,0.999146
0.546509,-0.233398,1.143066
-0.358154,-0.165771,0.819580
0.234009,0.056885,1.126587
0.226807,-0.439209,0.937500
-0.354126,0.115234,0.920166
0.570801,-0.215210,1.152222
-0.294800,-0.200684,0.826538
0.122803,0.132690,1.108276
0.312622,-0.413208,0.983398
-0.420532,0.050781,0.875610
0.549438,-0.199829,1.160767
-0.178833,-0.262085,0.862183
0.025269,0.209106,1.121216
0.366943,-0.352417,0.997925
-0.461914,0.010620,0.840698
0.519409,-0.195068,1.155029
-0.047607,-0.399780,0.855713
-0.043579,0.199341,1.096558
0.386841,-0.289185,1.005615
-0.463867,0.004883,0.826050
0.476440,-0.162842,1.157104
-0.024536,-0.399292,0.859009
-0.149414,0.201294,1.075562
0.466675,-0.290161,1.065796
-0.493164,-0.008301,0.793579
0.390747,-0.063354,1.149292
0.068359,-0.392578,0.914429
-0.255615,0.151367,1.011353
0.515259,-0.289185,1.120117
-0.438110,-0.071777,0.784790
0.285645,0.056152,1.140015
0.130737,-0.398315,0.900513
-0.340332,0.114624,0.960815
0.563965,-0.290649,1.129395
-0.367065,-0.148560,0.811890
0.160400,0.166748,1.126587
0.189087,-0.351929,0.914429
-0.394165,0.066895,0.907227
0.561768,-0.311035,1.114990
-0.306641,-0.247803,0.816284
0.087036,0.177124,1.105835
0.246948,-0.346558,0.906738
-0.462036,0.070557,0.855225
0.550293,-0.275024,1.124756
-0.188965,-0.345215,0.826416
0.001221,0.120361,1.061157
0.284180,-0.348267,0.932739
-0.494995,0.054565,0.806152
0.509888,-0.196899,1.128784
-0.134521,-0.375732,0.815308
-0.104980,0.138916,1.027344
0.363281,-0.382690,0.963013
-0.496826,0.003540,0.811279
0.460815,-0.128296,1.140991
-0.118530,-0.349854,0.790039
-0.171265,0.159668,1.007324
0.391479,-0.345337,0.982178
-0.516846,-0.001953,0.787476
0.410156,-0.131104,1.117798
-0.072754,-0.356079,0.826050
-0.274658,0.184937,0.977783
0.431396,-0.328125,1.011597
-0.515747,-0.045898,0.758667
0.333130,-0.110474,1.098022
-0.022583,-0.350586,0.843750
-0.345581,0.187012,0.942627
0.454346,-0.286743,1.040894
-0.493774,-0.100098,0.738892
0.221069,-0.039307,1.071411
0.058105,-0.410400,0.855469
-0.411987,0.161865,0.895142
0.455200,-0.258667,1.038330
-0.443604,-0.120483,0.770386
0.127319,0.053589,1.057739
0.122559,-0.395874,0.872803
-0.488647,0.107056,0.846802
0.478516,-0.276001,1.043457
-0.378784,-0.202271,0.745850
0.026855,0.113647,1.037476
0.203369,-0.390381,0.873657
-0.536499,0.093140,0.806885
0.458618,-0.237793,1.043945
-0.278931,-0.271484,0.751465
-0.073364,0.133789,0.990112
0.260498,-0.386597,0.894897
-0.563354,0.050659,0.769043
0.429688,-0.191406,1.056763
-0.217285,-0.342773,0.722290
-0.179565,0.181519,0.989258
0.328125,-0.375488,0.919434
-0.589722,-0.000732,0.739380
0.386719,-0.197632,1.045898
-0.149048,-0.360596,0.750977
-0.296875,0.201904,0.930786
0.364502,-0.319946,0.954956
-0.574097,-0.037842,0.734863
0.288330,-0.126831,1.035156
-0.087524,-0.402222,0.766602
-0.383423,0.193359,0.890503
0.394287,-0.287231,0.974976
-0.536499,-0.069214,0.723511
0.158936,0.009033,1.026489
0.023560,-0.415649,0.809448
-0.487427,0.149292,0.858521
0.405884,-0.257935,1.013916
-0.443848,-0.181274,0.719604
0.043579,0.132202,1.022339
0.115845,-0.371216,0.838013
-0.556519,0.118530,0.814819
0.422607,-0.265991,1.011963
-0.348267,-0.255493,0.722168
-0.025391,0.161133,1.006958
0.191528,-0.376709,0.842529
-0.605225,0.124268,0.778687
0.433716,-0.244385,1.018311
-0.272827,-0.311157,0.701172
-0.103149,0.175415,0.983643
0.253174,-0.389038,0.868042
-0.614014,0.104858,0.775879
0.411255,-0.212769,1.001099
-0.223755,-0.322876,0.713257
-0.161377,0.163574,0.957397
0.302002,-0.350098,0.906372
-0.636230,0.076416,0.733398
0.392212,-0.196777,1.018066
-0.157959,-0.368042,0.732910
-0.274658,0.176758,0.910278
0.347290,-0.360107,0.902222
-0.592163,0.076904,0.742920
0.311157,-0.122437,1.002563
-0.110840,-0.364624,0.757080
-0.324097,0.166260,0.888794
0.390625,-0.318604,0.957642
-0.594238,0.034058,0.688354
0.249878,-0.033203,1.014771
-0.044312,-0.374512,0.773926
-0.405640,0.173462,0.870483
0.409546,-0.311523,0.953613
-0.560547,-0.024414,0.704224
0.163940,0.052734,1.001343
0.006348,-0.409180,0.767456
-0.476074,0.200195,0.848999
0.422241,-0.276733,0.979370
-0.488281,-0.087769,0.728760
0.103027,0.048584,1.000610
0.060059,-0.390625,0.795166
-0.528320,0.225220,0.841431
0.438110,-0.224609,0.992188
-0.430176,-0.144653,0.733032
0.048096,0.081299,1.008301
0.144775,-0.408569,0.830811
-0.574463,0.215820,0.805664
0.432251,-0.172852,0.997559
-0.319336,-0.193848,0.750366
-0.040283,0.130493,0.993774
0.224243,-0.434082,0.868286
-0.602783,0.137451,0.755371
0.424316,-0.114502,1.029785
-0.237427,-0.236450,0.716431
-0.119751,0.206177,0.986938
0.305786,-0.419312,0.899780
-0.622681,0.091187,0.743042
0.404785,-0.141846,1.022583
-0.134521,-0.330200,0.737061
-0.214111,0.219971,0.936646
0.361328,-0.346191,0.923096
-0.608398,0.071655,0.750488
0.358887,-0.134155,1.007690
-0.062622,-0.379395,0.756714
-0.288452,0.196167,0.888672
0.381592,-0.307739,0.927246
-0.565186,0.022339,0.722656
0.280884,-0.060791,0.984131
-0.017334,-0.405151,0.757690
-0.354126,0.179321,0.864258
0.416260,-0.281128,0.950073
-0.524780,-0.025513,0.732666
0.178467,0.007446,0.985352
0.027222,-0.414429,0.774780
-0.420654,0.157593,0.833252
0.437866,-0.249634,0.982910
-0.466309,-0.064331,0.737427
0.105469,0.115479,1.018677
0.095093,-0.407837,0.805908
-0.501587,0.125732,0.798706
0.447144,-0.269653,0.987061
-0.400879,-0.148926,0.744873
0.043457,0.162598,1.021362
0.179810,-0.397827,0.833130
-0.550049,0.132446,0.770996
0.458496,-0.230469,1.013184
-0.298096,-0.195312,0.784180
-0.050781,0.149536,0.987671
0.241211,-0.417603,0.860229
-0.560913,0.083618,0.744263
0.438232,-0.156128,1.041260
-0.209106,-0.220337,0.780273
-0.118042,0.195801,0.979492
0.309937,-0.423462,0.889038
-0.584717,0.072632,0.749023
0.398438,-0.147217,1.030396
-0.110840,-0.325928,0.781982
-0.185913,0.187988,0.939209
0.362427,-0.366455,0.929443
-0.566284,0.042114,0.745483
0.351196,-0.111450,1.015869
-0.039795,-0.384033,0.772583
-0.254883,0.182007,0.906616
0.399048,-0.342163,0.952637
-0.533203,0.003784,0.757080
0.283325,-0.064331,1.003418
0.006226,-0.436279,0.759155
-0.320312,0.133545,0.860840
0.429810,-0.331177,0.963013
-0.509033,-0.087280,0.731079
0.228027,-0.014160,1.007568
0.048340,-0.415771,0.774170
-0.387207,0.141846,0.820801
0.437744,-0.289307,0.978882
-0.452637,-0.152832,0.743774
0.142822,-0.006226,1.010864
0.092773,-0.463257,0.788574
-0.463135,0.135132,0.787598
0.463745,-0.249634,1.012329
-0.380249,-0.130493,0.777954
0.057861,0.066284,1.007080
0.178955,-0.492432,0.818481
-0.502686,0.081177,0.763062
0.470093,-0.268066,1.008545
-0.315430,-0.188477,0.776978
-0.034302,0.136108,1.011719
0.271484,-0.487549,0.868652
-0.520386,0.048340,0.748535
0.435669,-0.201538,1.039185
-0.205566,-0.255859,0.788452
-0.114014,0.172852,0.994385
0.320801,-0.466187,0.893188
-0.528076,0.005127,0.756470
0.412964,-0.166504,1.056519
-0.116211,-0.295532,0.792603
-0.195312,0.198364,0.967651
0.393433,-0.432861,0.944092
-0.526611,-0.041016,0.746704
0.365356,-0.139648,1.044189
-0.003296,-0.396606,0.806763
-0.253662,0.190430,0.946777
0.424072,-0.371826,0.977173
-0.484741,-0.113647,0.742676
0.282837,-0.065186,1.043823
0.072266,-0.444946,0.798584
-0.327393,0.172241,0.909546
0.465942,-0.328003,1.003296
-0.445923,-0.139404,0.769653
0.182251,-0.018311,1.025391
0.127319,-0.445190,0.831787
-0.398193,0.114136,0.860474
0.513794,-0.281494,1.053223
-0.387573,-0.161377,0.768921
0.058960,0.088013,1.018677
0.250732,-0.492432,0.872681
-0.453613,0.022949,0.792358
0.494019,-0.223389,1.076538
-0.224731,-0.234131,0.815308
-0.060913,0.201660,1.038208
0.335815,-0.425659,0.925537
-0.515503,0.025391,0.784180
0.452759,-0.211426,1.075684
-0.074341,-0.354370,0.847900
-0.152222,0.220337,1.022461
0.404907,-0.377563,0.982544
-0.477173,-0.045288,0.786621
0.384399,-0.108887,1.086060
0.045166,-0.415405,0.838013
-0.208618,0.172729,0.992310
0.457764,-0.329834,1.019653
-0.461060,-0.062134,0.779175
0.291016,-0.061890,1.063721
0.098511,-0.431885,0.862915
-0.286011,0.152710,0.964111
0.506226,-0.289307,1.070190
-0.416382,-0.100220,0.784668
0.197632,0.027710,1.059814
0.205811,-0.467529,0.900391
-0.376587,0.070435,0.901123
0.537964,-0.251221,1.119019
-0.332642,-0.198730,0.778564
0.106079,0.132324,1.087036
0.286377,-0.429565,0.933716
-0.428467,0.054565,0.851562
0.539307,-0.239014,1.117920
-0.241455,-0.270386,0.811523
0.010254,0.162476,1.066895
0.373657,-0.421631,0.969849
-0.470825,0.049805,0.824219
0.516968,-0.181030,1.130371
-0.113281,-0.287354,0.870850
-0.094482,0.186401,1.059204
0.424683,-0.378296,1.021362
-0.457275,-0.039429,0.815674
0.447754,-0.087280,1.149414
0.025269,-0.329834,0.881836
-0.164551,0.221558,1.058350
0.494629,-0.338501,1.071777
-0.449219,-0.094116,0.800659
0.373291,-0.045044,1.144775
0.084595,-0.370972,0.887451
-0.247681,0.239014,1.028076
0.539673,-0.278564,1.107910
-0.399170,-0.107788,0.822632
0.273804,-0.011841,1.108398
0.184692,-0.417969,0.944214
-0.330933,0.116333,0.926025
0.563477,-0.244873,1.135620
-0.298462,-0.187866,0.831177
0.112793,0.127441,1.097778
0.296631,-0.440552,0.948242
-0.408081,0.038330,0.875610
0.557617,-0.216431,1.156494
-0.192871,-0.208740,0.881104
0.003052,0.226807,1.094849
0.386475,-0.365601,1.011841
-0.449341,-0.008667,0.846924
0.495361,-0.192993,1.157227
-0.011597,-0.399658,0.883911
-0.072021,0.218384,1.103882
0.431763,-0.317627,1.030884
-0.475830,0.014893,0.819824
0.447632,-0.117798,1.162231
0.049438,-0.439819,0.903687
-0.185425,0.198364,1.071167
0.485962,-0.256836,1.107788
-0.440674,-0.026733,0.790527
0.358887,-0.009033,1.155396
0.123291,-0.409302,0.923462
-0.278442,0.131226,0.994873
0.544678,-0.264526,1.138184
-0.374268,-0.142090,0.812256
0.215088,0.116333,1.139160
0.224365,-0.430664,0.926636
-0.380737,0.100952,0.946533
0.565796,-0.260376,1.162109
-0.294678,-0.273438,0.806641
0.100830,0.165771,1.114014
0.307251,-0.389038,0.960938
-0.438477,0.039307,0.857788
0.547485,-0.210449,1.164062
-0.162476,-0.331909,0.851685
0.001465,0.161865,1.086426
0.362793,-0.374512,0.989746
-0.467651,0.047241,0.844849
0.518799,-0.159302,1.158325
-0.069946,-0.343628,0.857788
-0.094482,0.168945,1.076050
0.414429,-0.355347,1.010742
-0.467163,0.002197,0.823364
0.465698,-0.078979,1.164062
-0.036499,-0.334351,0.843018
-0.212891,0.208008,1.034912
0.465576,-0.325195,1.068970
-0.466431,-0.078491,0.805664
0.387451,-0.051514,1.155518
0.023315,-0.324463,0.873657
-0.307007,0.211548,0.983643
0.498779,-0.274292,1.091064
-0.421875,-0.155518,0.790161
0.287842,-0.035645,1.138184
0.110718,-0.373169,0.892578
-0.370850,0.165039,0.928589
0.514160,-0.241577,1.103027
-0.360962,-0.174438,0.791992
0.145142,0.061890,1.094360
0.208374,-0.429443,0.919922
-0.441528,0.077026,0.866333
0.527710,-0.229858,1.125366
-0.284058,-0.237427,0.802002
0.010010,0.130859,1.052490
0.272949,-0.373047,0.936523
-0.473877,0.019897,0.824219
0.503418,-0.192749,1.124512
-0.165771,-0.319092,0.802734
-0.096436,0.137695,1.021118
0.343018,-0.364380,0.947632
-0.494019,-0.019043,0.780151
0.435791,-0.162354,1.101929
-0.111816,-0.322510,0.807739
-0.205688,0.179199,0.996582
0.408936,-0.314819,1.004028
-0.527222,-0.023560,0.766602
0.338379,-0.109741,1.087524
-0.042969,-0.384766,0.818115
-0.320801,0.166382,0.947876
0.453979,-0.285522,1.044800
-0.458374,-0.100830,0.744507
0.210205,0.019897,1.079712
0.050903,-0.386108,0.832886
-0.449829,0.147705,0.878296
0.480713,-0.294434,1.050781
-0.405518,-0.208008,0.753052
0.092529,0.067139,1.054810
0.166626,-0.376099,0.868286
-0.518555,0.099365,0.793457
0.461304,-0.219116,1.062988
-0.254517,-0.316895,0.767578
-0.025635,0.105835,1.033569
0.259766,-0.421753,0.882324
-0.563232,0.095947,0.780151
0.418579,-0.179565,1.044434
-0.198242,-0.304565,0.744873
-0.170288,0.132935,0.985352
0.327148,-0.380249,0.942017
-0.462036,-0.111938,0.784180
0.340576,-0.049805,1.134766
-0.151367,-0.334351,0.751953
-0.378174,0.193726,0.931763
0.468872,-0.286255,1.045288
-0.384155,-0.190674,0.772949
0.208008,0.009888,1.103516
0.121338,-0.385376,0.876709
-0.452881,0.155029,0.878174
0.499390,-0.253052,1.072510
-0.371582,-0.241333,0.751587
0.074829,0.087158,1.061035
0.220215,-0.387085,0.900269
-0.491577,0.088379,0.841797
0.475952,-0.222900,1.077148
-0.244019,-0.302368,0.783447
-0.039185,0.098145,1.018433
0.280640,-0.380249,0.925171
-0.516235,0.025879,0.786133
0.444214,-0.165894,1.085449
-0.180786,-0.323853,0.769409
-0.158569,0.136597,0.986816
0.344727,-0.351562,0.958130
-0.544800,0.003174,0.757324
0.389893,-0.134766,1.081787
-0.115967,-0.342163,0.789673
-0.303711,0.180664,0.953857
0.393677,-0.327759,0.983032
-0.517700,-0.063965,0.744141
0.308716,-0.049683,1.089111
-0.073975,-0.354004,0.778931
-0.371582,0.158813,0.905151
0.436890,-0.331421,1.004272
-0.489502,-0.132812,0.719849
0.187988,0.009155,1.056396
0.036011,-0.378052,0.812134
-0.480469,0.178589,0.860840
0.453125,-0.298828,1.013550
-0.423828,-0.195068,0.740234
0.069458,0.066650,1.033691
0.140747,-0.395020,0.857666
-0.541260,0.130615,0.815430
0.434204,-0.230225,1.028809
-0.295654,-0.261841,0.762085
-0.034912,0.090088,1.000732
0.208374,-0.392334,0.876221
-0.583618,0.053467,0.751343
0.441284,-0.216797,1.040894
-0.222900,-0.328003,0.716797
-0.184814,0.174805,0.968872
0.313354,-0.360352,0.918823
-0.585815,0.016724,0.759521
0.354980,-0.168457,1.029175
-0.176270,-0.359375,0.723022
-0.275879,0.172119,0.930298
0.370850,-0.324707,0.946167
-0.590820,0.022217,0.738159
0.266479,-0.105225,1.026733
-0.069824,-0.365845,0.798584
-0.401855,0.165161,0.879761
0.402100,-0.313721,0.986572
-0.553101,-0.050049,0.695068
0.140137,0.031616,1.005127
0.049194,-0.394287,0.814575
-0.502563,0.161987,0.854126
0.418335,-0.276367,0.992676
-0.435547,-0.159302,0.715698
0.019409,0.144653,1.011719
0.129883,-0.379883,0.826782
-0.567139,0.114746,0.804565
0.433838,-0.258667,1.008545
-0.319214,-0.273071,0.722412
-0.065674,0.141479,0.980591
0.217041,-0.369263,0.853638
-0.615356,0.134155,0.758301
0.412964,-0.211060,1.019531
-0.221436,-0.350464,0.721802
-0.167114,0.123047,0.936646
0.307007,-0.365479,0.901855
-0.602051,0.093506,0.740356
0.341553,-0.112549,1.005005
-0.150146,-0.329590,0.729614
-0.279541,0.154419,0.905762
0.365723,-0.362305,0.928345
-0.586182,0.027100,0.742554
0.296387,-0.056519,1.021484
-0.117676,-0.345825,0.731567
-0.392090,0.213257,0.866699
0.405396,-0.311646,0.962158
-0.545898,-0.104248,0.704102
0.196045,-0.025146,1.002686
-0.031494,-0.408447,0.752075
-0.478149,0.250366,0.856934
0.422729,-0.285522,0.967896
-0.480835,-0.119385,0.726196
0.104492,0.050781,1.005127
0.048340,-0.407349,0.793579
-0.528687,0.210938,0.821777
0.426636,-0.218018,0.996704
-0.411377,-0.150391,0.721680
0.024780,0.124146,1.017822
0.156982,-0.450562,0.810547
-0.570190,0.184082,0.807617
0.435547,-0.178955,1.017578
-0.327759,-0.182373,0.739502
-0.071777,0.168701,0.994141
0.223022,-0.428467,0.854492
-0.589478,0.106812,0.778809
0.437622,-0.168823,1.043335
-0.239990,-0.227661,0.747803
-0.152344,0.221313,0.971680
0.291382,-0.378906,0.881958
-0.601562,0.078857,0.764282
0.416504,-0.152100,1.042358
-0.153198,-0.329346,0.737671
-0.224609,0.206421,0.919312
0.336304,-0.342529,0.902466
-0.605347,0.047241,0.726807
0.364990,-0.127197,1.022827
-0.083130,-0.371216,0.735596
-0.296387,0.257935,0.903442
0.401367,-0.337646,0.914795
-0.581543,0.032349,0.726562
0.267578,-0.099487,0.971436
-0.021606,-0.432373,0.747559
-0.364502,0.195068,0.848389
0.412720,-0.282593,0.950806
-0.535522,-0.012939,0.720825
0.194824,0.010010,1.007690
0.022583,-0.413452,0.776611
-0.440918,0.183960,0.839966
0.438232,-0.265137,0.972534
-0.474609,-0.070435,0.739868
0.094116,0.096558,1.005127
0.104614,-0.398560,0.806885
-0.509644,0.157593,0.810669
0.448364,-0.229736,0.996826
-0.379272,-0.156372,0.745239
0.002441,0.140015,1.001465
0.199829,-0.394409,0.847900
-0.555786,0.139282,0.777100
0.444092,-0.173584,1.029175
-0.264771,-0.219482,0.757935
-0.077637,0.165161,0.977783
0.261353,-0.392822,0.873779
-0.591064,0.089600,0.743408
0.430054,-0.158447,1.030396
-0.132568,-0.312988,0.764648
-0.193726,0.226685,0.946167
0.347290,-0.361450,0.918579
-0.566772,0.056885,0.756836
0.355835,-0.119263,1.013916
-0.068481,-0.386108,0.751709
-0.271362,0.183228,0.886475
0.392822,-0.314697,0.950317
-0.533203,-0.013062,0.732056
0.287354,-0.052368,1.005005
-0.003906,-0.426025,0.755615
-0.352173,0.171997,0.859497
0.419556,-0.339233,0.936890
-0.505981,-0.043335,0.734619
0.208984,-0.006104,1.005371
0.044678,-0.412598,0.776245
-0.432373,0.166870,0.822876
0.450317,-0.293701,0.982056
-0.463013,-0.117310,0.738403
0.110718,0.074219,1.012573
0.128662,-0.436401,0.808960
-0.503418,0.118896,0.788818
0.454834,-0.245239,1.002686
-0.364258,-0.188599,0.746216
0.006226,0.144897,1.015381
0.212402,-0.443359,0.840576
-0.541626,0.055908,0.751221
0.478760,-0.253052,1.026855
-0.249268,-0.231445,0.775513
-0.111938,0.207397,0.972290
0.292114,-0.390625,0.893799
-0.547974,0.026611,0.743408
0.428589,-0.211548,1.027710
-0.140625,-0.307129,0.793457
-0.168335,0.224487,0.979614
0.338623,-0.370483,0.911499
-0.552490,0.039673,0.753784
0.378540,-0.158203,1.025024
-0.056641,-0.375366,0.789429
-0.226807,0.170776,0.926025
0.383057,-0.355347,0.940063
-0.551392,-0.013306,0.739136
0.322510,-0.147095,1.001465
0.013184,-0.457031,0.773315
-0.299072,0.151489,0.882080
0.417847,-0.313110,0.962402
-0.503418,-0.072754,0.736084
0.234131,-0.071411,0.994141
0.064453,-0.461426,0.791992
-0.357178,0.108154,0.862671
0.460205,-0.304443,0.994507
-0.479126,-0.065430,0.747070
0.139893,0.021729,1.005127
0.129883,-0.444336,0.826294
-0.418823,0.059082,0.815308
0.473877,-0.257568,1.035278
-0.411499,-0.149170,0.735107
0.043457,0.137939,1.031128
0.241089,-0.471436,0.857666
-0.476318,0.015259,0.785767
0.473877,-0.249512,1.039673
-0.312378,-0.220215,0.758179
-0.057861,0.195068,1.028809
0.297363,-0.474731,0.888428
-0.504761,0.017700,0.780029
0.451904,-0.238770,1.048950
-0.198975,-0.282227,0.797852
-0.121826,0.216919,1.007202
0.350708,-0.423706,0.924805
-0.522095,0.019775,0.782471
0.411865,-0.194946,1.054810
-0.068848,-0.334229,0.830444
-0.190918,0.201050,0.984131
0.374756,-0.396606,0.937866
-0.496216,-0.056519,0.760498
0.376587,-0.152100,1.052490
0.027344,-0.396118,0.833496
-0.266357,0.202637,0.956787
0.431641,-0.372559,0.976562
-0.474976,-0.099121,0.761108
0.299561,-0.106812,1.040283
0.089600,-0.439819,0.837646
-0.323486,0.158813,0.911499
0.474731,-0.308716,1.014038
-0.434326,-0.129761,0.767090
0.215088,-0.017944,1.045288
0.132812,-0.450806,0.847778
-0.377808,0.108887,0.886108
0.513306,-0.271240,1.068604
-0.385498,-0.150024,0.775635
0.110352,0.062866,1.041870
0.247314,-0.492798,0.885010
-0.427246,0.020752,0.814331
0.502686,-0.231079,1.080322
-0.283203,-0.207153,0.804443
-0.007202,0.153931,1.037231
0.340820,-0.466431,0.925293
-0.468872,0.002686,0.796387
0.476440,-0.180176,1.107910
-0.169067,-0.270020,0.821899
-0.081787,0.185425,1.032837
0.395874,-0.372437,0.982666
-0.472290,-0.015625,0.789185
0.432373,-0.120728,1.117554
-0.001831,-0.402588,0.837402
-0.164673,0.159668,1.009644
0.447388,-0.321777,1.029175
-0.451782,-0.054443,0.779663
0.349121,-0.066528,1.096191
0.073730,-0.379517,0.884033
-0.258423,0.149658,1.004272
0.504761,-0.306519,1.078979
-0.421875,-0.131592,0.772827
0.244995,0.022827,1.078735
0.159302,-0.412354,0.906982
-0.304688,0.090332,0.924805
0.531860,-0.228882,1.134644
-0.364014,-0.177124,0.789795
0.165161,0.074829,1.094116
0.258057,-0.455200,0.921997
-0.403198,0.083862,0.852051
0.546265,-0.192139,1.134277
-0.261841,-0.202515,0.843384
0.044800,0.148926,1.076782
0.339233,-0.479492,0.951050
-0.422241,0.016968,0.842041
0.526245,-0.147705,1.157104
-0.153809,-0.230835,0.850952
-0.075195,0.224854,1.073242
0.422852,-0.428223,0.994751
-0.436768,-0.029663,0.844604
0.476318,-0.137573,1.141846
0.005737,-0.319580,0.897583
-0.138550,0.235474,1.065308
0.462646,-0.301880,1.053833
-0.443359,-0.062622,0.809937
0.406860,-0.085083,1.148071
0.047974,-0.378418,0.894775
-0.218994,0.199951,1.022949
0.510620,-0.264893,1.108765
-0.397583,-0.117676,0.819702
0.300293,0.010376,1.140991
0.168213,-0.401855,0.932739
-0.315674,0.162354,0.960693
0.557007,-0.256958,1.129883
-0.326904,-0.189087,0.835938
0.189819,0.069946,1.118530
0.266357,-0.402222,0.949951
-0.392822,0.101929,0.884888
0.570801,-0.218628,1.155029
-0.219360,-0.235596,0.858521
0.038208,0.152344,1.098755
0.353638,-0.399536,1.000366
-0.455566,0.036377,0.853882
0.541382,-0.174438,1.168945
-0.079590,-0.328613,0.876343
-0.060669,0.209106,1.094238
0.415771,-0.346558,1.023682
-0.462646,0.018677,0.833862
0.476318,-0.140747,1.155518
-0.010742,-0.385986,0.887207
-0.137817,0.199585,1.086914
0.483398,-0.322388,1.068604
-0.460938,-0.007202,0.819214
0.404419,-0.065186,1.152954
0.049805,-0.357666,0.914307
-0.228638,0.184937,1.040161
0.529175,-0.284912,1.124390
-0.408691,-0.106567,0.818726
0.301270,0.041504,1.162231
0.128906,-0.400757,0.914795
-0.311279,0.125488,0.958374
0.549683,-0.267578,1.128540
-0.341797,-0.162842,0.830933
0.218994,0.073242,1.140869
0.196655,-0.408325,0.923828
-0.380127,0.107300,0.903442
0.549438,-0.218506,1.141479
-0.287598,-0.216675,0.832153
0.096436,0.102783,1.087769
0.299683,-0.424438,0.968140
-0.427002,0.064209,0.872070
0.545654,-0.167480,1.151489
-0.194336,-0.251465,0.843506
0.005859,0.163452,1.082886
0.343140,-0.373047,0.981689
-0.447876,-0.003174,0.846802
0.509033,-0.167114,1.159424
-0.095581,-0.325562,0.837769
-0.086792,0.188599,1.066284
0.394897,-0.330811,0.998535
-0.482910,-0.015381,0.818726
0.456177,-0.154297,1.142334
-0.046021,-0.357056,0.850220
-0.195068,0.207031,1.048584
0.444824,-0.295776,1.050415
-0.476196,-0.073853,0.772217
0.382446,-0.073486,1.147217
0.028442,-0.387085,0.869629
-0.304321,0.169922,0.957886
0.468994,-0.250732,1.078491
-0.417969,-0.154419,0.773804
0.298218,-0.042725,1.128662
0.101807,-0.376221,0.878052
-0.393188,0.183960,0.919312
0.516602,-0.268433,1.093750
-0.380615,-0.210938,0.786621
0.163330,0.017456,1.089844
0.196411,-0.395508,0.917114
-0.457275,0.130981,0.858032
0.512573,-0.197021,1.107788
-0.293579,-0.227783,0.811646
0.020508,0.112427,1.066162
0.272339,-0.433350,0.927124
-0.487793,0.043945,0.822998
0.488281,-0.165161,1.113159
-0.182495,-0.288208,0.814087
-0.075195,0.142334,1.046997
0.334839,-0.389160,0.956421
-0.498901,-0.030640,0.784668
0.450562,-0.157593,1.118164
-0.154785,-0.323486,0.761597
-0.211548,0.187744,1.002075
0.405884,-0.344727,0.987061
-0.505005,-0.057617,0.784912
0.351074,-0.092163,1.103394
-0.064819,-0.349854,0.821899
-0.324097,0.178345,0.935059
0.431763,-0.296753,1.032471
-0.475708,-0.110474,0.751709
0.253418,-0.025635,1.102661
0.030029,-0.402832,0.828247
-0.418945,0.170654,0.899658
0.449829,-0.270020,1.037720
-0.427979,-0.162720,0.747925
0.122681,0.061401,1.053711
0.137817,-0.389404,0.864502
-0.491821,0.125244,0.841675
0.465820,-0.256592,1.053711
-0.330444,-0.240356,0.770630
-0.002319,0.100098,1.026001
0.220581,-0.364746,0.894043
-0.532959,0.046265,0.793457
0.457031,-0.230835,1.066528
-0.241577,-0.328491,0.741821
-0.107422,0.122803,0.982178
0.281982,-0.347046,0.907593
-0.566528,0.008789,0.748901
0.425049,-0.206665,1.067993
-0.160156,-0.369263,0.755249
-0.249023,0.167114,0.952515
0.343384,-0.343262,0.932129
-0.572998,0.030640,0.752197
0.332275,-0.126099,1.052612
-0.099854,-0.365356,0.789062
-0.350098,0.156860,0.913940
0.393188,-0.305542,0.985229
-0.536743,-0.061157,0.702759
0.215820,-0.014404,1.042603
-0.003906,-0.387451,0.805908
-0.450562,0.155396,0.879150
0.431274,-0.291016,1.015381
-0.495728,-0.143311,0.697510
0.093018,0.097900,1.034302
0.103638,-0.356567,0.838013
-0.535645,0.139160,0.827026
0.429932,-0.258545,1.021362
-0.378662,-0.203125,0.752563
-0.002930,0.102295,1.005005
0.185425,-0.390747,0.864868
-0.593018,0.127808,0.784424
0.424927,-0.229492,1.027222
-0.269531,-0.331299,0.713013
-0.120850,0.159058,0.989258
0.268921,-0.397949,0.875732
-0.594116,0.084961,0.767090
0.382812,-0.162476,1.027710
-0.183105,-0.344971,0.720825
-0.242432,0.170288,0.940552
0.324585,-0.341675,0.926025
-0.587036,-0.006958,0.729370
0.323975,-0.116699,1.037964
-0.129639,-0.370728,0.737305
-0.356079,0.176270,0.888550
0.381348,-0.318115,0.956299
-0.554443,-0.016113,0.727905
0.212158,-0.040405,1.019531
-0.036621,-0.408691,0.769287
-0.467285,0.206421,0.867188
0.408203,-0.272217,0.984985
-0.497070,-0.097656,0.727295
0.079590,0.078369,1.018921
0.092407,-0.396851,0.826660
-0.557251,0.168823,0.822021
0.421265,-0.225952,1.000244
-0.353394,-0.220825,0.728638
-0.043579,0.168213,1.000244
0.217285,-0.411377,0.855103
-0.598022,0.121826,0.764160
0.398315,-0.177368,1.015747
-0.215454,-0.313599,0.730347
-0.169556,0.182129,0.960571
0.288940,-0.360718,0.890503
-0.604614,0.073120,0.750122
0.363892,-0.130615,1.027344
-0.153564,-0.369995,0.708252
-0.307251,0.193848,0.897095
0.381104,-0.341064,0.929321
-0.571777,0.009155,0.723999
0.250000,-0.055298,1.009277
-0.070679,-0.381348,0.745605
-0.428467,0.214233,0.862549
0.410034,-0.291260,0.961914
-0.517090,-0.112305,0.712524
0.113770,0.036865,1.000610
0.048706,-0.377563,0.802246
-0.513550,0.205444,0.836670
0.416016,-0.214722,0.995239
-0.380005,-0.161621,0.737915
0.011353,0.127197,1.000366
0.198608,-0.414795,0.844360
-0.599243,0.171265,0.772217
0.409790,-0.152466,1.018066
-0.236328,-0.248047,0.745972
-0.135620,0.174194,0.967773
0.300171,-0.410522,0.883423
-0.597290,0.115967,0.772949
0.366089,-0.104858,1.006470
-0.139038,-0.332520,0.728516
-0.253540,0.189941,0.905518
0.364502,-0.322021,0.927734
-0.571167,-0.005615,0.724854
0.290649,-0.084473,1.010010
-0.068237,-0.408691,0.733887
-0.376587,0.205200,0.863647
0.421509,-0.307983,0.938477
-0.515259,-0.002808,0.744141
0.171265,0.020752,0.994751
0.035156,-0.402954,0.782715
-0.481079,0.194824,0.823242
0.428467,-0.232544,0.986206
-0.443848,-0.088013,0.748901
0.070679,0.097046,1.018555
0.151733,-0.435425,0.828735
-0.568237,0.182129,0.800537
0.418091,-0.151367,1.007080
-0.317993,-0.190308,0.734863
-0.032349,0.153442,0.998535
0.256470,-0.402832,0.889893
-0.603394,0.146118,0.767334
0.411377,-0.153320,1.012695
-0.156250,-0.301758,0.755493
-0.183472,0.214722,0.941040
0.333618,-0.344849,0.916016
-0.580078,0.071167,0.755737
0.352661,-0.093262,1.017700
-0.075073,-0.363159,0.745605
-0.283936,0.177124,0.872314
0.385254,-0.315186,0.939453
-0.548340,-0.031494,0.725464
0.266113,-0.040405,0.996704
-0.024048,-0.410278,0.743286
-0.372437,0.180176,0.854248
0.421509,-0.261719,0.968384
-0.493896,-0.048584,0.745239
0.129028,0.047363,1.005493
0.064941,-0.421875,0.792725
-0.477295,0.135376,0.816895
0.456665,-0.233398,1.006348
-0.402588,-0.117188,0.748657
0.005859,0.162476,1.002808
0.201660,-0.434082,0.833252
-0.562134,0.087524,0.758301
0.441650,-0.196045,1.035034
-0.224731,-0.261719,0.754028
-0.104248,0.226685,0.983521
0.286133,-0.364380,0.880859
-0.590454,0.077148,0.754028
0.410034,-0.191406,1.023438
-0.090332,-0.365967,0.771362
-0.216431,0.183838,0.913696
0.350830,-0.317139,0.928955
-0.571045,0.027710,0.730957
0.332642,-0.128784,1.002197
-0.001831,-0.432617,0.773926
-0.300903,0.171997,0.874756
0.411255,-0.309326,0.938599
-0.541992,0.029175,0.732056
0.203369,-0.027710,0.966187
0.067017,-0.437622,0.782959
-0.394165,0.110229,0.821411
0.430908,-0.257690,0.979614
-0.452881,-0.077271,0.743652
0.098999,0.112549,1.008545
0.105957,-0.403687,0.809692
-0.482544,0.093506,0.785645
0.452271,-0.283325,0.994385
-0.382202,-0.157104,0.754761
0.019409,0.143433,1.013428
0.208496,-0.405396,0.856445
-0.555786,0.073608,0.749756
0.467163,-0.273438,1.008667
-0.255615,-0.237305,0.789185
-0.088989,0.200195,1.003540
0.287720,-0.401611,0.879883
-0.551758,0.064819,0.748535
0.416992,-0.177612,1.030884
-0.142090,-0.286377,0.799438
-0.180542,0.167236,0.959351
0.371094,-0.437256,0.923218
-0.553467,0.008911,0.746704
0.350952,-0.084106,1.037476
-0.032104,-0.382568,0.766968
-0.268555,0.200684,0.910034
0.422974,-0.374756,0.951660
-0.514404,-0.060669,0.753540
0.264648,-0.083252,0.999512
0.038940,-0.445068,0.771362
-0.346558,0.139893,0.854492
0.445190,-0.332275,0.974487
-0.476318,-0.125000,0.747314
0.172729,-0.001465,1.014404
0.103516,-0.455200,0.801147
-0.431641,0.146240,0.825439
0.457275,-0.286255,0.992188
-0.397217,-0.182739,0.753784
0.061279,0.065674,1.020142
0.206421,-0.494263,0.837036
-0.503418,0.068115,0.769287
0.457886,-0.260010,1.012817
-0.283569,-0.191406,0.788818
-0.044189,0.153687,1.013794
0.304077,-0.467285,0.895020
-0.539551,0.030029,0.746948
0.425171,-0.188721,1.036743
-0.160156,-0.285645,0.795166
-0.141724,0.203003,1.006348
0.365479,-0.445557,0.926392
-0.531372,-0.020874,0.755493
0.378052,-0.127563,1.053223
-0.019287,-0.375366,0.802002
-0.246338,0.216919,0.958618
0.415405,-0.374146,0.969116
-0.490234,-0.112427,0.745850
0.304565,-0.121338,1.029663
0.058105,-0.444336,0.803345
-0.328613,0.171387,0.900635
0.474365,-0.346680,0.999146
-0.437622,-0.104004,0.778198
0.197754,-0.020630,1.032349
0.104858,-0.442139,0.820557
-0.385986,0.114624,0.845093
0.489380,-0.281616,1.033691
-0.386719,-0.158936,0.776489
0.088745,0.070679,1.025513
0.224365,-0.484741,0.874023
-0.448486,0.028809,0.783081
0.477173,-0.227417,1.061646
-0.277100,-0.220215,0.787231
-0.021484,0.194824,1.060059
0.323730,-0.450073,0.927856
-0.512573,0.031250,0.788696
0.457764,-0.225098,1.067627
-0.146240,-0.296143,0.829346
-0.106323,0.188599,1.029175
0.373413,-0.388794,0.962402
-0.510132,0.011597,0.773438
0.425049,-0.155396,1.083618
0.008911,-0.412964,0.838867
-0.190796,0.200562,1.009033
0.434204,-0.346924,0.995850
-0.491577,-0.028564,0.776367
0.337036,-0.115601,1.063354
0.083374,-0.460327,0.836304
-0.274536,0.148560,0.949463
0.487915,-0.277344,1.051514
-0.423950,-0.104858,0.790283
0.223633,-0.014160,1.062012
0.162354,-0.463501,0.876587
-0.368896,0.106567,0.888672
0.519287,-0.229004,1.105347
-0.333130,-0.178711,0.797729
0.095459,0.137207,1.068726
0.291016,-0.470215,0.926636
-0.446777,0.009888,0.816650
0.516602,-0.225708,1.116699
-0.226440,-0.286621,0.804077
-0.016846,0.197266,1.067627
0.363770,-0.391968,0.973511
-0.474487,0.010986,0.821289
0.484741,-0.169922,1.129395
-0.055176,-0.326782,0.862671
-0.124512,0.210815,1.048950
0.427002,-0.352173,1.016846
-0.467285,-0.024902,0.804321
0.401855,-0.103882,1.121826
0.068726,-0.410645,0.880249
-0.220703,0.209717,1.026855
0.484619,-0.298462,1.064575
-0.421875,-0.088013,0.803589
0.306763,-0.016479,1.107910
0.126587,-0.427612,0.893799
-0.305176,0.167969,0.971069
0.544800,-0.253784,1.118896
-0.360840,-0.146484,0.806641
0.187866,0.085083,1.099976
0.258423,-0.459595,0.926270
-0.382812,0.087402,0.889526
0.540405,-0.220459,1.134399
-0.259277,-0.225342,0.827637
0.072510,0.141968,1.079468
0.354126,-0.417603,0.980957
-0.442993,0.071411,0.855469
0.509277,-0.149780,1.143188
-0.159912,-0.270508,0.858398
-0.026611,0.176025,1.091797
0.432007,-0.418091,1.023438
-0.476074,0.003418,0.821533
0.461426,-0.086426,1.159424
0.015503,-0.349731,0.882690
-0.135620,0.201904,1.067017
0.466553,-0.330566,1.061523
-0.414429,-0.087891,0.833252
0.426147,-0.070190,1.163208
0.042725,-0.356567,0.891724
-0.251221,0.211426,1.018555
0.516357,-0.277832,1.111084
-0.374878,-0.158203,0.807983
0.323486,0.012207,1.160400
0.156494,-0.372803,0.937500
-0.327026,0.174316,0.958862
0.511230,-0.199829,1.100342
-0.320190,-0.208496,0.831299
0.207275,0.070312,1.122314
0.252930,-0.391846,0.964233
-0.460327,0.039795,0.815430
0.492310,-0.152222,1.127686
-0.130981,-0.261719,0.862671
-0.073730,0.196411,1.068726
0.433594,-0.391968,1.022583
-0.456421,-0.031494,0.813110
0.437988,-0.085205,1.137207
0.029419,-0.346680,0.876953
-0.169800,0.219238,1.045532
0.481934,-0.314575,1.061035
-0.428101,-0.106445,0.804321
0.370361,-0.060181,1.132690
0.078003,-0.360474,0.906372
-0.276978,0.212891,1.006226
0.539795,-0.276245,1.120605
-0.371460,-0.170532,0.810791
0.249512,0.028564,1.119873
0.191040,-0.408203,0.936768
-0.330688,0.095215,0.914429
0.545410,-0.211426,1.134155
-0.302734,-0.201538,0.820190
0.134399,0.106445,1.106201
0.309204,-0.431152,0.969482
-0.410400,0.057617,0.862061
0.547485,-0.176758,1.154907
-0.204956,-0.240845,0.851807
0.021851,0.177979,1.101562
0.380005,-0.395996,1.006104
-0.447510,0.010376,0.839355
0.529175,-0.144409,1.179932
-0.045288,-0.316040,0.896851
-0.102783,0.217041,1.073608
0.438599,-0.340820,1.033325
-0.435669,-0.035522,0.839355
0.454468,-0.120605,1.161499
0.008667,-0.381470,0.882812
-0.176514,0.186523,1.040405
0.492310,-0.286743,1.085327
-0.433838,-0.078857,0.816406
0.388428,-0.041504,1.162842
0.103638,-0.388428,0.912964
-0.276855,0.219116,1.012573
0.521606,-0.256714,1.118774
-0.371582,-0.157593,0.819702
0.305054,-0.004395,1.155518
0.182129,-0.402344,0.937012
-0.352905,0.157349,0.924438
0.559082,-0.235229,1.139526
-0.309448,-0.207520,0.826904
0.181152,0.059326,1.135742
0.275513,-0.438843,0.965698
-0.412720,0.123901,0.893311
0.552856,-0.185303,1.152344
-0.238525,-0.240479,0.837524
0.055664,0.144531,1.105835
0.344360,-0.430664,0.982178
-0.440430,0.047485,0.868286
0.546997,-0.174194,1.155396
-0.104126,-0.277466,0.871826
-0.071045,0.226074,1.091187
0.399536,-0.378052,1.001221
-0.454834,-0.020508,0.850464
0.510376,-0.173218,1.157593
-0.033203,-0.303955,0.879150
-0.141113,0.228271,1.068848
0.449585,-0.321777,1.047607
-0.470947,-0.048462,0.816895
0.422241,-0.103760,1.152588
0.016846,-0.359009,0.891479
-0.211670,0.210938,1.054565
0.488037,-0.294067,1.084229
-0.468628,-0.047485,0.805908
0.336060,-0.050293,1.132080
0.104614,-0.399658,0.912598
-0.299316,0.161499,0.975708
0.500610,-0.231201,1.112915
-0.395996,-0.151978,0.784546
0.239502,0.026733,1.121704
0.165283,-0.403809,0.911255
-0.375610,0.126343,0.934814
0.551636,-0.261108,1.126709
-0.354492,-0.170654,0.801270
0.134888,0.117310,1.106079
0.235962,-0.411865,0.931396
-0.428711,0.073975,0.879517
0.553101,-0.256714,1.126343
-0.262695,-0.253052,0.820068
0.031372,0.162598,1.083740
0.272949,-0.381226,0.926514
-0.458252,0.007812,0.834106
0.524902,-0.235474,1.130493
-0.164062,-0.342163,0.817017
-0.042236,0.175903,1.061401
0.328979,-0.360840,0.955322
-0.489380,0.015625,0.802734
0.484863,-0.189331,1.127197
-0.101807,-0.368896,0.811646
-0.125366,0.165283,1.024780
0.358398,-0.324341,0.972534
-0.517334,-0.029785,0.775391
0.434692,-0.195312,1.111816
-0.091919,-0.381714,0.811157
-0.192017,0.169312,1.008423
0.413574,-0.310303,1.014893
-0.520386,0.022461,0.778076
0.354126,-0.091919,1.118652
-0.036743,-0.391968,0.831665
-0.294434,0.172607,0.975098
0.449341,-0.301392,1.037720
-0.479126,-0.038208,0.764404
0.273071,-0.009644,1.114014
0.037964,-0.376099,0.857666
-0.390625,0.167358,0.920410
0.469971,-0.313110,1.036743
-0.435181,-0.122559,0.758911
0.183228,0.054443,1.086304
0.122314,-0.379028,0.877197
-0.454102,0.124756,0.868042
0.484985,-0.262573,1.072510
-0.388550,-0.208618,0.755249
0.069824,0.101685,1.050293
0.193726,-0.389648,0.891724
-0.501831,0.091187,0.824463
0.480957,-0.245483,1.067261
-0.272217,-0.268555,0.775513
-0.039307,0.130737,1.016113
0.247925,-0.379517,0.893677
-0.520630,0.033447,0.796631
0.456909,-0.213257,1.077148
-0.223267,-0.322876,0.750732
-0.137939,0.142090,0.985229
0.320312,-0.367676,0.919312
-0.560425,0.006592,0.755127
0.398926,-0.169067,1.066284
-0.157471,-0.347900,0.772339
-0.247070,0.172974,0.972290
0.369629,-0.341309,0.961548
-0.556396,-0.008057,0.754883
0.328247,-0.114624,1.075806
-0.106201,-0.375854,0.765503
-0.347778,0.164795,0.904175
0.411865,-0.313965,0.986938
-0.518066,-0.053101,0.723022
0.226318,-0.017090,1.051147
-0.009277,-0.384155,0.809814
-0.448608,0.153076,0.862671
0.427856,-0.307251,0.996582
-0.488281,-0.144043,0.719727
0.104614,0.074951,1.022827
0.111694,-0.413940,0.831055
-0.520386,0.142212,0.833374
0.424561,-0.246582,1.018799
-0.383057,-0.209839,0.741333
0.010742,0.098755,1.016602
0.185303,-0.431885,0.849854
-0.564453,0.097656,0.801392
0.422607,-0.205933,1.025024
-0.280518,-0.251587,0.742065
-0.093384,0.145752,0.978760
0.271729,-0.397583,0.899658
-0.583252,0.035889,0.756714
0.390991,-0.166138,1.031494
-0.215698,-0.330811,0.708008
-0.236572,0.184814,0.954834
0.348145,-0.377808,0.920654
-0.568115,-0.005005,0.753418
0.317505,-0.113892,1.039429
-0.158569,-0.343994,0.727295
-0.346924,0.188721,0.898804
0.379883,-0.347290,0.949219
-0.541138,-0.063477,0.735474
0.235474,-0.067993,1.029297
-0.061768,-0.393433,0.765503
-0.460327,0.217896,0.863037
0.402710,-0.281738,0.975098
-0.485474,-0.124512,0.727905
0.106689,0.020996,1.004028
0.052246,-0.411499,0.805054
-0.537109,0.173218,0.816162
0.421631,-0.233032,0.995117
-0.378174,-0.187378,0.736450
-0.003662,0.122192,1.024902
0.184937,-0.449341,0.848755
-0.592041,0.133057,0.788574
0.395874,-0.181641,1.008423
-0.269287,-0.284424,0.709595
-0.121704,0.172485,0.979492
0.275757,-0.404541,0.886719
-0.592285,0.068970,0.767578
0.376465,-0.139038,1.023560
-0.202393,-0.309204,0.707153
-0.244141,0.172607,0.939575
0.357056,-0.374268,0.927734
-0.597168,0.032715,0.731567
0.319336,-0.082397,1.021240
-0.130005,-0.356567,0.731323
-0.349121,0.190796,0.886353
0.396362,-0.326782,0.946655
-0.552856,-0.012573,0.720581
0.212402,-0.016846,1.000610
-0.040894,-0.391846,0.756714
-0.441406,0.207886,0.864014
0.405762,-0.262329,0.973633
-0.500732,-0.117554,0.706665
0.110962,0.086548,1.024048
0.054077,-0.400269,0.800293
-0.531738,0.180420,0.833130
0.433594,-0.237305,1.004517
-0.393799,-0.163696,0.726807
-0.002197,0.176147,1.015259
0.181885,-0.407349,0.851318
-0.576538,0.137329,0.789673
0.424438,-0.192871,1.004028
-0.289429,-0.206055,0.732178
-0.087280,0.172974,0.971313
0.278076,-0.405029,0.880371
-0.587769,0.109253,0.767700
0.390259,-0.128052,1.022339
-0.199463,-0.283081,0.731323
-0.189941,0.205688,0.942139
0.337402,-0.386719,0.911987
-0.588501,0.057007,0.753662
0.356079,-0.107910,1.015747
-0.142700,-0.306763,0.730347
-0.285156,0.205811,0.898438
0.386597,-0.369263,0.931274
-0.563843,-0.009155,0.739624
0.304565,-0.052734,1.015259
-0.077026,-0.350586,0.731689
-0.360107,0.215820,0.850464
0.409424,-0.292847,0.957642
-0.537109,-0.092285,0.712769
0.221802,-0.036865,1.003906
-0.015381,-0.402344,0.762207
-0.432373,0.209229,0.838989
0.419800,-0.260498,0.957520
-0.464600,-0.054565,0.752930
0.128418,0.060669,1.003174
0.063843,-0.386719,0.803589
-0.520752,0.223633,0.813110
0.440430,-0.228027,0.997192
-0.383789,-0.145874,0.752441
0.040405,0.123047,1.017578
0.161255,-0.393677,0.840820
-0.579102,0.181396,0.775024
0.439575,-0.179688,1.012695
-0.266113,-0.220825,0.764404
-0.061279,0.162231,0.988403
0.239258,-0.422485,0.864746
-0.591187,0.101318,0.747681
0.436035,-0.154663,1.032715
-0.160767,-0.258667,0.767334
-0.178101,0.225952,0.945557
0.322632,-0.367065,0.903931
-0.568970,0.030151,0.753052
0.374512,-0.115601,1.030884
-0.088013,-0.378174,0.738647
-0.259399,0.216675,0.910278
0.382568,-0.342896,0.914429
-0.565430,0.008301,0.745361
0.281006,-0.088501,0.997559
-0.027954,-0.429688,0.750732
-0.338135,0.168579,0.862793
0.423462,-0.286377,0.955566
-0.520874,-0.035400,0.734131
0.182007,-0.018799,0.988647
0.065186,-0.439331,0.789062
-0.441162,0.143677,0.815308
0.443359,-0.242310,0.979126
-0.449829,-0.068237,0.756104
0.079956,0.087524,1.013184
0.142456,-0.434204,0.830688
-0.520020,0.097168,0.783691
0.458740,-0.217529,1.020996
-0.338867,-0.149902,0.766479
-0.053345,0.194580,1.007080
0.249390,-0.424438,0.863403
-0.555054,0.040283,0.744141
0.443970,-0.191040,1.039551
-0.197021,-0.271973,0.765869
-0.161377,0.228638,0.964844
0.331299,-0.367676,0.907227
-0.572021,0.050049,0.757446
0.377563,-0.170410,1.019897
-0.066895,-0.402954,0.769409
-0.236450,0.188843,0.914673
0.375854,-0.332397,0.927368
-0.552490,0.000610,0.741455
0.301147,-0.107300,0.990479
0.018677,-0.447266,0.778076
-0.325562,0.141968,0.852661
0.421021,-0.303833,0.957520
-0.516357,-0.038574,0.728516
0.183838,-0.017578,0.983154
0.089722,-0.453491,0.794922
-0.422974,0.112061,0.818237
0.445068,-0.270020,0.984131
-0.429077,-0.129761,0.745483
0.051636,0.105957,0.998047
0.178467,-0.472778,0.822754
-0.508301,0.062866,0.762573
0.463257,-0.261597,1.013672
-0.312866,-0.197388,0.768311
-0.062744,0.189575,1.003906
0.267456,-0.425293,0.873901
-0.558594,0.036621,0.736816
0.433838,-0.209229,1.034668
-0.152100,-0.300171,0.795532
-0.148804,0.221191,0.986572
0.335449,-0.355835,0.921021
-0.556152,0.027344,0.756836
0.367065,-0.190308,1.014648
-0.041382,-0.398926,0.791748
-0.213013,0.162598,0.940063
0.391724,-0.332397,0.958862
-0.537964,0.016602,0.753784
0.283447,-0.091797,1.007202
0.026367,-0.462891,0.784058
-0.284180,0.098633,0.875000
0.444702,-0.346436,0.978394
-0.495483,-0.061890,0.758301
0.192139,0.012451,1.013794
0.086670,-0.456665,0.786377
-0.384155,0.092285,0.843872
0.464355,-0.323853,1.003174
-0.424805,-0.180786,0.751709
0.101562,0.059692,1.016602
0.176514,-0.418945,0.841187
-0.468872,0.092041,0.791260
0.486328,-0.284546,1.026245
-0.318481,-0.229736,0.783081
-0.027344,0.110352,0.999634
0.283081,-0.470947,0.890015
-0.510132,0.016846,0.746216
0.451538,-0.201538,1.052856
-0.166260,-0.254028,0.820557
-0.148071,0.196533,1.012207
0.366089,-0.453735,0.922974
-0.513306,-0.031494,0.755127
0.382446,-0.116577,1.067749
-0.011108,-0.362671,0.828613
-0.247925,0.214355,0.970947
0.423706,-0.390991,0.966309
-0.461060,-0.116333,0.768188
0.286011,-0.078979,1.038452
0.070923,-0.434448,0.810303
-0.314941,0.135376,0.898804
0.479980,-0.291504,1.033691
-0.422241,-0.120239,0.767822
0.158813,0.015991,1.037231
0.171509,-0.480957,0.856079
-0.409790,0.053223,0.831299
0.508911,-0.272461,1.069092
-0.326904,-0.214478,0.780396
0.017456,0.178223,1.053467
0.300049,-0.430908,0.914673
-0.489990,0.011719,0.786743
0.461548,-0.219360,1.081665
-0.163086,-0.311768,0.826538
-0.057251,0.216431,1.076416
0.359009,-0.389038,0.943970
-0.521484,0.058838,0.803345
0.436646,-0.210205,1.062622
-0.012329,-0.374268,0.864258
-0.152466,0.173096,1.015137
0.412231,-0.310547,1.013794
-0.474609,-0.040894,0.784546
0.362305,-0.099243,1.085449
0.075806,-0.421509,0.873291
-0.235962,0.145020,0.983276
0.465454,-0.303955,1.043335
-0.441772,-0.106445,0.767700
0.278320,-0.005615,1.076782
0.131226,-0.395264,0.893311
-0.313110,0.149902,0.965576
0.521362,-0.288940,1.089233
-0.402954,-0.150635,0.778809
0.171875,0.050293,1.069458
0.237305,-0.468994,0.908691
-0.376953,0.090088,0.888672
0.531128,-0.219849,1.104248
-0.305176,-0.176392,0.810303
0.084351,0.097168,1.061890
0.307861,-0.485840,0.930786
-0.429810,0.052368,0.840332
0.531616,-0.181030,1.131714
-0.201538,-0.215454,0.859741
-0.033691,0.197876,1.078247
0.394653,-0.457642,0.978394
-0.463745,-0.005127,0.825806
0.481445,-0.108398,1.134521
-0.039673,-0.277832,0.891846
-0.126831,0.245361,1.085327
0.437744,-0.379028,1.030762
-0.464111,-0.074829,0.805176
0.429077,-0.114380,1.143799
0.052490,-0.362549,0.895630
-0.196411,0.223267,1.051880
0.493530,-0.306519,1.066650
-0.427002,-0.069824,0.815430
0.349243,-0.047119,1.130615
0.109985,-0.406860,0.915039
-0.282349,0.185181,1.001465
0.547119,-0.269409,1.122192
-0.395020,-0.120239,0.811279
0.257812,0.040894,1.120605
0.207886,-0.415161,0.930054
-0.331665,0.118408,0.926514
0.571655,-0.244995,1.145508
-0.310425,-0.210327,0.821533
0.139038,0.100708,1.103882
0.279541,-0.429077,0.951660
-0.401001,0.078735,0.883057
0.580200,-0.216187,1.155884
-0.215698,-0.216431,0.864258
0.028320,0.185181,1.099731
0.364380,-0.396973,0.989868
-0.434448,0.033081,0.871460
0.546387,-0.194458,1.167847
-0.088867,-0.308350,0.895874
-0.063477,0.188477,1.078979
0.406738,-0.347046,1.024780
-0.448120,-0.005493,0.829956
0.476562,-0.107666,1.166626
0.002075,-0.366455,0.883301
-0.114624,0.190063,1.088501
0.458618,-0.316406,1.063110
-0.471191,-0.005005,0.813110
0.416260,-0.062744,1.172241
0.066284,-0.382812,0.908447
-0.215454,0.216064,1.065918
0.504517,-0.274902,1.106812
-0.442871,-0.078125,0.800659
0.353516,-0.020142,1.162231
0.119995,-0.383057,0.921143
-0.295898,0.187744,0.997925
0.567871,-0.280396,1.140503
-0.392456,-0.130005,0.819946
0.231445,0.026489,1.118652
0.204102,-0.403076,0.937988
-0.345947,0.127441,0.929199
0.561890,-0.216431,1.145020
-0.325317,-0.196045,0.806396
0.137573,0.089844,1.105591
0.289673,-0.399414,0.978149
-0.407227,0.086182,0.891602
0.533813,-0.183105,1.142212
-0.213013,-0.262695,0.843140
0.034302,0.136108,1.086060
0.339600,-0.364258,0.982544
-0.471313,0.055054,0.842529
0.526245,-0.175171,1.149170
-0.077881,-0.333740,0.862427
-0.062256,0.177002,1.083984
0.382690,-0.334351,0.997437
-0.477539,0.000244,0.815186
0.470093,-0.126465,1.155029
-0.028076,-0.363037,0.854858
-0.192017,0.190308,1.044800
0.458252,-0.308105,1.048462
-0.464355,-0.033325,0.813843
0.363525,-0.024780,1.152100
0.044067,-0.389282,0.871948
-0.281372,0.162842,0.992432
0.511719,-0.283691,1.100708
-0.422729,-0.122192,0.777832
0.252441,0.084106,1.139160
0.129883,-0.344849,0.904663
-0.387451,0.114258,0.909668
0.532227,-0.317871,1.109375
-0.369385,-0.258667,0.770630
0.135864,0.112183,1.111450
0.216431,-0.403198,0.895020
-0.464355,0.094360,0.866943
0.541992,-0.256958,1.122192
-0.245972,-0.286621,0.813965
0.017212,0.117432,1.056396
0.268433,-0.371704,0.937866
-0.488525,0.032227,0.806885
0.513062,-0.205566,1.120239
-0.165527,-0.309204,0.811401
-0.074097,0.151733,1.040039
0.322266,-0.369019,0.936401
-0.498169,-0.019287,0.793579
0.470703,-0.181274,1.111084
-0.137207,-0.338379,0.786743
-0.169434,0.182251,1.009644
0.382202,-0.337036,0.981079
-0.519653,-0.006958,0.786255
0.393677,-0.155762,1.093384
-0.085571,-0.360962,0.800903
-0.248901,0.172241,0.969971
0.406616,-0.287476,1.015747
-0.525269,-0.039185,0.767456
0.324707,-0.116455,1.087280
-0.030518,-0.387817,0.826416
-0.330444,0.155518,0.927856
0.441162,-0.280640,1.037598
-0.473022,-0.088989,0.750732
0.213989,-0.004517,1.072754
0.055420,-0.399048,0.844727
-0.420288,0.140503,0.875977
0.460815,-0.260132,1.041504
-0.440063,-0.173096,0.749268
0.109741,0.060303,1.052490
0.136230,-0.393799,0.868286
-0.489380,0.095215,0.829346
0.484375,-0.260376,1.065308
-0.346191,-0.221436,0.773682
-0.006470,0.109741,1.023804
0.200073,-0.392334,0.871216
-0.525269,0.050659,0.796387
0.473022,-0.242798,1.065796
-0.244385,-0.306763,0.753906
-0.120117,0.168335,0.987915
0.258179,-0.354980,0.890747
-0.554321,0.026367,0.766968
0.440796,-0.235962,1.059326
-0.184204,-0.355713,0.744019
-0.215088,0.174316,0.958252
0.333130,-0.366211,0.917847
-0.587402,0.017944,0.738403
0.364258,-0.153320,1.055298
-0.134033,-0.360107,0.767334
-0.279907,0.164429,0.941162
0.364746,-0.317383,0.960693
-0.597900,-0.000732,0.729980
0.290894,-0.112671,1.037964
-0.056885,-0.380737,0.791626
-0.395386,0.174805,0.882080
0.397583,-0.301514,0.988892
-0.545288,-0.056885,0.697998
0.202026,-0.017090,1.029785
0.019287,-0.372559,0.816650
-0.481079,0.159790,0.854004
0.433594,-0.287231,0.996094
-0.497925,-0.107178,0.707397
0.061401,0.111328,1.007446
0.122314,-0.400391,0.834961
-0.526489,0.121094,0.825439
0.424194,-0.246460,1.014038
-0.388672,-0.187134,0.725708
-0.028198,0.150757,1.002930
0.187256,-0.388062,0.853516
-0.573975,0.087646,0.790771
0.423950,-0.210938,1.026367
-0.291504,-0.286377,0.715820
-0.118652,0.169434,0.967041
0.248169,-0.383911,0.872681
-0.603516,0.075195,0.767334
0.419067,-0.229370,1.021606
-0.210449,-0.355225,0.716187
-0.222656,0.177124,0.937256
0.302124,-0.342529,0.902954
-0.593384,0.045044,0.735474
0.355225,-0.144653,1.027832
-0.154297,-0.359863,0.728149
-0.300415,0.187866,0.909424
0.369751,-0.344116,0.940796
-0.585449,0.002930,0.726929
0.274292,-0.085327,1.020508
-0.107544,-0.387573,0.724365
-0.386597,0.205078,0.884277
0.408936,-0.326904,0.959106
-0.536865,-0.061890,0.717529
0.164917,0.014404,0.999512
-0.015137,-0.401978,0.764038
-0.474854,0.221313,0.860352
0.415649,-0.273315,0.980225
-0.487061,-0.109863,0.734619
0.071533,0.040039,0.991821
0.107788,-0.427002,0.814819
-0.546997,0.180664,0.820190
0.423950,-0.194824,1.010254
-0.378174,-0.134888,0.739746
-0.027588,0.150635,1.007446
0.213013,-0.427002,0.860840
-0.591431,0.096680,0.770508
0.419556,-0.161133,1.030029
-0.258179,-0.261475,0.717163
-0.145996,0.196411,0.967163
0.301880,-0.387207,0.895996
-0.599243,0.061523,0.750977
0.375488,-0.132812,1.028564
-0.149902,-0.340454,0.729614
-0.253906,0.200562,0.913696
0.351318,-0.331909,0.914185
-0.585327,0.028931,0.727417
0.306763,-0.079590,1.017090
-0.072632,-0.400146,0.728394
-0.361084,0.197388,0.866699
0.389771,-0.283569,0.942261
-0.540894,-0.040039,0.714966
0.198242,0.005127,1.004761
0.011353,-0.405396,0.770508
-0.471802,0.209351,0.850952
0.416382,-0.225708,0.977051
-0.443970,-0.120972,0.743896
0.055908,0.110352,1.011963
0.129150,-0.419922,0.818359
-0.552734,0.166626,0.799316
0.438599,-0.188110,1.016479
-0.316162,-0.186035,0.742920
-0.059204,0.205078,1.004272
0.245483,-0.383667,0.864624
-0.611694,0.110352,0.742920
0.430908,-0.195190,1.025269
-0.151733,-0.328857,0.757080
-0.186035,0.220703,0.937988
0.316284,-0.338135,0.899292
-0.589233,0.081299,0.750000
0.344727,-0.114868,1.005371
-0.057861,-0.386108,0.752441
-0.284058,0.188721,0.880249
0.395874,-0.300903,0.947632
-0.571411,0.016846,0.709717
0.216553,-0.021851,0.975708
0.025146,-0.416016,0.773560
-0.382812,0.127441,0.845215
0.414673,-0.234741,0.980347
-0.480591,-0.033936,0.741333
0.104126,0.132568,1.005981
0.091431,-0.388550,0.799683
-0.512695,0.119751,0.799072
0.438843,-0.239258,0.997070
-0.373413,-0.141602,0.753662
0.020264,0.168457,1.003052
0.213623,-0.347412,0.863403
-0.609619,0.163940,0.761719
0.454590,-0.244263,1.010498
-0.215088,-0.296875,0.773071
-0.102783,0.172485,0.962891
0.275513,-0.326050,0.893433
-0.584839,0.141724,0.756714
0.424561,-0.170532,1.022095
-0.080444,-0.334839,0.796021
-0.225586,0.150513,0.907715
0.339966,-0.341797,0.917847
-0.573608,0.061401,0.744385
0.352295,-0.083984,1.018677
-0.025879,-0.398193,0.781372
-0.314331,0.170654,0.871826
0.410034,-0.356567,0.928833
-0.532715,-0.017944,0.738159
0.234985,-0.028809,0.993286
0.013916,-0.437988,0.747681
-0.385010,0.121338,0.828125
0.447144,-0.303101,0.978027
-0.466675,-0.100220,0.738037
0.141479,0.083862,1.004028
0.071289,-0.395386,0.786377
-0.462524,0.136475,0.805298
0.465210,-0.283691,1.005737
-0.402466,-0.181885,0.747925
0.034180,0.130005,1.005005
0.168701,-0.408813,0.834106
-0.513672,0.096191,0.770874
0.461670,-0.246948,1.008789
-0.314331,-0.196289,0.778809
-0.070068,0.162842,0.992554
0.248047,-0.453613,0.853149
-0.540161,0.036865,0.749146
0.458252,-0.208740,1.044922
-0.200684,-0.230469,0.785278
-0.167603,0.204468,0.951416
0.315796,-0.400391,0.899536
-0.553467,0.013184,0.750977
0.412354,-0.175659,1.043091
-0.084229,-0.348755,0.775879
-0.226685,0.222534,0.939331
0.386108,-0.387207,0.934448
-0.538574,-0.032104,0.738403
0.320923,-0.121460,1.014160
-0.000244,-0.431274,0.786133
-0.277222,0.150269,0.895142
0.446045,-0.299072,0.973999
-0.487671,-0.080078,0.744995
0.113770,0.053833,0.999023
0.100586,-0.438110,0.798462
-0.478271,0.144165,0.800293
0.453979,-0.233276,0.999268
-0.387451,-0.127319,0.760742
0.015625,0.159302,1.018555
0.201294,-0.431274,0.847168
-0.546509,0.072021,0.753662
0.445068,-0.209961,1.020508
-0.255371,-0.209961,0.767090
-0.091553,0.214111,0.995850
0.292725,-0.409302,0.882080
-0.564697,0.079224,0.754395
0.423096,-0.182373,1.023926
-0.159546,-0.286987,0.784546
-0.176636,0.171509,0.942139
0.359497,-0.391357,0.930908
-0.558228,0.044189,0.752441
0.350952,-0.073975,1.024902
-0.028198,-0.383423,0.776001
-0.265625,0.160156,0.892822
0.390137,-0.385132,0.930908
-0.542725,-0.021851,0.747437
0.296753,-0.062256,1.009277
0.029785,-0.417480,0.762817
-0.366455,0.181030,0.859497
0.430786,-0.362427,0.955933
-0.471558,-0.130981,0.730225
0.214966,-0.017090,1.012207
0.060059,-0.411011,0.786621
-0.436157,0.179321,0.826050
0.464966,-0.325195,0.977661
-0.422241,-0.165649,0.762451
0.105835,0.015747,1.000488
0.121094,-0.430420,0.810059
-0.466675,0.092163,0.778198
0.483765,-0.281128,1.018921
-0.350952,-0.168579,0.785034
-0.024780,0.114990,0.986450
0.230957,-0.496460,0.830811
-0.495483,0.025513,0.748169
0.455322,-0.217163,1.041138
-0.262573,-0.191528,0.799561
-0.106323,0.162842,0.988892
0.318237,-0.476440,0.881226
-0.526489,0.006714,0.755249
0.421753,-0.164795,1.058716
-0.136597,-0.287231,0.787720
-0.176636,0.206421,0.988770
0.367676,-0.435913,0.922119
-0.529785,-0.063843,0.749146
0.379028,-0.148804,1.047241
0.001953,-0.378052,0.820801
-0.258423,0.234497,0.963745
0.411743,-0.354614,0.965454
-0.494751,-0.098877,0.767456
0.288208,-0.125000,1.014771
0.085449,-0.451782,0.823486
-0.322754,0.142090,0.872437
0.430908,-0.292603,0.994995
-0.439697,-0.114990,0.772827
0.186646,-0.030762,1.030884
0.131348,-0.482422,0.808594
-0.396606,0.089478,0.830688
0.490845,-0.267334,1.037720
-0.383423,-0.147583,0.774170
0.078979,0.063599,1.023438
0.242188,-0.486816,0.863403
-0.467896,0.033203,0.776001
0.484131,-0.244873,1.065674
-0.244019,-0.254883,0.791016
-0.056885,0.187012,1.032959
0.323853,-0.453003,0.908813
-0.507446,0.038574,0.795410
0.446167,-0.208984,1.071777
-0.100098,-0.315430,0.843872
-0.155273,0.207397,1.017456
0.386230,-0.390869,0.966553
-0.480957,-0.051880,0.772339
0.380737,-0.097168,1.085938
0.029541,-0.392944,0.825195
-0.211670,0.201050,0.984619
0.451172,-0.326782,1.022461
-0.452515,-0.113037,0.772827
0.286621,-0.063232,1.067139
0.084473,-0.444702,0.837646
-0.305420,0.147461,0.933838
0.497925,-0.266602,1.063477
-0.407715,-0.106201,0.781982
0.177979,0.020508,1.060547
0.210205,-0.490234,0.895386
-0.404419,0.063843,0.866821
0.522217,-0.244751,1.095581
-0.311646,-0.194702,0.800903
0.049194,0.123291,1.054077
0.318726,-0.471924,0.931152
-0.453857,0.021118,0.820801
0.511963,-0.184570,1.127441
-0.181030,-0.253418,0.839478
-0.050171,0.184570,1.042969
0.369141,-0.397217,0.978638
-0.467041,-0.005859,0.809204
0.472534,-0.156372,1.127441
-0.017456,-0.350220,0.877319
-0.151611,0.216919,1.042480
0.438232,-0.348022,1.018555
-0.458984,-0.057251,0.796631
0.404663,-0.093018,1.123413
0.080200,-0.389648,0.888916
-0.238159,0.214844,1.023071
0.486816,-0.318604,1.068604
-0.420410,-0.114746,0.806885
0.312012,-0.041382,1.104492
0.130981,-0.398438,0.905151
-0.304932,0.198242,0.982910
0.537964,-0.232544,1.121704
-0.361084,-0.153076,0.819458
0.209229,0.053467,1.097778
0.223511,-0.460083,0.917236
-0.361572,0.072998,0.885864
0.556885,-0.220215,1.143066
-0.278198,-0.205566,0.830444
0.103638,0.129517,1.089600
0.308716,-0.432983,0.948853
-0.420166,0.050903,0.859619
0.555908,-0.198364,1.160400
-0.183838,-0.238525,0.867554
-0.001465,0.196777,1.080688
0.374512,-0.370239,0.999878
-0.444824,0.026489,0.852661
0.513916,-0.180908,1.157715
-0.050171,-0.344116,0.888306
-0.086182,0.217529,1.087769
0.428467,-0.358032,1.026611
-0.444824,-0.021118,0.835205
0.469238,-0.122192,1.155640
0.020630,-0.357544,0.889893
-0.140381,0.214844,1.072021
0.467773,-0.303955,1.063477
-0.445312,-0.047485,0.810425
0.417114,-0.067383,1.163940
0.063721,-0.370728,0.908569
-0.224609,0.218750,1.059937
0.509766,-0.254639,1.118164
-0.409058,-0.093018,0.811768
0.325073,-0.005249,1.146118
0.148804,-0.402954,0.930664
-0.294312,0.161133,0.993774
0.541870,-0.216431,1.143921
-0.349365,-0.160645,0.813599
0.204468,0.065186,1.119507
0.241211,-0.422974,0.950684
-0.377197,0.105103,0.915527
0.571777,-0.224243,1.154419
-0.281250,-0.204468,0.831055
0.101074,0.126831,1.106445
0.297607,-0.388794,0.967651
-0.429688,0.064697,0.879028
0.557861,-0.220093,1.158203
-0.153931,-0.269165,0.869629
-0.003784,0.199463,1.102295
0.365723,-0.368896,0.987305
-0.478271,0.043579,0.834229
0.515259,-0.190796,1.152832
-0.053101,-0.367065,0.859009
-0.061768,0.185791,1.098633
0.405396,-0.330444,1.003052
-0.488525,0.020630,0.821655
0.470337,-0.135742,1.158081
-0.026611,-0.387329,0.871704
-0.173828,0.157593,1.053589
0.455933,-0.326294,1.057983
-0.486450,0.003052,0.804565
0.396240,-0.036133,1.162720
0.022705,-0.345703,0.887329
-0.273926,0.182739,1.016235
0.528687,-0.337036,1.095825
-0.450317,-0.059448,0.797852
0.291626,0.056152,1.147705
0.068604,-0.327637,0.894287
-0.300903,0.148315,0.978516
0.542358,-0.312256,1.115845
-0.434937,-0.123413,0.779053
0.237793,0.065674,1.133545
0.116699,-0.380127,0.877686
-0.363281,0.110962,0.927002
0.550415,-0.310425,1.098877
-0.390503,-0.146484,0.798828
0.145996,0.124512,1.111328
0.178101,-0.403564,0.894165
-0.413940,0.068481,0.884888
0.535645,-0.272705,1.102905
-0.358643,-0.227051,0.772583
0.099976,0.134644,1.103638
0.203125,-0.341675,0.907471
-0.463745,0.062378,0.844971
0.539551,-0.277710,1.107544
-0.267456,-0.299438,0.786987
0.016968,0.149658,1.078003
0.270996,-0.406738,0.908691
-0.494629,0.060425,0.823853
0.504883,-0.223999,1.097778
-0.210571,-0.306030,0.788086
-0.060303,0.147949,1.043213
0.316162,-0.402588,0.929443
-0.505371,0.039795,0.800781
0.464966,-0.159546,1.093994
-0.197388,-0.287354,0.778442
-0.117065,0.141602,1.017944
0.348145,-0.419189,0.950073
-0.533691,0.002930,0.784790
0.442871,-0.163452,1.102051
-0.161621,-0.326294,0.760498
-0.219360,0.192871,0.990112
0.393188,-0.358398,0.978271
-0.526245,-0.042358,0.770752
0.377075,-0.122070,1.100464
-0.113281,-0.353271,0.771240
-0.309570,0.200195,0.952148
0.425537,-0.343994,0.999268
-0.520142,-0.053711,0.770508
0.275513,-0.081909,1.064209
-0.038696,-0.364624,0.807129
-0.359253,0.149170,0.900513
0.422729,-0.277100,1.022583
-0.490356,-0.119019,0.728882
0.173950,0.014648,1.057861
0.074951,-0.432373,0.823120
-0.471313,0.132446,0.863647
0.445190,-0.242188,1.046997
-0.427856,-0.199829,0.729492
0.050537,0.110840,1.029419
0.163696,-0.391357,0.858765
-0.531738,0.089966,0.814209
0.454712,-0.241943,1.041138
-0.296753,-0.262817,0.749268
-0.062256,0.142822,0.998047
0.228638,-0.369995,0.874146
-0.567749,0.053833,0.788940
0.443848,-0.231079,1.044434
-0.219360,-0.334595,0.731812
-0.191284,0.159668,0.953125
0.314575,-0.353271,0.919434
-0.587402,0.002686,0.741577
0.373779,-0.178833,1.043945
-0.164795,-0.374390,0.724487
-0.280273,0.174805,0.929077
0.362793,-0.331177,0.952881
-0.587524,0.013794,0.737793
0.284424,-0.091431,1.040527
-0.084717,-0.400269,0.764893
-0.391235,0.189209,0.894653
0.394287,-0.292725,0.975220
-0.545776,-0.055176,0.714478
0.156616,0.007324,1.012207
0.014282,-0.380249,0.811401
-0.477783,0.168945,0.859253
0.417603,-0.281250,1.001587
-0.483276,-0.135010,0.710815
0.055786,0.117920,1.016846
0.108521,-0.379517,0.831055
-0.562134,0.158569,0.828613
0.436279,-0.265015,1.014038
-0.368774,-0.225586,0.722656
-0.041992,0.166138,0.998901
0.190918,-0.393555,0.844360
-0.600952,0.111694,0.784546
0.428955,-0.227051,1.028687
-0.254272,-0.326050,0.709595
-0.135986,0.171265,0.966309
0.262329,-0.359375,0.884277
-0.612305,0.081177,0.748169
0.392334,-0.204468,1.010864
-0.177002,-0.379395,0.714844
-0.217896,0.174194,0.933838
0.323364,-0.342407,0.917236
-0.609131,0.083618,0.737427
0.333984,-0.134521,1.005981
-0.117920,-0.379761,0.740479
-0.320923,0.171265,0.886230
0.367065,-0.313232,0.934448
-0.575806,0.016846,0.713623
0.256836,-0.045410,1.012817
-0.061646,-0.361816,0.768677
-0.423828,0.161987,0.845337
0.408813,-0.313965,0.965698
-0.534180,-0.043823,0.714233
0.153198,0.063965,1.018799
0.006348,-0.378296,0.773804
-0.498901,0.201294,0.847412
0.434082,-0.272339,0.974731
-0.456665,-0.105103,0.732544
0.073608,0.092651,1.009399
0.077026,-0.380737,0.817139
-0.546143,0.194702,0.817871
0.430542,-0.205322,1.000122
-0.356445,-0.180298,0.743164
-0.004883,0.155640,1.015747
0.180786,-0.418823,0.843628
-0.583374,0.154419,0.796387
0.425903,-0.182007,1.005249
-0.284424,-0.214966,0.733032
-0.107056,0.192627,0.975586
0.280029,-0.414307,0.881714
-0.599609,0.106445,0.772217
0.405640,-0.119507,1.038208
-0.198730,-0.275879,0.732544
-0.191528,0.185547,0.936768
0.338867,-0.398071,0.912231
-0.596802,0.036255,0.748047
0.369385,-0.108154,1.031128
-0.106689,-0.348755,0.724854
-0.306641,0.237427,0.887451
0.392090,-0.330322,0.930054
-0.555786,0.009888,0.740479
0.291260,-0.059570,1.004028
-0.064697,-0.397827,0.736084
-0.349976,0.192139,0.854736
0.416748,-0.296509,0.947510
-0.536987,-0.024902,0.723022
0.188110,-0.019287,0.994751
0.013062,-0.394409,0.772827
-0.445679,0.203735,0.833740
0.433838,-0.247803,0.976929
-0.471191,-0.123169,0.729736
0.106079,0.062622,1.007935
0.085938,-0.412476,0.802246
-0.526367,0.208740,0.804321
0.452637,-0.219482,0.996582
-0.395020,-0.098999,0.756348
0.025757,0.131592,1.009399
0.190918,-0.450562,0.834717
-0.560547,0.140259,0.776245
0.444702,-0.178345,1.012939
-0.276001,-0.197876,0.759033
-0.082642,0.209229,0.999390
0.265747,-0.410400,0.865356
-0.584717,0.097900,0.756958
0.440308,-0.181519,1.036499
-0.190796,-0.267090,0.767212
-0.156006,0.192261,0.949585
0.311279,-0.367310,0.896484
-0.580078,0.029297,0.732666
0.395752,-0.145264,1.030640
-0.063721,-0.350708,0.776978
-0.246948,0.222778,0.911743
0.355225,-0.312378,0.915283
-0.554321,0.008301,0.731812
0.324341,-0.107300,1.001343
-0.008301,-0.437866,0.758789
-0.306030,0.180420,0.883423
0.406982,-0.291382,0.944092
-0.540161,-0.040771,0.718750
0.213379,-0.053223,0.979248
0.046753,-0.475952,0.760010
-0.386719,0.165039,0.840942
0.443237,-0.263550,0.976562
-0.490112,-0.075073,0.734009
0.118774,0.052612,1.000854
0.122681,-0.444824,0.820068
-0.491455,0.100220,0.781128
0.456177,-0.255981,1.001587
-0.384155,-0.151855,0.740356
0.003418,0.187744,1.017212
0.224121,-0.409058,0.851685
-0.546997,0.056274,0.753418
0.443970,-0.242554,1.014526
-0.264893,-0.225952,0.768311
-0.090088,0.199585,0.988892
0.296509,-0.372437,0.903320
-0.555542,0.050537,0.745361
0.410034,-0.194336,1.026245
-0.121704,-0.326538,0.790771
-0.187500,0.156250,0.936157
0.365356,-0.386719,0.923584
-0.543823,0.028809,0.738281
0.343506,-0.097046,1.022339
-0.021240,-0.371704,0.796997
-0.274780,0.151855,0.897461
0.404663,-0.381592,0.946777
-0.532837,-0.072754,0.730591
0.261108,-0.056030,1.005981
0.051270,-0.437012,0.777222
-0.359131,0.167847,0.863403
0.434448,-0.326294,0.967407
-0.470337,-0.109253,0.756958
0.165039,-0.015137,1.002197
0.098145,-0.456665,0.792969
-0.435425,0.114014,0.809326
0.468262,-0.271973,1.005127
-0.383301,-0.178345,0.754761
0.045288,0.081543,1.010864
0.207642,-0.479980,0.837524
-0.490723,0.030029,0.755127
0.464600,-0.243164,1.020874
-0.279419,-0.205811,0.789307
-0.079346,0.157715,1.006226
0.308716,-0.454346,0.898682
-0.522339,-0.008179,0.755615
0.416504,-0.178955,1.055908
-0.124146,-0.321045,0.794434
-0.177002,0.214111,1.002197
0.371216,-0.408569,0.936157
-0.514282,-0.016113,0.764038
0.362183,-0.139771,1.045898
0.032227,-0.439087,0.811646
-0.260254,0.168701,0.929321
0.413696,-0.331909,0.976929
-0.464722,-0.076538,0.762207
0.261230,-0.061523,1.024048
0.090454,-0.442505,0.834351
-0.347046,0.104492,0.890259
0.476562,-0.300415,1.025513
-0.420044,-0.150879,0.762573
0.137939,0.060791,1.028198
0.174683,-0.444092,0.859863
-0.431519,0.064697,0.827881
0.520630,-0.287231,1.069336
-0.334473,-0.234009,0.763062
0.026001,0.169312,1.043945
0.257202,-0.433594,0.881104
-0.473267,0.016724,0.789551
0.508423,-0.265259,1.083984
-0.222290,-0.284058,0.807129
-0.051270,0.183472,1.034302
0.318604,-0.417725,0.916626
-0.484619,0.039795,0.800903
0.471802,-0.218628,1.087646
-0.114868,-0.294556,0.869019
-0.104736,0.179932,1.036621
0.381470,-0.401855,0.962891
-0.480835,0.017456,0.798828
0.428711,-0.142578,1.089722
-0.028198,-0.332275,0.864502
-0.163208,0.160645,1.028564
0.434326,-0.390625,1.006104
-0.463379,-0.047485,0.781250
0.369263,-0.060547,1.095093
0.048950,-0.382202,0.865112
-0.219116,0.188843,1.014160
0.459473,-0.353149,1.034424
-0.447388,-0.095825,0.780640
0.354980,-0.057983,1.107056
0.082275,-0.382080,0.877197
-0.275024,0.203125,0.994873
0.496826,-0.302979,1.071533
-0.411011,-0.142090,0.788452
0.304077,-0.027100,1.113159
0.119873,-0.421143,0.886719
-0.319458,0.187378,0.968506
0.536255,-0.276489,1.091431
-0.380493,-0.145142,0.794312
0.222290,0.018555,1.086792
0.186401,-0.435913,0.915649
-0.337280,0.112793,0.923096
0.540527,-0.225708,1.118408
-0.346558,-0.173218,0.805298
0.167480,0.067017,1.095825
0.277588,-0.451172,0.952759
-0.387573,0.092529,0.879639
0.534790,-0.189087,1.123657
-0.278076,-0.190796,0.830322
0.096313,0.102661,1.099854
0.342163,-0.476440,0.979370
-0.444702,0.078613,0.847534
0.530884,-0.151855,1.133911
-0.180664,-0.210571,0.859619
-0.010986,0.199951,1.096436
0.406982,-0.433472,1.008179
-0.455933,0.008911,0.845215
0.503784,-0.145874,1.152222
-0.059082,-0.298462,0.876587
-0.102661,0.250610,1.087402
0.459351,-0.348999,1.043701
-0.443359,-0.052124,0.829224
0.449097,-0.103149,1.170288
0.024658,-0.369995,0.880981
-0.168579,0.232300,1.073975
0.478760,-0.281006,1.082397
-0.435425,-0.070923,0.821045
0.393433,-0.057861,1.166382
0.101807,-0.382690,0.920410
-0.266479,0.215454,1.018066
0.530029,-0.249146,1.122070
-0.386108,-0.120117,0.812500
0.279663,0.025513,1.142822
0.208618,-0.430542,0.937256
-0.352173,0.133667,0.943481
0.574951,-0.261475,1.134521
-0.299561,-0.175781,0.843750
0.141724,0.139893,1.126465
0.278320,-0.395020,0.963257
-0.402954,0.060181,0.888794
0.551392,-0.219604,1.151978
-0.216797,-0.262573,0.860107
0.051880,0.166138,1.108521
0.352783,-0.362183,0.987549
-0.455933,0.050415,0.851929
0.534180,-0.181274,1.156982
-0.061890,-0.388306,0.857910
-0.061157,0.163452,1.077881
0.391846,-0.339355,1.012085
-0.453247,0.006470,0.833374
0.484619,-0.118164,1.166992
-0.037231,-0.352661,0.864258
-0.153564,0.207153,1.070068
0.454834,-0.332764,1.050537
-0.448730,-0.047363,0.825439
0.425781,-0.066772,1.173462
0.018188,-0.360962,0.875610
-0.270996,0.219238,1.018311
0.490601,-0.290894,1.082153
-0.411133,-0.130127,0.810181
0.339355,-0.031128,1.157349
0.096924,-0.374146,0.904419
-0.345703,0.185669,0.945801
0.530640,-0.278687,1.103149
-0.363281,-0.190796,0.794067
0.212524,0.043335,1.125488
0.198730,-0.406006,0.918579
-0.411011,0.147339,0.903931
0.526367,-0.226562,1.102417
-0.299194,-0.248901,0.811768
0.089111,0.060791,1.074585
0.278076,-0.390991,0.958618
-0.451172,0.102173,0.861084
0.521729,-0.178711,1.126465
-0.174561,-0.285034,0.828125
-0.044556,0.127808,1.044434
0.337402,-0.382446,0.969116
-0.494141,-0.010376,0.804688
0.483154,-0.161133,1.132812
-0.109619,-0.319458,0.820312
-0.166626,0.180542,1.031128
0.393921,-0.335327,0.991089
-0.512207,-0.027222,0.780640
0.405640,-0.120972,1.128174
-0.028076,-0.365356,0.848755
-0.295532,0.195679,0.976807
0.464722,-0.277954,1.064087
-0.478760,-0.089233,0.754395
0.252441,-0.023682,1.092163
0.083130,-0.398193,0.863159
-0.402466,0.131226,0.899658
0.495850,-0.263062,1.087891
-0.392578,-0.194092,0.760132
0.094849,0.078003,1.048462
0.167114,-0.363647,0.891357
-0.463501,0.064575,0.831055
0.502319,-0.241821,1.083008
-0.266846,-0.266235,0.780884
-0.033813,0.147339,1.034912
0.249023,-0.377441,0.904053
-0.511108,0.019653,0.793701
0.475342,-0.221680,1.087891
-0.185913,-0.332275,0.772705
-0.154053,0.132324,0.979370
0.331177,-0.360962,0.927246
-0.529907,0.008301,0.767700
0.391846,-0.138672,1.071167
-0.136475,-0.301025,0.796631
-0.272095,0.170166,0.973145
0.392578,-0.346069,0.979858
-0.546631,-0.040405,0.738892
0.296387,-0.042480,1.071777
-0.052368,-0.364868,0.794678
-0.382446,0.174683,0.902588
0.438110,-0.310913,1.017700
-0.504395,-0.077515,0.737915
0.177856,0.025757,1.052612
0.035889,-0.383301,0.827393
-0.483398,0.144653,0.846924
0.458130,-0.292480,1.029175
-0.444946,-0.191162,0.717651
0.068848,0.095215,1.036255
0.129761,-0.375122,0.849731
-0.538086,0.122192,0.813721
0.443359,-0.257324,1.032104
-0.341431,-0.267822,0.745239
-0.026611,0.084473,1.001587
0.213623,-0.422852,0.862549
-0.573364,0.098389,0.777954
0.430786,-0.193359,1.031982
-0.244019,-0.264893,0.741943
-0.149292,0.135864,0.963135
0.296387,-0.409912,0.913696
-0.584961,0.007202,0.742065
0.375122,-0.130615,1.042114
-0.178955,-0.337402,0.713379
-0.276245,0.188965,0.939819
0.347046,-0.348145,0.942261
-0.570801,-0.021240,0.743652
0.299072,-0.105591,1.031616
-0.110474,-0.360229,0.749878
-0.388794,0.192017,0.888550
0.400269,-0.349854,0.958252
-0.550903,-0.083252,0.704102
0.183105,-0.055420,1.004272
-0.018311,-0.407837,0.773193
-0.469727,0.206055,0.859863
0.414185,-0.235840,1.003052
-0.468262,-0.114502,0.743774
0.044922,0.052979,0.999756
0.092041,-0.422852,0.822754
-0.562012,0.152222,0.814087
0.431396,-0.210449,1.028320
-0.343018,-0.227661,0.712036
-0.050781,0.172363,0.994141
0.195435,-0.392822,0.841187
-0.599731,0.109375,0.779785
0.434204,-0.242065,1.007935
-0.263794,-0.294800,0.700928
-0.131958,0.164307,0.956055
0.267700,-0.352051,0.884399
-0.620728,0.089844,0.744751
0.403198,-0.177124,1.015015
-0.166504,-0.354736,0.727051
-0.212646,0.181274,0.940063
0.309204,-0.347168,0.897217
-0.626099,0.072998,0.717041
0.349609,-0.141968,1.014893
-0.103027,-0.388428,0.743164
-0.314209,0.193359,0.897827
0.361694,-0.311401,0.926392
-0.580078,0.043457,0.722046
0.252930,-0.042725,1.000732
-0.040283,-0.397339,0.760620
-0.407349,0.180908,0.860229
0.403320,-0.281494,0.963013
-0.558350,-0.017212,0.699707
0.167114,0.031006,1.000732
0.031372,-0.395508,0.790894
-0.489380,0.187378,0.841675
0.428711,-0.243286,0.984863
-0.454102,-0.125610,0.733276
0.035522,0.134888,1.003906
0.131226,-0.415405,0.816895
-0.546021,0.172241,0.814575
0.435791,-0.196167,1.012695
-0.334473,-0.188354,0.739136
-0.048096,0.179932,0.993164
0.228760,-0.401611,0.853394
-0.581299,0.110352,0.773560
0.423828,-0.167114,1.034302
-0.212280,-0.283936,0.745483
-0.152222,0.209473,0.963745
0.304077,-0.376099,0.885620
-0.591797,0.080078,0.755371
0.395386,-0.119141,1.040283
-0.128540,-0.335815,0.746826
-0.262817,0.193970,0.896362
0.374512,-0.351685,0.916870
-0.566895,0.030396,0.741943
0.311890,-0.060303,1.006836
-0.051392,-0.380737,0.752563
-0.356934,0.188110,0.854614
0.404053,-0.296753,0.947632
-0.527710,-0.047607,0.725952
0.196289,-0.013550,0.988525
0.037964,-0.438110,0.770020
-0.448364,0.176514,0.822021
0.422607,-0.200806,0.987915
-0.443604,-0.089966,0.740112
0.069702,0.111938,1.012329
0.151733,-0.443237,0.824829
-0.542358,0.130615,0.799316
0.430298,-0.161255,1.015869
-0.302002,-0.175049,0.749512
-0.064941,0.187378,0.988159
0.258789,-0.407104,0.879150
-0.586426,0.058594,0.740723
0.419556,-0.149902,1.046021
-0.135010,-0.307739,0.759644
-0.193726,0.221191,0.938110
0.353760,-0.354736,0.911255
-0.561035,0.007080,0.724854
0.231689,-0.043091,0.987061
-0.014160,-0.406494,0.760620
-0.417969,0.191895,0.852051
0.407959,-0.242065,0.972412
-0.473877,-0.101929,0.733276
0.092896,0.088013,1.011841
0.090088,-0.410278,0.805054
-0.524658,0.162842,0.811279
0.442627,-0.213379,0.999756
-0.340454,-0.168579,0.753784
-0.017456,0.175537,1.007446
0.202515,-0.380737,0.854248
-0.588989,0.111450,0.758911
0.449829,-0.202393,1.022461
-0.204834,-0.278931,0.745117
-0.132446,0.201782,0.968750
0.308960,-0.354004,0.894653
-0.594238,0.088989,0.756226
0.372070,-0.121826,1.015991
-0.096558,-0.358765,0.755493
-0.232666,0.160522,0.902344
0.374146,-0.331299,0.926880
-0.574707,0.048950,0.738281
0.295044,-0.045776,0.995239
-0.014771,-0.412720,0.747559
-0.350464,0.178833,0.856689
0.418701,-0.310425,0.943481
-0.524292,-0.022583,0.733643
0.175415,0.013916,0.983276
0.057495,-0.433472,0.780640
-0.441406,0.143311,0.816895
0.434448,-0.223511,0.992432
-0.427368,-0.104248,0.753418
0.062134,0.129150,1.011108
0.147583,-0.454102,0.806763
-0.549316,0.130371,0.772949
0.467285,-0.222412,1.026001
-0.285156,-0.201050,0.763184
-0.064209,0.206909,1.007568
0.251831,-0.384644,0.868896
-0.592407,0.080078,0.735474
0.450562,-0.263428,1.000488
-0.170288,-0.272095,0.802490
-0.142090,0.209351,0.959839
0.315430,-0.332031,0.915771
-0.586670,0.064331,0.739990
0.397583,-0.168823,1.026611
-0.070801,-0.360107,0.788208
-0.212891,0.174683,0.925537
0.363525,-0.333374,0.936401
-0.562378,0.012207,0.720825
0.340454,-0.135986,1.002808
0.005371,-0.421875,0.784058
-0.282715,0.156738,0.891846
0.396606,-0.298218,0.956787
-0.534546,-0.062012,0.717896
0.267212,-0.109863,0.992188
0.042480,-0.447998,0.770996
-0.356812,0.143188,0.848755
0.445435,-0.301392,0.973389
-0.488037,-0.058350,0.746704
0.160522,0.001953,0.991943
0.083496,-0.465576,0.783936
-0.410767,0.086426,0.807495
0.458252,-0.278809,1.000854
-0.436279,-0.122192,0.748047
0.085693,0.076538,1.024292
0.167847,-0.478027,0.823853
-0.473389,0.071533,0.781982
0.472290,-0.253906,1.021484
-0.344360,-0.151611,0.780884
-0.027588,0.144043,1.001465
0.280518,-0.526245,0.865967
-0.521240,0.039062,0.751099
0.423706,-0.189331,1.027466
-0.222656,-0.207397,0.791870
-0.102661,0.190552,0.999146
0.337402,-0.457275,0.918335
-0.540894,0.002808,0.762207
0.404175,-0.169189,1.045654
-0.098999,-0.319580,0.796509
-0.189697,0.216797,0.990234
0.383911,-0.399414,0.956177
-0.515503,-0.047241,0.772705
0.352417,-0.168091,1.027588
0.003662,-0.387329,0.808716
-0.243042,0.185791,0.938965
0.427368,-0.336426,0.990234
-0.499512,-0.094971,0.752075
0.279907,-0.108765,1.025269
0.081909,-0.463135,0.804932
-0.316040,0.116089,0.880005
0.455078,-0.295166,1.013428
-0.453735,-0.092896,0.757690
0.193604,-0.026611,1.027710
0.147217,-0.506104,0.825562
-0.394897,0.093506,0.850830
0.482300,-0.249634,1.056519
-0.386597,-0.159424,0.754395
0.092163,0.094482,1.044678
0.243652,-0.522339,0.858765
-0.446411,0.054688,0.821167
0.493408,-0.227905,1.066040
-0.310791,-0.226562,0.765869
0.009277,0.158081,1.053955
0.311768,-0.485840,0.914307
-0.484009,0.022705,0.797852
0.492798,-0.217285,1.096802
-0.201660,-0.252930,0.818481
-0.070068,0.237061,1.061035
0.363037,-0.408691,0.946411
-0.497314,0.008179,0.791504
0.456055,-0.210083,1.088501
-0.070679,-0.352539,0.847290
-0.126587,0.224365,1.045410
0.401978,-0.363647,0.986938
-0.484253,-0.010498,0.795532
0.425903,-0.166504,1.098022
0.029541,-0.415283,0.865845
-0.202271,0.190308,1.006226
0.447998,-0.297974,1.026245
-0.457520,-0.058716,0.784546
0.361694,-0.096558,1.099121
0.070923,-0.437500,0.866821
-0.259521,0.160645,0.977905
0.495850,-0.269653,1.067627
-0.423096,-0.106201,0.787476
0.277100,-0.004639,1.086426
0.166382,-0.464600,0.900146
-0.349487,0.137939,0.943359
0.542114,-0.264282,1.099487
-0.356934,-0.141602,0.792969
0.169556,0.096924,1.087280
0.257568,-0.461792,0.924438
-0.370728,0.062134,0.893555
0.543823,-0.226196,1.136963
-0.289062,-0.218994,0.816895
0.072388,0.173950,1.090210
0.326782,-0.440796,0.957642
-0.429443,0.054199,0.859863
0.538452,-0.214844,1.138794
-0.180420,-0.246582,0.868530
-0.011353,0.218018,1.097534
0.364990,-0.377930,0.993408
-0.456421,0.002075,0.840088
0.530518,-0.192383,1.154663
-0.084961,-0.309204,0.886719
-0.081787,0.232910,1.086182
0.430054,-0.361572,1.022095
-0.442505,-0.022705,0.846313
0.483765,-0.123291,1.171631
0.019165,-0.360596,0.888062
-0.134766,0.217407,1.069580
0.473999,-0.314575,1.060303
-0.450195,-0.035522,0.830322
0.413574,-0.087524,1.163696
0.049927,-0.398804,0.889893
-0.217407,0.232788,1.059204
0.512573,-0.277710,1.098755
-0.416504,-0.058105,0.825684
0.341431,-0.029053,1.149658
0.116821,-0.425049,0.911987
-0.286987,0.158813,0.995117
0.562500,-0.266846,1.133179
-0.379272,-0.113770,0.822266
0.240845,0.044922,1.116455
0.204712,-0.414429,0.939819
-0.334717,0.100586,0.933472
0.572266,-0.219360,1.142456
-0.316406,-0.171387,0.836792
0.138184,0.104492,1.105835
0.291382,-0.421509,0.971069
-0.399414,0.046265,0.868408
0.538696,-0.181763,1.158813
-0.210083,-0.231079,0.868652
0.045532,0.187134,1.115845
0.349121,-0.376831,0.985596
-0.431763,0.018311,0.859009
0.515259,-0.179565,1.153320
-0.094360,-0.377808,0.855469
-0.040283,0.173340,1.086548
0.391235,-0.329346,1.018555
-0.459473,-0.006836,0.822144
0.488281,-0.123169,1.180786
-0.033203,-0.375488,0.840942
-0.145752,0.185303,1.061035
0.431641,-0.307129,1.047119
-0.472046,-0.026367,0.805176
0.432373,-0.082642,1.171387
0.001709,-0.351196,0.884644
-0.250000,0.192749,1.025146
0.493042,-0.298096,1.089111
-0.445801,-0.071289,0.785278
0.332886,-0.023682,1.151978
0.086060,-0.374634,0.902222
-0.329834,0.167603,0.951660
0.521851,-0.262573,1.103027
-0.393555,-0.135498,0.791260
0.200806,0.035522,1.105713
0.178101,-0.434570,0.907837
-0.393921,0.097412,0.898438
0.517700,-0.223877,1.110962
-0.329834,-0.203491,0.788086
0.084595,0.109009,1.074829
0.253662,-0.379761,0.935425
-0.469727,0.044312,0.843750
0.517212,-0.237183,1.113770
-0.202393,-0.292480,0.813721
-0.015747,0.151123,1.049683
0.294067,-0.339355,0.936768
-0.493774,-0.000366,0.793823
0.486694,-0.208130,1.116577
-0.138916,-0.354370,0.802124
-0.118774,0.140869,1.024292
0.343994,-0.326416,0.954224
-0.538574,0.008667,0.779053
0.423096,-0.182739,1.102295
-0.090942,-0.380249,0.805786
-0.248535,0.181641,0.995483
0.410645,-0.302612,1.011719
-0.526611,-0.035889,0.732788
0.322754,-0.070801,1.099609
-0.023438,-0.364136,0.848267
-0.350830,0.144775,0.947510
0.458496,-0.325684,1.032593
-0.477173,-0.062622,0.743286
0.210327,0.089722,1.095825
0.067139,-0.332520,0.864014
-0.430176,0.144287,0.898438
0.464600,-0.330811,1.030518
-0.440063,-0.172241,0.766724
0.115234,0.082642,1.052246
0.116577,-0.392578,0.846313
-0.496704,0.103882,0.831909
0.469238,-0.257080,1.056885
-0.353394,-0.230713,0.742432
0.027710,0.151367,1.054321
0.174805,-0.333374,0.870972
-0.543335,0.115967,0.825195
0.467529,-0.332153,1.016968
-0.299438,-0.329712,0.746216
-0.058838,0.119019,0.996460
0.245117,-0.389404,0.876465
-0.541626,0.079834,0.774902
0.429688,-0.179565,1.054199
-0.227417,-0.306763,0.755249
-0.131836,0.120850,0.982544
0.279053,-0.390137,0.891357
-0.588623,0.024048,0.741333
0.412598,-0.182617,1.054199
-0.189087,-0.316895,0.737549
-0.250366,0.176270,0.942871
0.342651,-0.354126,0.931885
-0.582520,-0.010742,0.735352
0.339966,-0.145630,1.041748
-0.152832,-0.378784,0.731567
-0.315674,0.195923,0.926392
0.377808,-0.340820,0.941406
-0.579834,0.003906,0.744873
0.256836,-0.099976,1.017578
-0.064209,-0.407715,0.769653
-0.396973,0.193359,0.880493
0.384155,-0.294556,0.965698
-0.551270,-0.055908,0.710815
0.171753,-0.019287,1.012329
0.006226,-0.415405,0.788940
-0.467285,0.193726,0.873657
0.428345,-0.272949,0.997192
-0.505615,-0.062378,0.739380
0.067749,0.057739,1.000610
0.092529,-0.437256,0.810669
-0.540649,0.162109,0.828735
0.420288,-0.226929,1.015869
-0.386841,-0.152222,0.744385
-0.020630,0.161987,1.013916
0.162842,-0.407715,0.834595
-0.584839,0.088135,0.770508
0.429932,-0.216553,1.027222
-0.268677,-0.289673,0.714600
-0.127441,0.222534,0.971558
0.265747,-0.371582,0.869629
-0.612915,0.057617,0.737305
0.391235,-0.209717,1.015747
-0.187866,-0.406982,0.690796
-0.196289,0.171753,0.928345
0.320435,-0.329346,0.904297
-0.609253,0.081665,0.749268
0.354126,-0.187256,1.001587
-0.131470,-0.401245,0.719604
-0.295532,0.152710,0.875122
0.357544,-0.307617,0.926147
-0.571899,0.020386,0.725464
0.267334,-0.074097,0.989258
-0.080811,-0.400879,0.743164
-0.386108,0.172119,0.851562
0.401489,-0.287354,0.963013
-0.542236,-0.057007,0.709229
0.181885,0.008301,1.007324
-0.010376,-0.396729,0.772583
-0.454346,0.190186,0.848022
0.433105,-0.244385,0.984131
-0.482666,-0.078735,0.738525
0.076904,0.098511,1.008911
0.093750,-0.409546,0.807373
-0.510132,0.164185,0.830933
0.433838,-0.210815,1.000854
-0.402344,-0.124634,0.739746
-0.001099,0.163696,0.994507
0.193359,-0.407593,0.844360
-0.555176,0.122925,0.798828
0.414429,-0.155396,1.020752
-0.296753,-0.225464,0.721802
-0.078735,0.186279,0.977173
0.270142,-0.405273,0.879395
-0.604004,0.116333,0.756836
0.417725,-0.142700,1.025146
-0.172852,-0.290771,0.754761
-0.183105,0.206177,0.946045
0.335449,-0.384399,0.896240
-0.601318,0.090454,0.740723
0.359985,-0.108643,1.011719
-0.085083,-0.367920,0.752930
-0.262695,0.191650,0.892578
0.370361,-0.311035,0.933105
-0.552246,-0.018433,0.723511
0.294922,-0.052368,1.016113
-0.040405,-0.400513,0.738037
-0.347046,0.181885,0.865601
0.403320,-0.297119,0.953735
-0.524414,-0.062012,0.732910
0.221802,-0.034180,1.005493
0.023071,-0.395752,0.783203
-0.440796,0.201294,0.824097
0.427734,-0.231201,0.975952
-0.459839,-0.107666,0.744019
0.111328,0.059082,1.017334
0.120483,-0.461426,0.802612
-0.497314,0.159546,0.794312
0.437622,-0.193604,1.000366
-0.369019,-0.113525,0.766235
0.002197,0.150391,1.007202
0.204590,-0.447632,0.839966
-0.546753,0.092163,0.769287
0.448120,-0.179565,1.024536
-0.265991,-0.191895,0.764282
-0.098389,0.220093,1.001953
0.285400,-0.418945,0.881348
-0.568970,0.057129,0.756836
0.417603,-0.205566,1.021606
-0.169067,-0.300171,0.765747
-0.181152,0.217285,0.952148
0.340210,-0.337280,0.914917
-0.560181,0.036987,0.742554
0.387085,-0.165649,1.017334
-0.054077,-0.397461,0.770996
-0.271851,0.192871,0.891113
0.376831,-0.342163,0.925659
-0.532715,-0.000854,0.742065
0.322144,-0.113525,0.995972
0.010742,-0.422119,0.778931
-0.324341,0.151733,0.853271
0.431152,-0.330811,0.954346
-0.509521,-0.061646,0.743408
0.205566,-0.031250,0.995117
0.058838,-0.471558,0.773315
-0.388672,0.113159,0.820679
0.449829,-0.277466,0.985596
-0.459961,-0.114990,0.734985
0.101685,0.065918,1.006592
0.133301,-0.494263,0.788940
-0.456177,0.074463,0.791138
0.487793,-0.256470,1.040405
-0.393799,-0.135498,0.748901
-0.017944,0.146851,0.989746
0.259399,-0.462402,0.866333
-0.507324,-0.005493,0.733398
0.461670,-0.219971,1.051270
-0.274048,-0.225464,0.763062
-0.098145,0.223999,1.013794
0.322266,-0.431763,0.905029
-0.532471,0.000854,0.766479
0.424194,-0.212280,1.038574
-0.131348,-0.314453,0.800903
-0.173462,0.212158,0.983521
0.355103,-0.369629,0.948608
-0.521240,-0.025513,0.762695
0.383057,-0.176636,1.041382
-0.017334,-0.403442,0.815186
-0.241333,0.196167,0.950317
0.393921,-0.344971,0.958740
-0.510620,-0.049805,0.748047
0.316650,-0.143921,1.017822
0.060425,-0.459473,0.821655
-0.289673,0.158691,0.921509
0.425781,-0.313232,0.988037
-0.471924,-0.105835,0.749268
0.261963,-0.080078,1.021851
0.095337,-0.457031,0.814697
-0.359497,0.141113,0.885132
0.483154,-0.281860,1.018677
-0.417358,-0.123291,0.771118
0.159302,0.009399,1.030396
0.172485,-0.468262,0.868042
-0.404297,0.061279,0.845581
0.496338,-0.253418,1.069092
-0.359497,-0.180298,0.768555
0.074463,0.097290,1.045898
0.264282,-0.492432,0.894897
-0.454224,0.026489,0.807983
0.498535,-0.240479,1.073608
-0.283813,-0.219482,0.797852
-0.006714,0.152710,1.046509
0.342529,-0.462891,0.931885
-0.483398,0.023315,0.793579
0.471191,-0.177124,1.088379
-0.187378,-0.266724,0.813721
-0.064453,0.192627,1.048950
0.383667,-0.430908,0.970947
-0.474609,-0.003784,0.795044
0.449707,-0.133911,1.098511
-0.070068,-0.302612,0.855469
-0.150635,0.212280,1.050293
0.437622,-0.435425,0.991455
-0.465820,-0.063232,0.796387
0.401367,-0.077759,1.116089
0.029419,-0.350342,0.880981
-0.213501,0.197754,1.023682
0.474609,-0.373291,1.041016
-0.430054,-0.130371,0.780151
0.351074,-0.044800,1.115967
0.066284,-0.344238,0.878662
-0.255981,0.192749,0.999268
0.513794,-0.301147,1.081299
-0.401123,-0.144531,0.807251
0.287354,-0.006958,1.111328
0.141235,-0.400146,0.897949
-0.322876,0.171021,0.948486
0.551025,-0.274170,1.106934
-0.357666,-0.156738,0.814941
0.196289,0.033203,1.092773
0.240479,-0.424194,0.956055
-0.375854,0.096802,0.888062
0.548706,-0.233887,1.124023
-0.281250,-0.202515,0.828613
0.116455,0.107666,1.103882
0.327393,-0.432617,0.975464
-0.406372,0.064697,0.862549
0.521484,-0.165527,1.142700
-0.217773,-0.221802,0.848511
0.019775,0.155640,1.088379
0.408813,-0.424316,1.018066
-0.427612,0.040894,0.853271
0.496338,-0.087402,1.161255
-0.085205,-0.284058,0.864258
-0.072754,0.219116,1.105591
0.446289,-0.396240,1.033325
-0.454346,-0.024536,0.830078
0.478516,-0.103882,1.155518
0.026123,-0.338623,0.900513
-0.167236,0.215698,1.064697
0.477295,-0.310547,1.078613
-0.435913,-0.093506,0.809814
0.408936,-0.064453,1.164795
0.057007,-0.340210,0.905762
-0.250366,0.223877,1.034668
0.536865,-0.272827,1.112671
-0.410645,-0.132690,0.805176
0.311157,-0.018677,1.143433
0.172119,-0.408569,0.943481
-0.321045,0.165527,0.972900
0.535889,-0.215210,1.131470
-0.336548,-0.171387,0.815308
0.189087,0.042480,1.114990
0.273804,-0.430664,0.973877
-0.390381,0.115723,0.918823
0.545654,-0.169067,1.148926
-0.274048,-0.197266,0.821045
0.057007,0.113403,1.075684
0.357910,-0.410889,1.007324
-0.427612,0.010620,0.861328
0.518555,-0.115601,1.176025
-0.119019,-0.261719,0.861328
-0.057861,0.202637,1.087524
0.395264,-0.370605,1.014282
-0.456909,-0.038452,0.833008
0.479614,-0.151611,1.161499
-0.044800,-0.320435,0.856567
-0.165894,0.240601,1.067139
0.440918,-0.296997,1.044067
-0.471558,-0.067871,0.798950
0.408691,-0.099121,1.144531
0.020386,-0.366211,0.876465
-0.264038,0.205322,1.012695
0.490845,-0.284912,1.074829
-0.447388,-0.093994,0.786011
0.289062,-0.029907,1.132324
0.111572,-0.396362,0.895142
-0.351196,0.150146,0.937134
0.522339,-0.254883,1.101685
-0.377319,-0.142944,0.792847
0.138306,0.075562,1.078735
0.200684,-0.415649,0.912842
-0.432739,0.043701,0.859497
0.522705,-0.234009,1.117065
-0.303589,-0.254150,0.804199
0.019531,0.162598,1.062012
0.264282,-0.391235,0.910156
-0.466553,0.014282,0.830933
0.503052,-0.221924,1.105835
-0.203735,-0.303101,0.796021
-0.061523,0.140747,1.024902
0.330688,-0.367188,0.938477
-0.495972,-0.005005,0.804077
0.453369,-0.194824,1.102173
-0.138550,-0.347900,0.784790
-0.163818,0.161011,0.992798
0.359741,-0.331177,0.956665
-0.524902,-0.019653,0.770264
0.402588,-0.161743,1.086548
-0.093384,-0.344360,0.799927
-0.294678,0.202881,0.954834
0.410400,-0.315063,0.983032
-0.514893,-0.026001,0.765503
0.316772,-0.126099,1.072876
-0.045166,-0.389404,0.805176
-0.366699,0.153198,0.900269
0.431274,-0.285645,1.019775
-0.481323,-0.091309,0.738647
0.211548,0.005371,1.073242
0.072021,-0.413818,0.836182
-0.476685,0.174805,0.870239
0.440552,-0.261475,1.030029
-0.450439,-0.169189,0.735840
0.094360,0.056274,1.030884
0.151611,-0.401978,0.864624
-0.532715,0.138306,0.823975
0.447266,-0.241333,1.029053
-0.353638,-0.202881,0.765137
-0.013428,0.099731,1.026489
0.216431,-0.446899,0.892212
-0.575195,0.069092,0.778809
0.439209,-0.188354,1.054443
-0.274780,-0.278931,0.712524
-0.117554,0.161255,0.998901
0.282227,-0.402710,0.886353
-0.572998,0.065674,0.784790
0.413940,-0.193115,1.048340
-0.218384,-0.349121,0.706421
-0.223389,0.168457,0.944580
0.329224,-0.360474,0.926147
-0.581909,0.011841,0.744019
0.351440,-0.131958,1.054443
-0.171509,-0.357300,0.724609
-0.301636,0.152344,0.900024
0.363892,-0.331665,0.950317
-0.586792,-0.009155,0.720215
0.269287,-0.084839,1.025879
-0.085693,-0.386230,0.765991
-0.395996,0.182617,0.894531
0.383057,-0.285522,0.963989
-0.550537,-0.048096,0.706787
0.167358,-0.013184,1.000244
-0.005249,-0.388794,0.801392
-0.466675,0.155029,0.845825
0.420654,-0.250977,1.006836
-0.505005,-0.099243,0.712769
0.064819,0.102783,1.025635
0.093018,-0.415039,0.818481
-0.540283,0.153198,0.825439
0.409912,-0.227417,0.998291
-0.391235,-0.167725,0.726440
0.009155,0.176636,1.014893
0.172607,-0.379028,0.848267
-0.590698,0.127075,0.784912
0.414917,-0.241699,0.994019
-0.299561,-0.293335,0.703125
-0.061890,0.174438,0.989258
0.239746,-0.367065,0.867432
-0.622070,0.147217,0.766968
0.399292,-0.218872,0.991821
-0.188477,-0.343628,0.733765
-0.143677,0.131592,0.938599
0.288818,-0.330444,0.900513
-0.634033,0.131104,0.712769
0.376831,-0.169556,0.989868
-0.135010,-0.348877,0.734741
-0.229004,0.164795,0.922607
0.340210,-0.338623,0.900269
-0.619263,0.127930,0.727539
0.315308,-0.095337,0.993530
-0.068604,-0.361572,0.763550
-0.316162,0.141357,0.883545
0.379028,-0.300171,0.947876
-0.594727,0.031616,0.691406
0.263184,-0.030884,1.011108
-0.045898,-0.356445,0.768677
-0.401123,0.186523,0.849487
0.436401,-0.291626,0.981201
-0.533569,-0.021606,0.732544
0.121094,0.056641,0.979004
0.056152,-0.403442,0.808838
-0.466919,0.183594,0.835571
0.421997,-0.224243,0.976929
-0.430420,-0.091431,0.750000
0.076538,0.136841,1.023682
0.093872,-0.395386,0.810913
-0.519409,0.160522,0.811035
0.459961,-0.242676,1.020874
-0.358521,-0.138672,0.762207
-0.006592,0.221436,1.023315
0.180176,-0.371338,0.842163
-0.582153,0.115723,0.763916
0.454956,-0.237671,1.026855
-0.266357,-0.241699,0.760010
-0.057373,0.220215,1.002808
0.229736,-0.357666,0.852173
-0.614746,0.123657,0.742065
0.458252,-0.243896,1.017334
-0.166992,-0.325195,0.755005
-0.100952,0.193237,0.967041
0.268188,-0.319702,0.874146
-0.629883,0.150391,0.756836
0.434326,-0.210571,1.022949
-0.088623,-0.370728,0.773682
-0.170044,0.191406,0.926147
0.332275,-0.323730,0.910889
-0.600342,0.099121,0.738281
0.383423,-0.170288,1.008911
-0.063965,-0.375854,0.772705
-0.224121,0.162231,0.893799
0.372681,-0.288940,0.934814
-0.582764,0.077881,0.744507
0.330200,-0.094727,1.014038
-0.020264,-0.431641,0.751343
-0.276489,0.155151,0.874268
0.380981,-0.297974,0.937988
-0.559082,-0.019653,0.711914
0.285767,-0.098877,0.991211
0.012695,-0.432983,0.771240
-0.340698,0.153564,0.860107
0.424316,-0.292725,0.958862
-0.508911,-0.038208,0.739502
0.190552,-0.005249,0.991699
0.049561,-0.419556,0.795166
-0.384033,0.075928,0.817139
0.443359,-0.289917,0.980347
-0.482178,-0.093506,0.732544
0.137695,0.063477,1.019287
0.119751,-0.429199,0.806763
-0.471313,0.122437,0.782471
0.453857,-0.255493,1.005615
-0.416382,-0.172119,0.744873
0.063477,0.050049,0.998779
0.180664,-0.477905,0.825928
-0.505737,0.105103,0.762085
0.454956,-0.201538,1.014038
-0.327881,-0.190308,0.764038
-0.031372,0.126221,1.006226
0.269897,-0.503906,0.862549
-0.535522,0.042236,0.746094
0.445801,-0.223877,1.014771
-0.239014,-0.207031,0.788208
-0.118042,0.189819,0.987915
0.331787,-0.439087,0.910767
-0.526367,0.023682,0.768555
0.407349,-0.168457,1.025879
-0.137207,-0.291504,0.797363
-0.181763,0.175537,0.974121
0.382446,-0.429077,0.937500
-0.523682,-0.030762,0.757202
0.361084,-0.112793,1.049927
-0.039673,-0.379150,0.785400
-0.251587,0.190674,0.937134
0.420410,-0.396118,0.957886
-0.492065,-0.066406,0.766602
0.305908,-0.102539,1.030151
0.035034,-0.445801,0.796021
-0.302368,0.142578,0.883301
0.462769,-0.275757,0.983643
-0.445923,-0.066162,0.757812
0.104858,0.066040,1.008545
0.078857,-0.478271,0.797119
-0.473389,0.068848,0.783447
0.464722,-0.239014,1.016724
-0.373901,-0.126465,0.757568
0.000000,0.157471,1.020630
0.239136,-0.463867,0.872437
-0.516479,0.018677,0.753296
0.450195,-0.244629,1.011108
-0.274536,-0.191284,0.783081
-0.079224,0.203613,1.015747
0.290161,-0.408081,0.881958
-0.545044,-0.001465,0.752686
0.432861,-0.227905,1.039795
-0.150513,-0.277710,0.803589
-0.137329,0.206299,0.987183
0.333130,-0.354980,0.934204
-0.538696,-0.007080,0.767090
0.393799,-0.208130,1.036133
-0.067993,-0.380981,0.800537
-0.197754,0.169922,0.958252
0.404785,-0.374756,0.961792
-0.522827,-0.003418,0.762695
0.318237,-0.127441,1.021851
0.032715,-0.454102,0.817871
-0.246338,0.116943,0.925415
0.427368,-0.338257,0.981201
-0.503662,-0.036987,0.742310
0.260498,-0.044067,1.020752
0.069580,-0.417358,0.829834
-0.321533,0.106079,0.901978
0.487915,-0.358276,1.019531
-0.451416,-0.098877,0.759766
0.168091,0.052734,1.034912
0.125000,-0.399536,0.852051
-0.383179,0.096924,0.869263
0.524902,-0.329468,1.059082
-0.376831,-0.191528,0.771606
0.087402,0.147827,1.057861
0.212402,-0.418335,0.877319
-0.442261,0.033691,0.808838
0.525635,-0.314331,1.081299
-0.306641,-0.252197,0.786011
0.024658,0.154663,1.042236
0.282715,-0.425659,0.909058
-0.494263,0.008545,0.779541
0.515381,-0.270020,1.089355
-0.176758,-0.295166,0.837280
-0.064453,0.218018,1.052246
0.333374,-0.408691,0.936279
-0.487305,0.017700,0.805786
0.479736,-0.210815,1.103394
-0.091309,-0.325439,0.849365
-0.105835,0.224243,1.055054
0.409424,-0.368042,0.993408
-0.492798,0.003418,0.802246
0.430908,-0.146606,1.099976
0.033813,-0.404175,0.879639
-0.180908,0.187988,1.034546
0.449707,-0.354370,1.027222
-0.454102,-0.052124,0.802124
0.384277,-0.067139,1.121338
0.056030,-0.400635,0.863892
-0.223877,0.187378,1.029297
0.499878,-0.325195,1.071045
-0.420166,-0.093750,0.807373
0.337158,-0.036621,1.106079
0.096436,-0.391113,0.895020
-0.285645,0.147949,0.979248
0.524048,-0.259399,1.119019
-0.395386,-0.111084,0.815796
0.285889,0.014404,1.118042
0.192627,-0.432861,0.930176
-0.357178,0.162598,0.932495
0.548096,-0.240967,1.129028
-0.329956,-0.157593,0.831055
0.185303,0.056396,1.098633
0.260376,-0.476562,0.947266
-0.384888,0.082886,0.883911
0.563232,-0.198120,1.149414
-0.281738,-0.193604,0.812500
0.102173,0.174438,1.107544
0.332642,-0.452393,0.978882
-0.433472,0.043213,0.880737
0.567993,-0.216309,1.170044
-0.225830,-0.256348,0.839111
0.018311,0.213013,1.107666
0.379639,-0.385864,1.002808
-0.452515,0.025269,0.868530
0.536011,-0.210693,1.163940
-0.095459,-0.328491,0.874878
-0.040649,0.232178,1.111816
0.404785,-0.344116,1.015381
-0.450317,0.011841,0.856323
0.499512,-0.185303,1.148071
-0.010620,-0.401367,0.885376
-0.101929,0.175415,1.074829
0.432373,-0.303589,1.046875
-0.469238,-0.014771,0.817993
0.473267,-0.145142,1.165527
0.005981,-0.395142,0.887207
-0.166260,0.191284,1.061157
0.470581,-0.304321,1.076416
-0.459717,-0.021240,0.828735
0.404785,-0.082153,1.157593
0.021606,-0.367798,0.910400
-0.232178,0.185425,1.041138
0.524780,-0.292236,1.114990
-0.430542,-0.063599,0.797607
0.341919,0.046387,1.166016
0.070679,-0.359131,0.907471
-0.285034,0.143066,0.990234
0.537598,-0.306885,1.118652
-0.416504,-0.098389,0.800293
0.296997,0.057373,1.152954
0.110962,-0.387817,0.888184
-0.327759,0.122070,0.942017
0.518799,-0.280762,1.106323
-0.391846,-0.151001,0.811890
0.254028,0.011230,1.129761
0.145752,-0.418701,0.893677
-0.372070,0.173218,0.927490
0.523560,-0.276245,1.096313
-0.383301,-0.149780,0.797607
0.200562,0.021729,1.100342
0.189575,-0.405151,0.926025
-0.416260,0.147339,0.897705
0.500488,-0.222046,1.088623
-0.344849,-0.194458,0.799316
0.129883,0.065063,1.089355
0.211548,-0.424927,0.922607
-0.449707,0.095093,0.872437
0.516479,-0.230713,1.102173
-0.330444,-0.214233,0.776855
0.036011,0.119019,1.062866
0.271973,-0.407471,0.926147
-0.469727,0.059448,0.838135
0.490356,-0.204346,1.104980
-0.244507,-0.293091,0.780518
-0.021851,0.115967,1.043457
0.294556,-0.385498,0.925415
-0.505127,0.042480,0.806274
0.469482,-0.180542,1.103394
-0.189697,-0.321777,0.773193
-0.115845,0.143677,1.020020
0.333740,-0.374634,0.947388
-0.528442,-0.001953,0.780884
0.448120,-0.173706,1.096191
-0.165161,-0.326660,0.757812
-0.229980,0.185913,0.973877
0.376465,-0.325439,0.972900
-0.526611,-0.020020,0.784912
0.378174,-0.155151,1.082886
-0.124268,-0.350830,0.783447
-0.295532,0.169189,0.939209
0.396973,-0.323730,0.975586
-0.534424,-0.028198,0.738159
0.289307,-0.078979,1.066284
-0.045288,-0.358643,0.818481
-0.375488,0.165527,0.912842
0.405151,-0.290527,0.990601
-0.516846,-0.080566,0.716797
0.204346,-0.001587,1.047607
0.029785,-0.380371,0.832031
-0.460571,0.153564,0.871826
0.433228,-0.291260,1.007202
-0.489746,-0.115356,0.712524
0.111328,0.071777,1.032837
0.096680,-0.373901,0.858032
-0.522705,0.157593,0.850464
0.433228,-0.280640,1.005615
-0.414429,-0.201416,0.727783
0.035889,0.132568,1.033691
0.142212,-0.385986,0.832886
-0.546143,0.142456,0.825317
0.427734,-0.252930,1.006348
-0.342529,-0.238281,0.732056
-0.031982,0.153564,1.012207
0.189819,-0.404785,0.839355
-0.583008,0.085815,0.785889
0.428833,-0.232910,1.025513
-0.298706,-0.290039,0.705322
-0.083984,0.155273,0.986694
0.239380,-0.383057,0.867432
-0.598267,0.081543,0.767944
0.427368,-0.230835,1.026489
-0.243042,-0.349976,0.704590
-0.172119,0.155273,0.947876
0.294434,-0.367676,0.892578
-0.605957,0.078735,0.755005
0.380127,-0.179077,1.025879
-0.188354,-0.369263,0.711914
-0.222046,0.159912,0.939941
0.317871,-0.350586,0.900513
-0.624146,0.068726,0.735474
0.359863,-0.157349,1.021606
-0.146729,-0.361938,0.733276
-0.298950,0.171509,0.889160
0.356812,-0.322388,0.935303
-0.598999,0.034546,0.708740
0.288330,-0.081665,1.018066
-0.107056,-0.395142,0.728638
-0.360474,0.198853,0.885742
0.388550,-0.310913,0.942627
-0.573364,-0.008789,0.708008
0.237549,-0.042236,0.999634
-0.056885,-0.395020,0.760254
-0.414673,0.200195,0.865723
0.406982,-0.287476,0.964355
-0.527100,-0.048462,0.726929
0.162964,0.035522,1.016846
0.017578,-0.412354,0.779785
-0.486694,0.212646,0.841309
0.406616,-0.251709,0.959473
-0.473511,-0.085815,0.738403
0.115112,0.059692,1.014160
0.082031,-0.393433,0.814941
-0.546631,0.225708,0.816406
0.431396,-0.212891,0.986694
-0.393799,-0.119873,0.740234
0.032104,0.117920,1.013672
0.177124,-0.425537,0.845825
-0.591064,0.175293,0.786499
0.438110,-0.183594,1.001221
-0.289673,-0.198975,0.739746
-0.067749,0.197998,0.989624
0.254517,-0.395996,0.880371
-0.596680,0.110474,0.767578
0.419678,-0.177734,1.017456
-0.195068,-0.297363,0.740967
-0.152588,0.207397,0.945190
0.311646,-0.331787,0.904541
-0.598145,0.055664,0.743286
0.404419,-0.156982,1.032471
-0.103149,-0.383911,0.744995
-0.248779,0.207275,0.900391
0.356567,-0.339355,0.912842
-0.576050,0.060303,0.749878
0.341553,-0.116455,1.007446
-0.040039,-0.402588,0.760864
-0.293701,0.189331,0.875977
0.379883,-0.286011,0.951782
-0.566284,0.005249,0.710205
0.273315,-0.062866,1.001587
-0.018921,-0.413086,0.762207
-0.349854,0.161377,0.852661
0.420532,-0.289062,0.946411
-0.517456,-0.016846,0.737915
0.179688,0.018921,0.991089
0.050781,-0.427490,0.778076
-0.424316,0.157104,0.822388
0.436401,-0.280151,0.972290
-0.469727,-0.087158,0.742798
0.129883,0.061279,1.014404
0.081665,-0.434204,0.792358
-0.492188,0.144897,0.784790
0.453735,-0.237305,0.996460
-0.389160,-0.146484,0.758911
0.037476,0.124634,1.004883
0.150513,-0.401611,0.820190
-0.518188,0.129517,0.763672
0.462280,-0.253784,1.007446
-0.340332,-0.186890,0.760986
-0.034180,0.143311,0.992554
0.248047,-0.436890,0.849731
-0.552734,0.076782,0.750488
0.457275,-0.210083,1.036499
-0.241333,-0.240845,0.758179
-0.131714,0.197998,0.970337
0.308716,-0.430908,0.890625
-0.548828,0.031006,0.749512
0.429565,-0.162842,1.046021
-0.140259,-0.266235,0.802002
-0.219604,0.209351,0.933716
0.358276,-0.429932,0.908447
-0.537109,-0.017700,0.750366
0.377319,-0.141724,1.037354
-0.034302,-0.375977,0.792236
-0.269287,0.215698,0.910278
0.408936,-0.363892,0.951172
-0.524292,-0.043213,0.747681
0.299805,-0.109497,1.005615
0.045898,-0.431519,0.795288
-0.337402,0.162842,0.871826
0.421875,-0.336304,0.963135
-0.481567,-0.123535,0.732300
0.222168,-0.051880,1.009521
0.092163,-0.446045,0.803345
-0.396729,0.148804,0.845459
0.447266,-0.289551,0.983765
-0.432007,-0.119629,0.758057
0.112549,0.012573,0.997925
0.163452,-0.487671,0.817627
-0.427490,0.082886,0.810059
0.471924,-0.240967,1.022461
-0.358154,-0.169922,0.758545
0.005981,0.105225,1.015137
0.262817,-0.534180,0.845703
-0.494995,0.045166,0.763428
0.478271,-0.216187,1.054199
-0.236816,-0.203613,0.812134
-0.096069,0.186157,1.019653
0.330811,-0.472046,0.913452
-0.515259,0.005859,0.775635
0.441650,-0.193115,1.076782
-0.132690,-0.286499,0.812012
-0.155762,0.232300,1.027588
0.382080,-0.406128,0.958740
-0.507690,-0.030762,0.769775
0.396973,-0.174927,1.056396
-0.002075,-0.412720,0.833496
-0.199951,0.183228,0.988037
0.415771,-0.360718,0.981934
-0.486816,-0.046753,0.771729
0.343628,-0.111938,1.068970
0.057373,-0.455811,0.825928
-0.247925,0.141357,0.949951
0.474976,-0.299805,1.032227
-0.454956,-0.083984,0.774292
0.271851,-0.052856,1.055298
0.107300,-0.443726,0.865723
-0.294067,0.124634,0.956543
0.498413,-0.264282,1.074829
-0.431152,-0.099243,0.776855
0.196655,0.017090,1.059326
0.197632,-0.471436,0.903442
-0.360474,0.069946,0.908936
0.526733,-0.236572,1.118408
-0.369507,-0.156982,0.787720
0.121948,0.107666,1.057861
0.258301,-0.451538,0.911865
-0.396729,0.034912,0.864990
0.550903,-0.254517,1.126221
-0.302979,-0.220337,0.809448
0.052124,0.140381,1.057861
0.328857,-0.458252,0.948608
-0.436890,0.034302,0.837158
0.532471,-0.200806,1.144287
-0.207642,-0.253662,0.838623
0.005249,0.194580,1.083374
0.364258,-0.413818,0.969971
-0.447021,0.040283,0.838745
0.514648,-0.158203,1.147339
-0.134521,-0.268188,0.862427
-0.042358,0.201416,1.104004
0.414185,-0.392944,1.012207
-0.447388,0.013794,0.837769
0.489990,-0.121826,1.150391
-0.038940,-0.310303,0.878906
-0.114014,0.234375,1.094727
0.452637,-0.371582,1.039795
-0.436279,-0.043945,0.841187
0.459229,-0.082642,1.158081
0.023315,-0.349365,0.881104
-0.169067,0.224731,1.068237
0.488770,-0.328125,1.074463
-0.436523,-0.068970,0.823730
0.419067,-0.076416,1.164307
0.058716,-0.347534,0.903687
-0.237061,0.243530,1.043579
0.523438,-0.264526,1.109619
-0.416870,-0.099243,0.809326
0.345093,-0.034668,1.154541
0.131836,-0.408691,0.929443
-0.301880,0.203735,0.995972
0.550659,-0.260132,1.119995
-0.373535,-0.138794,0.812622
0.255859,0.031494,1.136963
0.212036,-0.426636,0.941406
-0.347290,0.114624,0.938232
0.561890,-0.226807,1.150757
-0.314209,-0.173950,0.827026
0.157715,0.141968,1.126465
0.283447,-0.431396,0.951416
-0.417847,0.083374,0.900879
0.565552,-0.250000,1.156006
-0.260010,-0.255859,0.829712
0.072754,0.165894,1.103027
0.329712,-0.385742,0.965088
-0.448364,0.032593,0.849487
0.548096,-0.223755,1.154907
-0.130249,-0.367432,0.852539
-0.011963,0.194214,1.102295
0.345093,-0.344238,0.971558
-0.468872,0.014893,0.833984
0.536377,-0.231323,1.155273
-0.084961,-0.385254,0.844849
-0.097168,0.188477,1.054321
0.393066,-0.344482,0.988770
-0.473755,0.009155,0.810181
0.487549,-0.147095,1.160522
-0.051514,-0.377686,0.841309
-0.174194,0.173584,1.042603
0.428467,-0.344971,1.020142
-0.477661,-0.017822,0.802490
0.429565,-0.073975,1.159912
-0.041870,-0.359497,0.838135
-0.246948,0.204346,1.029053
0.465576,-0.333252,1.047852
-0.480103,-0.046265,0.800415
0.373657,-0.063599,1.143066
-0.023071,-0.320068,0.848511
-0.295532,0.186157,0.977417
0.481689,-0.316895,1.066040
-0.472290,-0.126587,0.769287
0.318359,-0.048218,1.135620
0.029419,-0.353271,0.858154
-0.366089,0.180664,0.917725
0.485229,-0.312866,1.045654
-0.441528,-0.144165,0.761108
0.241089,-0.029541,1.092773
0.094482,-0.399048,0.877197
-0.435669,0.167480,0.880615
0.491333,-0.261841,1.053955
-0.417114,-0.130249,0.777344
0.149048,0.035156,1.078857
0.134155,-0.413452,0.885742
-0.463989,0.114990,0.859131
0.485352,-0.245483,1.068726
-0.395386,-0.178711,0.756592
0.056885,0.113281,1.057129
0.177246,-0.412109,0.867432
-0.486572,0.088135,0.851196
0.480225,-0.244873,1.062378
-0.341431,-0.212158,0.757446
-0.020386,0.144287,1.028320
0.243286,-0.400269,0.896606
-0.529785,0.055054,0.811035
0.447754,-0.214478,1.051514
-0.256592,-0.277100,0.743896
-0.081421,0.157837,0.993530
0.271851,-0.381714,0.897339
-0.556152,0.022217,0.777222
0.437744,-0.216797,1.053345
-0.214722,-0.335083,0.722290
-0.163696,0.172729,0.966675
0.321045,-0.372803,0.907837
-0.579468,0.030762,0.750488
0.398438,-0.206177,1.035767
-0.180298,-0.368530,0.727783
-0.252563,0.160278,0.938599
0.340576,-0.343018,0.936279
-0.586914,0.003540,0.731567
0.340576,-0.124878,1.056152
-0.143433,-0.378174,0.740967
-0.325195,0.180664,0.923340
0.385498,-0.356323,0.947754
-0.585083,0.005005,0.721191
0.275391,-0.089600,1.034790
-0.072998,-0.371460,0.779541
-0.413696,0.199829,0.882812
0.396362,-0.318726,0.959839
-0.552246,-0.061279,0.708618
0.190796,-0.017334,1.030640
-0.015625,-0.403320,0.781860
-0.470947,0.209351,0.862671
0.407715,-0.262939,0.983643
-0.515869,-0.120117,0.705322
0.098511,0.029175,1.010376
0.078491,-0.451660,0.805786
-0.552002,0.192627,0.833496
0.421021,-0.235840,0.996582
-0.399414,-0.138428,0.748413
-0.001709,0.147217,1.014038
0.164185,-0.399658,0.842651
-0.598511,0.107666,0.776245
0.425659,-0.216675,1.016357
-0.287354,-0.264282,0.712280
-0.093018,0.217163,0.983398
0.226807,-0.369263,0.850708
-0.614868,0.078125,0.752808
0.420288,-0.222656,1.023560
-0.213501,-0.345459,0.712280
-0.146973,0.196899,0.956665
0.282471,-0.334473,0.888062
-0.635254,0.111572,0.725830
0.385254,-0.189087,1.005737
-0.142090,-0.387207,0.720093
-0.208252,0.160889,0.929443
0.321045,-0.338379,0.898438
-0.635376,0.129517,0.727783
0.343140,-0.162720,0.988647
-0.088257,-0.395630,0.745117
-0.294067,0.151978,0.884888
0.353638,-0.301147,0.920776
-0.588989,0.077393,0.719116
0.285767,-0.069092,0.988892
-0.037964,-0.385620,0.766846
-0.385010,0.171143,0.841797
0.404175,-0.283569,0.953979
-0.564453,0.019409,0.706177
0.197632,0.007690,0.987061
0.009277,-0.378418,0.795532
-0.430298,0.172119,0.855835
0.424683,-0.281982,0.968384
-0.527222,-0.031860,0.718140
0.129761,0.090698,1.009888
0.065308,-0.403809,0.790894
-0.494019,0.185913,0.841431
0.435913,-0.249878,0.982300
-0.452637,-0.103394,0.740845
0.077026,0.123291,1.013550
0.113525,-0.399780,0.818481
-0.537598,0.172119,0.809814
0.447144,-0.225220,0.996094
-0.383301,-0.122070,0.758667
0.026855,0.142822,0.995605
0.174561,-0.395996,0.849609
-0.573853,0.157593,0.774170
0.437744,-0.186157,1.008301
-0.313232,-0.186523,0.755981
-0.036255,0.159912,0.998047
0.227905,-0.405151,0.865723
-0.575195,0.123779,0.761597
0.446411,-0.168213,1.021973
-0.254150,-0.226196,0.752808
-0.090698,0.210083,0.992432
0.281128,-0.413330,0.879639
-0.592163,0.115234,0.750732
0.433105,-0.177856,1.024292
-0.181641,-0.297241,0.766113
-0.163574,0.192749,0.957764
0.321899,-0.426270,0.897583
-0.570435,0.092041,0.756714
0.401489,-0.100708,1.035278
-0.110718,-0.299805,0.773438
-0.214478,0.194702,0.930298
0.357910,-0.419556,0.903320
-0.574463,0.046387,0.745117
0.369263,-0.111694,1.023193
-0.042114,-0.367432,0.772705
-0.281250,0.200439,0.897827
0.385254,-0.351196,0.935181
-0.550415,-0.030518,0.733521
0.318359,-0.105835,1.000488
-0.003052,-0.414551,0.770020
-0.340210,0.181885,0.863037
0.407837,-0.310181,0.945923
-0.516479,-0.066772,0.731323
0.239746,-0.074097,0.994751
0.062622,-0.477783,0.780640
-0.386841,0.142334,0.825806
0.432129,-0.279541,0.971802
-0.482422,-0.050293,0.752563
0.156250,-0.004883,1.000977
0.096313,-0.492065,0.790771
-0.440308,0.120972,0.809570
0.446777,-0.247437,0.995239
-0.432251,-0.093994,0.743652
0.074097,0.087402,1.013306
0.188110,-0.516846,0.820068
-0.498047,0.075439,0.772095
0.458862,-0.224854,1.017578
-0.339355,-0.176025,0.758179
-0.041870,0.154297,1.006958
0.270020,-0.503906,0.872925
-0.527832,0.016846,0.740967
0.448608,-0.220093,1.035278
-0.227173,-0.204956,0.784424
-0.114502,0.208008,1.006958
0.318726,-0.421265,0.920898
-0.541626,0.008667,0.762207
0.417725,-0.193848,1.051147
-0.121460,-0.315063,0.788208
-0.170898,0.209106,0.987915
0.374756,-0.400513,0.945801
-0.540527,-0.004272,0.760864
0.374512,-0.159546,1.035034
-0.004517,-0.398682,0.803467
-0.240723,0.190552,0.950195
0.416992,-0.367188,0.973755
-0.505249,-0.068237,0.754395
0.306519,-0.109253,1.022095
0.071899,-0.438965,0.811646
-0.313599,0.171387,0.905396
0.464355,-0.321289,1.000610
-0.456787,-0.141724,0.747314
0.214600,-0.048828,1.023315
0.095337,-0.457153,0.828735
-0.361572,0.119507,0.875854
0.504639,-0.276001,1.045410
-0.414917,-0.138794,0.758057
0.140015,0.049683,1.048828
0.194336,-0.500000,0.847046
-0.410645,0.041260,0.817993
0.514648,-0.260742,1.060913
-0.329590,-0.180908,0.785278
0.046021,0.135742,1.052124
0.276001,-0.475220,0.897095
-0.460449,0.026367,0.799072
0.508179,-0.253052,1.083130
-0.243774,-0.246582,0.813477
-0.028198,0.185425,1.058350
0.342773,-0.425659,0.941284
-0.480225,0.035156,0.812134
0.473145,-0.194702,1.091797
-0.124023,-0.285400,0.852783
-0.103760,0.184326,1.025269
0.402344,-0.412476,0.979492
-0.481445,-0.024902,0.789307
0.437988,-0.136108,1.111572
0.014648,-0.359009,0.875000
-0.168701,0.199951,1.033936
0.433350,-0.335083,1.028931
-0.459961,-0.054443,0.790405
0.384521,-0.076416,1.116577
0.080200,-0.399048,0.879883
-0.233276,0.229736,1.041504
0.491333,-0.317505,1.065796
-0.420532,-0.118530,0.794678
0.312988,-0.027588,1.107544
0.145752,-0.387817,0.916748
-0.339600,0.211914,0.981934
0.553223,-0.290771,1.109497
-0.361084,-0.168823,0.802246
0.204468,0.061279,1.090454
0.214966,-0.401245,0.933228
-0.341919,0.069336,0.899536
0.560913,-0.232300,1.147339
-0.297729,-0.223267,0.819824
0.114258,0.126099,1.092407
0.299683,-0.444336,0.944214
-0.409546,0.087769,0.876221
0.551758,-0.192627,1.162231
-0.213257,-0.266357,0.834961
0.034790,0.164795,1.096069
0.378418,-0.421265,0.999878
-0.451050,0.066284,0.856812
0.531860,-0.144653,1.160034
-0.137329,-0.243530,0.882690
-0.038086,0.174927,1.093994
0.419678,-0.374634,1.037842
-0.451904,-0.004028,0.845215
0.506836,-0.113159,1.179077
-0.010986,-0.351685,0.882568
-0.131470,0.244019,1.100464
0.477295,-0.356689,1.052979
-0.454590,-0.014893,0.831421
0.440552,-0.087402,1.160767
0.016357,-0.353638,0.887329
-0.180420,0.209473,1.077148
0.501465,-0.306885,1.098511
-0.458008,-0.048462,0.809204
0.383545,-0.027710,1.169312
0.091431,-0.383789,0.913086
-0.251099,0.179199,1.027832
0.535156,-0.271484,1.126587
-0.413452,-0.106689,0.804565
0.315918,0.005249,1.154663
0.143311,-0.385132,0.924316
-0.307983,0.138916,0.970947
0.549561,-0.260742,1.140869
-0.385376,-0.154419,0.798462
0.227295,0.053223,1.133057
0.231323,-0.421875,0.939941
-0.382935,0.140625,0.932617
0.546631,-0.225586,1.129395
-0.306274,-0.214478,0.818848
0.132324,0.103638,1.103271
0.287964,-0.420776,0.964966
-0.431274,0.109497,0.887939
0.529419,-0.184204,1.131836
-0.251465,-0.265015,0.808838
0.048218,0.136108,1.098999
0.323853,-0.410889,0.970093
-0.449707,0.053833,0.867920
0.512817,-0.145020,1.149780
-0.154785,-0.306274,0.827026
-0.038452,0.143066,1.078491
0.358398,-0.400391,0.968994
-0.481812,0.025513,0.820312
0.493530,-0.155518,1.134888
-0.097046,-0.322144,0.826538
-0.128296,0.182617,1.049683
0.374390,-0.340942,0.990845
-0.492188,-0.039429,0.794800
0.451660,-0.136963,1.138550
-0.075073,-0.344238,0.823486
-0.266724,0.200928,1.024292
0.420410,-0.324463,1.005737
-0.411377,-0.111816,0.796387
0.285889,-0.004150,1.136719
0.160645,-0.398071,0.926025
-0.330688,0.141113,0.945801
0.549194,-0.240234,1.125854
-0.358887,-0.163574,0.792236
0.178711,0.071899,1.111816
0.237305,-0.419189,0.952026
-0.409180,0.087402,0.897583
0.539307,-0.244507,1.129761
-0.299561,-0.221802,0.817993
0.084595,0.167236,1.109863
0.297241,-0.395874,0.950684
-0.447510,0.056885,0.866699
0.524902,-0.209473,1.122437
-0.172607,-0.309082,0.839844
0.002441,0.144043,1.059204
0.319214,-0.342529,0.961304
-0.484985,0.017334,0.809692
0.517944,-0.197388,1.148926
-0.107788,-0.359619,0.826660
-0.092041,0.149780,1.036255
0.348999,-0.341431,0.974243
-0.505615,-0.017578,0.790527
0.473877,-0.170654,1.143799
-0.096924,-0.357056,0.806641
-0.189209,0.182007,1.011841
0.410645,-0.333008,0.995483
-0.490723,-0.019653,0.780640
0.386963,-0.113037,1.115234
-0.072144,-0.339478,0.831787
-0.272339,0.180542,0.983276
0.465698,-0.322998,1.039307
-0.489868,-0.052734,0.770020
0.294922,-0.033081,1.103149
0.005493,-0.349854,0.851074
-0.356201,0.154541,0.937256
0.466675,-0.312378,1.041992
-0.447754,-0.148193,0.750366
0.187744,0.023926,1.074219
0.092773,-0.392700,0.858276
-0.440063,0.163574,0.882324
0.470093,-0.235229,1.068237
-0.420776,-0.177979,0.758423
0.091187,0.068237,1.047974
0.157593,-0.400879,0.874512
-0.489014,0.086914,0.829346
0.474243,-0.219238,1.072388
-0.317261,-0.222656,0.771851
-0.015015,0.117798,1.029175
0.231079,-0.441162,0.864990
-0.520264,0.059204,0.792358
0.454712,-0.178223,1.072144
-0.249268,-0.287476,0.745850
-0.113037,0.140137,0.999634
0.282959,-0.418701,0.888794
-0.560547,0.022949,0.759033
0.421143,-0.179565,1.060181
-0.185425,-0.350586,0.730713
-0.237305,0.194214,0.982178
0.340698,-0.360718,0.927368
-0.571045,-0.007812,0.751099
0.346924,-0.155396,1.044800
-0.149048,-0.363525,0.743774
-0.314819,0.173950,0.918701
0.391724,-0.326904,0.972046
-0.559204,-0.045776,0.725342
0.227661,-0.050537,1.023560
-0.050293,-0.372681,0.787109
-0.423828,0.179688,0.878540
0.429810,-0.315552,1.005371
-0.532349,-0.098145,0.702148
0.107788,0.091431,1.022705
0.034546,-0.367554,0.820068
-0.489990,0.108276,0.844727
0.453857,-0.306885,1.019775
-0.456177,-0.148193,0.727783
0.007812,0.157715,1.022339
0.140259,-0.424561,0.804443
-0.551758,0.117432,0.816040
0.438721,-0.247559,1.017456
-0.339233,-0.225464,0.733887
-0.068115,0.168945,0.988525
0.212769,-0.393677,0.846436
-0.598877,0.084595,0.768433
0.413208,-0.177734,1.040527
-0.245972,-0.320068,0.714722
-0.157227,0.158081,0.963501
0.296143,-0.390625,0.890381
-0.612549,0.071655,0.734375
0.372437,-0.139771,1.026123
-0.177368,-0.361084,0.709473
-0.250732,0.170654,0.919556
0.347412,-0.360840,0.922241
-0.598877,0.025269,0.720825
0.315674,-0.070068,1.033813
-0.129150,-0.355225,0.726562
-0.342407,0.201416,0.897827
0.388550,-0.344360,0.934326
-0.584839,-0.020508,0.699585
0.230469,-0.027710,1.004639
-0.046875,-0.386475,0.758667
-0.434937,0.229370,0.869385
0.394043,-0.277832,0.955933
-0.517334,-0.068359,0.720703
0.145508,0.010132,0.995361
0.030884,-0.382446,0.796631
-0.514038,0.194580,0.833862
0.427612,-0.219971,1.004761
-0.436523,-0.133423,0.725830
0.036377,0.125732,1.012939
0.147461,-0.429565,0.828003
-0.569946,0.175415,0.807739
0.434082,-0.178467,1.013062
-0.315918,-0.202148,0.735474
-0.057495,0.193115,0.996582
0.233765,-0.412354,0.859619
-0.600708,0.135376,0.775757
0.416504,-0.167358,1.015747
-0.210327,-0.297363,0.739136
-0.138428,0.207153,0.961670
0.290405,-0.362061,0.887939
-0.607788,0.095337,0.747192
0.404663,-0.135864,1.026367
-0.132812,-0.328613,0.734375
-0.220215,0.202515,0.922363
0.349487,-0.358887,0.916382
-0.608276,0.070312,0.738281
0.343750,-0.104492,1.012939
-0.054199,-0.406982,0.738159
-0.285522,0.222656,0.901855
0.379028,-0.301636,0.922241
-0.581299,0.011597,0.723877
0.270630,-0.097534,0.976685
-0.009277,-0.412720,0.764404
-0.348267,0.165405,0.858765
0.412598,-0.261963,0.958374
-0.527100,-0.012085,0.731323
0.176758,0.009644,0.980957
0.041870,-0.411499,0.785400
-0.433228,0.162476,0.831665
0.441528,-0.246094,0.981201
-0.472656,-0.053467,0.746094
0.085449,0.109009,1.010254
0.109253,-0.437256,0.800659
-0.498535,0.125122,0.808472
0.450562,-0.228882,1.005615
-0.374023,-0.112915,0.767090
-0.006104,0.181274,1.007935
0.196899,-0.420898,0.832153
-0.546875,0.116455,0.778076
0.455933,-0.237305,1.014893
-0.277832,-0.202515,0.758789
-0.086914,0.213623,0.979492
0.269897,-0.387573,0.875000
-0.579590,0.062988,0.755371
0.431396,-0.213501,1.016357
-0.142456,-0.309082,0.764526
-0.183960,0.237427,0.949341
0.329224,-0.360229,0.895142
-0.560669,0.032715,0.768188
0.383423,-0.154297,1.020508
-0.048340,-0.390015,0.781616
-0.264893,0.207642,0.904053
0.369751,-0.327759,0.932251
-0.530396,-0.044678,0.743774
0.309326,-0.119995,0.999634
0.004395,-0.446045,0.763306
-0.316162,0.156372,0.860474
0.422363,-0.284790,0.958618
-0.502686,-0.071045,0.728027
0.197998,-0.025513,0.995850
0.083862,-0.474121,0.780151
-0.402344,0.133545,0.832642
0.447754,-0.291748,0.972656
-0.448730,-0.105469,0.751465
0.079712,0.061890,0.997925
0.150391,-0.473511,0.815308
-0.473511,0.068848,0.785278
0.459229,-0.246338,1.009521
-0.358154,-0.182739,0.758179
-0.032837,0.176758,1.012451
0.254395,-0.470337,0.864136
-0.515259,0.015381,0.751709
0.447021,-0.228638,1.027954
-0.253052,-0.231812,0.774536
-0.111816,0.199707,0.994263
0.331909,-0.428711,0.906372
-0.536011,0.029297,0.760132
0.421143,-0.200562,1.033325
-0.124512,-0.298340,0.812012
-0.189697,0.203491,0.971558
0.375732,-0.404907,0.938232
-0.524048,-0.012329,0.763794
0.377441,-0.164551,1.031494
-0.013916,-0.375366,0.824585
-0.265747,0.188721,0.937012
0.414062,-0.365845,0.968506
-0.497925,-0.094849,0.738403
0.299561,-0.112305,1.030273
0.065186,-0.472046,0.811035
-0.305908,0.158569,0.910889
0.446655,-0.306519,1.000854
-0.456299,-0.054810,0.763794
0.230835,-0.036743,1.021729
0.108398,-0.456543,0.835449
-0.347778,0.087036,0.884033
0.485229,-0.277588,1.054565
-0.428345,-0.133179,0.759888
0.141968,0.067383,1.043945
0.180908,-0.478027,0.856323
-0.394775,0.063721,0.857300
0.509766,-0.290161,1.063599
-0.378418,-0.177979,0.770264
0.081299,0.080688,1.031250
0.251221,-0.458008,0.895264
-0.437622,0.036133,0.805542
0.509888,-0.242676,1.079712
-0.294189,-0.218384,0.799438
0.009888,0.102539,1.028687
0.298706,-0.472412,0.916382
-0.450439,-0.007080,0.786743
0.496338,-0.170654,1.111450
-0.211182,-0.216797,0.823853
-0.064819,0.181763,1.047607
0.381958,-0.461548,0.957520
-0.465088,-0.026489,0.805420
0.461670,-0.152222,1.107056
-0.110718,-0.257690,0.842773
-0.114868,0.220581,1.051636
0.431030,-0.400757,1.003174
-0.464722,-0.057007,0.798950
0.419312,-0.120850,1.118652
0.032715,-0.352051,0.880737
-0.179688,0.206421,1.024780
0.468628,-0.328491,1.044067
-0.475342,-0.054077,0.774048
0.365356,-0.068481,1.115723
0.078003,-0.422119,0.871338
-0.234131,0.178223,1.008179
0.514160,-0.282959,1.083740
-0.421997,-0.063599,0.804077
0.273804,-0.020020,1.090942
0.155518,-0.465088,0.909790
-0.318604,0.133545,0.970337
0.583252,-0.267090,1.143433
-0.375732,-0.128296,0.810791
0.181396,0.106323,1.102905
0.252197,-0.423218,0.943726
-0.383179,0.035889,0.880615
0.567871,-0.253906,1.164429
-0.275513,-0.268555,0.818237
0.105591,0.189941,1.104370
0.299072,-0.429077,0.939087
-0.407227,0.050415,0.868774
0.558350,-0.234131,1.144409
-0.215698,-0.266724,0.857544
0.048706,0.166138,1.095703
0.360229,-0.413330,0.987915
-0.441772,0.073242,0.853149
0.526001,-0.144531,1.157715
-0.151001,-0.261719,0.872314
-0.008789,0.189087,1.115356
0.405518,-0.417969,1.016235
-0.445068,0.005493,0.856934
0.517700,-0.109985,1.173584
-0.053955,-0.274658,0.886963
-0.083496,0.237671,1.114746
0.445435,-0.394653,1.024780
-0.445557,-0.039795,0.843994
0.484619,-0.130371,1.159546
0.016724,-0.304565,0.906128
-0.153320,0.241577,1.066162
0.461304,-0.301636,1.049316
-0.444336,-0.069946,0.815918
0.439697,-0.117798,1.172607
0.023438,-0.343506,0.905396
-0.216553,0.232788,1.054199
0.513062,-0.272461,1.096924
-0.439453,-0.074829,0.805908
0.357422,-0.036377,1.160522
0.111694,-0.383911,0.927856
-0.275879,0.194458,1.005737
0.528076,-0.241455,1.125244
-0.402222,-0.125732,0.801636
0.273315,-0.013428,1.132202
0.178223,-0.413574,0.929810
-0.329468,0.131470,0.936768
0.551392,-0.227295,1.143799
-0.330078,-0.168701,0.799683
0.157715,0.093994,1.106079
0.245483,-0.426880,0.944824
-0.410889,0.066040,0.894775
0.553955,-0.224365,1.149170
-0.259766,-0.223999,0.826050
0.060303,0.164185,1.106567
0.300049,-0.382690,0.942871
-0.462646,0.034790,0.855469
0.542603,-0.207397,1.147583
-0.135010,-0.326538,0.832397
-0.033569,0.164673,1.066772
0.329224,-0.337891,0.953125
-0.470703,0.026733,0.829956
0.509033,-0.217407,1.140259
-0.105713,-0.360596,0.833496
-0.129883,0.153564,1.030884
0.400024,-0.336914,0.995483
-0.499146,0.009399,0.796997
0.421753,-0.142090,1.119385
-0.070068,-0.357422,0.831299
-0.220093,0.179321,1.043457
0.445923,-0.343872,1.025269
-0.499878,-0.009766,0.790283
0.335693,-0.024170,1.132202
-0.016846,-0.358398,0.847412
-0.300659,0.144043,0.961182
0.473999,-0.312866,1.053467
-0.469971,-0.073120,0.773682
0.252686,0.018677,1.110474
0.059937,-0.385254,0.849365
-0.391846,0.166870,0.915894
0.480957,-0.306519,1.041870
-0.430298,-0.146606,0.762085
0.185303,0.034668,1.077881
0.119385,-0.380615,0.873413
-0.465088,0.150146,0.864624
0.483887,-0.260742,1.063354
-0.399536,-0.210083,0.766357
0.085938,0.056030,1.056885
0.179077,-0.408813,0.879517
-0.515625,0.095703,0.821411
0.476562,-0.233154,1.077148
-0.306519,-0.253174,0.771851
-0.010132,0.096191,1.028320
0.229980,-0.410034,0.886597
-0.533325,0.087280,0.812988
0.464355,-0.218384,1.065918
-0.255371,-0.264648,0.756348
-0.095093,0.140747,1.007080
0.291016,-0.431152,0.902954
-0.554810,0.029907,0.782227
0.429321,-0.173584,1.062256
-0.203857,-0.312622,0.735596
-0.198975,0.202637,0.984009
0.336060,-0.389771,0.917358
-0.558105,-0.009521,0.758179
0.385010,-0.159424,1.048462
-0.168579,-0.336182,0.726196
-0.276245,0.211914,0.954590
0.380005,-0.357422,0.948608
-0.582886,-0.011108,0.750122
0.319702,-0.138062,1.047974
-0.118164,-0.386108,0.752197
-0.333130,0.170166,0.895020
0.377319,-0.307739,0.961792
-0.572754,-0.027588,0.725098
0.258423,-0.107300,1.028564
-0.057007,-0.429321,0.762939
-0.426025,0.206787,0.878906
0.406006,-0.280029,0.983276
-0.548218,-0.042969,0.728882
0.164551,-0.023804,1.015869
0.017090,-0.441040,0.793091
-0.498413,0.181763,0.844849
0.430054,-0.261597,1.000000
-0.467896,-0.114258,0.732666
0.050415,0.096558,1.007080
0.107422,-0.389282,0.831665
-0.554321,0.131348,0.810303
0.435059,-0.241089,1.022949
-0.366455,-0.186523,0.732422
-0.041870,0.180298,1.005615
0.190430,-0.399414,0.848022
-0.583862,0.092041,0.784424
0.429443,-0.201416,1.031250
-0.279541,-0.270264,0.722412
-0.126709,0.163818,0.951294
0.268066,-0.363892,0.887573
-0.615967,0.097046,0.756958
0.406494,-0.195679,1.029419
-0.194458,-0.353760,0.712402
-0.209595,0.177612,0.935669
0.316040,-0.336426,0.915894
-0.625854,0.062500,0.719849
0.352905,-0.143311,1.013428
-0.120850,-0.367920,0.733765
-0.304565,0.195923,0.896118
0.359253,-0.317871,0.931885
-0.601440,0.025757,0.708130
0.269653,-0.095703,0.995117
-0.066528,-0.416016,0.757568
-0.395142,0.191406,0.868408
0.401733,-0.293335,0.953613
-0.554321,-0.032227,0.701172
0.167725,0.032715,1.005371
0.017578,-0.405640,0.793335
-0.480469,0.191406,0.850220
0.422241,-0.266479,0.970947
-0.481567,-0.067139,0.718872
0.085693,0.139282,1.016724
0.091431,-0.384521,0.799927
-0.558960,0.168579,0.801025
0.438843,-0.259399,0.985229
-0.371460,-0.175537,0.727661
0.012085,0.171387,1.012939
0.176636,-0.378784,0.838623
-0.595947,0.178345,0.790527
0.430542,-0.227295,1.001465
-0.269409,-0.260132,0.739990
-0.065552,0.163086,0.976562
0.244995,-0.349854,0.882202
-0.612671,0.145020,0.756714
0.425903,-0.156738,1.019653
-0.192749,-0.291626,0.739502
-0.145630,0.189941,0.954346
0.333008,-0.385254,0.906494
-0.626343,0.096436,0.751465
0.379883,-0.134888,1.018066
-0.106689,-0.359375,0.738525
-0.248657,0.196045,0.899536
0.371460,-0.324097,0.931152
-0.570068,0.031738,0.749268
0.321289,-0.093384,1.006348
-0.050171,-0.391113,0.741089
-0.322754,0.182617,0.858276
0.380981,-0.274780,0.941162
-0.538208,-0.025391,0.723877
0.237305,-0.042236,0.991089
0.014404,-0.434692,0.773926
-0.396606,0.146851,0.828125
0.418335,-0.239014,0.973511
-0.502319,-0.032715,0.732300
0.139771,0.068115,1.013306
0.077881,-0.417969,0.799927
-0.473999,0.134033,0.807495
0.449951,-0.215942,1.003418
-0.439087,-0.056885,0.725586
0.071411,0.159424,1.019531
0.144653,-0.417847,0.802612
-0.522949,0.108765,0.789307
0.448486,-0.247314,0.992676
-0.362549,-0.156372,0.745850
-0.004150,0.200073,1.011597
0.202271,-0.387085,0.839355
-0.551392,0.086426,0.772095
0.462402,-0.270386,1.005249
-0.295776,-0.220459,0.754883
-0.068359,0.201050,0.985596
0.254028,-0.370117,0.876831
-0.567627,0.073120,0.753906
0.449097,-0.211304,1.033081
-0.185913,-0.281006,0.784058
-0.142944,0.169678,0.938110
0.293091,-0.373657,0.884766
-0.566040,0.080688,0.751465
0.417847,-0.177124,1.026489
-0.124512,-0.299561,0.788818
-0.182251,0.183350,0.946289
0.340576,-0.397461,0.908203
-0.563843,0.037598,0.748901
0.380005,-0.145508,1.018677
-0.052612,-0.376709,0.790649
-0.249268,0.201172,0.921265
0.371826,-0.373779,0.931396
-0.521606,-0.044067,0.753174
0.318115,-0.096069,1.016113
-0.034668,-0.394653,0.767944
-0.295166,0.181152,0.893921
0.432983,-0.388794,0.946777
-0.506714,-0.076294,0.752197
0.258789,-0.057983,1.004272
0.029297,-0.439819,0.758911
-0.339600,0.148315,0.856201
0.440918,-0.336792,0.967285
-0.491089,-0.113647,0.741089
0.212402,-0.078491,0.994263
0.075928,-0.463989,0.781616
-0.412720,0.142334,0.813721
0.475952,-0.293823,0.989380
-0.425293,-0.110474,0.776123
0.090210,0.030396,1.005371
0.130493,-0.484619,0.817383
-0.448364,0.057983,0.782593
0.479736,-0.262207,1.028564
-0.368286,-0.136841,0.775635
0.013916,0.145996,1.025391
0.246582,-0.478882,0.866455
-0.492920,0.016113,0.752686
0.469360,-0.240112,1.048584
-0.285034,-0.227661,0.794434
-0.065430,0.173950,1.011841
0.314209,-0.466431,0.895508
-0.538330,0.004517,0.752197
0.452759,-0.211060,1.073364
-0.160278,-0.293335,0.802979
-0.135254,0.213745,1.010986
0.349487,-0.408691,0.929565
-0.517700,-0.002197,0.780396
0.415405,-0.197998,1.054688
-0.064697,-0.374268,0.819458
-0.182739,0.166382,0.971436
0.394531,-0.361816,0.958740
-0.510132,-0.015137,0.760864
0.376709,-0.134644,1.065063
0.022339,-0.400391,0.847168
-0.239990,0.157593,0.963257
0.449097,-0.384155,0.988281
-0.471069,-0.071777,0.767578
0.299805,-0.036621,1.067383
0.072998,-0.421143,0.831543
-0.286499,0.137085,0.937500
0.483887,-0.344604,1.033447
-0.439941,-0.140991,0.764038
0.254639,-0.023315,1.068604
0.123169,-0.409790,0.863037
-0.350952,0.177368,0.920410
0.494873,-0.289795,1.054810
-0.388794,-0.182861,0.773804
0.200439,0.004517,1.070068
0.193481,-0.427856,0.895996
-0.399780,0.123291,0.850098
0.512451,-0.260376,1.062988
-0.304077,-0.170166,0.816040
0.113159,0.084839,1.083252
0.269775,-0.463379,0.917236
-0.438477,0.074097,0.817993
0.511353,-0.218384,1.083862
-0.247559,-0.207031,0.849976
0.033569,0.130249,1.072388
0.346436,-0.459595,0.952515
-0.470093,0.045410,0.807251
0.502441,-0.159790,1.126587
-0.159668,-0.246460,0.858643
-0.062012,0.196167,1.065918
0.409668,-0.442383,0.987305
-0.466919,0.023071,0.831543
0.487061,-0.124512,1.145386
-0.052124,-0.298096,0.879517
-0.145874,0.239136,1.062134
0.456299,-0.393555,1.020142
-0.436401,-0.063110,0.814575
0.437866,-0.103149,1.145142
0.048340,-0.346436,0.890503
-0.199951,0.231079,1.045410
0.476196,-0.304565,1.059692
-0.416870,-0.114746,0.801880
0.383789,-0.076782,1.144531
0.080200,-0.369507,0.907104
-0.248779,0.219727,1.034424
0.518066,-0.265747,1.104370
-0.389038,-0.143066,0.807373
0.290039,0.004883,1.130737
0.174683,-0.397827,0.933350
-0.302734,0.155640,0.972168
0.563721,-0.254150,1.133545
-0.342651,-0.154907,0.833496
0.163208,0.075195,1.089478
0.265137,-0.449219,0.949829
-0.371094,0.067017,0.893799
0.563721,-0.186035,1.170532
-0.231323,-0.234985,0.854736
0.053955,0.152222,1.095337
0.358398,-0.409180,0.993652
-0.452759,0.039307,0.854248
0.542358,-0.161133,1.178223
-0.106323,-0.284668,0.887085
-0.031616,0.234619,1.120361
0.399170,-0.374756,1.007568
-0.472046,0.038818,0.853394
0.511353,-0.177979,1.165283
-0.003174,-0.384155,0.886108
-0.099121,0.212036,1.102783
0.428223,-0.314087,1.043945
-0.466064,-0.003784,0.831421
0.475586,-0.145630,1.165771
0.004761,-0.394775,0.879395
-0.166016,0.193726,1.079956
0.482666,-0.304688,1.079590
-0.470093,-0.014771,0.810303
0.393066,-0.051392,1.167114
0.063599,-0.384766,0.912598
-0.249878,0.221924,1.053955
0.511963,-0.291992,1.109619
-0.421997,-0.120850,0.811035
0.337524,-0.016846,1.163940
0.087646,-0.362061,0.923096
-0.301758,0.191162,0.993164
0.547241,-0.296875,1.104370
-0.386597,-0.129150,0.816895
0.256958,0.040161,1.141602
0.154663,-0.400269,0.917236
-0.338013,0.117310,0.931519
0.541016,-0.247925,1.116577
-0.361938,-0.161987,0.801514
0.189209,0.066162,1.117554
0.213135,-0.406738,0.931274
-0.389648,0.095825,0.897705
0.533691,-0.198730,1.135986
-0.318115,-0.235229,0.807983
0.087036,0.121216,1.097412
0.280640,-0.436279,0.934814
-0.437744,0.089966,0.875488
0.523071,-0.196045,1.126343
-0.239380,-0.264404,0.817627
0.015625,0.128540,1.064819
0.309692,-0.377563,0.957275
-0.465332,0.034912,0.836670
0.512451,-0.187988,1.132446
-0.162598,-0.306519,0.816162
-0.060791,0.166016,1.056519
0.346558,-0.378784,0.958130
-0.492432,0.003662,0.802246
0.477783,-0.173584,1.131592
-0.120850,-0.338745,0.802368
-0.145508,0.170166,1.019653
0.368408,-0.344360,0.968872
-0.519043,-0.028809,0.779785
0.445801,-0.161865,1.129028
-0.101074,-0.353638,0.792847
-0.223511,0.196777,0.998901
0.396729,-0.330200,0.984741
-0.511108,-0.053101,0.767334
0.391846,-0.132568,1.119141
-0.070801,-0.358521,0.813477
-0.301514,0.204834,0.965454
0.433716,-0.308838,1.016968
-0.497559,-0.083008,0.753174
0.307251,-0.059937,1.102295
-0.024536,-0.356689,0.832275
-0.355225,0.164551,0.915039
0.450439,-0.303955,1.019043
-0.483398,-0.103027,0.736938
0.231201,-0.019165,1.078247
0.050537,-0.376099,0.843384
-0.449341,0.161133,0.882568
0.454956,-0.280518,1.034058
-0.442749,-0.165527,0.748413
0.126953,0.033569,1.058350
0.131958,-0.432495,0.857422
-0.509399,0.136353,0.840332
0.455688,-0.236084,1.042480
-0.371948,-0.214844,0.743286
0.023193,0.108521,1.029419
0.213379,-0.402710,0.890503
-0.546753,0.078247,0.811646
0.436157,-0.234009,1.035156
-0.275146,-0.296021,0.733521
-0.063110,0.157959,1.016357
0.253296,-0.383667,0.890259
-0.569580,0.033325,0.769287
0.437866,-0.200439,1.055054
-0.231079,-0.327393,0.713745
-0.156128,0.159912,0.973877
0.295288,-0.350220,0.913086
-0.587646,0.012451,0.755005
0.389526,-0.219971,1.030151
-0.183350,-0.381226,0.714111
-0.233276,0.153931,0.940552
0.342163,-0.340942,0.933960
-0.592407,0.044922,0.745728
0.307373,-0.148193,1.007568
-0.132324,-0.332153,0.772339
-0.312378,0.126831,0.910278
0.392456,-0.357544,0.968262
-0.576416,0.003906,0.708740
0.235840,-0.016357,1.032471
-0.082275,-0.334351,0.782593
-0.391479,0.161499,0.894897
0.413940,-0.357056,0.981934
-0.542969,-0.062744,0.712891
0.164795,0.036865,1.009155
-0.038574,-0.358643,0.770874
-0.432861,0.192383,0.886353
0.476440,-0.270996,1.054932
-0.537964,-0.133057,0.682617
0.051147,0.060547,1.039062
0.012451,-0.390625,0.790405
-0.518677,0.128296,0.822388
0.454834,-0.223022,1.036011
-0.327026,-0.203491,0.771973
-0.020264,0.123901,1.027954
0.211670,-0.442993,0.859131
-0.554321,0.083130,0.797241
0.436035,-0.192383,1.043579
-0.289673,-0.266357,0.734131
-0.076050,0.153809,1.005737
0.257812,-0.415161,0.876099
-0.571289,0.056152,0.772705
0.413574,-0.188354,1.042358
-0.237915,-0.337646,0.701294
-0.167725,0.163086,0.968872
0.300049,-0.371826,0.898804
-0.599487,0.040039,0.746460
0.406860,-0.212036,1.034302
-0.209839,-0.364380,0.707031
-0.228882,0.158325,0.932739
0.338623,-0.348633,0.921631
-0.602539,0.060181,0.752930
0.348022,-0.176636,1.017212
-0.151489,-0.368164,0.741699
-0.281250,0.163086,0.908691
0.350708,-0.342651,0.928223
-0.595459,0.040894,0.747559
0.305420,-0.138062,1.018677
-0.122803,-0.376343,0.758423
-0.343506,0.144897,0.883423
0.378784,-0.340820,0.940308
-0.580444,0.010132,0.702881
0.246094,-0.062988,1.004150
-0.078247,-0.375122,0.765381
-0.391968,0.204712,0.888550
0.386230,-0.292480,0.962280
-0.578979,-0.032349,0.691772
0.184814,-0.030518,0.996460
-0.024170,-0.400635,0.783325
-0.439331,0.203979,0.879883
0.400879,-0.278320,0.967896
-0.558472,-0.039429,0.702148
0.133057,0.049805,1.006470
0.028564,-0.413086,0.793457
-0.488281,0.193970,0.862061
0.417969,-0.275146,0.976929
-0.514648,-0.053101,0.723022
0.084229,0.078857,1.010010
0.078369,-0.410645,0.816895
-0.532471,0.203613,0.844360
0.441162,-0.248047,0.997192
-0.452881,-0.057129,0.751587
0.036011,0.140259,1.005981
0.129517,-0.418457,0.827637
-0.571289,0.166504,0.800781
0.426270,-0.200806,1.012695
-0.367310,-0.173584,0.722046
0.004517,0.190430,1.015259
0.159790,-0.386230,0.834839
-0.590942,0.159058,0.783691
0.432007,-0.216187,0.999390
-0.306274,-0.236816,0.735840
-0.048706,0.172852,0.990967
0.222412,-0.389526,0.861938
-0.615601,0.162598,0.759521
0.426270,-0.160645,1.022095
-0.231079,-0.269409,0.728271
-0.121460,0.224854,0.984253
0.278320,-0.404907,0.868164
-0.610596,0.124634,0.764526
0.420654,-0.187378,1.016968
-0.177612,-0.309692,0.734741
-0.204956,0.234131,0.944092
0.315308,-0.345093,0.892822
-0.610474,0.070801,0.743164
0.390991,-0.155151,1.022827
-0.117554,-0.375610,0.735962
-0.252808,0.209351,0.898926
0.362549,-0.326050,0.907959
-0.585327,0.050903,0.740967
0.342651,-0.099976,1.028687
-0.079834,-0.395630,0.731323
-0.298950,0.174316,0.866943
0.389893,-0.299927,0.930542
-0.552612,0.009644,0.727539
0.280151,-0.043091,1.002075
-0.020386,-0.409546,0.753662
-0.375854,0.167236,0.838501
0.404663,-0.296997,0.943970
-0.521729,-0.035645,0.726074
0.211670,0.003296,0.996826
0.013184,-0.397095,0.765381
-0.422119,0.180542,0.829712
0.442627,-0.276123,0.976807
-0.489014,-0.050537,0.744629
0.125244,0.062134,0.999146
0.071655,-0.441406,0.793579
-0.462891,0.156372,0.824097
0.443481,-0.226074,0.982788
-0.447510,-0.067993,0.748047
0.064331,0.115356,1.002075
0.146851,-0.443726,0.819214
-0.527832,0.131836,0.785034
0.446289,-0.193604,1.016968
-0.377808,-0.126343,0.750366
0.006714,0.167603,1.007690
0.189819,-0.423462,0.838867
-0.557983,0.092285,0.767090
0.462524,-0.210327,1.027588
-0.281616,-0.196411,0.766724
-0.074463,0.206055,0.985840
0.259888,-0.399536,0.877441
-0.574707,0.057129,0.734741
0.442383,-0.203491,1.025146
-0.213379,-0.250488,0.769897
-0.134033,0.224365,0.973877
0.305664,-0.355225,0.902832
-0.580688,0.059692,0.740967
0.410034,-0.172607,1.031860
-0.109497,-0.337891,0.786377
-0.192993,0.198730,0.944702
0.340210,-0.362671,0.915894
-0.576660,0.049316,0.746582
0.376953,-0.155396,1.021851
-0.043335,-0.407349,0.778198
-0.245239,0.183594,0.905762
0.369873,-0.303833,0.934937
-0.546021,-0.003052,0.739258
0.319580,-0.144165,0.995850
-0.002075,-0.449829,0.781006
-0.304565,0.162842,0.878418
0.429810,-0.331299,0.948730
-0.529663,-0.042725,0.733521
0.233032,-0.059692,0.973267
0.054565,-0.450439,0.774048
-0.352295,0.148315,0.848267
0.443604,-0.317383,0.968262
-0.478271,-0.126099,0.737061
0.164795,-0.023560,0.988892
0.082520,-0.463501,0.776733
-0.419678,0.123901,0.807373
0.466309,-0.281860,1.000000
-0.419678,-0.151978,0.739624
0.085327,0.068115,1.019043
0.154541,-0.461426,0.825195
-0.491577,0.092896,0.765869
0.469727,-0.239624,1.011841
-0.325439,-0.169678,0.786621
-0.009766,0.124756,1.020874
0.236084,-0.499634,0.838135
-0.522705,0.035767,0.731689
0.461060,-0.227051,1.027222
-0.259766,-0.187622,0.789673
-0.089233,0.189209,1.011475
0.310913,-0.464111,0.887939
-0.520264,-0.016113,0.751953
0.421753,-0.177124,1.054565
-0.161499,-0.301392,0.785156
-0.144409,0.195190,1.003540
0.366089,-0.416626,0.927856
-0.534302,0.015381,0.767700
0.390625,-0.161621,1.048096
-0.047729,-0.378174,0.803223
-0.212646,0.161987,0.953125
0.404175,-0.375122,0.971069
-0.517578,-0.064331,0.755981
0.353271,-0.136475,1.043457
0.054199,-0.415283,0.816772
-0.283325,0.188965,0.923828
0.433105,-0.328125,0.991333
-0.470337,-0.108643,0.755249
0.273560,-0.089966,1.028442
0.077271,-0.459106,0.810425
-0.330200,0.120361,0.887451
0.489868,-0.321045,1.020508
-0.433350,-0.102051,0.778931
0.178711,0.004395,1.021606
0.143311,-0.457153,0.845459
-0.380859,0.096069,0.867310
0.514160,-0.291870,1.065674
-0.399658,-0.160034,0.767944
0.104858,0.075195,1.037964
0.227905,-0.496460,0.875000
-0.419922,0.038208,0.825195
0.517944,-0.255493,1.077515
-0.325317,-0.203857,0.780640
0.019043,0.147339,1.041626
0.322632,-0.508545,0.909180
-0.474365,0.025513,0.797974
0.492676,-0.191650,1.110107
-0.232666,-0.258301,0.811035
-0.044800,0.205933,1.059326
0.356323,-0.438232,0.947266
-0.472168,-0.005615,0.794434
0.479248,-0.175903,1.113770
-0.140015,-0.273682,0.839233
-0.098022,0.218750,1.045654
0.398071,-0.412354,0.969971
-0.463013,-0.028931,0.807983
0.449219,-0.141235,1.119751
-0.037964,-0.319702,0.856689
-0.153687,0.228882,1.043091
0.446167,-0.367798,1.008057
-0.464722,-0.053833,0.798584
0.391724,-0.116577,1.111328
0.042603,-0.398071,0.873291
-0.179810,0.181885,1.022705
0.483032,-0.302734,1.058472
-0.461060,-0.052368,0.782959
0.348389,-0.085815,1.098022
0.075195,-0.421875,0.874268
-0.248901,0.188110,1.007202
0.530396,-0.286987,1.097534
-0.414307,-0.090820,0.809814
0.267700,0.009766,1.099854
0.158203,-0.462646,0.884766
-0.314087,0.128662,0.953003
0.562988,-0.251221,1.136475
-0.352661,-0.159912,0.813477
0.192627,0.096313,1.103882
0.234497,-0.431641,0.927856
-0.369141,0.097290,0.897217
0.560547,-0.254517,1.133057
-0.281250,-0.222778,0.839966
0.126831,0.116211,1.100220
0.297607,-0.409668,0.962280
-0.427856,0.071655,0.853638
0.561646,-0.203491,1.151733
-0.189331,-0.234741,0.870850
0.017578,0.199951,1.100464
0.371582,-0.396240,0.993896
-0.439575,0.039673,0.846802
0.528442,-0.172363,1.160278
-0.104492,-0.277466,0.876953
-0.062622,0.222900,1.085571
0.431885,-0.343750,1.038818
-0.448486,-0.025513,0.832153
0.480835,-0.132935,1.174438
0.026001,-0.375488,0.899414
-0.129395,0.210815,1.072021
0.456665,-0.305298,1.066895
-0.448242,-0.053833,0.818237
0.435059,-0.088135,1.174438
0.049316,-0.361816,0.908081
-0.231445,0.230591,1.047363
0.514526,-0.278320,1.109497
-0.407593,-0.120483,0.810791
0.350464,0.004028,1.181885
0.139893,-0.375488,0.922363
-0.311279,0.217163,0.988892
0.544922,-0.251709,1.116333
-0.347290,-0.168457,0.824097
0.248535,0.010132,1.131470
0.215576,-0.408081,0.955322
-0.379639,0.135376,0.913940
0.572998,-0.225342,1.148315
-0.286621,-0.217896,0.835083
0.126831,0.101562,1.124146
0.303223,-0.416382,0.977539
-0.418579,0.115234,0.891113
0.537598,-0.159790,1.152344
-0.214966,-0.270142,0.830811
0.028931,0.135376,1.101318
0.360962,-0.396729,0.989380
-0.439453,0.025146,0.861084
0.531006,-0.162842,1.155273
-0.073120,-0.303955,0.863403
-0.077148,0.199829,1.069824
0.393188,-0.330566,1.013184
-0.462280,-0.048584,0.822754
0.499512,-0.152344,1.167236
-0.047852,-0.331787,0.862305
-0.158813,0.178711,1.037964
0.436523,-0.290039,1.052979
-0.474854,-0.072266,0.803589
0.422241,-0.113159,1.162231
0.006226,-0.343872,0.879517
-0.245361,0.189453,1.000610
0.480347,-0.267212,1.083862
-0.438843,-0.106445,0.791382
0.325562,-0.049072,1.140381
0.073242,-0.379639,0.882812
-0.335571,0.165283,0.938477
0.521729,-0.262939,1.108643
-0.396118,-0.152344,0.784790
0.212402,0.042603,1.117432
0.168213,-0.416626,0.901978
-0.406494,0.134277,0.925903
0.526489,-0.262451,1.102905
-0.353027,-0.200562,0.792603
0.093506,0.096558,1.070312
0.239746,-0.405273,0.924683
-0.447388,0.074829,0.858521
0.513672,-0.204712,1.118774
-0.275879,-0.239258,0.799805
0.009766,0.119141,1.057129
0.270142,-0.381104,0.936890
-0.469238,0.012695,0.822510
0.501709,-0.199707,1.124634
-0.185425,-0.315430,0.780884
-0.078491,0.158203,1.025879
0.325317,-0.362305,0.951172
-0.505859,-0.013794,0.787720
0.474243,-0.195435,1.115479
-0.154785,-0.348267,0.769165
-0.164185,0.141968,0.995239
-0.100708,-0.355591,0.807983
0.407593,-0.305542,1.007202
-0.533569,-0.057007,0.742920
0.352783,-0.117798,1.094116
-0.059570,-0.353149,0.811523
-0.356689,0.179321,0.919556
0.451050,-0.303833,1.022949
-0.483887,-0.094238,0.748169
0.222534,-0.008301,1.080444
0.018555,-0.379395,0.827393
-0.426636,0.151001,0.885498
0.466431,-0.310303,1.024170
-0.471313,-0.136597,0.736328
0.122925,0.040039,1.048096
0.094360,-0.414917,0.842529
-0.472046,0.117432,0.858521
0.464844,-0.253174,1.051514
-0.409180,-0.174194,0.752197
0.044434,0.110229,1.044067
0.158813,-0.393555,0.854614
-0.531372,0.083130,0.808838
0.461182,-0.261353,1.047363
-0.317017,-0.275879,0.733154
-0.031616,0.134644,1.018066
0.219971,-0.389282,0.870239
-0.567383,0.068726,0.781860
0.445312,-0.265991,1.035767
-0.256470,-0.332153,0.725830
-0.132080,0.127319,0.963745
0.284058,-0.382446,0.896606
-0.576294,0.043579,0.765747
0.391357,-0.195190,1.034912
-0.212036,-0.349609,0.707520
-0.217285,0.175415,0.958008
0.341187,-0.358398,0.936279
-0.584717,0.000977,0.751709
0.346802,-0.144043,1.038208
-0.166626,-0.367554,0.719482
-0.313232,0.175537,0.901489
0.369629,-0.365356,0.945923
-0.570190,-0.025757,0.746704
0.291260,-0.076416,1.053345
-0.108032,-0.376709,0.743774
-0.420776,0.207031,0.874268
0.406494,-0.367432,0.960571
-0.524658,-0.099243,0.726440
0.187500,-0.017822,1.028809
-0.025513,-0.390991,0.780029
-0.495972,0.222900,0.853271
0.425415,-0.329102,0.971191
-0.483032,-0.154175,0.719727
0.087280,0.057983,1.015137
0.066650,-0.386230,0.810913
-0.549683,0.194214,0.835815
0.428711,-0.247681,1.010986
-0.384277,-0.218506,0.735596
-0.007324,0.109619,1.008179
0.160522,-0.414917,0.837524
-0.578369,0.131836,0.788940
0.410645,-0.202759,1.015137
-0.286255,-0.263672,0.728149
-0.113525,0.152222,0.974243
0.263916,-0.403076,0.873657
-0.597656,0.086914,0.754883
0.380493,-0.135376,1.033447
-0.193237,-0.346680,0.709961
-0.244873,0.189453,0.937256
0.338379,-0.392090,0.906372
-0.593140,0.033081,0.729980
0.318237,-0.088379,1.015137
-0.117920,-0.362305,0.725830
-0.357544,0.192749,0.884766
0.394043,-0.345093,0.941040
-0.564575,-0.036865,0.709351
0.210815,-0.007324,1.009155
-0.025757,-0.409424,0.752075
-0.455322,0.216919,0.870605
0.414795,-0.256470,0.975464
-0.503174,-0.100830,0.710083
0.088135,0.038452,0.993530
0.077393,-0.412476,0.801025
-0.533203,0.213013,0.836182
0.421143,-0.213867,0.987549
-0.382935,-0.150757,0.739258
-0.015015,0.137085,1.004517
0.172241,-0.414917,0.838867
-0.585571,0.135986,0.783081
0.426025,-0.173340,1.026367
-0.255005,-0.250854,0.736450
-0.132812,0.203247,0.974243
0.277832,-0.397461,0.863647
-0.591919,0.098145,0.747437
0.403564,-0.119263,1.031982
-0.145630,-0.327271,0.742188
-0.232788,0.193726,0.918457
0.339111,-0.360107,0.900269
-0.594849,0.044800,0.719604
0.337158,-0.099609,1.010376
-0.089355,-0.369507,0.729492
-0.324341,0.220703,0.887817
0.390259,-0.309082,0.937378
-0.552246,-0.043091,0.702393
0.217041,-0.033325,0.979980
-0.019653,-0.388184,0.764526
-0.417603,0.199829,0.860962
0.412964,-0.250366,0.963135
-0.488892,-0.094727,0.723511
0.098999,0.063965,1.000488
0.081055,-0.398438,0.798340
-0.513428,0.192749,0.823120
0.443970,-0.221436,0.989990
-0.373047,-0.148560,0.755371
-0.002075,0.113159,0.995361
0.194336,-0.409302,0.857056
-0.574463,0.149902,0.779541
0.421631,-0.143555,1.017334
-0.207764,-0.257935,0.753418
-0.127930,0.179321,0.969971
0.282959,-0.376465,0.895386
-0.590332,0.080322,0.734741
0.395630,-0.127075,1.017944
-0.085938,-0.352905,0.753662
-0.260254,0.208618,0.899902
0.367310,-0.335327,0.918823
-0.549927,0.000000,0.729370
0.278564,-0.044556,0.999023
-0.008789,-0.425049,0.739868
-0.349121,0.181030,0.866333
0.408813,-0.263794,0.954102
-0.504150,-0.035156,0.737793
0.153687,0.035889,1.000977
0.060913,-0.415771,0.786865
-0.466553,0.130859,0.801392
0.443481,-0.225220,0.996948
-0.404297,-0.134644,0.753906
0.023804,0.133789,0.997681
0.162964,-0.406616,0.825439
-0.552002,0.123169,0.769409
0.461792,-0.208984,1.034668
-0.257324,-0.233521,0.763550
-0.102905,0.203735,0.987061
0.264404,-0.409180,0.856201
-0.580933,0.089478,0.750366
0.429810,-0.184082,1.031616
-0.123413,-0.319092,0.787842
-0.170776,0.193237,0.942871
0.328125,-0.347900,0.902222
-0.585449,0.073364,0.737671
0.385742,-0.168213,1.007446
-0.028198,-0.400635,0.788574
-0.264404,0.196533,0.917725
0.380371,-0.316040,0.936768
-0.540894,0.027832,0.739258
0.285278,-0.052490,0.993652
0.021606,-0.420532,0.767090
-0.337280,0.118286,0.844360
0.421021,-0.320435,0.957764
-0.508545,-0.059814,0.736816
0.188599,0.000977,0.995361
0.070801,-0.452026,0.773193
-0.423828,0.129883,0.817505
0.455688,-0.282471,0.992432
-0.460449,-0.092163,0.750854
0.097534,0.060059,1.000732
0.138428,-0.477783,0.799561
-0.491089,0.105103,0.789917
0.457031,-0.264648,1.004150
-0.380859,-0.169189,0.749634
0.009644,0.157349,1.019897
0.226196,-0.453491,0.854004
-0.529907,0.075806,0.761963
0.453735,-0.257202,1.006592
-0.288940,-0.256226,0.759155
-0.067383,0.157104,1.002197
0.287598,-0.434448,0.877319
-0.540649,0.051147,0.741821
0.425171,-0.187012,1.034302
-0.196411,-0.260986,0.781982
-0.139038,0.177490,0.980225
0.341187,-0.460083,0.907593
-0.552856,0.028198,0.753174
0.403687,-0.158936,1.042603
-0.093750,-0.288940,0.809326
-0.223877,0.202881,0.961914
0.379761,-0.420166,0.937256
-0.516113,-0.055420,0.746460
0.346191,-0.140991,1.017578
0.000000,-0.384277,0.798584
-0.279785,0.209351,0.927002
0.424072,-0.360474,0.965942
-0.501709,-0.083252,0.748779
0.277344,-0.098999,1.010620
0.057251,-0.447998,0.808105
-0.332031,0.140015,0.878906
0.455566,-0.341675,0.987549
-0.468872,-0.126831,0.749512
0.201416,-0.011719,1.024292
0.102417,-0.444458,0.804321
-0.391968,0.123047,0.851440
0.475830,-0.299438,1.022583
-0.419067,-0.179932,0.746704
0.114990,0.032959,1.017700
0.182129,-0.468506,0.838501
-0.453979,0.074463,0.797974
0.492432,-0.256714,1.042847
-0.326416,-0.196045,0.767822
0.015015,0.118530,1.034424
0.282593,-0.500610,0.886841
-0.503174,0.021973,0.755615
0.471558,-0.192871,1.077148
-0.227661,-0.221558,0.802368
-0.074097,0.174194,1.039429
0.354248,-0.494629,0.918701
-0.512695,0.028931,0.779297
0.420776,-0.141357,1.066772
-0.109375,-0.286987,0.822754
-0.144287,0.193359,1.029907
0.399780,-0.449341,0.961914
-0.488770,-0.065796,0.765503
0.374023,-0.075195,1.083496
0.022095,-0.377563,0.822632
-0.241455,0.238647,0.997681
0.459717,-0.400024,0.987793
-0.449829,-0.132324,0.763794
0.311646,-0.074829,1.071777
0.087158,-0.404297,0.845459
-0.304321,0.192017,0.950195
0.484985,-0.318237,1.032104
-0.419189,-0.141846,0.784790
0.224976,-0.014282,1.057617
0.162842,-0.425049,0.883545
-0.360229,0.125610,0.898560
0.512207,-0.254395,1.074585
-0.360962,-0.180786,0.783936
0.112061,0.070923,1.048706
0.266846,-0.488403,0.899170
-0.421509,0.034302,0.823608
0.529907,-0.212158,1.118408
-0.277222,-0.210327,0.796875
-0.004517,0.155029,1.049316
0.352295,-0.478027,0.949707
-0.463013,-0.006836,0.807861
0.498535,-0.163696,1.133545
-0.161499,-0.254272,0.848267
-0.086060,0.224976,1.057861
0.415039,-0.426758,0.990845
-0.466675,-0.017822,0.815186
0.452148,-0.110229,1.136108
-0.000366,-0.336426,0.870117
-0.159058,0.227173,1.049194
0.452026,-0.347290,1.023438
-0.458740,-0.065796,0.801880
0.397217,-0.099487,1.125488
0.073730,-0.400146,0.879883
-0.213013,0.212402,1.026123
0.484863,-0.279785,1.071289
-0.419312,-0.088867,0.803833
0.331421,-0.039185,1.125122
0.113281,-0.415527,0.892334
-0.301880,0.164795,0.982178
0.533936,-0.253540,1.123779
-0.382202,-0.121460,0.810669
0.241943,0.024048,1.109009
0.221680,-0.430908,0.937744
-0.356323,0.125488,0.909790
0.552368,-0.231567,1.136475
-0.292969,-0.203369,0.831299
0.131348,0.093750,1.092407
0.298096,-0.435669,0.963135
-0.423096,0.077271,0.860840
0.551636,-0.183472,1.150269
-0.201050,-0.243286,0.862793
0.020264,0.183838,1.108887
0.365723,-0.413208,0.999756
-0.441162,0.028564,0.856934
0.531738,-0.153442,1.168579
-0.106567,-0.278076,0.869263
-0.058105,0.223145,1.096558
0.442139,-0.369507,1.034790
-0.459717,0.000732,0.838135
0.482056,-0.142578,1.156860
-0.000244,-0.354004,0.886841
-0.105835,0.215210,1.086548
0.470337,-0.308716,1.070190
-0.465210,-0.015381,0.820679
0.439941,-0.076416,1.174561
0.039062,-0.371826,0.903809
-0.203125,0.194336,1.054077
0.516602,-0.299683,1.116333
-0.445435,-0.044922,0.816650
0.363037,-0.016113,1.161255
0.113770,-0.387451,0.924194
-0.267578,0.191528,1.026855
0.541504,-0.264038,1.128662
-0.378662,-0.130859,0.816528
0.275757,0.032349,1.140137
0.190796,-0.388306,0.950806
-0.334717,0.131226,0.944580
0.568237,-0.247070,1.149902
-0.321777,-0.183105,0.830200
0.171021,0.090454,1.124634
0.268677,-0.415894,0.968018
-0.390381,0.112427,0.905273
0.565674,-0.204712,1.151978
-0.249512,-0.231201,0.853638
0.072021,0.121582,1.094482
0.347412,-0.402832,0.992798
-0.425293,0.074829,0.866943
0.525146,-0.141113,1.150391
-0.157104,-0.265381,0.872070
-0.017212,0.152954,1.079834
0.382690,-0.383179,1.016602
-0.437866,-0.031860,0.830811
0.512695,-0.123047,1.176880
-0.054565,-0.327393,0.863770
-0.116577,0.199707,1.062012
0.426270,-0.345337,1.029297
-0.434937,-0.056396,0.830566
0.468140,-0.106445,1.172729
-0.032227,-0.333740,0.856689
-0.221313,0.234741,1.041870
0.473755,-0.308105,1.066895
-0.438843,-0.097412,0.809204
0.380005,-0.065186,1.153564
0.021240,-0.338257,0.878662
-0.282959,0.196533,0.979492
0.505371,-0.249512,1.105591
-0.408569,-0.163818,0.781860
0.280640,-0.035767,1.132935
0.115967,-0.416260,0.899292
-0.357056,0.160889,0.931030
0.515259,-0.248047,1.088013
-0.354492,-0.161621,0.807129
0.182007,0.036865,1.099976
0.200928,-0.416870,0.916382
-0.427734,0.119263,0.890747
0.528564,-0.227417,1.117554
-0.323120,-0.214478,0.789429
0.084961,0.129272,1.103516
0.262451,-0.402466,0.923096
-0.462036,0.064453,0.865845
0.519653,-0.217529,1.113159
-0.223755,-0.285645,0.811401
-0.010376,0.143677,1.061279
0.294922,-0.388916,0.937622
-0.476074,0.021729,0.828613
0.504883,-0.207397,1.121582
-0.164429,-0.322876,0.800049
-0.091064,0.145386,1.025879
0.337524,-0.356812,0.957764
-0.498169,-0.008423,0.795532
0.453735,-0.171387,1.113647
-0.134277,-0.350586,0.782104
-0.154175,0.148315,1.010498
0.384399,-0.336182,0.984985
-0.541382,0.018066,0.779297
0.411743,-0.145020,1.115356
-0.082764,-0.370850,0.811401
-0.267212,0.184204,0.983276
0.429932,-0.334473,1.019897
-0.523560,-0.021240,0.766968
0.327881,-0.079834,1.098267
-0.048218,-0.348145,0.821899
-0.317261,0.163940,0.945557
0.455933,-0.312988,1.036621
-0.493408,-0.062500,0.747070
0.134521,0.118408,1.107788
0.033813,-0.380859,0.842651
-0.421265,0.086670,0.877075
0.549316,-0.247681,1.123901
-0.461426,-0.152222,0.740845
0.072632,0.144043,1.097290
0.279663,-0.381470,0.938354
-0.466797,0.073730,0.852905
0.542603,-0.252197,1.115479
-0.198608,-0.306030,0.830933
-0.019897,0.145508,1.064575
0.316406,-0.373535,0.953003
-0.493286,0.032471,0.814087
0.505005,-0.182251,1.143555
-0.135254,-0.350464,0.814087
-0.093140,0.149048,1.048340
0.341431,-0.366577,0.957275
-0.522827,0.014160,0.789917
0.496094,-0.173218,1.148315
-0.105713,-0.359131,0.800537
-0.197510,0.193359,1.016724
0.391968,-0.356079,0.980713
-0.494141,-0.034912,0.789551
0.428223,-0.108154,1.140259
-0.103882,-0.337891,0.807007
-0.252441,0.179321,0.984375
0.433716,-0.324463,1.021118
-0.525879,-0.032837,0.761230
0.370605,-0.104858,1.120972
-0.049683,-0.356567,0.834961
-0.304565,0.149292,0.950684
0.433838,-0.291016,1.033569
-0.510864,-0.068481,0.726562
0.305176,-0.050293,1.109863
0.024292,-0.382568,0.848633
-0.380981,0.188599,0.927246
0.452026,-0.297241,1.029663
-0.475342,-0.114014,0.747070
0.217041,-0.026367,1.068359
0.059326,-0.380493,0.843750
-0.411255,0.169312,0.913818
0.477661,-0.275635,1.060547
-0.457031,-0.154419,0.740356
0.123413,0.048340,1.053101
0.120239,-0.412720,0.865723
-0.473022,0.143188,0.864380
0.472656,-0.261597,1.054565
-0.417847,-0.184082,0.754517
0.043457,0.084473,1.035034
0.182739,-0.421875,0.876587
-0.511719,0.093506,0.828003
0.479736,-0.242676,1.065552
-0.319946,-0.227173,0.776855
-0.049805,0.121704,1.005249
0.226440,-0.411743,0.882935
-0.533936,0.045166,0.791382
0.463867,-0.218140,1.065918
-0.241333,-0.300049,0.751831
-0.122925,0.153809,0.996460
0.287964,-0.400391,0.884033
-0.579224,0.037354,0.747070
0.413330,-0.204346,1.041138
-0.181396,-0.336792,0.758423
-0.204468,0.170898,0.970581
0.331421,-0.352905,0.932129
-0.597900,0.026855,0.733398
0.346558,-0.132202,1.048950
-0.124390,-0.367065,0.765015
-0.290161,0.172729,0.942627
0.359741,-0.321655,0.960449
-0.580933,0.003296,0.731689
0.290771,-0.099731,1.036255
-0.094238,-0.371094,0.769653
-0.373779,0.181030,0.900879
0.401489,-0.316040,0.981445
-0.550415,-0.071777,0.696533
0.188965,-0.001221,1.029175
-0.015625,-0.394897,0.787109
-0.456421,0.168091,0.868530
0.430786,-0.296997,1.013916
-0.520874,-0.117432,0.713989
0.094360,0.088989,1.026855
0.057495,-0.407227,0.801880
-0.525879,0.167847,0.835083
0.433594,-0.273560,1.004517
-0.416504,-0.187866,0.726318
0.011353,0.137451,1.021118
0.136230,-0.407593,0.826294
-0.560181,0.119019,0.799438
0.430176,-0.253174,1.016846
-0.339478,-0.253906,0.728760
-0.053955,0.163452,0.992676
0.191650,-0.386963,0.851318
-0.594604,0.079102,0.754028
0.443726,-0.222778,1.040649
-0.263550,-0.316162,0.708984
-0.129272,0.170410,0.965210
0.244385,-0.360840,0.868896
-0.610596,0.074097,0.742310
0.422363,-0.228760,1.026001
-0.204712,-0.376465,0.723267
-0.187866,0.163818,0.946899
0.279663,-0.336914,0.879150
-0.614502,0.094727,0.727539
0.387817,-0.189453,1.021851
-0.159180,-0.371582,0.740601
-0.256836,0.156982,0.916870
0.332520,-0.334106,0.913574
-0.616699,0.071045,0.727783
0.313965,-0.136108,1.008667
-0.114990,-0.396362,0.733887
-0.319458,0.186768,0.907959
0.372070,-0.332764,0.926147
-0.589355,0.071777,0.734131
0.237061,-0.034546,0.983032
-0.061646,-0.400879,0.748291
-0.386597,0.157593,0.871216
0.403198,-0.311279,0.960205
-0.555054,-0.024902,0.689819
0.158569,0.056885,0.997437
-0.017334,-0.375122,0.757202
-0.448242,0.178101,0.867310
0.431519,-0.304688,0.971313
-0.523071,-0.066406,0.714722
0.087524,0.106445,1.005493
0.045410,-0.379150,0.789673
-0.505859,0.193481,0.837524
0.438843,-0.270874,0.995605
-0.456665,-0.113892,0.727905
0.034180,0.173096,1.013428
0.114380,-0.397217,0.798584
-0.541992,0.181519,0.832153
0.439087,-0.228882,1.006348
-0.379028,-0.163940,0.735596
-0.024170,0.186646,1.004395
0.171021,-0.391113,0.836548
-0.588135,0.118652,0.788696
0.446045,-0.211792,1.025024
-0.290649,-0.234375,0.731689
-0.081665,0.207520,0.979248
0.241943,-0.371826,0.865601
-0.610718,0.115479,0.761353
0.441528,-0.199707,1.035400
-0.229126,-0.297729,0.731079
-0.125854,0.188599,0.950806
0.302368,-0.358276,0.888550
-0.616943,0.154297,0.767212
0.404785,-0.177246,1.004272
-0.151489,-0.352051,0.748169
-0.191040,0.170044,0.918701
0.333984,-0.339722,0.903687
-0.597168,0.123901,0.754883
0.368652,-0.104248,1.011597
-0.112915,-0.353394,0.731689
-0.253296,0.171875,0.895386
0.370361,-0.331421,0.924561
-0.572632,0.063110,0.735840
0.329468,-0.042847,1.020996
-0.090576,-0.367554,0.716187
-0.294434,0.174561,0.871948
0.405273,-0.339844,0.947266
-0.591553,-0.008667,0.710693
0.277344,-0.059937,0.996094
-0.028931,-0.382690,0.749878
-0.366577,0.205566,0.859131
0.431030,-0.319214,0.968384
-0.539795,-0.063599,0.720337
0.191406,-0.009888,0.984619
-0.011597,-0.395874,0.754272
-0.413208,0.204834,0.849243
0.459961,-0.297729,0.973755
-0.477417,-0.071411,0.761841
0.096924,0.053589,0.975586
0.057495,-0.406006,0.774902
-0.469849,0.177246,0.831177
0.466797,-0.263672,0.992188
-0.405029,-0.104736,0.770996
0.026001,0.146973,0.997314
0.143799,-0.401978,0.810791
-0.522217,0.119873,0.780273
0.444214,-0.208252,1.031372
-0.319336,-0.199585,0.755493
-0.011597,0.179443,1.019897
0.208618,-0.378052,0.833130
-0.600464,0.140137,0.760864
0.480469,-0.274780,1.024536
-0.205444,-0.274048,0.789551
-0.114868,0.215454,0.978027
0.269897,-0.342529,0.874390
-0.610718,0.136597,0.725220
0.426758,-0.197266,1.022827
-0.098511,-0.360107,0.786377
-0.151611,0.186768,0.954346
0.304810,-0.323608,0.893921
-0.597412,0.104126,0.744629
0.402466,-0.198486,0.995361
-0.061279,-0.351929,0.791748
-0.218506,0.155151,0.895142
0.358032,-0.280518,0.940308
-0.576172,0.062866,0.740356
0.355103,-0.162964,0.987305
-0.032593,-0.400024,0.778564
-0.255249,0.127441,0.876831
0.385620,-0.282104,0.956421
-0.546509,0.028564,0.744995
0.288452,-0.079712,0.981934
0.017334,-0.425171,0.771240
-0.315430,0.128540,0.857300
0.416992,-0.330322,0.950928
-0.535889,-0.038818,0.727905
0.231445,-0.041016,0.985596
0.064819,-0.443359,0.773926
-0.372192,0.138794,0.832642
0.434326,-0.289795,0.982910
-0.494873,-0.116943,0.721313
0.168457,-0.002197,1.000122
0.080200,-0.470337,0.769897
-0.406616,0.132080,0.821533
0.454346,-0.282959,0.987061
-0.460815,-0.116943,0.737061
0.098755,0.048706,0.996338
0.127197,-0.462524,0.796997
-0.464478,0.099854,0.778442
0.486572,-0.278320,1.019531
-0.398438,-0.167480,0.735962
0.011475,0.105103,0.983643
0.199097,-0.478271,0.817261
-0.495605,0.070068,0.764648
0.474243,-0.244019,1.023682
-0.323242,-0.195679,0.761108
-0.056030,0.155151,0.999268
0.256958,-0.479492,0.853394
-0.532715,0.038940,0.739868
0.463867,-0.244751,1.033325
-0.218506,-0.243652,0.804077
-0.131958,0.196411,0.985596
0.291138,-0.421509,0.883667
-0.532715,0.045898,0.753906
0.431519,-0.200195,1.041626
-0.145508,-0.296143,0.808960
-0.182007,0.174683,0.956909
0.356934,-0.442505,0.916016
-0.544556,-0.002319,0.738770
0.374146,-0.134033,1.037842
-0.027710,-0.373901,0.809814
-0.240479,0.191040,0.960449
0.403564,-0.401489,0.956909
-0.521973,-0.066040,0.736816
0.311157,-0.081421,1.030396
0.047363,-0.416748,0.800171
-0.305542,0.183594,0.915283
0.453369,-0.374756,0.978027
-0.488037,-0.138306,0.738281
0.223389,-0.057007,1.018799
0.085205,-0.436279,0.807007
-0.374390,0.133667,0.859375
0.481323,-0.288818,1.023193
-0.426880,-0.119263,0.772461
0.108765,0.044067,1.010498
0.173950,-0.485352,0.845093
-0.443848,0.046143,0.816162
0.499634,-0.279663,1.055908
-0.351196,-0.199951,0.764893
0.018677,0.164917,1.037720
0.255127,-0.421875,0.886230
-0.475586,0.007446,0.775879
0.486328,-0.286011,1.052734
-0.235352,-0.312012,0.777588
-0.058105,0.199341,1.037964
0.309326,-0.394897,0.921997
-0.511108,0.052002,0.789917
0.465210,-0.236694,1.074463
-0.139771,-0.296753,0.835571
-0.125977,0.188477,1.017334
0.363037,-0.404175,0.960205
-0.485840,-0.009644,0.783691
0.413208,-0.137451,1.077393
-0.056030,-0.322144,0.843994
-0.183472,0.188965,1.003174
0.405151,-0.399902,0.981445
-0.472046,-0.093262,0.769531
0.380615,-0.078613,1.090576
0.028809,-0.367920,0.837402
-0.229858,0.215942,0.996948
0.456177,-0.373291,1.004150
-0.467773,-0.109619,0.769653
0.331665,-0.072998,1.072754
0.065308,-0.400024,0.846069
-0.280884,0.153198,0.941895
0.493774,-0.299072,1.047729
-0.428467,-0.103027,0.801147
0.253906,-0.017944,1.071045
0.135010,-0.441040,0.859009
-0.347900,0.125366,0.908325
0.529297,-0.276733,1.087769
-0.392578,-0.148804,0.781128
0.157837,0.032471,1.047119
0.241577,-0.469116,0.912720
-0.413696,0.095825,0.858276
0.534180,-0.260376,1.096924
-0.315796,-0.199951,0.797363
0.078125,0.125244,1.062134
0.312500,-0.478394,0.940552
-0.434570,0.039795,0.835815
0.501343,-0.188477,1.118164
-0.225098,-0.235474,0.823853
-0.002563,0.205688,1.086304
0.370361,-0.451172,0.962891
-0.461182,0.031372,0.828369
0.497437,-0.171753,1.125977
-0.137695,-0.275146,0.855835
-0.077759,0.207886,1.057739
0.408447,-0.388550,1.001953
-0.459961,-0.020264,0.816650
0.463135,-0.130493,1.145752
-0.028076,-0.319702,0.875610
-0.131226,0.209351,1.040649
0.457764,-0.343018,1.045532
-0.457520,-0.030640,0.814697
0.416504,-0.119263,1.134888
0.039185,-0.432373,0.869141
-0.163330,0.167236,1.036865
0.500000,-0.310791,1.073120
-0.437744,-0.008667,0.811035
0.359131,-0.039673,1.121704
0.091187,-0.391602,0.918823
-0.248901,0.144531,1.017212
0.535767,-0.275269,1.131836
-0.410400,-0.076782,0.806030
0.298218,0.028564,1.133179
0.147827,-0.413818,0.904419
-0.308716,0.161621,0.978027
0.565918,-0.273682,1.138184
-0.368652,-0.159180,0.820923
0.235352,0.031982,1.111084
0.210938,-0.416138,0.931885
-0.350464,0.119263,0.911133
0.581299,-0.229858,1.156494
-0.303711,-0.190308,0.845337
0.150757,0.081787,1.108032
0.277222,-0.434204,0.963745
-0.408691,0.090576,0.889404
0.569702,-0.205811,1.155762
-0.236694,-0.209595,0.855591
0.049561,0.171143,1.105713
0.370239,-0.421265,1.006104
-0.432861,0.020020,0.853271
0.527832,-0.162476,1.157593
-0.140015,-0.236450,0.867920
-0.024170,0.231323,1.103027
0.425171,-0.381104,1.024902
-0.453247,-0.021851,0.841064
0.493286,-0.114014,1.176758
0.004272,-0.349731,0.887939
-0.098267,0.213013,1.078003
0.446411,-0.308228,1.043091
-0.464844,-0.028564,0.834106
0.451660,-0.120972,1.169556
0.029053,-0.365479,0.894165
-0.189209,0.228882,1.066284
0.495728,-0.259277,1.101685
-0.431763,-0.065796,0.817993
0.372925,-0.056641,1.154175
0.108032,-0.399658,0.926636
-0.273560,0.187256,1.014404
0.545898,-0.274902,1.126953
-0.379272,-0.118774,0.812500
0.265381,0.052612,1.151367
0.200073,-0.414917,0.935303
-0.351562,0.120605,0.946655
0.568726,-0.243042,1.156860
-0.302124,-0.209839,0.826904
0.149292,0.122192,1.124756
0.260376,-0.402466,0.954346
-0.402344,0.059204,0.890503
0.583374,-0.244751,1.169067
-0.243652,-0.238525,0.853394
0.043335,0.170166,1.098755
0.309326,-0.364990,0.969238
-0.433105,0.024414,0.850952
0.572998,-0.236084,1.159668
-0.118408,-0.308716,0.878662
-0.029053,0.178589,1.084106
0.339600,-0.321777,0.974487
-0.459839,0.019043,0.816895
0.526611,-0.202515,1.153809
-0.064697,-0.362671,0.869141
-0.097046,0.164429,1.077271
0.406860,-0.350342,1.015747
-0.468262,-0.017456,0.805054
0.461792,-0.091919,1.168701
-0.024658,-0.327515,0.859863
-0.193237,0.216797,1.047363
0.453735,-0.316528,1.055908
-0.453857,-0.080078,0.805176
0.398682,-0.078613,1.152100
0.006226,-0.321167,0.875000
-0.272339,0.214355,1.008179
0.499878,-0.298950,1.081665
-0.432739,-0.124146,0.788818
0.317749,-0.036865,1.141602
0.089600,-0.361816,0.884888
-0.344482,0.197876,0.946777
0.519897,-0.271484,1.087769
-0.394043,-0.163208,0.788208
0.211182,-0.003540,1.108154
0.180298,-0.395386,0.930176
-0.429932,0.153931,0.907593
0.524536,-0.230225,1.106201
-0.332275,-0.213623,0.802856
0.097412,0.074829,1.078003
0.242798,-0.398193,0.934692
-0.468262,0.093384,0.859375
0.509766,-0.188965,1.121338
-0.237305,-0.283813,0.808838
0.012939,0.115845,1.064819
0.291382,-0.392700,0.936035
-0.495117,0.041748,0.820068
0.494873,-0.175171,1.121338
-0.169189,-0.325928,0.797852
-0.074585,0.139771,1.048096
0.347046,-0.382202,0.951172
-0.520142,0.031616,0.806030
0.461182,-0.152588,1.116821
-0.125122,-0.342163,0.781250
-0.194580,0.203247,1.024292
0.410278,-0.349487,0.993408
-0.516235,-0.025269,0.799683
0.379517,-0.116333,1.106201
-0.094604,-0.317993,0.806763
-0.262207,0.142700,0.956909
0.445923,-0.311035,1.033691
-0.523804,-0.044067,0.752563
0.302734,-0.076538,1.096069
-0.004761,-0.366455,0.844360
-0.350342,0.158691,0.934082
0.469971,-0.312134,1.043701
-0.469971,-0.098633,0.756958
0.204224,0.012939,1.075562
0.081665,-0.388428,0.858154
-0.446411,0.158936,0.887451
0.484375,-0.287354,1.054810
-0.422974,-0.169800,0.767090
0.088135,0.063232,1.043945
0.172363,-0.405884,0.885620
-0.491821,0.107422,0.836304
0.469849,-0.224365,1.059814
-0.304443,-0.235840,0.790894
-0.015991,0.082520,1.014771
0.243896,-0.406006,0.902222
-0.535400,0.029907,0.775024
0.453979,-0.191895,1.077271
-0.200928,-0.325195,0.741821
-0.165405,0.188599,0.992310
0.325317,-0.339722,0.940430
-0.560303,-0.051880,0.729370
0.393433,-0.164062,1.076172
-0.134644,-0.353394,0.756592
-0.275635,0.181885,0.959717
0.393921,-0.312988,0.979736
-0.557251,-0.013184,0.745239
0.248413,-0.061890,1.049438
-0.019043,-0.419678,0.794678
-0.392822,0.159790,0.901489
0.409790,-0.277832,1.019897
-0.488892,-0.097046,0.743896
0.127930,0.054565,1.042114
0.055542,-0.369995,0.828979
-0.495483,0.101318,0.843262
0.461670,-0.288330,1.038818
-0.363647,-0.214355,0.751831
-0.006836,0.158447,1.013306
0.169800,-0.373291,0.857910
-0.568359,0.066162,0.775269
0.448853,-0.260620,1.033447
-0.246460,-0.350464,0.724487
-0.094971,0.157227,0.980225
0.232178,-0.357056,0.859009
-0.594604,0.063232,0.738281
0.418335,-0.233643,1.025635
-0.182007,-0.419556,0.723755
-0.191284,0.136353,0.951660
0.285278,-0.309814,0.901367
-0.609619,0.030396,0.712036
0.375122,-0.200073,1.038086
-0.148315,-0.408447,0.739990
-0.309082,0.154663,0.910889
0.367188,-0.318115,0.948853
-0.591187,0.008667,0.705811
0.253662,-0.071167,1.024902
-0.055664,-0.412964,0.775513
-0.409790,0.138306,0.874268
0.403076,-0.318970,0.977905
-0.542236,-0.047485,0.713501
0.155396,0.021851,1.013916
0.008667,-0.396851,0.797363
-0.486450,0.187012,0.852051
0.403687,-0.272217,0.980835
-0.472168,-0.136841,0.724731
0.068481,0.096436,1.021362
0.091675,-0.401489,0.813110
-0.556641,0.174561,0.817749
0.422485,-0.256592,0.995605
-0.368774,-0.195190,0.741943
-0.011230,0.158203,1.016479
0.180420,-0.406616,0.836426
-0.610962,0.124146,0.766113
0.422729,-0.247681,1.002075
-0.271118,-0.311279,0.712891
-0.096313,0.178345,0.978760
0.249634,-0.370361,0.862305
-0.615356,0.123657,0.752197
0.391235,-0.170654,1.015869
-0.202026,-0.330444,0.727539
-0.202271,0.161987,0.950073
0.312012,-0.395630,0.896973
-0.617310,0.068726,0.733398
0.343140,-0.102417,1.016846
-0.130859,-0.373413,0.716431
-0.305420,0.215576,0.916870
0.347046,-0.340942,0.918335
-0.588867,0.021484,0.728760
0.267334,-0.114380,0.981567
-0.076660,-0.404785,0.757324
-0.386108,0.199219,0.871460
0.377930,-0.268066,0.956543
-0.542969,-0.016724,0.710693
0.175903,-0.019043,0.987671
0.001465,-0.394653,0.790283
-0.483032,0.181519,0.833130
0.404297,-0.245972,0.969727
-0.484863,-0.074219,0.712891
0.080811,0.099731,1.006714
0.110474,-0.401855,0.824707
-0.551025,0.177002,0.808350
0.407715,-0.213501,0.988892
-0.377930,-0.165039,0.730591
0.007446,0.164551,1.010132
0.192505,-0.398071,0.856689
-0.607422,0.147461,0.791260
0.409546,-0.185059,1.013062
-0.280884,-0.277100,0.708862
-0.083130,0.196411,0.987305
0.263550,-0.367432,0.880005
-0.611694,0.114624,0.761963
0.399780,-0.180664,1.010010
-0.197266,-0.319092,0.724976
-0.171997,0.184814,0.944092
0.321777,-0.360107,0.907837
-0.614624,0.093262,0.747681
0.373291,-0.139038,1.020996
-0.139526,-0.373779,0.727295
-0.241089,0.163574,0.895264
0.354004,-0.319580,0.922363
-0.595703,0.087158,0.731201
0.321167,-0.097412,1.007202
-0.094727,-0.388306,0.729858
-0.308716,0.164917,0.882568
0.394653,-0.320923,0.930298
-0.572876,0.047607,0.731445
0.251587,-0.034912,0.983032
-0.039551,-0.392700,0.751343
-0.390137,0.170044,0.841553
0.411011,-0.277222,0.962524
-0.542480,-0.016113,0.708740
0.186157,0.017212,1.001709
0.025269,-0.387207,0.799194
-0.460938,0.195435,0.828247
0.421387,-0.242554,0.970459
-0.464966,-0.070068,0.758057
0.086304,0.082520,1.014282
0.093262,-0.408325,0.805298
-0.504883,0.180664,0.806396
0.434937,-0.181519,1.001953
-0.369995,-0.118774,0.767944
0.017944,0.148926,1.015503
0.165771,-0.413452,0.829956
-0.575317,0.139160,0.768066
0.446777,-0.205444,1.011353
-0.267212,-0.208740,0.760010
-0.090942,0.221069,0.993896
0.251587,-0.389648,0.869995
-0.592285,0.094360,0.755981
0.433960,-0.182129,1.026733
-0.153809,-0.275024,0.765625
-0.173340,0.221313,0.940674
0.320068,-0.343628,0.888550
-0.591431,0.052734,0.740723
0.379150,-0.148804,1.020752
-0.073730,-0.376831,0.760864
-0.257812,0.201904,0.900391
0.382446,-0.323853,0.923584
-0.584229,0.057495,0.726318
0.272461,-0.059814,0.979370
0.009888,-0.424072,0.775635
-0.327759,0.139160,0.861206
0.411621,-0.280762,0.954346
-0.557129,0.020386,0.711792
0.200684,0.021484,1.002563
0.029541,-0.414307,0.771606
-0.422241,0.144897,0.829102
0.441284,-0.272705,0.976196
-0.478394,-0.056030,0.737549
0.104126,0.138672,1.020020
0.093628,-0.418945,0.783325
-0.490234,0.154541,0.812134
0.464355,-0.276489,0.987061
-0.423340,-0.097046,0.755493
0.050537,0.147217,1.001099
0.167358,-0.394165,0.830933
-0.562012,0.149536,0.780029
0.471680,-0.264404,1.004028
-0.320068,-0.177612,0.778076
-0.048584,0.180298,0.997681
0.225220,-0.391357,0.874390
-0.567139,0.087524,0.738647
0.449829,-0.189575,1.027954
-0.231201,-0.223511,0.780396
-0.125244,0.195679,0.976196
0.296631,-0.438354,0.872925
-0.581909,0.069702,0.754028
0.412720,-0.163086,1.022949
-0.120483,-0.300537,0.782471
-0.202881,0.216675,0.934814
0.338623,-0.332031,0.920288
-0.558228,0.017700,0.754761
0.369507,-0.162964,1.019287
-0.052856,-0.383423,0.791138
-0.234741,0.163940,0.892090
0.351074,-0.284302,0.926147
-0.544189,0.014771,0.741821
0.322510,-0.099487,1.013062
-0.016846,-0.407471,0.776855
-0.307129,0.123047,0.847046
0.417603,-0.305176,0.962280
-0.520020,-0.009155,0.739014
0.198608,-0.002197,0.980835
0.023193,-0.433228,0.765869
-0.352295,0.041016,0.822876
0.459839,-0.308594,0.987915
-0.490967,-0.032593,0.749390
0.109375,0.113770,1.002808
0.091309,-0.414551,0.792725
-0.433350,0.083740,0.802124
0.472168,-0.310669,0.992798
-0.434204,-0.105591,0.746826
0.049438,0.162354,1.018555
0.164429,-0.427124,0.823120
-0.511841,0.048462,0.763672
0.483765,-0.297363,1.010986
-0.340088,-0.188354,0.760010
-0.018433,0.225952,1.023804
0.217773,-0.381714,0.849243
-0.545654,0.038940,0.734131
0.477905,-0.308838,1.020508
-0.244507,-0.249878,0.792725
-0.089844,0.230225,1.002197
0.269287,-0.374390,0.870361
-0.542847,0.067749,0.759399
0.438477,-0.252563,1.025513
-0.176392,-0.314453,0.794189
-0.138062,0.178955,0.977783
0.317383,-0.399658,0.907715
-0.550049,0.047607,0.755371
0.416504,-0.192749,1.038330
-0.102173,-0.313721,0.803101
-0.208374,0.187988,0.962402
0.366943,-0.409424,0.930786
-0.526489,-0.006714,0.747192
0.362183,-0.124634,1.027344
-0.020874,-0.361206,0.796509
-0.273682,0.197998,0.927124
0.401733,-0.395508,0.938721
-0.501953,-0.088501,0.739380
0.309937,-0.119995,1.015381
0.031616,-0.435303,0.796509
-0.313110,0.181763,0.901733
0.450806,-0.262085,0.976440
-0.466919,-0.061890,0.750366
0.097900,0.060669,0.998291
0.131592,-0.462158,0.810425
-0.478638,0.099243,0.786011
0.455566,-0.239502,0.995972
-0.386597,-0.164917,0.736694
-0.000854,0.159790,1.005371
0.218018,-0.443726,0.843140
-0.531006,0.077393,0.758545
0.450073,-0.250000,1.004272
-0.266968,-0.229126,0.773804
-0.095825,0.200439,0.986694
0.277466,-0.413574,0.877930
-0.561401,0.022583,0.730835
0.426025,-0.202271,1.031494
-0.147827,-0.299194,0.791016
-0.170898,0.218018,0.962769
0.327148,-0.389038,0.902466
-0.551270,0.033081,0.747437
0.396240,-0.182739,1.021729
-0.058105,-0.371948,0.804688
-0.261475,0.196899,0.923950
0.389160,-0.346680,0.944946
-0.528320,-0.008423,0.752319
0.309204,-0.107666,0.998291
0.037109,-0.447510,0.795288
-0.306152,0.150024,0.877563
0.405273,-0.284912,0.965454
-0.518188,-0.062500,0.729004
0.220581,-0.061401,0.992188
0.086182,-0.469971,0.800049
-0.374146,0.098755,0.837158
0.458984,-0.288452,0.993286
-0.472656,-0.061035,0.741333
0.119263,0.086182,1.022705
0.134155,-0.431763,0.823486
-0.441772,0.052490,0.807251
0.481934,-0.323364,1.005127
-0.385376,-0.145142,0.759521
0.006104,0.173828,1.007446
0.210449,-0.413696,0.848999
-0.501221,0.016724,0.745361
0.477539,-0.305176,1.031982
-0.268677,-0.275146,0.780029
-0.067383,0.237183,1.025635
0.244873,-0.368286,0.871826
-0.515869,0.003174,0.747314
0.463257,-0.304443,1.028809
-0.201172,-0.318359,0.787598
-0.100586,0.235474,1.020386
0.290771,-0.362793,0.895996
-0.536987,0.038086,0.755737
0.443481,-0.283325,1.034424
-0.113525,-0.394775,0.811035
-0.126831,0.169678,0.998169
0.330811,-0.353638,0.931519
-0.550903,0.068726,0.751587
0.418579,-0.200439,1.057495
-0.047485,-0.367676,0.829468
-0.182739,0.147949,0.979858
0.372681,-0.389282,0.946411
-0.527954,0.001587,0.751343
0.380493,-0.135864,1.051025
0.016113,-0.418823,0.810669
-0.259277,0.218750,0.962891
0.404419,-0.384399,0.972534
-0.494507,-0.094360,0.745850
0.336792,-0.114258,1.045654
0.035645,-0.413086,0.806885
-0.282593,0.179810,0.935425
0.448853,-0.364990,0.984985
-0.479736,-0.118042,0.750488
0.280396,-0.067993,1.049805
0.083862,-0.442627,0.815308
-0.325562,0.166870,0.912109
0.483154,-0.325806,1.021973
-0.455444,-0.125366,0.759766
0.200439,-0.035889,1.026367
0.115967,-0.473267,0.823730
-0.352173,0.103760,0.866577
0.516113,-0.285278,1.049927
-0.416016,-0.094727,0.774536
0.111450,0.052002,1.019775
0.193115,-0.496582,0.846802
-0.417114,0.025146,0.809448
0.503906,-0.256714,1.070679
-0.334473,-0.196899,0.781250
0.041382,0.150269,1.048218
0.268188,-0.472046,0.884033
-0.470825,0.023560,0.793945
0.491577,-0.239868,1.086670
-0.229614,-0.230225,0.820679
-0.049072,0.186401,1.038086
0.329712,-0.436035,0.925293
-0.510986,-0.003906,0.780640
0.457031,-0.205688,1.111938
-0.124756,-0.334351,0.813232
-0.102905,0.213867,1.030396
0.381470,-0.376465,0.968872
-0.499878,0.024780,0.796387
0.431274,-0.192627,1.091431
-0.020508,-0.400146,0.837036
-0.177612,0.183838,1.002075
0.429932,-0.347900,1.004272
-0.474365,-0.041138,0.780518
0.369263,-0.112183,1.088135
0.070679,-0.430908,0.856079
-0.263062,0.199951,0.985840
0.472900,-0.317505,1.033936
-0.431519,-0.093628,0.778198
0.297974,-0.033569,1.084473
0.098633,-0.441040,0.869019
-0.311035,0.142334,0.957153
0.506104,-0.308350,1.064087
-0.388672,-0.126709,0.795654
0.208008,0.061523,1.095947
0.200928,-0.451416,0.915527
-0.396606,0.097778,0.890747
0.545532,-0.271973,1.104004
-0.321655,-0.227539,0.794067
0.110474,0.130371,1.089844
0.268799,-0.420166,0.934448
-0.411011,0.043457,0.843140
0.524414,-0.246582,1.118774
-0.265137,-0.247925,0.813477
0.033569,0.130005,1.065430
0.359985,-0.450562,0.970947
-0.447754,0.050903,0.821167
0.496704,-0.149780,1.125122
-0.156372,-0.247559,0.846924
-0.053345,0.215942,1.082275
0.421021,-0.417969,1.004639
-0.475830,-0.009277,0.814697
0.473633,-0.123169,1.136963
-0.028809,-0.322998,0.867188
-0.122314,0.214233,1.063354
0.446167,-0.319702,1.042725
-0.460815,-0.044434,0.812988
0.432251,-0.112305,1.138184
0.052490,-0.405884,0.877930
-0.213989,0.214966,1.029297
0.493530,-0.291016,1.068848
-0.430176,-0.054321,0.805420
0.348022,-0.066162,1.113647
0.117676,-0.435059,0.910645
-0.300903,0.178833,0.989990
0.537109,-0.268921,1.116089
-0.387207,-0.121704,0.799927
0.262573,0.048340,1.127319
0.183472,-0.413574,0.934448
-0.352173,0.108032,0.949707
0.578857,-0.279907,1.149902
-0.328125,-0.211548,0.811157
0.151611,0.140625,1.118774
0.274658,-0.426392,0.943115
-0.377930,0.061157,0.883179
0.564453,-0.233643,1.151245
-0.259888,-0.243042,0.837524
0.085815,0.146484,1.097778
0.332764,-0.406250,0.982544
-0.429321,0.062378,0.852661
0.547729,-0.198120,1.148193
-0.182983,-0.241089,0.870483
0.012939,0.193726,1.098633
0.388184,-0.397339,1.002686
-0.445435,0.036987,0.857666
0.522705,-0.135254,1.164062
-0.104126,-0.255005,0.881958
-0.054443,0.200806,1.097778
0.437622,-0.370972,1.029785
-0.458862,0.003662,0.831787
0.491089,-0.094360,1.177124
0.019775,-0.351685,0.897339
-0.137695,0.221191,1.072510
0.469482,-0.317871,1.070312
-0.437622,-0.057739,0.812622
0.436523,-0.080566,1.176270
0.040161,-0.332031,0.904175
-0.222290,0.249512,1.061035
0.521484,-0.291626,1.112915
-0.429810,-0.109985,0.805542
0.350830,-0.052124,1.149170
0.132935,-0.359619,0.935425
-0.290161,0.206055,0.991211
0.545288,-0.232788,1.131104
-0.352051,-0.193359,0.815918
0.234131,0.017578,1.125366
0.218262,-0.414673,0.957520
-0.356445,0.131470,0.920532
0.577148,-0.225708,1.147339
-0.295044,-0.193604,0.828613
0.120361,0.096069,1.101440
0.317871,-0.421021,0.988525
-0.411499,0.086426,0.900269
0.550171,-0.178711,1.159058
-0.209717,-0.235596,0.852539
0.023926,0.162354,1.093872
0.367065,-0.369263,1.010254
-0.426514,0.015991,0.870850
0.530884,-0.171143,1.177979
-0.066528,-0.321289,0.879761
-0.089844,0.224365,1.085327
0.413452,-0.328125,1.023926
-0.432129,-0.065430,0.833374
0.480957,-0.122070,1.184082
-0.008911,-0.346924,0.883789
-0.173950,0.239136,1.059814
0.462891,-0.294189,1.056519
-0.436523,-0.047974,0.824829
0.415039,-0.086792,1.161499
0.054688,-0.369751,0.909058
-0.258545,0.185303,1.002808
0.509399,-0.257202,1.109009
-0.397827,-0.111694,0.793579
0.302612,0.003418,1.156372
0.168579,-0.420044,0.923828
-0.330566,0.148804,0.958252
0.537231,-0.236572,1.130859
-0.359497,-0.166138,0.801025
0.174316,0.088379,1.121094
0.264038,-0.415283,0.958618
-0.402832,0.096802,0.890991
0.543457,-0.216309,1.141113
-0.272339,-0.216187,0.824707
0.062744,0.134399,1.082397
0.325195,-0.380249,0.981079
-0.431641,0.037598,0.873047
0.544556,-0.187500,1.150146
-0.129272,-0.322144,0.843384
-0.047485,0.175781,1.064087
0.361450,-0.343140,0.985596
-0.436157,-0.023071,0.823975
0.498779,-0.160767,1.158936
-0.105957,-0.343994,0.822998
-0.108154,0.170044,1.056519
0.411865,-0.303711,1.031250
-0.487671,-0.027832,0.799683
0.447998,-0.134766,1.163086
-0.036865,-0.408691,0.838379
-0.229980,0.193726,1.020874
0.465942,-0.300903,1.073853
-0.456421,-0.056396,0.811035
0.368164,-0.050903,1.150513
0.013550,-0.338745,0.877808
-0.283569,0.162598,0.968628
0.502197,-0.284790,1.086060
-0.444458,-0.135620,0.779907
0.284546,-0.050659,1.128174
0.118530,-0.411865,0.885498
-0.365112,0.192871,0.944580
0.512207,-0.266113,1.082764
-0.370117,-0.159546,0.795898
0.183472,0.035034,1.103516
0.177490,-0.437744,0.902832
-0.423462,0.098633,0.880493
0.518555,-0.225586,1.108398
-0.330566,-0.186157,0.786743
0.090820,0.114136,1.075195
0.248657,-0.414917,0.922485
-0.483276,0.080811,0.851685
0.515015,-0.213989,1.111328
-0.209717,-0.300537,0.808472
-0.005493,0.135498,1.052734
0.275513,-0.353516,0.929565
-0.469849,0.023438,0.819336
0.499756,-0.221069,1.100586
-0.173950,-0.319458,0.801392
-0.089722,0.132935,1.018799
0.351074,-0.362305,0.965942
-0.494995,-0.017822,0.784424
0.458862,-0.152466,1.125854
-0.120972,-0.338501,0.793579
-0.196533,0.161621,1.000122
0.405884,-0.334229,1.005493
-0.529053,-0.034668,0.765991
0.394531,-0.125488,1.119629
-0.063599,-0.347900,0.818115
-0.291992,0.215942,0.978149
0.457764,-0.311768,1.029175
-0.491943,-0.061768,0.772461
0.280151,-0.060913,1.095093
0.009033,-0.414917,0.815186
-0.355713,0.154419,0.920288
0.472168,-0.257935,1.065674
-0.427734,-0.156372,0.760254
0.177246,0.034302,1.079468
0.119385,-0.390503,0.875610
-0.481812,0.111816,0.838257
0.491089,-0.278931,1.072632
-0.344971,-0.253296,0.773682
0.052612,0.119141,1.061401
0.194946,-0.383423,0.887329
-0.516724,0.106079,0.812988
0.484497,-0.246704,1.062256
-0.260864,-0.309204,0.763306
-0.027222,0.100586,1.023682
0.242065,-0.369507,0.898071
-0.548950,0.055542,0.786499
0.477417,-0.219971,1.083740
-0.185059,-0.337646,0.764526
-0.154785,0.147583,0.982544
0.304688,-0.347412,0.920776
-0.537354,0.011475,0.770264
0.427124,-0.205811,1.076172
-0.155273,-0.390381,0.759277
-0.225220,0.137451,0.953369
0.356079,-0.326538,0.966553
-0.561890,-0.010986,0.737671
0.334961,-0.079590,1.087036
-0.105713,-0.340576,0.799561
-0.299683,0.175293,0.955322
0.411377,-0.344360,0.992676
-0.560425,-0.008423,0.749146
0.277710,-0.080078,1.055542
-0.050293,-0.372925,0.802734
-0.371460,0.154419,0.898193
0.434570,-0.295166,1.028564
-0.498535,-0.095337,0.725098
0.168823,0.028320,1.059204
0.023682,-0.387451,0.827759
-0.460693,0.151001,0.870361
0.473633,-0.302490,1.031494
-0.449951,-0.142334,0.737183
0.052002,0.138794,1.036743
0.120361,-0.380249,0.859009
-0.524170,0.082153,0.814697
0.459717,-0.277466,1.034546
-0.349609,-0.250732,0.739990
0.005005,0.164551,1.047485
0.179565,-0.404785,0.839600
-0.574707,0.112427,0.783325
0.450928,-0.258789,1.019287
-0.271851,-0.302612,0.740601
-0.076050,0.135498,1.008301
0.237671,-0.414551,0.857666
-0.584106,0.099365,0.778442
0.426270,-0.203247,1.040649
-0.221436,-0.321655,0.742554
-0.165039,0.151978,0.983521
0.306152,-0.395386,0.907715
-0.585327,0.058350,0.754517
0.376953,-0.153809,1.035645
-0.191650,-0.353516,0.722900
-0.248169,0.161621,0.944702
0.344116,-0.371582,0.926880
-0.583252,0.024780,0.747192
0.331787,-0.114746,1.045532
-0.151611,-0.319092,0.756836
-0.337524,0.189575,0.925537
0.393799,-0.373413,0.949219
-0.574341,-0.032959,0.726074
0.241089,-0.059204,1.030762
-0.067749,-0.381836,0.772461
-0.433105,0.193237,0.874146
0.416138,-0.317017,0.985596
-0.533447,-0.104370,0.719360
0.139282,0.010376,1.022339
0.013550,-0.405029,0.800171
-0.503052,0.189697,0.849976
0.438843,-0.287720,1.012085
-0.447266,-0.125366,0.749390
0.033203,0.118530,1.007935
0.106201,-0.406006,0.821045
-0.552490,0.134888,0.815308
0.448242,-0.253418,1.021851
-0.362061,-0.207642,0.730957
-0.054321,0.175415,0.992188
0.205078,-0.407227,0.846436
-0.595459,0.095581,0.770752
0.439941,-0.217163,1.038940
-0.256470,-0.281250,0.737671
-0.150757,0.190796,0.969360
0.259766,-0.380493,0.870483
-0.601196,0.050415,0.738647
0.401001,-0.187988,1.025391
-0.191895,-0.353271,0.710327
-0.229858,0.194824,0.942505
0.319824,-0.366333,0.896606
-0.617310,0.052490,0.725830
0.351440,-0.155640,1.019409
-0.131104,-0.357910,0.750366
-0.299683,0.176392,0.891846
0.346802,-0.299683,0.936768
-0.621094,0.012817,0.687134
0.286133,-0.107178,1.012939
-0.078003,-0.407959,0.765259
-0.377441,0.177856,0.881958
0.384888,-0.287842,0.954224
-0.555542,-0.018188,0.696777
0.173218,0.010010,0.998291
-0.024902,-0.381470,0.775757
-0.463135,0.168457,0.855591
0.442017,-0.303101,0.984741
-0.506104,-0.059082,0.710205
0.040161,0.137207,0.986084
0.094849,-0.370117,0.822021
-0.546021,0.141479,0.806885
0.433472,-0.261719,1.001953
-0.394897,-0.168823,0.726318
-0.002808,0.174316,1.002441
0.159546,-0.385620,0.828125
-0.595093,0.149536,0.787842
0.448242,-0.248901,1.007324
-0.283203,-0.272705,0.728027
-0.086914,0.187744,0.976807
0.220703,-0.356323,0.856567
-0.630249,0.134399,0.743286
0.419556,-0.238525,1.002441
-0.196289,-0.355591,0.746338
-0.175781,0.150024,0.935669
0.280396,-0.344971,0.884033
-0.611328,0.099731,0.726318
0.372559,-0.131348,1.018311
-0.148682,-0.325439,0.748779
-0.252930,0.170898,0.919189
0.358521,-0.347290,0.911987
-0.616577,0.101196,0.731689
0.331299,-0.104736,0.998779
-0.093506,-0.351318,0.741699
-0.325195,0.176636,0.884644
0.360229,-0.308716,0.929565
-0.581299,-0.016235,0.697510
0.273071,-0.069336,0.998901
-0.044556,-0.393799,0.751587
-0.416748,0.218140,0.855225
0.399414,-0.268555,0.953735
-0.538574,-0.095703,0.696777
0.177124,-0.017700,1.005981
0.043579,-0.453003,0.784424
-0.512085,0.215454,0.823730
0.414551,-0.227295,0.972412
-0.432861,-0.069458,0.759888
0.047974,0.120972,1.019775
0.124268,-0.427734,0.817749
-0.557495,0.174683,0.805908
0.442505,-0.216797,0.997681
-0.346436,-0.167969,0.740845
-0.034790,0.183350,0.993652
0.202271,-0.368286,0.853271
-0.573853,0.097168,0.775391
0.435303,-0.190308,1.034058
-0.246582,-0.279663,0.735596
-0.129517,0.217041,0.964355
0.279907,-0.354126,0.883789
-0.616333,0.080933,0.744263
0.415771,-0.190674,1.027100
-0.165405,-0.338867,0.739746
-0.201782,0.189575,0.917114
0.338501,-0.339600,0.909546
-0.614868,0.133301,0.767944
0.362061,-0.145142,1.005371
-0.083008,-0.385986,0.741943
-0.264648,0.179932,0.880371
0.374756,-0.313965,0.928345
-0.592163,0.072021,0.732788
0.291626,-0.062744,0.988525
-0.037720,-0.436279,0.728638
-0.332275,0.171387,0.865967
0.393677,-0.278809,0.947144
-0.550903,0.017822,0.723877
0.206909,0.005493,0.982544
-0.004150,-0.390015,0.766113
-0.409180,0.161133,0.846313
0.429810,-0.263428,0.967407
-0.503418,-0.025635,0.733643
0.121216,0.111938,0.999146
0.050781,-0.371460,0.789795
-0.472534,0.139282,0.824951
0.437744,-0.251343,0.995239
-0.456665,-0.098877,0.721313
0.077759,0.172729,1.020508
0.122681,-0.375000,0.803833
-0.532715,0.180298,0.816650
0.456543,-0.270142,0.995972
-0.389526,-0.170166,0.755005
0.024902,0.165039,1.011841
0.162231,-0.372070,0.827759
-0.566406,0.154663,0.776855
0.470093,-0.227295,1.017944
-0.309448,-0.213867,0.749390
-0.041382,0.175537,0.991211
0.226929,-0.399902,0.851807
-0.586914,0.134399,0.767456
0.428955,-0.191284,1.015747
-0.220093,-0.274658,0.754028
-0.089355,0.181763,0.977661
0.269409,-0.384888,0.874390
-0.607300,0.120239,0.745239
0.427002,-0.169678,1.022461
-0.149170,-0.302490,0.772339
-0.160034,0.207153,0.951538
0.322266,-0.369995,0.901245
-0.596191,0.104614,0.738647
0.388184,-0.128052,1.018921
-0.093384,-0.358887,0.767822
-0.217773,0.205200,0.926636
0.359009,-0.338379,0.917725
-0.577271,0.088745,0.750977
0.337524,-0.100830,1.000732
-0.044312,-0.402832,0.758545
-0.272217,0.195923,0.893555
0.384521,-0.309448,0.931641
-0.561768,0.020386,0.727539
0.293701,-0.084229,0.994995
-0.010986,-0.425659,0.760620
-0.332031,0.187622,0.869507
0.413086,-0.289551,0.950073
-0.539062,-0.017456,0.729858
0.233521,-0.042969,0.996826
0.012939,-0.439453,0.761353
-0.391724,0.163452,0.837402
0.449463,-0.289795,0.965942
-0.495361,-0.046753,0.745483
0.155884,0.027222,1.004639
0.075684,-0.441895,0.788086
-0.452393,0.153320,0.807251
0.440674,-0.269897,0.970093
-0.454834,-0.093140,0.740723
0.106812,0.082275,1.024048
0.139282,-0.460083,0.804077
-0.521118,0.145630,0.781738
0.451782,-0.257568,0.979248
-0.375244,-0.132812,0.758667
0.018188,0.137451,1.014648
0.189941,-0.446899,0.835571
-0.548340,0.095215,0.760010
0.451050,-0.207764,1.018677
-0.295654,-0.174194,0.764160
-0.060791,0.185303,0.996460
0.278687,-0.436157,0.887817
-0.567505,0.103638,0.757812
0.416504,-0.174805,1.012207
-0.202759,-0.255005,0.777222
-0.117798,0.158447,0.977539
0.325073,-0.447021,0.895020
-0.565430,0.082642,0.758301
0.398193,-0.105957,1.029785
-0.132202,-0.254272,0.779541
-0.204712,0.171997,0.931030
0.370850,-0.444092,0.914429
-0.536133,-0.006348,0.760986
0.340332,-0.054077,1.020020
-0.063843,-0.324097,0.766357
-0.262451,0.162720,0.887817
0.405518,-0.367554,0.952393
-0.539062,-0.060913,0.738403
0.308594,-0.079346,1.010864
-0.007690,-0.412964,0.756470
-0.334473,0.166138,0.858887
0.430420,-0.318481,0.965454
-0.488159,-0.085815,0.745728
0.211426,-0.018311,1.003540
0.056152,-0.460327,0.780151
-0.391235,0.138306,0.821899
0.450195,-0.319702,0.958740
-0.477173,-0.049316,0.751587
0.157959,0.026489,1.012695
0.097412,-0.446167,0.792358
-0.447632,0.110596,0.792480
0.454224,-0.275635,0.995850
-0.429688,-0.120117,0.745850
0.090088,0.086792,1.016602
0.142334,-0.498047,0.799927
-0.498901,0.115356,0.781616
0.474121,-0.276123,1.008911
-0.398560,-0.146729,0.742798
0.042969,0.128662,1.021240
0.206421,-0.460938,0.836548
-0.515015,0.100342,0.769287
0.458618,-0.255615,1.005127
-0.324707,-0.196411,0.762939
-0.027100,0.157104,1.008667
0.254761,-0.469971,0.857788
-0.524414,0.060181,0.753296
0.458008,-0.238159,1.012085
-0.261597,-0.225220,0.779175
-0.082153,0.200684,1.014160
0.286011,-0.453979,0.870117
-0.523438,0.057373,0.754761
0.449463,-0.225586,1.025513
-0.221436,-0.251343,0.789429
-0.121582,0.176514,0.986328
0.317627,-0.451538,0.899902
-0.536621,0.040039,0.755737
0.428467,-0.179199,1.043823
-0.146362,-0.277344,0.799683
-0.157959,0.201538,0.984863
0.332642,-0.420776,0.901123
-0.524292,-0.005859,0.769775
0.418701,-0.195923,1.048218
-0.129639,-0.333618,0.788574
-0.186401,0.206299,0.982422
0.375122,-0.381470,0.936768
-0.524048,0.000122,0.767822
0.386597,-0.175781,1.033081
-0.060791,-0.382324,0.796753
-0.230469,0.196289,0.958618
0.395264,-0.402588,0.937866
-0.520386,-0.056763,0.748657
0.345337,-0.143799,1.016724
0.010498,-0.393921,0.811035
-0.263062,0.175781,0.921753
0.413574,-0.366211,0.966919
-0.497192,-0.101196,0.748047
0.304810,-0.115479,1.024048
0.059937,-0.445679,0.801025
-0.312744,0.167114,0.908325
0.437012,-0.323486,0.983276
-0.472290,-0.115845,0.751587
0.244263,-0.068848,1.017212
0.093262,-0.457764,0.821289
-0.365723,0.118652,0.869263
0.474609,-0.322266,1.008545
-0.453003,-0.130615,0.747559
0.151611,0.004395,1.020020
0.132568,-0.481812,0.812866
-0.393555,0.090454,0.839966
0.494629,-0.280640,1.034058
-0.401001,-0.111572,0.775024
0.078369,0.066406,1.020386
0.212891,-0.507935,0.838257
-0.454590,0.037109,0.781860
0.497559,-0.260620,1.049438
-0.321655,-0.203857,0.776245
-0.003540,0.135864,1.021606
0.287354,-0.469482,0.884033
-0.489990,0.020020,0.765503
0.468994,-0.224731,1.063843
-0.205078,-0.261353,0.816650
-0.092163,0.182617,1.016968
0.339722,-0.434448,0.923340
-0.507080,0.004395,0.771729
0.435303,-0.171143,1.076660
-0.104614,-0.319702,0.809448
-0.149048,0.200684,1.012329
0.386353,-0.386841,0.956909
-0.503906,-0.034668,0.772217
0.396484,-0.162476,1.063477
-0.019775,-0.389526,0.818970
-0.197754,0.187744,0.978149
0.428833,-0.342285,0.990112
-0.489868,-0.058228,0.767700
0.326904,-0.109985,1.049072
0.063477,-0.470703,0.832031
-0.261353,0.145630,0.943604
0.472412,-0.294922,1.025024
-0.449097,-0.071899,0.774536
0.249512,-0.015381,1.057251
0.105469,-0.400635,0.870361
-0.316162,0.097290,0.926758
0.504639,-0.288940,1.069458
-0.422729,-0.112305,0.773071
0.172974,0.077271,1.073975
0.180054,-0.410645,0.895508
-0.389282,0.070679,0.865967
0.519409,-0.287842,1.073853
-0.370972,-0.173340,0.786377
0.108398,0.089111,1.056152
0.252197,-0.484741,0.892700
-0.429199,0.072266,0.837524
0.513550,-0.232178,1.082642
-0.296753,-0.203491,0.786865
0.044434,0.138184,1.055908
0.314453,-0.490845,0.925171
-0.461182,0.003784,0.799927
0.503174,-0.218384,1.104126
-0.229736,-0.249878,0.812256
-0.036377,0.210571,1.062500
0.373901,-0.443359,0.958496
-0.479004,0.015015,0.810181
0.474365,-0.171875,1.107666
-0.143433,-0.275146,0.830688
-0.077271,0.214966,1.045166
0.385254,-0.383545,0.985474
-0.477539,-0.037842,0.800903
0.459717,-0.167236,1.117554
-0.039062,-0.354248,0.847900
-0.148071,0.240601,1.046265
0.436523,-0.367432,1.008911
-0.472046,-0.081055,0.755371
0.253784,-0.062012,1.015503
0.033081,-0.406860,0.863647
-0.336792,0.098511,0.876587
0.475342,-0.288330,1.033936
-0.447021,-0.127319,0.760742
0.180420,0.007324,1.035767
0.138672,-0.488525,0.822510
-0.410156,0.110229,0.848755
0.490967,-0.279175,1.040405
-0.383301,-0.190308,0.753052
0.104614,0.073486,1.042236
0.207886,-0.462769,0.864502
-0.452881,0.055786,0.792358
0.492798,-0.260498,1.046631
-0.307983,-0.217041,0.780396
0.031982,0.123657,1.057739
0.281494,-0.457275,0.895630
-0.490479,0.045044,0.776611
0.474487,-0.244995,1.055298
-0.220093,-0.275513,0.803955
-0.064331,0.169678,1.045166
0.359863,-0.449951,0.934570
-0.511597,0.055664,0.782471
0.432007,-0.162720,1.065186
-0.109985,-0.301025,0.832153
-0.116455,0.171265,1.027222
0.396118,-0.407959,0.971191
-0.517456,-0.000854,0.772339
0.406860,-0.147949,1.064087
-0.018677,-0.368042,0.834961
-0.181274,0.166016,1.000488
0.440186,-0.362305,1.011841
-0.482544,-0.048950,0.776611
0.338501,-0.090332,1.063477
0.054199,-0.430786,0.846436
-0.243408,0.129639,0.947144
0.463989,-0.315063,1.034790
-0.433838,-0.114624,0.772339
0.302246,-0.027832,1.084717
0.092407,-0.423218,0.851685
-0.317017,0.159180,0.935181
0.482422,-0.302490,1.046387
-0.401489,-0.147949,0.782349
0.240234,0.000488,1.077393
0.128540,-0.409790,0.874390
-0.354370,0.123901,0.903564
0.509155,-0.276367,1.074341
-0.373535,-0.168457,0.780273
0.159302,0.067505,1.072754
0.230103,-0.450439,0.903442
-0.392944,0.078613,0.853394
0.513794,-0.229492,1.085449
-0.323364,-0.198364,0.786377
0.075195,0.108643,1.063721
0.320679,-0.479614,0.929443
-0.433716,0.052856,0.827759
0.495117,-0.182739,1.091797
-0.234009,-0.222168,0.820190
-0.016479,0.166260,1.057129
0.374146,-0.445068,0.971558
-0.478271,0.026123,0.817505
0.478638,-0.139282,1.129272
-0.103760,-0.275757,0.861816
-0.096680,0.211426,1.066895
0.406616,-0.411499,0.986938
-0.465942,-0.021729,0.822021
0.438843,-0.127930,1.119995
0.013916,-0.336670,0.877319
-0.167969,0.226562,1.039185
0.451050,-0.342529,1.025391
-0.463867,-0.050659,0.806519
0.394287,-0.103394,1.114014
0.061279,-0.386719,0.872803
-0.241333,0.199219,1.009644
0.499146,-0.290527,1.085327
-0.420288,-0.117432,0.792603
0.320923,-0.043091,1.098267
0.116211,-0.391235,0.894897
-0.292114,0.154297,0.967773
0.539429,-0.255127,1.118652
-0.403076,-0.142822,0.789673
0.231079,0.012695,1.089600
0.224365,-0.453735,0.919312
-0.375854,0.117920,0.901855
0.543457,-0.220581,1.124512
-0.299194,-0.211182,0.824219
0.113037,0.103882,1.081177
0.289917,-0.449097,0.942627
-0.411987,0.061890,0.858521
0.539062,-0.215088,1.124268
-0.215332,-0.253418,0.846680
0.010864,0.166504,1.074463
0.355713,-0.402710,0.985840
-0.444580,0.041992,0.843262
0.532227,-0.194336,1.146484
-0.108154,-0.295288,0.878052
-0.069580,0.220825,1.080200
0.406738,-0.380981,0.999146
-0.445557,-0.000610,0.835938
0.488281,-0.133423,1.153076
0.004028,-0.321167,0.904053
-0.134399,0.219849,1.079834
0.449585,-0.347290,1.034790
-0.455322,-0.029907,0.819092
0.440674,-0.098877,1.152954
0.070435,-0.370483,0.920776
-0.214966,0.212280,1.032959
0.501831,-0.291504,1.088501
-0.421753,-0.082031,0.808960
0.335449,-0.020752,1.128906
0.136597,-0.399780,0.922241
-0.276855,0.188843,1.023315
0.550537,-0.260132,1.141846
-0.369629,-0.143799,0.821777
0.242188,0.064331,1.115845
0.205811,-0.396240,0.934692
-0.342896,0.111206,0.927979
0.585693,-0.237061,1.170410
-0.312134,-0.208008,0.824463
0.149414,0.115234,1.102539
0.283936,-0.428589,0.944702
-0.397583,0.093018,0.896851
0.584961,-0.241455,1.150635
-0.234253,-0.218872,0.870728
0.051025,0.169434,1.099976
0.334106,-0.398682,0.977783
-0.425903,0.033691,0.866699
0.555664,-0.165894,1.186768
-0.140015,-0.311401,0.854614
-0.016235,0.237427,1.126953
0.381470,-0.376953,0.987549
-0.463379,0.032471,0.850342
0.532593,-0.219482,1.157593
-0.018555,-0.395874,0.906982
-0.067383,0.209717,1.105591
0.406616,-0.336792,1.020020
-0.463989,0.030884,0.845703
0.502686,-0.166016,1.166870
0.001831,-0.373657,0.911377
-0.128784,0.194824,1.089355
0.458862,-0.326782,1.069824
-0.462524,-0.011963,0.818970
0.446899,-0.110474,1.161499
0.022827,-0.376953,0.911743
-0.178955,0.204224,1.067627
0.481689,-0.310425,1.098267
-0.439819,-0.049438,0.832642
0.415405,-0.023193,1.179932
0.053833,-0.336792,0.905396
-0.218872,0.207397,1.053345
0.511475,-0.286011,1.119629
-0.450562,-0.079590,0.804077
0.384766,-0.043701,1.170776
0.102783,-0.366211,0.915894
-0.254150,0.203247,1.022461
0.526489,-0.255615,1.124634
-0.420898,-0.134644,0.794556
0.334961,-0.050049,1.148193
0.130127,-0.389893,0.915649
-0.293701,0.176758,0.974243
0.555786,-0.245117,1.140015
-0.383179,-0.168335,0.810059
0.261841,0.009155,1.140625
0.182983,-0.410767,0.925415
-0.344849,0.144531,0.933716
0.571533,-0.235474,1.148438
-0.319946,-0.203979,0.825195
0.166138,0.069214,1.110962
0.243408,-0.430420,0.940674
-0.380005,0.098511,0.903076
0.564941,-0.206055,1.162354
-0.273560,-0.232910,0.836792
0.088867,0.119751,1.094971
0.299927,-0.415283,0.963989
-0.409668,0.062134,0.855591
0.564697,-0.164062,1.183105
-0.229370,-0.267090,0.838257
0.001831,0.168091,1.088257
0.346436,-0.404541,0.983154
-0.417114,0.035522,0.873169
0.531250,-0.167114,1.157837
-0.141113,-0.281250,0.863525
-0.042358,0.137695,1.060303
0.372192,-0.363525,0.991577
-0.447021,-0.000244,0.843384
0.524414,-0.170288,1.174316
-0.072632,-0.335815,0.859009
-0.114136,0.197266,1.053467
0.426636,-0.352417,1.007080
-0.471191,-0.007324,0.827881
0.472290,-0.134888,1.170410
-0.041748,-0.353882,0.861572
-0.180786,0.185059,1.036133
0.465210,-0.315308,1.051025
-0.474243,-0.022705,0.805908
0.405396,-0.078369,1.163574
0.010376,-0.337646,0.888794
-0.254395,0.188843,1.023193
0.480225,-0.292236,1.075317
-0.449585,-0.105957,0.794678
0.335693,-0.039062,1.144287
0.072021,-0.358521,0.896606
-0.318237,0.153809,0.946655
0.504639,-0.253174,1.089966
-0.385742,-0.159058,0.786255
0.244507,0.018433,1.132812
0.151733,-0.396729,0.910278
-0.396606,0.129028,0.903931
0.536133,-0.238159,1.116333
-0.329834,-0.230591,0.789062
0.113770,0.114014,1.103027
0.247803,-0.414795,0.924927
-0.452148,0.092896,0.866699
0.540527,-0.242554,1.119263
-0.250854,-0.268555,0.814941
0.020264,0.159424,1.082642
0.285400,-0.361206,0.945679
-0.490234,0.038208,0.832031
0.525879,-0.261108,1.119263
-0.140747,-0.363159,0.824341
-0.060059,0.176514,1.058105
0.329102,-0.331177,0.942505
-0.488525,0.016235,0.809448
0.488159,-0.222046,1.133301
-0.093628,-0.397949,0.816528
-0.160278,0.155151,1.018799
0.375366,-0.321655,0.978638
-0.509766,0.002808,0.785400
0.429810,-0.147949,1.134277
-0.048340,-0.389404,0.836304
-0.240112,0.191528,1.019531
0.427368,-0.302124,1.042725
-0.505127,-0.027222,0.761108
0.334839,-0.053223,1.120483
0.008423,-0.380737,0.861816
-0.307617,0.139404,0.972656
0.470947,-0.297119,1.063232
-0.467529,-0.084229,0.760742
0.240723,0.046631,1.119385
0.065552,-0.387573,0.860596
-0.384277,0.119263,0.922607
0.511841,-0.319458,1.076294
-0.436279,-0.153564,0.762329
0.164185,0.107422,1.098389
0.127808,-0.374023,0.866333
-0.422241,0.093872,0.875732
0.504639,-0.276855,1.081543
-0.386108,-0.214111,0.771240
0.102173,0.104126,1.064697
0.171143,-0.370239,0.880371
-0.480957,0.102295,0.846802
0.505859,-0.273193,1.079834
-0.287231,-0.249146,0.804688
0.029297,0.134644,1.062622
0.190430,-0.333496,0.893311
-0.507812,0.041504,0.811768
0.508545,-0.292969,1.077759
-0.264038,-0.318481,0.771118
-0.001587,0.168579,1.062378
0.227051,-0.338257,0.875610
-0.528564,0.074341,0.806885
0.502930,-0.295776,1.070801
-0.215088,-0.346313,0.776489
-0.080933,0.134155,1.006836
0.280884,-0.394043,0.894287
-0.548218,0.060425,0.780151
0.470459,-0.223877,1.075317
-0.187622,-0.330078,0.760620
-0.126831,0.134521,0.995483
0.309204,-0.358276,0.937012
-0.574097,0.018433,0.763916
0.453735,-0.247681,1.064697
-0.158691,-0.377686,0.761108
-0.189453,0.179443,0.989624
0.326782,-0.363159,0.915039
-0.551025,0.025391,0.759277
0.412598,-0.218384,1.052856
-0.140137,-0.372070,0.769897
-0.197510,0.147949,0.966309
0.330688,-0.323242,0.931641
-0.583130,0.022583,0.742310
0.387817,-0.199707,1.058472
-0.107178,-0.386108,0.785156
-0.272217,0.171265,0.944580
0.372192,-0.323730,0.963257
-0.583618,0.025146,0.738647
0.328369,-0.148438,1.049561
-0.084473,-0.397705,0.792236
-0.318237,0.173462,0.943115
0.392334,-0.297852,0.986328
-0.552368,-0.007568,0.736938
0.249023,-0.072754,1.039795
-0.040649,-0.374268,0.813721
-0.364990,0.137695,0.921997
0.404541,-0.304321,0.996948
-0.525146,-0.034546,0.723877
0.203003,0.009155,1.048462
0.014893,-0.365845,0.825195
-0.442871,0.174927,0.890381
0.438354,-0.298584,1.001221
-0.509766,-0.086548,0.719971
0.124268,0.055420,1.030151
0.088135,-0.403198,0.834351
-0.513184,0.170776,0.855591
0.451538,-0.277954,1.024048
-0.432739,-0.177002,0.730713
0.042603,0.120850,1.028198
0.131714,-0.394897,0.839600
-0.553589,0.133789,0.809814
0.459839,-0.292725,1.018677
-0.336548,-0.263428,0.744629
-0.011963,0.126587,1.012085
0.176147,-0.377197,0.855835
-0.585327,0.112305,0.757690
0.463745,-0.294067,1.029175
-0.271729,-0.330566,0.737793
-0.090820,0.115601,0.978149
0.215088,-0.368530,0.860352
-0.582031,0.108276,0.763672
0.434937,-0.232056,1.026855
-0.227905,-0.365601,0.720459
-0.150391,0.117432,0.961914
0.274658,-0.372925,0.889526
-0.605713,0.077759,0.731323
0.398560,-0.191406,1.035034
-0.185181,-0.351562,0.733887
-0.235352,0.146606,0.950195
0.313965,-0.358643,0.918945
-0.596436,0.026855,0.732422
0.363037,-0.154663,1.033081
-0.173218,-0.378540,0.723511
-0.284790,0.162842,0.917725
0.341553,-0.340576,0.925293
-0.589600,0.028198,0.738403
0.322510,-0.131836,1.021729
-0.131226,-0.359863,0.754517
-0.343018,0.171753,0.889160
0.371826,-0.346558,0.941772
-0.581787,-0.028564,0.699829
0.286621,-0.099976,1.033081
-0.076538,-0.383789,0.768066
-0.407471,0.200195,0.881836
0.378784,-0.315063,0.946655
-0.554688,-0.055542,0.701294
0.227295,-0.047852,1.020142
-0.038940,-0.386719,0.777100
-0.464111,0.227295,0.875977
0.409180,-0.299316,0.965698
-0.532959,-0.110718,0.698975
0.115845,0.021240,0.999634
0.026001,-0.408203,0.798218
-0.503296,0.196289,0.858643
0.434448,-0.272949,0.994141
-0.468750,-0.096802,0.738159
0.021729,0.128662,1.013550
0.111572,-0.430054,0.814453
-0.549683,0.146362,0.823608
0.427490,-0.233521,1.010864
-0.354004,-0.193848,0.737183
-0.035645,0.173706,0.998535
0.173218,-0.379761,0.836548
-0.610107,0.123413,0.776611
0.453857,-0.275391,1.014771
-0.256470,-0.311279,0.725952
-0.139404,0.171631,0.957642
0.241699,-0.340332,0.878540
-0.623901,0.114136,0.752441
0.408203,-0.218994,1.015869
-0.183960,-0.377563,0.728149
-0.190063,0.125732,0.924438
0.300415,-0.311035,0.913208
-0.644531,0.099365,0.706299
0.329224,-0.148804,0.997559
-0.104004,-0.425171,0.740967
-0.283325,0.156494,0.917358
0.364258,-0.333374,0.933228
-0.616455,0.088623,0.708374
0.250854,-0.056152,0.970459
-0.058105,-0.356934,0.782715
-0.377441,0.139648,0.881592
0.394531,-0.313232,0.970947
-0.559570,-0.003418,0.707764
0.157349,0.063721,0.992065
-0.034058,-0.353394,0.754395
-0.443970,0.163818,0.868774
0.437134,-0.302368,0.987305
-0.517822,-0.063354,0.723755
0.068970,0.116699,0.992432
0.051636,-0.390747,0.788818
-0.508789,0.176270,0.852539
0.442139,-0.242676,1.013306
-0.429810,-0.126465,0.744873
0.018677,0.136719,0.994019
0.121338,-0.406738,0.813354
-0.557495,0.170654,0.809814
0.422729,-0.171143,1.018433
-0.335693,-0.161743,0.750977
-0.038330,0.157349,0.999512
0.206055,-0.435181,0.838135
-0.588013,0.144043,0.787842
0.408936,-0.145386,1.011597
-0.264282,-0.239746,0.718140
-0.126465,0.196167,0.977539
0.286621,-0.420532,0.879395
-0.614014,0.096924,0.762451
0.389648,-0.152344,1.017944
-0.172607,-0.325806,0.731201
-0.212891,0.209961,0.936523
0.331909,-0.332153,0.912231
-0.601562,0.054932,0.740356
0.356934,-0.155396,1.015137
-0.101562,-0.392334,0.727051
-0.316040,0.216431,0.886841
0.384521,-0.313843,0.927979
-0.576782,0.033081,0.730835
0.245605,-0.039795,0.994507
-0.015503,-0.422485,0.756958
-0.402832,0.179443,0.855103
0.406128,-0.263184,0.965210
-0.523438,-0.022583,0.722290
0.129639,0.080444,0.997803
0.053833,-0.407104,0.783447
-0.499878,0.161865,0.818726
0.438721,-0.252441,0.986694
-0.430420,-0.101685,0.742554
0.045044,0.187744,1.017944
0.119141,-0.360596,0.799805
-0.575317,0.132935,0.781006
0.453369,-0.263794,1.005371
-0.288940,-0.247192,0.743286
-0.024292,0.209717,1.001831
0.178833,-0.312988,0.834839
-0.605225,0.149048,0.755737
0.458862,-0.256958,1.007812
-0.209595,-0.324585,0.750732
-0.099121,0.180786,0.967896
0.263428,-0.335571,0.875000
-0.615356,0.128540,0.730347
0.432373,-0.205566,1.012573
-0.151489,-0.333130,0.747803
-0.189331,0.172241,0.917114
0.336792,-0.304565,0.923706
-0.597168,0.101440,0.747925
0.354980,-0.108154,1.014893
-0.080688,-0.412842,0.743530
-0.280518,0.160034,0.891724
0.378052,-0.336060,0.921753
-0.572754,0.043335,0.739868
0.287231,-0.033813,0.995850
-0.027832,-0.391846,0.760620
-0.355225,0.164307,0.845337
0.398560,-0.283936,0.945923
-0.527466,-0.004639,0.739258
0.197388,0.020264,0.999023
0.023926,-0.418335,0.771362
-0.436157,0.172241,0.844482
0.439453,-0.246094,0.979248
-0.478394,-0.028564,0.743652
0.079346,0.146362,1.006348
0.098267,-0.390991,0.808716
-0.510010,0.097046,0.794556
0.449219,-0.239502,1.010254
-0.397583,-0.120239,0.734619
0.015991,0.204224,1.020508
0.188599,-0.371216,0.829102
-0.576782,0.129761,0.776978
0.454712,-0.245972,1.023071
-0.265625,-0.243164,0.761108
-0.086304,0.192139,0.963867
0.259766,-0.336548,0.876953
-0.604004,0.091309,0.737793
0.437256,-0.197754,1.033203
-0.126587,-0.336670,0.768555
-0.159302,0.199463,0.943970
0.313965,-0.316284,0.901855
-0.601318,0.117432,0.745850
0.391113,-0.178467,1.009033
-0.050781,-0.398682,0.786377
-0.252930,0.168945,0.897705
0.357178,-0.286255,0.931030
-0.574585,0.045898,0.713501
0.311401,-0.081543,0.993286
-0.004517,-0.423706,0.757812
-0.325562,0.166016,0.868408
0.411499,-0.299805,0.942871
-0.537964,-0.022949,0.737549
0.210571,-0.026245,0.985107
0.065674,-0.454224,0.768799
-0.413086,0.175903,0.833862
0.433472,-0.249512,0.972290
-0.470825,-0.069092,0.735840
0.115112,0.050537,0.993774
0.107056,-0.423950,0.797729
-0.495972,0.119385,0.784912
0.460083,-0.244385,0.995483
-0.367920,-0.119141,0.763184
-0.002808,0.161865,1.001953
0.201050,-0.414185,0.849731
-0.540771,0.057373,0.752930
0.434326,-0.222778,1.009155
-0.262451,-0.224609,0.765991
-0.090698,0.213013,0.985596
0.272339,-0.362915,0.888794
-0.571899,0.041504,0.736328
0.426758,-0.214844,1.024658
-0.140503,-0.303711,0.785400
-0.170166,0.219604,0.952759
0.315674,-0.328003,0.896851
-0.565430,0.027466,0.753662
0.389893,-0.194702,1.023804
-0.050171,-0.412354,0.777100
-0.251953,0.214600,0.908569
0.375122,-0.308838,0.930664
-0.557129,0.000610,0.737305
0.312866,-0.130493,1.000488
0.028931,-0.455688,0.781738
-0.316528,0.156494,0.861328
0.409424,-0.300293,0.950439
-0.524780,-0.046143,0.726929
0.223389,-0.062988,0.975098
0.060791,-0.463501,0.772949
-0.387939,0.152344,0.834595
0.453369,-0.298828,0.971802
-0.463257,-0.087158,0.750854
0.094360,0.088623,0.995361
0.109619,-0.441528,0.802979
-0.450684,0.071045,0.786743
0.463257,-0.268555,1.012207
-0.396973,-0.168945,0.734497
0.023438,0.158813,1.023315
0.179932,-0.428833,0.812622
-0.504639,0.063843,0.771484
0.482178,-0.293945,1.011841
-0.313232,-0.200806,0.775879
-0.076538,0.175659,0.989990
0.263550,-0.435547,0.858032
-0.561768,0.081055,0.749634
0.457153,-0.242065,1.032471
-0.196045,-0.256470,0.799438
-0.145386,0.202515,0.979736
0.308716,-0.410034,0.890137
-0.552490,0.052490,0.755859
0.410889,-0.181885,1.033081
-0.104858,-0.325562,0.804810
-0.195312,0.174561,0.952759
0.359741,-0.399902,0.921387
-0.548462,0.016724,0.742065
0.364502,-0.137207,1.021118
-0.020752,-0.397339,0.798218
-0.249634,0.178711,0.921143
0.401978,-0.349487,0.958252
-0.525757,-0.026367,0.734497
0.291382,-0.089478,1.014771
0.019043,-0.426270,0.799927
-0.306885,0.109619,0.880493
0.453735,-0.363281,0.973267
-0.508545,-0.062622,0.735596
0.190063,0.009888,0.999512
0.072998,-0.428833,0.791138
-0.345337,0.080444,0.849243
0.463867,-0.332642,0.999756
-0.460205,-0.130005,0.753052
0.137695,0.047974,1.010376
0.091675,-0.431763,0.790405
-0.406616,0.091187,0.843018
0.485474,-0.330933,1.022095
-0.423218,-0.180420,0.738892
0.081055,0.102661,1.027466
0.166382,-0.459351,0.819946
-0.476440,0.081299,0.792358
0.506836,-0.323730,1.038940
-0.349609,-0.219849,0.761841
0.006348,0.164551,1.025513
0.205688,-0.432495,0.846802
-0.475464,0.026123,0.768555
0.500244,-0.289551,1.057861
-0.314697,-0.239746,0.773682
-0.040894,0.166504,1.019409
0.287231,-0.478760,0.880737
-0.524048,0.030273,0.752441
0.445557,-0.221680,1.051270
-0.209717,-0.259033,0.804810
-0.098755,0.219482,1.040771
0.326538,-0.489136,0.893188
-0.534790,0.060303,0.772461
0.435425,-0.193237,1.058838
-0.121094,-0.287964,0.825684
-0.154907,0.184326,1.002075
0.346313,-0.411255,0.928223
-0.514160,-0.029419,0.748047
0.404053,-0.151245,1.067139
-0.019775,-0.341064,0.839722
-0.222656,0.225708,0.988892
0.406860,-0.386597,0.958496
-0.511597,-0.094604,0.734741
0.331665,-0.130371,1.037476
0.048096,-0.422363,0.820923
-0.261963,0.178589,0.947876
0.445801,-0.328125,1.003052
-0.476074,-0.133301,0.735107
0.257690,-0.054688,1.039551
0.088135,-0.461304,0.806152
-0.323364,0.136841,0.897339
0.494629,-0.319946,1.024170
-0.431396,-0.127930,0.767944
0.155273,0.021851,1.027832
0.160889,-0.469116,0.843750
-0.385010,0.068237,0.842896
0.516357,-0.297241,1.060181
-0.372681,-0.167603,0.782959
0.056274,0.117065,1.031250
0.243042,-0.446411,0.887207
-0.441895,0.004028,0.805664
0.517212,-0.274170,1.092163
-0.290161,-0.240479,0.779053
-0.015137,0.182861,1.048950
0.302124,-0.416260,0.914795
-0.473511,0.035522,0.812622
0.489990,-0.220825,1.103638
-0.190918,-0.287964,0.820068
-0.059204,0.206665,1.055542
0.341553,-0.399414,0.936890
-0.498657,0.036133,0.803711
0.477295,-0.224243,1.088989
-0.088745,-0.362549,0.845703
-0.114380,0.197144,1.040894
0.379883,-0.354492,0.974609
-0.495239,0.023193,0.795410
0.430908,-0.166626,1.087769
0.013062,-0.381470,0.889404
-0.164795,0.142334,1.015259
0.403076,-0.340454,1.006958
-0.494873,-0.052612,0.763306
0.393311,-0.119019,1.099121
0.060425,-0.419312,0.852051
-0.216553,0.194092,1.014893
0.473877,-0.339600,1.033203
-0.469238,-0.067505,0.773926
0.312134,-0.055664,1.073486
0.096802,-0.442993,0.852661
-0.245361,0.149170,0.979248
0.500366,-0.296997,1.074341
-0.435913,-0.101807,0.783081
0.244995,0.008667,1.075806
0.143066,-0.451294,0.877075
-0.325317,0.149658,0.951050
0.519775,-0.263062,1.100098
-0.382690,-0.155640,0.791992
0.187256,0.004517,1.060425
0.211060,-0.469482,0.902100
-0.372925,0.108521,0.901978
0.536743,-0.252075,1.092285
-0.304565,-0.182251,0.812256
0.093506,0.116089,1.070801
0.287842,-0.461060,0.927856
-0.413696,0.031738,0.843262
0.531616,-0.214966,1.113403
-0.242188,-0.203735,0.832764
0.017334,0.189209,1.079224
0.353271,-0.436646,0.951172
-0.456787,0.017334,0.829834
0.511475,-0.186035,1.132935
-0.132568,-0.251587,0.872070
-0.063843,0.213379,1.068726
0.405273,-0.368164,1.014648
-0.481567,0.009521,0.816772
0.473999,-0.185303,1.125488
0.021362,-0.413818,0.888672
-0.130615,0.181885,1.055786
0.426025,-0.309204,1.036743
-0.458496,-0.003296,0.811646
0.430176,-0.091309,1.147461
0.066528,-0.385864,0.907104
-0.183228,0.185913,1.054810
0.476074,-0.295166,1.069702
-0.454590,-0.036865,0.796021
0.193359,0.040527,1.056274
0.093750,-0.396729,0.913696
-0.387817,0.106079,0.895264
0.535034,-0.306152,1.086548
-0.376343,-0.182373,0.773560
0.125000,0.093628,1.052246
0.221558,-0.394775,0.913086
-0.416016,0.047241,0.843994
0.525879,-0.285400,1.086182
-0.339966,-0.211792,0.789795
0.094971,0.122925,1.080200
0.281006,-0.466187,0.912476
-0.455078,0.081177,0.815308
0.504517,-0.239746,1.080811
-0.263062,-0.242065,0.815918
0.051270,0.112061,1.074829
0.326050,-0.473389,0.936890
-0.484741,0.102173,0.807251
0.501099,-0.201660,1.083862
-0.196167,-0.225098,0.849487
-0.015137,0.165405,1.067261
0.342407,-0.462036,0.940430
-0.473145,0.023193,0.806641
0.506958,-0.159668,1.128296
-0.140503,-0.248047,0.847656
-0.100708,0.234741,1.062988
0.396973,-0.443848,0.979858
-0.472412,-0.012939,0.804688
0.464233,-0.134033,1.133179
-0.040161,-0.318359,0.859619
-0.136841,0.238647,1.070190
0.431885,-0.364380,1.011841
-0.470581,-0.048584,0.805542
0.436035,-0.117554,1.134766
0.044434,-0.389771,0.881592
-0.183228,0.224854,1.049561
0.468262,-0.312622,1.049561
-0.456787,-0.042847,0.802368
0.356323,-0.073730,1.107666
0.098022,-0.424316,0.891479
-0.235840,0.168701,1.011719
0.494507,-0.281128,1.079102
-0.423218,-0.090698,0.789307
0.291748,-0.002319,1.112549
0.147949,-0.433716,0.913452
-0.315674,0.133911,0.966309
0.540894,-0.268433,1.120850
-0.376099,-0.153564,0.795166
0.194458,0.083252,1.107422
0.237793,-0.458008,0.932739
-0.372192,0.098145,0.921509
0.553955,-0.240112,1.140991
-0.314697,-0.217285,0.810181
0.126953,0.101807,1.083862
0.293701,-0.413574,0.954956
-0.406616,0.064331,0.852661
0.559326,-0.216064,1.149414
-0.232910,-0.245850,0.830566
0.041626,0.143311,1.083862
0.352905,-0.410034,0.980591
-0.433228,0.065186,0.850586
0.532959,-0.179443,1.148682
-0.135620,-0.268555,0.887329
-0.056030,0.199463,1.073486
0.418579,-0.389771,1.028564
-0.449463,0.002686,0.836182
0.475342,-0.089844,1.153809
-0.004639,-0.323242,0.899048
-0.110596,0.188721,1.066528
0.458618,-0.343872,1.062378
-0.468750,-0.014404,0.821533
0.433594,-0.086304,1.141357
0.054932,-0.343872,0.915283
-0.183350,0.219849,1.066895
0.483643,-0.270630,1.099121
-0.443359,-0.088135,0.811768
0.381104,-0.050537,1.154785
0.105225,-0.370605,0.924438
-0.258423,0.205444,1.026489
0.535156,-0.246826,1.127686
-0.402710,-0.115356,0.807983
0.286377,-0.005981,1.126831
0.192139,-0.408569,0.951660
-0.314331,0.129761,0.951294
0.557617,-0.225952,1.151611
-0.340454,-0.174438,0.807983
0.186401,0.075928,1.113525
0.279663,-0.445435,0.963135
-0.380371,0.122681,0.929443
0.552612,-0.186523,1.161499
-0.274048,-0.218872,0.840942
0.093018,0.129150,1.102295
0.332031,-0.413940,0.998169
-0.409912,0.060425,0.883667
0.562012,-0.162720,1.185303
-0.204712,-0.240723,0.855591
0.008545,0.198364,1.107666
0.393433,-0.412842,0.998779
-0.441406,0.015015,0.854126
0.540039,-0.169800,1.181519
-0.119751,-0.280029,0.873291
-0.038574,0.210327,1.098022
0.421021,-0.364502,1.018188
-0.451172,-0.003662,0.840942
0.510376,-0.151611,1.183594
-0.008301,-0.409790,0.878540
-0.121216,0.173584,1.058838
0.434204,-0.316406,1.040894
-0.456543,-0.003784,0.836670
0.468994,-0.111938,1.181763
0.013184,-0.371826,0.897583
-0.192261,0.195801,1.050781
0.488281,-0.290405,1.088257
-0.434082,-0.056519,0.816650
0.403809,-0.018921,1.187744
0.073120,-0.370972,0.911133
-0.268921,0.198608,1.031616
0.522705,-0.299683,1.115112
-0.405640,-0.098022,0.819458
0.324829,0.022461,1.166748
0.115356,-0.369385,0.913330
-0.326172,0.163696,0.962280
0.552734,-0.292847,1.119507
-0.364868,-0.173096,0.820679
0.254639,0.035034,1.146484
0.184814,-0.396484,0.939453
-0.369141,0.147095,0.928467
0.539185,-0.244629,1.120483
-0.313965,-0.191406,0.824097
0.184692,0.072876,1.127930
0.245728,-0.408203,0.956787
-0.415161,0.109619,0.890991
0.561157,-0.224487,1.132568
-0.283813,-0.220215,0.822998
0.089722,0.127197,1.110229
0.313354,-0.400146,0.963257
-0.421875,0.057983,0.885498
0.520630,-0.155884,1.140747
-0.156738,-0.315918,0.841187
-0.012207,0.181763,1.088867
0.360229,-0.399536,0.980835
-0.470825,0.017212,0.846313
0.509155,-0.144653,1.157227
-0.095825,-0.309204,0.838013
-0.070679,0.173096,1.071899
0.396851,-0.349731,1.013794
-0.477173,-0.040527,0.816895
0.473999,-0.139648,1.151855
-0.069458,-0.338135,0.824219
-0.156372,0.213501,1.054932
0.437134,-0.320557,1.028076
-0.478394,-0.040771,0.813965
0.424927,-0.120361,1.152832
-0.018799,-0.355225,0.857544
-0.232300,0.216797,1.027100
0.460571,-0.292847,1.059814
-0.479370,-0.052368,0.790161
0.355103,-0.081543,1.132446
0.057739,-0.402222,0.877930
-0.312134,0.175049,0.974487
0.494019,-0.265503,1.081909
-0.418335,-0.111206,0.779053
0.231567,0.014160,1.102173
0.130615,-0.406006,0.903198
-0.387573,0.111084,0.906616
0.512817,-0.252808,1.112183
-0.356934,-0.187866,0.773193
0.126831,0.138062,1.110352
0.198608,-0.413696,0.890747
-0.430420,0.091919,0.902588
0.532104,-0.268188,1.111084
-0.321533,-0.236694,0.797607
0.050415,0.119629,1.057739
0.248657,-0.354370,0.926392
-0.474365,0.052856,0.842285
0.521484,-0.256348,1.110596
-0.211914,-0.353027,0.796265
-0.009277,0.129761,1.057251
0.286865,-0.369263,0.920776
-0.502808,0.059937,0.817383
0.495972,-0.235352,1.108765
-0.164429,-0.340820,0.808594
-0.089600,0.111450,1.016724
0.329712,-0.363770,0.947266
-0.514771,0.034302,0.788086
0.458252,-0.179443,1.101074
-0.132324,-0.352905,0.791382
-0.174194,0.154541,1.002197
0.380371,-0.350952,0.979858
-0.522339,-0.000610,0.784668
0.421265,-0.141235,1.125610
-0.113403,-0.355713,0.785645
-0.243530,0.188843,0.980713
0.406738,-0.331787,1.002075
-0.522705,-0.038208,0.776489
0.370850,-0.133789,1.105957
-0.082031,-0.371704,0.813599
-0.317871,0.177734,0.935547
0.443115,-0.321533,1.015991
-0.481934,-0.070679,0.753906
0.271729,-0.030762,1.095825
-0.006348,-0.371582,0.831055
-0.363159,0.163818,0.923950
0.439453,-0.286255,1.019043
-0.482788,-0.119995,0.748169
0.218750,-0.044678,1.074341
0.072266,-0.390869,0.857300
-0.468018,0.170288,0.864868
0.460815,-0.252075,1.043091
-0.414307,-0.181396,0.758057
0.112793,0.062378,1.068115
0.135132,-0.399536,0.857178
-0.512085,0.100952,0.828613
0.481812,-0.254028,1.062988
-0.314941,-0.245239,0.760376
0.014404,0.142334,1.056885
0.188232,-0.383545,0.876221
-0.547119,0.052124,0.788940
0.459595,-0.257446,1.056030
-0.245117,-0.345703,0.742188
-0.063599,0.117676,1.005493
0.251831,-0.373169,0.885010
-0.557129,0.059204,0.774414
0.430908,-0.243774,1.037598
-0.199951,-0.378784,0.742920
-0.137207,0.117188,0.987549
0.300781,-0.368652,0.902222
-0.575073,0.076294,0.762207
0.399414,-0.209106,1.044678
-0.156860,-0.364624,0.769409
-0.251831,0.148071,0.951538
0.355103,-0.356567,0.953247
-0.569702,0.003418,0.748047
0.341309,-0.109375,1.065186
-0.122070,-0.361694,0.765381
-0.321899,0.160522,0.911621
0.382690,-0.346558,0.963745
-0.555542,-0.034546,0.733398
0.295166,-0.076904,1.062134
-0.073608,-0.361816,0.787109
-0.400024,0.178223,0.888550
0.396606,-0.319214,0.971191
-0.526489,-0.083130,0.716431
0.219482,-0.031982,1.050659
-0.008423,-0.398315,0.806396
-0.462646,0.187744,0.868408
0.414429,-0.281372,0.992188
-0.483765,-0.131226,0.719604
0.126587,0.056152,1.034180
0.055054,-0.397583,0.824219
-0.512451,0.160522,0.851074
0.437988,-0.278809,1.015747
-0.434937,-0.175781,0.716187
0.036011,0.126587,1.029175
0.134155,-0.403931,0.840332
-0.545898,0.139893,0.822021
0.424683,-0.237915,1.013184
-0.378662,-0.203369,0.739502
0.004028,0.111450,1.025391
0.183960,-0.457642,0.836304
-0.580566,0.149170,0.805786
0.416748,-0.217896,1.006958
-0.297729,-0.268677,0.736938
-0.076660,0.152832,0.987671
0.219482,-0.391602,0.872070
-0.586182,0.085083,0.770386
0.428955,-0.202515,1.041504
-0.249756,-0.313721,0.714844
-0.173706,0.190918,0.975830
0.268188,-0.397827,0.876343
-0.579346,0.028809,0.748901
0.412354,-0.177124,1.049561
-0.221924,-0.331787,0.702881
-0.255249,0.183594,0.934814
0.339355,-0.382568,0.916260
-0.599976,0.007690,0.731201
0.347046,-0.148071,1.029785
-0.156738,-0.350952,0.726318
-0.304443,0.180664,0.915283
0.362793,-0.364868,0.924316
-0.611816,-0.027100,0.695068
0.275879,-0.093384,1.016968
-0.077393,-0.403198,0.744629
-0.377930,0.213379,0.890015
0.392212,-0.299316,0.954346
-0.553711,-0.020508,0.723999
0.168579,-0.052734,0.979370
-0.020996,-0.410889,0.781738
-0.457520,0.189331,0.854736
0.419067,-0.265137,0.994995
-0.498169,-0.090454,0.718384
0.078125,0.102295,1.015137
0.042969,-0.390991,0.800049
-0.531372,0.141968,0.826172
0.429932,-0.271484,0.998657
-0.408936,-0.148315,0.732910
0.003906,0.169922,1.015137
0.135132,-0.375244,0.818604
-0.584351,0.151367,0.791748
0.431763,-0.238403,1.007324
-0.306519,-0.260376,0.724731
-0.047974,0.178589,1.005005
0.201416,-0.378052,0.832397
-0.626831,0.115112,0.742554
0.439575,-0.247070,1.015991
-0.225830,-0.320923,0.736328
-0.122192,0.143433,0.943604
0.244507,-0.337524,0.860596
-0.623901,0.145630,0.744385
0.417969,-0.220459,1.012939
-0.178101,-0.380005,0.736938
-0.222412,0.126831,0.918945
0.309937,-0.363403,0.904419
-0.614624,0.104492,0.717529
0.368896,-0.120605,1.011475
-0.135986,-0.360107,0.727173
-0.261475,0.161987,0.915527
0.340088,-0.354126,0.904541
-0.603516,0.026001,0.734497
0.344360,-0.119141,1.014404
-0.114014,-0.371582,0.723511
-0.345703,0.215088,0.879517
0.397095,-0.348145,0.938110
-0.584839,0.016235,0.725586
0.273438,-0.076050,0.993774
-0.067749,-0.399292,0.735352
-0.378174,0.208496,0.874512
0.402954,-0.315186,0.946777
-0.569824,0.003052,0.710815
0.210327,-0.006592,0.993774
-0.030151,-0.405151,0.756592
-0.435669,0.206421,0.863037
0.427246,-0.292114,0.959106
-0.537231,-0.020142,0.723022
0.132812,0.057739,0.994995
0.027954,-0.416992,0.784546
-0.476196,0.194336,0.858154
0.433105,-0.254395,0.978394
-0.484497,-0.055664,0.739502
0.082275,0.118774,1.018066
0.073120,-0.404663,0.792358
-0.521118,0.185059,0.822754
0.433716,-0.222046,1.008179
-0.394165,-0.151001,0.743774
0.032227,0.177368,1.021484
0.122314,-0.394653,0.812744
-0.554321,0.177979,0.805298
0.446777,-0.231201,1.004028
-0.335693,-0.202637,0.740601
-0.028564,0.187988,1.004517
0.198853,-0.385376,0.850220
-0.586548,0.136353,0.778320
0.440552,-0.206909,1.017944
-0.257935,-0.262207,0.733032
-0.104858,0.211182,0.980347
0.269165,-0.355469,0.876587
-0.603638,0.098633,0.754395
0.418823,-0.178955,1.023438
-0.169556,-0.325195,0.736938
-0.185791,0.209351,0.937134
0.327637,-0.341431,0.901978
-0.595459,0.073364,0.746582
0.366943,-0.152710,1.021118
-0.083618,-0.391602,0.754517
-0.266602,0.191772,0.895020
0.362305,-0.302979,0.913330
-0.577637,0.069336,0.727051
0.293701,-0.068726,1.002930
-0.032715,-0.394043,0.765747
-0.335083,0.159058,0.861206
0.409790,-0.280640,0.954956
-0.560913,0.040894,0.721313
0.185669,-0.003662,0.983398
0.045898,-0.430176,0.780640
-0.432739,0.160034,0.840332
0.432251,-0.221680,0.986450
-0.465210,-0.045776,0.747070
0.077881,0.107300,0.988281
0.102417,-0.383667,0.809326
-0.504761,0.116455,0.800171
0.451782,-0.216309,1.021118
-0.367554,-0.146973,0.745483
-0.013794,0.186157,0.990967
0.198364,-0.391113,0.834717
-0.568970,0.104492,0.773926
0.450073,-0.227783,1.021851
-0.250000,-0.265991,0.749390
-0.094849,0.213379,0.981445
0.269653,-0.326782,0.884033
-0.601074,0.094727,0.754395
0.430054,-0.225952,1.015259
-0.135132,-0.374268,0.766846
-0.177368,0.187866,0.936157
0.315063,-0.307495,0.903931
-0.576050,0.096069,0.750244
0.387451,-0.156128,1.009521
-0.055054,-0.395386,0.765869
-0.269409,0.183228,0.881958
0.362549,-0.305176,0.915283
-0.546143,0.021484,0.732178
0.325806,-0.098999,1.002563
-0.024170,-0.395386,0.770386
-0.347046,0.160645,0.846558
0.409546,-0.307861,0.943481
-0.513062,-0.032837,0.744141
0.246948,-0.031494,0.997070
0.016846,-0.419067,0.768677
-0.389526,0.151001,0.828247
0.428101,-0.303711,0.952637
-0.504639,-0.077393,0.750366
0.178345,0.001465,1.010864
0.078735,-0.413940,0.780273
-0.460815,0.177124,0.809326
0.449707,-0.254395,0.984253
-0.430908,-0.090576,0.771362
0.090576,0.067383,1.005859
0.117432,-0.458374,0.806274
-0.509399,0.124023,0.781250
0.460449,-0.228516,1.000854
-0.360596,-0.127319,0.768799
0.005981,0.146851,1.006714
0.207397,-0.459961,0.847778
-0.544556,0.056030,0.740967
0.451416,-0.212769,1.019653
-0.277222,-0.199097,0.765015
-0.065186,0.217163,1.001099
0.286743,-0.381592,0.891846
-0.589111,0.050049,0.732300
0.428711,-0.249390,1.004272
-0.172974,-0.297485,0.769165
-0.129883,0.205078,0.974243
0.311279,-0.341431,0.912598
-0.565674,0.040161,0.759644
0.418091,-0.203003,1.022217
-0.098145,-0.356323,0.772705
-0.218018,0.200439,0.933105
0.359985,-0.341309,0.936768
-0.544678,-0.002075,0.757446
0.356323,-0.162598,1.011597
-0.043823,-0.428345,0.770386
-0.266602,0.148315,0.883545
0.404663,-0.320312,0.961670
-0.535278,-0.038940,0.730713
0.282715,-0.092407,0.999390
0.013428,-0.445679,0.775269
-0.314819,0.134033,0.863770
0.423828,-0.320679,0.961670
-0.499878,-0.055786,0.744141
0.228271,-0.036743,1.005859
0.054688,-0.443237,0.771973
-0.394165,0.140503,0.838867
0.455688,-0.357422,0.967407
-0.460815,-0.101685,0.763916
0.164062,0.001465,1.009277
0.094727,-0.434937,0.788940
-0.431519,0.112915,0.801270
0.447876,-0.275269,0.994385
-0.417480,-0.134155,0.766235
0.098511,0.041748,1.014893
0.163940,-0.466919,0.823364
-0.500854,0.104736,0.763794
0.451904,-0.240967,1.008057
-0.352417,-0.202759,0.751221
0.025635,0.088257,1.019165
0.231812,-0.485596,0.841431
-0.528564,0.066162,0.737915
0.474243,-0.243896,1.034668
-0.256958,-0.202515,0.790039
-0.105347,0.212646,1.003784
0.300781,-0.449829,0.893188
-0.521606,-0.023315,0.745972
0.436035,-0.214478,1.048584
-0.151001,-0.286865,0.803101
-0.164429,0.237915,0.996216
0.336426,-0.389160,0.930664
-0.526611,-0.015137,0.751221
0.404297,-0.195557,1.045288
-0.082886,-0.365723,0.795532
-0.191895,0.192261,0.977783
0.371826,-0.377441,0.937256
-0.532349,-0.021729,0.751465
0.363403,-0.148926,1.035767
0.004761,-0.408081,0.791748
-0.254150,0.169189,0.930908
0.416260,-0.364258,0.960693
-0.509766,-0.073364,0.735718
0.307373,-0.119019,1.012817
0.083252,-0.467651,0.808716
-0.340942,0.171509,0.895752
0.453247,-0.328613,0.993408
-0.477295,-0.089111,0.747192
0.225342,-0.040283,1.025269
0.101440,-0.457886,0.817749
-0.352051,0.125366,0.894287
0.478394,-0.309814,1.025879
-0.456787,-0.122437,0.753296
0.134399,0.053345,1.026855
0.160767,-0.471924,0.843872
-0.405884,0.092285,0.854614
0.501953,-0.301636,1.047363
-0.404541,-0.146118,0.747070
0.086304,0.107910,1.039795
0.221802,-0.447632,0.875000
-0.441772,0.029663,0.805542
0.517090,-0.285645,1.066895
-0.338135,-0.206055,0.766846
0.005371,0.174438,1.035522
0.286011,-0.492310,0.893555
-0.471313,0.021118,0.798462
0.487915,-0.249756,1.067627
-0.271729,-0.217041,0.795044
-0.043823,0.191895,1.042725
0.339233,-0.493896,0.920410
-0.498901,0.041260,0.791138
0.479858,-0.229004,1.073120
-0.187500,-0.260010,0.821777
-0.110840,0.223633,1.031128
0.366211,-0.438110,0.945923
-0.483643,-0.004639,0.804932
0.453979,-0.173340,1.094727
-0.116943,-0.298828,0.828735
-0.156616,0.205933,1.019897
0.413696,-0.428955,0.968384
-0.481934,-0.030640,0.789429
0.411865,-0.122559,1.089844
-0.008057,-0.337280,0.839722
-0.184692,0.211548,1.011475
0.442383,-0.354736,1.006226
-0.490112,-0.046753,0.772095
0.367188,-0.120728,1.082397
0.068970,-0.445801,0.854370
-0.231934,0.189453,0.989258
0.456665,-0.306152,1.016846
-0.450806,-0.060669,0.778320
0.301636,-0.067139,1.068237
0.120239,-0.465698,0.871338
-0.291748,0.162231,0.960083
0.486694,-0.273926,1.060425
-0.423462,-0.105225,0.796631
0.236572,-0.004272,1.081177
0.168823,-0.458862,0.899780
-0.352295,0.114380,0.921387
0.522461,-0.255249,1.112793
-0.376709,-0.167847,0.773560
0.169312,0.100342,1.093628
0.243408,-0.440430,0.929688
-0.406982,0.071411,0.882080
0.538696,-0.295410,1.104736
-0.313110,-0.222046,0.796997
0.096924,0.168579,1.084961
0.282959,-0.418823,0.932617
-0.437134,0.058716,0.848022
0.543579,-0.270142,1.117188
-0.254395,-0.279419,0.817505
0.040527,0.162109,1.072266
0.315186,-0.383545,0.957886
-0.449829,0.025879,0.836914
0.546631,-0.263794,1.130615
-0.184692,-0.301636,0.847168
-0.024536,0.213257,1.086914
0.369385,-0.384277,0.991333
-0.452515,0.012817,0.828857
0.510620,-0.196655,1.132568
-0.106812,-0.311523,0.876465
-0.075439,0.185669,1.065063
0.406616,-0.357300,1.009644
-0.463745,0.003296,0.825317
0.486328,-0.157593,1.145874
-0.012085,-0.349243,0.890259
-0.131958,0.207397,1.055664
0.445557,-0.340210,1.035645
-0.449097,-0.038330,0.813965
0.447510,-0.105103,1.151733
0.050171,-0.377197,0.891602
-0.184204,0.208984,1.037720
0.490601,-0.320190,1.075439
-0.429443,-0.054077,0.816040
0.386597,-0.071167,1.147705
0.061523,-0.402588,0.891113
-0.222900,0.204346,1.030884
0.521729,-0.283325,1.107788
-0.410522,-0.089111,0.819580
0.310669,-0.001099,1.135986
0.129272,-0.412720,0.908569
-0.280029,0.151489,0.990967
0.545410,-0.237549,1.142090
-0.363525,-0.147827,0.821655
0.249634,0.060425,1.140991
0.218628,-0.409302,0.942017
-0.358521,0.117310,0.916382
0.554688,-0.241211,1.139160
-0.296997,-0.204102,0.818237
0.146851,0.097412,1.112915
0.306030,-0.430054,0.976440
-0.410278,0.075928,0.874512
0.559937,-0.183594,1.156616
-0.217163,-0.221436,0.845703
0.030151,0.165894,1.095093
0.393188,-0.427490,1.007568
-0.436890,0.024414,0.865112
0.533325,-0.165894,1.168945
-0.106812,-0.256592,0.881104
-0.052979,0.235352,1.103516
0.442505,-0.351807,1.037109
-0.447876,-0.031250,0.839966
0.475586,-0.118164,1.169678
-0.001831,-0.330811,0.888062
-0.139160,0.209717,1.063843
0.481567,-0.272827,1.098145
-0.431519,-0.117920,0.811646
0.396362,-0.082397,1.164429
0.037598,-0.362061,0.898315
-0.236206,0.208496,1.018188
0.542603,-0.265015,1.129395
-0.383789,-0.112549,0.830322
0.285645,-0.015625,1.139648
0.172241,-0.433594,0.926147
-0.310791,0.133911,0.948975
0.531616,-0.212280,1.123413
-0.317993,-0.181641,0.822876
0.187744,0.058472,1.127319
0.284180,-0.427002,0.966431
-0.412964,0.142212,0.910522
0.537476,-0.180664,1.147583
-0.243286,-0.233398,0.841309
0.076660,0.126831,1.109863
0.335449,-0.399902,0.989136
-0.431274,0.055786,0.872803
0.538940,-0.153076,1.160278
-0.139038,-0.271118,0.866211
-0.055054,0.189819,1.076416
0.407471,-0.377686,1.024536
-0.443481,-0.024048,0.856812
0.495850,-0.135620,1.167236
-0.033691,-0.336914,0.865356
-0.124268,0.197876,1.052490
0.443115,-0.307251,1.048828
-0.462891,-0.052002,0.818848
0.441406,-0.114746,1.164185
0.017212,-0.360962,0.888794
-0.231812,0.224976,1.036011
0.486450,-0.273438,1.082764
-0.432861,-0.093506,0.790161
0.344238,-0.044556,1.150024
0.100464,-0.385742,0.915283
-0.311890,0.148682,0.968262
0.526123,-0.256348,1.117188
-0.381104,-0.144165,0.799194
0.204102,0.054077,1.120605
0.195557,-0.432617,0.922119
-0.396362,0.104370,0.921021
0.545898,-0.239258,1.140015
-0.298462,-0.211548,0.808228
0.091675,0.142700,1.093506
0.259399,-0.367310,0.947510
-0.452759,0.044189,0.868530
0.557495,-0.237305,1.146973
-0.222900,-0.285645,0.829102
0.008301,0.165527,1.083008
0.314697,-0.350830,0.948486
-0.481445,0.037964,0.834351
0.519775,-0.220093,1.141602
-0.132568,-0.382812,0.818115
-0.048584,0.122559,1.044678
0.364990,-0.347046,0.967896
-0.494263,0.041016,0.801270
0.450317,-0.143188,1.114624
-0.074463,-0.353882,0.847046
-0.159546,0.131104,1.027222
0.412720,-0.351562,1.010742
-0.497559,-0.005249,0.786255
0.413452,-0.056641,1.131348
-0.059570,-0.273315,0.847046
-0.246826,0.188843,1.002075
0.459229,-0.351440,1.042480
-0.492310,-0.069824,0.780396
0.369507,-0.087158,1.121704
-0.037231,-0.286499,0.860474
-0.288452,0.190674,0.972290
0.553955,-0.245483,1.135742
-0.481079,-0.094116,0.760986
0.198608,0.067017,1.125854
0.025757,-0.359985,0.859497
-0.370239,0.113525,0.916626
0.540405,-0.198242,1.132812
-0.325195,-0.190918,0.820312
0.141724,0.054810,1.114258
0.296387,-0.440918,0.961670
-0.422729,0.107544,0.889893
0.536865,-0.176270,1.131958
-0.227051,-0.226929,0.839966
0.035889,0.151001,1.083252
0.330933,-0.368896,0.983765
-0.450439,0.000488,0.840820
0.537598,-0.185181,1.159180
-0.117676,-0.319824,0.841187
-0.061279,0.190308,1.066772
0.377319,-0.353760,0.991577
-0.454834,-0.038940,0.819702
0.488770,-0.157959,1.157593
-0.083252,-0.353760,0.840088
-0.111206,0.167969,1.046997
0.409302,-0.338501,1.008057
-0.483032,-0.005615,0.816650
0.461304,-0.140869,1.149536
-0.045044,-0.370117,0.840210
-0.221680,0.200684,1.030518
0.454956,-0.314819,1.059570
-0.462036,-0.042847,0.807861
0.378296,-0.055664,1.144287
0.008667,-0.372070,0.866333
-0.283081,0.173218,0.980469
0.479492,-0.269043,1.077271
-0.440430,-0.110962,0.783325
0.311401,-0.033081,1.132690
0.077515,-0.385376,0.885742
-0.364380,0.156860,0.936523
0.505859,-0.265259,1.098511
-0.398193,-0.163086,0.778198
0.199341,0.033936,1.102295
0.152832,-0.397827,0.896851
-0.421631,0.144775,0.898438
0.519531,-0.248901,1.091919
-0.369995,-0.198975,0.785156
0.101562,0.076904,1.079346
0.219849,-0.396484,0.931519
-0.463257,0.066040,0.843262
0.512817,-0.241211,1.099243
-0.273193,-0.264893,0.791748
-0.000732,0.151123,1.050415
0.285522,-0.383057,0.930298
-0.497681,0.026611,0.818970
0.488159,-0.212036,1.108765
-0.179443,-0.327637,0.781494
-0.076538,0.139648,1.026978
0.324585,-0.344849,0.953857
-0.524048,0.017090,0.792969
0.460571,-0.202271,1.107300
-0.148560,-0.386841,0.774658
-0.187134,0.151611,0.990601
0.370972,-0.335449,0.970947
-0.504150,-0.008789,0.773071
0.394043,-0.119995,1.106201
-0.102417,-0.332031,0.804810
-0.292480,0.183716,0.965088
0.438110,-0.362549,1.003174
-0.506836,-0.064087,0.766602
0.294922,-0.032471,1.099365
-0.030762,-0.344360,0.814331
-0.354614,0.166992,0.927490
0.468384,-0.321167,1.033691
-0.477417,-0.116821,0.750610
0.208374,0.000732,1.073730
0.056519,-0.379395,0.836182
-0.444336,0.154663,0.872192
0.454102,-0.264526,1.047607
-0.431396,-0.193237,0.746338
0.118652,0.034912,1.055542
0.140259,-0.429932,0.860596
-0.511963,0.133301,0.835938
0.466919,-0.234253,1.053467
-0.338745,-0.207397,0.765503
0.005249,0.111084,1.036865
0.213135,-0.390991,0.889160
-0.532593,0.048462,0.791992
0.445923,-0.213989,1.060913
-0.249634,-0.316162,0.733276
-0.097168,0.122559,0.996826
0.292603,-0.389160,0.901001
-0.563232,0.060303,0.782837
0.410400,-0.183594,1.061279
-0.191772,-0.356079,0.729126
-0.220459,0.153076,0.975464
0.351807,-0.368652,0.949707
-0.565552,0.003418,0.751221
0.342163,-0.113037,1.064575
-0.146729,-0.336304,0.757812
-0.310913,0.166626,0.926880
0.399414,-0.376099,0.962280
-0.557861,-0.050171,0.726196
0.270508,-0.050903,1.051270
-0.058838,-0.363403,0.781738
-0.427368,0.180176,0.867920
0.410522,-0.292725,1.010132
-0.490723,-0.139526,0.724121
0.179810,-0.004883,1.052856
0.046509,-0.394653,0.824219
-0.532959,0.203857,0.836060
0.432861,-0.275879,1.006714
-0.426758,-0.189209,0.740234
0.052490,0.088989,1.037231
0.131592,-0.421021,0.840820
-0.556274,0.152222,0.800537
0.424194,-0.220093,1.013184
-0.327637,-0.253906,0.741943
-0.048462,0.102661,1.004761
0.208374,-0.446655,0.853394
-0.589966,0.085205,0.765381
0.430908,-0.201660,1.029297
-0.250854,-0.273438,0.718140
-0.157349,0.175537,0.981201
0.286255,-0.373169,0.896362
-0.585571,0.023926,0.742310
0.379883,-0.167114,1.032593
-0.195923,-0.337646,0.716675
-0.260254,0.192749,0.939209
0.358765,-0.352905,0.933472
-0.605347,0.004028,0.721558
0.328613,-0.158936,1.018433
-0.127075,-0.383057,0.737061
-0.355591,0.194824,0.875122
0.369873,-0.317383,0.949097
-0.558350,-0.009155,0.738647
0.233521,-0.054932,1.021240
-0.067505,-0.395996,0.771973
-0.444092,0.182007,0.852661
0.406494,-0.303101,0.964600
-0.526489,-0.061401,0.712524
0.137085,0.045776,1.014282
0.012695,-0.390015,0.793701
-0.516113,0.183838,0.833496
0.435059,-0.304321,0.985962
-0.458740,-0.144531,0.732788
0.048218,0.111084,1.016235
0.109131,-0.397949,0.813599
-0.567993,0.189453,0.819336
0.420044,-0.231689,1.004395
-0.353882,-0.237793,0.734985
-0.022217,0.129028,1.007080
0.177002,-0.431885,0.823242
-0.604980,0.135010,0.779541
0.411011,-0.177734,1.020874
-0.252563,-0.269531,0.731323
-0.129028,0.175415,0.975220
0.263916,-0.401245,0.876465
-0.606689,0.099243,0.756592
0.386108,-0.147949,1.014282
-0.199951,-0.333374,0.697144
-0.211548,0.177734,0.946899
0.335815,-0.373901,0.909546
-0.621216,0.029541,0.718018
0.336670,-0.137085,1.012329
-0.123657,-0.382324,0.715210
-0.313232,0.225220,0.907593
0.371216,-0.324951,0.932129
-0.591431,0.016602,0.709106
0.266113,-0.107056,0.982788
-0.061035,-0.406616,0.739380
-0.384766,0.206909,0.865601
0.402588,-0.288940,0.948853
-0.563843,-0.004883,0.714966
0.152466,-0.008301,0.982422
-0.001587,-0.434326,0.766724
-0.455688,0.191528,0.853027
0.422119,-0.253174,0.974976
-0.485962,-0.061035,0.745850
0.059082,0.121338,1.020142
0.090820,-0.411255,0.796875
-0.541992,0.193604,0.820557
0.439941,-0.236816,0.987793
-0.367065,-0.145020,0.752563
-0.003784,0.177124,1.013794
0.169189,-0.396362,0.823975
-0.608765,0.162231,0.789429
0.444702,-0.237061,1.007324
-0.256592,-0.264282,0.740723
-0.094482,0.215698,0.975952
0.248779,-0.357544,0.876709
-0.631714,0.119141,0.737793
0.413818,-0.188843,1.010010
-0.171021,-0.330933,0.745361
-0.151978,0.164795,0.944214
0.302490,-0.337769,0.901367
-0.623413,0.142456,0.742188
0.379395,-0.134644,1.009155
-0.110840,-0.358398,0.739380
-0.231323,0.176514,0.912231
0.356445,-0.338501,0.911987
-0.600952,0.081421,0.745239
0.328125,-0.118042,0.991455
-0.066406,-0.375000,0.744873
-0.326172,0.203857,0.872681
0.411621,-0.314209,0.953857
-0.554077,-0.021973,0.727783
0.223999,-0.040894,0.975830
-0.030396,-0.415283,0.738892
-0.393799,0.182739,0.841187
0.424438,-0.296753,0.962646
-0.518555,-0.032959,0.732056
0.157959,0.063232,1.012573
0.034180,-0.410034,0.768555
-0.461914,0.164795,0.815063
0.426147,-0.250244,0.967041
-0.454224,-0.057983,0.763184
0.089111,0.103394,1.016235
0.112427,-0.408691,0.807739
-0.543823,0.194092,0.804932
0.433105,-0.207642,0.992188
-0.356934,-0.146362,0.754883
0.040771,0.135864,1.014282
0.170166,-0.373169,0.840820
-0.597168,0.156128,0.773804
0.443237,-0.244385,0.993530
-0.256592,-0.244141,0.764038
-0.066772,0.193726,0.985229
0.260986,-0.350830,0.877441
-0.610107,0.147949,0.765015
0.433472,-0.216064,1.005249
-0.158447,-0.350464,0.754395
-0.155151,0.150024,0.929077
0.307739,-0.320190,0.917603
-0.592285,0.111450,0.747437
0.391846,-0.130127,1.019775
-0.068604,-0.376099,0.760010
-0.255249,0.188110,0.908081
0.370117,-0.327759,0.929565
-0.580933,0.034302,0.728149
0.322266,-0.086304,1.001465
-0.009521,-0.401611,0.766357
-0.324097,0.175415,0.862793
0.384888,-0.289429,0.934692
-0.541016,0.005859,0.723755
0.250244,-0.039185,0.991333
0.017822,-0.447021,0.753906
-0.390503,0.163696,0.837402
0.424561,-0.282227,0.956787
-0.485352,-0.056396,0.739014
0.143311,0.038696,0.990234
0.092773,-0.446045,0.804810
-0.462524,0.129517,0.790771
0.443604,-0.252930,0.983276
-0.416016,-0.120850,0.750977
0.051758,0.135132,1.003784
0.142822,-0.435791,0.809082
-0.518799,0.089355,0.767456
0.451782,-0.229248,1.014893
-0.336426,-0.190430,0.751953
-0.025879,0.204834,1.013916
0.223511,-0.403687,0.829834
-0.567261,0.092407,0.755493
0.453979,-0.251831,1.023804
-0.231812,-0.268921,0.772095
-0.088135,0.202271,0.989990
0.276001,-0.377197,0.877930
-0.600708,0.088257,0.741089
0.413940,-0.225464,1.007324
-0.097534,-0.351196,0.802002
-0.159180,0.203491,0.970825
0.302856,-0.319702,0.895996
-0.582031,0.119629,0.755493
0.393188,-0.202515,0.988159
-0.046387,-0.394531,0.801392
-0.216064,0.134155,0.915649
0.358398,-0.317749,0.933472
-0.557739,0.052124,0.738892
0.323730,-0.090942,0.999146
-0.003662,-0.410645,0.792725
-0.285034,0.136841,0.887329
0.396362,-0.331787,0.943604
-0.529663,-0.060425,0.728394
0.266724,-0.070312,0.992554
0.031372,-0.447510,0.772705
-0.349976,0.146606,0.850708
0.426392,-0.333374,0.954102
-0.486450,-0.075928,0.761353
0.196533,-0.031616,1.008911
0.073853,-0.459839,0.770264
-0.422119,0.155029,0.822388
0.444824,-0.280640,0.974976
-0.431396,-0.110474,0.769897
0.115479,0.024536,1.001953
0.128052,-0.453979,0.812378
-0.483398,0.101685,0.777588
0.453979,-0.246216,1.008179
-0.353271,-0.164795,0.753906
0.012085,0.121948,1.008667
0.234009,-0.489014,0.846802
-0.527710,0.055420,0.750732
0.452881,-0.228271,1.015869
-0.251709,-0.240356,0.770264
-0.098877,0.213745,1.016235
0.306763,-0.447876,0.905029
-0.552612,0.016968,0.754639
0.409058,-0.187622,1.047852
-0.131958,-0.321533,0.785400
-0.176147,0.200684,0.978882
0.364502,-0.386230,0.940918
-0.536743,-0.007812,0.759155
0.365112,-0.168701,1.030640
-0.015259,-0.418945,0.810913
-0.232422,0.141846,0.922485
0.398438,-0.309448,0.971558
-0.502197,-0.021729,0.748535
0.291748,-0.081543,1.024780
0.039185,-0.444336,0.789429
-0.311646,0.113403,0.891113
0.453003,-0.363525,0.978516
-0.471802,-0.087036,0.743530
0.205933,0.002686,1.021606
0.089722,-0.444214,0.803833
-0.391479,0.121582,0.854004
0.468628,-0.325928,1.009277
-0.414429,-0.190186,0.750854
0.126953,0.041260,1.025391
0.135498,-0.443604,0.815918
-0.433960,0.104736,0.810059
0.505127,-0.299805,1.024902
-0.353394,-0.177856,0.783936
0.042969,0.085571,1.026001
0.217773,-0.500122,0.828369
-0.465698,0.031982,0.761230
0.486328,-0.230835,1.052124
-0.267578,-0.175415,0.811890
-0.042969,0.149170,1.023926
0.309570,-0.500854,0.890259
-0.509277,0.009888,0.760742
0.440186,-0.173096,1.056030
-0.170898,-0.244385,0.825684
-0.110229,0.197266,1.034790
0.368896,-0.446533,0.938354
-0.516113,-0.022583,0.765625
0.390381,-0.134155,1.062866
-0.071167,-0.327515,0.815063
-0.174438,0.198486,1.010010
0.418457,-0.393921,0.970703
-0.492310,-0.059448,0.780273
0.351807,-0.119385,1.050903
0.034424,-0.429565,0.820801
-0.253540,0.177979,0.958740
0.462524,-0.333252,1.014160
-0.456787,-0.088867,0.763428
0.282227,-0.038574,1.062012
0.087646,-0.457886,0.822021
-0.322266,0.126099,0.912598
0.490723,-0.278809,1.055786
-0.405640,-0.129517,0.789062
0.203369,-0.003052,1.060425
0.148804,-0.467651,0.862915
-0.387085,0.102783,0.873779
0.516968,-0.264160,1.081055
-0.358521,-0.182129,0.771729
0.105225,0.094604,1.053955
0.248901,-0.497070,0.881104
-0.416504,0.043213,0.841064
0.516724,-0.244995,1.096558
-0.301147,-0.218262,0.787109
0.026245,0.151245,1.052002
0.320435,-0.475220,0.928223
-0.458740,0.004517,0.799316
0.507446,-0.212891,1.123047
-0.207520,-0.242920,0.839355
-0.078369,0.192383,1.043457
0.377441,-0.462036,0.962158
-0.457397,-0.023804,0.808960
0.476685,-0.147217,1.128540
-0.112793,-0.263184,0.854370
-0.136597,0.222412,1.035889
0.435913,-0.415894,1.002563
-0.446655,-0.074219,0.804810
0.420898,-0.111328,1.115723
0.017334,-0.335693,0.875488
-0.188843,0.241333,1.034302
0.469849,-0.341797,1.036621
-0.440430,-0.110596,0.791016
0.371460,-0.095947,1.116333
0.074097,-0.381104,0.883789
-0.247192,0.208740,0.996582
0.503418,-0.268188,1.072144
-0.401733,-0.114380,0.807739
0.298828,-0.030762,1.109253
0.146362,-0.434082,0.896851
-0.314697,0.159424,0.958862
0.530151,-0.244873,1.111938
-0.369873,-0.156860,0.805664
0.192261,0.058105,1.090210
0.243164,-0.462158,0.925293
-0.369507,0.088867,0.896118
0.534546,-0.205200,1.123901
-0.287842,-0.196533,0.822510
0.099731,0.115601,1.075562
0.324585,-0.462280,0.955200
-0.428345,0.063965,0.853027
0.540161,-0.174683,1.150269
-0.201904,-0.228394,0.844482
-0.010254,0.209106,1.083008
0.395020,-0.427246,1.001343
-0.452881,0.010010,0.843628
0.504028,-0.118042,1.164917
-0.086914,-0.270874,0.870361
-0.085938,0.234985,1.085327
0.434082,-0.356079,1.036133
-0.439209,-0.055420,0.832275
0.455444,-0.104248,1.167725
0.028564,-0.354492,0.891602
-0.155029,0.219971,1.059814
0.481689,-0.298828,1.073975
-0.450195,-0.057983,0.806274
0.405396,-0.083740,1.152222
0.070557,-0.380737,0.903198
-0.250610,0.218018,1.022461
0.524902,-0.260498,1.115479
-0.398682,-0.122437,0.809814
0.318848,0.007568,1.149780
0.159180,-0.408813,0.926392
-0.322388,0.147949,0.968872
0.563354,-0.271484,1.132568
-0.337036,-0.161987,0.823608
0.208984,0.104492,1.133911
0.235596,-0.423340,0.936157
-0.372437,0.088501,0.910156
0.577637,-0.235962,1.153687
-0.266968,-0.218872,0.837524
0.109863,0.174316,1.128906
0.313965,-0.425903,0.970703
-0.433960,0.073242,0.881470
0.557617,-0.214600,1.151489
-0.206909,-0.255249,0.851807
0.031982,0.212402,1.123169
0.374512,-0.395996,0.998169
-0.450317,0.047241,0.865967
0.533813,-0.181274,1.160767
-0.121582,-0.311035,0.865112
-0.030273,0.205200,1.112793
0.419922,-0.381226,1.013550
-0.451538,0.017944,0.846924
0.501831,-0.140625,1.153442
-0.031860,-0.343262,0.883423
-0.089355,0.197510,1.093506
0.442993,-0.353638,1.041626
-0.453979,-0.015381,0.845947
0.468384,-0.099487,1.174805
-0.023315,-0.317383,0.874512
-0.160522,0.203979,1.066528
0.476685,-0.304688,1.082520
-0.442383,-0.082153,0.816895
0.437378,-0.060547,1.179443
0.021606,-0.335205,0.885254
-0.254883,0.231689,1.029785
0.517822,-0.312256,1.095459
-0.418091,-0.113159,0.816040
0.371948,-0.050781,1.162476
0.068970,-0.343384,0.910522
-0.296509,0.184204,0.969482
0.542847,-0.275757,1.125000
-0.380615,-0.154907,0.816162
0.286255,-0.014648,1.137939
0.142700,-0.380371,0.927002
-0.340820,0.160278,0.942383
0.547363,-0.245361,1.117676
-0.345093,-0.189697,0.807129
0.201904,0.066162,1.132446
0.232666,-0.428467,0.942749
-0.409668,0.146240,0.912231
0.534058,-0.213379,1.126587
-0.286011,-0.232788,0.827881
0.115234,0.104736,1.107422
0.272583,-0.418701,0.943359
-0.451660,0.098877,0.879272
0.552856,-0.198975,1.145264
-0.206787,-0.270020,0.836182
0.000366,0.158569,1.082153
0.318115,-0.386719,0.960083
-0.452026,0.022583,0.859253
0.523560,-0.179077,1.146484
-0.118774,-0.321167,0.829956
-0.058594,0.170288,1.058838
0.351685,-0.343506,0.981445
-0.467773,-0.029663,0.807495
0.510986,-0.177124,1.161987
-0.111084,-0.361816,0.818481
-0.135620,0.182983,1.048340
0.398926,-0.361450,0.989624
-0.485962,0.005737,0.813843
0.454346,-0.102905,1.157227
-0.075684,-0.372070,0.827393
-0.204590,0.181763,1.035522
0.438599,-0.333496,1.030518
-0.500244,-0.024536,0.790527
0.406006,-0.088379,1.138428
-0.051270,-0.306152,0.847168
-0.257446,0.198608,1.006104
0.469360,-0.306030,1.061279
-0.468872,-0.098633,0.771606
0.321167,-0.038696,1.133057
-0.001709,-0.365479,0.859985
-0.329712,0.171753,0.950684
0.495728,-0.299316,1.061401
-0.454712,-0.098267,0.768555
0.267334,-0.013916,1.110962
0.082642,-0.416504,0.877441
-0.388062,0.142700,0.911377
0.479370,-0.258179,1.068604
-0.424072,-0.136719,0.761597
0.181396,0.055542,1.099609
0.143555,-0.417725,0.886597
-0.439819,0.132324,0.890625
0.502197,-0.246826,1.092285
-0.387939,-0.181152,0.763062
0.087769,0.119873,1.069702
0.191406,-0.417847,0.890869
-0.455078,0.093018,0.856445
0.494507,-0.246582,1.070068
-0.334229,-0.208496,0.783203
0.015503,0.119507,1.041382
0.224243,-0.407104,0.901855
-0.488770,0.045898,0.824097
0.488403,-0.200928,1.095093
-0.259644,-0.246338,0.786865
-0.054565,0.133301,1.018066
0.266357,-0.423340,0.896729
-0.505493,0.007935,0.799438
0.476929,-0.179565,1.097412
-0.219238,-0.296021,0.748291
-0.130981,0.154785,0.988647
0.328125,-0.400024,0.931641
-0.532959,0.004883,0.766846
0.446411,-0.183105,1.083862
-0.164795,-0.330444,0.761963
-0.207275,0.175903,0.981079
0.360107,-0.334229,0.969849
-0.548096,-0.037109,0.755615
0.381958,-0.162598,1.090332
-0.142456,-0.367065,0.756958
-0.276123,0.174072,0.949585
0.393433,-0.333008,0.976929
-0.549194,-0.012939,0.759155
0.310303,-0.101929,1.078857
-0.062988,-0.368896,0.796143
-0.371582,0.192139,0.906860
0.418457,-0.335571,0.983032
-0.507202,-0.077026,0.745605
0.223022,-0.021851,1.070312
-0.000610,-0.368530,0.813843
-0.448853,0.176147,0.880615
0.452515,-0.322876,1.010742
-0.476929,-0.137939,0.740112
0.101562,0.066895,1.046143
0.070923,-0.404053,0.818359
-0.503296,0.157959,0.845215
0.458252,-0.276733,1.020874
-0.385132,-0.195312,0.760742
0.019287,0.086426,1.026123
0.153442,-0.419922,0.839233
-0.562988,0.099854,0.789185
0.448486,-0.229248,1.033936
-0.286865,-0.270020,0.747070
-0.078247,0.149048,1.007324
0.237793,-0.396118,0.868530
-0.570923,0.060791,0.767578
0.388794,-0.179810,1.029785
-0.240479,-0.320068,0.712646
-0.136719,0.154297,0.991333
0.317383,-0.372681,0.919556
-0.611206,0.050537,0.765625
0.354126,-0.183350,1.018433
-0.192993,-0.361450,0.726318
-0.228516,0.144409,0.948730
0.370117,-0.382446,0.938843
-0.593140,0.071411,0.766357
0.297729,-0.102661,1.019653
-0.144897,-0.327515,0.749878
-0.340942,0.157227,0.895264
0.396240,-0.352173,0.975830
-0.566162,-0.048828,0.709106
0.231812,-0.046021,1.030640
-0.073608,-0.375000,0.756470
-0.438965,0.211304,0.875732
0.420532,-0.305664,0.985474
-0.527588,-0.074219,0.731079
0.149414,-0.004883,1.014771
0.014648,-0.421265,0.790894
-0.500854,0.201050,0.840942
0.417480,-0.257324,0.994263
-0.462891,-0.135254,0.721558
0.063965,0.085571,1.023682
0.104858,-0.415405,0.825195
-0.559937,0.176636,0.812866
0.419800,-0.239990,0.996338
-0.363525,-0.202271,0.743408
-0.022827,0.143921,1.010864
0.174438,-0.431274,0.829346
-0.600952,0.140747,0.778931
0.433228,-0.212402,1.020508
-0.269287,-0.271484,0.729614
-0.127197,0.173950,0.969116
0.253784,-0.395508,0.876099
-0.606201,0.073975,0.746704
0.403198,-0.186523,1.021240
-0.200684,-0.336426,0.717163
-0.207153,0.187622,0.945190
0.322754,-0.363647,0.913696
-0.633667,0.050049,0.720581
0.345581,-0.150757,1.018311
-0.122925,-0.384521,0.731323
-0.274902,0.187256,0.921875
0.343628,-0.311890,0.927368
-0.605225,0.047974,0.711304
0.277344,-0.062866,1.013062
-0.066040,-0.408813,0.750366
-0.392944,0.202759,0.880371
0.397827,-0.321777,0.950684
-0.567261,-0.002808,0.708862
0.170776,0.007812,0.984985
-0.014648,-0.404663,0.771973
-0.472900,0.177124,0.835938
0.427246,-0.287354,0.979614
-0.483887,-0.097412,0.721924
0.092163,0.123291,1.024170
0.036865,-0.384521,0.776245
-0.537231,0.204590,0.834106
0.448608,-0.289429,0.987671
-0.422607,-0.149292,0.735352
0.047974,0.120850,1.008179
0.124756,-0.374634,0.818481
-0.585327,0.175049,0.795288
0.429199,-0.230347,0.998657
-0.350464,-0.183105,0.745483
-0.034912,0.167969,0.995850
0.201660,-0.428101,0.841797
-0.580811,0.148071,0.795898
0.422363,-0.159058,1.025146
-0.292114,-0.216309,0.727539
-0.110107,0.199463,0.968628
0.269287,-0.388306,0.876831
-0.610596,0.115356,0.778564
0.423706,-0.208008,1.012207
-0.209595,-0.268677,0.743774
-0.192261,0.223022,0.934570
0.316650,-0.332275,0.914429
-0.591187,0.032227,0.730469
0.372925,-0.132324,1.029053
-0.139160,-0.350464,0.732300
-0.267578,0.199097,0.895874
0.370605,-0.364258,0.907959
-0.570801,0.054321,0.750610
0.329224,-0.051147,1.032593
-0.089355,-0.373291,0.734741
-0.345093,0.209717,0.868286
0.383179,-0.335815,0.927002
-0.553955,-0.060913,0.715820
0.269775,-0.052612,1.008545
-0.028809,-0.382812,0.755127
-0.434448,0.241089,0.830444
0.414185,-0.275635,0.940796
-0.499023,-0.105103,0.713135
0.178711,-0.011230,1.001343
0.019897,-0.390503,0.791382
-0.491089,0.220093,0.813721
0.427734,-0.214844,0.975342
-0.429321,-0.107422,0.733643
0.090820,0.087769,1.030396
0.111084,-0.427368,0.823853
-0.549927,0.178101,0.805786
0.435669,-0.189819,0.992676
-0.349487,-0.136230,0.751831
-0.139893,0.208252,0.970947
0.286621,-0.360352,0.897461
-0.605469,0.091919,0.767700
0.385864,-0.154053,1.016968
-0.268433,-0.219727,0.744019
-0.222534,0.188843,0.925171
0.357300,-0.369751,0.916138
-0.605591,0.052490,0.737671
0.342163,-0.094238,1.015259
-0.113892,-0.372437,0.714844
-0.317505,0.210815,0.881226
0.376709,-0.322510,0.928467
-0.559814,-0.009399,0.723633
0.270996,-0.079346,1.004395
-0.074707,-0.402100,0.725464
-0.386841,0.200317,0.852295
0.415894,-0.302490,0.947754
-0.551025,-0.029419,0.708252
0.175415,0.006348,0.991699
-0.005127,-0.410767,0.769409
-0.444702,0.196167,0.836914
0.418091,-0.260376,0.964600
-0.492554,-0.072388,0.735718
0.095703,0.081909,1.000244
0.073364,-0.417969,0.797729
-0.515869,0.184326,0.819580
0.429443,-0.205933,0.996338
-0.406738,-0.119507,0.752808
0.025879,0.163086,1.005737
0.146606,-0.412476,0.824951
-0.551636,0.123047,0.786377
0.433350,-0.181885,1.009766
-0.314209,-0.159424,0.749146
-0.050049,0.211426,1.004761
0.229248,-0.380493,0.862671
-0.599976,0.103149,0.759521
0.435791,-0.175415,1.022949
-0.245117,-0.219727,0.735718
-0.123169,0.235718,0.969360
0.295410,-0.361938,0.889526
-0.607056,0.088989,0.762085
0.404053,-0.181641,1.009033
-0.155884,-0.339355,0.743652
-0.194946,0.206177,0.927246
0.337769,-0.340210,0.912354
-0.580811,0.085938,0.752075
0.378418,-0.115723,1.029541
-0.110474,-0.364014,0.737061
-0.238403,0.175903,0.901611
0.356812,-0.332153,0.910522
-0.576416,0.106812,0.758423
0.349243,-0.101318,0.998291
-0.069214,-0.375244,0.744141
-0.301758,0.190674,0.875732
0.392212,-0.316650,0.929810
-0.561890,0.036011,0.732544
0.281860,-0.041138,1.001587
-0.021606,-0.392700,0.765991
-0.354126,0.163208,0.848755
0.409790,-0.318481,0.939209
-0.545166,-0.028320,0.712891
0.234009,-0.008057,0.997437
0.034058,-0.428711,0.765503
-0.409424,0.186646,0.840454
0.425659,-0.279297,0.953735
-0.507446,-0.045288,0.736450
0.168823,0.025146,1.010010
0.066284,-0.439941,0.787354
-0.445679,0.167236,0.822388
0.433228,-0.224487,0.985718
-0.460571,-0.065796,0.743286
0.104736,0.098145,1.020142
0.129028,-0.417114,0.823242
-0.496216,0.119873,0.793457
0.425537,-0.186401,0.998779
-0.400269,-0.103638,0.742310
0.041382,0.165405,1.023315
0.183838,-0.401367,0.840698
-0.563599,0.103394,0.770264
0.451172,-0.230713,1.006470
-0.332031,-0.179321,0.753052
-0.036621,0.194336,0.998779
0.250610,-0.401489,0.863525
-0.577759,0.077881,0.749268
0.441406,-0.225830,1.014160
-0.242432,-0.249756,0.751343
-0.082886,0.221436,0.993652
0.295654,-0.382568,0.888550
-0.590942,0.085327,0.736938
0.407227,-0.215942,0.999268
-0.147095,-0.310791,0.786377
-0.128540,0.176758,0.963135
0.306519,-0.334717,0.899658
-0.567383,0.084595,0.748413
0.387817,-0.172607,1.010498
-0.094116,-0.379883,0.781006
-0.203247,0.158447,0.918579
0.355713,-0.344971,0.922119
-0.561035,0.036743,0.738892
0.353271,-0.123901,1.009155
-0.035400,-0.411499,0.766357
-0.252686,0.153809,0.893921
0.369629,-0.315674,0.935547
-0.527710,-0.059814,0.737915
0.308960,-0.095459,1.001099
0.005249,-0.438965,0.774170
-0.327271,0.152222,0.857178
0.422363,-0.319092,0.960815
-0.508545,-0.026123,0.750366
0.213135,-0.040771,0.986572
0.031006,-0.430908,0.781738
-0.353149,0.083618,0.829468
0.454224,-0.312378,0.984619
-0.494629,-0.060669,0.737427
0.144775,0.055664,1.011108
0.074829,-0.439819,0.784912
-0.414551,0.072266,0.801514
0.478516,-0.284912,1.008667
-0.431519,-0.120728,0.746338
0.059814,0.115356,1.011597
0.156616,-0.498901,0.809814
-0.471069,0.066284,0.790527
0.478149,-0.276367,1.020996
-0.384644,-0.137451,0.756226
-0.015015,0.188721,1.017700
0.247192,-0.440796,0.854370
-0.523804,0.033081,0.751343
0.470459,-0.295410,1.017090
-0.270874,-0.224365,0.792358
-0.082031,0.198486,0.994995
0.277222,-0.371338,0.889526
-0.540894,0.021484,0.755371
0.446289,-0.274658,1.026367
-0.168213,-0.319458,0.798340
-0.137085,0.155640,0.974121
0.322021,-0.342529,0.927490
-0.541626,0.037354,0.756226
0.400635,-0.171509,1.043701
-0.064819,-0.369995,0.799805
-0.213013,0.167725,0.959961
0.387817,-0.430176,0.922729
-0.534546,0.003174,0.760010
0.334229,-0.109619,1.008179
-0.006592,-0.376953,0.787354
-0.256104,0.143311,0.916504
0.434937,-0.378418,0.974487
-0.514893,-0.088867,0.741943
0.273560,-0.067017,1.010742
0.044800,-0.450317,0.780273
-0.293457,0.105591,0.886108
0.445190,-0.318970,0.998291
-0.477295,-0.122437,0.741699
0.222046,-0.042847,1.007202
0.091919,-0.470825,0.811523
-0.374023,0.081665,0.852417
0.475342,-0.286621,1.031372
-0.427734,-0.126953,0.757080
0.145630,0.058594,1.037109
0.160400,-0.445190,0.848022
-0.446533,0.091675,0.829712
0.494995,-0.300049,1.032471
-0.379639,-0.188110,0.755249
0.060669,0.152832,1.053589
0.233398,-0.428833,0.884644
-0.472656,0.033325,0.789917
0.490479,-0.303223,1.042725
-0.323730,-0.234863,0.761230
-0.009399,0.179565,1.042358
0.289551,-0.459473,0.905518
-0.480225,0.007446,0.783691
0.459473,-0.235718,1.053711
-0.237305,-0.269653,0.793091
-0.064941,0.179565,1.021240
0.335205,-0.439453,0.932007
-0.497803,0.018799,0.782349
0.453125,-0.192139,1.078613
-0.171753,-0.269653,0.816162
-0.116333,0.231689,1.032349
0.370361,-0.438965,0.943359
-0.505615,-0.001831,0.804932
0.453247,-0.187134,1.093262
-0.099365,-0.293823,0.839966
-0.163696,0.236694,1.023804
0.402466,-0.419189,0.957031
-0.499756,-0.019287,0.791382
0.412109,-0.151611,1.091309
-0.008911,-0.378174,0.847534
-0.212036,0.227173,1.007202
0.435669,-0.387329,0.984131
-0.470703,-0.053589,0.784058
0.374268,-0.104980,1.089355
0.051147,-0.440186,0.827148
-0.236694,0.198242,0.988647
0.456421,-0.344238,1.017212
-0.450317,-0.062866,0.799316
0.326294,-0.083252,1.073486
0.083984,-0.458374,0.852539
-0.272827,0.167603,0.970825
0.477661,-0.294067,1.055420
-0.432251,-0.075317,0.786987
0.275269,-0.035278,1.081665
0.123047,-0.464233,0.874878
-0.320190,0.146606,0.970703
0.524292,-0.284546,1.081177
-0.411865,-0.100830,0.788940
0.211182,0.050293,1.070557
0.185791,-0.421997,0.922607
-0.361206,0.080566,0.916626
0.528320,-0.263184,1.112427
-0.358765,-0.165405,0.787109
0.167603,0.102295,1.094727
0.231079,-0.449829,0.913940
-0.391235,0.052612,0.867676
0.557861,-0.270386,1.118652
-0.317139,-0.197510,0.800171
0.112915,0.156372,1.094116
0.284790,-0.451782,0.928467
-0.429321,0.046265,0.848389
0.551514,-0.255493,1.109985
-0.262451,-0.223389,0.822998
0.055664,0.183350,1.094849
0.316162,-0.444214,0.937256
-0.444946,0.043579,0.843506
0.532227,-0.211060,1.130981
-0.204834,-0.274414,0.836426
0.001709,0.186768,1.082886
0.357056,-0.404541,0.978760
-0.449219,0.004272,0.824951
0.527344,-0.200806,1.147949
-0.154785,-0.290894,0.843384
-0.029785,0.204102,1.088501
0.394165,-0.386353,0.991699
-0.447021,0.003540,0.827271
0.504395,-0.171753,1.138184
-0.080811,-0.331543,0.859985
-0.078613,0.218384,1.084229
0.422363,-0.353149,1.012817
-0.452881,-0.007202,0.831665
0.487793,-0.177246,1.148193
-0.001099,-0.374878,0.897827
-0.127319,0.207397,1.061157
0.438599,-0.355957,1.025024
-0.451294,-0.023193,0.833740
0.473877,-0.130371,1.166260
0.028564,-0.379395,0.892212
-0.163452,0.226440,1.068237
0.464966,-0.334351,1.044556
-0.448120,-0.037354,0.825684
0.458984,-0.130615,1.153442
0.053101,-0.352417,0.912354
-0.202393,0.227417,1.040161
0.493774,-0.278809,1.089111
-0.432007,-0.065674,0.811279
0.406250,-0.077148,1.155396
0.057617,-0.406372,0.899292
-0.235718,0.192505,1.035889
0.522949,-0.292603,1.106445
-0.427490,-0.071289,0.813232
0.370483,-0.037354,1.153442
0.103638,-0.388794,0.926270
-0.280762,0.206909,1.026733
0.544189,-0.276855,1.121948
-0.397705,-0.105591,0.820190
0.314453,0.019897,1.150879
0.152832,-0.394653,0.947266
-0.294189,0.176880,0.991333
0.547607,-0.257324,1.124634
-0.380371,-0.113892,0.823730
0.278442,0.016724,1.148438
0.194580,-0.427368,0.954956
-0.339966,0.130127,0.949829
0.569702,-0.248901,1.135132
-0.346191,-0.154663,0.814331
0.206909,0.102783,1.139893
0.253662,-0.424561,0.963989
-0.369385,0.100830,0.939941
0.561157,-0.232666,1.146729
-0.325195,-0.202637,0.806641
0.133179,0.137939,1.112305
0.300049,-0.409912,0.987061
-0.387939,0.074341,0.905151
0.559937,-0.212402,1.163940
-0.274658,-0.222656,0.831665
0.086548,0.151489,1.106812
0.329102,-0.411011,0.987183
-0.409912,0.069580,0.888062
0.547485,-0.173950,1.163330
-0.229126,-0.254272,0.838501
0.045776,0.142700,1.096558
0.352905,-0.385864,0.997925
-0.428467,0.061035,0.875366
0.542114,-0.150635,1.161621
-0.171509,-0.258667,0.863892
0.004272,0.174927,1.112793
0.376709,-0.393188,0.999268
-0.448486,0.018677,0.848022
0.516113,-0.150879,1.155762
-0.091919,-0.288330,0.877808
-0.059448,0.185547,1.089233
0.404175,-0.364990,1.021362
-0.456055,-0.014038,0.837036
0.499268,-0.121094,1.169922
-0.068359,-0.315186,0.841187
-0.117554,0.185059,1.064575
0.446411,-0.341797,1.040649
-0.461182,-0.041138,0.825439
0.461792,-0.092529,1.176758
-0.041016,-0.357910,0.840820
-0.188721,0.231079,1.057617
0.464722,-0.312866,1.050659
-0.460449,-0.053955,0.809570
0.421143,-0.089233,1.160400
0.003296,-0.369629,0.865845
-0.260376,0.215454,1.015015
0.484497,-0.286133,1.070312
-0.452393,-0.082031,0.794800
0.353516,-0.076782,1.147827
0.056885,-0.379150,0.896973
-0.305298,0.189209,0.974243
0.510254,-0.272705,1.087524
-0.426758,-0.112671,0.779053
0.287720,-0.014648,1.137085
0.118896,-0.393066,0.903809
-0.350708,0.142456,0.938232
0.519287,-0.269897,1.088135
-0.393799,-0.126953,0.798706
0.202393,0.058716,1.114990
0.177368,-0.404053,0.920898
-0.399048,0.111694,0.914917
0.518066,-0.254395,1.104980
-0.370239,-0.172485,0.781860
0.132446,0.100342,1.104370
0.221802,-0.420532,0.916138
-0.430176,0.087036,0.888794
0.510498,-0.226196,1.104980
-0.339355,-0.204712,0.782715
0.065552,0.146973,1.083374
0.246094,-0.420044,0.912964
-0.443848,0.058838,0.880981
0.511719,-0.216309,1.104004
-0.297729,-0.235474,0.793579
0.013306,0.125977,1.061401
0.286865,-0.387085,0.937256
-0.467163,0.041992,0.839722
0.489258,-0.202881,1.105225
-0.228394,-0.284058,0.785034
-0.027466,0.143311,1.047363
0.315063,-0.400391,0.931885
-0.507935,0.031128,0.813232
0.475342,-0.209229,1.091064
-0.187256,-0.328003,0.779785
-0.079346,0.149170,1.033081
0.338257,-0.384033,0.941162
-0.529297,0.024780,0.788452
0.452759,-0.208862,1.088867
-0.150269,-0.363892,0.772583
-0.143433,0.160156,1.018066
0.350098,-0.347534,0.952759
-0.548462,-0.004272,0.778564
0.435303,-0.180054,1.103882
-0.133911,-0.374512,0.768677
-0.217773,0.189453,0.987671
0.378418,-0.340820,0.960449
-0.548950,-0.011353,0.765381
0.394653,-0.173340,1.093506
-0.096436,-0.387939,0.792725
-0.283447,0.194580,0.954834
0.397827,-0.316406,0.977295
-0.535034,-0.036865,0.754395
0.338013,-0.127808,1.074707
-0.066162,-0.387695,0.792725
-0.325562,0.169556,0.929443
0.416748,-0.306763,0.996338
-0.522217,-0.030762,0.749390
0.267944,-0.077148,1.065430
-0.020020,-0.387939,0.827637
-0.396973,0.166382,0.917114
0.454102,-0.312744,1.019897
-0.481567,-0.075562,0.741455
0.166260,0.056763,1.062378
0.047607,-0.390381,0.838745
-0.432373,0.134644,0.891846
0.456177,-0.302856,1.025757
-0.473755,-0.131592,0.732910
0.111450,0.112793,1.055420
0.086304,-0.358643,0.844116
-0.481567,0.102661,0.849365
0.465454,-0.280762,1.046143
-0.403442,-0.210449,0.737671
0.053223,0.151489,1.044312
0.128052,-0.395996,0.832275
-0.529053,0.099609,0.814697
0.465576,-0.291138,1.026367
-0.358154,-0.239990,0.741333
-0.003296,0.139282,1.029053
0.192871,-0.411499,0.854980
-0.548096,0.098511,0.800171
0.441528,-0.224121,1.043945
-0.300415,-0.282715,0.732666
-0.045166,0.151855,1.023071
0.224976,-0.419312,0.860474
-0.592285,0.106689,0.789307
0.451294,-0.242310,1.037720
-0.254517,-0.276123,0.737671
-0.127808,0.178345,0.982544
0.291260,-0.398315,0.897217
-0.596436,0.051636,0.759644
0.422729,-0.194702,1.043091
-0.233276,-0.302368,0.719116
-0.195068,0.169189,0.962280
0.318359,-0.363525,0.922607
-0.604126,0.024170,0.745972
0.372681,-0.190186,1.037720
-0.171265,-0.373901,0.723877
-0.262329,0.185303,0.937012
0.344727,-0.317871,0.931885
-0.606567,0.007568,0.739746
0.342407,-0.174316,1.026978
-0.120972,-0.403076,0.748169
-0.340210,0.177612,0.891724
0.381226,-0.320068,0.944458
-0.584229,0.046753,0.720825
0.244751,-0.083862,1.009399
-0.051392,-0.398682,0.783936
-0.405396,0.159180,0.885864
0.389404,-0.286133,0.973633
-0.563843,-0.028442,0.701782
0.150757,-0.002441,0.992920
0.005005,-0.410278,0.789307
-0.476929,0.182129,0.859375
0.415894,-0.260742,1.000000
-0.503296,-0.119751,0.696533
0.063843,0.101685,1.017456
0.089233,-0.411011,0.819214
-0.553833,0.180786,0.822144
0.420654,-0.249390,0.988037
-0.415283,-0.140503,0.734741
0.019043,0.135010,1.018433
0.160522,-0.418945,0.838989
-0.594849,0.157593,0.793945
0.419556,-0.216797,0.996704
-0.332520,-0.203979,0.734619
-0.051636,0.182251,0.996216
0.204834,-0.421753,0.841919
-0.597534,0.104248,0.788818
0.412231,-0.210693,1.001221
-0.287476,-0.256714,0.705566
-0.117798,0.208130,0.978149
0.280762,-0.374512,0.892090
-0.613159,0.067749,0.758911
0.386963,-0.183594,1.019165
-0.232788,-0.294556,0.707397
-0.175903,0.186035,0.931519
0.307495,-0.341797,0.903687
-0.620728,0.057007,0.741333
0.387939,-0.187256,1.018433
-0.177124,-0.360107,0.700684
-0.223755,0.177612,0.911743
0.339111,-0.333008,0.918091
-0.621338,0.054688,0.718506
0.350220,-0.147095,1.011108
-0.126831,-0.376953,0.729736
-0.309326,0.169556,0.881470
0.363647,-0.311768,0.938965
-0.593872,0.023071,0.707764
0.294189,-0.059204,1.017578
-0.079834,-0.388672,0.741821
-0.381592,0.192627,0.868774
0.394653,-0.320435,0.935059
-0.574707,0.017456,0.708130
0.234619,-0.027100,1.011841
-0.028442,-0.418213,0.751343
-0.422241,0.212158,0.862549
0.397705,-0.278076,0.949707
-0.542603,-0.019897,0.718872
0.153076,0.021851,0.992065
0.035034,-0.404541,0.793457
-0.494507,0.195435,0.831543
0.416870,-0.244141,0.979858
-0.478882,-0.094727,0.720215
0.080322,0.113159,1.020874
0.105713,-0.412598,0.810547
-0.550049,0.192993,0.833496
0.430542,-0.234985,0.989258
-0.385864,-0.136475,0.740967
0.001953,0.171387,1.015259
0.182007,-0.390747,0.846924
-0.597534,0.121826,0.766113
0.426880,-0.190918,1.022217
-0.300903,-0.211792,0.735840
-0.059204,0.198486,0.989502
0.257568,-0.372559,0.875854
-0.621826,0.114380,0.750488
0.419067,-0.175171,1.024902
-0.193481,-0.319702,0.720581
-0.145630,0.211426,0.949585
0.299194,-0.350220,0.887085
-0.610718,0.081543,0.735229
0.403320,-0.164551,1.026367
-0.141968,-0.355225,0.732422
-0.218506,0.196045,0.912354
0.344971,-0.332886,0.909180
-0.608032,0.082031,0.741211
0.349365,-0.124512,1.018311
-0.081909,-0.402344,0.741455
-0.262573,0.180298,0.890259
0.365601,-0.296997,0.926514
-0.587402,0.090454,0.731079
0.309204,-0.082642,0.997803
-0.043091,-0.398804,0.749634
-0.342529,0.159546,0.849609
0.402954,-0.276611,0.939331
-0.558594,0.033691,0.714478
0.231567,0.002441,0.993896
0.000366,-0.398926,0.764404
-0.395020,0.169189,0.840576
0.427246,-0.286499,0.959839
-0.505493,-0.026489,0.734497
0.135864,0.073730,0.995605
0.055786,-0.385742,0.799194
-0.460449,0.164795,0.831055
0.438477,-0.245605,0.986938
-0.463013,-0.084229,0.734863
0.086304,0.122314,1.023926
0.117920,-0.416138,0.814087
-0.518555,0.163940,0.812378
0.433838,-0.223267,0.996460
-0.395020,-0.133179,0.742310
0.014160,0.146484,1.011108
0.193237,-0.441772,0.840820
-0.561035,0.137451,0.773682
0.448853,-0.178345,1.018433
-0.299927,-0.160889,0.750732
-0.067017,0.203613,0.984253
0.251465,-0.401001,0.864014
-0.587769,0.081665,0.746704
0.453247,-0.202148,1.042236
-0.219971,-0.272583,0.745850
-0.127319,0.230469,0.963867
0.301514,-0.365845,0.887573
-0.597168,0.105957,0.756714
0.414429,-0.184204,1.020874
-0.123291,-0.347900,0.767944
-0.177490,0.201660,0.933105
0.328003,-0.328613,0.910767
-0.591797,0.088745,0.736816
0.377075,-0.175049,1.015625
-0.061035,-0.411499,0.767578
-0.228882,0.180786,0.903198
0.361938,-0.307373,0.921997
-0.567383,0.045410,0.738892
0.355713,-0.116577,1.014404
-0.031616,-0.399780,0.766968
-0.278809,0.154053,0.866455
0.392212,-0.298462,0.942505
-0.547119,0.020142,0.735107
0.264038,-0.073608,0.983032
0.007324,-0.435669,0.778076
-0.328857,0.119995,0.844971
0.422119,-0.287598,0.960571
-0.529175,-0.017456,0.735718
0.201050,-0.026001,0.979248
0.050659,-0.446045,0.773926
-0.396606,0.127686,0.828491
0.447754,-0.274048,0.981079
-0.483398,-0.019897,0.761108
0.127197,0.067261,1.003052
0.093872,-0.422852,0.811279
-0.461548,0.091309,0.791016
0.455566,-0.274780,0.994019
-0.436157,-0.123047,0.738037
0.076416,0.125366,1.028564
0.163208,-0.442749,0.822021
-0.518188,0.112549,0.775879
0.445679,-0.252441,0.995972
-0.340332,-0.192505,0.761597
-0.010986,0.137207,1.007690
0.237915,-0.445801,0.860962
-0.560303,0.083740,0.736450
0.437500,-0.211792,1.024048
-0.241577,-0.246826,0.767090
-0.087402,0.186646,1.005859
0.299805,-0.451050,0.880981
-0.576050,0.059448,0.751099
0.408569,-0.175659,1.022949
-0.136353,-0.305786,0.777222
-0.167358,0.214844,0.976074
0.337524,-0.381226,0.919189
-0.551758,0.002441,0.745972
0.381470,-0.176636,1.025024
-0.060425,-0.381714,0.774048
-0.237549,0.188110,0.918457
0.382080,-0.328247,0.941895
-0.530273,-0.020142,0.756348
0.328857,-0.151733,1.001587
-0.009155,-0.430786,0.793457
-0.275146,0.110962,0.882202
0.416748,-0.317627,0.973022
-0.511475,-0.035156,0.748291
0.243652,-0.030640,1.012695
0.055786,-0.464478,0.782837
-0.339722,0.109009,0.856689
0.438843,-0.324097,0.972534
-0.497925,-0.077026,0.727661
0.190796,-0.012817,1.003662
0.088745,-0.472290,0.802734
-0.404297,0.091431,0.822632
0.474976,-0.291138,1.006104
-0.444824,-0.100098,0.742920
0.118408,0.081421,1.026123
0.146606,-0.438477,0.833618
-0.433838,0.076904,0.811035
0.466919,-0.284790,1.017090
-0.408936,-0.146118,0.751709
0.065796,0.094971,1.026978
0.220947,-0.497437,0.852661
-0.482056,0.070190,0.792725
0.471313,-0.287964,1.016235
-0.336670,-0.195190,0.772095
-0.001099,0.156494,1.025635
0.245239,-0.446777,0.880493
-0.497070,0.018066,0.764771
0.476929,-0.259399,1.042969
-0.275146,-0.213013,0.786621
-0.065918,0.193481,1.021729
0.312500,-0.489624,0.891968
-0.516602,0.006592,0.762085
0.456665,-0.224487,1.044067
-0.202881,-0.239258,0.800049
-0.111816,0.214600,1.019287
0.349731,-0.423828,0.944702
-0.510132,0.000366,0.787109
0.432007,-0.212891,1.049072
-0.146362,-0.308716,0.793457
-0.137939,0.213623,1.017944
0.378052,-0.394653,0.962891
-0.526978,0.018433,0.767944
0.405396,-0.160645,1.060669
-0.052246,-0.386841,0.808472
-0.184082,0.185547,0.983521
0.396484,-0.382935,0.970581
-0.502197,-0.031616,0.760742
0.379639,-0.123047,1.058472
0.000366,-0.427368,0.799561
-0.217651,0.169434,0.965576
0.443970,-0.367920,0.985107
-0.488403,-0.039062,0.759033
0.325562,-0.094238,1.049927
0.053833,-0.454468,0.815552
-0.258545,0.138184,0.935669
0.483154,-0.361328,1.023071
-0.466797,-0.068970,0.762085
0.277222,-0.024536,1.056885
0.083130,-0.411011,0.841187
-0.300293,0.130859,0.935547
0.496826,-0.368042,1.036011
-0.425171,-0.120972,0.791504
0.224976,0.036987,1.070190
0.105469,-0.409546,0.854126
-0.345093,0.131348,0.914673
0.501831,-0.302368,1.062988
-0.399292,-0.158325,0.793701
0.202026,0.014282,1.066650
0.171875,-0.433350,0.879028
-0.398804,0.117554,0.859009
0.527588,-0.274658,1.062988
-0.354980,-0.179565,0.786987
0.144165,0.051392,1.064453
0.227661,-0.448608,0.905151
-0.434448,0.071777,0.828979
0.541748,-0.246704,1.093628
-0.297729,-0.207520,0.798828
0.047974,0.134399,1.064697
0.312866,-0.486694,0.918213
-0.459106,0.025269,0.808960
0.519775,-0.187256,1.132324
-0.214600,-0.244751,0.822876
-0.034790,0.214966,1.066162
0.365723,-0.440674,0.949097
-0.530151,0.009644,0.767578
0.395508,-0.190308,1.047852
-0.109619,-0.322388,0.848999
-0.206421,0.184448,0.981689
0.392822,-0.322266,0.975464
-0.514648,-0.009155,0.762695
0.329834,-0.121704,1.034302
0.063599,-0.458984,0.831055
-0.263794,0.102783,0.934814
0.445068,-0.334106,0.998535
-0.472534,-0.056885,0.751221
0.267578,-0.021484,1.041870
0.080811,-0.417969,0.843994
-0.312622,0.116943,0.917725
0.486206,-0.325684,1.032349
-0.439087,-0.114746,0.767944
0.193726,0.027344,1.036743
0.115601,-0.417114,0.858398
-0.349976,0.094482,0.905640
0.509888,-0.317139,1.054321
-0.419922,-0.134888,0.753540
0.140625,0.104004,1.057861
0.177734,-0.403076,0.888306
-0.393311,0.032593,0.844727
0.519531,-0.314819,1.083740
-0.387451,-0.198853,0.757568
0.113647,0.104248,1.054321
0.244995,-0.455078,0.888428
-0.431763,0.096313,0.844849
0.502075,-0.277344,1.065674
-0.331177,-0.241943,0.770386
0.100220,0.063843,1.040039
0.270142,-0.456787,0.919434
-0.455688,0.078979,0.813232
0.504517,-0.216187,1.080933
-0.280640,-0.188354,0.807251
0.039429,0.128174,1.060425
0.326904,-0.507080,0.929688
-0.455688,0.033936,0.801758
0.484253,-0.158813,1.102661
-0.237671,-0.220703,0.806519
0.004395,0.150635,1.063965
0.364624,-0.483521,0.951294
-0.476562,0.037109,0.818359
0.490601,-0.167236,1.105225
-0.191895,-0.226807,0.835327
-0.064331,0.186401,1.046997
0.401611,-0.445435,0.984741
-0.456543,0.002808,0.822998
0.460571,-0.102783,1.127197
-0.130493,-0.266968,0.836182
-0.089478,0.193726,1.073608
0.424316,-0.421875,1.007324
-0.480591,-0.011963,0.805298
0.447388,-0.100342,1.124146
-0.008301,-0.315430,0.882324
-0.154419,0.227783,1.051636
0.444214,-0.352173,1.030029
-0.450439,-0.090698,0.794312
0.422119,-0.099487,1.134033
0.053955,-0.361084,0.885742
-0.210693,0.217407,1.023438
0.479248,-0.306396,1.062256
-0.426514,-0.120239,0.803345
0.362061,-0.088989,1.116455
0.072754,-0.371460,0.890381
-0.249634,0.187134,1.004028
0.509521,-0.271973,1.090210
-0.408936,-0.110596,0.804443
0.288208,-0.032227,1.103149
0.140625,-0.434570,0.907227
-0.307373,0.151123,0.971313
0.555054,-0.249512,1.124390
-0.384277,-0.119751,0.799316
0.200317,0.075562,1.108521
0.252686,-0.480347,0.942261
-0.344727,0.084351,0.946777
0.536499,-0.222900,1.140503
-0.338745,-0.175415,0.805542
0.137451,0.132935,1.106567
0.311157,-0.461914,0.958374
-0.403687,0.048950,0.882446
0.546997,-0.204102,1.160278
-0.250610,-0.243774,0.835938
0.049927,0.180786,1.103760
0.325684,-0.403931,0.969116
-0.414673,0.027466,0.872559
0.552979,-0.222168,1.151855
-0.145020,-0.288452,0.873779
-0.015991,0.217896,1.092163
0.374512,-0.373047,0.992310
-0.445679,0.021118,0.848022
0.538818,-0.196289,1.162598
-0.073242,-0.323364,0.881592
-0.054810,0.208862,1.076660
0.411743,-0.337524,1.024170
-0.450928,0.001709,0.830444
0.501587,-0.151489,1.176880
0.002808,-0.404785,0.892822
-0.117676,0.191162,1.067749
0.449585,-0.331421,1.046143
-0.445435,-0.012817,0.827148
0.464478,-0.105957,1.169312
0.021851,-0.383423,0.887451
-0.189697,0.192139,1.036377
0.488159,-0.301392,1.080933
-0.414429,-0.073975,0.837402
0.412842,-0.047241,1.181274
0.048340,-0.347656,0.901733
-0.227173,0.224121,1.038818
0.523315,-0.277466,1.106689
-0.409790,-0.092529,0.824829
0.357544,-0.039062,1.157104
0.114746,-0.404663,0.925781
-0.283081,0.198853,1.000610
0.538696,-0.268188,1.117065
-0.377686,-0.125366,0.824341
0.291626,0.024780,1.159546
0.171387,-0.387207,0.945679
-0.337158,0.142578,0.948242
0.568848,-0.269653,1.133301
-0.334473,-0.163940,0.835449
0.196533,0.086304,1.132690
0.238770,-0.417969,0.938965
-0.368896,0.105225,0.908569
0.567017,-0.224854,1.145264
-0.276978,-0.217651,0.850220
0.114380,0.104736,1.113403
0.313721,-0.427368,0.979980
-0.434204,0.104248,0.879395
0.552002,-0.191162,1.148193
-0.205078,-0.254639,0.857300
0.029907,0.167603,1.108887
0.367065,-0.417236,0.986328
-0.430542,0.051514,0.874634
0.531616,-0.118530,1.163574
-0.104248,-0.300659,0.862671
-0.054688,0.172119,1.077271
0.410156,-0.371094,1.034058
-0.454834,-0.026367,0.834229
0.486328,-0.110596,1.168945
-0.056274,-0.336792,0.841309
-0.116211,0.193726,1.083862
0.445801,-0.328979,1.041504
-0.455566,-0.029785,0.825073
0.436279,-0.072632,1.174316
0.004150,-0.347046,0.872437
-0.219238,0.196533,1.046021
0.469604,-0.282593,1.074829
-0.440063,-0.093506,0.819946
0.374268,-0.069824,1.152832
0.075562,-0.358398,0.895630
-0.305908,0.171997,0.971436
0.514771,-0.253174,1.117554
-0.389038,-0.157349,0.788574
0.256104,0.008057,1.124756
0.167969,-0.417236,0.908936
-0.374390,0.156860,0.944580
0.533691,-0.249390,1.104492
-0.339600,-0.198486,0.807129
0.133911,0.087524,1.098633
0.251465,-0.392456,0.943481
-0.445435,0.074829,0.869385
0.541138,-0.239624,1.135376
-0.257202,-0.297363,0.815796
0.031616,0.171631,1.087769
0.292114,-0.374023,0.939331
-0.464844,0.033691,0.839966
0.535034,-0.222778,1.140625
-0.153076,-0.341187,0.817383
-0.043213,0.136230,1.048462
0.340454,-0.371216,0.971924
-0.498779,0.019653,0.819824
0.486084,-0.188965,1.127808
-0.109375,-0.344360,0.826782
-0.088989,0.140137,1.051147
0.371704,-0.340088,0.982788
-0.521240,0.052979,0.794067
0.444824,-0.140869,1.127930
-0.087036,-0.338379,0.840454
-0.172241,0.148926,1.036865
0.419067,-0.362671,0.992432
-0.512695,0.014282,0.787354
0.398804,-0.057739,1.128662
-0.057373,-0.307861,0.837158
-0.234863,0.185547,1.020142
0.426147,-0.306152,1.041382
-0.505127,-0.060303,0.783447
0.375854,-0.124512,1.112671
-0.021851,-0.344604,0.849976
-0.310059,0.192017,0.963989
0.455811,-0.278809,1.044922
-0.465820,-0.101685,0.759155
0.286133,-0.054810,1.103516
0.022461,-0.368774,0.846680
-0.364502,0.151001,0.930664
0.482788,-0.314087,1.043091
-0.452393,-0.132446,0.765503
0.205933,-0.000366,1.084351
0.100708,-0.377930,0.877563
-0.426636,0.155762,0.893066
0.484375,-0.271851,1.060547
-0.421143,-0.187988,0.762573
0.119995,0.036743,1.061279
0.193115,-0.416138,0.888550
-0.498901,0.140503,0.850586
0.495605,-0.258545,1.067749
-0.304321,-0.237915,0.788330
0.005493,0.098389,1.033569
0.244385,-0.393921,0.898804
-0.507812,0.076172,0.826050
0.467651,-0.202759,1.075806
-0.229004,-0.269653,0.784302
-0.105957,0.137207,1.008179
0.303833,-0.387085,0.921143
-0.513916,-0.019043,0.783081
0.425293,-0.162231,1.083862
-0.170898,-0.305054,0.762085
-0.221191,0.173340,0.966064
0.351196,-0.337769,0.962158
-0.531494,-0.073853,0.744873
0.389038,-0.140625,1.093628
-0.122070,-0.332642,0.767822
-0.325195,0.193237,0.927368
0.405151,-0.317505,0.989014
-0.531494,-0.084106,0.743042
0.300049,-0.086670,1.082031
-0.044434,-0.387695,0.794189
-0.406250,0.207886,0.904419
0.418945,-0.297119,0.996338
-0.496094,-0.108398,0.744629
0.194946,-0.027832,1.054688
0.050903,-0.418945,0.832520
-0.475586,0.157349,0.849854
0.430786,-0.251587,1.032104
-0.461426,-0.131836,0.741333
0.088135,0.046265,1.038086
0.139038,-0.436523,0.855713
-0.518066,0.134644,0.836304
0.440186,-0.228760,1.030640
-0.357422,-0.193726,0.753052
-0.003052,0.138550,1.026367
0.203979,-0.404785,0.869263
-0.557617,0.075928,0.782471
0.437744,-0.230713,1.038330
-0.278809,-0.305908,0.727051
-0.100464,0.176270,0.993164
0.244995,-0.385132,0.864258
-0.574951,0.055786,0.774170
0.437500,-0.240234,1.050659
-0.218628,-0.343018,0.728149
-0.203003,0.161133,0.938232
0.302734,-0.356812,0.906982
-0.580688,0.011108,0.745850
0.395996,-0.192871,1.044189
-0.176758,-0.376831,0.729004
-0.271362,0.155518,0.921875
0.337402,-0.325562,0.928589
-0.582031,0.010498,0.733276
0.337891,-0.090942,1.060425
-0.131836,-0.378174,0.729736
-0.337402,0.162720,0.888794
0.383667,-0.346680,0.954590
-0.569458,-0.010376,0.723267
0.248657,-0.080200,1.026978
-0.071533,-0.401978,0.762207
-0.416260,0.184326,0.882812
0.414307,-0.295898,0.982300
-0.539429,-0.050049,0.720581
0.125854,0.042725,1.016113
0.032227,-0.396973,0.813232
-0.506714,0.164551,0.848145
0.423706,-0.293091,0.988892
-0.436035,-0.145630,0.731689
0.020630,0.171021,1.017212
0.120972,-0.366455,0.829834
-0.570312,0.130249,0.797241
0.448975,-0.281006,1.017090
-0.325684,-0.265259,0.727905
-0.052124,0.175781,0.995361
0.178833,-0.350342,0.846802
-0.598633,0.087769,0.747803
0.451660,-0.261475,1.028442
-0.252319,-0.358398,0.703125
-0.131958,0.173462,0.960205
0.251831,-0.356812,0.866943
-0.614868,0.087524,0.735229
0.391724,-0.207886,1.007202
-0.187744,-0.365723,0.727173
-0.206543,0.133301,0.929810
0.312622,-0.364258,0.904297
-0.634277,0.103394,0.739380
0.350708,-0.155273,1.010376
-0.135742,-0.385254,0.731079
-0.273071,0.156982,0.906250
0.347412,-0.311279,0.928955
-0.612183,0.061890,0.713013
0.296387,-0.105713,0.998779
-0.098877,-0.373657,0.744019
-0.359253,0.176025,0.877319
0.397339,-0.322144,0.948975
-0.584229,0.017212,0.699951
0.205078,0.004639,0.996094
-0.032837,-0.394287,0.768188
-0.439209,0.189697,0.866089
0.401123,-0.296387,0.957275
-0.532715,-0.043457,0.712402
0.123047,0.078491,1.024414
0.028076,-0.388550,0.787109
-0.519287,0.199951,0.848389
0.437988,-0.275269,0.981201
-0.457642,-0.093506,0.727661
0.035400,0.149048,1.012085
0.125122,-0.384644,0.835571
-0.552368,0.161377,0.811401
0.428589,-0.222534,1.003296
-0.373047,-0.187134,0.722412
-0.017212,0.168091,1.001953
0.197144,-0.418335,0.836182
-0.603516,0.154785,0.791504
0.411377,-0.186768,1.002930
-0.247925,-0.267822,0.725586
-0.090942,0.224854,0.986572
0.232910,-0.329102,0.872681
-0.614014,0.090576,0.744995
0.415771,-0.210571,1.013306
-0.222656,-0.342651,0.707886
-0.155396,0.194702,0.947876
0.310181,-0.349976,0.893188
-0.624634,0.123291,0.755127
0.384033,-0.159668,1.007812
-0.129272,-0.358398,0.744873
-0.243652,0.165527,0.892944
0.347046,-0.312988,0.911865
-0.612793,0.129150,0.734253
0.330200,-0.098999,1.006836
-0.071533,-0.404907,0.753418
-0.307373,0.160400,0.873413
0.379150,-0.282837,0.926392
-0.600586,0.094849,0.700073
0.241211,-0.047119,0.969238
-0.011230,-0.423096,0.764404
-0.387939,0.158569,0.849854
0.420288,-0.273560,0.958008
-0.535522,0.022827,0.712158
0.136108,0.102417,0.994019
0.033203,-0.375366,0.796265
-0.461304,0.130249,0.834595
0.433472,-0.267334,0.995239
-0.476196,-0.059937,0.726440
0.088135,0.168457,1.029541
0.104858,-0.348267,0.807495
-0.526733,0.173462,0.805908
0.433960,-0.243652,0.990112
-0.408569,-0.163574,0.737305
0.048462,0.106445,1.006348
0.164917,-0.392822,0.834839
-0.563110,0.182983,0.799316
0.429932,-0.163086,1.009399
-0.312012,-0.183960,0.744263
-0.052368,0.178101,0.999634
0.233032,-0.421753,0.864990
-0.600342,0.100586,0.768677
0.425171,-0.151733,1.026611
-0.215454,-0.264404,0.734497
-0.138306,0.224854,0.961426
0.305786,-0.370850,0.891602
-0.585571,0.084717,0.767700
0.396851,-0.140503,1.025513
-0.141602,-0.336426,0.730469
-0.208862,0.219360,0.922974
0.363037,-0.330688,0.921753
-0.584106,0.086914,0.755615
0.345825,-0.113525,1.015381
-0.062744,-0.393188,0.753418
-0.287109,0.179810,0.874023
0.389160,-0.311768,0.930420
-0.555786,0.022827,0.736084
0.278931,-0.048706,0.994873
-0.024658,-0.398438,0.749512
-0.352173,0.168335,0.851562
0.422607,-0.303955,0.942383
-0.529419,-0.009399,0.734863
0.194336,0.016113,0.991089
0.024780,-0.406128,0.770752
-0.438843,0.164307,0.822998
0.436279,-0.264160,0.976196
-0.456177,-0.085327,0.747437
0.120117,0.098389,1.018677
0.086426,-0.387451,0.809326
-0.507202,0.156860,0.805786
0.455566,-0.273926,0.986084
-0.414673,-0.113159,0.748535
0.031860,0.161987,1.015625
0.184570,-0.412720,0.839966
-0.554443,0.143799,0.777832
0.443481,-0.233765,0.988159
-0.305786,-0.186157,0.761719
-0.062134,0.186035,0.988525
0.251221,-0.409912,0.872070
-0.577881,0.106445,0.736450
0.435059,-0.165527,1.020996
-0.196777,-0.237671,0.772705
-0.138062,0.187134,0.951294
0.314575,-0.433594,0.894409
-0.580078,0.037842,0.744385
0.388794,-0.137451,1.018188
-0.085327,-0.344116,0.765747
-0.209229,0.217773,0.927856
0.361084,-0.311401,0.928101
-0.573853,0.014404,0.734619
0.333130,-0.144531,0.995605
-0.025269,-0.422729,0.762695
-0.280151,0.155762,0.867188
0.400024,-0.297607,0.955933
-0.533325,0.000854,0.749756
0.251831,-0.057251,0.994141
0.032349,-0.469360,0.760986
-0.375000,0.167725,0.848877
0.437256,-0.296875,0.969482
-0.517822,-0.021118,0.744263
0.149048,0.010132,0.984009
0.088989,-0.456787,0.786499
-0.444458,0.114502,0.805298
0.454224,-0.265747,0.993896
-0.446411,-0.126587,0.733154
0.063354,0.128174,1.013794
0.163696,-0.425659,0.831055
-0.498291,0.095215,0.771973
0.451172,-0.247925,1.008423
-0.352539,-0.173584,0.762329
-0.036743,0.163330,1.004150
0.240356,-0.486206,0.846069
-0.536865,0.034180,0.738892
0.442871,-0.214233,1.022217
-0.249756,-0.222534,0.774170
-0.118164,0.216309,0.990967
0.296753,-0.417847,0.892822
-0.549194,0.028809,0.747070
0.412842,-0.200439,1.028687
-0.123413,-0.327881,0.786987
-0.188354,0.185669,0.946899
0.342041,-0.370728,0.920654
-0.565552,0.002441,0.744141
0.380371,-0.178101,1.027466
-0.023438,-0.427124,0.784424
-0.250854,0.188599,0.918091
0.391479,-0.300781,0.954346
-0.540894,-0.008667,0.732056
0.294434,-0.116089,0.995117
0.030640,-0.461670,0.788208
-0.292969,0.107422,0.869263
0.416260,-0.286377,0.967163
-0.494263,-0.030396,0.740845
0.207275,0.004761,1.015137
0.092163,-0.442261,0.811523
-0.391968,0.083496,0.836304
0.450806,-0.323120,0.981934
-0.463745,-0.080322,0.741333
0.118164,0.090332,1.017212
0.142212,-0.427490,0.830933
-0.449463,0.073608,0.806152
0.485474,-0.320557,1.010376
-0.404541,-0.170410,0.732300
0.041992,0.163940,1.035156
0.202515,-0.406738,0.848877
-0.476807,0.038452,0.778198
0.499756,-0.336548,1.017944
-0.356812,-0.193359,0.768066
-0.021118,0.156250,1.004028
0.268188,-0.444702,0.877319
-0.501587,0.029297,0.747070
0.460815,-0.247803,1.041504
-0.287109,-0.234131,0.776245
-0.068237,0.153809,1.006470
0.309814,-0.481689,0.885376
-0.511230,0.028931,0.767578
0.427490,-0.182129,1.041016
-0.196289,-0.243896,0.801270
-0.137329,0.177979,0.979248
0.347168,-0.464355,0.909180
-0.507446,-0.026367,0.768311
0.422119,-0.141357,1.074951
-0.120972,-0.298218,0.799072
-0.193237,0.191772,0.970703
0.394165,-0.421021,0.958740
-0.515503,-0.053467,0.755127
0.382690,-0.142700,1.061401
-0.010620,-0.383179,0.819580
-0.234009,0.216187,0.966553
0.404419,-0.362915,0.974121
-0.495850,-0.078979,0.762573
0.330566,-0.147949,1.033203
0.060425,-0.491211,0.805786
-0.273682,0.156738,0.932495
0.428711,-0.313354,0.993896
-0.466309,-0.073364,0.783447
0.277222,-0.064697,1.049072
0.080933,-0.475586,0.812012
-0.315430,0.098389,0.898560
0.474487,-0.295898,1.031250
-0.459961,-0.096924,0.758911
0.186157,0.013550,1.028564
0.153076,-0.453857,0.864746
-0.379517,0.089478,0.878662
0.489014,-0.264160,1.061279
-0.404907,-0.148926,0.762939
0.111328,0.071899,1.039795
0.227417,-0.485718,0.883301
-0.413208,0.040771,0.841064
0.498657,-0.249390,1.080078
-0.350830,-0.195801,0.772827
0.042725,0.129761,1.031860
0.289673,-0.446289,0.930664
-0.457397,0.026978,0.812012
0.500488,-0.267334,1.071533
-0.276001,-0.217651,0.805054
-0.020630,0.176636,1.037598
0.331055,-0.465454,0.928467
-0.459839,-0.007080,0.808105
0.491821,-0.212280,1.099121
-0.203003,-0.262207,0.810425
-0.074707,0.207886,1.040527
0.363037,-0.420654,0.944580
-0.480469,-0.010620,0.796387
0.472900,-0.192383,1.107300
-0.116211,-0.299683,0.838745
-0.118896,0.213379,1.031738
0.394043,-0.384888,0.980957
-0.496216,0.002563,0.801147
0.440430,-0.178711,1.088745
-0.034058,-0.372192,0.846436
-0.153442,0.186279,1.041016
0.427979,-0.358398,1.012451
-0.478394,-0.027344,0.787354
0.409180,-0.107544,1.105957
0.042114,-0.409302,0.841187
-0.211670,0.188965,1.012451
0.467163,-0.341553,1.042969
-0.444458,-0.085083,0.792725
0.360229,-0.067383,1.115112
0.081055,-0.391724,0.871948
-0.265259,0.184570,0.971802
0.507324,-0.314941,1.069092
-0.417358,-0.129761,0.790161
0.291382,-0.016357,1.103882
0.120728,-0.402466,0.884888
-0.323486,0.163330,0.956055
0.543213,-0.302734,1.093994
-0.375977,-0.146362,0.812012
0.214478,0.043701,1.096680
0.198975,-0.425781,0.916992
-0.369751,0.110352,0.900024
0.545776,-0.264526,1.108643
-0.319702,-0.200317,0.812866
0.129883,0.093506,1.083740
0.291382,-0.437134,0.939697
-0.406128,0.066772,0.848145
0.525146,-0.200317,1.125244
-0.223633,-0.231445,0.846313
0.026001,0.158936,1.080933
0.359985,-0.429932,0.983032
-0.440308,0.044067,0.844238
0.504028,-0.149902,1.128296
-0.132935,-0.249146,0.863647
-0.059937,0.216309,1.082520
0.403809,-0.383301,1.006714
-0.452637,-0.023438,0.822144
0.479736,-0.097046,1.164062
-0.011475,-0.321899,0.885864
-0.146851,0.238892,1.071045
0.470215,-0.368896,1.042358
-0.444092,-0.073242,0.808838
0.415405,-0.084717,1.149170
0.042603,-0.354858,0.893188
-0.195312,0.211060,1.051270
0.507324,-0.304565,1.082031
-0.420532,-0.088989,0.810913
0.356323,-0.012695,1.145630
0.110352,-0.382446,0.904297
-0.273682,0.203735,1.009766
0.537231,-0.263916,1.116577
-0.376465,-0.130737,0.827026
0.273315,0.007080,1.120239
0.186890,-0.414307,0.938232
-0.324463,0.125244,0.942017
0.550415,-0.211304,1.142212
-0.304932,-0.165405,0.846680
0.163574,0.100952,1.116333
0.284180,-0.446411,0.954346
-0.389771,0.064941,0.890503
0.553101,-0.212280,1.152100
-0.259644,-0.209473,0.850708
0.084595,0.186890,1.117676
0.353638,-0.405273,0.990723
-0.432617,0.042114,0.866455
0.541260,-0.179077,1.163208
-0.170776,-0.273315,0.853516
-0.007568,0.213501,1.106812
0.410034,-0.379883,1.018066
-0.442871,0.021606,0.852417
0.511841,-0.141846,1.168335
-0.060059,-0.334106,0.880371
-0.074585,0.190186,1.097290
0.447266,-0.358521,1.055908
-0.460571,-0.017090,0.843994
0.473267,-0.066284,1.186646
0.017700,-0.346191,0.870239
-0.166138,0.237793,1.073120
0.477051,-0.340698,1.072266
-0.427246,-0.095703,0.819458
0.447388,-0.046387,1.206055
0.027832,-0.321167,0.881348
-0.249634,0.254150,1.058472
0.520996,-0.317993,1.104370
-0.392334,-0.141479,0.833862
0.361084,-0.016846,1.164795
0.092896,-0.336426,0.914795
-0.276855,0.186157,0.989624
0.551147,-0.261841,1.131836
-0.391724,-0.151978,0.795166
0.273315,0.010986,1.139282
0.197876,-0.407837,0.946045
-0.337891,0.131470,0.950439
0.541748,-0.217407,1.146973
-0.327881,-0.207397,0.803345
0.184814,0.080200,1.120117
0.266357,-0.423950,0.963013
-0.405029,0.131958,0.909668
0.562744,-0.221069,1.150024
-0.268555,-0.228760,0.837036
0.087769,0.127930,1.101685
0.316162,-0.404175,0.971802
-0.424072,0.094238,0.902710
0.562744,-0.204712,1.163818
-0.215088,-0.269287,0.851196
0.006348,0.155151,1.090454
0.358765,-0.382690,0.989868
-0.442749,0.035156,0.860718
0.537598,-0.164307,1.173584
-0.091553,-0.315186,0.876221
-0.075562,0.194214,1.078735
0.388306,-0.359863,1.001099
-0.460938,-0.015137,0.825317
0.503784,-0.159546,1.170166
-0.047119,-0.352173,0.859131
-0.123901,0.204956,1.079956
0.413574,-0.320435,1.019287
-0.469238,-0.032227,0.810913
0.476318,-0.135010,1.174927
-0.011963,-0.354858,0.890137
-0.206665,0.199829,1.036743
0.451660,-0.283447,1.065552
-0.486572,-0.026611,0.790161
0.420654,-0.101074,1.156616
0.044556,-0.373291,0.894897
-0.281494,0.221313,1.020508
0.481079,-0.269287,1.085938
-0.443115,-0.089233,0.782959
0.323120,-0.049316,1.135864
0.104736,-0.411011,0.908691
-0.320923,0.168579,0.965332
0.498291,-0.239136,1.102783
-0.399170,-0.168701,0.770996
0.232178,0.043823,1.135986
0.173218,-0.446411,0.903687
-0.380005,0.136963,0.935669
0.513062,-0.253296,1.100342
-0.376587,-0.161865,0.781616
0.149780,0.080811,1.096069
0.226196,-0.417603,0.924316
-0.430176,0.081909,0.892822
0.532471,-0.223145,1.125366
-0.321655,-0.234497,0.782837
0.062012,0.178955,1.090942
0.258667,-0.390015,0.926636
-0.463013,0.014282,0.845581
0.522217,-0.225708,1.154053
-0.242188,-0.306763,0.804321
-0.078125,0.194092,1.079712
0.282715,-0.335693,0.932373
-0.468262,0.012451,0.827515
0.510376,-0.154663,1.183105
-0.009399,-0.398682,0.872070
-0.150269,0.191895,1.059570
0.446167,-0.309570,1.044678
-0.464722,-0.033325,0.819214
0.468994,-0.124512,1.171265
-0.010132,-0.341797,0.880981
-0.198853,0.215942,1.051392
0.484131,-0.304810,1.073608
-0.463867,-0.029663,0.807983
0.398682,-0.070435,1.172607
0.026978,-0.356079,0.904541
-0.230957,0.176758,1.041260
0.506836,-0.297729,1.085815
-0.455444,-0.050781,0.792847
0.354126,-0.035767,1.161499
0.074341,-0.395874,0.904785
-0.289917,0.166138,1.002441
0.527222,-0.302490,1.096802
-0.436768,-0.090210,0.790161
0.308960,0.008301,1.153687
0.121460,-0.379028,0.918091
-0.333740,0.175537,0.978882
0.553955,-0.304565,1.104492
-0.398926,-0.112549,0.816406
0.238281,0.054688,1.125366
0.162109,-0.394897,0.926514
-0.357056,0.137695,0.940186
0.535400,-0.268433,1.103882
-0.375854,-0.161133,0.791138
0.180420,0.068359,1.113037
0.215820,-0.420532,0.930908
-0.408569,0.114136,0.912598
0.531738,-0.236694,1.113159
-0.341431,-0.181030,0.792358
0.124512,0.122559,1.106201
0.246582,-0.412842,0.923462
-0.439087,0.080933,0.882690
0.535034,-0.245972,1.111938
-0.290771,-0.219604,0.801025
0.046387,0.162598,1.083252
0.295654,-0.383179,0.942261
-0.451904,0.049561,0.859497
0.520630,-0.220947,1.124512
-0.230103,-0.272827,0.802979
-0.006592,0.171997,1.080078
0.320679,-0.367676,0.945190
-0.478271,0.012329,0.826416
0.507690,-0.223389,1.117676
-0.155151,-0.346924,0.816528
-0.086792,0.177612,1.044800
0.355347,-0.372925,0.964966
-0.488403,-0.000366,0.810791
0.476196,-0.179688,1.128662
-0.119507,-0.356934,0.794556
-0.148315,0.177612,1.018555
0.385742,-0.345459,0.983887
-0.499390,-0.030396,0.793091
0.434814,-0.152222,1.128174
-0.096680,-0.344604,0.810181
-0.235352,0.204712,1.006226
0.416870,-0.316528,1.010986
-0.507202,-0.058716,0.772949
0.391968,-0.147461,1.113403
-0.048706,-0.346924,0.838257
-0.299561,0.197144,0.961060
0.443359,-0.294312,1.027222
-0.479126,-0.068848,0.760986
0.306519,-0.068970,1.107422
0.002686,-0.392212,0.845825
-0.346191,0.153442,0.928345
0.463135,-0.296021,1.034790
-0.466797,-0.089966,0.759155
0.225586,-0.003296,1.092407
0.081299,-0.393921,0.871460
-0.426514,0.163574,0.892090
0.468994,-0.260864,1.050903
-0.416382,-0.152710,0.758057
0.144043,0.053345,1.074097
0.162476,-0.406494,0.883057
-0.487549,0.125000,0.855103
0.479492,-0.242920,1.061890
-0.366577,-0.226929,0.755005
0.057007,0.097900,1.061157
0.207642,-0.390259,0.889648
-0.514160,0.094482,0.835571
0.472778,-0.232300,1.058960
-0.283325,-0.293091,0.755737
-0.030640,0.103882,1.019165
0.255737,-0.389404,0.903809
-0.526489,0.061035,0.794312
0.453735,-0.186646,1.078491
-0.231445,-0.315674,0.755127
-0.108276,0.129272,0.998047
0.297974,-0.419067,0.913940
-0.539307,0.018188,0.772095
0.431763,-0.137451,1.092651
-0.192749,-0.314819,0.740723
-0.195068,0.181152,0.992920
0.353394,-0.400024,0.944336
-0.539551,-0.020630,0.771729
0.385742,-0.150269,1.072876
-0.164917,-0.342529,0.744385
-0.265259,0.199707,0.968994
0.384888,-0.357300,0.964233
-0.566162,-0.026245,0.749268
0.352051,-0.139893,1.069824
-0.124268,-0.349121,0.777832
-0.338745,0.195923,0.914307
0.404907,-0.320801,0.979126
-0.535645,-0.071777,0.735352
0.271606,-0.065186,1.061401
-0.059082,-0.388794,0.793701
-0.401001,0.176636,0.890869
0.413574,-0.310791,0.987793
-0.517944,-0.082397,0.729492
0.191162,-0.011108,1.055786
0.020752,-0.409546,0.809937
-0.465332,0.178101,0.872559
0.439087,-0.284668,1.016479
-0.498779,-0.116943,0.723877
0.105835,0.039551,1.031616
0.085693,-0.402588,0.837524
-0.519531,0.153076,0.850708
0.450317,-0.265991,1.029663
-0.419434,-0.190552,0.733154
0.012451,0.109375,1.018799
0.155029,-0.434326,0.849487
-0.537476,0.107300,0.807739
0.438599,-0.224121,1.035645
-0.350708,-0.201416,0.736938
-0.068359,0.158569,0.997437
0.237183,-0.419678,0.876709
-0.554077,0.062622,0.788574
0.424927,-0.199829,1.039062
-0.281738,-0.279419,0.716797
-0.146362,0.168335,0.964355
0.292725,-0.397705,0.894653
-0.580566,0.028931,0.756348
0.410645,-0.179443,1.046753
-0.219116,-0.311768,0.719604
-0.241455,0.191406,0.941528
0.335938,-0.367676,0.920776
-0.578857,-0.009155,0.743042
0.363770,-0.155151,1.045532
-0.171631,-0.361328,0.720337
-0.312378,0.195435,0.909790
0.360229,-0.335449,0.930298
-0.583252,-0.032715,0.721436
0.296021,-0.128784,1.015625
-0.098145,-0.412231,0.742065
-0.376831,0.193237,0.875610
0.382935,-0.289185,0.954590
-0.568604,0.020752,0.744629
0.208496,-0.064453,1.010254
-0.015503,-0.414062,0.809448
-0.461670,0.172852,0.852661
0.397339,-0.264648,0.977661
-0.515259,-0.058228,0.697632
0.097900,0.074097,1.008545
0.077393,-0.387817,0.829956
-0.536133,0.151367,0.837891
0.421997,-0.278320,0.984741
-0.450195,-0.117554,0.720337
0.028198,0.135254,1.014404
0.141357,-0.393921,0.834717
-0.571167,0.145996,0.815186
0.428833,-0.239502,1.001953
-0.347412,-0.210449,0.725708
-0.040527,0.177124,0.986328
0.208740,-0.403442,0.849609
-0.612671,0.118774,0.770508
0.418457,-0.204956,1.014526
-0.262573,-0.289795,0.706909
-0.112305,0.200928,0.977783
0.244873,-0.386719,0.860596
-0.619263,0.101440,0.744873
0.420776,-0.194336,1.029663
-0.224731,-0.312622,0.720703
-0.193970,0.198608,0.945190
0.298340,-0.352539,0.892822
-0.609131,0.056763,0.735718
0.393921,-0.184692,1.027222
-0.177490,-0.389648,0.702026
-0.239380,0.183350,0.916992
0.337524,-0.342896,0.899780
-0.624512,0.070435,0.727661
0.356201,-0.152222,1.022949
-0.107178,-0.397461,0.732300
-0.319946,0.200928,0.892334
0.359375,-0.328003,0.919922
-0.594604,0.047485,0.724365
0.306763,-0.102539,1.001709
-0.069824,-0.410156,0.742188
-0.378296,0.222412,0.871704
0.377441,-0.304199,0.933594
-0.573242,-0.012207,0.703979
0.235352,-0.048340,1.005615
-0.044067,-0.434082,0.745117
-0.421509,0.217529,0.871216
0.395996,-0.279785,0.942871
-0.551147,-0.006226,0.717896
0.172974,0.010376,1.009399
0.012207,-0.412354,0.788086
-0.478394,0.214355,0.848145
0.415161,-0.262817,0.964844
-0.515381,-0.038574,0.723022
0.103027,0.076904,1.010864
0.091309,-0.423950,0.815674
-0.530151,0.207520,0.845581
0.419067,-0.221802,0.983887
-0.446777,-0.098145,0.730469
0.053345,0.127930,1.008789
0.138428,-0.401245,0.837280
-0.554688,0.166992,0.812988
0.433716,-0.193481,1.005859
-0.367310,-0.141724,0.741089
-0.022339,0.185303,1.007324
0.197021,-0.411011,0.845825
-0.575806,0.141724,0.792725
0.431152,-0.180542,1.013794
-0.301880,-0.214478,0.731812
-0.072876,0.197998,0.983032
0.239868,-0.372681,0.867065
-0.608521,0.125854,0.762939
0.437500,-0.192993,1.029785
-0.216553,-0.301392,0.733643
-0.127197,0.200073,0.958252
0.280640,-0.345215,0.888916
-0.606323,0.101196,0.748413
0.424927,-0.175537,1.028198
-0.163818,-0.343506,0.746216
-0.194702,0.201660,0.931396
0.328003,-0.355225,0.898560
-0.610596,0.111084,0.743774
0.385986,-0.126953,1.028076
-0.116821,-0.373291,0.737305
-0.242432,0.196289,0.905273
0.348022,-0.342773,0.899536
-0.585205,0.077881,0.748169
0.356934,-0.100708,1.012695
-0.079224,-0.378784,0.746826
-0.294800,0.205078,0.880493
0.374390,-0.312012,0.920898
-0.570557,0.020630,0.720581
0.310791,-0.049927,1.018433
-0.038086,-0.389893,0.743042
-0.350098,0.203003,0.860229
0.399170,-0.313721,0.938110
-0.542847,-0.037109,0.726196
0.247192,-0.042114,0.996460
-0.023438,-0.403076,0.758911
-0.389893,0.184814,0.852295
0.427002,-0.291016,0.957764
-0.512695,-0.024170,0.746826
0.167114,0.032471,0.999512
0.033813,-0.406738,0.776855
-0.441040,0.195801,0.835327
0.419678,-0.245361,0.967041
-0.484741,-0.070435,0.738525
0.129395,0.029419,1.006958
0.092407,-0.435181,0.807129
-0.508667,0.188599,0.798218
0.432007,-0.211060,0.987427
-0.415649,-0.126465,0.743286
0.066406,0.105591,1.017456
0.146973,-0.434814,0.822876
-0.543091,0.148193,0.788940
0.451660,-0.195801,1.003418
-0.338867,-0.168213,0.756226
-0.024170,0.191528,1.014893
0.207397,-0.438354,0.833618
-0.570068,0.134277,0.776367
0.449463,-0.194092,1.017456
-0.281250,-0.163574,0.760498
-0.084106,0.211426,0.982056
0.273071,-0.393433,0.874023
-0.585449,0.053711,0.736450
0.430908,-0.184692,1.031494
-0.197754,-0.260132,0.767212
-0.142334,0.236450,0.968018
0.312378,-0.377319,0.896118
-0.596191,0.074707,0.751099
0.414551,-0.172852,1.019531
-0.109375,-0.322876,0.779175
-0.198486,0.230713,0.940063
0.331421,-0.342651,0.905396
-0.576050,0.061646,0.751709
0.387573,-0.132324,1.034302
-0.069092,-0.375977,0.765381
-0.223511,0.195923,0.912720
0.366943,-0.326538,0.928711
-0.592041,0.050781,0.723267
0.351562,-0.150879,0.994141
-0.008179,-0.441895,0.779541
-0.284302,0.178223,0.878784
0.365967,-0.292236,0.933350
-0.550903,-0.008179,0.718628
0.312378,-0.096191,1.005615
0.011719,-0.422485,0.774292
-0.328979,0.165771,0.857178
0.402832,-0.284912,0.944092
-0.534790,0.017700,0.744873
0.244019,-0.060181,0.986694
0.039917,-0.441284,0.780029
-0.368042,0.137451,0.838379
0.424805,-0.290771,0.963867
-0.511230,-0.035034,0.726685
0.192749,0.007812,1.000366
0.081177,-0.450684,0.791992
-0.421265,0.131714,0.821289
0.434448,-0.281006,0.969604
-0.478882,-0.082031,0.732422
0.137085,0.077148,1.023926
0.116455,-0.445190,0.809814
-0.462158,0.116089,0.808472
0.440430,-0.290039,0.972778
-0.440796,-0.100708,0.757568
0.077759,0.095215,1.012207
0.161011,-0.457153,0.830688
-0.506348,0.106567,0.773193
0.447510,-0.237183,1.008667
-0.376099,-0.182007,0.743652
0.017578,0.148804,1.023560
0.208862,-0.469849,0.833984
-0.524048,0.073242,0.760864
0.468384,-0.276123,0.998535
-0.313965,-0.190186,0.764648
-0.050171,0.190674,1.016968
0.250977,-0.453979,0.861084
-0.540161,0.051636,0.740723
0.458130,-0.255981,1.011719
-0.248047,-0.211670,0.791016
-0.112793,0.219360,1.005127
0.272095,-0.428589,0.870361
-0.531982,0.011353,0.747803
0.456909,-0.235840,1.031372
-0.204346,-0.239624,0.788452
-0.154663,0.236084,0.982544
0.336182,-0.424194,0.904785
-0.530396,-0.005249,0.764893
0.410156,-0.184937,1.037964
-0.131958,-0.302979,0.791382
-0.194214,0.237915,0.975464
0.368530,-0.403442,0.925171
-0.535645,-0.009277,0.759644
0.390381,-0.179199,1.033569
-0.058716,-0.371216,0.801392
-0.253906,0.223511,0.944702
0.390259,-0.380493,0.948853
-0.516602,-0.061768,0.757812
0.341064,-0.145264,1.021118
0.008667,-0.418213,0.799805
-0.265991,0.207642,0.926025
0.398438,-0.359375,0.954956
-0.512329,-0.068604,0.750854
0.311279,-0.132324,1.017822
0.046265,-0.465454,0.784302
-0.296143,0.158569,0.892090
0.433960,-0.326416,0.972290
-0.496094,-0.069458,0.751953
0.244507,-0.069458,1.014160
0.095093,-0.518311,0.791504
-0.346802,0.121094,0.865112
0.437622,-0.286011,0.989502
-0.463867,-0.100464,0.737793
0.198120,-0.028564,1.022827
0.123413,-0.493774,0.811279
-0.412598,0.122070,0.839722
0.468262,-0.287720,1.015381
-0.423096,-0.155518,0.741089
0.121460,0.037231,1.021118
0.193481,-0.495850,0.843750
-0.449707,0.081787,0.812012
0.468506,-0.248535,1.028564
-0.366943,-0.177124,0.751099
0.041260,0.097290,1.027344
0.258911,-0.522339,0.860474
-0.471558,0.029663,0.781982
0.482788,-0.247314,1.045776
-0.315186,-0.208252,0.763062
-0.030762,0.172607,1.031006
0.313110,-0.500854,0.896851
-0.499634,0.010986,0.770752
0.460938,-0.218262,1.060425
-0.224243,-0.255981,0.795776
-0.085205,0.212280,1.022217
0.347168,-0.458374,0.918823
-0.520508,0.020386,0.779785
0.455688,-0.224121,1.067383
-0.140137,-0.294312,0.824585
-0.130249,0.205444,1.021729
0.371582,-0.406250,0.945312
-0.509033,-0.010010,0.780151
0.423584,-0.177734,1.073364
-0.047485,-0.364136,0.834961
-0.167236,0.195557,0.997925
0.394531,-0.378052,0.968994
-0.498901,-0.024414,0.776123
0.402466,-0.200439,1.052490
0.018799,-0.430908,0.840942
-0.228271,0.194458,0.971802
0.429565,-0.336792,0.996338
-0.470215,-0.080566,0.758179
0.346802,-0.116577,1.073608
0.049805,-0.457886,0.829834
-0.269775,0.167847,0.957764
0.476807,-0.347900,1.020996
-0.462036,-0.089478,0.769043
0.312012,-0.060791,1.076660
0.084473,-0.420288,0.834839
-0.310425,0.166382,0.939453
0.500977,-0.325562,1.047974
-0.422363,-0.145996,0.779785
0.258423,-0.038208,1.070068
0.115601,-0.405762,0.863647
-0.356201,0.164917,0.911499
0.510254,-0.309937,1.055420
-0.374512,-0.180542,0.805298
0.202393,0.003662,1.074585
0.182617,-0.421997,0.889282
-0.401611,0.129395,0.874268
0.512573,-0.257812,1.067261
-0.314819,-0.210327,0.807861
0.133545,0.065063,1.080078
0.258911,-0.455200,0.919800
-0.426636,0.082764,0.827759
0.511719,-0.221680,1.078613
-0.261108,-0.229614,0.814087
0.044556,0.121338,1.062012
0.333740,-0.476074,0.938721
-0.454224,0.051025,0.815308
0.493408,-0.176147,1.102539
-0.201660,-0.234985,0.821899
-0.038696,0.197144,1.071289
0.396729,-0.449097,0.980591
-0.455811,0.007812,0.824219
0.470947,-0.144897,1.121338
-0.122925,-0.263672,0.846680
-0.097778,0.214478,1.064087
0.434082,-0.405029,1.009399
-0.461426,-0.038208,0.812622
0.441284,-0.109497,1.132080
0.011475,-0.347168,0.875977
-0.181030,0.242310,1.046997
0.465942,-0.342529,1.034790
-0.439575,-0.098755,0.800171
0.400757,-0.097168,1.129272
0.070068,-0.372559,0.897827
-0.242554,0.240723,1.030518
0.485718,-0.290527,1.064331
-0.418579,-0.127563,0.796753
0.341187,-0.057373,1.124268
0.115845,-0.397583,0.914185
-0.301514,0.226929,0.989380
0.531250,-0.258423,1.105225
-0.381958,-0.154053,0.805786
0.266235,-0.016602,1.118530
0.190430,-0.456909,0.915649
-0.348877,0.136963,0.910400
0.548950,-0.226807,1.124634
-0.319702,-0.162598,0.821899
0.155273,0.072632,1.100952
0.281372,-0.499512,0.937500
-0.391968,0.056152,0.874512
0.549438,-0.210327,1.141113
-0.271240,-0.196899,0.827393
0.077393,0.168091,1.106812
0.352539,-0.466919,0.978027
-0.427490,0.057983,0.872437
0.535400,-0.176880,1.142334
-0.197021,-0.227295,0.853027
0.004517,0.216553,1.100830
0.386719,-0.396851,1.015137
-0.436646,0.000488,0.851318
0.513916,-0.156982,1.158203
-0.114990,-0.276611,0.870117
-0.063721,0.238037,1.090454
0.428955,-0.363159,1.032349
-0.433716,-0.045654,0.834229
0.497314,-0.155640,1.162231
-0.014893,-0.363647,0.877441
-0.130737,0.219971,1.067993
0.457397,-0.339233,1.051025
-0.438965,-0.042725,0.835083
0.469116,-0.117065,1.171997
0.030273,-0.370117,0.893188
-0.182129,0.227905,1.046631
0.482422,-0.289795,1.076782
-0.423950,-0.074829,0.827026
0.426025,-0.086426,1.176636
0.043579,-0.384399,0.893066
-0.237793,0.219727,1.038208
0.516846,-0.271484,1.106323
-0.410767,-0.097290,0.821167
0.364258,-0.028320,1.175781
0.110352,-0.402222,0.925293
-0.279907,0.209595,1.006592
0.524170,-0.255005,1.112915
-0.382202,-0.131714,0.810669
0.310181,0.003418,1.154785
0.171875,-0.415894,0.935913
-0.323486,0.185303,0.970703
0.552856,-0.247925,1.127319
-0.343750,-0.169556,0.815918
0.233887,0.050537,1.139404
0.225342,-0.432251,0.951416
-0.354126,0.131348,0.932251
0.552246,-0.232544,1.127930
-0.314453,-0.191772,0.818848
0.171631,0.092651,1.116699
0.283569,-0.427612,0.967285
-0.393066,0.113037,0.904907
0.547852,-0.203491,1.144287
-0.275146,-0.211426,0.833618
0.102539,0.129761,1.110107
0.324585,-0.425049,0.987427
-0.421021,0.071899,0.895630
0.550659,-0.190308,1.162720
-0.235718,-0.227173,0.839966
0.032959,0.163940,1.091553
0.364746,-0.406616,0.990479
-0.437744,0.031982,0.878418
0.546143,-0.166260,1.168945
-0.156738,-0.275635,0.855835
-0.042480,0.204102,1.082764
0.389526,-0.369019,1.000000
-0.437622,-0.022583,0.849365
0.526489,-0.179565,1.169922
-0.077393,-0.318848,0.857788
-0.098145,0.216553,1.079346
0.426392,-0.350708,1.017334
-0.447510,-0.031128,0.838135
0.491943,-0.150391,1.173218
-0.054932,-0.347534,0.852173
-0.157227,0.234131,1.061401
0.446045,-0.319092,1.031128
-0.460938,-0.071167,0.818848
0.452271,-0.131836,1.174927
-0.011597,-0.338013,0.880005
-0.229248,0.231445,1.027466
0.471680,-0.279297,1.066895
-0.452515,-0.076538,0.800537
0.385498,-0.088623,1.155151
0.058838,-0.364990,0.906616
-0.290405,0.201660,0.992188
0.487427,-0.255493,1.083862
-0.420776,-0.133423,0.776855
0.302979,-0.040894,1.141235
0.119629,-0.406738,0.912720
-0.343384,0.146118,0.948120
0.517212,-0.261475,1.097900
-0.382324,-0.143188,0.794312
0.201050,0.055054,1.112427
0.193848,-0.426392,0.923218
-0.390869,0.120728,0.918213
0.513550,-0.221191,1.121338
-0.362427,-0.181030,0.782349
0.127808,0.087158,1.094238
0.244751,-0.416504,0.937866
-0.433838,0.087402,0.894897
0.530273,-0.213745,1.138062
-0.294922,-0.237427,0.795410
0.045166,0.170898,1.089966
0.278320,-0.392334,0.936768
-0.452393,0.022095,0.858765
0.528442,-0.215210,1.138306
-0.213135,-0.273438,0.806641
-0.032227,0.197144,1.071167
0.315796,-0.368530,0.940796
-0.472778,-0.003174,0.825439
0.510742,-0.212646,1.138428
-0.159912,-0.316650,0.805054
-0.078491,0.162964,1.034058
0.346924,-0.331543,0.969238
-0.512207,-0.017700,0.784912
0.485352,-0.201538,1.138184
-0.123047,-0.357178,0.789307
-0.156006,0.173584,1.021240
0.374146,-0.310303,0.985352
-0.518066,-0.041504,0.769043
0.441895,-0.195923,1.114868
-0.089722,-0.400024,0.805176
-0.245972,0.200439,0.993652
0.421265,-0.327393,1.000244
-0.502686,-0.010498,0.772705
0.367065,-0.101807,1.115601
-0.060547,-0.376709,0.829346
-0.300903,0.171997,0.963745
0.438354,-0.306885,1.031006
-0.491577,-0.049194,0.762573
0.313599,-0.044189,1.122681
-0.000244,-0.360474,0.844727
-0.358643,0.179321,0.936890
0.443848,-0.306274,1.021973
-0.462036,-0.139893,0.754761
0.264038,-0.051636,1.083008
0.050659,-0.367432,0.845215
-0.426147,0.200073,0.891968
0.460938,-0.260986,1.040894
-0.422729,-0.202026,0.746216
0.179199,-0.010620,1.072388
0.106445,-0.399292,0.864502
-0.479492,0.164551,0.855225
0.479736,-0.247070,1.054565
-0.402954,-0.173462,0.760742
0.080200,0.053467,1.052246
0.177124,-0.439331,0.881104
-0.498169,0.098022,0.837158
0.460571,-0.209595,1.057373
-0.324829,-0.228149,0.758423
-0.002686,0.106445,1.030518
0.244019,-0.453003,0.879272
-0.523682,0.072998,0.803101
0.442749,-0.168579,1.062500
-0.238403,-0.273193,0.764526
-0.090698,0.131592,1.012817
0.293335,-0.449585,0.900391
-0.539429,0.022705,0.782715
0.428345,-0.155151,1.075928
-0.191895,-0.299927,0.747925
-0.200806,0.176392,0.983643
0.355103,-0.408569,0.945923
-0.562866,-0.028931,0.750000
0.385742,-0.116577,1.079468
-0.156616,-0.319702,0.752686
-0.296997,0.202393,0.951416
0.385376,-0.353516,0.968872
-0.539673,-0.073853,0.748413
0.306274,-0.105835,1.060181
-0.100586,-0.334229,0.776978
-0.370850,0.186890,0.910889
0.414673,-0.323608,0.985229
-0.511719,-0.106079,0.736206
0.204834,-0.042236,1.046387
-0.004395,-0.388428,0.811646
-0.447021,0.161255,0.859497
0.420898,-0.240356,1.019653
-0.468140,-0.150879,0.718262
0.099854,0.041016,1.041748
0.105469,-0.442871,0.836792
-0.516968,0.133545,0.833130
0.435181,-0.217285,1.028076
-0.386230,-0.192505,0.733887
0.002197,0.103638,1.020386
0.194824,-0.447266,0.851562
-0.560425,0.098755,0.796875
0.426270,-0.204102,1.029663
-0.291992,-0.255981,0.729248
-0.099121,0.146973,0.983765
0.278809,-0.391602,0.900757
-0.599121,0.054810,0.754150
0.404297,-0.181519,1.046021
-0.204346,-0.325195,0.722290
-0.221313,0.176758,0.964600
0.332397,-0.369507,0.921631
-0.586792,0.008423,0.741089
0.359253,-0.142212,1.041260
-0.148193,-0.364136,0.734619
-0.320679,0.175049,0.907593
0.370850,-0.330688,0.952759
-0.578369,-0.027832,0.708618
0.257568,-0.062500,1.034180
-0.070190,-0.383179,0.763794
-0.402466,0.170898,0.883179
0.398682,-0.315552,0.967529
-0.556763,-0.052124,0.704712
0.144409,0.037354,1.019897
0.027710,-0.414795,0.798950
-0.493164,0.188232,0.859619
0.418213,-0.265625,1.004639
-0.488892,-0.123657,0.719238
0.056030,0.089966,1.016479
0.109619,-0.401855,0.838745
-0.539795,0.054199,0.790039
0.465332,-0.234619,1.064209
-0.237915,-0.318970,0.743652
-0.130737,0.154419,0.991699
0.292969,-0.383911,0.895020
-0.557617,0.030396,0.761475
0.427124,-0.205566,1.061646
-0.183716,-0.355225,0.734497
-0.251099,0.179443,0.951904
0.352295,-0.348633,0.936157
-0.563721,-0.003296,0.746826
0.367065,-0.169312,1.063232
-0.140381,-0.377563,0.750000
-0.308716,0.176025,0.925537
0.375366,-0.317383,0.960449
-0.573486,-0.006836,0.731567
0.308105,-0.110596,1.057251
-0.069580,-0.399170,0.785645
-0.384521,0.194214,0.899170
0.392944,-0.302734,0.973633
-0.548096,-0.054688,0.709595
0.218018,-0.026001,1.049438
0.007080,-0.422119,0.802002
-0.463501,0.199219,0.875366
0.417480,-0.286011,0.989990
-0.509888,-0.085205,0.727173
0.106689,0.049805,1.013062
0.074219,-0.404419,0.829102
-0.505127,0.134521,0.837524
0.427612,-0.255127,1.017822
-0.457520,-0.163086,0.709839
0.042358,0.099609,1.025879
0.146851,-0.407715,0.844971
-0.555786,0.132202,0.807129
0.438965,-0.232788,1.022339
-0.345825,-0.228638,0.737427
-0.048096,0.132324,0.991089
0.200195,-0.429443,0.856812
-0.577637,0.095703,0.771484
0.424438,-0.185303,1.034668
-0.290894,-0.272705,0.721680
-0.113037,0.158936,0.987549
0.275635,-0.429688,0.880127
-0.586548,0.070190,0.766602
0.381958,-0.154907,1.022827
-0.238770,-0.307983,0.709473
-0.198120,0.155518,0.953613
0.322144,-0.401855,0.915039
-0.600098,0.038208,0.734985
0.363281,-0.117310,1.038574
-0.189819,-0.333618,0.711060
-0.286621,0.175293,0.919922
0.371460,-0.374390,0.934814
-0.599731,-0.007324,0.728882
0.309326,-0.106934,1.025513
-0.115601,-0.369751,0.734985
-0.373657,0.197144,0.886841
0.381104,-0.341675,0.944214
-0.565063,-0.034912,0.714966
0.229980,-0.056396,1.018921
-0.059448,-0.401245,0.757935
-0.447510,0.215454,0.863892
0.412476,-0.286865,0.963623
-0.531738,-0.067017,0.713989
0.119507,0.013184,0.999634
0.035645,-0.425537,0.801025
-0.519653,0.183105,0.837036
0.425659,-0.250610,0.995605
-0.463501,-0.115845,0.735718
0.034790,0.121948,1.010376
0.123901,-0.411621,0.823730
-0.560669,0.156860,0.815186
0.429565,-0.227051,1.002808
-0.365845,-0.196289,0.723267
-0.040771,0.178467,0.998413
0.205811,-0.390991,0.858398
-0.594238,0.113892,0.783325
0.412109,-0.200684,1.015625
-0.284424,-0.270996,0.714966
-0.126465,0.188110,0.973022
0.281860,-0.387329,0.885376
-0.604248,0.093628,0.766113
0.386353,-0.166260,1.025513
-0.188477,-0.357544,0.714233
-0.226074,0.202026,0.930176
0.328857,-0.349854,0.908325
-0.606323,0.035400,0.728271
0.362427,-0.152222,1.026367
-0.141968,-0.389893,0.716675
-0.297485,0.192993,0.888794
0.354004,-0.338257,0.915039
-0.579102,0.020874,0.725098
0.308350,-0.086182,1.020752
-0.082642,-0.408447,0.728638
-0.380615,0.218750,0.866089
0.384521,-0.311646,0.925537
-0.569824,-0.039307,0.691772
0.228760,-0.058716,1.000122
-0.027100,-0.411621,0.765869
-0.445557,0.215454,0.855957
0.408569,-0.257202,0.965088
-0.521606,-0.061279,0.710327
0.123779,0.058472,1.006226
0.044678,-0.388062,0.805542
-0.491089,0.155396,0.836670
0.431763,-0.247803,0.984009
-0.455200,-0.072021,0.740967
0.020142,0.169800,1.009155
0.141357,-0.400391,0.821411
-0.550903,0.143066,0.807617
0.432983,-0.203613,1.013428
-0.346069,-0.170776,0.739136
-0.049194,0.206299,0.997681
0.218506,-0.394775,0.850098
-0.591919,0.103760,0.772461
0.433594,-0.167603,1.037476
-0.257324,-0.253174,0.724121
-0.115601,0.219238,0.967041
0.282837,-0.374512,0.876953
-0.619263,0.108765,0.744629
0.410400,-0.173950,1.026367
-0.158569,-0.351074,0.731812
-0.196899,0.215210,0.931519
0.328247,-0.349609,0.895386
-0.615356,0.083984,0.732056
0.385498,-0.154785,1.017212
-0.110107,-0.367310,0.738770
-0.267212,0.200928,0.898193
0.367554,-0.321289,0.918091
-0.574951,0.028809,0.727417
0.313354,-0.063354,1.015869
-0.057495,-0.414795,0.731934
-0.331055,0.192871,0.863647
0.390015,-0.296997,0.936157
-0.556152,-0.010132,0.717163
0.247192,-0.030396,1.012817
-0.018433,-0.411865,0.766602
-0.403931,0.187866,0.842163
0.418213,-0.281250,0.958130
-0.508789,-0.042969,0.737549
0.145630,0.034302,1.001343
0.045898,-0.408203,0.794922
-0.479004,0.176025,0.822876
0.446167,-0.239136,0.989502
-0.440796,-0.089355,0.736572
0.055420,0.129883,1.008301
0.135620,-0.425049,0.817627
-0.538574,0.160767,0.805542
0.446655,-0.208374,1.003784
-0.342529,-0.150757,0.749146
-0.029663,0.193359,1.003906
0.228638,-0.388062,0.862183
-0.580078,0.093750,0.767212
0.436035,-0.162964,1.035767
-0.227173,-0.262695,0.734741
-0.138672,0.202637,0.958252
0.309448,-0.392212,0.890747
-0.595215,0.095093,0.763184
0.414673,-0.157837,1.025024
-0.111694,-0.334473,0.763550
-0.234863,0.208984,0.908569
0.353394,-0.319336,0.920410
-0.572510,0.063477,0.739746
0.356323,-0.125000,1.013916
-0.041260,-0.403564,0.765137
-0.301880,0.196411,0.871094
0.384399,-0.291992,0.936646
-0.529663,-0.017700,0.738403
0.274902,-0.048340,0.999390
-0.008423,-0.411987,0.758545
-0.381226,0.154053,0.834351
0.424927,-0.277100,0.959839
-0.502930,-0.081177,0.719238
0.173218,0.005981,0.997681
0.052856,-0.420654,0.790039
-0.445801,0.162720,0.814453
0.436035,-0.248413,0.971191
-0.452759,-0.090820,0.749023
0.104736,0.060913,1.001343
0.128052,-0.425781,0.816895
-0.516113,0.147949,0.788086
0.439819,-0.214722,1.001953
-0.369629,-0.151978,0.748291
0.015869,0.143311,1.010376
0.210327,-0.439697,0.852783
-0.565674,0.121338,0.757812
0.440308,-0.183472,1.018433
-0.260986,-0.202637,0.759766
-0.078613,0.200317,0.996826
0.281616,-0.402588,0.885620
-0.584229,0.058960,0.744141
0.427368,-0.195679,1.015137
-0.160645,-0.269531,0.781006
-0.173706,0.207764,0.947021
0.335449,-0.357666,0.924683
-0.563232,0.036743,0.758057
0.384888,-0.154907,1.026001
-0.088989,-0.350830,0.770020
-0.234619,0.193237,0.912720
0.389404,-0.351562,0.949829
-0.544800,-0.011597,0.738770
0.336426,-0.092529,1.013184
-0.032715,-0.395386,0.754395
-0.319702,0.182251,0.874756
0.425415,-0.350586,0.956421
-0.518555,-0.082397,0.742188
0.249023,-0.061279,0.995850
0.020020,-0.418213,0.764404
-0.390503,0.171143,0.831421
0.449097,-0.317383,0.972168
-0.472534,-0.133423,0.740356
0.158569,-0.001465,0.991577
0.064331,-0.435791,0.778198
-0.439087,0.121826,0.795654
0.459839,-0.284302,0.986694
-0.440063,-0.115967,0.757812
0.088745,0.075195,1.013550
0.141479,-0.463379,0.810059
-0.501221,0.106689,0.773926
0.465576,-0.251099,1.007446
-0.365601,-0.154053,0.760620
-0.005249,0.134399,1.005127
0.235596,-0.459351,0.851440
-0.539185,0.064209,0.743774
0.456787,-0.230347,1.020020
-0.282837,-0.201294,0.777954
-0.082520,0.189331,0.999878
0.295288,-0.470459,0.880737
-0.549927,0.029419,0.735352
0.427124,-0.194702,1.035034
-0.189819,-0.257446,0.779297
-0.140747,0.189941,0.985718
0.334229,-0.437988,0.907227
-0.550049,0.034302,0.765137
0.409302,-0.165894,1.039551
-0.104980,-0.318848,0.782349
-0.210327,0.198730,0.950806
0.370605,-0.414307,0.931763
-0.539429,-0.012573,0.754639
0.377930,-0.137939,1.037598
-0.041870,-0.377197,0.785522
-0.258789,0.177856,0.906738
0.405762,-0.381348,0.942993
-0.510254,-0.072632,0.739014
0.322266,-0.112183,1.023804
0.020874,-0.432251,0.784180
-0.313354,0.175415,0.885742
0.430176,-0.353149,0.963257
-0.494507,-0.120972,0.738037
0.248535,-0.075317,1.015747
0.056152,-0.450073,0.788330
-0.357666,0.141357,0.856689
0.454712,-0.323608,0.977905
-0.464844,-0.091431,0.760254
0.185181,-0.030640,1.015015
0.112183,-0.480835,0.802124
-0.405029,0.124268,0.821655
0.461426,-0.267212,1.005249
-0.436523,-0.100098,0.758911
0.127808,0.017944,1.016113
0.173218,-0.498901,0.831543
-0.448364,0.091797,0.798096
0.462891,-0.253174,1.021606
-0.373657,-0.173584,0.746704
0.041992,0.085815,1.017700
0.248291,-0.528687,0.848877
-0.483765,0.032471,0.775757
0.470947,-0.236694,1.035767
-0.304443,-0.198730,0.772339
-0.058350,0.163208,1.009521
0.317627,-0.490356,0.904785
-0.500122,-0.018677,0.767944
0.448364,-0.203247,1.060059
-0.223267,-0.225708,0.797729
-0.121094,0.216309,1.008911
0.367188,-0.460693,0.938232
-0.498291,-0.046997,0.777588
0.415283,-0.161743,1.071411
-0.133423,-0.281006,0.807007
-0.166138,0.219604,1.007446
0.401978,-0.437988,0.951416
-0.499756,-0.060181,0.778076
0.381714,-0.130493,1.063110
-0.032959,-0.363525,0.808350
-0.219116,0.214355,0.978882
0.430054,-0.383057,0.983765
-0.484619,-0.102783,0.765015
0.331543,-0.128418,1.047119
0.046997,-0.429199,0.820679
-0.274902,0.210327,0.946533
0.460327,-0.336548,1.008423
-0.458252,-0.133545,0.769043
0.272217,-0.103027,1.039551
0.088867,-0.486572,0.807373
-0.323975,0.152710,0.902466
0.478271,-0.249268,1.042847
-0.411377,-0.120361,0.790161
0.199585,-0.010986,1.052368
0.148315,-0.495483,0.854126
-0.380127,0.082031,0.860229
0.504150,-0.278442,1.046265
-0.381470,-0.132935,0.787720
0.103516,0.063354,1.039551
0.241821,-0.498535,0.882568
-0.426514,0.045654,0.821777
0.494507,-0.230591,1.070435
-0.301025,-0.196411,0.802246
0.025269,0.116821,1.038696
0.314209,-0.499390,0.906616
-0.464600,0.022705,0.801880
0.485107,-0.182007,1.090332
-0.210938,-0.233521,0.814697
-0.068848,0.193970,1.040894
0.366699,-0.464233,0.940308
-0.473999,-0.015991,0.798828
0.470581,-0.149902,1.114746
-0.108154,-0.270752,0.847778
-0.142212,0.213257,1.026123
0.408813,-0.404175,0.977783
-0.462769,-0.050537,0.806641
0.420166,-0.106567,1.119385
0.005493,-0.356934,0.854736
-0.203125,0.232666,1.019409
0.463623,-0.355957,1.024414
-0.450073,-0.109497,0.788696
0.358887,-0.094604,1.100220
0.084473,-0.406860,0.865845
-0.266968,0.199707,0.976685
0.493530,-0.303467,1.058350
-0.422729,-0.112671,0.795898
0.285156,-0.050171,1.077637
0.147827,-0.420288,0.899658
-0.342041,0.146362,0.924194
0.528809,-0.251953,1.096313
-0.355469,-0.186646,0.797485
0.167480,0.062500,1.075806
0.239624,-0.468140,0.906616
-0.401611,0.097534,0.863647
0.539673,-0.234009,1.113892
-0.278931,-0.226685,0.805786
0.058350,0.144409,1.075806
0.330078,-0.449219,0.951050
-0.435913,0.045288,0.834839
0.522095,-0.178955,1.129639
-0.195435,-0.240112,0.840210
-0.052124,0.217163,1.073120
0.409058,-0.447754,0.983154
-0.449585,-0.015503,0.823486
0.474487,-0.123291,1.139404
-0.070312,-0.263306,0.881714
-0.127319,0.214478,1.058105
0.458252,-0.389038,1.030518
-0.449341,-0.069580,0.802246
0.435425,-0.074341,1.153076
0.050415,-0.341797,0.892456
-0.203613,0.216675,1.034668
0.499146,-0.326904,1.073120
-0.429688,-0.119507,0.801392
0.372559,-0.057007,1.138062
0.081787,-0.355591,0.907471
-0.276001,0.217651,1.005981
0.532593,-0.261719,1.107544
-0.372192,-0.124756,0.827026
0.286011,-0.007446,1.137939
0.166626,-0.432617,0.921265
-0.336548,0.150391,0.942627
0.543091,-0.218384,1.133423
-0.318481,-0.191772,0.827026
0.176025,0.082764,1.111328
0.273315,-0.429810,0.967896
-0.387451,0.090698,0.876953
0.551025,-0.200806,1.146973
-0.250000,-0.225830,0.842896
0.080200,0.145508,1.108032
0.344604,-0.437012,0.969971
-0.428223,0.083740,0.868530
0.536743,-0.174194,1.150879
-0.174194,-0.227417,0.862549
-0.006348,0.206177,1.099854
0.396851,-0.410034,1.009033
-0.452026,0.029663,0.857666
0.512329,-0.153198,1.160522
-0.051025,-0.299561,0.892700
-0.086792,0.232788,1.100342
0.432495,-0.357544,1.033813
-0.431152,-0.015625,0.844360
0.474976,-0.109741,1.166504
0.014526,-0.355103,0.887451
-0.161011,0.227905,1.075806
0.494751,-0.319092,1.082764
-0.421997,-0.058228,0.831787
0.398071,-0.058105,1.158691
0.046997,-0.346802,0.895020
-0.222046,0.189697,1.037964
0.532959,-0.275391,1.129517
-0.395264,-0.112061,0.819946
0.316406,0.023071,1.151978
0.147705,-0.397949,0.918579
-0.297119,0.151611,0.973877
0.553711,-0.256348,1.143311
-0.354248,-0.177856,0.822266
0.216553,0.060791,1.133179
0.237427,-0.424072,0.943848
-0.355957,0.102783,0.923462
0.560425,-0.218750,1.145508
-0.277466,-0.216797,0.828125
0.113281,0.130127,1.100098
0.314697,-0.409180,0.972656
-0.395020,0.049561,0.883057
0.564453,-0.179321,1.180664
-0.224121,-0.236084,0.828613
0.011475,0.203247,1.102051
0.382568,-0.398193,1.001709
-0.427002,0.015137,0.870728
0.536499,-0.162842,1.177856
-0.103271,-0.294922,0.878174
-0.077515,0.208740,1.079956
0.419922,-0.364624,1.021240
-0.423218,-0.038330,0.847168
0.495605,-0.098877,1.196899
-0.028687,-0.335327,0.865601
-0.159546,0.219482,1.069092
0.467529,-0.344482,1.046509
-0.442993,-0.085327,0.821167
0.445923,-0.101807,1.179443
0.022583,-0.332520,0.886719
-0.236084,0.247437,1.047363
0.498535,-0.277588,1.081909
-0.417603,-0.120239,0.812134
0.351562,-0.076660,1.150879
0.110962,-0.360596,0.937012
-0.303589,0.180908,0.972168
0.524658,-0.241821,1.120239
-0.373657,-0.164307,0.801514
0.228638,0.020630,1.134766
0.209961,-0.432495,0.938599
-0.363281,0.129395,0.928101
0.537720,-0.201660,1.130127
-0.306519,-0.203979,0.807129
0.105469,0.100830,1.097290
0.284546,-0.440918,0.958252
-0.400757,0.050049,0.880615
0.545654,-0.184204,1.151611
-0.233398,-0.229614,0.823730
-0.000854,0.185669,1.086792
0.353882,-0.393188,0.973633
-0.446533,0.003906,0.849731
0.521484,-0.171265,1.160400
-0.112061,-0.330688,0.836060
-0.076416,0.188599,1.062256
0.382568,-0.359497,0.986694
-0.464722,-0.030884,0.823242
0.485474,-0.164551,1.158936
-0.059448,-0.357300,0.844360
-0.164795,0.204224,1.034302
0.420288,-0.312012,1.023682
-0.484985,-0.043457,0.798584
0.431519,-0.133179,1.150391
-0.008789,-0.348999,0.869263
-0.255371,0.211792,1.016724
0.463623,-0.279785,1.068604
-0.446411,-0.106445,0.781128
0.348022,-0.051025,1.153931
0.045166,-0.373413,0.872314
-0.328979,0.171143,0.953735
0.505371,-0.276001,1.081909
-0.398071,-0.157227,0.770996
0.227417,0.022461,1.119019
0.142578,-0.397949,0.904541
-0.403564,0.121094,0.898804
0.522339,-0.244385,1.101196
-0.357300,-0.211548,0.780273
0.124878,0.075562,1.100586
0.218018,-0.410767,0.917725
-0.458130,0.083496,0.864868
0.526855,-0.203003,1.120728
-0.259521,-0.268311,0.793579
0.000000,0.164429,1.071289
0.296631,-0.404541,0.927124
-0.472412,0.008911,0.829102
0.493286,-0.204224,1.115723
-0.183594,-0.321655,0.783813
-0.087891,0.160767,1.035400
0.359863,-0.357910,0.967041
-0.491699,-0.012085,0.793335
0.448853,-0.143677,1.131226
-0.118774,-0.354492,0.779053
-0.205444,0.166382,1.000854
0.405273,-0.336182,1.010498
-0.498901,-0.040771,0.770996
0.394165,-0.102661,1.130005
-0.085449,-0.313354,0.811646
-0.303223,0.203003,0.982056
0.452393,-0.333862,1.022095
-0.465942,-0.130371,0.763184
0.290771,-0.034180,1.114258
-0.002319,-0.350952,0.844238
-0.373657,0.165405,0.910767
0.473633,-0.269531,1.061401
-0.436401,-0.161987,0.761841
0.178833,0.007202,1.074341
0.126221,-0.416504,0.870117
-0.438232,0.139038,0.867920
0.461792,-0.207642,1.058838
-0.385010,-0.208984,0.758423
0.074219,0.070557,1.067261
0.213745,-0.422607,0.894897
-0.507935,0.100098,0.816650
0.470947,-0.198853,1.071655
-0.262817,-0.250000,0.785400
-0.050293,0.135010,1.046509
0.278809,-0.426758,0.906372
-0.524780,0.022705,0.800171
0.451416,-0.179688,1.075806
-0.204102,-0.302856,0.748413
-0.160034,0.166138,0.997681
0.349609,-0.362915,0.944458
-0.539185,-0.014893,0.768799
0.407349,-0.173828,1.087891
-0.142822,-0.370972,0.759399
-0.274292,0.189331,0.966309
0.384644,-0.338135,0.972900
-0.550537,-0.030396,0.765259
0.337280,-0.126343,1.081421
-0.078003,-0.373657,0.791626
-0.353394,0.190308,0.914795
0.407715,-0.293579,0.997070
-0.515137,-0.056641,0.754639
0.253540,-0.071777,1.067871
0.006592,-0.424805,0.821167
-0.439209,0.161743,0.882568
0.415405,-0.274048,1.005859
-0.466797,-0.120972,0.737671
0.148315,0.023438,1.044312
0.097046,-0.400146,0.849121
-0.495850,0.135376,0.845337
0.446045,-0.248047,1.035156
-0.423828,-0.174561,0.723511
0.037109,0.113525,1.029785
0.181519,-0.416260,0.858765
-0.531860,0.104858,0.816772
0.444824,-0.231323,1.042480
-0.326172,-0.234619,0.748779
-0.037964,0.129150,1.014771
0.228394,-0.417603,0.875122
-0.565796,0.066772,0.782349
0.442749,-0.184692,1.062866
-0.246460,-0.303345,0.726562
-0.138794,0.156494,0.987915
0.275513,-0.375122,0.899902
-0.572388,0.026733,0.762085
0.419922,-0.220215,1.051758
-0.221436,-0.341919,0.702759
-0.212280,0.173706,0.961426
0.342896,-0.345825,0.922363
-0.604370,0.019653,0.737183
0.370605,-0.197266,1.031128
-0.144409,-0.390869,0.743164
-0.288330,0.151245,0.902710
0.357056,-0.309814,0.944336
-0.594116,-0.001709,0.710571
0.305298,-0.136719,1.031494
-0.081787,-0.371948,0.783569
-0.382446,0.175781,0.887817
0.385376,-0.312500,0.961670
-0.567017,-0.019897,0.722900
0.219727,-0.062134,1.021240
-0.020020,-0.396851,0.800903
-0.449707,0.177368,0.870483
0.408691,-0.276611,0.987061
-0.534790,-0.061646,0.700195
0.123779,0.049072,1.011719
0.049927,-0.405640,0.816406
-0.500977,0.154175,0.842285
0.431763,-0.270630,1.000366
-0.480103,-0.110718,0.709839
0.048950,0.112549,1.018188
0.125122,-0.417603,0.828003
-0.544922,0.126709,0.817139
0.428711,-0.257202,1.008057
-0.392944,-0.189209,0.729004
-0.012085,0.159058,1.010742
0.174194,-0.390503,0.854736
-0.577393,0.130859,0.801758
0.410278,-0.226074,1.010254
-0.317871,-0.258789,0.737183
-0.069702,0.152344,0.982544
0.222290,-0.419678,0.855469
-0.593140,0.089478,0.772461
0.404907,-0.183960,1.018677
-0.253174,-0.297729,0.713379
-0.148193,0.176636,0.960083
0.287354,-0.369995,0.895996
-0.607300,0.043823,0.740967
0.387451,-0.189331,1.021606
-0.205444,-0.350708,0.706055
-0.224243,0.181641,0.935303
0.329956,-0.349365,0.917603
-0.604370,0.048096,0.748779
0.347046,-0.151367,1.025391
-0.145264,-0.393555,0.719360
-0.298828,0.177979,0.902222
0.355957,-0.340942,0.923828
-0.597900,0.051758,0.731812
0.296387,-0.088135,1.024170
-0.097412,-0.389648,0.740234
-0.388428,0.207031,0.887451
0.380859,-0.324951,0.941772
-0.573853,-0.041260,0.704102
0.223633,-0.052368,1.010986
-0.034424,-0.410645,0.769043
-0.471558,0.227661,0.856812
0.401855,-0.280762,0.962280
-0.500000,-0.065063,0.726318
0.121704,0.043701,1.008301
0.041260,-0.403442,0.805298
-0.546387,0.210205,0.832153
0.429688,-0.254761,0.988647
-0.421631,-0.128662,0.752686
0.028198,0.126587,1.008301
0.133545,-0.428345,0.815674
-0.578613,0.159912,0.799683
0.425537,-0.211548,0.994019
-0.315308,-0.211060,0.738770
-0.052124,0.190430,0.994629
0.218872,-0.371338,0.870117
-0.610718,0.098633,0.762817
0.412598,-0.196411,1.009033
-0.237793,-0.287842,0.709717
-0.132568,0.218262,0.977905
0.311646,-0.374268,0.892456
-0.627319,0.097412,0.753662
0.365112,-0.148926,1.011108
-0.159424,-0.382080,0.704712
-0.237793,0.185791,0.919067
0.342651,-0.328125,0.922974
-0.590942,0.031250,0.731689
0.328857,-0.099487,1.025269
-0.113037,-0.393677,0.714111
-0.346558,0.214233,0.875610
0.386230,-0.320801,0.929688
-0.552490,-0.023804,0.720703
0.240234,-0.041016,1.007935
-0.055542,-0.399048,0.744019
-0.404663,0.214355,0.861694
0.397827,-0.274902,0.949219
-0.526855,-0.049438,0.715576
0.163696,0.020020,1.009521
0.017700,-0.397217,0.780273
-0.489136,0.216919,0.843750
0.427490,-0.262695,0.972900
-0.468018,-0.083008,0.739990
0.083740,0.092896,1.015259
0.101074,-0.393311,0.824585
-0.557739,0.204102,0.814941
0.422607,-0.215576,0.987305
-0.369263,-0.157959,0.741211
0.006592,0.153687,1.015747
0.185303,-0.423218,0.841431
-0.583862,0.166138,0.795166
0.419312,-0.169922,1.006226
-0.297852,-0.208496,0.731201
-0.068237,0.179199,0.986694
0.265747,-0.404175,0.882935
-0.597290,0.127075,0.777100
0.409058,-0.150879,1.019287
-0.212158,-0.283569,0.724976
-0.144043,0.194824,0.962036
0.317627,-0.394897,0.902222
-0.605103,0.108521,0.753296
0.391235,-0.124878,1.020752
-0.133545,-0.346680,0.728516
-0.232666,0.200928,0.922729
0.389771,-0.331787,0.937134
-0.567749,-0.001221,0.729126
0.221558,-0.057983,0.987305
-0.040039,-0.394531,0.770630
-0.441406,0.212524,0.856323
0.400146,-0.274170,0.967041
-0.517212,-0.093750,0.708984
0.121216,0.028809,1.004272
0.031494,-0.384399,0.804688
-0.509277,0.207642,0.833008
0.418213,-0.230713,0.982422
-0.438721,-0.140625,0.741699
0.028687,0.109497,1.006592
0.117188,-0.421021,0.818848
-0.554932,0.159058,0.816162
0.417114,-0.196655,1.004761
-0.342163,-0.191162,0.734375
-0.040405,0.162598,1.003906
0.201416,-0.412842,0.848755
-0.591919,0.116211,0.770386
0.416748,-0.154541,1.024536
-0.254150,-0.274048,0.712524
-0.129150,0.191772,0.977051
0.288452,-0.398315,0.876831
-0.611450,0.112061,0.757812
0.391357,-0.136963,1.018066
-0.160400,-0.330688,0.723267
-0.230591,0.211304,0.928711
0.356323,-0.374634,0.913208
-0.609741,0.062866,0.734375
0.342407,-0.110107,1.017456
-0.121338,-0.355225,0.727905
-0.309570,0.191284,0.884033
0.383911,-0.323730,0.935669
-0.572388,0.013062,0.729614
0.254150,-0.036621,0.998413
-0.055908,-0.388428,0.750610
-0.372559,0.189575,0.866699
0.399780,-0.277344,0.948730
-0.554077,-0.040283,0.704956
0.185181,0.005859,1.001709
0.017090,-0.410034,0.781250
-0.456543,0.197388,0.848267
0.429077,-0.256470,0.965576
-0.484253,-0.056763,0.735718
0.089600,0.098145,1.008179
0.100586,-0.403442,0.814331
-0.528931,0.178833,0.816406
0.420288,-0.205811,0.987915
-0.406494,-0.127808,0.730103
0.009766,0.163940,1.003052
0.187256,-0.420776,0.846802
-0.571899,0.144653,0.794067
0.430054,-0.190796,1.004883
-0.294678,-0.200195,0.741699
-0.082886,0.222656,0.998535
0.263062,-0.401611,0.871216
-0.590454,0.101807,0.769409
0.421753,-0.157471,1.028320
-0.195557,-0.296875,0.735596
-0.157471,0.209595,0.944458
0.302612,-0.350098,0.889648
-0.600342,0.100952,0.755371
0.412842,-0.170654,1.018799
-0.135498,-0.340576,0.745483
-0.212036,0.179688,0.908569
0.344727,-0.322998,0.908081
-0.604614,0.097778,0.744507
0.360840,-0.133057,1.004761
-0.059692,-0.380371,0.761353
-0.281860,0.172729,0.872803
0.367554,-0.295410,0.924072
-0.588867,0.070190,0.725830
0.298950,-0.096680,0.976807
-0.006714,-0.429810,0.758545
-0.340820,0.189941,0.869385
0.386230,-0.276001,0.932251
-0.552856,-0.010742,0.707397
0.258911,-0.068604,0.988525
0.004761,-0.404663,0.769409
-0.421753,0.194702,0.831421
0.431396,-0.275391,0.957031
-0.502563,-0.057129,0.723145
0.164551,0.037720,1.002441
0.059937,-0.416138,0.790161
-0.462158,0.171265,0.827393
0.430298,-0.245361,0.977295
-0.464966,-0.082031,0.745239
0.082397,0.093994,1.011719
0.123169,-0.424316,0.814941
-0.516113,0.160400,0.803101
0.442261,-0.195435,1.006958
-0.376587,-0.143921,0.747070
-0.006104,0.166504,1.005981
0.190918,-0.416260,0.842896
-0.547485,0.094482,0.768188
0.452393,-0.214355,1.013794
-0.274780,-0.198730,0.771606
-0.086670,0.226807,0.992554
0.264526,-0.373413,0.869263
-0.576538,0.077881,0.751465
0.436279,-0.210815,1.020752
-0.166382,-0.309448,0.755981
-0.168335,0.229858,0.953613
0.324829,-0.361206,0.881226
-0.576782,0.068970,0.757324
0.392334,-0.156372,1.026245
-0.071899,-0.372314,0.777466
-0.243774,0.210815,0.904907
0.342041,-0.302734,0.921509
-0.563477,0.013916,0.742065
0.340820,-0.133911,1.015869
-0.008667,-0.437012,0.772827
-0.305298,0.197632,0.874023
0.387817,-0.286987,0.932861
-0.543701,0.008789,0.723389
0.258057,-0.056274,1.003540
0.023560,-0.441895,0.764893
-0.359497,0.137451,0.839111
0.424316,-0.287354,0.951782
-0.504761,-0.025635,0.741943
0.170288,0.010254,0.991455
0.079956,-0.445190,0.782837
-0.432007,0.126709,0.814941
0.434326,-0.260864,0.972412
-0.461792,-0.076416,0.744873
0.099976,0.072876,1.003662
0.136597,-0.451294,0.824463
-0.494385,0.110840,0.787354
0.449097,-0.232422,0.992188
-0.394043,-0.130005,0.738892
0.017212,0.150391,1.003784
0.208862,-0.439575,0.838867
-0.535889,0.096436,0.770630
0.453857,-0.224854,1.020752
-0.304688,-0.193726,0.757324
-0.077393,0.193726,0.987671
0.270142,-0.401855,0.877319
-0.542480,0.044189,0.749878
0.433838,-0.198730,1.024414
-0.222046,-0.232422,0.775269
-0.139526,0.173096,0.960449
0.325806,-0.407715,0.896606
-0.564453,0.066895,0.757324
0.403076,-0.142944,1.026001
-0.103149,-0.333008,0.780884
-0.216675,0.176025,0.928223
0.364380,-0.388672,0.924927
-0.553223,0.004395,0.751343
0.362061,-0.110596,1.031250
-0.030518,-0.387329,0.773438
-0.272339,0.165771,0.886230
0.398193,-0.356934,0.931152
-0.534790,-0.051880,0.723755
0.302734,-0.091309,1.001465
0.036499,-0.434082,0.771606
-0.338867,0.156982,0.860840
0.421265,-0.317871,0.962524
-0.509766,-0.109985,0.719604
0.207520,-0.063721,0.985474
0.070190,-0.445679,0.792480
-0.402344,0.127441,0.814819
0.453003,-0.288574,0.992188
-0.454468,-0.124390,0.737671
0.105347,0.035889,0.986328
0.136597,-0.484863,0.800537
-0.455200,0.085205,0.799683
0.456543,-0.245117,0.999512
-0.382935,-0.129395,0.768311
0.010010,0.116821,0.990234
0.204346,-0.464722,0.834106
-0.502319,0.022095,0.755005
0.463257,-0.229004,1.033813
-0.307495,-0.194946,0.773193
-0.073975,0.178955,0.993652
0.281372,-0.441284,0.869629
-0.533081,0.003906,0.747559
0.447510,-0.227783,1.051392
-0.195801,-0.276123,0.779419
-0.143677,0.205444,0.986816
0.324341,-0.400024,0.909180
-0.546265,0.015137,0.759766
0.422607,-0.202393,1.045654
-0.092041,-0.356323,0.783447
-0.223633,0.215698,0.946045
0.366089,-0.353149,0.939331
-0.521362,-0.029907,0.758179
0.367554,-0.180420,1.033081
-0.019165,-0.415771,0.803833
-0.266113,0.171753,0.909424
0.403198,-0.334839,0.955811
-0.503418,-0.032837,0.755981
0.303101,-0.128662,1.013306
0.045410,-0.431152,0.821411
-0.308594,0.123169,0.876099
0.438232,-0.309692,0.981201
-0.483398,-0.040527,0.762085
0.226074,-0.046875,1.011963
0.078003,-0.487549,0.795654
-0.379028,0.119507,0.851196
0.472900,-0.308838,1.001099
-0.440430,-0.101440,0.762695
0.133179,0.041992,1.014526
0.124146,-0.474487,0.821655
-0.415649,0.071533,0.822021
0.474487,-0.249756,1.038330
-0.400391,-0.137451,0.751709
0.072998,0.093506,1.023804
0.202515,-0.495117,0.844238
-0.460938,0.038330,0.791748
0.491699,-0.272949,1.032593
-0.331177,-0.196411,0.772095
-0.012451,0.167236,1.025879
0.255493,-0.470947,0.873291
-0.492920,0.009033,0.760132
0.481689,-0.261108,1.042969
-0.263062,-0.230835,0.793213
-0.065796,0.198242,1.031982
0.319580,-0.449585,0.904663
-0.520020,0.032227,0.767212
0.442261,-0.220703,1.046387
-0.162964,-0.288574,0.810425
-0.121582,0.198364,1.011108
0.365356,-0.430664,0.934814
-0.520630,0.017944,0.767822
0.416870,-0.164185,1.060425
-0.083740,-0.343018,0.800903
-0.174927,0.196533,1.000977
0.412964,-0.429932,0.959106
-0.504883,-0.016235,0.774414
0.363037,-0.099243,1.058594
0.004272,-0.382324,0.819946
-0.234619,0.197266,0.979004
0.446533,-0.406982,0.986938
-0.479736,-0.118896,0.753052
0.319946,-0.061279,1.065186
0.052612,-0.395508,0.826294
-0.306885,0.198120,0.942627
0.481689,-0.375122,1.008789
-0.445068,-0.178589,0.754761
0.250122,-0.051758,1.049683
0.098389,-0.404053,0.830933
-0.355835,0.175903,0.898682
0.499146,-0.317383,1.031738
-0.389160,-0.191895,0.781494
0.167236,-0.004761,1.041382
0.146973,-0.443726,0.848145
-0.381226,0.088745,0.847168
0.503418,-0.264160,1.059814
-0.355469,-0.180542,0.779053
0.089966,0.077881,1.044556
0.259521,-0.498535,0.887207
-0.444092,0.045044,0.811768
0.492310,-0.241577,1.061035
-0.280396,-0.221680,0.796875
-0.003540,0.139893,1.040649
0.319702,-0.483521,0.910767
-0.470337,0.025513,0.805664
0.485962,-0.206543,1.094482
-0.191895,-0.254150,0.828369
-0.092041,0.198975,1.030273
0.379395,-0.420532,0.962891
-0.481934,-0.000732,0.802002
0.454346,-0.134399,1.118530
-0.071411,-0.312378,0.845215
-0.162964,0.214233,1.030884
0.423096,-0.412354,0.985474
-0.461426,-0.067017,0.783691
0.407227,-0.094727,1.108398
0.026978,-0.372925,0.849243
-0.217407,0.231934,1.011597
0.466553,-0.359375,1.014526
-0.434692,-0.108643,0.800415
0.342529,-0.086914,1.092041
0.068237,-0.413574,0.858521
-0.280396,0.171997,0.969360
0.496460,-0.290405,1.068237
-0.401123,-0.115601,0.802979
0.258789,-0.019165,1.079834
0.142700,-0.435913,0.881226
-0.339233,0.146362,0.940430
0.526367,-0.257080,1.098999
-0.373169,-0.156616,0.797485
0.167847,0.057983,1.078003
0.231567,-0.476562,0.903687
-0.390259,0.072998,0.856323
0.533325,-0.228638,1.108521
-0.298462,-0.216309,0.804443
0.077148,0.146973,1.081665
0.313232,-0.445068,0.931396
-0.433350,0.028809,0.829102
0.520874,-0.209595,1.127930
-0.218750,-0.246704,0.829224
-0.021973,0.186646,1.059692
0.366821,-0.434570,0.972168
-0.455811,0.013062,0.832275
0.515747,-0.149170,1.153809
-0.121216,-0.257935,0.864624
-0.107544,0.228516,1.053833
0.419800,-0.422852,0.997925
-0.443604,-0.042480,0.828125
0.463745,-0.126953,1.148193
-0.016235,-0.323364,0.879639
-0.150391,0.233887,1.054688
0.462524,-0.346436,1.039795
-0.451050,-0.057007,0.812378
0.417603,-0.094727,1.138062
0.051025,-0.402954,0.875122
-0.198608,0.197510,1.023438
0.485962,-0.286133,1.073730
-0.433350,-0.077637,0.803223
0.373047,-0.060181,1.140137
0.077881,-0.412109,0.888062
-0.275269,0.198486,1.008911
0.537842,-0.282959,1.108643
-0.400635,-0.113647,0.806396
0.292969,0.012451,1.133057
0.167358,-0.424927,0.913452
-0.325317,0.164429,0.963013
0.544312,-0.282593,1.119141
-0.354370,-0.180176,0.814575
0.216797,0.064941,1.114624
0.251343,-0.432373,0.945068
-0.381714,0.125977,0.901855
0.548584,-0.250366,1.122437
-0.302856,-0.220703,0.813843
0.148071,0.095337,1.108398
0.304199,-0.430786,0.963257
-0.421021,0.094482,0.862061
0.563965,-0.211182,1.140991
-0.238770,-0.242310,0.833252
0.054199,0.146973,1.093628
0.361206,-0.429932,0.991455
-0.444092,0.061890,0.852417
0.530762,-0.147949,1.164673
-0.158813,-0.233154,0.865967
-0.019287,0.206421,1.106812
0.413696,-0.414673,1.016357
-0.457520,0.016357,0.850464
0.511597,-0.126343,1.164551
-0.076538,-0.267334,0.881836
-0.087891,0.210205,1.081543
0.470337,-0.381104,1.046631
-0.439819,-0.039185,0.849243
0.452271,-0.089355,1.164185
0.014893,-0.332397,0.892212
-0.132202,0.205322,1.069336
0.477539,-0.315552,1.070923
-0.440552,-0.064331,0.829956
0.436890,-0.079712,1.167725
0.036865,-0.357178,0.884277
-0.233276,0.229858,1.032959
0.517090,-0.283447,1.108887
-0.381958,-0.150269,0.828247
0.355469,-0.042969,1.159546
0.101318,-0.380005,0.918213
-0.289307,0.199219,0.982422
0.537109,-0.246460,1.120117
-0.331909,-0.182861,0.833862
0.275391,0.010376,1.150269
0.182495,-0.413696,0.935669
-0.340088,0.160156,0.937378
0.565063,-0.235352,1.127197
-0.317871,-0.187866,0.831299
0.182739,0.067017,1.127563
0.278442,-0.440430,0.967407
-0.397949,0.112793,0.892578
0.553955,-0.190674,1.144531
-0.240234,-0.227783,0.842529
0.067383,0.160522,1.113892
0.346924,-0.420654,0.985840
-0.412231,0.036133,0.881592
0.543091,-0.151367,1.165405
-0.177002,-0.230103,0.849243
-0.011597,0.201172,1.096924
0.400757,-0.394287,1.008789
-0.450317,-0.001465,0.854370
0.520264,-0.163330,1.177368
-0.040161,-0.313721,0.885742
-0.096069,0.202637,1.075439
0.426025,-0.343872,1.023926
-0.455933,-0.052124,0.832520
0.484375,-0.154663,1.167358
-0.021606,-0.339478,0.893555
-0.156616,0.219360,1.057373
0.461914,-0.302124,1.053589
-0.458374,-0.047363,0.820068
0.427979,-0.113892,1.162964
0.022705,-0.366821,0.900635
-0.235107,0.221558,1.038086
0.501465,-0.273682,1.095337
-0.434814,-0.094971,0.800415
0.351440,-0.049438,1.158936
0.102905,-0.397705,0.930908
-0.302490,0.203369,1.000000
0.520264,-0.260742,1.102539
-0.381592,-0.136108,0.804810
0.271729,0.029053,1.154541
0.169556,-0.399048,0.941650
-0.351318,0.139160,0.943726
0.552490,-0.250610,1.115112
-0.345215,-0.166504,0.804688
0.185669,0.101196,1.135376
0.223999,-0.431763,0.943115
-0.382935,0.097778,0.911377
0.541138,-0.225830,1.127197
-0.320557,-0.193115,0.814209
0.120361,0.097900,1.108398
0.291138,-0.440063,0.953125
-0.424805,0.105225,0.901001
0.529663,-0.154175,1.159058
-0.275879,-0.215210,0.817871
0.056274,0.118408,1.087646
0.313354,-0.425171,0.969604
-0.447510,0.043945,0.862183
0.546631,-0.164429,1.160156
-0.219482,-0.235596,0.821167
-0.020752,0.190308,1.081543
0.360718,-0.406006,0.986450
-0.446167,-0.003540,0.840820
0.499390,-0.161987,1.145996
-0.139526,-0.281128,0.828003
-0.064575,0.188477,1.075562
0.385010,-0.381104,0.983643
-0.463989,-0.018799,0.827148
0.483154,-0.148071,1.145142
-0.102295,-0.312134,0.825562
-0.144043,0.191284,1.040527
0.417114,-0.350830,1.013062
-0.464111,-0.058594,0.817505
0.451050,-0.109009,1.158569
-0.069580,-0.332153,0.813110
-0.235596,0.212646,1.013672
0.458374,-0.333862,1.036377
-0.461670,-0.097046,0.804688
0.400879,-0.087158,1.145264
-0.043091,-0.336792,0.834961
-0.277588,0.198730,0.979492
0.476807,-0.318237,1.054932
-0.449585,-0.120361,0.791626
0.329468,-0.061646,1.132935
0.021729,-0.356445,0.861694
-0.326660,0.193848,0.950684
0.490479,-0.274658,1.060547
-0.433105,-0.148926,0.775391
0.250366,-0.015991,1.120972
0.098633,-0.401367,0.887451
-0.387451,0.157959,0.912476
0.505005,-0.262207,1.072266
-0.396484,-0.171631,0.765015
0.167236,0.042114,1.093628
0.175293,-0.411011,0.904541
-0.431152,0.118774,0.875000
0.497803,-0.226807,1.099487
-0.366943,-0.208984,0.760864
0.094482,0.085449,1.076416
0.227173,-0.410645,0.915039
-0.476440,0.098511,0.857178
0.498169,-0.223877,1.096069
-0.291382,-0.266357,0.783691
0.013794,0.123291,1.056519
0.265869,-0.408813,0.915649
-0.483887,0.056641,0.834351
0.490356,-0.187134,1.104492
-0.216187,-0.297241,0.779907
-0.070801,0.143188,1.031738
0.324097,-0.411987,0.933228
-0.493042,0.018433,0.807983
0.461670,-0.157593,1.099731
-0.175415,-0.312500,0.769409
-0.157959,0.155884,1.003540
0.369019,-0.381592,0.963867
-0.504639,-0.039917,0.780396
0.429321,-0.127930,1.123779
-0.141846,-0.312988,0.785400
-0.258667,0.194580,0.972290
0.401611,-0.350098,0.988403
-0.503418,-0.078979,0.766357
0.375122,-0.105469,1.120605
-0.095947,-0.331665,0.791748
-0.323364,0.202393,0.950562
0.433594,-0.317505,1.008057
-0.502808,-0.104736,0.746094
0.297607,-0.097778,1.087280
-0.022461,-0.387695,0.811157
-0.381104,0.172729,0.900146
0.445557,-0.278320,1.030884
-0.475098,-0.085938,0.756104
0.209595,-0.019165,1.069092
0.053345,-0.406616,0.847046
-0.436279,0.152344,0.879395
0.451294,-0.256470,1.043457
-0.447876,-0.140869,0.741943
0.121338,0.049683,1.056030
0.149414,-0.422852,0.871948
-0.497803,0.121948,0.843750
0.448975,-0.225098,1.054321
-0.375732,-0.195679,0.762085
0.014282,0.117798,1.043945
0.206787,-0.405396,0.885864
-0.520020,0.059082,0.813843
0.458984,-0.219727,1.076782
-0.287231,-0.273071,0.737549
-0.081177,0.143555,1.003906
0.273926,-0.385498,0.906128
-0.540894,0.034668,0.791626
0.437744,-0.211182,1.062256
-0.220093,-0.350464,0.715942
-0.170288,0.173462,0.989136
0.320801,-0.366821,0.913330
-0.568726,0.020874,0.769653
0.402832,-0.203491,1.050659
-0.159180,-0.380615,0.741943
-0.264282,0.173218,0.936768
0.363159,-0.342773,0.941650
-0.568970,-0.018066,0.749023
0.337646,-0.137329,1.066528
-0.119141,-0.371948,0.767334
-0.332886,0.171753,0.918579
0.386597,-0.316040,0.974487
-0.554932,-0.048340,0.730347
0.253784,-0.087036,1.048828
-0.039917,-0.386475,0.802979
-0.410767,0.169434,0.883423
0.411255,-0.276978,1.002686
-0.511475,-0.071655,0.742188
0.162598,0.001099,1.035767
0.041504,-0.418823,0.820923
-0.484985,0.147217,0.852295
0.437378,-0.250854,1.031494
-0.469238,-0.154175,0.723511
0.058105,0.090576,1.022827
0.121216,-0.407227,0.836548
-0.539673,0.125610,0.820068
0.446045,-0.239868,1.031738
-0.361572,-0.208374,0.740479
-0.043701,0.171753,1.018921
0.202881,-0.417725,0.856567
-0.575806,0.096680,0.798706
0.437256,-0.231567,1.027466
-0.292847,-0.266968,0.717773
-0.112427,0.151978,0.984009
0.265381,-0.387329,0.884155
-0.590210,0.062256,0.763550
0.420654,-0.204712,1.041260
-0.227539,-0.350098,0.705078
-0.179932,0.178833,0.968506
0.310791,-0.379150,0.887573
-0.601929,0.052124,0.755737
0.376953,-0.185059,1.027100
-0.178955,-0.359131,0.721802
-0.255493,0.151855,0.927734
0.344849,-0.355957,0.927612
-0.601562,0.013794,0.735352
0.328003,-0.124268,1.029663
-0.140503,-0.350464,0.743530
-0.347900,0.181763,0.899536
0.382080,-0.347290,0.946411
-0.571167,-0.038940,0.709595
0.261475,-0.073364,1.027832
-0.091553,-0.373901,0.753906
-0.408569,0.205200,0.875977
0.394165,-0.298706,0.961548
-0.539185,-0.081543,0.707153
0.202271,-0.020996,1.027588
-0.013306,-0.415039,0.792603
-0.489136,0.215088,0.847900
0.401367,-0.281006,0.966919
-0.497070,-0.133423,0.710815
0.114868,0.021240,1.012573
0.052124,-0.420898,0.807007
-0.535156,0.205933,0.831421
0.408081,-0.247681,0.985474
-0.441162,-0.134277,0.731812
0.046631,0.084351,1.014771
0.129517,-0.436035,0.822998
-0.571045,0.173584,0.805298
0.408691,-0.204468,0.997437
-0.360840,-0.187256,0.739014
-0.037476,0.139526,0.999878
0.201782,-0.429077,0.852905
-0.594604,0.111084,0.774536
0.425049,-0.197632,1.024292
-0.280396,-0.266602,0.714233
-0.126221,0.197510,0.971436
0.273560,-0.400269,0.883789
-0.595581,0.063965,0.754395
0.392822,-0.161621,1.027588
-0.220459,-0.301025,0.719604
-0.192505,0.204468,0.955811
0.322021,-0.363037,0.907471
-0.611206,0.054810,0.737671
0.364380,-0.175171,1.007690
-0.151123,-0.377319,0.717163
-0.272217,0.213013,0.915649
0.348877,-0.348145,0.904785
-0.600708,0.037842,0.728149
0.315918,-0.121094,1.018311
-0.101196,-0.407471,0.731934
-0.360229,0.203369,0.878418
0.379395,-0.309570,0.929565
-0.562378,0.007324,0.723999
0.250488,-0.075684,1.002197
-0.055054,-0.401367,0.754761
-0.435913,0.231934,0.862671
0.396606,-0.278076,0.951416
-0.533081,-0.068481,0.708374
0.150269,-0.004395,1.004761
0.023560,-0.420410,0.792969
-0.503174,0.214722,0.837646
0.410645,-0.237061,0.973755
-0.447876,-0.098877,0.739380
0.056152,0.110962,1.020874
0.107178,-0.416748,0.817383
-0.557129,0.166870,0.809937
0.418335,-0.199097,1.003296
-0.352661,-0.176758,0.737549
-0.016479,0.192749,1.017456
0.189575,-0.384399,0.850098
-0.593506,0.110962,0.770386
0.414429,-0.191162,1.013184
-0.260864,-0.282227,0.720581
-0.099243,0.218506,0.985107
0.266113,-0.364380,0.869751
-0.603516,0.111572,0.755981
0.402588,-0.172607,1.018677
-0.180542,-0.348511,0.718384
-0.197876,0.199219,0.932861
0.316528,-0.338745,0.911255
-0.608154,0.068970,0.740234
0.377686,-0.142822,1.027344
-0.131958,-0.389893,0.718384
-0.277954,0.203613,0.902954
0.365845,-0.332764,0.915283
-0.575439,0.046387,0.731079
0.311523,-0.074951,1.022095
-0.086182,-0.391235,0.730957
-0.350464,0.192627,0.869507
0.404419,-0.312744,0.944702
-0.566040,0.012573,0.719604
0.223877,-0.013550,1.002319
-0.012817,-0.407959,0.763550
-0.421387,0.203735,0.868164
0.407837,-0.271729,0.943970
-0.510376,-0.050049,0.733032
0.140991,0.049316,1.008911
0.049072,-0.411865,0.793213
-0.495361,0.181641,0.825684
0.430420,-0.218872,0.991699
-0.441650,-0.090210,0.743530
0.054321,0.121948,1.022705
0.137207,-0.435669,0.831787
-0.537476,0.142334,0.803955
0.430786,-0.185425,1.015503
-0.332886,-0.168579,0.744629
-0.041748,0.227783,1.009644
0.222900,-0.388550,0.854370
-0.576172,0.100952,0.764160
0.423340,-0.175781,1.022583
-0.247925,-0.244629,0.735596
-0.105469,0.216431,0.975098
0.295288,-0.362915,0.894409
-0.609741,0.086060,0.735474
0.412476,-0.157715,1.031372
-0.141602,-0.348755,0.735840
-0.210327,0.215088,0.937744
0.338013,-0.341919,0.898315
-0.590454,0.074951,0.754272
0.353516,-0.123291,1.010620
-0.071289,-0.388550,0.754395
-0.290771,0.191772,0.880493
0.371094,-0.306885,0.928345
-0.557739,0.038940,0.726929
0.284546,-0.047119,0.999023
-0.019531,-0.407349,0.747314
-0.359131,0.178345,0.856323
0.410034,-0.280518,0.953125
-0.524902,-0.031494,0.726807
0.042114,0.139893,1.019287
0.020142,-0.430786,0.767090
-0.546509,0.162598,0.813110
0.431763,-0.213501,1.011841
-0.475952,-0.071655,0.743774
-0.020874,0.178101,1.003540
0.182129,-0.379761,0.848999
-0.597778,0.135986,0.780396
0.434448,-0.206909,1.008423
-0.252075,-0.280762,0.734375
-0.102905,0.196289,0.979858
0.267944,-0.359619,0.878174
-0.610596,0.116211,0.752197
0.408325,-0.174805,1.017090
-0.177979,-0.331909,0.724731
-0.164185,0.195801,0.950684
0.313354,-0.352417,0.900146
-0.615356,0.102295,0.744019
0.375977,-0.159302,1.005859
-0.112671,-0.354614,0.747192
-0.265991,0.195801,0.902100
0.352905,-0.343994,0.915894
-0.577515,0.036377,0.746826
0.315430,-0.085205,1.005493
-0.098389,-0.358521,0.728027
-0.337402,0.203369,0.872681
0.400146,-0.325195,0.942261
-0.538208,-0.034912,0.728516
0.230835,-0.006836,0.998413
-0.054321,-0.386719,0.739502
-0.391602,0.197144,0.849243
0.423584,-0.270386,0.962280
-0.509766,-0.067139,0.727295
0.168823,0.016113,1.003906
0.017944,-0.397827,0.778076
-0.471191,0.172729,0.815186
0.416016,-0.239258,0.968506
-0.462524,-0.089966,0.728638
0.119507,0.089600,1.026367
0.095337,-0.415405,0.804810
-0.558594,0.190552,0.809570
0.442993,-0.239990,0.991943
-0.370972,-0.112061,0.761841
0.005981,0.184814,1.015137
0.186035,-0.405029,0.845337
-0.575073,0.123291,0.776733
0.431763,-0.187012,1.017456
-0.284668,-0.178345,0.755005
-0.064819,0.215454,0.997681
0.253540,-0.346313,0.886719
-0.609863,0.090942,0.737549
0.424805,-0.203613,1.020630
-0.177612,-0.308228,0.746948
-0.120728,0.216675,0.947021
0.291138,-0.303711,0.896851
-0.608521,0.106445,0.750854
0.399902,-0.165771,1.018066
-0.110962,-0.359497,0.766479
-0.198364,0.164795,0.912231
0.334351,-0.322510,0.910767
-0.583008,0.102295,0.751465
0.359741,-0.103271,1.021362
-0.073853,-0.384155,0.754517
-0.276733,0.163696,0.876099
0.397705,-0.335815,0.930054
-0.573242,0.075073,0.736328
0.279907,-0.029053,0.997803
-0.022705,-0.394653,0.751953
-0.334717,0.143433,0.851562
0.409058,-0.311890,0.945190
-0.529297,-0.012695,0.723999
0.216919,0.009155,0.993774
0.032837,-0.420776,0.758301
-0.422241,0.199097,0.835938
0.425659,-0.273193,0.956665
-0.480347,-0.076782,0.737061
0.136353,0.058960,1.010010
0.079956,-0.427856,0.791992
-0.477051,0.156982,0.809814
0.446045,-0.240601,0.986206
-0.430420,-0.086426,0.755127
0.056274,0.134033,1.021606
0.156372,-0.422485,0.821777
-0.529541,0.100830,0.780029
0.455322,-0.220093,1.016235
-0.328613,-0.183228,0.746338
-0.028198,0.191772,1.008301
0.227173,-0.387817,0.855225
-0.572876,0.082764,0.754272
0.451538,-0.209839,1.023682
-0.221069,-0.265869,0.756714
-0.098389,0.212891,0.987671
0.291870,-0.370361,0.874878
-0.605591,0.095581,0.746704
0.418579,-0.220215,1.010498
-0.118530,-0.345581,0.777344
-0.166382,0.204346,0.946289
0.320312,-0.311401,0.911499
-0.585693,0.095459,0.757324
0.393188,-0.190186,1.005249
-0.061157,-0.371704,0.779541
-0.242188,0.186157,0.903076
0.369873,-0.294556,0.930664
-0.563843,0.076172,0.760742
0.326294,-0.115601,0.991211
-0.010986,-0.432983,0.766113
-0.279419,0.132080,0.868042
0.399170,-0.266357,0.961914
-0.545898,-0.007080,0.736572
0.249512,-0.062378,0.983521
0.026611,-0.438232,0.769165
-0.349121,0.116455,0.831299
0.428833,-0.294922,0.966064
-0.507935,-0.061646,0.734863
0.176025,0.011597,0.998535
0.072021,-0.457642,0.781494
-0.420776,0.117432,0.800537
0.430298,-0.244385,0.981445
-0.447754,-0.141479,0.731689
0.104736,0.057983,1.019287
0.140259,-0.475342,0.795654
-0.509644,0.151123,0.779663
0.443359,-0.258423,0.985229
-0.373657,-0.143066,0.767944
0.025391,0.137451,1.019653
0.198120,-0.484619,0.831055
-0.558716,0.104736,0.751465
0.452637,-0.228027,1.010010
-0.292847,-0.194702,0.772827
-0.070068,0.194092,1.010986
0.274902,-0.470825,0.867920
-0.562500,0.067139,0.749023
0.430176,-0.194702,1.027100
-0.197998,-0.239014,0.771240
-0.141235,0.218262,0.986206
0.320923,-0.425903,0.903687
-0.562256,0.015259,0.751953
0.402344,-0.176392,1.026733
-0.109131,-0.316650,0.781128
-0.202026,0.228149,0.950806
0.363770,-0.341797,0.936768
-0.556396,-0.027466,0.737793
0.359619,-0.192383,0.992554
-0.027588,-0.379639,0.791992
-0.265869,0.203979,0.905762
0.393311,-0.313110,0.958740
-0.519531,-0.093872,0.730347
0.293335,-0.135498,0.986450
0.013062,-0.425781,0.781738
-0.309082,0.166992,0.872559
0.422974,-0.306519,0.971558
-0.498413,-0.100586,0.732666
0.208740,-0.069946,0.987793
0.075073,-0.493896,0.774292
-0.377930,0.118652,0.830688
0.442627,-0.273315,0.985718
-0.454346,-0.133911,0.740356
0.138428,0.014526,1.003174
0.119263,-0.481934,0.803833
-0.443848,0.079956,0.787598
0.464966,-0.258301,1.013306
-0.395752,-0.150635,0.741333
0.047485,0.101807,1.008545
0.206055,-0.495728,0.839722
-0.484741,0.050415,0.768066
0.466431,-0.239502,1.033081
-0.339722,-0.178711,0.757202
-0.038330,0.173462,1.008179
0.283936,-0.451538,0.884399
-0.503540,-0.008179,0.748657
0.442505,-0.233643,1.031250
-0.245117,-0.231445,0.782227
-0.121704,0.212402,0.993042
0.332397,-0.449707,0.904907
-0.518555,-0.008545,0.762939
0.424316,-0.197510,1.045044
-0.144043,-0.280273,0.800171
-0.192017,0.219238,0.977661
0.377319,-0.426147,0.928833
-0.514404,-0.023193,0.776123
0.384888,-0.159058,1.045044
-0.048950,-0.368042,0.801270
-0.244995,0.214233,0.948853
0.408936,-0.362549,0.961914
-0.499390,-0.076050,0.754639
0.328369,-0.131470,1.040405
0.037476,-0.444092,0.800903
-0.300781,0.173584,0.907593
0.434448,-0.330688,0.974854
-0.468872,-0.114502,0.754639
0.255493,-0.076172,1.033447
0.085327,-0.478516,0.800537
-0.351196,0.141602,0.873779
0.447754,-0.308716,0.989746
-0.443726,-0.093994,0.774414
0.170898,-0.014038,1.017822
0.131714,-0.474976,0.827393
-0.395630,0.107178,0.848022
0.467163,-0.267334,1.024414
-0.395020,-0.137573,0.769165
0.083740,0.056519,1.022339
0.226685,-0.517578,0.854126
-0.454956,0.031982,0.782349
0.479126,-0.221680,1.051270
-0.331543,-0.184326,0.758423
0.010742,0.137695,1.036011
0.296875,-0.480469,0.902710
-0.478271,-0.005615,0.778564
0.458862,-0.219360,1.053955
-0.251465,-0.212646,0.795288
-0.077515,0.183838,1.025635
0.348145,-0.475220,0.926514
-0.500854,-0.004517,0.784668
0.445190,-0.185059,1.073853
-0.147095,-0.259521,0.821167
-0.146851,0.197754,1.002686
0.396362,-0.440796,0.961060
-0.504395,-0.021118,0.778076
0.417969,-0.133667,1.079102
-0.055664,-0.323364,0.823364
-0.188965,0.206177,1.002686
0.424438,-0.407593,0.977905
-0.488770,-0.084473,0.773193
0.371338,-0.123901,1.071167
0.027710,-0.374512,0.840576
-0.249634,0.196655,0.964111
0.464233,-0.363159,1.016724
-0.473511,-0.115356,0.761841
0.314087,-0.073853,1.079102
0.072754,-0.410889,0.830566
-0.293457,0.164795,0.933350
0.491577,-0.344360,1.031372
-0.440186,-0.158081,0.767334
0.244019,-0.039673,1.058350
0.104248,-0.430054,0.844116
-0.341431,0.130615,0.901001
0.514282,-0.285278,1.067505
-0.390015,-0.165894,0.776978
0.174805,0.032349,1.055176
0.190674,-0.453369,0.871338
-0.395142,0.086060,0.850342
0.530029,-0.271240,1.093994
-0.337280,-0.221558,0.784546
0.097168,0.087402,1.049683
0.250977,-0.464111,0.898071
-0.419434,0.036743,0.830566
0.517334,-0.225220,1.095703
-0.278931,-0.219604,0.799316
0.018677,0.149048,1.052734
0.328369,-0.484131,0.919556
-0.468506,0.007812,0.804321
0.502686,-0.202271,1.110229
-0.202148,-0.241943,0.836792
-0.055054,0.205444,1.046509
0.384033,-0.427490,0.967651
-0.482300,-0.013428,0.801514
0.466309,-0.168335,1.124512
-0.099487,-0.315063,0.836670
-0.087891,0.209717,1.056641
0.399780,-0.359619,0.993652
-0.502319,-0.000122,0.790894
0.450195,-0.159302,1.123779
0.037354,-0.398193,0.880371
-0.169800,0.211426,1.043823
0.437134,-0.337158,1.022461
-0.478271,-0.006592,0.799683
0.387207,-0.117432,1.093994
0.065063,-0.433105,0.872314
-0.217651,0.165405,1.014648
0.493652,-0.300415,1.071533
-0.446289,-0.044678,0.790771
0.317871,-0.029907,1.099121
0.097534,-0.403687,0.900391
-0.286865,0.166138,0.998413
0.526855,-0.283325,1.102295
-0.404297,-0.132446,0.791748
0.250000,0.058838,1.116699
0.170288,-0.432861,0.903687
-0.343872,0.119507,0.951172
0.548096,-0.277344,1.119019
-0.359253,-0.187622,0.799927
0.187500,0.073853,1.104492
0.255615,-0.437378,0.931274
-0.378296,0.114380,0.888672
0.532837,-0.230713,1.119873
-0.290527,-0.217407,0.830322
0.116455,0.054810,1.073242
0.302612,-0.438232,0.970825
-0.421875,0.082153,0.849731
0.537109,-0.186646,1.127686
-0.213867,-0.210571,0.855103
0.021851,0.166138,1.087402
0.369507,-0.465088,0.977661
-0.419678,0.026611,0.847168
0.512573,-0.126221,1.143677
-0.143677,-0.227905,0.870605
-0.055054,0.230835,1.098511
0.428467,-0.411987,1.008301
-0.438965,-0.031128,0.842896
0.471802,-0.111572,1.150635
-0.013428,-0.300781,0.898438
-0.116577,0.208984,1.068848
0.459595,-0.327637,1.058838
-0.461670,-0.051880,0.817383
0.439697,-0.107544,1.156982
0.060913,-0.379517,0.900879
-0.210693,0.215454,1.034790
0.483276,-0.273193,1.086060
-0.410767,-0.078369,0.821289
0.363403,-0.038452,1.149414
0.113770,-0.414185,0.906006
-0.289062,0.165283,0.983032
0.553833,-0.237305,1.148438
-0.364380,-0.159546,0.809570
0.244629,0.048340,1.134521
0.222046,-0.468018,0.924683
-0.372803,0.107544,0.904907
0.565674,-0.231689,1.154419
-0.278809,-0.215454,0.839355
0.130615,0.157471,1.123169
0.290283,-0.454102,0.942139
-0.406006,0.074951,0.890015
0.571899,-0.228394,1.158081
-0.229248,-0.208252,0.862061
0.045532,0.197388,1.103638
0.348389,-0.391479,0.992920
-0.431763,0.016846,0.859375
0.544800,-0.203247,1.177246
-0.137329,-0.317383,0.875977
-0.027954,0.208984,1.097168
0.396240,-0.371704,1.000244
-0.469971,0.041260,0.848877
0.524536,-0.204102,1.167236
-0.007568,-0.401245,0.891968
-0.085205,0.191284,1.077148
0.409180,-0.299927,1.035278
-0.466064,-0.002686,0.835938
0.495483,-0.167969,1.169800
0.022095,-0.433228,0.878174
-0.162842,0.229614,1.081421
0.469238,-0.305786,1.067261
-0.457642,-0.011108,0.818359
0.425293,-0.072876,1.177368
0.032959,-0.402222,0.890259
-0.214844,0.195312,1.058716
0.526245,-0.294434,1.120361
-0.438965,-0.056519,0.819824
0.368042,0.002930,1.178833
0.091064,-0.386719,0.915161
-0.286499,0.193115,1.018433
0.551758,-0.311157,1.120239
-0.401733,-0.118286,0.818237
0.315430,0.037354,1.163330
0.147583,-0.375732,0.934448
-0.328491,0.173706,0.970459
0.550781,-0.273560,1.125000
-0.362183,-0.202148,0.815186
0.261475,0.021973,1.141724
0.205200,-0.394897,0.942505
-0.374146,0.170532,0.922485
0.544678,-0.231934,1.114746
-0.324097,-0.200073,0.829346
0.179565,0.050903,1.124390
0.264404,-0.427490,0.952271
-0.402954,0.117065,0.897949
0.545776,-0.207886,1.132202
-0.282715,-0.207275,0.829102
0.099976,0.108765,1.103027
0.315674,-0.422241,0.973145
-0.429199,0.095337,0.901611
0.557251,-0.190552,1.173706
-0.219238,-0.264648,0.843140
0.000244,0.147583,1.077881
0.348511,-0.390137,0.975952
-0.429443,0.055176,0.867188
0.544434,-0.178101,1.167236
-0.145264,-0.291870,0.860107
-0.063843,0.167114,1.056519
0.390259,-0.375366,1.001099
-0.440430,0.011475,0.846191
0.507935,-0.161377,1.156494
-0.074463,-0.325684,0.859253
-0.118896,0.175293,1.046143
0.411621,-0.324097,1.013672
-0.460083,-0.047729,0.819092
0.471069,-0.149536,1.163086
-0.037109,-0.340454,0.859497
-0.200073,0.218262,1.039307
0.443726,-0.294922,1.040527
-0.464355,-0.055664,0.807373
0.421143,-0.120850,1.157837
0.007324,-0.350220,0.881348
-0.261475,0.203491,1.014038
0.475220,-0.266357,1.073730
-0.454834,-0.087158,0.782104
0.327881,-0.066895,1.127075
0.087402,-0.412231,0.895996
-0.312378,0.168701,0.969849
0.490356,-0.243774,1.083130
-0.407227,-0.132202,0.768311
0.243896,0.000244,1.113647
0.164307,-0.428101,0.911865
-0.380981,0.131470,0.923950
0.517212,-0.222290,1.116455
-0.367920,-0.165894,0.781006
0.142578,0.089111,1.097656
0.229126,-0.424683,0.927490
-0.441406,0.097656,0.881958
0.533936,-0.215210,1.129150
-0.301392,-0.234009,0.782104
0.034058,0.151489,1.089355
0.287964,-0.399292,0.941895
-0.462769,0.046509,0.855835
0.523193,-0.225098,1.116943
-0.192505,-0.262695,0.819092
-0.052979,0.172485,1.036865
0.317993,-0.366943,0.952759
-0.472656,-0.014038,0.826660
0.492188,-0.203125,1.125244
-0.152832,-0.301270,0.801025
-0.113037,0.184326,1.037598
0.366943,-0.351562,0.976318
-0.494995,-0.062256,0.783081
0.465088,-0.163818,1.136230
-0.119141,-0.353760,0.792114
-0.188354,0.191406,1.007935
0.406738,-0.330933,0.994629
-0.517212,-0.023193,0.786499
0.400513,-0.166870,1.101685
-0.077515,-0.355591,0.828613
-0.250122,0.183960,0.984619
0.418823,-0.302856,1.020142
-0.513916,-0.029907,0.767822
0.345459,-0.114746,1.100220
-0.024780,-0.398071,0.822632
-0.322144,0.187134,0.951172
0.439087,-0.285278,1.038452
-0.485718,-0.076416,0.757324
0.269775,-0.042480,1.095703
0.036377,-0.398071,0.857056
-0.385132,0.156860,0.921265
0.455078,-0.279419,1.033569
-0.448120,-0.116577,0.753540
0.192505,0.019775,1.076050
0.107178,-0.410767,0.871094
-0.435181,0.134277,0.884888
0.466919,-0.248413,1.058960
-0.436157,-0.138916,0.739380
0.112183,0.085449,1.066162
0.181030,-0.409790,0.888672
-0.477783,0.099609,0.864624
0.472778,-0.233154,1.066772
-0.369873,-0.196289,0.755005
0.017700,0.108276,1.036865
0.229004,-0.422119,0.896606
-0.508423,0.071289,0.829468
0.460205,-0.204956,1.068115
-0.276367,-0.242676,0.752197
-0.050537,0.143188,1.019653
0.266602,-0.404053,0.899658
-0.528809,0.025635,0.796875
0.463745,-0.196899,1.084595
-0.224731,-0.332153,0.719604
-0.122681,0.178711,1.009033
0.303589,-0.381470,0.897339
-0.542114,0.018555,0.777100
0.445557,-0.202637,1.082397
-0.188110,-0.361328,0.732056
-0.199951,0.174072,0.974121
0.333374,-0.353760,0.929810
-0.556030,-0.027222,0.747681
0.387329,-0.178711,1.076904
-0.164429,-0.386353,0.738403
-0.267822,0.173950,0.945801
0.384888,-0.341797,0.963501
-0.561768,-0.012695,0.751099
0.328735,-0.140869,1.052734
-0.119751,-0.343628,0.783936
-0.321777,0.169067,0.925903
0.400391,-0.328979,0.978760
-0.565552,-0.032227,0.725342
0.281372,-0.078247,1.054565
-0.048828,-0.368530,0.809204
-0.399414,0.190308,0.894653
0.411377,-0.309326,0.986450
-0.525635,-0.070557,0.731445
0.204224,-0.029419,1.051392
-0.002686,-0.399292,0.822144
-0.444458,0.155884,0.869629
0.426514,-0.274536,1.000122
-0.503052,-0.096924,0.722778
0.102905,0.069824,1.026367
0.086548,-0.422241,0.827148
-0.492554,0.136841,0.850586
0.422607,-0.234375,1.028931
-0.439819,-0.142334,0.739868
0.033691,0.108765,1.025146
0.146851,-0.418091,0.849731
-0.537720,0.105347,0.816284
0.443848,-0.237915,1.025146
-0.351562,-0.229614,0.733765
-0.047119,0.159058,1.004883
0.208984,-0.389282,0.864624
-0.574219,0.060181,0.778076
0.434326,-0.227051,1.048218
-0.272461,-0.297729,0.719971
-0.129639,0.170898,0.967773
0.260986,-0.378418,0.872437
-0.596313,0.042847,0.744507
0.418945,-0.213989,1.046509
-0.210449,-0.345093,0.710815
-0.222412,0.179199,0.946655
0.313477,-0.358154,0.921265
-0.606201,0.012695,0.720947
0.378418,-0.170410,1.041138
-0.159180,-0.362915,0.731567
-0.289551,0.174683,0.914307
0.351318,-0.323730,0.936035
-0.594238,-0.000977,0.722412
0.292358,-0.115234,1.019897
-0.117310,-0.386597,0.740356
-0.357788,0.180664,0.892090
0.380859,-0.291748,0.959961
-0.551514,-0.049072,0.718628
0.207642,-0.057007,1.002075
-0.051758,-0.404785,0.772949
-0.435669,0.171997,0.863037
0.399902,-0.276489,0.979858
-0.541992,-0.071167,0.714355
0.118652,0.058716,1.015625
0.057129,-0.406616,0.815918
-0.514038,0.190430,0.848999
0.401367,-0.254517,0.985718
-0.461548,-0.109741,0.734619
0.073364,0.091187,1.020508
0.112427,-0.396851,0.822388
-0.577759,0.172852,0.812866
0.427856,-0.238403,1.006348
-0.356323,-0.212891,0.728760
-0.028198,0.160278,1.003296
0.177856,-0.397095,0.848511
-0.585693,0.113037,0.771606
0.420044,-0.194824,1.024170
-0.304565,-0.261230,0.706909
-0.102539,0.184448,0.977051
0.248657,-0.393677,0.874512
-0.602539,0.100342,0.764404
0.396118,-0.173218,1.022217
-0.239990,-0.341919,0.695801
-0.161743,0.186523,0.962646
0.295776,-0.369995,0.891113
-0.618164,0.099854,0.755005
0.392944,-0.176636,1.021484
-0.173218,-0.354126,0.718628
-0.245728,0.185791,0.923584
0.336182,-0.354736,0.905396
-0.614258,0.052124,0.736694
0.357056,-0.146729,1.026733
-0.138184,-0.391724,0.719727
-0.308472,0.203613,0.894287
0.366577,-0.343140,0.914429
-0.600342,0.035767,0.717896
0.293701,-0.082520,1.019043
-0.080200,-0.417236,0.743408
-0.375000,0.208618,0.872437
0.376343,-0.315430,0.927612
-0.578857,0.015869,0.700806
0.246094,-0.047363,1.005005
-0.038208,-0.398926,0.771606
-0.436035,0.203613,0.859741
0.396118,-0.285767,0.953247
-0.542969,-0.041138,0.693604
0.156738,0.043213,1.006470
0.021729,-0.403198,0.784790
-0.472900,0.196045,0.856201
0.423706,-0.262085,0.969116
-0.507202,-0.053711,0.700806
0.098999,0.125732,1.020752
0.088379,-0.409302,0.807739
-0.541626,0.189575,0.833862
0.429565,-0.250000,0.979126
-0.407959,-0.122925,0.741333
0.017212,0.182739,1.015381
0.136841,-0.386353,0.829346
-0.571045,0.144165,0.796997
0.448853,-0.231934,1.011475
-0.344604,-0.173584,0.738403
-0.024292,0.232910,1.009399
0.188965,-0.332886,0.842041
-0.592651,0.122437,0.774780
0.441284,-0.242920,1.011963
-0.268433,-0.274902,0.735474
-0.073730,0.212158,0.982666
0.238281,-0.366821,0.854492
-0.611572,0.147583,0.764282
0.428833,-0.205322,1.013794
-0.205078,-0.305054,0.740723
-0.119019,0.187866,0.953857
0.266357,-0.348145,0.877930
-0.620117,0.138184,0.757080
0.428955,-0.194702,1.012817
-0.162109,-0.338379,0.736328
-0.172607,0.195435,0.940186
0.307983,-0.343994,0.892944
-0.617310,0.119385,0.751587
0.398071,-0.170776,1.017944
-0.113770,-0.376831,0.742798
-0.222290,0.205078,0.926636
0.335205,-0.320435,0.910034
-0.604248,0.092407,0.745117
0.357788,-0.121094,1.016357
-0.070923,-0.397217,0.736206
-0.266602,0.175171,0.885742
0.361328,-0.297241,0.913330
-0.585205,0.051392,0.731445
0.324341,-0.114014,1.001465
-0.036011,-0.416138,0.745728
-0.336792,0.212769,0.875610
0.397339,-0.284790,0.931519
-0.551514,-0.015869,0.722290
0.239136,-0.067505,0.979004
-0.011963,-0.424561,0.765869
-0.390991,0.179077,0.847412
0.412231,-0.250366,0.953735
-0.515503,-0.030273,0.727173
0.170288,0.012451,1.008911
0.040161,-0.441528,0.779907
-0.454590,0.180908,0.825317
0.432129,-0.231934,0.971558
-0.464111,-0.051147,0.746094
0.102661,0.098267,1.009644
0.104736,-0.426270,0.803223
-0.512573,0.151489,0.802002
0.448364,-0.213135,1.002075
-0.408813,-0.105713,0.741577
0.026245,0.175903,1.016968
0.167114,-0.416992,0.827637
-0.538330,0.133423,0.791260
0.441284,-0.217041,1.011963
-0.353638,-0.143311,0.745361
-0.022339,0.197754,1.005249
0.217529,-0.394165,0.847412
-0.569824,0.112061,0.776245
0.450439,-0.210083,1.018799
-0.277954,-0.214966,0.748413
-0.081665,0.223389,0.990356
0.267578,-0.379517,0.876465
-0.582886,0.084351,0.752686
0.443848,-0.202026,1.029419
-0.202637,-0.255981,0.763184
-0.146118,0.214600,0.962036
0.313843,-0.374023,0.887695
-0.586060,0.066284,0.749756
0.424438,-0.169312,1.035889
-0.121826,-0.322876,0.774902
-0.197388,0.214355,0.928711
0.329468,-0.338867,0.912231
-0.565186,0.055054,0.754639
0.392578,-0.154297,1.033691
-0.072998,-0.377441,0.760864
-0.244263,0.218872,0.913574
0.357788,-0.321289,0.924561
-0.571167,0.026489,0.735596
0.350708,-0.127319,1.012329
-0.036499,-0.409790,0.759888
-0.281128,0.193970,0.886719
0.392578,-0.311768,0.937012
-0.554932,-0.003418,0.726440
0.291138,-0.097168,0.985596
0.007812,-0.410034,0.780762
-0.319702,0.137329,0.862793
0.416748,-0.308716,0.950806
-0.535278,0.013794,0.738770
0.235596,-0.033325,0.993408
0.046143,-0.424927,0.784424
-0.363037,0.116455,0.834839
0.446167,-0.240112,0.999512
-0.423462,-0.095093,0.748779
0.043945,0.184570,1.010864
0.069702,-0.424927,0.795532
-0.543091,0.135742,0.794678
0.468018,-0.249634,1.007202
-0.374634,-0.146851,0.737427
0.014648,0.208008,1.021362
0.186157,-0.390747,0.836914
-0.572998,0.136841,0.780151
0.455078,-0.231934,0.998901
-0.318237,-0.174927,0.757446
-0.038818,0.207397,1.004517
0.241333,-0.388672,0.865234
-0.586914,0.135254,0.770264
0.445312,-0.192993,1.011353
-0.250000,-0.223145,0.750244
-0.087646,0.214722,0.983032
0.273071,-0.380493,0.885498
-0.594116,0.086914,0.759888
0.427734,-0.205322,1.009521
-0.182861,-0.284180,0.754272
-0.137695,0.216675,0.960571
0.321655,-0.344238,0.907104
-0.588989,0.073608,0.753052
0.399170,-0.171143,1.016479
-0.113159,-0.341675,0.761597
-0.200073,0.181152,0.921875
0.341675,-0.316284,0.917969
-0.564941,0.068726,0.750000
0.359375,-0.116089,1.008423
-0.065552,-0.381348,0.746704
-0.256592,0.165283,0.884277
0.374756,-0.315552,0.941650
-0.550293,0.005859,0.746094
0.310425,-0.086548,1.013550
-0.036499,-0.428711,0.740967
-0.309570,0.161743,0.864380
0.411255,-0.310913,0.947510
-0.526733,0.005981,0.742676
0.243774,-0.026245,0.996582
0.004761,-0.418701,0.758545
-0.373779,0.151733,0.839844
0.441895,-0.335693,0.956421
-0.518433,-0.039673,0.735107
0.193359,0.026245,1.019897
0.057373,-0.434204,0.774414
-0.440063,0.159180,0.815796
0.454224,-0.307861,0.969360
-0.466431,-0.088379,0.753662
0.127441,0.060059,1.004150
0.104126,-0.422852,0.810059
-0.485474,0.145142,0.790161
0.446899,-0.266113,0.984863
-0.412598,-0.161621,0.737427
0.062134,0.091187,1.003052
0.164551,-0.459229,0.812744
-0.514648,0.112061,0.773438
0.467651,-0.250000,1.014893
-0.364746,-0.155151,0.754395
-0.019409,0.165649,1.002563
0.228149,-0.432007,0.856445
-0.536865,0.048584,0.749023
0.458252,-0.253418,1.008423
-0.283936,-0.199707,0.776855
-0.086426,0.209229,0.986694
0.276367,-0.413452,0.871826
-0.535889,0.017578,0.738159
0.440674,-0.216797,1.031372
-0.215576,-0.257446,0.766724
-0.150391,0.230957,0.971680
0.320801,-0.405273,0.907349
-0.534790,0.006958,0.762817
0.403442,-0.183594,1.030884
-0.143677,-0.312866,0.771606
-0.186035,0.218750,0.961914
0.354980,-0.359741,0.926758
-0.550659,-0.004639,0.750244
0.386963,-0.195801,1.021484
-0.042603,-0.406006,0.785522
-0.258545,0.215576,0.921143
0.369751,-0.335449,0.935913
-0.520996,-0.028442,0.752319
0.341309,-0.145020,1.019531
0.014404,-0.443481,0.781616
-0.308350,0.186646,0.882446
0.414795,-0.353394,0.947144
-0.503784,-0.084229,0.744019
0.262939,-0.076416,1.005737
0.062866,-0.458008,0.773804
-0.335449,0.154907,0.859741
0.430298,-0.306396,0.974731
-0.483643,-0.081665,0.762451
0.180298,-0.038818,0.991699
0.086304,-0.487549,0.782837
-0.378052,0.088501,0.823364
0.451050,-0.250977,1.012939
-0.449829,-0.107666,0.748047
0.113403,0.022583,1.012085
0.156372,-0.513184,0.803955
-0.456055,0.105347,0.799194
0.467896,-0.272217,1.005615
-0.386108,-0.160034,0.748047
0.021973,0.110107,1.005737
0.245483,-0.494507,0.851807
-0.488403,0.036377,0.762817
0.465942,-0.248901,1.022827
-0.292480,-0.206055,0.782227
-0.078003,0.174561,1.000366
0.305054,-0.481689,0.882446
-0.513062,-0.006348,0.747192
0.435547,-0.194214,1.050659
-0.181030,-0.253906,0.792603
-0.152710,0.229736,1.006104
0.350464,-0.429932,0.932373
-0.530273,-0.024170,0.766602
0.407104,-0.173706,1.056885
-0.064697,-0.354736,0.805054
-0.215332,0.226562,0.975464
0.400391,-0.386353,0.956177
-0.516846,-0.058350,0.751099
0.352783,-0.161621,1.035889
0.022583,-0.445679,0.800781
-0.264160,0.179810,0.930176
0.427734,-0.351562,0.973633
-0.481079,-0.081543,0.745728
0.280884,-0.083374,1.040527
0.078247,-0.471680,0.815918
-0.328125,0.137085,0.899048
0.451538,-0.314697,1.000610
-0.456787,-0.116455,0.751343
0.214233,-0.020020,1.030884
0.127930,-0.472656,0.833862
-0.387817,0.120605,0.876343
0.479248,-0.284424,1.036011
-0.401611,-0.151489,0.759644
0.115967,0.076660,1.042969
0.211060,-0.487549,0.866455
-0.432861,0.063354,0.834961
0.504517,-0.281982,1.053101
-0.350342,-0.183960,0.769165
0.040649,0.129395,1.034302
0.280518,-0.461426,0.908691
-0.464600,0.019897,0.798340
0.483032,-0.245972,1.062866
-0.267212,-0.273804,0.777832
-0.029297,0.197266,1.059814
0.324097,-0.451294,0.916138
-0.501465,0.051392,0.791992
0.472412,-0.235107,1.067139
-0.171753,-0.276611,0.829224
-0.095703,0.209717,1.043335
0.365234,-0.431763,0.950562
-0.504761,0.034058,0.791626
0.446411,-0.194092,1.079712
-0.096436,-0.331421,0.831299
-0.126343,0.194336,1.034912
0.389282,-0.381470,0.973755
-0.479248,0.005615,0.794556
0.427612,-0.154785,1.087891
-0.006470,-0.382080,0.867188
-0.193115,0.201782,1.018799
0.432983,-0.376343,0.990601
-0.472656,-0.036987,0.786987
0.390015,-0.123779,1.093628
0.047241,-0.416382,0.863037
-0.225586,0.189575,1.000244
0.454834,-0.342896,1.024170
-0.463379,-0.068237,0.776245
0.359863,-0.094238,1.096680
0.058105,-0.441284,0.849854
-0.270020,0.178833,0.973267
0.483521,-0.311890,1.040771
-0.424927,-0.109619,0.787354
0.300537,-0.065552,1.083252
0.099487,-0.447144,0.853394
-0.299927,0.163940,0.950439
0.517456,-0.289917,1.078247
-0.410278,-0.100830,0.806763
0.237915,-0.014404,1.079956
0.163696,-0.453979,0.886475
-0.334717,0.104980,0.917969
0.524780,-0.246704,1.099487
-0.377441,-0.144287,0.785034
0.187012,0.063354,1.090576
0.241089,-0.492920,0.911011
-0.397827,0.082397,0.877197
0.535522,-0.248901,1.109619
-0.315796,-0.191895,0.805786
0.111694,0.110107,1.088501
0.291382,-0.478271,0.935913
-0.420288,0.049927,0.834717
0.534668,-0.207520,1.118896
-0.240234,-0.210815,0.829468
0.025146,0.173828,1.071899
0.357300,-0.490479,0.951294
-0.455200,0.025879,0.837402
0.521484,-0.169312,1.151855
-0.173950,-0.245605,0.850708
-0.050903,0.263428,1.090942
0.416016,-0.434326,1.000610
-0.456299,-0.001709,0.839233
0.468018,-0.130859,1.145508
-0.066284,-0.318848,0.866333
-0.098145,0.253418,1.095825
0.432861,-0.361938,1.023193
-0.458740,-0.026367,0.828613
0.467773,-0.142212,1.146362
0.030151,-0.384033,0.885620
-0.165405,0.234253,1.053101
0.468384,-0.330811,1.046631
-0.446411,-0.056519,0.815430
0.423462,-0.093872,1.157715
0.056274,-0.373901,0.895874
-0.209229,0.211914,1.036865
0.505005,-0.281128,1.094238
-0.425659,-0.091675,0.808716
0.368774,-0.066406,1.138550
0.100342,-0.405762,0.908325
-0.279663,0.209473,1.011475
0.535645,-0.247437,1.131348
-0.380005,-0.130737,0.816162
0.269897,0.001587,1.122437
0.175659,-0.436401,0.929443
-0.313477,0.123169,0.955688
0.556396,-0.228638,1.146484
-0.348145,-0.151489,0.813965
0.181885,0.101929,1.110718
0.268921,-0.447021,0.956299
-0.364746,0.054565,0.913574
0.558228,-0.230713,1.146729
-0.280884,-0.216431,0.828247
0.087769,0.171631,1.111694
0.346069,-0.414429,0.979126
-0.412231,0.059082,0.867432
0.549927,-0.192383,1.164551
-0.184692,-0.263306,0.850098
0.013916,0.202271,1.097778
0.377563,-0.370728,0.996826
-0.444336,0.039429,0.866699
0.546021,-0.191284,1.179443
-0.083130,-0.309570,0.888428
-0.070679,0.195923,1.074097
0.404541,-0.335693,1.029663
-0.447876,-0.020630,0.840454
0.509155,-0.141602,1.177368
0.002930,-0.368530,0.897461
-0.140137,0.216675,1.076050
0.457642,-0.317139,1.050415
-0.447510,-0.041504,0.820801
0.441772,-0.094238,1.165771
0.023315,-0.361206,0.899536
-0.190063,0.213867,1.064697
0.505371,-0.279053,1.109375
-0.446411,-0.067017,0.804565
0.376709,-0.035278,1.155151
0.089844,-0.384644,0.918823
-0.264771,0.204346,1.036377
0.528198,-0.269409,1.122437
-0.410645,-0.111206,0.804199
0.321533,0.013428,1.160645
0.138550,-0.383545,0.939087
-0.311768,0.155151,0.973022
0.557007,-0.260864,1.139282
-0.363159,-0.177734,0.812256
0.233154,0.045532,1.135498
0.206543,-0.403076,0.942383
-0.359619,0.129517,0.916382
0.557007,-0.228760,1.139526
-0.313721,-0.188354,0.827515
0.158813,0.075073,1.108765
0.284668,-0.428833,0.971069
-0.400879,0.094482,0.896851
0.551636,-0.197144,1.149292
-0.254028,-0.223389,0.836182
0.060181,0.156494,1.103638
0.341797,-0.420166,0.973633
-0.424072,0.055054,0.875977
0.536377,-0.163940,1.158203
-0.192261,-0.253418,0.850098
-0.010864,0.167725,1.078613
0.379639,-0.387207,1.006226
-0.452881,-0.006470,0.846191
0.528931,-0.151978,1.173340
-0.075684,-0.320679,0.848755
-0.095703,0.233032,1.084229
0.404175,-0.347168,1.003662
-0.458252,-0.049805,0.819336
0.499756,-0.165283,1.177368
-0.055176,-0.346069,0.855957
-0.155640,0.237793,1.067993
0.437744,-0.310059,1.030762
-0.473877,-0.030640,0.802490
0.442993,-0.143921,1.155151
-0.004761,-0.422241,0.863159
-0.243408,0.208374,1.026978
0.475586,-0.281860,1.085693
-0.465454,-0.045776,0.792603
0.370117,-0.050171,1.159668
0.056152,-0.363403,0.897827
-0.306274,0.188599,0.997070
0.503052,-0.277710,1.098877
-0.430298,-0.115723,0.787598
0.287354,-0.009155,1.142944
0.119507,-0.412842,0.897461
-0.354980,0.185913,0.952637
0.520142,-0.249512,1.091309
-0.393188,-0.133667,0.798462
0.204834,0.030518,1.115845
0.186035,-0.422363,0.926758
-0.405640,0.133179,0.899170
0.519287,-0.233887,1.101562
-0.352905,-0.196899,0.788452
0.109497,0.099609,1.077148
0.246216,-0.402100,0.922363
-0.449341,0.088013,0.877808
0.540527,-0.237793,1.119263
-0.263184,-0.268066,0.794556
0.007690,0.115967,1.055542
0.286011,-0.368530,0.944580
-0.470093,0.011841,0.833496
0.517334,-0.186279,1.137695
-0.156616,-0.343140,0.789551
-0.092896,0.172852,1.034790
0.342041,-0.364014,0.958740
-0.505615,-0.010986,0.798950
0.494141,-0.199707,1.137207
-0.097534,-0.332153,0.820557
-0.191895,0.197510,1.018066
0.385742,-0.321045,0.989258
-0.517456,-0.038208,0.767090
0.427734,-0.172485,1.122803
-0.062988,-0.347656,0.836060
-0.274902,0.198120,0.984253
0.429932,-0.297729,1.026855
-0.509033,-0.058350,0.747803
0.330200,-0.102661,1.105103
0.001465,-0.394287,0.834961
-0.338989,0.176636,0.937866
0.462524,-0.280273,1.043335
-0.464966,-0.098267,0.757935
0.220825,-0.006470,1.089844
0.091797,-0.423706,0.866943
-0.425537,0.141479,0.891357
0.470581,-0.255249,1.061890
-0.406738,-0.155518,0.767212
0.121460,0.073975,1.059570
0.181152,-0.414551,0.885986
-0.486694,0.097412,0.851074
0.481567,-0.249390,1.071655
-0.348633,-0.232178,0.757935
0.032593,0.110840,1.058472
0.237427,-0.389648,0.902954
-0.522949,0.067017,0.812378
0.471558,-0.215820,1.082520
-0.228760,-0.336426,0.750610
-0.081177,0.126953,1.010986
0.289917,-0.391602,0.909302
-0.530884,0.037964,0.778687
0.437866,-0.164307,1.094116
-0.194214,-0.301392,0.752930
-0.177002,0.161865,1.000977
0.345093,-0.396240,0.949707
-0.545288,-0.027588,0.763794
0.404663,-0.144775,1.090088
-0.151245,-0.324219,0.757568
-0.275269,0.209961,0.968018
0.381470,-0.329590,0.972534
-0.542236,-0.072388,0.742065
0.351440,-0.124023,1.078247
-0.110229,-0.342407,0.782959
-0.351929,0.197632,0.913330
0.420776,-0.328735,0.993164
-0.523560,-0.058716,0.755127
0.258423,-0.081909,1.061035
-0.030762,-0.378174,0.809082
-0.407471,0.172607,0.886353
0.428101,-0.293823,1.012695
-0.493896,-0.093384,0.731201
0.155640,0.022217,1.046631
0.062744,-0.414917,0.829346
-0.472900,0.142456,0.863403
0.445679,-0.255981,1.030029
-0.454712,-0.146118,0.727905
0.061157,0.081299,1.019409
0.136353,-0.388550,0.859375
-0.534668,0.112061,0.823730
0.464966,-0.270386,1.036621
-0.352417,-0.202026,0.739624
-0.028198,0.150024,1.009033
0.195190,-0.368896,0.867065
-0.559448,0.061157,0.799194
0.442383,-0.245239,1.039062
-0.277344,-0.304810,0.732910
-0.092407,0.134644,0.979126
0.258911,-0.393066,0.867798
-0.586792,0.096558,0.772217
0.404785,-0.204102,1.031372
-0.218628,-0.349365,0.725830
-0.177124,0.140991,0.957520
0.307861,-0.381104,0.910278
-0.588013,0.033569,0.744141
0.372314,-0.140015,1.052002
-0.181763,-0.356323,0.710815
-0.275146,0.181030,0.938477
0.360229,-0.382690,0.929932
-0.585815,0.004028,0.750122
0.332031,-0.120483,1.039795
-0.137451,-0.365356,0.735474
-0.352783,0.173218,0.881104
0.383057,-0.340332,0.951660
-0.571411,-0.031982,0.710327
0.255371,-0.055542,1.039917
-0.068848,-0.399658,0.765503
-0.430054,0.202515,0.887573
0.391357,-0.295898,0.966553
-0.544312,-0.073608,0.704102
0.159058,0.017456,1.034546
0.043823,-0.412598,0.820557
-0.526489,0.210938,0.854858
0.411621,-0.269775,0.979492
-0.455688,-0.130737,0.730225
0.052124,0.095215,1.009888
0.116089,-0.412964,0.826660
-0.564331,0.151733,0.818726
0.419189,-0.220825,1.006226
-0.344971,-0.214600,0.735474
-0.048096,0.168091,0.999146
0.193481,-0.401978,0.847900
-0.589844,0.082031,0.775391
0.420532,-0.217285,1.015381
-0.267212,-0.291016,0.714111
-0.127686,0.172241,0.967896
0.261108,-0.357422,0.879395
-0.607666,0.076294,0.752686
0.387817,-0.192627,1.025757
-0.211548,-0.376465,0.701294
-0.209839,0.156128,0.937744
0.326050,-0.335205,0.915527
-0.615112,0.067139,0.734741
0.330933,-0.148804,1.013550
-0.149902,-0.406982,0.721680
-0.309204,0.151367,0.885132
0.374878,-0.329712,0.935059
-0.578613,0.025879,0.707642
0.262207,-0.047363,1.021362
-0.082397,-0.391602,0.751099
-0.407715,0.186035,0.873413
0.402100,-0.333130,0.943115
-0.546997,-0.019897,0.717529
0.190186,0.012573,1.011108
-0.046631,-0.405151,0.745605
-0.446777,0.187988,0.856689
0.427368,-0.302002,0.971436
-0.519165,-0.064453,0.716919
0.104614,0.077881,0.997681
0.041016,-0.379639,0.796143
-0.509399,0.184570,0.828003
0.417480,-0.250610,0.982056
-0.451782,-0.137207,0.729492
0.056030,0.104980,1.013916
0.112549,-0.407715,0.818848
-0.560059,0.173706,0.810059
0.418213,-0.216431,1.008057
-0.360596,-0.170776,0.742920
-0.013672,0.157349,1.006226
0.189819,-0.415771,0.848511
-0.590942,0.129150,0.787109
0.423950,-0.185059,1.019653
-0.284790,-0.236084,0.727051
-0.117432,0.220581,0.978394
0.269531,-0.385254,0.876709
-0.593872,0.091431,0.770508
0.393188,-0.162354,1.018677
-0.201904,-0.318115,0.722900
-0.195679,0.182861,0.932617
0.325562,-0.363770,0.898438
-0.602905,0.078491,0.742310
0.380615,-0.133057,1.026733
-0.139282,-0.345093,0.730713
-0.281982,0.205811,0.894653
0.370972,-0.357056,0.924683
-0.579102,0.033691,0.738770
0.300903,-0.074341,1.012695
-0.081543,-0.399414,0.727661
-0.364502,0.207886,0.866577
0.400879,-0.311890,0.939331
-0.544556,-0.041870,0.720825
0.203613,-0.013306,0.991699
-0.005371,-0.394897,0.771484
-0.451416,0.201538,0.840088
0.417725,-0.258545,0.956055
-0.485962,-0.063354,0.743286
0.118042,0.065430,1.005615
0.067505,-0.393921,0.815674
-0.528442,0.192261,0.811279
0.424927,-0.210938,0.989624
-0.372559,-0.147583,0.755493
0.012329,0.148682,1.015991
0.173340,-0.409790,0.832275
-0.566162,0.139282,0.784302
0.420288,-0.165039,1.008301
-0.262695,-0.229004,0.736450
-0.087158,0.193726,0.987915
0.270386,-0.406250,0.878662
-0.616577,0.104492,0.744507
0.407227,-0.155273,1.012939
-0.154907,-0.321899,0.736328
-0.196777,0.230225,0.945312
0.347900,-0.351196,0.910278
-0.590942,0.083130,0.756104
0.343262,-0.115967,1.007080
-0.081421,-0.369141,0.757935
-0.299438,0.177979,0.872925
0.398804,-0.328369,0.939575
-0.548950,0.014038,0.731689
0.257812,0.001343,1.006714
-0.032349,-0.389282,0.738159
-0.385742,0.182617,0.849609
0.434326,-0.311768,0.954956
-0.493042,-0.070923,0.742432
0.133911,0.034058,0.988647
0.057983,-0.385254,0.799316
-0.473633,0.190674,0.812866
0.432861,-0.219116,0.980225
-0.409790,-0.119995,0.753174
0.043945,0.115967,1.012329
0.146118,-0.418945,0.818237
-0.542114,0.138794,0.784668
0.428101,-0.183228,0.998901
-0.274414,-0.195068,0.763306
-0.071533,0.185425,0.987183
0.263916,-0.406128,0.874146
-0.588013,0.099243,0.748779
0.416992,-0.151489,1.021851
-0.148560,-0.320312,0.750488
-0.186035,0.189819,0.934814
0.342773,-0.357788,0.916992
-0.571289,0.073608,0.761719
0.350342,-0.078613,1.027588
-0.056152,-0.388062,0.754272
-0.294556,0.163452,0.872681
0.401367,-0.345093,0.938232
-0.541626,0.009399,0.730347
0.252197,0.008911,1.005737
0.003052,-0.385498,0.762573
-0.372559,0.147583,0.840942
0.430786,-0.335693,0.945190
-0.502441,-0.067993,0.731201
0.164429,0.027832,1.000732
0.080322,-0.411377,0.793579
-0.460938,0.158813,0.800049
0.429688,-0.249756,0.978882
-0.415405,-0.154785,0.747803
0.081421,0.090454,1.009399
0.156128,-0.415649,0.820679
-0.536987,0.151978,0.775757
0.437988,-0.226807,0.988037
-0.318848,-0.198364,0.769775
-0.041382,0.131836,0.984375
0.241089,-0.439941,0.864014
-0.562256,0.091064,0.755493
0.444946,-0.163696,1.032349
-0.210083,-0.231079,0.777710
-0.150635,0.193848,0.951904
0.325684,-0.430420,0.886108
-0.565796,0.060425,0.759766
0.407959,-0.150269,1.022217
-0.090820,-0.319702,0.794434
-0.245850,0.199341,0.903931
0.367065,-0.376587,0.926147
-0.541260,-0.019653,0.736450
0.335205,-0.115845,1.008423
-0.020996,-0.398560,0.768921
-0.312744,0.178345,0.874390
0.410767,-0.309082,0.949097
-0.497681,-0.044189,0.760132
0.229126,-0.060791,0.988403
0.054810,-0.481201,0.762329
-0.385986,0.130859,0.822632
0.431152,-0.263672,0.967651
-0.465942,-0.082153,0.744019
0.121826,0.047241,1.009033
0.127441,-0.485962,0.804443
-0.479980,0.099854,0.787720
0.442871,-0.240723,0.999512
-0.373413,-0.156006,0.756714
0.001465,0.124146,0.997559
0.229004,-0.482544,0.842163
-0.531372,0.055298,0.754028
0.451538,-0.196533,1.031128
-0.245483,-0.199463,0.776367
-0.125977,0.214233,0.988770
0.312012,-0.449097,0.890137
-0.537598,0.009888,0.747925
0.410278,-0.153687,1.044678
-0.125854,-0.282227,0.792969
-0.199219,0.199463,0.952759
0.360962,-0.402832,0.919922
-0.544434,-0.024414,0.753784
0.361206,-0.142578,1.028442
-0.008667,-0.390625,0.790039
-0.290527,0.195068,0.902222
0.408813,-0.343384,0.963867
-0.516113,-0.101440,0.734131
0.252197,-0.085938,0.993530
0.062012,-0.481812,0.781372
-0.350098,0.136841,0.842407
0.435181,-0.285522,0.973999
-0.466064,-0.095337,0.745850
0.166992,-0.012573,1.009644
0.113403,-0.487183,0.804199
-0.418945,0.083618,0.818115
0.470825,-0.277832,1.016357
-0.432495,-0.141724,0.731445
0.060669,0.102661,1.023315
0.222046,-0.491943,0.842163
-0.497803,0.070923,0.779175
0.478638,-0.287598,1.025024
-0.321533,-0.222900,0.766357
-0.045898,0.182129,1.019409
0.290161,-0.449829,0.880859
-0.534790,0.060059,0.762695
0.447754,-0.251831,1.020630
-0.198608,-0.252441,0.814819
-0.125732,0.179810,0.990601
0.329834,-0.422729,0.918701
-0.532593,0.023926,0.764038
0.423828,-0.178467,1.052979
-0.100342,-0.332031,0.806274
-0.175293,0.178223,0.980591
0.368042,-0.387573,0.946045
-0.530762,0.001465,0.764282
0.382446,-0.171265,1.034424
-0.004150,-0.420898,0.813110
-0.246948,0.182129,0.938721
0.411377,-0.348022,0.972290
-0.496216,-0.070190,0.757935
0.325684,-0.114624,1.038330
0.048828,-0.447510,0.820557
-0.283813,0.143921,0.915161
0.445435,-0.338745,1.000854
-0.469116,-0.078491,0.764160
0.250244,-0.043945,1.048462
0.080933,-0.477539,0.804688
-0.305054,0.106567,0.895630
0.469971,-0.310547,1.017456
-0.465210,-0.104858,0.751587
0.209839,-0.007568,1.036621
0.104980,-0.474121,0.821899
-0.349243,0.091064,0.884155
0.490112,-0.302979,1.041626
-0.436157,-0.118652,0.762451
0.166016,0.050781,1.050781
0.166626,-0.461426,0.844727
-0.411377,0.120728,0.863159
0.501221,-0.296631,1.054199
-0.382568,-0.200806,0.763062
0.110840,0.051270,1.038086
0.227173,-0.477783,0.874512
-0.437866,0.085449,0.822754
0.494873,-0.240601,1.056152
-0.326660,-0.216919,0.764526
0.057617,0.102295,1.047119
0.289795,-0.508545,0.892700
-0.466919,0.055420,0.805298
0.487915,-0.214478,1.064331
-0.251221,-0.192871,0.824829
-0.011841,0.156372,1.044189
0.321777,-0.483521,0.916992
-0.479858,0.005615,0.787476
0.475952,-0.190674,1.082153
-0.187622,-0.251343,0.825073
-0.084595,0.218872,1.055542
0.377441,-0.451782,0.950317
-0.488159,0.002441,0.799316
0.432251,-0.139404,1.093262
-0.102905,-0.298950,0.829102
-0.240967,0.171631,0.933716
0.422241,-0.335449,0.972534
-0.506104,-0.062988,0.749390
0.280640,-0.110962,1.012085
0.004150,-0.353149,0.867310
-0.307983,0.125488,0.883911
0.444702,-0.300537,0.992310
-0.480225,-0.099365,0.743042
0.229858,-0.067017,1.023193
0.093994,-0.481812,0.814209
-0.367798,0.094849,0.853760
0.471924,-0.290039,1.018433
-0.437500,-0.110229,0.755371
0.153198,0.021729,1.037231
0.165039,-0.475952,0.850708
-0.413574,0.074951,0.839722
0.490601,-0.273926,1.049561
-0.387573,-0.174194,0.754517
0.072021,0.096924,1.031982
0.247681,-0.500488,0.870239
-0.459839,0.039062,0.797119
0.488770,-0.257812,1.056763
-0.295410,-0.228882,0.776123
-0.014771,0.154663,1.029785
0.313599,-0.463379,0.909546
-0.483276,0.024902,0.778931
0.461792,-0.191528,1.068970
-0.225342,-0.264893,0.781006
-0.080688,0.152344,1.022095
0.373901,-0.455688,0.947632
-0.499023,0.022217,0.779907
0.430054,-0.118408,1.087280
-0.124512,-0.266357,0.824097
-0.143311,0.160645,1.015137
0.421143,-0.463257,0.970947
-0.496216,-0.048828,0.771118
0.388794,-0.056030,1.090820
-0.013428,-0.339844,0.828491
-0.211792,0.184570,0.983643
0.458496,-0.415894,1.005493
-0.469360,-0.126709,0.767700
0.342651,-0.069580,1.076660
0.059204,-0.373169,0.850342
-0.272705,0.155273,0.948853
0.486816,-0.332520,1.046753
-0.442505,-0.152222,0.758423
0.270752,-0.055176,1.054688
0.102051,-0.380249,0.864136
-0.334473,0.164062,0.923462
0.517456,-0.296997,1.070679
-0.405640,-0.171631,0.769775
0.204834,0.021973,1.075317
0.181396,-0.441772,0.883057
-0.388916,0.114380,0.875000
0.530762,-0.263794,1.094238
-0.342163,-0.190186,0.795044
0.111572,0.070557,1.061890
0.272461,-0.510986,0.892090
-0.435669,0.054077,0.830322
0.532715,-0.223267,1.101440
-0.269043,-0.209961,0.816650
0.024780,0.143188,1.060791
0.333252,-0.495483,0.939575
-0.466064,0.005615,0.807495
0.519287,-0.165405,1.141113
-0.185791,-0.232178,0.832642
-0.061157,0.208374,1.071533
0.385620,-0.437500,0.972290
-0.477539,-0.020142,0.806030
0.480469,-0.154785,1.121582
-0.050415,-0.300171,0.882202
-0.132080,0.243652,1.064087
0.430664,-0.388550,1.002197
-0.466553,-0.038330,0.805176
0.435181,-0.133423,1.119873
0.046021,-0.380981,0.890259
-0.183472,0.209351,1.040283
0.473877,-0.308594,1.059326
-0.444092,-0.064209,0.794556
0.374512,-0.081177,1.120239
0.080933,-0.414551,0.881104
-0.248413,0.190308,1.014038
0.507324,-0.274170,1.093994
-0.428467,-0.097778,0.798218
0.307983,-0.033691,1.102539
0.149292,-0.425659,0.920654
-0.323364,0.182495,0.970581
0.543579,-0.252441,1.124146
-0.370117,-0.160889,0.797852
0.213257,0.060547,1.106323
0.218018,-0.450562,0.925293
-0.359741,0.094360,0.927612
0.564209,-0.244751,1.140137
-0.317749,-0.205933,0.812012
0.128906,0.133179,1.089600
0.294312,-0.433960,0.956177
-0.396851,0.038452,0.882202
0.561890,-0.222046,1.149170
-0.255981,-0.243530,0.824463
0.050171,0.179443,1.093140
0.354858,-0.421509,0.983643
-0.438965,0.054077,0.860229
0.558105,-0.221069,1.157349
-0.193604,-0.262817,0.848999
-0.016724,0.224976,1.100708
0.389526,-0.388550,1.005249
-0.441528,0.015869,0.855835
0.526489,-0.168457,1.172485
-0.079956,-0.339600,0.872559
-0.072876,0.215576,1.097290
0.420044,-0.379761,1.025635
-0.440796,-0.014648,0.841797
0.500244,-0.121826,1.176025
-0.013794,-0.335449,0.888794
-0.123291,0.230835,1.092773
0.472900,-0.367188,1.049438
-0.440674,-0.024780,0.843628
0.464233,-0.084595,1.171021
0.026367,-0.355469,0.885132
-0.166992,0.229492,1.067749
0.492432,-0.327759,1.071411
-0.443848,-0.051880,0.828247
0.433594,-0.070679,1.169922
0.034790,-0.346924,0.900879
-0.217773,0.211426,1.049805
0.510132,-0.285156,1.103760
-0.421875,-0.096191,0.815308
0.383423,-0.037231,1.170166
0.089355,-0.358398,0.910034
-0.263916,0.223755,1.033447
0.535767,-0.262329,1.118652
-0.405640,-0.150391,0.801758
0.311279,-0.032227,1.150269
0.154053,-0.391235,0.949585
-0.301025,0.160522,0.970581
0.549927,-0.247192,1.122925
-0.364380,-0.140381,0.819336
0.234985,0.033325,1.133789
0.239014,-0.417969,0.965332
-0.366333,0.127563,0.924316
0.553589,-0.216187,1.144531
-0.298950,-0.205688,0.820312
0.124634,0.096802,1.112915
0.308472,-0.418335,0.981323
-0.402710,0.099487,0.897583
0.547974,-0.173340,1.150879
-0.230835,-0.227051,0.846436
0.022217,0.154297,1.092407
0.371826,-0.399902,1.010132
-0.432983,0.017944,0.860352
0.523682,-0.160400,1.148315
-0.079224,-0.294189,0.871826
-0.078247,0.222046,1.091064
0.410645,-0.356445,1.019531
-0.453735,-0.045532,0.839355
0.485229,-0.136597,1.179443
-0.034058,-0.338013,0.870483
-0.158691,0.223633,1.059937
0.457153,-0.302979,1.064575
-0.466187,-0.052856,0.812500
0.415894,-0.085571,1.167969
0.033447,-0.348999,0.896729
-0.251221,0.193970,1.013062
0.494873,-0.272461,1.093140
-0.430054,-0.095581,0.803589
0.322510,-0.036865,1.145874
0.110474,-0.381104,0.909790
-0.324585,0.150879,0.942139
0.534668,-0.255371,1.121948
-0.359619,-0.173828,0.801880
0.204224,0.062622,1.123779
0.199341,-0.406982,0.923340
-0.396973,0.126465,0.904297
0.535645,-0.233154,1.123901
-0.298096,-0.236572,0.805420
0.098267,0.109741,1.099121
0.274658,-0.392334,0.951172
-0.442749,0.085205,0.866943
0.527710,-0.196045,1.127075
-0.204102,-0.303101,0.829468
-0.002930,0.124756,1.075928
0.332031,-0.377075,0.971802
-0.456909,0.027954,0.824707
0.492310,-0.150879,1.134155
-0.119385,-0.328979,0.826294
-0.098877,0.129517,1.034058
0.378052,-0.373047,0.989868
-0.480835,-0.013794,0.814453
0.475342,-0.107178,1.151611
-0.089600,-0.312134,0.819336
-0.212036,0.199463,1.022217
0.448364,-0.353638,1.044922
-0.470215,-0.088867,0.791870
0.388306,-0.064087,1.145386
-0.035400,-0.316772,0.838989
-0.301514,0.206543,0.978149
0.484619,-0.303101,1.068115
-0.444946,-0.144897,0.777466
0.285767,-0.045776,1.117065
0.056030,-0.356323,0.870850
-0.376343,0.171753,0.914307
0.502686,-0.261963,1.078003
-0.369141,-0.195801,0.781250
0.157349,0.043823,1.097534
0.159668,-0.407104,0.902222
-0.458496,0.102661,0.860474
0.505127,-0.233643,1.089966
-0.319214,-0.243408,0.786133
0.031250,0.123901,1.067871
0.260742,-0.404663,0.913330
-0.496094,0.054932,0.828491
0.488403,-0.196167,1.102295
-0.208862,-0.317505,0.781128
-0.067627,0.108765,1.019409
0.308960,-0.375610,0.937134
-0.515381,0.033325,0.797241
0.469727,-0.169434,1.110229
-0.165771,-0.335083,0.765137
-0.182617,0.160889,0.998657
0.381470,-0.377441,0.976196
-0.517700,-0.036499,0.775391
0.397339,-0.108643,1.113037
-0.137939,-0.303101,0.776367
-0.278320,0.203735,0.985962
0.430420,-0.350464,1.015015
-0.511597,-0.082642,0.757812
0.319092,-0.065186,1.097656
-0.054199,-0.360596,0.790161
-0.355713,0.173950,0.912598
0.441650,-0.315918,1.012573
-0.479248,-0.147583,0.743286
0.237061,-0.044800,1.077881
0.025635,-0.379761,0.824463
-0.438721,0.177368,0.872070
0.453491,-0.250366,1.039795
-0.442261,-0.151733,0.749878
0.134644,0.009155,1.050049
0.113159,-0.423340,0.860229
-0.497803,0.130371,0.837524
0.455811,-0.249023,1.040771
-0.393311,-0.204468,0.749756
0.021729,0.097290,1.037598
0.213135,-0.450562,0.863403
-0.531372,0.099243,0.824219
0.449341,-0.206421,1.049927
-0.285278,-0.245117,0.759888
-0.081299,0.132202,1.004395
0.263428,-0.424683,0.892090
-0.551147,0.027710,0.776245
0.454224,-0.191895,1.077759
-0.217407,-0.300537,0.735107
-0.197632,0.174316,0.965332
0.323975,-0.367676,0.919067
-0.572388,-0.001709,0.758179
0.398804,-0.178345,1.063721
-0.166138,-0.355835,0.739380
-0.283813,0.195679,0.945068
0.359131,-0.345093,0.943726
-0.575195,-0.024780,0.735596
0.327271,-0.142944,1.044678
-0.100708,-0.369873,0.764404
-0.364258,0.196777,0.903198
0.394531,-0.309570,0.967896
-0.552246,-0.065552,0.708618
0.229248,-0.062622,1.036865
-0.010864,-0.407837,0.808716
-0.459106,0.205078,0.873779
0.405640,-0.276123,0.987671
-0.508057,-0.105835,0.714355
0.128418,0.023804,1.018799
0.067627,-0.380859,0.840942
-0.525635,0.159180,0.836914
0.424683,-0.232056,1.012817
-0.429443,-0.195190,0.713867
0.030518,0.102173,1.022949
0.165649,-0.422119,0.854004
-0.573242,0.132568,0.803833
0.419434,-0.207764,1.028442
-0.324463,-0.247192,0.726074
-0.069092,0.148315,0.995728
0.231934,-0.414673,0.864014
-0.588135,0.085449,0.770508
0.415527,-0.200317,1.025024
-0.250366,-0.298584,0.714111
-0.172119,0.177979,0.963623
0.301270,-0.373047,0.905518
-0.597290,0.044434,0.754639
0.386841,-0.178589,1.032104
-0.200073,-0.343750,0.715576
-0.255737,0.163574,0.934082
0.343262,-0.368530,0.930664
-0.599609,0.030762,0.732056
0.343750,-0.136963,1.028442
-0.159424,-0.339844,0.735107
-0.330200,0.163208,0.891113
0.383423,-0.358521,0.948364
-0.576416,-0.001465,0.730835
0.277100,-0.049194,1.026978
-0.114990,-0.385742,0.715820
-0.379517,0.184692,0.876709
0.397217,-0.347290,0.942139
-0.558960,-0.047241,0.722778
0.216553,-0.038940,1.005981
-0.057373,-0.396851,0.761108
-0.444702,0.207764,0.851929
0.404297,-0.287964,0.971924
-0.533569,-0.114868,0.694214
0.151489,-0.012329,1.003540
-0.006348,-0.409546,0.780029
-0.494751,0.207886,0.840942
0.412476,-0.270508,0.972534
-0.490356,-0.089844,0.727295
0.080688,0.072754,1.020508
0.066528,-0.423828,0.803467
-0.536865,0.176636,0.832886
0.422241,-0.242554,0.989136
-0.414307,-0.116699,0.741211
0.018311,0.161743,1.018799
0.139282,-0.401855,0.835449
-0.564941,0.142822,0.797852
0.410522,-0.197998,1.004883
-0.355347,-0.213989,0.715942
-0.036987,0.173828,1.005981
0.224487,-0.418945,0.863281
-0.607788,0.148804,0.779053
0.398071,-0.162842,1.007324
-0.272095,-0.264282,0.723022
-0.117676,0.175293,0.968994
0.291138,-0.396362,0.903198
-0.607788,0.094727,0.762329
0.381592,-0.108887,1.028687
-0.197754,-0.309326,0.709839
-0.212158,0.187134,0.925537
0.332031,-0.369751,0.914185
-0.603394,0.040161,0.732910
0.357178,-0.118408,1.026489
-0.124512,-0.356934,0.725098
-0.303711,0.216187,0.903564
0.374512,-0.325928,0.930298
-0.589600,0.033691,0.718018
0.277100,-0.090942,0.999023
-0.053833,-0.423462,0.743896
-0.379028,0.200317,0.870972
0.390137,-0.269897,0.943604
-0.549194,-0.025146,0.709351
0.180542,0.011108,0.997681
0.020508,-0.426270,0.769653
-0.471802,0.214844,0.839844
0.411865,-0.243286,0.967529
-0.459717,-0.087769,0.731201
0.065308,0.102173,1.005737
0.114258,-0.426270,0.812134
-0.546387,0.182007,0.820190
0.434937,-0.206787,1.003174
-0.368286,-0.141724,0.745117
-0.020630,0.185791,1.001709
0.183228,-0.402100,0.837891
-0.567139,0.116333,0.793457
0.425537,-0.164917,1.020508
-0.245117,-0.259644,0.734131
-0.113892,0.220825,0.968140
0.258301,-0.364746,0.875610
-0.588379,0.089111,0.749146
0.423340,-0.161621,1.036255
-0.176636,-0.299561,0.736206
-0.190308,0.209351,0.941772
0.331543,-0.358887,0.899780
-0.602661,0.067261,0.734497
0.381470,-0.146484,1.027344
-0.098633,-0.378296,0.741211
-0.269043,0.213867,0.907715
0.380249,-0.321411,0.907715
-0.571533,0.060791,0.737793
0.292847,-0.079834,0.998779
-0.026978,-0.410889,0.766724
-0.362061,0.177979,0.857666
0.397949,-0.284546,0.938843
-0.526367,-0.025391,0.717163
0.194580,0.013184,0.997803
0.035278,-0.413818,0.785522
-0.443604,0.167603,0.838623
0.428223,-0.249390,0.959839
-0.473511,-0.056885,0.735107
0.093384,0.135864,1.024536
0.095459,-0.397217,0.793701
-0.520874,0.137451,0.810913
0.467285,-0.273438,0.999390
-0.385498,-0.128296,0.761230
0.003296,0.171997,0.998047
0.180054,-0.378540,0.831055
-0.565063,0.108521,0.761353
0.448486,-0.215210,1.023071
-0.265137,-0.239258,0.761108
-0.067139,0.189453,0.994141
0.261841,-0.397217,0.867065
-0.592529,0.135010,0.742676
0.418335,-0.135132,1.017578
-0.157593,-0.267944,0.774902
-0.163330,0.189331,0.954956
0.327881,-0.411377,0.901489
-0.584473,0.054932,0.749390
0.384644,-0.122925,1.035767
-0.085693,-0.336060,0.750732
-0.282471,0.249268,0.897217
0.398682,-0.359863,0.934448
-0.553101,-0.006958,0.748901
0.306274,-0.087158,1.003906
-0.025513,-0.395752,0.758423
-0.344360,0.205811,0.861694
0.412964,-0.289307,0.942505
-0.518188,-0.062622,0.730225
0.218994,-0.053589,0.991821
0.044922,-0.437378,0.771973
-0.420410,0.168457,0.812134
0.432129,-0.247192,0.963623
-0.454712,-0.053223,0.759766
0.105469,0.069092,1.006714
0.120972,-0.457886,0.807739
-0.522583,0.117310,0.781250
0.446777,-0.216309,1.001709
-0.366821,-0.146606,0.747070
-0.001587,0.175659,1.012695
0.219360,-0.423584,0.851196
-0.557861,0.084351,0.749390
0.432617,-0.212036,1.014282
-0.244019,-0.236938,0.760986
-0.100586,0.211670,0.990234
0.289062,-0.380005,0.892212
-0.567749,0.048340,0.750366
0.408203,-0.195679,1.010254
-0.126343,-0.324585,0.771606
-0.189331,0.203003,0.931763
0.336304,-0.316528,0.927368
-0.549072,0.045288,0.756592
0.375488,-0.139404,1.028564
-0.045044,-0.421143,0.766602
-0.269287,0.170166,0.902222
0.387573,-0.342285,0.944580
-0.534668,-0.017578,0.740845
0.293457,-0.057129,1.011475
-0.001953,-0.430420,0.755859
-0.335327,0.162476,0.870972
0.431763,-0.372192,0.947266
-0.514038,-0.038940,0.752075
0.209839,0.002808,1.005737
0.056763,-0.434326,0.769653
-0.394165,0.140869,0.828613
0.440186,-0.315063,0.978394
-0.466675,-0.128418,0.749390
0.163452,-0.011108,1.004761
0.085083,-0.432617,0.784180
-0.465576,0.133789,0.777954
0.475220,-0.265015,1.003174
-0.399780,-0.177979,0.747803
0.070312,0.067871,1.018188
0.158325,-0.478760,0.807129
-0.501709,0.091553,0.761475
0.445923,-0.260376,0.999878
-0.343140,-0.202393,0.763306
0.000122,0.135010,1.019531
0.239746,-0.484253,0.838135
-0.536865,0.093018,0.742676
0.437378,-0.212769,1.011719
-0.247803,-0.204346,0.791382
-0.071777,0.162109,1.008545
0.285522,-0.467163,0.887695
-0.550903,0.024048,0.751099
0.425903,-0.202271,1.030273
-0.171753,-0.286743,0.786133
-0.142212,0.213867,1.007446
0.335449,-0.432251,0.912842
-0.550049,0.007080,0.753540
0.405884,-0.171143,1.050659
-0.078735,-0.313599,0.807251
-0.211670,0.211182,0.969604
0.382568,-0.416016,0.927490
-0.525024,-0.049316,0.743286
0.340332,-0.137573,1.022827
0.000488,-0.398682,0.809937
-0.252808,0.186523,0.936523
0.416992,-0.367920,0.957397
-0.513794,-0.074707,0.742920
0.278809,-0.102905,1.010132
0.056152,-0.455566,0.796387
-0.312988,0.138184,0.886475
0.453979,-0.330688,0.987671
-0.472168,-0.084351,0.755859
0.189819,-0.007446,1.016235
0.100220,-0.491333,0.803467
-0.369873,0.092163,0.848267
0.466919,-0.278198,1.019775
-0.420898,-0.137573,0.749756
0.104736,0.085571,1.035767
0.179321,-0.487793,0.839478
-0.440430,0.061890,0.819824
0.490479,-0.265625,1.044312
-0.353027,-0.214478,0.753052
0.012695,0.159302,1.035889
0.281738,-0.445923,0.899536
-0.514404,0.002319,0.752930
0.465210,-0.269653,1.051880
-0.233521,-0.282104,0.790649
-0.067871,0.173096,1.020874
0.331421,-0.395264,0.935913
-0.527344,0.027466,0.760010
0.447388,-0.235107,1.055664
-0.119507,-0.341797,0.817749
-0.145264,0.159180,0.999390
0.387695,-0.394775,0.955688
-0.502808,0.010620,0.770264
0.394653,-0.150513,1.052124
-0.005615,-0.398560,0.834351
-0.226807,0.180908,0.969727
0.436157,-0.387085,0.981445
-0.450195,-0.099243,0.767212
0.322144,-0.071289,1.074097
0.056641,-0.412476,0.828979
-0.293945,0.177368,0.951782
0.458740,-0.353516,1.005615
-0.431763,-0.153198,0.772095
0.289062,-0.038452,1.080200
0.102905,-0.403809,0.860962
-0.356323,0.164917,0.906372
0.488403,-0.330322,1.027954
-0.399536,-0.168457,0.775024
0.208984,-0.017944,1.054932
0.155029,-0.401123,0.883423
-0.377563,0.104004,0.862549
0.505371,-0.230591,1.074829
-0.345459,-0.202148,0.780640
0.123779,0.048584,1.074585
0.250000,-0.504150,0.895874
-0.457520,0.068726,0.801147
0.503174,-0.204712,1.085205
-0.259399,-0.218628,0.802612
0.023926,0.135376,1.061768
0.319092,-0.499756,0.921265
-0.463989,0.031982,0.807495
0.487305,-0.175171,1.110229
-0.186157,-0.241577,0.830566
-0.061646,0.203125,1.067993
0.388916,-0.453003,0.972046
-0.482788,0.000366,0.807861
0.471558,-0.153809,1.115234
-0.079712,-0.300415,0.843262
-0.146606,0.265747,1.060669
0.443359,-0.405640,1.006714
-0.465454,-0.061401,0.805664
0.408081,-0.110596,1.114746
0.035034,-0.375122,0.875977
-0.179565,0.186768,1.008423
0.456665,-0.307861,1.048340
-0.460571,-0.062866,0.799316
0.371216,-0.115479,1.106689
0.078491,-0.396851,0.883057
-0.250244,0.187866,0.996582
0.489014,-0.283691,1.079956
-0.421143,-0.106445,0.809082
0.302490,-0.030273,1.095947
0.137817,-0.432251,0.893921
-0.311646,0.175049,0.982788
0.532349,-0.249146,1.117310
-0.377075,-0.133057,0.799561
0.218262,0.041626,1.093262
0.228516,-0.486694,0.914062
-0.365234,0.084351,0.903564
0.565674,-0.245117,1.138672
-0.314209,-0.191284,0.807007
0.118774,0.150391,1.096191
0.296753,-0.449585,0.944458
-0.409546,0.026611,0.863037
0.550781,-0.222900,1.146973
-0.253296,-0.246094,0.827759
0.048340,0.179321,1.094727
0.355835,-0.408081,0.985229
-0.443481,0.061768,0.865723
0.529541,-0.201904,1.141724
-0.163574,-0.273926,0.856567
-0.012939,0.187256,1.073853
0.392944,-0.380005,1.002197
-0.460938,0.017822,0.843628
0.507568,-0.182007,1.144531
-0.052002,-0.322388,0.890503
-0.083130,0.205933,1.073486
0.430542,-0.348145,1.031982
-0.441650,-0.021729,0.832642
0.474854,-0.119141,1.167725
0.020996,-0.357910,0.900513
-0.143921,0.210571,1.068970
0.464111,-0.310303,1.064819
-0.435303,-0.042236,0.820312
0.433228,-0.073853,1.168823
0.033447,-0.357056,0.906006
-0.196777,0.202271,1.046753
0.491577,-0.275024,1.093018
-0.427490,-0.065918,0.802612
0.381104,-0.033203,1.161987
0.090210,-0.392456,0.914673
-0.269531,0.181641,1.029175
0.549194,-0.285400,1.125244
-0.392212,-0.101074,0.823120
0.287231,0.076294,1.163818
0.177490,-0.410156,0.935913
-0.312500,0.129028,0.965332
0.566895,-0.244263,1.152954
-0.338867,-0.177979,0.816772
0.195557,0.121338,1.134033
0.251831,-0.422363,0.945801
-0.378052,0.081421,0.910400
0.575439,-0.240234,1.162354
-0.287354,-0.224976,0.829590
0.116089,0.164062,1.121338
0.318237,-0.415161,0.963135
-0.423584,0.074463,0.883789
0.566650,-0.235718,1.154663
-0.221191,-0.268066,0.847656
0.048096,0.178467,1.103027
0.351318,-0.382935,0.986816
-0.441284,0.027466,0.860718
0.548462,-0.193115,1.171021
-0.120728,-0.317139,0.865479
-0.022339,0.184448,1.088989
0.391968,-0.351196,1.014893
-0.456787,0.023315,0.838379
0.513062,-0.175049,1.161133
-0.046265,-0.378174,0.875854
-0.075806,0.159180,1.070923
0.420288,-0.319336,1.036499
-0.446899,-0.001953,0.838501
0.474731,-0.111572,1.166992
-0.040283,-0.344360,0.857300
-0.146851,0.183960,1.065186
0.467651,-0.322021,1.070068
-0.461060,-0.033325,0.823853
0.430420,-0.077026,1.173096
0.017578,-0.348633,0.890137
-0.237427,0.211548,1.028809
0.505859,-0.294922,1.101562
-0.443604,-0.081909,0.809082
0.389282,-0.051147,1.173950
0.065308,-0.348389,0.913574
-0.310425,0.218140,0.989624
0.536621,-0.274536,1.115601
-0.392334,-0.154053,0.799927
0.291870,-0.013306,1.152710
0.126465,-0.395508,0.907227
-0.347534,0.166748,0.931885
0.538330,-0.247559,1.113037
-0.326416,-0.214111,0.822266
0.195557,0.042725,1.117432
0.199341,-0.397217,0.923950
-0.419189,0.135376,0.882568
0.529175,-0.214233,1.120728
-0.284668,-0.257202,0.822876
0.111694,0.083618,1.108398
0.282959,-0.421143,0.942383
-0.462769,0.092896,0.844482
0.530518,-0.187744,1.128784
-0.207397,-0.260254,0.835815
-0.008179,0.144043,1.087891
0.336548,-0.398804,0.977051
-0.469604,0.031250,0.836304
0.510742,-0.160645,1.134277
-0.119751,-0.307373,0.826660
-0.098389,0.180054,1.062866
0.385986,-0.379395,0.986938
-0.486938,-0.034546,0.813965
0.464722,-0.135254,1.154175
-0.089478,-0.323608,0.817261
-0.185059,0.202148,1.035889
0.422363,-0.317749,1.023193
-0.493652,-0.065063,0.787964
0.427856,-0.115967,1.144653
-0.053833,-0.323608,0.822021
-0.283813,0.210205,0.989868
0.482544,-0.307129,1.058228
-0.462769,-0.114624,0.788940
0.316772,-0.063110,1.123657
0.018555,-0.354858,0.851685
-0.373901,0.122070,0.910522
0.547363,-0.204956,1.132568
-0.289917,-0.198730,0.843628
0.114136,0.107178,1.114014
0.305542,-0.438965,0.972290
-0.421509,0.074951,0.885742
0.538940,-0.179199,1.146851
-0.218262,-0.243896,0.845093
0.016724,0.173706,1.103394
0.362061,-0.402344,0.986206
-0.444946,0.016235,0.855469
0.516968,-0.146973,1.161987
-0.089966,-0.332764,0.844116
-0.078491,0.177490,1.056641
0.404297,-0.350098,1.004639
-0.460693,-0.028931,0.830200
0.487793,-0.156982,1.163452
-0.055054,-0.347900,0.856079
-0.150513,0.213379,1.058350
0.425293,-0.301025,1.027466
-0.474365,-0.047974,0.802490
0.432495,-0.128296,1.163818
-0.020874,-0.348877,0.866333
-0.234985,0.214233,1.025146
0.481079,-0.285278,1.069092
-0.459717,-0.064331,0.782227
0.332886,-0.065186,1.133911
0.072021,-0.417480,0.888062
-0.307861,0.162354,0.966309
0.498291,-0.276001,1.082153
-0.394775,-0.131348,0.785400
0.233032,0.050293,1.124146
0.151855,-0.404419,0.899414
-0.395508,0.123169,0.929443
0.519409,-0.277344,1.099243
-0.355591,-0.206055,0.785645
0.155151,0.097656,1.117065
0.202026,-0.366211,0.920410
-0.453125,0.099243,0.875000
0.531250,-0.258423,1.098145
-0.291138,-0.290771,0.793945
0.043701,0.149048,1.080933
0.265869,-0.371704,0.928711
-0.467651,0.059448,0.848022
0.489136,-0.224731,1.094116
-0.212646,-0.309937,0.805054
0.001953,0.103394,1.065308
0.309448,-0.403931,0.934448
-0.501343,0.046021,0.818970
0.480957,-0.150146,1.119751
-0.159302,-0.308716,0.789673
-0.104858,0.138184,1.032349
0.349609,-0.396973,0.960327
-0.485962,-0.007446,0.804321
0.461792,-0.132812,1.128784
-0.150269,-0.292603,0.792236
-0.215210,0.184326,1.006348
0.414429,-0.358032,1.003052
-0.508301,-0.050293,0.776489
0.397095,-0.132935,1.110229
-0.075806,-0.332764,0.816284
-0.300781,0.197144,0.957153
0.429199,-0.291382,1.020752
-0.501343,-0.077148,0.763794
0.316528,-0.105103,1.102295
0.000244,-0.384277,0.828735
-0.365112,0.185425,0.917236
0.435791,-0.252319,1.032104
-0.446045,-0.149902,0.749512
0.219116,-0.042725,1.084839
0.074707,-0.419556,0.848999
-0.459595,0.156982,0.868896
0.476929,-0.265503,1.052612
-0.428345,-0.147339,0.760498
0.075562,0.095459,1.055664
0.190918,-0.411255,0.891357
-0.494995,0.092163,0.849487
0.460083,-0.235474,1.057495
-0.321045,-0.231934,0.771973
-0.017944,0.134521,1.028076
0.244629,-0.396484,0.892212
-0.526367,0.019043,0.793823
0.457886,-0.221558,1.073975
-0.224243,-0.296997,0.748779
-0.127563,0.169922,0.998169
0.307983,-0.359131,0.916992
-0.557617,-0.020996,0.754883
0.428955,-0.209595,1.068604
-0.175171,-0.357788,0.743530
-0.230225,0.181396,0.962036
0.360107,-0.352051,0.935791
-0.567749,0.024292,0.751465
0.354370,-0.179932,1.051758
-0.124634,-0.386230,0.763306
-0.317261,0.171509,0.917236
0.382080,-0.305420,0.980835
-0.550903,-0.036011,0.733276
0.252197,-0.081421,1.039673
-0.044800,-0.421021,0.787231
-0.397095,0.164062,0.905518
0.414551,-0.297607,0.998535
-0.513916,-0.076904,0.711182
0.149292,0.055908,1.040771
0.054810,-0.360962,0.831909
-0.489868,0.145142,0.864746
0.428101,-0.292236,1.010010
-0.466553,-0.173096,0.708862
0.072754,0.101440,1.034668
0.116699,-0.375122,0.839966
-0.560547,0.156128,0.825684
0.458130,-0.277588,1.016968
-0.330078,-0.266602,0.748901
-0.029419,0.127319,1.005615
0.168335,-0.378296,0.845337
-0.561890,0.091675,0.784668
0.435059,-0.232300,1.031860
-0.291382,-0.272583,0.742065
-0.107300,0.119385,0.988281
0.257080,-0.420288,0.874268
-0.589966,0.061523,0.746094
0.399414,-0.177612,1.037231
-0.213623,-0.318848,0.736938
-0.212524,0.150391,0.946167
0.315796,-0.384155,0.910156
-0.591187,0.030396,0.740723
0.366821,-0.135376,1.039795
-0.166260,-0.338257,0.725464
-0.308716,0.197388,0.919434
0.356567,-0.355591,0.930054
-0.585938,-0.040649,0.722290
0.304565,-0.133179,1.028564
-0.112061,-0.373291,0.738525
-0.399536,0.240112,0.889526
0.392090,-0.310303,0.962769
-0.545410,-0.078247,0.718506
0.187134,-0.063110,0.998535
-0.036011,-0.394165,0.776611
-0.471191,0.193115,0.849609
0.403564,-0.270264,0.971802
-0.495728,-0.098877,0.727051
0.066040,0.059448,1.014893
0.094360,-0.440918,0.809937
-0.542725,0.155396,0.814575
0.408936,-0.213257,1.007080
-0.382690,-0.172852,0.728760
-0.015015,0.150879,1.012817
0.194214,-0.427490,0.842773
-0.597290,0.128052,0.778564
0.410645,-0.188232,1.003418
-0.263428,-0.287842,0.709351
-0.118042,0.185303,0.987427
0.260864,-0.381470,0.875977
-0.617676,0.081421,0.749268
0.395264,-0.177856,1.019531
-0.167847,-0.355469,0.728394
-0.235596,0.193604,0.937256
0.323486,-0.347412,0.908325
-0.617188,0.038330,0.722778
0.333740,-0.151123,1.000732
-0.105835,-0.380737,0.726318
-0.316895,0.203247,0.900757
0.366089,-0.307373,0.932495
-0.586060,0.002319,0.706299
0.234619,-0.069336,0.989990
-0.046387,-0.408081,0.760376
-0.415527,0.188965,0.850830
0.408325,-0.288086,0.961304
-0.541626,-0.040894,0.713135
0.130249,0.043335,1.002319
0.030640,-0.403564,0.800903
-0.505615,0.170044,0.839722
0.424072,-0.263916,0.987305
-0.447632,-0.094482,0.737183
0.029053,0.178833,1.008057
0.122559,-0.398438,0.810913
-0.555786,0.146729,0.812134
0.424805,-0.223511,1.009888
-0.334351,-0.220215,0.731812
-0.056030,0.197266,0.982788
0.212646,-0.378174,0.847168
-0.596436,0.113159,0.777466
0.432617,-0.212646,1.022949
-0.225464,-0.273071,0.738037
-0.136719,0.203247,0.950928
0.277344,-0.331543,0.887939
-0.621826,0.093018,0.734009
0.404297,-0.168823,1.025513
-0.153931,-0.357788,0.730225
-0.208374,0.178467,0.921875
0.328003,-0.326660,0.898438
-0.608643,0.082153,0.744019
0.342041,-0.125122,1.009521
-0.085205,-0.389038,0.741577
-0.294434,0.186035,0.892212
0.377930,-0.311523,0.928101
-0.590454,0.046387,0.715698
0.266113,-0.047729,0.996094
-0.026733,-0.410889,0.748169
-0.391479,0.190430,0.863037
0.407227,-0.286255,0.943970
-0.513672,-0.033813,0.728638
0.155029,0.044922,0.999146
0.029175,-0.397705,0.776245
-0.471313,0.190186,0.830811
0.431885,-0.239380,0.983032
-0.431763,-0.121338,0.747803
0.064209,0.093628,1.008423
0.113281,-0.399536,0.824951
-0.551147,0.183594,0.792358
0.433716,-0.186768,0.994507
-0.324097,-0.175171,0.747192
-0.023438,0.152466,0.994141
0.211914,-0.411255,0.853271
-0.592163,0.132202,0.770020
0.436035,-0.173950,1.014160
-0.214844,-0.262329,0.746948
-0.131714,0.212524,0.957397
0.296509,-0.364746,0.893066
-0.584839,0.085815,0.744751
0.395996,-0.122437,1.018311
-0.119019,-0.338379,0.747559
-0.223511,0.198730,0.916138
0.358398,-0.348511,0.913574
-0.576660,0.067505,0.744141
0.342041,-0.104248,1.012573
-0.035034,-0.406982,0.750122
-0.312256,0.200195,0.875366
0.386353,-0.309082,0.926758
-0.552124,-0.021606,0.719116
0.247192,-0.047607,0.991089
0.014404,-0.422485,0.764648
-0.389893,0.183594,0.846558
0.425293,-0.266724,0.963135
-0.502197,-0.052979,0.735229
0.143921,0.035767,0.991821
0.067017,-0.434570,0.784058
-0.460327,0.128662,0.805298
0.438965,-0.205322,0.998291
-0.425415,-0.100830,0.740601
0.052002,0.144287,1.015259
0.170654,-0.427979,0.826904
-0.537964,0.119995,0.771118
0.438477,-0.211914,0.991943
-0.330200,-0.160767,0.756592
-0.041260,0.204834,1.004639
0.245483,-0.413208,0.871216
-0.575684,0.085327,0.736328
0.435303,-0.191528,1.015259
-0.225220,-0.248169,0.767944
-0.128052,0.199951,0.973633
0.315186,-0.413696,0.905029
-0.576660,0.078979,0.749512
0.390015,-0.119629,1.028076
-0.120483,-0.313599,0.773193
-0.182251,0.175659,0.938477
0.358887,-0.395386,0.915771
-0.566406,0.038452,0.741943
0.365845,-0.111328,1.024780
-0.047974,-0.362549,0.776123
-0.268921,0.187622,0.894287
0.384644,-0.351318,0.933228
-0.541626,-0.045166,0.728882
0.301758,-0.111816,0.990479
0.006104,-0.404541,0.771118
-0.350586,0.169067,0.851074
0.430054,-0.322876,0.957031
-0.509644,-0.073364,0.726196
0.187500,-0.027954,0.983643
0.078979,-0.460815,0.774658
-0.414429,0.137573,0.820923
0.447754,-0.290527,0.975342
-0.462158,-0.106201,0.732544
0.086548,0.044067,0.978027
0.129150,-0.463257,0.791016
-0.468140,0.100830,0.787720
0.460693,-0.233887,0.998901
-0.347900,-0.141724,0.762939
-0.020264,0.167969,1.004395
0.211792,-0.467163,0.834106
-0.530640,0.041016,0.740356
0.454346,-0.227051,1.032104
-0.246094,-0.232422,0.780151
-0.091431,0.205566,1.005493
0.286011,-0.408325,0.889282
-0.558716,0.055176,0.745728
0.429199,-0.202637,1.031738
-0.125000,-0.311401,0.812012
-0.186035,0.182373,0.962524
0.348145,-0.399536,0.914062
-0.555908,0.022827,0.740845
0.365967,-0.129395,1.025269
-0.023560,-0.376343,0.791870
-0.259644,0.168701,0.911743
0.408936,-0.401245,0.933105
-0.524902,-0.064209,0.732788
0.287964,-0.081665,1.012329
0.033447,-0.427612,0.769409
-0.326172,0.136719,0.875122
0.457031,-0.353149,0.975708
-0.484009,-0.121094,0.736938
0.182251,-0.025146,1.001221
0.082031,-0.466187,0.779663
-0.409424,0.103271,0.818848
0.472412,-0.281372,1.005127
-0.422241,-0.129150,0.761230
0.084473,0.055298,1.014038
0.174194,-0.485840,0.827393
-0.476929,0.056641,0.770752
0.471436,-0.257202,1.038086
-0.320068,-0.226929,0.766113
-0.030273,0.152466,1.019165
0.275269,-0.476318,0.871704
-0.531128,0.028076,0.739258
0.449585,-0.228516,1.036011
-0.187866,-0.268311,0.797607
-0.133911,0.201904,1.004272
0.346558,-0.436157,0.915894
-0.520264,-0.002197,0.756714
0.398071,-0.151489,1.050171
-0.071045,-0.362183,0.797485
-0.213135,0.207520,0.981567
0.409058,-0.412231,0.953491
-0.502563,-0.060425,0.761841
0.319458,-0.102295,1.031860
0.044067,-0.412964,0.828369
-0.292480,0.153076,0.910767
0.452271,-0.356934,0.990723
-0.473145,-0.125122,0.740234
0.227539,-0.039307,1.032593
0.089233,-0.453003,0.808228
-0.338013,0.119873,0.880127
0.487671,-0.301025,1.026978
-0.417969,-0.139526,0.782715
0.141846,0.029663,1.031860
0.170654,-0.468994,0.835693
-0.399902,0.082520,0.829346
0.487549,-0.241211,1.058594
-0.348999,-0.151001,0.791992
0.058838,0.073364,1.036377
0.260132,-0.503052,0.870728
-0.463135,0.028442,0.786865
0.479980,-0.219238,1.068359
-0.258545,-0.208252,0.808350
-0.052124,0.160645,1.020752
0.344727,-0.476074,0.937500
-0.491577,-0.014893,0.780884
0.441650,-0.146484,1.101929
-0.125854,-0.259155,0.822021
-0.130859,0.202271,1.022461
0.403442,-0.420654,0.972900
-0.484375,-0.058960,0.775879
0.398682,-0.125977,1.092896
0.012573,-0.374634,0.854980
-0.213135,0.202759,0.997070
0.456665,-0.352783,1.018066
-0.463379,-0.076660,0.782349
0.314697,-0.074707,1.067017
0.093872,-0.426392,0.856934
-0.286987,0.150635,0.945679
0.488770,-0.277344,1.062012
-0.422974,-0.108887,0.788940
0.218018,0.001465,1.058838
0.169189,-0.468994,0.881226
-0.359985,0.100098,0.900024
0.529419,-0.260132,1.087158
-0.356689,-0.174194,0.775146
0.115112,0.120850,1.066528
0.269043,-0.473877,0.906372
-0.428711,0.045166,0.842896
0.523438,-0.266235,1.095215
-0.252930,-0.253052,0.821655
0.024292,0.147705,1.059692
0.340820,-0.420654,0.954468
-0.469360,0.050537,0.824219
0.493408,-0.205688,1.105347
-0.138428,-0.282837,0.868164
-0.076294,0.178101,1.051392
0.411011,-0.409424,1.002563
-0.467163,0.005859,0.806763
0.444458,-0.103638,1.121704
-0.031250,-0.289673,0.891357
-0.149902,0.198608,1.046265
0.454712,-0.391235,1.028442
-0.450928,-0.071655,0.799194
0.400513,-0.054688,1.137451
0.062012,-0.370483,0.880615
-0.219604,0.231934,1.035400
0.499878,-0.320190,1.075073
-0.415894,-0.125122,0.802002
0.326050,-0.034180,1.134521
0.105713,-0.395752,0.900635
-0.286255,0.208374,0.999268
0.548462,-0.274902,1.107666
-0.378784,-0.115723,0.827148
0.237793,0.033813,1.112549
0.209229,-0.427979,0.928955
-0.339844,0.114746,0.918701
0.548950,-0.229492,1.130005
-0.308594,-0.196167,0.829590
0.136108,0.093384,1.101807
0.304688,-0.445557,0.962036
-0.418213,0.086060,0.855713
0.547607,-0.199219,1.143799
-0.214111,-0.222778,0.855347
0.031494,0.159668,1.087769
0.388062,-0.413086,1.009888
-0.445190,0.047485,0.848999
0.510864,-0.119995,1.158936
-0.106689,-0.277588,0.870483
-0.067383,0.206299,1.083496
0.435913,-0.362549,1.049072
-0.438843,-0.036743,0.830200
0.468872,-0.083496,1.164551
0.030640,-0.348022,0.886597
-0.171509,0.248779,1.080078
0.494995,-0.330688,1.071045
-0.425781,-0.082642,0.819336
0.387207,-0.059937,1.150635
0.062744,-0.343018,0.917847
-0.250610,0.206909,1.018677
0.541382,-0.274048,1.131104
-0.375122,-0.158813,0.814209
0.285156,0.020874,1.148560
0.169800,-0.391479,0.929321
-0.312622,0.141602,0.952271
0.566162,-0.234619,1.142578
-0.322876,-0.186401,0.835693
0.182495,0.078125,1.125732
0.279907,-0.410400,0.978027
-0.412598,0.097534,0.881348
0.543213,-0.190918,1.146118
-0.226929,-0.248657,0.845093
0.068359,0.153076,1.122070
0.370850,-0.411377,1.008667
-0.452881,0.078003,0.864502
0.529297,-0.158325,1.158569
-0.113770,-0.284302,0.875366
-0.052856,0.207886,1.107666
0.412964,-0.365356,1.028320
-0.453979,-0.006104,0.848145
0.506348,-0.127441,1.169678
-0.016357,-0.333740,0.879150
-0.152954,0.207886,1.060547
0.460449,-0.328735,1.051636
-0.431152,-0.093994,0.829224
0.444824,-0.108765,1.173706
0.021484,-0.339966,0.898682
-0.238159,0.230591,1.033569
0.508667,-0.272217,1.103394
-0.411865,-0.109375,0.808350
0.345703,-0.034912,1.170898
0.107300,-0.373779,0.914062
-0.304443,0.175171,0.977661
0.540649,-0.253296,1.128540
-0.377197,-0.156128,0.803955
0.217285,0.029785,1.122925
0.222412,-0.420288,0.941772
-0.371948,0.123291,0.921387
0.545654,-0.205322,1.137085
-0.307617,-0.190308,0.815430
0.098022,0.121094,1.101196
0.310059,-0.417480,0.973877
-0.419556,0.047241,0.879150
0.531128,-0.176147,1.155518
-0.224365,-0.262207,0.829468
-0.009399,0.156738,1.075073
0.369873,-0.390503,0.987549
-0.447632,0.008057,0.837646
0.501953,-0.129150,1.162109
-0.092896,-0.330444,0.828491
-0.119995,0.181885,1.044312
0.411133,-0.349365,1.015259
-0.463379,-0.054199,0.811401
0.453003,-0.109253,1.167114
-0.065796,-0.338257,0.829102
-0.221069,0.230103,1.040649
0.477051,-0.310303,1.049683
-0.465454,-0.096069,0.790405
0.353760,-0.066040,1.142578
0.016968,-0.362549,0.869507
-0.298584,0.169800,0.962646
0.499023,-0.284668,1.071289
-0.409424,-0.136108,0.786743
0.251709,-0.012939,1.112305
0.121704,-0.391846,0.895874
-0.395264,0.135742,0.899414
0.504028,-0.253052,1.089478
-0.358276,-0.205200,0.779785
0.150757,0.071899,1.093506
0.219849,-0.397583,0.928711
-0.460571,0.104004,0.858154
0.496216,-0.208984,1.109253
-0.307617,-0.255127,0.778320
0.041748,0.117920,1.073364
0.296631,-0.418091,0.938110
-0.483521,0.055542,0.832520
0.477783,-0.178955,1.099243
-0.198364,-0.308716,0.789062
-0.065674,0.122192,1.038452
0.350586,-0.397705,0.965942
-0.491333,-0.002930,0.800049
0.440918,-0.125366,1.120117
-0.141724,-0.329468,0.776123
-0.174194,0.166016,1.006836
0.387695,-0.369141,0.982300
-0.517334,-0.031860,0.781494
0.402344,-0.109619,1.115234
-0.099243,-0.319214,0.803955
-0.285522,0.193237,0.979126
0.434082,-0.327393,1.030762
-0.502686,-0.076538,0.756226
0.317261,-0.080200,1.098877
-0.042236,-0.337524,0.826172
-0.357544,0.172974,0.926514
0.464111,-0.294189,1.041504
-0.478760,-0.132202,0.730591
0.224976,-0.009644,1.096558
0.064087,-0.390381,0.845459
-0.445923,0.165161,0.886475
0.473145,-0.280518,1.044434
-0.435913,-0.176514,0.740967
0.113403,0.066895,1.059082
0.160156,-0.404907,0.876099
-0.509766,0.123535,0.838989
0.467407,-0.259644,1.053101
-0.360229,-0.237671,0.753906
0.015625,0.098145,1.030518
0.225708,-0.405396,0.889526
-0.541870,0.092285,0.814331
0.453735,-0.236816,1.054932
-0.269653,-0.306763,0.745972
-0.077148,0.114502,1.007568
0.287598,-0.409424,0.902710
-0.552246,0.063843,0.788330
0.420898,-0.175049,1.057129
-0.215942,-0.314453,0.739868
-0.162109,0.145386,0.990845
0.325928,-0.390381,0.920776
-0.568115,0.011353,0.759277
0.395752,-0.169312,1.066406
-0.186646,-0.324097,0.741699
-0.252197,0.177856,0.960205
0.361938,-0.348999,0.958252
-0.565796,-0.026245,0.746826
0.334229,-0.157715,1.057007
-0.131226,-0.362549,0.755493
-0.354614,0.179688,0.898804
0.394165,-0.337646,0.968384
-0.537476,-0.071045,0.729614
0.268555,-0.068481,1.055054
-0.064819,-0.360352,0.792725
-0.440430,0.208496,0.881714
0.412720,-0.320801,0.986450
-0.496704,-0.127197,0.736816
0.163940,0.007080,1.037109
0.024902,-0.414795,0.804688
-0.513062,0.204590,0.843628
0.428589,-0.266235,0.998413
-0.440063,-0.148315,0.733398
0.062988,0.101929,1.043945
0.119995,-0.422241,0.834106
-0.557739,0.146851,0.826660
0.412354,-0.232178,1.008911
-0.351685,-0.229248,0.724976
-0.015259,0.130249,1.020020
0.194458,-0.413330,0.853882
-0.588867,0.138550,0.786621
0.416016,-0.191650,1.023560
-0.277954,-0.278320,0.729492
-0.107544,0.130127,0.994019
0.266357,-0.455933,0.874023
-0.608521,0.089844,0.767944
0.390747,-0.143921,1.025513
-0.229370,-0.314087,0.700928
-0.215698,0.184692,0.962280
0.335938,-0.405762,0.913330
-0.587158,0.030518,0.746582
0.345337,-0.122925,1.016235
-0.173950,-0.320923,0.712524
-0.295044,0.191162,0.912964
0.364502,-0.355469,0.942383
-0.586670,-0.029053,0.722290
0.291992,-0.087158,1.029785
-0.129761,-0.364624,0.734253
-0.395508,0.205078,0.877686
0.396606,-0.323242,0.953735
-0.553711,-0.074341,0.706787
0.198608,-0.045044,1.002319
-0.044189,-0.387329,0.768799
-0.457397,0.214722,0.855957
0.410400,-0.278931,0.967773
-0.513306,-0.089111,0.723755
0.098511,0.043945,0.999146
0.054688,-0.402344,0.809937
-0.527710,0.200806,0.837646
0.402710,-0.220093,0.985229
-0.423462,-0.129883,0.738770
0.023193,0.109863,1.012207
0.147827,-0.398804,0.853638
-0.588989,0.150024,0.788330
0.418335,-0.199829,1.009766
-0.310059,-0.227783,0.719360
-0.073486,0.198364,1.001221
0.238159,-0.378052,0.871216
-0.620239,0.120361,0.761841
0.407104,-0.184082,1.021240
-0.217041,-0.335205,0.703857
-0.181152,0.196289,0.952881
0.303833,-0.359863,0.901123
-0.618408,0.095337,0.761353
0.377075,-0.175415,1.005249
-0.156128,-0.364014,0.718384
-0.239258,0.182861,0.908447
0.341797,-0.322144,0.916992
-0.605469,0.060425,0.735352
0.324829,-0.108398,1.001709
-0.094727,-0.370972,0.748779
-0.316406,0.147095,0.867554
0.372559,-0.296143,0.938721
-0.569214,0.036133,0.712769
0.248047,-0.011230,1.010498
-0.042969,-0.386108,0.762573
-0.405518,0.178467,0.856689
0.405273,-0.288818,0.954468
-0.533813,-0.021362,0.715698
0.155518,0.046875,0.982910
0.016113,-0.390747,0.785156
-0.473267,0.201416,0.835083
0.425659,-0.241577,0.983887
-0.473755,-0.091187,0.730591
0.089478,0.120239,1.023804
0.080933,-0.407349,0.807373
-0.518066,0.168457,0.823608
0.429932,-0.224731,0.991333
-0.424072,-0.120483,0.733154
0.045532,0.145752,1.020874
0.158813,-0.412231,0.832397
-0.561279,0.187866,0.797485
0.432739,-0.195801,0.993042
-0.344116,-0.160156,0.747437
-0.018555,0.164795,0.998901
0.199463,-0.422974,0.845825
-0.568237,0.134888,0.776855
0.431885,-0.160889,1.019531
-0.290649,-0.182983,0.740723
-0.080566,0.189819,0.990601
0.268311,-0.417358,0.874634
-0.601318,0.099731,0.749146
0.424805,-0.157227,1.026611
-0.192017,-0.285767,0.738647
-0.167847,0.224731,0.958496
0.322266,-0.371094,0.894287
-0.585571,0.078125,0.759766
0.402954,-0.166626,1.016724
-0.111328,-0.322876,0.759155
-0.250977,0.226074,0.903687
0.367432,-0.334961,0.917114
-0.578491,0.050293,0.760132
0.327393,-0.126831,0.993286
-0.069336,-0.394531,0.743164
-0.298096,0.173950,0.862915
0.401001,-0.273560,0.948242
-0.553589,0.040039,0.739014
0.248535,-0.062622,0.983887
0.005615,-0.427612,0.766846
-0.375610,0.145630,0.842285
0.429810,-0.244141,0.961426
-0.522339,0.006836,0.729248
0.153931,0.055298,1.007324
0.080200,-0.417603,0.796509
-0.460327,0.137939,0.816528
0.439575,-0.249512,0.976929
-0.441406,-0.069336,0.750122
0.054077,0.153320,1.016357
0.161255,-0.425659,0.827271
-0.538208,0.106689,0.791504
0.417358,-0.201050,1.019531
-0.331665,-0.187012,0.744263
-0.145264,0.205933,0.953003
0.292969,-0.325195,0.891357
-0.602539,0.101685,0.755981
0.395020,-0.173950,1.025635
-0.120239,-0.380981,0.729736
-0.244141,0.191162,0.898804
0.367310,-0.317261,0.918091
-0.581665,0.086304,0.752441
0.323975,-0.101440,1.002319
-0.047363,-0.399536,0.761597
-0.332642,0.177490,0.860840
0.381592,-0.293091,0.925659
-0.541626,-0.009155,0.732422
0.244141,-0.043213,0.997559
0.005005,-0.407837,0.762695
-0.414307,0.202881,0.841064
0.411133,-0.264404,0.936890
-0.510498,-0.064087,0.722412
0.164673,-0.003174,1.008301
0.078247,-0.429077,0.809326
-0.510010,0.201172,0.812012
0.423096,-0.214233,0.973267
-0.424194,-0.117188,0.739380
0.075928,0.102295,1.015869
0.163452,-0.434204,0.829590
-0.559082,0.164062,0.787354
0.433228,-0.187866,0.991211
-0.322021,-0.170410,0.756226
-0.027832,0.154297,0.998047
0.236938,-0.418335,0.871948
-0.590576,0.115479,0.768066
0.415527,-0.161865,1.014038
-0.201660,-0.292358,0.743286
-0.134399,0.204712,0.969482
0.308838,-0.375366,0.905151
-0.588379,0.099854,0.754639
0.394165,-0.126831,1.013184
-0.112061,-0.338623,0.764526
-0.212769,0.182739,0.921875
0.355225,-0.361938,0.911011
-0.565308,0.063965,0.753662
0.346191,-0.089111,1.012085
-0.055542,-0.378052,0.751465
-0.294678,0.187622,0.880005
0.405640,-0.350098,0.931274
-0.555664,-0.016602,0.731445
0.262207,-0.077026,0.987549
0.013672,-0.416870,0.770142
-0.364258,0.169434,0.842041
0.427368,-0.277954,0.958130
-0.513428,-0.042725,0.734741
0.159790,-0.025269,0.981445
0.076050,-0.488159,0.770386
-0.426392,0.147461,0.804688
0.434448,-0.212891,0.979858
-0.438721,-0.076416,0.761475
0.059814,0.090942,1.007446
0.151123,-0.504761,0.801270
-0.503540,0.091675,0.788940
0.457275,-0.219849,1.009155
-0.355347,-0.116943,0.762817
-0.045044,0.165649,0.987305
0.232666,-0.448975,0.853516
-0.545166,0.051147,0.750610
0.468384,-0.213867,1.042603
-0.239502,-0.213745,0.774658
-0.126709,0.194946,0.977173
0.292236,-0.386719,0.896484
-0.572144,0.038208,0.747925
0.422363,-0.185547,1.032837
-0.102905,-0.340698,0.790161
-0.209473,0.213501,0.944458
0.337402,-0.340210,0.919434
-0.548584,0.008423,0.750854
0.359863,-0.159424,1.020386
-0.028320,-0.419067,0.782715
-0.265259,0.187622,0.904297
0.386475,-0.317261,0.944580
-0.536133,-0.032349,0.742310
0.280884,-0.105103,0.991699
0.032471,-0.465454,0.773071
-0.319946,0.133911,0.864502
0.421875,-0.309326,0.959229
-0.505493,-0.075073,0.742310
0.207153,-0.042480,1.000854
0.077393,-0.478760,0.774658
-0.394043,0.122925,0.828979
0.454712,-0.293335,0.979492
-0.461792,-0.100464,0.739868
0.105225,0.041748,1.006470
0.146973,-0.494995,0.802979
-0.457153,0.088501,0.798950
0.464233,-0.242065,1.017944
-0.389648,-0.154907,0.748657
0.011963,0.120361,1.007690
0.244141,-0.498047,0.842163
-0.505981,0.047485,0.753662
0.458374,-0.250732,1.026611
-0.281738,-0.235596,0.769165
-0.082886,0.181274,1.010132
0.297119,-0.451782,0.886108
-0.528809,0.010498,0.757324
0.432129,-0.208252,1.042969
-0.174194,-0.289917,0.789185
-0.146973,0.182373,0.979858
0.357056,-0.422119,0.925903
-0.549316,0.013916,0.755859
0.398682,-0.182861,1.039795
-0.053711,-0.379517,0.799927
-0.205688,0.167725,0.957275
0.389648,-0.372314,0.950684
-0.516235,-0.021606,0.750610
0.323853,-0.125122,1.019165
0.032959,-0.415771,0.833618
-0.258423,0.132568,0.934448
0.422241,-0.371460,0.971558
-0.493286,-0.057251,0.753906
0.263916,-0.046631,1.033447
0.102173,-0.484131,0.811035
-0.341797,0.167725,0.910645
0.451294,-0.301514,1.006958
-0.439331,-0.084473,0.779663
0.181519,-0.013794,1.017700
0.112671,-0.482788,0.817261
-0.379517,0.090088,0.855103
0.488037,-0.264404,1.047119
-0.403687,-0.137329,0.761841
0.107666,0.063965,1.039551
0.199097,-0.518921,0.842163
-0.437134,0.051636,0.813232
0.504150,-0.262939,1.063354
-0.347046,-0.175903,0.768311
0.026367,0.138794,1.027344
0.289551,-0.461670,0.910889
-0.468018,0.006958,0.784180
0.484131,-0.250122,1.059448
-0.270874,-0.239136,0.782593
-0.042480,0.188721,1.044189
0.335693,-0.446655,0.925659
-0.493896,0.015991,0.797241
0.468140,-0.219360,1.085938
-0.167603,-0.288940,0.822510
-0.086304,0.186768,1.034058
0.365356,-0.410400,0.946899
-0.522705,0.031616,0.798828
0.474976,-0.216309,1.085693
-0.065308,-0.345703,0.852417
-0.167114,0.214844,1.025024
0.416626,-0.357178,0.991821
-0.499268,0.003418,0.786133
0.405762,-0.173462,1.072998
0.031982,-0.433960,0.845215
-0.199829,0.180420,1.000000
0.459229,-0.333984,1.025513
-0.460205,-0.042358,0.785767
0.344971,-0.071777,1.082275
0.071899,-0.454468,0.854370
-0.254761,0.127930,0.972656
0.486694,-0.299438,1.072632
-0.437500,-0.097412,0.791504
0.299561,-0.012817,1.097290
0.101807,-0.401367,0.881836
-0.306763,0.144653,0.953369
0.522583,-0.310425,1.090088
-0.415283,-0.131348,0.795044
0.239258,0.011841,1.094482
0.178711,-0.424561,0.893433
-0.364258,0.140747,0.904785
0.530640,-0.262451,1.102173
-0.339844,-0.194458,0.806519
0.164307,0.061890,1.083374
0.252075,-0.444824,0.927734
-0.403564,0.102783,0.858521
0.546509,-0.222656,1.108643
-0.269409,-0.198486,0.832397
0.079468,0.133911,1.081543
0.306763,-0.464355,0.941772
-0.420898,0.028320,0.829956
0.522217,-0.166504,1.144165
-0.225098,-0.220581,0.839722
0.016235,0.200928,1.098022
0.378418,-0.434692,0.977051
-0.466309,0.046997,0.838257
0.506226,-0.163574,1.146484
-0.126343,-0.261230,0.871460
-0.057129,0.204956,1.081543
0.413940,-0.387085,1.010620
-0.465088,-0.001953,0.823364
0.481079,-0.137939,1.153076
-0.015015,-0.334961,0.887207
-0.105835,0.220215,1.088013
0.442261,-0.321045,1.049805
-0.455566,-0.029907,0.823730
0.447388,-0.110474,1.153687
0.041260,-0.384521,0.879395
-0.181396,0.194946,1.046997
0.493286,-0.317383,1.080566
-0.435181,-0.051147,0.810669
0.377197,-0.034180,1.148071
0.073364,-0.370239,0.913208
-0.251587,0.189087,1.017700
0.531128,-0.288086,1.120850
-0.409180,-0.118530,0.806396
0.318359,0.001221,1.148926
0.154419,-0.382080,0.933838
-0.312134,0.163086,0.974121
0.555542,-0.256104,1.139038
-0.340576,-0.185547,0.809814
0.217285,0.079834,1.121826
0.228760,-0.432861,0.923950
-0.345947,0.104126,0.921509
0.580078,-0.245605,1.155396
-0.299316,-0.179077,0.836792
0.122070,0.123779,1.096680
0.296509,-0.419067,0.966064
-0.376953,0.048462,0.883423
0.549927,-0.181763,1.169434
-0.235229,-0.240112,0.855347
0.056763,0.154907,1.091309
0.359253,-0.410278,0.982178
-0.442627,0.061890,0.863281
0.542236,-0.187866,1.171265
-0.142212,-0.292114,0.873779
-0.004150,0.188477,1.104126
0.389526,-0.360474,1.005737
-0.474609,0.050415,0.841064
0.520508,-0.196045,1.155151
-0.018433,-0.403809,0.878418
-0.086060,0.189941,1.088745
0.423218,-0.325928,1.033691
-0.456909,-0.002441,0.818359
0.470703,-0.110107,1.166016
0.001343,-0.374023,0.888306
-0.151245,0.177368,1.065063
0.462158,-0.315186,1.062622
-0.452881,0.001343,0.828979
0.419312,-0.070557,1.167969
0.008057,-0.375610,0.888916
-0.215088,0.172607,1.060181
0.513306,-0.306396,1.108032
-0.438477,-0.066772,0.811523
0.354492,0.016235,1.166748
0.056030,-0.355347,0.896362
-0.269775,0.164307,1.005005
0.530273,-0.297241,1.111816
-0.407471,-0.146606,0.798584
0.307861,-0.010864,1.150024
0.126221,-0.373291,0.924072
-0.325073,0.184570,0.958008
0.518188,-0.237427,1.114380
-0.359253,-0.183228,0.808350
0.249146,-0.001953,1.123657
0.174927,-0.392578,0.932983
-0.360352,0.143555,0.926514
0.534668,-0.231934,1.109863
-0.343994,-0.187012,0.805054
0.167603,0.064453,1.124390
0.251343,-0.414185,0.946655
-0.422974,0.135986,0.911133
0.528076,-0.203125,1.114014
-0.289673,-0.229248,0.812988
0.071533,0.097168,1.088989
0.307373,-0.411865,0.961914
-0.458008,0.063354,0.850708
0.521851,-0.164795,1.126343
-0.169678,-0.274170,0.834229
-0.036865,0.164551,1.067749
0.330200,-0.376465,0.969482
-0.448608,-0.027588,0.832642
0.503296,-0.158813,1.151978
-0.110840,-0.331177,0.817139
-0.123169,0.192993,1.029175
0.373657,-0.338501,0.981812
-0.501221,-0.030884,0.795532
0.477661,-0.192261,1.138916
-0.088135,-0.336304,0.832031
-0.179932,0.201660,1.034302
0.402466,-0.288330,1.024292
-0.512329,-0.060669,0.766479
0.389404,-0.108276,1.135620
-0.026611,-0.356323,0.851196
-0.265015,0.180542,0.993408
0.438599,-0.273926,1.054321
-0.489746,-0.068970,0.764038
0.333130,-0.076416,1.116333
0.010986,-0.360718,0.857056
-0.319458,0.152100,0.942993
0.478882,-0.284302,1.063843
-0.468628,-0.073608,0.767334
0.234741,-0.008789,1.092773
0.086670,-0.410522,0.862915
-0.382935,0.126831,0.907471
0.474854,-0.245483,1.082153
-0.425659,-0.137085,0.753784
0.155029,0.073364,1.077881
0.141724,-0.402222,0.878296
-0.447144,0.109741,0.873291
0.493774,-0.270264,1.075073
-0.393066,-0.194824,0.755371
0.072266,0.118408,1.070190
0.188721,-0.403809,0.874268
-0.492676,0.076050,0.829468
0.506348,-0.249878,1.098755
-0.308838,-0.252930,0.773438
0.001709,0.139038,1.038330
0.223022,-0.409546,0.878418
-0.525513,0.080444,0.815063
0.486572,-0.254395,1.067505
-0.243164,-0.291138,0.787964
-0.053467,0.132568,1.015869
0.243286,-0.386475,0.893799
-0.538818,0.051758,0.778687
0.465942,-0.201416,1.078369
-0.227905,-0.308838,0.757935
-0.107056,0.156250,1.007568
0.296875,-0.415649,0.903442
-0.546265,0.033081,0.784424
0.421997,-0.187012,1.050049
-0.215454,-0.289185,0.750000
-0.167969,0.146851,0.982178
0.337280,-0.376221,0.941040
-0.563232,-0.003052,0.742554
0.391357,-0.140503,1.071899
-0.198364,-0.329834,0.728394
-0.230591,0.171143,0.983154
0.378418,-0.383301,0.954590
-0.567261,-0.012817,0.765259
0.341675,-0.112183,1.055420
-0.155029,-0.365723,0.749390
-0.310303,0.179321,0.926758
0.376099,-0.333130,0.973022
-0.544067,-0.073608,0.729492
0.304932,-0.082031,1.068481
-0.118530,-0.354736,0.754395
-0.375854,0.218018,0.919678
0.414062,-0.346802,0.975586
-0.532349,-0.085327,0.741211
0.213745,-0.057739,1.038696
-0.054321,-0.374512,0.794067
-0.431274,0.187256,0.870483
0.434204,-0.307739,0.987915
-0.525879,-0.075562,0.709961
0.141479,0.031006,1.034790
0.030029,-0.391357,0.824219
-0.483521,0.150757,0.847900
0.426270,-0.290649,0.990234
-0.476440,-0.113403,0.721436
0.069214,0.116577,1.029419
0.102539,-0.395508,0.834961
-0.535889,0.141357,0.822021
0.424805,-0.283081,1.001465
-0.416870,-0.176636,0.719116
-0.001831,0.156860,1.015259
0.165283,-0.406494,0.834595
-0.563843,0.104736,0.800781
0.433716,-0.255615,1.020264
-0.342285,-0.260986,0.709595
-0.059570,0.166382,0.997070
0.206909,-0.386230,0.848022
-0.593994,0.105713,0.793579
0.425171,-0.237427,1.011841
-0.255615,-0.325562,0.708374
-0.108154,0.171875,0.967529
0.234985,-0.363159,0.862549
-0.619263,0.074585,0.736816
0.432007,-0.244141,1.015015
-0.214600,-0.386963,0.694336
-0.147949,0.164185,0.959106
0.255371,-0.370850,0.865723
-0.622681,0.120483,0.759033
0.411377,-0.240479,1.007812
-0.198975,-0.377319,0.712280
-0.197266,0.148071,0.941040
0.297485,-0.351807,0.889160
-0.621582,0.103516,0.740601
0.385620,-0.196533,1.017944
-0.160522,-0.393433,0.715454
-0.250977,0.175171,0.921997
0.314819,-0.333984,0.903564
-0.612183,0.046265,0.727905
0.351562,-0.159668,1.013306
-0.147827,-0.367554,0.721802
-0.290161,0.177368,0.901367
0.364136,-0.338867,0.929077
-0.616577,0.028320,0.718994
0.325684,-0.131348,1.014893
-0.108276,-0.369629,0.748291
-0.353271,0.198853,0.876099
0.380249,-0.311768,0.942627
-0.579590,-0.007935,0.699585
0.250000,-0.060791,1.015137
-0.058350,-0.414185,0.758301
-0.415161,0.194824,0.856812
0.402466,-0.290161,0.945435
-0.556519,-0.008911,0.717041
0.170044,-0.001831,1.001587
-0.009766,-0.419922,0.764771
-0.456543,0.199097,0.856201
0.425293,-0.256714,0.984619
-0.510742,-0.073853,0.714844
0.083374,0.078125,1.005371
0.075317,-0.426636,0.792847
-0.519287,0.187012,0.836914
0.428345,-0.223633,0.990234
-0.426147,-0.131592,0.733765
0.014160,0.149292,1.004272
0.162231,-0.416870,0.835327
-0.572632,0.156250,0.803833
0.417725,-0.181274,1.012939
-0.323242,-0.186768,0.736938
-0.062988,0.178223,0.986206
0.245483,-0.377197,0.877441
-0.603027,0.101929,0.763306
0.426392,-0.169800,1.034546
-0.208008,-0.280151,0.739746
-0.170654,0.209595,0.946045
0.307617,-0.346436,0.906738
-0.608521,0.067749,0.743408
0.386719,-0.144165,1.031494
-0.116211,-0.370605,0.739624
-0.242554,0.201050,0.911987
0.352905,-0.320312,0.909302
-0.597656,0.065552,0.726318
0.323730,-0.099121,1.013428
-0.041748,-0.418335,0.755249
-0.336914,0.192139,0.864746
0.378052,-0.285400,0.935425
-0.557739,0.000854,0.720337
0.242432,-0.039551,0.995239
-0.008423,-0.413208,0.765747
-0.411987,0.184326,0.844360
0.427490,-0.273804,0.969604
-0.499756,-0.033936,0.739502
0.133911,0.054810,1.003662
0.041748,-0.405640,0.794922
-0.476685,0.152344,0.818115
0.444824,-0.242676,0.981934
-0.425781,-0.069702,0.766113
0.047119,0.157471,1.018921
0.150635,-0.403320,0.820068
-0.542480,0.145020,0.793945
0.431885,-0.187134,1.016357
-0.322266,-0.176025,0.762329
-0.022461,0.176514,1.005371
0.228760,-0.400635,0.859253
-0.593994,0.129761,0.773193
0.429321,-0.183716,1.018433
-0.199951,-0.272217,0.765869
-0.130127,0.198364,0.959839
0.297852,-0.351074,0.903198
-0.587646,0.067261,0.737671
0.406494,-0.170044,1.028076
-0.125977,-0.339966,0.750122
-0.225952,0.192261,0.915039
0.376709,-0.333008,0.933472
-0.550659,0.057373,0.763672
0.323608,-0.085693,0.997070
-0.057739,-0.406616,0.744263
-0.305786,0.168213,0.866211
0.416260,-0.299927,0.955811
-0.528564,-0.035889,0.729004
0.233521,-0.012451,1.005127
0.014160,-0.421753,0.751831
-0.409302,0.172119,0.823486
0.431030,-0.275391,0.972046
-0.467651,-0.105103,0.734741
0.146240,0.041260,1.020874
0.063965,-0.426514,0.783936
-0.491699,0.168823,0.789062
0.452881,-0.258667,0.985962
-0.390625,-0.144165,0.770020
0.046753,0.108398,1.017212
0.163818,-0.422607,0.830078
-0.554810,0.143555,0.761108
0.444580,-0.212769,1.004517
-0.287354,-0.180542,0.780396
-0.069824,0.148804,0.988037
0.267822,-0.438110,0.872437
-0.564453,0.077515,0.744141
0.423218,-0.152588,1.028442
-0.165283,-0.248779,0.783569
-0.175659,0.188965,0.941895
0.337646,-0.421753,0.902100
-0.554688,0.036865,0.764893
0.373047,-0.120117,1.022949
-0.061279,-0.347900,0.775757
-0.262207,0.199707,0.905518
0.384399,-0.367676,0.936646
-0.539185,-0.035889,0.749390
0.310059,-0.092773,1.008301
0.001221,-0.426514,0.768555
-0.337402,0.171997,0.854492
0.423706,-0.306519,0.958496
-0.486694,-0.049316,0.759521
0.208984,-0.041870,0.987427
0.060059,-0.473389,0.779663
-0.396973,0.119873,0.819092
0.448364,-0.279663,0.975464
-0.464966,-0.080566,0.742554
0.127441,0.024170,1.007324
0.127808,-0.503540,0.801392
-0.467773,0.102783,0.786255
0.460327,-0.256836,1.000122
-0.391724,-0.141357,0.752930
0.037354,0.116211,1.015137
0.189697,-0.473633,0.837036
-0.505859,0.062378,0.761353
0.457886,-0.264648,1.003540
-0.345581,-0.178955,0.756226
-0.021362,0.159180,1.025513
0.272461,-0.462646,0.882935
-0.537109,0.027954,0.742188
0.437866,-0.224487,1.023438
-0.241577,-0.236938,0.781250
-0.104370,0.206299,1.013428
0.335449,-0.475220,0.901855
-0.544312,0.013062,0.760376
0.400391,-0.164917,1.041504
-0.133423,-0.296875,0.780029
-0.175293,0.207153,0.992554
0.379517,-0.440430,0.935425
-0.527466,-0.028809,0.767090
0.369629,-0.150513,1.026611
-0.055542,-0.338623,0.791992
-0.248657,0.190674,0.927979
0.430054,-0.379150,0.974121
-0.500977,-0.084351,0.762939
0.292603,-0.114746,1.009033
0.046753,-0.423706,0.806519
-0.316406,0.150757,0.876587
0.459229,-0.332520,0.985718
-0.459351,-0.117065,0.758789
0.218384,-0.055420,1.022583
0.081177,-0.450195,0.808105
-0.377808,0.118042,0.846069
0.483276,-0.301270,1.014771
-0.414673,-0.159302,0.757568
0.122437,0.034912,1.036133
0.158447,-0.468872,0.835083
-0.435181,0.088501,0.804321
0.496216,-0.269043,1.038330
-0.346558,-0.166138,0.774170
0.037842,0.107910,1.039062
0.258179,-0.491455,0.878784
-0.497070,0.027832,0.764038
0.485596,-0.253906,1.047241
-0.255005,-0.249878,0.794312
-0.046875,0.162231,1.037720
0.333618,-0.452759,0.926392
-0.500610,0.044556,0.776855
0.444092,-0.165405,1.066284
-0.171875,-0.287476,0.797974
-0.109741,0.170898,1.025635
0.395386,-0.453735,0.961670
-0.501465,0.006836,0.780029
0.404053,-0.110474,1.062744
-0.055908,-0.295044,0.831787
-0.186768,0.185669,1.003418
0.434692,-0.420776,0.989624
-0.472290,-0.088135,0.770264
0.355103,-0.077637,1.077026
0.045654,-0.397217,0.837402
-0.259766,0.162109,0.954834
0.466553,-0.349976,1.034180
-0.434326,-0.135742,0.776001
0.300537,-0.024780,1.087646
0.086426,-0.397339,0.844727
-0.312134,0.161011,0.944336
0.498779,-0.306641,1.061157
-0.412720,-0.147461,0.780884
0.226318,-0.000977,1.068604
0.173584,-0.436768,0.888550
-0.382202,0.130737,0.897095
0.522949,-0.269531,1.086548
-0.363159,-0.186646,0.775269
0.139282,0.060425,1.059326
0.247192,-0.451172,0.918945
-0.408203,0.063721,0.837158
0.532471,-0.242310,1.099121
-0.290894,-0.227051,0.805054
0.042114,0.113281,1.051636
0.315796,-0.486816,0.935059
-0.446777,0.053345,0.818604
0.506714,-0.182373,1.109619
-0.206909,-0.218140,0.850708
-0.022827,0.177734,1.062866
0.373901,-0.462036,0.962646
-0.455322,0.011353,0.814331
0.484375,-0.140259,1.133911
-0.132935,-0.250122,0.860962
-0.082520,0.220703,1.069214
0.416870,-0.417725,1.000000
-0.460938,-0.017090,0.820679
0.467285,-0.132080,1.135010
-0.034668,-0.313843,0.875000
-0.136230,0.216309,1.061890
0.465210,-0.354126,1.036499
-0.456787,-0.032471,0.813843
0.432129,-0.093750,1.144897
0.046875,-0.367432,0.884521
-0.192627,0.200684,1.028809
0.491577,-0.298950,1.081177
-0.430054,-0.075562,0.809326
0.388916,-0.077881,1.138916
0.067139,-0.372803,0.893311
-0.248291,0.183105,1.010864
0.527954,-0.263306,1.109253
-0.401489,-0.110474,0.816406
0.305908,-0.006348,1.115967
0.157227,-0.400757,0.922607
-0.315674,0.170166,0.973633
0.545166,-0.255859,1.124146
-0.364014,-0.168823,0.810547
0.249756,0.016479,1.118042
0.217529,-0.408569,0.952637
-0.362793,0.130249,0.899292
0.562256,-0.222168,1.138550
-0.289795,-0.233154,0.828979
0.150513,0.083862,1.115112
0.279663,-0.436523,0.961060
-0.393555,0.116699,0.889160
0.561890,-0.199707,1.151367
-0.238525,-0.224609,0.848022
0.065186,0.146729,1.098267
0.359009,-0.421631,0.992432
-0.428101,0.090698,0.890137
0.546631,-0.179077,1.156616
-0.164307,-0.255981,0.871826
-0.024292,0.188477,1.092651
0.397461,-0.384155,1.007568
-0.431152,0.015869,0.851440
0.530029,-0.139526,1.171265
-0.053345,-0.282715,0.901001
-0.097046,0.206421,1.081543
0.431396,-0.348999,1.029663
-0.431519,-0.032349,0.838989
0.483276,-0.122437,1.173096
0.021973,-0.328125,0.905029
-0.177734,0.230835,1.072021
0.467407,-0.309448,1.059814
-0.439331,-0.063110,0.824341
0.426514,-0.077881,1.164917
0.067383,-0.343262,0.926147
-0.250977,0.237183,1.048462
0.515259,-0.269043,1.108154
-0.421021,-0.093750,0.802856
0.338257,-0.027466,1.150391
0.140259,-0.386475,0.944214
-0.299438,0.167725,0.974609
0.540405,-0.233398,1.136719
-0.359741,-0.156616,0.808716
0.211548,0.047974,1.128296
0.230103,-0.430786,0.946411
-0.365845,0.118042,0.918945
0.537964,-0.198120,1.137085
-0.286377,-0.214355,0.817749
0.097534,0.097656,1.101440
0.302612,-0.401855,0.973999
-0.425049,0.072144,0.886963
0.541626,-0.184570,1.156616
-0.186890,-0.278687,0.851562
-0.003296,0.169556,1.083496
0.352417,-0.356445,0.988403
-0.449951,0.009033,0.849731
0.514282,-0.168091,1.166992
-0.066650,-0.364380,0.845581
-0.100586,0.185059,1.052734
0.395874,-0.325317,1.001465
-0.476929,-0.014648,0.823242
0.466064,-0.154907,1.159424
-0.044189,-0.381104,0.846802
-0.194458,0.187744,1.039429
0.452515,-0.291016,1.056396
-0.469849,-0.055176,0.782959
0.258301,0.087402,1.161011
0.018433,-0.380249,0.877930
-0.329468,0.102051,0.954224
0.564941,-0.265381,1.146240
-0.335327,-0.198364,0.822388
0.169800,0.122803,1.134766
0.283325,-0.416138,0.951782
-0.384521,0.105591,0.910889
0.552734,-0.207031,1.145630
-0.273438,-0.223267,0.836670
0.092896,0.105835,1.096436
0.346191,-0.413574,0.996948
-0.437866,0.090576,0.870972
0.537964,-0.155029,1.153320
-0.187256,-0.249023,0.855347
-0.000610,0.165527,1.096802
0.388306,-0.404053,1.010986
-0.454102,0.037476,0.860229
0.528320,-0.115112,1.178955
-0.079468,-0.315552,0.858154
-0.081421,0.189087,1.081055
0.422485,-0.379150,1.015381
-0.454224,-0.024536,0.837158
0.480103,-0.097778,1.176025
-0.036865,-0.322754,0.864136
-0.154541,0.196533,1.061035
0.455933,-0.309937,1.057373
-0.469727,-0.035767,0.818237
0.440918,-0.101196,1.160034
0.013428,-0.317749,0.883057
-0.248657,0.225708,1.031006
0.497559,-0.270264,1.098633
-0.442261,-0.112305,0.798340
0.328613,-0.055054,1.138550
0.093628,-0.369995,0.896973
-0.302612,0.173340,0.958740
0.516724,-0.246460,1.110352
-0.396851,-0.140625,0.796997
0.218506,0.010376,1.115601
0.175537,-0.439697,0.908569
-0.375244,0.119873,0.923096
0.543579,-0.226807,1.124512
-0.319336,-0.200928,0.807373
0.080688,0.127563,1.083130
0.260254,-0.417236,0.933960
-0.445312,0.067993,0.879272
0.525635,-0.225708,1.122192
-0.210693,-0.280029,0.829590
-0.009766,0.164673,1.074341
0.310059,-0.372559,0.946655
-0.480957,0.024170,0.835815
0.506470,-0.205811,1.125732
-0.112427,-0.352783,0.828369
-0.104126,0.157593,1.030151
0.339966,-0.346313,0.952393
-0.493164,-0.017090,0.794067
0.477295,-0.181274,1.135742
-0.082886,-0.359009,0.833252
-0.195923,0.193237,1.018433
0.399536,-0.338745,0.986938
-0.514648,-0.022339,0.775757
0.404541,-0.118774,1.134033
-0.052002,-0.372192,0.837769
-0.273071,0.191895,0.999878
0.440308,-0.316162,1.025757
-0.500366,-0.058838,0.755615
0.344482,-0.065674,1.126953
-0.019409,-0.358398,0.840454
-0.338501,0.173218,0.953369
0.472534,-0.348633,1.031250
-0.477905,-0.058716,0.759888
0.266724,0.001587,1.101807
0.022827,-0.375366,0.838867
-0.379272,0.154785,0.918457
0.474854,-0.319702,1.048462
-0.452759,-0.123291,0.761597
0.184082,0.025391,1.073120
0.090698,-0.385620,0.861450
-0.444336,0.153198,0.888184
0.477661,-0.284668,1.048096
-0.427856,-0.159424,0.754150
0.130127,0.056885,1.057739
0.138794,-0.398682,0.869873
-0.483887,0.108276,0.851440
0.482056,-0.263184,1.065674
-0.388306,-0.196289,0.757080
0.055176,0.100708,1.042847
0.170410,-0.362793,0.882690
-0.512695,0.066284,0.824219
0.491455,-0.288574,1.057617
-0.312988,-0.250732,0.758789
-0.021973,0.133667,1.020508
0.235596,-0.378296,0.882690
-0.541992,0.092285,0.789673
0.446411,-0.220703,1.048584
-0.262573,-0.289429,0.744873
-0.080200,0.134399,0.994873
0.278931,-0.408081,0.898926
-0.555054,0.039429,0.782959
0.435791,-0.173706,1.067017
-0.226562,-0.296387,0.723145
-0.174561,0.158691,0.978149
0.319824,-0.387939,0.920654
-0.564941,0.002808,0.758301
0.412231,-0.189941,1.062744
-0.192139,-0.339233,0.737305
-0.263306,0.180664,0.947876
0.355957,-0.353638,0.941162
-0.580688,0.020142,0.762085
0.367065,-0.173828,1.056641
-0.157837,-0.366699,0.752197
-0.297729,0.177612,0.932251
0.390259,-0.346558,0.964600
-0.585083,0.012207,0.746094
0.284058,-0.106323,1.033936
-0.097168,-0.375732,0.767700
-0.358154,0.191895,0.925781
0.394287,-0.311890,0.968140
-0.561401,-0.009888,0.727173
0.214600,-0.047241,1.029297
-0.027954,-0.415039,0.792480
-0.432983,0.192993,0.887207
0.399536,-0.303345,0.971436
-0.542358,-0.041504,0.727051
0.150757,-0.003174,1.017090
0.041382,-0.398926,0.822632
-0.516724,0.214111,0.858398
0.408813,-0.260010,0.980591
-0.469238,-0.144409,0.728760
0.070557,0.031494,1.010010
0.111084,-0.414185,0.833008
-0.561157,0.198975,0.823730
0.410400,-0.222412,0.988159
-0.373657,-0.200928,0.737305
-0.008301,0.069336,0.999878
0.188965,-0.451782,0.854492
-0.590332,0.130005,0.788940
0.412598,-0.175659,1.014771
-0.293335,-0.252441,0.729004
-0.104858,0.161133,0.978760
0.261841,-0.424927,0.881348
-0.600952,0.075562,0.765503
0.385620,-0.159546,1.017090
-0.226685,-0.329956,0.705200
-0.198975,0.182983,0.954224
0.311890,-0.378906,0.911133
-0.595459,0.029541,0.747925
0.354370,-0.142944,1.030396
-0.169067,-0.379883,0.702148
-0.291626,0.197021,0.904663
0.359131,-0.358398,0.908813
-0.594238,0.025024,0.728882
0.292847,-0.083374,1.022827
-0.109253,-0.377930,0.738770
-0.372070,0.198730,0.881104
0.380737,-0.323364,0.935059
-0.570679,-0.031372,0.694458
0.222290,-0.022583,1.012085
-0.038330,-0.400635,0.771362
-0.458496,0.215698,0.856201
0.411133,-0.306641,0.955078
-0.527344,-0.078979,0.711548
0.126831,0.046387,1.010742
0.036255,-0.405762,0.790405
-0.534180,0.232056,0.854858
0.425537,-0.254517,0.984985
-0.431152,-0.125366,0.736328
0.039673,0.133545,1.020142
0.112305,-0.393921,0.819702
-0.569458,0.176147,0.812988
0.429688,-0.204468,1.009277
-0.342285,-0.192505,0.741943
-0.034058,0.179932,1.005615
0.201172,-0.380005,0.853882
-0.593140,0.138184,0.778076
0.426025,-0.189941,1.012573
-0.251099,-0.278076,0.729370
-0.123291,0.195557,0.969116
0.274170,-0.362671,0.888428
-0.610229,0.133057,0.758301
0.399902,-0.143311,1.031006
-0.169312,-0.336670,0.719727
-0.213623,0.193848,0.937134
0.322266,-0.360229,0.903564
-0.601318,0.067871,0.737427
0.362549,-0.105347,1.026123
-0.102051,-0.365234,0.734131
-0.295776,0.207275,0.892944
0.376465,-0.333618,0.914795
-0.572510,0.013550,0.714600
0.278198,-0.031128,1.014038
-0.046753,-0.414185,0.732178
-0.370361,0.198730,0.859131
0.406860,-0.288574,0.944702
-0.542969,-0.034424,0.714966
0.179932,-0.002808,0.997070
0.022827,-0.430420,0.770020
-0.454468,0.197266,0.844116
0.428467,-0.224365,0.989258
-0.488037,-0.067505,0.722534
0.099854,0.099854,1.025146
0.108032,-0.431152,0.802124
-0.542725,0.175659,0.808105
0.446289,-0.235107,0.985474
-0.373535,-0.124023,0.748657
-0.002319,0.200317,1.015747
0.191772,-0.371704,0.844360
-0.591919,0.110352,0.765381
0.446411,-0.220581,1.022095
-0.262451,-0.242310,0.738159
-0.086182,0.235840,0.987671
0.262817,-0.332764,0.873779
-0.618652,0.096069,0.739380
0.430664,-0.218628,1.020142
-0.133301,-0.346558,0.771240
-0.153198,0.215332,0.948486
0.306274,-0.306030,0.901001
-0.610107,0.126587,0.751343
0.382446,-0.190430,0.989014
-0.062378,-0.389404,0.784790
-0.212036,0.155396,0.890869
0.345337,-0.281982,0.919189
-0.593262,0.114136,0.731323
0.328369,-0.100708,0.973022
-0.005737,-0.413452,0.784424
-0.294922,0.130615,0.854248
0.380005,-0.288086,0.942383
-0.566895,0.031372,0.718018
0.283447,-0.074463,0.994019
0.006836,-0.420654,0.766846
-0.338379,0.172241,0.858398
0.421631,-0.277710,0.948486
-0.517578,0.031738,0.744385
0.193359,0.047607,0.985840
0.039673,-0.394775,0.772705
-0.381836,0.113281,0.835938
0.451416,-0.314941,0.977539
-0.516113,-0.047363,0.718750
0.154907,0.084595,1.011353
0.060913,-0.396118,0.762817
-0.439941,0.128174,0.810791
0.464233,-0.324341,0.978149
-0.480103,-0.093018,0.754150
0.123169,0.066772,1.013184
0.100708,-0.406494,0.804199
-0.485352,0.164795,0.793335
0.462402,-0.259033,1.000366
-0.426147,-0.096191,0.766479
0.084229,0.056274,1.002686
0.146606,-0.450073,0.811157
-0.521606,0.143555,0.775635
0.467285,-0.236572,1.002441
-0.355957,-0.134766,0.780518
-0.005493,0.132446,1.002686
0.212402,-0.475830,0.845215
-0.542358,0.077637,0.749512
0.442505,-0.210693,1.001831
-0.314819,-0.153931,0.762207
-0.049316,0.154907,1.005615
0.282837,-0.450317,0.898560
-0.558594,0.037476,0.741333
0.422852,-0.173462,1.029175
-0.231812,-0.219238,0.774536
-0.116577,0.192383,0.978394
0.342896,-0.418945,0.910278
-0.560791,0.042969,0.760132
0.391113,-0.167236,1.025269
-0.118896,-0.328125,0.784912
-0.168945,0.197388,0.964355
0.361206,-0.372314,0.939819
-0.568604,0.031372,0.760864
0.382324,-0.187012,1.017700
-0.047607,-0.394775,0.790771
-0.221436,0.166016,0.924805
0.382202,-0.352539,0.942261
-0.547729,0.000000,0.752808
0.339600,-0.135376,1.011963
0.005371,-0.417603,0.800049
-0.276001,0.129639,0.884033
0.398682,-0.343140,0.949341
-0.514526,-0.063721,0.740479
0.290771,-0.098511,1.009644
0.045776,-0.455933,0.785767
-0.320801,0.130249,0.866089
0.432373,-0.331909,0.965088
-0.499756,-0.074951,0.743530
0.220215,-0.056641,0.997559
0.084351,-0.471436,0.785278
-0.348877,0.108154,0.860840
0.447266,-0.299683,0.981567
-0.484375,-0.084229,0.733765
0.170776,-0.008911,1.005615
0.128296,-0.483887,0.818970
-0.417114,0.108887,0.838623
0.487549,-0.314453,1.014282
-0.425781,-0.130127,0.758423
0.085693,0.092773,1.023071
0.177368,-0.436768,0.858398
-0.442505,0.051025,0.815063
0.489502,-0.317993,1.014282
-0.374268,-0.177124,0.760620
0.042603,0.126709,1.034058
0.230103,-0.465088,0.862915
-0.464233,0.028809,0.777588
0.493408,-0.265503,1.049072
-0.316650,-0.210205,0.775146
-0.017822,0.159668,1.024170
0.287842,-0.491089,0.890137
-0.503052,0.022705,0.774780
0.468750,-0.226318,1.056641
-0.244141,-0.240723,0.789429
-0.067871,0.215820,1.045044
0.349609,-0.457520,0.937866
-0.517578,0.008179,0.778687
0.445190,-0.220337,1.062622
-0.168091,-0.287109,0.808838
-0.102051,0.201904,1.035156
0.365967,-0.402100,0.950684
-0.523071,-0.006592,0.783936
0.421021,-0.183472,1.073975
-0.052612,-0.362793,0.816284
-0.164307,0.208374,1.004639
0.395630,-0.345337,0.970581
-0.487549,-0.048096,0.789551
0.398682,-0.182129,1.073120
0.010742,-0.434326,0.818848
-0.206177,0.185791,0.984253
0.444092,-0.317261,1.016846
-0.490112,-0.061035,0.767822
0.341919,-0.109131,1.069092
0.089722,-0.470581,0.855225
-0.251587,0.131836,0.958618
0.459595,-0.288086,1.040283
-0.465576,-0.057861,0.768433
0.286377,-0.042725,1.069702
0.102783,-0.429688,0.888550
-0.314209,0.140015,0.969727
0.503296,-0.309937,1.066895
-0.432251,-0.112549,0.773926
0.214478,0.022217,1.065796
0.175903,-0.472046,0.878662
-0.359985,0.120605,0.925659
0.539551,-0.284302,1.096802
-0.392578,-0.137329,0.782959
0.144897,0.058105,1.054443
0.235718,-0.469360,0.906250
-0.382690,0.045776,0.873779
0.540649,-0.247559,1.115601
-0.312622,-0.196411,0.810059
0.075684,0.144287,1.060669
0.295532,-0.444702,0.929932
-0.422485,0.013184,0.838257
0.531372,-0.228760,1.126831
-0.235962,-0.274170,0.825317
0.014648,0.205078,1.084473
0.343506,-0.410278,0.961792
-0.456421,0.022339,0.822266
0.513306,-0.219116,1.138306
-0.154419,-0.311890,0.860107
-0.029785,0.189453,1.084595
0.383911,-0.387939,0.992188
-0.455566,0.017090,0.823975
0.505981,-0.136719,1.145142
-0.083984,-0.289062,0.875488
-0.101196,0.217163,1.078613
0.440552,-0.408813,1.019897
-0.454224,-0.044800,0.815918
0.468628,-0.106201,1.160034
0.008911,-0.347534,0.878784
-0.153442,0.255859,1.068481
0.468872,-0.333740,1.047485
-0.445679,-0.063599,0.817749
0.432129,-0.126221,1.141602
0.049072,-0.388184,0.888916
-0.202148,0.190552,1.028076
0.488159,-0.262695,1.085205
-0.418213,-0.066772,0.814453
0.364502,-0.037964,1.153076
0.107422,-0.423950,0.921387
-0.252563,0.151489,1.020020
0.519531,-0.279541,1.107178
-0.417114,-0.091553,0.801147
0.309448,0.022461,1.148315
0.178833,-0.426880,0.933716
-0.330078,0.160645,0.976318
0.553467,-0.255615,1.147827
-0.358032,-0.185303,0.809326
0.231934,0.063599,1.129761
0.238892,-0.415405,0.969360
-0.373535,0.125366,0.912109
0.561646,-0.227905,1.147461
-0.292114,-0.196533,0.820190
0.147461,0.131836,1.125854
0.304077,-0.458740,0.961792
-0.399902,0.096924,0.905640
0.563110,-0.211548,1.150513
-0.264526,-0.208862,0.827026
0.072876,0.169678,1.110474
0.358032,-0.426025,0.996582
-0.407715,0.054321,0.899292
0.545288,-0.168579,1.165405
-0.185059,-0.258057,0.860352
-0.002075,0.193726,1.107910
0.392578,-0.410400,1.006592
-0.435547,0.020996,0.868164
0.531982,-0.128906,1.179077
-0.099487,-0.263062,0.887451
-0.074707,0.196899,1.075073
0.428223,-0.378784,1.023193
-0.439453,-0.029785,0.848022
0.516846,-0.142334,1.178101
-0.035034,-0.288574,0.895996
-0.135742,0.227783,1.073853
0.452148,-0.334961,1.046875
-0.439941,-0.052856,0.828491
0.462158,-0.107422,1.170532
0.000244,-0.313110,0.902466
-0.215820,0.243896,1.047607
0.507568,-0.299683,1.088745
-0.444458,-0.084473,0.803833
0.387817,-0.045776,1.178223
0.066895,-0.346069,0.901855
-0.267456,0.208862,1.019409
0.525269,-0.270996,1.102661
-0.418823,-0.131714,0.803345
0.298340,-0.041870,1.132812
0.143555,-0.390137,0.935547
-0.327515,0.161011,0.942749
0.543091,-0.236694,1.125977
-0.352661,-0.175171,0.795898
0.181519,0.057373,1.113159
0.221313,-0.435669,0.932861
-0.386230,0.096313,0.910278
0.543213,-0.223389,1.128174
-0.292969,-0.209595,0.815674
0.078735,0.147217,1.090088
0.295532,-0.390625,0.954346
-0.440552,0.048340,0.872681
0.523560,-0.221680,1.125000
-0.199463,-0.288818,0.830200
0.004028,0.190308,1.090332
0.321533,-0.367676,0.956909
-0.450317,0.002197,0.844727
0.522461,-0.177979,1.147949
-0.126709,-0.339355,0.816162
-0.085693,0.164673,1.048218
0.358398,-0.348633,0.977173
-0.477905,-0.015869,0.823486
0.492432,-0.171753,1.159180
-0.088013,-0.347778,0.817627
-0.184692,0.187744,1.018677
0.417603,-0.332153,1.013062
-0.505859,-0.022705,0.799805
0.437378,-0.131348,1.148804
-0.036011,-0.349365,0.845093
-0.269409,0.212524,1.007202
0.446655,-0.308472,1.030273
-0.485474,-0.048950,0.782593
0.365112,-0.109375,1.117188
0.005005,-0.350952,0.867676
-0.317505,0.178101,0.957397
0.459473,-0.266235,1.049927
-0.458252,-0.087769,0.759277
0.256714,-0.029175,1.100098
0.083130,-0.408813,0.874023
-0.380981,0.149902,0.924683
0.493164,-0.268188,1.073975
-0.427979,-0.111694,0.770142
0.146240,0.054077,1.072266
0.161255,-0.399902,0.882812
-0.442993,0.097168,0.875366
0.494995,-0.244995,1.081543
-0.371582,-0.218140,0.757446
0.059448,0.089233,1.058716
0.204956,-0.377075,0.893555
-0.482666,0.093384,0.844727
0.504761,-0.232178,1.091919
-0.271973,-0.251953,0.791016
-0.023438,0.100098,1.029907
0.261719,-0.394531,0.910767
-0.508423,0.043579,0.803711
0.470459,-0.197266,1.089600
-0.220825,-0.300049,0.777100
-0.098633,0.135742,1.007080
0.313354,-0.378784,0.929321
-0.522583,0.011597,0.776611
0.432129,-0.143677,1.092163
-0.193604,-0.320923,0.755981
-0.187134,0.142334,0.977539
0.351562,-0.381104,0.958008
-0.525146,-0.016968,0.756958
0.384399,-0.106079,1.089111
-0.165527,-0.319946,0.756714
-0.270142,0.179688,0.962646
0.401978,-0.366211,0.981201
-0.531494,-0.043335,0.753540
0.326782,-0.080444,1.075439
-0.111206,-0.340698,0.772339
-0.331787,0.179077,0.920410
0.405029,-0.336060,0.984131
-0.533936,-0.082520,0.730957
0.270630,-0.055420,1.067749
-0.047729,-0.375610,0.790527
-0.414673,0.195679,0.895752
0.424194,-0.300903,1.006104
-0.502075,-0.134399,0.719971
0.190674,-0.018066,1.054321
0.019287,-0.427124,0.806519
-0.480347,0.203491,0.875977
0.449463,-0.286011,1.019409
-0.490479,-0.124146,0.732910
0.099365,0.049072,1.031860
0.091431,-0.421387,0.837158
-0.515747,0.145630,0.843262
0.452881,-0.258911,1.029053
-0.439697,-0.173340,0.720093
0.033813,0.104980,1.030884
0.155273,-0.422607,0.842285
-0.558960,0.142212,0.816650
0.447388,-0.271484,1.018799
-0.362671,-0.236328,0.722900
-0.027222,0.121948,1.010864
0.203247,-0.397583,0.852783
-0.584595,0.107666,0.782104
0.442017,-0.247803,1.022095
-0.301147,-0.293335,0.720703
-0.088257,0.140625,0.981812
0.252197,-0.401611,0.868652
-0.596313,0.087524,0.767700
0.422485,-0.229858,1.015259
-0.259277,-0.305420,0.722168
-0.159424,0.167114,0.968506
0.302124,-0.399292,0.901367
-0.594727,0.073364,0.755493
0.380371,-0.151733,1.025513
-0.219360,-0.320679,0.716553
-0.210327,0.166504,0.955078
0.328247,-0.396973,0.914673
-0.609985,0.040771,0.731567
0.366821,-0.144043,1.035034
-0.173340,-0.340332,0.727539
-0.286133,0.187866,0.926514
0.351562,-0.364990,0.930908
-0.593140,0.013184,0.729736
0.316406,-0.124512,1.013916
-0.119141,-0.370728,0.739502
-0.359741,0.185547,0.873047
0.380249,-0.326050,0.948975
-0.571289,-0.039307,0.702148
0.256226,-0.072266,1.022217
-0.061157,-0.414795,0.745239
-0.421265,0.206665,0.857788
0.385376,-0.284912,0.957764
-0.554199,-0.050171,0.697998
0.166504,-0.023315,0.998535
0.015503,-0.433350,0.789551
-0.486816,0.191650,0.854980
0.402344,-0.245483,0.973511
-0.515381,-0.065674,0.711792
0.090454,0.073486,1.011597
0.095093,-0.423340,0.824463
-0.544067,0.171265,0.829224
0.410645,-0.214111,0.995850
-0.440552,-0.088989,0.729858
0.010986,0.159180,1.011597
0.179199,-0.407349,0.843872
-0.590210,0.150146,0.800049
0.409058,-0.191528,1.004028
-0.328857,-0.210083,0.722290
-0.058594,0.164917,0.984863
0.222290,-0.387573,0.864136
-0.604858,0.095581,0.759277
0.414307,-0.169189,1.028564
-0.229004,-0.316650,0.711914
-0.136597,0.204102,0.972046
0.278320,-0.349976,0.890381
-0.630249,0.092407,0.746826
0.390869,-0.184692,1.003784
-0.152832,-0.375000,0.730835
-0.226318,0.187500,0.919922
0.315674,-0.319580,0.899292
-0.599121,0.096069,0.740112
0.355591,-0.130005,1.015137
-0.100220,-0.387451,0.741455
-0.302368,0.177002,0.879761
0.365112,-0.340454,0.908325
-0.582886,0.073120,0.736938
0.284912,-0.044800,0.994995
-0.053101,-0.358398,0.765137
-0.344116,0.178467,0.886353
0.372070,-0.305420,0.934082
-0.579956,-0.012451,0.697510
0.242432,-0.031860,0.998535
-0.004395,-0.410278,0.772583
-0.429565,0.204468,0.864014
0.402954,-0.266602,0.953369
-0.534058,-0.041138,0.701050
0.166138,0.038940,1.000610
0.046509,-0.432861,0.779175
-0.474731,0.209351,0.843018
0.421997,-0.241821,0.970581
-0.480103,-0.057251,0.736328
0.088013,0.082397,0.988159
0.089478,-0.407593,0.800781
-0.518311,0.200928,0.819702
0.438477,-0.196777,1.004883
-0.432495,-0.100464,0.727783
0.060669,0.119995,1.009644
0.134521,-0.418335,0.822510
-0.548096,0.165894,0.803223
0.440552,-0.173950,1.015259
-0.355225,-0.149536,0.745117
-0.033203,0.186768,1.008789
0.205078,-0.429688,0.844604
-0.567505,0.130005,0.788940
0.445923,-0.180298,1.030029
-0.272339,-0.209717,0.751587
-0.102173,0.196167,0.973755
0.264526,-0.401367,0.856934
-0.579468,0.106445,0.758911
0.436157,-0.154907,1.035522
-0.180542,-0.264648,0.762573
-0.170410,0.197510,0.934326
0.305908,-0.388794,0.890015
-0.592651,0.067139,0.741089
0.412964,-0.141846,1.038696
-0.096436,-0.336548,0.757446
-0.236328,0.233276,0.918213
0.356567,-0.327026,0.920044
-0.567993,0.026611,0.731079
0.346558,-0.124268,1.005981
-0.042847,-0.407471,0.755493
-0.300537,0.208984,0.874023
0.390015,-0.293457,0.932251
-0.551514,-0.020508,0.725830
0.255737,-0.075684,0.984253
0.013428,-0.460571,0.745972
-0.357422,0.187988,0.858276
0.413696,-0.278931,0.939209
-0.520264,0.004272,0.737061
0.175415,-0.007935,0.982056
0.070801,-0.442017,0.787231
-0.437500,0.154053,0.826416
0.444702,-0.228516,0.987793
-0.465210,-0.065430,0.729614
0.084717,0.101562,0.994263
0.135376,-0.452026,0.804443
-0.519287,0.120117,0.786743
0.453247,-0.224609,1.001343
-0.354980,-0.149414,0.757690
-0.001831,0.194946,1.018433
0.205811,-0.407959,0.848022
-0.568848,0.096558,0.746826
0.454956,-0.244385,1.022095
-0.253662,-0.233643,0.764526
-0.075073,0.214355,0.999390
0.259277,-0.348511,0.883911
-0.586182,0.065552,0.727539
0.433472,-0.239624,1.022827
-0.142822,-0.325195,0.776855
-0.132568,0.206787,0.963623
0.309570,-0.328979,0.898926
-0.603760,0.082397,0.743896
0.417969,-0.209717,1.007935
-0.056641,-0.366455,0.810425
-0.216919,0.187744,0.926392
0.344604,-0.337158,0.925903
-0.553345,0.012939,0.736572
0.351074,-0.123779,1.019043
-0.005249,-0.427124,0.781006
-0.287964,0.191895,0.898682
0.386963,-0.353882,0.937378
-0.548584,-0.025879,0.725952
0.282349,-0.116577,0.980225
0.034790,-0.447876,0.786621
-0.320312,0.151123,0.869385
0.419312,-0.295288,0.970337
-0.506592,-0.070801,0.727905
0.084229,0.112183,1.007690
0.068115,-0.474365,0.778687
-0.507202,0.126343,0.793945
0.447632,-0.215210,1.013428
-0.397705,-0.128052,0.748413
0.016357,0.145142,1.006470
0.187866,-0.426025,0.832275
-0.562378,0.127930,0.769043
0.455933,-0.213501,1.021606
-0.270386,-0.225830,0.764282
-0.072266,0.188477,0.992065
0.245483,-0.406616,0.858154
-0.579590,0.096558,0.747070
0.456787,-0.197144,1.028564
-0.174561,-0.261475,0.781616
-0.154419,0.198364,0.957275
0.294678,-0.385254,0.889893
-0.579712,0.051392,0.749390
0.421631,-0.178345,1.030640
-0.093872,-0.355713,0.774536
-0.221436,0.231201,0.937134
0.360718,-0.349487,0.915649
-0.564331,0.023315,0.742188
0.339722,-0.120972,1.010620
-0.019043,-0.406738,0.781982
-0.279541,0.197510,0.893066
0.389893,-0.326904,0.931152
-0.546021,0.009888,0.735962
0.274048,-0.090210,0.993896
0.026855,-0.445801,0.780884
-0.327881,0.139526,0.852051
0.398193,-0.282104,0.949097
-0.511719,-0.018555,0.736206
0.217407,-0.010254,1.015747
0.066406,-0.448120,0.794922
-0.409302,0.115479,0.820801
0.442261,-0.302612,0.967285
-0.479126,-0.049194,0.742188
0.136108,0.088989,1.024536
0.106079,-0.414551,0.818481
-0.468872,0.087769,0.784302
0.480957,-0.305054,1.006470
-0.427734,-0.131104,0.747681
0.038330,0.173096,1.025269
0.169312,-0.423462,0.829712
-0.493530,0.066650,0.771606
0.473999,-0.295166,1.014648
-0.383545,-0.208130,0.732788
-0.006226,0.169800,1.020020
0.234985,-0.449829,0.845459
-0.522827,0.076538,0.764648
0.473999,-0.255493,1.021973
-0.292725,-0.236084,0.772949
-0.083374,0.160522,0.992065
0.282593,-0.469482,0.875610
-0.533447,0.034180,0.745728
0.438354,-0.207153,1.036987
-0.212524,-0.232300,0.791260
-0.114380,0.210449,0.997559
0.330322,-0.431519,0.906494
-0.545898,0.013428,0.752808
0.413696,-0.196289,1.036865
-0.143677,-0.286255,0.802856
-0.157837,0.188354,0.979736
0.355103,-0.375488,0.951294
-0.541992,-0.028687,0.759888
0.391846,-0.173584,1.041992
-0.061279,-0.364136,0.793335
-0.204590,0.205200,0.970703
0.386597,-0.350586,0.956055
-0.538574,-0.027100,0.756226
0.374023,-0.188599,1.024536
-0.005615,-0.398071,0.822998
-0.251709,0.184937,0.940308
0.410889,-0.360596,0.967651
-0.495483,-0.067139,0.759644
0.334229,-0.130249,1.031128
0.017700,-0.445190,0.795898
-0.289185,0.163940,0.911499
0.437500,-0.366333,0.973389
-0.479858,-0.107300,0.755005
0.290527,-0.082031,1.028564
0.056885,-0.425659,0.811523
-0.320923,0.160278,0.899658
0.462036,-0.336182,1.001587
-0.458374,-0.143188,0.755493
0.252319,-0.062744,1.032349
0.073975,-0.435669,0.804565
-0.332520,0.125366,0.878418
0.466675,-0.316040,1.007202
-0.438843,-0.118530,0.779907
0.201416,-0.023560,1.039673
0.123779,-0.459961,0.834106
-0.369141,0.111572,0.868896
0.482544,-0.282471,1.032837
-0.423340,-0.135864,0.753052
0.155518,0.019287,1.038574
0.183472,-0.480713,0.850830
-0.408936,0.074951,0.848267
0.500854,-0.263550,1.058350
-0.367432,-0.180054,0.770020
0.056152,0.122681,1.035400
0.249634,-0.496094,0.880981
-0.427368,0.015381,0.819702
0.510986,-0.250977,1.075439
-0.317017,-0.194946,0.788208
-0.005005,0.152466,1.022095
0.309204,-0.470825,0.911865
-0.461792,-0.012817,0.792114
0.506836,-0.233643,1.094849
-0.231323,-0.247803,0.812500
-0.068848,0.219482,1.047485
0.349976,-0.471436,0.927734
-0.479980,0.010986,0.811279
0.479248,-0.204468,1.102539
-0.138794,-0.269897,0.842041
-0.108398,0.233154,1.052856
0.385376,-0.407227,0.963623
-0.492676,-0.014526,0.797363
0.446777,-0.165283,1.107300
-0.026611,-0.354248,0.845337
-0.150879,0.224609,1.040039
0.410767,-0.350098,1.001587
-0.479980,-0.037354,0.796143
0.415039,-0.149048,1.106689
0.046997,-0.420044,0.852417
-0.183716,0.194214,1.019531
0.442139,-0.306030,1.035889
-0.457642,-0.079468,0.781128
0.354370,-0.098145,1.099976
0.068115,-0.415405,0.860962
-0.231201,0.161499,0.997070
0.495483,-0.275879,1.078857
-0.441895,-0.094482,0.786499
0.302734,-0.048828,1.091919
0.124878,-0.443359,0.876221
-0.312134,0.141235,0.953735
0.539795,-0.268555,1.110962
-0.408447,-0.119019,0.788696
0.211792,0.030518,1.078125
0.219360,-0.497925,0.901855
-0.345459,0.098999,0.926392
0.539429,-0.235962,1.129150
-0.365479,-0.166382,0.786377
0.142822,0.100586,1.083008
0.288574,-0.487549,0.931519
-0.385376,0.068237,0.889160
0.537231,-0.199219,1.133545
-0.295166,-0.205811,0.817261
0.069702,0.125610,1.072876
0.324707,-0.463135,0.953247
-0.426270,0.046265,0.861938
0.552979,-0.195435,1.157837
-0.194458,-0.233398,0.850830
-0.018311,0.224609,1.087158
0.369751,-0.415161,0.981689
-0.463501,0.042725,0.852051
0.530273,-0.189941,1.165283
-0.080444,-0.315918,0.888428
-0.081787,0.242676,1.082275
0.406860,-0.375610,1.006958
-0.458496,-0.013550,0.832275
0.507568,-0.165161,1.167236
-0.010620,-0.346436,0.890503
-0.118652,0.233887,1.072388
0.437622,-0.326904,1.040894
-0.461426,-0.040649,0.811035
0.476685,-0.126953,1.168945
0.049561,-0.371704,0.903687
-0.185547,0.231079,1.063477
0.480103,-0.302856,1.060425
-0.431274,-0.072998,0.817505
0.418823,-0.082764,1.154175
0.072510,-0.374756,0.915161
-0.235596,0.221313,1.034790
0.508911,-0.259155,1.114502
-0.411377,-0.095093,0.820312
0.332886,-0.029053,1.145996
0.145630,-0.417725,0.920898
-0.285889,0.173462,1.008179
0.537109,-0.242676,1.136719
-0.365967,-0.130371,0.812866
0.234375,0.059570,1.126953
0.227295,-0.428589,0.946899
-0.333008,0.090576,0.947388
0.564331,-0.228760,1.153687
-0.295532,-0.180054,0.840576
0.125366,0.154785,1.113770
0.298462,-0.410889,0.967529
-0.417847,0.057251,0.883179
0.567627,-0.231079,1.168213
-0.204224,-0.256958,0.865234
0.024048,0.218628,1.099121
0.362427,-0.362061,0.996338
-0.442993,0.001587,0.850708
0.524780,-0.183716,1.163940
-0.062866,-0.374023,0.860840
-0.057007,0.213501,1.086060
0.401001,-0.303467,1.032837
-0.441772,-0.039551,0.833130
0.501343,-0.151855,1.180176
-0.020630,-0.392090,0.862427
-0.146484,0.190796,1.063599
0.472290,-0.307251,1.079956
-0.479126,-0.015991,0.823120
0.428833,-0.094238,1.176025
0.062256,-0.404541,0.899536
-0.240601,0.219238,1.044189
0.510132,-0.260986,1.114624
-0.413696,-0.075317,0.802979
0.326538,0.006104,1.150757
0.122070,-0.401733,0.914185
-0.310547,0.154175,0.990479
0.557251,-0.291748,1.131348
-0.376587,-0.142456,0.810303
0.231689,0.098511,1.150269
0.175659,-0.357178,0.936890
-0.378418,0.093628,0.915161
0.561035,-0.288452,1.132080
-0.322632,-0.224243,0.814941
0.151611,0.140259,1.130371
0.277710,-0.426636,0.930298
-0.423706,0.126831,0.887085
0.533569,-0.193359,1.122803
-0.259766,-0.276489,0.818481
0.075684,0.110107,1.105103
0.309204,-0.400391,0.971436
-0.463135,0.080078,0.851562
0.544312,-0.168335,1.150269
-0.196533,-0.243896,0.845093
-0.000122,0.143188,1.094971
0.356445,-0.408447,0.978271
-0.475098,0.038574,0.845459
0.506348,-0.152588,1.144409
-0.123413,-0.312988,0.829224
-0.070190,0.174194,1.077026
0.377930,-0.360840,0.993774
-0.487427,-0.009644,0.821045
0.494873,-0.173584,1.145386
-0.097412,-0.316162,0.822021
-0.147705,0.203125,1.051636
0.413208,-0.332764,1.017212
-0.487549,-0.053223,0.810181
0.442993,-0.154419,1.142334
-0.081543,-0.332031,0.835083
-0.210815,0.209717,1.026245
0.451538,-0.310303,1.047119
-0.508179,-0.034302,0.790894
0.389771,-0.116821,1.133545
-0.006836,-0.379150,0.849976
-0.277588,0.178711,0.973999
0.455566,-0.282837,1.055176
-0.480713,-0.075562,0.774902
0.323608,-0.077148,1.117676
0.030029,-0.378052,0.857666
-0.334595,0.188721,0.960449
0.489258,-0.290649,1.061890
-0.441406,-0.136841,0.774658
0.231079,-0.029175,1.089722
0.094116,-0.387329,0.883789
-0.389160,0.150513,0.903442
0.496460,-0.247803,1.092773
-0.406860,-0.145874,0.767456
0.139771,0.082520,1.085693
0.145752,-0.412964,0.880005
-0.431763,0.107056,0.893188
0.503906,-0.260742,1.080322
-0.382690,-0.199707,0.764404
0.065063,0.111084,1.055908
0.194946,-0.393433,0.882568
-0.458618,0.075317,0.842651
0.506104,-0.241943,1.088135
-0.317993,-0.233643,0.783081
-0.014404,0.119263,1.028198
0.250732,-0.397949,0.905273
-0.487549,0.038818,0.805786
0.489624,-0.203247,1.086182
-0.230347,-0.276123,0.797729
-0.074829,0.147949,1.011353
0.287231,-0.390747,0.914673
-0.526855,-0.005737,0.773804
0.451782,-0.185059,1.090820
-0.179321,-0.342285,0.756836
-0.166748,0.160400,0.994263
0.353271,-0.386963,0.935669
-0.552368,0.001221,0.762573
0.407471,-0.149536,1.091675
-0.143799,-0.358521,0.756226
-0.238159,0.192017,0.979126
0.380493,-0.324219,0.979248
-0.574707,-0.001343,0.756104
0.337769,-0.139893,1.074951
-0.084351,-0.388550,0.793335
-0.324463,0.161621,0.934448
0.406738,-0.291748,1.004150
-0.541382,-0.039795,0.719727
0.260864,-0.052368,1.066162
-0.009277,-0.385132,0.825439
-0.417603,0.166260,0.899902
0.434204,-0.296509,1.021362
-0.484985,-0.092529,0.716675
0.142212,0.077271,1.057007
0.074219,-0.360596,0.857544
-0.491333,0.128174,0.870972
0.464722,-0.311279,1.038330
-0.444580,-0.205444,0.736328
0.068481,0.121704,1.050659
0.098755,-0.395020,0.814453
-0.548096,0.141357,0.813599
0.491455,-0.322998,1.028320
-0.343994,-0.256958,0.762451
-0.015503,0.135254,1.015869
0.159790,-0.381836,0.834595
-0.557983,0.102661,0.783936
0.464600,-0.296875,1.035278
-0.273560,-0.333618,0.732422
-0.067993,0.186157,1.006104
0.203857,-0.347290,0.848511
-0.591919,0.068848,0.767944
0.458130,-0.296631,1.035522
-0.235718,-0.368164,0.718384
-0.126587,0.139160,0.966187
0.260742,-0.363647,0.875488
-0.601196,0.077515,0.729736
0.408325,-0.233154,1.020874
-0.189941,-0.377441,0.739380
-0.204834,0.155884,0.964111
0.307495,-0.359009,0.913208
-0.605347,0.078003,0.745728
0.336670,-0.157593,1.008545
-0.166138,-0.377075,0.735840
-0.270020,0.130615,0.931885
0.352661,-0.358765,0.936035
-0.590942,0.036377,0.722046
0.309204,-0.094971,1.019043
-0.117798,-0.347900,0.750366
-0.347412,0.198120,0.900635
0.369995,-0.359985,0.936401
-0.570923,-0.035034,0.719482
0.286255,-0.097046,1.033325
-0.111572,-0.368652,0.741333
-0.408569,0.210449,0.866211
0.399292,-0.354370,0.947754
-0.551880,-0.037842,0.729492
0.202271,-0.036743,1.013916
-0.031738,-0.391479,0.778076
-0.481934,0.229370,0.855225
0.410522,-0.315796,0.958984
-0.514771,-0.107056,0.717285
0.107666,0.021240,1.004517
0.049683,-0.404541,0.804443
-0.546509,0.225098,0.844360
0.434937,-0.280640,0.979248
-0.419922,-0.170044,0.728638
0.020386,0.114380,1.018555
0.136963,-0.410522,0.832275
-0.578979,0.162354,0.799438
0.422485,-0.232056,1.001587
-0.339233,-0.246582,0.706299
-0.030884,0.124023,1.000122
0.211670,-0.387451,0.864624
-0.610596,0.131470,0.781372
0.404419,-0.188843,1.016113
-0.254761,-0.318481,0.705688
-0.142944,0.161499,0.956055
0.284302,-0.369995,0.909668
-0.598999,0.108887,0.764038
0.368286,-0.149536,0.995728
-0.180542,-0.326050,0.733643
-0.236694,0.150635,0.932495
0.330811,-0.360352,0.904785
-0.604248,0.072021,0.727783
0.334229,-0.094727,1.010376
-0.115845,-0.328735,0.741333
-0.322266,0.174805,0.881714
0.367554,-0.317505,0.942627
-0.595459,0.015259,0.701416
0.269165,-0.055786,1.003296
-0.053833,-0.397949,0.761719
-0.410889,0.194458,0.864990
0.396240,-0.286743,0.955811
-0.563110,-0.027710,0.698120
0.177979,-0.001709,0.992554
0.000122,-0.422974,0.772705
-0.463867,0.205688,0.861450
0.420166,-0.250122,0.978149
-0.504272,-0.054199,0.726318
0.091675,0.094238,1.014282
0.072266,-0.403931,0.799683
-0.520264,0.194092,0.849976
0.447632,-0.261597,0.988770
-0.432373,-0.097900,0.740967
0.026855,0.176392,1.005127
0.133301,-0.389648,0.821411
-0.566162,0.150635,0.793823
0.460083,-0.241699,1.024048
-0.358154,-0.166138,0.731567
-0.039185,0.259521,1.003540
0.202026,-0.361694,0.845215
-0.604248,0.099854,0.751953
0.453979,-0.233154,1.024048
-0.300659,-0.215698,0.737671
-0.085815,0.210815,0.973999
0.255127,-0.379517,0.869263
-0.634399,0.128418,0.740112
0.433838,-0.210083,1.024048
-0.191895,-0.316895,0.746094
-0.133667,0.216309,0.956299
0.262451,-0.316284,0.872559
-0.626099,0.116089,0.739868
0.431641,-0.211304,1.026367
-0.140259,-0.358521,0.748169
-0.184814,0.197266,0.925659
0.315796,-0.317993,0.904419
-0.625977,0.125000,0.734253
0.382446,-0.168457,0.997314
-0.082886,-0.401245,0.747559
-0.243042,0.175903,0.904663
0.344849,-0.311157,0.912476
-0.604980,0.093994,0.732056
0.332764,-0.101807,1.003296
-0.039673,-0.399414,0.759399
-0.292358,0.156128,0.867065
0.367432,-0.267944,0.935669
-0.579712,0.038818,0.708496
0.276855,-0.072876,0.991821
0.039185,-0.411255,0.788940
0.420410,-0.254883,0.968628
-0.490723,-0.050537,0.729004
0.116699,0.100586,1.018311
0.107788,-0.403809,0.810791
-0.520874,0.171875,0.808472
0.443604,-0.240845,1.000488
-0.394165,-0.133911,0.752197
0.023926,0.154053,1.006226
0.170776,-0.404785,0.828735
-0.572266,0.159180,0.791382
0.446411,-0.238770,0.999634
-0.291870,-0.215088,0.758179
-0.055176,0.174316,0.981445
0.244507,-0.354004,0.871094
-0.583740,0.101929,0.748657
0.435913,-0.198486,1.024780
-0.193359,-0.338135,0.744751
-0.116821,0.162842,0.958862
0.288086,-0.343018,0.891968
-0.578003,0.106812,0.751343
0.405029,-0.145874,1.019775
-0.110474,-0.316895,0.777954
-0.203613,0.168579,0.921021
0.340210,-0.363647,0.898926
-0.577881,0.091675,0.760742
0.363281,-0.101807,1.028564
-0.063965,-0.386230,0.752075
-0.284302,0.175293,0.880127
0.385254,-0.361938,0.926880
-0.558472,-0.014160,0.728394
0.280518,-0.074829,0.990845
0.007812,-0.416504,0.755615
-0.368652,0.197388,0.849609
0.421631,-0.307861,0.947632
-0.509277,-0.088013,0.740356
0.182007,-0.021362,0.997314
0.075684,-0.436157,0.791626
-0.454224,0.178223,0.808960
0.441650,-0.237793,0.971313
-0.416626,-0.119995,0.763184
0.055542,0.072632,0.999756
0.159668,-0.449585,0.817871
-0.542847,0.120117,0.771606
0.437988,-0.179810,1.010498
-0.282227,-0.182739,0.761841
-0.081299,0.181641,0.987305
0.281860,-0.428345,0.885864
-0.575928,0.047729,0.750854
0.410034,-0.176514,1.026611
-0.104736,-0.309570,0.789062
-0.198242,0.220825,0.945557
0.363770,-0.360596,0.927856
-0.575562,0.026001,0.736938
0.335571,-0.155396,0.987305
0.004639,-0.414917,0.787476
-0.291992,0.159668,0.874634
0.404419,-0.281128,0.963745
-0.527344,-0.047852,0.726562
0.224976,-0.067505,0.978882
0.056763,-0.450073,0.783203
-0.370605,0.092651,0.821411
0.432739,-0.242432,0.988525
-0.465454,-0.106445,0.746338
0.095581,0.066406,0.999390
0.117310,-0.466064,0.787842
-0.459595,0.083496,0.794678
0.467529,-0.258179,1.014771
-0.382446,-0.144287,0.752686
0.002319,0.165527,1.019653
0.202759,-0.421631,0.832642
-0.541748,0.058105,0.746826
0.478882,-0.260376,1.043091
-0.279175,-0.214355,0.789429
-0.074707,0.206177,1.006958
0.262695,-0.399292,0.876465
-0.567383,0.039795,0.732300
0.455078,-0.251221,1.034424
-0.180054,-0.284302,0.797607
-0.126953,0.228149,0.996216
0.306519,-0.355713,0.910156
-0.573608,0.054321,0.748169
0.412598,-0.238403,1.016846
-0.085449,-0.315308,0.827881
-0.176636,0.199707,0.972290
0.345703,-0.326782,0.940674
-0.564697,0.064331,0.754395
0.382812,-0.200195,1.012451
-0.018677,-0.387207,0.821289
-0.218018,0.170898,0.933472
0.367065,-0.314819,0.947388
-0.542358,0.008911,0.750854
0.344116,-0.152100,1.007446
0.027832,-0.417603,0.811279
-0.271606,0.155151,0.917969
0.396484,-0.350464,0.944702
-0.526978,-0.034424,0.728271
0.310913,-0.121582,1.012085
0.046631,-0.450562,0.798706
-0.315430,0.121338,0.883789
0.429321,-0.332397,0.970459
-0.515137,-0.083862,0.713867
0.264038,-0.069824,1.013916
0.075195,-0.439697,0.807983
-0.350098,0.130859,0.879272
0.453735,-0.344238,0.985474
-0.492310,-0.075317,0.737915
0.208740,-0.026123,1.016968
0.125122,-0.490356,0.820557
-0.385376,0.127197,0.859863
0.460449,-0.301758,0.997559
-0.449463,-0.115845,0.747681
0.151733,0.012817,1.010620
0.138550,-0.496216,0.806152
-0.405640,0.106934,0.843628
0.480957,-0.286255,1.021484
-0.408569,-0.137329,0.753784
0.088501,0.070923,1.023804
0.187012,-0.501587,0.830078
-0.432251,0.044067,0.830078
0.499756,-0.301880,1.035645
-0.389038,-0.163330,0.759155
0.019531,0.131958,1.021851
0.262817,-0.467407,0.896973
-0.451294,0.008545,0.796997
0.475098,-0.246826,1.057251
-0.317261,-0.214966,0.779663
-0.021729,0.151367,1.027222
0.303589,-0.482544,0.894531
-0.490356,0.009277,0.776123
0.482788,-0.222778,1.074829
-0.235352,-0.240234,0.797974
-0.088867,0.204102,1.021118
0.341919,-0.457886,0.915771
-0.499023,-0.016846,0.781616
0.460449,-0.196045,1.087158
-0.154297,-0.281738,0.807983
-0.138672,0.225464,1.020508
0.385742,-0.439819,0.946655
-0.508301,-0.001099,0.785034
0.419067,-0.182861,1.072266
-0.066284,-0.338013,0.828857
-0.165161,0.192139,0.998291
0.412476,-0.379517,0.969849
-0.499512,-0.022705,0.772461
0.378174,-0.136108,1.061646
0.037598,-0.416138,0.833862
-0.215942,0.187744,0.986572
0.443726,-0.339600,1.009888
-0.470093,-0.081055,0.761475
0.314697,-0.103760,1.045410
0.076172,-0.437256,0.834473
-0.284180,0.184692,0.959473
0.474365,-0.302856,1.033325
-0.433350,-0.112549,0.785034
0.250122,-0.048218,1.059692
0.107788,-0.449463,0.845825
-0.331421,0.125854,0.921753
0.505249,-0.267090,1.072998
-0.393677,-0.131226,0.792114
0.176270,0.033691,1.069458
0.196167,-0.482788,0.878296
-0.389771,0.062378,0.857910
0.527222,-0.256348,1.087280
-0.334717,-0.191895,0.786255
0.099121,0.090942,1.058105
0.277466,-0.473145,0.910767
-0.431274,0.049438,0.829834
0.524170,-0.234253,1.095459
-0.256592,-0.222900,0.823120
0.004639,0.164795,1.048218
0.330933,-0.448853,0.946533
-0.454834,0.039062,0.822876
0.503418,-0.207031,1.105103
-0.171143,-0.249023,0.842896
-0.070190,0.186646,1.055664
0.380249,-0.397461,0.986694
-0.456543,-0.008057,0.802124
0.472412,-0.123901,1.136353
-0.051880,-0.313843,0.869873
-0.146729,0.224976,1.060913
0.437988,-0.409302,1.004883
-0.455078,-0.050171,0.811890
0.409302,-0.111084,1.114014
0.047974,-0.352905,0.877563
-0.199585,0.222900,1.037354
0.486084,-0.322144,1.058228
-0.429443,-0.103271,0.797485
0.340088,-0.061035,1.113037
0.083008,-0.402222,0.880981
-0.277222,0.176636,0.985352
0.527222,-0.280273,1.092529
-0.398926,-0.119873,0.800415
0.236938,0.011841,1.096802
0.199097,-0.461792,0.912964
-0.358032,0.147949,0.927124
0.549927,-0.259399,1.105469
-0.337036,-0.156738,0.820679
0.128784,0.073120,1.065796
0.284180,-0.443237,0.950439
-0.397461,0.032959,0.858521
0.546143,-0.184326,1.148071
-0.229248,-0.223511,0.832520
0.008667,0.193970,1.081421
0.372925,-0.432739,0.979614
-0.444702,0.022095,0.856567
0.511963,-0.171509,1.140381
-0.097656,-0.266479,0.888794
-0.084351,0.235596,1.082642
0.432861,-0.368042,1.028320
-0.452515,-0.028076,0.825806
0.464600,-0.130371,1.145874
0.040527,-0.351929,0.898804
-0.161011,0.203369,1.054321
0.470459,-0.299683,1.071777
-0.430786,-0.064331,0.815552
0.377563,-0.048584,1.134399
0.082397,-0.383179,0.896851
-0.253174,0.187012,1.026001
0.538818,-0.263672,1.131592
-0.397461,-0.126587,0.811646
0.264038,0.020630,1.117310
0.195679,-0.416260,0.936035
-0.345337,0.116333,0.920044
0.569580,-0.250366,1.143188
-0.295166,-0.205322,0.828125
0.139160,0.131714,1.110962
0.292358,-0.430908,0.963867
-0.414673,0.069702,0.864258
0.563477,-0.206055,1.165771
-0.209839,-0.259155,0.850098
0.035400,0.189209,1.111572
0.355957,-0.415283,0.985718
-0.451416,0.067383,0.863892
0.539429,-0.177979,1.160645
-0.104980,-0.300293,0.873169
-0.055664,0.217651,1.100830
0.409302,-0.380371,1.012329
-0.463135,0.052246,0.854248
0.511719,-0.152954,1.162354
-0.010010,-0.391113,0.890015
-0.094482,0.167236,1.077881
0.450928,-0.337891,1.051025
-0.455200,0.003906,0.833496
0.445068,-0.091187,1.172363
0.007935,-0.362793,0.895508
-0.149414,0.189575,1.074463
0.485474,-0.307617,1.090698
-0.456421,-0.029663,0.824829
0.245361,0.056274,1.108032
0.052856,-0.362793,0.911011
-0.345947,0.123779,0.931396
0.552734,-0.266479,1.123413
-0.344971,-0.206177,0.798950
0.186157,0.071777,1.106445
0.252441,-0.440552,0.933350
-0.390381,0.102661,0.887939
0.556519,-0.233032,1.132080
-0.281250,-0.228027,0.806641
0.105347,0.141968,1.104736
0.326416,-0.453369,0.950928
-0.411743,0.077393,0.867798
0.545654,-0.203369,1.140381
-0.231567,-0.238770,0.841187
0.019653,0.166016,1.085815
0.365479,-0.428711,0.989258
-0.443970,0.056152,0.853516
0.534302,-0.164795,1.157715
-0.134155,-0.246948,0.885620
-0.057129,0.224487,1.085938
0.405151,-0.397705,1.005859
-0.442383,-0.019775,0.828125
0.512817,-0.123657,1.171143
-0.014404,-0.307007,0.896240
-0.134766,0.249390,1.068726
0.446899,-0.359253,1.032959
-0.429565,-0.082153,0.826904
0.452271,-0.114868,1.164185
0.053223,-0.342407,0.913574
-0.186646,0.238770,1.045776
0.493774,-0.286255,1.080444
-0.437378,-0.059326,0.820801
0.367676,-0.048950,1.159546
0.097168,-0.402832,0.919556
-0.245605,0.195801,1.026123
0.525513,-0.255737,1.124512
-0.388306,-0.098145,0.826172
0.280151,0.010254,1.136597
0.185791,-0.438354,0.931885
-0.327148,0.133423,0.960205
0.563354,-0.240601,1.145264
-0.318481,-0.161987,0.827515
0.173340,0.111084,1.126221
0.284180,-0.423218,0.956543
-0.384766,0.077271,0.896851
0.555420,-0.220459,1.145630
-0.251465,-0.213257,0.859131
0.071045,0.128662,1.102295
0.359253,-0.417847,0.995361
-0.435303,0.066528,0.871460
0.526978,-0.171387,1.148804
-0.115234,-0.246338,0.887207
-0.036377,0.194824,1.081665
0.404541,-0.339966,1.030273
-0.440186,-0.039673,0.829834
0.497314,-0.129028,1.180298
0.001831,-0.345337,0.890137
-0.147339,0.219604,1.066895
0.465088,-0.296509,1.072876
-0.423828,-0.076050,0.819336
0.421021,-0.047852,1.181763
0.051514,-0.359741,0.902344
-0.243042,0.225952,1.033813
0.522461,-0.258667,1.119385
-0.394775,-0.109619,0.820190
0.317871,-0.016968,1.149536
0.171875,-0.409546,0.942261
-0.327148,0.136475,0.949829
0.539673,-0.220215,1.141235
-0.332764,-0.187744,0.806519
0.184204,0.096313,1.133423
0.277344,-0.434326,0.958984
-0.409302,0.100220,0.901733
0.541992,-0.197388,1.160278
-0.234863,-0.236450,0.837524
0.045532,0.170288,1.099243
0.345581,-0.411743,0.983765
-0.421997,0.023804,0.873535
0.526855,-0.170044,1.156738
-0.103027,-0.300049,0.872437
-0.051025,0.224121,1.101562
0.398804,-0.374512,0.999023
-0.451660,-0.006470,0.851685
0.504517,-0.154785,1.174316
-0.043091,-0.351685,0.866455
-0.109253,0.183350,1.060303
0.425293,-0.311035,1.028320
-0.466797,-0.033325,0.822876
0.461914,-0.132080,1.166382
-0.017822,-0.360474,0.872681
-0.208008,0.230225,1.065430
0.476074,-0.311523,1.072998
-0.452881,-0.038696,0.827393
0.391235,-0.078979,1.151611
0.039673,-0.352295,0.904419
-0.264771,0.183228,0.994263
0.501831,-0.255371,1.105225
-0.414551,-0.110718,0.789307
0.316406,-0.022461,1.148438
0.109375,-0.405762,0.905518
-0.337646,0.153687,0.959229
0.552490,-0.277222,1.125977
-0.370361,-0.148804,0.809448
0.199219,0.100098,1.125366
0.184692,-0.409180,0.916382
-0.387573,0.092041,0.922974
0.547852,-0.282593,1.125244
-0.321777,-0.210449,0.810059
0.109009,0.169556,1.114746
0.239868,-0.346191,0.936157
-0.431763,0.076294,0.882568
0.535645,-0.231812,1.132935
-0.253174,-0.302002,0.820679
0.046509,0.145142,1.100830
0.301758,-0.398315,0.950195
-0.481323,0.086670,0.840698
0.515625,-0.191040,1.123291
-0.148438,-0.329956,0.836182
-0.022583,0.134155,1.075928
0.327759,-0.384155,0.956055
-0.489502,0.047241,0.827515
0.514282,-0.166260,1.137329
-0.123291,-0.317261,0.820923
-0.114990,0.157227,1.043335
0.375244,-0.369629,0.979004
-0.504395,-0.008423,0.808594
0.476929,-0.140259,1.151245
-0.094238,-0.331299,0.818604
-0.213257,0.198120,1.025269
0.441895,-0.346069,1.023438
-0.492920,-0.035522,0.792480
0.401367,-0.088501,1.133789
-0.047729,-0.328735,0.838257
-0.277344,0.211182,1.000488
0.475220,-0.319336,1.053101
-0.468872,-0.105103,0.765137
0.317871,-0.038818,1.125244
0.017944,-0.359741,0.843994
-0.339600,0.185669,0.952148
0.497559,-0.317627,1.058594
-0.430786,-0.143799,0.774902
0.220337,0.017456,1.096436
0.111694,-0.405029,0.869507
-0.406982,0.155273,0.901001
0.487671,-0.267822,1.072998
-0.397095,-0.183350,0.774658
0.135254,0.040771,1.071045
0.185791,-0.411255,0.889648
-0.459229,0.109009,0.865601
0.495117,-0.232056,1.086670
-0.332764,-0.236816,0.779297
0.032715,0.111206,1.053955
0.253052,-0.385986,0.920898
-0.503906,0.068726,0.819946
0.495972,-0.218018,1.109375
-0.211304,-0.326538,0.775879
-0.060425,0.121094,1.026489
0.293335,-0.396851,0.924561
-0.518555,0.028320,0.802002
0.473145,-0.192505,1.105103
-0.153442,-0.358276,0.764404
-0.168457,0.158203,1.005005
0.347778,-0.352783,0.953735
-0.532837,-0.007812,0.764038
0.418091,-0.159912,1.108398
-0.120728,-0.340454,0.795166
-0.256470,0.184937,0.980225
0.398560,-0.332275,0.988647
-0.533081,-0.055786,0.757080
0.354370,-0.111816,1.099243
-0.077148,-0.317505,0.816895
-0.329590,0.179077,0.940063
0.444214,-0.325562,1.020508
-0.494873,-0.131714,0.725952
0.255737,-0.042236,1.086426
0.008301,-0.372192,0.828613
-0.420166,0.179443,0.884155
0.463135,-0.289795,1.040405
-0.452881,-0.157349,0.750000
0.160156,0.009155,1.066162
0.105957,-0.399658,0.860718
-0.490845,0.152222,0.848511
0.459351,-0.244507,1.046265
-0.397095,-0.195923,0.756470
0.046753,0.083740,1.038086
0.199341,-0.429199,0.867065
-0.520874,0.074585,0.810913
0.456421,-0.224854,1.056641
-0.284668,-0.269897,0.754272
-0.055908,0.132324,1.011353
0.260742,-0.392456,0.888306
-0.539062,0.043823,0.772461
0.437988,-0.193237,1.061523
-0.217896,-0.295044,0.743652
-0.177246,0.143311,0.975830
0.326660,-0.380371,0.931763
-0.544678,-0.011963,0.755615
0.381470,-0.137451,1.080322
-0.160767,-0.354126,0.747192
-0.278931,0.179565,0.949707
0.376465,-0.335693,0.966309
-0.565063,-0.028320,0.736450
0.315918,-0.125000,1.065186
-0.081177,-0.396606,0.775391
-0.374756,0.182617,0.908447
0.395752,-0.285156,0.985352
-0.528687,-0.076416,0.717285
0.222778,-0.031616,1.058960
0.008423,-0.395264,0.819336
-0.466431,0.187988,0.875732
0.430786,-0.295654,0.997925
-0.490479,-0.132690,0.720459
0.104980,0.054565,1.040283
0.108521,-0.412598,0.838379
-0.525146,0.158569,0.844727
0.442993,-0.247314,1.019897
-0.375000,-0.199341,0.745972
-0.009521,0.128052,1.023804
0.186890,-0.404663,0.867554
-0.564697,0.078125,0.788940
0.432007,-0.218628,1.051147
-0.282593,-0.306885,0.717896
-0.117554,0.159668,0.983398
0.269531,-0.392944,0.873047
-0.584473,0.066895,0.759888
0.404175,-0.199097,1.037842
-0.212280,-0.347046,0.722290
-0.215454,0.161377,0.952148
0.323120,-0.366577,0.911743
-0.586060,0.012085,0.733276
0.361206,-0.152588,1.041260
-0.153687,-0.336304,0.746582
-0.302124,0.190186,0.922729
0.355835,-0.325317,0.951416
-0.579224,-0.048218,0.724365
0.294678,-0.107788,1.041016
-0.097046,-0.387207,0.753906
-0.399048,0.201294,0.889526
0.394287,-0.313110,0.959106
-0.536743,-0.084961,0.717285
0.188843,-0.027954,1.030396
-0.027344,-0.395020,0.798706
-0.465332,0.170166,0.848145
0.408691,-0.274292,0.993042
-0.505371,-0.096680,0.711914
0.091431,0.074463,1.029419
0.085083,-0.406494,0.821167
-0.548706,0.163696,0.828003
0.436157,-0.270874,0.995361
-0.401855,-0.173706,0.734619
-0.013428,0.147095,1.010742
0.166992,-0.390747,0.843872
-0.564697,0.110596,0.796143
0.415527,-0.204224,1.016724
-0.327271,-0.254150,0.711914
-0.085815,0.132202,0.974243
0.249756,-0.423096,0.867310
-0.602539,0.086548,0.772095
0.404785,-0.159790,1.043823
-0.246582,-0.303833,0.708618
-0.188232,0.176147,0.959595
0.310425,-0.408325,0.890625
-0.607544,0.052368,0.747070
0.372681,-0.152344,1.028442
-0.181763,-0.340210,0.712891
-0.282959,0.204346,0.918213
0.363159,-0.344849,0.934448
-0.582520,-0.012329,0.723022
0.305664,-0.121216,1.012451
-0.120728,-0.387573,0.728638
-0.379028,0.215210,0.882446
0.389648,-0.317261,0.942627
-0.560181,-0.034058,0.711304
0.215576,-0.051392,1.013916
-0.046265,-0.417480,0.758423
-0.450806,0.202637,0.858398
0.399170,-0.292969,0.957764
-0.532471,-0.057617,0.705566
0.118286,0.050537,1.014038
0.048828,-0.408203,0.800171
-0.526001,0.196289,0.839111
0.405884,-0.241577,0.977051
-0.427856,-0.151855,0.723511
0.032715,0.119385,1.012573
0.137817,-0.400391,0.829346
-0.584839,0.160645,0.800537
0.424316,-0.222534,1.011597
-0.327881,-0.272461,0.708984
-0.056885,0.139526,0.984619
0.224609,-0.390869,0.858398
-0.607666,0.143555,0.784424
0.401001,-0.180664,1.009766
-0.233765,-0.326416,0.717285
-0.148071,0.162598,0.958008
0.281616,-0.361816,0.897461
-0.618042,0.102173,0.739258
0.372681,-0.141724,1.020264
-0.158936,-0.360107,0.725952
-0.236938,0.177734,0.919556
0.334717,-0.353271,0.904053
-0.601318,0.079468,0.744507
0.319946,-0.125610,0.995239
-0.117432,-0.378906,0.736816
-0.318359,0.158813,0.881592
0.378418,-0.321899,0.939209
-0.569336,0.030396,0.711060
0.244629,-0.033325,0.986084
-0.045776,-0.422485,0.738037
-0.393188,0.212524,0.871338
0.390503,-0.297974,0.927490
-0.555786,-0.039673,0.712891
0.189209,-0.032959,0.989258
-0.012695,-0.402222,0.775146
-0.460449,0.209473,0.840820
0.412720,-0.251099,0.973511
-0.501587,-0.098755,0.712891
0.112427,0.067627,1.015137
0.065552,-0.416992,0.800171
-0.534302,0.211914,0.827148
0.426514,-0.231567,0.983276
-0.419678,-0.133423,0.732544
0.038940,0.144897,1.018921
0.141602,-0.418823,0.833374
-0.567993,0.176270,0.812866
0.427124,-0.200806,1.004028
-0.346069,-0.172607,0.735474
-0.023071,0.189941,1.005127
0.213745,-0.388062,0.858032
-0.612427,0.120239,0.766113
0.427368,-0.207642,1.011475
-0.243286,-0.291870,0.724487
-0.095093,0.208130,0.973755
0.251099,-0.359741,0.861206
-0.610107,0.117065,0.765015
0.431152,-0.194336,1.025269
-0.204346,-0.307983,0.723267
-0.141235,0.197021,0.946289
0.298096,-0.335571,0.892578
-0.619995,0.103516,0.750977
0.417114,-0.188965,1.018799
-0.135010,-0.364258,0.739746
-0.214722,0.186890,0.904663
0.322510,-0.325317,0.890747
-0.597778,0.117432,0.757324
0.392212,-0.160278,1.014526
-0.093750,-0.378418,0.749146
-0.284912,0.193848,0.879272
0.351440,-0.314819,0.905762
-0.583252,0.085571,0.741577
0.337158,-0.116089,0.994873
-0.065918,-0.392212,0.740112
-0.312012,0.181519,0.867432
0.376099,-0.290649,0.928345
-0.576416,0.001709,0.711914
0.296265,-0.086304,1.001221
-0.013184,-0.409790,0.775269
-0.379517,0.203735,0.850098
0.404663,-0.293701,0.935669
-0.551392,-0.000610,0.713623
0.209839,-0.014771,0.984985
0.000488,-0.409546,0.786865
-0.388306,0.159180,0.857544
0.425171,-0.276001,0.952393
-0.542969,-0.000244,0.726318
0.147705,0.054688,0.993286
0.056152,-0.416992,0.781372
-0.494873,-0.018799,0.736938
0.096191,-0.398560,0.794189
-0.435791,-0.101929,0.727417
0.157471,-0.402100,0.822754
-0.550537,0.143066,0.783691
0.467041,-0.233643,1.008545
-0.347412,-0.153076,0.763794
-0.036987,0.195435,0.994263
0.202515,-0.402832,0.843384
-0.560181,0.114380,0.780396
0.433716,-0.191895,1.019775
-0.276001,-0.201660,0.758667
-0.076416,0.201416,0.990112
0.261108,-0.422485,0.870850
-0.600220,0.095825,0.760986
0.431030,-0.183716,1.025757
-0.209351,-0.233276,0.760010
-0.143066,0.239746,0.960449
0.310425,-0.354492,0.907471
-0.587769,0.055054,0.741333
0.411621,-0.181274,1.018311
-0.136108,-0.334595,0.754517
-0.215576,0.217529,0.917603
0.361328,-0.326172,0.930664
-0.569336,0.048706,0.746338
0.351685,-0.113281,1.026978
-0.064697,-0.393799,0.751465
-0.256470,0.169434,0.884521
0.376221,-0.323364,0.925903
-0.559326,0.028442,0.744507
0.306274,-0.085327,0.997681
-0.021606,-0.416626,0.760742
-0.333130,0.166992,0.847656
0.402710,-0.317017,0.940918
-0.522583,-0.027222,0.746460
0.236938,-0.043701,0.999268
0.030273,-0.430664,0.768433
-0.396240,0.177002,0.826904
0.423706,-0.259888,0.957153
-0.491943,-0.049438,0.733765
0.164917,0.028198,1.008057
0.089600,-0.454834,0.797485
-0.481689,0.168213,0.800293
0.436890,-0.232422,0.979370
-0.419189,-0.137207,0.742798
0.067505,0.094604,1.014893
0.149902,-0.431030,0.823853
-0.520020,0.113647,0.768066
0.445557,-0.207153,1.000977
-0.334473,-0.151611,0.763916
-0.029907,0.152100,0.995483
0.247803,-0.443359,0.858887
-0.562622,0.081787,0.745117
0.428711,-0.162720,1.020630
-0.214844,-0.205566,0.781494
-0.119385,0.191895,0.975830
0.309692,-0.437866,0.896606
-0.578735,0.054443,0.745605
0.400146,-0.147583,1.032593
-0.109009,-0.312134,0.767212
-0.216187,0.218262,0.935303
0.374756,-0.334473,0.938721
-0.548706,-0.010620,0.748657
0.325073,-0.132568,0.988525
-0.037231,-0.412354,0.758545
-0.289551,0.130127,0.856201
0.409180,-0.269897,0.969849
-0.519409,0.013184,0.757446
0.233765,-0.056885,0.993164
0.044189,-0.437622,0.784668
-0.384277,0.130249,0.825195
0.423340,-0.238525,0.977051
-0.492065,-0.024902,0.740112
0.147583,0.057861,1.010986
0.106445,-0.434692,0.803833
-0.470947,0.122437,0.805786
0.443848,-0.292114,0.974609
-0.418091,-0.140991,0.752563
0.052612,0.111450,1.009644
0.192749,-0.438232,0.841187
-0.546875,0.129639,0.761719
0.456665,-0.239746,1.004028
-0.326904,-0.204468,0.762939
-0.032227,0.123657,0.992920
0.252563,-0.461060,0.863525
-0.539551,0.079346,0.748901
0.440430,-0.200317,1.011719
-0.241821,-0.191284,0.780762
-0.116333,0.180908,0.979004
0.309448,-0.462402,0.893188
-0.553955,0.035767,0.740356
0.397217,-0.151855,1.024658
-0.152588,-0.272095,0.771729
-0.179199,0.205322,0.968262
0.366333,-0.436646,0.923706
-0.549561,-0.001831,0.755981
0.369751,-0.136108,1.030518
-0.048096,-0.343262,0.793823
-0.261719,0.222046,0.921509
0.386475,-0.359863,0.939453
-0.520752,-0.077271,0.734009
0.311768,-0.128784,1.000488
-0.002441,-0.432861,0.769287
-0.311523,0.184937,0.883667
0.423828,-0.317261,0.959473
-0.492188,-0.077759,0.760742
0.224609,-0.074585,1.000244
0.063843,-0.516357,0.763428
-0.374634,0.118530,0.833618
0.459351,-0.266479,0.990967
-0.472900,-0.059937,0.761597
0.134888,0.011597,1.009521
0.130005,-0.513062,0.803833
-0.438843,0.079102,0.801514
0.461914,-0.265015,1.002319
-0.399048,-0.130371,0.757446
0.026123,0.138672,1.019043
0.227417,-0.465942,0.852783
-0.506958,0.030518,0.753052
0.450562,-0.262573,1.012695
-0.298462,-0.208740,0.769897
-0.062256,0.176147,1.002930
0.293945,-0.439819,0.892578
-0.542480,0.031616,0.754883
0.424072,-0.208252,1.038574
-0.162476,-0.296509,0.785767
-0.142334,0.189697,0.982788
0.331665,-0.371826,0.935059
-0.544067,0.001709,0.750244
0.397705,-0.166504,1.039429
-0.046387,-0.379395,0.787964
-0.225708,0.174683,0.944092
0.390259,-0.384155,0.942383
-0.524780,-0.039917,0.748901
0.325806,-0.108032,1.022705
0.024048,-0.437500,0.784668
-0.283325,0.119141,0.875610
0.437988,-0.337036,0.974487
-0.497803,-0.083008,0.748291
0.242432,-0.069336,1.006348
0.069092,-0.458252,0.794556
-0.357178,0.106323,0.843750
0.465576,-0.311401,1.002686
-0.459351,-0.121460,0.745239
0.148926,0.011963,1.020874
0.121826,-0.461182,0.811035
-0.419067,0.069580,0.823853
0.480835,-0.294067,1.028076
-0.415894,-0.174805,0.734253
0.063110,0.126099,1.033203
0.227173,-0.476318,0.857422
-0.476196,0.038940,0.787598
0.481689,-0.280518,1.035889
-0.304932,-0.247314,0.761963
-0.030884,0.174316,1.022095
0.270752,-0.441406,0.873413
-0.506958,0.022095,0.768188
0.477905,-0.259277,1.062256
-0.199951,-0.278809,0.804565
-0.131958,0.216797,1.002441
0.336060,-0.389648,0.932007
-0.528076,0.008301,0.768066
0.426270,-0.224243,1.046631
-0.078857,-0.321777,0.846802
-0.181641,0.200195,0.986206
0.370117,-0.369751,0.951172
-0.502808,-0.029785,0.754028
0.377930,-0.146484,1.057251
0.018799,-0.444214,0.811523
-0.239502,0.211304,0.978027
0.402832,-0.367798,0.959839
-0.492798,-0.080688,0.741455
0.319214,-0.125488,1.030273
0.071289,-0.464233,0.810059
-0.281494,0.171143,0.936157
0.448120,-0.287354,1.003418
-0.478149,-0.083496,0.749756
0.231812,-0.040527,1.030762
0.098755,-0.483887,0.830688
-0.339600,0.099976,0.891602
0.492554,-0.300903,1.039673
-0.436890,-0.105835,0.767578
0.134277,0.045898,1.037598
0.190918,-0.501831,0.847900
-0.419434,0.076660,0.839478
0.505005,-0.269043,1.061646
-0.355347,-0.154419,0.787720
0.044556,0.107300,1.032593
0.266846,-0.496216,0.892090
-0.474243,-0.004028,0.775757
0.499023,-0.229980,1.084961
-0.244385,-0.239014,0.803711
-0.052246,0.209106,1.054321
0.333496,-0.424683,0.940674
-0.506470,0.013794,0.786987
0.467773,-0.218628,1.088867
-0.136230,-0.307739,0.829590
-0.120850,0.217041,1.037964
0.371948,-0.365723,0.973633
-0.508667,-0.014160,0.780762
0.413696,-0.176392,1.080200
0.000610,-0.411377,0.845215
-0.182007,0.171387,0.998413
0.409790,-0.356934,0.987183
-0.483887,-0.056396,0.778687
0.350830,-0.127563,1.064087
0.057861,-0.450073,0.835938
-0.241333,0.136108,0.955444
0.460449,-0.301880,1.037598
-0.454956,-0.073975,0.755981
0.285522,-0.043579,1.060059
0.104980,-0.444336,0.870361
-0.305786,0.110229,0.949951
0.498047,-0.294434,1.066528
-0.423706,-0.128052,0.766602
0.196167,0.039185,1.059692
0.172119,-0.459839,0.868408
-0.367188,0.097778,0.899536
0.512329,-0.271729,1.085815
-0.372192,-0.173584,0.783081
0.118530,0.076782,1.050171
0.251709,-0.469849,0.903320
-0.409668,0.046631,0.847900
0.512451,-0.239868,1.095459
-0.296143,-0.232788,0.786377
0.047974,0.137573,1.057739
0.313354,-0.477661,0.925659
-0.457031,0.039185,0.817993
0.506714,-0.214966,1.109497
-0.218506,-0.259766,0.816040
-0.027344,0.200073,1.067383
0.354858,-0.414307,0.961060
-0.482910,0.045166,0.814087
0.497192,-0.208862,1.109863
-0.118408,-0.296509,0.856934
-0.102417,0.220459,1.037842
0.388672,-0.393433,0.979980
-0.476440,-0.016602,0.801147
0.467651,-0.155884,1.123413
-0.057495,-0.316528,0.853027
-0.151733,0.248047,1.046265
0.438110,-0.353882,1.019043
-0.463623,-0.049561,0.807861
0.416016,-0.122192,1.120361
0.023682,-0.423462,0.848267
-0.199097,0.189331,1.011475
0.479126,-0.329712,1.041870
-0.435181,-0.077026,0.798218
0.360840,-0.073853,1.107666
0.068481,-0.434814,0.864868
-0.246582,0.166870,0.985840
0.494751,-0.285034,1.075073
-0.417847,-0.114624,0.797852
0.324951,-0.020020,1.123291
0.099365,-0.404297,0.882446
-0.291016,0.171143,0.979492
0.511963,-0.283447,1.090454
-0.407471,-0.155396,0.798950
0.268433,-0.007080,1.105347
0.166626,-0.401978,0.916504
-0.334351,0.163452,0.932617
0.529053,-0.245850,1.103027
-0.351318,-0.202515,0.802124
0.197266,0.009888,1.080566
0.218628,-0.428711,0.934448
-0.367432,0.119873,0.901001
0.547729,-0.233032,1.105835
-0.311401,-0.192139,0.807983
0.116821,0.079224,1.074341
0.301025,-0.466187,0.949341
-0.405273,0.037109,0.845581
0.545166,-0.183228,1.143555
-0.245483,-0.203369,0.827515
0.012817,0.170288,1.071655
0.372070,-0.486572,0.957153
-0.449585,0.014404,0.840210
0.518555,-0.160522,1.154785
-0.165161,-0.225952,0.862915
-0.054199,0.215820,1.082886
0.427246,-0.449951,0.992188
-0.459106,-0.022949,0.832397
0.486694,-0.132690,1.149536
-0.027954,-0.274536,0.888184
-0.128296,0.262451,1.083984
0.466064,-0.360840,1.036621
-0.451050,-0.065552,0.825439
0.428223,-0.108276,1.149780
0.056763,-0.365356,0.892456
-0.189453,0.229614,1.051514
0.499512,-0.280273,1.079956
-0.430542,-0.089600,0.810547
0.355103,-0.067871,1.133667
0.110840,-0.385986,0.911987
-0.276123,0.196655,0.999268
0.530884,-0.279419,1.117554
-0.389038,-0.138672,0.814941
0.264404,0.021606,1.125732
0.202393,-0.433105,0.930054
-0.343750,0.123657,0.934082
0.547729,-0.215942,1.145874
-0.303589,-0.181641,0.827148
0.149414,0.090210,1.099365
0.280884,-0.466064,0.939941
-0.393433,0.057373,0.886841
0.480347,-0.186523,1.118408
-0.244995,-0.226196,0.838867
-0.115723,0.231445,1.059448
0.365845,-0.417358,0.998291
-0.486206,-0.015015,0.798096
0.430420,-0.154297,1.095947
-0.002197,-0.359131,0.864746
-0.183105,0.195312,1.011353
0.431030,-0.342896,1.018188
-0.456909,-0.065918,0.783325
0.386963,-0.103760,1.105103
0.077271,-0.423828,0.872437
-0.253052,0.196289,0.994385
0.477783,-0.305542,1.042236
-0.417725,-0.102173,0.784790
0.303833,-0.023682,1.104004
0.106323,-0.435547,0.877441
-0.323608,0.178101,0.964478
0.519897,-0.288452,1.076538
-0.386475,-0.144531,0.800293
0.238525,0.052002,1.109375
0.174316,-0.417969,0.914429
-0.378540,0.116943,0.904053
0.534058,-0.290527,1.092285
-0.338867,-0.203369,0.797485
0.162109,0.072266,1.086548
0.257324,-0.432617,0.921875
-0.413696,0.093262,0.856934
0.537598,-0.234741,1.111206
-0.268799,-0.246460,0.799438
0.064453,0.136108,1.076538
0.329712,-0.442017,0.961914
-0.446533,0.069336,0.836060
0.517212,-0.184448,1.128540
-0.187500,-0.249756,0.841309
-0.032959,0.205688,1.075928
0.394287,-0.438110,0.990723
-0.458984,0.019409,0.830322
0.485107,-0.123779,1.136963
-0.066284,-0.297119,0.854858
-0.126465,0.243042,1.077759
0.433960,-0.392944,1.015381
-0.443481,-0.075562,0.827271
0.443604,-0.127075,1.120483
0.030029,-0.360962,0.882324
-0.198486,0.245483,1.061768
0.488037,-0.311157,1.060425
-0.432251,-0.083618,0.810913
0.364746,-0.074707,1.129272
0.081421,-0.367798,0.901489
-0.270386,0.214722,1.004028
0.545898,-0.275513,1.109131
-0.402954,-0.124146,0.808838
0.266357,0.009033,1.116821
0.180298,-0.422241,0.922241
-0.325806,0.136597,0.932251
0.557007,-0.253906,1.115967
-0.334106,-0.164673,0.828613
0.152344,0.081299,1.094971
0.270020,-0.446777,0.940552
-0.404053,0.048584,0.859863
0.549072,-0.203857,1.143433
-0.224609,-0.211060,0.845581
0.021118,0.186890,1.080444
0.364624,-0.427124,0.981689
-0.441772,0.017944,0.838867
0.526855,-0.177368,1.158325
-0.111572,-0.241455,0.898804
-0.063110,0.221924,1.070679
0.411865,-0.372314,1.017456
-0.464844,-0.028198,0.826172
0.480591,-0.153076,1.161255
0.031250,-0.345825,0.903198
-0.141968,0.264160,1.093262
0.467407,-0.296997,1.058594
-0.454590,-0.036621,0.832275
0.408325,-0.109497,1.147705
0.077148,-0.425903,0.905518
-0.237915,0.197021,1.030518
0.504150,-0.258179,1.103760
-0.414551,-0.083740,0.803101
0.314453,-0.002563,1.143311
0.160522,-0.428345,0.933960
-0.323730,0.140259,0.978882
0.546265,-0.241211,1.151855
-0.346924,-0.167358,0.816650
0.213623,0.095337,1.128906
0.266602,-0.426758,0.955200
-0.390503,0.096069,0.913696
0.562256,-0.237549,1.144287
-0.244019,-0.246216,0.842285
0.077515,0.172363,1.095459
0.326782,-0.407104,0.970215
-0.416992,0.047852,0.874268
0.546997,-0.205811,1.153687
-0.185669,-0.259155,0.866577
0.005127,0.208862,1.109619
0.390991,-0.367310,1.012085
-0.461670,0.025024,0.847656
0.507202,-0.175659,1.152954
-0.039795,-0.378540,0.882690
-0.057373,0.195190,1.094971
0.425171,-0.318359,1.031006
-0.472046,0.030884,0.837036
0.479126,-0.153442,1.155762
0.022827,-0.409546,0.893555
-0.152222,0.193726,1.074829
0.481812,-0.305908,1.083252
-0.456177,-0.010986,0.822266
0.415894,-0.041626,1.165527
0.067017,-0.381592,0.905273
-0.228882,0.213501,1.068604
0.512817,-0.276367,1.126221
-0.418091,-0.089722,0.815308
0.347900,-0.003662,1.162354
0.126709,-0.379639,0.931274
-0.300659,0.184326,0.987671
0.542725,-0.263550,1.132690
-0.366089,-0.150269,0.818359
0.272339,0.017456,1.149536
0.198120,-0.392944,0.944702
-0.346191,0.171021,0.942749
0.543945,-0.233276,1.127808
-0.300171,-0.209961,0.835693
0.202515,0.046997,1.129028
0.260620,-0.403687,0.966187
-0.408447,0.142212,0.888062
0.558228,-0.205444,1.134033
-0.238403,-0.235229,0.845947
0.093018,0.107544,1.121582
0.332397,-0.405273,0.996338
-0.431641,0.080933,0.876587
0.533569,-0.144409,1.155151
-0.163940,-0.264404,0.867676
-0.013306,0.168701,1.099854
0.386353,-0.386719,1.019409
-0.432495,-0.028442,0.853638
0.510986,-0.115234,1.179077
-0.032104,-0.324463,0.872681
-0.099487,0.218506,1.077271
0.441162,-0.323120,1.039062
-0.443359,-0.044312,0.836792
0.443359,-0.096802,1.164673
-0.017944,-0.345581,0.880371
-0.165161,0.176270,1.047729
0.489136,-0.271973,1.093750
-0.443237,-0.060547,0.817871
0.375244,-0.042236,1.161377
0.089600,-0.411499,0.924805
-0.287842,0.172241,0.996094
0.527710,-0.246704,1.136475
-0.383545,-0.151855,0.793579
0.276978,0.059326,1.170898
0.180298,-0.414307,0.939209
-0.371338,0.136597,0.956787
0.562622,-0.278198,1.127319
-0.326172,-0.179199,0.830078
0.176147,0.119751,1.142578
0.273315,-0.416016,0.959595
-0.424805,0.119385,0.895874
0.535522,-0.208008,1.124512
-0.242676,-0.244141,0.844849
0.088013,0.113403,1.113770
0.330811,-0.421265,0.969238
-0.463135,0.128418,0.883057
0.533691,-0.148193,1.154053
-0.164429,-0.247803,0.874390
-0.027222,0.140259,1.079224
0.370483,-0.403076,1.000122
-0.452148,0.019287,0.850952
0.510010,-0.134399,1.161621
-0.059204,-0.317627,0.858521
-0.111572,0.199585,1.077637
0.413452,-0.336914,1.022583
-0.460083,-0.036621,0.826050
0.462769,-0.114502,1.164429
-0.020264,-0.323853,0.873657
-0.202515,0.222778,1.056030
0.456665,-0.289917,1.064453
-0.452515,-0.066528,0.811890
0.389771,-0.056641,1.159790
0.037964,-0.348511,0.895508
-0.273804,0.193726,1.010620
0.513916,-0.280518,1.098755
-0.427979,-0.100342,0.794312
0.294067,-0.018921,1.131836
0.119385,-0.385864,0.904785
-0.340210,0.150146,0.945557
0.536987,-0.258423,1.114990
-0.351440,-0.188477,0.802856
0.180054,0.063477,1.109253
0.208618,-0.408569,0.935425
-0.405640,0.106934,0.904907
0.539307,-0.227905,1.117798
-0.305176,-0.218140,0.815674
0.079834,0.109741,1.088257
0.280029,-0.400024,0.959229
-0.432617,0.063354,0.871582
0.524658,-0.161499,1.145752
-0.221924,-0.231567,0.840942
-0.003296,0.137207,1.073608
0.337158,-0.381470,0.978394
-0.449219,0.008301,0.847534
0.510010,-0.160400,1.145020
-0.124756,-0.311890,0.816040
-0.094238,0.173950,1.060913
0.383423,-0.341919,0.996704
-0.479614,-0.043701,0.803711
0.472656,-0.163452,1.146118
-0.079224,-0.343018,0.821167
-0.210449,0.222046,1.041626
0.439453,-0.310791,1.025513
-0.470581,-0.079102,0.793457
0.399658,-0.104126,1.153442
-0.003174,-0.347290,0.860474
-0.306152,0.207397,0.971313
0.470459,-0.283569,1.059204
-0.433960,-0.132690,0.785889
0.308960,-0.066650,1.129150
0.085693,-0.389160,0.884033
-0.380005,0.170898,0.918091
0.501343,-0.246704,1.088867
-0.370361,-0.158569,0.786133
0.165527,0.046509,1.098877
0.188110,-0.423096,0.907837
-0.428589,0.094604,0.888672
0.517578,-0.214233,1.119751
-0.327515,-0.218872,0.777100
0.042725,0.124023,1.063843
0.267212,-0.389160,0.932861
-0.472778,0.038818,0.845825
0.514771,-0.221436,1.117920
-0.185547,-0.309692,0.801147
-0.051392,0.160522,1.050781
0.316162,-0.371582,0.937988
-0.491089,0.012207,0.810547
0.484375,-0.192261,1.118042
-0.128784,-0.340698,0.797485
-0.140747,0.153442,1.015137
0.372803,-0.343750,0.971191
-0.513062,-0.009888,0.781006
0.428223,-0.141724,1.128784
-0.101318,-0.348022,0.807983
-0.253540,0.198608,1.008179
0.439087,-0.346436,1.026855
-0.503784,-0.048096,0.781860
0.351074,-0.053833,1.123291
-0.042969,-0.294922,0.841675
-0.329834,0.176636,0.938599
0.464722,-0.320312,1.041260
-0.462524,-0.150024,0.759033
0.277954,-0.051758,1.112671
0.044067,-0.368286,0.853882
-0.403809,0.188721,0.908325
0.499878,-0.271606,1.070923
-0.411377,-0.153320,0.764038
0.143677,0.051025,1.086060
0.141602,-0.424194,0.875244
-0.450562,0.118042,0.873779
0.492798,-0.243042,1.075195
-0.389282,-0.189697,0.762207
0.039917,0.097046,1.045044
0.249023,-0.417725,0.919556
-0.506836,0.074951,0.827393
0.478271,-0.197021,1.087158
-0.231934,-0.306885,0.771729
-0.058228,0.109619,1.016968
0.299072,-0.388916,0.927979
-0.516846,0.020874,0.783325
0.456421,-0.155396,1.108643
-0.173706,-0.318359,0.766846
-0.164062,0.162598,1.009888
0.374634,-0.388062,0.958862
-0.542358,-0.018311,0.755249
0.374756,-0.109863,1.100220
-0.105713,-0.349121,0.797119
-0.264160,0.182129,0.980835
0.412842,-0.317017,0.992432
-0.538696,-0.014893,0.760376
0.301025,-0.105591,1.077515
-0.034424,-0.375122,0.829102
-0.366699,0.169067,0.918213
0.436768,-0.285400,1.026001
-0.475098,-0.099731,0.740601
0.209229,0.001709,1.075439
0.050293,-0.391846,0.833496
-0.462891,0.139893,0.863281
0.473877,-0.285034,1.036621
-0.424561,-0.161499,0.742554
0.093262,0.083374,1.054321
0.160522,-0.396606,0.879272
-0.499634,0.094727,0.824585
0.455811,-0.232300,1.050293
-0.337402,-0.216553,0.766602
-0.002319,0.124634,1.046387
0.235840,-0.439209,0.888550
-0.529175,0.062866,0.814453
0.439453,-0.175293,1.064453
-0.245605,-0.270874,0.747803
-0.113647,0.163940,1.013306
0.297119,-0.407104,0.911865
-0.542969,-0.002075,0.770508
0.418823,-0.163208,1.075439
-0.206177,-0.311401,0.730713
-0.225098,0.174561,0.980103
0.361084,-0.389771,0.952393
-0.540283,-0.036255,0.757690
0.371460,-0.099976,1.083740
-0.148438,-0.301880,0.759155
-0.326904,0.191284,0.937622
0.405762,-0.360229,0.984253
-0.531250,-0.108032,0.735962
0.299561,-0.067139,1.081665
-0.067139,-0.369141,0.770630
-0.410278,0.218872,0.893677
0.415161,-0.315552,0.987671
-0.487915,-0.141602,0.727783
0.200073,-0.045898,1.050781
0.029297,-0.405518,0.813110
-0.496826,0.195557,0.871826
0.442261,-0.295288,1.010742
-0.458618,-0.154053,0.738281
0.095581,0.037842,1.031738
0.126221,-0.411255,0.839722
-0.532715,0.156494,0.828125
0.441406,-0.246094,1.025757
-0.362793,-0.220581,0.755249
-0.003174,0.074097,1.009644
0.210327,-0.407959,0.881958
-0.560791,0.108887,0.783447
0.428955,-0.192139,1.041016
-0.269287,-0.283813,0.739502
-0.104004,0.140625,0.996826
0.274414,-0.435059,0.893555
-0.578125,0.041260,0.765259
0.399414,-0.164185,1.044922
-0.206543,-0.341675,0.717773
-0.220825,0.174194,0.954712
0.329346,-0.378540,0.922485
-0.581909,-0.011475,0.754028
0.368408,-0.141968,1.058716
-0.164062,-0.348511,0.735229
-0.311401,0.177368,0.908813
0.373535,-0.338989,0.950195
-0.561157,-0.051880,0.725952
0.293091,-0.086914,1.049316
-0.096436,-0.365967,0.768433
-0.397339,0.191895,0.892212
0.402954,-0.315063,0.973755
-0.534180,-0.103760,0.701050
0.207153,-0.026489,1.044922
-0.018799,-0.400391,0.794067
-0.488037,0.196289,0.855469
0.415771,-0.299072,0.984741
-0.485229,-0.126709,0.734253
0.087524,0.071045,1.026489
0.075928,-0.405640,0.825073
-0.538818,0.166016,0.841309
0.428467,-0.258423,0.997803
-0.402588,-0.192017,0.733154
0.004883,0.133423,1.021851
0.182007,-0.403198,0.851562
-0.583740,0.130981,0.797974
0.419312,-0.212646,1.026001
-0.289551,-0.285645,0.720215
-0.086182,0.136353,0.984741
0.235962,-0.387817,0.869751
-0.599854,0.068726,0.758423
0.425903,-0.214600,1.041504
-0.224976,-0.353394,0.696411
-0.181885,0.164307,0.961304
0.297241,-0.370239,0.899780
-0.616699,0.091309,0.759033
0.380615,-0.194336,1.016602
-0.170898,-0.356201,0.735962
-0.263916,0.153198,0.921387
0.327515,-0.355591,0.916626
-0.589478,0.036621,0.729980
0.321289,-0.119629,1.009521
-0.132324,-0.353882,0.750488
-0.334229,0.188599,0.916504
0.373169,-0.341064,0.941284
-0.578613,-0.000854,0.719482
0.259033,-0.059326,1.021362
-0.089478,-0.385620,0.753052
-0.403687,0.187866,0.882080
0.392334,-0.315308,0.953247
-0.544800,-0.059204,0.699097
0.198730,0.002686,1.024780
-0.038818,-0.394653,0.774414
-0.471802,0.186890,0.856079
0.402466,-0.310669,0.968628
-0.531494,-0.104614,0.698242
0.153809,0.000122,1.012817
0.015991,-0.402344,0.786377
-0.523804,0.237793,0.841187
0.404785,-0.258545,0.965576
-0.482178,-0.112183,0.720459
0.091797,0.038208,1.020752
0.081055,-0.458618,0.806885
-0.564453,0.192993,0.823364
0.431030,-0.249634,0.983154
-0.424316,-0.119629,0.729980
0.002075,0.151489,1.014893
0.168091,-0.432373,0.841675
-0.587280,0.161621,0.806519
0.417358,-0.208130,1.007812
-0.356567,-0.195312,0.718994
-0.041382,0.148315,0.999146
0.216187,-0.411377,0.858643
-0.608032,0.116821,0.775024
0.415894,-0.179688,1.020752
-0.270020,-0.288696,0.707642
-0.134033,0.178589,0.965454
0.277222,-0.372559,0.895264
-0.616821,0.054932,0.737915
0.386719,-0.181274,1.020264
-0.197998,-0.359619,0.703369
-0.202148,0.200439,0.948486
0.316650,-0.345459,0.905396
-0.619019,0.071167,0.743042
0.363770,-0.176636,1.011719
-0.154907,-0.385620,0.713989
-0.268433,0.171265,0.902832
0.344727,-0.331299,0.909912
-0.598511,0.060425,0.735718
0.317017,-0.117798,1.007324
-0.118774,-0.369385,0.748169
-0.353027,0.176636,0.873901
0.371582,-0.322388,0.929077
-0.571289,-0.003296,0.708374
0.242310,-0.032349,1.014282
-0.069336,-0.381714,0.753296
-0.414062,0.217407,0.881348
0.400757,-0.302124,0.952148
-0.545776,-0.081299,0.708374
0.166504,-0.015015,0.999390
-0.011108,-0.405762,0.770630
-0.479980,0.226807,0.836548
0.411377,-0.245483,0.967407
-0.480469,-0.124390,0.706543
0.090942,0.067261,1.016846
0.070557,-0.426636,0.803833
-0.543335,0.194702,0.831665
0.426270,-0.240601,0.991211
-0.412842,-0.151855,0.742310
0.016846,0.133911,1.003662
0.145020,-0.401001,0.831787
-0.577759,0.172852,0.785767
0.413574,-0.184937,1.001587
-0.303711,-0.224243,0.745117
-0.042847,0.145142,0.997192
0.206421,-0.417480,0.848633
-0.624268,0.145752,0.752808
0.426758,-0.178345,1.011597
-0.238892,-0.281006,0.729126
-0.139282,0.202881,0.963989
0.289551,-0.378662,0.897339
-0.598511,0.100952,0.742432
0.377319,-0.116211,1.015503
-0.188354,-0.327026,0.715210
-0.204590,0.200806,0.943970
0.334106,-0.386353,0.902466
-0.608276,0.076904,0.744385
0.355957,-0.118164,1.006226
-0.144897,-0.360474,0.709229
-0.273315,0.204468,0.911499
0.362427,-0.342041,0.920166
-0.586670,0.043213,0.730469
0.290649,-0.075439,1.007446
-0.087158,-0.400635,0.724609
-0.348145,0.192261,0.878052
0.399048,-0.303467,0.937744
-0.570068,0.014160,0.712891
0.221191,-0.017090,0.998901
-0.015381,-0.417847,0.767334
-0.427490,0.186890,0.845703
0.406128,-0.242798,0.959717
-0.512329,-0.036865,0.725098
0.124023,0.063477,1.006836
0.067871,-0.418945,0.801270
-0.525513,0.180420,0.816895
0.422485,-0.229370,0.990356
-0.423096,-0.114380,0.737183
0.041992,0.154785,1.010986
0.130249,-0.384399,0.831299
-0.574097,0.141357,0.789062
0.441895,-0.219727,1.012573
-0.324341,-0.184814,0.744019
-0.032593,0.196899,0.995605
0.199097,-0.337646,0.855103
-0.596680,0.117188,0.770508
0.446289,-0.227661,1.026978
-0.261963,-0.298096,0.713501
-0.086914,0.205811,0.970215
0.268066,-0.344116,0.864136
-0.631226,0.161133,0.758911
0.424316,-0.211792,1.008057
-0.166016,-0.357300,0.755737
-0.157104,0.179443,0.944580
0.294800,-0.327148,0.897583
-0.615356,0.134155,0.745972
0.393921,-0.146240,1.012695
-0.126343,-0.346313,0.735840
-0.228516,0.180054,0.917847
0.350708,-0.352295,0.915039
-0.595093,0.083252,0.746460
0.340332,-0.099365,1.008179
-0.099609,-0.367310,0.725952
-0.278809,0.189453,0.888672
0.394287,-0.362793,0.931519
-0.575684,0.011108,0.734131
0.296143,-0.082520,0.979980
-0.033203,-0.384399,0.746948
-0.354004,0.212280,0.850952
0.400391,-0.277344,0.940186
-0.535645,-0.028320,0.715698
0.240601,-0.044067,0.990967
-0.003174,-0.409546,0.764771
-0.420410,0.188110,0.834595
0.421143,-0.259277,0.966064
-0.528320,-0.040283,0.706543
0.148682,0.032227,0.995605
0.066162,-0.410767,0.806885
-0.465820,0.170776,0.823608
0.423950,-0.210815,0.986450
-0.461426,-0.092407,0.718994
0.081177,0.128418,1.029297
0.136963,-0.421631,0.827393
-0.542847,0.150757,0.799438
0.439575,-0.205322,1.001221
-0.370605,-0.116333,0.757324
0.007446,0.159424,1.005859
0.191650,-0.410156,0.841919
-0.566650,0.106689,0.766602
0.451782,-0.183716,1.025757
-0.269531,-0.209229,0.746582
-0.102417,0.220947,0.982300
0.273438,-0.427002,0.856689
-0.593384,0.101685,0.761963
0.424316,-0.170654,1.020508
-0.170288,-0.318237,0.747925
-0.168823,0.233643,0.952393
0.322754,-0.360596,0.887573
-0.584961,0.073853,0.749268
0.385620,-0.145386,1.019165
-0.100586,-0.356812,0.750488
-0.224731,0.204590,0.911865
0.360107,-0.330200,0.913574
-0.568237,0.062988,0.755005
0.339844,-0.111206,1.012695
-0.050293,-0.415527,0.746704
-0.300049,0.203491,0.873535
0.396118,-0.299805,0.926514
-0.565430,0.043091,0.722778
0.277710,-0.073975,0.989502
-0.009277,-0.428955,0.769165
-0.358276,0.152466,0.845825
0.427734,-0.279785,0.958496
-0.527222,-0.022583,0.729248
0.159424,0.048706,1.004761
0.053711,-0.429321,0.779297
-0.414429,0.140991,0.822876
0.421753,-0.255737,0.968872
-0.478516,-0.062988,0.733276
0.103027,0.105469,1.015503
0.125244,-0.416870,0.812744
-0.512817,0.137451,0.794067
0.431885,-0.246582,0.982910
-0.392944,-0.143066,0.744263
0.035400,0.162720,1.019653
0.187500,-0.409058,0.829102
-0.560181,0.107178,0.773315
0.440918,-0.229370,0.992188
-0.287231,-0.202515,0.755249
-0.059692,0.202148,0.998047
0.251221,-0.396362,0.872070
-0.583862,0.085571,0.750610
0.431763,-0.198975,1.021973
-0.192871,-0.285400,0.755981
-0.145752,0.226562,0.968140
0.320190,-0.363037,0.912109
-0.578125,0.069458,0.766724
0.389160,-0.160889,1.020508
-0.101074,-0.376587,0.748047
-0.213745,0.204224,0.926880
0.361694,-0.330566,0.920898
-0.564209,0.024536,0.746582
0.353394,-0.137939,1.004639
-0.031250,-0.421753,0.767822
-0.291626,0.181885,0.871460
0.398193,-0.316406,0.936035
-0.544189,0.021973,0.750244
0.262817,-0.077026,0.994019
0.011719,-0.442627,0.763916
-0.350098,0.133423,0.828369
0.436035,-0.294800,0.953979
-0.517578,-0.036377,0.728760
0.155518,0.011475,0.981812
0.075562,-0.460205,0.784790
-0.426270,0.130737,0.817139
0.439209,-0.269409,0.966919
-0.450562,-0.071533,0.750610
0.079102,0.093750,1.002075
0.143066,-0.446045,0.804932
-0.506592,0.123169,0.791260
0.453247,-0.250977,0.996216
-0.352173,-0.170410,0.759766
-0.025024,0.184814,1.000977
0.218994,-0.414795,0.848633
-0.555298,0.057007,0.742920
0.456177,-0.234009,1.023071
-0.244141,-0.251221,0.756836
-0.107178,0.228638,0.987915
0.276245,-0.354980,0.887085
-0.578613,0.064941,0.741699
0.427246,-0.222534,1.017700
-0.135864,-0.304565,0.790283
-0.180054,0.201782,0.953003
0.336426,-0.360229,0.908325
-0.568115,0.041870,0.751587
0.384888,-0.172363,1.017578
-0.047852,-0.402100,0.780762
-0.234863,0.191650,0.918701
0.379639,-0.316284,0.932495
-0.559082,0.009644,0.730713
0.315674,-0.131226,0.986816
0.000366,-0.404663,0.782471
-0.297485,0.145996,0.878174
0.413574,-0.334351,0.940796
-0.518799,-0.045288,0.733765
0.224365,-0.025269,0.996338
0.052734,-0.435791,0.777832
-0.359985,0.129395,0.835327
0.428223,-0.304199,0.974487
-0.495117,-0.096802,0.739990
0.182251,-0.026978,1.003906
0.073364,-0.459351,0.782471
-0.421631,0.128540,0.798706
0.450928,-0.259521,0.986084
-0.439087,-0.109009,0.749878
0.112427,0.026367,1.007568
0.120483,-0.484375,0.794678
-0.477051,0.092041,0.777222
0.455811,-0.230591,1.000977
-0.384033,-0.102417,0.760742
0.025024,0.121338,1.015259
0.206787,-0.493042,0.840210
-0.515137,0.051025,0.757690
0.463989,-0.232788,1.022217
-0.314575,-0.161987,0.768555
-0.080811,0.206787,0.994751
0.280396,-0.478271,0.861694
-0.528931,0.032471,0.752930
0.429810,-0.208862,1.026611
-0.207886,-0.218262,0.801514
-0.147095,0.209229,0.987305
0.316406,-0.449341,0.890747
-0.550537,0.011475,0.745117
0.407715,-0.176636,1.040771
-0.104858,-0.305542,0.799316
-0.204468,0.231445,0.969116
0.355225,-0.370239,0.925903
-0.531616,-0.032959,0.752075
0.353027,-0.155151,1.018188
-0.018188,-0.409058,0.789062
-0.272583,0.193115,0.911743
0.402222,-0.353882,0.946655
-0.515869,-0.057861,0.736450
0.266235,-0.105225,0.995361
0.059204,-0.477295,0.784302
-0.349121,0.133911,0.863770
0.440552,-0.316650,0.974854
-0.477539,-0.093140,0.739624
0.158936,-0.004883,0.998657
0.109741,-0.487183,0.790161
-0.424194,0.098999,0.809814
0.456665,-0.280518,0.996948
-0.277222,-0.207642,0.760742
-0.075562,0.179688,0.986328
0.275879,-0.406250,0.886841
-0.579102,0.051147,0.738525
0.410400,-0.172974,1.028442
-0.263916,-0.228760,0.776001
-0.175903,0.205322,0.944458
0.334351,-0.334473,0.922852
-0.560791,0.041382,0.744507
0.352661,-0.130737,1.009277
-0.040405,-0.428711,0.763306
-0.264893,0.159790,0.884521
0.393066,-0.316406,0.942749
-0.535645,0.005371,0.738647
0.261475,-0.058716,0.989624
0.027222,-0.432983,0.777588
-0.366211,0.114868,0.826782
0.434204,-0.327637,0.962646
-0.479614,-0.048462,0.769653
0.156128,0.029785,1.003540
0.093262,-0.444702,0.777832
-0.459717,0.123779,0.781738
0.445679,-0.249268,0.994141
-0.399536,-0.157593,0.767090
0.045898,0.090332,1.010376
0.162964,-0.464233,0.813110
-0.519531,0.101685,0.760742
0.451904,-0.214111,1.005371
-0.306763,-0.178223,0.766479
-0.069092,0.172485,0.997314
0.277100,-0.471069,0.871948
-0.563477,0.049561,0.740112
0.431641,-0.174438,1.037842
-0.184937,-0.241089,0.771606
-0.175537,0.213623,0.962769
0.350830,-0.408325,0.916870
-0.543579,0.003418,0.757324
0.372803,-0.150269,1.022339
-0.067139,-0.342041,0.778320
-0.251221,0.221191,0.915405
0.388672,-0.300293,0.953369
-0.519653,-0.065063,0.743408
0.293579,-0.112183,1.000366
0.008301,-0.464478,0.756592
-0.328857,0.153076,0.849121
0.428467,-0.314575,0.962158
-0.497803,-0.082153,0.745117
0.210815,-0.048950,1.004150
0.076538,-0.472778,0.778809
-0.438965,0.151245,0.796753
0.448364,-0.286133,0.977539
-0.422607,-0.119141,0.760254
0.099976,0.062744,1.012085
0.136108,-0.460938,0.802368
-0.500610,0.100220,0.758423
0.447388,-0.237183,1.007446
-0.330200,-0.171997,0.777466
-0.001343,0.111206,1.010620
0.233276,-0.482544,0.845581
-0.552490,0.074463,0.740967
0.437134,-0.206421,1.022705
-0.216187,-0.208374,0.795288
-0.114014,0.191040,1.003784
0.310425,-0.456177,0.892944
-0.553589,0.028687,0.752808
0.402222,-0.185425,1.020264
-0.129028,-0.285156,0.795288
-0.174683,0.206055,0.971313
0.374878,-0.366577,0.947266
-0.553833,0.005127,0.748413
0.354980,-0.162354,1.009399
-0.043091,-0.409790,0.781738
-0.239746,0.151123,0.912598
0.404419,-0.344238,0.961548
-0.523804,-0.069702,0.744751
0.293457,-0.105957,1.009277
0.029053,-0.416504,0.771606
-0.324951,0.154663,0.860840
0.427612,-0.316162,0.972778
-0.475708,-0.137329,0.754150
0.232666,-0.088135,1.004150
0.068481,-0.457520,0.781616
-0.382324,0.152466,0.839233
0.448730,-0.298950,0.987671
-0.436768,-0.103149,0.768799
0.149292,0.006958,1.024292
0.114258,-0.491211,0.802856
-0.439331,0.084106,0.800781
0.472046,-0.273682,1.001709
-0.402954,-0.154663,0.736084
0.057129,0.100830,1.019775
0.219971,-0.502808,0.843384
-0.477905,0.039551,0.775024
0.458740,-0.271851,1.009277
-0.328003,-0.185181,0.775513
-0.036987,0.153687,1.010254
0.290649,-0.471191,0.889648
-0.531616,0.012817,0.744751
0.448853,-0.223755,1.043945
-0.214844,-0.263428,0.776855
-0.119141,0.218140,1.005859
0.324463,-0.396484,0.917969
-0.539795,0.009033,0.766602
0.411987,-0.201416,1.048462
-0.078491,-0.366089,0.796997
-0.184448,0.209717,0.986816
0.359619,-0.379517,0.939087
-0.535889,0.013916,0.766602
0.385620,-0.187134,1.028076
0.005249,-0.421509,0.823975
-0.252075,0.171631,0.929077
0.396973,-0.334961,0.951416
-0.515015,-0.050781,0.732544
0.321899,-0.103638,1.036133
0.050293,-0.457275,0.809814
-0.286377,0.142090,0.909424
0.424805,-0.337769,0.970947
-0.488403,-0.047852,0.753906
0.247437,-0.044189,1.020508
0.085327,-0.435669,0.824341
-0.347656,0.113403,0.886108
0.463501,-0.319458,1.005493
-0.462769,-0.086426,0.751343
0.183838,-0.001709,1.008423
0.120117,-0.439087,0.839233
-0.392822,0.060425,0.837158
0.485596,-0.280884,1.043945
-0.416748,-0.154907,0.736938
0.114380,0.092285,1.051636
0.181152,-0.465088,0.849854
-0.435669,0.064209,0.830322
0.487061,-0.306274,1.030640
-0.378052,-0.175903,0.760498
0.053955,0.132446,1.045532
0.238403,-0.470581,0.872681
-0.469849,0.045898,0.790527
0.485718,-0.294678,1.035645
-0.324829,-0.232666,0.765137
-0.000488,0.142212,1.034058
0.283325,-0.457520,0.890747
-0.493652,0.046875,0.779175
0.483398,-0.265015,1.056274
-0.252441,-0.259644,0.784668
-0.063599,0.177124,1.022827
0.325195,-0.453613,0.909180
-0.503296,0.028198,0.776001
0.455933,-0.189453,1.072876
-0.181519,-0.264282,0.809204
-0.117188,0.189209,1.021973
0.371460,-0.462769,0.926880
-0.510986,0.014038,0.780396
0.434937,-0.148804,1.085449
-0.099243,-0.308472,0.812744
-0.179077,0.203003,1.002563
0.419312,-0.432861,0.966675
-0.503418,-0.068237,0.767700
0.374634,-0.125732,1.060303
0.020874,-0.367920,0.838623
-0.255981,0.215942,0.969727
0.447266,-0.385254,0.980835
-0.462402,-0.123779,0.757812
0.313477,-0.099121,1.057129
0.071777,-0.409302,0.832520
-0.297363,0.177734,0.936279
0.470825,-0.323975,1.011719
-0.432373,-0.146362,0.770630
0.234497,-0.042114,1.043091
0.120972,-0.445190,0.846680
-0.352295,0.130493,0.887451
0.486084,-0.267944,1.043579
-0.386597,-0.156738,0.780640
0.138184,0.020386,1.036621
0.206421,-0.496948,0.864258
-0.407959,0.047119,0.825317
0.502197,-0.233887,1.074341
-0.338867,-0.199341,0.767700
0.049194,0.104858,1.042358
0.303467,-0.517578,0.907227
-0.458252,0.029785,0.796265
0.476929,-0.203247,1.076050
-0.245361,-0.228394,0.798584
-0.036499,0.158081,1.042603
0.364136,-0.474731,0.947998
-0.488281,0.015259,0.790039
0.444824,-0.137817,1.090088
-0.128784,-0.288940,0.826416
-0.132568,0.211792,1.039429
0.414307,-0.438110,0.987915
-0.478394,-0.035889,0.787964
0.417358,-0.121826,1.093384
-0.007935,-0.338623,0.858032
-0.207764,0.212402,1.006104
0.449707,-0.372437,1.015015
-0.459595,-0.108276,0.783569
0.345215,-0.093872,1.085449
0.083008,-0.403931,0.859253
-0.281128,0.167603,0.944946
0.482910,-0.286255,1.053589
-0.409912,-0.134155,0.793579
0.261597,-0.038452,1.081055
0.129272,-0.463989,0.865479
-0.354004,0.133789,0.910400
0.520996,-0.252441,1.077881
-0.373413,-0.146851,0.785522
0.149048,0.054932,1.067627
0.242798,-0.490723,0.902588
-0.402832,0.041504,0.842651
0.523071,-0.233887,1.096069
-0.307007,-0.187500,0.804810
0.048828,0.130493,1.052734
0.323364,-0.471924,0.925049
-0.473389,0.040649,0.814575
0.500366,-0.186646,1.123047
-0.185547,-0.263550,0.832153
-0.049438,0.225098,1.079590
0.377808,-0.406128,0.978760
-0.503052,0.017700,0.802979
0.475098,-0.193848,1.116577
-0.052246,-0.357422,0.854370
-0.124390,0.225220,1.054932
0.409180,-0.347656,0.998047
-0.461792,-0.029053,0.814209
0.422852,-0.151611,1.107178
0.045044,-0.423706,0.863159
-0.201782,0.192871,1.012939
0.452026,-0.310059,1.045776
-0.447754,-0.070068,0.800293
0.355469,-0.079102,1.117798
0.067261,-0.424438,0.857300
-0.249878,0.163208,0.989380
0.510010,-0.290527,1.081909
-0.435059,-0.083008,0.794800
0.277100,-0.014404,1.093750
0.159302,-0.461670,0.888306
-0.322266,0.143433,0.944702
0.533081,-0.264038,1.108032
-0.383301,-0.119141,0.806274
0.204102,0.061157,1.097778
0.223511,-0.455322,0.912231
-0.372681,0.083618,0.899902
0.545654,-0.250610,1.130005
-0.324585,-0.218994,0.795776
0.117676,0.128418,1.090454
0.299438,-0.429077,0.952393
-0.426880,0.069946,0.858398
0.539185,-0.249634,1.121704
-0.240601,-0.263428,0.818970
0.039185,0.158813,1.067749
0.343506,-0.401123,0.975952
-0.442993,0.035034,0.833618
0.515259,-0.195557,1.134766
-0.176392,-0.256104,0.847290
-0.031006,0.189941,1.068604
0.401733,-0.416138,0.995972
-0.458740,0.007935,0.821533
0.494507,-0.124268,1.150635
-0.086670,-0.272827,0.874756
-0.108521,0.198364,1.049072
0.451416,-0.393066,1.034302
-0.453735,-0.047974,0.809570
0.450928,-0.075684,1.165894
0.022949,-0.337891,0.882324
-0.167114,0.235840,1.069580
0.474121,-0.371338,1.046143
-0.438232,-0.088989,0.811157
0.412842,-0.082642,1.137329
0.059448,-0.343262,0.895752
-0.253296,0.250488,1.033325
0.511719,-0.287354,1.089966
-0.388062,-0.149414,0.815552
0.335938,-0.026733,1.131104
0.120361,-0.380981,0.913208
-0.312744,0.193848,0.973145
0.551758,-0.254883,1.114990
-0.352051,-0.178345,0.820557
0.248413,0.018188,1.117798
0.206055,-0.409546,0.936279
-0.365356,0.121338,0.908447
0.561890,-0.246948,1.132446
-0.300781,-0.196045,0.824097
0.140747,0.116455,1.110840
0.297241,-0.455811,0.959717
-0.413208,0.083496,0.880371
0.549683,-0.210205,1.145630
-0.244751,-0.240723,0.830200
0.051758,0.199341,1.120728
0.377686,-0.431274,0.998779
-0.456787,0.066040,0.859375
0.532471,-0.169922,1.155029
-0.143677,-0.272949,0.861938
-0.031372,0.225586,1.098145
0.403076,-0.396118,1.003174
-0.451050,-0.007568,0.844238
0.508545,-0.143433,1.176270
-0.046265,-0.328369,0.872437
-0.089600,0.220093,1.091553
0.430786,-0.337891,1.026855
-0.439209,-0.015747,0.840820
0.474609,-0.146484,1.169067
0.017090,-0.402222,0.883911
-0.174683,0.213257,1.067871
0.484375,-0.327026,1.082031
-0.433838,-0.049561,0.825928
0.417236,-0.070312,1.163452
0.044556,-0.358887,0.908081
-0.243530,0.215576,1.031006
0.529907,-0.309204,1.105469
-0.406372,-0.086670,0.833008
0.350830,-0.015869,1.158081
0.127075,-0.383301,0.926514
-0.287231,0.185425,0.983154
0.546021,-0.265015,1.125610
-0.363159,-0.189575,0.812134
0.283081,0.019775,1.152466
0.200439,-0.401733,0.941772
-0.346313,0.158691,0.929077
0.556885,-0.246338,1.135498
-0.303589,-0.218872,0.847046
0.159424,0.054443,1.117798
0.274414,-0.437378,0.969238
-0.389648,0.116821,0.893677
0.558350,-0.176514,1.150024
-0.243286,-0.214233,0.864990
0.045898,0.151367,1.104858
0.359253,-0.434692,1.006592
-0.417480,0.039917,0.867676
0.535278,-0.147461,1.163818
-0.132080,-0.256958,0.873901
-0.047119,0.234009,1.097168
0.422241,-0.384644,1.019287
-0.425537,-0.027222,0.849976
0.490479,-0.107544,1.177856
-0.026611,-0.306519,0.897339
-0.135620,0.233032,1.065186
0.473389,-0.340332,1.077393
-0.432739,-0.090332,0.821533
0.433960,-0.045288,1.185913
0.027710,-0.332153,0.893066
-0.227417,0.247925,1.051514
0.517212,-0.294556,1.103760
-0.403320,-0.147339,0.818604
0.352661,-0.043579,1.156372
0.113403,-0.357910,0.927002
-0.296997,0.211182,0.985962
0.552734,-0.257324,1.123779
-0.339233,-0.168701,0.835449
0.220581,0.020874,1.133301
0.233765,-0.425293,0.962769
-0.366577,0.123657,0.905640
0.550903,-0.184082,1.147705
-0.265381,-0.211060,0.839355
0.099243,0.105713,1.114380
0.343872,-0.448242,0.986816
-0.439697,0.090698,0.885132
0.534424,-0.146729,1.166504
-0.150024,-0.283081,0.859741
-0.022095,0.190308,1.112061
0.403564,-0.378052,1.009521
-0.452637,0.011230,0.849854
0.507935,-0.129150,1.164673
-0.030151,-0.339355,0.880615
-0.121216,0.207275,1.089966
0.450562,-0.329224,1.045166
-0.449585,-0.030396,0.827271
0.445435,-0.071899,1.179565
0.028442,-0.340576,0.900513
-0.228760,0.234131,1.052368
0.493530,-0.274292,1.099609
-0.425415,-0.091064,0.820068
0.358154,-0.055664,1.156738
0.110229,-0.372192,0.931519
-0.288696,0.161621,0.983521
0.530640,-0.242188,1.132812
-0.373901,-0.143433,0.815796
0.225708,0.036011,1.132812
0.230469,-0.434814,0.943848
-0.358521,0.127319,0.929077
0.534302,-0.198486,1.138550
-0.291382,-0.216675,0.824707
0.101318,0.122070,1.103882
0.311279,-0.419922,0.974731
-0.425659,0.068481,0.886597
0.540039,-0.153076,1.167847
-0.181396,-0.266846,0.842163
-0.011841,0.182739,1.100586
0.369141,-0.387573,0.988037
-0.445923,0.014282,0.859985
0.521362,-0.174683,1.160767
-0.048096,-0.329224,0.877563
-0.110718,0.204956,1.077026
0.420410,-0.313599,1.028320
-0.465698,-0.024902,0.823608
0.454712,-0.128052,1.169067
0.006104,-0.350098,0.897583
-0.203613,0.183838,1.028442
0.467651,-0.253174,1.098145
-0.450195,-0.068115,0.794067
0.357056,-0.045166,1.161011
0.105225,-0.399536,0.906250
-0.299927,0.148682,0.979248
0.521729,-0.250122,1.126709
-0.367676,-0.167358,0.804932
0.224365,0.082520,1.141235
0.205078,-0.423096,0.924805
-0.406128,0.117798,0.906494
0.545654,-0.239014,1.144897
-0.291138,-0.243652,0.811401
0.106445,0.143555,1.110352
0.266113,-0.384399,0.948486
-0.431763,0.057007,0.870972
0.557495,-0.234497,1.141724
-0.208130,-0.287720,0.830078
0.003906,0.161255,1.080200
0.329346,-0.382202,0.957886
-0.461304,0.024780,0.842407
0.532104,-0.189575,1.162842
-0.083008,-0.352661,0.861328
-0.073853,0.182251,1.068726
0.357666,-0.348877,0.977295
-0.470215,-0.011841,0.817871
0.511353,-0.194214,1.152710
-0.076416,-0.340942,0.856934
-0.138916,0.207275,1.068970
0.417847,-0.325684,1.019409
-0.497192,-0.002686,0.814453
0.451904,-0.145752,1.152222
-0.024902,-0.367920,0.866333
-0.204956,0.201660,1.038696
0.439941,-0.298462,1.049805
-0.475464,-0.022827,0.802368
0.386841,-0.090454,1.152832
0.009399,-0.378662,0.874512
-0.256958,0.176270,1.009399
0.484863,-0.283691,1.084229
-0.469971,-0.055664,0.784912
0.296021,-0.013916,1.143677
0.103882,-0.432373,0.905640
-0.329224,0.149414,0.967407
0.504028,-0.281372,1.086548
-0.416504,-0.109497,0.789917
0.247437,0.036499,1.130737
0.146729,-0.412720,0.908691
-0.389160,0.151489,0.931641
0.520874,-0.276123,1.094482
-0.370850,-0.152588,0.800781
0.170898,0.094482,1.115112
0.180542,-0.397705,0.908936
-0.414429,0.104492,0.906494
0.527222,-0.263916,1.103638
-0.341064,-0.211914,0.795410
0.102539,0.138306,1.102051
0.233521,-0.403320,0.917725
-0.448853,0.087524,0.878784
0.534912,-0.250977,1.104248
-0.287598,-0.260498,0.803589
0.037231,0.131470,1.077271
0.272217,-0.382690,0.928223
-0.458862,0.057129,0.853027
0.505737,-0.205078,1.124512
-0.238647,-0.280884,0.808472
0.021851,0.099976,1.063599
0.326782,-0.388306,0.959473
-0.492065,0.055298,0.812988
0.481567,-0.158081,1.109375
-0.173096,-0.301880,0.808960
-0.041138,0.137695,1.055176
0.353516,-0.398071,0.977905
-0.512573,0.022583,0.803955
0.472900,-0.148438,1.117065
-0.141846,-0.273193,0.815430
-0.116211,0.155884,1.043823
0.389160,-0.393311,0.995117
-0.514160,-0.021362,0.796387
0.441284,-0.135620,1.121582
-0.115479,-0.299927,0.798950
-0.200195,0.184448,1.015381
0.425659,-0.336060,1.007935
-0.506104,-0.043091,0.780151
0.413086,-0.138306,1.126953
-0.067261,-0.325928,0.836426
-0.288086,0.207153,0.986450
0.444580,-0.315674,1.033325
-0.485718,-0.096924,0.763672
0.327515,-0.069336,1.110596
0.023804,-0.377930,0.847900
-0.351807,0.194702,0.937866
0.461792,-0.266235,1.052002
-0.445557,-0.130981,0.759644
0.246216,-0.014526,1.112183
0.088745,-0.401733,0.867798
-0.400879,0.175293,0.916870
0.469116,-0.245361,1.063232
-0.429077,-0.166748,0.756470
0.167603,-0.014282,1.074463
0.158569,-0.401489,0.907959
-0.447754,0.131104,0.867432
0.494629,-0.200195,1.080200
-0.366821,-0.164673,0.784546
0.057007,0.075928,1.065430
0.235962,-0.442871,0.919922
-0.472046,0.054688,0.831543
0.495239,-0.212524,1.080688
-0.288696,-0.206299,0.776123
-0.037964,0.117920,1.023193
0.300171,-0.386597,0.940918
-0.493530,0.006104,0.810181
0.467041,-0.166138,1.113770
-0.201660,-0.300171,0.768188
-0.124878,0.155640,1.010742
0.342163,-0.391602,0.941040
-0.519409,-0.012207,0.782959
0.440308,-0.168823,1.109619
-0.130615,-0.342285,0.776123
-0.225586,0.203125,0.999023
0.390625,-0.330078,0.977417
-0.531738,-0.042236,0.767822
0.388672,-0.150391,1.103882
-0.074951,-0.371094,0.800415
-0.307983,0.204834,0.959106
0.427368,-0.298340,1.015747
-0.516357,-0.046509,0.754395
0.301514,-0.089600,1.089600
-0.004028,-0.401001,0.824341
-0.374268,0.176514,0.917847
0.453125,-0.305298,1.024780
-0.480225,-0.080322,0.767822
0.185913,-0.000854,1.066772
0.088257,-0.410278,0.859619
-0.446655,0.155273,0.888794
0.467285,-0.245605,1.055420
-0.419067,-0.162354,0.765625
0.091187,0.080078,1.057495
0.156250,-0.412109,0.866455
-0.490234,0.087769,0.832764
0.486450,-0.252197,1.067017
-0.311035,-0.240112,0.768311
0.000977,0.123291,1.035278
0.229858,-0.363525,0.888062
-0.538208,0.041748,0.788574
0.469238,-0.261597,1.057129
-0.222290,-0.348877,0.749634
-0.087646,0.125610,0.994141
0.278809,-0.336304,0.909180
-0.562988,0.034180,0.753052
0.443848,-0.214722,1.079224
-0.160522,-0.397583,0.760620
-0.185059,0.143921,0.985474
0.341675,-0.352173,0.938354
-0.555176,0.045776,0.758545
0.383667,-0.149902,1.078247
-0.143188,-0.344116,0.782959
-0.255615,0.146362,0.954346
0.386841,-0.319214,0.992676
-0.562744,-0.003662,0.734009
0.305542,-0.097778,1.061890
-0.060791,-0.382080,0.809692
-0.333008,0.162109,0.932007
0.419922,-0.287720,1.010132
-0.525635,-0.049927,0.723755
0.214844,-0.012939,1.064453
-0.007324,-0.379395,0.833984
-0.417114,0.132324,0.884399
0.430420,-0.286499,1.019897
-0.471069,-0.119019,0.748169
0.151855,0.033569,1.052490
0.070679,-0.385620,0.850830
-0.489380,0.166870,0.847778
0.438232,-0.259521,1.020142
-0.436768,-0.207764,0.730957
0.103638,0.012085,1.051880
0.133545,-0.398804,0.858643
-0.537842,0.195190,0.828979
0.457642,-0.228271,1.031616
-0.333374,-0.236450,0.771362
-0.011230,0.067383,1.015625
0.206787,-0.461792,0.863892
-0.547974,0.084595,0.797363
0.444946,-0.214600,1.040771
-0.278931,-0.232056,0.754517
-0.117676,0.141479,0.982910
0.281860,-0.419434,0.911987
-0.538086,-0.004883,0.759033
0.421509,-0.154419,1.068726
-0.227661,-0.310547,0.724487
-0.214844,0.172607,0.973877
0.343506,-0.383057,0.937378
-0.551392,-0.030273,0.744141
0.376709,-0.117798,1.081177
-0.170044,-0.337280,0.733276
-0.308838,0.208130,0.938232
0.396973,-0.365845,0.962769
-0.554199,-0.045654,0.741943
0.289673,-0.078735,1.057617
-0.084839,-0.381836,0.760498
-0.398926,0.184570,0.894531
0.404175,-0.327515,0.970703
-0.520996,-0.078979,0.733154
0.199463,-0.024292,1.046631
0.012939,-0.410767,0.801147
-0.477295,0.190552,0.864014
0.431763,-0.271729,1.005615
-0.476074,-0.098389,0.748901
0.061523,0.072876,1.024902
0.130981,-0.425903,0.848633
-0.528564,0.098145,0.813843
0.430176,-0.219360,1.038452
-0.361084,-0.221191,0.721313
-0.020996,0.141846,1.022217
0.217163,-0.399414,0.867554
-0.576660,0.053101,0.779785
0.417603,-0.210083,1.036133
-0.262817,-0.322388,0.714478
-0.138916,0.149658,0.970703
0.292358,-0.375244,0.904419
-0.592651,0.032227,0.757324
0.392090,-0.183716,1.041748
-0.208008,-0.370483,0.704346
-0.227905,0.166504,0.956543
0.337158,-0.347778,0.924072
-0.602295,0.032593,0.745361
0.348267,-0.175049,1.035767
-0.136841,-0.374390,0.755127
-0.309814,0.166992,0.923340
0.358276,-0.318726,0.962646
-0.586426,-0.013550,0.729614
0.284302,-0.105103,1.040161
-0.068726,-0.411743,0.764404
-0.406982,0.195923,0.885254
0.393555,-0.296509,0.967041
-0.559204,-0.041138,0.702026
0.181519,-0.010742,1.027100
0.012573,-0.397339,0.810181
-0.482056,0.162109,0.859863
0.412720,-0.260864,1.008179
-0.497192,-0.113037,0.713745
0.076294,0.105713,1.029907
0.102661,-0.419434,0.828735
-0.545776,0.131592,0.817383
0.435425,-0.257812,1.018433
-0.380981,-0.192749,0.719360
-0.018921,0.170898,1.008301
0.182983,-0.381226,0.848511
-0.578979,0.072876,0.778931
0.432617,-0.252441,1.013062
-0.290161,-0.289185,0.705078
-0.090576,0.156616,0.973999
0.236206,-0.363647,0.866821
-0.603149,0.077637,0.741821
0.412109,-0.210327,1.027832
-0.204956,-0.334717,0.729492
-0.174927,0.161133,0.965820
0.281372,-0.344238,0.901489
-0.624512,0.060791,0.734253
0.381592,-0.209961,1.015381
-0.153931,-0.373413,0.733154
-0.276855,0.170654,0.923218
0.328979,-0.313599,0.936523
-0.596069,0.010742,0.707886
0.302246,-0.105225,1.029297
-0.093384,-0.392456,0.754150
-0.367065,0.160889,0.882324
0.381836,-0.315674,0.949097
-0.569580,-0.015259,0.692627
0.212402,-0.016235,1.016113
-0.035156,-0.384766,0.784668
-0.448242,0.193115,0.874390
0.397827,-0.301758,0.966919
-0.533203,-0.075806,0.707275
0.121216,0.068115,1.024780
0.044678,-0.406128,0.799805
-0.526245,0.195312,0.843750
0.414673,-0.261108,0.993408
-0.461914,-0.132935,0.719849
0.052368,0.080811,1.011353
0.124878,-0.414429,0.820923
-0.573730,0.146973,0.796509
0.414307,-0.217896,1.007324
-0.330200,-0.240479,0.719604
-0.039429,0.172852,1.005493
0.204346,-0.398926,0.852051
-0.610229,0.094727,0.770508
0.400879,-0.198608,1.057861
-0.249268,-0.309570,0.702515
-0.238770,0.169189,0.958252
0.350952,-0.331055,0.954590
-0.584106,0.002197,0.744263
0.328247,-0.143921,1.056152
-0.114868,-0.393188,0.773193
-0.335693,0.160645,0.912231
0.400391,-0.321289,0.977661
-0.535645,-0.008057,0.736816
0.229736,-0.026489,1.045288
-0.028564,-0.363037,0.819702
-0.433228,0.159302,0.887573
0.429810,-0.326904,0.994385
-0.493530,-0.102295,0.715332
0.152954,0.070068,1.052368
0.057129,-0.356445,0.837280
-0.501953,0.155396,0.853760
0.433960,-0.286987,1.008667
-0.455933,-0.180786,0.721924
0.078857,0.059082,1.033691
0.137939,-0.440552,0.840210
-0.545410,0.147827,0.810303
0.423218,-0.198608,1.027588
-0.350464,-0.209473,0.737671
0.001465,0.094727,1.014648
0.206421,-0.414917,0.874023
-0.580811,0.093628,0.780884
0.420166,-0.184937,1.032349
-0.281006,-0.276489,0.719482
-0.084473,0.140137,1.003784
0.258789,-0.425293,0.879761
-0.588989,0.050293,0.768066
0.413818,-0.178101,1.039795
-0.212646,-0.306641,0.716431
-0.203125,0.195190,0.975342
0.320557,-0.352417,0.927856
-0.598022,-0.008545,0.729614
0.368652,-0.169678,1.035522
-0.170776,-0.336670,0.721069
-0.282837,0.198242,0.942749
0.357178,-0.332642,0.946777
-0.593140,-0.041260,0.717285
0.303467,-0.136475,1.026978
-0.121216,-0.373169,0.745239
-0.346191,0.194092,0.906616
0.390869,-0.316650,0.961060
-0.572266,-0.034180,0.723511
0.231934,-0.079346,1.028076
-0.063232,-0.414673,0.764038
-0.416748,0.178345,0.879761
0.402710,-0.277954,0.984253
-0.519775,-0.094482,0.715698
0.144897,0.026733,1.036255
0.034546,-0.422485,0.802002
-0.506592,0.189087,0.836304
0.411865,-0.242310,0.999512
-0.447388,-0.156250,0.732666
0.052734,0.090942,1.029175
0.109009,-0.431641,0.823975
-0.555908,0.142212,0.809692
0.426025,-0.228149,1.011108
-0.359009,-0.188599,0.740112
-0.024902,0.152466,1.016602
0.188843,-0.411499,0.853760
-0.584473,0.094971,0.776855
0.411865,-0.213989,1.015625
-0.274170,-0.308105,0.705200
-0.108887,0.179810,0.994873
0.255493,-0.386108,0.864258
-0.597656,0.070435,0.770264
0.415161,-0.199463,1.024902
-0.219116,-0.346436,0.712646
-0.211060,0.173828,0.953247
0.318237,-0.363647,0.911987
-0.599854,0.025513,0.733032
0.355103,-0.148560,1.038208
-0.166748,-0.362061,0.726807
-0.298828,0.167847,0.904663
0.368286,-0.365723,0.933228
-0.606201,0.016724,0.725952
0.282593,-0.109863,1.016357
-0.100098,-0.386963,0.747437
-0.368286,0.188721,0.883789
0.380249,-0.297852,0.952881
-0.563721,-0.008789,0.711060
0.207642,-0.050903,1.010254
-0.032349,-0.395630,0.782349
-0.449097,0.181152,0.865601
0.414429,-0.288208,0.986450
-0.528320,-0.049683,0.706543
0.099976,0.061401,1.002319
0.046997,-0.390381,0.796875
-0.513916,0.141968,0.837769
0.440186,-0.271240,1.014648
-0.446899,-0.127930,0.728638
0.000732,0.153931,0.996704
0.143188,-0.387085,0.833618
-0.574585,0.112671,0.786133
0.426392,-0.241089,1.015015
-0.332397,-0.241211,0.722412
-0.058838,0.168823,0.977173
0.204468,-0.360352,0.848999
-0.606079,0.090454,0.747925
0.424561,-0.243774,1.018555
-0.254761,-0.345337,0.707520
-0.124023,0.161255,0.960693
0.258057,-0.380127,0.862427
-0.618408,0.128662,0.759155
0.401123,-0.218262,1.000000
-0.192261,-0.349243,0.735229
-0.216064,0.160522,0.933350
0.308838,-0.341553,0.902222
-0.620728,0.081177,0.735962
0.361694,-0.182251,1.018311
-0.158325,-0.372192,0.729126
-0.286743,0.161499,0.895752
0.352661,-0.328857,0.926758
-0.600830,0.022827,0.713623
0.296387,-0.098511,1.019409
-0.103638,-0.340332,0.764648
-0.361938,0.185669,0.885010
0.373169,-0.328003,0.933472
-0.564819,-0.000610,0.724609
0.236084,-0.046875,1.010864
-0.067749,-0.376587,0.760010
-0.429321,0.217285,0.872437
0.402344,-0.320557,0.940063
-0.547241,-0.071899,0.704224
0.162354,0.001831,1.009644
0.009521,-0.417847,0.783325
-0.503784,0.227417,0.849854
0.416626,-0.264160,0.968994
-0.481567,-0.087036,0.728516
0.076294,0.068237,1.010742
0.087402,-0.416748,0.823242
-0.542236,0.180664,0.834229
0.426636,-0.225830,1.004883
-0.413330,-0.126709,0.741211
-0.004639,0.166504,1.007324
0.169312,-0.404541,0.827637
-0.582153,0.147705,0.802246
0.420288,-0.213135,1.009888
-0.319336,-0.251099,0.716675
-0.069824,0.182495,0.989502
0.218384,-0.367798,0.862793
-0.608887,0.103760,0.761597
0.433472,-0.210693,1.036255
-0.243774,-0.321777,0.720581
-0.158325,0.178589,0.949951
0.272217,-0.362549,0.886230
-0.611328,0.079346,0.733276
0.407104,-0.179077,1.026978
-0.178223,-0.361450,0.719360
-0.228760,0.171753,0.916382
0.323975,-0.363647,0.901245
-0.623169,0.072021,0.719116
0.376465,-0.149048,1.018799
-0.118164,-0.357910,0.743652
-0.296143,0.190063,0.895508
0.349731,-0.327759,0.919067
-0.588989,0.027344,0.719971
0.301025,-0.116455,1.008423
-0.104858,-0.393066,0.735840
-0.368530,0.208130,0.884644
0.412476,-0.337891,0.946777
-0.571777,0.005127,0.714966
0.203613,-0.012085,0.996460
-0.031372,-0.405273,0.762817
-0.430176,0.187500,0.845947
0.387817,-0.271484,0.962891
-0.526733,-0.077637,0.708252
0.151489,0.020752,1.007446
0.043579,-0.403076,0.783691
-0.528198,0.229736,0.835083
0.424561,-0.246460,0.980347
-0.425903,-0.127686,0.749023
0.031982,0.112549,1.008911
0.124512,-0.404175,0.824951
-0.562256,0.180176,0.810913
0.436035,-0.200684,1.002075
-0.308472,-0.213379,0.732544
-0.062378,0.182373,0.998169
0.211914,-0.379395,0.855469
-0.597534,0.096802,0.747070
0.411987,-0.154907,1.021851
-0.209106,-0.317383,0.722900
-0.167236,0.205933,0.969849
0.315918,-0.374390,0.890625
-0.620117,0.094238,0.742310
0.359741,-0.142700,0.994141
-0.120850,-0.351440,0.731323
-0.271973,0.192261,0.906860
0.364868,-0.333374,0.926392
-0.590820,0.057129,0.727905
0.265381,-0.066284,0.986450
-0.042847,-0.402222,0.756348
-0.390015,0.175537,0.843994
0.409546,-0.264160,0.967773
-0.532715,-0.035034,0.711426
0.152710,0.058960,0.997192
0.026001,-0.386353,0.780762
-0.479126,0.183838,0.840454
0.434570,-0.250366,0.992920
-0.439941,-0.117310,0.732178
0.042358,0.167847,1.025879
0.114014,-0.386230,0.809448
-0.567261,0.182251,0.807739
0.430908,-0.218018,1.010010
-0.301270,-0.233276,0.738892
-0.021362,0.200562,1.017456
0.173340,-0.354126,0.833862
-0.619019,0.149048,0.770996
0.458862,-0.251953,1.015137
-0.234253,-0.300781,0.729492
-0.121582,0.192871,0.972778
0.281372,-0.352539,0.883667
-0.615112,0.111816,0.755981
0.405762,-0.171875,1.006348
-0.146240,-0.337646,0.728760
-0.223389,0.200684,0.917847
0.350342,-0.352417,0.916138
-0.596069,0.063477,0.744873
0.329224,-0.128174,0.997070
-0.088257,-0.407471,0.730591
-0.306519,0.174438,0.868408
0.391724,-0.307007,0.938110
-0.582764,0.069702,0.721191
0.234985,-0.018188,0.981934
-0.020996,-0.387207,0.774536
-0.384033,0.142090,0.859009
0.400635,-0.296509,0.950317
-0.538086,-0.010620,0.705811
0.169678,0.096558,1.016235
0.047485,-0.359863,0.793457
-0.490479,0.170044,0.819458
0.438843,-0.283081,0.985840
-0.440796,-0.094238,0.734253
0.067749,0.153687,1.021484
0.120728,-0.388062,0.813721
-0.551514,0.199829,0.810181
0.432739,-0.209351,1.002319
-0.340088,-0.170654,0.754517
-0.009888,0.154175,0.989014
0.197754,-0.374512,0.855713
-0.581177,0.142090,0.769287
0.419556,-0.155762,1.020630
-0.229370,-0.272461,0.743652
-0.102661,0.192383,0.974365
0.271729,-0.358276,0.888672
-0.608521,0.123413,0.754395
0.410767,-0.161377,1.011353
-0.142578,-0.345947,0.745605
-0.193604,0.208252,0.936279
0.331299,-0.339966,0.904663
-0.602173,0.097778,0.759277
0.357300,-0.114136,1.007324
-0.083252,-0.390747,0.738525
-0.273438,0.181763,0.895142
0.377197,-0.313110,0.932129
-0.575439,0.030884,0.731567
0.255127,-0.056519,0.968384
-0.016968,-0.391968,0.765503
-0.362793,0.182861,0.858154
0.412842,-0.281738,0.956177
-0.537720,-0.046509,0.709717
0.164062,0.044678,1.001587
0.013916,-0.397583,0.769043
-0.430542,0.134888,0.827759
0.456909,-0.277954,0.983154
-0.447632,-0.049805,0.751465
0.072754,0.197754,1.017578
0.083984,-0.354980,0.788330
-0.514038,0.123901,0.802612
0.463623,-0.295288,0.987061
-0.382446,-0.139893,0.766479
0.015625,0.167603,1.011597
0.182251,-0.376953,0.826538
-0.567871,0.149170,0.771484
0.444946,-0.179077,1.016357
-0.253174,-0.230957,0.765869
-0.094482,0.167725,0.975830
0.255249,-0.390747,0.874878
-0.584473,0.097290,0.756592
0.415161,-0.141846,1.021240
-0.146484,-0.287842,0.750000
-0.191040,0.213867,0.934326
0.353882,-0.360718,0.914917
-0.604370,0.061890,0.741943
0.348755,-0.134399,1.006104
-0.061890,-0.390259,0.750977
-0.267334,0.213745,0.895386
0.378052,-0.297241,0.925659
-0.567749,0.018799,0.732910
0.275635,-0.089355,0.981323
0.002075,-0.419922,0.762451
-0.363159,0.147583,0.834106
0.404053,-0.239746,0.959473
-0.509033,-0.008545,0.733154
0.168091,0.034912,1.009277
0.052612,-0.429932,0.771118
-0.469604,0.153320,0.821899
0.440918,-0.208008,1.005737
-0.439819,-0.080322,0.732788
0.073730,0.160889,1.024536
0.144165,-0.390503,0.812988
-0.551147,0.133179,0.778931
0.444336,-0.251221,0.998657
-0.335449,-0.187500,0.742920
-0.006592,0.217529,1.022217
0.216797,-0.364990,0.844727
-0.585449,0.130005,0.766357
0.432251,-0.219604,1.020386
-0.227051,-0.299561,0.746216
-0.092529,0.193115,0.974365
0.283203,-0.360474,0.893188
-0.592773,0.108276,0.756714
0.405151,-0.148804,1.017090
-0.134766,-0.329102,0.753784
-0.174194,0.169434,0.925537
0.348755,-0.372559,0.912964
-0.585449,0.084106,0.747681
0.346313,-0.085571,1.008789
-0.064575,-0.367188,0.756348
-0.238159,0.145630,0.888550
0.361816,-0.328857,0.938110
-0.565674,-0.000122,0.731689
0.318848,-0.067017,1.006470
-0.040161,-0.397827,0.733643
-0.329346,0.154907,0.853882
0.424072,-0.321289,0.956787
-0.531616,-0.062500,0.731689
0.220093,-0.014038,0.990479
-0.001709,-0.401367,0.753906
-0.392090,0.130371,0.822266
0.449707,-0.269043,0.992676
-0.468872,-0.063721,0.758789
0.104126,0.068359,0.998169
0.055542,-0.458496,0.760132
-0.455322,0.130859,0.815552
0.466553,-0.248657,1.003174
-0.402710,-0.088623,0.757690
0.036377,0.197632,1.019653
0.143066,-0.396729,0.805176
-0.528442,0.111816,0.777466
0.458130,-0.260376,0.994751
-0.317261,-0.185181,0.770874
-0.018433,0.194946,1.019043
0.219971,-0.395752,0.846436
-0.588501,0.111450,0.738892
0.457153,-0.215942,1.038574
-0.224121,-0.240356,0.768311
-0.081543,0.207031,1.000122
0.275513,-0.377930,0.882812
-0.610718,0.111450,0.741333
0.423340,-0.208984,1.014526
-0.124268,-0.317261,0.787354
0.374390,-0.358765,0.918213
0.324463,-0.084839,1.004150
-0.010376,-0.388916,0.756592
-0.315308,0.204102,0.877319
0.411133,-0.311768,0.953491
-0.523682,-0.089478,0.717773
0.237427,-0.048706,0.987427
0.015503,-0.437988,0.743042
-0.360596,0.166260,0.842529
0.440430,-0.272583,0.973877
-0.494751,-0.041992,0.742920
0.143433,0.026733,0.991821
0.080078,-0.431519,0.798096
-0.423706,0.090820,0.803589
0.436523,-0.237549,0.991821
-0.459473,-0.092651,0.731567
0.092041,0.116699,1.017578
0.139771,-0.451172,0.807495
-0.500122,0.111572,0.790894
0.466919,-0.277466,0.998413
-0.394043,-0.151733,0.753662
0.000610,0.167114,1.008423
0.200562,-0.419800,0.838379
-0.543091,0.077759,0.750977
0.468140,-0.260376,1.010742
-0.297119,-0.200806,0.776123
-0.057373,0.201904,1.008911
0.234131,-0.395996,0.860229
-0.564453,0.050171,0.729980
0.470703,-0.266968,1.031372
-0.234619,-0.240479,0.785522
-0.125000,0.204834,0.972534
0.290039,-0.375244,0.882446
-0.558716,0.071899,0.759033
0.423218,-0.207886,1.021484
-0.157227,-0.322998,0.784424
-0.172852,0.167847,0.948975
0.358887,-0.412598,0.921265
-0.565552,0.056641,0.748169
0.376953,-0.123901,1.018677
-0.063721,-0.333862,0.785889
-0.245728,0.199951,0.921631
0.376099,-0.379028,0.928101
-0.539307,-0.030640,0.748291
0.333740,-0.107422,1.013550
-0.017822,-0.395020,0.776123
-0.307007,0.190186,0.887329
0.412354,-0.350342,0.945801
-0.517090,-0.080688,0.726685
0.251709,-0.078003,0.996582
0.032471,-0.446899,0.765747
-0.356934,0.181030,0.851685
0.450928,-0.307373,0.968262
-0.490845,-0.074463,0.748779
0.151489,-0.012939,0.986084
0.076050,-0.495361,0.776489
-0.400269,0.088379,0.806396
0.452881,-0.253296,0.990234
-0.443237,-0.071655,0.753296
0.090332,0.072998,1.000244
0.140381,-0.482544,0.800659
-0.475708,0.081421,0.778809
0.453491,-0.236816,1.016724
-0.364258,-0.187378,0.752686
-0.002319,0.142212,1.011475
0.234009,-0.466675,0.842529
-0.540649,0.059937,0.738647
0.447266,-0.241577,1.013672
-0.251465,-0.241699,0.773071
-0.096313,0.193970,0.990356
0.296143,-0.414307,0.898438
-0.562500,0.035156,0.746826
0.417969,-0.211914,1.019043
-0.145630,-0.323364,0.770996
-0.175659,0.219482,0.964233
0.343628,-0.364624,0.926270
-0.548462,0.010986,0.747559
0.386841,-0.189697,1.023071
-0.046387,-0.389282,0.790283
-0.233643,0.180664,0.932495
0.375732,-0.353027,0.937744
-0.537109,-0.002930,0.743774
0.311279,-0.114502,1.006836
0.013306,-0.435425,0.802246
-0.291138,0.137085,0.890503
0.437012,-0.375732,0.956421
-0.518188,-0.017700,0.737915
0.223022,-0.000977,1.008301
0.055298,-0.437378,0.784546
-0.356445,0.117676,0.854370
0.445557,-0.354248,0.970703
-0.475464,-0.113525,0.740356
0.190063,0.022095,1.025024
0.084717,-0.428223,0.792480
-0.418335,0.104126,0.808472
0.457764,-0.301270,1.001587
-0.432617,-0.164917,0.727661
0.122559,0.054688,1.017700
0.141479,-0.461182,0.807373
-0.462402,0.119507,0.799805
0.448364,-0.269653,0.999390
-0.378906,-0.153564,0.765869
0.047485,0.092285,1.026611
0.199097,-0.516357,0.819092
-0.492188,0.062134,0.767944
0.465942,-0.242310,1.024048
-0.326050,-0.164185,0.780518
-0.038940,0.155518,1.007324
0.278687,-0.507935,0.861206
-0.518799,0.018799,0.754028
0.446411,-0.227905,1.030151
-0.231445,-0.228271,0.784668
-0.113403,0.203247,0.994507
0.323364,-0.421875,0.913696
-0.534302,0.005859,0.757568
0.415771,-0.207397,1.040894
-0.130615,-0.329712,0.796997
-0.164795,0.200073,0.994629
0.367065,-0.397461,0.935791
-0.554443,0.014526,0.762451
0.385742,-0.185913,1.036865
-0.028564,-0.427124,0.796631
-0.213257,0.178711,0.945068
0.392578,-0.345825,0.962646
-0.529907,0.004272,0.766113
0.311157,-0.134888,1.020752
0.037109,-0.488647,0.808228
-0.262573,0.118164,0.906616
0.427368,-0.309814,0.980225
-0.493652,-0.048096,0.745605
0.233276,-0.021973,1.013672
0.089722,-0.431274,0.826782
-0.340820,0.069824,0.870117
0.457642,-0.337769,1.006714
-0.458862,-0.114258,0.731201
0.160522,0.073364,1.027588
0.116821,-0.375000,0.853027
-0.426147,0.074951,0.826294
0.498169,-0.336060,1.029297
-0.432251,-0.171875,0.723633
0.106201,0.098022,1.027466
0.180420,-0.441895,0.847656
-0.453369,0.070068,0.799316
0.501221,-0.295166,1.045166
-0.376099,-0.212646,0.745850
0.028931,0.104614,1.020630
0.243408,-0.489502,0.865845
-0.478027,0.003174,0.764893
0.480713,-0.241333,1.061523
-0.316040,-0.215332,0.774292
-0.037720,0.159180,1.016113
0.315674,-0.485962,0.891602
-0.504395,0.010254,0.767456
0.446289,-0.200073,1.059692
-0.206299,-0.257690,0.809082
-0.107422,0.173706,1.003784
0.335571,-0.457153,0.917603
-0.523438,0.003662,0.759399
0.420288,-0.155273,1.061523
-0.109009,-0.290039,0.814453
-0.166382,0.215210,1.001465
0.376221,-0.400879,0.959229
-0.527344,-0.018799,0.766357
0.390259,-0.171509,1.051025
-0.026001,-0.396484,0.810547
-0.214722,0.181763,0.962524
0.419434,-0.353516,0.981079
-0.498535,-0.052002,0.756592
0.340698,-0.115723,1.047607
0.042480,-0.452026,0.818115
-0.277466,0.148804,0.927124
0.450073,-0.358398,0.984375
-0.470215,-0.085083,0.756226
0.284546,-0.062256,1.044800
0.082886,-0.453369,0.810425
-0.339233,0.145752,0.903320
0.472290,-0.331787,1.013916
-0.428467,-0.138916,0.774414
0.196411,0.007324,1.047852
0.117065,-0.441528,0.830688
-0.385254,0.120361,0.862793
0.495605,-0.296631,1.042480
-0.397705,-0.173096,0.767822
0.130249,0.065430,1.053955
0.195923,-0.497803,0.845825
-0.445190,0.063232,0.805908
0.495483,-0.263916,1.056763
-0.320557,-0.199951,0.779419
0.031860,0.155884,1.055420
0.288452,-0.471191,0.908203
-0.490845,0.017944,0.774658
0.471313,-0.237305,1.060913
-0.222656,-0.260864,0.824463
-0.045898,0.175781,1.036377
0.313843,-0.430054,0.921875
-0.501221,0.007568,0.781006
0.453979,-0.211792,1.073608
-0.157593,-0.298950,0.807861
-0.084961,0.188232,1.030640
0.388062,-0.377563,0.968994
-0.527100,0.042236,0.787476
0.428101,-0.197388,1.064453
-0.090210,-0.371826,0.832031
-0.129761,0.105347,1.008667
0.427612,-0.382324,1.010132
-0.510742,0.009888,0.774902
0.385376,-0.109497,1.057983
0.020630,-0.398682,0.834229
-0.195435,0.152710,0.985596
0.434204,-0.351074,1.013794
-0.487915,-0.072510,0.768433
0.343018,-0.090942,1.060669
0.066162,-0.405518,0.842529
-0.260132,0.163696,0.952515
0.477295,-0.311523,1.036011
-0.449219,-0.113770,0.781128
0.269287,-0.060303,1.053223
0.098633,-0.417114,0.853394
-0.312012,0.131958,0.913208
0.499146,-0.279175,1.055908
-0.402466,-0.112305,0.793091
0.184570,0.015137,1.060913
0.172241,-0.503418,0.855103
-0.374146,0.060791,0.872681
0.533447,-0.240967,1.102417
-0.364258,-0.151733,0.773804
0.086548,0.145630,1.068848
0.283203,-0.435425,0.927368
-0.451782,0.005371,0.815552
0.498657,-0.256226,1.092285
-0.257935,-0.271973,0.798584
0.003784,0.189941,1.056885
0.325562,-0.415771,0.939087
-0.492676,0.013184,0.803589
0.488281,-0.265747,1.094849
-0.160278,-0.344482,0.841309
-0.058228,0.185791,1.045288
0.365112,-0.365234,0.970825
-0.494873,0.034668,0.814819
0.467041,-0.197144,1.105103
-0.037476,-0.368286,0.867676
-0.117554,0.170898,1.029663
0.393188,-0.321167,1.008423
-0.492798,-0.002075,0.780029
0.419312,-0.150513,1.089600
0.044922,-0.427368,0.876343
-0.184570,0.156860,1.019043
0.440186,-0.323242,1.031982
-0.473389,-0.017944,0.768188
0.354980,-0.066772,1.086304
0.086914,-0.385010,0.900146
-0.233032,0.159668,1.011841
0.494629,-0.333862,1.058838
-0.448975,-0.064453,0.778198
0.301270,-0.004395,1.091553
0.105591,-0.406494,0.877563
-0.301147,0.161865,0.967285
0.529297,-0.311157,1.094238
-0.398682,-0.170532,0.786987
0.225708,0.033325,1.088501
0.171997,-0.402954,0.906494
-0.362549,0.135132,0.907227
0.546753,-0.270874,1.105103
-0.328369,-0.205444,0.798584
0.144409,0.055176,1.075439
0.255615,-0.440186,0.924805
-0.411255,0.085815,0.849854
0.530884,-0.217896,1.112061
-0.249634,-0.228760,0.831055
0.041504,0.147339,1.075684
0.331787,-0.455933,0.949829
-0.466553,0.066528,0.831421
0.518799,-0.213135,1.111938
-0.159424,-0.271362,0.860352
-0.046997,0.185425,1.061768
0.379150,-0.392334,0.991699
-0.476318,0.025024,0.809692
0.490356,-0.139648,1.139160
-0.057983,-0.312622,0.871948
-0.126343,0.234375,1.077148
0.437134,-0.386475,1.020386
-0.448120,-0.016113,0.835571
0.435181,-0.095947,1.125610
0.012939,-0.349365,0.875732
-0.179199,0.202271,1.040405
0.488525,-0.360229,1.060059
-0.442627,-0.081665,0.809570
0.382568,-0.061401,1.138794
0.061768,-0.364990,0.873169
-0.224731,0.195435,1.013794
0.506958,-0.301514,1.085205
-0.406128,-0.121338,0.816406
0.334229,-0.027832,1.123291
0.099487,-0.373291,0.905884
-0.299194,0.176636,0.973633
0.539673,-0.289062,1.117798
-0.393555,-0.162964,0.798462
0.259155,0.017090,1.112305
0.190430,-0.403320,0.927002
-0.345459,0.155396,0.941040
0.543213,-0.242920,1.128174
-0.339478,-0.173218,0.806274
0.209351,0.052124,1.113770
0.242188,-0.449219,0.939941
-0.404053,0.107544,0.878418
0.563599,-0.230835,1.126221
-0.276001,-0.207275,0.821411
0.111206,0.139526,1.114990
0.298828,-0.452881,0.947754
-0.417847,0.073608,0.865356
0.548950,-0.197510,1.140259
-0.221313,-0.217163,0.859131
0.027466,0.198120,1.103760
0.358154,-0.437866,0.973389
-0.485718,-0.026489,0.788086
0.437134,-0.152100,1.089966
-0.146851,-0.250610,0.882324
-0.179443,0.197876,1.020752
0.385132,-0.386597,1.010498
-0.489258,-0.057251,0.771973
0.385864,-0.101562,1.092041
0.043701,-0.401367,0.852539
-0.201050,0.171509,1.012085
0.448486,-0.342651,1.016602
-0.488403,-0.042236,0.775635
0.342407,-0.095947,1.077881
0.085449,-0.436401,0.862061
-0.263672,0.168335,0.982178
0.486938,-0.303223,1.067017
-0.460693,-0.079102,0.766357
0.273926,-0.056641,1.056396
0.109497,-0.451660,0.862061
-0.290161,0.140381,0.957153
0.517090,-0.276367,1.085327
-0.418091,-0.111206,0.783081
0.215942,0.050537,1.087036
0.169800,-0.435913,0.893311
-0.373047,0.111328,0.926147
0.547729,-0.322876,1.094604
-0.374023,-0.151245,0.794556
0.161499,0.119873,1.092285
0.222290,-0.460815,0.895874
-0.394165,0.089355,0.885864
0.543579,-0.280273,1.110474
-0.345703,-0.213989,0.783081
0.111938,0.127686,1.082520
0.270752,-0.457275,0.916992
-0.413330,0.078369,0.864380
0.531982,-0.244263,1.106567
-0.303955,-0.234863,0.794800
0.080322,0.124023,1.066284
0.292725,-0.459717,0.927734
-0.418579,0.056274,0.842285
0.537964,-0.219238,1.116333
-0.262207,-0.229126,0.819824
0.036011,0.162476,1.072632
0.332520,-0.443359,0.951904
-0.454834,0.044189,0.820557
0.514160,-0.230225,1.103027
-0.203979,-0.268188,0.843750
-0.006348,0.161621,1.057373
0.352295,-0.420410,0.971191
-0.467651,0.023071,0.818481
0.523682,-0.207764,1.119629
-0.153442,-0.252563,0.863403
-0.069580,0.195557,1.052979
0.392456,-0.416138,0.992065
-0.461060,0.003052,0.833252
0.489136,-0.141113,1.133301
-0.099365,-0.244019,0.873047
-0.081421,0.192383,1.054688
0.420654,-0.390991,1.022705
-0.472290,-0.039429,0.806641
0.466064,-0.122314,1.140869
-0.018188,-0.308960,0.881836
-0.118774,0.202759,1.074707
0.451538,-0.348389,1.038452
-0.472778,-0.003784,0.811035
0.425049,-0.086304,1.130493
0.037720,-0.383667,0.880615
-0.177246,0.186035,1.051270
0.485107,-0.320557,1.076660
-0.445190,-0.065918,0.796753
0.379272,-0.045044,1.135132
0.068970,-0.373535,0.890137
-0.236938,0.195312,1.019409
0.513672,-0.312012,1.088623
-0.432007,-0.095337,0.797852
0.333740,-0.016602,1.118896
0.108154,-0.373047,0.906860
-0.280396,0.179810,0.985229
0.545410,-0.279297,1.120483
-0.402222,-0.153198,0.800781
0.265259,0.011353,1.114746
0.183350,-0.427124,0.920410
-0.340576,0.158569,0.946411
0.548218,-0.257690,1.114990
-0.346436,-0.183594,0.816528
0.210693,0.038208,1.110474
0.248413,-0.435181,0.952393
-0.382202,0.113770,0.889771
0.548950,-0.221069,1.120972
-0.284668,-0.192017,0.825562
0.117432,0.124756,1.105713
0.325195,-0.488037,0.958252
-0.410400,0.072998,0.859009
0.534912,-0.180786,1.128906
-0.216553,-0.198486,0.846558
0.035645,0.188232,1.107910
0.380737,-0.447632,0.989502
-0.451660,0.041138,0.858643
0.520264,-0.153564,1.153442
-0.154053,-0.255981,0.858398
-0.035156,0.224243,1.106689
0.437134,-0.415283,1.029175
-0.459961,0.011108,0.840576
0.485718,-0.122559,1.152100
-0.037476,-0.307373,0.888306
-0.098999,0.206421,1.075195
0.461304,-0.348755,1.052124
-0.458008,-0.061523,0.824097
0.444824,-0.110107,1.154297
0.042847,-0.347046,0.897705
-0.165405,0.214233,1.049316
0.486450,-0.267456,1.100098
-0.431763,-0.105469,0.816895
0.393555,-0.085205,1.161377
0.065186,-0.378662,0.908447
-0.248779,0.187744,1.009155
0.526611,-0.257690,1.128174
-0.397583,-0.096313,0.827026
0.316284,-0.009766,1.142700
0.152466,-0.400024,0.942749
-0.312256,0.141479,0.957642
0.567139,-0.258179,1.138062
-0.349854,-0.146729,0.829956
0.193604,0.084106,1.119751
0.253906,-0.441406,0.956909
-0.352783,0.086548,0.919434
0.564941,-0.208984,1.155762
-0.287720,-0.192261,0.828369
0.088867,0.148682,1.105835
0.329956,-0.420776,0.985596
-0.417114,0.060181,0.880981
0.548218,-0.175903,1.173706
-0.160767,-0.261475,0.869385
-0.006348,0.192749,1.087769
0.391602,-0.374146,1.002930
-0.455811,-0.000610,0.837158
0.507812,-0.157471,1.169189
-0.014160,-0.374268,0.892944
-0.078247,0.223755,1.101929
0.426880,-0.326782,1.037109
-0.479980,0.019287,0.823242
0.456543,-0.140991,1.153076
0.026001,-0.383789,0.891602
-0.131836,0.181396,1.080811
0.470703,-0.283447,1.085083
-0.475464,0.000244,0.808105
0.403809,-0.071167,1.151611
0.067505,-0.394043,0.911377
-0.214478,0.165894,1.055054
0.536987,-0.280396,1.141479
-0.432739,-0.057373,0.806519
0.321533,0.039917,1.155396
0.121460,-0.400757,0.929565
-0.293457,0.133911,1.001099
0.567017,-0.281616,1.155151
-0.376709,-0.154785,0.821045
0.260010,0.054932,1.140625
0.181763,-0.388428,0.937378
-0.339966,0.104980,0.922974
0.569824,-0.256592,1.155518
-0.323975,-0.191895,0.843994
0.198364,0.071289,1.128418
0.249023,-0.405396,0.956421
-0.400513,0.113403,0.895142
0.558960,-0.219360,1.140137
-0.259888,-0.219971,0.852051
0.124268,0.110962,1.124146
0.310913,-0.427734,0.973022
-0.427490,0.113525,0.900513
0.549438,-0.184814,1.144409
-0.212036,-0.255493,0.844604
0.048462,0.183105,1.120483
0.352539,-0.386719,1.000977
-0.430664,0.034546,0.866089
0.537476,-0.169067,1.162109
-0.118164,-0.291870,0.880127
-0.035645,0.196289,1.098755
0.378906,-0.357178,1.010254
-0.452271,-0.010254,0.845215
0.518433,-0.151245,1.182495
-0.050171,-0.365845,0.870850
-0.070190,0.202271,1.097168
0.395630,-0.337402,0.995850
-0.473511,0.005737,0.828369
0.494507,-0.182495,1.160522
-0.009033,-0.399658,0.886108
-0.133667,0.202637,1.077881
0.445557,-0.276001,1.073486
-0.504517,0.009766,0.807495
0.452271,-0.142822,1.163940
0.025879,-0.421753,0.888062
-0.200562,0.190063,1.056641
0.493530,-0.294067,1.094116
-0.470215,0.034058,0.809692
0.382935,-0.022583,1.154663
0.067871,-0.376099,0.911865
-0.247070,0.149048,1.013916
0.524780,-0.291138,1.117676
-0.437012,-0.055542,0.805298
0.326050,0.008667,1.162720
0.106445,-0.399414,0.907959
-0.294556,0.122925,0.971191
0.545166,-0.289795,1.124756
-0.398682,-0.123657,0.818237
0.254761,0.064575,1.151978
0.155151,-0.400879,0.909058
-0.339722,0.101929,0.939331
0.571533,-0.268188,1.150513
-0.367188,-0.181519,0.802124
0.176025,0.086670,1.120728
0.240479,-0.429077,0.937012
-0.399536,0.131226,0.912842
0.547607,-0.229980,1.138184
-0.316162,-0.215576,0.818604
0.121460,0.087402,1.098633
0.270508,-0.396973,0.952271
-0.445068,0.101685,0.873047
0.557373,-0.212036,1.151855
-0.233032,-0.278198,0.831177
0.032837,0.161011,1.094360
0.321045,-0.381104,0.967285
-0.443604,0.045166,0.854614
0.536011,-0.167358,1.157837
-0.166748,-0.281250,0.835083
-0.036377,0.163574,1.073730
0.372437,-0.389771,0.985229
-0.451050,-0.008423,0.848267
0.504150,-0.138306,1.151855
-0.104370,-0.312378,0.827881
-0.098877,0.183594,1.050293
0.411865,-0.341919,1.023926
-0.481445,-0.039307,0.820435
0.470215,-0.121094,1.166016
-0.065186,-0.339111,0.825562
-0.184326,0.197632,1.039307
0.447144,-0.320679,1.047729
-0.488892,-0.050293,0.808228
0.418945,-0.107422,1.162231
-0.011719,-0.358398,0.854004
-0.252686,0.211060,1.002930
0.491455,-0.305908,1.064575
-0.465332,-0.052490,0.794312
0.346069,-0.079956,1.136108
0.051880,-0.376587,0.886108
-0.314819,0.158203,0.960938
0.498779,-0.261963,1.092529
-0.399658,-0.146606,0.786621
0.243164,0.005005,1.120972
0.130981,-0.417358,0.891235
-0.377808,0.122803,0.913574
0.515503,-0.245239,1.103027
-0.351318,-0.178223,0.793457
0.134521,0.106079,1.104736
0.215698,-0.415771,0.913330
-0.441650,0.069458,0.865234
0.517456,-0.227905,1.115601
-0.281738,-0.273804,0.797363
0.059937,0.162109,1.094604
0.271729,-0.375854,0.922241
-0.487671,0.064331,0.842041
0.516602,-0.231445,1.118652
-0.159058,-0.346802,0.824951
-0.029541,0.138184,1.055176
0.311035,-0.361938,0.948486
-0.486084,0.021851,0.826782
0.487793,-0.189941,1.126343
-0.146729,-0.369995,0.797119
-0.098267,0.126099,1.039917
0.364868,-0.346069,0.978149
-0.500854,0.020508,0.794556
0.434326,-0.133667,1.122192
-0.105469,-0.347778,0.824829
-0.169922,0.140015,1.031494
0.411255,-0.334595,1.007446
-0.519409,0.003296,0.776733
0.386230,-0.084473,1.123291
-0.063843,-0.338013,0.823730
-0.269287,0.177612,1.001465
0.463013,-0.343262,1.040527
-0.504761,-0.060425,0.771484
0.355103,-0.070801,1.128052
-0.015381,-0.349609,0.833374
-0.350708,0.203857,0.934204
0.491211,-0.305054,1.053711
-0.444092,-0.154175,0.765747
0.264282,-0.051270,1.103271
0.061890,-0.384766,0.857666
-0.401367,0.197144,0.894897
0.469482,-0.243530,1.055786
-0.395142,-0.184204,0.785522
0.185181,-0.016846,1.089111
0.129761,-0.422485,0.878296
-0.452026,0.146484,0.859009
0.491577,-0.216919,1.078247
-0.366577,-0.184814,0.787598
0.071411,0.086670,1.074463
0.202637,-0.408081,0.900391
-0.478027,0.065430,0.830078
0.503662,-0.233765,1.083374
-0.266846,-0.254028,0.781738
-0.022339,0.155518,1.048950
0.279297,-0.403442,0.908569
-0.511475,0.041626,0.807129
0.474365,-0.199219,1.100342
-0.191162,-0.350220,0.769287
-0.103516,0.153320,1.014282
0.312988,-0.362305,0.928101
-0.532471,-0.006592,0.774414
0.446411,-0.173096,1.105835
-0.156860,-0.364258,0.750000
-0.178101,0.150391,0.997925
0.360718,-0.355469,0.961060
-0.548950,-0.014526,0.769409
0.422363,-0.172119,1.091187
-0.129761,-0.347046,0.774780
-0.253540,0.187622,0.973633
0.401001,-0.329224,0.992676
-0.535522,-0.030884,0.764893
0.353027,-0.120361,1.088867
-0.085083,-0.348877,0.802734
-0.300537,0.166138,0.935059
0.419189,-0.314697,1.000977
-0.517334,-0.068237,0.751099
0.283936,-0.079956,1.079712
-0.013550,-0.376099,0.822388
-0.378296,0.167603,0.907104
0.439331,-0.281860,1.030396
-0.485229,-0.111328,0.748657
0.199585,-0.019165,1.067993
0.055176,-0.422607,0.832275
-0.458374,0.161499,0.867065
0.484619,-0.262573,1.060303
-0.444092,-0.126831,0.746704
0.089111,0.091797,1.046021
0.142944,-0.416626,0.871948
-0.491577,0.102783,0.848999
0.459473,-0.257568,1.044922
-0.376099,-0.180908,0.764404
0.008301,0.124268,1.033936
0.212158,-0.397705,0.887329
-0.528076,0.033447,0.797607
0.452515,-0.224243,1.072998
-0.254639,-0.324097,0.729858
-0.075317,0.160522,1.007446
0.267578,-0.384277,0.880127
-0.551636,0.028442,0.787964
0.430786,-0.237671,1.048340
-0.217896,-0.348389,0.729980
-0.164307,0.138062,0.975220
0.322632,-0.351685,0.925171
-0.547607,0.026489,0.766479
0.388916,-0.148438,1.070801
-0.171631,-0.325562,0.756714
-0.274414,0.155151,0.947632
0.376709,-0.369629,0.960938
-0.549927,-0.081177,0.727417
0.329102,-0.094727,1.074707
-0.096436,-0.317017,0.770630
-0.383667,0.225098,0.909790
0.406494,-0.323486,0.988770
-0.515869,-0.138672,0.716309
0.236084,-0.063965,1.056274
-0.017578,-0.389038,0.799072
-0.465698,0.213867,0.874023
0.441162,-0.292725,1.007446
-0.491821,-0.129639,0.728149
0.118896,0.012451,1.031372
0.104370,-0.447876,0.834351
-0.522949,0.175659,0.839233
0.436890,-0.241699,1.020386
-0.392578,-0.166992,0.759033
0.020142,0.082642,1.025513
0.188843,-0.447388,0.851196
-0.559204,0.122803,0.812378
0.428711,-0.194458,1.038574
-0.297119,-0.253296,0.740112
-0.078979,0.123291,0.991211
0.256348,-0.432129,0.883667
-0.581787,0.053711,0.778687
0.422852,-0.194214,1.037231
-0.236084,-0.296509,0.724609
-0.189941,0.173584,0.962280
0.316284,-0.381592,0.912964
-0.574219,-0.005493,0.755005
0.382446,-0.167114,1.051636
-0.194092,-0.336548,0.724487
-0.257080,0.188232,0.947754
0.356323,-0.347412,0.934448
-0.591553,-0.008789,0.732666
0.331787,-0.136597,1.040771
-0.135498,-0.376831,0.729736
-0.323364,0.187012,0.908691
0.376343,-0.323364,0.951782
-0.571167,-0.029419,0.737183
0.267578,-0.086548,1.041870
-0.083130,-0.383057,0.768433
-0.420532,0.202515,0.876343
0.402222,-0.307861,0.971558
-0.527710,-0.083374,0.720459
0.182373,-0.023926,1.028687
-0.003296,-0.401245,0.802734
-0.500610,0.194702,0.849243
0.429077,-0.269287,0.996704
-0.489380,-0.113892,0.726685
0.070068,0.092529,1.028687
0.095215,-0.438721,0.818726
-0.543335,0.152588,0.825317
0.424316,-0.239258,0.998413
-0.391846,-0.191895,0.729492
-0.022095,0.170654,1.013184
0.198975,-0.415283,0.857178
-0.581787,0.091187,0.777100
0.415771,-0.225830,1.019287
-0.283325,-0.302124,0.719482
-0.099854,0.169312,0.978271
0.236084,-0.346069,0.876587
-0.608276,0.066040,0.746094
0.421875,-0.232910,1.032837
-0.210938,-0.372803,0.708008
-0.193237,0.178467,0.949341
0.289795,-0.338745,0.900757
-0.620850,0.052002,0.718506
0.371338,-0.207275,1.012451
-0.145874,-0.404663,0.731689
-0.284058,0.171021,0.916992
0.329590,-0.325806,0.921875
-0.599731,0.034790,0.717529
0.302612,-0.139648,0.995239
-0.078491,-0.410034,0.745361
-0.356567,0.192871,0.901611
0.359985,-0.310059,0.939331
-0.572632,0.002563,0.723511
0.227295,-0.062500,1.013184
-0.042358,-0.410767,0.776855
-0.449707,0.201172,0.865967
0.394287,-0.270630,0.972656
-0.534912,-0.047607,0.712769
0.129761,0.046509,1.007446
0.029907,-0.388794,0.809082
-0.527832,0.182983,0.847412
0.419922,-0.269043,0.993042
-0.455444,-0.154175,0.717896
0.033813,0.116821,1.002441
0.129395,-0.416382,0.819092
-0.564331,0.160645,0.816895
0.414062,-0.218140,1.004395
-0.348877,-0.217285,0.733276
-0.038696,0.141846,0.996216
0.211670,-0.399048,0.861328
-0.601562,0.120117,0.774414
0.398926,-0.183594,1.013916
-0.255371,-0.335449,0.692505
-0.135010,0.172607,0.969482
0.281616,-0.385742,0.886597
-0.609863,0.095703,0.749268
0.370483,-0.148071,1.009277
-0.195190,-0.350342,0.705322
-0.224487,0.174805,0.937500
0.329956,-0.378052,0.904785
-0.602783,0.038696,0.731812
0.336182,-0.105713,1.026855
-0.135010,-0.363525,0.712036
-0.332275,0.218018,0.896484
0.381958,-0.337769,0.934204
-0.571899,-0.030029,0.709717
0.250000,-0.060669,1.010376
-0.073364,-0.382935,0.745605
-0.432983,0.224609,0.862671
0.405640,-0.286987,0.950928
-0.522461,-0.092651,0.712402
0.129761,0.001831,0.996582
0.028564,-0.425049,0.785278
-0.509277,0.213745,0.838501
0.408447,-0.228882,0.976929
-0.439941,-0.099121,0.738892
0.033569,0.099121,0.994141
0.153931,-0.423462,0.834595
-0.580688,0.163696,0.800293
0.403564,-0.170898,1.001587
-0.307739,-0.208130,0.721802
-0.067993,0.163330,0.980957
0.228760,-0.373535,0.875977
-0.597778,0.093384,0.756226
0.390381,-0.153076,1.007324
-0.207275,-0.302490,0.709839
-0.170166,0.195435,0.959351
0.313110,-0.368896,0.898071
-0.615967,0.081421,0.750122
0.362793,-0.138672,1.008545
-0.139038,-0.368652,0.713257
-0.267944,0.186279,0.908813
0.351929,-0.326782,0.916870
-0.596069,0.038696,0.730347
0.285034,-0.093018,0.993652
-0.057007,-0.408813,0.743774
-0.372070,0.189209,0.865356
0.390015,-0.287476,0.946167
-0.560791,0.010986,0.713867
0.190308,-0.020264,0.979736
-0.006226,-0.415161,0.775024
-0.444458,0.189331,0.849731
0.414307,-0.250122,0.978027
-0.498413,-0.051514,0.735229
0.085693,0.100586,0.999512
0.071045,-0.411621,0.786377
-0.523315,0.157715,0.815552
0.439331,-0.231201,1.003662
-0.411499,-0.105225,0.746460
0.006226,0.185669,1.005127
0.163818,-0.391479,0.828857
-0.583008,0.120117,0.781860
0.425049,-0.204712,1.018188
-0.307495,-0.230591,0.724487
-0.049072,0.200562,0.992798
0.223999,-0.359985,0.859375
-0.623413,0.135376,0.749878
0.428345,-0.211670,1.008911
-0.198730,-0.326172,0.729858
-0.112671,0.172241,0.957764
0.261230,-0.339722,0.872437
-0.620728,0.148315,0.749512
0.406006,-0.172607,1.020874
-0.139282,-0.374390,0.737793
-0.191162,0.138306,0.922363
0.318604,-0.325684,0.906494
-0.617676,0.133179,0.730347
0.366089,-0.111328,1.013550
-0.098389,-0.362061,0.733765
-0.268188,0.155518,0.890747
0.368042,-0.335083,0.935425
-0.585693,0.041870,0.725220
0.294434,-0.051392,1.010498
-0.065186,-0.411377,0.724976
-0.348633,0.208130,0.879395
0.407471,-0.317261,0.936157
-0.543335,-0.032104,0.721436
0.230591,-0.006226,0.993042
-0.020874,-0.384033,0.744873
-0.410034,0.199951,0.846069
0.431396,-0.295288,0.966553
-0.526489,-0.084595,0.712036
0.155151,0.017090,0.998413
0.051025,-0.383179,0.803223
-0.496948,0.212402,0.835693
0.430664,-0.238892,0.968384
-0.432739,-0.090332,0.748901
0.062134,0.134521,1.020142
0.126953,-0.410767,0.820435
-0.549683,0.164795,0.795776
0.437866,-0.198242,0.999390
-0.341919,-0.174194,0.743652
-0.029663,0.191650,1.008789
0.214600,-0.401978,0.851440
-0.580933,0.131836,0.775757
0.431152,-0.170166,1.026367
-0.248901,-0.238159,0.743042
-0.111938,0.208008,0.970215
0.291382,-0.367432,0.888550
-0.590698,0.109985,0.774048
0.412109,-0.172974,1.014160
-0.147461,-0.313477,0.756714
-0.197021,0.197510,0.925659
0.346191,-0.342407,0.920898
-0.597534,0.081787,0.740845
0.365479,-0.127197,1.018555
-0.063721,-0.365967,0.750610
-0.288574,0.200073,0.881592
0.389648,-0.312012,0.934692
-0.569702,0.028076,0.730469
0.267578,-0.088379,0.970459
-0.013062,-0.432129,0.753662
-0.350464,0.150757,0.841919
0.413574,-0.271118,0.944946
-0.534912,0.019775,0.736450
0.187866,0.000854,0.989136
0.058594,-0.421997,0.796509
-0.453491,0.156738,0.824951
0.428101,-0.253784,0.964844
-0.466797,-0.066040,0.737061
0.096313,0.118774,1.013184
0.118042,-0.411865,0.816895
-0.518188,0.150513,0.794800
0.438599,-0.204224,0.989136
-0.373169,-0.154297,0.749756
0.011230,0.145874,1.005859
0.188232,-0.411743,0.841309
-0.568848,0.138672,0.756592
0.440674,-0.185425,1.019653
-0.267090,-0.201538,0.757568
-0.085327,0.173828,0.977051
0.265625,-0.402588,0.881470
-0.590820,0.088379,0.734009
0.424683,-0.145996,1.034790
-0.147217,-0.302856,0.767944
-0.185059,0.222290,0.952026
0.341553,-0.361816,0.905884
-0.583130,0.088013,0.747681
0.362427,-0.119751,1.010132
-0.072998,-0.374390,0.760620
-0.251953,0.188843,0.901489
0.380371,-0.333740,0.926636
-0.554443,0.026733,0.738403
0.303833,-0.067505,1.001709
-0.023315,-0.425049,0.742554
-0.314209,0.145874,0.850586
0.400757,-0.280273,0.954224
-0.520996,-0.064331,0.725830
0.230469,-0.038086,0.995483
0.037720,-0.435913,0.758423
-0.406738,0.160400,0.824707
0.423584,-0.269531,0.960938
-0.469482,-0.067749,0.755249
0.136597,0.042114,1.002441
0.094604,-0.444458,0.793213
-0.495483,0.156006,0.789795
0.439575,-0.220093,0.995605
-0.389648,-0.147217,0.748291
0.037842,0.140015,1.019287
0.170532,-0.434204,0.823853
-0.553589,0.128418,0.759888
0.459961,-0.246338,1.004150
-0.295776,-0.216919,0.759033
-0.082764,0.199585,1.001709
0.260986,-0.427368,0.866943
-0.558228,0.058838,0.729980
0.432617,-0.187256,1.020020
-0.182617,-0.262817,0.775513
-0.165894,0.207275,0.958740
0.323120,-0.372314,0.899780
-0.565063,0.052368,0.750732
0.400269,-0.168457,1.024902
-0.076538,-0.352783,0.788696
-0.237549,0.202026,0.917358
0.368164,-0.315796,0.930420
-0.549683,0.012329,0.749756
0.322266,-0.130005,1.004883
-0.018188,-0.429443,0.769409
-0.290161,0.144165,0.862549
0.402954,-0.270874,0.957520
-0.522461,-0.004395,0.752930
0.229126,-0.051270,0.992676
0.046875,-0.478882,0.768188
-0.371826,0.107666,0.825562
0.436646,-0.283691,0.971680
-0.490479,-0.032104,0.745972
0.129517,0.071533,0.996948
0.108765,-0.442383,0.795776
-0.453613,0.098511,0.787109
0.455566,-0.281372,0.991211
-0.419189,-0.127197,0.750122
0.049438,0.140503,1.013428
0.165039,-0.409546,0.827515
-0.513794,0.068726,0.759766
0.470337,-0.274902,1.020752
-0.328125,-0.204834,0.760986
-0.031006,0.183716,1.012695
0.228760,-0.392822,0.858154
-0.556763,0.047241,0.729614
0.454834,-0.268555,1.018677
-0.234253,-0.280762,0.788452
-0.100464,0.176147,0.983765
0.285889,-0.390381,0.891846
-0.561279,0.054688,0.744873
0.421021,-0.203735,1.031982
-0.133911,-0.310913,0.796265
-0.172729,0.190186,0.967773
0.336060,-0.395386,0.909302
-0.544800,0.015747,0.760986
0.374878,-0.125732,1.037964
-0.039673,-0.352905,0.798340
-0.247192,0.209473,0.935425
0.376587,-0.403442,0.914917
-0.545654,-0.044312,0.738037
0.330322,-0.106934,1.020752
0.031250,-0.419678,0.779663
-0.317871,0.214600,0.893555
0.406372,-0.302856,0.950317
-0.498901,-0.119385,0.734741
0.242798,-0.104004,0.990112
0.059937,-0.465820,0.787231
-0.366699,0.120850,0.835083
0.451416,-0.277954,1.008911
-0.491699,-0.092163,0.733276
0.154297,-0.010132,1.009521
0.111694,-0.471069,0.808960
-0.523560,0.089478,0.769775
0.438599,-0.186279,1.012939
-0.331787,-0.152466,0.743408
-0.050781,0.213867,1.006714
0.255981,-0.424194,0.864868
-0.573730,0.085938,0.745605
0.443970,-0.207153,1.020264
-0.230347,-0.227905,0.760620
-0.116333,0.232788,0.991943
0.296021,-0.386108,0.879883
-0.586670,0.079590,0.752197
0.429932,-0.197876,1.025635
-0.120850,-0.330078,0.778442
-0.197144,0.233765,0.947998
0.321533,-0.351318,0.904175
-0.564453,0.042725,0.755249
0.394775,-0.169434,1.035889
-0.048828,-0.377686,0.778931
-0.245850,0.212280,0.921143
0.352295,-0.310791,0.916504
-0.552002,0.004028,0.736816
0.343628,-0.141846,1.015747
-0.015015,-0.406250,0.783569
-0.286011,0.163330,0.875366
0.394409,-0.304932,0.939575
-0.541870,-0.023560,0.729614
0.261963,-0.085693,0.983154
0.031250,-0.452759,0.769409
-0.331543,0.125977,0.840698
0.426880,-0.258667,0.968018
-0.511841,-0.029053,0.747559
0.187988,-0.010376,0.997314
0.064453,-0.445557,0.789307
-0.405640,0.100220,0.815430
0.461670,-0.272949,0.996094
-0.474365,-0.077393,0.746582
0.085083,0.104370,1.003784
0.125122,-0.449951,0.809082
-0.444336,0.085693,0.791626
0.448608,-0.241333,1.006470
-0.427734,-0.117065,0.750977
0.025269,0.126221,1.000122
0.181885,-0.491333,0.811035
-0.490234,0.092041,0.789185
0.464111,-0.246826,1.020630
-0.377441,-0.145752,0.741821
-0.018799,0.198242,1.013062
0.240112,-0.428467,0.851562
-0.524780,0.039062,0.755127
0.457153,-0.262451,1.005127
-0.285645,-0.197388,0.785156
-0.083862,0.196045,0.999146
0.278076,-0.403198,0.885010
-0.559448,0.030396,0.740234
0.437500,-0.242310,1.030029
-0.179565,-0.295776,0.781982
-0.128296,0.196655,0.978394
0.307373,-0.359375,0.916748
-0.569580,0.030273,0.737671
0.412109,-0.217163,1.031128
-0.080688,-0.389648,0.789917
-0.194580,0.199219,0.959229
0.342773,-0.350586,0.918091
-0.554321,0.028076,0.729492
0.357422,-0.166992,1.009766
-0.021362,-0.407715,0.796997
-0.243042,0.153931,0.928345
0.391846,-0.349121,0.936279
-0.534058,-0.010864,0.734009
0.308105,-0.087891,1.013306
0.014893,-0.443848,0.779907
-0.294434,0.141602,0.892944
0.435791,-0.354248,0.968750
-0.522827,-0.033081,0.742554
0.237427,-0.044434,0.999634
0.057129,-0.462646,0.778687
-0.346069,0.091797,0.835571
0.463379,-0.319946,0.986816
-0.489380,-0.089844,0.737427
0.158325,-0.004028,1.007812
0.112061,-0.488892,0.798340
-0.422974,0.089966,0.815063
0.456665,-0.290527,1.001953
-0.425659,-0.122070,0.739746
0.079346,0.088623,1.022583
0.189087,-0.492188,0.834351
-0.494629,0.076538,0.785522
0.480225,-0.284424,1.022949
-0.350464,-0.196899,0.760986
-0.024292,0.155884,1.008301
0.264038,-0.468872,0.868042
-0.511475,0.029663,0.750488
0.444824,-0.197998,1.048462
-0.209473,-0.269653,0.777710
-0.105469,0.200439,1.012451
0.313354,-0.447021,0.898071
-0.535156,0.010620,0.760498
0.419434,-0.223145,1.033569
-0.110718,-0.316162,0.808350
-0.189819,0.201904,0.969238
0.366455,-0.392090,0.939453
-0.510986,-0.028687,0.764404
0.363892,-0.140991,1.042236
-0.017700,-0.420410,0.786743
-0.246582,0.181274,0.934448
0.412109,-0.369629,0.959229
-0.504028,-0.070923,0.748047
0.306519,-0.106079,1.026489
0.072754,-0.474487,0.806885
-0.326294,0.152344,0.890991
0.440796,-0.321655,0.987305
-0.458130,-0.133057,0.745239
0.223267,-0.044556,1.020752
0.109375,-0.452759,0.816406
-0.403931,0.146973,0.856689
0.469849,-0.292358,1.013428
-0.413208,-0.192749,0.744751
0.112061,0.036011,1.025024
0.173218,-0.466431,0.850342
-0.435425,0.077271,0.811401
0.482910,-0.259644,1.034058
-0.337280,-0.206055,0.769531
0.007690,0.113403,1.013306
0.271240,-0.479126,0.879150
-0.479858,0.012695,0.770020
0.473755,-0.213013,1.064819
-0.235596,-0.246094,0.795288
-0.090576,0.182739,1.013550
0.340332,-0.454834,0.919800
-0.507446,-0.002930,0.773926
0.439697,-0.181274,1.072754
-0.103516,-0.308838,0.822510
-0.164795,0.210327,1.008179
0.377075,-0.406372,0.949707
-0.491333,-0.051880,0.773926
0.377808,-0.132935,1.074951
-0.008911,-0.408569,0.815308
-0.221069,0.169189,0.966187
0.430420,-0.353516,0.986572
-0.493042,-0.056519,0.745728
0.310913,-0.087036,1.046997
0.075806,-0.446899,0.836182
-0.278198,0.116333,0.931274
0.460449,-0.311279,1.020874
-0.459473,-0.084839,0.766846
0.230957,-0.024414,1.041016
0.125854,-0.460938,0.856445
-0.352539,0.116943,0.900146
0.487183,-0.279907,1.056274
-0.398560,-0.148438,0.775269
0.149048,0.061646,1.049316
0.189087,-0.467163,0.870483
-0.393066,0.044800,0.843140
0.519165,-0.266724,1.082397
-0.345581,-0.195801,0.779541
0.033813,0.139282,1.036133
0.281860,-0.477417,0.896118
-0.455933,0.002563,0.793945
0.498047,-0.227051,1.094116
-0.256592,-0.259155,0.794922
-0.033081,0.148682,1.027832
0.344238,-0.448486,0.933228
-0.485229,0.032227,0.785034
0.460815,-0.182251,1.085205
-0.156250,-0.246460,0.843140
-0.102905,0.181396,1.022827
0.395020,-0.451050,0.967407
-0.492188,-0.033936,0.788086
0.440186,-0.130737,1.109253
-0.061279,-0.315063,0.832397
-0.164795,0.215942,1.026001
0.429199,-0.380249,1.002075
-0.470459,-0.084106,0.773560
0.389771,-0.096680,1.099976
0.050537,-0.375854,0.861084
-0.245850,0.220215,0.992798
0.472656,-0.349609,1.034058
-0.447144,-0.140869,0.784668
0.296631,-0.088135,1.078125
0.087158,-0.419312,0.858643
-0.297974,0.171021,0.953979
0.510498,-0.272705,1.077271
-0.411621,-0.118042,0.796631
0.204102,0.016846,1.076416
0.189209,-0.494995,0.879883
-0.350586,0.065796,0.897705
0.534668,-0.253540,1.097778
-0.363647,-0.146851,0.797119
0.113037,0.097656,1.071777
0.274170,-0.480957,0.912598
-0.428345,0.026978,0.831177
0.523926,-0.207153,1.130005
-0.260376,-0.231323,0.808472
0.018188,0.178833,1.077759
0.339844,-0.458374,0.947632
-0.463013,0.021973,0.826782
0.511353,-0.188721,1.130249
-0.167847,-0.264404,0.846313
-0.059692,0.212524,1.071045
0.395630,-0.412964,0.989258
-0.484375,0.016113,0.821533
0.480591,-0.161865,1.135742
-0.046387,-0.313477,0.881836
-0.124146,0.224365,1.067261
0.421021,-0.357544,1.018311
-0.471802,-0.029907,0.802612
0.447388,-0.127319,1.135132
0.051147,-0.384033,0.903931
-0.199219,0.211670,1.042603
0.451904,-0.318481,1.044434
-0.433594,-0.062012,0.815063
0.380127,-0.095825,1.117676
0.077148,-0.430786,0.886475
-0.241821,0.158569,1.006104
0.501221,-0.269897,1.091797
-0.426880,-0.073120,0.794678
0.313110,-0.024414,1.126465
0.132568,-0.437500,0.902710
-0.299072,0.151367,0.992065
0.542725,-0.255981,1.125854
-0.388184,-0.128540,0.814209
0.240356,0.060791,1.122803
0.188354,-0.453735,0.913940
-0.353516,0.098999,0.930298
0.584351,-0.265381,1.152954
-0.353638,-0.168945,0.805542
0.152466,0.124634,1.109741
0.263794,-0.422119,0.954956
-0.384399,0.045898,0.876953
0.560303,-0.263550,1.126221
-0.299683,-0.224976,0.818726
0.104492,0.149170,1.097412
0.325562,-0.435059,0.964966
-0.432617,0.072998,0.863159
0.542847,-0.204346,1.146729
-0.218018,-0.241821,0.838013
0.023438,0.182617,1.098633
0.383789,-0.430908,1.000244
-0.438110,0.058716,0.868774
0.520386,-0.150024,1.149780
-0.154785,-0.241089,0.869751
-0.041382,0.202393,1.080811
0.424438,-0.407959,1.030884
-0.453979,0.011963,0.848145
0.499756,-0.108032,1.165649
-0.052124,-0.301880,0.872192
-0.093872,0.219482,1.092285
0.447388,-0.369019,1.044556
-0.452515,-0.020264,0.843384
0.472778,-0.095947,1.165527
0.030640,-0.353638,0.884766
-0.168213,0.223389,1.059814
0.473267,-0.314331,1.082886
-0.437866,-0.093506,0.821045
0.429077,-0.067261,1.176392
0.042603,-0.357422,0.894775
-0.215332,0.226807,1.044434
0.513184,-0.273438,1.103760
-0.408081,-0.119629,0.814453
0.363159,-0.042236,1.150757
0.105713,-0.395508,0.915161
-0.289185,0.209595,0.999390
0.545166,-0.243286,1.126343
-0.373535,-0.155884,0.811768
0.279663,0.007324,1.147949
0.177612,-0.424072,0.932739
-0.329102,0.144409,0.940918
0.563721,-0.231323,1.131836
-0.329468,-0.174683,0.820679
0.195557,0.060547,1.130615
0.257446,-0.453735,0.955566
-0.378296,0.111572,0.911621
0.566040,-0.189575,1.153320
-0.266479,-0.203125,0.842773
0.102417,0.126099,1.119873
0.325073,-0.434204,0.989258
-0.433838,0.087036,0.873047
0.555054,-0.172729,1.164185
-0.191650,-0.251831,0.858887
0.007202,0.200439,1.105225
0.380859,-0.407471,0.995239
-0.434692,0.020386,0.862793
0.527954,-0.175537,1.167358
-0.101685,-0.282227,0.887085
-0.056885,0.247070,1.113037
0.418091,-0.366699,1.011963
-0.446777,-0.018433,0.849243
0.499390,-0.142456,1.178345
-0.007202,-0.341919,0.888306
-0.118896,0.228271,1.087280
0.436890,-0.315918,1.038452
-0.448486,-0.040894,0.835327
0.467651,-0.125244,1.171997
0.011475,-0.341675,0.897095
-0.195312,0.245239,1.060181
0.485840,-0.282227,1.087036
-0.440552,-0.067627,0.812866
0.404663,-0.075439,1.162109
0.078735,-0.369507,0.909790
-0.274536,0.217773,1.016479
0.522095,-0.274292,1.104858
-0.395752,-0.128418,0.812500
0.320801,-0.037109,1.156250
0.142944,-0.368652,0.943237
-0.343140,0.178467,0.957520
0.552246,-0.254150,1.129639
-0.329590,-0.178345,0.837402
0.202881,0.054199,1.133789
0.233154,-0.412354,0.946411
-0.399536,0.121216,0.891113
0.557251,-0.205933,1.143799
-0.260742,-0.228027,0.847656
0.089355,0.112061,1.104126
0.324097,-0.408569,0.991089
-0.428955,0.060425,0.877075
0.536743,-0.153320,1.174805
-0.169556,-0.284546,0.850586
-0.027222,0.173462,1.085571
0.382568,-0.388306,1.004028
-0.445679,-0.007080,0.854370
0.506836,-0.139526,1.168213
-0.060791,-0.323853,0.853882
-0.117554,0.224487,1.075073
0.437134,-0.352905,1.020264
-0.463745,-0.030884,0.823730
0.456421,-0.104370,1.163452
-0.040649,-0.325684,0.858521
-0.180786,0.177002,1.038208
0.495972,-0.307861,1.080078
-0.464844,-0.055664,0.799683
0.373047,-0.031494,1.170898
0.046875,-0.371216,0.873657
-0.265015,0.150391,0.984741
0.517334,-0.272217,1.109619
-0.400757,-0.158203,0.806152
0.266602,-0.007812,1.126343
0.146606,-0.395996,0.908569
-0.360718,0.146362,0.925293
0.528442,-0.228149,1.121338
-0.322998,-0.230835,0.809082
0.155273,0.070801,1.108276
0.220215,-0.390869,0.943115
-0.419189,0.089355,0.878784
0.538940,-0.210205,1.141602
-0.273926,-0.247681,0.819092
0.043701,0.139648,1.090576
0.325073,-0.411255,0.965576
-0.452026,0.039185,0.833984
0.501709,-0.141479,1.144775
-0.169189,-0.281616,0.831543
-0.046509,0.152466,1.072266
0.367920,-0.388428,0.975098
-0.472168,0.012207,0.821533
0.473511,-0.126709,1.153931
-0.098877,-0.336182,0.822510
-0.137451,0.170166,1.037964
0.430298,-0.352173,1.014771
-0.498657,-0.028442,0.795044
0.428101,-0.093140,1.154541
-0.052856,-0.326416,0.839233
-0.253784,0.195190,1.002075
0.470337,-0.310913,1.063599
-0.470215,-0.099976,0.772461
0.338501,-0.039429,1.146362
0.037354,-0.371094,0.864624
-0.329590,0.174438,0.947510
0.507202,-0.286011,1.078857
-0.404907,-0.152832,0.777344
0.210815,0.043213,1.113403
0.148682,-0.406860,0.884766
-0.409790,0.141968,0.906860
0.501465,-0.236572,1.095703
-0.350952,-0.231934,0.784424
0.103760,0.074219,1.086548
0.241821,-0.403687,0.928711
-0.471558,0.111084,0.853516
0.509277,-0.189819,1.105225
-0.251831,-0.264893,0.803711
-0.011353,0.110840,1.056274
0.314087,-0.407104,0.951782
-0.485840,0.008789,0.801758
0.469116,-0.154541,1.114624
-0.159058,-0.321655,0.775757
-0.133545,0.167847,1.033813
0.387817,-0.367065,0.977661
-0.496582,-0.041626,0.793701
0.408569,-0.122559,1.118896
-0.101440,-0.338501,0.791992
-0.260376,0.192017,0.980347
0.432739,-0.317383,1.028442
-0.482300,-0.090820,0.774902
0.318604,-0.068115,1.118408
-0.015381,-0.360596,0.820190
-0.346924,0.185791,0.942017
0.479126,-0.305664,1.048828
-0.442627,-0.140259,0.769165
0.202393,-0.005249,1.095703
0.111328,-0.405151,0.872070
-0.448486,0.169189,0.880005
0.486450,-0.243408,1.060913
-0.369019,-0.197021,0.785156
0.066040,0.045288,1.050415
0.205566,-0.410522,0.897461
-0.485107,0.072510,0.826294
0.475098,-0.187988,1.083496
-0.244751,-0.257690,0.788208
-0.047974,0.116699,1.025391
0.298706,-0.392944,0.927612
-0.530762,0.014404,0.786621
0.452393,-0.194092,1.091919
-0.168335,-0.334106,0.765503
-0.179077,0.172852,1.001587
0.369141,-0.342651,0.971313
-0.556030,-0.014771,0.761597
0.368164,-0.132568,1.089844
-0.104492,-0.335815,0.800171
-0.296021,0.148682,0.933472
0.420654,-0.302979,1.023071
-0.525879,-0.051758,0.737305
0.281006,-0.059570,1.078735
-0.015259,-0.387817,0.810669
-0.405029,0.172241,0.909668
0.451172,-0.300537,1.042847
-0.448853,-0.147705,0.748901
0.147217,0.077759,1.063232
0.077759,-0.366455,0.842163
-0.476074,0.130127,0.863525
0.486816,-0.319336,1.045166
-0.409058,-0.219116,0.742554
0.046143,0.109619,1.033813
0.160400,-0.368042,0.873047
-0.507446,0.104858,0.815674
0.469971,-0.239380,1.067505
-0.324219,-0.275024,0.756592
-0.020874,0.077759,1.012329
0.235107,-0.427856,0.880981
-0.534912,0.077515,0.782227
0.442383,-0.177490,1.064453
-0.246704,-0.261475,0.758057
-0.114868,0.134033,0.994751
0.297363,-0.434204,0.907104
-0.562866,0.002808,0.758057
0.431641,-0.161499,1.086914
-0.202637,-0.339111,0.717407
-0.234619,0.187622,0.960693
0.349731,-0.367554,0.940796
-0.552979,-0.030640,0.769775
0.387085,-0.177124,1.064331
-0.161865,-0.357910,0.738525
-0.307495,0.185913,0.915283
0.383667,-0.328125,0.965698
-0.554321,-0.042603,0.747070
0.303955,-0.130371,1.059448
-0.100220,-0.394165,0.765747
-0.392212,0.203857,0.884399
0.406006,-0.290527,0.977905
-0.522705,-0.069458,0.725098
0.219238,-0.052612,1.056396
-0.003906,-0.407837,0.809937
-0.471313,0.187134,0.873169
0.425903,-0.295654,0.990234
-0.484741,-0.121460,0.714233
0.121338,0.063110,1.038574
0.092041,-0.397217,0.843140
-0.538940,0.158325,0.836670
0.441650,-0.285034,1.018433
-0.403809,-0.171387,0.742798
0.019897,0.108887,1.008423
0.171631,-0.383911,0.868774
-0.581543,0.119263,0.799316
0.429199,-0.239990,1.023682
-0.299805,-0.280640,0.730347
-0.061768,0.147827,1.000854
0.226562,-0.373901,0.883667
-0.596313,0.074829,0.779175
0.409912,-0.211426,1.036987
-0.242676,-0.359253,0.697632
-0.155762,0.156006,0.962646
0.294922,-0.375977,0.896851
-0.590332,0.059448,0.749390
0.370605,-0.176270,1.022949
-0.192017,-0.342529,0.722534
-0.262817,0.148071,0.926270
0.352539,-0.377930,0.931641
-0.575928,-0.001099,0.732666
0.312378,-0.074341,1.045410
-0.136963,-0.364380,0.729370
-0.356201,0.179932,0.896484
0.379272,-0.382202,0.944092
-0.559937,-0.073730,0.715942
0.267456,-0.051758,1.042725
-0.095703,-0.333008,0.759644
-0.455078,0.242676,0.883057
0.405640,-0.333252,0.965332
-0.513916,-0.157959,0.705811
0.152344,-0.003296,1.025879
0.018066,-0.389771,0.804688
-0.526733,0.221680,0.843262
0.423340,-0.287964,0.979126
-0.459961,-0.150391,0.724121
0.043457,0.065186,1.006104
0.127930,-0.402588,0.839600
-0.570679,0.176025,0.814941
0.429810,-0.212036,1.013428
-0.352661,-0.220947,0.716919
-0.073364,0.149658,0.986328
0.237427,-0.439941,0.871460
-0.595093,0.089844,0.778076
0.399292,-0.172119,1.018433
-0.247070,-0.280029,0.717041
-0.177979,0.173340,0.955811
0.306030,-0.374146,0.921753
-0.598145,0.024292,0.733765
0.349121,-0.136230,1.020508
-0.174438,-0.328735,0.710815
-0.274414,0.204956,0.933594
0.365234,-0.335327,0.942871
-0.595947,-0.025391,0.706421
0.269531,-0.093506,1.010498
-0.094727,-0.392090,0.729614
-0.385376,0.205322,0.875366
0.403320,-0.297119,0.958374
-0.545044,-0.058350,0.710449
0.166138,-0.001099,1.007690
-0.494873,0.192017,0.846802
0.405151,-0.260010,0.978760
-0.470581,-0.135986,0.719482
0.057007,0.105347,1.020264
0.111816,-0.426392,0.813354
-0.574463,0.177246,0.808472
0.408569,-0.202271,1.003662
-0.337036,-0.200684,0.731689
-0.030151,0.164917,1.012695
0.206421,-0.407837,0.842041
-0.622681,0.146240,0.761597
0.417603,-0.197388,1.017700
-0.228149,-0.296631,0.728149
-0.149292,0.184937,0.971802
0.279053,-0.373901,0.880981
-0.629272,0.097290,0.737549
0.394653,-0.166138,1.019775
-0.163452,-0.355835,0.722290
-0.250122,0.192017,0.919189
0.342896,-0.355957,0.910889
-0.608887,0.051514,0.731445
0.317139,-0.110107,1.005005
-0.102539,-0.383545,0.732666
-0.352051,0.208496,0.891113
0.389404,-0.326172,0.939453
-0.573242,-0.000610,0.712158
0.211914,-0.022705,0.988281
-0.037109,-0.416748,0.742432
-0.419312,0.197632,0.878174
0.419189,-0.281860,0.967773
-0.538696,-0.035889,0.718628
0.115601,0.089111,0.998535
0.057739,-0.398071,0.802124
-0.513428,0.171875,0.827148
0.419556,-0.234741,0.987915
-0.436035,-0.144653,0.722046
0.030884,0.165527,1.019897
0.131958,-0.386230,0.820190
-0.579712,0.136719,0.797852
0.432983,-0.227173,1.013306
-0.312866,-0.254517,0.721313
-0.039795,0.182861,0.991577
0.199219,-0.358154,0.847168
-0.621948,0.149414,0.770996
0.428589,-0.236450,1.010986
-0.207275,-0.317017,0.750488
-0.134888,0.172363,0.959961
0.266113,-0.336304,0.876099
-0.610962,0.129028,0.755615
0.408569,-0.169312,1.021729
-0.148071,-0.346802,0.742920
-0.215454,0.169800,0.908813
0.321899,-0.322388,0.911011
-0.610229,0.102539,0.752075
0.349609,-0.116821,1.011841
-0.101929,-0.379517,0.728027
-0.282715,0.184814,0.899902
0.366821,-0.326050,0.919800
-0.582397,0.068970,0.732422
0.284180,-0.031860,1.006348
-0.057617,-0.363525,0.762207
-0.356323,0.168091,0.871338
0.404297,-0.325439,0.940063
-0.553223,0.022827,0.730591
0.198730,0.028687,0.987549
-0.013062,-0.395874,0.759888
-0.420288,0.177612,0.856201
0.420776,-0.285156,0.968384
-0.509399,-0.050903,0.725830
0.137207,0.083008,1.007446
0.045044,-0.396851,0.781616
-0.501343,0.197632,0.823486
0.430542,-0.271240,0.973267
-0.444458,-0.129395,0.742310
0.098511,0.089844,1.017334
0.098267,-0.373047,0.819214
-0.545288,0.212769,0.814941
0.444336,-0.219360,0.992798
-0.364136,-0.152222,0.766724
0.001465,0.109009,0.989258
0.184448,-0.426636,0.834717
-0.577271,0.176880,0.791260
0.436279,-0.164307,1.002197
-0.311646,-0.153809,0.753540
-0.084229,0.163452,0.978760
0.266235,-0.445190,0.871094
-0.580200,0.106323,0.768677
0.426270,-0.113892,1.024536
-0.212402,-0.214111,0.761353
-0.164062,0.205811,0.947998
0.333008,-0.432739,0.898560
-0.603638,0.067017,0.748291
0.390137,-0.097290,1.033936
-0.114380,-0.338501,0.737183
-0.258667,0.223022,0.908081
0.370117,-0.382446,0.910400
-0.577881,0.029297,0.752686
0.328613,-0.096191,0.996338
-0.050171,-0.390625,0.738525
-0.308105,0.213989,0.873291
0.392944,-0.322021,0.921631
-0.555542,0.000732,0.722046
0.243408,-0.041138,0.979004
-0.002563,-0.407227,0.763306
-0.364502,0.173096,0.847900
0.416382,-0.266846,0.949341
-0.522949,-0.038818,0.722412
0.154175,0.032837,0.992676
0.050293,-0.415527,0.778442
-0.441406,0.138428,0.819336
0.435913,-0.236206,0.989624
-0.462402,-0.082520,0.741821
0.075195,0.132935,1.008911
0.116211,-0.409912,0.805298
-0.507202,0.144775,0.798218
0.448608,-0.213257,1.013184
-0.390015,-0.151855,0.740112
-0.013306,0.172974,1.000977
0.201294,-0.433228,0.836792
-0.548462,0.103149,0.771851
0.459717,-0.191650,1.032837
-0.295776,-0.182495,0.743286
-0.098877,0.218262,0.980957
0.279663,-0.405640,0.859131
-0.585571,0.102295,0.759399
0.437500,-0.207031,1.026245
-0.170654,-0.286743,0.775269
-0.153564,0.196777,0.940308
0.317871,-0.344482,0.903320
-0.607422,0.109253,0.747192
0.407349,-0.182495,1.018433
-0.070801,-0.378540,0.789795
-0.213257,0.188232,0.907227
0.324829,-0.296143,0.911499
-0.577515,0.068359,0.735352
0.370483,-0.148438,1.005615
-0.043945,-0.398682,0.773804
-0.270630,0.158203,0.889160
0.375732,-0.305664,0.934570
-0.569702,0.056519,0.729980
0.298340,-0.065796,0.995605
0.016113,-0.423218,0.779663
-0.333252,0.151611,0.847046
0.409790,-0.273438,0.949585
-0.536133,-0.001953,0.716797
0.236572,-0.023315,0.998291
0.028442,-0.420288,0.765747
-0.376465,0.140869,0.838257
0.435791,-0.302856,0.955811
-0.509399,-0.018433,0.741699
0.166138,0.026367,0.998169
0.076782,-0.436523,0.791626
-0.425537,0.113647,0.817627
0.457397,-0.231567,1.017212
-0.493896,-0.051147,0.737793
-0.019775,0.221191,0.998169
0.199219,-0.387207,0.834717
-0.576050,0.098633,0.770142
0.454224,-0.235352,1.016113
-0.437744,-0.095703,0.740967
-0.058350,0.230957,1.000244
0.230103,-0.357300,0.851318
-0.604736,0.104492,0.737671
0.458740,-0.227295,1.031494
-0.192505,-0.304199,0.752808
-0.120361,0.229370,0.968018
0.268555,-0.349243,0.866577
-0.603760,0.117554,0.749268
0.433716,-0.189941,1.018555
-0.150757,-0.325562,0.758667
-0.150513,0.209595,0.945923
0.307495,-0.311035,0.883667
-0.616333,0.121460,0.744995
0.407837,-0.209473,1.006714
-0.092896,-0.377319,0.774902
-0.216187,0.166138,0.898804
0.341187,-0.309448,0.917236
-0.589844,0.105713,0.734863
0.382690,-0.128906,1.011841
-0.038452,-0.371094,0.776733
-0.273315,0.189209,0.885620
0.353271,-0.295654,0.928223
-0.587280,0.046875,0.716309
0.330933,-0.112183,0.998047
-0.006592,-0.407227,0.780884
-0.322266,0.199341,0.873901
0.384399,-0.306152,0.922974
-0.571899,0.057739,0.732666
0.266968,-0.082642,0.965332
0.017822,-0.419556,0.784668
-0.344727,0.140625,0.842285
0.428711,-0.278687,0.956665
-0.556030,0.029175,0.712158
0.210083,-0.004150,0.978394
0.034912,-0.422607,0.766602
-0.359497,0.141724,0.859375
0.439819,-0.294678,0.962646
-0.535645,0.017334,0.730957
0.177490,0.016724,0.975952
0.061646,-0.420410,0.789917
-0.416870,0.132324,0.820801
0.447998,-0.265015,0.991821
-0.504272,-0.032349,0.733154
0.125977,0.069702,1.000610
0.089111,-0.429077,0.793213
-0.458618,0.120239,0.812134
0.458008,-0.253784,1.006104
-0.473389,-0.063354,0.733398
0.066895,0.127075,0.999146
0.155396,-0.447876,0.808350
-0.508179,0.128052,0.793091
0.450073,-0.226562,0.995728
-0.382568,-0.101685,0.762817
-0.003540,0.174927,0.999512
0.198730,-0.434814,0.839844
-0.533936,0.082642,0.767578
0.450317,-0.217529,1.023804
-0.325806,-0.174194,0.748657
-0.056152,0.209595,1.003906
0.250122,-0.424438,0.864624
-0.561646,0.048706,0.749268
0.451416,-0.217285,1.031982
-0.247070,-0.224976,0.762329
-0.119995,0.233643,0.981201
0.292114,-0.396973,0.876831
-0.557373,0.037476,0.755371
0.417480,-0.202026,1.031372
-0.170044,-0.306030,0.760010
-0.162109,0.212891,0.954712
0.336060,-0.360962,0.906738
-0.560425,0.034912,0.753296
0.382690,-0.163574,1.026001
-0.084106,-0.376953,0.765259
-0.228760,0.190918,0.912476
0.359863,-0.336792,0.930664
-0.537720,0.018433,0.754150
0.336792,-0.123779,1.016724
-0.023804,-0.445679,0.751099
-0.296875,0.171021,0.871948
0.404175,-0.337524,0.931641
-0.516479,-0.053711,0.734375
0.266357,-0.067749,0.995483
0.028198,-0.455933,0.756470
-0.358032,0.138794,0.843750
0.430786,-0.316650,0.954224
-0.496826,-0.035645,0.756714
0.174683,-0.008423,0.990479
0.086426,-0.483765,0.768066
-0.427490,0.111572,0.802979
0.447388,-0.263916,0.977905
-0.440063,-0.097900,0.742065
0.083130,0.073242,0.998657
0.160889,-0.459595,0.821777
-0.500977,0.087524,0.773193
0.452515,-0.260742,0.996582
-0.337158,-0.194458,0.761597
-0.039795,0.171021,0.997437
0.253052,-0.465332,0.852051
-0.530396,0.034180,0.738525
0.445190,-0.213745,1.028564
-0.241943,-0.213989,0.779785
-0.132812,0.194092,0.974731
0.319336,-0.447266,0.895630
-0.553833,0.017700,0.748291
0.389282,-0.157959,1.027100
-0.090942,-0.318237,0.794800
-0.213379,0.207397,0.957153
0.369629,-0.398193,0.928833
-0.533447,-0.026367,0.754028
0.340942,-0.132446,1.008179
0.004150,-0.394653,0.796387
-0.308228,0.196777,0.888550
0.427856,-0.367188,0.958374
-0.502686,-0.105957,0.727783
0.223022,-0.054443,0.997559
0.047974,-0.443115,0.776245
-0.366821,0.109253,0.832275
0.446533,-0.284546,0.991211
-0.447510,-0.148560,0.745483
0.126709,0.023193,1.010498
0.122070,-0.482788,0.797852
-0.469482,0.119019,0.797729
0.467651,-0.267700,1.007812
-0.368530,-0.191772,0.756470
0.013672,0.104614,1.003662
0.225586,-0.479492,0.841919
-0.512085,0.035767,0.741211
0.472900,-0.231934,1.037598
-0.276123,-0.205811,0.777954
-0.084229,0.177246,1.000977
0.301636,-0.442627,0.903076
-0.541870,0.010620,0.741699
0.417603,-0.208374,1.036743
-0.148193,-0.295044,0.797729
-0.164551,0.205200,0.991089
0.355835,-0.403809,0.924561
-0.528442,-0.022827,0.752686
0.373047,-0.148682,1.045776
-0.046387,-0.388428,0.776855
-0.240479,0.210327,0.945435
0.404175,-0.381226,0.947754
-0.497681,-0.089233,0.747681
0.304077,-0.112427,1.020386
0.044678,-0.437866,0.798706
-0.313843,0.157349,0.885254
0.439575,-0.326172,0.983032
-0.472778,-0.106812,0.745850
0.208130,-0.037964,1.024414
0.097778,-0.503906,0.796631
-0.382568,0.103516,0.844116
0.473267,-0.298706,1.013428
-0.422241,-0.118042,0.766846
0.102295,0.067139,1.014771
0.169922,-0.446045,0.850830
-0.453247,0.043091,0.797363
0.486694,-0.288696,1.035767
-0.351685,-0.182617,0.779175
0.028076,0.130737,1.027466
0.251709,-0.470825,0.873413
-0.513794,0.047607,0.763794
0.467163,-0.255615,1.046021
-0.259644,-0.261108,0.789795
-0.048950,0.166382,1.020020
0.300903,-0.426514,0.911011
-0.521240,0.017334,0.762695
0.443237,-0.231079,1.051514
-0.164551,-0.309692,0.793945
-0.122070,0.193115,1.003296
0.355103,-0.361084,0.951782
-0.523071,0.012085,0.779663
0.417480,-0.207397,1.051270
-0.066528,-0.376709,0.821777
-0.176514,0.166748,0.984741
0.388916,-0.359741,0.956299
-0.492676,0.009644,0.786499
0.349243,-0.127441,1.057373
0.025391,-0.416382,0.829834
-0.261230,0.164062,0.950562
0.452637,-0.388062,0.994873
-0.481445,-0.083374,0.761353
0.291626,-0.036987,1.065430
0.070190,-0.403076,0.833740
-0.313599,0.150024,0.918091
0.495972,-0.356934,1.037476
-0.447754,-0.154175,0.754639
0.216187,-0.034546,1.039185
0.102539,-0.418945,0.828735
-0.360352,0.163940,0.885254
0.509888,-0.306641,1.032349
-0.393066,-0.102173,0.802979
0.125732,0.058105,1.036743
0.185181,-0.470459,0.850830
-0.393066,0.083374,0.854004
0.491699,-0.263306,1.040405
-0.348389,-0.155273,0.794800
0.059204,0.094727,1.044312
0.279663,-0.523804,0.890869
-0.461670,0.021240,0.792603
0.492554,-0.236206,1.071777
-0.258179,-0.234863,0.794678
-0.039551,0.199219,1.044312
0.350464,-0.430176,0.950562
-0.493896,0.031006,0.802856
0.465942,-0.208008,1.090820
-0.136230,-0.322510,0.820679
-0.121582,0.218262,1.038086
0.394287,-0.375610,0.987183
-0.503662,-0.012695,0.792725
0.419434,-0.173828,1.081421
0.020264,-0.406372,0.846558
-0.206055,0.198975,0.992676
0.436890,-0.324219,1.009766
-0.475098,-0.052124,0.776489
0.343384,-0.101318,1.078979
0.091064,-0.439453,0.867065
-0.282104,0.148071,0.951294
0.480225,-0.292480,1.053955
-0.436279,-0.107300,0.779419
0.244507,-0.009155,1.066772
0.156372,-0.456543,0.886841
-0.354248,0.123535,0.928467
0.525391,-0.289429,1.078735
-0.382568,-0.146973,0.792847
0.136475,0.091919,1.071899
0.248779,-0.456055,0.923218
-0.415161,0.052612,0.856812
0.525635,-0.261475,1.106689
-0.285645,-0.252075,0.794434
0.037598,0.179810,1.072632
0.310303,-0.431396,0.938477
-0.452026,0.004639,0.807617
0.506836,-0.225464,1.119263
-0.197876,-0.301025,0.822876
-0.032104,0.180176,1.069214
0.381104,-0.393433,0.988770
-0.486938,0.032104,0.794067
0.466553,-0.149780,1.123657
-0.037964,-0.335449,0.881226
-0.125610,0.189453,1.057983
0.438232,-0.386230,1.018188
-0.459595,-0.022217,0.808594
0.409180,-0.074585,1.121460
0.025757,-0.345093,0.881714
-0.183960,0.194824,1.031494
0.468384,-0.354492,1.048950
-0.456787,-0.093384,0.795654
0.372559,-0.079956,1.120728
0.082764,-0.380127,0.881104
-0.254761,0.194580,1.002319
0.481812,-0.270264,1.077637
-0.397827,-0.161377,0.804810
0.296021,-0.040649,1.106445
0.132202,-0.422485,0.886475
-0.326538,0.167603,0.953003
0.531250,-0.253784,1.111328
-0.366577,-0.156616,0.800415
0.198486,0.042725,1.088257
0.223999,-0.426514,0.930176
-0.348022,0.089111,0.899902
0.537964,-0.232788,1.116211
-0.331543,-0.194458,0.797363
0.124512,0.074951,1.079224
0.310425,-0.457520,0.959229
-0.401489,0.062744,0.856812
0.528076,-0.187988,1.131104
-0.257080,-0.225098,0.834961
0.026733,0.144287,1.068848
0.383789,-0.439819,1.001465
-0.419067,0.019897,0.851196
0.497437,-0.124390,1.153320
-0.180542,-0.233032,0.850220
-0.038940,0.180420,1.063110
0.428467,-0.417847,1.012451
-0.446411,-0.017090,0.837524
0.490479,-0.119141,1.155273
-0.039551,-0.296143,0.885986
-0.123901,0.251953,1.074341
0.454102,-0.384644,1.027466
-0.437500,-0.077026,0.819336
0.464600,-0.109741,1.155273
0.024414,-0.322388,0.894287
-0.171753,0.250122,1.073975
0.488647,-0.365356,1.058838
-0.442383,-0.101929,0.821045
0.408447,-0.089233,1.138794
0.068115,-0.347290,0.916016
-0.231323,0.257812,1.048340
0.523560,-0.291626,1.094849
-0.410889,-0.104858,0.821167
0.344727,-0.054199,1.149048
0.104492,-0.389771,0.922485
-0.290771,0.197754,1.007080
0.534912,-0.258179,1.113037
-0.352539,-0.152710,0.835938
0.267822,0.018188,1.129517
0.202148,-0.401245,0.945190
-0.336182,0.138794,0.925903
0.561401,-0.230591,1.137451
-0.315796,-0.198242,0.831055
0.155273,0.078735,1.117676
0.283813,-0.442871,0.958374
-0.388916,0.090088,0.899414
0.571899,-0.220459,1.162231
-0.249390,-0.228027,0.845825
0.039307,0.161621,1.080322
0.346191,-0.398804,0.994385
-0.415283,0.043823,0.869141
0.544800,-0.184692,1.161255
-0.138184,-0.239014,0.892944
-0.052246,0.224243,1.090698
0.416382,-0.389282,1.010498
-0.431641,-0.021484,0.857178
0.494507,-0.118774,1.188477
-0.013428,-0.312012,0.905762
-0.121094,0.219360,1.073364
0.462769,-0.338013,1.043701
-0.442749,-0.034912,0.836914
0.445557,-0.090576,1.176636
0.042236,-0.351562,0.905762
-0.197144,0.213379,1.060059
0.501099,-0.275757,1.095215
-0.427124,-0.075073,0.818848
0.345093,-0.035889,1.149902
0.140137,-0.399902,0.928833
-0.273804,0.174072,1.004761
0.527222,-0.213501,1.133057
-0.371094,-0.152710,0.819946
0.228882,0.035522,1.117554
0.232666,-0.421265,0.949829
-0.350830,0.112061,0.929443
0.563721,-0.206299,1.152100
-0.283691,-0.215088,0.828735
0.103516,0.126343,1.104980
0.312256,-0.417480,0.974854
-0.422852,0.055298,0.869751
0.573486,-0.194336,1.173950
-0.168335,-0.261108,0.863770
-0.013062,0.214966,1.099243
0.376221,-0.371460,0.996460
-0.440796,-0.000122,0.854736
0.520264,-0.169312,1.162476
-0.045166,-0.348511,0.898804
-0.080200,0.180176,1.074951
0.418091,-0.332886,1.026367
-0.466187,0.002197,0.834106
0.471069,-0.125000,1.176147
-0.015869,-0.364502,0.891602
-0.167969,0.207031,1.071167
0.504150,-0.321533,1.090454
-0.459106,-0.018921,0.825439
0.372070,-0.030640,1.165649
0.066895,-0.375977,0.897095
-0.245605,0.178833,1.024414
0.526978,-0.247314,1.135864
-0.406982,-0.119141,0.814941
0.288818,-0.005981,1.145142
0.164673,-0.403198,0.936157
-0.340088,0.146606,0.942627
0.543579,-0.248047,1.121826
-0.339111,-0.180420,0.821533
0.194336,0.077881,1.129272
0.244141,-0.404785,0.962891
-0.398682,0.110107,0.909058
0.547974,-0.206665,1.150269
-0.289551,-0.231323,0.820190
0.094849,0.136841,1.120605
0.333618,-0.435547,0.978638
-0.448853,0.122314,0.885132
0.530884,-0.183105,1.123169
-0.190552,-0.251709,0.862915
0.008789,0.145752,1.099243
0.345703,-0.401367,0.994873
-0.446899,0.047241,0.848999
0.524658,-0.123535,1.160889
-0.118774,-0.253540,0.867798
-0.056641,0.161865,1.093750
0.382935,-0.403320,1.005005
-0.483276,-0.003662,0.835205
0.507446,-0.135620,1.167114
-0.063965,-0.297607,0.845215
-0.144165,0.235840,1.077271
0.424805,-0.347534,1.028320
-0.469482,-0.067505,0.810791
0.466553,-0.135620,1.169312
-0.059692,-0.313965,0.857910
-0.194824,0.236450,1.051514
0.472412,-0.307983,1.071533
-0.467163,-0.073975,0.803955
0.390137,-0.102051,1.142578
0.012451,-0.346680,0.874756
-0.259888,0.209595,1.016357
0.497192,-0.287354,1.082886
-0.455200,-0.106689,0.786133
0.333618,-0.061035,1.145874
0.084229,-0.389771,0.892578
-0.338989,0.188232,0.951538
0.504517,-0.276245,1.082642
-0.387573,-0.176636,0.782837
0.251221,-0.004517,1.134399
0.139160,-0.395996,0.908325
-0.369385,0.148438,0.919922
0.517334,-0.245972,1.088867
-0.366821,-0.181885,0.790283
0.161865,0.049805,1.098999
0.210327,-0.424072,0.918701
-0.413940,0.103638,0.897339
0.527588,-0.197021,1.128906
-0.331299,-0.207275,0.793579
0.069336,0.096069,1.073853
0.281006,-0.423218,0.938599
-0.460693,0.084839,0.863403
0.528687,-0.179932,1.135742
-0.251343,-0.253418,0.806396
-0.009888,0.127686,1.060059
0.310181,-0.406006,0.947510
-0.476440,0.020508,0.842163
0.507935,-0.190430,1.139648
-0.158325,-0.325317,0.799438
-0.087769,0.161255,1.036865
0.363159,-0.356567,0.977783
-0.485718,-0.014038,0.797607
0.459961,-0.153198,1.131226
-0.110962,-0.332397,0.803223
-0.163330,0.178223,1.022949
0.408447,-0.335327,0.998535
-0.511108,-0.032715,0.780396
0.406006,-0.134766,1.130249
-0.059448,-0.358032,0.833496
-0.252686,0.199219,0.996216
0.454346,-0.322388,1.033203
-0.514038,-0.005859,0.791504
0.322021,-0.093262,1.103271
0.009155,-0.394653,0.842407
-0.317261,0.155151,0.948242
0.471924,-0.285156,1.069702
-0.455566,-0.102539,0.762085
0.219727,0.012329,1.088867
0.090942,-0.391113,0.868896
-0.393799,0.122314,0.906616
0.491577,-0.276123,1.080322
-0.408813,-0.175293,0.761475
0.113159,0.098633,1.074829
0.166504,-0.406250,0.883667
-0.436768,0.092896,0.877319
0.502197,-0.244019,1.085938
-0.333496,-0.196655,0.795044
0.038452,0.101196,1.046631
0.224731,-0.371948,0.900024
-0.484253,0.038208,0.820190
0.501831,-0.225220,1.102661
-0.228638,-0.314819,0.774658
-0.059937,0.135498,1.028687
0.287109,-0.375366,0.909058
-0.508423,0.010742,0.789429
0.474121,-0.197021,1.106934
-0.164673,-0.333130,0.784302
-0.158569,0.140015,0.998779
0.342041,-0.352173,0.956299
-0.535400,-0.020020,0.767700
0.425903,-0.152100,1.110474
-0.124268,-0.351074,0.778809
-0.255859,0.187622,0.970093
0.404907,-0.322144,1.002319
-0.545044,-0.033203,0.750000
0.336914,-0.129028,1.074463
-0.039551,-0.377075,0.812256
-0.327515,0.169556,0.924072
0.421631,-0.281738,1.013184
-0.502563,-0.070923,0.748535
0.245361,-0.050903,1.071899
0.030518,-0.411743,0.819946
-0.430664,0.165649,0.883545
0.457520,-0.257935,1.045776
-0.429688,-0.181152,0.751831
0.115112,0.067749,1.066040
0.127319,-0.414917,0.851807
-0.502930,0.139404,0.846558
0.477417,-0.259521,1.051392
-0.345703,-0.205933,0.782959
0.017212,0.114624,1.036621
0.198975,-0.390503,0.878906
-0.538208,0.064697,0.795166
0.463745,-0.232300,1.068481
-0.239624,-0.322754,0.755859
-0.081787,0.146240,1.012695
0.258423,-0.376587,0.881470
-0.572510,0.078857,0.781738
0.457520,-0.266235,1.045654
-0.182129,-0.363281,0.759521
-0.173828,0.130981,0.965088
0.301880,-0.336182,0.923950
-0.562500,0.036377,0.753540
0.388428,-0.154053,1.072632
-0.145996,-0.358276,0.778320
-0.249512,0.147583,0.965088
0.353394,-0.350342,0.953613
-0.570312,0.006714,0.740112
0.321411,-0.078735,1.063965
-0.107056,-0.348145,0.784912
-0.316650,0.166260,0.947632
0.414062,-0.362549,0.985962
-0.560303,0.006958,0.730225
0.248291,-0.018677,1.053223
-0.062378,-0.309326,0.809692
-0.378174,0.148682,0.912720
0.436768,-0.338623,1.007568
-0.529663,-0.069702,0.728760
0.163330,0.037842,1.036011
0.007568,-0.372559,0.816162
-0.447021,0.163330,0.867065
0.419556,-0.288086,1.006958
-0.485718,-0.168213,0.714355
0.122314,0.054932,1.038818
0.068604,-0.390747,0.819824
-0.519531,0.196899,0.848145
0.450073,-0.273804,1.025024
-0.412354,-0.177246,0.764404
0.048096,0.080688,1.024292
0.124268,-0.417603,0.828735
-0.544189,0.124268,0.812134
0.447388,-0.251099,1.037231
-0.361938,-0.231689,0.732544
-0.033325,0.153198,1.020874
0.203247,-0.400513,0.868530
-0.567749,0.089478,0.786865
0.439575,-0.234375,1.029053
-0.281372,-0.315063,0.714111
-0.109131,0.175537,0.993652
0.243042,-0.417480,0.864746
-0.591797,0.069702,0.766235
0.433716,-0.214355,1.040771
-0.223877,-0.337280,0.719849
-0.185791,0.173462,0.961304
0.293823,-0.369751,0.900757
-0.598511,0.030762,0.720947
0.401367,-0.207153,1.023315
-0.175659,-0.342041,0.738892
-0.239502,0.184326,0.951782
0.330444,-0.348877,0.920044
-0.610718,0.014282,0.716309
-0.142334,-0.384399,0.737183
-0.300293,0.161743,0.910645
0.362549,-0.328735,0.946411
0.268921,-0.082642,1.019165
-0.569824,-0.038940,0.717407
0.182007,-0.013550,1.004150
-0.029663,-0.391113,0.777344
-0.454468,0.208252,0.877808
0.415283,-0.281860,0.990723
-0.536987,-0.068970,0.716675
0.104492,0.035889,1.014160
0.062134,-0.416016,0.811279
-0.524292,0.174927,0.836670
0.417725,-0.263794,1.002686
-0.444946,-0.161133,0.717896
0.034912,0.100220,1.013916
0.136719,-0.398071,0.832642
-0.579102,0.165161,0.805420
0.432129,-0.234253,1.021973
-0.326172,-0.253052,0.736206
-0.063354,0.156250,0.991211
0.185791,-0.420654,0.827271
-0.595215,0.127808,0.776367
0.441895,-0.218628,1.021606
-0.256226,-0.280029,0.727905
-0.159546,0.197388,0.968262
0.256470,-0.391846,0.869263
-0.591797,0.057373,0.748901
0.403931,-0.181885,1.031006
-0.203613,-0.339722,0.712158
-0.232056,0.189575,0.938599
0.314331,-0.382324,0.900269
-0.602539,0.004272,0.710693
0.361450,-0.129150,1.038330
-0.161865,-0.366333,0.710693
-0.281128,0.212769,0.926514
0.371460,-0.348511,0.931152
-0.619141,0.013550,0.704956
0.288452,-0.134155,1.004028
-0.096313,-0.414551,0.728516
-0.349854,0.193359,0.887207
0.376465,-0.299316,0.949341
-0.473633,-0.101196,0.720459
0.038330,0.131592,1.015625
0.125732,-0.398071,0.833618
0.427734,-0.215210,1.007446
-0.373047,-0.181763,0.721680
-0.036255,0.175293,1.002441
0.191772,-0.396484,0.845581
-0.595093,0.122681,0.781372
0.431519,-0.190430,1.024048
-0.263672,-0.264526,0.726807
-0.132324,0.203613,0.975342
0.266479,-0.385986,0.878784
-0.616333,0.090942,0.743774
0.412354,-0.170776,1.019287
-0.168823,-0.340942,0.732056
-0.227295,0.188599,0.933472
0.325317,-0.351562,0.910522
-0.612793,0.061890,0.722412
0.326660,-0.091553,1.019043
-0.097412,-0.411621,0.706787
-0.306152,0.195190,0.903076
0.377808,-0.321411,0.932373
-0.587036,0.009277,0.709473
0.212891,-0.047363,0.971802
-0.044678,-0.389526,0.753906
-0.417969,0.182251,0.864990
0.416016,-0.259766,0.978882
-0.510498,-0.059814,0.719849
0.107788,0.114258,1.010010
0.040161,-0.359375,0.796021
-0.511353,0.155151,0.824707
0.442871,-0.230469,1.024170
-0.404907,-0.162109,0.719727
0.022095,0.193115,1.020752
0.130859,-0.379639,0.804932
-0.583740,0.165161,0.793091
0.454468,-0.229858,1.016113
-0.280029,-0.239990,0.744385
-0.077148,0.207764,0.981934
0.196167,-0.348877,0.848999
-0.596436,0.119141,0.755737
0.439697,-0.210815,1.017090
-0.208984,-0.326416,0.730713
-0.133789,0.199097,0.954102
0.291138,-0.344727,0.884033
-0.618652,0.120850,0.743896
0.396606,-0.151001,1.022949
-0.127197,-0.370361,0.743774
-0.209106,0.178345,0.908203
0.332764,-0.330444,0.899048
-0.605225,0.118164,0.734863
0.333008,-0.109497,0.988770
-0.077759,-0.382690,0.743286
-0.293701,0.173340,0.892578
0.375732,-0.327393,0.922241
-0.576050,0.040405,0.709839
0.257202,-0.021606,0.988647
-0.041260,-0.385010,0.740601
-0.356445,0.178345,0.866699
0.403442,-0.300537,0.949951
-0.539795,-0.039062,0.709229
0.190308,0.022705,0.996948
-0.003174,-0.395020,0.754761
-0.443237,0.191040,0.841553
0.435669,-0.283447,0.977173
-0.479248,-0.089600,0.750488
0.103271,0.112183,1.014893
0.058350,-0.372803,0.790039
-0.506836,0.172974,0.813232
0.442749,-0.228638,1.002686
-0.413330,-0.149658,0.733765
0.052734,0.134521,1.009521
0.142578,-0.396973,0.819458
-0.559448,0.170654,0.790405
0.441772,-0.214355,1.012695
-0.329224,-0.206299,0.744751
-0.022583,0.159302,0.984741
0.225342,-0.393677,0.859009
-0.592651,0.174561,0.782104
0.389526,-0.151978,1.008423
-0.266113,-0.222168,0.754150
-0.243896,0.190552,0.918823
0.327881,-0.380737,0.899902
-0.613403,0.074707,0.736572
0.371582,-0.114746,1.024414
-0.127441,-0.340454,0.720337
-0.295654,0.227661,0.916748
0.375488,-0.364746,0.923462
-0.596680,0.020264,0.737671
0.305664,-0.113037,1.001343
-0.102417,-0.384155,0.727661
-0.362061,0.200684,0.878662
0.400757,-0.316040,0.942505
-0.569946,0.001465,0.714966
0.227173,-0.026733,1.003540
-0.053833,-0.398438,0.760376
-0.404297,0.177979,0.858643
0.413086,-0.294312,0.952637
-0.550293,-0.027954,0.707520
0.163452,0.013672,0.986206
0.020752,-0.426636,0.767456
-0.481934,0.209473,0.838867
0.416626,-0.236206,0.969849
-0.464111,-0.079834,0.743164
0.095337,0.112671,1.023315
0.069824,-0.410522,0.797485
-0.525391,0.177979,0.823853
0.424683,-0.228638,0.985474
-0.423340,-0.156128,0.715942
0.036987,0.151489,1.022827
0.150757,-0.399536,0.828369
-0.574341,0.173096,0.807983
0.421265,-0.215332,0.995728
-0.334717,-0.202271,0.741577
-0.035156,0.174316,0.992065
0.215820,-0.394287,0.847778
-0.601929,0.136597,0.767700
0.439453,-0.192993,1.028076
-0.241089,-0.254150,0.742310
-0.135986,0.207764,0.960449
0.281494,-0.392822,0.875244
-0.600708,0.112549,0.764160
0.411011,-0.149048,1.036255
-0.170898,-0.288086,0.757446
-0.203735,0.213623,0.937866
0.330688,-0.371704,0.901611
-0.585693,0.067627,0.752319
0.367676,-0.115356,1.023315
-0.123291,-0.333618,0.732544
-0.269043,0.211182,0.901001
0.375732,-0.349121,0.922852
-0.569946,-0.002075,0.730957
0.325928,-0.076904,1.022339
-0.077271,-0.389160,0.728760
-0.347656,0.227051,0.856445
0.396851,-0.299683,0.936157
-0.535400,-0.011719,0.732178
0.254883,-0.067627,0.993408
-0.019409,-0.409790,0.752563
-0.417114,0.206055,0.825684
0.418457,-0.270508,0.948730
-0.494995,-0.061035,0.733398
0.151001,0.029785,0.997314
0.050781,-0.406006,0.791748
-0.469360,0.182739,0.813599
0.432739,-0.230225,0.971313
-0.433228,-0.073853,0.756592
0.055176,0.121704,1.014038
0.132935,-0.418823,0.819092
-0.559204,0.159546,0.791016
0.437500,-0.198975,0.995728
-0.331177,-0.150269,0.759766
-0.038208,0.177490,0.988770
0.224976,-0.408936,0.859985
-0.579102,0.092773,0.761597
0.425781,-0.138550,1.035645
-0.205200,-0.246826,0.760376
-0.144531,0.210083,0.952271
0.296631,-0.366455,0.890991
-0.595703,0.072754,0.736572
0.405884,-0.158691,1.023804
-0.110718,-0.368408,0.748901
-0.221924,0.220947,0.913330
0.358887,-0.324951,0.911255
-0.583740,0.081665,0.744751
0.320679,-0.112549,1.001709
-0.030762,-0.417236,0.755005
-0.302734,0.175659,0.874756
0.389038,-0.268311,0.935425
-0.547485,0.032837,0.730347
0.231812,-0.035156,0.983643
0.015869,-0.437256,0.766235
-0.375854,0.156006,0.850342
0.420776,-0.269775,0.946777
-0.496338,-0.004028,0.740356
0.139648,0.093750,1.003052
0.069458,-0.401611,0.788452
-0.451416,0.137085,0.813599
0.437622,-0.252563,0.975464
-0.457642,-0.080078,0.736694
0.069824,0.139160,1.005737
0.131104,-0.421631,0.806030
-0.528076,0.125366,0.783203
0.446289,-0.212402,1.007812
-0.365723,-0.140503,0.744629
0.000977,0.181519,1.016113
0.205566,-0.412598,0.854614
-0.580200,0.141357,0.771729
0.451050,-0.235229,1.004761
-0.294556,-0.209595,0.746460
-0.086182,0.234863,0.993530
0.281494,-0.394653,0.881470
-0.576416,0.087402,0.759399
0.422119,-0.185547,1.016479
-0.200928,-0.276245,0.753662
-0.151733,0.216064,0.960938
0.324219,-0.373657,0.910278
-0.585693,0.061279,0.749390
0.396240,-0.143311,1.028198
-0.107300,-0.349609,0.755615
-0.204712,0.223877,0.933472
0.348145,-0.328857,0.910767
-0.578491,0.039917,0.752197
0.353271,-0.150146,1.008789
-0.028931,-0.423706,0.773926
-0.285034,0.200806,0.882935
0.378906,-0.301392,0.922852
-0.557007,0.023926,0.746094
0.282593,-0.086548,0.986206
0.023315,-0.438599,0.777832
-0.355957,0.151123,0.833252
0.425659,-0.277100,0.967407
-0.505249,0.022095,0.752808
0.173462,-0.001343,0.983398
0.049438,-0.432251,0.776978
-0.397339,0.114014,0.822266
0.455322,-0.269287,0.988892
-0.477783,-0.041626,0.751953
0.098389,0.104004,0.999023
0.106323,-0.421875,0.806763
-0.463379,0.113159,0.804321
0.444580,-0.235596,0.991699
-0.405396,-0.115967,0.757690
0.035400,0.133423,1.011841
0.179688,-0.437378,0.831787
-0.527344,0.079956,0.765747
0.444946,-0.240112,1.004028
-0.319092,-0.185547,0.758301
-0.042969,0.204956,1.012451
0.245361,-0.405396,0.858521
-0.553711,0.055786,0.742920
0.442627,-0.223633,1.017944
-0.236450,-0.234985,0.763916
-0.116577,0.196167,0.972900
0.301025,-0.417847,0.880737
-0.567871,0.068604,0.758667
0.413452,-0.179443,1.028564
-0.160034,-0.293457,0.781860
-0.165527,0.167236,0.946167
0.343018,-0.427979,0.911865
-0.562866,0.050171,0.755615
0.370972,-0.103638,1.030640
-0.072998,-0.352539,0.770752
-0.219116,0.164795,0.920532
0.369141,-0.387573,0.931519
-0.555542,-0.013306,0.744385
0.339355,-0.096802,1.016479
-0.023315,-0.376831,0.766968
-0.293091,0.169434,0.886841
0.412354,-0.382202,0.948486
-0.515503,-0.091797,0.737549
0.268555,-0.070679,1.002319
0.023438,-0.405396,0.776001
-0.353760,0.169189,0.856689
0.443726,-0.332031,0.961914
-0.493164,-0.104736,0.739746
0.189209,-0.047241,0.982666
0.068726,-0.446167,0.777100
-0.403442,0.122437,0.812012
0.447632,-0.265381,0.990356
-0.436401,-0.114258,0.761108
0.102295,0.041504,1.012573
0.127075,-0.479980,0.796387
-0.466431,0.097900,0.784302
0.460083,-0.250244,0.998169
-0.367432,-0.115112,0.779297
0.010620,0.124146,1.015015
0.210327,-0.484375,0.832031
-0.506592,0.030640,0.738892
0.443481,-0.212280,1.038330
-0.289429,-0.193604,0.769897
-0.063843,0.177002,1.013794
0.293945,-0.448608,0.885742
-0.543091,0.028442,0.748047
0.415771,-0.187012,1.039062
-0.152588,-0.308472,0.791260
-0.170410,0.204224,0.978638
0.355103,-0.417358,0.920288
-0.542358,0.016846,0.758301
0.370117,-0.158325,1.021484
-0.033691,-0.388428,0.800781
-0.239258,0.184814,0.937866
0.388550,-0.365723,0.951050
-0.531982,-0.042358,0.736938
0.307129,-0.130127,1.006714
0.041992,-0.444458,0.819458
-0.304688,0.133667,0.889893
0.433960,-0.326538,0.975708
-0.499390,-0.063843,0.734619
0.233887,-0.034058,1.018799
0.094971,-0.488525,0.798828
-0.375244,0.116943,0.846069
0.456787,-0.314697,0.996338
-0.451538,-0.085693,0.770020
0.144043,0.039795,1.030151
0.124390,-0.468140,0.818848
-0.453979,0.089966,0.809937
0.484863,-0.300659,1.025024
-0.394897,-0.158081,0.762817
0.040649,0.151367,1.032104
0.205200,-0.447998,0.840576
-0.468628,0.046021,0.774292
0.483643,-0.294434,1.035767
-0.330933,-0.226074,0.769775
-0.025879,0.128662,1.003418
0.266846,-0.459595,0.873901
-0.509766,0.020386,0.746216
0.462646,-0.227661,1.044434
-0.225098,-0.224487,0.816650
-0.096924,0.162598,1.005981
0.323486,-0.468384,0.898071
-0.528809,0.007935,0.751099
0.407715,-0.172363,1.047119
-0.115601,-0.297485,0.811768
-0.156738,0.203735,1.003662
0.373535,-0.437500,0.941772
-0.521118,-0.022949,0.768921
0.375732,-0.137573,1.045898
-0.053467,-0.348267,0.800415
-0.222534,0.192139,0.967163
0.437256,-0.410156,0.979980
-0.501587,-0.104004,0.743530
0.307251,-0.091919,1.038086
0.044434,-0.427490,0.799805
-0.284180,0.156372,0.906738
0.459106,-0.338867,1.010498
-0.458984,-0.123779,0.759399
0.244507,-0.052124,1.037109
0.090698,-0.457886,0.810791
-0.350830,0.122070,0.876465
0.474976,-0.301514,1.020874
-0.424194,-0.126221,0.764038
0.153687,0.025391,1.038086
0.172974,-0.481812,0.845215
-0.430542,0.080322,0.826782
0.482910,-0.278198,1.038574
-0.345459,-0.190918,0.775024
0.045166,0.095947,1.031250
0.272827,-0.506226,0.880493
-0.495361,0.032349,0.762817
0.476318,-0.209839,1.074585
-0.248901,-0.239136,0.781494
-0.045166,0.173584,1.049683
0.343506,-0.455322,0.947632
-0.523560,0.018188,0.774780
0.438965,-0.170898,1.083618
-0.139771,-0.307983,0.803833
-0.127319,0.202148,1.024048
0.396851,-0.409668,0.961304
-0.507568,-0.015015,0.775879
0.392700,-0.133667,1.062256
0.011597,-0.387207,0.833740
-0.227661,0.193970,0.980835
0.433960,-0.370972,0.995605
-0.475830,-0.103760,0.754272
0.325562,-0.065918,1.078003
0.070312,-0.412231,0.833252
-0.287231,0.181519,0.951782
0.485474,-0.344238,1.029541
-0.427246,-0.136841,0.780518
0.239990,-0.022217,1.062744
0.105469,-0.418213,0.844849
-0.349243,0.126831,0.896851
0.524780,-0.289673,1.076050
-0.393188,-0.139771,0.794067
0.143921,0.037720,1.050415
0.208984,-0.489502,0.872437
-0.419556,0.024780,0.809692
0.520630,-0.227661,1.105225
-0.305054,-0.195557,0.787598
0.038208,0.172119,1.072876
0.323730,-0.430420,0.940918
-0.480225,0.014648,0.812256
0.469238,-0.261841,1.069946
-0.205566,-0.286743,0.812866
-0.034912,0.193359,1.059937
0.353638,-0.401001,0.958008
-0.490234,0.020752,0.814331
0.459229,-0.200439,1.098022
-0.076294,-0.343384,0.841309
-0.109619,0.192139,1.044800
0.401978,-0.352417,0.995239
-0.491577,-0.006958,0.789917
0.417358,-0.130493,1.104370
0.027954,-0.402832,0.848267
-0.189819,0.189575,1.022095
0.451660,-0.356567,1.025757
-0.473633,-0.069580,0.778809
0.350708,-0.074219,1.095825
0.091187,-0.401978,0.881592
-0.258789,0.172974,0.984497
0.474243,-0.296997,1.069580
-0.429565,-0.142822,0.771484
0.277954,-0.017944,1.093750
0.125122,-0.411987,0.886475
-0.323242,0.181396,0.963867
0.523071,-0.272339,1.094727
-0.380127,-0.161255,0.796143
0.195068,0.050415,1.092163
0.206299,-0.441650,0.906860
-0.371338,0.089478,0.871216
0.530396,-0.222778,1.107178
-0.307129,-0.220703,0.793579
0.116577,0.106567,1.088135
0.298462,-0.457153,0.928833
-0.432495,0.088501,0.826294
0.521118,-0.177612,1.120850
-0.210449,-0.201416,0.861206
0.006714,0.167847,1.077515
0.359253,-0.451294,0.963135
-0.486328,0.052856,0.827393
0.509521,-0.164307,1.134521
-0.110718,-0.260986,0.862061
-0.106201,0.237183,1.066528
0.413940,-0.387939,1.010986
-0.459351,-0.046143,0.813721
0.461182,-0.122925,1.141113
-0.009399,-0.338135,0.884766
-0.160767,0.212646,1.035767
0.469238,-0.316162,1.051514
-0.444092,-0.051636,0.803833
0.379883,-0.098633,1.120483
0.075317,-0.446777,0.876831
-0.230225,0.170898,1.012451
0.490234,-0.273926,1.081665
-0.409546,-0.085449,0.805908
0.325806,-0.033081,1.127930
0.111450,-0.424805,0.908936
-0.298340,0.148438,0.976807
0.528442,-0.273804,1.114258
-0.375366,-0.140503,0.820312
0.250977,0.053467,1.123535
0.194946,-0.413086,0.927979
-0.354614,0.128784,0.923706
0.549194,-0.269287,1.111694
-0.317505,-0.199707,0.815674
0.158203,0.109497,1.106445
0.278320,-0.410522,0.954346
-0.394043,0.071533,0.863403
0.541016,-0.215942,1.132080
-0.243408,-0.236694,0.848145
0.065552,0.129517,1.110352
0.339111,-0.432983,0.974365
-0.432251,0.066528,0.844849
0.531982,-0.160889,1.149414
-0.151001,-0.230591,0.882568
-0.041382,0.215576,1.102905
0.393311,-0.406372,0.998047
-0.446655,-0.036011,0.825684
0.497803,-0.130615,1.162109
0.007446,-0.297241,0.911865
-0.127563,0.235840,1.083130
0.450684,-0.339966,1.044067
-0.452881,-0.092896,0.804443
0.427368,-0.112915,1.158691
0.046265,-0.372803,0.900757
-0.206909,0.219238,1.057373
0.512207,-0.267456,1.113892
-0.421387,-0.097412,0.807129
0.309570,0.006714,1.132935
0.155884,-0.401611,0.933105
-0.284424,0.159546,0.999878
0.554810,-0.244751,1.156372
-0.376465,-0.163086,0.806885
0.200439,0.065796,1.112549
0.227173,-0.424927,0.940063
-0.355103,0.076416,0.905518
0.608765,-0.239014,1.185791
-0.272217,-0.239380,0.824951
0.080688,0.172729,1.092896
0.302002,-0.384277,0.953857
-0.408081,0.044678,0.871704
0.579468,-0.237427,1.176392
-0.197388,-0.302368,0.857056
0.025513,0.140991,1.088257
0.377808,-0.380615,1.001221
-0.446411,0.052979,0.855835
0.518311,-0.147095,1.163452
-0.073486,-0.299072,0.899170
-0.065918,0.172485,1.079956
0.425659,-0.383667,1.039185
-0.449341,-0.005859,0.834106
0.473022,-0.076294,1.172607
0.015625,-0.313721,0.897339
-0.120972,0.198120,1.087524
0.445312,-0.312988,1.069092
-0.463135,-0.049561,0.813354
0.454468,-0.104736,1.177002
0.048340,-0.349854,0.903687
-0.229370,0.247437,1.064697
0.508789,-0.265503,1.118042
-0.421753,-0.087524,0.817383
0.361328,-0.056274,1.160889
0.109375,-0.421387,0.909424
-0.293457,0.163940,0.991333
0.556274,-0.247192,1.155396
-0.381226,-0.149048,0.781372
0.265991,0.061157,1.150757
0.210083,-0.419189,0.941772
-0.363647,0.127197,0.950684
0.573608,-0.254150,1.156372
-0.315552,-0.225098,0.818481
0.151001,0.110962,1.124512
0.289673,-0.437256,0.965454
-0.430176,0.105713,0.883911
0.573730,-0.224365,1.162964
-0.238159,-0.246094,0.843384
0.077393,0.182861,1.123779
0.320679,-0.389404,0.980347
-0.441284,0.095581,0.870605
0.562012,-0.207397,1.145264
-0.178345,-0.265747,0.877686
0.010010,0.165894,1.100830
0.364990,-0.399780,0.995361
-0.448730,0.061768,0.860596
0.521973,-0.115723,1.160522
-0.105225,-0.276001,0.882080
-0.051147,0.165771,1.076416
0.400391,-0.351440,1.031616
-0.442749,-0.023682,0.842163
0.515747,-0.114380,1.189575
-0.046509,-0.321411,0.875977
-0.128906,0.199341,1.069336
0.465210,-0.362915,1.053833
-0.462646,-0.044189,0.839111
0.442017,-0.087646,1.180786
-0.002441,-0.349487,0.886475
-0.199097,0.197632,1.055908
0.497437,-0.329346,1.094238
-0.455322,-0.082397,0.810425
0.377075,-0.018188,1.168335
0.060791,-0.366577,0.880615
-0.241577,0.204712,1.033203
0.517944,-0.281494,1.103882
-0.415649,-0.110596,0.815186
0.316772,-0.026855,1.145264
0.091187,-0.361816,0.928589
-0.310669,0.147827,0.951538
0.548950,-0.260254,1.136963
-0.361938,-0.148315,0.807129
0.234619,0.063965,1.145020
0.169800,-0.420166,0.910889
-0.376343,0.126587,0.914673
0.542114,-0.246094,1.121948
-0.295776,-0.210815,0.834839
0.161011,0.125610,1.122192
0.233398,-0.416748,0.922729
-0.414917,0.093994,0.883911
0.557617,-0.220825,1.146240
-0.267456,-0.217041,0.830444
0.073608,0.137817,1.102661
0.285278,-0.394043,0.960571
-0.448608,0.060547,0.877197
0.543213,-0.208740,1.144409
-0.208862,-0.247803,0.837646
0.024170,0.170532,1.102783
0.336792,-0.382935,0.968262
-0.498291,0.039795,0.840454
0.524170,-0.214355,1.146851
-0.104370,-0.359497,0.846069
-0.045532,0.187622,1.097656
0.361816,-0.345947,0.989502
-0.491699,0.036499,0.829834
0.484131,-0.193359,1.138062
-0.074707,-0.401123,0.825684
-0.101440,0.172241,1.061768
0.396851,-0.315674,1.007202
-0.515137,0.041870,0.812378
0.447998,-0.170654,1.130127
-0.042358,-0.410889,0.849243
-0.183228,0.152222,1.034912
0.461914,-0.314819,1.052490
-0.513794,0.037598,0.795898
0.379150,-0.063477,1.140991
0.024048,-0.358765,0.886475
-0.269287,0.162231,1.009155
0.472168,-0.309448,1.065430
-0.461426,-0.056396,0.783936
0.312988,0.018555,1.144043
0.079102,-0.392090,0.868896
-0.332275,0.146973,0.961426
0.519165,-0.300171,1.099731
-0.412842,-0.127563,0.784546
0.192871,0.078613,1.104736
0.153320,-0.377808,0.903442
-0.398193,0.124268,0.917236
0.528320,-0.281372,1.097534
-0.351807,-0.217773,0.795166
0.110840,0.120483,1.089722
0.206055,-0.373169,0.906982
-0.438965,0.070190,0.869873
0.534790,-0.276367,1.107788
-0.267578,-0.267212,0.832886
0.010010,0.102539,1.050171
0.267090,-0.371460,0.929565
-0.465576,0.043213,0.833740
0.506348,-0.176270,1.137329
-0.161743,-0.311401,0.826172
-0.076538,0.111816,1.031860
0.339600,-0.397949,0.959839
-0.487183,0.008911,0.807617
0.472900,-0.136719,1.134521
-0.115601,-0.305786,0.808716
-0.184692,0.174438,1.025635
0.402100,-0.362549,0.998169
-0.491821,-0.065674,0.787354
0.407593,-0.099731,1.133301
-0.071655,-0.317627,0.829224
-0.282471,0.185913,0.980835
0.452271,-0.289429,1.048950
-0.487793,-0.081909,0.751709
0.306396,-0.055908,1.123413
0.042358,-0.399170,0.844971
-0.359985,0.182373,0.947754
0.481812,-0.293823,1.048950
-0.434082,-0.111206,0.788452
0.163940,0.045410,1.090088
0.149780,-0.442261,0.892456
-0.441040,0.097778,0.857300
0.489380,-0.239502,1.076050
-0.343018,-0.199219,0.780518
0.071289,0.138794,1.077026
0.203857,-0.361328,0.898926
-0.480225,0.053345,0.824707
0.494629,-0.231201,1.098633
-0.238159,-0.308716,0.773438
-0.000854,0.175293,1.076660
0.249268,-0.328491,0.905884
-0.539673,0.036743,0.797607
0.493408,-0.278809,1.082642
-0.178589,-0.409668,0.754150
-0.100098,0.173340,1.027710
0.309937,-0.329712,0.938477
-0.555298,0.033081,0.776611
0.455200,-0.237305,1.082397
-0.138916,-0.393799,0.780151
-0.197266,0.156372,0.997437
0.374512,-0.349609,0.961060
-0.553467,0.005249,0.749756
0.397461,-0.122681,1.086914
-0.095093,-0.330933,0.796021
-0.274902,0.176147,0.971069
0.416626,-0.371948,0.998169
-0.541504,-0.054688,0.754517
0.327271,-0.079834,1.088013
-0.049683,-0.346924,0.805542
-0.353516,0.210205,0.931885
0.436157,-0.316528,1.025024
-0.494385,-0.115356,0.746826
0.253418,-0.063965,1.074707
0.012329,-0.391479,0.821411
-0.415161,0.181763,0.908569
0.463623,-0.302612,1.038940
-0.476929,-0.112183,0.751587
0.153931,0.010864,1.059937
0.102173,-0.394287,0.864746
-0.459595,0.151611,0.872070
0.472778,-0.259521,1.062622
-0.433228,-0.151489,0.758545
0.055054,0.070923,1.030762
0.191284,-0.424805,0.876709
-0.499390,0.093872,0.829102
0.476685,-0.242310,1.059570
-0.310547,-0.224487,0.765381
-0.041504,0.129150,1.010498
0.236816,-0.391235,0.891479
-0.539673,0.037598,0.789673
0.465942,-0.241577,1.061646
-0.228882,-0.322021,0.752686
-0.111206,0.163330,0.997192
0.271729,-0.349731,0.899048
-0.551514,0.001099,0.754272
0.441284,-0.234741,1.064331
-0.186646,-0.381714,0.737427
-0.191528,0.167725,0.978516
0.315063,-0.352051,0.920166
-0.568115,0.026123,0.750977
0.400391,-0.185913,1.063599
-0.137207,-0.384888,0.762207
-0.272461,0.175659,0.944702
0.353882,-0.315796,0.954468
-0.567871,-0.034180,0.727173
0.338867,-0.132568,1.057495
-0.113037,-0.396484,0.761963
-0.320923,0.169189,0.923218
0.384155,-0.304443,0.984375
-0.559570,0.014038,0.748535
0.257202,-0.068359,1.045410
-0.032959,-0.384277,0.803833
-0.406128,0.164307,0.888794
0.406006,-0.288330,1.009277
-0.528076,-0.074829,0.713867
0.170654,0.016968,1.043579
0.047852,-0.398438,0.821655
-0.478760,0.167603,0.877930
0.435913,-0.294556,1.010498
-0.492920,-0.127930,0.709839
0.084595,0.068848,1.011963
0.115601,-0.396240,0.840576
-0.522095,0.131714,0.839600
0.458862,-0.257690,1.045654
-0.397461,-0.209229,0.720093
-0.023071,0.145386,1.007935
0.183228,-0.401489,0.858154
-0.558838,0.102173,0.807861
0.450562,-0.243652,1.042114
-0.300659,-0.271851,0.734497
-0.076416,0.168579,0.993164
0.234985,-0.367554,0.884888
-0.604126,0.059692,0.758179
0.434326,-0.257690,1.026123
-0.239380,-0.333374,0.718750
-0.127930,0.145142,0.978516
0.264038,-0.344482,0.896362
-0.603516,0.052612,0.743530
0.416870,-0.245483,1.024048
-0.193970,-0.390015,0.723389
-0.216675,0.153809,0.945923
0.304932,-0.332275,0.919067
-0.603760,0.050415,0.732910
0.372681,-0.189819,1.042603
-0.169067,-0.392700,0.725464
-0.281616,0.157593,0.924561
0.356079,-0.337280,0.938110
-0.605957,0.016602,0.724976
0.312866,-0.135376,1.021729
-0.111572,-0.386597,0.750854
-0.346069,0.188965,0.901733
0.376831,-0.319824,0.950439
-0.567749,0.007568,0.734253
0.247559,-0.062134,1.021484
-0.058838,-0.401001,0.777100
-0.421021,0.175049,0.862183
0.396729,-0.296997,0.976074
-0.540039,-0.063965,0.707764
0.174561,0.028198,1.031372
-0.006226,-0.410767,0.782104
-0.477417,0.188232,0.854614
0.417358,-0.283936,0.992188
-0.524170,-0.116089,0.709595
0.098877,0.053833,1.016724
0.070557,-0.405151,0.817261
-0.523071,0.187378,0.846802
0.423828,-0.253418,0.999756
-0.453979,-0.138916,0.729126
0.047119,0.088501,1.014160
0.142944,-0.437378,0.830688
-0.576538,0.159546,0.794556
0.427612,-0.226074,1.012451
-0.374634,-0.190308,0.724609
-0.054321,0.136597,0.992432
0.217773,-0.448853,0.850830
-0.583496,0.098145,0.787598
0.414307,-0.186768,1.023438
-0.295410,-0.264282,0.712280
-0.132935,0.183350,0.966064
0.274048,-0.384644,0.887939
-0.599976,0.060913,0.761475
0.385254,-0.170898,1.021606
-0.219971,-0.336792,0.692627
-0.211060,0.184204,0.946411
0.325073,-0.375610,0.908447
-0.619751,0.062500,0.751587
0.270630,-0.092651,1.045410
-0.158081,-0.376343,0.727295
-0.368286,0.158447,0.904053
0.420410,-0.307373,0.991211
-0.517578,-0.063110,0.713745
0.179810,0.014404,1.046997
0.029419,-0.402466,0.819336
-0.460571,0.145142,0.876221
0.437988,-0.289551,1.018066
-0.480591,-0.116211,0.726318
0.076172,0.118408,1.033936
0.109009,-0.380737,0.845459
-0.520264,0.090454,0.819946
0.458130,-0.280640,1.037598
-0.368408,-0.199219,0.753906
-0.017578,0.189941,1.023926
0.159180,-0.359619,0.863037
-0.532349,0.048462,0.790527
0.460449,-0.249878,1.051880
-0.308716,-0.291870,0.726196
-0.073242,0.155151,0.995117
0.230225,-0.400024,0.860962
-0.572876,0.046143,0.765259
0.437012,-0.203735,1.053955
-0.245850,-0.332275,0.713257
-0.146118,0.161011,0.972168
0.275635,-0.385986,0.891724
-0.588257,0.025879,0.750000
0.409058,-0.200928,1.052979
-0.206543,-0.367432,0.711670
-0.228516,0.170898,0.944336
0.321045,-0.357056,0.923340
-0.596802,0.011841,0.755005
0.377075,-0.198486,1.035278
-0.160034,-0.390137,0.724487
-0.295410,0.161865,0.898438
0.352173,-0.323975,0.952026
-0.578613,0.002808,0.735229
0.323608,-0.114746,1.036133
-0.132202,-0.367798,0.742188
-0.327759,0.180054,0.909058
0.375854,-0.329590,0.959961
-0.583740,0.019165,0.729736
0.259766,-0.076416,1.022217
-0.078735,-0.378418,0.781372
-0.401245,0.184448,0.893799
0.391968,-0.312500,0.959473
-0.546387,-0.011230,0.714355
0.176270,0.004639,1.019287
-0.010742,-0.386475,0.805420
0.410767,-0.270996,0.982422
0.060669,0.125122,1.026001
0.126709,-0.426025,0.834595
-0.573608,0.159790,0.813354
0.419678,-0.243042,0.997681
-0.393311,-0.202026,0.721191
0.000610,0.158325,1.010742
0.167603,-0.391724,0.839233
-0.578369,0.096680,0.800659
0.429199,-0.266602,1.013794
-0.319214,-0.261108,0.711304
-0.093750,0.172363,0.970215
0.228882,-0.385620,0.868164
-0.588623,0.093994,0.778320
0.417114,-0.229248,1.013916
-0.273438,-0.296753,0.709351
-0.141357,0.150024,0.950684
0.271973,-0.373535,0.885010
-0.609009,0.099976,0.769775
0.398438,-0.188110,1.017822
-0.202393,-0.371094,0.720825
-0.214966,0.165649,0.944824
0.301758,-0.338501,0.903198
-0.606812,0.071533,0.744019
0.369873,-0.152588,1.030518
-0.172119,-0.372192,0.726318
-0.293335,0.172974,0.906738
0.352905,-0.352661,0.917725
-0.600708,0.038940,0.721680
0.306885,-0.094116,1.025391
-0.118042,-0.368652,0.747437
-0.363647,0.170288,0.881348
0.377808,-0.333862,0.932373
-0.590820,0.003418,0.699585
0.235962,-0.048584,1.005981
-0.047852,-0.417480,0.765381
-0.432617,0.187622,0.872925
0.408081,-0.291382,0.965454
-0.558472,-0.018677,0.701904
0.118652,0.050781,0.985107
0.044189,-0.393188,0.812744
-0.490601,0.166382,0.841797
0.402466,-0.231323,0.988770
-0.484863,-0.115356,0.704346
0.037476,0.137573,1.011841
0.125000,-0.419922,0.816772
-0.545044,0.143433,0.825073
0.417603,-0.217163,1.004028
-0.383667,-0.186279,0.715942
-0.029297,0.166748,0.991333
0.197266,-0.393311,0.856567
-0.602539,0.134766,0.783325
0.416748,-0.184937,1.016235
-0.276611,-0.281250,0.712280
-0.125366,0.169922,0.964111
0.273071,-0.375488,0.883179
-0.621094,0.099365,0.751709
0.375977,-0.159790,1.019287
-0.173340,-0.376709,0.709229
-0.225464,0.182739,0.924805
0.322144,-0.340698,0.906860
-0.608398,0.084961,0.752808
0.326172,-0.129028,1.000977
-0.113403,-0.393799,0.734863
-0.303589,0.173828,0.899292
0.363892,-0.289917,0.938965
-0.046509,-0.430298,0.750366
0.409912,-0.285400,0.961426
0.049072,-0.384644,0.796021
-0.501343,0.154419,0.830933
0.422363,-0.239258,0.994263
-0.429810,-0.099121,0.727417
0.026245,0.173340,1.005981
0.142090,-0.367310,0.832520
-0.585327,0.138428,0.782593
0.432495,-0.220093,1.022217
-0.316162,-0.230591,0.717896
-0.052368,0.200562,0.987305
0.206787,-0.327515,0.858521
-0.624512,0.134399,0.756470
0.431274,-0.228516,1.005371
-0.228760,-0.317139,0.725220
-0.137085,0.198120,0.954590
0.259155,-0.334839,0.873413
-0.601440,0.100464,0.748779
0.411499,-0.165283,1.029663
-0.180542,-0.343262,0.723877
0.340088,-0.344482,0.911621
-0.618774,0.103516,0.741089
0.359497,-0.122437,1.022339
-0.109375,-0.394043,0.730957
-0.284058,0.183472,0.888550
0.357422,-0.324585,0.916626
-0.581787,0.076172,0.736206
0.291016,-0.053589,1.014526
-0.075073,-0.401245,0.737671
-0.338623,0.172852,0.874023
0.382812,-0.317749,0.923584
-0.575684,0.013794,0.704834
0.234375,-0.024170,0.990356
-0.017212,-0.402466,0.766235
-0.425415,0.202881,0.851929
0.408203,-0.257690,0.968018
-0.521484,-0.085205,0.718018
0.142578,0.035645,1.009888
0.039062,-0.413208,0.780640
-0.494873,0.225708,0.842407
0.435547,-0.246094,0.973022
-0.448608,-0.065186,0.747681
0.056885,0.131348,1.015259
0.127197,-0.412476,0.817749
-0.559326,0.169189,0.797363
0.428223,-0.199219,0.994873
-0.337402,-0.171631,0.747803
-0.024414,0.174561,1.005493
0.209106,-0.399536,0.864014
-0.621582,0.128418,0.761230
0.424561,-0.192505,1.016968
-0.208984,-0.309570,0.733276
-0.114746,0.213135,0.961670
0.284424,-0.344971,0.884155
-0.625366,0.115967,0.737061
0.397949,-0.179077,1.016235
-0.126709,-0.386719,0.736938
-0.202637,0.183960,0.916260
0.360596,-0.323120,0.906006
-0.627808,0.176880,0.744019
0.308350,-0.121216,0.973755
-0.053467,-0.410278,0.747070
-0.271973,0.131226,0.889038
0.380859,-0.289307,0.939209
-0.591675,0.081543,0.698120
0.229126,0.024902,0.986694
0.002563,-0.377441,0.775269
-0.384155,0.116089,0.848267
0.409790,-0.303345,0.964478
-0.538208,0.000244,0.715088
0.161011,0.118042,1.008911
0.031860,-0.370605,0.775024
-0.463501,0.168457,0.835083
0.438477,-0.299805,0.965942
-0.472412,-0.073486,0.746216
0.101685,0.137451,1.021973
0.097290,-0.385864,0.808350
-0.519897,0.187256,0.811401
0.444336,-0.251831,0.984375
-0.407959,-0.120728,0.756592
0.035522,0.132446,1.013428
0.154541,-0.405396,0.827881
-0.559448,0.176147,0.801636
0.437866,-0.191895,1.003540
-0.316040,-0.168823,0.755859
-0.022095,0.173096,1.014404
0.228394,-0.408813,0.874146
-0.610718,0.124390,0.736450
0.424805,-0.171631,1.013428
-0.214966,-0.262939,0.751953
-0.103394,0.190063,0.976440
0.312256,-0.388306,0.902100
-0.613770,0.129517,0.748047
0.391846,-0.145630,1.003052
-0.117065,-0.335449,0.756958
-0.204712,0.187256,0.926880
0.351196,-0.367432,0.920776
-0.593262,0.063354,0.746704
0.353149,-0.098389,1.015381
-0.055542,-0.383667,0.736572
-0.276489,0.213135,0.891113
0.391602,-0.317261,0.920410
-0.573975,0.030396,0.725708
0.260498,-0.049805,0.987183
0.003784,-0.401855,0.775635
-0.348389,0.149902,0.851196
0.418823,-0.294922,0.954956
-0.539795,0.019775,0.717896
0.174316,0.074463,0.995117
0.051392,-0.398071,0.779785
-0.421021,0.147705,0.834839
0.430908,-0.252930,0.974121
-0.471436,-0.040894,0.750977
0.108765,0.115234,0.998901
0.079834,-0.410400,0.784058
-0.476440,0.127563,0.801270
0.446777,-0.215576,0.996704
-0.424072,-0.099609,0.737793
0.066895,0.152344,1.022339
0.132446,-0.401245,0.806274
-0.537476,0.139648,0.784302
0.462769,-0.269897,0.998413
-0.375854,-0.170654,0.744629
0.001465,0.159790,0.999268
0.190186,-0.384644,0.840698
-0.552246,0.116943,0.756836
0.470459,-0.219727,1.028931
-0.303223,-0.192139,0.764404
-0.067383,0.160400,0.984009
0.240234,-0.427246,0.844360
-0.574219,0.112671,0.742920
0.457275,-0.170898,1.038940
-0.225952,-0.223267,0.771729
-0.111450,0.201050,0.973145
0.280273,-0.403687,0.875610
-0.585693,0.058105,0.750366
0.433472,-0.195190,1.017212
-0.154541,-0.301636,0.767212
-0.166016,0.212158,0.947876
0.328979,-0.345093,0.906982
-0.583374,0.096680,0.754761
0.388672,-0.182007,1.011230
-0.084839,-0.356567,0.784302
-0.217041,0.201172,0.924561
0.352173,-0.323730,0.913452
-0.561646,0.054688,0.756958
0.350098,-0.133057,1.006104
-0.034180,-0.395142,0.772217
-0.263672,0.162842,0.875488
0.389648,-0.298950,0.947266
-0.558960,-0.005127,0.723022
0.291870,-0.104980,0.972656
0.010498,-0.418335,0.774780
-0.310059,0.163940,0.862549
0.399048,-0.299561,0.946777
-0.529053,-0.059570,0.730469
0.245972,-0.065552,0.988403
0.014404,-0.418213,0.767944
-0.364380,0.141479,0.831665
0.428345,-0.266846,0.977417
-0.491089,-0.072388,0.741089
0.178101,-0.021362,1.000000
0.055420,-0.442261,0.777710
-0.428833,0.147705,0.804199
0.446167,-0.283936,0.978271
-0.470703,-0.090942,0.740479
0.136475,0.045654,1.008301
0.103149,-0.426392,0.796875
-0.473633,0.134888,0.786987
0.448730,-0.271851,0.985718
-0.418213,-0.145752,0.740967
0.073120,0.091675,1.025635
0.165527,-0.441040,0.826416
-0.530273,0.135742,0.769531
0.446167,-0.245239,0.984375
-0.360107,-0.152100,0.764648
0.017456,0.110229,1.016113
0.208496,-0.465942,0.842773
-0.535400,0.060303,0.751587
0.457642,-0.208618,1.019897
-0.290527,-0.195557,0.760132
-0.102783,0.190308,0.989136
0.298828,-0.485229,0.869263
-0.557373,0.053711,0.741577
0.419189,-0.179565,1.014526
-0.202759,-0.210449,0.772339
-0.143188,0.205566,0.968384
0.334961,-0.422729,0.911011
-0.565552,0.011475,0.743652
0.390259,-0.153564,1.023193
-0.087158,-0.328247,0.781616
-0.215698,0.216553,0.944214
0.371704,-0.370483,0.943359
-0.536987,-0.002686,0.764648
0.345703,-0.133545,1.013062
-0.006714,-0.418701,0.779053
-0.313110,0.174438,0.881104
0.395386,-0.337158,0.952026
-0.513428,-0.083496,0.733032
0.262207,-0.089844,0.999390
0.057739,-0.475342,0.772827
-0.383789,0.169189,0.839600
0.445923,-0.299072,0.975342
-0.487671,-0.051514,0.751709
0.150635,0.010010,0.994751
0.111328,-0.480347,0.798096
-0.421509,0.076172,0.800537
0.453613,-0.252930,0.999634
-0.433228,-0.114380,0.739746
0.057617,0.112305,1.001587
0.188965,-0.461304,0.836304
-0.497803,0.068115,0.772095
0.452515,-0.237427,1.026367
-0.337524,-0.225830,0.741943
-0.023560,0.166138,1.022217
0.249268,-0.470459,0.846680
-0.567383,0.090210,0.731689
0.474609,-0.269043,1.034912
-0.223267,-0.264648,0.786499
-0.101807,0.208618,1.013794
0.268921,-0.364136,0.894287
-0.566162,0.061157,0.754883
0.454468,-0.276245,1.030396
-0.124756,-0.325317,0.798340
-0.178101,0.249634,0.988525
0.343506,-0.347290,0.926392
-0.546021,0.038940,0.767334
0.398682,-0.204834,1.031494
-0.055786,-0.351685,0.812866
-0.213379,0.188599,0.951050
0.371948,-0.359253,0.938965
-0.540161,0.000732,0.752197
0.348877,-0.159668,1.017212
0.005737,-0.447266,0.798096
-0.271729,0.155273,0.921143
0.413574,-0.348511,0.954590
-0.520508,-0.034180,0.734009
0.271362,-0.083252,1.005005
0.074097,-0.466309,0.801514
-0.328491,0.141724,0.888306
0.419312,-0.334595,0.968506
-0.484375,-0.103638,0.740601
0.213013,-0.021362,1.021973
0.114258,-0.466675,0.809448
-0.394653,0.147949,0.849976
0.457397,-0.310669,0.993896
-0.438721,-0.144897,0.753296
0.134521,0.017578,1.020508
0.141602,-0.469116,0.816284
-0.432251,0.111572,0.815063
0.463867,-0.276001,1.012817
-0.386475,-0.175415,0.765259
0.051636,0.080688,1.008301
0.212158,-0.489502,0.848389
-0.471191,0.027954,0.771973
0.472412,-0.237671,1.033447
-0.313721,-0.193848,0.773071
-0.040405,0.157837,1.016846
0.293579,-0.493408,0.869141
-0.502930,-0.005371,0.745972
0.441772,-0.194580,1.046265
-0.222778,-0.245483,0.782959
-0.106445,0.176392,1.007812
0.348877,-0.451416,0.925781
-0.519653,-0.012573,0.759766
0.407593,-0.157227,1.070068
-0.098877,-0.345825,0.797119
-0.189209,0.218140,0.992554
0.386597,-0.418457,0.934082
-0.503662,-0.036377,0.762939
0.361328,-0.137329,1.044312
-0.017456,-0.390381,0.810547
-0.241333,0.180542,0.955688
0.416992,-0.381958,0.968506
-0.494751,-0.082275,0.743896
0.314575,-0.115234,1.032715
0.065308,-0.435913,0.819946
-0.300659,0.156128,0.893066
0.458496,-0.322510,1.000000
-0.465576,-0.120117,0.747192
0.232422,-0.059937,1.029907
0.094360,-0.478271,0.805908
-0.356445,0.103516,0.866333
0.483521,-0.287476,1.034180
-0.424683,-0.115112,0.776245
0.133789,0.030151,1.021118
0.168945,-0.490234,0.833984
-0.408081,0.069214,0.828491
0.497070,-0.260254,1.060181
-0.366821,-0.194580,0.755737
0.056396,0.103149,1.034424
0.255859,-0.527222,0.856689
-0.459229,0.050903,0.793213
0.487061,-0.235962,1.063110
-0.299805,-0.202148,0.791016
-0.006348,0.136719,1.040894
0.310303,-0.496826,0.913574
-0.500000,0.014526,0.767090
0.462402,-0.190308,1.074951
-0.222168,-0.227661,0.800293
-0.063232,0.184204,1.044189
0.357178,-0.468994,0.937988
-0.508423,0.032104,0.786743
0.440552,-0.163574,1.075562
-0.135742,-0.304077,0.809692
-0.132324,0.197510,1.031494
0.407227,-0.429810,0.979736
-0.498657,-0.015991,0.784424
0.398193,-0.110474,1.077393
-0.030151,-0.350830,0.833008
-0.193115,0.183838,1.001831
0.423828,-0.384155,0.994507
-0.492188,-0.061035,0.774902
0.355957,-0.094849,1.076782
0.068726,-0.418945,0.845581
-0.255249,0.173462,0.949951
0.457520,-0.317627,1.018066
-0.444946,-0.091187,0.792603
0.286621,-0.061279,1.062622
0.108643,-0.436646,0.852295
-0.313232,0.151245,0.924683
0.473145,-0.251953,1.058350
-0.416870,-0.105835,0.794922
0.205811,0.011963,1.063965
0.189697,-0.483765,0.864746
-0.395874,0.093140,0.871094
0.507080,-0.235352,1.078857
-0.349243,-0.190552,0.767578
0.088257,0.118408,1.062744
0.276855,-0.500122,0.890625
-0.449829,0.017212,0.803101
0.510254,-0.227783,1.096069
-0.257690,-0.216919,0.820923
-0.020630,0.202026,1.060059
0.346191,-0.461426,0.928467
-0.472046,-0.015381,0.801025
0.487305,-0.210693,1.115234
-0.161865,-0.265747,0.840942
-0.099854,0.223999,1.040894
0.397217,-0.416504,0.978149
-0.480469,-0.021362,0.803833
0.448730,-0.173462,1.117432
-0.056763,-0.335083,0.849487
-0.161255,0.219360,1.033936
0.430176,-0.346313,1.012817
-0.470215,-0.054077,0.790771
0.399048,-0.142822,1.112915
0.049316,-0.448608,0.851074
-0.230469,0.201050,0.999390
0.489380,-0.326416,1.041138
-0.438354,-0.076782,0.794800
0.315186,-0.078735,1.083740
0.084106,-0.431396,0.876709
-0.281616,0.153687,0.970825
0.518311,-0.291992,1.077515
-0.415283,-0.111938,0.794189
0.253540,-0.006592,1.077881
0.162720,-0.427246,0.900513
-0.330200,0.133545,0.921875
0.514404,-0.238770,1.097656
-0.367432,-0.162598,0.798706
0.174805,0.070068,1.092041
0.247437,-0.491089,0.908447
-0.397217,0.079102,0.887573
0.535522,-0.249512,1.105957
-0.310425,-0.217529,0.802612
0.088379,0.127808,1.073242
0.316162,-0.451294,0.953003
-0.432129,0.062378,0.840698
0.526978,-0.214478,1.118530
-0.239014,-0.241577,0.829468
0.001465,0.163208,1.066528
0.378052,-0.459961,0.982300
-0.459229,0.061401,0.833496
0.500488,-0.142334,1.135986
-0.153198,-0.254761,0.857910
-0.053711,0.199097,1.085693
0.403198,-0.416992,1.000488
-0.458740,0.005005,0.834595
0.483521,-0.122559,1.141724
-0.046387,-0.297363,0.885132
-0.128418,0.212769,1.062744
0.436523,-0.387695,1.026855
-0.454834,-0.056274,0.809570
0.439209,-0.101440,1.140137
0.027588,-0.347656,0.883057
-0.186890,0.237671,1.053833
0.491577,-0.369873,1.049072
-0.436279,-0.080933,0.807861
0.381592,-0.056519,1.128540
0.059204,-0.349243,0.882690
-0.222778,0.181274,1.021362
0.510132,-0.304199,1.087158
-0.420288,-0.130737,0.796631
0.336426,-0.030640,1.121826
0.116455,-0.383057,0.902832
-0.283447,0.175781,0.980835
0.544678,-0.262451,1.121826
-0.390381,-0.146729,0.809082
0.259277,0.015503,1.119751
0.196167,-0.432861,0.929443
-0.341797,0.115479,0.941162
0.546753,-0.228271,1.137695
-0.344604,-0.168945,0.809570
0.177368,0.070068,1.100708
0.271606,-0.450317,0.946289
-0.385986,0.089844,0.887817
0.552002,-0.220093,1.133789
-0.267578,-0.204224,0.840820
0.075317,0.132568,1.089478
0.350586,-0.427979,0.987915
-0.423584,0.051270,0.863403
0.541382,-0.167725,1.160034
-0.178955,-0.244995,0.861328
-0.031250,0.210693,1.081177
0.409180,-0.406250,1.016846
-0.434326,-0.025269,0.838501
0.508911,-0.121948,1.171875
-0.049683,-0.296875,0.880859
-0.113281,0.231201,1.071777
0.442749,-0.352539,1.036377
-0.445312,-0.081909,0.814575
0.455322,-0.115356,1.178223
0.020264,-0.366455,0.885254
-0.151123,0.236206,1.076172
0.476685,-0.298218,1.071777
-0.442993,-0.057983,0.820312
0.395996,-0.074951,1.151855
0.075928,-0.410034,0.905884
-0.233398,0.204712,1.048340
0.522095,-0.270142,1.106201
-0.428589,-0.072388,0.806152
0.318481,-0.010498,1.135498
0.162231,-0.400513,0.949707
-0.300293,0.143677,0.968750
0.550293,-0.243286,1.149414
-0.360718,-0.142944,0.820557
0.221313,0.094849,1.140625
0.250610,-0.452271,0.949707
-0.362793,0.089233,0.928345
0.558960,-0.237793,1.146729
-0.308472,-0.185425,0.825684
0.130981,0.162720,1.120117
0.312500,-0.424072,0.974731
-0.398682,0.074585,0.901245
0.559692,-0.205566,1.169922
-0.232788,-0.262451,0.844116
0.035889,0.183960,1.100952
0.363525,-0.396729,0.995605
-0.435303,0.038940,0.863403
0.561890,-0.188232,1.181274
-0.135498,-0.287354,0.879150
-0.036621,0.197998,1.082764
0.397827,-0.378052,1.013916
-0.448975,-0.001221,0.859253
0.526855,-0.136963,1.189087
-0.024048,-0.340332,0.895020
-0.103882,0.219727,1.099976
0.429443,-0.344971,1.031372
-0.467407,-0.014160,0.835571
0.487549,-0.127808,1.177002
0.000122,-0.341064,0.880615
-0.144653,0.223267,1.086548
0.477051,-0.300415,1.074219
-0.471069,-0.032471,0.824951
0.429199,-0.111938,1.157715
0.041870,-0.396729,0.888550
-0.221191,0.213989,1.036621
0.501953,-0.254761,1.110718
-0.430908,-0.090576,0.798950
0.362183,-0.044922,1.158203
0.092041,-0.392944,0.922119
-0.272217,0.201294,1.019043
0.529785,-0.270874,1.123535
-0.403687,-0.110474,0.796631
0.308350,0.007446,1.157715
0.152588,-0.410889,0.935669
-0.316162,0.144043,0.968994
0.557373,-0.267456,1.137939
-0.372681,-0.164429,0.800293
0.243286,0.066162,1.150146
0.193726,-0.424072,0.936890
-0.351929,0.122681,0.957397
0.571533,-0.274902,1.140015
-0.359619,-0.181763,0.816895
0.186401,0.099121,1.142456
0.244385,-0.413696,0.958618
-0.374878,0.108276,0.932861
0.557617,-0.238159,1.142456
-0.325684,-0.213379,0.819214
0.161377,0.084106,1.120361
0.266479,-0.416504,0.952759
-0.403931,0.124023,0.909668
0.561768,-0.214600,1.146484
-0.289673,-0.228882,0.831299
0.099731,0.079224,1.098267
0.308960,-0.427002,0.973633
-0.408203,0.098389,0.885620
0.542114,-0.147583,1.160522
-0.256104,-0.227783,0.825806
0.048462,0.107178,1.095581
0.347290,-0.434692,0.991333
-0.433472,0.082520,0.883179
0.534424,-0.134277,1.156738
-0.202271,-0.226074,0.841797
-0.010986,0.157715,1.089233
0.391235,-0.424683,1.004639
-0.441772,0.019653,0.859497
0.523804,-0.142700,1.168091
-0.126221,-0.275391,0.848145
-0.082886,0.180786,1.069580
0.413574,-0.388672,1.011475
-0.446045,-0.036011,0.846436
0.493042,-0.124146,1.171143
-0.076538,-0.329834,0.850708
-0.162842,0.200073,1.040405
0.459595,-0.374390,1.034546
-0.462158,-0.036865,0.823120
0.448730,-0.077271,1.171021
-0.027710,-0.334595,0.864136
-0.222778,0.200195,1.035278
0.474487,-0.320679,1.062866
-0.461426,-0.068481,0.790649
0.401978,-0.035278,1.178101
0.037354,-0.338989,0.900024
-0.299072,0.233154,1.020874
0.499268,-0.298462,1.078003
-0.415771,-0.123413,0.791870
0.319458,-0.025146,1.142334
0.092041,-0.352783,0.899170
-0.339600,0.173828,0.956055
0.519531,-0.279175,1.100342
-0.391602,-0.167480,0.794434
0.226440,0.022827,1.125000
0.173218,-0.399170,0.912598
-0.407715,0.159668,0.909546
0.531250,-0.247070,1.112671
-0.343872,-0.209839,0.794678
0.133545,0.074219,1.103882
0.252197,-0.414795,0.929077
-0.440308,0.106323,0.891602
0.534790,-0.223145,1.113525
-0.282715,-0.236572,0.810059
0.040771,0.131348,1.084961
0.311279,-0.411011,0.965820
-0.473022,0.054443,0.846436
0.519165,-0.192505,1.126099
-0.177856,-0.275635,0.819824
-0.041382,0.161499,1.070557
0.352051,-0.385864,0.967163
-0.498535,0.006104,0.819702
0.488770,-0.169678,1.127319
-0.118286,-0.314331,0.806885
-0.114136,0.193359,1.052124
0.381592,-0.336670,0.987061
-0.512085,-0.018555,0.798950
0.377075,-0.083618,1.146118
-0.087524,-0.374512,0.822388
-0.254761,0.178223,1.019165
0.534180,-0.268311,1.111694
-0.420166,-0.063232,0.830444
0.294434,-0.019165,1.137817
0.154419,-0.442383,0.934204
-0.312500,0.138306,0.985474
0.550049,-0.249756,1.136963
-0.369385,-0.127197,0.830322
0.211182,0.066040,1.137329
0.234497,-0.405518,0.963379
-0.383179,0.115967,0.932129
0.557861,-0.237427,1.135254
-0.292358,-0.216431,0.824585
0.113037,0.126221,1.122559
0.301025,-0.405640,0.976807
-0.429077,0.086792,0.895508
0.546021,-0.178711,1.158081
-0.224121,-0.236328,0.836304
0.024780,0.161987,1.101318
0.366577,-0.411011,0.998535
-0.461914,0.003418,0.855347
0.538086,-0.145264,1.181396
-0.081177,-0.323242,0.845703
-0.081299,0.203369,1.079834
0.386963,-0.355835,0.996704
-0.452637,-0.058472,0.826782
0.498169,-0.159912,1.182129
-0.043823,-0.350708,0.859375
-0.148438,0.214966,1.053101
0.441406,-0.315918,1.021118
-0.486816,-0.026611,0.821777
0.439453,-0.154785,1.150757
0.000488,-0.378784,0.880371
-0.235107,0.216919,1.035400
0.497681,-0.288940,1.077148
-0.454102,-0.036743,0.791382
0.334473,-0.025269,1.141846
0.107422,-0.417725,0.914307
-0.322510,0.155396,0.974854
0.520020,-0.264160,1.116943
-0.384033,-0.144897,0.795898
0.227295,0.075439,1.131470
0.156250,-0.394409,0.911621
-0.381592,0.097046,0.914917
0.555664,-0.262939,1.141235
-0.331543,-0.228638,0.798340
0.124756,0.176758,1.125244
0.220825,-0.395630,0.919922
-0.433472,0.077881,0.887573
0.563965,-0.275513,1.131714
-0.283936,-0.273682,0.808716
0.050171,0.156494,1.096802
0.294922,-0.383179,0.952393
-0.453857,0.063232,0.848877
0.528320,-0.199829,1.135742
-0.198608,-0.285400,0.827148
-0.028198,0.119873,1.052246
0.350708,-0.394897,0.968384
-0.458496,0.015747,0.838379
0.498657,-0.149414,1.147583
-0.111206,-0.307983,0.812134
-0.136597,0.198242,1.048584
0.405029,-0.377441,0.984497
-0.484375,-0.043335,0.806763
0.461548,-0.151855,1.147339
-0.058838,-0.330322,0.842529
-0.240479,0.213745,1.018555
0.431274,-0.308105,1.025513
-0.477661,-0.088013,0.789917
0.391479,-0.107666,1.153198
0.019653,-0.388062,0.864014
-0.325806,0.204468,0.970825
0.461060,-0.276733,1.056763
-0.442017,-0.096802,0.776855
0.291016,-0.057373,1.114502
0.092285,-0.378906,0.887207
-0.377441,0.171021,0.916748
0.496582,-0.256470,1.076050
-0.415527,-0.157471,0.776245
0.177856,0.010742,1.097046
0.187622,-0.445312,0.912231
-0.441772,0.110352,0.876465
0.496460,-0.200439,1.102173
-0.335693,-0.226929,0.769043
0.060303,0.139282,1.084351
0.237915,-0.406738,0.913208
-0.479492,0.038696,0.838623
0.520020,-0.234497,1.109985
-0.214111,-0.292358,0.797852
-0.050293,0.172607,1.050049
0.305420,-0.398315,0.925415
-0.492798,0.033936,0.819336
0.490234,-0.211792,1.109497
-0.155273,-0.347534,0.790771
-0.117432,0.155762,1.007690
0.343018,-0.359131,0.941895
-0.526245,0.001465,0.787598
0.467651,-0.203735,1.116577
-0.109619,-0.337280,0.808960
-0.214233,0.183594,0.993408
0.390381,-0.313232,0.992432
-0.537476,-0.035400,0.764771
0.382812,-0.156616,1.094116
-0.058472,-0.363892,0.829102
-0.309326,0.210205,0.971802
0.437378,-0.319092,1.014404
-0.510010,-0.061157,0.743164
0.295166,-0.033936,1.099609
0.008179,-0.392090,0.828247
-0.364136,0.145996,0.915649
0.461426,-0.315186,1.021851
-0.453735,-0.106201,0.762329
0.231079,0.027222,1.092529
0.046143,-0.358276,0.842773
-0.436279,0.157715,0.902100
0.488770,-0.325806,1.038940
-0.442383,-0.155518,0.743042
0.153809,0.073730,1.086548
0.127808,-0.383423,0.862671
-0.480957,0.157837,0.878906
0.474243,-0.270264,1.046753
-0.406494,-0.192017,0.768677
0.081909,0.039917,1.033569
0.196167,-0.406738,0.885864
-0.513062,0.144409,0.843628
0.472168,-0.224976,1.066772
-0.329224,-0.239746,0.770142
-0.001831,0.072021,1.024902
0.233887,-0.417969,0.896118
-0.506714,0.069946,0.816284
0.466553,-0.171143,1.088013
-0.272339,-0.255493,0.764404
-0.068848,0.107056,1.014648
0.290161,-0.416504,0.921875
-0.537476,0.029419,0.786987
0.456543,-0.187500,1.087646
-0.218872,-0.298340,0.750488
-0.165894,0.154419,0.975586
0.332031,-0.363647,0.951416
-0.549072,-0.018311,0.766113
0.412109,-0.165649,1.081421
-0.179443,-0.355713,0.735840
-0.241089,0.179688,0.974243
0.366333,-0.350342,0.945923
-0.559448,-0.021729,0.764648
0.368652,-0.143433,1.070679
-0.121216,-0.374512,0.765747
-0.319214,0.202881,0.931274
0.388550,-0.326660,0.969849
-0.550171,-0.018921,0.760254
0.295410,-0.098755,1.065552
-0.051514,-0.411011,0.787842
-0.380615,0.185425,0.901123
0.399658,-0.293091,0.991821
-0.505493,-0.063965,0.740845
0.195068,-0.018188,1.050293
0.021606,-0.412476,0.815063
-0.442139,0.156982,0.885010
0.424805,-0.253052,1.020996
-0.487061,-0.112061,0.732544
0.094971,0.052246,1.034424
0.112793,-0.435181,0.853149
-0.512329,0.122314,0.839722
0.455566,-0.261353,1.026611
-0.392578,-0.183228,0.727661
-0.012817,0.167114,1.030029
0.207886,-0.413086,0.872314
-0.537354,0.076416,0.819092
0.432983,-0.214111,1.038818
-0.315674,-0.231934,0.731812
-0.072266,0.139404,0.983765
0.249268,-0.390137,0.886353
-0.575195,0.036133,0.765869
0.431152,-0.200195,1.053223
-0.237183,-0.327759,0.711670
-0.163330,0.177734,0.970581
0.297241,-0.392700,0.894043
-0.577637,0.031982,0.763672
0.410522,-0.184570,1.048584
-0.196655,-0.336182,0.727295
-0.238281,0.185181,0.955078
0.340820,-0.346558,0.927002
-0.595459,-0.001343,0.747681
0.350464,-0.180054,1.042969
-0.143433,-0.382690,0.733032
-0.292114,0.179688,0.914429
0.360718,-0.314941,0.939941
-0.594360,0.010864,0.734741
0.283203,-0.129395,1.026001
-0.069092,-0.411499,0.774292
-0.372192,0.163086,0.887207
0.376587,-0.288574,0.968628
-0.562256,-0.011475,0.715210
0.187866,-0.033936,1.020752
0.003906,-0.414673,0.805176
-0.459717,0.183472,0.874878
0.400513,-0.278442,0.983032
-0.523193,-0.071899,0.716919
0.093140,0.056396,1.013184
0.084106,-0.405762,0.824585
-0.522217,0.127075,0.842041
0.418457,-0.239136,1.017334
-0.430420,-0.156982,0.710449
0.024902,0.117676,1.005127
0.154541,-0.397583,0.853394
-0.572632,0.120117,0.794067
0.423218,-0.227905,1.013184
-0.318848,-0.235352,0.716797
-0.052124,0.163574,0.997314
0.206787,-0.392944,0.856934
-0.601196,0.085693,0.764404
0.429443,-0.213867,1.026978
-0.256104,-0.333008,0.701904
-0.143188,0.190063,0.971802
0.262329,-0.377808,0.882568
-0.604492,0.067017,0.754517
0.404419,-0.224609,1.025879
-0.196533,-0.378174,0.710815
-0.222412,0.187622,0.941162
0.314453,-0.346558,0.901123
-0.624878,0.061279,0.736206
0.374268,-0.182861,1.030762
-0.150269,-0.409424,0.719360
-0.272827,0.164062,0.894653
0.334595,-0.329590,0.919312
-0.604370,0.072510,0.742554
0.319214,-0.150391,1.010254
-0.113647,-0.395752,0.746948
-0.366089,0.186890,0.878296
0.372803,-0.315674,0.936523
-0.571899,0.010376,0.716064
0.237793,-0.085693,0.995972
-0.067261,-0.398804,0.762817
-0.432739,0.203735,0.869019
0.404907,-0.293945,0.966431
-0.540161,-0.045044,0.708374
0.131470,0.046875,1.009766
0.020020,-0.409912,0.794434
-0.485474,0.168457,0.849365
0.394165,-0.241455,0.986084
-0.467896,-0.101196,0.714355
0.066162,0.127930,1.014160
0.077881,-0.395874,0.802246
-0.541382,0.159424,0.840454
0.414551,-0.271484,0.975708
-0.396240,-0.152832,0.730591
-0.004028,0.205200,1.009521
0.149170,-0.341553,0.849243
-0.583374,0.125244,0.793335
0.428223,-0.249023,1.005371
-0.341064,-0.225464,0.726318
-0.048584,0.165283,0.985352
0.207275,-0.398438,0.852661
-0.597656,0.150513,0.789795
0.412109,-0.164795,1.028320
-0.290771,-0.283447,0.702759
-0.104736,0.154541,0.978638
0.244263,-0.410645,0.857666
-0.614868,0.116333,0.754517
0.427002,-0.185303,1.024414
-0.225220,-0.282959,0.725952
-0.185059,0.204834,0.944946
0.294434,-0.399170,0.883545
-0.603760,0.082764,0.753418
0.388062,-0.142334,1.022827
-0.171509,-0.346680,0.718506
-0.252319,0.213257,0.923096
0.347168,-0.372803,0.905518
-0.608521,0.038940,0.725952
0.348877,-0.115112,1.028564
-0.134399,-0.366699,0.713135
-0.316895,0.219238,0.890381
0.371216,-0.340942,0.916382
-0.591187,0.003540,0.711182
0.294434,-0.078125,1.020020
-0.092041,-0.401489,0.727417
-0.371582,0.219238,0.878784
0.400146,-0.303467,0.930908
-0.554810,0.014648,0.730103
0.199341,-0.034546,0.997070
-0.017822,-0.434937,0.763062
-0.449341,0.191162,0.840332
0.420166,-0.256226,0.965820
-0.512329,-0.043335,0.712524
0.105103,0.102783,1.012573
0.078369,-0.401367,0.812012
-0.537109,0.173584,0.818848
0.427490,-0.243286,0.977905
-0.441895,-0.109253,0.714966
0.035889,0.130737,1.020142
0.167480,-0.411133,0.840210
-0.588745,0.159790,0.800049
0.436523,-0.213257,1.004272
-0.289673,-0.192749,0.750000
-0.081421,0.223877,0.990479
0.233154,-0.335938,0.871582
-0.585815,0.091919,0.776367
0.429688,-0.194702,1.019043
-0.224365,-0.302002,0.728638
-0.164673,0.203369,0.934692
0.313721,-0.352783,0.894653
-0.614624,0.088257,0.747803
0.385742,-0.163574,1.014648
-0.123779,-0.378906,0.726318
-0.249634,0.194580,0.895630
0.339478,-0.308472,0.913208
-0.590942,0.057983,0.738892
0.339233,-0.111450,1.022705
-0.082764,-0.407837,0.732178
-0.313843,0.175415,0.872681
0.386475,-0.303955,0.930542
-0.571533,0.059082,0.729248
0.268433,-0.063110,0.996338
-0.027832,-0.421387,0.760620
-0.385132,0.185791,0.853027
0.409180,-0.268677,0.942261
-0.547363,0.018921,0.731567
0.181030,0.004150,0.997681
0.041870,-0.427246,0.786499
-0.449219,0.171753,0.831177
0.414795,-0.219238,0.975342
-0.492065,-0.030884,0.729736
0.085449,0.097412,0.995483
0.098145,-0.400391,0.814819
-0.505127,0.143921,0.818848
0.439941,-0.211304,1.005615
-0.429810,-0.098145,0.732422
0.009644,0.186035,1.003296
0.178223,-0.408813,0.827759
-0.554810,0.146362,0.795410
0.430054,-0.196411,1.005981
-0.310547,-0.176147,0.750244
-0.048462,0.201538,0.986328
0.233643,-0.370605,0.855591
-0.600464,0.116943,0.763306
0.426758,-0.197998,1.019653
-0.222168,-0.288696,0.739746
-0.103882,0.213135,0.971436
0.284912,-0.329468,0.894897
-0.614136,0.092529,0.742310
0.407471,-0.203979,1.020508
-0.126587,-0.367554,0.750977
-0.179688,0.197510,0.936890
0.332031,-0.310913,0.907471
-0.595093,0.104492,0.753052
0.357910,-0.125244,1.006104
-0.067261,-0.385498,0.756470
-0.259766,0.181885,0.884644
0.373779,-0.294434,0.925171
-0.565063,0.082397,0.744019
0.276733,-0.065186,0.988647
-0.020630,-0.428101,0.747192
-0.325562,0.161499,0.860962
0.405151,-0.276367,0.951172
-0.530396,0.010742,0.728760
0.190186,0.029175,0.990845
0.027222,-0.429688,0.758911
-0.418091,0.143311,0.824829
0.428101,-0.255493,0.974487
-0.479492,-0.069092,0.732300
0.121826,0.103638,1.024658
0.075195,-0.385864,0.803955
-0.505371,0.132202,0.799438
0.451416,-0.256592,0.990845
-0.380493,-0.130981,0.761597
0.023193,0.172485,1.009888
0.171997,-0.396362,0.822388
-0.567505,0.127197,0.764404
0.451416,-0.229980,1.015503
-0.282349,-0.216187,0.769409
-0.046753,0.197266,1.007080
0.243652,-0.358887,0.865234
-0.603516,0.124268,0.746826
0.423340,-0.223267,0.990356
-0.180420,-0.300293,0.778687
-0.119995,0.199463,0.971924
0.300659,-0.356689,0.891113
-0.601196,0.119385,0.743164
0.397827,-0.137695,1.021729
-0.110474,-0.336060,0.767822
-0.185059,0.162964,0.924927
0.342896,-0.359985,0.912842
-0.589111,0.082397,0.753540
0.368408,-0.120361,1.016724
-0.069580,-0.383423,0.753784
-0.264771,0.182007,0.880371
0.381836,-0.321289,0.946167
-0.542480,-0.000122,0.739380
0.329834,-0.099854,1.017578
-0.048584,-0.409058,0.740234
-0.311646,0.173828,0.848022
0.416870,-0.301147,0.946167
-0.513184,-0.033569,0.755981
0.242920,-0.036255,0.994263
0.005737,-0.463745,0.749634
-0.367676,0.126343,0.825439
0.421753,-0.289062,0.966797
-0.487427,-0.053711,0.750488
0.173584,0.026001,1.009521
0.073608,-0.449341,0.787842
-0.444214,0.137573,0.802856
0.434570,-0.270996,0.968140
-0.454712,-0.091187,0.739258
0.124878,0.073853,1.022339
0.116333,-0.433228,0.816040
-0.514038,0.112671,0.774658
0.449951,-0.260498,0.993408
-0.381592,-0.150513,0.741577
0.031372,0.175781,1.026367
0.194336,-0.410400,0.840210
-0.574829,0.090576,0.736084
0.452881,-0.245972,1.018188
-0.279053,-0.234009,0.755371
-0.054565,0.206665,1.015625
0.257202,-0.395752,0.883911
-0.583496,0.066895,0.739624
0.431763,-0.233643,1.015869
-0.168213,-0.304810,0.777222
-0.125732,0.237305,0.979370
0.282104,-0.344849,0.879395
-0.578003,0.085693,0.763306
0.431396,-0.233521,1.021851
-0.092407,-0.361938,0.794189
-0.185669,0.196411,0.947754
0.325562,-0.339111,0.901611
-0.575195,0.071411,0.738525
0.375732,-0.169678,1.014160
-0.036743,-0.394775,0.789062
-0.229248,0.141846,0.908447
0.384888,-0.333740,0.944824
-0.559204,0.031616,0.724976
0.301147,-0.096436,0.993042
0.005859,-0.446167,0.763184
-0.263672,0.134766,0.896118
0.411865,-0.350586,0.951050
-0.535645,-0.069214,0.711182
0.240112,-0.036621,0.993774
0.051880,-0.447144,0.773926
-0.356323,0.126099,0.846436
0.440796,-0.328979,0.972900
-0.505249,-0.095703,0.721191
0.170898,0.010376,0.998047
0.092285,-0.442627,0.783203
-0.422485,0.120239,0.804443
0.449463,-0.265503,0.999023
-0.424805,-0.158936,0.749390
0.101318,0.049805,1.011353
0.135254,-0.475220,0.795776
-0.485229,0.107056,0.785278
0.473022,-0.248169,1.020020
-0.366333,-0.156616,0.757446
-0.005615,0.140503,0.999146
0.225220,-0.467773,0.837402
-0.494507,0.043579,0.759399
0.450439,-0.240479,1.028687
-0.323364,-0.186157,0.760010
-0.049805,0.127808,1.000854
0.281128,-0.481323,0.883667
-0.544556,0.035400,0.736816
0.437378,-0.208008,1.020264
-0.174561,-0.243286,0.799927
-0.145630,0.218994,0.993286
0.327026,-0.423706,0.915649
-0.562012,0.020630,0.750732
0.425659,-0.219116,1.041138
-0.097168,-0.322510,0.818604
-0.205811,0.232178,0.988525
0.356567,-0.345459,0.944946
-0.537354,-0.008301,0.759155
0.350830,-0.180420,1.018311
0.000122,-0.437378,0.821533
-0.222656,0.157837,0.941162
0.375122,-0.312866,0.953857
-0.542969,-0.008179,0.736694
0.315063,-0.141968,1.003174
0.057129,-0.443237,0.812012
-0.271362,0.126221,0.902100
0.416504,-0.304077,0.979492
-0.522217,-0.000366,0.748657
0.255737,-0.062866,1.006226
0.079224,-0.457886,0.795654
-0.347656,0.129150,0.876709
0.445557,-0.311890,0.991577
-0.454468,-0.071045,0.765381
0.171021,0.023926,1.017212
0.115234,-0.482300,0.804443
-0.397827,0.099365,0.843628
0.472412,-0.302490,1.009399
-0.408569,-0.139771,0.770874
0.104004,0.077759,1.025635
0.143188,-0.448853,0.816162
-0.428467,0.067749,0.815186
0.494263,-0.283081,1.034302
-0.384521,-0.206177,0.740356
0.058472,0.129639,1.048462
0.222290,-0.489136,0.852539
-0.480957,0.053345,0.776123
0.485107,-0.289307,1.020874
-0.336304,-0.197632,0.763794
0.002441,0.138672,1.023560
0.284058,-0.498413,0.894165
-0.480713,0.014771,0.755371
0.453247,-0.207275,1.049438
-0.284424,-0.236084,0.760254
-0.041016,0.163940,1.021240
0.323120,-0.485596,0.907227
-0.495605,0.012695,0.780518
0.448975,-0.195312,1.061523
-0.207642,-0.257568,0.799927
-0.094727,0.198242,1.034424
0.333984,-0.434692,0.924438
-0.516235,0.006714,0.783447
0.459106,-0.215332,1.061768
-0.149902,-0.265869,0.820923
-0.156738,0.210571,1.006592
0.371460,-0.432983,0.942993
-0.512329,-0.038208,0.783569
0.428833,-0.175293,1.076660
-0.051880,-0.342285,0.822266
-0.200439,0.250244,1.014648
0.399780,-0.404663,0.955933
-0.498291,-0.053955,0.777588
0.387451,-0.152466,1.062256
0.017578,-0.380737,0.836914
-0.227539,0.215332,0.976685
0.418945,-0.338745,0.983521
-0.484619,-0.087280,0.754517
0.349976,-0.117432,1.062378
0.062378,-0.431641,0.845093
-0.263184,0.168335,0.952148
0.449829,-0.337769,1.010376
-0.475952,-0.104004,0.750244
0.286621,-0.090698,1.046631
0.110107,-0.466675,0.847900
-0.313965,0.150146,0.928589
0.466675,-0.298462,1.023438
-0.424194,-0.099854,0.776367
0.243774,-0.022461,1.062744
0.121826,-0.467651,0.846802
-0.357910,0.135254,0.913330
0.501831,-0.286621,1.053955
-0.403320,-0.120850,0.782227
0.156494,0.065308,1.061646
0.208252,-0.476562,0.885620
-0.388672,0.070435,0.872192
0.512329,-0.266235,1.083984
-0.365967,-0.181763,0.769653
0.086670,0.129150,1.061035
0.267700,-0.470947,0.909790
-0.441650,0.029541,0.833496
0.517334,-0.247803,1.094604
-0.287109,-0.218262,0.793823
0.027710,0.184326,1.072144
0.308838,-0.440063,0.931885
-0.476929,0.032715,0.806152
0.509644,-0.250122,1.097290
-0.206177,-0.279297,0.821167
-0.026489,0.200562,1.082397
0.353271,-0.399048,0.964722
-0.490356,0.033813,0.803223
0.483643,-0.209595,1.100098
-0.128052,-0.311157,0.839600
-0.080200,0.197632,1.063721
0.393066,-0.405151,0.972656
-0.485840,0.020386,0.809692
0.447998,-0.166260,1.097656
-0.049072,-0.320557,0.870483
-0.136475,0.196899,1.042114
0.443726,-0.397339,1.022217
-0.479248,-0.038330,0.804077
0.417603,-0.094727,1.111084
0.011230,-0.325684,0.867798
-0.181396,0.209351,1.026489
0.474731,-0.366577,1.033936
-0.463623,-0.056763,0.793579
0.386597,-0.098267,1.101074
0.062988,-0.388550,0.876221
-0.234619,0.201172,1.006836
0.495728,-0.303345,1.055420
-0.422485,-0.084229,0.793091
0.327759,-0.056396,1.097900
0.097290,-0.412109,0.887573
-0.276733,0.152222,0.984741
0.510376,-0.279663,1.089600
-0.406616,-0.115601,0.803467
0.260498,-0.004883,1.098145
0.164062,-0.413940,0.909668
-0.324463,0.153809,0.946289
0.533691,-0.239014,1.110596
-0.357788,-0.169434,0.802979
0.190063,0.054810,1.100952
0.227173,-0.443726,0.919678
-0.382568,0.078491,0.876953
0.540894,-0.212891,1.126953
-0.270020,-0.204224,0.832886
0.100098,0.122681,1.099121
0.299438,-0.469238,0.932739
-0.433716,0.028442,0.828491
0.556274,-0.210083,1.147461
-0.221558,-0.225464,0.843506
0.002686,0.202148,1.086670
0.383179,-0.424927,0.992065
-0.440796,0.022461,0.835815
0.497192,-0.158813,1.139648
-0.137451,-0.257324,0.860840
-0.056519,0.229004,1.098389
0.429321,-0.386475,1.013428
-0.450928,0.004761,0.843750
0.466187,-0.132324,1.149048
-0.014771,-0.409058,0.856323
-0.111206,0.174805,1.052124
0.452515,-0.319946,1.050171
-0.465576,-0.039062,0.808838
0.457642,-0.106079,1.164673
0.040771,-0.398804,0.875977
-0.198486,0.190674,1.038940
0.481445,-0.304932,1.072632
-0.429565,-0.076294,0.814087
0.390869,-0.024170,1.157471
0.091675,-0.359375,0.927368
-0.289185,0.224487,1.030151
0.527466,-0.310059,1.114624
-0.401978,-0.154663,0.794189
0.311523,-0.013550,1.130005
0.163818,-0.387451,0.938477
-0.313232,0.191895,0.985718
0.546875,-0.237305,1.139648
-0.341919,-0.171875,0.819336
0.210693,0.050171,1.121582
0.237915,-0.443970,0.952759
-0.347900,0.105103,0.921143
0.563477,-0.207886,1.147827
-0.295410,-0.186768,0.833618
0.118896,0.114380,1.092773
0.290161,-0.452759,0.950317
-0.394531,0.049927,0.877319
0.591553,-0.216309,1.182739
-0.226074,-0.237671,0.846191
0.024902,0.213135,1.109985
0.351196,-0.409302,0.985107
-0.417114,0.029419,0.877441
0.543335,-0.181274,1.176880
-0.155029,-0.266479,0.877075
-0.031738,0.200317,1.094116
0.411865,-0.381836,1.025635
-0.434692,-0.003052,0.850098
0.500488,-0.126709,1.172852
-0.044556,-0.322144,0.890869
-0.080688,0.218506,1.101929
0.437866,-0.325562,1.045288
-0.439941,-0.029785,0.839478
0.469849,-0.097168,1.178223
-0.004639,-0.373047,0.871582
-0.151733,0.218018,1.073975
0.490479,-0.327148,1.071777
-0.437012,-0.048218,0.824463
0.414185,-0.034058,1.174072
0.048828,-0.357178,0.896118
-0.236938,0.205566,1.039673
0.523071,-0.314331,1.105469
-0.422974,-0.118652,0.812256
0.350708,-0.015503,1.174194
0.119019,-0.359985,0.922485
-0.300171,0.184204,0.986694
0.559692,-0.271851,1.130737
-0.359985,-0.171021,0.825684
0.254028,0.034546,1.144653
0.209961,-0.403076,0.947754
-0.357056,0.138184,0.924316
0.566040,-0.222656,1.147217
-0.299316,-0.206421,0.829712
0.147095,0.080688,1.115601
0.287231,-0.426758,0.979736
-0.392822,0.092041,0.902954
0.552734,-0.174194,1.160156
-0.234741,-0.249390,0.841064
0.037476,0.151367,1.107666
0.370605,-0.418579,1.001465
-0.444092,0.030273,0.862915
0.520630,-0.125000,1.167114
-0.095825,-0.314331,0.863770
-0.058472,0.190918,1.094360
0.415039,-0.367065,1.022705
-0.420410,-0.091431,0.816162
0.394409,-0.055298,1.151733
-0.044312,-0.328735,0.856323
-0.250000,0.226318,1.031982
0.460083,-0.327393,1.054688
-0.393433,-0.118652,0.821411
0.297485,0.003418,1.142212
0.173096,-0.403442,0.944946
-0.315430,0.161377,0.956177
0.543823,-0.235718,1.127563
-0.337646,-0.157593,0.833984
0.211304,0.046997,1.108643
0.261841,-0.434204,0.957886
-0.379761,0.096191,0.895874
0.552979,-0.208740,1.139038
-0.259766,-0.208252,0.840942
0.086670,0.126587,1.102051
0.347778,-0.435303,0.998413
-0.414673,0.070312,0.869263
0.538940,-0.144043,1.164307
-0.174316,-0.232910,0.863281
-0.014404,0.200928,1.094116
0.411621,-0.398804,1.027588
-0.438110,-0.012451,0.852417
0.509277,-0.111938,1.185547
-0.037720,-0.316772,0.886597
-0.110474,0.234985,1.085205
0.447266,-0.352295,1.055298
-0.434814,-0.067139,0.833252
0.467529,-0.080078,1.192383
0.006348,-0.339111,0.879028
-0.177490,0.246216,1.076172
0.496826,-0.309937,1.080811
-0.443115,-0.074341,0.830200
0.395752,-0.060425,1.170776
0.069214,-0.365723,0.906372
-0.233521,0.203369,1.036255
0.526978,-0.258545,1.113770
-0.398193,-0.121948,0.817383
0.315552,-0.022827,1.141235
0.169678,-0.406982,0.941040
-0.326538,0.152100,0.953491
0.559814,-0.235718,1.146851
-0.320190,-0.203003,0.819214
0.173706,0.095703,1.120117
0.255249,-0.425171,0.958984
-0.385010,0.083130,0.895630
0.572754,-0.206665,1.167480
-0.250000,-0.230103,0.841919
0.067749,0.172729,1.109497
0.329346,-0.427856,0.960815
-0.420898,0.065186,0.890503
0.558350,-0.187134,1.168945
-0.164551,-0.281250,0.859863
-0.016235,0.193726,1.088623
0.379761,-0.369507,0.993530
-0.442139,-0.000244,0.852295
0.521606,-0.175171,1.166138
-0.044556,-0.349365,0.880615
-0.076050,0.204590,1.087158
0.421509,-0.342407,1.023682
-0.467896,-0.006958,0.828979
0.467163,-0.128784,1.164551
-0.012817,-0.354004,0.889282
-0.135010,0.193237,1.077271
0.452881,-0.306763,1.058594
-0.479492,-0.005981,0.804932
0.422363,-0.088135,1.167358
0.039795,-0.392578,0.899780
-0.227173,0.206177,1.054932
0.496216,-0.281250,1.100342
-0.447266,-0.042969,0.812500
0.352051,-0.035400,1.146118
0.085938,-0.410156,0.905029
-0.291138,0.146606,0.995605
0.541748,-0.274902,1.143188
-0.397339,-0.115479,0.798828
0.259766,0.076904,1.152588
0.171631,-0.399780,0.908813
-0.342651,0.140381,0.969116
0.541626,-0.290283,1.117310
-0.376099,-0.181885,0.796631
0.201782,0.079712,1.125244
0.210693,-0.401978,0.933960
-0.407227,0.108398,0.911865
0.555298,-0.265381,1.134033
-0.317261,-0.244507,0.808594
0.113159,0.140991,1.109985
0.263306,-0.393921,0.943237
-0.426270,0.055664,0.875610
0.552368,-0.234619,1.144653
-0.273926,-0.283325,0.805420
0.049438,0.161987,1.095093
0.305786,-0.395142,0.956665
-0.435059,0.031860,0.862427
0.525635,-0.182617,1.143555
-0.192505,-0.279175,0.835571
-0.009644,0.144043,1.085938
0.347290,-0.409424,0.967773
-0.450806,0.035400,0.854980
0.500366,-0.124268,1.145508
-0.148560,-0.272705,0.825806
-0.060669,0.151855,1.066040
0.385620,-0.372681,1.014771
-0.473145,-0.024536,0.828735
0.481079,-0.133423,1.145264
-0.105347,-0.308228,0.813477
-0.147705,0.214355,1.062378
0.415527,-0.343018,1.012451
-0.484253,-0.046021,0.819214
0.436890,-0.126099,1.143311
-0.077515,-0.321533,0.826050
-0.210327,0.195557,1.028076
0.452148,-0.325317,1.048340
-0.498535,-0.061401,0.777954
0.392456,-0.093750,1.144043
-0.030029,-0.343994,0.847168
-0.263306,0.161133,0.971802
0.467285,-0.292480,1.061646
-0.472046,-0.057983,0.777832
0.325073,-0.064941,1.126831
0.044800,-0.421143,0.856567
-0.328369,0.159424,0.954834
0.467896,-0.260742,1.063843
-0.455200,-0.090332,0.776978
0.264771,-0.052734,1.106079
0.107300,-0.417358,0.892334
-0.382324,0.161865,0.923828
0.484009,-0.258423,1.067261
-0.416504,-0.130981,0.761841
0.185547,0.042114,1.102417
0.181396,-0.429688,0.903687
-0.446045,0.149536,0.900024
0.494751,-0.245483,1.078369
-0.386597,-0.173950,0.762817
0.109009,0.081909,1.080200
0.227539,-0.402588,0.917480
-0.485229,0.078979,0.852051
0.503662,-0.240112,1.092041
-0.298462,-0.225098,0.791138
-0.002197,0.149048,1.055420
0.266235,-0.401855,0.920898
-0.492554,0.043335,0.828491
0.487183,-0.200928,1.095947
-0.216187,-0.282227,0.771606
-0.068970,0.153320,1.031860
0.309570,-0.389648,0.938965
-0.517822,-0.003296,0.789429
0.466919,-0.180908,1.103394
-0.161499,-0.348389,0.757080
-0.151733,0.156372,1.001343
0.337646,-0.351807,0.938843
-0.526733,-0.014404,0.770142
0.451294,-0.186279,1.114136
-0.130981,-0.361694,0.774048
-0.251465,0.196045,0.980957
0.395752,-0.337158,0.981079
-0.539185,-0.029907,0.762085
0.374023,-0.132324,1.100586
-0.072754,-0.369019,0.794556
-0.320801,0.199097,0.950439
0.425903,-0.312378,1.011963
-0.526001,-0.066772,0.739258
0.284302,-0.089355,1.075195
0.007202,-0.400635,0.824097
-0.392944,0.174194,0.908081
0.443848,-0.277710,1.034668
-0.490479,-0.081909,0.736572
0.181396,0.016235,1.064575
0.093750,-0.413086,0.855469
-0.458252,0.157959,0.886841
0.455566,-0.265747,1.034668
-0.451538,-0.140259,0.745605
0.082275,0.090820,1.040527
0.155884,-0.395142,0.869019
-0.500122,0.097168,0.837769
0.473877,-0.246948,1.060669
-0.333618,-0.239014,0.745605
-0.018066,0.148193,1.028198
0.210693,-0.399902,0.864990
-0.539673,0.064209,0.807129
0.467896,-0.246216,1.061646
-0.261719,-0.313721,0.745850
-0.093750,0.127686,0.975220
0.260376,-0.389038,0.888428
-0.562134,0.070190,0.786377
0.456665,-0.220581,1.066040
-0.202515,-0.353027,0.741089
-0.175415,0.148315,0.964600
0.313232,-0.366089,0.910767
-0.574829,0.029663,0.752808
0.413330,-0.204956,1.061035
-0.164307,-0.357422,0.747314
-0.253906,0.170898,0.947021
0.345093,-0.324707,0.942017
-0.588501,-0.015381,0.729980
0.363770,-0.158936,1.058838
-0.112793,-0.398315,0.760010
-0.340576,0.193359,0.918335
0.389648,-0.332275,0.958130
-0.573242,-0.031982,0.722290
0.285767,-0.091431,1.056396
-0.059937,-0.396973,0.783691
-0.403442,0.192627,0.891602
0.409912,-0.309204,0.985229
-0.532104,-0.055908,0.718750
0.183350,0.002563,1.033569
0.015747,-0.400024,0.817383
-0.466553,0.168945,0.877197
0.424316,-0.303955,0.995972
-0.507202,-0.087036,0.709717
0.095703,0.091431,1.029907
0.076904,-0.387939,0.833862
-0.512573,0.128540,0.844360
0.445190,-0.287476,1.015991
-0.448975,-0.140625,0.729492
0.028442,0.138062,1.023071
0.139160,-0.382568,0.844360
-0.549438,0.114990,0.816895
0.441284,-0.269531,1.018799
-0.361328,-0.230103,0.720215
-0.026367,0.146240,1.007568
0.190552,-0.387451,0.851685
-0.577881,0.085815,0.777954
0.422241,-0.244873,1.012207
-0.293457,-0.323364,0.712646
-0.074585,0.134521,0.984253
0.247925,-0.390381,0.867188
-0.603882,0.104126,0.762573
0.401001,-0.223877,1.012207
-0.239258,-0.351074,0.715820
-0.154175,0.139282,0.966309
0.289429,-0.383667,0.899536
-0.616943,0.094238,0.761963
0.376831,-0.169922,1.030518
-0.194580,-0.371948,0.718384
-0.242676,0.158081,0.951294
0.331177,-0.354004,0.932617
-0.598511,0.053833,0.748779
0.319092,-0.104248,1.033569
-0.159546,-0.375244,0.718506
-0.301880,0.171509,0.916016
0.377441,-0.347656,0.944214
-0.601318,0.026733,0.723999
0.254639,-0.066406,1.017944
-0.084351,-0.401245,0.757935
-0.389038,0.197998,0.889648
0.382080,-0.305786,0.953857
-0.577637,0.001953,0.715332
0.190063,-0.023682,1.007324
-0.014526,-0.394897,0.796875
-0.478638,0.200439,0.866455
0.415405,-0.293823,0.976685
-0.526123,-0.050659,0.724854
0.089722,0.066406,0.998779
0.072632,-0.394165,0.819824
-0.532593,0.168579,0.831665
0.412109,-0.241455,0.991211
-0.412598,-0.151611,0.725342
0.001587,0.172119,1.007690
0.145752,-0.392456,0.836060
-0.568359,0.120972,0.803589
0.426758,-0.207153,1.028931
-0.335693,-0.223022,0.712769
-0.057373,0.177368,0.976440
0.211548,-0.385620,0.852051
-0.607300,0.097534,0.764160
0.410522,-0.196777,1.017212
-0.254517,-0.337646,0.696167
-0.122925,0.182495,0.959351
0.249634,-0.364014,0.865234
-0.618042,0.116699,0.756104
0.412598,-0.225586,1.008545
-0.211914,-0.337891,0.712280
-0.195190,0.176758,0.928223
0.309692,-0.358276,0.896484
-0.625732,0.109131,0.745117
0.385376,-0.176880,1.012573
-0.147827,-0.373291,0.728882
-0.249512,0.186768,0.913696
0.331421,-0.346436,0.898438
-0.620850,0.093018,0.732910
0.352173,-0.158569,1.004395
-0.109619,-0.376221,0.736694
-0.312134,0.172607,0.880127
0.361450,-0.321045,0.917480
-0.587646,0.060181,0.716675
0.278564,-0.065674,1.005615
-0.074829,-0.393555,0.753174
-0.360107,0.173584,0.863281
0.384766,-0.307007,0.931030
-0.574463,0.032959,0.702759
0.220215,-0.010864,0.990479
-0.040283,-0.394775,0.757568
-0.410767,0.174438,0.857300
0.404541,-0.310303,0.945435
-0.546509,-0.008667,0.714233
0.163452,0.069458,1.004028
-0.003296,-0.403931,0.760742
-0.452026,0.196899,0.864990
0.427856,-0.291992,0.961792
-0.522827,-0.053711,0.725342
0.129272,0.057739,1.006348
0.058350,-0.403687,0.794800
-0.515869,0.234497,0.837524
0.411499,-0.233521,0.965820
-0.445679,-0.133423,0.742310
0.100098,0.021362,1.008667
0.071411,-0.384644,0.810913
-0.568359,0.218018,0.798950
0.437744,-0.218018,0.988770
-0.343994,-0.165527,0.781250
-0.002197,0.104126,1.004150
0.164917,-0.419434,0.835815
-0.593262,0.175293,0.765625
0.429932,-0.157104,1.021118
-0.249268,-0.243896,0.739014
-0.092529,0.204224,0.984009
0.241577,-0.364014,0.868774
-0.594849,0.110718,0.765381
0.422119,-0.180176,1.015747
-0.188354,-0.305176,0.743164
-0.172974,0.212280,0.958252
0.311523,-0.350830,0.895630
-0.635620,0.105103,0.731445
0.400513,-0.161255,1.019775
-0.101440,-0.370972,0.745239
-0.250732,0.221313,0.919189
0.352051,-0.317505,0.909302
-0.606445,0.062866,0.719116
0.332397,-0.134277,0.992920
-0.042480,-0.406738,0.754272
-0.330078,0.188232,0.854614
0.383667,-0.269531,0.941895
-0.563232,-0.016724,0.707764
0.253418,-0.035767,1.000977
-0.005859,-0.428589,0.760986
-0.397339,0.166748,0.837769
0.420166,-0.264404,0.964844
-0.528442,-0.025391,0.721313
0.149536,0.049927,0.997803
0.057251,-0.419678,0.796143
-0.453735,0.164429,0.826416
0.417847,-0.203247,0.994263
-0.451294,-0.079346,0.738037
0.066406,0.150757,1.004272
0.100464,-0.384399,0.814209
-0.514404,0.120361,0.796997
0.440186,-0.189575,1.019653
-0.377197,-0.119507,0.753418
-0.010986,0.176147,0.987915
0.177734,-0.412720,0.824829
-0.567139,0.126587,0.781006
0.458862,-0.205933,1.018555
-0.287476,-0.197754,0.758545
-0.076050,0.214233,0.989746
0.249512,-0.399170,0.859009
-0.603027,0.087158,0.738281
0.445557,-0.194092,1.036621
-0.198975,-0.293579,0.748535
-0.125854,0.225708,0.960327
0.296143,-0.353394,0.882324
-0.607544,0.113525,0.758667
0.425049,-0.200562,1.025269
-0.113647,-0.338501,0.775269
-0.195679,0.188599,0.902832
0.324219,-0.325562,0.904785
-0.583008,0.102783,0.754883
0.380371,-0.151855,1.002808
-0.060303,-0.383667,0.761841
-0.247314,0.195801,0.897949
0.351685,-0.309204,0.910889
-0.567383,0.076660,0.749146
0.334229,-0.112915,0.989136
-0.032715,-0.382080,0.765137
-0.275146,0.168823,0.873047
0.387573,-0.301392,0.930664
-0.565308,0.060303,0.731934
0.273926,-0.084839,0.975464
0.009888,-0.418701,0.766357
-0.325928,0.153320,0.859741
0.409424,-0.273682,0.949097
-0.540527,-0.026001,0.719971
0.205322,-0.020752,0.983643
0.055542,-0.465820,0.769043
-0.386108,0.139648,0.826050
0.428711,-0.271729,0.963989
-0.505005,-0.054321,0.738647
0.160522,0.045288,1.001831
0.074707,-0.451660,0.783081
-0.454102,0.146118,0.809082
0.450928,-0.273682,0.977905
-0.450684,-0.097534,0.741211
0.090820,0.088989,1.011230
0.128906,-0.442139,0.807983
-0.513428,0.136597,0.786255
0.449585,-0.252319,0.987427
-0.382690,-0.139648,0.749756
0.016602,0.135376,1.000244
0.190186,-0.422729,0.833984
-0.543091,0.116943,0.761963
0.449829,-0.217163,1.007080
-0.304443,-0.196289,0.764893
-0.062256,0.156006,0.993774
0.260620,-0.434570,0.871826
-0.565552,0.074585,0.740479
0.432739,-0.182007,1.021240
-0.196655,-0.249390,0.773071
-0.145020,0.196899,0.967407
0.324585,-0.417236,0.899780
-0.563599,0.047974,0.747314
0.395386,-0.134521,1.028198
-0.090820,-0.321533,0.780029
-0.222046,0.176880,0.920044
0.362061,-0.372070,0.940186
-0.555542,-0.010376,0.740601
0.343750,-0.114746,1.023071
-0.034180,-0.408813,0.762695
-0.292358,0.171021,0.875854
0.415894,-0.364746,0.951050
-0.520264,-0.020264,0.757446
0.245605,-0.045776,0.999390
0.028198,-0.449585,0.763550
-0.369507,0.143066,0.836914
0.456299,-0.345703,0.970703
-0.474365,-0.077881,0.755737
0.149170,0.045776,1.002563
0.083496,-0.438232,0.779907
-0.434692,0.109009,0.807739
0.470337,-0.319458,0.985107
-0.427002,-0.154907,0.754028
0.066772,0.096069,1.009033
0.146484,-0.424194,0.812134
-0.487061,0.067139,0.771118
0.484131,-0.284912,1.019409
-0.345215,-0.183228,0.766113
-0.041260,0.167358,0.998047
0.244629,-0.441528,0.852295
-0.538208,0.025757,0.744141
0.456665,-0.266235,1.019653
-0.224854,-0.257690,0.782959
-0.123779,0.199707,0.978638
0.304932,-0.384888,0.906738
-0.562256,0.022461,0.745117
0.409302,-0.209595,1.034668
-0.072998,-0.374146,0.800293
-0.218018,0.212646,0.957031
0.347046,-0.347412,0.932007
-0.526733,-0.023071,0.746948
0.356689,-0.154541,1.024414
0.006958,-0.423218,0.802124
-0.275513,0.171143,0.897827
0.404663,-0.332031,0.954834
-0.504639,-0.056030,0.739746
0.247070,-0.086670,0.996216
0.055176,-0.461426,0.791870
-0.332886,0.105835,0.866455
0.453125,-0.330444,0.986694
-0.473999,-0.105713,0.739502
0.138550,0.032471,1.005127
0.121216,-0.464844,0.807495
-0.413086,0.073120,0.821411
0.470215,-0.299316,1.017456
-0.410156,-0.149780,0.757080
0.056763,0.083862,1.015747
0.220337,-0.487793,0.838501
-0.486328,0.083130,0.779663
0.472412,-0.279907,1.019531
-0.296265,-0.192627,0.797363
-0.034058,0.138916,1.010254
0.272583,-0.481323,0.872070
-0.504761,0.010254,0.758301
0.452026,-0.205933,1.049805
-0.206421,-0.249634,0.785400
-0.134277,0.202026,1.002319
0.343872,-0.441284,0.930176
-0.521606,-0.014404,0.758057
0.412842,-0.154785,1.061279
-0.099243,-0.327515,0.805542
-0.179565,0.187988,0.993042
0.380859,-0.407349,0.948975
-0.515869,-0.027954,0.755371
0.372559,-0.127319,1.053467
0.018799,-0.401123,0.821411
-0.246948,0.183228,0.946777
0.427856,-0.371826,0.982788
-0.489624,-0.093262,0.748169
0.298950,-0.096313,1.026001
0.083130,-0.437988,0.835205
-0.306030,0.147461,0.911621
0.456543,-0.313599,1.014893
-0.464233,-0.126953,0.751099
0.214722,-0.040039,1.022949
0.116699,-0.458008,0.827759
-0.369141,0.113525,0.879639
0.490234,-0.276855,1.041382
-0.413330,-0.142334,0.751221
0.115112,0.061279,1.032471
0.211060,-0.510010,0.862549
-0.415405,0.049194,0.831665
0.500610,-0.259766,1.059814
-0.343140,-0.197266,0.765503
0.026123,0.134277,1.032349
0.290649,-0.494507,0.897583
-0.468262,0.031250,0.799316
0.480835,-0.226562,1.069336
-0.235962,-0.250244,0.800781
-0.051392,0.203735,1.048950
0.343018,-0.439087,0.940308
-0.494385,-0.000610,0.786377
0.458008,-0.198853,1.082520
-0.127197,-0.293823,0.825439
-0.131348,0.202271,1.036133
0.371704,-0.376953,0.970093
-0.475098,-0.029541,0.786743
0.418945,-0.126465,1.096924
-0.010742,-0.372925,0.842773
-0.203735,0.191772,1.009155
0.445190,-0.385864,1.001099
-0.458862,-0.085083,0.777466
0.351440,-0.087158,1.077393
0.054932,-0.383423,0.847900
-0.254639,0.159790,0.963989
0.489746,-0.322266,1.053467
-0.412476,-0.168213,0.776611
0.272827,-0.031494,1.076782
0.102783,-0.395264,0.860107
-0.330933,0.150635,0.912598
0.524048,-0.279785,1.078735
-0.369141,-0.189697,0.792480
0.170532,0.031006,1.075928
0.196533,-0.471436,0.879272
-0.377563,0.073730,0.850464
0.532715,-0.210449,1.113403
-0.312256,-0.190186,0.785522
0.067505,0.140381,1.073975
0.312256,-0.500610,0.916504
-0.442627,0.035156,0.835205
0.518921,-0.231323,1.105469
-0.225952,-0.249390,0.831055
-0.027588,0.190308,1.056396
0.375488,-0.428833,0.973633
-0.458374,0.030029,0.822876
0.479858,-0.150146,1.127319
-0.093506,-0.268799,0.883423
-0.096436,0.191284,1.063232
0.404907,-0.400269,1.005127
-0.473999,-0.031494,0.805542
0.454346,-0.128296,1.132935
0.016113,-0.346191,0.883667
-0.170410,0.229004,1.050659
0.457886,-0.353516,1.036621
-0.458618,-0.041016,0.812256
0.397217,-0.103027,1.119507
0.077026,-0.397461,0.896851
-0.221558,0.175781,1.007812
0.495117,-0.286255,1.084717
-0.426636,-0.090576,0.794556
0.332031,-0.046509,1.108398
0.123047,-0.397339,0.913208
-0.290527,0.164673,0.989014
0.530273,-0.262451,1.111206
-0.388916,-0.120483,0.808960
0.232788,0.026123,1.098877
0.205322,-0.439575,0.928833
-0.362671,0.101929,0.918823
0.568237,-0.255859,1.148682
-0.319336,-0.186768,0.814941
0.120483,0.131348,1.098877
0.299805,-0.428711,0.960449
-0.425415,0.073364,0.867065
0.565308,-0.260376,1.137451
-0.225342,-0.270752,0.846680
0.032715,0.197266,1.091309
0.355469,-0.378662,0.988037
-0.454468,0.038086,0.839600
0.538086,-0.238403,1.149536
-0.124878,-0.319214,0.878906
-0.038086,0.189697,1.083008
0.403320,-0.346436,1.017456
-0.448486,0.029541,0.838013
0.497314,-0.141968,1.155273
-0.000977,-0.378540,0.897583
-0.103760,0.181763,1.076416
0.447998,-0.344116,1.051514
-0.460449,-0.000122,0.817017
0.453247,-0.082397,1.167847
0.035400,-0.382935,0.897827
-0.175781,0.214478,1.058838
0.482178,-0.316528,1.079956
-0.439453,-0.052002,0.815063
0.407471,-0.030029,1.176636
0.072021,-0.369751,0.904419
-0.245605,0.203369,1.025757
0.523071,-0.269897,1.122559
-0.399170,-0.134521,0.813232
0.341064,-0.024048,1.157349
0.139771,-0.381348,0.926392
-0.296143,0.182495,0.987061
0.555908,-0.255249,1.132690
-0.353638,-0.170654,0.822632
0.227051,0.043335,1.121582
0.235229,-0.421997,0.953125
-0.349731,0.119019,0.914673
0.541748,-0.206909,1.139771
-0.282349,-0.208740,0.837524
0.147705,0.084717,1.111572
0.295044,-0.421631,0.971680
-0.418335,0.101562,0.882324
0.547729,-0.180664,1.159668
-0.186035,-0.254150,0.869995
0.024292,0.178223,1.113037
0.361328,-0.403809,0.987793
-0.437988,0.034302,0.863281
0.537964,-0.144775,1.178589
-0.071411,-0.301025,0.886475
-0.065430,0.215210,1.099609
0.432983,-0.363770,1.027222
-0.475464,-0.008911,0.842285
0.479248,-0.142578,1.167847
-0.023560,-0.318115,0.895020
-0.123169,0.204834,1.086060
0.468262,-0.284790,1.083862
-0.471191,-0.033569,0.817017
0.410767,-0.073364,1.168579
0.034546,-0.398315,0.893799
-0.223755,0.179443,1.041382
0.518311,-0.280151,1.112061
-0.430786,-0.083984,0.811523
0.329834,-0.004150,1.162476
0.113159,-0.398560,0.919434
-0.307495,0.156006,0.985474
0.543823,-0.251831,1.134155
-0.359863,-0.170532,0.812622
0.245239,0.057739,1.138672
0.192749,-0.383545,0.929688
-0.379517,0.132446,0.919556
0.548218,-0.226685,1.137939
-0.297119,-0.228516,0.827271
0.142822,0.101685,1.122314
0.275513,-0.451294,0.939819
-0.443481,0.104980,0.889038
0.550903,-0.189941,1.147339
-0.243164,-0.246704,0.831421
0.051880,0.143066,1.098755
0.321411,-0.400513,0.964844
-0.457886,0.051392,0.861816
0.530518,-0.172363,1.156982
-0.125610,-0.310181,0.842773
-0.045166,0.162842,1.067749
0.378052,-0.366699,1.000000
-0.475586,-0.022949,0.817139
0.494751,-0.151489,1.165527
-0.088135,-0.326782,0.828735
-0.123779,0.195557,1.073364
0.430176,-0.334595,1.025635
-0.491455,-0.028320,0.810181
0.433228,-0.131470,1.149902
-0.027588,-0.360107,0.849365
-0.213745,0.215332,1.038330
0.459961,-0.312378,1.049316
-0.494263,-0.038330,0.792725
0.355347,-0.092285,1.123047
0.041138,-0.361084,0.890503
-0.289185,0.169922,0.978882
0.482666,-0.270264,1.073730
-0.438843,-0.129028,0.776367
0.262451,-0.015625,1.114624
0.119507,-0.414307,0.894287
-0.382324,0.132690,0.914673
0.511353,-0.239502,1.108765
-0.358765,-0.195557,0.779907
0.150024,0.094116,1.099121
0.189819,-0.420166,0.902344
-0.437866,0.106323,0.894043
0.511230,-0.277710,1.087769
-0.323486,-0.235596,0.806030
0.079834,0.109009,1.082397
0.226929,-0.356323,0.911987
-0.490723,0.041260,0.823242
0.524658,-0.248047,1.114136
-0.205811,-0.328491,0.805420
-0.007812,0.133545,1.055176
0.282104,-0.367676,0.921875
-0.501953,0.054077,0.806030
0.456543,-0.101929,1.171265
-0.165771,-0.374512,0.781128
-0.172485,0.184326,1.066772
0.336792,-0.370239,0.942139
-0.453491,-0.049316,0.817993
0.416626,-0.034790,1.187866
-0.150635,-0.346436,0.773804
-0.251587,0.197388,1.022217
0.504150,-0.284302,1.104248
-0.414307,-0.117798,0.818359
0.337891,-0.041138,1.157959
0.079834,-0.390747,0.889771
-0.322266,0.190552,0.964844
0.520874,-0.263306,1.107666
-0.374023,-0.173706,0.797241
0.262939,0.026978,1.146729
0.154297,-0.402954,0.904541
-0.379028,0.163574,0.917969
0.529907,-0.247070,1.102417
-0.343506,-0.210571,0.805542
0.165283,0.056030,1.111938
0.203247,-0.403931,0.928467
-0.417236,0.085205,0.887085
0.543945,-0.227295,1.133301
-0.301758,-0.229614,0.806030
0.083252,0.129028,1.097290
0.271606,-0.403564,0.928223
-0.468872,0.056030,0.851440
0.522827,-0.220947,1.130005
-0.207520,-0.287476,0.826904
0.006226,0.176880,1.093628
0.302979,-0.362427,0.938843
-0.488892,0.029663,0.831787
0.515869,-0.239258,1.128052
-0.150024,-0.364502,0.796387
-0.051025,0.157959,1.060303
0.359985,-0.325562,0.968262
-0.529419,0.064819,0.819214
0.462524,-0.222290,1.099609
-0.099487,-0.413574,0.809692
-0.137329,0.148438,1.034912
0.380981,-0.334473,0.985107
-0.517578,0.031860,0.786743
0.424438,-0.122681,1.131104
-0.081177,-0.366455,0.839844
-0.214722,0.173950,1.030151
0.416138,-0.338135,1.012207
-0.532471,-0.013306,0.775513
0.389160,-0.104614,1.124268
-0.036011,-0.350830,0.837280
-0.315063,0.221436,0.988037
0.449829,-0.338867,1.025757
-0.495728,-0.077515,0.774048
0.332031,-0.087158,1.107544
-0.002563,-0.358032,0.826538
-0.352905,0.212524,0.928955
0.470215,-0.289917,1.041382
-0.462524,-0.131470,0.768311
0.255371,-0.078125,1.095581
0.058838,-0.413452,0.851074
-0.411743,0.183350,0.895264
0.473877,-0.242188,1.061768
-0.423828,-0.147217,0.776245
0.154175,0.012817,1.073242
0.138916,-0.426880,0.884399
-0.466797,0.126831,0.864258
0.478882,-0.242310,1.067017
-0.397095,-0.184204,0.764160
0.043945,0.093872,1.058105
0.234741,-0.430298,0.898193
-0.508179,0.090088,0.834595
0.467896,-0.196411,1.085938
-0.250122,-0.302734,0.752686
-0.082031,0.141968,1.012085
0.280884,-0.392822,0.907959
-0.516479,-0.017700,0.773438
0.453125,-0.163696,1.101807
-0.183228,-0.321533,0.757935
-0.185425,0.176147,0.989502
0.347290,-0.354980,0.947388
-0.546509,-0.029785,0.758911
0.389404,-0.151733,1.087646
-0.131592,-0.369629,0.767334
-0.283691,0.178101,0.950317
0.390625,-0.325928,0.974609
-0.550171,-0.027832,0.746582
0.309326,-0.096924,1.063232
-0.045898,-0.382812,0.797119
-0.373047,0.172363,0.910889
0.414429,-0.279419,1.010254
-0.520020,-0.097900,0.718140
0.198730,-0.025146,1.053711
0.036133,-0.401001,0.825317
-0.453735,0.166260,0.885498
0.456543,-0.287354,1.027100
-0.489014,-0.094971,0.736084
0.085449,0.085449,1.025879
0.119263,-0.393921,0.852661
-0.506836,0.098022,0.824951
0.459229,-0.239868,1.045166
-0.384644,-0.196655,0.742432
-0.009888,0.160400,1.034546
0.193359,-0.419312,0.849609
-0.565063,0.081299,0.798706
0.439575,-0.237549,1.038818
-0.274170,-0.292114,0.728516
-0.091797,0.167358,0.997192
0.245361,-0.385132,0.870850
-0.593872,0.067139,0.760986
0.423828,-0.244629,1.018066
-0.217407,-0.333862,0.717529
-0.171997,0.159180,0.971558
0.293701,-0.356934,0.893921
-0.586060,0.047363,0.745117
0.389160,-0.191040,1.028687
-0.174316,-0.355103,0.731812
-0.262329,0.168335,0.940552
0.349731,-0.356812,0.930298
-0.596558,0.003418,0.730835
0.320923,-0.106689,1.039307
-0.122314,-0.359497,0.744995
-0.359375,0.182007,0.893311
0.381592,-0.349609,0.945435
-0.567261,-0.067383,0.705444
0.251343,-0.060669,1.034912
-0.070190,-0.376465,0.762085
-0.417725,0.192627,0.877930
0.403809,-0.311523,0.971924
-0.556396,-0.058472,0.709717
0.154175,-0.010376,1.014038
0.010864,-0.402710,0.790283
-0.480835,0.196045,0.856689
0.421021,-0.277222,0.991455
-0.520752,-0.080322,0.714111
0.066284,0.063599,1.011963
0.101196,-0.447510,0.813843
-0.550903,0.165527,0.825317
0.442383,-0.228271,1.022095
-0.420044,-0.148071,0.722168
-0.041382,0.156982,1.002563
0.197510,-0.417969,0.857544
-0.584595,0.105225,0.794556
0.414307,-0.211304,1.016357
-0.298096,-0.242676,0.717773
-0.120483,0.184448,0.960693
0.273682,-0.350098,0.893921
-0.599976,0.063110,0.751221
0.387939,-0.196533,1.016479
-0.204468,-0.384766,0.693481
-0.213623,0.174561,0.938843
0.314819,-0.345581,0.898071
-0.602051,0.051025,0.735718
0.352905,-0.140625,1.018188
-0.139160,-0.399292,0.716431
-0.315186,0.171387,0.882812
0.348145,-0.322754,0.919189
-0.589722,0.024292,0.713989
0.288330,-0.072876,1.034180
-0.083740,-0.403320,0.754883
-0.413940,0.214966,0.872437
0.379639,-0.321411,0.928467
-0.559448,-0.028442,0.696777
0.186523,-0.024536,0.994263
0.001953,-0.401123,0.791748
-0.488281,0.211548,0.855347
0.400391,-0.251953,0.962646
-0.486084,-0.096680,0.716675
0.078735,0.096680,1.012329
0.091797,-0.416260,0.817993
-0.547729,0.187134,0.822266
0.418457,-0.212158,1.001343
-0.414673,-0.119507,0.734009
0.005005,0.161865,1.020508
0.172485,-0.409546,0.845093
-0.587646,0.155029,0.793823
0.420288,-0.178711,1.015625
-0.310425,-0.230103,0.717163
-0.082031,0.198120,0.990234
0.235840,-0.382202,0.867432
-0.598145,0.094971,0.754883
0.426270,-0.177124,1.028198
-0.235718,-0.296265,0.709229
-0.153320,0.236694,0.967651
0.303711,-0.370728,0.889648
-0.604004,0.081299,0.751221
0.399536,-0.176147,1.018921
-0.176025,-0.339111,0.717651
-0.212036,0.211914,0.936646
0.347290,-0.331909,0.913574
-0.621216,0.093140,0.731445
0.347534,-0.140381,1.011841
-0.086670,-0.401245,0.742188
-0.277588,0.176636,0.883789
0.355957,-0.306885,0.907349
-0.590576,0.100708,0.734985
0.295044,-0.072754,0.991821
-0.046143,-0.386719,0.762573
-0.344238,0.173950,0.873779
0.388672,-0.288208,0.932739
-0.565796,0.019897,0.710815
0.204956,0.001099,0.972534
0.004639,-0.402466,0.775024
-0.403809,0.165405,0.852783
0.413452,-0.244141,0.959351
-0.519287,-0.026489,0.716553
0.146851,0.056885,0.999512
0.040283,-0.395264,0.793091
-0.472778,0.172485,0.837402
0.449097,-0.249390,0.990845
-0.467163,-0.058594,0.735107
0.064941,0.144653,1.014771
0.107910,-0.395874,0.807251
-0.507812,0.153320,0.815186
0.438843,-0.225586,0.993774
-0.388550,-0.133423,0.757080
0.007568,0.176147,1.013550
0.166260,-0.408203,0.826660
-0.550171,0.155640,0.793823
0.437744,-0.174438,1.012695
-0.308105,-0.183105,0.751343
-0.045166,0.169800,0.994141
0.230591,-0.394897,0.861816
-0.587036,0.117310,0.760986
0.442627,-0.179321,1.016602
-0.232300,-0.239746,0.750977
-0.128052,0.220459,0.976074
0.295654,-0.395630,0.886108
-0.586914,0.085205,0.754517
0.413696,-0.131348,1.030762
-0.156616,-0.310425,0.744507
-0.180054,0.192383,0.927612
0.331787,-0.346313,0.905640
-0.581665,0.065674,0.752441
0.386475,-0.122681,1.029541
-0.088745,-0.364502,0.748413
-0.262573,0.186890,0.890503
0.389404,-0.333618,0.917480
-0.566772,0.059814,0.744019
0.324097,-0.094971,1.001953
-0.027832,-0.418213,0.744385
-0.326050,0.190430,0.848511
0.402710,-0.306396,0.935547
-0.524414,-0.008911,0.748779
0.250366,-0.047119,0.994263
0.000977,-0.425537,0.751709
-0.382080,0.168945,0.838623
0.429199,-0.308228,0.951904
-0.506592,-0.058228,0.739380
0.189209,-0.019653,0.993408
0.056519,-0.430176,0.777588
-0.425415,0.139160,0.809448
0.438599,-0.254639,0.974365
-0.474731,-0.063599,0.746704
0.117554,0.056152,1.005737
0.106445,-0.436157,0.802734
-0.484009,0.128296,0.780518
0.447510,-0.231445,0.994141
-0.409180,-0.126709,0.749023
0.022583,0.130859,1.004395
0.187622,-0.457764,0.829346
-0.526733,0.089478,0.759888
0.444824,-0.216797,1.009644
-0.312378,-0.198486,0.746216
-0.066040,0.202515,0.997559
0.273193,-0.421387,0.876709
-0.571533,0.066162,0.749512
0.427246,-0.202393,1.028809
-0.193115,-0.276001,0.768555
-0.141357,0.195435,0.960327
0.322388,-0.368530,0.906006
-0.576050,0.042236,0.753540
0.395630,-0.186401,1.024902
-0.079224,-0.357666,0.783325
-0.223145,0.226807,0.940918
0.358276,-0.347412,0.926270
-0.547485,-0.002075,0.751099
0.353271,-0.149536,1.013062
-0.010376,-0.415649,0.781860
-0.301636,0.192993,0.877808
0.399536,-0.311157,0.953613
-0.521240,-0.060425,0.734375
0.272705,-0.086060,1.005981
0.038940,-0.455200,0.776001
-0.357788,0.142456,0.837402
0.429199,-0.303955,0.965698
-0.482910,-0.088257,0.744507
0.180054,-0.002319,1.006714
0.087402,-0.471680,0.781250
-0.418091,0.132080,0.819580
0.451050,-0.288940,0.978027
-0.452026,-0.097656,0.755737
0.108765,0.037476,1.006104
0.134644,-0.472778,0.816895
-0.474854,0.083130,0.787231
0.466797,-0.273560,1.010376
-0.380005,-0.151855,0.753784
0.022461,0.152832,1.029053
0.215576,-0.433838,0.860596
-0.511475,0.036499,0.752197
0.461914,-0.273071,1.015137
-0.284058,-0.218018,0.787476
-0.060547,0.195312,1.016724
0.256958,-0.426147,0.878418
-0.524658,0.027954,0.756958
0.440552,-0.222534,1.036987
-0.208008,-0.275146,0.782959
-0.111938,0.166626,0.993896
0.311157,-0.411987,0.902100
-0.540039,0.023560,0.756470
0.409790,-0.197266,1.040039
-0.098511,-0.344604,0.802979
-0.176758,0.173950,0.968506
0.365356,-0.384033,0.937500
-0.527588,-0.015869,0.755371
0.369263,-0.121826,1.051636
-0.033691,-0.395264,0.796753
-0.234741,0.159424,0.943237
0.414429,-0.398682,0.954590
-0.503540,-0.081421,0.743408
0.302490,-0.083862,1.034058
0.026611,-0.443359,0.791138
-0.277588,0.167480,0.922852
0.450073,-0.345459,0.986816
-0.492065,-0.099731,0.745239
0.250366,-0.056641,1.025024
0.080078,-0.454468,0.817871
-0.336914,0.122314,0.881714
0.481201,-0.314697,1.015747
-0.462646,-0.095337,0.753784
0.181152,-0.004761,1.024658
0.131714,-0.461792,0.827881
-0.382324,0.096802,0.853027
0.468872,-0.271851,1.024658
-0.411011,-0.138550,0.769775
0.133057,0.028442,1.039917
0.206299,-0.491211,0.849609
-0.442261,0.068481,0.811768
0.482178,-0.248413,1.050049
-0.328491,-0.192993,0.771484
0.031860,0.117188,1.022583
0.294922,-0.499146,0.891602
-0.471313,0.023193,0.786011
0.453247,-0.207642,1.063354
-0.241333,-0.241211,0.798218
-0.060181,0.149292,1.021362
0.346558,-0.454102,0.928345
-0.483398,-0.002808,0.787354
0.438721,-0.151367,1.085449
-0.124756,-0.304443,0.820557
-0.140747,0.198242,1.029907
0.400269,-0.410522,0.971313
-0.489380,-0.036377,0.771606
0.414551,-0.108643,1.105103
-0.002563,-0.367188,0.844116
-0.211304,0.216553,1.005493
0.442993,-0.384277,0.994507
-0.457397,-0.077148,0.771118
0.347412,-0.062744,1.089844
0.068970,-0.417236,0.851562
-0.271118,0.206299,0.985474
0.483276,-0.344971,1.036987
-0.426880,-0.146362,0.771729
0.280273,-0.022095,1.089722
0.110840,-0.396729,0.868042
-0.329834,0.175171,0.947266
0.513184,-0.288086,1.066528
-0.371704,-0.154541,0.811523
0.172852,0.039307,1.065430
0.213501,-0.450073,0.902710
-0.382324,0.074341,0.864502
0.534424,-0.236572,1.104614
-0.311279,-0.199341,0.791870
0.069580,0.131104,1.065430
0.320190,-0.466675,0.938110
-0.440918,0.057129,0.836060
0.514893,-0.201782,1.114380
-0.209106,-0.238770,0.830200
-0.041626,0.211182,1.072266
0.388550,-0.421997,0.983643
-0.453857,-0.005371,0.833984
0.477905,-0.139404,1.130615
-0.070557,-0.300293,0.869141
-0.141235,0.232666,1.055786
0.446777,-0.376221,1.022339
-0.450439,-0.048706,0.814575
0.426514,-0.105713,1.134766
0.062744,-0.373535,0.884399
-0.208984,0.218872,1.028320
0.486572,-0.296631,1.068237
-0.425171,-0.105835,0.805054
0.347412,-0.069092,1.121704
0.106079,-0.386475,0.906738
-0.290649,0.179565,0.990601
0.531860,-0.248047,1.121826
-0.375488,-0.145508,0.805176
0.225342,0.026123,1.115112
0.229248,-0.447388,0.937500
-0.357788,0.112915,0.907349
0.544067,-0.217407,1.119141
-0.287720,-0.184937,0.831421
0.108032,0.112793,1.093872
0.329712,-0.468506,0.968018
-0.423218,0.068604,0.867920
0.536377,-0.162354,1.156982
-0.185547,-0.219849,0.860229
-0.006470,0.204834,1.091187
0.403809,-0.386230,1.019165
-0.450562,-0.009399,0.840698
0.503662,-0.133301,1.159668
-0.028564,-0.317993,0.895996
-0.110840,0.234741,1.092163
0.457886,-0.337158,1.060181
-0.445312,-0.070557,0.825562
0.425293,-0.081177,1.166382
0.022461,-0.355225,0.883301
-0.178833,0.234619,1.071045
0.509644,-0.293091,1.091553
-0.439209,-0.080200,0.803589
0.364136,-0.047729,1.144409
0.115601,-0.392334,0.920532
-0.287964,0.184204,0.985474
0.561890,-0.269775,1.137573
-0.362915,-0.147949,0.826782
0.245850,0.033691,1.117920
0.199341,-0.411987,0.943481
-0.334839,0.118896,0.933350
0.576538,-0.243896,1.150879
-0.324341,-0.169434,0.821045
0.140015,0.117188,1.114746
0.303833,-0.431763,0.984375
-0.400146,0.076416,0.892334
0.574585,-0.213745,1.160889
-0.228882,-0.223389,0.857178
0.041016,0.169312,1.096802
0.347778,-0.386841,0.994629
-0.435669,0.042114,0.862671
0.544067,-0.169678,1.169434
-0.107178,-0.273926,0.898071
-0.032715,0.205200,1.101074
0.399658,-0.382446,0.995483
-0.466064,0.011719,0.842773
0.506470,-0.167725,1.170898
-0.036987,-0.379272,0.878052
-0.075562,0.188721,1.089844
0.422119,-0.336914,1.018311
-0.491211,0.029663,0.836792
0.480103,-0.151733,1.167114
-0.001587,-0.393066,0.873657
-0.160400,0.194214,1.070190
0.456665,-0.285034,1.074219
-0.498047,-0.007935,0.807861
0.413940,-0.110962,1.155518
0.053833,-0.393677,0.899414
-0.237915,0.203491,1.038574
0.511841,-0.287476,1.107422
-0.467773,-0.028687,0.797974
0.327515,-0.021118,1.137817
0.097290,-0.431396,0.898438
-0.280640,0.143311,1.011841
0.538940,-0.297363,1.125977
-0.420654,-0.105469,0.794678
0.245361,0.078735,1.141235
0.140503,-0.393799,0.899536
-0.335938,0.100586,0.937622
0.556763,-0.273193,1.136475
-0.385132,-0.176758,0.780151
0.186035,0.135864,1.134766
0.178589,-0.382446,0.900757
-0.404663,0.092407,0.911987
0.576294,-0.315063,1.135132
-0.343384,-0.243164,0.802246
0.122925,0.176758,1.127563
0.198853,-0.369019,0.902222
-0.435059,0.067627,0.862549
0.570801,-0.307373,1.116821
-0.299316,-0.278687,0.807617
0.063721,0.155518,1.099731
0.251343,-0.406982,0.901001
-0.469727,0.084961,0.840332
0.544678,-0.243164,1.125610
-0.232666,-0.292358,0.827148
0.020874,0.105347,1.063477
0.284546,-0.395508,0.926514
-0.476440,0.078613,0.837646
0.516235,-0.175415,1.125610
-0.186157,-0.280273,0.816406
-0.054565,0.163574,1.056519
0.320068,-0.399048,0.953491
-0.479614,-0.010620,0.814941
0.489380,-0.197266,1.117432
-0.147461,-0.296021,0.808105
-0.124512,0.199585,1.030762
0.361206,-0.363892,0.961548
-0.533203,-0.021484,0.780762
0.462036,-0.211792,1.111938
-0.126343,-0.363892,0.793457
-0.179932,0.192993,1.014893
0.382324,-0.349609,0.974976
-0.534302,-0.015747,0.777588
0.420410,-0.164185,1.108887
-0.089600,-0.385010,0.800537
-0.248047,0.188232,0.984619
0.400391,-0.336060,0.988647
-0.544434,0.003662,0.768311
0.371216,-0.134766,1.106689
-0.050049,-0.394409,0.820679
-0.316650,0.193115,0.951904
0.413696,-0.297852,1.004883
-0.531128,-0.013672,0.753540
0.318604,-0.112061,1.088013
-0.015015,-0.402344,0.830811
-0.371216,0.189697,0.922485
0.432983,-0.297729,1.007080
-0.506104,-0.050903,0.741333
0.234253,-0.046021,1.058716
0.054932,-0.409668,0.843384
-0.427368,0.170776,0.896484
0.438354,-0.260254,1.033325
-0.480469,-0.094482,0.736816
0.156372,0.020386,1.059692
0.102783,-0.451172,0.853882
-0.463745,0.156128,0.869629
0.442139,-0.244263,1.030396
-0.460571,-0.121094,0.733643
0.086426,0.069458,1.048706
0.158936,-0.438599,0.863403
-0.508301,0.147583,0.857422
0.442871,-0.230347,1.032104
-0.401855,-0.181885,0.746460
0.019775,0.087280,1.027100
0.185669,-0.417603,0.873047
-0.530518,0.099731,0.815674
0.455933,-0.223511,1.048828
-0.330811,-0.237549,0.747070
-0.052246,0.128052,1.010010
0.231201,-0.433472,0.874146
-0.560181,0.067139,0.781006
0.434937,-0.187012,1.056519
-0.270020,-0.278442,0.716797
-0.110474,0.161987,0.990601
0.261353,-0.393311,0.887573
-0.569580,0.043335,0.780762
0.416260,-0.186768,1.042358
-0.235229,-0.312622,0.717896
-0.200073,0.175049,0.955078
0.298584,-0.378296,0.910522
-0.564453,0.002930,0.755371
0.395508,-0.173340,1.056519
-0.205566,-0.328247,0.717651
-0.266479,0.187866,0.935303
0.348145,-0.364136,0.934692
-0.590454,0.000854,0.735596
0.357544,-0.171021,1.041260
-0.152466,-0.367188,0.729370
-0.324707,0.218140,0.906860
0.359985,-0.324585,0.927490
-0.567993,-0.039673,0.717041
0.311768,-0.132568,1.033203
-0.134521,-0.388428,0.730591
-0.363770,0.175537,0.878662
0.384399,-0.312256,0.951050
-0.573364,-0.019287,0.704834
0.246704,-0.069824,1.019165
-0.053467,-0.381104,0.785278
-0.439697,0.201782,0.868042
0.385254,-0.299927,0.953125
-0.553467,-0.044922,0.711182
0.179199,-0.023682,1.005371
-0.000854,-0.425049,0.786133
-0.484985,0.204468,0.851318
0.395996,-0.249146,0.980347
-0.512817,-0.068848,0.722412
0.103394,0.041870,1.015625
0.055908,-0.437256,0.807983
-0.525757,0.175903,0.838867
0.421265,-0.232544,0.994263
-0.471436,-0.072021,0.731812
0.035156,0.125977,1.013916
0.131348,-0.428955,0.826416
-0.556152,0.161499,0.824097
0.411865,-0.201782,1.001099
-0.403564,-0.129883,0.733643
-0.022705,0.148560,1.003540
0.195312,-0.429199,0.845459
-0.589966,0.136841,0.789185
0.416260,-0.193359,1.015259
-0.303711,-0.237061,0.723633
-0.106445,0.194092,0.980591
0.254028,-0.421265,0.867920
-0.603027,0.114746,0.771973
0.406128,-0.161255,1.023071
-0.236450,-0.273315,0.723999
-0.166992,0.190308,0.950195
0.288940,-0.373657,0.900146
-0.605591,0.058960,0.747437
0.399414,-0.139282,1.046021
-0.175903,-0.357178,0.708618
-0.253418,0.204712,0.917358
0.349487,-0.351562,0.917725
-0.596680,0.042603,0.741211
0.344116,-0.134644,1.010620
-0.124756,-0.391602,0.715576
-0.311890,0.207764,0.879028
0.377808,-0.320190,0.923096
-0.578491,0.048706,0.733643
0.275269,-0.050171,1.014893
-0.061279,-0.403564,0.744873
-0.383301,0.193726,0.853760
0.398682,-0.289673,0.937378
-0.558838,-0.016602,0.711182
0.194580,-0.014526,0.990723
0.004517,-0.411377,0.772339
-0.453247,0.210938,0.844482
0.421509,-0.255737,0.960083
-0.487793,-0.029297,0.750488
0.098389,0.076050,1.005127
0.078369,-0.421875,0.806641
-0.521606,0.195557,0.819580
0.425171,-0.223755,0.983887
-0.408691,-0.094971,0.759521
0.021362,0.163452,1.014893
0.165039,-0.404907,0.838623
-0.566040,0.146851,0.785889
0.423950,-0.174194,1.002441
-0.315308,-0.182495,0.736816
-0.058472,0.221558,1.007202
0.246704,-0.391602,0.854980
-0.601929,0.122925,0.774658
0.425293,-0.185303,1.006104
-0.232666,-0.229614,0.747437
-0.127563,0.235596,0.965454
0.300537,-0.371582,0.888306
-0.590576,0.064697,0.746948
0.396851,-0.147461,1.028564
-0.155884,-0.304077,0.740845
-0.194702,0.243652,0.934692
0.349976,-0.350830,0.907593
-0.586182,0.037720,0.747314
0.358032,-0.130493,1.027954
-0.103394,-0.363647,0.735229
-0.246338,0.222778,0.904419
0.378662,-0.303589,0.924683
-0.566895,0.010010,0.737183
0.312134,-0.102905,1.010132
-0.039795,-0.439331,0.740723
-0.329102,0.199341,0.866455
0.409424,-0.288696,0.945068
-0.537720,-0.029541,0.718994
0.246582,-0.043701,0.996094
0.010864,-0.436768,0.761475
-0.380859,0.174561,0.833008
0.423950,-0.284058,0.955322
-0.508179,-0.046631,0.745483
0.167480,-0.009033,0.991699
0.069336,-0.435303,0.791504
-0.439209,0.160278,0.819580
0.445679,-0.261230,0.981079
-0.473877,-0.078979,0.732666
0.098633,0.069214,1.007568
0.125977,-0.453003,0.804932
-0.506470,0.125610,0.784180
0.448120,-0.209473,1.001953
-0.370850,-0.126343,0.757324
0.011475,0.120972,1.006592
0.195190,-0.486084,0.824707
-0.572144,0.125366,0.747925
0.455444,-0.172485,1.028687
-0.259277,-0.186035,0.775879
-0.095581,0.183472,0.993774
0.260376,-0.455444,0.855347
-0.574219,0.081909,0.745239
0.451050,-0.192505,1.035645
-0.166260,-0.252563,0.799316
-0.179321,0.213989,0.958984
0.318970,-0.409912,0.883789
-0.558105,0.037231,0.756104
0.405640,-0.181152,1.021240
-0.075317,-0.341675,0.793701
-0.244263,0.195190,0.917969
0.363892,-0.337646,0.935913
-0.544434,-0.026978,0.736206
0.346313,-0.126587,1.017578
0.006958,-0.414795,0.796143
-0.305420,0.201172,0.888428
0.395874,-0.326416,0.947388
-0.524658,-0.071777,0.726929
0.285278,-0.097656,1.007568
0.042847,-0.470459,0.771362
-0.349121,0.169434,0.859375
0.440063,-0.221313,0.990112
-0.459106,-0.083740,0.736084
0.069336,0.104614,1.007202
0.137329,-0.460083,0.810791
-0.508911,0.134888,0.804810
0.450317,-0.223145,1.002319
-0.394043,-0.108643,0.734741
-0.008545,0.180908,1.015747
0.208496,-0.456299,0.831909
-0.545410,0.109253,0.768799
0.449585,-0.212402,1.016479
-0.316895,-0.169189,0.753906
-0.073608,0.213257,0.998779
0.271484,-0.439819,0.864746
-0.562134,0.058228,0.749512
0.442993,-0.203369,1.038818
-0.214478,-0.229248,0.778809
-0.137207,0.233765,0.982422
0.311035,-0.409424,0.887939
-0.586182,0.072144,0.751343
0.405762,-0.173828,1.027588
-0.109131,-0.321899,0.776733
-0.179199,0.209473,0.951782
0.334473,-0.345093,0.917603
-0.566528,0.076904,0.769409
0.388428,-0.176514,1.007324
-0.040527,-0.374023,0.792236
-0.228271,0.165161,0.908691
0.356689,-0.304810,0.942383
-0.571777,0.033936,0.738159
0.352295,-0.140869,0.996094
0.012207,-0.426514,0.781738
-0.273071,0.138184,0.891357
0.392212,-0.335815,0.943970
-0.560303,-0.027832,0.715820
0.276978,-0.112305,0.992310
0.059937,-0.487549,0.784058
-0.324707,0.154297,0.873169
0.426392,-0.299927,0.967407
-0.528442,-0.032349,0.745605
0.211914,-0.088989,0.982910
0.089233,-0.505005,0.801514
-0.373291,0.136597,0.854492
0.432861,-0.259644,0.995117
-0.496094,-0.095703,0.718750
0.165527,-0.004883,1.011963
0.125854,-0.501831,0.799194
-0.422485,0.138794,0.838501
0.452759,-0.298340,0.980469
-0.446533,-0.113281,0.742065
0.100586,0.048828,1.011108
0.162231,-0.503052,0.810913
-0.445923,0.082642,0.802368
0.464722,-0.262329,1.000366
-0.399658,-0.127808,0.749146
0.036377,0.088257,1.006470
0.216431,-0.513428,0.845703
-0.469604,0.034302,0.771484
0.466431,-0.240723,1.033447
-0.324097,-0.176270,0.776245
-0.021606,0.155151,1.028931
0.289185,-0.498291,0.877197
-0.520264,0.016968,0.756958
0.439453,-0.215820,1.035034
-0.212646,-0.265625,0.785889
-0.083130,0.197266,1.017578
0.325562,-0.413452,0.918457
-0.526367,0.016479,0.768066
0.418457,-0.212158,1.045898
-0.109863,-0.338867,0.814697
-0.132935,0.185303,1.023926
0.355103,-0.383301,0.938965
-0.525879,0.017090,0.774536
0.420654,-0.185181,1.063843
-0.031372,-0.374512,0.836060
-0.191772,0.166504,0.992920
0.390869,-0.372681,0.968384
-0.519653,-0.007446,0.773071
0.371338,-0.158325,1.041992
0.046509,-0.435425,0.842285
-0.232422,0.165405,0.969238
0.422729,-0.318970,0.992188
-0.483765,-0.035400,0.764648
0.337402,-0.118408,1.055664
0.085205,-0.429565,0.866333
-0.276123,0.169312,0.969482
0.455322,-0.299072,1.029053
-0.460205,-0.070679,0.774536
0.301392,-0.071777,1.068237
0.101929,-0.446411,0.843750
-0.308960,0.167480,0.937134
0.479980,-0.297729,1.038208
-0.423096,-0.108398,0.781128
0.238525,-0.033691,1.055054
0.123535,-0.446899,0.865601
-0.347412,0.133423,0.911133
0.511597,-0.291748,1.071167
-0.399414,-0.152344,0.779785
0.194946,0.027344,1.075439
0.199341,-0.447266,0.891968
-0.390991,0.134644,0.891602
0.534546,-0.284424,1.083496
-0.354370,-0.172607,0.797119
0.138184,0.049805,1.064819
0.251709,-0.450928,0.920410
-0.402832,0.078247,0.850464
0.527954,-0.232666,1.098511
-0.296875,-0.214233,0.814697
0.073853,0.095947,1.058960
0.320923,-0.456787,0.952271
-0.422363,0.061401,0.838135
0.505371,-0.176636,1.109863
-0.221069,-0.216675,0.843140
0.000977,0.154175,1.068481
0.379761,-0.458618,0.982544
-0.453369,0.025391,0.824707
0.492310,-0.110718,1.144653
-0.129028,-0.248413,0.863647
-0.077148,0.206421,1.067627
0.420044,-0.409546,1.014526
-0.446167,-0.041504,0.820068
0.473999,-0.100708,1.161743
-0.011963,-0.311279,0.891602
-0.158325,0.247925,1.059082
0.463135,-0.357300,1.053345
0.351807,-0.053101,1.141479
-0.273193,0.180420,0.989258
0.535767,-0.247803,1.126953
-0.372314,-0.144165,0.809692
0.265015,0.026733,1.126221
0.202759,-0.417358,0.949829
-0.324463,0.105835,0.932373
0.559937,-0.201172,1.160400
-0.318726,-0.175781,0.827637
0.166260,0.094971,1.115112
0.300537,-0.466431,0.964478
-0.401855,0.089233,0.894043
0.563232,-0.180298,1.168701
-0.245972,-0.230957,0.838989
0.046509,0.162231,1.100342
0.376831,-0.424683,0.999878
-0.426025,0.049683,0.879272
0.540527,-0.151611,1.174316
-0.130127,-0.285034,0.869263
-0.048584,0.219360,1.086426
0.409790,-0.361572,1.024048
-0.440552,-0.023804,0.841553
0.511108,-0.134277,1.178101
-0.011475,-0.336548,0.884888
-0.109985,0.217896,1.083374
0.434814,-0.313599,1.040894
-0.452881,-0.046631,0.822388
0.479614,-0.125610,1.188843
0.008667,-0.354492,0.885864
-0.194580,0.248169,1.069946
0.486938,-0.300049,1.075684
-0.450317,-0.054199,0.820312
0.380249,-0.078247,1.155029
0.076416,-0.420898,0.907104
-0.251343,0.178467,1.020874
0.495728,-0.245117,1.109863
-0.428101,-0.069458,0.805908
0.310303,-0.009033,1.159302
0.149048,-0.435547,0.929688
-0.313110,0.134033,0.982544
0.535278,-0.244385,1.128784
-0.392090,-0.122559,0.806763
0.220459,0.048462,1.130371
0.212280,-0.427124,0.941040
-0.384399,0.113159,0.922485
0.551636,-0.240112,1.133423
-0.330933,-0.167847,0.806519
0.130615,0.140137,1.125000
0.265137,-0.425293,0.953003
-0.423462,0.089478,0.905884
0.541382,-0.234131,1.133301
-0.297119,-0.222290,0.817505
0.052246,0.153809,1.094116
0.300293,-0.399048,0.958740
-0.434692,0.035889,0.860229
0.528198,-0.181519,1.137573
-0.201660,-0.272705,0.818726
-0.029907,0.146606,1.060425
0.335938,-0.385620,0.958374
-0.450073,0.007935,0.823120
0.512451,-0.146606,1.149780
-0.144531,-0.286743,0.821655
-0.116577,0.149902,1.025146
0.373657,-0.392456,0.978271
-0.462769,-0.041870,0.814331
0.471069,-0.112183,1.157349
-0.134033,-0.305786,0.795654
-0.191040,0.178101,1.008545
0.423950,-0.384033,1.008301
-0.495239,-0.070923,0.786255
0.411255,-0.107422,1.123657
-0.093872,-0.306641,0.822876
-0.268799,0.196655,0.985840
0.452393,-0.324463,1.039307
-0.491577,-0.088989,0.771729
0.315796,-0.070801,1.103149
-0.013794,-0.368896,0.828003
-0.326904,0.168701,0.936523
0.449219,-0.272949,1.046753
-0.469971,-0.115112,0.764282
0.247314,-0.025879,1.099487
0.064331,-0.391724,0.861938
-0.423706,0.170532,0.892700
0.477539,-0.256836,1.067505
-0.429565,-0.177856,0.756592
0.130737,0.056274,1.068848
0.142822,-0.426147,0.873779
-0.480713,0.130615,0.859253
0.475342,-0.253906,1.055298
-0.402588,-0.177979,0.757690
0.029785,0.104858,1.040894
0.222046,-0.423828,0.892090
-0.515991,0.067749,0.810425
0.456177,-0.205078,1.056763
-0.296997,-0.267334,0.750244
-0.052246,0.145996,1.018677
0.277466,-0.412354,0.895264
-0.541870,0.067871,0.806396
0.438232,-0.196411,1.066284
-0.223267,-0.328613,0.740112
-0.147705,0.140137,0.983032
0.311890,-0.403320,0.921143
-0.573120,0.016724,0.753418
0.412720,-0.161743,1.071533
-0.177002,-0.333008,0.746704
-0.263306,0.176514,0.955811
0.356812,-0.365601,0.947021
-0.571411,-0.024414,0.750488
0.348267,-0.136841,1.063477
-0.127930,-0.361938,0.750122
-0.338989,0.190063,0.915894
0.392578,-0.334351,0.959961
-0.552002,-0.019287,0.748413
0.256836,-0.086792,1.032227
-0.059570,-0.394165,0.777710
-0.409058,0.184692,0.888794
0.397583,-0.292847,0.976685
-0.537109,-0.048340,0.724121
0.162598,0.011841,1.031372
0.031250,-0.385620,0.830933
-0.485840,0.156128,0.855469
0.420044,-0.283691,1.000854
-0.515747,-0.104370,0.692017
0.073486,0.100342,1.021606
0.118164,-0.424805,0.821167
-0.551758,0.153564,0.828247
0.419067,-0.248535,1.020142
-0.410400,-0.210205,0.712402
0.015503,0.132324,1.019653
0.142822,-0.395630,0.831055
-0.583862,0.115479,0.797241
0.448853,-0.250244,1.028442
-0.316162,-0.273804,0.724243
-0.073486,0.183838,0.995850
0.212891,-0.379272,0.852173
-0.606934,0.126343,0.773926
0.417725,-0.234009,1.014038
-0.264893,-0.318726,0.725952
-0.132690,0.161499,0.960815
0.261230,-0.385498,0.871826
-0.593384,0.098389,0.762817
0.399902,-0.185547,1.021240
-0.232178,-0.322632,0.714478
-0.214600,0.158081,0.928589
0.310303,-0.379395,0.905640
-0.591309,0.044922,0.743774
0.379761,-0.116821,1.049561
-0.188232,-0.335815,0.702393
-0.287842,0.202148,0.906738
0.366943,-0.390259,0.920410
-0.588867,0.010864,0.732422
0.323242,-0.086182,1.026001
-0.141846,-0.357910,0.705078
-0.347656,0.222900,0.881592
0.399414,-0.346191,0.939209
-0.568237,-0.009888,0.731445
0.249023,-0.058105,1.008911
-0.049927,-0.406372,0.752075
-0.423096,0.225708,0.854126
0.394653,-0.295166,0.940308
-0.541504,-0.034058,0.723511
0.172119,-0.015625,1.000854
0.014648,-0.404175,0.783569
-0.487915,0.228394,0.842529
0.409180,-0.236328,0.970337
-0.484131,-0.092773,0.727783
0.086914,0.059937,1.015259
0.103149,-0.406982,0.820557
-0.555420,0.188110,0.803101
0.426392,-0.199097,1.000244
-0.371704,-0.145630,0.737671
-0.011841,0.152466,1.008301
0.203979,-0.441406,0.852783
-0.585571,0.154053,0.801270
0.421509,-0.147217,1.014648
-0.264771,-0.235229,0.733643
-0.115234,0.205811,0.976196
0.282349,-0.404297,0.884155
-0.598145,0.086914,0.759277
0.395752,-0.132080,1.025635
-0.171265,-0.323608,0.721069
-0.186523,0.214844,0.943726
0.341309,-0.338257,0.905762
-0.603271,0.061890,0.743774
0.349121,-0.131470,1.014404
-0.077637,-0.385620,0.735229
-0.265381,0.213379,0.890869
0.368530,-0.306396,0.911011
-0.571777,0.019653,0.720581
0.287964,-0.105835,0.987427
-0.015747,-0.446289,0.752686
-0.353638,0.187744,0.852173
0.405762,-0.271851,0.940308
-0.538940,0.005249,0.734375
0.187012,-0.009277,0.989746
0.047974,-0.431763,0.786865
-0.439697,0.167847,0.827881
0.421387,-0.223633,0.970947
-0.469727,-0.033691,0.755493
0.100220,0.091064,1.006836
0.107788,-0.417358,0.804565
-0.493652,0.132324,0.806030
0.433960,-0.198120,1.007080
-0.393433,-0.119507,0.749390
0.020508,0.162720,1.016968
0.187622,-0.413330,0.838501
-0.550537,0.119019,0.782104
0.433716,-0.207764,1.016724
-0.296997,-0.195190,0.751587
-0.065308,0.210449,0.998291
0.260132,-0.394897,0.865723
-0.589966,0.087646,0.748535
0.439819,-0.209229,1.027954
-0.196655,-0.284546,0.760254
-0.137817,0.206909,0.958252
0.304810,-0.341919,0.896240
-0.576416,0.076904,0.762329
0.413330,-0.180786,1.027588
-0.109741,-0.354858,0.783813
-0.214233,0.183716,0.919189
0.341553,-0.333862,0.920410
-0.557739,0.050049,0.745972
0.368164,-0.135254,1.016357
-0.038330,-0.371216,0.796753
-0.250854,0.167480,0.894775
0.373779,-0.333862,0.933350
-0.553345,0.014160,0.736450
0.308716,-0.095337,0.999146
-0.012695,-0.401001,0.767822
-0.291992,0.145386,0.875244
0.424927,-0.330811,0.964233
-0.530151,-0.011353,0.749756
0.244507,-0.041138,0.989746
0.017700,-0.449219,0.759155
-0.336060,0.117432,0.844360
0.449951,-0.344727,0.961548
-0.512451,-0.037720,0.757080
0.189453,0.010864,1.006470
0.064209,-0.462891,0.767578
-0.389526,0.114502,0.837402
0.457397,-0.330811,0.975586
-0.490356,-0.072998,0.737305
0.152832,0.044678,1.017090
0.115356,-0.441528,0.807495
-0.439087,0.125244,0.822754
0.448242,-0.313721,0.988281
-0.445557,-0.138672,0.744141
0.120850,0.051025,1.026978
0.157715,-0.456177,0.818970
-0.476440,0.131836,0.802002
0.456909,-0.293701,0.984985
-0.389404,-0.188965,0.744873
0.066040,0.053955,1.017700
0.201416,-0.503296,0.835327
-0.487549,0.074341,0.766357
0.471924,-0.268921,1.010742
-0.336792,-0.180786,0.771240
-0.017212,0.120972,1.014648
0.274170,-0.501709,0.875610
-0.507080,0.045410,0.771484
0.453003,-0.229614,1.028076
-0.263428,-0.227783,0.777710
-0.066528,0.156616,1.002075
0.325073,-0.480469,0.912964
-0.519775,0.031250,0.760010
0.432739,-0.180298,1.050903
-0.176636,-0.256348,0.806763
-0.108154,0.175049,1.016357
0.355835,-0.468750,0.927490
-0.531494,0.011841,0.765747
0.429077,-0.140015,1.068237
-0.108032,-0.290649,0.809937
-0.167358,0.224365,1.008179
0.401855,-0.443481,0.954224
-0.509521,-0.041504,0.765259
0.392090,-0.128784,1.070679
-0.031372,-0.332642,0.832642
-0.207764,0.182007,0.981079
0.436768,-0.404053,0.982666
-0.497681,-0.076416,0.755859
0.367310,-0.116699,1.058960
0.052734,-0.388428,0.833374
-0.262085,0.203979,0.964355
0.458740,-0.344849,1.008423
-0.433716,-0.136230,0.773926
0.286865,-0.076538,1.057251
0.072876,-0.419556,0.834351
-0.306274,0.151123,0.933228
0.517090,-0.315796,1.054443
-0.434814,-0.118042,0.772461
0.211182,-0.001953,1.048462
0.138062,-0.445679,0.866455
-0.333374,0.087280,0.901001
0.522827,-0.250488,1.099854
-0.391724,-0.153076,0.786621
0.164307,0.058105,1.077271
0.216431,-0.504272,0.872314
-0.397217,0.048096,0.852905
0.547852,-0.250854,1.124023
-0.331177,-0.186890,0.798462
0.081543,0.121582,1.061646
0.296021,-0.478271,0.924683
-0.429077,0.024414,0.840088
0.547485,-0.206665,1.143433
-0.271606,-0.207642,0.832275
0.026855,0.160156,1.056885
0.354858,-0.443237,0.965820
-0.454956,0.031616,0.822876
0.511230,-0.177734,1.142578
-0.181763,-0.251465,0.849365
-0.037109,0.209961,1.073853
0.395142,-0.406006,0.995728
-0.458252,-0.004517,0.828369
0.487915,-0.153687,1.149048
-0.064697,-0.324707,0.863525
-0.093384,0.234619,1.085693
0.424194,-0.362183,1.013794
-0.459961,-0.008911,0.829956
0.476929,-0.135132,1.162231
0.032471,-0.402588,0.886108
-0.151367,0.196045,1.064087
0.457153,-0.341309,1.044678
-0.455811,-0.016724,0.826660
0.450073,-0.112793,1.151733
0.051270,-0.394287,0.901855
-0.199585,0.194214,1.046143
0.495728,-0.305786,1.092773
-0.434937,-0.041504,0.821655
0.366577,-0.025879,1.139648
0.099609,-0.399170,0.934448
-0.239136,0.192505,1.059814
0.511841,-0.275635,1.120728
-0.428467,-0.067139,0.800049
0.343018,0.004028,1.149170
0.131836,-0.404663,0.927246
-0.279907,0.179077,1.027344
0.554810,-0.275269,1.137817
-0.388916,-0.116089,0.813965
0.287598,0.037476,1.150269
0.158081,-0.389282,0.946533
-0.311035,0.144897,0.960327
0.558472,-0.242310,1.147949
-0.348999,-0.168823,0.818848
0.253784,0.057739,1.150269
0.203003,-0.427368,0.935547
-0.345703,0.130615,0.933228
0.557129,-0.258423,1.132568
-0.325562,-0.193481,0.831909
0.202271,0.068970,1.137451
0.244385,-0.430420,0.947144
-0.367432,0.131348,0.919922
0.546143,-0.230469,1.133545
-0.312744,-0.206909,0.826538
0.145020,0.060669,1.106812
0.288696,-0.426636,0.971924
-0.397705,0.094360,0.909790
0.560547,-0.189575,1.162598
-0.287842,-0.214844,0.813354
0.077759,0.127686,1.101929
0.321655,-0.411743,0.983276
-0.419434,0.053345,0.892090
0.541992,-0.178833,1.166504
-0.218384,-0.260376,0.833618
-0.012207,0.160278,1.074829
0.361938,-0.410889,0.985962
-0.434692,0.026123,0.875244
0.522095,-0.164307,1.159302
-0.145020,-0.289917,0.842041
-0.048462,0.164185,1.064453
0.385498,-0.387085,0.988037
-0.469604,0.003540,0.839844
0.505371,-0.162231,1.156982
-0.098877,-0.336060,0.831543
-0.092896,0.174316,1.055664
0.383301,-0.345581,0.988403
-0.472168,-0.022827,0.817627
0.494751,-0.164185,1.156982
-0.089111,-0.328491,0.829712
-0.175781,0.203003,1.034424
0.419800,-0.327148,1.014282
-0.494629,-0.046997,0.802856
0.437012,-0.153320,1.145264
-0.059326,-0.359009,0.835449
-0.234009,0.203979,1.010620
0.443115,-0.308838,1.021484
-0.510620,-0.018799,0.786621
0.374512,-0.124756,1.123657
-0.011353,-0.389038,0.847778
-0.295288,0.166504,0.964600
0.448853,-0.279297,1.048218
-0.489624,-0.069946,0.752563
0.306396,-0.052612,1.113892
0.056885,-0.393799,0.861084
-0.378174,0.185547,0.941406
0.477539,-0.274170,1.055298
-0.445435,-0.130005,0.758545
0.193115,0.006714,1.078491
0.108032,-0.412842,0.869995
-0.451416,0.129883,0.879517
0.510864,-0.286743,1.080200
-0.392456,-0.173828,0.768555
0.057983,0.129395,1.051880
0.176270,-0.364014,0.889282
-0.478271,0.047241,0.827515
0.487549,-0.282104,1.068115
-0.317871,-0.275269,0.765747
0.011353,0.147339,1.052368
0.216797,-0.377930,0.858154
-0.538818,0.064209,0.803833
0.475464,-0.267334,1.069092
-0.223022,-0.355225,0.756104
-0.065674,0.109253,0.997314
0.254272,-0.352417,0.896240
-0.562012,0.062134,0.774902
0.436768,-0.248413,1.057495
-0.181885,-0.416992,0.736938
-0.176147,0.129150,0.960205
0.318481,-0.359497,0.917725
-0.562256,0.059082,0.761353
0.376343,-0.141235,1.058838
-0.158691,-0.346558,0.774536
-0.267090,0.135864,0.948242
0.350708,-0.351685,0.955322
-0.560425,-0.026733,0.737305
0.327881,-0.088257,1.056763
-0.130005,-0.324219,0.765381
-0.348511,0.171509,0.901611
0.399170,-0.331055,0.984863
-0.551147,-0.066895,0.710327
0.239746,-0.038574,1.048096
-0.053223,-0.400635,0.792603
-0.419678,0.173096,0.884033
0.387451,-0.272949,0.988892
-0.531860,-0.060791,0.714478
0.166992,0.003906,1.017822
0.020752,-0.411499,0.801880
-0.481079,0.174072,0.857788
0.403076,-0.246582,1.005127
-0.499756,-0.122803,0.710083
0.076050,0.084961,1.012695
0.099854,-0.413208,0.823364
-0.524048,0.152588,0.840698
0.412720,-0.227173,1.006348
-0.438965,-0.131104,0.738525
0.008667,0.120728,1.008423
0.172485,-0.441406,0.838501
-0.573486,0.151611,0.801025
0.416748,-0.212402,1.005005
-0.319824,-0.246826,0.735962
-0.075439,0.157104,0.997803
0.219482,-0.438599,0.855469
-0.604126,0.105469,0.764526
0.421021,-0.182373,1.026489
-0.260498,-0.262451,0.720703
-0.146606,0.182495,0.960327
0.272217,-0.362061,0.891479
-0.624023,0.070190,0.743896
0.410156,-0.202271,1.031982
-0.205933,-0.359985,0.708008
-0.227417,0.177979,0.921387
0.320312,-0.344116,0.909546
-0.612915,0.063110,0.731201
0.361450,-0.120117,1.027954
-0.151489,-0.364502,0.712769
-0.287109,0.185303,0.902466
0.357300,-0.367065,0.906128
-0.591187,0.024048,0.726074
0.304321,-0.074463,1.010864
-0.121094,-0.366211,0.723145
-0.360229,0.193848,0.874878
0.396606,-0.343872,0.940308
-0.571899,-0.015625,0.702148
0.230591,-0.015991,1.006836
-0.043945,-0.388916,0.756836
-0.435791,0.214722,0.859741
0.410889,-0.316040,0.942017
-0.540894,-0.052368,0.719116
0.163452,0.019775,1.007080
-0.001099,-0.395508,0.774658
-0.480957,0.218140,0.843750
0.425537,-0.248535,0.982544
-0.480103,-0.081299,0.739380
0.079102,0.075439,1.003174
0.082153,-0.424561,0.802368
-0.524780,0.179932,0.821045
0.444458,-0.200317,1.009155
-0.390259,-0.122192,0.750610
0.002686,0.158936,1.020142
0.165161,-0.443604,0.826904
-0.576782,0.143555,0.787109
0.446045,-0.183105,1.031372
-0.307373,-0.193970,0.736206
-0.098633,0.207397,0.974365
0.262817,-0.408569,0.873413
-0.595337,0.087891,0.765015
0.414062,-0.130615,1.030273
-0.191284,-0.289307,0.737793
-0.164185,0.208130,0.941528
0.311401,-0.371338,0.891113
-0.599731,0.082520,0.749634
0.398804,-0.152222,1.025513
-0.114258,-0.352661,0.746094
-0.246948,0.209717,0.909790
0.361938,-0.332275,0.919678
-0.568970,0.052734,0.750488
0.318481,-0.098022,1.000488
-0.044434,-0.410278,0.742676
-0.305664,0.166992,0.862915
0.388794,-0.267090,0.947266
-0.542847,-0.018311,0.727661
0.228149,-0.043579,0.995117
0.005615,-0.434570,0.759766
-0.396118,0.164673,0.839844
0.434326,-0.261353,0.971436
-0.494507,-0.032104,0.738892
0.114014,0.096069,1.002930
0.095459,-0.414551,0.807617
-0.466919,0.121460,0.798462
0.432251,-0.258667,0.977173
-0.414307,-0.097290,0.764404
0.057495,0.166870,1.022949
0.151367,-0.389526,0.817871
-0.543945,0.120239,0.776978
0.449707,-0.249634,1.007568
-0.324707,-0.218262,0.750488
-0.024536,0.176758,1.000732
0.224976,-0.363647,0.859131
-0.578613,0.100830,0.750366
0.444580,-0.236328,1.013672
-0.192261,-0.304932,0.783813
-0.125366,0.163574,0.954712
0.293701,-0.366333,0.889282
-0.583252,0.104370,0.739380
0.418091,-0.159668,1.030762
-0.100098,-0.320679,0.790771
-0.198242,0.169556,0.932251
0.343750,-0.375244,0.916016
-0.556396,0.026001,0.744385
0.373901,-0.106079,1.021362
-0.060913,-0.360229,0.767334
-0.247803,0.147339,0.890015
0.388184,-0.356323,0.944946
-0.539307,-0.030640,0.743530
0.313110,-0.102539,0.999023
-0.004272,-0.406372,0.760132
-0.314819,0.154785,0.866333
0.429321,-0.348999,0.973877
-0.530396,-0.110718,0.722778
0.233276,-0.056519,0.985596
0.032593,-0.397583,0.770386
-0.362793,0.113403,0.827393
0.455933,-0.311768,1.001831
-0.479004,-0.129517,0.750366
0.166870,-0.033203,0.997437
0.073853,-0.444824,0.774536
-0.529053,0.128052,0.774048
0.472168,-0.208862,1.026245
-0.434814,-0.103760,0.766602
-0.049194,0.161743,0.985107
0.229126,-0.479980,0.821411
-0.537598,0.064697,0.751709
0.446167,-0.190186,1.026978
-0.263306,-0.169922,0.771240
-0.121094,0.202881,0.982666
0.309814,-0.461670,0.892334
-0.563354,0.035889,0.754395
0.402222,-0.163818,1.031006
-0.140869,-0.274048,0.778076
-0.175171,0.232666,0.973022
0.341553,-0.346558,0.924316
-0.558350,0.009644,0.744141
0.362427,-0.150391,1.018555
-0.059570,-0.398560,0.769653
-0.251099,0.188477,0.920410
0.389160,-0.331055,0.950439
-0.537964,-0.021118,0.740845
0.303589,-0.099731,1.003662
0.011230,-0.439453,0.775757
-0.314941,0.133179,0.855957
0.417725,-0.327881,0.964844
-0.505249,-0.075439,0.749878
0.218628,-0.056274,0.989868
0.067017,-0.474365,0.770386
-0.371948,0.139160,0.839111
0.440552,-0.288574,0.985718
-0.466187,-0.077271,0.754761
0.135376,-0.010498,0.987305
0.097290,-0.458252,0.805054
-0.420410,0.090332,0.804321
0.467529,-0.242065,1.023682
-0.407959,-0.133179,0.759399
0.048462,0.097534,1.013672
0.189575,-0.493286,0.826904
-0.469849,0.037842,0.780884
0.473633,-0.263306,1.020508
-0.341797,-0.196411,0.758667
-0.035400,0.172485,1.015137
0.265625,-0.462158,0.866943
-0.520630,0.024658,0.752563
0.473633,-0.273438,1.035522
-0.239136,-0.265381,0.790649
-0.097778,0.208496,1.010864
0.308472,-0.405151,0.911133
-0.538086,0.026123,0.754028
0.436157,-0.201782,1.073120
-0.125122,-0.302734,0.827148
-0.135498,0.180786,1.002808
0.342651,-0.408081,0.922241
-0.535767,0.039673,0.766846
0.408447,-0.166138,1.055054
-0.028809,-0.384033,0.835327
-0.192871,0.178345,0.980469
0.382324,-0.365601,0.957520
-0.512085,-0.002563,0.764648
0.373657,-0.156494,1.045532
0.024780,-0.432739,0.827271
-0.240112,0.172974,0.962646
0.431396,-0.351562,0.993652
-0.502197,-0.043945,0.757080
0.319824,-0.113525,1.044556
0.085327,-0.471802,0.836426
-0.271973,0.125122,0.918823
0.467896,-0.284180,1.035278
-0.468506,-0.069458,0.769653
0.247314,-0.045776,1.042480
0.117310,-0.490356,0.842773
-0.318604,0.101440,0.921021
0.500977,-0.271362,1.065186
-0.436768,-0.109009,0.769409
0.197998,0.024414,1.051147
0.185913,-0.421875,0.893799
-0.362915,0.048340,0.874268
0.520142,-0.250366,1.113037
-0.375122,-0.176758,0.767822
0.118530,0.108521,1.072266
0.232544,-0.475220,0.890991
-0.403564,0.054688,0.869385
0.546143,-0.281860,1.104980
-0.321899,-0.211304,0.802246
0.063477,0.156982,1.068604
0.283691,-0.431152,0.928345
-0.428711,0.012207,0.827515
0.550293,-0.266479,1.129517
-0.263916,-0.265991,0.810303
0.027588,0.192871,1.071655
0.334595,-0.403687,0.942871
-0.468994,0.029175,0.821289
0.528076,-0.264893,1.119385
-0.167114,-0.305176,0.864746
-0.008789,0.179443,1.065308
0.352539,-0.370728,0.977173
-0.480347,0.038208,0.819092
0.513306,-0.232544,1.130615
-0.088867,-0.335815,0.879639
-0.046997,0.189575,1.070435
0.388306,-0.348633,1.010864
-0.479004,0.044312,0.818481
0.497070,-0.193237,1.133789
-0.022705,-0.357544,0.912720
-0.085938,0.174438,1.080322
0.423828,-0.345093,1.023926
-0.453613,-0.002075,0.827393
0.472534,-0.120972,1.150146
0.014404,-0.371582,0.891602
-0.132446,0.192627,1.066406
0.460205,-0.326782,1.061401
-0.442627,-0.042603,0.825439
0.447510,-0.080444,1.169556
0.048950,-0.358276,0.889771
-0.182983,0.213501,1.052246
0.477295,-0.283569,1.093384
-0.420654,-0.133301,0.805542
0.420654,-0.075195,1.178345
0.065796,-0.363037,0.902832
-0.255249,0.238892,1.027344
0.529541,-0.276489,1.109619
-0.386597,-0.147827,0.818726
0.330811,-0.025146,1.153198
0.126587,-0.376953,0.924316
-0.277466,0.182129,0.989868
0.556763,-0.242676,1.133057
-0.364990,-0.137329,0.827271
0.247070,0.024658,1.136475
0.203003,-0.453247,0.935181
-0.337891,0.102783,0.920654
0.561401,-0.234741,1.133911
-0.308105,-0.158447,0.839233
0.156006,0.136353,1.134521
0.282593,-0.434692,0.964966
-0.399170,0.059448,0.896484
0.541870,-0.210693,1.157959
-0.251343,-0.254761,0.832031
0.080322,0.190674,1.133423
0.328979,-0.409790,0.976196
-0.441528,0.067017,0.884399
0.555664,-0.215698,1.157593
-0.175781,-0.294556,0.846436
0.002563,0.203125,1.101562
0.367432,-0.376465,0.987793
-0.447021,0.013550,0.860596
0.539185,-0.201660,1.168823
-0.116089,-0.360474,0.843140
-0.048584,0.179810,1.094971
0.396606,-0.368164,1.002808
-0.459839,0.022095,0.842163
0.510010,-0.150391,1.165161
-0.079102,-0.353394,0.847534
-0.131714,0.168335,1.061279
0.420776,-0.376221,1.009399
-0.456665,-0.017944,0.830566
0.463745,-0.085938,1.169434
-0.049561,-0.308350,0.852173
-0.185425,0.193604,1.031860
0.435669,-0.321289,1.048096
-0.471558,-0.071411,0.799683
0.435059,-0.074829,1.169189
-0.023560,-0.333008,0.852539
-0.263306,0.219604,1.016968
0.465332,-0.295044,1.057129
-0.466797,-0.081665,0.788696
0.367798,-0.082031,1.140991
0.030884,-0.364380,0.877319
-0.329224,0.191162,0.965942
0.481079,-0.296875,1.055054
-0.458618,-0.104736,0.765869
0.275513,-0.047485,1.120361
0.087158,-0.387817,0.884766
-0.364380,0.172729,0.918335
0.494873,-0.277100,1.060791
-0.424194,-0.146118,0.783569
0.175293,0.014526,1.086670
0.144531,-0.398438,0.898560
-0.430908,0.123291,0.877930
0.504395,-0.234131,1.097778
-0.386108,-0.197632,0.769043
0.088867,0.074951,1.068604
0.206055,-0.416992,0.897217
-0.486572,0.102295,0.845703
0.503052,-0.237183,1.080566
-0.298828,-0.214844,0.785889
-0.003174,0.128174,1.052612
0.263306,-0.406860,0.903564
-0.516602,0.040894,0.810669
0.480835,-0.210449,1.090088
-0.230225,-0.298462,0.769897
-0.073242,0.134521,1.005249
0.292725,-0.381592,0.914551
-0.545166,0.021362,0.763306
0.464600,-0.190552,1.098633
-0.188599,-0.325684,0.747437
-0.176636,0.163940,0.978027
0.329346,-0.351196,0.938477
-0.554321,-0.025635,0.750854
0.422119,-0.169434,1.087402
-0.148193,-0.376221,0.750488
-0.255859,0.192383,0.963867
0.367310,-0.354492,0.949341
-0.569702,-0.005493,0.756958
0.353271,-0.161133,1.061646
-0.113647,-0.375977,0.764526
-0.317383,0.169434,0.907104
0.379150,-0.294922,0.979126
-0.546997,-0.033691,0.739868
0.264282,-0.091553,1.045776
-0.057495,-0.391113,0.793091
-0.395508,0.165405,0.893921
0.398804,-0.266846,1.010376
-0.525513,-0.078979,0.702759
0.169678,0.010986,1.036743
0.034790,-0.408447,0.821045
-0.470093,0.141602,0.853760
0.419922,-0.258667,1.020996
-0.484497,-0.136597,0.694092
0.075562,0.119507,1.033691
0.090576,-0.408081,0.823486
-0.522949,0.144775,0.847046
0.431030,-0.274536,1.004517
-0.407959,-0.181152,0.733887
0.008667,0.143677,1.008179
0.129639,-0.377930,0.841797
-0.569214,0.110962,0.794189
0.442505,-0.280151,1.012451
-0.357666,-0.270020,0.713379
-0.030762,0.166016,1.000732
0.159790,-0.381958,0.835327
-0.579224,0.123779,0.787598
0.446167,-0.269531,1.012207
-0.322876,-0.275391,0.714722
-0.086792,0.171997,0.981567
0.222900,-0.413452,0.850586
-0.588501,0.127808,0.781250
0.428833,-0.206909,1.021851
-0.288574,-0.293701,0.708984
-0.124756,0.142700,0.973877
0.255127,-0.425049,0.867676
-0.618286,0.122437,0.756958
0.427734,-0.184082,1.029053
-0.238770,-0.314087,0.710449
-0.177979,0.183350,0.959229
0.288574,-0.404907,0.888184
-0.614136,0.091064,0.756836
0.414307,-0.182861,1.023804
-0.197510,-0.297852,0.733765
-0.238647,0.211792,0.937622
0.322388,-0.385132,0.902100
-0.611450,0.073486,0.727783
0.388184,-0.130005,1.026001
-0.168579,-0.332275,0.727295
-0.261353,0.196411,0.922119
0.346558,-0.368530,0.911987
-0.607666,0.064331,0.727173
0.344727,-0.103271,1.014404
-0.123047,-0.359497,0.732422
-0.320557,0.196045,0.891846
0.380615,-0.361450,0.920898
-0.584839,0.031128,0.720581
0.276611,-0.050415,1.003296
-0.070801,-0.376709,0.747314
-0.362793,0.199707,0.875854
0.396484,-0.323608,0.936523
-0.572876,-0.012573,0.703125
0.228760,-0.029907,0.990601
-0.032471,-0.367188,0.758057
-0.414185,0.198486,0.851685
0.408813,-0.277588,0.954834
-0.533691,-0.074707,0.710693
0.172729,-0.000366,0.998535
0.014648,-0.392578,0.786865
-0.481567,0.222900,0.838989
0.422974,-0.229370,0.967529
-0.447754,-0.068237,0.755493
0.087891,0.075684,1.008301
0.098755,-0.401245,0.814941
-0.540405,0.184692,0.817017
0.427856,-0.185913,0.989624
-0.368896,-0.156372,0.734497
-0.013306,0.138550,0.985474
0.196899,-0.411255,0.849487
-0.579224,0.117065,0.772461
0.437134,-0.175171,1.021362
-0.250122,-0.228027,0.746338
-0.125122,0.234009,0.974976
0.281982,-0.379883,0.883667
-0.580322,0.071533,0.758423
0.427612,-0.181641,1.034790
-0.169067,-0.294434,0.756348
-0.185303,0.216675,0.934814
0.337280,-0.340942,0.905029
-0.603271,0.082031,0.751221
0.380005,-0.146973,1.015381
-0.072021,-0.368652,0.763306
-0.265381,0.219482,0.903320
0.359253,-0.302002,0.921753
-0.575073,0.024658,0.739258
0.312256,-0.092163,1.000854
-0.021240,-0.421143,0.764038
-0.338379,0.170166,0.852417
0.406372,-0.278320,0.939209
-0.547729,0.004272,0.722534
0.236206,-0.025391,0.990845
0.030762,-0.420532,0.769409
-0.384644,0.145142,0.835327
0.426270,-0.265503,0.964111
-0.503174,-0.010376,0.738159
0.140747,0.058350,0.999023
0.071655,-0.420044,0.792236
-0.452026,0.128906,0.802612
0.452026,-0.247803,1.003784
-0.452637,-0.079590,0.740234
0.073853,0.125244,1.005005
0.137573,-0.420410,0.807251
-0.510620,0.111694,0.774170
0.463257,-0.259888,1.003662
-0.392334,-0.140381,0.750366
0.015747,0.168335,1.022705
0.191284,-0.411377,0.839355
-0.533325,0.091553,0.763428
0.454224,-0.230103,1.013550
-0.326294,-0.169189,0.769043
-0.039062,0.166504,1.002441
0.264648,-0.449097,0.869141
-0.550415,0.070435,0.750610
0.433472,-0.203613,1.021240
-0.248901,-0.214600,0.775879
-0.102661,0.195312,0.984985
0.301270,-0.435791,0.893066
-0.566528,0.042969,0.746216
0.425049,-0.203125,1.022705
-0.180054,-0.265991,0.779663
-0.144775,0.208618,0.973267
0.327881,-0.364990,0.921143
-0.562012,0.016113,0.746094
0.401733,-0.197754,1.031006
-0.100098,-0.348022,0.796021
-0.195435,0.176514,0.938843
0.363281,-0.362427,0.932861
-0.535278,0.057739,0.762207
0.368164,-0.147095,1.022827
-0.043579,-0.389282,0.798218
-0.223022,0.123901,0.913940
0.376099,-0.348999,0.947266
-0.529297,-0.029297,0.734375
0.338257,-0.098389,1.035889
-0.012573,-0.431274,0.767578
-0.265381,0.144897,0.901123
0.414307,-0.378540,0.951294
-0.521240,-0.077271,0.736328
0.302368,-0.120483,1.010132
0.042358,-0.433960,0.800537
-0.318604,0.140625,0.881836
0.427612,-0.337646,0.976685
-0.485840,-0.105835,0.746460
0.255493,-0.085938,1.013062
0.080200,-0.452515,0.806396
-0.352783,0.136719,0.868042
0.463745,-0.303223,0.995239
-0.471680,-0.111694,0.746338
0.199219,-0.055054,1.009155
0.122559,-0.477783,0.826294
-0.384521,0.101318,0.844360
0.465942,-0.246826,1.028320
-0.418701,-0.154541,0.753296
0.132812,0.025391,1.033081
0.182129,-0.506592,0.835938
-0.425537,0.074219,0.822998
0.482666,-0.238525,1.049805
-0.365601,-0.192139,0.750244
0.056152,0.100464,1.041138
0.265869,-0.524902,0.873901
-0.462891,0.036499,0.794922
0.487793,-0.231079,1.060303
-0.284180,-0.204834,0.793213
-0.025879,0.149658,1.026001
0.323853,-0.519531,0.902222
-0.479126,-0.017212,0.777100
0.468384,-0.169189,1.093750
-0.191162,-0.247192,0.812012
-0.092041,0.221558,1.043579
0.367188,-0.452881,0.954834
-0.495483,-0.022095,0.791748
0.456421,-0.170898,1.110718
-0.104736,-0.297485,0.843140
-0.131348,0.246948,1.048706
0.400513,-0.387085,0.979126
-0.493530,-0.025513,0.797241
0.427368,-0.152954,1.109253
0.000854,-0.364380,0.864014
-0.180298,0.207397,1.018677
0.436890,-0.378784,0.994385
-0.492920,-0.036133,0.787476
0.393311,-0.119751,1.098755
0.079956,-0.409912,0.871582
-0.207764,0.205078,1.015503
0.465210,-0.294922,1.051147
-0.471680,-0.058594,0.779907
0.352295,-0.094849,1.083862
0.100220,-0.441650,0.885986
-0.270020,0.158081,0.985840
0.504639,-0.262085,1.084961
-0.417236,-0.090210,0.799927
0.277100,-0.024780,1.084473
0.149292,-0.439209,0.918701
-0.331177,0.139404,0.962158
0.539917,-0.260498,1.126709
-0.378052,-0.157715,0.800415
0.204956,0.066040,1.096313
0.213989,-0.439209,0.934692
-0.373535,0.099243,0.926514
0.552979,-0.263794,1.127563
-0.319092,-0.196045,0.821411
0.144653,0.127197,1.103760
0.270752,-0.438110,0.941040
-0.368164,0.048584,0.882324
0.557739,-0.230835,1.146606
-0.292725,-0.222046,0.807861
0.088989,0.145508,1.083374
0.336182,-0.434814,0.973633
-0.400757,0.043091,0.879150
0.537598,-0.197998,1.142334
-0.239868,-0.216553,0.845215
0.047974,0.168579,1.097168
0.360107,-0.394409,0.993774
-0.440186,0.040527,0.859497
0.556641,-0.192627,1.175781
-0.155396,-0.268433,0.870605
-0.016113,0.218628,1.099487
0.391846,-0.373047,1.012817
-0.458374,0.009888,0.846924
0.531006,-0.189209,1.174316
-0.073120,-0.330933,0.884155
-0.042358,0.197632,1.103149
0.411743,-0.357300,1.009521
-0.457031,0.003052,0.850342
0.506592,-0.160767,1.165283
-0.016968,-0.387817,0.886963
-0.109497,0.193848,1.081787
0.445923,-0.342773,1.049316
-0.442261,-0.030640,0.842163
0.473633,-0.078735,1.189941
-0.013184,-0.331055,0.867432
-0.150269,0.223145,1.081177
0.461304,-0.336182,1.060547
-0.420776,-0.072876,0.845581
0.444580,-0.061279,1.178345
-0.001221,-0.319824,0.875854
-0.215576,0.222534,1.049805
0.504639,-0.316895,1.089111
-0.447510,-0.073730,0.828613
0.419922,-0.097412,1.166504
0.042603,-0.311523,0.916992
-0.254761,0.217041,1.017578
0.517944,-0.261230,1.110229
-0.433105,-0.092041,0.807007
0.354858,-0.044556,1.161255
0.097168,-0.380371,0.923462
-0.312500,0.204102,0.984741
0.534912,-0.269165,1.112427
-0.379150,-0.143188,0.797729
0.256470,0.021729,1.133179
0.157715,-0.399658,0.930420
-0.347656,0.127808,0.927002
0.540283,-0.239868,1.123535
-0.348999,-0.178833,0.792969
0.169067,0.128540,1.135376
0.228882,-0.422119,0.933228
-0.411377,0.085083,0.901978
0.544434,-0.255371,1.123535
-0.335205,-0.224731,0.778931
0.106445,0.183350,1.120850
0.250610,-0.373657,0.932983
-0.434082,0.036621,0.881714
0.538940,-0.258545,1.126099
-0.280884,-0.300537,0.796875
0.031738,0.175781,1.093140
0.281616,-0.393921,0.922852
-0.450317,0.042114,0.864624
0.520874,-0.220703,1.126587
-0.215210,-0.316895,0.809448
-0.008057,0.141602,1.078125
0.319092,-0.401123,0.948242
-0.490845,0.042358,0.832886
0.491577,-0.183960,1.108521
-0.179810,-0.288940,0.804443
-0.064575,0.151489,1.042603
0.338867,-0.377563,0.959351
-0.489502,0.005493,0.804321
0.468750,-0.147095,1.120483
-0.172119,-0.315796,0.776611
-0.125366,0.156372,1.028564
0.369873,-0.402466,0.960693
-0.524902,-0.004517,0.789795
0.444702,-0.154053,1.110107
-0.146851,-0.335083,0.769897
-0.206909,0.207397,1.017944
0.395264,-0.387573,0.971069
-0.524780,-0.032471,0.782227
0.386719,-0.129883,1.102295
-0.113892,-0.341431,0.776123
-0.274536,0.203003,0.973999
0.411743,-0.321899,1.003296
-0.515137,-0.078369,0.765503
0.340210,-0.137207,1.094238
-0.072021,-0.373047,0.804932
-0.348999,0.180664,0.916504
0.418823,-0.286255,1.004883
-0.499146,-0.078491,0.745728
0.260864,-0.071655,1.075073
-0.003540,-0.407593,0.820435
-0.418457,0.180298,0.893433
0.439087,-0.286621,1.024292
-0.491577,-0.113525,0.732666
0.163818,0.021851,1.059692
0.074585,-0.441406,0.836670
-0.484253,0.140869,0.852173
0.437500,-0.265137,1.026733
-0.424072,-0.163818,0.739136
0.075806,0.119995,1.047241
0.123047,-0.376831,0.843018
-0.549194,0.107300,0.819702
0.461426,-0.324829,1.012695
-0.359741,-0.258423,0.739014
0.016846,0.111694,1.025513
0.170044,-0.367432,0.839844
-0.568970,0.123901,0.779907
0.459717,-0.296265,1.026855
-0.283813,-0.346313,0.727173
-0.061279,0.099487,0.994873
0.231934,-0.389526,0.871948
-0.607422,0.120972,0.754272
0.414307,-0.227417,1.012573
-0.225830,-0.370361,0.716675
-0.139404,0.135498,0.997681
0.264038,-0.364014,0.898682
-0.599121,0.052246,0.755371
0.390869,-0.195923,1.031006
-0.191650,-0.370972,0.716064
-0.231079,0.168579,0.947510
0.306274,-0.329834,0.909180
-0.591675,0.036255,0.728271
0.356934,-0.174561,1.021118
-0.159058,-0.355591,0.746704
-0.294067,0.172119,0.915405
0.346069,-0.354126,0.928955
-0.614014,0.019897,0.716553
0.331787,-0.130615,1.037720
-0.126099,-0.407104,0.722778
-0.362915,0.196411,0.876099
0.381348,-0.335815,0.937012
-0.567627,0.006104,0.738647
0.255493,-0.083008,1.021240
-0.109131,-0.367310,0.752075
-0.392334,0.185181,0.879150
0.396729,-0.329224,0.955322
-0.564819,-0.042236,0.710693
0.193970,-0.012695,1.015869
-0.032715,-0.408325,0.775269
-0.457886,0.227905,0.878540
0.411255,-0.297119,0.956421
-0.532715,-0.054321,0.717285
0.108521,0.065430,0.996826
0.043091,-0.391357,0.820679
-0.502319,0.183716,0.841187
0.421387,-0.280640,0.972778
-0.465332,-0.085327,0.745605
0.039429,0.132080,1.005127
0.088135,-0.394165,0.811646
-0.552124,0.174927,0.829590
0.439575,-0.244507,1.010986
-0.412476,-0.127319,0.732544
-0.006470,0.191772,1.009155
0.159180,-0.392456,0.820435
-0.585938,0.124634,0.786011
0.438843,-0.237915,1.010742
-0.313843,-0.227539,0.740112
-0.046143,0.174683,0.976318
0.195557,-0.346924,0.846924
-0.606567,0.110596,0.756348
0.441895,-0.229492,1.026489
-0.225098,-0.328613,0.728638
-0.110718,0.193970,0.955078
0.247681,-0.341064,0.864136
-0.638672,0.142456,0.733032
0.416992,-0.220215,1.013184
-0.171753,-0.373169,0.734985
-0.139160,0.152466,0.935059
0.294922,-0.325073,0.885254
-0.644653,0.189209,0.739380
0.388306,-0.193359,0.993530
-0.132690,-0.395508,0.732422
-0.207031,0.133911,0.908203
0.340210,-0.319092,0.914795
-0.614746,0.125854,0.725342
0.345825,-0.105347,1.005737
-0.077637,-0.396606,0.736084
-0.274658,0.170776,0.890381
0.367798,-0.321533,0.928345
-0.581421,0.050171,0.725830
0.308350,-0.035889,1.016724
-0.064209,-0.390381,0.730835
-0.330200,0.178711,0.864502
0.392334,-0.332642,0.944336
-0.552246,-0.015991,0.725708
0.269775,-0.018066,1.007935
-0.029297,-0.412476,0.740967
-0.384644,0.207031,0.848022
0.417847,-0.287964,0.941772
-0.531372,-0.034180,0.716553
0.231323,-0.039185,0.993042
0.004272,-0.418579,0.764893
-0.431274,0.203491,0.829346
0.440796,-0.270996,0.965210
-0.501831,-0.063599,0.734375
0.152222,-0.004639,0.990112
0.050781,-0.428955,0.781616
-0.442261,0.159546,0.820435
0.448364,-0.233887,0.984009
-0.458374,-0.057129,0.762329
0.069702,0.110596,1.001343
0.121338,-0.438354,0.803101
-0.492310,0.113403,0.779175
0.437256,-0.204834,0.999023
-0.397095,-0.106079,0.746094
0.012329,0.162598,1.005127
0.192627,-0.423584,0.832031
-0.557861,0.098267,0.767212
0.450195,-0.227051,1.010498
-0.318848,-0.180664,0.748413
-0.058350,0.222534,1.006958
0.249878,-0.420776,0.844727
-0.581787,0.082275,0.755615
0.447754,-0.230347,1.025024
-0.217773,-0.257324,0.773926
-0.130127,0.227417,0.973145
0.287964,-0.367432,0.882690
-0.573730,0.070435,0.760132
0.437744,-0.214844,1.030151
-0.139038,-0.306152,0.786011
-0.202271,0.214966,0.943970
0.331787,-0.375366,0.909302
-0.566162,0.029419,0.750000
0.390869,-0.160278,1.034424
-0.056885,-0.397461,0.768433
-0.256104,0.235474,0.928833
0.376343,-0.328491,0.930054
-0.544800,-0.025757,0.732422
0.314575,-0.135986,0.997803
-0.000366,-0.434814,0.784546
-0.292358,0.177612,0.884766
0.396973,-0.298340,0.947144
-0.522583,0.002930,0.760986
0.250977,-0.078247,0.992920
0.044800,-0.482666,0.776978
-0.346313,0.116821,0.838135
0.441772,-0.292114,0.979126
-0.477295,-0.045532,0.754883
0.157959,0.046753,1.010620
0.077393,-0.475708,0.787842
-0.416138,0.076416,0.825562
0.455200,-0.279175,1.009888
-0.451782,-0.088257,0.741333
0.096802,0.093506,1.014771
0.167358,-0.434570,0.841797
-0.498169,0.072632,0.773682
0.454712,-0.308350,1.006470
-0.366455,-0.218262,0.747925
0.025269,0.169922,1.035278
0.219604,-0.390259,0.862183
-0.503662,0.033936,0.761108
0.469849,-0.313477,1.014648
-0.282471,-0.271362,0.772583
-0.069702,0.204834,1.013794
0.284424,-0.401245,0.895386
-0.513794,0.032959,0.768433
0.442505,-0.254272,1.032593
-0.207642,-0.286011,0.786743
-0.112549,0.192627,1.000000
0.319580,-0.399292,0.923584
-0.531006,0.013672,0.760376
0.431030,-0.201538,1.059570
-0.122314,-0.322021,0.808838
-0.176392,0.202881,0.989014
0.369141,-0.434204,0.925903
-0.530029,0.001221,0.771729
0.400391,-0.179810,1.047485
-0.029419,-0.371704,0.823364
-0.308350,0.137695,0.861206
0.412720,-0.303467,0.959717
-0.507080,-0.073608,0.733521
0.233154,-0.050537,0.999268
0.070435,-0.445801,0.793701
-0.375732,0.136108,0.848022
0.435547,-0.336426,0.965942
-0.492554,-0.136841,0.729126
0.156372,0.011353,1.002441
0.102051,-0.460449,0.784302
-0.408691,0.123779,0.831421
0.446411,-0.272095,0.987915
-0.437256,-0.125610,0.748291
0.090210,0.030029,0.999390
0.162842,-0.486694,0.809570
-0.456055,0.072754,0.783936
0.453491,-0.232300,1.024780
-0.356812,-0.174805,0.762207
0.012695,0.113159,1.007812
0.234741,-0.494873,0.843872
-0.492310,0.053101,0.758179
0.463501,-0.213989,1.050537
-0.285400,-0.197510,0.786743
-0.054810,0.141846,1.010620
0.282104,-0.506958,0.864014
-0.526123,0.038330,0.750366
0.439331,-0.173218,1.054321
-0.178467,-0.224976,0.814575
-0.130249,0.210815,1.017822
0.336914,-0.457275,0.915039
-0.519043,0.002197,0.767700
0.424805,-0.200806,1.049805
-0.094360,-0.317627,0.799072
-0.183716,0.241577,1.003174
0.389404,-0.387329,0.956543
-0.520630,-0.024292,0.765503
0.388062,-0.167969,1.054321
-0.005737,-0.419189,0.813843
-0.223022,0.191040,0.965088
0.423218,-0.352783,0.981689
-0.510376,-0.062134,0.744019
0.336670,-0.140747,1.033447
0.075806,-0.462769,0.833740
-0.274292,0.155884,0.929077
0.442871,-0.302490,1.020996
-0.481323,-0.088989,0.748291
0.273315,-0.085693,1.026733
0.100464,-0.446289,0.850098
-0.321899,0.127319,0.935059
0.480469,-0.304565,1.043579
-0.438232,-0.112305,0.774658
0.201294,0.004761,1.049072
0.157959,-0.470093,0.866455
-0.380249,0.112915,0.890625
0.501709,-0.281006,1.057251
-0.390381,-0.144043,0.774414
0.162354,0.063110,1.060303
0.220947,-0.467651,0.894775
-0.405273,0.071655,0.853271
0.522095,-0.263794,1.086304
-0.345459,-0.199829,0.777588
0.094727,0.110596,1.064331
0.265259,-0.468262,0.906128
-0.429688,0.045654,0.833374
0.524048,-0.261597,1.103760
-0.286621,-0.245117,0.794556
0.033813,0.162354,1.061279
0.310669,-0.450806,0.933594
-0.444946,0.030029,0.829590
0.523193,-0.247437,1.105103
-0.233765,-0.270752,0.811035
-0.012085,0.208740,1.056519
0.353394,-0.413330,0.958740
-0.446777,-0.002319,0.825928
0.529419,-0.252808,1.128784
-0.187134,-0.286377,0.848633
-0.053711,0.216187,1.061768
0.390869,-0.380615,0.994263
-0.444092,0.017944,0.836182
0.489990,-0.186646,1.132812
-0.127563,-0.326416,0.847412
-0.075928,0.213135,1.065796
0.430298,-0.377563,1.020386
-0.456299,-0.008911,0.828003
0.473267,-0.166016,1.132080
-0.062622,-0.314697,0.881348
-0.112305,0.203247,1.055664
0.445068,-0.352783,1.031006
-0.452759,-0.036255,0.821899
0.461548,-0.140259,1.149658
0.013916,-0.354004,0.901611
-0.174683,0.232910,1.055786
0.476685,-0.352661,1.048218
-0.430664,-0.059204,0.839355
0.437988,-0.108154,1.162964
0.042480,-0.356812,0.899780
-0.194336,0.241577,1.052002
0.503052,-0.301147,1.068237
-0.440796,-0.087769,0.816650
0.401123,-0.097046,1.155151
0.069946,-0.377319,0.913940
-0.242798,0.253540,1.043457
0.500732,-0.254395,1.097900
-0.413208,-0.095825,0.820068
0.364136,-0.060547,1.162354
0.124023,-0.425537,0.937622
-0.287109,0.240234,1.029297
0.515747,-0.240967,1.105347
-0.390015,-0.122314,0.811646
0.307251,-0.019043,1.158691
0.176636,-0.415649,0.952148
-0.311890,0.191284,0.990967
0.541016,-0.254517,1.115479
-0.350464,-0.161499,0.824829
0.230347,0.039795,1.124756
0.237915,-0.404053,0.967285
-0.354126,0.116821,0.923950
0.558716,-0.226318,1.145142
-0.309692,-0.186157,0.823975
0.140137,0.127319,1.126709
0.310791,-0.462280,0.971558
-0.387939,0.087158,0.913086
0.541016,-0.181396,1.152344
-0.266357,-0.209717,0.830811
0.073853,0.143677,1.093384
0.344849,-0.417847,0.993164
-0.416992,0.062012,0.893066
0.546509,-0.157959,1.177124
-0.187500,-0.258545,0.849609
-0.008667,0.196167,1.099121
0.379272,-0.382446,0.996460
-0.437134,-0.005493,0.858276
0.526733,-0.157349,1.173462
-0.091797,-0.314209,0.868896
-0.053833,0.177490,1.076416
0.391479,-0.347656,1.007324
-0.455811,-0.020264,0.839844
0.513550,-0.176880,1.160522
-0.059204,-0.344604,0.859009
-0.132568,0.196167,1.064819
0.427734,-0.321411,1.031250
-0.459229,-0.031738,0.823853
0.466309,-0.100098,1.181641
-0.021729,-0.350952,0.861816
-0.206177,0.190918,1.029053
0.455200,-0.313599,1.057617
-0.475220,-0.072021,0.795410
0.402710,-0.073975,1.154297
0.035645,-0.336914,0.891357
-0.274658,0.207642,1.010742
0.487793,-0.271240,1.077637
-0.440552,-0.124756,0.773315
0.330688,-0.043457,1.149048
0.073975,-0.375488,0.886597
-0.318604,0.180664,0.969849
0.513428,-0.287598,1.086792
-0.430054,-0.114014,0.785889
0.250488,-0.012207,1.125610
0.127808,-0.422119,0.891602
-0.362549,0.143066,0.934570
0.510986,-0.236328,1.099121
-0.412842,-0.124512,0.790771
0.179810,0.014526,1.096313
0.201782,-0.446899,0.923096
-0.420654,0.126221,0.894897
0.500732,-0.208618,1.108398
-0.372314,-0.176025,0.767212
0.107178,0.087036,1.086670
0.244507,-0.437622,0.926636
-0.453491,0.083862,0.866089
0.499634,-0.182373,1.119263
-0.294922,-0.236694,0.779541
-0.002563,0.128418,1.057373
0.280518,-0.405762,0.924561
-0.480713,0.025635,0.829346
0.497192,-0.179932,1.116089
-0.211426,-0.277588,0.788940
-0.077148,0.147949,1.018433
0.316162,-0.371826,0.943848
-0.497559,-0.015503,0.780273
0.457764,-0.156494,1.110962
-0.162109,-0.337891,0.771118
-0.173462,0.171631,0.998169
0.370117,-0.370483,0.959595
-0.532227,-0.025391,0.778076
0.419067,-0.174072,1.104736
-0.123901,-0.361938,0.777222
-0.262939,0.199585,0.975708
0.403076,-0.317993,0.983032
-0.562500,0.003174,0.768066
0.351074,-0.166870,1.071777
-0.055664,-0.401855,0.805786
-0.342163,0.171631,0.917603
0.409302,-0.260254,1.007080
-0.518921,-0.101929,0.710693
0.249756,-0.059814,1.080200
0.024658,-0.402466,0.834961
-0.434448,0.187866,0.901489
0.450439,-0.305664,1.016968
-0.490479,-0.115601,0.734497
0.125854,0.044067,1.038330
0.113037,-0.395630,0.868530
-0.491333,0.127441,0.849487
0.453857,-0.259399,1.038940
-0.414917,-0.162109,0.743774
0.018677,0.119019,1.031250
0.186157,-0.406616,0.866089
-0.537598,0.067505,0.809814
0.435425,-0.229614,1.045898
-0.291382,-0.288208,0.737427
-0.061279,0.146973,0.997070
0.217773,-0.378662,0.870239
-0.559204,0.039429,0.773193
0.432129,-0.217651,1.048096
-0.244141,-0.345947,0.705811
-0.144531,0.176880,0.983032
0.275024,-0.386963,0.874756
-0.581543,0.047729,0.767944
0.404419,-0.198853,1.035400
-0.188354,-0.351807,0.722412
-0.235107,0.181885,0.954102
0.327271,-0.359863,0.920532
-0.599243,0.022949,0.734497
0.367798,-0.148560,1.040894
-0.152100,-0.357056,0.739136
-0.327026,0.186646,0.916748
0.382080,-0.355591,0.954224
-0.577515,-0.016113,0.728760
0.274414,-0.086304,1.029419
-0.100220,-0.374390,0.757690
-0.400024,0.186279,0.872070
0.401245,-0.308350,0.972290
-0.553711,-0.052124,0.720215
0.180908,-0.005981,1.030273
-0.015625,-0.420654,0.784058
-0.470215,0.179443,0.860718
0.405029,-0.252563,0.988892
-0.527222,-0.100342,0.697876
0.109741,0.040161,1.019043
0.075806,-0.430908,0.814087
-0.547607,0.185913,0.829224
0.417236,-0.229980,1.000732
-0.429565,-0.132202,0.732056
0.015259,0.134766,1.011841
0.147583,-0.418335,0.831299
-0.577515,0.151489,0.812866
0.425415,-0.220703,1.005493
-0.357544,-0.193481,0.717041
-0.065796,0.174805,0.985474
0.216553,-0.404785,0.862671
-0.587280,0.107178,0.785400
0.408081,-0.182983,1.022949
-0.282104,-0.263306,0.710327
-0.131836,0.187134,0.967163
0.280762,-0.372437,0.894897
-0.611694,0.071655,0.748535
0.403564,-0.165039,1.024048
-0.203125,-0.331299,0.706421
-0.208740,0.199951,0.935669
0.328003,-0.390503,0.901733
-0.613525,0.067627,0.732910
0.367188,-0.139160,1.014648
-0.153320,-0.342896,0.712769
-0.271240,0.206299,0.918335
0.347412,-0.345581,0.916748
-0.591797,0.022705,0.722900
0.316650,-0.096313,1.018188
-0.100098,-0.392334,0.730835
-0.347900,0.207520,0.869995
0.377930,-0.311157,0.927856
-0.572876,0.002319,0.703979
0.255005,-0.051758,1.008423
-0.046265,-0.408081,0.749756
-0.408447,0.209839,0.869507
0.402588,-0.272583,0.945679
-0.550537,-0.029419,0.709106
0.164429,0.008667,0.998291
0.027710,-0.429932,0.781738
-0.468628,0.211548,0.853027
0.412842,-0.237061,0.967773
-0.491821,-0.078857,0.729980
0.074341,0.077393,0.998169
0.095215,-0.431519,0.807129
-0.525879,0.180664,0.829468
0.426880,-0.184570,1.001831
-0.397827,-0.114502,0.753174
0.009521,0.136963,1.011108
0.173218,-0.435303,0.827637
-0.581055,0.133667,0.779663
0.438232,-0.168335,1.027954
-0.279175,-0.220459,0.739868
-0.098999,0.221680,0.984253
0.255493,-0.406250,0.856201
-0.600098,0.109009,0.766113
0.428101,-0.166260,1.031616
-0.180054,-0.283936,0.750854
-0.165649,0.221069,0.949219
0.309326,-0.326416,0.891846
-0.604126,0.063354,0.736328
0.391724,-0.164917,1.024658
-0.110229,-0.382446,0.737793
-0.253418,0.200562,0.894897
0.362793,-0.314941,0.914185
-0.571655,0.062866,0.744385
0.306763,-0.082153,1.014893
-0.027954,-0.431885,0.748657
-0.331177,0.175293,0.861694
0.386108,-0.265991,0.934937
-0.546509,0.009155,0.724121
0.226929,-0.022461,0.984985
0.021851,-0.413574,0.767700
-0.414795,0.172974,0.830444
0.426392,-0.242065,0.978027
-0.473511,-0.053345,0.747803
0.109741,0.091675,1.010620
0.069824,-0.413330,0.789185
-0.492920,0.148315,0.812744
0.462524,-0.227173,1.009033
-0.406494,-0.083374,0.755371
0.020508,0.177490,1.009277
0.172974,-0.384033,0.831909
-0.572510,0.101807,0.749023
0.450684,-0.242676,1.017944
-0.300659,-0.214233,0.754517
-0.052246,0.213745,0.988525
0.258179,-0.344116,0.866699
-0.583374,0.112183,0.744263
0.434692,-0.203125,1.030273
-0.180054,-0.324097,0.760376
-0.097534,0.160889,0.965332
0.288452,-0.326782,0.892090
-0.588867,0.107422,0.760132
0.402100,-0.176392,1.019043
-0.086792,-0.372681,0.775391
-0.186279,0.158447,0.927734
0.344238,-0.318359,0.915161
-0.584351,0.122559,0.751099
0.358765,-0.127075,0.993164
-0.032593,-0.380615,0.793457
-0.259033,0.148193,0.899536
0.370483,-0.337280,0.929810
-0.554321,-0.015259,0.729248
0.301147,-0.079224,0.997070
0.009766,-0.398438,0.768188
-0.327271,0.161865,0.850464
0.403931,-0.283325,0.965332
-0.526367,-0.093262,0.723389
0.225952,-0.067383,0.988525
0.054321,-0.450073,0.772827
-0.373535,0.169434,0.848267
0.433472,-0.289062,0.957764
-0.502563,-0.096680,0.729980
0.164429,-0.012207,1.001953
0.094604,-0.465820,0.790283
-0.432251,0.155640,0.812988
0.448853,-0.258667,0.988281
-0.443237,-0.124756,0.753662
0.078857,0.041992,1.003906
0.137329,-0.487061,0.807007
-0.482788,0.097534,0.789673
0.487671,-0.266724,1.017090
-0.372437,-0.149292,0.761230
-0.024902,0.170898,1.006348
0.220581,-0.489502,0.826538
-0.491699,0.032593,0.765625
0.472290,-0.232178,1.042969
-0.290039,-0.160400,0.785767
-0.100708,0.202393,0.987793
0.281006,-0.470581,0.853149
-0.539062,0.015259,0.739258
0.443359,-0.202515,1.044067
-0.178223,-0.252319,0.812012
-0.144897,0.218018,0.999023
0.313232,-0.411621,0.903198
-0.563843,0.028442,0.750977
0.408691,-0.217773,1.038696
-0.081299,-0.356201,0.810059
-0.207642,0.228638,0.973877
0.357178,-0.350220,0.947266
-0.536987,-0.018555,0.753052
0.366943,-0.178955,1.021729
-0.010620,-0.438843,0.798950
-0.251709,0.153564,0.906860
0.405151,-0.345459,0.962891
-0.510986,-0.050659,0.746948
0.285767,-0.098755,1.018921
0.064453,-0.501343,0.795044
-0.310059,0.131958,0.883789
0.440918,-0.311646,0.984497
-0.475708,-0.073608,0.740479
0.217529,-0.018677,1.019775
0.096313,-0.443237,0.808105
-0.362427,0.100952,0.864990
0.459961,-0.306274,1.018433
-0.460815,-0.152466,0.734253
0.146729,0.032471,1.028564
0.171631,-0.462891,0.847534
-0.425415,0.093506,0.834961
0.483154,-0.265503,1.041138
-0.371216,-0.170410,0.766602
0.051392,0.104980,1.028198
0.244629,-0.505005,0.863525
-0.456299,0.035645,0.785400
0.476074,-0.230713,1.049927
-0.293335,-0.221558,0.781250
-0.026855,0.139038,1.029907
0.321655,-0.507080,0.894531
-0.487793,0.041504,0.784302
0.457764,-0.189209,1.054932
-0.203491,-0.221313,0.832153
-0.095947,0.176636,1.028564
0.351318,-0.476929,0.931152
-0.501831,-0.032715,0.766479
0.438843,-0.149902,1.099854
-0.080444,-0.307861,0.832153
-0.170898,0.234985,1.032227
0.411377,-0.422363,0.960083
-0.476685,-0.063110,0.790039
0.386353,-0.137085,1.073486
0.005005,-0.367188,0.843018
-0.206055,0.182373,0.980835
0.456665,-0.340942,1.013306
-0.460083,-0.089722,0.778931
0.332397,-0.092407,1.080078
0.075562,-0.458252,0.834595
-0.253540,0.156616,0.975830
0.481934,-0.301514,1.052246
-0.446045,-0.090942,0.779175
0.251587,0.003540,1.070557
0.133057,-0.475586,0.857178
-0.328125,0.137085,0.952759
0.517212,-0.274658,1.096680
-0.410400,-0.144165,0.776001
0.191284,0.056519,1.073730
0.216797,-0.448730,0.905762
-0.390747,0.090332,0.891357
0.538818,-0.268066,1.105225
-0.346436,-0.205444,0.781372
0.118042,0.134155,1.073364
0.278442,-0.432373,0.933228
-0.419922,0.038696,0.850586
0.534302,-0.253662,1.118042
-0.274902,-0.249146,0.807007
0.051758,0.177490,1.082397
0.339233,-0.438599,0.961304
-0.453735,0.030273,0.830566
0.525391,-0.216309,1.136841
-0.204956,-0.247681,0.842407
-0.013550,0.190918,1.073364
0.376953,-0.419678,0.984131
-0.446289,0.022827,0.843506
0.504028,-0.149170,1.163818
-0.141968,-0.278809,0.852783
-0.057251,0.214844,1.078125
0.407593,-0.399292,1.002808
-0.467041,-0.007324,0.829712
0.498413,-0.152954,1.148926
-0.045532,-0.333618,0.865967
-0.105957,0.250610,1.093506
0.449463,-0.375244,1.036743
-0.448364,-0.032227,0.844482
0.448486,-0.116821,1.132080
0.011230,-0.321899,0.894043
-0.121216,0.201538,1.079468
0.466797,-0.315918,1.076416
-0.456421,-0.039917,0.817993
0.436401,-0.073486,1.152222
0.028931,-0.349243,0.892334
-0.193604,0.200195,1.051147
0.519897,-0.337769,1.101929
-0.439697,-0.078857,0.820312
0.385742,-0.018433,1.150635
0.052368,-0.347046,0.899170
-0.215454,0.171265,1.027832
0.522217,-0.262817,1.127197
-0.438110,-0.106934,0.798096
0.359619,-0.053833,1.142334
0.121582,-0.387817,0.939941
-0.270264,0.196533,1.022461
0.526245,-0.236084,1.131104
-0.387939,-0.153198,0.799805
0.302246,-0.014404,1.135986
0.173706,-0.404663,0.933716
-0.315918,0.199219,0.982544
0.539185,-0.234863,1.127930
-0.352173,-0.182617,0.815918
0.243286,0.009888,1.122803
0.224243,-0.418945,0.963501
-0.352417,0.138062,0.928589
0.570190,-0.234009,1.145142
-0.316040,-0.192993,0.829224
0.163208,0.079468,1.114746
0.276489,-0.434204,0.967896
-0.377930,0.103760,0.915161
0.564087,-0.202271,1.154663
-0.276489,-0.217041,0.842163
0.089600,0.111572,1.101074
0.312256,-0.427734,0.975098
-0.409790,0.079590,0.889771
0.566895,-0.180542,1.167603
-0.219482,-0.234619,0.857788
0.019165,0.179077,1.097290
0.350220,-0.407837,0.988281
-0.425537,0.020752,0.873901
0.547729,-0.185303,1.174316
-0.151245,-0.262207,0.879639
-0.032104,0.211792,1.100708
0.385986,-0.380249,0.997070
-0.439941,0.010498,0.854004
0.517456,-0.154419,1.161255
-0.066406,-0.302979,0.878418
-0.077271,0.186279,1.070312
0.406860,-0.348999,1.015137
-0.454224,-0.020020,0.833984
0.499268,-0.152222,1.169800
-0.055054,-0.336182,0.854736
-0.150879,0.210693,1.066895
0.446533,-0.325928,1.034424
-0.471436,-0.034668,0.818970
0.440918,-0.113770,1.164795
-0.009155,-0.353516,0.877197
-0.220947,0.199585,1.034546
0.468872,-0.310791,1.059082
-0.465454,-0.036499,0.804199
0.385864,-0.075439,1.161011
0.045532,-0.362183,0.892700
-0.280518,0.198608,0.994263
0.489136,-0.277222,1.082153
-0.443848,-0.093628,0.784180
0.314331,-0.046631,1.136108
0.102539,-0.382080,0.897461
-0.345581,0.168457,0.951782
0.518677,-0.259644,1.096191
-0.391113,-0.158325,0.780151
0.216309,0.025879,1.118408
0.164062,-0.411865,0.914185
-0.397095,0.130493,0.908447
0.534180,-0.242432,1.110474
-0.357666,-0.188965,0.779907
0.108521,0.094727,1.088745
0.228149,-0.425293,0.923950
-0.442993,0.081421,0.874390
0.525635,-0.227051,1.119263
-0.297852,-0.234009,0.791870
0.022095,0.140991,1.074829
0.289062,-0.402466,0.936768
-0.478516,0.026123,0.836304
0.503784,-0.197876,1.122070
-0.191040,-0.312500,0.794556
-0.061768,0.144897,1.026489
0.322876,-0.363892,0.945435
-0.491333,-0.007690,0.795532
0.484009,-0.185303,1.121216
-0.141357,-0.362061,0.773926
-0.161621,0.146362,1.005005
0.370361,-0.366089,0.958618
-0.503052,-0.025635,0.789062
0.432983,-0.142822,1.119873
-0.113403,-0.344849,0.790527
-0.252441,0.177856,0.978271
0.411133,-0.328613,1.002197
-0.515869,-0.063965,0.758057
0.371582,-0.099976,1.111938
-0.070923,-0.329224,0.821045
-0.330078,0.200195,0.960449
0.441772,-0.322632,1.020264
-0.493042,-0.094727,0.747314
0.285278,-0.036499,1.094849
-0.011841,-0.367920,0.823975
-0.383789,0.161865,0.909058
0.461670,-0.322632,1.027466
-0.465820,-0.124756,0.746338
0.190674,0.002441,1.073242
0.080444,-0.400146,0.849854
-0.456421,0.176270,0.874634
0.454590,-0.256470,1.034668
-0.435303,-0.174927,0.765137
0.098267,0.024780,1.034546
0.151855,-0.420044,0.864746
-0.503784,0.132690,0.830322
0.461182,-0.220703,1.052612
-0.343750,-0.204346,0.776245
0.004639,0.091187,1.026367
0.210083,-0.429443,0.885254
-0.530151,0.063354,0.794189
0.455933,-0.200073,1.064453
-0.263916,-0.267944,0.755859
-0.087036,0.137085,1.004639
0.268066,-0.406128,0.904541
-0.540771,0.013916,0.766357
0.427124,-0.183716,1.066772
-0.222168,-0.322510,0.731812
-0.184937,0.171997,0.989258
0.339722,-0.369385,0.937988
-0.591187,0.007690,0.744629
0.378296,-0.163940,1.053467
-0.165283,-0.331177,0.749878
-0.284790,0.173340,0.936279
0.385010,-0.347656,0.968994
-0.578491,-0.019287,0.747803
0.291748,-0.094727,1.048340
-0.095947,-0.395020,0.755493
-0.367188,0.183228,0.902954
0.401367,-0.315063,0.976929
-0.549072,-0.070435,0.719604
0.207886,-0.052856,1.023804
-0.008789,-0.406128,0.800171
-0.443237,0.183350,0.884766
0.406616,-0.240967,1.002686
-0.517822,-0.084839,0.729370
0.105835,0.033569,1.016235
0.083740,-0.458130,0.822388
-0.517578,0.137817,0.821533
0.423950,-0.220459,1.017334
-0.438477,-0.139160,0.732056
-0.004761,0.137451,1.014893
0.187012,-0.429443,0.857300
-0.565674,0.108521,0.803833
0.411377,-0.202393,1.033081
-0.318726,-0.263550,0.706543
-0.087036,0.182251,0.988403
0.237793,-0.382080,0.867798
-0.599609,0.056763,0.760132
0.423706,-0.232178,1.030029
-0.228394,-0.336670,0.713379
-0.199707,0.201416,0.954956
0.299072,-0.370117,0.886719
-0.606689,0.060303,0.755737
0.376221,-0.188354,1.028320
-0.158325,-0.370972,0.731201
-0.263428,0.176147,0.918213
0.340454,-0.340210,0.934937
-0.627075,0.020996,0.713501
0.306152,-0.132690,1.009155
-0.102417,-0.426025,0.722046
-0.356323,0.192505,0.895630
0.386108,-0.304810,0.958008
-0.576538,0.023804,0.713257
0.197266,-0.027832,1.003174
-0.024658,-0.419312,0.778076
-0.438354,0.170654,0.855957
0.398560,-0.281860,0.961060
-0.524536,-0.039795,0.702271
0.100098,0.105225,0.994507
0.063721,-0.355469,0.826294
-0.533081,0.138550,0.818237
0.422974,-0.279419,0.997925
-0.433350,-0.147217,0.720581
0.031738,0.168091,1.005371
0.119873,-0.366943,0.816528
-0.582886,0.132690,0.782349
0.442017,-0.285278,0.996216
-0.328491,-0.247437,0.720215
-0.038086,0.184204,0.998779
0.182617,-0.350098,0.834351
-0.595215,0.134888,0.770386
0.427124,-0.241821,0.997314
-0.258423,-0.316895,0.719849
-0.098145,0.160889,0.962769
0.258789,-0.354614,0.875122
-0.635376,0.150513,0.738403
0.405518,-0.182251,1.015015
-0.189941,-0.369385,0.715332
-0.184692,0.177368,0.952637
0.310913,-0.382935,0.888794
-0.614380,0.096313,0.748901
0.384277,-0.127441,1.032349
-0.146729,-0.370483,0.711426
-0.270386,0.192993,0.902466
0.357056,-0.337036,0.920044
-0.592285,0.028809,0.722656
0.325684,-0.083862,1.019531
-0.094727,-0.398315,0.720581
-0.354248,0.221191,0.872314
0.393555,-0.333130,0.925537
-0.565918,-0.000732,0.719238
0.235229,-0.045898,0.988403
-0.052734,-0.370850,0.758301
-0.400513,0.203003,0.857544
0.413452,-0.290649,0.954102
-0.531250,-0.049194,0.728271
0.151245,0.019897,1.006470
0.024048,-0.417969,0.787354
-0.480591,0.202759,0.831421
0.427368,-0.229004,0.983398
-0.455566,-0.074097,0.751831
0.074707,0.118408,1.015137
0.110840,-0.420776,0.811035
-0.556519,0.181763,0.786499
0.422852,-0.184570,1.002441
-0.359375,-0.175293,0.726440
0.005859,0.174805,1.016113
0.211670,-0.401367,0.852539
-0.626587,0.112915,0.760132
0.391602,-0.190186,0.999634
-0.175049,-0.361572,0.719971
-0.212402,0.155029,0.920044
0.313599,-0.320068,0.920410
-0.613281,0.058228,0.720215
0.342529,-0.128174,1.012695
-0.118774,-0.398071,0.731689
-0.269897,0.166626,0.900635
0.351074,-0.305420,0.918945
-0.608521,0.066040,0.721924
0.286621,-0.101685,0.996704
-0.057495,-0.415283,0.742432
-0.337891,0.170532,0.869873
0.378540,-0.268555,0.953979
-0.584473,0.028687,0.703369
0.217529,-0.049561,0.977905
-0.026611,-0.407471,0.769531
-0.408936,0.171021,0.848633
0.413330,-0.272949,0.964600
-0.543579,-0.026855,0.699341
0.132568,0.055908,0.990723
0.024292,-0.379761,0.796021
-0.460815,0.165527,0.854736
0.434570,-0.276123,0.979370
-0.488037,-0.028564,0.743042
0.067139,0.144409,1.001709
0.075928,-0.376465,0.793579
-0.511230,0.143433,0.825073
0.442139,-0.246338,1.000732
-0.426392,-0.089722,0.751465
0.022217,0.195557,1.012329
0.119629,-0.380859,0.816772
-0.541626,0.134277,0.800171
0.445923,-0.232544,1.003174
-0.377563,-0.126221,0.749023
-0.005249,0.206299,1.009033
0.164307,-0.379883,0.821899
-0.569092,0.140381,0.787231
0.447876,-0.208862,1.019531
-0.326904,-0.216675,0.734497
-0.045776,0.194946,0.999756
0.223511,-0.392578,0.852783
-0.594482,0.156860,0.777344
0.434326,-0.184692,1.010376
-0.259277,-0.246704,0.738159
-0.087036,0.201904,0.978882
0.261597,-0.381348,0.871582
-0.613281,0.146606,0.756104
0.445312,-0.190063,1.022217
-0.168335,-0.307251,0.756714
-0.172607,0.205688,0.940918
0.296509,-0.346436,0.883301
-0.595337,0.094482,0.750366
0.406006,-0.157959,1.025757
-0.117432,-0.346924,0.751465
-0.219604,0.192505,0.915771
0.354370,-0.343506,0.914917
-0.600586,0.097290,0.750610
0.363770,-0.155640,1.005005
-0.059692,-0.383057,0.766846
-0.256714,0.194458,0.899048
0.359985,-0.299316,0.921021
-0.588867,0.036011,0.718994
0.307495,-0.106934,0.981079
-0.000366,-0.406616,0.773193
-0.309326,0.141968,0.859619
0.383789,-0.265381,0.941528
-0.550415,0.016357,0.715576
0.241699,-0.037720,0.989014
0.018921,-0.426392,0.771484
-0.378662,0.159668,0.843628
0.412354,-0.255493,0.952393
-0.513062,-0.032715,0.714966
0.185791,0.036499,0.996094
0.045898,-0.418579,0.770752
-0.426392,0.156250,0.815552
0.449585,-0.297363,0.974365
-0.521484,-0.035889,0.720703
0.148315,0.039673,1.009277
0.082642,-0.416992,0.791626
-0.460938,0.165527,0.805054
0.440430,-0.228394,0.985840
-0.460205,-0.100586,0.732788
0.099731,0.059204,1.008301
0.119141,-0.454346,0.792847
-0.496582,0.147827,0.791504
0.454590,-0.241333,0.994751
-0.431885,-0.133911,0.734863
0.032349,0.125977,1.003174
0.183350,-0.442993,0.833496
-0.516235,0.127197,0.775269
0.443359,-0.204590,1.015869
-0.356812,-0.175659,0.751099
-0.022949,0.159790,1.003052
0.213135,-0.459229,0.844238
-0.549927,0.061768,0.755493
0.466797,-0.224243,1.037598
-0.284302,-0.175049,0.770508
-0.093994,0.235229,0.988892
0.260498,-0.406982,0.857300
-0.554443,0.052490,0.742554
0.447876,-0.237427,1.013794
-0.216187,-0.238647,0.775757
-0.129395,0.229126,0.977783
0.299561,-0.398560,0.891724
-0.577759,0.043579,0.745117
0.420166,-0.215332,1.023560
-0.112549,-0.345459,0.784302
-0.188721,0.248291,0.973389
0.337402,-0.348877,0.917725
-0.569336,0.023193,0.738647
0.376587,-0.190918,1.012207
-0.050659,-0.384766,0.800171
-0.209961,0.201660,0.940918
0.360352,-0.309570,0.931763
-0.569580,0.010498,0.739136
0.319214,-0.168579,0.976440
0.014404,-0.456909,0.805786
-0.237793,0.132202,0.893921
0.376099,-0.270508,0.945068
-0.564819,0.033936,0.719360
0.282959,-0.113159,0.970825
0.056885,-0.429199,0.801147
-0.306885,0.106201,0.876831
0.422485,-0.301636,0.967285
-0.536499,0.003662,0.727051
0.211182,-0.026611,0.987061
0.079590,-0.446167,0.799316
-0.364624,0.111938,0.849365
0.454590,-0.298096,0.981934
-0.500366,-0.029785,0.737549
0.142090,0.060181,1.006714
0.109253,-0.437012,0.806152
-0.406860,0.092651,0.838623
0.463257,-0.324585,0.987305
-0.480347,-0.078979,0.733765
0.078857,0.080078,0.996094
0.168335,-0.498169,0.810547
-0.441895,0.069702,0.810913
0.478149,-0.272583,1.026611
-0.413940,-0.147217,0.742920
0.020630,0.119995,0.993286
0.230103,-0.483276,0.845093
-0.471924,0.050415,0.778809
0.471558,-0.258545,1.031372
-0.348022,-0.199829,0.734863
-0.022827,0.173462,1.017456
0.255859,-0.434937,0.870239
-0.499390,0.013428,0.765503
0.468994,-0.279419,1.023315
-0.265259,-0.231567,0.790161
-0.084473,0.197754,1.009155
0.305542,-0.444458,0.906494
-0.528931,0.014160,0.758545
0.452759,-0.229004,1.045532
-0.173706,-0.294312,0.796143
-0.138428,0.228271,1.009644
0.341309,-0.422485,0.925659
-0.522705,0.008789,0.761108
0.426880,-0.190063,1.060425
-0.117432,-0.308472,0.818237
-0.167603,0.204956,0.992554
0.364136,-0.422119,0.936401
-0.523438,-0.013672,0.765259
0.397827,-0.166016,1.055176
-0.034058,-0.371216,0.821167
-0.211670,0.200928,0.971802
0.393677,-0.405029,0.948364
-0.504395,-0.064819,0.751099
0.358154,-0.130127,1.062744
0.016113,-0.432495,0.808350
-0.248535,0.186890,0.952393
0.427979,-0.357544,0.978882
-0.488403,-0.063354,0.754517
0.308228,-0.095459,1.045166
0.054565,-0.449585,0.827148
-0.266235,0.135254,0.931396
0.446777,-0.329224,0.995361
-0.470825,-0.075928,0.759521
0.277100,-0.039307,1.052734
0.085938,-0.430786,0.848267
-0.305054,0.107788,0.918579
0.468872,-0.311890,1.020630
-0.454102,-0.114868,0.754028
0.228760,0.001343,1.046021
0.107788,-0.417236,0.857178
-0.345093,0.091675,0.895264
0.493408,-0.286865,1.071411
-0.429810,-0.140259,0.745728
0.168579,0.077637,1.053833
0.181152,-0.449219,0.869995
-0.374634,0.090088,0.888062
0.500977,-0.276245,1.070068
-0.401855,-0.164185,0.769409
0.124878,0.105103,1.059448
0.235718,-0.453003,0.886230
-0.415771,0.072388,0.866699
0.517212,-0.283936,1.072510
-0.353882,-0.190186,0.774170
0.071533,0.130981,1.062500
0.284790,-0.493164,0.912476
-0.436890,0.052368,0.832275
0.509888,-0.231934,1.098755
-0.276489,-0.214600,0.818726
0.020264,0.139648,1.052979
0.300415,-0.473755,0.913086
-0.460693,0.041748,0.819092
0.519043,-0.213501,1.118408
-0.223755,-0.227539,0.825073
-0.045898,0.203369,1.056519
0.363159,-0.463257,0.941772
-0.464478,-0.002319,0.816528
0.487671,-0.194092,1.116455
-0.176025,-0.248779,0.832153
-0.070190,0.200317,1.056274
0.394531,-0.416626,0.976562
-0.479492,0.017090,0.816528
0.491455,-0.174927,1.124512
-0.072754,-0.299316,0.862549
-0.132812,0.233887,1.057861
0.405029,-0.387573,0.991943
-0.469727,-0.034668,0.806519
0.464478,-0.166870,1.127075
-0.009399,-0.338745,0.882812
-0.169678,0.232300,1.046997
0.442627,-0.348267,1.025757
-0.441040,-0.071777,0.797485
0.418579,-0.092896,1.132080
0.044189,-0.368652,0.893311
-0.205811,0.208130,1.028564
0.469238,-0.336670,1.046753
-0.433716,-0.118164,0.791992
0.388794,-0.067139,1.146240
0.059204,-0.369995,0.889404
-0.242798,0.217896,1.020020
0.515991,-0.299927,1.078979
-0.423584,-0.110718,0.796753
0.328735,-0.043335,1.122803
0.116821,-0.399292,0.905884
-0.291382,0.186279,0.994141
0.540649,-0.280518,1.110596
-0.384399,-0.144897,0.803711
0.257568,0.018066,1.114502
0.189941,-0.411255,0.927002
-0.327026,0.141846,0.946045
0.560059,-0.240723,1.125610
-0.348145,-0.176514,0.818848
0.170654,0.066162,1.098267
0.263550,-0.451904,0.947998
-0.365479,0.080811,0.891113
0.561035,-0.201050,1.148804
-0.282227,-0.203735,0.830322
0.083252,0.137085,1.093262
0.333252,-0.435425,0.974121
-0.409058,0.063110,0.865356
0.563721,-0.185547,1.169434
-0.200806,-0.234009,0.851929
-0.001465,0.203003,1.095703
0.384033,-0.403198,0.999146
-0.442505,0.015137,0.855957
0.524902,-0.176636,1.156860
-0.076660,-0.297729,0.887573
-0.077637,0.247192,1.103394
0.414795,-0.343018,1.021118
-0.453369,-0.010376,0.838623
0.500977,-0.178223,1.160522
0.006958,-0.393188,0.882935
-0.137695,0.224731,1.083618
0.467529,-0.316406,1.058105
-0.451294,-0.063721,0.824463
0.440918,-0.115723,1.158569
0.040649,-0.373413,0.887817
-0.209106,0.225342,1.045654
0.506104,-0.267700,1.102539
-0.437988,-0.083740,0.810059
0.402344,-0.093994,1.164551
0.091187,-0.394531,0.912598
-0.279785,0.200439,1.013306
0.533447,-0.258911,1.137329
-0.396118,-0.107422,0.812256
0.301636,-0.000732,1.156982
0.171143,-0.438721,0.933594
-0.304810,0.163086,0.990723
0.544189,-0.238403,1.135864
-0.379639,-0.144897,0.805298
0.238037,0.051636,1.132202
0.234375,-0.429565,0.945312
-0.355835,0.119995,0.943481
0.562378,-0.230347,1.154419
-0.321289,-0.201904,0.817139
0.153931,0.083984,1.104492
0.276733,-0.418213,0.973267
-0.394653,0.098755,0.908569
0.567749,-0.210327,1.163330
-0.263428,-0.222046,0.834229
0.072144,0.157104,1.100830
0.327026,-0.413940,0.978516
-0.412231,0.053711,0.896729
0.557617,-0.184692,1.173584
-0.210571,-0.243652,0.851929
-0.000732,0.188477,1.091797
0.368530,-0.401001,0.989136
-0.443115,0.025757,0.869751
0.539673,-0.161987,1.174927
-0.082886,-0.338013,0.862183
-0.067139,0.210571,1.079834
0.388184,-0.349243,0.998047
-0.449097,-0.016357,0.835449
0.514282,-0.185425,1.164185
-0.053467,-0.361694,0.862915
-0.095337,0.202393,1.076294
0.416016,-0.319458,1.024780
-0.478516,0.005005,0.826294
0.467773,-0.148193,1.169312
-0.004272,-0.410034,0.872803
-0.161743,0.190186,1.073364
0.439819,-0.286987,1.050781
-0.481445,-0.024292,0.805786
0.406860,-0.102783,1.158813
0.036987,-0.394897,0.894775
-0.242920,0.177856,1.019409
0.506592,-0.291504,1.088379
-0.469116,-0.018555,0.798218
0.325684,-0.018188,1.142822
0.102417,-0.415527,0.914307
-0.291870,0.140869,0.985840
0.516724,-0.274170,1.110962
-0.421997,-0.109985,0.787354
0.255737,0.042847,1.124023
0.146484,-0.400635,0.918091
-0.344971,0.130493,0.948730
0.525146,-0.260986,1.117310
-0.383301,-0.150391,0.795532
0.190674,0.078003,1.112549
0.198242,-0.401978,0.931763
-0.401367,0.109741,0.915527
0.517944,-0.231201,1.118896
-0.358154,-0.203613,0.781860
0.136353,0.090698,1.094116
0.229980,-0.414185,0.921143
-0.435303,0.092773,0.880737
0.535156,-0.231323,1.119263
-0.309937,-0.226440,0.806152
0.054688,0.136719,1.083008
0.266357,-0.404785,0.937378
-0.443237,0.033691,0.848267
0.533447,-0.203003,1.134521
-0.261475,-0.251831,0.806152
-0.006836,0.163818,1.068970
0.308350,-0.408691,0.941650
-0.465210,0.032471,0.846191
0.506226,-0.189697,1.123657
-0.201050,-0.266113,0.804443
-0.037354,0.146973,1.049194
0.327515,-0.394287,0.948486
-0.497681,-0.005981,0.811035
0.502441,-0.180298,1.139526
-0.153687,-0.317505,0.793091
-0.113770,0.162231,1.015869
0.350342,-0.359497,0.961304
-0.514038,-0.022095,0.789795
0.484375,-0.202271,1.134521
-0.121582,-0.347778,0.792480
-0.174683,0.179810,1.010376
0.383179,-0.340088,0.976196
-0.532715,-0.004028,0.780762
0.436523,-0.167969,1.122437
-0.080566,-0.363159,0.814087
-0.241943,0.179321,0.990479
0.410278,-0.318115,0.998291
-0.540894,-0.003540,0.771484
0.363647,-0.132812,1.100586
-0.044800,-0.381348,0.827026
-0.295776,0.166992,0.958984
0.437378,-0.296387,1.025513
-0.505737,-0.029297,0.756348
0.293457,-0.068848,1.094604
0.006226,-0.372437,0.852539
-0.354980,0.164917,0.923584
0.450684,-0.291992,1.028564
-0.479492,-0.086792,0.749634
0.213135,-0.014038,1.071289
0.088013,-0.391479,0.876587
-0.422852,0.153198,0.898560
0.462891,-0.264282,1.043579
-0.447754,-0.128662,0.742065
0.131836,0.074097,1.057129
0.130859,-0.413696,0.865234
-0.460693,0.111938,0.867554
0.472656,-0.251099,1.058960
-0.425781,-0.155518,0.743896
0.058838,0.104492,1.045410
0.188110,-0.408447,0.871338
-0.500854,0.090454,0.842041
0.459839,-0.264038,1.044312
-0.326782,-0.248779,0.748657
-0.010986,0.156250,1.044922
0.224609,-0.399048,0.876953
-0.533081,0.053345,0.800781
0.466919,-0.232544,1.061157
-0.258667,-0.310303,0.726685
-0.077881,0.157104,1.011230
0.268921,-0.373413,0.899780
-0.547852,0.040039,0.780273
0.448853,-0.231689,1.059692
-0.205444,-0.354004,0.716797
-0.164429,0.160400,0.972656
0.304321,-0.355225,0.912720
-0.547607,0.023315,0.778564
0.422363,-0.208252,1.066650
-0.196411,-0.367554,0.722778
-0.255127,0.168945,0.955444
0.358276,-0.364990,0.943604
-0.569824,0.007446,0.766113
0.359131,-0.126221,1.077393
-0.155273,-0.356079,0.758789
-0.304199,0.164917,0.918091
0.392334,-0.361328,0.960815
-0.562622,-0.011841,0.752197
0.282959,-0.091309,1.047974
-0.088135,-0.377930,0.769043
-0.373047,0.180542,0.907227
0.400879,-0.311279,0.981323
-0.518066,-0.090942,0.721069
0.209351,-0.029297,1.045532
-0.023926,-0.387939,0.806030
-0.453491,0.178711,0.860596
0.413818,-0.287109,0.997559
-0.489624,-0.115112,0.732544
0.125854,0.029907,1.036377
0.070679,-0.409790,0.825073
-0.523071,0.173218,0.836426
0.427124,-0.258545,1.000488
-0.423828,-0.160156,0.751099
0.033325,0.078125,1.012085
0.160522,-0.410522,0.860229
-0.562134,0.138672,0.800903
0.416748,-0.205078,1.017822
-0.322632,-0.237183,0.739136
-0.042480,0.124756,1.008667
0.226196,-0.437500,0.861572
-0.582031,0.091064,0.776978
0.401489,-0.174194,1.024292
-0.255005,-0.284912,0.718994
-0.149902,0.150024,0.967651
0.286621,-0.399414,0.906738
-0.587402,0.041992,0.759033
0.383301,-0.155884,1.027466
-0.214600,-0.323486,0.705566
-0.246948,0.170654,0.938965
0.347046,-0.390869,0.930908
-0.590088,0.003296,0.738525
0.341675,-0.088745,1.048828
-0.177856,-0.339111,0.705688
-0.333496,0.195068,0.897461
0.380005,-0.362549,0.939697
-0.562256,-0.021606,0.743042
0.273926,-0.060669,1.042358
-0.112305,-0.381714,0.739502
-0.413208,0.211914,0.879150
0.394409,-0.320312,0.953003
-0.544922,-0.053589,0.712891
0.187988,-0.015747,1.016724
-0.008179,-0.407471,0.784790
-0.492432,0.223389,0.855591
0.409302,-0.263672,0.980835
-0.506226,-0.145752,0.696533
0.101685,0.038696,1.022461
0.070190,-0.432983,0.799805
-0.552612,0.214478,0.835938
0.415283,-0.227783,0.990601
-0.413818,-0.158081,0.737305
0.015747,0.115723,1.012939
0.156738,-0.439575,0.837158
-0.576050,0.155396,0.798462
0.400513,-0.180298,1.012695
-0.340698,-0.216675,0.726929
-0.044189,0.128906,0.996826
0.231445,-0.411377,0.873291
-0.611938,0.136108,0.775269
0.408569,-0.170288,1.012329
-0.254761,-0.272461,0.724609
-0.144775,0.171997,0.974731
0.269531,-0.399658,0.876343
-0.613403,0.095093,0.745972
0.387573,-0.125000,1.036011
-0.178833,-0.341919,0.724609
-0.247070,0.210327,0.935791
0.326172,-0.379395,0.907715
-0.615356,0.020752,0.704590
0.335815,-0.135742,0.998901
-0.123901,-0.358276,0.724854
-0.301392,0.228027,0.910767
0.371948,-0.319824,0.927856
-0.605347,0.022705,0.708008
0.264526,-0.102539,0.988037
-0.066772,-0.426392,0.736206
-0.380493,0.187134,0.865479
0.387817,-0.274536,0.955811
-0.561279,-0.019287,0.695923
0.187256,0.000977,1.018311
-0.005127,-0.403076,0.780396
-0.460693,0.192871,0.861694
0.420166,-0.276855,0.971802
-0.523926,-0.022949,0.729370
0.083374,0.092773,0.996582
0.096802,-0.416260,0.817627
-0.538452,0.186890,0.833374
0.421631,-0.214722,1.000977
-0.401978,-0.142944,0.746216
-0.002563,0.146484,0.991943
0.166870,-0.407837,0.830322
-0.598145,0.145874,0.776489
0.442139,-0.204834,1.028442
-0.283813,-0.249756,0.727661
-0.083740,0.214233,0.989136
0.232422,-0.374634,0.855713
-0.612305,0.113647,0.767456
0.427368,-0.190552,1.026978
-0.214233,-0.305298,0.730835
-0.140625,0.205078,0.958862
0.289307,-0.340454,0.892578
-0.617798,0.119141,0.751587
0.399536,-0.188232,1.010498
-0.159790,-0.360107,0.729736
-0.194092,0.151978,0.908081
0.328125,-0.307007,0.908936
-0.619263,0.124634,0.731445
0.355835,-0.173584,0.986816
-0.079346,-0.439331,0.756958
-0.267456,0.170654,0.904663
0.356567,-0.309937,0.916016
-0.599487,0.097778,0.716309
0.312134,-0.104126,0.981323
-0.044800,-0.386353,0.774536
-0.316895,0.145630,0.864014
0.374146,-0.287476,0.927002
-0.575562,0.051758,0.702759
0.258057,-0.033081,0.990601
-0.030884,-0.403320,0.756958
-0.368286,0.159058,0.851318
0.405273,-0.276489,0.951782
-0.536621,-0.012207,0.717285
0.185913,0.024292,0.995361
-0.000854,-0.396362,0.773315
-0.404907,0.142700,0.822266
0.434326,-0.260864,0.966553
-0.524536,0.020264,0.723267
0.140869,0.061157,0.990601
0.050537,-0.397217,0.795288
-0.451782,0.155640,0.832764
0.445923,-0.241577,0.977539
-0.477417,-0.004761,0.750122
0.078735,0.141235,1.007446
0.087036,-0.402588,0.790283
-0.490234,0.140137,0.821533
0.451904,-0.233154,0.997559
-0.436646,-0.053589,0.750000
0.029907,0.170532,1.002197
0.147217,-0.413086,0.824707
-0.527344,0.126221,0.803101
0.443848,-0.199097,1.007690
-0.371338,-0.113403,0.747559
-0.001709,0.178345,1.012695
0.184937,-0.404541,0.832642
-0.571899,0.107300,0.763550
0.460693,-0.196289,1.034790
-0.294312,-0.225342,0.732788
-0.049561,0.219116,1.002441
0.251465,-0.387817,0.857544
-0.602417,0.139160,0.756470
0.429077,-0.194214,1.022095
-0.202881,-0.271240,0.756714
-0.121338,0.209595,0.974121
0.293823,-0.400269,0.875610
-0.606445,0.095337,0.748169
0.413574,-0.165894,1.023804
-0.132568,-0.331787,0.757080
-0.182251,0.226685,0.940430
0.331421,-0.344482,0.904297
-0.605835,0.073730,0.739014
0.390137,-0.178467,1.015259
-0.067383,-0.381592,0.769531
-0.248413,0.210938,0.907349
0.357300,-0.287231,0.937134
-0.564087,0.042847,0.749390
0.327515,-0.130249,0.996948
-0.035889,-0.429077,0.768066
-0.288208,0.158447,0.870239
0.395386,-0.280029,0.940918
-0.557251,0.055664,0.732910
0.257324,-0.021606,0.990234
0.048462,-0.446655,0.785278
-0.382202,0.141724,0.848511
0.418335,-0.297241,0.954224
-0.523315,0.030273,0.734009
0.183838,0.069824,1.010742
0.045532,-0.392700,0.786011
-0.446167,0.129028,0.822998
0.460449,-0.310303,0.980225
-0.471680,-0.072144,0.737305
0.100952,0.159180,1.013794
0.076294,-0.354126,0.790161
-0.470215,0.099243,0.786865
0.477905,-0.302124,0.999756
-0.420166,-0.127197,0.766724
0.060059,0.131958,1.013916
0.136108,-0.385986,0.814087
-0.515137,0.122437,0.769775
0.467773,-0.254639,1.007812
-0.381592,-0.156982,0.753052
0.006470,0.127197,1.006348
0.206543,-0.427246,0.839722
-0.534180,0.114990,0.767944
0.450439,-0.203369,1.014771
-0.299194,-0.174927,0.775635
-0.069824,0.155640,0.977905
0.254272,-0.466675,0.853882
-0.548340,0.090576,0.759766
0.433594,-0.179810,1.015259
-0.230225,-0.191162,0.774780
-0.118774,0.206299,0.977051
0.304565,-0.441528,0.892212
-0.561157,0.000000,0.734131
0.400635,-0.160645,1.029663
-0.139160,-0.282837,0.781372
-0.179443,0.209961,0.951172
0.349854,-0.386353,0.920166
-0.554810,0.008423,0.754761
0.367310,-0.149414,1.028320
-0.052612,-0.390625,0.786377
-0.255493,0.174072,0.906006
0.380615,-0.343140,0.942505
-0.536743,-0.015991,0.750366
0.290161,-0.087524,1.007568
0.009644,-0.449341,0.759766
-0.305176,0.118408,0.858643
0.421753,-0.314453,0.965454
-0.514771,-0.076050,0.727661
0.197266,-0.025635,0.992065
0.073608,-0.481323,0.777344
-0.411743,0.113037,0.806641
0.449341,-0.300293,0.977539
-0.439697,-0.107300,0.746460
0.088989,0.093018,0.997803
0.142944,-0.438477,0.821655
-0.482300,0.068726,0.780396
0.454346,-0.264771,1.006104
-0.360718,-0.180054,0.758545
-0.013062,0.188721,1.032471
0.244507,-0.441772,0.860596
-0.545898,0.050537,0.754761
0.442749,-0.256592,1.018799
-0.226318,-0.237183,0.785156
-0.108521,0.200073,0.987793
0.282715,-0.370972,0.901123
-0.555054,0.022949,0.745972
0.435059,-0.236694,1.030273
-0.095703,-0.359985,0.796997
-0.188843,0.213989,0.965332
0.342041,-0.337646,0.930908
-0.545288,0.005371,0.738770
0.376465,-0.187256,1.020874
-0.012939,-0.412476,0.811157
-0.246216,0.145996,0.921875
0.384399,-0.351562,0.949951
-0.521729,-0.044800,0.724243
0.296875,-0.088623,1.007324
0.051270,-0.417236,0.807739
-0.305298,0.139893,0.893066
0.416138,-0.352661,0.967041
-0.495605,-0.108643,0.723511
0.217041,-0.022827,1.013428
0.084839,-0.472290,0.791260
-0.356079,0.109375,0.862915
0.459106,-0.306396,1.001465
-0.453247,-0.105103,0.757446
0.135742,0.044556,1.016235
0.134644,-0.491211,0.799927
-0.414307,0.066895,0.816040
0.477661,-0.264038,1.034668
-0.404297,-0.164307,0.741699
0.045532,0.105713,1.015869
0.226074,-0.502075,0.831299
-0.473145,0.054199,0.782837
0.480957,-0.265991,1.046143
-0.333008,-0.211548,0.765747
-0.022217,0.140137,1.021973
0.280396,-0.500244,0.867676
-0.515747,0.029663,0.760986
0.394165,-0.163574,1.030151
-0.223145,-0.254883,0.793823
-0.218750,0.196167,0.941772
0.368652,-0.381836,0.930176
-0.548218,-0.002197,0.743896
0.348389,-0.135132,1.016357
-0.015259,-0.402710,0.784180
-0.283081,0.191284,0.895264
0.401245,-0.307373,0.957764
-0.516968,-0.072632,0.740356
0.251465,-0.106201,0.990723
0.030640,-0.488037,0.771606
-0.352661,0.127563,0.847290
0.457764,-0.306641,0.976074
-0.491699,-0.033447,0.745361
0.144043,0.013428,0.985352
0.103394,-0.472778,0.788818
-0.413330,0.095703,0.817993
0.446777,-0.272461,0.990112
-0.414307,-0.106689,0.774292
0.049927,0.100952,1.003418
0.174072,-0.459351,0.829590
-0.498779,0.040771,0.752686
0.470581,-0.255493,1.026489
-0.313110,-0.203369,0.767090
-0.048218,0.171265,1.014404
0.272217,-0.462524,0.876831
-0.564697,0.035889,0.748413
0.443237,-0.238403,1.020508
-0.172485,-0.255981,0.812622
-0.146851,0.209106,0.993164
0.328491,-0.391968,0.934570
-0.576782,0.022217,0.741211
0.400513,-0.194702,1.023560
-0.062866,-0.337891,0.820068
-0.177856,0.167114,0.970093
0.361572,-0.334961,0.955200
-0.554932,0.033813,0.751099
0.346191,-0.161011,0.998901
0.026367,-0.437744,0.813721
-0.251465,0.107910,0.904175
0.421875,-0.310303,0.984985
-0.543823,-0.012695,0.734253
0.250244,-0.064941,1.001343
0.076050,-0.462646,0.804443
-0.314087,0.085205,0.870728
0.442749,-0.289551,1.003296
-0.487549,-0.049683,0.746704
0.179199,0.024170,1.008301
0.108887,-0.447876,0.819214
-0.379272,0.070190,0.842529
0.455322,-0.300537,1.008667
-0.434448,-0.131226,0.749634
0.143677,0.061035,1.041260
0.127441,-0.428711,0.832153
-0.442505,0.074829,0.807495
0.489258,-0.314209,1.029297
-0.375122,-0.206055,0.753296
0.066895,0.115479,1.034058
0.197998,-0.460327,0.837524
-0.475342,0.053955,0.791382
0.509888,-0.304077,1.047607
-0.334961,-0.212891,0.762451
-0.004639,0.160034,1.029907
0.266479,-0.447754,0.877319
-0.276855,-0.265381,0.777954
0.310791,-0.457275,0.899414
0.341187,-0.413086,0.932007
-0.493774,-0.017944,0.784912
0.446899,-0.182861,1.084106
-0.103638,-0.310913,0.823242
-0.180786,0.219238,1.002686
0.378174,-0.413940,0.938965
-0.483398,-0.046143,0.774170
0.411011,-0.153198,1.076050
-0.018677,-0.361328,0.841553
-0.214844,0.220703,0.994263
0.409058,-0.381470,0.972168
-0.489868,-0.083618,0.765503
0.371460,-0.141235,1.068726
0.039062,-0.433838,0.828247
-0.252563,0.201172,0.968628
0.434326,-0.337524,0.998291
-0.454590,-0.116821,0.766968
0.310791,-0.080688,1.070435
0.081177,-0.421753,0.842896
-0.287109,0.160278,0.940186
0.468384,-0.309326,1.027222
-0.452637,-0.092041,0.775269
0.257935,-0.066284,1.048218
0.119385,-0.446411,0.856934
-0.344238,0.157715,0.913086
0.485962,-0.254150,1.052368
-0.409302,-0.123169,0.775879
0.177368,0.025757,1.047974
0.174072,-0.476807,0.860352
-0.372925,0.081055,0.873413
0.528564,-0.266602,1.088745
-0.380737,-0.168457,0.772827
0.076172,0.103271,1.035400
0.254639,-0.483398,0.892822
-0.407227,0.034668,0.841553
0.523315,-0.256958,1.089844
-0.292969,-0.201172,0.805908
0.003784,0.156128,1.045044
0.312744,-0.474731,0.920288
-0.452148,0.008057,0.806519
0.492676,-0.204102,1.108765
-0.200317,-0.243042,0.834717
-0.047852,0.210693,1.058594
0.360474,-0.426392,0.956909
-0.493408,0.014771,0.810669
0.480713,-0.218994,1.104980
-0.106812,-0.323730,0.843628
-0.098145,0.217529,1.063477
0.388428,-0.352539,1.000000
-0.489502,0.001465,0.809448
0.456787,-0.202637,1.108398
-0.003296,-0.394775,0.873901
-0.154541,0.215698,1.046021
0.427856,-0.330200,1.003540
-0.485352,-0.014404,0.790527
0.406982,-0.150757,1.104004
0.070557,-0.450317,0.879517
-0.216309,0.186646,1.018799
0.473511,-0.308105,1.050659
-0.463257,-0.044067,0.782959
0.351562,-0.081421,1.108765
0.098267,-0.436523,0.905518
-0.261475,0.158447,0.998291
0.501709,-0.261719,1.087158
-0.430298,-0.092285,0.792358
0.288330,-0.012085,1.111328
0.136475,-0.429443,0.905273
-0.321655,0.136841,0.957520
0.538086,-0.269165,1.115967
-0.397827,-0.130615,0.796875
0.206177,0.062744,1.100342
0.225830,-0.471558,0.903809
-0.349731,0.075684,0.905640
0.539917,-0.233765,1.135498
-0.357178,-0.185181,0.788330
0.146484,0.100342,1.092896
0.298096,-0.445435,0.945435
-0.399536,0.072998,0.866943
0.534790,-0.203735,1.138306
-0.266479,-0.235962,0.827637
0.068481,0.133667,1.082642
0.331665,-0.446899,0.968628
-0.459839,0.065918,0.842163
0.535889,-0.185059,1.143677
-0.166138,-0.247681,0.861450
-0.020386,0.229614,1.100586
0.389893,-0.411987,1.002686
-0.443481,0.042236,0.856567
0.510376,-0.145264,1.144531
-0.098999,-0.291260,0.870972
-0.084473,0.223877,1.082642
0.438354,-0.385010,1.020508
-0.428223,-0.015991,0.842529
0.475342,-0.104248,1.170410
0.002075,-0.342163,0.896851
-0.161743,0.220093,1.058105
0.454712,-0.343384,1.049072
-0.412842,-0.101807,0.817261
0.442993,-0.060181,1.184082
0.054932,-0.338379,0.903198
-0.220947,0.237549,1.047974
0.486694,-0.319702,1.067139
-0.414795,-0.135864,0.810181
0.389282,-0.057617,1.159424
0.090820,-0.348877,0.928467
-0.274902,0.210693,1.012451
0.534058,-0.263550,1.124878
-0.369995,-0.160645,0.817627
0.275269,0.015503,1.137817
0.175415,-0.415405,0.932495
-0.316040,0.132080,0.946411
0.557617,-0.232544,1.143311
-0.332031,-0.177612,0.817261
0.185059,0.071899,1.115967
0.273193,-0.436279,0.960571
-0.371094,0.088989,0.911377
0.557495,-0.213257,1.148682
-0.259399,-0.218018,0.850586
0.079224,0.154541,1.115601
0.336670,-0.419434,0.983521
-0.421753,0.072021,0.877563
0.547485,-0.180542,1.163574
-0.161865,-0.251343,0.866577
-0.007812,0.212524,1.105225
0.386353,-0.369995,1.003052
-0.434204,-0.010254,0.836792
0.525757,-0.131714,1.184326
-0.022583,-0.347778,0.887939
-0.103882,0.223755,1.089844
0.427490,-0.345093,1.039551
-0.453125,-0.026489,0.840210
0.484985,-0.118530,1.180420
0.017456,-0.343994,0.891479
-0.161621,0.216187,1.063599
0.479492,-0.287964,1.081299
-0.457642,-0.047119,0.814331
0.409668,-0.083618,1.167847
0.069824,-0.373291,0.915771
-0.238647,0.207275,1.046265
0.529297,-0.257690,1.130615
-0.424805,-0.071777,0.811035
0.313843,-0.008911,1.142822
0.170654,-0.428345,0.948364
-0.326416,0.137695,0.965210
0.552368,-0.246338,1.158203
-0.355835,-0.149048,0.810913
0.213989,0.091797,1.131470
0.250854,-0.431274,0.952515
-0.384399,0.113892,0.930664
0.555176,-0.247070,1.147461
-0.269653,-0.212402,0.850952
0.119385,0.144653,1.114990
0.289551,-0.404419,0.961914
-0.434814,0.079224,0.899780
0.576538,-0.234253,1.174438
-0.218628,-0.309692,0.822632
0.039307,0.191772,1.096558
0.330322,-0.363647,0.983398
-0.455322,0.035278,0.858398
0.562500,-0.264893,1.148804
-0.109375,-0.358154,0.888916
-0.020142,0.156494,1.085815
0.349854,-0.329590,0.991333
-0.459961,0.046265,0.836548
0.536621,-0.173096,1.175415
-0.061523,-0.378296,0.887695
-0.074951,0.129639,1.087158
0.413086,-0.365356,1.016357
-0.468262,0.062012,0.837158
0.483154,-0.078735,1.166626
-0.043335,-0.326660,0.875854
-0.112427,0.139038,1.064575
0.447998,-0.339844,1.059326
-0.498657,0.026123,0.817017
0.449707,-0.073486,1.167358
-0.018188,-0.362183,0.861206
-0.177612,0.188354,1.061768
0.461426,-0.317749,1.065186
-0.457642,-0.051392,0.816772
0.412964,-0.050171,1.168335
-0.008057,-0.312744,0.873047
-0.231323,0.197144,1.031616
0.489746,-0.299561,1.100708
-0.441162,-0.117432,0.801880
0.378784,-0.040527,1.162231
0.025513,-0.350952,0.877319
-0.284668,0.187500,0.998169
0.522583,-0.294556,1.106934
-0.427856,-0.098755,0.797363
0.317993,-0.011108,1.150146
0.077271,-0.374634,0.900269
-0.306885,0.137695,0.953491
0.524292,-0.270508,1.116089
-0.423340,-0.129272,0.788696
0.274414,-0.015137,1.128540
0.126343,-0.398682,0.909424
-0.340210,0.140259,0.941650
0.534546,-0.244263,1.114258
-0.384033,-0.145020,0.796021
0.206787,0.042114,1.117065
0.178955,-0.416260,0.916748
-0.383911,0.150757,0.916138
0.533691,-0.232788,1.115234
-0.360596,-0.184814,0.786621
0.148315,0.057373,1.098633
0.227539,-0.410034,0.944214
-0.435425,0.093872,0.864624
0.522339,-0.210938,1.117798
-0.314453,-0.211060,0.795044
0.084717,0.114380,1.084229
0.285034,-0.418579,0.944092
-0.479004,0.086060,0.851074
0.510010,-0.199951,1.111450
-0.234619,-0.287109,0.808228
0.015991,0.129028,1.078247
0.299927,-0.398193,0.947266
-0.502197,0.052002,0.835693
0.513428,-0.202881,1.123535
-0.159424,-0.351074,0.794312
-0.054810,0.144287,1.054077
0.324463,-0.365845,0.949341
-0.509399,0.022461,0.803955
0.496460,-0.215454,1.125610
-0.126099,-0.372559,0.800293
-0.110107,0.154785,1.040405
0.346436,-0.335083,0.962402
-0.527710,0.010132,0.782593
0.473022,-0.182007,1.138428
-0.076172,-0.387573,0.811401
-0.200439,0.186279,1.022461
0.387085,-0.314697,0.996826
-0.538208,-0.016113,0.761597
0.411499,-0.157471,1.115967
-0.056396,-0.379150,0.832031
-0.257080,0.148926,0.972656
0.437256,-0.289185,1.031006
-0.515503,-0.013062,0.753540
0.326538,-0.079102,1.109131
0.002686,-0.391357,0.841797
-0.313477,0.161499,0.970459
0.455688,-0.295654,1.042236
-0.474976,-0.077759,0.756714
0.241455,0.002563,1.100342
0.057495,-0.384766,0.868408
-0.389160,0.133667,0.917725
0.481079,-0.272095,1.080811
-0.436035,-0.133545,0.760742
0.148804,0.104736,1.092285
0.143188,-0.407104,0.883179
-0.448853,0.106079,0.878540
0.480957,-0.260132,1.074341
-0.390869,-0.202515,0.762695
0.061401,0.137817,1.063232
0.190063,-0.397705,0.875732
-0.487915,0.075928,0.838501
0.492432,-0.249756,1.087036
-0.289795,-0.280640,0.768799
-0.009033,0.159302,1.053101
0.230957,-0.364990,0.883057
-0.516724,0.060181,0.819702
0.495972,-0.275391,1.081909
-0.223267,-0.364258,0.762695
-0.079956,0.119629,1.003418
0.273438,-0.375610,0.905151
-0.541382,0.039795,0.772827
0.466919,-0.180908,1.100830
-0.188110,-0.339478,0.748901
-0.126709,0.128296,1.005859
0.306152,-0.344849,0.920532
-0.575806,0.015747,0.763062
0.441650,-0.245239,1.066772
-0.154419,-0.369141,0.775635
-0.217407,0.162598,0.971191
0.352905,-0.334351,0.953125
-0.557861,0.020142,0.767090
0.379883,-0.185181,1.065308
-0.135864,-0.364136,0.782715
-0.265137,0.129272,0.932617
0.395752,-0.340942,0.986328
-0.570557,0.038208,0.752930
0.314697,-0.115112,1.053833
-0.075684,-0.378906,0.808960
-0.327515,0.138794,0.916504
0.391602,-0.300049,0.992676
-0.537842,-0.028564,0.729858
0.276733,-0.053955,1.062988
-0.045654,-0.361938,0.812378
-0.378418,0.168457,0.916260
0.416016,-0.314209,0.992554
-0.514526,-0.061157,0.715576
0.201660,0.036499,1.056763
-0.015503,-0.347290,0.806763
-0.407715,0.133179,0.901123
0.454956,-0.358032,1.008301
-0.534790,-0.088135,0.711914
0.152588,0.061890,1.036743
0.032593,-0.347778,0.825806
-0.455078,0.162720,0.885986
0.447876,-0.312134,1.017334
-0.505737,-0.131714,0.716064
0.111694,0.070557,1.031006
0.071899,-0.420532,0.818237
-0.496582,0.167847,0.859863
0.440430,-0.262939,1.027100
-0.499756,-0.104248,0.718628
0.074341,0.061646,1.020874
0.114502,-0.445068,0.838623
-0.510986,0.133911,0.839355
0.431274,-0.236694,1.033203
-0.452148,-0.153564,0.718018
0.052490,0.094238,1.025757
0.141968,-0.405151,0.842163
-0.533203,0.138672,0.834961
0.440918,-0.229248,1.029907
-0.392944,-0.206665,0.735596
-0.022095,0.114746,1.006714
0.175171,-0.443848,0.850708
-0.547729,0.090088,0.812134
0.439575,-0.206543,1.050171
-0.345825,-0.245728,0.714233
-0.069946,0.162598,0.999878
0.216675,-0.396118,0.869873
-0.572021,0.071655,0.789185
0.432861,-0.221069,1.038940
-0.291748,-0.280273,0.718628
-0.127563,0.162720,0.962280
0.257446,-0.408081,0.876587
-0.570679,0.069336,0.773682
0.408813,-0.185669,1.034668
-0.245483,-0.320435,0.715332
-0.176758,0.142090,0.945435
0.306274,-0.397949,0.899170
-0.603027,0.080688,0.760498
0.386353,-0.161133,1.038452
-0.196411,-0.337891,0.716431
-0.236572,0.149414,0.928345
0.330688,-0.366699,0.923340
-0.591431,0.024780,0.736206
0.335815,-0.106689,1.041870
-0.172974,-0.351929,0.726196
-0.299194,0.165894,0.911865
0.363281,-0.370605,0.934326
-0.598633,0.012085,0.728638
0.299194,-0.093262,1.018188
-0.126343,-0.365845,0.742188
-0.350098,0.194702,0.897095
0.378906,-0.334229,0.937744
-0.573608,-0.009888,0.720459
0.236084,-0.050171,1.020752
-0.078735,-0.381104,0.763062
-0.417847,0.195679,0.885742
0.401978,-0.325562,0.952881
-0.550903,-0.055298,0.708374
0.140869,0.041748,1.004517
-0.003784,-0.392578,0.783447
-0.492432,0.196533,0.858398
0.426270,-0.289307,0.988647
-0.502808,-0.092407,0.715942
0.072021,0.120117,1.016724
0.063843,-0.394165,0.798706
-0.561890,0.169067,0.831299
0.454956,-0.294312,1.004028
-0.393555,-0.168823,0.736206
-0.001831,0.195312,1.014648
0.148804,-0.365967,0.831787
-0.609253,0.118164,0.769409
0.430176,-0.276245,0.993652
-0.289673,-0.294434,0.723511
-0.068604,0.167725,0.972900
0.226562,-0.368896,0.850220
-0.630127,0.120850,0.739258
0.410156,-0.227417,1.004028
-0.216309,-0.362427,0.706909
-0.143921,0.158203,0.957886
0.279297,-0.352539,0.889771
-0.614014,0.127686,0.757690
0.374146,-0.178589,0.994629
-0.197876,-0.355103,0.713745
-0.193848,0.134399,0.933472
0.327881,-0.349854,0.927002
-0.628784,0.093506,0.731079
0.343506,-0.111450,1.011353
-0.134888,-0.375244,0.719604
-0.288452,0.168823,0.899414
0.354614,-0.328735,0.925049
-0.589844,0.038818,0.724365
0.286865,-0.073120,1.007446
-0.097778,-0.359009,0.748291
-0.380859,0.200684,0.874023
0.402100,-0.335571,0.947632
-0.558838,-0.053223,0.708862
0.186401,0.004761,0.994995
-0.038086,-0.378784,0.765015
-0.442749,0.196411,0.849243
0.422119,-0.285156,0.968018
-0.513184,-0.074097,0.729492
0.102661,0.083130,1.008545
0.056030,-0.404175,0.806274
-0.540039,0.201416,0.822754
0.429077,-0.243774,0.986694
-0.406372,-0.116699,0.750732
0.027710,0.182251,1.016724
0.114746,-0.368042,0.817993
-0.577637,0.140625,0.783936
0.438232,-0.251343,0.999756
-0.321045,-0.243042,0.731445
-0.025879,0.205322,1.008423
0.187134,-0.377808,0.827759
-0.611206,0.156738,0.769409
0.424927,-0.241699,0.997559
-0.275513,-0.309570,0.716553
-0.063843,0.145630,0.969238
0.250366,-0.349121,0.876953
-0.630371,0.186523,0.755371
0.403931,-0.189697,0.991333
-0.198608,-0.349976,0.720581
-0.131836,0.164673,0.957886
0.293945,-0.372314,0.895142
-0.617432,0.150391,0.758911
0.388916,-0.112183,1.015625
-0.160767,-0.327637,0.717407
-0.188599,0.178223,0.936890
0.334229,-0.382935,0.900757
-0.603394,0.107300,0.753540
0.371094,-0.111694,1.003052
-0.136963,-0.339233,0.719482
-0.271606,0.203247,0.904419
0.370361,-0.358032,0.926880
-0.577271,0.058594,0.749756
0.321045,-0.074097,1.003784
-0.095459,-0.364746,0.726074
-0.302124,0.191284,0.879761
0.383301,-0.299072,0.937500
-0.562622,-0.003296,0.732422
0.280640,-0.054810,1.005371
-0.059204,-0.409668,0.731323
-0.347534,0.175293,0.847290
0.396118,-0.281250,0.942749
-0.539185,-0.020264,0.721558
0.227051,-0.002808,0.990356
-0.007446,-0.392334,0.757568
-0.412354,0.185303,0.831665
0.419189,-0.269165,0.961182
-0.514893,-0.049194,0.727295
0.159424,0.035156,1.005859
0.037598,-0.411865,0.782471
-0.466797,0.191895,0.838013
0.433716,-0.267334,0.963501
-0.463501,-0.072144,0.751831
0.081909,0.125854,1.005737
0.092529,-0.401245,0.804810
-0.514771,0.157104,0.802490
0.449097,-0.223022,1.007446
-0.387939,-0.118408,0.759644
0.025269,0.182861,1.022827
0.131348,-0.373047,0.820312
-0.570435,0.135498,0.774780
0.473999,-0.271362,1.006104
-0.308838,-0.209473,0.753784
-0.040161,0.223633,1.007202
0.208374,-0.369385,0.836304
-0.590698,0.121704,0.760498
0.446289,-0.242798,1.010376
-0.242554,-0.253540,0.752563
-0.065186,0.187744,0.980103
0.250854,-0.330200,0.881470
-0.614868,0.130371,0.738647
0.436646,-0.202271,1.019897
-0.164917,-0.339233,0.750977
-0.137085,0.169800,0.947388
0.307129,-0.322754,0.909058
-0.615356,0.115967,0.739990
0.403687,-0.150635,1.022339
-0.102051,-0.370728,0.764526
-0.194092,0.162354,0.920044
0.352417,-0.337402,0.922119
-0.594604,0.100342,0.735352
0.340942,-0.081299,1.003662
-0.052490,-0.402588,0.740845
-0.265259,0.174194,0.892212
0.366333,-0.357544,0.928955
-0.555786,-0.032349,0.729126
0.305786,-0.063599,1.005371
-0.039673,-0.388428,0.719849
-0.339722,0.195190,0.862305
0.417603,-0.322021,0.950073
-0.519287,-0.068115,0.727295
0.225464,-0.036743,0.986084
0.012329,-0.394897,0.770996
-0.402710,0.184570,0.834839
0.451782,-0.300415,0.976074
-0.491455,-0.098999,0.740479
0.125854,0.021118,0.989136
0.066162,-0.422607,0.788696
-0.469727,0.174438,0.810669
0.467651,-0.237183,0.999878
-0.403687,-0.103149,0.781982
0.023804,0.125122,0.992310
0.141846,-0.454712,0.804565
-0.518311,0.104858,0.777466
0.443848,-0.206421,1.000610
-0.316284,-0.157715,0.776001
-0.052246,0.201172,1.007568
0.231079,-0.431519,0.849365
-0.557739,0.066406,0.758301
0.418701,-0.195435,1.009888
-0.224487,-0.228882,0.762207
-0.116821,0.209229,0.983521
0.308838,-0.368896,0.903442
-0.576904,0.024170,0.742310
0.387817,-0.147095,1.029175
-0.102051,-0.364258,0.760498
-0.202148,0.184326,0.928589
0.367676,-0.366089,0.920654
-0.577271,0.095337,0.766357
0.326538,-0.100098,1.001343
-0.006958,-0.435425,0.766357
-0.305786,0.172363,0.864502
0.403442,-0.295898,0.960205
-0.517822,-0.005493,0.749878
0.224121,-0.025024,0.990479
0.029175,-0.425049,0.774170
-0.390259,0.120361,0.827148
0.448730,-0.303955,0.973633
-0.473633,-0.104492,0.743408
0.135864,0.087891,1.020630
0.087402,-0.422729,0.775391
-0.475708,0.131226,0.781250
0.465210,-0.293823,0.994019
-0.396973,-0.160522,0.758057
0.041260,0.128540,1.016602
0.183472,-0.456665,0.818115
-0.547729,0.102417,0.755981
0.451416,-0.252808,1.002075
-0.304077,-0.207275,0.763794
-0.047485,0.191040,1.009155
0.255493,-0.400635,0.869629
-0.546875,0.044067,0.746338
0.429810,-0.239624,1.017212
-0.213501,-0.253784,0.779175
-0.124023,0.182129,0.966309
0.298950,-0.403809,0.888672
-0.541260,0.035645,0.746704
0.414307,-0.139771,1.048828
-0.123901,-0.279907,0.796021
-0.195435,0.166504,0.938721
0.351196,-0.440552,0.900635
-0.550171,0.009888,0.744385
0.379639,-0.134033,1.021606
-0.043945,-0.338013,0.803101
-0.255493,0.187378,0.919922
0.387451,-0.378784,0.942627
-0.523804,-0.047852,0.744019
0.324341,-0.099609,1.016724
-0.008789,-0.405518,0.776245
-0.312744,0.154419,0.871582
0.422363,-0.363525,0.951416
-0.501709,-0.109009,0.751343
0.247314,-0.037964,1.017212
0.040161,-0.435669,0.782959
-0.345947,0.145386,0.848877
0.440674,-0.327759,0.975464
-0.489258,-0.108276,0.734863
0.195923,-0.033813,1.004028
0.090942,-0.462891,0.794800
-0.415283,0.142334,0.832275
0.457397,-0.302246,0.979126
-0.442139,-0.086914,0.758301
0.134766,0.017090,1.005371
0.120117,-0.481079,0.803833
-0.460571,0.099121,0.791382
0.459595,-0.249390,1.012085
-0.385498,-0.167358,0.749023
0.049316,0.100098,1.026978
0.198730,-0.511963,0.833130
-0.500488,0.075317,0.778442
0.467163,-0.257812,1.011841
-0.345703,-0.183472,0.759033
-0.013428,0.134521,1.018066
0.264038,-0.499023,0.862549
-0.516968,0.033447,0.752075
0.447754,-0.229614,1.027710
-0.263672,-0.229492,0.774414
-0.070679,0.190063,1.023193
0.317017,-0.483398,0.885986
-0.536987,0.018188,0.747437
0.421875,-0.188965,1.042114
-0.192627,-0.265991,0.793579
-0.110107,0.193604,1.018066
0.334595,-0.458984,0.914429
-0.552246,0.021240,0.758911
0.411987,-0.192749,1.048218
-0.109741,-0.320923,0.792358
-0.170776,0.219849,1.000610
0.378174,-0.414551,0.949219
-0.520508,-0.040161,0.755981
0.378662,-0.157349,1.035645
-0.052124,-0.346436,0.805054
-0.232666,0.190918,0.949707
0.423096,-0.383667,0.971802
-0.493286,-0.081543,0.760620
0.319824,-0.094482,1.042358
0.048584,-0.436157,0.815186
-0.315552,0.157715,0.896362
0.436768,-0.351196,0.986206
-0.457642,-0.124634,0.758911
0.255249,-0.045654,1.049072
0.074585,-0.452515,0.801514
-0.356201,0.147705,0.884521
0.469727,-0.318726,1.003174
-0.441406,-0.122192,0.763062
0.168335,-0.009155,1.020142
0.134521,-0.471313,0.839233
-0.394897,0.088013,0.868164
0.501953,-0.305542,1.035156
-0.406860,-0.143555,0.761963
0.082764,0.106445,1.031616
0.214355,-0.459839,0.877319
-0.544800,0.028931,0.734619
0.442261,-0.237183,1.024780
-0.337524,-0.196899,0.783447
-0.113770,0.196899,0.993896
0.301147,-0.380493,0.915527
-0.552002,0.016724,0.745483
0.403687,-0.206055,1.030273
-0.113647,-0.334106,0.789917
-0.191162,0.206543,0.971802
0.356934,-0.404907,0.918335
-0.536133,-0.018677,0.754395
0.357056,-0.123047,1.029663
-0.027100,-0.366577,0.798462
-0.254761,0.182495,0.920898
0.395386,-0.385376,0.940186
-0.514282,-0.106689,0.738892
0.298828,-0.097900,1.018921
0.040527,-0.426514,0.793457
-0.311523,0.152588,0.874634
0.433350,-0.332031,0.979492
-0.489868,-0.121338,0.744507
0.222412,-0.068481,1.010254
0.072754,-0.459961,0.782227
-0.380615,0.113159,0.834473
0.465454,-0.286865,1.000366
-0.433228,-0.106812,0.760132
0.107056,0.039551,1.013062
0.157715,-0.503418,0.821167
-0.455688,0.059326,0.797363
0.472900,-0.248169,1.029785
-0.359131,-0.166992,0.751831
-0.002563,0.171997,1.030273
0.255615,-0.444092,0.872314
-0.513062,0.021484,0.756348
0.467041,-0.276367,1.030151
-0.248535,-0.266357,0.778931
-0.090454,0.225342,1.021484
0.298828,-0.384644,0.908447
-0.545410,0.044678,0.761841
0.436646,-0.239990,1.046997
-0.135498,-0.348633,0.804688
-0.125000,0.177490,1.004272
0.333740,-0.362671,0.925537
-0.554077,0.070190,0.761963
0.409058,-0.223999,1.036865
-0.033325,-0.362061,0.845947
-0.175659,0.153320,0.982910
0.367554,-0.356323,0.951660
-0.542603,0.038208,0.741577
0.371094,-0.164673,1.036133
0.024902,-0.417358,0.846680
-0.218018,0.132324,0.958374
0.402100,-0.357910,0.963623
-0.515503,-0.031982,0.732056
0.317139,-0.091309,1.035522
0.051758,-0.439453,0.821899
-0.276245,0.166870,0.947632
0.445557,-0.353271,0.998291
-0.476562,-0.105347,0.755371
0.271851,-0.025146,1.049316
0.079956,-0.451416,0.814575
-0.306885,0.113403,0.915649
0.460449,-0.330200,1.016968
-0.465454,-0.109863,0.753784
0.236816,-0.016724,1.046143
0.120239,-0.431885,0.836548
-0.374023,0.138550,0.887329
0.475952,-0.305298,1.033325
-0.409668,-0.181030,0.761108
0.185669,0.002686,1.052856
0.154053,-0.451538,0.848145
-0.420898,0.132690,0.857178
0.506104,-0.286377,1.040161
-0.346313,-0.182495,0.791992
0.090576,0.067383,1.039673
0.234741,-0.479858,0.870239
-0.449585,0.062500,0.810181
0.503418,-0.266235,1.054810
-0.301758,-0.196655,0.802856
0.011841,0.112549,1.031128
0.287720,-0.467041,0.906006
-0.463257,0.013794,0.792114
0.479492,-0.189941,1.084839
-0.213013,-0.236328,0.817627
-0.072144,0.187500,1.037842
0.365723,-0.468872,0.940063
-0.501099,0.016724,0.779053
0.438721,-0.134644,1.096191
-0.083862,-0.289062,0.843384
-0.133911,0.219238,1.037109
0.396606,-0.392822,0.972412
-0.477539,-0.033936,0.796753
0.390503,-0.131104,1.081299
0.025879,-0.403931,0.853760
-0.196777,0.181030,0.998657
0.456787,-0.342651,1.021118
-0.480225,-0.054077,0.767456
0.327026,-0.098022,1.070190
0.070190,-0.451294,0.852417
-0.252808,0.144043,0.977295
0.480835,-0.299072,1.048706
-0.439453,-0.088745,0.784058
0.280151,-0.021362,1.083862
0.108765,-0.418701,0.870239
-0.325562,0.153442,0.954834
0.517334,-0.286255,1.091309
-0.401001,-0.177979,0.785645
0.204102,-0.002075,1.069336
0.197266,-0.444214,0.889771
-0.376953,0.117432,0.873901
0.528076,-0.231567,1.106079
-0.317017,-0.201416,0.810547
0.109863,0.058105,1.064209
0.279541,-0.458252,0.928833
-0.435303,0.061157,0.825562
0.522827,-0.215698,1.102295
-0.224731,-0.212646,0.850220
-0.012573,0.174805,1.071289
0.350342,-0.451172,0.959595
-0.473999,-0.001587,0.801147
0.494629,-0.159790,1.131714
-0.112793,-0.267456,0.861938
-0.104370,0.246216,1.073242
0.407227,-0.397949,0.981812
-0.459839,-0.041138,0.812744
0.442139,-0.126465,1.140625
0.025757,-0.365601,0.887695
-0.181030,0.234985,1.042847
0.466553,-0.335327,1.037476
-0.450195,-0.063477,0.811157
0.381592,-0.098511,1.119751
0.075928,-0.422485,0.873291
-0.238281,0.161377,0.999146
0.511230,-0.272217,1.089355
-0.418701,-0.079834,0.804932
0.270752,0.020142,1.110352
0.166382,-0.444458,0.916016
-0.329956,0.122681,0.962524
0.544556,-0.254395,1.135132
-0.363037,-0.151489,0.816650
0.172485,0.099609,1.099854
0.266357,-0.452881,0.931396
-0.400269,0.083252,0.894409
0.558472,-0.234131,1.146362
-0.265747,-0.255371,0.815552
0.066284,0.169922,1.084351
0.327881,-0.401489,0.966431
-0.443481,0.038452,0.851562
0.548218,-0.243042,1.152222
-0.168335,-0.287476,0.864990
-0.032593,0.207397,1.072144
0.386353,-0.365967,0.999756
-0.444824,-0.005859,0.841797
0.509766,-0.163940,1.158936
-0.068115,-0.325439,0.886108
-0.083984,0.184448,1.073120
0.435181,-0.346680,1.041748
-0.450806,-0.005371,0.845093
0.458252,-0.096802,1.166626
0.032837,-0.389282,0.898804
-0.148193,0.183350,1.069824
0.462646,-0.328125,1.058716
-0.447144,-0.050171,0.815308
0.436768,-0.066772,1.164307
0.060181,-0.342651,0.903809
-0.221313,0.221680,1.047241
0.499634,-0.306519,1.102661
-0.426636,-0.109863,0.808716
0.379028,-0.043823,1.152954
0.098755,-0.355835,0.919800
-0.280762,0.234985,1.027344
0.540283,-0.273682,1.121704
-0.390625,-0.136108,0.811279
0.285278,0.000244,1.130859
0.159912,-0.393433,0.934326
-0.306519,0.135498,0.965332
0.564941,-0.249023,1.151001
-0.353394,-0.165771,0.827515
0.200073,0.066528,1.118164
0.248413,-0.425659,0.957764
-0.357544,0.091431,0.918091
0.572754,-0.223022,1.160400
-0.287720,-0.210449,0.837891
0.111206,0.139160,1.099487
0.319336,-0.427246,0.972412
-0.409912,0.080078,0.894287
0.554688,-0.185425,1.166382
-0.213989,-0.254028,0.855835
0.037109,0.186035,1.110229
0.364868,-0.406494,0.997925
-0.452759,0.055176,0.872681
0.552612,-0.175049,1.174316
-0.119385,-0.279297,0.888428
-0.056274,0.220947,1.098511
0.408447,-0.383911,1.003540
-0.444214,0.014404,0.850464
0.516113,-0.154297,1.159058
-0.018677,-0.308105,0.901367
-0.106812,0.230347,1.084106
0.426514,-0.326782,1.020996
-0.443726,-0.054321,0.841309
0.501465,-0.128662,1.192993
0.003174,-0.323120,0.896973
-0.171631,0.249512,1.074829
0.473267,-0.321899,1.063477
-0.458008,-0.059937,0.828979
0.436035,-0.130493,1.160889
0.039062,-0.361938,0.914429
-0.214966,0.248047,1.054321
0.501831,-0.285278,1.094116
-0.452881,-0.071777,0.812622
0.379761,-0.072144,1.171753
0.107178,-0.389893,0.920410
-0.284424,0.203003,1.008911
0.529663,-0.256714,1.126465
-0.396484,-0.128906,0.802124
0.286987,0.012329,1.142944
0.180054,-0.403198,0.928589
-0.326660,0.158936,0.967285
0.552246,-0.270020,1.125488
-0.362183,-0.159546,0.813110
0.203613,0.052612,1.120483
0.243408,-0.413208,0.951050
-0.381470,0.121826,0.924805
0.555298,-0.225586,1.144897
-0.292480,-0.223633,0.822388
0.098511,0.121094,1.102051
0.296509,-0.410034,0.973267
-0.420898,0.063110,0.875488
0.539429,-0.182617,1.162842
-0.197144,-0.264404,0.850464
0.004028,0.172363,1.092407
0.347046,-0.387085,0.972046
-0.444336,0.020874,0.854370
0.532593,-0.175659,1.167725
-0.075684,-0.337646,0.869507
-0.070435,0.178589,1.062744
0.374878,-0.344727,0.987305
-0.453857,-0.020142,0.833252
0.505371,-0.162476,1.171509
-0.050903,-0.354980,0.857544
-0.145142,0.197876,1.045776
0.432129,-0.316528,1.033691
-0.478271,-0.032959,0.803833
0.437500,-0.122437,1.160889
-0.013428,-0.364746,0.875244
-0.237427,0.197998,1.023071
0.477173,-0.291260,1.078613
-0.458984,-0.063843,0.791382
0.348999,-0.035400,1.150879
0.061646,-0.371582,0.891968
-0.300415,0.177490,0.993530
0.516235,-0.296143,1.094849
-0.422729,-0.105713,0.788574
0.276245,0.019897,1.144531
0.129028,-0.385742,0.906128
-0.356689,0.136963,0.929321
0.528809,-0.259644,1.110229
-0.376343,-0.188843,0.787476
0.172241,0.054565,1.114136
0.198242,-0.430786,0.915405
-0.405518,0.125244,0.908447
0.524414,-0.215820,1.118164
-0.322754,-0.211182,0.797485
0.064453,0.135376,1.087769
0.259155,-0.428223,0.923340
-0.446045,0.036743,0.866699
0.529175,-0.218628,1.131836
-0.236816,-0.267456,0.821289
-0.000244,0.181763,1.080688
0.281738,-0.377930,0.920410
-0.466919,-0.001465,0.833008
0.521973,-0.237549,1.128052
-0.164673,-0.337524,0.812134
-0.049805,0.160767,1.053345
0.325439,-0.354004,0.945312
-0.490601,-0.005981,0.795410
0.493774,-0.206787,1.135742
-0.113281,-0.363892,0.816650
-0.130737,0.165161,1.029053
0.359985,-0.325928,0.974121
-0.512573,-0.020020,0.779419
0.442993,-0.135498,1.136719
-0.082520,-0.377808,0.816284
-0.208496,0.167480,1.024658
0.411011,-0.312744,1.018433
-0.516602,-0.026489,0.773560
0.384888,-0.114014,1.113403
-0.033813,-0.350098,0.851196
-0.261841,0.150146,0.972778
0.434448,-0.278931,1.047485
-0.507935,-0.056396,0.756348
0.312866,-0.047852,1.112671
0.031006,-0.385864,0.863281
-0.331787,0.148315,0.938599
0.457886,-0.270874,1.051025
-0.477661,-0.082275,0.741211
0.228149,0.013794,1.093628
0.088745,-0.406982,0.868408
-0.400513,0.128052,0.913208
0.480469,-0.280396,1.062012
-0.442749,-0.138794,0.749512
0.145630,0.081665,1.077515
0.128662,-0.402954,0.869751
-0.429688,0.104736,0.887207
0.495117,-0.259888,1.076782
-0.419556,-0.167480,0.750732
0.088867,0.106812,1.065308
0.177124,-0.410767,0.878052
-0.476318,0.116821,0.866211
0.501831,-0.262085,1.081055
-0.368774,-0.230469,0.759644
0.028931,0.083740,1.043701
0.225708,-0.399048,0.902588
-0.504883,0.072632,0.813843
0.484497,-0.222900,1.082764
-0.257812,-0.300171,0.775024
-0.045410,0.130005,1.038086
0.270874,-0.393188,0.909302
-0.542114,0.053223,0.787964
0.465820,-0.223633,1.075439
-0.198486,-0.343384,0.761719
-0.129517,0.134155,0.994629
0.308838,-0.382080,0.916016
-0.547241,0.033081,0.778076
0.440674,-0.191406,1.090820
-0.172363,-0.339111,0.769653
-0.208374,0.150391,0.975098
0.360107,-0.374268,0.955078
-0.557861,0.019897,0.757690
0.385742,-0.126831,1.082031
-0.135254,-0.328735,0.784668
-0.290649,0.154907,0.948975
0.395752,-0.357056,0.984131
-0.552612,-0.056152,0.728638
0.308716,-0.082397,1.079956
-0.061035,-0.347534,0.799438
-0.378174,0.190308,0.913330
0.425903,-0.314331,1.007690
-0.502686,-0.123291,0.717407
0.201538,-0.018066,1.071045
0.026611,-0.397339,0.810547
-0.460449,0.190308,0.883789
0.455322,-0.267700,1.030762
-0.460205,-0.161133,0.744385
0.074707,0.079468,1.043945
0.146118,-0.422485,0.861084
-0.526123,0.124512,0.822998
0.449829,-0.233521,1.040039
-0.326294,-0.237793,0.765015
-0.038940,0.134888,1.023926
0.231323,-0.421875,0.882812
-0.566650,0.053955,0.771851
0.435059,-0.213013,1.053833
-0.234985,-0.324585,0.730103
-0.154053,0.163818,0.976929
0.301514,-0.376465,0.900146
-0.588257,0.012573,0.742065
0.416260,-0.195923,1.057251
-0.176636,-0.321655,0.741821
-0.249756,0.168701,0.941650
0.344238,-0.338135,0.942505
-0.590820,-0.005737,0.732544
0.337280,-0.138916,1.055298
-0.113892,-0.381592,0.753906
-0.340576,0.171143,0.903809
0.396118,-0.324707,0.977295
-0.558472,-0.034180,0.724121
0.218872,-0.036865,1.028931
-0.048218,-0.376709,0.780396
-0.413452,0.138916,0.878784
0.420776,-0.300293,1.002808
-0.535889,-0.071411,0.712524
0.121216,0.050903,1.015747
0.048828,-0.388672,0.812866
-0.494751,0.142578,0.843872
0.426514,-0.265625,1.023926
-0.452759,-0.164551,0.722046
0.042603,0.115601,1.016846
0.136841,-0.383545,0.848267
-0.561157,0.129150,0.796875
0.426514,-0.249146,1.017090
-0.330322,-0.264648,0.724121
-0.041138,0.169189,1.009766
0.193604,-0.384277,0.845215
-0.613159,0.101440,0.761963
0.429932,-0.252930,1.019165
-0.252319,-0.345825,0.712769
-0.098999,0.156494,0.976074
0.226807,-0.363770,0.847900
-0.622437,0.127075,0.757568
0.427246,-0.283203,1.003052
-0.216309,-0.369385,0.717285
-0.169678,0.130981,0.954224
0.281006,-0.354980,0.895874
-0.628540,0.086548,0.732544
0.392212,-0.187988,1.029907
-0.172119,-0.370117,0.726685
-0.232056,0.158569,0.944214
0.314209,-0.342041,0.903931
-0.632446,0.067749,0.722168
0.362061,-0.205566,0.999268
-0.135864,-0.359009,0.758789
-0.284668,0.156128,0.914917
0.339600,-0.323853,0.923950
-0.606079,0.064453,0.724731
0.305054,-0.123291,1.007080
-0.111694,-0.383423,0.742798
-0.335327,0.180908,0.896118
0.369141,-0.323853,0.938110
-0.588013,0.040527,0.714600
0.264893,-0.080811,0.999390
-0.088989,-0.381958,0.759766
-0.380127,0.166748,0.876953
0.392456,-0.323120,0.946289
-0.581787,-0.003418,0.699097
0.214844,-0.043701,0.992188
-0.044067,-0.409302,0.772095
-0.430664,0.190186,0.851685
0.400146,-0.285400,0.955688
-0.556152,-0.027344,0.709961
0.160034,0.000854,0.996582
0.001221,-0.398682,0.800293
-0.490479,0.198853,0.854736
0.418701,-0.276733,0.983521
-0.525513,-0.060669,0.709717
0.093140,0.081665,1.007568
0.081177,-0.425659,0.812134
-0.531372,0.210938,0.851562
0.409546,-0.230591,0.983765
-0.470825,-0.101074,0.718262
0.048096,0.107178,1.015991
0.127563,-0.419312,0.824585
-0.561157,0.182129,0.817871
0.419922,-0.188721,1.011230
-0.370361,-0.160522,0.740112
-0.024170,0.168457,1.011108
0.181030,-0.414551,0.843262
-0.585083,0.131226,0.776001
0.426025,-0.187866,1.023560
-0.296875,-0.242920,0.729126
-0.095703,0.197754,0.983276
0.229004,-0.404785,0.855591
-0.609131,0.123169,0.759766
0.427856,-0.189697,1.019287
-0.230591,-0.299316,0.731812
-0.160400,0.192627,0.969116
0.274780,-0.381226,0.874268
-0.610229,0.114380,0.749023
0.405273,-0.152832,1.022827
-0.169067,-0.323486,0.732178
-0.219238,0.201172,0.937378
0.333252,-0.371826,0.903320
-0.616455,0.075928,0.732544
0.367432,-0.149780,1.008057
-0.130127,-0.364136,0.726440
-0.284424,0.216309,0.905029
0.368164,-0.324585,0.920044
-0.597290,0.017090,0.717163
0.304688,-0.095215,1.006592
-0.072510,-0.385986,0.745117
-0.367432,0.213623,0.869141
0.388794,-0.305542,0.931885
-0.568604,-0.018799,0.702393
0.229980,-0.061890,0.983032
-0.029053,-0.396973,0.765869
-0.423828,0.204346,0.853882
0.415039,-0.274292,0.961426
-0.527222,-0.022095,0.726196
0.130249,0.038574,0.989258
0.041504,-0.422974,0.786865
-0.477539,0.186768,0.832153
0.427124,-0.230103,0.972412
-0.460205,-0.047485,0.745972
0.069702,0.133789,1.014648
0.113525,-0.402344,0.824097
-0.546021,0.167847,0.812988
0.425415,-0.199951,1.000366
-0.383179,-0.144653,0.734619
-0.007690,0.172974,1.010254
0.191895,-0.407959,0.856079
-0.589111,0.138306,0.773560
0.414551,-0.156372,1.017334
-0.280640,-0.227295,0.725708
-0.087036,0.192627,0.977295
0.265747,-0.399658,0.874512
-0.605713,0.099121,0.755249
0.409546,-0.152222,1.020264
-0.173340,-0.311035,0.736084
-0.183838,0.213501,0.931763
0.328979,-0.351929,0.905762
-0.588501,0.088501,0.754517
0.366943,-0.126343,1.019043
-0.116455,-0.386108,0.732544
-0.267822,0.186768,0.894409
0.375977,-0.332642,0.926758
-0.577393,0.055664,0.739502
0.306641,-0.071899,1.004028
-0.062988,-0.389648,0.747192
-0.342651,0.176025,0.862427
0.400146,-0.301636,0.941040
-0.544922,0.004272,0.729980
0.207886,-0.010254,0.991577
0.001831,-0.401489,0.762573
-0.423950,0.192505,0.838745
0.416504,-0.251709,0.967651
-0.481934,-0.081055,0.741577
0.124268,0.046753,1.004028
0.072632,-0.404541,0.795654
-0.500000,0.187256,0.808838
0.430176,-0.212280,0.980713
-0.390015,-0.119873,0.765259
0.029419,0.125610,1.008545
0.156982,-0.422974,0.833618
-0.555664,0.149170,0.774658
0.437134,-0.176514,1.010742
-0.288940,-0.185059,0.742188
-0.068726,0.213379,0.994507
0.256592,-0.406006,0.869751
-0.598145,0.114990,0.759155
0.430664,-0.176636,1.010010
-0.199341,-0.266357,0.747192
-0.159790,0.235962,0.958374
0.331055,-0.374390,0.902832
-0.600708,0.098389,0.757446
0.395386,-0.146729,1.012573
-0.098389,-0.350464,0.761597
-0.234375,0.192261,0.904907
0.353516,-0.317871,0.930298
-0.575684,0.042725,0.742188
0.347290,-0.099731,1.021606
-0.038696,-0.405884,0.741577
-0.315796,0.217896,0.875854
0.384888,-0.308350,0.922363
-0.553101,-0.029907,0.718140
0.279175,-0.074341,1.000610
-0.007446,-0.410767,0.760010
-0.380127,0.192993,0.848267
0.416260,-0.288086,0.948242
-0.505859,-0.026733,0.751465
0.188477,-0.018799,0.999023
0.054077,-0.453003,0.765259
-0.438843,0.175903,0.826416
0.433838,-0.236328,0.970459
-0.461182,-0.054199,0.763184
0.099731,0.067261,0.999634
0.118530,-0.457642,0.806274
-0.501709,0.127441,0.790283
0.452271,-0.195190,1.021362
-0.397949,-0.124634,0.736572
0.004883,0.143555,0.999878
0.198975,-0.439209,0.835815
-0.548706,0.096802,0.767944
0.436157,-0.204834,1.006226
-0.280518,-0.195312,0.770874
-0.074341,0.183105,0.986450
0.258301,-0.440552,0.869873
-0.584473,0.081421,0.741455
0.435303,-0.178467,1.027466
-0.169556,-0.244141,0.777832
-0.152588,0.221558,0.964966
0.317139,-0.398682,0.902832
-0.578369,0.052856,0.749146
0.389648,-0.155884,1.021362
-0.106934,-0.350342,0.761841
-0.205322,0.206177,0.945679
0.362427,-0.338135,0.941162
-0.561523,0.017578,0.738892
0.347900,-0.147827,1.005371
-0.047119,-0.408203,0.763428
-0.280273,0.174805,0.890259
0.418945,-0.332031,0.948120
-0.552002,0.005615,0.733643
0.254028,-0.060181,0.992676
0.022705,-0.442017,0.776611
-0.332764,0.111816,0.837036
0.435913,-0.317627,0.953735
-0.523560,-0.034424,0.732544
0.177124,0.017578,1.000977
0.064331,-0.449341,0.761963
-0.410400,0.114502,0.817627
0.450806,-0.297852,0.982056
-0.454224,-0.084961,0.761719
0.100952,0.047363,1.000732
0.128540,-0.439941,0.801270
-0.504883,0.142456,0.785034
0.465210,-0.252197,1.003052
-0.362305,-0.126343,0.786377
0.001831,0.107544,1.000000
0.210327,-0.473389,0.833252
-0.539551,0.071777,0.742065
0.437744,-0.174194,1.017334
-0.249390,-0.196777,0.784912
-0.100220,0.190918,0.983887
0.287109,-0.470825,0.874634
-0.552612,0.023071,0.739258
0.417480,-0.175903,1.032104
-0.139893,-0.269897,0.779297
-0.189819,0.212524,0.959961
0.341431,-0.391357,0.907715
-0.527466,-0.018433,0.764771
0.383545,-0.151733,1.032104
-0.044922,-0.362305,0.793091
-0.267212,0.197998,0.907837
0.378662,-0.345581,0.931274
-0.514526,-0.063354,0.747070
0.303589,-0.099365,1.016846
0.033447,-0.447266,0.791138
-0.353271,0.153442,0.844360
0.411133,-0.317139,0.952393
-0.476318,-0.124023,0.732056
0.193115,-0.035400,1.007324
0.087891,-0.468018,0.782593
-0.423340,0.120117,0.802246
0.457886,-0.266357,0.994629
-0.423584,-0.153564,0.738770
0.088745,0.053589,1.013672
0.150146,-0.483887,0.805054
-0.483887,0.094971,0.778931
0.466919,-0.248047,1.013794
-0.338379,-0.173096,0.768433
-0.027344,0.167114,1.026733
0.247192,-0.503052,0.844482
-0.525269,0.049194,0.751221
0.451050,-0.231079,1.024170
-0.234741,-0.253052,0.778320
-0.121094,0.233398,1.012939
0.310059,-0.404541,0.914185
-0.548096,0.012573,0.752563
0.423584,-0.224609,1.030518
-0.143066,-0.291992,0.791748
-0.165894,0.219360,0.986084
0.358398,-0.357300,0.947388
-0.544678,0.003174,0.760864
0.377930,-0.212158,1.015747
-0.045532,-0.369019,0.818481
-0.210693,0.153931,0.938354
0.389526,-0.336792,0.970947
-0.526733,-0.003418,0.753174
0.341675,-0.146362,1.017212
0.017334,-0.419189,0.810913
-0.273682,0.121460,0.903687
0.427124,-0.326782,0.985840
-0.492798,-0.060181,0.753540
0.268188,-0.066040,1.025879
0.042725,-0.447510,0.797852
-0.323853,0.118408,0.882446
0.463501,-0.337769,1.005859
-0.480591,-0.131470,0.736816
0.208252,-0.020264,1.025513
0.093994,-0.443604,0.804077
-0.384033,0.139160,0.861572
0.474609,-0.318726,1.008667
-0.429688,-0.143677,0.766113
0.144897,-0.001709,1.011475
0.135254,-0.454346,0.822876
-0.408936,0.112427,0.836060
0.491577,-0.274292,1.032959
-0.398804,-0.170044,0.758423
0.067139,0.054810,1.018555
0.219849,-0.509766,0.848022
-0.447754,0.036499,0.790771
0.473511,-0.193970,1.061768
-0.333374,-0.161987,0.776855
0.006470,0.131836,1.038208
0.292358,-0.534180,0.870239
-0.486206,0.029663,0.771729
0.455444,-0.203979,1.041626
-0.266724,-0.174438,0.798828
-0.067383,0.157471,1.019287
0.356201,-0.504517,0.925903
-0.496948,-0.011597,0.763062
0.428101,-0.155396,1.061890
-0.167236,-0.230347,0.817749
-0.141479,0.186646,0.998047
0.399048,-0.449585,0.971069
-0.505371,-0.049072,0.776978
0.398560,-0.125854,1.080200
-0.055420,-0.341309,0.822510
-0.204224,0.219238,0.997070
0.424072,-0.403687,0.987305
-0.480835,-0.083618,0.766846
0.356323,-0.092651,1.079102
0.027222,-0.401367,0.823364
-0.258423,0.213135,0.965332
0.453491,-0.359375,0.995972
-0.463623,-0.094360,0.772705
0.292969,-0.074219,1.052246
0.081787,-0.442871,0.826538
-0.308716,0.167725,0.931396
0.487671,-0.339722,1.018311
-0.443848,-0.095459,0.784058
0.226196,-0.031738,1.039917
0.120850,-0.439453,0.845093
-0.503296,0.072632,0.762817
0.480225,-0.253296,1.031738
-0.311890,-0.194580,0.787354
-0.035034,0.139160,1.007690
0.255737,-0.488770,0.865723
-0.529663,0.019897,0.730225
0.442261,-0.206665,1.038940
-0.196289,-0.254028,0.798706
-0.102661,0.192749,1.020142
0.321289,-0.438843,0.901001
-0.543457,0.025635,0.744507
0.410156,-0.184082,1.034058
-0.116089,-0.316650,0.806641
-0.162598,0.178223,0.991699
0.365356,-0.419922,0.934204
-0.527954,-0.011719,0.760864
0.357910,-0.135254,1.026978
-0.036011,-0.379639,0.804077
-0.233398,0.173462,0.944824
0.415894,-0.381592,0.962280
-0.507812,-0.053223,0.747437
0.309692,-0.097168,1.028687
0.049438,-0.436157,0.804077
-0.295898,0.152222,0.911377
0.439331,-0.361328,0.983154
-0.480469,-0.132935,0.739014
0.244385,-0.037842,1.034668
0.077393,-0.436523,0.793701
-0.354980,0.144897,0.870850
0.475830,-0.304565,1.011841
-0.425903,-0.173340,0.743042
0.167480,-0.009521,1.028564
0.128418,-0.457520,0.817993
-0.408203,0.112061,0.839478
0.476807,-0.280396,1.025269
-0.371704,-0.173340,0.783081
0.083862,0.063965,1.029053
0.205200,-0.492920,0.850586
-0.463989,0.053711,0.783325
0.485962,-0.249146,1.040161
-0.319092,-0.186401,0.788086
0.000732,0.130737,1.043701
0.289551,-0.514526,0.873901
-0.492432,0.006470,0.754272
0.456665,-0.179932,1.068848
-0.227783,-0.210205,0.810181
-0.078247,0.189209,1.038940
0.351440,-0.494263,0.915527
-0.510620,0.019409,0.779907
0.434326,-0.154907,1.071655
-0.138550,-0.288208,0.810181
-0.150757,0.203369,1.012939
0.393555,-0.418335,0.959595
-0.502563,-0.029297,0.773315
0.401489,-0.161621,1.053223
-0.033447,-0.353882,0.827026
-0.208740,0.181396,0.965820
0.425659,-0.325562,1.003174
-0.463623,-0.062622,0.770508
0.330200,-0.088989,1.068604
0.051025,-0.427490,0.856323
-0.263184,0.138672,0.955688
0.466064,-0.323730,1.029663
-0.448364,-0.075806,0.772095
0.267578,-0.011475,1.069824
0.104492,-0.419800,0.859253
-0.332642,0.140259,0.932007
0.492310,-0.315186,1.048340
-0.416138,-0.135498,0.770142
0.201172,0.052490,1.075806
0.151001,-0.445923,0.861694
-0.397339,0.142212,0.908691
0.526367,-0.306885,1.075317
-0.375122,-0.189697,0.773926
0.140503,0.096069,1.078857
0.217651,-0.442017,0.888916
-0.425781,0.091797,0.841064
0.510254,-0.262939,1.072632
-0.309326,-0.219238,0.801636
0.072144,0.104980,1.059204
0.283325,-0.458740,0.919067
-0.461548,0.065552,0.801025
0.510132,-0.241821,1.072144
-0.240723,-0.241333,0.820068
-0.001343,0.147705,1.052612
0.344116,-0.459351,0.950806
-0.475708,0.031250,0.794312
0.472168,-0.151489,1.102173
-0.171631,-0.256836,0.827393
-0.050537,0.171143,1.057861
0.390869,-0.404053,0.995239
-0.493774,0.008667,0.798706
0.442017,-0.114014,1.106934
-0.047974,-0.339844,0.839722
-0.138306,0.208008,1.053223
0.432129,-0.382324,1.019531
-0.470093,-0.031860,0.804565
0.405029,-0.094727,1.110596
0.042725,-0.378052,0.873413
-0.226318,0.204956,1.022583
0.479248,-0.350708,1.044678
-0.437866,-0.124512,0.783936
0.341675,-0.053711,1.104736
0.095703,-0.373291,0.888550
-0.288818,0.206787,0.970947
0.511475,-0.296143,1.074341
-0.379883,-0.163574,0.803467
0.248047,0.000122,1.095947
0.171997,-0.422607,0.902710
-0.357422,0.158325,0.921387
0.536377,-0.250000,1.106567
-0.339600,-0.196777,0.797852
0.138794,0.071167,1.079834
0.274414,-0.456177,0.937012
-0.397949,0.076294,0.859131
0.528320,-0.203857,1.113159
-0.264282,-0.217407,0.824463
0.039062,0.146362,1.068359
0.353638,-0.448853,0.965698
-0.442505,0.036743,0.834961
0.512451,-0.143555,1.150391
-0.137329,-0.244873,0.863403
-0.074097,0.234619,1.076660
0.413574,-0.428711,1.005127
-0.454956,-0.056519,0.814575
0.460693,-0.104980,1.152344
0.006226,-0.320679,0.879639
-0.146118,0.235718,1.070679
0.457275,-0.340942,1.041382
-0.457153,-0.071289,0.811646
0.410889,-0.096680,1.147217
0.064209,-0.386108,0.890747
-0.237427,0.221069,1.023560
0.505737,-0.281494,1.088013
-0.406006,-0.106445,0.814697
0.313965,-0.028687,1.123779
0.146362,-0.435303,0.903320
-0.319336,0.188232,0.974731
0.540649,-0.249390,1.121582
-0.356201,-0.141235,0.823730
0.196655,0.044922,1.101074
0.253418,-0.459961,0.944336
-0.377930,0.091064,0.887085
0.543335,-0.216553,1.128418
-0.264648,-0.202759,0.838989
0.080688,0.151001,1.103760
0.344116,-0.445679,0.981689
-0.442383,0.056885,0.848999
0.516235,-0.147949,1.152344
-0.160645,-0.246094,0.855225
-0.022827,0.212769,1.099609
0.417236,-0.399780,1.018677
-0.442383,-0.026367,0.839111
0.482300,-0.097778,1.175293
-0.031250,-0.327148,0.873779
-0.106445,0.227539,1.082642
0.461548,-0.345337,1.055420
-0.456055,-0.030518,0.828247
0.437744,-0.105103,1.158203
0.036865,-0.391968,0.880493
-0.179810,0.189087,1.045410
0.505493,-0.307983,1.095337
-0.421875,-0.070557,0.823242
0.364868,-0.026367,1.151611
0.079102,-0.360352,0.915894
-0.264404,0.180908,1.011353
0.527954,-0.248047,1.143311
-0.383423,-0.155029,0.806152
0.298340,0.028564,1.155273
0.180298,-0.404419,0.931152
-0.338623,0.172852,0.952271
0.556030,-0.254517,1.126343
-0.316772,-0.190918,0.832031
0.199463,0.055420,1.125488
0.264771,-0.430176,0.968384
-0.388672,0.099243,0.891602
0.548340,-0.186035,1.150513
-0.258057,-0.234741,0.837036
0.117432,0.116455,1.126343
0.341675,-0.431641,0.979126
-0.433228,0.105103,0.873901
0.539062,-0.154785,1.156006
-0.180908,-0.254395,0.853394
0.015503,0.184082,1.123535
0.390015,-0.418091,1.004761
-0.442383,0.043091,0.868042
0.528442,-0.134277,1.165161
-0.088867,-0.269775,0.884888
-0.078125,0.228760,1.094604
0.423584,-0.370972,1.031250
-0.438110,-0.040649,0.852295
0.499390,-0.110718,1.188110
0.001465,-0.350586,0.877197
-0.152344,0.243042,1.088379
0.481323,-0.348267,1.058960
-0.441895,-0.069214,0.818481
0.420654,-0.057373,1.178589
0.021606,-0.340820,0.884644
-0.210938,0.245239,1.069702
0.520264,-0.303223,1.106934
-0.433594,-0.118164,0.809448
0.369995,-0.051880,1.163208
0.089844,-0.362305,0.904419
-0.288818,0.207275,0.992554
0.536011,-0.248413,1.126221
-0.358276,-0.189087,0.820312
0.273926,0.008789,1.150879
0.175293,-0.402344,0.945557
-0.351807,0.140259,0.928101
0.543213,-0.215942,1.137939
-0.306030,-0.217529,0.817139
0.176270,0.093750,1.130615
0.273804,-0.425049,0.961914
-0.408691,0.118408,0.904663
0.540405,-0.193848,1.139893
-0.254639,-0.233276,0.839355
0.083618,0.130005,1.117920
0.330078,-0.403320,0.987427
-0.436157,0.077759,0.878540
0.543701,-0.179443,1.158569
-0.172974,-0.277100,0.854126
-0.018311,0.173950,1.091919
0.375488,-0.386230,1.002075
-0.454224,0.024536,0.857422
0.528320,-0.155762,1.176514
-0.071045,-0.357422,0.850464
-0.094116,0.179199,1.075684
0.411621,-0.354980,1.010254
-0.455078,-0.004883,0.846802
0.499146,-0.127563,1.171631
-0.044067,-0.338623,0.864380
-0.161255,0.179077,1.043091
0.447144,-0.317871,1.066895
-0.466919,-0.029907,0.817749
0.446777,-0.081299,1.176758
-0.006714,-0.333252,0.877197
-0.237061,0.201050,1.031128
0.487183,-0.303101,1.082642
-0.444580,-0.080933,0.805298
0.374268,-0.031372,1.165039
0.053833,-0.337280,0.900879
-0.296387,0.196777,0.996338
0.513428,-0.287964,1.096924
-0.416016,-0.124512,0.803467
0.307495,-0.003418,1.146851
0.103271,-0.369751,0.910767
-0.341675,0.161255,0.947388
0.532837,-0.263916,1.118286
-0.369263,-0.178711,0.798828
0.226929,0.044556,1.137085
0.173462,-0.406616,0.915283
-0.381592,0.135620,0.913330
0.536743,-0.240845,1.117188
-0.334595,-0.201172,0.813110
0.143799,0.079468,1.106934
0.250366,-0.424194,0.937378
-0.429688,0.100098,0.881470
0.533203,-0.208984,1.121338
-0.291870,-0.211792,0.823364
0.052368,0.117432,1.079956
0.287964,-0.412720,0.953735
-0.463135,0.037964,0.841553
0.538818,-0.202515,1.142578
-0.207886,-0.275635,0.815186
-0.036865,0.179565,1.067261
0.343384,-0.388306,0.963623
-0.463867,0.004150,0.838745
0.495850,-0.177856,1.132324
-0.118774,-0.315430,0.813843
-0.093262,0.196655,1.055298
0.382568,-0.341064,0.993408
-0.489136,-0.048462,0.806885
0.452759,-0.169434,1.137451
-0.089844,-0.345947,0.811890
-0.176514,0.181152,1.033081
0.413330,-0.310547,1.013062
-0.512939,-0.021729,0.788330
0.405273,-0.130737,1.133301
-0.014038,-0.372925,0.846436
-0.282104,0.195923,0.986328
0.449341,-0.311646,1.040039
-0.480225,-0.062988,0.781616
0.340576,-0.101074,1.120361
0.041748,-0.351807,0.883179
-0.340454,0.187012,0.948608
0.482300,-0.266724,1.076172
-0.436035,-0.149170,0.760498
0.224854,-0.014526,1.111816
0.125488,-0.421997,0.884644
-0.404663,0.145386,0.921387
0.494995,-0.233398,1.089966
-0.389282,-0.172119,0.772461
0.115723,0.070312,1.083618
0.210815,-0.434448,0.905640
-0.471924,0.104492,0.862549
0.502930,-0.210938,1.095459
-0.305054,-0.213623,0.790283
0.016235,0.129272,1.069458
0.267700,-0.398560,0.932495
-0.507690,0.046143,0.819092
0.501465,-0.228271,1.091553
-0.187012,-0.310181,0.789551
-0.068726,0.159668,1.051758
0.306885,-0.361450,0.928223
-0.521729,0.015747,0.785645
0.478027,-0.198975,1.107788
-0.146484,-0.352295,0.785400
-0.180786,0.193359,1.020630
0.379150,-0.361694,0.966919
-0.542236,-0.003906,0.779419
0.414673,-0.137573,1.107544
-0.106079,-0.338623,0.802856
-0.267090,0.206177,0.989990
0.416382,-0.333740,1.004761
-0.526245,-0.038574,0.765259
0.316284,-0.100342,1.091187
-0.041748,-0.363403,0.815918
-0.329834,0.142212,0.913452
0.452515,-0.284424,1.048462
-0.487183,-0.072510,0.747925
0.217285,0.018066,1.085205
0.054199,-0.415405,0.831177
-0.419312,0.152222,0.901855
0.462158,-0.290405,1.044067
-0.437866,-0.151001,0.752808
0.134766,0.079468,1.065918
0.121704,-0.392090,0.854004
-0.476196,0.118286,0.860596
0.485474,-0.276489,1.063599
-0.403931,-0.215576,0.747559
0.055664,0.113159,1.048828
0.171997,-0.398804,0.864258
-0.522949,0.078491,0.813477
0.493164,-0.275757,1.060547
-0.291870,-0.286011,0.759644
-0.016235,0.141968,1.035522
0.225464,-0.373535,0.875732
-0.543701,0.082886,0.788330
0.466797,-0.270630,1.052490
-0.253784,-0.344971,0.743530
-0.054077,0.105347,1.000000
0.268555,-0.387207,0.891479
-0.556519,0.067749,0.784058
0.443115,-0.219971,1.065063
-0.213745,-0.335693,0.745361
-0.146851,0.144409,0.981934
0.320068,-0.390137,0.922729
-0.567505,0.047119,0.769653
0.417114,-0.179565,1.071289
-0.188232,-0.352295,0.737427
-0.219971,0.151001,0.966797
0.342529,-0.365967,0.945312
-0.552612,-0.010620,0.756836
0.376831,-0.143311,1.074951
-0.154907,-0.338135,0.752563
-0.298828,0.193481,0.935913
0.394165,-0.363647,0.973755
-0.550415,-0.053223,0.745361
0.328735,-0.109497,1.070923
-0.120850,-0.337891,0.760864
-0.347290,0.199829,0.910400
0.406006,-0.321045,0.984863
-0.539307,-0.104370,0.723633
0.265259,-0.071899,1.061890
-0.071045,-0.384155,0.776855
-0.419800,0.193970,0.886719
0.419922,-0.301147,0.992310
-0.502197,-0.102539,0.747803
0.179443,-0.025391,1.042236
0.016602,-0.402588,0.812866
-0.466919,0.190063,0.868530
0.434204,-0.274170,1.016968
-0.483276,-0.126343,0.739502
0.083984,0.055176,1.028442
0.111450,-0.442993,0.834473
-0.520752,0.146362,0.825562
0.437988,-0.239868,1.026245
-0.405273,-0.191162,0.728760
0.010742,0.112915,1.029175
0.183105,-0.423462,0.852783
-0.560791,0.099854,0.798096
0.445801,-0.232544,1.046021
-0.311157,-0.274292,0.720825
-0.069824,0.163696,0.999268
0.236694,-0.391235,0.876221
-0.591309,0.058472,0.773438
0.433716,-0.233887,1.038452
-0.241333,-0.340210,0.708252
-0.153687,0.175659,0.967773
0.291626,-0.371460,0.886108
-0.606201,0.050659,0.755127
0.400513,-0.230347,1.020874
-0.185547,-0.370728,0.718262
-0.240601,0.173584,0.936523
0.331665,-0.345215,0.921997
-0.605957,0.063232,0.760376
0.354980,-0.172363,1.044189
-0.143677,-0.393921,0.738037
-0.296265,0.157593,0.905762
0.353516,-0.336792,0.940308
-0.604614,0.038208,0.728760
0.288330,-0.117065,1.024048
-0.082031,-0.377197,0.770996
-0.384521,0.185913,0.887573
0.383545,-0.299194,0.963745
-0.567627,-0.033691,0.706177
0.199219,-0.044067,1.016724
-0.016602,-0.396851,0.806396
-0.464844,0.187988,0.871216
0.412476,-0.269409,0.989014
-0.527222,-0.074585,0.693970
0.092285,0.058960,1.010986
0.073486,-0.408691,0.820679
-0.509766,0.173706,0.854126
0.408203,-0.229980,0.989502
-0.465942,-0.128296,0.716919
0.047241,0.077637,1.012573
0.127441,-0.427124,0.833252
-0.562256,0.163818,0.809692
0.407593,-0.207397,1.005005
-0.350342,-0.209595,0.735474
-0.022339,0.116577,1.005371
0.188232,-0.408936,0.850586
-0.590820,0.094116,0.768188
0.414551,-0.188843,1.023071
-0.276489,-0.280151,0.708984
-0.134155,0.190918,0.987061
0.280518,-0.406250,0.872314
-0.594116,0.071777,0.767578
0.382202,-0.147461,1.020508
-0.223022,-0.329712,0.701294
-0.206909,0.148926,0.935425
0.334839,-0.369019,0.917236
-0.611450,0.056152,0.738525
0.336182,-0.114990,1.017822
-0.155518,-0.353882,0.725098
-0.302734,0.172363,0.903320
0.376587,-0.359985,0.935547
-0.592529,0.025269,0.736694
0.259521,-0.061401,1.013428
-0.077759,-0.391113,0.748291
-0.405396,0.191406,0.871826
0.394165,-0.305176,0.961548
-0.566528,-0.028320,0.707031
0.182739,0.015991,1.013428
-0.003906,-0.412354,0.770874
-0.488159,0.219727,0.858154
0.407349,-0.272461,0.965210
-0.499390,-0.062622,0.724487
0.106934,0.082886,1.013184
0.057251,-0.386475,0.810913
-0.556885,0.182739,0.816040
0.430542,-0.264526,0.988037
-0.417358,-0.151001,0.722534
0.024536,0.168457,1.029785
0.139893,-0.383789,0.836670
-0.595581,0.158691,0.798828
0.425537,-0.248779,1.005981
-0.320801,-0.252075,0.713623
-0.055542,0.188477,0.998413
0.202026,-0.381470,0.851929
-0.608398,0.137451,0.776978
0.422729,-0.204590,1.017212
-0.253174,-0.297607,0.724243
-0.135132,0.179443,0.965576
0.276489,-0.382690,0.880859
-0.619263,0.129028,0.768311
0.383789,-0.156616,1.016113
-0.183838,-0.348877,0.716431
-0.197021,0.167480,0.924561
0.312622,-0.348511,0.898926
-0.607788,0.083374,0.742188
0.363647,-0.126465,1.018799
-0.146240,-0.394043,0.719238
-0.249878,0.168091,0.907593
0.334839,-0.316284,0.910522
-0.605469,0.074951,0.735229
0.312012,-0.095947,1.012695
-0.092773,-0.389893,0.746094
-0.332886,0.171143,0.880615
0.380005,-0.319458,0.922119
-0.573730,0.072266,0.721924
0.233154,-0.020508,0.987305
-0.032715,-0.390625,0.764282
-0.406860,0.185791,0.854736
0.393555,-0.279541,0.942627
-0.541626,-0.014404,0.705566
0.167114,0.049805,1.000000
0.009277,-0.390625,0.775757
-0.467773,0.194824,0.857300
0.431641,-0.274780,0.966675
-0.503662,-0.031372,0.720825
0.091553,0.116577,1.010620
0.079102,-0.406006,0.796875
-0.531128,0.194092,0.833252
0.428711,-0.241821,0.991455
-0.421997,-0.107178,0.737549
0.036865,0.151123,1.014526
0.143066,-0.377808,0.826172
-0.571411,0.151245,0.796265
0.428833,-0.200439,1.017456
-0.314697,-0.243896,0.729248
-0.047363,0.174072,0.995972
0.224243,-0.395508,0.852051
-0.585327,0.149658,0.778076
0.418701,-0.167725,1.004150
-0.230225,-0.248657,0.747437
-0.139893,0.181152,0.967285
0.280640,-0.376709,0.899536
-0.593628,0.087646,0.754028
0.382935,-0.105103,1.032837
-0.150635,-0.335205,0.734253
-0.219971,0.205688,0.936157
0.335083,-0.351440,0.910889
-0.595093,0.066528,0.737671
0.341919,-0.098022,1.007202
-0.070312,-0.370239,0.739258
-0.309204,0.207153,0.882324
0.383911,-0.310791,0.934082
-0.581299,-0.025513,0.701050
0.262817,-0.067749,0.985718
-0.038696,-0.380493,0.747681
-0.401978,0.201904,0.850586
0.428589,-0.281982,0.960449
-0.512939,-0.052612,0.728638
0.135254,0.040894,0.994629
0.033203,-0.419434,0.773560
-0.475952,0.193237,0.831665
0.446289,-0.243286,0.983765
-0.431152,-0.095093,0.765381
0.036621,0.125366,1.012207
0.122070,-0.412231,0.816284
-0.549438,0.144775,0.778564
0.439575,-0.175171,1.018311
-0.298706,-0.209717,0.750977
-0.058960,0.200684,1.005493
0.224121,-0.387817,0.863037
-0.591919,0.119995,0.754883
0.420898,-0.172607,1.014771
-0.201782,-0.282104,0.747803
-0.133057,0.208496,0.970947
0.320190,-0.376343,0.898926
-0.609009,0.126465,0.748169
0.374390,-0.110840,1.010986
-0.105225,-0.345947,0.741211
-0.232056,0.156982,0.909058
0.360229,-0.347656,0.931396
-0.588379,0.031738,0.718628
0.322021,-0.049805,1.024536
-0.039185,-0.398438,0.731567
-0.349365,0.184937,0.852783
0.404175,-0.305664,0.944824
-0.521240,-0.019287,0.726929
0.217651,0.003052,0.999146
0.023804,-0.414429,0.764282
-0.436157,0.182739,0.828613
0.432373,-0.260376,0.969116
-0.473389,-0.090942,0.729370
0.103638,0.083374,1.004150
0.094116,-0.404419,0.807251
-0.508911,0.160645,0.820557
0.447754,-0.230103,0.998413
-0.371338,-0.167358,0.758423
-0.024414,0.174683,1.000610
0.195923,-0.412598,0.838989
-0.555176,0.121948,0.776367
0.439941,-0.183960,1.019531
-0.252197,-0.230591,0.758667
-0.109985,0.188477,0.970215
0.267334,-0.374756,0.880371
-0.576660,0.081055,0.741455
0.434937,-0.167847,1.037842
-0.137085,-0.302979,0.766602
-0.210083,0.209717,0.933472
0.348633,-0.356323,0.916626
-0.580688,0.065796,0.750000
0.354614,-0.111206,1.010254
-0.042358,-0.388672,0.761597
-0.290771,0.182495,0.881470
0.397827,-0.338745,0.930176
-0.555420,0.002808,0.719849
0.258545,-0.030029,1.004272
0.002197,-0.413940,0.756104
-0.354492,0.165161,0.850708
0.424072,-0.275635,0.962402
-0.510864,-0.037231,0.741089
0.143311,0.021606,0.988892
0.069092,-0.446777,0.774170
-0.454224,0.144165,0.799316
0.453003,-0.227417,0.999878
-0.409912,-0.091431,0.766602
0.044067,0.159302,1.006348
0.131226,-0.408569,0.801636
-0.518921,0.080078,0.762817
0.442627,-0.234985,1.008301
-0.323364,-0.184937,0.755859
-0.011475,0.197632,1.020874
0.195557,-0.371094,0.834106
-0.566650,0.097534,0.747925
0.467773,-0.261353,1.015015
-0.257568,-0.255981,0.765625
-0.082153,0.179688,0.983276
0.280029,-0.401733,0.872437
-0.584717,0.118286,0.740723
0.412476,-0.176514,1.012207
-0.153931,-0.289917,0.789917
-0.154419,0.170532,0.948975
0.320068,-0.401978,0.903931
-0.576294,0.073853,0.752930
0.375000,-0.107300,1.030518
-0.078125,-0.352539,0.770752
-0.235962,0.194214,0.917847
0.366455,-0.400391,0.916992
-0.535034,-0.006348,0.743652
0.325928,-0.053833,1.018555
-0.036743,-0.363770,0.756592
-0.302246,0.171631,0.878906
0.405640,-0.396606,0.927368
-0.547485,-0.042236,0.724365
0.279907,-0.055908,0.999878
0.019897,-0.408081,0.757324
-0.359741,0.156616,0.843262
0.431519,-0.319946,0.961304
-0.514038,-0.097046,0.729858
0.173828,-0.007202,0.993896
0.065430,-0.441650,0.775024
-0.413330,0.178955,0.835205
0.460815,-0.272827,0.982178
-0.468872,-0.085327,0.756470
0.097534,0.028809,0.978516
0.111938,-0.460815,0.793579
-0.466431,0.115234,0.793457
0.465210,-0.245728,0.997192
-0.389282,-0.107788,0.776733
-0.000488,0.144287,1.005249
0.192139,-0.501221,0.816040
-0.527466,0.068359,0.758423
0.454712,-0.215210,1.020386
-0.321167,-0.170166,0.755737
-0.061768,0.197266,1.008667
0.273315,-0.442505,0.876221
-0.554565,0.059326,0.750000
0.432129,-0.224487,1.021118
-0.214844,-0.245728,0.786987
-0.126343,0.196533,0.982666
0.300049,-0.395264,0.899536
-0.565430,0.053955,0.747925
0.428589,-0.209229,1.035278
-0.110474,-0.318604,0.802368
-0.204346,0.205933,0.952515
0.349609,-0.371582,0.929443
-0.558472,0.014404,0.744507
0.369995,-0.154419,1.022339
-0.046021,-0.400269,0.779175
-0.258911,0.186890,0.915161
0.391968,-0.348633,0.946533
-0.523804,-0.025024,0.756348
0.282104,-0.089600,0.986572
0.032349,-0.447510,0.787354
-0.319458,0.137207,0.865356
0.428833,-0.351318,0.956421
-0.515137,-0.071167,0.722656
0.207153,-0.014160,1.003662
0.067871,-0.482178,0.763550
-0.392578,0.160034,0.854980
0.462891,-0.337769,0.972778
-0.461792,-0.090820,0.754150
0.114136,0.060425,0.996582
0.121948,-0.462769,0.799438
-0.449707,0.083130,0.802856
0.473389,-0.290405,1.012573
-0.403809,-0.185913,0.736572
0.034180,0.114136,1.005127
0.189819,-0.467407,0.825195
-0.487549,0.076538,0.776245
0.484009,-0.279663,1.019775
-0.331177,-0.182861,0.778931
-0.043213,0.145752,0.999878
0.241455,-0.479980,0.851562
-0.524658,0.026123,0.736328
0.469971,-0.237305,1.045166
-0.244751,-0.241577,0.785400
-0.114502,0.202271,1.000977
0.317383,-0.449585,0.905762
-0.529907,0.011230,0.757690
0.423218,-0.178467,1.050903
-0.140625,-0.285889,0.792236
-0.182739,0.208374,0.977173
0.362305,-0.425171,0.924316
-0.509155,-0.042358,0.756836
0.368286,-0.124023,1.049927
-0.028564,-0.370605,0.797974
-0.250366,0.192017,0.938110
0.421997,-0.303345,0.955933
-0.503052,-0.083130,0.730469
0.174194,-0.028809,0.990112
0.080200,-0.467773,0.776367
-0.420288,0.151367,0.812378
0.445068,-0.253296,0.984375
-0.445679,-0.104492,0.743896
0.084595,0.063599,1.001343
0.134033,-0.459961,0.805298
-0.484497,0.085083,0.775146
0.453003,-0.249023,1.007568
-0.359741,-0.163330,0.757568
-0.021973,0.153809,1.011230
0.234985,-0.475342,0.852173
-0.563110,0.054321,0.740356
0.452271,-0.216675,1.030396
-0.223999,-0.221191,0.793335
-0.115723,0.201172,0.972412
0.294067,-0.400513,0.899414
-0.584106,0.031250,0.732788
0.413940,-0.201904,1.033569
-0.101074,-0.348877,0.782104
-0.178101,0.219849,0.964600
0.339600,-0.322876,0.937866
-0.565674,0.051147,0.759399
0.337158,-0.158325,0.994263
0.013306,-0.428345,0.807617
-0.246216,0.159058,0.920776
0.382568,-0.339966,0.942139
-0.551636,0.012329,0.729004
0.263672,-0.093994,0.974365
0.037354,-0.412598,0.808838
-0.311157,0.090576,0.865723
0.440186,-0.318848,0.972412
-0.523315,-0.024536,0.731812
0.162354,0.033691,0.994873
0.073120,-0.436523,0.785278
-0.402466,0.093262,0.833618
0.474731,-0.338623,0.996094
-0.430298,-0.118286,0.756714
0.072754,0.142578,1.014648
0.128784,-0.424194,0.808228
-0.453613,0.065796,0.797363
0.477051,-0.314087,1.005737
-0.387817,-0.179565,0.745239
0.009766,0.174194,1.025146
0.218628,-0.449707,0.842529
-0.501343,0.053345,0.771362
0.458618,-0.271606,1.017212
-0.295410,-0.206787,0.776489
-0.057739,0.198120,1.018555
0.273193,-0.422241,0.885986
-0.535400,0.010132,0.746582
0.422363,-0.226807,1.031616
-0.211792,-0.262085,0.788452
-0.110107,0.182617,0.998901
0.332397,-0.431763,0.909302
-0.541382,0.062012,0.777466
0.394043,-0.178833,1.024414
-0.127563,-0.299561,0.795410
-0.152832,0.154785,0.975464
0.370483,-0.386230,0.950684
-0.558594,0.000000,0.740601
0.381836,-0.167236,1.032593
-0.052979,-0.390503,0.779541
-0.229370,0.193848,0.949463
0.412354,-0.364258,0.973267
-0.515869,-0.063843,0.757202
0.318970,-0.136108,1.008057
0.027344,-0.429932,0.804688
-0.299927,0.142212,0.887085
0.432495,-0.366089,0.978882
-0.478760,-0.099854,0.753418
0.261108,-0.045410,1.024902
0.068848,-0.437378,0.796753
-0.361572,0.135864,0.857056
0.461426,-0.331665,0.993774
-0.452515,-0.139038,0.745361
0.182983,-0.013916,1.020386
0.116821,-0.450195,0.821167
-0.409180,0.105225,0.843872
0.458496,-0.284058,1.005859
-0.413086,-0.152100,0.753662
0.083374,0.059204,1.011108
0.223389,-0.496948,0.856934
-0.468384,0.049316,0.784180
0.464111,-0.233154,1.032837
-0.314331,-0.198486,0.765869
-0.037964,0.141968,1.002563
0.282715,-0.476562,0.882446
-0.498779,-0.011963,0.751221
0.453857,-0.227417,1.055908
-0.207275,-0.248413,0.802612
-0.116089,0.184937,1.011475
0.338989,-0.427002,0.926880
-0.534912,0.003540,0.764160
0.423218,-0.193359,1.057007
-0.065796,-0.361084,0.817993
-0.184692,0.201660,0.989380
0.390747,-0.352417,0.965698
-0.518188,-0.021973,0.764771
0.345215,-0.151001,1.036987
0.013916,-0.439941,0.837036
-0.233154,0.110474,0.942261
0.455078,-0.340698,1.014038
-0.487305,-0.045166,0.746094
0.250000,-0.004395,1.037231
0.073364,-0.403442,0.843506
-0.298706,0.067749,0.915039
0.490479,-0.358032,1.037231
-0.459595,-0.105225,0.740845
0.179077,0.067261,1.033081
0.117920,-0.414917,0.832764
-0.371582,0.117188,0.900269
0.513184,-0.339722,1.051758
-0.427490,-0.119995,0.774658
0.131714,0.089111,1.047729
0.201172,-0.449707,0.868164
-0.435913,0.092285,0.847534
0.500488,-0.277466,1.060059
-0.342651,-0.222778,0.763550
0.062134,0.104614,1.045532
0.250488,-0.463867,0.893433
-0.477905,0.079224,0.802734
0.495483,-0.244751,1.058472
-0.260864,-0.245972,0.796875
-0.011353,0.177979,1.063354
0.304810,-0.483032,0.895264
-0.506470,0.064575,0.798950
0.474121,-0.201172,1.079956
-0.162964,-0.266357,0.819946
-0.084595,0.247437,1.070923
0.366211,-0.414062,0.954346
-0.527710,0.012573,0.779907
0.443970,-0.214722,1.080688
-0.054199,-0.356445,0.844238
-0.143188,0.222046,1.042847
0.380981,-0.369263,0.971802
-0.498535,0.005615,0.794800
0.406372,-0.150879,1.089966
0.033813,-0.429688,0.850830
-0.204102,0.175293,0.999268
0.422485,-0.326904,1.007812
-0.485596,-0.055664,0.764648
0.367676,-0.109619,1.093750
0.079956,-0.454590,0.844482
-0.278320,0.175781,0.967529
0.481567,-0.312378,1.053101
-0.435669,-0.103149,0.782104
0.264160,-0.025513,1.062134
0.112061,-0.433472,0.866943
-0.322998,0.112305,0.918823
0.520020,-0.273560,1.091064
-0.396729,-0.158203,0.780151
0.158203,0.066406,1.067871
0.211426,-0.468018,0.878418
-0.387695,0.086304,0.881958
0.524536,-0.262085,1.083984
-0.321289,-0.196533,0.807007
0.079834,0.123413,1.056030
0.279907,-0.462524,0.906982
-0.448364,0.020630,0.815674
0.514648,-0.201660,1.134888
-0.218628,-0.250732,0.829102
-0.010498,0.202148,1.076294
0.340454,-0.421631,0.946411
-0.498291,0.043701,0.813599
0.509521,-0.230103,1.116943
-0.109009,-0.329102,0.852539
-0.096313,0.221191,1.056885
0.389404,-0.347412,0.986816
-0.479492,0.023560,0.821777
0.458618,-0.201416,1.110474
-0.004761,-0.405884,0.880249
-0.146240,0.164917,1.033936
0.429565,-0.326660,1.029663
-0.463135,0.005493,0.796509
0.412231,-0.112305,1.108521
0.065674,-0.400757,0.906372
-0.228027,0.163086,1.016235
0.481934,-0.340942,1.070679
-0.445679,-0.074097,0.791870
0.340332,-0.003662,1.124756
0.088013,-0.364136,0.888916
-0.272095,0.220581,1.010254
0.516113,-0.306152,1.090210
-0.409302,-0.158447,0.792725
0.294678,-0.010498,1.112915
0.136963,-0.390137,0.904297
-0.335083,0.177246,0.943237
0.564819,-0.267700,1.119995
-0.345825,-0.165283,0.814819
0.199219,0.052368,1.104370
0.201782,-0.429688,0.916992
-0.375977,0.087524,0.886230
0.566162,-0.274170,1.123657
-0.311401,-0.213257,0.821899
0.138550,0.107788,1.089233
0.277588,-0.417847,0.940796
-0.420898,0.071289,0.848145
0.552124,-0.232788,1.138306
-0.242310,-0.260254,0.829468
0.050415,0.142090,1.085205
0.340454,-0.444214,0.962524
-0.442993,0.096802,0.850708
0.533569,-0.184204,1.140869
-0.171021,-0.260742,0.856812
-0.018188,0.174072,1.094116
0.376831,-0.402222,1.003052
-0.460327,0.019897,0.824585
0.508789,-0.141235,1.163208
-0.052124,-0.304443,0.882324
-0.113892,0.264648,1.098022
0.430786,-0.390869,1.005127
-0.448730,-0.020020,0.840942
0.460815,-0.126221,1.139282
0.042603,-0.341309,0.921265
-0.171753,0.230591,1.061768
0.469116,-0.310059,1.069458
-0.446777,-0.052856,0.816650
0.411255,-0.064209,1.157227
0.062500,-0.362549,0.914429
-0.219482,0.203247,1.050415
0.505249,-0.295288,1.095703
-0.444702,-0.079102,0.804077
0.336304,-0.018311,1.129517
0.143799,-0.400024,0.926880
-0.282593,0.174316,1.005981
0.533203,-0.252075,1.139771
-0.397339,-0.141357,0.801636
0.262573,0.016113,1.132690
0.191650,-0.435181,0.927368
-0.340454,0.121704,0.949097
0.561646,-0.221558,1.158203
-0.336060,-0.168945,0.814331
0.175293,0.096069,1.117798
0.269897,-0.482056,0.950073
-0.381836,0.093750,0.914917
0.567993,-0.219482,1.157349
-0.286499,-0.199097,0.831421
0.101440,0.155884,1.120117
0.332520,-0.437744,0.981567
-0.419189,0.079956,0.893799
0.559570,-0.205444,1.168335
-0.222534,-0.236694,0.861328
0.033081,0.214600,1.110107
0.368408,-0.400513,1.000977
-0.430542,0.040771,0.867065
0.550171,-0.174805,1.182495
-0.151855,-0.271973,0.869263
-0.036621,0.234009,1.103027
0.404419,-0.389893,1.006226
-0.423584,0.004761,0.851929
0.517456,-0.136719,1.169067
-0.059326,-0.320312,0.880737
-0.082886,0.208252,1.100830
0.440552,-0.373657,1.033936
-0.449219,-0.026733,0.836914
0.488892,-0.084595,1.188843
0.009521,-0.333252,0.886353
-0.141602,0.221680,1.079590
0.465332,-0.350830,1.061157
-0.448975,-0.063721,0.831543
0.455933,-0.088501,1.177124
0.017090,-0.292358,0.903687
-0.205688,0.226440,1.044800
0.498657,-0.265869,1.111328
-0.428711,-0.106934,0.810791
0.377197,-0.060181,1.166992
0.078003,-0.383545,0.916504
-0.274902,0.187134,1.004517
0.537109,-0.258057,1.132568
-0.385742,-0.115601,0.828125
0.283936,-0.000854,1.140747
0.182739,-0.423462,0.936401
-0.321167,0.145142,0.954102
0.553467,-0.219238,1.143188
-0.338501,-0.159912,0.832642
0.187134,0.060303,1.122192
0.247803,-0.443115,0.956665
-0.376343,0.109497,0.914062
0.559937,-0.193726,1.161621
-0.278320,-0.203125,0.823486
0.098389,0.140869,1.110229
0.315674,-0.433350,0.973633
-0.433594,0.055054,0.889282
0.558472,-0.199219,1.169800
-0.182007,-0.271851,0.859497
-0.008057,0.199097,1.089111
0.374390,-0.371338,0.996948
-0.450928,0.004517,0.858765
0.521851,-0.178467,1.160156
-0.067017,-0.332275,0.873413
-0.048218,0.188965,1.081909
0.397461,-0.323975,1.017700
-0.464722,-0.028198,0.821411
0.485229,-0.134766,1.181152
-0.028198,-0.346680,0.871704
-0.120483,0.198853,1.080322
0.449829,-0.309692,1.041504
-0.490356,0.002686,0.817993
0.423950,-0.112549,1.152100
0.028687,-0.405762,0.892334
-0.218994,0.193481,1.052979
0.489502,-0.295044,1.091797
-0.455933,-0.037231,0.818115
0.340576,-0.015137,1.157227
0.086060,-0.377686,0.922119
-0.276245,0.172485,1.015015
0.528442,-0.261475,1.130005
-0.410034,-0.115967,0.797729
0.275269,0.028809,1.146729
0.147339,-0.392578,0.910400
-0.338867,0.134888,0.946289
0.556641,-0.278931,1.118530
-0.362183,-0.127930,0.817627
0.193237,0.098267,1.126465
0.221191,-0.421875,0.925903
-0.416138,0.113403,0.911865
0.558594,-0.271484,1.124512
-0.304443,-0.194092,0.835083
0.100708,0.123901,1.105591
0.265381,-0.386841,0.953613
-0.430542,0.064453,0.868530
0.546631,-0.201538,1.147705
-0.242188,-0.253296,0.837280
0.029175,0.132446,1.072021
0.324585,-0.389038,0.972046
-0.466919,0.044678,0.845215
0.521118,-0.183350,1.146973
-0.127441,-0.304688,0.841797
-0.032959,0.159668,1.064697
0.360840,-0.342163,0.984253
-0.489258,-0.006348,0.812744
0.498291,-0.181396,1.144653
-0.087769,-0.349609,0.837524
-0.112671,0.168945,1.058472
0.405151,-0.337769,1.009033
-0.492554,0.009766,0.813110
0.439087,-0.138672,1.141968
-0.051392,-0.361816,0.842285
-0.203491,0.181885,1.036499
0.454224,-0.306152,1.054932
-0.477661,-0.018433,0.805542
0.369385,-0.044067,1.141724
-0.005371,-0.336914,0.869751
-0.277710,0.175903,0.995972
0.496582,-0.293701,1.090576
-0.452637,-0.096680,0.780396
0.296631,-0.004517,1.146240
0.093384,-0.394775,0.875366
-0.353516,0.153320,0.937622
0.507812,-0.286987,1.077148
-0.373291,-0.182739,0.794312
0.188599,0.024414,1.098145
0.187500,-0.405396,0.901611
-0.439819,0.155762,0.890137
0.511353,-0.224121,1.099121
-0.319580,-0.227539,0.808350
0.064331,0.055176,1.066772
0.275513,-0.414795,0.955566
-0.478271,0.066406,0.840210
0.510254,-0.177979,1.120605
-0.189331,-0.265259,0.811523
-0.057617,0.143555,1.045044
0.343994,-0.365601,0.976562
-0.487183,-0.016846,0.815674
0.463013,-0.174805,1.119629
-0.118652,-0.331177,0.802856
-0.160156,0.155884,1.014648
0.393311,-0.318237,0.996704
-0.503418,-0.037476,0.782349
0.393311,-0.124512,1.127563
-0.055908,-0.365845,0.822632
-0.275269,0.194214,0.989990
0.451050,-0.307495,1.037354
-0.480225,-0.063354,0.770996
0.300415,-0.050659,1.108032
0.033936,-0.380371,0.853516
-0.366455,0.175537,0.936157
0.483765,-0.288940,1.065308
-0.416138,-0.148804,0.769653
0.187866,0.045654,1.096313
0.132324,-0.402710,0.880371
-0.448120,0.125000,0.888916
0.501465,-0.269165,1.081787
-0.376709,-0.201294,0.764771
0.078247,0.096680,1.061279
0.208862,-0.379150,0.900635
-0.488281,0.065918,0.840698
0.510742,-0.266235,1.087769
-0.276367,-0.309937,0.768799
-0.007690,0.142944,1.052246
0.264771,-0.364502,0.915405
-0.508423,0.046143,0.809448
0.476562,-0.239258,1.088379
-0.201294,-0.364746,0.767578
-0.070068,0.109375,1.010010
0.301758,-0.366821,0.921631
-0.528442,0.046997,0.793335
0.453247,-0.202759,1.089355
-0.169678,-0.376099,0.769043
-0.150757,0.133667,1.004883
0.347290,-0.354858,0.955933
-0.547241,0.010498,0.758789
0.407959,-0.146973,1.093750
-0.141602,-0.343384,0.769897
-0.242676,0.183350,1.000854
0.392822,-0.368652,0.991089
-0.533813,-0.057007,0.758179
0.365234,-0.096069,1.101562
-0.106445,-0.335938,0.782593
-0.335938,0.202637,0.943848
0.436523,-0.339844,1.008667
-0.509277,-0.094849,0.760010
0.294312,-0.079224,1.086060
-0.056396,-0.356445,0.796753
-0.370361,0.181519,0.909058
0.435547,-0.287109,1.017578
-0.475098,-0.132202,0.754883
0.223389,-0.050049,1.078369
0.037354,-0.407837,0.839233
-0.451416,0.181519,0.881592
0.440430,-0.258911,1.028198
-0.452271,-0.169312,0.744507
0.127197,0.035522,1.057861
0.129028,-0.429932,0.860840
-0.505859,0.156494,0.842163
0.456299,-0.246460,1.041260
-0.374390,-0.199219,0.766235
0.026978,0.101562,1.041260
0.194702,-0.427734,0.870605
-0.532349,0.079956,0.811890
0.460205,-0.225830,1.059082
-0.284302,-0.266968,0.749146
-0.079346,0.162720,1.016235
0.271729,-0.416382,0.893066
-0.550293,0.035156,0.774780
0.435303,-0.201660,1.063965
-0.216919,-0.329346,0.726562
-0.157715,0.172974,0.994751
0.311157,-0.365356,0.911987
-0.562988,0.022705,0.770752
0.409912,-0.206177,1.065918
-0.166016,-0.370972,0.743774
-0.260010,0.164673,0.936279
0.334473,-0.322388,0.942749
-0.567383,0.002686,0.738281
0.357910,-0.148071,1.063965
-0.129150,-0.363037,0.765747
-0.322632,0.186035,0.930786
0.396851,-0.320435,0.977173
-0.559204,-0.007690,0.734985
0.248169,-0.056030,1.045044
-0.059692,-0.368774,0.789673
-0.382568,0.160034,0.915283
0.426636,-0.321777,1.001465
-0.531982,-0.052734,0.719360
0.163330,0.047485,1.041382
0.008179,-0.381592,0.805176
-0.441650,0.132324,0.872314
0.438110,-0.308716,1.005615
-0.499512,-0.109131,0.723877
0.106445,0.049927,1.025024
0.064087,-0.378662,0.823853
-0.512207,0.159058,0.840088
0.440918,-0.285156,1.012085
-0.451294,-0.151489,0.742188
0.059204,0.062744,1.031128
0.134888,-0.428223,0.841553
-0.569824,0.173462,0.820190
0.445312,-0.248413,1.017456
-0.361206,-0.204590,0.747192
-0.021118,0.101440,1.009399
0.198975,-0.426270,0.859619
-0.571167,0.116943,0.793091
0.428711,-0.197510,1.039185
-0.292603,-0.247437,0.741943
-0.089233,0.143677,1.005005
0.256958,-0.445923,0.879761
-0.577026,0.070068,0.778564
0.401489,-0.173584,1.034790
-0.238403,-0.289917,0.714355
-0.182007,0.175659,0.978882
0.311401,-0.418213,0.900146
-0.601318,0.031250,0.747437
0.389771,-0.170410,1.037964
-0.200684,-0.322388,0.721191
-0.267212,0.199341,0.952271
0.355713,-0.360474,0.933716
-0.592651,-0.014404,0.730835
0.329590,-0.129395,1.041260
-0.148804,-0.389526,0.729736
-0.336670,0.197754,0.898071
0.376953,-0.347168,0.930054
-0.569946,0.010132,0.741943
0.268433,-0.070801,1.038696
-0.095093,-0.390015,0.755005
-0.411255,0.189453,0.877441
0.405884,-0.337646,0.954224
-0.566650,-0.034912,0.717651
0.181519,-0.027588,1.018311
-0.006592,-0.405029,0.787842
-0.476196,0.197510,0.863770
0.410034,-0.258667,0.990601
-0.503296,-0.120239,0.721069
0.068726,0.069702,1.003662
0.083618,-0.437988,0.815796
-0.540771,0.165283,0.826172
0.425049,-0.223755,1.012573
-0.416016,-0.167725,0.724731
-0.009399,0.133789,1.005615
0.182251,-0.417358,0.861328
-0.587280,0.125977,0.787964
0.422729,-0.208008,1.014160
-0.314575,-0.243530,0.712769
-0.085938,0.183228,0.989502
0.245117,-0.377441,0.878540
-0.598511,0.067993,0.756348
0.411621,-0.206909,1.031372
-0.235107,-0.325317,0.707764
-0.192627,0.188232,0.945190
0.304321,-0.344116,0.902222
-0.604004,0.058716,0.746094
0.378906,-0.176392,1.034546
-0.167969,-0.407227,0.712036
-0.278198,0.174805,0.899170
0.341187,-0.349609,0.917969
-0.599976,0.055664,0.735474
0.310059,-0.110962,1.012939
-0.096313,-0.373657,0.755371
-0.356079,0.176758,0.874634
0.368530,-0.324585,0.924316
-0.576904,0.036255,0.710938
0.238037,-0.036621,1.004639
-0.044434,-0.392944,0.771973
-0.443970,0.210571,0.869873
0.403320,-0.315063,0.955811
-0.545654,-0.031738,0.707031
0.133667,0.061279,1.004395
0.013550,-0.382446,0.789307
-0.502441,0.194336,0.856323
0.415894,-0.277588,0.985474
-0.487915,-0.107544,0.709595
0.074707,0.122681,1.015015
0.095825,-0.390991,0.812378
-0.563599,0.188843,0.832275
0.430054,-0.256470,0.981934
-0.391724,-0.182617,0.721436
0.001953,0.162720,1.009155
0.162720,-0.385864,0.843384
-0.587158,0.158203,0.807495
0.426270,-0.225464,1.003906
-0.322632,-0.258179,0.714966
-0.064941,0.159180,0.978271
0.227661,-0.376221,0.872925
-0.604248,0.129272,0.778442
0.408325,-0.192383,1.013306
-0.247437,-0.315430,0.710571
-0.136475,0.177979,0.954590
0.277710,-0.367920,0.887817
-0.602051,0.107178,0.768311
0.390381,-0.164307,1.019897
-0.187622,-0.339355,0.718140
-0.222412,0.184937,0.920532
0.322998,-0.355591,0.900269
-0.597046,0.070190,0.746826
0.351807,-0.112427,1.021606
-0.153809,-0.360474,0.715698
-0.278564,0.193726,0.907227
0.373657,-0.368530,0.923218
-0.589478,0.036987,0.734009
0.296509,-0.064575,1.014771
-0.109741,-0.380371,0.727295
-0.346558,0.193237,0.864868
0.398804,-0.323608,0.950562
-0.553223,-0.028076,0.715454
0.220581,0.002563,1.004639
-0.050537,-0.393555,0.739258
-0.423950,0.203491,0.853760
0.406860,-0.286011,0.962158
-0.518066,-0.079590,0.724243
0.164307,0.018066,1.003784
0.006226,-0.385986,0.785767
-0.504761,0.222412,0.826904
0.432861,-0.258423,0.979980
-0.441895,-0.126343,0.736572
0.078369,0.106934,1.022339
0.087891,-0.406250,0.804932
-0.559204,0.179932,0.802979
0.439697,-0.215332,1.002808
-0.362061,-0.149536,0.745361
-0.024292,0.181885,1.008911
0.192139,-0.412964,0.845825
-0.588745,0.130249,0.775635
0.432739,-0.192261,1.023315
-0.270142,-0.227783,0.735229
-0.125000,0.213867,0.973755
0.283691,-0.395020,0.882935
-0.593750,0.094116,0.772583
0.409058,-0.151978,1.025635
-0.189575,-0.276123,0.744019
-0.201538,0.221313,0.936401
0.343262,-0.362183,0.907715
-0.581909,0.045654,0.750488
0.353027,-0.122925,1.014038
-0.113525,-0.363770,0.729858
-0.316650,0.212524,0.874023
0.389404,-0.329590,0.921753
-0.550415,0.002441,0.737671
0.283447,-0.047485,1.024536
-0.071045,-0.406616,0.726318
-0.392334,0.202637,0.847168
0.413818,-0.300659,0.942017
-0.527954,-0.037354,0.721680
0.193359,0.014038,1.010376
0.015625,-0.400635,0.772339
-0.464355,0.218872,0.838623
0.416992,-0.262085,0.943848
-0.466309,-0.092163,0.743286
0.105469,0.069336,1.006348
0.104736,-0.406006,0.814941
-0.536255,0.198242,0.811279
0.417480,-0.176392,0.994629
-0.374634,-0.134399,0.742798
0.025879,0.131226,1.006470
0.178955,-0.423218,0.837036
-0.573853,0.133423,0.780518
0.432129,-0.165039,1.014771
-0.275879,-0.217651,0.731079
-0.103149,0.211670,0.982544
0.264648,-0.409668,0.872437
-0.600098,0.101929,0.755737
0.426392,-0.163086,1.019897
-0.172974,-0.288696,0.756226
-0.184326,0.214722,0.940186
0.329102,-0.354370,0.906372
-0.597534,0.073120,0.751831
0.382690,-0.149414,1.015869
-0.093628,-0.381470,0.747803
-0.256226,0.204102,0.897705
0.361450,-0.297729,0.926880
-0.572998,0.047119,0.738892
0.299683,-0.101440,0.996338
-0.029663,-0.420776,0.770630
-0.312256,0.164795,0.863892
0.385620,-0.263428,0.932495
-0.552979,0.048218,0.727783
0.223633,-0.003296,0.992676
0.035156,-0.419678,0.789062
-0.413574,0.152100,0.830933
0.417114,-0.243286,0.962158
-0.493652,-0.026001,0.733154
0.123047,0.088623,1.001099
0.097534,-0.389038,0.812256
-0.496216,0.126709,0.802124
0.443604,-0.237183,0.999390
-0.410156,-0.104858,0.742554
0.045654,0.176758,1.013550
0.151733,-0.383667,0.814941
-0.571045,0.126831,0.767578
0.471924,-0.267456,1.014648
-0.304321,-0.204468,0.758423
-0.047974,0.221069,0.994141
0.210449,-0.357422,0.844849
-0.590576,0.112061,0.749146
0.464111,-0.253174,1.026367
-0.214722,-0.285522,0.766113
-0.110474,0.214966,0.957520
0.275635,-0.327637,0.890137
-0.595947,0.077148,0.731201
0.420410,-0.187256,1.020874
-0.137573,-0.321533,0.763672
-0.172607,0.192993,0.929565
0.333984,-0.342651,0.917480
-0.576782,0.069580,0.744751
0.369629,-0.109863,1.025269
-0.080444,-0.362915,0.757324
-0.244385,0.175049,0.900146
0.365234,-0.387207,0.908203
-0.555176,-0.001465,0.743530
0.323975,-0.077515,1.009033
-0.027710,-0.391235,0.749634
-0.323486,0.204590,0.862305
0.397339,-0.324829,0.938477
-0.379272,0.180786,0.833130
-0.580444,0.159790,0.789062
0.430298,-0.194214,0.998901
-0.327148,-0.165894,0.745728
-0.042725,0.203857,1.008911
0.134521,-0.468872,0.806030
-0.609741,0.140137,0.769043
0.439209,-0.195801,1.018066
-0.223022,-0.262207,0.743042
-0.127075,0.235596,0.975098
0.286743,-0.371094,0.880981
-0.600098,0.117065,0.762695
0.409424,-0.155029,1.018921
-0.151733,-0.317383,0.745605
-0.180298,0.196411,0.928589
0.332153,-0.322998,0.917236
-0.597168,0.073486,0.744995
0.368896,-0.102539,1.028320
-0.076416,-0.383789,0.745605
-0.276733,0.203369,0.889771
0.367188,-0.318481,0.918579
-0.570190,0.036865,0.736084
0.317993,-0.089722,0.993896
-0.026123,-0.404663,0.753906
-0.356689,0.214478,0.854980
0.399170,-0.301270,0.922363
-0.552002,-0.013916,0.711914
0.237793,-0.032471,0.991211
0.016357,-0.418579,0.768921
-0.410645,0.188232,0.835449
0.421753,-0.262085,0.958374
-0.502075,-0.038208,0.728149
0.129395,0.067749,1.000366
0.081055,-0.455078,0.778198
-0.472534,0.167236,0.818970
0.437744,-0.210327,0.985107
-0.451172,-0.065186,0.734985
0.053833,0.124146,1.007568
0.155029,-0.445923,0.821899
-0.532593,0.140503,0.797119
0.441650,-0.197632,1.001709
-0.373413,-0.152588,0.740601
-0.016968,0.172729,1.005615
0.227173,-0.430786,0.852173
-0.573486,0.117920,0.766846
0.438843,-0.170532,1.023560
-0.256226,-0.217041,0.746216
-0.092896,0.209839,0.991943
0.270630,-0.412354,0.875000
-0.590088,0.076782,0.748779
0.437378,-0.172363,1.032593
-0.170898,-0.289917,0.754028
-0.162109,0.208130,0.948608
0.333130,-0.372803,0.900513
-0.592529,0.081177,0.757202
0.398804,-0.159180,1.011475
-0.087646,-0.339111,0.777710
-0.224854,0.197144,0.907471
0.357666,-0.318237,0.931519
-0.576538,0.039062,0.737183
0.350220,-0.130615,1.011841
-0.036865,-0.428711,0.755249
-0.296753,0.171387,0.875244
0.398804,-0.288330,0.943359
-0.533936,-0.027588,0.732544
0.245850,-0.056396,0.986694
0.015137,-0.443726,0.764648
-0.368896,0.147217,0.824951
0.425171,-0.265991,0.962280
-0.485229,-0.057373,0.753784
0.144043,0.028198,0.987061
0.050659,-0.443848,0.762817
-0.418823,0.124146,0.824585
0.444702,-0.257690,0.988403
-0.456665,-0.065674,0.760132
0.081787,0.110718,1.008911
0.127075,-0.416260,0.802490
-0.524780,0.123291,0.774292
0.456421,-0.257446,1.013306
-0.362061,-0.171509,0.745850
0.006714,0.192627,1.017700
0.189697,-0.375122,0.842285
-0.562378,0.084839,0.747925
0.477539,-0.256836,1.028076
-0.251465,-0.255615,0.758545
-0.082031,0.239258,1.000732
0.255005,-0.353638,0.871948
-0.586304,0.074219,0.726074
0.439941,-0.248413,1.025635
-0.160034,-0.304077,0.790649
-0.136230,0.203857,0.960815
0.306152,-0.346191,0.898193
-0.567749,0.107056,0.761108
0.398071,-0.157959,1.025879
-0.075195,-0.341187,0.800903
-0.219360,0.168945,0.920288
0.351929,-0.394531,0.904663
-0.555054,0.041382,0.755127
0.343140,-0.072632,1.022461
-0.039673,-0.392700,0.753784
-0.273193,0.167603,0.890259
0.396851,-0.363159,0.937134
-0.524902,-0.041138,0.733643
0.288452,-0.074707,0.993286
-0.000488,-0.428711,0.755127
-0.343750,0.144409,0.849121
0.416626,-0.312744,0.958130
-0.482178,-0.083862,0.750732
0.211548,-0.018066,1.008545
0.052002,-0.442505,0.765015
-0.420410,0.135498,0.805420
0.440796,-0.307861,0.977295
-0.446777,-0.120728,0.755737
0.118042,0.056274,1.017456
0.110718,-0.466553,0.799805
-0.490356,0.113770,0.774902
0.446533,-0.256958,0.995728
-0.374146,-0.181396,0.746094
0.011108,0.133057,1.008545
0.208008,-0.476318,0.833740
-0.529907,0.064453,0.748535
0.457642,-0.243408,1.020874
-0.280396,-0.196655,0.774170
-0.082275,0.203369,0.984253
0.265869,-0.392090,0.879272
-0.548828,0.011963,0.742676
0.435669,-0.250244,1.016235
-0.167114,-0.275757,0.793213
-0.158691,0.189331,0.956543
0.321289,-0.377441,0.909302
-0.558960,0.052856,0.751221
0.399536,-0.173706,1.034302
-0.079834,-0.362915,0.791260
-0.227783,0.156494,0.923706
0.371338,-0.345581,0.948853
-0.533936,0.017944,0.761353
0.330933,-0.102173,1.028198
-0.000366,-0.447754,0.791992
-0.292480,0.138916,0.885132
0.416748,-0.345581,0.946777
-0.497681,-0.052734,0.738892
0.245361,-0.009644,1.010498
0.045166,-0.436890,0.769897
-0.348877,0.117188,0.852173
0.445435,-0.350952,0.967529
-0.494507,-0.098999,0.734375
0.168457,-0.000854,1.001953
0.096191,-0.453979,0.785889
-0.423950,0.125488,0.809692
0.460327,-0.282715,1.000244
-0.410645,-0.162354,0.746460
0.082275,0.069946,1.004517
0.164429,-0.460205,0.821533
-0.494873,0.069946,0.770386
0.470337,-0.288208,1.014771
-0.339844,-0.206299,0.760620
-0.018799,0.143066,1.017822
0.247803,-0.467163,0.864746
-0.537964,0.059570,0.750610
0.455078,-0.252686,1.029053
-0.243774,-0.229004,0.787598
-0.090454,0.199829,1.020996
0.308594,-0.412476,0.906372
-0.551392,0.051514,0.768555
0.418213,-0.224121,1.020020
-0.133423,-0.283081,0.821411
-0.154175,0.197266,0.994263
0.338013,-0.403320,0.933594
-0.542847,-0.006226,0.755615
0.392212,-0.171021,1.050537
-0.061157,-0.376465,0.795776
-0.212036,0.217896,0.982544
0.375122,-0.378906,0.937378
-0.532349,-0.043213,0.750244
0.340454,-0.154175,1.017212
0.021729,-0.442139,0.802490
-0.269897,0.166138,0.918213
0.408081,-0.328247,0.968994
-0.505127,-0.060791,0.746460
0.275513,-0.109375,1.018555
0.051392,-0.488892,0.784180
-0.306641,0.109009,0.881592
0.464478,-0.322021,0.991699
-0.463623,-0.049194,0.773071
0.169189,0.020020,1.011597
0.087646,-0.427368,0.815186
-0.367554,0.055786,0.846436
0.470703,-0.304810,1.021606
-0.453979,-0.130249,0.737793
0.125366,0.054199,1.022949
0.164917,-0.468750,0.824707
-0.436279,0.098267,0.834595
0.482910,-0.306763,1.022705
-0.377075,-0.186890,0.770264
0.049927,0.089722,1.020020
0.230713,-0.464111,0.843262
-0.490967,0.072510,0.769409
0.485229,-0.273315,1.032104
-0.278564,-0.252075,0.786133
-0.039429,0.142578,1.014648
0.281860,-0.454712,0.875854
-0.505615,0.038452,0.758301
0.454224,-0.207031,1.057983
-0.196045,-0.271484,0.801514
-0.100708,0.185303,1.019775
0.310059,-0.408569,0.915405
-0.531494,-0.010132,0.751221
0.433228,-0.195312,1.060303
-0.069458,-0.332397,0.828369
-0.164795,0.204468,1.001099
0.367676,-0.343872,0.957520
-0.533813,-0.021118,0.751587
0.374023,-0.197998,1.029541
0.028687,-0.448975,0.843506
-0.204834,0.135986,0.960449
0.420532,-0.314819,0.984131
-0.522705,-0.008667,0.742065
0.302368,-0.096069,1.044067
0.079346,-0.451538,0.848145
-0.286743,0.089478,0.920044
0.455933,-0.322632,1.019043
-0.469482,-0.072144,0.748535
0.220459,0.015381,1.040894
0.106445,-0.410889,0.842651
-0.343262,0.090210,0.904175
0.503906,-0.313965,1.053101
-0.429321,-0.125610,0.752197
0.133301,0.085449,1.045166
0.179077,-0.437500,0.868652
-0.424438,0.036133,0.825195
0.539307,-0.288574,1.083252
-0.357056,-0.196899,0.765259
0.053955,0.159302,1.047363
0.241577,-0.438477,0.879639
-0.444092,0.026367,0.815308
0.510132,-0.274658,1.080566
-0.297485,-0.238403,0.795776
0.000244,0.141235,1.048218
0.313110,-0.467163,0.912354
-0.504028,0.059448,0.789185
0.472412,-0.202148,1.087646
-0.202637,-0.264404,0.817505
-0.081909,0.181885,1.042236
0.369629,-0.447144,0.953979
-0.510254,0.032349,0.793091
0.439087,-0.174927,1.075928
-0.083130,-0.306274,0.841919
-0.154297,0.214111,1.034424
0.396240,-0.412231,0.979004
-0.480957,-0.041260,0.781128
0.399414,-0.095093,1.096069
0.021484,-0.363892,0.845825
-0.218872,0.208496,1.009521
0.447632,-0.374878,1.007568
-0.471558,-0.094360,0.763794
0.334229,-0.073486,1.070435
0.079102,-0.402832,0.856934
-0.279541,0.176758,0.963989
0.470459,-0.317383,1.039551
-0.423462,-0.140137,0.784546
0.238770,0.008545,1.081177
0.128418,-0.414917,0.879395
-0.341309,0.119873,0.918213
0.500732,-0.252930,1.082642
-0.376953,-0.174561,0.773438
0.134033,0.049072,1.059692
0.242920,-0.467407,0.885132
-0.406616,0.061035,0.840576
0.515259,-0.223267,1.093384
-0.274170,-0.226318,0.800415
0.017944,0.160278,1.056274
0.309937,-0.474243,0.916016
-0.460083,0.025269,0.812988
0.497314,-0.195190,1.112793
-0.159058,-0.269897,0.841797
-0.086182,0.232178,1.058105
0.379028,-0.414795,0.972900
-0.496704,0.013062,0.812378
0.446899,-0.176636,1.096558
-0.035034,-0.353760,0.856689
-0.138916,0.211792,1.048828
0.421631,-0.331177,1.022949
-0.483154,-0.026489,0.790771
0.401489,-0.104126,1.108521
0.062378,-0.404907,0.874268
-0.212646,0.159424,1.000854
0.458862,-0.298340,1.058594
-0.449219,-0.113281,0.773193
0.354614,-0.075684,1.107178
0.086060,-0.392334,0.884033
-0.298096,0.191284,0.975220
0.505249,-0.279907,1.085205
-0.407837,-0.130249,0.790771
0.252197,-0.019531,1.085205
0.154541,-0.442139,0.899902
-0.358643,0.136475,0.945557
0.539062,-0.287476,1.110352
-0.374512,-0.159424,0.799194
0.167480,0.095581,1.090698
0.242432,-0.454834,0.927734
-0.397949,0.049561,0.871948
0.545654,-0.237549,1.140991
-0.322510,-0.235107,0.789673
0.098389,0.138916,1.093384
0.302368,-0.459351,0.937256
-0.434082,0.059082,0.847046
0.534302,-0.215698,1.132202
-0.238403,-0.261108,0.819458
0.023071,0.177002,1.083496
0.329712,-0.435303,0.954590
-0.443481,0.054565,0.849854
0.530396,-0.210693,1.129883
-0.175171,-0.253784,0.859375
-0.058594,0.219482,1.065918
0.389160,-0.413086,0.989502
-0.444580,0.026367,0.837769
0.488647,-0.141602,1.136475
-0.083374,-0.286621,0.879395
-0.100342,0.225586,1.066528
0.422119,-0.402100,1.002930
-0.458374,-0.022949,0.815552
0.471436,-0.117188,1.150757
-0.017334,-0.311401,0.884277
-0.151123,0.239258,1.070068
0.460815,-0.387085,1.026489
-0.447266,-0.076904,0.806030
0.433594,-0.095703,1.138794
0.051270,-0.351318,0.899902
-0.206177,0.234497,1.042847
0.503174,-0.335571,1.067627
-0.438843,-0.086182,0.802734
0.358765,-0.051025,1.131714
0.082153,-0.374268,0.905273
-0.257446,0.217163,1.026367
0.514160,-0.277100,1.100220
-0.416504,-0.120117,0.801636
0.312866,-0.021729,1.131836
0.152344,-0.410034,0.922852
-0.310303,0.186890,0.976318
0.535767,-0.247437,1.116333
-0.366577,-0.135986,0.817261
0.226929,0.029053,1.116577
0.230347,-0.443970,0.945068
-0.363403,0.089478,0.903809
0.557251,-0.214722,1.140015
-0.299316,-0.184448,0.824097
0.107422,0.139404,1.093262
0.312622,-0.451904,0.964355
-0.400269,0.058472,0.883789
0.535400,-0.182373,1.155273
-0.217285,-0.225952,0.852539
0.015625,0.184937,1.085815
0.369019,-0.405273,0.988770
-0.443970,0.026245,0.852173
0.526245,-0.151611,1.176880
-0.085571,-0.280029,0.888550
-0.082520,0.237549,1.088745
0.410400,-0.373901,1.022095
-0.448486,-0.024048,0.831421
0.493530,-0.127197,1.170288
0.019897,-0.322021,0.903198
-0.152466,0.239868,1.065796
0.466797,-0.329590,1.049927
-0.448486,-0.049683,0.828613
0.440186,-0.108765,1.155762
0.054932,-0.359741,0.908447
-0.220825,0.224121,1.040527
0.498291,-0.272949,1.102173
-0.419556,-0.079590,0.820312
0.346558,-0.028076,1.153320
0.134888,-0.414551,0.924683
-0.295166,0.206665,1.007202
0.539429,-0.250732,1.131958
-0.377197,-0.136108,0.817505
0.258789,0.016602,1.130005
0.207520,-0.437988,0.941895
-0.341675,0.119629,0.929321
0.555420,-0.211182,1.144165
-0.312500,-0.174194,0.821533
0.146240,0.113525,1.116699
0.305664,-0.457153,0.971924
-0.397949,0.075439,0.893311
0.546753,-0.210815,1.148560
-0.249512,-0.225708,0.834595
0.054443,0.197266,1.109497
0.370972,-0.389404,1.005615
-0.434326,0.028320,0.877075
0.526001,-0.174316,1.170288
-0.135986,-0.276611,0.867310
-0.032349,0.213257,1.093506
0.420288,-0.355347,1.020142
-0.461060,0.004150,0.842285
0.506592,-0.159912,1.170410
0.008545,-0.363159,0.898315
-0.121582,0.220459,1.074829
0.437622,-0.300415,1.044922
-0.445923,-0.041748,0.822632
0.458862,-0.127075,1.169434
0.028076,-0.364868,0.899658
-0.223389,0.239990,1.046753
0.506592,-0.285278,1.101685
-0.412231,-0.097168,0.816528
0.361328,-0.020996,1.168701
0.098633,-0.403809,0.912354
-0.287354,0.186401,1.021362
0.548096,-0.250610,1.139526
-0.381104,-0.146240,0.815063
0.270508,0.038086,1.150879
0.191040,-0.416016,0.945923
-0.338501,0.130615,0.947144
0.561279,-0.244507,1.144897
-0.324585,-0.183228,0.827515
0.175415,0.099365,1.133301
0.281250,-0.441040,0.971069
-0.404663,0.106689,0.907104
0.576172,-0.230713,1.148682
-0.258179,-0.223267,0.848877
0.070312,0.172485,1.106689
0.340576,-0.418213,0.984253
-0.434570,0.054077,0.872437
0.546753,-0.180542,1.175171
-0.183472,-0.274414,0.861816
-0.001465,0.208130,1.108643
0.376465,-0.390869,0.995605
-0.439697,0.015991,0.864136
0.540649,-0.166016,1.178345
-0.082397,-0.301025,0.871948
-0.078003,0.227539,1.086548
0.416504,-0.365356,1.015503
-0.441650,-0.021118,0.859009
0.500488,-0.143066,1.179565
-0.012207,-0.344849,0.883301
-0.111572,0.237549,1.096191
0.434082,-0.305176,1.035156
-0.443115,-0.041138,0.838379
0.451294,-0.139038,1.159668
-0.003296,-0.361328,0.882080
-0.173706,0.218262,1.060425
0.472656,-0.278076,1.086060
-0.454590,-0.051270,0.812134
0.402222,-0.082031,1.164551
0.070068,-0.422485,0.900146
-0.269897,0.211548,1.031128
0.511108,-0.258667,1.121826
-0.402100,-0.099365,0.803223
0.312866,0.005493,1.162109
0.143799,-0.396484,0.939941
-0.323730,0.162842,0.980713
0.551270,-0.276001,1.127075
-0.357544,-0.150879,0.816406
0.221436,0.090576,1.132446
0.214233,-0.399414,0.940552
-0.361328,0.105347,0.930786
0.559570,-0.254639,1.132812
-0.331909,-0.185425,0.818726
0.146118,0.105103,1.117432
0.289551,-0.416626,0.972534
-0.409058,0.108521,0.907837
0.531616,-0.170288,1.143555
-0.247925,-0.244019,0.834106
0.077759,0.121582,1.104004
0.334229,-0.390015,0.993774
-0.440430,0.069580,0.865845
0.520630,-0.153564,1.153687
-0.153076,-0.285278,0.852051
-0.020386,0.181763,1.092651
0.380737,-0.389038,1.005859
-0.446289,0.003418,0.858887
0.515015,-0.126221,1.172974
-0.063354,-0.321777,0.851562
-0.105347,0.200928,1.067627
0.422363,-0.349365,1.030151
-0.446655,-0.061035,0.832397
0.484863,-0.143433,1.170898
-0.042480,-0.326782,0.864624
-0.176880,0.218384,1.058472
0.458130,-0.321411,1.049805
-0.464233,-0.060547,0.813599
0.430542,-0.096069,1.173706
0.018066,-0.354248,0.879639
-0.244873,0.226807,1.025146
0.486328,-0.277832,1.086914
-0.440918,-0.092651,0.806519
0.357666,-0.068481,1.147827
0.084351,-0.376343,0.906006
-0.320068,0.197998,0.970825
0.523682,-0.255493,1.107056
-0.378784,-0.142700,0.799561
0.265991,0.002319,1.134521
0.166626,-0.425659,0.923462
-0.370972,0.152100,0.938110
0.541382,-0.273926,1.097778
-0.333862,-0.168701,0.824219
0.160034,0.105347,1.131348
0.237183,-0.422852,0.941772
-0.415405,0.096069,0.895996
0.546875,-0.230469,1.140381
-0.296753,-0.212402,0.820435
0.080933,0.147217,1.100220
0.298950,-0.409546,0.958740
-0.457397,0.057495,0.866089
0.519043,-0.205566,1.136841
-0.189087,-0.321777,0.832886
0.005005,0.160645,1.097412
0.327148,-0.379761,0.966797
-0.456665,0.010742,0.835449
0.521851,-0.178589,1.147095
-0.120361,-0.347778,0.823486
-0.062378,0.176147,1.058350
0.371460,-0.369995,0.983887
-0.459961,-0.017822,0.829224
0.495605,-0.149536,1.163940
-0.104614,-0.346436,0.830322
-0.126099,0.189819,1.056396
0.414307,-0.338867,1.013794
-0.489502,-0.019653,0.815918
0.455200,-0.143433,1.148804
-0.067505,-0.372925,0.836304
-0.201294,0.187378,1.038086
0.452271,-0.320557,1.038208
-0.485474,-0.003174,0.801514
0.408203,-0.090942,1.149048
-0.024170,-0.363647,0.853760
-0.246338,0.192749,1.015503
0.471069,-0.300537,1.058716
-0.477783,-0.051270,0.782715
0.355835,-0.062500,1.144287
0.041382,-0.396484,0.873779
-0.308594,0.200195,0.988525
0.488037,-0.281738,1.077271
-0.434570,-0.087524,0.789673
0.290894,-0.019043,1.135132
0.090942,-0.397461,0.893188
-0.354248,0.145508,0.947510
0.494507,-0.264038,1.087158
-0.381592,-0.161133,0.791138
0.200073,0.057983,1.119385
0.164307,-0.391235,0.908936
-0.402832,0.115967,0.910278
0.529419,-0.260864,1.104126
-0.361694,-0.180420,0.791382
0.121948,0.095581,1.084595
0.230103,-0.387085,0.931152
-0.441772,0.089478,0.879761
0.519409,-0.234375,1.110596
-0.301025,-0.247681,0.793335
0.060181,0.106445,1.084717
0.274170,-0.375610,0.933960
-0.492676,0.049927,0.833862
0.527710,-0.241089,1.124512
-0.182251,-0.335938,0.824341
-0.035400,0.150269,1.058594
0.315308,-0.370972,0.943115
-0.484009,0.032959,0.824097
0.497681,-0.198853,1.119507
-0.148804,-0.333740,0.809082
-0.084839,0.117310,1.036499
0.363281,-0.354126,0.980103
-0.510132,0.029297,0.795654
0.462158,-0.139404,1.140625
-0.089355,-0.353516,0.830688
-0.188721,0.156860,1.010620
0.401001,-0.340088,1.012207
-0.509033,-0.016479,0.789551
0.410889,-0.077881,1.146240
-0.057617,-0.329834,0.846191
-0.278931,0.197998,0.998291
0.445068,-0.326416,1.035400
-0.484131,-0.067261,0.780518
0.333862,-0.050537,1.128174
0.002441,-0.355591,0.860107
-0.334351,0.175171,0.953003
0.472778,-0.284180,1.061646
-0.449951,-0.101562,0.766846
0.251709,-0.010010,1.121216
0.097046,-0.438599,0.870605
-0.403442,0.163452,0.908813
0.487671,-0.247681,1.067993
-0.402588,-0.150391,0.777710
0.172607,0.047119,1.099976
0.178101,-0.427368,0.898926
-0.469482,0.155518,0.867432
0.489502,-0.242798,1.078857
-0.375122,-0.197144,0.760132
0.094238,0.059326,1.082520
0.247803,-0.425049,0.920166
-0.498535,0.123779,0.847900
0.488281,-0.202881,1.090576
-0.275269,-0.256714,0.788574
0.003784,0.113037,1.065186
0.283691,-0.394165,0.930298
-0.493896,0.046387,0.823242
0.477173,-0.185669,1.099854
-0.202393,-0.314575,0.775146
-0.071045,0.137573,1.045654
0.341309,-0.394409,0.953003
-0.516602,0.024536,0.796997
0.458740,-0.157837,1.108154
-0.146484,-0.358032,0.773193
-0.179199,0.174194,1.006348
0.387817,-0.373657,0.972900
-0.519165,0.004272,0.796021
0.405640,-0.112549,1.114990
-0.123413,-0.350464,0.781738
-0.252197,0.173828,0.985596
0.425903,-0.354858,1.004028
-0.524902,-0.036621,0.778442
0.357056,-0.089111,1.119751
-0.070190,-0.355469,0.818604
-0.296631,0.182373,0.965088
0.437622,-0.315674,1.027710
-0.500610,-0.075439,0.751221
0.297607,-0.060547,1.105347
0.004395,-0.373901,0.830933
-0.373657,0.175781,0.924805
0.457886,-0.290039,1.044434
-0.452515,-0.141113,0.754639
0.220703,-0.006592,1.093262
0.075195,-0.393677,0.867432
-0.432983,0.165039,0.890625
0.459595,-0.245117,1.052490
-0.419678,-0.171631,0.763672
0.145752,0.024780,1.068115
0.152222,-0.401123,0.888916
-0.493408,0.132690,0.848267
0.481689,-0.246704,1.065186
-0.368530,-0.236694,0.757568
0.040649,0.086182,1.059204
0.233032,-0.419556,0.906250
-0.502319,0.086670,0.814697
0.467163,-0.191895,1.076538
-0.252441,-0.277954,0.770874
-0.044800,0.110229,1.034668
0.283936,-0.431396,0.905518
-0.525513,0.040039,0.789917
0.459839,-0.179932,1.089355
-0.200439,-0.273926,0.774414
-0.142334,0.162354,1.000732
0.344604,-0.378052,0.959106
-0.531372,-0.047119,0.770752
0.421753,-0.167969,1.093994
-0.158203,-0.319946,0.752319
-0.252441,0.216064,0.980591
0.407471,-0.348633,0.982788
-0.533447,-0.051392,0.771851
0.347046,-0.142822,1.078369
-0.093994,-0.352661,0.785645
-0.305542,0.182251,0.933472
0.423462,-0.307251,0.999146
-0.519043,-0.069458,0.754883
0.277588,-0.085449,1.073975
0.008789,-0.392822,0.822876
-0.405273,0.177124,0.891602
0.440674,-0.257812,1.034668
-0.455322,-0.125122,0.750366
0.178101,0.004639,1.077881
0.101074,-0.442871,0.850098
-0.490112,0.156860,0.857056
0.463745,-0.243774,1.050171
-0.415771,-0.184082,0.746826
0.068970,0.077637,1.055542
0.186279,-0.411743,0.886597
-0.511475,0.088379,0.819214
0.462769,-0.215820,1.066772
-0.299561,-0.259888,0.763672
-0.033203,0.113525,1.031494
0.264160,-0.415039,0.896484
-0.540649,0.052002,0.798340
0.454712,-0.205933,1.074341
-0.220947,-0.313965,0.749512
-0.142334,0.140869,0.989624
0.328979,-0.390991,0.928589
-0.549561,0.003662,0.761353
0.403198,-0.152344,1.082397
-0.165161,-0.357666,0.740479
-0.243286,0.185059,0.968140
0.377930,-0.358398,0.955811
-0.547852,-0.004150,0.767700
0.343262,-0.110107,1.092041
-0.100464,-0.357544,0.777832
-0.330200,0.171631,0.923096
0.399658,-0.328857,0.990479
-0.517944,-0.104370,0.738159
0.257080,-0.071533,1.072388
-0.017700,-0.369751,0.809814
-0.431030,0.209961,0.902832
0.451782,-0.287231,1.028931
-0.459595,-0.128296,0.755615
0.133789,0.038574,1.054321
0.093262,-0.411499,0.845459
-0.503662,0.130005,0.837280
0.450806,-0.232178,1.053101
-0.380493,-0.220093,0.750488
0.031494,0.091797,1.042847
0.195923,-0.425049,0.861450
-0.544678,0.095703,0.799805
0.461792,-0.155273,1.125488
-0.267822,-0.282349,0.755127
-0.160522,0.181885,1.041016
0.270386,-0.408936,0.897583
-0.502686,-0.044922,0.790649
0.408691,-0.122192,1.126465
-0.060181,-0.353638,0.814331
-0.283447,0.194092,0.980713
0.472046,-0.304932,1.062378
-0.468628,-0.092651,0.780396
0.303833,-0.034424,1.121582
0.032715,-0.360840,0.849731
-0.350952,0.174194,0.942505
0.493896,-0.298218,1.067261
-0.422729,-0.181152,0.773071
0.186401,0.001099,1.084839
0.146362,-0.394897,0.900269
-0.432617,0.123901,0.868164
0.510742,-0.230225,1.097534
-0.342529,-0.204102,0.796509
0.055908,0.123413,1.065918
0.231812,-0.390259,0.914551
-0.467896,0.013916,0.838745
0.509277,-0.228394,1.116455
-0.200562,-0.327759,0.785889
-0.065552,0.169189,1.042725
0.319824,-0.386230,0.930908
-0.488770,-0.011597,0.806885
0.462280,-0.185547,1.118652
-0.125244,-0.377686,0.785889
-0.171509,0.180420,1.012329
0.362183,-0.317749,0.971680
-0.505249,-0.020386,0.784546
0.398438,-0.145996,1.114624
-0.064819,-0.392944,0.813354
-0.265015,0.173706,0.974121
0.427979,-0.285645,1.033691
-0.501221,-0.066650,0.758545
0.317993,-0.069702,1.115723
0.039551,-0.379028,0.847046
-0.370483,0.177490,0.927246
0.475220,-0.273804,1.060425
-0.427368,-0.123291,0.770630
0.179688,0.020752,1.081299
0.148682,-0.404663,0.896606
-0.451660,0.132568,0.871948
0.504272,-0.244141,1.089111
-0.353760,-0.223389,0.772095
0.036011,0.112061,1.045898
0.245972,-0.406128,0.920044
-0.483521,0.051392,0.832397
0.483032,-0.202637,1.105225
-0.209473,-0.314941,0.782227
-0.062012,0.139160,1.022095
0.298706,-0.366455,0.923828
-0.509277,0.013916,0.790649
0.460083,-0.210205,1.100342
-0.150146,-0.377319,0.781372
-0.176147,0.159058,1.010010
0.385132,-0.364380,0.973145
-0.515137,-0.005493,0.783569
0.381226,-0.087769,1.116821
-0.102783,-0.315918,0.807129
-0.271729,0.171753,0.980591
0.440674,-0.361084,1.021484
-0.510986,-0.071289,0.779663
0.318726,-0.038696,1.109741
-0.017822,-0.326050,0.824097
-0.365601,0.192505,0.926147
0.461060,-0.302734,1.037109
-0.438477,-0.186279,0.752563
0.230469,-0.022705,1.097900
0.067749,-0.372192,0.861328
-0.450439,0.181885,0.879761
0.483887,-0.252441,1.062012
-0.399536,-0.178833,0.772339
0.114746,0.025635,1.067017
0.175049,-0.408203,0.893799
-0.476562,0.103271,0.846802
0.486328,-0.206421,1.089722
-0.276855,-0.254761,0.796265
-0.004761,0.120728,1.045898
0.234009,-0.388916,0.906982
-0.488770,0.026855,0.817139
0.476196,-0.203735,1.088501
-0.208984,-0.288452,0.771118
-0.129150,0.152832,1.008911
0.327759,-0.385864,0.932129
-0.506226,-0.048706,0.769531
0.432129,-0.143677,1.107666
-0.145386,-0.322632,0.779663
-0.245483,0.208374,0.997192
0.398193,-0.327148,0.985840
-0.534668,-0.069092,0.744629
0.358765,-0.124390,1.100952
-0.036621,-0.382690,0.813843
-0.350830,0.192627,0.928589
0.442749,-0.302124,1.007446
-0.490356,-0.060059,0.756348
0.233032,-0.028564,1.079346
0.066650,-0.409058,0.860352
-0.425293,0.153320,0.890747
0.454346,-0.248047,1.050415
-0.436157,-0.160278,0.758911
0.097412,0.051392,1.039917
0.179810,-0.415527,0.891235
-0.502808,0.085938,0.830322
0.481079,-0.224976,1.088623
-0.283203,-0.259644,0.767090
-0.032104,0.140991,1.029419
0.260864,-0.380981,0.906250
-0.523804,0.033203,0.802979
0.461792,-0.210938,1.083130
-0.183960,-0.345703,0.755249
-0.148438,0.146240,0.989868
0.331665,-0.342529,0.941406
-0.534302,-0.009644,0.764282
0.413086,-0.142700,1.104248
-0.127319,-0.340942,0.779053
-0.277954,0.188965,0.957031
0.396118,-0.320312,0.990845
-0.526611,-0.090332,0.752808
0.315918,-0.109619,1.088745
-0.033936,-0.378174,0.807007
-0.384521,0.193481,0.904419
0.449829,-0.271851,1.031860
-0.468994,-0.137939,0.733032
0.186523,0.003418,1.072266
0.101074,-0.421997,0.859497
-0.488892,0.151733,0.876587
0.469604,-0.267456,1.049438
-0.389893,-0.183228,0.755371
0.040283,0.103027,1.041870
0.214722,-0.393433,0.888672
-0.513062,0.063477,0.816895
0.473999,-0.225952,1.071899
-0.249390,-0.293091,0.761108
-0.074463,0.116699,1.002686
0.291016,-0.383667,0.911987
-0.544800,0.036377,0.776367
0.439453,-0.194092,1.081787
-0.174316,-0.327881,0.756836
-0.211792,0.152588,0.978882
0.366333,-0.351440,0.970215
-0.546631,-0.019775,0.760498
0.368652,-0.118530,1.089966
-0.114380,-0.342285,0.775146
-0.317139,0.174438,0.938354
0.425293,-0.331909,1.004517
-0.499268,-0.114502,0.745605
0.246216,-0.032349,1.079956
-0.024048,-0.365112,0.806396
-0.404053,0.171753,0.896362
0.454102,-0.290771,1.028320
-0.455811,-0.158447,0.752686
0.165894,0.034302,1.079224
0.087402,-0.399780,0.842651
-0.503906,0.178711,0.860718
0.448608,-0.268799,1.035767
-0.409668,-0.205566,0.749023
0.081421,0.041260,1.047607
0.179565,-0.438354,0.879761
-0.534790,0.125977,0.823486
0.448242,-0.209961,1.058228
-0.321533,-0.223267,0.766113
-0.015137,0.101074,1.040649
0.254395,-0.453735,0.883789
-0.539551,0.087402,0.821777
0.443115,-0.200317,1.050049
-0.242065,-0.270386,0.758301
-0.107544,0.141724,1.003540
0.310303,-0.400146,0.934326
-0.544678,-0.001831,0.774536
0.422241,-0.182617,1.069458
-0.198120,-0.313110,0.738159
-0.213867,0.171631,0.975342
0.364014,-0.363892,0.955322
-0.548706,-0.035278,0.761841
0.384644,-0.153320,1.078613
-0.144287,-0.355469,0.757568
-0.283203,0.172119,0.932129
0.382690,-0.324829,0.975952
-0.544800,-0.064453,0.736816
0.342041,-0.110596,1.082520
-0.101196,-0.376099,0.775757
-0.339233,0.173584,0.909302
0.416138,-0.320190,0.993652
-0.535767,-0.052856,0.724609
0.276733,-0.060669,1.068115
-0.026611,-0.380737,0.812134
-0.395508,0.175049,0.907104
0.428101,-0.317749,1.001709
-0.502930,-0.078735,0.728394
0.205688,0.015503,1.072998
0.014282,-0.387085,0.824707
-0.445435,0.156738,0.889404
0.457031,-0.313721,1.020630
-0.478271,-0.108521,0.738525
0.134155,0.089966,1.058472
0.079834,-0.376099,0.840210
-0.480591,0.137207,0.866455
0.459961,-0.307739,1.031738
-0.449463,-0.177734,0.724243
0.083252,0.126099,1.054077
0.120605,-0.377563,0.848511
-0.513428,0.112305,0.832642
0.469482,-0.308105,1.029907
-0.403809,-0.240112,0.731079
0.048096,0.102051,1.040527
0.153076,-0.386841,0.857788
-0.543213,0.114990,0.807617
0.467896,-0.273804,1.046997
-0.348755,-0.255737,0.749023
0.004761,0.112427,1.032471
0.203003,-0.440430,0.858887
-0.569702,0.123779,0.810425
0.452881,-0.247314,1.039673
-0.306763,-0.258301,0.763062
-0.036011,0.129150,1.022705
0.244263,-0.421509,0.883423
-0.568848,0.098877,0.799805
0.436279,-0.223999,1.043823
-0.264038,-0.302612,0.744507
-0.085938,0.134155,1.005737
0.285645,-0.427124,0.897827
-0.571045,0.062622,0.775635
0.431763,-0.189209,1.069580
-0.217041,-0.328857,0.732178
-0.159546,0.155884,0.977783
0.316284,-0.386719,0.917603
-0.565430,0.008301,0.760376
0.406006,-0.174683,1.065796
-0.184937,-0.341675,0.726196
-0.237793,0.200928,0.968872
0.361206,-0.356201,0.947266
-0.565186,-0.043335,0.745728
0.373291,-0.164185,1.067505
-0.155762,-0.364990,0.737671
-0.297852,0.178345,0.928467
0.396240,-0.340088,0.967529
-0.572876,0.000854,0.755859
0.306030,-0.110229,1.055664
-0.083862,-0.378418,0.783936
-0.356201,0.198242,0.909180
0.410767,-0.302612,0.992310
-0.526123,-0.041748,0.744507
0.214478,-0.047363,1.060303
0.006470,-0.421875,0.809448
-0.457031,0.176025,0.877930
0.449829,-0.298462,1.024048
-0.492188,-0.099976,0.743042
0.093872,0.056274,1.027832
0.112061,-0.406860,0.845825
-0.502808,0.123291,0.830200
0.450439,-0.245605,1.049927
-0.367188,-0.219849,0.746704
0.009521,0.143555,1.023438
0.189941,-0.397339,0.854126
-0.544312,0.054565,0.789062
0.446411,-0.251343,1.039917
-0.281006,-0.321289,0.727417
-0.055542,0.125488,1.000000
0.230591,-0.365723,0.884277
-0.565918,0.051758,0.779297
0.437134,-0.247192,1.044067
-0.220459,-0.366211,0.729248
-0.143799,0.142822,0.972168
0.298828,-0.383179,0.890869
-0.575928,0.049805,0.763062
0.407471,-0.187866,1.055664
-0.200562,-0.351440,0.725464
-0.237793,0.154663,0.965820
0.361206,-0.373779,0.953857
-0.568237,-0.016235,0.753296
0.351807,-0.109009,1.065186
-0.148682,-0.317627,0.760376
-0.304199,0.172363,0.917603
0.398560,-0.350464,0.984253
-0.559570,-0.077148,0.729370
0.299927,-0.093628,1.063843
-0.094849,-0.348877,0.771240
-0.364990,0.209961,0.910645
0.409058,-0.299683,0.988159
-0.531250,-0.130615,0.720093
0.239624,-0.094971,1.045654
-0.032104,-0.381592,0.807495
-0.448120,0.188965,0.874023
0.434204,-0.284790,1.009399
-0.500366,-0.099731,0.726685
0.149292,0.027222,1.051392
0.068359,-0.421997,0.838257
-0.496094,0.149902,0.857422
0.445068,-0.256592,1.039551
-0.458008,-0.156128,0.719604
0.057983,0.093018,1.034790
0.159912,-0.416260,0.859985
-0.540527,0.129150,0.828125
0.443359,-0.232422,1.036377
-0.351074,-0.216797,0.740845
-0.026123,0.130005,1.013672
0.217773,-0.408813,0.876221
-0.561890,0.066162,0.794434
0.431519,-0.221191,1.037842
-0.266968,-0.306274,0.726685
-0.113159,0.126099,0.979370
0.271362,-0.384033,0.887695
-0.573608,0.049438,0.777832
0.411377,-0.191528,1.050659
-0.213745,-0.343506,0.721924
-0.198853,0.144897,0.963257
0.326904,-0.379883,0.916992
-0.585815,0.037964,0.763916
0.395508,-0.182373,1.055176
-0.173096,-0.362793,0.738403
-0.287598,0.161987,0.919800
0.372314,-0.339478,0.959351
-0.576660,-0.000488,0.748779
0.334106,-0.130127,1.062988
-0.108154,-0.378296,0.764893
-0.355225,0.180664,0.902954
0.396729,-0.325439,0.972900
-0.555664,-0.023193,0.738037
0.262207,-0.051392,1.057373
-0.040527,-0.374390,0.802246
-0.428833,0.174561,0.868408
0.409424,-0.301392,0.995239
-0.509766,-0.115845,0.723633
0.182983,-0.010864,1.041138
0.030640,-0.407471,0.819336
-0.480347,0.186646,0.866089
0.437622,-0.280640,1.012939
-0.469116,-0.141968,0.736938
0.075562,0.054565,1.023926
0.118896,-0.447021,0.835938
-0.514282,0.136719,0.833740
0.433350,-0.210205,1.030029
-0.364258,-0.177490,0.767212
-0.023315,0.136597,1.013794
0.191162,-0.412720,0.863403
-0.543945,0.069458,0.806763
0.435913,-0.219116,1.043091
-0.305542,-0.238037,0.737549
-0.088013,0.135986,0.976318
0.260132,-0.383057,0.896484
-0.574463,0.053467,0.778198
0.423584,-0.209351,1.046021
-0.224487,-0.320190,0.712646
-0.185181,0.166260,0.962769
0.316528,-0.368774,0.918945
-0.572754,0.005615,0.753296
0.393555,-0.169800,1.061157
-0.182007,-0.351685,0.731079
-0.271973,0.174561,0.931030
0.361938,-0.343140,0.948242
-0.573975,-0.033203,0.734497
0.330933,-0.127808,1.057129
-0.107422,-0.382324,0.757812
-0.355103,0.184204,0.885620
0.392456,-0.311768,0.973511
-0.541626,-0.058838,0.726685
0.226562,-0.052246,1.054321
-0.022949,-0.405029,0.794189
-0.442871,0.180542,0.891968
0.430176,-0.304565,1.002930
-0.486084,-0.121460,0.716553
0.103638,0.076294,1.028198
0.092773,-0.395996,0.844116
-0.514404,0.121582,0.825317
0.452881,-0.272217,1.025879
-0.376587,-0.214600,0.741455
-0.003784,0.157471,1.022461
0.186523,-0.381714,0.854370
-0.561401,0.089355,0.799194
0.439697,-0.262939,1.030762
-0.268188,-0.313110,0.737305
-0.090088,0.129639,0.984375
0.241699,-0.358643,0.883179
-0.586670,0.054688,0.757202
0.411011,-0.211548,1.050537
-0.188110,-0.393311,0.729492
-0.190674,0.135986,0.959106
0.305420,-0.348999,0.915405
-0.581787,0.074097,0.761108
0.352905,-0.176392,1.033203
-0.147705,-0.366577,0.769897
-0.277466,0.141235,0.942383
0.375854,-0.346802,0.957764
-0.571411,0.038330,0.727905
0.257935,-0.030640,1.032715
-0.058228,-0.367798,0.796875
-0.369507,0.143188,0.907471
0.391602,-0.321167,0.979492
-0.536621,-0.058105,0.719482
0.211304,-0.014648,1.043213
-0.008789,-0.364624,0.802490
-0.462036,0.208374,0.882202
0.419189,-0.296509,0.996338
-0.490234,-0.161499,0.723389
0.128052,0.025146,1.027588
0.065186,-0.373047,0.833496
-0.527100,0.190796,0.845703
0.453003,-0.272827,1.018555
-0.398682,-0.221436,0.750732
0.029663,0.061768,1.018188
0.159180,-0.416504,0.848877
-0.546631,0.119385,0.798340
0.430420,-0.205322,1.035034
-0.307129,-0.226929,0.762329
-0.064941,0.104004,0.987549
0.256104,-0.429199,0.882568
-0.565430,0.072510,0.780884
0.410278,-0.165039,1.041504
-0.237671,-0.291382,0.719727
-0.171265,0.145142,0.968994
0.304443,-0.400513,0.913330
-0.563354,-0.024780,0.740356
0.387573,-0.143433,1.061890
-0.183105,-0.348633,0.720337
-0.269165,0.179688,0.940186
0.368652,-0.361084,0.947510
-0.583252,-0.015503,0.746826
0.324463,-0.120972,1.050171
-0.113037,-0.369019,0.761963
-0.351318,0.173462,0.903076
0.402466,-0.316040,0.982544
-0.546753,-0.038452,0.737427
0.213013,-0.029419,1.042236
-0.007202,-0.407959,0.801270
-0.435303,0.161621,0.875732
0.414062,-0.282471,1.005615
-0.497314,-0.102173,0.732544
0.104614,0.054810,1.028198
0.078613,-0.403320,0.833374
-0.515869,0.135254,0.837158
0.448364,-0.259766,1.033813
-0.383057,-0.209717,0.728149
0.003052,0.154541,1.028198
0.174927,-0.348999,0.858521
-0.559692,0.095703,0.818359
0.455078,-0.289307,1.022461
-0.277100,-0.311279,0.736572
-0.082153,0.154663,0.973145
0.239014,-0.363281,0.872681
-0.579956,0.060791,0.750854
0.426880,-0.241211,1.033447
-0.210693,-0.378662,0.722656
-0.159546,0.136597,0.974487
0.306152,-0.365601,0.902222
-0.600342,0.065308,0.737305
0.375732,-0.166504,1.047241
-0.168823,-0.385010,0.740967
-0.252808,0.142578,0.948853
0.356812,-0.346802,0.948364
-0.595581,0.017334,0.723999
0.318359,-0.107666,1.040405
-0.112183,-0.338989,0.790527
-0.346924,0.166138,0.913696
0.390259,-0.342651,0.966187
-0.550903,-0.030762,0.716431
0.250488,-0.051270,1.048706
-0.049683,-0.369263,0.785645
-0.429810,0.187256,0.887573
0.420410,-0.349121,0.975464
-0.512451,-0.086304,0.723755
0.156494,0.028320,1.030273
0.026611,-0.392456,0.818115
-0.489380,0.158936,0.858276
0.433838,-0.279297,1.017700
-0.473145,-0.172363,0.703491
0.081665,0.076660,1.037720
0.116821,-0.421631,0.832642
-0.546997,0.165527,0.834961
0.443726,-0.261597,1.014526
-0.367554,-0.217285,0.744751
0.013672,0.112061,1.031372
0.176270,-0.412476,0.847778
-0.566650,0.129761,0.800903
0.449829,-0.238037,1.032837
-0.295044,-0.279175,0.741333
-0.072021,0.162720,1.013428
0.251831,-0.440063,0.867310
-0.576660,0.070679,0.781860
0.410889,-0.189453,1.038330
-0.255493,-0.314941,0.717896
-0.147583,0.161499,0.987061
0.311401,-0.423828,0.898926
-0.573242,0.021484,0.759399
0.380371,-0.143799,1.047119
-0.205444,-0.315308,0.723145
-0.229736,0.175415,0.958984
0.360352,-0.395020,0.935669
-0.573608,-0.013428,0.746582
0.353760,-0.140381,1.053101
-0.161987,-0.348633,0.739380
-0.306763,0.188354,0.938721
0.398926,-0.365845,0.959351
-0.577637,-0.009277,0.746338
0.295898,-0.095703,1.057373
-0.093750,-0.377197,0.765869
-0.391846,0.204224,0.910767
0.419434,-0.316162,0.985474
-0.530151,-0.090698,0.715576
0.188965,-0.030151,1.042114
0.010254,-0.419556,0.801758
-0.483276,0.194702,0.864502
0.436523,-0.260132,1.022217
-0.487915,-0.117310,0.736572
0.086792,0.037476,1.025513
0.109253,-0.424927,0.849487
-0.515991,0.127930,0.818481
0.442139,-0.224609,1.032471
-0.373169,-0.194702,0.752930
-0.009399,0.112427,1.025269
0.195557,-0.434082,0.854980
-0.548950,0.082764,0.791748
0.437134,-0.186401,1.049927
-0.277588,-0.276855,0.736938
-0.110352,0.150269,0.982910
0.284302,-0.407471,0.898804
-0.582153,0.022827,0.766479
0.401245,-0.201660,1.039673
-0.193115,-0.357056,0.715210
-0.223145,0.173950,0.952881
0.338379,-0.339600,0.934082
-0.577026,-0.010254,0.752686
0.365234,-0.175049,1.049316
-0.143799,-0.388428,0.741211
-0.303101,0.169678,0.908691
0.370605,-0.317383,0.958984
-0.562500,0.000000,0.756470
0.288452,-0.105591,1.050049
-0.062378,-0.403320,0.787109
-0.391724,0.187378,0.889771
0.400146,-0.291748,0.985596
-0.539429,-0.032471,0.728516
0.198364,-0.024658,1.039917
0.035156,-0.399170,0.836060
-0.484375,0.175781,0.867798
0.423462,-0.281738,1.008789
-0.461670,-0.128784,0.724731
0.074097,0.097412,1.028687
0.117676,-0.402954,0.848755
-0.523682,0.117798,0.836304
0.436646,-0.254272,1.023682
-0.374634,-0.221436,0.722900
-0.005859,0.153320,1.027588
0.190552,-0.398926,0.859619
-0.554321,0.076782,0.800659
0.436768,-0.231323,1.041016
-0.270386,-0.299927,0.719604
-0.071533,0.150757,1.005493
0.240234,-0.357056,0.883545
-0.588013,0.052246,0.760986
0.432739,-0.263550,1.023071
-0.218140,-0.372803,0.719604
-0.166138,0.150879,0.970825
0.298218,-0.342041,0.912231
-0.587524,0.077881,0.760498
0.386963,-0.218750,1.035889
-0.153687,-0.407349,0.750000
-0.251587,0.133057,0.925049
0.338257,-0.324585,0.944092
-0.570679,0.028564,0.739502
0.337280,-0.127441,1.057861
-0.096191,-0.354858,0.793823
-0.334473,0.157349,0.916016
0.374878,-0.342041,0.959961
-0.540771,-0.040161,0.718628
0.281860,-0.048218,1.063354
-0.055542,-0.350830,0.802490
-0.409912,0.197998,0.899536
0.420898,-0.337280,0.982666
-0.522949,-0.088013,0.723389
0.196289,0.008179,1.054688
0.020508,-0.389648,0.809448
-0.467041,0.186401,0.878052
0.429688,-0.298950,1.006958
-0.486084,-0.135010,0.722290
0.102661,0.067261,1.041504
0.110840,-0.409546,0.835571
-0.530762,0.142090,0.834839
0.449219,-0.273438,1.023438
-0.377197,-0.236328,0.738037
0.015259,0.116821,1.025391
0.177979,-0.392578,0.857056
-0.552368,0.101562,0.808838
0.449463,-0.248657,1.036865
-0.282349,-0.300659,0.742432
-0.077515,0.143433,0.991943
0.256104,-0.396606,0.890991
-0.557983,0.041382,0.783325
0.417603,-0.202026,1.044678
-0.216187,-0.342285,0.713501
-0.162842,0.170776,0.983521
0.302368,-0.362305,0.906860
-0.570557,0.007080,0.766113
0.409180,-0.187378,1.072510
-0.177490,-0.360352,0.736816
-0.276245,0.164795,0.937378
0.362183,-0.351685,0.954346
-0.566406,-0.014038,0.744629
0.351685,-0.112793,1.080933
-0.122070,-0.335205,0.771362
-0.344360,0.169067,0.906372
0.397705,-0.341064,0.976440
-0.543823,-0.065674,0.732300
0.276611,-0.086426,1.062134
-0.054443,-0.398071,0.790039
-0.414307,0.199219,0.888916
0.419434,-0.298584,0.989380
-0.511841,-0.085083,0.724976
0.187622,-0.016357,1.045410
0.026855,-0.411621,0.826172
-0.453369,0.170532,0.881714
0.436768,-0.280518,1.023193
-0.504272,-0.101562,0.712769
0.104858,0.067017,1.034424
0.113525,-0.422852,0.854370
-0.500854,0.127197,0.846313
0.438110,-0.272217,1.020874
-0.459473,-0.140015,0.723877
0.060425,0.102295,1.036377
0.172729,-0.417480,0.865723
-0.538574,0.122925,0.827637
0.449463,-0.264526,1.030518
-0.371216,-0.227295,0.727905
-0.013550,0.125122,1.014771
0.218018,-0.410400,0.874390
-0.551147,0.064209,0.806152
0.449097,-0.227295,1.059448
-0.285767,-0.292480,0.719360
-0.080811,0.153809,0.990234
0.254639,-0.379639,0.889160
-0.553711,0.031616,0.790527
0.455078,-0.240845,1.071411
-0.236572,-0.312256,0.728516
-0.152222,0.158691,0.971436
0.304565,-0.372437,0.908203
-0.554199,0.015869,0.772339
0.424072,-0.195923,1.059570
-0.194580,-0.340698,0.730957
-0.217896,0.164062,0.960693
0.341309,-0.362061,0.925415
-0.570435,-0.008423,0.747314
0.385986,-0.179199,1.071533
-0.153076,-0.365723,0.755249
-0.295288,0.203125,0.943848
0.386353,-0.345093,0.956909
-0.557861,-0.009277,0.756226
0.335693,-0.133545,1.064575
-0.106445,-0.373047,0.778442
-0.353027,0.184692,0.903442
0.407104,-0.312012,0.994385
-0.533691,-0.038940,0.744263
0.252808,-0.045410,1.070801
-0.021362,-0.380249,0.825073
-0.410034,0.151978,0.890625
0.428833,-0.302979,1.001709
-0.500244,-0.070923,0.730835
0.160767,0.032104,1.045532
0.065430,-0.385498,0.841431
-0.466064,0.152100,0.873047
0.444702,-0.272583,1.025391
-0.455200,-0.139282,0.736328
0.077148,0.090088,1.037720
0.140625,-0.406860,0.850220
-0.522339,0.112671,0.827881
0.454346,-0.238525,1.047241
-0.345581,-0.234985,0.742676
-0.005859,0.126709,1.022461
0.199951,-0.390869,0.879639
-0.538330,0.055786,0.801880
0.459595,-0.238770,1.054932
-0.263062,-0.313721,0.731323
-0.086060,0.152466,0.993408
0.268921,-0.391235,0.892212
-0.556152,0.043091,0.783325
0.446289,-0.208862,1.058228
-0.213623,-0.332153,0.731201
-0.160767,0.150757,0.978394
0.326050,-0.370361,0.924194
-0.573486,0.021484,0.763916
0.409424,-0.197632,1.061157
-0.172729,-0.362183,0.745605
-0.242310,0.166992,0.966675
0.363037,-0.352051,0.956909
-0.572876,0.023193,0.764038
0.365723,-0.137939,1.074707
-0.116699,-0.355591,0.777954
-0.318115,0.172607,0.925537
0.394775,-0.342773,0.974121
-0.529541,-0.058228,0.754028
0.300903,-0.086426,1.080688
-0.062622,-0.368896,0.796631
-0.390015,0.195801,0.896851
0.513794,-0.235474,1.097290
-0.489014,-0.088623,0.751343
0.108765,0.080322,1.085938
0.038208,-0.414673,0.836914
-0.450806,0.081909,0.857422
0.504395,-0.199097,1.105469
-0.264282,-0.253052,0.810059
0.014648,0.129150,1.063599
0.297119,-0.396729,0.945068
-0.480225,0.036133,0.836548
0.510742,-0.197510,1.138794
-0.164062,-0.325806,0.805664
-0.062256,0.142456,1.035645
0.345215,-0.364746,0.955688
-0.493408,-0.000488,0.803711
0.492676,-0.159424,1.154175
-0.098633,-0.339844,0.819824
-0.162598,0.184082,1.034302
0.391357,-0.357056,0.980835
-0.492065,-0.024048,0.804077
0.432861,-0.125122,1.144165
-0.050537,-0.339844,0.844849
-0.250854,0.204346,1.012817
0.452393,-0.312622,1.047363
-0.485474,-0.041748,0.779053
0.346191,-0.051025,1.142578
0.041870,-0.391235,0.872314
-0.325195,0.185181,0.976440
0.490845,-0.275391,1.080200
-0.417480,-0.123779,0.772217
0.242676,0.040649,1.125732
0.120483,-0.400757,0.885376
-0.393066,0.130127,0.921387
0.526611,-0.291260,1.106445
-0.369507,-0.166504,0.794922
0.151245,0.114258,1.108765
0.196899,-0.375000,0.920044
-0.438110,0.091797,0.881714
0.527954,-0.273071,1.107788
-0.325684,-0.222046,0.816040
0.067383,0.094727,1.070190
0.278687,-0.394897,0.945435
-0.467529,0.098999,0.859619
0.522949,-0.191528,1.123657
-0.240967,-0.252686,0.823975
-0.004272,0.111816,1.059326
0.324829,-0.406738,0.959229
-0.458862,0.014038,0.838379
0.508423,-0.155029,1.147339
-0.148682,-0.296265,0.806763
-0.092163,0.180298,1.057861
0.378906,-0.367065,0.985596
-0.477539,-0.047974,0.810913
0.485107,-0.150391,1.155762
-0.094360,-0.332031,0.809204
-0.188477,0.218262,1.032104
0.426270,-0.334473,1.018311
-0.480225,-0.071045,0.806030
0.422485,-0.119385,1.156738
-0.044434,-0.333618,0.838013
-0.265991,0.216553,0.997681
0.475830,-0.303833,1.055786
-0.454712,-0.102417,0.794434
0.357056,-0.079346,1.138184
0.032227,-0.346313,0.874390
-0.333862,0.183716,0.950806
0.515259,-0.286133,1.092896
-0.395142,-0.153809,0.794434
0.248657,-0.002808,1.122925
0.133789,-0.397461,0.892822
-0.392090,0.147705,0.910400
0.514648,-0.243774,1.105469
-0.330566,-0.216309,0.810547
0.139160,0.037720,1.094116
0.229736,-0.404663,0.938721
-0.448608,0.098022,0.867310
0.524658,-0.191406,1.131470
-0.266479,-0.255859,0.813965
0.039185,0.104248,1.081543
0.322754,-0.390503,0.972900
-0.474854,0.052979,0.832031
0.507568,-0.163940,1.136108
-0.132690,-0.305420,0.833008
-0.066772,0.123779,1.064087
0.377075,-0.368652,0.990967
-0.472900,0.001221,0.824829
0.467285,-0.092896,1.158691
-0.082397,-0.309570,0.835327
-0.181885,0.175903,1.037842
0.450928,-0.338623,1.054077
-0.478394,-0.070312,0.803345
0.390137,-0.044556,1.158081
-0.022217,-0.308472,0.847778
-0.279785,0.190918,0.989014
0.514526,-0.298218,1.103638
-0.427856,-0.154541,0.791748
0.294800,-0.008301,1.136597
0.080322,-0.373535,0.866577
-0.358032,0.167480,0.928955
0.539551,-0.272461,1.116089
-0.350708,-0.227661,0.802124
0.189209,0.049194,1.111084
0.187622,-0.401001,0.911133
-0.421753,0.141113,0.892700
0.539062,-0.223999,1.133179
-0.290405,-0.248657,0.827393
0.085205,0.088257,1.099365
0.276123,-0.406494,0.946167
-0.456299,0.074951,0.855713
0.538086,-0.197144,1.145630
-0.180420,-0.273315,0.847290
-0.029175,0.153564,1.076294
0.353882,-0.397461,0.971191
-0.468018,0.023926,0.845825
0.503784,-0.176758,1.139771
-0.093262,-0.324707,0.834473
-0.114624,0.179443,1.058716
0.414429,-0.344849,1.012451
-0.478271,-0.021484,0.816895
0.459229,-0.125000,1.160645
-0.046387,-0.349487,0.841553
-0.201538,0.188965,1.025391
0.456909,-0.301392,1.059570
-0.467163,-0.058838,0.804565
0.389526,-0.067505,1.155518
0.034058,-0.378296,0.867554
-0.288208,0.189331,0.986938
0.494629,-0.268677,1.090332
-0.421021,-0.118042,0.793213
0.297363,-0.012939,1.144531
0.114502,-0.389404,0.897217
-0.343872,0.172607,0.957642
0.537720,-0.272217,1.112305
-0.370850,-0.169678,0.800781
0.187622,0.056030,1.125488
0.194824,-0.412354,0.921021
-0.395874,0.122803,0.913208
0.550049,-0.249023,1.125366
-0.313354,-0.204590,0.820679
0.113159,0.097046,1.111450
0.282349,-0.399536,0.952881
-0.460449,0.098999,0.869751
0.539062,-0.215942,1.129272
-0.206055,-0.294189,0.838867
0.012573,0.136597,1.088623
0.345581,-0.387939,0.979370
-0.484741,0.077637,0.840454
0.506226,-0.159180,1.135620
-0.089478,-0.328003,0.856567
-0.064087,0.152100,1.071533
0.389160,-0.368774,1.013184
-0.465576,-0.012939,0.822876
0.487183,-0.136108,1.151489
-0.067261,-0.298340,0.849976
-0.173584,0.208252,1.043823
0.446655,-0.327148,1.053345
-0.457275,-0.054688,0.821167
0.430542,-0.090942,1.166138
-0.004639,-0.342163,0.876587
-0.246338,0.205566,1.004028
0.486450,-0.286133,1.081543
-0.430542,-0.095093,0.807739
0.342773,-0.022705,1.161987
0.083984,-0.376587,0.917358
-0.322510,0.165039,0.968262
0.516602,-0.262695,1.109009
-0.391357,-0.144653,0.801880
0.248169,0.042114,1.150391
0.193237,-0.424194,0.926880
-0.374390,0.149658,0.952759
0.530518,-0.263184,1.108643
-0.341187,-0.200439,0.807861
0.149414,0.082642,1.120239
0.278320,-0.402588,0.967773
-0.423584,0.114380,0.901123
0.540405,-0.193237,1.139648
-0.276855,-0.230469,0.817505
0.060303,0.112427,1.094604
0.350952,-0.403564,0.993042
-0.456909,0.074951,0.861572
0.529297,-0.146118,1.149536
-0.140991,-0.285278,0.857056
-0.051270,0.174316,1.081299
0.384399,-0.396484,1.006470
-0.445312,-0.028320,0.853394
0.510986,-0.103516,1.188599
-0.085327,-0.302002,0.842285
-0.144043,0.201904,1.059448
0.453857,-0.366943,1.039185
-0.459106,-0.088135,0.821411
0.453491,-0.110474,1.177368
-0.019165,-0.316528,0.863159
-0.219360,0.221313,1.034424
0.485840,-0.307129,1.094482
-0.438721,-0.136597,0.798218
0.381958,-0.032715,1.183472
0.056885,-0.342285,0.881592
-0.302246,0.219116,0.999512
0.544067,-0.277954,1.121582
-0.390625,-0.174316,0.806519
0.257080,-0.011841,1.137451
0.177734,-0.402710,0.942993
-0.360962,0.142700,0.920410
0.535645,-0.204712,1.131592
-0.317383,-0.192505,0.824585
0.141724,0.059570,1.109497
0.292969,-0.413452,0.976074
-0.421265,0.121826,0.888916
0.522339,-0.162476,1.140259
-0.230591,-0.244385,0.833740
0.024048,0.138428,1.101318
0.371582,-0.411987,1.006348
-0.437866,0.034180,0.850098
0.515137,-0.123535,1.164551
-0.080200,-0.277222,0.871582
-0.117188,0.207397,1.061523
0.434814,-0.378662,1.030151
-0.454468,-0.057983,0.836426
0.463501,-0.093384,1.178711
-0.010742,-0.343628,0.868652
-0.212524,0.241455,1.057617
0.490601,-0.300049,1.075073
-0.442627,-0.091675,0.808105
0.369873,-0.056396,1.164673
0.085449,-0.368286,0.910889
-0.296631,0.190063,0.996948
0.535156,-0.253662,1.124634
-0.371338,-0.161865,0.809326
0.245972,0.019043,1.139160
0.199219,-0.395386,0.945435
-0.378418,0.145142,0.926147
0.563477,-0.242065,1.138428
-0.301636,-0.213989,0.831299
0.114380,0.093750,1.100342
0.291260,-0.395508,0.974731
-0.418457,0.087524,0.894897
0.565063,-0.170776,1.175171
-0.203247,-0.259033,0.838501
-0.027344,0.168457,1.085205
0.385986,-0.387451,1.022095
-0.440063,-0.016235,0.853394
0.515869,-0.124390,1.173340
-0.039307,-0.317505,0.876465
-0.124512,0.215088,1.078613
0.436523,-0.333984,1.048950
-0.442871,-0.063110,0.826050
0.440796,-0.090820,1.168091
0.010498,-0.328735,0.897949
-0.225220,0.219238,1.045166
0.517212,-0.276978,1.116211
-0.410278,-0.108521,0.817871
0.301270,-0.005249,1.142822
0.131592,-0.385132,0.915039
-0.307007,0.126587,0.958862
0.553467,-0.220703,1.162476
-0.320557,-0.208130,0.821045
0.150024,0.107544,1.118164
0.263428,-0.408691,0.966187
-0.411621,0.066650,0.885132
0.560425,-0.202881,1.168457
-0.190796,-0.259277,0.861694
-0.005005,0.190796,1.091553
0.371094,-0.389038,0.990723
-0.444092,0.008423,0.851562
0.518066,-0.137451,1.182129
-0.027710,-0.341064,0.894287
-0.110840,0.198486,1.076660
0.423340,-0.331665,1.028564
-0.460571,-0.023926,0.827881
0.461548,-0.119873,1.170532
0.020752,-0.337402,0.910522
-0.210327,0.224976,1.058960
0.489746,-0.282593,1.097656
-0.437988,-0.072876,0.816040
0.334595,-0.014160,1.151123
0.123291,-0.389771,0.910767
-0.290771,0.182983,0.993530
0.548584,-0.256470,1.143188
-0.362183,-0.157959,0.823853
0.231079,0.038086,1.128540
0.206299,-0.410400,0.937134
-0.391235,0.113892,0.907715
0.574707,-0.238403,1.171875
-0.267456,-0.257324,0.827759
0.111816,0.127075,1.130371
0.302856,-0.414673,0.957642
-0.433838,0.130615,0.891235
0.558228,-0.193848,1.148438
-0.162964,-0.265625,0.871582
-0.004028,0.172241,1.093018
0.363647,-0.364746,1.002930
-0.459473,0.019531,0.849121
0.525391,-0.164551,1.168335
-0.054810,-0.339844,0.880249
-0.072021,0.205078,1.109131
0.423584,-0.345215,1.030518
-0.466309,-0.017090,0.822510
0.478149,-0.120239,1.170776
-0.015381,-0.332275,0.898315
-0.139648,0.189575,1.086548
0.494019,-0.342896,1.080322
-0.479370,0.007568,0.829712
0.395386,-0.026245,1.167603
0.058350,-0.360474,0.907593
-0.226685,0.187500,1.043945
0.517456,-0.276855,1.130615
-0.433594,-0.073120,0.813721
0.354248,-0.021484,1.161255
0.117676,-0.383667,0.919434
-0.298706,0.165161,0.985718
0.551514,-0.273315,1.136353
-0.381470,-0.137939,0.814941
0.271851,0.035034,1.133057
0.195923,-0.393433,0.938232
-0.348877,0.145630,0.932617
0.569702,-0.260620,1.144043
-0.312134,-0.234253,0.839478
0.171265,0.048340,1.109863
0.272339,-0.413940,0.971069
-0.406494,0.129395,0.896118
0.561768,-0.196167,1.158203
-0.235229,-0.214600,0.860962
0.068359,0.134277,1.106445
0.319702,-0.418213,0.986694
-0.426147,0.069336,0.888306
0.563110,-0.170898,1.176636
-0.184692,-0.247925,0.864746
-0.018066,0.195801,1.101807
0.391602,-0.399414,1.009277
-0.431885,0.010254,0.869263
0.513916,-0.130859,1.177856
-0.072998,-0.290405,0.886475
-0.090332,0.226929,1.092773
0.442871,-0.372070,1.029175
-0.447632,-0.027466,0.849731
0.473633,-0.130127,1.171631
0.038452,-0.336426,0.900391
-0.167603,0.249512,1.071167
0.468018,-0.294556,1.080200
-0.447144,-0.065552,0.821533
0.428833,-0.087402,1.172241
0.061157,-0.339233,0.919922
-0.251831,0.227905,1.031494
0.520752,-0.267212,1.118652
-0.404907,-0.123657,0.820068
0.316040,-0.019775,1.154785
0.152710,-0.412598,0.926880
-0.310791,0.171631,0.979614
0.563721,-0.250854,1.146362
-0.350586,-0.181396,0.821167
0.201172,0.061035,1.114868
0.251221,-0.418213,0.954590
-0.371826,0.106445,0.902100
0.561401,-0.212891,1.163086
-0.257935,-0.248291,0.829102
0.086182,0.158447,1.114990
0.335083,-0.429688,0.982422
-0.439575,0.076294,0.880127
0.558105,-0.183716,1.178589
-0.168945,-0.243774,0.875122
-0.010010,0.225586,1.108276
0.385498,-0.398926,0.999512
-0.451294,0.033691,0.865479
0.520630,-0.158447,1.171143
-0.052734,-0.301392,0.895508
-0.077881,0.227173,1.105957
0.421997,-0.325317,1.046265
-0.470215,-0.023315,0.828003
0.477661,-0.132324,1.173584
0.015137,-0.381348,0.895630
-0.141602,0.214966,1.072144
0.467407,-0.297852,1.066162
-0.444092,-0.036133,0.826294
0.420776,-0.076416,1.163452
0.063965,-0.399658,0.902222
-0.237183,0.230103,1.046021
0.515625,-0.258423,1.111694
-0.410645,-0.100708,0.810181
0.330322,-0.017090,1.152222
0.137085,-0.414429,0.923218
-0.297485,0.183105,0.997559
0.550415,-0.251465,1.130981
-0.357910,-0.135010,0.817627
0.229248,0.056030,1.124756
0.235229,-0.445435,0.943604
-0.354858,0.098877,0.930176
0.558838,-0.235962,1.147705
-0.313354,-0.196411,0.825562
0.139282,0.145020,1.115723
0.305176,-0.422607,0.973389
-0.404053,0.065552,0.882812
0.567627,-0.215332,1.171631
-0.234253,-0.223633,0.858276
0.039917,0.180908,1.091919
0.346069,-0.386108,0.997192
-0.427856,0.037964,0.859497
0.547119,-0.186401,1.178711
-0.140137,-0.267212,0.873169
-0.031738,0.214966,1.092285
0.406494,-0.347656,1.016113
-0.465698,0.014160,0.836792
0.495605,-0.165527,1.155396
-0.012573,-0.371948,0.891602
-0.088745,0.203613,1.085083
0.442749,-0.308350,1.052246
-0.477905,-0.018188,0.807373
0.445190,-0.108398,1.172852
0.044922,-0.406738,0.891357
-0.176636,0.220825,1.076294
0.488770,-0.291016,1.082886
-0.447510,-0.038574,0.816162
0.363770,-0.053833,1.142334
0.119751,-0.434937,0.924438
-0.263306,0.146973,1.013428
0.537109,-0.228394,1.151855
-0.399170,-0.109741,0.800293
0.249512,0.079468,1.142334
0.218140,-0.423340,0.958496
-0.346558,0.056763,0.940552
0.562500,-0.224121,1.173706
-0.341431,-0.187012,0.793457
0.155518,0.145630,1.130981
0.299805,-0.451782,0.960938
-0.427002,0.046875,0.884277
0.553223,-0.224609,1.163940
-0.246826,-0.249878,0.821655
0.055176,0.225220,1.128296
0.376587,-0.427124,0.988525
-0.466064,0.055054,0.871216
0.539429,-0.219238,1.162598
-0.131836,-0.301880,0.856323
-0.032593,0.253174,1.103882
0.391113,-0.350464,1.009155
-0.471558,-0.009277,0.839355
0.515625,-0.184570,1.177002
-0.010132,-0.362549,0.897705
-0.115845,0.225708,1.089355
0.428711,-0.338257,1.027222
-0.464111,-0.020996,0.830811
0.474487,-0.156250,1.167847
0.041138,-0.411865,0.883667
-0.182739,0.224487,1.058228
0.468506,-0.297485,1.068604
-0.427490,-0.056274,0.817871
0.402588,-0.068604,1.149536
0.063599,-0.384399,0.891357
-0.230835,0.215454,1.024780
0.510986,-0.271484,1.093384
-0.411865,-0.077881,0.824829
0.328857,-0.033569,1.127808
0.134155,-0.427490,0.922485
-0.300293,0.152588,0.989746
0.536011,-0.253418,1.136841
-0.371460,-0.151489,0.808960
0.238770,0.076782,1.129761
0.200806,-0.417358,0.937866
-0.344727,0.101440,0.940430
0.569336,-0.282593,1.147461
-0.352661,-0.212891,0.800049
0.172241,0.108765,1.115967
0.287231,-0.421631,0.961914
-0.389404,0.101807,0.888184
0.546143,-0.218872,1.131836
-0.268433,-0.227417,0.828247
0.097412,0.132202,1.101196
0.330811,-0.432739,0.977417
-0.412598,0.071777,0.855957
0.533936,-0.172363,1.138184
-0.229492,-0.215698,0.844971
0.023071,0.154907,1.090454
0.374146,-0.457764,0.996094
-0.440674,0.023193,0.851807
0.521240,-0.122803,1.164185
-0.158569,-0.231689,0.865112
-0.049438,0.201172,1.083374
0.413574,-0.393677,1.019287
-0.437988,-0.021606,0.836670
0.502319,-0.123779,1.162842
-0.056763,-0.295532,0.885132
-0.126221,0.234619,1.073120
0.456177,-0.363403,1.037720
-0.442871,-0.058716,0.819580
0.444458,-0.089355,1.153931
0.037842,-0.341797,0.892090
-0.178711,0.227417,1.059204
0.481689,-0.329834,1.067017
-0.436279,-0.098999,0.805298
0.382324,-0.068481,1.140015
0.062256,-0.347046,0.898071
-0.226318,0.193237,1.012695
0.509766,-0.262573,1.108521
-0.414429,-0.117676,0.807495
0.305786,-0.023682,1.132935
0.137329,-0.435425,0.903931
-0.307007,0.159546,0.967285
0.545776,-0.254883,1.114502
-0.370483,-0.116943,0.816650
0.200073,0.066284,1.103882
0.244019,-0.459717,0.929810
-0.377930,0.095215,0.907959
0.545532,-0.244507,1.126953
-0.310547,-0.191650,0.819702
0.090576,0.130127,1.079590
0.322144,-0.433228,0.965454
-0.422607,0.061279,0.857788
0.531738,-0.191650,1.140503
-0.205933,-0.239380,0.852905
-0.000977,0.181396,1.085938
0.363647,-0.418701,0.978760
-0.455444,0.039062,0.837769
0.510254,-0.156860,1.146118
-0.113770,-0.264893,0.867554
-0.085327,0.213501,1.068970
0.418335,-0.380127,1.021606
-0.461060,-0.038818,0.813965
0.459961,-0.132324,1.146851
0.017578,-0.350342,0.892456
-0.170776,0.236450,1.052246
0.463257,-0.334106,1.035767
-0.455933,-0.055664,0.808716
0.407471,-0.101807,1.146729
0.060059,-0.390137,0.877686
-0.229980,0.222168,1.034424
0.487305,-0.291260,1.065918
-0.421265,-0.095093,0.801025
0.319092,-0.041992,1.114868
0.113281,-0.436890,0.897583
-0.305542,0.186523,0.996948
0.522583,-0.267578,1.100220
-0.379150,-0.130737,0.814575
0.223389,0.053345,1.103760
0.197998,-0.453369,0.904297
-0.364868,0.108032,0.925293
0.550171,-0.267334,1.132446
-0.329468,-0.187622,0.812622
0.128418,0.111938,1.088989
0.249390,-0.446167,0.921753
-0.388184,0.048218,0.862915
0.545166,-0.221436,1.126709
-0.262329,-0.222168,0.826416
0.035400,0.165039,1.068848
0.317871,-0.434570,0.949341
-0.440674,0.017700,0.840820
0.523193,-0.212402,1.134766
-0.173706,-0.260376,0.855713
-0.046875,0.215088,1.084595
0.376709,-0.379150,0.984253
-0.465820,0.016235,0.819946
0.482666,-0.152588,1.148804
-0.051636,-0.335571,0.870239
-0.118774,0.209106,1.054321
0.416260,-0.361694,1.009277
-0.468750,-0.010254,0.813232
0.433350,-0.122070,1.125977
0.037720,-0.397217,0.881836
-0.180054,0.181885,1.025513
0.444214,-0.302612,1.042969
-0.440430,-0.064209,0.807861
0.380981,-0.079834,1.124512
0.076538,-0.416138,0.887085
-0.273926,0.174927,0.987061
0.492188,-0.283203,1.077026
-0.400146,-0.108276,0.797729
0.298706,0.002808,1.111328
0.116943,-0.406982,0.884888
-0.337891,0.175415,0.951538
0.518066,-0.285767,1.092407
-0.376343,-0.180054,0.791870
0.218018,0.037354,1.095337
0.193359,-0.425659,0.907227
-0.376831,0.137451,0.896973
0.527832,-0.261963,1.096191
-0.315430,-0.229492,0.813721
0.133179,0.056519,1.076660
0.256714,-0.443848,0.920166
-0.424561,0.082764,0.831665
0.536255,-0.220825,1.104492
-0.265137,-0.228516,0.825439
0.030151,0.120117,1.073120
0.322144,-0.471313,0.950073
-0.458496,0.054077,0.818848
0.500854,-0.173218,1.118652
-0.195557,-0.228638,0.842041
-0.042603,0.186890,1.077148
0.397583,-0.454590,0.974731
-0.486938,0.014526,0.808594
0.460815,-0.130005,1.119995
-0.081665,-0.283813,0.858765
-0.124634,0.212891,1.056396
0.427856,-0.412231,0.996338
-0.467407,-0.055786,0.811646
0.421143,-0.111694,1.123169
0.019165,-0.357788,0.871094
-0.191162,0.221313,1.020752
0.460327,-0.334961,1.037476
-0.458008,-0.093506,0.783447
0.359863,-0.101807,1.096924
0.072632,-0.402954,0.872314
-0.255127,0.164062,0.967285
0.473511,-0.285400,1.056396
-0.411377,-0.107056,0.798096
0.290649,-0.043701,1.087280
0.109985,-0.446289,0.873169
-0.329102,0.127686,0.932373
0.502319,-0.247437,1.090454
-0.387695,-0.132202,0.796265
0.199951,0.028931,1.081177
0.191772,-0.476440,0.883057
-0.375366,0.083008,0.880249
0.521851,-0.239136,1.096069
-0.334961,-0.182007,0.788574
0.103027,0.132080,1.075928
0.274048,-0.484009,0.902466
-0.428711,0.062988,0.849609
0.507324,-0.245117,1.096924
-0.272339,-0.242920,0.803345
0.022339,0.172241,1.067383
0.322998,-0.456177,0.935913
-0.478516,0.043213,0.804443
0.496094,-0.199951,1.110962
-0.197876,-0.267822,0.813110
-0.056396,0.217407,1.058472
0.380127,-0.438965,0.962402
-0.495972,0.042114,0.812744
0.465576,-0.188354,1.094727
-0.114624,-0.308350,0.837036
-0.118408,0.193604,1.031860
0.421387,-0.395996,0.995239
-0.480469,-0.011719,0.788574
0.421265,-0.099854,1.105347
-0.027344,-0.355835,0.845947
-0.189209,0.190552,1.009888
0.448730,-0.388672,1.023071
-0.473999,-0.077637,0.783325
0.371094,-0.075562,1.106567
0.048218,-0.385132,0.834961
-0.244385,0.185181,0.989990
0.472046,-0.337524,1.034912
-0.442383,-0.126709,0.788208
0.307373,-0.068237,1.073730
0.075073,-0.385986,0.857788
-0.316406,0.170044,0.930664
0.494385,-0.282593,1.066650
-0.389282,-0.181274,0.783081
0.230347,-0.026367,1.063965
0.125244,-0.414551,0.861450
-0.367432,0.112305,0.881836
0.519287,-0.261963,1.088745
-0.360718,-0.189087,0.784058
0.140137,0.064819,1.067139
0.222778,-0.480713,0.872314
-0.428101,0.070923,0.826782
0.508301,-0.254150,1.078491
-0.310059,-0.180542,0.803223
0.053955,0.088013,1.048828
0.283569,-0.516724,0.892944
-0.460815,0.032715,0.799805
0.497559,-0.220703,1.074707
-0.259155,-0.203369,0.804565
-0.018677,0.151489,1.045288
0.353027,-0.514648,0.934082
-0.499023,0.041138,0.788086
0.464355,-0.154175,1.089355
-0.196411,-0.235962,0.811035
-0.067993,0.179810,1.048706
0.367554,-0.441895,0.956177
-0.489502,0.004761,0.797852
0.449829,-0.155762,1.082153
-0.105225,-0.297485,0.840210
-0.171631,0.213379,1.014160
0.413086,-0.429932,0.982422
-0.482178,-0.040771,0.781616
0.407715,-0.108032,1.089966
-0.011963,-0.330200,0.848633
-0.218872,0.220459,1.006226
0.439697,-0.398682,0.983887
-0.484009,-0.078003,0.767822
0.355469,-0.098755,1.068115
0.060181,-0.406860,0.845947
-0.254150,0.194336,0.977905
0.453125,-0.346924,1.005981
-0.468018,-0.115601,0.751587
0.306030,-0.077393,1.064087
0.095459,-0.417969,0.852539
-0.320923,0.166138,0.928101
0.473511,-0.303223,1.030884
-0.421021,-0.151123,0.776123
0.215332,-0.021851,1.049316
0.119263,-0.431274,0.851685
-0.368774,0.127441,0.884155
0.499268,-0.263916,1.055542
-0.400024,-0.169067,0.764648
0.119629,0.043335,1.048096
0.229614,-0.521606,0.857300
-0.427734,0.043457,0.807861
0.499878,-0.226685,1.070312
-0.329590,-0.180176,0.768799
0.022827,0.126343,1.040527
0.300537,-0.530029,0.889282
-0.540161,-0.001343,0.759644
0.398560,-0.172852,1.034424
-0.105591,-0.325439,0.791748
-0.199707,0.229370,0.978394
0.361206,-0.378662,0.936035
-0.527832,-0.059082,0.751343
0.351562,-0.146240,1.028687
-0.019531,-0.390869,0.794434
-0.275635,0.200073,0.911255
0.410645,-0.350464,0.958130
-0.514282,-0.067627,0.744263
0.254028,-0.086182,1.005005
0.048706,-0.471558,0.771484
-0.323730,0.129639,0.861816
0.453247,-0.303711,0.991089
-0.492432,-0.074097,0.761108
0.149658,-0.018555,0.983032
0.093994,-0.510376,0.771484
-0.411133,0.079346,0.804077
0.468018,-0.262573,1.011719
-0.415771,-0.112061,0.761597
0.039795,0.115845,1.004883
0.187866,-0.465942,0.828369
-0.502686,0.045654,0.762695
0.473267,-0.274414,1.025146
-0.322754,-0.186523,0.770996
-0.050049,0.201172,1.017700
0.257935,-0.438354,0.865967
-0.526123,0.030640,0.743774
0.445312,-0.220581,1.039185
-0.211548,-0.246094,0.791138
-0.136597,0.208862,0.997070
0.309326,-0.431274,0.889404
-0.556396,0.011719,0.751221
0.421021,-0.192505,1.043945
-0.095215,-0.317017,0.805542
-0.208496,0.231934,0.963623
0.361572,-0.337280,0.934814
-0.548462,-0.024536,0.743408
0.343018,-0.170532,1.006226
-0.013916,-0.394897,0.802368
-0.251709,0.172241,0.915649
0.374756,-0.305542,0.933716
-0.515137,0.006836,0.748047
0.301758,-0.108887,1.003784
0.038818,-0.452515,0.790771
-0.318481,0.138916,0.864014
0.407715,-0.314941,0.959961
-0.514038,-0.058716,0.733154
0.224854,-0.048340,1.001343
0.076782,-0.483398,0.777832
-0.377563,0.113281,0.840576
0.453613,-0.310913,0.981445
-0.459961,-0.108032,0.744019
0.118530,0.072388,1.010376
0.085571,-0.424927,0.794800
-0.423828,0.058228,0.807373
0.487427,-0.327881,1.002930
-0.437500,-0.119995,0.739746
0.038574,0.155029,1.008301
0.155640,-0.406860,0.828735
-0.498535,0.051392,0.766968
0.479614,-0.310791,1.013916
-0.353882,-0.183716,0.761230
-0.013672,0.201782,1.034912
0.228638,-0.405640,0.854858
-0.555420,0.077881,0.742065
0.463745,-0.274536,1.011841
-0.258057,-0.259521,0.777588
-0.077637,0.192261,1.009033
0.263916,-0.391846,0.890381
-0.576782,0.078369,0.746948
0.444824,-0.228027,1.030273
-0.150391,-0.277466,0.807251
-0.159058,0.205200,0.968506
0.293335,-0.373047,0.892456
-0.564819,0.030396,0.740967
0.414795,-0.190186,1.039551
-0.081909,-0.342407,0.791138
-0.207275,0.208984,0.945923
0.343140,-0.338135,0.933105
-0.562500,0.021973,0.749512
0.363525,-0.171997,1.002441
-0.032837,-0.392700,0.793579
-0.222656,0.148560,0.910156
0.375732,-0.293579,0.951538
-0.557007,0.037842,0.745117
0.301392,-0.123047,0.972290
0.023315,-0.428589,0.789673
-0.276001,0.105957,0.878418
0.401978,-0.292847,0.955688
-0.545776,0.007080,0.733765
0.243408,-0.057983,0.990356
0.050903,-0.428711,0.790161
-0.354614,0.089478,0.834473
0.431152,-0.295776,0.984985
-0.499512,-0.042114,0.735718
0.166992,0.049316,1.007568
0.088867,-0.442383,0.785522
-0.407959,0.111572,0.814575
0.431396,-0.284546,0.977051
-0.462158,-0.114868,0.727539
0.138916,0.066528,1.023071
0.097900,-0.435791,0.787842
-0.467896,0.112427,0.786621
0.473389,-0.311401,0.994141
-0.432739,-0.165894,0.727783
0.049683,0.127319,1.000122
0.152100,-0.425781,0.810303
-0.491455,0.114380,0.780518
0.468872,-0.260132,1.002197
-0.378418,-0.154175,0.761230
-0.016113,0.122681,0.991333
0.218750,-0.478394,0.830566
-0.525024,0.086060,0.755127
0.449341,-0.192261,1.024658
-0.312500,-0.164307,0.756714
-0.076538,0.155762,0.979004
0.283691,-0.462769,0.875244
-0.558472,0.051147,0.743530
0.422974,-0.150269,1.033813
-0.166992,-0.255859,0.786255
-0.173218,0.198608,0.958252
0.326416,-0.437622,0.890259
-0.549316,0.045776,0.759399
0.394653,-0.135010,1.027344
-0.081543,-0.310913,0.779907
-0.262085,0.206421,0.911865
0.376831,-0.378418,0.926392
-0.532837,-0.034668,0.739990
0.329468,-0.100708,1.012085
-0.010132,-0.387329,0.771606
-0.334229,0.213745,0.871216
0.413940,-0.350586,0.936279
-0.505737,-0.091919,0.736694
0.240479,-0.047241,0.990967
0.045410,-0.420654,0.768555
-0.409180,0.179443,0.821899
0.444580,-0.291870,0.956909
-0.469238,-0.114014,0.750000
0.121582,0.018799,0.996094
0.086182,-0.459595,0.781006
-0.462646,0.117676,0.792847
0.460327,-0.229980,0.996094
-0.403564,-0.099609,0.759277
0.007568,0.130493,1.004517
0.195679,-0.489624,0.822876
-0.532837,0.077148,0.761475
0.448486,-0.195557,1.020874
-0.300049,-0.176392,0.762939
-0.094971,0.185181,0.981201
0.291016,-0.440430,0.892456
-0.564819,0.047852,0.734253
0.407471,-0.147949,1.023926
-0.142578,-0.279297,0.774414
-0.200195,0.215454,0.943604
0.361816,-0.401978,0.927002
-0.554810,0.009033,0.756714
0.351318,-0.112061,1.017700
-0.054810,-0.359741,0.748291
-0.271851,0.172974,0.876465
0.406250,-0.342163,0.943970
-0.537964,-0.040771,0.742310
0.266479,-0.063477,0.985474
0.020996,-0.431641,0.757324
-0.348999,0.150024,0.837524
0.415405,-0.282837,0.945801
-0.498657,-0.074097,0.738281
0.157471,0.005859,0.990723
0.071167,-0.448120,0.769897
-0.440308,0.128784,0.807617
0.457153,-0.278320,0.987305
-0.440918,-0.128418,0.730835
0.044434,0.129272,0.994385
0.174927,-0.433960,0.820801
-0.523315,0.094727,0.779175
0.446167,-0.232300,1.005005
-0.318726,-0.183716,0.752808
-0.061279,0.195557,0.992310
0.253296,-0.425171,0.864624
-0.555786,0.060913,0.748291
0.441650,-0.190674,1.040161
-0.190552,-0.251831,0.777344
-0.172974,0.220947,0.954224
0.318848,-0.386108,0.892578
-0.568970,0.043457,0.755859
0.394897,-0.157715,1.021484
-0.069580,-0.357910,0.777588
-0.259277,0.229980,0.907349
0.365601,-0.306641,0.924927
-0.549438,-0.023804,0.739258
0.317993,-0.113770,1.007812
-0.008667,-0.438599,0.753052
-0.342651,0.219849,0.871826
0.404175,-0.288452,0.943237
-0.523682,-0.052368,0.735107
0.234741,-0.060181,0.994873
0.047729,-0.442749,0.768555
-0.413330,0.173706,0.821167
0.433228,-0.255493,0.961060
-0.476440,-0.082886,0.740601
0.121704,0.035034,1.002930
0.098022,-0.444580,0.799927
-0.479370,0.122437,0.794556
0.450073,-0.230713,0.983765
-0.395264,-0.099487,0.761108
0.009521,0.150146,0.994873
0.184692,-0.441895,0.831177
-0.539429,0.086670,0.763062
0.434570,-0.186035,1.018188
-0.285889,-0.194702,0.758667
-0.080933,0.198486,0.984375
0.272095,-0.400391,0.878784
-0.573608,0.058105,0.747559
0.422607,-0.159058,1.032959
-0.164062,-0.295288,0.761719
-0.172852,0.227661,0.950806
0.333740,-0.396118,0.893555
-0.577759,0.075439,0.757080
0.385376,-0.144653,1.023438
-0.065796,-0.355957,0.768799
-0.267334,0.215088,0.896729
0.373169,-0.330811,0.923950
-0.551392,-0.015137,0.741089
0.311401,-0.098267,1.004272
-0.017822,-0.408447,0.760254
-0.329956,0.186279,0.857300
0.395874,-0.278198,0.936279
-0.519653,-0.029297,0.739624
0.229370,-0.055542,0.992065
0.045776,-0.439087,0.765869
-0.420410,0.185791,0.825562
0.431274,-0.244751,0.966309
-0.474487,-0.066895,0.751221
0.110229,0.035767,0.995728
0.095581,-0.465454,0.783447
-0.485229,0.135986,0.789795
0.441406,-0.199097,0.999390
-0.370239,-0.136719,0.749878
-0.000244,0.147705,1.003906
0.198120,-0.450073,0.842041
-0.551636,0.084229,0.762573
0.439941,-0.166870,1.020752
-0.271851,-0.171631,0.766357
-0.105225,0.192017,0.970825
0.292969,-0.432373,0.888916
-0.578491,0.053345,0.744263
0.406494,-0.124634,1.033447
-0.144043,-0.289795,0.753174
-0.191528,0.214478,0.939209
0.355347,-0.375610,0.908813
-0.571045,0.056152,0.760254
0.357666,-0.119385,1.007812
-0.059082,-0.367920,0.753662
-0.292969,0.202881,0.886230
0.382935,-0.309204,0.936279
-0.542114,-0.020508,0.732788
0.265259,-0.063477,0.987305
0.000000,-0.424805,0.754028
-0.365967,0.181274,0.845581
0.418945,-0.271240,0.955811
-0.515503,-0.030396,0.736572
0.166870,0.006714,0.984985
0.072388,-0.429199,0.787720
-0.454346,0.159058,0.811279
0.435791,-0.231689,0.986572
-0.438354,-0.095581,0.749146
0.044678,0.125122,1.005981
0.161743,-0.447754,0.829224
-0.530884,0.114624,0.781494
0.436523,-0.169678,1.010132
-0.330933,-0.152344,0.735840
-0.043701,0.207397,1.000000
0.256226,-0.388062,0.869507
-0.599976,0.107178,0.744629
0.418579,-0.180542,1.013916
-0.195679,-0.291260,0.755371
-0.132446,0.190430,0.953247
0.305298,-0.330933,0.903809
-0.591797,0.079346,0.745239
0.394653,-0.146362,1.021851
-0.088257,-0.363281,0.762329
-0.238647,0.178589,0.887817
0.355713,-0.302734,0.927490
-0.569214,0.038452,0.730347
0.330322,-0.082764,1.013550
-0.037842,-0.421631,0.732300
-0.314819,0.177368,0.861938
0.392700,-0.278809,0.940063
-0.548828,-0.028198,0.711304
0.250244,-0.063965,0.983643
0.014771,-0.427856,0.762207
-0.418213,0.190063,0.827881
0.428101,-0.255127,0.970703
-0.478271,-0.094238,0.737061
0.109497,0.046021,1.002563
0.088989,-0.451050,0.783569
-0.499512,0.179321,0.823242
0.443481,-0.229370,0.991089
-0.388306,-0.130005,0.749390
-0.004150,0.141235,0.985840
0.182983,-0.383057,0.843872
-0.570190,0.149048,0.773193
0.467041,-0.209106,1.030029
-0.238525,-0.253540,0.764648
-0.108643,0.199219,0.972656
0.265869,-0.362183,0.877563
-0.587769,0.104248,0.745361
0.418579,-0.139648,1.026245
-0.110962,-0.338623,0.760742
-0.207642,0.204468,0.927490
0.326660,-0.357178,0.901123
-0.575928,0.054932,0.746704
0.355103,-0.081543,1.026978
-0.051758,-0.380127,0.749756
-0.306885,0.209106,0.885620
0.392700,-0.321167,0.928711
-0.549316,-0.023682,0.715332
0.249023,-0.042114,0.990845
-0.020020,-0.406982,0.748169
-0.383667,0.193970,0.845337
0.433716,-0.280029,0.950317
-0.512573,-0.057739,0.734863
0.128296,0.038574,0.988892
0.062622,-0.419434,0.784180
-0.484253,0.173218,0.818604
0.442505,-0.191650,1.005005
-0.416870,-0.104126,0.741089
0.023193,0.130493,1.003662
0.160767,-0.426025,0.830322
-0.550659,0.127930,0.781982
0.443481,-0.168823,1.028442
-0.287964,-0.184448,0.758057
-0.085083,0.215454,0.988403
0.249756,-0.389404,0.868774
-0.591431,0.102905,0.756104
0.430420,-0.168579,1.026733
-0.165894,-0.282593,0.758179
-0.171509,0.225098,0.955078
0.323853,-0.358765,0.886841
-0.606079,0.084595,0.750000
0.382446,-0.139282,1.016235
-0.089844,-0.372803,0.742920
-0.263428,0.187622,0.891113
0.370239,-0.307983,0.926392
-0.564697,0.008301,0.729248
0.285767,-0.063843,1.004150
-0.040771,-0.421021,0.728882
-0.353882,0.192505,0.854858
0.408691,-0.281982,0.942383
-0.535889,-0.044434,0.713745
0.196777,0.000244,1.002563
0.017212,-0.428833,0.760742
-0.453003,0.193481,0.828735
0.419800,-0.227417,0.966064
-0.456787,-0.083130,0.737305
0.104614,0.090576,1.017456
0.078735,-0.418213,0.793213
-0.527344,0.180786,0.808472
0.449463,-0.224731,0.994385
-0.383301,-0.123901,0.753296
-0.004761,0.168579,1.001953
0.171997,-0.411499,0.829712
-0.554443,0.115234,0.789795
0.435181,-0.163940,1.028320
-0.278687,-0.198608,0.743774
-0.100830,0.235229,0.985352
0.274536,-0.401001,0.871216
-0.594238,0.121826,0.779541
0.422241,-0.171753,1.012329
-0.170288,-0.300659,0.740234
-0.172852,0.229980,0.939697
0.321777,-0.340332,0.897339
-0.594604,0.059570,0.735474
0.388184,-0.144653,1.020020
-0.108643,-0.375244,0.729492
-0.253174,0.227905,0.902832
0.366699,-0.315918,0.908081
-0.577515,0.046143,0.728638
0.315308,-0.102539,1.000854
-0.045410,-0.428467,0.738647
-0.337524,0.187622,0.862793
0.385986,-0.283081,0.932495
-0.561646,-0.002808,0.719116
0.212769,-0.035156,0.985596
0.010498,-0.415405,0.767090
-0.424683,0.179688,0.835449
0.415527,-0.246338,0.967041
-0.499512,-0.028931,0.740112
0.108276,0.065063,1.000610
0.087646,-0.421387,0.798584
-0.503296,0.166992,0.808105
0.418335,-0.173584,0.994141
-0.391113,-0.109619,0.750122
0.015869,0.149048,0.997681
0.159546,-0.407227,0.838135
-0.570679,0.125244,0.785034
0.444214,-0.179932,1.020630
-0.278564,-0.215698,0.738159
-0.104858,0.224976,0.981323
0.255981,-0.388306,0.867310
-0.593262,0.103882,0.757812
0.429810,-0.162842,1.030273
-0.189941,-0.279175,0.741089
-0.197144,0.217407,0.933716
0.331787,-0.357056,0.901733
-0.596313,0.066895,0.738892
0.380371,-0.124512,1.041382
-0.106567,-0.365723,0.732422
-0.279297,0.221069,0.902954
0.362183,-0.318848,0.910400
-0.573242,0.014038,0.736206
0.309692,-0.110107,0.993652
-0.046875,-0.403442,0.747803
-0.373413,0.210815,0.862183
0.395386,-0.269043,0.935669
-0.542847,-0.043213,0.709106
0.187378,-0.009155,0.996948
0.017578,-0.433838,0.775391
-0.434937,0.181030,0.846924
0.415771,-0.217651,0.972290
-0.497559,-0.049072,0.723389
0.099731,0.084106,1.012939
0.098511,-0.424683,0.799927
-0.528442,0.191650,0.821777
0.422852,-0.181641,1.009766
-0.382324,-0.140747,0.731201
0.007812,0.175781,1.022949
0.187012,-0.393799,0.843018
-0.597900,0.157837,0.775269
0.444702,-0.202881,1.007690
-0.278442,-0.216797,0.731567
-0.095215,0.226685,0.998169
0.268799,-0.396240,0.877075
-0.609375,0.122314,0.766113
0.409180,-0.156738,1.022827
-0.198975,-0.322754,0.718994
-0.168091,0.194702,0.945435
0.312378,-0.363037,0.888306
-0.615356,0.101807,0.753418
0.390747,-0.135376,1.018555
-0.137817,-0.342529,0.725952
-0.244751,0.191772,0.898804
0.348755,-0.317505,0.917603
-0.589722,0.035522,0.729736
0.315552,-0.118408,1.000977
-0.087769,-0.404663,0.719360
-0.305542,0.202393,0.882202
0.381226,-0.305176,0.926147
-0.579468,0.025146,0.710327
0.253296,-0.075073,0.979004
-0.038330,-0.421875,0.747803
-0.378174,0.186768,0.859741
0.405518,-0.286865,0.944580
-0.560547,0.017578,0.710693
0.181274,0.004761,0.990234
0.008057,-0.417603,0.775757
-0.452271,0.191162,0.840454
0.408325,-0.247681,0.956055
-0.499634,-0.013428,0.739868
0.118164,0.087402,1.005249
0.055542,-0.387329,0.804199
-0.504150,0.153198,0.823242
0.426025,-0.236084,0.981079
-0.446045,-0.074829,0.734863
0.041016,0.160400,1.006592
0.125854,-0.381470,0.829102
-0.549805,0.154785,0.815918
0.435425,-0.217896,1.007690
-0.397339,-0.140381,0.719482
-0.000732,0.181885,1.007690
0.184814,-0.390259,0.843872
-0.591919,0.146362,0.781006
0.425293,-0.208862,1.002441
-0.300293,-0.245361,0.726929
-0.071777,0.202881,0.992310
0.228271,-0.372803,0.870483
-0.606079,0.128418,0.776123
0.415894,-0.193237,1.016846
-0.229248,-0.310913,0.719604
-0.127197,0.205322,0.964600
0.268311,-0.352783,0.888184
-0.626587,0.118408,0.744629
0.417603,-0.193115,1.021484
-0.153687,-0.350586,0.739990
-0.207031,0.210693,0.940430
0.303101,-0.336426,0.885010
-0.616821,0.092896,0.746704
0.396240,-0.157593,1.031372
-0.123047,-0.379150,0.727539
-0.286011,0.209717,0.894775
0.355103,-0.336548,0.906372
-0.589111,0.024902,0.718018
0.308350,-0.101074,1.010010
-0.079956,-0.398315,0.737061
-0.352417,0.205322,0.869019
0.387085,-0.302856,0.934448
-0.554321,-0.012939,0.712769
0.227539,-0.021729,1.009155
-0.038818,-0.439575,0.733887
-0.414062,0.208130,0.871094
0.404907,-0.277100,0.956055
-0.536255,-0.034668,0.712769
0.131714,0.049561,0.991699
0.036499,-0.417114,0.792358
-0.487061,0.192139,0.847778
0.408325,-0.225586,0.986450
-0.464233,-0.094482,0.736450
0.057373,0.117188,1.018311
0.114380,-0.412598,0.831543
-0.566040,0.166626,0.807983
0.425415,-0.224487,1.001099
-0.366211,-0.169678,0.728760
-0.036377,0.188232,0.998169
0.219971,-0.394531,0.857910
-0.601929,0.123291,0.778442
0.404297,-0.176758,1.007690
-0.250000,-0.281494,0.725708
-0.111328,0.174194,0.962402
0.264526,-0.359985,0.884888
-0.618042,0.102661,0.758301
0.409546,-0.175415,1.028442
-0.175537,-0.341553,0.733032
-0.225708,0.206543,0.935791
0.321167,-0.344116,0.904297
-0.607788,0.072754,0.741333
0.352783,-0.154663,1.008789
-0.126343,-0.391968,0.722534
-0.307251,0.190552,0.896240
0.368042,-0.310425,0.930420
-0.574341,0.052002,0.732300
0.261597,-0.057373,1.003662
-0.072388,-0.400513,0.749512
-0.401123,0.192139,0.856567
0.393921,-0.283569,0.952271
-0.546265,-0.051147,0.698730
0.160156,0.023193,0.995972
0.017944,-0.416260,0.780640
-0.499146,0.209595,0.852417
0.408203,-0.242798,0.980469
-0.465820,-0.096558,0.731567
0.052368,0.129150,1.013916
0.105835,-0.407227,0.818481
-0.556763,0.172119,0.819702
0.428101,-0.209473,1.004517
-0.373413,-0.179932,0.719360
-0.034302,0.170288,1.004761
0.196655,-0.389771,0.859375
-0.601685,0.096558,0.774414
0.411621,-0.191895,1.021240
-0.250000,-0.286499,0.711792
-0.117798,0.208740,0.976196
0.263916,-0.344238,0.873291
-0.617554,0.115112,0.764160
0.392944,-0.207642,1.007935
-0.168945,-0.372192,0.729858
-0.219238,0.176636,0.926758
0.322632,-0.330933,0.909302
-0.622314,0.065674,0.727905
0.325806,-0.131104,1.012573
-0.107300,-0.407837,0.730957
-0.326904,0.195068,0.889282
0.370972,-0.322021,0.926514
-0.570923,0.043701,0.743896
0.232056,-0.058105,0.994751
-0.055908,-0.395874,0.773804
-0.419678,0.166748,0.848145
0.396484,-0.272461,0.958618
-0.528564,-0.037109,0.701538
0.134521,0.043213,0.995728
0.025269,-0.408203,0.783325
-0.499023,0.187744,0.836304
0.414917,-0.260132,0.981567
-0.467163,-0.100952,0.715820
0.071655,0.133179,1.017212
0.102661,-0.392700,0.821167
-0.575439,0.177734,0.804810
0.410156,-0.223267,0.998901
-0.365479,-0.197876,0.725830
-0.008301,0.176025,1.020874
0.161743,-0.407349,0.833618
-0.593018,0.156006,0.791016
0.412598,-0.211670,1.006836
-0.290894,-0.275391,0.712158
-0.083130,0.172607,0.998291
0.227905,-0.400879,0.864990
-0.605103,0.105957,0.772095
0.411255,-0.195435,1.005737
-0.233643,-0.320679,0.707764
-0.174316,0.202271,0.959106
0.302124,-0.355347,0.906128
-0.601318,0.066895,0.746948
0.375488,-0.170654,1.017212
-0.187744,-0.353027,0.707275
-0.244019,0.171143,0.920288
0.349365,-0.345947,0.920776
-0.607178,0.043457,0.745361
0.322876,-0.140747,1.015625
-0.123169,-0.416138,0.712158
-0.337402,0.192871,0.883667
0.362061,-0.317993,0.925903
-0.576538,0.040161,0.741943
0.245239,-0.093750,0.997070
-0.073364,-0.399536,0.767944
-0.423828,0.171875,0.846924
0.397949,-0.302612,0.959717
-0.544434,-0.035156,0.713379
0.158691,0.034912,1.009888
0.006836,-0.409302,0.779297
-0.494385,0.210815,0.843872
0.405151,-0.271484,0.968018
-0.494629,-0.094604,0.723633
0.093994,0.078735,1.021484
0.079712,-0.393555,0.821777
-0.547119,0.188354,0.822510
0.408569,-0.233032,0.992065
-0.413330,-0.164185,0.725342
0.015503,0.114258,1.010498
0.167236,-0.430176,0.846924
-0.590942,0.175171,0.794800
0.416992,-0.197144,1.009399
-0.324097,-0.220337,0.731445
-0.084961,0.143921,0.980957
0.243652,-0.456177,0.866821
-0.606445,0.103149,0.773438
0.395142,-0.140381,1.023560
-0.253052,-0.286011,0.698486
-0.177734,0.186035,0.966675
0.323608,-0.416382,0.896729
-0.602661,0.046021,0.759521
0.366211,-0.143555,1.023804
-0.176514,-0.331421,0.707642
-0.267456,0.198730,0.917480
0.356567,-0.338867,0.930786
-0.603760,0.006836,0.736450
0.289917,-0.165527,0.990845
-0.116333,-0.411133,0.744019
-0.369019,0.188232,0.870728
0.386963,-0.302856,0.946045
-0.563232,-0.012451,0.711304
0.197754,-0.039795,1.008423
-0.018433,-0.403198,0.786987
-0.458862,0.185303,0.866821
0.398071,-0.280884,0.965576
-0.520264,-0.070068,0.698120
0.098633,0.074951,1.011230
0.086426,-0.403564,0.821167
-0.554077,0.188965,0.829224
0.417480,-0.277588,0.977173
-0.427979,-0.167603,0.726440
0.022217,0.132690,1.011719
0.162720,-0.388794,0.843628
-0.589722,0.134888,0.804565
0.414062,-0.225708,1.019043
-0.178833,0.177612,0.954102
0.288574,-0.341431,0.899048
-0.608032,0.039429,0.741699
0.376343,-0.206055,1.016846
-0.182007,-0.392334,0.711426
-0.252686,0.175659,0.920776
0.339966,-0.343628,0.924316
-0.599487,0.037720,0.744873
0.325684,-0.138184,1.009766
-0.134033,-0.354736,0.758545
-0.322632,0.158203,0.887817
0.368774,-0.329834,0.944458
-0.587891,0.012085,0.707397
0.269653,-0.074341,1.025024
-0.077271,-0.371460,0.773804
-0.397827,0.170654,0.872559
0.385376,-0.317871,0.955566
-0.563232,-0.016235,0.705566
0.202515,-0.021362,1.015869
-0.012085,-0.400757,0.792969
-0.460693,0.173828,0.854370
0.409790,-0.271973,0.984497
-0.536621,-0.076782,0.695312
0.113281,0.049438,1.009033
0.073730,-0.417847,0.825928
-0.519287,0.147095,0.843506
0.416260,-0.255859,0.997925
-0.460205,-0.134033,0.699463
0.029663,0.132324,1.015137
0.140503,-0.420410,0.841064
-0.561279,0.145142,0.818604
0.417847,-0.234863,1.001831
-0.382812,-0.174316,0.731323
-0.007446,0.123901,1.005859
0.192383,-0.418091,0.851440
-0.584106,0.115479,0.782715
0.441895,-0.189087,1.073120
-0.299805,-0.257690,0.723267
-0.166870,0.145508,0.986572
0.321533,-0.374878,0.925659
-0.543823,-0.005249,0.772095
0.434692,-0.177490,1.097046
-0.155273,-0.365234,0.747559
-0.246826,0.204102,0.987671
0.369629,-0.365601,0.948486
-0.553589,-0.009277,0.776489
0.401855,-0.181396,1.090698
-0.106445,-0.363770,0.790283
-0.310669,0.205688,0.950073
0.399658,-0.323120,0.998535
-0.531738,-0.051025,0.761108
0.341553,-0.120361,1.095459
-0.063232,-0.360107,0.804565
-0.329834,0.185791,0.935425
0.424683,-0.292603,1.008423
-0.499756,-0.091675,0.745972
0.265259,-0.066284,1.085693
0.019287,-0.401123,0.832153
-0.406982,0.176636,0.893677
0.448730,-0.289551,1.033203
-0.473022,-0.108643,0.761841
0.181152,-0.013428,1.066528
0.107422,-0.419800,0.862305
-0.467163,0.161255,0.873169
0.473145,-0.254761,1.050415
-0.411987,-0.172363,0.761353
0.067505,0.067993,1.044067
0.210449,-0.427246,0.894897
-0.502075,0.109253,0.843140
0.475952,-0.210205,1.071289
-0.278320,-0.239624,0.782104
-0.035645,0.130249,1.034668
0.279419,-0.397705,0.920044
-0.513672,0.019165,0.801758
0.472290,-0.185669,1.100952
-0.183960,-0.308350,0.771484
-0.169067,0.158325,0.996094
0.351685,-0.356934,0.950928
-0.532227,-0.025024,0.773682
0.409546,-0.155762,1.094727
-0.101196,-0.350098,0.800781
-0.269287,0.185059,0.969727
0.411499,-0.316040,0.995850
-0.534546,-0.029175,0.764038
0.329224,-0.093994,1.096436
-0.009033,-0.381836,0.828125
-0.357178,0.170288,0.922485
0.449951,-0.310425,1.032837
-0.473877,-0.085327,0.755249
0.214844,-0.004395,1.087646
0.092651,-0.397095,0.869141
-0.431396,0.151733,0.891357
0.464478,-0.240234,1.060547
-0.405884,-0.182251,0.757202
0.119141,0.066895,1.072144
0.182861,-0.401367,0.893433
-0.486694,0.110596,0.853882
0.494385,-0.257690,1.070435
-0.324829,-0.258911,0.756592
0.010986,0.102783,1.052002
0.273682,-0.389038,0.917847
-0.510742,0.062622,0.820679
0.479126,-0.204102,1.088379
-0.203735,-0.302124,0.796875
-0.090454,0.115356,1.014038
0.338989,-0.389282,0.950317
-0.525146,-0.000366,0.791382
0.451904,-0.146240,1.121948
-0.147217,-0.320068,0.790894
-0.209229,0.159180,0.994141
0.406372,-0.343262,0.996460
-0.513428,-0.051636,0.777344
0.385742,-0.132812,1.108765
-0.078247,-0.333862,0.817993
-0.287842,0.157593,0.947266
0.444214,-0.284058,1.046021
-0.498535,-0.098511,0.747681
0.302124,-0.055420,1.121582
0.031860,-0.414551,0.835693
-0.371094,0.175293,0.924316
0.462524,-0.273193,1.046631
-0.445068,-0.100586,0.774292
0.217651,-0.010498,1.103882
0.141724,-0.412231,0.898071
-0.443848,0.147949,0.892578
0.482910,-0.236572,1.077515
-0.376465,-0.191528,0.758179
0.097778,0.112915,1.082764
0.226318,-0.413330,0.910767
-0.479492,0.091431,0.854492
0.500854,-0.233276,1.090576
-0.281372,-0.276978,0.778809
-0.010376,0.146484,1.054810
0.288330,-0.388550,0.943604
-0.485107,0.000732,0.813843
0.492188,-0.181030,1.118530
-0.183350,-0.307861,0.778687
-0.100098,0.171021,1.026123
0.339966,-0.370850,0.956299
-0.507935,-0.018677,0.801636
0.478638,-0.189819,1.122803
-0.137451,-0.350952,0.788818
-0.162964,0.203491,1.029663
0.385376,-0.341064,0.985596
-0.527710,0.003906,0.797119
0.434692,-0.164551,1.123779
-0.078613,-0.350830,0.815308
-0.240479,0.191162,1.006470
0.425293,-0.317871,1.022705
-0.511475,-0.044434,0.783325
0.371460,-0.125122,1.115479
-0.025879,-0.364502,0.843872
-0.288574,0.162476,0.948975
0.468140,-0.294312,1.050171
-0.465088,-0.095947,0.763550
0.265259,-0.006958,1.119751
0.066528,-0.450684,0.848511
-0.345581,0.131470,0.933594
0.496704,-0.260742,1.090698
-0.439819,-0.118896,0.764526
0.203491,0.022095,1.103882
0.147461,-0.425781,0.893799
-0.415283,0.133545,0.906738
0.519287,-0.261230,1.097290
-0.376587,-0.154297,0.777100
0.119751,0.097046,1.093384
0.199707,-0.430420,0.914185
-0.443481,0.087769,0.884644
0.535522,-0.239990,1.119995
-0.340698,-0.195557,0.784668
0.040771,0.151489,1.080200
0.277954,-0.421387,0.937134
-0.473022,0.054321,0.856812
0.505859,-0.205078,1.116455
-0.247437,-0.250366,0.802734
-0.018066,0.150879,1.047363
0.324707,-0.399414,0.943726
-0.481201,0.036499,0.833252
0.497559,-0.187500,1.128540
-0.144775,-0.306274,0.816040
-0.092285,0.154907,1.027100
0.369019,-0.354614,0.982544
-0.483032,-0.046387,0.802856
0.482910,-0.162842,1.154175
-0.102783,-0.339844,0.813110
-0.196533,0.214478,1.027100
0.429321,-0.350098,1.000122
-0.482178,-0.048340,0.791870
0.421875,-0.124756,1.144043
-0.061035,-0.320923,0.840088
-0.262939,0.212524,1.006592
0.476196,-0.319458,1.040283
-0.477295,-0.092773,0.774414
0.336304,-0.086792,1.126465
0.032104,-0.365356,0.869873
-0.318970,0.190918,0.966431
0.504761,-0.269775,1.083252
-0.430298,-0.102661,0.784912
0.243774,-0.012329,1.122070
0.139282,-0.419434,0.911011
-0.391602,0.127686,0.912354
0.521484,-0.240479,1.105957
-0.351196,-0.177612,0.799194
0.121338,0.093262,1.096558
0.227417,-0.410034,0.933594
-0.440430,0.069824,0.883179
0.529907,-0.208496,1.125854
-0.267456,-0.251587,0.806030
0.015503,0.163940,1.080933
0.306030,-0.389526,0.950928
-0.465088,0.028687,0.846680
0.512085,-0.198853,1.133057
-0.141479,-0.329590,0.822021
-0.068115,0.174927,1.062500
0.361450,-0.365234,0.975098
-0.470947,-0.010742,0.821167
0.498291,-0.163696,1.157471
-0.090088,-0.345337,0.828857
-0.159912,0.185913,1.030518
0.418823,-0.341064,1.009399
-0.495117,-0.018677,0.805298
0.440552,-0.129150,1.153809
-0.026733,-0.355103,0.856201
-0.232666,0.205200,1.025269
0.454712,-0.285522,1.057129
-0.462036,-0.087280,0.786377
0.362183,-0.102417,1.137451
0.041504,-0.366577,0.894775
-0.306641,0.194702,0.978760
0.506348,-0.261963,1.086670
-0.414795,-0.145264,0.778809
0.244263,-0.007080,1.120972
0.161865,-0.419678,0.914429
-0.366821,0.132935,0.922852
0.518921,-0.239746,1.105103
-0.365723,-0.178589,0.786987
0.145874,0.110352,1.105225
0.247437,-0.444580,0.935059
-0.423218,0.074951,0.896362
0.530762,-0.210938,1.133667
-0.302002,-0.215820,0.802368
0.059082,0.144165,1.090210
0.308228,-0.406006,0.961792
-0.445557,0.043945,0.866577
0.531372,-0.178223,1.152466
-0.200317,-0.277466,0.810547
-0.029419,0.175537,1.066772
0.357056,-0.396118,0.971436
-0.462646,0.006470,0.846558
0.520630,-0.173340,1.161499
-0.093140,-0.324219,0.846313
-0.097778,0.179321,1.052124
0.393433,-0.338013,0.997559
-0.471924,-0.020386,0.829102
0.495850,-0.151123,1.165894
-0.066406,-0.329834,0.841919
-0.171509,0.197144,1.045898
0.431030,-0.331055,1.029419
-0.474487,-0.055420,0.811157
0.444824,-0.133667,1.157837
-0.016113,-0.332031,0.872925
-0.236084,0.228882,1.026001
0.484741,-0.291748,1.073853
-0.449219,-0.087891,0.799194
0.349243,-0.057983,1.151978
0.057861,-0.381104,0.904907
-0.294678,0.178589,0.974854
0.513794,-0.270386,1.100464
-0.395020,-0.143311,0.791748
0.272095,0.008789,1.141357
0.151123,-0.414673,0.911621
-0.346680,0.141479,0.941650
0.525757,-0.240723,1.122803
-0.357788,-0.181519,0.803223
0.181641,0.066284,1.120361
0.234497,-0.425293,0.935303
-0.396729,0.111450,0.914795
0.543579,-0.219238,1.136108
-0.298462,-0.212769,0.832764
0.081055,0.103638,1.091309
0.299561,-0.404419,0.973267
-0.427490,0.069214,0.871460
0.541138,-0.169922,1.154419
-0.201050,-0.268921,0.849487
0.000854,0.142456,1.082397
0.361938,-0.395874,0.991699
-0.449463,0.035522,0.856567
0.524902,-0.141113,1.165161
-0.090332,-0.325317,0.859497
-0.081055,0.163818,1.067627
0.410400,-0.372681,1.012695
-0.446045,-0.036987,0.828979
0.476807,-0.098877,1.177002
-0.065430,-0.310547,0.854004
-0.169312,0.194580,1.054077
0.470703,-0.327515,1.066528
-0.468018,-0.055664,0.805542
0.415405,-0.063843,1.174561
0.017456,-0.344971,0.887939
-0.240234,0.204956,1.030518
0.511353,-0.292480,1.097412
-0.432373,-0.098755,0.807495
0.329468,-0.023438,1.153564
0.104370,-0.381226,0.901123
-0.294312,0.157227,0.956299
0.523926,-0.242920,1.124390
-0.354980,-0.185181,0.814209
0.225952,0.029419,1.128784
0.207886,-0.415405,0.929321
-0.389648,0.133911,0.913818
0.551392,-0.214722,1.145508
-0.281006,-0.244263,0.834106
0.089966,0.117310,1.103516
0.306519,-0.402710,0.970337
-0.429199,0.080933,0.889404
0.538940,-0.181030,1.157959
-0.178589,-0.295532,0.851318
-0.022827,0.159912,1.082397
0.370972,-0.382568,1.000000
-0.429077,-0.006104,0.857300
0.516235,-0.127686,1.174438
-0.056641,-0.317261,0.870728
-0.109863,0.191895,1.067139
0.417114,-0.342773,1.028809
-0.444580,-0.067749,0.829102
0.480835,-0.116577,1.185669
-0.000122,-0.316772,0.894775
-0.215332,0.246582,1.056396
0.474487,-0.295288,1.077026
-0.437744,-0.111938,0.809326
0.378662,-0.073975,1.162842
0.078613,-0.358643,0.923584
-0.282104,0.209595,1.002808
0.522217,-0.257568,1.123535
-0.384644,-0.139404,0.815063
0.254395,0.009644,1.140015
0.181274,-0.425659,0.926758
-0.339844,0.130005,0.948364
0.559326,-0.241943,1.134033
-0.323120,-0.164185,0.826904
0.124634,0.111572,1.103394
0.298950,-0.420166,0.972046
-0.393921,0.088623,0.911865
0.545288,-0.193604,1.155273
-0.236694,-0.234863,0.852173
0.026245,0.140381,1.088013
0.362427,-0.399170,0.993774
-0.444580,0.039062,0.867676
0.534180,-0.150269,1.179321
-0.053101,-0.325928,0.872559
-0.094849,0.220215,1.084595
0.410767,-0.351929,1.021606
-0.449829,-0.038330,0.829224
0.484375,-0.131470,1.171265
-0.012207,-0.337402,0.893555
-0.158569,0.205811,1.072754
0.453125,-0.283081,1.063599
-0.455322,-0.061035,0.807129
0.425415,-0.071533,1.182617
0.067261,-0.371948,0.919678
-0.264771,0.206177,1.024292
0.512817,-0.261230,1.115356
-0.399292,-0.111084,0.818237
0.295044,0.001709,1.153198
0.154053,-0.418457,0.927490
-0.316528,0.126343,0.952759
0.542969,-0.217407,1.158813
-0.352905,-0.198608,0.798584
0.197876,0.095215,1.147217
0.256958,-0.436279,0.963501
-0.392334,0.115601,0.910767
0.558105,-0.213989,1.158203
-0.264893,-0.225586,0.834106
0.098877,0.140869,1.115356
0.319702,-0.413086,0.978638
-0.428955,0.065186,0.882812
0.555176,-0.198242,1.168823
-0.197388,-0.264893,0.857544
0.011841,0.203491,1.104492
0.368286,-0.387573,0.991821
-0.444702,0.029541,0.869141
0.555542,-0.206787,1.181763
-0.119019,-0.310303,0.868896
-0.056396,0.208374,1.092407
0.403320,-0.353516,1.009155
-0.444580,-0.012451,0.845093
0.513306,-0.173706,1.171875
-0.031738,-0.350464,0.892090
-0.119507,0.191895,1.070679
0.455811,-0.335327,1.051392
-0.445435,-0.026001,0.830444
0.458740,-0.100342,1.177490
-0.012695,-0.340454,0.889404
-0.168213,0.198486,1.069336
0.508179,-0.328979,1.087280
-0.442993,-0.041870,0.824585
0.389526,-0.020020,1.171509
0.046631,-0.342651,0.914307
-0.228027,0.188232,1.040283
0.526855,-0.278442,1.132446
-0.432129,-0.099487,0.823608
0.344238,-0.016846,1.163208
0.114624,-0.385864,0.918579
-0.281494,0.182617,0.991455
0.542603,-0.247314,1.132812
-0.359741,-0.175293,0.825806
0.261719,0.018188,1.142212
0.179199,-0.407959,0.940552
-0.336426,0.126587,0.916016
0.553589,-0.219849,1.145264
-0.288940,-0.207153,0.834961
0.169678,0.088745,1.120728
0.270752,-0.435791,0.959473
-0.396118,0.100464,0.893555
0.564575,-0.198486,1.149170
-0.246460,-0.215576,0.856689
0.063477,0.164429,1.116211
0.337646,-0.424316,0.990723
-0.426270,0.029419,0.863647
0.551025,-0.169067,1.181274
-0.170288,-0.238037,0.865112
-0.021973,0.234131,1.108765
0.393799,-0.386597,0.994995
-0.442383,-0.015381,0.852905
0.527100,-0.181885,1.186768
-0.049438,-0.348877,0.883301
-0.089478,0.225098,1.082153
0.421021,-0.304443,1.032349
-0.445557,-0.039673,0.824829
0.499634,-0.153320,1.181274
0.015381,-0.377808,0.889038
-0.173462,0.212769,1.042480
0.466309,-0.278809,1.072388
-0.417358,-0.049927,0.844849
0.397827,-0.079956,1.165161
0.069580,-0.429321,0.891846
-0.244263,0.213989,1.045898
0.514648,-0.250244,1.114624
-0.383667,-0.111572,0.826660
0.297729,0.005371,1.151123
0.162354,-0.412476,0.940796
-0.326538,0.137085,0.958130
0.558594,-0.237427,1.149658
-0.352539,-0.160400,0.814819
0.204712,0.093628,1.146606
0.261108,-0.427246,0.960083
-0.374756,0.090942,0.923462
0.558350,-0.230225,1.145996
-0.258667,-0.215576,0.850708
0.094482,0.157593,1.120483
0.337769,-0.426758,0.989624
-0.429565,0.076782,0.865967
0.529785,-0.138306,1.164917
-0.175659,-0.233032,0.860474
0.007202,0.192017,1.118286
0.399536,-0.405151,1.021240
-0.458740,0.001953,0.842529
0.500854,-0.109009,1.173584
-0.028809,-0.302124,0.890503
-0.101318,0.232056,1.095215
0.458740,-0.361572,1.049805
-0.456055,-0.034668,0.829102
0.448975,-0.076538,1.169312
0.024536,-0.323120,0.893799
-0.193115,0.236450,1.053101
0.500977,-0.291626,1.097168
-0.414429,-0.104248,0.811401
0.370972,-0.027222,1.159912
0.082642,-0.367798,0.907959
-0.265503,0.176392,1.006470
0.545776,-0.257935,1.151733
-0.377319,-0.186157,0.807617
0.269409,0.017212,1.142700
0.184326,-0.403320,0.938843
-0.335327,0.145386,0.938599
0.561157,-0.229248,1.140869
-0.314697,-0.189575,0.835693
0.171875,0.078613,1.113770
0.277832,-0.447021,0.957520
-0.398926,0.116943,0.883911
0.549927,-0.183228,1.155151
-0.234009,-0.235229,0.849976
0.067017,0.129395,1.111328
0.349976,-0.437988,0.996338
-0.428955,0.052612,0.851929
0.521362,-0.126587,1.163086
-0.149658,-0.252441,0.866211
-0.040283,0.210693,1.108643
0.414062,-0.411987,1.018433
-0.433350,-0.013184,0.843994
0.499146,-0.098877,1.178345
-0.037964,-0.305176,0.893921
-0.129761,0.218872,1.075317
0.477051,-0.364502,1.060791
-0.437134,-0.058472,0.835938
0.433228,-0.065552,1.174316
0.034546,-0.343628,0.887573
-0.207642,0.228638,1.044434
0.515137,-0.307007,1.097900
-0.407959,-0.121582,0.810059
0.353394,-0.034546,1.151245
0.108032,-0.361572,0.920532
-0.292847,0.208374,0.998535
0.549194,-0.280151,1.122192
-0.359985,-0.177856,0.829346
0.237549,0.020752,1.124268
0.215942,-0.412109,0.939941
-0.367676,0.130981,0.908325
0.557129,-0.211792,1.143066
-0.286987,-0.212280,0.823975
0.120972,0.114258,1.117676
0.325073,-0.445435,0.975708
-0.425903,0.085938,0.864136
0.530151,-0.172607,1.143433
-0.180908,-0.239014,0.869507
-0.024780,0.197144,1.092773
0.402222,-0.398071,1.022095
-0.428345,-0.005615,0.835083
0.494141,-0.104980,1.156860
-0.044922,-0.273193,0.886719
-0.127808,0.248413,1.086182
0.461548,-0.354980,1.047485
-0.444092,-0.077881,0.815186
0.428589,-0.091187,1.161987
0.061157,-0.342041,0.907349
-0.221191,0.209717,1.028931
0.505859,-0.278198,1.099854
-0.406982,-0.130981,0.805298
0.323608,-0.029053,1.144409
0.151611,-0.408325,0.927246
-0.325806,0.168823,0.964478
0.540039,-0.235840,1.126343
-0.330444,-0.161377,0.826782
0.169556,0.076294,1.103882
0.275146,-0.470947,0.942383
-0.391235,0.070679,0.883057
0.538452,-0.176025,1.148315
-0.243530,-0.218018,0.831055
0.033813,0.186279,1.106323
0.379272,-0.453003,0.988281
-0.436646,0.034058,0.865356
0.516479,-0.142090,1.157715
-0.126465,-0.260986,0.860229
-0.079102,0.225098,1.073608
0.423340,-0.368896,1.026245
-0.447510,-0.060669,0.828369
0.470947,-0.135498,1.167847
0.029419,-0.369141,0.890259
-0.167603,0.244141,1.058838
0.457275,-0.311523,1.041382
-0.424072,-0.060913,0.828125
0.395264,-0.099731,1.135498
0.065430,-0.421265,0.891602
-0.247437,0.181152,1.002075
0.518921,-0.256226,1.109009
-0.394409,-0.113525,0.817139
0.280029,0.003052,1.122314
0.155884,-0.457764,0.908081
-0.326538,0.137329,0.953979
0.544922,-0.241211,1.130371
-0.348022,-0.164429,0.816040
0.182983,0.107910,1.127441
0.252441,-0.477783,0.937378
-0.405640,0.057495,0.880127
0.554688,-0.229980,1.151611
-0.268555,-0.226685,0.815308
0.073608,0.196777,1.110718
0.311890,-0.428101,0.956299
-0.428345,0.032715,0.859131
0.546265,-0.226929,1.154785
-0.211548,-0.270264,0.834717
-0.015625,0.217407,1.077515
0.380005,-0.381470,0.991211
-0.462524,0.034546,0.842407
0.502686,-0.200317,1.145264
-0.106445,-0.316650,0.866943
-0.085938,0.212646,1.065430
0.421997,-0.357666,1.010742
-0.469116,-0.010742,0.821045
0.472046,-0.148438,1.148804
0.013672,-0.335571,0.896240
-0.166016,0.218872,1.040405
0.455566,-0.317871,1.044678
-0.437500,-0.078979,0.811035
0.403809,-0.099121,1.140381
0.072754,-0.374512,0.878418
-0.240601,0.204712,1.016602
0.493896,-0.271973,1.084595
-0.407349,-0.130981,0.806885
0.311890,-0.040039,1.119141
0.120850,-0.398682,0.904541
-0.310181,0.171509,0.963013
0.532227,-0.246216,1.111450
-0.362915,-0.153442,0.811646
0.199219,0.036011,1.091797
0.231445,-0.448853,0.932129
-0.379395,0.071411,0.870361
0.543701,-0.220215,1.121216
-0.280396,-0.196655,0.829590
0.058228,0.155273,1.079468
0.332397,-0.488892,0.945068
-0.440918,0.025024,0.834961
0.519043,-0.172852,1.129028
-0.185425,-0.223755,0.847412
-0.042725,0.218994,1.071045
0.396606,-0.411011,0.998047
-0.462036,-0.020386,0.820923
0.475952,-0.149292,1.138184
-0.067993,-0.313110,0.846313
-0.125000,0.224487,1.064941
0.451660,-0.359741,1.031982
-0.461548,-0.041382,0.807251
0.404907,-0.093506,1.122681
0.055298,-0.407471,0.864136
-0.212646,0.194946,1.021729
0.493774,-0.303345,1.071655
-0.429932,-0.090332,0.797363
0.316040,-0.014526,1.111694
0.098389,-0.415649,0.872925
-0.310303,0.157593,0.964233
0.544434,-0.296753,1.107422
-0.382202,-0.137329,0.801636
0.200806,0.056030,1.088989
0.207764,-0.421997,0.911011
-0.381104,0.108887,0.880615
0.543823,-0.250366,1.113770
-0.311646,-0.214600,0.813354
0.101929,0.096680,1.082520
0.309448,-0.450806,0.948120
-0.448242,0.062866,0.825806
0.506836,-0.188721,1.113647
-0.224976,-0.219238,0.838501
-0.015991,0.190063,1.072388
0.380981,-0.443604,0.981445
-0.467896,-0.004883,0.811157
0.457031,-0.136597,1.123413
-0.098633,-0.290771,0.859619
-0.107300,0.211426,1.053223
0.426147,-0.384644,1.019165
-0.464844,-0.046021,0.805786
0.422241,-0.094482,1.128296
0.022583,-0.358643,0.859131
-0.187134,0.220703,1.037109
0.464844,-0.335815,1.039062
-0.458252,-0.088013,0.794556
0.348999,-0.086060,1.109985
0.089355,-0.411499,0.869995
-0.285889,0.212280,0.985352
0.498535,-0.279907,1.066895
-0.411499,-0.095459,0.797363
0.238159,-0.005981,1.078247
0.180176,-0.481201,0.893188
-0.368164,0.104004,0.910156
0.520386,-0.244751,1.098755
-0.344971,-0.154785,0.797729
0.116821,0.112183,1.081909
0.273560,-0.483887,0.916992
-0.431396,0.031982,0.850708
0.515381,-0.230835,1.094482
-0.250122,-0.207642,0.835205
0.011719,0.174072,1.071655
0.338013,-0.406860,0.961426
-0.488403,-0.006470,0.801392
0.486572,-0.188965,1.127686
-0.119263,-0.318604,0.836914
-0.098511,0.216553,1.059692
0.394165,-0.369995,0.995239
-0.483643,-0.009521,0.808105
0.428223,-0.161865,1.102539
0.010254,-0.410400,0.856323
-0.180420,0.198486,1.026489
0.435425,-0.343018,1.017944
-0.480469,-0.047241,0.774780
0.357300,-0.107910,1.083984
0.077759,-0.442993,0.862183
-0.254395,0.170288,0.980469
0.478882,-0.287354,1.058350
-0.423828,-0.095947,0.791260
0.257080,-0.025391,1.073975
0.119629,-0.459717,0.857422
-0.326050,0.139526,0.944824
0.518311,-0.276367,1.083374
-0.397949,-0.132324,0.781616
0.158813,0.071655,1.065430
0.222900,-0.472290,0.893188
-0.389038,0.034302,0.863159
0.528320,-0.250122,1.108032
-0.339600,-0.200073,0.785278
0.052979,0.132446,1.042603
0.296021,-0.461670,0.923706
-0.447266,0.033569,0.813843
0.510742,-0.195190,1.116333
-0.246704,-0.239380,0.803467
-0.044434,0.177490,1.045532
0.371948,-0.443481,0.962891
-0.481567,0.039185,0.802734
0.467773,-0.144897,1.102905
-0.125610,-0.282104,0.841064
-0.137329,0.203857,1.028442
0.422607,-0.422852,0.992310
-0.476685,-0.031250,0.791504
0.397217,-0.083252,1.092163
0.015503,-0.351196,0.848633
-0.229858,0.225830,1.002930
0.461304,-0.368774,1.013794
-0.445679,-0.122925,0.772827
0.309326,-0.055176,1.084717
0.098755,-0.411133,0.861328
-0.315674,0.156250,0.939209
0.485840,-0.281738,1.059326
-0.401489,-0.173340,0.770874
0.203979,0.002808,1.056030
0.168945,-0.440308,0.865967
-0.392822,0.111694,0.872681
0.521240,-0.252319,1.083862
-0.336182,-0.212402,0.783447
0.060303,0.105591,1.052002
0.281128,-0.498169,0.889893
-0.432251,0.021362,0.800537
0.489136,-0.196167,1.090088
-0.246948,-0.192871,0.820190
-0.053467,0.169189,1.037231
0.360229,-0.474854,0.941772
-0.482666,-0.020752,0.791260
0.449341,-0.154785,1.093872
-0.112305,-0.283569,0.829712
-0.149536,0.227783,1.028320
0.414185,-0.413574,0.978149
-0.497925,-0.056274,0.765381
0.388916,-0.125732,1.088623
0.023315,-0.381104,0.847290
-0.202393,0.177490,0.977905
0.435547,-0.279785,0.989258
-0.454834,-0.058350,0.781738
0.145508,-0.006104,1.005493
0.084229,-0.463623,0.819580
-0.429443,0.078613,0.800049
0.462280,-0.249268,1.018433
-0.389404,-0.127808,0.761230
0.031372,0.103760,1.012085
0.206787,-0.464722,0.846558
-0.499146,0.022705,0.744141
0.465576,-0.249878,1.026245
-0.287842,-0.225464,0.764648
-0.092651,0.201660,1.003174
0.303101,-0.471313,0.886963
-0.522705,0.012939,0.754761
0.416504,-0.186157,1.030273
-0.161621,-0.273926,0.799438
-0.152100,0.181274,0.966797
0.343994,-0.398438,0.934204
-0.556152,0.005005,0.747314
0.375977,-0.148193,1.041016
-0.016846,-0.407349,0.806519
-0.241333,0.202393,0.940186
0.380371,-0.365479,0.943481
-0.525879,-0.057373,0.741455
0.298218,-0.125244,0.997070
0.040283,-0.470581,0.790283
-0.305176,0.166016,0.891724
0.419556,-0.327637,0.958496
-0.503174,-0.060913,0.753296
0.209351,-0.069092,0.992920
0.079224,-0.498413,0.780151
-0.381348,0.096191,0.827637
0.458740,-0.279541,1.003418
-0.447632,-0.082886,0.749634
0.099609,0.066040,1.003906
0.145996,-0.450684,0.817383
-0.450073,0.051147,0.790771
0.458984,-0.282471,1.009155
-0.380737,-0.174683,0.743408
0.012329,0.163818,1.025269
0.224243,-0.423828,0.852905
-0.515137,0.026489,0.743164
0.462402,-0.274414,1.022339
-0.272095,-0.247803,0.773193
-0.086304,0.203125,1.008179
0.285400,-0.390381,0.900269
-0.559692,0.030151,0.740967
0.432739,-0.222900,1.037720
-0.148560,-0.328979,0.781616
-0.165161,0.220825,0.979736
0.336304,-0.379517,0.906982
-0.559570,0.032837,0.758179
0.392090,-0.203369,1.022461
-0.045654,-0.389771,0.801758
-0.237061,0.167480,0.918579
0.382568,-0.346802,0.947754
-0.532471,-0.008423,0.744385
0.308105,-0.112061,1.008545
0.021484,-0.443359,0.796997
-0.299316,0.137329,0.868774
0.431396,-0.341797,0.958618
-0.512573,-0.010254,0.743774
0.201294,-0.006104,0.992432
0.057739,-0.442383,0.776978
-0.355591,0.083130,0.837036
0.447021,-0.301392,0.989746
-0.481689,-0.073120,0.757690
0.139404,0.053345,1.012573
0.093140,-0.456299,0.786621
-0.442505,0.074219,0.789673
0.475586,-0.276245,1.011475
-0.403564,-0.153442,0.758789
0.046021,0.107666,1.015015
0.172241,-0.451904,0.818726
-0.504761,0.065186,0.754517
0.464355,-0.250244,1.022339
-0.324341,-0.204346,0.756958
-0.040894,0.174316,1.011597
0.272461,-0.485229,0.854858
-0.559448,0.063354,0.748413
0.429321,-0.221436,1.011597
-0.216309,-0.264771,0.780396
-0.114990,0.182007,0.991821
0.320679,-0.428955,0.898926
-0.566406,0.054565,0.748901
0.401123,-0.160034,1.029053
-0.113647,-0.298218,0.784668
-0.207275,0.184692,0.938110
0.368652,-0.415161,0.926147
-0.530396,-0.028442,0.750488
0.343628,-0.094238,1.023926
-0.032959,-0.379883,0.762085
-0.289185,0.190063,0.888672
0.413818,-0.392212,0.937378
-0.516357,-0.078979,0.756836
0.275146,-0.065430,1.000854
0.015747,-0.418823,0.765381
-0.364624,0.136475,0.825439
0.435181,-0.307251,0.967163
-0.475098,-0.122803,0.748169
0.181885,-0.025635,0.998413
0.074829,-0.436401,0.794678
-0.426392,0.098267,0.792969
0.448242,-0.282593,0.983765
-0.443604,-0.117310,0.737549
0.075806,0.072998,1.002686
0.170776,-0.465698,0.815796
-0.504028,0.110718,0.775635
0.462769,-0.253784,1.007080
-0.337402,-0.183594,0.764771
-0.063232,0.161621,0.983521
0.264648,-0.462524,0.859009
-0.526855,0.031738,0.740479
0.440063,-0.166260,1.039062
-0.209717,-0.226562,0.781982
-0.151245,0.198120,0.962646
0.315186,-0.442261,0.883423
-0.553101,0.008911,0.747192
0.408081,-0.150269,1.045410
-0.090088,-0.325073,0.783325
-0.244751,0.239014,0.934204
0.368530,-0.372803,0.921143
-0.531738,-0.014404,0.758179
0.340454,-0.112793,1.026855
-0.025024,-0.427368,0.766846
-0.300659,0.198364,0.876953
0.411865,-0.333130,0.954102
-0.519775,-0.068970,0.731079
0.263550,-0.074829,1.004517
0.021240,-0.451538,0.752686
-0.359009,0.164062,0.839233
0.438110,-0.289185,0.975952
-0.491577,-0.101929,0.736816
0.169434,-0.028076,0.993286
0.067261,-0.486816,0.758057
-0.427002,0.142944,0.814087
0.460449,-0.243164,1.002930
-0.441284,-0.091675,0.760376
0.070801,0.083252,1.010010
0.139038,-0.490234,0.786377
-0.494507,0.103516,0.777466
0.459595,-0.237793,1.001465
-0.358521,-0.128052,0.761963
-0.023071,0.147339,0.995605
0.225952,-0.464111,0.849609
-0.554321,0.049316,0.738159
0.449463,-0.218018,1.017456
-0.236206,-0.226807,0.762573
-0.111694,0.215576,0.985229
0.295044,-0.387939,0.903442
-0.571655,0.047119,0.741821
0.400879,-0.195923,1.015625
-0.108521,-0.355591,0.780396
-0.180176,0.177490,0.944702
0.337891,-0.341675,0.921509
-0.564697,0.047852,0.741943
0.356567,-0.129028,1.006836
-0.026733,-0.420410,0.758423
-0.262451,0.157349,0.890015
0.382935,-0.339233,0.933960
-0.550293,-0.027588,0.716553
0.291626,-0.095215,0.988525
0.026489,-0.427368,0.774170
-0.352417,0.143677,0.843994
0.414185,-0.287598,0.959473
-0.499878,-0.051270,0.734131
0.191162,-0.026855,0.992554
0.060913,-0.450195,0.782349
-0.428467,0.157837,0.818848
0.437622,-0.258789,0.976685
-0.457275,-0.095215,0.746460
0.093872,0.056030,0.993652
0.131836,-0.437744,0.821411
-0.484619,0.099976,0.778076
0.446289,-0.205444,1.001221
-0.373779,-0.139893,0.758911
-0.026489,0.133057,0.985596
0.240356,-0.502808,0.839966
-0.525391,0.063843,0.772949
0.428223,-0.132446,1.026489
-0.241333,-0.166016,0.770752
-0.127197,0.197510,0.964722
0.321045,-0.450439,0.900635
-0.561035,0.007080,0.746704
0.389160,-0.127197,1.035034
-0.094727,-0.307617,0.769043
-0.234131,0.227417,0.927490
0.369385,-0.351318,0.924072
-0.537476,-0.009033,0.753906
0.315186,-0.097778,1.011719
-0.016113,-0.417358,0.757080
-0.326172,0.196289,0.862549
0.408081,-0.302246,0.950317
-0.516724,-0.070679,0.725586
0.213379,-0.022827,0.996826
0.059204,-0.427979,0.786865
-0.408569,0.165161,0.828491
0.431152,-0.268188,0.969360
-0.465332,-0.073486,0.745850
0.111328,0.048828,1.001465
0.117798,-0.432129,0.805420
-0.492676,0.112305,0.788086
0.440674,-0.212769,0.999878
-0.346680,-0.149536,0.767700
-0.029175,0.168091,0.995728
0.227905,-0.435547,0.852295
-0.563721,0.060547,0.743652
0.439819,-0.208496,1.022949
-0.213989,-0.253296,0.768921
-0.131226,0.212891,0.967529
0.320557,-0.383911,0.898193
-0.597290,0.057373,0.742188
0.388306,-0.183350,1.010498
-0.078003,-0.371704,0.765625
-0.226929,0.212280,0.917236
0.359131,-0.324707,0.918945
-0.561768,0.085693,0.756714
0.325806,-0.123779,0.992920
-0.008789,-0.432983,0.765869
-0.290649,0.158569,0.862915
0.401245,-0.277344,0.943115
-0.553101,0.013550,0.721802
0.224487,-0.057983,0.975586
0.040894,-0.447021,0.778809
-0.377930,0.129272,0.840088
0.428345,-0.265381,0.965210
-0.497803,-0.057129,0.716919
0.117310,0.070435,0.994629
0.102173,-0.449097,0.795776
-0.480957,0.131470,0.801025
0.451172,-0.247192,0.988525
-0.400146,-0.117432,0.753418
0.007446,0.161865,1.001587
0.182861,-0.437988,0.832031
-0.555176,0.104004,0.771851
0.458618,-0.203979,1.028320
-0.268921,-0.212891,0.750122
-0.090942,0.230347,0.991699
0.266357,-0.357422,0.886719
-0.583984,0.065552,0.739868
0.425781,-0.195435,1.030518
-0.141724,-0.318115,0.773682
-0.176147,0.191895,0.938599
0.320801,-0.327637,0.913940
-0.582886,0.075073,0.747070
0.372192,-0.125244,1.024780
-0.053589,-0.385376,0.768799
-0.275146,0.181885,0.875854
0.389526,-0.325928,0.937744
-0.560547,0.024414,0.728882
0.272583,-0.059326,0.988647
-0.001587,-0.419312,0.755371
-0.356323,0.170044,0.854126
0.440796,-0.296875,0.965942
-0.499878,-0.030273,0.738525
0.134033,0.075073,0.992798
0.067139,-0.404907,0.796997
-0.440430,0.107910,0.808228
0.452881,-0.242432,0.998657
-0.448853,-0.078613,0.741577
0.069336,0.171387,1.024902
0.125610,-0.398926,0.807373
-0.566162,0.117432,0.761108
0.474854,-0.251343,1.026611
-0.317627,-0.204712,0.747925
-0.020020,0.224854,1.025024
0.196777,-0.365967,0.825317
-0.594849,0.130859,0.744141
0.476807,-0.269287,1.016113
-0.217651,-0.281250,0.771240
-0.096680,0.223511,0.985229
0.271729,-0.353882,0.869019
-0.585327,0.136719,0.747314
0.443848,-0.177002,1.028198
-0.161621,-0.267334,0.783325
-0.191284,0.199585,0.941162
0.346313,-0.405029,0.913086
-0.595215,0.051392,0.739990
0.386963,-0.126343,1.031616
-0.080078,-0.352661,0.760620
-0.258667,0.227905,0.905884
0.368042,-0.344727,0.914917
-0.559937,0.015015,0.747559
0.340088,-0.114502,1.005005
-0.043091,-0.370850,0.765381
-0.312500,0.222168,0.861572
0.396851,-0.300537,0.925293
-0.552368,-0.018188,0.723633
0.276489,-0.085327,0.997925
-0.001587,-0.442505,0.763062
-0.369507,0.197021,0.854492
0.419922,-0.278564,0.943726
-0.524902,0.008057,0.744873
0.189697,-0.006714,0.989746
0.041382,-0.436035,0.777954
-0.416138,0.163940,0.828125
0.428833,-0.234131,0.969116
-0.488525,-0.071411,0.731812
0.114746,0.063354,1.013672
0.098999,-0.447998,0.800049
-0.501099,0.178223,0.805420
0.442993,-0.207153,0.991455
-0.403320,-0.096069,0.757568
0.018921,0.134521,1.002441
0.186523,-0.435303,0.839111
-0.559570,0.124878,0.774170
0.432861,-0.173828,1.006348
-0.279785,-0.169556,0.767700
-0.060425,0.180176,0.983887
0.250122,-0.407471,0.874634
-0.596313,0.095825,0.745239
0.431519,-0.163086,1.016357
-0.167358,-0.271240,0.765991
-0.160767,0.234253,0.961548
0.322754,-0.354370,0.901855
-0.603760,0.074219,0.740967
0.378418,-0.141113,1.014404
-0.077637,-0.374756,0.760498
-0.265625,0.201050,0.897583
0.373169,-0.326904,0.923828
-0.563354,0.018677,0.724365
0.308838,-0.040771,1.017456
-0.033447,-0.405273,0.744263
-0.353027,0.177734,0.853638
0.429443,-0.328369,0.943604
-0.533325,-0.022339,0.722290
0.171509,0.031616,0.983398
0.026978,-0.402954,0.769287
-0.429565,0.178589,0.838867
0.449707,-0.270874,0.982422
-0.460938,-0.084717,0.758057
0.060425,0.118164,1.003784
0.122803,-0.399780,0.830566
-0.533691,0.124756,0.782227
0.449463,-0.204712,1.010742
-0.324951,-0.196167,0.747314
-0.050659,0.199097,0.998047
0.235962,-0.387695,0.866455
-0.604004,0.110962,0.748657
0.426514,-0.163086,1.033081
-0.156128,-0.311890,0.747192
-0.147217,0.220947,0.958740
0.307251,-0.326050,0.899414
-0.604736,0.096313,0.740479
0.369873,-0.164307,0.999756
-0.054199,-0.394043,0.763062
-0.268677,0.180908,0.884766
0.372314,-0.278931,0.939331
-0.572510,0.061035,0.724854
0.252686,-0.051514,0.984009
-0.008423,-0.419434,0.757690
-0.379150,0.150757,0.840698
0.429810,-0.245850,0.971436
-0.514771,-0.007202,0.736816
0.108276,0.085449,0.976807
0.061279,-0.390991,0.796143
-0.467773,0.115112,0.812378
0.431274,-0.210083,1.004639
-0.400269,-0.093018,0.760254
0.004639,0.205078,1.011353
0.191162,-0.401733,0.827393
-0.585205,0.123657,0.760864
0.445312,-0.186401,1.031372
-0.235718,-0.239014,0.755981
-0.092041,0.213989,0.984375
0.243164,-0.339233,0.867188
-0.610962,0.096924,0.743164
0.421997,-0.192139,1.022705
-0.134521,-0.350342,0.758545
-0.181641,0.200684,0.928345
0.323853,-0.325073,0.897339
-0.616333,0.114136,0.736938
0.358398,-0.133057,1.000732
-0.068848,-0.387085,0.747559
-0.264404,0.155762,0.892456
0.369507,-0.301147,0.926514
-0.581299,0.050537,0.725098
0.267700,-0.055664,0.983521
-0.022461,-0.409302,0.749512
-0.359863,0.188354,0.877930
0.420898,-0.293823,0.957520
-0.556885,0.016602,0.726562
0.158081,-0.002686,0.971313
0.041992,-0.408813,0.785645
-0.445679,0.181152,0.845947
0.425537,-0.220459,0.979370
-0.461304,-0.075073,0.741699
0.077881,0.109619,1.013550
0.093628,-0.408325,0.808838
-0.528687,0.173462,0.816772
0.441528,-0.216553,1.002197
-0.384277,-0.143188,0.751099
0.010498,0.164673,1.015259
0.166870,-0.395020,0.843018
-0.574219,0.146973,0.777588
0.430298,-0.166870,1.018677
-0.273926,-0.237305,0.744141
-0.073975,0.177612,0.985474
0.254395,-0.382812,0.872192
-0.610962,0.132568,0.749023
0.427002,-0.143066,1.028931
-0.184570,-0.276978,0.754517
-0.183228,0.192749,0.944092
0.317749,-0.393066,0.896851
-0.597046,0.077271,0.744629
0.371704,-0.100220,1.029419
-0.109863,-0.341797,0.734131
-0.284058,0.216797,0.896118
0.381836,-0.359497,0.917969
-0.569458,0.029419,0.731445
0.288208,-0.051147,1.007080
-0.063110,-0.381958,0.736328
-0.362183,0.203735,0.862427
0.396973,-0.285034,0.944092
-0.534546,-0.060913,0.712769
0.187500,0.003784,0.995483
0.007690,-0.398438,0.772583
-0.454346,0.214844,0.848389
0.419922,-0.245239,0.967407
-0.465332,-0.112061,0.737061
0.096313,0.068237,1.006836
0.089355,-0.405518,0.815796
-0.544312,0.171509,0.799561
0.425171,-0.197021,1.000000
-0.331665,-0.192627,0.739380
-0.022461,0.185547,1.007935
0.192505,-0.390747,0.845825
-0.585449,0.132080,0.771362
0.406738,-0.150879,1.002808
-0.229126,-0.274292,0.723389
-0.124512,0.193359,0.964844
0.294189,-0.371216,0.896729
-0.599731,0.082397,0.755371
0.379395,-0.130249,1.016602
-0.154175,-0.336182,0.718994
-0.232056,0.195923,0.912964
0.364014,-0.339111,0.922974
-0.584473,0.041870,0.737183
0.299927,-0.059692,1.021729
-0.081665,-0.426270,0.715454
-0.339600,0.191040,0.874878
0.386353,-0.276367,0.949951
-0.560425,0.008911,0.723389
0.194214,-0.014038,0.984131
0.008667,-0.411621,0.773804
-0.453247,0.201782,0.852905
0.402832,-0.247314,0.963257
-0.489258,-0.056396,0.735596
0.082764,0.091064,1.006226
0.109497,-0.401489,0.824585
-0.534790,0.166504,0.826538
0.414917,-0.196289,0.997437
-0.371704,-0.138428,0.734009
-0.011597,0.185303,1.006104
0.205688,-0.388062,0.860474
-0.584106,0.114746,0.784912
0.407471,-0.174438,1.010864
-0.236572,-0.287964,0.731445
-0.109741,0.191772,0.968628
0.275391,-0.352783,0.889038
-0.605225,0.102295,0.754272
0.382812,-0.149170,1.018555
-0.152466,-0.368164,0.724487
-0.227417,0.180786,0.915161
0.337280,-0.329468,0.912354
-0.600586,0.063965,0.739868
0.328613,-0.114380,1.013184
-0.088257,-0.405029,0.730835
-0.326904,0.188843,0.870483
0.373413,-0.286377,0.934937
-0.561157,-0.007812,0.710327
0.213989,-0.029663,0.989136
-0.011597,-0.412476,0.778076
-0.425659,0.184937,0.855591
0.404785,-0.245239,0.970459
-0.521362,-0.008179,0.726196
0.100342,0.089722,1.002563
0.084839,-0.400146,0.809326
-0.521484,0.163696,0.832886
0.417969,-0.199097,1.001831
-0.406006,-0.142456,0.730957
-0.008545,0.174561,0.999512
0.179443,-0.396362,0.841309
-0.583008,0.115967,0.786865
0.425415,-0.176758,1.027344
-0.267090,-0.243042,0.730225
-0.128296,0.223145,0.963989
0.274658,-0.357666,0.891113
-0.606079,0.060791,0.739258
0.390625,-0.153320,1.029175
-0.175659,-0.330322,0.720825
-0.207031,0.219238,0.939331
0.337769,-0.347534,0.891846
-0.612793,0.072510,0.739502
0.333130,-0.150146,0.992676
-0.099487,-0.395996,0.742310
-0.307129,0.169678,0.878540
0.364258,-0.301758,0.926636
-0.578369,0.050537,0.715454
0.236572,-0.044800,0.981201
-0.037598,-0.383911,0.772705
-0.410645,0.152222,0.844482
0.397827,-0.258179,0.967896
-0.538330,0.002686,0.722290
0.118042,0.068970,0.988159
0.056885,-0.388794,0.806274
-0.503418,0.162231,0.833252
0.412231,-0.231445,0.982544
-0.438232,-0.090576,0.734619
0.027100,0.164795,0.999390
0.141968,-0.390991,0.819702
-0.580078,0.124756,0.785767
0.410889,-0.189453,1.006348
-0.307861,-0.234985,0.720093
-0.064087,0.201172,0.991943
0.229736,-0.383179,0.854980
-0.615723,0.138916,0.765747
0.408569,-0.194458,1.006470
-0.215698,-0.341675,0.711426
-0.166870,0.186035,0.950684
0.312378,-0.350586,0.904175
-0.613037,0.095093,0.753906
0.368896,-0.144897,1.010376
-0.163940,-0.388184,0.686646
-0.245972,0.161255,0.905396
0.351807,-0.330322,0.918579
-0.599731,0.066406,0.746826
0.320923,-0.116577,1.007568
-0.097900,-0.400391,0.729126
-0.370850,0.195679,0.866455
0.377441,-0.300293,0.939575
-0.550171,0.008545,0.729858
0.205688,-0.051758,0.984253
-0.040283,-0.404419,0.774536
-0.435547,0.199585,0.854126
0.402710,-0.265381,0.965576
-0.512695,-0.054688,0.718262
0.121826,0.066284,1.010864
0.031738,-0.397949,0.786621
-0.513672,0.206177,0.843140
0.418945,-0.256714,0.973267
-0.445557,-0.115601,0.741455
0.047974,0.115234,1.010376
0.108887,-0.420898,0.812012
-0.557129,0.177002,0.808838
0.422974,-0.202637,1.009033
-0.369019,-0.173584,0.730103
-0.019897,0.169434,1.015869
0.177124,-0.384888,0.853394
-0.596680,0.117554,0.775146
0.420898,-0.210938,1.010620
-0.268311,-0.302734,0.708496
-0.101562,0.203125,0.984619
0.246582,-0.356201,0.868408
-0.612793,0.112793,0.759155
0.412476,-0.209229,1.012573
-0.199585,-0.360352,0.714966
-0.201538,0.178467,0.936157
0.310913,-0.364014,0.904785
-0.604492,0.075073,0.733521
0.345947,-0.092529,1.017578
-0.143921,-0.350464,0.715942
-0.280762,0.184937,0.918457
0.352173,-0.365845,0.910645
-0.596313,0.022217,0.724731
0.286621,-0.060425,1.012939
-0.106934,-0.375732,0.730591
-0.369873,0.208618,0.893066
0.396729,-0.325195,0.940796
-0.571777,-0.041870,0.699585
0.180542,-0.013794,0.998901
-0.026245,-0.406860,0.764771
-0.450806,0.205322,0.875000
0.407837,-0.281982,0.965088
-0.530029,-0.062744,0.711060
0.082520,0.075073,1.004150
0.081299,-0.410889,0.811035
-0.525513,0.199097,0.853516
0.421997,-0.233276,0.999878
-0.422852,-0.142212,0.718384
-0.001465,0.140991,0.999512
0.157471,-0.397095,0.831299
-0.580811,0.141357,0.806152
0.424194,-0.210693,1.023804
-0.311768,-0.258423,0.719604
-0.090820,0.184326,0.977905
0.235962,-0.373657,0.868896
-0.599487,0.077393,0.765015
0.402222,-0.180298,1.028687
-0.233765,-0.323853,0.712036
-0.177368,0.180664,0.949585
0.306396,-0.378418,0.897949
-0.606934,0.075684,0.748901
0.376343,-0.154053,1.033447
-0.172729,-0.354004,0.714966
-0.280396,0.194214,0.914307
0.362427,-0.373047,0.933228
-0.598755,0.024414,0.730225
0.297729,-0.090332,1.012329
-0.114258,-0.383911,0.736328
-0.371826,0.196655,0.885620
0.397827,-0.346558,0.949707
-0.565430,-0.018188,0.704834
0.201538,-0.005371,1.011230
-0.044922,-0.394043,0.770874
-0.461914,0.216675,0.877319
0.421875,-0.318848,0.963501
-0.529907,-0.104126,0.714722
0.103149,0.031006,0.998047
0.045776,-0.402588,0.804688
-0.531860,0.192871,0.821411
0.411987,-0.234131,0.985229
-0.402466,-0.153564,0.742676
0.010620,0.128052,1.013428
0.155029,-0.410645,0.840576
-0.579834,0.138428,0.782227
0.409912,-0.193481,1.014526
-0.302734,-0.252075,0.715210
-0.094971,0.165771,0.980835
0.255371,-0.404907,0.885498
-0.598022,0.068359,0.752686
0.387451,-0.150024,1.030273
-0.217041,-0.326416,0.705933
-0.228882,0.195435,0.943604
0.342163,-0.367188,0.924072
-0.607910,0.018066,0.725464
0.327393,-0.130737,1.018311
-0.145386,-0.382812,0.711060
-0.326416,0.199707,0.895386
0.373779,-0.330688,0.937866
-0.573364,0.013672,0.729858
0.230347,-0.050293,1.012939
-0.072388,-0.408447,0.755981
-0.415283,0.175781,0.863159
0.393799,-0.278442,0.972290
-0.530762,-0.062988,0.707886
0.104126,0.075928,1.011963
0.065796,-0.419556,0.816406
-0.530151,0.168823,0.838257
0.408203,-0.236084,0.990845
-0.424683,-0.143799,0.722168
0.003906,0.125610,0.997925
0.175171,-0.400635,0.857056
-0.584229,0.102051,0.783325
0.410767,-0.209229,1.014648
-0.304321,-0.284668,0.687012
-0.101074,0.172119,0.976562
0.263428,-0.374634,0.883301
-0.598755,0.067261,0.772217
0.389160,-0.196289,1.026123
-0.203125,-0.368164,0.697021
-0.208862,0.185669,0.940430
0.311279,-0.341064,0.905640
-0.608276,0.046143,0.741089
0.354614,-0.162598,1.027100
-0.150879,-0.381958,0.724365
-0.306519,0.180420,0.901123
0.366455,-0.339600,0.932129
-0.595459,0.031128,0.723511
0.251099,-0.071655,1.012939
-0.078369,-0.396118,0.763184
-0.388062,0.170898,0.889038
0.388550,-0.314819,0.966675
-0.557617,-0.016724,0.707764
0.161865,0.018311,1.002808
0.010376,-0.395020,0.787354
-0.490845,0.174072,0.849121
0.428223,-0.293701,0.984985
-0.498047,-0.093628,0.717285
0.060791,0.101440,1.001953
0.092773,-0.384644,0.825195
-0.532837,0.135986,0.829590
0.424561,-0.241943,1.013062
-0.414551,-0.200195,0.709595
0.000488,0.152832,1.016968
0.164551,-0.398315,0.834961
-0.585205,0.135010,0.808716
0.422607,-0.235229,1.017944
-0.301270,-0.294312,0.722900
-0.096191,0.148071,0.972046
0.229248,-0.390259,0.868164
-0.595947,0.104492,0.766846
0.416870,-0.191528,1.036987
-0.230225,-0.339722,0.707275
-0.172485,0.181519,0.973022
0.289307,-0.360718,0.900024
-0.603882,0.049072,0.751099
0.395874,-0.185913,1.045654
-0.192383,-0.351562,0.721313
-0.264282,0.176025,0.930298
0.331177,-0.359985,0.927979
-0.593750,0.003662,0.727417
0.333374,-0.126099,1.037598
-0.143066,-0.368530,0.731201
-0.326172,0.172607,0.901611
0.462158,-0.312134,1.023804
-0.595825,-0.021118,0.706177
0.156128,0.015625,1.047974
-0.059082,-0.384521,0.776245
-0.444458,0.148315,0.874512
0.458618,-0.257202,1.046753
-0.416626,-0.183105,0.763306
0.057983,0.088135,1.041504
0.177856,-0.398071,0.875122
-0.497559,0.088257,0.826660
0.478149,-0.237305,1.066162
-0.299316,-0.247437,0.769287
-0.045898,0.141968,1.019897
0.264648,-0.391602,0.911011
-0.532471,0.035034,0.788208
0.457764,-0.195557,1.084595
-0.200439,-0.343506,0.745972
-0.123657,0.156250,1.014648
0.314209,-0.381592,0.923462
-0.573486,0.028809,0.770752
0.437622,-0.221680,1.071167
-0.139893,-0.337646,0.781494
-0.238525,0.178833,0.974854
0.384155,-0.324097,0.972290
-0.556396,0.011230,0.768677
0.341797,-0.129883,1.086426
-0.070801,-0.401611,0.790039
-0.306519,0.161987,0.938721
0.422363,-0.301636,1.013794
-0.512207,-0.063354,0.750122
0.242920,-0.031982,1.083374
0.021973,-0.385010,0.834229
-0.413086,0.156250,0.902222
0.475830,-0.293823,1.047119
-0.444580,-0.130981,0.754517
0.099854,0.119995,1.053223
0.140869,-0.366699,0.881958
-0.465820,0.075439,0.858154
0.480347,-0.272095,1.065796
-0.350220,-0.228027,0.765747
0.027832,0.134766,1.052979
0.203491,-0.361572,0.880737
-0.510254,0.056885,0.807617
0.481689,-0.244019,1.078369
-0.217163,-0.357300,0.768066
-0.067749,0.123901,1.007202
0.276489,-0.360474,0.901733
-0.542114,0.049316,0.776367
0.453369,-0.213623,1.080322
-0.144409,-0.371582,0.780640
-0.160767,0.123413,0.992432
0.346436,-0.333496,0.961060
-0.553955,0.026978,0.757080
0.392212,-0.131836,1.083862
-0.110840,-0.337891,0.822388
-0.255493,0.135742,0.984497
0.414185,-0.346436,0.999878
-0.529419,0.005371,0.761963
0.323975,-0.028076,1.095337
-0.048706,-0.326660,0.828247
-0.314697,0.143433,0.951050
0.430786,-0.319214,1.027344
-0.489136,-0.095215,0.746094
0.278198,0.008179,1.114746
0.023804,-0.366089,0.842041
-0.411499,0.180176,0.916382
0.451294,-0.319702,1.028320
-0.448242,-0.154541,0.757202
0.207031,0.015503,1.083008
0.084473,-0.388428,0.859009
-0.453613,0.165894,0.882935
0.479614,-0.259644,1.068115
-0.433350,-0.181763,0.740479
0.131958,0.053467,1.066406
0.163696,-0.408569,0.893188
-0.464722,0.125610,0.856323
0.466431,-0.213623,1.072876
-0.387939,-0.217896,0.744629
0.070312,0.084229,1.074585
0.218262,-0.427002,0.892212
-0.497070,0.106934,0.844360
0.482544,-0.213867,1.079102
-0.299683,-0.244019,0.778442
-0.019531,0.126831,1.042725
0.281250,-0.430542,0.921997
-0.508789,0.051270,0.832031
0.470215,-0.205933,1.094727
-0.219360,-0.296509,0.768066
-0.080566,0.146362,1.024170
0.316650,-0.390381,0.942505
-0.507690,0.001343,0.803833
0.462891,-0.197144,1.092896
-0.181274,-0.297852,0.772095
-0.151001,0.139648,0.993896
0.370117,-0.374878,0.967407
-0.519165,-0.025024,0.784912
0.444580,-0.179321,1.106201
-0.137207,-0.329590,0.781128
-0.219238,0.164673,0.976074
0.383545,-0.320679,0.984253
-0.518921,-0.041504,0.779175
0.393921,-0.153442,1.106445
-0.091553,-0.347412,0.819702
-0.287231,0.181763,0.966064
0.419678,-0.315674,1.019775
-0.511963,-0.042725,0.759399
0.325073,-0.087402,1.089844
-0.019531,-0.355835,0.836182
-0.314941,0.157471,0.951538
0.444092,-0.284668,1.046753
-0.492554,-0.096924,0.734619
0.265259,-0.020020,1.100952
0.052734,-0.396362,0.860107
-0.390015,0.171631,0.932251
0.478516,-0.289307,1.052734
-0.431396,-0.136475,0.766968
0.189331,0.019653,1.090820
0.108521,-0.399536,0.872192
-0.432739,0.156494,0.889282
0.494629,-0.246948,1.075317
-0.400635,-0.163452,0.779907
0.107056,0.041504,1.055542
0.193237,-0.426514,0.914307
-0.465088,0.092041,0.864136
0.488770,-0.199097,1.092041
-0.339111,-0.191772,0.778809
0.014404,0.119751,1.056396
0.272949,-0.430664,0.926514
-0.473511,0.026855,0.830688
0.488892,-0.185425,1.096436
-0.228882,-0.259644,0.776855
-0.073242,0.157349,1.035522
0.327148,-0.392212,0.951416
-0.491089,-0.027344,0.808350
0.468628,-0.161499,1.120728
-0.152466,-0.320801,0.782349
-0.188599,0.169678,0.992920
0.385742,-0.354004,0.976562
-0.497314,-0.066162,0.795044
0.417725,-0.147949,1.123657
-0.089233,-0.349487,0.809082
-0.286133,0.199219,0.962646
0.431030,-0.311523,1.012817
-0.479370,-0.052368,0.785889
0.341064,-0.092651,1.120117
-0.000854,-0.368530,0.854492
-0.356689,0.185303,0.925781
0.475708,-0.297241,1.046021
-0.434937,-0.127930,0.765259
0.227539,0.005859,1.109619
0.123169,-0.379150,0.885254
-0.440796,0.174194,0.906372
0.490601,-0.255737,1.076172
-0.381226,-0.217041,0.770874
0.110107,0.031860,1.071411
0.231934,-0.395264,0.927612
-0.485718,0.110107,0.847534
0.490356,-0.193726,1.104736
-0.241333,-0.271729,0.811401
-0.026978,0.086914,1.038208
0.311646,-0.407104,0.956909
-0.486328,0.000000,0.792236
0.476196,-0.128906,1.135864
-0.153198,-0.294678,0.792358
-0.152710,0.157227,1.018433
0.390259,-0.378784,0.984253
-0.486450,-0.061401,0.790649
0.413818,-0.085205,1.142578
-0.097168,-0.318604,0.806763
-0.268799,0.215210,0.998535
0.449097,-0.342163,1.037964
-0.470825,-0.119629,0.770142
0.323853,-0.060913,1.129272
0.002686,-0.333008,0.847778
-0.353882,0.192139,0.932861
0.483154,-0.276855,1.068115
-0.414917,-0.192993,0.776733
0.205444,-0.023804,1.095337
0.125244,-0.375854,0.897095
-0.440186,0.143433,0.873291
0.513672,-0.235229,1.093750
-0.355469,-0.200684,0.783569
0.067261,0.078125,1.063843
0.243042,-0.395264,0.937500
-0.465698,0.042847,0.836914
0.510254,-0.196167,1.123413
-0.206421,-0.296265,0.792480
-0.065674,0.173706,1.049072
0.333740,-0.402832,0.952637
-0.483521,-0.020020,0.815552
0.473877,-0.158081,1.135498
-0.130981,-0.309082,0.801147
-0.174072,0.174805,1.017090
0.397827,-0.336914,0.994995
-0.494629,-0.053223,0.796265
0.413574,-0.122070,1.135742
-0.071655,-0.356201,0.817627
-0.270020,0.188354,0.972290
0.452148,-0.298950,1.043823
-0.481934,-0.087158,0.773071
0.328857,-0.082886,1.126221
0.041260,-0.386597,0.865723
-0.349976,0.159546,0.935425
0.483765,-0.252563,1.081177
-0.418579,-0.141235,0.767822
0.209106,0.017944,1.105469
0.159668,-0.425049,0.904663
-0.430420,0.127808,0.889404
0.496338,-0.213257,1.109375
-0.350708,-0.213989,0.768555
0.091797,0.109741,1.079712
0.251221,-0.413208,0.930908
-0.469360,0.062744,0.856445
0.510742,-0.212158,1.114136
-0.240845,-0.282471,0.779785
-0.033325,0.167847,1.060547
0.316162,-0.392700,0.939697
-0.473755,0.012451,0.837280
0.500977,-0.195923,1.123535
-0.142456,-0.340210,0.796021
-0.118408,0.169678,1.029419
0.372437,-0.357056,0.971558
-0.500610,-0.007568,0.803589
0.464233,-0.145264,1.150269
-0.084717,-0.360229,0.821899
-0.215332,0.181396,1.006470
0.425537,-0.322510,1.020630
-0.502197,-0.024902,0.788086
0.386841,-0.105591,1.133423
-0.018799,-0.344360,0.860474
-0.270752,0.168091,0.982666
0.460815,-0.291748,1.062622
-0.474731,-0.067505,0.769653
0.291260,-0.052490,1.114624
0.082886,-0.406616,0.884399
-0.353760,0.169678,0.951660
0.499634,-0.266357,1.087646
-0.410400,-0.132812,0.784180
0.182373,0.041748,1.093018
0.172119,-0.407593,0.902832
-0.420898,0.114136,0.902710
0.520020,-0.241943,1.108032
-0.341187,-0.214966,0.783813
0.079712,0.113525,1.076294
0.247314,-0.390991,0.923462
-0.463623,0.056885,0.860718
0.520874,-0.229248,1.125732
-0.201782,-0.302979,0.810791
-0.026245,0.157349,1.066284
0.305908,-0.352539,0.947754
-0.485596,0.020264,0.824951
0.517090,-0.218506,1.136353
-0.123657,-0.346680,0.816650
-0.120728,0.160645,1.033936
0.367920,-0.342651,0.979736
-0.478394,-0.024170,0.806030
0.471436,-0.169922,1.141113
-0.073486,-0.334717,0.834595
-0.232666,0.195679,1.007324
0.433716,-0.315430,1.028198
-0.472778,-0.065918,0.786255
0.394043,-0.098389,1.145630
-0.008057,-0.335815,0.873291
-0.317749,0.179443,0.955811
0.478760,-0.289917,1.071045
-0.424805,-0.134155,0.778442
0.269653,-0.003662,1.136719
0.099121,-0.387329,0.889282
-0.381592,0.158203,0.918945
0.520752,-0.261108,1.099487
-0.367554,-0.196167,0.790161
0.132202,0.084595,1.092163
0.215210,-0.407715,0.922363
-0.425659,0.085938,0.881104
0.521851,-0.203003,1.126587
-0.287109,-0.225586,0.801270
0.016479,0.146118,1.074829
0.316040,-0.404419,0.955322
-0.457520,0.014404,0.853638
0.504517,-0.173340,1.128052
-0.153931,-0.298340,0.803101
-0.086182,0.156738,1.041260
0.376343,-0.354248,0.988647
-0.467651,-0.058105,0.810547
0.455078,-0.142090,1.149292
-0.095825,-0.334961,0.817261
-0.213135,0.196045,1.013184
0.435425,-0.301514,1.031372
-0.464844,-0.087280,0.792969
0.379883,-0.087158,1.151123
-0.015503,-0.336426,0.870239
-0.302002,0.180298,0.966797
0.484985,-0.292358,1.066040
-0.425293,-0.129395,0.784302
0.274902,-0.019287,1.131348
0.122192,-0.383057,0.893921
-0.385132,0.154175,0.911743
0.503540,-0.226929,1.096313
-0.346069,-0.213257,0.801392
0.136597,0.046387,1.099854
0.234985,-0.430908,0.932007
-0.454346,0.088867,0.879028
0.518677,-0.198975,1.122925
-0.241699,-0.246582,0.813477
-0.009155,0.148193,1.067993
0.322754,-0.395142,0.962280
-0.464355,0.004272,0.833740
0.505981,-0.175781,1.137451
-0.122437,-0.300659,0.820190
-0.117798,0.179443,1.046021
0.387085,-0.356079,0.994019
-0.473022,-0.061401,0.804688
0.441284,-0.124146,1.147461
-0.068848,-0.323242,0.830566
-0.211304,0.198242,1.020386
0.445312,-0.287964,1.047607
-0.464478,-0.094727,0.785034
0.360718,-0.087036,1.139771
0.014282,-0.355347,0.870605
-0.300537,0.169312,0.963013
0.492188,-0.265381,1.087402
-0.416382,-0.144043,0.782104
0.245728,0.005127,1.125366
0.148438,-0.417847,0.909302
-0.405396,0.155273,0.913330
0.518921,-0.253906,1.104492
-0.337524,-0.208008,0.792114
0.121216,0.095215,1.095093
0.235474,-0.400269,0.938110
-0.441895,0.064941,0.869873
0.526611,-0.200195,1.135498
-0.250854,-0.274170,0.798218
0.004517,0.160156,1.081543
0.327881,-0.391602,0.952759
-0.478394,0.031006,0.842163
0.508667,-0.195312,1.135132
-0.116211,-0.334595,0.825195
-0.086304,0.184082,1.061035
0.369873,-0.359741,0.984375
-0.495361,0.008667,0.822266
0.474243,-0.165894,1.141235
-0.083618,-0.343140,0.830444
-0.174194,0.204956,1.052856
0.421509,-0.319824,1.031372
-0.489136,-0.034058,0.801392
0.407715,-0.100220,1.154175
-0.027344,-0.354126,0.856445
-0.254028,0.215576,1.035889
0.479248,-0.304688,1.082031
-0.456909,-0.070557,0.789673
0.329712,-0.021240,1.146606
0.046143,-0.383789,0.870361
-0.313110,0.157349,0.968140
0.512695,-0.281250,1.104126
-0.412598,-0.141968,0.771973
0.242065,0.035522,1.129517
0.127075,-0.385620,0.899048
-0.390625,0.128662,0.919800
0.530151,-0.273560,1.103882
-0.360962,-0.177979,0.802246
0.163086,0.078125,1.117798
0.207520,-0.384399,0.926758
-0.431152,0.109131,0.884399
0.523560,-0.218140,1.120605
-0.307739,-0.235596,0.805786
0.087769,0.076416,1.088379
0.272705,-0.413696,0.949829
-0.473633,0.092529,0.859619
0.541382,-0.212891,1.130859
-0.256104,-0.245239,0.807495
-0.001587,0.142212,1.078613
0.347290,-0.395752,0.980225
-0.471313,0.032349,0.844849
0.511108,-0.156982,1.146606
-0.144897,-0.299561,0.825195
-0.085205,0.169189,1.053955
0.375732,-0.374023,0.996826
-0.457275,-0.048706,0.824585
0.487183,-0.146606,1.161499
-0.104614,-0.308838,0.823853
-0.177246,0.203003,1.039062
0.426758,-0.328979,1.030029
-0.470581,-0.080811,0.800293
0.445068,-0.123047,1.159058
-0.043701,-0.333252,0.843140
-0.258911,0.230103,1.012329
0.465820,-0.305908,1.047729
-0.455322,-0.094604,0.800171
0.376221,-0.097290,1.146606
0.027832,-0.335571,0.880859
-0.313477,0.205933,0.965942
0.498291,-0.275391,1.086914
-0.429321,-0.123901,0.780151
0.283325,-0.035522,1.132324
0.119629,-0.405640,0.900635
-0.357422,0.152100,0.939575
0.511963,-0.249268,1.104126
-0.376221,-0.169922,0.783447
0.182983,0.060059,1.112305
0.208862,-0.425537,0.929565
-0.419189,0.126587,0.900635
0.521118,-0.216553,1.117798
-0.307739,-0.218750,0.795166
0.096680,0.125977,1.106079
0.278320,-0.438477,0.941895
-0.453247,0.073975,0.871094
0.520996,-0.181519,1.130981
-0.232422,-0.257202,0.814087
0.009766,0.160889,1.088623
0.324829,-0.394897,0.959351
-0.483765,0.009888,0.830200
0.518433,-0.201538,1.138916
-0.126587,-0.331177,0.832886
-0.061279,0.170776,1.064575
0.367065,-0.366089,0.972534
-0.478394,-0.016846,0.816650
0.483521,-0.163086,1.151978
-0.092651,-0.347290,0.823730
-0.139771,0.177734,1.039429
0.411499,-0.329590,1.007812
-0.501221,-0.017578,0.812256
0.437134,-0.135376,1.148560
-0.035645,-0.374878,0.845215
-0.221436,0.236816,1.035034
0.467407,-0.323608,1.046509
-0.465942,-0.051270,0.799438
0.365112,-0.078125,1.139893
-0.000854,-0.374512,0.872559
-0.278564,0.174927,1.002808
0.495361,-0.302368,1.082764
-0.439697,-0.103516,0.791016
0.306396,-0.004028,1.142334
0.080566,-0.358032,0.888062
-0.338867,0.151001,0.934448
0.515991,-0.277466,1.102417
-0.393188,-0.202637,0.781006
0.238037,0.011230,1.130127
0.167114,-0.397949,0.912720
-0.410278,0.166016,0.909546
0.534180,-0.240967,1.108276
-0.341187,-0.191528,0.791870
0.129761,0.071045,1.097656
0.252075,-0.430664,0.947998
-0.440918,0.074219,0.883301
0.529053,-0.208008,1.130737
-0.266113,-0.236572,0.802979
0.012451,0.160400,1.081909
0.323608,-0.391602,0.968262
-0.460205,0.025024,0.849365
0.518555,-0.209961,1.133667
-0.153564,-0.318481,0.817627
-0.059692,0.184204,1.072998
0.366455,-0.359863,0.978271
-0.484619,-0.013306,0.817261
0.478882,-0.194824,1.140625
-0.085693,-0.399902,0.819580
-0.136475,0.156128,1.031738
0.414795,-0.320679,1.015747
-0.482300,-0.004517,0.806641
0.432373,-0.107178,1.157227
-0.048218,-0.358521,0.863403
-0.233643,0.161499,1.013550
0.467041,-0.322632,1.070557
-0.464233,-0.042236,0.805908
0.362183,-0.017456,1.164551
0.001709,-0.355347,0.863647
-0.302856,0.180298,0.990601
0.517334,-0.335938,1.080200
-0.427002,-0.118408,0.803345
0.285645,-0.005005,1.137329
0.092896,-0.364380,0.898438
-0.357178,0.168213,0.928589
0.513794,-0.257812,1.096069
-0.359497,-0.199463,0.795898
0.220459,0.023438,1.122192
0.169556,-0.405029,0.908081
-0.421143,0.155151,0.913574
0.523682,-0.223633,1.110107
-0.319824,-0.208862,0.808716
0.114990,0.085693,1.093262
0.253906,-0.408447,0.950439
-0.439453,0.082642,0.875854
0.519165,-0.176270,1.131470
-0.266479,-0.249268,0.801758
0.030029,0.135132,1.090332
0.316895,-0.397705,0.968262
-0.460327,0.027100,0.852783
0.505127,-0.183105,1.129883
-0.156006,-0.296753,0.823730
-0.051392,0.162354,1.066040
0.364868,-0.361450,0.990723
-0.473511,0.001099,0.836548
0.486450,-0.158569,1.144775
-0.106201,-0.353638,0.803223
-0.126953,0.178711,1.046997
0.419312,-0.338501,1.019653
-0.476440,-0.020508,0.812012
0.432983,-0.102051,1.156616
-0.057495,-0.366821,0.828247
-0.216797,0.177734,1.009399
0.457520,-0.330078,1.061890
-0.462769,-0.074097,0.812256
0.377441,-0.057983,1.152954
-0.001343,-0.332031,0.859619
-0.296509,0.216187,0.985229
0.495117,-0.314453,1.079224
-0.416382,-0.167603,0.795898
0.312256,-0.034058,1.139160
0.076782,-0.366333,0.874268
-0.359985,0.196655,0.937256
0.524292,-0.275024,1.089844
-0.363037,-0.214722,0.793945
0.207886,0.005859,1.120728
0.175659,-0.401001,0.910156
-0.420898,0.158081,0.891968
0.528198,-0.226562,1.106079
-0.301514,-0.225830,0.811768
0.101807,0.064575,1.093628
0.258057,-0.415527,0.939697
-0.453979,0.089111,0.851196
0.518066,-0.160278,1.134277
-0.229492,-0.268799,0.820068
0.002441,0.140137,1.092041
0.330200,-0.410400,0.970459
-0.472290,0.024170,0.836304
0.500610,-0.148926,1.144775
-0.114624,-0.314575,0.809326
-0.098511,0.191528,1.072632
0.398071,-0.366333,0.994751
-0.497192,-0.011230,0.817871
0.462646,-0.152710,1.153198
-0.073853,-0.340210,0.832153
-0.188232,0.196289,1.029785
0.445068,-0.302979,1.052490
-0.484985,-0.044922,0.783569
0.395142,-0.093018,1.155640
-0.001709,-0.369995,0.867676
-0.302368,0.199585,0.998901
0.499023,-0.315918,1.076904
-0.432739,-0.093628,0.791626
0.296997,0.031372,1.146973
0.071777,-0.364136,0.886841
-0.356689,0.132568,0.942383
0.519409,-0.315430,1.098022
-0.403076,-0.207031,0.769653
0.234619,0.050903,1.144043
0.168579,-0.391968,0.904053
-0.419189,0.177979,0.909058
0.520630,-0.250977,1.098145
-0.339478,-0.229492,0.797485
0.158813,0.030273,1.105469
0.227173,-0.403809,0.935303
-0.455078,0.130249,0.876221
0.531006,-0.216309,1.116577
-0.308594,-0.220581,0.802612
0.059448,0.097900,1.088013
0.288086,-0.413696,0.952148
-0.455811,0.068726,0.857788
0.516113,-0.174805,1.131104
-0.223267,-0.240967,0.825562
-0.012451,0.134033,1.070312
0.320068,-0.393677,0.964355
-0.457275,0.006470,0.840820
0.507690,-0.162109,1.143066
-0.152222,-0.285645,0.823242
-0.077393,0.140381,1.048584
0.372192,-0.400635,0.978760
-0.475342,-0.017944,0.811279
0.484985,-0.134888,1.150635
-0.116577,-0.285156,0.826782
-0.160156,0.188965,1.039917
0.429565,-0.361694,1.020508
-0.472412,-0.063110,0.813477
0.419678,-0.093506,1.157959
-0.077148,-0.326050,0.820923
-0.234497,0.206909,1.024536
0.481323,-0.325806,1.058350
-0.464355,-0.074951,0.802002
0.359741,-0.063599,1.136108
0.001343,-0.335205,0.855469
-0.300903,0.184814,0.968872
0.503540,-0.292847,1.083740
-0.423706,-0.142822,0.785767
0.273071,-0.001953,1.127563
0.086914,-0.365845,0.887207
-0.367554,0.136963,0.918335
0.526001,-0.272827,1.103271
-0.358398,-0.204712,0.782104
0.184082,0.054688,1.110474
0.180176,-0.392212,0.907959
-0.440308,0.112305,0.866333
0.525146,-0.232910,1.111572
-0.304199,-0.257812,0.804688
0.083862,0.064453,1.074951
0.265625,-0.404785,0.942749
-0.468628,0.092529,0.847168
0.513184,-0.170654,1.124756
-0.223755,-0.257690,0.818604
-0.011475,0.126709,1.080078
0.339233,-0.436890,0.948364
-0.471680,0.022705,0.833740
0.497437,-0.133057,1.140259
-0.128784,-0.295776,0.807373
-0.115601,0.187134,1.056030
0.392334,-0.395142,0.986084
-0.472168,-0.048218,0.820068
0.460938,-0.136597,1.145630
-0.107910,-0.323242,0.812500
-0.198730,0.186279,1.019409
0.425781,-0.327637,1.018799
-0.476318,-0.063232,0.806763
0.412964,-0.117310,1.140259
-0.041748,-0.340698,0.850708
-0.276978,0.198364,0.981812
0.466309,-0.297729,1.063721
-0.454346,-0.106079,0.770996
0.340332,-0.055908,1.139160
0.024170,-0.351685,0.856567
-0.335693,0.178589,0.948975
0.518555,-0.293945,1.081665
-0.414429,-0.146729,0.782104
0.230591,0.024048,1.118286
0.116821,-0.396240,0.894653
-0.399414,0.127441,0.904175
0.516724,-0.271606,1.100220
-0.367554,-0.188721,0.789429
0.145752,0.071899,1.096924
0.215820,-0.411011,0.919922
-0.448242,0.114868,0.866943
0.512207,-0.225220,1.108521
-0.309692,-0.246094,0.799072
0.055420,0.086670,1.072144
0.273926,-0.404663,0.941895
-0.479004,0.051270,0.836670
0.533936,-0.194214,1.136963
-0.187012,-0.284058,0.816650
-0.055542,0.169678,1.054810
0.333984,-0.384155,0.965576
-0.482422,-0.007690,0.824341
0.488892,-0.185425,1.134888
-0.127686,-0.313232,0.815796
-0.111816,0.156494,1.046265
0.378662,-0.329224,0.987061
-0.504883,-0.005615,0.801392
0.453003,-0.188599,1.121582
-0.083862,-0.368896,0.831787
-0.207031,0.160767,1.011841
0.426270,-0.320435,1.038086
-0.485474,-0.030884,0.778564
0.375732,-0.053589,1.136108
-0.033447,-0.327148,0.857056
-0.288574,0.176636,0.996338
0.478760,-0.343018,1.060913
-0.487305,-0.089355,0.763550
0.339844,-0.026611,1.151855
0.016113,-0.341431,0.858276
-0.342163,0.187256,0.943726
0.487793,-0.295044,1.067139
-0.432007,-0.157471,0.772095
0.290771,-0.046753,1.128540
0.069946,-0.379272,0.879395
-0.379761,0.180664,0.916382
0.500000,-0.263428,1.067871
-0.382202,-0.173218,0.784912
0.210205,0.023438,1.121704
0.128662,-0.401245,0.890747
-0.409180,0.136230,0.896362
0.516479,-0.254028,1.088379
-0.375854,-0.178955,0.781494
0.135376,0.058350,1.084595
0.214844,-0.413452,0.926025
-0.440430,0.091797,0.854248
0.510864,-0.198364,1.109253
-0.328125,-0.215698,0.786499
0.056274,0.104980,1.084351
0.283936,-0.436157,0.934082
-0.471558,0.082764,0.861084
0.496338,-0.169312,1.118164
-0.265747,-0.249878,0.783691
-0.020630,0.116699,1.058594
0.340576,-0.411987,0.969971
-0.500732,0.033325,0.829224
0.483032,-0.144165,1.126831
-0.168335,-0.303467,0.792847
-0.115356,0.162476,1.033081
0.385498,-0.381226,0.988525
-0.494141,-0.020874,0.808594
0.454712,-0.119385,1.150757
-0.125122,-0.334595,0.792114
-0.195801,0.186768,1.006348
0.412842,-0.336792,1.017334
-0.498413,-0.046265,0.788208
0.411621,-0.124390,1.145874
-0.064331,-0.348633,0.826538
-0.272217,0.204834,0.979858
0.448608,-0.295898,1.039429
-0.489624,-0.060181,0.779297
0.339600,-0.097290,1.127197
0.006714,-0.378052,0.855591
-0.386597,0.119751,0.913940
0.561279,-0.234985,1.140869
-0.433105,-0.121094,0.764160
0.137451,0.140381,1.134888
0.096802,-0.413940,0.881836
-0.430298,0.065674,0.893066
0.555176,-0.229858,1.150635
-0.239990,-0.256592,0.846191
0.063477,0.172119,1.117554
0.329956,-0.374268,0.978271
-0.444092,0.049805,0.867065
0.541748,-0.196289,1.153564
-0.169434,-0.298706,0.854248
-0.017944,0.160767,1.088867
0.390381,-0.376221,1.005371
-0.456055,0.018921,0.847900
0.502686,-0.135498,1.158447
-0.064697,-0.333130,0.863770
-0.083862,0.189209,1.083130
0.420410,-0.359497,1.030273
-0.440552,-0.018921,0.850952
0.474854,-0.094604,1.165161
-0.048218,-0.322510,0.844849
-0.155884,0.191650,1.058960
0.469482,-0.334717,1.075684
-0.453735,-0.084961,0.819336
0.434570,-0.065918,1.181030
-0.018555,-0.321045,0.866089
-0.231079,0.224609,1.039551
0.504517,-0.301270,1.102173
-0.434570,-0.110474,0.802368
0.377441,-0.053955,1.165161
0.040771,-0.308838,0.904419
-0.289673,0.208496,0.994019
0.560425,-0.290771,1.126831
-0.397583,-0.163208,0.805298
0.287598,-0.023438,1.144409
0.126831,-0.379761,0.921509
-0.336182,0.182739,0.948730
0.560059,-0.279907,1.110474
-0.348999,-0.174072,0.832642
0.191895,0.061035,1.123291
0.208740,-0.410767,0.932861
-0.401367,0.124023,0.908813
0.563965,-0.240479,1.142090
-0.291138,-0.232666,0.825317
0.120850,0.132080,1.125854
0.282959,-0.416626,0.957520
-0.434692,0.086182,0.884033
0.541626,-0.202026,1.143555
-0.235474,-0.242188,0.838623
0.041016,0.151367,1.095215
0.335938,-0.393555,0.987793
-0.447632,0.020508,0.857300
0.519897,-0.133179,1.171265
-0.124512,-0.288696,0.855347
-0.046021,0.184692,1.078247
0.372192,-0.369751,0.998047
-0.441040,-0.027710,0.838867
0.507812,-0.135986,1.170166
-0.065674,-0.304321,0.846069
-0.113892,0.206787,1.077759
0.422119,-0.341431,1.022339
-0.470581,-0.047974,0.824707
0.468994,-0.143433,1.169922
-0.040894,-0.330200,0.864868
-0.190918,0.242188,1.065063
0.467285,-0.308472,1.065430
-0.470215,-0.063110,0.809326
0.403442,-0.096191,1.160156
0.016602,-0.368286,0.885376
-0.243774,0.179077,1.011597
0.493042,-0.257690,1.103394
-0.421021,-0.101685,0.795532
0.320435,-0.013550,1.151367
0.103760,-0.403076,0.898926
-0.322632,0.152222,0.956299
0.523804,-0.268921,1.113525
-0.366333,-0.156494,0.804077
0.235352,0.033081,1.141235
0.178955,-0.407715,0.924561
-0.378906,0.140503,0.919434
0.540894,-0.232422,1.118164
-0.324463,-0.202026,0.819702
0.135864,0.074585,1.110718
0.262329,-0.433960,0.956909
-0.433960,0.090942,0.882935
0.540283,-0.181885,1.156860
-0.254150,-0.242188,0.823120
0.033569,0.149414,1.092163
0.330078,-0.403809,0.978149
-0.467773,0.037964,0.855835
0.532104,-0.183105,1.154785
-0.125000,-0.303345,0.843506
-0.053833,0.157349,1.056396
0.360718,-0.331787,0.995605
-0.482056,-0.006836,0.824463
0.508057,-0.187378,1.164185
-0.067261,-0.345825,0.856689
-0.137207,0.198486,1.059570
0.418945,-0.301392,1.021484
-0.487793,-0.008423,0.811646
0.431152,-0.139771,1.145020
-0.008789,-0.376587,0.873413
-0.222290,0.199829,1.037842
0.472168,-0.282471,1.074463
-0.460815,-0.054077,0.790894
0.339844,-0.020264,1.154541
0.072266,-0.379150,0.901001
-0.305908,0.152954,0.991455
0.517090,-0.280273,1.110474
-0.406006,-0.119629,0.789062
0.243042,0.075806,1.141113
0.146118,-0.391479,0.908813
-0.366943,0.088135,0.920776
0.544067,-0.269775,1.125244
-0.357300,-0.211548,0.787842
0.155151,0.136597,1.131348
0.234009,-0.387451,0.927979
-0.447021,0.092896,0.883911
0.543091,-0.262573,1.128418
-0.300781,-0.278931,0.798340
0.069092,0.123535,1.096191
0.303711,-0.372681,0.961426
-0.456299,0.068848,0.856079
0.530396,-0.202148,1.132202
-0.181519,-0.312012,0.834839
-0.026489,0.119751,1.069702
0.354248,-0.371826,0.991211
-0.470947,0.030518,0.830566
0.497681,-0.128540,1.153442
-0.106689,-0.320190,0.832397
-0.113647,0.157349,1.055908
0.393799,-0.368896,1.008667
-0.482666,-0.028198,0.816040
0.478394,-0.092896,1.178589
-0.067749,-0.316040,0.833496
-0.217163,0.205688,1.021606
0.448120,-0.331665,1.041626
-0.473022,-0.088867,0.799438
0.415405,-0.107788,1.153931
-0.018677,-0.324463,0.867554
-0.280884,0.201294,0.990234
0.485718,-0.290405,1.070801
-0.454590,-0.095215,0.785767
0.329956,-0.044800,1.142578
0.075806,-0.391724,0.875732
-0.328491,0.185913,0.953979
0.501709,-0.271240,1.075806
-0.415405,-0.111572,0.799072
0.245239,-0.011230,1.121582
0.158813,-0.422974,0.914673
-0.395020,0.155396,0.918701
0.512451,-0.238159,1.098755
-0.351318,-0.181152,0.805298
0.140137,0.077881,1.102783
0.220581,-0.412964,0.933838
-0.436646,0.092651,0.887329
0.527466,-0.224365,1.125366
-0.297974,-0.227295,0.803467
0.050415,0.140747,1.077148
0.290405,-0.394653,0.946045
-0.454224,0.034546,0.849121
0.498535,-0.179688,1.125244
-0.199951,-0.297852,0.797852
-0.019775,0.145020,1.061890
0.337402,-0.371094,0.960938
-0.469971,0.007568,0.829956
0.488770,-0.163086,1.144653
-0.138428,-0.339233,0.805054
-0.107666,0.149048,1.053711
0.395508,-0.370239,0.987183
-0.485352,-0.011963,0.814209
0.437134,-0.098267,1.143311
-0.101929,-0.316406,0.812256
-0.194336,0.189331,1.035522
0.452759,-0.361572,1.030518
-0.499878,-0.048950,0.804688
0.391602,-0.080200,1.137695
-0.032349,-0.341919,0.838745
-0.276001,0.191284,0.982666
0.461548,-0.292847,1.058716
-0.459229,-0.109497,0.790039
0.333740,-0.069458,1.124756
0.051514,-0.377075,0.865967
-0.349609,0.178223,0.939209
0.484253,-0.264526,1.072998
-0.401123,-0.181274,0.782715
0.213501,-0.012451,1.103516
0.149902,-0.395508,0.907593
-0.417480,0.136841,0.884521
0.503052,-0.206909,1.101440
-0.343384,-0.193237,0.795532
0.098389,0.060913,1.080322
0.249268,-0.452881,0.924927
-0.451294,0.064209,0.852051
0.502563,-0.172241,1.116699
-0.263428,-0.211182,0.812744
-0.019897,0.139771,1.051392
0.327759,-0.412598,0.963379
-0.486450,-0.006958,0.814941
0.485840,-0.179565,1.125122
-0.137939,-0.323242,0.799805
-0.124634,0.180420,1.027222
0.370728,-0.361694,0.973022
-0.487915,-0.045044,0.802124
0.442139,-0.147339,1.137573
-0.098022,-0.345337,0.804932
-0.226929,0.192627,1.001343
0.427002,-0.312500,1.021973
-0.503906,-0.060913,0.770752
0.373657,-0.097290,1.134644
-0.017944,-0.364380,0.833008
-0.324463,0.200317,0.968506
0.476807,-0.302124,1.059570
-0.451050,-0.115234,0.770142
0.266968,-0.023193,1.111206
0.076782,-0.386719,0.876099
-0.404175,0.162231,0.902832
0.493774,-0.274048,1.073120
-0.377930,-0.185303,0.778687
0.142944,0.052490,1.084717
0.169678,-0.395508,0.898438
-0.463501,0.112549,0.866577
0.508667,-0.224731,1.095581
-0.304077,-0.266724,0.787842
0.018066,0.112061,1.052856
0.255981,-0.384888,0.926025
-0.487183,0.052856,0.821289
0.493164,-0.207397,1.104370
-0.203491,-0.308960,0.795898
-0.068481,0.114624,1.023193
0.315918,-0.359741,0.948242
-0.493530,-0.009399,0.795044
0.464966,-0.154419,1.126465
-0.152222,-0.330200,0.788696
-0.178467,0.166870,1.015747
0.393188,-0.340088,0.999146
-0.515381,-0.038940,0.783691
0.403687,-0.129272,1.118896
-0.089844,-0.333496,0.811646
-0.274536,0.195190,0.981323
0.439331,-0.322144,1.023438
-0.513550,-0.062744,0.755005
0.312866,-0.067261,1.111450
0.010376,-0.379150,0.838379
-0.367188,0.170776,0.932983
0.474243,-0.289551,1.058472
-0.452148,-0.128662,0.761719
0.199463,0.015015,1.090820
0.105713,-0.398315,0.869141
-0.438232,0.139038,0.880005
0.493896,-0.254639,1.072510
-0.395020,-0.195068,0.766602
0.092651,0.069458,1.060791
0.193604,-0.389648,0.899048
-0.483887,0.098633,0.844360
0.489990,-0.236328,1.081665
-0.282593,-0.276733,0.784424
-0.002930,0.111206,1.045288
0.261841,-0.390991,0.908447
-0.514526,0.063599,0.821045
0.476074,-0.223145,1.078491
-0.201050,-0.318115,0.786743
-0.099731,0.114258,1.003174
0.322632,-0.381714,0.940308
-0.526367,0.009888,0.774048
0.453613,-0.168945,1.104248
-0.157593,-0.328491,0.774048
-0.203125,0.179688,1.010498
0.379395,-0.370239,0.964966
-0.516357,-0.038574,0.772461
0.385742,-0.131104,1.099854
-0.116821,-0.337036,0.785156
-0.281372,0.185669,0.964600
0.420166,-0.315552,1.004517
-0.508911,-0.059814,0.774170
0.318604,-0.075684,1.098389
-0.039917,-0.368286,0.813599
-0.364380,0.150269,0.906250
0.432495,-0.305542,1.026733
-0.467773,-0.141846,0.744507
0.240356,0.002686,1.093994
0.044678,-0.363647,0.847168
-0.448364,0.171387,0.890015
0.457031,-0.278687,1.047363
-0.441162,-0.203125,0.735107
0.154297,0.022949,1.070435
0.136230,-0.406738,0.864014
-0.482544,0.148071,0.861572
0.463013,-0.231201,1.062256
-0.397705,-0.195190,0.748779
0.061157,0.042603,1.040039
0.221558,-0.433838,0.895874
-0.519287,0.117554,0.826050
0.449829,-0.180908,1.064697
-0.294556,-0.227539,0.768677
-0.029419,0.080322,1.022827
0.281250,-0.438721,0.914673
-0.530640,0.049438,0.796509
0.446289,-0.143555,1.087769
-0.224976,-0.282471,0.747559
-0.131592,0.147461,1.014160
0.327881,-0.404053,0.933105
-0.542114,0.003296,0.780273
0.423828,-0.158203,1.084351
-0.186035,-0.322388,0.744263
-0.234009,0.189819,0.981323
0.371338,-0.360352,0.964478
-0.534058,-0.036499,0.763184
0.379761,-0.130127,1.087280
-0.134033,-0.336304,0.769043
-0.306030,0.187378,0.945801
0.397705,-0.341675,0.981689
-0.528076,-0.064575,0.754150
0.312744,-0.107300,1.073242
-0.067627,-0.356934,0.798096
-0.377319,0.183716,0.903198
0.432373,-0.319336,1.009888
-0.500488,-0.110840,0.733154
0.227783,-0.036377,1.070190
0.009766,-0.388306,0.832764
-0.452393,0.172852,0.877808
0.444092,-0.281494,1.041992
-0.452393,-0.166382,0.737183
0.123901,0.059570,1.062256
0.097656,-0.415771,0.847290
-0.495728,0.139282,0.846558
0.459961,-0.260132,1.044800
-0.413452,-0.181152,0.747681
0.039185,0.121948,1.037842
0.162964,-0.409790,0.861694
-0.528931,0.099121,0.820679
0.465332,-0.270142,1.043335
-0.322388,-0.249268,0.740356
-0.030518,0.163818,1.020996
0.223877,-0.406494,0.873657
-0.556274,0.079590,0.802856
0.459106,-0.240723,1.048828
-0.270630,-0.312012,0.728516
-0.091064,0.146973,0.999634
0.267944,-0.394775,0.896729
-0.557129,0.036987,0.772705
0.439453,-0.187134,1.071411
-0.226562,-0.328491,0.721924
-0.166626,0.159180,0.975952
0.322021,-0.380005,0.919434
-0.576172,0.021118,0.755005
0.412109,-0.187866,1.064453
-0.187378,-0.356812,0.720337
-0.237549,0.172974,0.962280
0.348022,-0.358154,0.938599
-0.580566,-0.005737,0.743042
0.377441,-0.170898,1.068237
-0.150391,-0.354370,0.751709
-0.310303,0.172974,0.904175
0.380615,-0.338013,0.958984
-0.566650,-0.036011,0.734253
0.311401,-0.121582,1.054810
-0.098389,-0.361206,0.783447
-0.355347,0.170166,0.899536
0.397827,-0.314697,0.981689
-0.556885,-0.038940,0.723511
0.249268,-0.060181,1.040527
-0.033203,-0.374146,0.801270
-0.421021,0.186646,0.877319
0.409180,-0.290649,0.997803
-0.516357,-0.098267,0.719482
0.161255,0.018677,1.039917
0.024780,-0.394897,0.815063
-0.486694,0.187378,0.869995
0.432739,-0.280640,1.012085
-0.478760,-0.142456,0.740112
0.076416,0.073853,1.024780
0.096313,-0.422729,0.840210
-0.527954,0.158081,0.834351
0.440796,-0.245850,1.021851
-0.411865,-0.198120,0.744873
0.019653,0.106445,1.028442
0.151001,-0.430176,0.841309
-0.551025,0.107422,0.804932
0.441040,-0.234497,1.030396
-0.332031,-0.240356,0.739868
-0.053955,0.143799,1.002808
0.225952,-0.435913,0.858398
-0.585083,0.083252,0.769775
0.415527,-0.188721,1.039062
-0.264160,-0.298462,0.713989
-0.118530,0.166138,0.993652
0.269043,-0.398315,0.890869
-0.598022,0.034302,0.741211
0.409912,-0.171753,1.054565
-0.219238,-0.351562,0.700073
-0.201416,0.184937,0.963013
0.322266,-0.349487,0.917847
-0.605713,0.028320,0.744385
0.367920,-0.192139,1.029053
-0.158325,-0.373901,0.724609
-0.284180,0.193359,0.931885
0.353027,-0.330688,0.937012
-0.604614,0.005493,0.733398
0.299561,-0.156860,1.019897
-0.094971,-0.408325,0.751343
-0.360840,0.175537,0.891235
0.376587,-0.290771,0.962769
-0.574219,-0.004272,0.717896
0.231934,-0.073364,1.021362
-0.026855,-0.406128,0.792480
-0.452759,0.195801,0.878662
0.391479,-0.286011,0.972900
-0.536865,-0.041138,0.727661
0.144165,0.008667,1.011108
0.046753,-0.390625,0.832520
-0.523682,0.179932,0.841919
0.413574,-0.248657,0.997681
-0.461304,-0.137451,0.719849
0.040161,0.112549,1.021240
0.136353,-0.410400,0.848755
-0.555542,0.131470,0.817139
0.434692,-0.220703,1.028320
-0.343506,-0.232300,0.721436
-0.059570,0.169678,1.005859
0.216064,-0.408569,0.859985
-0.589233,0.094727,0.790161
0.412109,-0.208984,1.027588
-0.250854,-0.331421,0.708374
-0.159180,0.170288,0.958740
0.277954,-0.363281,0.890381
-0.601685,0.058350,0.745850
0.399780,-0.192749,1.037842
-0.187744,-0.368530,0.724731
-0.244873,0.162720,0.928345
0.319824,-0.338013,0.914917
-0.600342,0.047974,0.731689
0.342407,-0.150146,1.020264
-0.130737,-0.370850,0.740967
-0.317017,0.173706,0.900024
0.356567,-0.329834,0.937500
-0.583374,0.021973,0.720093
0.271240,-0.072632,1.020996
-0.088501,-0.360962,0.756226
-0.424194,0.191162,0.872437
0.412964,-0.338745,0.962036
-0.539795,-0.063843,0.708008
0.161621,0.028198,1.019409
-0.020264,-0.385132,0.773315
-0.494995,0.222290,0.851318
0.417480,-0.297485,0.980957
-0.485962,-0.153198,0.716553
0.096436,0.025757,1.014282
0.055176,-0.388550,0.805908
-0.559937,0.195435,0.819824
0.429077,-0.257568,0.993286
-0.383301,-0.192017,0.738403
0.002686,0.132446,1.013550
0.154541,-0.400513,0.840820
-0.574951,0.136963,0.789307
0.409180,-0.205322,1.015747
-0.306885,-0.259644,0.730103
-0.081787,0.144897,0.979736
0.238281,-0.404297,0.864258
-0.602539,0.104248,0.755615
0.390625,-0.146240,1.029297
-0.224854,-0.309692,0.723755
-0.182617,0.166992,0.949951
0.297852,-0.408203,0.895752
-0.605957,0.051758,0.731201
0.377930,-0.132202,1.031860
-0.183350,-0.341553,0.714600
-0.261475,0.186768,0.924561
0.350464,-0.364990,0.918823
-0.601074,0.024048,0.724243
0.321899,-0.102661,1.016357
-0.125732,-0.386841,0.726196
-0.361938,0.215088,0.887695
0.377563,-0.340576,0.938110
-0.564819,-0.031128,0.708496
0.246460,-0.049316,1.024292
-0.073853,-0.393677,0.742188
-0.438477,0.223755,0.866699
0.398193,-0.297119,0.951660
-0.530273,-0.101929,0.690430
0.157471,0.008789,1.005859
0.007446,-0.409302,0.784424
-0.527344,0.220093,0.827393
0.419800,-0.257690,0.974609
-0.452637,-0.129883,0.729736
0.048584,0.110229,1.013916
0.108154,-0.419312,0.808594
-0.561768,0.180420,0.817871
0.422241,-0.204468,0.998413
-0.355103,-0.186768,0.730103
-0.040405,0.195679,1.003662
0.203979,-0.405273,0.847290
-0.597534,0.123413,0.778442
0.416260,-0.202393,1.008667
-0.276489,-0.260742,0.715332
-0.128174,0.204834,0.977539
0.274048,-0.381836,0.875854
-0.615601,0.096558,0.763184
0.407471,-0.177734,1.017456
-0.194824,-0.325073,0.715942
-0.206909,0.191528,0.934814
0.322388,-0.356323,0.899902
-0.610596,0.081787,0.741455
0.357056,-0.132812,1.020386
-0.121094,-0.383545,0.719971
-0.285767,0.188721,0.895630
0.360962,-0.328613,0.919067
-0.591187,0.058350,0.728516
0.278076,-0.078125,1.002686
-0.067871,-0.406372,0.750000
-0.356567,0.178223,0.875000
0.385620,-0.291260,0.946045
-0.569458,-0.000610,0.707397
0.191528,0.000488,0.984497
-0.011475,-0.397095,0.769287
-0.446045,0.189087,0.854858
0.415161,-0.270996,0.970947
-0.515625,-0.054321,0.716675
0.111694,0.094360,1.010010
0.046387,-0.390381,0.786377
-0.509277,0.191284,0.840332
0.425293,-0.246216,0.989502
-0.416382,-0.154175,0.731445
0.054443,0.143433,1.026367
0.112793,-0.381592,0.819458
-0.579346,0.177979,0.806885
0.444946,-0.227905,1.010498
-0.326172,-0.210083,0.745239
-0.028442,0.170166,0.997559
0.195679,-0.385620,0.854736
-0.602417,0.157349,0.784668
0.421753,-0.192749,1.009766
-0.255493,-0.244385,0.746582
-0.112305,0.171631,0.961792
0.267700,-0.366333,0.889282
-0.605835,0.126221,0.755371
0.398193,-0.126465,1.020752
-0.189575,-0.313843,0.731445
-0.181763,0.181885,0.942871
0.340454,-0.396484,0.903564
-0.611572,0.099854,0.739502
0.367188,-0.093140,1.016968
-0.124878,-0.346680,0.719727
-0.284668,0.223633,0.905762
0.378296,-0.372192,0.925903
-0.573975,0.015747,0.733765
0.294678,-0.054077,1.007446
-0.080811,-0.365356,0.720703
-0.367554,0.235229,0.864868
0.405151,-0.312134,0.936646
-0.541626,-0.070923,0.708252
0.197021,-0.022827,0.985352
-0.019775,-0.394897,0.763916
-0.444824,0.203735,0.833862
0.426758,-0.250000,0.970215
-0.472900,-0.092651,0.739502
0.113281,0.056519,1.012939
0.060181,-0.393921,0.796509
-0.516357,0.211670,0.820190
0.439087,-0.220337,0.988525
-0.386230,-0.125000,0.758423
0.017944,0.154297,1.018311
0.157837,-0.403931,0.835205
-0.580688,0.160645,0.778564
0.433350,-0.198975,1.003296
-0.283936,-0.219971,0.743164
-0.073608,0.192993,0.991455
0.423584,-0.183594,1.016846
-0.603638,0.107422,0.748657
-0.111694,-0.378418,0.742554
-0.233398,0.179321,0.909912
0.355957,-0.316284,0.911987
-0.589966,0.080811,0.736572
0.325317,-0.110229,0.995361
-0.051514,-0.384033,0.759033
-0.317139,0.154053,0.865845
0.402832,-0.299805,0.945679
-0.557007,0.000977,0.720215
0.239380,-0.028320,0.984253
-0.009521,-0.412354,0.746826
-0.388672,0.175171,0.838257
0.409546,-0.253052,0.960693
-0.512817,-0.062866,0.722534
0.181519,-0.001343,1.009155
0.042969,-0.398438,0.781006
-0.449463,0.206299,0.823853
0.426636,-0.227417,0.957764
-0.464355,-0.094116,0.741821
0.094116,0.075806,1.007202
0.115723,-0.438232,0.811401
-0.509766,0.161621,0.811890
0.437988,-0.190308,0.991699
-0.395386,-0.104126,0.747925
0.009766,0.151978,0.998901
0.194214,-0.428101,0.852173
-0.565186,0.115112,0.770142
0.435059,-0.151489,1.023193
-0.289307,-0.168945,0.747559
-0.083374,0.203003,0.985596
0.282715,-0.440552,0.875122
-0.599121,0.100342,0.758789
0.415894,-0.138672,1.032227
-0.169067,-0.276489,0.750366
-0.162231,0.235107,0.958008
0.328613,-0.350464,0.904297
-0.583374,0.047852,0.758179
0.396362,-0.167480,1.009277
-0.092529,-0.350586,0.749756
-0.250488,0.217896,0.903442
0.364136,-0.302368,0.922241
-0.565430,0.035522,0.743896
0.340088,-0.118286,1.007080
-0.034302,-0.404175,0.765137
-0.313721,0.170166,0.851562
0.388916,-0.268188,0.941650
-0.541260,-0.002441,0.732178
0.241699,-0.024780,0.998657
0.016846,-0.415894,0.767334
-0.368896,0.130005,0.826782
0.426636,-0.278320,0.962769
-0.516602,-0.029541,0.731323
0.163696,0.028687,0.998779
0.066040,-0.437134,0.770142
-0.455933,0.147217,0.813477
0.446045,-0.255859,0.991211
-0.456909,-0.094238,0.737915
0.083496,0.116943,1.006592
0.126831,-0.422729,0.813354
-0.518799,0.128906,0.789673
0.466553,-0.272217,0.986206
-0.375732,-0.128784,0.760376
-0.004517,0.188232,1.010620
0.200928,-0.411377,0.843140
-0.555420,0.083984,0.763062
0.451294,-0.231689,1.013672
-0.275146,-0.189819,0.765381
-0.083740,0.221436,0.986938
0.261719,-0.381470,0.876343
-0.578247,0.033936,0.729126
0.432495,-0.187744,1.038818
-0.157104,-0.299194,0.770142
-0.168701,0.223633,0.952393
0.337036,-0.380615,0.904785
-0.584106,0.057617,0.753784
0.374634,-0.168457,1.012207
-0.056030,-0.400513,0.776245
-0.244751,0.197754,0.906982
0.372437,-0.303345,0.937622
-0.561523,0.012451,0.732788
0.309692,-0.124390,0.992554
0.000732,-0.443604,0.771851
-0.313232,0.151001,0.857178
0.418945,-0.299316,0.949341
-0.534180,-0.000122,0.732666
0.208008,-0.024536,0.993164
0.061523,-0.466064,0.775146
-0.399292,0.135376,0.823120
0.441040,-0.280029,0.985229
-0.481812,-0.080322,0.732544
0.121460,0.060059,1.008667
0.115112,-0.454102,0.794067
-0.484619,0.127563,0.787109
0.452393,-0.253540,1.005371
-0.377808,-0.166626,0.762451
0.012573,0.141357,1.015015
0.196411,-0.462280,0.826050
-0.556519,0.067627,0.738525
0.462646,-0.245728,1.028076
-0.257202,-0.217529,0.782349
-0.097168,0.217651,0.987549
0.277100,-0.375854,0.879150
-0.581543,0.051392,0.732178
0.408203,-0.214722,1.010010
-0.099976,-0.340332,0.796875
-0.157959,0.215820,0.970703
0.332275,-0.338623,0.902710
-0.585449,0.096191,0.756714
0.378296,-0.197632,1.002563
-0.035400,-0.390381,0.791504
-0.221558,0.172607,0.921265
0.379028,-0.307373,0.952148
-0.558716,0.063721,0.753052
0.303833,-0.098633,0.987061
0.018555,-0.414185,0.791016
-0.279053,0.095459,0.870728
0.412842,-0.321777,0.964844
-0.536987,0.002319,0.731079
0.222534,-0.002686,0.992554
0.048462,-0.423218,0.781250
-0.357910,0.103027,0.845825
0.469116,-0.295654,0.988647
-0.437012,-0.124268,0.744385
0.060547,0.149048,1.021118
0.085571,-0.428101,0.787109
-0.533325,0.161255,0.783325
0.449585,-0.225708,0.995361
-0.363281,-0.172363,0.753174
-0.007812,0.121826,0.995728
0.225220,-0.443848,0.854370
-0.563477,0.131714,0.759888
0.438965,-0.169189,1.008667
-0.282349,-0.163452,0.763550
-0.083374,0.160400,0.974976
0.282227,-0.455444,0.871338
-0.574463,0.080933,0.756470
0.428101,-0.158447,1.021240
-0.211548,-0.202637,0.773071
-0.148438,0.188843,0.956055
0.328735,-0.439453,0.893677
-0.568970,0.052002,0.748657
0.392822,-0.117310,1.025635
-0.116821,-0.266602,0.788818
-0.226685,0.204224,0.920166
0.351807,-0.417114,0.899536
-0.545166,0.002441,0.746826
0.358765,-0.109741,1.023682
-0.052856,-0.359741,0.770996
-0.302124,0.218140,0.883789
0.408691,-0.343262,0.941772
-0.519165,-0.033691,0.751221
0.261475,-0.065918,0.989258
0.018921,-0.447510,0.765137
-0.344116,0.166382,0.844116
0.416504,-0.304321,0.953857
-0.499023,-0.087280,0.736450
0.188843,-0.012695,1.004028
0.080078,-0.453247,0.782837
-0.423340,0.155151,0.818359
0.436890,-0.258545,0.966309
-0.462524,-0.077515,0.751343
0.102295,0.020020,0.992065
0.128906,-0.475952,0.798706
-0.482666,0.103271,0.773071
0.449707,-0.226318,1.000732
-0.360840,-0.104126,0.777954
-0.016479,0.134521,0.993896
0.216431,-0.464966,0.838989
-0.527588,0.050537,0.749146
0.451782,-0.202637,1.031860
-0.258301,-0.215210,0.775513
-0.113281,0.214111,0.982910
0.297852,-0.394775,0.910034
-0.555786,0.017700,0.743286
0.413696,-0.178711,1.031616
-0.134399,-0.306152,0.775024
-0.176392,0.206055,0.955688
0.338867,-0.349121,0.929199
-0.545776,-0.001221,0.751587
0.362793,-0.165405,1.016846
-0.050415,-0.396851,0.780884
-0.250610,0.178345,0.905762
0.380005,-0.303101,0.949463
-0.520996,0.005249,0.766479
0.290527,-0.109375,1.004761
0.027588,-0.448242,0.785278
-0.327881,0.126831,0.859253
0.419434,-0.307861,0.969727
-0.511108,-0.052490,0.732544
0.212769,-0.004517,1.028320
0.075806,-0.473633,0.774780
-0.405640,0.125488,0.825806
0.462891,-0.334229,0.969482
-0.467041,-0.077393,0.750122
0.125122,0.073608,1.022583
0.129150,-0.440430,0.811157
-0.470581,0.105835,0.801514
0.465576,-0.323853,0.989014
-0.395508,-0.148560,0.764404
0.039795,0.129639,1.019897
0.205078,-0.430176,0.849365
-0.508667,0.071289,0.758545
0.458984,-0.278442,1.009766
-0.315430,-0.237183,0.774170
-0.035889,0.137329,1.004517
0.267822,-0.442871,0.878174
-0.535522,0.053589,0.733643
0.442627,-0.227295,1.035889
-0.203003,-0.292236,0.780029
-0.125244,0.181030,0.995483
0.329712,-0.438965,0.908691
-0.548584,0.047119,0.742676
0.400269,-0.168823,1.035522
-0.090576,-0.333130,0.801392
-0.190796,0.191284,0.974121
0.361938,-0.417480,0.913696
-0.533081,-0.023071,0.734619
0.378052,-0.144165,1.036499
-0.017700,-0.397217,0.807495
-0.254517,0.194214,0.948242
0.397095,-0.376831,0.957031
-0.505981,-0.087646,0.741333
0.303711,-0.110352,1.026855
0.042725,-0.479004,0.780762
-0.296753,0.161987,0.900635
0.419678,-0.332031,0.969116
-0.481445,-0.093018,0.742554
0.250000,-0.065308,1.020996
0.077637,-0.475342,0.795654
-0.351929,0.112305,0.865967
0.455078,-0.310059,1.006348
-0.456299,-0.118774,0.744629
0.166992,0.009155,1.022705
0.124146,-0.476318,0.806763
-0.405884,0.096924,0.837646
0.483521,-0.281982,1.027100
-0.409058,-0.167114,0.748047
0.074951,0.060181,1.007568
0.203491,-0.502563,0.838867
-0.448486,0.046387,0.796631
0.471436,-0.238770,1.046265
-0.331421,-0.203247,0.765747
0.002930,0.128784,1.026611
0.279297,-0.493896,0.881348
-0.493774,0.023193,0.765503
0.459961,-0.217651,1.051147
-0.235352,-0.242676,0.789673
-0.086792,0.192261,1.025879
0.333618,-0.463379,0.911743
-0.502930,-0.013916,0.770874
0.439575,-0.169067,1.083252
-0.123413,-0.301514,0.817383
-0.167358,0.221069,1.014648
0.380737,-0.427124,0.950317
-0.506470,-0.036499,0.765625
0.391724,-0.153687,1.060425
0.006470,-0.383423,0.833130
-0.223267,0.213867,0.985840
0.407715,-0.363525,0.968628
-0.487671,-0.101562,0.750244
0.339844,-0.109497,1.055786
0.083008,-0.425659,0.839478
-0.297485,0.188721,0.931274
0.455688,-0.320557,1.010986
-0.429688,-0.133179,0.771851
0.246338,-0.064941,1.044922
0.110840,-0.447144,0.843140
-0.353760,0.137817,0.899902
0.495728,-0.270752,1.044922
-0.393921,-0.138916,0.787476
0.123413,0.045654,1.042847
0.204956,-0.503784,0.858887
-0.409668,0.055786,0.828979
0.515015,-0.230347,1.081299
-0.312744,-0.202881,0.790527
0.015991,0.152466,1.061890
0.304199,-0.496582,0.905518
-0.476685,0.034424,0.805664
0.494141,-0.221069,1.088745
-0.224365,-0.237183,0.818604
-0.054932,0.177734,1.042603
0.362427,-0.436646,0.959106
-0.495605,0.009399,0.797607
0.467529,-0.166382,1.108154
-0.114624,-0.295898,0.830200
-0.123413,0.200439,1.051025
0.410034,-0.409180,0.987427
-0.483398,-0.024658,0.800781
0.421631,-0.118408,1.094482
0.007324,-0.325806,0.859741
-0.197998,0.211304,1.018188
0.451172,-0.376709,1.018311
-0.469238,-0.095581,0.772339
0.372070,-0.106812,1.094238
0.062256,-0.393921,0.866943
-0.246338,0.196045,0.977539
0.484009,-0.307861,1.051270
-0.420532,-0.113892,0.801636
0.298584,-0.045044,1.095825
0.090698,-0.429199,0.860596
-0.296143,0.133423,0.942627
0.514160,-0.270020,1.091064
-0.399292,-0.135986,0.790405
0.236206,0.010132,1.086914
0.176025,-0.465332,0.888062
-0.353027,0.117188,0.911987
0.530396,-0.255615,1.100830
-0.355957,-0.155029,0.803101
0.155151,0.085815,1.084473
0.263550,-0.490234,0.918091
-0.401123,0.060791,0.872681
0.535156,-0.243530,1.108643
-0.298462,-0.200317,0.811646
0.074707,0.153076,1.072510
0.317383,-0.439819,0.955688
-0.424072,0.018188,0.838745
0.519531,-0.206909,1.132690
-0.224731,-0.239746,0.836914
0.004517,0.197876,1.078125
0.366943,-0.421753,0.983032
-0.470215,0.000000,0.827026
0.519043,-0.186890,1.147217
-0.142578,-0.297852,0.848633
-0.061157,0.238037,1.090942
0.403442,-0.382202,0.998901
-0.462280,-0.022339,0.825195
0.486694,-0.171509,1.139282
-0.038086,-0.355469,0.870239
-0.111328,0.221191,1.070190
0.432373,-0.354980,1.029785
-0.458252,-0.036499,0.818481
0.466309,-0.134766,1.152222
0.028809,-0.378784,0.882080
-0.160156,0.215332,1.055176
0.465210,-0.328613,1.046387
-0.438477,-0.065430,0.820801
0.421997,-0.110107,1.148071
0.055420,-0.368896,0.888306
-0.220093,0.218018,1.036133
0.507080,-0.300293,1.087280
-0.423584,-0.086548,0.810303
0.356934,-0.024658,1.147217
0.096680,-0.374390,0.913452
-0.264282,0.197510,1.012451
0.524902,-0.256714,1.119385
-0.394287,-0.122070,0.819946
0.305054,0.009888,1.148193
0.151733,-0.399170,0.929810
-0.314209,0.158325,0.967773
0.554443,-0.252563,1.135132
-0.344482,-0.167847,0.816895
0.229736,0.056519,1.128296
0.230469,-0.412354,0.955688
-0.355469,0.117432,0.919556
0.563965,-0.228638,1.139160
-0.299316,-0.191895,0.833618
0.137817,0.107422,1.114868
0.300903,-0.433350,0.969238
-0.391968,0.068359,0.879272
0.556396,-0.188110,1.156128
-0.237671,-0.211670,0.854370
0.043091,0.160278,1.100586
0.370239,-0.426025,1.005127
-0.435181,0.052246,0.869141
0.526855,-0.149536,1.168335
-0.140381,-0.260132,0.871826
-0.030884,0.216187,1.101562
0.416748,-0.383301,1.020386
-0.445190,-0.019287,0.850464
0.507202,-0.139160,1.169189
-0.032593,-0.320801,0.899780
-0.080200,0.211182,1.087891
0.445801,-0.332642,1.052856
-0.459229,-0.012329,0.836792
0.463989,-0.113037,1.171021
0.009277,-0.349243,0.887085
-0.155396,0.230835,1.086792
0.476929,-0.310913,1.076050
-0.443848,-0.061401,0.828613
0.432373,-0.074829,1.180298
0.028076,-0.348022,0.897705
-0.241089,0.217285,1.041016
0.532471,-0.295166,1.121704
-0.402222,-0.137085,0.821289
0.344238,0.007202,1.174805
0.104614,-0.354858,0.920898
-0.290527,0.161621,0.967285
0.550049,-0.267334,1.134521
-0.378052,-0.161499,0.805298
0.287109,0.026123,1.152954
0.192139,-0.398071,0.934204
-0.362061,0.165771,0.941650
0.540771,-0.248535,1.121704
-0.303589,-0.229004,0.838501
0.195190,0.037231,1.118164
0.244263,-0.397583,0.964111
-0.402222,0.127808,0.891602
0.562988,-0.213379,1.137329
-0.264282,-0.234497,0.852539
0.085693,0.124878,1.106323
0.322876,-0.421753,0.981079
-0.435425,0.090576,0.882080
0.547363,-0.168457,1.156982
-0.192993,-0.262329,0.857300
-0.017456,0.176514,1.094849
0.375366,-0.406738,0.996948
-0.446289,-0.003906,0.840820
0.522339,-0.154419,1.169922
-0.085205,-0.288696,0.858154
-0.083740,0.212524,1.080933
0.410156,-0.371704,1.004272
-0.456177,-0.050171,0.842041
0.492676,-0.152954,1.164062
-0.050537,-0.309326,0.862915
-0.161133,0.235352,1.059937
0.448120,-0.332275,1.039917
-0.470215,-0.071289,0.811401
0.436401,-0.116821,1.170532
-0.012695,-0.333862,0.861938
-0.221069,0.212769,1.036743
0.479126,-0.289062,1.080200
-0.463623,-0.089844,0.799927
0.369629,-0.077026,1.154541
0.055786,-0.365845,0.892578
-0.292725,0.197754,0.989502
0.506470,-0.255859,1.096069
-0.428467,-0.099121,0.787354
0.281250,-0.043213,1.120605
0.135254,-0.398682,0.910522
-0.344604,0.156860,0.933228
0.508179,-0.234375,1.103149
-0.379272,-0.160034,0.786621
0.181152,0.036987,1.100708
0.203247,-0.426514,0.928711
-0.407837,0.115234,0.914307
0.522217,-0.201782,1.123413
-0.345581,-0.208618,0.783691
0.089966,0.092285,1.087280
0.262207,-0.412842,0.949463
-0.443481,0.072144,0.872314
0.520020,-0.186890,1.128418
-0.257324,-0.253784,0.801147
-0.005371,0.147583,1.073853
0.318115,-0.395020,0.952515
-0.471313,0.030029,0.837891
0.499756,-0.180786,1.125977
-0.156982,-0.305786,0.804199
-0.079956,0.160522,1.039795
0.354736,-0.360352,0.966187
-0.501221,-0.002686,0.797119
0.485718,-0.177490,1.144043
-0.112305,-0.342163,0.803955
-0.187988,0.191162,1.014648
0.396118,-0.333740,0.993652
-0.503174,-0.043335,0.781982
0.417725,-0.153564,1.123657
-0.062744,-0.344482,0.831665
-0.268921,0.194336,0.983887
0.433716,-0.304321,1.028320
-0.498413,-0.045654,0.778198
0.342407,-0.093872,1.109131
-0.002808,-0.371216,0.846802
-0.344116,0.169800,0.929565
0.453735,-0.270386,1.050537
-0.446411,-0.107788,0.764160
0.243896,-0.015259,1.105713
0.066040,-0.390991,0.851196
-0.410645,0.151733,0.895386
0.476440,-0.251221,1.068115
-0.411011,-0.178833,0.764038
0.122192,0.053589,1.066895
0.162964,-0.422974,0.885498
-0.477295,0.100464,0.854248
0.491089,-0.228027,1.084229
-0.341919,-0.206665,0.777710
0.017944,0.127930,1.049072
0.229126,-0.390137,0.904785
-0.507324,0.023926,0.811401
0.486938,-0.226929,1.094238
-0.234131,-0.283691,0.767456
-0.076050,0.165405,1.018921
0.275269,-0.372070,0.910889
-0.536133,0.002686,0.785156
0.468628,-0.226196,1.088867
-0.189331,-0.325439,0.759766
-0.150269,0.167358,0.994507
0.330322,-0.329834,0.936279
-0.560425,0.001221,0.754639
0.397949,-0.201294,1.075073
-0.144897,-0.401611,0.755615
-0.240479,0.157349,0.960693
0.360718,-0.328979,0.960327
-0.548584,0.005859,0.751953
0.346191,-0.138550,1.067261
-0.106445,-0.347168,0.801270
-0.320312,0.147095,0.929077
0.401855,-0.334717,0.981689
-0.524780,-0.024780,0.737671
0.259277,-0.033081,1.068848
-0.036743,-0.362915,0.819946
-0.401611,0.166870,0.901855
0.422363,-0.318115,1.000000
-0.500488,-0.079468,0.724487
0.175537,0.038452,1.055908
0.035889,-0.365112,0.841187
-0.474731,0.166138,0.888672
0.443115,-0.308350,1.012451
-0.485352,-0.147583,0.726440
0.095581,0.068726,1.027100
0.099365,-0.380859,0.830566
-0.513916,0.138428,0.834351
0.452393,-0.258301,1.035278
-0.387573,-0.185913,0.751587
0.009766,0.136353,1.031250
0.165039,-0.401245,0.852173
-0.543091,0.094238,0.803345
0.453491,-0.216064,1.051636
-0.318237,-0.258911,0.736328
-0.057007,0.130005,0.996582
0.228638,-0.394531,0.873901
-0.586548,0.077759,0.761841
0.433716,-0.217651,1.041992
-0.244385,-0.331299,0.723389
-0.144043,0.164917,0.984619
0.282227,-0.416260,0.881592
-0.596191,0.044800,0.747681
0.393677,-0.150635,1.050293
-0.207397,-0.324341,0.716309
-0.214966,0.175537,0.955933
0.342773,-0.373657,0.930908
-0.601929,0.027588,0.748169
0.342163,-0.151733,1.022217
-0.159546,-0.368042,0.714600
-0.291016,0.183472,0.914917
0.380005,-0.351196,0.946655
-0.591431,-0.000244,0.732544
0.291016,-0.104370,1.021851
-0.117310,-0.356323,0.758911
-0.375854,0.179932,0.876709
0.388428,-0.329712,0.961914
-0.559570,-0.053833,0.708740
0.210693,-0.023682,1.027832
-0.055786,-0.391968,0.769287
-0.457764,0.202759,0.863770
0.415527,-0.311157,0.975464
-0.527954,-0.078247,0.722656
0.134644,0.037109,1.018921
0.011475,-0.385620,0.800537
-0.525391,0.208374,0.842773
0.436768,-0.295044,0.989868
-0.471558,-0.125000,0.723877
0.053711,0.084839,1.022827
0.104614,-0.425659,0.812744
-0.560059,0.176758,0.809082
0.422119,-0.220459,1.012817
-0.383545,-0.198608,0.724243
-0.031860,0.134277,1.005249
0.197510,-0.447388,0.853271
-0.596924,0.117676,0.788086
0.406982,-0.173218,1.020020
-0.284668,-0.258911,0.709106
-0.113159,0.185669,0.979248
0.265991,-0.382935,0.893188
-0.610474,0.061157,0.743896
0.394043,-0.151855,1.034546
-0.211182,-0.333984,0.694458
-0.207520,0.202881,0.951538
0.330322,-0.388672,0.901245
-0.613770,0.080688,0.736694
0.352539,-0.124390,1.022827
-0.157837,-0.358154,0.711182
-0.273071,0.194580,0.921265
0.362671,-0.351318,0.923218
-0.602661,-0.005737,0.714111
0.281982,-0.092407,1.011597
-0.103638,-0.411987,0.721191
-0.377563,0.214111,0.879028
0.401489,-0.302612,0.946533
-0.550293,-0.030884,0.708008
0.193970,-0.012939,1.002563
-0.034912,-0.417358,0.750854
-0.462769,0.224609,0.841919
0.414795,-0.267456,0.966797
-0.503906,-0.080566,0.731079
0.098389,0.052734,1.004639
0.060547,-0.417725,0.798950
-0.533936,0.215942,0.823364
0.414551,-0.205078,0.990601
-0.393921,-0.136597,0.743164
0.030518,0.148926,1.030640
0.141479,-0.418091,0.828857
-0.581909,0.170898,0.798340
0.428223,-0.188843,1.010132
-0.312500,-0.208130,0.733521
-0.067749,0.198364,0.996948
0.234009,-0.395996,0.866211
-0.613159,0.106689,0.765381
0.419556,-0.179932,1.020142
-0.214355,-0.279419,0.744141
-0.158081,0.217041,0.956299
0.296021,-0.361694,0.884277
-0.608521,0.091675,0.756714
0.396240,-0.155273,1.018311
-0.147095,-0.357422,0.721924
-0.221802,0.200806,0.922119
0.344482,-0.336792,0.903809
-0.601440,0.096924,0.753662
0.348755,-0.129761,1.000854
-0.081299,-0.394653,0.735840
-0.291870,0.191895,0.880859
0.370239,-0.290161,0.929688
-0.578125,0.070068,0.723022
0.278076,-0.071777,0.996704
-0.025269,-0.410522,0.765747
-0.372681,0.168091,0.854248
0.394531,-0.272461,0.935913
-0.555908,0.031738,0.723755
0.201294,-0.008423,0.984497
0.026367,-0.411743,0.779907
-0.427490,0.156738,0.822510
0.416138,-0.238281,0.966675
-0.498291,-0.017212,0.739014
0.122314,0.091187,1.006958
0.082520,-0.415161,0.795654
-0.497925,0.166138,0.820923
0.443237,-0.241699,0.981567
-0.435181,-0.092651,0.736206
0.043213,0.166260,1.015625
0.149902,-0.403076,0.824097
-0.559570,0.140503,0.793579
0.440674,-0.213379,1.001099
-0.343018,-0.174561,0.744751
-0.031616,0.187622,0.993774
0.213013,-0.382080,0.858032
-0.574829,0.118774,0.767822
0.433594,-0.187134,1.026245
-0.236450,-0.252686,0.755493
-0.102295,0.195923,0.978271
0.280273,-0.379761,0.887573
-0.601196,0.102539,0.749390
0.423218,-0.162842,1.026001
-0.147705,-0.309814,0.765015
-0.179565,0.198975,0.941528
0.328857,-0.375244,0.892090
-0.579956,0.088745,0.753784
0.382568,-0.105835,1.027222
-0.085571,-0.338013,0.771118
-0.255249,0.207153,0.912720
0.378052,-0.376831,0.914429
-0.559814,0.012939,0.743164
0.318481,-0.093506,0.999878
-0.038696,-0.389160,0.757202
-0.317261,0.175903,0.856812
0.404907,-0.278320,0.948364
-0.518677,-0.039185,0.746338
0.234741,-0.040161,0.989746
0.012817,-0.419678,0.758789
-0.375122,0.140869,0.822754
0.420654,-0.287842,0.957275
-0.488892,-0.050049,0.764526
0.159790,0.005249,1.002563
0.065796,-0.442139,0.777100
-0.459961,0.169312,0.796631
0.448486,-0.228638,0.992065
-0.407471,-0.096436,0.784180
0.052246,0.084106,0.997925
0.145996,-0.468018,0.811279
-0.536865,0.109863,0.767944
0.462036,-0.215576,1.017578
-0.310547,-0.159546,0.765503
-0.063232,0.214478,1.001343
0.239136,-0.391235,0.864746
-0.564575,0.017944,0.725464
0.441284,-0.246582,1.021606
-0.203369,-0.277466,0.775146
-0.118652,0.234619,0.992188
0.289673,-0.349365,0.895508
-0.583618,0.071655,0.742554
0.412720,-0.206177,1.040283
-0.097168,-0.350464,0.804321
-0.196655,0.200439,0.942749
0.347412,-0.345581,0.925903
-0.575317,0.044434,0.747803
0.356323,-0.161133,1.004639
-0.004272,-0.427856,0.795532
-0.256836,0.163818,0.902344
0.376343,-0.307617,0.943481
-0.553711,-0.000244,0.724487
0.286255,-0.096558,0.997070
0.034424,-0.442993,0.782715
-0.313110,0.139771,0.876465
0.421265,-0.324951,0.960449
-0.500732,-0.013428,0.749512
0.210938,-0.019409,0.982178
0.053345,-0.454346,0.777954
-0.360229,0.099976,0.847534
0.442749,-0.299072,0.980835
-0.471191,-0.071289,0.748535
0.154541,0.048340,1.012695
0.101929,-0.441162,0.799316
-0.435913,0.089600,0.802979
0.467285,-0.295288,0.999512
-0.413940,-0.156860,0.745117
0.062012,0.110474,1.014038
0.159424,-0.461426,0.819336
-0.477783,0.057861,0.779541
0.480469,-0.279663,1.016724
-0.370117,-0.200806,0.744385
0.001343,0.146240,1.023315
0.243530,-0.438110,0.857666
-0.519287,0.053589,0.744995
0.457275,-0.282349,1.008789
-0.286865,-0.244141,0.772583
-0.035400,0.146362,1.024658
0.277466,-0.434570,0.889404
-0.542847,0.049316,0.741455
0.436890,-0.236572,1.024536
-0.208252,-0.252930,0.794067
-0.095581,0.171021,1.008545
0.333496,-0.466431,0.908325
-0.543335,0.047485,0.760010
0.403564,-0.162842,1.034180
-0.140503,-0.301392,0.788086
-0.152100,0.182251,0.996948
0.385620,-0.427246,0.947510
-0.529419,0.002930,0.762207
0.376465,-0.125122,1.038330
-0.041870,-0.379028,0.796265
-0.218140,0.178589,0.958252
0.415894,-0.381470,0.975342
-0.499878,-0.058228,0.746460
0.329224,-0.100586,1.038208
0.029297,-0.459351,0.793823
-0.285400,0.152344,0.911011
0.456543,-0.354614,0.995850
-0.469116,-0.075073,0.769287
0.267822,-0.048340,1.045776
0.063354,-0.459473,0.807739
-0.340698,0.130981,0.893066
0.487183,-0.351196,1.009033
-0.440552,-0.138306,0.761841
0.197266,0.010864,1.044800
0.125000,-0.433960,0.839722
-0.402954,0.145142,0.880615
0.492310,-0.283813,1.049072
-0.388184,-0.205566,0.764404
0.124146,0.054199,1.049561
0.217163,-0.462158,0.874268
-0.437256,0.065308,0.802246
0.489624,-0.243286,1.060913
-0.299805,-0.185913,0.805420
0.051025,0.102661,1.057129
0.277832,-0.486694,0.894043
-0.486450,0.038208,0.775513
0.490845,-0.206665,1.073853
-0.226440,-0.192993,0.836060
-0.044067,0.170654,1.060547
0.356323,-0.472900,0.955688
-0.498657,0.005859,0.778076
0.447510,-0.131958,1.096436
-0.137329,-0.271362,0.825562
-0.120361,0.205200,1.042847
0.433105,-0.420776,0.987183
-0.475220,-0.040527,0.800781
0.388184,-0.091797,1.095703
0.004028,-0.381836,0.843018
-0.189331,0.172363,1.004395
0.466431,-0.360474,1.035889
-0.462402,-0.079224,0.783691
0.346924,-0.064087,1.091675
0.085205,-0.397827,0.858521
-0.277954,0.209229,0.973389
0.495605,-0.277832,1.064697
-0.411743,-0.134155,0.793701
0.277344,-0.022461,1.099731
0.128784,-0.433716,0.874878
-0.336670,0.148071,0.923218
0.523804,-0.245239,1.096558
-0.371948,-0.157593,0.794678
0.204590,0.037354,1.088867
0.231567,-0.486084,0.909546
-0.388428,0.086792,0.878784
0.542236,-0.234253,1.106567
-0.322266,-0.188965,0.799194
0.128418,0.114746,1.088989
0.299683,-0.468628,0.943115
-0.433228,0.065552,0.852539
0.540283,-0.227661,1.119629
-0.258179,-0.214844,0.827026
0.042480,0.180542,1.094360
0.363403,-0.443726,0.981079
-0.463257,0.045532,0.837158
0.513672,-0.170654,1.145264
-0.175415,-0.262939,0.836792
-0.019531,0.219849,1.099243
0.386963,-0.390991,1.004395
-0.462036,0.025269,0.848633
0.517700,-0.176270,1.153931
-0.100830,-0.277222,0.870239
-0.079590,0.223999,1.084595
0.425659,-0.363403,1.021118
-0.446899,-0.023438,0.838867
0.484985,-0.139771,1.162598
-0.010498,-0.344727,0.888550
-0.135254,0.228882,1.076782
0.461304,-0.332764,1.039185
-0.448730,-0.033569,0.831665
0.457031,-0.138794,1.149414
0.039062,-0.383911,0.888062
-0.187378,0.213623,1.038208
0.484985,-0.283203,1.081177
-0.433350,-0.064331,0.811890
0.408325,-0.091553,1.156006
0.051270,-0.397217,0.901855
-0.238770,0.199951,1.024536
0.531372,-0.267822,1.124878
-0.413330,-0.072632,0.822632
0.339111,-0.020752,1.152100
0.121582,-0.410034,0.930298
-0.288818,0.171143,0.996826
0.536133,-0.247314,1.119019
-0.377319,-0.111328,0.825195
0.096558,0.148560,1.084839
0.189941,-0.423950,0.943359
-0.425293,0.041626,0.852783
0.533081,-0.224976,1.120483
-0.260498,-0.238892,0.816162
0.034302,0.173218,1.082886
0.356079,-0.423340,0.984863
-0.457153,0.063477,0.832764
0.519409,-0.173340,1.141235
-0.183716,-0.253296,0.855103
-0.024780,0.202271,1.081055
0.394653,-0.418701,0.996216
-0.455933,0.014038,0.841797
0.499756,-0.158569,1.144165
-0.089355,-0.274780,0.882080
-0.097656,0.232056,1.077637
0.434448,-0.385010,1.023682
-0.451416,-0.033691,0.833984
0.472534,-0.123535,1.156006
0.004761,-0.333130,0.895874
-0.138550,0.251831,1.075439
0.451660,-0.322998,1.040649
-0.434082,-0.062378,0.831299
0.451904,-0.112915,1.164551
0.024048,-0.355225,0.883179
-0.200073,0.232910,1.052612
0.505249,-0.296509,1.089111
-0.430908,-0.078491,0.821655
0.385132,-0.040649,1.157959
0.086670,-0.371704,0.914185
-0.262329,0.219482,1.023682
0.519165,-0.252808,1.112915
-0.391113,-0.125122,0.813477
0.336548,-0.024536,1.166870
0.144409,-0.415771,0.929565
-0.322632,0.193970,0.975220
0.552124,-0.258911,1.129272
-0.342407,-0.154541,0.827393
0.216675,0.045654,1.127686
0.234253,-0.431885,0.956665
-0.349854,0.121338,0.927856
0.551514,-0.216675,1.138184
-0.298462,-0.193481,0.835693
0.148682,0.092773,1.113403
0.315430,-0.450073,0.981689
-0.404419,0.109131,0.901001
0.551758,-0.191162,1.157471
-0.243652,-0.213135,0.850708
0.068848,0.149536,1.106323
0.348511,-0.416870,1.004395
-0.420654,0.039185,0.878784
0.543335,-0.154297,1.166870
-0.153809,-0.285522,0.865723
-0.041260,0.209717,1.092407
0.405029,-0.380249,1.018066
-0.427612,-0.000732,0.859375
0.512451,-0.115967,1.179932
-0.061523,-0.335571,0.859009
-0.083252,0.198120,1.085693
0.424316,-0.349609,1.031860
-0.448730,-0.045166,0.839111
0.496826,-0.136475,1.177856
-0.025391,-0.333008,0.875366
-0.159302,0.221924,1.065552
0.456055,-0.317261,1.048462
-0.447754,-0.078247,0.828613
0.452515,-0.094604,1.180298
-0.007080,-0.338135,0.877930
-0.225342,0.233765,1.051025
0.492432,-0.308350,1.081665
-0.448120,-0.088745,0.804688
0.391724,-0.068481,1.170166
0.050293,-0.351807,0.892944
-0.288940,0.221191,1.005493
0.512573,-0.280762,1.097778
-0.414673,-0.122437,0.798218
0.308716,-0.020386,1.151733
0.112915,-0.395142,0.898804
-0.332397,0.175903,0.961548
0.520508,-0.260254,1.101562
-0.386841,-0.158691,0.789917
0.247070,0.010132,1.136841
0.178467,-0.402100,0.925781
-0.398804,0.155273,0.915283
0.529297,-0.246582,1.105347
-0.341064,-0.190552,0.805542
0.147461,0.066528,1.106323
0.227783,-0.411865,0.935913
-0.424927,0.101685,0.890991
0.530762,-0.203979,1.127808
-0.304688,-0.213989,0.808105
0.053711,0.108398,1.087891
0.291992,-0.422852,0.947266
-0.466797,0.049072,0.848877
0.513916,-0.180298,1.132446
-0.200439,-0.271606,0.820190
-0.027222,0.150879,1.061157
0.328735,-0.393433,0.953369
-0.484619,0.017090,0.823486
0.490234,-0.165771,1.126221
-0.137817,-0.320068,0.789429
-0.117188,0.166992,1.026489
0.372559,-0.354736,0.978149
-0.502075,-0.027100,0.799072
0.441162,-0.157227,1.123169
-0.111572,-0.360229,0.798462
-0.207886,0.186523,1.020874
0.407593,-0.321289,1.004883
-0.518066,-0.052979,0.765381
0.388184,-0.134155,1.115356
-0.070190,-0.375000,0.817749
-0.291016,0.187378,0.971558
0.435791,-0.308350,1.021240
-0.505859,-0.055664,0.751343
0.310425,-0.068359,1.098633
-0.000122,-0.395142,0.839355
-0.355835,0.176025,0.931396
0.440918,-0.282471,1.031250
-0.478271,-0.085815,0.750000
0.239380,-0.016968,1.090454
0.061401,-0.409424,0.844727
-0.418701,0.175171,0.904419
0.450928,-0.270142,1.040894
-0.449585,-0.130249,0.749268
0.157593,0.040771,1.068237
0.108521,-0.398804,0.854980
-0.471802,0.149536,0.876587
0.470703,-0.266235,1.052979
-0.432983,-0.172485,0.742188
0.078979,0.081909,1.055786
0.161377,-0.410400,0.865479
-0.511963,0.123413,0.848022
0.463623,-0.244873,1.051392
-0.336182,-0.235596,0.755493
0.001343,0.104614,1.027710
0.214111,-0.397461,0.883057
-0.536621,0.085083,0.810669
0.448975,-0.210205,1.059814
-0.268921,-0.294800,0.732422
-0.066650,0.101562,0.993530
0.256592,-0.368530,0.904175
-0.567627,0.058716,0.785278
0.430054,-0.205444,1.046021
-0.220337,-0.341309,0.732300
-0.165283,0.139160,0.991333
0.304443,-0.370361,0.921875
-0.580322,0.037109,0.755493
0.384644,-0.161743,1.046631
-0.179321,-0.327271,0.748535
-0.264526,0.174316,0.955322
0.355957,-0.360352,0.950562
-0.580933,0.006958,0.739746
0.322021,-0.104126,1.050415
-0.132202,-0.349487,0.762939
-0.342163,0.166260,0.905029
0.391357,-0.349731,0.957031
-0.557495,-0.031616,0.733398
0.237549,-0.032715,1.036499
-0.063843,-0.386963,0.769165
-0.422607,0.189941,0.889648
0.399292,-0.293335,0.983765
-0.527954,-0.097656,0.712036
0.160156,0.023071,1.037964
0.015015,-0.397705,0.803955
-0.520264,0.206543,0.843994
0.423218,-0.281982,0.996704
-0.469482,-0.133057,0.738281
0.073120,0.094727,1.022949
0.093628,-0.417480,0.815918
-0.563477,0.185547,0.831543
0.423584,-0.256958,0.996948
-0.395996,-0.204712,0.729126
0.008301,0.138306,1.020264
0.157959,-0.399414,0.839111
-0.584473,0.150757,0.800537
0.435425,-0.234131,1.003906
-0.319336,-0.256958,0.725952
-0.074219,0.168945,0.995850
0.231934,-0.421265,0.856934
-0.603638,0.112549,0.781372
0.405151,-0.190552,1.017456
-0.246948,-0.305176,0.716187
-0.157104,0.179077,0.963501
0.293457,-0.380371,0.888550
-0.604614,0.082520,0.763306
0.375122,-0.152832,1.019775
-0.196289,-0.339355,0.715942
-0.242920,0.182861,0.916626
0.343140,-0.360107,0.926392
-0.603271,0.021484,0.735474
0.331299,-0.125488,1.016602
-0.143188,-0.373413,0.713379
-0.321533,0.207275,0.896973
0.374756,-0.342407,0.929565
-0.581787,0.000122,0.724487
0.266602,-0.098633,1.002441
-0.083374,-0.393677,0.742310
-0.402588,0.206787,0.865112
0.393188,-0.301147,0.947266
-0.545898,-0.061890,0.707031
0.177856,-0.007568,1.000000
-0.032837,-0.398804,0.767578
-0.452759,0.198364,0.834839
0.407837,-0.266602,0.961548
-0.508301,-0.104370,0.709473
0.119141,0.050903,1.016724
0.042847,-0.415283,0.794312
-0.522095,0.222412,0.828979
0.426147,-0.227905,0.982056
-0.438599,-0.102051,0.740601
0.052490,0.125977,1.030518
0.128418,-0.444946,0.818359
-0.577759,0.195679,0.803101
0.431519,-0.192993,1.005005
-0.362671,-0.134033,0.750610
-0.023315,0.185425,1.011108
0.200195,-0.402954,0.853882
-0.597290,0.133423,0.774414
0.433716,-0.183960,1.005493
-0.304810,-0.187622,0.726074
-0.080444,0.206665,0.982666
0.256714,-0.393677,0.861206
-0.610596,0.126099,0.766113
0.425171,-0.186279,1.010498
-0.234131,-0.251343,0.745728
-0.136597,0.194458,0.962402
0.308472,-0.380859,0.898193
-0.607666,0.094727,0.749146
0.407837,-0.138306,1.025757
-0.164551,-0.326050,0.737427
-0.208740,0.196167,0.925659
0.347290,-0.367432,0.915039
-0.591309,0.078369,0.752563
0.374023,-0.100830,1.024780
-0.123169,-0.326416,0.754639
-0.270508,0.204590,0.904175
0.375244,-0.366455,0.922485
-0.574463,0.041870,0.745361
0.332031,-0.056763,1.025879
-0.070679,-0.367432,0.730957
-0.308472,0.200928,0.869141
0.388184,-0.316040,0.932007
-0.552734,-0.014404,0.729126
0.299072,-0.067993,1.002075
-0.035889,-0.396362,0.751587
-0.358765,0.198730,0.856934
0.411499,-0.284180,0.948975
-0.525513,-0.034180,0.729126
0.223267,-0.028442,0.998535
0.015137,-0.427368,0.769043
-0.413818,0.174316,0.822388
0.421875,-0.269287,0.960693
-0.489136,-0.052734,0.741089
0.155273,0.026367,1.006226
0.077637,-0.440308,0.788940
-0.470703,0.171265,0.803955
0.433105,-0.233643,0.977295
-0.435547,-0.098511,0.750366
0.079102,0.089844,1.009521
0.132202,-0.441284,0.816528
-0.522949,0.131470,0.781738
0.449707,-0.199097,1.002686
-0.352783,-0.129883,0.761475
-0.025391,0.156982,0.991699
0.221436,-0.455566,0.841919
-0.554077,0.086426,0.759888
0.436523,-0.192627,1.016357
-0.244019,-0.232544,0.764282
-0.115967,0.218506,0.986572
0.279541,-0.409668,0.881958
-0.572388,0.048950,0.743042
0.430176,-0.206299,1.023560
-0.160767,-0.304199,0.762207
-0.180908,0.216797,0.953247
0.341309,-0.367188,0.917480
-0.563232,0.044312,0.753540
0.373535,-0.150635,1.014893
-0.077148,-0.362427,0.778076
-0.240356,0.187134,0.919800
0.389038,-0.377441,0.932861
-0.534790,0.000977,0.762207
0.303467,-0.072632,0.998779
-0.006836,-0.398682,0.770508
-0.307373,0.158203,0.870605
0.412598,-0.366943,0.955811
-0.512695,-0.090088,0.744141
0.252686,-0.045044,1.010742
0.023926,-0.415527,0.764771
-0.369385,0.154541,0.846558
0.451660,-0.345947,0.964478
-0.481079,-0.110474,0.755859
0.179321,-0.024780,1.000244
0.069580,-0.453613,0.772583
-0.429810,0.151855,0.814209
0.466553,-0.300659,0.986816
-0.430176,-0.139160,0.760498
0.106445,0.017090,0.993286
0.120239,-0.463013,0.793823
-0.459595,0.117310,0.786255
0.472290,-0.277832,0.997437
-0.386108,-0.165405,0.765625
0.035034,0.075073,1.005737
0.204956,-0.491211,0.835693
-0.503906,0.062378,0.751953
0.447388,-0.241211,1.009277
-0.315552,-0.193726,0.781494
-0.024048,0.114990,1.013306
0.286987,-0.491577,0.873779
-0.531006,0.053467,0.744263
0.428467,-0.202515,1.023804
-0.243652,-0.212402,0.786621
-0.083618,0.144409,1.003418
0.340332,-0.478516,0.915039
-0.541870,0.034668,0.750244
0.408813,-0.147583,1.041016
-0.154053,-0.258057,0.809448
-0.151733,0.164185,0.981079
0.383789,-0.460571,0.936768
-0.523804,-0.001831,0.772583
0.374634,-0.109741,1.050415
-0.063354,-0.317749,0.811157
-0.209717,0.177002,0.973145
0.424927,-0.443848,0.957275
-0.509277,-0.062256,0.756226
0.334351,-0.095093,1.044312
0.022217,-0.384033,0.817749
-0.268433,0.175659,0.939697
0.450073,-0.391724,0.980347
-0.459473,-0.120605,0.768921
0.293335,-0.058838,1.055054
0.069092,-0.414917,0.821655
-0.321777,0.164307,0.918701
0.481567,-0.334839,1.024414
-0.428345,-0.163086,0.762573
0.213989,-0.028931,1.041626
0.117798,-0.426636,0.844360
-0.376221,0.131836,0.874756
0.496704,-0.262085,1.052124
-0.371460,-0.189087,0.766113
0.135620,0.037598,1.058960
0.211304,-0.511353,0.859985
-0.442139,0.069214,0.821045
0.517944,-0.238281,1.074463
-0.304077,-0.195190,0.793945
0.044800,0.123535,1.057739
0.299438,-0.514893,0.897339
-0.471924,0.037964,0.798950
0.502075,-0.209351,1.081055
-0.226562,-0.226929,0.815796
-0.026001,0.177490,1.061890
0.354614,-0.477905,0.928589
-0.478027,0.024902,0.806274
0.479858,-0.181396,1.103027
-0.141479,-0.242310,0.849243
-0.082031,0.202637,1.052002
0.402100,-0.426880,0.985474
-0.486206,0.010986,0.807861
0.461792,-0.155273,1.109375
-0.060791,-0.304810,0.867920
-0.146362,0.219482,1.049316
0.463135,-0.387695,1.022949
-0.460938,-0.021729,0.809448
0.404175,-0.084595,1.117432
0.033325,-0.381714,0.866821
-0.187988,0.190186,1.035156
0.496338,-0.358032,1.058838
-0.440308,-0.058228,0.814453
0.354248,-0.026855,1.116821
0.072144,-0.375732,0.878296
-0.233765,0.190430,1.009033
0.508545,-0.292114,1.093750
-0.410400,-0.131958,0.799683
0.314575,-0.023804,1.125854
0.124390,-0.381226,0.914062
-0.293701,0.195312,0.994507
0.523193,-0.258423,1.113525
-0.370850,-0.176636,0.811157
0.254883,0.009644,1.127441
0.201050,-0.404785,0.944336
-0.343018,0.154541,0.940796
0.546021,-0.245605,1.116821
-0.322998,-0.203491,0.825562
0.180420,0.047729,1.107422
0.280762,-0.431763,0.963013
-0.391968,0.107422,0.870117
0.545166,-0.187988,1.138916
-0.255981,-0.206543,0.839233
0.089600,0.104614,1.099731
0.351196,-0.433716,1.009155
-0.434204,0.077271,0.859985
0.538086,-0.136230,1.169312
-0.193970,-0.231567,0.855103
-0.005737,0.167236,1.096924
0.418579,-0.414795,1.033081
-0.442261,0.000366,0.843750
0.515625,-0.099243,1.182129
-0.078125,-0.296387,0.875610
-0.095825,0.225220,1.096558
0.458496,-0.367920,1.050293
-0.432861,-0.057617,0.838257
0.473022,-0.086182,1.179932
0.010864,-0.317261,0.895996
-0.179565,0.230225,1.055420
0.495239,-0.304565,1.076538
-0.422119,-0.090088,0.828369
0.405029,-0.054199,1.169312
0.062866,-0.357910,0.907104
-0.265503,0.220581,1.024414
0.537720,-0.280396,1.115601
-0.396729,-0.119751,0.817993
0.315430,0.005981,1.168701
0.146240,-0.392334,0.924316
-0.325439,0.163452,0.955322
0.546265,-0.251465,1.124268
-0.340088,-0.191162,0.824585
0.214722,0.050171,1.140381
0.229370,-0.409546,0.951294
-0.394897,0.118530,0.902588
0.561768,-0.226929,1.136963
-0.276489,-0.225952,0.828979
0.093628,0.143433,1.120483
0.308228,-0.410767,0.969116
-0.437256,0.082764,0.881592
0.536011,-0.190186,1.149170
-0.210449,-0.275391,0.837524
0.014648,0.150391,1.087769
0.357178,-0.375244,0.989502
-0.454468,0.026001,0.837646
0.517456,-0.164673,1.153198
-0.088379,-0.320435,0.849731
-0.102905,0.183350,1.061157
0.409058,-0.367798,1.013916
-0.456299,-0.033813,0.824829
0.476318,-0.121826,1.165161
-0.079224,-0.307617,0.836670
-0.202881,0.212891,1.044800
0.458252,-0.338379,1.055298
-0.463257,-0.107178,0.796509
0.395142,-0.064453,1.154907
-0.018433,-0.336792,0.844360
-0.289307,0.226074,1.002563
0.496826,-0.310181,1.072388
-0.439209,-0.131348,0.779541
0.298340,-0.036621,1.129883
0.055542,-0.362305,0.876099
-0.357910,0.169312,0.917725
0.504395,-0.256226,1.093140
-0.403931,-0.193237,0.770874
0.182007,0.024780,1.098022
0.145752,-0.424805,0.889526
-0.436646,0.132080,0.881226
0.503906,-0.214966,1.101929
-0.348022,-0.218750,0.784180
0.073120,0.090576,1.074097
0.218750,-0.422119,0.913818
-0.478760,0.088623,0.848022
0.488159,-0.212036,1.085815
-0.250122,-0.278442,0.786499
-0.020386,0.127930,1.049438
0.287598,-0.425293,0.915527
-0.515869,0.043213,0.812988
0.471924,-0.178833,1.095947
-0.199585,-0.304321,0.770874
-0.107422,0.133423,1.017334
0.334229,-0.369385,0.948486
-0.536011,-0.005127,0.773071
0.432617,-0.168823,1.097168
-0.163086,-0.328857,0.764038
-0.219604,0.175659,0.977417
0.375122,-0.336426,0.978882
-0.539307,-0.042969,0.757568
0.379883,-0.149414,1.087891
-0.126099,-0.329224,0.775146
-0.313965,0.183960,0.933594
0.408447,-0.331177,0.990112
-0.527832,-0.065796,0.744019
0.309082,-0.091553,1.078125
-0.058960,-0.369873,0.794067
-0.385498,0.175293,0.897217
0.426758,-0.310913,1.001099
-0.503906,-0.101562,0.716919
0.197998,-0.020020,1.054810
0.017334,-0.388306,0.828369
-0.462891,0.182373,0.878784
0.440918,-0.290039,1.015137
-0.488892,-0.141113,0.722534
0.100342,0.051392,1.033813
0.115356,-0.394043,0.855835
-0.523804,0.161255,0.839233
0.427490,-0.240845,1.017944
-0.392700,-0.222900,0.729248
0.014038,0.100098,1.026245
0.181274,-0.425537,0.854858
-0.567383,0.121826,0.797729
0.433228,-0.210571,1.029907
-0.312134,-0.259155,0.736572
-0.080200,0.111450,0.991577
0.254028,-0.422852,0.894165
-0.576782,0.059814,0.759155
0.398315,-0.164795,1.034668
-0.237305,-0.292969,0.726440
-0.186279,0.162964,0.977417
0.303467,-0.411743,0.905029
-0.592529,0.022583,0.740234
0.368530,-0.142822,1.031494
-0.176270,-0.336914,0.724121
-0.296509,0.207642,0.935791
0.362671,-0.361206,0.934814
-0.583496,-0.025146,0.722046
0.312012,-0.110352,1.031250
-0.129028,-0.361694,0.737061
-0.385864,0.215210,0.888550
0.397949,-0.325439,0.955078
-0.554810,-0.059082,0.708252
0.202026,-0.039917,1.014526
-0.043579,-0.407959,0.780640
-0.468750,0.216553,0.854980
0.412109,-0.284424,0.977661
-0.518311,-0.093140,0.706177
0.095825,0.044922,1.011108
0.058350,-0.412231,0.810059
-0.541626,0.197754,0.838257
0.414551,-0.242554,0.995239
-0.420654,-0.168945,0.725708
0.002808,0.135620,1.013062
0.145386,-0.418945,0.831665
-0.586304,0.144653,0.791504
0.435425,-0.205078,1.019653
-0.301270,-0.248901,0.728516
-0.082886,0.178467,0.983765
0.229492,-0.358398,0.877686
-0.615112,0.115112,0.760620
0.413452,-0.197754,1.008789
-0.206299,-0.357422,0.712891
-0.173828,0.170410,0.948730
0.290771,-0.336304,0.887085
-0.614502,0.113037,0.739624
0.373291,-0.154541,1.009399
-0.141357,-0.362671,0.733276
-0.260864,0.172485,0.905273
0.357666,-0.351685,0.916382
-0.604858,0.079224,0.722290
0.310059,-0.067505,0.997559
-0.103027,-0.369995,0.719238
-0.326416,0.194946,0.887207
0.401367,-0.340942,0.938843
-0.577148,0.006714,0.710083
0.222534,-0.001465,0.989746
-0.022949,-0.400269,0.753662
-0.409302,0.192139,0.864136
0.406982,-0.288696,0.957764
-0.545532,-0.070068,0.696533
0.167603,0.023438,1.002319
0.027954,-0.390503,0.789795
-0.480591,0.211914,0.834106
0.418091,-0.234253,0.977417
-0.465698,-0.123535,0.729004
0.077637,0.078735,1.014160
0.095459,-0.399536,0.811646
-0.534790,0.188721,0.802856
0.443604,-0.196533,1.000977
-0.352295,-0.143433,0.759399
-0.022339,0.161621,0.997559
0.195312,-0.430786,0.831055
-0.580200,0.134644,0.770386
0.432617,-0.163086,1.017822
-0.249268,-0.215088,0.751587
-0.115234,0.196899,0.975098
0.274170,-0.414917,0.877075
-0.603394,0.092285,0.751099
0.429932,-0.151611,1.029663
-0.143066,-0.309326,0.746582
-0.215210,0.238159,0.935303
0.339844,-0.356201,0.899902
-0.580078,0.059814,0.756104
0.374146,-0.134521,1.011597
-0.073242,-0.369019,0.753906
-0.278809,0.206299,0.882324
0.381104,-0.324341,0.923340
-0.561768,0.010864,0.726318
0.299072,-0.083496,0.986572
-0.022217,-0.402344,0.751343
-0.345947,0.172485,0.850098
0.425293,-0.297729,0.942505
-0.524170,-0.049194,0.722290
0.199219,-0.020020,0.979370
0.038208,-0.436279,0.772217
-0.410034,0.141602,0.818848
0.444214,-0.255005,0.980225
-0.472412,-0.077026,0.740234
0.104736,0.101807,1.013794
0.091553,-0.444580,0.783813
-0.466675,0.113770,0.799072
0.448975,-0.263428,0.981079
-0.413452,-0.094849,0.763306
0.042847,0.137207,1.003052
0.164062,-0.406250,0.818604
-0.538940,0.106445,0.752075
0.454102,-0.240845,1.009766
-0.327271,-0.195435,0.765747
-0.034668,0.153687,1.012085
0.236816,-0.441406,0.848999
-0.565186,0.104614,0.756470
0.445923,-0.230591,1.010376
-0.229858,-0.227905,0.778809
-0.130493,0.201660,0.974976
0.311401,-0.447998,0.887695
-0.559082,0.022217,0.737183
0.404785,-0.157593,1.029297
-0.149658,-0.276611,0.771362
-0.183228,0.194580,0.955811
0.361938,-0.413330,0.925171
-0.555420,0.004028,0.753296
0.360107,-0.123047,1.026001
-0.023804,-0.375854,0.789185
-0.285889,0.211426,0.916748
0.392822,-0.388916,0.941040
-0.520508,-0.099243,0.726685
0.301392,-0.126099,1.000732
0.026245,-0.412964,0.785645
-0.337036,0.202881,0.886475
0.427490,-0.322266,0.959961
-0.484375,-0.108765,0.746826
0.209106,-0.069580,0.989258
0.091675,-0.498779,0.782349
-0.388062,0.119019,0.830322
0.436401,-0.277954,0.980957
-0.433594,-0.105835,0.771240
0.114380,0.026001,1.009277
0.149048,-0.493896,0.807251
-0.455566,0.073486,0.800659
0.458618,-0.244263,1.020874
-0.360474,-0.157715,0.767578
0.011353,0.120361,1.016113
0.252075,-0.506836,0.860718
-0.489624,0.009399,0.761963
0.456665,-0.222290,1.044067
-0.262573,-0.231201,0.781982
-0.066528,0.168945,1.017700
0.306274,-0.449341,0.917969
-0.516724,-0.008789,0.764282
0.441528,-0.209229,1.062500
-0.137451,-0.314331,0.816040
-0.155762,0.237793,1.008667
0.363647,-0.382080,0.953003
-0.513916,0.001709,0.780640
0.399292,-0.176025,1.062012
-0.041504,-0.386108,0.827148
-0.188721,0.180298,0.985229
0.402466,-0.352173,0.982788
-0.503296,-0.025635,0.762207
0.366699,-0.135132,1.058472
0.042725,-0.449707,0.835693
-0.249634,0.167725,0.955933
0.448608,-0.350708,1.006226
-0.460815,-0.081299,0.754517
0.312622,-0.053833,1.074829
0.067139,-0.440796,0.841309
-0.295044,0.138916,0.941772
0.492798,-0.325195,1.043457
-0.437256,-0.110596,0.772583
0.248047,-0.017212,1.062622
0.112549,-0.441895,0.860718
-0.338135,0.129150,0.920166
0.505859,-0.268677,1.078369
-0.401245,-0.159912,0.774902
0.213989,0.014038,1.083252
0.184326,-0.463379,0.877686
-0.401001,0.136597,0.882446
0.543213,-0.265381,1.099487
-0.334839,-0.197876,0.789307
0.139038,0.088013,1.077515
0.252319,-0.458740,0.912109
-0.413818,0.069824,0.847290
0.529419,-0.254639,1.105835
-0.299072,-0.223145,0.797363
0.084473,0.147339,1.089355
0.315308,-0.439209,0.947266
-0.453857,0.062622,0.834839
0.543579,-0.222412,1.134888
-0.232178,-0.226685,0.830566
0.002563,0.214966,1.087036
0.365234,-0.422729,0.980469
-0.451538,0.012451,0.844604
0.515015,-0.191528,1.140259
-0.124390,-0.265137,0.874390
-0.057861,0.249268,1.080200
0.401001,-0.359253,1.017822
-0.454956,-0.011597,0.840088
0.501343,-0.145874,1.160278
-0.038086,-0.316772,0.884644
-0.112061,0.210571,1.076172
0.450928,-0.338379,1.047119
-0.472534,-0.040405,0.808228
0.449097,-0.102173,1.160278
0.047119,-0.376953,0.895630
-0.156128,0.243896,1.070801
0.477173,-0.285034,1.061768
-0.419434,-0.078125,0.786255
0.207520,0.017944,1.059326
0.093262,-0.449097,0.897461
-0.358765,0.070312,0.906006
0.550903,-0.281494,1.116211
-0.365356,-0.156616,0.797485
0.110107,0.138672,1.072876
0.296509,-0.479492,0.933472
-0.413696,0.039795,0.867065
0.533691,-0.235962,1.125854
-0.264771,-0.225830,0.832153
0.039795,0.177490,1.077148
0.344116,-0.420410,0.967773
-0.467041,0.025024,0.832642
0.520630,-0.221069,1.141846
-0.134888,-0.307617,0.864502
-0.041504,0.224976,1.081421
0.386597,-0.369995,0.999634
-0.470337,0.023560,0.824341
0.504883,-0.170532,1.154541
-0.020874,-0.371460,0.886230
-0.083740,0.200928,1.095215
0.429321,-0.356689,1.021606
-0.472412,0.005737,0.818970
0.448486,-0.120850,1.141846
0.046021,-0.393799,0.892212
-0.119385,0.175781,1.078857
0.454590,-0.309692,1.065796
-0.459839,-0.017944,0.823730
0.430786,-0.100220,1.156738
0.043091,-0.389160,0.895508
-0.201172,0.199585,1.056763
0.503906,-0.288940,1.107666
-0.428101,-0.071777,0.819824
0.382202,-0.016113,1.167969
0.087280,-0.372681,0.907715
-0.266602,0.219482,1.021118
0.539551,-0.279419,1.137573
-0.389771,-0.157227,0.809814
0.313721,0.003418,1.153564
0.139160,-0.371704,0.922729
-0.304199,0.170410,0.956177
0.564697,-0.266724,1.141846
-0.352661,-0.201660,0.812256
0.253906,0.032227,1.145874
0.209961,-0.388794,0.939331
-0.368896,0.156006,0.922974
0.558350,-0.245972,1.126831
-0.302856,-0.210083,0.835205
0.161133,0.070923,1.125488
0.291626,-0.403198,0.971191
-0.426392,0.133423,0.893066
0.538696,-0.183594,1.139404
-0.230957,-0.232788,0.848511
0.055542,0.120483,1.103638
0.355347,-0.395264,0.999634
-0.448853,0.038086,0.867432
0.531494,-0.159790,1.159790
-0.112915,-0.306396,0.849609
-0.061401,0.191772,1.088379
0.401978,-0.359619,1.008911
-0.468872,-0.021240,0.824219
0.497437,-0.110596,1.177002
-0.055176,-0.337891,0.843750
-0.153931,0.194946,1.055908
0.425781,-0.317627,1.044800
-0.483154,-0.037109,0.795532
0.437256,-0.093262,1.167969
-0.015991,-0.343628,0.864746
-0.256226,0.220703,1.024658
0.484985,-0.299561,1.072876
-0.454346,-0.071777,0.789185
0.348267,-0.044678,1.146240
0.052856,-0.367432,0.891602
-0.314209,0.171143,0.962891
0.499268,-0.270996,1.089478
-0.427979,-0.123779,0.758789
0.243652,0.016235,1.128540
0.139893,-0.449341,0.889893
-0.399780,0.147339,0.918213
0.510132,-0.245483,1.088501
-0.384155,-0.162354,0.781860
0.127075,0.096802,1.090210
0.198853,-0.416138,0.902344
-0.458130,0.086792,0.854370
0.505981,-0.223511,1.098999
-0.316528,-0.239990,0.780396
0.044067,0.132690,1.071411
0.234009,-0.388550,0.903320
-0.503540,0.037964,0.805786
0.504028,-0.246948,1.094360
-0.212646,-0.328613,0.778564
-0.054565,0.191528,1.060547
0.275146,-0.380493,0.895020
-0.522949,0.023071,0.791016
0.475708,-0.247559,1.081909
-0.175415,-0.356445,0.764526
-0.132202,0.164062,1.005493
0.322510,-0.346436,0.933838
-0.568604,0.028687,0.761963
0.420776,-0.210571,1.071533
-0.148438,-0.382568,0.754761
-0.201172,0.144165,0.979492
0.349854,-0.336426,0.945557
-0.587402,0.062378,0.742676
0.382202,-0.165405,1.066284
-0.115356,-0.381714,0.781738
-0.287720,0.173218,0.954102
0.373901,-0.326050,0.969482
-0.570801,0.026489,0.744263
0.301147,-0.094360,1.048462
-0.078369,-0.381836,0.788086
-0.356934,0.178101,0.918701
0.407471,-0.319946,0.984253
-0.546021,-0.054199,0.726562
0.221558,-0.026245,1.053833
-0.042114,-0.370483,0.792969
-0.421143,0.181519,0.892334
0.430420,-0.303467,1.009155
-0.520630,-0.096924,0.724121
0.130737,0.039917,1.020386
0.030151,-0.379883,0.809692
-0.489136,0.155518,0.850342
0.427002,-0.273193,1.009766
-0.477539,-0.147827,0.714111
0.073853,0.061523,1.023804
0.101685,-0.408447,0.824829
-0.555298,0.176880,0.816284
0.441162,-0.242310,1.011963
-0.388184,-0.176270,0.743408
-0.008057,0.102539,1.026611
0.167358,-0.465210,0.833008
-0.596436,0.124023,0.778931
0.418091,-0.200073,1.016357
-0.287109,-0.227417,0.741455
-0.095581,0.181519,1.008057
0.248291,-0.418945,0.876831
-0.617920,0.078369,0.745972
0.399414,-0.171265,1.019653
-0.225830,-0.293579,0.729980
-0.173218,0.180786,0.974976
0.296753,-0.375854,0.894775
-0.615967,0.054199,0.739136
0.372803,-0.167236,1.008545
-0.168701,-0.355347,0.714722
-0.266479,0.197266,0.924316
0.346924,-0.340088,0.925415
-0.596191,0.013672,0.719482
0.311157,-0.103149,1.006470
-0.116455,-0.376953,0.719849
-0.338501,0.202393,0.892578
0.386719,-0.320312,0.945190
-0.582642,-0.030151,0.689453
0.228027,-0.043213,1.006226
-0.048340,-0.417847,0.750488
-0.421875,0.205933,0.861328
0.391235,-0.259521,0.949707
-0.538818,-0.038818,0.702881
0.139648,0.037720,1.013916
0.040039,-0.419678,0.789551
-0.503296,0.182373,0.840820
0.421509,-0.242920,0.974487
-0.449829,-0.067627,0.744873
0.048950,0.130615,1.002930
0.141846,-0.375488,0.841187
-0.582275,0.153076,0.776855
0.415283,-0.175537,1.012817
-0.300903,-0.189941,0.745850
-0.043213,0.210815,1.011841
0.211304,-0.374756,0.863037
-0.600952,0.097168,0.759766
0.415771,-0.159546,1.022461
-0.222046,-0.285522,0.722900
-0.123535,0.229248,0.988403
0.304443,-0.359985,0.885498
-0.622925,0.118286,0.756592
0.378418,-0.162842,1.003418
-0.124390,-0.359375,0.731323
-0.228149,0.189819,0.908936
0.360474,-0.324463,0.920288
-0.580933,0.104126,0.766357
0.313354,-0.087036,1.003662
-0.054199,-0.406616,0.741455
-0.315918,0.150635,0.852295
0.382446,-0.279297,0.941772
-0.539673,0.019043,0.735962
0.236694,0.017944,0.995972
0.025024,-0.417847,0.761597
-0.422974,0.169556,0.812256
0.412354,-0.285522,0.949707
-0.497437,-0.057007,0.735596
0.152222,0.052124,1.010254
0.082153,-0.425659,0.795166
-0.487061,0.175293,0.809448
0.426758,-0.218628,0.980469
-0.423706,-0.107056,0.743042
0.082153,0.083374,1.013184
0.138916,-0.429199,0.816895
-0.545166,0.152344,0.790894
0.457397,-0.244507,0.988525
-0.345215,-0.166870,0.751709
-0.034668,0.198120,1.003784
0.234375,-0.396240,0.866699
-0.562378,0.109253,0.765259
0.432007,-0.205200,1.012817
-0.234985,-0.224365,0.772827
-0.116333,0.201660,0.970703
0.294067,-0.396729,0.890381
-0.573364,0.041260,0.752197
0.407104,-0.177124,1.024536
-0.154663,-0.303711,0.764648
-0.162842,0.192993,0.953369
0.328247,-0.345703,0.914429
-0.570312,0.050781,0.759155
0.381348,-0.157471,1.026489
-0.077759,-0.385742,0.770630
-0.226074,0.168457,0.909546
0.368042,-0.328979,0.932129
-0.552979,0.022339,0.747559
0.347412,-0.119385,1.016113
-0.027344,-0.404175,0.780640
-0.281494,0.153198,0.870239
0.402710,-0.350098,0.947754
-0.525269,-0.041260,0.747314
0.290039,-0.062744,1.020752
0.020386,-0.437988,0.766235
-0.348511,0.146973,0.848877
0.435791,-0.363770,0.964355
-0.502930,-0.076050,0.747070
0.231079,-0.029663,1.017700
0.055054,-0.436401,0.771362
-0.395142,0.146851,0.834839
0.455933,-0.352783,0.980713
-0.445801,-0.134033,0.757324
0.167236,0.022827,1.018188
0.090698,-0.439087,0.791016
-0.426514,0.144775,0.825684
0.476685,-0.330322,0.990723
-0.421143,-0.156860,0.749634
0.103760,0.060913,1.016724
0.161621,-0.462036,0.819214
-0.468628,0.111084,0.801270
0.473999,-0.299561,1.003174
-0.369141,-0.181763,0.763672
0.040649,0.090210,1.014526
0.238159,-0.475098,0.865479
-0.481323,0.061279,0.776245
0.456299,-0.258911,1.016602
-0.296265,-0.211548,0.791138
-0.028931,0.114502,1.005859
0.299194,-0.483521,0.899658
-0.508301,0.028442,0.751831
0.439575,-0.186035,1.061646
-0.209717,-0.256470,0.805908
-0.073975,0.148682,1.015625
0.343872,-0.470825,0.924194
-0.523438,0.030396,0.761841
0.428589,-0.142090,1.072021
-0.126587,-0.263916,0.824951
-0.135498,0.201660,1.032104
0.389771,-0.461060,0.951294
-0.500000,-0.026855,0.763672
0.403687,-0.122070,1.068726
-0.058228,-0.308716,0.833496
-0.178223,0.206299,1.015747
0.430786,-0.404907,0.993774
-0.476562,-0.059814,0.779419
0.369995,-0.079224,1.090576
0.032593,-0.383179,0.844727
-0.237549,0.181152,0.977051
0.476074,-0.352539,1.036621
-0.453003,-0.105957,0.777100
0.332275,-0.038818,1.096313
0.072632,-0.396484,0.847534
-0.282349,0.159668,0.950684
0.501099,-0.311523,1.064331
-0.414917,-0.140991,0.790894
0.261841,-0.025879,1.081787
0.146240,-0.403076,0.904541
-0.348755,0.160278,0.931519
0.527466,-0.266724,1.097046
-0.360840,-0.182983,0.793579
0.185913,0.050781,1.086548
0.224731,-0.458862,0.914429
-0.395020,0.095459,0.870117
0.555054,-0.234009,1.130005
-0.283691,-0.203491,0.812744
0.082886,0.143188,1.083374
0.307861,-0.473511,0.940552
-0.425903,0.051147,0.854004
0.531982,-0.210815,1.138550
-0.216919,-0.262573,0.828369
0.019287,0.179688,1.093506
0.359497,-0.414429,0.988403
-0.455322,0.036865,0.839478
0.517578,-0.170654,1.148071
-0.127197,-0.281250,0.869995
-0.039795,0.211182,1.105225
0.400024,-0.383667,1.000366
-0.451904,0.015625,0.834351
0.508179,-0.137329,1.168945
-0.037476,-0.303833,0.900269
-0.107910,0.236816,1.087036
0.444092,-0.355591,1.041382
-0.454834,-0.029297,0.830811
0.478882,-0.124634,1.182373
0.022095,-0.354370,0.894165
-0.142456,0.222290,1.068115
0.467285,-0.310425,1.066406
-0.441406,-0.052979,0.819580
0.432129,-0.083008,1.176758
0.018799,-0.378662,0.890869
-0.178345,0.197632,1.064087
0.509277,-0.283203,1.105469
-0.461792,-0.024658,0.803467
0.378052,-0.052124,1.166382
0.075195,-0.414307,0.914673
-0.235229,0.184448,1.041260
0.522461,-0.262817,1.130005
-0.437744,-0.067139,0.809082
0.347168,-0.033447,1.154297
0.104736,-0.366943,0.941528
-0.286255,0.164307,0.976318
0.551147,-0.249390,1.144043
-0.388916,-0.133423,0.796875
0.284424,0.030029,1.158569
0.166382,-0.421631,0.929199
-0.349365,0.151855,0.952515
0.563477,-0.276489,1.125854
-0.360229,-0.154663,0.816284
0.228394,0.039062,1.129761
0.197754,-0.396240,0.945923
-0.379517,0.140503,0.916748
0.550293,-0.234497,1.123047
-0.319580,-0.226562,0.815308
0.160889,0.062012,1.128052
0.231689,-0.414673,0.937988
-0.422241,0.137695,0.893555
0.544800,-0.218384,1.127441
-0.300781,-0.214478,0.822510
0.090820,0.091187,1.091431
0.289429,-0.408447,0.956665
-0.450317,0.098267,0.869385
0.527222,-0.182495,1.130493
-0.226318,-0.264038,0.821533
0.017944,0.138916,1.071655
0.312134,-0.395020,0.954102
-0.470093,0.033325,0.846924
0.505615,-0.179199,1.133667
-0.162964,-0.309082,0.809570
-0.050293,0.153320,1.050903
0.334351,-0.373535,0.965698
-0.491821,-0.015747,0.811523
0.472290,-0.165771,1.131592
-0.134766,-0.347290,0.783691
-0.124146,0.178711,1.032959
0.360962,-0.337646,0.965210
-0.508911,-0.024780,0.788696
0.443970,-0.174072,1.116699
-0.122803,-0.361206,0.789673
-0.204346,0.177734,0.987671
0.402710,-0.338501,1.002563
-0.523071,-0.029175,0.768677
0.378662,-0.108521,1.112061
-0.094727,-0.361328,0.805664
-0.263916,0.167480,0.969238
0.419800,-0.333862,1.009155
-0.534180,-0.058838,0.738525
0.325317,-0.058960,1.102661
-0.055786,-0.337402,0.814453
-0.344116,0.177979,0.946045
0.450684,-0.359009,1.014648
-0.513428,-0.085693,0.735107
0.242310,-0.011719,1.082275
-0.014282,-0.349854,0.832520
-0.388184,0.141479,0.896362
0.440552,-0.315308,1.027222
-0.497559,-0.131836,0.724731
0.191162,-0.011597,1.057983
0.053101,-0.405640,0.819580
-0.466064,0.194824,0.875732
0.438354,-0.255127,1.027588
-0.469727,-0.131714,0.749146
0.101196,0.030273,1.041870
0.122192,-0.427734,0.847168
-0.529297,0.151978,0.832642
0.436646,-0.261353,1.013550
-0.387451,-0.211670,0.745728
0.007690,0.092407,1.027466
0.172974,-0.392822,0.865479
-0.556152,0.122437,0.805054
0.425293,-0.224365,1.024414
-0.319580,-0.260986,0.731079
-0.061890,0.096802,0.996338
0.231323,-0.414429,0.874023
-0.576904,0.101196,0.780273
0.406982,-0.177124,1.020874
-0.244507,-0.305908,0.715820
-0.170776,0.155396,0.966675
0.302612,-0.417114,0.899292
-0.589966,0.025269,0.751343
0.381348,-0.153198,1.038940
-0.179443,-0.332031,0.737183
-0.286011,0.185059,0.931885
0.347168,-0.367676,0.933594
-0.596069,-0.006470,0.718262
0.306519,-0.107300,1.023926
-0.130493,-0.368286,0.725952
-0.379028,0.195557,0.889404
0.387939,-0.336914,0.950195
-0.550171,-0.046875,0.717163
0.194946,-0.040771,1.013306
-0.042114,-0.389893,0.770996
-0.472656,0.215698,0.856812
0.410278,-0.269409,0.982178
-0.494629,-0.104736,0.719849
0.066406,0.076172,1.000977
0.074951,-0.387451,0.818726
-0.543091,0.164062,0.821167
0.425537,-0.215210,1.010254
-0.373413,-0.215088,0.716675
-0.041016,0.156738,1.004761
0.182373,-0.400024,0.840454
-0.596802,0.130005,0.779419
0.426270,-0.189941,1.022095
-0.241333,-0.284668,0.723633
-0.145752,0.193726,0.966919
0.270386,-0.349243,0.881104
-0.615112,0.091064,0.736328
0.383789,-0.178467,1.006104
-0.156494,-0.363403,0.727295
-0.235840,0.186157,0.924438
0.340576,-0.328735,0.916626
-0.594971,0.066040,0.727051
0.301392,-0.069458,0.994263
-0.081299,-0.385986,0.739624
-0.327759,0.167480,0.873169
0.390869,-0.297852,0.947144
-0.567749,0.010864,0.714478
0.219238,0.000366,0.994141
-0.025269,-0.401489,0.756348
-0.416504,0.188599,0.853638
0.416992,-0.287231,0.957275
-0.520386,-0.047852,0.721558
0.136597,0.051025,1.002319
0.046387,-0.395874,0.777588
-0.488281,0.199341,0.834351
0.430664,-0.218384,0.987793
-0.442627,-0.107788,0.731812
0.061890,0.115234,1.013550
0.130981,-0.416382,0.815552
-0.551758,0.171387,0.794067
0.436279,-0.195923,1.004639
-0.354126,-0.158325,0.743774
-0.019531,0.160156,1.000977
0.208496,-0.414429,0.854126
-0.579102,0.140991,0.767944
0.434082,-0.167603,1.016235
-0.249756,-0.240356,0.741455
-0.114502,0.203735,0.969727
0.280396,-0.387695,0.882690
-0.596558,0.098511,0.758789
0.417236,-0.178955,1.007690
-0.163086,-0.302490,0.761475
-0.183350,0.225098,0.950806
0.337402,-0.358276,0.904419
-0.585327,0.072998,0.749268
0.373657,-0.154297,1.008545
-0.091431,-0.353271,0.763794
-0.251709,0.223145,0.906128
0.377563,-0.332153,0.918457
-0.554077,0.018066,0.744019
0.318848,-0.121338,0.997803
-0.034546,-0.407715,0.751709
-0.326538,0.200806,0.865845
0.413208,-0.299561,0.947998
-0.521362,-0.052368,0.729248
0.235962,-0.065918,0.992798
0.014282,-0.452637,0.756714
-0.385254,0.145630,0.827637
0.441528,-0.299072,0.961670
-0.501953,-0.071777,0.731079
0.147095,0.019043,1.001831
0.093628,-0.468140,0.792603
-0.443237,0.117188,0.810425
0.443237,-0.247070,0.981689
-0.426758,-0.105957,0.748047
0.059082,0.098877,1.004883
0.169556,-0.483154,0.815918
-0.506348,0.096924,0.770508
0.444580,-0.226196,1.005981
-0.343872,-0.153198,0.761108
-0.037964,0.157104,1.000610
0.254761,-0.482300,0.851807
-0.544678,0.043945,0.747070
0.424194,-0.182129,1.023438
-0.215820,-0.234497,0.788818
-0.135620,0.181396,0.978271
0.316650,-0.455566,0.896606
-0.552124,0.032715,0.750854
0.391357,-0.137329,1.040649
-0.096802,-0.315674,0.790894
-0.223145,0.197998,0.951904
0.376709,-0.413208,0.921753
-0.536011,-0.014771,0.739136
0.343750,-0.124023,1.028320
-0.006348,-0.401855,0.791870
-0.284424,0.182373,0.907349
0.412476,-0.372437,0.948242
-0.498657,-0.087402,0.750366
0.272583,-0.069824,1.019409
0.069336,-0.447632,0.791138
-0.368896,0.176636,0.872925
0.446777,-0.322754,0.981689
-0.441284,-0.098389,0.779785
0.173950,-0.007324,1.021606
0.106934,-0.452393,0.813110
-0.413818,0.106201,0.829712
0.483276,-0.270386,1.032104
-0.403320,-0.122803,0.775391
0.067139,0.062988,1.019409
0.204590,-0.499268,0.841309
-0.453613,0.040161,0.778076
0.480347,-0.259766,1.030518
-0.312744,-0.182861,0.787231
-0.021606,0.135010,1.018799
0.306030,-0.504639,0.893921
-0.488770,-0.005005,0.770264
0.447876,-0.194336,1.064697
-0.193359,-0.248779,0.803589
-0.113159,0.211914,1.018555
0.367432,-0.428101,0.943726
-0.505371,-0.019775,0.777710
0.416260,-0.142334,1.092285
-0.055664,-0.355957,0.817627
-0.190308,0.205444,0.999756
0.429077,-0.393677,0.983643
-0.489258,-0.043091,0.780518
0.364624,-0.120117,1.071411
0.060181,-0.416016,0.847656
-0.250732,0.186646,0.966064
0.464478,-0.334595,1.023071
-0.455811,-0.091553,0.771851
0.300171,-0.050781,1.066284
0.093018,-0.402222,0.859619
-0.302246,0.151123,0.945557
0.501099,-0.303223,1.072144
-0.424805,-0.139648,0.769531
0.226929,0.015625,1.077026
0.172363,-0.429688,0.894775
-0.371216,0.133423,0.904663
0.539307,-0.263184,1.095581
-0.346313,-0.170776,0.802002
0.142090,0.086060,1.081299
0.261353,-0.474121,0.916626
-0.406250,0.059692,0.854370
0.517212,-0.222656,1.106567
-0.270264,-0.200317,0.829712
0.073120,0.142090,1.079712
0.339600,-0.441040,0.956787
-0.449707,0.062622,0.838867
0.509644,-0.194092,1.119263
-0.187622,-0.265625,0.849854
-0.012939,0.168091,1.081787
0.387939,-0.407471,0.991943
-0.457642,0.038696,0.843018
0.498047,-0.161011,1.141357
-0.074341,-0.305420,0.888062
-0.088867,0.194702,1.078857
0.423096,-0.373291,1.020996
-0.444336,-0.019531,0.832153
0.475708,-0.113770,1.166382
0.030151,-0.359009,0.900269
-0.164673,0.233643,1.060425
0.463989,-0.333496,1.053711
-0.423706,-0.070679,0.828491
0.428955,-0.075439,1.160156
0.047729,-0.349731,0.911865
-0.223511,0.224731,1.040405
0.504517,-0.288818,1.096069
-0.403687,-0.096191,0.828857
0.365356,-0.037720,1.160645
0.092163,-0.378540,0.923218
-0.288208,0.206421,1.007690
0.547119,-0.269775,1.121338
-0.365601,-0.133301,0.828003
0.275635,0.010010,1.139526
0.181274,-0.400757,0.950684
-0.333740,0.164673,0.946777
0.550537,-0.235107,1.127075
-0.320068,-0.170776,0.834839
0.188477,0.059082,1.121704
0.257324,-0.443481,0.961914
-0.376465,0.118164,0.918213
0.552979,-0.198608,1.142090
-0.269409,-0.204346,0.832886
0.103516,0.132324,1.118042
0.328613,-0.421387,0.984375
-0.420654,0.069214,0.887817
0.542480,-0.181396,1.152344
-0.200317,-0.248413,0.848633
0.007080,0.179077,1.098267
0.375122,-0.383911,1.001953
-0.448242,0.008789,0.857300
0.519287,-0.156860,1.170898
-0.082520,-0.333984,0.860352
-0.074829,0.185303,1.072388
0.395386,-0.345703,1.004395
-0.449829,-0.022705,0.831543
0.501831,-0.152588,1.174805
-0.054565,-0.341064,0.847534
-0.151489,0.182129,1.033813
0.424316,-0.314575,1.027344
-0.467651,-0.041382,0.806519
0.448120,-0.119873,1.173462
-0.023071,-0.351318,0.865601
-0.235352,0.205933,1.029907
0.465454,-0.296509,1.060547
-0.475830,-0.070190,0.794189
0.360840,-0.091553,1.140259
0.038818,-0.350952,0.898926
-0.308350,0.184448,0.968872
0.488403,-0.281372,1.077271
-0.422974,-0.130981,0.785522
0.254517,-0.018066,1.118896
0.101929,-0.414795,0.885254
-0.378296,0.160034,0.923218
0.525757,-0.259644,1.096313
-0.396973,-0.151855,0.782959
0.148560,0.073364,1.091797
0.181274,-0.445557,0.905518
-0.440674,0.097168,0.872925
0.507324,-0.228638,1.095947
-0.344482,-0.200928,0.769165
0.070801,0.145996,1.088013
0.225342,-0.389160,0.909912
-0.489868,0.042358,0.827881
0.489868,-0.254639,1.083740
-0.274170,-0.282715,0.775757
0.007202,0.170044,1.074341
0.267578,-0.385010,0.913574
-0.508057,0.071655,0.834229
0.469238,-0.230957,1.076904
-0.218140,-0.340454,0.761475
-0.098999,0.140503,1.010376
0.315918,-0.392212,0.934204
-0.530273,0.027466,0.786743
0.444702,-0.155273,1.096558
-0.184326,-0.319580,0.758057
-0.189941,0.153076,0.985229
0.349976,-0.410278,0.948486
-0.550659,-0.032349,0.754883
0.411255,-0.113281,1.105103
-0.166138,-0.279907,0.760620
-0.286133,0.203857,0.963501
0.394165,-0.400635,0.968750
-0.541870,-0.072021,0.756348
0.354248,-0.117920,1.075928
-0.138306,-0.315674,0.767822
-0.351318,0.195801,0.903931
0.417114,-0.348145,0.991211
-0.526245,-0.114746,0.730835
0.277832,-0.066895,1.070801
-0.082275,-0.363403,0.770386
-0.422607,0.202271,0.876587
0.427734,-0.319946,0.989868
-0.503418,-0.110474,0.725586
0.184814,-0.011475,1.057373
0.001099,-0.397705,0.805176
-0.491943,0.204834,0.853149
0.416504,-0.294556,0.991455
-0.473389,-0.148193,0.730469
0.095337,0.039307,1.032593
0.087158,-0.427856,0.829346
-0.548096,0.180298,0.820435
0.428101,-0.240234,1.007080
-0.400635,-0.186768,0.733887
0.005371,0.120728,1.031982
0.175781,-0.430664,0.857178
-0.593018,0.142456,0.800293
0.419434,-0.217773,1.007568
-0.308716,-0.247681,0.726929
-0.070923,0.151489,0.992188
0.245239,-0.396362,0.879272
-0.610718,0.091919,0.764771
0.404907,-0.182251,1.024536
-0.244751,-0.321045,0.709717
-0.153687,0.173218,0.965942
0.291138,-0.380859,0.899536
-0.601318,0.053833,0.748535
0.369385,-0.175903,1.019653
-0.194702,-0.358398,0.709106
-0.227539,0.176880,0.938721
0.323486,-0.348022,0.911987
-0.607300,0.040161,0.732178
0.335205,-0.137939,1.024170
-0.139160,-0.376587,0.734741
-0.312866,0.176636,0.890137
0.356323,-0.339722,0.917114
-0.517822,-0.091919,0.704712
0.172363,0.026123,1.040649
-0.086182,-0.374023,0.751343
-0.488892,0.177124,0.856445
0.417969,-0.291992,0.996704
-0.494019,-0.123535,0.712891
0.090576,0.077759,1.024902
0.073730,-0.392334,0.819580
-0.549316,0.152954,0.819946
0.437256,-0.285522,1.007812
-0.414917,-0.190796,0.723145
0.010742,0.135010,1.019653
0.142212,-0.396484,0.829102
-0.576660,0.135376,0.797119
0.426025,-0.253662,0.997803
-0.346802,-0.228149,0.734619
-0.037354,0.128540,0.994141
0.211426,-0.422729,0.852051
-0.604370,0.137207,0.793091
0.406128,-0.191284,1.007935
-0.282593,-0.244873,0.724121
-0.111206,0.162842,0.968384
0.261353,-0.418091,0.877930
-0.608032,0.103271,0.767334
0.399536,-0.157227,1.023438
-0.251953,-0.265869,0.710205
-0.168945,0.166626,0.960083
0.299805,-0.390015,0.899536
-0.608521,0.071533,0.748901
0.380981,-0.135010,1.019287
-0.206055,-0.322998,0.703735
-0.243774,0.179932,0.915039
0.351196,-0.376709,0.917969
-0.603516,0.049927,0.735107
0.355225,-0.112305,1.028809
-0.164062,-0.347656,0.709595
-0.285889,0.177856,0.895386
0.368042,-0.366577,0.920044
-0.597290,0.046997,0.725098
0.322388,-0.070923,1.027222
-0.120850,-0.360596,0.730469
-0.337402,0.187256,0.876831
0.378906,-0.347046,0.923584
-0.569092,0.026367,0.730591
0.281006,-0.034546,1.024292
-0.080933,-0.381226,0.739624
-0.388550,0.203003,0.871216
0.408081,-0.328613,0.947998
-0.557007,-0.030518,0.714478
0.229614,-0.022583,0.998413
-0.029541,-0.397339,0.751221
-0.429443,0.220215,0.854614
0.412231,-0.281616,0.955444
-0.522095,-0.053467,0.713623
0.177979,0.016113,1.002686
0.004150,-0.417847,0.769531
-0.451294,0.199951,0.848389
0.430420,-0.276611,0.964111
-0.501099,-0.036133,0.736450
0.127930,0.067871,1.007568
0.054688,-0.407227,0.788452
-0.495483,0.198486,0.835327
0.432617,-0.239136,0.976074
-0.471680,-0.072632,0.729736
0.088135,0.117188,1.011475
0.112671,-0.398438,0.828979
-0.532837,0.165771,0.805054
0.433228,-0.223145,0.989990
-0.406006,-0.118408,0.743896
0.045532,0.146729,1.021118
0.156372,-0.423828,0.827026
-0.548584,0.151733,0.796631
0.456543,-0.189575,1.022339
-0.372559,-0.143311,0.737793
-0.018188,0.173462,0.998779
0.225952,-0.436279,0.855469
-0.572632,0.142944,0.777588
0.437500,-0.176025,1.014648
-0.290894,-0.197266,0.740112
-0.066284,0.200195,0.994019
0.266968,-0.414795,0.871094
-0.592163,0.100098,0.764893
0.442871,-0.213989,1.017700
-0.234009,-0.222656,0.762207
-0.120605,0.228638,0.969727
0.299194,-0.376587,0.888428
-0.575562,0.052368,0.757202
0.413574,-0.169556,1.026855
-0.146851,-0.293213,0.768799
-0.175049,0.212769,0.941284
0.335449,-0.369873,0.909912
-0.579468,0.065796,0.765381
0.402222,-0.163086,1.031616
-0.088989,-0.357422,0.770508
-0.236450,0.228271,0.933960
0.367554,-0.349121,0.917236
-0.566528,0.032837,0.755615
0.352295,-0.146606,1.000977
-0.032227,-0.411499,0.778076
-0.278320,0.167236,0.877808
0.389404,-0.303101,0.939209
-0.545654,-0.028076,0.721069
0.303345,-0.111572,1.002075
0.016479,-0.444092,0.773560
-0.328003,0.157471,0.856567
0.420654,-0.326294,0.943848
-0.520996,-0.024902,0.743774
0.226685,-0.073120,0.975098
0.056274,-0.459717,0.786987
-0.367920,0.118530,0.824707
0.440430,-0.272705,0.983765
-0.487671,-0.051025,0.745239
0.156128,0.011475,1.004395
0.083008,-0.450806,0.800659
-0.424194,0.091797,0.814453
0.468750,-0.295288,0.998535
-0.438721,-0.113525,0.748779
0.074341,0.118164,1.013550
0.147339,-0.433105,0.818604
-0.467407,0.069092,0.797852
0.474487,-0.296997,1.006836
-0.394897,-0.157104,0.749023
0.027954,0.132202,1.012695
0.211060,-0.429443,0.849365
-0.492676,0.045166,0.759399
0.472534,-0.259644,1.028931
-0.322266,-0.214722,0.775635
-0.029785,0.143066,1.008911
0.256836,-0.471802,0.874512
-0.510986,0.031616,0.755615
0.456055,-0.240845,1.023560
-0.260620,-0.230103,0.791382
-0.093994,0.171509,1.001831
0.330078,-0.460083,0.911987
-0.519409,0.028076,0.760254
0.421265,-0.178101,1.049316
-0.173584,-0.265869,0.807251
-0.153320,0.182251,1.005371
0.371948,-0.458984,0.925903
-0.508545,-0.010864,0.776489
0.391724,-0.134277,1.052246
-0.076538,-0.322998,0.804199
-0.203125,0.190186,0.968872
0.413330,-0.404907,0.960571
-0.498169,-0.073242,0.762695
0.358276,-0.136475,1.051880
0.028198,-0.417114,0.823242
-0.265137,0.190918,0.948853
0.441650,-0.332153,1.002319
-0.467041,-0.102417,0.760620
0.283203,-0.087646,1.040161
0.083618,-0.456299,0.832153
-0.307861,0.147583,0.920288
0.468872,-0.270386,1.031372
-0.433228,-0.076416,0.797852
0.204346,-0.032715,1.037109
0.138794,-0.475098,0.848145
-0.386108,0.110474,0.875366
0.510132,-0.262329,1.066650
-0.378906,-0.154541,0.779297
0.116211,0.073730,1.046509
0.236694,-0.490845,0.887573
-0.416138,0.030029,0.822388
0.513794,-0.230957,1.096802
-0.306763,-0.203613,0.782959
0.024170,0.159546,1.054321
0.315063,-0.476074,0.924561
-0.455566,0.002808,0.812378
0.506226,-0.213501,1.115601
-0.218506,-0.241943,0.823730
-0.051025,0.204956,1.056030
0.368774,-0.433716,0.961304
-0.466675,-0.002686,0.812500
0.473877,-0.171631,1.120239
-0.106567,-0.306885,0.843384
-0.097778,0.221680,1.065552
0.419800,-0.373291,0.999390
-0.482666,0.016602,0.815308
0.441406,-0.163696,1.109009
0.019531,-0.390259,0.877319
-0.150635,0.194580,1.035889
0.446411,-0.333862,1.034546
-0.462524,-0.030640,0.805054
0.409912,-0.116089,1.122314
0.056641,-0.390869,0.890503
-0.207031,0.175537,1.021729
0.473877,-0.305542,1.062744
-0.428467,-0.096069,0.796997
0.364746,-0.069214,1.124146
0.071655,-0.372681,0.897583
-0.261597,0.217651,1.013672
0.536499,-0.291260,1.103394
-0.401489,-0.117676,0.819092
0.305420,-0.038208,1.126709
0.122681,-0.393311,0.924927
-0.311768,0.145386,0.957764
0.560059,-0.255005,1.134155
-0.349121,-0.139893,0.822510
0.226562,0.060303,1.128296
0.220825,-0.420898,0.951172
-0.350708,0.108887,0.916870
0.561523,-0.237915,1.133667
-0.311401,-0.171021,0.831421
0.145020,0.111694,1.108887
0.312378,-0.442505,0.969482
-0.406006,0.103394,0.884155
0.542114,-0.180420,1.149414
-0.244141,-0.216431,0.849854
0.061401,0.151245,1.105103
0.352905,-0.426147,0.995605
-0.430054,0.057251,0.875977
0.541138,-0.177490,1.157715
-0.145752,-0.252441,0.876953
-0.038818,0.195190,1.077759
0.399048,-0.362305,1.020996
-0.426147,-0.029175,0.853394
0.511230,-0.115967,1.185913
-0.025635,-0.337158,0.892700
-0.110718,0.192627,1.065186
0.432861,-0.328613,1.047607
-0.446167,-0.075439,0.813599
0.462036,-0.090332,1.193726
0.008179,-0.362793,0.882324
-0.189087,0.226196,1.056519
0.473145,-0.281494,1.073120
-0.442749,-0.079834,0.811523
0.410889,-0.074463,1.179932
0.073608,-0.357544,0.917969
-0.279175,0.213379,1.007080
0.515503,-0.257202,1.111694
-0.416382,-0.119995,0.796143
0.301025,-0.014160,1.154419
0.166138,-0.416626,0.927002
-0.334595,0.191284,0.966675
0.540894,-0.244629,1.120483
-0.362061,-0.151123,0.817749
0.176147,0.055908,1.118164
0.249512,-0.441650,0.949707
-0.398193,0.111206,0.908813
0.542847,-0.209229,1.131958
-0.287231,-0.192383,0.830688
0.070435,0.121338,1.088501
0.300781,-0.399902,0.963013
-0.437012,0.045410,0.869385
0.535645,-0.193359,1.145020
-0.171021,-0.276001,0.838135
-0.040039,0.170776,1.070312
0.347778,-0.373657,0.968140
-0.456177,-0.010620,0.842163
0.503418,-0.172119,1.155884
-0.107788,-0.320068,0.837891
-0.125610,0.189697,1.052246
0.395752,-0.354126,0.993164
-0.505249,-0.015625,0.798340
0.455444,-0.157471,1.142334
-0.053101,-0.344971,0.841675
-0.217651,0.198853,1.015625
0.434326,-0.319458,1.025513
-0.498291,-0.047974,0.787354
0.377441,-0.088135,1.133057
-0.004639,-0.372925,0.854248
-0.300903,0.176880,0.962646
0.460449,-0.295410,1.060425
-0.469482,-0.089722,0.770264
0.296753,-0.062134,1.105469
0.048828,-0.383911,0.869263
-0.368652,0.151001,0.917603
0.481323,-0.262695,1.075684
-0.425537,-0.147339,0.760986
0.194702,0.027100,1.092163
0.112671,-0.423218,0.860474
-0.433472,0.164062,0.886963
0.498657,-0.260498,1.077271
-0.402710,-0.159180,0.773804
0.095703,0.078125,1.058350
0.166870,-0.410034,0.884521
-0.464355,0.111450,0.868530
0.487549,-0.224976,1.087646
-0.371216,-0.183960,0.767822
0.022583,0.105713,1.039551
0.235718,-0.433716,0.893799
-0.515015,0.074219,0.814819
0.475586,-0.213013,1.087036
-0.264648,-0.257080,0.772461
-0.065308,0.145386,1.012085
0.269409,-0.404907,0.890869
-0.537598,0.040649,0.791748
0.466309,-0.229370,1.078613
-0.209473,-0.327759,0.755737
-0.144653,0.163208,0.992798
0.307739,-0.365967,0.910767
-0.548950,0.000122,0.760620
0.430664,-0.214722,1.060669
-0.170532,-0.350708,0.761353
-0.247070,0.175415,0.953735
0.344971,-0.352539,0.935791
-0.566772,-0.017944,0.751831
0.372314,-0.156860,1.070312
-0.136719,-0.355347,0.760254
-0.332275,0.187866,0.910034
0.391113,-0.338013,0.962036
-0.559692,-0.052368,0.729736
0.305054,-0.106201,1.063110
-0.075806,-0.367920,0.786987
-0.411377,0.206177,0.877441
0.410156,-0.314331,0.984131
-0.516724,-0.085205,0.727539
0.206787,-0.040283,1.041016
-0.002075,-0.402100,0.804688
-0.472534,0.198608,0.860107
0.416626,-0.278198,0.992310
-0.496094,-0.103882,0.727783
0.099365,0.038696,1.034302
0.085693,-0.416138,0.834595
-0.536011,0.158325,0.821045
0.436646,-0.242432,1.016479
-0.392944,-0.171997,0.749878
-0.010010,0.137939,1.018188
0.182983,-0.408569,0.860352
-0.574341,0.099121,0.780640
0.422363,-0.211914,1.023071
-0.288452,-0.273193,0.719604
-0.096924,0.166138,0.985474
0.245728,-0.376343,0.875488
-0.606934,0.071045,0.751587
0.411133,-0.212769,1.035645
-0.206421,-0.367554,0.710083
-0.226440,0.192139,0.947632
0.305420,-0.340454,0.906250
-0.603760,0.040894,0.742188
0.364624,-0.178711,1.028198
-0.148193,-0.392578,0.724609
-0.312988,0.171997,0.887451
0.347412,-0.297852,0.935669
-0.590942,0.027344,0.724854
0.275146,-0.104248,1.009277
-0.089233,-0.410522,0.754761
-0.381348,0.170654,0.878052
0.384033,-0.293945,0.953247
-0.562622,-0.016602,0.692383
0.173584,0.024780,1.010742
0.020630,-0.386230,0.802368
-0.495117,0.183350,0.836060
0.392822,-0.261230,0.969360
-0.475830,-0.131592,0.706665
0.088501,0.116455,1.029785
0.096313,-0.390259,0.817017
-0.575439,0.202759,0.820801
0.420166,-0.251465,0.981323
-0.358032,-0.179688,0.751221
-0.014282,0.123169,0.988647
0.176880,-0.365845,0.858887
-0.599976,0.156982,0.778687
0.419067,-0.171753,1.016235
-0.246216,-0.283691,0.723877
-0.126587,0.173584,0.973877
0.252930,-0.396729,0.870728
-0.589966,0.101685,0.760864
0.400146,-0.135254,1.029907
-0.181152,-0.319946,0.697510
-0.229248,0.226196,0.922241
0.344727,-0.331543,0.915649
-0.605225,0.021240,0.720581
0.340698,-0.153442,1.011841
-0.113037,-0.378418,0.721069
-0.299683,0.202148,0.889648
0.380127,-0.311646,0.916870
-0.579956,0.033813,0.724365
0.242676,-0.045776,0.997192
-0.022095,-0.430420,0.746094
-0.398804,0.179077,0.851440
0.403442,-0.276611,0.941406
-0.523193,-0.018433,0.733398
0.134399,0.075562,1.009888
0.057007,-0.414551,0.786865
-0.493408,0.198975,0.851074
0.434570,-0.252319,0.971436
-0.458130,-0.073120,0.730225
0.071655,0.131958,1.009399
0.140869,-0.397217,0.818604
-0.569336,0.146606,0.787964
0.445557,-0.230957,0.995483
-0.334595,-0.186646,0.740479
-0.035767,0.185791,0.993408
0.214600,-0.367188,0.860596
-0.590576,0.114380,0.767578
0.425049,-0.199341,1.008423
-0.225586,-0.270630,0.745972
-0.119873,0.199585,0.972168
0.280518,-0.362915,0.892090
-0.584229,0.075195,0.755981
0.412476,-0.147827,1.033813
-0.132202,-0.326904,0.737549
-0.212036,0.232056,0.927734
0.339722,-0.327148,0.907837
-0.585449,0.069580,0.752075
0.366821,-0.126587,1.024414
-0.077637,-0.395996,0.740479
-0.279907,0.201050,0.880249
0.383667,-0.306152,0.925537
-0.553101,-0.012695,0.732544
0.303955,-0.065918,1.015991
-0.025635,-0.427002,0.741821
-0.353760,0.177490,0.841553
0.411499,-0.290649,0.947266
-0.524536,-0.055786,0.733398
0.218872,-0.011719,1.005493
0.029297,-0.416870,0.769531
-0.411865,0.171509,0.825439
0.424438,-0.279541,0.967773
-0.488892,-0.072876,0.743408
0.149170,0.022095,1.010864
0.082520,-0.445801,0.787476
-0.473633,0.152710,0.796753
0.442871,-0.213623,1.005615
-0.432373,-0.129150,0.726318
0.058105,0.109375,1.007324
0.164429,-0.474731,0.816040
-0.522583,0.137207,0.781372
0.442627,-0.219360,1.002563
-0.355957,-0.167358,0.751221
-0.016235,0.157349,1.006470
0.225830,-0.450073,0.849976
-0.552490,0.092529,0.756958
0.430664,-0.188843,1.017090
-0.267334,-0.216797,0.776367
-0.085449,0.163086,0.975586
0.291626,-0.450317,0.872559
-0.574951,0.060791,0.734619
0.421631,-0.177002,1.024414
-0.150146,-0.280396,0.792969
-0.163086,0.212769,0.962524
0.327515,-0.370972,0.909912
-0.566528,0.045288,0.749268
0.391724,-0.196777,1.016724
-0.075073,-0.362061,0.783813
-0.236694,0.224243,0.938354
0.379150,-0.315674,0.953247
-0.539917,-0.048828,0.737915
0.318115,-0.143311,1.004395
-0.018799,-0.444214,0.768066
-0.314575,0.160400,0.872681
0.431763,-0.343018,0.961426
-0.509888,-0.067261,0.748291
0.222290,-0.053833,0.997681
0.068237,-0.474121,0.778442
-0.392944,0.137939,0.827271
0.436401,-0.301025,0.971802
-0.455811,-0.101929,0.756470
0.136597,0.015015,1.009033
0.128784,-0.472900,0.799683
-0.447021,0.110474,0.802124
0.438354,-0.238281,1.004272
-0.393921,-0.127319,0.767212
0.029175,0.104004,1.009888
0.220459,-0.502808,0.830444
-0.503784,0.056885,0.760254
0.455566,-0.224121,1.034058
-0.296143,-0.199585,0.773560
-0.095581,0.176270,0.998779
0.310791,-0.497925,0.876343
-0.524902,0.010742,0.745605
0.424561,-0.176025,1.048218
-0.178345,-0.273071,0.784546
-0.161011,0.192017,0.981323
0.370239,-0.432739,0.933105
-0.531372,-0.007690,0.765747
0.393433,-0.168091,1.034302
-0.042725,-0.359741,0.808716
-0.230347,0.199707,0.949463
0.396729,-0.372192,0.960571
-0.502808,-0.069824,0.751831
0.326904,-0.124756,1.034180
0.036987,-0.437988,0.810913
-0.293823,0.154907,0.901001
0.437012,-0.333740,0.994019
-0.491089,-0.093140,0.753052
0.235840,-0.070923,1.014282
0.096436,-0.484375,0.805542
-0.347534,0.131592,0.881836
0.472046,-0.282104,1.018433
-0.435059,-0.102783,0.756470
0.148193,0.023071,1.017212
0.164795,-0.491943,0.840454
-0.405762,0.046997,0.830322
0.509521,-0.254395,1.070679
-0.378540,-0.156006,0.763062
0.035156,0.121826,1.019653
0.274048,-0.510376,0.877075
-0.457642,0.019531,0.790649
0.491211,-0.232300,1.073608
-0.263184,-0.226685,0.795654
-0.049561,0.185791,1.032837
0.339111,-0.450562,0.939209
-0.485352,-0.010986,0.789429
0.447510,-0.182495,1.088135
-0.161499,-0.282959,0.806885
-0.109009,0.225830,1.042847
0.390503,-0.406250,0.972534
-0.486816,-0.047607,0.784180
0.411621,-0.153931,1.076782
-0.047241,-0.339844,0.843262
-0.191406,0.192261,1.000977
0.450073,-0.383301,1.000122
-0.473877,-0.064209,0.775635
0.349609,-0.082397,1.086914
0.055420,-0.401978,0.847778
-0.257202,0.172241,0.981812
0.489380,-0.329224,1.052612
-0.436646,-0.130249,0.784790
0.273804,-0.038940,1.076904
0.114502,-0.407349,0.880249
-0.343262,0.155640,0.931763
0.516968,-0.262085,1.087036
-0.371826,-0.174194,0.791626
0.181885,0.038330,1.081421
0.229492,-0.456177,0.904663
-0.410767,0.108154,0.865112
0.524292,-0.241577,1.087891
-0.280884,-0.211426,0.827759
0.065063,0.104614,1.070557
0.337524,-0.464722,0.953979
0.497925,-0.162842,1.118042
-0.018311,0.163330,1.070923
-0.072388,-0.298584,0.859375
-0.120972,0.216553,1.075806
0.456055,-0.401001,1.026489
-0.451782,-0.031494,0.821777
0.422485,-0.078491,1.136841
0.044067,-0.343994,0.892578
-0.203857,0.210815,1.030396
0.500366,-0.328125,1.077759
-0.417725,-0.104736,0.813232
0.340698,-0.007690,1.141235
0.092651,-0.359619,0.905884
-0.283936,0.204102,1.002930
0.547119,-0.273438,1.115967
-0.366089,-0.160034,0.822754
0.227905,0.034912,1.119141
0.207886,-0.424561,0.934814
-0.340454,0.107300,0.924438
0.543091,-0.217041,1.136963
-0.299438,-0.194336,0.831421
0.114746,0.115356,1.094238
0.325806,-0.445679,0.978394
-0.413086,0.073853,0.860840
0.546997,-0.165283,1.157471
-0.198486,-0.238770,0.852295
-0.005737,0.185181,1.084839
0.391846,-0.406250,1.007324
-0.437012,0.008911,0.846680
0.528198,-0.127686,1.187378
-0.060547,-0.303467,0.879150
-0.111084,0.247437,1.090454
0.454224,-0.363892,1.039062
-0.438354,-0.040894,0.835327
0.455933,-0.101074,1.164551
0.023560,-0.326782,0.898560
-0.172607,0.217407,1.055542
0.493896,-0.288330,1.090088
-0.450562,-0.063599,0.819214
0.391479,-0.059204,1.164185
0.086670,-0.367920,0.928955
-0.258057,0.210205,1.026367
0.542236,-0.263916,1.126099
-0.393677,-0.117554,0.816040
0.263916,0.016602,1.130493
0.187256,-0.453247,0.927246
-0.332031,0.105835,0.943726
0.562134,-0.217285,1.162964
-0.323975,-0.183228,0.820801
0.164307,0.130371,1.128540
0.273438,-0.442383,0.960815
-0.404175,0.068848,0.903687
0.554810,-0.212036,1.160278
-0.258423,-0.277832,0.831299
0.072754,0.191650,1.123047
0.334839,-0.399292,0.974976
-0.449707,0.050415,0.867920
0.536621,-0.195190,1.158813
-0.179321,-0.291260,0.858398
0.007446,0.170410,1.102783
0.380981,-0.376465,1.000122
-0.458740,0.019043,0.846802
0.519897,-0.161499,1.162354
-0.062622,-0.337402,0.875488
-0.075195,0.193848,1.081909
0.404785,-0.359985,1.008667
-0.463257,-0.016846,0.837646
0.503174,-0.127686,1.183838
-0.055786,-0.343750,0.842651
-0.160889,0.211426,1.050659
0.451660,-0.361084,1.024902
-0.478027,-0.015869,0.826782
0.449829,-0.107666,1.169678
-0.031006,-0.357300,0.865112
-0.223755,0.218018,1.037231
0.471558,-0.314331,1.062134
-0.459595,-0.057495,0.800171
0.385132,-0.068359,1.172363
0.027344,-0.372803,0.875610
-0.293213,0.197632,0.992310
0.501709,-0.302979,1.081543
-0.435547,-0.111084,0.788452
0.310791,-0.026489,1.140259
0.096069,-0.371216,0.897217
-0.335938,0.163574,0.952515
0.501343,-0.251953,1.094238
-0.396851,-0.149536,0.790039
0.229980,0.026489,1.119873
0.147461,-0.411255,0.900879
-0.389648,0.136719,0.916504
0.530273,-0.258789,1.111816
-0.384277,-0.145752,0.794434
0.133057,0.101807,1.100098
0.210938,-0.423218,0.917603
-0.431030,0.075439,0.871826
0.518433,-0.232788,1.115967
-0.328613,-0.225098,0.783813
0.055786,0.149658,1.080444
0.243286,-0.386230,0.915283
-0.459229,0.044556,0.851440
0.510010,-0.230103,1.109985
-0.258789,-0.273438,0.800903
-0.010986,0.149048,1.059692
0.273682,-0.383667,0.911499
-0.488892,0.048584,0.834351
0.502563,-0.237793,1.100464
-0.201904,-0.303467,0.810059
-0.058350,0.121826,1.014771
0.302979,-0.357178,0.944580
-0.508545,0.007202,0.799683
0.476196,-0.198364,1.116943
-0.167725,-0.341675,0.772583
-0.125000,0.165405,1.014893
0.338135,-0.376099,0.942139
-0.523315,-0.019165,0.788452
0.444946,-0.185791,1.106079
-0.157471,-0.357056,0.765625
-0.182495,0.159790,0.995361
0.368896,-0.368652,0.958618
-0.529907,-0.011841,0.774292
0.406128,-0.150757,1.103638
-0.134277,-0.382080,0.769653
-0.241577,0.172485,0.978271
0.383179,-0.345947,0.972046
-0.536621,-0.007324,0.767822
0.363159,-0.130005,1.086792
-0.121460,-0.381348,0.777466
-0.288940,0.170288,0.958008
0.402100,-0.347534,0.991333
-0.539795,-0.028687,0.752808
0.332275,-0.085815,1.092285
-0.095703,-0.346924,0.785034
-0.336670,0.177979,0.926270
0.424683,-0.328491,1.001099
-0.539429,-0.068237,0.737305
0.287231,-0.077759,1.072021
-0.047607,-0.374756,0.808350
-0.397583,0.200195,0.904175
0.422241,-0.302490,0.991455
-0.520508,-0.094727,0.718018
0.226685,-0.059692,1.055786
0.009888,-0.406128,0.833374
-0.453247,0.193481,0.875244
0.422119,-0.278320,1.004883
-0.504639,-0.099731,0.723755
0.157959,0.005859,1.055420
0.064941,-0.419678,0.843384
-0.489502,0.168213,0.856812
0.427856,-0.249023,1.019531
-0.484619,-0.097046,0.732056
0.087158,0.069458,1.041138
0.118774,-0.430908,0.846924
-0.521973,0.153442,0.845825
0.436157,-0.243164,1.016968
-0.410645,-0.144897,0.741333
0.021606,0.131836,1.035889
0.177734,-0.420532,0.864380
-0.558838,0.122070,0.817871
0.416626,-0.227417,1.010742
-0.345703,-0.209106,0.731812
-0.047974,0.144897,1.015625
0.237061,-0.433105,0.878174
-0.580933,0.098389,0.800049
0.397461,-0.194702,1.014526
-0.285522,-0.273804,0.708862
-0.118530,0.149414,0.986206
0.280762,-0.388062,0.900024
-0.593018,0.062622,0.772217
0.402222,-0.195557,1.030029
-0.227051,-0.324829,0.701416
-0.220093,0.183594,0.948730
0.335938,-0.364624,0.921143
-0.591431,0.042847,0.758545
0.353394,-0.146362,1.033447
-0.182617,-0.354858,0.720947
-0.379272,0.172852,0.899536
0.429443,-0.316895,1.002075
-0.585815,-0.005371,0.728394
0.234741,-0.035767,1.079712
-0.004517,-0.386230,0.817139
-0.439453,0.180908,0.880737
0.429321,-0.288940,1.008545
-0.477539,-0.140381,0.725464
0.159180,0.031006,1.058716
0.080322,-0.395264,0.837280
-0.512451,0.155151,0.845459
0.447266,-0.288086,1.015869
-0.431641,-0.190552,0.730957
0.070679,0.067749,1.033691
0.140015,-0.394043,0.855591
-0.543091,0.132324,0.814087
0.445801,-0.239014,1.031982
-0.326782,-0.257568,0.740356
-0.022705,0.109253,1.019043
0.199341,-0.420288,0.854126
-0.554443,0.081909,0.785034
0.430176,-0.200317,1.036011
-0.286011,-0.287476,0.730835
-0.100098,0.131104,0.991699
0.270508,-0.408691,0.897827
-0.587524,0.049927,0.756958
0.408691,-0.169678,1.052368
-0.225098,-0.308716,0.725464
-0.194336,0.162720,0.962158
0.312378,-0.382202,0.913940
-0.580200,0.008179,0.753784
0.374390,-0.164062,1.036987
-0.189697,-0.319458,0.729980
-0.291870,0.178955,0.917358
0.360962,-0.365479,0.939575
-0.580200,-0.016846,0.738159
0.314941,-0.113281,1.042358
-0.135864,-0.371216,0.742310
-0.359985,0.190186,0.889038
0.394531,-0.362305,0.949707
-0.567749,-0.004028,0.734253
0.221436,-0.042236,1.026123
-0.045654,-0.393188,0.778931
-0.437256,0.210693,0.878906
0.408569,-0.318237,0.967285
-0.531250,-0.087158,0.712769
0.136108,0.027710,1.007935
0.023438,-0.390137,0.804688
-0.517700,0.186523,0.845947
0.423462,-0.258911,1.002808
-0.437622,-0.162842,0.734009
0.020874,0.146240,1.014282
0.123047,-0.394409,0.835815
-0.577393,0.137817,0.792114
0.412964,-0.233887,1.015625
-0.323486,-0.272339,0.714233
-0.043091,0.185913,1.020264
0.197998,-0.395630,0.845581
-0.605469,0.144775,0.802734
0.412964,-0.227783,1.001709
-0.251587,-0.310669,0.717896
-0.137817,0.169800,0.972290
0.274658,-0.351929,0.893433
-0.630371,0.114380,0.753784
0.382812,-0.177246,1.009644
-0.172485,-0.373291,0.722778
-0.212036,0.156738,0.927734
0.320679,-0.319946,0.909058
-0.621216,0.100342,0.743652
0.322144,-0.131226,1.007446
-0.110840,-0.375244,0.755981
-0.328613,0.161133,0.876343
0.375244,-0.322754,0.936523
-0.573120,0.045288,0.710938
0.213623,-0.005249,0.995117
-0.068237,-0.374512,0.758789
-0.397461,0.165039,0.871582
0.410889,-0.311035,0.967163
-0.550415,-0.020386,0.705811
0.126953,0.080933,0.987671
-0.000122,-0.366699,0.773682
-0.462524,0.163330,0.848145
0.434814,-0.303101,0.983765
-0.483521,-0.065674,0.736450
0.068970,0.133667,1.002808
0.080811,-0.356201,0.814331
-0.548096,0.178589,0.814819
0.423340,-0.236938,1.001465
-0.394531,-0.184326,0.730957
0.020264,0.125854,1.005615
0.167725,-0.396240,0.845215
-0.592773,0.190063,0.795288
0.413574,-0.174438,1.000366
-0.298706,-0.235107,0.724731
-0.052002,0.165039,1.000854
0.234985,-0.406250,0.864868
-0.612793,0.158081,0.779297
0.414673,-0.165039,1.015015
-0.224854,-0.267090,0.731812
-0.156494,0.192261,0.955322
0.309692,-0.402710,0.888306
-0.599731,0.107544,0.751831
0.397827,-0.132324,1.018921
-0.164307,-0.309448,0.732666
-0.245972,0.209351,0.918457
0.364136,-0.383423,0.908081
-0.599121,0.061035,0.749023
0.339478,-0.094604,1.011841
-0.098633,-0.372925,0.728271
-0.302490,0.200684,0.891113
0.381714,-0.315063,0.928467
-0.562744,0.014282,0.730469
0.274048,-0.055176,1.000122
-0.051147,-0.399292,0.736328
-0.371582,0.194702,0.858032
0.404053,-0.289062,0.939819
-0.545532,-0.024414,0.723389
0.192627,-0.003906,0.989990
0.029785,-0.430054,0.776855
-0.450195,0.201050,0.842041
0.430420,-0.252075,0.965454
-0.484619,-0.043701,0.741333
0.096924,0.104004,1.010376
0.095581,-0.417847,0.812256
-0.507324,0.165649,0.810791
0.430298,-0.207886,0.991699
-0.412598,-0.104614,0.739746
0.035034,0.198242,1.014771
0.158447,-0.408691,0.814941
-0.569580,0.149780,0.786865
0.447876,-0.227417,1.002686
-0.327637,-0.178101,0.746094
-0.022949,0.208984,0.997681
0.218140,-0.376953,0.852051
-0.588867,0.120483,0.753540
0.448853,-0.217773,1.003906
-0.263428,-0.231567,0.752686
-0.078247,0.188232,0.969971
0.270630,-0.372925,0.879517
-0.598267,0.126709,0.750122
0.430298,-0.173706,1.019043
-0.198120,-0.286133,0.753296
-0.130981,0.182861,0.945679
0.305908,-0.367676,0.905273
-0.587036,0.103638,0.751709
0.404053,-0.125732,1.030518
-0.161865,-0.311157,0.757568
-0.170044,0.184937,0.946411
0.338867,-0.379150,0.913452
-0.569946,0.085327,0.754883
0.370605,-0.089722,1.011108
-0.114624,-0.319580,0.761108
-0.205933,0.183350,0.929077
0.372681,-0.398193,0.919312
-0.584229,0.058716,0.750854
0.352905,-0.082520,1.021729
-0.066040,-0.364746,0.756836
-0.259277,0.187622,0.887573
0.384155,-0.343750,0.933105
-0.557373,0.005371,0.746094
0.332031,-0.087036,1.010986
-0.029541,-0.384766,0.750977
-0.328247,0.192627,0.857544
0.414795,-0.350220,0.944458
-0.536621,-0.053833,0.741333
0.262817,-0.062866,0.993042
0.009644,-0.406982,0.762939
-0.357910,0.151123,0.833618
0.427246,-0.292236,0.959229
-0.503662,-0.079712,0.736328
0.205078,-0.030518,0.998047
0.048828,-0.443848,0.768677
-0.427734,0.142212,0.804321
0.445923,-0.278564,0.975464
-0.463745,-0.088867,0.742310
0.125000,0.060303,1.014526
0.106689,-0.428345,0.810547
-0.488770,0.111084,0.784546
0.449829,-0.280884,0.986572
-0.411499,-0.134521,0.749023
0.045898,0.135620,1.008057
0.160767,-0.423218,0.818359
-0.528320,0.097778,0.770874
0.463379,-0.271851,1.002441
-0.330688,-0.173706,0.774902
-0.035156,0.196411,1.015015
0.238770,-0.424683,0.862793
-0.549927,0.068481,0.751831
0.440552,-0.232300,1.019775
-0.231934,-0.243896,0.778198
-0.106201,0.188354,0.982300
0.294922,-0.405762,0.894531
-0.567627,0.050293,0.739136
0.419922,-0.192505,1.039185
-0.136597,-0.315796,0.781494
-0.153442,0.197388,0.958496
0.331543,-0.334717,0.927612
-0.580933,0.050415,0.741577
0.383179,-0.200439,0.997070
-0.044434,-0.403687,0.787354
-0.212036,0.178955,0.929321
0.364990,-0.320679,0.937134
-0.557129,-0.000366,0.728149
0.334106,-0.134399,1.011353
-0.003784,-0.433838,0.791870
-0.269409,0.129639,0.885742
0.409180,-0.321533,0.953491
-0.522583,0.007812,0.749268
0.249756,-0.050903,0.990234
0.039917,-0.443359,0.785645
-0.314575,0.093628,0.863647
0.435181,-0.315918,0.982422
-0.511963,-0.055542,0.718994
0.175903,0.008179,0.994629
0.101807,-0.468140,0.806396
-0.391479,0.088379,0.830444
0.449097,-0.286133,0.999878
-0.463989,-0.095947,0.733521
0.129517,0.052734,1.016968
0.144287,-0.440552,0.827637
-0.449463,0.098267,0.815918
0.482300,-0.291992,1.012085
-0.411865,-0.119141,0.753418
0.038574,0.100586,1.003662
0.231445,-0.497192,0.853760
-0.488770,0.059814,0.778442
0.465454,-0.251465,1.019287
-0.335693,-0.173828,0.770630
-0.034546,0.138916,0.999390
0.283203,-0.490479,0.881836
-0.502075,0.013428,0.753784
0.443237,-0.211792,1.038330
-0.267578,-0.219727,0.779175
-0.081543,0.150879,1.011475
0.325439,-0.488525,0.910522
-0.525391,0.004150,0.749023
0.423096,-0.173584,1.044800
-0.159790,-0.258789,0.804077
-0.145508,0.196289,1.000610
0.360840,-0.454590,0.921631
-0.522339,-0.002808,0.761719
0.409058,-0.155884,1.054443
-0.077026,-0.338501,0.815918
-0.218384,0.212891,0.972900
0.403076,-0.431030,0.951050
-0.504883,-0.039185,0.755615
0.362793,-0.114258,1.061523
-0.001343,-0.382812,0.814453
-0.249756,0.200806,0.963257
0.428711,-0.400024,0.968628
-0.493530,-0.094238,0.751831
0.325073,-0.095459,1.045776
0.054688,-0.427490,0.815918
-0.311890,0.199707,0.933472
0.456665,-0.347534,1.002686
-0.446655,-0.124390,0.774048
0.259155,-0.031738,1.045044
0.085938,-0.417114,0.825073
-0.344482,0.137085,0.896973
0.480713,-0.322632,1.019531
-0.417114,-0.171753,0.760742
0.190063,0.002441,1.043091
0.132812,-0.413086,0.841675
-0.397461,0.132446,0.866699
0.497314,-0.285522,1.042358
-0.371826,-0.210938,0.760132
0.109253,0.065430,1.040405
0.212158,-0.466675,0.871704
-0.429932,0.054321,0.808960
0.503418,-0.249023,1.077271
-0.319336,-0.214355,0.782715
0.029419,0.120972,1.032104
0.288696,-0.483276,0.899292
-0.462036,0.026123,0.789917
0.493408,-0.204590,1.087158
-0.235962,-0.238525,0.799438
-0.045898,0.175293,1.044678
0.352417,-0.458740,0.940063
-0.494751,0.011841,0.794312
0.464233,-0.177490,1.098511
-0.114624,-0.281982,0.838989
-0.116577,0.211914,1.053589
0.389160,-0.390015,0.988403
-0.490723,-0.042114,0.780029
0.415649,-0.137939,1.103271
0.007568,-0.374878,0.851929
-0.190918,0.200317,1.017334
0.443115,-0.335327,1.019409
-0.459717,-0.057617,0.782593
0.339233,-0.088989,1.075928
0.079834,-0.446411,0.862305
-0.250488,0.133301,0.976074
0.483276,-0.292603,1.072632
-0.426147,-0.103760,0.771851
0.258057,0.017090,1.085938
0.130371,-0.405884,0.890503
-0.329468,0.142334,0.966797
0.539185,-0.320190,1.108643
-0.383423,-0.186890,0.792480
0.161377,0.088257,1.083008
0.223145,-0.419800,0.916260
-0.389404,0.088379,0.884277
0.546997,-0.291626,1.102783
-0.300903,-0.222046,0.812988
0.082642,0.139404,1.074707
0.298462,-0.424316,0.950562
-0.427612,0.058350,0.846680
0.528198,-0.219849,1.124878
-0.249023,-0.239624,0.822266
0.027100,0.150024,1.076904
0.364136,-0.432617,0.986938
-0.466064,0.059082,0.836548
0.506836,-0.152588,1.134033
-0.134888,-0.255981,0.855713
-0.074707,0.221802,1.069336
0.423706,-0.396606,1.011475
-0.453613,-0.020996,0.831543
0.463379,-0.110229,1.146606
-0.021362,-0.342651,0.865845
-0.137695,0.206665,1.072021
0.459595,-0.344971,1.041748
-0.452637,-0.042969,0.815186
0.422607,-0.068848,1.145874
0.058838,-0.382935,0.884521
-0.206787,0.205200,1.046021
0.486572,-0.307617,1.076660
-0.435669,-0.075562,0.807251
0.369629,-0.032593,1.140747
0.102905,-0.344360,0.925781
-0.276367,0.202637,1.006958
0.529907,-0.282959,1.114624
-0.397705,-0.136597,0.808838
0.285889,0.004272,1.130005
0.189331,-0.399658,0.939331
-0.334717,0.158447,0.939331
0.555786,-0.241211,1.128418
-0.315186,-0.193726,0.836304
0.154053,0.063354,1.097900
0.274048,-0.429565,0.953491
-0.382202,0.074829,0.880615
0.554443,-0.193359,1.164307
-0.259521,-0.223022,0.836060
0.047729,0.147827,1.082642
0.361572,-0.419678,0.998657
-0.417969,0.053223,0.871216
0.528442,-0.147705,1.167725
-0.144287,-0.253418,0.873779
-0.042358,0.208618,1.094482
0.412231,-0.400879,1.009766
-0.440186,0.002441,0.850220
0.506714,-0.122803,1.172852
-0.013794,-0.311646,0.905884
-0.133179,0.224609,1.073486
0.457031,-0.348999,1.057739
-0.442627,-0.072021,0.823730
0.447388,-0.093018,1.174194
0.020508,-0.326660,0.901367
-0.181641,0.232788,1.067993
0.494385,-0.275146,1.098511
-0.438965,-0.079712,0.815308
0.383301,-0.050415,1.177246
0.079712,-0.403320,0.902832
-0.252319,0.168091,1.008301
0.545044,-0.259277,1.130371
-0.399902,-0.093384,0.813965
0.281128,0.021118,1.136353
0.183105,-0.443726,0.928955
-0.325806,0.126465,0.960815
0.569458,-0.263794,1.145142
-0.345581,-0.144775,0.825684
0.171753,0.120605,1.124023
0.279541,-0.429321,0.961914
-0.385498,0.088867,0.907471
0.555542,-0.213867,1.156738
-0.262939,-0.236938,0.840332
0.077637,0.163086,1.114136
0.334717,-0.408691,0.989380
-0.433472,0.066406,0.889160
0.541382,-0.178223,1.162231
-0.167480,-0.285522,0.859619
-0.006104,0.180176,1.087280
0.369385,-0.381958,0.995850
-0.440796,-0.004639,0.855835
0.531006,-0.159180,1.177612
-0.052490,-0.349609,0.871826
-0.075684,0.205322,1.078491
0.399902,-0.339966,1.015381
-0.458496,-0.020020,0.836914
0.516968,-0.155396,1.179199
-0.039551,-0.357788,0.863281
-0.139648,0.228638,1.078613
0.450684,-0.321899,1.041260
-0.468628,-0.022217,0.817505
0.435425,-0.102417,1.174927
0.007202,-0.372559,0.901978
-0.210327,0.173828,1.046265
0.483032,-0.294556,1.094849
-0.457886,-0.031982,0.801025
0.390747,-0.034302,1.170898
0.029175,-0.362549,0.906982
-0.251221,0.179199,1.031250
0.510986,-0.296265,1.109131
-0.442383,-0.060913,0.797729
0.352417,-0.008301,1.166382
0.079712,-0.355225,0.909546
-0.305176,0.180664,0.994019
0.517822,-0.300415,1.095947
-0.406738,-0.132080,0.800537
0.298462,0.017090,1.153931
0.112427,-0.380737,0.892944
-0.346313,0.150391,0.940918
0.526733,-0.290161,1.105103
-0.380371,-0.197632,0.799438
0.238281,0.023682,1.140137
0.166626,-0.401733,0.911377
-0.393066,0.169922,0.925171
0.538330,-0.270020,1.103027
-0.346802,-0.198120,0.797974
0.166748,0.049194,1.100342
0.214844,-0.400391,0.941284
-0.424438,0.125000,0.882690
0.540649,-0.220459,1.123047
-0.322632,-0.235840,0.794434
0.094360,0.102173,1.096436
0.265991,-0.427002,0.940063
-0.441406,0.069702,0.863647
0.526733,-0.225464,1.118408
-0.258057,-0.241943,0.807495
0.009033,0.156860,1.076294
0.306274,-0.387695,0.945435
-0.466553,0.022461,0.843628
0.515503,-0.216064,1.125244
-0.165039,-0.325806,0.817261
-0.060303,0.177368,1.056763
0.335327,-0.380981,0.953369
-0.478882,-0.002686,0.822021
0.503906,-0.191650,1.136963
-0.120850,-0.335449,0.810669
-0.141602,0.183350,1.023926
0.385498,-0.359375,0.984131
-0.498657,-0.031494,0.783691
0.452637,-0.138794,1.142578
-0.086426,-0.357666,0.804688
-0.215332,0.190430,0.996094
0.416382,-0.325562,1.011353
-0.515625,-0.040405,0.772827
0.400513,-0.112793,1.131592
-0.044312,-0.355225,0.836548
-0.284058,0.197510,0.985352
0.444214,-0.290527,1.043579
-0.512451,-0.042603,0.759399
0.325684,-0.081787,1.112427
0.021118,-0.399780,0.854614
-0.357056,0.175415,0.944702
0.468262,-0.285278,1.048584
-0.467651,-0.093872,0.747925
0.232300,-0.003906,1.097534
0.082642,-0.425903,0.859863
-0.403931,0.140381,0.910767
0.483276,-0.255127,1.080444
-0.438599,-0.136841,0.766113
0.135376,0.046387,1.065186
0.150635,-0.406860,0.886963
-0.454712,0.110840,0.871948
0.486450,-0.225708,1.087402
-0.391846,-0.188354,0.756836
0.045044,0.112305,1.053711
0.219849,-0.401123,0.901733
-0.497192,0.065430,0.832764
0.490723,-0.238647,1.078247
-0.271240,-0.281006,0.761475
-0.032593,0.151611,1.031860
0.260986,-0.376099,0.911133
-0.524902,0.035278,0.797729
0.462891,-0.229858,1.080688
-0.206421,-0.348145,0.766602
-0.110352,0.142334,0.999268
0.304443,-0.365723,0.917236
-0.556274,0.023682,0.765015
0.440918,-0.203735,1.082520
-0.153076,-0.384521,0.766479
-0.198242,0.150635,0.965210
0.342773,-0.332642,0.955078
-0.556641,-0.007568,0.740479
0.381714,-0.172974,1.070801
-0.118286,-0.370239,0.793579
-0.294067,0.166504,0.937500
0.382812,-0.333374,0.971680
-0.537231,-0.013306,0.746826
0.317505,-0.093140,1.070679
-0.081787,-0.323608,0.812500
-0.346558,0.151001,0.908936
0.412598,-0.337158,0.991577
-0.526245,-0.097168,0.717529
0.241455,-0.026611,1.062378
-0.013062,-0.364990,0.823853
-0.433594,0.187988,0.891846
0.439941,-0.288086,1.018188
-0.498779,-0.113281,0.729248
0.158447,0.023926,1.054077
0.080566,-0.418823,0.838501
-0.490356,0.187378,0.868286
0.443481,-0.262939,1.016968
-0.435913,-0.138916,0.768555
0.039795,0.076050,1.025635
0.146118,-0.435547,0.848267
-0.532349,0.114014,0.815796
0.435425,-0.220459,1.029907
-0.330200,-0.239746,0.747192
-0.019897,0.111450,1.007324
0.210571,-0.408325,0.859863
-0.567871,0.107300,0.778076
0.427490,-0.202637,1.041382
-0.263062,-0.312378,0.719238
-0.105103,0.134399,0.999268
0.262939,-0.396729,0.887085
-0.595215,0.047119,0.755249
0.411377,-0.201050,1.043701
-0.210938,-0.348755,0.715454
-0.202759,0.168823,0.966431
0.320679,-0.367432,0.907349
-0.598633,0.046387,0.748901
0.361572,-0.173340,1.035522
-0.148071,-0.381348,0.749146
-0.295044,0.155273,0.911621
0.370361,-0.311157,0.960571
-0.609497,0.034058,0.725464
0.265991,-0.101196,1.028076
-0.063965,-0.387695,0.779785
-0.381470,0.173218,0.897461
0.387085,-0.289917,0.984619
-0.541504,-0.050293,0.718262
0.157471,0.035156,1.017334
0.004150,-0.393555,0.790405
-0.475220,0.161011,0.860352
0.420654,-0.286011,0.998779
-0.491821,-0.124512,0.709595
0.053467,0.099976,1.008057
0.091919,-0.384521,0.823975
-0.541260,0.147705,0.816772
0.424561,-0.245850,1.008179
-0.388306,-0.203247,0.732422
-0.014893,0.100342,0.996826
0.170898,-0.412476,0.835083
-0.577881,0.136963,0.785522
0.415039,-0.187256,1.024048
-0.288086,-0.262573,0.737549
-0.108521,0.145264,0.982178
0.240845,-0.409302,0.873291
-0.598511,0.063965,0.762329
0.408936,-0.173950,1.039551
-0.228760,-0.324341,0.704224
-0.204956,0.206299,0.965698
0.311890,-0.354980,0.910156
-0.606201,0.039429,0.732910
0.372803,-0.166870,1.030396
-0.169556,-0.355591,0.728882
-0.299561,0.182495,0.901001
0.358887,-0.357544,0.925903
-0.588989,0.002686,0.724365
0.286011,-0.077271,1.025757
-0.110229,-0.380859,0.735107
-0.381836,0.210083,0.881958
0.397705,-0.331665,0.949951
-0.557495,-0.048950,0.714966
0.182617,-0.015625,1.003540
-0.032471,-0.400513,0.770996
-0.464355,0.196533,0.861938
0.415405,-0.265991,0.989014
-0.508301,-0.084961,0.720947
0.078613,0.077881,1.005615
0.066284,-0.403320,0.800049
-0.541748,0.191162,0.844727
0.433350,-0.247925,1.000488
-0.400391,-0.162476,0.746338
-0.015137,0.143188,1.007446
0.164185,-0.405762,0.837769
-0.583740,0.152588,0.788818
0.407715,-0.181885,1.011108
-0.283569,-0.273438,0.718506
-0.081177,0.160278,0.991699
0.251465,-0.387573,0.873291
-0.624512,0.133789,0.753296
0.407471,-0.167480,1.011597
-0.207153,-0.319946,0.720337
-0.180664,0.158936,0.943115
0.313110,-0.358032,0.901611
-0.624878,0.106079,0.741577
0.367188,-0.136108,1.006714
-0.129883,-0.369385,0.724731
-0.281616,0.177979,0.900146
0.350098,-0.318115,0.925781
-0.595947,0.035889,0.720215
0.285156,-0.068115,1.006958
-0.070923,-0.410522,0.734497
-0.360596,0.193115,0.876343
0.393799,-0.322998,0.933716
-0.569092,0.019653,0.718994
0.208984,-0.014526,0.986328
-0.028809,-0.384277,0.760010
-0.440552,0.208130,0.852783
0.417480,-0.298706,0.952026
-0.503906,-0.058105,0.743286
0.106323,0.063965,1.008545
0.033447,-0.392456,0.792236
-0.505981,0.203613,0.836304
0.432861,-0.231323,0.985474
-0.411743,-0.115112,0.757324
0.037231,0.133301,1.018555
0.130859,-0.409912,0.823608
-0.567505,0.183105,0.805664
0.414673,-0.190796,0.995850
-0.313721,-0.187622,0.747192
-0.032593,0.175781,1.001831
0.213013,-0.386230,0.859131
-0.597534,0.154419,0.779663
0.417480,-0.148193,1.019653
-0.215698,-0.269409,0.750977
-0.133667,0.175781,0.951660
0.286621,-0.362671,0.886597
-0.601074,0.118530,0.751831
0.393677,-0.120483,1.037964
-0.133545,-0.362183,0.727661
-0.227539,0.190796,0.924072
0.328491,-0.329712,0.896606
-0.579468,0.068970,0.740723
0.350220,-0.089111,1.026733
-0.086548,-0.401855,0.717896
-0.311890,0.204346,0.886230
0.386597,-0.315308,0.934692
-0.573730,0.016724,0.713257
0.266479,-0.052612,0.984863
-0.019775,-0.393188,0.754517
-0.361938,0.186279,0.861206
0.407715,-0.282227,0.952148
-0.543823,-0.050049,0.705078
0.183594,0.019165,0.999634
0.009155,-0.420288,0.759766
-0.430664,0.173340,0.842285
0.452026,-0.294434,0.975708
-0.500977,-0.041504,0.752686
0.081787,0.106445,0.992554
0.065552,-0.403931,0.788330
-0.479248,0.135620,0.814209
0.458008,-0.237549,1.015381
-0.424683,-0.121216,0.740601
0.018555,0.175659,1.004150
0.150757,-0.407349,0.812866
-0.552124,0.142090,0.795410
0.458984,-0.233765,1.014771
-0.308716,-0.199463,0.761963
-0.069458,0.217529,0.992920
0.227051,-0.372192,0.854370
-0.589722,0.123901,0.767944
0.450317,-0.215698,1.023682
-0.214600,-0.272949,0.758667
-0.134888,0.220459,0.967651
0.310425,-0.356812,0.896973
-0.598877,0.105469,0.756592
0.395508,-0.161865,1.025635
-0.113281,-0.364746,0.762451
-0.201538,0.193115,0.922729
0.341797,-0.313477,0.916260
-0.569458,0.078857,0.757324
0.345337,-0.109619,1.015259
-0.036743,-0.419189,0.757568
-0.294922,0.174561,0.865601
0.369629,-0.268921,0.924683
-0.545898,0.016724,0.734985
0.280396,-0.083862,0.995117
0.027832,-0.452026,0.773682
-0.364990,0.143921,0.827515
0.409058,-0.247192,0.959473
-0.527832,-0.007080,0.715332
0.182983,0.016602,0.989990
0.087891,-0.438965,0.790527
-0.447754,0.142456,0.810913
0.422241,-0.220825,0.981445
-0.463135,-0.054810,0.744873
0.090088,0.098022,1.010010
0.129639,-0.463989,0.799438
-0.517334,0.122192,0.787354
0.464478,-0.233398,1.009644
-0.373901,-0.103271,0.757568
-0.016113,0.181763,0.993652
0.219604,-0.396606,0.855347
-0.561768,0.062378,0.752075
0.445312,-0.232300,1.017334
-0.277710,-0.201050,0.752808
-0.076782,0.237427,1.000000
0.270264,-0.368042,0.879883
-0.578979,0.057251,0.743530
0.426636,-0.216919,1.023560
-0.165283,-0.328247,0.770996
-0.153076,0.187500,0.956177
0.320801,-0.335571,0.916260
-0.580933,0.070068,0.741821
0.395386,-0.171509,1.035522
-0.070190,-0.382202,0.773804
-0.217651,0.183105,0.919189
0.387817,-0.279663,0.937622
-0.547119,-0.001221,0.721680
0.235718,-0.029663,0.996338
0.016479,-0.407959,0.779297
-0.416870,0.171875,0.827881
0.427246,-0.294067,0.962158
-0.498169,-0.040527,0.736328
0.135864,0.082153,1.003174
0.051880,-0.401978,0.779053
-0.476074,0.167480,0.827271
0.449951,-0.284058,0.973145
-0.450439,-0.070312,0.752197
0.083740,0.126099,1.008057
0.114136,-0.387695,0.818726
-0.524414,0.155518,0.791870
0.442139,-0.249146,0.995483
-0.393799,-0.161133,0.741089
0.036621,0.126587,1.014404
0.190430,-0.411499,0.845093
-0.567871,0.155151,0.770996
0.436646,-0.186646,1.010010
-0.290649,-0.214111,0.744873
-0.043457,0.178101,1.000977
0.242920,-0.411133,0.866699
-0.601807,0.142578,0.765503
0.439575,-0.193970,1.007324
-0.198853,-0.267212,0.772339
-0.134399,0.195679,0.964355
0.294678,-0.394653,0.896729
-0.587158,0.104736,0.750854
0.416260,-0.129883,1.033569
-0.121826,-0.322144,0.766602
-0.212769,0.215332,0.934204
0.343994,-0.398071,0.902100
-0.565552,0.045532,0.752808
0.386841,-0.097168,1.043823
-0.080322,-0.354248,0.753906
-0.263794,0.206177,0.899414
0.390869,-0.392700,0.918823
-0.543823,-0.003296,0.749390
0.322510,-0.075684,1.014771
-0.011597,-0.381958,0.766724
-0.337158,0.197876,0.858765
0.411743,-0.361694,0.934204
-0.515625,-0.083740,0.728760
0.257202,-0.052368,0.994385
0.015503,-0.411499,0.753662
-0.399902,0.193604,0.831909
0.453125,-0.311523,0.967163
-0.473633,-0.106934,0.748291
0.142578,0.017822,0.993774
0.058960,-0.447388,0.766968
-0.438599,0.149902,0.802734
0.464478,-0.280640,0.978271
-0.436768,-0.089111,0.758789
0.067261,0.097412,1.011353
0.139648,-0.454468,0.804932
-0.504028,0.104858,0.776733
0.451904,-0.249023,0.996338
-0.357788,-0.168823,0.746460
-0.022095,0.174194,1.001831
0.244019,-0.435181,0.853638
-0.564331,0.069580,0.748413
0.445312,-0.250977,1.016235
-0.224121,-0.256226,0.778687
-0.130249,0.208374,0.974731
0.308472,-0.387085,0.906250
-0.572021,0.044556,0.739868
0.398682,-0.199951,1.017944
-0.105469,-0.333252,0.787720
-0.191528,0.195068,0.942139
0.348999,-0.336426,0.932495
-0.565796,0.021606,0.735840
0.341553,-0.170044,0.993774
-0.014648,-0.431030,0.789062
-0.248291,0.165649,0.923828
0.394653,-0.328735,0.944824
-0.535400,0.017822,0.744385
0.263916,-0.073730,0.984619
0.040771,-0.421265,0.810059
-0.318848,0.064209,0.844360
0.427612,-0.326050,0.965698
-0.503296,-0.052368,0.739868
0.193481,0.024048,1.018921
0.072144,-0.421509,0.796021
-0.388916,0.098633,0.820068
0.447510,-0.294678,0.990845
-0.453247,-0.101685,0.744019
0.134277,0.040649,1.014648
0.132690,-0.474609,0.795654
-0.464966,0.116943,0.794434
0.455444,-0.246704,1.014771
-0.386841,-0.157837,0.751953
0.045654,0.082886,1.004761
0.200439,-0.501587,0.823486
-0.509644,0.058960,0.763794
0.451050,-0.236694,1.016724
-0.306274,-0.184326,0.774170
-0.058594,0.155762,1.003052
0.287720,-0.478516,0.884277
-0.524292,0.015259,0.747314
0.426270,-0.207642,1.020996
-0.206787,-0.235596,0.783936
-0.136108,0.181152,0.983765
0.358765,-0.428589,0.931641
-0.538086,-0.019043,0.751953
0.381592,-0.132690,1.049561
-0.054077,-0.362061,0.788940
-0.231934,0.203613,0.949341
0.391235,-0.368042,0.949585
-0.513306,-0.066650,0.751587
0.308105,-0.124756,1.018311
0.054932,-0.473999,0.804443
-0.314819,0.175049,0.901855
0.414673,-0.316162,0.978271
-0.469238,-0.068970,0.765381
0.225830,-0.065063,1.019287
0.077271,-0.466675,0.793457
-0.383911,0.102783,0.844360
0.468750,-0.271484,1.022583
-0.407349,-0.115601,0.770142
0.098145,0.083740,1.029175
0.199463,-0.497681,0.858398
-0.471924,0.047607,0.793335
0.474854,-0.270996,1.026978
-0.326660,-0.179443,0.768799
-0.003540,0.166260,1.030762
0.282104,-0.450684,0.893433
-0.507812,0.011719,0.770752
0.466919,-0.272583,1.040649
-0.231812,-0.258423,0.780640
-0.084473,0.217285,1.032593
0.328247,-0.379883,0.935303
-0.536621,0.034302,0.783569
0.428589,-0.230591,1.050659
-0.133179,-0.342651,0.814209
-0.145142,0.184937,1.002686
0.380127,-0.392944,0.960693
-0.534302,0.012817,0.768311
0.395508,-0.169922,1.054321
-0.041138,-0.366089,0.837646
-0.202393,0.134888,0.957031
0.433960,-0.370728,0.994141
-0.481201,-0.033203,0.771851
0.324829,-0.076904,1.056030
0.037842,-0.427734,0.827148
-0.259644,0.149292,0.948242
0.460327,-0.374756,1.009766
-0.457275,-0.122559,0.765747
0.278687,-0.023804,1.072632
0.069092,-0.412964,0.822388
-0.322388,0.146240,0.916260
0.482178,-0.332764,1.031372
-0.408691,-0.179077,0.771729
0.227417,-0.018677,1.063232
0.119019,-0.407715,0.851318
-0.377075,0.138062,0.869019
0.489868,-0.280640,1.044800
-0.356323,-0.189575,0.786377
0.149780,0.037842,1.059570
0.205933,-0.448730,0.877686
-0.434448,0.084595,0.828125
0.504150,-0.268433,1.062622
-0.310059,-0.226440,0.787231
0.076294,0.090698,1.054810
0.281128,-0.445679,0.916260
-0.461792,0.064575,0.801880
0.484741,-0.213501,1.077881
-0.231445,-0.241577,0.838745
-0.011475,0.111084,1.040405
0.341919,-0.450317,0.955933
-0.488770,0.044922,0.786865
0.460449,-0.145630,1.093262
-0.139282,-0.263794,0.856323
-0.088623,0.171631,1.055176
0.405029,-0.440918,0.991577
-0.483154,-0.005493,0.800171
0.432007,-0.095215,1.107056
-0.048096,-0.317993,0.844849
-0.158569,0.195312,1.035278
0.454956,-0.404297,1.020264
-0.458862,-0.073975,0.787354
0.372681,-0.055176,1.108276
0.062988,-0.380859,0.868530
-0.265015,0.206665,0.996216
0.505859,-0.358276,1.059692
-0.405151,-0.143188,0.801636
0.292603,-0.009766,1.095215
0.094238,-0.359253,0.888184
-0.323364,0.157227,0.936279
0.530151,-0.280762,1.105103
-0.361328,-0.197632,0.801270
0.207275,0.053711,1.098267
0.197754,-0.429688,0.898071
-0.385498,0.108521,0.871216
0.553223,-0.251953,1.120605
-0.297852,-0.213013,0.811890
0.090454,0.128174,1.078003
0.296631,-0.453003,0.941650
-0.440552,0.038940,0.820190
0.530884,-0.216064,1.121582
-0.214722,-0.236816,0.846558
-0.012085,0.169922,1.069946
0.375000,-0.435791,0.975464
-0.450806,0.022949,0.830688
0.500366,-0.133057,1.147095
-0.127930,-0.247314,0.864746
-0.083740,0.213013,1.075562
0.431274,-0.417847,1.010742
-0.453735,-0.024902,0.826904
0.472168,-0.120239,1.152466
-0.010864,-0.321289,0.882812
-0.164551,0.241333,1.057861
0.467896,-0.368530,1.045166
-0.425049,-0.088867,0.814941
0.410889,-0.064941,1.157593
0.059692,-0.346313,0.892456
-0.242310,0.221436,1.029053
0.510376,-0.316406,1.084595
-0.399780,-0.111084,0.823120
0.346313,-0.017578,1.147827
0.100586,-0.353271,0.921265
-0.301636,0.209229,0.987793
0.540039,-0.259644,1.118896
-0.367554,-0.167236,0.817139
0.273315,0.017090,1.140015
0.193481,-0.397217,0.939331
-0.355591,0.161743,0.928467
0.551636,-0.237061,1.131226
-0.305664,-0.213135,0.823608
0.177734,0.071045,1.113525
0.277832,-0.426758,0.960083
-0.395020,0.102051,0.880737
0.550781,-0.204712,1.139648
-0.250244,-0.224731,0.847900
0.071289,0.135498,1.099976
0.353149,-0.409790,1.005493
-0.436035,0.057739,0.855713
0.531250,-0.141357,1.166138
-0.165649,-0.248535,0.863403
-0.012573,0.213135,1.109863
0.399292,-0.401367,1.018066
-0.443115,0.008667,0.848022
0.511963,-0.132812,1.171143
-0.058105,-0.302368,0.881836
-0.100708,0.246216,1.098145
0.456177,-0.350464,1.051270
-0.444824,-0.038208,0.830322
0.467529,-0.093628,1.184204
0.010132,-0.347046,0.884155
-0.161621,0.224487,1.059204
0.488647,-0.303711,1.075317
-0.433960,-0.054810,0.826660
0.415771,-0.071289,1.171143
0.057251,-0.368530,0.910156
-0.244995,0.199829,1.031738
0.514160,-0.258789,1.115234
-0.404419,-0.123901,0.815918
0.340332,-0.005615,1.166870
0.131104,-0.389526,0.933350
-0.306519,0.158081,0.979004
0.550293,-0.239014,1.143555
-0.367554,-0.164062,0.802979
0.239746,0.062256,1.135254
0.231689,-0.427246,0.950928
-0.360107,0.130859,0.936157
0.555908,-0.221802,1.151123
-0.309814,-0.185303,0.836304
0.145874,0.105835,1.117065
0.296387,-0.440796,0.972412
-0.398804,0.094360,0.896118
0.549194,-0.191650,1.150879
-0.230225,-0.236938,0.849976
0.046265,0.169312,1.106323
0.348145,-0.416748,0.984497
-0.428711,0.068359,0.880737
0.538818,-0.172852,1.164429
-0.152954,-0.292847,0.864746
-0.027100,0.185059,1.098267
0.389771,-0.395142,1.005859
-0.436157,0.025513,0.867554
0.518311,-0.132080,1.175781
-0.064087,-0.315918,0.868042
-0.094849,0.195801,1.076294
0.426880,-0.352051,1.032104
-0.456421,-0.053589,0.824341
0.484863,-0.116577,1.185547
-0.039673,-0.343140,0.852539
-0.158325,0.232910,1.067627
0.471436,-0.327148,1.061035
-0.458618,-0.063354,0.817627
0.433838,-0.099365,1.177246
-0.000732,-0.328979,0.883179
-0.248413,0.223755,1.018433
0.507690,-0.294678,1.093262
-0.421387,-0.123169,0.807007
0.357910,-0.047485,1.164307
0.077271,-0.344971,0.903809
-0.306274,0.204224,0.979614
0.527344,-0.266113,1.102539
-0.392578,-0.167358,0.804321
0.261719,-0.011353,1.139893
0.177124,-0.408203,0.941284
-0.374146,0.156006,0.918823
0.531128,-0.224365,1.114258
-0.331909,-0.194824,0.807007
0.172363,0.050903,1.115967
0.251099,-0.422241,0.952393
-0.428345,0.110596,0.890625
0.524048,-0.175903,1.132446
-0.270386,-0.227661,0.823364
0.052368,0.107300,1.095703
0.308594,-0.419067,0.970581
-0.452881,0.054443,0.856201
0.529785,-0.179810,1.145996
-0.179077,-0.270142,0.830322
-0.052490,0.183960,1.071289
0.364624,-0.371582,0.979370
-0.466553,-0.024658,0.817627
0.499756,-0.172241,1.150635
-0.098145,-0.324219,0.833008
-0.139404,0.188477,1.045166
0.405762,-0.324341,1.015991
-0.473877,-0.057495,0.805908
0.441406,-0.138306,1.151001
-0.050293,-0.357422,0.840454
-0.238647,0.218994,1.015869
0.446899,-0.296631,1.041382
-0.474121,-0.065674,0.799072
0.356445,-0.103149,1.137207
0.042114,-0.376831,0.876709
-0.319824,0.195557,0.966797
0.479736,-0.271240,1.072388
-0.437378,-0.120972,0.775513
0.251099,-0.018677,1.116699
0.133301,-0.421631,0.890991
-0.400757,0.158203,0.916016
0.505127,-0.244263,1.097290
-0.364258,-0.187866,0.787354
0.131958,0.073486,1.085083
0.206909,-0.405029,0.921997
-0.449585,0.088745,0.873291
0.512817,-0.203613,1.119751
-0.291382,-0.251709,0.786865
0.021973,0.118774,1.063599
0.273315,-0.395264,0.931152
-0.488403,0.050781,0.821777
0.495728,-0.197754,1.110229
-0.188721,-0.330200,0.786987
-0.067627,0.145142,1.041016
0.333496,-0.386475,0.944824
-0.507446,0.017334,0.793213
0.457642,-0.152954,1.115845
-0.146973,-0.336060,0.781006
-0.163696,0.169189,1.017212
0.384399,-0.351440,0.978882
-0.516113,-0.029907,0.768555
0.410156,-0.105957,1.128784
-0.113647,-0.331299,0.794312
-0.270020,0.185181,0.985718
0.437012,-0.355469,1.018799
-0.506714,-0.075684,0.766357
0.329224,-0.069214,1.109253
-0.036011,-0.349731,0.813477
-0.346680,0.189697,0.932251
0.451660,-0.307739,1.031982
-0.463013,-0.156128,0.751831
0.238281,-0.033447,1.088257
0.044922,-0.387939,0.838135
-0.423706,0.190674,0.901123
0.459595,-0.239746,1.052734
-0.420654,-0.160034,0.761719
0.138672,-0.005249,1.055176
0.135010,-0.415161,0.876099
-0.474609,0.123413,0.847290
0.472046,-0.203735,1.071167
-0.354858,-0.183716,0.790527
0.025391,0.094116,1.044678
0.224365,-0.438110,0.896484
-0.512451,0.060303,0.817871
0.460938,-0.179565,1.081421
-0.263062,-0.265625,0.760132
-0.069458,0.134766,1.019653
0.291992,-0.417114,0.915649
-0.528442,0.002075,0.774902
0.431885,-0.155884,1.082031
-0.209106,-0.286987,0.748901
-0.172241,0.163452,1.001099
0.349365,-0.381104,0.939697
-0.553101,-0.018799,0.759766
0.392212,-0.160522,1.073730
-0.147705,-0.315430,0.771973
-0.267456,0.179565,0.962280
0.387573,-0.336914,0.972656
-0.556519,-0.036865,0.753784
0.320312,-0.119507,1.062500
-0.083374,-0.371826,0.784180
-0.359131,0.182617,0.917114
0.420288,-0.302368,0.992676
-0.523682,-0.066772,0.735596
0.212280,-0.040283,1.062744
0.015747,-0.420898,0.819702
-0.450073,0.165527,0.875244
0.427490,-0.254150,1.027100
-0.483032,-0.098633,0.733154
0.107544,0.050293,1.032593
0.118652,-0.404053,0.860352
-0.509155,0.113647,0.835571
0.430908,-0.238281,1.027100
-0.391968,-0.170532,0.737549
0.007935,0.141968,1.029663
0.194824,-0.393677,0.870117
-0.540283,0.070435,0.805176
0.435181,-0.233643,1.028198
-0.288574,-0.291626,0.725708
-0.070923,0.139893,0.990845
0.250977,-0.382935,0.878662
-0.570190,0.033691,0.756958
0.413086,-0.229004,1.030151
-0.218018,-0.365234,0.713013
-0.172974,0.150146,0.966187
0.301392,-0.364380,0.901489
-0.576416,0.046143,0.764893
0.378784,-0.171143,1.047485
-0.180786,-0.380249,0.722412
-0.259277,0.159424,0.932373
0.354736,-0.356812,0.942505
-0.584839,0.006592,0.741699
0.319580,-0.092285,1.055420
-0.133301,-0.368652,0.756592
-0.348389,0.169067,0.911133
0.392822,-0.360840,0.956909
-0.568726,-0.020630,0.718140
0.244629,-0.042603,1.031494
-0.073975,-0.358154,0.783447
-0.424194,0.174438,0.885742
0.409790,-0.332275,0.969727
-0.532104,-0.051514,0.718140
0.157471,0.020752,1.021729
0.005493,-0.384399,0.800171
-0.487061,0.176025,0.856201
0.418335,-0.283936,0.993042
-0.500977,-0.118286,0.704590
0.075562,0.094360,1.020752
0.110718,-0.417725,0.829834
-0.542603,0.163818,0.829468
0.400269,-0.224121,0.995117
-0.386719,-0.200439,0.729858
0.008423,0.141357,1.028198
0.178467,-0.440063,0.842896
-0.601562,0.144409,0.780640
0.408691,-0.200439,1.013062
-0.285645,-0.260864,0.730347
-0.096069,0.158081,0.982910
0.250122,-0.400757,0.876831
-0.613037,0.120972,0.779297
0.403809,-0.210449,1.015625
-0.233887,-0.318481,0.720581
-0.177612,0.142700,0.953613
0.294067,-0.362915,0.902222
-0.609375,0.060181,0.735840
0.371948,-0.151367,1.034058
-0.165405,-0.366943,0.723267
-0.279175,0.183594,0.928345
0.347656,-0.355713,0.926758
-0.591187,0.013062,0.732300
0.304688,-0.116211,1.022095
-0.112061,-0.384766,0.734131
-0.365356,0.200562,0.891479
0.374390,-0.330444,0.934082
-0.564819,-0.037598,0.713745
0.226074,-0.052734,1.008423
-0.031738,-0.396484,0.780518
-0.464355,0.219727,0.863159
0.396484,-0.257080,0.968872
-0.540405,-0.086914,0.692383
0.128174,0.009033,1.009644
0.058960,-0.430664,0.815063
-0.533569,0.184937,0.838867
0.411743,-0.226196,0.988525
-0.437378,-0.109741,0.714966
0.010864,0.140869,1.007568
0.163208,-0.393799,0.854126
-0.569336,0.131348,0.803833
0.411377,-0.193237,1.007324
-0.346924,-0.217041,0.706543
-0.069092,0.176147,0.979004
0.236084,-0.396118,0.875977
-0.593872,0.109009,0.774170
0.411499,-0.167725,1.025391
-0.261475,-0.260254,0.724487
-0.160156,0.175415,0.955322
0.295410,-0.404297,0.889526
-0.613525,0.100708,0.763184
0.390747,-0.116821,1.033447
-0.181885,-0.315552,0.719604
-0.248657,0.189697,0.915161
0.338989,-0.372192,0.902222
-0.605835,0.039429,0.731445
0.345459,-0.109619,1.023438
-0.125732,-0.370117,0.719116
-0.335938,0.227539,0.892578
0.380493,-0.350952,0.918335
-0.571655,0.017212,0.721680
0.271240,-0.072632,1.009155
-0.074097,-0.397949,0.740356
-0.412231,0.220215,0.863403
0.409180,-0.305054,0.949097
-0.549683,-0.038696,0.703003
0.177490,0.008545,1.008667
-0.013794,-0.414429,0.772095
-0.475586,0.208740,0.842773
0.415527,-0.264526,0.963501
-0.494385,-0.079590,0.723267
0.090942,0.082031,1.018677
0.070923,-0.417114,0.796509
-0.530762,0.200928,0.824463
0.415405,-0.216553,0.974976
-0.397339,-0.128662,0.749146
0.021362,0.137939,1.021973
0.161743,-0.415039,0.842529
-0.580566,0.157227,0.787476
0.419434,-0.171143,1.008789
-0.310181,-0.196289,0.739990
-0.074463,0.191284,0.994507
0.261475,-0.390503,0.885864
-0.599243,0.118286,0.778076
0.399048,-0.135620,1.020996
-0.222778,-0.281128,0.724243
-0.166260,0.193115,0.955078
0.326904,-0.387207,0.911377
-0.597900,0.098877,0.772095
0.359741,-0.103149,1.021484
-0.153564,-0.350952,0.717529
-0.265625,0.198730,0.906494
0.389038,-0.359619,0.932007
-0.579102,0.061401,0.748901
0.300415,-0.048096,1.014771
-0.093506,-0.395630,0.718140
-0.334473,0.186646,0.873169
0.395142,-0.318848,0.939575
-0.540771,-0.026367,0.722412
0.227661,0.013550,1.006104
-0.036011,-0.398560,0.749146
-0.412231,0.187866,0.847168
0.414917,-0.286377,0.953125
-0.504761,-0.055786,0.731934
0.147095,0.063721,1.006470
0.041138,-0.395142,0.783081
-0.494507,0.187500,0.824585
0.433105,-0.235474,0.979248
-0.430054,-0.093628,0.748535
0.069336,0.107178,1.005737
0.127441,-0.405640,0.825317
-0.554199,0.176147,0.793335
0.432251,-0.196899,1.001953
-0.331909,-0.173218,0.752930
-0.024780,0.157959,1.002808
0.205688,-0.402832,0.856567
-0.581787,0.136597,0.766968
0.432495,-0.151733,1.024536
-0.234985,-0.224609,0.747559
-0.118530,0.199707,0.973999
0.281616,-0.385742,0.886108
-0.598022,0.081665,0.746460
0.409912,-0.151123,1.030273
-0.149414,-0.316772,0.744385
-0.201294,0.218262,0.937012
0.348877,-0.365479,0.900146
-0.584717,0.072754,0.749756
0.364014,-0.110352,1.024170
-0.072632,-0.369385,0.750122
-0.295898,0.209595,0.884277
0.382935,-0.334473,0.934326
-0.557129,-0.017334,0.730103
0.293213,-0.072876,0.997437
-0.017212,-0.398193,0.757935
-0.378540,0.212769,0.846191
0.407593,-0.278198,0.937134
-0.513916,-0.053955,0.732422
0.200928,-0.031250,0.994995
0.023804,-0.437988,0.770386
-0.436279,0.183960,0.826660
0.427368,-0.234863,0.956787
-0.463379,-0.083862,0.739746
0.105347,0.073120,1.014404
0.103516,-0.456421,0.790649
-0.509277,0.138428,0.786865
0.447998,-0.221436,0.995483
-0.397827,-0.126709,0.744507
0.016235,0.160156,1.004517
0.195312,-0.429443,0.830444
-0.553711,0.121826,0.788574
0.432495,-0.205078,1.003784
-0.275269,-0.230591,0.752686
-0.061035,0.176880,0.990601
0.259644,-0.403320,0.869873
-0.610352,0.111938,0.754761
0.449463,-0.217163,1.029297
-0.173340,-0.286499,0.763672
-0.147949,0.220825,0.957886
0.288452,-0.328857,0.896118
-0.599609,0.085571,0.739990
0.426636,-0.194336,1.026367
-0.093628,-0.352295,0.777832
-0.201782,0.202271,0.922485
0.337280,-0.307861,0.909912
-0.574463,0.092773,0.766357
0.372681,-0.147095,1.003052
-0.043945,-0.386841,0.777222
-0.243408,0.171021,0.889160
0.368896,-0.302856,0.923828
-0.571655,0.076294,0.742920
0.318237,-0.116333,0.992188
-0.026733,-0.412720,0.770386
-0.292969,0.138062,0.858765
0.409790,-0.303467,0.938965
-0.555054,0.041870,0.730835
0.263672,-0.052856,0.988892
0.022827,-0.444946,0.768066
-0.339844,0.131348,0.840820
0.417358,-0.326538,0.942383
-0.535400,-0.016235,0.726318
0.238525,-0.025757,1.001221
0.047119,-0.434448,0.763794
-0.399292,0.165405,0.823608
0.433960,-0.308716,0.968262
-0.498657,-0.075195,0.738281
0.183105,-0.012817,1.007324
0.065918,-0.424683,0.784912
-0.443481,0.182495,0.820435
0.447998,-0.291016,0.968506
-0.448975,-0.097778,0.758179
0.124023,0.028931,1.007080
0.100708,-0.453613,0.790527
-0.494385,0.149536,0.781006
0.458252,-0.276733,0.984009
-0.406250,-0.146729,0.757812
0.064575,0.104736,1.014648
0.161865,-0.433228,0.836182
-0.521851,0.092773,0.760498
0.447632,-0.261353,0.989014
-0.345825,-0.166748,0.768066
-0.000488,0.156006,1.023193
0.221924,-0.446655,0.854492
-0.531616,0.051514,0.742432
0.450928,-0.245361,1.003784
-0.283447,-0.204468,0.773560
-0.075562,0.200684,1.001099
0.268311,-0.427856,0.885742
-0.543091,0.039917,0.746094
0.418335,-0.210571,1.016846
-0.193970,-0.290283,0.784180
-0.139893,0.183838,0.973633
0.323608,-0.428833,0.905640
-0.549805,0.036255,0.747437
0.384644,-0.125854,1.031738
-0.111084,-0.297485,0.782349
-0.197021,0.178223,0.944702
0.376465,-0.427979,0.923706
-0.548706,-0.003296,0.746582
0.350830,-0.095581,1.024170
-0.035156,-0.379395,0.766479
-0.269043,0.200073,0.916870
0.411743,-0.368042,0.958618
-0.507324,-0.101685,0.744995
0.275513,-0.088989,1.003540
0.012817,-0.431152,0.774658
-0.331543,0.156372,0.858032
0.442383,-0.322510,0.972412
-0.478149,-0.077271,0.772583
0.203247,-0.055542,1.000854
0.077393,-0.481812,0.771606
-0.388306,0.095093,0.815063
0.452026,-0.277954,0.995850
-0.447876,-0.105713,0.752563
0.127563,0.012695,1.012329
0.135132,-0.473267,0.807861
-0.465576,0.076538,0.778320
0.468262,-0.250854,1.018555
-0.362427,-0.182129,0.758545
0.007446,0.139893,1.020020
0.250366,-0.492188,0.865112
-0.506592,0.033203,0.764160
0.447144,-0.240479,1.022217
-0.287476,-0.218628,0.765503
-0.066406,0.182495,1.011230
0.319702,-0.427246,0.915283
-0.554077,0.041016,0.761719
0.420898,-0.207642,1.034180
-0.153809,-0.309204,0.787354
-0.138184,0.214233,1.004883
0.350830,-0.398193,0.933716
-0.543823,0.007690,0.770142
0.385986,-0.181519,1.032104
-0.064087,-0.397095,0.780884
-0.197998,0.193237,0.963745
0.394165,-0.355103,0.968262
-0.520874,-0.035767,0.755615
0.338013,-0.151978,1.028320
0.014282,-0.435059,0.801880
-0.259888,0.143921,0.908813
0.442993,-0.292725,0.973999
-0.479736,-0.064453,0.759277
0.149048,0.009888,0.997437
0.089233,-0.457397,0.777710
-0.451904,0.110962,0.793701
0.451416,-0.266479,0.988159
-0.398560,-0.117065,0.766113
0.056641,0.097412,0.998291
0.167114,-0.462646,0.821167
-0.526978,0.070679,0.764160
0.470337,-0.261597,1.019287
-0.335693,-0.185791,0.760864
-0.032593,0.181763,1.014282
0.248169,-0.406372,0.875610
-0.553467,0.027100,0.729614
0.450562,-0.260864,1.019653
-0.238892,-0.242065,0.779053
-0.106934,0.192871,0.985352
0.300049,-0.388794,0.905640
-0.552734,0.028687,0.745483
0.417358,-0.219482,1.018188
-0.146362,-0.333740,0.779419
-0.157959,0.197632,0.970093
0.337402,-0.343384,0.926880
-0.553223,0.037964,0.755981
0.388916,-0.194580,1.018188
-0.053101,-0.402344,0.807251
-0.213989,0.164673,0.934570
0.362915,-0.328125,0.946289
-0.527588,0.004150,0.748047
0.344238,-0.142944,1.020630
-0.007568,-0.398682,0.811279
-0.276489,0.164795,0.903564
0.406372,-0.355835,0.943604
-0.520020,-0.032104,0.750366
0.289062,-0.093506,1.004517
0.030396,-0.446777,0.791504
-0.305908,0.132202,0.880615
0.432495,-0.331543,0.980591
-0.500610,-0.084473,0.744995
0.234009,-0.066162,1.005493
0.075073,-0.493652,0.772949
-0.361084,0.145996,0.849243
0.460083,-0.294800,0.995605
-0.459961,-0.104858,0.767700
0.177856,-0.026367,1.013306
0.091675,-0.493164,0.796143
-0.396729,0.057861,0.807739
0.468506,-0.281738,1.005981
-0.434570,-0.119995,0.744141
0.108643,0.063232,1.025757
0.166382,-0.488770,0.842285
-0.447388,0.070679,0.807617
0.464111,-0.253296,1.028687
-0.386108,-0.147949,0.741333
0.048340,0.123291,1.024292
0.234009,-0.459839,0.875244
-0.465454,0.003052,0.776245
0.484131,-0.247437,1.054199
-0.340332,-0.186157,0.744873
-0.024414,0.193604,1.023682
0.295410,-0.451782,0.902954
-0.498413,-0.020630,0.764648
0.472534,-0.238770,1.056641
-0.257080,-0.231079,0.772095
-0.076050,0.206665,1.021118
0.309448,-0.403320,0.930420
-0.526978,-0.001709,0.771118
0.458740,-0.248169,1.060791
-0.169922,-0.279419,0.817993
-0.126709,0.212280,1.016602
0.328735,-0.384277,0.939819
-0.519775,0.005005,0.776245
0.432495,-0.213989,1.068481
-0.114990,-0.328247,0.812134
-0.130859,0.169556,1.016479
0.356689,-0.396118,0.948975
-0.538208,0.016235,0.763062
0.421997,-0.187012,1.071167
-0.049927,-0.375854,0.808228
-0.192505,0.203613,1.002930
0.400269,-0.410522,0.955811
-0.499268,-0.029297,0.770386
0.374146,-0.124146,1.060791
-0.001099,-0.396240,0.821655
-0.223511,0.173218,0.962769
0.429810,-0.377197,0.974609
-0.488403,-0.077148,0.749023
0.323975,-0.094482,1.054932
0.051514,-0.441040,0.825073
-0.272583,0.158203,0.946533
0.459595,-0.352539,1.003662
-0.459473,-0.093384,0.767578
0.281494,-0.045898,1.058350
0.095093,-0.444458,0.839600
-0.333496,0.147339,0.927368
0.472534,-0.304932,1.038452
-0.422607,-0.145264,0.770386
0.221436,-0.012329,1.058472
0.122437,-0.435181,0.849243
-0.372192,0.139160,0.897705
0.497314,-0.287354,1.051880
-0.393799,-0.157837,0.783081
0.146118,0.026978,1.039062
0.216919,-0.463501,0.881226
-0.392334,0.071045,0.843140
0.500610,-0.244629,1.068115
-0.355713,-0.189453,0.783813
0.084473,0.078979,1.041138
0.270752,-0.470337,0.901245
-0.442139,0.030273,0.809204
0.512939,-0.228394,1.096802
-0.273315,-0.236938,0.792480
-0.004395,0.167969,1.046143
0.328369,-0.456665,0.939087
-0.478027,0.027588,0.807617
0.493286,-0.214966,1.096191
-0.185303,-0.283936,0.820801
-0.072754,0.207275,1.049072
0.386108,-0.429199,0.979126
-0.487061,0.007080,0.810303
0.457520,-0.165283,1.108887
-0.087524,-0.327515,0.849365
-0.128906,0.228882,1.050293
0.426514,-0.390869,1.008423
-0.485229,0.001221,0.812012
0.416626,-0.126465,1.101807
0.004272,-0.356689,0.856201
-0.162109,0.194458,1.029297
0.442993,-0.346436,1.023193
-0.481323,-0.080200,0.774780
0.396362,-0.113525,1.115112
0.071777,-0.398804,0.866089
-0.233643,0.239502,1.017334
0.470703,-0.320801,1.039673
-0.432617,-0.087891,0.809814
0.345215,-0.076538,1.109985
0.083374,-0.410034,0.870239
-0.284912,0.182373,0.979248
0.511963,-0.277954,1.080078
-0.414185,-0.119873,0.799561
0.267334,-0.014893,1.097412
0.157471,-0.429077,0.906860
-0.346802,0.127319,0.925781
0.531250,-0.260986,1.113525
-0.384644,-0.153687,0.797485
0.191895,0.041992,1.074097
0.243896,-0.457642,0.932373
-0.384155,0.106201,0.882690
0.534302,-0.232544,1.124268
-0.331665,-0.190430,0.805786
0.131958,0.094849,1.076050
0.286011,-0.462036,0.938965
-0.407349,0.075562,0.874146
0.545166,-0.228760,1.122314
-0.282715,-0.216431,0.812622
0.062378,0.177979,1.088257
0.336670,-0.468506,0.964600
-0.444214,0.020264,0.850220
0.525757,-0.187012,1.150269
-0.225464,-0.246338,0.823120
0.015381,0.221069,1.110474
0.384644,-0.434204,0.990845
-0.482056,0.068481,0.850098
0.523682,-0.202881,1.140137
-0.131348,-0.260254,0.885010
-0.043457,0.226562,1.093384
0.387939,-0.364746,1.006226
-0.472046,0.012573,0.833374
0.512817,-0.189453,1.151855
-0.042847,-0.327271,0.884766
-0.101807,0.249268,1.094971
0.424805,-0.367065,1.017334
-0.466675,0.003906,0.837646
0.477905,-0.153442,1.147461
0.017334,-0.367920,0.893555
-0.144897,0.207886,1.062378
0.462158,-0.318848,1.055664
-0.452759,-0.034912,0.817505
0.437744,-0.092529,1.158691
0.042725,-0.383667,0.888184
-0.189209,0.199951,1.054321
0.497192,-0.325928,1.076172
-0.440552,-0.057495,0.811035
0.389282,-0.038330,1.157715
0.072021,-0.354858,0.925415
-0.234497,0.197266,1.040161
0.515747,-0.277100,1.115112
-0.414185,-0.084961,0.813599
0.333252,0.003418,1.147827
0.126831,-0.398804,0.927979
-0.292480,0.174683,1.005493
0.533081,-0.252930,1.133667
-0.383179,-0.136597,0.808228
0.278809,0.046021,1.148193
0.190430,-0.403931,0.941040
-0.345947,0.139282,0.965820
0.558960,-0.238770,1.147705
-0.331665,-0.173950,0.824829
0.195679,0.078735,1.127197
0.271729,-0.424438,0.958252
-0.382568,0.106567,0.896729
0.557129,-0.212036,1.148193
-0.257812,-0.211060,0.850098
0.097168,0.124023,1.105835
0.327026,-0.406250,0.987061
-0.414551,0.074707,0.872070
0.559814,-0.179443,1.171021
-0.202393,-0.230957,0.855591
-0.007690,0.187622,1.083252
0.398926,-0.396240,1.023071
-0.427979,0.004395,0.859253
0.521484,-0.134521,1.179199
-0.079224,-0.278198,0.888306
-0.099976,0.224365,1.079346
0.446411,-0.363159,1.034790
-0.427002,-0.057007,0.842163
0.476807,-0.092896,1.178833
0.014893,-0.304443,0.891235
-0.175781,0.237549,1.059448
0.481812,-0.295654,1.078369
-0.421997,-0.110840,0.818237
0.398804,-0.073975,1.170532
0.049194,-0.342285,0.914795
-0.250000,0.212524,1.021729
0.544312,-0.274292,1.124146
-0.383667,-0.144043,0.821899
0.276245,0.004517,1.142700
0.164795,-0.395874,0.936890
-0.320190,0.106445,0.938843
0.557739,-0.215332,1.161255
-0.322021,-0.200317,0.809326
0.157471,0.104126,1.124756
0.275024,-0.433960,0.953979
-0.407959,0.100708,0.913330
0.575073,-0.220093,1.156860
-0.240234,-0.212280,0.846191
0.037842,0.170288,1.092285
0.356323,-0.377686,0.999023
-0.445068,0.017090,0.854736
0.538574,-0.170288,1.183105
-0.096558,-0.326782,0.861084
-0.054565,0.192139,1.095215
0.399536,-0.357178,1.002563
-0.467163,0.015747,0.849365
0.491089,-0.163086,1.168701
-0.033813,-0.373779,0.860107
-0.135742,0.176147,1.065674
0.437134,-0.305298,1.059570
-0.486206,-0.003784,0.811890
0.437378,-0.079834,1.170532
0.025269,-0.369385,0.897095
-0.239014,0.200073,1.045410
0.495117,-0.300049,1.101074
-0.447388,-0.042847,0.804932
0.351318,0.002197,1.158813
0.093262,-0.394409,0.916138
-0.294434,0.169312,1.011475
0.527954,-0.270142,1.135376
-0.419067,-0.128662,0.796387
0.274902,0.066528,1.167480
0.139038,-0.407349,0.904297
-0.345947,0.128906,0.946533
0.547485,-0.265747,1.138794
-0.360474,-0.187378,0.802856
0.199097,0.098511,1.134399
0.189941,-0.381104,0.925415
-0.393555,0.114014,0.900757
0.547852,-0.257568,1.135620
-0.309570,-0.247070,0.809814
0.127197,0.113892,1.112183
0.230713,-0.378540,0.927490
-0.421265,0.099609,0.879150
0.569214,-0.219116,1.153564
-0.277222,-0.261963,0.810547
0.049683,0.135620,1.090576
0.294678,-0.416138,0.948975
-0.440063,0.055176,0.863525
0.540283,-0.196777,1.145996
-0.185059,-0.293335,0.832886
-0.031616,0.183228,1.079834
0.328125,-0.385498,0.953125
-0.465332,0.016479,0.833618
0.523804,-0.208862,1.143799
-0.127319,-0.323730,0.834106
-0.068970,0.174683,1.075317
0.357666,-0.367065,0.974854
-0.481445,-0.014038,0.808350
0.500366,-0.180664,1.145752
-0.095825,-0.352905,0.828735
-0.155640,0.189697,1.039307
0.405640,-0.363281,0.985352
-0.496582,-0.011230,0.810059
0.458862,-0.140869,1.144653
-0.061646,-0.331543,0.841064
-0.221924,0.199463,1.005615
0.424927,-0.313721,1.020020
-0.497925,-0.060669,0.780273
0.410645,-0.136719,1.140869
-0.013428,-0.344971,0.862549
-0.304199,0.228271,0.991699
0.465210,-0.287476,1.061768
-0.480957,-0.093750,0.765869
0.319458,-0.083984,1.116943
0.037842,-0.361938,0.869873
-0.336792,0.187866,0.948242
0.488892,-0.277710,1.058350
-0.438721,-0.117676,0.770630
0.239746,-0.034302,1.100708
0.110474,-0.395020,0.888184
-0.402222,0.153809,0.908936
0.501953,-0.256104,1.083618
-0.408936,-0.131592,0.780273
0.145630,0.041626,1.081543
0.193115,-0.423584,0.907959
-0.463501,0.132935,0.883057
0.502563,-0.230591,1.091797
-0.348389,-0.209961,0.780151
0.044312,0.098022,1.057129
0.251099,-0.414917,0.924927
-0.484131,0.058228,0.835693
0.491455,-0.185059,1.109253
-0.232056,-0.260864,0.796997
-0.048828,0.137329,1.039429
0.304932,-0.397461,0.927979
-0.503174,0.013062,0.810913
0.479736,-0.189819,1.106567
-0.161133,-0.308350,0.779907
-0.159180,0.162842,0.994141
0.346558,-0.354004,0.958130
-0.516113,-0.048340,0.766602
0.437134,-0.171753,1.108643
-0.112549,-0.335327,0.790771
-0.265015,0.215576,0.981445
0.388062,-0.300415,0.989014
-0.522339,-0.081665,0.757690
0.360962,-0.140381,1.104858
-0.051270,-0.381470,0.810547
-0.333496,0.191528,0.928955
0.424194,-0.299072,1.006714
-0.503662,-0.051758,0.767090
0.271118,-0.067871,1.093262
0.026367,-0.405762,0.852295
-0.417114,0.148926,0.884644
0.460571,-0.271240,1.040649
-0.456299,-0.137695,0.726440
0.143311,0.058228,1.056885
0.131958,-0.393921,0.869629
-0.493286,0.123657,0.852905
0.470337,-0.265991,1.054443
-0.363647,-0.236938,0.747070
0.030884,0.126099,1.045898
0.205444,-0.389526,0.878540
-0.522339,0.052490,0.808228
0.461914,-0.240967,1.066895
-0.252686,-0.325562,0.742188
-0.073486,0.139771,1.005127
0.266479,-0.364014,0.903687
-0.541260,0.025635,0.786987
0.446411,-0.217896,1.069702
-0.202515,-0.366089,0.725342
-0.180176,0.151001,0.974976
0.330322,-0.355225,0.935303
-0.556641,0.012695,0.752319
0.376099,-0.148926,1.071045
-0.152710,-0.356445,0.762939
-0.275024,0.171875,0.958008
0.382080,-0.362671,0.963623
-0.541260,-0.034302,0.747070
0.297485,-0.060547,1.060059
-0.108398,-0.322754,0.785156
-0.344971,0.155151,0.900513
0.407471,-0.342773,0.992676
-0.521240,-0.121826,0.723389
0.232300,-0.022217,1.061157
-0.044067,-0.372681,0.778809
-0.431030,0.179565,0.885620
0.433594,-0.306030,1.011108
-0.492676,-0.147339,0.722412
0.140869,0.016724,1.040649
0.068481,-0.386230,0.826294
-0.517334,0.197754,0.849487
0.446533,-0.283569,1.025024
-0.443481,-0.208374,0.722534
0.055664,0.068481,1.034546
0.162109,-0.425293,0.856934
-0.564209,0.131470,0.806030
0.442627,-0.257324,1.025635
-0.327148,-0.264648,0.740845
-0.055664,0.133667,1.006836
0.231567,-0.405518,0.881592
-0.577148,0.076782,0.779419
0.424683,-0.204956,1.041504
-0.252441,-0.329224,0.723022
-0.166260,0.156128,0.964111
0.306152,-0.383423,0.901733
-0.573608,0.030518,0.759399
0.389771,-0.164795,1.048950
-0.195679,-0.334839,0.724976
-0.263916,0.170898,0.938477
0.344116,-0.353149,0.943481
-0.586426,-0.015625,0.740967
0.332275,-0.139160,1.049683
-0.121948,-0.387817,0.743652
-0.363403,0.196411,0.899048
0.377075,-0.322754,0.952881
-0.560791,-0.026123,0.732056
0.244873,-0.077026,1.033813
-0.048462,-0.417969,0.778320
-0.451904,0.199707,0.874023
0.407104,-0.298950,0.972168
-0.519287,-0.085938,0.711548
0.118530,0.059570,1.024414
0.045410,-0.398804,0.814331
-0.512939,0.163696,0.851685
0.425171,-0.279541,0.988403
-0.443726,-0.163940,0.727783
0.043457,0.129517,1.027710
0.116577,-0.406372,0.812988
-0.571167,0.131836,0.807983
0.428589,-0.259766,1.006104
-0.339111,-0.271484,0.718384
-0.033936,0.133911,0.988525
0.185547,-0.374390,0.839478
-0.612061,0.114746,0.772949
0.423218,-0.266968,1.012085
-0.254639,-0.351685,0.729370
-0.109863,0.136230,0.968628
0.251343,-0.367432,0.871948
-0.625854,0.147217,0.760742
0.400879,-0.232422,1.005615
-0.202393,-0.346680,0.732788
-0.193359,0.118408,0.941284
0.303711,-0.380005,0.894653
-0.605347,0.102173,0.745972
0.347046,-0.117554,1.018433
-0.160278,-0.307495,0.749756
-0.267334,0.158936,0.925537
0.343506,-0.398193,0.923218
-0.602661,0.034424,0.725952
0.329102,-0.109985,1.015991
-0.139771,-0.349731,0.711670
-0.336548,0.205078,0.903198
0.381714,-0.368286,0.928589
-0.593872,-0.016968,0.712280
0.280518,-0.095459,1.010742
-0.104248,-0.369019,0.733643
-0.384155,0.198120,0.873535
0.402588,-0.311523,0.950806
-0.562744,-0.022949,0.711792
0.205078,-0.021606,1.004395
-0.053223,-0.393677,0.765991
-0.440063,0.195068,0.854492
0.411133,-0.301636,0.965088
-0.544189,-0.053833,0.708130
0.142456,0.031250,1.004761
0.006104,-0.407715,0.776978
-0.491089,0.200806,0.857544
0.414307,-0.263428,0.967041
-0.486450,-0.096558,0.734131
0.072021,0.065796,1.012939
0.093994,-0.421143,0.814819
-0.562622,0.224243,0.821167
0.415161,-0.227173,0.987793
-0.391602,-0.182007,0.736572
0.007324,0.114502,1.011841
0.158325,-0.420776,0.828613
-0.591064,0.175415,0.791504
0.416748,-0.159668,1.019043
-0.298584,-0.255737,0.718872
-0.062256,0.150269,0.998535
0.241455,-0.414551,0.865723
-0.617188,0.153442,0.767090
0.399780,-0.145508,1.012695
-0.236328,-0.310425,0.708008
-0.162354,0.188843,0.958130
0.303589,-0.373535,0.901611
-0.601074,0.107788,0.762207
0.381470,-0.129639,1.019897
-0.161255,-0.343262,0.712646
-0.253784,0.181519,0.905396
0.339844,-0.366211,0.910400
-0.604370,0.055054,0.726196
0.345825,-0.103882,1.014771
-0.109497,-0.381348,0.722290
-0.331665,0.207764,0.884888
0.385010,-0.348022,0.926392
-0.578735,0.004761,0.716431
0.266724,-0.056152,1.000122
-0.076416,-0.379028,0.745361
-0.380981,0.191040,0.858154
0.412109,-0.298950,0.962646
-0.554077,-0.045166,0.695679
0.173096,0.040649,1.001709
-0.017090,-0.394897,0.773560
-0.428589,0.171265,0.851929
0.425415,-0.282104,0.975708
-0.525391,-0.051636,0.710449
0.106445,0.104370,1.010254
0.039062,-0.401245,0.774536
-0.494263,0.157471,0.827271
0.443359,-0.278076,0.985718
-0.460571,-0.102783,0.731567
0.062012,0.156494,1.015869
0.079956,-0.383179,0.788452
-0.551392,0.178223,0.806274
0.473267,-0.283325,1.004272
-0.393677,-0.162231,0.749146
0.005493,0.177979,1.002197
0.144165,-0.373901,0.821167
-0.586914,0.171265,0.793701
0.459595,-0.255249,1.009888
-0.311035,-0.226074,0.752075
-0.029175,0.167358,0.996948
0.174805,-0.354492,0.832764
-0.595825,0.154175,0.771729
0.455566,-0.228638,1.014160
-0.261475,-0.258057,0.755127
-0.093994,0.173706,0.972046
0.252686,-0.374146,0.874390
-0.598877,0.150635,0.767578
0.422729,-0.170044,1.014038
-0.208130,-0.298218,0.743774
-0.144653,0.173706,0.956055
0.303467,-0.377930,0.887207
-0.595581,0.118408,0.758667
0.406250,-0.124512,1.030029
-0.149658,-0.307129,0.749146
-0.219604,0.197144,0.922363
0.346436,-0.382690,0.903198
-0.609619,0.073608,0.745117
0.376343,-0.116943,1.025146
-0.090210,-0.360718,0.737549
-0.279053,0.225342,0.889771
0.376831,-0.328979,0.922852
-0.573730,0.035156,0.737183
0.321289,-0.098877,0.998901
-0.052490,-0.391846,0.755371
-0.326660,0.185791,0.859619
0.409790,-0.312134,0.938110
-0.541870,0.003662,0.728394
0.239258,-0.007324,0.987061
-0.019409,-0.399292,0.744751
-0.380249,0.142212,0.836426
0.419067,-0.291382,0.969971
-0.509888,-0.069092,0.727417
0.181641,0.060181,1.011963
0.027710,-0.399902,0.765259
-0.449707,0.160889,0.815063
0.432007,-0.260620,0.978638
-0.466797,-0.124146,0.740845
0.121338,0.058472,1.008057
0.086548,-0.405396,0.802734
-0.505859,0.192871,0.796509
0.429810,-0.196411,0.988403
-0.395874,-0.114502,0.754272
0.057983,0.085693,1.001221
0.159058,-0.421021,0.825439
-0.558838,0.170166,0.781738
0.438599,-0.204224,0.992920
-0.326172,-0.158936,0.766846
-0.029053,0.158447,0.993774
0.236694,-0.407837,0.860718
-0.567627,0.120728,0.763550
0.428711,-0.169800,1.006714
-0.235840,-0.227417,0.756470
-0.121582,0.200562,0.972900
0.301636,-0.406738,0.897705
-0.577148,0.081177,0.753174
0.403809,-0.117554,1.025879
-0.146484,-0.314087,0.759155
-0.207153,0.197754,0.930054
0.356323,-0.425537,0.905396
-0.571777,0.062744,0.758179
0.359985,-0.063843,1.035522
-0.069092,-0.350464,0.755249
-0.292847,0.205444,0.885254
0.393799,-0.378052,0.927734
-0.544067,-0.025635,0.745117
0.297485,-0.046143,1.018677
-0.013184,-0.384521,0.752197
-0.365723,0.203125,0.848755
0.417603,-0.320679,0.953003
-0.498291,-0.104248,0.743164
0.214600,-0.027588,1.002319
0.020752,-0.408813,0.758057
-0.412476,0.175659,0.809814
0.437988,-0.270508,0.968140
-0.446777,-0.127075,0.756958
0.122314,0.032959,1.000732
0.096924,-0.434448,0.800537
-0.495239,0.154297,0.780884
0.443359,-0.219604,0.986084
-0.385010,-0.125732,0.768188
0.027954,0.093384,1.000122
0.187256,-0.468506,0.835938
-0.540527,0.104004,0.749878
0.434692,-0.159180,1.015625
-0.264648,-0.179688,0.769165
-0.097168,0.192871,1.002075
0.284668,-0.491333,0.856812
-0.569580,0.048950,0.740601
0.406494,-0.148682,1.017334
-0.159790,-0.260498,0.769043
-0.192871,0.227173,0.956177
0.352783,-0.383057,0.928711
-0.550781,0.010620,0.760376
0.357300,-0.118652,1.020508
-0.047852,-0.381348,0.760376
-0.280396,0.203857,0.903564
0.408081,-0.341187,0.950806
-0.511475,-0.058594,0.750610
0.263916,-0.063965,0.998657
0.015503,-0.419434,0.757202
-0.382812,0.163208,0.831909
0.427124,-0.313354,0.958984
-0.466431,-0.113647,0.758667
0.166382,-0.007812,1.005493
0.095337,-0.453369,0.788940
-0.480713,0.157471,0.782349
0.433838,-0.239136,0.989136
-0.378906,-0.154053,0.758789
0.051147,0.080811,1.009766
0.177734,-0.463867,0.834106
-0.523438,0.086060,0.760864
0.427734,-0.214600,0.983154
-0.270386,-0.202637,0.773560
-0.078247,0.179077,1.002930
0.297852,-0.464844,0.889404
-0.561646,0.034180,0.741333
0.406128,-0.174927,1.013916
-0.149902,-0.270508,0.784180
-0.184814,0.194702,0.954468
0.366577,-0.410767,0.934814
-0.545044,-0.023193,0.758179
0.342163,-0.109985,1.021606
-0.025635,-0.385132,0.773560
-0.289551,0.183350,0.889404
0.403076,-0.346313,0.951416
-0.484497,-0.107056,0.765625
0.243164,-0.078125,0.995361
0.048706,-0.456055,0.777344
-0.389526,0.137817,0.829346
0.458618,-0.300171,0.981567
-0.436646,-0.131470,0.751343
0.128784,0.030396,1.014038
0.108154,-0.450073,0.804199
-0.470337,0.080200,0.772827
0.466309,-0.284180,1.007324
-0.357300,-0.201538,0.760864
-0.006592,0.136963,1.011475
0.243164,-0.482788,0.851562
-0.526978,0.042725,0.743164
0.436646,-0.228638,1.018921
-0.237427,-0.256226,0.775146
-0.112305,0.184326,0.997192
0.326538,-0.435303,0.905518
-0.544678,0.021606,0.750244
0.402832,-0.171753,1.032715
-0.106323,-0.345947,0.788940
-0.223755,0.177979,0.951172
0.389771,-0.403320,0.943237
-0.513184,-0.038330,0.752808
0.338623,-0.084717,1.034546
0.005249,-0.391602,0.802124
-0.313843,0.151001,0.884888
0.442383,-0.385742,0.965820
-0.479004,-0.140137,0.748169
0.245850,-0.028931,1.043091
0.084106,-0.434082,0.795898
-0.402100,0.172485,0.852539
0.458740,-0.323242,0.991699
-0.415283,-0.171753,0.767212
0.133545,0.007202,1.015015
0.129761,-0.454346,0.821167
-0.448486,0.089722,0.802124
0.476929,-0.262085,1.020264
-0.346680,-0.195190,0.769409
0.022217,0.117798,1.021118
0.249146,-0.488892,0.862793
-0.489380,0.024536,0.762329
0.454956,-0.254761,1.028442
-0.251343,-0.233521,0.799927
-0.071777,0.162476,1.016724
0.326660,-0.458862,0.911865
-0.525024,0.026733,0.763306
0.415771,-0.175537,1.052856
-0.138062,-0.302002,0.797974
-0.135986,0.165039,1.003418
0.377319,-0.431519,0.947998
-0.526489,-0.010010,0.763184
0.377441,-0.129028,1.048706
-0.025513,-0.379517,0.810547
-0.226074,0.174194,0.953613
0.427490,-0.405518,0.984009
-0.486694,-0.094238,0.757935
0.311890,-0.065674,1.049438
0.047729,-0.408081,0.807983
-0.292603,0.147339,0.917603
0.469238,-0.356323,1.008545
-0.456299,-0.157104,0.753296
0.248169,-0.048340,1.036621
0.086304,-0.427246,0.814819
-0.484619,0.108154,0.771240
0.460205,-0.242188,1.006836
-0.410034,-0.192749,0.766357
-0.012085,0.123413,1.006836
0.231689,-0.509521,0.836182
-0.523926,0.043823,0.740723
0.458252,-0.222778,1.024170
-0.266846,-0.175049,0.790771
-0.094360,0.182373,1.005127
0.313965,-0.487671,0.892090
-0.550415,0.032227,0.741821
0.418213,-0.179077,1.034546
-0.155640,-0.278931,0.790405
-0.156616,0.197510,0.992310
0.347046,-0.437744,0.914307
-0.543091,0.009155,0.748291
0.379395,-0.141724,1.038574
-0.057373,-0.373657,0.782227
-0.225586,0.195312,0.950317
0.383667,-0.389771,0.941406
-0.521240,-0.057861,0.755005
0.332764,-0.142090,1.016235
0.014526,-0.433105,0.790894
-0.292847,0.168213,0.893555
0.434448,-0.350586,0.967407
-0.490723,-0.088501,0.757324
0.246704,-0.075439,1.012451
0.067871,-0.488037,0.784424
-0.346802,0.128906,0.850708
0.463501,-0.302002,0.999146
-0.453613,-0.083374,0.765137
0.159912,0.010620,1.013916
0.120605,-0.498535,0.800659
-0.421387,0.085693,0.818481
0.470581,-0.273560,1.016479
-0.391357,-0.135010,0.773560
0.065918,0.075928,1.015625
0.216919,-0.491455,0.851318
-0.483521,0.044800,0.775879
0.460571,-0.244629,1.034302
-0.313477,-0.200073,0.775024
-0.012329,0.139282,1.031006
0.301025,-0.485962,0.894775
-0.515015,0.036011,0.761719
0.441650,-0.207397,1.042236
-0.204468,-0.252075,0.800903
-0.097900,0.195312,1.010376
0.350952,-0.467041,0.925659
-0.510986,0.001709,0.762329
0.408447,-0.148071,1.053223
-0.138550,-0.270996,0.801636
-0.160400,0.188843,0.997314
0.402344,-0.444458,0.961304
-0.506348,-0.059814,0.771851
0.366943,-0.110596,1.056519
-0.042236,-0.353027,0.813477
-0.222900,0.163574,0.968018
0.444824,-0.400757,0.987549
-0.475830,-0.088501,0.760254
0.310303,-0.054565,1.053711
0.044800,-0.403198,0.817871
-0.277222,0.150513,0.936646
0.475220,-0.365601,1.008545
-0.452881,-0.125122,0.768799
0.258179,-0.015991,1.048950
0.093018,-0.422729,0.829712
-0.351196,0.131104,0.892944
0.493042,-0.333374,1.041626
-0.414429,-0.196899,0.752319
0.181519,0.028931,1.046997
0.148804,-0.430542,0.845459
-0.414429,0.122925,0.865967
0.511230,-0.294434,1.059326
-0.353271,-0.220215,0.756592
0.084229,0.084717,1.036987
0.245728,-0.478027,0.877441
-0.450073,0.040405,0.799316
0.501343,-0.251587,1.070557
-0.282593,-0.235962,0.785767
-0.002319,0.146362,1.032593
0.312500,-0.467163,0.918701
-0.465332,-0.004883,0.790649
0.482422,-0.210083,1.081909
-0.198608,-0.240356,0.819946
-0.091064,0.210693,1.037476
0.375732,-0.440796,0.956543
-0.487183,-0.018921,0.792480
0.448730,-0.167969,1.096680
-0.088379,-0.314331,0.835205
-0.164673,0.237671,1.037964
0.426758,-0.405884,0.984985
-0.475220,-0.062744,0.789429
0.399780,-0.144165,1.094604
0.030762,-0.378174,0.871582
-0.219238,0.204224,0.997437
0.455566,-0.350098,1.009766
-0.462769,-0.079590,0.776245
0.344971,-0.096191,1.080322
0.092041,-0.423584,0.876709
-0.283691,0.175537,0.967163
0.484985,-0.287598,1.057007
-0.419800,-0.127808,0.787231
0.267700,-0.032471,1.076782
0.133423,-0.436890,0.885254
-0.345947,0.152588,0.930908
0.520020,-0.262207,1.096436
-0.383789,-0.152222,0.789795
0.174683,0.047607,1.075562
0.221313,-0.474609,0.901001
-0.392944,0.071777,0.876587
0.536865,-0.249634,1.111816
-0.313477,-0.195190,0.794922
0.083374,0.143066,1.075439
0.303955,-0.479126,0.931152
-0.434448,0.023682,0.844360
0.529663,-0.227539,1.126831
-0.248047,-0.255005,0.803833
0.008179,0.191406,1.084961
0.366577,-0.415649,0.974854
-0.472168,0.039795,0.823364
0.504395,-0.209717,1.120972
-0.152954,-0.307861,0.839722
-0.061157,0.182373,1.048218
0.396484,-0.392212,0.991699
-0.467163,0.005737,0.816406
0.483032,-0.162476,1.137939
-0.077393,-0.319092,0.864136
-0.125732,0.191040,1.041260
0.440674,-0.358643,1.018677
-0.448120,-0.037476,0.819092
0.430420,-0.113403,1.133667
0.031982,-0.383667,0.879517
-0.171021,0.199951,1.040161
0.488037,-0.339233,1.057495
-0.449585,-0.051147,0.812744
0.392334,-0.069092,1.138428
0.071167,-0.385010,0.892212
-0.230469,0.191650,1.016479
0.495605,-0.284790,1.092529
-0.404663,-0.132446,0.815063
0.344482,-0.037598,1.137451
0.104004,-0.371948,0.910889
-0.302612,0.216431,0.991089
0.530151,-0.266113,1.116089
-0.377197,-0.145142,0.824463
0.275757,-0.015015,1.126221
0.175781,-0.414307,0.932495
-0.349854,0.156006,0.931641
0.550415,-0.245728,1.129883
-0.323486,-0.187134,0.821167
0.193726,0.079346,1.126221
0.257080,-0.436890,0.948486
-0.374146,0.112305,0.889160
0.541870,-0.195435,1.124512
-0.278076,-0.203857,0.828003
0.112671,0.117676,1.107178
0.334473,-0.445312,0.981934
-0.417969,0.091064,0.869019
0.535278,-0.171631,1.143066
-0.216309,-0.223877,0.850586
0.020508,0.175171,1.095947
0.398804,-0.419189,1.024780
-0.447876,0.040649,0.854980
0.509399,-0.111206,1.166138
-0.116211,-0.269287,0.869751
-0.070557,0.214233,1.095215
0.443237,-0.395752,1.039429
-0.450317,-0.032715,0.833862
0.483521,-0.080933,1.180176
0.004272,-0.315308,0.891235
-0.150635,0.236450,1.078125
0.484375,-0.349243,1.070679
-0.431641,-0.086182,0.829712
0.426758,-0.056519,1.180298
0.026733,-0.341431,0.895020
-0.214111,0.238037,1.056152
0.518921,-0.296143,1.100830
-0.417847,-0.095215,0.805542
0.366455,-0.032593,1.164185
0.098877,-0.373779,0.918335
-0.289062,0.185669,0.997925
0.556641,-0.272705,1.135498
-0.391846,-0.134521,0.807617
0.289307,0.013550,1.149536
0.194580,-0.397949,0.953979
-0.347900,0.138184,0.948853
0.559937,-0.245361,1.139771
-0.323975,-0.186401,0.836060
0.201416,0.075806,1.137329
0.266602,-0.417236,0.969727
-0.401855,0.119995,0.898315
0.555908,-0.214478,1.147827
-0.270996,-0.213623,0.838745
0.114990,0.123169,1.118774
0.327881,-0.418579,0.991211
-0.433960,0.090454,0.891724
0.546143,-0.202393,1.157593
-0.214844,-0.253784,0.843018
0.026611,0.168335,1.102905
0.388306,-0.398071,1.013306
-0.442017,0.052856,0.868042
0.532959,-0.129517,1.176025
-0.130005,-0.304443,0.855591
-0.048584,0.180908,1.092773
0.423096,-0.396362,1.030518
-0.452393,0.020020,0.849243
0.505127,-0.097656,1.184570
-0.049805,-0.317261,0.871826
-0.105469,0.214478,1.082397
0.450806,-0.369019,1.033081
-0.455688,-0.012939,0.846313
0.472778,-0.096313,1.178833
-0.043213,-0.322144,0.866699
-0.171997,0.204468,1.052490
0.475708,-0.326538,1.074707
-0.455322,-0.048096,0.821533
0.428589,-0.071655,1.178223
0.004150,-0.337891,0.887329
-0.239380,0.204224,1.030518
0.514038,-0.299438,1.096436
-0.430176,-0.093018,0.819214
0.369507,-0.032959,1.163940
0.073608,-0.355469,0.895508
-0.309570,0.176147,0.976807
0.523560,-0.272461,1.120972
-0.382568,-0.179810,0.803589
0.298218,0.000977,1.155396
0.137329,-0.386719,0.908447
-0.370605,0.159668,0.926392
0.539795,-0.247681,1.124268
-0.339355,-0.224487,0.797852
0.198608,0.033447,1.133545
0.218384,-0.411743,0.934937
-0.418213,0.153564,0.908569
0.539185,-0.231689,1.118896
-0.313110,-0.231689,0.807983
0.113770,0.071045,1.088013
0.291626,-0.401978,0.968506
-0.446655,0.105469,0.873901
0.541504,-0.199341,1.132812
-0.244995,-0.257202,0.826782
0.024048,0.122192,1.075806
0.314209,-0.373047,0.969971
-0.449219,0.036499,0.845825
0.535645,-0.185547,1.151611
-0.152710,-0.300171,0.836060
-0.073730,0.177246,1.059082
0.357300,-0.379028,0.977905
-0.460327,-0.026367,0.826538
0.502319,-0.157593,1.156494
-0.105103,-0.338989,0.820923
-0.145752,0.187622,1.037231
0.399658,-0.345825,1.001831
-0.474609,-0.056152,0.811768
0.453613,-0.130737,1.152710
-0.067017,-0.346191,0.827393
-0.221436,0.207397,1.011841
0.442627,-0.306885,1.035522
-0.484985,-0.074829,0.781372
0.390625,-0.099487,1.143555
-0.013428,-0.340454,0.865723
-0.281982,0.197754,0.982422
0.462524,-0.271606,1.058838
-0.455933,-0.122559,0.774170
0.307373,-0.054932,1.134888
0.062622,-0.389771,0.867798
-0.362915,0.176392,0.930054
0.486084,-0.282837,1.054565
-0.399414,-0.160522,0.775269
0.199951,0.031738,1.104248
0.129272,-0.387817,0.885010
-0.416382,0.130859,0.900513
0.498779,-0.254028,1.083618
-0.370483,-0.228516,0.762329
0.103638,0.085449,1.074829
0.209961,-0.392334,0.912964
-0.460083,0.086914,0.854736
0.502197,-0.220093,1.106934
-0.288452,-0.276367,0.792969
0.006104,0.121460,1.059326
0.265747,-0.393188,0.919556
-0.492798,0.047485,0.821045
0.498169,-0.197998,1.111938
-0.204102,-0.302246,0.786133
-0.067749,0.140381,1.033447
0.321655,-0.397095,0.937012
-0.517822,0.016235,0.791992
0.459106,-0.152588,1.107178
-0.153564,-0.321045,0.776123
-0.154785,0.167480,1.018066
0.362183,-0.377075,0.955933
-0.521973,-0.024780,0.772583
0.426025,-0.150757,1.099121
-0.134644,-0.326904,0.767700
-0.234863,0.193970,0.998047
0.404175,-0.328247,1.000732
-0.526489,-0.051880,0.769775
0.366333,-0.109253,1.099731
-0.089600,-0.351929,0.794312
-0.323242,0.208252,0.958984
0.438354,-0.336548,1.013062
-0.499390,-0.086670,0.761841
0.285400,-0.064331,1.090332
-0.024902,-0.356079,0.816162
-0.399902,0.181030,0.901245
0.460693,-0.309082,1.036377
-0.458862,-0.157593,0.743774
0.187622,0.007202,1.074219
0.068115,-0.382202,0.853638
-0.464600,0.153687,0.867554
0.468262,-0.265991,1.052490
-0.439819,-0.152344,0.741089
0.092896,0.052734,1.055542
0.159058,-0.408813,0.873291
-0.513062,0.115845,0.833496
0.464844,-0.229858,1.048828
-0.355591,-0.240479,0.747192
0.005249,0.097290,1.032349
0.226440,-0.408081,0.889648
-0.533936,0.066528,0.787598
0.457764,-0.204834,1.068481
-0.262817,-0.280762,0.746704
-0.101929,0.144775,1.001343
0.284180,-0.387451,0.914551
-0.553955,0.025757,0.767578
0.435669,-0.209106,1.063599
-0.206787,-0.335938,0.737793
-0.219604,0.192993,0.971802
0.343018,-0.362183,0.932983
-0.546509,-0.026611,0.755249
0.383057,-0.156982,1.066528
-0.163696,-0.346191,0.742554
-0.300415,0.190674,0.936035
0.379395,-0.343384,0.958374
-0.560181,-0.038574,0.744385
0.313721,-0.122925,1.065430
-0.108032,-0.385864,0.755005
-0.351562,0.192261,0.908325
0.396973,-0.305664,0.980469
-0.551758,-0.049805,0.725464
0.228394,-0.062378,1.051025
-0.019775,-0.435059,0.796021
-0.438721,0.171143,0.880005
0.423462,-0.271484,1.006104
-0.511108,-0.075562,0.724976
0.104370,0.070557,1.029907
0.080811,-0.414673,0.836792
-0.507080,0.140259,0.838623
0.439819,-0.252930,1.030273
-0.422852,-0.179810,0.724609
0.018433,0.142822,1.032959
0.143433,-0.402222,0.844727
-0.556885,0.111450,0.811768
0.441772,-0.254150,1.027954
-0.317871,-0.253784,0.742554
-0.070190,0.167114,0.998779
0.210815,-0.404541,0.854004
-0.581543,0.067871,0.776733
0.428223,-0.231567,1.027344
-0.256226,-0.328125,0.712280
-0.127197,0.162354,0.977417
0.261841,-0.379150,0.879761
-0.596436,0.065430,0.770874
0.409302,-0.209839,1.032227
-0.217163,-0.363647,0.700684
-0.209229,0.169189,0.950073
0.321289,-0.383301,0.893433
-0.605347,0.088623,0.771240
0.365112,-0.162964,1.038330
-0.168701,-0.352539,0.729492
-0.294312,0.174683,0.916504
0.364868,-0.370117,0.931152
-0.604980,0.009399,0.726562
0.305176,-0.126831,1.015625
-0.118896,-0.372314,0.739502
-0.366455,0.187988,0.889038
0.375488,-0.344604,0.943237
-0.569946,-0.043091,0.712524
0.239624,-0.068726,1.018066
-0.062134,-0.393555,0.761230
-0.445435,0.236694,0.874146
0.390259,-0.279419,0.963989
-0.530151,-0.096436,0.708862
0.146362,-0.015015,1.006226
0.008423,-0.422363,0.798462
-0.512817,0.200439,0.834351
0.422485,-0.268066,0.984619
-0.482178,-0.094116,0.732666
0.060547,0.098877,1.021118
0.104248,-0.429565,0.817993
-0.558594,0.174927,0.815552
0.418091,-0.218872,0.997925
-0.370850,-0.184570,0.743896
-0.022217,0.143799,1.003784
0.177368,-0.418335,0.844360
-0.589600,0.135498,0.778564
0.407959,-0.171265,1.024048
-0.282349,-0.296143,0.704956
-0.091064,0.175537,0.999146
0.236694,-0.380249,0.872925
-0.616577,0.097412,0.754272
0.405029,-0.189941,1.018066
-0.226929,-0.344971,0.703003
-0.173950,0.197266,0.974243
0.309937,-0.381226,0.891479
-0.613403,0.095581,0.756592
0.367920,-0.148682,1.018188
-0.170410,-0.351929,0.719849
-0.260132,0.184448,0.918091
0.357422,-0.363037,0.928467
-0.594604,0.048828,0.740601
0.314087,-0.087036,1.020996
-0.136353,-0.363037,0.718018
-0.338623,0.180664,0.870483
0.381470,-0.331665,0.947876
-0.558838,-0.041260,0.709229
0.247681,-0.037720,1.015137
-0.074219,-0.391113,0.728027
-0.423340,0.219238,0.853516
0.404175,-0.325806,0.937500
-0.523804,-0.075562,0.723755
0.186157,0.002563,1.009521
-0.024780,-0.383545,0.758423
-0.477905,0.224243,0.829468
0.416016,-0.259888,0.968384
-0.494141,-0.109619,0.722290
0.103516,0.033691,1.003906
0.061035,-0.417725,0.796997
-0.531128,0.214844,0.821655
0.406982,-0.200195,0.980957
-0.404419,-0.143555,0.744507
0.023560,0.111328,1.015991
0.146973,-0.419922,0.838013
-0.565918,0.153809,0.792725
0.426392,-0.178345,1.011353
-0.340698,-0.163940,0.734985
-0.053223,0.183350,1.000244
0.236206,-0.401855,0.872681
-0.602051,0.120850,0.780029
0.420898,-0.154907,1.027100
-0.243652,-0.224487,0.724243
-0.127563,0.221558,0.970703
0.310059,-0.385010,0.896362
-0.609253,0.090210,0.758301
0.401001,-0.156616,1.008667
-0.176392,-0.288330,0.743896
-0.218262,0.212646,0.915283
0.348145,-0.368286,0.910522
-0.592041,0.034302,0.734863
0.362061,-0.125732,1.012207
-0.109131,-0.356812,0.733154
-0.293945,0.218872,0.895874
0.381470,-0.324585,0.913696
-0.565552,0.011475,0.724365
0.308105,-0.078857,1.007080
-0.056763,-0.387451,0.745483
-0.360229,0.202637,0.858032
0.403564,-0.283691,0.941650
-0.556030,-0.016113,0.718872
0.217651,-0.048340,0.986450
0.010498,-0.437256,0.767090
-0.434082,0.199585,0.834595
0.409424,-0.228027,0.964966
-0.502197,0.177368,0.813843
-0.554443,0.170288,0.796753
-0.328735,-0.158569,0.731689
-0.045288,0.185059,0.996948
0.237427,-0.412109,0.866943
-0.593262,0.114990,0.761230
0.430054,-0.150635,1.025146
-0.202637,-0.246338,0.763184
-0.151001,0.207153,0.959229
0.304565,-0.382690,0.895020
-0.596558,0.086792,0.742798
0.395874,-0.112183,1.020996
-0.105835,-0.319580,0.753174
-0.230591,0.211914,0.917969
0.359619,-0.340210,0.913452
-0.578735,0.069214,0.752197
0.338013,-0.116699,1.004028
-0.058960,-0.401367,0.741211
-0.303711,0.188599,0.872437
0.412231,-0.315552,0.943604
-0.550903,0.013794,0.733887
0.234985,-0.014160,0.996460
0.014038,-0.417725,0.759277
-0.386108,0.162842,0.822388
0.412598,-0.274658,0.957642
-0.503418,-0.094360,0.731079
0.167236,0.017090,1.007080
0.057495,-0.399658,0.786987
-0.470093,0.172974,0.797607
0.444336,-0.245850,0.983643
-0.425537,-0.143188,0.751587
0.086792,0.092285,1.017700
0.106079,-0.383667,0.812378
-0.547607,0.147827,0.771729
0.458984,-0.262817,0.988892
-0.322144,-0.187134,0.769531
-0.017578,0.193604,1.019043
0.214722,-0.414307,0.857056
-0.575684,0.100342,0.758667
0.428101,-0.205688,1.010376
-0.256104,-0.236816,0.762695
-0.079834,0.199097,0.999756
0.291626,-0.390137,0.901001
-0.591187,0.105103,0.747925
0.405273,-0.170532,1.014648
-0.144653,-0.316284,0.766724
-0.175293,0.190308,0.947510
0.342773,-0.397583,0.912964
-0.566772,0.047607,0.757568
0.373169,-0.099365,1.033203
-0.072266,-0.354004,0.759277
-0.257080,0.194824,0.895508
0.383667,-0.348022,0.931641
-0.543579,-0.048584,0.736938
0.311279,-0.093750,1.000732
-0.005859,-0.405762,0.758545
-0.332397,0.182373,0.856079
0.421143,-0.293091,0.951782
-0.503906,-0.043945,0.754028
0.199585,-0.039307,0.983521
0.034424,-0.455688,0.769287
-0.395630,0.119995,0.812622
0.449829,-0.264893,0.979736
-0.463867,-0.060913,0.754883
0.085693,0.078491,0.998901
0.109863,-0.462158,0.796997
-0.475342,0.073242,0.780029
0.460083,-0.238159,1.023682
-0.380249,-0.147095,0.749268
-0.012085,0.182373,1.017090
0.217773,-0.447754,0.833618
-0.544189,0.060547,0.753540
0.458252,-0.241211,1.017212
-0.250000,-0.238892,0.775391
-0.100342,0.234009,1.000977
0.274902,-0.377197,0.877441
-0.562988,0.050537,0.749023
0.418335,-0.238159,1.023193
-0.133789,-0.331177,0.785278
-0.162354,0.205322,0.975586
0.323242,-0.330933,0.918091
-0.562378,0.044067,0.753174
0.364380,-0.173462,1.020142
-0.027710,-0.408447,0.794800
-0.246826,0.160889,0.908325
0.370972,-0.332520,0.929077
-0.540771,-0.016846,0.730835
0.315308,-0.132690,0.995850
0.038330,-0.458740,0.780762
-0.339355,0.162354,0.866211
0.432495,-0.349121,0.960938
-0.494629,-0.101929,0.729370
0.188477,-0.019409,0.989868
0.088623,-0.462891,0.772827
-0.395752,0.128296,0.833618
0.455688,-0.308105,0.981445
-0.457153,-0.136719,0.740845
0.105347,0.021118,0.991699
0.135010,-0.469238,0.806885
-0.468140,0.084717,0.793213
0.459351,-0.254517,1.014771
-0.357178,-0.180054,0.761353
-0.004150,0.130859,1.009033
0.240112,-0.483154,0.855103
-0.511719,0.033569,0.745239
0.451172,-0.222412,1.026123
-0.267944,-0.225098,0.768433
-0.099121,0.177979,0.999268
0.323608,-0.465698,0.899536
-0.535156,0.014404,0.749146
0.421753,-0.177368,1.040405
-0.147217,-0.298950,0.795654
-0.180664,0.207397,0.981812
0.367798,-0.426270,0.936890
-0.519531,-0.034058,0.757690
0.356689,-0.104248,1.047241
-0.037231,-0.371460,0.796021
-0.257812,0.185913,0.938599
0.415405,-0.413940,0.959229
-0.497314,-0.107910,0.745117
0.292969,-0.055542,1.047485
0.041260,-0.416626,0.793701
-0.329102,0.158936,0.890869
0.459106,-0.392456,0.980957
-0.467285,-0.160034,0.744751
0.208740,-0.020386,1.024658
0.080200,-0.418579,0.793335
-0.376709,0.133301,0.857422
0.486328,-0.324829,1.006470
-0.412720,-0.122925,0.786987
0.106445,0.025269,1.012451
0.161255,-0.460571,0.825928
-0.446045,0.071655,0.796143
0.494263,-0.260864,1.047729
-0.336670,-0.184692,0.780151
-0.006836,0.124634,1.013062
0.265015,-0.494507,0.869019
-0.485107,0.019653,0.770386
0.460693,-0.232056,1.042847
-0.214966,-0.253418,0.805420
-0.110352,0.189697,1.010864
0.343506,-0.460693,0.909424
-0.525024,0.022217,0.773926
0.436279,-0.191162,1.059326
-0.077515,-0.313110,0.835449
-0.199219,0.214355,0.990234
0.395020,-0.388428,0.967407
-0.493408,-0.056641,0.762695
0.361694,-0.123413,1.057495
0.043823,-0.423462,0.835693
-0.277954,0.205322,0.948608
0.440063,-0.324951,1.003906
-0.459595,-0.115234,0.763916
0.269897,-0.068237,1.049927
0.094360,-0.450928,0.828979
-0.323364,0.150146,0.910400
0.473755,-0.286743,1.035034
-0.417236,-0.127075,0.781616
0.168091,0.006958,1.042603
0.167480,-0.479980,0.843750
-0.384155,0.071899,0.851196
0.501221,-0.254028,1.059448
-0.342163,-0.190918,0.780151
0.055420,0.110229,1.040527
0.276978,-0.490601,0.887573
-0.448853,0.028687,0.809814
0.488403,-0.224609,1.077271
-0.219849,-0.228027,0.828735
-0.069824,0.190063,1.035522
0.356079,-0.432739,0.954102
-0.483398,-0.008545,0.788574
0.446167,-0.159546,1.098877
-0.086182,-0.310791,0.843506
-0.154175,0.202148,1.024414
0.422852,-0.388184,0.981812
-0.460693,-0.067383,0.792480
0.391602,-0.104126,1.104980
0.048340,-0.396118,0.863281
-0.232544,0.187378,0.977905
0.453003,-0.315186,1.024780
-0.431519,-0.099487,0.788208
0.311768,-0.055664,1.093628
0.088623,-0.405762,0.860962
-0.311279,0.159058,0.950439
0.509277,-0.275269,1.072388
-0.398071,-0.131958,0.789307
0.187866,0.025269,1.069092
0.207031,-0.469971,0.897217
-0.373169,0.064209,0.866455
0.522095,-0.223755,1.108643
-0.313477,-0.177002,0.806763
0.073975,0.129272,1.073120
0.323242,-0.506104,0.927002
-0.443359,0.034912,0.826294
0.506226,-0.166260,1.113403
-0.193237,-0.215454,0.828857
-0.035645,0.219604,1.084839
0.392578,-0.451172,0.972168
-0.473755,-0.020142,0.819580
0.468018,-0.125732,1.138306
-0.062378,-0.293701,0.863037
-0.126465,0.232056,1.063965
0.448120,-0.345215,1.037476
-0.456665,-0.067871,0.799683
0.389404,-0.078491,1.133545
0.060913,-0.411987,0.872437
-0.200562,0.169434,1.008789
0.480591,-0.283081,1.073120
-0.436401,-0.079834,0.800293
0.329590,-0.033081,1.121948
0.123169,-0.434814,0.889404
-0.306396,0.153320,0.975098
0.546387,-0.254883,1.132568
-0.385620,-0.122192,0.800049
0.216309,0.046387,1.098389
0.218384,-0.468750,0.903809
-0.368896,0.070190,0.897949
0.554932,-0.221191,1.154175
-0.297485,-0.215698,0.803833
0.116577,0.147339,1.101562
0.311279,-0.436401,0.947021
-0.445923,0.074097,0.854980
0.538208,-0.226807,1.143311
-0.172363,-0.287231,0.863525
0.001953,0.211304,1.106812
0.368164,-0.379272,0.997437
-0.458496,0.020630,0.847290
0.506714,-0.161621,1.159790
-0.055786,-0.336792,0.866577
-0.076050,0.233032,1.106689
0.434082,-0.374634,1.018433
-0.462891,-0.054321,0.784180
0.311279,-0.074341,1.075073
0.089722,-0.446045,0.863647
-0.279297,0.140625,0.959229
0.497192,-0.287720,1.069458
-0.425415,-0.100708,0.799316
0.241211,-0.000732,1.086060
0.164795,-0.447021,0.884644
-0.371704,0.144531,0.908325
0.519409,-0.260864,1.089233
-0.343750,-0.189575,0.801636
0.152588,0.049438,1.061401
0.252441,-0.440674,0.918945
-0.418701,0.090332,0.854248
0.520630,-0.230469,1.094849
-0.275513,-0.213867,0.815308
0.066772,0.087891,1.068970
0.328003,-0.449463,0.964233
-0.452026,0.060181,0.816284
0.501465,-0.154907,1.124878
-0.167847,-0.247070,0.844727
-0.054688,0.191406,1.070557
0.401123,-0.423218,0.995483
-0.451660,-0.008789,0.825684
0.465210,-0.099976,1.136963
-0.068726,-0.286865,0.861206
-0.135132,0.204590,1.052124
0.455688,-0.373901,1.042603
-0.441895,-0.079712,0.812866
0.408936,-0.055664,1.150513
0.064209,-0.371826,0.885864
-0.232422,0.226929,1.021484
0.487671,-0.302002,1.073608
-0.406494,-0.136475,0.800781
0.348022,-0.027466,1.135742
0.110840,-0.372192,0.914062
-0.318481,0.212280,0.983643
0.528442,-0.271851,1.105225
-0.365356,-0.166992,0.808716
0.240234,0.027222,1.122803
0.218140,-0.435181,0.930298
-0.372070,0.145386,0.910034
0.540283,-0.230591,1.119263
-0.293091,-0.209473,0.825684
0.129150,0.109985,1.110596
0.310913,-0.462280,0.966675
-0.429077,0.082153,0.867798
0.549072,-0.182617,1.145874
-0.207153,-0.239502,0.836792
0.009888,0.211304,1.098877
0.375488,-0.422974,0.987671
-0.437134,0.046997,0.862061
0.511719,-0.151367,1.155884
-0.096436,-0.292603,0.881226
-0.069458,0.233032,1.089722
0.412109,-0.373047,1.013794
-0.456787,-0.013916,0.831665
0.494019,-0.127075,1.174194
0.026367,-0.360718,0.900391
-0.140991,0.223755,1.079712
0.443726,-0.312134,1.054565
-0.451050,-0.041626,0.826660
0.439087,-0.080688,1.172974
0.047729,-0.353638,0.909668
-0.209473,0.216064,1.054321
0.509399,-0.284302,1.097412
-0.443848,-0.071045,0.808105
0.360107,-0.055176,1.139404
0.112061,-0.383911,0.934570
-0.251099,0.181885,1.024658
0.546631,-0.258667,1.133179
-0.396484,-0.122192,0.816162
0.259888,0.039185,1.132446
0.173584,-0.416016,0.933594
-0.304077,0.107300,0.959839
0.570679,-0.258301,1.160645
-0.343262,-0.183838,0.817993
0.172607,0.136841,1.125488
0.242188,-0.426758,0.936401
-0.366333,0.067749,0.912476
0.577881,-0.263550,1.156982
-0.282715,-0.238525,0.836670
0.108032,0.158569,1.120728
0.312012,-0.410889,0.962891
-0.438477,0.097778,0.890503
0.567139,-0.243286,1.154907
-0.225098,-0.252930,0.855103
0.064209,0.148682,1.108521
0.360962,-0.405762,0.991211
-0.451294,0.088013,0.869019
0.553955,-0.184937,1.168213
-0.180054,-0.272949,0.868408
0.005371,0.140381,1.100098
0.388428,-0.406982,1.015381
-0.465576,0.057373,0.861572
0.537720,-0.141357,1.182495
-0.080566,-0.315186,0.873901
-0.080322,0.217651,1.097656
0.428467,-0.396729,1.013550
-0.445190,-0.002808,0.860229
0.497925,-0.125488,1.168091
-0.028198,-0.316528,0.880737
-0.130371,0.226440,1.068237
0.437012,-0.346436,1.027832
-0.440918,-0.048584,0.838135
0.473633,-0.140625,1.184448
-0.017456,-0.332520,0.884766
-0.179443,0.226685,1.052368
0.459717,-0.287842,1.069458
-0.461914,-0.062500,0.823120
0.444702,-0.112183,1.176514
0.019409,-0.370972,0.893921
-0.247192,0.237671,1.037842
0.494019,-0.297241,1.075073
-0.441406,-0.082520,0.812988
0.360107,-0.072754,1.151001
0.082886,-0.380249,0.910889
-0.280273,0.197998,0.987427
0.496094,-0.240601,1.088989
-0.407959,-0.114380,0.804565
0.285400,-0.020020,1.145996
0.153442,-0.421631,0.921631
-0.337646,0.146729,0.952271
0.523071,-0.255127,1.113159
-0.367188,-0.152222,0.808228
0.181396,0.064331,1.104736
0.230957,-0.422607,0.940796
-0.403198,0.114502,0.914673
0.521851,-0.206055,1.125244
-0.302002,-0.253784,0.801636
0.109131,0.113770,1.099854
0.269409,-0.409424,0.938843
-0.450806,0.091431,0.874512
0.538818,-0.185425,1.148193
-0.235962,-0.272949,0.826782
0.026855,0.106567,1.082520
0.319824,-0.405640,0.966675
-0.463135,0.053589,0.845459
0.500854,-0.144165,1.134399
-0.142212,-0.293335,0.847534
-0.055054,0.137329,1.066406
0.367798,-0.397949,0.983521
-0.478516,0.002075,0.811401
0.466797,-0.125244,1.142822
-0.099243,-0.302490,0.826050
-0.153076,0.188110,1.033813
0.402466,-0.331665,1.014893
-0.490112,-0.076416,0.797485
0.436890,-0.140015,1.148071
-0.060913,-0.348511,0.839355
-0.273438,0.220947,0.995117
0.459229,-0.311035,1.048828
-0.467285,-0.097290,0.767700
0.342041,-0.047974,1.141724
0.023438,-0.339966,0.866943
-0.328613,0.190674,0.952759
0.493896,-0.296509,1.069946
-0.428955,-0.147827,0.777710
0.219849,-0.009277,1.107422
0.125854,-0.415649,0.875977
-0.410034,0.148926,0.894287
0.506592,-0.240601,1.087891
-0.371216,-0.144653,0.801392
0.098389,0.085938,1.069458
0.213379,-0.422729,0.911011
-0.467896,0.047607,0.848633
0.499878,-0.219727,1.112427
-0.276978,-0.246216,0.784546
-0.012939,0.167236,1.051270
0.283813,-0.363281,0.924316
-0.491821,0.014160,0.819702
0.477661,-0.223755,1.099976
-0.195679,-0.352417,0.763550
-0.083008,0.127930,1.009155
0.329956,-0.329224,0.960693
-0.531860,-0.024780,0.776001
0.458984,-0.201294,1.105713
-0.135864,-0.382690,0.780396
-0.188599,0.157349,0.995972
0.355469,-0.335693,0.969849
-0.529297,0.014160,0.780518
0.386719,-0.125610,1.103882
-0.114746,-0.345459,0.820435
-0.251709,0.132812,0.975586
0.408569,-0.316895,1.015137
-0.547241,0.022095,0.751221
0.324585,-0.053101,1.095703
-0.044067,-0.349365,0.841309
-0.323364,0.166504,0.963623
0.421387,-0.324097,1.007324
-0.522705,-0.046509,0.739136
0.267944,-0.019775,1.087036
-0.017822,-0.336670,0.843262
-0.380493,0.147705,0.915527
0.451294,-0.310181,1.030762
-0.483521,-0.104736,0.737549
0.203735,0.025269,1.077637
0.020386,-0.374146,0.826416
-0.419800,0.146484,0.882935
0.458984,-0.305542,1.031860
-0.470703,-0.156860,0.742188
0.140869,0.048218,1.053711
0.089233,-0.404053,0.850586
-0.484741,0.165161,0.864990
0.458008,-0.265747,1.037598
-0.441650,-0.171753,0.749878
0.064575,0.070801,1.043579
0.162720,-0.458740,0.860718
-0.521851,0.118896,0.817627
0.445190,-0.222046,1.044556
-0.352783,-0.186401,0.768066
-0.010376,0.110596,1.024658
0.224365,-0.443604,0.875244
-0.547363,0.075195,0.795654
0.433472,-0.185791,1.056396
-0.271118,-0.259155,0.747925
-0.101318,0.153198,0.997314
0.278809,-0.430786,0.902588
-0.557617,0.024536,0.779907
0.405884,-0.176514,1.053589
-0.217163,-0.323853,0.720581
-0.192749,0.158081,0.960938
0.316772,-0.345215,0.936279
-0.569946,-0.017700,0.753784
0.373169,-0.153687,1.066895
-0.161377,-0.368652,0.736938
-0.291870,0.175781,0.926025
0.370972,-0.325684,0.958862
-0.581299,0.004883,0.747192
0.295654,-0.097412,1.059082
-0.099365,-0.391724,0.769287
-0.369385,0.173218,0.897949
0.393433,-0.336670,0.960571
-0.551880,-0.018799,0.732544
0.202393,0.000854,1.047363
0.001831,-0.392700,0.803101
-0.464966,0.178345,0.870728
0.404663,-0.281616,0.986450
-0.501831,-0.139160,0.703369
0.092651,0.081665,1.029053
0.105347,-0.392578,0.835815
-0.538818,0.165039,0.837280
0.420044,-0.249878,1.003906
-0.397217,-0.200684,0.734009
0.013428,0.094971,1.020752
0.180420,-0.417480,0.841553
-0.583618,0.132690,0.795776
0.413574,-0.188843,1.024536
-0.277344,-0.288208,0.734497
-0.108398,0.144775,0.986206
0.259155,-0.396851,0.887207
-0.602783,0.077881,0.754150
0.383789,-0.169312,1.027466
-0.216187,-0.347778,0.698975
-0.216675,0.171997,0.967285
0.323608,-0.385498,0.918579
-0.596069,0.036377,0.742676
0.343506,-0.129639,1.037109
-0.164062,-0.354004,0.732422
-0.330078,0.176025,0.898560
0.388428,-0.390991,0.934326
-0.572998,-0.024292,0.723267
0.256836,-0.039429,1.028320
-0.096558,-0.372681,0.744629
-0.432129,0.224487,0.878906
0.398804,-0.331665,0.950562
-0.515869,-0.093506,0.730957
0.153809,0.001709,1.008301
0.005981,-0.378174,0.791504
-0.516724,0.217407,0.846069
0.408936,-0.275269,0.975098
-0.433838,-0.154053,0.741821
0.032471,0.080322,1.002319
0.133667,-0.386597,0.837036
-0.580444,0.164551,0.795654
0.408936,-0.205566,1.000977
-0.293091,-0.285034,0.726807
-0.103027,0.161255,0.978760
0.257202,-0.411499,0.879150
-0.608398,0.098267,0.759277
0.392334,-0.147095,1.012695
-0.197021,-0.312500,0.719849
-0.239746,0.188843,0.944336
0.340332,-0.380859,0.915894
-0.594604,0.019043,0.720703
0.319214,-0.103271,1.018188
-0.133301,-0.353882,0.722168
-0.361694,0.190796,0.881958
0.387573,-0.307739,0.947998
-0.557251,-0.036499,0.707886
0.202637,-0.043701,0.998413
-0.038696,-0.403198,0.768066
-0.470337,0.195068,0.836914
0.409058,-0.246460,0.986938
-0.481812,-0.105225,0.722412
0.065430,0.108154,1.023438
0.098022,-0.390137,0.828125
-0.567627,0.189087,0.822021
0.426147,-0.217407,0.999634
-0.369751,-0.172607,0.727783
-0.033936,0.176514,1.006592
0.209229,-0.388916,0.862915
-0.600586,0.134766,0.779053
0.414062,-0.189453,1.004761
-0.244995,-0.282349,0.728149
-0.142212,0.203735,0.969238
0.300049,-0.383667,0.904785
-0.620728,0.097778,0.746948
0.373413,-0.141235,1.006592
-0.156860,-0.359009,0.712280
-0.225708,0.185669,0.926147
0.345825,-0.334473,0.922852
-0.604858,0.062012,0.729980
0.318359,-0.090088,1.009888
-0.087402,-0.394043,0.727417
-0.340454,0.173706,0.873901
0.391235,-0.304688,0.940552
-0.567261,0.008667,0.705933
0.220947,0.004272,1.004272
-0.031738,-0.395386,0.756592
-0.430542,0.180786,0.856812
0.420044,-0.284546,0.970825
-0.515503,-0.063477,0.712769
0.115356,0.099121,1.006470
0.043701,-0.381104,0.793945
-0.509521,0.186035,0.826904
0.433716,-0.249512,0.994141
-0.427979,-0.126465,0.742310
0.046875,0.151367,1.010376
0.113281,-0.381226,0.808472
-0.553467,0.173828,0.800903
0.446167,-0.222168,1.009277
-0.329956,-0.183960,0.760498
-0.031616,0.184570,0.998413
0.190918,-0.379150,0.843994
-0.578125,0.132690,0.770264
0.424194,-0.171753,1.021118
-0.250366,-0.254639,0.744141
-0.101196,0.188599,0.971680
0.273193,-0.381348,0.885132
-0.592285,0.122559,0.749634
0.391602,-0.103760,1.028687
-0.174683,-0.315796,0.724854
-0.184204,0.171509,0.930420
0.335571,-0.381592,0.909668
-0.597046,0.083008,0.740356
0.354736,-0.054077,1.018433
-0.095459,-0.365479,0.719482
-0.283813,0.205688,0.890747
0.379761,-0.362915,0.927368
-0.565674,0.001831,0.743774
0.279907,-0.044312,1.001587
-0.038452,-0.373291,0.730469
-0.380371,0.223999,0.852661
0.428101,-0.295044,0.954468
-0.530396,-0.056152,0.721680
0.173706,-0.013306,0.986694
0.010132,-0.410889,0.769287
-0.453125,0.181396,0.823364
0.444824,-0.237549,0.980713
-0.459229,-0.045898,0.749878
0.057129,0.121948,1.003662
0.129028,-0.436646,0.817017
-0.524048,0.141968,0.802124
0.424927,-0.164551,1.006836
-0.346924,-0.146118,0.760498
-0.029297,0.161987,0.997681
0.215942,-0.415405,0.855713
-0.571289,0.120728,0.774292
0.439819,-0.170532,1.029663
-0.214233,-0.248901,0.767334
-0.123535,0.192139,0.967163
0.287476,-0.364746,0.890015
-0.609985,0.084351,0.740845
0.415283,-0.173706,1.032471
-0.095459,-0.365479,0.765015
-0.221924,0.202637,0.914307
0.343262,-0.311035,0.922119
-0.573364,0.036011,0.738647
0.325562,-0.083618,1.018066
-0.032104,-0.423340,0.742310
-0.306152,0.161865,0.865234
0.398926,-0.289429,0.948364
-0.541870,-0.006226,0.725342
0.227417,-0.024536,0.985474
0.010376,-0.442627,0.746704
-0.380005,0.120728,0.836670
0.425049,-0.248413,0.976440
-0.478516,-0.089233,0.731079
0.104004,0.089722,0.995850
0.092651,-0.435425,0.778198
-0.479248,0.150757,0.806274
0.455933,-0.238892,1.002563
-0.400024,-0.107056,0.762085
0.007080,0.145874,0.977051
0.173096,-0.403198,0.832153
-0.564697,0.065552,0.742065
0.455566,-0.227905,1.031616
-0.273193,-0.237915,0.757935
-0.058960,0.213013,1.012817
0.241211,-0.375366,0.855225
-0.586304,0.094604,0.741455
0.447021,-0.221558,1.016968
-0.191650,-0.270996,0.774780
-0.119995,0.201538,0.975586
0.316895,-0.362183,0.905029
-0.590942,0.091919,0.747437
0.388672,-0.178345,1.008057
-0.101074,-0.346069,0.777832
-0.182617,0.180176,0.934082
0.353271,-0.335205,0.919556
-0.578003,0.068604,0.758667
0.362427,-0.148804,1.005859
-0.032715,-0.399536,0.781738
-0.272217,0.181030,0.885132
0.385254,-0.328125,0.944580
-0.543579,-0.008057,0.728760
0.285400,-0.063965,0.994995
-0.007690,-0.418335,0.763062
-0.305908,0.141479,0.867310
0.428589,-0.348877,0.955688
-0.532349,-0.051636,0.726196
0.214844,-0.009155,0.992676
0.046875,-0.425781,0.766357
-0.370972,0.140747,0.833862
0.435181,-0.323608,0.964233
-0.490601,-0.083984,0.741821
0.168213,0.007202,1.001221
0.087280,-0.449097,0.781250
-0.450195,0.154419,0.812500
0.451294,-0.270020,0.994629
-0.445068,-0.105591,0.745361
0.093140,0.055542,0.986816
0.131348,-0.472168,0.800293
-0.488159,0.098633,0.780273
0.470459,-0.256714,1.007690
-0.388062,-0.156128,0.740356
-0.009644,0.149414,0.995117
0.232544,-0.476685,0.850342
-0.525146,0.041260,0.739380
0.462524,-0.229126,1.026001
-0.289551,-0.194092,0.771851
-0.095581,0.190186,0.988525
0.296631,-0.464600,0.883545
-0.549927,0.014771,0.747681
0.421021,-0.210205,1.019043
-0.181274,-0.245117,0.795410
-0.172363,0.226318,0.980835
0.337402,-0.409424,0.914673
-0.546997,0.002808,0.749878
0.388306,-0.166992,1.029053
-0.073364,-0.338623,0.793823
-0.233765,0.210938,0.940063
0.384888,-0.359741,0.950439
-0.524048,-0.059692,0.748535
0.311646,-0.144165,1.009521
0.003174,-0.448730,0.780518
-0.280640,0.163330,0.896729
0.408447,-0.322632,0.957886
-0.504517,-0.045410,0.768921
0.247803,-0.089600,0.996704
0.071533,-0.492920,0.786865
-0.355469,0.110840,0.848267
0.432739,-0.295898,0.983154
-0.472412,-0.090332,0.744019
0.139893,0.020508,1.000854
0.138550,-0.489380,0.823120
-0.442749,0.095581,0.812378
0.469849,-0.275269,1.011353
-0.397095,-0.149048,0.743896
0.026367,0.126465,1.006836
0.216675,-0.471924,0.854004
-0.480469,0.013550,0.765259
0.477783,-0.255981,1.042114
-0.296143,-0.224121,0.773438
-0.055420,0.190918,1.020752
0.282104,-0.398315,0.906494
-0.525024,-0.001953,0.754517
0.438843,-0.244995,1.045410
-0.158203,-0.316284,0.806152
-0.139648,0.234131,1.010742
0.332764,-0.351929,0.932495
-0.537598,0.005493,0.760742
0.396973,-0.215210,1.045410
-0.066284,-0.409302,0.801514
-0.193115,0.188477,0.975464
0.387451,-0.352295,0.953613
-0.526611,0.003052,0.764038
0.349854,-0.153564,1.030762
0.032593,-0.414917,0.835327
-0.250854,0.148193,0.940430
0.419556,-0.356689,0.968750
-0.500122,-0.044189,0.747314
0.273071,-0.054565,1.024170
0.081055,-0.420288,0.826294
-0.310913,0.140503,0.912354
0.450562,-0.347778,1.000122
-0.466309,-0.133545,0.759399
0.219849,-0.026733,1.039185
0.092407,-0.429077,0.825806
-0.361084,0.121826,0.877319
0.472046,-0.292725,1.030762
-0.418579,-0.165527,0.759644
0.151489,0.011719,1.036255
0.153564,-0.444092,0.851074
-0.403076,0.089844,0.841431
0.494019,-0.273926,1.040649
-0.389771,-0.163940,0.761353
0.071411,0.069580,1.018799
0.250122,-0.484985,0.877441
-0.437134,0.049561,0.806274
0.490845,-0.232056,1.066772
-0.314331,-0.223633,0.772339
0.003418,0.127808,1.028564
0.293457,-0.507202,0.879272
-0.478516,0.024170,0.788086
0.492920,-0.212036,1.078613
-0.241211,-0.216064,0.798950
-0.081787,0.180908,1.019165
0.366821,-0.477295,0.934814
-0.497559,-0.003174,0.792358
0.451172,-0.169312,1.098389
-0.154419,-0.268555,0.822510
-0.126587,0.201660,1.025635
0.399292,-0.418823,0.969727
-0.494995,-0.019531,0.776001
0.421143,-0.130493,1.088501
-0.024536,-0.339111,0.845825
-0.192627,0.223511,1.017212
0.432983,-0.402588,0.978882
-0.480835,-0.071045,0.782227
0.368774,-0.111328,1.084839
0.068970,-0.408936,0.851685
-0.254883,0.209229,0.981567
0.467407,-0.312744,1.035645
-0.447998,-0.118164,0.771729
0.301270,-0.070679,1.072144
0.088501,-0.430786,0.848267
-0.310181,0.154297,0.950317
0.507324,-0.282593,1.063965
-0.410522,-0.117310,0.797485
0.201172,0.010010,1.061401
0.183960,-0.461060,0.875366
-0.369263,0.084106,0.881348
0.532227,-0.258667,1.092529
-0.340698,-0.170288,0.802734
0.103882,0.085571,1.057251
0.272583,-0.476929,0.921265
-0.429077,0.039062,0.823608
0.520386,-0.215698,1.113403
-0.241455,-0.208130,0.824585
0.014893,0.170410,1.072021
0.341919,-0.446533,0.955811
-0.479126,0.032959,0.808838
0.487061,-0.181030,1.124756
-0.132202,-0.293335,0.845703
-0.071167,0.226074,1.082764
0.388306,-0.355469,1.001099
-0.482422,-0.008789,0.800903
0.461670,-0.151123,1.126831
0.006958,-0.385498,0.872070
-0.158081,0.199341,1.043213
0.447998,-0.350220,1.030884
-0.464966,-0.039917,0.801270
0.405029,-0.101440,1.121094
0.074219,-0.410156,0.882935
-0.226807,0.187744,1.013062
0.484863,-0.284058,1.077271
-0.421631,-0.088989,0.797363
0.320312,-0.034668,1.119019
0.117188,-0.428345,0.903198
-0.308960,0.187988,0.999390
0.528442,-0.282959,1.111572
-0.384399,-0.123657,0.807373
0.235474,0.053467,1.109009
0.194336,-0.434692,0.917480
-0.342529,0.117310,0.932983
0.548706,-0.246826,1.122559
-0.338501,-0.165771,0.813477
0.152588,0.103882,1.099976
0.279175,-0.449829,0.946289
-0.404297,0.082397,0.875366
0.544556,-0.237671,1.121948
-0.253784,-0.215698,0.841064
0.050537,0.176758,1.086670
0.349365,-0.421509,0.983521
-0.435425,0.032593,0.854614
0.529541,-0.177246,1.153931
-0.179443,-0.238770,0.855713
-0.028320,0.198242,1.076050
0.416504,-0.384644,1.024048
-0.443604,0.012695,0.840576
0.494385,-0.104004,1.154907
-0.063843,-0.318237,0.878052
-0.108032,0.198120,1.070679
0.453003,-0.375610,1.052368
-0.446167,-0.045044,0.823975
0.451782,-0.063599,1.176880
0.032471,-0.358032,0.879272
-0.176636,0.215698,1.060181
0.489746,-0.329468,1.083496
-0.423462,-0.080688,0.820923
0.389648,-0.020020,1.171875
0.070435,-0.360229,0.902222
-0.268677,0.226196,1.029541
0.533081,-0.286743,1.110229
-0.383667,-0.153076,0.812866
0.308105,0.009033,1.153076
0.162109,-0.404053,0.932861
-0.326782,0.177612,0.970825
0.554321,-0.240967,1.140625
-0.321411,-0.195435,0.840942
0.186646,0.053345,1.122681
0.265137,-0.428711,0.971436
-0.386597,0.095581,0.893311
0.553833,-0.170044,1.164551
-0.250854,-0.236572,0.839844
0.076538,0.142334,1.111572
0.350830,-0.416870,1.010742
-0.434204,0.070190,0.875000
0.541260,-0.161377,1.163086
-0.159058,-0.231934,0.868164
-0.033936,0.201416,1.095703
0.416138,-0.395386,1.026855
-0.433228,-0.013550,0.849243
0.498291,-0.104614,1.179321
-0.013916,-0.328613,0.884399
-0.128662,0.233154,1.090088
0.456299,-0.341675,1.048340
-0.450928,-0.051025,0.834229
0.451050,-0.093262,1.174927
0.037720,-0.350830,0.909424
-0.228760,0.253540,1.053223
0.492432,-0.260742,1.110474
-0.421997,-0.108765,0.812134
0.355591,-0.048096,1.151855
0.128662,-0.387573,0.935425
-0.297729,0.202271,0.995361
0.537109,-0.239868,1.125732
-0.353638,-0.160156,0.811523
0.229370,0.022217,1.133667
0.220215,-0.430664,0.947510
-0.365356,0.126465,0.938599
0.556885,-0.215820,1.153809
-0.296021,-0.209229,0.824341
0.114868,0.132935,1.109375
0.308716,-0.412598,0.984985
-0.417969,0.063354,0.895020
0.554810,-0.198120,1.164185
-0.213013,-0.262329,0.838989
0.013672,0.198853,1.097412
0.361084,-0.383423,0.991943
-0.429443,0.031006,0.860718
0.543091,-0.180420,1.175659
-0.090698,-0.320190,0.870972
-0.063354,0.212280,1.088867
0.388062,-0.347412,0.999512
-0.456421,-0.005005,0.842407
0.516357,-0.176270,1.174927
-0.060059,-0.358154,0.864258
-0.119873,0.201050,1.078003
0.427979,-0.338989,1.014771
-0.463135,-0.027466,0.831299
0.451294,-0.118286,1.162476
-0.020142,-0.354614,0.879883
-0.202759,0.204102,1.043579
0.480957,-0.305176,1.077515
-0.456543,-0.048340,0.811646
0.385498,-0.043457,1.161865
0.041870,-0.362793,0.888428
-0.272095,0.202026,1.025635
0.509766,-0.290405,1.103516
-0.421631,-0.107056,0.796631
0.322754,-0.001343,1.161133
0.099121,-0.376221,0.895020
-0.328003,0.169556,0.961792
0.534912,-0.297485,1.100952
-0.379028,-0.170288,0.813843
0.233032,0.015259,1.124023
0.172363,-0.389282,0.920532
-0.394897,0.150269,0.907959
0.541504,-0.229004,1.137207
-0.322144,-0.220093,0.818604
0.131714,0.059204,1.098022
0.234009,-0.396240,0.943359
-0.432739,0.095215,0.876343
0.542847,-0.213989,1.128174
-0.257324,-0.224976,0.829834
0.028320,0.153564,1.093994
0.314087,-0.407104,0.958496
-0.455688,0.026001,0.840942
0.515747,-0.177612,1.144897
-0.149780,-0.289307,0.833740
-0.062500,0.181030,1.074707
0.371216,-0.382446,0.976074
-0.471313,-0.010986,0.832275
0.465454,-0.159790,1.142212
-0.094116,-0.353638,0.821045
-0.159424,0.152588,1.023071
0.409668,-0.332031,1.018677
-0.428345,-0.095459,0.810059
0.358887,-0.039429,1.164185
-0.050171,-0.360107,0.825195
-0.313843,0.188599,0.986206
0.545288,-0.258911,1.136230
-0.358032,-0.160400,0.818848
0.228271,0.056763,1.130249
0.217651,-0.414429,0.940430
-0.360962,0.109131,0.916870
0.563477,-0.241333,1.135742
-0.298218,-0.190308,0.831787
0.108887,0.134521,1.098755
0.295410,-0.410522,0.972900
-0.409424,0.063843,0.895630
0.548096,-0.190796,1.160156
-0.221313,-0.270752,0.834961
0.022095,0.166260,1.092529
0.350098,-0.383057,0.985840
-0.443726,0.012573,0.853760
0.537598,-0.173096,1.168335
-0.084717,-0.333130,0.867798
-0.077881,0.197021,1.069214
0.401611,-0.350220,1.014771
-0.461060,-0.025024,0.823730
0.501587,-0.149292,1.180054
-0.043335,-0.345337,0.852173
-0.147827,0.209595,1.057617
0.433472,-0.323120,1.036743
-0.468262,-0.048706,0.814209
0.456421,-0.124756,1.167603
-0.010376,-0.341431,0.887695
-0.236694,0.225830,1.036011
0.489502,-0.297363,1.075928
-0.451660,-0.067871,0.797363
0.358276,-0.051270,1.157104
0.068115,-0.387329,0.895142
-0.289062,0.194092,0.994507
0.512085,-0.257935,1.102295
-0.406738,-0.127075,0.785767
0.264526,0.001587,1.142212
0.148438,-0.403931,0.911987
-0.364624,0.150513,0.933472
0.551025,-0.259521,1.109863
-0.354736,-0.154907,0.811401
0.138550,0.084229,1.101318
0.234985,-0.409302,0.943359
-0.427124,0.071899,0.875000
0.544067,-0.231445,1.135620
-0.283081,-0.228149,0.816895
0.036499,0.163696,1.087402
0.297119,-0.387573,0.945679
-0.462036,0.037354,0.841309
0.537354,-0.229492,1.135132
-0.151611,-0.323975,0.833618
-0.051880,0.175537,1.056519
0.337402,-0.363892,0.956543
-0.472778,-0.003906,0.819214
0.505859,-0.198364,1.149658
-0.094116,-0.349609,0.829712
-0.138550,0.192871,1.040894
0.384521,-0.342529,0.993164
-0.497925,-0.012085,0.804077
0.461792,-0.161255,1.139893
-0.061646,-0.343018,0.843140
-0.239990,0.206421,1.012085
0.441162,-0.310425,1.045288
-0.494019,-0.052734,0.777832
0.361816,-0.091797,1.123779
0.004517,-0.373291,0.863403
-0.310059,0.190063,0.976196
0.480347,-0.290894,1.063477
-0.457764,-0.095337,0.769409
0.276367,-0.009399,1.121460
0.069702,-0.405396,0.867310
-0.363281,0.139160,0.925781
0.488281,-0.265991,1.078979
-0.409668,-0.156738,0.769043
0.191040,0.055420,1.109497
0.142578,-0.408081,0.882080
-0.433228,0.130981,0.881470
0.497925,-0.252441,1.081055
-0.383179,-0.215576,0.757690
0.114258,0.086182,1.083862
0.208984,-0.407104,0.903931
-0.485962,0.109253,0.855713
0.505493,-0.242432,1.092041
-0.314575,-0.257446,0.774292
0.027100,0.108276,1.061646
0.255493,-0.395874,0.908203
-0.501221,0.066650,0.827515
0.505737,-0.235718,1.107666
-0.219116,-0.313110,0.783447
-0.061646,0.141113,1.033691
0.305298,-0.395752,0.932739
-0.501953,0.045410,0.812866
0.464722,-0.177734,1.102661
-0.189087,-0.328613,0.766602
-0.129883,0.126465,1.006226
0.346558,-0.383423,0.941040
-0.517456,0.016479,0.790283
0.437744,-0.147217,1.109619
-0.155640,-0.338989,0.767822
-0.209229,0.163696,0.988770
0.375366,-0.371704,0.966675
-0.530029,-0.023560,0.768433
0.388428,-0.139404,1.093140
-0.113892,-0.338257,0.798950
-0.286133,0.195801,0.970825
0.413818,-0.329224,0.995361
-0.526367,-0.052490,0.750122
0.311401,-0.093262,1.088257
-0.041138,-0.355103,0.819702
-0.344849,0.172974,0.925415
0.435669,-0.304932,1.010010
-0.502563,-0.086670,0.745728
0.222290,-0.024414,1.072266
0.036865,-0.404663,0.836182
-0.416260,0.134277,0.893188
0.449097,-0.270142,1.041260
-0.466064,-0.127686,0.736572
0.117920,0.066772,1.056030
0.110840,-0.389893,0.868896
-0.478516,0.105469,0.856812
0.470947,-0.266235,1.052124
-0.394409,-0.174316,0.756836
0.034058,0.140503,1.041260
0.164307,-0.380005,0.865601
-0.507324,0.075073,0.831421
0.470947,-0.252075,1.050903
-0.318726,-0.253906,0.748779
-0.032959,0.153442,1.022095
0.238525,-0.407227,0.884521
-0.547607,0.058228,0.784424
0.440796,-0.219238,1.051758
-0.269043,-0.331421,0.726440
-0.092407,0.131592,0.987427
0.282715,-0.377808,0.909302
-0.556274,0.045654,0.774170
0.421753,-0.174316,1.062866
-0.220947,-0.330688,0.721313
-0.183960,0.167236,0.975708
0.325073,-0.385986,0.932617
-0.557007,-0.031860,0.758545
0.381348,-0.140747,1.065430
-0.173462,-0.334839,0.737061
-0.276733,0.190186,0.941284
0.358032,-0.338135,0.948853
-0.553101,-0.060303,0.749756
0.333130,-0.135498,1.060791
-0.143555,-0.369873,0.749023
-0.348389,0.201538,0.905640
0.395630,-0.334595,0.962280
-0.545532,-0.038696,0.737915
0.252197,-0.080444,1.048828
-0.065186,-0.388672,0.792114
-0.426880,0.166992,0.870972
0.404175,-0.291870,0.996460
-0.519287,-0.079590,0.723511
0.175415,0.005371,1.038574
0.038574,-0.393799,0.823120
-0.493652,0.180176,0.858643
0.430176,-0.284058,1.002808
-0.490601,-0.106567,0.721924
0.059326,0.087402,1.028442
0.143066,-0.425415,0.835449
-0.526001,0.150513,0.838501
0.409302,-0.208618,1.008423
-0.390381,-0.197266,0.720215
-0.000732,0.097534,1.014771
0.203613,-0.423218,0.878296
-0.573242,0.099731,0.797485
0.409058,-0.186523,1.028442
-0.295288,-0.272705,0.718018
-0.116943,0.154419,0.993530
0.270386,-0.430054,0.882202
-0.584595,0.077148,0.786865
0.395142,-0.163696,1.038696
-0.226318,-0.311523,0.714722
-0.198608,0.165527,0.959473
0.311035,-0.373779,0.915527
-0.596069,0.023804,0.739136
0.367432,-0.148438,1.047485
-0.160522,-0.363892,0.723511
-0.295166,0.187378,0.922363
0.353638,-0.342285,0.939209
-0.600464,0.022705,0.733398
0.294556,-0.106812,1.033325
-0.095947,-0.401245,0.748047
-0.396362,0.197754,0.886108
0.380615,-0.309570,0.952393
-0.556274,-0.038086,0.707886
0.188721,-0.020264,1.018066
-0.012939,-0.432129,0.777222
-0.463867,0.191284,0.874146
0.407227,-0.287842,0.977905
-0.537231,-0.076538,0.693848
0.115479,0.055420,1.014648
0.079224,-0.398560,0.820068
-0.549194,0.179443,0.826294
0.413696,-0.256226,0.991333
-0.417847,-0.160400,0.718506
0.029175,0.114746,1.015991
0.146240,-0.402710,0.829468
-0.583862,0.141113,0.797485
0.421265,-0.224854,1.002686
-0.313599,-0.262573,0.722168
-0.057617,0.139893,0.985107
0.223267,-0.377686,0.871582
-0.610229,0.111328,0.770142
0.408569,-0.203491,1.021606
-0.236572,-0.354736,0.693237
-0.157593,0.172729,0.968750
0.288452,-0.364624,0.893921
-0.617676,0.101440,0.754028
0.371338,-0.194824,1.008789
-0.167725,-0.378418,0.731445
-0.253174,0.163452,0.913940
0.339844,-0.332764,0.915649
-0.625732,0.075317,0.717773
0.313599,-0.138062,1.001099
-0.091919,-0.413696,0.750488
-0.335571,0.174805,0.893188
0.357300,-0.315063,0.933594
-0.585449,0.048218,0.710327
0.226196,-0.031128,0.994995
-0.049805,-0.383057,0.766235
-0.409424,0.176880,0.890503
0.412598,-0.311401,0.970581
-0.553711,-0.012939,0.708618
0.127808,0.072998,0.993286
0.005371,-0.356201,0.784424
-0.484985,0.168213,0.848511
0.428101,-0.298584,0.987183
-0.479370,-0.091064,0.722900
0.070312,0.139404,1.006836
0.063843,-0.373779,0.790161
-0.537720,0.190308,0.828613
0.437744,-0.294067,0.981079
-0.408569,-0.165649,0.750244
0.016846,0.119019,0.999023
0.133301,-0.392334,0.824707
-0.577393,0.196289,0.804443
0.424561,-0.210083,1.007446
-0.333740,-0.201660,0.740112
-0.025146,0.136597,0.999634
0.201416,-0.403687,0.849976
-0.621094,0.161377,0.765381
0.413330,-0.181152,0.996216
-0.255737,-0.265625,0.735229
-0.112183,0.188232,0.984009
0.274048,-0.405518,0.883667
-0.622925,0.115723,0.756714
0.386963,-0.124390,1.014282
-0.186279,-0.322388,0.714600
-0.206055,0.200928,0.943237
0.330200,-0.386475,0.897217
-0.607300,0.043457,0.737549
0.358521,-0.139038,1.013672
-0.127808,-0.369507,0.717896
-0.306641,0.225342,0.896362
0.371338,-0.333984,0.923340
-0.557007,-0.003296,0.734863
0.270752,-0.060059,0.992676
-0.059814,-0.402954,0.727539
-0.391113,0.203369,0.846558
0.403564,-0.310425,0.948364
-0.538574,-0.048218,0.703003
0.200317,-0.000977,0.996460
-0.020142,-0.389771,0.760864
-0.462646,0.201782,0.831421
0.422363,-0.256104,0.973999
-0.484741,-0.103760,0.715332
0.101685,0.087036,1.011841
0.070801,-0.391724,0.803955
-0.534058,0.211426,0.824463
0.441406,-0.241211,1.000244
-0.398804,-0.157715,0.742432
-0.009399,0.151367,1.002930
0.169067,-0.417358,0.836548
-0.560059,0.121704,0.782959
0.419800,-0.140137,1.027832
-0.294922,-0.204224,0.729126
-0.078979,0.188965,0.984619
0.256958,-0.375122,0.885010
-0.610840,0.098755,0.760010
0.417969,-0.151611,1.031128
-0.181152,-0.313843,0.727539
-0.184692,0.232056,0.946167
0.336304,-0.372192,0.895142
-0.598145,0.085449,0.745361
0.374146,-0.145996,0.999390
-0.097778,-0.348389,0.749390
-0.263184,0.192383,0.893555
0.356812,-0.301270,0.924805
-0.571289,0.053711,0.723999
0.292847,-0.071289,1.000488
-0.045044,-0.407471,0.754883
-0.354492,0.175293,0.860229
0.400269,-0.271118,0.942383
-0.531250,-0.012451,0.725342
0.179932,0.044800,1.007202
0.031494,-0.439697,0.762939
-0.441406,0.172852,0.829346
0.426758,-0.245972,0.974121
-0.479492,-0.069336,0.720947
0.096802,0.141235,1.014282
0.092896,-0.387817,0.789185
-0.519775,0.153076,0.807739
0.452148,-0.250854,0.991211
-0.384766,-0.141724,0.758057
0.020020,0.187866,1.016113
0.157959,-0.369263,0.830200
-0.583740,0.142334,0.775879
0.456909,-0.266235,1.003174
-0.293823,-0.243774,0.748413
-0.050659,0.186157,0.990112
0.244507,-0.364502,0.869263
-0.598022,0.159302,0.760132
0.413696,-0.160889,1.006104
-0.198608,-0.291382,0.755005
-0.132935,0.158081,0.953857
0.299561,-0.404663,0.885986
-0.598389,0.098511,0.751221
0.414551,-0.112793,1.031494
-0.135376,-0.306274,0.752319
-0.215210,0.212646,0.917236
0.349731,-0.377686,0.912598
-0.590454,0.053223,0.758057
0.375977,-0.114624,1.038208
-0.075806,-0.378052,0.743042
-0.280762,0.224243,0.891113
0.378296,-0.319946,0.924927
-0.560181,0.027588,0.747070
0.313232,-0.087280,1.003540
-0.027588,-0.416870,0.759766
-0.348022,0.184326,0.848022
0.401489,-0.291382,0.939941
-0.531738,-0.011841,0.732544
0.235352,-0.026123,1.002563
0.019653,-0.416016,0.776611
-0.394897,0.164917,0.839966
0.417358,-0.277588,0.951050
-0.503296,-0.030640,0.737305
0.162476,0.038574,1.010254
0.065430,-0.429443,0.791016
-0.474854,0.162598,0.809326
0.439697,-0.252930,0.976196
-0.452148,-0.097534,0.733887
0.076904,0.141235,1.023315
0.131470,-0.426270,0.813843
-0.521606,0.115723,0.795288
0.455200,-0.252808,0.993896
-0.392334,-0.141846,0.734497
0.015137,0.190186,1.017334
0.199463,-0.411133,0.832886
-0.572876,0.110718,0.754517
0.449097,-0.207520,1.025757
-0.294067,-0.216187,0.751465
-0.055176,0.212280,1.015015
0.244019,-0.389160,0.859985
-0.594727,0.101562,0.749146
0.454224,-0.233032,1.013306
-0.214722,-0.261475,0.771240
-0.124878,0.225952,0.978882
0.293091,-0.368896,0.892822
-0.586182,0.088867,0.749023
0.423096,-0.191406,1.020386
-0.143433,-0.299561,0.783203
-0.190186,0.209229,0.947754
0.344482,-0.386841,0.906250
-0.560059,0.045166,0.758667
0.372314,-0.108154,1.010620
-0.079834,-0.309326,0.772949
-0.245117,0.197266,0.903198
0.379517,-0.385742,0.925049
-0.549683,0.018677,0.763428
0.343140,-0.093140,1.016602
-0.045776,-0.380859,0.765381
-0.282349,0.183838,0.892212
0.400024,-0.375854,0.944092
-0.548340,-0.027344,0.751587
0.300415,-0.075562,1.008057
0.009888,-0.408203,0.767578
-0.347290,0.196289,0.855103
0.413818,-0.305298,0.946045
-0.507935,-0.086426,0.738770
0.226074,-0.080200,0.975830
0.039551,-0.449829,0.770752
-0.380615,0.152954,0.833252
0.440186,-0.256836,0.970581
-0.478149,-0.091797,0.742188
0.138062,0.009766,0.999146
0.088867,-0.486084,0.777588
-0.432617,0.108154,0.794434
0.452515,-0.241455,0.996826
-0.427490,-0.099365,0.752197
0.040039,0.096680,0.994385
0.166992,-0.493652,0.806519
-0.499146,0.070312,0.771240
0.453491,-0.213501,1.021240
-0.341431,-0.150879,0.760620
-0.051270,0.171509,1.002686
0.249756,-0.479004,0.864502
-0.544067,0.012939,0.734863
0.442383,-0.214111,1.033936
-0.233521,-0.250610,0.759888
-0.130249,0.234985,0.986450
0.309937,-0.369385,0.892700
-0.555420,0.035522,0.752075
0.406860,-0.206421,1.027832
-0.103882,-0.334229,0.795654
-0.194702,0.174072,0.945923
0.345459,-0.340698,0.923950
-0.549072,0.055176,0.768066
0.361938,-0.153320,1.020020
-0.010010,-0.404907,0.804199
-0.278076,0.156006,0.888672
0.383667,-0.319336,0.939331
-0.538818,-0.008301,0.739014
0.290649,-0.095947,1.011475
0.037720,-0.452515,0.786865
-0.341187,0.146484,0.858765
0.433228,-0.310547,0.969727
-0.489014,-0.048828,0.742432
0.193970,-0.013672,1.000488
0.086792,-0.461182,0.795776
-0.408691,0.101196,0.821777
0.462524,-0.321411,0.982544
-0.444214,-0.109009,0.745483
0.113770,0.110352,1.031982
0.132690,-0.419556,0.827515
-0.457764,0.088867,0.801514
0.445435,-0.282837,0.988525
-0.408569,-0.140747,0.742065
0.071411,0.083252,1.027710
0.206787,-0.493164,0.845703
-0.517578,0.089600,0.772949
0.450195,-0.247925,1.004639
-0.328125,-0.173462,0.769409
-0.002319,0.126343,1.020874
0.247437,-0.467896,0.868042
-0.525635,0.044556,0.749146
0.446167,-0.246948,1.021240
-0.249268,-0.252197,0.781860
-0.087891,0.156128,0.993774
0.304077,-0.425415,0.911743
-0.528809,0.027466,0.746460
0.416138,-0.172485,1.036011
-0.168213,-0.286743,0.790894
-0.152100,0.174438,0.982666
0.368164,-0.457764,0.927734
-0.558350,0.018921,0.749268
0.376831,-0.126831,1.036255
-0.064575,-0.369629,0.785034
-0.202393,0.150879,0.955322
0.392578,-0.393677,0.952393
-0.546875,-0.017334,0.743164
0.347046,-0.125610,1.019897
0.007812,-0.412964,0.795532
-0.280273,0.152100,0.909302
0.432007,-0.368530,0.970459
-0.502319,-0.097290,0.741699
0.271118,-0.063843,1.024658
0.063110,-0.464478,0.796265
-0.335449,0.132568,0.879761
0.456787,-0.338135,0.985596
-0.484863,-0.098022,0.752319
0.192993,-0.025879,1.012207
0.130127,-0.480103,0.823730
-0.389404,0.099487,0.835327
0.447266,-0.246338,1.020508
-0.421875,-0.152710,0.737671
0.102173,0.046265,1.031250
0.207153,-0.524048,0.838379
-0.458740,0.065186,0.812256
0.472046,-0.245239,1.033936
-0.351929,-0.184937,0.758179
0.002563,0.139526,1.019531
0.265259,-0.451172,0.888184
-0.483643,-0.007812,0.760986
0.473755,-0.242676,1.058594
-0.269043,-0.248291,0.778687
-0.076294,0.212402,1.031494
0.329224,-0.453979,0.909668
-0.519775,0.006592,0.774292
0.447876,-0.217407,1.071167
-0.160767,-0.281494,0.816772
-0.129761,0.194702,1.005981
0.359375,-0.406860,0.936768
-0.531494,-0.002319,0.778564
0.416138,-0.204590,1.057251
-0.047974,-0.354492,0.829834
-0.202148,0.233765,0.987427
0.403076,-0.369263,0.974976
-0.505615,-0.063232,0.775513
0.363525,-0.163208,1.057983
0.025024,-0.420898,0.837891
-0.256470,0.168335,0.950073
0.433838,-0.324951,0.997559
-0.467407,-0.088745,0.781494
0.285889,-0.096191,1.040649
0.090088,-0.480103,0.819946
-0.308472,0.146118,0.915894
0.455322,-0.275024,1.022949
-0.437256,-0.095337,0.779175
0.216675,-0.032349,1.043701
0.126953,-0.479126,0.848999
-0.365723,0.102417,0.887695
0.481567,-0.263794,1.058594
-0.395020,-0.148315,0.771362
0.130249,0.054443,1.050171
0.214111,-0.513428,0.862305
-0.426147,0.041626,0.824463
0.503784,-0.233887,1.082886
-0.328491,-0.185547,0.779541
0.043091,0.141479,1.051880
0.286987,-0.449097,0.921021
-0.479492,0.000977,0.793701
0.496338,-0.250000,1.088867
-0.235962,-0.267334,0.802979
-0.048462,0.215088,1.062378
0.343750,-0.419312,0.939819
-0.502319,0.027954,0.800415
0.464844,-0.230347,1.087769
-0.123169,-0.311157,0.838501
-0.109741,0.198120,1.039062
0.381470,-0.384399,0.970581
-0.505249,0.006836,0.788574
0.421265,-0.161865,1.087402
-0.004395,-0.384033,0.850586
-0.182739,0.196899,1.013062
0.427612,-0.362183,0.996216
-0.480225,-0.072144,0.765503
0.368774,-0.103760,1.092896
0.057861,-0.427612,0.856323
-0.250122,0.188965,0.976318
0.485107,-0.345703,1.033203
-0.447754,-0.113892,0.770142
0.295898,-0.045776,1.082886
0.094971,-0.386963,0.882812
-0.300293,0.165405,0.952393
0.488647,-0.303833,1.051636
-0.408813,-0.163696,0.786133
0.240479,-0.031860,1.075684
0.139771,-0.414917,0.891479
-0.356689,0.139648,0.914185
0.529663,-0.247314,1.093750
-0.368896,-0.166016,0.786011
0.143433,0.071289,1.069336
0.249146,-0.498413,0.906860
-0.411743,0.076782,0.859741
0.532349,-0.239746,1.100464
-0.299438,-0.202881,0.805298
0.048584,0.133179,1.049683
0.326050,-0.479980,0.934204
-0.450806,0.055298,0.833130
0.504272,-0.188965,1.113525
-0.218872,-0.228638,0.830200
-0.013184,0.188232,1.074585
0.364380,-0.450684,0.961548
-0.480347,0.028076,0.829346
0.489990,-0.168213,1.122314
-0.125977,-0.268066,0.852051
-0.104126,0.250000,1.072632
0.427490,-0.398193,1.006470
-0.472778,-0.052002,0.803345
0.435669,-0.141724,1.121460
-0.000488,-0.371338,0.866577
-0.155396,0.213989,1.041870
0.449585,-0.327148,1.033936
-0.457520,-0.051758,0.808594
0.414917,-0.113770,1.134155
0.047241,-0.405762,0.867676
-0.214111,0.189941,1.009277
0.493286,-0.318848,1.065430
-0.426147,-0.089722,0.813477
0.339355,-0.057739,1.118042
0.077393,-0.434448,0.870117
-0.284302,0.180176,0.980469
0.516235,-0.280151,1.102783
-0.404419,-0.137329,0.798950
0.301392,-0.011475,1.131836
0.144043,-0.410767,0.905640
-0.341187,0.177002,0.954590
0.551392,-0.287842,1.110474
-0.368652,-0.170654,0.802490
0.225708,0.041992,1.112549
0.207642,-0.428955,0.932129
-0.369507,0.134888,0.924316
0.549805,-0.275635,1.104614
-0.317871,-0.186523,0.814331
0.159424,0.088867,1.095581
0.270508,-0.421143,0.948486
-0.406982,0.088989,0.877808
0.555054,-0.256104,1.122803
-0.273560,-0.245728,0.825806
0.090576,0.118408,1.094849
0.333374,-0.419312,0.984253
-0.434082,0.090210,0.847778
0.531494,-0.182617,1.139526
-0.202271,-0.249390,0.873047
0.021606,0.140015,1.095215
0.391113,-0.431519,1.009644
-0.456055,0.062988,0.842407
0.510986,-0.131958,1.147827
-0.133423,-0.256348,0.881348
-0.041626,0.179077,1.093140
0.417114,-0.415527,1.025757
-0.455566,0.018677,0.841064
0.502930,-0.113525,1.159424
-0.048828,-0.264771,0.891724
-0.112061,0.239380,1.083374
0.436035,-0.390015,1.031372
-0.432739,-0.065918,0.840454
0.474731,-0.099609,1.172485
0.009399,-0.319580,0.903198
-0.165894,0.237183,1.064819
0.481445,-0.336426,1.077148
-0.426514,-0.091431,0.819458
0.432983,-0.077881,1.169312
0.039795,-0.351440,0.893188
-0.216675,0.237915,1.049927
0.509399,-0.293335,1.093140
-0.416382,-0.088135,0.822510
0.390015,-0.056152,1.159424
0.068115,-0.371826,0.900757
-0.261841,0.208252,1.017822
0.533936,-0.265137,1.123047
-0.402466,-0.118164,0.814087
0.334229,-0.025146,1.155029
0.134155,-0.394897,0.930786
-0.317749,0.182007,0.973633
0.538574,-0.256348,1.124268
-0.361572,-0.179443,0.821655
0.266846,0.026978,1.147339
0.207275,-0.401245,0.947144
-0.355713,0.194946,0.942383
0.550537,-0.238281,1.118042
-0.315552,-0.196289,0.837036
0.202271,0.040283,1.140259
0.260132,-0.445801,0.964600
-0.391724,0.114868,0.899170
0.554199,-0.195190,1.133179
-0.278687,-0.191162,0.844116
0.131226,0.072144,1.111084
0.310181,-0.428345,0.986694
-0.415039,0.114990,0.884888
0.544189,-0.167480,1.162109
-0.228271,-0.234009,0.848755
0.046021,0.149048,1.116211
0.361694,-0.416260,1.006714
-0.443237,0.070801,0.876953
0.550659,-0.174316,1.163330
-0.160767,-0.262207,0.869263
-0.032593,0.212280,1.103394
0.404907,-0.384277,1.018799
-0.421875,0.012817,0.859863
0.520142,-0.158447,1.162842
-0.064697,-0.296631,0.889282
-0.081909,0.213745,1.089844
0.431030,-0.354980,1.026733
-0.448975,-0.023682,0.847168
0.497803,-0.145508,1.182007
-0.000732,-0.326538,0.893921
-0.145630,0.243408,1.081665
0.447510,-0.311157,1.042969
-0.450317,-0.053711,0.829834
0.469238,-0.135376,1.177124
0.011963,-0.348511,0.905151
-0.209229,0.246338,1.063477
0.485229,-0.276611,1.084961
-0.448242,-0.065308,0.807983
0.413330,-0.094727,1.161743
0.068115,-0.391235,0.908936
-0.254150,0.202881,1.016968
0.511475,-0.261597,1.111572
-0.407471,-0.095215,0.805786
0.327393,-0.031494,1.158325
0.129639,-0.419678,0.929443
-0.299316,0.150391,0.974365
0.550781,-0.252686,1.133667
-0.388672,-0.117920,0.809448
0.230469,0.061279,1.141968
0.223511,-0.447266,0.953125
-0.356812,0.103882,0.946655
0.542480,-0.228760,1.143677
-0.338745,-0.161499,0.827271
0.164062,0.110962,1.128418
0.276733,-0.438721,0.966919
-0.416016,0.100830,0.915894
0.540283,-0.205444,1.146362
-0.255371,-0.222290,0.833374
0.088379,0.182373,1.122070
0.306641,-0.395996,0.966064
-0.446045,0.025879,0.866699
0.557129,-0.225220,1.161621
-0.198608,-0.302734,0.834473
-0.001709,0.217407,1.104126
0.337158,-0.370972,0.976196
-0.450684,0.019165,0.854370
0.529053,-0.193970,1.160522
-0.118164,-0.340454,0.855713
-0.040894,0.165039,1.066772
0.362061,-0.342896,0.991089
-0.466675,-0.000366,0.831055
0.429077,-0.101929,1.161133
-0.081665,-0.384399,0.845581
-0.201904,0.201294,1.066284
0.506104,-0.283203,1.117554
-0.442993,-0.037354,0.816040
0.370972,-0.015137,1.166870
0.082153,-0.392822,0.918213
-0.242676,0.178223,1.043213
0.532471,-0.276123,1.124756
-0.406372,-0.100586,0.822998
0.318237,0.010376,1.148804
0.139404,-0.377197,0.921753
-0.287842,0.173584,0.986328
0.550903,-0.246826,1.141968
-0.376831,-0.163208,0.812744
0.271851,-0.005249,1.143433
0.201294,-0.399292,0.948364
-0.346069,0.144775,0.930420
0.558472,-0.218506,1.152222
-0.302612,-0.206543,0.833374
0.173340,0.057251,1.116333
0.268066,-0.416382,0.970093
-0.387207,0.102051,0.898315
0.560059,-0.189453,1.158691
-0.244507,-0.203857,0.855225
0.059814,0.150513,1.111206
0.356689,-0.433228,0.996704
-0.427490,0.038574,0.870605
0.526733,-0.165649,1.159180
-0.147705,-0.258179,0.876953
-0.028320,0.203857,1.098267
0.418457,-0.367554,1.033691
-0.447266,-0.005981,0.849609
0.485229,-0.119141,1.174683
-0.008301,-0.368896,0.869995
-0.113525,0.234009,1.097534
0.446411,-0.327271,1.053589
-0.459473,-0.041382,0.834961
0.455444,-0.101807,1.177490
0.027100,-0.356079,0.898315
-0.213013,0.233765,1.063477
0.488770,-0.271729,1.103027
-0.429321,-0.090576,0.812744
0.359009,-0.033936,1.164795
0.112061,-0.389771,0.926758
-0.286377,0.177124,0.983032
0.534302,-0.242065,1.136963
-0.354126,-0.161011,0.803833
0.231323,0.052734,1.128662
0.207520,-0.420776,0.940430
-0.369873,0.097412,0.932373
0.560303,-0.229858,1.159302
-0.281250,-0.223145,0.828857
0.107666,0.156616,1.114746
0.294312,-0.406250,0.953979
-0.426147,0.061646,0.892456
0.558960,-0.228516,1.166626
-0.201904,-0.270996,0.860474
0.020142,0.186157,1.101196
0.341675,-0.366333,0.980591
-0.449463,0.021606,0.861206
0.535400,-0.189697,1.170166
-0.074585,-0.346069,0.869019
-0.066895,0.174683,1.074829
0.392700,-0.346191,1.006592
-0.466553,0.005493,0.826172
0.483032,-0.147217,1.160278
-0.042725,-0.341064,0.873047
-0.131104,0.180420,1.069946
0.432495,-0.306396,1.055664
-0.477905,-0.027588,0.803223
0.435547,-0.057861,1.177856
0.002686,-0.352783,0.884766
-0.226807,0.208374,1.051025
0.512085,-0.322876,1.096191
-0.460938,-0.058716,0.801636
0.332886,0.022949,1.170776
0.068115,-0.369751,0.895020
-0.291260,0.176025,1.009521
0.543335,-0.307495,1.119019
-0.405762,-0.130859,0.807373
0.257568,0.053345,1.144409
0.141235,-0.361328,0.915405
-0.364624,0.124512,0.916260
0.553101,-0.256714,1.138184
-0.347778,-0.203369,0.812378
0.171143,0.068115,1.119873
0.215454,-0.386353,0.950073
-0.442139,0.135010,0.888916
0.556396,-0.253052,1.129150
-0.267822,-0.257568,0.827515
0.073730,0.127441,1.098633
0.282715,-0.414307,0.941284
-0.458618,0.078979,0.864136
0.533447,-0.173584,1.145508
-0.232666,-0.260254,0.809937
-0.000488,0.151001,1.088623
0.359741,-0.416138,0.979126
-0.490479,0.034546,0.832764
0.510498,-0.167236,1.145630
-0.121338,-0.322388,0.825684
-0.085205,0.180298,1.065552
0.388916,-0.380493,0.996460
-0.481445,-0.016113,0.823975
0.483276,-0.134521,1.155273
-0.081909,-0.339355,0.814331
-0.169800,0.192749,1.030640
0.422852,-0.326904,1.022217
-0.486450,-0.037842,0.809814
0.447388,-0.120972,1.147705
-0.044189,-0.355713,0.830322
-0.250122,0.208984,1.006348
0.448364,-0.303345,1.046265
-0.478516,-0.081665,0.790527
0.378540,-0.085815,1.148315
0.003052,-0.359497,0.854248
-0.322876,0.205078,0.968018
0.481689,-0.300903,1.060303
-0.451904,-0.123535,0.784790
0.307495,-0.048950,1.126953
0.071167,-0.380981,0.872925
-0.373657,0.185913,0.922485
0.501831,-0.285889,1.073120
-0.411987,-0.156006,0.781860
0.219604,-0.012207,1.102173
0.143188,-0.382812,0.909424
-0.425903,0.146973,0.892334
0.507202,-0.231567,1.101562
-0.356567,-0.229004,0.772949
0.113647,0.053955,1.082153
0.209106,-0.396362,0.921143
-0.458740,0.107300,0.860718
0.512573,-0.221191,1.098755
-0.291748,-0.235962,0.805908
0.000000,0.104858,1.051880
0.285522,-0.411865,0.937622
-0.482300,0.027954,0.809082
0.492310,-0.156250,1.123901
-0.181641,-0.293701,0.797974
-0.099609,0.153442,1.029785
0.347900,-0.388794,0.956665
-0.498779,-0.013672,0.801025
0.456665,-0.143066,1.130737
-0.136841,-0.340820,0.781372
-0.207886,0.184448,1.012451
0.397827,-0.349487,0.992188
-0.506226,-0.051636,0.784790
0.372070,-0.110352,1.109619
-0.061035,-0.355835,0.820923
-0.302246,0.187012,0.963501
0.438843,-0.306396,1.026978
-0.490234,-0.073242,0.759155
0.283203,-0.040161,1.102905
0.034058,-0.373779,0.848511
-0.391846,0.164795,0.917114
0.475464,-0.263916,1.069824
-0.429077,-0.184082,0.744507
0.153687,0.046021,1.073853
0.139771,-0.392578,0.886841
-0.463867,0.117798,0.861328
0.491455,-0.240723,1.078857
-0.361084,-0.220215,0.759521
0.024658,0.109619,1.040894
0.229736,-0.394287,0.908447
-0.501099,0.060913,0.823730
0.481689,-0.214111,1.093628
-0.231934,-0.321167,0.763550
-0.088135,0.138794,1.011597
0.295288,-0.390137,0.916016
-0.530029,0.026978,0.787598
0.456909,-0.195923,1.091797
-0.172485,-0.337891,0.761597
-0.178955,0.156372,0.996582
0.351440,-0.359375,0.948730
-0.549194,-0.005005,0.767700
0.397461,-0.160889,1.085205
-0.109253,-0.336548,0.799194
-0.292358,0.183716,0.952759
0.396729,-0.305054,1.002441
-0.523926,-0.054688,0.745361
0.309937,-0.083984,1.083984
-0.048218,-0.374146,0.801636
-0.365967,0.166626,0.919678
0.424683,-0.290039,1.016602
-0.486816,-0.117432,0.734741
0.200195,-0.004761,1.065063
0.040894,-0.378540,0.847046
-0.458740,0.150269,0.872681
0.459595,-0.278076,1.046265
-0.455322,-0.171875,0.725586
0.092041,0.087646,1.051392
0.149658,-0.404907,0.860718
-0.505859,0.124878,0.854248
0.454224,-0.246582,1.050415
-0.363403,-0.236084,0.740845
0.002441,0.105469,1.026611
0.232666,-0.410645,0.885742
-0.549316,0.073975,0.801392
0.442993,-0.210449,1.058716
-0.261475,-0.302002,0.725708
-0.079956,0.128174,1.004761
0.277832,-0.386719,0.895142
-0.566650,0.055176,0.778442
0.418945,-0.189209,1.058228
-0.206787,-0.345581,0.723022
-0.196289,0.146484,0.971436
0.343628,-0.397217,0.921265
-0.574463,0.020752,0.753418
0.374268,-0.135864,1.059937
-0.143677,-0.345215,0.755127
-0.289795,0.179688,0.941284
0.382812,-0.366089,0.965576
-0.568604,-0.037231,0.742310
0.319214,-0.118896,1.048828
-0.102661,-0.358276,0.771362
-0.367188,0.177002,0.896606
0.400635,-0.295532,0.994263
-0.536255,-0.096191,0.703735
0.244019,-0.062500,1.058594
-0.024536,-0.396729,0.804199
-0.462646,0.197998,0.866333
0.413574,-0.274902,1.003174
-0.501831,-0.134766,0.714478
0.145142,0.015015,1.046631
0.071655,-0.422974,0.827393
-0.525757,0.187866,0.851196
0.439087,-0.255493,1.020020
-0.449463,-0.150635,0.722168
0.042480,0.088745,1.021851
0.160767,-0.426025,0.861572
-0.554443,0.130127,0.821411
0.439941,-0.231445,1.025146
-0.347900,-0.245117,0.726196
-0.052979,0.143921,0.998657
0.226685,-0.426880,0.865967
-0.576782,0.094849,0.790405
0.424194,-0.208130,1.031860
-0.264404,-0.293457,0.727783
-0.138550,0.157593,0.979248
0.283325,-0.405396,0.896606
-0.597412,0.039307,0.750977
0.403442,-0.188110,1.041260
-0.201904,-0.335083,0.718506
-0.247803,0.185181,0.952881
0.332764,-0.373901,0.922607
-0.587158,-0.004883,0.738403
0.355591,-0.147949,1.040161
-0.157471,-0.350830,0.726685
-0.317139,0.190186,0.904297
0.376099,-0.333984,0.951660
-0.567383,-0.043213,0.724976
0.270996,-0.087036,1.040649
-0.107910,-0.396484,0.747803
-0.398560,0.177734,0.864502
0.395752,-0.320068,0.959595
-0.536377,-0.035889,0.736084
0.181519,-0.015747,1.020996
-0.023071,-0.399414,0.785156
-0.484009,0.189331,0.858887
0.410767,-0.277222,0.978882
-0.500244,-0.127441,0.702271
0.089111,0.065430,1.021484
0.071777,-0.396851,0.821289
-0.540527,0.181519,0.842773
0.427734,-0.275513,0.994507
-0.417847,-0.186768,0.721069
0.001587,0.130249,1.008423
0.160645,-0.404297,0.846069
-0.576660,0.130371,0.796509
0.414185,-0.202026,1.021606
-0.323120,-0.253052,0.723755
-0.081299,0.115112,0.976929
0.239746,-0.415771,0.875610
-0.600220,0.105957,0.768677
0.390991,-0.157349,1.020874
-0.236206,-0.289429,0.726929
-0.179932,0.164307,0.956299
0.310303,-0.408936,0.908081
-0.597290,0.048584,0.739624
0.349731,-0.111572,1.032471
-0.181030,-0.352783,0.697144
-0.287720,0.203247,0.925781
0.367920,-0.379761,0.932861
-0.590820,-0.001343,0.728149
0.293457,-0.092163,1.023926
-0.117676,-0.380737,0.719849
-0.388550,0.217407,0.875488
0.396118,-0.335205,0.940186
-0.554810,-0.033569,0.728638
0.202148,-0.035400,1.011230
-0.036133,-0.407837,0.760864
-0.472778,0.223267,0.856445
0.401245,-0.272827,0.964478
-0.497925,-0.095093,0.717773
0.089478,0.051880,1.011475
0.068604,-0.410522,0.807861
-0.549316,0.186890,0.818604
0.411743,-0.221924,0.987793
-0.385010,-0.151611,0.743530
-0.018188,0.126587,1.000610
0.189819,-0.423706,0.859009
-0.599121,0.137207,0.775757
0.397095,-0.162598,1.011719
-0.245728,-0.266357,0.719482
-0.125854,0.185547,0.976562
0.281494,-0.388062,0.889404
-0.621582,0.086182,0.739990
0.380981,-0.150757,1.013794
-0.172607,-0.345459,0.702515
-0.241943,0.194458,0.928589
0.346558,-0.343872,0.919800
-0.610229,0.039307,0.732910
0.304565,-0.118042,1.000244
-0.095093,-0.394287,0.724854
-0.363525,0.198364,0.882568
0.375977,-0.301270,0.951050
-0.551636,-0.077515,0.695435
0.192261,-0.013672,0.998779
-0.023804,-0.389771,0.769043
-0.503174,-0.076050,0.716309
0.081909,-0.413452,0.807861
-0.552612,0.194824,0.824585
0.428711,-0.218140,0.995117
-0.381592,-0.145996,0.746826
-0.029541,0.155029,1.000244
0.187988,-0.405884,0.850586
-0.591187,0.134766,0.780518
0.419434,-0.179932,1.026001
-0.253418,-0.273926,0.733521
-0.138428,0.197754,0.972534
0.292358,-0.370483,0.895874
-0.612427,0.090454,0.735474
0.371460,-0.143311,1.010620
-0.152954,-0.379517,0.717529
-0.241333,0.196533,0.914185
0.356567,-0.329834,0.919556
-0.595093,0.064331,0.733643
0.269897,-0.073486,0.995605
-0.071777,-0.416382,0.735352
-0.350830,0.179688,0.876709
0.379028,-0.278931,0.944214
-0.554077,-0.016846,0.704712
0.180298,0.051758,1.013184
0.006226,-0.374023,0.789673
-0.484985,0.173218,0.835693
0.421021,-0.262451,0.982910
-0.440430,-0.095093,0.735718
0.056885,0.170898,1.019287
0.120605,-0.383179,0.818726
-0.585815,0.171021,0.792847
0.429077,-0.219849,1.002808
-0.305664,-0.244751,0.729248
-0.051636,0.170410,0.993530
0.226807,-0.364868,0.866943
-0.621582,0.159668,0.778076
0.405640,-0.173706,1.008301
-0.181763,-0.332642,0.743896
-0.180664,0.178589,0.937866
0.309814,-0.331421,0.904053
-0.596680,0.100220,0.756226
0.357300,-0.130493,1.001465
-0.100098,-0.376465,0.738281
-0.293701,0.185181,0.887817
0.358765,-0.296265,0.929932
-0.561768,0.013306,0.724731
0.254395,-0.025024,1.002441
-0.020630,-0.405151,0.753418
-0.419067,0.190186,0.844482
0.404053,-0.256836,0.953247
-0.494507,-0.061523,0.714111
0.130005,0.069092,1.006104
0.046265,-0.384155,0.795044
-0.506470,0.161621,0.818970
0.439941,-0.242554,0.990112
-0.412109,-0.125000,0.736450
0.030151,0.176636,1.013306
0.146118,-0.369751,0.826660
-0.576904,0.121948,0.782104
0.448364,-0.228882,1.005859
-0.291016,-0.237305,0.738892
-0.052124,0.179810,0.977051
0.224854,-0.355103,0.862915
-0.605591,0.132202,0.755371
0.440186,-0.211548,1.018433
-0.195190,-0.305542,0.757812
-0.133179,0.172852,0.951782
0.304077,-0.346313,0.887207
-0.598755,0.154053,0.748169
0.384888,-0.131470,1.007446
-0.116577,-0.349243,0.748535
-0.226196,0.158569,0.904175
0.358398,-0.338013,0.924438
-0.585938,0.091064,0.750854
0.332153,-0.078735,1.010864
-0.074707,-0.373901,0.735352
-0.305664,0.180176,0.873657
0.388062,-0.304077,0.947876
-0.548462,-0.018066,0.723511
0.267944,-0.047729,0.993774
-0.024536,-0.408447,0.741699
-0.380371,0.196655,0.846924
0.410034,-0.277832,0.946533
-0.504883,-0.056396,0.733276
0.179077,0.005737,1.002197
0.038452,-0.419067,0.776733
-0.441406,0.191528,0.824707
0.421265,-0.229370,0.968018
-0.467896,-0.076904,0.745728
0.101562,0.064209,1.011719
0.103149,-0.436035,0.799561
-0.511475,0.160645,0.791626
0.432007,-0.189453,0.977661
-0.380249,-0.114502,0.761719
0.009888,0.134033,1.008179
0.195679,-0.439331,0.847412
-0.571411,0.135864,0.777466
0.427490,-0.149414,1.008179
-0.279297,-0.181763,0.747437
-0.085938,0.187378,0.985840
0.284912,-0.419922,0.887451
-0.578857,0.086060,0.772339
0.409912,-0.131592,1.027710
-0.167969,-0.270874,0.752808
-0.199951,0.211182,0.923462
0.348022,-0.391235,0.914307
-0.568481,0.034668,0.756592
0.370361,-0.097412,1.043823
-0.083496,-0.348633,0.748901
-0.276001,0.216309,0.883301
0.392700,-0.348389,0.930786
-0.554077,-0.004028,0.743774
0.304688,-0.066772,1.008057
-0.018188,-0.408569,0.753540
-0.339355,0.191406,0.843018
0.413696,-0.301636,0.951050
-0.525269,-0.008301,0.731934
0.240845,-0.033813,0.994385
0.010498,-0.419556,0.764771
-0.398560,0.162354,0.830444
0.434570,-0.282837,0.968140
-0.486084,-0.056396,0.748779
0.160767,0.046265,1.012939
0.062378,-0.422729,0.779907
-0.464722,0.142212,0.789795
0.436035,-0.282349,0.981445
-0.449219,-0.138062,0.738647
0.113037,0.077515,1.021973
0.128540,-0.426636,0.802856
-0.534302,0.172485,0.775757
0.436890,-0.223877,0.994385
-0.354370,-0.161377,0.772217
0.015625,0.123901,1.002563
0.189209,-0.434570,0.840088
-0.554810,0.111938,0.743774
0.445435,-0.165039,1.025024
-0.285767,-0.185425,0.758057
-0.080078,0.190674,0.991211
0.276123,-0.466309,0.869141
-0.569458,0.059692,0.744873
0.426025,-0.168579,1.020386
-0.187012,-0.220093,0.779663
-0.169556,0.219971,0.947266
0.335571,-0.407104,0.901855
-0.578613,0.035156,0.750122
0.393555,-0.157349,1.029419
-0.091797,-0.333374,0.774414
-0.244385,0.214600,0.914795
0.369507,-0.342773,0.937378
-0.531006,-0.034668,0.754639
0.325439,-0.104248,1.018433
-0.017212,-0.406738,0.763916
-0.299805,0.197998,0.881226
0.408325,-0.325928,0.944946
-0.535889,-0.041016,0.748657
0.242920,-0.085693,0.977051
0.053223,-0.446533,0.782227
-0.380615,0.149536,0.823853
0.425659,-0.286255,0.966431
-0.488892,-0.072144,0.740112
0.140747,0.039062,1.008789
0.110840,-0.473022,0.799072
-0.467041,0.106201,0.797241
0.447998,-0.267456,0.993530
-0.418091,-0.118774,0.749146
0.028809,0.138428,1.007324
0.204712,-0.445190,0.838623
-0.532593,0.070557,0.755127
0.439453,-0.243530,1.004517
-0.297119,-0.213135,0.756592
-0.069214,0.208374,1.005493
0.278687,-0.387451,0.890869
-0.566895,0.024170,0.727539
0.433350,-0.236694,1.019531
-0.170166,-0.331665,0.764771
-0.151733,0.205811,0.971069
0.323242,-0.331787,0.935303
-0.573364,0.031860,0.738281
0.389648,-0.183838,1.028809
-0.060669,-0.378784,0.790649
-0.238281,0.191284,0.928101
0.370361,-0.332031,0.932007
-0.533813,0.022827,0.765015
0.334351,-0.149780,0.991821
0.017212,-0.421997,0.803101
-0.314697,0.171021,0.873291
0.405273,-0.315674,0.946167
-0.496704,-0.073364,0.744263
0.248169,-0.044312,1.009521
0.068115,-0.473145,0.786743
-0.386719,0.141479,0.839844
0.439453,-0.305908,0.969604
-0.474731,-0.114502,0.728760
0.164673,0.021484,1.010254
0.100952,-0.449463,0.792358
-0.433716,0.110596,0.806519
0.453979,-0.294922,0.989136
-0.429321,-0.160889,0.736572
0.083984,0.088013,1.010864
0.152222,-0.449463,0.823486
-0.475952,0.074951,0.785767
0.471558,-0.277466,1.009888
-0.371216,-0.172607,0.755249
0.010864,0.131714,1.018799
0.223389,-0.462158,0.851196
-0.512817,0.062988,0.761475
0.461792,-0.261353,1.024048
-0.302856,-0.209229,0.771362
-0.044556,0.135864,1.001221
0.275513,-0.461426,0.871582
-0.541260,0.063477,0.744019
0.445679,-0.223511,1.030396
-0.236572,-0.249756,0.781738
-0.092529,0.125488,0.994507
0.312988,-0.460571,0.898560
-0.552490,0.065796,0.758301
0.422241,-0.186401,1.020996
-0.159790,-0.249268,0.808350
-0.160522,0.161255,0.982666
0.372437,-0.464844,0.911255
-0.529785,0.017700,0.746216
0.376587,-0.110840,1.028320
-0.063599,-0.301025,0.829468
-0.224609,0.187988,0.964722
0.401855,-0.453247,0.937378
-0.515747,-0.052246,0.749756
0.341431,-0.095703,1.036621
0.002075,-0.387695,0.797729
-0.285522,0.203857,0.932129
0.433105,-0.381836,0.966553
-0.479248,-0.127563,0.746826
0.274780,-0.075562,1.022949
0.052124,-0.445435,0.797363
-0.342407,0.182007,0.881470
0.446411,-0.312378,0.986084
-0.444458,-0.132446,0.764648
0.203125,-0.040161,1.033936
0.097046,-0.469971,0.804321
-0.396118,0.129639,0.844971
0.474854,-0.292480,1.009033
-0.411255,-0.156006,0.764160
0.107178,0.036865,1.020996
0.166626,-0.501465,0.823608
-0.447144,0.062866,0.798950
0.486938,-0.261353,1.034546
-0.367920,-0.168701,0.762085
0.043579,0.088989,1.037842
0.246460,-0.494873,0.856079
-0.493530,0.059814,0.770630
0.472168,-0.245117,1.029785
-0.272705,-0.204468,0.801270
-0.047974,0.154053,1.033936
0.301514,-0.497803,0.887207
-0.514648,0.024292,0.757080
0.441528,-0.193359,1.049805
-0.183228,-0.240479,0.827881
-0.113159,0.180054,1.011353
0.346069,-0.452148,0.921631
-0.511475,0.007935,0.760864
0.421143,-0.140381,1.079102
-0.077148,-0.319702,0.821655
-0.188232,0.220459,1.017456
0.394287,-0.446655,0.944702
-0.511963,-0.035156,0.761108
0.379883,-0.161865,1.041626
0.010864,-0.377319,0.845825
-0.238770,0.220093,0.983887
0.415771,-0.349243,0.981079
-0.488647,-0.104614,0.752808
0.327026,-0.114990,1.058594
0.060547,-0.440796,0.829956
-0.295898,0.188599,0.947021
0.457397,-0.316895,1.013184
-0.442993,-0.122314,0.766235
0.238281,-0.032227,1.046509
0.097656,-0.452515,0.827026
-0.331787,0.129761,0.900024
0.490356,-0.268188,1.047974
-0.410522,-0.133301,0.774658
0.147705,0.047241,1.049316
0.167603,-0.484619,0.844238
-0.387329,0.027954,0.841675
0.515991,-0.262695,1.088989
-0.369873,-0.191406,0.757446
0.076294,0.102661,1.048950
0.258057,-0.483276,0.881470
-0.460815,0.047485,0.805786
0.506470,-0.245361,1.082764
-0.265869,-0.240845,0.800537
-0.012451,0.148438,1.049561
0.317139,-0.455078,0.921997
-0.486816,0.026855,0.791748
0.479370,-0.191284,1.092407
-0.158447,-0.250000,0.837891
-0.103149,0.194946,1.035400
0.390137,-0.402588,0.977173
-0.479248,-0.031982,0.782837
0.417969,-0.134521,1.098267
-0.053345,-0.344604,0.836914
-0.165283,0.187744,1.023926
0.440796,-0.391479,0.993896
-0.471069,-0.044800,0.785522
0.355469,-0.065063,1.087036
0.058350,-0.407227,0.856201
-0.247681,0.186035,0.983643
0.475220,-0.344360,1.036865
-0.432373,-0.127197,0.780029
0.293823,-0.012817,1.101562
0.083740,-0.395020,0.859131
-0.325317,0.186401,0.953735
0.516968,-0.312988,1.063477
-0.391357,-0.123291,0.807007
0.203003,0.027222,1.082764
0.178101,-0.425049,0.910645
-0.393188,0.082520,0.865234
0.528198,-0.261597,1.099487
-0.329712,-0.209229,0.792480
0.117676,0.092163,1.073486
0.273926,-0.449951,0.925049
-0.442871,0.082153,0.825195
0.517944,-0.219604,1.109009
-0.255981,-0.259155,0.804688
0.015381,0.134277,1.056885
0.356689,-0.436035,0.973022
-0.465332,0.058350,0.818481
0.486328,-0.141113,1.118774
-0.138672,-0.263916,0.850098
-0.083374,0.185059,1.057617
0.415405,-0.409302,1.010620
-0.478394,-0.034668,0.793701
0.448853,-0.092896,1.135864
0.005859,-0.352417,0.872314
-0.192139,0.233643,1.039307
0.467896,-0.362915,1.042236
-0.440918,-0.072144,0.802124
0.364868,-0.058472,1.117310
0.067627,-0.377441,0.885864
-0.242432,0.185669,1.004639
0.505371,-0.300415,1.087158
-0.418823,-0.122314,0.792969
0.292847,-0.017822,1.109009
0.145752,-0.413940,0.915649
-0.335571,0.158203,0.939453
0.538574,-0.249146,1.114014
-0.348877,-0.176880,0.803833
0.175049,0.074951,1.090698
0.266724,-0.450439,0.930664
-0.404663,0.082153,0.874634
0.535645,-0.221558,1.114990
-0.265137,-0.221436,0.824463
0.048950,0.134399,1.072632
0.362061,-0.425659,0.995605
-0.453247,0.045166,0.833618
0.495605,-0.120728,1.150879
-0.145386,-0.255981,0.856567
-0.051270,0.197876,1.093872
0.427490,-0.405884,1.016968
-0.458496,-0.011108,0.834229
0.452393,-0.090698,1.144653
-0.001587,-0.327759,0.883301
-0.151123,0.212158,1.055786
0.487915,-0.348389,1.071045
-0.442139,-0.071045,0.813721
0.377319,-0.050903,1.137695
0.065308,-0.356323,0.898804
-0.247192,0.180054,1.003784
0.518188,-0.272461,1.123657
-0.373047,-0.168701,0.819214
0.272705,0.047852,1.141113
0.169067,-0.400024,0.923584
-0.326538,0.128540,0.928467
0.546753,-0.234375,1.136597
-0.315308,-0.196411,0.819336
0.165283,0.090698,1.112183
0.281372,-0.449707,0.949219
-0.411133,0.094604,0.871826
0.546387,-0.200073,1.140747
-0.223389,-0.231079,0.839233
0.036011,0.171997,1.093018
0.366943,-0.415039,0.998779
-0.439209,0.032349,0.851807
0.427124,-0.126465,1.107666
-0.110352,-0.279053,0.872070
-0.208130,0.232300,1.016968
0.462891,-0.338257,1.029663
-0.454956,-0.056030,0.804810
0.342285,-0.088745,1.091309
0.083984,-0.465332,0.858887
-0.276733,0.147095,0.953247
0.493042,-0.242065,1.086304
-0.396729,-0.130981,0.795288
0.245605,0.010376,1.094238
0.162720,-0.484985,0.881470
-0.350464,0.109009,0.919189
0.524780,-0.223022,1.124390
-0.355591,-0.180054,0.798462
0.152222,0.087036,1.095337
0.265259,-0.499634,0.919189
-0.410156,0.066772,0.858643
0.525879,-0.222046,1.116699
-0.289429,-0.227173,0.802368
0.077515,0.116211,1.079712
0.328979,-0.461792,0.955566
-0.452148,0.075195,0.829590
0.498535,-0.178101,1.114380
-0.206909,-0.241211,0.846191
-0.010376,0.146240,1.077393
0.384888,-0.459717,0.981812
-0.466797,0.042114,0.830444
0.493774,-0.114990,1.136597
-0.128662,-0.244995,0.849854
-0.082642,0.206665,1.066772
0.431152,-0.458252,0.998535
-0.463013,-0.049316,0.826172
0.471313,-0.102661,1.145142
-0.034790,-0.295898,0.872803
-0.151611,0.235352,1.068237
0.467651,-0.396240,1.040405
-0.455322,-0.047241,0.812256
0.435181,-0.091187,1.138184
0.046631,-0.337891,0.892212
-0.186646,0.209839,1.037231
0.473022,-0.304688,1.061035
-0.457275,-0.064941,0.802246
0.405029,-0.088257,1.136719
0.067749,-0.394531,0.893311
-0.252319,0.221191,1.018921
0.511475,-0.272339,1.092773
-0.416260,-0.090454,0.814941
0.336426,-0.042725,1.124390
0.127075,-0.419922,0.910522
-0.306641,0.184326,0.989990
0.538818,-0.248169,1.129639
-0.380981,-0.133911,0.802490
0.255005,0.040771,1.123657
0.200317,-0.427612,0.933472
-0.342285,0.123779,0.930054
0.548096,-0.232056,1.142212
-0.338013,-0.171265,0.822632
0.168335,0.082886,1.102783
0.270264,-0.445557,0.948730
-0.388062,0.091797,0.895996
0.561890,-0.225098,1.142456
-0.281860,-0.194702,0.839844
0.080933,0.133789,1.084595
0.329712,-0.441040,0.975708
-0.426147,0.048706,0.868408
0.543213,-0.168701,1.161743
-0.182861,-0.255615,0.847534
0.001221,0.212402,1.100098
0.385254,-0.405640,0.998291
-0.450439,0.018799,0.853027
0.536011,-0.169434,1.173950
-0.096313,-0.279175,0.888428
-0.073608,0.239380,1.091309
0.416382,-0.361572,1.025391
-0.453369,-0.010376,0.839844
0.492554,-0.151123,1.169922
0.008789,-0.355347,0.905762
-0.123047,0.222290,1.067505
0.448242,-0.315674,1.046143
-0.457153,-0.028687,0.818604
0.447388,-0.149780,1.158569
0.036133,-0.394409,0.912476
-0.179688,0.200928,1.066162
0.497437,-0.284180,1.104248
-0.446289,-0.049316,0.814453
0.385986,-0.053833,1.158691
0.080200,-0.377075,0.931641
-0.253052,0.191895,1.042236
0.533203,-0.254028,1.134155
-0.407471,-0.084106,0.821777
0.305908,0.006958,1.137939
0.142944,-0.426880,0.929199
-0.298584,0.173950,1.000732
0.551514,-0.246582,1.146118
-0.378052,-0.152100,0.812500
0.253052,0.050659,1.146606
0.198120,-0.409058,0.951416
-0.341064,0.126465,0.938232
0.560303,-0.245728,1.144043
-0.323486,-0.199951,0.820190
0.188110,0.084595,1.128418
0.255005,-0.405762,0.956665
-0.380127,0.108887,0.895142
0.572144,-0.219482,1.146851
-0.267334,-0.224487,0.840698
0.105957,0.133301,1.113281
0.317383,-0.435425,0.982056
-0.422119,0.077759,0.886475
0.565430,-0.192871,1.172852
-0.220215,-0.253540,0.852417
0.035278,0.172974,1.109619
0.359863,-0.401245,0.988159
-0.445557,0.062134,0.869751
0.546997,-0.174805,1.174316
-0.138550,-0.291138,0.875122
-0.029053,0.199341,1.095825
0.384399,-0.367432,1.001343
-0.453857,0.018311,0.852539
0.542358,-0.182861,1.174805
-0.047119,-0.325806,0.886353
-0.096802,0.212769,1.076172
0.408203,-0.319702,1.019653
-0.449097,-0.032227,0.838379
0.500977,-0.158447,1.176758
-0.025635,-0.343262,0.886353
-0.146484,0.225220,1.069702
0.443726,-0.300537,1.049438
-0.466431,-0.050293,0.824585
0.453247,-0.137451,1.169678
0.024292,-0.361572,0.910278
-0.218872,0.228271,1.038574
0.478027,-0.261108,1.086548
-0.437256,-0.083008,0.796265
0.375000,-0.079590,1.159668
0.097412,-0.392456,0.926514
-0.291138,0.193481,0.992188
0.509033,-0.244019,1.108154
-0.383789,-0.134155,0.802856
0.277100,0.005127,1.147705
0.177612,-0.400269,0.942139
-0.348999,0.148682,0.936401
0.536743,-0.228882,1.126709
-0.341064,-0.183228,0.814941
0.177856,0.057617,1.126953
0.246460,-0.433350,0.957153
-0.409180,0.105713,0.908569
0.549927,-0.219727,1.139771
-0.268677,-0.218384,0.819458
0.066895,0.164673,1.113647
0.306885,-0.406128,0.968140
-0.438843,0.035034,0.882202
0.540771,-0.200317,1.156616
-0.192017,-0.268311,0.844482
0.003784,0.189087,1.105225
0.337402,-0.355957,0.982056
-0.455688,-0.008789,0.836548
0.523560,-0.198364,1.160889
-0.093872,-0.341553,0.847168
-0.075317,0.195801,1.065918
0.389038,-0.333130,0.998657
-0.480347,-0.000610,0.824951
0.482056,-0.163452,1.153564
-0.066650,-0.374023,0.840454
-0.160156,0.179688,1.039673
0.435059,-0.315308,1.043823
-0.471191,-0.034790,0.814453
0.417725,-0.081787,1.166504
-0.004028,-0.358032,0.867554
-0.269165,0.213257,1.026855
0.491577,-0.299805,1.085083
-0.436523,-0.090942,0.792725
0.326050,-0.015991,1.155029
0.063232,-0.352173,0.901855
-0.325684,0.153809,0.956421
0.505249,-0.270874,1.095581
-0.402466,-0.145508,0.786133
0.244995,0.021362,1.132080
0.150757,-0.402832,0.907349
-0.395264,0.151001,0.916382
0.521729,-0.249878,1.099976
-0.350708,-0.186157,0.794922
0.134521,0.078613,1.106323
0.230957,-0.411011,0.934937
-0.441772,0.077393,0.880249
0.529053,-0.231079,1.118896
-0.274658,-0.248535,0.813110
0.028198,0.154053,1.070679
0.289673,-0.390991,0.940552
-0.467407,0.018188,0.823242
0.510742,-0.205078,1.127563
-0.169434,-0.323120,0.812500
-0.046021,0.154175,1.042725
0.327515,-0.350708,0.953369
-0.489136,-0.012573,0.803101
0.498901,-0.200073,1.131592
-0.116455,-0.353271,0.805420
-0.143555,0.187622,1.026245
0.377319,-0.327881,0.989380
-0.500122,-0.040527,0.796631
0.447144,-0.144287,1.140625
-0.101807,-0.336914,0.813477
-0.217529,0.180420,0.996704
0.407593,-0.301880,1.024048
-0.500977,-0.063599,0.763550
0.388550,-0.109131,1.134766
-0.047363,-0.358276,0.831665
-0.284058,0.180542,0.977051
0.452271,-0.302002,1.045410
-0.491333,-0.077759,0.757202
0.314087,-0.088501,1.105591
0.028076,-0.366211,0.863403
-0.354126,0.192505,0.938965
0.474854,-0.283569,1.056519
-0.457520,-0.102173,0.772827
0.223267,-0.027954,1.086426
0.103760,-0.408325,0.875000
-0.423706,0.153687,0.893799
0.479004,-0.239136,1.071777
-0.405518,-0.155273,0.775391
0.118530,0.076050,1.076782
0.165283,-0.409912,0.888794
-0.468140,0.095825,0.857910
0.519287,-0.246582,1.094727
-0.331909,-0.221069,0.781860
0.013062,0.128296,1.051880
0.248291,-0.388794,0.910034
-0.502563,0.029419,0.805664
0.487427,-0.214355,1.098145
-0.219849,-0.310425,0.758789
-0.073364,0.142944,1.022827
0.310059,-0.377686,0.925049
-0.524658,0.024292,0.786621
0.441406,-0.180664,1.085205
-0.163696,-0.355957,0.759521
-0.172241,0.159058,1.006348
0.360474,-0.350830,0.957275
-0.542358,0.016846,0.778076
0.395508,-0.161987,1.084961
-0.122437,-0.341919,0.790894
-0.256348,0.166138,0.963379
0.402466,-0.306152,0.998901
-0.545166,-0.014160,0.756226
0.308472,-0.096680,1.077148
-0.021118,-0.383057,0.824707
-0.360107,0.185791,0.932373
0.426514,-0.271729,1.019165
-0.490967,-0.095947,0.749146
0.205933,-0.036865,1.054199
0.056763,-0.391968,0.854492
-0.454834,0.143921,0.863525
0.464478,-0.249390,1.064941
-0.429932,-0.187622,0.728882
0.083130,0.111206,1.058838
0.143921,-0.396973,0.873291
-0.505859,0.103394,0.846436
0.465454,-0.284180,1.041382
-0.346680,-0.245605,0.758911
0.002075,0.156372,1.045532
0.193970,-0.350464,0.887451
-0.544434,0.056885,0.791626
0.469360,-0.274292,1.055420
-0.255615,-0.368774,0.729004
-0.077637,0.178589,1.023560
0.253418,-0.398682,0.863525
-0.563843,0.049072,0.774658
0.451904,-0.242676,1.055054
-0.201416,-0.382080,0.726440
-0.146729,0.166504,0.982788
0.291382,-0.378296,0.887329
-0.572021,0.031982,0.767212
0.431641,-0.215576,1.057373
-0.184937,-0.377563,0.730591
-0.205933,0.153931,0.962158
0.326782,-0.340210,0.938721
-0.577393,-0.013672,0.736694
0.380127,-0.194946,1.052734
-0.150513,-0.386230,0.749634
-0.260132,0.161865,0.932129
0.354736,-0.316528,0.954102
-0.588623,-0.015381,0.725830
0.336548,-0.178345,1.041016
-0.113403,-0.393066,0.771729
-0.309448,0.162720,0.924927
0.374023,-0.328369,0.958130
-0.594971,-0.000977,0.724731
0.297485,-0.120361,1.049683
-0.078979,-0.402100,0.776001
-0.352661,0.166992,0.908447
0.382812,-0.303223,0.970337
-0.573608,-0.005371,0.725098
0.258545,-0.086182,1.028320
-0.034546,-0.406128,0.790039
-0.408813,0.181885,0.891113
0.388306,-0.302246,0.973145
-0.544434,-0.043213,0.718384
0.203003,-0.025269,1.030273
-0.010010,-0.389404,0.806030
-0.451904,0.192993,0.870239
0.407349,-0.288940,0.983765
-0.535645,-0.060181,0.718384
0.139404,0.019531,1.026001
0.038208,-0.403198,0.820801
-0.484619,0.187622,0.862915
0.412964,-0.261963,1.002319
-0.511841,-0.120972,0.700806
0.088379,0.034424,1.019531
0.095459,-0.433960,0.824707
-0.535889,0.185303,0.843262
0.426392,-0.226074,1.011841
-0.416626,-0.178589,0.733032
0.014404,0.107666,1.017700
0.151733,-0.445190,0.835205
-0.567749,0.135620,0.812866
0.437622,-0.215088,1.028809
-0.342773,-0.211914,0.743774
-0.065918,0.161987,0.999878
0.216431,-0.430420,0.861572
-0.584595,0.093750,0.776367
0.433228,-0.201538,1.034668
-0.289551,-0.263062,0.720703
-0.139404,0.189331,0.979004
0.276489,-0.403564,0.885254
-0.593506,0.060059,0.757324
0.407959,-0.176758,1.041138
-0.228638,-0.324951,0.704956
-0.217407,0.196045,0.956665
0.316772,-0.376465,0.908203
-0.600464,0.049072,0.743530
0.384155,-0.161011,1.032471
-0.176025,-0.344116,0.718140
-0.281250,0.187622,0.925293
0.350586,-0.360840,0.919556
-0.596680,0.006348,0.729004
0.327271,-0.135620,1.019043
-0.124268,-0.383057,0.724854
-0.354126,0.207764,0.895508
0.379028,-0.317261,0.946167
-0.580078,-0.033447,0.704468
0.255981,-0.078735,1.022583
-0.076904,-0.406128,0.759277
-0.438110,0.219604,0.870850
0.401489,-0.307617,0.958496
-0.549927,-0.064331,0.694214
0.174561,-0.016479,1.015869
0.000977,-0.397827,0.789429
-0.505859,0.230103,0.855591
0.418823,-0.277344,0.970337
-0.481323,-0.097046,0.742676
0.069336,0.061523,1.005615
0.083252,-0.419800,0.805054
-0.547363,0.172852,0.818115
0.422607,-0.220337,1.004395
-0.388428,-0.174194,0.728271
-0.013062,0.167603,1.015503
0.177979,-0.404419,0.848022
-0.595703,0.134277,0.788818
0.413330,-0.214111,0.995239
-0.294556,-0.256470,0.716187
-0.110840,0.182007,0.976562
0.267212,-0.381714,0.887329
-0.611694,0.088013,0.769531
0.383789,-0.165405,1.025513
-0.207153,-0.338745,0.716675
-0.200073,0.182129,0.942383
0.320190,-0.351196,0.911377
-0.616821,0.069702,0.737671
0.349976,-0.121338,1.031128
-0.145752,-0.381836,0.710327
-0.299438,0.193970,0.905640
0.372070,-0.327026,0.926025
-0.586914,0.034790,0.740356
0.256104,-0.080322,1.000000
-0.061768,-0.419922,0.747681
-0.402100,0.202515,0.871216
0.395142,-0.292236,0.956421
-0.553223,-0.028687,0.709595
0.162964,0.026367,1.003418
0.017578,-0.399536,0.784912
-0.489868,0.205933,0.849731
0.417847,-0.275024,0.975586
-0.478760,-0.096680,0.709473
0.071533,0.104248,1.005127
0.097778,-0.392944,0.812744
-0.556763,0.193115,0.834839
0.430054,-0.210327,1.008667
-0.369995,-0.159058,0.744263
-0.008545,0.162964,1.008423
0.169189,-0.394775,0.845703
-0.598511,0.132812,0.769531
0.417114,-0.186646,1.011597
-0.266846,-0.293213,0.709839
-0.089478,0.193237,0.987061
0.247803,-0.365845,0.868164
-0.622192,0.130127,0.760498
0.420898,-0.198120,1.021851
-0.189575,-0.335693,0.726318
-0.174561,0.204102,0.941528
0.305298,-0.335571,0.899170
-0.615967,0.090210,0.740234
0.374512,-0.149048,1.020264
-0.131592,-0.371704,0.732300
-0.262695,0.181396,0.896851
0.362671,-0.333252,0.906372
-0.591919,0.097900,0.737793
0.316406,-0.076538,1.015869
-0.077637,-0.399414,0.732056
-0.338135,0.174805,0.872192
0.390381,-0.324951,0.921753
-0.577515,0.056274,0.725464
0.227905,-0.008423,0.992554
-0.008057,-0.386353,0.771729
-0.427246,0.199829,0.855957
0.411255,-0.293823,0.947876
-0.523193,-0.038818,0.721069
0.146484,0.058960,0.998291
0.035278,-0.387939,0.791382
-0.484375,0.187012,0.836792
0.433594,-0.251831,0.981079
-0.454712,-0.098755,0.745117
0.054199,0.146973,1.015625
0.121826,-0.398438,0.820679
-0.540161,0.161011,0.803833
0.422852,-0.206421,0.999268
-0.365479,-0.186890,0.731689
-0.010620,0.166016,0.993652
0.211548,-0.377441,0.855347
-0.582031,0.148193,0.784546
0.422485,-0.184326,1.013306
-0.272827,-0.248169,0.731201
-0.101929,0.183472,0.968628
0.281494,-0.395142,0.886108
-0.609985,0.117310,0.758423
0.400879,-0.130127,1.007568
-0.167114,-0.316162,0.735352
-0.174438,0.201782,0.947510
0.342773,-0.384033,0.913696
-0.601562,0.098511,0.744507
0.367798,-0.093994,1.011353
-0.105225,-0.334961,0.746826
-0.261719,0.208862,0.912720
0.371216,-0.378662,0.920776
-0.566528,0.043579,0.749390
0.313843,-0.025391,1.012329
-0.057495,-0.366211,0.733276
-0.341064,0.205811,0.866211
0.409058,-0.323975,0.947876
-0.548462,-0.013062,0.731567
0.238647,-0.032349,0.998657
-0.010132,-0.401855,0.757202
-0.398315,0.180664,0.839844
0.415649,-0.241089,0.958374
-0.496094,-0.074341,0.724854
0.146606,0.035889,1.007202
0.057007,-0.423340,0.790283
-0.473633,0.167236,0.818481
0.441406,-0.218628,0.978516
-0.433716,-0.091553,0.751587
0.047485,0.120850,1.012573
0.161499,-0.442627,0.819702
-0.557495,0.145020,0.786743
0.437744,-0.176270,1.017334
-0.307983,-0.184082,0.752319
-0.053589,0.164673,0.988037
0.235596,-0.411377,0.858032
-0.591187,0.091309,0.734375
0.438110,-0.165894,1.028564
-0.182495,-0.268188,0.767578
-0.163818,0.216187,0.949951
0.321289,-0.350952,0.904541
-0.586792,0.060425,0.736450
0.377808,-0.136108,1.022217
-0.088867,-0.399414,0.738647
-0.239136,0.201538,0.916870
0.365112,-0.318970,0.921265
-0.558716,0.062988,0.758789
0.302734,-0.049072,1.010132
-0.002197,-0.429321,0.765137
-0.346069,0.173462,0.853027
0.396729,-0.294434,0.937500
-0.526855,-0.010742,0.728760
0.220459,0.001831,1.004272
0.033081,-0.426514,0.769409
-0.421875,0.161011,0.821289
0.425171,-0.248291,0.979126
-0.469849,-0.083130,0.731689
0.114136,0.100952,1.029297
0.106567,-0.439941,0.808228
-0.499878,0.140625,0.801880
0.437256,-0.233887,0.989258
-0.409424,-0.130615,0.741455
0.051025,0.116211,1.004272
0.184204,-0.416016,0.840942
-0.550659,0.116089,0.760498
0.443359,-0.194580,1.015259
-0.311890,-0.204712,0.746826
-0.078369,0.187622,0.992065
0.262451,-0.443970,0.864380
-0.564087,0.075195,0.738403
0.424316,-0.165771,1.015869
-0.205078,-0.239624,0.766479
-0.145386,0.200195,0.966797
0.330811,-0.423584,0.910889
-0.570801,0.050171,0.762573
0.387085,-0.134277,1.022339
-0.115356,-0.311768,0.763184
-0.238647,0.234863,0.940063
0.385498,-0.394775,0.926270
-0.547852,0.010986,0.754272
0.327026,-0.073242,1.012939
-0.032837,-0.384399,0.756592
-0.309082,0.197876,0.882324
0.415161,-0.372559,0.943726
-0.534180,-0.072021,0.722168
0.251099,-0.043091,1.000244
0.016846,-0.419434,0.761108
-0.370483,0.159668,0.843506
0.441040,-0.306885,0.970215
-0.482056,-0.085693,0.746094
0.141479,0.036377,0.997437
0.077881,-0.440308,0.785522
-0.449097,0.120850,0.805664
0.458130,-0.263550,1.001709
-0.416504,-0.130371,0.746338
0.037476,0.112305,1.002441
0.169678,-0.461304,0.812988
-0.515015,0.082642,0.773438
0.465332,-0.248413,1.019531
-0.339722,-0.180786,0.752808
-0.055420,0.175659,0.999146
0.252563,-0.430908,0.863892
-0.553101,0.047729,0.738159
0.449585,-0.226562,1.034424
-0.209595,-0.249756,0.791382
-0.146851,0.207520,0.966919
0.303345,-0.414429,0.889771
-0.552979,0.044434,0.755493
0.419678,-0.190918,1.038818
-0.099487,-0.327026,0.797607
-0.215210,0.222534,0.953491
0.351807,-0.364990,0.927246
-0.539429,-0.005249,0.751343
0.361816,-0.173706,1.004883
-0.036255,-0.407715,0.778931
-0.265137,0.180542,0.904175
0.395630,-0.307373,0.960327
-0.543579,-0.049316,0.729248
0.296875,-0.128540,0.991455
0.015625,-0.406738,0.800659
-0.302612,0.114624,0.860962
0.440186,-0.311646,0.983521
-0.520996,-0.032837,0.736084
0.205566,-0.032593,0.992676
0.070557,-0.478638,0.776123
-0.363770,0.102417,0.834106
0.448853,-0.290405,0.990723
-0.470581,-0.103638,0.744141
0.139404,0.040649,1.008057
0.093750,-0.467529,0.785767
-0.423462,0.102417,0.818237
0.478394,-0.279541,1.006958
-0.421753,-0.150146,0.752808
0.062744,0.084839,1.017212
0.174683,-0.507568,0.817383
-0.481812,0.061401,0.778564
0.470825,-0.254639,1.026367
-0.354980,-0.182251,0.743896
-0.012695,0.163574,1.020630
0.252441,-0.450806,0.871094
-0.514404,0.015259,0.753784
0.461914,-0.265015,1.027466
-0.261108,-0.242065,0.782715
-0.091553,0.213745,1.005127
0.297485,-0.388184,0.902100
-0.533325,-0.000977,0.750610
0.427368,-0.249634,1.038574
-0.154663,-0.322632,0.799438
-0.132568,0.222168,1.005127
0.334351,-0.352173,0.930664
-0.545898,0.026367,0.764648
0.394775,-0.218628,1.033447
-0.065552,-0.383911,0.811401
-0.162109,0.146362,0.974121
0.361938,-0.339478,0.953979
-0.538818,0.046631,0.786011
0.364136,-0.162109,1.028687
0.013794,-0.422485,0.823975
-0.241577,0.137329,0.931274
0.398193,-0.330933,0.972900
-0.517212,-0.052856,0.739746
0.319458,-0.139771,1.020508
0.041016,-0.468018,0.805786
-0.300293,0.139282,0.901489
0.445923,-0.307129,0.992188
-0.487183,-0.098511,0.738525
0.244141,-0.054321,1.036377
0.077393,-0.472900,0.798340
-0.337158,0.128052,0.881836
0.456665,-0.312744,0.995728
-0.451904,-0.104736,0.763672
0.191528,-0.016602,1.030518
0.122192,-0.470825,0.820679
-0.414429,0.122192,0.846924
0.488281,-0.309326,1.023682
-0.398438,-0.164551,0.761597
0.092651,0.062134,1.025269
0.194214,-0.499634,0.843262
-0.442383,0.053833,0.811523
0.495361,-0.251587,1.054077
-0.334106,-0.204590,0.778564
0.008789,0.134644,1.030029
0.266479,-0.503418,0.866455
-0.461914,0.024414,0.789185
0.467407,-0.221802,1.052490
-0.272583,-0.246094,0.783325
-0.041260,0.149536,1.036865
0.337524,-0.465576,0.922852
-0.509766,0.021240,0.769897
0.449951,-0.186890,1.073242
-0.149414,-0.299072,0.810303
-0.128418,0.194580,1.017822
0.375732,-0.406128,0.962036
-0.506958,-0.006470,0.774048
0.411133,-0.142090,1.076416
-0.044434,-0.358887,0.831299
-0.188232,0.201294,1.011597
0.415283,-0.385010,0.982666
-0.494141,-0.061401,0.776855
0.369385,-0.132080,1.075806
0.057739,-0.442505,0.833374
-0.264404,0.178467,0.955200
0.456787,-0.319580,1.018311
-0.433472,-0.082397,0.790894
0.277710,-0.037476,1.071289
0.101929,-0.451904,0.836792
-0.331177,0.145020,0.927856
0.485718,-0.291260,1.054565
-0.410278,-0.147095,0.797974
0.201172,-0.000610,1.064941
0.167603,-0.429199,0.875366
-0.381592,0.117432,0.886108
0.506470,-0.269165,1.068726
-0.347290,-0.182251,0.799683
0.107422,0.060303,1.049805
0.258179,-0.459961,0.905151
-0.437012,0.063843,0.818115
0.491455,-0.204224,1.081299
-0.255615,-0.213257,0.818481
0.023560,0.115112,1.060669
0.330444,-0.442505,0.943481
-0.470093,0.018555,0.790283
0.479248,-0.160767,1.101929
-0.161011,-0.272217,0.820557
-0.084106,0.208984,1.059204
0.407104,-0.418579,0.994751
-0.478760,-0.004517,0.802612
0.424316,-0.104614,1.116821
-0.027710,-0.344360,0.845459
-0.168091,0.222290,1.041504
0.456543,-0.372803,1.026489
-0.473755,-0.088501,0.783081
0.366699,-0.087769,1.108765
0.083862,-0.408691,0.867432
-0.239380,0.200806,0.996582
0.481323,-0.281250,1.063965
-0.420044,-0.106567,0.785278
0.285522,-0.036987,1.098877
0.129639,-0.431030,0.881226
-0.323608,0.151855,0.948242
0.535645,-0.260742,1.103394
-0.379883,-0.130737,0.796265
0.157715,0.051514,1.071655
0.251587,-0.472168,0.919678
-0.386475,0.044556,0.866089
0.523438,-0.194946,1.131958
-0.277710,-0.208618,0.818726
0.044800,0.154419,1.063843
0.341919,-0.451538,0.963013
-0.453247,0.013794,0.821899
0.509888,-0.166870,1.149170
-0.150879,-0.268921,0.851807
-0.067627,0.237671,1.082275
0.411133,-0.390869,1.005615
-0.465454,0.001831,0.832275
0.463501,-0.145142,1.141235
-0.015503,-0.389404,0.866577
-0.131592,0.206787,1.062866
0.455566,-0.328857,1.045654
-0.465088,-0.005859,0.820435
0.410889,-0.118774,1.130859
0.073364,-0.428223,0.906860
-0.209595,0.177979,1.022827
0.494751,-0.283569,1.092163
-0.443237,-0.047119,0.804810
0.345825,-0.016968,1.131714
0.113770,-0.418823,0.911865
-0.296265,0.185669,1.001953
0.536743,-0.278564,1.120850
-0.396606,-0.134888,0.805542
0.256226,0.050659,1.140503
0.204590,-0.430298,0.942749
-0.347656,0.137085,0.939941
0.536621,-0.213989,1.140381
-0.336670,-0.191895,0.808594
0.189331,0.053955,1.108765
0.280762,-0.443237,0.959839
-0.483154,0.025635,0.798828
0.463989,-0.148315,1.099854
-0.160889,-0.258911,0.835083
-0.088989,0.167603,1.030273
0.406006,-0.448975,0.984741
-0.476440,-0.007324,0.809448
0.434448,-0.096313,1.121704
-0.076782,-0.306274,0.835205
-0.144897,0.208252,1.033691
0.447876,-0.406250,1.013062
-0.462769,-0.090210,0.790161
0.407349,-0.089233,1.115356
0.030640,-0.365479,0.861938
-0.217285,0.200439,0.999146
0.466187,-0.345703,1.036865
-0.414551,-0.114624,0.802856
0.359131,-0.056152,1.120850
0.060669,-0.382568,0.869263
-0.278564,0.168335,0.972168
0.510864,-0.312866,1.077393
-0.401733,-0.140137,0.800171
0.294312,-0.027832,1.106567
0.115112,-0.399170,0.892212
-0.338257,0.187134,0.956909
0.536743,-0.287476,1.099609
-0.371460,-0.163208,0.807007
0.220093,0.033081,1.095947
0.192749,-0.427856,0.912231
-0.372314,0.092773,0.883423
0.548462,-0.241089,1.120972
-0.304443,-0.203979,0.821411
0.123169,0.116821,1.089233
0.271606,-0.459839,0.926270
-0.417114,0.074585,0.855591
0.550781,-0.219360,1.134277
-0.248779,-0.231567,0.832764
0.034912,0.146484,1.074707
0.344360,-0.442139,0.970459
-0.445801,0.044434,0.841919
0.515747,-0.164429,1.141113
-0.158203,-0.267700,0.857544
-0.036499,0.198120,1.086426
0.396484,-0.396973,1.009033
-0.469727,0.009155,0.820923
0.484863,-0.134766,1.152100
-0.043579,-0.334717,0.882324
-0.110107,0.208008,1.073242
0.447144,-0.368286,1.035522
-0.470825,-0.006836,0.818726
0.436523,-0.100830,1.153442
0.040894,-0.407104,0.901123
-0.161621,0.212891,1.064575
0.484741,-0.351074,1.054077
-0.457397,-0.049683,0.815186
0.395630,-0.046753,1.156982
0.060669,-0.369263,0.909180
-0.227417,0.214966,1.041626
0.514648,-0.310181,1.105835
-0.421021,-0.098267,0.799438
0.346924,-0.020996,1.140625
0.108521,-0.352539,0.934204
-0.282471,0.206177,1.019043
0.537842,-0.266602,1.122192
-0.395386,-0.136108,0.814697
0.276489,0.012939,1.140747
0.172607,-0.417480,0.928223
-0.316528,0.169067,0.967041
0.569702,-0.259521,1.136108
-0.342529,-0.154663,0.832153
0.195435,0.075928,1.111206
0.253906,-0.442993,0.953369
-0.361938,0.086060,0.906006
0.558594,-0.221680,1.152588
-0.292847,-0.194946,0.843384
0.117432,0.130981,1.104248
0.312622,-0.422607,0.978027
-0.394653,0.073486,0.890015
0.557983,-0.178589,1.172974
-0.228271,-0.247314,0.840210
0.038208,0.160400,1.090454
0.373291,-0.410400,1.009644
-0.443115,0.062866,0.871460
0.542480,-0.160645,1.173706
-0.125122,-0.278564,0.885498
-0.054199,0.202881,1.095581
0.410278,-0.392944,1.022339
-0.450928,0.011475,0.850342
0.520020,-0.136475,1.171021
-0.045532,-0.299927,0.903687
-0.113281,0.221191,1.092529
0.443970,-0.356201,1.050537
-0.437988,-0.021729,0.844482
0.477173,-0.101440,1.173828
0.006958,-0.330200,0.908813
-0.171753,0.223877,1.063965
0.474976,-0.310547,1.076660
-0.420166,-0.080933,0.825073
0.430054,-0.077759,1.176270
0.026733,-0.337158,0.912354
-0.229370,0.234131,1.046631
0.513184,-0.286987,1.111694
-0.405518,-0.132202,0.819214
0.359375,-0.039917,1.174561
0.106567,-0.360474,0.929932
-0.306030,0.224121,0.991699
0.533936,-0.259399,1.128296
-0.376099,-0.161987,0.812622
0.281982,-0.001221,1.146973
0.171143,-0.383057,0.929688
-0.342773,0.151367,0.940186
0.560669,-0.232910,1.138306
-0.331909,-0.184448,0.816040
0.188232,0.065796,1.123901
0.244873,-0.440674,0.963989
-0.384766,0.092773,0.914551
0.564331,-0.211182,1.153809
-0.274780,-0.201660,0.830078
0.076050,0.151367,1.114136
0.313965,-0.436279,0.974976
-0.411499,0.041382,0.891113
0.541382,-0.162842,1.170532
-0.199707,-0.248901,0.855469
0.000122,0.182617,1.095947
0.372314,-0.394775,0.984741
-0.449097,0.013428,0.850464
0.522583,-0.188232,1.158813
-0.084473,-0.329224,0.878540
-0.077515,0.203613,1.082886
0.395752,-0.345459,1.003662
-0.459595,-0.023560,0.834351
0.504150,-0.144287,1.176270
-0.037476,-0.344604,0.865112
-0.166504,0.217163,1.059692
0.448608,-0.317383,1.043945
-0.471313,-0.060181,0.813965
0.448975,-0.123169,1.173950
0.000854,-0.345215,0.888672
-0.244385,0.226929,1.027222
0.480591,-0.277466,1.077881
-0.447998,-0.097656,0.791992
0.340088,-0.063721,1.138062
0.068481,-0.397949,0.892090
-0.288208,0.149780,0.965454
0.502197,-0.247681,1.108398
-0.407593,-0.136841,0.775269
0.260864,0.001587,1.121704
0.155273,-0.407959,0.912109
-0.370117,0.141113,0.935913
0.525635,-0.220581,1.125977
-0.343994,-0.192749,0.791870
0.149048,0.106934,1.116943
0.227051,-0.416138,0.925293
-0.433350,0.077759,0.876465
0.535400,-0.235718,1.124634
-0.272095,-0.251099,0.818970
0.043457,0.171143,1.091431
0.288574,-0.400146,0.937378
-0.472046,0.044312,0.845825
0.510254,-0.214600,1.125244
-0.155273,-0.342285,0.827393
-0.031738,0.165771,1.069946
0.334106,-0.379272,0.950806
-0.507324,0.027954,0.815186
0.492798,-0.189209,1.136353
-0.115479,-0.362183,0.810669
-0.096558,0.151855,1.044678
0.373047,-0.355713,0.967773
-0.514282,0.038330,0.802856
0.457520,-0.179565,1.135376
-0.091675,-0.369385,0.829834
-0.221558,0.160156,0.984131
0.433960,-0.316406,1.037354
-0.489868,-0.038574,0.766846
0.376221,-0.066528,1.135620
-0.028809,-0.345337,0.856567
-0.304688,0.170776,0.975220
0.474731,-0.319458,1.057617
-0.473999,-0.077393,0.775879
0.292969,0.001099,1.127930
0.040771,-0.363892,0.859009
-0.373901,0.176636,0.947388
0.480835,-0.304443,1.058716
-0.416626,-0.170532,0.766602
0.211060,0.018311,1.109863
0.123535,-0.394653,0.878052
-0.458496,0.169067,0.880493
0.504150,-0.267944,1.082153
-0.377441,-0.196655,0.778198
0.100830,0.061157,1.059448
0.202148,-0.406372,0.909546
-0.485718,0.096802,0.839233
0.484375,-0.210327,1.084717
-0.298584,-0.232544,0.784912
0.009888,0.090698,1.051514
0.260864,-0.402954,0.923096
-0.518433,0.047241,0.793945
0.470337,-0.153809,1.098511
-0.198120,-0.301514,0.767456
-0.100464,0.160278,1.018555
0.318726,-0.363770,0.939819
-0.521729,-0.021118,0.776123
0.446777,-0.173218,1.111938
-0.160767,-0.342407,0.770142
-0.232910,0.183716,0.983643
0.390991,-0.338745,0.987671
-0.526611,-0.044800,0.766357
0.349731,-0.098145,1.105591
-0.079468,-0.351440,0.803467
-0.316528,0.171143,0.929443
0.413818,-0.302490,1.013916
-0.512085,-0.077515,0.743774
0.265137,-0.052734,1.089233
0.017578,-0.391968,0.835815
-0.426514,0.170898,0.885864
0.429932,-0.262817,1.021973
-0.467529,-0.127075,0.749023
0.163574,0.023315,1.060181
0.109375,-0.379883,0.869263
-0.496338,0.146606,0.841187
0.459717,-0.245239,1.053101
-0.391357,-0.222778,0.733643
0.051392,0.111206,1.054688
0.170410,-0.404297,0.866577
-0.532349,0.096191,0.815552
0.479248,-0.249634,1.051636
-0.288818,-0.262451,0.758667
-0.069580,0.159180,1.011353
0.240112,-0.376099,0.889282
-0.540649,0.029297,0.783936
0.436279,-0.231934,1.043945
-0.234375,-0.341675,0.724243
-0.138794,0.136597,0.973633
0.292847,-0.365356,0.906738
-0.572510,0.044556,0.764404
0.418091,-0.207031,1.062744
-0.194092,-0.361206,0.739014
-0.238770,0.154053,0.958984
0.356201,-0.364380,0.931641
-0.570068,0.003784,0.742920
0.346680,-0.133179,1.056641
-0.130371,-0.346558,0.774536
-0.332520,0.185669,0.919434
0.393799,-0.357788,0.958374
-0.565063,-0.024780,0.731201
0.282715,-0.073608,1.051880
-0.076660,-0.384277,0.762817
-0.405396,0.190186,0.880127
0.399536,-0.320190,0.976196
-0.522705,-0.103271,0.715332
0.216309,-0.045532,1.045410
-0.011841,-0.407715,0.785767
-0.484009,0.220215,0.861816
0.422729,-0.292725,0.988037
-0.494751,-0.105225,0.734497
0.112061,0.007935,1.013306
0.074097,-0.431763,0.819824
-0.528931,0.174072,0.824463
0.424072,-0.250244,1.003174
-0.399780,-0.153687,0.756104
0.037354,0.100708,1.030762
0.151733,-0.421509,0.846924
-0.576416,0.132568,0.792480
0.414551,-0.235474,1.007812
-0.320679,-0.253052,0.726929
-0.056152,0.137085,1.000244
0.223389,-0.402100,0.867920
-0.599121,0.098999,0.780151
0.409180,-0.211548,1.015625
-0.256104,-0.308838,0.710938
-0.153442,0.180664,0.970703
0.283936,-0.384888,0.906738
-0.593872,0.037231,0.744995
0.378540,-0.149292,1.034790
-0.213867,-0.329224,0.710571
-0.229736,0.183594,0.962158
0.342773,-0.387573,0.926025
-0.595703,0.003052,0.728638
0.324585,-0.115356,1.030884
-0.166748,-0.357178,0.710693
-0.319702,0.201416,0.909058
0.389282,-0.357910,0.945801
-0.574463,-0.033081,0.715942
0.270386,-0.071411,1.036987
-0.119141,-0.374878,0.739868
-0.392090,0.184570,0.873047
0.386841,-0.334595,0.946167
-0.553955,-0.077026,0.703247
0.207642,-0.016846,1.026245
-0.035767,-0.389038,0.768066
-0.484985,0.243774,0.861694
0.404663,-0.281372,0.970825
-0.480835,-0.145752,0.724243
0.106934,0.014160,1.007324
0.029297,-0.409058,0.796631
-0.537720,0.228516,0.830444
0.421753,-0.248657,0.979736
-0.412964,-0.153320,0.750366
0.026245,0.092773,1.010010
0.126221,-0.429077,0.834961
-0.575317,0.164062,0.787598
0.415405,-0.201172,1.004639
-0.310425,-0.248901,0.731689
-0.060913,0.159546,1.009155
0.217529,-0.413330,0.857788
-0.608154,0.135620,0.766235
0.413330,-0.184326,1.015259
-0.233887,-0.292847,0.725952
-0.158203,0.165527,0.957275
0.299438,-0.382690,0.904907
-0.602905,0.084595,0.743896
0.357544,-0.098022,1.022339
-0.177002,-0.362549,0.695312
-0.256226,0.176758,0.923462
0.359741,-0.373901,0.922485
-0.594238,0.036133,0.735107
0.302856,-0.079346,1.013306
-0.114624,-0.358032,0.732300
-0.358887,0.191650,0.871094
0.387573,-0.330688,0.941772
-0.555786,-0.031128,0.717163
0.198975,-0.015991,0.990479
-0.046997,-0.374634,0.759521
-0.441528,0.208008,0.861694
0.409302,-0.276123,0.968140
-0.491211,-0.096924,0.734375
0.103271,0.079712,1.006958
0.047607,-0.396851,0.788574
-0.522705,0.204346,0.829834
0.426270,-0.216553,1.001099
-0.381348,-0.158203,0.750366
-0.007080,0.157104,1.009644
0.146484,-0.389893,0.828979
-0.594482,0.170288,0.795288
0.447632,-0.213013,1.015381
-0.265137,-0.256470,0.742432
-0.101440,0.171753,0.970581
0.223877,-0.345703,0.866455
-0.609131,0.121582,0.760254
0.437988,-0.173462,1.034424
-0.167847,-0.338135,0.742188
-0.195557,0.170654,0.928833
0.322021,-0.331299,0.905518
-0.614014,0.123413,0.731934
0.366333,-0.108154,1.015137
-0.090942,-0.364990,0.744751
-0.286377,0.171631,0.877930
0.366699,-0.313843,0.924072
-0.584961,0.051025,0.720703
0.278198,-0.058594,0.986328
-0.033325,-0.395508,0.758301
-0.380615,0.172119,0.850098
0.401733,-0.280273,0.957153
-0.530396,-0.028320,0.710327
0.173340,0.049927,0.997925
0.009155,-0.395752,0.761963
-0.465088,0.176392,0.831665
0.437988,-0.274048,0.968384
-0.463623,-0.074219,0.740967
0.095215,0.121582,1.018921
0.073242,-0.391113,0.787964
-0.541992,0.202759,0.806274
0.455444,-0.265137,0.981323
-0.368042,-0.138916,0.761108
0.024658,0.174438,1.016846
0.159790,-0.385498,0.824707
-0.586670,0.203247,0.793945
0.436890,-0.220703,0.993042
-0.307251,-0.231812,0.741943
-0.033936,0.174561,1.004639
0.224243,-0.383179,0.872314
-0.600342,0.161865,0.776978
0.424805,-0.173096,1.003052
-0.227173,-0.237793,0.763428
-0.092896,0.193604,0.990112
0.276733,-0.419678,0.879150
-0.609619,0.106812,0.753052
0.423340,-0.143311,1.027466
-0.169312,-0.263916,0.757690
-0.162964,0.203613,0.950073
0.324341,-0.379395,0.904785
-0.594604,0.082886,0.750488
0.401001,-0.143433,1.010742
-0.122559,-0.280640,0.773682
-0.228638,0.200073,0.906982
0.362793,-0.354370,0.922607
-0.582642,0.032837,0.749023
0.354248,-0.120483,1.003174
-0.082031,-0.357544,0.754883
-0.292725,0.212402,0.874146
0.398804,-0.318726,0.941528
-0.550415,0.004639,0.738647
0.305542,-0.097046,0.999390
-0.052246,-0.399780,0.730835
-0.340210,0.195312,0.849609
0.413818,-0.290771,0.959839
-0.514893,-0.044067,0.742554
0.250854,-0.030151,1.013916
0.004517,-0.429810,0.750854
-0.392944,0.166016,0.824341
0.425415,-0.282837,0.969360
-0.518188,-0.067139,0.725586
0.191650,0.007446,1.008301
0.064575,-0.425171,0.787842
-0.445923,0.160522,0.809326
0.420410,-0.253296,0.960205
-0.474487,-0.078857,0.737305
0.130127,0.052124,1.011963
0.122559,-0.447632,0.808105
-0.513428,0.153564,0.795166
0.431763,-0.220459,0.979492
-0.396362,-0.136963,0.734863
0.038452,0.118408,1.003174
0.192627,-0.440796,0.833618
-0.551758,0.123779,0.770630
0.431641,-0.201172,1.002686
-0.314331,-0.164185,0.764526
-0.042725,0.167114,1.004883
0.257568,-0.447510,0.872070
-0.568604,0.083374,0.754395
0.429565,-0.194824,1.011475
-0.215332,-0.224976,0.769531
-0.130005,0.207886,0.972656
0.309814,-0.392456,0.897339
-0.572632,0.045166,0.739746
0.419312,-0.198853,1.014282
-0.135376,-0.310181,0.772705
-0.208252,0.228760,0.947754
0.359619,-0.369995,0.923950
-0.547852,0.023438,0.751099
0.359497,-0.119019,1.020386
-0.067505,-0.386719,0.767090
-0.252197,0.177124,0.910522
0.388306,-0.374756,0.930298
-0.552246,-0.023315,0.736084
0.311279,-0.084229,1.003052
0.004272,-0.413330,0.770508
-0.314941,0.174561,0.870972
0.421021,-0.319336,0.961304
-0.518799,-0.046875,0.739014
0.224121,-0.059082,0.991455
0.034546,-0.464844,0.757568
-0.369629,0.155518,0.838745
0.454712,-0.299072,0.972900
-0.495972,-0.053589,0.747559
0.155151,0.008545,1.000000
0.078369,-0.455811,0.786743
-0.418945,0.087402,0.794922
0.461914,-0.263672,1.001221
-0.445801,-0.119019,0.740601
0.084595,0.080322,1.018311
0.155029,-0.484253,0.818237
-0.493652,0.074951,0.775024
0.457520,-0.255493,1.007812
-0.377197,-0.155884,0.751221
0.007812,0.120728,1.008423
0.241455,-0.490601,0.849609
-0.532837,0.071777,0.747925
0.439209,-0.208618,1.020142
-0.299805,-0.188477,0.763672
-0.077271,0.160767,1.002441
0.308472,-0.490601,0.884033
-0.531860,0.038452,0.746460
0.412354,-0.163086,1.024048
-0.198975,-0.240601,0.775024
-0.164917,0.179565,0.964844
0.363403,-0.470947,0.933105
-0.534668,-0.034302,0.754150
0.392212,-0.132812,1.048340
-0.089722,-0.302246,0.786255
-0.235474,0.218750,0.953003
0.405640,-0.383545,0.970337
-0.507568,-0.074219,0.760376
0.331787,-0.108276,1.027466
-0.000244,-0.400635,0.790405
-0.302002,0.181519,0.899780
0.435791,-0.380127,0.962891
-0.494751,-0.126831,0.746460
0.261230,-0.085205,1.016357
0.061890,-0.454102,0.791992
-0.344727,0.137817,0.853394
0.446411,-0.313965,0.990234
-0.439941,-0.097168,0.778076
0.181152,-0.006348,1.015747
0.102661,-0.473755,0.808594
-0.415527,0.094604,0.824341
0.476929,-0.285400,1.024048
-0.402588,-0.146118,0.757324
0.097656,0.088867,1.040283
0.198853,-0.479614,0.847168
-0.486572,0.061890,0.791626
0.496094,-0.296143,1.044800
-0.326416,-0.225708,0.766968
-0.000610,0.178345,1.044067
0.262085,-0.443237,0.884399
-0.498535,0.025146,0.773926
0.454468,-0.261841,1.039795
-0.246460,-0.268311,0.793945
-0.056030,0.148560,1.021973
0.324219,-0.437012,0.918701
-0.515991,0.047119,0.766235
0.428833,-0.177124,1.051636
-0.160156,-0.269043,0.812988
-0.106079,0.165649,1.022827
0.378174,-0.459229,0.943848
-0.527344,0.017212,0.769287
0.399902,-0.112793,1.071533
-0.068237,-0.310913,0.822754
-0.182129,0.196045,1.005615
0.415039,-0.427368,0.971436
-0.499512,-0.069336,0.774414
0.373657,-0.110962,1.061768
0.009888,-0.370483,0.837524
-0.245728,0.183594,0.957642
0.453247,-0.369019,1.003906
-0.463745,-0.098511,0.772339
0.310425,-0.065796,1.061768
0.068481,-0.422485,0.831177
-0.301514,0.155273,0.926147
0.491089,-0.333984,1.034424
-0.435547,-0.128174,0.765869
0.260986,-0.008911,1.068970
0.099487,-0.404663,0.850830
-0.348877,0.166626,0.917725
0.497681,-0.294556,1.048706
-0.391724,-0.186768,0.769165
0.190430,0.018433,1.066650
0.163330,-0.421143,0.877930
-0.401978,0.099976,0.854248
0.532837,-0.269409,1.089722
-0.336426,-0.198608,0.799316
0.099609,0.083862,1.061523
0.255249,-0.478271,0.894287
-0.439331,0.058472,0.822510
0.513794,-0.241943,1.087891
-0.270874,-0.235229,0.810425
0.013672,0.152588,1.057007
0.337036,-0.456177,0.942627
-0.460327,0.043091,0.804565
0.486816,-0.161499,1.118042
-0.184326,-0.253784,0.832886
-0.064575,0.174072,1.057617
0.393677,-0.451538,0.980591
-0.472778,0.008179,0.809326
0.462891,-0.105835,1.126587
-0.073730,-0.286621,0.848022
-0.146973,0.235596,1.061035
0.436279,-0.409790,1.014404
-0.443726,-0.089722,0.802246
0.410767,-0.098999,1.129517
0.030884,-0.377686,0.870361
-0.215454,0.218506,1.024536
0.482300,-0.333130,1.040894
-0.423584,-0.096924,0.805542
0.350586,-0.061035,1.113770
0.083862,-0.393188,0.876587
-0.279297,0.204956,0.993286
0.510254,-0.283569,1.081055
-0.395996,-0.113892,0.809570
0.284424,0.000244,1.115234
0.162842,-0.447021,0.896973
-0.341553,0.139648,0.939453
0.539551,-0.261719,1.110962
-0.352417,-0.183960,0.796509
0.186401,0.084595,1.106812
0.239746,-0.437500,0.936401
-0.386597,0.096313,0.899536
0.546265,-0.232178,1.130371
-0.300537,-0.229492,0.804565
0.121582,0.105469,1.096924
0.307739,-0.438232,0.958862
-0.432129,0.077881,0.853394
0.535034,-0.188599,1.132812
-0.213623,-0.238281,0.843506
0.048096,0.159058,1.106323
0.359497,-0.424805,0.987183
-0.457153,0.072144,0.851440
0.518433,-0.162720,1.149902
-0.162231,-0.264038,0.864258
-0.007690,0.198120,1.111328
0.414307,-0.417603,1.023926
-0.463745,0.050293,0.846191
0.493408,-0.118286,1.147095
-0.068970,-0.283569,0.890381
-0.082031,0.200928,1.088257
0.440918,-0.374023,1.043457
-0.461426,-0.002808,0.852295
0.476196,-0.109131,1.158813
0.016602,-0.346436,0.896851
-0.147583,0.209595,1.069092
0.482056,-0.322998,1.085083
-0.442383,-0.071533,0.814209
0.427734,-0.065918,1.165161
0.020020,-0.341919,0.888916
-0.195435,0.194824,1.044678
0.511108,-0.298950,1.109009
-0.425903,-0.133667,0.803345
0.390747,-0.044189,1.181274
0.079834,-0.345215,0.912476
-0.273804,0.245239,1.020630
0.526978,-0.266113,1.122070
-0.398193,-0.140747,0.818604
0.335571,-0.030151,1.167725
0.145264,-0.381958,0.939697
-0.319092,0.211060,0.978516
0.535400,-0.239502,1.125244
-0.356201,-0.162720,0.821655
0.263672,0.021729,1.152344
0.224243,-0.425293,0.957642
-0.363281,0.144531,0.926270
0.557251,-0.222290,1.137207
-0.315308,-0.192017,0.819214
0.172241,0.073853,1.119507
0.291504,-0.439453,0.977539
-0.390015,0.118774,0.910156
0.539551,-0.176147,1.140625
-0.268188,-0.227905,0.831665
0.094482,0.109131,1.093628
0.347534,-0.418701,1.005005
-0.429077,0.087524,0.884521
0.527832,-0.136475,1.166382
-0.207764,-0.254639,0.853027
0.020020,0.150146,1.095337
0.377441,-0.410156,1.012085
-0.441162,0.041382,0.872314
0.524780,-0.121704,1.161499
-0.112915,-0.296875,0.866577
-0.051636,0.182617,1.084839
0.402100,-0.375977,1.023682
-0.444824,-0.000977,0.848877
0.511841,-0.132202,1.169922
-0.051025,-0.328735,0.859131
-0.119263,0.198120,1.070435
0.420288,-0.349243,1.032104
-0.450317,-0.037231,0.838745
0.480835,-0.093018,1.187744
-0.034058,-0.351074,0.856689
-0.196411,0.225220,1.053711
0.454468,-0.312866,1.054932
-0.452271,-0.051270,0.815308
0.432251,-0.084229,1.173218
0.001831,-0.368042,0.865723
-0.247925,0.223877,1.035156
0.504761,-0.288574,1.100952
-0.431519,-0.081543,0.797485
0.348022,-0.035767,1.160034
0.067383,-0.365479,0.889160
-0.305420,0.193115,0.981689
0.522827,-0.281616,1.103638
-0.397949,-0.158447,0.791260
0.276489,0.003540,1.141479
0.126587,-0.364014,0.902100
-0.363892,0.141968,0.929199
0.521973,-0.265381,1.106079
-0.343506,-0.221680,0.807495
0.165894,0.049194,1.110229
0.194092,-0.386230,0.921021
-0.410645,0.115356,0.891724
0.527588,-0.222290,1.124878
-0.303223,-0.253296,0.810425
0.063110,0.088257,1.086792
0.277832,-0.404663,0.950562
-0.450562,0.077271,0.848877
0.528076,-0.171387,1.131470
-0.198242,-0.257935,0.823730
-0.048828,0.146973,1.054321
0.334839,-0.413818,0.965210
-0.467773,-0.014038,0.833130
0.494141,-0.155518,1.140503
-0.130493,-0.298584,0.801758
-0.145874,0.187256,1.032593
0.394287,-0.350952,0.997437
-0.484131,-0.053345,0.796387
0.438965,-0.132568,1.131226
-0.087158,-0.328369,0.815186
-0.250488,0.195068,1.005615
0.442383,-0.309937,1.034546
-0.495239,-0.082520,0.775513
0.340088,-0.074585,1.125122
-0.003052,-0.350220,0.845703
-0.320923,0.168335,0.946167
0.465454,-0.279907,1.054199
-0.449585,-0.133057,0.761475
0.236816,-0.006714,1.102051
0.083130,-0.410522,0.866211
-0.417114,0.156494,0.889160
0.488281,-0.248901,1.080200
-0.388550,-0.179199,0.767090
0.119629,0.087891,1.076050
0.162476,-0.401001,0.886963
-0.468506,0.085449,0.856323
0.492798,-0.236694,1.083008
-0.329224,-0.257568,0.757324
0.005737,0.141846,1.047852
0.245483,-0.408325,0.892334
-0.493042,0.049683,0.823608
0.474243,-0.215210,1.080444
-0.225098,-0.299805,0.778198
-0.076660,0.131226,1.015503
0.297363,-0.389648,0.927368
-0.535278,0.014038,0.774902
0.455444,-0.183228,1.093018
-0.179443,-0.323975,0.763306
-0.252563,0.217407,1.019165
0.353027,-0.349976,0.957031
-0.464111,-0.088989,0.782837
0.340454,-0.042114,1.138184
-0.146362,-0.359741,0.768677
-0.302002,0.152466,0.961304
0.496582,-0.275146,1.083130
-0.420898,-0.117188,0.770630
0.255737,0.014893,1.123413
0.125244,-0.406250,0.895020
-0.383179,0.140137,0.923950
0.511108,-0.262817,1.095947
-0.381104,-0.168213,0.782959
0.156006,0.090088,1.096802
0.193237,-0.396484,0.906982
-0.444946,0.111816,0.884521
0.516479,-0.233276,1.109009
-0.319214,-0.235962,0.789185
0.052612,0.105591,1.068237
0.244263,-0.382690,0.919067
-0.493774,0.052612,0.827026
0.510254,-0.220703,1.111206
-0.192627,-0.313843,0.811157
-0.038208,0.131104,1.031738
0.293091,-0.354248,0.934326
-0.518311,0.023560,0.790649
0.478027,-0.218506,1.100342
-0.138428,-0.363403,0.795288
-0.108643,0.128052,1.014648
0.323364,-0.325684,0.951660
-0.540771,0.033813,0.766846
0.453735,-0.181396,1.119141
-0.097046,-0.380493,0.812378
-0.242432,0.178467,1.005371
0.387329,-0.332764,0.987305
-0.517700,-0.001587,0.768188
0.357910,-0.064819,1.101685
-0.067505,-0.342041,0.832642
-0.313965,0.155518,0.959473
0.438477,-0.309082,1.034302
-0.503662,-0.072632,0.739502
0.255127,0.009155,1.101074
0.004028,-0.391602,0.817871
-0.376953,0.144043,0.922363
0.463623,-0.283203,1.047729
-0.458374,-0.120850,0.746582
0.153198,0.054199,1.066528
0.083984,-0.409546,0.841187
-0.466553,0.111572,0.859619
0.483276,-0.273193,1.066650
-0.418945,-0.176636,0.744507
0.068359,0.118286,1.054932
0.156006,-0.381470,0.870483
-0.504028,0.105103,0.839966
0.472412,-0.259888,1.068970
-0.351562,-0.253662,0.744019
0.000488,0.125488,1.043457
0.199463,-0.385864,0.878296
-0.543457,0.078247,0.814697
0.468750,-0.245483,1.058716
-0.271606,-0.292114,0.747925
-0.081177,0.140503,0.990845
0.266846,-0.384766,0.904297
-0.564941,0.035889,0.759033
0.446289,-0.236206,1.056030
-0.232910,-0.369385,0.710083
-0.161865,0.151855,0.975952
0.315186,-0.383057,0.909302
-0.578613,0.037598,0.759399
0.405151,-0.192139,1.046631
-0.182739,-0.342896,0.739990
-0.240356,0.180664,0.959595
0.340576,-0.378296,0.937866
-0.579956,-0.015869,0.741455
0.364502,-0.157227,1.050415
-0.157837,-0.349854,0.740845
-0.307495,0.195190,0.923706
0.373169,-0.329834,0.965820
-0.578369,-0.039673,0.729370
0.317505,-0.123169,1.054932
-0.117310,-0.385986,0.759399
-0.362915,0.198242,0.900269
0.387329,-0.322510,0.961304
-0.557129,-0.006958,0.726685
0.247314,-0.057739,1.031372
-0.047119,-0.393555,0.785156
-0.413452,0.179688,0.882324
0.408813,-0.301025,0.980103
-0.552490,-0.037476,0.709229
0.154175,0.027954,1.015869
0.010010,-0.401123,0.805054
-0.476685,0.163330,0.865356
0.427856,-0.296875,1.003296
-0.506104,-0.123535,0.705566
0.083008,0.088989,1.012939
0.069702,-0.406372,0.809448
-0.527954,0.180054,0.843140
0.429810,-0.287109,0.996216
-0.466064,-0.137451,0.720093
0.061035,0.092285,1.016602
0.114014,-0.406250,0.822876
-0.564941,0.171509,0.812622
0.437622,-0.236206,1.013672
-0.373169,-0.201050,0.737671
-0.011597,0.139282,1.023193
0.152100,-0.429565,0.818726
-0.588623,0.150269,0.799805
0.438965,-0.245972,1.015137
-0.312988,-0.266968,0.731323
-0.081909,0.176025,0.993774
0.214478,-0.390625,0.856812
-0.613525,0.123535,0.775635
0.434326,-0.245728,1.018066
-0.252930,-0.299805,0.729248
-0.145386,0.183105,0.968994
0.266479,-0.377563,0.877075
-0.615234,0.124023,0.758667
0.411987,-0.192993,1.018066
-0.211060,-0.330444,0.733887
-0.212036,0.189087,0.944458
0.315552,-0.386108,0.900757
-0.614746,0.093140,0.749756
0.371094,-0.133789,1.029053
-0.170898,-0.358643,0.728882
-0.272705,0.174316,0.912720
0.352051,-0.358887,0.916992
-0.612427,0.037354,0.725342
0.333862,-0.118286,1.024170
-0.137207,-0.373291,0.718018
-0.335449,0.217529,0.908569
0.391235,-0.339600,0.942505
-0.575317,0.003906,0.719727
0.243530,-0.046387,1.015747
-0.075317,-0.409302,0.735596
-0.412476,0.216187,0.876465
0.406372,-0.315796,0.946045
-0.552246,-0.042114,0.716675
0.170410,-0.007080,0.990845
-0.011108,-0.396606,0.762939
-0.476807,0.222290,0.839966
0.421265,-0.262207,0.972290
-0.492676,-0.106812,0.717529
0.069458,0.069336,1.006104
0.078369,-0.407349,0.808228
-0.550903,0.202393,0.829590
0.439453,-0.222534,1.005371
-0.383545,-0.184570,0.729858
-0.022583,0.171143,1.013306
0.174927,-0.413330,0.842407
-0.596069,0.168823,0.793823
0.446777,-0.205078,1.011108
-0.278442,-0.232544,0.746704
-0.104126,0.198364,0.976440
0.248169,-0.370361,0.870728
-0.610840,0.109497,0.738892
0.417725,-0.146362,1.036987
-0.181396,-0.332153,0.731201
-0.195312,0.210083,0.951660
0.322021,-0.384277,0.889526
-0.621582,0.119629,0.735352
0.388306,-0.174805,0.997314
-0.114502,-0.344482,0.748291
-0.260498,0.208252,0.907104
0.364380,-0.336182,0.911987
-0.613525,0.085205,0.733521
0.318604,-0.104126,0.992920
-0.059204,-0.396240,0.753174
-0.310059,0.176758,0.879639
0.373169,-0.288574,0.934814
-0.577148,0.014404,0.703125
0.269287,-0.052368,0.997925
-0.018555,-0.406860,0.756104
-0.382690,0.208374,0.861450
0.412476,-0.297485,0.945923
-0.558838,-0.026245,0.707642
0.180908,-0.017700,0.975220
0.016113,-0.411987,0.774170
-0.433838,0.185547,0.838867
0.429565,-0.241211,0.974854
-0.495850,-0.035522,0.743408
0.092529,0.107056,1.019653
0.087524,-0.430176,0.804199
-0.505859,0.151978,0.808594
0.447388,-0.204956,0.996948
-0.418823,-0.090088,0.740967
0.031372,0.184570,1.008301
0.153076,-0.388794,0.827881
-0.561646,0.128906,0.775269
0.444946,-0.220825,1.007690
-0.314819,-0.194824,0.746216
-0.036011,0.209106,1.014404
0.220703,-0.370605,0.860962
-0.603271,0.141357,0.757812
0.445190,-0.216919,1.016113
-0.212769,-0.281250,0.759277
-0.124390,0.201416,0.974121
0.294678,-0.369141,0.899292
-0.607910,0.141113,0.753052
0.396729,-0.131592,1.020020
-0.098267,-0.337769,0.761841
-0.201050,0.209229,0.937012
0.333374,-0.350586,0.911255
-0.578369,0.053711,0.746582
0.359985,-0.126465,1.004272
-0.043823,-0.390869,0.753540
-0.294678,0.203979,0.875122
0.382568,-0.303711,0.938232
-0.542969,-0.034424,0.716675
0.279907,-0.050049,0.999512
0.003418,-0.407471,0.765015
-0.366821,0.166870,0.848022
0.422119,-0.317261,0.951172
-0.522217,-0.053955,0.718018
0.192749,0.007080,0.999146
0.050415,-0.424805,0.757690
-0.445801,0.172974,0.813477
0.450928,-0.273193,0.991089
-0.436646,-0.137451,0.752441
0.062134,0.085693,0.995850
0.109863,-0.421753,0.798828
-0.499878,0.131104,0.787598
0.459351,-0.255005,0.998413
-0.346802,-0.174194,0.770386
-0.024658,0.168701,1.003784
0.192017,-0.402588,0.838257
-0.546021,0.093262,0.744873
0.457031,-0.247314,1.012329
-0.266357,-0.216309,0.785400
-0.078247,0.180298,0.993408
0.252197,-0.391113,0.871704
-0.588501,0.067871,0.732788
0.443237,-0.226074,1.024536
-0.159790,-0.296509,0.786987
-0.157959,0.209595,0.963623
0.315674,-0.360718,0.908569
-0.581299,0.084717,0.753784
0.401611,-0.195190,1.006348
-0.072266,-0.373413,0.790771
-0.208008,0.157471,0.926636
0.354004,-0.319092,0.935059
-0.552856,0.039551,0.747681
0.341431,-0.126831,1.009766
-0.005981,-0.414185,0.791382
-0.276611,0.153809,0.899414
0.390503,-0.324219,0.943726
-0.534424,-0.017456,0.734619
0.278198,-0.072632,1.004272
0.029663,-0.421265,0.794067
-0.332031,0.120239,0.844238
0.418701,-0.319214,0.953857
-0.507690,-0.028198,0.735962
0.218506,-0.011353,1.008667
0.065674,-0.453369,0.779785
-0.389038,0.121216,0.840454
0.450562,-0.308350,0.985840
-0.473633,-0.077271,0.747559
0.150146,0.079102,1.033813
0.109375,-0.426147,0.813232
-0.431885,0.096924,0.815674
0.444214,-0.297119,0.985718
-0.436646,-0.155029,0.738647
0.100098,0.100708,1.029785
0.157227,-0.441406,0.824341
-0.482544,0.109619,0.788208
0.462891,-0.276611,1.006104
-0.370850,-0.160156,0.762451
0.022217,0.116821,1.015991
0.214478,-0.494995,0.838379
-0.500488,0.057495,0.755981
0.466553,-0.224976,1.040161
-0.334106,-0.189209,0.743896
-0.035278,0.160645,1.010010
0.275757,-0.502075,0.873047
-0.529785,0.018433,0.750488
0.452515,-0.253052,1.017456
-0.251221,-0.214844,0.795288
-0.093750,0.199829,1.017700
0.325195,-0.463135,0.905396
-0.533691,0.037842,0.767456
0.433472,-0.214722,1.044312
-0.170166,-0.289551,0.791016
-0.143433,0.204590,0.997925
0.349365,-0.407227,0.942871
-0.543457,0.014038,0.760132
0.414673,-0.196411,1.053833
-0.078003,-0.362915,0.811157
-0.175171,0.190186,0.988403
0.344604,-0.364380,0.940552
-0.532837,-0.014160,0.766113
0.402954,-0.191650,1.046997
0.000122,-0.414185,0.822266
-0.231445,0.192139,0.971436
0.390381,-0.356812,0.964478
-0.508667,-0.052734,0.751343
0.375122,-0.157349,1.037598
0.031860,-0.390991,0.846802
-0.261841,0.181396,0.942139
0.424316,-0.347168,0.984131
-0.487305,-0.096313,0.751709
0.325806,-0.093262,1.047852
0.068848,-0.421509,0.848511
-0.293579,0.159302,0.930298
0.447876,-0.334229,0.998047
-0.473511,-0.122925,0.744629
0.284668,-0.082520,1.045654
0.081177,-0.446289,0.830811
-0.314575,0.146973,0.929443
0.474976,-0.338989,1.014404
-0.464478,-0.087769,0.765869
0.249634,-0.023926,1.055908
0.093628,-0.446655,0.839111
-0.326660,0.134399,0.919556
0.499390,-0.314209,1.043579
-0.436035,-0.121216,0.763428
0.202759,0.021362,1.054077
0.137695,-0.439087,0.875977
-0.359009,0.124878,0.925049
0.518555,-0.318115,1.069092
-0.427856,-0.134888,0.763672
0.184692,0.067993,1.082397
0.177246,-0.457642,0.872314
-0.384399,0.103149,0.890015
0.524048,-0.284668,1.082642
-0.383423,-0.177124,0.775391
0.153320,0.067139,1.064697
0.225830,-0.467529,0.889648
-0.401001,0.091431,0.866943
0.520630,-0.257812,1.082153
-0.328735,-0.206055,0.798584
0.088745,0.096558,1.049072
0.280518,-0.493652,0.911987
-0.424072,0.054443,0.834961
0.517944,-0.218872,1.099976
-0.292358,-0.213379,0.802734
0.051880,0.131836,1.064819
0.313354,-0.470337,0.935303
-0.461670,0.050903,0.821777
0.517578,-0.208740,1.113159
-0.220581,-0.243408,0.836426
-0.018311,0.187500,1.066162
0.356812,-0.435913,0.970337
-0.462036,0.009399,0.813110
0.488770,-0.147339,1.134155
-0.151367,-0.258423,0.859985
-0.065552,0.198120,1.063477
0.395874,-0.403931,0.994263
-0.468262,0.003540,0.816040
0.490601,-0.147339,1.138672
-0.045776,-0.295532,0.886841
-0.132446,0.231934,1.060059
0.421875,-0.380005,1.017578
-0.456421,-0.044312,0.808228
0.456909,-0.089478,1.162354
0.038086,-0.353638,0.889771
-0.183105,0.252686,1.065430
0.474731,-0.370605,1.035522
-0.474365,-0.034668,0.802124
0.409180,-0.093994,1.132202
0.071777,-0.362427,0.908691
-0.197266,0.206543,1.059937
0.476562,-0.291016,1.075684
-0.445923,-0.066895,0.804199
0.374512,-0.066040,1.125000
0.085938,-0.374634,0.911987
-0.252075,0.207520,1.025391
0.529175,-0.255737,1.120361
-0.427856,-0.100830,0.783691
0.306030,-0.017090,1.123901
0.161377,-0.452759,0.914551
-0.302124,0.168213,0.992432
0.567749,-0.246582,1.151245
-0.388672,-0.119019,0.804932
0.229370,0.053833,1.120728
0.218628,-0.467529,0.923706
-0.326660,0.100098,0.949463
0.572998,-0.252563,1.154785
-0.333862,-0.156860,0.827759
0.151611,0.134644,1.105835
0.269287,-0.424805,0.958618
-0.372192,0.081787,0.914795
0.575317,-0.228882,1.159790
-0.279785,-0.225342,0.834473
0.088135,0.150146,1.095581
0.320068,-0.409058,0.985596
-0.412109,0.064697,0.881226
0.569702,-0.202637,1.173828
-0.212402,-0.240967,0.859619
0.025269,0.185181,1.094727
0.351685,-0.388062,0.993286
-0.432861,0.022217,0.858398
0.557861,-0.192139,1.177734
-0.125122,-0.269409,0.891235
-0.048706,0.234863,1.098267
0.404297,-0.362061,1.017944
-0.456543,0.007080,0.845459
0.514526,-0.168213,1.177734
-0.027344,-0.387939,0.881836
-0.084717,0.180542,1.078003
0.421021,-0.319580,1.032471
-0.471191,-0.005127,0.829956
0.489502,-0.139526,1.177368
0.005249,-0.370605,0.897217
-0.153442,0.198364,1.054810
0.451660,-0.285400,1.066284
-0.458008,-0.029785,0.823486
0.433838,-0.086060,1.169556
0.042847,-0.363159,0.916870
-0.241699,0.204468,1.035767
0.511230,-0.281860,1.112305
-0.431396,-0.071655,0.805908
0.353027,-0.000122,1.168213
0.099854,-0.376343,0.925293
-0.291748,0.150391,1.000732
0.533081,-0.270752,1.130737
-0.389160,-0.140137,0.795532
0.258179,0.067261,1.154297
0.172974,-0.396118,0.927979
-0.328979,0.124878,0.953735
0.547363,-0.254272,1.135010
-0.350830,-0.176880,0.814087
0.186401,0.068481,1.117310
0.238403,-0.412598,0.941772
-0.377197,0.108643,0.920044
0.539429,-0.222046,1.133179
-0.323364,-0.192627,0.822632
0.119019,0.077026,1.096313
0.275391,-0.394287,0.963013
-0.413940,0.104248,0.898560
0.541870,-0.167847,1.158325
-0.253174,-0.224121,0.838745
0.015015,0.123901,1.080811
0.330078,-0.418823,0.983154
-0.441284,0.013306,0.853027
0.515869,-0.123535,1.167480
-0.142700,-0.296997,0.825073
-0.070679,0.191772,1.070801
0.385376,-0.393066,0.983398
-0.471680,-0.032349,0.831055
0.484131,-0.169922,1.139526
-0.106445,-0.297119,0.841064
-0.119019,0.196411,1.068481
0.404663,-0.323853,1.006836
-0.491333,-0.038818,0.801270
0.435913,-0.149780,1.146484
-0.066650,-0.372681,0.823608
-0.224365,0.205444,1.020752
0.452393,-0.314575,1.036255
-0.502197,-0.033813,0.788208
0.359131,-0.102905,1.120483
0.004272,-0.371216,0.866821
-0.291992,0.168579,0.966187
0.475098,-0.275391,1.064575
-0.467529,-0.087158,0.765381
0.285522,-0.035645,1.118408
0.083618,-0.401855,0.877319
-0.369995,0.156372,0.920532
0.484375,-0.246338,1.085083
-0.413330,-0.169678,0.758423
0.197754,0.026367,1.103638
0.149536,-0.405396,0.888184
-0.437134,0.154419,0.884521
0.498779,-0.251465,1.072632
-0.377197,-0.196167,0.780396
0.097046,0.068604,1.075439
0.214844,-0.422485,0.902344
-0.472412,0.079590,0.856567
0.494507,-0.230347,1.091187
-0.307007,-0.237793,0.782349
-0.003784,0.126831,1.050781
0.279297,-0.387329,0.923096
-0.511475,0.039062,0.811890
0.483154,-0.235840,1.087769
-0.203857,-0.321899,0.767334
-0.098022,0.149048,1.017090
0.326660,-0.359253,0.936035
-0.530396,0.012207,0.783569
0.450195,-0.195435,1.095215
-0.160522,-0.348511,0.765747
-0.200195,0.163452,0.984009
0.375977,-0.335449,0.973389
-0.542358,-0.027954,0.760864
0.372192,-0.121338,1.106323
-0.125366,-0.361938,0.785400
-0.304077,0.161133,0.943237
0.412231,-0.327759,0.992432
-0.526245,-0.057373,0.741211
0.295654,-0.053467,1.091431
-0.037842,-0.373291,0.802246
-0.384644,0.196167,0.912720
0.428101,-0.321777,0.998413
-0.482544,-0.100830,0.752319
0.211548,-0.001831,1.070068
0.034180,-0.393555,0.832153
-0.461182,0.170166,0.879028
0.442627,-0.279907,1.031128
-0.462524,-0.173096,0.719360
0.099976,0.083984,1.046509
0.130493,-0.419312,0.849609
-0.511963,0.133057,0.847900
0.443115,-0.242554,1.034546
-0.388672,-0.208252,0.740845
0.013550,0.084839,1.026245
0.198242,-0.412476,0.878784
-0.547485,0.096680,0.799805
0.440308,-0.191284,1.052368
-0.286133,-0.266235,0.745850
-0.076660,0.162476,1.007446
0.259766,-0.413208,0.891602
-0.578979,0.063843,0.781860
0.431152,-0.204224,1.047241
-0.232666,-0.322632,0.717651
-0.174194,0.158203,0.959473
0.294067,-0.361938,0.910889
-0.579346,0.000854,0.744019
0.403931,-0.179688,1.068970
-0.192505,-0.359741,0.729126
-0.253784,0.156494,0.928345
0.323120,-0.351562,0.917969
-0.582153,0.026367,0.740845
0.347656,-0.144287,1.039429
-0.155884,-0.374756,0.732056
-0.292480,0.168457,0.926025
0.361816,-0.333374,0.937988
-0.592529,0.059082,0.746460
0.277344,-0.115723,1.016235
-0.106689,-0.382324,0.760986
-0.357178,0.166382,0.889648
0.394775,-0.300049,0.965210
-0.566406,0.004395,0.719482
0.197510,-0.025757,1.015015
-0.020996,-0.387207,0.798462
-0.451294,0.162720,0.859009
0.399536,-0.285400,0.982300
-0.541138,-0.076416,0.688599
0.134033,0.045166,1.007202
0.044434,-0.400879,0.800171
-0.527588,0.183594,0.853882
0.424805,-0.281982,0.990479
-0.455200,-0.119873,0.723999
0.035645,0.130981,1.013428
0.096313,-0.372314,0.829102
-0.557739,0.135742,0.813843
0.443848,-0.277344,1.017578
-0.383301,-0.197021,0.729248
-0.021729,0.194824,1.013184
0.151733,-0.378662,0.819092
-0.583130,0.144043,0.799438
0.436646,-0.249023,1.008301
-0.318237,-0.245850,0.735718
-0.079590,0.186890,0.984741
0.208496,-0.404541,0.849609
-0.597168,0.117798,0.776245
0.425781,-0.203247,1.018921
-0.271118,-0.277100,0.731445
-0.123535,0.171387,0.962769
0.253906,-0.373047,0.886475
-0.612915,0.073364,0.746094
0.407227,-0.177734,1.041504
-0.214600,-0.355591,0.704468
-0.187012,0.180054,0.941040
0.293457,-0.366333,0.876831
-0.615601,0.108398,0.742676
0.387939,-0.175903,1.011353
-0.155640,-0.351929,0.734497
-0.252441,0.170288,0.907349
0.343506,-0.368164,0.910400
-0.618164,0.086914,0.731079
0.341309,-0.112671,1.010254
-0.119873,-0.363281,0.726929
-0.326904,0.202148,0.883179
0.377319,-0.363281,0.920654
-0.581909,0.012329,0.726074
0.291138,-0.060181,1.012573
-0.102417,-0.395142,0.721313
-0.375366,0.205078,0.871704
0.399658,-0.328247,0.955444
-0.563110,-0.048828,0.703857
0.222778,-0.012085,1.007812
-0.045288,-0.415161,0.740112
-0.429443,0.215576,0.861084
0.418823,-0.305908,0.958374
-0.526733,-0.057129,0.720459
0.164795,0.011597,1.003052
0.015991,-0.376953,0.786133
-0.496582,0.219727,0.830322
0.409058,-0.244995,0.957031
-0.452148,-0.117676,0.720337
0.083984,0.075317,1.012573
0.100098,-0.401123,0.825073
-0.556152,0.217651,0.823120
0.422852,-0.243164,0.961304
-0.405518,-0.113892,0.746216
0.028442,0.137573,1.024780
0.177246,-0.413208,0.851196
-0.588623,0.194214,0.792603
0.439453,-0.195801,0.992065
-0.315063,-0.174561,0.745117
-0.057007,0.181030,0.990723
0.231201,-0.391602,0.873657
-0.592407,0.120972,0.771851
0.448486,-0.154907,1.034912
-0.261353,-0.231323,0.727539
-0.130493,0.219116,0.975220
0.291992,-0.391357,0.878784
-0.593140,0.111694,0.764404
0.415405,-0.140137,1.030762
-0.187866,-0.261230,0.752319
-0.177979,0.209961,0.941895
0.326294,-0.379395,0.906006
-0.607056,0.082764,0.748047
0.406006,-0.150757,1.028076
-0.112915,-0.326416,0.764404
-0.235474,0.232666,0.917969
0.346802,-0.338257,0.905273
-0.587769,0.065430,0.741089
0.370850,-0.134888,1.015625
-0.061035,-0.382080,0.762573
-0.283936,0.203613,0.877563
0.364746,-0.302002,0.920410
-0.575684,0.014282,0.727539
0.321777,-0.114746,0.997925
-0.032715,-0.411987,0.754761
-0.322998,0.208984,0.868286
0.392700,-0.280884,0.926636
-0.557739,0.000488,0.725708
0.247070,-0.074341,0.986206
0.022339,-0.438232,0.775757
-0.364258,0.146851,0.831055
0.406372,-0.226440,0.955200
-0.534790,-0.003174,0.723145
0.184326,0.018311,0.998535
0.066895,-0.452271,0.776123
-0.416870,0.147949,0.822144
0.413818,-0.202881,0.973267
-0.485107,-0.030884,0.738281
0.118042,0.046875,0.979004
0.105469,-0.461792,0.788574
-0.461182,0.148560,0.815552
0.437500,-0.201172,0.990723
-0.456543,-0.073853,0.744995
0.061279,0.113892,1.005127
0.150513,-0.450684,0.813721
-0.520874,0.101318,0.772095
0.464966,-0.238525,1.010010
-0.380493,-0.128052,0.733154
-0.012695,0.207642,1.016602
0.209717,-0.413696,0.846191
-0.546753,0.077515,0.755981
0.455566,-0.232056,1.022827
-0.291260,-0.199097,0.767456
-0.079590,0.218994,1.005249
0.252441,-0.395996,0.866943
-0.562744,0.040771,0.735840
0.450806,-0.233765,1.030273
-0.209229,-0.244385,0.785034
-0.133789,0.214233,0.958984
0.289551,-0.380859,0.890259
-0.579590,0.057129,0.737671
0.424927,-0.174683,1.041016
-0.132202,-0.299683,0.794922
-0.190796,0.194946,0.945435
0.335083,-0.415527,0.896973
-0.577148,0.053101,0.752563
0.388428,-0.163940,1.024048
-0.068237,-0.330322,0.792358
-0.230591,0.202393,0.922363
0.366699,-0.318970,0.944946
-0.556885,-0.020264,0.730957
0.365967,-0.150513,1.024414
-0.026245,-0.398438,0.775024
-0.278931,0.191406,0.897217
0.402588,-0.342651,0.952881
-0.534546,-0.022339,0.748047
0.297852,-0.091187,1.003906
0.019165,-0.424561,0.779297
-0.326294,0.142456,0.867798
0.424805,-0.359619,0.954468
-0.510376,-0.083130,0.720581
0.242432,-0.041016,1.000000
0.054321,-0.434326,0.778198
-0.380249,0.172607,0.857788
0.445068,-0.350464,0.958740
-0.478149,-0.099609,0.746338
0.185059,-0.010742,1.001343
0.079834,-0.450928,0.787476
-0.404053,0.116699,0.824463
0.458862,-0.315063,0.994507
-0.465942,-0.084473,0.752686
0.147095,0.026367,1.017944
0.109619,-0.451904,0.801147
-0.435425,0.123047,0.827148
0.484619,-0.321533,1.002930
-0.431763,-0.128174,0.757202
0.067871,0.066284,1.005981
0.165527,-0.468628,0.821167
-0.457520,0.085327,0.787842
0.473022,-0.269775,1.022827
-0.369629,-0.217041,0.752319
0.016235,0.088867,1.007324
0.223999,-0.470459,0.848145
-0.494995,0.051636,0.753052
0.473877,-0.239990,1.035156
-0.280884,-0.230103,0.783691
-0.055542,0.153320,1.010986
0.291016,-0.464600,0.876831
-0.573608,0.069702,0.753296
0.387939,-0.155518,1.011963
-0.199951,-0.257568,0.805542
-0.239380,0.178223,0.926270
0.369873,-0.388306,0.922119
-0.547729,-0.007690,0.737549
0.325806,-0.101929,1.004395
-0.003906,-0.388306,0.788940
-0.296143,0.166626,0.893433
0.407104,-0.357666,0.950195
-0.510742,-0.085571,0.733276
0.255737,-0.053711,1.008301
0.031494,-0.448975,0.760132
-0.350342,0.139648,0.856079
0.448608,-0.315063,0.977173
-0.478149,-0.117065,0.739868
0.173218,0.000610,1.005859
0.090820,-0.483521,0.777710
-0.416016,0.108276,0.807983
0.459717,-0.278320,0.994873
-0.438599,-0.135254,0.733276
0.101196,0.060059,1.017700
0.146484,-0.498535,0.810547
-0.465454,0.077637,0.789429
0.447144,-0.254150,1.003540
-0.379883,-0.162842,0.751831
0.020996,0.104126,1.014771
0.244873,-0.489136,0.848755
-0.500977,0.061157,0.756104
0.435547,-0.205078,1.015015
-0.275391,-0.194702,0.789551
-0.066406,0.168701,1.013672
0.300903,-0.489502,0.890869
-0.541138,0.008301,0.738525
0.427856,-0.183472,1.042725
-0.182983,-0.271484,0.783813
-0.147217,0.204590,0.999023
0.359253,-0.452881,0.923828
-0.534180,-0.023560,0.760742
0.391113,-0.165894,1.050415
-0.083740,-0.336060,0.807251
-0.203003,0.182129,0.956421
0.397583,-0.383545,0.959351
-0.514160,-0.067749,0.766235
0.355713,-0.147095,1.042847
0.018555,-0.428833,0.797852
-0.267944,0.159546,0.911621
0.430054,-0.335327,0.985596
-0.491211,-0.094238,0.747192
0.286377,-0.091309,1.033081
0.076660,-0.462036,0.807861
-0.318481,0.131348,0.895264
0.462769,-0.312378,1.008545
-0.473389,-0.094604,0.749390
0.214478,-0.026733,1.028931
0.130493,-0.491455,0.836182
-0.370117,0.105225,0.856079
0.469604,-0.257446,1.043823
-0.424194,-0.131958,0.753784
0.147827,0.020752,1.039551
0.197144,-0.516602,0.850708
-0.430420,0.097534,0.849976
0.493408,-0.252319,1.057129
-0.359009,-0.180908,0.762085
0.063477,0.098999,1.031250
0.267822,-0.502197,0.899292
-0.453857,0.053101,0.808472
0.494995,-0.231323,1.063965
-0.294189,-0.220703,0.789917
-0.000244,0.158936,1.053589
0.317749,-0.477661,0.919922
-0.477051,0.009399,0.794067
0.500610,-0.218018,1.097900
-0.232422,-0.256470,0.802856
-0.058960,0.208130,1.045898
0.347290,-0.452271,0.942627
-0.479980,-0.002930,0.802490
0.481445,-0.190308,1.119507
-0.158691,-0.293457,0.813843
-0.109253,0.239380,1.054565
0.390869,-0.420044,0.957031
-0.485229,0.005127,0.810425
0.462280,-0.182495,1.099487
-0.079468,-0.327026,0.850464
-0.149048,0.222412,1.036011
0.424683,-0.376587,0.999268
-0.477905,-0.017334,0.799438
0.422852,-0.151733,1.103394
0.023071,-0.367432,0.889160
-0.175293,0.185059,1.011963
0.425415,-0.338379,1.004639
-0.473022,-0.037598,0.792114
0.417114,-0.123779,1.115601
0.066284,-0.397705,0.879761
-0.215210,0.212646,1.021118
0.462402,-0.321045,1.040161
-0.471436,-0.057251,0.778442
0.369507,-0.094116,1.105591
0.087036,-0.401978,0.888184
-0.245361,0.195435,1.006104
0.483276,-0.275879,1.076294
-0.432739,-0.091431,0.789673
0.326294,-0.061035,1.109497
0.127319,-0.433105,0.889893
-0.296021,0.176758,1.000610
0.525513,-0.265625,1.104614
-0.409790,-0.091553,0.811890
0.252441,-0.003174,1.092651
0.202026,-0.478027,0.924683
-0.349976,0.153442,0.941528
0.534424,-0.227173,1.119995
-0.365967,-0.156128,0.810791
0.199463,0.044434,1.097778
0.248535,-0.470459,0.935059
-0.377563,0.076538,0.884766
0.548828,-0.203857,1.140991
-0.294434,-0.191772,0.822632
0.119995,0.141235,1.100220
0.304810,-0.443726,0.958496
-0.401245,0.050171,0.869263
0.550903,-0.197266,1.155029
-0.244263,-0.207031,0.859619
0.050781,0.191284,1.093872
0.359253,-0.396973,1.004028
-0.433228,0.038940,0.867920
0.527100,-0.189941,1.159058
-0.164185,-0.262085,0.871948
-0.016968,0.227661,1.102539
0.396362,-0.375732,1.016602
-0.455444,0.014404,0.839233
0.501343,-0.150024,1.170532
-0.036743,-0.340820,0.897217
-0.075195,0.215210,1.089844
0.430786,-0.355835,1.019653
-0.445801,0.001343,0.846436
0.473755,-0.104126,1.180908
0.013550,-0.371216,0.882690
-0.136353,0.207642,1.074341
0.469238,-0.310791,1.065308
-0.439331,-0.057739,0.825928
0.425781,-0.052368,1.176025
0.050537,-0.340332,0.913330
-0.227905,0.215576,1.032227
0.497192,-0.263184,1.113647
-0.403442,-0.118652,0.816895
0.366943,-0.029541,1.166626
0.113647,-0.375366,0.926025
-0.304443,0.205200,0.997437
0.546753,-0.272339,1.127075
-0.369019,-0.158203,0.819824
0.273682,0.015259,1.148926
0.193604,-0.392578,0.947510
-0.341187,0.140015,0.944824
0.562622,-0.237915,1.140747
-0.331299,-0.179688,0.824951
0.171753,0.079346,1.125854
0.281616,-0.428345,0.977783
-0.399048,0.099243,0.905518
0.547607,-0.181641,1.160156
-0.264160,-0.206299,0.841431
0.063965,0.157959,1.112549
0.343018,-0.428833,0.990234
-0.432617,0.048950,0.874512
0.528076,-0.161011,1.159790
-0.162842,-0.269043,0.851685
-0.021118,0.192871,1.095581
0.384033,-0.395386,0.988281
-0.451782,-0.001831,0.848755
0.507080,-0.143921,1.159546
-0.061401,-0.322266,0.870728
-0.095215,0.197144,1.077026
0.423706,-0.336670,1.026367
-0.473267,-0.035278,0.827148
0.459717,-0.108398,1.176270
-0.038818,-0.369751,0.843140
-0.178833,0.208984,1.056885
0.462769,-0.311523,1.052368
-0.464722,-0.039429,0.817871
0.376587,-0.066162,1.152100
0.017822,-0.391357,0.873657
-0.263672,0.150757,0.987915
0.501465,-0.268677,1.104980
-0.428955,-0.104980,0.786865
0.302368,0.008911,1.148682
0.103027,-0.377808,0.890503
-0.338989,0.148438,0.947754
0.521729,-0.274902,1.117920
-0.385620,-0.184814,0.785767
0.197266,0.048828,1.114014
0.192627,-0.414917,0.925659
0.508545,-0.200073,1.122437
-0.245972,-0.285156,0.801147
-0.001343,0.154053,1.068604
0.292725,-0.366089,0.947510
-0.480103,0.020508,0.827515
0.522705,-0.225708,1.124512
-0.170654,-0.325073,0.801880
-0.096924,0.140991,1.013550
0.336548,-0.369385,0.951782
-0.484741,-0.008179,0.803101
0.479858,-0.174683,1.124390
-0.142944,-0.341064,0.789429
-0.174805,0.165161,1.006104
0.383911,-0.358276,0.966309
-0.505493,-0.025513,0.788818
0.427368,-0.151001,1.124023
-0.102783,-0.353760,0.798584
-0.258911,0.186279,0.981079
0.408325,-0.306885,1.000000
-0.526978,-0.045410,0.756836
0.366089,-0.115234,1.120605
-0.048096,-0.382324,0.828003
-0.326782,0.190063,0.944458
0.426636,-0.299316,1.017822
-0.503906,-0.087402,0.740723
0.294067,-0.071533,1.087769
-0.001831,-0.361694,0.836060
-0.389893,0.163940,0.905396
0.449097,-0.302002,1.031494
-0.464966,-0.153320,0.739868
0.211426,-0.016968,1.061768
0.056885,-0.365967,0.854248
-0.460693,0.155151,0.862061
0.471436,-0.266357,1.053467
-0.447998,-0.186890,0.733032
0.119141,0.053467,1.051636
0.130371,-0.416138,0.857788
-0.495728,0.139038,0.854980
0.459717,-0.248779,1.049683
-0.415649,-0.177002,0.757446
0.049194,0.066772,1.034546
0.189819,-0.401611,0.879639
-0.531128,0.107300,0.821777
0.470215,-0.234985,1.058350
-0.326416,-0.235596,0.751465
-0.060791,0.110596,0.998291
0.241211,-0.442505,0.874634
-0.545288,0.063110,0.792725
0.456543,-0.179810,1.073730
-0.253296,-0.255005,0.744873
-0.152954,0.156372,0.972412
0.293213,-0.391479,0.915039
-0.547363,0.000488,0.766846
0.435791,-0.181763,1.067993
-0.211060,-0.324829,0.718018
-0.243530,0.186646,0.942871
0.344727,-0.359009,0.937012
-0.571289,-0.028564,0.743042
0.365845,-0.159180,1.062744
-0.161377,-0.331299,0.751953
-0.288574,0.179077,0.921997
0.372803,-0.334473,0.948608
-0.593384,-0.023315,0.726929
0.293335,-0.135864,1.026245
-0.092651,-0.399414,0.756104
-0.372437,0.199951,0.894531
0.393921,-0.308228,0.964844
-0.547241,-0.008911,0.738037
0.191528,-0.027832,1.024902
-0.022339,-0.408081,0.790894
-0.455811,0.175903,0.872681
0.401611,-0.271362,0.991943
-0.527222,-0.073608,0.710205
0.101685,0.074829,1.018188
0.086792,-0.414185,0.810181
-0.520630,0.147705,0.819214
0.410034,-0.253052,0.996338
-0.439453,-0.164795,0.726562
0.006104,0.122314,1.009766
0.164185,-0.436768,0.826416
-0.578125,0.163940,0.803955
0.419312,-0.219238,1.010498
-0.310303,-0.249146,0.738647
-0.085815,0.168579,0.984863
0.202637,-0.350098,0.877075
-0.583008,0.045410,0.756958
0.437988,-0.214233,1.052490
-0.254883,-0.302002,0.702637
-0.175659,0.206055,0.951904
0.286255,-0.358276,0.892578
-0.608643,0.049438,0.738525
0.396851,-0.180908,1.028320
-0.189331,-0.337769,0.723755
-0.262451,0.193848,0.915161
0.338257,-0.359985,0.908569
-0.614990,0.030640,0.725220
0.338623,-0.135742,1.031982
-0.128540,-0.380127,0.721313
-0.312866,0.185303,0.879150
0.355957,-0.297729,0.930420
-0.578857,0.000854,0.715332
0.262207,-0.057129,1.024414
-0.054688,-0.413452,0.759277
-0.405273,0.203247,0.884644
0.391113,-0.295044,0.948364
-0.565796,0.018433,0.706909
0.163452,0.036987,1.009521
0.012817,-0.407471,0.783569
-0.491821,0.185181,0.852783
0.421753,-0.270264,0.987793
-0.500610,-0.078369,0.698853
0.061279,0.133911,1.003418
0.117432,-0.397949,0.817017
-0.573120,0.199951,0.826050
0.426514,-0.246826,0.989990
-0.379761,-0.189941,0.728882
-0.006348,0.167480,0.997192
0.177979,-0.387451,0.844116
-0.584473,0.148315,0.785400
0.415283,-0.183716,1.019409
-0.277954,-0.293823,0.705200
-0.089478,0.205566,0.987305
0.245605,-0.363892,0.867554
-0.617676,0.125854,0.767822
0.409912,-0.201416,1.015015
-0.187256,-0.336670,0.746704
-0.144287,0.169434,0.941406
0.283813,-0.331543,0.890381
-0.630615,0.140869,0.748779
0.393188,-0.178955,1.000366
-0.123047,-0.375366,0.743042
-0.216675,0.168945,0.924438
0.328369,-0.312622,0.919312
-0.606689,0.111084,0.744995
0.356323,-0.109863,1.003784
-0.071045,-0.383667,0.739624
-0.287598,0.169189,0.877441
0.362671,-0.302979,0.926270
-0.575562,0.038818,0.717651
0.303101,-0.068726,1.001831
-0.046265,-0.409668,0.729492
-0.346313,0.192261,0.863770
0.406616,-0.308228,0.944702
-0.552612,-0.035278,0.705811
0.225830,-0.024170,0.979980
-0.002930,-0.395996,0.762451
-0.407959,0.177246,0.834106
0.424561,-0.275879,0.969482
-0.510620,-0.073608,0.720093
0.146973,0.047363,1.002686
0.037720,-0.404663,0.778076
-0.458740,0.177734,0.829468
0.447632,-0.237671,0.984985
-0.473877,-0.088867,0.734741
0.072388,0.093506,1.005005
0.121460,-0.420776,0.813599
-0.510620,0.165649,0.807617
0.443481,-0.202148,1.006714
-0.376587,-0.150146,0.756470
-0.021118,0.139526,0.988403
0.195923,-0.435913,0.843506
-0.571167,0.130127,0.764160
0.436401,-0.167358,1.025391
-0.243896,-0.204590,0.773071
-0.090698,0.218018,0.994751
0.260132,-0.388672,0.878662
-0.608032,0.105469,0.740356
0.443726,-0.212891,1.023193
-0.140137,-0.293945,0.785156
-0.173340,0.212646,0.947998
0.319214,-0.349243,0.904419
-0.595337,0.094482,0.743286
0.390137,-0.140869,1.019897
-0.068726,-0.386841,0.752930
-0.224976,0.175659,0.913696
0.365234,-0.329102,0.924072
-0.575806,0.023193,0.743408
0.325562,-0.132324,0.983887
-0.002441,-0.419067,0.768555
-0.308838,0.177002,0.872314
0.396729,-0.304077,0.943848
-0.556274,-0.042480,0.707642
0.257324,-0.088501,0.979858
0.037231,-0.459717,0.761719
-0.368164,0.158447,0.845947
0.425293,-0.272583,0.965454
-0.498047,-0.064209,0.741089
0.156372,0.016357,0.991089
0.073242,-0.451904,0.783813
-0.413208,0.101685,0.819458
0.442505,-0.243164,1.001221
-0.449463,-0.122314,0.737061
0.072144,0.110229,1.000610
0.132690,-0.471680,0.789307
-0.481812,0.104492,0.802612
0.472046,-0.259888,1.015503
-0.406738,-0.132202,0.744263
-0.020752,0.153687,0.999634
0.223877,-0.487183,0.838135
-0.518555,0.064697,0.760132
0.457397,-0.214844,1.028931
-0.337036,-0.170532,0.750488
-0.057373,0.201050,1.013184
0.262695,-0.440186,0.863647
-0.543579,0.019287,0.739746
0.442261,-0.225586,1.026123
-0.237671,-0.238892,0.760620
-0.122803,0.245605,1.013550
0.310181,-0.415039,0.902222
-0.559448,0.041992,0.763306
0.426514,-0.237183,1.016113
-0.154541,-0.267212,0.817749
-0.167236,0.224609,0.979370
0.330566,-0.377808,0.924316
-0.550049,-0.000244,0.757446
0.401855,-0.195435,1.038452
-0.082153,-0.328003,0.815186
-0.207397,0.211304,0.962769
0.354248,-0.340820,0.938477
-0.546265,-0.012207,0.749878
0.380249,-0.223389,1.008423
-0.003662,-0.404297,0.821289
-0.255249,0.194214,0.938965
0.383667,-0.315186,0.947754
-0.519775,-0.049927,0.730957
0.328003,-0.160645,1.013184
0.042969,-0.461304,0.818237
-0.298828,0.178345,0.914185
0.421631,-0.336792,0.963257
-0.509888,-0.086060,0.721436
0.268066,-0.097168,1.007202
0.087280,-0.478149,0.806396
-0.320923,0.137085,0.889404
0.442017,-0.305908,0.992554
-0.484253,-0.057861,0.757568
0.206909,-0.038818,1.026855
0.109741,-0.492554,0.822998
-0.362793,0.098145,0.863037
0.465942,-0.278320,1.013062
-0.457886,-0.086548,0.755371
0.151367,0.022217,1.028198
0.172363,-0.496216,0.841064
-0.411499,0.078979,0.847656
0.485962,-0.254883,1.046753
-0.396851,-0.149780,0.763184
0.080688,0.077148,1.031982
0.228149,-0.498779,0.860962
-0.458130,0.044922,0.800781
0.503906,-0.274902,1.064209
-0.338257,-0.210693,0.762817
0.027222,0.145264,1.037354
0.267822,-0.424561,0.905396
-0.462402,-0.017578,0.779419
0.497681,-0.281006,1.074219
-0.261719,-0.273315,0.796509
-0.031982,0.179810,1.045654
0.308105,-0.446411,0.905273
-0.490967,0.050781,0.792969
0.494995,-0.248413,1.087158
-0.153809,-0.286011,0.844727
-0.092896,0.203735,1.032837
0.337402,-0.396851,0.940552
-0.478516,-0.022217,0.803589
0.461670,-0.198730,1.112549
-0.107544,-0.334106,0.832153
-0.116089,0.206299,1.046753
0.394653,-0.388672,0.974365
-0.498535,0.033936,0.795898
0.439331,-0.181152,1.076782
-0.011475,-0.366333,0.872803
-0.165649,0.186890,1.029907
0.424927,-0.361816,1.014526
-0.479736,-0.032959,0.784180
0.395020,-0.100708,1.099609
0.033691,-0.391968,0.849976
-0.189697,0.208374,1.037720
0.473022,-0.354614,1.045776
-0.460938,-0.068604,0.786133
0.358276,-0.059937,1.093262
0.071289,-0.388550,0.869995
-0.244507,0.191406,1.007935
0.490845,-0.324463,1.080444
-0.450073,-0.123535,0.769043
0.333252,-0.032227,1.119263
0.101318,-0.360229,0.889648
-0.291016,0.198364,1.002197
0.515747,-0.294556,1.091187
-0.416016,-0.141724,0.801025
0.265015,-0.019531,1.103271
0.182861,-0.430908,0.914917
-0.331909,0.171021,0.939087
0.542603,-0.234009,1.118164
-0.364014,-0.147949,0.811523
0.162720,0.056030,1.078857
0.256592,-0.473022,0.928223
-0.368774,0.065918,0.887085
0.560547,-0.208008,1.149414
-0.288940,-0.200073,0.821289
0.065308,0.150879,1.081177
0.326050,-0.444702,0.962524
-0.424072,0.055908,0.873779
0.547485,-0.193359,1.161743
-0.187134,-0.233276,0.869141
-0.012695,0.196777,1.080444
0.375000,-0.394043,0.994751
-0.449219,0.030640,0.845703
0.528687,-0.169556,1.161987
-0.072266,-0.304077,0.890503
-0.090210,0.237671,1.089844
0.437988,-0.365723,1.017090
-0.451294,-0.001099,0.836182
0.469727,-0.113037,1.173462
0.027100,-0.371704,0.886841
-0.134399,0.213379,1.076538
0.463989,-0.322876,1.058350
-0.473145,-0.031982,0.819458
0.438721,-0.097046,1.164551
0.053345,-0.348755,0.908691
-0.211914,0.229370,1.060791
0.508667,-0.275513,1.112671
-0.420044,-0.082520,0.813232
0.346680,-0.013428,1.157349
0.109619,-0.389771,0.920898
-0.274414,0.160278,1.011719
0.548218,-0.274170,1.144043
-0.385620,-0.160889,0.805298
0.252197,0.052124,1.133545
0.213623,-0.436279,0.922607
-0.352539,0.133911,0.946167
0.573730,-0.246216,1.161987
-0.319458,-0.213623,0.814087
0.166504,0.094604,1.124390
0.252808,-0.417114,0.963379
-0.401855,0.092773,0.897827
0.579346,-0.241089,1.167114
-0.253540,-0.211426,0.847534
0.080078,0.184082,1.112915
0.317627,-0.398804,0.977051
-0.438599,0.051147,0.877075
0.561157,-0.240479,1.160278
-0.217041,-0.282349,0.845825
0.037964,0.176025,1.112427
0.344604,-0.346313,0.987183
-0.480835,0.064209,0.834839
0.545776,-0.234131,1.150269
-0.121826,-0.376099,0.857788
-0.016724,0.148560,1.080688
0.371826,-0.361450,0.986328
-0.469116,0.076294,0.842407
0.507446,-0.170898,1.143433
-0.066162,-0.377319,0.873291
-0.077881,0.126953,1.050293
0.400879,-0.354126,1.006226
-0.473877,0.023438,0.830688
0.486816,-0.138428,1.166016
-0.062622,-0.362671,0.850098
-0.144287,0.168213,1.041748
0.425903,-0.347656,1.029175
-0.467773,-0.030029,0.827759
0.462036,-0.113647,1.164307
-0.057129,-0.342651,0.839844
-0.195923,0.206299,1.036133
0.453125,-0.329468,1.041016
-0.493042,-0.036987,0.798584
0.416260,-0.112305,1.146729
-0.024414,-0.355103,0.853271
-0.246338,0.183350,1.005005
0.464233,-0.302979,1.056274
-0.483032,-0.059814,0.780273
0.380249,-0.078247,1.146484
0.022705,-0.371582,0.861206
-0.315430,0.213867,0.979370
0.471191,-0.288940,1.056763
-0.460083,-0.096558,0.765381
0.316162,-0.075317,1.125854
0.046387,-0.381958,0.874390
-0.339233,0.168701,0.942261
0.484497,-0.276123,1.064941
-0.448975,-0.112305,0.764404
0.228271,-0.012695,1.101440
0.118408,-0.408569,0.886719
-0.411743,0.170532,0.911865
0.491455,-0.276611,1.061768
-0.416748,-0.151611,0.776001
0.149292,0.033569,1.071289
0.184204,-0.386963,0.910156
-0.458374,0.113159,0.868652
0.496826,-0.250488,1.089966
-0.375977,-0.218872,0.765259
0.043213,0.089111,1.049438
0.239014,-0.425293,0.910034
-0.489502,0.071411,0.836914
0.473145,-0.212891,1.081665
-0.261230,-0.253418,0.783691
-0.045654,0.120361,1.020142
0.270386,-0.393799,0.908447
-0.521729,0.029541,0.798462
0.465210,-0.204956,1.092407
-0.193604,-0.333618,0.751465
-0.127686,0.155640,0.994995
0.322632,-0.364014,0.927002
-0.564697,0.015259,0.757080
0.418701,-0.196411,1.073120
-0.160278,-0.366455,0.759277
-0.179565,0.139282,0.978271
0.343628,-0.322144,0.948486
-0.568604,0.047729,0.762817
0.357544,-0.169067,1.046997
-0.119507,-0.382324,0.788330
-0.257446,0.132568,0.964233
0.365723,-0.316162,0.978271
-0.560059,0.025391,0.724731
0.298218,-0.042969,1.052490
-0.079712,-0.327393,0.820068
-0.328125,0.120605,0.929077
0.401001,-0.332642,1.001221
-0.548462,-0.024780,0.717285
0.250244,-0.017090,1.056885
-0.050903,-0.343872,0.805176
-0.398193,0.173462,0.904541
0.433472,-0.335938,0.984375
-0.531982,-0.040283,0.715210
0.170654,0.022827,1.030762
0.008667,-0.384155,0.815552
-0.470459,0.160278,0.865845
0.434937,-0.309326,1.005981
-0.512695,-0.131958,0.704712
0.103149,0.066528,1.018555
0.056519,-0.373779,0.819336
-0.506226,0.168945,0.847412
0.444702,-0.306030,1.006592
-0.457520,-0.157471,0.720459
0.052734,0.107910,1.024048
0.115845,-0.398682,0.827026
-0.557129,0.140503,0.808716
0.448242,-0.243896,1.031006
-0.385986,-0.230225,0.707275
0.001709,0.153076,1.030518
0.167358,-0.405151,0.835449
-0.602905,0.114746,0.787842
0.443237,-0.270264,1.012695
-0.321777,-0.273438,0.718140
-0.063965,0.164673,0.998291
0.230469,-0.419067,0.856934
-0.620483,0.144775,0.793335
0.418091,-0.226440,1.009644
-0.260254,-0.294312,0.729858
-0.144043,0.153442,0.960083
0.270874,-0.416382,0.877686
-0.602295,0.061890,0.762329
0.402710,-0.165161,1.041992
-0.217773,-0.330566,0.713013
-0.223267,0.201538,0.953003
0.326050,-0.399048,0.901611
-0.605835,0.053223,0.745972
0.368530,-0.148071,1.019043
-0.168579,-0.327148,0.725464
-0.297119,0.195923,0.910156
0.362549,-0.385010,0.916992
-0.597778,0.013916,0.731201
0.308350,-0.083984,1.019653
-0.132080,-0.340698,0.728760
-0.345947,0.225464,0.909546
0.373535,-0.329590,0.935059
-0.585815,-0.025269,0.708984
0.249756,-0.062134,1.013062
-0.062988,-0.400391,0.754395
-0.434082,0.231445,0.866943
0.416626,-0.294434,0.958740
-0.552612,-0.046997,0.706177
0.144287,0.002563,0.992432
0.023682,-0.416992,0.787964
-0.499146,0.216309,0.830933
0.417969,-0.254517,0.961548
-0.485840,-0.094849,0.718872
0.082153,0.100098,1.028076
0.096680,-0.415405,0.824585
-0.548218,0.189575,0.815186
0.402222,-0.211548,0.985474
-0.405640,-0.161133,0.719482
0.027588,0.124634,1.023926
0.173218,-0.416748,0.844849
-0.594604,0.188110,0.800415
0.415161,-0.186890,0.994263
-0.304199,-0.229004,0.727173
-0.068359,0.166748,0.987549
0.247070,-0.388916,0.872559
-0.600464,0.143433,0.772949
0.404419,-0.137695,1.015137
-0.223267,-0.274292,0.732666
-0.153809,0.194092,0.957520
0.303833,-0.370972,0.888184
-0.604248,0.120117,0.760132
0.405518,-0.137939,1.029053
-0.143433,-0.342163,0.738403
-0.249756,0.227539,0.919312
0.341064,-0.345581,0.899658
-0.579346,0.055664,0.753784
0.350098,-0.125610,1.014160
-0.090576,-0.390747,0.731934
-0.320312,0.209473,0.873413
0.366577,-0.296021,0.918701
-0.550659,0.039551,0.732056
0.296021,-0.051392,1.022095
-0.041504,-0.420532,0.730591
-0.376465,0.201538,0.848755
0.406860,-0.297485,0.938477
-0.528442,-0.020874,0.725708
0.061523,0.107666,1.016724
0.021973,-0.415527,0.770996
-0.420776,0.171753,0.830322
0.432007,-0.224731,0.997070
-0.406738,-0.149170,0.727905
-0.014771,0.160278,1.012573
0.180054,-0.429443,0.841064
-0.582397,0.161255,0.800903
0.430298,-0.182373,1.013672
-0.318115,-0.176514,0.737061
-0.075195,0.197754,0.999512
0.256836,-0.397705,0.875488
-0.609619,0.130371,0.776611
0.422974,-0.181030,1.008423
-0.240234,-0.240723,0.730957
-0.129883,0.214844,0.971924
0.286255,-0.350220,0.885254
-0.623779,0.111572,0.742432
0.419922,-0.183960,1.029663
-0.161377,-0.339722,0.740845
-0.195679,0.213013,0.932373
0.324341,-0.337524,0.893311
-0.612305,0.107178,0.750732
0.372925,-0.157227,1.012573
-0.094727,-0.380249,0.752930
-0.261719,0.203979,0.900635
0.348755,-0.302490,0.915283
-0.588013,0.075195,0.740479
0.323120,-0.100952,1.005249
-0.045166,-0.416260,0.745239
-0.314331,0.187500,0.871216
0.378052,-0.280396,0.919800
-0.575684,0.060303,0.721069
0.264771,-0.048462,0.987061
-0.002808,-0.398682,0.775391
-0.362793,0.125488,0.845459
0.410522,-0.268433,0.950317
-0.552368,0.037354,0.723267
0.181519,0.041870,0.996826
0.045410,-0.419678,0.771729
-0.425171,0.140015,0.833130
0.435059,-0.251953,0.979248
-0.508423,-0.018799,0.727539
0.115479,0.103394,1.003662
0.089355,-0.412964,0.791504
-0.498779,0.142822,0.808472
0.447632,-0.242798,1.002808
-0.441895,-0.085815,0.736450
0.044189,0.171265,1.015869
0.152100,-0.416870,0.818970
-0.547852,0.111572,0.779297
0.462280,-0.255859,1.003418
-0.355713,-0.162476,0.754883
-0.035645,0.208496,1.004761
0.211792,-0.374268,0.848511
-0.567627,0.091431,0.757690
0.452637,-0.245361,1.007568
-0.272339,-0.210327,0.771851
-0.081543,0.168701,0.967163
0.268188,-0.384277,0.881348
-0.583130,0.097900,0.747559
0.430054,-0.199341,1.017334
-0.185547,-0.276001,0.775513
-0.142212,0.181152,0.951416
0.309937,-0.367188,0.905029
-0.566650,0.051758,0.744141
0.395630,-0.146118,1.029419
-0.106201,-0.362915,0.771240
-0.221802,0.185181,0.932373
0.352417,-0.364136,0.925171
-0.561401,0.012695,0.744019
0.348267,-0.125732,1.021240
-0.037231,-0.406128,0.778320
-0.279907,0.190796,0.893433
0.382690,-0.359253,0.920288
-0.536499,-0.025146,0.734375
0.296021,-0.078613,1.006958
0.002930,-0.428345,0.768433
-0.325928,0.133789,0.845093
0.419312,-0.329956,0.956543
-0.513428,-0.077637,0.736084
0.217041,-0.023438,1.006836
0.047363,-0.457031,0.768311
-0.360474,0.133789,0.846436
0.431396,-0.286377,0.973389
-0.489258,-0.060913,0.750977
0.163208,-0.002930,1.010010
0.095825,-0.501099,0.778931
-0.435669,0.110718,0.805908
0.445923,-0.246338,1.003540
-0.428467,-0.119629,0.745728
0.075562,0.073364,1.021362
0.156128,-0.474487,0.819824
-0.475342,0.089844,0.775635
0.449585,-0.246216,0.997559
-0.354370,-0.180420,0.757812
-0.008545,0.112061,1.014404
0.242310,-0.506226,0.850586
-0.510498,0.050415,0.747314
0.455811,-0.206055,1.023071
-0.276001,-0.164062,0.788940
-0.078369,0.172241,1.018188
0.300781,-0.498901,0.878662
-0.535767,-0.000122,0.739014
0.425903,-0.193726,1.032837
-0.180542,-0.227783,0.808350
-0.151855,0.191406,0.989014
0.346436,-0.449341,0.921997
-0.527222,-0.012085,0.769653
0.402588,-0.167114,1.047852
-0.096191,-0.335327,0.807983
-0.203125,0.187012,0.968506
0.396362,-0.414185,0.942383
-0.510864,-0.025391,0.763306
0.365967,-0.139648,1.047485
-0.005981,-0.400757,0.815796
-0.246460,0.177856,0.945435
0.432861,-0.376099,0.973511
-0.497070,-0.090454,0.739624
0.315552,-0.078369,1.049561
0.054321,-0.424194,0.816162
-0.276978,0.153442,0.922363
0.457764,-0.337646,1.006958
-0.481934,-0.098755,0.751587
0.262695,-0.071289,1.022339
0.081299,-0.449585,0.813354
-0.317749,0.133423,0.901733
0.484985,-0.276978,1.037476
-0.443726,-0.117310,0.766479
0.197388,-0.017822,1.043579
0.144409,-0.501831,0.842651
-0.368530,0.101074,0.879150
0.498413,-0.259277,1.063354
-0.398682,-0.122070,0.779541
0.130615,0.061523,1.043701
0.226440,-0.509644,0.878052
-0.405518,0.048950,0.860474
0.511108,-0.244019,1.087891
-0.338989,-0.176636,0.782593
0.078735,0.135498,1.064697
0.276245,-0.483643,0.905273
-0.448242,0.038574,0.824585
0.512817,-0.255371,1.087402
-0.270386,-0.224243,0.815552
0.015381,0.178833,1.062622
0.317993,-0.450073,0.922974
-0.461914,0.027222,0.813477
0.501831,-0.220215,1.115479
-0.186035,-0.284424,0.827515
-0.033081,0.207275,1.070435
0.356079,-0.416382,0.955322
-0.486450,0.013672,0.801025
0.496094,-0.209106,1.120483
-0.136230,-0.289185,0.855225
-0.062378,0.221802,1.076538
0.394775,-0.375854,0.994873
-0.494263,0.015381,0.814697
0.479736,-0.211914,1.117920
-0.042847,-0.350464,0.886719
-0.109985,0.198120,1.062622
0.423340,-0.347412,1.019043
-0.475220,0.010986,0.805664
0.452148,-0.170776,1.125732
0.013794,-0.376465,0.900757
-0.161377,0.191772,1.052490
0.461548,-0.337280,1.044067
-0.445435,-0.035034,0.817139
0.416992,-0.083496,1.145874
0.052002,-0.372925,0.883301
-0.192017,0.200684,1.041870
0.484741,-0.326416,1.068970
-0.424927,-0.074585,0.824707
0.405884,-0.063965,1.153931
0.065063,-0.361572,0.886963
-0.240479,0.219238,1.029541
0.512939,-0.291748,1.105225
-0.395020,-0.150391,0.815430
0.352417,-0.026123,1.161133
0.101929,-0.374756,0.905518
-0.286743,0.213135,1.001221
0.545532,-0.278076,1.118774
-0.378418,-0.157593,0.825439
0.295288,-0.019775,1.141357
0.160156,-0.394165,0.940552
-0.326172,0.157593,0.955078
0.561279,-0.250610,1.142456
-0.337158,-0.183472,0.826172
0.232300,0.046631,1.140991
0.240112,-0.428711,0.947754
-0.377686,0.137573,0.924805
0.563477,-0.229736,1.139038
-0.283936,-0.200928,0.842285
0.153564,0.104614,1.123901
0.295532,-0.435547,0.969360
-0.392700,0.108398,0.898926
0.549194,-0.196533,1.146118
-0.247192,-0.228516,0.850220
0.089355,0.149048,1.124268
0.342285,-0.421143,0.990723
-0.433838,0.084595,0.885986
0.542969,-0.150513,1.170654
-0.191162,-0.261108,0.857178
0.020264,0.166870,1.104248
0.389282,-0.405640,1.013184
-0.451538,0.038086,0.853638
0.534912,-0.130249,1.173462
-0.090576,-0.301025,0.874268
-0.058838,0.196045,1.093384
0.413696,-0.364624,1.028320
-0.440186,-0.019775,0.846802
0.498169,-0.108398,1.180664
-0.053223,-0.330566,0.864136
-0.122925,0.193970,1.076416
0.441528,-0.348999,1.046875
-0.440430,-0.049316,0.830200
0.458740,-0.080933,1.176880
-0.041260,-0.316406,0.860474
-0.186646,0.203003,1.042358
0.477173,-0.315918,1.078491
-0.451294,-0.086304,0.813110
0.422729,-0.059204,1.182983
-0.013672,-0.328857,0.864258
-0.262329,0.197876,1.001953
0.506470,-0.309570,1.089233
-0.441406,-0.090942,0.798218
0.364380,-0.032715,1.156494
0.055420,-0.365723,0.883179
-0.313843,0.189819,0.965332
0.497681,-0.291504,1.080078
-0.417358,-0.141846,0.795288
0.303345,-0.022705,1.145874
0.085327,-0.383911,0.900635
-0.368652,0.188110,0.934937
0.516357,-0.277954,1.091187
-0.392456,-0.179321,0.780029
0.227783,0.023071,1.118774
0.139404,-0.404663,0.887695
-0.407471,0.157471,0.911865
0.512329,-0.254272,1.090454
-0.379150,-0.216064,0.772095
0.161255,0.048340,1.087158
0.196045,-0.392578,0.928223
-0.445435,0.120605,0.878174
0.496460,-0.229492,1.087280
-0.358032,-0.216064,0.778320
0.105103,0.065430,1.078491
0.221680,-0.396118,0.917480
-0.486084,0.117554,0.853027
0.494873,-0.214233,1.086792
-0.310425,-0.271729,0.767944
0.030151,0.108398,1.072632
0.256836,-0.414551,0.903931
-0.505615,0.099609,0.842163
0.490479,-0.192749,1.097046
-0.250854,-0.275024,0.781128
-0.030151,0.105835,1.030518
0.283325,-0.412720,0.923706
-0.519287,0.055542,0.799561
0.473999,-0.191772,1.085571
-0.222412,-0.268677,0.757324
-0.103760,0.153809,1.027466
0.329956,-0.395996,0.930664
-0.537842,0.026123,0.797974
0.437378,-0.187012,1.072876
-0.204590,-0.314209,0.741577
-0.171509,0.151855,0.992798
0.359375,-0.374756,0.951050
-0.541016,-0.004395,0.772095
0.392090,-0.136597,1.076904
-0.194580,-0.328613,0.745483
-0.238892,0.173096,0.975586
0.376587,-0.367065,0.967407
-0.548218,-0.050171,0.747925
0.361450,-0.118164,1.074829
-0.169922,-0.344727,0.741333
-0.289795,0.186768,0.941040
0.394043,-0.346558,0.972290
-0.559082,-0.051270,0.747681
0.330811,-0.123779,1.052979
-0.132446,-0.358398,0.761963
-0.343140,0.179565,0.906860
0.392822,-0.338379,0.969360
-0.561157,-0.075928,0.718140
0.290527,-0.096191,1.057739
-0.089600,-0.373291,0.776001
-0.403442,0.204590,0.891602
0.392334,-0.307007,0.972778
-0.537598,-0.073975,0.722412
0.235229,-0.056274,1.054321
-0.040039,-0.438110,0.775269
-0.451050,0.198120,0.862915
0.405396,-0.295776,0.966064
-0.524170,-0.054199,0.730469
0.165771,0.000610,1.030151
0.021973,-0.424927,0.806396
-0.487061,0.188721,0.854370
0.419800,-0.276733,0.989990
-0.517700,-0.088135,0.719482
0.088257,0.061035,1.019165
0.076782,-0.417480,0.830933
-0.534912,0.159912,0.831787
0.406738,-0.253906,0.995239
-0.470581,-0.117798,0.710571
0.046631,0.111206,1.015503
0.119507,-0.412476,0.831787
-0.577026,0.150146,0.806641
0.427246,-0.241455,1.008057
-0.398193,-0.170044,0.725342
-0.018188,0.180908,1.013916
0.173340,-0.400391,0.850220
-0.589233,0.118042,0.783447
0.421387,-0.229248,1.004883
-0.333496,-0.249878,0.717041
-0.056885,0.187622,0.998901
0.213257,-0.398071,0.849243
-0.599854,0.117920,0.792603
0.400146,-0.205688,1.012329
-0.288696,-0.292969,0.702881
-0.096802,0.164307,0.983521
0.246948,-0.375732,0.879395
-0.623413,0.119263,0.765991
0.392456,-0.198975,1.006104
-0.218018,-0.342163,0.709961
-0.159180,0.152222,0.937378
0.279297,-0.337280,0.898071
-0.625366,0.104858,0.737793
0.395630,-0.177979,1.022949
-0.167358,-0.359863,0.722046
-0.221680,0.156006,0.916504
0.313232,-0.343018,0.907959
-0.626709,0.096802,0.728516
0.355103,-0.128052,1.016846
-0.112793,-0.362671,0.743896
-0.281982,0.174194,0.890991
0.358765,-0.334839,0.909668
-0.606934,0.086670,0.727539
0.317871,-0.083252,1.011230
-0.093994,-0.368530,0.741699
-0.341919,0.176758,0.860962
0.388672,-0.327637,0.936035
-0.563354,0.002930,0.719238
0.264893,-0.032959,1.007446
-0.058472,-0.399292,0.736694
-0.390503,0.215454,0.858032
0.416870,-0.304810,0.948120
-0.548950,0.018799,0.737183
0.197876,-0.014038,0.989990
-0.008423,-0.407349,0.775391
-0.424683,0.186279,0.842407
0.405518,-0.245972,0.963989
-0.531250,-0.031372,0.709106
0.167236,0.039551,1.000610
0.039673,-0.416870,0.778931
-0.460449,0.197510,0.841187
0.426147,-0.240112,0.975464
-0.491821,-0.062500,0.731445
0.096680,0.097534,1.002075
0.087280,-0.419067,0.801880
-0.485962,0.169556,0.831909
0.428955,-0.222656,0.989136
-0.437500,-0.083618,0.759644
0.042969,0.138550,1.007080
0.139526,-0.443726,0.809692
-0.541382,0.154297,0.793945
0.445068,-0.181519,1.015747
-0.373779,-0.138672,0.740234
-0.032104,0.180420,0.994019
0.215210,-0.449341,0.843018
-0.572144,0.112427,0.770264
0.433472,-0.175537,1.008423
-0.277344,-0.180542,0.753296
-0.089233,0.215210,0.991577
0.258301,-0.397583,0.862061
-0.599243,0.096436,0.752686
0.454956,-0.214722,1.032959
-0.182373,-0.261353,0.768066
-0.157227,0.255127,0.967407
0.300781,-0.353027,0.889038
-0.596191,0.072876,0.747681
0.419678,-0.202759,1.020874
-0.091675,-0.337891,0.803345
-0.228638,0.216919,0.918701
0.343262,-0.331055,0.906738
-0.572144,0.041626,0.722656
0.361938,-0.146484,1.006104
-0.034546,-0.400391,0.786011
-0.249512,0.193604,0.907104
0.358643,-0.288696,0.937012
-0.561768,0.000366,0.719116
0.316162,-0.112549,0.994873
-0.010376,-0.434692,0.782593
-0.275146,0.136230,0.875977
0.383545,-0.288208,0.940918
-0.554199,-0.001831,0.723877
0.280762,-0.081543,0.992065
0.035645,-0.430664,0.782471
-0.323608,0.125977,0.847046
0.401733,-0.296143,0.957642
-0.531372,-0.018311,0.732788
0.227783,-0.059570,0.982178
0.048950,-0.463745,0.776733
-0.358521,0.138306,0.841309
0.437012,-0.264404,0.984985
-0.517578,-0.015015,0.734009
0.174561,-0.015747,0.989746
0.080811,-0.491821,0.781616
-0.402466,0.117065,0.832031
0.458618,-0.302490,0.975342
-0.481689,-0.078247,0.746704
0.120483,0.032349,0.997925
0.111450,-0.476929,0.793701
-0.426270,0.095215,0.812744
0.466675,-0.299316,0.994629
-0.440308,-0.103394,0.760742
0.053589,0.078003,0.996826
0.167603,-0.489990,0.810669
-0.455566,0.061279,0.781860
0.487915,-0.261353,1.033569
-0.411377,-0.140991,0.736938
0.002319,0.124634,0.999390
0.241455,-0.503296,0.841919
-0.479370,0.028564,0.754517
0.467896,-0.260742,1.025879
-0.323975,-0.188110,0.781860
-0.051270,0.158325,1.018921
0.270630,-0.500488,0.865234
-0.500732,0.006470,0.757446
0.465454,-0.250000,1.044189
-0.255493,-0.228271,0.788696
-0.110107,0.189819,0.994141
0.312988,-0.450562,0.896729
-0.506470,-0.009155,0.765503
0.443848,-0.209595,1.059937
-0.162109,-0.284302,0.805176
-0.157715,0.200073,0.989136
0.364380,-0.430176,0.930786
-0.530518,0.008057,0.761353
0.420898,-0.183228,1.063232
-0.069946,-0.333984,0.822510
-0.180298,0.205566,1.008667
0.378906,-0.398438,0.951782
-0.524658,-0.035767,0.761230
0.389526,-0.167725,1.056030
0.043457,-0.428345,0.848633
-0.237061,0.224609,0.991699
0.410034,-0.340820,0.982178
-0.485718,-0.066772,0.769653
0.341064,-0.130249,1.060913
0.071167,-0.455322,0.843994
-0.259155,0.167114,0.971313
0.450195,-0.301758,1.024048
-0.473999,-0.068848,0.774170
0.311157,-0.097656,1.067871
0.106689,-0.485474,0.851807
-0.292725,0.161865,0.956055
0.470703,-0.297485,1.035889
-0.446899,-0.086670,0.776489
0.272583,-0.035767,1.075073
0.110229,-0.424316,0.872803
-0.312256,0.150146,0.971680
0.492798,-0.326416,1.063232
-0.434692,-0.138062,0.777588
0.244995,0.009399,1.078735
0.150879,-0.425537,0.884644
-0.338745,0.178467,0.968506
0.522583,-0.291016,1.088379
-0.405273,-0.156128,0.786621
0.216309,0.025879,1.079224
0.176758,-0.442505,0.897217
-0.349854,0.143555,0.948242
0.546875,-0.285522,1.106445
-0.382202,-0.158325,0.785522
0.197388,0.062744,1.089355
0.213379,-0.429199,0.925049
-0.360107,0.134155,0.917236
0.548096,-0.279907,1.107422
-0.347900,-0.197388,0.808472
0.177246,0.059570,1.088135
0.244995,-0.412598,0.946289
-0.372803,0.105103,0.891113
0.554443,-0.256226,1.117065
-0.315674,-0.216431,0.813599
0.144653,0.075317,1.101074
0.286743,-0.440674,0.953369
-0.404419,0.113892,0.881348
0.559326,-0.232544,1.122437
-0.269775,-0.200684,0.834839
0.095337,0.123413,1.090576
0.322876,-0.452637,0.965576
-0.407959,0.069702,0.870850
0.560303,-0.188110,1.154419
-0.231201,-0.208862,0.849609
0.037598,0.170410,1.094971
0.367188,-0.446045,0.991943
-0.426270,0.041992,0.870483
0.534790,-0.150635,1.160400
-0.158936,-0.228027,0.866821
-0.016113,0.220703,1.104004
0.395508,-0.394043,1.013550
-0.435059,0.006958,0.868530
0.528442,-0.168945,1.164062
-0.073120,-0.293457,0.903198
-0.067505,0.216431,1.075439
0.404419,-0.338135,1.028564
-0.445557,-0.020386,0.838013
0.521606,-0.173706,1.177612
-0.017578,-0.373291,0.896973
-0.097168,0.184082,1.065063
0.417358,-0.334229,1.025391
-0.451904,-0.025391,0.832397
0.497925,-0.144409,1.197510
-0.010986,-0.368774,0.890747
-0.145874,0.204224,1.060791
0.447510,-0.334106,1.043213
-0.455322,-0.032104,0.833374
0.459961,-0.103271,1.181396
0.012695,-0.363770,0.895386
-0.192627,0.197388,1.051758
0.479492,-0.301880,1.076050
-0.463257,-0.024536,0.811279
0.420776,-0.083618,1.162476
0.036743,-0.365601,0.902100
-0.223633,0.219116,1.058960
0.493896,-0.278931,1.101562
-0.461060,-0.053955,0.798096
0.372559,-0.070190,1.148560
0.059082,-0.384033,0.907471
-0.255859,0.186279,1.031128
0.511230,-0.265869,1.122559
-0.442749,-0.085083,0.781982
0.324219,-0.010986,1.151367
0.098511,-0.394897,0.900146
-0.311890,0.172119,0.985474
0.523804,-0.270386,1.113159
-0.404297,-0.151001,0.794922
0.278076,-0.000977,1.141968
0.117188,-0.375732,0.901245
-0.360962,0.173584,0.922607
0.524902,-0.271240,1.102783
-0.369873,-0.203491,0.794189
0.213501,0.010254,1.113403
0.160400,-0.387329,0.912231
-0.405396,0.157715,0.898438
0.536743,-0.234985,1.104370
-0.363403,-0.203613,0.792114
0.129028,0.039917,1.090210
0.211670,-0.417114,0.918945
-0.441406,0.096191,0.870239
0.516724,-0.208130,1.105835
-0.312256,-0.205811,0.812744
0.037720,0.117432,1.072021
0.273071,-0.445801,0.931641
-0.484985,0.047363,0.839355
0.498901,-0.197632,1.107178
-0.211060,-0.281250,0.793457
-0.054932,0.155151,1.043579
0.313477,-0.379639,0.930298
-0.495239,-0.007080,0.798706
0.478760,-0.187622,1.116699
-0.169556,-0.327271,0.778931
-0.142090,0.141235,0.986450
0.347534,-0.345825,0.956787
-0.520752,-0.033447,0.772339
0.428223,-0.153809,1.121460
-0.125732,-0.370117,0.773560
-0.236206,0.188110,0.975342
0.381226,-0.324463,0.980225
-0.547241,-0.040283,0.755371
0.368530,-0.113037,1.105103
-0.080933,-0.374146,0.799438
-0.312012,0.175049,0.940796
0.403076,-0.307251,1.000610
-0.523071,-0.075928,0.730713
0.286987,-0.060791,1.081299
-0.024780,-0.381836,0.806030
-0.407593,0.196655,0.893066
0.433594,-0.299805,1.020142
-0.494141,-0.101807,0.741455
0.194702,-0.008179,1.063843
0.042236,-0.414307,0.816772
-0.453003,0.166016,0.877563
0.421509,-0.242554,1.026367
-0.465820,-0.144165,0.734131
0.103271,0.056641,1.038940
0.103760,-0.407349,0.844116
-0.525269,0.140503,0.842163
0.445435,-0.249878,1.034302
-0.378662,-0.214111,0.740234
-0.001587,0.146118,1.027344
0.169678,-0.382202,0.852661
-0.555664,0.080811,0.794189
0.445190,-0.252197,1.033203
-0.312378,-0.280273,0.714355
-0.073486,0.156616,0.994995
0.227539,-0.380737,0.868652
-0.588135,0.079834,0.776123
0.430298,-0.214111,1.042847
-0.252930,-0.335815,0.709595
-0.145386,0.153931,0.963013
0.275269,-0.356445,0.899902
-0.607666,0.057739,0.758301
0.414551,-0.217773,1.031250
-0.217163,-0.362427,0.698120
-0.217896,0.171875,0.950073
0.313843,-0.346924,0.911011
-0.609619,0.049683,0.725708
0.366455,-0.186401,1.027100
-0.168213,-0.375977,0.724731
-0.284058,0.165527,0.914917
0.351929,-0.342041,0.930420
-0.598022,0.020264,0.723633
0.305664,-0.106323,1.011597
-0.120728,-0.370239,0.736084
-0.352783,0.178101,0.896118
0.385742,-0.347412,0.946533
-0.588867,-0.008423,0.714478
0.246826,-0.047485,1.017700
-0.075806,-0.392334,0.743530
-0.420044,0.204224,0.867310
0.398926,-0.311523,0.959351
-0.549927,-0.083496,0.702148
0.179688,-0.016235,1.003784
-0.029419,-0.386108,0.771973
-0.490479,0.230469,0.844360
0.434448,-0.287354,0.973389
-0.497437,-0.105835,0.727905
0.074219,0.081665,1.003540
0.052612,-0.425049,0.794678
-0.531982,0.176758,0.822144
0.430298,-0.233276,0.987793
-0.436523,-0.120605,0.730347
0.031616,0.143677,1.019165
0.137939,-0.404663,0.825439
-0.575806,0.173584,0.782349
0.414429,-0.183350,1.001221
-0.331177,-0.224243,0.719971
-0.039551,0.183594,1.012451
0.204956,-0.413940,0.847534
-0.610107,0.161743,0.772827
0.414917,-0.175415,1.004761
-0.248901,-0.250610,0.726440
-0.114624,0.199463,0.981689
0.267334,-0.402344,0.869751
-0.608154,0.109131,0.763184
0.392334,-0.140259,1.015625
-0.192139,-0.318359,0.723877
-0.179321,0.192871,0.944336
0.333374,-0.362549,0.902832
-0.613403,0.104614,0.747559
0.365723,-0.104736,1.020142
-0.115967,-0.369141,0.724854
-0.242310,0.194580,0.917969
0.348877,-0.329224,0.911743
-0.603149,0.083374,0.743408
0.333496,-0.109375,1.005371
-0.068481,-0.399414,0.745361
-0.307007,0.180298,0.876343
0.374023,-0.294067,0.920654
-0.572021,0.048218,0.728027
0.263062,-0.049805,0.984131
-0.025391,-0.419189,0.753662
-0.350464,0.166260,0.860474
0.393188,-0.277832,0.941284
-0.549805,-0.012939,0.713623
0.213501,0.002075,1.003784
0.007202,-0.391724,0.771973
-0.415894,0.171021,0.833862
0.431030,-0.274902,0.963257
-0.497192,-0.028564,0.740112
0.135864,0.093628,1.004150
0.037109,-0.392212,0.774536
-0.461548,0.141113,0.821533
0.450562,-0.263184,0.984741
-0.459106,-0.056641,0.753662
0.095947,0.140137,1.014526
0.078735,-0.407959,0.777954
-0.483765,0.153564,0.813110
0.454346,-0.275269,0.978149
-0.427002,-0.104736,0.768311
0.076538,0.108398,1.011230
0.125610,-0.404419,0.812866
-0.515259,0.170044,0.786621
0.446289,-0.226562,0.992310
-0.399658,-0.165405,0.745605
0.043701,0.095581,1.004150
0.177979,-0.430786,0.837524
-0.545898,0.141479,0.765991
0.439331,-0.201172,1.002686
-0.350952,-0.166748,0.756470
-0.003174,0.126953,1.006714
0.207275,-0.446411,0.834595
-0.561035,0.120239,0.750000
0.458130,-0.239258,1.005981
-0.310547,-0.182495,0.761719
-0.066284,0.166992,0.987915
0.259766,-0.449951,0.863525
-0.556396,0.060791,0.741699
0.455200,-0.221924,1.014771
-0.262695,-0.206055,0.775757
-0.113647,0.201660,0.980835
0.301147,-0.457153,0.885620
-0.557129,0.042847,0.749634
0.433716,-0.211060,1.023315
-0.203613,-0.244629,0.782959
-0.162231,0.205322,0.963745
0.338867,-0.426880,0.915161
-0.544434,0.020996,0.752441
0.402832,-0.162231,1.033691
-0.120850,-0.319580,0.790894
-0.297974,0.198486,0.882202
0.386108,-0.349609,0.928345
-0.547607,-0.031616,0.724976
0.302979,-0.068359,0.999023
-0.000732,-0.392456,0.763672
-0.346069,0.189453,0.854126
0.416382,-0.325439,0.947144
-0.517700,-0.079102,0.724121
0.226807,-0.037476,0.999146
0.028564,-0.435425,0.770386
-0.389771,0.167847,0.837280
0.434814,-0.306396,0.953979
-0.506470,-0.048096,0.739380
0.162598,-0.005005,0.999756
0.083008,-0.476318,0.783691
-0.433105,0.147827,0.806641
0.436279,-0.258057,0.972412
-0.449951,-0.103027,0.743530
0.086670,0.063110,1.008667
0.139404,-0.472412,0.803955
-0.478760,0.115967,0.779907
0.446289,-0.239014,0.989746
-0.372437,-0.143188,0.766602
0.004639,0.130005,1.002808
0.202515,-0.487671,0.822021
-0.530273,0.068604,0.748779
0.454590,-0.239136,1.021729
-0.292236,-0.213989,0.767334
-0.061523,0.191406,1.010254
0.258301,-0.403931,0.872925
-0.552856,0.052734,0.748047
0.451416,-0.260010,1.031006
-0.207642,-0.289185,0.777588
-0.133911,0.230103,0.998169
0.316284,-0.372803,0.916382
-0.560059,0.040405,0.762451
0.423096,-0.244141,1.029297
-0.096924,-0.344482,0.810425
-0.174927,0.184692,0.969116
0.350220,-0.356567,0.936768
-0.583862,0.041138,0.736084
0.386597,-0.196655,1.026978
-0.021973,-0.380737,0.826416
-0.195312,0.148926,0.955933
0.381348,-0.358154,0.952148
-0.552612,0.080811,0.766357
0.348511,-0.129761,1.012695
0.028198,-0.400391,0.836670
-0.260376,0.126953,0.930542
0.411377,-0.366943,0.979248
-0.510986,-0.026611,0.750732
0.291870,-0.056030,1.028687
0.047974,-0.417114,0.817139
-0.270020,0.142456,0.928711
0.446777,-0.361328,0.991943
-0.499878,-0.046021,0.761108
0.277222,-0.039307,1.039795
0.076050,-0.446777,0.828003
-0.300781,0.113037,0.911743
0.469604,-0.351807,1.023804
-0.479248,-0.082764,0.741577
0.245483,-0.001831,1.045776
0.083496,-0.412231,0.831299
-0.301880,0.117920,0.932373
0.483398,-0.355469,1.028198
-0.462891,-0.119385,0.756226
0.239624,-0.009888,1.051514
0.098633,-0.416382,0.835083
-0.335205,0.166870,0.932739
0.500122,-0.353760,1.025391
-0.437744,-0.151855,0.774902
0.234009,0.007568,1.074463
0.131348,-0.404663,0.863892
-0.359497,0.180664,0.913574
0.501953,-0.302734,1.056763
-0.386230,-0.213013,0.776001
0.213623,0.005981,1.065918
0.165894,-0.405762,0.888794
-0.382324,0.143921,0.896118
0.528809,-0.298096,1.075928
-0.355469,-0.199219,0.792480
0.155273,0.048462,1.065674
0.216797,-0.455933,0.895142
-0.391235,0.096680,0.868652
0.534302,-0.250610,1.096069
-0.327393,-0.182129,0.809692
0.123779,0.072021,1.065063
0.262085,-0.473633,0.916138
-0.409912,0.042480,0.852417
0.535645,-0.225098,1.112793
-0.283936,-0.192749,0.817017
0.079590,0.131470,1.090942
0.318848,-0.465820,0.941895
-0.431763,0.044678,0.833496
0.524292,-0.205444,1.126221
-0.235840,-0.212158,0.840454
0.036011,0.159790,1.087524
0.359009,-0.431274,0.978882
-0.442261,0.040894,0.846313
0.522095,-0.178345,1.139648
-0.171997,-0.240845,0.862671
-0.038086,0.169067,1.062134
0.415771,-0.408081,1.021851
-0.440308,0.005493,0.845337
0.481079,-0.083374,1.163574
-0.065552,-0.298340,0.877686
-0.092285,0.203125,1.071777
0.447754,-0.379761,1.039551
-0.440308,-0.032593,0.827515
0.466797,-0.086914,1.169922
0.016357,-0.351074,0.888184
-0.160767,0.216187,1.064087
0.473633,-0.335571,1.069214
-0.426758,-0.075806,0.813721
0.427246,-0.062256,1.177246
0.038086,-0.335327,0.910034
-0.219727,0.227417,1.051392
0.520996,-0.307007,1.102295
-0.416382,-0.088135,0.819092
0.355591,-0.011963,1.152954
0.104614,-0.381714,0.920288
-0.271240,0.210449,1.031128
0.546509,-0.265747,1.124634
-0.385498,-0.110962,0.812500
0.281372,0.040771,1.160767
0.181885,-0.421143,0.936646
-0.320679,0.166016,0.974243
0.554199,-0.252075,1.139160
-0.339722,-0.152344,0.835327
0.213501,0.070801,1.133301
0.232544,-0.410645,0.952515
-0.369141,0.112061,0.914307
0.560181,-0.225952,1.144043
-0.299683,-0.201660,0.839478
0.140869,0.087158,1.117920
0.287720,-0.426880,0.975220
-0.408691,0.096436,0.882202
0.550049,-0.172119,1.162476
-0.243530,-0.230469,0.848267
0.052612,0.126953,1.097046
0.333496,-0.423706,0.990479
-0.436279,0.051514,0.869019
0.545654,-0.165894,1.164673
-0.189575,-0.238403,0.853394
-0.023804,0.167236,1.077393
0.386230,-0.390869,1.010376
-0.459473,-0.002808,0.844727
0.514404,-0.160400,1.167236
-0.099365,-0.319336,0.853516
-0.102173,0.183105,1.052856
0.415161,-0.374390,1.006958
-0.466187,-0.041504,0.823730
0.470947,-0.121216,1.169434
-0.072632,-0.319580,0.831299
-0.181396,0.203613,1.029541
0.437744,-0.329834,1.027954
-0.465454,-0.079712,0.802979
0.431641,-0.117432,1.161865
-0.037109,-0.326172,0.849609
-0.270264,0.223389,0.998901
0.468262,-0.294922,1.048706
-0.453735,-0.105591,0.787964
0.355469,-0.086060,1.145386
0.016968,-0.365112,0.866943
-0.325806,0.182373,0.942505
0.465332,-0.267334,1.046387
-0.421997,-0.123901,0.779907
0.266602,-0.035034,1.120483
0.089478,-0.408325,0.880005
-0.405640,0.171509,0.912109
0.487793,-0.243774,1.075562
-0.410156,-0.147461,0.768311
0.146484,0.054077,1.091675
0.174072,-0.420410,0.905029
-0.447144,0.136597,0.881470
0.481323,-0.227905,1.070435
-0.376221,-0.208618,0.765015
0.060913,0.097290,1.060669
0.230591,-0.420654,0.907349
-0.488770,0.073608,0.829468
0.475464,-0.208252,1.074829
-0.286255,-0.231812,0.769897
-0.034302,0.133911,1.034424
0.281738,-0.398682,0.916016
-0.519653,0.014160,0.796997
0.450439,-0.170288,1.093140
-0.222900,-0.316406,0.729370
-0.130859,0.155151,0.995483
0.312500,-0.371094,0.924438
-0.550049,0.005615,0.775146
0.423462,-0.199463,1.073730
-0.179199,-0.347534,0.742065
-0.223145,0.171021,0.959595
0.354004,-0.345337,0.950928
-0.562378,-0.014160,0.762085
0.377441,-0.152466,1.073242
-0.142822,-0.340576,0.762939
-0.296265,0.156006,0.919800
0.373413,-0.332397,0.973145
-0.572632,-0.014160,0.743652
0.299072,-0.099976,1.054932
-0.080200,-0.369629,0.782104
-0.380859,0.170166,0.896851
0.387817,-0.308594,0.980835
-0.538452,-0.076538,0.714478
0.218506,-0.037720,1.046875
-0.022705,-0.378784,0.803345
-0.456055,0.177856,0.867432
0.416504,-0.284912,1.003296
-0.518311,-0.124512,0.700317
0.124023,0.046875,1.026123
0.066650,-0.414795,0.823975
-0.528198,0.188110,0.843994
0.426880,-0.251465,1.008667
-0.460571,-0.147217,0.721558
0.052124,0.099243,1.026123
0.124878,-0.414185,0.835449
-0.566040,0.155151,0.815063
0.432861,-0.247192,1.016724
-0.367798,-0.214355,0.738037
-0.042725,0.144531,1.007324
0.189087,-0.415771,0.853516
-0.597412,0.133789,0.793945
0.423706,-0.220581,1.015991
-0.290039,-0.278564,0.714233
-0.115845,0.168213,0.978027
0.254639,-0.381470,0.881470
-0.605713,0.084839,0.770508
0.402466,-0.194580,1.024170
-0.219116,-0.330933,0.717041
-0.202637,0.191772,0.952637
0.309814,-0.363403,0.896973
-0.609863,0.057739,0.737671
0.367065,-0.164673,1.019775
-0.171997,-0.367676,0.711670
-0.260864,0.187500,0.920898
0.340210,-0.333374,0.911011
-0.606323,0.069824,0.735718
0.311890,-0.123169,0.999634
-0.108765,-0.377441,0.748901
-0.347900,0.179932,0.880493
0.380005,-0.323853,0.936646
-0.577637,0.028320,0.706421
0.242188,-0.012817,1.003784
-0.046997,-0.381470,0.763672
-0.411743,0.182739,0.862915
0.393799,-0.298584,0.946289
-0.550659,-0.038696,0.704590
0.178345,0.017822,0.998047
-0.007080,-0.386108,0.767822
-0.464844,0.212036,0.853760
0.419800,-0.269165,0.966309
-0.499878,-0.091553,0.723633
0.103516,0.050659,1.001221
0.056763,-0.395630,0.802368
-0.519165,0.210938,0.826538
0.423340,-0.215454,0.983887
-0.421753,-0.124756,0.739136
0.044067,0.117798,1.015015
0.132324,-0.412842,0.821777
-0.558228,0.176270,0.799805
0.435059,-0.192993,0.993042
-0.354858,-0.153198,0.736328
-0.015503,0.148438,0.990845
0.208984,-0.407471,0.858276
-0.587891,0.122925,0.764038
0.427856,-0.154053,1.017822
-0.253052,-0.233398,0.736572
-0.111328,0.216675,0.969604
0.279785,-0.402588,0.882080
-0.595215,0.104126,0.760620
0.415405,-0.155151,1.019775
-0.179199,-0.271240,0.742432
-0.178101,0.236572,0.946411
0.331909,-0.368408,0.911377
-0.593506,0.053345,0.747070
0.386108,-0.126465,1.034302
-0.107422,-0.333374,0.751099
-0.246704,0.220215,0.913208
0.367676,-0.335693,0.919556
-0.572876,0.037354,0.737793
0.332886,-0.090698,1.020386
-0.049316,-0.405273,0.737183
-0.305054,0.205566,0.869141
0.395752,-0.300781,0.932983
-0.546021,-0.024170,0.725098
0.265869,-0.088501,0.983276
0.004883,-0.453247,0.752563
-0.372681,0.187622,0.841797
0.415039,-0.287964,0.941284
-0.507446,-0.085693,0.731445
0.182495,-0.015381,0.993042
0.054932,-0.447510,0.774048
-0.424316,0.151367,0.817749
0.438477,-0.249268,0.984131
-0.465576,-0.068604,0.753174
0.102295,0.063110,1.008057
0.118408,-0.476440,0.795044
-0.485718,0.115601,0.790283
0.452393,-0.226929,1.002075
-0.399292,-0.114258,0.756226
0.017090,0.150879,1.011719
0.195068,-0.439453,0.849609
-0.524292,0.070801,0.759399
0.457642,-0.226196,1.017700
-0.322021,-0.158691,0.764648
-0.065186,0.211914,1.006104
0.255249,-0.415894,0.874512
-0.544800,0.011597,0.738525
0.445312,-0.222656,1.025635
-0.236938,-0.231079,0.773315
-0.130249,0.222046,0.987183
0.306763,-0.417480,0.906494
-0.556763,0.004150,0.756958
0.414917,-0.185669,1.042114
-0.148926,-0.279907,0.789185
-0.186401,0.217896,0.963989
0.352295,-0.380981,0.937744
-0.534180,-0.018677,0.764282
0.388794,-0.166138,1.041626
-0.073730,-0.364624,0.791138
-0.236328,0.213257,0.944702
0.382935,-0.375854,0.940308
-0.521851,-0.051147,0.750610
0.337646,-0.143677,1.022339
0.000366,-0.424438,0.793579
-0.283081,0.167480,0.897583
0.406372,-0.333252,0.959229
-0.512695,-0.085815,0.741211
0.284058,-0.114746,1.019897
0.063721,-0.467041,0.790039
-0.318970,0.158081,0.885620
0.432129,-0.312744,0.975220
-0.476196,-0.105835,0.739624
0.232300,-0.080566,1.010254
0.088623,-0.472290,0.793823
-0.362549,0.134888,0.869873
0.462036,-0.279663,1.007324
-0.440674,-0.101807,0.769165
0.149536,0.009888,1.021362
0.163086,-0.501343,0.837524
-0.412842,0.067749,0.827393
0.470093,-0.234375,1.052490
-0.384644,-0.173950,0.750977
0.076416,0.074829,1.030640
0.243530,-0.510742,0.874634
-0.461792,0.047607,0.792358
0.490112,-0.233521,1.073120
-0.331543,-0.205566,0.760132
0.014771,0.125488,1.038208
0.295654,-0.503174,0.895752
-0.471313,0.030884,0.797729
0.500244,-0.220337,1.090210
-0.256104,-0.239258,0.793213
-0.068848,0.196655,1.037354
0.358887,-0.484131,0.924683
-0.481201,0.017090,0.812134
0.482178,-0.182983,1.103516
-0.158691,-0.246704,0.837524
-0.117310,0.218140,1.033447
0.392212,-0.435303,0.967285
-0.481934,-0.022705,0.801880
0.449829,-0.165283,1.113892
-0.040771,-0.358276,0.841797
-0.154297,0.246094,1.052979
0.418945,-0.360474,1.000732
-0.476807,-0.027344,0.799561
0.414429,-0.128662,1.115967
0.041504,-0.430786,0.861816
-0.186890,0.180176,1.019043
0.458130,-0.313110,1.047119
-0.454346,-0.046997,0.804199
0.363159,-0.084595,1.114990
0.073608,-0.439209,0.864136
-0.238892,0.181152,1.008301
0.501587,-0.284912,1.089966
-0.437378,-0.068604,0.805054
0.308838,-0.038818,1.109375
0.128662,-0.448975,0.892700
-0.299194,0.146362,0.971558
0.537720,-0.252808,1.128174
-0.396484,-0.114258,0.808105
0.251953,0.016113,1.108521
0.202393,-0.459961,0.922852
-0.345947,0.135498,0.946045
0.546021,-0.243530,1.130615
-0.340576,-0.147949,0.825073
0.195557,0.083496,1.108643
0.243530,-0.434448,0.940552
-0.370361,0.074951,0.902100
0.573853,-0.248779,1.159790
-0.301514,-0.226929,0.810791
0.122192,0.168579,1.118286
0.310303,-0.420654,0.969116
-0.400391,0.074341,0.894043
0.570068,-0.234741,1.154663
-0.250000,-0.235840,0.852173
0.069458,0.181274,1.109497
0.338257,-0.407959,0.984131
-0.432495,0.055542,0.872559
0.556885,-0.203735,1.168091
-0.181274,-0.257324,0.875732
0.019165,0.186279,1.099731
0.372070,-0.379028,1.002686
-0.428711,0.021118,0.863770
0.538208,-0.157104,1.163940
-0.107300,-0.294434,0.875488
-0.033936,0.189087,1.098999
0.408447,-0.357544,1.030273
-0.453857,0.009644,0.847656
0.517700,-0.159058,1.175293
-0.056763,-0.338257,0.872192
-0.086060,0.202393,1.094849
0.434204,-0.337646,1.032837
-0.464355,-0.009888,0.838379
0.479004,-0.137329,1.164429
-0.036377,-0.336670,0.878418
-0.163086,0.185425,1.048096
0.467285,-0.316772,1.064331
-0.465088,-0.039551,0.825928
0.449097,-0.098022,1.178711
0.001587,-0.356323,0.875366
-0.233643,0.223999,1.030029
0.488770,-0.301147,1.078979
-0.453857,-0.072021,0.807129
0.383545,-0.074341,1.164062
0.042603,-0.353149,0.900879
-0.277710,0.195190,0.989990
0.494263,-0.266724,1.087524
-0.437744,-0.106445,0.789551
0.316650,-0.064819,1.142822
0.114258,-0.387939,0.908203
-0.344360,0.172363,0.956299
0.511841,-0.249390,1.103516
-0.396729,-0.126099,0.792236
0.196655,0.021973,1.107056
0.180298,-0.424805,0.919067
-0.404053,0.129517,0.904053
0.524658,-0.225098,1.106079
-0.359253,-0.182251,0.787964
0.103516,0.089966,1.084717
0.237549,-0.410400,0.936523
-0.449585,0.070923,0.865234
0.510498,-0.219360,1.109985
-0.300415,-0.221680,0.790771
0.013184,0.121582,1.055908
0.274048,-0.392334,0.925903
-0.490234,0.052490,0.834595
0.511475,-0.226074,1.114258
-0.209106,-0.305054,0.791626
-0.059326,0.141724,1.031006
0.291382,-0.366089,0.929077
-0.527222,0.029053,0.796387
0.485840,-0.224609,1.106201
-0.166992,-0.345703,0.779297
-0.131592,0.157349,1.015747
0.333984,-0.363647,0.934937
-0.559937,0.022095,0.764404
0.443359,-0.231445,1.081421
-0.129395,-0.374023,0.784302
-0.211670,0.166016,0.983521
0.351685,-0.338867,0.947876
-0.560547,0.033325,0.758057
0.379639,-0.161499,1.073608
-0.104858,-0.391235,0.799194
-0.272827,0.142578,0.955933
0.380371,-0.333252,0.979004
-0.563110,0.004517,0.739136
0.315796,-0.083618,1.068115
-0.082153,-0.343628,0.807861
-0.334229,0.145630,0.926758
0.391724,-0.327759,0.986206
-0.552002,-0.026978,0.726685
0.261353,-0.057739,1.050781
-0.054321,-0.346680,0.807617
-0.388916,0.164673,0.890259
0.424805,-0.325562,1.000366
-0.548096,-0.038086,0.727539
0.198120,-0.008545,1.035400
-0.014893,-0.376465,0.809937
-0.439209,0.151001,0.883667
0.421997,-0.289185,1.004517
-0.531128,-0.073486,0.709473
0.120605,0.052612,1.015137
0.039062,-0.376831,0.830200
-0.494751,0.151123,0.853027
0.423950,-0.268188,1.006958
-0.503052,-0.131714,0.709106
0.062256,0.087036,1.023193
0.099976,-0.430542,0.812012
-0.530151,0.163330,0.835449
0.415039,-0.245117,1.006348
-0.426880,-0.182129,0.723145
0.026611,0.098022,1.019531
0.149780,-0.421021,0.838013
-0.578491,0.146484,0.806519
0.413452,-0.210083,1.017090
-0.352173,-0.242310,0.716797
-0.055664,0.156006,1.002686
0.226685,-0.435791,0.862427
-0.602295,0.121338,0.793945
0.405029,-0.181641,1.024170
-0.284912,-0.259644,0.712158
-0.133911,0.170898,0.962036
0.278564,-0.388428,0.895020
-0.627930,0.074829,0.755859
0.404907,-0.186523,1.023438
-0.194580,-0.347656,0.708984
-0.222290,0.218018,0.937988
0.301270,-0.336548,0.898926
-0.613647,0.061768,0.742310
0.379272,-0.171021,1.021362
-0.143799,-0.388550,0.724609
-0.287354,0.190063,0.896851
0.347046,-0.330444,0.917969
-0.599487,0.061157,0.720703
0.304321,-0.103271,1.015503
-0.084595,-0.396851,0.742432
-0.348633,0.178589,0.870239
0.373291,-0.303223,0.926147
-0.586304,0.053101,0.718018
0.236572,-0.030029,0.993042
-0.039062,-0.393311,0.765137
-0.410400,0.179565,0.859619
0.411133,-0.295410,0.953979
-0.554565,0.005371,0.715698
0.142578,0.070312,0.987915
0.032104,-0.379883,0.791382
-0.482788,0.181030,0.840942
0.436890,-0.281860,0.979248
-0.474609,-0.041504,0.746216
0.084473,0.129761,0.994751
0.080200,-0.369385,0.806152
-0.536621,0.184937,0.816040
0.447998,-0.240112,1.002808
-0.393311,-0.147705,0.754761
0.022583,0.181396,1.013672
0.145508,-0.389893,0.821045
-0.579712,0.180420,0.793945
0.451904,-0.238403,1.006714
-0.333618,-0.213745,0.734985
-0.033569,0.189819,1.007324
0.218994,-0.374756,0.852295
-0.597778,0.166626,0.779785
0.434448,-0.196411,1.016724
-0.235474,-0.277222,0.746826
-0.112793,0.177124,0.957520
0.283569,-0.378662,0.896606
-0.605347,0.118530,0.747192
0.420410,-0.148438,1.028687
-0.143311,-0.314087,0.756714
-0.199951,0.205444,0.930908
0.335327,-0.327393,0.919189
-0.591675,0.054932,0.747437
0.367676,-0.144775,1.023804
-0.081177,-0.399414,0.750610
-0.244751,0.192383,0.897339
0.361084,-0.296265,0.919922
-0.568848,0.051514,0.744019
0.326660,-0.106567,1.005615
-0.017944,-0.451294,0.749023
-0.321655,0.167847,0.862915
0.398315,-0.289307,0.935669
-0.536621,-0.001587,0.735718
0.241577,-0.039551,0.999878
0.033813,-0.435669,0.769409
-0.394409,0.158325,0.834961
0.430420,-0.294556,0.960693
-0.493896,-0.049194,0.738159
0.156616,0.032471,1.000122
0.080322,-0.446533,0.788818
-0.452759,0.138428,0.798584
0.449707,-0.277344,0.984009
-0.450806,-0.135376,0.737183
0.084839,0.096191,1.001587
0.132202,-0.444458,0.800049
-0.500854,0.120850,0.773438
0.460693,-0.272095,0.994263
-0.381470,-0.155762,0.754639
0.009521,0.155029,1.004150
0.191650,-0.421997,0.822021
-0.528564,0.068359,0.753174
0.473267,-0.282104,1.011230
-0.311646,-0.210083,0.767822
-0.057129,0.192383,1.004150
0.252075,-0.414062,0.859009
-0.544678,0.067383,0.742188
0.453003,-0.249756,1.020996
-0.242554,-0.239746,0.793579
-0.099854,0.154541,0.975952
0.296997,-0.420654,0.892090
-0.549316,0.041382,0.746094
0.413696,-0.165894,1.034546
-0.156494,-0.287354,0.791260
-0.151855,0.164795,0.973267
0.342651,-0.442871,0.907593
-0.550781,0.022461,0.747437
0.394531,-0.167480,1.030273
-0.066284,-0.348999,0.800659
-0.224609,0.200195,0.961304
0.393677,-0.405273,0.945923
-0.523071,-0.027344,0.754883
0.343262,-0.126831,1.034668
0.020386,-0.417114,0.800415
-0.271729,0.191162,0.925537
0.427612,-0.376343,0.969238
-0.499878,-0.090454,0.745850
0.275513,-0.083252,1.030151
0.075195,-0.448975,0.813232
-0.344238,0.172852,0.899292
0.458496,-0.341431,0.994629
-0.444092,-0.156128,0.751221
0.184082,-0.026001,1.021484
0.118530,-0.420532,0.837402
-0.401733,0.146973,0.865967
0.490845,-0.283203,1.032104
-0.374878,-0.217529,0.761108
0.085327,0.041138,1.026611
0.206909,-0.469238,0.859985
-0.440186,0.064575,0.795898
0.506226,-0.223999,1.065674
-0.287720,-0.190674,0.808105
-0.016602,0.156250,1.038940
0.326538,-0.503906,0.919434
-0.492920,0.024414,0.787842
0.473755,-0.217285,1.068604
-0.198975,-0.232056,0.815674
-0.084473,0.214355,1.047974
0.398193,-0.446411,0.965820
-0.498413,-0.017212,0.798096
0.424805,-0.144409,1.084839
-0.055664,-0.325806,0.843994
-0.165161,0.230713,1.039551
0.448975,-0.373413,1.010986
-0.472412,-0.065063,0.793335
0.383057,-0.100708,1.105225
0.062622,-0.405273,0.858887
-0.230347,0.185791,0.993164
0.471558,-0.312866,1.046631
-0.434814,-0.100586,0.795532
0.331299,-0.061279,1.097778
0.090210,-0.404907,0.884399
-0.293823,0.176514,0.969116
0.520386,-0.285767,1.095215
-0.397095,-0.133911,0.794556
0.258423,0.025269,1.109497
0.173462,-0.423828,0.904297
-0.352783,0.127930,0.915649
0.541260,-0.264771,1.114136
-0.341919,-0.201660,0.802490
0.179810,0.060791,1.104004
0.257690,-0.449829,0.938110
-0.400269,0.108276,0.888428
0.546753,-0.223511,1.121094
-0.270874,-0.202637,0.837524
0.112671,0.112671,1.105591
0.322266,-0.439697,0.975464
-0.430176,0.081177,0.858154
0.538574,-0.179810,1.153809
-0.212769,-0.232178,0.848511
0.029419,0.176636,1.108765
0.387573,-0.417480,1.010010
-0.444702,0.063599,0.860718
0.516113,-0.147095,1.147095
-0.135864,-0.261841,0.877563
-0.039429,0.200806,1.104126
0.430420,-0.400635,1.031372
-0.460327,0.032471,0.849487
0.497314,-0.113159,1.165161
-0.007812,-0.316650,0.898926
-0.118896,0.227539,1.080811
0.447754,-0.347412,1.052246
-0.430054,-0.061523,0.836060
0.459351,-0.092041,1.176270
0.007324,-0.335205,0.883179
-0.192261,0.256958,1.066895
0.502686,-0.306030,1.090454
-0.437256,-0.082520,0.824829
0.400513,-0.079102,1.168579
0.059692,-0.353394,0.912842
-0.250854,0.221191,1.027954
0.520752,-0.250244,1.124268
-0.403320,-0.123535,0.814453
0.325806,-0.025391,1.147827
0.142090,-0.391479,0.939087
-0.316284,0.171875,0.964600
0.534668,-0.232788,1.133057
-0.353638,-0.171997,0.814331
0.218994,0.028564,1.125732
0.228027,-0.426636,0.951416
-0.383545,0.130981,0.922241
0.544312,-0.192993,1.144653
-0.292480,-0.219849,0.827148
0.102051,0.105957,1.106323
0.291260,-0.411011,0.972290
-0.432007,0.058228,0.864868
0.529297,-0.169800,1.143433
-0.188110,-0.255249,0.848511
-0.014648,0.168213,1.081909
0.336670,-0.388794,0.975952
-0.448608,-0.008545,0.845093
0.508423,-0.153809,1.160400
-0.110107,-0.346191,0.821533
-0.093262,0.184326,1.055420
0.382202,-0.350464,0.984375
-0.479858,-0.020508,0.812378
0.385742,-0.051880,1.160889
-0.069702,-0.359985,0.823364
-0.262451,0.211670,1.024414
0.422974,-0.333130,1.018066
-0.403076,-0.104980,0.816040
0.296875,0.001221,1.152832
0.143921,-0.386108,0.940308
-0.328857,0.152466,0.962158
0.558350,-0.264160,1.133545
-0.344604,-0.176025,0.817505
0.203369,0.099243,1.142578
0.218872,-0.390747,0.932861
-0.398804,0.122314,0.916992
0.565918,-0.275146,1.133057
-0.305786,-0.248901,0.806641
0.116577,0.125854,1.119019
0.281006,-0.392700,0.953125
-0.451294,0.105469,0.876343
0.541016,-0.225586,1.136230
-0.236938,-0.282715,0.840576
0.049072,0.107544,1.092773
0.315674,-0.390015,0.965088
-0.479370,0.073486,0.839844
0.520508,-0.170654,1.132080
-0.158936,-0.294800,0.835083
-0.030762,0.124390,1.069214
0.361572,-0.401367,0.979980
-0.499756,0.041870,0.832642
0.487915,-0.124146,1.148071
-0.122314,-0.299316,0.813843
-0.122070,0.201172,1.064453
0.395386,-0.394653,0.987793
-0.499512,-0.048340,0.799561
0.464722,-0.129761,1.147949
-0.105957,-0.316040,0.803101
-0.206055,0.227783,1.014282
0.426880,-0.343994,1.010254
-0.505127,-0.076172,0.779175
0.409546,-0.145264,1.124756
-0.063599,-0.323486,0.815430
-0.292480,0.241699,0.991577
0.436157,-0.298340,1.017334
-0.491821,-0.085449,0.773071
0.336426,-0.107788,1.110352
-0.019653,-0.394409,0.826904
-0.341064,0.182129,0.923584
0.432617,-0.278931,1.021362
-0.472168,-0.067993,0.761963
0.264160,-0.049438,1.102539
0.036743,-0.405518,0.846436
-0.423096,0.169067,0.902832
0.466431,-0.262573,1.045898
-0.461182,-0.112915,0.756104
0.169189,0.028442,1.075928
0.099243,-0.420166,0.853516
-0.479614,0.144775,0.858032
0.463013,-0.255859,1.050537
-0.405640,-0.189819,0.758179
0.061401,0.100708,1.047241
0.156860,-0.392334,0.861816
-0.519775,0.106323,0.820923
0.448242,-0.229370,1.052490
-0.324951,-0.260498,0.749023
-0.018799,0.117310,1.028564
0.201782,-0.397095,0.875854
-0.561523,0.077515,0.795532
0.449829,-0.231201,1.040527
-0.259399,-0.310303,0.733765
-0.097900,0.157715,0.999878
0.265625,-0.391724,0.886597
-0.583374,0.054199,0.778687
0.415771,-0.221313,1.035889
-0.230469,-0.360962,0.692017
-0.177979,0.165527,0.970825
0.322266,-0.375244,0.913086
-0.588867,0.054565,0.758911
0.368652,-0.154297,1.027588
-0.199219,-0.327881,0.731689
-0.256104,0.139648,0.932373
0.363037,-0.395752,0.942871
-0.593262,-0.005859,0.731201
0.325806,-0.087036,1.048462
-0.154175,-0.359619,0.713135
-0.350220,0.222412,0.909790
0.385986,-0.372559,0.944458
-0.558838,-0.043823,0.742676
0.269043,-0.082764,1.026489
-0.118530,-0.366577,0.732300
-0.406738,0.231934,0.893555
0.412476,-0.357666,0.953613
-0.557861,-0.067139,0.706299
0.195312,-0.026367,1.017578
-0.045288,-0.392700,0.764160
-0.473511,0.226196,0.856812
0.409180,-0.287231,0.969849
-0.515503,-0.115356,0.713501
0.110718,0.006958,1.004395
0.035522,-0.418335,0.797974
-0.539673,0.209961,0.829468
0.421631,-0.238403,0.989868
-0.436646,-0.110840,0.739258
0.032471,0.118896,1.014771
0.133179,-0.424561,0.825562
-0.590942,0.187012,0.799438
0.422119,-0.204346,1.000488
-0.335205,-0.209106,0.730713
-0.044189,0.160522,0.996948
0.211548,-0.419312,0.856201
-0.619141,0.158936,0.785156
0.406128,-0.190796,1.002075
-0.250854,-0.276489,0.718262
-0.115479,0.192139,0.978394
0.266357,-0.363281,0.888062
-0.621826,0.110107,0.758179
0.405273,-0.177246,1.018799
-0.192505,-0.322998,0.727295
-0.190918,0.189819,0.938965
0.323853,-0.352539,0.905151
-0.614502,0.092163,0.737915
0.371582,-0.141235,1.010620
-0.127930,-0.342896,0.745972
-0.261597,0.172363,0.894775
0.366699,-0.347168,0.915161
-0.581787,0.082886,0.736084
0.313721,-0.064087,1.002319
-0.086548,-0.357788,0.753052
-0.324219,0.171387,0.876343
0.396606,-0.332153,0.943970
-0.558716,0.028687,0.733154
0.248901,0.005127,0.999634
-0.052856,-0.385132,0.735107
-0.386719,0.186157,0.853271
0.421509,-0.294434,0.962158
-0.521606,-0.024414,0.740112
0.188232,0.023804,0.995728
0.001831,-0.403931,0.759399
-0.455322,0.190308,0.816284
0.429810,-0.260742,0.966309
-0.482666,-0.044556,0.734009
0.152466,0.071533,1.024170
0.047729,-0.408203,0.781616
-0.489258,0.187622,0.816162
0.439819,-0.264526,0.972900
-0.462646,-0.093506,0.738892
0.083130,0.094360,1.013794
0.123291,-0.424683,0.816406
-0.532227,0.176270,0.787476
0.438965,-0.199951,1.000610
-0.401245,-0.137085,0.729492
0.028198,0.145752,1.024292
0.176758,-0.434448,0.830444
-0.567871,0.139893,0.765869
0.442261,-0.225220,0.983521
-0.319214,-0.188477,0.757446
-0.028809,0.173462,1.009277
0.228394,-0.429810,0.859253
-0.576660,0.111084,0.756104
0.440063,-0.184448,1.014771
-0.239990,-0.224731,0.757324
-0.099487,0.191528,0.975830
0.278076,-0.422974,0.879517
-0.579834,0.058716,0.749634
0.429443,-0.182739,1.032349
-0.168823,-0.287109,0.763428
-0.170166,0.220703,0.951172
0.314087,-0.365234,0.908081
-0.566528,0.019287,0.752563
0.405640,-0.177246,1.031494
-0.107544,-0.334595,0.779541
-0.220337,0.191895,0.923096
0.361572,-0.353760,0.930786
-0.550415,0.028809,0.760010
0.364746,-0.144287,1.011230
-0.058838,-0.382324,0.780518
-0.250000,0.160767,0.900146
0.387695,-0.342651,0.942749
-0.535034,-0.015625,0.730469
0.325684,-0.113403,1.008667
-0.018433,-0.425415,0.773804
-0.288818,0.172485,0.900635
0.411133,-0.354126,0.949585
-0.526367,-0.055664,0.748535
0.273926,-0.098755,0.998657
0.047729,-0.458862,0.778564
-0.346680,0.185181,0.862061
0.421021,-0.300781,0.966797
-0.493530,-0.080078,0.770630
0.225342,-0.103149,0.991821
0.073730,-0.494751,0.788330
-0.372559,0.139038,0.851929
0.439697,-0.279907,0.987305
-0.463257,-0.061523,0.766724
0.167236,-0.014282,1.013184
0.111694,-0.500854,0.807495
-0.411865,0.111084,0.828979
0.462402,-0.271973,0.999390
-0.429565,-0.118530,0.739380
0.123779,0.096069,1.047119
0.164917,-0.446167,0.842529
-0.461792,0.066528,0.812500
0.484741,-0.297485,1.020630
-0.376709,-0.181274,0.758057
0.057983,0.129883,1.039917
0.219971,-0.464600,0.869751
-0.474731,0.032837,0.779663
0.490601,-0.280640,1.046143
-0.331055,-0.237793,0.760010
0.024536,0.139771,1.052856
0.273071,-0.461060,0.896240
-0.502563,0.059326,0.774170
0.476685,-0.252441,1.048584
-0.264648,-0.260498,0.783447
-0.030640,0.166504,1.055176
0.318970,-0.488525,0.904053
-0.501587,0.058228,0.793701
0.458496,-0.180298,1.068970
-0.224121,-0.237793,0.812866
-0.051025,0.161987,1.046387
0.357666,-0.472900,0.949829
-0.521484,0.025146,0.778076
0.451294,-0.162842,1.085083
-0.133057,-0.281982,0.823975
-0.118286,0.197266,1.038330
0.405151,-0.428833,0.979858
-0.492310,-0.034058,0.790161
0.432251,-0.144897,1.092896
-0.046997,-0.322388,0.841431
-0.160889,0.213013,1.031250
0.429321,-0.387085,0.998779
-0.479614,-0.042114,0.786255
0.411011,-0.128784,1.099487
0.037964,-0.358887,0.874268
-0.189941,0.197876,1.017090
0.445557,-0.310181,1.033691
-0.465332,-0.061768,0.783936
0.375488,-0.093628,1.107544
0.065430,-0.417725,0.867310
-0.246216,0.178833,0.991089
0.490112,-0.289307,1.068359
-0.439941,-0.076294,0.789429
0.315063,-0.050049,1.089600
0.128784,-0.442383,0.891846
-0.295898,0.155762,0.974731
0.536865,-0.265015,1.116821
-0.427246,-0.087402,0.799927
0.242920,0.013794,1.086670
0.198608,-0.433105,0.933228
-0.336792,0.115112,0.945190
0.564941,-0.220703,1.163330
-0.351929,-0.163452,0.802246
0.158569,0.091064,1.094604
0.246460,-0.479126,0.925293
-0.376343,0.040039,0.889404
0.588257,-0.243164,1.166382
-0.308105,-0.197388,0.814087
0.079346,0.190063,1.105835
0.319214,-0.422852,0.968506
-0.406982,0.014404,0.868286
0.550903,-0.225830,1.169312
-0.216675,-0.254883,0.859863
0.026611,0.210938,1.098267
0.363892,-0.380981,0.995239
-0.442993,0.029297,0.862061
0.541748,-0.220703,1.157715
-0.094238,-0.326294,0.890137
-0.061768,0.257080,1.102417
0.404175,-0.371704,0.995239
-0.456543,0.004395,0.841919
0.518066,-0.200684,1.168091
-0.009644,-0.406250,0.885742
-0.095825,0.206787,1.077637
0.419800,-0.324951,1.026123
-0.466797,-0.009888,0.826904
0.477051,-0.137207,1.176636
0.005981,-0.375854,0.887817
-0.138062,0.208252,1.088379
0.459717,-0.290161,1.078003
-0.483887,-0.013306,0.812622
0.431519,-0.079468,1.181641
0.045654,-0.375244,0.907104
-0.208496,0.210449,1.071655
0.498291,-0.277954,1.097412
-0.440674,-0.060059,0.804810
0.352539,-0.025391,1.153320
0.078491,-0.399658,0.921265
-0.264893,0.153809,1.005615
0.534058,-0.264771,1.122681
-0.411133,-0.089600,0.796387
0.277344,0.067993,1.163452
0.149536,-0.419189,0.914795
-0.330811,0.107910,0.969482
0.550415,-0.317993,1.129639
-0.392822,-0.112549,0.803711
0.217896,0.105591,1.131470
0.192383,-0.378296,0.925171
-0.374634,0.105103,0.927490
0.543457,-0.264648,1.134033
-0.354126,-0.189453,0.799194
0.166992,0.123169,1.128540
0.223267,-0.386108,0.925903
-0.419800,0.130127,0.901489
0.539185,-0.250244,1.121948
-0.320190,-0.246460,0.806641
0.112061,0.094360,1.088745
0.229126,-0.384155,0.928711
-0.448486,0.109253,0.859497
0.535278,-0.219116,1.120728
-0.284912,-0.262207,0.815674
0.041016,0.085938,1.061768
0.270264,-0.423950,0.920776
-0.465210,0.088379,0.840332
0.502441,-0.176880,1.110229
-0.216431,-0.261353,0.823608
-0.018799,0.128662,1.064941
0.283691,-0.421875,0.925171
-0.481201,0.032837,0.827271
0.481079,-0.172119,1.103882
-0.178833,-0.270630,0.803589
-0.093262,0.176392,1.032471
0.314697,-0.369019,0.931519
-0.501831,-0.020264,0.792603
0.457520,-0.184448,1.104980
-0.168213,-0.327271,0.778076
-0.172852,0.152954,0.978027
0.366211,-0.358032,0.968140
-0.542603,-0.013428,0.770386
0.404663,-0.146606,1.104492
-0.122192,-0.370483,0.786133
-0.246094,0.166016,0.974487
0.387085,-0.325928,0.985474
-0.551514,0.009521,0.758545
0.334961,-0.100952,1.067505
-0.054443,-0.390015,0.804321
-0.312744,0.160522,0.943115
0.407837,-0.291138,1.003296
-0.537354,-0.037109,0.735107
0.250610,-0.047241,1.081177
0.000366,-0.386841,0.829712
-0.430786,0.169800,0.899170
0.432861,-0.286255,1.018188
-0.477905,-0.145142,0.711914
0.151978,0.052490,1.053711
0.067139,-0.371094,0.831299
-0.491211,0.159180,0.861938
0.454590,-0.300415,1.024902
-0.455078,-0.191406,0.717896
0.056763,0.110229,1.031616
0.146484,-0.396484,0.850342
-0.545898,0.123169,0.816650
0.452271,-0.270386,1.030762
-0.358765,-0.259888,0.732544
-0.026123,0.135742,1.007446
0.194580,-0.394897,0.863037
-0.582275,0.099365,0.787964
0.449951,-0.244507,1.035767
-0.287964,-0.306641,0.718018
-0.104980,0.147583,0.986206
0.246826,-0.387207,0.879761
-0.596436,0.063354,0.764771
0.414795,-0.219971,1.034058
-0.242065,-0.352661,0.702637
-0.171265,0.139526,0.955688
0.296021,-0.365479,0.900513
-0.605103,0.081665,0.744019
0.386108,-0.184448,1.017822
-0.195801,-0.344971,0.725708
-0.228394,0.140503,0.938721
0.316284,-0.348755,0.921997
-0.601929,0.041992,0.725586
0.354736,-0.122681,1.038086
-0.175537,-0.357422,0.704346
-0.293091,0.177856,0.905273
0.348389,-0.353271,0.924683
-0.579712,-0.006470,0.727051
0.325806,-0.106812,1.030396
-0.173096,-0.353760,0.702026
-0.342651,0.194336,0.878174
0.386597,-0.335083,0.941284
-0.579346,-0.025146,0.716675
0.267700,-0.073242,1.017578
-0.100830,-0.396118,0.740601
-0.394897,0.206543,0.864746
0.390625,-0.349121,0.925537
-0.565430,-0.023438,0.708618
0.237061,-0.055542,1.010132
-0.053345,-0.381348,0.754150
-0.440918,0.234009,0.871338
0.398071,-0.284180,0.945923
-0.553101,-0.044678,0.695312
0.166748,-0.031616,0.991577
0.021484,-0.431152,0.783569
-0.500732,0.218994,0.845459
0.411865,-0.260864,0.966064
-0.490967,-0.054199,0.731934
0.087524,0.078369,1.006836
0.077637,-0.401123,0.814453
-0.534180,0.189453,0.826050
0.427612,-0.232544,0.986694
-0.425415,-0.118286,0.735107
0.036377,0.173218,1.028442
0.135864,-0.404053,0.822266
-0.561035,0.161133,0.812744
0.427612,-0.187622,1.013062
-0.350342,-0.180664,0.737549
-0.022583,0.181152,1.002686
0.194580,-0.402466,0.845825
-0.586304,0.172363,0.781250
0.430054,-0.179199,1.012451
-0.269409,-0.240112,0.747437
-0.085083,0.205322,0.996948
0.244019,-0.401733,0.865234
-0.607178,0.132202,0.760376
0.432007,-0.176758,1.023438
-0.214966,-0.269653,0.736694
-0.136353,0.231934,0.972046
0.291748,-0.369385,0.874512
-0.610718,0.083130,0.738037
0.423218,-0.170654,1.031616
-0.163452,-0.328857,0.738403
-0.185791,0.225464,0.941284
0.338379,-0.355591,0.899414
-0.602783,0.086182,0.754395
0.399048,-0.177368,1.019897
-0.110107,-0.364502,0.759033
-0.229370,0.195435,0.906250
0.348755,-0.294556,0.924072
-0.580933,0.048706,0.730835
0.357544,-0.103271,1.028076
-0.048462,-0.391724,0.763306
-0.286255,0.193970,0.880493
0.365601,-0.304443,0.919312
-0.562500,0.046875,0.748535
0.310181,-0.087891,1.005615
-0.017700,-0.449341,0.738525
-0.320557,0.197388,0.862305
0.399658,-0.280273,0.938232
-0.533081,-0.022827,0.745728
0.243774,-0.068481,0.985962
0.021973,-0.439941,0.762573
-0.368408,0.160034,0.829956
0.421875,-0.262451,0.960693
-0.522827,-0.013916,0.733276
0.171875,-0.001465,0.995605
0.063965,-0.449463,0.790283
-0.408936,0.120361,0.824341
0.430786,-0.254395,0.977173
-0.486572,-0.042847,0.737427
0.108398,0.076538,0.999756
0.117920,-0.434692,0.801758
-0.485718,0.120605,0.796875
0.461304,-0.265747,0.995972
-0.424194,-0.135620,0.736572
0.036865,0.143311,1.013184
0.189819,-0.455322,0.832520
-0.530518,0.082153,0.768066
0.472046,-0.234741,1.030518
-0.325928,-0.184082,0.765015
-0.050537,0.184570,1.005005
0.240845,-0.432861,0.859863
-0.546143,0.050903,0.752075
0.458496,-0.242065,1.029175
-0.242920,-0.229980,0.783081
-0.130981,0.222412,0.980713
0.305908,-0.439453,0.882324
-0.557129,0.030762,0.755005
0.426270,-0.214600,1.033936
-0.153931,-0.291504,0.798950
-0.169800,0.207397,0.973022
0.329712,-0.411011,0.905396
-0.557495,0.011597,0.748901
0.406128,-0.195312,1.036621
-0.055298,-0.364624,0.806274
-0.238892,0.230469,0.954834
0.376343,-0.358398,0.949829
-0.534668,-0.033569,0.736450
0.351318,-0.183350,1.008301
0.011841,-0.419678,0.826660
-0.277588,0.185791,0.922119
0.395386,-0.330811,0.950439
-0.512451,-0.058960,0.739624
0.301025,-0.119263,1.011719
0.050903,-0.459229,0.815063
-0.317627,0.145386,0.888794
0.437134,-0.325195,0.972168
-0.498413,-0.061890,0.750488
0.231201,-0.059448,1.011230
0.098511,-0.450684,0.836304
-0.341919,0.094360,0.869873
0.456177,-0.278076,1.018433
-0.451904,-0.089111,0.754272
0.155884,0.022339,1.027710
0.151978,-0.495728,0.832031
-0.404541,0.094360,0.863281
0.486572,-0.282959,1.035767
-0.399780,-0.136719,0.769165
0.095581,0.090576,1.030762
0.222046,-0.497314,0.855591
-0.439697,0.050781,0.817505
0.490479,-0.263672,1.053955
-0.335693,-0.203979,0.776001
0.021973,0.119629,1.022705
0.283936,-0.473877,0.899048
-0.467651,0.023804,0.793701
0.482910,-0.222046,1.076294
-0.227539,-0.225586,0.809570
-0.041992,0.182129,1.034424
0.335327,-0.446777,0.936157
-0.498535,0.007080,0.789307
0.469604,-0.195923,1.099976
-0.138916,-0.286377,0.832397
-0.122314,0.204712,1.032227
0.395020,-0.413818,0.973877
-0.488892,-0.018799,0.789307
0.436523,-0.121704,1.118164
-0.031128,-0.354370,0.848145
-0.152954,0.210571,1.041992
0.441406,-0.380981,1.009766
-0.482910,-0.053345,0.784302
0.384888,-0.102417,1.104614
0.063232,-0.404297,0.867554
-0.212646,0.202881,1.013184
0.471191,-0.318237,1.039062
-0.461670,-0.030518,0.807251
0.335205,-0.080933,1.088257
0.096924,-0.434082,0.878052
-0.263916,0.149414,0.981323
0.507202,-0.268188,1.098022
-0.429932,-0.079834,0.798706
0.286377,-0.015991,1.108032
0.165894,-0.456177,0.900879
-0.345093,0.147949,0.946167
0.552002,-0.256470,1.130371
-0.358521,-0.141724,0.810425
0.206665,0.056641,1.103882
0.238159,-0.444092,0.923218
-0.385742,0.122314,0.907837
0.559814,-0.256836,1.125610
-0.296509,-0.202026,0.829224
0.117432,0.115967,1.100708
0.317017,-0.443115,0.968140
-0.415405,0.110962,0.866699
0.540405,-0.185059,1.127441
-0.224976,-0.222900,0.844360
0.057251,0.146851,1.100220
0.355957,-0.407837,0.998413
-0.441895,0.073120,0.860107
0.526245,-0.146729,1.151489
-0.146484,-0.263672,0.871704
-0.022827,0.188477,1.098877
0.415039,-0.384766,1.025146
-0.432739,0.007935,0.852051
0.498535,-0.082153,1.173096
-0.046387,-0.311401,0.887207
-0.103271,0.187378,1.077637
0.454102,-0.374268,1.058350
-0.432739,-0.054199,0.839355
0.459229,-0.038086,1.191650
0.013306,-0.334229,0.871948
-0.183960,0.231567,1.056152
0.504761,-0.331543,1.091919
-0.438843,-0.107910,0.814575
0.402100,-0.034668,1.174194
0.055420,-0.345459,0.895264
-0.262207,0.215332,1.020752
0.535645,-0.280151,1.127075
-0.395996,-0.161377,0.806030
0.329590,-0.003296,1.160156
0.120728,-0.357910,0.922363
-0.312866,0.168091,0.973389
0.560547,-0.255249,1.144775
-0.355713,-0.181763,0.818970
0.217163,0.056885,1.138916
0.224243,-0.395630,0.958130
-0.377563,0.119629,0.909668
0.548828,-0.201050,1.139404
-0.302124,-0.210327,0.810303
0.112427,0.103027,1.115967
0.308716,-0.430786,0.982178
-0.436279,0.084961,0.886108
0.536133,-0.170288,1.150513
-0.223267,-0.252930,0.827515
0.016357,0.188232,1.099731
0.364990,-0.396484,0.987061
-0.459351,0.005859,0.848145
0.519043,-0.185181,1.150879
-0.106323,-0.334595,0.847778
-0.080811,0.187744,1.075317
0.377930,-0.352905,0.984985
-0.480835,-0.019653,0.820435
0.492065,-0.153687,1.172852
-0.056152,-0.349365,0.846924
-0.176758,0.190430,1.038086
0.412842,-0.316895,1.025757
-0.483521,-0.064575,0.795654
0.444824,-0.139038,1.155396
-0.028931,-0.323364,0.860474
-0.283936,0.233276,1.006592
0.473999,-0.292969,1.057373
-0.450317,-0.112915,0.779541
0.343262,-0.073608,1.133545
0.012329,-0.346802,0.861328
-0.334473,0.178955,0.954102
0.499268,-0.286133,1.075073
-0.433228,-0.160645,0.766602
0.232300,0.006470,1.111694
0.090576,-0.400391,0.864258
-0.403687,0.140625,0.890503
0.509277,-0.272583,1.089233
-0.400635,-0.170288,0.774292
0.140869,0.055664,1.082886
0.154785,-0.404541,0.895752
-0.465454,0.103516,0.852173
0.502686,-0.250244,1.085815
-0.363770,-0.203979,0.767212
0.058716,0.104614,1.060791
0.221313,-0.411499,0.897461
-0.502808,0.080811,0.839600
0.473755,-0.224121,1.080078
-0.284912,-0.280518,0.761719
-0.028442,0.135986,1.041016
0.271851,-0.419312,0.898438
-0.516602,0.032593,0.791748
0.471313,-0.167358,1.107422
-0.227539,-0.273682,0.763184
-0.125366,0.143555,0.994995
0.333130,-0.404297,0.932739
-0.558472,-0.012329,0.754883
0.415039,-0.162842,1.086060
-0.163818,-0.345825,0.747314
-0.225220,0.190063,0.972412
0.362305,-0.327148,0.959351
-0.565674,-0.037354,0.733032
0.362305,-0.142700,1.080933
-0.117676,-0.372925,0.770020
-0.320923,0.185181,0.925903
0.405762,-0.315430,0.987305
-0.558228,0.008179,0.755615
0.254028,-0.061523,1.048706
-0.037354,-0.373535,0.799561
-0.414062,0.152344,0.870239
0.405396,-0.297485,1.001953
-0.504517,-0.111084,0.705933
0.147705,0.047485,1.029663
0.049194,-0.370117,0.828979
-0.515015,0.164795,0.845215
0.445801,-0.296387,1.020142
-0.450562,-0.167847,0.726440
0.052002,0.109497,1.020874
0.130249,-0.396973,0.836426
-0.556152,0.112061,0.811646
0.443359,-0.270752,1.022339
-0.324951,-0.243774,0.728516
-0.046753,0.159668,0.997803
0.188477,-0.356934,0.854858
-0.579956,0.059692,0.767212
0.417480,-0.228149,1.033813
-0.275269,-0.342651,0.687622
-0.108276,0.157471,0.983765
0.253174,-0.350586,0.884399
-0.628174,0.078857,0.739624
0.398926,-0.221191,1.014404
-0.204590,-0.369507,0.707275
-0.204834,0.147339,0.944824
0.308838,-0.351196,0.912598
-0.629639,0.071411,0.731689
0.362671,-0.163330,1.017822
-0.148682,-0.366089,0.738892
-0.285400,0.165649,0.913330
0.350586,-0.321655,0.942871
-0.612305,0.004639,0.703491
0.298096,-0.109863,1.011475
-0.113647,-0.392944,0.736572
-0.358276,0.179321,0.879639
0.395142,-0.302856,0.958984
-0.585571,0.015991,0.713257
0.202026,-0.032104,0.997437
-0.037964,-0.402466,0.770996
-0.416260,0.192383,0.879883
0.401001,-0.274292,0.975830
-0.559814,-0.014771,0.709717
0.135376,0.033447,0.997192
0.040283,-0.424561,0.791138
-0.495972,0.198486,0.856201
0.412598,-0.256348,0.983643
-0.479126,-0.084717,0.720459
0.050415,0.156738,1.005249
0.101562,-0.400513,0.807373
-0.543701,0.167847,0.831299
0.426880,-0.231079,0.996094
-0.401489,-0.172241,0.719604
0.013794,0.151489,1.000244
0.163086,-0.410889,0.831787
-0.600098,0.197144,0.799194
0.436646,-0.215698,1.001709
-0.325439,-0.201172,0.744629
-0.043701,0.188354,1.007080
0.214478,-0.408691,0.854492
-0.612793,0.179688,0.789429
0.420776,-0.176270,1.010742
-0.250366,-0.274780,0.725464
-0.098633,0.203125,0.985352
0.259033,-0.376343,0.872070
-0.624268,0.126465,0.744507
0.421997,-0.181030,1.014038
-0.177490,-0.328979,0.727173
-0.168945,0.235229,0.967163
0.352173,-0.328491,0.919678
-0.599731,0.034424,0.731934
0.284668,-0.127197,1.003296
-0.128906,-0.339844,0.742554
-0.359009,0.195679,0.870239
0.386353,-0.306396,0.936035
-0.563232,-0.003174,0.708984
0.203735,-0.022095,0.996094
-0.026001,-0.411377,0.766724
-0.429443,0.197144,0.860718
0.396118,-0.287354,0.957764
-0.532104,-0.060913,0.716431
0.124268,0.036743,0.984741
0.042847,-0.394043,0.786987
-0.505493,0.202637,0.840942
0.412109,-0.220947,0.984131
-0.427734,-0.141846,0.742065
0.039917,0.129883,1.015625
0.123413,-0.410767,0.822754
-0.572876,0.161621,0.807495
0.417236,-0.197510,1.009644
-0.318970,-0.217651,0.725098
-0.046631,0.204224,1.010132
0.220337,-0.375977,0.855225
-0.603027,0.143311,0.789673
0.413818,-0.180054,1.018066
-0.219604,-0.292236,0.737183
-0.137817,0.181641,0.955566
0.292358,-0.351562,0.895874
-0.615723,0.103394,0.744873
0.389893,-0.144775,1.022705
-0.128540,-0.352417,0.742188
-0.223755,0.196899,0.921387
0.350830,-0.342041,0.908325
-0.604370,0.093506,0.736694
0.328247,-0.091187,1.011108
-0.057007,-0.394653,0.752930
-0.314941,0.180298,0.875732
0.382690,-0.300537,0.937744
-0.566528,0.037720,0.713257
0.240479,-0.011597,0.981445
-0.014648,-0.415771,0.756714
-0.377197,0.161499,0.851196
0.435181,-0.290771,0.963501
-0.522705,0.000488,0.731689
0.148438,0.083008,1.000610
0.031982,-0.404419,0.765259
-0.442749,0.134521,0.822144
0.446777,-0.269409,0.990723
-0.451904,-0.096069,0.732910
0.075928,0.161011,1.023926
0.091187,-0.387939,0.780640
-0.519897,0.145020,0.798950
0.479492,-0.281006,1.011108
-0.374146,-0.164062,0.756226
-0.006104,0.181519,0.991577
0.172119,-0.373779,0.827759
-0.559448,0.118042,0.759644
0.467407,-0.244019,1.019165
-0.271851,-0.250122,0.772949
-0.066040,0.208740,1.001953
0.233643,-0.378540,0.849121
-0.595093,0.106934,0.739990
0.455078,-0.234863,1.025513
-0.199463,-0.260376,0.790649
-0.124756,0.184448,0.958496
0.289185,-0.350586,0.885498
-0.571411,0.129150,0.759399
0.420044,-0.174194,1.017700
-0.136963,-0.309448,0.784668
-0.197021,0.158081,0.928467
0.351074,-0.392700,0.917725
-0.573364,0.053955,0.745972
0.379639,-0.098633,1.038940
-0.068970,-0.330933,0.775146
-0.265381,0.206787,0.911865
0.386475,-0.396118,0.927246
-0.535034,-0.054321,0.742432
0.318848,-0.078003,1.015747
-0.029419,-0.372070,0.763062
-0.320679,0.198730,0.874268
0.424316,-0.343384,0.961304
-0.508423,-0.094360,0.738770
0.241211,-0.063110,0.990967
0.029785,-0.434570,0.774170
-0.359253,0.131592,0.831909
0.440796,-0.331299,0.957642
-0.471558,-0.123657,0.751343
0.172607,0.017578,1.003296
0.068359,-0.432251,0.780640
-0.418823,0.096680,0.791626
0.444214,-0.283203,0.986572
-0.429932,-0.130493,0.755615
0.098633,0.049561,1.021851
0.127441,-0.506958,0.795898
-0.482788,0.079102,0.777100
0.467651,-0.255127,1.016846
-0.368042,-0.148438,0.750977
0.007935,0.156128,1.022827
0.242310,-0.463989,0.853394
-0.512817,0.057251,0.765503
0.449463,-0.255249,1.019409
-0.294067,-0.233887,0.756714
-0.057495,0.197754,1.025513
0.290405,-0.426392,0.897827
-0.547119,0.040649,0.765747
0.439453,-0.242920,1.032593
-0.190063,-0.280029,0.785767
-0.128296,0.229370,1.018921
0.343506,-0.409180,0.928833
-0.540527,0.017456,0.773560
0.408081,-0.187988,1.051025
-0.103271,-0.339600,0.793335
-0.173828,0.183960,0.976562
0.382446,-0.384521,0.956177
0.044800,-0.430664,0.821411
-0.253296,0.140015,0.943726
0.448120,-0.366089,0.991577
-0.493408,-0.067871,0.755737
0.276123,-0.068115,1.034180
0.078369,-0.427979,0.835327
-0.308105,0.145142,0.919556
0.465088,-0.292480,1.035767
-0.442139,-0.093750,0.780273
0.217896,-0.006104,1.054932
0.117676,-0.471191,0.847656
-0.369141,0.089722,0.879028
0.510132,-0.286255,1.072510
-0.411011,-0.133911,0.765625
0.164062,0.060425,1.069214
0.197266,-0.457031,0.873901
-0.410522,0.111694,0.880615
0.518311,-0.296265,1.074585
-0.368286,-0.194458,0.778198
0.115234,0.092407,1.062500
0.243652,-0.482788,0.891602
-0.420654,0.057617,0.840454
0.509888,-0.260620,1.080688
-0.320801,-0.212280,0.791260
0.082153,0.112915,1.059326
0.288086,-0.471436,0.916992
-0.440552,0.047974,0.825073
0.527588,-0.231079,1.109497
-0.265991,-0.227539,0.808838
0.020874,0.143433,1.056519
0.332764,-0.462524,0.943604
-0.444336,0.046509,0.824219
0.502197,-0.171753,1.122925
-0.208984,-0.248169,0.836426
-0.030273,0.187500,1.070435
0.387939,-0.447144,0.976807
-0.456055,0.059082,0.840576
0.488647,-0.133179,1.128662
-0.129517,-0.269287,0.865723
-0.082275,0.199829,1.068848
0.411987,-0.407715,0.993530
-0.441895,-0.008301,0.831909
0.476685,-0.110229,1.149658
-0.033081,-0.319702,0.878906
-0.136719,0.225342,1.065674
0.452026,-0.369263,1.032837
-0.461792,-0.033813,0.800903
0.453369,-0.104004,1.146973
0.057129,-0.357788,0.909668
-0.190063,0.245483,1.061523
0.473022,-0.329590,1.051636
-0.439941,-0.081909,0.805542
0.407471,-0.074463,1.161743
0.067017,-0.341675,0.906372
-0.252563,0.249268,1.043091
0.517334,-0.294189,1.090942
-0.401001,-0.132935,0.809204
0.323730,-0.024048,1.127686
0.122925,-0.377808,0.926758
-0.277466,0.182861,0.988403
0.542969,-0.236572,1.134766
-0.376221,-0.150757,0.809937
0.256470,0.027222,1.134766
0.205688,-0.426270,0.952637
-0.332642,0.115845,0.938232
0.550781,-0.225220,1.133301
-0.315918,-0.165527,0.828003
0.165039,0.084229,1.111450
0.281006,-0.471436,0.962158
-0.380859,0.089111,0.903931
0.567261,-0.190796,1.168091
-0.262695,-0.223633,0.831543
0.059448,0.158569,1.089844
0.355835,-0.427124,0.996460
-0.425781,0.061401,0.885864
0.540283,-0.176270,1.163086
-0.175293,-0.267334,0.851440
-0.013428,0.208130,1.093750
0.380737,-0.398804,0.997437
-0.424194,-0.007812,0.858521
0.529175,-0.162354,1.180054
-0.085083,-0.296753,0.880127
-0.093750,0.234619,1.086548
0.434326,-0.363770,1.030640
-0.435425,-0.041748,0.839355
0.488525,-0.132446,1.179688
-0.027344,-0.329346,0.877319
-0.152710,0.241211,1.079834
0.463135,-0.326416,1.050049
-0.450439,-0.054443,0.819702
0.437500,-0.085571,1.181030
0.004517,-0.331787,0.892944
-0.225708,0.214722,1.037476
0.495972,-0.283203,1.089844
-0.443604,-0.106079,0.806763
0.365601,-0.074951,1.156982
0.068359,-0.334473,0.911499
-0.297485,0.213623,0.996094
0.519287,-0.244629,1.109985
-0.400024,-0.145386,0.790039
0.265137,-0.005493,1.141357
0.158936,-0.416870,0.925537
-0.358521,0.145874,0.937134
0.535034,-0.232300,1.111938
-0.355957,-0.157715,0.799561
0.154419,0.078125,1.106567
0.243408,-0.422974,0.947510
-0.424438,0.101196,0.889404
0.518677,-0.193604,1.123169
-0.303223,-0.222168,0.795166
0.052612,0.120728,1.077637
0.300293,-0.414062,0.956665
-0.457275,0.042236,0.859863
0.517334,-0.187256,1.135498
-0.197388,-0.284668,0.800781
-0.054077,0.167603,1.062744
0.339233,-0.387817,0.959229
-0.468140,-0.002686,0.832153
0.498535,-0.179565,1.136597
-0.140015,-0.309937,0.796387
-0.141479,0.199219,1.028076
0.387573,-0.342773,0.986206
-0.496338,-0.052612,0.794189
0.441406,-0.163574,1.129761
-0.102417,-0.330688,0.811279
-0.236938,0.210693,0.996826
0.413208,-0.307617,1.011597
-0.500244,-0.077759,0.777466
0.365723,-0.134033,1.113892
-0.039185,-0.359253,0.837646
-0.316406,0.179810,0.952271
0.430542,-0.283325,1.020874
-0.483032,-0.063477,0.771484
0.284912,-0.077637,1.096802
0.018188,-0.380127,0.842773
-0.384766,0.155273,0.894531
0.458496,-0.246216,1.056030
-0.436523,-0.127930,0.768311
0.162720,0.031616,1.075439
0.107422,-0.419312,0.865112
-0.461060,0.116333,0.860474
0.473267,-0.231934,1.070190
-0.391357,-0.199219,0.750122
0.036743,0.131226,1.050537
0.206665,-0.420288,0.879517
-0.512573,0.078247,0.834106
0.454224,-0.245361,1.046265
-0.277100,-0.271118,0.763306
-0.050903,0.140015,1.003418
0.253052,-0.372437,0.908203
-0.534302,0.008301,0.779297
0.436523,-0.199219,1.080566
-0.218994,-0.345459,0.719238
-0.148926,0.157715,0.980957
0.310669,-0.363281,0.913940
-0.567383,0.013306,0.759399
0.410278,-0.186279,1.066406
-0.169312,-0.369629,0.729126
-0.248901,0.179688,0.961670
0.343018,-0.346069,0.937134
-0.576050,-0.008301,0.746582
0.351562,-0.141724,1.063110
-0.127930,-0.361572,0.768677
-0.331299,0.175293,0.917725
0.380493,-0.316650,0.968140
-0.565918,-0.008179,0.735840
0.271729,-0.073364,1.048584
-0.063354,-0.367676,0.799316
-0.411987,0.156738,0.875610
0.393433,-0.284302,0.992798
-0.519775,-0.078247,0.702881
0.171631,0.027832,1.034058
0.025513,-0.401245,0.802490
-0.481689,0.166870,0.857422
0.422363,-0.286865,0.998901
-0.488770,-0.164917,0.692627
0.075195,0.101074,1.022095
0.098511,-0.404785,0.809937
-0.544312,0.176392,0.843750
0.444824,-0.276733,1.015381
-0.409424,-0.175781,0.746582
-0.008789,0.155273,1.011353
0.147705,-0.393188,0.839111
-0.579590,0.102783,0.788208
0.457153,-0.265015,1.019897
-0.351929,-0.214722,0.722412
-0.083374,0.173096,0.980713
0.222534,-0.386841,0.856689
-0.600830,0.093506,0.770630
0.432129,-0.232422,1.033325
-0.258911,-0.343628,0.700439
-0.147095,0.169800,0.956543
0.265259,-0.365112,0.875732
-0.609497,0.080933,0.753052
0.417603,-0.212280,1.027954
-0.195557,-0.364258,0.722290
-0.207642,0.177490,0.947754
0.284180,-0.319946,0.894653
-0.612427,0.086670,0.741333
0.367920,-0.173218,1.030151
-0.144409,-0.421509,0.720337
-0.255859,0.171631,0.912476
0.332642,-0.312622,0.908203
-0.640869,0.109253,0.716919
0.311035,-0.156616,0.989136
-0.065430,-0.435059,0.754395
-0.330078,0.172119,0.895386
0.355347,-0.278076,0.943726
-0.593384,0.006836,0.686035
0.229248,-0.043457,0.990234
-0.019897,-0.411987,0.773315
-0.411499,0.196045,0.874146
0.389404,-0.266113,0.958862
-0.564575,-0.024292,0.692139
0.154541,0.029053,0.994873
0.026367,-0.401489,0.793335
-0.499023,0.183472,0.842163
0.428589,-0.260986,0.986572
-0.475098,-0.084106,0.726929
0.042725,0.169434,1.014648
0.100952,-0.379761,0.807495
-0.527100,0.164551,0.835205
0.430908,-0.227295,1.009521
-0.392212,-0.153931,0.738770
-0.002808,0.182251,1.001587
0.166992,-0.385864,0.833496
-0.588745,0.151611,0.783569
0.443115,-0.193237,1.028076
-0.279175,-0.263672,0.724487
-0.070068,0.213135,1.001221
0.219238,-0.382812,0.849487
-0.611816,0.162476,0.779663
0.438721,-0.197021,1.013550
-0.220703,-0.293091,0.741943
-0.125977,0.187378,0.968994
0.282227,-0.352173,0.889404
-0.618530,0.123779,0.748901
0.405029,-0.165894,1.007324
-0.164307,-0.318604,0.755249
-0.194336,0.196411,0.937500
0.341675,-0.350586,0.908325
-0.601074,0.111816,0.748535
0.359009,-0.126343,1.012695
-0.103149,-0.365479,0.752686
-0.239868,0.187866,0.915039
0.368408,-0.351318,0.928467
-0.587646,0.067383,0.737793
0.328735,-0.048096,1.020264
-0.064087,-0.375000,0.731567
-0.318726,0.181763,0.869263
0.386841,-0.348633,0.928467
-0.562012,0.007446,0.732300
0.295288,-0.051392,1.009277
-0.023071,-0.412109,0.738770
-0.375610,0.203003,0.843750
0.408325,-0.303223,0.930420
-0.523926,-0.027466,0.718140
0.227417,-0.028076,0.991943
0.023438,-0.411133,0.772705
-0.424438,0.188965,0.822266
0.430664,-0.267212,0.957520
-0.495117,-0.080811,0.718628
0.152466,0.027588,1.005005
0.071411,-0.411011,0.798218
-0.473877,0.188843,0.810303
0.442505,-0.245972,0.974121
-0.431519,-0.139771,0.748413
0.042603,0.091675,0.996826
0.135254,-0.421509,0.814819
-0.510254,0.125732,0.791870
0.445679,-0.197388,1.020752
-0.361328,-0.163086,0.745850
-0.036621,0.156250,0.995728
0.230225,-0.454468,0.844849
-0.557739,0.074341,0.753540
0.437012,-0.170654,1.027100
-0.247314,-0.190430,0.771606
-0.136963,0.210205,0.971924
0.306763,-0.436401,0.878418
-0.566040,0.045410,0.751953
0.409668,-0.169067,1.021118
-0.137939,-0.283447,0.774292
-0.206909,0.218994,0.933960
0.352173,-0.351074,0.921021
-0.561157,0.023438,0.750610
0.362671,-0.151367,1.018921
-0.046509,-0.390015,0.779785
-0.288818,0.199097,0.890015
0.387329,-0.326294,0.932983
-0.520508,-0.054688,0.741333
0.283325,-0.101807,0.998779
0.019287,-0.447876,0.765991
-0.352173,0.169067,0.840698
0.421387,-0.274902,0.961182
-0.498657,-0.083374,0.744263
0.180786,-0.024902,1.004639
0.093872,-0.498535,0.789307
-0.422729,0.114014,0.804688
0.450195,-0.258667,0.983398
-0.441650,-0.064697,0.759766
0.077393,0.073364,1.007080
0.168945,-0.501221,0.810059
-0.507935,0.093994,0.776367
0.452637,-0.228027,1.015991
-0.338745,-0.159546,0.773804
-0.033691,0.164185,1.006592
0.250977,-0.474487,0.861084
-0.541870,0.019775,0.734619
0.442627,-0.239624,1.014648
-0.225098,-0.248047,0.782959
-0.124268,0.227295,0.998169
0.314331,-0.384399,0.909668
-0.547485,0.016846,0.754272
0.401245,-0.202148,1.028320
-0.103516,-0.331909,0.796753
-0.192261,0.190308,0.955200
0.372192,-0.384155,0.932983
-0.541504,-0.026611,0.740234
0.354126,-0.151245,1.018921
-0.000244,-0.422852,0.794067
-0.276367,0.180054,0.904907
0.410034,-0.365479,0.960083
-0.490723,-0.079468,0.754883
0.270020,-0.073730,1.015747
0.056763,-0.450562,0.794556
-0.332275,0.131714,0.869507
0.455200,-0.338135,0.986450
-0.472412,-0.115356,0.741089
0.185669,-0.003052,1.017822
0.110474,-0.465088,0.807129
-0.393188,0.094604,0.838867
0.465332,-0.277100,1.018188
-0.409302,-0.158325,0.742554
0.083862,0.068726,1.027222
0.199097,-0.496094,0.848877
-0.444336,0.036377,0.805054
0.490112,-0.270508,1.046143
-0.331055,-0.203247,0.766357
-0.015747,0.175171,1.031006
0.287109,-0.434326,0.908813
-0.490601,0.015137,0.776245
0.459351,-0.224854,1.060791
-0.224365,-0.283813,0.791138
-0.087158,0.213257,1.030518
0.339478,-0.430420,0.928711
-0.508667,0.012451,0.776489
0.443359,-0.187134,1.071533
-0.115967,-0.315063,0.819946
-0.138062,0.221313,1.023071
0.382202,-0.385132,0.966187
-0.510620,-0.028198,0.771729
0.407227,-0.174316,1.076050
-0.024414,-0.412476,0.820068
-0.186157,0.161743,0.975464
0.437744,-0.356689,1.011230
-0.504028,-0.022705,0.768921
0.341797,-0.103271,1.063599
0.066650,-0.467651,0.833496
-0.250244,0.136475,0.957275
0.480591,-0.330200,1.043457
-0.462158,-0.071167,0.767578
0.266113,-0.040283,1.064697
0.105957,-0.424927,0.871948
-0.306763,0.110107,0.944092
0.505005,-0.298096,1.072632
-0.407471,-0.137085,0.789673
0.205566,0.061768,1.084351
0.179810,-0.420654,0.909302
-0.390991,0.089478,0.884399
0.537354,-0.295166,1.098022
-0.353271,-0.201172,0.779053
0.137329,0.107178,1.094727
0.253906,-0.435669,0.922974
-0.430664,0.100342,0.846680
0.525879,-0.267456,1.089478
-0.277222,-0.250732,0.823120
0.053101,0.125977,1.069214
0.313965,-0.427856,0.960205
-0.433472,0.040771,0.817627
0.514038,-0.182739,1.119141
-0.200439,-0.228271,0.845093
-0.011108,0.187134,1.074707
0.373657,-0.431885,0.983765
-0.457031,0.003662,0.827393
0.494507,-0.143799,1.140259
-0.113647,-0.263062,0.863403
-0.094849,0.216309,1.058350
0.437256,-0.374878,1.026733
-0.451294,-0.028564,0.821045
0.449219,-0.110840,1.150635
0.008179,-0.363892,0.874634
-0.143799,0.219116,1.061890
0.458740,-0.342285,1.040283
-0.461182,-0.040771,0.816650
0.407959,-0.080322,1.148193
0.046631,-0.380981,0.882935
-0.188477,0.211914,1.048340
0.497559,-0.300659,1.072998
-0.436157,-0.056152,0.818726
0.366943,-0.044312,1.135620
0.088013,-0.417480,0.904053
-0.259644,0.152588,1.011230
0.536865,-0.267822,1.127930
-0.415894,-0.091675,0.804932
0.292725,0.038696,1.143677
0.173218,-0.399292,0.943481
-0.313721,0.156006,0.985718
0.563110,-0.268921,1.153931
-0.376709,-0.172119,0.805786
0.215088,0.101074,1.134521
0.254150,-0.416382,0.957642
-0.364868,0.113525,0.920654
0.555542,-0.244141,1.137329
-0.310303,-0.210327,0.822388
0.162598,0.109863,1.114136
0.278076,-0.385498,0.970947
-0.393433,0.088989,0.887329
0.572144,-0.235962,1.149048
-0.255981,-0.239136,0.839844
0.068726,0.151489,1.098145
0.339233,-0.419189,0.979248
-0.423218,0.065308,0.876221
0.550537,-0.183594,1.175781
-0.186157,-0.278320,0.854248
-0.010376,0.168701,1.093628
0.387573,-0.383789,1.004150
-0.436890,0.030884,0.857666
0.522705,-0.148315,1.175293
-0.080078,-0.319458,0.882935
-0.070435,0.178955,1.081177
0.420166,-0.362305,1.023926
-0.451172,-0.006836,0.837646
0.482178,-0.101074,1.183838
-0.013672,-0.347290,0.879395
-0.155518,0.213745,1.062134
0.462646,-0.323608,1.062012
-0.442993,-0.056641,0.825562
0.432739,-0.062012,1.177368
0.016602,-0.319702,0.887573
-0.235474,0.211304,1.039551
0.505127,-0.289551,1.094116
-0.435791,-0.119019,0.798584
0.351318,-0.047974,1.154907
0.104614,-0.348267,0.921631
-0.315674,0.217529,0.990967
0.527222,-0.251587,1.114258
-0.371948,-0.174927,0.816284
0.243530,-0.004150,1.126343
0.189819,-0.386963,0.945068
-0.386963,0.134644,0.901367
0.541260,-0.231445,1.114746
-0.293457,-0.226440,0.820801
0.120361,0.111816,1.116455
0.271240,-0.403809,0.948486
-0.426880,0.079712,0.875244
0.535889,-0.192749,1.145630
-0.247803,-0.258179,0.818359
0.016357,0.145752,1.089233
0.343384,-0.408447,0.960693
-0.456787,0.024170,0.841797
0.497314,-0.135986,1.151123
-0.120972,-0.314697,0.827515
-0.091675,0.184692,1.059937
0.382568,-0.364624,0.987427
-0.494141,-0.013428,0.815918
0.452515,-0.154419,1.148926
-0.097900,-0.365112,0.816162
-0.160400,0.188843,1.048096
0.425415,-0.311401,1.018555
-0.497070,-0.017456,0.796143
0.382202,-0.097046,1.135498
0.007568,-0.392334,0.861206
-0.284058,0.187378,0.988159
0.467285,-0.287476,1.067383
-0.481567,-0.049805,0.776001
0.305298,-0.050781,1.114990
0.064575,-0.375244,0.883667
-0.367065,0.152466,0.930542
0.487915,-0.271362,1.075195
-0.409912,-0.153687,0.768921
0.189087,0.047729,1.096191
0.139282,-0.400635,0.892944
-0.442017,0.115601,0.887451
0.503418,-0.266724,1.082153
-0.368896,-0.207764,0.763916
0.093628,0.119019,1.072510
0.208130,-0.411377,0.893799
-0.488281,0.105469,0.859863
0.491211,-0.250610,1.079346
-0.289917,-0.280762,0.782471
-0.001587,0.118896,1.043823
0.257812,-0.386108,0.914673
-0.500732,0.039429,0.813843
0.466187,-0.213989,1.082397
-0.214600,-0.336060,0.767334
-0.088257,0.127075,1.007202
0.306885,-0.359375,0.939575
-0.521973,0.038086,0.802246
0.448120,-0.208130,1.085938
-0.183228,-0.382568,0.754639
-0.192261,0.126953,0.970581
0.355469,-0.354492,0.960815
-0.538574,0.004517,0.754761
0.390503,-0.124634,1.087769
-0.129883,-0.348999,0.792358
-0.271606,0.156982,0.964600
0.381470,-0.342407,0.971436
-0.544312,-0.040894,0.742920
0.345337,-0.100952,1.076660
-0.098877,-0.332031,0.794189
-0.354004,0.182129,0.932007
0.417236,-0.354492,0.987671
-0.514648,-0.104736,0.734009
0.256592,-0.041138,1.067383
-0.042725,-0.364136,0.799194
-0.431030,0.195068,0.879639
0.428223,-0.305298,1.007324
-0.473267,-0.156982,0.739380
0.163574,0.003662,1.059814
0.048218,-0.408691,0.817871
-0.494019,0.184814,0.852539
0.440552,-0.249878,1.018921
-0.430664,-0.178467,0.745361
0.059326,0.093140,1.055298
0.150024,-0.458618,0.842651
-0.554932,0.123291,0.820801
0.431885,-0.228149,1.023315
-0.338501,-0.234497,0.727295
-0.036743,0.115723,1.003418
0.233887,-0.389282,0.887817
-0.571411,0.079834,0.782593
0.410522,-0.207153,1.022705
-0.259521,-0.330933,0.709717
-0.145508,0.150146,0.968384
0.285034,-0.373657,0.906738
-0.572388,0.036865,0.752686
0.395630,-0.138184,1.058716
-0.217773,-0.339355,0.703125
-0.244507,0.167847,0.937988
0.343384,-0.366333,0.929443
-0.576538,-0.005615,0.748779
0.340576,-0.117188,1.051514
-0.163696,-0.375977,0.719849
-0.332153,0.191040,0.896362
0.377686,-0.370361,0.942993
-0.563965,0.000000,0.754150
0.280273,-0.091919,1.035522
-0.120361,-0.366577,0.734131
-0.402222,0.194336,0.867676
0.394897,-0.322510,0.957886
-0.541382,-0.081909,0.720215
0.197144,-0.035767,1.029663
-0.034546,-0.412354,0.772339
-0.467896,0.201416,0.854492
0.405762,-0.272339,0.970947
-0.522949,-0.098633,0.708618
0.110107,0.027832,1.017822
0.064575,-0.445557,0.805908
-0.547607,0.208496,0.827759
0.416992,-0.220337,0.991943
-0.418335,-0.145752,0.739014
0.009521,0.112671,1.007202
0.161621,-0.434082,0.838623
-0.580566,0.142822,0.782593
0.413696,-0.188232,1.017944
-0.326172,-0.207642,0.720215
-0.073608,0.190796,0.999634
0.241333,-0.389771,0.874756
-0.600220,0.079590,0.772705
0.404785,-0.178223,1.031128
-0.248535,-0.303711,0.704346
-0.191162,0.215454,0.958740
0.314087,-0.362671,0.902588
-0.596680,0.058350,0.742065
0.369263,-0.145508,1.025635
-0.168945,-0.366089,0.717285
-0.279297,0.207031,0.906128
0.354370,-0.365967,0.910156
-0.593628,0.044312,0.735352
0.310059,-0.088745,1.012573
-0.107422,-0.399902,0.721558
-0.357056,0.201050,0.869873
0.389038,-0.331787,0.937744
-0.573120,-0.018066,0.712891
0.213257,-0.039429,0.994751
0.063843,-0.431763,0.810059
-0.536987,0.182251,0.839600
0.425415,-0.240356,1.001343
-0.523071,-0.080566,0.713013
0.014282,0.122803,1.016235
0.159790,-0.428467,0.842651
-0.578491,0.128784,0.797607
0.413086,-0.188965,1.017578
-0.322754,-0.250366,0.712524
-0.071899,0.164429,1.003418
0.239868,-0.413696,0.869995
-0.610229,0.098022,0.772217
0.394653,-0.173462,1.018188
-0.239868,-0.330444,0.706787
-0.180908,0.182007,0.960449
0.302612,-0.383301,0.895264
-0.613770,0.076416,0.745605
0.367554,-0.177002,1.017090
-0.155029,-0.358398,0.723633
-0.281006,0.188232,0.910889
0.346558,-0.327148,0.919678
-0.593018,0.020142,0.719238
0.302002,-0.112671,1.001831
-0.094849,-0.403687,0.729736
-0.380615,0.197388,0.866699
0.387573,-0.288330,0.950928
-0.571045,-0.029175,0.704224
0.196411,-0.029297,0.998657
-0.034302,-0.414673,0.771362
-0.450562,0.176392,0.853882
0.415405,-0.261353,0.981323
-0.517700,-0.054077,0.719238
0.075073,0.092163,1.004639
0.073364,-0.379883,0.818359
-0.533569,0.155029,0.817139
0.426025,-0.231812,1.010498
-0.368408,-0.175781,0.723877
-0.004028,0.195435,1.005371
0.163452,-0.345825,0.838379
-0.601440,0.121460,0.767578
0.439331,-0.223877,1.024780
-0.278076,-0.294312,0.707275
-0.069092,0.183472,0.975830
0.231812,-0.356934,0.852051
-0.632935,0.159424,0.749146
0.421631,-0.219238,0.996826
-0.188477,-0.356323,0.724976
-0.173462,0.159790,0.927368
0.304932,-0.361084,0.891235
-0.617310,0.132446,0.747559
0.378906,-0.106934,1.027832
-0.145508,-0.350464,0.728149
-0.243896,0.159058,0.897705
0.353638,-0.342651,0.918457
-0.589844,0.073242,0.736084
0.326904,-0.069336,1.018311
-0.100464,-0.371826,0.725952
-0.315918,0.189453,0.878418
0.406006,-0.341431,0.943726
-0.571167,0.036377,0.729126
0.269653,-0.015503,1.017578
-0.043701,-0.393677,0.749756
-0.387207,0.186279,0.844482
0.402100,-0.303345,0.943359
-0.538574,-0.006836,0.721802
0.230469,-0.009888,1.006592
-0.010498,-0.401978,0.760742
-0.450195,0.204224,0.814941
0.420776,-0.260376,0.963135
-0.492676,-0.058838,0.722412
0.163208,0.022583,1.013550
0.052979,-0.407593,0.781982
-0.497314,0.217041,0.822754
0.429321,-0.242920,0.963257
-0.460938,-0.092529,0.739868
0.097046,0.063965,1.014038
0.116089,-0.435913,0.816895
-0.541138,0.187256,0.795044
0.436279,-0.195190,0.996582
-0.379883,-0.125732,0.746948
0.009155,0.149048,1.010864
0.177124,-0.428467,0.831665
-0.558350,0.137817,0.784058
0.434082,-0.178101,1.013306
-0.292236,-0.193726,0.746826
-0.072144,0.192871,0.983887
0.262817,-0.415405,0.872070
-0.578735,0.117920,0.772461
0.407227,-0.149902,1.018677
-0.198364,-0.256836,0.758911
-0.129028,0.184082,0.957275
0.296265,-0.372925,0.901978
-0.590210,0.086670,0.752808
0.411621,-0.130859,1.028198
-0.107056,-0.330688,0.753784
-0.220459,0.186157,0.915527
0.340576,-0.356323,0.907471
-0.576782,0.042236,0.750610
0.363770,-0.117554,1.026855
-0.061523,-0.376831,0.767334
-0.287109,0.187622,0.872559
0.383545,-0.310913,0.938232
-0.549683,-0.003418,0.734985
0.284058,-0.083618,0.997681
0.002441,-0.440063,0.760376
-0.361816,0.145996,0.834229
0.421021,-0.288086,0.958008
-0.510132,-0.046509,0.729858
0.181396,0.030273,1.008789
0.068237,-0.440186,0.793335
-0.424316,0.118164,0.812378
0.434692,-0.257812,0.976929
-0.453491,-0.074707,0.736206
0.085449,0.131104,1.020508
0.129272,-0.447998,0.796143
-0.505737,0.115234,0.790405
0.459229,-0.258179,1.003296
-0.394653,-0.153931,0.735596
-0.003052,0.175171,1.014526
0.222656,-0.413086,0.853638
-0.556030,0.093018,0.750122
0.438599,-0.239990,1.011475
-0.251587,-0.234985,0.784058
-0.091553,0.200928,0.990601
0.280273,-0.401367,0.882202
-0.564575,0.072998,0.747681
0.410767,-0.169556,1.018555
-0.135254,-0.295044,0.784546
-0.181763,0.186768,0.956055
0.345703,-0.418579,0.909912
-0.561035,0.049805,0.767212
0.367188,-0.127197,1.019775
-0.030151,-0.381470,0.784058
-0.283691,0.199585,0.905273
0.390259,-0.374023,0.929321
-0.528809,-0.040039,0.745117
0.293945,-0.094727,1.005127
0.013672,-0.441650,0.769409
-0.345215,0.178833,0.867432
0.429199,-0.318970,0.969604
-0.497803,-0.105469,0.727661
0.196289,-0.046265,0.994385
0.078979,-0.476807,0.780029
-0.405151,0.112427,0.807983
0.460327,-0.279297,0.980591
-0.437134,-0.090210,0.753540
0.084717,0.098022,1.014771
0.148193,-0.433716,0.825562
-0.475830,0.052002,0.780029
0.454834,-0.286011,1.009277
-0.361450,-0.203003,0.743896
0.016357,0.172607,1.028198
0.222168,-0.397339,0.863647
-0.520386,0.059448,0.759888
0.457886,-0.284790,1.006836
-0.266602,-0.243042,0.800415
-0.077271,0.136719,0.996704
0.285645,-0.451660,0.889404
-0.534668,0.025513,0.741577
0.423340,-0.182617,1.031128
-0.165771,-0.240601,0.808228
-0.151855,0.197632,0.976440
0.340454,-0.427246,0.918457
-0.532837,-0.002075,0.762817
0.398193,-0.161499,1.043091
-0.081909,-0.335693,0.796997
-0.210693,0.191406,0.957275
0.394287,-0.416138,0.949829
-0.538940,-0.052124,0.742920
0.338379,-0.118652,1.031372
0.008789,-0.407471,0.797852
-0.273926,0.190918,0.935181
0.428955,-0.365356,0.971191
-0.495117,-0.091309,0.754028
0.280640,-0.089966,1.021362
0.056030,-0.422363,0.807373
-0.308960,0.131104,0.885620
0.455811,-0.329956,1.001221
-0.469360,-0.110352,0.757324
0.197754,-0.057861,1.008911
0.105225,-0.502075,0.798340
-0.370117,0.090210,0.844482
0.483643,-0.263550,1.037842
-0.411865,-0.090820,0.781128
0.117432,0.042114,1.023682
0.173340,-0.489624,0.843872
-0.444092,0.049805,0.809692
0.504883,-0.280029,1.056519
-0.343628,-0.174805,0.777588
0.035400,0.156616,1.052734
0.255615,-0.438965,0.888428
-0.493408,0.024292,0.781738
0.498779,-0.292603,1.054810
-0.283691,-0.237915,0.784668
-0.017334,0.202759,1.048584
0.302979,-0.416748,0.916870
-0.498047,0.023315,0.796509
0.483765,-0.300659,1.050049
-0.225220,-0.279297,0.808105
-0.060303,0.186035,1.042725
0.338867,-0.419434,0.931885
-0.502075,0.026245,0.798340
0.466431,-0.226685,1.079468
-0.166260,-0.284912,0.826660
-0.093384,0.188110,1.037964
0.369019,-0.413086,0.957886
-0.497192,0.003296,0.786255
0.457886,-0.177246,1.088501
-0.119385,-0.283813,0.845825
-0.128052,0.194336,1.021362
0.408569,-0.412842,0.983032
-0.486694,-0.021851,0.793213
0.430908,-0.132202,1.104980
-0.044312,-0.325684,0.849731
-0.156738,0.215210,1.022583
0.419678,-0.389282,0.990601
-0.478394,-0.041504,0.799194
0.430420,-0.137939,1.109619
0.013428,-0.349609,0.862183
-0.210205,0.224609,1.009399
0.464355,-0.365479,1.015869
-0.452271,-0.089478,0.785889
0.374756,-0.089233,1.106323
0.055786,-0.386353,0.874268
-0.245972,0.208008,0.994629
0.481567,-0.338135,1.037109
-0.431030,-0.117188,0.793945
0.346069,-0.078613,1.096680
0.077393,-0.376587,0.879883
-0.273438,0.191162,0.983887
0.506836,-0.298706,1.073853
-0.409424,-0.132202,0.796875
0.297607,-0.031006,1.098999
0.109009,-0.407715,0.885376
-0.304443,0.147583,0.951782
0.524780,-0.255127,1.108887
-0.380615,-0.156860,0.802124
0.230469,0.024536,1.094604
0.179321,-0.427856,0.911743
-0.337646,0.119019,0.924561
0.539917,-0.255615,1.115967
-0.373657,-0.169678,0.791748
0.187378,0.055664,1.099365
0.250854,-0.443237,0.946777
-0.379150,0.102051,0.902832
0.543701,-0.248047,1.114746
-0.319580,-0.193237,0.817505
0.138550,0.109253,1.095093
0.291870,-0.440186,0.957764
-0.406738,0.065674,0.873657
0.551270,-0.211060,1.143188
-0.255859,-0.225464,0.828857
0.068359,0.151245,1.090820
0.341675,-0.422607,0.976562
-0.428589,0.050049,0.845215
0.528076,-0.189087,1.145264
-0.200073,-0.244995,0.856567
0.002930,0.178467,1.080078
0.393921,-0.413208,1.004028
-0.449707,0.034180,0.844482
0.518188,-0.145264,1.164185
-0.122437,-0.284302,0.874268
-0.045654,0.188843,1.083496
0.414795,-0.369385,1.027588
-0.445068,0.002075,0.844604
0.494995,-0.112549,1.171875
-0.025879,-0.327026,0.895752
-0.106812,0.199829,1.071045
0.452271,-0.359619,1.046021
-0.428711,-0.045654,0.837402
0.451416,-0.059204,1.171021
0.021729,-0.327637,0.892456
-0.163086,0.207397,1.058594
0.493896,-0.331909,1.080811
-0.443970,-0.067505,0.825928
0.417603,-0.056641,1.169434
0.052734,-0.328369,0.911499
-0.255981,0.217651,1.036377
0.530151,-0.279419,1.122925
-0.397705,-0.151855,0.812378
0.336426,-0.004272,1.167969
0.134521,-0.380005,0.933594
-0.304321,0.205933,1.002319
0.555786,-0.262695,1.135742
-0.358398,-0.166992,0.819946
0.229126,0.053833,1.139648
0.232178,-0.431885,0.952881
-0.352661,0.114746,0.922852
0.558716,-0.217285,1.142822
-0.291138,-0.205200,0.834106
0.125977,0.125366,1.118164
0.309082,-0.428833,0.974731
-0.428833,0.080566,0.885010
0.552124,-0.175903,1.166748
-0.217407,-0.233276,0.852783
0.036133,0.156006,1.100586
0.375122,-0.406372,1.005981
-0.440308,0.048706,0.866943
0.525269,-0.125977,1.165039
-0.132202,-0.266113,0.853394
-0.049438,0.197876,1.102661
0.434937,-0.419067,1.023193
-0.451904,-0.005859,0.858032
0.486084,-0.093140,1.163818
-0.043091,-0.295532,0.864624
-0.148438,0.213867,1.064819
0.464111,-0.337524,1.054688
-0.435547,-0.091797,0.838623
0.433350,-0.070435,1.181274
-0.005127,-0.351929,0.873169
-0.238892,0.218872,1.025269
0.502930,-0.288940,1.095093
-0.428711,-0.100342,0.815918
0.357300,-0.029297,1.165039
0.089478,-0.370605,0.897583
-0.311768,0.199341,0.989014
0.526367,-0.278931,1.100586
-0.392334,-0.154419,0.802734
0.262207,0.012085,1.144043
0.183716,-0.395752,0.938599
-0.370117,0.146362,0.925049
0.536743,-0.239746,1.122070
-0.335815,-0.199463,0.805542
0.151367,0.066162,1.108398
0.255249,-0.415527,0.949707
-0.421143,0.105957,0.888794
0.533203,-0.192749,1.138184
-0.275146,-0.237183,0.811035
0.044067,0.137085,1.087158
0.303955,-0.399414,0.967651
-0.445923,0.049194,0.866089
0.536621,-0.198730,1.147217
-0.161743,-0.296509,0.831055
-0.057861,0.149292,1.044067
0.348511,-0.349487,0.989258
-0.453369,-0.010742,0.834595
0.512573,-0.179199,1.156372
-0.110718,-0.324585,0.822876
-0.130493,0.171265,1.032959
0.397339,-0.334473,1.007446
-0.495483,-0.039185,0.795288
0.448608,-0.142090,1.145874
-0.055054,-0.359741,0.841553
-0.215576,0.194702,1.026001
0.428833,-0.317871,1.023804
-0.501099,-0.026367,0.788330
0.376099,-0.102173,1.133423
0.005493,-0.380493,0.849365
-0.293213,0.182373,0.985107
0.472290,-0.277222,1.061035
-0.479370,-0.058472,0.769287
0.279419,-0.034058,1.116821
0.078247,-0.400391,0.865479
-0.360596,0.158325,0.937866
0.491821,-0.251465,1.087524
-0.408691,-0.150879,0.773193
0.166138,0.054199,1.083496
0.150879,-0.393677,0.901855
-0.434082,0.105225,0.888550
0.510620,-0.257202,1.092651
-0.353882,-0.211426,0.773926
0.056396,0.123657,1.062500
0.224365,-0.399780,0.900879
-0.494019,0.063721,0.837891
0.508301,-0.252686,1.094116
-0.211182,-0.300659,0.794067
-0.039673,0.151489,1.044312
0.263916,-0.363037,0.910522
-0.517944,0.017334,0.785400
0.478516,-0.212036,1.088379
-0.159058,-0.344360,0.783081
-0.128784,0.137817,1.005005
0.331665,-0.352417,0.934082
-0.539307,0.009155,0.777710
0.436523,-0.202393,1.086548
-0.123047,-0.339111,0.791504
-0.237183,0.186035,0.991211
0.395020,-0.322510,1.000122
-0.552734,-0.021973,0.760010
0.350952,-0.122681,1.084717
-0.072998,-0.368042,0.789917
-0.320190,0.165283,0.939575
0.430420,-0.285522,1.023804
-0.505981,-0.092529,0.733398
0.245117,-0.023071,1.078735
0.012085,-0.391479,0.824829
-0.416138,0.152222,0.898560
0.462402,-0.282959,1.055542
-0.457153,-0.169067,0.735596
0.120483,0.060181,1.052979
0.118408,-0.414307,0.857300
-0.483643,0.126099,0.853516
0.463013,-0.225586,1.068237
-0.357910,-0.211182,0.769775
0.018677,0.124146,1.044189
0.190063,-0.397217,0.874268
-0.534180,0.073730,0.815186
0.452515,-0.237915,1.053467
-0.272705,-0.294800,0.751953
-0.075195,0.134277,1.001099
0.260986,-0.392944,0.898315
-0.558350,0.039062,0.773682
0.432739,-0.196167,1.065430
-0.218872,-0.346558,0.719604
-0.146973,0.160889,1.000610
0.311523,-0.361816,0.918091
-0.582275,0.033569,0.758667
0.402954,-0.204834,1.040039
-0.171631,-0.351440,0.749512
-0.251099,0.152222,0.941772
0.359619,-0.350830,0.952637
-0.576172,0.039429,0.756226
0.333496,-0.127441,1.038452
-0.132935,-0.322998,0.780151
-0.333008,0.138184,0.901245
0.400024,-0.333374,0.978027
-0.555176,-0.031982,0.721558
0.250122,-0.055908,1.041870
-0.070190,-0.368530,0.789551
-0.405396,0.167114,0.880493
0.410278,-0.305786,0.988281
-0.524414,-0.054932,0.718018
0.185913,0.005615,1.038940
-0.004028,-0.400391,0.801514
-0.482788,0.178955,0.856445
0.419922,-0.286865,0.995850
-0.488525,-0.106812,0.735107
0.099487,0.070557,1.026245
0.067139,-0.396118,0.830078
-0.532227,0.147217,0.826538
0.429932,-0.292969,0.996338
-0.441650,-0.174194,0.717285
0.033813,0.119873,1.022461
0.140625,-0.399292,0.836182
-0.564941,0.127197,0.805054
0.437744,-0.259033,1.007080
-0.351807,-0.235474,0.720093
-0.046509,0.182373,1.007812
0.214600,-0.411865,0.860107
-0.586548,0.096802,0.780640
0.414429,-0.219116,1.018066
-0.278442,-0.287720,0.723145
-0.115479,0.165894,0.965820
0.259277,-0.375977,0.883789
-0.591064,0.057251,0.755615
0.403931,-0.193726,1.032715
-0.226196,-0.348755,0.701416
-0.197144,0.181274,0.956299
0.313599,-0.364258,0.900635
-0.616333,0.075439,0.753418
0.372925,-0.179443,1.019775
-0.181030,-0.382935,0.716431
-0.266602,0.160034,0.909424
0.341797,-0.343994,0.925537
-0.598877,0.039917,0.733643
0.329712,-0.121338,1.021484
-0.129395,-0.363403,0.737549
-0.350098,0.172241,0.883301
0.372437,-0.345947,0.935669
-0.577393,-0.015991,0.714233
0.263550,-0.063843,1.026978
-0.069458,-0.393433,0.745850
-0.437744,0.234741,0.869263
0.389526,-0.298950,0.955811
-0.538574,-0.084106,0.705322
0.191284,-0.025024,1.009277
-0.007080,-0.396606,0.779663
-0.512451,0.244507,0.845581
0.414185,-0.290405,0.963867
-0.483398,-0.134888,0.719482
0.093262,0.025024,1.004639
0.072754,-0.401489,0.808960
-0.561768,0.217651,0.824585
0.430054,-0.237915,0.988403
-0.375732,-0.174194,0.744873
-0.005737,0.112915,0.989136
0.174072,-0.421265,0.842896
-0.595093,0.166748,0.773315
0.406494,-0.163818,1.008179
-0.281250,-0.247437,0.723145
-0.091309,0.151245,0.977051
0.255371,-0.403198,0.870361
-0.607788,0.104736,0.757568
0.388062,-0.143799,1.022095
-0.207520,-0.321655,0.711426
-0.209717,0.193604,0.936279
0.328003,-0.370483,0.913696
-0.603638,0.057007,0.740112
0.334839,-0.110718,1.018921
-0.136353,-0.378174,0.706909
-0.314819,0.218750,0.895630
0.390015,-0.339966,0.934570
-0.569824,0.018921,0.727661
0.247070,-0.035156,1.010742
-0.055176,-0.411987,0.745239
-0.407715,0.197998,0.848389
0.399414,-0.272705,0.956665
-0.536987,-0.040039,0.704346
0.161621,0.031372,1.010010
0.037354,-0.407959,0.793335
-0.515869,0.212036,0.836426
0.415283,-0.231934,0.984375
-0.435669,-0.118530,0.729004
0.039917,0.157349,1.031616
0.129639,-0.395630,0.838379
-0.563721,0.150024,0.801025
0.422241,-0.202881,1.008179
-0.310059,-0.199585,0.741089
-0.061646,0.204468,0.996582
0.230713,-0.370361,0.867554
-0.599609,0.115479,0.767456
0.417236,-0.168457,1.032227
-0.193359,-0.312866,0.741211
-0.174561,0.210327,0.945557
0.304932,-0.344604,0.887451
-0.608643,0.082397,0.741699
0.381104,-0.145630,1.024902
-0.105225,-0.372070,0.743286
-0.273438,0.191162,0.889771
0.359985,-0.311646,0.926514
-0.581055,0.052124,0.729614
0.290283,-0.069458,1.000610
-0.037598,-0.426270,0.750122
-0.357178,0.195435,0.876221
0.392578,-0.278931,0.944092
-0.539795,-0.004883,0.724243
0.187134,0.007446,0.994873
0.018799,-0.410400,0.769775
-0.462280,0.202759,0.842529
0.435913,-0.264404,0.969604
-0.463745,-0.053955,0.750977
0.075928,0.112793,1.000854
0.096802,-0.414062,0.804565
-0.523560,0.159546,0.815308
0.434937,-0.210571,0.993164
-0.373291,-0.128662,0.760742
-0.008301,0.163452,1.000244
0.189331,-0.396606,0.845337
-0.569214,0.126953,0.772583
0.432251,-0.159058,1.024414
-0.255005,-0.236938,0.739258
-0.107178,0.196899,0.971924
0.281616,-0.383301,0.892456
-0.595947,0.097656,0.750000
0.406250,-0.151978,1.022949
-0.144531,-0.326538,0.748291
-0.212280,0.210571,0.926147
0.348877,-0.373047,0.913330
-0.576660,0.059082,0.749512
0.353149,-0.098999,1.020508
-0.080688,-0.380493,0.729858
-0.283325,0.215332,0.893311
0.399414,-0.311401,0.939697
-0.558716,0.008545,0.737427
0.255493,-0.076538,0.980225
-0.004028,-0.432251,0.757324
-0.365479,0.156372,0.839600
0.405884,-0.241455,0.967163
-0.507324,-0.051636,0.730225
0.159546,0.014771,0.991821
0.065918,-0.440918,0.790527
-0.470581,0.160522,0.811890
0.437256,-0.220825,0.982910
-0.421265,-0.097656,0.749268
0.046387,0.141846,1.003052
0.145996,-0.404907,0.821167
-0.544434,0.110596,0.779297
0.441650,-0.208252,1.009644
-0.312134,-0.207275,0.743896
-0.050659,0.195679,0.994385
0.239136,-0.389404,0.862671
-0.589722,0.089844,0.748779
0.430298,-0.215210,1.018799
-0.178589,-0.322632,0.760010
-0.130981,0.177002,0.950317
0.299683,-0.315918,0.912231
-0.599365,0.093872,0.745605
0.391968,-0.177002,1.014648
-0.066406,-0.379150,0.782837
-0.224609,0.186523,0.916260
0.348633,-0.300659,0.916382
-0.555298,0.083984,0.747192
0.319702,-0.086548,1.002075
-0.019287,-0.399048,0.771606
-0.315674,0.155029,0.872192
0.403687,-0.320801,0.944824
-0.536499,-0.002808,0.737183
0.226562,-0.008179,0.988770
0.042358,-0.436646,0.758301
-0.396606,0.141846,0.821777
0.433594,-0.302368,0.968384
-0.485840,-0.097656,0.739380
0.136597,0.039185,0.995483
0.097900,-0.432983,0.786011
-0.470459,0.135498,0.787476
0.437866,-0.260742,0.976196
-0.407104,-0.122559,0.767944
0.053101,0.088257,1.002075
0.177002,-0.436646,0.829712
-0.540527,0.118286,0.764526
0.441528,-0.201416,1.012695
-0.296631,-0.170776,0.780884
-0.064209,0.175537,0.987671
0.255249,-0.438232,0.871460
-0.558228,0.016724,0.729736
0.433838,-0.205688,1.029907
-0.190918,-0.283081,0.759521
-0.155518,0.221802,0.974731
0.329468,-0.379761,0.909424
-0.562012,0.030151,0.754028
0.380249,-0.170410,1.023071
-0.082642,-0.369019,0.777466
-0.238159,0.174561,0.906494
0.381592,-0.337280,0.938843
-0.544800,0.002686,0.758301
0.309448,-0.113770,1.005371
0.016113,-0.451538,0.767090
-0.317261,0.136475,0.854492
0.417603,-0.317871,0.957764
-0.514282,-0.067993,0.734741
0.211182,-0.052612,0.998291
0.084961,-0.470581,0.783813
-0.415771,0.140869,0.818481
0.437866,-0.288696,0.978027
-0.443237,-0.125610,0.748413
0.105103,0.052612,1.006104
0.126587,-0.469604,0.807861
-0.484985,0.095459,0.793213
0.452637,-0.273682,1.002075
-0.361328,-0.193604,0.762573
0.003540,0.155396,1.016968
0.221558,-0.459473,0.849976
-0.514771,0.031616,0.748291
0.461426,-0.238892,1.030151
-0.276855,-0.239746,0.766724
-0.096924,0.197266,1.002441
0.291016,-0.446411,0.882202
-0.527710,0.016602,0.749023
0.420288,-0.205688,1.034912
-0.159668,-0.293823,0.787720
-0.170898,0.194214,0.965088
0.348633,-0.416382,0.919189
-0.547363,-0.015137,0.749756
0.381836,-0.152222,1.053101
-0.045410,-0.374512,0.795898
-0.252075,0.221802,0.947388
0.383545,-0.377319,0.946167
-0.531494,-0.065308,0.742188
0.323730,-0.130127,1.023804
0.033813,-0.450684,0.794556
-0.302368,0.192993,0.905518
0.422729,-0.328003,0.961304
-0.483521,-0.072021,0.764282
0.242554,-0.090820,1.002563
0.073853,-0.469727,0.791016
-0.355347,0.114990,0.838501
0.461792,-0.285156,1.009521
-0.457397,-0.114868,0.749146
0.130249,0.021484,1.015625
0.142822,-0.509521,0.811157
-0.418091,0.064453,0.815063
0.456177,-0.249756,1.029541
-0.405518,-0.149414,0.751831
0.043823,0.092285,1.023438
0.225098,-0.530518,0.827271
-0.480225,0.045898,0.774902
0.482910,-0.235229,1.050781
-0.305542,-0.193970,0.764526
-0.062744,0.189575,1.013550
0.295288,-0.480835,0.888428
-0.505005,-0.015503,0.759644
0.448975,-0.221802,1.065552
-0.211060,-0.264648,0.791870
-0.111328,0.222168,1.017944
0.337402,-0.430908,0.930786
-0.537354,-0.003174,0.766479
0.418579,-0.202881,1.059937
-0.075806,-0.336426,0.819946
-0.185425,0.221313,0.998657
0.385498,-0.380249,0.960205
-0.528076,-0.042114,0.758057
0.361694,-0.163208,1.043213
0.013306,-0.464111,0.802124
-0.223999,0.165527,0.963257
0.431396,-0.349731,0.987671
-0.511963,-0.033936,0.766846
0.295410,-0.083008,1.041992
0.074585,-0.485718,0.804688
-0.294800,0.107788,0.906616
0.467773,-0.288208,1.039917
-0.469727,-0.112671,0.750488
0.200928,-0.001953,1.027100
0.125610,-0.471558,0.839722
-0.364014,0.090698,0.892700
0.491211,-0.262695,1.065308
-0.414673,-0.165039,0.753540
0.105835,0.063965,1.027344
0.208496,-0.491943,0.851685
-0.421021,0.066284,0.828613
0.501099,-0.239380,1.074585
-0.321167,-0.207520,0.778687
0.015503,0.135742,1.032227
0.277100,-0.472900,0.896240
-0.468262,0.013550,0.790894
0.498535,-0.235840,1.085815
-0.230713,-0.276611,0.797363
-0.056152,0.202515,1.044556
0.335205,-0.401245,0.937500
-0.496826,0.014893,0.772339
0.342773,-0.133667,1.018921
-0.102905,-0.333252,0.829224
-0.228516,0.123657,0.919189
0.405640,-0.360718,0.956909
-0.529053,-0.008911,0.751099
0.269531,-0.071167,1.002930
0.061523,-0.454834,0.805664
-0.292114,0.070801,0.869873
0.445068,-0.321899,0.991455
-0.496094,-0.055298,0.760254
0.191650,-0.005615,1.001953
0.091431,-0.447754,0.814697
-0.388794,0.061523,0.832397
0.476196,-0.294434,1.032104
-0.434204,-0.125366,0.752441
0.116089,0.083374,1.028564
0.150391,-0.394409,0.844116
-0.455444,0.057007,0.805542
0.491089,-0.333862,1.031616
-0.354370,-0.237427,0.766968
0.030762,0.163208,1.045532
0.220093,-0.418335,0.855469
-0.496460,0.061768,0.768799
0.489258,-0.312622,1.036865
-0.283325,-0.250244,0.793457
-0.026611,0.170654,1.037598
0.278564,-0.456909,0.890137
-0.531494,0.058716,0.768311
0.467773,-0.237427,1.061768
-0.202148,-0.291870,0.800049
-0.099365,0.207031,1.028320
0.328857,-0.461304,0.908203
-0.519897,0.032471,0.777222
0.436768,-0.183228,1.062988
-0.140137,-0.270142,0.820679
-0.149414,0.209106,1.017578
0.382446,-0.453491,0.943115
-0.514282,-0.034912,0.764771
0.396118,-0.118042,1.073242
-0.063477,-0.315674,0.816772
-0.185303,0.202393,1.008545
0.416992,-0.433594,0.970947
-0.511353,-0.056641,0.769287
0.360718,-0.117920,1.054443
0.040527,-0.385742,0.837036
-0.241211,0.189941,0.971680
0.454224,-0.357788,1.005737
-0.480225,-0.092773,0.755615
0.289185,-0.068115,1.040283
0.073975,-0.431519,0.823486
-0.291016,0.136719,0.925049
0.475464,-0.289917,1.045898
-0.435913,-0.122803,0.775635
0.223999,-0.016968,1.047363
0.123657,-0.459839,0.836304
-0.364624,0.134521,0.887207
0.503174,-0.277100,1.053223
-0.381958,-0.145142,0.793823
0.132080,0.050415,1.035278
0.196411,-0.462646,0.873413
-0.406494,0.033569,0.824341
0.519165,-0.251221,1.103516
-0.317261,-0.210449,0.791870
0.034180,0.138916,1.041260
0.278931,-0.470581,0.893188
-0.447144,0.003784,0.806030
0.510986,-0.254272,1.088379
-0.234253,-0.238892,0.814331
-0.049561,0.194336,1.037842
0.347046,-0.424561,0.942505
-0.488403,0.022339,0.803955
0.476074,-0.201538,1.108398
-0.119141,-0.304932,0.842041
-0.111328,0.201050,1.041138
0.389038,-0.376343,0.974731
-0.476929,-0.000610,0.797729
0.423706,-0.152710,1.097900
0.000977,-0.373901,0.865601
-0.179443,0.179565,1.016968
0.450073,-0.369385,1.013916
-0.458496,-0.047241,0.791382
0.350586,-0.063477,1.098633
0.086548,-0.412354,0.879028
-0.267944,0.168579,1.002319
0.492798,-0.337524,1.066284
-0.443970,-0.110596,0.782715
0.285034,-0.005737,1.091553
0.116089,-0.374634,0.891724
-0.331421,0.165649,0.967896
0.536011,-0.315796,1.099609
-0.398193,-0.175659,0.798828
0.208862,0.028442,1.078125
0.182617,-0.416748,0.901245
-0.380859,0.121460,0.884521
0.563599,-0.282104,1.102417
-0.300659,-0.191772,0.837769
0.108887,0.093750,1.073608
0.266235,-0.436768,0.916748
-0.425659,0.068726,0.833252
0.542603,-0.245605,1.117188
-0.229004,-0.260986,0.835083
0.026245,0.147095,1.067505
0.348022,-0.435791,0.960938
-0.457520,0.075073,0.839600
0.505615,-0.170776,1.127075
-0.151367,-0.275879,0.862915
-0.048340,0.179932,1.074463
0.394775,-0.402832,0.998779
-0.459595,0.022339,0.834595
0.479736,-0.104858,1.146729
-0.049805,-0.296509,0.884888
-0.126709,0.203003,1.058960
0.439575,-0.352417,1.034302
-0.455933,-0.039062,0.818970
0.436646,-0.088135,1.153931
0.052368,-0.358643,0.899170
-0.200684,0.218262,1.041748
0.489014,-0.326782,1.075073
-0.441162,-0.084595,0.796265
0.364258,-0.054199,1.125366
0.080933,-0.358398,0.912231
-0.263794,0.180786,1.012939
0.535767,-0.278687,1.120239
-0.398926,-0.115234,0.811035
0.262573,0.030273,1.125122
0.164795,-0.438843,0.903198
-0.341064,0.129883,0.954224
0.578247,-0.269409,1.147461
-0.334229,-0.185913,0.824585
0.150635,0.120728,1.102783
0.260254,-0.444824,0.938110
-0.402710,0.059692,0.876465
0.582153,-0.236450,1.162842
-0.252808,-0.249634,0.834229
0.060303,0.201416,1.115601
0.334106,-0.421143,0.968384
-0.444092,0.061646,0.858765
0.556152,-0.229614,1.157715
-0.188721,-0.260132,0.864990
0.000122,0.194092,1.087036
0.378784,-0.388062,0.996460
-0.447754,0.055542,0.852539
0.522583,-0.157471,1.162720
-0.111572,-0.266724,0.890503
-0.060059,0.187866,1.082153
0.415039,-0.382080,1.021484
-0.448486,-0.000977,0.841187
0.501953,-0.111694,1.179443
0.002563,-0.336304,0.902954
-0.135376,0.225342,1.082275
0.449097,-0.326904,1.049927
-0.438599,-0.042236,0.836792
0.451538,-0.106812,1.174194
0.032715,-0.357422,0.902100
-0.193359,0.228394,1.058838
0.487305,-0.265991,1.095825
-0.449219,-0.066650,0.812134
0.393311,-0.082153,1.160278
0.091431,-0.386841,0.932373
-0.268555,0.220947,1.016846
0.526611,-0.241455,1.117798
-0.412354,-0.106079,0.797241
0.297119,-0.010376,1.140625
0.182373,-0.441650,0.942383
-0.323853,0.164307,0.977295
0.554199,-0.242798,1.140625
-0.344482,-0.161987,0.813477
0.195068,0.083618,1.136963
0.250244,-0.410156,0.958984
-0.363892,0.102173,0.918091
0.557983,-0.216064,1.150513
-0.280396,-0.217529,0.830322
0.125244,0.106812,1.111084
0.320801,-0.409790,0.982788
-0.431519,0.096924,0.860107
0.530518,-0.152344,1.149048
-0.193359,-0.258545,0.860352
0.042725,0.150513,1.125732
0.371338,-0.415894,1.011108
-0.468628,0.082520,0.866455
0.519653,-0.123657,1.157837
-0.088013,-0.299194,0.886230
-0.042969,0.184326,1.095703
0.412354,-0.357788,1.027710
-0.467285,-0.003906,0.834839
0.491089,-0.118286,1.180054
-0.024536,-0.338135,0.869507
-0.146240,0.223389,1.083496
0.457275,-0.330688,1.053101
-0.458496,-0.073242,0.817017
0.447144,-0.091064,1.183594
0.024536,-0.344238,0.892212
-0.239502,0.236572,1.039673
0.502563,-0.278687,1.100586
-0.429810,-0.117920,0.802246
0.347534,-0.049805,1.164429
0.102539,-0.377441,0.916870
-0.301636,0.196411,0.984741
0.534302,-0.257080,1.120361
-0.368164,-0.152588,0.807007
0.239624,0.043945,1.135498
0.196045,-0.410034,0.939941
-0.365723,0.119385,0.933105
0.550171,-0.239014,1.136963
-0.314575,-0.199463,0.814209
0.127930,0.118408,1.118164
0.286255,-0.409790,0.969727
-0.423828,0.096558,0.898071
0.532837,-0.202148,1.146118
-0.228394,-0.262451,0.838257
0.020386,0.140747,1.087769
0.343628,-0.383667,0.984131
-0.451904,0.023071,0.841553
0.528320,-0.152588,1.170410
-0.113892,-0.305176,0.839233
-0.059082,0.189697,1.074829
0.381836,-0.350098,1.009033
-0.473389,-0.036255,0.829956
0.499756,-0.181274,1.164185
-0.071533,-0.355957,0.837158
-0.159180,0.235352,1.060791
0.426392,-0.299561,1.038452
-0.469482,-0.034546,0.819336
0.436523,-0.145020,1.144775
-0.022949,-0.389648,0.859009
-0.238892,0.209595,1.013062
0.472778,-0.284058,1.067261
-0.447876,-0.068237,0.798096
0.337524,-0.062988,1.141602
0.065063,-0.387451,0.903809
-0.309570,0.177979,0.980835
0.488159,-0.252930,1.092163
-0.416138,-0.116699,0.786743
0.256348,0.008545,1.125854
0.156494,-0.414429,0.913208
-0.383179,0.147095,0.933594
0.508423,-0.253906,1.102783
-0.355713,-0.185059,0.801636
0.160522,0.111450,1.114990
0.205078,-0.411987,0.923584
-0.431274,0.093506,0.892090
0.523438,-0.225098,1.125854
-0.318481,-0.248413,0.776978
0.079956,0.129395,1.084473
0.260986,-0.422363,0.920044
-0.476685,0.095459,0.874146
0.529175,-0.233276,1.116943
-0.223145,-0.303467,0.813843
-0.016357,0.123779,1.049438
0.284912,-0.376343,0.943115
-0.480347,0.027344,0.827881
0.513550,-0.199097,1.129883
-0.160889,-0.328003,0.812622
-0.067383,0.146484,1.046509
0.343994,-0.371948,0.951172
-0.498779,0.004639,0.798096
0.488770,-0.192383,1.129761
-0.123779,-0.348022,0.805908
-0.133423,0.158081,1.024536
0.377075,-0.346680,0.967163
-0.511475,-0.006348,0.782959
0.436279,-0.162476,1.115356
-0.095215,-0.348633,0.818115
-0.220459,0.175903,1.007935
0.415039,-0.316772,1.010742
-0.517944,-0.040039,0.767456
0.390259,-0.098267,1.129272
-0.056641,-0.343262,0.842407
-0.298706,0.184326,0.980469
0.448730,-0.315308,1.032593
-0.469116,-0.074707,0.769897
0.320190,-0.047119,1.121216
-0.015381,-0.320435,0.854126
-0.361084,0.177979,0.942139
0.484863,-0.326050,1.050293
-0.445190,-0.148315,0.750366
0.230591,0.005127,1.107178
0.055054,-0.377319,0.856812
-0.414551,0.150513,0.901123
0.499023,-0.298340,1.061523
-0.413452,-0.174194,0.774536
0.135010,0.051025,1.072754
0.136353,-0.401855,0.876953
-0.453735,0.115112,0.858521
0.493286,-0.251831,1.074097
-0.392334,-0.196167,0.765259
0.067505,0.081665,1.051392
0.217529,-0.418457,0.895630
-0.505127,0.092407,0.833374
0.476807,-0.200684,1.087891
-0.292114,-0.250732,0.770508
0.001953,0.100586,1.046021
0.259888,-0.392090,0.918701
-0.526733,0.048950,0.799072
0.476074,-0.199707,1.083618
-0.218750,-0.313477,0.760864
-0.119751,0.140015,1.001587
0.325806,-0.394287,0.932007
-0.530151,0.011475,0.781006
0.432495,-0.147583,1.098145
-0.175171,-0.322021,0.749146
-0.207886,0.167847,0.978516
0.366089,-0.368774,0.960571
-0.536987,-0.040039,0.762207
0.389038,-0.122559,1.096680
-0.148438,-0.323608,0.768433
-0.296875,0.177246,0.948242
0.412476,-0.396362,0.975830
-0.524292,-0.072632,0.751587
0.307739,-0.032104,1.096069
-0.069336,-0.299927,0.812988
-0.371948,0.187134,0.904053
0.439087,-0.349854,1.004639
-0.498657,-0.135376,0.739746
0.214478,-0.032349,1.065063
0.023315,-0.378174,0.821655
-0.448730,0.190674,0.885864
0.445923,-0.252197,1.039673
-0.461914,-0.182495,0.725464
0.104736,0.030273,1.042480
0.119385,-0.438110,0.849243
-0.510864,0.132568,0.841187
0.471191,-0.256836,1.051392
-0.354492,-0.175903,0.767456
-0.026855,0.139648,1.006836
0.205322,-0.387817,0.880249
-0.523315,0.050781,0.802368
0.450928,-0.213013,1.066406
-0.280518,-0.278320,0.730591
-0.117065,0.165894,0.981567
0.288574,-0.413940,0.899170
-0.539429,0.015259,0.771118
0.418701,-0.178589,1.062134
-0.218140,-0.322876,0.731079
-0.205688,0.181152,0.970215
0.329590,-0.366333,0.928955
-0.574707,-0.004272,0.752563
0.373779,-0.151978,1.070068
-0.160767,-0.368286,0.743530
-0.298340,0.158813,0.913940
0.368652,-0.323853,0.957397
-0.565308,-0.004028,0.750488
0.316284,-0.098511,1.067993
-0.091919,-0.383667,0.774170
-0.380005,0.186768,0.891113
0.400635,-0.310181,0.979858
-0.534058,-0.026123,0.735229
0.209961,-0.016479,1.053345
0.006470,-0.399292,0.818726
-0.477539,0.184326,0.869629
0.418457,-0.286621,0.996094
-0.489990,-0.108765,0.718262
0.094727,0.077271,1.024292
0.099854,-0.397339,0.831055
-0.537109,0.142090,0.831665
0.425415,-0.274170,1.016479
-0.398193,-0.203369,0.720825
0.014160,0.139771,1.023804
0.171143,-0.404297,0.844971
-0.574829,0.118042,0.798828
0.421631,-0.249756,1.009521
-0.296021,-0.297241,0.729126
-0.065796,0.157104,0.998413
0.221802,-0.381958,0.872070
-0.581177,0.080688,0.779175
0.420898,-0.216309,1.039673
-0.250732,-0.344238,0.692505
-0.164307,0.177979,0.973389
0.291138,-0.393188,0.892944
-0.591553,0.045044,0.761230
0.383057,-0.174072,1.036743
-0.195557,-0.334351,0.726318
-0.250732,0.152954,0.930542
0.328979,-0.362183,0.924683
-0.595459,0.000488,0.729248
0.358154,-0.139771,1.042969
-0.153442,-0.360962,0.729126
-0.319946,0.187500,0.913208
0.359863,-0.337280,0.932861
-0.588745,0.007568,0.729858
0.301270,-0.136230,1.018188
-0.100098,-0.363159,0.762451
-0.390747,0.215210,0.893188
0.394653,-0.309082,0.966064
-0.576416,-0.056030,0.701416
0.196045,-0.050659,1.012451
-0.031372,-0.427368,0.774536
-0.461426,0.199341,0.861572
0.403564,-0.255493,0.984009
-0.516357,-0.087891,0.713745
0.090210,0.068604,1.014038
0.069092,-0.427612,0.810791
-0.522583,0.169556,0.841797
0.410156,-0.241211,1.001709
-0.426636,-0.133301,0.740845
0.015015,0.142090,1.007690
0.136597,-0.403442,0.833252
-0.574463,0.131470,0.802490
0.432983,-0.221069,1.027466
-0.331421,-0.233032,0.728394
-0.064087,0.184570,0.996948
0.204468,-0.378174,0.857788
-0.598877,0.087646,0.752441
0.417358,-0.206665,1.029297
-0.241211,-0.351074,0.702026
-0.136597,0.168823,0.966675
0.261963,-0.352905,0.877563
-0.628296,0.110962,0.743530
0.398560,-0.206909,1.014038
-0.162354,-0.364868,0.733521
-0.226929,0.165039,0.933838
0.306030,-0.324463,0.908813
-0.618042,0.087402,0.734741
0.336304,-0.126099,1.010254
-0.125610,-0.374023,0.738892
-0.308594,0.179321,0.906372
0.363037,-0.332031,0.938110
-0.587769,0.049805,0.722046
0.241211,-0.034302,0.995728
-0.066406,-0.388672,0.764648
-0.406738,0.171875,0.863525
0.398804,-0.311646,0.962158
-0.546387,-0.036255,0.688599
0.150391,0.075195,1.003418
-0.008911,-0.356445,0.779907
-0.471191,0.170654,0.860474
0.420410,-0.324951,0.968384
-0.510254,-0.091431,0.702759
0.092163,0.085693,1.007202
0.051514,-0.383301,0.787842
-0.531494,0.206055,0.830444
0.421265,-0.242310,0.985474
-0.406982,-0.182861,0.731079
0.024048,0.098877,1.014282
0.127197,-0.401733,0.822266
-0.582764,0.200317,0.814819
0.434937,-0.226562,1.000610
-0.350342,-0.211182,0.731689
-0.053711,0.130249,0.985352
0.210938,-0.396606,0.860840
-0.611084,0.145630,0.778442
0.429565,-0.192505,1.022705
-0.250732,-0.275146,0.720703
-0.134155,0.173828,0.956299
0.255981,-0.352783,0.884399
-0.602295,0.107422,0.759521
0.407349,-0.158081,1.022339
-0.179688,-0.322632,0.742554
-0.232422,0.184448,0.922729
0.338989,-0.363770,0.915771
-0.591309,0.074951,0.742065
0.335083,-0.084229,1.013550
-0.129517,-0.372681,0.721680
-0.295288,0.190552,0.903320
0.373169,-0.350830,0.935669
-0.583252,-0.000610,0.711426
0.273071,-0.033691,1.017944
-0.075195,-0.382324,0.723511
-0.383423,0.227417,0.879028
0.409912,-0.316406,0.950073
-0.538574,-0.063354,0.707520
0.173828,0.021362,1.004150
-0.022217,-0.384644,0.763672
-0.464966,0.196289,0.842529
0.427002,-0.248779,0.984863
-0.474976,-0.104492,0.727051
0.068115,0.086426,1.003784
0.089478,-0.423950,0.797119
-0.549927,0.178345,0.823975
0.443237,-0.200073,1.009888
-0.391479,-0.146118,0.719116
-0.024048,0.175049,1.000610
0.208984,-0.413208,0.850708
-0.591064,0.127563,0.773804
0.419922,-0.172852,1.022705
-0.256592,-0.257202,0.728760
-0.120728,0.210938,0.973389
0.280029,-0.353760,0.889404
-0.615479,0.116943,0.756226
0.401978,-0.156616,1.026245
-0.151611,-0.336914,0.740723
-0.203003,0.205200,0.938477
0.327148,-0.339966,0.898682
-0.600830,0.077515,0.744751
0.349854,-0.114868,1.008179
-0.088135,-0.369873,0.742920
-0.287476,0.183716,0.882080
0.377686,-0.298340,0.934570
-0.599854,0.037842,0.713623
0.278442,-0.095703,0.975586
-0.023193,-0.423828,0.760254
-0.366333,0.179321,0.860718
0.388184,-0.254639,0.949341
-0.553223,-0.015137,0.707153
0.200562,0.013794,1.008667
0.025757,-0.424194,0.787354
-0.440430,0.172485,0.837524
0.418457,-0.251221,0.961792
-0.484009,-0.006836,0.753540
0.099731,0.112061,0.999390
0.083618,-0.399902,0.812988
-0.509155,0.169434,0.813721
0.428223,-0.197876,1.003174
-0.425293,-0.105591,0.734131
0.046265,0.153198,1.011475
0.140747,-0.416992,0.821411
-0.556396,0.164917,0.797607
0.445068,-0.195190,1.012817
-0.367432,-0.161621,0.722534
-0.022705,0.188110,0.999268
0.214355,-0.410156,0.852051
-0.589722,0.150513,0.769897
0.430786,-0.156860,1.019775
-0.266479,-0.210449,0.744141
-0.085693,0.213867,0.985596
0.256226,-0.391602,0.869629
-0.604248,0.131836,0.766846
0.442993,-0.188477,1.021240
-0.192627,-0.261230,0.761597
-0.167969,0.239136,0.957275
0.310547,-0.370361,0.891846
-0.594971,0.073242,0.743774
0.419556,-0.156006,1.034302
-0.123779,-0.332275,0.757690
-0.219971,0.229736,0.936279
0.339478,-0.345825,0.907227
-0.593872,0.056152,0.745361
0.375244,-0.143188,1.018677
-0.064453,-0.380737,0.756348
-0.272705,0.230225,0.892700
0.368286,-0.306274,0.920654
-0.578979,0.028442,0.724609
0.315552,-0.115112,0.994263
-0.017334,-0.428101,0.751099
-0.321411,0.196655,0.868164
0.392700,-0.284546,0.931641
-0.553223,-0.000610,0.726562
0.244873,-0.053833,0.988892
0.016602,-0.439087,0.763672
-0.381836,0.158936,0.838379
0.419067,-0.258301,0.954834
-0.527832,-0.031738,0.723633
0.155518,0.024170,0.997437
0.089722,-0.450684,0.792480
-0.469238,0.151611,0.809448
0.430908,-0.233032,0.986084
-0.441406,-0.109985,0.732544
0.059204,0.114868,1.004028
0.142578,-0.417114,0.814331
-0.531616,0.144409,0.793701
0.455933,-0.227905,1.005005
-0.332153,-0.164917,0.766724
-0.042358,0.180908,0.985962
0.220337,-0.397705,0.855103
-0.567993,0.095093,0.751465
0.443115,-0.187622,1.027588
-0.215210,-0.248535,0.758423
-0.126221,0.213623,0.979492
0.283691,-0.376221,0.882202
-0.597534,0.082153,0.743530
0.415894,-0.177612,1.027710
-0.094116,-0.376709,0.766235
-0.214233,0.205811,0.924438
0.350098,-0.331543,0.918213
-0.582764,0.078003,0.750122
0.333008,-0.111816,1.012573
-0.017212,-0.431641,0.770264
-0.288452,0.173340,0.879883
0.388184,-0.281494,0.941406
-0.539429,-0.004883,0.721436
0.228760,-0.043701,0.968384
0.029053,-0.421387,0.770142
-0.359497,0.121704,0.822998
0.430664,-0.254761,0.971191
-0.482056,-0.048828,0.751343
0.127808,0.068604,1.004517
0.055786,-0.426514,0.774414
-0.453735,0.087524,0.801636
0.469604,-0.264771,1.010864
-0.431274,-0.111572,0.742798
0.040649,0.168091,1.018433
0.143433,-0.414551,0.801025
-0.530151,0.113159,0.779297
0.479492,-0.286743,1.012817
-0.344482,-0.191650,0.757690
-0.016968,0.208984,1.016724
0.207397,-0.378418,0.830200
-0.566162,0.102295,0.744019
0.475098,-0.297363,1.013672
-0.253784,-0.274658,0.763550
-0.083618,0.216553,0.998169
0.260376,-0.373779,0.872314
-0.573975,0.073242,0.744385
0.447998,-0.248535,1.026245
-0.177124,-0.299927,0.773315
-0.146362,0.209229,0.957275
0.320557,-0.353760,0.908203
-0.562012,0.069824,0.755371
0.386230,-0.155273,1.016724
-0.098389,-0.358032,0.777954
-0.206421,0.167969,0.931274
0.376953,-0.395142,0.932373
-0.567383,0.025269,0.749146
0.339355,-0.096558,1.006836
-0.028320,-0.380615,0.765503
-0.278076,0.158325,0.879150
0.394531,-0.354248,0.947144
-0.520996,-0.062134,0.732788
0.293579,-0.058960,1.023438
0.000977,-0.441284,0.756226
-0.354736,0.150391,0.850586
0.425537,-0.342163,0.952759
-0.494141,-0.069458,0.736206
0.218750,0.000977,1.019043
0.063599,-0.434082,0.775513
-0.427124,0.162720,0.820190
0.442993,-0.322632,0.967651
-0.451050,-0.134033,0.743286
0.114014,0.037476,1.002319
0.105957,-0.463745,0.792725
-0.468140,0.114380,0.788330
0.464600,-0.251953,0.999023
-0.386963,-0.143677,0.752686
0.025879,0.129395,1.007446
0.188843,-0.462524,0.833740
-0.515991,0.073120,0.756470
0.458496,-0.241455,1.018921
-0.315186,-0.202271,0.756104
-0.048706,0.192383,1.010132
0.245117,-0.436279,0.864502
-0.543091,0.007568,0.738525
0.449829,-0.249878,1.031128
-0.221558,-0.251465,0.783447
-0.128174,0.218262,0.990479
0.296753,-0.389526,0.899902
-0.536255,0.026245,0.761719
0.420166,-0.206787,1.040039
-0.144897,-0.294312,0.804810
-0.180542,0.202759,0.969604
0.345581,-0.430298,0.890991
-0.540649,0.023804,0.759033
0.386719,-0.161865,1.023315
-0.065674,-0.350586,0.789185
-0.242432,0.197876,0.934937
0.389526,-0.393921,0.939209
-0.526611,-0.057007,0.743042
0.327393,-0.130981,1.016235
-0.003052,-0.407349,0.791382
-0.289062,0.185547,0.900757
0.421875,-0.346802,0.965454
-0.495605,-0.102539,0.750366
0.251465,-0.068970,1.012207
0.047607,-0.460083,0.784180
-0.350220,0.122681,0.841797
0.448608,-0.318237,0.986572
-0.468628,-0.114258,0.745972
0.183716,-0.022705,1.014771
0.092773,-0.464966,0.795410
-0.421265,0.099731,0.808716
0.468140,-0.287964,1.002808
-0.436279,-0.141357,0.738037
0.098633,0.041138,1.009521
0.178345,-0.482666,0.834351
-0.474731,0.077759,0.791138
0.469360,-0.283569,1.009888
-0.346924,-0.165161,0.784180
-0.004028,0.136475,1.020508
0.261719,-0.472656,0.872314
-0.513916,0.028198,0.755737
0.450806,-0.231323,1.035034
-0.242798,-0.231689,0.801758
-0.101929,0.180664,0.997437
0.310913,-0.470703,0.897217
-0.519165,-0.018799,0.753906
0.416016,-0.178345,1.049438
-0.141724,-0.266479,0.806396
-0.165039,0.217651,0.996826
0.361938,-0.421875,0.942505
-0.518311,-0.041504,0.752808
0.376953,-0.130737,1.048584
-0.041992,-0.380981,0.793823
-0.225464,0.209106,0.966675
0.413696,-0.406006,0.956787
-0.518433,-0.087036,0.738647
0.308594,-0.088745,1.040527
0.031250,-0.413086,0.804932
-0.276489,0.160522,0.921021
0.440552,-0.358765,0.987061
-0.473999,-0.130005,0.759644
0.247925,-0.070923,1.029541
0.085938,-0.451904,0.805542
-0.356201,0.132446,0.870239
0.465820,-0.289795,1.020630
-0.422852,-0.095947,0.775757
0.161987,0.000610,1.021484
0.125122,-0.459229,0.813477
-0.414307,0.067749,0.812500
0.492798,-0.254517,1.054932
-0.378784,-0.164795,0.767090
0.042603,0.100708,1.019653
0.232056,-0.496582,0.853271
-0.460571,0.031006,0.778442
0.483521,-0.261230,1.050171
-0.292114,-0.212891,0.792236
-0.036133,0.133057,1.016479
0.311768,-0.484741,0.898438
-0.505371,0.019897,0.766724
0.454468,-0.204346,1.061646
-0.180542,-0.249023,0.809937
-0.249512,0.217407,0.930542
0.388062,-0.343994,0.954468
-0.526367,-0.058228,0.739136
0.294067,-0.119141,1.004639
0.015137,-0.461304,0.779907
-0.317261,0.162231,0.886353
0.425781,-0.315186,0.968140
-0.502441,-0.052734,0.750244
0.200928,-0.034058,1.002441
0.091675,-0.489380,0.798828
-0.377319,0.102905,0.834351
0.438232,-0.302124,0.972412
-0.463501,-0.090332,0.748779
0.125000,0.040039,1.012329
0.145752,-0.490601,0.803223
-0.455566,0.098999,0.803223
0.461426,-0.260132,1.013794
-0.384521,-0.170410,0.747437
0.023071,0.113281,1.015015
0.220947,-0.490356,0.840698
-0.503784,0.032837,0.751953
0.466919,-0.239990,1.041382
-0.281494,-0.218140,0.779297
-0.087891,0.181152,0.996338
0.288086,-0.456299,0.882080
-0.532227,0.004028,0.752441
0.437500,-0.199585,1.050293
-0.152832,-0.289062,0.788940
-0.175049,0.213745,0.978760
0.356689,-0.426758,0.924561
-0.525391,-0.020630,0.766479
0.383057,-0.157349,1.044556
-0.040894,-0.381226,0.801270
-0.244141,0.201416,0.946777
0.406006,-0.364868,0.965454
-0.503418,-0.091553,0.744385
0.287964,-0.086792,1.026001
0.047607,-0.460327,0.794678
-0.313477,0.158203,0.890747
0.440430,-0.330566,0.976685
-0.470581,-0.055054,0.775391
0.204102,-0.042114,1.009521
0.092041,-0.478149,0.800171
-0.388062,0.089844,0.833862
0.481323,-0.281372,1.023682
-0.419922,-0.118042,0.760132
0.088623,0.075317,1.015015
0.182129,-0.491699,0.827515
-0.443970,0.035889,0.799927
0.480835,-0.268799,1.041504
-0.342163,-0.220703,0.755127
-0.002441,0.152222,1.029419
0.276123,-0.475220,0.880615
-0.499512,0.020386,0.767334
0.462402,-0.235352,1.045410
-0.219360,-0.269409,0.788086
-0.100952,0.201172,1.020264
0.336182,-0.420532,0.925171
-0.519775,0.015625,0.772827
0.420654,-0.194214,1.050659
-0.098145,-0.346802,0.810303
-0.176636,0.206665,0.994385
0.399048,-0.394043,0.961426
-0.513794,-0.016968,0.749634
0.357666,-0.120605,1.048584
0.015503,-0.426392,0.816772
-0.240356,0.157349,0.955566
0.448364,-0.380005,0.991211
-0.489380,-0.079102,0.757446
0.266724,-0.036865,1.029785
0.074097,-0.433350,0.805298
-0.313354,0.112305,0.897461
0.484009,-0.320801,1.031372
-0.438354,-0.132935,0.766113
0.179077,0.008911,1.027466
0.124756,-0.444580,0.825562
-0.406494,0.097778,0.843750
0.496460,-0.274780,1.059326
-0.355835,-0.198242,0.775513
0.080566,0.104126,1.047119
0.247681,-0.475830,0.870605
-0.468994,0.068604,0.794922
0.486206,-0.252075,1.067261
-0.275024,-0.237549,0.803589
-0.018677,0.126709,1.031128
0.319946,-0.467285,0.918579
-0.500732,0.041138,0.779907
0.454590,-0.168823,1.085571
-0.149292,-0.265991,0.829102
-0.116821,0.195923,1.027344
0.368896,-0.446167,0.955322
-0.502197,-0.028076,0.778687
0.440796,-0.146851,1.096436
-0.056274,-0.337524,0.831299
-0.191650,0.211548,1.000244
0.415161,-0.387207,0.986084
-0.459351,-0.073364,0.788452
0.368774,-0.090576,1.095581
0.025635,-0.407837,0.836792
-0.251099,0.203613,0.965820
0.468506,-0.377930,1.010864
-0.438843,-0.106934,0.779785
0.315552,-0.040039,1.088257
0.068848,-0.407959,0.834106
-0.299927,0.162476,0.952148
0.495117,-0.334473,1.044678
-0.415405,-0.159302,0.789307
0.253174,-0.020386,1.063599
0.110352,-0.400757,0.863159
-0.352539,0.141479,0.908569
0.510986,-0.282349,1.080444
-0.375610,-0.200439,0.774536
0.167480,0.045288,1.064453
0.198486,-0.449707,0.880249
-0.393921,0.104004,0.867432
0.523193,-0.264893,1.080688
-0.334717,-0.220459,0.770142
0.102417,0.081665,1.064331
0.273315,-0.464355,0.918945
-0.438965,0.077393,0.832153
0.509766,-0.236328,1.078979
-0.262085,-0.237427,0.809814
0.012329,0.147461,1.064331
0.334961,-0.470825,0.937500
-0.462280,0.040405,0.817139
0.493042,-0.194702,1.095703
-0.199341,-0.224976,0.843506
-0.055420,0.182495,1.042847
0.385254,-0.423584,0.978638
-0.480835,-0.008179,0.804443
0.469604,-0.155273,1.121460
-0.099487,-0.273804,0.854980
-0.127197,0.233154,1.056396
0.432129,-0.383423,1.014893
-0.462158,-0.034058,0.812622
0.431396,-0.102783,1.132446
0.010254,-0.353516,0.871704
-0.197632,0.218140,1.029541
0.472778,-0.355469,1.035156
-0.439331,-0.104614,0.800415
0.365234,-0.096313,1.108765
0.066040,-0.375610,0.885864
-0.259155,0.190430,0.977295
0.494751,-0.281616,1.076904
-0.406738,-0.124756,0.814209
0.298950,-0.039429,1.110107
0.125732,-0.416382,0.895752
-0.317017,0.163818,0.962402
0.526489,-0.244019,1.108398
-0.373779,-0.133179,0.813232
0.218018,0.022461,1.096558
0.218506,-0.472046,0.918701
-0.382812,0.085327,0.891113
0.544678,-0.227661,1.120361
-0.322510,-0.185059,0.804932
0.116699,0.116943,1.094482
0.308228,-0.466431,0.951538
-0.412720,0.054688,0.863403
0.521973,-0.187256,1.129150
-0.249023,-0.215698,0.834473
0.035767,0.155029,1.081299
0.354980,-0.441040,0.982422
-0.435181,0.035156,0.850098
0.513672,-0.164307,1.148926
-0.170288,-0.246582,0.852661
-0.047852,0.208740,1.079102
0.409302,-0.398926,1.013062
-0.450562,0.000000,0.836426
0.492188,-0.124146,1.162354
-0.053711,-0.306763,0.877319
-0.111938,0.216797,1.060547
0.433594,-0.354736,1.037720
-0.443970,-0.043579,0.827759
0.454956,-0.099854,1.162354
0.031006,-0.353149,0.886597
-0.155884,0.228027,1.067017
0.457397,-0.321289,1.060181
-0.444946,-0.063232,0.810547
0.426270,-0.080688,1.164551
0.041138,-0.375488,0.884399
-0.223267,0.229370,1.039795
0.512329,-0.285645,1.098755
-0.423706,-0.087158,0.798218
0.359863,-0.035278,1.147827
0.097290,-0.392212,0.900879
-0.281616,0.206299,1.012573
0.545776,-0.284424,1.110107
-0.378662,-0.120850,0.821655
0.272461,0.013062,1.121460
0.171631,-0.407837,0.936035
-0.318604,0.131226,0.949829
0.550781,-0.226929,1.145874
-0.332520,-0.161621,0.827759
0.190308,0.082520,1.123413
0.250000,-0.449219,0.944092
-0.367798,0.070679,0.906982
0.555176,-0.224609,1.148071
-0.285034,-0.213501,0.823730
0.098877,0.161743,1.112915
0.331909,-0.432251,0.979980
-0.421997,0.055298,0.884155
0.545410,-0.185669,1.162476
-0.195557,-0.252197,0.859131
0.002686,0.215820,1.104004
0.390503,-0.385864,1.008057
-0.447632,0.024780,0.861694
0.524780,-0.182495,1.158081
-0.107910,-0.306885,0.869507
-0.050537,0.215698,1.085083
0.414917,-0.355591,1.024780
-0.445190,-0.003662,0.846558
0.478271,-0.105957,1.176514
-0.010010,-0.380493,0.876465
-0.119019,0.190186,1.080444
0.470947,-0.334473,1.058838
-0.463013,-0.016479,0.835571
0.430908,-0.068848,1.177368
0.029663,-0.381226,0.888550
-0.184814,0.200317,1.064087
0.491943,-0.288818,1.101562
-0.424561,-0.086304,0.818726
0.390381,-0.024414,1.174805
0.074219,-0.316650,0.920532
-0.268677,0.218872,1.005615
0.548584,-0.278931,1.133911
-0.398804,-0.164429,0.808350
0.303223,-0.036865,1.138794
0.147583,-0.387939,0.946899
-0.301758,0.156738,0.950562
0.544434,-0.224365,1.141357
-0.334595,-0.186890,0.830933
0.214233,0.034912,1.125854
0.248291,-0.437622,0.958252
-0.374512,0.133301,0.916016
0.549927,-0.200439,1.146851
-0.279907,-0.205078,0.847778
0.101685,0.104858,1.098389
0.323975,-0.435669,0.987671
-0.415894,0.075684,0.890625
0.539673,-0.146362,1.167358
-0.194336,-0.242798,0.848389
0.001343,0.189209,1.105713
0.384155,-0.411133,1.005981
-0.437378,0.006470,0.861084
0.510742,-0.121826,1.182617
-0.077026,-0.304810,0.871948
-0.074707,0.205322,1.081543
0.419922,-0.359009,1.020752
-0.452393,-0.026611,0.842773
0.486206,-0.117798,1.184570
-0.011597,-0.347290,0.872437
-0.161865,0.220459,1.059448
0.450562,-0.292847,1.064575
-0.447144,-0.061279,0.819458
0.431763,-0.088135,1.177246
0.033203,-0.362793,0.898193
-0.247437,0.215332,1.025635
0.505127,-0.257446,1.106201
-0.413940,-0.086914,0.812988
0.332153,-0.026367,1.157227
0.108398,-0.396118,0.913086
-0.308105,0.163940,0.982666
0.539673,-0.240479,1.138306
-0.361572,-0.171387,0.801636
0.232544,0.057007,1.146973
0.187866,-0.409790,0.938110
-0.376953,0.113403,0.922363
0.559326,-0.247681,1.140381
-0.324829,-0.202881,0.818115
0.133423,0.123901,1.123535
0.274414,-0.398926,0.963379
-0.419800,0.115356,0.890381
0.532471,-0.194946,1.148071
-0.242188,-0.284912,0.838989
0.055298,0.114868,1.087646
0.332031,-0.392700,0.976440
-0.442505,0.070190,0.851074
0.535522,-0.146240,1.157837
-0.147705,-0.302856,0.842285
-0.051270,0.157104,1.068848
0.377808,-0.402954,0.989380
-0.450073,0.017700,0.850830
0.508789,-0.116333,1.171631
-0.093750,-0.305176,0.841797
-0.135864,0.188721,1.060425
0.420532,-0.384888,1.021729
-0.455688,-0.055420,0.830811
0.469238,-0.095337,1.168823
-0.058472,-0.308960,0.842773
-0.214233,0.213501,1.031250
0.461914,-0.327148,1.051880
-0.454102,-0.101562,0.809326
0.408447,-0.089111,1.154541
-0.014648,-0.328613,0.855835
-0.275146,0.205811,0.998413
0.495850,-0.284912,1.089233
-0.435791,-0.132935,0.786987
0.321899,-0.033325,1.149536
0.072876,-0.380859,0.883057
-0.325439,0.162842,0.948120
0.513184,-0.267700,1.090088
-0.386963,-0.146240,0.792847
0.216553,0.028564,1.115356
0.148926,-0.404907,0.913574
-0.380615,0.084717,0.893677
0.526367,-0.253174,1.121826
-0.359375,-0.184692,0.786987
0.142090,0.107788,1.111816
0.216431,-0.407227,0.918579
-0.445190,0.079224,0.860352
0.540039,-0.245117,1.121826
-0.303101,-0.255859,0.786743
0.054565,0.156982,1.095703
0.280151,-0.417603,0.922729
-0.467163,0.065186,0.852051
0.517700,-0.215576,1.123657
-0.221069,-0.308838,0.808228
-0.015625,0.120728,1.060913
0.311279,-0.370728,0.952393
-0.478027,0.055176,0.835693
0.489502,-0.168091,1.130615
-0.166626,-0.326660,0.807617
-0.085327,0.127930,1.040405
0.355347,-0.403931,0.965576
-0.501831,0.009644,0.805054
0.477661,-0.127686,1.136353
-0.111206,-0.295288,0.813843
-0.177734,0.188843,1.022583
0.393677,-0.345337,1.002197
-0.486938,-0.070435,0.793457
0.419189,-0.120728,1.139526
-0.086426,-0.306396,0.828735
-0.281738,0.198608,0.977417
0.453369,-0.319336,1.036377
-0.491699,-0.100098,0.768677
0.331909,-0.076538,1.117065
-0.006104,-0.365723,0.836060
-0.329224,0.172729,0.941040
0.469849,-0.294312,1.059448
-0.471802,-0.137817,0.747192
0.264160,-0.036133,1.113647
0.069580,-0.407471,0.862183
-0.388550,0.176025,0.920654
0.469849,-0.256226,1.055664
-0.436523,-0.158691,0.757568
0.166870,0.029663,1.088257
0.151245,-0.447266,0.887329
-0.449341,0.125610,0.873169
0.485840,-0.231201,1.078735
-0.394043,-0.159424,0.773682
0.058960,0.087280,1.055542
0.227905,-0.436279,0.909668
-0.474609,0.084106,0.854126
0.483276,-0.212158,1.077393
-0.320190,-0.212769,0.778320
-0.017456,0.125000,1.038574
0.271118,-0.400269,0.929443
-0.513916,0.021729,0.808838
0.480713,-0.211914,1.098145
-0.218872,-0.312256,0.760498
-0.111084,0.164429,1.012817
0.335327,-0.387085,0.945679
-0.522949,0.011108,0.799316
0.440186,-0.182617,1.098999
-0.166260,-0.342163,0.760010
-0.211548,0.145142,0.969849
0.375854,-0.341309,0.977051
-0.555908,-0.005127,0.770142
0.395874,-0.158813,1.089111
-0.100830,-0.343628,0.802124
-0.292969,0.152710,0.937988
0.389526,-0.293213,1.006714
-0.546631,-0.064453,0.723389
0.316895,-0.088745,1.090454
-0.016113,-0.380005,0.812134
-0.388672,0.202271,0.927002
0.430420,-0.305664,1.016968
-0.491699,-0.088989,0.749390
0.209961,-0.012085,1.060425
0.041260,-0.392212,0.831421
-0.444702,0.165771,0.879150
0.457031,-0.271240,1.039551
-0.444092,-0.157349,0.745850
0.107788,0.078613,1.048584
0.114990,-0.402466,0.852173
-0.499512,0.102051,0.843262
0.476074,-0.285522,1.047974
-0.355835,-0.219238,0.758057
-0.001953,0.146851,1.033691
0.193970,-0.371216,0.868286
-0.530396,0.071167,0.817261
0.475220,-0.270508,1.052734
-0.284546,-0.296631,0.750122
-0.071533,0.116089,0.990479
0.247803,-0.378540,0.883179
-0.561523,0.057129,0.775513
0.451172,-0.240723,1.058960
-0.206299,-0.366821,0.740601
-0.158325,0.125610,0.957397
0.297119,-0.365601,0.907471
-0.563477,0.032593,0.749390
0.404297,-0.166138,1.068726
-0.165649,-0.350464,0.762817
-0.236450,0.161133,0.972778
0.337524,-0.363281,0.934326
-0.581421,0.017700,0.742065
0.350952,-0.146973,1.049072
-0.113892,-0.361816,0.770264
-0.304199,0.168457,0.932373
0.362793,-0.330078,0.972168
-0.565186,-0.027466,0.724731
0.292725,-0.081787,1.051880
-0.091064,-0.370117,0.769409
-0.371704,0.165039,0.904541
0.408081,-0.313599,0.987915
-0.541992,-0.066406,0.721558
0.219482,-0.051270,1.041870
-0.016479,-0.404907,0.796875
-0.454346,0.203247,0.867554
0.425293,-0.280762,0.999512
-0.504272,-0.083130,0.732666
0.118408,0.040649,1.030884
0.076904,-0.403564,0.832642
-0.519165,0.162842,0.846924
0.428467,-0.259399,1.018799
-0.433838,-0.175171,0.735962
0.029175,0.096802,1.020508
0.147339,-0.411987,0.848999
-0.561157,0.125122,0.815308
0.437500,-0.237549,1.035767
-0.322998,-0.244019,0.746948
-0.063110,0.134644,0.994019
0.225708,-0.411987,0.877319
-0.575928,0.074219,0.775269
0.412842,-0.188843,1.042480
-0.243164,-0.314819,0.725830
-0.148804,0.157959,0.972168
0.276978,-0.383301,0.892944
-0.601074,0.044556,0.751099
0.404541,-0.187378,1.040039
-0.197632,-0.348999,0.717896
-0.235474,0.190308,0.963135
0.331665,-0.346680,0.927246
-0.603149,0.030151,0.750488
0.349487,-0.159790,1.027466
-0.154541,-0.365479,0.735352
-0.320068,0.172607,0.901367
0.388184,-0.346069,0.959839
-0.581055,-0.021606,0.721558
0.252808,-0.072266,1.023804
-0.094360,-0.375122,0.760986
-0.400146,0.182373,0.891846
0.410156,-0.311523,0.989990
-0.548706,-0.055054,0.704224
0.170044,0.025879,1.025269
-0.001099,-0.402710,0.786743
-0.485229,0.189087,0.865234
0.418213,-0.265259,1.004272
-0.494385,-0.111816,0.724487
0.068481,0.098511,1.005005
0.063721,-0.385132,0.809082
-0.548950,0.139038,0.825684
0.441040,-0.276611,1.026001
-0.389771,-0.197876,0.727905
-0.008057,0.160156,1.010498
0.134399,-0.366821,0.826538
-0.587158,0.140381,0.787842
0.452393,-0.260620,1.024658
-0.301392,-0.297607,0.732666
-0.085449,0.150635,0.977173
0.206177,-0.386841,0.852173
-0.595459,0.116455,0.763428
0.420288,-0.230469,1.007080
-0.243408,-0.308472,0.728638
-0.149780,0.151489,0.952393
0.274536,-0.377075,0.878174
-0.611206,0.118286,0.759766
0.387207,-0.189331,1.011108
-0.193237,-0.356567,0.719971
-0.226929,0.163452,0.928711
0.307495,-0.342041,0.896240
-0.603516,0.067383,0.722656
0.353027,-0.148315,1.017212
-0.153076,-0.374268,0.727905
-0.288452,0.171997,0.901978
0.349121,-0.349121,0.914673
-0.593262,0.034058,0.733887
0.321411,-0.113403,1.016357
-0.122559,-0.377686,0.730835
-0.360840,0.196899,0.876099
0.378174,-0.329468,0.931885
-0.563477,0.016113,0.727417
0.242554,-0.066772,0.999390
-0.077026,-0.403320,0.739258
-0.419922,0.207153,0.875488
0.402588,-0.306885,0.954224
-0.546509,-0.058228,0.708496
0.149414,0.006836,0.997070
-0.011108,-0.399536,0.778931
-0.486450,0.210083,0.847046
0.422485,-0.260864,0.978149
-0.499878,-0.112061,0.710938
0.084473,0.063965,1.006958
0.076660,-0.415894,0.810059
-0.540039,0.173584,0.818359
0.413940,-0.213623,1.005859
-0.413086,-0.131470,0.734863
0.008667,0.164795,1.028320
0.163574,-0.420532,0.838257
-0.593262,0.156128,0.801636
0.410767,-0.191772,0.999878
-0.322021,-0.222534,0.713135
-0.057007,0.192017,0.997559
0.230713,-0.390503,0.871582
-0.612549,0.131836,0.788208
0.398071,-0.178345,1.010376
-0.241943,-0.309082,0.710449
-0.145996,0.202393,0.965820
0.291992,-0.372559,0.893799
-0.609131,0.091919,0.760742
0.390991,-0.131714,1.031372
-0.175659,-0.350952,0.711426
-0.222656,0.180542,0.926758
0.331299,-0.356079,0.911133
-0.611206,0.078003,0.730347
0.345825,-0.106567,1.028564
-0.127075,-0.389160,0.721924
-0.303223,0.196167,0.888428
0.361084,-0.313477,0.922119
-0.576294,0.028320,0.726074
0.286133,-0.060913,1.023438
-0.072144,-0.413696,0.741699
-0.382935,0.197754,0.859497
0.383057,-0.288452,0.940063
-0.550415,0.003784,0.723511
0.207153,-0.002930,1.010010
-0.022705,-0.400513,0.761597
-0.457642,0.208984,0.850586
0.414551,-0.282227,0.953247
-0.509644,-0.066772,0.724731
0.131104,0.048828,1.008545
0.059326,-0.402344,0.800049
-0.517456,0.216064,0.823242
0.399048,-0.213013,0.974243
-0.429688,-0.137695,0.737793
0.069336,0.063110,1.009521
0.126343,-0.409058,0.823975
-0.561523,0.202271,0.803101
0.417358,-0.176025,0.989014
-0.337402,-0.136108,0.765137
-0.033691,0.145508,0.991089
0.206543,-0.438477,0.845093
-0.608643,0.151611,0.762451
0.423950,-0.150879,1.015015
-0.252930,-0.236938,0.732910
-0.122437,0.206909,0.972412
0.281982,-0.402710,0.879639
-0.604248,0.108887,0.751953
0.419312,-0.163086,1.013672
-0.184326,-0.280396,0.748413
-0.209351,0.229614,0.944824
0.341187,-0.386230,0.897461
-0.593018,0.080566,0.750244
0.364746,-0.107178,1.022461
-0.121704,-0.331421,0.738525
-0.271362,0.214966,0.903931
0.365723,-0.332764,0.911499
-0.577637,0.031006,0.735229
0.302002,-0.086304,0.997803
-0.052368,-0.425415,0.731201
-0.350098,0.200806,0.870117
0.408691,-0.287476,0.940674
-0.556519,-0.001099,0.723999
0.220459,-0.026123,0.995605
0.013062,-0.436890,0.770752
-0.415771,0.188965,0.836426
0.404541,-0.229736,0.958496
-0.487671,-0.045166,0.738770
0.120117,0.063965,1.010010
0.067139,-0.429077,0.795288
-0.497803,0.179932,0.823975
0.443481,-0.237183,0.988037
-0.427368,-0.095215,0.744141
0.029785,0.139038,1.000732
0.152100,-0.412476,0.826660
-0.551025,0.130737,0.788696
0.436157,-0.183960,1.022339
-0.300781,-0.196167,0.748169
-0.052124,0.202393,0.994629
0.237183,-0.405029,0.863892
-0.606812,0.104858,0.749878
0.432861,-0.168701,1.032349
-0.186157,-0.294312,0.739868
-0.138428,0.243286,0.967041
0.293823,-0.333984,0.884888
-0.601196,0.091553,0.744873
0.392334,-0.164185,1.017090
-0.111084,-0.358032,0.751831
-0.202026,0.165039,0.912964
0.343140,-0.310303,0.911377
-0.593628,0.093628,0.735962
0.338013,-0.120605,0.994141
-0.044312,-0.381104,0.775146
-0.284058,0.147095,0.871704
0.411133,-0.304199,0.948975
-0.558228,0.069580,0.718018
0.234985,0.000854,0.976440
-0.017334,-0.373779,0.766602
-0.362671,0.118286,0.842896
0.445557,-0.329590,0.963135
-0.550537,-0.006836,0.712280
0.173950,0.083618,1.006592
0.061768,-0.424927,0.763428
-0.449463,0.192505,0.816772
0.434570,-0.288574,0.958496
-0.500122,-0.057007,0.739136
0.141724,0.020996,0.997925
0.098999,-0.410645,0.806152
-0.514648,0.187988,0.790771
0.438232,-0.224854,0.986816
-0.393677,-0.140991,0.753784
0.047363,0.127563,1.007324
0.150146,-0.391357,0.843872
-0.556641,0.130493,0.762573
0.447388,-0.218506,1.002441
-0.325562,-0.189087,0.751099
-0.040527,0.193726,1.026855
0.241333,-0.442993,0.853149
-0.585693,0.135498,0.754272
0.427368,-0.166626,1.022583
-0.210938,-0.245117,0.766357
-0.116821,0.207520,0.974365
0.288208,-0.397583,0.881470
-0.589966,0.088989,0.753662
0.405396,-0.167847,1.021606
-0.122070,-0.361206,0.750854
-0.198120,0.195435,0.938721
0.337646,-0.344727,0.923828
-0.600342,0.058838,0.732544
0.367798,-0.129150,1.023438
-0.033569,-0.423828,0.760620
-0.260742,0.209595,0.900391
0.366943,-0.303833,0.920044
-0.555542,-0.008423,0.728027
0.315063,-0.118774,0.998657
-0.004761,-0.442505,0.747925
-0.320923,0.174561,0.858276
0.403931,-0.263672,0.946655
-0.518921,-0.048950,0.736816
0.196533,-0.039185,0.984253
0.048340,-0.475830,0.755127
-0.382812,0.124634,0.826050
0.441528,-0.258911,0.984741
-0.493774,-0.042725,0.755127
0.103760,0.045166,0.983276
0.104004,-0.463379,0.789185
-0.465332,0.111572,0.793091
0.449585,-0.228394,1.008911
-0.418457,-0.089233,0.750610
0.040283,0.135498,1.008545
0.163818,-0.472046,0.810669
-0.535400,0.113281,0.769043
0.469727,-0.226685,1.021606
-0.328613,-0.152222,0.765625
-0.047974,0.210571,1.010010
0.235962,-0.427124,0.861572
-0.565186,0.060425,0.743164
0.462402,-0.222778,1.032837
-0.256348,-0.210327,0.779419
-0.123047,0.216797,0.992432
0.290649,-0.428589,0.887695
-0.559937,0.053467,0.746338
0.420166,-0.173706,1.026855
-0.166870,-0.275635,0.781250
-0.173462,0.216431,0.965210
0.343262,-0.418823,0.901123
-0.563965,0.056152,0.758179
0.377563,-0.140625,1.020264
-0.069458,-0.355103,0.790283
-0.240234,0.206177,0.917847
0.363281,-0.367920,0.926025
-0.538940,-0.014893,0.744141
0.335449,-0.107788,1.021851
-0.019897,-0.415771,0.776123
-0.300415,0.191162,0.889893
0.394043,-0.346802,0.943604
-0.519165,-0.077515,0.737305
0.275513,-0.076416,1.010986
0.025024,-0.442993,0.771240
-0.359985,0.167725,0.857300
0.421753,-0.307983,0.962280
-0.492310,-0.107056,0.727539
0.201416,-0.029297,1.002686
0.077026,-0.474976,0.770020
-0.408325,0.140625,0.822998
0.449829,-0.290405,0.974365
-0.467651,-0.101685,0.741699
0.102905,0.036743,0.997803
0.136841,-0.491211,0.798828
-0.453369,0.103394,0.790894
0.450317,-0.247925,1.001465
-0.396484,-0.146606,0.742310
0.018311,0.120483,0.996094
0.199219,-0.497681,0.834229
-0.503784,0.046753,0.762329
0.430298,-0.187378,1.020630
-0.333740,-0.195190,0.746704
-0.167236,0.226074,0.955444
0.327026,-0.369141,0.905518
-0.569824,0.020020,0.743408
0.384033,-0.131470,1.031738
-0.085327,-0.352783,0.769287
-0.252563,0.223755,0.909790
0.365967,-0.330811,0.923218
-0.551758,0.011841,0.750122
0.318115,-0.103394,1.012817
-0.021973,-0.444336,0.738403
-0.308594,0.204346,0.873291
0.394043,-0.291748,0.935669
-0.526367,-0.034790,0.736694
0.237915,-0.062988,0.996582
0.033447,-0.457642,0.755981
-0.393311,0.162476,0.824707
0.426270,-0.284668,0.952271
-0.499390,-0.046021,0.748657
0.167725,0.009399,0.998047
0.084351,-0.450195,0.789551
-0.469238,0.150757,0.800659
0.443970,-0.238770,0.994507
-0.433105,-0.102783,0.751953
0.071411,0.099365,1.002686
0.147583,-0.450073,0.810425
-0.516846,0.120239,0.778809
0.451782,-0.233398,1.001099
-0.359863,-0.142456,0.765869
-0.027466,0.153076,0.990356
0.228027,-0.455811,0.847656
-0.552124,0.066406,0.742676
0.447144,-0.194946,1.026367
-0.260254,-0.199707,0.774414
0.291260,-0.418213,0.890137
-0.164185,-0.296143,0.770264
0.380615,-0.181763,1.020752
-0.062744,-0.384644,0.784424
-0.227417,0.219727,0.936035
0.367310,-0.317993,0.932861
-0.565430,0.011475,0.730713
0.332153,-0.151855,0.997559
-0.004272,-0.435181,0.779053
-0.291016,0.164307,0.884277
0.395142,-0.284668,0.958252
-0.537598,-0.049072,0.720093
0.267944,-0.087402,0.996582
0.045776,-0.456543,0.773560
-0.335205,0.129395,0.850586
0.427856,-0.311035,0.958496
-0.508057,-0.038818,0.745117
0.190186,0.001587,1.000854
0.080200,-0.479858,0.783569
-0.403442,0.121948,0.826294
0.437744,-0.284668,0.976074
-0.468140,-0.113037,0.723633
0.117065,0.047241,0.996582
0.119507,-0.478882,0.794067
-0.457397,0.091187,0.794556
0.464478,-0.256592,1.004761
-0.419800,-0.146851,0.727539
0.030518,0.124390,1.004028
0.183716,-0.466553,0.821045
-0.503174,0.062988,0.767212
0.472290,-0.268066,1.016479
-0.355103,-0.172729,0.760498
-0.048340,0.176636,0.995239
0.253662,-0.441772,0.856079
-0.532959,0.014893,0.734009
0.456909,-0.240479,1.028442
-0.250488,-0.238892,0.775635
-0.098145,0.231812,1.010986
0.282837,-0.430298,0.883423
-0.552124,0.029175,0.752075
0.436035,-0.224487,1.027832
-0.186035,-0.265625,0.792236
-0.143433,0.206665,0.985107
0.312500,-0.368286,0.910767
-0.553711,0.030151,0.759277
0.410278,-0.208252,1.023315
-0.107788,-0.320557,0.812134
-0.202637,0.207397,0.960938
0.350586,-0.393799,0.922607
-0.534790,0.006104,0.762817
0.375366,-0.160645,1.035278
-0.055054,-0.381226,0.786377
-0.218750,0.178711,0.939819
0.376953,-0.377563,0.940308
-0.536377,0.000732,0.765625
0.348877,-0.136475,1.020142
-0.000122,-0.440063,0.781250
-0.274048,0.176636,0.920288
0.413330,-0.374878,0.949585
-0.519531,-0.065186,0.737671
0.282715,-0.109985,0.999512
0.033447,-0.445435,0.786377
-0.299438,0.112427,0.866455
0.440674,-0.333252,0.976318
-0.508911,-0.087280,0.729736
0.242920,-0.075073,1.012573
0.069092,-0.475098,0.792847
-0.346069,0.104736,0.849487
0.452148,-0.317017,0.990601
-0.479736,-0.077393,0.751343
0.196899,-0.015625,1.023071
0.103394,-0.484009,0.794189
-0.401855,0.116333,0.836792
0.458374,-0.289429,1.000977
-0.438721,-0.145508,0.744873
0.118896,0.016357,1.001953
0.146851,-0.489746,0.808594
-0.435547,0.093018,0.815552
0.475952,-0.269409,1.016968
-0.410278,-0.135620,0.756104
0.047607,0.087646,1.008057
0.221680,-0.497314,0.843384
-0.464844,0.044922,0.777710
0.465210,-0.247192,1.024780
-0.346436,-0.178955,0.770264
-0.013306,0.133057,1.008179
0.279541,-0.507324,0.876221
-0.492920,0.011353,0.767700
0.456787,-0.216064,1.045654
-0.260010,-0.206665,0.798340
-0.081543,0.172485,1.009399
0.317139,-0.480103,0.904419
-0.503540,-0.010742,0.765747
0.433716,-0.164795,1.071777
-0.184814,-0.233032,0.810425
-0.148193,0.192871,0.996582
0.355835,-0.468628,0.928345
-0.519409,-0.025879,0.762085
0.407104,-0.156616,1.060425
-0.069336,-0.327148,0.824341
-0.194946,0.221924,0.984497
0.380493,-0.381592,0.945312
-0.506348,-0.045776,0.755859
0.377808,-0.156372,1.058838
0.001343,-0.418823,0.819946
-0.240479,0.189941,0.963379
0.406006,-0.355469,0.966797
-0.505371,-0.071533,0.743896
0.327881,-0.113647,1.050903
0.059937,-0.467651,0.820068
-0.287231,0.163086,0.922852
0.440552,-0.327026,0.987427
-0.477905,-0.062744,0.768921
0.248413,-0.059082,1.041016
0.096313,-0.485229,0.819946
-0.332275,0.104492,0.879150
0.464844,-0.275146,1.033691
-0.432373,-0.128296,0.765137
0.162231,0.018311,1.025635
0.149658,-0.487915,0.837280
-0.399414,0.075562,0.849731
0.503540,-0.285400,1.059814
-0.390991,-0.165161,0.757935
0.082520,0.106079,1.034302
0.233765,-0.471313,0.874268
-0.437378,0.036621,0.817627
0.498901,-0.264771,1.073853
-0.329834,-0.230713,0.762085
0.008789,0.170410,1.047485
0.293457,-0.449219,0.910522
-0.486694,0.025146,0.794312
0.484985,-0.229492,1.088867
-0.241943,-0.253540,0.802612
-0.069336,0.207764,1.030151
0.323853,-0.398438,0.945068
-0.497925,-0.012939,0.789917
0.471924,-0.225464,1.093384
-0.142456,-0.306396,0.834961
-0.127197,0.222412,1.017944
0.367310,-0.373291,0.967773
-0.500366,-0.026123,0.787354
0.444580,-0.185303,1.096191
-0.071289,-0.363281,0.824463
-0.159546,0.196045,1.017212
0.404297,-0.366333,0.981201
-0.499756,-0.032104,0.785034
0.408447,-0.172363,1.079224
0.009277,-0.423706,0.842529
-0.209229,0.188721,0.986450
0.434692,-0.326416,1.011475
-0.475098,-0.056152,0.771118
0.348877,-0.106567,1.074585
0.057495,-0.442261,0.848511
-0.249512,0.153564,0.972290
0.463013,-0.319702,1.029785
-0.457153,-0.080200,0.778076
0.298584,-0.056885,1.069214
0.094849,-0.449219,0.848755
-0.300537,0.151733,0.953369
0.490356,-0.307007,1.049805
-0.437134,-0.093384,0.775146
0.232788,0.001343,1.069092
0.143921,-0.439087,0.866455
-0.342407,0.112183,0.923218
0.507935,-0.265991,1.096680
-0.407227,-0.150146,0.774780
0.174683,0.048340,1.063599
0.214233,-0.470581,0.888672
-0.398071,0.074707,0.862915
0.526245,-0.245972,1.096558
-0.336182,-0.186768,0.791138
0.076782,0.120728,1.059204
0.293701,-0.481079,0.919556
-0.423706,0.024048,0.824463
0.512573,-0.202148,1.109741
-0.280884,-0.213135,0.802979
0.005737,0.150757,1.055420
0.358276,-0.485107,0.944214
-0.468750,0.057251,0.815552
0.481567,-0.173218,1.112549
-0.171387,-0.247070,0.834595
-0.055298,0.200806,1.069336
0.365723,-0.434326,0.966797
-0.489502,0.012085,0.813477
0.483398,-0.174805,1.124023
-0.084106,-0.293701,0.851929
-0.121582,0.250244,1.071777
0.420288,-0.387207,1.001709
-0.478027,-0.015259,0.807617
0.430786,-0.149902,1.112915
0.025513,-0.391724,0.863037
-0.184448,0.224365,1.038940
0.463013,-0.325073,1.038818
-0.460693,-0.053955,0.794922
0.371582,-0.098755,1.108276
0.076172,-0.427490,0.858521
-0.231934,0.178955,1.001587
0.479858,-0.264771,1.076904
-0.437012,-0.088501,0.787354
0.305176,-0.041382,1.092285
0.137817,-0.442505,0.884155
-0.314819,0.160156,0.966187
0.523193,-0.256470,1.105591
-0.400391,-0.121826,0.794678
0.215820,0.022217,1.076782
0.210815,-0.483276,0.901733
-0.340576,0.072998,0.909302
0.531128,-0.213745,1.139282
-0.350342,-0.178711,0.797363
0.139282,0.105957,1.077515
0.285034,-0.512573,0.926880
-0.415039,0.073853,0.864136
0.533081,-0.198120,1.133789
-0.272705,-0.212280,0.820190
0.059326,0.176880,1.093872
0.326050,-0.461670,0.950806
-0.445435,0.049927,0.846313
0.538818,-0.216187,1.142822
-0.210205,-0.263794,0.844116
-0.023315,0.218872,1.081299
0.367188,-0.408081,0.984741
-0.443481,0.006592,0.840210
0.520874,-0.194092,1.153442
-0.141724,-0.279663,0.854004
-0.064453,0.233887,1.080200
0.407715,-0.370972,1.004272
-0.456787,-0.010498,0.827759
0.489014,-0.163696,1.145142
-0.016479,-0.359009,0.883667
-0.122681,0.228516,1.071777
0.442017,-0.330200,1.036865
-0.469604,-0.021118,0.819580
0.442017,-0.111450,1.157837
0.041016,-0.413818,0.870483
-0.163208,0.212769,1.062134
0.474854,-0.308838,1.062256
-0.458740,-0.022827,0.807617
0.379761,-0.064453,1.134277
0.073853,-0.410034,0.893677
-0.217041,0.175171,1.046997
0.511230,-0.272583,1.111328
-0.457886,-0.062378,0.795654
0.339478,-0.035278,1.130249
0.138062,-0.409546,0.918579
-0.289917,0.178589,1.011475
0.541260,-0.263550,1.128784
-0.400879,-0.093018,0.810059
0.257202,0.021729,1.116943
0.192383,-0.432007,0.939941
-0.325439,0.128784,0.948730
0.569580,-0.253906,1.143921
-0.357666,-0.141724,0.817383
0.171143,0.103149,1.115112
0.257080,-0.446045,0.952881
-0.378418,0.064087,0.907471
0.573730,-0.236206,1.158691
-0.293213,-0.176758,0.843628
0.090454,0.162354,1.102173
0.324951,-0.432617,0.979004
-0.419922,0.074951,0.887207
0.547241,-0.214600,1.149536
-0.211060,-0.239990,0.850342
0.022217,0.219849,1.111938
0.381592,-0.392212,0.997925
-0.453491,0.041870,0.861206
0.527954,-0.179688,1.173218
-0.110352,-0.320190,0.869385
-0.059082,0.221680,1.093140
0.412476,-0.353882,1.019775
-0.457031,-0.013428,0.826416
0.495117,-0.141235,1.174561
0.000610,-0.367065,0.891968
-0.107544,0.233276,1.091431
0.441772,-0.331421,1.038574
-0.452515,-0.034424,0.827148
0.459595,-0.109863,1.175049
0.026245,-0.371582,0.890015
-0.164307,0.222900,1.066162
0.484985,-0.282227,1.088257
-0.446655,-0.042725,0.812500
0.403809,-0.051147,1.171265
0.068848,-0.407104,0.908203
-0.247192,0.208252,1.049316
0.523804,-0.289795,1.118530
-0.421631,-0.078613,0.819092
0.323608,0.011475,1.160522
0.152222,-0.404175,0.937134
-0.321899,0.184814,0.989746
0.545776,-0.269287,1.138794
-0.363037,-0.156128,0.821655
0.256104,0.072632,1.150513
0.210938,-0.417847,0.940186
-0.359131,0.124023,0.944824
0.563232,-0.249512,1.148926
-0.315552,-0.208008,0.827271
0.175415,0.116455,1.133667
0.290161,-0.423706,0.966064
-0.397461,0.114746,0.909912
0.553955,-0.206543,1.145508
-0.259766,-0.226685,0.848022
0.094238,0.142090,1.118896
0.343262,-0.426514,0.992065
-0.436890,0.091309,0.875854
0.540649,-0.168945,1.154419
-0.190186,-0.254883,0.859863
0.008179,0.171509,1.106201
0.382935,-0.403320,1.010254
-0.450317,0.041260,0.859985
0.536743,-0.154907,1.171997
-0.095825,-0.297241,0.880249
-0.076660,0.198120,1.086304
0.422974,-0.377808,1.028076
-0.437134,0.009033,0.855957
0.507202,-0.113159,1.182129
-0.026367,-0.337891,0.877930
-0.132446,0.219727,1.077026
0.469116,-0.348511,1.055298
-0.448242,-0.044800,0.830566
0.445923,-0.077637,1.178589
0.009644,-0.320068,0.896729
-0.197021,0.223511,1.054077
0.493408,-0.301025,1.083984
-0.429932,-0.070557,0.827148
0.393677,-0.042847,1.169678
0.047607,-0.342773,0.913452
-0.251709,0.186401,1.014282
0.530151,-0.275635,1.131226
-0.414307,-0.125366,0.811157
0.314819,-0.013184,1.155762
0.142578,-0.378540,0.936157
-0.312622,0.151855,0.966187
0.542114,-0.248657,1.126587
-0.342529,-0.176025,0.821045
0.220703,0.051147,1.132935
0.227051,-0.415039,0.943604
-0.388062,0.107422,0.916504
0.562500,-0.208374,1.156250
-0.282837,-0.229004,0.815796
0.104248,0.133057,1.118286
0.297119,-0.410522,0.968872
-0.419434,0.064941,0.878052
0.538574,-0.180542,1.161621
-0.207886,-0.265869,0.831299
0.014526,0.190063,1.108643
0.370483,-0.390137,0.981812
-0.447266,0.029541,0.869995
0.522949,-0.178833,1.155640
-0.119263,-0.313477,0.852295
-0.066040,0.188477,1.088989
0.423828,-0.361572,1.021118
-0.450928,-0.011597,0.839355
0.479248,-0.107056,1.177979
-0.046387,-0.346680,0.853271
-0.154663,0.193726,1.054932
0.451416,-0.329712,1.057129
-0.452271,-0.074829,0.820801
0.426636,-0.068115,1.178467
0.005859,-0.348999,0.870850
-0.241577,0.216064,1.030762
0.501099,-0.288208,1.087158
-0.419678,-0.104614,0.816772
0.333008,-0.024536,1.159790
0.094360,-0.369751,0.913818
-0.313843,0.165283,0.969604
0.525757,-0.261963,1.105713
-0.359497,-0.166992,0.810547
0.234497,0.061279,1.148560
0.188354,-0.408447,0.924805
-0.382202,0.131348,0.913330
0.536011,-0.237305,1.111572
-0.309204,-0.230713,0.819824
0.124756,0.090454,1.114258
0.280151,-0.402466,0.970093
-0.436646,0.109131,0.878418
0.517456,-0.169678,1.128662
-0.238281,-0.250244,0.820923
0.027222,0.131836,1.098877
0.344971,-0.392334,0.987427
-0.463013,0.035034,0.845581
0.505249,-0.140503,1.151611
-0.104980,-0.315918,0.834717
-0.087524,0.186768,1.079834
0.405762,-0.366699,1.010742
-0.449951,-0.055908,0.819092
0.450684,-0.094971,1.158569
-0.071289,-0.316528,0.826172
-0.207886,0.221069,1.031372
0.466064,-0.318604,1.059937
-0.456665,-0.105469,0.803589
0.377808,-0.054932,1.161377
0.015259,-0.355957,0.864990
-0.305298,0.204834,0.984741
0.498535,-0.296143,1.079712
-0.413940,-0.157715,0.783691
0.280273,-0.027100,1.134399
0.129395,-0.394653,0.897461
-0.378906,0.165161,0.929321
0.516113,-0.246704,1.100220
-0.348267,-0.201050,0.796265
0.149536,0.056152,1.094727
0.228149,-0.394531,0.944702
-0.435059,0.103149,0.871094
0.519653,-0.202026,1.112061
-0.268677,-0.258057,0.816772
0.014404,0.123169,1.067749
0.308716,-0.396362,0.961304
-0.456421,0.026489,0.838501
0.505737,-0.139526,1.149292
-0.156982,-0.303589,0.807739
-0.087524,0.167847,1.052612
0.369019,-0.377319,0.975586
-0.468628,-0.041260,0.817139
0.466187,-0.132935,1.143677
-0.104736,-0.349609,0.802002
-0.184814,0.198853,1.022949
0.429565,-0.342773,1.012817
-0.485962,-0.058838,0.798340
0.400879,-0.113770,1.139160
-0.036011,-0.343384,0.842773
-0.276855,0.196655,0.980225
0.461670,-0.274780,1.053589
-0.453857,-0.127930,0.777100
0.301392,-0.065552,1.120117
0.060669,-0.376099,0.872803
-0.358032,0.162964,0.928833
0.484131,-0.259033,1.067627
-0.407104,-0.156128,0.775879
0.192993,0.002441,1.097534
0.171875,-0.405884,0.916138
-0.437500,0.109863,0.863892
0.500854,-0.215698,1.106079
-0.353882,-0.208740,0.778442
0.065796,0.086792,1.064575
0.264893,-0.412109,0.929565
-0.476685,0.055176,0.839478
0.501953,-0.179688,1.122925
-0.204224,-0.291138,0.789673
-0.054077,0.136597,1.038452
0.318726,-0.391846,0.952759
-0.491455,-0.012695,0.799561
0.493286,-0.174072,1.132080
-0.131470,-0.326782,0.790283
-0.171875,0.185547,1.016602
0.375732,-0.343994,0.977905
-0.512329,-0.048706,0.777466
0.430176,-0.168091,1.117310
-0.080200,-0.339722,0.825195
-0.275391,0.202637,0.977905
0.416382,-0.303589,1.012085
-0.499146,-0.054443,0.783447
0.326416,-0.103516,1.101318
0.003418,-0.381958,0.848755
-0.332031,0.163940,0.923340
0.441528,-0.262085,1.040405
-0.457764,-0.114624,0.760254
0.247192,-0.025879,1.111816
0.079224,-0.401367,0.859009
-0.418213,0.145752,0.888672
0.481079,-0.249146,1.078979
-0.402344,-0.167236,0.766113
0.116455,0.084717,1.076050
0.182251,-0.407104,0.893188
-0.480835,0.106201,0.854004
0.489624,-0.243408,1.082031
-0.329956,-0.243286,0.770996
0.005127,0.134521,1.050659
0.249634,-0.395020,0.900146
-0.488647,0.047119,0.825806
0.489014,-0.202881,1.103394
-0.223267,-0.285400,0.777344
-0.077393,0.130737,1.010620
0.296997,-0.368042,0.923950
-0.508057,0.004028,0.789307
0.463501,-0.188477,1.106689
-0.163940,-0.336304,0.773193
-0.172729,0.157227,1.000854
0.347412,-0.357910,0.949707
-0.538818,-0.009399,0.781128
0.423584,-0.166382,1.110962
-0.129517,-0.351318,0.784790
-0.254639,0.184326,0.963257
0.390137,-0.325317,0.986694
-0.535034,-0.032959,0.757080
0.353760,-0.128296,1.100098
-0.051758,-0.377319,0.821899
-0.349609,0.192749,0.931274
0.431152,-0.302124,1.012207
-0.503052,-0.079590,0.734131
0.262695,-0.033203,1.079834
0.020020,-0.379395,0.843506
-0.411255,0.160034,0.902100
0.442993,-0.275513,1.036377
-0.448120,-0.141479,0.743042
0.156494,0.058105,1.077393
0.095215,-0.394897,0.853638
-0.476440,0.129395,0.862671
0.469727,-0.275513,1.046021
-0.408203,-0.220703,0.730835
0.057617,0.132202,1.057129
0.168823,-0.390991,0.869873
-0.517090,0.099609,0.825562
0.479126,-0.275024,1.056641
-0.293091,-0.268677,0.767700
-0.028442,0.126709,1.025635
0.222412,-0.380859,0.885986
-0.535522,0.043945,0.783813
0.457764,-0.230469,1.062378
-0.230591,-0.333862,0.755005
-0.100708,0.130981,0.999146
0.283936,-0.385986,0.899292
-0.561035,0.042725,0.767944
0.426147,-0.199585,1.062012
-0.187744,-0.341309,0.751709
-0.197510,0.155273,0.986328
0.354004,-0.373779,0.949341
-0.564575,0.008301,0.752563
0.360840,-0.104614,1.072754
-0.142944,-0.312500,0.784058
-0.289795,0.165405,0.956665
0.399292,-0.362427,0.982056
-0.566650,-0.042969,0.730225
0.304321,-0.068115,1.073853
-0.070435,-0.364746,0.780640
-0.366333,0.187744,0.913086
0.418701,-0.329712,0.992554
-0.509033,-0.112671,0.731567
0.219727,-0.031616,1.058960
-0.001587,-0.381348,0.805786
-0.449097,0.188843,0.883545
0.446167,-0.304443,1.014282
-0.490845,-0.125610,0.736084
0.117676,0.022095,1.032471
0.098511,-0.396484,0.851562
-0.507812,0.138062,0.840210
0.443970,-0.237183,1.043091
-0.382812,-0.226074,0.743774
0.006104,0.087280,1.027344
0.190552,-0.401611,0.871338
-0.540527,0.102905,0.808838
0.456299,-0.241943,1.042847
-0.276367,-0.263428,0.772949
-0.097534,0.115845,0.981079
0.267578,-0.406494,0.891113
-0.556885,0.049927,0.774170
0.422607,-0.177612,1.055908
-0.204224,-0.298096,0.752319
-0.211792,0.159302,0.962769
0.342041,-0.381348,0.941040
-0.574341,-0.007812,0.747192
0.352295,-0.147095,1.042603
-0.157593,-0.328491,0.751831
-0.307983,0.191040,0.931152
0.397217,-0.333008,0.975708
-0.562744,-0.062500,0.745361
0.266968,-0.102783,1.040283
-0.092163,-0.370972,0.765747
-0.399048,0.172119,0.879028
0.413696,-0.303345,0.994141
-0.497925,-0.118286,0.720093
0.160645,0.029663,1.044556
0.026123,-0.385986,0.813721
-0.491211,0.179810,0.866821
0.432983,-0.307129,1.007446
-0.471313,-0.181152,0.709229
0.063477,0.089600,1.023315
0.133423,-0.406128,0.828003
-0.545166,0.159912,0.845947
0.448853,-0.270996,1.015259
-0.384888,-0.215576,0.744263
-0.026123,0.096313,1.004517
0.206787,-0.402588,0.868408
-0.573975,0.118164,0.802368
0.424438,-0.196899,1.037720
-0.276367,-0.281860,0.729980
-0.122192,0.097168,0.958862
0.267212,-0.409668,0.889160
-0.578247,0.048584,0.751587
0.392578,-0.133789,1.047729
-0.208496,-0.303467,0.718384
-0.235962,0.185181,0.971313
0.340820,-0.412842,0.929199
-0.574707,-0.029053,0.733398
0.343994,-0.100220,1.039551
-0.167725,-0.299805,0.732788
-0.324097,0.180298,0.915649
0.385132,-0.375732,0.954346
-0.565430,-0.062866,0.709717
0.272827,-0.067749,1.040161
-0.076294,-0.369507,0.752686
-0.429199,0.210449,0.879761
0.409912,-0.329834,0.978394
-0.526489,-0.065918,0.737671
0.142334,-0.011108,1.015747
0.028198,-0.411011,0.806396
-0.499023,0.184204,0.837036
0.424927,-0.240356,1.007812
-0.461914,-0.146851,0.715698
0.046875,0.084351,1.027832
0.138184,-0.430054,0.843018
-0.566040,0.148193,0.815186
0.427246,-0.238403,1.005859
-0.355469,-0.200562,0.721558
-0.052734,0.158936,1.016479
0.222778,-0.405884,0.870728
-0.603394,0.106445,0.791626
0.424683,-0.246704,1.004517
-0.268066,-0.271362,0.712769
-0.124512,0.163696,0.969727
0.285645,-0.375732,0.895142
-0.613770,0.070801,0.747314
0.389160,-0.216187,0.998413
-0.206665,-0.360229,0.702148
-0.196899,0.146118,0.939331
0.310547,-0.347168,0.913452
-0.604248,0.064453,0.748169
0.359375,-0.186646,1.015259
-0.167847,-0.380859,0.725952
-0.267700,0.151367,0.915039
0.352539,-0.354248,0.924194
-0.609863,0.050903,0.732666
0.302246,-0.125854,1.008545
-0.106323,-0.367554,0.771118
-0.353516,0.146729,0.874390
0.368408,-0.313110,0.951172
-0.568481,0.002686,0.714478
0.238403,-0.033081,1.025146
-0.062988,-0.368408,0.780396
-0.429199,0.190430,0.877686
0.393066,-0.319824,0.957642
-0.540894,-0.068237,0.703125
0.182739,0.013550,1.010620
-0.016846,-0.381714,0.794189
-0.493164,0.204224,0.853760
0.403442,-0.278198,0.982666
-0.506836,-0.134155,0.708252
0.116821,0.029663,1.007690
0.037598,-0.378540,0.808472
-0.535767,0.204834,0.828247
0.420410,-0.254517,0.998657
-0.443115,-0.171143,0.726074
0.055054,0.073364,1.003052
0.104736,-0.410156,0.823730
-0.568970,0.194336,0.808228
0.417236,-0.229248,0.995850
-0.385010,-0.219971,0.724609
-0.009033,0.114990,1.012207
0.171509,-0.436890,0.838989
-0.585083,0.161011,0.784668
0.403564,-0.190552,1.000366
-0.315430,-0.241333,0.728271
-0.087646,0.147827,0.989746
0.250854,-0.453613,0.871216
-0.610474,0.127319,0.773193
0.399292,-0.153076,1.020020
-0.254883,-0.275269,0.710205
-0.162964,0.167969,0.967041
0.293579,-0.419678,0.899902
-0.609009,0.084473,0.751587
0.380005,-0.126831,1.019775
-0.201050,-0.296753,0.717651
-0.238159,0.186401,0.950195
0.345825,-0.420532,0.911377
-0.607788,0.049561,0.736206
0.327515,-0.098389,1.011475
-0.144775,-0.333252,0.719360
-0.307495,0.208862,0.917358
0.422852,-0.305176,1.009644
-0.598511,-0.019775,0.717041
0.176025,-0.034058,1.028320
-0.107178,-0.376831,0.736206
-0.467651,0.174683,0.856201
0.429443,-0.261963,1.015381
-0.561157,-0.050903,0.706787
0.081543,0.037231,1.029053
0.106079,-0.419067,0.838135
-0.534790,0.153687,0.815186
0.444458,-0.232788,1.024780
-0.358154,-0.229614,0.743896
-0.014648,0.113281,1.019775
0.191406,-0.433960,0.857422
-0.565063,0.084961,0.788330
0.432007,-0.201782,1.042847
-0.279419,-0.289429,0.711670
-0.114868,0.152710,0.998779
0.274292,-0.405640,0.878540
-0.581665,0.054199,0.763306
0.406982,-0.190308,1.040161
-0.208130,-0.324219,0.725952
-0.222900,0.174683,0.960327
0.322754,-0.338867,0.931152
-0.587769,0.006348,0.745850
0.358521,-0.162842,1.041748
-0.143433,-0.364258,0.746338
-0.321045,0.188110,0.919922
0.378174,-0.334351,0.953247
-0.581665,-0.027710,0.725464
0.270874,-0.078857,1.039185
-0.077637,-0.379028,0.778076
-0.395630,0.183228,0.891968
0.386963,-0.312134,0.973755
-0.543091,-0.057739,0.715820
0.185913,-0.024414,1.030640
0.012817,-0.427612,0.792236
-0.490845,0.212280,0.858032
0.417480,-0.268799,0.995728
-0.480469,-0.093140,0.745117
0.070557,0.057251,1.013306
0.097168,-0.427368,0.829712
-0.532227,0.144897,0.840454
0.438599,-0.242310,1.013184
-0.401123,-0.155762,0.743042
-0.026245,0.146362,1.007446
0.182129,-0.400146,0.860840
-0.572388,0.069946,0.775146
0.425171,-0.224365,1.029663
-0.311035,-0.278564,0.714233
-0.090942,0.150757,0.981812
0.250122,-0.380615,0.874023
-0.595581,0.086426,0.771851
0.396118,-0.199585,1.029297
-0.227417,-0.353149,0.710938
-0.180908,0.140137,0.950317
0.294678,-0.364258,0.901001
-0.599365,0.047852,0.746338
0.360107,-0.148438,1.041626
-0.172974,-0.358276,0.720703
-0.275391,0.160034,0.921143
0.339478,-0.346191,0.931519
-0.586670,0.011353,0.734619
0.321533,-0.117676,1.040771
-0.136230,-0.369019,0.746094
-0.364868,0.176147,0.877319
0.388550,-0.328369,0.955811
-0.558960,-0.022461,0.720459
0.232788,-0.046875,1.019409
-0.062866,-0.379272,0.772217
-0.450928,0.206421,0.865479
0.410400,-0.334351,0.970703
-0.538696,-0.096191,0.696289
0.155151,0.035400,1.014526
0.002319,-0.377441,0.791748
-0.494995,0.188354,0.853516
0.423828,-0.288086,0.999268
-0.492310,-0.143555,0.706665
0.074219,0.102783,1.032104
0.089355,-0.412231,0.814575
-0.555664,0.192383,0.836182
0.425293,-0.261230,0.995850
-0.403809,-0.189087,0.739624
0.007080,0.097290,1.007935
0.158203,-0.423828,0.833862
-0.585205,0.156494,0.805542
0.421753,-0.215088,1.017578
-0.320312,-0.250977,0.731079
-0.083252,0.134399,0.981445
0.233154,-0.424561,0.862305
-0.609619,0.103882,0.754395
0.411987,-0.172363,1.021362
-0.245483,-0.324585,0.703003
-0.164917,0.167236,0.966675
0.299927,-0.368896,0.903931
-0.608398,0.089355,0.759277
0.390015,-0.172729,1.026245
-0.187622,-0.357056,0.710938
-0.269043,0.183105,0.927612
0.350586,-0.379028,0.918579
-0.593872,0.057861,0.755371
0.322632,-0.104248,1.027100
-0.159668,-0.354126,0.725464
-0.332764,0.182373,0.896118
0.383057,-0.373291,0.936035
-0.581665,-0.014893,0.717651
0.249268,-0.041382,1.013672
-0.099121,-0.362915,0.746582
-0.407471,0.212280,0.880615
0.402466,-0.336304,0.962646
-0.538452,-0.073242,0.716553
0.170288,0.013672,1.015991
-0.035034,-0.390503,0.767090
-0.481934,0.195557,0.853882
0.422119,-0.285522,0.984497
-0.497803,-0.111572,0.720459
0.083740,0.078613,1.010742
0.051025,-0.414673,0.796265
-0.532471,0.183960,0.835815
0.439331,-0.255493,1.009033
-0.422241,-0.144531,0.743896
-0.012207,0.137939,1.005127
0.148438,-0.408813,0.838867
-0.572510,0.145996,0.800049
0.428467,-0.226929,1.005859
-0.333374,-0.197144,0.740845
-0.083008,0.177979,0.988037
0.228027,-0.390259,0.876465
-0.601929,0.085449,0.757812
0.405518,-0.191528,1.013550
-0.253784,-0.287231,0.713379
-0.165649,0.195679,0.969849
0.297607,-0.379883,0.894409
-0.599243,0.055054,0.751953
0.363281,-0.122925,1.037231
-0.182617,-0.347168,0.704956
-0.252075,0.194946,0.927979
0.356934,-0.367554,0.916382
-0.614014,0.025513,0.721680
0.310303,-0.113403,1.016602
-0.123779,-0.380981,0.722656
-0.343262,0.213989,0.902344
0.380371,-0.313965,0.948853
-0.576050,-0.010498,0.714355
0.209717,-0.041016,1.009399
-0.058594,-0.428833,0.748291
-0.431519,0.196411,0.867554
0.410034,-0.273193,0.976074
-0.532837,-0.059448,0.715454
0.101929,0.065918,1.007935
0.060303,-0.418945,0.804321
-0.522217,0.185547,0.844849
0.411743,-0.234741,0.991577
-0.437500,-0.125854,0.731445
0.019775,0.139038,1.007935
0.163696,-0.411621,0.835938
-0.574951,0.149170,0.811523
0.402466,-0.183838,1.008911
-0.310303,-0.216797,0.735718
-0.081421,0.165649,0.978882
0.231934,-0.401123,0.869507
-0.596069,0.094482,0.770264
0.398560,-0.149292,1.022339
-0.214478,-0.313599,0.722168
-0.204590,0.202026,0.944092
0.303955,-0.357178,0.908936
-0.590576,0.028076,0.732422
0.356689,-0.114136,1.038696
-0.147217,-0.377075,0.705688
-0.301880,0.217896,0.909058
0.366943,-0.340942,0.920654
-0.590576,0.015869,0.721191
0.273682,-0.082886,1.004517
-0.066772,-0.416504,0.744141
-0.395020,0.195679,0.857544
0.386597,-0.290894,0.947876
-0.542725,-0.033813,0.705444
0.170288,0.030151,1.007812
0.012451,-0.411987,0.782471
-0.494385,0.209106,0.846436
0.416260,-0.259766,0.967163
-0.484863,-0.099121,0.705078
0.067383,0.119141,1.018677
0.117432,-0.404907,0.828247
-0.564697,0.183105,0.817383
0.408936,-0.202148,0.996582
-0.356445,-0.187012,0.735474
-0.021606,0.150269,1.006592
0.198730,-0.396729,0.850342
-0.606812,0.139893,0.784302
0.409424,-0.179688,1.007202
-0.243652,-0.295776,0.712891
-0.136963,0.169922,0.960083
0.280273,-0.350342,0.896606
-0.608887,0.111694,0.754517
0.381104,-0.145874,1.015991
-0.161133,-0.336670,0.738159
-0.241089,0.177490,0.921997
0.348633,-0.344604,0.927979
-0.613281,0.057007,0.720459
0.314575,-0.091187,1.018311
-0.103760,-0.407349,0.728271
-0.314209,0.181152,0.885132
0.382812,-0.294189,0.943359
-0.568115,-0.001953,0.710449
0.223145,-0.006958,1.008423
-0.027466,-0.390991,0.765503
-0.437988,0.174072,0.836304
0.406372,-0.253784,0.974609
-0.510742,-0.067261,0.708008
0.126587,0.089600,1.013184
0.036011,-0.397095,0.787598
-0.514648,0.195068,0.828369
0.430176,-0.242432,0.989868
-0.414917,-0.123291,0.741943
0.026123,0.168213,1.013184
0.135010,-0.410156,0.817383
-0.574341,0.187500,0.803589
0.433472,-0.205200,1.004395
-0.322998,-0.178345,0.754028
-0.061768,0.182373,0.991089
0.213501,-0.421265,0.840332
-0.600952,0.128174,0.767822
0.428101,-0.162109,1.030518
-0.227173,-0.290039,0.724731
-0.149292,0.223755,0.972534
0.279175,-0.354248,0.883057
-0.601807,0.085205,0.752808
0.381226,-0.156860,1.015503
-0.164185,-0.353760,0.718628
-0.210449,0.202759,0.939209
0.347534,-0.346191,0.903442
-0.621582,0.079712,0.731445
0.326172,-0.142700,1.008301
-0.075317,-0.421631,0.743896
-0.296143,0.204102,0.892578
0.365601,-0.283447,0.938232
-0.593384,0.084473,0.735840
0.265137,-0.067627,0.980957
-0.026978,-0.421265,0.748535
-0.389526,0.170776,0.855591
0.399048,-0.243530,0.964478
-0.541748,-0.013550,0.705933
0.149170,0.039062,0.988525
0.034058,-0.416382,0.766602
-0.490479,0.186279,0.842651
0.436890,-0.257935,0.986328
-0.451538,-0.093750,0.742798
0.053711,0.167847,1.013428
0.116699,-0.374146,0.812622
-0.556152,0.150879,0.796509
0.433716,-0.241943,0.990112
-0.352905,-0.175415,0.755615
-0.025391,0.180786,1.001099
0.194946,-0.383301,0.853516
-0.603760,0.141357,0.777832
0.424194,-0.182373,1.021851
-0.252197,-0.277222,0.724243
-0.118286,0.213135,0.972778
0.287354,-0.372070,0.880249
-0.611206,0.144653,0.776001
0.389160,-0.140991,1.018311
-0.175781,-0.317749,0.734863
-0.187134,0.167236,0.926636
0.331421,-0.347656,0.908569
-0.604858,0.088867,0.758911
0.366577,-0.114502,1.026489
-0.109375,-0.367798,0.741333
-0.295898,0.186768,0.876221
0.360596,-0.314087,0.931641
-0.561646,0.031006,0.737549
0.300171,-0.058228,1.014526
-0.047485,-0.398682,0.736206
-0.381226,0.225220,0.859619
0.403442,-0.301392,0.928101
-0.548584,-0.028931,0.716064
0.211304,-0.025513,0.997803
-0.017334,-0.397705,0.769043
-0.459106,0.213989,0.837646
0.430542,-0.268677,0.962402
-0.478760,-0.076538,0.744873
0.095703,0.085693,1.014160
0.069458,-0.419556,0.794434
-0.511597,0.175293,0.813354
0.431274,-0.211914,0.994751
-0.420288,-0.105347,0.739380
0.030518,0.134644,1.005859
0.179932,-0.427734,0.840576
-0.584473,0.153442,0.776489
0.424194,-0.171265,1.012573
-0.272339,-0.215332,0.741211
-0.088867,0.213013,0.987305
0.256470,-0.388184,0.878784
-0.602173,0.096924,0.750000
0.410767,-0.140625,1.024170
-0.173096,-0.304565,0.741577
-0.177368,0.230103,0.955688
0.321777,-0.355347,0.900635
-0.609497,0.073730,0.741333
0.375732,-0.150635,1.014282
-0.097778,-0.384521,0.743042
-0.276001,0.201538,0.879639
0.359741,-0.295898,0.917725
-0.575928,0.073364,0.733765
0.305786,-0.086914,1.005981
-0.031860,-0.428101,0.750488
-0.372070,0.185547,0.848755
0.404785,-0.265381,0.945068
-0.536377,0.033569,0.732422
0.184937,0.033081,1.002808
0.043823,-0.409180,0.791992
-0.451050,0.170410,0.824585
0.426636,-0.250488,0.963013
-0.476074,-0.032104,0.742310
0.089844,0.127563,1.001221
0.107788,-0.397949,0.809937
-0.524780,0.153564,0.797729
0.436279,-0.201904,1.003784
-0.373291,-0.132446,0.747803
0.010742,0.195679,1.018555
0.190430,-0.394531,0.835693
-0.582031,0.155396,0.770508
0.421875,-0.179932,1.004028
-0.274536,-0.240723,0.741333
-0.069824,0.181885,0.985229
0.259399,-0.384399,0.882568
-0.602173,0.139038,0.756226
0.408569,-0.147095,1.011597
-0.169067,-0.293213,0.755493
-0.158569,0.203491,0.951416
0.320801,-0.393555,0.905273
-0.601807,0.087036,0.752319
0.390625,-0.119263,1.023315
-0.120605,-0.338013,0.731689
-0.257935,0.218140,0.903320
0.379028,-0.351318,0.930298
-0.559326,0.013672,0.744751
0.307495,-0.054932,1.012451
-0.062256,-0.376709,0.728516
-0.344604,0.207153,0.854492
0.408691,-0.325562,0.941650
-0.533447,-0.059204,0.729614
0.239014,-0.030151,1.005127
-0.010010,-0.390747,0.751709
-0.413330,0.204834,0.836182
0.420288,-0.253540,0.959839
-0.483765,-0.093018,0.734009
0.135620,0.030151,1.002319
0.059204,-0.413086,0.792725
-0.486572,0.178467,0.812622
0.430176,-0.202881,0.983276
-0.425415,-0.104492,0.743286
0.052612,0.111694,1.015625
0.149292,-0.424683,0.831421
-0.552002,0.169067,0.786865
0.426880,-0.165161,1.000122
-0.310181,-0.180298,0.757080
-0.053833,0.168091,0.996826
0.235840,-0.410156,0.869141
-0.586548,0.119507,0.755371
0.425293,-0.135620,1.028442
-0.201294,-0.264038,0.743286
-0.150391,0.213257,0.957275
0.305176,-0.382690,0.893555
-0.598755,0.078369,0.742432
0.395630,-0.130981,1.027222
-0.096802,-0.352905,0.747437
-0.255127,0.221191,0.911011
0.360962,-0.346069,0.916992
-0.577026,0.046021,0.751587
0.333984,-0.097900,1.004761
-0.044556,-0.399048,0.746704
-0.332520,0.209106,0.864014
0.401123,-0.299927,0.938965
-0.543091,-0.009155,0.734863
0.231689,-0.045898,0.983521
0.016724,-0.418823,0.765747
-0.414429,0.183105,0.833130
0.425293,-0.254517,0.948975
-0.480469,-0.052612,0.750977
0.113403,0.071533,1.003052
0.097290,-0.424561,0.807495
-0.507446,0.154785,0.801025
0.446167,-0.238647,0.995483
-0.379150,-0.125977,0.758667
0.005737,0.162476,0.998901
0.184082,-0.392212,0.836182
-0.580322,0.129883,0.775024
0.427979,-0.209595,1.008057
-0.235596,-0.262451,0.761841
-0.069458,0.196289,0.996826
0.251099,-0.341309,0.877808
-0.612305,0.124390,0.752686
0.431030,-0.218262,1.018311
-0.134155,-0.351685,0.760864
-0.180420,0.190796,0.930176
0.328857,-0.320068,0.895264
-0.590698,0.105591,0.761841
0.362915,-0.144531,1.002075
-0.050049,-0.418701,0.773315
-0.256226,0.158081,0.879395
0.367432,-0.278809,0.927979
-0.560547,0.052612,0.730591
0.268433,-0.052856,0.985718
-0.007935,-0.441162,0.753540
-0.348755,0.108032,0.833740
0.411255,-0.262695,0.959229
-0.517090,-0.024414,0.725830
0.182983,0.068604,1.020508
0.041870,-0.414062,0.770874
-0.430542,0.151367,0.815674
0.436768,-0.284668,0.972656
-0.472778,-0.093018,0.744385
0.115845,0.091431,1.007446
0.105957,-0.411987,0.798584
-0.508057,0.157593,0.792480
0.434937,-0.213989,0.998047
-0.376953,-0.144531,0.755005
0.018433,0.137573,0.998901
0.179810,-0.417969,0.841064
-0.575317,0.142212,0.766602
0.438110,-0.198242,1.005737
-0.281616,-0.198975,0.758667
-0.082397,0.216187,1.000366
0.255737,-0.412354,0.871948
-0.576172,0.064941,0.753418
0.438110,-0.166992,1.031006
-0.173950,-0.280029,0.754883
-0.186523,0.217163,0.940308
0.337524,-0.366333,0.913452
-0.574585,0.056763,0.750122
0.383789,-0.133301,1.027222
-0.076172,-0.366943,0.763062
-0.260376,0.207397,0.896240
0.369873,-0.331299,0.927246
-0.550781,0.005493,0.741943
0.305054,-0.072998,1.003296
-0.016968,-0.418335,0.758179
-0.334351,0.166382,0.854126
0.410767,-0.285522,0.954468
-0.537109,-0.028076,0.728882
0.201660,-0.025024,0.991455
0.051147,-0.446899,0.777710
-0.431274,0.157471,0.820312
0.436279,-0.229858,0.980225
-0.475098,-0.096313,0.729248
0.101929,0.081665,1.005737
0.124023,-0.448364,0.808472
-0.512085,0.145996,0.791138
0.445923,-0.215820,0.994385
-0.388306,-0.159912,0.743896
0.003052,0.146118,1.006348
0.217773,-0.444214,0.845215
-0.562988,0.126221,0.776245
0.435669,-0.198608,1.012451
-0.278442,-0.214844,0.760986
-0.096924,0.185059,0.979736
0.282959,-0.415894,0.875366
-0.579834,0.094360,0.750732
0.417969,-0.149658,1.018799
-0.162109,-0.280884,0.766357
-0.195557,0.200928,0.934937
0.340454,-0.404175,0.915405
-0.577026,0.051514,0.753052
0.372314,-0.115967,1.027954
-0.064331,-0.357544,0.764648
-0.274170,0.218018,0.894897
0.374512,-0.358154,0.919556
-0.532349,-0.024048,0.751587
0.293091,-0.059082,1.003418
-0.022095,-0.402710,0.747192
-0.341919,0.165894,0.843140
0.417114,-0.318726,0.952759
-0.511597,-0.067017,0.735718
0.200562,-0.013916,1.001099
0.030884,-0.441040,0.766235
-0.410034,0.145508,0.823242
0.431396,-0.263794,0.967896
-0.463379,-0.086792,0.752197
0.113647,0.060059,1.009766
0.103149,-0.422485,0.800659
-0.495605,0.135254,0.782959
-0.376343,-0.133911,0.761719
0.014282,0.111816,0.992798
-0.546265,0.103760,0.752563
0.425537,-0.151245,1.022949
-0.243408,-0.192627,0.778564
-0.111450,0.200562,0.984009
0.282715,-0.427246,0.886963
-0.558960,0.038696,0.741089
0.416382,-0.157349,1.028687
-0.127930,-0.290405,0.772583
-0.210571,0.221313,0.940674
0.345459,-0.358154,0.918579
-0.546509,0.011841,0.742676
0.339478,-0.114014,1.011230
-0.037231,-0.394653,0.762695
-0.295654,0.199341,0.886108
0.412109,-0.350708,0.936401
-0.529541,-0.027588,0.744019
0.231201,-0.041260,0.992676
0.031860,-0.430664,0.749512
-0.383667,0.160889,0.829346
0.443115,-0.281128,0.963379
-0.482056,-0.100586,0.742065
0.109131,0.016479,0.986084
0.107178,-0.459473,0.794678
-0.485962,0.117798,0.787109
0.452393,-0.229614,0.996582
-0.358765,-0.145874,0.759766
-0.038452,0.161865,0.988770
0.226196,-0.446167,0.853149
-0.553711,0.070068,0.747803
0.432739,-0.196167,1.026001
-0.199463,-0.256958,0.769409
-0.144409,0.206787,0.959473
0.308472,-0.382202,0.897339
-0.570068,0.036621,0.750000
0.388428,-0.154663,1.031006
-0.060303,-0.389404,0.770874
-0.248779,0.206665,0.911133
0.376099,-0.314209,0.936768
-0.546509,-0.025024,0.721680
0.297241,-0.116455,0.995361
0.006226,-0.446655,0.764526
-0.334595,0.151245,0.844238
0.423950,-0.283569,0.965698
-0.507812,-0.014648,0.751099
0.176392,0.008179,0.994507
0.058716,-0.435181,0.783203
-0.436279,0.080444,0.792358
0.448242,-0.250732,1.005371
-0.429932,-0.102173,0.743042
0.051880,0.162842,1.020386
0.159180,-0.424316,0.815552
-0.524658,0.082397,0.765991
0.453125,-0.271851,1.004639
-0.319092,-0.213013,0.752686
-0.046509,0.232422,1.021240
0.235596,-0.380127,0.856934
-0.576294,0.065063,0.735474
0.458252,-0.251221,1.018188
-0.195923,-0.272217,0.787598
-0.121216,0.187500,0.962646
0.286865,-0.344849,0.892578
-0.583008,0.086304,0.760620
0.417236,-0.188599,1.028564
-0.090332,-0.353394,0.776978
-0.214600,0.196533,0.934082
0.348999,-0.351196,0.914673
-0.558350,0.051758,0.748413
0.357544,-0.124390,1.016479
-0.020630,-0.402222,0.777832
-0.299316,0.190186,0.888062
0.410767,-0.375244,0.933716
-0.539551,-0.051392,0.728027
0.267334,-0.049438,1.000244
0.018188,-0.419434,0.760132
-0.355347,0.151367,0.845703
0.420166,-0.322876,0.961426
-0.496826,-0.105713,0.740479
0.193726,-0.022095,1.006958
0.068726,-0.439819,0.773682
-0.426880,0.141113,0.811401
0.433105,-0.258789,0.978882
-0.441528,-0.095947,0.754395
0.110718,0.036621,1.001221
0.118530,-0.479736,0.791870
-0.497925,0.104004,0.758179
0.453491,-0.224487,0.997192
-0.378174,-0.145142,0.747681
0.006836,0.148682,1.017944
0.221436,-0.479126,0.840942
-0.544312,0.084473,0.760498
0.448730,-0.235352,1.000610
-0.311646,-0.172241,0.755249
-0.079102,0.187012,0.986816
0.287842,-0.442261,0.885620
-0.556396,0.044434,0.749268
0.431519,-0.187622,1.026733
-0.191528,-0.242432,0.774536
-0.154541,0.222412,0.972534
0.326416,-0.405396,0.904419
-0.557007,0.028076,0.760376
0.395020,-0.175659,1.021484
-0.112061,-0.337036,0.775024
-0.201050,0.229736,0.958374
0.366821,-0.353882,0.924927
-0.555786,0.005493,0.745239
0.358398,-0.159058,1.009644
-0.039795,-0.413208,0.772339
-0.252686,0.188477,0.904907
0.381348,-0.312744,0.939819
-0.547852,-0.045044,0.721802
0.298584,-0.123657,0.997681
0.027466,-0.463867,0.778564
-0.312256,0.147095,0.862427
0.395386,-0.282349,0.957642
-0.527222,-0.048828,0.727539
0.228027,-0.076660,0.985596
0.066406,-0.489990,0.773804
-0.361938,0.114258,0.827881
0.442017,-0.266113,0.987793
-0.493042,-0.025513,0.751953
0.153687,0.021362,1.003906
0.109009,-0.484497,0.790405
-0.434326,0.104126,0.812256
0.448730,-0.266968,0.996704
-0.434082,-0.112671,0.735229
0.062256,0.106812,1.001953
0.156616,-0.463501,0.813843
-0.497681,0.088379,0.775635
0.463379,-0.258423,1.013672
-0.371826,-0.160400,0.755249
-0.019775,0.175415,1.000854
0.214722,-0.437378,0.848755
-0.522339,0.042236,0.751343
0.453735,-0.246582,1.023926
-0.295776,-0.229492,0.750366
-0.077271,0.211792,1.007690
0.277344,-0.427368,0.875610
-0.555786,0.031616,0.750610
0.435425,-0.228882,1.023804
-0.193848,-0.276855,0.783447
-0.135742,0.214844,0.984375
0.312744,-0.384521,0.904785
-0.566528,0.054810,0.752930
0.407471,-0.197021,1.028687
-0.088745,-0.354370,0.802124
-0.195190,0.188721,0.957886
0.347290,-0.354736,0.928345
-0.558472,0.036377,0.755371
0.365112,-0.167480,1.016235
-0.019653,-0.408447,0.788452
-0.249878,0.178955,0.910156
0.380371,-0.353760,0.927612
-0.546265,-0.013306,0.737549
0.312622,-0.124756,0.991333
0.031494,-0.451050,0.788818
-0.315918,0.155640,0.862427
0.421265,-0.326294,0.960449
-0.514404,-0.072632,0.729370
0.237305,-0.067627,0.995483
0.067505,-0.480835,0.779541
-0.370972,0.138916,0.835693
0.437378,-0.292358,0.970703
-0.479248,-0.073730,0.744507
0.164795,-0.000610,1.000000
0.107788,-0.484375,0.792358
-0.440796,0.110840,0.806152
0.450928,-0.300537,0.990601
-0.436768,-0.145996,0.730225
0.091431,0.091553,1.022949
0.138062,-0.447632,0.807861
-0.485352,0.092651,0.783813
0.472290,-0.289795,1.001587
-0.371826,-0.189819,0.751343
0.000000,0.150146,1.006714
0.205200,-0.441895,0.841675
-0.530151,0.039185,0.752563
0.473022,-0.281738,1.018555
-0.292847,-0.240967,0.768066
-0.066895,0.191772,0.997437
0.266113,-0.390259,0.875244
-0.563232,0.048462,0.736328
0.442993,-0.275513,1.016113
-0.181519,-0.287476,0.806030
-0.138184,0.190308,0.978760
0.312500,-0.402588,0.895386
-0.563721,0.081055,0.757080
0.404663,-0.191650,1.023682
-0.069824,-0.352173,0.811279
-0.210449,0.184570,0.952026
0.352417,-0.378174,0.925049
-0.540771,-0.002563,0.740234
0.355225,-0.150024,1.016357
-0.027344,-0.388062,0.795044
-0.252441,0.168701,0.922485
0.389771,-0.349121,0.948486
-0.529541,-0.027466,0.746338
0.292236,-0.110352,0.997437
0.035156,-0.456299,0.784912
-0.308960,0.130615,0.863403
0.411865,-0.304688,0.969849
-0.513062,-0.030396,0.749878
0.228516,-0.072510,0.991821
0.075073,-0.495483,0.783203
-0.368896,0.096069,0.836426
0.443848,-0.277466,0.991333
-0.481812,-0.082764,0.735352
0.144043,0.025879,0.998047
0.136108,-0.499878,0.802124
-0.439697,0.100586,0.805664
0.458374,-0.268188,0.990601
-0.408203,-0.125977,0.751465
0.047363,0.110474,1.001343
0.194214,-0.468140,0.839844
-0.488281,0.051514,0.765869
0.464844,-0.260376,1.020630
-0.343262,-0.185547,0.759399
-0.029419,0.160645,0.999512
0.250610,-0.450073,0.872803
-0.519409,0.019409,0.739380
0.461182,-0.252075,1.032959
-0.264038,-0.249756,0.766724
-0.107544,0.210693,0.995239
0.347168,-0.327026,0.911743
-0.582397,0.043091,0.737671
0.358276,-0.148315,1.017090
-0.144653,-0.307129,0.794189
-0.267334,0.193848,0.883789
0.375366,-0.302368,0.938965
-0.562988,0.013916,0.735840
0.292603,-0.098633,0.993286
0.009766,-0.449463,0.762207
-0.326904,0.157959,0.858398
0.406738,-0.294067,0.950439
-0.533691,0.004272,0.729858
0.217285,-0.009888,0.988037
0.054932,-0.451172,0.776733
-0.380615,0.120117,0.829956
0.424194,-0.277588,0.964355
-0.498169,-0.044434,0.726807
0.150269,0.054077,1.001831
0.091064,-0.424561,0.796509
-0.453735,0.112305,0.800415
0.442749,-0.249634,0.983887
-0.442871,-0.091431,0.743408
0.079102,0.133911,1.016602
0.149292,-0.425171,0.817505
-0.530273,0.113770,0.773071
0.453735,-0.248535,1.001709
-0.358765,-0.165039,0.752563
-0.008789,0.187256,1.010010
0.217529,-0.396973,0.861450
-0.563843,0.097900,0.755249
0.450562,-0.240356,1.015625
-0.274048,-0.229248,0.758911
-0.086304,0.196411,0.996094
0.293457,-0.416870,0.892334
-0.585938,0.081177,0.735840
0.419312,-0.192749,1.021729
-0.164551,-0.295410,0.769287
-0.169189,0.208862,0.947876
0.332031,-0.387939,0.909546
-0.568726,0.031372,0.752686
0.384033,-0.123291,1.029907
-0.091064,-0.338623,0.761353
-0.240356,0.219727,0.916382
0.374512,-0.370483,0.924561
-0.555786,-0.018433,0.748413
0.334106,-0.120239,1.005127
-0.037720,-0.375854,0.758667
-0.296753,0.188354,0.878418
0.405273,-0.306396,0.953369
-0.531250,-0.060669,0.748169
0.265259,-0.073120,0.988037
0.021729,-0.431152,0.760498
-0.364502,0.157349,0.827759
0.420532,-0.277954,0.967163
-0.499268,-0.079712,0.736084
0.186890,-0.040527,0.989014
0.066040,-0.433594,0.788696
-0.433350,0.166748,0.815796
0.441406,-0.260864,0.971436
-0.455444,-0.124878,0.742676
0.090576,0.042603,0.991577
0.122559,-0.447510,0.810913
-0.498169,0.122192,0.781860
0.449951,-0.216431,1.004272
-0.360962,-0.171387,0.748535
-0.007690,0.147339,1.012573
0.213379,-0.475342,0.839722
-0.558594,0.071655,0.757202
0.451782,-0.229858,1.008301
-0.263062,-0.203735,0.769897
-0.095459,0.201782,0.985962
0.288086,-0.408081,0.885376
-0.558350,0.046265,0.743530
0.422241,-0.183350,1.024048
-0.157837,-0.281738,0.776123
-0.177979,0.203247,0.947510
0.331909,-0.385132,0.914917
-0.562500,0.029785,0.746216
0.382202,-0.161621,1.017700
-0.077637,-0.362061,0.773071
-0.238892,0.200073,0.913940
0.374146,-0.326782,0.932129
-0.539307,-0.001587,0.752563
0.323242,-0.134766,0.993286
-0.022461,-0.415527,0.767334
-0.291016,0.143799,0.859375
0.410156,-0.294556,0.954102
-0.522827,-0.012939,0.751343
0.253174,-0.069580,0.986206
0.026611,-0.444214,0.760376
-0.348633,0.137451,0.832520
0.427490,-0.277222,0.969482
-0.495483,-0.046387,0.745239
0.180176,-0.004883,0.991943
0.081665,-0.476318,0.784302
-0.423828,0.125000,0.808838
0.436401,-0.262695,0.975708
-0.468994,-0.093872,0.734375
0.122681,0.065674,1.017334
0.111084,-0.442139,0.812012
-0.486938,0.122925,0.782104
0.443359,-0.253906,0.986938
-0.406128,-0.140869,0.746216
0.062256,0.111328,1.016846
0.159912,-0.431030,0.829102
-0.523682,0.096802,0.757080
0.447510,-0.230835,1.011230
-0.360718,-0.165283,0.750122
-0.014038,0.130859,1.009277
0.235596,-0.476440,0.848511
-0.554321,0.092041,0.748657
0.432495,-0.204224,1.005127
-0.281616,-0.185913,0.771362
-0.091675,0.151611,0.966309
0.295532,-0.453247,0.887817
-0.558594,0.064819,0.744141
0.415771,-0.176025,1.018433
-0.188110,-0.249146,0.777466
-0.167847,0.212036,0.960205
0.340088,-0.433716,0.900024
-0.555786,0.036255,0.756470
0.394897,-0.139771,1.031982
-0.114136,-0.297852,0.771606
-0.234619,0.216431,0.929565
0.375488,-0.398926,0.925293
-0.539429,-0.016846,0.745483
0.350830,-0.121704,1.024414
-0.045776,-0.375122,0.766602
-0.287720,0.232056,0.911377
0.390747,-0.328857,0.933472
-0.526855,-0.055420,0.747314
0.295532,-0.117188,0.997925
-0.001953,-0.441284,0.764160
-0.338867,0.176636,0.851074
0.423218,-0.291138,0.959839
-0.507080,-0.048584,0.758545
0.234131,-0.080933,0.998535
0.050537,-0.495239,0.758423
-0.382446,0.142700,0.824341
0.443115,-0.270142,0.976929
-0.474243,-0.056519,0.753418
0.161499,0.006470,1.012817
0.083618,-0.474365,0.785889
-0.438354,0.116699,0.794922
0.453857,-0.270752,0.989136
-0.442993,-0.108887,0.737427
0.078979,0.100952,1.013184
0.140381,-0.455322,0.809692
-0.488770,0.078735,0.778198
0.456665,-0.253418,1.000122
-0.371948,-0.155640,0.762939
0.001953,0.167725,1.011841
0.194580,-0.420166,0.841431
-0.529907,0.056885,0.747314
0.459595,-0.255981,1.019897
-0.306152,-0.221191,0.763184
-0.057739,0.204102,1.014404
0.242065,-0.397705,0.869507
-0.552002,0.042847,0.732422
0.458130,-0.233154,1.029175
-0.222168,-0.239136,0.792236
-0.117310,0.207642,0.984131
0.294922,-0.398193,0.886475
-0.559814,0.044678,0.742310
0.423706,-0.205811,1.027588
-0.163818,-0.283691,0.791504
-0.159790,0.193604,0.961670
0.341309,-0.395630,0.914185
-0.563843,0.052612,0.755371
0.394531,-0.188599,1.016602
-0.099487,-0.342407,0.786133
-0.194092,0.172119,0.936035
0.373535,-0.390137,0.924561
-0.558716,0.059570,0.765503
0.352051,-0.139771,1.014526
-0.031372,-0.399048,0.778198
-0.260620,0.162964,0.895020
0.390991,-0.361206,0.941772
-0.525146,-0.046875,0.734131
0.302856,-0.093018,1.012329
-0.006592,-0.436523,0.762085
-0.316406,0.157227,0.879150
0.431763,-0.357422,0.959473
-0.521729,-0.067993,0.743042
0.224121,-0.044800,0.995239
0.037720,-0.449219,0.770020
-0.358521,0.131714,0.843506
0.427979,-0.295044,0.975830
-0.488892,-0.119019,0.730103
0.172974,-0.042236,1.000977
0.088257,-0.471924,0.782471
-0.439087,0.143311,0.802124
0.432983,-0.241943,0.968384
-0.419800,-0.111084,0.767944
0.107544,0.030273,1.005737
0.131104,-0.474487,0.806396
-0.480713,0.089600,0.765625
0.463989,-0.236572,1.008301
-0.390259,-0.141724,0.752441
-0.008911,0.128540,1.006714
0.227905,-0.505493,0.830688
-0.510864,0.050049,0.750000
0.437134,-0.206909,1.011475
-0.298950,-0.191528,0.763428
-0.071167,0.172241,1.004272
0.297119,-0.474243,0.881104
-0.561157,0.042725,0.737427
0.418457,-0.202881,1.017212
-0.183716,-0.258301,0.779175
-0.144409,0.231689,0.994141
0.337036,-0.382080,0.911865
-0.551147,0.031982,0.757812
0.385010,-0.180908,1.015747
-0.098755,-0.337891,0.789062
-0.214355,0.185425,0.928955
0.372070,-0.351318,0.934814
-0.543213,0.005371,0.743042
0.354736,-0.141479,1.024902
-0.025513,-0.403564,0.787354
-0.271851,0.162964,0.893188
0.394409,-0.316650,0.950439
-0.531860,-0.074341,0.730957
0.287231,-0.128296,0.998535
0.030151,-0.470581,0.765747
-0.329712,0.172852,0.864624
0.419922,-0.286621,0.964233
-0.498657,-0.072388,0.754395
0.210571,-0.079346,0.985840
0.074097,-0.498901,0.776367
-0.374634,0.124634,0.835205
0.449951,-0.262329,0.994141
-0.492188,-0.009766,0.749756
0.132446,0.000122,0.990479
0.116211,-0.506104,0.793213
-0.431519,0.073486,0.791626
0.455322,-0.247681,0.998413
-0.427124,-0.095215,0.750122
0.046631,0.097656,0.996094
0.180420,-0.490479,0.829102
-0.494019,0.061401,0.772583
0.452026,-0.252319,1.011841
-0.350220,-0.184570,0.755737
-0.018188,0.165039,1.015015
0.240845,-0.458008,0.862549
-0.531006,0.041016,0.735840
0.454956,-0.246948,1.022583
-0.263428,-0.239380,0.765625
-0.102783,0.198486,0.976929
0.299683,-0.449219,0.889771
-0.545288,0.020142,0.744751
0.419067,-0.187866,1.045654
-0.170532,-0.295898,0.776245
-0.155884,0.209961,0.975098
0.327393,-0.388306,0.918335
-0.542236,-0.003174,0.757690
0.395996,-0.184326,1.038574
-0.076294,-0.374146,0.782837
-0.241211,0.196411,0.927734
0.376831,-0.367920,0.945557
-0.535034,-0.024170,0.750366
0.345947,-0.128662,1.019531
0.003784,-0.428833,0.788696
-0.297607,0.160522,0.878296
0.404663,-0.348511,0.945679
-0.506592,-0.044312,0.745361
0.270020,-0.062500,1.018433
0.038208,-0.471436,0.766602
-0.349854,0.142944,0.854248
0.442627,-0.338257,0.970581
-0.491943,-0.097046,0.737549
0.180054,-0.000610,1.004272
0.085938,-0.456299,0.795166
-0.407959,0.081421,0.807495
0.453857,-0.300903,0.993530
-0.445190,-0.145264,0.733887
0.108887,0.076904,1.013550
0.128418,-0.429321,0.815674
-0.463135,0.078125,0.788208
0.457397,-0.293457,0.997925
-0.387573,-0.173828,0.750488
0.026489,0.134033,1.020752
0.210449,-0.449463,0.836670
-0.518921,0.053345,0.750977
0.463501,-0.282715,1.015869
-0.291016,-0.217407,0.774780
-0.068604,0.169434,0.999268
0.271484,-0.423218,0.881470
-0.544067,0.041992,0.741821
0.443970,-0.227417,1.037842
-0.182495,-0.275879,0.796387
-0.164551,0.189941,0.969360
0.329468,-0.423218,0.906006
-0.530518,0.012939,0.749268
0.388550,-0.159546,1.030518
-0.098999,-0.341187,0.779541
-0.231689,0.203491,0.947632
0.380249,-0.380493,0.942749
-0.527222,-0.048218,0.742310
0.350220,-0.134277,1.016113
-0.024170,-0.399902,0.785767
-0.291870,0.183472,0.899414
0.406982,-0.331299,0.967041
-0.498047,-0.096924,0.748657
0.277344,-0.107300,1.008057
0.027344,-0.450928,0.778687
-0.342651,0.139404,0.858276
0.445190,-0.330200,0.973877
-0.489258,-0.100952,0.748291
0.186523,-0.032593,0.995361
0.066895,-0.470093,0.776855
-0.390015,0.104126,0.817749
0.461548,-0.274048,0.997681
-0.455322,-0.092529,0.747925
0.115723,0.047241,1.013672
0.136719,-0.479248,0.809692
-0.447998,0.048462,0.776245
0.447876,-0.260742,1.004517
-0.401733,-0.180664,0.732910
0.048584,0.105835,1.025757
0.211426,-0.482910,0.841064
-0.508057,0.088623,0.763428
0.452148,-0.241333,1.010254
-0.311279,-0.198853,0.773682
-0.038452,0.128052,1.004517
0.266357,-0.474731,0.866455
-0.540649,0.050781,0.749878
0.436279,-0.200073,1.028687
-0.219360,-0.237183,0.782959
-0.132935,0.190918,0.978027
0.322021,-0.446655,0.902832
-0.529663,-0.016846,0.745605
0.396606,-0.147705,1.035889
-0.115234,-0.316406,0.779297
-0.197876,0.192627,0.956909
0.367676,-0.394165,0.937988
-0.529297,-0.034790,0.747925
0.360962,-0.133301,1.039551
-0.025391,-0.400635,0.780640
-0.281982,0.189941,0.900146
0.404175,-0.362183,0.952271
-0.502808,-0.078369,0.756104
0.282715,-0.089844,1.015381
0.037354,-0.460205,0.774902
-0.337891,0.157593,0.863525
0.436157,-0.339844,0.963379
-0.492065,-0.064209,0.759644
0.204224,-0.048096,1.000488
0.091797,-0.472168,0.789795
-0.395874,0.105591,0.822266
0.446533,-0.277100,0.990967
-0.438965,-0.094116,0.758789
0.114380,0.041138,1.009644
0.149292,-0.485718,0.816284
-0.474487,0.086304,0.782593
0.463745,-0.267334,1.005859
-0.368530,-0.181763,0.752930
0.009521,0.146606,1.017822
0.231323,-0.453003,0.861938
-0.507935,0.030151,0.760376
0.455933,-0.264038,1.020752
-0.294434,-0.226562,0.757202
-0.066895,0.206299,1.022705
0.278564,-0.417236,0.893433
-0.537964,0.013428,0.746948
0.440552,-0.243408,1.034546
-0.195923,-0.275635,0.784790
-0.132690,0.219238,0.996216
0.316528,-0.348511,0.919556
-0.559448,0.025635,0.745728
0.411743,-0.229492,1.032837
-0.104248,-0.376709,0.791016
-0.185913,0.192993,0.966064
0.364502,-0.346069,0.943115
-0.556152,0.026855,0.741821
0.368774,-0.170410,1.023193
-0.017578,-0.408813,0.812988
-0.231445,0.144287,0.926880
0.384277,-0.362671,0.935303
-0.541992,-0.006714,0.738525
0.309570,-0.099121,1.007568
0.025391,-0.435791,0.803101
-0.289429,0.129517,0.885742
0.431641,-0.362427,0.963623
-0.507568,-0.028442,0.755371
0.232056,-0.027588,1.009644
0.064575,-0.448364,0.785767
-0.356812,0.136719,0.866211
0.460571,-0.364136,0.975586
-0.478027,-0.107788,0.748779
0.189697,-0.001221,1.008057
0.100220,-0.446655,0.798584
-0.427246,0.121826,0.806885
0.461792,-0.301392,1.005127
-0.419434,-0.176392,0.751587
0.120117,0.023438,1.015625
0.124268,-0.446777,0.811157
-0.467163,0.137817,0.793823
0.461914,-0.293701,0.991821
-0.355835,-0.179932,0.786865
0.032959,0.079956,1.010254
0.195557,-0.477539,0.837280
-0.510498,0.076416,0.752441
0.465454,-0.240723,1.020020
-0.283325,-0.166504,0.795654
-0.048584,0.155029,1.008179
0.255859,-0.494873,0.861084
-0.524536,-0.006958,0.731812
0.441528,-0.222534,1.023682
-0.225464,-0.227661,0.789673
-0.115845,0.194580,1.001343
0.336426,-0.445923,0.932007
-0.542114,0.018677,0.744385
0.399048,-0.158325,1.044800
-0.114746,-0.320923,0.785278
-0.181396,0.181396,0.971924
0.360718,-0.383911,0.951538
-0.542114,-0.034180,0.740479
0.354248,-0.133667,1.027710
-0.020020,-0.405762,0.782471
-0.259399,0.174561,0.924683
0.416504,-0.379272,0.956421
-0.516968,-0.052368,0.750244
0.263794,-0.097534,0.993042
0.048950,-0.469482,0.788574
-0.311401,0.119141,0.871338
0.453003,-0.338257,0.983398
-0.487305,-0.084961,0.738525
0.177856,-0.004150,1.004517
0.090088,-0.479492,0.788330
-0.398560,0.111206,0.837769
0.462280,-0.307251,1.001099
-0.444336,-0.144653,0.745117
0.105713,0.047119,1.010742
0.147095,-0.458740,0.823853
-0.456299,0.079956,0.779663
0.472900,-0.258789,1.020386
-0.380249,-0.156128,0.756714
0.013184,0.103760,1.007324
0.236084,-0.503052,0.842529
-0.510132,0.050659,0.752197
0.455322,-0.235229,1.014771
-0.291626,-0.185303,0.786499
-0.078125,0.151245,0.996704
0.312378,-0.497925,0.878540
-0.542847,0.012329,0.750488
0.415894,-0.175171,1.040161
-0.153687,-0.270142,0.798218
-0.176880,0.188965,0.971924
0.365723,-0.423218,0.935181
-0.545776,-0.014160,0.743896
0.365967,-0.155151,1.024048
-0.035278,-0.369141,0.808350
-0.237671,0.178223,0.932007
0.391968,-0.336060,0.955688
-0.506348,-0.032349,0.766968
0.307129,-0.126221,1.008179
0.042114,-0.451782,0.795776
-0.318115,0.126709,0.862671
0.423584,-0.321533,0.979736
-0.478516,-0.111450,0.743042
0.223755,-0.023682,1.031250
0.074097,-0.443848,0.782227
-0.395142,0.134399,0.845703
0.469604,-0.352539,0.985718
-0.445557,-0.154175,0.747559
0.122925,0.035034,1.007812
0.121216,-0.433716,0.817139
-0.454834,0.101562,0.794189
0.468506,-0.292969,1.010498
-0.377563,-0.193970,0.758911
0.052979,0.077881,1.017090
0.196533,-0.443481,0.834595
-0.496460,0.062134,0.751831
0.469360,-0.269775,1.014893
-0.277222,-0.238892,0.794067
-0.062744,0.139526,1.003052
0.283569,-0.458374,0.875610
-0.538940,0.036987,0.727539
0.428101,-0.209473,1.027588
-0.177856,-0.283325,0.794189
-0.145630,0.181885,0.990967
0.346313,-0.425049,0.917725
-0.549072,0.028809,0.758789
0.380127,-0.168579,1.012817
-0.066406,-0.355713,0.806030
-0.218384,0.166138,0.949097
0.403564,-0.396606,0.948975
-0.536621,-0.019409,0.752075
0.313354,-0.111938,1.000122
0.025146,-0.447144,0.795288
-0.285645,0.142456,0.890991
0.419800,-0.326416,0.976196
-0.487427,-0.081543,0.744873
0.245117,-0.058105,1.011963
0.062744,-0.481323,0.778564
-0.372314,0.108521,0.846924
0.454712,-0.295532,1.002197
-0.450562,-0.137085,0.738647
0.144775,0.028931,1.022827
0.120239,-0.483032,0.809937
-0.443970,0.086182,0.803589
0.465698,-0.280396,1.005615
-0.398315,-0.153931,0.746338
0.057739,0.090820,1.026123
0.224243,-0.487061,0.864380
-0.498901,0.049194,0.773438
0.447266,-0.238037,1.013794
-0.319458,-0.218750,0.758545
-0.041016,0.142700,1.006470
0.302368,-0.466919,0.907593
-0.520020,0.017700,0.754761
0.403687,-0.179077,1.016235
-0.205322,-0.266113,0.778198
-0.109741,0.151855,0.982788
0.340332,-0.406738,0.938477
-0.536011,-0.010742,0.752930
0.380981,-0.138550,1.041992
-0.079590,-0.375366,0.777222
-0.204712,0.165039,0.954102
0.377930,-0.390503,0.943481
-0.518921,-0.049072,0.752930
0.348633,-0.120850,1.032471
-0.011108,-0.404175,0.780396
-0.276123,0.134888,0.890137
0.423706,-0.341064,0.977905
-0.488403,-0.071899,0.765259
0.257568,-0.060425,1.014404
0.047974,-0.460449,0.785522
-0.338013,0.106934,0.863403
0.452271,-0.322876,0.996094
-0.471924,-0.097046,0.757935
0.181396,0.005859,1.033569
0.090820,-0.480835,0.781616
-0.405640,0.087891,0.821411
0.453491,-0.261475,1.010864
-0.401123,-0.132812,0.777954
0.077148,0.061768,1.025269
0.174072,-0.510986,0.814331
-0.484863,0.076172,0.771484
0.470581,-0.261841,1.026611
-0.333130,-0.177856,0.771729
-0.020142,0.139526,1.016724
0.264771,-0.485352,0.863159
-0.522949,0.032227,0.744995
0.447876,-0.237427,1.027466
-0.228638,-0.243408,0.798828
-0.119141,0.178833,0.990967
0.323364,-0.444580,0.907593
-0.536987,0.012695,0.752197
0.406738,-0.186035,1.037109
-0.098999,-0.326294,0.796875
-0.210449,0.203125,0.965942
0.374390,-0.371094,0.951416
-0.514404,-0.055420,0.764893
0.336914,-0.146973,1.020630
-0.003296,-0.438110,0.786011
-0.286499,0.160034,0.889771
0.429077,-0.323364,0.973633
-0.484619,-0.076538,0.766357
0.241211,-0.080078,1.007324
0.078003,-0.500122,0.785889
-0.366577,0.092285,0.832397
0.451660,-0.290161,1.000732
-0.449341,-0.102051,0.755981
0.139282,0.031616,1.018311
0.139160,-0.483154,0.819946
-0.454712,0.089355,0.808350
0.454956,-0.284790,1.015137
-0.382202,-0.181519,0.745728
0.029419,0.144409,1.019775
0.235229,-0.453857,0.855957
-0.505249,0.047607,0.765259
0.457520,-0.268555,1.022705
-0.279419,-0.261841,0.766357
-0.071045,0.178101,1.010010
0.289551,-0.429810,0.889771
-0.535278,0.020630,0.746582
0.437378,-0.218018,1.042114
-0.158081,-0.287598,0.801025
-0.155518,0.187378,0.974854
0.340332,-0.400879,0.919312
-0.528320,0.003052,0.755981
0.395630,-0.148804,1.046875
-0.067871,-0.356812,0.802002
-0.233398,0.150757,0.930908
0.398315,-0.394287,0.947266
-0.521240,-0.023926,0.747437
0.324463,-0.089111,1.036377
-0.000488,-0.412354,0.796387
-0.276245,0.129395,0.894287
0.438965,-0.384155,0.974976
-0.497803,-0.088257,0.751953
0.255859,-0.031372,1.031616
0.054321,-0.451904,0.786377
-0.342896,0.122437,0.861084
0.461914,-0.336060,1.007935
-0.460571,-0.156982,0.750122
0.189453,-0.018066,1.010010
0.084717,-0.443481,0.783203
-0.402710,0.126221,0.819946
0.471924,-0.310669,1.011475
-0.415405,-0.178589,0.764893
0.121704,0.028931,1.011841
0.121094,-0.448975,0.799927
-0.455200,0.108154,0.793213
0.467407,-0.290161,1.004883
-0.372681,-0.181885,0.768066
0.046875,0.079102,1.011719
0.217529,-0.470337,0.844971
-0.502930,0.061646,0.753174
0.468140,-0.270386,1.022705
-0.310425,-0.224609,0.766357
-0.047974,0.168091,1.017944
0.279907,-0.476440,0.885620
-0.510498,0.000977,0.744873
0.448120,-0.221924,1.036499
-0.236450,-0.242432,0.777222
-0.132935,0.204224,0.990845
0.342163,-0.447388,0.921265
-0.530518,-0.010132,0.750610
0.405151,-0.170654,1.057007
-0.141235,-0.302856,0.786255
-0.169067,0.185303,0.969971
0.367432,-0.371338,0.946655
-0.526489,-0.001099,0.766846
0.371582,-0.177368,1.023193
-0.039673,-0.385742,0.801758
-0.248901,0.177246,0.931152
0.406982,-0.373169,0.955566
-0.513916,-0.051025,0.749023
0.312378,-0.091919,1.032715
0.021484,-0.431396,0.796143
-0.307007,0.151245,0.890625
0.436646,-0.387695,0.964478
-0.492920,-0.130737,0.741699
0.255859,-0.053589,1.025269
0.062134,-0.425171,0.785156
-0.367798,0.164062,0.848511
0.455322,-0.337158,0.993164
-0.470093,-0.162842,0.744629
0.194824,-0.053711,1.012207
0.094360,-0.449707,0.803589
-0.415527,0.156128,0.823608
0.457642,-0.290283,0.985840
-0.416870,-0.138672,0.762085
0.120972,0.024414,1.021118
0.145630,-0.495117,0.810303
-0.461548,0.101196,0.797485
0.458618,-0.273193,1.003662
-0.380737,-0.156128,0.762451
0.044800,0.087646,1.012573
0.234497,-0.512329,0.851685
-0.503784,0.072266,0.771729
0.444336,-0.240356,1.009277
-0.308838,-0.184204,0.779541
-0.037720,0.130493,1.003174
0.287964,-0.488159,0.877075
-0.531616,0.036377,0.745239
0.435059,-0.207764,1.018555
-0.227173,-0.222412,0.791260
-0.107910,0.162354,0.987183
0.327271,-0.429199,0.929077
-0.524902,-0.002197,0.756226
0.396118,-0.147705,1.036743
-0.114502,-0.325317,0.785156
-0.167480,0.187500,0.974365
0.372681,-0.410889,0.940918
-0.529175,-0.032471,0.755493
0.372437,-0.141846,1.045410
-0.049683,-0.395874,0.782471
-0.234863,0.190430,0.936157
0.404663,-0.392456,0.948364
-0.515137,-0.032349,0.775513
0.320312,-0.119995,1.025024
0.018921,-0.424316,0.784668
-0.300659,0.166870,0.882690
0.432129,-0.352661,0.964355
-0.504761,-0.091187,0.743042
0.252808,-0.090576,1.002075
0.079956,-0.468140,0.801392
-0.347900,0.149048,0.875122
0.437866,-0.275879,0.993652
-0.466064,-0.122314,0.744629
0.160278,-0.020630,1.003174
0.107422,-0.492310,0.809937
-0.406616,0.065186,0.804321
0.460327,-0.249023,1.013550
-0.427490,-0.097046,0.756714
0.089844,0.075195,1.028442
0.182251,-0.476440,0.844238
-0.456299,0.036011,0.776489
0.466919,-0.245361,1.032471
-0.378540,-0.178589,0.737305
-0.003906,0.121338,1.015991
0.248047,-0.516968,0.838013
-0.494507,0.037231,0.757202
0.458496,-0.224976,1.036621
-0.257690,-0.215820,0.798584
-0.116943,0.183960,0.999023
0.313110,-0.483643,0.888672
-0.529175,0.019409,0.755127
0.424316,-0.179443,1.036865
-0.151855,-0.260132,0.806396
-0.181152,0.207153,0.971802
0.348999,-0.413696,0.923462
-0.527100,-0.063477,0.736206
0.365112,-0.121460,1.049072
-0.028076,-0.379761,0.785156
-0.254761,0.214111,0.947876
0.437134,-0.302368,0.961060
-0.501221,-0.068359,0.746094
0.159790,-0.017212,0.985718
0.060547,-0.462402,0.780029
-0.428833,0.111328,0.793457
0.446167,-0.250732,0.984131
-0.431152,-0.089355,0.760742
0.042236,0.118774,0.999268
0.159790,-0.444336,0.817627
-0.515137,0.094604,0.772949
0.444458,-0.232788,1.006104
-0.316406,-0.162354,0.787476
-0.055786,0.166260,0.989746
0.252686,-0.426270,0.873291
-0.580566,0.039551,0.724243
0.421143,-0.171997,1.030884
-0.166870,-0.270264,0.767334
-0.161743,0.211182,0.954468
0.333496,-0.379395,0.911743
-0.562622,0.064697,0.772827
0.367065,-0.125854,1.029175
-0.055054,-0.406616,0.752319
-0.262207,0.204468,0.901245
0.386963,-0.333740,0.942139
-0.533569,-0.019287,0.742310
0.275513,-0.062012,1.000732
0.020264,-0.456055,0.756958
-0.350830,0.147095,0.838501
0.423340,-0.292725,0.959595
-0.514038,-0.058594,0.727051
0.166626,0.011230,1.000977
0.093872,-0.485352,0.781006
-0.445801,0.140015,0.811279
0.441772,-0.261108,0.968750
-0.435913,-0.090454,0.754883
0.050903,0.106445,0.995850
0.169067,-0.466675,0.826172
-0.531006,0.094971,0.764648
0.443604,-0.203003,1.016602
-0.311157,-0.168091,0.761841
-0.068604,0.191162,0.996826
0.265869,-0.416504,0.880127
-0.563721,0.054077,0.745605
0.423218,-0.182617,1.028564
-0.169922,-0.301636,0.771606
-0.149536,0.180420,0.956055
0.328613,-0.365356,0.917603
-0.577759,0.054321,0.746582
0.363037,-0.125610,1.022827
-0.049194,-0.414673,0.751587
-0.247681,0.191650,0.909668
0.390259,-0.341187,0.931519
-0.563110,0.020996,0.751343
0.272461,-0.095093,0.980103
0.015869,-0.459351,0.751099
-0.346924,0.119995,0.825806
0.422974,-0.290039,0.961060
-0.495728,-0.038696,0.756104
0.176880,0.005493,1.002808
0.076538,-0.464844,0.769043
-0.447876,0.137939,0.794800
0.429443,-0.246704,0.985229
-0.424072,-0.108398,0.764160
0.072021,0.098389,1.010986
0.159302,-0.459839,0.816528
-0.543945,0.145874,0.769287
0.434692,-0.216919,0.999756
-0.318359,-0.180542,0.760864
-0.021729,0.151123,1.009033
0.238770,-0.420166,0.859375
-0.586670,0.132690,0.748291
0.432983,-0.192993,1.008423
-0.171021,-0.261841,0.792480
-0.144653,0.195679,0.967651
0.303223,-0.409302,0.898804
-0.575806,0.052124,0.752563
0.380005,-0.122559,1.026733
-0.075562,-0.364380,0.759766
-0.230835,0.210449,0.923462
0.357178,-0.350708,0.925659
-0.540161,0.007202,0.753174
0.321045,-0.110596,1.004395
-0.013062,-0.430542,0.755249
-0.311890,0.177734,0.864624
0.400513,-0.306030,0.946655
-0.512329,-0.018188,0.744629
0.221436,-0.048218,0.985962
0.049438,-0.453613,0.773682
-0.406250,0.135742,0.811035
0.428223,-0.284790,0.965088
-0.473999,-0.089233,0.742432
0.115234,0.081421,1.017944
0.120239,-0.440308,0.808105
-0.503906,0.138062,0.791626
0.442017,-0.273193,0.973389
-0.381592,-0.137817,0.748535
0.022339,0.180542,1.015869
0.205322,-0.385132,0.849365
-0.569580,0.095093,0.750488
0.442627,-0.250366,1.002075
-0.266602,-0.232422,0.769653
-0.075439,0.186157,0.984985
0.282837,-0.376709,0.896729
-0.581543,0.064697,0.738770
0.406494,-0.168945,1.029785
-0.123047,-0.351929,0.758179
-0.193970,0.195801,0.945923
0.342651,-0.359375,0.921265
-0.562256,0.052856,0.761597
0.347412,-0.096313,1.006714
-0.050415,-0.390625,0.759155
-0.268188,0.182739,0.889038
0.385254,-0.333252,0.940918
-0.532959,-0.035278,0.743408
0.280396,-0.060791,1.010132
0.009155,-0.433594,0.758057
-0.366821,0.168213,0.839355
0.407959,-0.298340,0.951538
-0.498169,-0.086182,0.730225
0.210327,0.000854,1.011597
0.062622,-0.432373,0.780396
-0.471680,0.176392,0.788574
0.433350,-0.262695,0.974243
-0.432251,-0.098633,0.759766
0.107300,0.063721,1.013306
0.122559,-0.445923,0.811523
-0.521606,0.161621,0.781982
0.434204,-0.219116,0.978516
-0.348511,-0.143677,0.768921
0.010620,0.127930,1.011230
0.203247,-0.441650,0.849121
-0.562866,0.115112,0.742554
0.436401,-0.173706,1.014282
-0.260254,-0.191162,0.773071
-0.086060,0.177002,0.996460
0.274780,-0.451050,0.872681
-0.575562,0.075439,0.746826
0.422607,-0.162720,1.014771
-0.168579,-0.246338,0.772949
-0.185303,0.211426,0.959106
0.331665,-0.406982,0.901855
-0.560303,0.036743,0.763184
0.376587,-0.126587,1.026001
-0.073242,-0.360229,0.768555
-0.266846,0.202026,0.904419
0.386841,-0.354980,0.924438
-0.555054,0.027588,0.740845
0.323730,-0.093872,1.006226
0.004272,-0.420044,0.766846
-0.338623,0.186523,0.859131
0.400757,-0.295776,0.938110
-0.530640,-0.029419,0.732178
0.216919,-0.023315,0.982300
0.054688,-0.452637,0.776123
-0.410522,0.123657,0.808105
0.426392,-0.252075,0.980469
-0.485596,-0.085449,0.734131
0.107300,0.060547,1.003784
0.094727,-0.445679,0.791260
-0.478394,0.115356,0.790405
0.455444,-0.232422,0.995728
-0.396851,-0.118164,0.758911
0.012695,0.151367,1.005493
0.182983,-0.441772,0.843140
-0.533569,0.077637,0.758667
0.462280,-0.205566,1.019897
-0.303101,-0.165283,0.751099
-0.100708,0.223511,0.988525
0.288208,-0.445923,0.872925
-0.544800,0.048828,0.755127
0.419678,-0.148682,1.029785
-0.204224,-0.222656,0.762085
-0.181519,0.208618,0.944458
0.346680,-0.409668,0.904419
-0.573486,0.041870,0.754395
0.380127,-0.108154,1.034790
-0.084351,-0.341309,0.761841
-0.266846,0.208740,0.897827
0.380249,-0.370483,0.917114
-0.546387,-0.001831,0.751099
0.324951,-0.087891,1.009155
-0.018555,-0.391602,0.771118
-0.336182,0.197021,0.855225
0.402344,-0.307007,0.932129
-0.512451,-0.023193,0.747559
0.236694,-0.036987,0.997803
0.033691,-0.434814,0.754028
-0.405151,0.181641,0.830933
0.433228,-0.287598,0.951294
-0.486450,-0.072388,0.748291
0.137085,0.027100,1.004517
0.087280,-0.428711,0.799805
-0.473022,0.145752,0.794922
0.434814,-0.224609,0.986084
-0.419922,-0.116943,0.743652
0.069336,0.085571,1.006348
0.168701,-0.432739,0.838501
-0.545654,0.141479,0.763062
0.422607,-0.189087,0.987061
-0.322021,-0.180542,0.745972
-0.037598,0.156006,0.998901
0.255859,-0.434326,0.870239
-0.564941,0.102661,0.753784
0.417358,-0.146362,1.012329
-0.215454,-0.242676,0.751587
-0.142090,0.189331,0.947510
0.322144,-0.416870,0.897583
-0.573486,0.068237,0.752686
0.391235,-0.131470,1.022705
-0.118042,-0.309692,0.775757
-0.240234,0.196289,0.904175
0.359009,-0.382080,0.919067
-0.561035,0.017212,0.749634
0.351562,-0.101196,1.020020
-0.034668,-0.362915,0.766113
-0.325073,0.199341,0.866333
0.403687,-0.311523,0.947388
-0.533203,-0.049805,0.722534
0.262695,-0.061157,0.988770
0.021362,-0.441895,0.759888
-0.379028,0.180298,0.834473
0.419922,-0.262451,0.953857
-0.507812,-0.064453,0.732300
0.156128,0.000977,0.992188
0.090820,-0.460693,0.807617
-0.447876,0.126465,0.792114
0.425293,-0.202759,0.986816
-0.449951,-0.064209,0.732788
0.070679,0.116943,1.014771
0.164917,-0.467651,0.816650
-0.528076,0.116211,0.786255
0.430664,-0.183716,1.000000
-0.340210,-0.132690,0.750610
-0.046387,0.191406,0.998535
0.262207,-0.418335,0.876465
-0.581787,0.081665,0.761475
0.421387,-0.176758,1.016724
-0.193970,-0.281616,0.754272
-0.153442,0.226196,0.950806
0.313843,-0.340332,0.911255
-0.568115,0.043579,0.747192
0.386230,-0.129517,1.036865
-0.094116,-0.370239,0.743164
-0.247070,0.196289,0.894653
0.371094,-0.332764,0.929688
-0.573975,0.030640,0.746460
0.323486,-0.101807,1.009033
-0.017944,-0.416260,0.750732
-0.315918,0.183350,0.863647
0.397461,-0.305786,0.931885
-0.545166,-0.040039,0.722900
0.230103,-0.044067,0.994995
0.025146,-0.434448,0.749634
-0.414307,0.200806,0.833984
0.419067,-0.239258,0.959473
-0.451416,-0.074097,0.757690
0.118652,0.040527,1.010010
0.088989,-0.435669,0.795776
-0.512817,0.160278,0.791992
0.421631,-0.183105,0.993408
-0.363281,-0.149048,0.749878
0.015991,0.151367,1.014160
0.194824,-0.436157,0.848877
-0.574829,0.137939,0.766968
0.421143,-0.172241,0.998291
-0.248169,-0.193359,0.759033
-0.089844,0.198364,0.989136
0.280762,-0.406982,0.889038
-0.578247,0.054810,0.749023
0.415405,-0.135864,1.034424
-0.138062,-0.312378,0.757812
-0.198975,0.222168,0.932495
0.346680,-0.371216,0.901123
-0.579834,0.079956,0.755981
0.361206,-0.124268,1.013916
-0.049438,-0.380127,0.771851
-0.277832,0.203247,0.884399
0.382446,-0.306152,0.930298
-0.556763,0.023926,0.730225
0.270874,-0.063354,0.980103
-0.002930,-0.432129,0.750000
-0.344238,0.149292,0.844482
0.414062,-0.262695,0.951782
-0.526489,-0.018188,0.708008
0.179321,0.023560,0.997070
0.046021,-0.427734,0.777588
-0.426147,0.136353,0.812744
0.438721,-0.242798,0.974609
-0.459595,-0.056519,0.759155
0.085449,0.110474,1.012451
0.091309,-0.433838,0.791626
-0.498901,0.126343,0.791626
0.453613,-0.219604,1.008545
-0.375732,-0.128052,0.748779
-0.005005,0.189453,1.017212
0.191895,-0.397217,0.839844
-0.571045,0.120972,0.769653
0.435059,-0.210205,1.005737
-0.272461,-0.230103,0.743774
-0.094604,0.221802,0.983032
0.288086,-0.381470,0.886841
-0.596680,0.116211,0.750244
0.404785,-0.155273,1.017090
-0.130981,-0.335327,0.764771
-0.163818,0.181641,0.943359
0.308105,-0.315430,0.894165
-0.599487,0.079834,0.749268
0.373047,-0.137817,1.018433
-0.049805,-0.393311,0.765747
-0.249634,0.187988,0.895508
0.362427,-0.295776,0.922974
-0.578857,0.053101,0.728638
0.295288,-0.086914,0.996704
-0.008301,-0.440186,0.755249
-0.334839,0.158936,0.855225
0.401611,-0.262451,0.952515
-0.532593,-0.005127,0.726074
0.189209,0.002319,0.987549
0.035767,-0.437866,0.770752
-0.415527,0.144287,0.822266
0.427246,-0.231445,0.986450
-0.470337,-0.039185,0.742065
0.093384,0.129272,1.007812
0.108154,-0.413940,0.797485
-0.512695,0.120850,0.786133
0.442017,-0.221802,1.004272
-0.394043,-0.138794,0.731079
0.036499,0.196045,1.029663
0.174561,-0.395996,0.827881
-0.571533,0.133667,0.772583
0.429443,-0.194824,1.015747
-0.282349,-0.220947,0.747925
-0.051880,0.211792,0.997803
0.237793,-0.371948,0.854248
-0.613525,0.125366,0.757568
0.442749,-0.227661,1.020142
-0.189575,-0.291016,0.762817
-0.114258,0.223022,0.960938
0.280273,-0.331421,0.885742
-0.611938,0.101074,0.740601
0.428589,-0.193970,1.020508
-0.119141,-0.335205,0.772705
-0.180420,0.195312,0.923828
0.321411,-0.323975,0.890381
-0.598877,0.153320,0.757324
0.392822,-0.161011,1.005981
-0.077759,-0.367554,0.762939
-0.244751,0.160156,0.885620
0.348511,-0.299194,0.925537
-0.578613,0.103638,0.743042
0.325439,-0.080078,1.012817
-0.036255,-0.394409,0.763672
-0.298462,0.172974,0.869385
0.379028,-0.294556,0.923340
-0.579590,0.065918,0.712036
0.285645,-0.030396,0.997559
-0.012939,-0.391479,0.756348
-0.343628,0.163086,0.862305
0.409058,-0.300171,0.949219
-0.553223,0.015991,0.708618
0.218628,0.026611,0.991943
0.019653,-0.387329,0.777588
-0.393188,0.160278,0.849243
0.423096,-0.303833,0.961426
-0.531982,-0.033081,0.718262
0.168335,0.064819,1.001831
0.041382,-0.388184,0.787354
-0.459595,0.181152,0.836792
0.436401,-0.273682,0.976807
-0.479492,-0.094727,0.724365
0.111572,0.112671,1.025513
0.091431,-0.408813,0.790771
-0.512329,0.199951,0.823364
0.454956,-0.250244,0.986694
-0.421387,-0.084839,0.759521
0.059326,0.113647,1.008545
0.148071,-0.402954,0.829102
-0.554688,0.182251,0.786377
0.438354,-0.185059,1.011353
-0.340454,-0.169312,0.756104
-0.021729,0.155151,1.003906
0.217651,-0.416138,0.853149
-0.586548,0.161865,0.770020
0.419434,-0.138306,1.011597
-0.237305,-0.228027,0.751099
-0.109985,0.202271,0.981567
0.273682,-0.424316,0.870605
-0.608032,0.106934,0.747314
0.424438,-0.150879,1.031372
-0.162109,-0.299561,0.752563
-0.198120,0.230835,0.941528
0.347046,-0.383301,0.904419
-0.603149,0.075073,0.749146
0.374756,-0.117676,1.023560
-0.080200,-0.356812,0.746338
-0.270996,0.227539,0.904907
0.380371,-0.338257,0.918701
-0.578613,0.012329,0.730591
0.299072,-0.100708,0.983398
-0.040771,-0.397461,0.755005
-0.342407,0.200562,0.859253
0.402710,-0.286377,0.941040
-0.542236,-0.017944,0.716919
0.201904,-0.007812,0.994141
-0.002197,-0.420044,0.759155
-0.414673,0.157715,0.829712
0.436646,-0.273560,0.970825
-0.508179,-0.050781,0.726929
0.119629,0.062500,1.005005
0.072021,-0.401733,0.793457
-0.514282,0.192871,0.817627
0.447266,-0.242188,0.984619
-0.400146,-0.108154,0.765259
0.015137,0.141479,0.996338
0.152588,-0.396851,0.829224
-0.555298,0.148682,0.781250
0.439941,-0.180786,1.016846
-0.276611,-0.202759,0.757080
-0.078857,0.203735,0.987427
0.235107,-0.380615,0.864136
-0.597656,0.104126,0.745117
0.428223,-0.188110,1.015625
-0.164551,-0.288574,0.753174
-0.151978,0.207520,0.956421
0.308716,-0.339966,0.897339
-0.609619,0.081421,0.739380
0.373169,-0.152466,1.006958
-0.093018,-0.383423,0.738525
-0.239502,0.171021,0.899780
0.362549,-0.291992,0.934082
-0.587891,0.055298,0.715088
0.281128,-0.036133,1.004639
-0.030273,-0.414673,0.745239
-0.332764,0.163208,0.866211
0.397583,-0.287231,0.948120
-0.562500,0.024780,0.707031
0.183716,0.026001,0.983398
0.027588,-0.415405,0.768555
-0.439941,0.182129,0.840942
0.420532,-0.245605,0.978394
-0.474243,-0.078491,0.731567
0.085815,0.127075,0.999390
0.085938,-0.385620,0.794312
-0.524414,0.163818,0.806885
0.436890,-0.214600,1.012817
-0.371460,-0.186279,0.737549
0.019409,0.176147,1.017334
0.166992,-0.380127,0.831055
-0.598633,0.154663,0.770264
0.434692,-0.199707,1.010132
-0.253418,-0.263428,0.749512
-0.069092,0.199341,0.988403
0.230591,-0.348755,0.863525
-0.621948,0.149902,0.747681
0.423218,-0.190918,1.020020
-0.170776,-0.323242,0.754883
-0.140991,0.177856,0.955078
0.294800,-0.343018,0.884399
-0.620972,0.162354,0.749878
0.391602,-0.154663,1.002441
-0.102539,-0.371338,0.741089
-0.217407,0.169922,0.916626
0.336670,-0.318604,0.907715
-0.604370,0.116821,0.741089
0.337402,-0.101929,0.992554
-0.062744,-0.402710,0.740723
-0.290405,0.171509,0.889038
0.372070,-0.296875,0.933350
-0.579102,0.049683,0.720581
0.264038,-0.034424,0.989746
-0.037109,-0.396484,0.751099
-0.373657,0.160156,0.847046
0.397339,-0.271118,0.943848
-0.546021,-0.007446,0.706299
0.200928,0.022827,0.993896
-0.004395,-0.402344,0.760742
-0.437256,0.186279,0.838623
0.421509,-0.289429,0.965576
-0.507568,-0.061279,0.719604
0.127197,0.057007,0.992065
0.036377,-0.384277,0.788330
-0.486206,0.202026,0.832642
0.426880,-0.228638,0.980591
-0.446899,-0.110474,0.748779
0.064941,0.102539,1.006592
0.109741,-0.409058,0.819946
-0.546753,0.183716,0.809814
0.424927,-0.206177,0.997925
-0.380249,-0.141357,0.745361
0.010010,0.136719,0.994019
0.173462,-0.397461,0.846069
-0.587769,0.169678,0.777588
0.421631,-0.163086,1.016357
-0.287476,-0.228516,0.737183
-0.087769,0.183594,0.981323
0.255615,-0.401978,0.877319
-0.604980,0.130493,0.767334
0.409302,-0.156738,1.012817
-0.194702,-0.275146,0.739502
-0.179199,0.211670,0.941895
0.302734,-0.339478,0.900146
-0.592163,0.052368,0.727295
0.386719,-0.132324,1.028931
-0.139526,-0.358643,0.718018
-0.283081,0.215698,0.896729
0.365479,-0.344482,0.908936
-0.585205,0.029907,0.734619
0.306641,-0.094727,1.006470
-0.073364,-0.401245,0.735718
-0.364868,0.205200,0.867920
0.398438,-0.299561,0.941040
-0.557129,-0.015381,0.702271
0.186401,0.001587,0.992676
0.006714,-0.426636,0.767944
-0.437744,0.183960,0.856323
0.410278,-0.250732,0.968628
-0.509155,-0.024780,0.730957
0.091675,0.094727,1.011475
0.088379,-0.415039,0.802979
-0.522705,0.168457,0.829224
0.410156,-0.208374,0.987915
-0.412354,-0.136475,0.743164
0.008179,0.127441,1.005127
0.182617,-0.396118,0.852661
-0.591553,0.173462,0.782715
0.406372,-0.168335,1.003662
-0.256470,-0.268921,0.735474
-0.099121,0.165039,0.972046
0.253052,-0.369507,0.877808
-0.609863,0.116333,0.755371
0.398193,-0.137207,1.025269
-0.171143,-0.354248,0.720337
-0.218628,0.192627,0.936646
0.326416,-0.348877,0.901245
-0.593262,0.055786,0.740723
0.332520,-0.093994,1.006348
-0.092896,-0.399292,0.721680
-0.349243,0.211670,0.874146
0.384888,-0.308105,0.931885
-0.565674,-0.004639,0.706543
0.223267,-0.042847,0.994019
-0.022461,-0.405762,0.770630
-0.460083,0.233521,0.846069
0.411987,-0.273926,0.952393
-0.502563,-0.080078,0.720459
0.083252,0.060059,0.989624
0.095459,-0.410522,0.817627
-0.541016,0.184082,0.814575
0.415649,-0.206177,1.001953
-0.364380,-0.137451,0.754272
-0.023315,0.164062,1.002075
0.199585,-0.383057,0.866699
-0.598389,0.101685,0.769165
0.415405,-0.191162,1.017334
-0.240723,-0.289429,0.707397
-0.148560,0.218506,0.961182
0.284180,-0.345703,0.888794
-0.602295,0.077881,0.748169
0.375854,-0.153564,1.018188
-0.147705,-0.369751,0.718872
-0.258911,0.199097,0.912964
0.348755,-0.343994,0.914673
-0.602051,0.036743,0.723999
0.306885,-0.103882,1.003296
-0.080811,-0.401978,0.729492
-0.369141,0.227905,0.885254
0.385498,-0.304321,0.931152
-0.552734,-0.035400,0.705566
0.179565,-0.027710,0.982056
-0.012451,-0.409180,0.779053
-0.475464,0.206421,0.836670
0.408203,-0.250854,0.974854
-0.490601,-0.107178,0.708008
0.077271,0.084229,1.006836
0.088989,-0.424927,0.805054
-0.555664,0.190796,0.824707
0.417725,-0.198242,0.998169
-0.374878,-0.187134,0.727661
-0.029907,0.174683,1.009888
0.193848,-0.423340,0.845825
-0.595459,0.131104,0.783081
0.407593,-0.172729,1.010986
-0.260132,-0.279663,0.707764
-0.138672,0.205566,0.982178
0.278442,-0.389893,0.885376
-0.601562,0.063721,0.747925
0.383911,-0.141968,1.027466
-0.176880,-0.343994,0.713013
-0.263184,0.196655,0.916626
0.356689,-0.358887,0.920410
-0.598999,0.034912,0.731079
0.309814,-0.106445,1.009644
-0.116089,-0.382080,0.721069
-0.347534,0.199707,0.886108
0.385376,-0.334351,0.930298
-0.565674,0.012207,0.727539
0.215942,-0.029419,0.998657
-0.035767,-0.399414,0.768677
-0.462891,0.208984,0.852051
0.396606,-0.263428,0.963257
-0.498291,-0.091064,0.733154
0.089600,0.046753,0.997925
0.075806,-0.405518,0.811768
-0.535522,0.191040,0.816650
0.406982,-0.212402,0.993896
-0.387573,-0.165161,0.729004
-0.019531,0.159668,1.005127
0.182495,-0.396851,0.854736
-0.582886,0.130737,0.799927
0.406982,-0.177979,1.018555
-0.279907,-0.260498,0.713623
-0.130859,0.181763,0.970825
-0.598633,0.075562,0.763428
-0.195801,-0.341797,0.704834
-0.230469,0.188110,0.934814
0.342651,-0.350830,0.915039
0.326416,-0.135864,1.003906
-0.123657,-0.358887,0.733643
-0.337524,0.188477,0.883423
0.374512,-0.323242,0.936523
-0.575684,-0.022949,0.704468
0.233398,-0.065552,1.003296
-0.052246,-0.408325,0.758667
-0.438110,0.204468,0.864380
0.399902,-0.265015,0.978149
-0.544312,-0.080078,0.690063
0.123657,0.055786,1.015503
0.054199,-0.429443,0.808472
-0.522461,0.179321,0.836426
0.413696,-0.244019,0.988892
-0.471924,-0.088135,0.720703
0.028198,0.128418,1.000977
0.140137,-0.414307,0.834717
-0.560303,0.144531,0.817017
0.412109,-0.197998,1.013428
-0.373779,-0.210449,0.705811
-0.035522,0.147461,1.003540
0.218384,-0.416870,0.850952
-0.600708,0.130981,0.785522
0.403198,-0.160156,1.032715
-0.273926,-0.286621,0.714355
-0.140747,0.175049,0.974243
0.287109,-0.406494,0.896118
-0.610840,0.081055,0.765869
0.387939,-0.147461,1.032227
-0.213257,-0.343384,0.698975
-0.240601,0.192383,0.941650
0.337769,-0.374023,0.919067
-0.604858,0.053467,0.740601
0.346313,-0.121216,1.027344
-0.146240,-0.372559,0.716919
-0.319214,0.195679,0.905151
0.374146,-0.345825,0.937256
-0.581543,-0.019897,0.719971
0.261597,-0.067993,1.013428
-0.099121,-0.395630,0.738281
-0.401733,0.192993,0.866699
0.398804,-0.315430,0.959351
-0.544312,-0.009033,0.737671
0.164307,0.012695,1.007324
-0.010742,-0.410156,0.786133
-0.492310,0.184448,0.848999
0.419800,-0.276367,0.992676
-0.474976,-0.122559,0.726807
0.047852,0.098022,1.008545
0.093994,-0.402588,0.821167
-0.548950,0.162964,0.825195
0.426880,-0.243286,1.007812
-0.360962,-0.216675,0.727905
-0.045044,0.144531,0.996094
0.204956,-0.407593,0.864380
-0.587524,0.104736,0.785889
0.401978,-0.175293,1.023682
-0.265137,-0.288330,0.714478
-0.160278,0.153687,0.959595
0.279297,-0.392822,0.890869
-0.592407,0.041626,0.747681
0.384399,-0.166138,1.020386
-0.188599,-0.344604,0.718628
-0.278320,0.199829,0.931396
0.348755,-0.338013,0.935547
-0.574341,-0.029053,0.736572
0.295044,-0.112793,1.023560
-0.137939,-0.394409,0.727295
-0.371582,0.178955,0.872192
0.396973,-0.314331,0.958984
-0.548462,-0.018921,0.728271
0.205200,-0.021851,1.020996
-0.016602,-0.403198,0.790894
-0.474243,0.199951,0.844727
0.398193,-0.261108,0.975220
-0.498901,-0.122925,0.712158
0.091675,0.050293,1.022461
0.080688,-0.429810,0.813232
-0.554321,0.165527,0.834351
0.425537,-0.230347,1.012451
-0.392090,-0.196533,0.723633
-0.022705,0.136108,1.012573
0.189575,-0.416382,0.858398
-0.588989,0.112305,0.781860
0.417969,-0.201782,1.026855
-0.281006,-0.291626,0.710327
-0.119385,0.152588,0.977173
0.272583,-0.375977,0.899902
-0.553467,0.000366,0.779175
0.382935,-0.160889,1.087891
-0.209229,-0.346436,0.704224
-0.309326,0.196533,0.943237
0.406494,-0.310425,0.991455
-0.529053,-0.052856,0.753784
0.304321,-0.099365,1.080688
-0.017944,-0.395996,0.814209
-0.392456,0.197021,0.915894
0.434082,-0.285645,1.016724
-0.476440,-0.137817,0.734375
0.211914,-0.015137,1.070068
0.084839,-0.401855,0.859253
-0.467651,0.170044,0.880859
0.466675,-0.249878,1.060425
-0.429199,-0.148438,0.753174
0.113281,0.056274,1.059448
0.161499,-0.425293,0.876099
-0.505127,0.111572,0.855347
0.478027,-0.223511,1.076660
-0.310791,-0.255737,0.767578
0.000610,0.121826,1.041748
0.235107,-0.405884,0.894287
-0.519287,0.056152,0.818359
0.467407,-0.224365,1.077759
-0.220459,-0.324951,0.756470
-0.080811,0.131958,1.006348
0.291504,-0.364258,0.928101
-0.523804,0.001465,0.779175
0.454346,-0.186035,1.098022
-0.169312,-0.346313,0.763550
-0.170044,0.150146,1.000488
0.359497,-0.347412,0.960571
-0.546387,-0.019165,0.766357
0.417847,-0.157349,1.104370
-0.119019,-0.346802,0.797607
-0.259521,0.177368,0.977417
0.402100,-0.323364,0.997681
-0.527588,-0.061401,0.748169
0.355713,-0.106079,1.106201
-0.040894,-0.365967,0.828491
-0.333984,0.185181,0.951782
0.435303,-0.284546,1.025146
-0.491699,-0.094116,0.743042
0.266846,-0.030151,1.103638
0.040771,-0.414795,0.845825
-0.394897,0.161011,0.915039
0.453735,-0.278442,1.043091
-0.425537,-0.125366,0.773071
0.186035,0.047729,1.091309
0.110107,-0.394653,0.872437
-0.453979,0.134766,0.880737
0.485229,-0.270752,1.060547
-0.380249,-0.204468,0.769775
0.100098,0.091309,1.062134
0.192383,-0.377441,0.911499
-0.488159,0.110962,0.856812
0.494019,-0.259521,1.076172
-0.316040,-0.267456,0.775635
0.029663,0.109985,1.054443
0.253784,-0.377686,0.922852
-0.500610,0.060181,0.815674
0.497803,-0.232300,1.100952
-0.213623,-0.323242,0.787720
-0.055664,0.109009,1.026123
0.306519,-0.379028,0.939697
-0.504395,0.029663,0.798096
0.486328,-0.182251,1.126587
-0.165527,-0.324951,0.776123
-0.145386,0.166626,1.023438
0.387817,-0.374268,0.984375
-0.507080,-0.019775,0.796753
0.430176,-0.136475,1.127441
-0.127441,-0.319336,0.789795
-0.238525,0.208984,1.000000
0.429810,-0.341309,1.019043
-0.493530,-0.093140,0.787964
0.376953,-0.105957,1.129883
-0.057129,-0.320068,0.831421
-0.307251,0.193726,0.961182
0.463989,-0.290161,1.050171
-0.453491,-0.163452,0.774658
0.295898,-0.086792,1.109375
0.045898,-0.385620,0.852905
-0.380615,0.191040,0.910889
0.477661,-0.245605,1.068237
-0.382690,-0.187622,0.783203
0.175659,0.020142,1.093384
0.157715,-0.433716,0.895142
-0.433594,0.117798,0.882202
0.505127,-0.211304,1.105469
-0.354248,-0.204468,0.776978
0.060059,0.105835,1.079102
0.259888,-0.418335,0.930786
-0.466309,0.081665,0.862305
0.502441,-0.192505,1.114380
-0.237549,-0.256470,0.811279
-0.041992,0.126831,1.048096
0.321411,-0.381226,0.959351
-0.467651,-0.009766,0.830078
0.492798,-0.162964,1.136475
-0.148438,-0.297607,0.810669
-0.123657,0.163452,1.026978
0.378540,-0.366943,0.977295
-0.493774,-0.041992,0.809082
0.463989,-0.161743,1.147339
-0.087646,-0.331543,0.824219
-0.220947,0.196289,1.012207
0.427490,-0.319458,1.018921
-0.482056,-0.067261,0.786743
0.385254,-0.119385,1.133423
-0.024780,-0.338501,0.861694
-0.286377,0.176758,0.977905
0.465698,-0.289307,1.063721
-0.468018,-0.100098,0.774536
0.315796,-0.055542,1.121948
0.062500,-0.370483,0.887207
-0.354370,0.146362,0.929688
0.504395,-0.284790,1.081665
-0.409912,-0.117188,0.782837
0.221558,0.031738,1.117065
0.154297,-0.392944,0.912598
-0.408936,0.122437,0.914307
0.520264,-0.235229,1.106934
-0.354370,-0.208496,0.774170
0.120605,0.108521,1.101440
0.242432,-0.435059,0.934448
-0.451660,0.104248,0.877197
0.510864,-0.194092,1.113525
-0.291260,-0.227295,0.792358
0.034302,0.162231,1.092163
0.291992,-0.407104,0.954712
-0.467163,0.014282,0.854614
0.524292,-0.202881,1.154785
-0.190186,-0.297241,0.823364
-0.045654,0.177612,1.077148
0.347046,-0.377563,0.966553
-0.479248,-0.001831,0.833130
0.502563,-0.199341,1.138550
-0.109131,-0.348267,0.826782
-0.099121,0.187622,1.052002
0.368530,-0.332642,0.982422
-0.486450,-0.029541,0.800903
0.481079,-0.188599,1.156006
-0.082153,-0.362915,0.832397
-0.173828,0.195557,1.036255
0.418091,-0.315796,1.019775
-0.493774,-0.025513,0.802124
0.426025,-0.141724,1.155884
-0.027344,-0.394043,0.862427
-0.243652,0.195068,1.020752
0.467285,-0.292480,1.066040
-0.471558,-0.060913,0.783813
0.358276,-0.071777,1.141479
0.057373,-0.396362,0.886230
-0.310059,0.186768,0.977295
0.490601,-0.275024,1.094849
-0.423218,-0.115479,0.788208
0.298706,-0.020142,1.148682
0.127197,-0.385620,0.913574
-0.372314,0.165161,0.935059
0.522339,-0.286255,1.099854
-0.377075,-0.196167,0.787109
0.219849,0.026978,1.132446
0.197144,-0.412476,0.920532
-0.417725,0.172974,0.916870
0.539673,-0.254517,1.111206
-0.332397,-0.235962,0.807983
0.116699,0.050171,1.096191
0.274170,-0.411133,0.958618
-0.437012,0.122681,0.885254
0.531372,-0.176270,1.132812
-0.268188,-0.229492,0.831787
0.042603,0.105225,1.092285
0.333984,-0.412354,0.984985
-0.448730,0.053223,0.857788
0.517578,-0.143188,1.139648
-0.161255,-0.279297,0.839478
-0.044067,0.143433,1.068726
0.381958,-0.393921,1.014038
-0.455811,-0.002197,0.840210
0.496460,-0.108887,1.171997
-0.094360,-0.326172,0.830444
-0.135010,0.188477,1.068970
0.436157,-0.375854,1.035278
-0.457764,-0.039185,0.828735
0.456177,-0.065186,1.184204
-0.045166,-0.315918,0.853149
-0.219482,0.218140,1.048218
0.494019,-0.344482,1.077759
-0.446411,-0.079102,0.812744
0.377197,-0.019897,1.178955
0.041260,-0.346313,0.875854
-0.293213,0.204956,1.010498
0.538696,-0.308960,1.103516
-0.407715,-0.142090,0.804321
0.279053,0.007324,1.150879
0.151611,-0.384766,0.924438
-0.362549,0.149292,0.934814
0.538818,-0.235107,1.128296
-0.318359,-0.228271,0.817261
0.150269,0.082397,1.120361
0.250610,-0.406128,0.955566
-0.412476,0.104614,0.892334
0.546021,-0.188965,1.149902
-0.243286,-0.264771,0.838135
0.028564,0.154175,1.105957
0.351562,-0.399414,0.987305
-0.445923,0.034302,0.855103
0.524536,-0.184326,1.142822
-0.093750,-0.312866,0.867065
-0.084961,0.186035,1.081055
0.403198,-0.358643,1.013062
-0.457764,-0.020874,0.836670
0.480713,-0.124268,1.171997
-0.041992,-0.321289,0.875366
-0.182495,0.215210,1.058350
0.461792,-0.316040,1.065918
-0.449341,-0.060669,0.821899
0.398560,-0.066406,1.163330
0.036011,-0.356445,0.896118
-0.264771,0.202393,1.023071
0.524292,-0.257568,1.121094
-0.402832,-0.124634,0.801636
0.284302,0.010498,1.159668
0.155396,-0.416016,0.916260
-0.335938,0.145874,0.958374
0.551880,-0.238281,1.139404
-0.326050,-0.188599,0.822510
0.160522,0.072021,1.123047
0.253418,-0.414307,0.964844
-0.394165,0.107788,0.907959
0.548706,-0.192993,1.152588
-0.254639,-0.203003,0.839478
0.044434,0.153320,1.105591
0.355835,-0.431641,0.998291
-0.432983,0.023804,0.870850
0.531738,-0.169800,1.160522
-0.132324,-0.265503,0.862183
-0.073120,0.214478,1.082886
0.417969,-0.383667,1.016602
-0.440918,-0.027832,0.845581
0.497681,-0.145752,1.168823
-0.032715,-0.322754,0.885376
-0.152832,0.221313,1.062500
0.454102,-0.293579,1.064331
-0.439819,-0.063354,0.823120
0.434326,-0.077148,1.181519
0.028442,-0.326660,0.914062
-0.259399,0.215576,1.016357
0.508179,-0.272827,1.106445
-0.408447,-0.115356,0.823608
0.331299,-0.035522,1.162476
0.135742,-0.385254,0.927979
-0.326904,0.182251,0.966675
0.540039,-0.246826,1.127563
-0.333862,-0.180786,0.830078
0.199341,0.066040,1.133057
0.245605,-0.436035,0.955566
-0.381470,0.115601,0.913574
0.553711,-0.198975,1.146362
-0.256836,-0.222778,0.840454
0.073853,0.135864,1.108032
0.336548,-0.401978,0.998413
-0.431030,0.063843,0.881714
0.543945,-0.159668,1.173462
-0.156128,-0.280029,0.863525
-0.037109,0.195557,1.095947
0.391602,-0.366943,1.020630
-0.436646,-0.008545,0.852905
0.523071,-0.151001,1.175537
-0.030273,-0.322998,0.893188
-0.140503,0.231323,1.084717
0.453247,-0.330200,1.053101
-0.456421,-0.061890,0.824219
0.447266,-0.098633,1.188721
0.027588,-0.350952,0.908447
-0.214966,0.238525,1.053101
0.497437,-0.270386,1.095093
-0.422729,-0.105713,0.812256
0.363525,-0.049561,1.171631
0.116211,-0.382935,0.933350
-0.294556,0.189087,0.998901
0.533447,-0.239868,1.130859
-0.360840,-0.157471,0.823975
0.243286,0.019409,1.144409
0.209351,-0.426392,0.942383
-0.356079,0.118164,0.924316
0.561401,-0.222168,1.143066
-0.281982,-0.199951,0.839966
0.109253,0.121582,1.108154
0.301514,-0.405029,0.999023
-0.422241,0.057129,0.883667
0.555786,-0.199341,1.165771
-0.193359,-0.245850,0.861206
-0.000366,0.207397,1.095093
0.377075,-0.373657,1.010498
-0.426392,0.006836,0.859985
0.527954,-0.145264,1.181641
-0.069946,-0.318848,0.883423
-0.083130,0.210571,1.090820
0.426270,-0.354492,1.030273
-0.442017,-0.029297,0.846558
0.485596,-0.127808,1.177979
0.000732,-0.336182,0.889160
-0.166626,0.224609,1.063721
0.475342,-0.303467,1.078613
-0.436035,-0.074707,0.820557
0.422485,-0.066650,1.181885
0.054443,-0.347656,0.912598
-0.259155,0.242310,1.043213
0.526489,-0.281616,1.118408
-0.400513,-0.119629,0.813721
0.318604,-0.000732,1.151855
0.140747,-0.389526,0.931274
-0.303833,0.158936,0.968994
0.562866,-0.250610,1.129272
-0.333740,-0.172241,0.841919
0.205444,0.064819,1.130981
0.253662,-0.435059,0.968872
-0.383667,0.104370,0.901489
0.558594,-0.208496,1.152344
-0.270630,-0.214355,0.842407
0.093018,0.133545,1.116089
0.339478,-0.417358,0.989258
-0.427246,0.075439,0.878052
0.543823,-0.151978,1.173706
-0.181885,-0.257324,0.863037
-0.010742,0.191040,1.094849
0.400635,-0.398926,1.029785
-0.449341,0.023071,0.858521
0.520996,-0.117554,1.175293
-0.050293,-0.301270,0.894531
-0.107666,0.225342,1.101562
0.444214,-0.363159,1.045288
-0.445557,-0.040894,0.836792
0.464844,-0.084229,1.184570
0.012207,-0.334595,0.892944
-0.181763,0.216431,1.065918
0.496094,-0.318359,1.082275
-0.421387,-0.072266,0.825684
0.395020,-0.033813,1.164185
0.071167,-0.341064,0.920532
-0.275146,0.208374,1.017334
0.539917,-0.271851,1.129761
-0.373047,-0.150269,0.822388
0.289429,0.025879,1.159058
0.181641,-0.406006,0.932007
-0.335571,0.144287,0.939819
0.546631,-0.222168,1.139893
-0.293945,-0.209106,0.832642
0.164429,0.102905,1.132324
0.282227,-0.434692,0.968628
-0.399536,0.103516,0.887451
0.551147,-0.200806,1.142944
-0.238281,-0.216553,0.854370
0.048096,0.157471,1.103516
0.373779,-0.431152,1.006348
-0.435547,0.045288,0.869995
0.518188,-0.135864,1.163330
-0.142822,-0.247314,0.865845
-0.042603,0.214478,1.101685
0.431152,-0.386230,1.035156
-0.439819,-0.013672,0.855347
0.479492,-0.105225,1.161499
-0.020996,-0.350586,0.878906
-0.115234,0.209717,1.084106
0.461548,-0.325806,1.076416
-0.436523,-0.060303,0.833984
0.440186,-0.062744,1.183472
0.034424,-0.363159,0.893188
-0.198120,0.194946,1.038452
0.499878,-0.294312,1.102295
-0.419922,-0.092041,0.816895
0.373901,-0.025635,1.169189
0.094604,-0.375977,0.916626
-0.271729,0.198730,1.022217
0.533936,-0.267822,1.122437
-0.395630,-0.120117,0.820068
0.290283,0.012329,1.132202
0.178223,-0.407471,0.947266
-0.337891,0.149902,0.958374
0.558960,-0.243164,1.137329
-0.323730,-0.171753,0.826782
0.196411,0.091797,1.119019
0.253662,-0.441772,0.952393
-0.370972,0.089722,0.906982
0.557495,-0.218262,1.146484
-0.268555,-0.205322,0.832520
0.093750,0.172974,1.117188
0.323608,-0.435059,0.976440
-0.414429,0.060425,0.884155
0.540283,-0.171997,1.159424
-0.207153,-0.241089,0.854980
0.018921,0.198853,1.107544
0.387939,-0.399658,1.008911
-0.438721,0.022339,0.854004
0.509277,-0.138062,1.153687
-0.134399,-0.249756,0.875122
-0.038574,0.197021,1.094971
0.434448,-0.394531,1.041626
-0.466919,0.004761,0.837036
0.478760,-0.109253,1.163696
-0.004639,-0.319702,0.893921
-0.133545,0.234253,1.087646
0.470459,-0.356079,1.057861
-0.447998,-0.050537,0.828857
0.431885,-0.064697,1.166870
0.048950,-0.349243,0.899902
-0.203003,0.218140,1.048584
0.498535,-0.312622,1.083984
-0.425293,-0.099609,0.816528
0.358276,-0.054077,1.141357
0.098511,-0.365479,0.919556
-0.283569,0.221680,1.013672
0.546387,-0.258545,1.127441
-0.376465,-0.131348,0.823730
0.254639,-0.009521,1.113037
0.180420,-0.451294,0.931152
-0.356201,0.121216,0.916260
0.570435,-0.239502,1.137573
-0.298218,-0.174683,0.833496
0.146118,0.122925,1.110107
0.280273,-0.466309,0.948364
-0.410889,0.059448,0.873413
0.559570,-0.223022,1.148071
-0.249756,-0.220703,0.845093
0.058838,0.200439,1.118896
0.359741,-0.405762,1.000977
-0.446045,0.055420,0.853760
0.513794,-0.172241,1.148560
-0.158081,-0.245239,0.876221
-0.018433,0.191528,1.089111
0.401733,-0.365723,1.024536
-0.459351,0.023438,0.831665
0.486816,-0.129517,1.151611
-0.045776,-0.323853,0.887207
-0.110229,0.204956,1.074341
0.450317,-0.359985,1.053223
-0.435425,-0.043091,0.829590
0.437134,-0.059204,1.160400
0.032349,-0.347046,0.893066
-0.183594,0.213379,1.051514
0.506958,-0.337402,1.086792
-0.430054,-0.090698,0.819092
0.367310,-0.029663,1.140625
0.064453,-0.347046,0.900757
-0.255493,0.181396,0.997559
0.535767,-0.273438,1.124756
-0.388672,-0.157471,0.816528
0.288452,0.000610,1.129639
0.136597,-0.395874,0.921997
-0.322021,0.143921,0.947144
0.564819,-0.267334,1.133789
-0.342773,-0.176514,0.822998
0.193481,0.063599,1.110962
0.238525,-0.421143,0.926758
-0.371826,0.087158,0.876709
0.546753,-0.236206,1.136597
-0.266113,-0.244751,0.819946
0.092407,0.145874,1.105591
0.322388,-0.438965,0.966797
-0.427856,0.072876,0.859619
0.535278,-0.187988,1.135986
-0.206909,-0.234009,0.849487
-0.008179,0.174927,1.087402
0.393921,-0.420044,1.008789
-0.455200,-0.014404,0.830566
0.486450,-0.112061,1.161987
-0.100220,-0.254150,0.875244
-0.103638,0.220703,1.072998
0.446777,-0.379639,1.038574
-0.451294,-0.066895,0.807861
0.445190,-0.116577,1.152100
0.028809,-0.355713,0.895996
-0.193848,0.217041,1.035767
0.479614,-0.309448,1.070312
-0.414062,-0.080933,0.827271
0.368408,-0.058228,1.139404
0.074463,-0.398315,0.883179
-0.282227,0.182983,0.992798
0.519897,-0.279053,1.101074
-0.381836,-0.123535,0.814697
0.294189,0.013916,1.131714
0.153687,-0.407593,0.918579
-0.354614,0.157715,0.937988
0.544434,-0.268188,1.121216
-0.339111,-0.194946,0.810791
0.199585,0.070923,1.118164
0.241333,-0.412842,0.949097
-0.406372,0.115234,0.882324
0.545410,-0.229858,1.120728
-0.269287,-0.238159,0.813232
0.097168,0.122803,1.102539
0.331787,-0.440308,0.974731
-0.438354,0.076538,0.842285
0.512695,-0.168701,1.122437
-0.206543,-0.244019,0.834473
-0.003174,0.166016,1.079956
0.397217,-0.436279,1.001587
-0.458130,0.035156,0.834595
0.496948,-0.115845,1.142822
-0.120728,-0.267212,0.849365
-0.103271,0.223511,1.080444
0.439453,-0.404419,1.035156
-0.453247,-0.047729,0.833130
0.450073,-0.100342,1.148926
0.026001,-0.339966,0.880615
-0.185913,0.240479,1.038452
0.469971,-0.318237,1.064087
-0.440674,-0.090942,0.805908
0.385498,-0.085815,1.125732
0.072632,-0.398682,0.880615
-0.262207,0.207397,1.002075
0.509521,-0.283813,1.092651
-0.396606,-0.114014,0.809692
0.285400,-0.023560,1.109497
0.132080,-0.431030,0.910889
-0.314453,0.128296,0.947754
0.539185,-0.257202,1.128052
-0.367554,-0.155762,0.801025
0.186646,0.072998,1.096313
0.224854,-0.466553,0.911499
-0.380127,0.057861,0.884766
0.553955,-0.221313,1.143555
-0.307617,-0.214722,0.804443
0.086548,0.151855,1.083496
0.308472,-0.433594,0.950073
-0.428223,0.008545,0.822632
0.535034,-0.219604,1.142822
-0.224487,-0.261597,0.823608
0.006348,0.197021,1.079102
0.355103,-0.409424,0.978516
-0.469238,0.034058,0.822632
0.499512,-0.194580,1.137451
-0.125000,-0.304688,0.861450
-0.071533,0.218262,1.076416
0.409180,-0.373535,1.007202
-0.469604,0.005371,0.826660
0.457886,-0.139771,1.130493
-0.031982,-0.336670,0.871948
-0.142456,0.219971,1.067505
0.451660,-0.376587,1.025635
-0.463501,-0.027954,0.812500
0.411621,-0.082153,1.125366
0.050781,-0.361572,0.878296
-0.206177,0.212280,1.036255
0.492432,-0.352905,1.064087
-0.437988,-0.118530,0.787964
0.341675,-0.024902,1.122681
0.086792,-0.373779,0.878784
-0.272583,0.199707,0.997559
0.496582,-0.298462,1.087646
-0.390747,-0.176270,0.801270
0.276367,-0.007080,1.114380
0.147217,-0.400269,0.895996
-0.346924,0.189087,0.946899
0.530151,-0.264526,1.095093
-0.352783,-0.192383,0.809570
0.193726,0.019165,1.090820
0.216553,-0.420776,0.923706
-0.390259,0.117065,0.875000
0.541626,-0.232056,1.095825
-0.300049,-0.188599,0.819824
0.100220,0.096924,1.081421
0.307861,-0.466064,0.946411
-0.434692,0.066772,0.841187
0.505615,-0.192993,1.100952
-0.244019,-0.216553,0.824341
0.020142,0.154785,1.093018
0.374390,-0.458252,0.984009
-0.481689,0.036987,0.819336
0.487061,-0.132202,1.130859
-0.152222,-0.241699,0.848389
-0.083252,0.213257,1.066284
0.416504,-0.430054,1.005493
-0.470703,-0.035889,0.807373
0.451294,-0.114014,1.128418
-0.031128,-0.309204,0.863770
-0.157349,0.227417,1.058716
0.449585,-0.389526,1.031982
-0.459106,-0.091187,0.799072
0.396484,-0.087891,1.130737
0.061646,-0.383057,0.875000
-0.233765,0.223267,1.020630
0.479858,-0.324463,1.052368
-0.423950,-0.123169,0.801392
0.334351,-0.062134,1.103516
0.090332,-0.380249,0.890747
-0.306519,0.202637,0.963867
0.517456,-0.273438,1.083740
-0.380737,-0.129150,0.816895
0.234253,-0.000366,1.095581
0.167603,-0.451416,0.883789
-0.357422,0.117920,0.900635
0.534180,-0.237549,1.110962
-0.344360,-0.171509,0.798706
0.134033,0.079346,1.077393
0.257080,-0.492798,0.910278
0.524536,-0.221558,1.104492
-0.267212,-0.204346,0.813110
0.031372,0.168335,1.076294
0.331909,-0.480103,0.942017
-0.464600,0.042358,0.814331
0.500366,-0.182129,1.119019
-0.187256,-0.246948,0.838257
-0.044800,0.205811,1.068970
0.372559,-0.396973,0.988281
-0.481079,0.014771,0.807251
0.473145,-0.170654,1.120728
-0.090820,-0.326538,0.839233
-0.121094,0.211304,1.049316
0.421387,-0.370361,1.003174
-0.477905,-0.015747,0.807373
0.421875,-0.130859,1.106689
0.019653,-0.402466,0.864380
-0.192017,0.195190,1.015015
0.457764,-0.322754,1.040283
-0.453979,-0.063110,0.778076
0.355713,-0.075684,1.099121
0.062622,-0.416016,0.852295
-0.256470,0.185059,0.998535
0.494019,-0.311523,1.057373
-0.422485,-0.098755,0.797363
0.283081,-0.022095,1.088257
0.092285,-0.414062,0.877686
-0.319458,0.125244,0.942139
0.527832,-0.272095,1.104370
-0.394653,-0.167969,0.790039
0.212769,0.042847,1.096436
0.190430,-0.439941,0.890747
-0.383545,0.125977,0.884155
0.532227,-0.255127,1.096924
-0.335815,-0.212524,0.784058
0.141113,0.062744,1.085449
0.248291,-0.467041,0.900024
-0.433105,0.087646,0.826050
0.521729,-0.233765,1.092041
-0.267944,-0.176147,0.828735
0.049561,0.135620,1.080078
0.305298,-0.488281,0.918823
-0.449951,0.041016,0.812012
0.492310,-0.190674,1.096069
-0.225586,-0.219360,0.829712
-0.023315,0.181885,1.074341
0.373413,-0.465820,0.962036
-0.475708,0.009277,0.804199
0.466553,-0.160522,1.107422
-0.144653,-0.247681,0.836792
-0.093994,0.235718,1.062744
0.412720,-0.409912,0.988037
-0.482178,-0.007690,0.806030
0.434814,-0.137695,1.110229
-0.047607,-0.326172,0.855835
-0.151367,0.204224,1.031494
0.433838,-0.359619,1.007935
-0.468628,-0.027954,0.809326
0.401001,-0.115601,1.118774
0.056152,-0.415283,0.871094
-0.250732,0.200684,0.986450
0.466187,-0.319824,1.046021
-0.431030,-0.090698,0.802490
0.335327,-0.078003,1.093628
0.088989,-0.408203,0.867432
-0.312134,0.184448,0.956055
0.505615,-0.293823,1.067749
-0.401367,-0.133911,0.789185
0.246216,-0.016968,1.080444
0.128662,-0.426636,0.877808
-0.358887,0.135864,0.902466
0.523071,-0.260986,1.090698
-0.367798,-0.178711,0.786865
0.138672,0.082153,1.077148
0.219238,-0.461304,0.894043
-0.401733,0.074219,0.854004
0.515381,-0.237549,1.086914
-0.297485,-0.221313,0.805298
0.050293,0.116821,1.058105
0.304565,-0.453247,0.932617
-0.462158,0.061035,0.809082
0.492554,-0.193359,1.101929
-0.209106,-0.251343,0.817261
-0.029053,0.184814,1.066040
0.349243,-0.418091,0.963257
-0.489868,0.021362,0.808350
0.478638,-0.186768,1.099731
-0.121094,-0.300903,0.832153
-0.123779,0.211914,1.044556
0.418091,-0.384033,0.999634
-0.489136,-0.026855,0.790161
0.418701,-0.146362,1.095581
-0.008423,-0.378052,0.851929
-0.186401,0.182495,1.010986
0.444824,-0.339600,1.018799
-0.465820,-0.053467,0.788452
0.357666,-0.090698,1.091431
0.062500,-0.427368,0.867188
-0.261597,0.160034,0.981079
0.491943,-0.328735,1.044800
-0.434692,-0.089233,0.785522
0.285767,-0.020752,1.080811
0.095581,-0.427490,0.857422
-0.329102,0.134399,0.928345
0.510254,-0.287476,1.072144
-0.389526,-0.160767,0.792969
0.212646,0.024048,1.074951
0.161255,-0.433960,0.877930
-0.495117,0.053467,0.766846
0.465454,-0.242798,1.037964
-0.360474,-0.183350,0.784302
-0.054077,0.148438,1.006226
0.249756,-0.464478,0.909668
-0.518311,0.018066,0.744629
0.423584,-0.201538,1.036743
-0.208740,-0.248657,0.792480
-0.122681,0.183594,0.995972
0.351196,-0.443726,0.924072
-0.534180,0.002808,0.759155
0.407349,-0.191162,1.046021
-0.096680,-0.343506,0.799438
-0.203979,0.200928,0.966187
0.376709,-0.375610,0.950928
-0.519287,-0.059326,0.753052
0.360474,-0.161743,1.037109
-0.001831,-0.419678,0.805176
-0.263672,0.170044,0.915405
0.408203,-0.354248,0.955566
-0.489746,-0.058960,0.763794
0.292969,-0.098145,1.029175
0.053955,-0.471313,0.786499
-0.327759,0.132568,0.869263
0.436401,-0.316528,0.982422
-0.463379,-0.081909,0.762329
0.204956,-0.033813,1.017822
0.111938,-0.479004,0.813721
-0.402954,0.093750,0.832886
0.449951,-0.298584,0.992432
-0.426758,-0.149292,0.749634
0.111694,0.074707,1.033081
0.164673,-0.461792,0.838989
-0.453247,0.077148,0.810669
0.477783,-0.302124,1.019775
-0.372314,-0.199951,0.757690
0.004395,0.147095,1.025513
0.250610,-0.469238,0.868896
-0.503784,0.038940,0.757690
0.471680,-0.255371,1.038086
-0.283325,-0.248657,0.760254
-0.075562,0.180908,1.005493
0.300781,-0.460205,0.889893
-0.546753,0.047974,0.759033
0.451294,-0.223145,1.040527
-0.163574,-0.281616,0.796875
-0.153687,0.202881,0.998413
0.338257,-0.431885,0.920166
-0.533447,0.004883,0.763916
0.409668,-0.178101,1.049438
-0.091553,-0.337891,0.802002
-0.212646,0.203003,0.969604
0.384644,-0.405396,0.946411
-0.529297,-0.038208,0.746582
0.359375,-0.149170,1.018799
-0.006104,-0.401367,0.815552
-0.246948,0.154053,0.925293
0.391479,-0.328735,0.962280
-0.500488,-0.072388,0.742920
0.290649,-0.098267,1.031372
0.049683,-0.481201,0.795044
-0.315796,0.159912,0.893188
0.431885,-0.302368,0.978271
-0.493774,-0.029419,0.758789
0.226318,-0.064941,1.000244
0.103149,-0.492554,0.822510
-0.350830,0.081421,0.846802
0.437378,-0.238770,1.007080
-0.467896,-0.044189,0.768188
0.160400,0.002197,1.018433
0.127197,-0.503296,0.822266
-0.431030,0.060791,0.810059
0.460815,-0.265991,1.013428
-0.415649,-0.126221,0.741577
0.078735,0.098267,1.033325
0.202393,-0.477173,0.850830
-0.485474,0.078491,0.788696
0.470459,-0.284180,1.010864
-0.346924,-0.183228,0.763428
-0.004395,0.152344,1.020630
0.258423,-0.465332,0.882080
-0.510376,0.006714,0.746948
0.460571,-0.236450,1.035522
-0.256470,-0.234497,0.782715
-0.098022,0.212158,1.004761
0.291382,-0.400635,0.903320
-0.519653,-0.009033,0.759033
0.433838,-0.216675,1.049072
-0.184937,-0.278320,0.787598
-0.145996,0.198242,0.974243
0.338623,-0.391113,0.938599
-0.538696,-0.010864,0.752686
0.401367,-0.186035,1.046265
-0.100220,-0.333496,0.802979
-0.187622,0.194336,0.970703
0.369629,-0.386597,0.933472
-0.539307,-0.015137,0.748901
0.389648,-0.164185,1.034424
-0.039185,-0.394165,0.796021
-0.243530,0.181763,0.932007
0.389038,-0.381592,0.950684
-0.520996,-0.047852,0.745239
0.347778,-0.139404,1.025391
0.011108,-0.431274,0.803223
-0.298828,0.177246,0.900391
0.414185,-0.344482,0.958252
-0.500977,-0.092773,0.742065
0.293213,-0.103516,1.013062
0.042725,-0.469238,0.800171
-0.325928,0.151733,0.874634
0.434448,-0.323975,0.971924
-0.489990,-0.080566,0.744873
0.236938,-0.042603,1.016968
0.081665,-0.495605,0.788208
-0.357178,0.135132,0.867920
0.442017,-0.314209,0.986694
-0.480713,-0.089600,0.745483
0.189331,-0.005493,1.028442
0.088867,-0.489014,0.789917
-0.390747,0.102051,0.836792
0.461548,-0.298950,0.998657
-0.472412,-0.103882,0.731567
0.144165,0.031982,1.024170
0.125732,-0.465454,0.819824
-0.429321,0.089966,0.819458
0.477295,-0.301636,1.004883
-0.441650,-0.122070,0.738159
0.091431,0.101440,1.032471
0.173828,-0.441284,0.845703
-0.469849,0.084595,0.799072
0.479980,-0.302124,1.010010
-0.393921,-0.182617,0.737793
0.041138,0.137207,1.026611
0.197388,-0.426514,0.856323
-0.492920,0.047485,0.766357
0.483765,-0.286987,1.023560
-0.352173,-0.219849,0.745483
-0.002563,0.154907,1.022339
0.249390,-0.469116,0.866455
-0.523315,0.066650,0.755493
0.458862,-0.247437,1.017822
-0.278564,-0.235107,0.785767
-0.069824,0.170654,1.008179
0.277344,-0.477051,0.872192
-0.508789,0.027954,0.760742
0.427734,-0.206543,1.023438
-0.237793,-0.254883,0.779419
-0.104736,0.179321,1.000854
0.306763,-0.458740,0.891968
-0.518188,-0.006226,0.752197
0.420288,-0.183960,1.038940
-0.170776,-0.277344,0.789917
-0.161865,0.210327,0.981201
0.349365,-0.418701,0.919922
-0.544189,-0.010864,0.746216
0.392090,-0.166626,1.044434
-0.087769,-0.349121,0.794067
-0.213501,0.209717,0.964844
0.376465,-0.400635,0.935303
-0.521729,-0.030762,0.764526
0.358154,-0.152222,1.021484
-0.031860,-0.380249,0.801514
-0.263428,0.188110,0.924072
0.402466,-0.360718,0.964600
-0.501831,-0.101685,0.738770
0.310181,-0.098389,1.020142
0.017212,-0.436523,0.778320
-0.300171,0.136475,0.875000
0.428223,-0.319946,0.972778
-0.505249,-0.106323,0.729614
0.249634,-0.107056,1.005859
0.069702,-0.469482,0.781006
-0.350586,0.108276,0.830566
0.434692,-0.279785,0.996704
-0.470215,-0.092773,0.758179
0.177856,-0.038086,1.012085
0.112671,-0.482056,0.791626
-0.418335,0.115723,0.815796
0.446777,-0.272095,0.999268
-0.415405,-0.139038,0.763184
0.080933,0.061523,1.004639
0.170044,-0.515869,0.813354
-0.459595,0.068726,0.781128
0.456909,-0.240479,1.021484
-0.367920,-0.151733,0.741943
0.007446,0.131592,1.007935
0.239502,-0.482056,0.850830
-0.509033,0.021973,0.752808
0.455933,-0.255737,1.020020
-0.279907,-0.213379,0.780518
-0.073242,0.189575,1.002808
0.282837,-0.427002,0.896118
-0.538086,0.004028,0.737671
0.430786,-0.230835,1.035522
-0.197510,-0.283081,0.783325
-0.125732,0.203491,0.992310
0.325317,-0.374390,0.916992
-0.542358,0.023315,0.753296
0.407715,-0.199707,1.035156
-0.106812,-0.341064,0.790283
-0.185547,0.188110,0.956665
0.363525,-0.378906,0.936157
-0.542480,-0.007446,0.754517
0.364258,-0.167969,1.020874
-0.049561,-0.401489,0.787598
-0.233154,0.153320,0.924805
0.405151,-0.358154,0.958008
-0.534424,-0.028198,0.745728
0.300903,-0.099854,1.007812
0.023804,-0.455688,0.784302
-0.297729,0.129883,0.877563
0.420654,-0.341064,0.963623
-0.491333,-0.080933,0.750122
0.243652,-0.058594,1.010864
0.061401,-0.460693,0.787964
-0.366577,0.123901,0.846680
0.443604,-0.319946,0.989136
-0.459229,-0.120850,0.748657
0.176025,0.016724,1.029297
0.090576,-0.460327,0.793701
-0.418213,0.099487,0.824829
0.467651,-0.309692,0.995483
-0.440308,-0.128052,0.753540
0.104370,0.067261,1.012817
0.147461,-0.443237,0.820679
-0.456543,0.066895,0.791504
0.471924,-0.290771,1.023804
-0.382568,-0.179810,0.757446
0.013550,0.106323,1.004272
0.226440,-0.482544,0.844971
-0.513062,0.053955,0.739380
0.465210,-0.244995,1.032227
-0.295532,-0.229736,0.767944
-0.059204,0.144531,1.004150
0.277710,-0.472900,0.874390
-0.527588,0.034546,0.745605
0.447266,-0.206177,1.032837
-0.212280,-0.247070,0.795654
-0.136230,0.173096,0.977173
0.342773,-0.447754,0.907593
-0.545044,0.017944,0.753784
0.399414,-0.139893,1.043945
-0.115479,-0.321533,0.777466
-0.194092,0.183594,0.960449
0.383301,-0.403687,0.949951
-0.544678,-0.031616,0.755615
0.351318,-0.147949,1.005615
-0.023560,-0.379517,0.804199
-0.250854,0.179810,0.920898
0.394409,-0.349121,0.957520
-0.517212,-0.101196,0.723267
0.300537,-0.119751,1.015381
0.037842,-0.435791,0.786743
-0.331787,0.169556,0.872437
0.443726,-0.301880,0.985962
-0.487915,-0.105103,0.743286
0.215820,-0.055664,1.002930
0.071533,-0.486572,0.781616
-0.373169,0.072998,0.813599
0.459961,-0.280273,1.011841
-0.469482,-0.086304,0.746094
0.128784,0.023682,1.008179
0.122803,-0.501343,0.796997
-0.430908,0.078003,0.804932
0.458130,-0.250122,1.011475
-0.403931,-0.116211,0.765137
0.045532,0.119385,1.016479
0.201294,-0.467285,0.836792
-0.492554,0.041626,0.766479
0.472534,-0.265259,1.032227
-0.342285,-0.196289,0.752319
-0.023071,0.193604,1.027344
0.257690,-0.408325,0.873047
-0.532471,0.018921,0.747192
0.445557,-0.291870,1.012695
-0.253052,-0.279663,0.762207
-0.082520,0.225586,1.019165
0.290405,-0.374390,0.904541
-0.553467,0.021973,0.735474
0.432129,-0.267456,1.025269
-0.170654,-0.315796,0.794678
-0.132568,0.210571,0.988037
0.318359,-0.348877,0.913086
-0.557251,0.062744,0.761230
0.409668,-0.245239,1.007690
-0.080566,-0.346313,0.813477
-0.181274,0.179077,0.959229
0.349854,-0.363403,0.926758
-0.536621,0.056396,0.782715
0.378906,-0.171509,1.019653
-0.036011,-0.367065,0.819092
-0.234619,0.157471,0.919556
0.381714,-0.380005,0.929810
-0.525391,-0.018311,0.750488
0.343140,-0.128662,1.032227
-0.003662,-0.423950,0.787964
-0.284546,0.181885,0.917236
0.414307,-0.396484,0.944092
-0.507812,-0.070068,0.760254
0.286011,-0.075317,1.024414
0.029907,-0.453369,0.763672
-0.325806,0.163330,0.882568
0.444580,-0.362671,0.969116
-0.495239,-0.109253,0.741821
0.228149,-0.051392,1.008179
0.056396,-0.468384,0.765991
-0.372314,0.145142,0.844116
0.456909,-0.334717,0.972534
-0.459229,-0.106934,0.761963
0.170288,-0.016479,1.009766
0.096313,-0.456299,0.787231
-0.431030,0.118652,0.803223
0.462036,-0.296387,0.990723
-0.419800,-0.161987,0.742554
0.095215,0.052124,1.017212
0.153564,-0.483276,0.810425
-0.494141,0.103638,0.780273
0.468506,-0.300659,0.989136
-0.357666,-0.180664,0.771606
-0.004761,0.140991,1.010742
0.232056,-0.485107,0.858765
-0.503662,0.038452,0.748169
0.467896,-0.256836,1.023926
-0.297729,-0.215820,0.767456
-0.065552,0.198608,1.014404
0.286865,-0.414917,0.898071
-0.542114,0.005981,0.738403
0.434448,-0.248047,1.034790
-0.217529,-0.271362,0.786133
-0.127441,0.209473,0.991211
0.331177,-0.386475,0.920288
-0.541626,0.024780,0.766357
0.401611,-0.206909,1.033936
-0.118652,-0.335938,0.793579
-0.174805,0.152954,0.952271
0.352417,-0.369263,0.934814
-0.546143,-0.010742,0.752075
0.373657,-0.138672,1.046753
-0.045410,-0.402954,0.773071
-0.229126,0.177734,0.934570
0.396118,-0.381104,0.934692
-0.527100,-0.034546,0.760254
0.323242,-0.125854,1.012329
0.006470,-0.438232,0.777466
-0.296509,0.160278,0.889771
0.438110,-0.366333,0.964478
-0.500610,-0.090576,0.740112
0.252930,-0.071045,1.001831
0.034302,-0.448486,0.766479
-0.359619,0.116943,0.843994
0.468506,-0.351685,0.986206
-0.459595,-0.128418,0.753662
0.180786,0.002075,1.015137
0.087280,-0.442505,0.792480
-0.416992,0.081177,0.798828
0.460205,-0.310791,1.010864
-0.421021,-0.157959,0.749756
0.134277,0.031982,1.033203
0.138672,-0.454224,0.813843
-0.498535,0.113159,0.764648
0.459229,-0.287109,1.004150
-0.351440,-0.204346,0.760376
0.049805,0.089478,1.024170
0.203613,-0.460938,0.837524
-0.521973,0.074219,0.740845
0.462891,-0.274780,1.011230
-0.302612,-0.227295,0.764771
-0.057373,0.157959,1.017822
0.284668,-0.470825,0.875854
-0.534058,0.051147,0.749634
0.432861,-0.236694,1.023071
-0.203857,-0.287720,0.780518
-0.143433,0.195679,0.989380
0.342163,-0.413696,0.904785
-0.556396,0.038452,0.752075
0.408325,-0.193970,1.039795
-0.076904,-0.363525,0.808472
-0.227905,0.200073,0.950195
0.379517,-0.380737,0.929077
-0.526611,-0.025146,0.749878
0.341187,-0.131348,1.032715
-0.003540,-0.436523,0.786133
-0.289307,0.176758,0.907837
0.421265,-0.346069,0.957886
-0.509521,-0.078125,0.750488
0.258667,-0.097290,1.007202
0.066162,-0.504883,0.777344
-0.344604,0.130981,0.852173
0.433594,-0.286133,0.975586
-0.466919,-0.062134,0.767944
0.177734,-0.025879,1.005493
0.124268,-0.506104,0.802612
-0.416138,0.088379,0.810669
0.459839,-0.265747,1.002808
-0.426147,-0.128784,0.734375
0.073975,0.076660,1.008179
0.176147,-0.486328,0.826050
-0.458008,0.048096,0.777100
0.461182,-0.239258,1.021362
-0.361084,-0.195801,0.740112
-0.016235,0.143799,1.008057
0.260620,-0.478149,0.863403
-0.509399,0.022461,0.756836
0.447876,-0.258545,1.017212
-0.273926,-0.233032,0.776123
-0.094971,0.172607,0.996094
0.318970,-0.472290,0.899536
-0.538574,0.023315,0.754883
0.417847,-0.181885,1.039795
-0.143311,-0.281982,0.800903
-0.179810,0.198120,0.979858
0.364014,-0.440308,0.920288
-0.531738,-0.004395,0.756592
0.381104,-0.123779,1.040771
-0.059204,-0.331665,0.800415
-0.244019,0.193726,0.944946
0.413330,-0.415283,0.944946
-0.508179,-0.062500,0.757446
0.309448,-0.104492,1.018188
0.011841,-0.419434,0.782837
-0.302002,0.151123,0.880127
0.442261,-0.348145,0.982056
-0.483887,-0.080566,0.756470
0.228027,-0.039917,1.015503
0.067871,-0.464600,0.780640
-0.359375,0.121582,0.847778
0.464355,-0.338501,0.987549
-0.466919,-0.122192,0.753418
0.148926,0.000610,1.008545
0.121704,-0.454712,0.797241
-0.432007,0.094482,0.794556
0.464966,-0.263184,1.012085
-0.395386,-0.174072,0.753784
0.056274,0.081787,1.014404
0.209961,-0.507812,0.831177
-0.490967,0.062988,0.769165
0.453613,-0.219727,1.038452
-0.316895,-0.194702,0.767700
-0.047119,0.145020,1.002075
0.283936,-0.497803,0.880493
-0.520264,0.009521,0.741943
0.435425,-0.195312,1.035645
-0.219116,-0.250244,0.777832
-0.119751,0.189087,0.998169
0.326782,-0.434326,0.921997
-0.531738,0.008789,0.764893
0.416138,-0.199097,1.043579
-0.117920,-0.326416,0.785522
-0.196045,0.210571,0.974731
0.376343,-0.400635,0.944458
-0.528198,-0.045288,0.748047
0.361328,-0.137329,1.038818
-0.028442,-0.401123,0.794556
-0.248535,0.175293,0.920654
0.412598,-0.372437,0.954590
-0.507202,-0.066040,0.760254
0.302490,-0.138184,1.011230
0.036255,-0.469238,0.782959
-0.305786,0.130859,0.873413
0.441406,-0.314819,0.985962
-0.487793,-0.054199,0.774536
0.214355,-0.056641,1.007935
0.091675,-0.514648,0.786255
-0.370972,0.099609,0.836304
0.448608,-0.271484,0.996338
-0.436157,-0.089233,0.760132
0.129761,0.037109,1.021729
0.134155,-0.475098,0.820679
-0.448975,0.073730,0.803833
0.468628,-0.291626,1.014282
-0.370972,-0.169189,0.768066
0.037720,0.122437,1.020386
0.210571,-0.450562,0.856567
-0.505249,0.037964,0.751953
0.462402,-0.254150,1.038086
-0.276978,-0.253662,0.776855
-0.061035,0.173096,1.016846
0.288818,-0.442383,0.883667
-0.536499,0.027954,0.742310
0.436768,-0.230835,1.039551
-0.189697,-0.288208,0.793701
-0.128296,0.171875,0.982666
0.337524,-0.405151,0.930054
-0.536499,0.006104,0.755371
0.397949,-0.173096,1.038818
-0.084839,-0.359131,0.796753
-0.202393,0.172485,0.957520
0.389282,-0.394775,0.952026
-0.530029,-0.047241,0.752441
0.336792,-0.114014,1.036987
0.010132,-0.424072,0.793213
-0.281616,0.165771,0.911377
0.431152,-0.361450,0.976318
-0.514526,-0.074219,0.747070
0.253784,-0.079956,1.012695
0.072998,-0.474609,0.791992
-0.344116,0.130493,0.866577
0.448486,-0.326172,0.989380
-0.475342,-0.105347,0.750000
0.161133,0.005615,1.012939
0.121216,-0.491089,0.802490
-0.420044,0.110840,0.829102
0.473022,-0.301392,1.012207
-0.407227,-0.139404,0.753906
0.056396,0.120239,1.020264
0.195068,-0.455444,0.848511
-0.468262,0.025024,0.776001
0.473755,-0.262207,1.042480
-0.326782,-0.219727,0.764282
-0.024292,0.181030,1.041748
0.268677,-0.432129,0.876465
-0.525269,0.014648,0.752930
0.443604,-0.263062,1.032837
-0.209473,-0.314575,0.784546
-0.101196,0.210693,1.018799
0.332275,-0.380127,0.928833
-0.546387,0.045044,0.757568
0.409668,-0.206787,1.034668
-0.122192,-0.366089,0.783569
-0.152710,0.146484,0.981812
0.373901,-0.388550,0.943481
-0.533813,0.017456,0.756104
0.364746,-0.135620,1.025635
-0.022827,-0.367798,0.810791
-0.244385,0.158325,0.947510
0.410034,-0.389282,0.968262
-0.512573,-0.107910,0.739624
0.313110,-0.073975,1.057251
0.018555,-0.423218,0.777466
-0.288574,0.161621,0.922241
0.438965,-0.364136,0.983643
-0.498779,-0.109985,0.746704
0.262573,-0.078491,1.022339
0.078979,-0.448608,0.801758
-0.348633,0.135498,0.859497
0.453735,-0.299683,1.007446
-0.464844,-0.082764,0.752319
0.203125,-0.059570,1.010132
0.110474,-0.474609,0.808960
-0.413086,0.136108,0.835327
0.467896,-0.285645,1.005981
-0.438721,-0.094727,0.757690
0.114136,0.037476,1.017944
0.179199,-0.501831,0.840454
-0.447998,0.080688,0.806519
0.469116,-0.264893,1.027344
-0.372314,-0.156250,0.768921
0.020264,0.115601,1.015747
0.243774,-0.522949,0.853149
-0.477417,0.029053,0.772217
0.462646,-0.224365,1.045410
-0.292480,-0.219238,0.766724
-0.045044,0.186279,1.028564
0.299316,-0.496582,0.872559
-0.507935,0.033447,0.772583
0.434082,-0.199707,1.037231
-0.203491,-0.240967,0.800903
-0.122925,0.221680,1.010986
0.345581,-0.441650,0.933350
-0.539062,0.014893,0.765869
0.409546,-0.175537,1.056641
-0.117065,-0.318359,0.808960
-0.175171,0.179810,0.984497
0.379395,-0.401855,0.950562
-0.531250,-0.015381,0.753174
0.372681,-0.129028,1.042725
-0.008057,-0.393188,0.822510
-0.251709,0.180176,0.947266
0.413330,-0.374512,0.964722
-0.484497,-0.072021,0.746704
0.287109,-0.045044,1.037109
0.055664,-0.454834,0.811646
-0.307251,0.132202,0.899658
0.453857,-0.356201,0.987793
-0.476196,-0.105957,0.749878
0.214600,0.005371,1.030518
0.101074,-0.416748,0.824707
-0.394531,0.150513,0.869629
0.468506,-0.339600,0.997681
-0.417603,-0.188232,0.761230
0.124512,0.033081,1.031982
0.157104,-0.471191,0.826172
-0.439209,0.077026,0.805664
0.493042,-0.253174,1.046021
-0.353760,-0.168091,0.774536
0.001221,0.125122,1.023438
0.256714,-0.483887,0.864380
-0.475952,0.003540,0.753784
0.471069,-0.225952,1.056763
-0.243652,-0.232422,0.795654
-0.101807,0.187988,1.003784
0.329590,-0.437378,0.914917
-0.515015,-0.014038,0.767090
0.424805,-0.202393,1.062866
-0.108887,-0.344360,0.804810
-0.196899,0.213623,0.982544
0.385620,-0.400635,0.944580
-0.525879,-0.033936,0.747437
0.370850,-0.179565,1.047119
0.021484,-0.422363,0.827271
-0.256470,0.193115,0.932617
0.404419,-0.311768,0.976196
-0.495972,-0.082031,0.749512
0.287964,-0.100952,1.039917
0.075562,-0.481323,0.813721
-0.300415,0.110474,0.902222
0.450073,-0.284302,1.016235
-0.463135,-0.040039,0.772949
0.180542,0.013306,1.023315
0.122559,-0.424805,0.832153
-0.397339,0.080933,0.857788
0.477539,-0.308228,1.025513
-0.423218,-0.157959,0.748779
0.105469,0.100952,1.035278
0.196899,-0.410522,0.869873
-0.466187,0.070190,0.805786
0.509155,-0.346924,1.041260
-0.348145,-0.244141,0.758423
-0.005493,0.151855,1.024780
0.261719,-0.428711,0.890381
-0.488525,0.039673,0.765991
0.480591,-0.250244,1.055786
-0.243774,-0.236572,0.806641
-0.074829,0.154419,1.010620
0.310303,-0.446655,0.907104
-0.513184,0.012939,0.763062
0.453857,-0.208618,1.067627
-0.148926,-0.297729,0.817261
-0.143677,0.196655,1.005249
0.366089,-0.450684,0.933838
-0.513794,-0.003052,0.759277
0.402710,-0.157959,1.053711
-0.071533,-0.321411,0.829468
-0.189331,0.186890,0.994995
0.397339,-0.417603,0.958252
-0.516357,-0.055298,0.752441
0.360229,-0.114868,1.054688
0.017700,-0.383301,0.821899
-0.233521,0.209595,0.974243
0.418091,-0.355469,0.972778
-0.503418,-0.081787,0.750610
0.324951,-0.120605,1.043457
0.074463,-0.449341,0.830200
-0.295410,0.157104,0.919312
0.446045,-0.312744,1.008667
-0.469116,-0.109253,0.749634
0.261597,-0.080078,1.034790
0.098511,-0.471069,0.811035
-0.366821,0.160889,0.884277
0.473755,-0.306763,1.013672
-0.433594,-0.150635,0.753052
0.181885,-0.001465,1.035889
0.136475,-0.473267,0.824829
-0.402588,0.112183,0.845337
0.491211,-0.291748,1.033813
-0.386353,-0.155884,0.772705
0.086182,0.076904,1.019531
0.208496,-0.489014,0.847046
-0.432495,0.040161,0.808594
0.494873,-0.227417,1.072144
-0.348755,-0.191772,0.758545
0.002197,0.134766,1.025391
0.275513,-0.508545,0.874023
-0.467285,0.018188,0.783081
0.478149,-0.234985,1.060181
-0.272583,-0.225708,0.789062
-0.066528,0.165405,1.014038
0.322876,-0.475464,0.906372
-0.494995,0.011108,0.774170
0.460693,-0.193237,1.072388
-0.186646,-0.250000,0.816162
-0.120361,0.190308,1.006104
0.361328,-0.457397,0.931641
-0.511597,-0.031860,0.765625
0.437622,-0.169678,1.076172
-0.079834,-0.319214,0.822876
-0.191040,0.233398,1.011230
0.399658,-0.405884,0.954956
-0.503418,-0.051514,0.767578
0.369019,-0.135864,1.065918
0.018799,-0.428955,0.827881
-0.225464,0.187134,0.967773
0.419189,-0.326172,0.990479
-0.501831,-0.051758,0.763062
0.303223,-0.092163,1.054810
0.092041,-0.473999,0.847534
-0.292969,0.136719,0.943726
0.449097,-0.308228,1.008423
-0.467163,-0.050171,0.779053
0.228027,-0.033813,1.022827
0.112671,-0.420898,0.865967
-0.331543,0.108521,0.911499
0.481934,-0.292847,1.043213
-0.426147,-0.110229,0.785767
0.125244,0.030396,1.013184
0.176392,-0.425415,0.872314
-0.397095,0.052734,0.864136
0.500366,-0.286499,1.065308
-0.374390,-0.183105,0.770874
0.069824,0.123657,1.046509
0.245239,-0.458374,0.890259
-0.452393,0.049561,0.822021
0.500854,-0.273804,1.061035
-0.322021,-0.230347,0.768433
0.007324,0.174683,1.048828
0.301025,-0.436279,0.923584
-0.478516,0.015747,0.804565
0.406982,-0.210571,1.039307
-0.248535,-0.269409,0.801758
-0.195068,0.174316,0.953979
0.369507,-0.370239,0.931641
-0.534546,0.000122,0.737183
0.363281,-0.138672,1.036011
-0.031006,-0.388306,0.789429
-0.249756,0.168091,0.926758
0.389038,-0.384033,0.945679
-0.526123,-0.088257,0.728271
0.305054,-0.095581,1.024536
0.011963,-0.409546,0.768311
-0.306030,0.175781,0.898071
0.441040,-0.358032,0.968018
-0.510376,-0.118042,0.735596
0.234863,-0.075562,1.002686
0.059326,-0.461182,0.777710
-0.374512,0.139282,0.842773
0.466675,-0.314819,0.997437
-0.460938,-0.077393,0.772217
0.131348,0.011597,1.000366
0.104370,-0.492798,0.786377
-0.414062,0.063599,0.803711
0.461792,-0.246460,1.024536
-0.415527,-0.126587,0.747314
0.055542,0.115234,1.014160
0.197021,-0.505981,0.830322
-0.487671,0.058716,0.770752
0.459106,-0.267212,1.020264
-0.350464,-0.192871,0.750610
-0.023438,0.169800,1.025146
0.262329,-0.480591,0.875122
-0.509888,0.030884,0.754517
0.453369,-0.230347,1.036987
-0.262817,-0.229126,0.773315
-0.083252,0.190063,1.025024
0.314331,-0.483276,0.883911
-0.549683,0.038208,0.752686
0.426392,-0.190186,1.041138
-0.162964,-0.249634,0.817749
-0.159302,0.192871,0.987305
0.345947,-0.462891,0.917236
-0.541016,-0.004883,0.762573
0.382935,-0.136719,1.053345
-0.083130,-0.320679,0.796387
-0.218262,0.189575,0.950439
0.390015,-0.414185,0.941040
-0.523804,-0.062988,0.741089
0.342285,-0.103882,1.043945
0.003418,-0.395874,0.789917
-0.290894,0.187012,0.905029
0.428833,-0.379883,0.964600
-0.487915,-0.115723,0.748413
0.265259,-0.074829,1.024048
0.055908,-0.452271,0.795898
-0.353638,0.147217,0.860474
0.452759,-0.333374,0.985474
-0.465698,-0.139893,0.741089
0.177979,-0.003906,1.025879
0.097656,-0.469849,0.796021
-0.411743,0.140991,0.846436
0.459229,-0.307251,0.997925
-0.421021,-0.160889,0.747681
0.087646,0.051514,1.014893
0.172974,-0.466187,0.824585
-0.453491,0.088867,0.794922
0.465698,-0.255493,1.015137
-0.352417,-0.200073,0.758545
0.000366,0.093384,1.001587
0.253662,-0.484985,0.863037
-0.503906,0.024414,0.737549
0.453979,-0.225342,1.036133
-0.223389,-0.235107,0.801758
-0.113770,0.208984,1.011841
0.308472,-0.442505,0.900269
-0.527466,-0.014038,0.759033
0.415771,-0.211304,1.040039
-0.119385,-0.327393,0.795166
-0.181519,0.210083,0.980957
0.366943,-0.369751,0.950195
-0.539673,-0.020142,0.751221
0.362671,-0.153198,1.042603
-0.007690,-0.431763,0.805176
-0.247314,0.162720,0.926270
0.414551,-0.349854,0.956177
-0.511841,-0.047729,0.747559
0.277832,-0.093506,1.006714
0.072632,-0.488770,0.788940
-0.312500,0.114868,0.879028
0.443115,-0.287109,0.999756
-0.468140,-0.081665,0.757446
0.183838,-0.016357,1.013672
0.106079,-0.470215,0.808960
-0.401367,0.093140,0.846802
0.477295,-0.305908,1.031616
-0.418091,-0.159668,0.753662
0.080933,0.105957,1.031738
0.186646,-0.470703,0.843018
-0.456299,0.055176,0.805664
0.483521,-0.276855,1.040039
-0.350464,-0.192871,0.760498
-0.006104,0.149414,1.024414
0.267090,-0.438110,0.901367
-0.508667,-0.020630,0.749634
0.463745,-0.266724,1.037109
-0.246216,-0.252441,0.791138
-0.095093,0.187256,1.000732
0.320435,-0.429077,0.916260
-0.517578,0.011719,0.772583
0.420654,-0.177368,1.061157
-0.131592,-0.301270,0.805542
-0.178345,0.172363,0.963867
0.366455,-0.416138,0.944214
-0.513794,-0.061646,0.750122
0.385010,-0.141968,1.060791
-0.023804,-0.385986,0.806885
-0.261353,0.218506,0.958862
0.416016,-0.406616,0.959473
-0.482422,-0.102661,0.754028
0.307495,-0.081787,1.040405
0.059082,-0.422852,0.816040
-0.318726,0.166138,0.893799
0.437622,-0.328247,0.986816
-0.458496,-0.142822,0.767700
0.230591,-0.066528,1.030762
0.101929,-0.454224,0.812744
-0.384277,0.149536,0.861938
0.462036,-0.283691,1.008667
-0.413574,-0.130005,0.770020
0.132080,0.011963,1.030762
0.167114,-0.503418,0.832642
-0.454346,0.076416,0.810425
0.483032,-0.270996,1.018555
-0.345703,-0.171997,0.764526
0.006104,0.161377,1.039062
0.270996,-0.462158,0.895386
-0.477417,0.000610,0.773193
0.442139,-0.223145,1.050659
-0.243042,-0.265869,0.781860
-0.059448,0.189453,1.031738
0.323486,-0.392090,0.921631
-0.545410,0.028931,0.754639
0.431030,-0.208862,1.062256
-0.103516,-0.365112,0.806641
-0.139038,0.173584,1.001343
0.353516,-0.354980,0.950562
-0.536865,0.032715,0.765625
0.393555,-0.183838,1.046997
0.005859,-0.400635,0.847290
-0.220215,0.145752,0.949829
0.396362,-0.333496,0.976929
-0.486694,-0.032471,0.761353
0.303467,-0.064575,1.054199
0.057373,-0.449951,0.825439
-0.289185,0.111816,0.911255
0.462036,-0.339722,1.007202
-0.458130,-0.086792,0.751587
0.223755,0.017944,1.047363
0.095337,-0.408569,0.825928
-0.364990,0.115234,0.892700
0.466309,-0.306152,1.027710
-0.424927,-0.156982,0.755005
0.173218,0.043335,1.059326
0.140869,-0.424072,0.859741
-0.430054,0.089478,0.829346
0.476318,-0.277466,1.048218
-0.374023,-0.217163,0.741943
0.101196,0.076416,1.062378
0.233276,-0.500366,0.861816
-0.484741,0.091431,0.797729
0.486938,-0.261475,1.039185
-0.324219,-0.201782,0.762085
0.029419,0.131226,1.040894
0.293213,-0.505737,0.893677
-0.505493,0.054932,0.777954
0.464600,-0.248169,1.039917
-0.267822,-0.246460,0.782349
-0.030273,0.171387,1.045044
0.318115,-0.467773,0.918579
-0.514893,0.058350,0.784058
0.467896,-0.237305,1.051880
-0.200928,-0.263550,0.814941
-0.098633,0.169922,1.031616
0.345947,-0.435669,0.944336
-0.519653,0.028320,0.786499
0.432983,-0.178467,1.064575
-0.109009,-0.306885,0.822998
-0.144287,0.207031,1.021118
0.377808,-0.412109,0.962280
-0.516724,-0.035767,0.773315
0.424438,-0.154663,1.080444
-0.058472,-0.332153,0.829346
-0.197632,0.205200,0.989258
0.419678,-0.411011,0.979492
-0.490479,-0.088135,0.757690
0.369995,-0.121094,1.071289
0.003174,-0.396362,0.821289
-0.230103,0.204468,0.989380
0.431641,-0.374390,0.991943
-0.481201,-0.102661,0.759888
0.330566,-0.096069,1.068115
0.039917,-0.407227,0.828857
-0.244629,0.161377,0.957397
0.443359,-0.329346,0.999634
-0.484619,-0.097168,0.750732
0.298096,-0.091675,1.046631
0.092651,-0.461914,0.834473
-0.299805,0.147705,0.941650
0.465088,-0.317261,1.020020
-0.463989,-0.104614,0.762207
0.247437,-0.059937,1.033691
0.122314,-0.463013,0.843262
-0.352905,0.148682,0.906250
0.477783,-0.265503,1.046631
-0.417847,-0.124512,0.774902
0.165527,0.028198,1.049561
0.165649,-0.458374,0.877075
-0.373779,0.075928,0.891968
0.487549,-0.269043,1.060303
-0.396118,-0.144409,0.769775
0.102539,0.090820,1.044678
0.238403,-0.506836,0.876343
-0.419678,0.019775,0.824707
0.506226,-0.227661,1.094604
-0.344727,-0.170776,0.779907
0.022583,0.126953,1.027588
0.298950,-0.515991,0.898071
-0.456665,0.001831,0.793823
0.491089,-0.218384,1.088135
-0.260742,-0.221802,0.799438
-0.061157,0.180664,1.020264
0.350098,-0.471680,0.924561
-0.480469,0.000122,0.794067
0.464722,-0.179443,1.094360
-0.185059,-0.258545,0.816895
-0.129150,0.184082,1.009644
0.389160,-0.448730,0.958130
-0.494751,-0.049194,0.786865
0.432739,-0.128906,1.102051
-0.050903,-0.327881,0.828247
-0.194336,0.222412,1.004639
0.432495,-0.398926,0.987183
-0.461548,-0.092407,0.779297
0.359375,-0.087280,1.094727
0.039429,-0.402710,0.832153
-0.240967,0.172607,0.966064
0.459106,-0.329590,1.029297
-0.454712,-0.106689,0.778687
0.302246,-0.073242,1.076904
0.094971,-0.443481,0.843384
-0.330078,0.169556,0.936157
0.482300,-0.297607,1.048096
-0.414062,-0.136841,0.783691
0.214844,-0.013062,1.058350
0.152832,-0.424927,0.886597
-0.379761,0.109863,0.869263
0.500977,-0.248047,1.071289
-0.378296,-0.157471,0.764771
0.138184,0.044678,1.060425
0.253662,-0.503418,0.895752
-0.437012,0.053101,0.833496
0.506470,-0.255249,1.077271
-0.288452,-0.221191,0.795776
0.009888,0.167236,1.050415
0.320923,-0.464478,0.932983
-0.460571,0.004517,0.818237
0.490723,-0.203979,1.099609
-0.193848,-0.244751,0.838013
-0.072510,0.198975,1.043823
0.360962,-0.414917,0.967896
-0.489014,-0.018433,0.800781
0.458008,-0.196167,1.104126
-0.092041,-0.323975,0.847412
-0.135742,0.204590,1.030029
0.406250,-0.352905,1.002808
-0.498169,0.000732,0.796021
0.421753,-0.173584,1.092041
-0.003174,-0.422119,0.836914
-0.176514,0.175903,1.017822
0.441895,-0.325562,1.018555
-0.471802,-0.058350,0.782104
0.361572,-0.097778,1.106812
0.059570,-0.443481,0.848633
-0.251831,0.162231,0.978516
0.487671,-0.338135,1.042480
-0.433594,-0.108765,0.788574
0.293823,-0.032715,1.086670
0.081421,-0.400513,0.854858
-0.296387,0.151855,0.956299
0.510742,-0.318359,1.063599
-0.414673,-0.149170,0.789551
0.219238,0.024170,1.070923
0.150513,-0.416992,0.871948
-0.346558,0.120483,0.908447
0.509399,-0.256470,1.098755
-0.360107,-0.194336,0.793213
0.158936,0.071655,1.076904
0.221069,-0.464355,0.891846
-0.412720,0.066040,0.851685
0.540771,-0.265991,1.100830
-0.324341,-0.194214,0.786987
0.070923,0.130127,1.061157
0.290161,-0.466064,0.914551
-0.437256,0.043579,0.827515
0.511353,-0.233887,1.103638
-0.247803,-0.261841,0.808594
-0.008423,0.172119,1.061401
0.338745,-0.436890,0.947266
-0.450684,0.018311,0.821655
0.499512,-0.185059,1.119263
-0.178833,-0.251465,0.837769
-0.079346,0.209351,1.047974
0.380249,-0.429932,0.965942
-0.462524,-0.019531,0.804565
0.464966,-0.136353,1.125244
-0.050049,-0.299438,0.871582
-0.138794,0.222412,1.046387
0.408203,-0.365601,0.990723
-0.472412,-0.022461,0.816528
0.435913,-0.140869,1.128662
0.031982,-0.391846,0.865479
-0.200928,0.223999,1.029663
0.445190,-0.331909,1.029419
-0.464844,-0.068604,0.784058
0.377563,-0.094360,1.125122
0.073975,-0.435669,0.859863
-0.242310,0.192627,0.999878
0.482178,-0.306641,1.041260
-0.437622,-0.083740,0.788330
0.317139,-0.068115,1.087891
0.105225,-0.430176,0.881836
-0.289795,0.151733,0.973267
0.514526,-0.275635,1.098511
-0.426270,-0.114136,0.788452
0.242798,0.026978,1.097046
0.182983,-0.447266,0.899902
-0.347900,0.124023,0.939087
0.526978,-0.256592,1.114746
-0.377197,-0.158203,0.791748
0.170776,0.058716,1.084473
0.233765,-0.477417,0.920044
-0.397461,0.058472,0.872437
0.556152,-0.242188,1.134521
-0.319336,-0.202637,0.793579
0.073853,0.155884,1.077393
0.302490,-0.468384,0.942627
-0.421387,0.017578,0.839966
0.542847,-0.235840,1.131226
-0.270142,-0.240234,0.819092
0.011230,0.179688,1.072632
0.350220,-0.428711,0.972412
-0.427734,0.043213,0.847534
0.518677,-0.189941,1.127563
-0.211670,-0.235962,0.847534
-0.022095,0.169434,1.069092
0.391357,-0.438965,0.984741
-0.462769,0.045044,0.834229
0.482666,-0.109375,1.126221
-0.102905,-0.258667,0.870117
-0.087036,0.210693,1.067139
0.401001,-0.409668,0.999756
-0.445190,-0.048950,0.814209
0.473633,-0.111328,1.146118
-0.037720,-0.291504,0.885376
-0.158447,0.233643,1.046265
0.441284,-0.386841,1.021729
-0.440430,-0.086670,0.808350
0.434448,-0.095337,1.156006
0.033936,-0.356079,0.886719
-0.205200,0.238281,1.045410
0.486328,-0.360718,1.046021
-0.435547,-0.107422,0.795898
0.382568,-0.070312,1.132080
0.075073,-0.374390,0.891235
-0.245728,0.227417,1.033325
0.494141,-0.297485,1.068970
-0.405884,-0.126221,0.803467
0.328735,-0.035034,1.122314
0.104126,-0.383179,0.912964
-0.299316,0.192505,0.988403
0.524048,-0.256348,1.116089
-0.374756,-0.147705,0.810669
0.258179,0.017334,1.125122
0.173584,-0.439331,0.910645
-0.327148,0.124390,0.937500
0.555420,-0.231079,1.135376
-0.365601,-0.156616,0.805542
0.167114,0.061279,1.099609
0.262207,-0.500977,0.923584
-0.380981,0.073364,0.886230
0.546631,-0.194336,1.132080
-0.286255,-0.173584,0.822998
0.068848,0.134155,1.078369
0.336182,-0.504883,0.958496
-0.436279,0.028687,0.854492
0.540771,-0.177612,1.161743
-0.211914,-0.211304,0.840332
-0.013062,0.234131,1.098389
0.388428,-0.419800,1.000854
-0.454224,-0.013306,0.828369
0.507812,-0.148438,1.158936
-0.111328,-0.263306,0.869385
-0.088867,0.245850,1.077759
0.433472,-0.376343,1.020630
-0.441650,-0.022949,0.834717
0.468628,-0.114136,1.156738
0.016357,-0.354980,0.896484
-0.161499,0.217896,1.056030
0.472778,-0.324463,1.060059
-0.447754,-0.060913,0.819946
0.403809,-0.075439,1.154785
0.066040,-0.374146,0.895020
-0.230225,0.193237,1.016968
0.507812,-0.260376,1.107056
-0.402588,-0.111816,0.817017
0.309326,-0.005127,1.136719
0.138306,-0.409058,0.914062
-0.318237,0.159058,0.963257
0.561279,-0.261353,1.135986
-0.353149,-0.148682,0.827148
0.198486,0.074219,1.115845
0.240234,-0.441650,0.942139
-0.373657,0.059448,0.887085
0.552002,-0.224854,1.140869
-0.287842,-0.189697,0.829102
0.105225,0.162109,1.122437
0.339111,-0.459717,0.975220
-0.443237,0.056641,0.861084
0.533691,-0.191406,1.150635
-0.225342,-0.258911,0.826538
0.020020,0.197388,1.096680
0.387573,-0.397217,1.003784
-0.435669,0.011230,0.845947
0.520874,-0.168213,1.158813
-0.134155,-0.273682,0.874390
-0.073853,0.191650,1.069214
0.435913,-0.371216,1.034668
-0.417603,-0.062500,0.838867
0.478149,-0.085205,1.170654
-0.002686,-0.307373,0.895630
-0.160400,0.238403,1.061157
0.482788,-0.366333,1.064697
-0.419678,-0.092651,0.824097
0.429321,-0.057251,1.177368
0.032471,-0.333496,0.889404
-0.210205,0.239258,1.051636
0.506958,-0.302124,1.083740
-0.408569,-0.122925,0.807251
0.375732,-0.032471,1.164429
0.080811,-0.372925,0.909302
-0.269775,0.227905,1.023315
0.532349,-0.278687,1.112915
-0.385742,-0.149292,0.814209
0.303589,-0.015381,1.147461
0.165039,-0.392334,0.941650
-0.316772,0.161621,0.959717
0.535767,-0.231567,1.135620
-0.340576,-0.180054,0.821045
0.229858,0.043091,1.137817
0.239990,-0.442871,0.949585
-0.385986,0.129395,0.900391
0.551636,-0.223511,1.138550
-0.281616,-0.201294,0.830322
0.137085,0.111694,1.124390
0.314697,-0.440430,0.975830
-0.427124,0.102905,0.874512
0.550049,-0.154419,1.160278
-0.213013,-0.236328,0.854126
0.024658,0.180176,1.117432
0.375122,-0.412720,1.002075
-0.434814,0.057495,0.866577
0.528931,-0.138672,1.170654
-0.119385,-0.276245,0.877808
-0.068237,0.220581,1.095459
0.439209,-0.395264,1.030518
-0.438721,-0.020996,0.845581
0.480103,-0.090820,1.181274
0.019897,-0.341431,0.910645
-0.147095,0.229248,1.067505
0.460327,-0.320068,1.065063
-0.445679,-0.075562,0.820923
0.436646,-0.093506,1.177124
0.045776,-0.352661,0.911377
-0.207397,0.233643,1.061279
0.495483,-0.281006,1.089600
-0.429321,-0.093628,0.816406
0.367310,-0.065186,1.153564
0.119385,-0.381958,0.929688
-0.291626,0.205566,1.012451
0.542358,-0.249512,1.127075
-0.363037,-0.161987,0.821045
0.246704,0.023193,1.131836
0.202759,-0.413330,0.952271
-0.342773,0.124390,0.928467
0.559570,-0.209473,1.151855
-0.292603,-0.196533,0.835815
0.133667,0.108887,1.115112
0.311890,-0.459839,0.968506
-0.411255,0.083496,0.898438
0.549438,-0.177246,1.156128
-0.216431,-0.227417,0.847534
0.028564,0.182739,1.102539
0.385132,-0.393921,1.014038
-0.435059,0.012573,0.855957
0.525146,-0.131348,1.182251
-0.096680,-0.289673,0.869873
-0.064697,0.224609,1.095337
0.422974,-0.354126,1.026855
-0.444702,-0.040161,0.844604
0.497070,-0.145020,1.176514
0.002563,-0.344971,0.897339
-0.150757,0.240234,1.064697
0.462646,-0.300293,1.066650
-0.443359,-0.047485,0.833130
0.424194,-0.098877,1.169189
0.042114,-0.390015,0.904663
-0.237305,0.201660,1.038330
0.514160,-0.268677,1.110596
-0.421265,-0.080200,0.815063
0.334229,-0.007935,1.163940
0.140015,-0.414429,0.940674
-0.308105,0.161255,0.989136
0.544067,-0.245728,1.136841
-0.365234,-0.139771,0.817383
0.241699,0.058838,1.154297
0.237061,-0.432373,0.956177
-0.369141,0.126221,0.936768
0.551758,-0.230957,1.143921
-0.287720,-0.196289,0.843750
0.136230,0.127686,1.127563
0.298828,-0.417114,0.984253
-0.413574,0.081787,0.895508
0.548706,-0.183838,1.166016
-0.217896,-0.246948,0.851318
0.034912,0.176025,1.103638
0.353271,-0.383423,0.997437
-0.423950,0.026733,0.857910
0.540649,-0.161255,1.174072
-0.135132,-0.285889,0.868652
-0.038574,0.193848,1.094482
0.393433,-0.343872,1.019775
-0.437744,-0.033325,0.841553
0.520874,-0.131470,1.200317
-0.043823,-0.351562,0.863770
-0.112549,0.205688,1.074097
0.447876,-0.347168,1.037598
-0.446899,-0.026489,0.845703
0.471436,-0.111450,1.177490
-0.026001,-0.343750,0.883545
-0.187988,0.222046,1.057739
0.493408,-0.307495,1.079468
-0.448242,-0.065063,0.812988
0.396118,-0.065186,1.171753
0.066040,-0.359253,0.925171
-0.248413,0.196899,1.018433
0.507690,-0.257812,1.115601
-0.422119,-0.104248,0.813232
0.333740,-0.040405,1.150513
0.147949,-0.377686,0.939331
-0.325439,0.169189,0.960205
0.534546,-0.245605,1.130615
-0.347168,-0.180786,0.815063
0.220703,0.050659,1.136841
0.222412,-0.423706,0.955322
-0.389648,0.126709,0.929688
0.556152,-0.216431,1.145752
-0.300781,-0.221436,0.817749
0.114624,0.134766,1.122314
0.304688,-0.419067,0.982788
-0.414917,0.086914,0.891479
0.553345,-0.181641,1.161865
-0.234497,-0.225586,0.838623
0.017578,0.178223,1.090332
0.351440,-0.402832,0.991089
-0.419312,0.003174,0.878540
0.536621,-0.171753,1.169678
-0.106934,-0.298950,0.864990
-0.074341,0.204102,1.076538
0.394165,-0.356567,1.005615
-0.431641,-0.036743,0.843750
0.501099,-0.147095,1.172607
-0.050903,-0.334106,0.861816
-0.143311,0.230713,1.070312
0.437988,-0.315308,1.041626
-0.460205,-0.069580,0.822632
0.444702,-0.103027,1.177368
-0.005737,-0.342163,0.879395
-0.217285,0.232178,1.053955
0.483398,-0.271851,1.086670
-0.447144,-0.082397,0.807739
0.364380,-0.064575,1.168091
0.072266,-0.377441,0.910645
-0.275146,0.185547,1.003662
0.512695,-0.259644,1.096558
-0.412109,-0.110596,0.800415
0.270508,-0.009033,1.138306
0.172974,-0.413330,0.932251
-0.346191,0.146851,0.939331
0.529907,-0.220215,1.122925
-0.341431,-0.188599,0.807007
0.155151,0.057983,1.107544
0.256348,-0.412354,0.966675
-0.410645,0.100708,0.890625
0.553955,-0.200684,1.153198
-0.270874,-0.217651,0.836792
0.041260,0.126221,1.091675
0.323242,-0.411865,0.972290
-0.438965,0.050781,0.870117
0.539551,-0.158325,1.164185
-0.157959,-0.260132,0.847290
-0.055054,0.163330,1.068848
0.377808,-0.390503,1.007568
-0.448486,-0.024170,0.835449
0.519409,-0.128784,1.179321
-0.082275,-0.279053,0.858154
-0.149292,0.198608,1.050537
0.439819,-0.375854,1.027344
-0.468994,-0.064209,0.819214
0.434570,-0.098999,1.162720
-0.034058,-0.324585,0.858887
-0.215210,0.213867,1.033936
0.472046,-0.303589,1.069702
-0.470581,-0.083740,0.798462
0.381714,-0.083618,1.160767
0.031006,-0.359375,0.879883
-0.268921,0.180176,0.991211
0.511597,-0.267944,1.107544
-0.420654,-0.130615,0.802246
0.283203,-0.023315,1.134033
0.123291,-0.398682,0.905151
-0.352417,0.162598,0.932739
0.532104,-0.261963,1.097534
-0.371948,-0.162964,0.807983
0.172729,0.031494,1.100952
0.210815,-0.412842,0.942749
-0.413208,0.114014,0.887085
0.540527,-0.225342,1.122925
-0.316162,-0.180908,0.813599
0.059326,0.125366,1.078247
0.293579,-0.423706,0.958008
-0.443604,0.041382,0.865234
0.532593,-0.177124,1.153564
-0.199707,-0.268921,0.823730
-0.041748,0.151855,1.051880
0.343384,-0.381958,0.972046
-0.458740,-0.019653,0.829956
0.502563,-0.153442,1.158936
-0.114380,-0.309326,0.818848
-0.117554,0.181763,1.043701
0.401611,-0.343018,1.011597
-0.492798,-0.059814,0.804688
0.451660,-0.135254,1.149536
-0.075806,-0.310913,0.839111
-0.204712,0.207642,1.036377
0.447632,-0.306763,1.045288
-0.500977,-0.060303,0.787354
0.373901,-0.107910,1.134521
0.012207,-0.373047,0.874390
-0.291504,0.187378,0.969971
0.480591,-0.277832,1.072876
-0.443359,-0.095825,0.783081
0.273560,-0.035156,1.120728
0.098755,-0.402832,0.884521
-0.362549,0.158569,0.927612
0.485107,-0.217651,1.091919
-0.367920,-0.182129,0.790771
0.177124,0.044067,1.112915
0.174438,-0.426147,0.904907
-0.448853,0.108154,0.868408
0.519165,-0.248291,1.104614
-0.307251,-0.231934,0.793945
0.054321,0.147461,1.085938
0.266602,-0.386108,0.927124
-0.477905,0.035400,0.836304
0.510864,-0.239380,1.104248
-0.198242,-0.313965,0.809937
-0.042236,0.144653,1.059204
0.311646,-0.364502,0.950317
-0.481567,-0.010132,0.817871
0.500977,-0.189575,1.135742
-0.127441,-0.341187,0.806519
-0.144775,0.170288,1.010254
0.364990,-0.355835,0.962158
-0.492676,-0.020264,0.790894
0.439697,-0.147217,1.132935
-0.093872,-0.355713,0.807983
-0.226685,0.182739,1.008057
0.432495,-0.329224,1.019775
-0.525391,-0.014160,0.772095
0.369141,-0.118774,1.120972
-0.013672,-0.379639,0.848267
-0.302979,0.175049,0.967163
0.449707,-0.283691,1.048828
-0.480713,-0.077148,0.755127
0.289185,-0.021606,1.116577
0.061646,-0.396729,0.859253
-0.385376,0.155518,0.927856
0.481689,-0.305786,1.057861
-0.430176,-0.124390,0.768799
0.190796,0.066284,1.109131
0.125488,-0.391846,0.876953
-0.424072,0.141357,0.909668
0.496948,-0.269043,1.070801
-0.406982,-0.180176,0.762573
0.102539,0.075562,1.062988
0.194214,-0.401855,0.899048
-0.465698,0.092773,0.855347
0.505737,-0.236084,1.092163
-0.331299,-0.215332,0.787476
0.022583,0.095947,1.043701
0.245850,-0.388428,0.921997
-0.457275,-0.013184,0.833374
0.500488,-0.141968,1.174316
-0.224976,-0.302368,0.784302
-0.132202,0.169678,1.040771
0.418457,-0.324219,1.025146
-0.480103,-0.024292,0.816650
0.459961,-0.120728,1.166260
-0.016724,-0.357300,0.865967
-0.213623,0.222778,1.044556
0.460449,-0.291260,1.060181
-0.476685,-0.059692,0.792236
0.401001,-0.089966,1.158813
0.036255,-0.372803,0.891113
-0.271851,0.196533,1.005615
0.489990,-0.269653,1.092041
-0.437256,-0.081787,0.789062
0.314941,-0.024170,1.147095
0.121948,-0.390991,0.907715
-0.333496,0.168335,0.973145
0.514038,-0.265259,1.108398
-0.397827,-0.144409,0.788452
0.229858,0.033813,1.127197
0.176025,-0.406860,0.920166
-0.390869,0.130737,0.923462
0.533569,-0.244385,1.120361
-0.347778,-0.194092,0.801514
0.142456,0.079224,1.100342
0.233276,-0.401855,0.945312
-0.432129,0.102661,0.886841
0.531250,-0.213867,1.130493
-0.299438,-0.236084,0.810913
0.066772,0.111816,1.083984
0.300293,-0.403442,0.963257
-0.451904,0.088623,0.869507
0.528198,-0.180054,1.135132
-0.221680,-0.278198,0.804443
-0.024048,0.140503,1.061157
0.342163,-0.398315,0.971436
-0.461548,0.004150,0.836182
0.504028,-0.152954,1.152344
-0.131104,-0.302734,0.825439
-0.103638,0.175537,1.045166
0.383423,-0.364014,0.995483
-0.467529,-0.046143,0.804199
0.481934,-0.129761,1.160278
-0.092651,-0.329102,0.807129
-0.200195,0.209351,1.035156
0.430786,-0.350708,1.020386
-0.470459,-0.057251,0.814819
0.428101,-0.087280,1.152100
-0.055420,-0.327515,0.839844
-0.269897,0.201904,0.991211
0.461060,-0.302490,1.057617
-0.458862,-0.116821,0.779297
0.359253,-0.056885,1.149536
0.010376,-0.353760,0.846924
-0.324463,0.195190,0.971313
0.479370,-0.281006,1.067627
-0.429443,-0.153564,0.767944
0.278564,-0.030396,1.123779
0.085938,-0.392212,0.880615
-0.369995,0.162231,0.926270
0.497314,-0.260132,1.081421
-0.408081,-0.167480,0.772705
0.197021,0.024658,1.116821
0.168457,-0.425781,0.906372
-0.427490,0.145630,0.902466
0.502319,-0.233032,1.094604
-0.370117,-0.198730,0.775391
0.105591,0.092651,1.088501
0.237671,-0.438354,0.929565
-0.460449,0.085571,0.867188
0.513672,-0.205444,1.113281
-0.317871,-0.222168,0.779175
0.006958,0.141968,1.063354
0.291870,-0.418457,0.929321
-0.468872,0.053467,0.859131
0.504639,-0.203247,1.119507
-0.219238,-0.288574,0.793091
-0.070435,0.159546,1.021973
0.330688,-0.379517,0.948364
-0.479248,0.002075,0.818359
0.484985,-0.186890,1.125000
-0.149658,-0.312744,0.796387
-0.152588,0.165649,1.001099
0.368408,-0.348755,0.968750
-0.491699,-0.054932,0.790161
0.445679,-0.155640,1.134644
-0.111206,-0.313354,0.805298
-0.240479,0.190308,0.989990
0.412476,-0.333496,1.002197
-0.508179,-0.072388,0.776123
0.386353,-0.138428,1.120972
-0.048584,-0.352661,0.830566
-0.296631,0.184204,0.952881
0.440186,-0.292969,1.031006
-0.496094,-0.048584,0.764160
0.295532,-0.075073,1.107056
0.031738,-0.420044,0.844727
-0.375854,0.155884,0.908203
0.465576,-0.252441,1.067871
-0.435059,-0.144043,0.756592
0.181641,0.045898,1.089355
0.119141,-0.395630,0.876099
-0.443359,0.120361,0.870728
0.492920,-0.260010,1.080811
-0.382324,-0.196045,0.775635
0.056030,0.095703,1.054321
0.207153,-0.402100,0.895752
-0.492798,0.067627,0.838623
0.493530,-0.237793,1.099243
-0.251099,-0.301758,0.773071
-0.039917,0.147949,1.036865
0.263428,-0.384888,0.899780
-0.531738,0.038818,0.795166
0.478760,-0.234375,1.079224
-0.168457,-0.340454,0.786255
-0.117065,0.156006,1.000366
0.322510,-0.339966,0.940186
-0.551636,-0.002563,0.764526
0.431519,-0.200928,1.089600
-0.133301,-0.369385,0.778687
-0.211426,0.179565,1.006836
0.373535,-0.333740,0.964844
-0.551147,0.005371,0.769165
0.381470,-0.148315,1.088379
-0.088745,-0.365356,0.813354
-0.302856,0.164917,0.954834
0.401855,-0.327148,1.005127
-0.509033,-0.059692,0.744263
0.302856,-0.051025,1.104858
-0.037842,-0.356689,0.825684
-0.372803,0.173706,0.918091
0.428955,-0.296997,1.017090
-0.493896,-0.098389,0.738647
0.229492,-0.022095,1.081299
0.043579,-0.399902,0.838745
-0.448853,0.168823,0.892456
0.469971,-0.273926,1.042847
-0.442017,-0.146118,0.742188
0.116821,0.069092,1.053589
0.122070,-0.407715,0.866943
-0.483765,0.128540,0.860474
0.457153,-0.263794,1.045776
-0.410889,-0.190430,0.751343
0.046387,0.112061,1.043945
0.180054,-0.414795,0.878784
-0.526123,0.097412,0.833252
0.467163,-0.239746,1.057983
-0.318359,-0.228394,0.757446
-0.014282,0.133667,1.032593
0.226929,-0.391357,0.877441
-0.526855,0.041382,0.798462
0.459351,-0.227905,1.070923
-0.262695,-0.327271,0.735107
-0.082397,0.112793,0.996948
0.277222,-0.383667,0.901367
-0.544922,0.046997,0.784546
0.441162,-0.193970,1.069946
-0.205933,-0.334595,0.752441
-0.169189,0.130981,0.971313
0.312012,-0.364258,0.930176
-0.560913,0.040527,0.773682
0.407837,-0.185303,1.063110
-0.180420,-0.356201,0.752808
-0.238770,0.142944,0.959351
0.360474,-0.356567,0.946899
-0.563110,0.008057,0.753784
0.348877,-0.122314,1.065186
-0.135620,-0.346680,0.762695
-0.291992,0.160645,0.936523
0.403564,-0.350952,0.989624
-0.570068,-0.050171,0.720337
0.279663,-0.063843,1.072876
-0.060791,-0.385864,0.769165
-0.397949,0.187622,0.896118
0.432983,-0.320190,0.999878
-0.517334,-0.076172,0.738892
0.177612,-0.019409,1.045776
0.020508,-0.431274,0.809326
-0.459351,0.179443,0.868530
0.430176,-0.278687,1.006470
-0.487915,-0.122314,0.734619
0.102173,0.032715,1.027466
0.120117,-0.399902,0.861206
-0.531494,0.144409,0.822754
0.434814,-0.238892,1.034058
-0.388428,-0.205444,0.741699
0.006348,0.104004,1.032104
0.196655,-0.401611,0.866577
-0.575928,0.121460,0.807007
0.445190,-0.235229,1.034302
-0.259766,-0.291138,0.740234
-0.130493,0.127930,0.976074
0.270752,-0.395996,0.898438
-0.567749,0.020386,0.737549
0.401367,-0.152100,1.058350
-0.205444,-0.343506,0.726196
-0.220093,0.169800,0.979736
0.350586,-0.382324,0.926025
-0.612915,0.057007,0.744873
0.337158,-0.151123,1.035034
-0.119141,-0.352783,0.783936
-0.324341,0.165283,0.911743
0.377441,-0.322876,0.970459
-0.566406,-0.017212,0.727173
0.242676,-0.041138,1.036987
-0.048828,-0.380249,0.792603
-0.422241,0.166748,0.874023
0.410645,-0.317993,0.983398
-0.521729,-0.092529,0.707275
0.159180,0.046875,1.032104
0.025391,-0.385132,0.808716
-0.499634,0.182251,0.850830
0.423218,-0.291016,1.003662
-0.473022,-0.165771,0.726074
0.068848,0.076416,1.033813
0.081543,-0.414551,0.819092
-0.540894,0.135498,0.806152
0.447510,-0.241333,1.037598
-0.384888,-0.185059,0.755005
-0.014038,0.106689,1.008911
0.178223,-0.430908,0.853394
-0.575439,0.101685,0.787354
0.431641,-0.215698,1.029663
-0.293335,-0.260864,0.731445
-0.083130,0.153320,0.987183
0.234619,-0.396240,0.871826
-0.583008,0.072998,0.775024
0.409058,-0.189819,1.033936
-0.253296,-0.318359,0.692993
-0.175903,0.185303,0.983643
0.313965,-0.383911,0.912109
-0.609619,0.059326,0.751099
0.380371,-0.185059,1.025146
-0.183838,-0.337646,0.732666
-0.241089,0.159424,0.930786
0.322266,-0.330322,0.934326
-0.609863,0.032593,0.731812
0.336060,-0.153442,1.022827
-0.137329,-0.380737,0.738037
-0.312988,0.150879,0.896729
0.366211,-0.309937,0.963013
-0.598755,0.006714,0.723267
0.266602,-0.087402,1.018311
-0.084351,-0.403198,0.757324
-0.394531,0.193604,0.896851
0.390625,-0.288208,0.979614
-0.570801,-0.039795,0.710938
0.182617,-0.027832,1.004517
-0.019409,-0.404785,0.791870
-0.467529,0.182495,0.865601
0.395264,-0.267822,0.990967
-0.521118,-0.091797,0.693481
0.124634,0.078613,1.021240
0.036865,-0.390381,0.802979
-0.523926,0.170898,0.830200
0.420288,-0.282715,0.986206
-0.461914,-0.142944,0.718994
0.059326,0.116577,1.018677
0.100098,-0.412964,0.816528
-0.570312,0.203735,0.833740
0.426880,-0.246948,0.997070
-0.392090,-0.188232,0.731323
0.000977,0.143921,1.012451
0.157349,-0.396484,0.843506
-0.594482,0.152954,0.796509
0.429565,-0.233276,1.004517
-0.329102,-0.261963,0.715454
-0.054443,0.169800,1.009766
0.211182,-0.399414,0.856323
-0.611938,0.140869,0.792725
0.408569,-0.224854,1.000244
-0.266113,-0.326416,0.699463
-0.118164,0.148682,0.966187
0.260376,-0.382812,0.891724
-0.613770,0.120483,0.766846
0.385010,-0.161865,1.010132
-0.226685,-0.350830,0.696411
-0.167114,0.153198,0.964111
0.292847,-0.384155,0.901733
-0.616821,0.088135,0.749146
0.374390,-0.138672,1.027100
-0.182617,-0.350830,0.708862
-0.258423,0.183228,0.930908
0.333130,-0.382202,0.910645
-0.609009,0.043823,0.736084
0.339233,-0.103516,1.027344
-0.157837,-0.362793,0.698853
-0.302734,0.191162,0.904419
0.363281,-0.378662,0.923706
-0.593750,-0.014771,0.719849
0.303711,-0.109497,1.017334
-0.128784,-0.353027,0.719482
-0.367676,0.225342,0.885132
0.406006,-0.316528,0.947388
-0.566040,-0.033325,0.715942
0.216797,-0.051147,1.006226
-0.069824,-0.408081,0.744141
-0.431519,0.194702,0.844238
0.410645,-0.280640,0.971191
-0.530396,-0.057739,0.721558
0.121704,0.056274,1.006592
0.030029,-0.401978,0.792847
-0.496338,0.195923,0.854980
0.413696,-0.250977,0.979004
-0.478882,-0.083984,0.743164
0.034912,0.105469,0.999634
0.120239,-0.433594,0.809692
-0.555054,0.174683,0.825928
0.410522,-0.187134,1.006104
-0.368164,-0.181885,0.727295
-0.027222,0.157837,1.000366
0.195923,-0.385620,0.869141
-0.597168,0.114502,0.780273
0.414917,-0.189209,1.022095
-0.262573,-0.297363,0.708008
-0.122559,0.195068,0.969116
0.270020,-0.363403,0.895386
-0.615356,0.100708,0.758057
0.397827,-0.158569,1.031250
-0.177490,-0.367798,0.714844
-0.214478,0.200439,0.948242
0.314575,-0.352051,0.895020
-0.607422,0.074707,0.751343
0.345093,-0.129028,1.013794
-0.125977,-0.369873,0.727539
-0.281616,0.170044,0.903809
0.356934,-0.315430,0.922974
-0.581909,0.036743,0.719727
0.260742,-0.054932,0.989868
-0.052856,-0.404419,0.747925
-0.392944,0.183960,0.861572
0.394775,-0.300171,0.951416
-0.551636,-0.010010,0.686646
0.187134,0.040771,0.995605
0.001709,-0.383911,0.770752
-0.469727,0.167725,0.829712
0.411377,-0.278198,0.971924
-0.503296,-0.082642,0.702026
0.112549,0.099487,1.000488
0.046997,-0.378296,0.783447
-0.529541,0.200684,0.832153
0.435547,-0.236206,1.003174
-0.427368,-0.147949,0.730469
0.050903,0.139160,1.015625
0.115967,-0.395142,0.814575
-0.578735,0.197510,0.808838
0.438354,-0.234497,0.999390
-0.345581,-0.199951,0.742798
-0.012695,0.171631,0.998413
0.178467,-0.376343,0.850586
-0.597534,0.167847,0.786377
0.429321,-0.212769,1.011353
-0.284790,-0.257080,0.727661
-0.072754,0.185059,0.993408
0.227539,-0.386719,0.855957
-0.605103,0.160645,0.791382
0.421875,-0.177856,1.014526
-0.226318,-0.273193,0.739014
-0.128784,0.177612,0.960205
0.272705,-0.360596,0.890991
-0.617065,0.138550,0.751587
0.416870,-0.182861,1.011230
-0.179688,-0.310913,0.746338
-0.186768,0.195068,0.937744
0.311157,-0.354736,0.902222
-0.605713,0.102661,0.746460
0.394409,-0.132080,1.021973
-0.145020,-0.336060,0.735718
-0.238159,0.207153,0.928589
0.356689,-0.373169,0.901611
-0.604736,0.068848,0.740356
0.345337,-0.100708,1.017944
-0.099609,-0.375000,0.736694
-0.294556,0.197388,0.889038
0.377808,-0.342651,0.911743
-0.586548,0.034912,0.719971
0.307129,-0.077148,1.004883
-0.053589,-0.392944,0.750000
-0.355713,0.211426,0.863159
0.395020,-0.284546,0.940430
-0.549683,-0.026978,0.710449
0.233276,-0.036377,0.989014
-0.003906,-0.428223,0.762817
-0.409546,0.182373,0.834351
0.412354,-0.255615,0.957764
-0.527222,-0.032104,0.723999
0.149536,0.030273,1.002686
0.046021,-0.422241,0.786987
-0.479126,0.190674,0.835815
0.436890,-0.236938,0.988525
-0.469604,-0.076050,0.730103
0.068604,0.128784,1.030640
0.116577,-0.431152,0.813232
-0.540039,0.172119,0.809692
0.430908,-0.208862,1.002319
-0.380859,-0.130371,0.753784
-0.006348,0.182983,1.012695
0.205933,-0.407837,0.854614
-0.599487,0.143433,0.771118
0.434937,-0.203857,1.015259
-0.270142,-0.241211,0.743652
-0.097900,0.225342,0.983887
0.271240,-0.362183,0.885986
-0.593628,0.102173,0.751587
0.407837,-0.156494,1.025024
-0.164429,-0.315552,0.746460
-0.183105,0.196533,0.928833
0.323364,-0.366455,0.895996
-0.603516,0.098755,0.743286
0.387207,-0.123535,1.025269
-0.099731,-0.354370,0.754639
-0.247925,0.198242,0.898071
0.357300,-0.327515,0.922241
-0.579102,0.030273,0.732422
0.335083,-0.076660,1.024780
-0.045654,-0.393921,0.748535
-0.326416,0.212891,0.872803
0.383179,-0.329224,0.921997
-0.539429,-0.024780,0.727295
0.264282,-0.035522,1.004272
-0.010254,-0.405518,0.751709
-0.398804,0.209595,0.845947
0.429810,-0.302490,0.956909
-0.512573,-0.100586,0.727905
0.170898,0.009033,0.998535
0.030151,-0.394043,0.776489
-0.449707,0.194580,0.819702
0.445312,-0.253662,0.970215
-0.445312,-0.090820,0.762085
0.092651,0.099976,1.015503
0.095337,-0.412231,0.802246
-0.517456,0.166382,0.788208
0.438843,-0.210815,0.989380
-0.365234,-0.160889,0.756958
0.008423,0.142700,1.006714
0.196533,-0.420776,0.849854
-0.565308,0.149414,0.772339
0.430664,-0.172119,1.001465
-0.264038,-0.192993,0.758789
-0.089111,0.187500,0.982788
0.282349,-0.417480,0.887573
-0.587769,0.073120,0.741821
0.421631,-0.149536,1.032959
-0.166504,-0.266602,0.755981
-0.192871,0.219482,0.934692
0.351440,-0.375488,0.908569
-0.578735,0.045410,0.731934
0.360352,-0.121216,1.013916
-0.070679,-0.365479,0.758789
-0.263550,0.207153,0.893066
0.376953,-0.326172,0.917847
-0.549683,0.000610,0.739136
0.299072,-0.090820,1.012329
-0.016724,-0.431030,0.750854
-0.354736,0.191772,0.843384
0.409790,-0.288696,0.943848
-0.524048,-0.003662,0.745728
0.201294,-0.022583,0.991943
0.038696,-0.438599,0.775146
-0.419067,0.153687,0.822876
0.436401,-0.252441,0.972534
-0.471924,-0.042480,0.752319
0.119751,0.073853,1.018921
0.097290,-0.448120,0.794434
-0.495239,0.138306,0.793213
0.449707,-0.240723,0.988159
-0.401611,-0.097778,0.767944
0.019287,0.150757,1.009033
0.180420,-0.424316,0.825928
-0.547485,0.106323,0.762329
0.438110,-0.194092,1.011719
-0.288208,-0.180420,0.768311
-0.078003,0.197998,0.991089
0.267700,-0.402466,0.877197
-0.587280,0.055908,0.744385
0.423462,-0.207764,1.016968
-0.186646,-0.304199,0.747559
-0.124512,0.196655,0.964844
0.312378,-0.336914,0.904297
-0.606079,0.087280,0.747192
0.395020,-0.210327,1.000000
-0.081665,-0.358032,0.792603
-0.202515,0.153442,0.902954
0.359131,-0.301636,0.931152
-0.560303,0.080811,0.749390
0.340698,-0.100098,1.003052
-0.031250,-0.377808,0.788208
-0.289917,0.148438,0.868530
0.393677,-0.324951,0.954224
-0.522827,-0.026855,0.730347
0.248413,0.003418,1.005127
-0.003296,-0.409058,0.751587
-0.328003,0.113281,0.843384
0.429199,-0.355347,0.956055
-0.538574,-0.034058,0.742432
0.210815,-0.008423,0.992554
0.052979,-0.413452,0.759766
-0.400757,0.166870,0.829224
0.436157,-0.293701,0.969604
-0.496460,-0.093750,0.743652
0.165405,-0.018799,0.997192
0.075562,-0.445068,0.790283
-0.441528,0.146973,0.798828
0.442993,-0.234009,0.991821
-0.449219,-0.095947,0.740723
0.108032,0.039673,1.007812
0.129150,-0.498779,0.801025
-0.490112,0.126831,0.780518
0.440186,-0.244629,0.985474
-0.402466,-0.104004,0.759644
0.050293,0.119019,1.009521
0.166748,-0.476318,0.821655
-0.523682,0.097412,0.766846
0.440430,-0.231689,1.005493
-0.356201,-0.161865,0.752075
-0.013184,0.140625,1.001099
0.225098,-0.473877,0.841431
-0.536987,0.068848,0.745850
0.453979,-0.219482,1.019165
-0.295288,-0.181641,0.774414
-0.080811,0.200439,0.991211
0.269775,-0.426270,0.872070
-0.557251,0.042847,0.743164
0.436035,-0.229980,1.014893
-0.220337,-0.228882,0.781372
-0.125122,0.195068,0.963867
-0.543335,0.010376,0.753540
0.384888,-0.142944,1.031860
-0.096558,-0.354370,0.783081
-0.226074,0.180420,0.933838
0.378662,-0.382324,0.940552
-0.548462,0.001099,0.737305
0.353882,-0.124756,1.017212
-0.043335,-0.387085,0.784668
-0.263672,0.151123,0.903687
0.397095,-0.379272,0.948486
-0.520142,-0.065430,0.746704
0.305786,-0.060547,1.022339
-0.001343,-0.400391,0.766846
-0.320312,0.172729,0.880615
0.436890,-0.388672,0.958984
-0.511475,-0.099609,0.733032
0.259888,-0.065674,0.998779
0.033081,-0.410522,0.776367
-0.363403,0.147095,0.841309
0.449341,-0.344482,0.977539
-0.477417,-0.132690,0.755371
0.197510,-0.026245,1.004028
0.071289,-0.439087,0.773193
-0.383667,0.129150,0.820923
0.455322,-0.312378,0.983643
-0.455688,-0.131958,0.747803
0.152466,0.019043,1.012329
0.097046,-0.443604,0.795288
-0.448486,0.117676,0.800171
0.467651,-0.310669,0.988770
-0.416260,-0.178101,0.736938
0.087158,0.063477,1.020630
0.156860,-0.477661,0.812378
-0.492554,0.100708,0.777710
0.464233,-0.271362,1.003784
-0.363037,-0.173950,0.755005
0.029053,0.118896,1.013550
0.229858,-0.483398,0.843140
-0.529785,0.062378,0.755493
0.466797,-0.275635,1.015747
-0.290283,-0.236572,0.773315
-0.042969,0.162964,1.017822
0.255371,-0.434692,0.869629
-0.535400,0.030518,0.735474
0.459595,-0.269409,1.025269
-0.222290,-0.269653,0.796387
-0.100098,0.188599,1.013428
0.293945,-0.406006,0.899536
-0.545288,0.020630,0.743408
0.432129,-0.218872,1.042236
-0.152588,-0.292236,0.812622
-0.155518,0.177124,0.982666
0.343018,-0.419800,0.915894
-0.534912,0.005249,0.749023
0.404053,-0.165405,1.048340
-0.094727,-0.324463,0.801880
-0.192871,0.166626,0.959473
0.388062,-0.430054,0.941162
-0.530884,-0.036987,0.747925
0.355957,-0.122925,1.042114
-0.019775,-0.361694,0.797607
-0.242676,0.190796,0.938721
0.413330,-0.380127,0.964233
-0.507690,-0.098389,0.745972
0.317627,-0.132935,1.018921
0.036621,-0.405640,0.805176
-0.312500,0.204224,0.910522
0.449951,-0.375977,0.985840
-0.475098,-0.135010,0.741333
0.244751,-0.053833,1.022705
0.081421,-0.444458,0.801514
-0.352905,0.139893,0.883423
0.461060,-0.335083,1.001587
-0.448975,-0.141235,0.745239
0.174683,0.019043,1.020386
0.110596,-0.453857,0.815796
-0.394897,0.117065,0.862915
0.484619,-0.303833,1.018311
-0.414429,-0.148071,0.761230
0.093872,0.083130,1.037109
0.189697,-0.495361,0.834106
-0.439453,0.062378,0.815674
0.476929,-0.248901,1.041748
-0.346069,-0.171265,0.771973
0.017212,0.124023,1.025269
0.261353,-0.505005,0.872925
-0.480225,0.018921,0.772949
0.472412,-0.224487,1.059082
-0.278076,-0.234497,0.770630
-0.072266,0.182373,1.021729
0.327393,-0.467163,0.905884
-0.496582,-0.009033,0.763062
0.460083,-0.198486,1.077026
-0.177979,-0.271851,0.804199
-0.148193,0.211182,1.012695
0.373779,-0.447510,0.934326
-0.515503,0.001099,0.782104
0.426025,-0.178467,1.069824
-0.083740,-0.321289,0.826782
-0.203003,0.207397,0.981323
0.409302,-0.371948,0.979614
-0.507690,-0.043335,0.764404
0.366333,-0.135132,1.066772
0.035034,-0.434082,0.833618
-0.252686,0.178833,0.965210
0.437134,-0.369019,0.987793
-0.476196,-0.054932,0.770264
0.288208,-0.078125,1.039795
0.077271,-0.445312,0.851685
-0.303711,0.124512,0.924438
0.469360,-0.314941,1.026245
-0.447632,-0.111084,0.766602
0.233887,-0.001953,1.052979
0.081421,-0.423218,0.835449
-0.345581,0.116821,0.899170
0.517456,-0.325562,1.052734
-0.424927,-0.146851,0.760620
0.161987,0.022827,1.048096
0.160400,-0.450684,0.858765
-0.408691,0.084961,0.840576
0.508545,-0.268555,1.074829
-0.356812,-0.185547,0.791382
0.109375,0.069214,1.061401
0.232788,-0.471436,0.875488
-0.445435,0.052612,0.799194
0.502441,-0.241211,1.074707
-0.299194,-0.205933,0.801758
0.019165,0.089966,1.020264
0.303833,-0.477295,0.914795
-0.463257,0.017578,0.785278
0.482178,-0.178711,1.097534
-0.220459,-0.223999,0.823486
-0.070679,0.175537,1.028442
0.357422,-0.459106,0.944580
-0.489136,0.010742,0.800171
0.464111,-0.167480,1.109253
-0.112915,-0.294067,0.837280
-0.145874,0.238892,1.037598
0.409546,-0.407104,0.978760
-0.483643,-0.029175,0.780640
0.415771,-0.154541,1.097656
-0.005981,-0.362793,0.844482
-0.193237,0.239014,1.027466
0.445923,-0.371338,1.004150
-0.475464,-0.052612,0.782104
0.357178,-0.080688,1.095703
0.076172,-0.411377,0.858765
-0.260864,0.193726,0.977295
0.475952,-0.321167,1.035278
-0.449951,-0.102417,0.778931
0.286011,-0.045288,1.074951
0.110962,-0.419434,0.879150
-0.324341,0.151855,0.933960
0.497803,-0.273926,1.077881
-0.405029,-0.149170,0.773071
0.208618,0.029785,1.072998
0.187012,-0.454834,0.887939
-0.373657,0.129272,0.904175
0.538452,-0.259766,1.101196
-0.364258,-0.179443,0.790161
0.104614,0.081543,1.051025
0.248291,-0.469727,0.901611
-0.399048,0.054932,0.850342
0.527100,-0.203735,1.109741
-0.262573,-0.207397,0.828125
0.014526,0.155151,1.055664
0.325928,-0.473633,0.929077
-0.454346,0.038330,0.822876
0.496338,-0.186523,1.113281
-0.159546,-0.252441,0.854492
-0.071655,0.206299,1.064331
0.374634,-0.390991,0.987671
-0.469971,-0.014648,0.808716
0.348145,-0.129272,1.047607
-0.040649,-0.329956,0.861206
-0.275513,0.182129,0.940430
0.449585,-0.337036,0.997681
-0.480225,-0.102783,0.760010
0.245605,-0.060303,1.036133
0.077515,-0.481201,0.805908
-0.312134,0.089233,0.898926
0.480225,-0.269287,1.050415
-0.446899,-0.059204,0.779907
0.157715,0.030273,1.027710
0.155640,-0.448242,0.856934
-0.406372,0.033081,0.830200
0.501099,-0.285034,1.061646
-0.377075,-0.166138,0.771362
0.057617,0.136963,1.042114
0.239990,-0.441650,0.888672
-0.454712,-0.006592,0.793457
0.495850,-0.272949,1.075317
-0.281738,-0.260254,0.781006
-0.019043,0.188477,1.050781
0.296997,-0.427856,0.908813
-0.498535,0.024902,0.776367
0.476685,-0.222168,1.084229
-0.180054,-0.306641,0.812256
-0.099854,0.204346,1.041382
0.349609,-0.421143,0.940186
-0.505615,0.001587,0.780151
0.433594,-0.181519,1.078857
-0.061523,-0.333618,0.840210
-0.171143,0.219971,1.023682
0.388550,-0.364624,0.970581
-0.484497,-0.042969,0.783325
0.389038,-0.145874,1.074707
0.012573,-0.420776,0.825928
-0.220337,0.155884,0.967285
0.452759,-0.329956,1.013062
-0.465698,-0.063477,0.778809
0.313721,-0.071167,1.059204
0.074097,-0.436768,0.855225
-0.302856,0.121094,0.928955
0.499268,-0.318359,1.062866
-0.426880,-0.128906,0.776489
0.225952,0.025757,1.077881
0.134399,-0.426880,0.870239
-0.358398,0.129395,0.919312
0.519775,-0.303345,1.078979
-0.389526,-0.181152,0.780518
0.149048,0.042725,1.047241
0.211426,-0.455444,0.887207
-0.399414,0.099976,0.850830
0.510864,-0.234985,1.081177
-0.325562,-0.199341,0.797974
0.076172,0.078003,1.052490
0.279053,-0.490723,0.906372
-0.444946,0.046631,0.797729
0.516357,-0.205688,1.097412
-0.254395,-0.202148,0.822266
-0.008667,0.164917,1.059204
0.342773,-0.484863,0.936279
-0.469360,0.008789,0.809326
0.491699,-0.180664,1.118286
-0.169189,-0.242676,0.843506
-0.087280,0.217529,1.046997
0.367188,-0.416748,0.965332
-0.464722,-0.039429,0.802734
0.452759,-0.142090,1.126221
-0.060791,-0.321899,0.851318
-0.140625,0.210327,1.044556
0.414551,-0.358643,0.999756
-0.472412,-0.038086,0.800659
0.410278,-0.122437,1.112793
0.044312,-0.419678,0.860840
-0.187622,0.184814,1.028809
0.456177,-0.327515,1.038574
-0.471680,-0.043213,0.786499
0.360962,-0.094971,1.090820
0.083252,-0.423340,0.875977
-0.250732,0.184082,1.007446
0.494751,-0.295410,1.064941
-0.440186,-0.080566,0.791138
0.281738,-0.027588,1.077515
0.133545,-0.434326,0.905396
-0.319336,0.131226,0.953491
0.519897,-0.265625,1.110596
-0.406128,-0.129395,0.796753
0.222046,0.055664,1.106201
0.196289,-0.453125,0.899658
-0.356201,0.070679,0.907593
0.553589,-0.261475,1.128174
-0.346436,-0.178955,0.793335
0.128540,0.163086,1.096802
0.273560,-0.442261,0.932983
-0.420776,0.045654,0.865112
0.544189,-0.261841,1.140503
-0.254028,-0.272827,0.812866
0.040527,0.200073,1.088379
0.320068,-0.418457,0.951782
-0.467163,0.042114,0.843140
0.535522,-0.237549,1.144775
-0.162109,-0.307739,0.852539
-0.028809,0.227905,1.098145
0.391113,-0.365479,1.004883
-0.498169,0.051270,0.823608
0.490234,-0.225098,1.121948
-0.060425,-0.368286,0.881348
-0.085938,0.204712,1.076538
0.414917,-0.341553,1.020508
-0.458618,0.013184,0.824341
0.460449,-0.122803,1.139648
0.012573,-0.396973,0.875000
-0.131714,0.182373,1.066772
0.452271,-0.324707,1.049561
-0.465698,-0.040161,0.824707
0.414795,-0.065918,1.146729
0.049316,-0.367188,0.877930
-0.209839,0.208618,1.050781
0.486816,-0.293579,1.091797
-0.449829,-0.088989,0.800537
0.359375,-0.048218,1.140503
0.123779,-0.395874,0.917358
-0.307495,0.218872,0.997925
0.529663,-0.275269,1.114868
-0.372803,-0.170044,0.807617
0.255127,0.023193,1.125000
0.192383,-0.422974,0.934326
-0.340576,0.163574,0.953369
0.554321,-0.233154,1.134033
-0.328369,-0.191284,0.820801
0.155884,0.057617,1.091797
0.286255,-0.437500,0.964233
-0.402710,0.073608,0.873291
0.546021,-0.185791,1.153198
-0.252075,-0.224976,0.837891
0.052734,0.139404,1.091187
0.366821,-0.423828,1.007812
-0.445068,0.057251,0.848633
0.517212,-0.154541,1.151978
-0.154907,-0.265137,0.869507
-0.027588,0.178223,1.075806
0.405640,-0.371948,1.028198
-0.430786,0.006226,0.859497
0.497070,-0.118164,1.163086
-0.039307,-0.304810,0.886230
-0.114258,0.210083,1.072632
0.454956,-0.351074,1.058594
-0.445679,-0.035278,0.832397
0.457397,-0.069214,1.183350
0.025024,-0.344727,0.887207
-0.178467,0.221924,1.071777
0.490967,-0.328735,1.086670
-0.444458,-0.082153,0.817993
0.399048,-0.051147,1.161865
0.070435,-0.337280,0.912598
-0.260742,0.238403,1.032593
0.528320,-0.276367,1.121582
-0.402222,-0.144043,0.807251
0.331909,-0.029541,1.152466
0.146240,-0.396240,0.937378
-0.322998,0.210449,0.987061
0.550415,-0.249756,1.122070
-0.350464,-0.160034,0.827881
0.236084,0.017578,1.125000
0.234131,-0.425903,0.958984
-0.362915,0.134155,0.918457
0.560181,-0.221558,1.150635
-0.281006,-0.223755,0.826660
0.117432,0.129517,1.122925
0.311035,-0.429321,0.976807
-0.413330,0.075439,0.886597
0.554321,-0.203979,1.159912
-0.216309,-0.238892,0.861450
0.030029,0.184448,1.109375
0.364746,-0.396973,0.993652
-0.446533,0.041504,0.857544
0.546509,-0.165894,1.176758
-0.115845,-0.278809,0.880859
-0.041992,0.203491,1.095459
0.410156,-0.354736,1.022583
-0.458618,-0.024414,0.834106
0.498169,-0.139648,1.174561
-0.008789,-0.348022,0.893066
-0.112061,0.216309,1.088867
0.441162,-0.315796,1.049072
-0.454956,-0.020020,0.835815
0.442993,-0.108521,1.177246
0.010254,-0.397705,0.888306
-0.195801,0.192139,1.051270
0.485962,-0.273560,1.102417
-0.444336,-0.054810,0.817749
0.379761,-0.011841,1.171387
0.096313,-0.374634,0.925537
-0.289795,0.217529,1.038818
0.553833,-0.279663,1.138672
-0.391479,-0.140015,0.809692
0.266479,0.044189,1.151123
0.165161,-0.397339,0.928345
-0.343018,0.124023,0.943115
0.583008,-0.250732,1.164917
-0.326660,-0.211426,0.820190
0.166016,0.103516,1.121948
0.243896,-0.399780,0.944458
-0.405029,0.097290,0.895508
0.582153,-0.258057,1.161987
-0.266846,-0.239746,0.849365
0.102661,0.150879,1.130493
0.291992,-0.388550,0.965576
-0.445923,0.072998,0.870972
0.568359,-0.244873,1.153931
-0.173340,-0.280884,0.869141
0.006836,0.196777,1.103882
0.341675,-0.372314,0.975952
-0.441528,0.031006,0.862549
0.531250,-0.204834,1.156982
-0.090210,-0.321777,0.878662
-0.049683,0.208618,1.098389
0.388672,-0.358032,1.001343
-0.476318,-0.003418,0.836914
0.502319,-0.172241,1.164307
-0.039062,-0.353760,0.878418
-0.105713,0.198364,1.066895
0.415283,-0.306274,1.025269
-0.472046,-0.016846,0.821777
0.441284,-0.128174,1.167603
-0.019165,-0.399902,0.871216
-0.155884,0.172974,1.063232
0.464722,-0.291138,1.080322
-0.482178,-0.004639,0.807983
0.388306,-0.055176,1.156982
0.036621,-0.369873,0.899902
-0.252930,0.175415,1.024170
0.508911,-0.299683,1.101196
-0.451904,-0.043457,0.797119
0.338013,0.009766,1.162598
0.101074,-0.404907,0.908936
-0.314453,0.154785,0.988770
0.528076,-0.298340,1.109985
-0.418457,-0.116577,0.791748
0.266479,0.066284,1.161133
0.144775,-0.392212,0.910156
-0.363159,0.139160,0.940674
0.549927,-0.289551,1.119873
-0.374878,-0.203735,0.792603
0.195679,0.071777,1.127930
0.185913,-0.402588,0.917969
-0.388550,0.128540,0.914429
0.549194,-0.250488,1.131714
-0.338135,-0.226196,0.795288
0.139038,0.095093,1.106812
0.240112,-0.405396,0.928833
-0.425049,0.124878,0.904053
0.536255,-0.214722,1.130249
-0.294800,-0.254028,0.800903
0.066284,0.096069,1.082153
0.276733,-0.396240,0.949829
-0.458618,0.080078,0.874390
0.553345,-0.201904,1.154541
-0.212891,-0.283936,0.823120
-0.007446,0.129883,1.061035
0.303711,-0.359619,0.961548
-0.474731,0.029053,0.824829
0.539185,-0.219727,1.151123
-0.136841,-0.326416,0.827393
-0.057007,0.166626,1.075073
0.351562,-0.358154,0.975830
-0.490234,0.000244,0.814331
0.486816,-0.173584,1.141235
-0.109741,-0.359009,0.817017
-0.128296,0.181641,1.046875
0.400269,-0.343628,0.989136
-0.523560,0.017700,0.796143
0.444824,-0.156006,1.138184
-0.069580,-0.377319,0.839844
-0.189941,0.174561,1.034912
0.434448,-0.350830,1.013428
-0.535156,0.037842,0.800537
0.391846,-0.105957,1.121338
-0.036743,-0.378784,0.850708
-0.240723,0.150635,1.002197
0.459106,-0.299438,1.049683
-0.484497,-0.061157,0.761719
0.340454,-0.042236,1.127686
0.011353,-0.400024,0.845337
-0.309326,0.161133,0.960205
0.473755,-0.291870,1.065186
-0.465088,-0.096558,0.774780
0.300903,-0.025635,1.123779
0.056885,-0.369751,0.879883
-0.364258,0.171509,0.934082
0.475342,-0.278320,1.068604
-0.429443,-0.149414,0.756836
0.235962,0.013428,1.106812
0.103394,-0.393555,0.885376
-0.410400,0.156738,0.910156
0.499146,-0.265381,1.078247
-0.418823,-0.147339,0.773804
0.168579,0.064087,1.094238
0.152588,-0.416138,0.886353
-0.432129,0.132080,0.890991
0.494629,-0.257324,1.084229
-0.388916,-0.191040,0.776611
0.112549,0.083740,1.076294
0.189941,-0.409546,0.896118
-0.461182,0.114868,0.873779
0.485840,-0.231079,1.082642
-0.338379,-0.227783,0.785400
0.053955,0.090576,1.051270
0.226685,-0.392700,0.914673
-0.488892,0.068604,0.827271
0.494995,-0.213623,1.097046
-0.260254,-0.285522,0.780151
-0.020752,0.126221,1.046997
0.281128,-0.403320,0.917358
-0.515015,0.052612,0.811401
0.467163,-0.188721,1.092651
-0.198975,-0.301392,0.789795
-0.086182,0.147827,1.019531
0.325195,-0.403320,0.926880
-0.536743,0.034546,0.793701
0.448242,-0.171387,1.098755
-0.164795,-0.331421,0.780640
-0.171265,0.152466,1.000854
0.361572,-0.391602,0.948608
-0.543823,0.001953,0.776245
0.415527,-0.151611,1.094482
-0.123901,-0.337524,0.783447
-0.281128,0.209473,0.984863
0.410645,-0.349609,1.001099
-0.530151,-0.053955,0.768188
0.352417,-0.109985,1.098022
-0.080322,-0.326782,0.813110
-0.336792,0.193970,0.938599
0.442017,-0.313965,1.017212
-0.496948,-0.112061,0.748413
0.255005,-0.054443,1.074829
-0.005615,-0.380493,0.822144
-0.403809,0.172363,0.894897
0.454224,-0.259399,1.046265
-0.457275,-0.154297,0.748291
0.156250,0.038696,1.074585
0.090820,-0.413818,0.861450
-0.468506,0.127686,0.857422
0.465088,-0.261963,1.053589
-0.425415,-0.186035,0.742310
0.066162,0.093384,1.040649
0.182373,-0.411743,0.880249
-0.515991,0.100830,0.821167
0.464722,-0.231689,1.063965
-0.307495,-0.273682,0.749268
-0.026123,0.146362,1.039429
0.239258,-0.401367,0.884644
-0.541138,0.050537,0.799805
0.460083,-0.228638,1.070068
-0.238892,-0.321899,0.739746
-0.112915,0.160645,1.001831
0.276733,-0.377808,0.900513
-0.539673,0.009888,0.774170
0.429443,-0.190796,1.061646
-0.205811,-0.341553,0.719360
-0.195679,0.168091,0.978271
0.328979,-0.365601,0.924927
-0.557373,-0.002930,0.759155
0.394287,-0.168823,1.066650
-0.177246,-0.330444,0.758911
-0.271729,0.168823,0.946533
0.376953,-0.359985,0.960205
-0.558838,-0.026855,0.753784
0.328125,-0.100586,1.068115
-0.122314,-0.339355,0.776733
-0.319092,0.156128,0.916870
0.396240,-0.351562,0.967285
-0.550171,-0.033936,0.729736
0.268433,-0.052002,1.055054
-0.061279,-0.357544,0.786743
-0.413086,0.174438,0.903076
0.427124,-0.325317,1.002441
-0.529053,-0.070557,0.722534
0.168579,0.021484,1.034302
0.030151,-0.400391,0.810181
-0.470215,0.170288,0.875854
0.436279,-0.277100,1.023682
-0.481812,-0.123535,0.727417
0.076660,0.101807,1.025024
0.094116,-0.389648,0.834595
-0.517456,0.104980,0.824463
0.450073,-0.278076,1.028442
-0.400269,-0.200684,0.733032
0.005859,0.114258,1.013550
0.155884,-0.401489,0.839233
-0.554443,0.108032,0.814697
0.446289,-0.245605,1.032227
-0.308838,-0.277344,0.725342
-0.062744,0.151855,1.001953
0.222900,-0.391602,0.868164
-0.593994,0.084961,0.771729
0.435669,-0.245972,1.030151
-0.254272,-0.338501,0.707642
-0.139282,0.158081,0.979004
0.292725,-0.384521,0.895630
-0.607910,0.079834,0.753418
0.397583,-0.205811,1.025513
-0.195435,-0.344849,0.733643
-0.230957,0.144165,0.942017
0.330078,-0.348633,0.928467
-0.586792,0.020996,0.743286
0.350098,-0.141724,1.033813
-0.153442,-0.361816,0.738403
-0.316528,0.174316,0.912354
0.367065,-0.338867,0.937134
-0.577881,-0.027832,0.724121
0.286377,-0.090576,1.032593
-0.107056,-0.387573,0.751587
-0.385132,0.168457,0.872314
0.393433,-0.300781,0.967163
-0.565186,-0.038330,0.711304
0.210205,-0.041748,1.031250
-0.023804,-0.430176,0.776489
-0.456055,0.190552,0.868286
0.400757,-0.275146,0.985107
-0.531616,-0.084595,0.705200
0.116943,0.043945,1.018921
0.056274,-0.413330,0.819580
-0.511841,0.161865,0.853394
0.412964,-0.241577,1.001465
-0.478149,-0.119629,0.713135
0.053101,0.096558,1.018188
0.142334,-0.431152,0.841064
-0.568726,0.149170,0.819214
0.415283,-0.214355,1.006958
-0.360107,-0.169800,0.740967
-0.038940,0.134521,1.000122
0.209595,-0.422363,0.866699
-0.598511,0.106934,0.772461
0.407227,-0.178955,1.028931
-0.280884,-0.262451,0.709961
-0.124512,0.163940,0.966675
0.271973,-0.387451,0.893433
-0.608154,0.040771,0.739258
0.398682,-0.179199,1.023315
-0.204712,-0.336426,0.703613
-0.220093,0.206665,0.941040
0.318237,-0.358643,0.899292
-0.606201,0.048340,0.744995
0.366333,-0.182617,1.025024
-0.157837,-0.395264,0.713257
-0.294434,0.188599,0.898560
0.346436,-0.335815,0.918457
-0.589966,0.046509,0.739624
0.284546,-0.107910,1.013184
-0.103271,-0.390503,0.755859
-0.360352,0.164429,0.872314
0.376099,-0.314453,0.939941
-0.570557,0.018677,0.706909
0.208374,-0.019043,1.003784
-0.030640,-0.393311,0.775879
-0.462646,0.192627,0.864380
0.413330,-0.306152,0.969116
-0.516968,-0.070068,0.696167
0.122437,0.092041,1.017578
0.023315,-0.371948,0.796997
-0.516357,0.186890,0.850952
0.429932,-0.315308,0.975830
-0.453735,-0.129272,0.722900
0.060547,0.138550,1.013428
0.080078,-0.368042,0.812012
-0.557739,0.187378,0.822510
0.429321,-0.271118,0.977905
-0.386719,-0.233521,0.723267
0.006958,0.127930,1.001465
0.148804,-0.392090,0.828857
-0.587158,0.192139,0.803223
0.421143,-0.210083,1.006470
-0.312622,-0.257568,0.738159
-0.057251,0.135986,0.983887
0.209229,-0.407959,0.858154
-0.604858,0.150391,0.765747
0.399170,-0.150635,1.016113
-0.258179,-0.264893,0.734375
-0.112793,0.154297,0.972778
0.267700,-0.415283,0.872803
-0.628906,0.117554,0.748779
0.400635,-0.147217,1.015259
-0.210083,-0.304932,0.707520
-0.203125,0.208862,0.952515
0.329346,-0.390381,0.910645
-0.604736,0.049561,0.729614
0.364380,-0.105835,1.032593
-0.159424,-0.358398,0.707764
-0.289917,0.203857,0.898071
0.365356,-0.369019,0.910278
-0.586548,0.028809,0.733643
0.309814,-0.095459,1.018799
-0.100830,-0.391113,0.722900
-0.367310,0.208008,0.880493
0.384399,-0.332642,0.931763
-0.560059,-0.013550,0.720703
0.229492,-0.019775,1.002075
-0.043945,-0.379639,0.760254
-0.438354,0.209839,0.851562
0.408813,-0.279419,0.960938
-0.522095,-0.065063,0.720947
0.129395,0.038452,0.996216
0.033081,-0.415894,0.774902
-0.503418,0.201416,0.837158
0.434570,-0.225464,1.001831
-0.449585,-0.109497,0.734131
0.026855,0.129028,1.001221
0.138916,-0.423340,0.821655
-0.553223,0.161743,0.804810
0.432861,-0.182129,1.014160
-0.343994,-0.164673,0.734619
-0.060181,0.180542,0.978760
0.226440,-0.393921,0.864624
-0.610229,0.101807,0.749023
0.414917,-0.168213,1.025513
-0.223877,-0.278931,0.731445
-0.154297,0.240112,0.969971
0.302490,-0.351318,0.889648
-0.614502,0.078735,0.749268
0.376953,-0.180542,1.005737
-0.140015,-0.370850,0.724854
-0.198608,0.170898,0.903931
0.322876,-0.291504,0.911865
-0.598389,0.061279,0.731689
0.332886,-0.088867,1.020142
-0.065063,-0.424927,0.734131
-0.322388,0.177002,0.869507
0.366089,-0.296509,0.915771
-0.568970,0.049561,0.722168
0.229248,-0.026367,0.981445
-0.012817,-0.402100,0.769775
-0.386108,0.141113,0.854980
0.413818,-0.264771,0.967529
-0.522095,0.013306,0.722168
0.114990,0.115356,0.984619
0.057983,-0.367432,0.792236
-0.489136,0.144287,0.827393
0.430542,-0.265259,0.984985
-0.449219,-0.081909,0.743408
0.062500,0.183228,1.007446
0.116821,-0.353394,0.804810
-0.554321,0.168945,0.810425
0.452148,-0.242920,1.005249
-0.354614,-0.207153,0.747437
-0.012207,0.160889,0.999634
0.196655,-0.375854,0.852295
-0.584229,0.152100,0.774170
0.437378,-0.158325,1.021118
-0.256958,-0.236450,0.756592
-0.113525,0.162720,0.957275
0.271240,-0.382568,0.893555
-0.600464,0.085449,0.740967
0.413086,-0.137329,1.045776
-0.146606,-0.304932,0.748779
-0.216064,0.231201,0.937988
0.340820,-0.370728,0.903320
-0.589722,0.037964,0.738281
0.356079,-0.095093,1.023926
-0.066284,-0.381836,0.742188
-0.313110,0.207764,0.879028
0.383667,-0.342529,0.915527
-0.553345,-0.005371,0.731323
0.277954,-0.033081,1.010376
-0.009521,-0.409668,0.755005
-0.387329,0.204224,0.841064
0.414795,-0.284424,0.938477
-0.521362,-0.026489,0.728271
0.174683,0.005249,1.002808
0.038696,-0.423218,0.781372
-0.472656,0.175781,0.827026
0.434448,-0.237549,0.971680
-0.438965,-0.082153,0.750977
0.058350,0.142456,1.021484
0.132202,-0.410156,0.822754
-0.537109,0.117798,0.774414
0.441895,-0.196655,1.014893
-0.303589,-0.185181,0.754517
-0.049805,0.215332,1.009521
0.241455,-0.386963,0.862183
-0.595093,0.103760,0.763062
0.417969,-0.178345,1.016235
-0.183594,-0.292236,0.753174
-0.140869,0.221069,0.960938
0.309204,-0.336792,0.889771
-0.606445,0.092041,0.742310
0.376831,-0.186523,1.004761
-0.081055,-0.405273,0.768311
-0.212646,0.164307,0.903931
0.358887,-0.302368,0.914795
-0.584717,0.083984,0.727905
0.314087,-0.114014,0.975952
-0.015625,-0.409058,0.777344
-0.297729,0.102661,0.852905
0.401489,-0.266602,0.954102
-0.549438,0.075928,0.736084
0.210205,0.052246,0.999146
0.043091,-0.390381,0.794922
-0.419556,0.110474,0.818359
0.443604,-0.296143,0.987427
-0.504761,-0.041016,0.728027
0.132324,0.128052,1.023438
0.087891,-0.377686,0.796143
-0.479980,0.148560,0.803833
0.438721,-0.272949,0.981079
-0.448242,-0.139282,0.737427
0.091919,0.084961,1.013550
0.152954,-0.420776,0.823486
-0.552856,0.186401,0.780762
0.439453,-0.198853,0.991455
-0.337402,-0.165771,0.761230
-0.000122,0.125122,0.996460
0.211182,-0.438477,0.844971
-0.568481,0.133911,0.757080
0.440308,-0.182495,1.006104
-0.243652,-0.204834,0.773560
-0.101562,0.203735,0.993774
0.288330,-0.451538,0.883301
-0.584961,0.092163,0.754395
0.406250,-0.148071,1.009644
-0.172119,-0.255615,0.776245
-0.153076,0.199219,0.959351
0.345459,-0.416016,0.915649
-0.584351,0.067505,0.757812
0.359985,-0.110352,1.016479
-0.068726,-0.365479,0.765381
-0.237671,0.201904,0.913208
0.371460,-0.346802,0.937134
-0.544800,-0.003174,0.754883
0.312866,-0.078735,1.010010
-0.027710,-0.405151,0.751465
-0.307373,0.179688,0.861328
0.414429,-0.350708,0.939087
-0.529053,-0.077759,0.736328
0.244385,-0.054688,0.995850
0.025635,-0.406250,0.761597
-0.372559,0.146606,0.823364
0.435913,-0.308716,0.968018
-0.490234,-0.108154,0.741577
0.155640,-0.006104,0.994019
0.069458,-0.416992,0.781250
-0.465210,0.132568,0.778198
0.452271,-0.266357,0.992188
-0.395630,-0.162964,0.768066
0.025879,0.099243,0.993530
0.171265,-0.458008,0.814697
-0.519653,0.087769,0.758179
0.448975,-0.212524,1.012451
-0.303711,-0.177734,0.768311
-0.070312,0.175171,0.988770
0.271973,-0.441772,0.870728
-0.567627,0.041382,0.725464
0.434448,-0.204834,1.030151
-0.160645,-0.286011,0.787964
-0.168701,0.197144,0.953247
0.323486,-0.369507,0.917480
-0.568115,0.033813,0.740967
0.387695,-0.152100,1.029663
-0.050293,-0.395996,0.778564
-0.256348,0.191772,0.917725
0.380005,-0.362549,0.932129
-0.541382,-0.036499,0.727905
0.308350,-0.093140,1.007935
0.017578,-0.424927,0.780273
-0.344849,0.153442,0.846924
0.429443,-0.326538,0.963989
-0.488159,-0.059937,0.752441
0.184204,-0.021973,0.988281
0.074707,-0.477539,0.776733
-0.385254,0.093628,0.824097
0.446289,-0.269165,0.988525
-0.456909,-0.078003,0.752686
0.094482,0.087402,1.020996
0.137207,-0.477905,0.802490
-0.465698,0.078491,0.791260
0.454224,-0.272583,1.005493
-0.393799,-0.164062,0.751953
0.030273,0.153442,1.028320
0.226318,-0.431274,0.853516
-0.524292,0.074219,0.763306
0.456543,-0.276489,1.003662
-0.303589,-0.203125,0.778320
-0.075439,0.165894,0.995239
0.292236,-0.469116,0.883545
-0.534424,0.023315,0.743896
0.413818,-0.157104,1.043335
-0.196045,-0.236816,0.779419
-0.160645,0.191528,0.971802
0.347290,-0.455688,0.917725
-0.530640,-0.020996,0.761108
0.373657,-0.104248,1.050659
-0.089111,-0.329468,0.786255
-0.221924,0.177002,0.934204
0.383179,-0.420166,0.934326
-0.529297,-0.058350,0.751587
0.331055,-0.094604,1.025269
0.004395,-0.398560,0.779785
-0.288940,0.184082,0.899170
0.421021,-0.359131,0.968872
-0.512451,-0.108887,0.732178
0.255859,-0.095825,1.002319
0.053711,-0.470337,0.780029
-0.340332,0.162354,0.862061
0.445679,-0.306763,0.973877
-0.473755,-0.106323,0.752686
0.178101,-0.025513,1.000610
0.103271,-0.488525,0.800171
-0.418457,0.110596,0.819946
0.463989,-0.285400,1.003174
-0.429199,-0.168945,0.731934
0.096191,0.050171,1.024780
0.168823,-0.495728,0.814453
-0.558472,0.061157,0.733398
0.453247,-0.224243,1.019287
-0.364136,-0.186523,0.747925
-0.140869,0.230103,0.975952
0.305298,-0.396118,0.900513
-0.553711,0.008301,0.748535
0.408691,-0.160767,1.036011
-0.125488,-0.302612,0.772339
-0.214233,0.215332,0.930908
0.350708,-0.366333,0.923340
-0.541382,-0.018433,0.758667
0.358521,-0.148315,1.023804
-0.048584,-0.397339,0.769409
-0.272095,0.195679,0.894653
0.386963,-0.341919,0.940430
-0.520142,-0.042847,0.747437
0.287720,-0.090942,1.006958
0.024048,-0.473389,0.767212
-0.328857,0.146484,0.854492
0.410889,-0.310547,0.953735
-0.501343,-0.073608,0.733643
0.209351,-0.059082,1.000000
0.077759,-0.461182,0.780151
-0.410278,0.145630,0.816895
0.441406,-0.290894,0.976196
-0.450684,-0.124756,0.746582
0.113892,0.024048,1.006958
0.120728,-0.452759,0.796631
-0.485474,0.112793,0.784058
0.457764,-0.244263,1.002441
-0.352417,-0.145142,0.779907
-0.006958,0.112915,1.002808
0.220825,-0.489258,0.844360
-0.528931,0.032104,0.737671
0.440430,-0.201538,1.029663
-0.244263,-0.198120,0.778442
-0.123779,0.191895,0.989014
0.332397,-0.462402,0.910400
-0.552124,0.014648,0.752563
0.397095,-0.155762,1.027466
-0.091919,-0.309937,0.798584
-0.238403,0.194458,0.934082
0.394043,-0.398682,0.946167
-0.517212,-0.067261,0.729980
0.313721,-0.091187,1.026001
0.019287,-0.414795,0.785522
-0.313354,0.149780,0.875610
0.424438,-0.331543,0.966919
-0.494995,-0.089233,0.741089
0.208374,-0.051025,1.001099
0.091431,-0.488647,0.778076
-0.386597,0.131348,0.835205
0.449707,-0.293701,0.995728
-0.449463,-0.116089,0.750122
0.100952,0.035889,1.002197
0.167480,-0.501343,0.819092
-0.458252,0.081055,0.806885
0.459473,-0.251221,1.008789
-0.358276,-0.171875,0.752686
-0.012207,0.135132,1.003052
0.264648,-0.491577,0.869751
-0.508911,0.008301,0.746704
0.439941,-0.217529,1.034912
-0.241089,-0.228394,0.778076
-0.130371,0.199463,0.990112
0.351929,-0.460327,0.920532
-0.527222,0.004150,0.766357
0.390991,-0.150879,1.033813
-0.105347,-0.331665,0.790894
-0.218140,0.188721,0.950195
0.394897,-0.387085,0.958496
-0.512573,-0.070923,0.745361
0.325073,-0.073120,1.052734
0.024902,-0.432129,0.791748
-0.316162,0.183716,0.904785
0.443481,-0.367065,0.974243
-0.463745,-0.118042,0.767456
0.219849,-0.036377,1.017456
0.091675,-0.429199,0.812500
-0.380615,0.117310,0.835571
0.463501,-0.310059,1.013428
-0.403931,-0.178101,0.762573
0.104858,0.024414,1.011353
0.160889,-0.469482,0.815918
-0.446289,0.072266,0.801636
0.483643,-0.265869,1.034912
-0.323608,-0.187866,0.781494
-0.017456,0.141357,1.023560
0.277222,-0.505981,0.885498
-0.503296,-0.004639,0.762451
0.458618,-0.215088,1.057495
-0.203247,-0.253540,0.799927
-0.123413,0.232544,1.026123
0.355225,-0.443726,0.941406
-0.515625,0.000122,0.784424
0.397095,-0.153931,1.053467
-0.065918,-0.336060,0.822388
-0.186768,0.184937,0.992554
0.390015,-0.409546,0.949585
-0.506592,-0.056763,0.764282
0.352173,-0.126953,1.043945
0.047729,-0.401489,0.839355
-0.267456,0.164307,0.934692
0.431641,-0.342773,0.994995
-0.476807,-0.104492,0.748779
0.283569,-0.094849,1.033936
0.095581,-0.452881,0.824951
-0.326050,0.136963,0.896973
0.471313,-0.276001,1.034668
-0.440308,-0.130493,0.760986
0.182007,-0.009644,1.031860
0.151855,-0.487915,0.835693
-0.401733,0.102539,0.857056
0.498779,-0.262695,1.067505
-0.378052,-0.178711,0.756836
0.087524,0.090942,1.035889
0.240845,-0.485352,0.879517
-0.437012,0.028198,0.815552
0.495972,-0.240112,1.075562
-0.314453,-0.207031,0.778564
-0.001221,0.153076,1.037598
0.320190,-0.458984,0.936890
-0.494141,0.021484,0.796509
0.477539,-0.219238,1.085571
-0.215332,-0.256592,0.814331
-0.063354,0.201416,1.050293
0.368652,-0.415161,0.958862
-0.517944,0.015137,0.791138
0.455322,-0.199219,1.084839
-0.114868,-0.310425,0.830688
-0.125854,0.221436,1.034790
0.400024,-0.379395,0.985352
-0.508179,-0.023560,0.787720
0.412476,-0.170166,1.099854
-0.008057,-0.404175,0.847534
-0.182983,0.203979,1.004395
0.436279,-0.351196,1.009888
-0.482910,-0.036987,0.790283
0.379517,-0.129150,1.093140
0.061890,-0.440918,0.842285
-0.233398,0.182983,0.979492
0.457031,-0.313354,1.027222
-0.453613,-0.078613,0.778931
0.327148,-0.092896,1.075439
0.091675,-0.448975,0.868530
-0.275879,0.155640,0.967529
0.477417,-0.274414,1.058472
-0.436157,-0.102783,0.779541
0.267578,-0.036621,1.075806
0.127808,-0.467651,0.874268
-0.322021,0.149902,0.946777
0.505737,-0.254883,1.081543
-0.421753,-0.104980,0.786011
0.225098,0.019165,1.078979
0.187622,-0.461182,0.903442
-0.376465,0.103149,0.912231
0.534302,-0.273926,1.111084
-0.369751,-0.157227,0.809448
0.153198,0.087524,1.074951
0.246094,-0.466919,0.933594
-0.409790,0.059082,0.859375
0.546875,-0.233398,1.124756
-0.324829,-0.198730,0.794312
0.100342,0.136597,1.093018
0.285522,-0.497070,0.921387
-0.429077,0.054077,0.853271
0.540771,-0.238037,1.119995
-0.278198,-0.219116,0.817627
0.047729,0.188110,1.083130
0.325684,-0.444092,0.958130
-0.437744,0.030029,0.852051
0.534546,-0.263428,1.118286
-0.249023,-0.283081,0.804321
0.009888,0.203613,1.078979
0.357544,-0.409668,0.980713
-0.433838,0.014648,0.843750
0.525024,-0.228027,1.135254
-0.209351,-0.285156,0.826050
-0.025146,0.211670,1.069580
0.383057,-0.403198,1.000732
-0.453979,0.007568,0.838013
0.517944,-0.190430,1.150269
-0.166138,-0.267822,0.852783
-0.053711,0.224487,1.076172
0.391357,-0.390259,0.999756
-0.445435,-0.014404,0.847534
0.515381,-0.169312,1.163330
-0.099121,-0.263306,0.892334
-0.096924,0.218262,1.060181
0.418335,-0.362549,1.017700
-0.434570,-0.048462,0.821777
0.475708,-0.128296,1.163696
-0.014526,-0.354858,0.878784
-0.118286,0.221191,1.067505
0.443359,-0.351440,1.028442
-0.462646,-0.033325,0.820801
0.457031,-0.135254,1.152344
0.029175,-0.368652,0.899048
-0.156494,0.222168,1.066528
0.454224,-0.322754,1.046997
-0.463867,-0.042725,0.824341
0.442139,-0.131470,1.144531
0.053345,-0.360352,0.902222
-0.183228,0.221924,1.063110
0.476807,-0.298706,1.060669
-0.439331,-0.053833,0.827515
0.404175,-0.090820,1.136719
0.075684,-0.364258,0.924805
-0.232788,0.235718,1.040771
0.498413,-0.262085,1.103149
-0.421631,-0.098511,0.812866
0.366455,-0.053223,1.159546
0.117554,-0.401245,0.935059
-0.293457,0.206665,1.019165
0.537231,-0.247070,1.125000
-0.387207,-0.115479,0.816528
0.281372,0.012207,1.140625
0.179199,-0.424438,0.956177
-0.330322,0.144653,0.960815
0.543579,-0.218018,1.147217
-0.354614,-0.146240,0.812622
0.220093,0.052612,1.134644
0.249878,-0.469727,0.944946
-0.365479,0.106079,0.907227
0.566040,-0.216309,1.145264
-0.304321,-0.166138,0.825806
0.128662,0.113403,1.106812
0.320068,-0.451782,0.980225
-0.405396,0.070679,0.891846
0.550293,-0.187866,1.158813
-0.237061,-0.208008,0.856445
0.042236,0.173828,1.101318
0.369263,-0.420044,1.004639
-0.432007,0.040405,0.881226
0.537354,-0.171753,1.169067
-0.161865,-0.239868,0.871826
-0.016479,0.205322,1.099609
0.402466,-0.371948,1.010864
-0.448364,0.012207,0.857788
0.521362,-0.154907,1.186157
-0.019409,-0.328979,0.899048
-0.094238,0.201416,1.080688
0.428711,-0.324707,1.036011
-0.451294,-0.027100,0.833252
0.477905,-0.123779,1.170044
-0.002319,-0.367554,0.885742
-0.163086,0.217041,1.063110
0.476074,-0.300659,1.077026
-0.448120,-0.032837,0.827148
0.405884,-0.069336,1.163574
0.033447,-0.380371,0.900269
-0.246460,0.186279,1.030396
0.537354,-0.277710,1.129272
-0.411987,-0.083374,0.817749
0.321777,0.031372,1.167114
0.119995,-0.393677,0.935669
-0.297241,0.150024,0.989014
0.545654,-0.254150,1.154663
-0.370117,-0.165039,0.814575
0.246826,0.054565,1.148071
0.198853,-0.409302,0.929932
-0.359009,0.136475,0.933105
0.568115,-0.251465,1.135986
-0.315308,-0.195801,0.831055
0.158081,0.112549,1.127197
0.257812,-0.408325,0.952515
-0.395874,0.088135,0.896118
0.549438,-0.225342,1.140869
-0.262451,-0.242554,0.831665
0.088379,0.120972,1.111694
0.321167,-0.401367,0.977051
-0.441528,0.096069,0.877808
0.545532,-0.184448,1.148071
-0.199707,-0.277100,0.834351
0.014038,0.150879,1.107178
0.382202,-0.403931,0.998291
-0.465332,0.060669,0.860229
0.507080,-0.105225,1.162964
-0.088257,-0.311035,0.857910
-0.067017,0.155884,1.084351
0.406250,-0.391479,1.023315
-0.467773,-0.034790,0.830444
0.492432,-0.104004,1.166260
-0.070435,-0.273560,0.855469
-0.143066,0.205322,1.072998
0.461426,-0.364258,1.053955
-0.469971,-0.050781,0.830566
0.444946,-0.103882,1.160278
-0.037598,-0.292236,0.877808
-0.221924,0.214355,1.038696
0.482300,-0.287231,1.094482
-0.444336,-0.117920,0.807617
0.367554,-0.062256,1.165771
0.033325,-0.356689,0.891479
-0.284058,0.191406,0.984009
0.499023,-0.259399,1.098877
-0.409058,-0.121338,0.790161
0.300293,-0.014282,1.149658
0.105835,-0.403442,0.894287
-0.339355,0.164673,0.957886
0.523071,-0.272949,1.103760
-0.384644,-0.177490,0.786865
0.217041,0.041626,1.123901
0.169556,-0.398193,0.913940
-0.410522,0.163940,0.922485
0.545898,-0.264893,1.114990
-0.342651,-0.227661,0.798218
0.117798,0.086548,1.093018
0.237915,-0.423340,0.933472
-0.436279,0.086792,0.876709
0.528931,-0.209839,1.119263
-0.293091,-0.232422,0.803101
0.057983,0.143433,1.092407
0.295776,-0.431885,0.944214
-0.466064,0.050293,0.853760
0.509766,-0.187622,1.138794
-0.224609,-0.285889,0.805664
-0.007568,0.148071,1.063477
0.305054,-0.367188,0.950195
-0.478760,0.035522,0.836426
0.519409,-0.201416,1.134644
-0.150879,-0.347168,0.800903
-0.096558,0.173218,1.046143
0.354248,-0.365967,0.966919
-0.485962,0.009033,0.813599
0.463135,-0.151855,1.136475
-0.125366,-0.356567,0.801147
-0.141113,0.154297,1.022095
0.385864,-0.358154,0.975586
-0.505493,-0.000977,0.796387
0.427002,-0.141479,1.124023
-0.095825,-0.357788,0.811768
-0.204712,0.164673,1.009399
0.422607,-0.328613,1.009399
-0.506470,-0.017578,0.778442
0.391235,-0.074463,1.138062
-0.049194,-0.340454,0.843750
-0.292358,0.184692,0.967651
0.440918,-0.320435,1.025635
-0.481567,-0.057007,0.777100
0.328857,-0.050049,1.119263
0.005615,-0.351562,0.858032
-0.358887,0.163940,0.930786
0.455811,-0.313599,1.034180
-0.448730,-0.130737,0.755981
0.255737,-0.009766,1.109863
0.074951,-0.386719,0.866333
-0.417969,0.174316,0.896240
0.476318,-0.271240,1.052002
-0.413574,-0.166260,0.765869
0.162231,0.028320,1.078491
0.156616,-0.413330,0.893188
-0.476318,0.161377,0.880737
0.474121,-0.220703,1.068115
-0.390015,-0.232300,0.755981
0.070068,0.059814,1.060791
0.214478,-0.402344,0.913940
-0.490967,0.099854,0.836914
0.466919,-0.180420,1.086060
-0.277710,-0.253540,0.785400
-0.025146,0.121338,1.047485
0.262573,-0.424194,0.912231
-0.520874,0.033203,0.809204
0.473145,-0.207031,1.094116
-0.212646,-0.317139,0.751343
-0.114258,0.155762,1.006714
0.305420,-0.366821,0.928711
-0.534180,-0.005493,0.780029
0.449341,-0.204590,1.096069
-0.173950,-0.349121,0.748779
-0.198608,0.177368,0.980713
0.343750,-0.350342,0.940552
-0.552612,0.006104,0.762573
0.398804,-0.182861,1.089844
-0.135498,-0.382568,0.781616
-0.279175,0.170166,0.953369
0.381104,-0.350952,0.967407
-0.530640,-0.003906,0.758789
0.324829,-0.081177,1.085815
-0.116455,-0.338867,0.795044
-0.319824,0.155151,0.940918
0.419678,-0.354614,0.995361
-0.543335,-0.031006,0.743164
0.287354,-0.051880,1.083252
-0.053833,-0.354736,0.801758
-0.388916,0.176025,0.889648
0.410767,-0.301880,0.995850
-0.509521,-0.089844,0.727173
0.252441,-0.064331,1.064331
0.013428,-0.387329,0.830444
-0.466309,0.234619,0.884888
0.427612,-0.290283,0.993896
-0.489624,-0.102295,0.745117
0.155396,-0.015747,1.041626
0.074951,-0.420044,0.848633
-0.498047,0.182739,0.858276
0.446899,-0.247192,1.022705
-0.463379,-0.187744,0.712769
0.067871,0.056885,1.035767
0.160767,-0.441162,0.863403
-0.537354,0.170410,0.831055
0.421021,-0.212036,1.018066
-0.365356,-0.167725,0.770142
0.007568,0.078125,1.026733
0.191650,-0.432007,0.872681
-0.567505,0.088501,0.786377
0.443359,-0.223145,1.043579
-0.296875,-0.253540,0.733276
-0.092285,0.159668,0.997925
0.254395,-0.410767,0.890381
-0.559204,0.045044,0.776733
0.424072,-0.194458,1.037109
-0.255005,-0.315186,0.711304
-0.165405,0.159058,0.966187
0.307617,-0.365234,0.917358
-0.581177,0.018433,0.745117
0.390991,-0.170898,1.046265
-0.210693,-0.338013,0.718628
-0.240112,0.166016,0.941040
0.347290,-0.348633,0.937988
-0.592407,0.006226,0.741577
0.344849,-0.153809,1.044312
-0.140381,-0.368774,0.754150
-0.338623,0.171753,0.891113
0.385864,-0.334839,0.957031
-0.588501,-0.018555,0.715088
0.266235,-0.073853,1.040039
-0.073364,-0.390015,0.775269
-0.411865,0.182251,0.888428
0.389526,-0.316040,0.964966
-0.547241,-0.076538,0.709106
0.186768,-0.007324,1.029419
-0.004028,-0.408691,0.797363
-0.484253,0.196045,0.859009
0.399170,-0.268433,0.986816
-0.502563,-0.117065,0.720825
0.096436,0.054443,1.025146
0.089844,-0.414185,0.824585
-0.538330,0.179199,0.834473
0.407349,-0.232300,0.997925
-0.430664,-0.175415,0.719116
0.012573,0.098511,1.002197
0.165771,-0.418335,0.863525
-0.581055,0.128052,0.795410
0.422974,-0.213135,1.024658
-0.336060,-0.218750,0.721924
-0.072266,0.160156,0.986450
0.236084,-0.409180,0.871704
-0.591064,0.077637,0.770264
0.402588,-0.188843,1.023682
-0.246582,-0.292847,0.716064
-0.171997,0.176880,0.953979
0.286499,-0.381958,0.891846
-0.591309,0.032471,0.745850
0.395142,-0.170654,1.039307
-0.206055,-0.344727,0.696289
-0.258667,0.191284,0.912598
0.346436,-0.340698,0.925659
-0.604858,0.027466,0.727051
0.330078,-0.151367,1.027832
-0.139038,-0.411987,0.720337
-0.322632,0.176758,0.882568
0.371460,-0.329224,0.925049
-0.602539,0.060425,0.717041
0.262695,-0.085327,1.010376
-0.071655,-0.389404,0.764526
-0.384277,0.164062,0.875488
0.392944,-0.314331,0.944824
-0.580688,0.024292,0.693848
0.169556,0.009521,0.986816
0.016602,-0.384644,0.798706
-0.472290,0.182373,0.849365
0.405029,-0.265991,0.971802
-0.519775,-0.076782,0.689941
0.087891,0.110474,1.014404
0.087402,-0.391602,0.814453
-0.552490,0.185425,0.832031
0.430420,-0.265991,0.990967
-0.426758,-0.151367,0.718872
0.019653,0.147339,1.012451
0.147583,-0.386963,0.830688
-0.592407,0.175781,0.803467
0.436768,-0.234985,1.002319
-0.322388,-0.227417,0.736938
-0.065552,0.167358,0.983765
0.231445,-0.395996,0.861084
-0.611084,0.127441,0.770630
0.409058,-0.174683,1.025269
-0.240356,-0.312866,0.715454
-0.133667,0.184570,0.969116
0.287964,-0.352905,0.893188
-0.608765,0.102539,0.751831
0.377686,-0.159912,1.020508
-0.182129,-0.352417,0.718506
-0.223633,0.179932,0.914429
0.337524,-0.337646,0.919189
-0.605591,0.071899,0.740234
0.339966,-0.129028,1.017090
-0.103516,-0.405518,0.726562
-0.328979,0.183350,0.872803
0.368164,-0.306885,0.927612
-0.579224,0.026489,0.715576
0.276855,-0.046631,1.011230
-0.041748,-0.410278,0.750244
-0.397461,0.215698,0.863403
0.392212,-0.280029,0.949707
-0.543579,-0.036865,0.706055
0.170044,0.016602,0.999390
0.011963,-0.398682,0.784424
-0.473755,0.202637,0.843384
0.422363,-0.261719,0.975830
-0.478149,-0.060791,0.740112
0.083740,0.093140,1.009521
0.081665,-0.416626,0.787354
-0.544556,0.190552,0.817871
0.437012,-0.203857,0.998657
-0.367432,-0.116943,0.762207
0.002319,0.164551,1.007812
0.167725,-0.416260,0.828369
-0.597534,0.148071,0.765381
0.421387,-0.184814,1.003418
-0.269897,-0.228882,0.744507
-0.077515,0.197144,0.992798
0.244873,-0.371826,0.876343
-0.613159,0.118774,0.756592
0.411499,-0.168091,1.021118
-0.180786,-0.325073,0.737183
-0.176270,0.211548,0.948120
0.321045,-0.354736,0.904663
-0.602661,0.096802,0.759766
0.365723,-0.137695,1.009399
-0.110229,-0.356445,0.734741
-0.240601,0.189331,0.899414
0.345093,-0.290039,0.920410
-0.577637,0.047974,0.730835
0.310425,-0.090210,1.000977
-0.043213,-0.420410,0.742310
-0.340454,0.177490,0.855957
0.392944,-0.268799,0.946777
-0.547607,-0.007690,0.705566
0.211914,0.017822,1.000244
0.013672,-0.419678,0.766479
-0.430908,0.170288,0.833740
0.418823,-0.255615,0.965942
-0.468872,-0.064331,0.747437
0.090820,0.129395,1.011108
0.079468,-0.412109,0.783813
-0.511841,0.150757,0.812134
0.437866,-0.224487,0.997559
-0.400757,-0.140747,0.730713
0.022949,0.188965,1.022461
0.169067,-0.381226,0.834229
-0.574707,0.145020,0.776367
0.448242,-0.231567,1.006104
-0.303711,-0.206543,0.741699
-0.063965,0.212646,0.987427
0.258423,-0.372925,0.877197
-0.580811,0.104370,0.767944
0.428589,-0.201172,1.013306
-0.198853,-0.280518,0.749390
-0.154541,0.208740,0.947754
0.308960,-0.341797,0.898193
-0.570312,0.092163,0.767578
0.398193,-0.119873,1.030518
-0.116577,-0.332031,0.761597
-0.234131,0.170654,0.895874
0.358398,-0.342773,0.930542
-0.562256,0.054321,0.748535
0.332520,-0.067139,1.011719
-0.059204,-0.383301,0.746216
-0.292114,0.188354,0.889038
0.398438,-0.380249,0.920898
-0.553467,-0.017090,0.721924
0.278564,-0.026855,1.004761
-0.001221,-0.406006,0.744385
-0.380615,0.172119,0.828857
0.428345,-0.332886,0.950684
-0.504761,-0.064575,0.734497
0.184814,0.021851,1.000366
0.045654,-0.399170,0.768311
-0.449585,0.172119,0.815674
0.441284,-0.294556,0.975708
-0.472778,-0.099731,0.748535
0.104980,0.061401,1.012085
0.118408,-0.435059,0.811401
-0.510986,0.166016,0.793457
0.437500,-0.212280,0.981323
-0.385620,-0.142578,0.754639
0.019043,0.102539,1.002686
0.205688,-0.436768,0.851929
-0.560913,0.128540,0.756348
0.440918,-0.159668,1.028564
-0.258545,-0.202393,0.751221
-0.082397,0.207886,1.013672
0.269287,-0.441406,0.864136
-0.578491,0.073364,0.759644
0.432007,-0.189819,1.023682
-0.152466,-0.267212,0.783691
-0.180664,0.249146,0.955078
0.316650,-0.348511,0.898315
-0.568604,0.032227,0.750244
0.389404,-0.170044,1.020752
-0.063843,-0.367065,0.777832
-0.264282,0.231812,0.917480
0.376099,-0.362427,0.924561
-0.559814,-0.026978,0.729736
0.307251,-0.104614,1.005859
0.004272,-0.417603,0.774414
-0.313232,0.177856,0.871948
0.411987,-0.318115,0.953003
-0.530273,-0.045410,0.730103
0.217773,-0.052002,0.991089
0.055054,-0.479004,0.759766
-0.378174,0.146118,0.831665
0.435303,-0.284058,0.965210
-0.475952,-0.077026,0.756592
0.123169,0.032104,0.993896
0.101929,-0.464111,0.786743
-0.461426,0.106934,0.785889
0.453735,-0.256958,0.999512
-0.411011,-0.120972,0.754272
0.025391,0.115479,1.008911
0.207275,-0.476318,0.822510
-0.533936,0.073975,0.751709
0.471924,-0.249512,1.023804
-0.278198,-0.207642,0.777344
-0.095459,0.217651,0.995850
0.288086,-0.395386,0.902954
-0.571899,0.028931,0.734253
0.426880,-0.230225,1.025757
-0.161011,-0.324829,0.783936
-0.149536,0.204102,0.969849
0.334595,-0.333252,0.924194
-0.564209,0.074341,0.775391
0.377075,-0.186523,1.019653
-0.031128,-0.433105,0.796875
-0.233032,0.144775,0.917603
0.372681,-0.328491,0.944214
-0.541992,0.020386,0.750977
0.300903,-0.099976,1.002075
0.036011,-0.459106,0.786621
-0.302002,0.136230,0.887207
0.432739,-0.350952,0.952881
-0.518677,-0.056763,0.736206
0.209106,-0.043823,0.994019
0.067993,-0.473633,0.780396
-0.390259,0.115234,0.837280
0.477417,-0.301270,1.010498
-0.453369,-0.120605,0.737793
0.095215,0.052124,1.000000
0.128540,-0.481812,0.807739
-0.443237,0.061035,0.797729
0.493286,-0.288208,1.030273
-0.399902,-0.151733,0.745361
0.002808,0.170410,1.022339
0.230713,-0.432617,0.861328
-0.484131,0.022339,0.768921
0.473511,-0.287842,1.034790
-0.291748,-0.229126,0.783081
-0.084839,0.179321,1.000854
0.291260,-0.430054,0.886597
-0.522827,-0.000122,0.754639
0.453857,-0.219360,1.062134
-0.157104,-0.283203,0.814453
-0.163574,0.225342,0.995850
0.334717,-0.426880,0.904907
-0.538940,0.006958,0.757568
0.403687,-0.178833,1.052490
-0.060303,-0.355957,0.826538
-0.197510,0.192871,0.968872
0.376465,-0.370361,0.947998
-0.528442,-0.035278,0.744019
0.343262,-0.138184,1.033813
0.020020,-0.430420,0.813965
-0.248535,0.151855,0.932739
0.419800,-0.334473,0.988525
-0.495117,-0.084473,0.744507
0.281128,-0.078857,1.022217
0.057495,-0.473022,0.794678
-0.298096,0.136597,0.905273
0.457764,-0.308105,1.021118
-0.464600,-0.088989,0.757324
0.204956,-0.023926,1.009033
0.098389,-0.472046,0.814819
-0.350464,0.075073,0.865967
0.472900,-0.280029,1.040649
-0.426025,-0.135254,0.766724
0.147461,0.043213,1.041016
0.162354,-0.471313,0.842163
-0.422729,0.066284,0.839966
0.487549,-0.260620,1.063599
-0.361206,-0.202393,0.765259
0.085449,0.102417,1.050049
0.237671,-0.484985,0.876709
-0.468994,0.049683,0.800171
0.491699,-0.256836,1.064331
-0.309082,-0.226074,0.774414
0.025757,0.129761,1.043091
0.304810,-0.501099,0.893677
-0.486450,0.046021,0.788208
0.469971,-0.212280,1.070312
-0.215210,-0.251831,0.822754
-0.060547,0.157471,1.020874
0.321289,-0.442017,0.922852
-0.477051,0.008667,0.793091
0.466675,-0.177124,1.098877
-0.143188,-0.271362,0.836792
-0.130615,0.212280,1.029541
0.364624,-0.426758,0.950317
-0.469849,-0.057007,0.779053
0.319336,-0.109741,1.026611
-0.048950,-0.304688,0.846802
-0.307495,0.170044,0.898193
0.430664,-0.345459,0.973755
-0.504639,-0.101074,0.733154
0.243286,-0.076050,1.019775
0.091919,-0.483276,0.802246
-0.373901,0.146729,0.859253
0.450806,-0.297363,0.992432
-0.438599,-0.135376,0.746948
0.152588,0.010864,1.030396
0.118164,-0.487427,0.815918
-0.422485,0.070312,0.807373
0.492798,-0.267456,1.040039
-0.397827,-0.170654,0.738037
0.059692,0.091675,1.018799
0.228760,-0.495117,0.849976
-0.468384,0.039551,0.773438
0.501099,-0.255005,1.054565
-0.323853,-0.218994,0.758301
-0.038818,0.160889,1.019409
0.294434,-0.484497,0.885498
-0.495728,0.008545,0.771118
0.469238,-0.216675,1.057983
-0.205200,-0.237915,0.807983
-0.121582,0.211182,1.009277
0.342041,-0.425903,0.923706
-0.505005,-0.028564,0.768555
0.418091,-0.176758,1.070190
-0.077148,-0.335205,0.835205
-0.189087,0.207642,0.993286
0.390381,-0.388184,0.962158
-0.504272,-0.057129,0.755737
0.353027,-0.142334,1.042358
0.046387,-0.409546,0.840820
-0.221924,0.182861,0.974365
0.428223,-0.326660,1.000854
-0.492310,-0.076782,0.758057
0.286133,-0.077148,1.042725
0.088257,-0.456543,0.834717
-0.286255,0.109619,0.927002
0.468994,-0.306030,1.035645
-0.453369,-0.089966,0.773560
0.205566,-0.007080,1.030518
0.151367,-0.467163,0.855591
-0.368408,0.072144,0.875000
0.502808,-0.248169,1.099854
-0.384888,-0.154053,0.767822
0.106812,0.106689,1.056763
0.227783,-0.449219,0.883667
-0.434448,0.028564,0.820190
0.522949,-0.276367,1.093994
-0.303345,-0.228882,0.804321
0.023071,0.143555,1.039917
0.281738,-0.461426,0.891113
-0.439941,0.034668,0.819214
0.507935,-0.235107,1.100952
-0.220947,-0.267334,0.826172
-0.050049,0.171631,1.038330
0.332520,-0.432617,0.940308
-0.465942,0.000122,0.802490
0.482300,-0.177979,1.120361
-0.165161,-0.269531,0.827271
-0.076172,0.202881,1.053711
0.373779,-0.398438,0.970337
-0.472900,-0.014526,0.799316
0.460205,-0.173828,1.107178
-0.073608,-0.301880,0.861572
-0.148682,0.219238,1.042847
0.426025,-0.385620,1.004761
-0.464966,-0.027710,0.796387
0.411377,-0.101807,1.114868
0.021851,-0.366943,0.871704
-0.182251,0.203735,1.036621
0.453125,-0.335693,1.031738
-0.472778,-0.056641,0.783081
0.374512,-0.083496,1.109863
0.075806,-0.416504,0.883057
-0.244507,0.185303,1.005859
0.485962,-0.322388,1.065308
-0.445801,-0.095093,0.786865
0.315430,-0.014404,1.112915
0.110107,-0.390503,0.891235
-0.298096,0.198242,0.994751
0.533569,-0.306274,1.101562
-0.418823,-0.125732,0.790894
0.258301,0.021973,1.106201
0.178589,-0.414307,0.913086
-0.344604,0.170776,0.956909
0.555786,-0.286133,1.120239
-0.367554,-0.176147,0.794922
0.182251,0.083252,1.103760
0.244263,-0.425293,0.936279
-0.377930,0.094238,0.882690
0.553345,-0.243652,1.123413
-0.308228,-0.219238,0.817383
0.099731,0.099854,1.081909
0.311768,-0.425903,0.967773
-0.421509,0.074341,0.852905
0.550537,-0.206299,1.138184
-0.211548,-0.249268,0.848633
0.003662,0.196167,1.080688
0.364380,-0.411133,1.001709
-0.429199,0.037231,0.852661
0.523438,-0.164795,1.151611
-0.145020,-0.254639,0.871460
-0.071289,0.215332,1.079590
0.420044,-0.385132,1.021851
-0.438599,-0.020752,0.840210
0.476196,-0.093628,1.160156
0.013550,-0.330933,0.906738
-0.152588,0.227661,1.075439
0.445068,-0.347046,1.045654
-0.436768,-0.098389,0.798218
0.422852,-0.061279,1.176025
0.043945,-0.334839,0.911255
-0.219971,0.227051,1.050049
0.515015,-0.308228,1.094604
-0.417480,-0.118652,0.795166
0.345703,-0.015503,1.140991
0.129761,-0.362061,0.926758
-0.302246,0.187866,0.990967
0.563232,-0.280884,1.137695
-0.361572,-0.174438,0.807617
0.235474,0.059692,1.122192
0.220459,-0.399292,0.942993
-0.359741,0.120605,0.923828
0.577515,-0.245483,1.148804
-0.296509,-0.235718,0.812744
0.112671,0.111328,1.098633
0.310303,-0.409790,0.984619
-0.417114,0.094604,0.879272
0.562622,-0.199951,1.164185
-0.194946,-0.260620,0.870361
0.001953,0.163940,1.090088
0.373779,-0.383423,1.014771
-0.436035,0.031250,0.847656
0.529053,-0.114868,1.186279
-0.042847,-0.312500,0.892212
-0.097778,0.188843,1.078491
0.425049,-0.364380,1.038086
-0.444336,-0.027466,0.844238
0.479614,-0.077637,1.188721
0.009277,-0.339478,0.892334
-0.181030,0.233887,1.075195
0.481567,-0.314331,1.079468
-0.439209,-0.085327,0.806519
0.394043,-0.046509,1.171021
0.064209,-0.352539,0.919556
-0.258179,0.206909,1.038574
0.534912,-0.266479,1.136963
-0.394531,-0.137817,0.809326
0.276855,0.031982,1.151611
0.140991,-0.391968,0.911621
-0.317993,0.154297,0.967163
0.580444,-0.275757,1.147705
-0.346436,-0.167969,0.819580
0.174316,0.082886,1.102295
0.239746,-0.391479,0.953491
-0.385376,0.084839,0.906372
0.565796,-0.247803,1.155151
-0.276733,-0.236572,0.837646
0.080444,0.136963,1.103760
0.314087,-0.381714,0.971069
-0.434814,0.071533,0.878418
0.557373,-0.212524,1.161987
-0.174072,-0.285034,0.862793
-0.036499,0.162476,1.072266
0.365845,-0.378784,0.988037
-0.440674,0.015991,0.844116
0.520386,-0.150024,1.164062
-0.069946,-0.323730,0.868286
-0.096191,0.163818,1.057739
0.403564,-0.345093,1.017700
-0.476318,-0.037598,0.820068
0.494019,-0.140869,1.177368
-0.041626,-0.345703,0.862549
-0.182861,0.213867,1.052979
0.449707,-0.333252,1.047974
-0.478516,-0.057007,0.806641
0.417847,-0.098511,1.159302
0.009155,-0.342163,0.866455
-0.270142,0.223511,1.015137
0.506836,-0.297729,1.093140
-0.451904,-0.111572,0.787231
0.315308,-0.022583,1.136353
0.078979,-0.370972,0.883789
-0.315552,0.173950,0.975098
0.520874,-0.261475,1.118530
-0.417358,-0.142700,0.778931
0.228271,0.008301,1.112061
0.149414,-0.401978,0.917480
-0.374023,0.116089,0.909424
0.534058,-0.231079,1.127075
-0.365234,-0.180664,0.800049
0.121704,0.069946,1.078247
0.222656,-0.405151,0.925415
-0.429932,0.085083,0.872681
0.532837,-0.222534,1.124512
-0.282593,-0.255249,0.817993
0.022339,0.130127,1.067871
0.267822,-0.378418,0.937744
-0.471680,0.044189,0.833252
0.527710,-0.216919,1.128784
-0.165894,-0.314941,0.816284
-0.066162,0.154175,1.044800
0.323730,-0.364014,0.947754
-0.502319,0.010498,0.800171
0.482788,-0.201782,1.117554
-0.114868,-0.353271,0.811401
-0.153931,0.169556,1.026978
0.379395,-0.335938,0.982422
-0.516724,-0.017456,0.780396
0.425659,-0.140381,1.117065
-0.085815,-0.343628,0.834473
-0.261841,0.171875,0.982300
0.428955,-0.314941,1.043945
-0.501831,-0.058350,0.771362
0.340698,-0.053589,1.119751
-0.020386,-0.359009,0.832275
-0.345215,0.162231,0.946533
0.471558,-0.312134,1.051392
-0.462769,-0.099121,0.764404
0.231079,0.012207,1.093994
0.062500,-0.379395,0.853149
-0.423462,0.141113,0.882202
0.495850,-0.287476,1.077148
-0.416138,-0.179810,0.759644
0.117798,0.081055,1.066040
0.134888,-0.392944,0.867432
-0.480469,0.121704,0.843994
0.499146,-0.263672,1.081665
-0.355225,-0.227905,0.769287
0.037842,0.121826,1.062866
0.206299,-0.397095,0.878174
-0.526245,0.107178,0.834717
0.473755,-0.254639,1.055542
-0.257568,-0.284790,0.776855
-0.023682,0.129517,1.041138
0.250366,-0.400513,0.888062
-0.547119,0.070801,0.808350
0.465698,-0.254883,1.057739
-0.223267,-0.312378,0.770508
-0.095459,0.116089,0.993896
0.297852,-0.401245,0.905396
-0.547974,0.064453,0.778931
0.430420,-0.189819,1.064575
-0.209229,-0.304077,0.760376
-0.157471,0.129150,0.996338
0.332642,-0.420776,0.918823
-0.570801,0.026123,0.772827
0.398804,-0.158691,1.053345
-0.178833,-0.300049,0.750000
-0.229858,0.182495,0.980347
0.360352,-0.363159,0.960449
-0.579224,0.000366,0.750977
0.388794,-0.156006,1.064941
-0.173584,-0.326660,0.744263
-0.292114,0.184937,0.943970
0.391846,-0.363159,0.964111
-0.558960,-0.037598,0.747559
0.335083,-0.111206,1.066406
-0.139648,-0.344971,0.765259
-0.343384,0.191284,0.918945
0.396973,-0.350342,0.973511
-0.556641,-0.068726,0.722046
0.291260,-0.081299,1.057373
-0.104492,-0.364380,0.768677
-0.389893,0.193237,0.904053
0.418579,-0.336548,0.984009
-0.537964,-0.071289,0.723633
0.227661,-0.036255,1.052002
-0.057739,-0.376343,0.784546
-0.440308,0.197998,0.881714
0.426392,-0.312012,0.988770
-0.514160,-0.112427,0.719971
0.164185,-0.002441,1.031738
-0.003540,-0.402832,0.794067
-0.490967,0.193237,0.851440
0.436401,-0.286987,1.001953
-0.490967,-0.125977,0.721680
0.097046,0.071655,1.034668
0.068970,-0.422485,0.815063
-0.542480,0.171875,0.827637
0.437256,-0.264282,1.013550
-0.440796,-0.151245,0.730347
0.034424,0.120972,1.030518
0.140503,-0.416992,0.843018
-0.584351,0.158081,0.803223
0.424316,-0.262329,1.000610
-0.347290,-0.257812,0.729126
-0.015381,0.142578,1.017944
0.180420,-0.407471,0.841187
-0.598022,0.157959,0.792847
0.429077,-0.240845,1.000610
-0.297241,-0.301147,0.715088
-0.072632,0.131470,0.990356
0.214844,-0.376953,0.862183
-0.614624,0.113525,0.749023
0.415161,-0.209961,1.017578
-0.252930,-0.334106,0.707397
-0.151123,0.162476,0.967041
0.273438,-0.384888,0.887207
-0.612061,0.083984,0.741943
0.385132,-0.161499,1.022949
-0.199341,-0.337402,0.724609
-0.216064,0.145020,0.938599
0.312866,-0.367310,0.899048
-0.619629,0.082886,0.740234
0.354858,-0.159546,1.017944
-0.148438,-0.363037,0.731812
-0.294067,0.172485,0.905273
0.349976,-0.341064,0.926636
-0.596191,0.025269,0.721069
0.283203,-0.079712,1.014648
-0.109863,-0.374268,0.736694
-0.356079,0.183472,0.888184
0.384277,-0.327148,0.946533
-0.561401,-0.009766,0.721558
0.199463,-0.001953,1.004272
-0.048340,-0.405762,0.758057
-0.443481,0.222168,0.880615
0.403320,-0.296509,0.961914
-0.546021,-0.046021,0.699951
0.134155,0.034546,1.003174
0.046753,-0.401611,0.811035
-0.533691,0.184692,0.838867
0.416504,-0.257324,0.986450
-0.452881,-0.107910,0.706543
0.037231,0.172607,1.024536
0.132324,-0.369385,0.837036
-0.576050,0.138306,0.799072
0.416138,-0.247803,0.986572
-0.363281,-0.206787,0.723755
-0.034546,0.154175,0.982910
0.219971,-0.390015,0.856445
-0.605469,0.151733,0.790894
0.393433,-0.161987,0.999512
-0.250732,-0.282471,0.717163
-0.102417,0.164795,0.962402
0.273071,-0.365967,0.889404
-0.621704,0.100342,0.765991
0.385010,-0.153198,1.012085
-0.166016,-0.363159,0.706055
-0.204224,0.187500,0.925903
0.324829,-0.332153,0.908447
-0.595581,0.080566,0.749390
0.349976,-0.115723,1.017578
-0.105713,-0.389404,0.724854
-0.310303,0.181030,0.874512
0.358032,-0.306885,0.924194
-0.570557,0.022461,0.721680
0.263184,-0.034546,1.007080
-0.051636,-0.400269,0.754150
-0.375366,0.190674,0.870605
0.397339,-0.296021,0.939209
-0.560059,-0.017090,0.696045
0.183228,0.033936,0.996094
0.019531,-0.410522,0.776733
-0.459961,0.197021,0.847290
0.427734,-0.246338,0.977661
-0.488281,-0.051880,0.731445
0.107544,0.097168,1.010864
0.083130,-0.401611,0.802368
-0.538574,0.196045,0.817139
0.437866,-0.227417,0.993530
-0.405762,-0.124023,0.749023
0.023193,0.153076,0.999268
0.150146,-0.377808,0.834595
-0.575806,0.156250,0.781738
0.438721,-0.220825,1.006226
-0.329956,-0.203613,0.741821
-0.026489,0.188599,0.998901
0.212769,-0.370972,0.867676
-0.599976,0.144775,0.772705
0.437378,-0.191895,1.022949
-0.236694,-0.264648,0.747437
-0.105347,0.192627,0.969849
0.268677,-0.374756,0.885132
-0.589478,0.126099,0.745850
0.417114,-0.132202,1.030151
-0.176758,-0.304810,0.740967
-0.161865,0.205933,0.956421
0.325317,-0.402466,0.897705
-0.596069,0.099487,0.748291
0.380371,-0.096436,1.021484
-0.118286,-0.314331,0.754150
-0.218750,0.186646,0.915283
0.359863,-0.380127,0.912354
-0.577881,0.060181,0.752441
0.338379,-0.051025,1.023071
-0.070312,-0.380615,0.740845
-0.306030,0.206665,0.881714
0.402710,-0.337280,0.937500
-0.559326,-0.015625,0.735718
0.284546,-0.056641,0.991455
-0.023438,-0.373169,0.755005
-0.356201,0.166138,0.834473
0.423096,-0.309692,0.955322
-0.527588,-0.080078,0.710938
0.201294,-0.013428,0.998047
0.023926,-0.416260,0.754395
-0.408936,0.184692,0.833252
0.444458,-0.255737,0.972046
-0.488281,-0.094482,0.735840
0.116699,0.027832,0.985962
0.081421,-0.423584,0.798096
-0.479248,0.161987,0.799683
0.446167,-0.219849,0.990356
-0.397705,-0.116333,0.773071
0.022339,0.125977,1.008789
0.160645,-0.439575,0.817261
-0.538452,0.130249,0.769043
0.460938,-0.200073,1.013672
-0.324097,-0.160400,0.754150
-0.065430,0.167114,0.978638
0.249268,-0.447021,0.849487
-0.569702,0.073364,0.745605
0.447876,-0.196777,1.028687
-0.205078,-0.229004,0.780518
-0.163696,0.215942,0.953613
0.322510,-0.409668,0.892822
-0.564819,0.037109,0.756104
0.385254,-0.148438,1.032715
-0.086914,-0.334595,0.782104
-0.247925,0.209717,0.912842
0.361816,-0.361206,0.919434
-0.532837,-0.006470,0.745605
0.329468,-0.097778,1.026367
-0.008423,-0.411743,0.774780
-0.328613,0.192383,0.867188
0.407349,-0.342041,0.938965
-0.525146,-0.072632,0.728638
0.224731,-0.047607,0.992676
0.063843,-0.463867,0.766479
-0.389038,0.157837,0.831543
0.433228,-0.280396,0.973145
-0.467163,-0.119507,0.734863
0.108032,0.043579,0.993652
0.112549,-0.488037,0.776855
-0.456421,0.100830,0.796143
0.448120,-0.263794,0.996216
-0.392578,-0.184692,0.735596
0.017578,0.120117,0.995117
0.193115,-0.443848,0.825073
-0.517212,0.074829,0.761108
0.461060,-0.248535,1.025024
-0.289917,-0.215210,0.766724
-0.085083,0.177979,0.987915
0.270752,-0.443359,0.868896
-0.539673,0.036621,0.742554
0.438110,-0.215210,1.027466
-0.172363,-0.271484,0.797119
-0.176758,0.209839,0.966919
0.335571,-0.423706,0.911987
-0.542969,0.023071,0.756226
0.370117,-0.148438,1.026367
-0.047607,-0.375122,0.792480
-0.242798,0.219360,0.948975
0.382202,-0.385010,0.937500
-0.527466,-0.057129,0.733276
0.311646,-0.116211,1.004272
0.020996,-0.417725,0.792114
-0.304810,0.181274,0.889038
0.425537,-0.327148,0.980957
-0.495728,-0.096436,0.751953
0.218994,-0.073120,1.000732
0.082764,-0.505249,0.779175
-0.377441,0.121704,0.832520
0.452881,-0.290039,0.994873
-0.452637,-0.082642,0.757080
0.128296,0.012329,1.002441
0.144531,-0.503418,0.798584
-0.444824,0.079102,0.799683
0.467041,-0.252563,1.020386
-0.370972,-0.143433,0.782104
0.012451,0.106201,1.008545
0.247559,-0.515625,0.845825
-0.492920,0.028442,0.758179
0.447388,-0.210938,1.039185
-0.246582,-0.209717,0.796875
-0.085938,0.172363,1.001953
0.310547,-0.460205,0.895508
-0.522705,-0.011719,0.749390
0.436890,-0.188354,1.072876
-0.127563,-0.306274,0.796387
-0.167847,0.220581,1.001831
0.373047,-0.401489,0.936646
-0.517212,-0.021240,0.771606
0.375488,-0.181274,1.039429
-0.011353,-0.400513,0.828857
-0.241821,0.190552,0.956055
0.420410,-0.349854,0.978027
-0.482788,-0.073730,0.763062
0.292480,-0.075317,1.050293
0.058838,-0.456787,0.820068
-0.302246,0.114624,0.905640
0.472046,-0.330688,1.022583
-0.454224,-0.105103,0.751099
0.210083,0.001587,1.031128
0.111694,-0.463623,0.831909
-0.366821,0.118164,0.889893
0.486206,-0.285034,1.047241
-0.410278,-0.160156,0.760742
0.130005,0.071899,1.045410
0.192261,-0.477539,0.866333
-0.422852,0.041870,0.820312
0.504761,-0.259644,1.069702
-0.357178,-0.199097,0.757324
0.053467,0.117432,1.044678
0.269043,-0.458740,0.915894
-0.460571,0.004761,0.800049
0.497803,-0.267944,1.089600
-0.261230,-0.264893,0.797241
-0.038208,0.199585,1.050781
0.330811,-0.440918,0.924194
-0.477051,0.026978,0.800903
0.473022,-0.191406,1.103394
-0.164795,-0.292847,0.819458
-0.089233,0.208130,1.043579
0.372192,-0.411011,0.952515
-0.493164,0.016357,0.799683
0.445312,-0.168091,1.094116
-0.065918,-0.321533,0.855103
-0.161255,0.211304,1.026123
0.409180,-0.400879,0.982422
-0.461060,-0.052368,0.800293
0.407593,-0.104736,1.105835
0.034180,-0.364868,0.868042
-0.223267,0.208130,1.006348
0.451050,-0.364258,1.024414
-0.442505,-0.102051,0.781860
0.363770,-0.051758,1.112061
0.072144,-0.378540,0.863892
-0.273560,0.218506,0.999634
0.482666,-0.329346,1.046753
-0.405151,-0.137817,0.801147
0.302490,-0.041992,1.105103
0.114868,-0.389404,0.893433
-0.339722,0.199097,0.965332
0.524170,-0.278442,1.095703
-0.374146,-0.170288,0.812378
0.217896,0.029175,1.107300
0.195801,-0.433960,0.907837
-0.366333,0.112305,0.901978
0.541138,-0.229736,1.116333
-0.309326,-0.188110,0.827026
0.119263,0.097046,1.078491
0.281250,-0.482422,0.930542
-0.416626,0.040405,0.839600
0.544678,-0.217041,1.133057
-0.242920,-0.193970,0.839844
0.039429,0.170654,1.086304
0.349854,-0.429565,0.972290
-0.457886,0.050049,0.836914
0.518677,-0.193970,1.131104
-0.171753,-0.251099,0.857178
-0.036743,0.192139,1.082153
0.416504,-0.391479,1.014404
-0.469116,0.031494,0.843872
0.498047,-0.150513,1.145996
-0.036743,-0.326172,0.876953
-0.122803,0.226440,1.067139
0.459473,-0.349609,1.043823
-0.447754,-0.070557,0.831421
0.437256,-0.089233,1.162720
0.038940,-0.351196,0.879150
-0.188354,0.234619,1.046997
0.501587,-0.301270,1.090576
-0.425293,-0.117065,0.811279
0.371948,-0.037964,1.157959
0.081787,-0.351318,0.912476
-0.259521,0.194336,1.013916
0.541626,-0.267212,1.132202
-0.398926,-0.122681,0.808105
0.283813,0.014771,1.141846
0.181396,-0.425537,0.934082
-0.322266,0.148438,0.958618
0.561035,-0.243286,1.150024
-0.348633,-0.161743,0.823975
0.180908,0.097778,1.117676
0.260376,-0.455688,0.948486
-0.377319,0.090454,0.909790
0.566284,-0.225342,1.152344
-0.267944,-0.206909,0.850098
0.085938,0.167847,1.104980
0.320557,-0.415771,0.970459
-0.411987,0.055786,0.885010
0.540894,-0.175293,1.160156
-0.185669,-0.261597,0.860107
0.014282,0.195679,1.106201
0.371460,-0.382446,0.999146
-0.440918,0.021973,0.854248
0.528687,-0.152710,1.172852
-0.075562,-0.317749,0.897949
-0.069214,0.183594,1.086182
0.409668,-0.355957,1.021973
-0.454590,-0.007446,0.832153
0.501465,-0.136841,1.183228
0.004517,-0.338745,0.898071
-0.142944,0.199219,1.064941
0.458496,-0.318970,1.058716
-0.459717,-0.025513,0.828735
0.445435,-0.099243,1.167114
0.028076,-0.356567,0.901489
-0.211060,0.211670,1.053345
0.504639,-0.272949,1.105469
-0.428101,-0.073486,0.815186
0.363159,-0.028564,1.161865
0.083740,-0.369507,0.926270
-0.286621,0.189575,1.001343
0.554688,-0.275269,1.137085
-0.400879,-0.133057,0.815063
0.275757,0.032471,1.152222
0.140137,-0.385254,0.920532
-0.333862,0.160156,0.945068
0.569702,-0.269653,1.140015
-0.359619,-0.217285,0.805542
0.203491,0.037720,1.119385
0.204590,-0.407593,0.934814
-0.386353,0.141479,0.908691
0.553955,-0.231201,1.132812
-0.315552,-0.222534,0.816162
0.124634,0.075073,1.101440
0.272461,-0.417480,0.970337
-0.417358,0.096680,0.886597
0.549561,-0.186401,1.145264
-0.276367,-0.204834,0.830811
0.047729,0.130981,1.094360
0.319946,-0.427734,0.978271
-0.449585,0.028320,0.863647
0.551025,-0.187012,1.168945
-0.181396,-0.261963,0.835083
-0.049683,0.181274,1.068848
0.361572,-0.390015,0.978394
-0.457642,-0.001221,0.838867
0.510254,-0.173096,1.151245
-0.115967,-0.297241,0.839600
-0.092896,0.175171,1.058350
0.386230,-0.366089,0.983521
-0.481445,-0.005005,0.825684
0.488770,-0.158081,1.146606
-0.076416,-0.354858,0.819702
-0.182495,0.179932,1.026611
0.413818,-0.334839,1.007935
-0.490356,-0.033203,0.806274
0.442261,-0.112061,1.159790
-0.050293,-0.335938,0.842651
-0.248779,0.198608,1.002197
0.436157,-0.310425,1.033325
-0.481445,-0.076660,0.786255
0.379761,-0.083008,1.143311
-0.018433,-0.351318,0.842041
-0.292847,0.197144,0.991333
0.450439,-0.294434,1.048462
-0.485718,-0.081665,0.779907
0.317993,-0.078125,1.110474
0.026001,-0.372192,0.858276
-0.312988,0.156006,0.942383
0.466431,-0.273193,1.059082
-0.466919,-0.074341,0.767212
0.244995,-0.020630,1.099121
0.071167,-0.412109,0.865845
-0.378296,0.136108,0.917114
0.492676,-0.276123,1.073853
-0.436646,-0.100952,0.767090
0.166138,0.043335,1.080933
0.127808,-0.396851,0.877808
-0.438354,0.121094,0.889771
0.487671,-0.257812,1.077271
-0.397583,-0.166260,0.769775
0.095337,0.081055,1.054321
0.178589,-0.401855,0.883911
-0.478882,0.080933,0.843262
0.486938,-0.247314,1.087891
-0.336304,-0.244507,0.764160
0.011963,0.113770,1.041504
0.220215,-0.385864,0.889893
-0.505493,0.078857,0.826416
0.486938,-0.237793,1.085693
-0.255737,-0.301880,0.773315
-0.053345,0.117310,1.009399
0.259766,-0.373535,0.898315
-0.531616,0.046143,0.781250
0.462769,-0.213379,1.077271
-0.209106,-0.326172,0.764160
-0.129150,0.140259,1.000366
0.315674,-0.380493,0.929932
-0.555786,0.013550,0.761597
0.430176,-0.172974,1.085083
-0.180664,-0.349243,0.740967
-0.220825,0.178955,0.978516
0.357788,-0.345459,0.949219
-0.555054,-0.015259,0.753418
0.360596,-0.150269,1.059692
-0.142944,-0.349487,0.765991
-0.289062,0.151001,0.930664
0.389648,-0.328491,0.986328
-0.556030,-0.040649,0.732544
0.311523,-0.083618,1.072876
-0.083496,-0.353271,0.791992
-0.380249,0.175415,0.901978
0.406372,-0.350708,0.979126
-0.526367,-0.094727,0.729736
0.249512,-0.038330,1.068604
-0.032837,-0.376099,0.790894
-0.446777,0.208008,0.868530
0.489624,-0.250732,1.072021
-0.498169,-0.099365,0.741089
0.091797,0.076416,1.070435
0.025879,-0.389771,0.815308
-0.507690,0.119751,0.834229
0.488281,-0.237793,1.070435
-0.304443,-0.268066,0.773071
0.020142,0.090576,1.047241
0.236816,-0.398804,0.905029
-0.505127,0.075195,0.821533
0.478394,-0.210449,1.084839
-0.250610,-0.294800,0.763062
-0.048340,0.130981,1.035645
0.278198,-0.386230,0.916992
-0.537842,0.042725,0.804932
0.472168,-0.255615,1.078003
-0.195801,-0.368042,0.756714
-0.111206,0.128906,0.999146
0.287964,-0.343506,0.914429
-0.549683,0.029907,0.774536
0.469360,-0.227051,1.092773
-0.191772,-0.372925,0.742310
-0.189331,0.142700,0.973145
0.342773,-0.348389,0.937744
-0.557983,0.017456,0.758057
0.394531,-0.166992,1.079224
-0.167603,-0.381592,0.757935
-0.250366,0.140869,0.958252
0.377930,-0.358154,0.960083
-0.575928,0.017090,0.737183
0.323242,-0.098877,1.065552
-0.114624,-0.350586,0.796021
-0.290771,0.130737,0.935791
0.381348,-0.339355,0.970947
-0.552612,0.012329,0.744141
0.288330,-0.054321,1.063354
-0.083252,-0.322998,0.795532
-0.375122,0.182007,0.913208
0.409180,-0.363525,0.975342
-0.527588,-0.081909,0.723511
0.239258,-0.036377,1.051025
-0.052124,-0.364868,0.788086
-0.440552,0.202393,0.871460
0.418701,-0.332275,0.998657
-0.505737,-0.155762,0.708984
0.192505,-0.010864,1.051758
0.011353,-0.403931,0.796021
-0.501831,0.229858,0.867432
0.438232,-0.306030,1.006470
-0.486694,-0.156250,0.720947
0.130493,0.017334,1.034180
0.064941,-0.406738,0.809937
-0.529541,0.206421,0.841431
0.430298,-0.259155,1.005371
-0.441284,-0.191406,0.725708
0.050049,0.061768,1.028564
0.134521,-0.448975,0.835815
-0.559448,0.147217,0.809692
0.421021,-0.228394,1.009277
-0.369507,-0.200684,0.732422
-0.022827,0.135254,1.017090
0.197876,-0.431274,0.867920
-0.586792,0.099731,0.781616
0.419556,-0.214844,1.015991
-0.308716,-0.261230,0.710327
-0.104980,0.161621,0.984253
0.257080,-0.419922,0.877563
-0.609131,0.076050,0.755737
0.400879,-0.163452,1.039917
-0.226929,-0.349487,0.690918
-0.170654,0.152954,0.972046
0.294067,-0.378174,0.878662
-0.624634,0.088257,0.740601
0.383179,-0.196899,1.015625
-0.162476,-0.369629,0.729248
-0.272217,0.187134,0.924438
0.320679,-0.312866,0.931152
-0.609741,-0.002319,0.709229
0.320068,-0.117310,1.033813
-0.135986,-0.398193,0.715454
-0.333496,0.199951,0.911133
0.367920,-0.316040,0.941650
-0.607422,0.001831,0.696045
0.236816,-0.064209,1.004639
-0.033691,-0.416138,0.761230
-0.431030,0.219360,0.885010
0.392700,-0.297485,0.965088
-0.550049,-0.079590,0.687500
0.138550,0.037598,1.000610
0.023438,-0.401489,0.794678
-0.500000,0.173828,0.842285
0.415405,-0.261475,0.984253
-0.487305,-0.085083,0.724487
0.068604,0.113037,1.014771
0.107178,-0.422241,0.808838
-0.559937,0.199341,0.836182
0.423828,-0.212891,1.000366
-0.389404,-0.168457,0.732056
-0.021118,0.151611,0.999634
0.188354,-0.431763,0.845337
-0.606934,0.171265,0.794678
0.424683,-0.187256,1.021973
-0.301636,-0.234253,0.734619
-0.093384,0.190674,0.980225
0.236938,-0.395996,0.869019
-0.615967,0.117554,0.769653
0.418945,-0.156250,1.035034
-0.223389,-0.289307,0.723145
-0.168579,0.211182,0.963257
0.289673,-0.355713,0.893066
-0.618774,0.075195,0.747314
0.401855,-0.193237,1.011230
-0.159058,-0.339600,0.735229
-0.232300,0.226440,0.919800
0.339355,-0.338623,0.902222
-0.616577,0.084473,0.737915
0.343384,-0.152710,0.999146
-0.099365,-0.396484,0.739746
-0.287720,0.179321,0.882812
0.368774,-0.314331,0.920044
-0.585693,0.093384,0.717041
0.286011,-0.047363,0.993408
-0.052490,-0.392578,0.743774
-0.359253,0.154785,0.856567
0.403442,-0.318481,0.933960
-0.571167,0.028809,0.695190
0.216431,0.015015,0.990723
0.004272,-0.404053,0.763916
-0.414673,0.180908,0.849243
0.408569,-0.285767,0.948975
-0.546265,-0.038330,0.708374
0.158203,0.044434,1.010742
0.039185,-0.413208,0.782471
-0.474121,0.201294,0.832031
0.434814,-0.256592,0.972046
-0.482056,-0.069214,0.743652
0.084106,0.076782,1.006836
0.110229,-0.413330,0.821777
-0.530762,0.168701,0.796143
0.434814,-0.182007,1.000732
-0.402100,-0.128296,0.730591
0.030273,0.130615,1.010254
0.181519,-0.428711,0.836914
-0.579834,0.147095,0.784058
0.429443,-0.186768,0.999146
-0.277222,-0.206543,0.749512
-0.077515,0.193970,0.986328
0.261719,-0.405396,0.874268
-0.585083,0.114746,0.768921
0.402832,-0.133423,1.017578
-0.182251,-0.286133,0.755859
-0.163940,0.183105,0.950806
0.329224,-0.391602,0.906982
-0.581421,0.064819,0.753662
0.377197,-0.114014,1.025879
-0.104248,-0.354492,0.744873
-0.250732,0.184814,0.893311
0.371948,-0.329224,0.939087
-0.545532,0.020508,0.760986
0.305664,-0.050781,1.002563
-0.032593,-0.406494,0.736572
-0.339355,0.177612,0.851440
0.409912,-0.316528,0.952026
-0.521484,-0.038696,0.740845
0.229736,-0.020752,0.997681
0.028320,-0.423462,0.772583
-0.424927,0.165161,0.817749
0.439819,-0.287720,0.967529
-0.478149,-0.077026,0.750610
0.125488,0.040161,1.000000
0.087769,-0.434326,0.792847
-0.499146,0.161987,0.793945
0.449219,-0.233276,0.986938
-0.368408,-0.111328,0.775024
0.020264,0.165161,1.024292
0.174194,-0.426880,0.833130
-0.559082,0.086548,0.758667
0.436157,-0.234619,1.003296
-0.274536,-0.213135,0.769043
-0.075439,0.204834,0.997192
0.262817,-0.395630,0.882568
-0.580078,0.050049,0.738770
0.417969,-0.197266,1.023682
-0.152954,-0.314209,0.772217
-0.164917,0.227783,0.974854
0.321655,-0.347168,0.914673
-0.563965,0.035400,0.744751
0.373901,-0.159912,1.023315
-0.069458,-0.412598,0.757202
-0.234619,0.184814,0.918457
0.372437,-0.319946,0.937256
-0.542603,-0.019409,0.739624
0.314697,-0.101074,1.006104
-0.009644,-0.416870,0.778809
-0.305786,0.147705,0.865601
0.415161,-0.300659,0.963745
-0.510620,-0.001953,0.751099
0.228516,-0.024414,1.008423
0.027100,-0.444702,0.764160
-0.364502,0.106201,0.829224
0.460571,-0.319580,0.972168
-0.494019,-0.062500,0.736816
0.159180,0.057129,1.014893
0.086060,-0.440063,0.782837
-0.438965,0.124756,0.805542
0.467773,-0.328857,0.978760
-0.447876,-0.154663,0.740967
0.098022,0.040283,0.997192
0.141846,-0.447510,0.802856
-0.466797,0.108032,0.782715
0.458862,-0.224243,1.017212
-0.368408,-0.182129,0.763062
0.012329,0.094971,1.005737
0.210449,-0.502319,0.835083
-0.501709,0.035400,0.740234
0.459717,-0.212524,1.028809
-0.306763,-0.182739,0.755249
-0.063354,0.180298,1.017578
0.295532,-0.466797,0.890381
-0.539917,0.024658,0.753052
0.430542,-0.218018,1.026123
-0.219971,-0.236328,0.780884
-0.118652,0.215942,1.010010
0.342529,-0.437378,0.924805
-0.540405,-0.002563,0.760620
0.404053,-0.195679,1.037354
-0.130127,-0.281982,0.802002
-0.164429,0.205933,0.987915
0.362793,-0.415405,0.939453
-0.531006,-0.040161,0.763428
0.391113,-0.174927,1.042236
-0.054932,-0.340454,0.824463
-0.226685,0.213379,0.966675
0.393066,-0.342773,0.964111
-0.514526,-0.070190,0.758057
0.354736,-0.164673,1.041626
0.018799,-0.447754,0.802490
-0.254395,0.176514,0.937134
0.423950,-0.335693,0.980103
-0.495972,-0.034302,0.767090
0.303589,-0.108398,1.045166
0.071899,-0.493042,0.816895
-0.307861,0.138428,0.903442
0.450806,-0.317749,1.001953
-0.466187,-0.071045,0.764771
0.248535,-0.040405,1.045654
0.099854,-0.462646,0.822021
-0.366455,0.136108,0.891724
0.470337,-0.311646,1.019165
-0.437988,-0.130615,0.757812
0.205566,-0.005615,1.054932
0.137329,-0.464355,0.837769
-0.405518,0.128540,0.861328
0.494507,-0.292358,1.045288
-0.399170,-0.182373,0.765381
0.135132,0.034912,1.056885
0.202271,-0.469849,0.871826
-0.429565,0.099609,0.829590
0.500977,-0.260742,1.056274
-0.343018,-0.209595,0.773315
0.076172,0.062866,1.042114
0.271606,-0.484985,0.901123
-0.456787,0.075439,0.804565
0.490234,-0.206177,1.060791
-0.258911,-0.179443,0.834473
0.002319,0.128906,1.056152
0.319336,-0.471436,0.936523
-0.477417,0.024170,0.793701
0.481201,-0.178833,1.093628
-0.196899,-0.225464,0.828979
-0.074463,0.177734,1.044189
0.376221,-0.434570,0.976074
-0.490234,-0.006470,0.797241
0.447144,-0.110718,1.124146
-0.080444,-0.290161,0.845337
-0.138550,0.217163,1.051758
0.433105,-0.423828,1.002930
-0.475586,-0.060669,0.791138
0.404419,-0.080200,1.119019
0.041504,-0.364258,0.858032
-0.213989,0.228027,1.013794
0.480469,-0.343994,1.043823
-0.432739,-0.107056,0.791260
0.340942,-0.061890,1.114258
0.060059,-0.388916,0.868164
-0.277344,0.180298,0.982544
0.521851,-0.299683,1.086182
-0.411255,-0.102417,0.804077
0.251465,0.000977,1.099731
0.164185,-0.451538,0.899292
-0.345947,0.123291,0.921631
0.523804,-0.232178,1.116211
-0.345215,-0.175293,0.807495
0.168823,0.066528,1.089233
0.263550,-0.481812,0.913818
-0.409058,0.064697,0.853394
0.542114,-0.194092,1.146362
-0.259399,-0.210938,0.826660
0.052734,0.162842,1.088379
0.346069,-0.485229,0.961182
-0.459351,0.056641,0.844116
0.531128,-0.189087,1.140381
-0.156250,-0.238647,0.870605
-0.039795,0.228271,1.093994
0.401733,-0.416138,1.012939
-0.473511,0.005371,0.819580
0.493164,-0.154541,1.148926
-0.030396,-0.306030,0.901001
-0.107300,0.239502,1.094727
0.426758,-0.365479,1.016968
-0.465332,-0.015503,0.831665
0.477661,-0.145020,1.158325
0.028564,-0.368164,0.891968
-0.150879,0.230835,1.064453
0.462891,-0.302002,1.060059
-0.444458,-0.049805,0.816895
0.422119,-0.099243,1.155273
0.052124,-0.371948,0.901733
-0.210938,0.222412,1.052856
0.500122,-0.275146,1.102173
-0.429199,-0.083862,0.812134
0.362183,-0.038208,1.154541
0.095459,-0.407104,0.912842
-0.275757,0.188965,1.012695
0.542358,-0.275879,1.132446
-0.406616,-0.106079,0.815308
0.292480,0.034546,1.147217
0.175903,-0.412354,0.937500
-0.317261,0.164307,0.990723
0.551025,-0.273193,1.139404
-0.358521,-0.170166,0.804077
0.240723,0.078613,1.145508
0.216919,-0.407471,0.957031
-0.370361,0.130981,0.946289
0.575195,-0.259155,1.152344
-0.316650,-0.192627,0.825562
0.171875,0.132080,1.140625
0.261475,-0.418579,0.961548
-0.385620,0.078735,0.907959
0.571289,-0.222412,1.160645
-0.288574,-0.206055,0.831665
0.117188,0.138062,1.118896
0.307251,-0.411987,0.970459
-0.430664,0.098999,0.889893
0.552734,-0.223389,1.153931
-0.241211,-0.258789,0.847412
0.065796,0.139771,1.109985
0.351562,-0.399292,0.985596
-0.443726,0.087036,0.868408
0.539551,-0.158813,1.151001
-0.169556,-0.283569,0.851196
-0.004517,0.157593,1.097168
0.370239,-0.397217,1.005981
-0.455200,0.005005,0.855347
0.529297,-0.123901,1.187500
-0.087891,-0.309814,0.850098
-0.088989,0.216919,1.083984
0.413330,-0.369873,1.024292
-0.469482,-0.045288,0.833374
0.493774,-0.139893,1.175415
-0.057373,-0.342651,0.840332
-0.138550,0.205444,1.053589
0.430054,-0.319946,1.037231
-0.471191,-0.052979,0.810059
0.459351,-0.107910,1.175659
-0.025146,-0.347290,0.854614
-0.218994,0.207764,1.030884
0.458618,-0.296875,1.062988
-0.463501,-0.075317,0.804810
0.392822,-0.080200,1.155396
0.033447,-0.349854,0.893921
-0.292969,0.200806,0.983887
0.488281,-0.246704,1.092041
-0.429443,-0.119995,0.779053
0.290771,-0.047852,1.127808
0.105835,-0.405396,0.900513
-0.358643,0.161377,0.936401
0.520630,-0.271729,1.093994
-0.375244,-0.173950,0.791748
0.181519,0.047485,1.103516
0.177856,-0.406738,0.917114
-0.414673,0.111450,0.881348
0.516357,-0.226807,1.105957
-0.330078,-0.218994,0.785767
0.104370,0.118774,1.086426
0.243408,-0.381226,0.939575
-0.473999,0.080566,0.853516
0.504150,-0.246338,1.098999
-0.255005,-0.302979,0.799683
0.020264,0.138062,1.080322
0.271973,-0.368774,0.931396
-0.492310,0.056030,0.813721
0.485840,-0.192749,1.099487
-0.176270,-0.327515,0.805664
-0.077148,0.126343,1.026733
0.331421,-0.375732,0.949341
-0.513428,0.018188,0.791748
0.450928,-0.139160,1.122070
-0.139404,-0.339722,0.795532
-0.173340,0.157593,1.009399
0.373779,-0.371948,0.969849
-0.517822,-0.026001,0.772095
0.415649,-0.112549,1.130005
-0.127441,-0.334961,0.786499
-0.248169,0.186890,0.984863
0.415771,-0.325562,1.013794
-0.532837,-0.066528,0.756104
0.334717,-0.101196,1.107544
-0.064087,-0.365845,0.802368
-0.332153,0.194946,0.944458
0.451538,-0.347168,1.009888
-0.503540,-0.068115,0.767944
0.255371,-0.050537,1.085083
0.010376,-0.378662,0.827759
-0.404297,0.167603,0.899414
0.443115,-0.289062,1.039673
-0.456299,-0.148804,0.742920
0.164062,0.019653,1.061157
0.092041,-0.406006,0.852539
-0.486816,0.147705,0.856934
0.463501,-0.255371,1.041626
-0.406372,-0.192627,0.740356
0.041504,0.116577,1.053833
0.178101,-0.414917,0.868652
-0.528564,0.079224,0.821167
0.460571,-0.251221,1.053833
-0.293701,-0.274414,0.759399
-0.046021,0.129883,1.005615
0.227905,-0.355957,0.888672
-0.562256,0.026978,0.762329
0.438843,-0.243896,1.047119
-0.213989,-0.363159,0.739990
-0.137085,0.128540,0.961182
0.276733,-0.333618,0.906250
-0.572266,0.026001,0.743774
0.398315,-0.217041,1.045654
-0.177979,-0.413574,0.733398
-0.239746,0.151489,0.950928
0.349487,-0.352661,0.935669
-0.576294,0.012695,0.735352
0.318604,-0.117188,1.045654
-0.124390,-0.354004,0.778809
-0.332397,0.140503,0.904297
0.372314,-0.335449,0.959595
-0.556030,-0.048340,0.712646
-0.486694,-0.147339,0.716919
0.074219,0.055054,1.014160
0.118286,-0.434204,0.832886
-0.563599,0.173828,0.818970
0.413330,-0.227539,0.997437
-0.384766,-0.170410,0.738770
-0.015747,0.101562,1.004883
0.191406,-0.417969,0.860962
-0.594238,0.124268,0.786255
0.416748,-0.180298,1.023438
-0.275635,-0.279785,0.708374
-0.125610,0.164062,0.980591
0.260254,-0.413452,0.876099
-0.600952,0.069702,0.748169
0.387817,-0.141479,1.033325
-0.200195,-0.328003,0.705200
-0.236694,0.191040,0.935669
0.329346,-0.377686,0.914185
-0.616699,0.043213,0.731445
0.341553,-0.137451,1.026611
-0.145630,-0.374512,0.726807
-0.318726,0.188599,0.909180
0.355957,-0.321899,0.936157
-0.591187,0.019409,0.711914
0.253784,-0.061646,1.013672
-0.071899,-0.376343,0.769653
-0.422363,0.193726,0.864258
0.391235,-0.291382,0.956543
-0.548584,-0.047852,0.704102
0.144775,0.035767,0.997925
0.028198,-0.387573,0.803955
-0.510620,0.192017,0.843384
0.414307,-0.250977,0.988892
-0.456543,-0.120728,0.723145
0.042969,0.150391,1.010986
0.107910,-0.383057,0.812744
-0.566650,0.142456,0.804443
0.428223,-0.217285,1.015869
-0.346313,-0.197388,0.726562
-0.019653,0.195435,1.010620
0.169067,-0.360840,0.844604
-0.607910,0.118408,0.748901
0.440186,-0.226196,1.011230
-0.251709,-0.298462,0.722778
-0.113647,0.182739,0.979248
0.250732,-0.363525,0.881958
-0.615112,0.120972,0.733398
0.411987,-0.172119,1.012573
-0.184326,-0.326416,0.734131
-0.192017,0.175171,0.943970
0.315918,-0.365845,0.894897
-0.610718,0.109863,0.746582
0.373901,-0.100952,1.024658
-0.139282,-0.349976,0.722656
-0.270508,0.178223,0.901855
0.370117,-0.355347,0.932007
-0.589355,0.047729,0.734131
0.296753,-0.067383,1.003662
-0.092529,-0.379272,0.720215
-0.360107,0.182617,0.865234
0.408691,-0.303833,0.955933
-0.540527,-0.020630,0.728149
0.185913,0.018555,0.995972
-0.023315,-0.395874,0.751953
-0.446289,0.193481,0.840698
0.439331,-0.287720,0.975464
-0.483887,-0.064941,0.740845
0.092041,0.110840,1.013916
0.074829,-0.404297,0.793823
-0.524780,0.176392,0.816650
0.435791,-0.224121,0.999390
-0.385010,-0.146362,0.744263
0.012085,0.165649,1.006470
0.168701,-0.389526,0.830322
-0.581787,0.148560,0.781128
0.432983,-0.196533,1.008423
-0.260010,-0.239502,0.757690
-0.086670,0.179443,0.978516
0.246338,-0.355103,0.875488
-0.602905,0.129028,0.739990
0.424683,-0.151001,1.026733
-0.153931,-0.296021,0.765503
-0.166138,0.205322,0.946777
0.312012,-0.346313,0.895508
-0.591309,0.079224,0.748901
0.374268,-0.137085,1.016113
-0.093384,-0.399170,0.751953
-0.222778,0.179321,0.911133
0.353271,-0.311157,0.921753
-0.591919,0.107422,0.749878
0.334717,-0.085693,1.010498
-0.044312,-0.391113,0.772461
-0.284668,0.136353,0.876587
0.388550,-0.316650,0.943726
-0.581787,0.047607,0.720825
0.264648,-0.006348,0.990601
0.002563,-0.403320,0.755371
-0.359619,0.173096,0.854980
0.432861,-0.348511,0.954590
-0.526611,-0.039795,0.737305
0.184814,0.024902,0.980835
0.021851,-0.393921,0.757935
-0.411743,0.166748,0.831177
0.447754,-0.294678,0.979614
-0.479248,-0.095581,0.755127
0.127075,0.086060,1.006470
0.066406,-0.421997,0.783325
-0.453857,0.139282,0.804810
0.448608,-0.270508,0.973999
-0.441528,-0.112305,0.744629
0.086670,0.101685,1.019653
0.130615,-0.461792,0.807983
-0.528809,0.151978,0.782837
0.444702,-0.226440,0.996704
-0.375977,-0.120239,0.757446
0.015503,0.138062,1.003662
0.187744,-0.439697,0.841431
-0.553833,0.098389,0.753540
0.445435,-0.196045,1.010620
-0.299683,-0.159424,0.778076
-0.048340,0.173462,1.006226
0.241211,-0.454346,0.860107
-0.571045,0.079834,0.738037
0.446899,-0.198730,1.026489
-0.222046,-0.212646,0.787720
-0.129761,0.213379,0.985474
0.293701,-0.422974,0.887207
-0.566772,0.045166,0.752930
0.416504,-0.189819,1.019165
-0.132324,-0.294189,0.789917
-0.198120,0.216187,0.950073
0.332397,-0.375000,0.917725
-0.553955,0.030151,0.768921
0.389771,-0.152588,1.037231
-0.054199,-0.377075,0.798584
-0.229370,0.165527,0.920654
0.355469,-0.353516,0.927246
-0.556519,0.021118,0.746094
0.347778,-0.151855,1.008057
0.012695,-0.425781,0.802002
-0.279175,0.172852,0.900146
0.392944,-0.335571,0.943115
-0.543091,-0.042847,0.721558
0.276123,-0.101074,0.997437
0.047729,-0.452393,0.792358
-0.341919,0.151245,0.879395
0.428467,-0.343506,0.960327
-0.495483,-0.092407,0.727417
0.200684,-0.016968,1.008179
0.079468,-0.489258,0.778198
-0.384033,0.154053,0.863770
0.457397,-0.323120,0.982910
-0.471802,-0.092651,0.748657
0.134644,0.017456,1.003906
0.107910,-0.484741,0.802490
-0.411133,0.088745,0.822144
0.477661,-0.268921,1.016724
-0.425903,-0.146606,0.748169
0.081543,0.094116,1.007812
0.171997,-0.458374,0.828979
-0.452515,0.064209,0.806519
0.493896,-0.313232,1.024292
-0.392700,-0.196411,0.739624
0.008179,0.124878,1.004517
0.233154,-0.476562,0.845947
-0.472168,0.035767,0.777466
0.475586,-0.258423,1.046021
-0.315552,-0.213623,0.780884
-0.048096,0.142334,0.999390
0.285034,-0.471558,0.882568
-0.506714,0.003174,0.746460
0.452148,-0.217896,1.056030
-0.230713,-0.226807,0.807007
-0.080566,0.151855,1.003174
0.329834,-0.447998,0.917114
-0.525024,0.027710,0.759033
0.429443,-0.151123,1.076416
-0.142456,-0.273193,0.817627
-0.143066,0.172241,1.008667
0.375732,-0.451782,0.943848
-0.517700,-0.008789,0.761719
0.395508,-0.139526,1.056030
-0.043945,-0.330688,0.834839
-0.213745,0.203369,0.980957
0.412231,-0.399658,0.963501
-0.474609,-0.084961,0.768921
0.348633,-0.089478,1.075317
0.038086,-0.416138,0.828735
-0.277344,0.189697,0.955566
0.464233,-0.376587,0.998535
-0.455322,-0.122681,0.768188
0.280029,-0.059204,1.057495
0.076172,-0.413818,0.843628
-0.318481,0.125366,0.911865
0.499512,-0.318237,1.054321
-0.414917,-0.154907,0.774658
0.200439,0.025757,1.053101
0.132202,-0.422607,0.854736
-0.367920,0.108887,0.890747
0.530396,-0.284424,1.088501
-0.390259,-0.178711,0.777222
0.111572,0.064819,1.041992
0.220581,-0.454346,0.877686
-0.389893,0.052002,0.852783
0.523315,-0.252441,1.093018
-0.312134,-0.203369,0.804688
0.048828,0.097900,1.049194
0.305786,-0.464478,0.927979
-0.436035,0.041870,0.824829
0.488281,-0.200195,1.092773
-0.216553,-0.250366,0.844238
-0.033447,0.154419,1.050903
0.375122,-0.424561,0.983154
-0.467773,0.033081,0.816528
0.464844,-0.117310,1.115601
-0.106812,-0.266724,0.868286
-0.107788,0.184326,1.050659
0.417847,-0.411133,1.011841
-0.467529,-0.050659,0.801147
0.435913,-0.090576,1.134399
0.020142,-0.332520,0.874878
-0.200195,0.236450,1.037720
0.475830,-0.353516,1.049683
-0.432495,-0.115845,0.805908
0.366211,-0.072388,1.132324
0.076172,-0.375610,0.889526
-0.268311,0.211182,1.005615
0.513184,-0.271240,1.093140
-0.389648,-0.127075,0.822632
0.271484,-0.000122,1.114380
0.168335,-0.432983,0.911621
-0.339233,0.134155,0.934448
0.532959,-0.232544,1.109985
-0.323608,-0.170776,0.822021
0.159058,0.071533,1.093262
0.279663,-0.446167,0.953857
-0.414307,0.068970,0.865112
0.540039,-0.185425,1.145508
-0.235596,-0.219238,0.825439
0.054443,0.167603,1.096802
0.359985,-0.427124,0.989380
-0.462402,0.036865,0.845581
0.531616,-0.167114,1.159790
-0.141357,-0.250732,0.863403
-0.057007,0.236572,1.102417
0.436768,-0.379883,1.028198
-0.455933,0.012207,0.847534
0.484253,-0.125122,1.153809
0.006470,-0.361694,0.894287
-0.139648,0.212891,1.074219
0.460205,-0.336426,1.056641
-0.453979,-0.022339,0.815552
0.420288,-0.072144,1.162476
0.049683,-0.361938,0.916016
-0.216187,0.234131,1.070312
0.511108,-0.286621,1.115479
-0.424683,-0.091187,0.813354
0.168579,0.052002,1.076416
0.111084,-0.369507,0.925659
-0.392090,0.061523,0.853394
0.539795,-0.222412,1.119019
-0.362915,-0.157593,0.818726
0.082764,0.144287,1.087158
0.301270,-0.429932,0.946777
-0.457031,0.061401,0.830200
0.536011,-0.227051,1.125244
-0.200439,-0.276367,0.839844
-0.000977,0.182129,1.085205
0.362549,-0.388184,0.988525
-0.452148,0.041138,0.829224
0.520386,-0.182251,1.134399
-0.107788,-0.281616,0.882935
-0.079102,0.176880,1.060913
0.425537,-0.358154,1.042236
-0.465332,-0.013550,0.814331
0.478027,-0.100098,1.158936
0.035278,-0.346191,0.899536
-0.160522,0.225952,1.058472
0.453369,-0.315186,1.056519
-0.453857,-0.044434,0.821899
0.424072,-0.082642,1.151489
0.040283,-0.397095,0.891235
-0.205322,0.169067,1.031128
0.507202,-0.269897,1.110474
-0.445435,-0.054565,0.804565
0.336426,-0.012573,1.144531
0.138916,-0.423218,0.927490
-0.272949,0.143555,1.010986
0.542358,-0.239990,1.153076
-0.405762,-0.111206,0.809448
0.255981,0.034912,1.120972
0.209229,-0.440308,0.922852
-0.343384,0.159424,0.962524
0.579590,-0.255615,1.154175
-0.332031,-0.164795,0.827393
0.147583,0.100220,1.106079
0.265625,-0.422241,0.964478
-0.382812,0.081299,0.895996
0.587158,-0.216309,1.180420
-0.260498,-0.243042,0.828125
0.054443,0.166382,1.080200
0.325562,-0.394775,0.981934
-0.418823,0.031250,0.874878
0.565918,-0.194092,1.182983
-0.187744,-0.254883,0.869751
0.019165,0.190674,1.104614
0.369751,-0.377808,0.992310
-0.463867,0.062744,0.871460
0.539429,-0.213745,1.165405
-0.094727,-0.351685,0.878906
-0.048340,0.202271,1.097534
0.401245,-0.365479,0.999634
-0.480469,0.057251,0.845703
0.510498,-0.164917,1.166138
-0.018188,-0.377686,0.881592
-0.110718,0.177002,1.076172
0.431152,-0.335938,1.049561
-0.465210,0.003784,0.836548
0.465088,-0.117676,1.158813
-0.016846,-0.343994,0.880981
-0.164795,0.191650,1.066772
0.464844,-0.333130,1.065063
-0.457397,-0.038452,0.833862
0.441895,-0.072021,1.171997
0.014526,-0.293213,0.894531
-0.232056,0.240845,1.045898
0.491699,-0.310913,1.087891
-0.443726,-0.087769,0.817139
0.376343,-0.061157,1.154663
0.036621,-0.318359,0.900879
-0.267212,0.198242,1.010986
0.523804,-0.281006,1.112427
-0.431274,-0.108032,0.797974
0.315308,-0.018677,1.156372
0.090088,-0.362183,0.899048
-0.309692,0.159302,0.963623
0.530151,-0.279785,1.105469
-0.409424,-0.135376,0.801270
0.251343,-0.008057,1.130615
0.157349,-0.401855,0.917358
-0.374512,0.151978,0.922729
0.537720,-0.260132,1.116455
-0.354858,-0.187256,0.804688
0.161987,0.044312,1.104248
0.227417,-0.411377,0.928833
-0.427124,0.125488,0.889404
0.530396,-0.225098,1.121338
-0.307983,-0.228149,0.813721
0.075195,0.069702,1.079346
0.262329,-0.397339,0.937500
-0.457397,0.089355,0.861938
0.527588,-0.186401,1.131104
-0.224243,-0.278564,0.815552
-0.007446,0.113525,1.056274
0.296143,-0.380615,0.947632
-0.479248,0.056641,0.839233
0.500610,-0.183472,1.122314
-0.151978,-0.328613,0.813232
-0.082397,0.158813,1.045898
0.355957,-0.384766,0.960083
-0.498535,0.013428,0.807373
0.467896,-0.161987,1.121582
-0.127319,-0.313232,0.797852
-0.160156,0.172241,1.021606
0.379150,-0.346924,0.985840
-0.511719,-0.053711,0.788330
0.419678,-0.154419,1.118896
-0.094604,-0.339844,0.806641
-0.245728,0.202759,0.990967
0.412109,-0.311279,1.002197
-0.520996,-0.039429,0.773682
0.365601,-0.124023,1.109863
-0.050049,-0.361450,0.819580
-0.297607,0.151001,0.928711
0.430542,-0.284058,1.021973
-0.499268,-0.049072,0.760498
0.277100,-0.066528,1.090820
0.033447,-0.431030,0.835083
-0.386963,0.163330,0.907349
0.439575,-0.275879,1.040894
-0.469238,-0.112915,0.764526
0.184570,0.010498,1.070923
0.091553,-0.413818,0.860352
-0.454834,0.140259,0.867065
0.457275,-0.235352,1.058472
-0.436890,-0.182373,0.738892
0.091309,0.099487,1.056030
0.151245,-0.413818,0.873657
-0.504028,0.087036,0.843384
0.475098,-0.264160,1.061401
-0.336426,-0.225586,0.762817
-0.007690,0.141968,1.025635
0.207642,-0.394531,0.877441
-0.531128,0.056152,0.806152
0.457153,-0.235962,1.058472
-0.269775,-0.282349,0.747437
-0.073364,0.150513,1.018921
0.261108,-0.411865,0.881714
-0.552490,0.052979,0.784058
0.431519,-0.196899,1.060181
-0.220337,-0.325073,0.732056
-0.151978,0.162598,0.973633
0.304688,-0.353271,0.917114
-0.586792,0.016724,0.755859
0.408203,-0.229248,1.037842
-0.180786,-0.369629,0.735840
-0.225464,0.178101,0.964355
0.335327,-0.325073,0.936646
-0.593384,0.010010,0.728027
0.353027,-0.167847,1.042847
-0.126953,-0.403198,0.755249
-0.320435,0.193237,0.932129
0.370483,-0.330444,0.948853
-0.581909,-0.003540,0.732788
0.275146,-0.087158,1.034302
-0.073853,-0.367432,0.793945
-0.400146,0.175537,0.897095
0.403442,-0.327148,0.979248
-0.529663,-0.057617,0.716919
0.176880,0.018066,1.029663
-0.029785,-0.398315,0.773193
-0.458374,0.152222,0.846436
0.418823,-0.290405,1.001343
-0.487549,-0.138550,0.710938
0.098267,0.107056,1.029053
0.021729,-0.368164,0.786865
-0.502686,0.135498,0.836060
0.452026,-0.318726,1.008545
-0.435059,-0.172485,0.733521
0.049561,0.128418,1.021240
0.064575,-0.364014,0.801392
-0.547363,0.140625,0.810181
0.453369,-0.310791,1.001465
-0.402222,-0.206787,0.738159
0.002686,0.120972,1.009155
0.145020,-0.397949,0.825439
-0.592285,0.175781,0.788940
0.436035,-0.240234,1.005493
-0.334106,-0.225952,0.753906
-0.053833,0.130371,0.986816
0.189575,-0.434570,0.834351
-0.589355,0.136841,0.775635
0.423950,-0.188965,1.025024
-0.298584,-0.232178,0.729126
-0.100586,0.175049,0.975586
0.236084,-0.426147,0.858032
-0.600586,0.095581,0.750610
0.416504,-0.171997,1.029907
-0.251953,-0.272461,0.729614
-0.161499,0.188843,0.963623
0.266602,-0.393555,0.879883
-0.609497,0.066284,0.737549
0.409912,-0.161743,1.039185
-0.206665,-0.308594,0.724121
-0.246826,0.209229,0.932495
0.337036,-0.363892,0.923096
-0.619019,0.069458,0.745239
0.366333,-0.155029,1.019531
-0.152222,-0.358887,0.720337
-0.291504,0.200928,0.899536
0.360352,-0.339966,0.923218
-0.605225,0.037598,0.726196
0.304321,-0.103760,1.013184
-0.085327,-0.416992,0.733398
-0.350464,0.198608,0.868530
0.389404,-0.302856,0.941040
-0.581909,-0.010742,0.699951
0.227905,-0.044434,0.993652
-0.051514,-0.394531,0.751587
-0.402344,0.181274,0.863037
0.422119,-0.281494,0.975586
-0.551392,-0.031738,0.707520
0.132080,0.032227,0.987793
0.017334,-0.415771,0.777344
-0.472534,0.179077,0.839600
0.417480,-0.241821,0.985474
-0.476929,-0.060913,0.732056
0.069580,0.138794,1.009033
0.092529,-0.380249,0.808594
-0.535889,0.157349,0.821899
0.442505,-0.237793,1.005371
-0.400391,-0.130615,0.731934
0.008789,0.211182,1.022217
0.160400,-0.388550,0.816162
-0.593750,0.145752,0.785156
0.446411,-0.226562,1.018677
-0.304688,-0.240845,0.732544
-0.047974,0.190063,0.995117
0.203491,-0.370483,0.851685
-0.621704,0.161377,0.762207
0.446411,-0.207397,1.028931
-0.220337,-0.303955,0.744019
-0.104858,0.170044,0.963013
0.257202,-0.357056,0.865234
-0.621338,0.146484,0.750244
0.438965,-0.178589,1.030273
-0.165894,-0.331299,0.751831
-0.156982,0.182861,0.952759
0.306274,-0.339355,0.896240
-0.624390,0.158325,0.748779
0.401123,-0.180420,0.996460
-0.109253,-0.342407,0.770874
-0.192261,0.187622,0.939819
0.320801,-0.317993,0.896118
-0.592529,0.141846,0.751587
0.383911,-0.124390,1.012329
-0.096558,-0.362793,0.735962
-0.240601,0.180908,0.906616
0.352539,-0.326050,0.911987
-0.598755,0.101562,0.726318
0.358032,-0.107666,1.006226
-0.052124,-0.391235,0.755005
-0.259766,0.195068,0.895996
0.359985,-0.284058,0.920776
-0.592529,0.086548,0.723389
0.333008,-0.098633,1.003906
-0.033569,-0.399292,0.765015
-0.293579,0.174438,0.869507
0.393799,-0.285522,0.940186
-0.579224,0.046021,0.713867
0.254028,-0.037964,0.986572
0.007690,-0.443481,0.763306
-0.319824,0.147705,0.864746
0.411621,-0.280273,0.953857
-0.550171,0.004517,0.723633
0.189575,0.011597,0.981323
0.029785,-0.423218,0.777710
-0.365967,0.105957,0.841431
0.429199,-0.285645,0.961792
-0.509277,-0.007080,0.743164
0.147461,0.090820,1.005249
0.057129,-0.396484,0.781250
-0.449341,0.114502,0.806763
0.469238,-0.300171,0.992432
-0.468384,-0.080322,0.737305
0.080688,0.151367,1.009399
0.113647,-0.408691,0.806396
-0.494873,0.110718,0.791016
0.460938,-0.292725,0.996826
-0.395874,-0.127563,0.763794
0.019165,0.196533,1.010010
0.173340,-0.393433,0.814941
-0.532837,0.089233,0.760010
0.472534,-0.274170,1.014404
-0.310059,-0.220215,0.768066
-0.040771,0.218872,1.003174
0.226685,-0.379395,0.846924
-0.583984,0.073853,0.725830
0.470703,-0.288940,1.017578
-0.207275,-0.291016,0.801147
-0.107666,0.215088,0.984253
0.254639,-0.357666,0.873657
-0.579224,0.068237,0.733032
0.440552,-0.232422,1.030884
-0.119873,-0.334473,0.799194
-0.158936,0.210938,0.971069
0.303589,-0.352661,0.897949
-0.577271,0.057007,0.736084
0.390625,-0.189087,1.020508
-0.071533,-0.393433,0.796753
-0.209229,0.165405,0.932129
0.353516,-0.334473,0.927612
-0.549927,0.016846,0.746826
0.334961,-0.138672,1.005493
-0.014648,-0.405518,0.798828
-0.244507,0.146240,0.922974
0.388550,-0.326538,0.944092
-0.537720,0.025879,0.746948
0.277954,-0.089478,0.987305
0.039429,-0.447021,0.790649
-0.324097,0.131470,0.872803
0.424194,-0.317383,0.979614
-0.506592,-0.056152,0.725830
0.205933,-0.005981,1.002197
0.071411,-0.452148,0.784424
-0.357666,0.119507,0.860962
0.435791,-0.322266,0.976196
-0.463501,-0.122803,0.738770
0.149170,0.039917,1.012451
0.088501,-0.428345,0.801636
-0.417236,0.085571,0.832642
0.490967,-0.338013,1.010620
-0.429443,-0.142700,0.751709
0.060791,0.120361,1.023315
0.170776,-0.441162,0.828857
-0.466919,0.077881,0.799438
0.501831,-0.337891,1.020996
-0.358154,-0.219238,0.768188
-0.013062,0.137817,1.006226
0.238770,-0.445312,0.859741
-0.499756,0.039917,0.754272
0.484741,-0.241333,1.061646
-0.272949,-0.271484,0.775757
-0.068359,0.149170,1.008667
0.293945,-0.467163,0.878784
-0.517456,0.048706,0.758789
0.449097,-0.205078,1.050781
-0.191895,-0.233521,0.823608
-0.123413,0.191528,1.011108
0.342529,-0.464600,0.910889
-0.520264,0.009521,0.761597
0.424438,-0.159180,1.065918
-0.095337,-0.271606,0.838745
-0.173706,0.213135,1.004150
0.374023,-0.402344,0.958252
-0.507690,-0.046265,0.765381
0.375122,-0.140137,1.055176
-0.008667,-0.378418,0.821289
-0.205444,0.203491,0.995850
0.401733,-0.375366,0.967529
-0.505981,-0.067993,0.752686
0.343018,-0.131348,1.052124
0.054443,-0.435791,0.825317
-0.259277,0.169067,0.946411
0.447632,-0.345825,0.999634
-0.480347,-0.081787,0.772461
0.289185,-0.080078,1.046387
0.096191,-0.454468,0.836426
-0.304077,0.134033,0.930054
0.460815,-0.287842,1.039917
-0.448364,-0.101807,0.769165
0.231567,-0.040161,1.041992
0.130371,-0.481323,0.834473
-0.338379,0.111084,0.903442
0.501709,-0.249634,1.078613
-0.416992,-0.125977,0.775269
0.169800,0.021118,1.051514
0.200684,-0.490479,0.872437
-0.401978,0.093872,0.857544
0.517700,-0.269165,1.077881
-0.361084,-0.186157,0.792725
0.113525,0.049927,1.042358
0.253662,-0.446655,0.916504
-0.425781,0.091919,0.834351
0.517090,-0.243896,1.076050
-0.279663,-0.215942,0.810669
0.036011,0.106323,1.044922
0.310181,-0.451538,0.940552
-0.442505,0.051636,0.814697
0.515381,-0.204102,1.109131
-0.215210,-0.236450,0.832764
-0.048462,0.180420,1.051636
0.358887,-0.433594,0.963379
-0.459106,0.018799,0.822266
0.499268,-0.164429,1.133057
-0.122070,-0.250488,0.870850
-0.132568,0.224487,1.048828
0.415283,-0.415161,1.003906
-0.451050,-0.067017,0.801147
0.448730,-0.109619,1.139038
0.009033,-0.320801,0.887085
-0.191895,0.237915,1.045654
0.469727,-0.354248,1.046997
-0.445679,-0.101685,0.792969
0.380615,-0.067871,1.146606
0.079834,-0.366333,0.896240
-0.245972,0.229370,1.022217
0.505615,-0.313721,1.075073
-0.416016,-0.112549,0.811157
0.293335,-0.026123,1.106934
0.150269,-0.401367,0.926147
-0.312744,0.156982,0.970581
0.533325,-0.248169,1.119507
-0.373535,-0.166382,0.804932
0.178223,0.069214,1.096436
0.254150,-0.464722,0.945557
-0.383789,0.088135,0.896118
0.550415,-0.213013,1.139282
-0.281616,-0.223145,0.815918
0.081299,0.124146,1.074219
0.337769,-0.421753,0.979858
-0.423584,0.058594,0.866699
0.537231,-0.167236,1.161865
-0.161499,-0.266113,0.867310
-0.027954,0.180542,1.078735
0.389160,-0.390625,1.007080
-0.456055,0.015991,0.834351
0.512817,-0.151367,1.162842
-0.014526,-0.342285,0.902954
-0.096558,0.229736,1.109375
0.420532,-0.339722,1.027710
-0.485962,0.014160,0.832031
0.457031,-0.130737,1.155273
0.042114,-0.393677,0.907959
-0.168945,0.222168,1.077393
0.481689,-0.307617,1.069946
-0.468018,0.013428,0.826172
0.396606,-0.079834,1.143921
0.074585,-0.417114,0.913452
-0.215820,0.180786,1.053467
0.529663,-0.276001,1.131226
-0.446289,-0.045166,0.812622
0.329712,0.003296,1.144653
0.142944,-0.410400,0.915894
-0.287598,0.172241,1.015503
0.560059,-0.270874,1.156982
-0.398560,-0.142090,0.798096
0.245728,0.065796,1.141113
0.185059,-0.409790,0.934448
-0.331909,0.117798,0.958130
0.578125,-0.276855,1.157349
-0.348755,-0.182007,0.825439
0.171021,0.127319,1.129883
0.237427,-0.398193,0.937500
-0.375366,0.092896,0.918091
0.590210,-0.271118,1.161865
-0.284424,-0.227173,0.838257
0.092041,0.163330,1.101440
0.280762,-0.392944,0.956299
-0.421021,0.073242,0.887939
0.587646,-0.262329,1.162964
-0.234009,-0.264648,0.858643
0.032593,0.125122,1.076660
0.319092,-0.361084,0.982788
-0.450195,0.065674,0.847900
0.560791,-0.192505,1.178345
-0.152954,-0.304810,0.876221
-0.027954,0.161743,1.094116
0.353027,-0.387939,0.984497
-0.452515,0.027100,0.866211
0.543579,-0.171021,1.168457
-0.095581,-0.312012,0.861694
-0.074707,0.181396,1.075806
0.401123,-0.372192,1.002930
-0.453369,-0.016724,0.841064
0.510498,-0.165527,1.160645
-0.072998,-0.327393,0.856812
-0.134521,0.217041,1.059692
0.419922,-0.343262,1.013794
-0.472656,-0.031982,0.821289
0.478149,-0.157104,1.168457
-0.055908,-0.330688,0.855713
-0.180420,0.208862,1.049072
0.434937,-0.317749,1.031006
-0.473022,-0.057007,0.799072
0.436279,-0.124146,1.164795
-0.026245,-0.349243,0.868896
-0.237671,0.215210,1.017578
0.463989,-0.317017,1.050781
-0.473999,-0.059326,0.786011
0.378784,-0.077271,1.145874
0.010986,-0.350464,0.875854
-0.279053,0.176514,0.981934
0.474487,-0.287109,1.060181
-0.451050,-0.101562,0.774414
0.314453,-0.027710,1.135010
0.063354,-0.387451,0.878296
-0.339233,0.168701,0.940552
0.488037,-0.280151,1.065796
-0.418457,-0.129028,0.769287
0.221313,0.019897,1.111084
0.114990,-0.392944,0.887573
-0.380005,0.139648,0.920166
0.514648,-0.265137,1.086304
-0.413696,-0.149780,0.776123
0.158325,0.047852,1.089478
0.166870,-0.409058,0.902954
-0.439087,0.114624,0.879883
0.516602,-0.250122,1.088013
-0.364258,-0.201782,0.788696
0.065430,0.081421,1.064087
0.225098,-0.413208,0.907959
-0.470215,0.089111,0.840332
0.488647,-0.199341,1.099976
-0.292358,-0.241821,0.792358
-0.002563,0.109985,1.047729
0.271851,-0.412964,0.921509
-0.498901,0.069092,0.833618
0.477295,-0.190918,1.100586
-0.228271,-0.287231,0.772461
-0.090698,0.108765,1.010010
0.325439,-0.410400,0.944336
-0.507324,0.010498,0.802002
0.456421,-0.133911,1.127319
-0.178955,-0.311279,0.754761
-0.195190,0.184692,0.987671
0.374512,-0.374756,0.962646
-0.517822,-0.050049,0.758423
0.412476,-0.144287,1.098877
-0.142822,-0.323486,0.777222
-0.288330,0.202393,0.959961
0.409302,-0.333374,0.996094
-0.531128,-0.073364,0.747803
0.331543,-0.104736,1.097656
-0.084595,-0.362915,0.794678
-0.347900,0.177490,0.920410
0.425903,-0.335083,0.990601
-0.506714,-0.083862,0.745972
0.227783,-0.048096,1.066772
0.007324,-0.396851,0.832397
-0.431274,0.165649,0.872925
0.446777,-0.272339,1.028320
-0.480347,-0.115234,0.739624
0.114136,0.063599,1.042114
0.104248,-0.396118,0.861572
-0.483887,0.113159,0.848267
0.431396,-0.246094,1.034302
-0.418213,-0.202271,0.727417
0.036499,0.076172,1.028076
0.178101,-0.420898,0.856323
-0.533936,0.091797,0.811768
0.446167,-0.194702,1.059204
-0.312012,-0.238770,0.737793
-0.070923,0.137451,1.010376
0.254639,-0.406128,0.891479
-0.565063,0.036377,0.785156
0.425659,-0.201904,1.048462
-0.246338,-0.318726,0.702148
-0.177734,0.170532,0.974854
0.320068,-0.384277,0.913452
-0.584839,0.032104,0.764160
0.374512,-0.196411,1.030273
-0.168335,-0.369873,0.728027
-0.285156,0.178345,0.926636
0.351685,-0.326904,0.944580
-0.595093,-0.014038,0.735107
0.314087,-0.133057,1.043457
-0.120728,-0.399048,0.749756
-0.346680,0.165161,0.898682
0.371948,-0.299561,0.959473
-0.577393,-0.006836,0.705933
0.229736,-0.074829,1.019897
-0.030762,-0.391968,0.796021
-0.448364,0.195801,0.872314
0.409302,-0.291138,0.980469
-0.533569,-0.050537,0.723267
0.099243,0.055420,1.002930
0.070312,-0.401611,0.832886
-0.511475,0.130737,0.829224
0.413940,-0.236694,1.019043
-0.428223,-0.161987,0.711914
-0.000732,0.138550,1.004272
0.147583,-0.382446,0.841187
-0.576538,0.120483,0.800781
0.439209,-0.246338,1.025146
-0.316040,-0.276855,0.719971
-0.085938,0.184570,0.980225
0.207275,-0.386719,0.840942
-0.610229,0.098022,0.768066
0.425171,-0.204956,1.034546
-0.236816,-0.324341,0.723267
-0.156494,0.169800,0.954712
0.263794,-0.383789,0.868652
-0.609131,0.074341,0.745361
0.395508,-0.172852,1.035156
-0.186279,-0.366455,0.721191
-0.252441,0.170288,0.911011
0.326538,-0.341309,0.910767
-0.598633,0.057373,0.734985
0.346558,-0.153442,1.023315
-0.141846,-0.376465,0.725830
-0.315186,0.186401,0.893799
0.367188,-0.329712,0.923462
-0.600586,0.054321,0.727051
0.274536,-0.105347,0.995483
-0.082031,-0.392822,0.757568
-0.368408,0.187256,0.875122
0.379028,-0.285767,0.938354
-0.572998,-0.007935,0.699341
0.191772,-0.018311,0.986328
-0.007935,-0.409668,0.779907
-0.442261,0.191895,0.854736
0.382324,-0.258789,0.956055
-0.520142,-0.041992,0.713623
0.111328,0.053955,0.995483
0.049927,-0.411865,0.794678
-0.514038,0.181885,0.836304
0.417725,-0.239014,0.990845
-0.433960,-0.117432,0.726074
0.033081,0.180176,1.020996
0.123657,-0.375000,0.818970
-0.562988,0.123413,0.800659
0.433228,-0.217529,1.020630
-0.348145,-0.197876,0.731201
-0.050293,0.197998,0.991699
0.211304,-0.386597,0.851685
-0.598145,0.127686,0.777954
0.416260,-0.182495,1.017822
-0.245850,-0.284546,0.721802
-0.119019,0.188843,0.967896
0.264771,-0.364258,0.890381
-0.622681,0.109497,0.752808
0.419434,-0.169312,1.031494
-0.166016,-0.321655,0.739990
-0.196289,0.210815,0.941406
0.318970,-0.337280,0.902466
-0.610718,0.064331,0.728027
0.360840,-0.126465,1.020264
-0.103638,-0.376221,0.731079
-0.291870,0.219116,0.888916
0.369873,-0.310303,0.925171
-0.584839,0.038940,0.720459
0.294556,-0.075195,1.000244
-0.044434,-0.401367,0.749390
-0.352783,0.190430,0.859375
0.396240,-0.290039,0.942993
-0.559570,-0.002197,0.713501
0.210449,-0.007812,0.993164
0.017822,-0.423462,0.766846
-0.428467,0.192139,0.843384
0.410767,-0.239746,0.961060
-0.510986,-0.024048,0.731812
0.132080,0.066650,1.020508
0.074341,-0.422729,0.793579
-0.497192,0.174683,0.829346
0.434326,-0.224854,0.985352
-0.444458,-0.083618,0.738403
0.051025,0.141479,1.011230
0.150513,-0.430664,0.825928
-0.547607,0.151367,0.796997
0.440186,-0.193848,1.009644
-0.351562,-0.146973,0.743164
-0.021606,0.185791,1.000244
0.219604,-0.411011,0.858154
-0.584839,0.110718,0.768677
0.435913,-0.173340,1.029175
-0.240967,-0.227905,0.747803
-0.110718,0.214844,0.967773
0.284912,-0.368042,0.885620
-0.600586,0.096924,0.749878
0.410400,-0.182983,1.014526
-0.151489,-0.311890,0.767578
-0.164307,0.202393,0.946411
0.316040,-0.327271,0.902710
-0.594971,0.111450,0.759521
0.368774,-0.132446,1.015381
-0.077148,-0.390137,0.760986
-0.229980,0.174805,0.903687
0.356323,-0.317993,0.923218
-0.562622,0.071777,0.743652
0.313599,-0.060303,1.013428
-0.049927,-0.396240,0.753540
-0.279297,0.151978,0.880859
0.413086,-0.326660,0.939453
-0.560669,0.075195,0.741577
0.250610,-0.029053,0.981201
-0.006958,-0.419922,0.736694
-0.350708,0.142456,0.845581
0.431641,-0.323853,0.955566
-0.521729,-0.012573,0.744263
0.209229,0.006958,0.996582
0.042847,-0.417236,0.774292
-0.407349,0.142334,0.814697
0.433960,-0.300171,0.967773
-0.485962,-0.079224,0.739990
0.151978,0.047119,1.012939
0.089355,-0.414185,0.790527
-0.465454,0.173218,0.801392
0.455078,-0.253174,0.987305
-0.447510,-0.130249,0.738892
0.077759,0.062378,1.000122
0.138306,-0.468018,0.807861
-0.504639,0.110352,0.777100
0.437134,-0.218750,1.000977
-0.364502,-0.146362,0.760132
-0.001587,0.151245,1.008667
0.204834,-0.463257,0.843872
-0.543457,0.070923,0.750366
0.442749,-0.224609,1.006958
-0.287476,-0.199951,0.764771
-0.071899,0.215332,1.010254
0.271973,-0.409668,0.880127
-0.554321,0.032715,0.736328
0.417969,-0.189941,1.026611
-0.180664,-0.256836,0.791504
-0.138428,0.188354,0.963745
0.377563,-0.344727,0.931396
-0.587158,0.034058,0.736206
0.310059,-0.105713,0.997803
-0.031250,-0.422485,0.746216
-0.295776,0.188965,0.880371
0.397705,-0.292114,0.944458
-0.546875,-0.004272,0.736816
0.225708,-0.049683,0.978394
0.005737,-0.440552,0.750977
-0.371094,0.149414,0.843750
0.445068,-0.291260,0.969116
-0.501587,-0.043091,0.745483
0.144897,0.044678,1.004272
0.056274,-0.436768,0.766235
-0.449219,0.136230,0.803223
0.461914,-0.277588,0.989746
-0.441162,-0.084351,0.762451
0.070435,0.120728,1.010376
0.111938,-0.419922,0.804077
-0.508423,0.133423,0.787476
0.455078,-0.244263,0.992188
-0.362183,-0.156006,0.758911
0.000244,0.155151,1.013672
0.208740,-0.417847,0.851074
-0.564941,0.110718,0.743164
0.442383,-0.221680,1.017944
-0.280640,-0.216797,0.758667
-0.066772,0.165649,0.989014
0.278564,-0.412354,0.887451
-0.578125,0.085327,0.737061
0.423462,-0.170898,1.028564
-0.162231,-0.273315,0.781006
-0.164185,0.187256,0.945557
0.332886,-0.424561,0.896851
-0.565063,0.060547,0.765137
0.382568,-0.142578,1.026978
-0.087646,-0.329102,0.766602
-0.242432,0.207642,0.923828
0.391479,-0.412842,0.944092
-0.551514,-0.012817,0.750366
0.313232,-0.088989,1.010742
-0.016235,-0.402954,0.765381
-0.296509,0.180176,0.891113
0.421509,-0.361938,0.959351
-0.518555,-0.058105,0.755127
0.235596,-0.074707,0.978394
0.043213,-0.454468,0.775391
-0.361816,0.136719,0.834473
0.442993,-0.308716,0.977051
-0.486084,-0.054321,0.750244
0.149780,0.011230,0.996582
0.097046,-0.477783,0.787720
-0.437988,0.105225,0.800903
0.461304,-0.290649,0.996216
-0.429932,-0.109985,0.748047
0.067261,0.084595,1.011108
0.171875,-0.473145,0.837891
-0.499634,0.063110,0.771484
0.463501,-0.266846,1.012085
-0.339966,-0.194214,0.761475
-0.022095,0.176514,1.023560
0.255371,-0.446533,0.868774
-0.540771,0.025757,0.755371
0.443115,-0.245728,1.027344
-0.221924,-0.269409,0.774048
-0.095581,0.203369,1.015991
0.306885,-0.369507,0.925049
-0.561157,0.029785,0.752930
0.414551,-0.239624,1.028931
-0.107788,-0.362915,0.797729
-0.170532,0.183228,0.975708
0.353394,-0.349243,0.947510
-0.537476,0.032227,0.753174
0.375122,-0.162231,1.044067
-0.022583,-0.420532,0.808594
-0.243896,0.134521,0.926514
0.404541,-0.363525,0.963745
-0.498779,-0.045288,0.744263
0.299927,-0.069458,1.039185
0.053345,-0.437866,0.823120
-0.317139,0.145752,0.898193
0.430664,-0.341064,0.986694
-0.450195,-0.111572,0.761353
0.237549,-0.025024,1.041260
0.081665,-0.458130,0.797852
-0.380493,0.128052,0.859375
0.476318,-0.317139,1.019653
-0.424072,-0.183228,0.751709
0.154419,0.022095,1.037109
0.129272,-0.412720,0.840698
-0.429810,0.107300,0.824707
0.490479,-0.300171,1.023926
-0.379761,-0.216675,0.751831
0.071533,0.064453,1.026367
0.238037,-0.461426,0.864136
-0.465820,0.080566,0.787842
0.482056,-0.244873,1.041260
-0.272827,-0.209717,0.806763
-0.033569,0.139038,1.021240
0.316895,-0.495728,0.901855
-0.484619,-0.015869,0.754150
0.442505,-0.158325,1.090332
-0.188721,-0.243408,0.816284
-0.111328,0.184937,1.026733
0.382812,-0.445557,0.968018
-0.509033,-0.033691,0.771729
0.422607,-0.152832,1.093506
-0.058838,-0.340576,0.827881
-0.191406,0.237793,1.013062
0.425049,-0.401123,0.982544
-0.486084,-0.077393,0.778198
0.372070,-0.131348,1.076294
0.030884,-0.386597,0.845947
-0.239258,0.190186,0.967041
0.456177,-0.307739,1.031006
-0.441406,-0.135132,0.775513
0.302246,-0.079346,1.075073
0.078247,-0.428223,0.839966
-0.302734,0.156372,0.935669
0.485352,-0.290649,1.052856
-0.409424,-0.139404,0.788208
0.233521,-0.013184,1.066040
0.137329,-0.413818,0.882935
-0.364014,0.120605,0.888672
0.514282,-0.247925,1.093140
-0.372192,-0.198975,0.773071
0.145874,0.055054,1.075562
0.231689,-0.479004,0.895630
-0.406372,0.080811,0.849487
0.530762,-0.209961,1.107544
-0.314209,-0.199951,0.796387
0.074219,0.103516,1.070190
0.297607,-0.500244,0.909668
-0.442139,0.040039,0.828125
0.532959,-0.210205,1.114380
-0.236938,-0.210083,0.833618
-0.015747,0.153320,1.058960
0.362305,-0.482056,0.961182
-0.459473,0.038818,0.814087
0.484985,-0.121582,1.125244
-0.145874,-0.228149,0.860962
-0.068237,0.189697,1.073730
0.403687,-0.453491,0.994263
-0.478271,0.002075,0.809937
0.467041,-0.107056,1.139282
-0.044556,-0.294800,0.886353
-0.140869,0.230591,1.071533
0.442749,-0.396118,1.029175
-0.457153,-0.072876,0.800659
0.434937,-0.091797,1.141846
0.038818,-0.345093,0.884888
-0.197632,0.236084,1.052490
0.483887,-0.350220,1.058838
-0.437012,-0.094238,0.806763
0.388916,-0.067627,1.144531
0.065674,-0.364258,0.891724
-0.247437,0.239990,1.032349
0.520264,-0.299561,1.090820
-0.420532,-0.094238,0.815186
0.332031,-0.037720,1.126587
0.114502,-0.389526,0.916016
-0.303955,0.176270,0.982788
0.549072,-0.263550,1.129761
-0.367554,-0.145996,0.819336
0.241333,0.038696,1.128418
0.208374,-0.435791,0.931274
-0.349243,0.117188,0.923828
0.556519,-0.236938,1.138550
-0.312866,-0.169067,0.834839
0.161255,0.095825,1.114502
0.286987,-0.437622,0.955078
-0.395386,0.080444,0.887939
0.548462,-0.188965,1.151978
-0.240356,-0.218384,0.853760
0.066895,0.143799,1.105225
0.362915,-0.430420,0.994019
-0.459961,0.071777,0.861084
0.529907,-0.131836,1.167725
-0.149658,-0.250610,0.865967
-0.018799,0.208740,1.115356
0.411621,-0.390015,1.031372
-0.437134,-0.004272,0.850830
0.493530,-0.098511,1.173340
-0.019043,-0.334106,0.886475
-0.111572,0.209229,1.080200
0.457397,-0.333496,1.061279
-0.443604,-0.044189,0.826172
0.455200,-0.079956,1.184204
0.013184,-0.329590,0.880615
-0.189087,0.223511,1.052368
0.484375,-0.294800,1.082520
-0.427979,-0.083984,0.827271
0.396973,-0.069214,1.162964
0.081543,-0.371338,0.915771
-0.286011,0.224854,1.015259
0.535522,-0.268799,1.115967
-0.378906,-0.127808,0.812378
0.288818,0.017090,1.146729
0.156616,-0.395874,0.953369
-0.326538,0.144531,0.967285
0.560669,-0.253662,1.145752
-0.351440,-0.169434,0.825317
0.189087,0.102417,1.139526
0.260132,-0.433594,0.957275
-0.395508,0.111206,0.920288
0.554932,-0.235107,1.151001
-0.275146,-0.236450,0.840454
0.105835,0.135742,1.112793
0.297607,-0.386353,0.971191
-0.435425,0.074463,0.881958
0.561523,-0.224243,1.157837
-0.211182,-0.291626,0.845581
0.026489,0.153076,1.087280
0.336670,-0.373535,0.973633
-0.468140,0.052246,0.852783
0.553711,-0.247314,1.152832
-0.117554,-0.350830,0.868408
-0.042114,0.165405,1.075928
0.370483,-0.351562,1.001709
-0.442627,-0.014648,0.830078
0.513672,-0.168091,1.164917
-0.074341,-0.328369,0.861694
-0.102051,0.174072,1.065186
0.414062,-0.350586,1.032227
-0.461914,-0.038330,0.829224
0.478149,-0.132324,1.167114
-0.055542,-0.289185,0.848511
-0.174561,0.213989,1.060791
0.449951,-0.300903,1.054077
-0.467041,-0.080688,0.807861
0.428589,-0.125977,1.158081
-0.008911,-0.345703,0.877075
-0.261230,0.228516,1.013794
0.484985,-0.288208,1.072632
-0.454102,-0.101562,0.791382
0.347168,-0.089111,1.136108
0.047607,-0.355103,0.897339
-0.294434,0.183594,0.973511
0.512817,-0.272827,1.092285
-0.438477,-0.117188,0.767578
0.268066,-0.026367,1.122559
0.128296,-0.420532,0.904907
-0.367920,0.155029,0.932129
0.512939,-0.264160,1.090576
-0.383301,-0.131226,0.794678
0.178345,0.062744,1.104614
0.181396,-0.414429,0.914062
-0.428345,0.114746,0.904907
0.525757,-0.255371,1.112305
-0.354248,-0.192871,0.786621
0.105835,0.106567,1.094604
0.229980,-0.404175,0.907959
-0.458008,0.083252,0.857300
0.512573,-0.224609,1.108276
-0.272827,-0.246338,0.807739
0.031494,0.136230,1.074341
0.283569,-0.403442,0.929932
-0.493164,0.056396,0.828125
0.489258,-0.214600,1.108398
-0.178223,-0.323730,0.810059
-0.020020,0.128784,1.050659
0.287964,-0.353149,0.928589
-0.505371,0.025024,0.809692
0.487793,-0.214966,1.109131
-0.151978,-0.348267,0.768311
-0.124146,0.170288,1.027954
0.355469,-0.350708,0.964233
-0.527466,0.004761,0.788452
0.442627,-0.181519,1.112061
-0.126831,-0.368652,0.781250
-0.202637,0.146484,0.985474
0.390991,-0.311768,1.001953
-0.525757,-0.042725,0.767578
0.383545,-0.118896,1.120239
-0.088989,-0.344238,0.813354
-0.279907,0.165039,0.959229
0.420898,-0.310059,1.023560
-0.511475,-0.053833,0.756958
0.300781,-0.052979,1.099365
-0.007568,-0.359863,0.849365
-0.371460,0.154785,0.918335
0.440308,-0.298096,1.032471
-0.463989,-0.120239,0.746216
0.216675,0.044189,1.097168
0.038086,-0.381958,0.822266
-0.425049,0.172363,0.894653
0.460083,-0.309448,1.023560
-0.449341,-0.142578,0.758545
0.147095,0.024780,1.052612
0.097412,-0.395020,0.860352
-0.463257,0.140869,0.857788
0.452759,-0.249756,1.036865
-0.422119,-0.152222,0.763062
0.089233,0.086670,1.058472
0.136230,-0.421143,0.850586
-0.505981,0.103394,0.826416
0.456299,-0.250488,1.041870
-0.363159,-0.212769,0.754639
0.030884,0.106079,1.039673
0.192139,-0.389893,0.870728
-0.544922,0.112915,0.803345
0.441406,-0.233887,1.035767
-0.293823,-0.290161,0.751343
-0.040771,0.097778,1.022339
0.240967,-0.430298,0.881836
-0.560059,0.083374,0.784058
0.437866,-0.201904,1.042480
-0.241577,-0.286377,0.737549
-0.133545,0.155518,0.996948
0.306152,-0.434692,0.912476
-0.578857,0.043823,0.759399
0.396973,-0.150269,1.053345
-0.208374,-0.324463,0.726929
-0.219727,0.157715,0.973511
0.348877,-0.375366,0.943604
-0.588379,0.025269,0.754150
0.353882,-0.138184,1.051270
-0.151855,-0.352905,0.744995
-0.301514,0.179565,0.924072
0.385498,-0.350952,0.961304
-0.575073,-0.037842,0.729492
0.291748,-0.109619,1.048706
-0.091309,-0.365234,0.767700
-0.396362,0.197144,0.884155
0.402222,-0.291626,0.982910
-0.526245,-0.110840,0.712646
0.192261,-0.042236,1.030884
-0.002197,-0.406006,0.799561
-0.495728,0.211914,0.853638
0.415039,-0.276855,0.985474
-0.482788,-0.139404,0.724487
0.090332,0.045410,1.026611
0.085083,-0.437988,0.826172
-0.553101,0.184692,0.818237
0.421509,-0.252441,0.986328
-0.384644,-0.192139,0.750977
-0.000244,0.105347,1.019287
0.167847,-0.439087,0.849365
-0.578735,0.115356,0.776489
0.423096,-0.190552,1.022461
-0.301392,-0.248169,0.730591
-0.081665,0.173340,1.004517
0.247925,-0.417114,0.865356
-0.608276,0.104126,0.776245
0.398315,-0.190186,1.015869
-0.239624,-0.353638,0.685303
-0.177246,0.156616,0.958252
0.297485,-0.375977,0.896973
-0.605225,0.082153,0.747925
0.364624,-0.152588,1.019653
-0.177979,-0.360474,0.713501
-0.242676,0.164551,0.938843
0.300049,-0.343994,0.916016
-0.610962,0.036133,0.728516
0.345825,-0.128418,1.028198
-0.164917,-0.337524,0.724609
-0.310425,0.179688,0.916138
0.371094,-0.363403,0.933838
-0.593872,0.014771,0.726196
0.261963,-0.093994,1.000854
-0.104736,-0.386353,0.748901
-0.364258,0.181519,0.891113
0.402710,-0.320068,0.962646
-0.588623,0.024536,0.710083
0.184204,-0.010498,1.000610
-0.015503,-0.405762,0.782471
-0.451294,0.184082,0.866821
0.394775,-0.270996,0.967651
-0.540649,-0.033936,0.702637
0.120361,0.049805,1.000488
0.046875,-0.394531,0.805420
-0.511475,0.177002,0.845825
0.422363,-0.248413,0.988770
-0.456177,-0.083496,0.738403
0.033813,0.136475,1.017212
0.117310,-0.404053,0.827148
-0.553955,0.158081,0.808960
0.423584,-0.224487,1.000000
-0.367554,-0.175415,0.735840
-0.036499,0.185425,0.995605
0.178833,-0.383667,0.848633
-0.587769,0.109985,0.783813
0.406372,-0.195068,1.013672
-0.270264,-0.300049,0.714111
-0.119507,0.199707,0.969971
0.250366,-0.363892,0.864746
-0.607178,0.099731,0.760254
0.406494,-0.187744,1.030273
-0.175659,-0.351074,0.741455
-0.207031,0.180664,0.923340
0.295776,-0.322754,0.886230
-0.603271,0.081055,0.740845
0.370728,-0.149902,1.024658
-0.111328,-0.378052,0.739502
-0.296509,0.193359,0.876709
0.357544,-0.318970,0.916138
-0.597900,0.029541,0.710205
0.289673,-0.072266,1.017334
-0.056396,-0.423584,0.742432
-0.387573,0.215088,0.867554
0.395264,-0.280762,0.948730
-0.536987,-0.014160,0.717773
0.172852,0.001831,0.987671
0.006592,-0.406250,0.777222
-0.468018,0.192871,0.831787
0.411011,-0.227539,0.977783
-0.469971,-0.093140,0.729980
0.081177,0.126831,1.027832
0.091187,-0.405518,0.799438
-0.544556,0.176758,0.820435
0.434570,-0.219971,1.006104
-0.371582,-0.154175,0.738525
-0.019043,0.214478,1.016235
0.200073,-0.411133,0.842285
-0.592773,0.148682,0.784180
0.411743,-0.176758,1.009644
-0.246948,-0.252197,0.738403
-0.093872,0.195312,0.981567
0.265991,-0.361816,0.880371
-0.620605,0.113770,0.758057
0.411865,-0.175415,1.010986
-0.161621,-0.322876,0.747681
-0.182983,0.189331,0.926514
0.326294,-0.343140,0.904297
-0.598755,0.104858,0.748535
0.362915,-0.097534,1.009644
-0.090820,-0.357788,0.751465
-0.278076,0.180786,0.889404
0.375366,-0.342773,0.927734
-0.567261,0.017578,0.731567
0.288940,-0.035767,1.007324
-0.040649,-0.390259,0.735352
-0.355835,0.198975,0.856934
0.402344,-0.299927,0.944336
-0.535034,-0.047852,0.717896
0.213135,-0.015625,0.993286
0.002441,-0.409790,0.750000
-0.432617,0.201660,0.837524
0.426147,-0.256836,0.964111
-0.481567,-0.056152,0.751831
0.125488,0.036133,0.994751
0.074951,-0.422363,0.798706
-0.505493,0.206665,0.812378
0.434570,-0.203979,0.983276
-0.410645,-0.113281,0.742676
0.050049,0.097778,1.003296
0.161255,-0.432373,0.836304
-0.567017,0.154297,0.775879
0.429810,-0.170410,1.000366
-0.313599,-0.156494,0.745728
-0.045776,0.177368,0.996704
0.233276,-0.424438,0.863525
-0.577515,0.101196,0.759766
0.425537,-0.149536,1.019531
-0.236816,-0.211914,0.757568
-0.135010,0.215454,0.966919
0.318970,-0.411987,0.898315
-0.577759,0.089111,0.764404
0.398926,-0.142090,1.025513
-0.143188,-0.301392,0.758301
-0.212769,0.209961,0.934570
0.360962,-0.359619,0.923340
-0.567139,0.057251,0.758301
0.351318,-0.108276,1.007690
-0.058350,-0.366699,0.769897
-0.276611,0.177368,0.878662
0.386475,-0.332275,0.933472
-0.544312,-0.016846,0.731689
0.287598,-0.060059,0.995117
-0.004883,-0.397339,0.767090
-0.364380,0.177124,0.844849
0.417480,-0.315674,0.955322
-0.508911,-0.047607,0.743652
0.186768,-0.009277,0.985229
0.037476,-0.443970,0.759888
-0.415161,0.155640,0.826904
0.435181,-0.267578,0.971924
-0.475342,-0.076172,0.747314
0.112427,0.049438,1.000488
0.107422,-0.449951,0.806519
-0.479370,0.135864,0.791504
0.442139,-0.223755,0.994141
-0.418213,-0.130127,0.737427
0.026978,0.102661,0.997559
0.197632,-0.484009,0.824829
-0.532715,0.101318,0.768311
0.436157,-0.178711,1.012329
-0.311279,-0.136230,0.764282
-0.050903,0.177002,0.994141
0.251099,-0.440063,0.865723
-0.565430,0.043335,0.735962
0.444580,-0.182495,1.036133
-0.208130,-0.221680,0.780884
-0.157227,0.223999,0.971069
0.318970,-0.427856,0.898926
-0.554077,0.004272,0.758179
0.403320,-0.141357,1.041992
-0.108032,-0.314453,0.773560
-0.221680,0.231567,0.944336
0.367432,-0.368042,0.935181
-0.545532,-0.025146,0.748413
0.345703,-0.136475,1.012939
-0.015503,-0.405029,0.789307
-0.308838,0.196533,0.879883
0.397339,-0.333740,0.938110
-0.518433,-0.054932,0.742554
0.260742,-0.093994,0.989990
0.035645,-0.463623,0.769287
-0.359985,0.148438,0.843140
0.434570,-0.295654,0.965698
-0.484863,-0.086914,0.745239
0.147583,-0.005371,0.987427
0.103271,-0.492432,0.788574
-0.431152,0.110352,0.804199
0.453491,-0.248901,0.991211
-0.422729,-0.118530,0.754517
0.044556,0.103394,1.005371
0.196289,-0.465942,0.846558
-0.497314,0.044312,0.763184
0.451782,-0.257812,1.004272
-0.334229,-0.188599,0.752441
-0.046387,0.216553,1.020142
0.264893,-0.414551,0.878296
-0.546997,0.014160,0.728271
0.437744,-0.235718,1.035400
-0.215698,-0.259399,0.790283
-0.123657,0.212524,0.990234
0.311279,-0.380249,0.907471
-0.552124,0.033691,0.758545
0.409302,-0.211060,1.030884
-0.100342,-0.362549,0.788208
-0.174927,0.181152,0.967651
0.347168,-0.323853,0.950928
-0.561035,0.020508,0.748779
0.380859,-0.173462,1.039673
-0.021362,-0.412720,0.804199
-0.253662,0.159058,0.915527
0.400513,-0.376709,0.949097
-0.510498,-0.031372,0.758911
0.300537,-0.068604,1.023560
0.023926,-0.413086,0.796997
-0.315308,0.145264,0.883423
0.442749,-0.393921,0.971313
-0.489746,-0.095825,0.743408
0.249390,-0.022949,1.033081
0.063232,-0.428345,0.794312
-0.352539,0.130859,0.859741
0.454956,-0.335571,0.999390
-0.459595,-0.149902,0.750488
0.209106,0.003174,1.037231
0.096924,-0.451660,0.791260
-0.403198,0.133911,0.843750
0.472046,-0.317383,1.011841
-0.421875,-0.182007,0.752197
0.140015,0.026123,1.023804
0.132324,-0.459106,0.815308
-0.413818,0.090942,0.815430
0.468140,-0.274048,1.029419
-0.396973,-0.183105,0.750000
0.084229,0.053711,1.028687
0.200562,-0.495361,0.840210
-0.453125,0.088257,0.812012
0.480591,-0.265747,1.027954
-0.342041,-0.174561,0.784180
0.029785,0.087036,1.019653
0.253540,-0.505249,0.869873
-0.479858,0.018555,0.762085
0.473267,-0.234619,1.051636
-0.264282,-0.205444,0.805054
-0.066895,0.166382,1.016235
0.317871,-0.482422,0.911987
-0.502319,0.007690,0.761230
0.438232,-0.177246,1.069824
-0.195557,-0.262451,0.799316
-0.110474,0.199463,1.027344
0.369629,-0.452637,0.939209
-0.502808,-0.030151,0.775146
0.414551,-0.156494,1.080078
-0.103271,-0.316772,0.815430
-0.165405,0.199829,1.003662
0.393311,-0.383667,0.964722
-0.490723,-0.062988,0.769287
0.396240,-0.137573,1.089111
-0.000977,-0.416992,0.807495
-0.245117,0.219238,0.982300
0.439819,-0.372314,0.986450
-0.463135,-0.096802,0.775879
0.328979,-0.096313,1.071411
0.074219,-0.430420,0.841553
-0.301636,0.187744,0.948364
0.464722,-0.329590,1.014648
-0.439087,-0.137939,0.774658
0.270020,-0.051514,1.067383
0.086914,-0.412720,0.848877
-0.335449,0.137695,0.906982
0.503662,-0.276123,1.059692
-0.418213,-0.144287,0.766724
0.197021,0.007202,1.060791
0.171631,-0.465332,0.869629
-0.380859,0.094360,0.869385
0.514648,-0.233887,1.093628
-0.382080,-0.180664,0.760742
0.121704,0.078125,1.060059
0.263184,-0.510132,0.890259
-0.426758,0.055542,0.838867
0.513550,-0.243774,1.084106
-0.296631,-0.204834,0.806519
0.020752,0.141968,1.038330
0.307129,-0.466187,0.923950
-0.456665,0.001709,0.800903
0.512695,-0.193726,1.126831
-0.215210,-0.243774,0.829956
-0.058716,0.179443,1.041260
0.354736,-0.433105,0.957886
-0.472900,-0.004883,0.802856
0.479980,-0.159424,1.130737
-0.104736,-0.292969,0.853027
-0.109009,0.238159,1.064697
0.397705,-0.408569,0.979004
-0.483276,-0.010132,0.815430
0.453369,-0.172485,1.111816
0.002197,-0.350708,0.882080
-0.168457,0.213257,1.038086
0.432129,-0.340088,1.023926
-0.464966,-0.048340,0.794067
0.400513,-0.116943,1.115601
0.065796,-0.412476,0.886719
-0.216675,0.195679,1.028564
0.474731,-0.317017,1.051514
-0.457764,-0.053345,0.794678
0.350586,-0.072388,1.114990
0.088379,-0.397705,0.893188
-0.268066,0.191284,1.005737
0.514893,-0.272217,1.096313
-0.432373,-0.086060,0.784302
0.274048,-0.010620,1.084229
0.167603,-0.452515,0.916626
-0.329712,0.137573,0.961548
0.542236,-0.248291,1.137207
-0.393433,-0.118408,0.795532
0.204712,0.046631,1.088623
0.221558,-0.453491,0.935303
-0.368896,0.077271,0.901489
0.548340,-0.236816,1.139648
-0.311157,-0.213135,0.808350
0.121460,0.148682,1.101196
0.297119,-0.448120,0.948975
-0.437012,0.073242,0.865479
0.555542,-0.233521,1.147461
-0.227417,-0.247192,0.844238
0.040405,0.186768,1.095825
0.343262,-0.392578,0.982788
-0.447144,0.049805,0.854126
0.532349,-0.192627,1.146118
-0.131958,-0.269531,0.873291
-0.046265,0.221436,1.106567
0.410767,-0.385376,1.013672
-0.457275,0.028198,0.840820
0.476196,-0.130005,1.147217
-0.008057,-0.337891,0.899780
-0.105103,0.204590,1.085815
0.444580,-0.339355,1.047974
-0.459839,-0.020508,0.829590
0.439331,-0.078369,1.162720
0.046631,-0.375366,0.892944
-0.185913,0.224487,1.060181
0.484131,-0.312500,1.079346
-0.422363,-0.083740,0.821899
0.388306,-0.032837,1.156494
0.073364,-0.335083,0.916138
-0.270752,0.217896,1.022217
0.539673,-0.293945,1.125122
-0.387695,-0.161499,0.801270
0.304688,0.000732,1.145874
0.164062,-0.377441,0.931519
-0.330688,0.175659,0.959351
0.560303,-0.267578,1.135254
-0.321533,-0.213867,0.828613
0.194092,0.062744,1.124756
0.254517,-0.415894,0.956055
-0.384399,0.102173,0.894897
0.548218,-0.205933,1.143555
-0.255127,-0.243042,0.845215
0.096191,0.110352,1.110840
0.348511,-0.401611,1.004395
-0.437744,0.082397,0.863159
0.532349,-0.137817,1.155884
-0.143921,-0.257080,0.879028
-0.035278,0.170166,1.086548
0.402222,-0.386963,1.033691
-0.432251,-0.007446,0.855713
0.503052,-0.086426,1.178223
-0.017456,-0.325806,0.885254
-0.139160,0.218872,1.066650
0.451538,-0.344116,1.054565
-0.439209,-0.081055,0.828003
0.456787,-0.086182,1.183716
0.020142,-0.337280,0.895386
-0.229126,0.257812,1.042725
0.506104,-0.291870,1.097046
-0.414551,-0.129272,0.816650
0.364014,-0.044434,1.167480
0.094360,-0.344482,0.929321
-0.283325,0.183472,0.984985
0.541992,-0.244873,1.131592
-0.375854,-0.155640,0.809814
0.251343,0.021606,1.138550
0.212280,-0.441162,0.943970
-0.344971,0.115112,0.931030
0.544678,-0.205566,1.150024
-0.291748,-0.206177,0.819336
0.119629,0.105713,1.107544
0.292114,-0.425659,0.978027
-0.452026,0.011475,0.841553
0.503662,-0.146484,1.169189
-0.059326,-0.283813,0.894287
-0.102173,0.234497,1.082397
0.449951,-0.357300,1.035400
-0.453857,-0.015015,0.832764
0.457275,-0.107910,1.161621
0.042603,-0.382202,0.894287
-0.184448,0.235229,1.048706
0.484253,-0.301392,1.073853
-0.429932,-0.074829,0.825928
0.382080,-0.074707,1.148560
0.069824,-0.400146,0.906372
-0.247681,0.199219,1.024536
0.524048,-0.258179,1.112549
-0.403076,-0.085327,0.831909
0.303711,0.018311,1.150879
0.166870,-0.421509,0.929565
-0.323364,0.151489,0.966919
0.550415,-0.249146,1.142578
-0.349121,-0.167358,0.813599
0.204956,0.089966,1.136475
0.250366,-0.427490,0.953003
-0.367432,0.113037,0.918457
0.557373,-0.208618,1.147339
-0.284058,-0.191284,0.842773
0.093750,0.136475,1.098022
0.319214,-0.418823,0.988770
-0.420776,0.052124,0.888550
0.554932,-0.192749,1.175171
-0.187622,-0.242798,0.863403
-0.011597,0.205811,1.080688
0.391479,-0.388184,0.999268
-0.441284,0.002930,0.860474
0.535400,-0.188232,1.182983
-0.059814,-0.307007,0.896240
-0.085815,0.221313,1.080322
0.421509,-0.321045,1.033203
-0.458496,-0.034424,0.824707
0.482788,-0.165039,1.176025
0.010254,-0.369263,0.907349
-0.158813,0.217041,1.054565
0.468628,-0.282593,1.076660
-0.456177,-0.037720,0.815186
0.406372,-0.108643,1.166626
0.057983,-0.426758,0.908325
-0.245483,0.195435,1.039551
0.523926,-0.263672,1.117554
-0.415894,-0.083374,0.815308
0.303833,0.001465,1.148438
0.141235,-0.437500,0.936157
-0.302979,0.129150,0.975586
0.561890,-0.247070,1.149902
-0.357666,-0.144897,0.828613
0.205322,0.098511,1.137451
0.245117,-0.418213,0.959106
-0.377197,0.096069,0.911255
0.541504,-0.216064,1.151978
-0.274414,-0.209839,0.837402
0.108521,0.129272,1.109619
0.312134,-0.392822,0.993286
-0.412109,0.059326,0.884155
0.528442,-0.178711,1.161377
-0.202271,-0.276001,0.845215
0.007446,0.166138,1.096313
0.376953,-0.384277,1.008301
-0.437866,0.029297,0.863281
0.519165,-0.116333,1.177490
-0.051758,-0.331909,0.861206
-0.111084,0.188110,1.067871
0.419922,-0.346436,1.030884
-0.448608,-0.065063,0.827759
0.468140,-0.092896,1.186401
-0.020386,-0.323242,0.888062
-0.210815,0.234863,1.049316
0.476562,-0.317505,1.069458
-0.434204,-0.107178,0.811279
0.381104,-0.042114,1.174683
0.057373,-0.351440,0.890625
-0.285645,0.213013,1.002563
0.509399,-0.275513,1.104370
-0.394409,-0.143677,0.805420
0.289673,-0.007324,1.152222
0.145630,-0.398560,0.919312
-0.364380,0.146851,0.921143
0.530273,-0.244263,1.119507
-0.331421,-0.212646,0.809692
0.171875,0.057617,1.118286
0.251221,-0.418457,0.948975
-0.436157,0.139526,0.881958
0.533691,-0.185669,1.134644
-0.265259,-0.249634,0.826904
0.049072,0.117310,1.096191
0.329468,-0.425293,0.981812
-0.458862,0.064087,0.863647
0.512329,-0.154541,1.143433
-0.167480,-0.276123,0.834961
-0.046509,0.130493,1.073608
0.377686,-0.384644,1.002686
-0.471680,-0.005493,0.830811
0.478271,-0.128174,1.152710
-0.100464,-0.307129,0.836426
-0.154663,0.168457,1.042969
0.426514,-0.351318,1.033813
-0.476196,-0.062744,0.809326
0.432617,-0.074585,1.168335
-0.042969,-0.336182,0.836914
-0.257690,0.214600,1.008423
0.468384,-0.313843,1.059204
-0.466064,-0.086060,0.792847
0.360352,-0.047485,1.158569
0.034546,-0.351685,0.871094
-0.329956,0.186523,0.964722
0.493164,-0.298096,1.076172
-0.421509,-0.147339,0.782715
0.257202,-0.030396,1.119873
0.124756,-0.375732,0.893311
-0.398193,0.170288,0.911377
0.507080,-0.244263,1.090698
-0.364502,-0.205688,0.782837
0.140625,0.047852,1.098145
0.216919,-0.424072,0.920288
-0.451660,0.118408,0.875000
0.511719,-0.232910,1.089600
-0.274658,-0.268433,0.794922
0.027954,0.129517,1.070679
0.266968,-0.374756,0.925659
-0.480591,0.041504,0.832764
0.502808,-0.221680,1.108032
-0.174194,-0.327881,0.804688
-0.072388,0.149536,1.037842
0.340454,-0.373169,0.950684
-0.514160,-0.000977,0.795654
0.471802,-0.197144,1.118530
-0.130859,-0.351196,0.799683
-0.179565,0.192261,1.022827
0.390015,-0.322876,0.984497
-0.523926,-0.020020,0.777100
0.390381,-0.154419,1.104614
-0.062012,-0.378784,0.826782
-0.256958,0.150635,0.972534
0.428833,-0.297363,1.033936
-0.514893,-0.026245,0.759399
0.313721,-0.063965,1.110596
0.014160,-0.379639,0.860718
-0.345215,0.158447,0.951050
0.458618,-0.284180,1.046875
-0.462280,-0.086304,0.763916
0.208618,0.016968,1.095215
0.088867,-0.386841,0.867676
-0.424561,0.153687,0.894531
0.481323,-0.264893,1.062744
-0.416382,-0.171387,0.757568
0.112305,0.070923,1.070557
0.168091,-0.395752,0.881104
-0.479370,0.088501,0.844971
0.502319,-0.247437,1.086304
-0.315674,-0.245239,0.783569
-0.005127,0.125488,1.034790
0.248413,-0.390137,0.901001
-0.515991,0.045776,0.797852
0.474609,-0.210571,1.088745
-0.218262,-0.326294,0.765747
-0.084473,0.121704,1.007324
0.303589,-0.392700,0.911865
-0.548096,0.036377,0.782959
0.435059,-0.221069,1.063599
-0.164185,-0.338379,0.775269
-0.204590,0.155762,0.993408
0.364502,-0.366943,0.952271
-0.552612,-0.002563,0.762085
0.370728,-0.117432,1.080444
-0.125244,-0.323853,0.787842
-0.270508,0.161133,0.965332
0.401245,-0.328491,0.986816
-0.552979,-0.024902,0.752686
0.302368,-0.095581,1.059692
-0.049927,-0.357422,0.801880
-0.358032,0.179443,0.918823
0.422729,-0.280884,1.018555
-0.521484,-0.087891,0.725952
0.219849,-0.031738,1.059204
0.023682,-0.391113,0.824707
-0.436401,0.180786,0.890991
0.449585,-0.275635,1.036011
-0.478149,-0.137207,0.738892
0.116455,0.040161,1.044800
0.119629,-0.427856,0.854980
-0.496704,0.152588,0.852783
0.448486,-0.251831,1.039429
-0.428589,-0.184570,0.743652
0.037842,0.085693,1.025513
0.178223,-0.393921,0.870728
-0.535156,0.100098,0.815552
0.460083,-0.244019,1.052368
-0.297974,-0.288574,0.750244
-0.071289,0.128540,0.996338
0.231445,-0.393555,0.889526
-0.561768,0.043091,0.763550
0.446655,-0.209961,1.068237
-0.230957,-0.324585,0.729248
-0.166870,0.158813,0.982666
0.299072,-0.388794,0.895752
-0.573975,0.041626,0.766479
0.411743,-0.195190,1.054077
-0.179932,-0.342896,0.748169
-0.246704,0.167358,0.948975
0.337891,-0.339111,0.932617
-0.574829,-0.004517,0.746826
0.356323,-0.140625,1.060547
-0.130127,-0.365967,0.761841
-0.339600,0.184692,0.906372
0.377686,-0.326782,0.967896
-0.560059,-0.047363,0.715332
0.256714,-0.064941,1.049316
-0.057251,-0.394531,0.790894
-0.416382,0.195923,0.908569
0.416138,-0.296509,0.997559
-0.540039,-0.061890,0.719849
0.138184,0.042725,1.020020
0.054321,-0.419067,0.823364
-0.499023,0.129028,0.851196
0.420044,-0.274902,1.010010
-0.458496,-0.148315,0.718506
0.044800,0.120239,1.012329
0.119995,-0.377075,0.842285
-0.545044,0.107300,0.809937
0.445801,-0.270386,1.026123
-0.336182,-0.248901,0.726562
-0.056152,0.173950,0.997803
0.186157,-0.382812,0.855835
-0.563110,0.089844,0.794922
0.437622,-0.244507,1.033081
-0.286743,-0.295654,0.715332
-0.120239,0.166870,0.964600
0.257568,-0.374512,0.880127
-0.591064,0.033569,0.745850
0.401367,-0.214600,1.027344
-0.223022,-0.371216,0.702515
-0.185791,0.178955,0.953247
0.300781,-0.346680,0.899658
-0.609863,0.041504,0.721558
0.381714,-0.186768,1.041260
-0.177368,-0.386841,0.719238
-0.267212,0.161133,0.927856
0.349365,-0.358521,0.924561
-0.609253,0.037231,0.744629
0.330078,-0.115112,1.032593
-0.141724,-0.366699,0.735596
-0.328003,0.166504,0.900879
0.360229,-0.323975,0.949585
-0.588257,-0.005615,0.714355
0.250244,-0.076172,1.020264
-0.066895,-0.407227,0.772827
-0.409546,0.176392,0.872437
0.375488,-0.276855,0.964966
-0.555054,-0.038208,0.697388
0.172363,0.000610,1.002930
0.006836,-0.407837,0.800659
-0.482788,0.188843,0.852417
0.397339,-0.260986,0.982666
-0.526245,-0.097900,0.699707
0.101929,0.045898,1.002197
0.080688,-0.408691,0.826904
-0.544189,0.185303,0.825806
0.412964,-0.231812,1.002808
-0.440186,-0.142212,0.713135
0.025024,0.135864,1.024536
0.138794,-0.403931,0.837891
-0.579956,0.142334,0.805176
0.439819,-0.226074,1.020386
-0.350708,-0.198364,0.728882
-0.080933,0.196045,0.993408
0.218628,-0.408203,0.858154
-0.588623,0.089844,0.785767
0.424561,-0.205444,1.035645
-0.273193,-0.282349,0.714478
-0.143555,0.191162,0.959961
0.281738,-0.388428,0.874268
-0.620972,0.080078,0.755127
0.393433,-0.191040,1.015747
-0.188965,-0.346680,0.721924
-0.199951,0.197754,0.937622
0.309082,-0.346436,0.887939
-0.632080,0.076904,0.735107
0.377197,-0.199707,1.014160
-0.144287,-0.380493,0.728027
-0.287720,0.200562,0.908813
0.342773,-0.330811,0.915527
-0.603882,0.037720,0.719116
0.319580,-0.113159,1.020874
-0.099487,-0.383789,0.744995
-0.377075,0.203491,0.865967
0.379395,-0.320679,0.930542
-0.560669,-0.011597,0.711182
0.237305,-0.033691,1.007202
-0.054321,-0.388306,0.764282
-0.430908,0.198364,0.865601
0.406250,-0.301636,0.950806
-0.536133,-0.021729,0.725830
0.138550,0.048584,1.002808
0.015137,-0.403076,0.796265
-0.496338,0.187500,0.835327
0.414673,-0.260986,0.975952
-0.494263,-0.082886,0.722656
0.067505,0.130859,1.023193
0.093262,-0.395142,0.817505
-0.551758,0.160645,0.806641
0.421631,-0.229614,0.995239
-0.416260,-0.119873,0.735840
0.017090,0.154053,1.015015
0.170288,-0.418823,0.838867
-0.586670,0.160645,0.796021
0.416382,-0.174438,1.011719
-0.336792,-0.195190,0.728271
-0.065796,0.181885,0.986938
0.237183,-0.396240,0.880127
-0.590576,0.118042,0.784668
0.400269,-0.145752,1.021973
-0.261597,-0.268799,0.716431
-0.144775,0.220215,0.966919
0.302002,-0.400391,0.893921
-0.605713,0.103271,0.768677
0.381104,-0.128418,1.025635
-0.183838,-0.338745,0.703979
-0.213745,0.215820,0.933350
0.338745,-0.373169,0.906860
-0.597534,0.067383,0.753296
0.352661,-0.115234,1.019897
-0.130737,-0.361084,0.716064
-0.276978,0.201172,0.885620
0.363159,-0.318970,0.921997
-0.582153,0.046631,0.739868
0.312744,-0.084717,1.013306
-0.070679,-0.411133,0.730713
-0.364136,0.208740,0.863159
0.383057,-0.296875,0.934814
-0.558594,-0.008423,0.716431
0.239502,-0.043579,0.994141
-0.026001,-0.406128,0.766602
-0.425049,0.209351,0.843140
0.407471,-0.271729,0.957153
-0.527710,-0.040894,0.713989
0.162109,0.020386,1.003662
0.040161,-0.417847,0.782471
-0.485840,0.214600,0.836182
0.423218,-0.243652,0.968994
-0.455566,-0.077759,0.741577
0.090698,0.114868,1.020386
0.100098,-0.396851,0.815186
-0.563721,0.195801,0.809448
0.437744,-0.239990,0.986450
-0.370361,-0.152222,0.742676
0.013550,0.178101,1.013062
0.164795,-0.377075,0.835449
-0.585449,0.151123,0.784790
0.430176,-0.228882,1.000854
-0.294189,-0.250122,0.732544
-0.042847,0.177856,0.990112
0.229736,-0.359619,0.868896
-0.609497,0.162109,0.752075
0.423584,-0.177612,1.005981
-0.206421,-0.305420,0.746460
-0.107178,0.170776,0.963379
0.275269,-0.363281,0.889771
-0.602051,0.114624,0.744019
0.416138,-0.143066,1.023926
-0.171387,-0.329712,0.723022
-0.188843,0.206665,0.952881
0.345825,-0.384155,0.903320
-0.583984,0.085571,0.755981
0.361328,-0.098755,1.008423
-0.119751,-0.328125,0.739014
-0.247192,0.208618,0.897461
0.370483,-0.325928,0.928223
-0.580811,0.019653,0.726562
0.318848,-0.097656,1.003540
-0.067139,-0.397827,0.740356
-0.305786,0.204224,0.877930
0.387573,-0.296997,0.924438
-0.552490,0.025024,0.727051
0.281616,-0.072998,1.004761
-0.030029,-0.420288,0.743530
-0.346191,0.179077,0.853394
0.402832,-0.255005,0.946167
-0.539551,0.003662,0.727051
0.190552,-0.033569,0.988647
0.020020,-0.431519,0.765015
-0.391724,0.164185,0.841309
0.420288,-0.232422,0.961914
-0.519165,-0.006348,0.725952
0.134521,0.063110,1.010620
0.096680,-0.430908,0.812988
-0.470825,0.155396,0.809082
0.415161,-0.188965,0.988037
-0.459839,-0.041016,0.724609
0.091187,0.132812,1.024658
0.128784,-0.414429,0.827393
-0.515503,0.137329,0.793457
0.433228,-0.203125,0.993652
-0.398926,-0.129395,0.740234
0.031128,0.135254,1.000977
0.182617,-0.415039,0.846924
-0.565430,0.147949,0.767334
0.437988,-0.159058,1.021606
-0.291870,-0.183228,0.762085
-0.060669,0.178833,0.999634
0.246338,-0.471558,0.850708
-0.588013,0.123657,0.752930
0.427002,-0.156128,1.021484
-0.222534,-0.231812,0.752808
-0.108765,0.212036,0.981201
0.294922,-0.385742,0.895508
-0.588501,0.083130,0.744629
0.405273,-0.162720,1.009888
-0.136841,-0.314941,0.762329
-0.189331,0.222290,0.946167
0.346558,-0.352417,0.919922
-0.584229,0.065674,0.747070
0.367065,-0.140381,1.010742
-0.078369,-0.372314,0.758423
-0.239990,0.199707,0.910889
0.369751,-0.321533,0.928467
-0.565674,0.010132,0.741577
0.322144,-0.122070,1.002197
-0.019653,-0.415283,0.767212
-0.322266,0.185181,0.866211
0.406738,-0.287720,0.939209
-0.535522,0.014038,0.752075
0.237915,-0.061768,0.984985
0.017334,-0.414673,0.770630
-0.354248,0.125610,0.834595
0.427490,-0.248535,0.975830
-0.515991,-0.018799,0.731079
0.167114,0.020874,1.007812
0.085693,-0.478027,0.770508
-0.432983,0.147461,0.817871
0.433594,-0.228271,0.985107
-0.450439,-0.077881,0.752197
0.078125,0.091553,1.001099
0.121948,-0.451294,0.805786
-0.492432,0.094727,0.774902
0.450562,-0.253784,0.997314
-0.386719,-0.117432,0.761719
0.006714,0.187134,1.025757
0.197998,-0.408813,0.848633
-0.554688,0.034058,0.734009
0.449097,-0.225098,1.026489
-0.295532,-0.218384,0.752563
-0.059937,0.259521,1.023193
0.246460,-0.376099,0.870117
-0.561890,0.039551,0.743896
0.440796,-0.250488,1.030884
-0.196533,-0.280273,0.785034
-0.128418,0.224121,0.975708
0.284912,-0.342041,0.882202
-0.570190,0.060669,0.756348
0.421875,-0.204102,1.037231
-0.107056,-0.347168,0.789673
-0.203735,0.222046,0.943970
0.337036,-0.330933,0.921997
-0.560791,0.005737,0.735474
0.369873,-0.180664,1.013184
-0.035156,-0.399536,0.785522
-0.252563,0.215698,0.917236
0.371094,-0.308228,0.940552
-0.539307,-0.018677,0.742798
0.307373,-0.122437,0.996216
0.014771,-0.441406,0.784424
-0.289185,0.173950,0.884399
0.396973,-0.308472,0.953613
-0.530151,-0.044434,0.734741
0.253174,-0.079468,1.001465
0.043091,-0.482056,0.764404
-0.358276,0.153687,0.847290
0.430420,-0.297607,0.963989
-0.509033,-0.076172,0.736084
0.184570,-0.050415,0.993408
0.091797,-0.501343,0.785034
-0.415039,0.130859,0.812988
0.440918,-0.256592,0.981689
-0.441650,-0.076172,0.748413
0.108765,0.049683,1.010620
0.131104,-0.483765,0.808228
-0.460083,0.079834,0.792114
0.457764,-0.263184,0.999146
-0.394409,-0.127319,0.755493
0.008179,0.146118,1.014648
0.214478,-0.497437,0.830566
-0.505127,0.030151,0.760376
0.460083,-0.250732,1.019775
-0.320801,-0.185669,0.767212
-0.063965,0.196045,1.014771
0.269775,-0.434937,0.882568
-0.534424,0.012817,0.737061
0.442139,-0.228394,1.034058
-0.239258,-0.240234,0.782104
-0.120850,0.203735,0.989990
0.317627,-0.403687,0.915161
-0.545044,-0.009033,0.745117
0.413330,-0.183350,1.046631
-0.120483,-0.315552,0.793823
-0.193115,0.215576,0.968384
0.359497,-0.391479,0.923950
-0.528809,-0.034790,0.750610
0.368042,-0.150757,1.035278
-0.033081,-0.387573,0.797363
-0.250366,0.162964,0.916016
0.386230,-0.342651,0.950317
-0.511719,-0.044434,0.753784
0.311401,-0.116699,1.026855
0.022705,-0.464478,0.781494
-0.297852,0.124146,0.880737
0.430908,-0.333130,0.969604
-0.494873,-0.047363,0.753418
0.219360,-0.041626,1.004395
0.084595,-0.455933,0.808472
-0.361450,0.100830,0.855957
0.449707,-0.311401,1.000854
-0.452148,-0.112305,0.748169
0.151978,0.054688,1.028809
0.110474,-0.419189,0.827148
-0.413330,0.084717,0.830933
0.474976,-0.310913,1.019409
-0.420166,-0.160889,0.745239
0.072998,0.107056,1.023438
0.181152,-0.475586,0.839722
-0.459595,0.064209,0.794922
0.476196,-0.268066,1.031494
-0.366455,-0.182007,0.753540
0.015869,0.150879,1.030884
0.246460,-0.467163,0.864868
-0.495972,0.025146,0.763794
0.483887,-0.269531,1.046143
-0.291870,-0.229980,0.780640
-0.062256,0.186890,1.020630
0.302856,-0.445557,0.905151
-0.518677,0.029785,0.765869
0.452148,-0.245117,1.055664
-0.211182,-0.284302,0.789429
-0.111694,0.217407,1.021240
0.354126,-0.429199,0.931763
-0.527100,-0.001099,0.771606
0.406372,-0.194580,1.052734
-0.123291,-0.333740,0.805908
-0.132935,0.168823,0.990479
0.365845,-0.368408,0.959839
-0.521240,-0.025757,0.758179
0.397827,-0.175903,1.050415
-0.067261,-0.361450,0.814819
-0.191650,0.176758,0.975830
0.398926,-0.365967,0.982422
-0.504028,-0.091553,0.753052
0.373535,-0.153931,1.056763
-0.005127,-0.407104,0.805420
-0.252686,0.194336,0.944946
0.437012,-0.338501,0.987427
-0.479614,-0.095825,0.751953
0.323608,-0.127441,1.058350
0.040771,-0.459229,0.816528
-0.296631,0.150146,0.916016
0.453857,-0.320923,1.005981
-0.449219,-0.107544,0.775269
0.270508,-0.069336,1.045898
0.083740,-0.465942,0.818848
-0.329956,0.146118,0.900757
0.467773,-0.299316,1.026001
-0.418091,-0.135620,0.774902
0.219971,-0.028198,1.059937
0.122070,-0.462280,0.833374
-0.374634,0.128174,0.878296
0.479858,-0.269775,1.042847
-0.393066,-0.155884,0.776611
0.162109,0.023071,1.060059
0.183350,-0.489624,0.848389
-0.413818,0.089600,0.848267
0.498169,-0.263306,1.058350
-0.358032,-0.169800,0.781982
0.076294,0.082642,1.042480
0.252319,-0.509888,0.880249
-0.442993,0.034180,0.806030
0.495483,-0.212280,1.074707
-0.294556,-0.203491,0.789673
0.001709,0.142212,1.041138
0.328979,-0.505981,0.920044
-0.473389,0.020386,0.786499
0.478027,-0.178955,1.086548
-0.225220,-0.217773,0.813110
-0.078979,0.199829,1.038940
0.378418,-0.475098,0.955200
-0.482300,-0.023071,0.795044
0.452148,-0.144165,1.111572
-0.129639,-0.271362,0.830200
-0.149902,0.215210,1.022217
0.429077,-0.427856,0.986572
-0.479614,-0.054565,0.793213
0.407471,-0.127319,1.102051
-0.027588,-0.349243,0.837158
-0.202759,0.222046,1.004395
0.453491,-0.333496,1.031006
-0.453857,-0.113770,0.781250
0.358521,-0.099609,1.095703
0.065063,-0.439819,0.848267
-0.269043,0.173950,0.963013
0.474609,-0.308716,1.043945
-0.419189,-0.109497,0.791016
0.293945,-0.038086,1.096313
0.100586,-0.438721,0.869507
-0.341553,0.166992,0.948975
0.507080,-0.292847,1.072632
-0.402222,-0.138672,0.785034
0.216797,0.034912,1.100952
0.191650,-0.462769,0.905029
-0.399536,0.126587,0.898071
0.521973,-0.271851,1.088257
-0.343628,-0.184814,0.792725
0.145264,0.073730,1.080566
0.257690,-0.441772,0.925781
-0.421509,0.083374,0.852173
0.514648,-0.233398,1.094482
-0.271118,-0.220947,0.821289
0.066650,0.120361,1.073364
0.314575,-0.481689,0.929199
-0.446045,0.033936,0.825317
0.519531,-0.198120,1.128174
-0.218384,-0.228149,0.832031
-0.019531,0.205688,1.080078
0.366211,-0.434326,0.968628
-0.471558,0.000854,0.822144
0.507202,-0.204224,1.125000
-0.154785,-0.283936,0.840698
-0.068359,0.224976,1.073730
0.408203,-0.379028,1.006714
-0.487671,0.005615,0.814209
0.481445,-0.168091,1.135620
-0.058960,-0.358154,0.862671
-0.124146,0.217773,1.052246
0.428955,-0.353638,1.019653
-0.457886,-0.044067,0.806519
0.451050,-0.147705,1.130859
0.010742,-0.397827,0.875732
-0.176147,0.206421,1.030396
0.463257,-0.338867,1.044067
-0.456543,-0.052612,0.806885
0.423096,-0.104126,1.151367
0.052002,-0.392578,0.885986
-0.214111,0.193970,1.014526
0.483887,-0.296265,1.071167
-0.437988,-0.088379,0.797485
0.382080,-0.068359,1.142700
0.073975,-0.385742,0.900391
-0.264526,0.214844,1.011963
0.501343,-0.271362,1.084473
-0.415649,-0.103882,0.802246
0.328979,-0.047485,1.132446
0.129639,-0.404175,0.915771
-0.300781,0.178589,0.973145
0.526611,-0.254639,1.114990
-0.390137,-0.142090,0.808472
0.264038,0.008179,1.127197
0.193604,-0.431763,0.924561
-0.343506,0.117065,0.932251
0.546509,-0.236572,1.135864
-0.348511,-0.173706,0.800171
0.172363,0.101074,1.111206
0.278687,-0.453857,0.949707
-0.396118,0.078979,0.886353
0.553101,-0.229736,1.147461
-0.292603,-0.228271,0.803101
0.084351,0.163452,1.091797
0.327393,-0.437866,0.968750
-0.424683,0.044678,0.881348
0.542725,-0.200439,1.164429
-0.205688,-0.285034,0.827759
0.009277,0.225342,1.110840
0.377197,-0.388184,1.002563
-0.452881,0.035034,0.863525
0.534546,-0.207031,1.153931
-0.136230,-0.284790,0.870361
-0.040649,0.210327,1.096436
0.413330,-0.357178,1.026489
-0.444702,-0.016479,0.841797
0.498901,-0.140747,1.164673
-0.050049,-0.349487,0.871826
-0.093384,0.196777,1.079590
0.453735,-0.352173,1.043701
-0.460571,-0.010986,0.833984
0.461426,-0.096191,1.160767
0.024902,-0.350586,0.891113
-0.158569,0.196411,1.057617
0.488770,-0.337891,1.081055
-0.441284,-0.057007,0.825806
0.409668,-0.020874,1.174561
0.038818,-0.339355,0.894653
-0.223267,0.220825,1.050781
0.531738,-0.320190,1.110840
-0.416870,-0.117920,0.822388
0.336548,-0.009644,1.144531
0.098755,-0.359985,0.917114
-0.273193,0.185547,0.996338
0.553589,-0.260498,1.142944
-0.385742,-0.162598,0.815308
0.281128,0.017822,1.147827
0.168213,-0.381836,0.940430
-0.331787,0.132446,0.932251
0.568970,-0.251709,1.148193
-0.324951,-0.210938,0.818726
0.188354,0.076660,1.122437
0.252808,-0.399780,0.961670
-0.463623,0.048218,0.823853
0.497070,-0.171753,1.127686
-0.253540,-0.227661,0.854614
-0.053833,0.195190,1.080811
0.399170,-0.394897,1.005005
-0.480103,0.027222,0.821655
0.468872,-0.131226,1.125977
-0.023193,-0.339111,0.887695
-0.149658,0.216309,1.060913
0.452026,-0.363159,1.042725
-0.443481,-0.051270,0.822754
0.408569,-0.084839,1.141724
0.042114,-0.364990,0.880371
-0.205444,0.190308,1.024902
0.510742,-0.288086,1.094971
-0.410889,-0.121948,0.813354
0.326416,-0.000122,1.131104
0.099487,-0.379517,0.893555
-0.298950,0.187622,0.980469
0.537842,-0.259399,1.119995
-0.367920,-0.177856,0.813477
0.234985,0.022095,1.111694
0.199219,-0.416138,0.932983
-0.363525,0.130859,0.911377
0.546631,-0.229980,1.134644
-0.302490,-0.211426,0.822998
0.136841,0.095947,1.102905
0.299316,-0.445801,0.964478
-0.410767,0.088501,0.869995
0.532959,-0.205322,1.130249
-0.230469,-0.226440,0.840698
0.029907,0.173096,1.102905
0.375610,-0.403198,1.005615
-0.453613,0.057495,0.854126
0.516235,-0.142822,1.146851
-0.107544,-0.277100,0.868652
-0.071655,0.220825,1.093262
0.417114,-0.363647,1.038452
-0.444702,-0.044678,0.832397
0.472656,-0.093872,1.179443
0.008179,-0.369141,0.873657
-0.161255,0.232056,1.068604
0.469238,-0.330566,1.060059
-0.429077,-0.078369,0.825439
0.418579,-0.065918,1.162842
0.053711,-0.345093,0.896484
-0.236206,0.236816,1.044189
0.520020,-0.281982,1.104004
-0.423218,-0.111572,0.789307
0.332764,-0.024414,1.145142
0.151123,-0.403564,0.922485
-0.296021,0.184570,1.007568
0.535034,-0.247070,1.133667
-0.378662,-0.155640,0.801636
0.242188,0.034424,1.129272
0.224854,-0.427490,0.950928
-0.367554,0.125977,0.927612
0.554443,-0.224976,1.149414
-0.295898,-0.210205,0.829834
0.126221,0.117432,1.112549
0.307983,-0.439697,0.974976
-0.416870,0.085327,0.880249
0.550781,-0.181763,1.157593
-0.218628,-0.239868,0.849976
0.027344,0.182861,1.102173
0.361450,-0.399292,1.007935
-0.429810,0.027466,0.871704
0.541138,-0.148682,1.179199
-0.132202,-0.276489,0.868530
-0.049194,0.229248,1.101929
0.408447,-0.361938,1.019775
-0.440430,-0.010620,0.849365
0.506348,-0.156982,1.165894
-0.018311,-0.324585,0.903931
-0.126099,0.230225,1.083252
0.445435,-0.327881,1.047729
-0.450684,-0.035278,0.838135
0.461914,-0.113892,1.177979
0.013916,-0.345947,0.898926
-0.178223,0.223877,1.067627
0.493042,-0.281616,1.083740
-0.443481,-0.048950,0.818481
0.396240,-0.067871,1.160522
0.070435,-0.385498,0.914185
-0.252930,0.201172,1.025757
0.528931,-0.258301,1.130005
-0.413818,-0.103027,0.811401
0.318604,-0.014282,1.148560
0.148682,-0.389160,0.949341
-0.309814,0.148315,0.963867
0.546509,-0.232056,1.142334
-0.346680,-0.162720,0.815796
0.229248,0.059814,1.140991
0.227295,-0.413818,0.947510
-0.374390,0.120483,0.926880
0.564331,-0.244263,1.141235
-0.289551,-0.205811,0.846436
0.126953,0.105835,1.109131
0.290649,-0.397217,0.971313
-0.418213,0.092773,0.877319
0.566895,-0.209106,1.169312
-0.225220,-0.257690,0.855225
0.036499,0.148682,1.099976
0.352661,-0.392700,0.997803
-0.443970,0.046509,0.867310
0.542603,-0.167114,1.175903
-0.109131,-0.283203,0.874756
-0.064453,0.208374,1.085571
0.411255,-0.392944,1.018311
-0.444214,-0.020020,0.848022
0.496704,-0.115601,1.183105
-0.031982,-0.338013,0.869263
-0.134399,0.205688,1.054565
0.439087,-0.327515,1.046265
-0.444336,-0.065918,0.822998
0.462891,-0.106079,1.188721
0.002808,-0.339722,0.886963
-0.216187,0.224121,1.039307
0.487061,-0.276611,1.094360
-0.448975,-0.067993,0.810181
0.378052,-0.067505,1.165527
0.083984,-0.382690,0.919922
-0.291870,0.191406,1.003052
0.528809,-0.258423,1.120972
-0.401123,-0.120361,0.804199
0.265259,0.015991,1.139771
0.185303,-0.422485,0.942993
-0.355713,0.132080,0.945068
0.531738,-0.240234,1.120117
-0.338013,-0.189697,0.819580
0.160889,0.092896,1.105225
0.269165,-0.413574,0.964966
-0.420410,0.096313,0.891479
0.532593,-0.172485,1.158081
-0.247925,-0.250122,0.827271
0.059204,0.168945,1.104980
0.308472,-0.395264,0.963135
-0.447266,0.040527,0.862549
0.537842,-0.208130,1.158081
-0.161621,-0.294678,0.854126
-0.027222,0.195312,1.090454
0.344482,-0.391602,0.972778
-0.453369,0.006226,0.855957
0.525024,-0.169678,1.166504
-0.088623,-0.324951,0.852905
-0.104736,0.184448,1.056519
0.389893,-0.350098,1.002441
-0.470703,-0.026367,0.825073
0.489624,-0.164917,1.159180
-0.061523,-0.348145,0.848999
-0.154175,0.216919,1.059204
0.423828,-0.302612,1.018188
-0.486450,-0.038330,0.800293
0.441772,-0.147095,1.159668
-0.017334,-0.391479,0.860474
-0.239868,0.211670,1.033203
0.464233,-0.288696,1.064209
-0.469238,-0.039673,0.796875
0.365479,-0.083252,1.154541
0.036377,-0.386353,0.895996
-0.300659,0.195923,0.999146
0.488892,-0.286621,1.088257
-0.432739,-0.088623,0.789429
0.281982,-0.004028,1.140381
0.128540,-0.424805,0.908936
-0.361938,0.152710,0.952881
0.514160,-0.263550,1.087036
-0.385742,-0.129761,0.791016
0.199951,0.052734,1.124512
0.187500,-0.433594,0.921753
-0.402954,0.125366,0.921265
0.519043,-0.241333,1.101074
-0.342773,-0.195190,0.794434
0.119507,0.122559,1.100464
0.245605,-0.411011,0.922485
-0.464355,0.088013,0.869019
0.525024,-0.225342,1.119873
-0.270264,-0.284668,0.802856
0.027710,0.141357,1.071533
0.287476,-0.382568,0.945435
-0.472412,0.045654,0.831177
0.514893,-0.204102,1.131592
-0.182129,-0.319580,0.806274
-0.040527,0.135986,1.059326
0.329590,-0.372070,0.959961
-0.488281,0.021851,0.819824
0.495483,-0.174927,1.140015
-0.129028,-0.335449,0.804565
-0.128418,0.153809,1.028564
0.382324,-0.347656,0.990234
-0.516846,-0.008301,0.792358
0.449829,-0.166748,1.133789
-0.092041,-0.354614,0.816284
-0.225586,0.184570,0.995483
0.435059,-0.333374,1.017456
-0.502197,-0.020264,0.796509
0.369019,-0.103882,1.119263
-0.039307,-0.368408,0.829712
-0.298340,0.176636,0.969604
0.477539,-0.322632,1.063599
-0.478271,-0.097778,0.764038
0.308350,-0.030029,1.126587
0.037842,-0.337402,0.859009
-0.375366,0.192871,0.936279
0.495972,-0.301270,1.059937
-0.427979,-0.188354,0.766846
0.194702,-0.027954,1.076904
0.139404,-0.386108,0.899170
-0.455933,0.142822,0.862549
0.498291,-0.226685,1.087280
-0.357300,-0.192749,0.780884
0.085693,0.086670,1.066772
0.203979,-0.398804,0.920654
-0.491821,0.064819,0.832153
0.493652,-0.213135,1.096924
-0.254395,-0.282837,0.784668
-0.001099,0.145020,1.062012
0.262207,-0.373047,0.916504
-0.516602,0.036377,0.807495
0.483032,-0.223145,1.093994
-0.184326,-0.351929,0.768799
-0.096069,0.137207,1.018188
0.330566,-0.354370,0.937988
-0.538330,0.016846,0.774170
0.431519,-0.213623,1.088623
-0.142944,-0.376587,0.781128
-0.189575,0.143677,0.988159
0.371704,-0.326660,0.978271
-0.535278,-0.028076,0.772461
0.366699,-0.130737,1.098755
-0.100830,-0.379761,0.789429
-0.262695,0.157349,0.969116
0.417114,-0.301025,1.013672
-0.526855,-0.037231,0.748291
0.286377,-0.052246,1.093750
-0.019531,-0.392822,0.828979
-0.354858,0.133179,0.913452
0.454102,-0.271484,1.060791
-0.456177,-0.117554,0.748291
0.186523,0.043701,1.090698
0.079590,-0.424438,0.852905
-0.449341,0.151367,0.876709
0.448486,-0.253906,1.044800
-0.421875,-0.162476,0.755249
0.098267,0.089600,1.062012
0.171509,-0.423706,0.875488
-0.499634,0.111694,0.850830
0.450562,-0.225586,1.057373
-0.332031,-0.235962,0.754517
0.005127,0.146851,1.053101
0.224731,-0.398438,0.887207
-0.523804,0.037720,0.806152
0.464966,-0.234009,1.070312
-0.246338,-0.287964,0.756470
-0.072754,0.175049,1.031982
0.265869,-0.388184,0.892822
-0.547485,0.025146,0.782471
0.460205,-0.223145,1.067383
-0.204956,-0.303711,0.755005
-0.165649,0.184326,0.994263
0.337280,-0.380737,0.926025
-0.569946,0.004150,0.776611
0.405151,-0.190796,1.061157
-0.154053,-0.365845,0.756226
-0.231934,0.171143,0.961548
0.346680,-0.327148,0.946655
-0.570190,-0.003906,0.749146
0.373779,-0.169312,1.076294
-0.118896,-0.393311,0.769043
-0.310181,0.171509,0.936035
0.401245,-0.317017,0.983032
-0.553711,-0.028442,0.730957
0.283936,-0.080811,1.070068
-0.057373,-0.384399,0.799316
-0.387207,0.172241,0.909668
0.432373,-0.320557,1.010254
-0.514404,-0.042358,0.739380
0.186279,0.012329,1.050415
0.023926,-0.398560,0.819702
-0.441162,0.147827,0.868042
0.421631,-0.259033,1.019653
-0.488281,-0.118896,0.729614
0.126953,0.054077,1.047729
0.091309,-0.420288,0.829590
-0.512817,0.151489,0.846924
0.438721,-0.263794,1.025879
-0.399780,-0.209351,0.746338
0.038940,0.099487,1.017944
0.140747,-0.376709,0.856689
-0.544067,0.107666,0.806519
0.458496,-0.244141,1.046265
-0.321167,-0.281860,0.741577
-0.035156,0.120850,1.010742
0.208008,-0.397217,0.865234
-0.559814,0.101440,0.803101
0.423828,-0.234131,1.024292
-0.263550,-0.321533,0.729858
-0.096680,0.116333,0.984619
0.259155,-0.403931,0.869873
-0.580811,0.071899,0.769043
0.424927,-0.199341,1.052368
-0.227905,-0.321533,0.724609
-0.201172,0.154541,0.965454
0.318115,-0.388062,0.919434
-0.570190,0.011963,0.753662
0.376099,-0.143433,1.061401
-0.184204,-0.340576,0.732178
-0.283691,0.182739,0.941162
0.359009,-0.347046,0.951172
-0.572876,-0.035645,0.729126
0.317261,-0.113403,1.053589
-0.133911,-0.364624,0.751831
-0.371338,0.199463,0.896973
0.395142,-0.335327,0.958496
-0.540283,-0.039551,0.735474
0.222290,-0.048096,1.035034
-0.043701,-0.400146,0.782349
-0.452637,0.202637,0.869995
0.404297,-0.290527,0.987061
-0.511230,-0.105835,0.726074
0.124023,0.031006,1.033936
0.066528,-0.424316,0.813965
-0.521729,0.182129,0.838989
0.414673,-0.245850,1.000854
-0.424072,-0.193848,0.734131
0.033691,0.088013,1.021118
0.135742,-0.420898,0.830566
-0.563965,0.132324,0.798584
0.436035,-0.213867,1.037720
-0.333374,-0.228882,0.738647
-0.079468,0.159912,0.995972
0.232910,-0.438843,0.860107
-0.586548,0.073486,0.776489
0.394775,-0.170776,1.026001
-0.252075,-0.298828,0.716553
-0.166992,0.163330,0.968140
0.296631,-0.389038,0.901733
-0.593018,0.038452,0.750366
0.366333,-0.156616,1.040405
-0.180420,-0.361450,0.713257
-0.278809,0.189819,0.929932
0.350098,-0.335693,0.933472
-0.592651,-0.000977,0.731934
0.300171,-0.116699,1.035645
-0.128052,-0.392944,0.733887
-0.375610,0.166382,0.870850
0.382324,-0.307617,0.957886
-0.539673,-0.020020,0.734619
0.187012,-0.002930,1.024658
-0.032715,-0.406982,0.768799
-0.461426,0.192871,0.863892
0.417114,-0.245605,1.004517
-0.397339,-0.171509,0.739014
-0.008545,0.146606,1.005859
0.157959,-0.412109,0.836914
-0.572510,0.125000,0.797363
0.412964,-0.210449,1.012695
-0.318481,-0.232300,0.726074
-0.071899,0.146606,0.985718
0.224487,-0.399292,0.867065
-0.603027,0.106079,0.770142
0.409302,-0.179321,1.031494
-0.238770,-0.314087,0.711426
-0.170044,0.176880,0.958618
0.286133,-0.378052,0.895264
-0.608276,0.065552,0.758667
0.358765,-0.140747,1.017090
-0.183594,-0.353394,0.710938
-0.245972,0.166748,0.921997
0.337891,-0.343994,0.924927
-0.618286,0.036133,0.730225
0.328857,-0.136230,1.019409
-0.123291,-0.385986,0.736450
-0.339722,0.187622,0.892822
0.367310,-0.323364,0.932617
-0.580688,-0.001587,0.711548
0.238770,-0.057617,1.005127
-0.057617,-0.398438,0.766846
-0.443970,0.200317,0.848877
0.404175,-0.293945,0.968628
-0.541016,-0.079712,0.704346
0.123291,0.041382,1.001953
0.035278,-0.406372,0.789917
-0.519653,0.210693,0.846680
0.421265,-0.266235,0.988281
-0.469482,-0.105469,0.735229
0.044800,0.111938,1.003540
0.110962,-0.404663,0.820312
-0.570190,0.175415,0.814209
0.428589,-0.227661,1.000488
-0.378662,-0.208618,0.713989
-0.019653,0.149658,1.006348
0.203613,-0.408691,0.850830
-0.602295,0.158081,0.789917
0.417969,-0.198853,1.010498
-0.277344,-0.265991,0.726074
-0.126343,0.155029,0.957397
0.272095,-0.407593,0.883911
-0.605103,0.110107,0.752197
0.376587,-0.114868,1.020020
-0.195679,-0.272339,0.735718
-0.223755,0.171387,0.935303
0.329834,-0.421387,0.895996
-0.598999,0.045532,0.731079
0.357422,-0.081055,1.032227
-0.149780,-0.313721,0.721069
-0.307007,0.209595,0.892334
0.381836,-0.375610,0.917603
-0.592163,0.000244,0.712524
0.289917,-0.062256,1.023926
-0.090454,-0.369385,0.731323
-0.389282,0.228027,0.881226
0.399902,-0.335571,0.941650
-0.552979,-0.063477,0.699219
0.186157,-0.005371,0.993652
-0.021973,-0.377808,0.774902
-0.457764,0.216309,0.863647
0.415649,-0.268433,0.962158
-0.500366,-0.103271,0.708618
0.099365,0.050659,0.992432
0.061035,-0.390503,0.799561
-0.538208,0.211304,0.826172
0.428833,-0.226685,0.983765
-0.390991,-0.156616,0.748901
-0.006104,0.128540,0.985596
0.153687,-0.408569,0.836792
-0.575439,0.143921,0.780396
0.428101,-0.176270,1.026733
-0.298950,-0.229980,0.727295
-0.096069,0.192017,0.991577
0.258179,-0.400269,0.874268
-0.619263,0.131470,0.765503
0.401733,-0.162964,1.024780
-0.181763,-0.341431,0.719971
-0.189697,0.205444,0.940430
0.314331,-0.359619,0.889648
-0.618286,0.100342,0.744385
0.369629,-0.132324,1.010864
-0.109253,-0.368774,0.739014
-0.282349,0.183716,0.893433
0.371338,-0.323364,0.921509
-0.590332,0.042847,0.718628
0.288086,-0.079590,0.997559
-0.047485,-0.406006,0.758789
-0.372925,0.186279,0.860840
0.383057,-0.273926,0.941040
-0.560059,-0.005005,0.692993
0.193970,0.009277,1.001709
0.014038,-0.411011,0.781738
-0.448242,0.184937,0.848022
0.412109,-0.241455,0.971191
-0.509155,-0.036499,0.716675
0.088501,0.099121,0.994873
0.097900,-0.426758,0.805542
-0.525269,0.184082,0.833862
0.433350,-0.211304,1.000610
-0.418945,-0.109863,0.732788
-0.002319,0.187012,0.995972
0.176514,-0.383423,0.842163
-0.574341,0.122437,0.791870
0.439697,-0.199829,1.022705
-0.291138,-0.214355,0.732422
-0.084717,0.222656,0.981689
0.240479,-0.368774,0.866089
-0.608643,0.114624,0.765259
0.431396,-0.193604,1.017212
-0.203125,-0.296631,0.755371
-0.157104,0.197266,0.939087
0.299561,-0.347534,0.894653
-0.614624,0.123047,0.751465
0.399780,-0.142212,1.032837
-0.114502,-0.375610,0.742920
-0.228271,0.187378,0.904907
0.337524,-0.329468,0.908203
-0.588867,0.089355,0.739136
0.353760,-0.116089,1.011353
-0.073486,-0.391235,0.741577
-0.293823,0.197876,0.879761
0.368286,-0.300171,0.918457
-0.568848,0.027588,0.725952
0.268921,-0.056519,0.990356
-0.026978,-0.429321,0.750977
-0.374756,0.203735,0.866211
0.404419,-0.293091,0.939331
-0.535156,-0.010498,0.722778
0.188599,0.008179,0.996582
0.013672,-0.418579,0.761230
-0.442139,0.174438,0.823364
0.441650,-0.237183,0.980957
-0.475342,-0.047852,0.742432
0.079590,0.126465,1.013062
0.088135,-0.416626,0.789062
-0.504272,0.135498,0.807617
0.442383,-0.229248,0.993164
-0.377563,-0.112671,0.763184
0.004395,0.186646,1.009644
0.181641,-0.382812,0.846924
-0.576172,0.125854,0.769897
0.424927,-0.191528,1.022461
-0.288574,-0.253662,0.726685
-0.075684,0.218994,0.998657
0.277954,-0.370605,0.888306
-0.604248,0.116577,0.759399
0.414062,-0.183960,1.014160
-0.182007,-0.309082,0.746582
-0.168945,0.204834,0.939697
0.323364,-0.339111,0.904785
-0.588623,0.071045,0.743652
0.379517,-0.105347,1.035156
-0.093750,-0.372925,0.737549
-0.252197,0.198975,0.898438
0.363647,-0.331909,0.911499
-0.566528,0.025757,0.737915
0.319824,-0.088867,1.001587
-0.038086,-0.402344,0.746704
-0.344849,0.196655,0.864014
0.399170,-0.292969,0.937866
-0.548340,-0.010742,0.713867
0.214600,-0.012085,0.999878
0.019409,-0.413330,0.782593
-0.403442,0.173462,0.841553
0.420532,-0.263306,0.964111
-0.501953,-0.035278,0.728027
0.122559,0.084717,1.006714
0.084839,-0.420044,0.797485
-0.478149,0.164429,0.814575
0.442993,-0.236816,0.981934
-0.421387,-0.074219,0.762451
0.036377,0.152222,1.003540
0.158691,-0.416504,0.835083
-0.553467,0.144287,0.781494
0.441284,-0.206177,1.013550
-0.308105,-0.175537,0.768433
-0.048218,0.195190,1.002808
0.228760,-0.398438,0.856079
-0.584351,0.104858,0.742920
0.434814,-0.176025,1.029663
-0.213623,-0.261597,0.755371
-0.124390,0.199219,0.963379
0.301392,-0.389404,0.891602
-0.590088,0.086182,0.742798
0.408813,-0.156738,1.018921
-0.108765,-0.341919,0.769165
-0.214111,0.191162,0.919922
0.350830,-0.355957,0.913574
-0.578369,0.077393,0.752319
0.345947,-0.103027,1.010254
-0.038452,-0.416870,0.757202
-0.274048,0.165283,0.877319
0.372437,-0.302368,0.930298
-0.554810,0.013306,0.731079
0.267822,-0.061523,0.991333
0.014648,-0.430176,0.764648
-0.375732,0.173096,0.838501
0.409180,-0.286255,0.950562
-0.504761,-0.076538,0.728027
0.170166,0.018799,1.000610
0.064575,-0.416138,0.780762
-0.459961,0.173340,0.807861
0.428589,-0.237305,0.980225
-0.424561,-0.111450,0.755493
0.080444,0.073730,1.003540
0.128540,-0.403687,0.822754
-0.525391,0.146606,0.771973
0.431641,-0.190918,0.994019
-0.315308,-0.156006,0.773560
-0.024414,0.109863,0.979370
0.228271,-0.429321,0.863770
-0.562378,0.078979,0.746094
0.436523,-0.159546,1.021606
-0.195068,-0.245361,0.756958
-0.172241,0.221680,0.962036
0.337891,-0.425781,0.904419
-0.563354,0.034546,0.760620
0.370605,-0.137573,1.010742
-0.077637,-0.337524,0.767944
-0.267700,0.207031,0.885864
0.391724,-0.327148,0.939697
-0.526978,-0.032227,0.758179
0.286377,-0.076904,1.008911
0.014893,-0.425415,0.765625
-0.374878,0.164917,0.829224
0.417603,-0.279053,0.964478
-0.492554,-0.076660,0.736938
0.174072,-0.010864,0.995483
0.078857,-0.460571,0.787598
-0.473633,0.165161,0.798828
0.443726,-0.251587,0.969849
-0.399658,-0.140625,0.751953
0.034424,0.108276,1.001465
0.164795,-0.448730,0.823364
-0.533081,0.080566,0.750244
0.454346,-0.200562,1.018433
-0.278320,-0.194580,0.765869
-0.088867,0.199951,0.988281
0.264526,-0.420898,0.874390
-0.562622,0.036255,0.734375
0.418335,-0.182007,1.024536
-0.151123,-0.303955,0.774048
-0.161499,0.196167,0.955322
0.330322,-0.361816,0.913452
-0.571777,0.052856,0.747437
0.364624,-0.146362,1.017212
-0.058105,-0.380005,0.782593
-0.254517,0.185791,0.914429
0.388428,-0.376099,0.938232
-0.549316,-0.017212,0.738892
0.288818,-0.076782,0.994385
0.006592,-0.410767,0.765991
-0.334595,0.146118,0.846924
0.424194,-0.318970,0.965332
-0.495850,-0.098877,0.738281
0.199585,-0.028442,1.000977
0.057129,-0.437744,0.774658
-0.415649,0.135376,0.816040
0.441650,-0.274780,0.977051
-0.443604,-0.146606,0.744751
0.121216,0.037476,1.009399
0.123657,-0.435059,0.812500
-0.505859,0.133911,0.775757
0.444092,-0.248169,0.990479
-0.350708,-0.166748,0.780151
0.006836,0.110718,1.001709
0.206787,-0.435547,0.855103
-0.537964,0.080811,0.746216
0.430298,-0.184082,1.015991
-0.244873,-0.215088,0.769165
-0.093628,0.159912,0.984741
0.304321,-0.468018,0.888428
-0.560669,0.051392,0.746826
0.397827,-0.136719,1.021484
-0.131226,-0.274170,0.783447
-0.189209,0.178589,0.952271
0.363281,-0.434082,0.926147
-0.539795,0.004150,0.755493
0.353027,-0.093384,1.025269
-0.046753,-0.345093,0.777344
-0.266479,0.164062,0.903442
0.399292,-0.372559,0.946289
-0.512451,-0.092285,0.742798
0.280518,-0.070435,1.005371
0.018921,-0.411377,0.785034
-0.355103,0.164673,0.850586
0.440796,-0.325195,0.988892
-0.480469,-0.122070,0.744629
0.197998,-0.034546,1.003052
0.062988,-0.449463,0.773926
-0.415283,0.133911,0.806152
0.469971,-0.282959,0.996338
-0.424438,-0.151001,0.753052
0.097656,0.029907,1.004639
0.126343,-0.464111,0.801636
-0.458618,0.103394,0.783203
0.456543,-0.248047,1.006226
-0.372803,-0.168335,0.765503
-0.005005,0.105225,0.995850
0.221069,-0.477661,0.835449
-0.510498,0.052856,0.749146
0.451904,-0.226929,1.022339
-0.280029,-0.188599,0.788330
-0.094849,0.165161,0.985107
0.298340,-0.469116,0.878296
-0.542114,0.035400,0.737549
0.416138,-0.179077,1.038696
-0.140137,-0.270752,0.811035
-0.190796,0.202637,0.968140
0.359253,-0.434814,0.916260
-0.523926,-0.017944,0.744629
0.357544,-0.119263,1.017822
-0.032349,-0.350342,0.800781
-0.270142,0.191528,0.930054
0.416016,-0.407715,0.950806
-0.506348,-0.103882,0.745361
0.252808,-0.049927,1.013794
0.047119,-0.428955,0.777100
-0.358521,0.135254,0.854370
0.458374,-0.336670,0.993530
-0.452026,-0.140137,0.755249
0.137085,0.014893,1.000122
0.105469,-0.448120,0.793579
-0.426270,0.095215,0.808716
0.467651,-0.254639,1.031738
-0.380127,-0.177979,0.750244
0.023438,0.099854,1.008667
0.230835,-0.480469,0.844971
-0.504028,0.044800,0.756836
0.456909,-0.228394,1.027832
-0.244385,-0.228882,0.803345
-0.105225,0.160400,0.988281
0.301758,-0.431030,0.902832
-0.519165,0.014526,0.753662
0.397095,-0.149292,1.041992
-0.088501,-0.317993,0.807007
-0.213135,0.177246,0.959229
0.374878,-0.417236,0.937744
-0.519897,-0.044434,0.740234
0.325317,-0.109375,1.011597
0.043701,-0.417847,0.809814
-0.301514,0.152344,0.904419
0.427856,-0.363403,0.979370
-0.476074,-0.124268,0.748779
0.210327,-0.039673,1.012329
0.101929,-0.464111,0.798218
-0.393433,0.147217,0.856689
0.452637,-0.216187,1.014771
-0.394043,-0.198730,0.755371
-0.068848,0.170654,0.998169
0.245972,-0.453979,0.850830
-0.553589,0.049438,0.729004
0.433228,-0.204102,1.023071
-0.152710,-0.269409,0.792480
-0.153687,0.208008,0.969727
0.321167,-0.366333,0.913086
-0.572144,0.051025,0.743164
0.381226,-0.168091,1.014648
-0.042847,-0.405029,0.774048
-0.239136,0.196533,0.929565
0.380493,-0.340454,0.940430
-0.544800,-0.030151,0.732056
0.289185,-0.090942,0.996582
0.013794,-0.442017,0.776489
-0.312378,0.146240,0.865356
0.418213,-0.315674,0.955444
-0.519775,-0.059570,0.737183
0.198486,-0.049072,0.980835
0.070679,-0.454590,0.779297
-0.395264,0.112061,0.809692
0.452881,-0.284668,0.990112
-0.451782,-0.093872,0.756470
0.089355,0.066040,0.989014
0.123047,-0.468506,0.797729
-0.471924,0.085449,0.785645
0.465332,-0.259888,1.009888
-0.371582,-0.154297,0.760620
-0.014893,0.165405,1.016968
0.221313,-0.471313,0.844971
-0.526611,0.047241,0.750610
0.462646,-0.241089,1.026489
-0.273438,-0.228394,0.773804
-0.110840,0.216675,1.002686
0.290527,-0.436035,0.880493
-0.544556,0.028564,0.751221
0.414185,-0.175537,1.042358
-0.147217,-0.287720,0.791260
-0.176270,0.188232,0.962158
0.349243,-0.416382,0.908936
-0.549927,0.006226,0.755371
0.373535,-0.154175,1.020874
-0.032959,-0.392334,0.789673
-0.237427,0.182983,0.933716
0.386963,-0.356934,0.947632
-0.527100,-0.008911,0.758423
0.289551,-0.109375,1.001221
0.015747,-0.456909,0.794312
-0.297974,0.100830,0.867065
0.429932,-0.304932,0.974854
-0.504395,-0.051025,0.731323
0.197876,-0.010132,1.006470
0.079224,-0.442627,0.795654
-0.367798,0.066895,0.831177
0.446411,-0.310059,0.982422
-0.479858,-0.090576,0.746704
0.130859,0.058838,1.009644
0.135132,-0.432495,0.816895
-0.453979,0.096436,0.812622
0.479858,-0.320679,1.009033
-0.400879,-0.185669,0.743896
0.029297,0.134399,1.003662
0.194092,-0.436157,0.843628
-0.488037,0.044189,0.750610
0.478027,-0.241821,1.049683
-0.310181,-0.205444,0.773438
-0.048706,0.145264,1.003906
0.247559,-0.460571,0.861938
-0.535522,0.034302,0.728271
0.453613,-0.217285,1.047241
-0.205444,-0.247925,0.809570
-0.126099,0.190552,0.999146
0.313965,-0.450439,0.888550
-0.536865,0.025391,0.753906
0.413574,-0.176880,1.040527
-0.093506,-0.318604,0.810059
-0.211060,0.214844,0.978027
0.371460,-0.384277,0.943237
-0.532715,-0.015869,0.744629
0.362915,-0.186279,1.016479
-0.007935,-0.388428,0.831909
-0.251587,0.169067,0.933716
0.402100,-0.318848,0.972290
-0.516968,-0.040649,0.745972
0.288086,-0.112671,1.019043
0.052246,-0.483154,0.790283
-0.308960,0.154541,0.911133
0.443359,-0.337891,0.979126
-0.492310,-0.082275,0.748779
0.193237,-0.048584,0.993896
0.097900,-0.482056,0.799561
-0.361328,0.114746,0.856689
0.461426,-0.271484,1.004761
-0.431641,-0.113037,0.755981
0.103027,0.025269,1.009521
0.162720,-0.506836,0.817871
-0.432251,0.068726,0.816895
0.480835,-0.268677,1.041260
-0.367920,-0.173828,0.765991
-0.005981,0.137207,1.012695
0.276489,-0.499878,0.876343
-0.489746,0.017578,0.764526
0.443726,-0.223267,1.037964
-0.258667,-0.231934,0.793457
-0.081055,0.150635,0.997314
0.322266,-0.458862,0.918335
-0.526855,0.018555,0.761719
0.426147,-0.198120,1.051758
-0.129395,-0.300171,0.806030
-0.177979,0.208618,0.984863
0.387939,-0.427124,0.947998
-0.521973,-0.015503,0.760620
0.367188,-0.119141,1.050659
-0.023071,-0.391968,0.801514
-0.242432,0.171631,0.947998
0.446777,-0.395630,0.984619
-0.502075,-0.065308,0.761963
0.272461,-0.068604,1.032349
0.058472,-0.463867,0.801025
-0.294434,0.105835,0.887695
0.443604,-0.308105,1.008545
-0.451660,-0.121094,0.760742
0.215088,-0.023438,1.033447
0.108887,-0.451538,0.817993
-0.394653,0.129639,0.857056
0.469360,-0.289917,1.024414
-0.411499,-0.161377,0.750732
0.124023,0.029541,1.028809
0.197510,-0.478516,0.860718
-0.455200,0.068848,0.809326
0.484497,-0.273560,1.032471
-0.327637,-0.212402,0.775513
0.013916,0.134644,1.023804
0.276978,-0.449341,0.899780
-0.486694,0.011353,0.767944
0.454712,-0.232056,1.048218
-0.224976,-0.262695,0.801514
-0.092529,0.181152,1.020996
0.362427,-0.468628,0.937622
-0.505371,-0.008911,0.777466
0.411255,-0.150146,1.063843
-0.128784,-0.295532,0.803467
-0.150635,0.192383,1.004150
0.393677,-0.402344,0.972656
-0.502686,-0.059937,0.765991
0.378174,-0.125610,1.068481
0.001343,-0.403320,0.819702
-0.245117,0.201538,0.962646
0.435181,-0.373901,0.987915
-0.462524,-0.094238,0.771362
0.315674,-0.076660,1.065918
0.057983,-0.436157,0.819092
-0.306030,0.166138,0.926880
0.463379,-0.321899,1.011719
-0.447632,-0.120972,0.769043
0.223267,-0.025513,1.047852
0.115723,-0.465820,0.834229
-0.374512,0.127563,0.880493
0.488770,-0.281982,1.045654
-0.401855,-0.153076,0.755737
0.132080,0.053101,1.044434
0.217651,-0.503906,0.864014
-0.434326,0.071533,0.824585
0.497681,-0.250488,1.055664
-0.314331,-0.202515,0.781738
0.026489,0.127197,1.035400
0.296509,-0.481201,0.898071
-0.487671,0.016602,0.783569
0.474243,-0.211914,1.079590
-0.214355,-0.259033,0.807007
-0.073364,0.192749,1.039185
0.354004,-0.429932,0.945312
-0.507935,0.005859,0.780396
0.443604,-0.178711,1.084351
-0.103882,-0.318481,0.820557
-0.136841,0.197754,1.022339
0.397095,-0.380737,0.976440
-0.503418,-0.017944,0.782959
0.392944,-0.146362,1.082031
0.020752,-0.402588,0.849121
-0.214111,0.173706,0.971680
0.446655,-0.335449,1.012085
-0.471436,-0.044189,0.770020
0.322388,-0.079346,1.070190
0.079468,-0.448853,0.843628
-0.292114,0.148926,0.949951
0.483765,-0.303833,1.046509
-0.428711,-0.121704,0.774170
0.229370,0.008789,1.066772
0.122803,-0.442261,0.855957
-0.363525,0.116821,0.916626
0.517456,-0.302979,1.076538
-0.383179,-0.190186,0.774658
0.134766,0.089355,1.069214
0.221802,-0.439575,0.892944
-0.407227,0.049927,0.848511
0.524048,-0.258911,1.095093
-0.304565,-0.236938,0.786987
0.053345,0.142578,1.063232
0.296509,-0.455444,0.910278
-0.464111,0.022339,0.795898
0.494873,-0.238892,1.088501
-0.229980,-0.262207,0.805420
-0.029297,0.182495,1.059448
0.357666,-0.446533,0.955444
-0.493530,0.036621,0.805298
0.472046,-0.204468,1.093994
-0.130249,-0.282959,0.846924
-0.110107,0.202393,1.038696
0.398804,-0.395142,0.980957
-0.473389,-0.010132,0.800171
0.436279,-0.127441,1.117676
-0.023560,-0.384766,0.844727
-0.189819,0.187988,1.015625
0.463867,-0.374878,1.018677
-0.464355,-0.049561,0.789917
0.367188,-0.068237,1.097534
0.059692,-0.392090,0.870728
-0.242310,0.184692,0.995850
0.478760,-0.335815,1.047241
-0.430908,-0.122314,0.784790
0.298950,-0.037231,1.089478
0.083740,-0.393433,0.872803
-0.304688,0.166504,0.964966
0.508911,-0.269409,1.090698
-0.395996,-0.148682,0.792725
0.203979,0.021851,1.073730
0.184692,-0.459351,0.892700
-0.371826,0.130615,0.901001
0.539795,-0.242310,1.111816
-0.347656,-0.196899,0.781738
0.123779,0.083130,1.080200
0.261108,-0.479614,0.908325
-0.418945,0.058105,0.835938
0.529663,-0.210327,1.114502
-0.278198,-0.211060,0.814087
0.032104,0.131958,1.078247
0.344482,-0.471680,0.953613
-0.458740,0.088013,0.835693
0.492310,-0.156250,1.106201
-0.174927,-0.216187,0.864136
-0.054321,0.177246,1.069702
0.396362,-0.463745,0.980835
-0.470093,0.036255,0.827393
0.455322,-0.082031,1.115112
-0.086060,-0.261841,0.863159
-0.131958,0.215942,1.059814
0.444702,-0.431030,1.014038
-0.463135,-0.050903,0.806763
0.424072,-0.051758,1.152100
0.044189,-0.354126,0.878418
-0.196899,0.225464,1.042114
0.468750,-0.345703,1.054810
-0.443237,-0.107910,0.800903
0.365234,-0.063232,1.120117
0.079590,-0.365112,0.894409
-0.271851,0.205200,0.994629
0.500732,-0.280273,1.085938
-0.407349,-0.121460,0.805908
0.288940,-0.016479,1.117065
0.151367,-0.418701,0.908447
-0.334351,0.162109,0.958008
0.526489,-0.244507,1.108276
-0.359009,-0.160400,0.812622
0.178467,0.050659,1.082397
0.249146,-0.453491,0.937744
-0.379150,0.091431,0.881714
0.530518,-0.211792,1.124023
-0.286377,-0.219971,0.812866
0.080811,0.112793,1.068726
0.322388,-0.457153,0.954712
-0.428833,0.056763,0.847656
0.525513,-0.197144,1.124634
-0.207031,-0.231689,0.844116
-0.016357,0.197876,1.068237
0.368896,-0.409424,0.987671
-0.448730,0.003174,0.829346
0.501221,-0.167358,1.143311
-0.115112,-0.265259,0.874756
-0.086182,0.223877,1.070312
0.424561,-0.375244,1.018433
-0.453247,-0.027954,0.834229
0.456055,-0.123657,1.141968
0.012329,-0.350708,0.890991
-0.155396,0.211304,1.043091
0.458618,-0.335205,1.043335
-0.446533,-0.057373,0.812744
0.410522,-0.073364,1.145874
0.058472,-0.365479,0.898193
-0.209473,0.193970,1.025024
0.491699,-0.278320,1.093628
-0.427002,-0.115234,0.797241
0.353149,-0.027710,1.142212
0.088745,-0.378418,0.907227
-0.286499,0.199341,1.017456
0.540649,-0.299072,1.111816
-0.392578,-0.153687,0.802979
0.259399,0.030273,1.118042
0.177246,-0.395264,0.929565
-0.336914,0.147095,0.945190
0.557739,-0.258667,1.133057
-0.333252,-0.191162,0.823608
0.176270,0.090576,1.118896
0.254272,-0.445557,0.940674
-0.396118,0.082642,0.878296
0.554565,-0.213379,1.146484
-0.263428,-0.240601,0.828735
0.071655,0.144531,1.110107
0.337891,-0.437866,0.975586
-0.441406,0.073730,0.861328
0.535400,-0.197266,1.139404
-0.192383,-0.247559,0.851562
-0.016235,0.197266,1.082642
0.398438,-0.398804,1.011230
-0.435791,0.009033,0.857666
0.500366,-0.129761,1.161621
-0.097168,-0.267334,0.888916
-0.084595,0.205811,1.074097
0.441040,-0.377563,1.029785
-0.435791,-0.038696,0.841675
0.470215,-0.098145,1.167847
0.017822,-0.332153,0.894165
-0.167725,0.226196,1.065308
0.487915,-0.323608,1.067871
-0.437500,-0.061646,0.815552
0.406006,-0.063232,1.159668
0.046387,-0.362793,0.897217
-0.240601,0.233154,1.046509
0.518066,-0.292969,1.108643
-0.401978,-0.112305,0.820923
0.328003,-0.001343,1.138550
0.124634,-0.372314,0.926514
-0.297974,0.172729,0.982910
0.546509,-0.250000,1.141968
-0.359863,-0.157349,0.826538
0.241455,0.058472,1.127808
0.213257,-0.417480,0.938232
-0.346069,0.121216,0.930176
0.541382,-0.225830,1.134521
-0.305664,-0.211060,0.834839
0.161499,0.070801,1.114014
0.290405,-0.437988,0.966553
-0.411865,0.112427,0.881714
0.551514,-0.192505,1.144287
-0.234375,-0.224121,0.846191
0.055298,0.154419,1.102173
0.346191,-0.435669,0.993286
-0.440918,0.058228,0.858276
0.549438,-0.157349,1.171997
-0.151978,-0.241943,0.875000
-0.032227,0.229858,1.095947
0.402954,-0.387817,1.016235
-0.444214,-0.006714,0.850464
0.501709,-0.139771,1.167603
-0.060181,-0.319336,0.889160
-0.093018,0.249634,1.101074
0.448364,-0.367432,1.042603
-0.449341,-0.038086,0.832275
0.455688,-0.121460,1.172363
0.021606,-0.360840,0.896606
-0.153442,0.219482,1.068237
0.468018,-0.314819,1.068481
-0.451782,-0.038086,0.835205
0.421997,-0.086914,1.173828
0.061646,-0.381226,0.915649
-0.233398,0.217041,1.039795
0.505981,-0.268799,1.115112
-0.423828,-0.072754,0.804810
0.354126,-0.036499,1.156982
0.126709,-0.417236,0.920410
-0.295654,0.179321,1.002808
0.542725,-0.251831,1.135986
-0.393555,-0.121094,0.808960
0.269043,0.024780,1.145630
0.214478,-0.432251,0.946777
-0.339233,0.136719,0.948608
0.546143,-0.239258,1.137939
-0.332764,-0.183472,0.823486
0.191406,0.075684,1.122803
0.273682,-0.429932,0.966187
-0.395996,0.112305,0.895508
0.547119,-0.198486,1.144165
-0.262207,-0.222900,0.836426
0.109009,0.128296,1.114136
0.319702,-0.429199,0.987061
-0.426147,0.088623,0.889893
0.550171,-0.192017,1.158081
-0.216675,-0.240601,0.861816
0.023193,0.194458,1.105957
0.366699,-0.397461,0.998657
-0.437378,0.056641,0.870117
0.531982,-0.182007,1.156616
-0.124023,-0.290894,0.885010
-0.038818,0.194214,1.094849
0.389282,-0.353394,1.010742
-0.441650,0.007202,0.849365
0.515625,-0.168579,1.177734
-0.023315,-0.348877,0.898071
-0.112061,0.206543,1.069824
0.430176,-0.335938,1.027344
-0.438599,-0.028320,0.844727
0.479736,-0.145142,1.170898
0.001709,-0.355103,0.889160
-0.169678,0.224365,1.065186
0.473511,-0.293945,1.075684
-0.453857,-0.044922,0.810547
0.415405,-0.075806,1.178223
0.053833,-0.386353,0.914429
-0.242676,0.222778,1.048340
0.496582,-0.258789,1.105835
-0.420654,-0.089844,0.813843
0.344971,-0.018433,1.167725
0.116333,-0.387817,0.933594
-0.309814,0.182129,0.989014
0.538574,-0.257446,1.136597
-0.369873,-0.145996,0.813599
0.242798,0.067261,1.152832
0.199707,-0.401245,0.943970
-0.347900,0.111572,0.944580
0.557861,-0.247925,1.145020
-0.316528,-0.193848,0.832153
0.150024,0.117554,1.121338
0.285278,-0.422241,0.969360
-0.414062,0.096191,0.895996
0.562378,-0.197754,1.153931
-0.241211,-0.246094,0.839966
0.051514,0.149902,1.102173
0.349121,-0.390381,0.995483
-0.444946,0.062500,0.868652
0.538818,-0.153809,1.165283
-0.142334,-0.265015,0.873535
-0.040283,0.177612,1.095825
0.401001,-0.391235,1.021851
-0.435425,-0.015991,0.848999
0.493164,-0.086792,1.181641
-0.044556,-0.314697,0.866333
-0.128662,0.217285,1.081421
0.458374,-0.338135,1.060425
-0.452148,-0.062988,0.829712
0.446899,-0.080444,1.189087
0.004150,-0.339355,0.874634
-0.229126,0.226562,1.046143
0.510742,-0.297974,1.097778
-0.435913,-0.114746,0.804688
0.352173,-0.050781,1.163086
0.107300,-0.379272,0.919678
-0.317017,0.209473,0.986938
0.540894,-0.255127,1.118896
-0.363281,-0.171509,0.822632
0.225464,0.016968,1.123535
0.218750,-0.423218,0.946777
-0.392700,0.131958,0.902344
0.557861,-0.228149,1.129395
-0.279419,-0.207275,0.834473
0.077148,0.129395,1.102173
0.327759,-0.421143,0.991455
-0.433105,0.047363,0.880981
0.537231,-0.173218,1.164062
-0.181641,-0.267578,0.843750
-0.020264,0.177368,1.077515
0.382935,-0.380249,1.003418
-0.450195,-0.025879,0.834351
0.515015,-0.137207,1.180908
-0.059082,-0.330200,0.854004
-0.121460,0.197876,1.063477
0.434570,-0.339478,1.031494
-0.464966,-0.047485,0.825806
0.466553,-0.129028,1.173462
-0.017212,-0.324951,0.885864
-0.218018,0.224365,1.033447
0.486450,-0.276489,1.083374
-0.444458,-0.081543,0.808228
0.374146,-0.060181,1.165771
0.065552,-0.396851,0.896118
-0.291992,0.178955,0.993286
0.521484,-0.265869,1.116821
-0.407837,-0.130859,0.796509
0.273560,0.020020,1.147095
0.162720,-0.410034,0.917603
-0.354858,0.138306,0.942383
0.535034,-0.246216,1.134277
-0.345337,-0.190186,0.809448
0.168823,0.067871,1.124512
0.232544,-0.389771,0.958252
-0.407593,0.106079,0.906128
0.556274,-0.218018,1.143799
-0.299561,-0.214722,0.808594
0.068115,0.126221,1.102051
0.325562,-0.417236,0.976929
-0.439209,0.063232,0.870239
0.543701,-0.184326,1.153320
-0.190430,-0.249268,0.842041
-0.027710,0.169800,1.069336
0.372192,-0.365723,1.000977
-0.452881,-0.027588,0.836670
0.508179,-0.171387,1.168945
-0.083862,-0.342407,0.850830
-0.102905,0.203857,1.069336
0.413940,-0.349121,1.005005
-0.475342,-0.019775,0.821533
0.469482,-0.141357,1.171387
-0.037598,-0.334839,0.870850
-0.195435,0.203979,1.033081
0.453491,-0.287598,1.062012
-0.474487,-0.043213,0.796265
0.387207,-0.088135,1.155151
0.046997,-0.369141,0.897217
-0.298462,0.204346,1.003174
0.510498,-0.287964,1.096069
-0.412842,-0.121338,0.783691
0.279419,0.008179,1.139771
0.140259,-0.388306,0.921997
-0.349976,0.146729,0.940796
0.522705,-0.250488,1.098999
-0.353149,-0.180664,0.802856
0.162476,0.090698,1.117065
0.241943,-0.410889,0.942749
-0.422363,0.110962,0.890137
0.530273,-0.208008,1.119751
-0.271484,-0.250488,0.814209
0.037231,0.120972,1.089722
0.327515,-0.399658,0.979248
-0.456421,0.034912,0.853760
0.518433,-0.153809,1.141113
-0.117188,-0.297852,0.840576
-0.086548,0.177490,1.058716
0.378906,-0.350464,1.005737
-0.476318,-0.057983,0.818481
0.485474,-0.149902,1.169067
-0.056396,-0.337524,0.845337
-0.207275,0.200195,1.025391
0.439819,-0.308716,1.045288
-0.477295,-0.079224,0.795288
0.396973,-0.097290,1.159302
0.027222,-0.343628,0.884399
-0.305542,0.223999,0.986084
0.508179,-0.272705,1.097168
-0.421753,-0.142456,0.786133
0.244751,-0.013062,1.125854
0.166016,-0.407471,0.912109
-0.397339,0.162476,0.922974
0.534912,-0.244629,1.113647
-0.328125,-0.211304,0.799927
0.099243,0.100464,1.094604
0.263794,-0.403931,0.956909
-0.444946,0.055664,0.869995
0.529053,-0.213623,1.131592
-0.179321,-0.300537,0.830444
-0.051270,0.152100,1.049194
0.340820,-0.371094,0.971924
-0.475220,-0.000610,0.827148
0.489136,-0.172363,1.150391
-0.094849,-0.352051,0.828369
-0.126099,0.154297,1.038574
0.388916,-0.316284,1.007446
-0.503784,-0.026733,0.787354
0.443604,-0.133789,1.156250
-0.026611,-0.357056,0.856201
-0.253662,0.178223,1.007690
0.469849,-0.302979,1.052734
-0.475952,-0.049072,0.792725
0.327148,-0.053101,1.129761
0.072388,-0.388306,0.870850
-0.336304,0.168945,0.953735
0.505737,-0.266724,1.093140
-0.394043,-0.162231,0.779541
0.192017,0.056519,1.110718
0.168091,-0.414551,0.904053
-0.423218,0.122437,0.894409
0.523926,-0.252563,1.115356
-0.329468,-0.218018,0.799927
0.078003,0.112427,1.092163
0.261597,-0.404175,0.931885
-0.470703,0.070435,0.853027
0.524414,-0.216064,1.130249
-0.200562,-0.300293,0.818237
-0.035400,0.134277,1.046509
0.332275,-0.380737,0.964111
-0.490601,0.029297,0.823120
0.494263,-0.173218,1.129517
-0.120239,-0.302612,0.832886
-0.130493,0.166138,1.027100
0.378540,-0.374634,0.986450
-0.488037,-0.054443,0.798218
0.449341,-0.138184,1.144287
-0.075439,-0.312134,0.828491
-0.237793,0.229858,1.018066
0.434570,-0.319092,1.024658
-0.484619,-0.078735,0.785645
0.373413,-0.086304,1.140991
-0.005859,-0.369751,0.849976
-0.327515,0.199341,0.957275
0.489746,-0.296753,1.062866
-0.429688,-0.125488,0.791016
0.263428,-0.025757,1.119995
0.081543,-0.370483,0.878052
-0.389526,0.168091,0.911499
0.510254,-0.265747,1.083618
-0.383301,-0.190308,0.785400
0.152954,0.023315,1.088989
0.180908,-0.387085,0.927368
-0.450562,0.125610,0.875366
0.513062,-0.220581,1.101929
-0.320679,-0.227661,0.794678
0.030396,0.096802,1.062744
0.268311,-0.390259,0.941772
-0.474487,0.031738,0.829834
0.503906,-0.177002,1.130127
-0.183105,-0.317749,0.793579
-0.071411,0.148682,1.045532
0.333374,-0.365601,0.959839
-0.481689,-0.021240,0.807251
0.483276,-0.153931,1.141602
-0.118164,-0.310181,0.813843
-0.219360,0.193604,1.001587
0.407227,-0.327881,1.014282
-0.490234,-0.091431,0.771729
0.401489,-0.115723,1.140747
-0.050903,-0.338501,0.830933
-0.318726,0.204102,0.964355
0.464111,-0.298706,1.050293
-0.461914,-0.116455,0.764771
0.272705,-0.042603,1.122681
0.073364,-0.383545,0.879150
-0.392334,0.172241,0.914185
0.492920,-0.265747,1.072754
-0.412231,-0.163818,0.773804
0.146973,0.023438,1.080444
0.186646,-0.391113,0.924438
-0.455200,0.128418,0.872192
0.508789,-0.207764,1.104248
-0.296753,-0.239990,0.806152
-0.007080,0.096802,1.048706
0.276001,-0.400513,0.942993
-0.479248,0.011353,0.814697
0.488037,-0.183838,1.114746
-0.178223,-0.306152,0.786743
-0.135132,0.162842,1.014160
0.364380,-0.379028,0.960083
-0.498657,-0.033569,0.790649
0.428101,-0.157593,1.122803
-0.106689,-0.346436,0.804932
-0.247437,0.212891,1.000732
0.427124,-0.306396,1.008301
-0.501587,-0.051025,0.774658
0.328491,-0.100830,1.111572
-0.007202,-0.372559,0.845703
-0.339966,0.165771,0.925293
0.468628,-0.269165,1.052246
-0.443970,-0.111328,0.775146
0.204956,0.001343,1.093140
0.126831,-0.436157,0.887329
-0.440308,0.118042,0.862793
0.479858,-0.218872,1.085449
-0.374512,-0.182129,0.765747
0.057617,0.104248,1.057251
0.252319,-0.422119,0.916382
-0.498413,0.057495,0.832642
0.474609,-0.207031,1.091797
-0.218628,-0.302368,0.778442
-0.074341,0.146851,1.035278
0.325195,-0.361816,0.952271
-0.514404,0.003296,0.803833
0.450317,-0.183105,1.107544
-0.121094,-0.357788,0.780884
-0.214722,0.203125,0.996216
0.378540,-0.317261,0.979004
-0.518677,-0.051636,0.761963
0.379639,-0.134277,1.100098
-0.039673,-0.344849,0.828857
-0.337158,0.196045,0.949097
0.435547,-0.289062,1.028687
-0.472412,-0.123413,0.754639
0.249390,-0.043335,1.090942
0.056152,-0.388062,0.853394
-0.422852,0.144043,0.889771
0.479004,-0.249023,1.069580
-0.406982,-0.176392,0.758911
0.101929,0.063110,1.056396
0.188599,-0.402954,0.898315
-0.493774,0.075928,0.841797
0.477417,-0.222778,1.085205
-0.267944,-0.295044,0.766479
-0.017822,0.136230,1.042847
0.270630,-0.382080,0.909180
-0.521851,0.012207,0.800293
0.458740,-0.194946,1.090820
-0.179810,-0.363525,0.752563
-0.130005,0.129639,0.996704
0.312500,-0.350464,0.932251
-0.524170,-0.000488,0.774902
0.426514,-0.154785,1.111938
-0.135620,-0.375122,0.778931
-0.239380,0.187500,0.992798
0.387817,-0.336792,0.984009
-0.538452,-0.006714,0.768921
0.361816,-0.137085,1.098511
-0.077026,-0.366943,0.804688
-0.313354,0.171875,0.943237
0.438599,-0.300293,1.020508
-0.483154,-0.074829,0.761841
0.251831,-0.022949,1.095459
0.004272,-0.358276,0.846924
-0.396362,0.119263,0.895874
0.462158,-0.291382,1.047729
-0.444336,-0.140137,0.747681
0.141235,0.108765,1.080566
0.107300,-0.394043,0.862671
-0.457642,0.105835,0.866333
0.530884,-0.233032,1.139771
-0.382812,-0.211792,0.765747
-0.017212,0.175415,1.085205
0.329102,-0.363037,0.962036
-0.474365,0.008301,0.826416
0.527832,-0.224731,1.152588
-0.119263,-0.347412,0.834717
-0.106445,0.173340,1.040649
0.385864,-0.353516,0.986084
-0.474121,0.003662,0.816528
0.473999,-0.130859,1.160034
-0.072144,-0.362305,0.836548
-0.200806,0.173340,1.017334
0.431152,-0.338501,1.029541
-0.481201,-0.054077,0.795410
0.416992,-0.096069,1.156006
-0.031128,-0.329956,0.869751
-0.256104,0.199951,1.009521
0.477295,-0.306030,1.066650
-0.471924,-0.059326,0.783936
0.338135,-0.036987,1.143188
0.049438,-0.374023,0.870972
-0.304321,0.170776,0.980957
0.509521,-0.297852,1.074585
-0.433228,-0.097778,0.787964
0.240234,-0.008911,1.112549
0.135742,-0.406860,0.895874
-0.372192,0.139526,0.915649
0.506348,-0.257935,1.093750
-0.366943,-0.191528,0.797241
0.148682,0.075195,1.096924
0.190674,-0.389526,0.914795
-0.424072,0.088745,0.885864
0.550171,-0.247925,1.130249
-0.321289,-0.227783,0.796265
0.047363,0.121460,1.070679
0.290649,-0.391724,0.947388
-0.448242,0.059082,0.861572
0.515869,-0.188232,1.129150
-0.207520,-0.263550,0.825806
-0.046875,0.124756,1.044189
0.336792,-0.375610,0.972290
-0.469360,-0.032471,0.816772
0.489624,-0.161743,1.147705
-0.119263,-0.301758,0.825195
-0.138550,0.177368,1.026367
0.379883,-0.339600,0.997314
-0.477905,-0.068359,0.797852
0.445068,-0.142944,1.142212
-0.083008,-0.320190,0.826416
-0.235352,0.221802,1.016113
0.447632,-0.310181,1.038208
-0.482544,-0.071777,0.784790
0.353394,-0.073486,1.138550
0.003174,-0.371216,0.843872
-0.294678,0.179443,0.976196
0.494263,-0.305542,1.065796
-0.434570,-0.124268,0.774780
0.247559,-0.002075,1.118164
0.090820,-0.386353,0.878784
-0.392700,0.144043,0.904297
0.522827,-0.259888,1.094849
-0.379028,-0.188110,0.784912
0.126099,0.079712,1.089600
0.215698,-0.409302,0.928711
-0.462280,0.074585,0.860840
0.505005,-0.222290,1.110474
-0.249268,-0.277344,0.808594
0.015625,0.129639,1.072144
0.279663,-0.361084,0.939087
-0.481812,0.023193,0.811768
0.492920,-0.192993,1.121338
-0.156128,-0.336182,0.806152
-0.103760,0.157104,1.047241
0.364258,-0.366821,0.975952
-0.495850,-0.012329,0.798584
0.439697,-0.127930,1.132324
-0.105469,-0.333130,0.804443
-0.219604,0.181641,1.005371
0.427002,-0.310669,1.035034
-0.491211,-0.074829,0.768677
0.361206,-0.090454,1.124756
-0.016235,-0.349731,0.849609
-0.321411,0.188477,0.952759
0.483276,-0.296387,1.065796
-0.442383,-0.128296,0.778198
0.223511,-0.015137,1.100220
0.118042,-0.414673,0.888672
-0.400757,0.151489,0.911377
0.499512,-0.229126,1.094482
-0.377686,-0.169189,0.785522
0.090942,0.086182,1.070923
0.236206,-0.427246,0.927246
-0.461914,0.074829,0.859253
0.488525,-0.190063,1.100586
-0.236084,-0.261719,0.806763
-0.020508,0.120850,1.053101
0.291748,-0.362061,0.937378
-0.490112,0.021851,0.810791
0.480957,-0.169678,1.133423
-0.145142,-0.341431,0.789062
-0.138062,0.152344,1.016602
0.371460,-0.374146,0.968384
-0.511719,-0.030884,0.783447
0.409424,-0.105835,1.127808
-0.082397,-0.321777,0.821777
-0.239868,0.198120,1.007446
0.436768,-0.316772,1.025879
-0.512207,-0.071411,0.761841
0.323120,-0.064819,1.111694
0.000244,-0.348511,0.847778
-0.340210,0.179810,0.955200
0.471680,-0.278687,1.066650
-0.450806,-0.126953,0.766724
0.224121,-0.017822,1.098877
0.107056,-0.420166,0.873413
-0.422485,0.138550,0.903687
0.496704,-0.250244,1.090698
-0.392334,-0.184326,0.767456
0.095459,0.083984,1.074951
0.215088,-0.423828,0.902588
-0.474121,0.115112,0.858643
0.501221,-0.213135,1.098877
-0.286377,-0.240967,0.786011
-0.003906,0.128906,1.052979
0.277222,-0.396362,0.917969
-0.497925,0.048218,0.846069
0.484253,-0.232544,1.097168
-0.180664,-0.329712,0.788696
-0.105469,0.135742,1.017334
0.328369,-0.363037,0.947021
-0.518433,0.022095,0.799194
0.451904,-0.168213,1.110596
-0.130127,-0.351074,0.785156
-0.183838,0.163818,1.004761
0.382446,-0.326782,0.986328
-0.543823,-0.010132,0.772339
0.392090,-0.138428,1.112671
-0.059570,-0.359009,0.817627
-0.283691,0.195190,0.977051
0.426147,-0.292114,1.021240
-0.504761,-0.079834,0.752930
0.320312,-0.078979,1.117554
0.005249,-0.382324,0.846680
-0.363525,0.179443,0.933838
0.473267,-0.300415,1.047119
-0.470703,-0.077637,0.764160
0.202026,0.007202,1.086304
0.104370,-0.414062,0.880615
-0.416748,0.125732,0.897095
0.482056,-0.241577,1.082153
-0.424316,-0.169556,0.755615
0.110596,0.079956,1.078369
0.188843,-0.399780,0.894775
-0.492188,0.084961,0.845459
0.502197,-0.253784,1.088501
-0.284546,-0.261108,0.782104
-0.007446,0.156738,1.053955
0.248901,-0.388184,0.908325
-0.511963,0.023560,0.809204
0.495605,-0.233154,1.102417
-0.211914,-0.324219,0.773682
-0.085327,0.141724,1.025513
0.301880,-0.366699,0.932983
-0.531738,0.012329,0.782227
0.468872,-0.202637,1.107422
-0.153931,-0.357178,0.772705
-0.169067,0.174927,1.013306
0.357056,-0.361084,0.952881
-0.558472,0.010986,0.764893
0.428101,-0.177979,1.093262
-0.116699,-0.328369,0.799805
-0.242188,0.173096,0.983887
0.391357,-0.324341,0.996216
-0.544556,-0.006348,0.765869
0.365723,-0.115234,1.093750
-0.055054,-0.378174,0.812988
-0.306519,0.186523,0.966919
0.424927,-0.302002,1.024048
-0.506958,-0.063843,0.754272
0.274780,-0.052246,1.077759
0.005249,-0.382935,0.824585
-0.371216,0.180176,0.937012
0.464600,-0.292969,1.046143
-0.474976,-0.126587,0.749634
0.189453,0.017334,1.069946
0.070068,-0.393677,0.854370
-0.437988,0.151733,0.900635
0.500732,-0.293945,1.068237
-0.430542,-0.142334,0.750854
0.105103,0.084717,1.054810
0.146606,-0.383423,0.886108
-0.477173,0.092041,0.847168
0.502441,-0.276123,1.073730
-0.347290,-0.216553,0.782837
0.005981,0.130615,1.037109
0.236450,-0.407593,0.896729
-0.522461,0.063721,0.801025
0.470337,-0.217773,1.075562
-0.231934,-0.301147,0.774292
-0.044678,0.146484,1.048950
0.275635,-0.400757,0.901001
-0.552246,0.043579,0.783325
0.469360,-0.241211,1.067139
-0.174438,-0.333252,0.773926
-0.135864,0.142090,1.006714
0.327515,-0.358398,0.937378
-0.556519,0.039551,0.766724
0.420654,-0.193726,1.084351
-0.139526,-0.361084,0.780396
-0.225098,0.151489,0.982422
0.380981,-0.326538,0.977905
-0.549316,-0.016846,0.752075
0.346313,-0.116333,1.081421
-0.075195,-0.360107,0.804932
-0.307373,0.182617,0.963501
0.424438,-0.316895,1.009644
-0.520386,-0.052246,0.740601
0.263306,-0.020508,1.081543
-0.007568,-0.372192,0.823120
-0.379517,0.132080,0.916626
0.449097,-0.322754,1.027710
-0.484985,-0.112549,0.741333
0.179443,0.055786,1.077026
0.066284,-0.372314,0.838745
-0.447388,0.130127,0.882568
0.483398,-0.309692,1.049561
-0.429443,-0.183838,0.747803
0.094971,0.102783,1.050903
0.140381,-0.361450,0.873413
-0.503662,0.110229,0.850708
0.480103,-0.295776,1.054077
-0.323975,-0.262695,0.773560
0.020996,0.140869,1.051025
0.191650,-0.386230,0.862427
-0.525635,0.088135,0.809326
0.478149,-0.242798,1.069458
-0.245239,-0.319946,0.768311
-0.066406,0.112427,1.009155
0.268799,-0.417480,0.897705
-0.535645,0.051270,0.792114
0.440308,-0.171753,1.076294
-0.197876,-0.317383,0.746338
-0.146851,0.174194,1.010010
0.334595,-0.370728,0.937134
-0.567749,-0.008667,0.759521
0.404541,-0.180542,1.077271
-0.151001,-0.357178,0.752930
-0.259521,0.191040,0.969971
0.383057,-0.330078,0.975708
-0.534668,-0.050171,0.760132
0.336670,-0.089355,1.096436
-0.087036,-0.346680,0.793213
-0.344360,0.171753,0.918213
0.415894,-0.313599,0.998535
-0.521118,-0.076416,0.742554
0.258667,-0.080078,1.076172
0.013428,-0.404053,0.817505
-0.421875,0.180176,0.884766
0.436157,-0.258545,1.027588
-0.456787,-0.130981,0.747070
0.118530,0.050171,1.057983
0.122192,-0.416138,0.863403
-0.497070,0.119019,0.839722
0.463013,-0.247559,1.056519
-0.349731,-0.214600,0.765015
-0.004272,0.118286,1.023193
0.215088,-0.392822,0.890991
-0.520142,0.033081,0.802856
0.452148,-0.211426,1.070679
-0.237305,-0.299316,0.750610
-0.105103,0.162231,1.000366
0.287720,-0.382446,0.908325
-0.556519,0.009521,0.763184
0.430786,-0.195923,1.073364
-0.179199,-0.357056,0.731567
-0.223389,0.183838,0.966553
0.358398,-0.332275,0.956421
-0.548706,-0.035156,0.752563
0.361694,-0.166748,1.059448
-0.130249,-0.348877,0.773804
-0.317383,0.172363,0.915283
0.402100,-0.326904,0.988525
-0.533447,-0.047241,0.755249
0.287964,-0.085449,1.070312
-0.047241,-0.382446,0.808105
-0.407593,0.182129,0.888428
0.422363,-0.301147,1.009033
-0.471069,-0.097778,0.749512
0.177612,0.024170,1.068970
0.061768,-0.411621,0.831299
-0.484131,0.164185,0.860840
0.440674,-0.279785,1.019531
-0.433350,-0.180176,0.733643
0.091675,0.062378,1.046631
0.146484,-0.389648,0.869507
-0.542358,0.124268,0.814453
0.451538,-0.252686,1.036743
-0.325806,-0.274292,0.741943
-0.014648,0.114380,1.027344
0.241821,-0.409180,0.891724
-0.553955,0.087646,0.795166
0.433716,-0.198730,1.053101
-0.243896,-0.308105,0.745361
-0.129150,0.129517,0.979492
0.307983,-0.413330,0.906738
-0.554565,0.030518,0.773315
0.407837,-0.166992,1.067139
-0.195801,-0.320679,0.749390
-0.229370,0.162964,0.965698
0.355957,-0.353760,0.959106
-0.559937,-0.001709,0.765259
0.356445,-0.138184,1.064819
-0.133423,-0.343872,0.769409
-0.320557,0.183228,0.913086
0.393311,-0.298096,0.986572
-0.533569,-0.071167,0.739258
0.255737,-0.069336,1.052124
-0.033691,-0.377319,0.809326
-0.414917,0.178345,0.897827
0.418091,-0.282959,1.003174
-0.494507,-0.107300,0.731812
0.158447,0.005737,1.050415
0.061646,-0.415527,0.824829
-0.488647,0.142944,0.848877
0.450928,-0.257202,1.038208
-0.449951,-0.201294,0.704346
0.043823,0.084473,1.020264
0.164917,-0.418945,0.860352
-0.531128,0.120361,0.817383
0.446411,-0.231201,1.036865
-0.333130,-0.246704,0.757690
-0.028931,0.104370,1.004150
0.230957,-0.406982,0.884644
-0.550537,0.063965,0.789551
0.433350,-0.208130,1.051758
-0.256104,-0.324951,0.725342
-0.129272,0.145386,0.984375
0.289062,-0.401978,0.905762
-0.569946,0.034546,0.772583
0.411987,-0.176392,1.055664
-0.199219,-0.305176,0.749512
-0.232056,0.173584,0.970825
0.347046,-0.407349,0.924561
-0.559814,-0.024536,0.744263
0.371704,-0.120361,1.078003
-0.155396,-0.319824,0.754028
-0.327759,0.203247,0.927612
0.393555,-0.349854,0.965454
-0.557251,-0.068604,0.727783
0.288574,-0.109009,1.050903
-0.082886,-0.361816,0.780029
-0.411133,0.214966,0.895752
0.430176,-0.303589,0.994507
-0.515137,-0.066284,0.743286
0.167969,0.004517,1.039551
0.036987,-0.419189,0.815552
-0.474121,0.162720,0.844604
0.416870,-0.233276,1.020142
-0.462524,-0.139648,0.734619
0.072144,0.050903,1.031616
0.145386,-0.440186,0.843628
-0.527954,0.123169,0.824707
0.427856,-0.218872,1.032227
-0.320679,-0.233398,0.751587
-0.050415,0.109985,1.001465
0.232910,-0.403076,0.886597
-0.555054,0.046997,0.779663
0.423706,-0.199219,1.051636
-0.232910,-0.316650,0.727051
-0.188965,0.151978,0.952393
0.310181,-0.350586,0.922729
-0.572144,-0.020996,0.748047
0.364624,-0.169678,1.055664
-0.157349,-0.376343,0.729370
-0.297729,0.184937,0.920288
0.374512,-0.321045,0.962158
-0.559814,-0.022461,0.742065
0.273193,-0.083984,1.053955
-0.067871,-0.421021,0.772461
-0.398071,0.178345,0.891357
0.399170,-0.300049,0.978149
-0.523315,-0.067749,0.727295
0.164795,0.008301,1.030029
0.054565,-0.387207,0.834961
-0.504395,0.140869,0.850220
0.432129,-0.267822,1.026611
-0.410645,-0.188599,0.728149
0.010986,0.147461,1.022095
0.156982,-0.371216,0.852173
-0.535767,0.056396,0.802612
0.436523,-0.256226,1.033325
-0.291870,-0.285522,0.723511
-0.079346,0.170532,0.991089
0.224609,-0.361694,0.866821
-0.579956,0.050049,0.763062
0.423096,-0.234863,1.035034
-0.205688,-0.370728,0.714722
-0.175659,0.146973,0.964600
0.297852,-0.346436,0.899292
-0.598633,0.023193,0.730591
0.362915,-0.179565,1.027100
-0.163208,-0.367554,0.745605
-0.264404,0.147705,0.939697
0.358276,-0.342529,0.943115
-0.584595,0.018311,0.732544
0.285522,-0.102905,1.036255
-0.105835,-0.358521,0.773560
-0.363525,0.161987,0.900757
0.406982,-0.327759,0.993774
-0.554199,-0.056030,0.721436
0.193970,-0.004272,1.029907
-0.033203,-0.376343,0.783813
-0.428955,0.160400,0.874878
0.433594,-0.318848,1.001221
-0.532349,-0.108032,0.712891
0.109863,0.033447,1.013062
0.062744,-0.404419,0.811646
-0.493530,0.171509,0.852051
0.423340,-0.243652,1.010986
-0.431763,-0.147705,0.759033
0.034302,0.071533,1.011963
0.128662,-0.444702,0.827515
-0.552734,0.124512,0.812378
0.428711,-0.216187,1.024902
-0.344116,-0.224121,0.740112
-0.038086,0.124512,0.999512
0.206543,-0.405396,0.869385
-0.572266,0.076904,0.766357
0.425659,-0.183594,1.042114
-0.269287,-0.289307,0.716064
-0.145996,0.158936,0.979370
0.296631,-0.405640,0.904419
-0.589722,0.039062,0.750854
0.396729,-0.174072,1.041626
-0.214600,-0.309814,0.727051
-0.240356,0.157593,0.941040
0.351440,-0.397827,0.940308
-0.582642,-0.014771,0.751709
0.336304,-0.124634,1.044922
-0.164673,-0.351074,0.727661
-0.307983,0.179810,0.906982
0.376587,-0.311157,0.963013
-0.566528,-0.044678,0.729614
0.257446,-0.081421,1.030518
-0.088379,-0.385376,0.772949
-0.409058,0.173584,0.866577
0.398193,-0.285034,0.987671
-0.539917,-0.093750,0.714966
0.157471,-0.012817,1.025146
0.024536,-0.447632,0.813843
-0.481812,0.161987,0.853760
0.401855,-0.237305,1.005859
-0.482056,-0.111084,0.719971
0.052368,0.086670,1.012817
0.142700,-0.420532,0.853638
-0.549683,0.131592,0.820312
0.421753,-0.229858,1.015869
-0.376343,-0.210693,0.714966
-0.037964,0.152222,1.004883
0.214355,-0.417358,0.860352
-0.582642,0.093628,0.781250
0.417847,-0.204224,1.025757
-0.274170,-0.309204,0.709595
-0.118042,0.159912,0.984131
0.264893,-0.388184,0.877197
-0.601318,0.073120,0.758667
0.417480,-0.200806,1.034302
-0.203125,-0.356812,0.715820
-0.221069,0.187378,0.957642
0.315552,-0.351685,0.910522
-0.599976,0.034302,0.746704
0.362427,-0.156616,1.043335
-0.151733,-0.366577,0.732422
-0.312988,0.182007,0.904419
0.358887,-0.328857,0.940430
-0.580322,-0.023193,0.724854
0.272095,-0.105957,1.026733
-0.097778,-0.395142,0.759888
-0.388184,0.176758,0.883423
0.394287,-0.308716,0.967529
-0.545166,-0.016479,0.734619
0.172363,0.002563,1.022339
-0.004883,-0.399292,0.794800
-0.447144,0.164551,0.867798
0.402100,-0.280029,0.985962
-0.503418,-0.105713,0.702515
0.101318,0.083130,1.011597
0.054810,-0.386230,0.805664
-0.537598,0.144775,0.832520
0.443848,-0.295532,1.003540
-0.403198,-0.183228,0.729370
-0.001587,0.151123,1.008545
0.157593,-0.402222,0.832153
-0.588623,0.131714,0.780762
0.434814,-0.264404,0.998047
-0.318481,-0.271118,0.733887
-0.070312,0.133911,0.979858
0.224854,-0.378906,0.871094
-0.600342,0.114258,0.755249
0.412354,-0.204712,1.021118
-0.229370,-0.341553,0.728638
-0.167969,0.138062,0.964355
0.281006,-0.375122,0.901123
-0.609253,0.044312,0.728638
0.379761,-0.152954,1.027100
-0.174927,-0.356079,0.718018
-0.275635,0.186401,0.937622
0.353638,-0.361694,0.934692
-0.592896,0.003662,0.733765
0.280151,-0.094116,1.015991
-0.128174,-0.376099,0.730469
-0.349854,0.172119,0.894897
0.390869,-0.315063,0.969604
-0.567993,-0.034302,0.707642
0.183350,-0.009033,1.008423
-0.032227,-0.390381,0.778931
-0.452759,0.181641,0.874878
0.409790,-0.278809,0.993896
-0.492920,-0.098877,0.742432
0.071167,0.104126,1.012085
0.072632,-0.402710,0.812622
-0.541626,0.168823,0.822998
0.416870,-0.264893,1.005127
-0.356567,-0.206177,0.760498
-0.023315,0.161011,1.008545
0.162720,-0.406006,0.831909
-0.599243,0.126465,0.783813
0.441284,-0.236572,1.026978
-0.279175,-0.305786,0.714600
-0.113037,0.187256,0.982544
0.254639,-0.402832,0.856812
-0.611816,0.100708,0.760010
0.414673,-0.191040,1.023560
-0.205688,-0.316284,0.722290
-0.212891,0.185059,0.948486
0.306885,-0.375122,0.903809
-0.605835,0.046387,0.735596
0.380371,-0.158691,1.041016
-0.162720,-0.370605,0.719116
-0.296997,0.197266,0.914429
0.358032,-0.353760,0.929443
-0.609009,0.019165,0.720947
0.304321,-0.129761,1.024658
-0.104614,-0.399292,0.739502
-0.357422,0.194702,0.890991
0.383545,-0.328247,0.942871
-0.585571,0.016113,0.717407
0.213867,-0.042969,1.008545
-0.037842,-0.405396,0.782349
-0.447266,0.199219,0.864624
0.394653,-0.291138,0.962402
-0.532593,-0.072510,0.716309
0.119019,0.026489,1.002075
0.038452,-0.393066,0.799316
-0.508789,0.191772,0.838623
0.413086,-0.252441,0.995117
-0.468140,-0.154053,0.717163
0.027832,0.103638,1.012695
0.133301,-0.433594,0.827393
-0.572388,0.159912,0.811768
0.422119,-0.215820,1.014038
-0.358276,-0.222290,0.713257
-0.061035,0.158691,0.993652
0.225464,-0.428345,0.852539
-0.608032,0.138428,0.783447
0.403809,-0.194458,1.015381
-0.251709,-0.329346,0.703003
-0.155151,0.160034,0.970581
0.291260,-0.391357,0.887817
-0.610718,0.100342,0.763184
0.382812,-0.160156,1.020874
-0.191772,-0.339355,0.714844
-0.234619,0.155273,0.927002
0.335449,-0.343872,0.931885
-0.598877,0.024170,0.734131
0.324707,-0.102783,1.030396
-0.135498,-0.382324,0.727417
-0.333984,0.188599,0.899292
0.369995,-0.336548,0.937988
-0.581909,-0.008423,0.715454
0.239868,-0.062866,1.003174
-0.057251,-0.400391,0.769653
-0.434937,0.185303,0.858154
0.400391,-0.300537,0.961182
-0.547485,-0.029663,0.711304
0.142822,0.023804,1.004272
0.019775,-0.391968,0.802002
-0.488770,0.168823,0.855957
0.412842,-0.269409,0.985107
-0.493896,-0.099976,0.702881
0.040527,0.121338,0.998047
0.122314,-0.398560,0.822754
-0.551880,0.134521,0.829102
0.415405,-0.246826,0.998413
-0.390991,-0.168335,0.724731
-0.025513,0.171021,0.994385
0.171753,-0.385864,0.833984
-0.592651,0.094971,0.772095
0.435181,-0.232910,1.014404
-0.289062,-0.278320,0.716187
-0.118774,0.201050,0.964966
0.255371,-0.380249,0.868774
-0.600708,0.056763,0.747803
0.392700,-0.173218,1.026001
-0.213745,-0.348755,0.706299
-0.185547,0.178467,0.942261
0.297607,-0.346313,0.889648
-0.614380,0.062500,0.737183
0.374634,-0.167114,1.040039
-0.153198,-0.394531,0.712769
-0.275757,0.187134,0.908081
0.348022,-0.334106,0.919189
-0.616821,0.045654,0.721436
0.288818,-0.117432,1.000977
-0.074585,-0.416016,0.743896
-0.363647,0.197144,0.889160
0.364136,-0.288208,0.942749
-0.576538,0.017456,0.707764
0.220093,-0.042603,0.996826
-0.013794,-0.393311,0.782837
-0.463745,0.196411,0.847046
0.396973,-0.266479,0.970459
-0.528687,-0.079590,0.698975
0.105103,0.067871,1.004517
0.064453,-0.404907,0.810303
-0.519043,0.196045,0.851562
0.411621,-0.249634,0.985840
-0.442749,-0.127319,0.731567
-0.001831,0.147705,0.994873
0.152832,-0.412109,0.838379
-0.573975,0.135254,0.800171
0.421875,-0.199707,1.023926
-0.324097,-0.222046,0.725220
-0.081421,0.202393,0.997314
0.225708,-0.402954,0.857056
-0.590942,0.103516,0.787842
0.412720,-0.169922,1.028809
-0.244507,-0.281738,0.713257
-0.161987,0.201782,0.958252
0.288696,-0.375610,0.882812
-0.611694,0.087280,0.755371
0.389526,-0.171021,1.021484
-0.178101,-0.348877,0.722046
-0.248779,0.189941,0.927734
0.339233,-0.343628,0.916382
-0.600342,0.039551,0.733521
0.328369,-0.126587,1.017578
-0.121460,-0.391113,0.724487
-0.341187,0.206665,0.884155
0.377808,-0.322144,0.936646
-0.584717,0.001953,0.710083
0.248291,-0.052856,1.015381
-0.063721,-0.419922,0.744385
-0.421265,0.200562,0.863892
0.395752,-0.283447,0.961182
-0.541260,-0.037842,0.713989
0.142944,0.017944,0.998779
0.020752,-0.410645,0.793457
-0.506104,0.192261,0.837891
0.415527,-0.261108,0.978027
-0.465942,-0.078979,0.732544
0.054199,0.116699,1.015991
0.115356,-0.401611,0.826172
-0.569946,0.168091,0.814697
0.406860,-0.204956,0.998901
-0.358398,-0.186279,0.730103
-0.033203,0.163086,0.993530
0.211182,-0.407959,0.854126
-0.608765,0.135254,0.781250
0.407471,-0.171997,1.016602
-0.256470,-0.297363,0.709106
-0.126099,0.181885,0.969971
0.279541,-0.379761,0.889648
-0.627563,0.094360,0.749634
0.385498,-0.157471,1.027588
-0.170044,-0.367920,0.710571
-0.209961,0.196533,0.941284
0.321777,-0.327026,0.907227
-0.608765,0.065186,0.724854
0.343994,-0.135742,1.007812
-0.121460,-0.377808,0.727539
-0.311401,0.183228,0.892334
0.361450,-0.325806,0.925537
-0.584717,0.015869,0.712646
0.266235,-0.058228,1.011719
-0.065674,-0.415161,0.741821
-0.393433,0.201660,0.885254
0.382568,-0.285034,0.956787
-0.570679,-0.043335,0.694946
0.168823,-0.017212,0.990723
0.010132,-0.420898,0.783569
-0.475464,0.209106,0.843262
0.407715,-0.234009,0.978516
-0.502930,-0.076050,0.712769
0.078247,0.087402,1.006592
0.088013,-0.413696,0.813354
-0.536865,0.165039,0.828491
0.412231,-0.208496,0.987915
-0.434937,-0.114868,0.720337
0.013184,0.148926,1.025146
0.178711,-0.430786,0.842041
-0.587891,0.161865,0.799072
0.406982,-0.182861,1.005249
-0.311646,-0.242310,0.719849
-0.065552,0.199219,1.000732
0.238647,-0.384277,0.864868
-0.629272,0.129883,0.764648
0.359009,-0.182251,1.021484
-0.210693,-0.339233,0.718994
-0.261597,0.140381,0.926147
0.333130,-0.345703,0.925903
-0.600952,0.035278,0.728394
0.314453,-0.126831,1.022949
-0.106079,-0.369629,0.762573
-0.362061,0.192993,0.903320
0.374390,-0.307983,0.955444
-0.566040,-0.011963,0.719360
0.232300,-0.062500,1.024658
-0.046143,-0.402832,0.783691
-0.451172,0.190308,0.875854
0.408081,-0.305664,0.976074
-0.526245,-0.064941,0.710327
0.133545,0.019409,1.001099
0.040161,-0.387573,0.809082
-0.502197,0.178833,0.853149
0.421265,-0.280029,0.994263
-0.481934,-0.114746,0.722046
0.061035,0.083374,1.014038
0.107788,-0.401001,0.831055
-0.547119,0.165283,0.823486
0.431763,-0.245239,1.017822
-0.404175,-0.208496,0.716553
-0.007812,0.120972,1.013672
0.182617,-0.431763,0.849854
-0.590332,0.138062,0.802490
0.421021,-0.207764,1.024414
-0.310913,-0.248535,0.729858
-0.085571,0.152466,0.998657
0.250122,-0.404175,0.879517
-0.584473,0.074219,0.777954
0.396851,-0.177124,1.028076
-0.249756,-0.308716,0.699707
-0.182861,0.187500,0.966919
0.312744,-0.396606,0.901489
-0.580688,0.041260,0.772461
0.361816,-0.148438,1.028687
-0.201172,-0.337280,0.707642
-0.281982,0.172729,0.919800
0.359131,-0.377808,0.928467
-0.567505,-0.016968,0.747681
0.314331,-0.101318,1.039307
-0.152466,-0.363037,0.725586
-0.370605,0.186890,0.877930
0.383423,-0.336426,0.950806
-0.545166,-0.051392,0.716797
0.244385,-0.047485,1.039429
-0.075684,-0.372437,0.766479
-0.451538,0.211182,0.881836
0.409912,-0.318726,0.969482
-0.531982,-0.106079,0.711060
0.133423,0.008545,1.008179
0.031494,-0.400024,0.805542
-0.516479,0.198120,0.839233
0.414917,-0.247437,0.992310
-0.442383,-0.154297,0.736572
0.045532,0.071533,1.014771
0.128052,-0.422852,0.837891
-0.575684,0.170410,0.812622
0.410522,-0.227173,0.997437
-0.340820,-0.247192,0.724976
-0.037231,0.122437,1.003662
0.209717,-0.401855,0.878784
-0.599243,0.125488,0.788208
0.390381,-0.178223,1.001587
-0.260742,-0.306519,0.707642
-0.124756,0.157349,0.986450
0.282715,-0.411499,0.882935
-0.606079,0.077026,0.763062
0.370361,-0.152954,1.019043
-0.201782,-0.331787,0.718628
-0.242554,0.158081,0.933594
0.335938,-0.381592,0.920654
-0.588745,0.018188,0.722900
0.324585,-0.087769,1.034668
-0.157227,-0.340576,0.716553
-0.335449,0.191284,0.902954
0.385132,-0.380371,0.933960
-0.577148,-0.027344,0.713501
0.254639,-0.058228,1.019165
-0.078979,-0.381958,0.745972
-0.434204,0.209229,0.865234
0.411133,-0.289917,0.974243
-0.533081,-0.081787,0.711792
0.135376,-0.002563,1.000488
0.027588,-0.433472,0.802002
-0.517822,0.186768,0.836670
0.416138,-0.238892,1.000732
-0.443115,-0.115601,0.744629
0.023804,0.100342,1.008667
0.129028,-0.417358,0.833008
-0.566528,0.135620,0.812988
0.416870,-0.205200,1.015747
-0.330933,-0.214355,0.725342
-0.076538,0.166260,0.984131
0.229614,-0.383057,0.875610
-0.588501,0.051392,0.763794
0.410278,-0.189209,1.036987
-0.240356,-0.311157,0.704590
-0.186279,0.194580,0.944214
0.306274,-0.361084,0.901733
-0.597534,0.030518,0.737427
0.370972,-0.174072,1.030151
-0.176758,-0.365356,0.724487
-0.272461,0.186157,0.920044
0.346558,-0.353394,0.913452
-0.603394,0.023804,0.725708
0.308350,-0.110718,1.025024
-0.121338,-0.368530,0.745483
-0.368652,0.193115,0.884766
0.379761,-0.335815,0.943359
-0.562866,-0.022705,0.715820
0.227173,-0.007935,1.029663
-0.065063,-0.363403,0.767334
-0.451538,0.207397,0.866699
0.401245,-0.326416,0.954102
-0.516724,-0.109863,0.717163
0.147949,0.027954,1.018799
0.021729,-0.375977,0.798462
-0.534180,0.238403,0.847046
0.423828,-0.271484,0.982422
-0.448364,-0.184937,0.724731
0.041870,0.059692,1.005859
0.109985,-0.416260,0.823486
-0.574707,0.192749,0.811523
0.419312,-0.213013,0.995483
-0.329590,-0.205078,0.750977
-0.062866,0.130737,0.995972
0.209839,-0.433350,0.859863
-0.598755,0.094849,0.770264
0.393188,-0.147095,1.023193
-0.242310,-0.286621,0.712402
-0.166504,0.176514,0.967651
0.300659,-0.395996,0.898926
-0.607300,0.035522,0.725586
0.365723,-0.116333,1.031982
-0.165527,-0.348267,0.708496
-0.282959,0.213745,0.924316
0.348389,-0.335815,0.927124
-0.590332,-0.014038,0.722046
0.277100,-0.106567,1.011841
-0.093994,-0.408569,0.743774
-0.398071,0.223267,0.882446
0.385620,-0.303711,0.949829
-0.553223,-0.009399,0.725220
0.164917,-0.005859,1.001709
-0.003052,-0.410156,0.784668
-0.485474,0.208008,0.860840
0.399902,-0.256592,0.975708
-0.456665,-0.083984,0.752075
0.050537,0.109375,1.002319
0.107178,-0.414429,0.816162
-0.566162,0.159790,0.806641
0.416138,-0.213379,1.014160
-0.329224,-0.241943,0.725098
-0.039429,0.155518,0.995361
0.181763,-0.373657,0.842163
-0.591431,0.098877,0.777466
0.405151,-0.182739,1.026001
-0.240112,-0.335327,0.707520
-0.150635,0.166992,0.957642
0.273682,-0.361816,0.877808
-0.607788,0.093994,0.761230
0.369263,-0.174316,1.009399
-0.169434,-0.368042,0.722778
-0.257446,0.167725,0.919189
0.341309,-0.336182,0.922119
-0.592163,0.047241,0.731934
0.312988,-0.099854,1.013672
-0.112061,-0.373413,0.730957
-0.365234,0.194824,0.874878
0.379883,-0.328857,0.937622
-0.556519,-0.013062,0.729126
0.220703,-0.038452,1.010620
-0.045654,-0.405518,0.761230
-0.462280,0.218506,0.853638
0.401855,-0.285767,0.969604
-0.519653,-0.076416,0.707031
0.120239,0.063843,1.019653
0.052368,-0.411011,0.804077
-0.538208,0.214722,0.840698
0.408813,-0.258911,0.972534
-0.430176,-0.159912,0.722778
0.031738,0.107666,1.020020
0.141357,-0.411987,0.831787
-0.582397,0.202026,0.808350
0.414673,-0.194092,0.995972
-0.321533,-0.254395,0.729980
-0.053955,0.127563,0.994385
0.207397,-0.407104,0.860352
-0.604004,0.120239,0.758301
0.403564,-0.151123,1.020264
-0.240845,-0.288330,0.719849
-0.155762,0.166382,0.971436
0.285034,-0.425781,0.883179
-0.612549,0.086670,0.760010
0.375244,-0.105103,1.025879
-0.187622,-0.337036,0.701538
-0.257446,0.202637,0.935791
0.350098,-0.387573,0.915649
-0.595337,0.009277,0.727783
0.319702,-0.100464,1.015869
-0.124268,-0.378296,0.708374
-0.352661,0.221191,0.876953
0.384155,-0.325684,0.939453
-0.551880,-0.029175,0.720703
0.243774,-0.037476,1.014038
-0.072144,-0.405884,0.732300
-0.446655,0.216675,0.854614
0.409424,-0.312134,0.948242
-0.521362,-0.079712,0.723755
0.148804,0.010620,0.999023
0.003540,-0.393066,0.787354
-0.523438,0.215332,0.830566
0.406860,-0.249268,0.973755
-0.438965,-0.150757,0.720581
0.059570,0.125977,1.031128
0.108887,-0.392700,0.832397
-0.578613,0.187134,0.808105
0.417114,-0.235107,0.989380
-0.355591,-0.204590,0.739258
-0.025024,0.149292,1.005615
0.200684,-0.408447,0.853394
-0.608765,0.168823,0.793335
0.413818,-0.184326,1.001587
-0.269165,-0.270630,0.723389
-0.119263,0.167114,0.973877
0.255371,-0.412842,0.873779
-0.614258,0.126343,0.768188
0.412231,-0.152100,1.030640
-0.209595,-0.317627,0.724121
-0.201050,0.181030,0.950073
0.303955,-0.371948,0.899048
-0.604858,0.058716,0.741943
0.382080,-0.146606,1.022827
-0.159424,-0.341431,0.723511
-0.282227,0.214600,0.912842
0.362061,-0.340698,0.920410
-0.588135,0.011963,0.727905
0.304565,-0.110840,1.017578
-0.123169,-0.377686,0.730347
-0.338745,0.177734,0.875366
0.393799,-0.321289,0.947510
-0.583740,0.035400,0.713867
0.227417,-0.024414,1.006348
-0.042725,-0.410400,0.752563
-0.413330,0.196899,0.869507
0.385376,-0.270752,0.950562
-0.541016,-0.035278,0.720337
0.166626,0.009155,1.005005
0.018311,-0.415771,0.789673
-0.504883,0.212158,0.836914
0.421021,-0.251221,0.980957
-0.462280,-0.070679,0.747437
0.071533,0.093628,1.013672
0.097168,-0.397949,0.823486
-0.554932,0.180542,0.817993
0.419556,-0.207764,0.990112
-0.378540,-0.146240,0.738647
-0.000244,0.139526,1.006104
0.187866,-0.424927,0.841431
-0.593994,0.149170,0.782715
0.389771,-0.140015,0.996582
-0.282227,-0.269653,0.702881
-0.099609,0.175903,0.994507
0.277588,-0.407593,0.880737
-0.615479,0.129272,0.763062
0.381470,-0.137695,1.007935
-0.183228,-0.301270,0.731445
-0.221558,0.183350,0.929077
0.327515,-0.373901,0.907837
-0.602295,0.043091,0.733643
0.347168,-0.108643,1.023193
-0.134399,-0.359375,0.711304
-0.308960,0.219482,0.892456
0.387817,-0.332520,0.931030
-0.586670,0.024292,0.721558
0.256470,-0.052002,1.006470
-0.058838,-0.408936,0.757812
-0.411255,0.183716,0.847046
0.395752,-0.292114,0.948120
-0.533081,-0.029663,0.719727
0.169312,0.043701,1.013306
0.015137,-0.411743,0.771973
-0.491211,0.200073,0.830933
0.404785,-0.235596,0.967773
-0.458984,-0.107300,0.736084
0.077393,0.097046,1.013184
0.099121,-0.423340,0.809937
-0.547974,0.190796,0.821777
0.418091,-0.198486,0.998047
-0.361450,-0.157227,0.737793
-0.011230,0.178101,1.023804
0.185303,-0.417725,0.840454
-0.607178,0.152710,0.765747
0.418701,-0.186401,1.007446
-0.270630,-0.236938,0.734131
-0.093628,0.187988,0.991211
0.256836,-0.362549,0.890381
-0.627197,0.133301,0.758789
0.405640,-0.165894,1.018921
-0.185303,-0.342651,0.721558
-0.175659,0.188354,0.944946
0.313599,-0.348999,0.895508
-0.620850,0.099487,0.749756
0.370728,-0.161621,1.002930
-0.123535,-0.374878,0.732422
-0.259399,0.174072,0.889771
0.354248,-0.305054,0.921143
-0.585205,0.082275,0.736450
0.315796,-0.089111,1.005249
-0.087036,-0.383911,0.748169
-0.359375,0.175415,0.855957
0.390869,-0.311035,0.930298
-0.555786,0.016846,0.707031
0.230957,-0.001221,1.007690
-0.039185,-0.385132,0.751831
-0.422241,0.173584,0.836670
0.401855,-0.282349,0.947632
-0.530273,-0.035889,0.719482
0.163574,0.057617,1.010742
0.019165,-0.402100,0.771729
-0.489502,0.210449,0.830811
0.416382,-0.247559,0.977051
-0.467407,-0.072632,0.734497
0.104248,0.088257,1.019165
0.075684,-0.408203,0.805420
-0.541138,0.203003,0.812256
0.407715,-0.202515,0.980835
-0.390869,-0.150146,0.752930
0.035767,0.107300,1.010986
0.140137,-0.412720,0.826416
-0.569702,0.182251,0.795654
0.413086,-0.174194,0.994263
-0.314941,-0.181274,0.752075
-0.059692,0.155151,0.986572
0.227539,-0.411743,0.871460
-0.600830,0.122437,0.754883
0.416870,-0.139648,1.031860
-0.237671,-0.272461,0.724365
-0.152222,0.214355,0.965454
0.298950,-0.388184,0.891602
-0.605713,0.072754,0.743896
0.396362,-0.155884,1.017334
-0.156982,-0.328125,0.739868
-0.246216,0.237061,0.932373
0.352783,-0.349365,0.906982
-0.593506,0.050293,0.727661
0.333984,-0.110474,1.021240
-0.103882,-0.391846,0.713501
-0.327393,0.223022,0.884766
0.384888,-0.328857,0.924805
-0.565063,0.008667,0.716431
0.248169,-0.044434,1.004883
-0.046143,-0.422485,0.737549
-0.393921,0.199829,0.860840
0.415771,-0.290405,0.945312
-0.537598,-0.011475,0.721313
0.160156,0.024414,1.003418
0.021118,-0.406250,0.775757
-0.474243,0.203613,0.845215
0.432739,-0.246704,0.969849
-0.461670,-0.077271,0.743286
0.064453,0.117065,1.016846
0.099609,-0.423584,0.804199
-0.550537,0.202393,0.807739
0.428589,-0.190674,0.993774
-0.340576,-0.162109,0.741577
-0.028687,0.183594,1.012939
0.201904,-0.417847,0.845459
-0.596313,0.126343,0.773926
0.411499,-0.164917,1.011475
-0.233887,-0.266724,0.725952
-0.122437,0.211914,0.968018
0.286499,-0.353882,0.895386
-0.609375,0.082520,0.739868
0.398682,-0.151611,1.026489
-0.156250,-0.343262,0.723145
-0.221313,0.215698,0.933105
0.344482,-0.336670,0.900879
-0.595093,0.061523,0.750610
0.345093,-0.119507,1.016602
-0.092529,-0.387085,0.734619
-0.305054,0.186646,0.872681
0.368530,-0.287720,0.922363
-0.584717,0.026001,0.706543
0.268677,-0.061523,1.005493
-0.026489,-0.423340,0.762451
-0.378906,0.184937,0.856445
0.394409,-0.262207,0.939087
-0.543335,0.020142,0.726196
0.161865,0.018555,0.994141
0.046021,-0.415649,0.790405
-0.472534,0.182983,0.845703
0.420410,-0.212891,0.973389
-0.461304,-0.048218,0.732910
0.063354,0.141235,1.008911
0.117310,-0.401001,0.813110
-0.537964,0.144653,0.809570
0.419800,-0.199463,0.994385
-0.341797,-0.171509,0.743164
-0.030273,0.216064,1.006592
0.204712,-0.373779,0.845825
-0.588989,0.127197,0.778687
0.428589,-0.206055,1.015503
-0.251953,-0.273071,0.737793
-0.108643,0.202881,0.959961
0.259033,-0.337158,0.881958
-0.601807,0.114868,0.759766
0.422974,-0.180054,1.029297
-0.154297,-0.351807,0.753174
-0.181519,0.176025,0.919922
0.307739,-0.320435,0.895752
-0.600586,0.109985,0.743286
0.370605,-0.116333,1.019043
-0.077515,-0.394653,0.752441
-0.276367,0.160156,0.881348
0.352905,-0.307983,0.933838
-0.592651,0.062012,0.710449
0.291992,-0.047119,1.007690
-0.037109,-0.410278,0.747314
-0.342163,0.183472,0.873657
0.384399,-0.270142,0.946411
-0.568237,0.019165,0.700562
0.218140,-0.029297,0.975952
-0.003418,-0.414673,0.757935
-0.420288,0.189941,0.851807
0.429443,-0.261475,0.965942
-0.500977,-0.026489,0.732666
0.095215,0.100342,1.000977
0.061890,-0.405640,0.786987
-0.506226,0.164551,0.829956
0.444092,-0.242676,0.993286
-0.393555,-0.107666,0.759521
0.002563,0.204346,1.003418
0.155884,-0.370239,0.831543
-0.572754,0.150024,0.784302
0.445557,-0.239868,1.006592
-0.279785,-0.214478,0.768311
-0.067993,0.184448,0.983887
0.216553,-0.361450,0.853394
-0.605591,0.134644,0.752075
0.435303,-0.175903,1.017822
-0.193604,-0.286377,0.753052
-0.131592,0.176636,0.950684
0.283081,-0.326050,0.884033
-0.613281,0.126831,0.756470
0.396729,-0.140625,1.019775
-0.114380,-0.386719,0.757202
-0.233398,0.166504,0.900146
0.354492,-0.320435,0.918823
-0.592163,0.111816,0.732910
0.306519,-0.050659,0.999512
-0.052734,-0.374756,0.759033
-0.285278,0.159424,0.888916
0.384521,-0.316040,0.943237
-0.585693,0.054443,0.712524
0.244751,-0.004028,0.984863
-0.016113,-0.397949,0.754395
-0.373657,0.184570,0.856201
0.413940,-0.294678,0.941162
-0.527832,-0.011108,0.730713
0.167480,0.051147,0.984009
0.021362,-0.394165,0.776855
-0.441772,0.155762,0.823242
0.428955,-0.258789,0.980347
-0.467407,-0.080933,0.746216
0.079956,0.109253,1.009033
0.087769,-0.396606,0.806519
-0.516968,0.181274,0.814087
0.433105,-0.196533,1.004150
-0.387573,-0.124023,0.759277
0.037354,0.081299,1.001587
0.163574,-0.404297,0.849365
-0.597656,0.181763,0.773315
0.426514,-0.164551,1.006470
-0.258179,-0.237915,0.738892
-0.069946,0.178345,0.991577
0.259277,-0.372559,0.884033
-0.601685,0.121948,0.753540
0.396484,-0.142578,1.010010
-0.151367,-0.311401,0.747070
-0.185059,0.200928,0.938843
0.332031,-0.326782,0.921143
-0.586060,0.070312,0.749634
0.353027,-0.105591,1.018555
-0.091675,-0.396729,0.724976
-0.273071,0.185059,0.887207
0.382202,-0.310181,0.929932
-0.563965,0.047607,0.745239
0.248413,-0.016602,1.002075
-0.015991,-0.403076,0.769653
-0.378662,0.136230,0.837280
0.415649,-0.287354,0.959595
-0.519531,-0.005981,0.728271
0.153809,0.081665,1.013062
0.065552,-0.407227,0.792236
-0.478394,0.187744,0.823608
0.421265,-0.228882,0.971191
-0.428711,-0.069824,0.761597
0.079712,0.130493,1.011230
0.108643,-0.399536,0.808838
-0.547729,0.155151,0.774902
0.438477,-0.217163,1.002930
-0.329346,-0.181519,0.751953
-0.015503,0.195435,1.009644
0.193726,-0.369019,0.852173
-0.581909,0.137451,0.762695
0.425293,-0.182617,1.021118
-0.246094,-0.245361,0.742920
-0.101685,0.186157,0.968872
0.286499,-0.376709,0.890137
-0.603516,0.103149,0.753784
0.397095,-0.143188,1.027344
-0.125610,-0.362793,0.727173
-0.203857,0.216553,0.938477
0.346680,-0.337646,0.911987
-0.596558,0.075439,0.747192
0.349487,-0.108521,1.002197
-0.050171,-0.367676,0.764771
-0.305420,0.200562,0.874756
0.374023,-0.321655,0.934814
-0.550537,-0.038208,0.705200
0.263916,-0.028809,1.002563
-0.049683,-0.383423,0.743042
-0.368896,0.179321,0.851196
0.442017,-0.314209,0.960938
-0.525635,-0.026245,0.740845
0.151367,0.033813,0.995850
0.032227,-0.412598,0.759399
-0.447144,0.187500,0.829712
0.454590,-0.273804,0.971191
-0.455444,-0.061646,0.758301
0.062988,0.107422,1.000122
0.112427,-0.409790,0.813599
-0.521606,0.131836,0.796143
0.446045,-0.212280,1.016357
-0.365723,-0.150024,0.746094
-0.018555,0.172119,1.001465
0.212891,-0.396851,0.856201
-0.577515,0.158325,0.773804
0.420898,-0.183105,1.009766
-0.277344,-0.217407,0.752930
-0.081787,0.170898,0.977783
0.288940,-0.375122,0.896118
-0.621948,0.141602,0.745972
0.421265,-0.166260,1.019653
-0.131104,-0.326782,0.751709
-0.185791,0.226440,0.928833
0.319824,-0.329102,0.910400
-0.597778,0.079712,0.746582
0.389648,-0.145386,1.020508
-0.062500,-0.373779,0.761108
-0.264282,0.207275,0.889404
0.352173,-0.303467,0.917236
-0.577148,0.052368,0.729736
0.315674,-0.088501,1.001587
-0.017944,-0.416382,0.758667
-0.338013,0.167603,0.856201
0.398560,-0.293945,0.943726
-0.552856,0.007690,0.729126
0.211182,-0.028198,0.979004
0.017456,-0.426392,0.762207
-0.396118,0.144897,0.824585
0.429077,-0.245483,0.974243
-0.491699,-0.023926,0.755981
0.112427,0.078735,0.995728
0.075439,-0.422485,0.791992
-0.471680,0.144043,0.825928
0.439087,-0.209106,0.999634
-0.429077,-0.073120,0.747559
0.022583,0.169067,1.000854
0.172607,-0.421143,0.823120
-0.547485,0.126953,0.784546
0.430542,-0.220215,1.004517
-0.316895,-0.185547,0.750488
-0.037598,0.227051,1.014038
0.226685,-0.374512,0.863770
-0.590698,0.108398,0.743652
0.426025,-0.204102,1.016724
-0.207642,-0.286499,0.741699
-0.117065,0.229736,0.974243
0.293091,-0.350342,0.885986
-0.604736,0.102051,0.748169
0.408325,-0.171143,1.026978
-0.110718,-0.345703,0.766235
-0.206421,0.194092,0.915405
0.342896,-0.329346,0.915283
-0.591309,0.122803,0.753784
0.346313,-0.118652,1.013794
-0.038818,-0.401855,0.754272
-0.275879,0.188721,0.887817
0.375366,-0.296753,0.921387
-0.572388,0.044434,0.726562
0.272339,-0.058105,0.982422
0.007690,-0.417603,0.762573
-0.341919,0.142700,0.849487
0.405518,-0.265259,0.951294
-0.541504,0.001587,0.705322
0.178833,0.038818,0.992920
0.052612,-0.397705,0.789673
-0.429810,0.119873,0.816528
0.428345,-0.264893,0.977173
-0.472168,-0.058838,0.729492
0.099365,0.156372,1.019165
0.103760,-0.388306,0.799072
-0.521484,0.149170,0.791748
0.444458,-0.262451,1.002441
-0.387085,-0.172241,0.746216
0.029785,0.184082,1.028198
0.170288,-0.393555,0.817383
-0.572021,0.152588,0.786743
0.458984,-0.234131,1.010864
-0.296509,-0.214233,0.764160
-0.072876,0.202026,0.977661
0.251221,-0.379150,0.875366
-0.594238,0.111328,0.750122
0.436646,-0.206299,1.022339
-0.198242,-0.263306,0.772095
-0.142334,0.209717,0.958740
0.297363,-0.336792,0.906372
-0.588867,0.073242,0.750488
0.412476,-0.164551,1.030762
-0.116577,-0.342651,0.758789
-0.232056,0.204834,0.910767
0.353027,-0.354736,0.925903
-0.568481,0.040771,0.747070
0.335938,-0.085449,1.011475
-0.064575,-0.360840,0.744507
-0.304199,0.200439,0.875122
0.401367,-0.362793,0.929810
-0.540771,-0.045776,0.732788
0.253174,-0.036133,0.996582
-0.015137,-0.401733,0.744629
-0.373657,0.168579,0.835327
0.432495,-0.259644,0.974854
-0.495361,-0.065552,0.735718
0.145630,0.019897,0.990234
0.069458,-0.431274,0.780518
-0.466553,0.165161,0.805176
0.443726,-0.227295,0.987671
-0.429810,-0.100708,0.745728
0.045898,0.135742,1.011108
0.149536,-0.423584,0.812012
-0.537598,0.106079,0.781372
0.447144,-0.212646,1.022583
-0.319824,-0.181274,0.736572
-0.046265,0.228638,1.005737
0.237671,-0.385254,0.861694
-0.598267,0.108154,0.747314
0.446655,-0.206543,1.024658
-0.191650,-0.256104,0.771729
-0.132202,0.208008,0.966919
0.302124,-0.352173,0.886597
-0.591919,0.083618,0.745239
0.399902,-0.158936,1.026611
-0.098145,-0.366211,0.756836
-0.214355,0.211426,0.921265
0.361084,-0.327271,0.921021
-0.573975,0.045044,0.743164
0.338989,-0.132202,1.006348
-0.028076,-0.419556,0.755249
-0.307495,0.192383,0.868164
0.379761,-0.287109,0.926636
-0.528564,0.002075,0.746338
0.244873,-0.050903,0.983154
0.011719,-0.430908,0.756714
-0.361816,0.142212,0.831665
0.412109,-0.245728,0.964233
-0.507446,-0.047852,0.725952
0.167725,0.032715,0.999390
0.059082,-0.418091,0.787231
-0.434204,0.136353,0.812134
0.432617,-0.242920,0.979492
-0.446289,-0.080078,0.757568
0.072388,0.130981,1.005859
0.119629,-0.428345,0.811523
-0.516113,0.120361,0.786621
0.454834,-0.233154,1.009155
-0.359009,-0.125488,0.766357
-0.026489,0.213989,1.002441
0.207642,-0.402222,0.834229
-0.567993,0.073120,0.754883
0.460815,-0.224609,1.030762
-0.254883,-0.228027,0.748413
-0.104126,0.230103,0.980103
0.262695,-0.361816,0.869873
-0.582764,0.077637,0.751709
0.429077,-0.194946,1.029541
-0.151611,-0.327637,0.763062
-0.167114,0.191040,0.938232
0.321533,-0.326782,0.909668
-0.581665,0.099854,0.746338
0.373779,-0.136597,1.012573
-0.073364,-0.360474,0.773682
-0.244385,0.167480,0.900879
0.380127,-0.340088,0.940430
-0.562134,-0.006714,0.729858
0.306152,-0.052246,1.011597
-0.021973,-0.412598,0.738647
-0.341919,0.195312,0.858276
0.412476,-0.326538,0.949463
-0.525024,-0.062866,0.725830
0.227905,-0.019775,1.006714
0.024902,-0.407837,0.752197
-0.415527,0.210938,0.827881
0.434814,-0.284790,0.958740
-0.473389,-0.103271,0.739502
0.142456,0.015137,1.008301
0.087402,-0.423828,0.800659
-0.501465,0.187012,0.798340
0.421509,-0.159058,1.000854
-0.386719,-0.127930,0.760742
-0.106323,0.201660,0.977783
0.265137,-0.400391,0.883789
-0.595215,0.081421,0.755493
0.402344,-0.133179,1.028198
-0.166626,-0.302612,0.733765
-0.191162,0.222046,0.933350
0.339966,-0.332886,0.908936
-0.591675,0.065796,0.741211
0.338257,-0.127441,1.010132
-0.083130,-0.387451,0.743652
-0.301270,0.190552,0.874268
0.382568,-0.298096,0.932739
-0.565063,0.036499,0.736084
0.262329,-0.035767,1.005127
-0.027710,-0.398193,0.762085
-0.398926,0.180786,0.844482
0.404663,-0.257202,0.960083
-0.513672,-0.069214,0.724243
0.148560,0.042114,1.002686
0.036865,-0.401978,0.785767
-0.482178,0.199341,0.829468
0.439331,-0.224487,0.989624
-0.423706,-0.094116,0.753174
0.051270,0.142578,1.022583
0.135742,-0.405273,0.818604
-0.575684,0.160645,0.790771
0.457397,-0.231812,1.002319
-0.307007,-0.181030,0.752075
-0.053345,0.229858,1.000977
0.201416,-0.350464,0.847778
-0.582520,0.117432,0.779541
0.447388,-0.194336,1.033447
-0.217773,-0.298096,0.738403
-0.143188,0.195190,0.954468
0.276733,-0.353027,0.879395
-0.603516,0.107422,0.739624
0.421265,-0.155884,1.038574
-0.112671,-0.347046,0.767456
-0.236328,0.196899,0.903076
0.326294,-0.317871,0.894653
-0.591187,0.078491,0.737305
0.346558,-0.115234,1.008057
-0.053467,-0.389648,0.764038
-0.302246,0.194824,0.880127
0.362915,-0.291992,0.913818
-0.573730,0.004883,0.714478
0.267578,-0.089355,0.984497
-0.018555,-0.429443,0.755249
-0.386719,0.186768,0.860229
0.408447,-0.287109,0.946533
-0.529175,-0.027344,0.725464
0.149048,0.028564,0.986816
0.043091,-0.406982,0.777954
-0.447510,0.193359,0.842163
0.431885,-0.231445,0.986450
-0.479248,-0.043701,0.737061
0.078247,0.096313,1.009644
0.112061,-0.425903,0.807007
-0.530273,0.169556,0.809326
0.451172,-0.213989,1.002808
-0.378174,-0.138672,0.752930
0.002808,0.153564,1.004883
0.173462,-0.384277,0.842651
-0.573120,0.156982,0.787720
0.447876,-0.205933,1.020996
-0.259155,-0.241699,0.751709
-0.101074,0.189819,0.979126
0.251221,-0.368042,0.866455
-0.597900,0.117188,0.762085
0.430542,-0.172363,1.026123
-0.164795,-0.305542,0.754150
-0.177246,0.214722,0.943359
0.328979,-0.346069,0.905762
-0.606567,0.064209,0.735718
0.345703,-0.107422,1.019409
-0.076050,-0.397827,0.732910
-0.269409,0.196167,0.898071
0.367676,-0.319336,0.923584
-0.574097,0.037598,0.727173
0.274780,-0.055786,0.986816
-0.025269,-0.417114,0.749390
-0.373779,0.196655,0.849365
0.401611,-0.280640,0.943848
-0.531006,-0.012939,0.736206
0.167847,0.011719,0.988403
0.035645,-0.403809,0.781738
-0.465820,0.188354,0.833252
0.431641,-0.222168,0.989258
-0.423706,-0.101562,0.750854
0.055664,0.137939,1.018799
0.118652,-0.392578,0.817871
-0.558594,0.157959,0.796875
0.452026,-0.227783,1.005249
-0.318604,-0.181152,0.749634
-0.031738,0.192017,1.005981
0.214722,-0.376587,0.860718
-0.606934,0.141479,0.761230
0.442017,-0.203125,1.014893
-0.203735,-0.307373,0.745117
-0.117920,0.192017,0.960938
0.269775,-0.342163,0.881592
-0.601562,0.123291,0.745239
0.420044,-0.162354,1.014893
-0.120728,-0.319458,0.770142
-0.206177,0.183594,0.912964
0.345825,-0.342773,0.910034
-0.600220,0.097168,0.733398
0.339478,-0.101074,0.999634
-0.066772,-0.377197,0.754883
-0.286377,0.198853,0.900146
0.398071,-0.350830,0.931396
-0.579102,0.037476,0.732788
0.256226,-0.043945,0.969727
-0.024414,-0.393433,0.755859
-0.348022,0.181030,0.855957
0.416260,-0.290283,0.951416
-0.533325,-0.019409,0.734009
0.190308,0.003662,0.995605
0.011597,-0.406128,0.774414
-0.422852,0.167236,0.838501
0.424072,-0.257812,0.974243
-0.498901,-0.061401,0.727051
0.116089,0.097534,1.023804
0.091919,-0.399658,0.801025
-0.500366,0.173096,0.810791
0.432861,-0.222290,0.984253
-0.394409,-0.103638,0.759888
0.035645,0.132080,1.007812
0.158325,-0.397217,0.837158
-0.576782,0.144897,0.776733
0.442139,-0.225220,1.003540
-0.300049,-0.213013,0.745239
-0.053833,0.200684,0.987427
0.242676,-0.368042,0.862549
-0.590088,0.143433,0.762695
0.438110,-0.181519,1.019775
-0.218750,-0.255249,0.753784
-0.137695,0.181274,0.943115
0.323242,-0.385620,0.913574
-0.610229,0.088745,0.751587
0.390015,-0.117676,1.022217
-0.119629,-0.336914,0.742188
-0.226074,0.210449,0.923340
0.360718,-0.353027,0.915771
-0.581177,0.053833,0.754028
0.341797,-0.114380,1.006714
-0.065674,-0.376831,0.740967
-0.306030,0.196167,0.865601
0.384399,-0.277100,0.932983
-0.532593,-0.028076,0.727539
0.249023,-0.062378,0.977905
-0.014648,-0.395630,0.753174
-0.402100,0.182251,0.843384
0.445557,-0.290649,0.973389
-0.506592,-0.059570,0.732422
0.121460,0.048096,0.990356
0.043457,-0.403809,0.779175
-0.468994,0.180420,0.829224
0.474854,-0.259277,0.994019
-0.439697,-0.053711,0.771484
0.028564,0.152100,0.996460
0.153198,-0.441284,0.815918
-0.566284,0.151733,0.775146
0.450195,-0.199707,1.016357
-0.271118,-0.216187,0.762817
-0.070190,0.205078,0.997070
0.210449,-0.367676,0.857544
-0.579712,0.088501,0.753174
0.427490,-0.174561,1.035034
-0.188477,-0.285767,0.756836
-0.131470,0.176880,0.953003
0.302856,-0.338623,0.893921
-0.610718,0.080200,0.739746
0.385986,-0.156738,1.022827
-0.088379,-0.377441,0.754639
-0.218262,0.200684,0.922363
0.370361,-0.328369,0.916016
-0.603638,0.085815,0.733643
0.308594,-0.078491,0.998169
-0.032959,-0.387329,0.773804
-0.299927,0.129761,0.861694
0.395142,-0.294678,0.936768
-0.553223,0.057129,0.738647
0.215454,0.023438,0.983398
0.016602,-0.393921,0.760742
-0.403198,0.156982,0.845947
0.423706,-0.282837,0.972290
-0.502808,-0.033936,0.730591
0.145264,0.139771,1.020264
0.039429,-0.355835,0.777222
-0.470459,0.153687,0.820190
0.440063,-0.274658,0.995117
-0.437134,-0.094360,0.758301
0.075562,0.164429,1.026123
0.107666,-0.402344,0.800415
-0.524536,0.157227,0.799194
0.452026,-0.234863,0.998657
-0.369995,-0.134399,0.753662
0.018066,0.186157,1.022705
0.172974,-0.384399,0.833374
-0.587158,0.144409,0.771973
0.454956,-0.229980,1.000366
-0.276367,-0.185425,0.777344
-0.056396,0.212280,0.999268
0.234985,-0.388672,0.860718
-0.585693,0.098022,0.749023
0.425903,-0.146606,1.029541
-0.220093,-0.221558,0.759766
-0.112793,0.224487,0.979736
0.305298,-0.380249,0.902466
-0.614014,0.070435,0.735962
0.394775,-0.170532,1.001465
-0.140991,-0.317017,0.744629
-0.143066,0.212891,0.961060
0.331543,-0.325195,0.913696
-0.612793,0.080811,0.741089
0.368774,-0.152588,0.995483
-0.092285,-0.380371,0.739014
-0.226074,0.159180,0.897583
0.369263,-0.313354,0.920288
-0.571045,0.091187,0.766602
0.309326,-0.072388,0.986328
-0.036377,-0.392456,0.749512
-0.305664,0.159058,0.859131
0.396362,-0.308105,0.936279
-0.560791,0.004883,0.711792
0.254761,-0.032471,0.987427
0.016602,-0.421509,0.763672
-0.380249,0.174683,0.846802
0.417358,-0.262451,0.956909
-0.521606,-0.027466,0.722046
0.175415,0.001953,0.985474
0.057495,-0.410767,0.788574
-0.452148,0.155518,0.804810
0.449341,-0.252441,0.984131
-0.464111,-0.041992,0.752563
0.073364,0.133911,1.011963
0.100830,-0.377075,0.813965
-0.509644,0.116333,0.795532
0.452759,-0.255737,0.999512
-0.388916,-0.132812,0.749756
0.029053,0.199707,1.014648
0.157837,-0.338623,0.828613
-0.561523,0.132324,0.762207
0.458618,-0.275757,1.002319
-0.317627,-0.219482,0.769287
-0.023071,0.188721,1.000610
0.219604,-0.367554,0.848999
-0.579468,0.153809,0.763794
0.439087,-0.218018,1.007935
-0.256104,-0.239624,0.771851
-0.082764,0.155640,0.959229
0.272217,-0.378906,0.881958
-0.577759,0.128052,0.774048
0.411987,-0.151855,1.016602
-0.192627,-0.270142,0.755737
-0.151733,0.197632,0.946899
0.320679,-0.390503,0.898682
-0.576172,0.074219,0.758179
-0.580444,0.047607,0.751221
0.365234,-0.096313,1.020752
-0.092163,-0.360474,0.746216
0.373901,-0.317871,0.936157
-0.532471,-0.013550,0.748901
0.317871,-0.050415,1.028809
-0.065796,-0.398926,0.728882
-0.333374,0.187988,0.855591
0.412476,-0.337280,0.941650
-0.534912,-0.028564,0.735229
0.262695,-0.015747,1.017822
-0.022827,-0.398926,0.740112
-0.381958,0.170532,0.828003
0.423462,-0.299927,0.951538
-0.507812,-0.069458,0.733398
0.196777,0.011230,1.012329
0.031494,-0.420776,0.769165
-0.442139,0.196045,0.824951
0.426270,-0.244629,0.968750
-0.480469,-0.064453,0.741577
0.133667,0.051880,1.017456
0.093872,-0.453369,0.794067
-0.499146,0.168457,0.802246
0.442505,-0.215820,0.989746
-0.431763,-0.095093,0.739380
0.047241,0.148071,1.013916
0.151001,-0.438232,0.824951
-0.539429,0.110229,0.778198
0.453491,-0.221558,1.011719
-0.336792,-0.115845,0.778198
-0.045410,0.236206,1.016846
0.225586,-0.401978,0.849243
-0.571167,0.077148,0.758667
0.439819,-0.189209,1.028564
-0.256714,-0.237671,0.736084
-0.097900,0.224487,0.976929
0.286255,-0.366577,0.886597
-0.593506,0.066895,0.746094
0.402832,-0.184570,1.016968
-0.137939,-0.346924,0.754517
-0.151489,0.205444,0.958252
0.313965,-0.309082,0.902588
-0.601562,0.078857,0.742554
0.382202,-0.184082,1.000977
-0.062744,-0.404419,0.764038
-0.251709,0.199219,0.888550
0.360107,-0.296143,0.919189
-0.565430,0.054077,0.734863
0.311890,-0.083130,0.995850
-0.013794,-0.398682,0.776367
-0.323120,0.147339,0.854736
0.402344,-0.282227,0.946167
-0.540649,0.036621,0.735229
0.229980,0.003296,0.999634
0.029053,-0.427246,0.757812
-0.404785,0.167603,0.831055
0.419312,-0.307617,0.937622
-0.500244,-0.057495,0.739014
0.164429,0.053711,1.015747
0.066650,-0.400024,0.789429
-0.488770,0.171021,0.801514
0.444824,-0.255859,0.988037
-0.422729,-0.136108,0.753174
0.063721,0.124634,1.024780
0.133911,-0.428101,0.820435
-0.548950,0.153564,0.784058
0.447876,-0.229004,0.989624
-0.326294,-0.151733,0.755005
-0.014282,0.218140,1.019287
0.194946,-0.356689,0.847168
-0.572876,0.062744,0.747681
0.456177,-0.253906,1.004639
-0.250244,-0.255737,0.749268
-0.087158,0.244263,0.989136
0.272705,-0.348755,0.877197
-0.595215,0.082397,0.737183
0.419922,-0.191162,1.027954
-0.139648,-0.335205,0.769287
-0.165771,0.183594,0.932495
0.322144,-0.340210,0.899414
-0.575439,0.105713,0.765747
0.375610,-0.125854,1.024170
-0.078735,-0.375488,0.764893
-0.244263,0.157104,0.875488
0.359741,-0.309814,0.926758
-0.548096,0.036987,0.741699
0.335327,-0.068237,1.022583
-0.038452,-0.400269,0.729736
-0.325684,0.192871,0.867065
0.406738,-0.329224,0.945312
-0.548096,-0.044678,0.728760
0.281860,-0.078979,0.993286
0.016357,-0.415527,0.760986
-0.388916,0.211060,0.840698
0.414307,-0.257446,0.956177
-0.510498,-0.077393,0.730347
0.175049,-0.022095,0.988037
0.063232,-0.434692,0.802124
-0.436279,0.150024,0.823486
0.418701,-0.227417,0.972168
-0.456543,-0.043701,0.755127
0.078979,0.110596,0.999268
0.140137,-0.424316,0.814575
-0.505005,0.122681,0.794922
0.426270,-0.211304,0.994873
-0.380859,-0.097046,0.754150
0.005615,0.185303,1.003784
0.204834,-0.401978,0.854004
-0.575928,0.098145,0.751099
0.434082,-0.201294,1.022095
-0.303101,-0.208130,0.728516
-0.066162,0.226807,0.991699
0.268433,-0.384277,0.879883
-0.595215,0.073975,0.746460
0.433228,-0.199463,1.031616
-0.190552,-0.287109,0.752686
-0.140503,0.217407,0.956421
0.308838,-0.333130,0.900024
-0.598755,0.080444,0.745728
0.412598,-0.205078,1.018799
-0.107788,-0.369629,0.770264
-0.188599,0.206177,0.923584
0.333740,-0.300903,0.899658
-0.579956,0.094849,0.743652
0.360840,-0.144043,1.001465
-0.046509,-0.429199,0.763672
-0.248169,0.139771,0.882446
0.375610,-0.312378,0.931519
-0.586548,0.058105,0.724243
0.304077,-0.088989,0.989380
-0.010742,-0.416626,0.755615
-0.337036,0.158936,0.854126
0.409668,-0.315674,0.953369
-0.516235,-0.017334,0.737061
0.220093,-0.009033,0.991455
0.002441,-0.401367,0.760864
-0.387451,0.145264,0.824097
0.435059,-0.267944,0.970947
-0.474243,-0.070801,0.749512
0.136108,0.065186,1.010132
0.069214,-0.437988,0.777344
-0.455933,0.150635,0.815186
0.442261,-0.234741,0.986694
-0.442383,-0.094849,0.741821
0.077637,0.095093,1.016724
0.135620,-0.428711,0.810791
-0.523193,0.145996,0.792236
0.451904,-0.218872,0.997559
-0.357666,-0.131714,0.760986
-0.031006,0.146118,0.984375
0.232422,-0.447266,0.848755
-0.559570,0.093018,0.766479
0.437378,-0.177734,1.017212
-0.252808,-0.197632,0.764038
-0.115601,0.209717,0.973755
0.299561,-0.383423,0.900879
-0.578247,0.054443,0.743530
0.405640,-0.149780,1.024414
-0.125854,-0.337280,0.758545
-0.194092,0.215820,0.935913
0.330200,-0.335083,0.906250
-0.568481,0.050781,0.762329
0.372925,-0.153564,1.008667
-0.057739,-0.366089,0.776367
-0.287598,0.188232,0.874268
0.365845,-0.317261,0.927612
-0.527588,-0.004272,0.749268
0.303101,-0.046631,1.015503
-0.012085,-0.401611,0.755127
-0.348022,0.174561,0.850952
0.416382,-0.335815,0.948975
-0.528564,-0.063110,0.719971
0.211304,-0.004028,0.988770
0.040405,-0.407837,0.772339
-0.394775,0.171875,0.838135
0.424561,-0.278809,0.946289
-0.483154,-0.075562,0.750854
0.125732,0.040405,0.994141
0.088257,-0.444214,0.784546
-0.478271,0.161621,0.807861
0.450928,-0.263550,0.977173
-0.435425,-0.096436,0.745361
0.043091,0.129150,1.001953
0.165039,-0.414917,0.823975
-0.528564,0.115967,0.783936
0.453857,-0.223511,1.010132
-0.345093,-0.171265,0.751831
-0.044678,0.173828,0.989502
0.247925,-0.410278,0.855225
-0.561768,0.105347,0.762695
0.436035,-0.190063,1.019287
-0.221802,-0.256348,0.767700
-0.134888,0.186523,0.953125
0.304443,-0.394287,0.885376
-0.573486,0.083862,0.753906
0.402100,-0.159668,1.026123
-0.113892,-0.328003,0.773682
-0.228394,0.197021,0.919189
0.366821,-0.375000,0.920532
-0.570435,0.060547,0.747559
0.339355,-0.095703,1.021484
-0.028320,-0.378784,0.777588
-0.299072,0.165405,0.858521
0.396240,-0.314819,0.944824
-0.545532,-0.022949,0.721802
0.249756,-0.049561,0.975464
0.022461,-0.425049,0.765503
-0.367310,0.134644,0.836670
0.431763,-0.276733,0.970093
-0.506104,-0.065308,0.733643
0.130615,0.046753,0.996338
0.093018,-0.441772,0.786743
-0.466431,0.145996,0.805054
0.439697,-0.238647,0.986694
-0.413330,-0.110474,0.763184
0.037598,0.108643,1.000122
0.161743,-0.435913,0.817871
-0.536499,0.097290,0.764038
0.445190,-0.194824,1.003418
-0.284790,-0.171631,0.766235
-0.087524,0.197754,0.990356
0.271484,-0.429321,0.874146
-0.570679,0.052124,0.749634
0.413940,-0.167725,1.022949
-0.161255,-0.271606,0.767212
-0.170776,0.223633,0.951538
0.345581,-0.348755,0.919800
-0.577637,0.030518,0.741211
0.352783,-0.156006,0.998291
-0.052002,-0.415649,0.764282
-0.250366,0.171875,0.883545
0.376343,-0.284180,0.938477
-0.568359,0.031860,0.733276
0.285889,-0.091553,0.983032
0.017456,-0.425903,0.772095
-0.342041,0.120361,0.826294
0.411133,-0.256836,0.958374
-0.522095,0.003540,0.743408
0.165649,0.035522,1.000122
0.080688,-0.453613,0.774780
-0.460693,0.137695,0.808350
0.434814,-0.241943,0.979980
-0.416260,-0.083496,0.763550
0.063110,0.152832,1.013428
0.133179,-0.405640,0.814941
-0.533081,0.099121,0.772217
0.452393,-0.240112,1.018677
-0.330811,-0.192383,0.748657
-0.040649,0.195312,1.012695
0.230225,-0.390015,0.856323
-0.578491,0.089966,0.742432
0.440430,-0.203491,1.025269
-0.210938,-0.271729,0.754150
-0.119019,0.208862,0.985962
0.294556,-0.361816,0.890747
-0.582642,0.079834,0.752808
0.413452,-0.160156,1.023926
-0.099976,-0.330444,0.771240
-0.215820,0.217896,0.930664
0.359619,-0.375122,0.913696
-0.561646,0.051514,0.751831
0.333984,-0.109131,1.005005
-0.040649,-0.389038,0.771729
-0.289673,0.183716,0.876953
0.391235,-0.335327,0.932739
-0.547241,0.002441,0.744629
0.266968,-0.062134,0.982666
0.018921,-0.428223,0.762695
-0.355713,0.151123,0.835938
0.402710,-0.279053,0.947144
-0.502441,-0.058960,0.733398
0.176758,0.012817,1.004028
0.067383,-0.452271,0.773071
-0.437012,0.152222,0.808472
0.430298,-0.244873,0.973877
-0.443970,-0.109985,0.754761
0.092407,0.065674,1.008545
0.128662,-0.429443,0.821045
-0.520264,0.145752,0.780396
0.428223,-0.176270,1.005249
-0.347412,-0.143921,0.761963
-0.011108,0.131348,0.997681
0.218506,-0.458008,0.850342
-0.582031,0.113281,0.745850
0.430176,-0.147217,1.031982
-0.235718,-0.214111,0.762817
-0.118286,0.209717,0.989380
0.306641,-0.433228,0.885620
-0.579590,0.075928,0.749023
0.396729,-0.124756,1.031616
-0.111328,-0.327515,0.754395
-0.207031,0.200684,0.937256
0.355469,-0.381714,0.919800
-0.566650,0.017944,0.732300
0.345459,-0.101562,1.012451
-0.029297,-0.391846,0.752930
-0.303467,0.203735,0.877563
0.387085,-0.306641,0.938843
-0.540039,-0.052612,0.724976
0.264404,-0.086670,0.996948
0.007568,-0.452148,0.752075
-0.387085,0.185791,0.831543
0.436768,-0.275391,0.955444
-0.492065,-0.025146,0.755493
0.132080,0.040283,0.998779
0.080444,-0.453979,0.786743
-0.450439,0.121460,0.809814
0.447754,-0.218994,1.000366
-0.413574,-0.091431,0.756226
0.035889,0.144287,1.013550
0.161011,-0.437988,0.820435
-0.541260,0.098511,0.763428
0.453979,-0.215332,1.020264
-0.291626,-0.191040,0.763672
-0.072754,0.229248,0.997437
0.249634,-0.381592,0.865234
-0.583008,0.073120,0.735840
0.441162,-0.215942,1.031982
-0.173950,-0.315552,0.769531
-0.156128,0.212769,0.955322
0.313965,-0.330200,0.899658
-0.592407,0.095581,0.743774
0.397095,-0.168945,1.027588
-0.050415,-0.378052,0.794800
-0.230469,0.179565,0.904419
0.348389,-0.324341,0.909424
-0.587036,0.080444,0.734253
0.337036,-0.119995,0.987915
0.001099,-0.421631,0.776611
-0.306885,0.193115,0.885010
0.389648,-0.311768,0.929688
-0.545044,-0.002441,0.729004
0.257812,-0.056396,0.980957
0.028076,-0.432739,0.771484
-0.359009,0.145020,0.825928
0.417480,-0.267578,0.960571
-0.519409,-0.010254,0.723022
0.189941,0.029663,1.009521
0.053101,-0.423340,0.774170
-0.433960,0.138306,0.816406
0.449707,-0.282959,0.974365
-0.479858,-0.062622,0.738770
0.112183,0.108398,1.011353
0.105469,-0.406006,0.803467
-0.494019,0.141602,0.791626
0.456421,-0.272217,0.981567
-0.420898,-0.127563,0.752686
0.039429,0.125000,1.001587
0.171021,-0.409546,0.830933
-0.536133,0.146484,0.774048
0.452026,-0.210938,1.009033
-0.323364,-0.184814,0.765747
-0.050537,0.145020,0.989990
0.240601,-0.419678,0.868530
-0.568970,0.082397,0.738647
0.426270,-0.169800,1.009277
-0.220825,-0.230225,0.769531
-0.118408,0.175659,0.960571
0.297363,-0.397705,0.895020
-0.577881,0.062256,0.737305
0.402222,-0.126953,1.022705
-0.112915,-0.302246,0.769653
-0.217407,0.208374,0.930420
0.358765,-0.379761,0.916260
-0.562622,0.016357,0.741333
0.348145,-0.099609,1.016113
-0.038330,-0.360718,0.762817
-0.313965,0.215332,0.871094
0.399780,-0.306274,0.941040
-0.532349,-0.055054,0.737671
0.241211,-0.080444,0.987915
0.015015,-0.452393,0.758423
-0.394653,0.175903,0.824707
0.426514,-0.240234,0.968872
-0.469238,-0.049561,0.758179
0.130249,0.026733,1.000854
0.092285,-0.470337,0.784180
-0.466553,0.124878,0.790161
0.436646,-0.200439,0.997314
-0.390259,-0.109009,0.760864
0.025269,0.134521,1.007324
0.186890,-0.429077,0.838623
-0.552368,0.084351,0.750366
0.442993,-0.202881,1.018677
-0.262451,-0.200195,0.763916
-0.101562,0.206787,0.987427
0.275269,-0.409790,0.881226
-0.570801,0.047852,0.745728
0.411865,-0.141968,1.031494
-0.133789,-0.317383,0.753662
-0.188232,0.199097,0.937256
0.342163,-0.336792,0.915527
-0.577637,0.042236,0.740234
0.361938,-0.133545,1.010132
-0.041016,-0.415649,0.758179
-0.279907,0.209595,0.886230
0.381104,-0.288818,0.935303
-0.541504,-0.022217,0.732666
0.259521,-0.064819,0.990723
0.015381,-0.443237,0.761475
-0.353516,0.149902,0.845947
0.417847,-0.270386,0.956543
-0.511230,-0.036011,0.734863
0.159790,0.016602,1.002563
0.080933,-0.439697,0.800293
-0.463013,0.124756,0.799072
0.442871,-0.241089,0.981445
-0.419556,-0.081177,0.757568
0.046631,0.147217,1.008911
0.167603,-0.402100,0.843628
-0.541626,0.080811,0.755371
0.430786,-0.198730,1.016113
-0.313965,-0.189697,0.755493
-0.043457,0.187744,1.004517
0.256226,-0.394531,0.877686
-0.575317,0.118774,0.754517
0.417847,-0.161865,1.008911
-0.172119,-0.268921,0.779175
-0.155273,0.192627,0.942627
0.306030,-0.378906,0.899902
-0.573975,0.042480,0.746094
0.388550,-0.110229,1.039917
-0.081665,-0.351929,0.761719
-0.228394,0.211426,0.915894
0.370239,-0.339233,0.932861
-0.569458,0.008179,0.727905
0.320435,-0.097412,1.010742
-0.031738,-0.418579,0.745728
-0.300781,0.177856,0.872559
0.411133,-0.315674,0.936157
-0.550171,0.002441,0.730713
0.225464,-0.045288,0.986450
0.031494,-0.458740,0.764526
-0.371948,0.152832,0.833984
0.431030,-0.275391,0.961426
-0.520508,-0.029907,0.732300
0.135742,0.049805,1.002441
0.092041,-0.452515,0.790649
-0.464600,0.135742,0.802368
0.446899,-0.257324,0.975830
-0.429321,-0.086304,0.759277
0.045776,0.136475,1.010742
0.173218,-0.432983,0.828003
-0.550659,0.118530,0.770386
0.412842,-0.168945,1.019897
-0.267822,-0.210205,0.763916
-0.152832,0.222168,0.953857
0.313599,-0.337891,0.881348
-0.626709,0.140137,0.757324
0.365479,-0.171509,1.004150
-0.077393,-0.384277,0.759399
-0.275879,0.177490,0.879272
0.362061,-0.289673,0.926392
-0.576172,0.090454,0.728149
0.291504,-0.075317,0.995117
-0.052612,-0.393311,0.736084
-0.360718,0.162109,0.847778
0.413086,-0.281006,0.947632
-0.551758,0.008667,0.723633
0.173096,0.030273,0.999878
0.035889,-0.393799,0.790161
-0.446777,0.168579,0.844116
0.414185,-0.233887,0.968140
-0.470947,-0.040894,0.733276
0.082642,0.139771,1.024170
0.129395,-0.400024,0.822998
-0.556519,0.163574,0.802002
0.421631,-0.203735,1.002563
-0.347900,-0.135254,0.740479
-0.015381,0.231445,1.008179
0.195312,-0.363770,0.843018
-0.585327,0.111084,0.778687
0.430542,-0.209229,1.013062
-0.257080,-0.230957,0.741455
-0.105103,0.226318,0.968628
0.272461,-0.359253,0.872437
-0.606323,0.104370,0.759033
0.402710,-0.163086,1.024414
-0.165771,-0.354492,0.723999
-0.174316,0.202393,0.940186
0.321167,-0.346680,0.885376
-0.603271,0.083862,0.747437
0.366577,-0.149536,1.024170
-0.104004,-0.398682,0.739136
-0.281372,0.189697,0.879517
0.375122,-0.321777,0.923950
-0.574219,0.069458,0.740601
0.283936,-0.026123,1.004883
-0.045898,-0.395752,0.752686
-0.364746,0.172119,0.846191
0.403442,-0.302612,0.943604
-0.544434,-0.023926,0.709351
0.198364,0.030273,1.006470
-0.004150,-0.398926,0.754761
-0.423340,0.197754,0.843140
0.408081,-0.254883,0.959839
-0.494019,-0.097168,0.726318
0.118530,0.059814,1.008667
0.070312,-0.408936,0.801392
-0.525024,0.200195,0.817139
0.437012,-0.231934,0.990967
-0.394775,-0.125244,0.764404
0.025024,0.138062,1.007080
0.151611,-0.387573,0.836304
-0.583740,0.171997,0.784058
0.433716,-0.202148,1.005005
-0.311890,-0.200928,0.739380
-0.050781,0.155273,0.977905
0.242676,-0.379272,0.873657
-0.596924,0.139648,0.764771
0.414429,-0.158936,1.008789
-0.219238,-0.263306,0.730225
-0.149902,0.189697,0.966797
0.316895,-0.379761,0.896240
-0.592407,0.105347,0.757202
0.366699,-0.075317,1.027344
-0.148315,-0.336426,0.722656
-0.242065,0.186768,0.916870
0.362671,-0.375122,0.917114
-0.584717,0.067505,0.749756
0.314819,-0.059082,1.013306
-0.090942,-0.357788,0.736694
-0.330444,0.193604,0.858765
0.398193,-0.312256,0.948975
-0.554443,-0.003418,0.716064
0.232544,-0.032349,0.989136
-0.046631,-0.387085,0.745239
-0.413330,0.187256,0.843506
0.415161,-0.268677,0.970215
-0.494263,-0.079102,0.732910
0.128174,0.052002,0.998779
0.028198,-0.377319,0.790527
-0.500000,0.217407,0.835327
0.430054,-0.234497,0.994141
-0.417114,-0.128296,0.759277
0.039429,0.109497,1.007568
0.119019,-0.400146,0.822266
-0.561401,0.179443,0.791748
0.438477,-0.188965,1.003174
-0.308594,-0.172607,0.759033
-0.053467,0.170288,0.999023
0.227783,-0.421143,0.855469
-0.602661,0.145630,0.752319
0.406616,-0.131226,1.008911
-0.198486,-0.269653,0.745117
-0.144775,0.193970,0.964478
0.312500,-0.386719,0.902100
-0.619507,0.097534,0.737671
0.374268,-0.118774,1.018677
-0.122803,-0.359009,0.731201
-0.247925,0.203613,0.910767
0.356934,-0.343262,0.913818
-0.600220,0.081055,0.731812
0.320190,-0.105225,0.994507
-0.065430,-0.395996,0.740479
-0.341797,0.204102,0.875244
0.389771,-0.300171,0.939209
-0.564941,0.013306,0.710205
0.218994,-0.010254,0.989624
-0.011230,-0.402954,0.771973
-0.421631,0.185547,0.845947
0.417725,-0.282837,0.952637
-0.522339,-0.036987,0.713745
0.127808,0.086914,1.005371
0.050537,-0.377808,0.809448
-0.503418,0.165283,0.813599
0.431030,-0.240234,0.985229
-0.440430,-0.108032,0.729126
0.049072,0.164673,1.026611
0.132202,-0.398193,0.815308
-0.568726,0.179199,0.808960
0.432617,-0.221558,0.997681
-0.356079,-0.180664,0.740967
-0.011108,0.140503,0.995117
0.212280,-0.398804,0.855591
-0.607300,0.182251,0.772827
0.409546,-0.150513,1.007690
-0.244141,-0.250732,0.734253
-0.099365,0.165649,0.974121
0.269775,-0.395752,0.878784
-0.608276,0.124146,0.758545
0.399048,-0.128662,1.016357
-0.167603,-0.318848,0.725830
-0.213867,0.209717,0.931519
0.337769,-0.377930,0.906738
-0.592407,0.050537,0.742798
0.354492,-0.106689,1.020020
-0.118896,-0.368652,0.708984
-0.305908,0.230713,0.894287
0.392090,-0.342529,0.925415
-0.569702,0.026123,0.735107
0.264404,-0.050049,1.008667
-0.061768,-0.407837,0.735107
-0.387939,0.205688,0.857056
0.409912,-0.281860,0.949829
-0.518555,-0.070801,0.723389
0.164551,0.031616,1.008911
0.015991,-0.417847,0.768066
-0.480835,0.221680,0.833740
0.414551,-0.238525,0.973755
-0.446411,-0.117554,0.733032
0.072388,0.102539,1.018799
0.109009,-0.420898,0.813477
-0.555420,0.198120,0.802734
0.420166,-0.200439,0.981445
-0.352173,-0.150269,0.746826
-0.011353,0.127563,0.998169
0.205688,-0.402222,0.860107
-0.605103,0.173096,0.766113
0.406982,-0.129028,1.013550
-0.245483,-0.231323,0.733032
-0.133057,0.190796,0.971069
0.300659,-0.427490,0.871460
-0.602295,0.116943,0.772217
0.392334,-0.111572,1.019531
-0.160889,-0.279175,0.744385
-0.248413,0.205444,0.917114
0.362793,-0.383301,0.920654
-0.597778,0.011719,0.726318
0.329468,-0.069336,1.016724
-0.102173,-0.336426,0.727417
-0.338501,0.219482,0.876221
0.392944,-0.320557,0.934937
-0.552002,-0.046875,0.721802
0.225708,-0.030518,0.990601
-0.031494,-0.397217,0.750732
-0.430298,0.219360,0.851929
0.416992,-0.265381,0.955078
-0.498413,-0.085815,0.720459
0.123657,0.059937,1.015625
0.048096,-0.405518,0.786865
-0.526245,0.209229,0.827271
0.421143,-0.231323,0.974121
-0.401367,-0.135254,0.754517
0.034424,0.117310,1.007812
0.151123,-0.417480,0.827148
-0.574097,0.168091,0.793091
0.416748,-0.181396,0.995850
-0.295654,-0.203247,0.740967
-0.067139,0.163086,0.990356
0.243286,-0.404053,0.873169
-0.608398,0.122803,0.763672
0.396484,-0.157715,1.009277
-0.199585,-0.290161,0.731323
-0.170654,0.192139,0.946045
0.313843,-0.360229,0.908691
-0.617798,0.074707,0.744263
0.364624,-0.123535,1.014771
-0.118896,-0.369263,0.729858
-0.278564,0.194946,0.897339
0.384399,-0.337036,0.934326
-0.577515,0.067627,0.741455
0.275513,-0.052490,1.001465
-0.065552,-0.389893,0.742432
-0.350830,0.167969,0.863037
0.395020,-0.281128,0.958008
-0.554810,0.004395,0.708618
0.183228,0.018677,0.986938
-0.018066,-0.391235,0.769897
-0.432861,0.171631,0.853027
0.424805,-0.265015,0.961914
-0.501587,-0.046631,0.737915
0.075928,0.097534,1.000366
0.077026,-0.421143,0.799561
-0.523193,0.177612,0.821289
0.423462,-0.225098,0.986816
-0.375488,-0.136475,0.754272
-0.006592,0.189941,1.008423
0.176758,-0.372559,0.841797
-0.589233,0.138794,0.773926
0.419678,-0.205566,1.012329
-0.262817,-0.285767,0.723022
-0.104980,0.179932,0.967896
0.280151,-0.363037,0.881958
-0.614258,0.143433,0.754517
0.380249,-0.122437,1.020386
-0.164429,-0.335449,0.724854
-0.197144,0.158081,0.932739
0.333618,-0.364868,0.907227
-0.616089,0.089233,0.730835
0.323975,-0.082764,1.002930
-0.085693,-0.399902,0.720337
-0.316406,0.193848,0.888672
0.378174,-0.297241,0.937988
-0.561157,-0.003052,0.704834
0.228638,-0.019653,0.988403
-0.033203,-0.394897,0.758301
-0.424561,0.201416,0.859131
0.415283,-0.279175,0.966675
-0.527588,-0.048584,0.708862
0.129517,0.053833,1.005981
0.054443,-0.388672,0.785889
-0.529419,0.217896,0.831055
0.425903,-0.256958,0.978516
-0.409668,-0.128540,0.763062
0.030640,0.115479,1.007812
0.148926,-0.394775,0.836914
-0.599243,0.160400,0.783325
0.424561,-0.173218,1.025391
-0.263916,-0.258057,0.744751
-0.088989,0.175415,0.987549
0.259155,-0.389160,0.882202
-0.614258,0.127197,0.759644
0.386841,-0.134155,1.011963
-0.174072,-0.337891,0.727905
-0.199707,0.187256,0.937256
0.343262,-0.356812,0.917358
-0.612183,0.075684,0.736450
0.329590,-0.112183,0.989868
-0.098267,-0.386353,0.718628
-0.332520,0.211670,0.882568
0.384399,-0.313354,0.943115
-0.556274,-0.006592,0.726807
0.219238,-0.039185,0.986206
-0.043823,-0.407349,0.755737
-0.469116,0.210449,0.833252
0.419678,-0.257935,0.968506
-0.467285,-0.113892,0.726318
0.092529,0.098999,1.016479
0.074951,-0.379395,0.818481
-0.555542,0.203735,0.813477
0.418335,-0.206665,1.002441
-0.347656,-0.205200,0.738403
-0.018555,0.140625,1.004639
0.205566,-0.400879,0.865845
-0.618774,0.182617,0.780640
0.404541,-0.172485,1.007202
-0.211914,-0.303955,0.730347
-0.142700,0.192383,0.965942
0.281494,-0.351929,0.899658
-0.608032,0.084229,0.745728
0.372681,-0.141724,1.016113
-0.142700,-0.351318,0.716309
-0.258667,0.178467,0.897949
0.351318,-0.316406,0.926270
-0.578979,0.031372,0.732056
0.291016,-0.067261,1.013794
-0.081543,-0.417358,0.732666
-0.359619,0.179321,0.855469
0.392334,-0.280396,0.951660
-0.542969,-0.004028,0.725342
0.173218,0.011475,0.984619
0.002686,-0.406860,0.789673
-0.474854,0.189697,0.827515
0.409546,-0.240723,0.979736
-0.459473,-0.064819,0.735229
0.066040,0.149414,1.020874
0.088501,-0.394775,0.805176
-0.547485,0.156494,0.801147
0.426147,-0.232910,0.999512
-0.355225,-0.169312,0.743896
-0.010742,0.220581,1.027954
0.172241,-0.392212,0.825317
-0.600464,0.157837,0.776733
0.424072,-0.225098,1.004272
-0.255127,-0.267334,0.741089
-0.073120,0.181152,0.975464
0.228882,-0.358154,0.865723
-0.629883,0.143433,0.746216
0.416992,-0.193481,1.011475
-0.190063,-0.337036,0.732544
-0.156128,0.185791,0.952881
0.285034,-0.349976,0.890747
-0.632935,0.119141,0.738525
0.399292,-0.163574,1.013672
-0.145142,-0.353271,0.732910
-0.250122,0.193237,0.923584
0.353271,-0.357300,0.910645
-0.611694,0.072266,0.733521
0.322632,-0.088745,1.014771
-0.094116,-0.374268,0.733765
-0.322388,0.179077,0.873901
0.375000,-0.302002,0.941406
-0.577637,-0.027832,0.691284
0.246704,-0.029297,1.006836
-0.042236,-0.408203,0.758057
-0.419312,0.197876,0.863647
0.400146,-0.290283,0.952515
-0.540405,-0.038452,0.716675
0.145508,0.030762,1.000366
0.023193,-0.395630,0.789185
-0.497437,0.214966,0.843506
0.429199,-0.253052,0.988403
-0.469604,-0.120850,0.715088
0.050903,0.122314,1.013428
0.112183,-0.400024,0.823608
-0.555298,0.177368,0.816040
0.421997,-0.220337,0.998901
-0.361572,-0.188599,0.721558
-0.027100,0.213379,1.009521
0.199219,-0.396973,0.854126
-0.591797,0.131226,0.782349
0.424194,-0.187988,1.017700
-0.300049,-0.243896,0.715820
-0.108398,0.193726,0.970337
0.267090,-0.390869,0.879395
-0.604370,0.121094,0.767212
0.386108,-0.127563,1.017578
-0.201416,-0.308594,0.733154
-0.201050,0.182983,0.937256
0.324829,-0.390747,0.897949
-0.604492,0.081909,0.744751
0.353394,-0.098389,1.027954
-0.135986,-0.359253,0.723633
-0.275024,0.199219,0.916870
0.368530,-0.354492,0.919678
-0.591309,0.041138,0.729004
0.292358,-0.072388,1.006958
-0.089478,-0.410278,0.718506
-0.368286,0.203003,0.874146
0.390991,-0.296143,0.949707
-0.564453,0.015015,0.720703
0.198853,-0.032837,0.989502
-0.028564,-0.415649,0.760620
-0.445435,0.187744,0.850464
0.398315,-0.233887,0.975098
-0.506958,-0.056152,0.724487
0.101807,0.087280,1.019775
0.065796,-0.419434,0.806396
-0.541382,0.184692,0.816528
0.417603,-0.239746,0.983765
-0.412354,-0.121460,0.735718
0.009277,0.170532,1.020020
0.166260,-0.396606,0.840454
-0.581665,0.138062,0.796875
0.407104,-0.170654,1.016846
-0.306396,-0.220947,0.728760
-0.082275,0.185547,0.981567
0.249390,-0.373657,0.889771
-0.619263,0.091797,0.756348
0.397095,-0.175903,1.015869
-0.200806,-0.343262,0.708618
-0.184326,0.197266,0.938354
0.312134,-0.333374,0.911133
-0.607666,0.070801,0.734985
0.346191,-0.121094,1.020264
-0.133545,-0.391724,0.710693
-0.282959,0.190796,0.906860
0.361816,-0.334473,0.923828
-0.604248,0.032837,0.717896
0.269531,-0.070801,0.996460
-0.050049,-0.410522,0.751709
-0.400269,0.226685,0.881104
0.384277,-0.285645,0.946533
-0.563843,-0.045044,0.691284
0.162720,-0.004395,0.989624
0.005005,-0.410522,0.775757
-0.479248,0.186768,0.839600
0.410889,-0.225464,0.985840
-0.476807,-0.090332,0.735229
0.052124,0.107666,1.009399
0.110229,-0.407593,0.826660
-0.552979,0.149292,0.806396
0.419800,-0.193848,1.019165
-0.326050,-0.198364,0.734497
-0.045166,0.195801,0.995483
0.210571,-0.373535,0.865723
-0.607788,0.122314,0.762939
0.411743,-0.195312,1.006836
-0.230103,-0.311646,0.708252
-0.127808,0.191284,0.973755
0.275879,-0.347778,0.895752
-0.622681,0.105469,0.747070
0.394897,-0.161377,1.029175
-0.162231,-0.391968,0.709229
-0.223145,0.184692,0.933228
0.327271,-0.330200,0.899902
-0.611816,0.106934,0.746948
0.323486,-0.140137,0.993774
-0.090576,-0.409424,0.728760
-0.323608,0.188843,0.883057
0.367798,-0.297729,0.933105
-0.586182,0.038818,0.704346
0.232300,-0.043945,0.986206
-0.040771,-0.394043,0.765381
-0.419312,0.196045,0.868042
0.403687,-0.293701,0.958984
-0.542603,-0.043823,0.691284
0.126831,0.060181,0.997681
0.031982,-0.396973,0.792847
-0.515625,0.190186,0.836914
0.411377,-0.256714,0.982422
-0.435547,-0.125610,0.736084
0.046875,0.154053,1.013794
0.117798,-0.363647,0.828125
-0.572754,0.183838,0.823486
0.413940,-0.239136,0.988647
-0.344849,-0.218506,0.726562
-0.032959,0.164917,0.997437
0.210205,-0.387085,0.856567
-0.606812,0.151001,0.781860
0.413574,-0.189453,1.017212
-0.249268,-0.300659,0.721558
-0.150513,0.162109,0.953979
0.288696,-0.370361,0.895874
-0.611206,0.096802,0.747803
0.376953,-0.129150,1.023193
-0.161377,-0.350220,0.722534
-0.258179,0.194946,0.932129
0.338501,-0.375244,0.906250
-0.595947,0.028564,0.725220
0.318970,-0.083984,1.020142
-0.131470,-0.362183,0.717529
-0.349854,0.217896,0.897705
0.395874,-0.333130,0.936035
-0.567993,-0.000854,0.708740
0.218994,-0.033936,1.000977
-0.033203,-0.416626,0.757690
-0.466431,0.220947,0.864624
0.419434,-0.285156,0.971313
-0.510254,-0.081909,0.719727
0.102173,0.052979,1.004395
0.050659,-0.392578,0.808350
-0.515015,0.189453,0.827759
0.420410,-0.231934,0.989258
-0.412354,-0.156860,0.738770
0.004639,0.110718,1.007080
0.151489,-0.425537,0.833252
-0.594238,0.146973,0.776001
0.421143,-0.175293,1.022461
-0.271606,-0.237183,0.733643
-0.101685,0.195068,0.991821
0.247070,-0.391357,0.870605
-0.612549,0.093628,0.741699
0.389282,-0.149292,1.024536
-0.193481,-0.341431,0.708252
-0.199219,0.192261,0.963745
0.324585,-0.369751,0.901367
-0.613403,0.076172,0.749512
0.334717,-0.146118,1.000000
-0.127808,-0.378540,0.716675
-0.311890,0.196899,0.902222
0.379883,-0.322144,0.947632
-0.589844,-0.001465,0.716431
0.241211,-0.073364,0.991821
-0.063110,-0.397461,0.749023
-0.412720,0.193115,0.857422
0.398682,-0.276489,0.972412
-0.535156,-0.046875,0.715576
0.147217,0.018677,0.993408
-0.001343,-0.398315,0.789062
-0.486938,0.187256,0.834351
0.416504,-0.249023,0.988892
-0.458618,-0.121216,0.734863
0.045654,0.108154,1.002075
0.097778,-0.415161,0.815430
-0.568604,0.171875,0.807007
0.422119,-0.230835,1.000977
-0.361816,-0.190552,0.733521
-0.020142,0.162109,1.015869
0.190796,-0.394409,0.849976
-0.616211,0.135986,0.762695
0.419434,-0.204346,1.007935
-0.250244,-0.299438,0.714844
-0.110107,0.193115,0.983521
0.253662,-0.372681,0.872559
-0.624878,0.115479,0.752319
0.398682,-0.175049,1.020142
-0.173706,-0.386841,0.704956
-0.195557,0.177246,0.948120
0.300537,-0.338989,0.894409
-0.632080,0.079712,0.719116
0.364624,-0.172241,1.014893
-0.131714,-0.407104,0.734619
-0.309937,0.183594,0.894653
0.353271,-0.326660,0.916016
-0.589233,0.029907,0.718018
0.278076,-0.105835,0.999512
-0.081055,-0.373657,0.755981
-0.385010,0.176758,0.861694
0.391724,-0.297974,0.960693
-0.567749,-0.005371,0.696777
0.166260,0.014771,0.997070
0.010498,-0.404297,0.797363
-0.486816,0.171265,0.849243
0.414551,-0.274048,0.974121
-0.500854,-0.066162,0.703613
0.075684,0.123535,1.008789
0.087036,-0.360352,0.833496
-0.551147,0.150635,0.818359
0.424683,-0.259644,0.992920
-0.405396,-0.161499,0.723633
-0.005127,0.171265,1.012451
0.167480,-0.376343,0.836792
-0.594116,0.132935,0.798950
0.418579,-0.214111,1.011841
-0.296997,-0.263428,0.714478
-0.075928,0.190063,0.992676
0.220825,-0.366211,0.854736
-0.608398,0.121704,0.776001
0.417725,-0.218262,1.004395
-0.241089,-0.314209,0.722168
-0.174438,0.161011,0.942627
0.307373,-0.390015,0.892212
-0.617920,0.110229,0.750977
0.380493,-0.137817,1.024902
-0.178589,-0.343750,0.717163
-0.254272,0.185547,0.932617
0.347412,-0.362061,0.921021
-0.598145,0.018799,0.737305
0.328491,-0.138794,1.009033
-0.137573,-0.370605,0.723755
-0.341309,0.206055,0.895386
0.386597,-0.327881,0.946411
-0.566650,-0.017578,0.723999
0.247192,-0.049316,1.022217
-0.069336,-0.418457,0.752930
-0.427002,0.202637,0.853271
0.392944,-0.301147,0.944580
-0.539795,-0.053833,0.709229
0.172852,-0.005127,1.015503
-0.001587,-0.408325,0.784912
-0.501831,0.214600,0.835449
0.411011,-0.276123,0.970703
-0.479492,-0.120361,0.726318
0.073608,0.055298,1.020874
0.098877,-0.435791,0.810181
-0.569580,0.206665,0.816772
0.408447,-0.218506,0.986938
-0.367188,-0.171143,0.747070
-0.027222,0.123413,1.002930
0.194336,-0.438232,0.844482
-0.590698,0.119629,0.783813
0.401855,-0.169556,1.023438
-0.260864,-0.289673,0.703979
-0.138550,0.178833,0.965088
0.285767,-0.371826,0.900146
-0.602539,0.043457,0.740479
0.377197,-0.162354,1.021729
-0.188599,-0.349121,0.712036
-0.255371,0.191528,0.926758
0.337769,-0.345947,0.923340
-0.588501,0.001221,0.726196
0.308960,-0.106445,1.019775
-0.121582,-0.394897,0.723633
-0.358032,0.189209,0.881592
0.385498,-0.329590,0.942993
-0.574219,0.000977,0.720459
0.197998,-0.026733,1.007080
-0.029419,-0.397095,0.786621
-0.461670,0.191895,0.861084
0.410522,-0.276367,0.980103
-0.504150,-0.064331,0.727295
0.079590,0.106812,1.006348
0.079956,-0.395752,0.804077
-0.545654,0.156494,0.821777
0.426392,-0.248535,1.001343
-0.363892,-0.198120,0.741699
-0.021973,0.158691,1.000488
0.173828,-0.378296,0.841553
-0.593140,0.117310,0.782349
0.411987,-0.220825,1.010864
-0.254517,-0.312012,0.713013
-0.126587,0.161133,0.960205
0.267212,-0.352905,0.890137
-0.615723,0.078125,0.744629
0.373779,-0.162476,1.025146
-0.185425,-0.354614,0.719116
-0.241455,0.157227,0.928101
0.348145,-0.347778,0.929688
-0.610840,0.028320,0.720581
0.289917,-0.101196,1.011963
-0.120239,-0.370605,0.746826
-0.356567,0.186646,0.902466
0.400024,-0.336304,0.954346
-0.558105,-0.005737,0.725830
0.172852,0.009399,1.004395
-0.033203,-0.388306,0.768799
-0.477661,0.181396,0.847534
0.422974,-0.280273,0.992554
-0.472534,-0.131226,0.737549
0.067627,0.095459,1.011353
0.087524,-0.402954,0.818970
-0.561890,0.191650,0.811890
0.412476,-0.223267,0.998413
-0.360474,-0.211182,0.742920
-0.014282,0.125854,1.010864
0.204468,-0.426147,0.854980
-0.610229,0.133179,0.763428
0.382080,-0.165771,1.003052
-0.244385,-0.318115,0.703857
-0.142822,0.178589,0.989380
0.282104,-0.376953,0.897461
-0.608765,0.065796,0.746948
0.371216,-0.145874,1.026733
-0.175171,-0.358643,0.705688
-0.273560,0.178833,0.922852
0.342651,-0.346191,0.932983
-0.592407,-0.004517,0.728027
0.300049,-0.109863,1.023926
-0.107788,-0.392090,0.743530
-0.390991,0.218628,0.890869
0.388184,-0.309326,0.949463
-0.547241,-0.021240,0.724854
0.179810,-0.021240,1.013184
-0.002930,-0.395264,0.798462
-0.497925,0.213135,0.859619
0.420776,-0.281372,0.977783
-0.476685,-0.094116,0.722656
0.068359,0.102539,1.013550
0.111572,-0.401001,0.822632
-0.565796,0.160156,0.817993
0.416260,-0.243774,0.993774
-0.345459,-0.227905,0.731567
-0.032837,0.143799,0.997681
0.198242,-0.398071,0.854736
-0.600220,0.115112,0.775757
0.402466,-0.183228,1.011108
-0.260132,-0.319092,0.707764
-0.134399,0.131958,0.963013
0.281860,-0.388428,0.894531
-0.605591,0.075684,0.743896
0.365356,-0.109741,1.037109
-0.187256,-0.340576,0.721924
-0.257446,0.157837,0.931519
0.353271,-0.410034,0.925049
-0.599609,0.028931,0.736450
0.312500,-0.085449,1.020630
-0.139771,-0.348267,0.729004
-0.372559,0.203369,0.887207
0.383423,-0.341675,0.948120
-0.542236,-0.048950,0.732056
0.204102,-0.035889,1.021484
-0.052734,-0.392334,0.757690
-0.476929,0.221313,0.852783
0.405884,-0.273193,0.985352
-0.484253,-0.127197,0.737183
0.094971,0.033081,1.011230
0.061768,-0.414185,0.821167
-0.555176,0.174927,0.827759
0.413818,-0.228394,0.995361
-0.364258,-0.210693,0.723877
-0.016724,0.147949,1.017944
0.187866,-0.403931,0.856934
-0.589844,0.109131,0.782715
0.409790,-0.205811,1.008789
-0.273560,-0.283081,0.718506
-0.140991,0.161255,0.978760
0.302490,-0.430908,0.886719
-0.602173,0.074341,0.758789
0.360962,-0.131958,1.020142
-0.191162,-0.344360,0.711304
-0.263916,0.182617,0.933105
0.355103,-0.359985,0.938965
-0.589233,-0.008911,0.733032
0.304199,-0.109375,1.025757
-0.117798,-0.394287,0.730835
-0.388184,0.216309,0.881714
0.391357,-0.311035,0.962891
-0.532837,-0.072632,0.727295
0.194824,-0.040771,1.017700
-0.017944,-0.421753,0.776611
-0.496216,0.207886,0.838867
0.404175,-0.250244,0.983521
-0.322021,-0.219727,0.758423
-0.019409,0.102661,1.030151
0.120483,-0.429688,0.830444
-0.546387,0.059448,0.795532
0.424927,-0.171997,1.062378
-0.320923,-0.248657,0.729858
-0.153076,0.162598,0.995605
0.329346,-0.382080,0.933594
-0.550293,-0.010132,0.762939
0.384399,-0.129883,1.083862
-0.140991,-0.328369,0.770264
-0.285645,0.189941,0.957397
0.389404,-0.333374,0.981201
-0.541870,-0.082520,0.739624
0.290283,-0.066772,1.082764
-0.052002,-0.351929,0.800293
-0.385376,0.193848,0.920532
0.444214,-0.287842,1.021973
-0.486084,-0.119873,0.745239
0.154053,0.036743,1.067993
0.079590,-0.403564,0.847290
-0.478394,0.139526,0.865112
0.454102,-0.284790,1.032959
-0.403564,-0.180542,0.757080
0.050293,0.078247,1.035278
0.182983,-0.378540,0.870850
-0.526245,0.094238,0.816772
0.461060,-0.239136,1.064331
-0.259155,-0.318604,0.749634
-0.067749,0.096802,0.988892
0.262939,-0.354980,0.902954
-0.545898,0.015503,0.768311
0.439697,-0.203003,1.084229
-0.190918,-0.359619,0.737061
-0.194946,0.155884,0.969238
0.356689,-0.353271,0.943970
-0.552490,0.012207,0.759033
0.367432,-0.144287,1.067993
-0.119019,-0.354004,0.785522
-0.312622,0.177734,0.943237
0.415894,-0.341187,0.980591
-0.528076,-0.046265,0.748291
0.259644,-0.043823,1.081299
-0.011597,-0.395752,0.826050
-0.410889,0.170044,0.899414
0.439697,-0.270630,1.031738
-0.473755,-0.127197,0.737671
0.144775,0.048584,1.067017
0.113525,-0.409790,0.855103
-0.487061,0.112183,0.852417
0.458252,-0.259155,1.061768
-0.386108,-0.191040,0.763062
0.038696,0.118286,1.045288
0.188232,-0.407227,0.864746
-0.534058,0.074829,0.808594
0.482544,-0.254272,1.075684
-0.244873,-0.324341,0.756104
-0.071289,0.136597,1.003174
0.255737,-0.367065,0.896606
-0.545898,0.036255,0.787476
0.455444,-0.240356,1.062500
-0.198853,-0.350708,0.743042
-0.150513,0.143921,0.984985
0.328369,-0.348389,0.936401
-0.551147,0.026001,0.767944
0.385010,-0.174072,1.067993
-0.141113,-0.386475,0.775391
-0.239990,0.153564,0.978882
0.386230,-0.333984,0.980591
-0.557861,0.002808,0.743896
0.309570,-0.074829,1.075684
-0.063477,-0.357788,0.810181
-0.328003,0.145020,0.936890
0.424316,-0.307983,1.018677
-0.500977,-0.077148,0.748169
0.212280,-0.016235,1.072144
0.027100,-0.390381,0.831177
-0.423462,0.160400,0.897217
0.462891,-0.273071,1.051270
-0.444458,-0.141357,0.756226
0.101562,0.087891,1.044189
0.133789,-0.386108,0.870605
-0.489624,0.074463,0.820068
0.470215,-0.243896,1.079224
-0.312500,-0.248901,0.768066
0.002563,0.140259,1.038574
0.211548,-0.349731,0.889771
-0.528687,0.043335,0.790039
0.474731,-0.255249,1.073486
-0.221436,-0.335327,0.754395
-0.083984,0.141724,1.000122
0.284668,-0.311401,0.925049
-0.560913,-0.005493,0.740112
0.445068,-0.216797,1.078125
-0.158691,-0.378906,0.756958
-0.185425,0.153687,0.990967
0.358032,-0.339844,0.953003
-0.556030,0.053711,0.764404
0.344360,-0.106812,1.078003
-0.090454,-0.360840,0.818848
-0.289551,0.129517,0.961792
0.425781,-0.324097,1.013672
-0.525513,0.002808,0.747192
0.242798,0.003906,1.073242
0.014771,-0.388428,0.837646
-0.380371,0.132080,0.922852
0.446289,-0.294800,1.041260
-0.456055,-0.128418,0.754150
0.160889,0.080566,1.080322
0.077026,-0.359253,0.854004
-0.448486,0.121094,0.882202
0.494751,-0.302490,1.049927
-0.411377,-0.187988,0.755371
0.056519,0.139282,1.052246
0.168457,-0.394043,0.864014
-0.484863,0.061279,0.824341
0.481201,-0.263550,1.060425
-0.285889,-0.293579,0.774780
-0.024780,0.151733,1.037842
0.239014,-0.392334,0.885254
-0.517700,0.055298,0.805054
0.469727,-0.196899,1.092773
-0.220825,-0.295410,0.776611
-0.093872,0.116821,1.002563
0.302490,-0.387939,0.920776
-0.538086,0.010254,0.782593
0.443481,-0.183594,1.099487
-0.158569,-0.357300,0.765015
-0.215454,0.163574,0.989380
0.373901,-0.363037,0.962646
-0.523926,-0.015747,0.778320
0.388428,-0.124878,1.104614
-0.120117,-0.341431,0.780518
-0.299316,0.187866,0.961914
0.434082,-0.332764,1.010742
-0.505249,-0.057007,0.770386
0.280762,-0.078857,1.084229
-0.026367,-0.368530,0.819336
-0.362549,0.166748,0.917847
0.454590,-0.290771,1.036133
-0.454102,-0.134521,0.765869
0.182373,0.012939,1.084473
0.113037,-0.422974,0.862305
-0.475952,0.135254,0.853638
0.465698,-0.238037,1.054199
-0.366577,-0.209839,0.771729
0.040405,0.114136,1.048340
0.229126,-0.402466,0.901367
-0.509399,0.030396,0.813354
0.463989,-0.215332,1.085571
-0.214722,-0.317871,0.760132
-0.082520,0.167236,1.011475
0.309326,-0.343628,0.930298
-0.532959,-0.006836,0.776978
0.437134,-0.196289,1.092407
-0.153198,-0.376953,0.757935
-0.211914,0.161621,0.975830
0.375732,-0.321899,0.976562
-0.517212,-0.014038,0.774658
0.354614,-0.120850,1.094360
-0.076294,-0.367554,0.804443
-0.302856,0.161987,0.941162
0.433716,-0.309692,1.015259
-0.480591,-0.051270,0.774414
0.238159,-0.017090,1.094238
0.059814,-0.406982,0.858032
-0.424683,0.145508,0.902466
0.458496,-0.250732,1.056641
-0.397217,-0.185181,0.762451
0.093384,0.081421,1.050415
0.184937,-0.398682,0.891724
-0.495850,0.067871,0.828735
0.483643,-0.240112,1.077026
-0.281616,-0.288452,0.765259
-0.020020,0.142578,1.045776
0.268677,-0.367920,0.919434
-0.523071,0.032715,0.795044
0.473022,-0.214844,1.094727
-0.177979,-0.350708,0.766846
-0.141724,0.142700,1.004395
0.350464,-0.366943,0.949463
-0.519897,0.004395,0.787598
0.416626,-0.155884,1.104004
-0.129150,-0.339111,0.794678
-0.271118,0.190308,0.972656
0.426270,-0.345337,1.008057
-0.497925,-0.057983,0.776611
0.331665,-0.076904,1.100708
-0.049438,-0.337769,0.817261
-0.350342,0.175049,0.922852
0.466553,-0.310669,1.041504
-0.469482,-0.130127,0.761353
0.230591,-0.053955,1.073608
0.084229,-0.399902,0.862549
-0.429199,0.161011,0.882202
0.480347,-0.226318,1.071899
-0.390869,-0.173706,0.774292
0.098267,0.059814,1.071045
0.178101,-0.432373,0.888428
-0.464966,0.088989,0.837891
0.483643,-0.211060,1.065918
-0.303589,-0.245361,0.769043
-0.001953,0.122437,1.049805
0.294800,-0.408447,0.931885
-0.513428,0.038818,0.810791
0.458008,-0.171387,1.096069
-0.189331,-0.313599,0.773926
-0.116333,0.154785,1.019165
0.357056,-0.375000,0.964478
-0.514648,-0.009521,0.796265
0.425781,-0.134888,1.115112
-0.136963,-0.321655,0.780029
-0.247437,0.197388,0.991211
0.413574,-0.341187,1.005615
-0.506470,-0.078857,0.776978
0.363403,-0.097656,1.110962
-0.045410,-0.336426,0.820923
-0.335693,0.198364,0.938354
0.446899,-0.289795,1.030762
-0.458862,-0.149414,0.758667
0.261963,-0.070312,1.097046
0.068726,-0.394531,0.863037
-0.425781,0.175171,0.887817
0.461060,-0.232910,1.058228
-0.390991,-0.179565,0.775513
0.126465,0.044800,1.070190
0.184570,-0.423218,0.902100
-0.474487,0.104248,0.848022
0.485352,-0.211914,1.081177
-0.274170,-0.253052,0.789307
-0.010254,0.114746,1.049561
0.280884,-0.408203,0.929443
-0.490112,0.024170,0.807983
0.469849,-0.155396,1.109985
-0.183838,-0.296265,0.783203
-0.119263,0.154175,1.022949
0.356201,-0.365845,0.965332
-0.515869,-0.035889,0.789307
0.432007,-0.149414,1.120605
-0.118042,-0.345703,0.782959
-0.244385,0.177490,0.983398
0.413696,-0.329346,1.011841
-0.509033,-0.059570,0.774902
0.359009,-0.087524,1.123047
-0.041138,-0.364014,0.814453
-0.313477,0.177734,0.950439
0.454834,-0.290894,1.046631
-0.468994,-0.113892,0.758423
0.254150,-0.026611,1.099609
0.064331,-0.384277,0.864014
-0.397949,0.178223,0.909302
0.478760,-0.259766,1.076172
-0.415771,-0.184082,0.763428
0.147827,0.045166,1.079224
0.164062,-0.414062,0.892578
-0.460327,0.126099,0.878784
0.499756,-0.234253,1.095703
-0.350830,-0.207886,0.783936
0.036865,0.109253,1.057373
0.249512,-0.409912,0.910522
-0.484619,0.066650,0.842651
0.502319,-0.215454,1.109741
-0.224976,-0.294556,0.783691
-0.059937,0.154053,1.032715
0.318237,-0.390015,0.935303
-0.506592,0.037231,0.825439
0.476807,-0.207397,1.104370
-0.143799,-0.338379,0.798340
-0.146729,0.155640,1.009399
0.363647,-0.323608,0.976929
-0.506348,-0.028931,0.785889
0.428833,-0.148438,1.133667
-0.098267,-0.343140,0.808350
-0.261841,0.179810,0.972778
0.426392,-0.324341,1.021973
-0.499146,-0.058350,0.778198
0.350220,-0.099487,1.119507
-0.023804,-0.345459,0.851074
-0.328491,0.172241,0.951538
0.469971,-0.281738,1.050659
-0.450073,-0.096313,0.755493
0.233398,0.006714,1.102051
0.099731,-0.408936,0.886475
-0.410400,0.142822,0.909180
0.491943,-0.270142,1.073486
-0.396851,-0.141724,0.780273
0.137207,0.091553,1.075684
0.182861,-0.390259,0.901978
-0.455444,0.068359,0.855103
0.506470,-0.235474,1.108521
-0.316650,-0.259766,0.773193
0.020020,0.172974,1.073486
0.249023,-0.391357,0.907837
-0.482422,0.032593,0.828491
0.510376,-0.234131,1.099365
-0.195801,-0.316284,0.802368
-0.073730,0.141724,1.018799
0.312744,-0.354248,0.942993
-0.493774,-0.018311,0.795166
0.481079,-0.207520,1.125488
-0.151978,-0.365479,0.785645
-0.122803,0.147461,1.026001
0.369995,-0.333008,0.962280
-0.515991,0.011475,0.781982
0.420288,-0.156372,1.115845
-0.064453,-0.378296,0.834473
-0.253784,0.178833,0.996704
0.429077,-0.324585,1.021606
-0.495605,-0.027466,0.773560
0.348511,-0.063721,1.130859
-0.018188,-0.346069,0.854736
-0.322632,0.169312,0.958618
0.473511,-0.280884,1.078125
-0.455200,-0.116821,0.753296
0.258179,-0.000732,1.127686
0.086304,-0.395142,0.873413
-0.388916,0.149902,0.923340
0.500366,-0.278687,1.076904
-0.398071,-0.164062,0.775269
0.139771,0.065552,1.073608
0.186890,-0.403809,0.904053
-0.433228,0.106079,0.867432
0.514038,-0.213989,1.106567
-0.339233,-0.197632,0.796143
0.043701,0.087769,1.054932
0.257446,-0.437012,0.917969
-0.468506,0.034424,0.836182
0.498657,-0.177490,1.112549
-0.199097,-0.268066,0.816528
-0.056274,0.177246,1.059204
0.324585,-0.394043,0.953613
-0.497925,-0.020996,0.808960
0.483521,-0.193848,1.131958
-0.143433,-0.323486,0.792603
-0.145508,0.195557,1.023438
0.389282,-0.333374,0.993164
-0.502319,-0.032104,0.807129
0.441528,-0.146118,1.141846
-0.075073,-0.364136,0.818481
-0.259766,0.210571,0.987427
0.439575,-0.294434,1.037354
-0.478882,-0.081177,0.782471
0.345581,-0.080078,1.130981
-0.004272,-0.363281,0.847534
-0.322998,0.169922,0.944702
0.491821,-0.300049,1.071899
-0.441895,-0.115112,0.773071
0.230103,0.005127,1.115112
0.119385,-0.400146,0.887695
-0.402710,0.158081,0.920044
0.507935,-0.269287,1.078735
-0.379517,-0.170898,0.785156
0.130127,0.048828,1.076538
0.222168,-0.399658,0.924683
-0.455322,0.093872,0.867798
0.504517,-0.197998,1.110840
-0.252319,-0.247192,0.825073
0.002930,0.113525,1.060425
0.297607,-0.379150,0.947754
-0.473511,0.010498,0.813599
0.485474,-0.155640,1.130981
-0.147461,-0.326904,0.791870
-0.114014,0.161865,1.037598
0.380005,-0.355957,0.977417
-0.493530,-0.026123,0.799561
0.436890,-0.139038,1.143311
-0.066040,-0.321655,0.832520
-0.244507,0.187866,1.004028
0.452148,-0.307373,1.038452
-0.497314,-0.053101,0.779175
0.358032,-0.098389,1.124756
0.038452,-0.377930,0.859009
-0.337280,0.188721,0.953735
0.493286,-0.266235,1.078003
-0.427734,-0.131958,0.770752
0.219849,-0.010620,1.110596
0.139648,-0.417358,0.893311
-0.412964,0.133667,0.898682
0.511108,-0.229248,1.111572
-0.350098,-0.203613,0.784546
0.099365,0.091919,1.083374
0.245605,-0.420166,0.928345
-0.458374,0.076538,0.856079
0.513550,-0.199951,1.119995
-0.246216,-0.267334,0.811523
-0.015015,0.145874,1.067383
0.333984,-0.408813,0.955322
-0.487793,0.028809,0.822876
0.492188,-0.157959,1.130737
-0.132568,-0.295166,0.807861
-0.103027,0.166748,1.044556
0.384033,-0.347900,1.001587
-0.499023,-0.035278,0.804932
0.451172,-0.138306,1.141235
-0.075317,-0.352051,0.820801
-0.232666,0.200439,1.014282
0.445312,-0.331909,1.037720
-0.478882,-0.059937,0.792236
0.376465,-0.075195,1.142578
0.008545,-0.367310,0.855591
-0.313354,0.184937,0.960205
0.482300,-0.278442,1.072876
-0.426636,-0.132568,0.781250
0.264160,-0.012085,1.128052
0.127441,-0.418213,0.890259
-0.403198,0.176392,0.925903
0.499512,-0.237305,1.094116
-0.355347,-0.203369,0.797607
0.147339,0.065674,1.092529
0.220459,-0.406738,0.941895
-0.448364,0.094604,0.864502
0.518433,-0.211792,1.123291
-0.281250,-0.259033,0.796021
0.016846,0.137451,1.070435
0.299683,-0.402222,0.943726
-0.455200,0.036743,0.857056
0.512939,-0.178223,1.135132
-0.149292,-0.309448,0.821533
-0.087646,0.156616,1.041748
0.361572,-0.354736,0.979980
-0.478760,-0.026123,0.812134
0.481934,-0.153687,1.156006
-0.071045,-0.347168,0.826172
-0.200928,0.202393,1.019287
0.439087,-0.320068,1.033325
-0.498047,-0.045288,0.785278
0.389526,-0.104248,1.144043
0.010864,-0.357178,0.866943
-0.291626,0.179565,0.985474
0.489502,-0.269287,1.086792
-0.440063,-0.119507,0.777832
0.261597,-0.011719,1.117676
0.122681,-0.400391,0.893799
-0.367310,0.126953,0.923340
0.516235,-0.232178,1.108765
-0.344238,-0.202637,0.797729
0.115967,0.089600,1.088989
0.244873,-0.413452,0.936035
-0.447021,0.084106,0.866333
0.524292,-0.192993,1.135376
-0.223999,-0.254150,0.824463
-0.007446,0.150879,1.074585
0.315430,-0.385254,0.952881
-0.475586,0.010986,0.841797
0.503540,-0.186768,1.148560
-0.101440,-0.339111,0.830200
-0.114502,0.175049,1.049438
0.385864,-0.323730,0.998169
-0.487305,-0.016357,0.813721
0.436279,-0.146606,1.138916
-0.045776,-0.359253,0.853638
-0.211426,0.172241,1.024536
0.452393,-0.277832,1.072876
-0.490112,-0.045654,0.783691
0.333984,-0.017944,1.154175
0.076050,-0.404053,0.881348
-0.314087,0.162964,0.988403
0.492432,-0.269531,1.108643
-0.412354,-0.154297,0.781494
0.236938,0.036133,1.122925
0.155029,-0.405640,0.903931
-0.401489,0.145264,0.917236
0.531006,-0.257690,1.117310
-0.332397,-0.225952,0.793701
0.126587,0.087524,1.088257
0.227539,-0.377563,0.933960
-0.442505,0.084351,0.869141
0.553223,-0.245361,1.136841
-0.230225,-0.283325,0.826050
0.004272,0.161743,1.084473
0.301880,-0.374146,0.949707
-0.467896,0.050049,0.839355
0.538208,-0.235962,1.142212
-0.120972,-0.357788,0.852173
-0.074341,0.161011,1.057739
0.366821,-0.359741,0.974487
-0.489136,0.018311,0.826660
0.498047,-0.162964,1.150269
-0.056030,-0.354004,0.848022
-0.179810,0.187866,1.037964
0.417847,-0.329468,1.024048
-0.477173,-0.046509,0.814819
0.437378,-0.106812,1.155762
-0.021484,-0.327759,0.872192
-0.275269,0.226685,1.018799
0.487427,-0.307373,1.073486
-0.445801,-0.113403,0.799438
0.328613,-0.056519,1.152222
0.067871,-0.343506,0.892578
-0.334717,0.199707,0.958984
0.517090,-0.245117,1.107666
-0.376343,-0.178467,0.798706
0.211914,0.009888,1.120117
0.183350,-0.427246,0.921631
-0.394165,0.117676,0.901245
0.533691,-0.205811,1.138794
-0.316162,-0.192871,0.805054
0.078613,0.119629,1.093018
0.295898,-0.429565,0.960938
-0.446899,0.032959,0.864258
0.531738,-0.183350,1.160156
-0.203979,-0.260132,0.827393
-0.029907,0.170166,1.076538
0.357910,-0.379150,0.981323
-0.474854,0.008423,0.829346
0.519043,-0.183105,1.165039
-0.092773,-0.329956,0.841675
-0.116699,0.192993,1.067871
0.401489,-0.340210,1.003906
-0.489624,-0.012695,0.825317
0.462769,-0.126221,1.171509
-0.024658,-0.351562,0.869629
-0.223267,0.223511,1.026978
0.452515,-0.275024,1.061157
-0.456543,-0.085083,0.796875
0.363770,-0.088135,1.153809
0.045044,-0.398193,0.883057
-0.303101,0.170166,0.970093
0.506470,-0.256470,1.104858
-0.393311,-0.129517,0.795776
0.254395,0.042236,1.145874
0.149292,-0.416260,0.915039
-0.372803,0.131104,0.925903
0.547852,-0.279419,1.119019
-0.357178,-0.183716,0.804688
0.152588,0.109009,1.125000
0.245972,-0.416626,0.939087
-0.432129,0.096680,0.898071
0.542725,-0.231567,1.136108
-0.269165,-0.236084,0.825684
0.048096,0.158447,1.093872
0.309570,-0.386475,0.966919
-0.449097,0.051758,0.866699
0.539185,-0.207520,1.144165
-0.156372,-0.307739,0.845337
-0.033203,0.150391,1.074585
0.344238,-0.356567,0.978149
-0.468262,0.009766,0.840942
0.535767,-0.174683,1.168701
-0.077271,-0.332520,0.848389
-0.129028,0.192505,1.048584
0.417236,-0.336304,1.023071
-0.465820,-0.043579,0.816406
0.463379,-0.128418,1.167480
-0.033325,-0.351196,0.874756
-0.207275,0.216675,1.045410
0.455444,-0.308716,1.056152
-0.444458,-0.087280,0.809937
0.399414,-0.078735,1.167969
0.029541,-0.320923,0.888306
-0.290649,0.239746,1.010864
0.517090,-0.296387,1.104248
-0.410278,-0.143799,0.800415
0.294434,-0.027954,1.150757
0.107422,-0.389526,0.897827
-0.326904,0.173828,0.958618
0.539673,-0.258911,1.113892
-0.358521,-0.175049,0.815674
0.187744,0.046753,1.119263
0.220215,-0.411011,0.950684
-0.398438,0.138550,0.928101
0.542725,-0.223755,1.127441
-0.302490,-0.233154,0.820557
0.091309,0.082275,1.094604
0.309570,-0.404297,0.985107
-0.443359,0.089111,0.884521
0.531982,-0.145386,1.163086
-0.169800,-0.297363,0.846191
-0.045654,0.147461,1.073364
0.371460,-0.380615,1.006836
-0.445312,-0.015259,0.839111
0.497437,-0.101196,1.172241
-0.063965,-0.294800,0.854126
-0.127930,0.195557,1.075439
0.436646,-0.354614,1.042480
-0.464233,-0.063110,0.813599
0.437012,-0.075073,1.178101
0.013794,-0.342285,0.880249
-0.250122,0.236572,1.034546
0.497803,-0.291870,1.081055
-0.434326,-0.105347,0.792603
0.335815,-0.037109,1.156860
0.107788,-0.383057,0.895264
-0.329712,0.186157,0.970581
0.548584,-0.270142,1.125244
-0.355957,-0.184448,0.813232
0.180054,0.042603,1.119751
0.231323,-0.398438,0.950928
-0.408569,0.117920,0.899414
0.557251,-0.205078,1.151978
-0.245972,-0.253174,0.844238
0.036377,0.127563,1.082275
0.324707,-0.392822,0.980835
-0.438477,0.024902,0.855957
0.534546,-0.163696,1.165771
-0.089844,-0.313843,0.860229
-0.078491,0.193481,1.085693
0.402466,-0.344727,1.018677
-0.483276,-0.027344,0.817017
0.476196,-0.139160,1.168823
-0.023193,-0.343628,0.873535
-0.188232,0.234131,1.061646
0.464844,-0.290283,1.065063
-0.463135,-0.054077,0.807617
0.369751,-0.070068,1.161377
0.079834,-0.380737,0.912842
-0.295898,0.181030,0.994019
0.516968,-0.261719,1.110718
-0.385010,-0.135132,0.804321
0.253296,0.034790,1.133301
0.196411,-0.415771,0.932495
-0.381714,0.129028,0.915283
0.554810,-0.250366,1.136475
-0.293701,-0.218262,0.817505
0.108643,0.133057,1.102661
0.285278,-0.391968,0.962646
-0.429443,0.056396,0.880493
0.557983,-0.224731,1.154785
-0.197632,-0.309326,0.832397
-0.007080,0.181763,1.090088
0.361084,-0.368042,0.989136
-0.456421,0.024780,0.847046
0.520508,-0.180298,1.168701
-0.063721,-0.342773,0.875366
-0.097168,0.174438,1.061523
0.421387,-0.339844,1.023682
-0.469360,-0.007568,0.836914
0.449829,-0.126709,1.156128
-0.012207,-0.376587,0.884399
-0.202026,0.201904,1.055908
0.475952,-0.277832,1.094971
-0.439209,-0.055664,0.810181
0.370605,-0.028198,1.168701
0.065918,-0.384277,0.907471
-0.288818,0.163330,1.007690
0.522339,-0.271362,1.127075
-0.389038,-0.142090,0.810425
0.265381,0.069702,1.159912
0.165771,-0.383789,0.930054
-0.365601,0.120972,0.933228
0.566406,-0.268677,1.137451
-0.342041,-0.210327,0.804321
0.157227,0.122070,1.131714
0.255371,-0.408569,0.946655
-0.399536,0.098877,0.908691
0.558228,-0.231689,1.151367
-0.259644,-0.268677,0.838623
0.058960,0.136841,1.092529
0.318237,-0.394653,0.971069
-0.435791,0.069214,0.876709
0.544067,-0.187866,1.158813
-0.146484,-0.295044,0.880005
-0.030762,0.161621,1.088135
0.379395,-0.376221,1.001953
-0.459595,0.021118,0.845703
0.515625,-0.132812,1.172119
-0.049927,-0.316284,0.875488
-0.111328,0.198486,1.088745
0.428589,-0.367188,1.024292
-0.453247,-0.019775,0.844116
0.467407,-0.096802,1.181030
-0.028320,-0.332153,0.875488
-0.184692,0.233521,1.072998
0.489624,-0.319214,1.081421
-0.454956,-0.062988,0.815063
0.383423,-0.057983,1.163696
0.059082,-0.352905,0.903076
-0.272095,0.214355,1.028076
0.525513,-0.273560,1.124878
-0.406006,-0.139526,0.814087
0.299438,0.011963,1.161987
0.147339,-0.380981,0.921143
-0.330688,0.175171,0.963745
0.549194,-0.251343,1.133179
-0.341675,-0.208740,0.825928
0.187744,0.039429,1.123047
0.236450,-0.416626,0.959839
-0.382935,0.127319,0.903076
0.543579,-0.195557,1.141479
-0.254150,-0.246216,0.845947
0.072876,0.114624,1.097778
0.324341,-0.410278,0.989502
-0.444824,0.056396,0.871094
0.536377,-0.152466,1.168091
-0.158691,-0.285767,0.851685
-0.037354,0.209473,1.101196
0.402588,-0.396851,1.007690
-0.448608,0.004272,0.846680
0.509521,-0.140137,1.173096
-0.036133,-0.317383,0.889771
-0.129395,0.213257,1.076538
0.444092,-0.348389,1.052124
-0.446899,-0.047363,0.842773
0.448120,-0.093140,1.176147
-0.001709,-0.328979,0.885620
-0.213501,0.244263,1.062134
0.497803,-0.285645,1.092896
-0.431274,-0.083252,0.821655
0.369873,-0.035400,1.167603
0.092407,-0.371826,0.916870
-0.296265,0.205566,1.002686
0.537598,-0.262573,1.123047
-0.379883,-0.136475,0.822021
0.260498,0.020630,1.146362
0.202026,-0.410156,0.946899
-0.362183,0.146484,0.931641
0.547974,-0.248413,1.125854
-0.314941,-0.192017,0.825317
0.140015,0.090820,1.110229
0.296265,-0.416382,0.987549
-0.415649,0.101318,0.891357
0.539917,-0.183228,1.158691
-0.234375,-0.244141,0.847168
0.038208,0.139771,1.093262
0.371216,-0.396606,0.999390
-0.449707,-0.029663,0.829224
0.444946,-0.068726,1.163208
0.039673,-0.336426,0.895874
-0.191162,0.212646,1.052246
0.484253,-0.330322,1.076050
-0.436401,-0.123535,0.798828
0.359497,-0.054321,1.130371
0.080200,-0.360352,0.905518
-0.273315,0.207764,1.006348
0.524658,-0.253662,1.116455
-0.388184,-0.146240,0.810669
0.256104,0.008911,1.111816
0.182129,-0.418579,0.928223
-0.340576,0.122192,0.925781
0.561523,-0.249512,1.135864
-0.330688,-0.192017,0.812622
0.124634,0.095093,1.084473
0.279663,-0.439087,0.948975
-0.394531,0.069336,0.876099
0.547363,-0.212524,1.139893
-0.223511,-0.218384,0.849731
0.001831,0.181030,1.083008
0.360718,-0.440186,0.982300
-0.453735,0.002075,0.828491
0.506348,-0.134766,1.158691
-0.088501,-0.271606,0.872559
-0.100220,0.245117,1.089966
0.435059,-0.390015,1.022461
-0.466064,-0.053589,0.819458
0.436523,-0.120605,1.144043
0.039917,-0.366821,0.898682
-0.173828,0.233276,1.067993
0.471069,-0.308472,1.052856
-0.438477,-0.055664,0.817871
0.356689,-0.065063,1.119385
0.082153,-0.431885,0.887085
-0.270630,0.161865,1.002319
0.521606,-0.254028,1.124390
-0.395508,-0.106445,0.818115
0.246582,0.027954,1.098755
0.204224,-0.451538,0.920410
-0.357910,0.119751,0.930542
0.549194,-0.234863,1.132935
-0.319946,-0.174927,0.809448
0.117188,0.116699,1.078613
0.297729,-0.447388,0.946045
-0.407959,0.050903,0.868164
0.544678,-0.215332,1.143188
-0.226318,-0.247314,0.843994
-0.002808,0.176636,1.058105
0.365601,-0.396118,0.990845
-0.450684,0.014771,0.837158
0.507324,-0.158569,1.151978
-0.098877,-0.277832,0.877319
-0.091309,0.223267,1.078979
0.419922,-0.375854,1.014893
-0.469727,-0.017212,0.826294
0.449097,-0.150024,1.136230
0.021973,-0.393066,0.885864
-0.163696,0.199463,1.045776
0.470703,-0.307983,1.055908
-0.459351,-0.036621,0.806274
0.371582,-0.079346,1.120239
0.072510,-0.433105,0.883423
-0.237671,0.158447,1.002441
0.507812,-0.254028,1.106445
-0.408936,-0.101074,0.800903
0.287720,-0.012207,1.112183
0.137451,-0.439697,0.900879
-0.310913,0.107910,0.945679
0.517090,-0.229126,1.134399
-0.368164,-0.160034,0.800903
0.209839,0.044678,1.108887
0.230347,-0.466553,0.925293
-0.382202,0.104004,0.890869
0.547607,-0.215210,1.136108
-0.303223,-0.183594,0.811523
0.084595,0.129028,1.072998
0.311279,-0.479492,0.944092
-0.432495,0.032593,0.853760
0.541504,-0.200684,1.145264
-0.224243,-0.228149,0.841797
-0.024414,0.207275,1.070068
0.385620,-0.418335,0.994873
-0.461426,-0.002563,0.833496
0.498657,-0.154053,1.154297
-0.093140,-0.299438,0.862061
-0.103149,0.244629,1.073364
0.422729,-0.373657,1.010986
-0.459473,-0.049683,0.823730
0.460693,-0.126953,1.165771
0.013916,-0.372070,0.871582
-0.179321,0.220337,1.034180
0.454102,-0.315796,1.037964
-0.444214,-0.076172,0.806641
0.406372,-0.098389,1.143555
0.061035,-0.418823,0.865479
-0.235718,0.205444,1.013184
0.491577,-0.277588,1.081177
-0.430786,-0.096436,0.803955
0.328369,-0.043823,1.123779
0.120605,-0.449341,0.889282
-0.312256,0.168335,0.977173
0.521118,-0.251099,1.121216
-0.382812,-0.138306,0.814087
0.242798,0.043457,1.111328
0.194824,-0.486694,0.897827
-0.363281,0.105469,0.918457
0.548096,-0.249634,1.124878
-0.345947,-0.166992,0.810913
0.146118,0.087158,1.083496
0.251831,-0.464722,0.927979
-0.392578,0.058228,0.866211
0.544678,-0.215576,1.141968
-0.286987,-0.213867,0.809204
0.066772,0.155396,1.075073
0.327881,-0.463013,0.955444
-0.442017,0.048096,0.840332
0.524292,-0.196167,1.138184
-0.197876,-0.234985,0.851074
-0.022583,0.207275,1.072998
0.367554,-0.419922,0.977539
-0.455444,0.012207,0.839966
0.510742,-0.159668,1.152222
-0.109863,-0.265625,0.869019
-0.111328,0.243286,1.075928
0.409058,-0.374390,1.009888
-0.448364,-0.053589,0.817383
0.455811,-0.139404,1.140625
0.001465,-0.342285,0.896118
-0.178101,0.229614,1.047974
0.453247,-0.337158,1.033081
-0.445679,-0.066040,0.803711
0.399048,-0.114990,1.120850
0.074463,-0.401855,0.892700
-0.248047,0.197754,0.996460
0.486816,-0.280396,1.074341
-0.416138,-0.109131,0.794678
0.321167,-0.032471,1.118896
0.114258,-0.404053,0.904907
-0.319580,0.179810,0.967041
0.528320,-0.275879,1.101562
-0.380981,-0.149902,0.802856
0.207520,0.043945,1.101929
0.212402,-0.444458,0.914795
-0.375732,0.115479,0.899536
0.546997,-0.241577,1.120728
-0.309814,-0.191284,0.818848
0.098633,0.115234,1.080322
0.293945,-0.459473,0.941284
-0.430420,0.052979,0.841797
0.530273,-0.198608,1.131226
-0.225952,-0.237305,0.836426
0.000732,0.183350,1.078003
0.366089,-0.443481,0.967407
-0.458740,0.037598,0.833130
0.495605,-0.156982,1.133667
-0.140747,-0.269165,0.849243
-0.080200,0.215576,1.069336
0.411499,-0.395630,1.011108
-0.468506,-0.016235,0.817749
0.451904,-0.123657,1.140015
-0.020020,-0.356323,0.868652
-0.166016,0.218994,1.054443
0.459473,-0.367554,1.033081
-0.457153,-0.058105,0.809448
0.398926,-0.071167,1.131348
0.062866,-0.375732,0.878662
-0.240112,0.210327,1.014771
0.502686,-0.328857,1.070923
-0.417236,-0.115845,0.796753
0.321167,-0.005737,1.117798
0.098755,-0.369751,0.892944
-0.315308,0.191040,0.980225
0.526855,-0.297607,1.098999
-0.382446,-0.181885,0.800171
0.217163,0.028198,1.097168
0.188599,-0.405151,0.921021
-0.365723,0.111084,0.900391
0.531250,-0.247559,1.111450
-0.310669,-0.202637,0.821533
0.104248,0.078979,1.056396
0.291748,-0.444214,0.956177
-0.429443,0.052856,0.833008
0.510132,-0.179443,1.129639
-0.232544,-0.249023,0.822876
0.006714,0.167603,1.083984
0.365723,-0.447021,0.972778
-0.461914,0.028076,0.822510
0.485107,-0.136230,1.137207
-0.127563,-0.276855,0.850220
-0.091919,0.217163,1.066650
0.419922,-0.408203,1.006470
-0.465454,-0.028809,0.814453
0.436401,-0.105469,1.132202
0.027466,-0.372437,0.876709
-0.195190,0.228271,1.034790
0.460327,-0.336548,1.040771
-0.432739,-0.098511,0.801758
0.361938,-0.068604,1.125610
0.063599,-0.380249,0.877930
-0.264282,0.178345,0.984863
0.502686,-0.271851,1.088745
-0.398193,-0.133911,0.799438
0.269287,-0.002808,1.103638
0.144653,-0.427246,0.887207
-0.356689,0.144897,0.931152
0.539185,-0.262573,1.108643
-0.342773,-0.178223,0.804810
0.151001,0.073242,1.085205
0.254639,-0.449341,0.924194
-0.413330,0.065552,0.849243
0.522217,-0.209595,1.114868
-0.255859,-0.225708,0.839844
0.027954,0.143677,1.078491
0.344604,-0.456665,0.960449
-0.460815,0.036011,0.810303
0.493286,-0.165649,1.124023
-0.152832,-0.257690,0.849365
-0.080933,0.205322,1.070923
0.417480,-0.421875,0.999634
-0.476685,0.003540,0.810181
0.435059,-0.099854,1.126953
-0.006348,-0.349976,0.865356
-0.170166,0.216675,1.049316
0.454224,-0.374878,1.033936
-0.453125,-0.071167,0.796509
0.373291,-0.033936,1.126343
0.067383,-0.370850,0.878540
-0.259399,0.216431,1.020386
0.492554,-0.339966,1.052734
-0.415039,-0.147949,0.791870
0.281616,-0.019897,1.095093
0.125732,-0.373047,0.908691
-0.335083,0.168823,0.952148
0.520386,-0.271240,1.098145
-0.364136,-0.173828,0.798340
0.172485,0.047363,1.081299
0.227295,-0.432617,0.916992
-0.393066,0.063477,0.862305
0.529419,-0.215454,1.114136
-0.281006,-0.211304,0.829224
0.047119,0.115845,1.057617
0.317749,-0.476318,0.942139
-0.444824,0.032104,0.823975
0.503662,-0.162231,1.126587
-0.171631,-0.237427,0.852661
-0.075439,0.203735,1.059448
0.389038,-0.440063,0.978271
-0.462891,-0.020752,0.821045
0.458252,-0.141235,1.126343
-0.036743,-0.314941,0.869873
-0.157593,0.232544,1.047974
0.443848,-0.367432,1.016357
-0.467285,-0.071411,0.802490
0.387573,-0.101440,1.118896
0.057983,-0.398560,0.873413
-0.233521,0.190063,0.988159
0.491943,-0.280884,1.068848
-0.435669,-0.079712,0.793213
0.306763,-0.040039,1.099609
0.122192,-0.429688,0.895996
-0.329956,0.152466,0.947144
0.521973,-0.269409,1.097900
-0.391357,-0.142212,0.783813
0.187134,0.044312,1.091919
0.220093,-0.477051,0.909302
-0.385498,0.076782,0.881836
0.528687,-0.240234,1.112305
-0.306396,-0.204590,0.817749
0.062866,0.144409,1.069824
0.291504,-0.455811,0.927124
-0.436401,0.029297,0.836914
0.519897,-0.215088,1.122314
-0.214844,-0.263062,0.839478
-0.037354,0.195435,1.058594
0.356689,-0.395508,0.978271
-0.476196,0.008179,0.807007
0.489624,-0.180420,1.132812
-0.094849,-0.295288,0.860474
-0.120483,0.219116,1.053833
0.407959,-0.387695,0.995728
-0.482544,-0.020264,0.802002
0.438354,-0.150269,1.116577
0.003418,-0.393799,0.856934
-0.185059,0.221313,1.025146
0.448486,-0.345825,1.024780
-0.468628,-0.054688,0.790649
0.383667,-0.090942,1.117676
0.052124,-0.427612,0.853394
-0.233521,0.185669,1.009521
0.480469,-0.317993,1.047852
-0.446289,-0.086792,0.789185
0.319702,-0.069092,1.086304
0.094604,-0.405640,0.880249
-0.316040,0.180054,0.968262
0.509277,-0.290039,1.075439
-0.408569,-0.136963,0.794189
0.241699,0.001831,1.084961
0.170776,-0.445801,0.902588
-0.372925,0.109863,0.898804
0.529663,-0.259155,1.099731
-0.362671,-0.171875,0.787598
0.142578,0.087769,1.076294
0.251953,-0.462036,0.920898
-0.413208,0.064697,0.853760
0.521606,-0.218140,1.113892
-0.305786,-0.212524,0.792603
0.066895,0.119995,1.064087
0.312134,-0.460571,0.933350
-0.460693,0.058594,0.825928
0.513550,-0.210571,1.110962
-0.232422,-0.252319,0.815186
-0.011353,0.164307,1.061890
0.364624,-0.430542,0.961304
-0.480469,0.052002,0.820679
0.479980,-0.192017,1.112305
-0.131104,-0.293701,0.852783
-0.102051,0.206177,1.066528
0.392456,-0.418457,0.980713
-0.478027,-0.001343,0.808228
0.449829,-0.139404,1.110474
-0.042847,-0.305664,0.870117
-0.170410,0.211060,1.040405
0.444336,-0.398560,1.006836
-0.467041,-0.059570,0.788696
0.393921,-0.094849,1.107910
0.054199,-0.374634,0.874634
-0.242920,0.211426,1.012573
0.483276,-0.352661,1.044800
-0.445801,-0.101318,0.789551
0.304810,-0.032715,1.092773
0.081177,-0.387451,0.875000
-0.299561,0.172974,0.969727
0.502930,-0.288574,1.073853
-0.405273,-0.142212,0.787842
0.225220,0.031860,1.080688
0.168335,-0.436768,0.887451
-0.378052,0.111572,0.901978
0.533203,-0.273438,1.103394
-0.367065,-0.187988,0.781494
0.133423,0.085083,1.059204
0.250000,-0.432251,0.916992
-0.409790,0.070190,0.852417
0.521118,-0.225952,1.110840
-0.273682,-0.254028,0.805054
0.027222,0.132324,1.050415
0.319336,-0.448120,0.935059
-0.461304,0.035034,0.807129
0.499512,-0.189575,1.119385
-0.171997,-0.277344,0.835815
-0.076538,0.218872,1.069946
0.372559,-0.410156,0.970215
-0.485107,0.017944,0.812988
0.472046,-0.180176,1.113037
-0.063232,-0.321289,0.857910
-0.160278,0.230713,1.036255
0.421387,-0.365601,1.004028
-0.460205,-0.052368,0.786865
0.403809,-0.115234,1.111328
0.033691,-0.398682,0.865723
-0.233032,0.202637,1.013062
0.461060,-0.347534,1.020996
-0.435791,-0.087646,0.796265
0.331177,-0.060547,1.091187
0.081543,-0.400024,0.869629
-0.294312,0.174683,0.961060
0.498535,-0.264160,1.072266
-0.397461,-0.140747,0.790771
0.219482,0.008789,1.083740
0.165405,-0.462402,0.888428
-0.374878,0.093262,0.895386
0.522827,-0.244995,1.093994
-0.355103,-0.167358,0.782349
0.106323,0.101074,1.063965
0.284058,-0.494385,0.917969
-0.442017,0.034424,0.826172
0.510010,-0.203857,1.106689
-0.260254,-0.230469,0.802124
-0.000977,0.168823,1.061401
0.360107,-0.474487,0.955933
-0.481812,0.020996,0.801514
0.465698,-0.153442,1.118042
-0.143921,-0.271118,0.834717
-0.100708,0.218750,1.055786
0.401978,-0.414673,0.985352
-0.482056,-0.040161,0.804932
0.430054,-0.132446,1.117065
0.004761,-0.356567,0.860840
-0.205933,0.244019,1.026245
0.438721,-0.337524,1.022949
-0.452515,-0.089111,0.788696
0.349854,-0.082520,1.099731
0.063354,-0.411255,0.852783
-0.275635,0.179932,0.971680
0.488770,-0.287598,1.062134
-0.424072,-0.118286,0.780884
0.240845,-0.005005,1.073486
0.151855,-0.458252,0.867065
-0.357666,0.107178,0.903442
0.525024,-0.267212,1.087158
-0.381714,-0.156982,0.778320
0.106201,0.090088,1.056152
0.268799,-0.490601,0.904785
-0.426147,0.026123,0.823242
0.505127,-0.212524,1.108276
-0.264404,-0.237427,0.802734
-0.011475,0.161743,1.052856
0.346924,-0.464111,0.946411
-0.488281,-0.009155,0.792969
0.476685,-0.172729,1.121948
-0.124512,-0.289917,0.837891
-0.121460,0.238647,1.053589
0.403320,-0.393921,0.983887
-0.476929,-0.042114,0.799072
0.418091,-0.165039,1.099731
0.014038,-0.396851,0.846191
-0.199707,0.214478,1.016479
0.442749,-0.326782,1.012695
-0.460449,-0.071655,0.789673
0.336060,-0.099609,1.088867
0.066528,-0.427612,0.858276
-0.286255,0.171753,0.963501
0.489258,-0.272461,1.067627
-0.433716,-0.094971,0.794312
0.234863,-0.018921,1.074707
0.161987,-0.457520,0.880615
-0.382446,0.127319,0.895020
0.526123,-0.255493,1.084229
-0.352539,-0.187622,0.775024
0.094971,0.081665,1.053467
0.274170,-0.495361,0.910767
-0.422607,0.027222,0.818970
0.502563,-0.194458,1.093628
-0.269775,-0.200073,0.809692
-0.018433,0.153198,1.049072
0.371216,-0.494385,0.948975
-0.478394,0.008301,0.815674
0.454468,-0.143066,1.109741
-0.140869,-0.279297,0.828125
-0.119141,0.192383,1.033936
0.419922,-0.416016,0.994507
-0.482056,-0.043457,0.786987
0.404175,-0.102661,1.101318
0.008423,-0.356934,0.853882
-0.210693,0.206055,1.003540
0.459595,-0.357056,1.024292
-0.463379,-0.114014,0.776611
0.326050,-0.081421,1.079834
0.078613,-0.401611,0.866699
-0.302856,0.156494,0.939087
0.491577,-0.257324,1.067383
-0.404541,-0.142944,0.781006
0.206909,0.011719,1.064941
0.177368,-0.453491,0.895752
-0.403442,0.084961,0.864502
0.528442,-0.272583,1.091431
-0.339966,-0.208008,0.781006
0.071167,0.131104,1.065186
0.282959,-0.458496,0.910400
-0.455444,0.028442,0.808350
0.503296,-0.202759,1.112427
-0.213867,-0.250244,0.828735
-0.038452,0.179810,1.044312
0.342896,-0.390381,0.968140
-0.491333,0.026245,0.803711
0.464478,-0.175415,1.104614
-0.065552,-0.326050,0.850586
-0.154419,0.202515,1.020264
0.412842,-0.358032,0.998047
-0.484375,-0.040771,0.787842
0.376465,-0.106934,1.091553
0.033325,-0.448975,0.835205
-0.214233,0.154175,0.978882
0.468140,-0.316162,1.038574
-0.450439,-0.058716,0.798462
0.269043,-0.030640,1.071045
0.089355,-0.427490,0.856934
-0.303711,0.108398,0.925537
0.499634,-0.259766,1.087036
-0.402832,-0.144043,0.784912
0.174316,0.046021,1.061768
0.191284,-0.475342,0.874390
-0.388306,0.062134,0.866089
0.512329,-0.239990,1.103516
-0.343262,-0.213257,0.774048
0.070557,0.093262,1.049438
0.286865,-0.488403,0.916504
-0.455566,0.049438,0.805420
0.493896,-0.172729,1.099365
-0.238770,-0.205566,0.819214
-0.039673,0.149292,1.039062
0.355103,-0.492676,0.937378
-0.484253,-0.000366,0.792480
0.452881,-0.128296,1.104858
-0.104858,-0.273926,0.835449
-0.138428,0.213257,1.044922
0.407349,-0.423584,0.975464
-0.470337,-0.051392,0.788818
0.404175,-0.098511,1.093506
0.023682,-0.354736,0.855713
-0.238892,0.231812,0.997192
0.463989,-0.378296,1.024292
-0.443848,-0.137451,0.770020
0.286621,-0.036377,1.072266
0.083496,-0.375854,0.858398
-0.318970,0.203247,0.954834
0.496094,-0.287231,1.058594
-0.391357,-0.180908,0.777100
0.159546,0.032104,1.060547
0.195435,-0.453857,0.885620
-0.395752,0.062988,0.843872
0.501099,-0.205200,1.089722
-0.302124,-0.178955,0.800049
0.033081,0.134766,1.049561
0.322266,-0.502075,0.920654
-0.485352,0.005005,0.793457
0.473999,-0.184937,1.095581
-0.164062,-0.281982,0.829712
-0.113159,0.208740,1.042236
0.390625,-0.410278,0.967041
-0.490356,-0.018433,0.789917
0.410645,-0.113770,1.102661
0.019287,-0.395020,0.844849
-0.216064,0.191895,0.992798
0.441284,-0.348145,1.017700
-0.478882,-0.092896,0.758667
0.322998,-0.072388,1.075195
0.083252,-0.413574,0.860962
-0.310181,0.170776,0.948242
0.484497,-0.289429,1.057617
-0.417480,-0.147461,0.772217
0.180786,0.028687,1.052368
0.187012,-0.465576,0.864746
-0.387573,0.094604,0.872314
0.514648,-0.253296,1.085571
-0.343262,-0.187012,0.788086
0.060059,0.097168,1.042603
0.274902,-0.475830,0.899292
-0.454712,0.024536,0.807739
0.496094,-0.182251,1.102417
-0.217773,-0.223022,0.826050
-0.065430,0.187378,1.042725
0.373901,-0.458984,0.950684
-0.494995,0.008911,0.787720
0.438477,-0.142090,1.099365
-0.075684,-0.301514,0.852295
-0.160156,0.188477,1.022827
0.431763,-0.416260,0.999756
-0.485596,-0.063721,0.773804
0.359741,-0.075317,1.086548
0.051758,-0.376465,0.851196
-0.244385,0.196411,0.985229
0.466064,-0.338501,1.029785
-0.453857,-0.137329,0.770386
0.276001,-0.046997,1.071655
0.096924,-0.408081,0.852051
-0.343018,0.170166,0.923706
0.499634,-0.278076,1.067871
-0.395752,-0.165771,0.776733
0.152344,0.018311,1.046143
0.202393,-0.461426,0.874512
-0.393066,0.082275,0.847046
0.508179,-0.224731,1.092773
-0.315063,-0.194946,0.797852
0.022217,0.127808,1.041138
0.304932,-0.490479,0.917480
-0.473999,0.023071,0.798950
0.474976,-0.192261,1.093872
-0.156738,-0.251709,0.837524
-0.098145,0.205811,1.037354
0.374268,-0.409790,0.962646
-0.496582,-0.032104,0.789429
0.420288,-0.159668,1.081421
-0.018433,-0.370117,0.833618
-0.179565,0.217041,1.010864
0.436401,-0.337646,1.007080
-0.488892,-0.060547,0.772217
0.317749,-0.081055,1.065430
0.077759,-0.438110,0.843628
-0.284180,0.148315,0.950439
0.486206,-0.298706,1.053467
-0.430786,-0.108765,0.779175
0.207642,0.019775,1.058105
0.161743,-0.466431,0.859619
-0.373291,0.086548,0.890625
0.512817,-0.271362,1.085815
-0.363159,-0.183838,0.779663
0.075439,0.109375,1.054688
0.262451,-0.469604,0.895630
-0.456665,0.037109,0.809082
0.493042,-0.228760,1.085815
-0.235596,-0.262329,0.800903
-0.046509,0.191650,1.049438
0.346558,-0.434082,0.939819
-0.509155,0.020874,0.789551
0.444580,-0.167236,1.095825
-0.069458,-0.325317,0.847290
-0.153809,0.189209,1.017334
0.398438,-0.378296,0.990356
-0.505615,-0.029541,0.772217
0.381348,-0.124268,1.085083
0.053833,-0.417969,0.859497
-0.251343,0.191528,0.979370
0.453979,-0.312988,1.025269
-0.443604,-0.102539,0.761475
0.255005,-0.023193,1.064209
0.084229,-0.442383,0.848511
-0.325439,0.145996,0.947998
0.501831,-0.310303,1.057983
-0.408569,-0.134033,0.782104
0.141357,0.064697,1.056030
0.198730,-0.457275,0.878540
-0.390137,0.073486,0.859741
0.496216,-0.230835,1.073730
-0.329224,-0.179688,0.796631
0.047485,0.081299,1.030273
0.297607,-0.495850,0.906006
-0.455200,0.012207,0.790405
0.472534,-0.143921,1.092163
-0.198608,-0.218018,0.819824
-0.080933,0.192383,1.044556
0.375610,-0.463989,0.954834
-0.494995,-0.048218,0.779175
0.422119,-0.144043,1.087524
-0.038940,-0.325439,0.841064
-0.205811,0.242310,1.015991
0.429443,-0.349731,1.009399
-0.457886,-0.137207,0.770386
0.321045,-0.108765,1.068604
0.060669,-0.427612,0.844116
-0.284668,0.169067,0.943604
0.475586,-0.260132,1.057617
-0.420654,-0.108398,0.784546
0.198975,-0.001099,1.060059
0.164917,-0.485962,0.868286
-0.397949,0.074951,0.863647
0.509644,-0.256714,1.089844
-0.344604,-0.199951,0.777344
0.043335,0.138794,1.047241
0.286987,-0.472778,0.898926
-0.466431,0.032715,0.797974
0.474365,-0.194214,1.094482
-0.203125,-0.276611,0.816162
-0.089111,0.194214,1.033081
0.376831,-0.428223,0.968750
-0.508423,0.014404,0.787109
0.409302,-0.130371,1.087280
-0.019775,-0.354492,0.841919
-0.183960,0.214966,1.023560
0.420044,-0.363647,0.998413
-0.460693,-0.081665,0.779663
0.327271,-0.075317,1.068604
0.066284,-0.406494,0.836426
-0.282593,0.155884,0.932495
0.481323,-0.295166,1.044678
-0.418701,-0.137085,0.784424
0.220337,-0.011108,1.057373
0.144653,-0.436646,0.858276
-0.389404,0.118530,0.868896
0.491821,-0.270142,1.066040
-0.346436,-0.188354,0.794434
0.096436,0.069580,1.051025
0.243408,-0.453979,0.893677
-0.453979,0.020142,0.793945
0.484497,-0.224609,1.083252
-0.237305,-0.238892,0.819580
-0.031982,0.156982,1.044434
0.336792,-0.447144,0.941162
-0.489014,0.010376,0.776733
0.431519,-0.131348,1.089722
-0.109497,-0.291504,0.830688
-0.128174,0.178101,1.026367
0.408569,-0.425293,0.971680
-0.499146,-0.023560,0.784424
0.370605,-0.101074,1.077393
0.024536,-0.379761,0.836914
-0.233154,0.189209,0.985474
0.451172,-0.366821,1.018066
-0.457153,-0.131836,0.773560
0.293335,-0.042480,1.068481
0.085327,-0.399780,0.837769
-0.333252,0.171387,0.922607
0.492310,-0.311401,1.044312
-0.391235,-0.187134,0.787720
0.182617,0.003784,1.049927
0.172241,-0.434570,0.866455
-0.419189,0.087158,0.842163
0.508179,-0.248169,1.075562
-0.301025,-0.214844,0.802734
0.048218,0.109375,1.054321
0.278198,-0.475830,0.903564
-0.483521,0.026001,0.777832
0.473999,-0.211548,1.073242
-0.194824,-0.263306,0.812134
-0.083008,0.180908,1.033569
0.367432,-0.450684,0.948853
-0.497070,-0.004150,0.794434
0.426270,-0.151001,1.085205
-0.073975,-0.327515,0.824951
-0.181152,0.202637,1.010254
0.428589,-0.388916,0.984619
-0.468384,-0.054443,0.783691
0.339355,-0.098267,1.068604
0.052002,-0.439697,0.836304
-0.276489,0.169189,0.956909
0.476807,-0.319458,1.029907
-0.445801,-0.098511,0.775513
0.235474,-0.004883,1.064209
0.114624,-0.458862,0.840210
-0.482666,0.067749,0.783569
0.451172,-0.254517,1.013062
-0.327759,-0.189087,0.769653
-0.013794,0.131714,1.011719
0.276123,-0.489502,0.879883
-0.532715,0.023193,0.749512
0.432617,-0.200684,1.037109
-0.198853,-0.263794,0.779907
-0.137329,0.197876,1.001221
0.346680,-0.441040,0.921753
-0.544312,0.004883,0.751831
0.376831,-0.145996,1.043823
-0.052490,-0.364258,0.793213
-0.236694,0.214844,0.955444
0.394409,-0.371826,0.954590
-0.513672,-0.074707,0.742310
0.299805,-0.119019,1.013184
0.030640,-0.449585,0.787231
-0.310791,0.155640,0.880493
0.428711,-0.318848,0.979004
-0.497070,-0.077393,0.751587
0.183838,-0.053467,0.995361
0.101929,-0.519653,0.778564
-0.390015,0.099976,0.819824
0.454712,-0.268799,0.999634
-0.415527,-0.090332,0.757080
0.055664,0.090942,1.004395
0.202393,-0.464722,0.839600
-0.492798,0.042725,0.772095
0.456909,-0.247192,1.024048
-0.280884,-0.230347,0.774292
-0.068726,0.190796,1.002563
0.282349,-0.410034,0.891479
-0.550293,0.021118,0.752197
0.415894,-0.215210,1.041382
-0.094849,-0.376709,0.798218
-0.172974,0.182251,0.981201
0.342529,-0.328979,0.934204
-0.551880,0.042480,0.749390
0.350464,-0.181274,1.007446
0.010864,-0.451660,0.810913
-0.247925,0.103882,0.900513
0.398315,-0.320557,0.970459
-0.507080,-0.037598,0.752563
0.246460,-0.063232,1.005005
0.079224,-0.455444,0.803711
-0.380127,0.098633,0.833618
0.431641,-0.287598,0.993652
-0.440063,-0.137085,0.754639
0.141235,0.020264,1.016113
0.136963,-0.446289,0.817017
-0.476196,0.121704,0.794067
0.450073,-0.261475,1.008057
-0.356323,-0.205322,0.761108
0.017456,0.098022,1.020386
0.240479,-0.485107,0.854980
-0.525635,0.072876,0.750977
0.444458,-0.217285,1.016724
-0.230225,-0.217163,0.795410
-0.107422,0.187988,1.006104
0.318848,-0.456665,0.905762
-0.539795,-0.004150,0.742188
0.393677,-0.138672,1.041992
-0.097778,-0.307861,0.785278
-0.209961,0.208984,0.972290
0.392090,-0.436646,0.940063
-0.527466,-0.062622,0.744873
0.319702,-0.106567,1.023438
-0.002563,-0.394653,0.794800
-0.295776,0.171997,0.894409
0.437622,-0.351685,0.971069
-0.488647,-0.093018,0.756714
0.210327,-0.034912,1.004150
0.073364,-0.461548,0.784424
-0.364502,0.120239,0.842529
0.443970,-0.307861,0.979736
-0.438110,-0.119507,0.771729
0.109131,0.031250,1.009521
0.142700,-0.452026,0.817139
-0.476562,0.097290,0.786743
0.458374,-0.246216,1.023193
-0.334961,-0.183960,0.770630
-0.008789,0.143555,1.016846
0.245117,-0.465820,0.863037
-0.528198,0.001099,0.723633
0.448486,-0.224609,1.039185
-0.225342,-0.267212,0.774536
-0.130005,0.199585,0.989136
0.331055,-0.425781,0.913208
-0.541626,0.025024,0.755615
0.387939,-0.175293,1.029297
-0.096069,-0.330444,0.801636
-0.206055,0.177856,0.954346
0.380371,-0.394897,0.948608
-0.533081,-0.027832,0.751709
0.335083,-0.130493,1.017334
-0.003540,-0.408691,0.797607
-0.282471,0.156494,0.900146
0.420044,-0.345337,0.972412
-0.487305,-0.115845,0.742920
0.237427,-0.059692,1.006836
0.064819,-0.469604,0.772827
-0.377930,0.123413,0.837769
0.458740,-0.307373,0.990479
-0.458984,-0.131104,0.730713
0.135254,0.034302,1.012329
0.119385,-0.458008,0.805054
-0.427979,0.087036,0.803589
0.469116,-0.273071,1.008057
-0.386108,-0.163818,0.755005
0.025757,0.122192,1.018433
0.211670,-0.491699,0.831787
-0.493286,0.025146,0.759399
0.460815,-0.227417,1.033203
-0.305786,-0.175903,0.781616
-0.074097,0.163208,0.994263
0.310425,-0.477539,0.896973
-0.529053,-0.012573,0.745361
0.409058,-0.181274,1.033325
-0.168579,-0.253540,0.798340
-0.169067,0.198242,0.969482
0.345703,-0.420288,0.929321
-0.529053,-0.044556,0.752197
0.371094,-0.127930,1.043945
-0.041260,-0.365479,0.793213
-0.253418,0.217041,0.944702
0.397705,-0.329224,0.953979
-0.515747,-0.076050,0.731445
0.297729,-0.137329,1.014282
0.043213,-0.447876,0.797729
-0.312378,0.174683,0.888184
0.409180,-0.334229,0.958130
-0.486206,-0.095093,0.754639
0.215698,-0.051270,1.016479
0.076416,-0.487793,0.782959
-0.374756,0.102783,0.825562
0.447510,-0.268799,0.997192
-0.442383,-0.099121,0.763306
0.103271,0.048096,1.011353
0.147217,-0.501343,0.807373
-0.455811,0.067383,0.794922
0.466064,-0.259766,1.021240
-0.370728,-0.138550,0.754761
-0.005127,0.143677,1.010742
0.247803,-0.441772,0.875732
-0.507202,0.011475,0.741577
0.439209,-0.238281,1.025146
-0.254761,-0.232056,0.785034
-0.079712,0.202759,1.014771
0.294922,-0.392090,0.908081
-0.555054,0.006470,0.739136
0.420410,-0.227661,1.033203
-0.116699,-0.347656,0.797363
-0.167358,0.207520,0.982910
0.327881,-0.330811,0.934204
-0.549927,0.012451,0.741089
0.373413,-0.185181,1.036743
-0.013916,-0.392944,0.813477
-0.236206,0.168213,0.940674
0.382568,-0.353882,0.947632
-0.528320,-0.011719,0.736328
0.301514,-0.104004,1.004761
0.032104,-0.440186,0.796265
-0.309814,0.137451,0.887085
0.436523,-0.331055,0.972900
-0.491943,-0.082397,0.738647
-0.451294,-0.127686,0.748779
0.100098,0.085693,1.026001
-0.464844,0.088867,0.801270
0.467041,-0.281128,1.015503
-0.372192,-0.194580,0.760864
0.012085,0.122681,1.011597
0.223022,-0.447266,0.851440
-0.519409,0.042480,0.736450
0.463257,-0.255981,1.016846
-0.264404,-0.241211,0.773804
-0.096924,0.170898,0.990723
0.296387,-0.448975,0.885498
-0.540894,0.021118,0.750488
0.420776,-0.195801,1.038208
-0.141113,-0.296143,0.795166
-0.193970,0.196411,0.961182
0.358887,-0.430298,0.922119
-0.526123,-0.011841,0.755371
0.357178,-0.110352,1.041504
-0.033936,-0.379517,0.791992
-0.263428,0.200317,0.927856
0.405029,-0.406372,0.951782
-0.526367,-0.086548,0.729736
0.298340,-0.078857,1.020874
0.036743,-0.406860,0.778687
-0.351685,0.179077,0.877441
0.439819,-0.343994,0.977417
-0.470093,-0.143921,0.748169
0.187744,-0.041138,1.002197
0.088501,-0.444580,0.802124
-0.408325,0.132446,0.811890
0.448730,-0.269409,1.000488
-0.418213,-0.137695,0.750854
0.074829,0.064941,1.015625
0.179932,-0.503418,0.817261
-0.478882,0.071533,0.782227
0.446411,-0.248657,1.004639
-0.325806,-0.189819,0.772217
-0.043335,0.147461,1.006104
0.273804,-0.478271,0.872437
-0.524780,0.014038,0.743652
0.422852,-0.188965,1.040283
-0.169556,-0.270142,0.792114
-0.156616,0.209961,0.982788
0.352661,-0.414307,0.931885
-0.542480,0.003418,0.757690
0.369629,-0.146606,1.025391
-0.035522,-0.355225,0.801392
-0.247437,0.188477,0.933960
0.391968,-0.364014,0.945190
-0.523315,-0.093994,0.728760
0.281738,-0.086670,1.006104
0.033569,-0.433350,0.784912
-0.326782,0.156250,0.880493
0.430298,-0.307617,0.977295
-0.472778,-0.105469,0.751587
0.160400,-0.022461,0.991455
0.097778,-0.502441,0.787231
-0.406738,0.087646,0.818726
0.458984,-0.237549,1.014526
-0.425537,-0.109741,0.742065
0.052856,0.103149,1.012085
0.198242,-0.502197,0.831787
-0.486572,0.052734,0.773438
0.462646,-0.234253,1.036743
-0.322266,-0.207153,0.750854
-0.075073,0.205078,1.011108
0.278442,-0.459351,0.869873
-0.530029,0.020508,0.754395
0.427002,-0.202393,1.035522
-0.157593,-0.300781,0.795044
-0.172729,0.218384,0.987793
0.319580,-0.413086,0.903198
-0.539917,0.004272,0.752930
0.392822,-0.158081,1.042236
-0.044556,-0.353027,0.799194
-0.248047,0.196411,0.937622
0.371948,-0.370239,0.947998
-0.534668,-0.053955,0.738403
0.313721,-0.130981,0.996948
0.038940,-0.453735,0.789062
-0.321533,0.177490,0.887817
0.401245,-0.303223,0.964111
-0.489136,-0.087769,0.745117
0.204468,-0.053345,1.005981
0.086426,-0.488647,0.775513
-0.403198,0.129395,0.837402
0.452759,-0.291260,0.987427
-0.439575,-0.114014,0.753052
0.084229,0.065063,0.997803
0.155273,-0.476074,0.795288
-0.471802,0.083740,0.789307
0.469971,-0.251099,1.024658
-0.345581,-0.185425,0.756104
-0.045410,0.168457,1.005981
0.256104,-0.450562,0.864502
-0.529053,0.003784,0.733887
0.456543,-0.244629,1.038086
-0.213501,-0.270874,0.778687
-0.139038,0.230591,1.002197
0.316162,-0.377563,0.915649
-0.555786,0.023682,0.749634
0.398193,-0.205322,1.035767
-0.070312,-0.349731,0.814087
-0.218506,0.184814,0.942383
0.361938,-0.353760,0.939087
-0.538086,-0.037842,0.718628
0.333252,-0.121460,1.024658
0.023438,-0.436646,0.789062
-0.311523,0.185059,0.892456
0.407227,-0.343628,0.950317
-0.502686,-0.090698,0.740601
0.225586,-0.064453,0.994873
0.080566,-0.468872,0.786377
-0.386108,0.130615,0.828247
0.431030,-0.281128,0.974976
-0.437866,-0.113647,0.752563
0.103516,0.021851,0.989380
0.137817,-0.492798,0.797729
-0.467285,0.093262,0.797607
0.445068,-0.239136,1.010620
-0.362427,-0.148682,0.772827
-0.003540,0.108276,0.994507
0.231689,-0.484741,0.841187
-0.519287,0.031372,0.737671
0.451416,-0.209595,1.037476
-0.228271,-0.230469,0.784424
-0.132935,0.207642,0.983154
0.315918,-0.434570,0.893555
-0.552490,0.011353,0.746704
0.392944,-0.188599,1.011841
-0.091431,-0.350342,0.794067
-0.203979,0.213623,0.956665
0.378296,-0.360474,0.944336
-0.552246,-0.005615,0.730103
0.316406,-0.123169,1.009277
0.015869,-0.431030,0.788940
-0.287109,0.129028,0.875610
0.406982,-0.311035,0.966919
-0.514282,-0.066895,0.737305
0.208984,-0.056763,0.979492
0.073120,-0.482300,0.773071
-0.374756,0.098877,0.829712
0.441528,-0.263306,0.994019
-0.454590,-0.087524,0.745483
0.088867,0.072388,1.007446
0.162964,-0.486328,0.810181
-0.483276,0.065552,0.777832
0.460327,-0.254761,1.017578
-0.337524,-0.187256,0.760864
-0.043335,0.171143,1.011719
0.252075,-0.422852,0.877319
-0.545166,0.020996,0.740601
0.437622,-0.227295,1.037842
-0.188843,-0.285522,0.787598
-0.143555,0.219849,0.982666
0.313477,-0.361450,0.917358
-0.574707,0.029419,0.737549
0.397827,-0.194092,1.027832
-0.045532,-0.389893,0.795654
-0.231812,0.189331,0.938110
0.374023,-0.327759,0.946289
-0.540283,-0.034302,0.726074
0.304688,-0.122559,0.994385
0.028076,-0.433838,0.797485
-0.330688,0.147461,0.866333
0.422241,-0.310669,0.967529
-0.483521,-0.076294,0.746216
0.174927,-0.008423,0.999268
0.078125,-0.477539,0.776123
-0.414795,0.100342,0.812988
0.455078,-0.276733,0.987549
-0.417725,-0.116089,0.753784
0.048828,0.119751,1.005249
0.177856,-0.452637,0.832397
-0.495728,0.053223,0.771362
0.463257,-0.257446,1.019165
-0.314453,-0.202637,0.754761
-0.063965,0.188721,1.003418
0.262695,-0.421143,0.875977
-0.538818,0.004883,0.737183
0.430298,-0.192749,1.042603
-0.166504,-0.301636,0.780884
-0.166016,0.220947,0.983276
0.335938,-0.400757,0.914185
-0.546021,0.009399,0.747681
0.364624,-0.138306,1.030640
-0.038940,-0.390137,0.790527
-0.254517,0.184448,0.915161
0.375488,-0.344116,0.937134
-0.520142,-0.066528,0.726685
0.287231,-0.093994,1.006348
0.025513,-0.436768,0.773560
-0.357544,0.152222,0.856079
0.436157,-0.318115,0.960571
-0.480591,-0.093506,0.739868
0.164917,-0.006714,1.004150
0.092041,-0.447021,0.799683
-0.447021,0.112183,0.796143
0.452515,-0.266357,0.993530
-0.387329,-0.173218,0.763550
0.019653,0.108398,1.006348
0.214844,-0.470215,0.843506
-0.532837,0.072632,0.753662
0.433472,-0.175049,1.031860
-0.243408,-0.220947,0.779419
-0.109009,0.173584,0.989868
0.316284,-0.452271,0.895508
-0.563232,0.044922,0.746216
0.379272,-0.139771,1.030151
-0.081543,-0.338745,0.783325
-0.227051,0.189331,0.933594
0.394531,-0.370361,0.948608
-0.527832,-0.059692,0.733398
0.273804,-0.068237,0.991211
0.022705,-0.437988,0.769287
-0.334595,0.149292,0.851685
0.429932,-0.315796,0.970215
-0.484741,-0.082520,0.747070
0.143555,0.017578,0.999634
0.103027,-0.470581,0.787231
-0.450684,0.095703,0.787598
0.453613,-0.227173,1.009644
-0.379150,-0.123535,0.767212
-0.006226,0.122803,0.996704
0.232422,-0.479248,0.839355
-0.525269,0.035889,0.750122
0.436035,-0.191040,1.035400
-0.192017,-0.249023,0.776367
-0.154053,0.203857,0.967285
0.329834,-0.400146,0.908691
-0.550049,0.007812,0.748291
0.366577,-0.159668,1.012939
-0.024048,-0.388184,0.790771
-0.275635,0.206787,0.902100
0.387085,-0.314819,0.947632
-0.520264,-0.063965,0.732056
0.247681,-0.082275,0.999390
0.046143,-0.473267,0.759888
-0.379883,0.139038,0.837036
0.438965,-0.276001,0.972900
-0.467896,-0.107910,0.736572
0.091675,0.057861,1.007080
0.155396,-0.492188,0.805664
-0.484009,0.080566,0.780396
0.457153,-0.230713,1.016602
-0.331299,-0.192383,0.750732
-0.070068,0.186523,0.991333
0.268311,-0.414795,0.881470
-0.542969,0.012207,0.742310
0.425659,-0.183594,1.040894
-0.135620,-0.299072,0.786987
-0.184814,0.207275,0.956909
0.328247,-0.369385,0.914551
-0.568359,-0.000366,0.739502
0.364502,-0.152588,1.024536
-0.008545,-0.414307,0.784546
-0.292603,0.201050,0.897705
0.393311,-0.322632,0.947510
-0.512817,-0.073242,0.734253
0.222168,-0.061646,0.984863
0.044434,-0.452759,0.765381
-0.381836,0.109009,0.810425
0.446777,-0.267456,0.994141
-0.443970,-0.128052,0.741333
0.081543,0.076904,1.000488
0.141724,-0.477661,0.787109
-0.496460,0.084595,0.773315
0.456543,-0.238647,1.018066
-0.319824,-0.194092,0.752930
-0.066284,0.192749,0.998169
0.258179,-0.423584,0.855835
-0.555664,0.039673,0.738892
0.420410,-0.206421,1.024170
-0.150024,-0.302368,0.796509
-0.162842,0.201172,0.958496
0.330933,-0.357788,0.918823
-0.569702,0.049561,0.744263
0.369507,-0.141479,1.034058
-0.025269,-0.417969,0.776733
-0.255737,0.177856,0.905762
0.397705,-0.330933,0.944824
-0.547974,-0.019165,0.734009
0.261597,-0.089478,0.981567
0.039795,-0.438354,0.781128
-0.371826,0.138306,0.836060
0.448364,-0.284912,0.987671
-0.466064,-0.048462,0.771240
0.116333,0.067017,0.996948
0.082153,-0.414917,0.788818
-0.450562,0.066406,0.788818
0.447021,-0.282593,0.990723
-0.394897,-0.170410,0.748901
0.050659,0.150513,1.020996
0.178833,-0.378906,0.822144
-0.544067,0.092651,0.754639
0.447021,-0.275269,1.008667
-0.281372,-0.253174,0.776611
-0.058838,0.144287,0.981812
0.279419,-0.380493,0.895020
-0.560181,0.058594,0.737061
0.421753,-0.174194,1.031860
-0.159180,-0.297852,0.768799
-0.161987,0.180786,0.960205
0.336304,-0.376465,0.921387
-0.556396,0.007935,0.749390
0.360718,-0.112183,1.031982
-0.068726,-0.383301,0.761475
-0.261719,0.167603,0.885864
0.395874,-0.375366,0.944336
-0.527832,-0.055420,0.737915
0.290039,-0.081787,1.006470
0.013062,-0.412964,0.757568
-0.341309,0.176636,0.847656
0.412109,-0.297119,0.949341
-0.486084,-0.087402,0.756714
0.203247,-0.047485,0.988281
0.044189,-0.426270,0.776855
-0.430176,0.152222,0.818848
0.449951,-0.258179,0.990845
-0.433960,-0.103027,0.772949
0.091064,0.037476,0.995361
0.139648,-0.437378,0.821655
-0.516724,0.126709,0.765503
0.446411,-0.196045,1.011108
-0.318970,-0.175903,0.779663
-0.033203,0.133789,0.999878
0.241089,-0.456299,0.868896
-0.563721,0.082886,0.742432
0.420288,-0.187378,1.018188
-0.183594,-0.253662,0.790161
-0.143066,0.169800,0.956299
0.319092,-0.387817,0.910645
-0.552124,0.048096,0.760498
0.385254,-0.125732,1.026611
-0.079224,-0.355225,0.778198
-0.244995,0.184082,0.914673
0.371094,-0.331665,0.943970
-0.534302,-0.022339,0.742920
0.308960,-0.098511,1.001465
-0.009521,-0.421265,0.768433
-0.339966,0.180420,0.862549
0.420898,-0.299194,0.971191
-0.498535,-0.087891,0.745361
0.182617,-0.022217,0.996704
0.045532,-0.426514,0.777954
-0.423462,0.141357,0.810913
0.456177,-0.267212,0.988770
-0.429688,-0.091187,0.767944
0.061401,0.106689,1.000488
0.140381,-0.451660,0.810669
-0.519531,0.103027,0.771240
0.459717,-0.245605,1.011353
-0.327271,-0.171509,0.765869
-0.035522,0.193726,1.018433
0.260376,-0.422852,0.871826
-0.569092,0.048950,0.730347
0.430908,-0.204346,1.025269
-0.197876,-0.263916,0.778320
-0.148804,0.200684,0.952148
0.337402,-0.362305,0.925903
-0.567505,0.033691,0.741333
0.365112,-0.118652,1.030762
-0.068848,-0.377319,0.768311
-0.243164,0.204102,0.912476
0.385498,-0.336182,0.939819
-0.537964,-0.037842,0.739868
0.289795,-0.068237,1.000977
0.006470,-0.416138,0.758423
-0.345825,0.179443,0.849609
0.417725,-0.318237,0.959229
-0.499512,-0.075195,0.748291
0.191650,-0.014038,1.000854
0.050293,-0.421875,0.775635
-0.442871,0.140259,0.804688
0.445679,-0.263794,0.988892
-0.435303,-0.148682,0.732422
0.083740,0.072021,1.012207
0.140869,-0.431030,0.805908
-0.520752,0.127319,0.770874
0.450684,-0.225342,1.005859
-0.301025,-0.213257,0.773193
-0.052124,0.148560,0.990112
0.241089,-0.445679,0.848877
-0.574951,0.095581,0.743652
0.439453,-0.169189,1.031372
-0.164062,-0.253662,0.789307
-0.159302,0.192505,0.959839
0.316040,-0.386597,0.898682
-0.568237,0.057373,0.741089
0.380127,-0.119995,1.027710
-0.058350,-0.356812,0.774658
-0.264160,0.200684,0.901611
0.385376,-0.373901,0.919312
-0.542114,-0.034058,0.727295
0.292358,-0.071167,1.001831
0.011230,-0.407593,0.759155
-0.357788,0.198242,0.856201
0.437134,-0.310303,0.947632
-0.501343,-0.073608,0.727295
0.152588,0.012329,0.984741
0.062134,-0.433594,0.778809
-0.421875,0.142334,0.831299
0.442871,-0.238159,0.988525
-0.436646,-0.087646,0.762451
0.055176,0.080444,0.995605
0.145508,-0.447632,0.808960
-0.523071,0.114014,0.782227
0.449219,-0.195557,1.011719
-0.305298,-0.171387,0.760376
-0.066772,0.192139,0.996826
0.256348,-0.430786,0.854370
-0.571899,0.065918,0.739502
0.434326,-0.191895,1.028809
-0.154785,-0.273682,0.782959
-0.182129,0.201294,0.939209
0.329468,-0.352051,0.915894
-0.570435,0.036865,0.749634
0.373535,-0.133789,1.030762
-0.054810,-0.377563,0.767212
-0.262939,0.197510,0.896240
0.380371,-0.309204,0.932739
-0.555054,0.006470,0.727173
0.260742,-0.098999,0.970947
0.029053,-0.440674,0.778931
-0.349609,0.141968,0.854858
0.429932,-0.269043,0.960571
-0.516968,0.009033,0.740967
0.135132,0.048828,0.975586
0.088623,-0.417603,0.798706
-0.463867,0.125366,0.805786
0.452515,-0.251343,0.998657
-0.400513,-0.108643,0.763672
0.018677,0.173584,1.008911
0.181152,-0.420654,0.816406
-0.551270,0.097900,0.763428
0.453857,-0.215698,1.028931
-0.288330,-0.205322,0.759766
-0.077271,0.209229,0.989868
0.263062,-0.389038,0.873657
-0.581421,0.067383,0.746338
0.418091,-0.201538,1.018921
-0.145508,-0.322632,0.769775
-0.174561,0.232056,0.952515
0.329590,-0.345093,0.914185
-0.578613,0.056885,0.744995
0.365601,-0.139526,1.019531
-0.048462,-0.392578,0.779541
-0.250854,0.181641,0.892090
0.370605,-0.288818,0.937134
-0.563721,-0.006226,0.726196
0.284912,-0.083740,0.989380
0.009033,-0.445801,0.750488
-0.349854,0.155884,0.835938
0.419678,-0.269287,0.951538
-0.510742,-0.016113,0.751221
0.154053,0.014893,0.990845
0.068359,-0.428833,0.790161
-0.440308,0.126587,0.823242
0.425293,-0.235962,0.983887
-0.416138,-0.109863,0.765137
0.043213,0.150635,1.009277
0.169556,-0.418823,0.826050
-0.550415,0.108887,0.766602
0.446289,-0.203369,1.029053
-0.281738,-0.218506,0.754150
-0.054932,0.211548,1.003296
0.254883,-0.383423,0.862549
-0.587769,0.093994,0.753906
0.426025,-0.189575,1.019043
-0.137329,-0.328491,0.772827
-0.174561,0.233521,0.942993
0.328125,-0.331665,0.905396
-0.577271,0.060669,0.747070
0.354370,-0.129272,1.021729
-0.066650,-0.420044,0.742065
-0.254150,0.193359,0.889038
0.380859,-0.307495,0.939331
-0.560181,0.004883,0.731812
0.288696,-0.070312,0.997925
-0.012695,-0.416504,0.758911
-0.356812,0.144165,0.836548
0.414673,-0.290771,0.954834
-0.497803,-0.035034,0.750000
0.156372,0.021973,0.988403
0.070068,-0.430420,0.789185
-0.458862,0.145142,0.819824
0.441772,-0.231323,0.991333
-0.407104,-0.103027,0.759644
0.027222,0.158813,1.010132
0.166992,-0.422729,0.821777
-0.553711,0.111938,0.775757
0.443359,-0.210083,1.017700
-0.282593,-0.219849,0.753052
-0.072266,0.248047,1.000244
0.255615,-0.346558,0.869507
-0.591919,0.067139,0.743164
0.426758,-0.212646,1.019775
-0.156250,-0.300171,0.775513
-0.155396,0.213501,0.935425
0.328247,-0.326416,0.906982
-0.595215,0.090332,0.746948
0.386963,-0.153320,1.015747
-0.065796,-0.394287,0.760986
-0.252686,0.184570,0.885132
0.371460,-0.302490,0.926025
-0.561035,0.053101,0.741943
0.301880,-0.090820,1.001221
-0.013550,-0.418213,0.771484
-0.337891,0.147217,0.851074
0.408325,-0.268311,0.949341
-0.528198,0.002441,0.734985
0.184204,-0.004272,0.989502
0.051025,-0.431030,0.781372
-0.409180,0.113892,0.824341
0.430176,-0.239746,0.975220
-0.483765,-0.040161,0.725586
0.100952,0.082153,0.995239
0.130981,-0.422852,0.818848
-0.509521,0.126831,0.789062
0.448975,-0.200073,1.011719
-0.374390,-0.127197,0.748291
-0.016113,0.179077,1.008301
0.225220,-0.435913,0.846680
-0.563354,0.082153,0.755249
0.435425,-0.161011,1.033813
-0.217163,-0.221436,0.762817
-0.136353,0.232056,0.968384
0.305054,-0.377441,0.885742
-0.584351,0.042603,0.740234
0.391968,-0.169678,1.011475
-0.101440,-0.327271,0.780640
-0.232544,0.235107,0.913330
0.362061,-0.311035,0.916260
-0.569214,0.025879,0.726807
0.312378,-0.092285,0.993530
-0.028687,-0.408691,0.763306
-0.325073,0.185791,0.862915
0.412842,-0.233032,0.974976
-0.479980,-0.058472,0.738281
0.058960,0.115234,1.011719
0.030151,-0.416870,0.773071
-0.537109,0.118286,0.799561
0.425415,-0.203369,1.006714
-0.338867,-0.181885,0.723389
-0.035645,0.208252,1.009155
0.209839,-0.357056,0.851807
-0.598755,0.089355,0.751221
0.413452,-0.198364,1.024536
-0.216064,-0.325562,0.718506
-0.115112,0.178345,0.955078
0.278687,-0.317383,0.871338
-0.642212,0.107178,0.723145
0.391113,-0.203613,1.005493
-0.117065,-0.408325,0.738159
-0.240967,0.163574,0.891968
0.325195,-0.328491,0.894775
-0.591431,0.121460,0.736084
0.309937,-0.093018,0.997925
-0.065308,-0.388550,0.762573
-0.356323,0.182495,0.869385
0.381714,-0.306519,0.928955
-0.561646,0.017578,0.712158
0.219360,-0.005737,0.982056
-0.015503,-0.396484,0.768921
-0.443848,0.194946,0.844482
0.404907,-0.275757,0.963257
-0.505737,-0.082520,0.715454
0.127197,0.100342,1.012939
0.032349,-0.388672,0.782349
-0.515503,0.202759,0.837891
0.433472,-0.260742,0.985474
-0.420166,-0.131226,0.750488
0.035889,0.141602,1.017700
0.097412,-0.386719,0.809326
-0.563477,0.180542,0.797119
0.446655,-0.242188,0.994385
-0.351562,-0.176880,0.730103
-0.035767,0.189819,1.008667
0.202759,-0.405273,0.840820
-0.591675,0.139893,0.780762
0.423828,-0.183716,1.017456
-0.277100,-0.235352,0.732300
-0.112305,0.183716,0.972046
0.274536,-0.411377,0.880249
-0.608887,0.114868,0.753174
0.402832,-0.134033,1.021973
-0.197754,-0.306396,0.713745
-0.190918,0.183960,0.942505
0.309692,-0.355957,0.909912
-0.601562,0.032227,0.726685
0.369995,-0.142944,1.040771
-0.148193,-0.366821,0.711548
-0.289917,0.218384,0.909424
0.370728,-0.334961,0.910767
-0.583618,0.032715,0.729858
0.306763,-0.102783,1.000244
-0.092163,-0.391846,0.744263
-0.368530,0.197510,0.861694
0.398438,-0.296387,0.942627
-0.576050,-0.020020,0.681519
0.197144,-0.017944,0.992554
-0.013428,-0.415405,0.771484
-0.435425,0.181519,0.860474
0.396484,-0.249756,0.968506
-0.508301,-0.053101,0.733154
0.097046,0.087158,1.014893
0.065063,-0.411499,0.804932
-0.519043,0.178711,0.837280
0.411987,-0.225952,0.992676
-0.433594,-0.098999,0.740112
0.018921,0.147949,1.012085
0.156738,-0.386719,0.838257
-0.584839,0.123901,0.783081
0.427612,-0.209595,1.018066
-0.313354,-0.218140,0.724976
-0.083374,0.207153,0.974731
0.237061,-0.384033,0.865356
-0.605469,0.099976,0.768799
0.413452,-0.170410,1.024414
-0.215698,-0.315796,0.712769
-0.180054,0.195679,0.947144
0.297119,-0.356323,0.890991
-0.619629,0.059204,0.733154
0.379028,-0.152954,1.031616
-0.158447,-0.368652,0.719971
-0.253052,0.205566,0.917969
0.340454,-0.339966,0.900513
-0.598877,0.027100,0.716064
0.325928,-0.107422,1.022583
-0.103027,-0.388428,0.725342
-0.352051,0.212891,0.875610
0.382080,-0.324951,0.925537
-0.564209,0.009033,0.722900
0.245117,-0.060913,1.001587
-0.045898,-0.408203,0.764648
-0.426392,0.202637,0.863403
0.407349,-0.289429,0.953613
-0.536865,-0.040771,0.708496
0.124512,0.049561,0.999878
0.028320,-0.413452,0.784058
-0.501099,0.184204,0.846924
0.406982,-0.252319,0.980591
-0.449707,-0.123901,0.721069
0.047974,0.130859,1.021729
0.114136,-0.385132,0.828125
-0.561157,0.163940,0.817261
0.424316,-0.238770,0.997314
-0.335571,-0.237427,0.733521
-0.049561,0.147339,0.982544
0.204712,-0.373657,0.857910
-0.592896,0.122437,0.780151
0.400146,-0.181641,1.009521
-0.228149,-0.339111,0.709839
-0.164551,0.166138,0.947876
0.282349,-0.345947,0.900391
-0.612671,0.073730,0.751343
0.364014,-0.178589,1.008789
-0.150269,-0.404175,0.720215
-0.263550,0.183105,0.910278
0.335205,-0.323730,0.917969
-0.612793,0.074219,0.727173
0.289795,-0.118652,1.002563
-0.073242,-0.402466,0.759155
-0.375610,0.177246,0.869751
0.367188,-0.282959,0.944214
-0.565430,-0.005371,0.696045
0.184814,-0.008789,0.996094
-0.003052,-0.385620,0.790283
-0.481079,0.181519,0.851074
0.407104,-0.260986,0.986572
-0.484619,-0.100952,0.700562
0.054688,0.126099,1.002686
0.097412,-0.370605,0.823364
-0.551758,0.159302,0.835815
0.411865,-0.244019,1.003418
-0.382446,-0.213379,0.717773
-0.013428,0.145752,1.001831
0.184082,-0.397705,0.841309
-0.589722,0.133545,0.799316
0.414673,-0.182007,1.029785
-0.262817,-0.273804,0.722412
-0.138062,0.168945,0.948364
0.266602,-0.377319,0.889160
-0.603271,0.069946,0.742310
0.397217,-0.154175,1.044922
-0.194824,-0.354370,0.698608
-0.237061,0.196777,0.945068
0.334717,-0.363770,0.906250
-0.601685,0.020264,0.733276
0.335449,-0.141602,1.021362
-0.134766,-0.389771,0.727295
-0.333618,0.211548,0.899780
0.383057,-0.338623,0.935913
-0.587402,0.025757,0.719971
0.236206,-0.067139,1.005737
-0.048584,-0.415649,0.762573
-0.426025,0.207153,0.876465
0.388916,-0.278198,0.960449
-0.545166,-0.043701,0.723511
0.139526,0.028320,1.011108
0.036743,-0.410034,0.808960
-0.526367,0.190186,0.842285
0.414307,-0.265625,0.995483
-0.442627,-0.134888,0.720093
0.039307,0.127197,1.010864
0.122559,-0.392700,0.828735
-0.579590,0.136963,0.793823
0.436646,-0.247437,1.010620
-0.338013,-0.240356,0.713623
-0.054199,0.182617,0.985107
0.212524,-0.363770,0.859619
-0.605103,0.083984,0.759888
0.417358,-0.227173,1.022827
-0.242798,-0.336304,0.696655
-0.133789,0.166016,0.961670
0.271973,-0.347168,0.885132
-0.617310,0.072754,0.736206
0.373413,-0.189331,1.000000
-0.181885,-0.364868,0.715698
-0.217529,0.130249,0.923706
0.316406,-0.350342,0.913086
-0.609009,0.050781,0.729492
0.321045,-0.137695,1.003662
-0.130737,-0.367432,0.735596
-0.315186,0.150391,0.899658
0.369629,-0.331055,0.939575
-0.593506,0.026367,0.718506
0.258911,-0.089966,1.009277
-0.096069,-0.372070,0.759277
-0.409058,0.211670,0.876587
0.398071,-0.297607,0.965698
-0.536011,-0.059570,0.715576
0.163208,0.010010,1.009766
-0.000977,-0.417114,0.788818
-0.479858,0.194214,0.858398
0.411133,-0.275391,0.979370
-0.508789,-0.097656,0.705811
0.082520,0.089844,1.025635
0.074463,-0.404541,0.816650
-0.544189,0.170410,0.830078
0.422363,-0.262695,1.004761
-0.425171,-0.167236,0.724121
0.016968,0.128052,1.011230
0.162964,-0.401245,0.841553
-0.591797,0.138916,0.799194
0.425049,-0.243896,1.010986
-0.321533,-0.293091,0.707886
-0.065063,0.149292,1.002808
0.225708,-0.393188,0.859741
-0.614136,0.114014,0.775146
0.418823,-0.215820,1.022949
-0.237427,-0.358276,0.696655
-0.174438,0.171631,0.963013
0.297119,-0.357910,0.903442
-0.600098,0.069458,0.757446
0.366089,-0.177979,1.014404
-0.192993,-0.372192,0.716797
-0.263794,0.170776,0.929077
0.349121,-0.338501,0.927490
-0.613770,0.031860,0.729370
0.304199,-0.110107,1.025024
-0.096802,-0.377441,0.765381
-0.358887,0.172241,0.907349
0.383545,-0.317139,0.962402
-0.564209,-0.053101,0.692139
0.190063,0.008911,1.020386
-0.009155,-0.397827,0.783447
-0.470337,0.185303,0.862427
0.421509,-0.286499,0.989380
-0.488159,-0.077759,0.745117
0.061035,0.104736,1.005737
0.111450,-0.390869,0.854980
-0.559570,0.118408,0.795654
0.428223,-0.240601,1.034302
-0.351074,-0.244263,0.710693
-0.034668,0.171631,1.000366
0.185669,-0.353760,0.850464
-0.587891,0.073486,0.773926
0.421387,-0.278198,1.012695
-0.236816,-0.367920,0.721680
-0.125610,0.128906,0.939453
0.246460,-0.337769,0.868286
-0.599243,0.085815,0.737671
0.392456,-0.234985,1.006836
-0.179077,-0.387207,0.730469
-0.223145,0.131592,0.934326
0.314087,-0.340210,0.903198
-0.605835,0.075684,0.736084
0.326904,-0.140869,1.014404
-0.123657,-0.378052,0.759399
-0.324341,0.141357,0.909912
0.375000,-0.365967,0.943970
-0.598022,0.027100,0.718750
0.262207,-0.050537,1.037720
-0.073730,-0.356201,0.776123
-0.399048,0.185181,0.888550
0.384277,-0.298584,0.972534
-0.542480,-0.076294,0.717407
0.198242,-0.020020,1.033203
-0.009155,-0.409790,0.779785
-0.477051,0.225342,0.866211
0.415405,-0.280884,0.992188
-0.494263,-0.141968,0.715820
0.114746,0.020752,1.016235
0.060547,-0.411865,0.824463
-0.533203,0.198486,0.833252
0.428955,-0.276611,0.997192
-0.428345,-0.196533,0.729736
0.018677,0.082397,1.011841
0.145264,-0.420898,0.841553
-0.553345,0.152588,0.812134
0.429321,-0.245728,1.004639
-0.355225,-0.199829,0.740967
-0.055298,0.116943,0.988403
0.227905,-0.427734,0.885010
-0.583374,0.070557,0.765625
0.420776,-0.175293,1.051270
-0.263062,-0.309326,0.708008
-0.161987,0.173462,0.967896
0.296753,-0.385620,0.899780
-0.573975,0.010376,0.745483
0.401245,-0.150024,1.063232
-0.198975,-0.350830,0.711304
-0.273682,0.192505,0.934570
0.357666,-0.358521,0.934204
-0.578613,-0.002563,0.746094
0.333374,-0.142212,1.043823
-0.135498,-0.391113,0.729126
-0.333374,0.174072,0.890869
0.382568,-0.314087,0.953003
-0.557251,-0.015503,0.737671
0.244873,-0.069214,1.040283
-0.051514,-0.410034,0.784424
-0.436768,0.191162,0.875977
0.400879,-0.287231,0.986328
-0.517090,-0.098389,0.716797
0.134644,0.036743,1.036621
0.075073,-0.425171,0.826172
-0.512329,0.154663,0.850098
0.410767,-0.244873,1.003296
-0.405396,-0.180176,0.740845
0.010498,0.132080,1.024536
0.178345,-0.400757,0.858887
-0.565063,0.090454,0.807007
0.417603,-0.222046,1.025024
-0.289062,-0.295166,0.720093
-0.082275,0.158813,0.991699
0.242432,-0.381714,0.868164
-0.585815,0.037720,0.750366
0.426514,-0.229126,1.041504
-0.199829,-0.375244,0.713135
-0.215454,0.163818,0.947876
0.305176,-0.339111,0.910767
-0.569458,0.016602,0.754150
0.377197,-0.182739,1.052368
-0.135010,-0.383545,0.759399
-0.312866,0.171875,0.901001
0.360352,-0.311401,0.954346
-0.564697,-0.012451,0.730225
0.265869,-0.090332,1.036011
-0.050781,-0.377686,0.805786
-0.414307,0.156250,0.880859
0.411255,-0.296631,0.995117
-0.530518,-0.072998,0.707275
0.140747,0.016113,1.029175
0.057617,-0.411743,0.825562
-0.475342,0.149170,0.856079
0.418213,-0.241821,1.017090
-0.445557,-0.153198,0.732544
0.046509,0.084961,1.014893
0.149902,-0.404053,0.852173
-0.547241,0.122070,0.819214
0.435181,-0.230957,1.036621
-0.329956,-0.273804,0.720825
-0.052979,0.157104,0.999512
0.224365,-0.389648,0.858398
-0.561890,0.067383,0.791504
0.429443,-0.227051,1.044434
-0.257812,-0.337769,0.705078
-0.134033,0.143677,0.968994
0.284180,-0.392822,0.889893
-0.574219,0.031250,0.754761
0.419067,-0.166504,1.066895
-0.192505,-0.344360,0.723145
-0.237915,0.165649,0.952759
0.331543,-0.379028,0.919556
-0.579346,-0.012939,0.735107
0.375122,-0.158691,1.068359
-0.135620,-0.359741,0.745117
-0.322388,0.189941,0.928345
0.369507,-0.325317,0.955322
-0.567505,-0.046387,0.715454
0.317627,-0.119263,1.060059
-0.069092,-0.392578,0.779907
-0.398438,0.191650,0.891113
0.405884,-0.305786,0.984009
-0.535400,-0.036621,0.738403
0.212402,-0.035889,1.044434
0.021362,-0.437988,0.797485
-0.453857,0.185425,0.875732
0.417847,-0.263672,1.003418
-0.490723,-0.097534,0.739258
0.098877,0.070679,1.043823
0.101562,-0.402466,0.849731
-0.495239,0.109863,0.839355
0.438965,-0.249878,1.023926
-0.391235,-0.204224,0.732300
0.021362,0.101929,1.020386
0.187744,-0.385376,0.868164
-0.538818,0.080688,0.803711
0.452881,-0.227051,1.051514
-0.306519,-0.276978,0.720703
-0.092407,0.121948,0.987793
0.268799,-0.406616,0.886597
-0.546509,0.040649,0.783203
0.425537,-0.167236,1.063599
-0.228394,-0.307495,0.714233
-0.192505,0.169556,0.969482
0.338379,-0.371216,0.927612
-0.562012,-0.013794,0.751953
0.403442,-0.181030,1.066772
-0.170166,-0.365601,0.726685
-0.276489,0.182007,0.951538
0.383301,-0.332397,0.960815
-0.570435,-0.009399,0.753052
0.315796,-0.128540,1.062378
-0.081787,-0.389038,0.777588
-0.344971,0.179932,0.906616
0.395020,-0.302612,0.985229
-0.529175,-0.041504,0.744507
0.238525,-0.065552,1.062500
-0.019775,-0.412354,0.802612
-0.422363,0.175903,0.893921
0.442139,-0.290161,1.003540
-0.481201,-0.102661,0.742188
0.114502,0.081665,1.051514
0.096558,-0.439087,0.836304
-0.472778,0.139648,0.868164
0.449585,-0.245117,1.042114
-0.401611,-0.165527,0.752563
0.024902,0.131958,1.034058
0.182983,-0.406128,0.859009
-0.520752,0.063965,0.826782
0.455200,-0.243408,1.049805
-0.290039,-0.252441,0.762451
-0.073486,0.162598,1.002686
0.260498,-0.403931,0.885254
-0.540771,0.013916,0.771118
0.440308,-0.195312,1.078125
-0.208740,-0.326294,0.736816
-0.169067,0.160767,0.985107
0.328735,-0.351562,0.929932
-0.558105,-0.000488,0.766724
0.386475,-0.184692,1.076538
-0.147461,-0.394165,0.756470
-0.273804,0.161377,0.937012
0.398926,-0.328491,0.969727
-0.547485,0.002930,0.743042
0.288452,-0.073486,1.078979
-0.046875,-0.407471,0.802368
-0.373047,0.163086,0.913208
0.433105,-0.304688,1.018311
-0.499634,-0.069702,0.737427
0.171265,0.016724,1.059326
0.069458,-0.400391,0.862793
-0.463135,0.125366,0.860962
0.440918,-0.262817,1.032471
-0.422363,-0.180786,0.752319
0.074707,0.095947,1.047607
0.174072,-0.393311,0.881592
-0.525391,0.105469,0.820679
0.447998,-0.237183,1.047241
-0.280518,-0.302734,0.758301
-0.014160,0.121338,1.029419
0.240356,-0.389404,0.887573
-0.552612,0.050781,0.788696
0.460938,-0.218628,1.069092
-0.217041,-0.338867,0.739136
-0.152588,0.150757,0.989990
0.329224,-0.387573,0.925537
-0.547119,0.017456,0.767944
0.397705,-0.147583,1.074707
-0.170044,-0.342407,0.756958
-0.233276,0.155151,0.976440
0.388550,-0.372681,0.959961
-0.545898,-0.041870,0.744629
0.328491,-0.064819,1.084839
-0.106689,-0.334351,0.775146
-0.327637,0.175781,0.932251
0.449341,-0.357056,1.016724
-0.513916,-0.109009,0.752075
0.255249,-0.051025,1.081421
-0.000732,-0.366699,0.819946
-0.429443,0.185669,0.882202
0.462646,-0.288818,1.036133
-0.460571,-0.144531,0.750977
0.152954,0.005371,1.063843
0.129639,-0.408081,0.869019
-0.489502,0.157959,0.855957
0.454590,-0.224243,1.046021
-0.345337,-0.235474,0.770752
0.020386,0.101929,1.049072
0.227539,-0.426025,0.898560
-0.528809,0.044800,0.787720
0.466797,-0.204346,1.079224
-0.223633,-0.307617,0.753540
-0.090088,0.159424,1.040894
0.286621,-0.386353,0.902832
-0.531372,0.001099,0.781250
0.451538,-0.205078,1.085205
-0.159302,-0.327881,0.765503
-0.226074,0.171143,0.979614
0.366211,-0.335083,0.983276
-0.543823,-0.024536,0.772827
0.373535,-0.144287,1.096191
-0.101685,-0.339722,0.801025
-0.317139,0.189941,0.945312
0.440796,-0.336426,1.005859
-0.522217,-0.036377,0.756226
0.249756,-0.050049,1.070801
0.019409,-0.399048,0.827637
-0.387085,0.180420,0.914185
0.452759,-0.263794,1.047607
-0.460449,-0.108276,0.756348
0.161255,0.034424,1.074341
0.125122,-0.416748,0.868652
-0.483521,0.142822,0.865112
0.482300,-0.274658,1.048828
-0.383545,-0.192871,0.763306
0.040527,0.118774,1.050537
0.213989,-0.384888,0.887085
-0.512329,0.059448,0.812622
0.472290,-0.242676,1.071655
-0.253296,-0.320679,0.760132
-0.040527,0.128540,1.024658
0.272583,-0.356567,0.915527
-0.545654,0.022583,0.768677
0.463257,-0.209106,1.102661
-0.171509,-0.379272,0.755981
-0.163818,0.162598,0.997925
0.342163,-0.338867,0.953125
-0.532959,-0.017334,0.765869
0.403687,-0.171509,1.090820
-0.103271,-0.376831,0.792603
-0.277832,0.173340,0.966553
0.400757,-0.321899,0.991577
-0.528931,-0.017090,0.758179
0.317017,-0.089600,1.091431
-0.019043,-0.392944,0.825195
-0.330444,0.171265,0.936646
0.423950,-0.279785,1.022461
-0.487061,-0.089355,0.751221
0.227051,-0.033203,1.085693
0.071045,-0.395020,0.867065
-0.424316,0.156494,0.903442
0.470947,-0.256470,1.060425
-0.414551,-0.160522,0.765381
0.110962,0.070435,1.056641
0.165527,-0.400879,0.887817
-0.465698,0.073486,0.844482
0.483398,-0.220581,1.089233
-0.317505,-0.230103,0.762329
0.000977,0.141602,1.047119
0.244873,-0.396240,0.895996
-0.497192,0.009033,0.805542
0.469482,-0.208740,1.103638
-0.203857,-0.334106,0.766113
-0.086182,0.147583,1.011230
0.314331,-0.365723,0.927002
-0.555054,0.010010,0.782471
0.445435,-0.228516,1.091797
-0.137329,-0.390747,0.784180
-0.174561,0.171387,1.002808
0.364868,-0.322754,0.958374
-0.535156,0.021606,0.771484
0.370361,-0.120483,1.091309
-0.057983,-0.377686,0.822388
-0.285278,0.137939,0.954590
0.407349,-0.305664,1.010986
-0.499023,-0.042236,0.763550
0.309692,-0.025146,1.111938
0.012329,-0.351074,0.855225
-0.379028,0.177490,0.924316
0.454712,-0.325073,1.033325
-0.455566,-0.161133,0.755859
0.220581,-0.009399,1.095215
0.099854,-0.377930,0.860840
-0.457031,0.180298,0.884033
0.476196,-0.239990,1.071533
-0.390259,-0.210449,0.778809
0.101196,0.025391,1.051758
0.209473,-0.421997,0.900757
-0.492798,0.118774,0.831665
0.487549,-0.187988,1.090942
-0.280396,-0.237793,0.782715
-0.014893,0.118530,1.054443
0.284302,-0.408081,0.928955
-0.514526,0.025635,0.802612
0.471802,-0.166138,1.112427
-0.176758,-0.309937,0.786743
-0.120605,0.151855,1.016113
0.343262,-0.359131,0.954590
-0.523315,-0.017334,0.779541
0.434570,-0.162109,1.120605
-0.121094,-0.335815,0.795410
-0.220215,0.179688,0.997437
0.400391,-0.314453,0.992920
-0.524536,-0.020264,0.769653
0.361938,-0.110596,1.118896
-0.031128,-0.355469,0.847046
-0.332886,0.166016,0.936890
0.465698,-0.304932,1.052124
-0.474976,-0.088257,0.757324
0.238037,-0.000122,1.099976
0.081543,-0.402222,0.865601
-0.401123,0.141846,0.902954
0.473755,-0.256226,1.073242
-0.403564,-0.167480,0.763794
0.133545,0.083252,1.079590
0.180664,-0.411133,0.886108
-0.478882,0.109863,0.863770
0.508667,-0.262207,1.085571
-0.303345,-0.262573,0.784546
0.024170,0.158325,1.072266
0.239746,-0.348877,0.915039
-0.493408,0.040405,0.822144
0.506470,-0.244141,1.109497
-0.199951,-0.326660,0.797607
-0.070679,0.109009,1.022339
0.307129,-0.382812,0.933838
-0.515503,0.031982,0.794678
0.457153,-0.160522,1.118896
-0.138916,-0.364380,0.787964
-0.154663,0.155762,1.026245
0.376221,-0.369995,0.971069
-0.531250,0.025146,0.790405
0.401245,-0.134644,1.103760
-0.079712,-0.350586,0.823853
-0.245728,0.170776,1.003052
0.434448,-0.344238,1.018677
-0.510986,-0.054321,0.777710
0.325317,-0.045410,1.114502
-0.030884,-0.332275,0.824829
-0.308350,0.170410,0.957153
0.483643,-0.302002,1.059570
-0.454590,-0.134277,0.761719
0.245239,-0.033447,1.086670
0.071167,-0.375610,0.868286
-0.393433,0.135498,0.899658
0.505981,-0.269653,1.092163
-0.402710,-0.182373,0.782715
0.114258,0.066650,1.079346
0.186401,-0.417969,0.894287
-0.451538,0.104492,0.880005
0.519653,-0.240234,1.102905
-0.290894,-0.237427,0.805298
-0.006348,0.148926,1.049683
0.270630,-0.403198,0.925415
-0.463501,0.025757,0.838013
0.491699,-0.191528,1.118896
-0.179810,-0.298828,0.812622
-0.078003,0.140991,1.037354
0.338135,-0.386597,0.939697
-0.509766,0.005493,0.802368
0.469360,-0.159790,1.123901
-0.108887,-0.332520,0.804565
-0.178589,0.187378,1.013794
0.382080,-0.320557,0.987183
-0.510498,-0.019897,0.783447
0.404053,-0.116699,1.127197
-0.048950,-0.361206,0.836304
-0.272827,0.187988,0.994019
0.436890,-0.286011,1.048462
-0.482788,-0.056763,0.758179
0.319336,-0.017212,1.135986
0.060913,-0.389771,0.882812
-0.383179,0.181519,0.955078
0.495605,-0.312134,1.066040
-0.427612,-0.111694,0.775024
0.202515,0.084839,1.119385
0.154663,-0.373047,0.908203
-0.445312,0.107666,0.896729
0.516846,-0.302612,1.095703
-0.362549,-0.229736,0.775879
0.110474,0.144653,1.096436
0.207153,-0.297241,0.920776
-0.478516,0.081787,0.862549
0.524780,-0.296265,1.108398
-0.238159,-0.334717,0.806396
0.010986,0.117188,1.062744
0.258911,-0.363403,0.919800
-0.495483,0.035034,0.807617
0.503174,-0.212891,1.113159
-0.164185,-0.345703,0.809814
-0.074219,0.123779,1.025269
0.355591,-0.374146,0.961060
-0.503052,0.014648,0.803589
0.455444,-0.112671,1.138672
-0.112549,-0.357910,0.798584
-0.182251,0.172852,1.019043
0.419312,-0.370728,1.006714
-0.506348,-0.036255,0.795532
0.409546,-0.068604,1.145874
-0.074219,-0.294312,0.832397
-0.266602,0.218018,0.997314
0.460938,-0.337158,1.047363
-0.475464,-0.128418,0.782349
0.329102,-0.063721,1.133423
0.007202,-0.335938,0.859375
-0.328735,0.192749,0.947998
0.483154,-0.279419,1.069214
-0.428101,-0.157959,0.777832
0.251587,-0.013428,1.112183
0.111694,-0.389648,0.894043
-0.401733,0.145020,0.890137
0.499878,-0.241211,1.093506
-0.372437,-0.215210,0.770386
0.143188,0.042969,1.093994
0.204468,-0.425781,0.902466
-0.458984,0.103149,0.877686
0.531250,-0.242920,1.104492
-0.277710,-0.217651,0.815308
0.002319,0.164551,1.076172
0.298462,-0.404663,0.942993
-0.477539,0.015869,0.834351
0.509033,-0.241211,1.118896
-0.180298,-0.302490,0.820068
-0.070312,0.177368,1.045044
0.342407,-0.358765,0.971069
-0.492065,-0.013428,0.796875
0.479858,-0.162598,1.160645
-0.100464,-0.377075,0.812500
-0.150635,0.173096,1.028198
0.379517,-0.305420,0.992676
-0.526245,-0.020264,0.781616
0.428467,-0.162598,1.128418
-0.045654,-0.399048,0.834106
-0.229004,0.198730,1.023926
0.455688,-0.291626,1.046143
-0.506714,-0.001953,0.770020
0.330200,-0.063354,1.119019
0.065308,-0.423828,0.874878
-0.325562,0.148926,0.959839
0.495483,-0.276489,1.091064
-0.439209,-0.120850,0.772095
0.223755,0.040161,1.117432
0.128174,-0.395752,0.904541
-0.404663,0.118164,0.921509
0.522705,-0.266968,1.116333
-0.382568,-0.212769,0.776367
0.136108,0.116943,1.104980
0.229980,-0.411377,0.919189
-0.457642,0.030884,0.856201
0.523193,-0.166626,1.171631
-0.064087,-0.339600,0.877441
-0.084961,0.227173,1.088501
0.409668,-0.372559,1.009888
-0.434814,-0.021606,0.852783
0.494141,-0.144287,1.178101
-0.027954,-0.373901,0.868164
-0.145996,0.226929,1.062622
0.447998,-0.315430,1.053589
-0.452515,-0.034302,0.829956
0.445679,-0.125977,1.168701
0.027222,-0.400391,0.889526
-0.221680,0.218872,1.039673
0.480469,-0.274292,1.088379
-0.444458,-0.046143,0.812500
0.378418,-0.047852,1.167969
0.093872,-0.414551,0.922241
-0.292847,0.175659,1.025146
0.529297,-0.268311,1.137695
-0.397949,-0.114502,0.811157
0.276367,0.066284,1.160645
0.168335,-0.405640,0.928955
-0.316162,0.115479,0.973022
0.557861,-0.249268,1.153198
-0.358276,-0.175903,0.812744
0.188965,0.076904,1.129028
0.248657,-0.412231,0.963745
-0.387451,0.110718,0.912476
0.555908,-0.226807,1.147705
-0.288696,-0.198975,0.834595
0.107300,0.104736,1.114624
0.318726,-0.386841,0.989868
-0.430298,0.070557,0.870850
0.530640,-0.163208,1.157715
-0.164673,-0.276245,0.866211
-0.012329,0.172241,1.093994
0.393555,-0.397827,1.008789
-0.435303,0.010254,0.863770
0.500244,-0.106445,1.164673
-0.027954,-0.307983,0.875854
-0.109497,0.198608,1.068237
0.435913,-0.315186,1.060059
-0.444946,-0.101440,0.812256
0.450439,-0.085693,1.185059
0.013672,-0.339600,0.888062
-0.200195,0.213013,1.045166
0.500732,-0.279907,1.107910
-0.448486,-0.090332,0.803467
0.357666,-0.055298,1.148560
0.113281,-0.370850,0.934204
-0.283936,0.178711,0.992432
0.528564,-0.228271,1.136353
-0.366821,-0.159912,0.815796
0.232666,0.036011,1.131104
0.216309,-0.459473,0.933960
-0.370117,0.108887,0.921997
0.567505,-0.203857,1.162476
-0.281738,-0.204834,0.836426
0.095337,0.152588,1.121216
0.317261,-0.426636,0.970215
-0.422241,0.059204,0.889160
0.541504,-0.198608,1.162598
-0.175903,-0.285156,0.857178
-0.007446,0.229614,1.121582
0.374023,-0.373413,0.993286
-0.468384,0.002686,0.844727
0.522095,-0.206543,1.160034
-0.031738,-0.393188,0.872314
-0.093994,0.210327,1.075684
0.420288,-0.319946,1.037720
-0.464600,-0.025757,0.832642
0.466675,-0.154297,1.169922
0.001343,-0.394531,0.894409
-0.156738,0.167969,1.053833
0.468750,-0.272095,1.091309
-0.469238,-0.025513,0.808838
0.409668,-0.056030,1.168457
0.075073,-0.388550,0.914307
-0.260498,0.185303,1.034058
0.524536,-0.280151,1.134155
-0.431519,-0.081665,0.787964
0.320312,0.009155,1.163574
0.153564,-0.384155,0.929199
-0.308716,0.166138,1.002319
0.560913,-0.265503,1.144653
-0.382690,-0.133057,0.819458
0.220337,0.064575,1.127441
0.231934,-0.408447,0.954468
-0.357300,0.132568,0.924072
0.568726,-0.234131,1.145142
-0.312744,-0.197632,0.822510
0.129272,0.113525,1.118164
0.315063,-0.434082,0.982910
-0.408081,0.100708,0.900024
0.534180,-0.183105,1.145386
-0.227905,-0.242310,0.847046
0.038086,0.154175,1.093140
0.357544,-0.393433,0.996582
-0.437744,0.031738,0.862427
0.535522,-0.129272,1.185547
-0.114502,-0.284790,0.868286
-0.074585,0.217773,1.092896
0.417358,-0.373413,1.024170
-0.440430,-0.037598,0.838013
0.504639,-0.125732,1.183228
-0.004517,-0.329590,0.888794
-0.152466,0.250610,1.078979
0.462524,-0.339233,1.050171
-0.442871,-0.054443,0.832153
0.446167,-0.067505,1.186646
0.037476,-0.349121,0.907715
-0.236328,0.244751,1.048706
0.501343,-0.287964,1.102173
-0.420898,-0.122437,0.800415
0.362061,-0.041992,1.161621
0.118286,-0.362793,0.938354
-0.301392,0.216431,1.007568
0.546631,-0.268799,1.120605
-0.369019,-0.150513,0.826050
0.239746,0.029297,1.135986
0.213013,-0.421509,0.955933
-0.353394,0.116699,0.905884
0.552490,-0.198120,1.155762
-0.285278,-0.198975,0.843994
0.115967,0.104614,1.104980
0.312378,-0.454346,0.987793
-0.429443,0.073242,0.889404
0.548340,-0.158203,1.175049
-0.178467,-0.257324,0.858276
-0.018921,0.214722,1.098511
0.401489,-0.405273,1.005005
-0.454346,-0.002808,0.843384
0.500977,-0.138428,1.170044
-0.041138,-0.310181,0.889404
-0.096436,0.222656,1.081177
0.441406,-0.324951,1.051758
-0.450928,-0.043579,0.835083
0.452271,-0.114868,1.178589
0.010864,-0.380249,0.885620
-0.205200,0.240845,1.061279
0.493408,-0.281738,1.090942
-0.427734,-0.065063,0.815674
0.356323,-0.035522,1.161865
0.118652,-0.390625,0.922974
-0.286499,0.189331,1.010620
0.533325,-0.238159,1.139893
-0.369629,-0.167969,0.819458
0.214600,0.060913,1.122070
0.242310,-0.438354,0.952881
-0.373413,0.101562,0.914185
0.552368,-0.209351,1.152588
-0.269043,-0.211548,0.842407
0.106689,0.125122,1.116333
0.312256,-0.415283,0.984131
-0.437500,0.070068,0.870117
0.548584,-0.199219,1.160278
-0.173096,-0.244995,0.866089
-0.005859,0.219360,1.114990
0.386475,-0.381958,1.014160
-0.453979,0.019287,0.852295
0.511353,-0.155518,1.163208
-0.037964,-0.316162,0.885986
-0.094849,0.227661,1.093506
0.431152,-0.330933,1.050537
-0.458374,-0.053955,0.831543
0.459351,-0.117065,1.174072
0.012817,-0.325562,0.899292
-0.176392,0.218994,1.068359
0.486694,-0.287354,1.092041
-0.444824,-0.057861,0.813965
0.374756,-0.052856,1.155762
0.092896,-0.390137,0.928711
-0.261230,0.203613,1.037598
0.522949,-0.250122,1.127197
-0.399780,-0.106689,0.809326
0.276245,0.001953,1.126709
0.190430,-0.433350,0.931885
-0.326050,0.129517,0.951660
0.551514,-0.231323,1.152466
-0.317993,-0.182129,0.836670
0.148926,0.099243,1.109131
0.277832,-0.428345,0.961914
-0.392578,0.067749,0.888428
0.557251,-0.196167,1.174316
-0.235474,-0.231323,0.844238
0.037720,0.187378,1.093506
0.360474,-0.396362,0.997314
-0.444702,0.026855,0.864014
0.546631,-0.180176,1.172119
-0.115601,-0.285767,0.890259
-0.066895,0.221680,1.089233
0.418579,-0.373779,1.019653
-0.456543,0.007324,0.846680
0.487549,-0.131592,1.166260
-0.002563,-0.378052,0.880737
-0.105225,0.181641,1.087646
0.447388,-0.316406,1.050659
-0.475830,-0.011353,0.824463
0.440674,-0.098145,1.164673
0.040894,-0.387817,0.908203
-0.221558,0.223999,1.058105
0.498901,-0.286377,1.104248
-0.442505,-0.054321,0.816162
0.368530,-0.056519,1.152954
0.092285,-0.378784,0.926514
-0.256958,0.164551,1.012085
0.541260,-0.253784,1.131226
-0.404663,-0.108887,0.814575
0.285889,0.023682,1.144043
0.171509,-0.418579,0.930054
-0.307251,0.113892,0.957764
0.564575,-0.254028,1.142212
-0.355103,-0.139160,0.826904
0.181396,0.084595,1.118774
0.271118,-0.431030,0.962769
-0.384888,0.091553,0.896240
0.550903,-0.208862,1.146973
-0.264648,-0.204102,0.858887
0.076172,0.144897,1.106689
0.336426,-0.409058,0.993774
-0.427490,0.043945,0.870728
0.539429,-0.159790,1.180054
-0.158936,-0.265381,0.871826
-0.027710,0.205444,1.086304
0.398438,-0.382324,1.012329
-0.427856,-0.021606,0.843262
0.494385,-0.125000,1.180054
-0.024536,-0.315796,0.894653
-0.112671,0.219116,1.081787
0.453125,-0.353394,1.047119
-0.457275,-0.045410,0.833618
0.451416,-0.084473,1.182739
0.027588,-0.333252,0.896240
-0.191162,0.245361,1.061279
0.495850,-0.283691,1.089966
-0.444702,-0.082520,0.809448
0.374878,-0.065063,1.151489
0.100220,-0.391968,0.925171
-0.290283,0.215576,1.006470
0.543579,-0.247925,1.135010
-0.364136,-0.145386,0.818604
0.247314,0.019287,1.126465
0.196045,-0.418701,0.942261
-0.326904,0.099243,0.934570
0.566772,-0.222534,1.151123
-0.295044,-0.194336,0.835449
0.122192,0.122070,1.101318
0.307861,-0.421875,0.982056
-0.412964,0.053101,0.877441
0.543945,-0.176636,1.164307
-0.187988,-0.244629,0.860718
0.006104,0.198853,1.098022
0.380005,-0.388428,1.009644
-0.450684,0.009399,0.847656
0.502319,-0.134277,1.177490
-0.040649,-0.327881,0.883789
-0.092896,0.221191,1.098755
0.440063,-0.332520,1.040161
-0.462280,-0.022583,0.825195
0.450317,-0.093140,1.172974
0.032593,-0.371582,0.894775
-0.192383,0.211914,1.043335
0.492554,-0.282837,1.092773
-0.421631,-0.070557,0.818359
0.352417,-0.006836,1.157349
0.122192,-0.372559,0.924927
-0.295166,0.207275,1.010132
0.537842,-0.257568,1.137085
-0.369751,-0.184082,0.823242
0.241943,0.001953,1.125854
0.224487,-0.423462,0.953369
-0.367554,0.154907,0.922974
0.555908,-0.201904,1.142700
-0.268799,-0.202393,0.846191
0.084473,0.101685,1.094482
0.317017,-0.446411,0.983887
-0.424194,0.069702,0.878418
0.550049,-0.172485,1.167725
-0.158936,-0.258179,0.865112
-0.048828,0.220337,1.090088
0.415527,-0.397339,1.018555
-0.440186,-0.025269,0.839478
0.482178,-0.116699,1.179077
-0.005005,-0.335571,0.895386
-0.122803,0.213867,1.085205
0.459595,-0.319946,1.066895
-0.472900,-0.028320,0.816528
0.421143,-0.081055,1.176270
0.044312,-0.412109,0.885498
-0.208862,0.207642,1.062134
0.505127,-0.270752,1.106567
-0.438599,-0.054199,0.828979
0.329224,-0.013916,1.139526
0.154297,-0.431152,0.936157
-0.320557,0.145752,0.969727
0.543945,-0.243774,1.149780
-0.347778,-0.168091,0.822510
0.206299,0.098877,1.128174
0.241211,-0.430054,0.945068
-0.383423,0.090576,0.910400
0.564697,-0.227661,1.162964
-0.278198,-0.221313,0.826904
0.093628,0.169678,1.118652
0.314087,-0.407715,0.967407
-0.439575,0.062012,0.870483
0.564941,-0.211914,1.169922
-0.168579,-0.325806,0.843628
-0.015991,0.209473,1.096191
0.381104,-0.374390,1.004150
-0.457520,0.029541,0.839233
0.521118,-0.161499,1.159180
-0.056396,-0.317139,0.895264
-0.069092,0.181885,1.085571
0.412354,-0.323853,1.027710
-0.472290,0.014771,0.824463
0.466675,-0.118408,1.161621
0.023438,-0.395996,0.890381
-0.149902,0.199951,1.081421
0.485962,-0.318970,1.088013
-0.464600,-0.018311,0.818848
0.372437,-0.036987,1.144897
0.063110,-0.376221,0.894897
-0.201050,0.150879,1.033081
0.516479,-0.251953,1.143921
-0.428955,-0.118042,0.805420
0.321411,-0.006226,1.144531
0.144287,-0.379639,0.918335
-0.300537,0.189819,0.994751
0.557617,-0.263794,1.139771
-0.384155,-0.169678,0.810059
0.232666,0.023071,1.118042
0.235718,-0.403442,0.950439
-0.370972,0.124634,0.910889
0.570923,-0.229858,1.154785
-0.284302,-0.242065,0.823853
0.102173,0.127075,1.097168
0.305664,-0.454712,0.962646
-0.434326,0.065430,0.881104
0.564575,-0.206909,1.165405
-0.209839,-0.233765,0.865234
0.034058,0.211914,1.127319
0.333862,-0.387329,0.981812
-0.431274,0.025513,0.870605
0.545044,-0.212280,1.168823
-0.131714,-0.290283,0.883911
-0.042969,0.212891,1.079224
0.390137,-0.346069,1.015869
-0.438965,-0.011108,0.848877
0.516113,-0.151123,1.184082
-0.029785,-0.356934,0.872681
-0.098267,0.215942,1.084839
0.437500,-0.329468,1.049072
-0.465576,-0.029907,0.834595
0.452881,-0.122681,1.155640
0.023193,-0.418945,0.882324
-0.143921,0.189331,1.064453
0.468994,-0.278076,1.090942
-0.448486,-0.046875,0.815186
0.390991,-0.065430,1.158081
0.054199,-0.407349,0.901001
-0.236816,0.183350,1.043701
0.519043,-0.257446,1.134155
-0.420044,-0.109253,0.801758
0.337280,0.006104,1.154663
0.121094,-0.388916,0.927979
-0.280762,0.165161,1.003662
0.535400,-0.256470,1.147949
-0.392212,-0.147949,0.796265
0.276611,0.031982,1.138794
0.178711,-0.384033,0.941772
-0.341064,0.144897,0.953125
0.565063,-0.262085,1.139282
-0.352173,-0.180786,0.812134
0.199951,0.059937,1.112671
0.266602,-0.428833,0.957397
-0.398438,0.122192,0.895752
0.562988,-0.212891,1.150879
-0.275513,-0.225464,0.832153
0.098755,0.122314,1.107788
0.342896,-0.425415,0.999390
-0.442261,0.095459,0.873169
0.533081,-0.176270,1.157349
-0.197021,-0.248657,0.853271
0.028320,0.164429,1.111572
0.385254,-0.405151,1.013428
-0.476440,0.068481,0.842041
0.533691,-0.165527,1.162720
-0.093018,-0.283813,0.890991
-0.091553,0.226318,1.099487
0.421631,-0.371582,1.030884
-0.446899,-0.014160,0.837158
0.485474,-0.146240,1.171143
0.002563,-0.328979,0.908325
-0.156494,0.232300,1.053711
0.476196,-0.314087,1.075073
-0.434570,-0.055542,0.813110
0.406738,-0.062378,1.155518
0.033081,-0.397095,0.885376
-0.199341,0.184814,1.044434
0.511841,-0.271851,1.115112
-0.437866,-0.064331,0.801636
0.346558,-0.030762,1.144653
0.117920,-0.420410,0.907715
-0.278076,0.163940,1.011108
0.563965,-0.263062,1.137573
-0.391968,-0.115234,0.816650
0.218506,0.086060,1.128540
0.208618,-0.448853,0.936890
-0.341187,0.071289,0.942139
0.559204,-0.242676,1.163330
-0.314575,-0.211914,0.819946
0.134399,0.138062,1.120728
0.287964,-0.411255,0.958618
-0.429443,0.062622,0.878540
0.578735,-0.257324,1.156738
-0.219604,-0.237793,0.866333
0.037231,0.209961,1.100708
0.348755,-0.365723,0.998657
-0.460938,0.041992,0.848877
0.524170,-0.233032,1.148193
-0.114624,-0.345825,0.867798
-0.023682,0.183716,1.098389
0.392456,-0.326904,1.005615
-0.478516,0.046387,0.824829
0.488281,-0.140869,1.155151
0.015991,-0.374512,0.909058
-0.115967,0.172485,1.077515
0.450806,-0.320435,1.065308
-0.477661,-0.011963,0.802002
0.408447,-0.072510,1.155518
0.054688,-0.402588,0.900879
-0.196411,0.205200,1.061035
0.497314,-0.259766,1.109863
-0.437500,-0.047241,0.800049
0.337769,-0.005859,1.138306
0.116333,-0.408813,0.931030
-0.291748,0.148804,1.012817
0.560181,-0.282471,1.156250
-0.374268,-0.134277,0.815674
0.222046,0.124512,1.142090
0.199097,-0.391602,0.937988
-0.371460,0.095093,0.929443
0.588013,-0.293213,1.157227
-0.322144,-0.242065,0.813110
0.122192,0.151855,1.123657
0.303955,-0.420288,0.961304
-0.429443,0.059204,0.866455
0.558472,-0.257202,1.148071
-0.200806,-0.304810,0.862427
0.038208,0.176025,1.101562
0.333496,-0.350342,0.989990
-0.463989,0.038696,0.840332
0.539795,-0.201172,1.162109
-0.065796,-0.379150,0.882812
-0.049927,0.188354,1.090210
0.401001,-0.324219,1.025513
-0.473999,0.039307,0.823242
0.473022,-0.152100,1.144287
0.012207,-0.390869,0.905762
-0.121338,0.175781,1.090942
0.454956,-0.315796,1.065918
-0.477417,-0.011475,0.812500
0.412964,-0.065552,1.156128
0.042236,-0.405396,0.886353
-0.194214,0.180420,1.058105
0.490723,-0.261108,1.113403
-0.439941,-0.094360,0.788696
0.353027,-0.036743,1.142456
0.125244,-0.418213,0.913574
-0.317505,0.213013,0.997437
0.526611,-0.245117,1.128418
-0.347290,-0.158691,0.829468
0.264160,0.030640,1.139038
0.187012,-0.399780,0.941772
-0.354248,0.119751,0.913696
0.554565,-0.228882,1.136108
-0.310547,-0.178101,0.829102
0.147705,0.116333,1.121948
0.300415,-0.456055,0.960327
-0.426392,0.090942,0.876587
0.537720,-0.209351,1.138306
-0.216309,-0.237671,0.850464
0.036133,0.192627,1.115723
0.379395,-0.391113,1.000488
-0.457520,0.046021,0.854126
0.506958,-0.150635,1.149048
-0.069214,-0.313965,0.882080
-0.070068,0.215942,1.093994
0.422974,-0.348511,1.028198
-0.470581,-0.009033,0.831421
0.462891,-0.124512,1.171753
0.027344,-0.400269,0.882568
-0.168091,0.209106,1.054932
0.467041,-0.310547,1.070557
-0.454712,-0.033813,0.821655
0.394653,-0.054565,1.155884
0.083252,-0.382202,0.921021
-0.261108,0.206665,1.031494
0.508545,-0.255249,1.117676
-0.400635,-0.135620,0.814087
0.283447,0.003296,1.141113
0.181030,-0.428101,0.937256
-0.337402,0.162109,0.953735
0.547241,-0.239380,1.127808
-0.338501,-0.160278,0.827148
0.169678,0.084961,1.116577
0.291870,-0.439575,0.970825
-0.405151,0.095215,0.890747
0.538696,-0.205322,1.138550
-0.248169,-0.221191,0.849487
0.050171,0.146362,1.098022
0.371826,-0.411133,1.011353
-0.452881,0.056152,0.854248
0.505615,-0.120483,1.169067
-0.116455,-0.276245,0.868652
-0.050537,0.203247,1.102539
0.426392,-0.373535,1.033936
-0.468384,0.003906,0.842529
0.469849,-0.102661,1.161133
0.013306,-0.338623,0.895142
-0.159668,0.220337,1.071899
0.479492,-0.321167,1.079102
-0.438843,-0.054199,0.824341
0.383667,-0.050537,1.149902
0.065674,-0.387085,0.905396
-0.261841,0.187500,1.020508
0.523438,-0.253662,1.125610
-0.375244,-0.127441,0.826660
0.267700,0.047974,1.138672
0.173584,-0.415161,0.928101
-0.327393,0.079834,0.929565
0.544434,-0.215942,1.158447
-0.326538,-0.186523,0.829102
0.139282,0.108032,1.108887
0.324707,-0.442505,0.970215
-0.422974,0.090210,0.866455
0.526367,-0.172119,1.138306
-0.163086,-0.239990,0.874756
-0.024170,0.207397,1.085449
0.380981,-0.370117,1.009766
-0.448242,-0.027344,0.827515
0.494263,-0.136597,1.177368
-0.010132,-0.344482,0.880005
-0.130249,0.234375,1.076416
0.445312,-0.301392,1.053711
-0.452393,-0.080200,0.816528
0.418335,-0.089600,1.167358
0.046997,-0.381592,0.895874
-0.243164,0.222534,1.039185
0.506592,-0.245972,1.110352
-0.405884,-0.107544,0.812622
0.307373,-0.029663,1.141113
0.162476,-0.424072,0.922729
-0.326660,0.151245,0.951416
0.544067,-0.201782,1.156372
-0.328735,-0.195679,0.806519
0.150024,0.095459,1.108154
0.288208,-0.458496,0.957886
-0.410889,0.092651,0.878174
0.542603,-0.183228,1.150879
-0.226440,-0.229980,0.854126
0.011963,0.165405,1.083496
0.369751,-0.400024,1.005005
-0.450928,0.026489,0.848999
0.519287,-0.145996,1.172485
-0.076904,-0.310913,0.880005
-0.099731,0.189819,1.065918
0.428955,-0.348877,1.036621
-0.438232,-0.021484,0.830688
0.440186,-0.074463,1.165039
0.031128,-0.351929,0.905762
-0.179810,0.212524,1.068848
0.487793,-0.331543,1.076660
-0.422363,-0.098755,0.812012
0.353882,-0.010986,1.150024
0.091553,-0.352783,0.907349
-0.264648,0.195801,1.033569
0.523560,-0.267578,1.120483
-0.378662,-0.157471,0.821899
0.259399,0.045776,1.135498
0.192871,-0.403442,0.932861
-0.341309,0.133301,0.937500
0.557129,-0.235107,1.137451
-0.317749,-0.194214,0.836914
0.116333,0.070557,1.082764
0.299194,-0.427002,0.970581
-0.398682,0.084961,0.877441
0.545776,-0.169312,1.153320
-0.183838,-0.233643,0.877075
-0.001953,0.159058,1.083130
0.347900,-0.402466,0.986328
-0.444824,0.001465,0.842651
0.514160,-0.171509,1.160278
-0.032959,-0.321167,0.891724
-0.102173,0.232422,1.094604
0.427979,-0.334839,1.033691
-0.463135,-0.014648,0.818970
0.434570,-0.094116,1.156128
0.035400,-0.383911,0.906982
-0.188354,0.186401,1.054443
0.491943,-0.285034,1.094482
-0.446167,-0.062134,0.807617
0.338745,0.003906,1.158325
0.128052,-0.429199,0.909546
-0.310181,0.193359,1.015137
0.560669,-0.284180,1.148682
-0.370483,-0.157227,0.806030
0.209473,0.116821,1.139648
0.203003,-0.427734,0.917480
-0.364868,0.067139,0.917847
0.571777,-0.288940,1.157959
-0.291870,-0.235718,0.823120
0.125977,0.169312,1.120605
0.281860,-0.394897,0.947266
-0.456177,0.106079,0.871460
0.568726,-0.290649,1.137207
-0.192627,-0.316528,0.872681
0.018188,0.175049,1.090820
0.366455,-0.386841,1.001953
-0.466187,0.059448,0.832764
0.518066,-0.138062,1.161621
-0.101074,-0.309326,0.891113
-0.048340,0.166382,1.087769
0.408813,-0.367188,1.034546
-0.465820,-0.000488,0.820801
0.476440,-0.093262,1.168213
0.004883,-0.341797,0.890015
-0.135498,0.207642,1.072266
0.441528,-0.320801,1.058472
-0.448364,-0.067383,0.805786
0.437622,-0.055786,1.176025
0.017822,-0.349243,0.878662
-0.211304,0.224854,1.055908
0.500000,-0.317261,1.096069
-0.436401,-0.133179,0.792969
0.379028,-0.063599,1.151001
0.097412,-0.349854,0.908081
-0.305298,0.254517,1.006104
0.542847,-0.254883,1.127075
-0.386475,-0.162964,0.808105
0.276733,-0.012817,1.126343
0.169678,-0.434326,0.916870
-0.334961,0.175171,0.959473
0.545166,-0.217773,1.142090
-0.342651,-0.181519,0.808228
0.174805,0.056641,1.102295
0.262207,-0.502441,0.933472
-0.385010,0.070312,0.898804
0.558838,-0.223999,1.152710
-0.285278,-0.212036,0.811035
0.074951,0.181763,1.099854
0.343994,-0.429443,0.981934
-0.441040,0.061768,0.875854
0.554321,-0.222900,1.148193
-0.199341,-0.254150,0.867676
-0.009399,0.217163,1.093750
0.368652,-0.398804,0.995239
-0.437866,-0.000122,0.852661
0.521973,-0.184326,1.177002
-0.125854,-0.308594,0.880493
-0.065063,0.240479,1.103394
0.409790,-0.410156,1.002319
-0.480835,0.042969,0.853394
0.505005,-0.186279,1.145630
-0.026855,-0.333008,0.898682
-0.107666,0.210083,1.070435
0.422974,-0.339233,1.029541
-0.461060,-0.027222,0.817627
0.480713,-0.118164,1.173950
0.015503,-0.350830,0.885742
-0.151123,0.233276,1.076294
0.456787,-0.320435,1.050903
-0.456909,-0.041870,0.822388
0.432617,-0.116089,1.153076
0.023071,-0.384644,0.884033
-0.195190,0.210815,1.043945
0.495117,-0.267334,1.093506
-0.458130,-0.050537,0.793945
0.378052,-0.085449,1.144409
0.098999,-0.413940,0.933228
-0.264404,0.176025,1.016235
0.524414,-0.244507,1.136963
-0.425049,-0.097534,0.805054
0.294556,0.004761,1.134888
0.161255,-0.455933,0.921875
-0.312988,0.142090,0.978027
0.547729,-0.225952,1.157837
-0.374146,-0.169067,0.801147
0.226318,0.077026,1.135254
0.223511,-0.457642,0.931519
-0.376221,0.097046,0.916870
0.554077,-0.237915,1.152954
-0.325073,-0.198853,0.818115
0.146729,0.149780,1.127441
0.290405,-0.460571,0.957764
-0.405273,0.076416,0.891479
0.553101,-0.217041,1.157471
-0.277832,-0.230835,0.816162
0.063110,0.177734,1.105591
0.350830,-0.446289,0.969849
-0.437866,0.079346,0.868530
0.533569,-0.159424,1.157227
-0.156250,-0.246826,0.875244
-0.024780,0.227051,1.107422
0.377808,-0.395264,0.999878
-0.463257,0.011963,0.834473
0.507446,-0.158447,1.170044
-0.050293,-0.350098,0.877441
-0.086914,0.245483,1.116211
0.422729,-0.349121,1.008667
-0.482056,0.022827,0.827393
0.304565,-0.058228,1.062988
0.041016,-0.406616,0.898438
-0.261353,0.129150,0.985352
0.480713,-0.274170,1.071655
-0.462280,-0.049316,0.795288
0.239014,-0.014282,1.053589
0.164307,-0.435303,0.895020
-0.360107,0.099976,0.919189
0.539062,-0.276367,1.111816
-0.400879,-0.134277,0.780151
0.119873,0.125610,1.057617
0.234131,-0.431641,0.907593
-0.406616,0.019531,0.849121
0.529419,-0.284058,1.102905
-0.325684,-0.219849,0.794067
0.041504,0.154541,1.055054
0.298218,-0.439697,0.925049
-0.449097,0.014893,0.814575
0.510986,-0.231689,1.116943
-0.232056,-0.260376,0.832031
-0.054321,0.175659,1.048950
0.355103,-0.435913,0.952026
-0.462891,0.009399,0.808472
0.466309,-0.140137,1.117188
-0.095093,-0.282227,0.853760
-0.135132,0.222412,1.037109
0.401245,-0.429932,0.977783
-0.492554,-0.076172,0.776489
0.416382,-0.135742,1.105347
0.009277,-0.380737,0.846069
-0.186890,0.237549,1.047241
0.444946,-0.340576,1.016602
-0.492798,-0.046997,0.787964
0.333374,-0.119141,1.075439
0.078369,-0.465332,0.854858
-0.237183,0.132812,0.990845
0.460571,-0.278320,1.062500
-0.463013,-0.073853,0.766968
0.256226,-0.023315,1.067383
0.126099,-0.425659,0.876465
-0.317749,0.109009,0.950928
0.510376,-0.285278,1.091919
-0.424316,-0.117310,0.770264
0.174927,0.059814,1.052002
0.199219,-0.459229,0.888306
-0.381958,0.088379,0.880615
0.522827,-0.256714,1.101929
-0.358643,-0.186279,0.787354
0.092896,0.071411,1.043701
0.247925,-0.482056,0.882446
-0.421143,0.046753,0.829834
0.532349,-0.224731,1.121460
-0.279175,-0.230957,0.800537
-0.022827,0.176025,1.031738
0.324707,-0.445801,0.936401
-0.467896,-0.010376,0.817505
0.495239,-0.223389,1.123535
-0.188599,-0.291626,0.832642
-0.073975,0.215332,1.056641
0.364502,-0.400146,0.958008
-0.503296,0.041626,0.812012
0.466309,-0.197876,1.104980
-0.079956,-0.352905,0.843506
-0.132812,0.219360,1.042480
0.400757,-0.360352,0.991821
-0.491699,0.010620,0.793945
0.408691,-0.145874,1.089233
0.020386,-0.405884,0.872681
-0.186279,0.176758,1.015625
0.424927,-0.325684,1.019165
-0.479736,-0.049194,0.779053
0.351685,-0.113281,1.088745
0.059570,-0.457520,0.840820
-0.237549,0.156738,0.989258
0.466919,-0.312256,1.044800
-0.458008,-0.050659,0.778076
0.276611,-0.029419,1.064453
0.106201,-0.432373,0.882690
-0.312256,0.103027,0.945312
0.504150,-0.278809,1.084961
-0.418091,-0.124512,0.772095
0.189819,0.074097,1.071777
0.178833,-0.432373,0.880249
-0.394531,0.113647,0.901855
0.525879,-0.306763,1.069336
-0.363525,-0.183472,0.792114
0.096558,0.112915,1.049072
0.234497,-0.437988,0.902466
-0.409912,0.031738,0.843628
0.524170,-0.270020,1.104126
-0.292358,-0.257446,0.791260
0.009277,0.179321,1.053833
0.307129,-0.441895,0.918823
-0.462402,-0.006958,0.805420
0.496948,-0.243652,1.102417
-0.206177,-0.291626,0.823364
-0.068115,0.232788,1.054565
0.359009,-0.415649,0.959717
-0.487793,-0.007080,0.806152
0.463989,-0.223633,1.092285
-0.109863,-0.326294,0.851196
-0.113892,0.218384,1.048950
0.373779,-0.365234,0.974365
-0.488159,-0.014648,0.794067
0.432373,-0.165039,1.103271
-0.005249,-0.414429,0.852417
-0.191040,0.190918,1.015991
0.426270,-0.365479,0.990601
-0.477051,-0.039795,0.771606
0.361206,-0.086670,1.090698
0.075195,-0.412354,0.876099
-0.243652,0.173828,0.990356
0.451050,-0.314087,1.037231
-0.443115,-0.091309,0.788696
0.304688,-0.050049,1.083862
0.099487,-0.433228,0.880981
-0.316162,0.156616,0.958862
0.473267,-0.271729,1.075684
-0.420044,-0.138916,0.784180
0.232056,0.012695,1.083008
0.146484,-0.436523,0.875244
-0.369385,0.127197,0.919189
0.502075,-0.256836,1.083618
-0.381470,-0.173218,0.777588
0.154907,0.050903,1.074219
0.217529,-0.481934,0.888550
-0.409790,0.064941,0.850830
0.515015,-0.244263,1.087158
-0.338135,-0.192139,0.785278
0.059448,0.117554,1.047852
0.297363,-0.482422,0.915405
-0.444458,0.033813,0.813354
0.493652,-0.203613,1.092041
-0.254150,-0.228638,0.808838
-0.025391,0.157837,1.059082
0.347656,-0.485718,0.930298
-0.488281,0.036743,0.808716
0.476440,-0.166260,1.097656
-0.142944,-0.253174,0.839722
-0.131714,0.222534,1.042847
0.387207,-0.425781,0.964111
-0.472046,-0.045654,0.792969
0.423584,-0.116943,1.112671
-0.012939,-0.344971,0.854248
-0.212524,0.244751,1.012085
0.437012,-0.356079,0.999390
-0.454224,-0.076538,0.802368
0.344116,-0.112671,1.092651
0.057129,-0.462769,0.842041
-0.264038,0.156982,0.964355
0.469727,-0.290771,1.039551
-0.457153,-0.058105,0.787964
0.259766,-0.050415,1.067261
0.131226,-0.453247,0.887573
-0.350464,0.120239,0.924805
0.482422,-0.258789,1.069702
-0.407715,-0.146606,0.762451
0.158813,0.046021,1.057495
0.230835,-0.485352,0.889648
-0.416748,0.067749,0.858521
0.511230,-0.217285,1.097290
-0.306519,-0.224365,0.778809
0.019165,0.147949,1.042358
0.311279,-0.484497,0.905762
-0.462036,0.031372,0.808350
0.489014,-0.185547,1.110352
-0.199097,-0.265381,0.818726
-0.088379,0.221558,1.044556
0.371704,-0.460815,0.945435
-0.496704,0.000610,0.795410
0.450562,-0.142822,1.113037
-0.052002,-0.316162,0.857544
-0.161743,0.233032,1.040283
0.403564,-0.395630,0.977051
-0.499634,-0.055054,0.772705
0.382324,-0.136230,1.078247
0.050415,-0.409790,0.859009
-0.220703,0.179443,0.990601
0.448242,-0.306396,1.025146
-0.467285,-0.073364,0.779175
0.289307,-0.064819,1.059204
0.090088,-0.455688,0.847046
-0.294556,0.135986,0.951904
0.497559,-0.271484,1.071899
-0.420898,-0.105103,0.781494
0.183228,0.050171,1.051880
0.170532,-0.411621,0.897217
-0.384766,0.029053,0.866455
0.530762,-0.261230,1.121948
-0.365967,-0.231812,0.748779
0.080933,0.152222,1.071899
0.249878,-0.414917,0.900635
-0.454834,0.037354,0.819092
0.539062,-0.318604,1.088745
-0.265991,-0.272827,0.801880
-0.006836,0.204468,1.063354
0.305054,-0.407471,0.929199
-0.481934,0.029541,0.817871
0.499146,-0.262939,1.094727
-0.185547,-0.290161,0.840088
-0.067261,0.196045,1.051025
0.349365,-0.399414,0.953857
-0.503296,0.028320,0.797852
0.461304,-0.191528,1.096436
-0.079224,-0.314087,0.844116
-0.141968,0.220337,1.038940
0.389160,-0.387085,0.970825
-0.491577,-0.039673,0.795654
0.430054,-0.169434,1.093018
0.005981,-0.372314,0.858154
-0.215332,0.206177,1.001953
0.428223,-0.343018,1.013916
-0.462158,-0.083740,0.764648
0.363892,-0.085938,1.105469
0.052979,-0.414673,0.833618
-0.273926,0.179199,0.978027
0.471558,-0.347778,1.024170
-0.445190,-0.117432,0.769531
0.272217,-0.032959,1.070801
0.106934,-0.423218,0.870728
-0.344971,0.184326,0.951782
0.495361,-0.318848,1.045532
-0.416016,-0.144775,0.776123
0.171631,0.021484,1.053711
0.183105,-0.437622,0.890503
-0.382446,0.083740,0.876831
0.520020,-0.271484,1.086426
-0.366455,-0.195068,0.769653
0.075317,0.109009,1.047363
0.266846,-0.460815,0.896484
-0.426758,0.038208,0.827881
0.503540,-0.229614,1.088379
-0.272095,-0.242065,0.806763
-0.016235,0.137329,1.022095
0.325684,-0.437500,0.936035
-0.465210,0.001587,0.796875
0.477173,-0.180908,1.108032
-0.151733,-0.276367,0.840454
-0.109497,0.194946,1.033569
0.373535,-0.405640,0.962891
-0.478760,-0.025391,0.782104
0.429932,-0.125366,1.105103
-0.031494,-0.377930,0.832886
-0.188721,0.205811,1.014038
0.431763,-0.393677,0.991943
-0.483521,-0.051880,0.768677
0.351440,-0.086670,1.082275
0.049561,-0.434204,0.837280
-0.259399,0.171631,0.972046
0.476685,-0.319092,1.046265
-0.432617,-0.115356,0.780762
0.255859,-0.007935,1.067871
0.085815,-0.423340,0.850464
-0.324707,0.134155,0.938232
0.509155,-0.289429,1.075806
-0.410156,-0.153198,0.781494
0.159424,0.060059,1.056396
0.188232,-0.463989,0.868286
-0.399780,0.061890,0.859131
0.522339,-0.261841,1.091187
-0.338867,-0.217651,0.781372
0.046387,0.133667,1.058472
0.270874,-0.485107,0.886597
-0.441895,0.020996,0.809937
0.507324,-0.207153,1.090576
-0.238281,-0.213989,0.820557
-0.046265,0.178589,1.040405
0.331787,-0.451172,0.934204
-0.472656,-0.028687,0.789307
0.458862,-0.181396,1.107300
-0.113892,-0.303101,0.834595
-0.146240,0.245728,1.038086
0.391602,-0.390869,0.969849
-0.485107,-0.037231,0.797241
0.413208,-0.163940,1.099854
0.001709,-0.391724,0.857544
-0.209717,0.195557,0.988525
0.428345,-0.334351,1.000610
-0.467163,-0.054199,0.788208
0.330200,-0.105347,1.078125
0.076904,-0.446045,0.854980
-0.268921,0.129272,0.950928
0.459229,-0.281006,1.048462
-0.441284,-0.094971,0.781738
0.240845,-0.021851,1.057373
0.146606,-0.477539,0.860229
-0.362061,0.115112,0.906372
0.501953,-0.258301,1.080200
-0.387085,-0.160767,0.779175
0.117798,0.078735,1.052246
0.235352,-0.449707,0.908081
-0.421387,0.033447,0.835083
0.512695,-0.260986,1.089844
-0.317627,-0.229858,0.780029
0.011963,0.165039,1.041992
0.304443,-0.459106,0.924194
-0.462524,0.005127,0.801758
0.505249,-0.227783,1.113159
-0.242798,-0.271851,0.791504
-0.072632,0.204346,1.031006
0.369995,-0.446167,0.948730
-0.489746,0.006714,0.801636
0.459106,-0.177246,1.107910
-0.111328,-0.321045,0.830322
-0.148071,0.252686,1.036011
0.406250,-0.383179,0.992065
-0.497070,-0.028198,0.797119
0.413086,-0.196045,1.085815
-0.000610,-0.411133,0.853027
-0.203613,0.198975,1.000244
0.431396,-0.330444,1.008667
-0.473389,-0.050293,0.788208
0.345703,-0.135132,1.061279
0.060913,-0.466187,0.844360
-0.258423,0.160645,0.966919
0.454712,-0.291382,1.032104
-0.457031,-0.099365,0.765503
0.281372,-0.064941,1.050415
0.102905,-0.450928,0.855835
-0.325684,0.138672,0.931763
0.490845,-0.253906,1.066406
-0.428101,-0.102905,0.768433
0.180908,0.008545,1.048218
0.181763,-0.464844,0.889771
-0.376343,0.082031,0.878174
0.502319,-0.230957,1.084106
-0.390381,-0.154785,0.766235
0.104858,0.067139,1.043335
0.251953,-0.492798,0.891724
-0.424194,0.026001,0.822876
0.504150,-0.212769,1.091064
-0.316284,-0.199951,0.781250
0.023438,0.132324,1.045288
0.314453,-0.502808,0.912231
-0.468994,0.029053,0.806396
0.466553,-0.190308,1.096069
-0.220703,-0.247070,0.806641
-0.068726,0.186768,1.036255
0.354980,-0.446411,0.938965
-0.482422,-0.002319,0.798462
0.464966,-0.156860,1.108276
-0.113770,-0.288818,0.833130
-0.163574,0.226562,1.013184
0.396362,-0.406860,0.977905
-0.482422,-0.061035,0.781616
0.418701,-0.138306,1.100342
-0.008423,-0.356934,0.843018
-0.226318,0.232056,0.995728
0.432495,-0.359741,1.006592
-0.471436,-0.111816,0.766968
0.349243,-0.114136,1.077026
0.059448,-0.422729,0.848145
-0.273315,0.178833,0.957886
0.462402,-0.289429,1.036987
-0.444824,-0.126465,0.769043
0.261963,-0.040405,1.068359
0.101196,-0.434082,0.851440
-0.353394,0.135742,0.912354
0.504272,-0.283569,1.068115
-0.411499,-0.150513,0.763428
0.149170,0.028564,1.053101
0.196411,-0.471680,0.881226
-0.418213,0.056152,0.836426
0.515259,-0.244629,1.081787
-0.329712,-0.198486,0.783081
0.032104,0.116211,1.036987
0.301880,-0.493652,0.901367
-0.462769,0.016846,0.793335
0.477905,-0.182373,1.093506
-0.215698,-0.235718,0.819458
-0.067749,0.204590,1.051636
0.375000,-0.454224,0.953735
-0.507935,-0.013062,0.784058
0.429565,-0.148560,1.091553
-0.078613,-0.345825,0.822510
-0.160034,0.210449,1.013184
0.399536,-0.365845,0.991333
-0.475708,-0.065430,0.791382
0.379761,-0.138062,1.079590
0.016357,-0.427124,0.830811
-0.239868,0.170288,0.977417
0.451660,-0.314331,1.027954
-0.459595,-0.085815,0.774658
0.297485,-0.071411,1.053223
0.087891,-0.456909,0.835693
-0.308105,0.146240,0.939819
0.470215,-0.268921,1.044189
-0.420776,-0.111084,0.777710
0.210693,-0.017090,1.054443
0.161865,-0.454224,0.885132
-0.394531,0.094482,0.884644
0.502808,-0.263062,1.070923
-0.380615,-0.167358,0.776245
0.107544,0.063721,1.047241
0.247070,-0.486450,0.897827
-0.433472,0.033569,0.823486
0.500000,-0.238403,1.074585
-0.304199,-0.212280,0.787476
-0.020264,0.150269,1.027344
0.339478,-0.476807,0.933350
-0.456177,-0.018799,0.798584
0.469482,-0.191284,1.098267
-0.197388,-0.248291,0.811768
-0.117432,0.224121,1.021973
0.399902,-0.427490,0.977173
-0.484253,-0.053955,0.791382
0.415894,-0.130127,1.094849
-0.054688,-0.341309,0.836548
-0.179810,0.214722,1.003296
0.409790,-0.372437,0.991699
-0.476562,-0.117920,0.775757
0.366089,-0.129395,1.085571
0.045898,-0.411255,0.838013
-0.276489,0.233032,0.981201
0.456665,-0.327881,1.009277
-0.447632,-0.127930,0.778809
0.278809,-0.094360,1.056763
0.087646,-0.447021,0.847778
-0.337891,0.158447,0.923462
0.499146,-0.274170,1.052612
-0.411865,-0.125366,0.782227
0.164673,0.027832,1.059937
0.195923,-0.491699,0.875122
-0.401123,0.062866,0.854248
0.499634,-0.244263,1.074829
-0.350586,-0.166870,0.791992
0.047729,0.119385,1.041260
0.302490,-0.501953,0.910156
-0.479614,0.031616,0.785156
0.467529,-0.175293,1.090332
-0.236450,-0.240234,0.803101
-0.050293,0.167725,1.039062
0.366577,-0.463867,0.943115
-0.522949,-0.008301,0.769165
0.436523,-0.147217,1.096313
-0.078247,-0.329346,0.819458
-0.160278,0.222656,1.015747
0.407471,-0.382690,0.990723
-0.486328,-0.079346,0.773804
0.382568,-0.143555,1.086914
0.036499,-0.446655,0.828369
-0.259766,0.196533,0.969727
0.446045,-0.337402,1.006714
-0.438599,-0.093750,0.778809
0.284790,-0.055054,1.067871
0.068115,-0.444458,0.824463
-0.317505,0.143066,0.929565
0.485840,-0.288696,1.051025
-0.422119,-0.131592,0.772095
0.177002,0.011353,1.046387
0.157837,-0.465576,0.864502
-0.396606,0.073975,0.859985
0.513794,-0.260010,1.076782
-0.356201,-0.188354,0.772583
0.071045,0.082642,1.051025
0.259644,-0.464111,0.895508
-0.462280,0.057495,0.796265
0.486206,-0.222168,1.070435
-0.244141,-0.217407,0.821655
-0.033936,0.151001,1.050293
0.340210,-0.454102,0.937256
-0.498779,0.001709,0.770508
0.432129,-0.138794,1.091675
-0.107666,-0.302246,0.825928
-0.139038,0.191772,1.036499
0.402588,-0.435059,0.978638
-0.489990,-0.061401,0.771484
0.374878,-0.094849,1.083740
0.007935,-0.374023,0.822266
-0.224243,0.205444,0.988647
0.459473,-0.383545,1.004761
-0.459717,-0.125000,0.762573
0.287964,-0.062256,1.059692
0.083618,-0.414551,0.834717
-0.313232,0.168701,0.933105
0.478638,-0.281982,1.046509
-0.416382,-0.159424,0.779907
0.187256,-0.002686,1.041504
0.178345,-0.444702,0.873779
-0.337769,-0.191895,0.789307
0.283936,-0.479614,0.911499
-0.468994,0.035645,0.783691
0.460205,-0.178467,1.068726
-0.210815,-0.242920,0.805298
-0.078735,0.182129,1.037842
0.373047,-0.442017,0.957886
-0.488892,-0.042114,0.774658
0.423340,-0.132080,1.092651
-0.065186,-0.320801,0.827148
-0.203735,0.225220,1.008545
0.432373,-0.400879,0.990601
-0.461426,-0.105103,0.777344
0.334839,-0.079834,1.081421
0.075195,-0.405640,0.845947
-0.321045,0.190430,0.942993
0.469604,-0.320068,1.027222
-0.420044,-0.157959,0.776855
0.206299,-0.014771,1.053345
0.152222,-0.435059,0.868652
-0.393311,0.136108,0.878418
0.490479,-0.260498,1.055054
-0.338989,-0.173584,0.793213
0.049072,0.089722,1.026367
0.280640,-0.494507,0.885254
-0.452515,0.006104,0.795410
0.479370,-0.197998,1.084473
-0.233276,-0.235107,0.802979
-0.095093,0.185547,1.017944
0.373047,-0.463257,0.943115
-0.490601,-0.034546,0.773315
0.431152,-0.140015,1.104370
-0.062988,-0.324707,0.831177
-0.204468,0.228882,1.008789
0.422363,-0.380249,0.983765
-0.472656,-0.089478,0.773560
0.334106,-0.106201,1.061279
0.058838,-0.417847,0.841309
-0.286743,0.165771,0.933716
0.468506,-0.293091,1.029663
-0.424805,-0.131226,0.779907
0.208008,-0.013916,1.053711
0.145142,-0.446045,0.857910
-0.376953,0.089355,0.871094
0.484375,-0.232788,1.062134
-0.363403,-0.157471,0.784058
0.075317,0.087402,1.042480
0.264038,-0.486450,0.895508
-0.460938,0.013428,0.792358
0.477295,-0.216675,1.080933
-0.244507,-0.244873,0.795776
-0.074829,0.193726,1.042480
0.364868,-0.451050,0.943237
-0.508301,-0.001221,0.797729
0.428833,-0.187988,1.080444
-0.072266,-0.344604,0.835693
-0.177979,0.186035,1.002075
0.401733,-0.357300,0.992065
-0.483521,-0.058594,0.770142
0.355469,-0.098877,1.087646
0.048706,-0.436035,0.823120
-0.250610,0.172119,0.971802
0.447510,-0.306152,1.011108
-0.460693,-0.062622,0.781738
0.237183,-0.039917,1.021606
0.113770,-0.460693,0.842163
-0.340942,0.105835,0.896484
0.494385,-0.264282,1.065674
-0.420776,-0.126343,0.768677
0.122681,0.054565,1.028687
0.215942,-0.462280,0.888672
-0.412598,0.021118,0.821411
0.503906,-0.245605,1.085205
-0.318726,-0.210205,0.779907
-0.006470,0.165161,1.033081
0.308105,-0.464966,0.916138
-0.478638,0.011108,0.796631
0.465332,-0.221680,1.078003
-0.191528,-0.285278,0.817383
-0.083984,0.196045,1.034058
0.351196,-0.375854,0.961792
-0.509399,-0.020020,0.781128
0.427856,-0.208496,1.085815
-0.067505,-0.372559,0.844727
-0.153076,0.190552,1.010742
0.377197,-0.330933,0.975708
-0.501465,-0.004272,0.783936
0.381958,-0.187012,1.053345
0.037964,-0.442261,0.856201
-0.246338,0.152344,0.955688
0.431152,-0.296875,1.019165
-0.463745,-0.084961,0.758789
0.286743,-0.085938,1.052856
0.092896,-0.454468,0.850952
-0.334717,0.134766,0.912842
0.484253,-0.269287,1.057373
-0.419312,-0.131836,0.764893
0.182251,0.040527,1.050537
0.145264,-0.428711,0.869263
-0.400391,0.086914,0.874390
0.510254,-0.288452,1.073730
-0.380615,-0.184448,0.770508
0.088623,0.101807,1.047119
0.233276,-0.476440,0.867676
-0.452026,0.025635,0.804565
0.495239,-0.253662,1.073730
-0.288940,-0.229126,0.786621
-0.012207,0.166504,1.030273
0.304565,-0.459961,0.911987
-0.491943,0.003540,0.777832
0.461914,-0.205811,1.085205
-0.191284,-0.275757,0.810425
-0.094849,0.202637,1.032837
0.368286,-0.424561,0.949463
-0.513672,-0.008667,0.782471
0.416138,-0.166504,1.083984
-0.068481,-0.354248,0.818970
-0.172607,0.199341,1.007202
0.411011,-0.371826,0.982056
-0.488403,-0.031128,0.796387
0.351807,-0.116943,1.068726
0.029663,-0.458374,0.818115
-0.240723,0.119507,0.943115
0.442017,-0.310059,1.022095
-0.462402,-0.106323,0.780640
0.277710,-0.055176,1.062988
0.082764,-0.452759,0.811646
-0.331909,0.144653,0.910156
0.468140,-0.274414,1.038574
-0.414673,-0.154907,0.767822
0.170166,0.003296,1.035400
0.171021,-0.478516,0.859131
-0.410889,0.079468,0.835571
0.497925,-0.261963,1.061768
-0.348267,-0.195679,0.778442
0.036133,0.109741,1.021118
0.263794,-0.482666,0.880493
-0.472900,0.025635,0.792358
0.469727,-0.209351,1.075317
-0.232666,-0.254517,0.802368
-0.057617,0.176147,1.037476
0.328369,-0.439697,0.930054
-0.511963,0.014282,0.781738
0.446777,-0.174438,1.086304
-0.110229,-0.306885,0.819092
-0.150146,0.195801,1.025391
0.402100,-0.421387,0.962769
-0.501709,-0.050781,0.760254
0.353882,-0.081909,1.075562
0.016357,-0.391479,0.815674
-0.235352,0.189453,0.980835
0.439575,-0.379761,0.997070
-0.469849,-0.128296,0.765747
0.288818,-0.048950,1.059937
0.077271,-0.408325,0.820801
-0.338623,0.165527,0.906250
0.469849,-0.304565,1.032227
-0.415527,-0.192383,0.776611
0.182373,-0.018433,1.034546
0.147705,-0.438477,0.849243
-0.408569,0.100830,0.835938
0.489502,-0.238770,1.059326
-0.339600,-0.159668,0.778320
0.055664,0.103882,1.044434
0.259033,-0.511719,0.872681
-0.483276,0.024902,0.782104
0.477661,-0.228760,1.065430
-0.243896,-0.235352,0.809937
-0.072144,0.180420,1.030396
0.330078,-0.454956,0.922852
-0.502686,0.008423,0.776001
0.425293,-0.161621,1.084961
-0.104736,-0.315430,0.817627
-0.158691,0.208862,1.021362
0.385132,-0.404175,0.950684
-0.506836,-0.041748,0.770874
0.376099,-0.136963,1.049072
0.027466,-0.387573,0.835083
-0.235229,0.181519,0.958740
0.424316,-0.312134,1.005127
-0.470459,-0.101807,0.760620
0.274048,-0.072876,1.039551
0.075317,-0.460205,0.820312
-0.323608,0.127686,0.906616
0.486450,-0.276489,1.046753
-0.438110,-0.106079,0.758789
0.148560,0.030029,1.026978
0.175659,-0.496704,0.854370
-0.418823,0.048584,0.831421
0.505615,-0.254761,1.084473
-0.350098,-0.218750,0.766968
0.020996,0.155151,1.031982
0.258545,-0.433472,0.899170
-0.463379,0.008667,0.784180
0.491333,-0.253418,1.083862
-0.253540,-0.267578,0.788574
-0.076904,0.197510,1.027588
0.327148,-0.423706,0.916992
-0.498047,0.003296,0.779297
0.443237,-0.193115,1.083496
-0.098999,-0.328613,0.836670
-0.167358,0.189087,0.995850
0.359253,-0.377808,0.954224
-0.510864,-0.032837,0.764282
0.392090,-0.144653,1.077271
0.014893,-0.412109,0.835205
-0.234375,0.180420,0.977417
0.408447,-0.345093,0.971680
-0.489746,-0.069824,0.748169
0.302002,-0.096558,1.050781
0.066895,-0.477173,0.830811
-0.302246,0.118774,0.904907
0.469238,-0.292847,1.032104
-0.439575,-0.073364,0.774780
0.187256,-0.003662,1.026733
0.135986,-0.453003,0.856689
-0.395996,0.084229,0.859497
0.496338,-0.264771,1.059326
-0.388672,-0.159302,0.758667
0.091919,0.106812,1.053223
0.227783,-0.474243,0.880493
-0.438232,0.008423,0.798584
0.473145,-0.234863,1.064087
-0.305054,-0.236816,0.768311
-0.026001,0.168335,1.041504
0.314209,-0.472168,0.903442
-0.498657,0.005615,0.774292
0.444824,-0.190918,1.067017
-0.168091,-0.257324,0.808838
-0.240112,0.205200,0.925049
0.385376,-0.347778,0.942017
-0.511108,-0.059448,0.758423
0.289795,-0.095215,1.011719
-0.048462,-0.349976,0.824585
-0.338745,0.140381,0.852051
0.430542,-0.323242,0.970581
-0.493164,-0.089844,0.739258
0.186401,-0.021729,1.004883
0.083252,-0.483765,0.793091
-0.422974,0.116821,0.829224
0.454224,-0.280518,1.000732
-0.438477,-0.115967,0.751465
0.077271,0.098999,1.018677
0.178345,-0.475830,0.826172
-0.498413,0.066162,0.773560
0.464600,-0.251099,1.028198
-0.331055,-0.188721,0.768433
-0.036987,0.153564,1.007446
0.269043,-0.424072,0.876953
-0.537720,0.030151,0.746460
0.426514,-0.237183,1.018066
-0.184082,-0.300171,0.781616
-0.143433,0.186523,0.977051
0.338745,-0.391479,0.928589
-0.556274,0.018799,0.749878
0.374634,-0.179443,1.016235
-0.059570,-0.383423,0.790527
-0.239868,0.160034,0.912598
0.383667,-0.326660,0.956543
-0.522095,-0.055054,0.745972
0.297485,-0.113770,1.005981
0.018677,-0.443970,0.790649
-0.314575,0.114868,0.853760
0.419312,-0.296021,0.977905
-0.487183,-0.021851,0.755493
0.177246,0.005615,1.003540
0.080688,-0.443481,0.798462
-0.399658,0.066895,0.811279
0.453247,-0.264404,1.000366
-0.428955,-0.104980,0.745117
0.065918,0.135498,1.026978
0.182861,-0.432861,0.834229
-0.503784,0.051147,0.768433
0.452393,-0.264893,1.017456
-0.328613,-0.190186,0.756958
-0.031738,0.177124,1.019653
0.255371,-0.390137,0.876831
-0.558105,0.024658,0.737671
0.426514,-0.233032,1.026611
-0.147949,-0.308838,0.802856
-0.141479,0.222900,0.995850
0.318604,-0.347046,0.915283
-0.546875,0.056396,0.770386
0.371216,-0.167480,1.024292
-0.041748,-0.377319,0.800659
-0.234131,0.154541,0.919800
0.382568,-0.361206,0.936279
-0.547607,-0.028564,0.735718
0.285156,-0.082397,1.001587
0.030273,-0.422363,0.791626
-0.315186,0.114136,0.864746
0.409302,-0.304077,0.963623
-0.499512,-0.081055,0.734009
0.183716,-0.012939,0.996948
0.083130,-0.448608,0.800293
-0.413208,0.135376,0.818604
0.449829,-0.295166,0.979736
-0.430298,-0.104980,0.766968
0.067627,0.069824,0.989624
0.165527,-0.452026,0.826172
-0.498657,0.085571,0.771118
0.469482,-0.246826,1.018433
-0.319458,-0.179443,0.769897
-0.061523,0.173218,1.002441
0.262207,-0.459229,0.868042
-0.541504,-0.005127,0.733887
0.432861,-0.218506,1.040039
-0.187866,-0.299194,0.763916
-0.149170,0.237793,0.988892
0.328979,-0.333252,0.921265
-0.562256,0.022705,0.744751
0.380859,-0.201294,1.026123
-0.050659,-0.409790,0.794800
-0.225464,0.169189,0.918091
0.364868,-0.299927,0.941895
-0.546875,-0.005737,0.741455
0.315796,-0.119751,1.001831
0.029053,-0.445068,0.782104
-0.333740,0.136841,0.861694
0.410156,-0.322632,0.957153
-0.481689,-0.079956,0.752319
0.188843,0.004272,1.007935
0.074829,-0.444092,0.799927
-0.438721,0.109741,0.811157
0.458374,-0.301392,1.000122
-0.416870,-0.150391,0.744385
0.065796,0.140381,1.026001
0.169067,-0.417480,0.824707
-0.525391,0.088135,0.763916
0.450806,-0.271362,1.000977
-0.328369,-0.215210,0.758667
-0.013916,0.164185,1.022095
0.254639,-0.397583,0.888550
-0.564331,0.061279,0.743774
0.425293,-0.234741,1.008057
-0.198242,-0.273560,0.778198
-0.119263,0.178833,0.983887
0.323486,-0.378540,0.928589
-0.557251,0.016846,0.753784
0.386353,-0.139526,1.032104
-0.085205,-0.356812,0.770508
-0.235962,0.174683,0.920532
0.384399,-0.401123,0.937744
-0.537842,-0.032715,0.755371
0.316406,-0.049805,1.033081
-0.009766,-0.410278,0.747925
-0.311401,0.140991,0.863037
0.428467,-0.360474,0.962646
-0.508423,-0.088745,0.754395
0.217163,-0.014404,1.002563
0.054321,-0.413940,0.781494
-0.386841,0.110107,0.812500
0.443115,-0.295288,0.998291
-0.457520,-0.141968,0.738647
0.114990,0.026489,0.995850
0.122437,-0.447266,0.808228
-0.474731,0.106079,0.782227
0.455933,-0.247681,1.000854
-0.362183,-0.146362,0.764038
0.001099,0.125610,1.008057
0.220459,-0.453125,0.845581
-0.542725,0.049072,0.736816
0.447266,-0.235229,1.016357
-0.212891,-0.253296,0.777344
-0.119141,0.218140,0.989746
0.307251,-0.391235,0.911133
-0.565674,0.018677,0.753784
0.403198,-0.185303,1.039062
-0.101685,-0.363037,0.767456
-0.193237,0.208252,0.961060
0.364502,-0.339111,0.940430
-0.557495,0.021606,0.751709
0.334961,-0.141235,1.012207
0.004272,-0.447510,0.784180
-0.283325,0.141724,0.869263
0.411499,-0.289673,0.968994
-0.533447,-0.041748,0.725708
0.204468,-0.051147,0.977051
0.069092,-0.462402,0.794067
-0.387817,0.061523,0.803589
0.448730,-0.270996,1.000977
-0.448364,-0.104736,0.729614
0.088867,0.170288,1.031128
0.137573,-0.410522,0.815918
-0.491089,0.061401,0.779907
0.462402,-0.299438,1.006836
-0.360840,-0.188110,0.756470
0.002808,0.187012,1.029297
0.203735,-0.411987,0.841675
-0.555298,0.077271,0.747314
0.475464,-0.269287,1.018677
-0.251587,-0.252075,0.777344
-0.103760,0.200562,0.986450
0.287598,-0.390503,0.895142
-0.565430,0.075684,0.754272
0.413940,-0.216797,1.025391
-0.116943,-0.318848,0.811035
-0.171021,0.188843,0.961060
0.330566,-0.387207,0.909058
-0.556396,0.055298,0.756470
0.361816,-0.143921,1.007202
-0.045410,-0.340332,0.798584
-0.250366,0.193726,0.914307
0.382935,-0.371338,0.940430
-0.530151,-0.059326,0.733887
0.300415,-0.069824,1.007568
-0.001953,-0.380737,0.783081
-0.323120,0.156860,0.869141
0.412598,-0.357422,0.940430
-0.513062,-0.095093,0.736084
0.217041,-0.052490,1.003662
0.049438,-0.429321,0.775879
-0.397095,0.174805,0.822388
0.440430,-0.238892,0.983521
-0.444946,-0.142456,0.742310
0.111450,0.016113,0.990723
0.097900,-0.473877,0.796021
-0.462646,0.105103,0.787231
0.455200,-0.257690,0.999878
-0.391724,-0.134766,0.761719
0.025513,0.121948,1.007812
0.213623,-0.445068,0.846680
-0.521484,0.080078,0.761108
0.437622,-0.217163,1.011230
-0.284546,-0.207031,0.775513
-0.075684,0.134399,0.990601
0.292358,-0.460205,0.885010
-0.565186,0.065186,0.737915
0.407349,-0.139526,1.039795
-0.127808,-0.265747,0.790771
-0.197998,0.197021,0.955200
0.352051,-0.420044,0.914551
-0.554932,-0.001587,0.742065
0.353394,-0.126221,1.013916
-0.007202,-0.380371,0.794312
-0.304810,0.217407,0.892090
0.397339,-0.306274,0.964355
-0.523438,-0.072388,0.722412
0.242188,-0.073486,0.983765
0.058960,-0.462280,0.782593
-0.367065,0.158569,0.843018
0.443359,-0.280518,0.986938
-0.499268,-0.082031,0.729736
0.126709,-0.013306,0.964600
0.110229,-0.472168,0.795898
-0.432739,0.103638,0.820923
0.459229,-0.242188,1.006470
-0.403687,-0.091064,0.762085
0.006226,0.142212,0.999146
0.198120,-0.451172,0.839844
-0.518921,0.056519,0.760986
0.459595,-0.216919,1.041870
-0.258179,-0.235718,0.776123
-0.102295,0.228516,1.007690
0.284180,-0.412354,0.872681
-0.580566,0.069458,0.745361
0.417358,-0.231445,1.024658
-0.094116,-0.338745,0.815918
-0.193115,0.204590,0.950439
0.322144,-0.332397,0.911255
-0.578369,0.008423,0.721313
0.367798,-0.159424,1.029663
-0.004395,-0.429932,0.784912
-0.277588,0.181152,0.888550
0.393677,-0.292969,0.961182
-0.526978,0.010620,0.753784
0.221436,-0.045166,0.986206
0.049561,-0.455811,0.770264
-0.344238,0.084595,0.835083
0.427856,-0.237549,0.998169
-0.496216,-0.058838,0.732422
0.118408,0.060669,1.003418
0.116821,-0.446289,0.795410
-0.467163,0.107300,0.794556
0.449463,-0.242432,1.007324
-0.385132,-0.148682,0.743774
0.012695,0.184692,1.001831
0.192993,-0.382446,0.843872
-0.530273,0.032715,0.736694
0.455811,-0.261353,1.024048
-0.282593,-0.231567,0.755981
-0.084839,0.220947,0.992798
0.259277,-0.354858,0.868896
-0.550293,0.038208,0.741089
0.419922,-0.233154,1.020630
-0.148438,-0.356201,0.778198
-0.139893,0.168213,0.964722
0.322876,-0.336426,0.912842
-0.573242,0.078369,0.740723
0.387695,-0.181519,1.017212
-0.056030,-0.361572,0.792480
-0.239990,0.158936,0.902222
0.357910,-0.305298,0.934448
-0.529907,-0.010254,0.742065
0.307739,-0.094238,1.007568
-0.008911,-0.423706,0.759277
-0.331665,0.164551,0.869019
0.423706,-0.346680,0.953979
-0.519653,-0.054932,0.747314
0.199463,-0.013306,1.010010
0.052490,-0.456787,0.765503
-0.397217,0.155762,0.836914
0.440918,-0.265503,0.981567
-0.472412,-0.088257,0.756958
0.104736,0.049316,0.996826
0.129761,-0.449097,0.812256
-0.484253,0.131958,0.782715
0.449829,-0.240356,0.997070
-0.366821,-0.136353,0.769165
0.007080,0.106323,0.996826
0.208862,-0.458008,0.840454
-0.555542,0.074829,0.733887
0.443115,-0.181763,1.029297
-0.235840,-0.196899,0.778931
-0.101196,0.187866,0.983887
0.285522,-0.416260,0.892944
-0.569458,0.038086,0.743286
0.404419,-0.151978,1.032471
-0.114380,-0.314575,0.775146
-0.210327,0.195312,0.929321
0.366943,-0.353516,0.934326
-0.548828,0.001709,0.751709
0.331177,-0.111816,1.005249
-0.018677,-0.395996,0.784790
-0.307739,0.142822,0.852783
0.404053,-0.287109,0.966797
-0.520386,-0.076050,0.724365
0.220093,-0.046265,0.992798
0.056885,-0.457520,0.773315
-0.411865,0.156128,0.807617
0.435669,-0.245728,0.984619
-0.432007,-0.130493,0.753296
0.075439,0.068115,0.998779
0.115356,-0.465942,0.796509
-0.491821,0.096436,0.781860
0.466553,-0.215332,1.025635
-0.336060,-0.154175,0.765137
-0.054321,0.189087,1.003418
0.249146,-0.456665,0.849243
-0.546265,0.046265,0.744629
0.427246,-0.204224,1.024780
-0.180420,-0.224976,0.791382
-0.147827,0.209595,0.968750
0.310791,-0.352539,0.896240
-0.576538,0.026611,0.748901
0.379761,-0.160156,1.020020
-0.060425,-0.359863,0.783081
-0.249146,0.208252,0.905762
0.373291,-0.314941,0.941284
-0.545898,-0.049927,0.722656
0.291870,-0.103271,0.988525
0.021606,-0.426880,0.775024
-0.342163,0.174805,0.851440
0.408936,-0.242432,0.959351
-0.480591,-0.087769,0.740234
0.160522,-0.018677,0.982544
0.072266,-0.468384,0.774780
-0.445068,0.140991,0.797241
0.456055,-0.233154,1.000366
-0.408936,-0.117065,0.744019
0.021484,0.139160,1.000488
0.183350,-0.458496,0.831177
-0.540161,0.057495,0.762939
0.445801,-0.206543,1.028931
-0.272949,-0.218384,0.765137
-0.082153,0.215820,0.993408
0.277466,-0.370728,0.891357
-0.581787,0.067139,0.748413
0.405273,-0.189575,1.028320
-0.097168,-0.349365,0.787109
-0.205688,0.204834,0.931152
0.340088,-0.330811,0.920410
-0.560425,0.036743,0.745605
0.337402,-0.130005,1.003418
-0.027344,-0.429077,0.772583
-0.307251,0.170166,0.870728
0.419800,-0.305786,0.959351
-0.530884,-0.032959,0.725952
0.191284,-0.001831,0.982422
0.053101,-0.438477,0.772339
-0.396973,0.108154,0.817871
0.436035,-0.246460,0.993530
-0.448730,-0.088623,0.736084
0.073975,0.141113,1.004883
0.144775,-0.395752,0.821899
-0.520508,0.048218,0.762085
0.446899,-0.242676,1.011597
-0.307251,-0.193604,0.771362
-0.049072,0.215088,0.998291
0.256348,-0.356445,0.875000
-0.568115,0.082397,0.744751
0.417725,-0.199097,1.031128
-0.166382,-0.315063,0.781250
-0.152588,0.181396,0.948608
0.327026,-0.338989,0.904907
-0.569580,0.075317,0.757812
0.357788,-0.132324,1.014526
-0.066040,-0.397705,0.764648
-0.234131,0.153442,0.893921
0.358887,-0.248535,0.953125
-0.560059,-0.013306,0.720703
0.291748,-0.114502,0.979004
0.026001,-0.432251,0.784058
-0.351929,0.145752,0.839233
0.401367,-0.258057,0.960571
-0.511963,-0.096680,0.713745
0.172974,-0.031860,0.989258
0.069580,-0.459351,0.781128
-0.443481,0.144165,0.802612
0.447388,-0.215820,0.977783
-0.426147,-0.061279,0.766846
0.029907,0.104248,0.994751
0.158081,-0.452637,0.813110
-0.501953,0.075195,0.774536
0.440796,-0.179077,1.022949
-0.312134,-0.171265,0.756348
-0.080078,0.166504,0.988403
0.274292,-0.445435,0.873413
-0.566162,0.046387,0.735840
0.419312,-0.140869,1.039062
-0.134399,-0.294067,0.768677
-0.196289,0.205322,0.946289
0.333008,-0.371338,0.901367
-0.549683,0.004150,0.748901
0.354736,-0.095581,1.034790
-0.034912,-0.385864,0.757202
-0.302612,0.201172,0.869751
0.395874,-0.287354,0.954834
-0.524658,-0.053467,0.735352
0.216919,-0.057373,0.981934
0.031006,-0.429443,0.776123
-0.401367,0.146973,0.826538
0.431763,-0.253906,0.980347
-0.447876,-0.091797,0.753296
0.080811,0.088623,1.001587
0.143433,-0.427490,0.821045
-0.531616,0.116699,0.773438
0.440674,-0.229614,1.000244
-0.286255,-0.179688,0.780518
-0.062866,0.191284,0.990601
0.258301,-0.370239,0.883301
-0.591064,0.050781,0.730957
0.415894,-0.190918,1.027832
-0.107422,-0.353394,0.767456
-0.201660,0.207642,0.922852
0.335205,-0.310425,0.900269
-0.560059,0.117432,0.769531
0.340698,-0.100586,1.008667
-0.015625,-0.389282,0.792480
-0.315430,0.135376,0.852417
0.402100,-0.292236,0.949341
-0.523315,-0.009644,0.724487
0.186401,0.064697,0.990234
0.050415,-0.383911,0.781006
-0.423828,0.114258,0.810059
0.428711,-0.267456,0.990845
-0.431396,-0.123657,0.748535
0.082520,0.133057,1.015625
0.115967,-0.382080,0.802612
-0.531006,0.108765,0.769043
0.459717,-0.258423,1.020264
-0.318359,-0.214111,0.756958
-0.032349,0.175537,1.003540
0.247925,-0.365601,0.868042
-0.572754,0.103882,0.743652
0.416260,-0.158447,1.024048
-0.184814,-0.268921,0.771484
-0.141235,0.169312,0.953003
0.341431,-0.403931,0.912842
-0.590088,0.077637,0.751221
0.369629,-0.103271,1.019653
-0.058350,-0.376221,0.750488
-0.277466,0.215820,0.894775
0.390869,-0.338989,0.941650
-0.540405,-0.042603,0.735718
0.282471,-0.032349,1.015503
-0.013794,-0.401367,0.740723
-0.369385,0.185181,0.839966
0.426025,-0.314697,0.955078
-0.494995,-0.088745,0.743530
0.159668,0.003174,0.994019
0.036621,-0.388428,0.786987
-0.459595,0.176636,0.809326
0.443115,-0.221313,0.983521
-0.406128,-0.121338,0.766113
0.060303,0.099365,1.023438
0.142944,-0.458008,0.816162
-0.538452,0.120483,0.762573
0.437500,-0.179565,1.010132
-0.301025,-0.153687,0.755981
-0.049805,0.193359,1.004517
0.266479,-0.387451,0.882812
-0.604492,0.062134,0.735962
0.412109,-0.190430,1.016968
-0.138184,-0.318848,0.763184
-0.157715,0.225586,0.952637
0.332275,-0.334717,0.906738
-0.592773,0.069092,0.749268
0.363892,-0.161743,1.001221
-0.053955,-0.396851,0.764404
-0.258423,0.156372,0.876709
0.392090,-0.276733,0.953613
-0.548706,0.008423,0.734375
0.244385,-0.009033,0.993774
0.012207,-0.439453,0.768311
-0.356812,0.096924,0.837769
0.426880,-0.300781,0.975830
-0.503784,-0.030396,0.736328
0.137329,0.122192,1.005249
0.067383,-0.357056,0.801270
-0.463257,0.128174,0.812744
0.429565,-0.267578,0.995972
-0.421387,-0.121826,0.761841
0.086548,0.146851,1.033325
0.139893,-0.372192,0.820435
-0.562012,0.149048,0.775269
0.457153,-0.253662,1.003662
-0.338623,-0.178589,0.764282
-0.033203,0.184814,0.992798
0.240601,-0.413330,0.863647
-0.575073,0.101685,0.760498
0.444458,-0.178955,1.017944
-0.247314,-0.218384,0.745483
-0.120239,0.214722,0.963867
0.306519,-0.386597,0.892334
-0.573853,0.040161,0.750488
0.408203,-0.123657,1.045410
-0.157349,-0.303467,0.741821
-0.207764,0.218018,0.928955
0.364380,-0.386475,0.920288
-0.562866,0.032593,0.764282
0.359741,-0.085327,1.050781
-0.092529,-0.347168,0.744263
-0.298096,0.224365,0.887695
0.392944,-0.339233,0.932373
-0.535522,-0.036621,0.732666
0.306763,-0.074341,1.015015
-0.027100,-0.392944,0.757080
-0.345703,0.202881,0.844360
0.416748,-0.279053,0.959473
-0.526367,-0.062500,0.701172
0.208374,-0.030396,0.996948
0.026245,-0.440430,0.761475
-0.416504,0.180908,0.836914
0.438965,-0.252075,0.977905
-0.488281,-0.059570,0.741821
0.117310,0.040039,0.991577
0.093262,-0.421021,0.804565
-0.487183,0.165039,0.818481
0.437256,-0.197998,0.991211
-0.416748,-0.092896,0.752686
0.028198,0.150024,1.010376
0.186401,-0.437866,0.839478
-0.545410,0.123657,0.790894
0.441650,-0.197266,1.017700
-0.303467,-0.176270,0.757324
-0.072754,0.200684,0.983887
0.256592,-0.400024,0.859619
-0.573364,0.091064,0.760132
0.431396,-0.152954,1.041382
-0.185669,-0.286499,0.758179
-0.150146,0.199951,0.945801
0.304688,-0.369751,0.892822
-0.593628,0.070190,0.749634
0.404907,-0.149170,1.035278
-0.098877,-0.347778,0.765747
-0.232422,0.199829,0.907959
0.349243,-0.321045,0.921997
-0.583740,0.025757,0.735840
0.346924,-0.108521,1.023560
-0.026611,-0.407593,0.764648
-0.325928,0.218506,0.876587
0.385620,-0.285278,0.938843
-0.543091,0.022705,0.730347
0.253784,-0.041138,0.993164
0.003052,-0.424683,0.760986
-0.375366,0.185059,0.859741
0.425781,-0.281616,0.952637
-0.519775,-0.039917,0.726074
0.145386,0.043823,0.989990
0.069336,-0.407593,0.804688
-0.456909,0.151611,0.816040
0.446045,-0.249634,0.980591
-0.449463,-0.083130,0.744873
0.063721,0.121216,1.009644
0.138794,-0.403687,0.825562
-0.521118,0.127930,0.802734
0.446167,-0.206177,1.005005
-0.327881,-0.153687,0.779175
-0.052856,0.209839,0.990479
0.230957,-0.400635,0.845337
-0.564819,0.086182,0.754150
0.437378,-0.185059,1.032959
-0.232056,-0.265015,0.740356
-0.110718,0.198608,0.960815
0.282593,-0.349976,0.884766
-0.596680,0.083740,0.739502
0.410889,-0.154175,1.037598
-0.129517,-0.342163,0.748535
-0.185913,0.206421,0.937988
0.333374,-0.333496,0.902222
-0.601196,0.104736,0.760864
0.361694,-0.136597,0.997925
-0.050537,-0.392456,0.756836
-0.263672,0.192505,0.871826
0.367798,-0.275757,0.926758
-0.563110,0.028687,0.716553
0.297241,-0.083252,0.994629
-0.017212,-0.421265,0.758423
-0.361084,0.173096,0.849976
0.417847,-0.274048,0.956421
-0.525024,-0.013184,0.739624
0.180542,0.015137,0.991577
0.031982,-0.413330,0.786255
-0.435669,0.154785,0.821777
0.424072,-0.232544,0.976562
-0.453003,-0.050415,0.752197
0.088623,0.117065,1.012573
0.109619,-0.395386,0.817505
-0.533203,0.139160,0.791504
0.440796,-0.237305,0.998169
-0.351196,-0.177368,0.749878
0.001099,0.202881,1.012085
0.202759,-0.378784,0.841309
-0.579834,0.122559,0.766968
0.433350,-0.177368,1.024414
-0.230835,-0.241699,0.748169
-0.109497,0.190674,0.964478
0.293457,-0.365723,0.889282
-0.595337,0.084351,0.755615
0.385132,-0.128906,1.016479
-0.133789,-0.364868,0.739502
-0.191528,0.174316,0.912354
0.338623,-0.318237,0.915527
-0.589722,0.093018,0.745972
0.359497,-0.109131,1.023926
-0.066040,-0.394775,0.740845
-0.301147,0.191650,0.872559
0.391479,-0.295898,0.931030
-0.562256,0.050293,0.729004
0.247803,-0.015503,1.000366
-0.007812,-0.416260,0.769775
-0.389038,0.162842,0.845459
0.427856,-0.287109,0.956421
-0.512329,-0.017944,0.734131
0.141968,0.062744,1.008423
0.071411,-0.417358,0.797607
-0.496216,0.183838,0.816895
0.434204,-0.237061,0.979858
-0.414429,-0.072266,0.766968
0.047119,0.141113,1.010864
0.148682,-0.393066,0.833740
-0.557983,0.114624,0.783447
0.446655,-0.200317,1.009766
-0.288696,-0.178711,0.753174
-0.061768,0.245605,1.001831
0.255493,-0.375366,0.859253
-0.608643,0.095215,0.748413
0.415161,-0.196411,1.013672
-0.162964,-0.339233,0.743164
-0.143066,0.196777,0.940430
0.307129,-0.331421,0.889282
-0.595703,0.102173,0.750977
0.390381,-0.151367,1.020386
-0.089844,-0.379150,0.749878
-0.245361,0.163452,0.873901
0.352783,-0.281372,0.925171
-0.575562,0.070557,0.736816
0.304688,-0.067505,1.004272
-0.038574,-0.417358,0.761597
-0.340576,0.164551,0.852051
0.405396,-0.290405,0.944458
-0.540405,0.008911,0.718506
0.177490,0.039673,0.993042
0.030762,-0.394897,0.794434
-0.420410,0.152710,0.837646
0.428467,-0.253174,0.983521
-0.482300,-0.045654,0.742920
0.082031,0.123169,1.015625
0.106689,-0.406494,0.805298
-0.531494,0.169189,0.822510
0.439453,-0.218140,1.004028
-0.353516,-0.166992,0.758057
0.009399,0.165405,1.006104
0.191406,-0.374023,0.858643
-0.599854,0.132324,0.763428
0.421021,-0.183350,1.010742
-0.232788,-0.285156,0.737183
-0.103149,0.191650,0.976685
0.278198,-0.344727,0.897827
-0.607910,0.105591,0.752075
0.411255,-0.171753,1.013672
-0.127075,-0.354004,0.747437
-0.216431,0.175903,0.894165
0.345825,-0.308716,0.917114
-0.593506,0.094971,0.727173
0.328125,-0.090698,1.005127
-0.065308,-0.370972,0.757935
-0.307495,0.150513,0.871826
0.390015,-0.305786,0.940186
-0.562744,0.049072,0.724243
0.192993,0.021240,0.968750
0.000000,-0.393677,0.776245
-0.401855,0.149780,0.845947
0.425537,-0.252808,0.978271
-0.510742,-0.018799,0.722046
0.105225,0.112915,0.997803
0.081055,-0.407715,0.790771
-0.497925,0.162231,0.822876
0.430908,-0.216309,1.003418
-0.380737,-0.118408,0.759277
0.022583,0.201050,1.021973
0.162598,-0.358643,0.841553
-0.581177,0.141357,0.765991
0.453491,-0.228027,1.011230
-0.288818,-0.224854,0.744751
-0.074097,0.208130,0.983643
0.229614,-0.366577,0.868164
-0.587646,0.124268,0.751587
0.431152,-0.148682,1.030396
-0.195923,-0.314331,0.739014
-0.152832,0.185303,0.958618
0.296265,-0.365601,0.895508
-0.611084,0.086548,0.729126
0.388550,-0.117065,1.033691
-0.127930,-0.357300,0.732422
-0.224487,0.185547,0.917725
0.362305,-0.346558,0.920898
-0.604248,0.051025,0.723389
0.313110,-0.097534,0.991577
-0.054810,-0.396240,0.750854
-0.328491,0.177124,0.877686
0.394409,-0.287231,0.943115
-0.563232,-0.010986,0.712036
0.226318,-0.018311,0.994873
-0.005249,-0.398926,0.769165
-0.420288,0.176392,0.840454
0.406250,-0.236938,0.973022
-0.496948,-0.083740,0.718628
0.124512,0.041016,1.005737
0.062744,-0.403931,0.796143
-0.516968,0.202271,0.816406
0.430054,-0.202148,1.019409
-0.398560,-0.130005,0.753906
-0.129028,0.174438,0.963623
0.272827,-0.414307,0.872925
-0.598389,0.090576,0.749756
0.383789,-0.143188,1.026611
-0.190918,-0.334961,0.723022
-0.226807,0.198242,0.949829
0.339355,-0.365967,0.921753
-0.620605,0.051392,0.731934
0.323120,-0.139282,1.005249
-0.135498,-0.392334,0.721680
-0.291382,0.183594,0.909180
0.368408,-0.313477,0.944458
-0.586182,0.067505,0.739502
0.233398,-0.041748,1.018799
-0.046509,-0.399170,0.784058
-0.407837,0.176392,0.880737
0.401978,-0.293945,0.965454
-0.558228,-0.017700,0.693726
0.105835,0.073120,0.982056
0.054443,-0.380737,0.808350
-0.502686,0.119019,0.831299
0.431396,-0.258667,1.020020
-0.429199,-0.161499,0.707397
0.005493,0.200684,1.013184
0.141724,-0.360352,0.820435
-0.597900,0.126099,0.791504
0.431274,-0.252197,1.024902
-0.277466,-0.331543,0.709229
-0.050415,0.195557,0.994507
0.181885,-0.329712,0.832397
-0.615845,0.123779,0.749023
0.435547,-0.310547,0.990967
-0.204468,-0.409668,0.706665
-0.129517,0.145264,0.947021
0.234985,-0.336304,0.862183
-0.626221,0.154541,0.740967
0.394531,-0.235474,0.987061
-0.165161,-0.390259,0.735596
-0.216187,0.120850,0.934814
0.301392,-0.349976,0.895020
-0.627563,0.109497,0.721802
0.352661,-0.168701,1.005859
-0.122925,-0.366577,0.754761
-0.292969,0.174438,0.913330
0.366211,-0.331177,0.935913
-0.613037,0.082886,0.730957
0.264404,-0.121094,0.988159
-0.063477,-0.365967,0.794312
-0.392456,0.179932,0.882446
0.399414,-0.312866,0.968628
-0.558716,-0.006226,0.695679
0.171753,0.030151,1.002197
-0.020874,-0.386230,0.774536
-0.439941,0.163330,0.861694
0.412354,-0.318115,0.967896
-0.539551,-0.078735,0.697998
0.109863,0.063599,0.993530
0.039429,-0.394531,0.795898
-0.498779,0.181152,0.846191
0.425171,-0.284302,0.994385
-0.479370,-0.128418,0.725342
0.051270,0.075073,1.006958
0.122559,-0.424438,0.823120
-0.557129,0.180176,0.818237
0.428223,-0.216431,1.008057
-0.380249,-0.160645,0.743286
-0.027100,0.139648,1.000244
0.198364,-0.409668,0.860596
-0.596191,0.099487,0.778076
0.429321,-0.202759,1.032837
-0.299561,-0.248413,0.710938
-0.119995,0.179199,0.971802
0.268433,-0.390137,0.883789
-0.602783,0.062500,0.759399
0.398438,-0.181396,1.030762
-0.219971,-0.337646,0.712402
-0.188599,0.155029,0.937500
0.302734,-0.324829,0.916626
-0.610596,0.028198,0.721191
0.368408,-0.153198,1.046875
-0.167236,-0.410767,0.711060
-0.280640,0.177490,0.915405
0.348633,-0.323486,0.933838
-0.602051,0.025269,0.719604
0.287231,-0.114380,1.012207
-0.098022,-0.384033,0.769897
-0.353149,0.170044,0.897217
0.372681,-0.307495,0.958740
-0.568359,0.006226,0.706665
0.185181,-0.013184,1.003418
-0.023804,-0.389282,0.792725
-0.447266,0.159546,0.881592
0.415405,-0.296509,0.986328
-0.520630,-0.066040,0.706421
0.077148,0.130737,1.011597
0.067749,-0.368530,0.821899
-0.522217,0.138306,0.835938
0.437134,-0.294678,1.002197
-0.428955,-0.138306,0.724243
0.026367,0.122437,1.008545
0.148926,-0.415894,0.829834
-0.574219,0.132446,0.797607
0.437622,-0.225098,1.020020
-0.324097,-0.230469,0.724731
-0.068115,0.179321,0.992188
0.223755,-0.403931,0.861450
-0.598389,0.070068,0.755249
0.417603,-0.219604,1.024902
-0.261597,-0.319092,0.699219
-0.126831,0.169556,0.968506
0.266357,-0.358154,0.879272
-0.597290,0.049927,0.742676
0.399414,-0.222778,1.019897
-0.198608,-0.365601,0.717773
-0.215698,0.151733,0.923462
0.313232,-0.323975,0.919067
-0.599976,0.033569,0.728638
0.348389,-0.182739,1.011963
-0.139038,-0.366699,0.747314
-0.298462,0.147339,0.905518
0.367432,-0.312378,0.953003
-0.593750,-0.009766,0.716187
0.258301,-0.112183,1.014038
-0.079224,-0.424805,0.758301
-0.375610,0.165039,0.876953
0.383057,-0.280029,0.966187
-0.562012,-0.012085,0.703247
0.173828,-0.029663,0.995605
0.020142,-0.394409,0.825439
-0.465332,0.158081,0.854858
0.413818,-0.269165,0.989868
-0.513916,-0.074585,0.709351
0.084351,0.064087,1.013916
0.104004,-0.395630,0.844971
-0.543213,0.131226,0.826538
0.443237,-0.269775,1.003906
-0.399170,-0.182495,0.719360
-0.024170,0.165894,1.004883
0.195312,-0.372681,0.873291
-0.579102,0.092285,0.796021
0.423828,-0.246338,1.025757
-0.293457,-0.316650,0.710449
-0.082275,0.142944,0.974731
0.241821,-0.388794,0.868408
-0.593994,0.080811,0.760986
0.408691,-0.193237,1.040161
-0.232422,-0.338989,0.720947
-0.178833,0.147217,0.959351
0.308350,-0.381592,0.909302
-0.589844,0.040039,0.750977
0.380737,-0.150024,1.049316
-0.172607,-0.359253,0.723755
-0.293213,0.188965,0.923218
0.366699,-0.349609,0.957642
-0.579224,-0.042480,0.733154
0.313477,-0.110229,1.041870
-0.134888,-0.355103,0.744751
-0.353760,0.193115,0.905396
0.397095,-0.330200,0.969116
-0.566040,-0.036499,0.725708
0.220825,-0.057983,1.031982
-0.040039,-0.389282,0.786743
-0.427490,0.194946,0.887695
0.400024,-0.277100,0.983154
-0.511963,-0.120605,0.717529
0.126953,0.022217,1.032959
0.068970,-0.417725,0.828613
-0.508667,0.161133,0.842773
0.423462,-0.248901,1.013794
-0.405029,-0.165283,0.738037
0.023926,0.126343,1.030884
0.164795,-0.396240,0.853882
-0.566162,0.078003,0.793091
0.425415,-0.238647,1.025391
-0.280151,-0.319702,0.715454
-0.070801,0.159546,0.996094
0.243530,-0.365845,0.862915
-0.599731,0.071289,0.743652
0.418701,-0.246094,1.020386
-0.198730,-0.379761,0.715820
-0.188232,0.151123,0.959351
0.304199,-0.342041,0.910889
-0.609741,0.031860,0.727295
0.378418,-0.211914,1.035278
-0.116333,-0.392090,0.771606
-0.319702,0.153931,0.907104
0.366333,-0.305054,0.954346
-0.561035,0.011597,0.722778
0.260010,-0.090332,1.029785
-0.041748,-0.394287,0.798584
-0.411011,0.167236,0.903442
0.394531,-0.281128,0.996216
-0.520020,-0.083862,0.716309
0.150635,0.057617,1.039429
0.038696,-0.364258,0.830322
-0.486816,0.139160,0.860352
0.444824,-0.306519,1.019897
-0.459839,-0.174072,0.720825
0.055664,0.144165,1.043945
0.127563,-0.376221,0.836548
-0.553955,0.115845,0.817261
0.463623,-0.317261,1.026367
-0.356934,-0.279297,0.733032
-0.017090,0.115479,1.007568
0.205933,-0.388184,0.863281
-0.574585,0.120117,0.781250
0.448486,-0.234375,1.037720
-0.280273,-0.329590,0.733887
-0.088013,0.092896,0.981689
0.254272,-0.406494,0.896118
-0.569092,0.059570,0.770630
0.415039,-0.158813,1.054688
-0.240112,-0.310791,0.715210
-0.152222,0.143311,0.987183
0.314087,-0.397705,0.913574
-0.580322,0.041504,0.769043
0.395752,-0.169189,1.055786
-0.186768,-0.353516,0.735474
-0.260620,0.166992,0.943848
0.359375,-0.377686,0.937500
-0.575439,0.002686,0.743774
0.342285,-0.109863,1.063477
-0.129883,-0.361328,0.753540
-0.324585,0.166016,0.910767
0.395264,-0.330933,0.980713
-0.558594,-0.010986,0.740112
0.274292,-0.061523,1.071167
-0.056641,-0.377808,0.803833
-0.408203,0.188599,0.904297
0.427002,-0.334229,0.984253
-0.523682,-0.083008,0.718018
0.188721,0.016602,1.052124
0.044189,-0.395508,0.827515
-0.472046,0.168579,0.870117
0.427368,-0.274536,1.018433
-0.481201,-0.170532,0.717163
0.102051,0.028076,1.034424
0.158081,-0.438599,0.861694
-0.539795,0.161377,0.842163
0.436035,-0.212158,1.037231
-0.333740,-0.228027,0.760376
-0.016235,0.095215,1.015747
0.236450,-0.438721,0.887695
-0.554688,0.073120,0.793091
0.421265,-0.177490,1.047852
-0.226318,-0.304199,0.744507
-0.145020,0.146484,0.984863
0.311157,-0.396240,0.922119
-0.564575,-0.006836,0.746216
0.402222,-0.157227,1.074951
-0.163452,-0.327148,0.747559
-0.274902,0.189453,0.952637
0.383545,-0.301392,0.983643
-0.532349,-0.064087,0.743652
0.312134,-0.115356,1.070435
-0.067993,-0.358398,0.800781
-0.399658,0.177002,0.880493
0.410400,-0.271729,1.014404
-0.459473,-0.159668,0.736816
0.167236,0.027710,1.071655
0.091797,-0.416626,0.842896
-0.512085,0.161255,0.844971
0.452637,-0.265015,1.042603
-0.353271,-0.244019,0.758789
0.007812,0.124146,1.037964
0.197632,-0.407349,0.865967
-0.534424,0.046265,0.804077
0.460938,-0.245483,1.065796
-0.239136,-0.318848,0.745117
-0.123657,0.177490,0.996704
0.309326,-0.380493,0.921997
-0.544800,-0.008057,0.762817
0.421265,-0.193970,1.078979
-0.166382,-0.341675,0.756104
-0.225708,0.160400,0.966064
0.359985,-0.350464,0.951538
-0.573853,-0.013184,0.740845
0.360962,-0.144531,1.064209
-0.094971,-0.347534,0.794312
-0.305054,0.158325,0.941772
0.399170,-0.283325,1.012085
-0.539917,-0.030273,0.743530
0.263916,-0.084106,1.067871
-0.001953,-0.410156,0.816895
-0.399170,0.165771,0.909180
0.442993,-0.270142,1.034668
-0.466187,-0.122314,0.735596
0.138428,0.051147,1.053589
0.095459,-0.404785,0.856689
-0.449585,0.143555,0.889038
0.468506,-0.261719,1.066406
-0.440674,-0.174072,0.743774
0.047119,0.088013,1.029419
0.207275,-0.418823,0.890137
-0.514038,0.068481,0.828247
0.465576,-0.232666,1.064819
-0.277466,-0.261841,0.763184
-0.037354,0.154785,1.029175
0.240845,-0.396118,0.866211
-0.526978,0.016357,0.797485
0.480347,-0.247803,1.078979
-0.205933,-0.323730,0.774170
-0.107788,0.151855,0.990479
0.294434,-0.350830,0.905273
-0.537231,0.006592,0.759033
0.457520,-0.229492,1.085571
-0.154175,-0.355591,0.778198
-0.203491,0.150635,0.970581
0.360962,-0.330200,0.956421
-0.554199,-0.009766,0.748169
0.395874,-0.179199,1.080322
-0.103882,-0.366455,0.805176
-0.267456,0.168091,0.960938
0.385620,-0.300659,0.994141
-0.531982,-0.022949,0.747314
0.338989,-0.108154,1.096313
-0.031738,-0.398315,0.815063
-0.357300,0.184937,0.933228
0.435303,-0.293579,1.024414
-0.491333,-0.101685,0.736206
0.247559,-0.036865,1.087036
0.062134,-0.390991,0.865845
-0.419800,0.164551,0.900391
0.469238,-0.266235,1.056274
-0.443604,-0.148071,0.753540
0.128296,0.040405,1.060059
0.161133,-0.421753,0.884277
-0.458984,0.114014,0.868408
0.468872,-0.217896,1.074585
-0.360474,-0.199707,0.775513
0.030762,0.100220,1.045898
0.241821,-0.415527,0.907593
-0.511230,0.051880,0.821655
0.481445,-0.181641,1.105835
-0.218872,-0.301758,0.764648
-0.076294,0.139526,1.021606
0.304688,-0.388550,0.928589
-0.518799,0.003052,0.792603
0.464111,-0.188110,1.104614
-0.146729,-0.324829,0.781616
-0.195923,0.182739,1.001587
0.375732,-0.333130,0.977417
-0.520264,-0.044312,0.777832
0.394531,-0.161987,1.105103
-0.076050,-0.367065,0.810669
-0.294678,0.188232,0.959717
0.435059,-0.296631,1.016724
-0.498169,-0.058838,0.769409
0.288940,-0.086548,1.091675
0.036987,-0.406738,0.853149
-0.374634,0.160034,0.916626
0.455811,-0.250610,1.044922
-0.416382,-0.131836,0.763062
0.166382,0.028687,1.081665
0.151978,-0.411377,0.896606
-0.449951,0.123657,0.885620
0.486694,-0.236450,1.081909
-0.349243,-0.208496,0.764038
0.049316,0.108521,1.064331
0.242188,-0.390015,0.922729
-0.481689,0.034790,0.833496
0.491333,-0.208496,1.109497
-0.205933,-0.316162,0.782471
-0.060425,0.162476,1.040161
0.306763,-0.352661,0.931152
-0.510254,-0.004272,0.795654
0.480835,-0.226562,1.107544
-0.132690,-0.364258,0.806763
-0.157593,0.166260,1.020020
0.371460,-0.315430,0.973022
-0.515381,-0.007568,0.777222
0.425659,-0.159546,1.120605
-0.059082,-0.388184,0.832031
-0.269165,0.182251,0.995605
0.429810,-0.301636,1.025024
-0.493164,-0.049072,0.765625
0.331421,-0.080811,1.123535
0.027832,-0.398193,0.860596
-0.338745,0.166382,0.942017
0.462646,-0.258423,1.068726
-0.438232,-0.129517,0.759155
0.224365,-0.001709,1.107300
0.131104,-0.429688,0.890381
-0.412964,0.140503,0.907959
0.497070,-0.229736,1.096313
-0.384277,-0.179688,0.767456
0.108276,0.080322,1.084839
0.230591,-0.444702,0.920654
-0.449829,0.080200,0.875244
0.503906,-0.202026,1.113403
-0.297852,-0.237061,0.787109
0.004395,0.125366,1.050293
0.302002,-0.403564,0.949707
-0.479248,0.025269,0.838379
0.506348,-0.171875,1.140381
-0.171265,-0.321167,0.789307
-0.106934,0.165283,1.035889
0.366211,-0.389771,0.969727
-0.479248,-0.030151,0.819580
0.472168,-0.147461,1.140991
-0.104004,-0.324097,0.808472
-0.197266,0.199097,1.012573
0.415649,-0.329346,1.017578
-0.493530,-0.062988,0.793579
0.413330,-0.124268,1.147583
-0.033325,-0.356079,0.838379
-0.285889,0.229370,0.999756
0.473633,-0.294556,1.055176
-0.467407,-0.083008,0.785889
0.309570,-0.062378,1.127808
0.080688,-0.393921,0.886719
-0.351929,0.167969,0.935791
0.490112,-0.239990,1.092529
-0.395874,-0.151978,0.784668
0.199097,0.020386,1.096558
0.188843,-0.416382,0.924438
-0.427124,0.114380,0.900879
0.514526,-0.218750,1.105103
-0.322510,-0.210083,0.786133
0.077881,0.120972,1.083008
0.277222,-0.389282,0.946899
-0.460205,0.033447,0.858276
0.528809,-0.194214,1.139526
-0.185669,-0.285645,0.821411
-0.049316,0.170654,1.066650
0.351807,-0.383667,0.967285
-0.466797,-0.006226,0.831543
0.501221,-0.165894,1.155273
-0.095825,-0.329468,0.816284
-0.151001,0.195068,1.037720
0.404663,-0.332397,1.000610
-0.480835,-0.054810,0.796387
0.442749,-0.130493,1.163086
-0.041748,-0.327881,0.859863
-0.246338,0.233276,1.028442
0.473145,-0.299194,1.072998
-0.459839,-0.096069,0.783081
0.338013,-0.065308,1.136230
0.059326,-0.361450,0.881958
-0.313232,0.174683,0.969482
0.504517,-0.271362,1.086792
-0.409668,-0.136841,0.797363
0.231812,0.007812,1.112549
0.174805,-0.434448,0.911987
-0.397095,0.132568,0.916748
0.524658,-0.223999,1.115479
-0.328735,-0.188354,0.792969
0.111328,0.101440,1.108643
0.280396,-0.424316,0.967896
-0.445068,0.079468,0.885620
0.522095,-0.198242,1.130615
-0.241455,-0.262695,0.822876
0.017212,0.170776,1.099243
0.341797,-0.378906,0.982544
-0.456787,0.010620,0.853394
0.505005,-0.182129,1.146240
-0.112549,-0.348145,0.836060
-0.090454,0.185303,1.067505
0.397949,-0.342896,1.007568
-0.455688,-0.030396,0.823120
0.467896,-0.121338,1.157715
-0.056885,-0.333130,0.848267
-0.182129,0.194092,1.033691
0.442871,-0.301270,1.044556
-0.454834,-0.070435,0.816284
0.398071,-0.080078,1.165283
0.009155,-0.335327,0.885010
-0.278931,0.196289,0.992554
0.504883,-0.276123,1.096680
-0.420166,-0.145142,0.786499
0.296631,-0.020264,1.142944
0.127808,-0.395264,0.908325
-0.334106,0.169678,0.957031
0.521484,-0.234131,1.118774
-0.359375,-0.182861,0.797974
0.178833,0.051147,1.118164
0.249878,-0.432739,0.950439
-0.412720,0.120483,0.923950
0.539185,-0.177856,1.150269
-0.281494,-0.222168,0.815063
0.039307,0.124512,1.079834
0.337280,-0.412598,0.995728
-0.430176,0.024780,0.868896
0.523315,-0.143677,1.169067
-0.133301,-0.266235,0.862061
-0.078857,0.197876,1.068237
0.410034,-0.368652,1.015015
-0.443115,-0.061523,0.832275
0.469727,-0.125244,1.169922
-0.031982,-0.316650,0.852905
-0.177124,0.220215,1.057617
0.461060,-0.299927,1.063599
-0.448120,-0.092407,0.809082
0.401245,-0.075562,1.178833
0.053833,-0.363525,0.898193
-0.283325,0.234863,1.017212
0.520996,-0.273804,1.101318
-0.402466,-0.130493,0.807617
0.261108,-0.005005,1.130737
0.189819,-0.390625,0.949341
-0.348145,0.143433,0.938599
0.533325,-0.213135,1.129639
-0.329102,-0.184326,0.814575
0.130127,0.081421,1.103882
0.312378,-0.430054,0.984497
-0.427734,0.088745,0.895874
0.541260,-0.156372,1.173584
-0.189087,-0.270752,0.846924
-0.015625,0.164062,1.087524
0.381958,-0.377197,1.007202
-0.460449,0.001465,0.844971
0.519165,-0.159302,1.172729
-0.034180,-0.344604,0.868896
-0.138672,0.223877,1.071655
0.429688,-0.302124,1.043213
-0.449829,-0.053711,0.827515
0.442139,-0.098022,1.186523
0.025146,-0.346436,0.911865
-0.249756,0.245239,1.051270
0.503906,-0.268921,1.103760
-0.435181,-0.100464,0.802979
0.321289,-0.026611,1.154907
0.147949,-0.396851,0.934082
-0.322266,0.176758,0.965820
0.566650,-0.267212,1.146484
-0.344727,-0.160278,0.830811
0.158813,0.088867,1.099487
0.260254,-0.434204,0.961182
-0.392334,0.085205,0.900757
0.552002,-0.207886,1.153809
-0.233276,-0.245117,0.853516
0.050293,0.187866,1.119751
0.329224,-0.415894,0.972778
-0.451904,0.042969,0.867920
0.550537,-0.200806,1.177979
-0.102783,-0.348267,0.873901
-0.047729,0.206543,1.086304
0.385864,-0.348022,1.003540
-0.474243,0.010132,0.833252
0.515503,-0.216431,1.169067
-0.008301,-0.394165,0.907959
-0.124756,0.188354,1.081543
0.433594,-0.313599,1.045166
-0.480957,0.013916,0.824097
0.462158,-0.100708,1.182129
0.020630,-0.364136,0.907471
-0.192139,0.194336,1.065308
0.489990,-0.304810,1.100708
-0.458496,-0.056396,0.807739
0.391479,-0.051270,1.168457
0.092407,-0.370972,0.918579
-0.274780,0.234985,1.035767
0.530396,-0.267822,1.120972
-0.418457,-0.100830,0.806274
0.311401,-0.011597,1.151978
0.133423,-0.385986,0.934448
-0.300659,0.160278,0.982788
0.560059,-0.263794,1.152344
-0.370605,-0.160522,0.810303
0.228149,0.052124,1.134033
0.218872,-0.412720,0.951538
-0.347412,0.122681,0.939697
0.568970,-0.243408,1.148193
-0.318359,-0.197632,0.824219
0.146606,0.113892,1.117310
0.289917,-0.420654,0.971069
-0.392578,0.085449,0.901855
0.566284,-0.217163,1.159058
-0.264526,-0.206177,0.843628
0.044922,0.160400,1.094971
0.358398,-0.427124,0.993774
-0.408569,0.040771,0.881226
0.528198,-0.141357,1.172729
-0.157227,-0.240845,0.876953
-0.028931,0.189453,1.082764
0.401245,-0.378540,1.018066
-0.438599,-0.008667,0.859619
0.505371,-0.125610,1.191406
-0.010010,-0.328735,0.903198
-0.116821,0.221680,1.073120
0.428955,-0.318970,1.036743
-0.457642,-0.039795,0.828247
0.457520,-0.119629,1.170044
0.031738,-0.381714,0.895386
-0.186279,0.235107,1.060425
0.465332,-0.282593,1.070435
-0.445068,-0.058838,0.822876
0.380737,-0.075928,1.146851
0.098267,-0.439453,0.902588
-0.269165,0.194214,1.011719
0.533813,-0.253174,1.132446
-0.406494,-0.092896,0.816162
0.275391,0.012573,1.129517
0.197388,-0.445190,0.934814
-0.333496,0.128906,0.964233
0.543945,-0.240356,1.139160
-0.337402,-0.156372,0.831055
0.164429,0.102539,1.104492
0.273193,-0.453369,0.952637
-0.399780,0.063477,0.891724
0.551270,-0.229980,1.158203
-0.250244,-0.238525,0.842896
0.050049,0.193481,1.101196
0.333252,-0.396362,0.980957
-0.442139,0.027832,0.868164
0.532227,-0.194092,1.168091
-0.157471,-0.308716,0.847412
-0.028198,0.236938,1.101685
0.387817,-0.346191,1.010742
-0.469482,0.014282,0.833252
0.512939,-0.192261,1.157959
-0.015991,-0.372437,0.874634
-0.124634,0.236938,1.078247
0.437500,-0.338623,1.037354
-0.455688,-0.030029,0.823730
0.447998,-0.118896,1.159546
0.043091,-0.410400,0.893799
-0.206543,0.199219,1.047607
0.476074,-0.303467,1.075928
-0.456543,-0.028320,0.823364
0.371094,-0.058228,1.144287
0.086182,-0.419189,0.911987
-0.250977,0.150269,1.015381
0.515259,-0.240845,1.134888
-0.417114,-0.101318,0.798096
0.286377,0.010498,1.121826
0.174316,-0.442017,0.930420
-0.349121,0.162231,0.971069
0.543457,-0.273438,1.123413
-0.362427,-0.157227,0.813721
0.206543,0.072021,1.107422
0.216187,-0.442383,0.928101
-0.384766,0.097412,0.905518
0.561157,-0.251099,1.138672
-0.308960,-0.197021,0.823608
0.101074,0.135742,1.097046
0.290649,-0.469238,0.933594
-0.407593,0.046143,0.865723
0.552246,-0.212158,1.150513
-0.257202,-0.225464,0.832764
0.016113,0.193970,1.078003
0.338257,-0.435181,0.958374
-0.437622,0.028564,0.846558
0.535767,-0.212158,1.156128
-0.185547,-0.273682,0.850098
-0.045410,0.229736,1.073730
0.373535,-0.359741,0.995239
-0.469360,0.028931,0.836182
0.502319,-0.244141,1.120728
-0.115234,-0.319580,0.882080
-0.099609,0.207275,1.054321
0.408447,-0.340576,1.019287
-0.454590,-0.029663,0.820679
0.460205,-0.145264,1.147339
-0.007812,-0.351318,0.872314
-0.169189,0.229980,1.042236
0.435669,-0.336426,1.019531
-0.460327,-0.060181,0.802124
0.418945,-0.100220,1.137939
0.055420,-0.379639,0.874634
-0.211914,0.199463,1.014648
0.467407,-0.295166,1.061157
-0.446777,-0.092407,0.785400
0.338135,-0.064087,1.101685
0.094482,-0.407715,0.882690
-0.287964,0.169800,0.980347
0.499023,-0.257080,1.098877
-0.433838,-0.119385,0.772339
0.261475,-0.006226,1.097412
0.171265,-0.449585,0.894775
-0.357178,0.139893,0.936401
0.513428,-0.242188,1.103516
-0.374512,-0.151367,0.791016
0.162964,0.053833,1.076904
0.242676,-0.472412,0.913330
-0.405396,0.058838,0.867676
0.524780,-0.232910,1.110596
-0.307739,-0.190918,0.807129
0.043213,0.140747,1.055908
0.329102,-0.484741,0.939331
-0.450317,0.008179,0.817017
0.499634,-0.174927,1.122559
-0.202881,-0.234253,0.827393
-0.052856,0.208618,1.063721
0.368652,-0.449585,0.957153
-0.474976,0.008301,0.815063
0.475952,-0.161743,1.123047
-0.111206,-0.280151,0.851807
-0.128906,0.228882,1.038574
0.395630,-0.376587,0.989380
-0.484253,-0.055420,0.787476
0.426880,-0.152466,1.114502
0.023438,-0.394775,0.867310
-0.205078,0.206421,0.996094
0.427856,-0.327026,1.006104
-0.458008,-0.054199,0.788208
0.352539,-0.097900,1.098145
0.067139,-0.447266,0.840088
-0.264771,0.153076,0.960205
0.483643,-0.292969,1.054199
-0.443970,-0.077271,0.783936
0.252563,-0.033813,1.052490
0.104126,-0.438354,0.856812
-0.329224,0.087769,0.907715
0.527222,-0.291626,1.089111
-0.416504,-0.127930,0.763428
0.137085,0.064941,1.048340
0.221436,-0.471924,0.889404
-0.407715,0.077515,0.863159
0.514038,-0.254517,1.084106
-0.334229,-0.189087,0.787964
0.051758,0.132690,1.043579
0.288940,-0.488159,0.905518
-0.534180,0.009521,0.752930
0.414551,-0.191895,1.052246
-0.242065,-0.245972,0.804077
-0.193359,0.202881,0.976562
0.353027,-0.348877,0.948730
-0.547485,-0.014771,0.745483
0.371582,-0.186768,1.026733
-0.002197,-0.422485,0.821411
-0.257446,0.185547,0.926758
0.385132,-0.313354,0.954102
-0.507568,-0.033203,0.750122
0.282104,-0.111450,1.011719
0.057739,-0.451416,0.815063
-0.312744,0.134277,0.883301
0.416382,-0.293335,0.969849
-0.505371,-0.049927,0.734985
0.211426,-0.023193,1.020264
0.108887,-0.515747,0.789917
-0.390503,0.115479,0.840088
0.438721,-0.280273,0.985840
-0.454834,-0.083984,0.750122
0.086182,0.060303,1.008057
0.153564,-0.471069,0.823120
-0.448364,0.052490,0.791504
0.451416,-0.249512,1.024658
-0.387207,-0.172485,0.743164
-0.003784,0.140747,1.014282
0.244629,-0.486328,0.852051
-0.531006,0.040283,0.748779
0.445557,-0.237427,1.021118
-0.234619,-0.238770,0.782104
-0.102051,0.218018,0.990967
0.293213,-0.377075,0.901611
-0.554688,0.008667,0.736450
0.401978,-0.209839,1.019043
-0.123901,-0.344727,0.778564
-0.173340,0.194946,0.959717
0.342163,-0.339844,0.928955
-0.546997,0.013794,0.756958
0.366333,-0.174927,1.013794
-0.015381,-0.436035,0.780396
-0.265503,0.171021,0.897217
0.394897,-0.311768,0.962646
-0.512329,-0.016602,0.754028
0.254272,-0.070312,0.996582
0.041138,-0.462402,0.788574
-0.368042,0.104126,0.838013
0.450195,-0.310303,0.984741
-0.457642,-0.080078,0.749390
0.123047,0.092651,1.005615
0.094727,-0.405518,0.810059
-0.449219,0.074707,0.791626
0.458496,-0.303589,1.006836
-0.400757,-0.159546,0.755981
0.041260,0.165161,1.031372
0.161987,-0.394043,0.826050
-0.532349,0.095947,0.760132
0.458740,-0.299561,0.992065
-0.289185,-0.239502,0.785522
-0.048950,0.168335,1.004639
0.258911,-0.379761,0.890259
-0.580200,0.108154,0.728271
0.420044,-0.201660,1.019043
-0.132690,-0.282471,0.817261
-0.127808,0.151245,0.970459
0.295898,-0.390137,0.894531
-0.574097,0.062988,0.736694
0.395508,-0.137573,1.013306
-0.059937,-0.338013,0.781982
-0.227539,0.198486,0.918213
0.381836,-0.321777,0.949829
-0.556030,-0.018677,0.730591
0.305542,-0.120728,0.988403
-0.002808,-0.435303,0.770874
-0.324707,0.161133,0.857666
0.417725,-0.318115,0.961426
-0.515503,-0.062744,0.739990
0.209229,-0.035400,0.994873
0.052612,-0.466309,0.768311
-0.396240,0.129150,0.814209
0.466309,-0.300903,0.984497
-0.472534,-0.040161,0.761597
0.077637,0.087158,0.999634
0.123901,-0.451172,0.805420
-0.491089,0.100708,0.777588
0.462646,-0.266357,1.004395
-0.353149,-0.139160,0.767212
-0.022461,0.201172,1.015625
0.229614,-0.415161,0.844604
-0.575439,0.055176,0.737183
0.437744,-0.256958,1.007690
-0.214722,-0.291870,0.772583
-0.076538,0.221436,0.993408
0.270874,-0.320068,0.889160
-0.605103,0.130981,0.735474
0.420288,-0.249634,0.996338
-0.098633,-0.359131,0.796509
-0.161621,0.129761,0.924683
0.332153,-0.312866,0.911987
-0.579590,0.140015,0.749023
0.338623,-0.084351,1.007812
-0.022583,-0.415405,0.785400
-0.261841,0.095093,0.869263
0.395264,-0.336548,0.943115
-0.553101,0.009399,0.718384
0.228882,0.019897,0.988037
0.008179,-0.390747,0.762939
-0.313232,0.101685,0.858643
0.433960,-0.300049,0.978516
-0.536011,-0.060913,0.726562
0.158081,0.037598,0.990479
0.056641,-0.421509,0.779419
-0.447388,0.157837,0.811523
0.452026,-0.257324,0.997192
-0.441284,-0.122559,0.742188
0.106689,0.070190,1.011841
0.119751,-0.381348,0.816162
-0.537842,0.152100,0.779175
0.461670,-0.236450,1.003052
-0.328491,-0.170288,0.779053
-0.018921,0.134155,0.989014
0.206909,-0.403320,0.845215
-0.566528,0.120850,0.752563
0.436523,-0.166016,1.019897
-0.224121,-0.221313,0.779663
-0.135864,0.189209,0.967896
0.303467,-0.434692,0.885742
-0.591064,0.046143,0.744751
0.395874,-0.121338,1.030273
-0.108154,-0.317993,0.750854
-0.217529,0.207764,0.911987
0.364380,-0.343140,0.929688
-0.559082,0.030273,0.745728
0.323730,-0.092529,1.006226
-0.028931,-0.400391,0.763672
-0.303833,0.172241,0.866089
0.400879,-0.292114,0.957397
-0.544678,-0.024658,0.726929
0.206909,-0.037109,0.974121
0.016968,-0.412476,0.776123
-0.388916,0.160522,0.838745
0.424316,-0.216797,0.980225
-0.472900,-0.062378,0.760376
0.091064,0.066406,1.001465
0.096436,-0.452393,0.798340
-0.497559,0.130371,0.797852
0.434937,-0.201660,0.996582
-0.356323,-0.102783,0.762085
0.002197,0.170776,1.001099
0.213135,-0.402710,0.841187
-0.586182,0.099609,0.761353
0.422363,-0.174561,1.022339
-0.198242,-0.297363,0.749023
-0.124390,0.213013,0.959839
0.307373,-0.351807,0.892578
-0.615845,0.099609,0.739746
0.379883,-0.149658,1.016602
-0.076538,-0.396973,0.772949
-0.237183,0.190674,0.902710
0.348267,-0.302002,0.905029
-0.585815,0.062378,0.738525
0.288208,-0.086426,0.979248
-0.005005,-0.421021,0.775513
-0.350220,0.156372,0.848999
0.383423,-0.246826,0.942871
-0.529419,0.023071,0.725342
0.182739,0.040039,0.994751
0.062622,-0.404541,0.799683
-0.457886,0.159180,0.836548
0.418091,-0.240234,0.969604
-0.451904,-0.071533,0.747925
0.076904,0.157227,1.024170
0.127686,-0.372681,0.817871
-0.547241,0.145508,0.801025
0.439941,-0.220581,1.004639
-0.328613,-0.195801,0.739746
-0.017090,0.180786,0.995117
0.218750,-0.364014,0.855225
-0.594238,0.131714,0.766235
0.412354,-0.182739,1.011230
-0.209595,-0.297119,0.746460
-0.122559,0.182983,0.946411
0.311768,-0.353271,0.897705
-0.605591,0.120605,0.745117
0.379028,-0.103394,1.018555
-0.114014,-0.353394,0.747070
-0.226929,0.176147,0.916992
0.355225,-0.344360,0.922485
-0.586548,0.063843,0.738892
0.309448,-0.049683,1.014038
-0.070312,-0.397705,0.722412
-0.351685,0.212158,0.870483
0.400024,-0.307129,0.941528
-0.533447,-0.040283,0.731689
0.193970,-0.000977,0.988525
-0.026733,-0.369385,0.770996
-0.429199,0.190308,0.837646
0.427002,-0.234497,0.981567
-0.473022,-0.114502,0.721802
0.090454,0.082275,1.017944
0.108032,-0.428589,0.804688
-0.549927,0.207031,0.809448
0.419189,-0.191772,0.995239
-0.338379,-0.180176,0.752686
-0.014282,0.168213,1.012085
0.204224,-0.405151,0.850708
-0.600220,0.124756,0.756958
0.407959,-0.149414,1.013794
-0.218628,-0.301270,0.723389
-0.128540,0.194458,0.971924
0.294678,-0.366089,0.897095
-0.617188,0.081299,0.737427
0.380493,-0.146606,1.011475
-0.135864,-0.350830,0.727051
-0.250854,0.219849,0.913696
0.354980,-0.345337,0.913818
-0.590454,0.067383,0.740723
0.293579,-0.097900,0.990845
-0.066162,-0.389771,0.753296
-0.353760,0.184082,0.867676
0.393677,-0.291382,0.948486
-0.570068,-0.007568,0.706665
0.190918,-0.002319,0.986206
0.011108,-0.404053,0.787109
-0.469482,0.200562,0.843628
0.401978,-0.245239,0.970947
-0.479370,-0.081909,0.722656
0.079834,0.113892,1.011597
0.091675,-0.400146,0.811890
-0.548828,0.183105,0.828125
0.418213,-0.215088,0.998047
-0.369507,-0.175903,0.733521
-0.008545,0.170288,1.013916
0.185059,-0.395142,0.845215
-0.609863,0.141602,0.783203
0.422852,-0.209473,1.016968
-0.249268,-0.302490,0.726807
-0.114380,0.190796,0.980835
0.256104,-0.355469,0.883423
-0.611328,0.110596,0.749268
0.405884,-0.184570,1.014893
-0.194458,-0.338013,0.722046
-0.213135,0.176270,0.934692
0.330200,-0.363647,0.911011
-0.599609,0.067993,0.735840
0.339478,-0.106323,1.018188
-0.129028,-0.386353,0.718994
-0.308472,0.195312,0.891235
0.367554,-0.359009,0.921265
-0.576538,0.010010,0.731812
0.279785,-0.050293,1.015747
-0.083618,-0.382812,0.724487
-0.403687,0.214966,0.860962
0.388306,-0.309448,0.946411
-0.538086,-0.080444,0.709473
0.197266,-0.018921,1.008789
-0.039185,-0.387817,0.766724
-0.479980,0.224609,0.849487
0.425659,-0.275391,0.977051
-0.509644,-0.104004,0.711060
0.072144,0.059570,1.008301
0.094971,-0.451416,0.808960
-0.540161,0.175781,0.825073
0.411865,-0.195801,1.001831
-0.386841,-0.131104,0.739868
-0.018555,0.143433,0.999634
0.204102,-0.424316,0.862061
-0.589600,0.121216,0.784912
0.399292,-0.167603,1.014038
-0.266968,-0.261475,0.716431
-0.122192,0.168823,0.974609
0.276367,-0.380493,0.887817
-0.617676,0.075806,0.740234
0.381714,-0.165771,1.020386
-0.178223,-0.354492,0.709961
-0.233765,0.191650,0.938110
0.329224,-0.333740,0.915283
-0.617065,0.036743,0.729492
0.324219,-0.163330,1.005859
-0.117188,-0.380249,0.750854
-0.347656,0.172241,0.881104
0.366699,-0.303467,0.940552
-0.573120,0.010986,0.715088
0.216309,-0.061279,0.989624
-0.016357,-0.407471,0.792969
-0.451294,0.182251,0.856323
0.393555,-0.266235,0.972412
-0.509644,-0.052734,0.692993
0.107300,0.097534,1.014282
0.059814,-0.384766,0.815186
-0.516846,0.147705,0.839966
0.414429,-0.269653,0.994995
-0.433228,-0.170776,0.709473
0.028564,0.180176,1.028320
0.129272,-0.411377,0.814331
-0.572876,0.132446,0.797119
0.435913,-0.244751,1.020874
-0.336670,-0.235962,0.725098
-0.058105,0.159180,0.992188
0.205444,-0.410034,0.850830
-0.597534,0.091553,0.760620
0.428101,-0.230835,1.025757
-0.270630,-0.322632,0.706543
-0.128540,0.134521,0.955933
0.275391,-0.387939,0.892944
-0.599487,0.083984,0.766846
0.392700,-0.177490,1.038452
-0.204224,-0.374390,0.707520
-0.215088,0.166260,0.946167
0.313354,-0.348511,0.924072
-0.591675,0.046265,0.749268
0.355713,-0.166870,1.033569
-0.161499,-0.380981,0.737305
-0.300903,0.160278,0.917847
0.363403,-0.342773,0.945801
-0.589844,-0.011841,0.718018
0.308105,-0.091064,1.035156
-0.099609,-0.357056,0.780151
-0.374756,0.175537,0.890747
0.389893,-0.328979,0.966309
-0.563232,0.007446,0.729736
0.232788,-0.053589,1.036499
-0.025513,-0.399658,0.794800
-0.452881,0.190430,0.871338
0.416016,-0.300293,0.988159
-0.527222,-0.065552,0.723511
0.134888,0.032227,1.017334
0.045044,-0.406860,0.819458
-0.481323,0.165405,0.855713
0.419067,-0.244629,1.010986
-0.463135,-0.132690,0.742798
0.056274,0.067139,1.020508
0.140625,-0.431396,0.850098
-0.546387,0.145508,0.818481
0.429199,-0.230225,1.015869
-0.334961,-0.235596,0.749634
-0.018921,0.113647,1.015381
0.209717,-0.430908,0.876221
-0.569458,0.067139,0.784180
0.427979,-0.189087,1.054810
-0.263550,-0.298584,0.727051
-0.120605,0.143066,0.988647
0.298950,-0.403931,0.907104
-0.578125,0.028564,0.753906
0.399658,-0.149292,1.063354
-0.183350,-0.331055,0.746582
-0.253296,0.174438,0.956665
0.360229,-0.394043,0.948975
-0.558472,-0.026489,0.756226
0.354248,-0.108643,1.075195
-0.141724,-0.334839,0.762573
-0.319946,0.169678,0.919067
0.397217,-0.308472,0.994141
-0.537109,-0.062378,0.747070
0.263062,-0.093628,1.053101
-0.039062,-0.396606,0.793335
-0.403442,0.188721,0.888550
0.424194,-0.259277,1.012329
-0.484253,-0.114990,0.744873
0.140869,0.014282,1.048950
0.079346,-0.448242,0.832275
-0.467773,0.127808,0.854126
0.439819,-0.242798,1.043945
-0.410645,-0.161621,0.758667
0.054321,0.087646,1.043335
0.185059,-0.424683,0.868408
-0.520752,0.088257,0.828979
0.459839,-0.217896,1.061523
-0.285522,-0.244019,0.766235
-0.060913,0.125122,0.998535
0.267700,-0.372925,0.919312
-0.531250,0.016357,0.792114
0.446045,-0.197144,1.076904
-0.204834,-0.318359,0.750977
-0.140015,0.136841,0.986084
0.317993,-0.344482,0.941406
-0.557861,-0.001953,0.767090
0.409424,-0.213379,1.068604
-0.135620,-0.381836,0.777832
-0.251709,0.180298,0.963501
0.380005,-0.317139,0.978149
-0.521118,0.015869,0.759399
0.332031,-0.096191,1.079834
-0.076660,-0.355713,0.819336
-0.315552,0.142456,0.948242
0.426514,-0.318604,1.014404
-0.493042,-0.056152,0.746094
0.259644,0.025269,1.105469
0.014160,-0.345215,0.853271
-0.402832,0.172852,0.919678
0.474365,-0.314941,1.049316
-0.433472,-0.174683,0.742676
0.161377,0.054688,1.088867
0.122803,-0.373657,0.882446
-0.455688,0.150513,0.872070
0.493164,-0.248779,1.081421
-0.393921,-0.225586,0.754517
0.065796,0.090088,1.063721
0.213135,-0.436523,0.897583
-0.489868,0.085327,0.845459
0.485352,-0.211182,1.093872
-0.282227,-0.247925,0.780518
-0.007324,0.142822,1.056030
0.278076,-0.386475,0.923462
-0.503052,0.034912,0.814209
0.482544,-0.210327,1.099731
-0.190186,-0.328369,0.769409
-0.099365,0.150391,1.020752
0.350830,-0.380249,0.952026
-0.509155,0.007324,0.804443
0.454834,-0.172974,1.126099
-0.131104,-0.351318,0.786133
-0.204468,0.166626,0.983765
0.402344,-0.334595,0.998657
-0.499390,-0.063599,0.788208
0.401733,-0.128906,1.129517
-0.075195,-0.342285,0.813354
-0.279907,0.204224,0.972900
0.447021,-0.301270,1.034424
-0.472656,-0.096069,0.786621
0.344238,-0.105347,1.125488
0.018799,-0.354492,0.863281
-0.355957,0.190430,0.926147
0.486572,-0.279419,1.057129
-0.405029,-0.163330,0.776733
0.235840,-0.009766,1.116333
0.130859,-0.395142,0.908447
-0.419067,0.156006,0.894165
0.498047,-0.228882,1.095093
-0.357300,-0.196167,0.792236
0.116699,0.062988,1.086548
0.248779,-0.434204,0.934448
-0.457397,0.091919,0.871216
0.508911,-0.185913,1.116699
-0.286865,-0.244141,0.788330
0.021851,0.119019,1.074341
0.322876,-0.394287,0.966187
-0.486694,0.041138,0.839111
0.499146,-0.159668,1.136475
-0.136353,-0.338623,0.802734
-0.069580,0.145752,1.039307
0.364136,-0.357422,0.986206
-0.487305,-0.030640,0.812012
0.480713,-0.153320,1.164795
-0.087646,-0.336182,0.830322
-0.180054,0.200928,1.032349
0.432007,-0.332153,1.023438
-0.481201,-0.065430,0.804443
0.417847,-0.110107,1.163696
-0.029907,-0.342529,0.852905
-0.254395,0.214600,1.015503
0.488159,-0.300537,1.066040
-0.460205,-0.098022,0.776855
0.351685,-0.072754,1.150757
0.069214,-0.392944,0.903687
-0.323975,0.183838,0.959351
0.513672,-0.274292,1.091064
-0.385498,-0.137329,0.809082
0.247192,0.020874,1.131714
0.160889,-0.425781,0.915771
-0.362671,0.125610,0.932007
0.522217,-0.236450,1.113281
-0.346558,-0.175903,0.806030
0.157227,0.072998,1.108765
0.254395,-0.441406,0.949097
-0.421997,0.085083,0.899902
0.541138,-0.204590,1.143311
-0.276001,-0.219727,0.813110
0.068359,0.151001,1.109985
0.318604,-0.403931,0.971558
-0.453125,0.056885,0.882690
0.547974,-0.212402,1.160034
-0.183228,-0.296387,0.859131
-0.031738,0.166504,1.069946
0.364502,-0.373047,0.987427
-0.451050,0.003418,0.843384
0.522949,-0.174316,1.183716
-0.071899,-0.347656,0.877930
-0.094849,0.184692,1.070190
0.393921,-0.354248,1.004272
-0.460571,-0.022949,0.831299
0.500610,-0.147949,1.183472
-0.047119,-0.356689,0.872192
-0.150146,0.207153,1.064697
0.440186,-0.335083,1.033569
-0.465942,-0.022827,0.825195
0.443970,-0.121582,1.169067
-0.011963,-0.341064,0.895508
-0.188110,0.196411,1.055542
0.482300,-0.290894,1.090820
-0.472168,-0.029785,0.810181
0.389038,-0.062012,1.176880
0.058472,-0.385132,0.929199
-0.252197,0.189819,1.036255
0.527100,-0.293701,1.108154
-0.430420,-0.080444,0.811401
0.325317,-0.004761,1.162842
0.113281,-0.374512,0.938232
-0.321045,0.187378,0.996094
0.562866,-0.270508,1.144043
-0.349731,-0.151855,0.825928
0.243774,0.085815,1.157959
0.187744,-0.411865,0.940918
-0.362671,0.113647,0.939209
0.574219,-0.248657,1.153564
-0.321167,-0.208740,0.816895
0.183960,0.135986,1.161499
0.268555,-0.412720,0.962891
-0.420410,0.117065,0.894165
0.558716,-0.231201,1.151123
-0.254272,-0.226440,0.842041
0.105591,0.143799,1.135620
0.326782,-0.413086,0.980957
-0.444214,0.068604,0.862305
0.546509,-0.188721,1.163330
-0.187378,-0.256714,0.854858
0.012939,0.211426,1.125854
0.383179,-0.406006,1.000122
-0.461914,0.047241,0.866943
0.531494,-0.186279,1.158936
-0.102051,-0.278076,0.893677
-0.076660,0.222412,1.084717
0.434937,-0.354004,1.043701
-0.450195,-0.038208,0.845947
0.482666,-0.116943,1.179565
0.008423,-0.345215,0.895996
-0.139282,0.221802,1.071777
0.454834,-0.305908,1.065063
-0.450928,-0.064087,0.826538
0.438599,-0.136230,1.163086
0.021851,-0.368286,0.893066
-0.183594,0.200439,1.055908
0.484253,-0.274048,1.088257
-0.444092,-0.050415,0.815063
0.375366,-0.077637,1.146240
0.098145,-0.421997,0.912354
-0.276978,0.182251,1.012817
0.534912,-0.240845,1.146484
-0.395508,-0.136108,0.804932
0.283569,0.025269,1.148438
0.174194,-0.417847,0.931274
-0.340942,0.138184,0.956787
0.571167,-0.258789,1.144165
-0.332642,-0.164307,0.826660
0.179932,0.105835,1.122925
0.250244,-0.427856,0.947388
-0.397339,0.074707,0.892700
0.571777,-0.240845,1.148193
-0.265991,-0.189697,0.852905
0.075195,0.160767,1.100586
0.334229,-0.443115,0.976929
-0.447876,0.065552,0.862793
0.532227,-0.195190,1.147827
-0.192749,-0.246826,0.849854
-0.001221,0.206543,1.107910
0.390015,-0.375977,1.011719
-0.454590,0.025146,0.842896
0.496826,-0.149170,1.144653
-0.062378,-0.336792,0.873413
-0.093384,0.189819,1.074097
0.429932,-0.337036,1.041260
-0.457642,0.001343,0.823364
0.439697,-0.124146,1.130737
0.019043,-0.401733,0.873779
-0.160278,0.172363,1.038818
0.482544,-0.313354,1.078979
-0.446655,-0.034424,0.807617
0.376343,-0.064087,1.126343
0.050781,-0.392456,0.880737
-0.237915,0.158203,1.000000
0.514038,-0.268921,1.120483
-0.424683,-0.127563,0.786743
0.324585,-0.008423,1.140503
0.127930,-0.402100,0.900635
-0.327148,0.187256,0.966797
0.530884,-0.263550,1.117920
-0.367188,-0.184570,0.811890
0.228149,0.011353,1.109497
0.200073,-0.428345,0.928833
-0.391479,0.104370,0.883911
0.542236,-0.224731,1.134766
-0.301147,-0.205444,0.813110
0.097534,0.131226,1.090820
0.281616,-0.473022,0.916016
-0.436279,0.031128,0.845581
0.545776,-0.243042,1.130005
-0.247192,-0.252197,0.818115
0.008179,0.211182,1.085327
0.344116,-0.403931,0.971069
-0.461914,0.024292,0.820312
0.490601,-0.207642,1.113159
-0.145386,-0.302979,0.842529
-0.062622,0.201294,1.057495
0.382935,-0.349487,1.000244
-0.471436,-0.010376,0.816284
0.462402,-0.165039,1.118042
-0.024048,-0.374023,0.865723
-0.151611,0.192139,1.032837
0.420410,-0.354492,1.016846
-0.472046,-0.046875,0.796265
0.416260,-0.136963,1.125977
0.030396,-0.396973,0.868408
-0.198975,0.163818,1.004395
0.462891,-0.319336,1.052246
-0.476440,-0.057617,0.778564
0.337646,-0.087280,1.085938
0.080322,-0.423340,0.853882
-0.253784,0.149658,0.979736
0.492676,-0.289795,1.061646
-0.442139,-0.084351,0.768799
0.239746,0.001465,1.064941
0.136108,-0.452026,0.875366
-0.337158,0.104248,0.931396
0.516357,-0.251465,1.105347
-0.399170,-0.135864,0.786377
0.145264,0.064209,1.057739
0.226562,-0.494995,0.888062
-0.416260,0.049316,0.847046
0.506958,-0.222168,1.099976
-0.327515,-0.200806,0.780029
0.041138,0.153076,1.057495
0.301025,-0.475830,0.903809
-0.463135,0.052246,0.815796
0.483154,-0.208740,1.087646
-0.208252,-0.256226,0.817627
-0.061768,0.187012,1.041504
0.340942,-0.424683,0.932495
-0.491699,-0.021362,0.782715
0.449585,-0.181763,1.103149
-0.089111,-0.328857,0.838379
-0.146973,0.210327,1.023682
0.401855,-0.370850,0.987427
-0.517212,-0.026978,0.773071
0.393188,-0.160645,1.077271
0.023682,-0.432739,0.842407
-0.215332,0.168213,0.983521
0.428345,-0.320068,1.015015
-0.506592,-0.051392,0.750366
0.317749,-0.079712,1.058838
0.078369,-0.409668,0.867065
-0.283203,0.099609,0.921997
0.456787,-0.298462,1.025635
-0.470093,-0.061157,0.759644
0.227417,-0.008911,1.041138
0.122681,-0.425415,0.862061
-0.352783,0.097046,0.901611
0.481445,-0.281128,1.046509
-0.437134,-0.128296,0.749634
0.131470,0.047241,1.032104
0.184814,-0.482910,0.856934
-0.413818,0.072388,0.848022
0.492432,-0.270752,1.060059
-0.375854,-0.206665,0.746094
0.045532,0.133667,1.033569
0.234985,-0.460571,0.873291
-0.459229,0.019531,0.802612
0.495972,-0.284912,1.053833
-0.292480,-0.221802,0.785645
-0.038818,0.177734,1.026489
0.278076,-0.428223,0.895508
-0.507324,-0.007446,0.760498
0.465820,-0.249634,1.070679
-0.194946,-0.284302,0.818115
-0.125366,0.213501,1.001099
0.327271,-0.424805,0.920776
-0.526245,0.004761,0.769653
0.418091,-0.193604,1.060913
-0.083862,-0.349976,0.812622
-0.181641,0.218384,0.991699
0.361206,-0.368774,0.948975
-0.530762,-0.025024,0.761597
0.352295,-0.158813,1.032471
0.006226,-0.449463,0.803345
-0.226562,0.153442,0.938232
0.404297,-0.329956,0.963745
-0.514771,-0.002686,0.762817
0.263184,-0.078979,1.005859
0.083008,-0.438354,0.832031
-0.309814,0.090454,0.887573
0.427124,-0.290894,0.998413
-0.486328,-0.066040,0.755371
0.157227,0.016479,0.993164
0.112671,-0.436523,0.823242
-0.408569,0.063843,0.818726
0.478760,-0.280884,1.045410
-0.418823,-0.155029,0.728638
0.063232,0.129517,1.024536
0.184937,-0.426636,0.833496
-0.499634,0.051025,0.777222
0.492065,-0.314331,1.026611
-0.323120,-0.254028,0.766968
-0.035034,0.171143,1.012573
0.243774,-0.415527,0.870972
-0.534058,0.048828,0.747681
0.451904,-0.251465,1.032227
-0.216064,-0.289551,0.777222
-0.097534,0.182739,1.009888
0.300903,-0.412476,0.895264
-0.570068,0.065430,0.750610
0.412354,-0.188110,1.042847
-0.093994,-0.343506,0.800415
-0.200073,0.201782,0.958130
0.363159,-0.385498,0.935669
-0.540894,-0.012573,0.741577
0.339600,-0.144897,1.012573
-0.013794,-0.437134,0.775024
-0.239258,0.141235,0.908569
0.396729,-0.325562,0.949585
-0.521729,-0.003052,0.756226
0.252441,-0.080444,0.981689
0.053589,-0.436646,0.792847
-0.337036,0.098877,0.844604
0.450439,-0.239746,0.997192
-0.420410,-0.098999,0.739746
0.039795,0.184448,1.013794
0.104736,-0.458984,0.786499
-0.541016,0.134766,0.775635
0.433594,-0.205566,0.997803
-0.339722,-0.183472,0.745728
-0.032227,0.168823,1.005005
0.241211,-0.426147,0.849976
-0.581055,0.126709,0.757935
0.428955,-0.155396,1.015625
-0.214355,-0.217529,0.769897
-0.121338,0.197144,0.958618
0.298828,-0.405884,0.890991
-0.584717,0.101074,0.747925
0.420410,-0.141724,1.039551
-0.133057,-0.315552,0.753174
-0.215942,0.200806,0.930908
0.336060,-0.356567,0.914307
-0.561401,0.039917,0.747192
0.369507,-0.105957,1.032349
-0.075928,-0.347900,0.745972
-0.290283,0.219116,0.877197
0.395874,-0.321777,0.936157
-0.563965,0.010376,0.734863
0.297119,-0.102539,0.992920
-0.020386,-0.414185,0.756104
-0.353760,0.200562,0.843262
0.408691,-0.269897,0.945435
-0.511597,-0.002930,0.747192
0.187500,0.012695,1.002441
0.036011,-0.428955,0.774536
-0.434814,0.168701,0.822632
0.426880,-0.245605,0.970093
-0.474487,-0.074707,0.725830
0.086060,0.104126,1.011475
0.116943,-0.418213,0.812134
-0.510742,0.163818,0.815186
0.436279,-0.221802,0.986694
-0.411011,-0.138550,0.730591
0.003418,0.170166,1.007568
0.188721,-0.406250,0.843018
-0.554565,0.121704,0.790161
0.427612,-0.161865,1.021362
-0.280151,-0.222656,0.731689
-0.076416,0.197266,0.977905
0.255859,-0.376099,0.869873
-0.589478,0.107666,0.766724
0.425903,-0.169800,1.026733
-0.192139,-0.294678,0.745239
-0.156616,0.176514,0.936401
0.314331,-0.353149,0.894287
-0.606567,0.109009,0.748657
0.393188,-0.136597,1.014282
-0.112061,-0.341553,0.754272
-0.250854,0.189331,0.895630
0.368896,-0.340088,0.922974
-0.584351,0.107910,0.747925
0.296631,-0.040527,0.998779
-0.068848,-0.384155,0.732910
-0.312988,0.179688,0.873291
0.386841,-0.317871,0.936890
-0.556519,-0.032593,0.718628
0.255371,0.001587,1.005371
-0.040527,-0.379517,0.742920
-0.396729,0.197510,0.846436
0.410889,-0.284546,0.959961
-0.510498,-0.079346,0.725708
0.163818,0.026245,1.005249
0.014404,-0.389282,0.777710
-0.488403,0.219971,0.831543
0.429688,-0.260498,0.978149
-0.443115,-0.103638,0.759399
0.081787,0.107056,1.011353
0.099976,-0.393433,0.823242
-0.554810,0.193848,0.817993
0.432983,-0.225586,0.988037
-0.353027,-0.156128,0.744629
-0.011353,0.183960,1.013062
0.206421,-0.410156,0.849365
-0.599243,0.132446,0.769531
0.398315,-0.157104,0.996582
-0.246094,-0.272949,0.726318
-0.098022,0.190063,0.981689
0.270386,-0.375610,0.888916
-0.628906,0.125854,0.744141
0.392456,-0.161743,1.011353
-0.158447,-0.348877,0.722534
-0.201782,0.180176,0.925781
0.325806,-0.335327,0.903198
-0.606445,0.071411,0.743896
0.336792,-0.081665,1.016602
-0.110840,-0.373779,0.733276
-0.307251,0.168457,0.888794
0.371826,-0.319092,0.935181
-0.590698,0.064575,0.720825
0.237793,-0.036133,0.983032
-0.032104,-0.401855,0.773926
-0.410034,0.178345,0.865723
0.410889,-0.284668,0.962280
-0.532715,-0.033936,0.707275
0.113647,0.108887,1.006348
0.037476,-0.379395,0.782104
-0.507446,0.151245,0.821289
0.414429,-0.277344,0.978271
-0.451782,-0.153564,0.712524
0.059448,0.118164,1.022339
0.112915,-0.375854,0.819824
-0.581177,0.191528,0.808350
0.429077,-0.243774,0.990356
-0.334473,-0.205811,0.753296
-0.031250,0.121826,0.983521
0.206055,-0.411987,0.857666
-0.610718,0.171997,0.779663
0.398926,-0.178711,0.988647
-0.240601,-0.271973,0.744995
-0.145386,0.166992,0.957153
0.291382,-0.399902,0.902466
-0.612061,0.055542,0.747070
0.372925,-0.135010,1.029663
-0.202759,-0.347290,0.685913
-0.228149,0.169556,0.935303
0.347778,-0.340698,0.934937
-0.608276,0.015259,0.730347
0.300415,-0.104370,1.014648
-0.133911,-0.390015,0.715332
-0.341187,0.190308,0.886475
0.387085,-0.344482,0.942261
-0.563477,-0.011719,0.727661
0.214478,-0.044189,0.998779
-0.056152,-0.360718,0.766113
-0.457886,0.206177,0.859131
0.417603,-0.307739,0.967407
-0.494019,-0.114136,0.722778
0.091553,0.049683,1.007935
0.053223,-0.405151,0.802246
-0.546997,0.189697,0.823364
0.412964,-0.243408,0.985718
-0.379639,-0.195923,0.737183
-0.015381,0.134155,1.007202
0.180908,-0.393555,0.861938
-0.596558,0.069336,0.766602
0.402954,-0.204468,1.020874
-0.245972,-0.343018,0.690796
-0.151367,0.167358,0.958862
0.283691,-0.341064,0.891724
-0.611572,0.066772,0.743042
0.360962,-0.180542,1.016357
-0.158936,-0.392700,0.715820
-0.276733,0.128052,0.887085
0.349976,-0.306641,0.945312
-0.591187,0.018311,0.708008
0.254883,-0.074585,1.010254
-0.063477,-0.390625,0.772827
-0.426147,0.179077,0.878906
0.395630,-0.312500,0.967529
-0.519409,-0.107056,0.710815
0.126343,0.053101,1.021362
0.042725,-0.390747,0.804077
-0.534912,0.190186,0.835938
0.436401,-0.257446,1.010010
-0.388916,-0.160034,0.765991
-0.011841,0.109375,1.002930
0.168945,-0.416016,0.855347
-0.556763,0.092529,0.780396
0.421143,-0.191650,1.037842
-0.271484,-0.304199,0.721069
-0.121582,0.160156,0.983887
0.264160,-0.374146,0.885742
-0.572388,0.075317,0.773682
0.391602,-0.186890,1.033813
-0.203857,-0.352905,0.725220
-0.242798,0.152222,0.940308
0.344116,-0.333130,0.939697
-0.584106,0.019165,0.746460
0.306641,-0.124146,1.035156
-0.124756,-0.361816,0.768677
-0.329834,0.131104,0.896973
0.381714,-0.310059,0.975342
-0.537598,-0.033325,0.719238
0.214111,-0.026123,1.028809
-0.012085,-0.381226,0.813110
-0.453857,0.183838,0.885620
0.403809,-0.283569,0.994263
-0.474609,-0.161133,0.713501
0.112671,0.078491,1.032715
0.085083,-0.393555,0.836304
-0.538208,0.151123,0.836548
0.435547,-0.269897,1.018555
-0.358643,-0.226562,0.737915
0.017822,0.130737,1.036377
0.179199,-0.388550,0.863770
-0.569458,0.095581,0.792480
0.441162,-0.247070,1.033325
-0.271118,-0.326050,0.730347
-0.065918,0.112305,1.000366
0.260254,-0.391357,0.889771
-0.562744,0.101685,0.788086
0.414795,-0.204468,1.040527
-0.208740,-0.343506,0.728638
-0.190063,0.135864,0.972412
0.333984,-0.359985,0.948730
-0.553955,-0.007202,0.746216
0.367554,-0.106323,1.073853
-0.153931,-0.325073,0.763550
-0.296143,0.174316,0.953247
0.390869,-0.361816,0.967285
-0.539917,-0.060791,0.757202
0.313965,-0.090576,1.078857
-0.076416,-0.337524,0.803345
-0.377441,0.177734,0.894165
0.425049,-0.310669,1.005859
-0.490234,-0.133667,0.727905
0.221680,-0.017822,1.084839
0.033691,-0.378784,0.840210
-0.457031,0.184448,0.885864
0.452881,-0.275391,1.027832
-0.455078,-0.144775,0.742798
0.126953,0.042847,1.057495
0.156860,-0.419189,0.885010
-0.500000,0.123535,0.848511
0.458252,-0.228149,1.058228
-0.341187,-0.253906,0.745728
0.007568,0.132446,1.039429
0.226074,-0.400269,0.885986
-0.518555,0.049194,0.828979
0.473389,-0.240479,1.078369
-0.226685,-0.328491,0.761841
-0.080811,0.133179,1.003418
0.284058,-0.357544,0.913818
-0.530518,0.020874,0.778198
0.475830,-0.216553,1.114136
-0.160400,-0.385254,0.768677
-0.178711,0.134399,0.987183
0.357910,-0.337402,0.963623
-0.539795,0.007812,0.768188
0.397095,-0.158569,1.099976
-0.101196,-0.398315,0.809204
-0.267090,0.164185,0.981689
0.419067,-0.335693,1.010132
-0.508545,-0.003418,0.772217
0.320190,-0.041504,1.109619
-0.030273,-0.333252,0.842163
-0.336792,0.158936,0.955078
0.477905,-0.342407,1.047119
-0.454834,-0.105713,0.767578
0.242065,0.021362,1.114502
0.073364,-0.359619,0.872314
-0.421143,0.146362,0.875244
0.483765,-0.246582,1.086182
-0.380859,-0.215942,0.771484
0.145264,0.046753,1.086792
0.205322,-0.421387,0.901733
-0.491211,0.137695,0.864868
0.494019,-0.230347,1.078613
-0.275024,-0.271484,0.794556
0.022827,0.119019,1.075806
0.281250,-0.400024,0.933472
-0.500977,0.050171,0.823853
0.482056,-0.183350,1.110596
-0.144897,-0.313965,0.807495
-0.068359,0.146606,1.056152
0.317749,-0.328735,0.955200
-0.515991,-0.007812,0.797241
0.488159,-0.226685,1.126099
-0.102661,-0.341797,0.834229
-0.183105,0.201904,1.038330
0.407104,-0.308472,1.024292
-0.506592,-0.041626,0.785645
0.414795,-0.144165,1.134155
-0.020630,-0.344727,0.865112
-0.269287,0.200439,1.001221
0.470459,-0.305664,1.055176
-0.482300,-0.064331,0.763184
0.324341,-0.073242,1.123169
0.075073,-0.386353,0.891479
-0.327515,0.162109,0.946777
0.496948,-0.252075,1.091309
-0.411255,-0.137329,0.776123
0.216675,0.009155,1.106812
0.173706,-0.430542,0.914917
-0.393311,0.145630,0.923584
0.522583,-0.233154,1.115234
-0.357178,-0.199829,0.789062
0.134644,0.093018,1.109619
0.250244,-0.407715,0.934692
-0.421509,0.108032,0.893433
0.536255,-0.215210,1.125244
-0.269653,-0.254883,0.819092
0.020752,0.124634,1.076050
0.319092,-0.402954,0.966064
-0.443115,0.023804,0.853638
0.527832,-0.170044,1.162964
-0.139404,-0.295532,0.840210
-0.060059,0.186157,1.077393
0.373169,-0.364502,0.986328
-0.468872,0.000488,0.835938
0.509888,-0.174927,1.165039
-0.071777,-0.329712,0.860229
-0.129028,0.221924,1.074585
0.414429,-0.321655,1.024536
-0.467285,-0.035156,0.819824
0.470581,-0.147217,1.164185
-0.012085,-0.331177,0.885010
-0.220581,0.229614,1.048706
0.470703,-0.278564,1.084717
-0.447266,-0.076172,0.811401
0.386230,-0.097412,1.158813
0.040771,-0.364868,0.905640
-0.270264,0.180786,0.995605
0.527710,-0.271362,1.119751
-0.399048,-0.123901,0.800781
0.274658,0.019775,1.150024
0.173706,-0.429688,0.916382
-0.331055,0.155640,0.964844
0.534302,-0.240479,1.124878
-0.339722,-0.176758,0.804810
0.182495,0.089478,1.121216
0.261597,-0.420532,0.958008
-0.399658,0.106323,0.913086
0.549438,-0.233032,1.146362
-0.272461,-0.226440,0.831055
0.082520,0.155273,1.108398
0.319580,-0.383911,0.980347
-0.425049,0.059448,0.883667
0.542603,-0.196167,1.169067
-0.157471,-0.301636,0.859131
-0.019531,0.210083,1.100220
0.374268,-0.363159,0.994995
-0.438354,-0.002441,0.851685
0.516602,-0.148315,1.175415
-0.466064,0.007690,0.846924
0.478638,-0.120361,1.174805
0.007324,-0.345215,0.893066
-0.168091,0.203247,1.057373
0.471313,-0.280884,1.083618
-0.432983,-0.059448,0.835571
0.386841,-0.043701,1.165527
0.062866,-0.387573,0.904175
-0.235229,0.156372,1.021973
0.510620,-0.214233,1.143188
-0.407593,-0.125610,0.791992
0.302612,-0.002563,1.151855
0.170166,-0.404419,0.941650
-0.322632,0.120483,0.952881
0.550293,-0.224243,1.164551
-0.348022,-0.195679,0.814819
0.193359,0.075073,1.126099
0.267822,-0.425049,0.956787
-0.387329,0.119751,0.904297
0.565063,-0.225586,1.142334
-0.276123,-0.205078,0.838379
0.057495,0.136597,1.090698
0.341064,-0.432617,0.994751
-0.400146,0.038452,0.891357
0.526978,-0.117065,1.186523
-0.169067,-0.231445,0.877441
-0.052856,0.203491,1.083374
0.406128,-0.393433,1.019653
-0.444824,-0.022217,0.838379
0.496338,-0.109375,1.189331
-0.011597,-0.319702,0.906982
-0.138184,0.224976,1.070068
0.443726,-0.332764,1.051758
-0.449951,-0.051758,0.820190
0.436157,-0.097046,1.160034
0.055298,-0.353516,0.910034
-0.213379,0.238525,1.053711
0.483521,-0.260254,1.087036
-0.434326,-0.087402,0.805908
0.335815,-0.048584,1.132080
0.126343,-0.401855,0.919922
-0.296265,0.187622,0.983276
0.520752,-0.241455,1.131836
-0.369751,-0.159790,0.817749
0.214355,0.028320,1.113770
0.223511,-0.457397,0.928223
-0.372925,0.088623,0.894775
0.544312,-0.221313,1.128418
-0.287720,-0.193604,0.817505
0.079956,0.172729,1.095825
0.316895,-0.450073,0.959351
-0.430298,0.032837,0.861572
0.527344,-0.214966,1.159302
-0.193237,-0.290283,0.848633
-0.017822,0.202148,1.089355
0.359741,-0.373657,0.997070
-0.479248,0.001587,0.821411
0.503052,-0.166504,1.160400
-0.047485,-0.363770,0.873779
-0.108765,0.243896,1.084839
0.391724,-0.337402,1.005615
-0.473633,-0.016235,0.812134
0.447510,-0.175659,1.121338
0.027222,-0.399658,0.890747
-0.172729,0.220459,1.069214
0.446167,-0.324463,1.037354
-0.468994,-0.007568,0.803101
0.385620,-0.117920,1.100586
0.072021,-0.396606,0.900269
-0.210815,0.142944,1.011963
0.464478,-0.270020,1.071411
-0.459595,-0.058960,0.778931
0.316284,-0.058350,1.098633
0.098022,-0.401245,0.900757
-0.270386,0.138794,0.990112
0.509766,-0.273682,1.093628
-0.453369,-0.075806,0.775024
0.228638,0.023071,1.066650
0.172119,-0.422485,0.916504
-0.341797,0.104614,0.944824
0.512695,-0.262451,1.114990
-0.413818,-0.140625,0.764771
0.165161,0.083618,1.071899
0.206177,-0.432617,0.894287
-0.385986,0.050903,0.879028
0.538452,-0.295288,1.093872
-0.337402,-0.202393,0.789062
0.067627,0.160400,1.061890
0.265381,-0.436035,0.919678
-0.430786,0.008789,0.827759
0.512329,-0.243530,1.106445
-0.294556,-0.247314,0.792725
0.004395,0.175293,1.058960
0.312134,-0.453003,0.921265
-0.468384,-0.002930,0.788208
0.487793,-0.218262,1.112183
-0.207397,-0.288696,0.806030
-0.074585,0.211670,1.051270
0.335693,-0.407471,0.936401
-0.503906,-0.000366,0.794800
0.460693,-0.215454,1.098389
-0.087036,-0.341431,0.838989
-0.146729,0.217163,1.020264
0.374146,-0.356567,0.969360
-0.505615,-0.022827,0.776367
0.412720,-0.183716,1.090210
-0.008423,-0.421387,0.841797
-0.189941,0.191650,1.005859
0.390137,-0.313721,0.984253
-0.505005,-0.052856,0.758423
0.355835,-0.137329,1.064575
0.059692,-0.461792,0.839478
-0.273804,0.162231,0.948120
0.445435,-0.316772,1.013794
-0.475220,-0.067017,0.756714
0.257080,-0.039185,1.040039
0.098877,-0.466553,0.834717
-0.325806,0.106079,0.911377
0.456055,-0.290405,1.025879
-0.451660,-0.107300,0.753052
0.165771,0.026611,1.026978
0.146729,-0.461548,0.843506
-0.396240,0.074097,0.860474
0.495483,-0.287231,1.048950
-0.403442,-0.146729,0.751953
0.070068,0.142822,1.051270
0.218140,-0.420166,0.868774
-0.470459,-0.007080,0.781616
0.492798,-0.302246,1.048462
-0.321289,-0.218628,0.786011
-0.014160,0.184082,1.032227
0.264648,-0.401245,0.894165
-0.514404,0.030273,0.760010
0.459961,-0.286255,1.043457
-0.242676,-0.264160,0.795288
-0.081299,0.166260,1.008667
0.322388,-0.410522,0.925293
-0.539429,0.044312,0.762695
0.434082,-0.204346,1.053833
-0.143921,-0.299683,0.817383
-0.163086,0.192261,0.986328
0.359741,-0.420288,0.929199
-0.516357,-0.006592,0.765747
0.384888,-0.123535,1.056030
-0.078979,-0.361206,0.784546
-0.227905,0.178589,0.944580
0.414062,-0.427490,0.942871
-0.512939,-0.057617,0.748291
0.314209,-0.101562,1.013184
0.009277,-0.406006,0.800659
-0.276367,0.156494,0.911011
0.411865,-0.338745,0.978394
-0.498291,-0.107178,0.728271
0.263306,-0.052734,1.017822
0.043945,-0.464600,0.777344
-0.348511,0.150513,0.873169
0.437622,-0.343628,0.964111
-0.484985,-0.080933,0.755005
0.187500,-0.019897,0.997803
0.086182,-0.466431,0.797119
-0.384521,0.090820,0.822388
0.440796,-0.269409,1.007324
-0.453491,-0.096802,0.765137
0.116455,0.001099,0.993286
0.122070,-0.496704,0.793945
-0.449829,0.103760,0.793945
0.461304,-0.233398,1.014648
-0.394287,-0.160034,0.742554
0.025513,0.101807,1.016602
0.194092,-0.486206,0.835327
-0.493774,0.049316,0.767700
0.477661,-0.253418,1.027954
-0.338745,-0.157715,0.759277
-0.065063,0.213135,1.008301
0.258179,-0.439941,0.863281
-0.520142,0.034912,0.756836
0.436157,-0.237549,1.019043
-0.260498,-0.221313,0.775635
-0.111328,0.216064,0.994019
0.300293,-0.450195,0.885010
-0.543823,0.007812,0.747681
0.406494,-0.171753,1.037231
-0.165405,-0.262451,0.779541
-0.185791,0.228638,0.958008
0.341919,-0.412842,0.909790
-0.548096,-0.002319,0.752441
0.372192,-0.123657,1.036865
-0.062500,-0.344971,0.781494
-0.239136,0.196411,0.911865
0.361938,-0.342651,0.939087
-0.547363,-0.040894,0.734741
0.322876,-0.117676,1.012817
0.002441,-0.426758,0.776123
-0.305298,0.168457,0.874512
0.395264,-0.309692,0.945679
-0.529175,-0.051758,0.737183
0.240356,-0.066284,0.997925
0.047607,-0.488770,0.753052
-0.371094,0.163086,0.845093
0.437988,-0.259521,0.977295
-0.508667,-0.025757,0.749268
0.132446,0.034790,0.987915
0.103760,-0.446655,0.802490
-0.459106,0.101440,0.793457
0.444580,-0.241333,0.995972
-0.427612,-0.078125,0.761230
0.041138,0.137939,1.000854
0.169434,-0.428955,0.821167
-0.540039,0.093872,0.753174
0.446533,-0.231934,1.014648
-0.317017,-0.200684,0.748779
-0.050903,0.217163,1.013794
0.243286,-0.406494,0.855347
-0.580933,0.071045,0.736816
0.432739,-0.212036,1.025879
-0.187622,-0.291016,0.769043
-0.116577,0.221558,0.971191
0.282715,-0.334595,0.884766
-0.593384,0.088745,0.753052
0.412720,-0.199585,1.020752
-0.092407,-0.340088,0.790405
-0.190796,0.190674,0.920532
0.336304,-0.306030,0.914673
-0.583374,0.070190,0.752686
0.344727,-0.120850,1.014771
-0.029175,-0.429810,0.758301
-0.260742,0.169312,0.886108
0.369019,-0.289673,0.933350
-0.568359,0.018921,0.720337
0.271729,-0.054443,0.991943
0.007690,-0.435791,0.745972
-0.346191,0.138428,0.846069
0.409790,-0.274292,0.955444
-0.534058,-0.036865,0.729736
0.171753,0.024780,0.980469
0.048828,-0.421021,0.782471
-0.430542,0.149536,0.832764
0.434570,-0.246338,0.978394
-0.494019,-0.028198,0.727051
0.104614,0.091064,0.996704
0.118164,-0.444458,0.807007
-0.514038,0.160522,0.812866
0.452515,-0.213623,0.995850
-0.400391,-0.104614,0.753174
0.010132,0.174683,1.005615
0.173218,-0.405884,0.830078
-0.550049,0.112549,0.778809
0.432373,-0.202515,1.009155
-0.281006,-0.224976,0.750854
-0.071533,0.220093,0.991699
0.237061,-0.354370,0.862183
-0.587646,0.105103,0.753052
0.438110,-0.193726,1.021118
-0.195557,-0.294800,0.749878
-0.123413,0.186523,0.955078
0.283691,-0.333252,0.878906
-0.612549,0.101196,0.737305
0.422974,-0.189819,1.019531
-0.123047,-0.370483,0.735596
-0.204468,0.215820,0.922852
0.328491,-0.313721,0.899536
-0.601196,0.101196,0.748291
0.353271,-0.142700,0.999756
-0.092896,-0.402710,0.746948
-0.278931,0.165649,0.883545
0.390625,-0.334229,0.924194
-0.576294,0.088745,0.736084
0.260010,-0.007202,0.990356
-0.042114,-0.384766,0.752686
-0.346924,0.155762,0.861328
0.399536,-0.303589,0.941895
-0.559326,-0.013672,0.714233
0.218872,-0.004517,0.995850
-0.002686,-0.409668,0.748657
-0.420166,0.209961,0.847046
0.407349,-0.263184,0.944824
-0.515503,-0.052734,0.721924
0.132324,0.011597,0.992798
0.060059,-0.432739,0.796021
-0.512451,0.203247,0.812622
0.407104,-0.211304,0.975220
-0.445435,-0.106445,0.717285
0.069336,0.124268,1.027100
0.127808,-0.401123,0.833740
-0.571899,0.194702,0.810059
0.425293,-0.206787,0.977783
-0.349121,-0.157959,0.738159
-0.014160,0.173462,1.006348
0.192749,-0.398560,0.850586
-0.608154,0.177368,0.775269
0.438110,-0.198730,1.005005
-0.272949,-0.243286,0.725464
-0.095093,0.195923,0.978882
0.255127,-0.373779,0.887085
-0.602295,0.113770,0.751953
0.391968,-0.143677,1.021729
-0.215332,-0.315552,0.711304
-0.185913,0.180908,0.946411
0.321411,-0.408081,0.891968
-0.611206,0.090698,0.749878
0.377808,-0.114990,1.020508
-0.155029,-0.367920,0.703003
-0.290649,0.201050,0.898682
0.362915,-0.377075,0.919312
-0.581299,0.023438,0.728149
0.318604,-0.074341,1.027344
-0.109497,-0.377808,0.725220
-0.369263,0.227051,0.876953
0.394165,-0.356812,0.926147
-0.559326,-0.003540,0.717041
0.237549,-0.025269,1.015259
-0.064697,-0.393555,0.743652
-0.424561,0.230347,0.866577
0.395020,-0.300659,0.952393
-0.547607,-0.080933,0.700684
0.158936,0.012329,1.012329
-0.000366,-0.404175,0.777832
-0.520264,0.238647,0.856567
0.424072,-0.289795,0.975464
-0.479858,-0.119629,0.731812
0.079102,0.069336,1.016113
0.084473,-0.408325,0.812744
-0.557007,0.210815,0.825928
0.424683,-0.252808,0.982300
-0.400635,-0.173096,0.732178
0.002808,0.094849,1.010010
0.175659,-0.435425,0.833130
-0.595703,0.157471,0.793457
0.413330,-0.203247,1.001953
-0.297607,-0.272095,0.721313
-0.103882,0.156006,0.979492
0.250488,-0.391602,0.884521
-0.599854,0.076538,0.759399
0.386597,-0.153564,1.035522
-0.235596,-0.329102,0.699097
-0.201538,0.157593,0.945312
0.321655,-0.393677,0.907471
-0.590210,0.039185,0.755981
0.350342,-0.143311,1.026611
-0.176514,-0.326904,0.726440
-0.292236,0.164062,0.901367
0.363037,-0.358521,0.936401
-0.594971,-0.018921,0.716187
0.292236,-0.104248,1.031006
-0.102295,-0.389526,0.741943
-0.390625,0.203003,0.888428
0.395996,-0.311157,0.964233
-0.551514,-0.026733,0.721436
0.198975,-0.030029,1.017822
-0.005981,-0.421509,0.795898
-0.479980,0.204712,0.864868
0.397217,-0.259766,0.986450
-0.498291,-0.106323,0.718018
0.096558,0.054321,1.017334
0.083740,-0.421509,0.830444
-0.526123,0.152344,0.830444
0.418945,-0.224243,1.018188
-0.410522,-0.173706,0.719238
0.014282,0.107422,1.025391
0.169556,-0.415649,0.854492
-0.571411,0.108887,0.799438
0.435181,-0.219604,1.032349
-0.291626,-0.289429,0.715698
-0.088867,0.152832,0.999634
0.245728,-0.403442,0.874878
-0.579468,0.058838,0.785400
0.435547,-0.228149,1.037476
-0.226685,-0.346680,0.702759
-0.198242,0.169312,0.958862
0.312744,-0.368896,0.901611
-0.572388,0.001465,0.766968
0.391235,-0.203857,1.048828
-0.176880,-0.362915,0.736450
-0.272827,0.167603,0.925781
0.352783,-0.328491,0.953003
-0.574829,-0.025513,0.730225
0.338013,-0.157104,1.056763
-0.106934,-0.394043,0.775879
-0.330566,0.176270,0.920288
0.384155,-0.302002,0.982300
-0.412964,-0.128906,0.773193
0.177490,0.046143,1.093384
-0.031982,-0.370728,0.830200
-0.432129,0.101440,0.901245
0.511963,-0.251953,1.105957
-0.490601,-0.056763,0.743530
0.082275,0.158936,1.101196
0.229370,-0.400879,0.911377
-0.443237,0.046875,0.859619
0.533936,-0.240723,1.119263
-0.261353,-0.272949,0.809204
0.004517,0.190796,1.088989
0.292480,-0.395752,0.924683
-0.472412,0.024536,0.853149
0.518799,-0.223877,1.138916
-0.145508,-0.330566,0.832764
-0.047485,0.188721,1.080811
0.325195,-0.334473,0.953613
-0.481201,-0.001709,0.825195
0.500000,-0.201660,1.156494
-0.109741,-0.376587,0.823120
-0.102417,0.177124,1.063843
0.383667,-0.331787,0.993408
-0.485107,-0.009399,0.822021
0.476685,-0.157715,1.164795
-0.077393,-0.382935,0.827271
-0.183350,0.200928,1.041016
0.446655,-0.324829,1.046631
-0.465454,-0.033447,0.815552
0.411377,-0.076294,1.160645
-0.015869,-0.348755,0.868896
-0.233521,0.185303,1.030640
0.480713,-0.305054,1.080444
-0.460083,-0.078735,0.788208
0.370728,-0.049194,1.165771
0.065918,-0.368042,0.898438
-0.304077,0.210815,1.002319
0.516968,-0.273804,1.114014
-0.412476,-0.128540,0.795044
0.299072,-0.031860,1.146729
0.138428,-0.396729,0.926636
-0.320312,0.153809,0.964600
0.538452,-0.233032,1.129883
-0.371216,-0.157227,0.808472
0.199707,0.059082,1.125000
0.229370,-0.422119,0.953613
-0.376587,0.103638,0.924927
0.568237,-0.235840,1.150635
-0.299438,-0.198364,0.827026
0.087891,0.146484,1.104004
0.299438,-0.396973,0.986084
-0.421021,0.040283,0.876099
0.545532,-0.210815,1.160645
-0.205811,-0.267578,0.861084
0.029175,0.210571,1.118652
0.335449,-0.365845,0.982056
-0.437500,-0.011719,0.849854
0.541504,-0.195068,1.177002
-0.078613,-0.360474,0.868164
-0.054688,0.224121,1.097900
0.389282,-0.344604,0.996826
-0.464355,-0.002441,0.838623
0.514038,-0.194214,1.179077
-0.007568,-0.405273,0.880981
-0.125366,0.198975,1.081177
0.430908,-0.276245,1.056030
-0.482056,-0.005127,0.817383
0.454346,-0.121826,1.174194
0.045166,-0.417480,0.909424
-0.223267,0.193726,1.053955
0.493774,-0.264282,1.110840
-0.436035,-0.036499,0.814575
0.365845,-0.019287,1.162109
0.105103,-0.417114,0.917114
-0.270630,0.143066,1.007568
0.539917,-0.251953,1.140747
-0.387573,-0.115845,0.813721
0.267456,0.061523,1.143311
0.200562,-0.428223,0.953735
-0.345459,0.109497,0.952759
0.563232,-0.264771,1.165894
-0.339478,-0.197021,0.819092
0.170654,0.135132,1.132935
0.263794,-0.419800,0.961670
-0.383423,0.076538,0.910400
0.553589,-0.228394,1.152466
-0.274536,-0.265259,0.824341
0.100708,0.137451,1.121338
0.340942,-0.425537,0.987671
-0.435791,0.091919,0.870728
0.528931,-0.157593,1.157227
-0.200684,-0.215088,0.855591
0.015991,0.193848,1.108765
0.396973,-0.434692,1.003906
-0.465210,0.011841,0.854736
0.505615,-0.148926,1.167114
-0.149658,-0.245850,0.861572
-0.045410,0.235718,1.112305
0.446777,-0.386963,1.041504
-0.472046,-0.012817,0.832520
0.462402,-0.096558,1.162354
-0.004883,-0.339722,0.887085
-0.148560,0.203613,1.067871
0.456421,-0.349609,1.055420
-0.445435,-0.081665,0.813599
0.419800,-0.042114,1.165283
0.059204,-0.359253,0.887939
-0.223389,0.207275,1.024658
0.488647,-0.290161,1.084229
-0.427246,-0.107056,0.803467
0.353882,-0.051514,1.132812
0.082764,-0.404785,0.883545
-0.277832,0.179321,0.990356
0.532715,-0.252930,1.121826
-0.400635,-0.114868,0.804077
0.252563,0.038940,1.121948
0.168213,-0.452759,0.906982
-0.353149,0.112305,0.934326
0.555664,-0.284424,1.126099
-0.365356,-0.184570,0.785767
0.150879,0.131348,1.103516
0.235229,-0.437500,0.919678
-0.386719,0.060059,0.884888
0.544312,-0.245239,1.127075
-0.303711,-0.189941,0.826172
0.076660,0.155640,1.090698
0.310791,-0.460571,0.944336
-0.460327,0.020386,0.830811
0.525757,-0.243530,1.129395
-0.225708,-0.243408,0.816772
-0.004272,0.219727,1.085571
0.346802,-0.385254,0.973999
-0.495605,0.051880,0.823730
0.495728,-0.256592,1.094604
-0.149048,-0.334106,0.838745
-0.066650,0.171265,1.043091
0.370850,-0.331177,0.989380
-0.486816,-0.008789,0.795288
0.458984,-0.186401,1.109131
-0.034668,-0.363159,0.869263
-0.155884,0.183350,1.029053
0.417847,-0.354004,1.011475
-0.472534,-0.043213,0.776978
0.389038,-0.104980,1.102051
0.038086,-0.396729,0.867310
-0.220093,0.174194,1.005737
0.450806,-0.348267,1.026855
-0.473877,-0.070190,0.782959
0.335083,-0.077759,1.079712
0.064453,-0.418701,0.839233
-0.273193,0.134155,0.944214
0.459839,-0.313354,1.041504
-0.451050,-0.123047,0.763062
0.277100,-0.045288,1.060791
0.096436,-0.439941,0.840576
-0.350830,0.139771,0.912354
0.486572,-0.284424,1.055176
-0.411865,-0.146606,0.764160
0.168823,0.026245,1.046509
0.170166,-0.474609,0.859009
-0.390869,0.090454,0.858032
0.493530,-0.245605,1.066772
-0.390991,-0.156982,0.764648
0.078491,0.071899,1.028687
0.244629,-0.524902,0.862427
-0.439697,0.009766,0.798218
0.486328,-0.226562,1.072144
-0.313477,-0.181763,0.777954
-0.017578,0.147095,1.019043
0.308716,-0.467896,0.922974
-0.511108,-0.020996,0.755493
0.459717,-0.215210,1.072876
-0.208252,-0.260864,0.796143
-0.100586,0.223145,1.027100
0.330811,-0.356567,0.943115
-0.536255,-0.017334,0.757690
0.416382,-0.232422,1.053589
-0.073975,-0.361450,0.826294
-0.154663,0.194214,0.999634
0.367188,-0.327637,0.958984
-0.537720,0.031250,0.770752
0.366699,-0.206177,1.017944
-0.024658,-0.442017,0.827515
-0.211914,0.082520,0.936157
0.425903,-0.339233,0.985352
-0.530884,-0.004639,0.739258
0.272217,-0.040527,1.028809
0.062866,-0.464111,0.814209
-0.309326,0.099609,0.890991
0.443848,-0.348633,0.991577
-0.493286,-0.078613,0.746948
0.213135,-0.019775,1.020020
0.094849,-0.423828,0.812988
-0.385010,0.101929,0.831909
0.436523,-0.299561,0.991333
-0.445068,-0.142090,0.746582
0.133789,0.023926,1.010132
0.145630,-0.459106,0.822266
-0.452148,0.074707,0.785645
0.461792,-0.245728,1.019043
-0.375854,-0.175659,0.744507
0.016235,0.120117,1.011353
0.227539,-0.495117,0.851196
-0.503906,0.031006,0.744751
0.454590,-0.243286,1.029663
-0.280640,-0.187134,0.788086
-0.089966,0.208618,1.005615
0.277466,-0.423950,0.874390
-0.530640,-0.001953,0.747803
0.427734,-0.224243,1.038818
-0.189453,-0.282471,0.776489
-0.137329,0.217651,0.989624
0.309814,-0.352417,0.911987
-0.540161,0.039185,0.757812
0.391846,-0.196045,1.035767
-0.084229,-0.368896,0.792358
-0.191772,0.181396,0.953613
0.352417,-0.334106,0.931763
-0.563110,0.011353,0.732788
0.333618,-0.162598,1.000122
-0.015869,-0.479126,0.776855
-0.232910,0.115234,0.894165
0.384033,-0.278076,0.960815
-0.549683,0.007812,0.719971
0.277588,-0.062866,1.026367
0.031006,-0.444214,0.780396
-0.320312,0.085938,0.859009
0.430664,-0.320923,0.965454
-0.524658,-0.016724,0.739380
0.181274,0.002808,0.982788
0.071777,-0.435425,0.790283
-0.389648,0.107056,0.823730
0.428345,-0.245605,0.996094
-0.466187,-0.086548,0.739380
0.117188,0.052368,1.000977
0.103516,-0.476074,0.790771
-0.474854,0.132324,0.793945
0.461182,-0.264526,1.002197
-0.412476,-0.129150,0.746216
0.034790,0.161011,1.007202
0.159790,-0.427612,0.827515
-0.504517,0.088379,0.769043
0.456787,-0.249268,1.015503
-0.359619,-0.183350,0.745850
-0.029663,0.210571,1.022827
0.216797,-0.398926,0.854492
-0.541992,0.058716,0.743042
0.453003,-0.232788,1.012085
-0.253418,-0.219238,0.773682
-0.109741,0.219604,0.977295
0.269043,-0.382690,0.870483
-0.571167,0.050293,0.731567
0.437012,-0.199219,1.036621
-0.168457,-0.298950,0.771118
-0.158691,0.192505,0.949829
0.323730,-0.362183,0.898438
-0.579712,0.087280,0.748291
0.376343,-0.135254,1.012939
-0.063843,-0.377075,0.774170
-0.234009,0.187866,0.898071
0.362671,-0.324707,0.923462
-0.568604,0.018433,0.735718
0.330444,-0.095581,1.013916
-0.014771,-0.430542,0.754272
-0.311523,0.190552,0.860962
0.396362,-0.296509,0.943237
-0.526489,-0.054565,0.723755
0.230713,-0.019897,0.996216
0.016357,-0.427612,0.756226
-0.403564,0.187988,0.831055
0.425171,-0.245728,0.960327
-0.487183,-0.051514,0.747559
0.119385,0.039673,1.000732
0.086548,-0.444580,0.785767
-0.480469,0.163574,0.810303
0.437622,-0.195435,0.991089
-0.390259,-0.083740,0.763794
0.019043,0.149414,0.996826
0.177612,-0.407227,0.837280
-0.547607,0.098267,0.769653
0.432617,-0.176514,1.011719
-0.264648,-0.211426,0.746582
-0.100464,0.208496,0.980347
0.287354,-0.371948,0.890015
-0.581299,0.066040,0.749512
0.387207,-0.119019,1.027710
-0.129150,-0.361572,0.724365
-0.206543,0.193970,0.913696
0.353760,-0.344727,0.905151
-0.584351,0.065063,0.737183
0.302979,-0.081421,0.999268
-0.033081,-0.422974,0.747925
-0.334595,0.189575,0.865112
0.391846,-0.291260,0.934326
-0.541992,0.007202,0.734253
0.188110,0.008789,0.990356
0.036743,-0.404785,0.784790
-0.468628,0.172852,0.821167
0.413940,-0.220215,0.981934
-0.429810,-0.081665,0.744995
0.053223,0.163818,1.017456
0.152710,-0.382568,0.834839
-0.559326,0.140015,0.789185
0.411865,-0.186646,1.017700
-0.295288,-0.225830,0.743652
-0.067749,0.204468,0.994507
0.244385,-0.367554,0.873413
-0.607544,0.098755,0.747803
0.408691,-0.132202,1.035278
-0.171753,-0.346069,0.712402
-0.186768,0.206177,0.945557
0.326538,-0.341919,0.902710
-0.595459,0.074707,0.736328
0.347412,-0.091553,1.018677
-0.104858,-0.380249,0.719849
-0.294189,0.179565,0.892212
0.376343,-0.336304,0.929565
-0.574585,0.008057,0.720825
0.247681,-0.024780,0.997925
-0.039185,-0.390869,0.753662
-0.421509,0.216675,0.872681
0.414551,-0.300049,0.954224
-0.512573,-0.067139,0.711914
0.124023,0.051147,0.985596
0.029175,-0.366211,0.796631
-0.510864,0.202881,0.836426
0.434326,-0.242554,0.992432
-0.407104,-0.172852,0.730957
-0.003418,0.167969,1.001343
0.155151,-0.409546,0.827148
-0.580933,0.156494,0.811157
0.428589,-0.203003,1.014893
-0.289795,-0.263916,0.720581
-0.093994,0.194580,0.981445
0.239624,-0.369263,0.875122
-0.609497,0.101929,0.759766
0.414307,-0.181763,1.023682
-0.194702,-0.349365,0.721191
-0.200806,0.189209,0.937622
0.317505,-0.347046,0.901855
-0.616333,0.096924,0.740234
0.344238,-0.149048,1.016357
-0.133301,-0.378418,0.737183
-0.303711,0.165771,0.884644
0.377686,-0.327026,0.920288
-0.585205,0.077271,0.715210
0.239624,-0.047241,0.991943
-0.057983,-0.385620,0.762451
-0.407593,0.161133,0.867920
0.397583,-0.316528,0.951904
-0.548584,-0.040405,0.705078
0.158813,0.027832,1.002686
0.000977,-0.378174,0.787476
-0.501709,0.203979,0.842529
0.401367,-0.255737,0.978394
-0.470703,-0.164917,0.700806
0.075684,0.084717,1.023804
0.114136,-0.400391,0.839478
-0.595703,0.205566,0.797729
0.414062,-0.215210,0.998413
-0.338257,-0.235229,0.736084
-0.027954,0.112183,1.010254
0.204468,-0.446777,0.852295
-0.605103,0.132690,0.784668
0.402100,-0.170776,1.010498
-0.242065,-0.296997,0.710205
-0.168579,0.205322,0.971680
0.293579,-0.381348,0.897705
-0.596069,0.034302,0.746948
0.372559,-0.174805,1.029907
-0.183716,-0.346069,0.719360
-0.275146,0.165894,0.902344
0.346558,-0.345215,0.923950
-0.583130,0.022339,0.752197
0.285889,-0.112427,1.020142
-0.101318,-0.384399,0.751343
-0.359741,0.180054,0.897949
0.380859,-0.332397,0.950684
-0.558838,-0.027710,0.724487
0.185791,-0.020020,1.013916
0.002441,-0.390503,0.809570
-0.459106,0.181763,0.872559
0.411987,-0.269531,1.004395
-0.496948,-0.133911,0.705566
0.091309,0.083618,1.026978
0.080688,-0.401001,0.825195
-0.521362,0.162964,0.839355
0.435303,-0.274780,1.010010
-0.407715,-0.166626,0.751343
0.010742,0.111816,1.023438
0.154419,-0.424438,0.844482
-0.538208,0.104004,0.818481
0.427856,-0.210815,1.036377
-0.325195,-0.260132,0.740723
-0.051880,0.135010,1.004028
0.244385,-0.423462,0.872314
-0.568970,0.093140,0.793701
0.413086,-0.197388,1.046265
-0.256226,-0.325928,0.729858
-0.107300,0.125488,0.987061
0.293213,-0.392090,0.902100
-0.573364,0.059692,0.766968
0.414551,-0.174805,1.059448
-0.212402,-0.308594,0.748047
-0.198486,0.146606,0.972656
0.337524,-0.410400,0.926147
-0.563477,0.005005,0.767334
0.398193,-0.162842,1.072388
-0.168457,-0.331665,0.761108
-0.269409,0.183838,0.964233
0.382446,-0.353882,0.968140
-0.561035,-0.039185,0.745483
0.345337,-0.122070,1.073486
-0.100464,-0.338379,0.789062
-0.329590,0.192261,0.931763
0.412231,-0.313354,0.997681
-0.525146,-0.070068,0.739746
0.297729,-0.083374,1.079712
-0.019653,-0.367676,0.824829
-0.397583,0.195435,0.903809
0.432495,-0.293823,1.020386
-0.467529,-0.136230,0.736328
0.210693,-0.017334,1.073853
0.060791,-0.387695,0.851440
-0.447388,0.163818,0.887085
0.470459,-0.274170,1.044556
-0.428223,-0.181030,0.754272
0.103149,0.066528,1.069580
0.183594,-0.424805,0.887573
-0.503906,0.102783,0.836304
0.485596,-0.247925,1.072144
-0.303833,-0.249390,0.775757
-0.002441,0.140747,1.044312
0.261841,-0.381714,0.921265
-0.509888,0.031372,0.823608
0.487671,-0.244751,1.094727
-0.207886,-0.363525,0.770264
-0.078247,0.138916,1.025146
0.322266,-0.366211,0.931519
-0.516479,0.016724,0.798340
0.460449,-0.219482,1.107788
-0.140381,-0.382080,0.794556
-0.166504,0.145874,1.001953
0.377930,-0.337769,0.982788
-0.523438,0.003052,0.788940
0.428711,-0.167358,1.125854
-0.069092,-0.365479,0.828125
-0.256714,0.196045,0.998169
0.433716,-0.308838,1.029419
-0.486938,-0.050171,0.781006
0.352905,-0.093262,1.134033
0.004639,-0.357910,0.877197
-0.306396,0.155029,0.968262
0.473633,-0.288208,1.072876
-0.440796,-0.098877,0.772217
0.265259,0.027222,1.141846
0.096924,-0.384888,0.887451
-0.375122,0.132202,0.950073
0.525513,-0.317017,1.082520
-0.390381,-0.160645,0.799561
0.182007,0.103394,1.118774
0.178223,-0.364136,0.921753
-0.421509,0.102173,0.894165
0.550171,-0.259033,1.116089
-0.316040,-0.241699,0.798096
0.081909,0.145630,1.107544
0.274048,-0.411377,0.945679
-0.436523,0.066284,0.861572
0.527344,-0.191528,1.133301
-0.250610,-0.252075,0.820923
0.018066,0.128418,1.074463
0.333374,-0.416382,0.962524
-0.456177,0.037231,0.855347
0.513916,-0.146729,1.155273
-0.129150,-0.309570,0.840088
-0.067139,0.170166,1.073975
0.378052,-0.364380,0.998657
-0.462891,-0.030640,0.829224
0.508789,-0.140869,1.178589
-0.071777,-0.319092,0.856079
-0.147827,0.221558,1.062134
0.435913,-0.345947,1.023926
-0.457886,-0.053833,0.822754
0.452393,-0.109131,1.173340
-0.001831,-0.337402,0.877075
-0.216919,0.236938,1.057129
0.472168,-0.287964,1.075195
-0.450562,-0.084351,0.797729
0.376587,-0.060913,1.169678
0.077026,-0.371338,0.919067
-0.283447,0.179565,1.001221
0.527466,-0.259521,1.126831
-0.398926,-0.128296,0.807739
0.256104,0.020264,1.143066
0.193604,-0.429688,0.938232
-0.348511,0.118164,0.945679
0.553101,-0.239502,1.141724
-0.320557,-0.180786,0.825684
0.162354,0.137573,1.145386
0.268921,-0.416870,0.957642
-0.413940,0.059204,0.898071
0.558838,-0.244141,1.162720
-0.240723,-0.280396,0.837158
0.043579,0.196655,1.113525
0.339966,-0.388794,0.979736
-0.435425,0.036255,0.866577
0.546021,-0.187134,1.173462
-0.130371,-0.328003,0.875854
-0.031128,0.164917,1.091919
0.399292,-0.368042,1.026978
-0.452515,-0.001587,0.842285
0.505493,-0.117188,1.171509
-0.022827,-0.341064,0.891846
-0.118530,0.198486,1.076050
0.435425,-0.339722,1.053467
-0.444214,-0.039429,0.827271
0.463867,-0.085083,1.178589
0.032593,-0.338135,0.896484
-0.206421,0.244629,1.060791
0.478882,-0.291260,1.080811
-0.421021,-0.094238,0.820923
0.399414,-0.063599,1.167603
0.056274,-0.358154,0.907104
-0.267090,0.213501,1.013672
0.535034,-0.263794,1.121460
-0.383301,-0.124878,0.820190
0.284058,0.015381,1.139038
0.155640,-0.410034,0.930908
-0.309082,0.127319,0.953735
0.544312,-0.215820,1.138550
-0.340210,-0.167847,0.822266
0.191528,0.074951,1.125488
0.263306,-0.463623,0.945190
-0.376099,0.103638,0.904053
0.532837,-0.187866,1.139404
-0.266846,-0.207520,0.833496
0.091309,0.138550,1.107666
0.322510,-0.451782,0.970825
-0.421997,0.049927,0.860107
0.526367,-0.167725,1.169312
-0.193726,-0.233032,0.854248
-0.025269,0.206543,1.082886
0.393921,-0.413208,0.997070
-0.451294,0.020996,0.846680
0.502930,-0.152954,1.150635
-0.079834,-0.269531,0.883667
-0.116455,0.231201,1.070068
0.434570,-0.389404,1.013062
-0.455200,-0.047729,0.816284
0.444214,-0.101196,1.147705
0.041870,-0.353149,0.900024
-0.181274,0.226807,1.052368
0.457031,-0.326294,1.051147
-0.450439,-0.105469,0.791382
0.369019,-0.071777,1.133423
0.059692,-0.380127,0.891724
-0.248657,0.192261,1.007202
0.505249,-0.285400,1.090942
-0.426392,-0.100830,0.794800
0.280151,-0.002808,1.113037
0.131470,-0.440552,0.888794
-0.324829,0.135010,0.954346
0.537354,-0.263062,1.104614
-0.398926,-0.115601,0.798706
0.176025,0.058105,1.075317
0.237671,-0.484497,0.914673
-0.396362,0.055542,0.860962
0.516235,-0.217896,1.114258
-0.319214,-0.200928,0.802856
0.078857,0.145630,1.082642
0.320679,-0.463501,0.949951
-0.484375,0.041626,0.823242
0.504272,-0.215454,1.112793
-0.230225,-0.248779,0.814697
-0.014771,0.200928,1.081421
0.333618,-0.423706,0.956055
-0.491699,0.043091,0.820068
0.485718,-0.229980,1.101929
-0.159668,-0.304077,0.828247
-0.098633,0.206543,1.049683
0.388916,-0.385498,0.991577
-0.492798,0.004639,0.804077
0.449951,-0.188843,1.084839
-0.072510,-0.332275,0.841675
-0.159424,0.186401,1.019531
0.419678,-0.387817,0.992310
-0.494995,-0.049072,0.782593
0.388062,-0.125000,1.085938
0.005005,-0.389038,0.836304
-0.220703,0.174683,0.976196
0.444824,-0.355713,1.012939
-0.471313,-0.083374,0.763062
0.329590,-0.097412,1.059937
0.061890,-0.422852,0.844727
-0.298828,0.151245,0.940796
0.482300,-0.333862,1.033203
-0.455200,-0.133423,0.763184
0.243408,-0.026245,1.050781
0.095459,-0.436401,0.833862
-0.337891,0.126099,0.902344
0.503174,-0.308594,1.038330
-0.434448,-0.129395,0.756714
0.140259,0.020142,1.007202
0.159180,-0.479126,0.839844
-0.391846,0.078369,0.862915
0.477051,-0.250732,1.049438
-0.388550,-0.151611,0.768799
0.067017,0.082642,1.020630
0.233154,-0.505127,0.863403
-0.449951,0.019165,0.784912
0.479126,-0.234619,1.053955
-0.312256,-0.217041,0.768433
-0.039429,0.154663,1.014038
0.307251,-0.464844,0.901489
-0.483154,-0.006104,0.762207
0.429565,-0.180542,1.052124
-0.201538,-0.249390,0.796875
-0.110596,0.187256,1.002197
0.345459,-0.441772,0.924927
-0.529907,-0.015869,0.755371
0.407349,-0.142944,1.066772
-0.083008,-0.324463,0.807373
-0.200806,0.190552,0.972412
0.381470,-0.415039,0.936523
-0.533569,-0.051514,0.739258
0.348633,-0.129639,1.037231
0.016724,-0.419556,0.815308
-0.282227,0.177856,0.914307
0.416138,-0.353149,0.957275
-0.519287,-0.082275,0.724487
0.261108,-0.082275,1.013062
0.079102,-0.526855,0.769287
-0.346069,0.122192,0.853516
0.441650,-0.265625,0.998047
-0.474609,-0.087158,0.739502
0.151855,0.005005,1.005859
0.131714,-0.475708,0.823853
-0.436401,0.076172,0.802002
0.456665,-0.274658,1.009277
-0.412598,-0.120483,0.753296
0.051025,0.140137,1.023560
0.201050,-0.451416,0.849731
-0.515869,0.036865,0.748291
0.464355,-0.263672,1.028687
-0.309204,-0.213745,0.760254
-0.058472,0.215088,1.012085
0.256836,-0.388306,0.884521
-0.533936,-0.018799,0.727417
0.437500,-0.248779,1.024048
-0.200073,-0.270752,0.786255
-0.128662,0.206177,0.970703
0.299072,-0.348145,0.903442
-0.543823,0.054321,0.756226
0.411987,-0.207153,1.037354
-0.090698,-0.353394,0.796021
-0.203613,0.179077,0.936646
0.355103,-0.335693,0.928955
-0.553955,0.052612,0.744141
0.350830,-0.158569,0.995972
-0.024292,-0.409790,0.796021
-0.261597,0.169556,0.911255
0.388428,-0.346069,0.937988
-0.538574,-0.018799,0.728027
0.283936,-0.079956,0.987305
0.022217,-0.422363,0.782227
-0.328857,0.147095,0.856689
0.411865,-0.308350,0.958008
-0.508789,-0.066528,0.730957
0.218018,-0.033325,1.003296
0.049805,-0.466064,0.763672
-0.398804,0.149048,0.817627
0.435303,-0.280518,0.969360
-0.476196,-0.068359,0.749634
0.142578,0.027100,1.007690
0.095459,-0.456055,0.789551
-0.466797,0.138306,0.786255
0.440063,-0.235229,0.983521
-0.424683,-0.101318,0.745728
0.049561,0.073975,0.993042
0.178223,-0.479126,0.828735
-0.531372,0.096680,0.758789
0.437134,-0.189575,1.003052
-0.318115,-0.133301,0.761719
-0.054810,0.176636,0.993286
0.247314,-0.429688,0.873901
-0.553345,0.049805,0.755371
0.427246,-0.188721,1.013794
-0.212402,-0.236816,0.773438
-0.141846,0.223389,0.959595
0.315796,-0.392090,0.902954
-0.580078,0.058960,0.747070
0.399048,-0.153198,1.024780
-0.107300,-0.338013,0.769653
-0.218262,0.221558,0.924438
0.343384,-0.317017,0.930908
-0.573242,0.024658,0.739990
0.340698,-0.125000,1.007324
-0.050293,-0.417603,0.755127
-0.270874,0.165039,0.874878
0.391724,-0.283813,0.924805
-0.555176,0.048828,0.744385
0.244019,-0.029419,0.982178
0.032959,-0.441895,0.780884
-0.367920,0.125732,0.837158
0.413452,-0.255127,0.963745
-0.498657,0.000610,0.736450
0.139404,0.108887,0.997314
0.039429,-0.392944,0.773193
-0.451416,0.127686,0.801880
0.447876,-0.247803,0.995728
-0.460449,-0.094238,0.722900
0.072388,0.168823,1.018555
0.120239,-0.392334,0.814575
-0.531006,0.164429,0.794067
0.402710,-0.206055,0.986450
-0.244019,-0.263794,0.729370
-0.103760,0.149048,0.960449
0.266235,-0.370728,0.891479
-0.613647,0.120972,0.748657
0.395874,-0.139404,1.022705
-0.192871,-0.329834,0.712891
-0.194702,0.183716,0.940186
0.316895,-0.379150,0.895752
-0.610352,0.106201,0.756714
0.358398,-0.141968,1.012085
-0.156372,-0.380127,0.717041
-0.271973,0.180542,0.909302
0.350220,-0.343628,0.911865
-0.600952,0.068726,0.724365
0.307251,-0.098511,1.017456
-0.108154,-0.395020,0.737549
-0.345215,0.181885,0.878784
0.382202,-0.335205,0.931519
-0.585938,0.055298,0.713623
0.248657,-0.040405,1.002441
-0.056274,-0.416382,0.743164
-0.409668,0.215942,0.864014
0.377930,-0.301147,0.937744
-0.577759,-0.040283,0.689575
0.194946,-0.043823,0.998901
-0.002930,-0.412354,0.790039
-0.487305,0.241577,0.859009
0.387329,-0.260254,0.951782
-0.503662,-0.106689,0.702759
0.112427,0.044556,1.011719
0.062500,-0.431885,0.809937
-0.556641,0.211670,0.841797
0.410278,-0.278687,0.965820
-0.451782,-0.136719,0.711914
0.049683,0.104370,1.021851
0.133179,-0.403442,0.838989
-0.575073,0.182983,0.817261
0.421509,-0.240845,0.995361
-0.395142,-0.182251,0.720947
-0.016357,0.121094,1.003662
0.203491,-0.433105,0.866943
-0.600586,0.130859,0.804199
0.401978,-0.195923,1.020630
-0.304077,-0.264526,0.718018
-0.104736,0.164185,0.972778
0.255493,-0.392090,0.878784
-0.601562,0.050903,0.753662
0.416260,-0.191040,1.040771
-0.234619,-0.360229,0.684448
-0.177368,0.168701,0.948730
0.301758,-0.362427,0.900391
-0.599365,0.051270,0.753906
0.389282,-0.209839,1.027954
-0.207397,-0.366211,0.705322
-0.241821,0.154297,0.927368
0.327393,-0.345947,0.924194
-0.585327,0.015381,0.747559
0.362671,-0.165405,1.042603
-0.162109,-0.365967,0.741821
-0.312012,0.158203,0.895264
0.349731,-0.342285,0.937134
-0.562378,-0.036499,0.728027
0.327881,-0.097168,1.059570
-0.140625,-0.356934,0.749512
-0.351318,0.177368,0.896729
0.392944,-0.349365,0.956177
-0.557251,-0.018188,0.743286
0.264282,-0.083496,1.041870
-0.072632,-0.365356,0.797363
-0.399414,0.184937,0.891357
0.410034,-0.301514,0.987305
-0.522339,-0.058350,0.725708
0.197998,-0.018311,1.048706
-0.007812,-0.378052,0.827148
-0.445068,0.165039,0.871582
0.430786,-0.281860,1.010620
-0.498779,-0.116821,0.726440
0.135010,0.039551,1.051147
0.061157,-0.412598,0.826050
-0.482666,0.158813,0.856567
0.454590,-0.284302,1.025024
-0.471069,-0.148315,0.738281
0.090332,0.050293,1.039917
0.140381,-0.440796,0.853760
-0.505615,0.143066,0.840576
0.457642,-0.226196,1.055786
-0.403809,-0.187866,0.756348
0.016602,0.081055,1.033691
0.205200,-0.454224,0.877197
-0.527344,0.122681,0.835938
0.463013,-0.223267,1.054199
-0.318359,-0.250366,0.762695
-0.044678,0.114990,1.016357
0.260376,-0.429321,0.899414
-0.525513,0.045532,0.806030
0.457153,-0.192871,1.085815
-0.235596,-0.292358,0.763062
-0.114136,0.146606,1.008057
0.315186,-0.398560,0.929688
-0.529297,-0.003418,0.783447
0.456177,-0.188599,1.097412
-0.178955,-0.317749,0.770630
-0.205200,0.165771,0.967651
0.372437,-0.369263,0.964355
-0.509888,-0.033813,0.782593
0.396606,-0.118042,1.118896
-0.128052,-0.351196,0.769409
-0.267212,0.183228,0.974609
0.417236,-0.337036,1.002197
-0.518311,-0.064819,0.766113
0.355835,-0.102661,1.114380
-0.041016,-0.364746,0.829346
-0.333618,0.187988,0.933105
0.449097,-0.308960,1.021851
-0.463379,-0.116699,0.753662
0.271240,-0.045654,1.107910
0.070923,-0.376343,0.865112
-0.396484,0.164429,0.913574
0.465088,-0.258667,1.053467
-0.403809,-0.166870,0.778687
0.181274,0.036499,1.107788
0.166870,-0.441406,0.892822
-0.457397,0.148560,0.883545
0.508667,-0.230835,1.098267
-0.338379,-0.217407,0.783691
0.061523,0.119873,1.086426
0.245728,-0.414795,0.918091
-0.474121,0.068115,0.848999
0.524658,-0.224243,1.125366
-0.249023,-0.273560,0.795898
-0.019043,0.176147,1.074707
0.307251,-0.393311,0.941406
-0.480103,0.020508,0.829956
0.520874,-0.219238,1.141235
-0.139893,-0.324341,0.826050
-0.087769,0.165161,1.043823
0.362671,-0.367188,0.975586
-0.493286,-0.011597,0.798218
0.490479,-0.186523,1.159424
-0.095093,-0.368042,0.826782
-0.137451,0.189087,1.062134
0.400146,-0.332397,0.994019
-0.512329,-0.019043,0.803589
0.452393,-0.183594,1.137207
-0.041260,-0.394531,0.855103
-0.202393,0.197266,1.039429
0.451050,-0.300293,1.047729
-0.503418,-0.016235,0.791870
0.383301,-0.088989,1.147705
0.038818,-0.395386,0.892334
-0.253906,0.152344,1.009888
0.479126,-0.263428,1.089233
-0.437012,-0.086548,0.794067
0.328369,-0.032837,1.143066
0.102661,-0.415649,0.905518
-0.331421,0.139771,0.965942
0.531128,-0.280151,1.117310
-0.391968,-0.151245,0.782104
0.237549,0.067627,1.150513
0.181396,-0.437500,0.921753
-0.364624,0.123779,0.951538
0.545288,-0.258179,1.135864
-0.363403,-0.181030,0.800781
0.165771,0.109741,1.133911
0.241699,-0.425537,0.936890
-0.392090,0.099365,0.924316
0.569092,-0.223389,1.162476
-0.302612,-0.219238,0.811401
0.092896,0.173462,1.124756
0.302979,-0.416138,0.983398
-0.426758,0.054199,0.893921
0.556274,-0.202759,1.178101
-0.248657,-0.235229,0.839355
0.041138,0.210571,1.113037
0.341675,-0.394897,0.987671
-0.450439,0.026978,0.866699
0.564453,-0.235474,1.179443
-0.173096,-0.313232,0.849976
-0.015503,0.211426,1.106934
0.368530,-0.383179,0.995850
-0.457153,0.014404,0.856445
0.543457,-0.188110,1.188721
-0.065674,-0.334106,0.885010
-0.067871,0.212891,1.104492
0.406494,-0.364014,1.006714
-0.467041,0.009644,0.853271
0.518555,-0.172729,1.180664
-0.012207,-0.370850,0.896484
-0.108032,0.194702,1.084839
0.419556,-0.325806,1.032715
-0.472412,-0.017822,0.832031
0.497681,-0.155273,1.176758
-0.004517,-0.364380,0.890869
-0.156860,0.236572,1.078369
0.468994,-0.312988,1.067383
-0.470215,-0.035278,0.812866
0.436401,-0.114502,1.173828
0.035767,-0.392334,0.896484
-0.195923,0.195557,1.055420
0.493286,-0.278198,1.095337
-0.467529,-0.043335,0.795898
0.391235,-0.072144,1.161133
0.108032,-0.402832,0.929199
-0.252075,0.218140,1.036499
0.505493,-0.242676,1.116821
-0.426636,-0.095581,0.807495
0.329712,-0.048218,1.124512
0.149658,-0.440430,0.928101
-0.299927,0.172852,0.985352
0.539062,-0.225830,1.145020
-0.383057,-0.125366,0.809814
0.242920,0.009766,1.099609
0.197876,-0.448486,0.928833
-0.338013,0.105225,0.930420
0.548706,-0.237183,1.144897
-0.344604,-0.167969,0.814575
0.171631,0.103882,1.112915
0.259399,-0.450439,0.934570
-0.366455,0.080078,0.907471
0.544922,-0.221558,1.141235
-0.309326,-0.188354,0.812134
0.106812,0.137085,1.086670
0.309937,-0.449829,0.962158
-0.413818,0.053955,0.874023
0.545532,-0.211914,1.149048
-0.268799,-0.226440,0.838379
0.015869,0.160034,1.062500
0.351318,-0.434692,0.979126
-0.425293,0.009888,0.844727
0.526855,-0.169800,1.168701
-0.206665,-0.242065,0.843018
-0.037964,0.209961,1.063232
0.382446,-0.419189,0.983032
-0.449341,-0.011353,0.828247
0.500732,-0.141602,1.158325
-0.119019,-0.254639,0.871704
-0.100220,0.229004,1.067383
0.410522,-0.411499,0.999878
-0.460205,-0.058594,0.808838
0.471191,-0.139404,1.152710
-0.033203,-0.307739,0.870728
-0.156982,0.236206,1.049927
0.436646,-0.346313,1.019775
-0.460571,-0.065186,0.798462
0.403320,-0.129517,1.127197
0.040771,-0.418823,0.862183
-0.198853,0.185059,1.014893
0.456665,-0.293945,1.052124
-0.462036,-0.022949,0.800293
0.341919,-0.077026,1.102661
0.088013,-0.438599,0.878784
-0.289917,0.169922,0.973755
0.487427,-0.272949,1.072266
-0.445435,-0.090332,0.777222
0.258545,-0.033447,1.083008
0.145508,-0.467896,0.891357
-0.358154,0.148315,0.938599
0.498901,-0.243530,1.087036
-0.399536,-0.124756,0.775513
0.170776,0.051758,1.075928
0.219238,-0.497925,0.888916
-0.416504,0.091431,0.869385
0.511230,-0.258057,1.082886
-0.355713,-0.189209,0.773804
0.070557,0.107544,1.045166
0.266113,-0.500854,0.898315
-0.438843,0.026855,0.820068
0.511353,-0.234009,1.092651
-0.279785,-0.219727,0.796509
-0.021240,0.170654,1.036377
0.312866,-0.484619,0.906616
-0.467773,-0.013794,0.786621
0.477783,-0.186401,1.109375
-0.219971,-0.252563,0.807251
-0.092041,0.194824,1.029785
0.355713,-0.443970,0.935425
-0.493896,-0.025391,0.788452
0.437500,-0.183350,1.093384
-0.122925,-0.318726,0.809692
-0.143188,0.213745,1.008301
0.371704,-0.373535,0.965088
-0.504639,-0.052124,0.776123
0.410156,-0.183472,1.079346
-0.034668,-0.415894,0.814453
-0.210083,0.182007,0.965942
0.411987,-0.332397,0.976196
-0.484741,-0.026611,0.782837
0.332031,-0.126953,1.059937
0.051636,-0.472778,0.812866
-0.281982,0.140991,0.922607
0.447632,-0.320068,0.997559
-0.474976,-0.064819,0.757690
0.233032,-0.054932,1.022217
0.080444,-0.495483,0.802368
-0.337646,0.100464,0.873413
0.467773,-0.301392,1.016968
-0.457397,-0.104858,0.745361
0.136108,0.056641,1.027710
0.152954,-0.459351,0.840698
-0.421265,0.058472,0.832153
0.474854,-0.281372,1.027832
-0.379761,-0.169189,0.759888
0.041504,0.157715,1.032837
0.224854,-0.421021,0.860718
-0.502563,0.011230,0.754883
0.472168,-0.290527,1.041748
-0.281128,-0.261841,0.759399
-0.052246,0.216797,1.032959
0.277344,-0.385498,0.891846
-0.543701,0.038574,0.748291
0.435669,-0.277222,1.022583
-0.173096,-0.339355,0.804077
-0.124268,0.172852,0.985718
0.330444,-0.407837,0.919067
-0.559448,0.048462,0.747192
0.394287,-0.171021,1.040649
-0.085571,-0.347290,0.793823
-0.200684,0.162354,0.954834
0.381348,-0.389282,0.947876
-0.527832,-0.058350,0.738525
0.339355,-0.119385,1.024658
-0.016479,-0.407104,0.791260
-0.278687,0.163940,0.901611
0.415161,-0.370605,0.953125
-0.506226,-0.105347,0.734497
0.259277,-0.063110,1.010498
0.050537,-0.446777,0.773438
-0.360474,0.153931,0.847900
0.445190,-0.326416,0.972046
-0.476562,-0.125977,0.740479
0.168335,-0.037476,0.990112
0.075684,-0.450439,0.779419
-0.418579,0.126831,0.805420
0.450195,-0.262451,0.993896
-0.424561,-0.112915,0.771118
0.069092,0.063843,1.010986
0.168335,-0.489136,0.817261
-0.502686,0.095337,0.770020
0.435303,-0.200317,1.007324
-0.316528,-0.155029,0.772705
-0.044556,0.150391,1.005127
0.258667,-0.471680,0.862061
-0.544189,0.034424,0.742432
0.415283,-0.170044,1.021729
-0.196899,-0.237427,0.765625
-0.145630,0.189087,0.961548
0.335327,-0.404297,0.921753
-0.575684,0.023438,0.750610
0.377197,-0.149292,1.023438
-0.063965,-0.385376,0.774536
-0.248657,0.200317,0.906860
0.378662,-0.332275,0.939331
-0.537354,-0.040283,0.729980
0.294312,-0.084839,1.004639
0.000854,-0.436768,0.764404
-0.327759,0.140625,0.849854
0.423828,-0.316162,0.964233
-0.505371,-0.024414,0.739746
0.178223,0.010254,0.994995
0.054199,-0.455078,0.769043
-0.417725,0.116821,0.808350
0.446655,-0.262451,0.994141
-0.452026,-0.106934,0.742920
0.075928,0.109863,1.005981
0.133789,-0.437744,0.803101
-0.503662,0.117065,0.780396
0.439941,-0.243164,0.992676
-0.365234,-0.175049,0.754639
-0.014282,0.166016,1.006836
0.212524,-0.396484,0.849365
-0.546631,0.084473,0.752441
0.439819,-0.215332,1.015503
-0.244629,-0.247192,0.762329
-0.098389,0.198730,0.975952
0.279297,-0.362915,0.883545
-0.572998,0.082031,0.745605
0.421265,-0.183472,1.026489
-0.148438,-0.324341,0.768188
-0.197510,0.194458,0.926636
0.353760,-0.354126,0.917969
-0.569824,0.063965,0.756348
0.347900,-0.092651,1.010864
-0.054565,-0.360596,0.770264
-0.276611,0.200562,0.891357
0.373901,-0.308105,0.943604
-0.548706,-0.017456,0.739624
0.297852,-0.086670,0.992065
-0.021851,-0.393677,0.755981
-0.347778,0.180908,0.850830
0.403809,-0.262085,0.942139
-0.515137,-0.023560,0.734131
0.196533,-0.020874,0.987061
0.042969,-0.423096,0.775391
-0.427002,0.175415,0.812622
0.413818,-0.222900,0.964722
-0.464722,-0.060181,0.743896
0.121826,0.060181,1.016968
0.096802,-0.413452,0.808105
-0.525635,0.165527,0.798462
0.435059,-0.207764,0.991333
-0.372803,-0.133179,0.735718
0.008057,0.182617,1.013794
0.199341,-0.393433,0.849976
-0.583374,0.122437,0.764526
0.427124,-0.195312,1.004028
-0.271118,-0.214600,0.748291
-0.077515,0.208984,0.989990
0.270508,-0.363525,0.887695
-0.592651,0.097778,0.762451
0.394897,-0.171509,1.016479
-0.163208,-0.332642,0.741333
-0.169189,0.199951,0.941040
0.318237,-0.325439,0.895142
-0.611938,0.099731,0.749878
0.371216,-0.137451,1.027222
-0.084106,-0.410034,0.737427
-0.278198,0.188721,0.880981
0.352905,-0.290649,0.910156
-0.584106,0.057983,0.729370
0.290283,-0.076294,1.000244
-0.038818,-0.416504,0.755737
-0.362183,0.181030,0.867188
0.399902,-0.282593,0.943848
-0.549316,0.015747,0.708862
0.175415,0.036011,0.993774
0.032837,-0.399048,0.788574
-0.464478,0.168457,0.825073
0.415161,-0.229004,0.987061
-0.460938,-0.049438,0.728394
0.081421,0.141602,1.016357
0.097412,-0.386963,0.805420
-0.553345,0.177368,0.814941
0.426514,-0.238281,0.987427
-0.373901,-0.171509,0.739624
0.006226,0.167480,1.007202
0.167603,-0.375732,0.835938
-0.592651,0.154419,0.789795
0.426147,-0.214722,1.001831
-0.273560,-0.265625,0.726807
-0.086792,0.169189,0.970825
0.249756,-0.358276,0.878418
-0.603882,0.132568,0.775757
0.403442,-0.170654,1.007080
-0.204956,-0.329590,0.721313
-0.189819,0.169189,0.932129
0.330444,-0.378662,0.914551
-0.601074,0.102295,0.748779
0.346802,-0.087524,1.023438
-0.152954,-0.325439,0.719849
-0.270020,0.181885,0.904663
0.359985,-0.366821,0.918091
-0.594604,0.015625,0.723511
0.307739,-0.092407,1.019897
-0.117188,-0.383545,0.715332
-0.364990,0.221558,0.876221
0.394409,-0.340454,0.937134
-0.565308,-0.028931,0.707886
0.232910,-0.048340,1.007080
-0.055908,-0.405640,0.756104
-0.445435,0.216675,0.854492
0.402832,-0.312988,0.949341
-0.530396,-0.073975,0.708740
0.148193,0.013794,1.004639
0.020752,-0.391846,0.793335
-0.529541,0.217773,0.829346
0.418945,-0.244507,0.980591
-0.441528,-0.129761,0.732666
0.033325,0.109497,1.012817
0.122437,-0.438843,0.825684
-0.570068,0.156616,0.802490
0.421997,-0.206665,1.023804
-0.350220,-0.192383,0.728516
-0.053711,0.158203,0.995483
0.216797,-0.436646,0.848633
-0.587158,0.110596,0.778076
0.405151,-0.169678,1.021484
-0.255981,-0.257080,0.725220
-0.156372,0.189819,0.968262
0.286133,-0.399414,0.894775
-0.601196,0.037720,0.745728
0.391235,-0.149902,1.041260
-0.193604,-0.327148,0.717651
-0.248169,0.185425,0.936768
0.330688,-0.339111,0.930176
-0.602173,-0.016235,0.711426
0.333252,-0.141846,1.030762
-0.135986,-0.383545,0.731323
-0.333618,0.195435,0.900635
0.371338,-0.316162,0.949951
-0.571167,-0.008301,0.733765
0.232910,-0.079346,1.011597
-0.062134,-0.432739,0.754761
-0.412354,0.170288,0.864380
0.408081,-0.276001,0.989868
-0.528320,-0.067383,0.696289
0.135742,0.045776,1.026489
0.056763,-0.387939,0.823975
-0.523560,0.154541,0.847900
0.431641,-0.309204,0.996216
-0.449463,-0.166992,0.721313
0.032227,0.149902,1.037476
0.130615,-0.389404,0.834229
-0.562256,0.114014,0.812256
0.438354,-0.281494,1.008301
-0.315552,-0.289673,0.734741
-0.048096,0.133423,0.991821
0.205200,-0.366943,0.857178
-0.561157,0.060425,0.769287
0.425293,-0.240479,1.035522
-0.243286,-0.345825,0.732544
-0.125610,0.102783,0.961304
0.282959,-0.359009,0.905273
-0.580322,0.047852,0.740112
0.387451,-0.177856,1.047729
-0.189575,-0.349365,0.740967
-0.243042,0.158813,0.957031
0.363037,-0.392334,0.942261
-0.559814,0.004272,0.767822
0.331055,-0.088745,1.066040
-0.132568,-0.307861,0.769897
-0.326660,0.186523,0.925659
0.391479,-0.326050,0.983276
-0.537720,-0.103638,0.734497
0.272705,-0.089722,1.057495
-0.029175,-0.385254,0.798950
-0.430542,0.217285,0.891235
0.432617,-0.250244,1.021118
-0.468872,-0.171387,0.733887
0.168457,-0.025757,1.056274
0.087646,-0.420044,0.838867
-0.495361,0.158936,0.843262
0.449097,-0.234375,1.040283
-0.392090,-0.188477,0.750854
0.049316,0.077881,1.040405
0.205566,-0.439087,0.884155
-0.524414,0.105469,0.819946
0.450562,-0.204712,1.062378
-0.251099,-0.260620,0.772583
-0.068237,0.129883,1.025391
0.289917,-0.410156,0.919922
-0.536865,-0.005493,0.775024
0.451294,-0.156494,1.103149
-0.161011,-0.325317,0.757080
-0.196899,0.187744,0.988403
0.374146,-0.358765,0.971558
-0.541748,-0.029175,0.771484
0.389893,-0.144653,1.100952
-0.088013,-0.350952,0.793823
-0.305664,0.203369,0.958374
0.439331,-0.323364,1.014038
-0.512695,-0.025269,0.775635
0.290405,-0.072510,1.093262
0.027832,-0.392090,0.840332
-0.397949,0.179199,0.924683
0.477539,-0.287720,1.054810
-0.428101,-0.175293,0.757690
0.153076,0.028931,1.077759
0.162109,-0.408325,0.895752
-0.465332,0.129639,0.866699
0.492554,-0.218994,1.090088
-0.335327,-0.219116,0.781494
0.052246,0.087280,1.065552
0.254517,-0.387207,0.935547
-0.497925,0.042969,0.818726
0.494995,-0.208130,1.118042
-0.197632,-0.328003,0.791504
-0.047729,0.126831,1.037598
0.340454,-0.380859,0.948975
-0.504639,0.043701,0.819946
0.458008,-0.164062,1.115601
-0.118774,-0.368164,0.802368
-0.151367,0.146729,1.023804
0.389160,-0.329468,0.998047
-0.479004,-0.037964,0.802856
0.420044,-0.096436,1.145874
-0.067993,-0.337036,0.824219
-0.251709,0.182129,0.994507
0.457520,-0.301880,1.060913
-0.466919,-0.102051,0.785767
0.366821,-0.065308,1.147461
0.040405,-0.341919,0.873169
-0.341797,0.194946,0.962646
0.498047,-0.300537,1.083496
-0.410278,-0.152832,0.786133
0.266724,-0.033691,1.121460
0.152466,-0.385376,0.916748
-0.396729,0.166504,0.915039
0.523315,-0.232666,1.104004
-0.343872,-0.196777,0.809814
0.127319,0.047485,1.091919
0.269287,-0.436523,0.956421
-0.420776,0.089844,0.881958
0.523071,-0.160034,1.140015
-0.260010,-0.220215,0.824707
0.024048,0.132568,1.077637
0.342529,-0.400146,0.977905
-0.459351,0.011108,0.841675
0.528198,-0.150757,1.177368
-0.087524,-0.319824,0.840576
-0.108643,0.207886,1.071899
0.405029,-0.365723,1.013428
-0.463989,-0.052002,0.831787
0.474976,-0.134766,1.164307
-0.026733,-0.314575,0.879761
-0.195923,0.233154,1.054565
0.473511,-0.290771,1.078003
-0.465820,-0.083618,0.813843
0.376465,-0.084717,1.161865
0.058594,-0.363892,0.915894
-0.263428,0.177246,1.002441
0.536011,-0.250244,1.127930
-0.390259,-0.132202,0.807617
0.242798,0.037476,1.131714
0.195801,-0.423706,0.938232
-0.351562,0.099365,0.929810
0.543579,-0.206909,1.159180
-0.292725,-0.197754,0.839478
0.108398,0.121582,1.113159
0.304199,-0.431274,0.968506
-0.428467,0.049194,0.887085
0.559692,-0.200195,1.173340
-0.192749,-0.272217,0.848633
0.001343,0.203125,1.100098
0.367432,-0.357788,0.998047
-0.455078,0.027954,0.853271
0.524902,-0.179565,1.171509
-0.015869,-0.378174,0.888550
-0.113403,0.224243,1.088013
0.423096,-0.337158,1.040283
-0.471069,-0.012817,0.826294
0.459351,-0.108276,1.172852
0.029175,-0.364380,0.905273
-0.178101,0.214722,1.075439
0.475952,-0.297729,1.084595
-0.456543,-0.032837,0.831909
0.386230,-0.072998,1.159790
0.082642,-0.382935,0.921875
-0.258057,0.173340,1.021729
0.529053,-0.263306,1.128906
-0.409546,-0.076782,0.820801
0.287109,0.012939,1.146851
0.187378,-0.447876,0.926880
-0.332886,0.149902,0.969727
0.561157,-0.263794,1.136597
-0.349854,-0.164673,0.825073
0.168823,0.096558,1.111084
0.270142,-0.422363,0.966309
-0.396973,0.056152,0.888306
0.557495,-0.223633,1.156494
-0.266724,-0.235718,0.846313
0.057373,0.168945,1.106323
0.334351,-0.413818,0.986938
-0.421875,0.039795,0.869385
0.533936,-0.181274,1.162231
-0.175415,-0.253784,0.870361
-0.025879,0.195557,1.095459
0.392578,-0.389038,1.017334
-0.431030,0.014404,0.859619
0.509155,-0.135132,1.170410
-0.072266,-0.296509,0.884155
-0.110352,0.225342,1.074463
0.443481,-0.368164,1.034302
-0.448242,-0.055298,0.823486
0.455444,-0.099854,1.158691
0.025146,-0.363159,0.895752
-0.173584,0.204102,1.041382
0.470947,-0.332397,1.059570
-0.442627,-0.070190,0.813354
0.393188,-0.058472,1.149048
0.059570,-0.361206,0.904785
-0.245850,0.184204,1.031860
0.509766,-0.319092,1.086670
-0.420654,-0.124146,0.794800
0.310059,0.017090,1.123413
0.117920,-0.374268,0.902954
-0.304688,0.196411,0.994507
0.527222,-0.283691,1.109985
-0.381226,-0.166016,0.793579
0.243042,0.031982,1.098145
0.178955,-0.397949,0.910767
-0.364868,0.132324,0.923828
0.537720,-0.274170,1.113647
-0.341064,-0.210815,0.803711
0.154785,0.062134,1.085205
0.249634,-0.417725,0.937500
-0.412231,0.075073,0.852173
0.534424,-0.236572,1.115723
-0.296143,-0.236450,0.793335
0.058594,0.124512,1.072510
0.319824,-0.449219,0.947998
-0.459106,0.082886,0.836182
0.509766,-0.194946,1.119995
-0.221069,-0.245605,0.819580
-0.024902,0.162720,1.056519
0.364624,-0.422241,0.968384
-0.481934,0.036011,0.811890
0.477539,-0.164062,1.122803
-0.121094,-0.278198,0.856323
-0.116821,0.204102,1.049072
0.400024,-0.408203,0.987061
-0.488037,-0.011353,0.791626
0.439331,-0.138794,1.108765
-0.025635,-0.331665,0.866699
-0.191284,0.215820,1.023804
0.435913,-0.373535,1.001099
-0.476807,-0.088013,0.768555
0.364746,-0.097412,1.086670
0.054199,-0.383667,0.870117
-0.260620,0.202881,0.981934
0.459961,-0.341553,1.026489
-0.445557,-0.141724,0.759521
0.292847,-0.067505,1.070801
0.099731,-0.413330,0.858765
-0.327881,0.158936,0.909302
0.453735,-0.253296,1.011597
-0.410400,-0.131836,0.785645
0.014648,0.106323,1.003296
0.161133,-0.464355,0.868286
-0.495239,0.019409,0.748169
0.446411,-0.207275,1.026367
-0.288330,-0.175659,0.774292
-0.087402,0.162720,0.989380
0.296143,-0.490967,0.879395
-0.531860,0.000854,0.732178
0.412964,-0.171875,1.043823
-0.166626,-0.277466,0.780396
-0.161499,0.201050,0.978760
0.350342,-0.422607,0.931396
-0.550049,0.012085,0.751221
0.366699,-0.141602,1.030518
-0.065308,-0.368164,0.784668
-0.245483,0.200928,0.938599
0.389526,-0.389526,0.942993
-0.534790,-0.046509,0.747803
0.309204,-0.108276,1.009033
0.019287,-0.419678,0.788696
-0.323975,0.177734,0.871094
0.413818,-0.324951,0.953369
-0.506470,-0.095947,0.729858
0.219971,-0.051880,0.996460
0.072754,-0.470337,0.776123
-0.391602,0.141846,0.821045
0.428955,-0.269043,0.968628
-0.467041,-0.057129,0.761108
0.120117,0.020386,0.998779
0.126099,-0.476196,0.794922
-0.484985,0.120483,0.783203
0.437134,-0.215576,0.997925
-0.385254,-0.132202,0.756104
0.016479,0.120239,1.005737
0.210205,-0.444092,0.864746
-0.558472,0.062378,0.744385
0.446289,-0.224854,1.010376
-0.268311,-0.184814,0.775513
-0.088623,0.227539,1.008545
0.271729,-0.388428,0.889160
-0.567871,0.052246,0.746216
0.431519,-0.214111,1.012939
-0.154785,-0.276367,0.785400
-0.171631,0.211182,0.943970
0.322388,-0.343262,0.908081
-0.561768,0.032104,0.747803
0.386475,-0.152832,1.022827
-0.062622,-0.360962,0.777954
-0.245605,0.182129,0.889648
0.359009,-0.312012,0.927612
-0.551392,0.002197,0.747314
0.328369,-0.130249,0.992432
-0.020752,-0.404419,0.763794
-0.305176,0.162842,0.849976
0.385864,-0.267090,0.948364
-0.521973,-0.036133,0.730103
0.251831,-0.055420,0.986206
0.021240,-0.429565,0.769897
-0.375488,0.164307,0.832275
0.424683,-0.247681,0.965454
-0.507812,-0.036377,0.730469
0.169922,0.027588,1.003540
0.062988,-0.434570,0.777222
-0.444946,0.142090,0.810913
0.445068,-0.240967,0.985474
-0.464233,-0.077271,0.735229
0.073242,0.140747,1.023682
0.127075,-0.432617,0.805298
-0.505737,0.127319,0.799683
0.452148,-0.245117,0.996704
-0.397827,-0.104614,0.746460
0.011475,0.199829,1.023438
0.180420,-0.407593,0.827515
-0.561401,0.122681,0.775635
0.457886,-0.234985,1.010376
-0.322021,-0.193848,0.743408
-0.046753,0.242554,1.000000
0.237305,-0.376343,0.847290
-0.585449,0.128052,0.764893
0.446899,-0.227173,1.006836
-0.236450,-0.253906,0.756836
-0.101440,0.204834,0.970337
0.262085,-0.351440,0.875488
-0.596313,0.111572,0.753906
0.434082,-0.192993,1.030762
-0.178833,-0.297974,0.755859
-0.157227,0.214844,0.939819
0.310425,-0.341309,0.899048
-0.597778,0.084717,0.741089
0.397827,-0.164307,1.010742
-0.123047,-0.353882,0.747925
-0.218140,0.195435,0.909424
0.343994,-0.330200,0.909790
-0.591064,0.107178,0.750366
0.373779,-0.115234,1.024170
-0.091309,-0.375122,0.739014
-0.282715,0.196533,0.885742
0.382324,-0.352295,0.920898
-0.576050,0.054688,0.736816
0.311646,-0.061279,1.010254
-0.058716,-0.389648,0.738403
-0.341919,0.207275,0.867188
0.398682,-0.325195,0.932251
-0.552612,-0.012695,0.715576
0.246582,-0.013916,0.993896
-0.041748,-0.370605,0.749756
-0.398560,0.182129,0.848389
0.417236,-0.305786,0.951294
-0.545166,-0.053345,0.710083
0.171509,0.026855,0.998535
0.010864,-0.404297,0.776123
-0.457642,0.196411,0.840210
0.420898,-0.253784,0.971436
-0.505127,-0.061890,0.726807
0.100952,0.078613,1.002808
0.077393,-0.420166,0.802979
-0.512573,0.186523,0.832153
0.417603,-0.203369,0.988770
-0.440918,-0.112671,0.720581
0.037964,0.154541,1.021729
0.160156,-0.418823,0.839355
-0.571289,0.172607,0.802490
0.419556,-0.193848,1.005737
-0.357910,-0.177002,0.721436
-0.045654,0.186157,1.002563
0.221313,-0.410767,0.854614
-0.594727,0.135254,0.791748
0.426880,-0.179932,1.015137
-0.265625,-0.244507,0.728882
-0.144897,0.233521,0.959839
0.284546,-0.395630,0.884766
-0.608398,0.083374,0.751099
0.397339,-0.161621,1.022339
-0.201050,-0.307007,0.722412
-0.228516,0.224365,0.930664
0.330200,-0.375244,0.889404
-0.598999,0.049805,0.742554
0.368774,-0.141357,1.027222
-0.146606,-0.361206,0.718140
-0.309326,0.208374,0.889893
0.359863,-0.356934,0.905029
-0.589111,0.016357,0.718140
0.311523,-0.125122,1.015137
-0.101196,-0.382690,0.742310
-0.390259,0.212158,0.859619
0.386230,-0.302124,0.935425
-0.551147,-0.029297,0.719116
0.223877,-0.046509,1.013794
-0.045044,-0.434082,0.763916
-0.448120,0.193481,0.849365
0.397461,-0.271118,0.953491
-0.534302,-0.047974,0.715698
0.122070,0.043945,1.010620
0.051147,-0.408325,0.805298
-0.527588,0.182495,0.836426
0.417969,-0.244385,0.984863
-0.467529,-0.120605,0.718628
0.015869,0.122314,1.005127
0.155029,-0.424316,0.847900
-0.558838,0.123779,0.808716
0.410278,-0.197632,1.016357
-0.350342,-0.214355,0.721680
-0.071411,0.168945,0.980469
0.233276,-0.400513,0.874268
-0.583374,0.079102,0.786743
0.401001,-0.168213,1.036987
-0.267212,-0.294189,0.702637
-0.155884,0.185181,0.960938
0.282593,-0.374878,0.895752
-0.588501,0.033691,0.759521
0.390747,-0.162231,1.045776
-0.205444,-0.341309,0.708496
-0.245483,0.181396,0.927124
0.342773,-0.354126,0.916260
-0.595947,0.003662,0.737061
0.347046,-0.140015,1.045288
-0.143799,-0.367676,0.726318
-0.323730,0.180542,0.899170
0.368896,-0.327515,0.938843
-0.597778,-0.009155,0.717529
0.292603,-0.108765,1.036743
-0.068359,-0.396729,0.776855
-0.416016,0.201538,0.881592
0.385864,-0.295044,0.968262
-0.540161,-0.043579,0.728149
0.209351,-0.048950,1.032593
-0.000732,-0.423828,0.797974
-0.487427,0.194580,0.871094
0.419067,-0.268066,1.005981
-0.502197,-0.106567,0.719482
0.091797,0.058350,1.029541
0.102051,-0.425049,0.835938
-0.516846,0.141479,0.840698
0.434570,-0.250977,1.012939
-0.420166,-0.188721,0.727539
0.020630,0.117676,1.031372
0.176636,-0.411743,0.857422
-0.549683,0.094727,0.806030
0.460449,-0.219971,1.060913
-0.314697,-0.282959,0.711914
-0.072266,0.157471,1.004028
0.254517,-0.411987,0.875977
-0.557373,0.069214,0.805664
0.432251,-0.235229,1.047241
-0.231201,-0.351807,0.727173
-0.160278,0.149414,0.966064
0.306274,-0.379395,0.909180
-0.554688,0.026855,0.780396
0.416748,-0.195557,1.067505
-0.194580,-0.351807,0.724487
-0.238159,0.172119,0.965454
0.358521,-0.376221,0.943970
-0.543701,-0.025391,0.775391
0.378906,-0.139404,1.081177
-0.139893,-0.337280,0.766113
-0.305664,0.176147,0.932251
0.399658,-0.327881,0.979736
-0.535400,-0.034424,0.760620
0.321899,-0.118530,1.076294
-0.054810,-0.383789,0.805054
-0.362061,0.178345,0.901611
0.424316,-0.286255,1.011230
-0.490479,-0.128174,0.726318
0.254883,-0.043701,1.085815
0.009155,-0.409546,0.823730
-0.424438,0.195801,0.905884
0.459595,-0.293701,1.032593
-0.447021,-0.157104,0.747803
0.175537,0.018677,1.074585
0.101074,-0.426514,0.861450
-0.458130,0.130127,0.875610
0.476196,-0.251953,1.060791
-0.401367,-0.168213,0.753052
0.102295,0.070923,1.063599
0.189087,-0.425659,0.894165
-0.482056,0.092529,0.844482
0.486572,-0.248535,1.074341
-0.326538,-0.230835,0.765747
0.011353,0.136841,1.056396
0.257080,-0.399170,0.918701
-0.495850,0.040283,0.830933
0.485962,-0.219604,1.097290
-0.215454,-0.309082,0.787476
-0.053467,0.146118,1.033936
0.312622,-0.384399,0.939331
-0.490723,-0.007324,0.809814
0.488525,-0.194702,1.124512
-0.148193,-0.336426,0.783325
-0.145996,0.177124,1.008179
0.373901,-0.351685,0.966919
-0.495483,-0.058594,0.789062
0.457031,-0.177490,1.138306
-0.105835,-0.338135,0.815796
-0.229370,0.215332,0.997559
0.422974,-0.308228,1.017944
-0.476440,-0.072510,0.789307
0.395020,-0.128906,1.134521
-0.030396,-0.354858,0.853638
-0.288086,0.203125,0.991577
0.470459,-0.301758,1.061768
-0.468506,-0.064087,0.787476
0.314331,-0.055420,1.145752
0.067993,-0.390137,0.883789
-0.337158,0.167358,0.944824
0.500122,-0.281860,1.080078
-0.388550,-0.152954,0.799805
0.234009,0.008423,1.121948
0.163940,-0.396362,0.910889
-0.418701,0.147583,0.888184
0.532104,-0.237427,1.116699
-0.323242,-0.210205,0.811157
0.112793,0.077393,1.104858
0.260498,-0.424438,0.956177
-0.449219,0.088623,0.872070
0.542236,-0.198853,1.138306
-0.242310,-0.233032,0.821167
-0.001221,0.171021,1.092407
0.349365,-0.418091,0.987427
-0.456787,-0.010132,0.849487
0.520020,-0.165771,1.165405
-0.114624,-0.331055,0.843872
-0.075317,0.198486,1.082275
0.410522,-0.372803,1.013184
-0.474243,-0.025513,0.840332
0.483032,-0.155029,1.169434
-0.050781,-0.351807,0.857544
-0.155762,0.212891,1.052612
0.441162,-0.310303,1.054932
-0.469971,-0.038086,0.822021
0.426636,-0.096680,1.170532
0.013184,-0.378906,0.880859
-0.225098,0.211792,1.046875
0.494751,-0.283203,1.083984
-0.436035,-0.062866,0.815063
0.341553,-0.046265,1.149048
0.097290,-0.389771,0.920532
-0.292847,0.161987,0.990723
0.546631,-0.273071,1.132446
-0.371460,-0.143677,0.816406
0.236938,0.053711,1.137085
0.196655,-0.428833,0.939331
-0.343140,0.112915,0.942139
0.554932,-0.219604,1.154053
-0.320923,-0.193604,0.826660
0.143677,0.112549,1.122437
0.287964,-0.440063,0.966675
-0.400635,0.090210,0.909058
0.551147,-0.195923,1.162109
-0.249634,-0.248169,0.827148
0.050049,0.175659,1.110352
0.351807,-0.430420,0.996582
-0.436279,0.080566,0.889648
0.543823,-0.145386,1.172852
-0.174805,-0.256836,0.858643
-0.020020,0.187744,1.102539
0.395020,-0.429199,1.004639
-0.457886,0.015991,0.854858
0.524902,-0.124634,1.175415
-0.077026,-0.267090,0.874634
-0.078857,0.219482,1.116577
0.438354,-0.359497,1.044312
-0.459351,0.007935,0.850342
0.479004,-0.103638,1.180664
-0.007935,-0.333496,0.881104
-0.145020,0.224731,1.098389
0.471802,-0.325562,1.072632
-0.458374,-0.058350,0.834351
0.423340,-0.088501,1.161499
0.043213,-0.328979,0.904785
-0.237549,0.239502,1.037231
0.508911,-0.261353,1.116943
-0.413452,-0.135498,0.807983
0.343018,-0.078857,1.137451
0.106079,-0.376709,0.925171
-0.298096,0.207886,0.993530
0.550537,-0.233643,1.138550
-0.363770,-0.164429,0.817993
0.206543,0.026489,1.107056
0.203491,-0.474243,0.926514
-0.338745,0.063599,0.908691
0.558838,-0.209351,1.160400
-0.324219,-0.181763,0.820557
0.110718,0.138428,1.103394
0.310059,-0.496948,0.951294
-0.421631,0.043091,0.873291
0.544922,-0.210815,1.156860
-0.238525,-0.225708,0.837402
0.013672,0.223022,1.109009
0.364136,-0.419067,0.985107
-0.445557,0.038696,0.859985
0.508667,-0.182007,1.142944
-0.132324,-0.270142,0.860962
-0.070557,0.225098,1.079590
0.402588,-0.373169,1.007690
-0.446167,-0.035645,0.831543
0.471191,-0.161011,1.136475
-0.023315,-0.337646,0.876465
-0.130981,0.206299,1.067505
0.425415,-0.341919,1.024536
-0.479614,-0.052002,0.798340
0.432983,-0.124023,1.135620
0.051880,-0.406128,0.900146
-0.201416,0.215088,1.039307
0.460571,-0.298706,1.057739
-0.459473,-0.053345,0.781616
0.359131,-0.084839,1.113403
0.074219,-0.416748,0.898315
-0.248901,0.185059,1.008789
0.497192,-0.282593,1.079102
-0.447998,-0.068359,0.786011
0.293335,-0.025269,1.086670
0.110107,-0.426270,0.892944
-0.297241,0.128296,0.971436
0.500854,-0.259399,1.102661
-0.435181,-0.111694,0.775513
0.232910,0.012817,1.077637
0.160767,-0.464722,0.876953
-0.356323,0.118652,0.924927
0.525635,-0.271484,1.101807
-0.398804,-0.159668,0.777588
0.162598,0.062134,1.066772
0.201904,-0.466797,0.893799
-0.375610,0.062744,0.869019
0.522095,-0.252563,1.105957
-0.370728,-0.181030,0.763916
0.112549,0.090698,1.064941
0.253296,-0.495605,0.890259
-0.432007,0.045654,0.836792
0.516479,-0.251221,1.094727
-0.331665,-0.200073,0.786987
0.028809,0.146851,1.045898
0.284058,-0.480591,0.909180
-0.455688,0.023804,0.808838
0.499756,-0.247681,1.085938
-0.273193,-0.231567,0.800659
-0.028687,0.183838,1.027222
0.327881,-0.440674,0.929932
-0.489624,-0.004761,0.785889
0.472656,-0.226318,1.086548
-0.206177,-0.264771,0.824951
-0.096436,0.207275,1.024536
0.353027,-0.421143,0.943115
-0.509766,-0.004883,0.788696
0.454346,-0.233154,1.080322
-0.125732,-0.313843,0.827515
-0.144409,0.227905,1.013428
0.353027,-0.344116,0.958008
-0.522949,-0.025879,0.770630
0.429199,-0.261597,1.063843
-0.049805,-0.348511,0.862671
-0.198120,0.208374,0.981323
0.375732,-0.339722,0.956665
-0.511719,0.006104,0.766235
0.380493,-0.190552,1.034058
0.005981,-0.400269,0.849854
-0.225464,0.148926,0.950562
0.390869,-0.303345,0.977539
-0.503174,-0.070312,0.746338
0.327271,-0.146240,1.030762
0.047729,-0.471924,0.808228
-0.288818,0.156616,0.918945
0.430176,-0.314941,0.983154
-0.496338,-0.049561,0.749756
0.248535,-0.085449,1.004639
0.080811,-0.439697,0.824097
-0.316772,0.106323,0.882446
0.438843,-0.300415,1.000610
-0.483643,-0.070679,0.747559
0.193237,-0.014648,1.021362
0.105835,-0.485474,0.812134
-0.399536,0.119019,0.858154
0.466431,-0.306274,1.002808
-0.445801,-0.127319,0.742065
0.120850,0.052124,1.023804
0.135254,-0.455444,0.835693
-0.437500,0.081909,0.813110
0.480103,-0.292725,1.027222
-0.403320,-0.155029,0.760986
0.039062,0.103027,1.015869
0.203491,-0.475464,0.849243
-0.490967,0.064819,0.766357
0.467529,-0.265015,1.019531
-0.326538,-0.190918,0.782959
-0.035645,0.157837,1.010254
0.251709,-0.473389,0.861694
-0.516113,0.020508,0.743896
0.446411,-0.216187,1.034302
-0.261963,-0.238281,0.769531
-0.096436,0.175659,0.992065
0.314575,-0.468994,0.898193
-0.543701,0.041870,0.744385
0.409668,-0.152100,1.034424
-0.156616,-0.243164,0.805420
-0.177124,0.164062,0.961304
0.344849,-0.442383,0.911133
-0.534180,-0.019287,0.745972
0.360840,-0.077515,1.047363
-0.080811,-0.323242,0.772339
-0.252197,0.207397,0.922485
0.396606,-0.414795,0.935059
-0.538696,-0.060059,0.741699
0.304565,-0.098755,1.009888
-0.004272,-0.391602,0.780884
-0.324951,0.161743,0.862427
0.420410,-0.329834,0.961792
-0.500488,-0.099121,0.731689
0.233276,-0.027466,1.008789
0.035400,-0.453125,0.753662
-0.384644,0.120117,0.821899
0.427124,-0.289185,0.968140
-0.470337,-0.099365,0.738892
0.150024,0.019775,1.014160
0.088989,-0.445679,0.797729
-0.477173,0.115112,0.777832
0.441284,-0.237671,1.005737
-0.391113,-0.142334,0.764893
0.013062,0.125244,0.999512
0.196167,-0.470337,0.821045
-0.539185,0.084839,0.755615
0.439087,-0.206909,1.016846
-0.283936,-0.205078,0.762085
-0.088623,0.198242,0.990112
0.277100,-0.412354,0.878540
-0.571533,0.046753,0.742065
0.417480,-0.175293,1.033691
-0.151367,-0.310181,0.761475
-0.154785,0.217773,0.955688
0.319946,-0.332764,0.918945
-0.587158,0.045166,0.738037
0.393555,-0.154297,1.028320
-0.070557,-0.385254,0.760498
-0.236938,0.207642,0.909424
0.358765,-0.314209,0.915283
-0.559814,0.034058,0.736816
0.312500,-0.097778,0.997803
-0.013306,-0.428467,0.756226
-0.315186,0.188843,0.865234
0.406128,-0.300049,0.920776
-0.543335,0.017456,0.731689
0.223877,-0.028809,0.985840
0.030518,-0.416748,0.774536
-0.399536,0.135620,0.820557
0.413696,-0.245605,0.957642
-0.492188,-0.042603,0.728760
0.161621,0.081787,1.020752
0.068970,-0.415161,0.774780
-0.482056,0.169556,0.809326
0.432983,-0.217896,0.990356
-0.425293,-0.098633,0.743774
0.069336,0.130493,1.011963
0.130371,-0.399780,0.821045
-0.545776,0.172241,0.785156
0.446533,-0.222046,1.014648
-0.348389,-0.178711,0.744507
-0.018188,0.166138,0.989502
0.187012,-0.368652,0.839600
-0.564819,0.127319,0.760986
0.458374,-0.184448,1.042603
-0.230713,-0.246704,0.756714
-0.114380,0.229736,0.972534
0.272583,-0.374512,0.856812
-0.605469,0.123291,0.743164
0.440430,-0.194946,1.026245
-0.157471,-0.313110,0.762207
-0.173218,0.214355,0.951538
0.313477,-0.358887,0.898071
-0.612915,0.084473,0.748413
0.392334,-0.147461,1.025757
-0.083618,-0.341797,0.756104
-0.243164,0.205078,0.902832
0.337769,-0.296753,0.911987
-0.594971,0.052124,0.728271
0.340698,-0.105591,1.010620
-0.044189,-0.413574,0.748901
-0.314087,0.187256,0.876343
0.363037,-0.283569,0.920776
-0.568481,0.054443,0.724121
0.262817,-0.040649,0.992798
-0.004761,-0.414917,0.765137
-0.402588,0.181519,0.845337
0.405640,-0.248413,0.954834
-0.537354,0.001465,0.717529
0.162964,0.043457,1.000854
0.061157,-0.426147,0.796875
-0.477905,0.186157,0.837280
0.406982,-0.223511,0.958008
-0.486572,-0.042480,0.710815
0.093628,0.110718,1.019897
0.119385,-0.381836,0.833496
-0.550049,0.155396,0.802368
0.433472,-0.209839,0.999268
-0.383423,-0.145264,0.718750
0.003784,0.182861,1.009521
0.187134,-0.376587,0.849976
-0.598511,0.150513,0.785522
0.439331,-0.188110,1.025024
-0.289062,-0.234741,0.719727
-0.102905,0.199219,0.975220
0.253174,-0.383911,0.878418
-0.597534,0.098267,0.767822
0.404785,-0.147095,1.024536
-0.212891,-0.319580,0.708496
-0.193481,0.201660,0.930176
0.316162,-0.368896,0.893677
-0.600586,0.080078,0.760132
0.376587,-0.177612,1.006836
-0.160034,-0.359009,0.713257
-0.263428,0.183472,0.889160
0.345459,-0.316528,0.921387
-0.594727,0.038452,0.731323
0.327148,-0.131714,1.014038
-0.113647,-0.404175,0.733154
-0.336670,0.191406,0.883667
0.369629,-0.302979,0.927612
-0.578857,0.059448,0.736572
0.243530,-0.067017,0.996582
-0.042603,-0.411255,0.770752
-0.416138,0.195435,0.861084
0.384277,-0.264771,0.956177
-0.549316,-0.020508,0.702637
0.159058,0.031372,1.012573
0.012207,-0.393066,0.797119
-0.501465,0.180542,0.840088
0.410278,-0.262329,0.982666
-0.478882,-0.109253,0.717773
0.058716,0.129395,1.013916
0.114502,-0.394653,0.827271
-0.567627,0.157593,0.812378
0.415161,-0.238159,1.000122
-0.390015,-0.183716,0.722656
0.009888,0.148560,1.017334
0.173950,-0.383667,0.846069
-0.608398,0.111572,0.780151
0.423706,-0.244507,1.010498
-0.282349,-0.286377,0.707397
-0.101685,0.190063,0.970459
0.237061,-0.349243,0.874634
-0.604248,0.087769,0.767822
0.392700,-0.232910,1.007080
-0.238647,-0.381104,0.687622
-0.172852,0.154053,0.952393
0.297974,-0.373169,0.906372
-0.594727,0.067383,0.747192
0.378662,-0.160889,1.032593
-0.189087,-0.354858,0.714233
-0.280884,0.170532,0.921021
0.342407,-0.371338,0.929321
-0.586792,0.001465,0.734253
0.338013,-0.090820,1.062622
-0.156250,-0.378784,0.717651
-0.330200,0.193970,0.915771
0.377808,-0.353638,0.945679
-0.595581,-0.008667,0.723755
0.284668,-0.109497,1.037842
-0.079712,-0.399536,0.770020
-0.393188,0.195557,0.877563
0.377563,-0.274414,0.973755
-0.528931,-0.052856,0.729248
0.198853,-0.044678,1.027954
-0.005615,-0.428955,0.794678
-0.453369,0.180786,0.867188
0.410889,-0.260132,1.000488
-0.509766,-0.087891,0.716797
0.104492,0.021606,1.016846
0.109741,-0.420776,0.841919
-0.520752,0.144287,0.844849
0.433228,-0.230957,1.037109
-0.408081,-0.173218,0.734863
-0.005371,0.099609,1.002563
0.201294,-0.423096,0.877930
-0.556274,0.086914,0.799194
0.434204,-0.212402,1.046143
-0.284424,-0.267212,0.737793
-0.097656,0.148071,0.979492
0.271729,-0.393555,0.902344
-0.559692,0.019287,0.774048
0.428223,-0.182129,1.063721
-0.207275,-0.329956,0.719360
-0.190674,0.159058,0.961426
0.333252,-0.368408,0.927856
-0.554199,-0.005859,0.761597
0.384888,-0.166260,1.071533
-0.164917,-0.361206,0.745850
-0.261841,0.161743,0.949951
0.380737,-0.350708,0.960083
-0.552734,0.010010,0.756348
0.342163,-0.139038,1.076904
-0.107422,-0.365234,0.789551
-0.317749,0.152588,0.920166
0.403687,-0.301025,1.000610
-0.513306,-0.072998,0.732666
0.276978,-0.059937,1.077515
-0.016602,-0.371094,0.826050
-0.387451,0.192261,0.917236
0.440918,-0.302856,1.009521
-0.463867,-0.129150,0.763428
0.191650,-0.004028,1.068604
0.070679,-0.390991,0.860718
-0.447510,0.146362,0.871704
0.460205,-0.253662,1.054077
-0.402222,-0.197144,0.757568
0.108032,0.057617,1.065918
0.175659,-0.406128,0.894897
-0.496704,0.139648,0.847778
0.485229,-0.255737,1.062256
-0.327881,-0.252930,0.780518
0.014526,0.106201,1.052856
0.255493,-0.397339,0.914917
-0.484253,0.042969,0.825439
0.473999,-0.186279,1.094482
-0.213257,-0.304321,0.789307
-0.075439,0.120728,1.019531
0.334595,-0.398193,0.945679
-0.498169,0.013672,0.802979
0.458496,-0.148926,1.112305
-0.144775,-0.320068,0.796143
-0.175781,0.153320,1.007568
0.392334,-0.362671,1.002563
-0.496704,-0.049561,0.783325
0.419312,-0.093262,1.136963
-0.089355,-0.313110,0.821533
-0.265503,0.220703,1.008667
0.454102,-0.320923,1.048828
-0.490356,-0.093628,0.770752
0.346802,-0.084839,1.136230
0.013428,-0.368286,0.855225
-0.324829,0.194580,0.964111
0.487915,-0.278564,1.065063
-0.423828,-0.121826,0.786377
0.243164,-0.020996,1.120850
0.145020,-0.411743,0.907104
-0.398560,0.150635,0.914673
0.521729,-0.242310,1.104980
-0.356079,-0.171509,0.802734
0.112427,0.081299,1.096558
0.251099,-0.433960,0.942871
-0.440918,0.077759,0.875977
0.517944,-0.187256,1.138184
-0.245605,-0.254761,0.812134
0.001953,0.161743,1.083740
0.319214,-0.378906,0.967651
-0.465698,-0.003906,0.834595
0.522949,-0.195557,1.155640
-0.119751,-0.315308,0.848389
-0.082520,0.194214,1.068481
0.379761,-0.329468,1.001099
-0.455566,-0.041382,0.819458
0.484497,-0.135986,1.172974
-0.063599,-0.317993,0.843506
-0.167847,0.201294,1.050659
0.452148,-0.311157,1.060913
-0.487061,-0.060913,0.808594
0.294067,-0.024170,1.138184
0.027344,-0.347168,0.899414
-0.333984,0.154663,0.945923
0.543335,-0.225708,1.140503
-0.425415,-0.099731,0.806396
0.165527,0.084351,1.110840
0.285034,-0.450073,0.967285
-0.404053,0.072754,0.879883
0.548706,-0.190430,1.149292
-0.238159,-0.201782,0.853516
0.045410,0.176514,1.104126
0.350952,-0.421265,0.989502
-0.439819,0.015991,0.859985
0.518066,-0.152710,1.169922
-0.137085,-0.269287,0.870728
-0.068604,0.233643,1.091064
0.415405,-0.381104,1.025269
-0.455444,-0.046753,0.820679
0.477905,-0.130371,1.163818
0.000854,-0.355347,0.880981
-0.143555,0.233276,1.067871
0.453735,-0.340454,1.044434
-0.448975,-0.057007,0.823364
0.416382,-0.101929,1.149292
0.044189,-0.391113,0.881470
-0.215454,0.189087,1.026367
0.489258,-0.271362,1.090088
-0.433350,-0.075928,0.800293
0.335449,-0.049683,1.118774
0.115112,-0.420776,0.913208
-0.316895,0.165649,0.974243
0.523560,-0.263428,1.117432
-0.406128,-0.140625,0.789551
0.228027,0.013550,1.093994
0.212524,-0.484253,0.911865
-0.384399,0.126221,0.911011
0.534546,-0.216919,1.123169
-0.334717,-0.181641,0.797729
0.124023,0.101685,1.093750
0.288696,-0.495972,0.934082
-0.426025,0.053589,0.855469
0.511230,-0.205566,1.114868
-0.266724,-0.228516,0.816040
0.033813,0.172119,1.081665
0.331177,-0.432495,0.950806
-0.456909,0.048950,0.830688
0.497314,-0.186401,1.121460
-0.177490,-0.233765,0.842896
-0.076294,0.217896,1.065552
0.383667,-0.421265,0.986938
-0.497437,-0.030762,0.785400
0.460327,-0.153442,1.121948
-0.043213,-0.329102,0.857300
-0.169067,0.241821,1.038086
0.432983,-0.383057,1.008789
-0.484131,-0.038940,0.786865
0.369385,-0.104492,1.096558
0.041992,-0.439819,0.836304
-0.205811,0.163086,0.985107
0.465332,-0.294800,1.045898
-0.491577,-0.052246,0.773804
0.294189,-0.080688,1.041260
0.100342,-0.438843,0.863770
-0.300293,0.125610,0.942871
0.480957,-0.279541,1.070557
-0.462891,-0.123047,0.752075
0.209839,0.003052,1.054810
0.161743,-0.452881,0.868408
-0.386597,0.099365,0.884521
0.509644,-0.293335,1.088379
-0.402100,-0.175049,0.760864
0.097412,0.097778,1.049683
0.228638,-0.467651,0.881592
-0.433838,0.031006,0.812988
0.507324,-0.262817,1.085938
-0.327881,-0.206177,0.787231
-0.001343,0.140625,1.026978
0.296875,-0.473389,0.900879
-0.489990,0.020752,0.783325
0.473633,-0.212280,1.084961
-0.232056,-0.250732,0.795532
-0.083862,0.217529,1.032104
0.324463,-0.428345,0.927246
-0.502930,-0.029907,0.777344
0.435425,-0.221313,1.067383
-0.150269,-0.293701,0.810669
-0.145630,0.196167,1.001953
0.365234,-0.408447,0.953003
-0.517456,-0.050659,0.762451
0.396973,-0.158447,1.075439
-0.037231,-0.375122,0.816040
-0.228394,0.219482,0.972412
0.413818,-0.377319,0.956909
-0.499634,-0.059326,0.755859
0.308228,-0.121460,1.015381
0.036011,-0.447876,0.801758
-0.272583,0.125610,0.903687
0.443115,-0.308350,1.006348
-0.509766,-0.073608,0.739258
0.227783,-0.042236,1.028931
0.084106,-0.486206,0.791870
-0.362915,0.102661,0.857788
0.463623,-0.290649,1.012939
-0.455811,-0.102417,0.741699
0.108887,0.065918,1.012939
0.178223,-0.487427,0.835693
-0.449097,0.076538,0.810547
0.461426,-0.273926,1.016113
-0.367065,-0.172119,0.756348
0.017822,0.136230,1.022339
0.248291,-0.438232,0.867065
-0.525757,0.026001,0.748657
0.448730,-0.259033,1.027954
-0.230347,-0.253662,0.787231
-0.103516,0.209839,0.996460
0.291504,-0.365967,0.911255
-0.543335,0.000366,0.741821
0.413086,-0.210571,1.048462
-0.109131,-0.343384,0.793091
-0.185425,0.209473,0.971436
0.344971,-0.332642,0.935791
-0.544067,-0.002808,0.736450
0.361206,-0.168579,1.020142
-0.009033,-0.389160,0.806519
-0.265991,0.182251,0.909058
0.373901,-0.321411,0.948853
-0.509644,-0.062500,0.742310
0.294678,-0.098511,1.008911
0.028442,-0.466553,0.757935
-0.349487,0.167725,0.860962
0.423584,-0.325928,0.964600
-0.480347,-0.064941,0.750244
0.181519,-0.025146,1.000366
0.071045,-0.453491,0.777222
-0.412842,0.132446,0.820435
0.448486,-0.308960,0.978882
-0.448120,-0.133911,0.739136
0.097412,0.053955,1.000366
0.134033,-0.444702,0.806274
-0.481079,0.115112,0.787598
0.451660,-0.269409,0.984131
-0.361816,-0.175171,0.760620
-0.013184,0.132935,1.001465
0.222046,-0.447754,0.849731
-0.529663,0.071045,0.756958
0.441772,-0.201782,1.022583
-0.264771,-0.214600,0.776611
-0.117920,0.173218,0.968384
0.305664,-0.447876,0.886719
-0.557007,0.038696,0.746338
0.397217,-0.121826,1.033447
-0.136475,-0.298462,0.764404
-0.193237,0.188110,0.941528
0.367798,-0.379272,0.927246
-0.562622,0.026611,0.744263
0.335815,-0.105469,0.998779
-0.041016,-0.395508,0.763916
-0.285400,0.160889,0.871094
0.398193,-0.343506,0.939819
-0.533447,-0.024536,0.734253
0.257568,-0.041016,0.989380
0.028809,-0.406372,0.767090
-0.375732,0.143677,0.829956
0.418945,-0.294434,0.956543
-0.481567,-0.086914,0.735474
0.154175,0.042847,1.006714
0.079834,-0.436523,0.785522
-0.468384,0.152222,0.807373
0.439087,-0.241577,0.984253
-0.414551,-0.126465,0.746216
0.037598,0.125366,0.996948
0.161377,-0.431641,0.820557
-0.541870,0.104980,0.770386
0.447266,-0.207764,1.016113
-0.304321,-0.193237,0.757202
-0.073975,0.196899,0.983643
0.254272,-0.390747,0.876709
-0.565796,0.074219,0.750366
0.418091,-0.183228,1.016846
-0.186523,-0.288940,0.742432
-0.151855,0.213013,0.954346
0.334473,-0.362915,0.907471
-0.582764,0.085815,0.764404
0.376831,-0.131348,1.013550
-0.085449,-0.363037,0.751343
-0.257324,0.195190,0.894043
0.376587,-0.313843,0.933716
-0.557373,0.013672,0.736694
0.282104,-0.056274,1.001221
-0.023926,-0.418213,0.757935
-0.358398,0.170898,0.850586
0.404419,-0.262085,0.959839
-0.510986,-0.038818,0.727417
0.180298,0.010254,0.996582
0.045898,-0.413086,0.786499
-0.466431,0.198486,0.820557
0.414185,-0.209229,0.978760
-0.407593,-0.099609,0.770386
0.052124,0.116577,1.010864
0.145630,-0.436523,0.822266
-0.559937,0.187500,0.786621
0.427246,-0.174805,1.002197
-0.295654,-0.152954,0.767212
-0.083252,0.195923,0.991333
0.244507,-0.405518,0.863892
-0.583252,0.102417,0.761597
0.436401,-0.158813,1.033447
-0.178223,-0.261475,0.768921
-0.191895,0.222534,0.941284
0.328125,-0.348633,0.902466
-0.597656,0.067261,0.736084
0.369263,-0.137573,1.012817
-0.078979,-0.387329,0.754028
-0.302490,0.219727,0.891357
0.365234,-0.317505,0.912720
-0.558716,0.032593,0.730103
0.282471,-0.064453,0.996460
-0.026245,-0.412354,0.747559
-0.384033,0.179443,0.843750
0.391968,-0.257446,0.944580
-0.534546,-0.027954,0.708618
0.183105,-0.002563,0.999878
-0.460571,-0.064575,0.737793
0.135376,-0.426636,0.836548
-0.547607,0.156372,0.809814
-0.355469,-0.174805,0.721191
-0.041382,0.203979,1.009277
0.224243,-0.390015,0.864136
-0.592285,0.114258,0.769165
0.410767,-0.148682,1.041382
-0.253296,-0.278076,0.708862
-0.143188,0.219116,0.964844
0.301758,-0.370361,0.894531
-0.605835,0.081543,0.754883
0.388794,-0.134277,1.022583
-0.169922,-0.339478,0.712036
-0.247681,0.201660,0.914062
0.354736,-0.355347,0.920654
-0.606079,0.046509,0.729980
0.321655,-0.112671,1.011963
-0.103394,-0.391724,0.719604
-0.343140,0.206665,0.879272
0.375244,-0.303223,0.924194
-0.570068,-0.015015,0.709229
0.235840,-0.050781,1.006592
-0.035400,-0.431396,0.754517
-0.446899,0.215820,0.866211
0.392212,-0.263428,0.953003
-0.523071,-0.044312,0.727661
0.109863,0.023804,0.994141
0.055054,-0.420776,0.806885
-0.526123,0.171143,0.829712
0.403931,-0.192261,0.999878
-0.428345,-0.125488,0.724243
0.013794,0.132568,1.007690
0.155640,-0.423950,0.841675
-0.566895,0.131714,0.805054
0.409546,-0.170532,1.021118
-0.321655,-0.228760,0.715698
-0.092896,0.189209,0.989136
0.232666,-0.393921,0.864014
-0.583008,0.072998,0.772949
0.399658,-0.155518,1.037964
-0.229614,-0.326538,0.704346
-0.208374,0.205322,0.951294
0.310669,-0.390137,0.886841
-0.601074,0.037842,0.739746
0.367432,-0.143799,1.032227
-0.157593,-0.356445,0.719849
-0.304565,0.190918,0.900757
0.367432,-0.343384,0.935547
-0.581177,0.000000,0.742065
0.284424,-0.092163,1.022217
-0.100098,-0.401001,0.731812
-0.391357,0.190674,0.869751
0.372925,-0.300415,0.957031
-0.532837,-0.081543,0.712036
0.183228,-0.008911,1.024658
-0.004150,-0.420044,0.795044
-0.510010,0.210815,0.844727
0.405029,-0.256714,0.993286
-0.476685,-0.149658,0.720825
0.073730,0.062134,1.022827
0.107910,-0.444092,0.825562
-0.553711,0.183350,0.835815
0.429688,-0.234375,1.016968
-0.365723,-0.222046,0.737427
-0.027832,0.130249,1.005371
0.195679,-0.408691,0.858521
-0.592163,0.106445,0.782349
0.429688,-0.207153,1.035278
-0.244995,-0.323364,0.709961
-0.122070,0.166260,0.986084
0.262817,-0.364624,0.879883
-0.607666,0.051147,0.741821
0.420166,-0.217163,1.040894
-0.197876,-0.375488,0.708496
-0.232178,0.184326,0.965088
0.334595,-0.360107,0.922119
-0.590210,0.021606,0.747925
0.359497,-0.162109,1.041382
-0.147461,-0.359619,0.756226
-0.309204,0.170654,0.917725
0.380615,-0.336548,0.971680
-0.580688,0.003174,0.738037
0.278442,-0.099976,1.050293
-0.041992,-0.386841,0.811279
-0.399170,0.174316,0.891968
0.399902,-0.302734,0.982056
-0.522339,-0.039551,0.732544
0.211060,-0.034790,1.043213
0.021362,-0.393311,0.829102
-0.451050,0.182373,0.882202
0.434814,-0.290649,1.019165
-0.485596,-0.136353,0.731323
0.099976,0.049316,1.030029
0.123047,-0.410400,0.850952
-0.489868,0.144043,0.848633
0.443481,-0.237427,1.038452
-0.378906,-0.220703,0.756714
0.027100,0.071899,1.024658
0.196045,-0.402832,0.890625
-0.525269,0.083862,0.819336
0.469849,-0.225952,1.072876
-0.277588,-0.259644,0.767822
-0.070801,0.129761,1.002930
0.272949,-0.387451,0.909302
-0.516968,0.029419,0.801636
0.445679,-0.191895,1.081665
-0.207153,-0.338135,0.748535
-0.136963,0.128662,0.984619
0.333374,-0.367065,0.934937
-0.548706,0.002197,0.773926
0.437134,-0.196899,1.088013
-0.156860,-0.337769,0.761108
-0.221069,0.170166,0.984375
0.384033,-0.321411,0.981323
-0.545654,-0.043091,0.760864
0.377197,-0.159668,1.081177
-0.083618,-0.365234,0.814331
-0.288330,0.190674,0.952271
0.416016,-0.318237,0.996826
-0.507446,-0.059814,0.750732
0.314331,-0.077026,1.103760
0.000366,-0.391357,0.838867
-0.367188,0.185181,0.934204
0.467407,-0.297241,1.041504
-0.454956,-0.143066,0.747681
0.233521,0.008667,1.104370
0.079346,-0.409424,0.864746
-0.410767,0.166382,0.912842
0.478027,-0.263672,1.063843
-0.406982,-0.173462,0.772705
0.168335,0.047119,1.096436
0.155884,-0.409058,0.899292
-0.445190,0.102905,0.890259
0.522217,-0.265747,1.086914
-0.368652,-0.209717,0.769775
0.068481,0.145752,1.089111
0.248657,-0.395508,0.929321
-0.466919,0.051392,0.855347
0.520996,-0.246582,1.104858
-0.269287,-0.306396,0.789062
0.008789,0.167969,1.085571
0.291138,-0.384888,0.931396
-0.485596,0.017212,0.831543
0.517700,-0.237671,1.133911
-0.165161,-0.353149,0.802979
-0.070923,0.175171,1.056030
0.343994,-0.360107,0.960571
-0.481934,-0.016357,0.817139
0.498047,-0.204712,1.153320
-0.106812,-0.375000,0.818115
-0.140625,0.181763,1.033691
0.399292,-0.342529,0.990356
-0.484375,-0.033447,0.804932
0.467041,-0.161621,1.153931
-0.066406,-0.310425,0.849976
-0.219849,0.202148,1.016968
0.467163,-0.321533,1.053955
-0.476685,-0.067261,0.805542
0.380615,-0.081421,1.156860
0.027954,-0.362915,0.884766
-0.284302,0.195557,1.002563
0.499390,-0.271973,1.090942
-0.427246,-0.132690,0.787720
0.296753,-0.035034,1.140747
0.137573,-0.393188,0.913086
-0.342773,0.180786,0.946533
0.526978,-0.255981,1.106567
-0.373047,-0.179932,0.796021
0.201294,0.007935,1.119141
0.227173,-0.403809,0.957153
-0.381592,0.148438,0.919922
0.531860,-0.201416,1.133423
-0.286255,-0.224609,0.829346
0.080200,0.101196,1.102905
0.304932,-0.410034,0.983032
-0.430664,0.033691,0.863037
0.543579,-0.177124,1.164429
-0.178589,-0.250732,0.858643
-0.028931,0.176636,1.080078
0.371216,-0.379761,0.997681
-0.444824,-0.002319,0.858398
0.517822,-0.163208,1.182495
-0.055664,-0.348999,0.876587
-0.102417,0.205322,1.066895
0.418823,-0.327759,1.024292
-0.446533,-0.042847,0.829834
0.484497,-0.134277,1.183960
-0.011475,-0.351196,0.892700
-0.196899,0.229858,1.044556
0.476807,-0.298950,1.085571
-0.438599,-0.079712,0.820312
0.388306,-0.061768,1.166504
0.060913,-0.383301,0.912964
-0.256836,0.190186,1.034302
0.524902,-0.257080,1.130615
-0.414917,-0.094482,0.816284
0.301636,0.024780,1.165283
0.168823,-0.433105,0.943237
-0.339233,0.135376,0.966064
0.551025,-0.253418,1.155640
-0.368042,-0.151245,0.812012
0.204590,0.100220,1.140015
0.261841,-0.446167,0.960083
-0.377930,0.096802,0.923462
0.559692,-0.229004,1.145386
-0.306152,-0.201294,0.823120
0.113403,0.151733,1.107422
0.316528,-0.422607,0.980957
-0.418945,0.061279,0.890991
0.553711,-0.224609,1.155273
-0.240112,-0.249756,0.851562
0.039062,0.189697,1.112305
0.357422,-0.402466,1.000854
-0.447632,0.052856,0.871582
0.540161,-0.192139,1.173584
-0.171509,-0.256348,0.873535
-0.020874,0.213501,1.098755
0.406738,-0.378906,1.015137
-0.442383,0.019531,0.847778
0.505371,-0.140991,1.158081
-0.079346,-0.292236,0.876587
-0.092896,0.221924,1.091553
0.435669,-0.373291,1.034546
-0.437500,-0.035400,0.840088
0.466675,-0.083496,1.167603
0.019653,-0.354370,0.883789
-0.186279,0.245972,1.066284
0.478394,-0.347900,1.074219
-0.443848,-0.089844,0.814941
0.411011,-0.079956,1.163574
0.059326,-0.344360,0.902222
-0.245117,0.216431,1.024170
0.501099,-0.277588,1.091187
-0.402588,-0.133179,0.818604
0.311401,-0.036621,1.127075
0.126709,-0.389404,0.923584
-0.299805,0.164795,0.978760
0.529907,-0.219849,1.122437
-0.371826,-0.156006,0.809448
0.200684,0.049927,1.109009
0.241211,-0.504761,0.912720
-0.390991,0.091919,0.888794
0.549316,-0.234619,1.125488
-0.299194,-0.192627,0.821411
0.063232,0.123047,1.064819
0.333862,-0.465088,0.962891
-0.451660,0.052002,0.838623
0.510254,-0.163086,1.140259
-0.186890,-0.223267,0.845947
-0.049805,0.198120,1.061523
0.380249,-0.422852,0.978027
-0.474121,-0.024658,0.814087
0.472656,-0.145996,1.136841
-0.058472,-0.320435,0.861328
-0.137939,0.254761,1.064453
0.423096,-0.353027,1.009888
-0.479980,-0.048340,0.807739
0.423706,-0.156860,1.122314
0.051147,-0.432861,0.882568
-0.226807,0.205933,1.003540
0.465942,-0.300781,1.062134
-0.459961,-0.085083,0.776611
0.308716,-0.044556,1.094116
0.096802,-0.425781,0.889404
-0.285156,0.144287,0.981934
0.486328,-0.272095,1.078857
-0.428223,-0.108765,0.777100
0.196533,0.052856,1.067139
0.189331,-0.425659,0.906128
-0.359741,0.060181,0.905151
0.517456,-0.272705,1.103271
-0.384521,-0.173706,0.761475
0.097290,0.143066,1.063354
0.256714,-0.449463,0.906250
-0.428467,0.039673,0.846191
0.499634,-0.255493,1.090210
-0.299805,-0.270996,0.776001
0.028320,0.180420,1.058350
0.295654,-0.427612,0.926636
-0.475464,0.011841,0.793823
0.489380,-0.232178,1.104736
-0.232544,-0.263062,0.807495
-0.054077,0.171753,1.042969
0.334351,-0.429321,0.930298
-0.498535,0.017578,0.791504
0.461426,-0.201538,1.088013
-0.119141,-0.293335,0.848511
-0.141724,0.195190,1.019531
0.366699,-0.405273,0.950439
-0.495117,-0.030029,0.778809
0.416992,-0.165649,1.077271
-0.039795,-0.359985,0.833862
-0.192993,0.200195,1.000366
0.394531,-0.364990,0.974976
-0.504028,-0.084595,0.751099
0.374023,-0.161011,1.052979
0.021362,-0.383545,0.836548
-0.240601,0.185303,0.961060
0.423462,-0.336548,0.988159
-0.488770,-0.084961,0.757446
0.297485,-0.109253,1.045410
0.067383,-0.483521,0.802856
-0.300659,0.159424,0.907837
0.450195,-0.309692,0.993774
-0.469238,-0.058594,0.767822
0.220581,-0.077148,1.020996
0.099731,-0.489746,0.814819
-0.351074,0.100098,0.867676
0.458862,-0.284668,1.017090
-0.456787,-0.117065,0.747681
0.141724,-0.001831,1.008545
0.160767,-0.502808,0.838257
-0.433960,0.063232,0.823120
0.485596,-0.253662,1.047241
-0.385376,-0.167847,0.739624
0.015747,0.126953,1.021484
0.247925,-0.491455,0.859985
-0.472168,0.039917,0.786377
0.460083,-0.242798,1.040649
-0.291870,-0.223999,0.781128
-0.061401,0.172119,1.010132
0.279785,-0.429688,0.906616
-0.526001,-0.005493,0.745117
0.435669,-0.207520,1.053711
-0.189087,-0.263428,0.794556
-0.134155,0.217651,0.995117
0.338135,-0.390869,0.923950
-0.545166,-0.014282,0.746216
0.392456,-0.193359,1.031860
-0.090942,-0.348877,0.800659
-0.201660,0.199829,0.955322
0.377319,-0.347900,0.953125
-0.537109,-0.025391,0.758667
0.332153,-0.163940,1.016724
0.011230,-0.455933,0.793823
-0.266968,0.167847,0.899536
0.388062,-0.291748,0.957397
-0.512817,-0.031860,0.756470
0.265625,-0.104370,1.005981
0.066772,-0.480591,0.803345
-0.342407,0.105469,0.856445
0.425415,-0.261719,0.991821
-0.491455,-0.061035,0.735596
0.167847,0.009399,1.000122
0.110229,-0.460815,0.802979
-0.413086,0.096680,0.813110
0.445312,-0.269287,0.997314
-0.447510,-0.093750,0.751221
0.075684,0.069824,0.989624
0.155273,-0.457153,0.828491
-0.484741,0.066772,0.785278
0.448242,-0.247437,1.008057
-0.371460,-0.159790,0.748901
-0.009521,0.170776,1.018433
0.220703,-0.450684,0.839966
-0.529663,0.025635,0.745117
0.454956,-0.235107,1.024292
-0.303345,-0.186035,0.763062
-0.092285,0.217285,0.997803
0.294800,-0.410278,0.889893
-0.554199,0.026001,0.735107
0.425781,-0.220947,1.021973
-0.202026,-0.257080,0.774414
-0.149048,0.211548,0.962402
0.319458,-0.360596,0.915894
-0.556763,0.008667,0.749023
0.387207,-0.181519,1.020508
-0.107544,-0.331177,0.776733
-0.211914,0.207275,0.923218
0.362793,-0.320801,0.942261
-0.557617,-0.013184,0.736084
0.351196,-0.147217,1.016113
-0.049316,-0.401489,0.767456
-0.252563,0.161011,0.886108
0.380371,-0.278442,0.957397
-0.541382,-0.058350,0.720337
0.298828,-0.103027,1.001831
-0.002075,-0.431519,0.764282
-0.320312,0.151855,0.854492
0.412109,-0.295288,0.952271
-0.523315,-0.054810,0.723511
0.228516,-0.042358,0.984375
0.039917,-0.412231,0.783936
-0.378784,0.120972,0.835815
0.422607,-0.272461,0.965576
-0.504272,-0.048950,0.743652
0.147705,0.033569,1.002930
0.075073,-0.446045,0.786255
-0.446289,0.127075,0.807007
0.447876,-0.228271,0.997314
-0.442505,-0.066284,0.741455
0.047974,0.131836,1.005005
0.156128,-0.446167,0.826416
-0.509155,0.086914,0.778564
0.433838,-0.187134,1.018555
-0.351196,-0.157959,0.739990
-0.041748,0.203857,1.000610
0.230225,-0.394775,0.852783
-0.555298,0.091919,0.769531
0.431274,-0.196899,1.020142
-0.224487,-0.257690,0.755249
-0.119141,0.215820,0.974365
0.287964,-0.353516,0.886475
-0.601562,0.071899,0.741577
0.419067,-0.187256,1.021484
-0.118286,-0.343994,0.757080
-0.193604,0.210327,0.920898
0.333740,-0.309326,0.914429
-0.587402,0.075439,0.749023
0.357056,-0.129272,1.017334
-0.040894,-0.413086,0.756714
-0.279419,0.177612,0.882935
0.380737,-0.289185,0.928955
-0.565430,0.049194,0.729004
0.255737,-0.055664,0.981689
-0.005249,-0.416138,0.765137
-0.354248,0.142822,0.850220
0.417358,-0.264893,0.961182
-0.520386,0.022461,0.725708
0.138428,0.076782,0.993164
0.044678,-0.382935,0.778564
-0.454590,0.131470,0.818115
0.447754,-0.244873,0.992554
-0.445435,-0.059204,0.753906
0.078125,0.189575,1.023804
0.107178,-0.339966,0.816284
-0.530273,0.146484,0.806152
0.443481,-0.244019,1.000122
-0.371460,-0.147705,0.753662
0.010498,0.181030,1.011719
0.196045,-0.379883,0.849121
-0.588257,0.134766,0.771851
0.435913,-0.197144,1.011353
-0.259888,-0.251953,0.743774
-0.082153,0.177124,0.971436
0.262939,-0.371582,0.882690
-0.599121,0.136353,0.758423
0.410889,-0.123779,1.023804
-0.187256,-0.304688,0.730103
-0.169556,0.184448,0.944336
0.325439,-0.396484,0.903687
-0.591919,0.097412,0.758789
0.366943,-0.092896,1.020996
-0.131592,-0.347534,0.721680
-0.261719,0.195801,0.902954
0.374023,-0.350586,0.925415
-0.576172,0.044922,0.753296
0.312744,-0.069946,1.017822
-0.081543,-0.388306,0.729126
-0.354492,0.220581,0.864014
0.389282,-0.313232,0.934082
-0.546021,-0.010132,0.742432
0.220337,-0.054321,0.984619
-0.013794,-0.407471,0.763062
-0.437378,0.210693,0.841064
0.398315,-0.242188,0.958008
-0.488647,-0.065552,0.737549
0.112183,0.028809,0.997070
0.062866,-0.440552,0.795532
-0.520752,0.199829,0.830444
0.426147,-0.211426,0.987549
-0.412109,-0.112793,0.746704
0.015259,0.145630,1.009277
0.165161,-0.399658,0.849121
-0.577881,0.119507,0.775513
0.425781,-0.177124,1.020020
-0.295898,-0.218018,0.723389
-0.088257,0.205444,0.990234
0.256836,-0.389893,0.872803
-0.608032,0.107300,0.761108
0.397583,-0.171631,1.013550
-0.214600,-0.335449,0.710693
-0.185181,0.179565,0.934937
0.320068,-0.359497,0.903564
-0.609985,0.099365,0.756714
0.351807,-0.117065,1.018066
-0.149170,-0.367432,0.714233
-0.274048,0.188354,0.910034
0.357178,-0.342163,0.928101
-0.596680,0.037476,0.729492
0.298584,-0.092651,1.022583
-0.103638,-0.398193,0.738403
-0.379028,0.198608,0.865601
0.410278,-0.280640,0.993408
-0.500244,-0.137573,0.704468
0.112427,0.050293,1.033936
-0.030151,-0.386841,0.779053
-0.529785,0.171021,0.846069
0.436035,-0.252319,1.016113
-0.536133,-0.078491,0.696411
0.012207,0.105957,1.028564
0.190674,-0.423828,0.860107
-0.552124,0.093872,0.811035
0.430542,-0.218506,1.032593
-0.308960,-0.252808,0.732666
-0.073975,0.125000,0.988892
0.257080,-0.395874,0.896362
-0.557129,0.031372,0.779175
0.427734,-0.187134,1.061768
-0.223877,-0.342896,0.713745
-0.172119,0.172729,0.978638
0.313477,-0.371460,0.917603
-0.560425,0.006226,0.760498
0.397217,-0.171021,1.076416
-0.192871,-0.356445,0.725708
-0.244995,0.177979,0.969116
0.372070,-0.350708,0.957642
-0.564209,-0.003296,0.760620
0.340942,-0.144897,1.065430
-0.107300,-0.388794,0.776489
-0.322998,0.173950,0.933228
0.401611,-0.302002,0.989868
-0.536743,-0.003418,0.752563
0.265381,-0.097778,1.051758
0.014526,-0.413330,0.829712
-0.402344,0.165771,0.910278
0.409058,-0.253662,1.016602
-0.464600,-0.079468,0.744995
0.156006,0.035767,1.060425
0.105225,-0.401855,0.884033
-0.462524,0.102295,0.854248
0.443359,-0.207153,1.069336
-0.398193,-0.215210,0.730835
0.054077,0.138550,1.065674
0.189697,-0.422974,0.866211
-0.506104,0.084106,0.843628
0.478516,-0.251343,1.070679
-0.270386,-0.296021,0.763428
-0.046509,0.151123,1.030640
0.265991,-0.386963,0.903931
-0.520630,0.042725,0.793579
0.470215,-0.225952,1.081299
-0.185181,-0.348633,0.780640
-0.111328,0.146362,1.015625
0.316162,-0.379272,0.923584
-0.539795,0.022949,0.776611
0.435181,-0.186646,1.091919
-0.117920,-0.367310,0.786255
-0.203857,0.170776,1.011475
0.379883,-0.342285,0.981445
-0.543213,-0.003418,0.781372
0.391602,-0.151367,1.098999
-0.049072,-0.371582,0.831421
-0.278320,0.175659,0.981567
0.425781,-0.299438,1.029663
-0.510864,-0.004150,0.773071
0.316528,-0.072144,1.104736
0.021606,-0.381714,0.846191
-0.338135,0.159790,0.954346
0.474976,-0.281494,1.070801
-0.451416,-0.113403,0.755981
0.218872,0.003662,1.090820
0.121216,-0.400024,0.883911
-0.421143,0.157593,0.901611
0.505493,-0.254028,1.086060
-0.367554,-0.199463,0.776611
0.121094,0.078735,1.088623
0.201538,-0.400146,0.912109
-0.454590,0.087036,0.867432
0.529785,-0.231079,1.117554
-0.272217,-0.254517,0.811646
0.007812,0.156982,1.067383
0.283325,-0.381348,0.937134
-0.470215,0.020386,0.848633
0.513428,-0.243164,1.130981
-0.160156,-0.341919,0.818726
-0.075928,0.168945,1.041748
0.343750,-0.344238,0.968384
-0.493652,-0.003052,0.810547
0.487915,-0.208496,1.145386
-0.082886,-0.396606,0.832642
-0.141846,0.175537,1.044678
0.399902,-0.304688,1.009521
-0.513062,-0.016602,0.795288
0.425537,-0.137329,1.152954
-0.013916,-0.377075,0.867432
-0.227051,0.207764,1.047852
0.455566,-0.291992,1.060547
-0.481812,-0.031250,0.789062
0.341675,-0.059082,1.144287
0.076050,-0.415405,0.888672
-0.295410,0.155884,0.998047
0.503418,-0.250000,1.115601
-0.428955,-0.100098,0.782959
0.247437,0.045654,1.141235
0.169678,-0.427002,0.920288
-0.374390,0.092529,0.926880
0.533447,-0.255615,1.143066
-0.339355,-0.173584,0.803833
0.127930,0.138184,1.111206
0.263184,-0.402588,0.950562
-0.430786,0.057617,0.886230
0.553467,-0.228271,1.159546
-0.252686,-0.263184,0.830444
0.030762,0.172119,1.094116
0.326172,-0.384888,0.979858
-0.448608,0.020020,0.853638
0.535278,-0.198120,1.172607
-0.111938,-0.332397,0.859863
-0.059937,0.186035,1.066284
0.383789,-0.349731,1.000610
-0.457520,-0.008667,0.842041
0.492432,-0.178711,1.160645
-0.042358,-0.371704,0.864502
-0.133301,0.183838,1.051025
0.426880,-0.297241,1.035156
-0.454834,-0.041138,0.824707
0.445435,-0.119263,1.178467
-0.001465,-0.366699,0.898071
-0.239990,0.193604,1.034912
0.510376,-0.281738,1.123291
-0.417480,-0.068115,0.824951
0.337524,-0.002563,1.166626
0.110474,-0.379639,0.932129
-0.293213,0.136841,0.980713
0.530151,-0.262573,1.129761
-0.375610,-0.147339,0.823364
0.250854,0.047852,1.150391
0.215576,-0.400757,0.958374
-0.377197,0.131226,0.921021
0.552856,-0.244507,1.135254
-0.286865,-0.213745,0.824219
0.140259,0.129517,1.128784
0.302368,-0.411011,0.969971
-0.423218,0.090088,0.873047
0.560181,-0.200439,1.162964
-0.220703,-0.244873,0.852051
0.014893,0.183960,1.107056
0.384521,-0.415039,1.008789
-0.435669,0.026245,0.863525
0.517090,-0.147095,1.169189
-0.074585,-0.291870,0.890869
-0.093872,0.226074,1.085938
0.432983,-0.379761,1.022949
-0.442261,-0.032593,0.840698
0.472900,-0.087402,1.186279
0.007568,-0.337402,0.874146
-0.177002,0.226929,1.061279
0.479004,-0.305908,1.079102
-0.418457,-0.093018,0.827881
0.406372,-0.062988,1.177856
0.045288,-0.340454,0.893066
-0.276855,0.237427,1.021851
0.537476,-0.266235,1.120483
-0.381470,-0.167603,0.811523
0.288330,0.002197,1.140381
0.171265,-0.387695,0.941284
-0.345703,0.163574,0.936523
0.556641,-0.242432,1.135498
-0.312256,-0.196045,0.839966
0.130859,0.061401,1.092529
0.308960,-0.442505,0.980713
-0.399902,0.093018,0.886963
0.534302,-0.154663,1.156372
-0.232544,-0.218262,0.839233
0.005981,0.180542,1.091919
0.395996,-0.436157,1.011108
-0.442017,-0.024780,0.846313
0.499512,-0.117920,1.180054
-0.048950,-0.287354,0.887817
-0.126099,0.244385,1.073486
0.449585,-0.357178,1.045898
-0.440430,-0.094482,0.814331
0.425659,-0.092773,1.163452
0.040039,-0.348999,0.894653
-0.208008,0.223755,1.043213
0.482666,-0.256104,1.089966
-0.415283,-0.102539,0.816040
0.317383,-0.030762,1.126953
0.136841,-0.432251,0.912720
-0.323364,0.155396,0.967651
0.547119,-0.250488,1.129028
-0.358521,-0.145386,0.805786
0.158691,0.091309,1.095215
0.254883,-0.465088,0.939087
-0.390625,0.044800,0.874023
0.550537,-0.213257,1.151611
-0.267944,-0.223145,0.826050
0.025269,0.182129,1.069702
0.349976,-0.418335,0.979004
-0.470703,0.042358,0.844727
0.516479,-0.205444,1.148560
-0.148682,-0.312134,0.842529
-0.076782,0.228027,1.084717
0.390625,-0.394531,0.994263
-0.465454,-0.019043,0.828491
0.463013,-0.131836,1.138916
-0.017578,-0.337646,0.872925
-0.171265,0.237915,1.054321
0.448975,-0.360229,1.024536
-0.458130,-0.064087,0.802856
0.391479,-0.101074,1.117554
0.057129,-0.394287,0.872803
-0.237427,0.216797,1.023193
0.467651,-0.290039,1.049683
-0.434326,-0.103149,0.794556
0.288696,-0.045044,1.100220
0.123901,-0.446411,0.885620
-0.316650,0.135742,0.944824
0.506226,-0.252808,1.091919
-0.409790,-0.107422,0.793945
0.171997,0.047241,1.073242
0.216309,-0.496094,0.893921
-0.386230,0.055908,0.871338
0.519165,-0.219849,1.117676
-0.342896,-0.197021,0.766235
0.052002,0.145386,1.061523
0.304565,-0.494629,0.918701
-0.451782,0.016479,0.817261
0.504395,-0.209595,1.113892
-0.234863,-0.232300,0.821045
-0.050049,0.194458,1.036621
0.347656,-0.431274,0.950928
-0.479004,-0.013916,0.790649
0.463989,-0.154175,1.126343
-0.127808,-0.310181,0.831787
-0.132080,0.211182,1.040161
0.389404,-0.396729,0.963501
-0.481201,-0.039307,0.790161
0.411621,-0.144897,1.104858
0.005981,-0.394531,0.852539
-0.216064,0.187134,0.983276
0.431030,-0.344849,1.004761
-0.484863,-0.062622,0.760254
0.323486,-0.076660,1.076660
0.078369,-0.436523,0.847778
-0.289551,0.155273,0.951416
0.471436,-0.325684,1.032715
-0.450684,-0.130249,0.760132
0.216797,0.004517,1.061157
0.118896,-0.441772,0.843628
-0.365723,0.138184,0.895630
0.495117,-0.292847,1.048706
-0.408447,-0.169800,0.765381
0.113525,0.032593,1.027954
0.203247,-0.459229,0.868774
-0.431641,0.058960,0.809204
0.494507,-0.237915,1.063110
-0.315552,-0.225342,0.776733
-0.015991,0.134277,1.029175
0.286621,-0.498291,0.891479
-0.486328,0.004517,0.768921
0.457886,-0.208130,1.062134
-0.196533,-0.242920,0.810791
-0.118652,0.200195,1.009888
0.358154,-0.437500,0.944336
-0.517700,-0.017944,0.759155
0.408203,-0.144653,1.075562
-0.058350,-0.364990,0.809692
-0.206909,0.213501,0.991699
0.386841,-0.398560,0.949463
-0.490112,-0.058594,0.773926
0.352783,-0.121216,1.059326
0.030518,-0.428467,0.811768
-0.295898,0.173950,0.913940
0.425171,-0.343018,0.975952
-0.469849,-0.098145,0.767700
0.251465,-0.076294,1.025391
0.081665,-0.474731,0.800659
-0.372803,0.124268,0.864990
0.467529,-0.295288,1.011230
-0.419312,-0.123901,0.772949
0.117065,0.041626,1.011719
0.150757,-0.488281,0.824707
-0.428101,0.065063,0.823486
0.477539,-0.275757,1.033325
-0.379883,-0.170410,0.753906
0.006714,0.137329,1.013794
0.253296,-0.497559,0.861816
-0.501221,0.014526,0.762085
0.454468,-0.238403,1.041748
-0.263916,-0.246582,0.775269
-0.091553,0.177856,1.010498
0.298828,-0.432251,0.896484
-0.538452,0.005127,0.749512
0.422974,-0.202637,1.041870
-0.118042,-0.335083,0.780518
-0.176147,0.231934,0.985107
0.365723,-0.335327,0.952271
-0.547729,-0.024658,0.746826
0.355957,-0.191162,1.011108
-0.005005,-0.428223,0.808105
-0.229492,0.134155,0.915527
0.379150,-0.292969,0.963013
-0.522217,-0.024902,0.757080
0.279419,-0.078003,1.012939
0.062500,-0.465332,0.798096
-0.349121,0.101929,0.835815
0.427124,-0.285645,0.991821
-0.493164,-0.091553,0.740234
0.181030,-0.024536,1.010986
0.105713,-0.488037,0.785034
-0.432007,0.094116,0.796631
0.456665,-0.249023,1.012817
-0.413818,-0.118652,0.757568
0.054077,0.101562,1.007568
0.177612,-0.457031,0.828247
-0.485107,0.052490,0.779297
0.469604,-0.247192,1.036743
-0.355957,-0.163574,0.751221
-0.052490,0.182983,1.011719
0.266235,-0.436646,0.872925
-0.545654,0.044800,0.748047
0.441772,-0.233887,1.024170
-0.233643,-0.250122,0.773804
-0.117920,0.227783,0.996948
0.290161,-0.368408,0.907593
-0.556763,0.025513,0.746704
0.428589,-0.207275,1.049438
-0.121704,-0.318848,0.791992
-0.194092,0.214478,0.951782
0.343994,-0.373291,0.910400
-0.549194,0.043213,0.746948
0.372070,-0.152710,1.015503
-0.054077,-0.371582,0.782959
-0.239258,0.174194,0.920288
0.371826,-0.355103,0.935181
-0.533081,-0.025757,0.740845
0.310669,-0.098755,1.002930
-0.003540,-0.421143,0.771484
-0.306519,0.150146,0.873535
0.405640,-0.319702,0.968384
-0.520874,-0.095093,0.722656
0.238892,-0.049561,0.994995
0.029907,-0.421143,0.779419
-0.368896,0.170044,0.848145
0.434814,-0.277344,0.968262
-0.492798,-0.102539,0.729614
0.156982,-0.011963,0.988647
0.074707,-0.476196,0.781372
-0.441284,0.132446,0.800415
0.460938,-0.244019,0.997437
-0.454224,-0.094482,0.741943
0.073853,0.100586,0.998291
0.146851,-0.453125,0.815063
-0.480835,0.105713,0.786621
0.430664,-0.203125,0.995850
-0.380127,-0.114136,0.763916
-0.010498,0.144043,1.006714
0.223633,-0.489990,0.841187
-0.546631,0.093506,0.753784
0.427002,-0.170044,1.009033
-0.291504,-0.142456,0.775024
-0.075073,0.176880,0.988892
0.279785,-0.430542,0.878906
-0.560303,0.051514,0.750977
0.414917,-0.171265,1.015137
-0.181763,-0.270996,0.761230
-0.141479,0.201294,0.964355
0.313599,-0.349487,0.917969
-0.566772,0.054688,0.750488
0.394531,-0.149780,1.029907
-0.094604,-0.346680,0.765991
-0.217163,0.200562,0.918823
0.353149,-0.329102,0.923218
-0.571289,0.051880,0.750122
0.352661,-0.141602,1.003662
-0.024414,-0.419067,0.769897
-0.293213,0.197510,0.878662
0.368408,-0.285278,0.927612
-0.539185,0.013916,0.737183
0.284058,-0.091919,0.989624
0.008911,-0.428955,0.761963
-0.356812,0.177368,0.852173
0.409668,-0.282227,0.949463
-0.519653,-0.027100,0.729492
0.189697,-0.000488,0.993164
0.051758,-0.445557,0.780518
-0.407593,0.162476,0.831299
0.437378,-0.250854,0.965454
-0.492920,-0.059692,0.731323
0.101318,0.089966,1.005859
0.101074,-0.414307,0.808594
-0.479736,0.120117,0.802368
0.440796,-0.211426,1.012451
-0.424805,-0.105225,0.743286
0.021606,0.152466,1.006592
0.165405,-0.406494,0.828491
-0.542480,0.119751,0.782471
0.459595,-0.218872,1.007568
-0.306274,-0.177979,0.773193
-0.070557,0.191650,0.981323
0.238403,-0.375977,0.869507
-0.579834,0.114746,0.747681
0.447144,-0.167480,1.034180
-0.199097,-0.265381,0.765503
-0.163574,0.193359,0.944580
0.309082,-0.385498,0.891846
-0.598877,0.099121,0.740723
0.405762,-0.120850,1.025146
-0.115356,-0.328369,0.763916
-0.231567,0.206909,0.915161
0.352417,-0.347290,0.920166
-0.570435,0.069458,0.745605
0.336792,-0.050659,1.024536
-0.072144,-0.374023,0.735718
-0.314331,0.197632,0.874390
0.398193,-0.337036,0.938599
-0.552002,0.004272,0.729248
0.258545,-0.015991,0.999512
-0.031372,-0.386230,0.750122
-0.404663,0.189087,0.839966
0.407471,-0.296143,0.955933
-0.505005,-0.060669,0.730469
0.163330,0.026245,1.012207
0.050659,-0.396729,0.789062
-0.493530,0.218750,0.828125
0.425171,-0.237061,0.969727
-0.443481,-0.113770,0.734985
0.063477,0.102051,1.012939
0.133789,-0.404785,0.831909
-0.558472,0.164429,0.800659
0.431274,-0.189087,1.002197
-0.336060,-0.174194,0.741699
-0.055786,0.188599,0.988403
0.244385,-0.402222,0.868408
-0.584839,0.121826,0.785522
0.415283,-0.148682,1.021606
-0.211670,-0.283691,0.741577
-0.161743,0.200317,0.943726
0.310303,-0.363892,0.897095
-0.599121,0.081543,0.748779
0.385254,-0.124023,1.033813
-0.131226,-0.346069,0.739624
-0.260864,0.191528,0.891113
0.350220,-0.310181,0.920288
-0.583130,0.033936,0.734131
0.305298,-0.090332,1.006470
-0.059326,-0.405029,0.743530
-0.345825,0.177490,0.860352
0.372681,-0.267700,0.935913
-0.557495,0.029053,0.710449
0.216797,-0.004883,1.005005
0.011963,-0.405273,0.789429
-0.451050,0.168335,0.838989
0.409180,-0.246704,0.956055
-0.495605,-0.033813,0.721680
0.086304,0.110229,0.999268
0.096069,-0.385620,0.831787
-0.538818,0.144531,0.800659
0.417358,-0.216309,0.995605
-0.399658,-0.124390,0.716553
0.001465,0.190796,1.001099
0.187378,-0.364014,0.858765
-0.587280,0.130371,0.789795
0.417969,-0.190918,1.011108
-0.286011,-0.247314,0.708740
-0.089233,0.221924,0.978149
0.248291,-0.373047,0.859009
-0.602295,0.093262,0.765259
0.415894,-0.188110,1.012573
-0.212646,-0.329956,0.710815
-0.182739,0.192017,0.934570
0.306152,-0.351685,0.897217
-0.598755,0.078247,0.746582
0.378174,-0.152100,1.020630
-0.142090,-0.362549,0.733521
-0.276733,0.185913,0.893311
0.341919,-0.336670,0.906860
-0.596191,0.071533,0.742310
0.321289,-0.121460,1.014038
-0.093872,-0.389404,0.741577
-0.356201,0.175171,0.858154
0.381104,-0.294434,0.943848
-0.579590,0.003540,0.691772
0.235229,-0.047363,1.001709
-0.027954,-0.411743,0.769653
-0.424927,0.184204,0.854980
0.393311,-0.262451,0.953369
-0.543213,-0.022827,0.709351
0.134644,0.029907,0.994629
0.041382,-0.406006,0.808472
-0.505493,0.180298,0.837769
0.408447,-0.242676,0.986572
-0.475830,-0.113647,0.703125
0.041992,0.132446,1.009033
0.127197,-0.396484,0.833008
-0.572632,0.152588,0.808716
0.423218,-0.223511,1.004639
-0.371582,-0.198730,0.709595
-0.031982,0.163696,0.997437
0.190918,-0.387207,0.856812
-0.595337,0.119141,0.786011
0.410522,-0.201660,1.004517
-0.274536,-0.300415,0.706909
-0.107178,0.176392,0.970459
0.254761,-0.399536,0.873413
-0.611816,0.097656,0.770874
0.400879,-0.197632,1.018433
-0.216553,-0.343506,0.707275
-0.188599,0.173584,0.943481
0.292847,-0.328369,0.900757
-0.617798,0.100220,0.755127
0.369995,-0.196289,1.010742
-0.181885,-0.364990,0.736450
-0.243774,0.128662,0.911011
0.336670,-0.341309,0.923340
-0.603394,0.083496,0.724243
0.307861,-0.116455,1.015381
-0.124512,-0.354736,0.752319
-0.344360,0.170288,0.900635
0.375977,-0.351318,0.927490
-0.572998,0.022095,0.727783
0.245728,-0.056763,1.005737
-0.090454,-0.360474,0.764282
-0.385620,0.159424,0.874878
0.388062,-0.325195,0.945923
-0.551392,-0.034912,0.713501
0.201538,-0.025513,1.014038
-0.042725,-0.383423,0.775269
-0.469482,0.190430,0.856812
0.412598,-0.297119,0.978516
-0.519531,-0.071167,0.729858
0.125122,0.028809,1.015869
0.034546,-0.406616,0.805542
-0.525269,0.196167,0.828003
0.412109,-0.255249,0.977173
-0.446777,-0.151245,0.738525
0.053955,0.044189,1.012817
0.134766,-0.451782,0.845947
-0.579834,0.166626,0.801758
0.416870,-0.223999,1.005859
-0.362305,-0.196777,0.726440
-0.031860,0.142700,1.012695
0.227051,-0.420410,0.878052
-0.579224,0.107422,0.796631
0.392700,-0.191528,1.007324
-0.273315,-0.264771,0.728516
-0.122314,0.156372,0.974731
0.276978,-0.391724,0.900024
-0.584961,0.036987,0.752930
0.387939,-0.166870,1.044434
-0.218506,-0.364746,0.697998
-0.216064,0.178955,0.958008
0.321411,-0.360474,0.916870
-0.589111,0.013916,0.757446
0.365967,-0.175049,1.045044
-0.171265,-0.394043,0.719971
-0.278809,0.166016,0.921509
0.357788,-0.346191,0.939209
-0.584717,-0.017212,0.734131
0.331299,-0.131470,1.048828
-0.122070,-0.381226,0.754883
-0.367920,0.193481,0.897583
0.400513,-0.323120,0.975586
-0.546753,-0.031128,0.737183
0.244019,-0.054077,1.043701
-0.043213,-0.389771,0.804443
-0.425415,0.178589,0.890747
0.409424,-0.325562,0.985474
-0.496826,-0.074219,0.723755
0.169312,0.033569,1.046631
0.033203,-0.374756,0.823120
-0.485840,0.178955,0.864624
0.443359,-0.303833,1.002441
-0.466431,-0.159424,0.730957
0.098633,0.055298,1.032471
0.111084,-0.392334,0.842285
-0.521606,0.137085,0.824707
0.442261,-0.255737,1.023926
-0.369385,-0.224854,0.754272
0.021606,0.091309,1.028320
0.188110,-0.415161,0.864624
-0.530273,0.110352,0.808838
0.445923,-0.206665,1.050415
-0.303833,-0.251099,0.753784
-0.046631,0.109863,1.022217
0.245850,-0.417480,0.886841
-0.559448,0.072388,0.785400
0.442383,-0.209595,1.047241
-0.227295,-0.310425,0.752075
-0.141968,0.150635,0.994263
0.313110,-0.389771,0.926392
-0.544556,0.000488,0.769043
0.404785,-0.174316,1.072754
-0.187622,-0.315674,0.756714
-0.223999,0.166626,0.966431
0.359619,-0.332031,0.961670
-0.549683,-0.049805,0.748657
0.374878,-0.148438,1.087769
-0.133667,-0.366821,0.763428
-0.308228,0.180054,0.933838
0.403076,-0.329590,0.984619
-0.519287,-0.040039,0.768555
0.311646,-0.097534,1.091919
-0.053345,-0.388306,0.798096
-0.356567,0.168335,0.907593
0.420410,-0.289307,1.003784
-0.478027,-0.112671,0.753662
0.234619,-0.041870,1.079834
0.045044,-0.401611,0.846313
-0.444336,0.172852,0.878296
0.458618,-0.262817,1.045654
-0.425537,-0.179199,0.753418
0.107910,0.060425,1.058228
0.157349,-0.406128,0.882812
-0.476685,0.099243,0.835449
0.472778,-0.205322,1.081421
-0.330566,-0.223877,0.775635
0.013794,0.119019,1.052246
0.231934,-0.414429,0.896484
-0.518066,0.033447,0.812622
0.480225,-0.227173,1.088501
-0.207275,-0.318481,0.777954
-0.082275,0.186646,1.033447
0.299072,-0.360718,0.918457
-0.525146,0.011719,0.789917
0.466187,-0.222900,1.101929
-0.145752,-0.375854,0.784058
-0.156494,0.152100,1.010498
0.358765,-0.364014,0.948730
-0.541260,0.027344,0.782104
0.418457,-0.179810,1.101196
-0.114380,-0.385742,0.804077
-0.227661,0.159912,0.992188
0.413452,-0.342285,1.008911
-0.520264,0.023560,0.779297
0.362427,-0.078979,1.122192
-0.060913,-0.342896,0.843750
-0.296631,0.159912,0.992065
0.473389,-0.360352,1.038574
-0.489258,-0.042236,0.772095
0.281006,0.024292,1.115479
0.028809,-0.320679,0.873047
-0.336670,0.140747,0.941162
0.477905,-0.302124,1.071533
-0.457397,-0.148926,0.759277
0.245361,-0.005859,1.118286
0.096313,-0.385864,0.877808
-0.391357,0.165527,0.914551
0.485962,-0.252686,1.076538
-0.387329,-0.191650,0.786987
0.180176,0.007568,1.088867
0.162964,-0.397217,0.906738
-0.440674,0.143677,0.873901
0.511353,-0.222046,1.096191
-0.336548,-0.198730,0.797119
0.093140,0.090820,1.087158
0.244263,-0.419800,0.926025
-0.456543,0.072998,0.857178
0.506836,-0.211548,1.104004
-0.237061,-0.263916,0.810425
-0.000977,0.138672,1.072021
0.307373,-0.408447,0.940552
-0.472168,0.014038,0.843384
0.493896,-0.155884,1.148071
-0.151489,-0.301270,0.815674
-0.078369,0.159790,1.061890
0.363403,-0.368042,0.983765
-0.493652,-0.010132,0.818115
0.476685,-0.163574,1.144165
-0.093506,-0.347046,0.817749
-0.170898,0.196045,1.044067
0.423706,-0.332275,1.025269
-0.497559,-0.023193,0.806396
0.425903,-0.128174,1.145508
-0.024414,-0.372803,0.854736
-0.239746,0.199707,1.013184
0.456177,-0.296265,1.056885
-0.477295,-0.044312,0.791138
0.360229,-0.086060,1.145630
0.048828,-0.394897,0.881104
-0.299561,0.191772,0.984985
0.507935,-0.289062,1.083496
-0.427124,-0.092651,0.790771
0.256226,0.015503,1.134766
0.149658,-0.418335,0.922119
-0.366211,0.139282,0.939209
0.529663,-0.243408,1.117920
-0.359863,-0.153198,0.807983
0.164673,0.095703,1.115112
0.221191,-0.418701,0.931396
-0.402954,0.086792,0.922119
0.537109,-0.213989,1.140137
-0.314941,-0.210938,0.805664
0.083374,0.140991,1.096069
0.295532,-0.402100,0.958496
-0.443237,0.050293,0.875488
0.537598,-0.194458,1.151978
-0.186157,-0.269897,0.847412
-0.000366,0.205078,1.115479
0.339966,-0.374390,0.976685
-0.469238,0.017334,0.852417
0.526001,-0.206909,1.150879
-0.105103,-0.327759,0.855713
-0.052856,0.197510,1.098877
0.386230,-0.351440,0.996582
-0.479248,-0.002563,0.838379
0.493042,-0.181763,1.154663
-0.051514,-0.344482,0.876099
-0.135254,0.190674,1.058228
0.432373,-0.322754,1.042847
-0.473022,-0.051025,0.819580
0.457642,-0.100830,1.190674
0.003784,-0.348877,0.889526
-0.204468,0.213745,1.040039
0.465698,-0.290283,1.075073
-0.468140,-0.069092,0.809448
0.244141,0.019897,1.132202
0.069458,-0.380859,0.917480
-0.374023,0.150024,0.925171
0.557129,-0.255615,1.126465
-0.408691,-0.099243,0.812134
0.144165,0.110229,1.110596
0.282349,-0.463135,0.959717
-0.408813,0.050171,0.885864
0.559082,-0.233154,1.150024
-0.267212,-0.242432,0.825439
0.042236,0.213623,1.112305
0.361328,-0.443237,0.982422
-0.433838,0.047852,0.855225
0.519531,-0.171021,1.152710
-0.201416,-0.246948,0.848389
-0.007935,0.208008,1.100342
0.382568,-0.397461,1.007202
-0.458008,-0.014648,0.828369
0.499023,-0.154053,1.159180
-0.077026,-0.298828,0.882690
-0.101318,0.229980,1.068604
0.427734,-0.360107,1.019043
-0.460693,-0.035034,0.818237
0.442871,-0.118286,1.163452
0.022949,-0.399902,0.882812
-0.160522,0.198608,1.050781
0.463745,-0.303223,1.054932
-0.468628,-0.036621,0.803467
0.380249,-0.086914,1.133667
0.064819,-0.418701,0.873901
-0.223145,0.187378,1.030640
0.493896,-0.256104,1.089600
-0.432617,-0.083252,0.800659
0.299683,-0.025879,1.107544
0.164429,-0.449585,0.919678
-0.329590,0.143555,0.959473
0.523560,-0.234741,1.133789
-0.377441,-0.143799,0.797241
0.186890,0.084839,1.098755
0.238770,-0.446289,0.923584
-0.385254,0.078247,0.903442
0.538696,-0.252075,1.124634
-0.311890,-0.236816,0.792725
0.079712,0.162842,1.086182
0.310669,-0.427490,0.956665
-0.445557,0.048950,0.844971
0.520020,-0.235962,1.134277
-0.243408,-0.263428,0.827148
0.006348,0.172241,1.075317
0.355225,-0.403809,0.981689
-0.455444,0.032837,0.828369
0.490723,-0.160400,1.134766
-0.156494,-0.293213,0.836426
-0.078125,0.197021,1.059082
0.410522,-0.422974,0.990479
-0.475464,-0.002808,0.813354
0.458252,-0.115112,1.129517
-0.055664,-0.293945,0.870361
-0.135254,0.208008,1.058105
0.417603,-0.404297,1.000854
-0.467773,-0.070679,0.804932
0.434204,-0.110840,1.122803
0.018921,-0.352173,0.863037
-0.227783,0.239990,1.019775
0.460205,-0.356201,1.035889
-0.443970,-0.139648,0.781738
0.366333,-0.103760,1.105469
0.053223,-0.381836,0.860474
-0.271851,0.209351,0.975708
0.479370,-0.306396,1.044067
-0.416626,-0.147095,0.793579
0.283569,-0.060059,1.092773
0.102905,-0.420166,0.873535
-0.335083,0.160400,0.923584
0.502686,-0.262939,1.063721
-0.389771,-0.133911,0.793091
0.187012,0.018921,1.069702
0.204224,-0.488403,0.886230
-0.409912,0.102173,0.852661
0.504761,-0.226196,1.084229
-0.333496,-0.196289,0.771851
0.091797,0.109497,1.086914
0.259521,-0.509644,0.877686
-0.450439,0.058594,0.823730
0.506470,-0.237427,1.086792
-0.278442,-0.229492,0.799805
-0.008423,0.148560,1.042969
0.317383,-0.466919,0.921631
-0.467773,-0.001587,0.800781
0.489746,-0.210205,1.105957
-0.190552,-0.254395,0.815308
-0.105713,0.213013,1.035767
0.371094,-0.414429,0.952515
-0.505127,-0.010498,0.789307
0.435181,-0.171997,1.100586
-0.062988,-0.362183,0.822021
-0.170410,0.234253,1.027222
0.397339,-0.363525,0.964355
-0.510132,-0.029663,0.773315
0.380981,-0.168945,1.071899
0.047974,-0.444580,0.852417
-0.230591,0.171753,0.972778
0.428223,-0.301514,1.009766
-0.487183,-0.040894,0.760620
0.296631,-0.095459,1.039917
0.078247,-0.432129,0.845215
-0.277222,0.079346,0.923218
0.462891,-0.276733,1.045044
-0.455322,-0.084717,0.764526
0.196289,0.017456,1.042847
0.140869,-0.464478,0.843750
-0.384399,0.118530,0.892334
0.486450,-0.279663,1.056519
-0.416626,-0.124878,0.764160
0.108398,0.078003,1.033691
0.193359,-0.464111,0.862427
-0.429565,0.022583,0.815918
0.503662,-0.286987,1.077515
-0.353271,-0.214966,0.766968
0.018677,0.146851,1.032959
0.248413,-0.457275,0.865601
-0.480591,0.029785,0.789795
0.498047,-0.275879,1.057861
-0.258057,-0.255981,0.787598
-0.066772,0.195679,1.025024
0.289917,-0.406372,0.908569
-0.512207,0.010376,0.767700
0.455200,-0.256836,1.063965
-0.171997,-0.296875,0.817017
-0.118042,0.188599,1.015015
0.325195,-0.408813,0.921387
-0.539795,0.033813,0.761841
0.422363,-0.213013,1.053101
-0.081299,-0.331177,0.845581
-0.182495,0.185059,0.987671
0.370728,-0.407593,0.927979
-0.509399,-0.008789,0.760742
0.376221,-0.124756,1.045898
-0.024780,-0.391113,0.804443
-0.233887,0.167725,0.944824
0.417725,-0.376465,0.975220
-0.499512,-0.079956,0.752441
0.290527,-0.074585,1.033569
0.013306,-0.455200,0.769897
-0.271362,0.136719,0.920044
0.442261,-0.345703,0.992920
-0.485474,-0.107910,0.755615
0.229370,-0.064209,1.015991
0.062622,-0.463135,0.789429
-0.350220,0.103149,0.850586
0.440063,-0.297241,0.993896
-0.454590,-0.118164,0.733276
0.161255,0.020874,1.030273
0.119019,-0.448486,0.813965
-0.423340,0.128296,0.839722
0.470581,-0.289062,1.011597
-0.415161,-0.142090,0.755981
0.057861,0.076538,1.017212
0.208252,-0.515503,0.843140
-0.495728,0.032349,0.755737
0.474976,-0.227661,1.049194
-0.312500,-0.198120,0.767944
-0.061646,0.175293,1.010254
0.276001,-0.447266,0.887573
-0.526855,0.007324,0.755005
0.438232,-0.239014,1.030762
-0.222046,-0.229492,0.796997
-0.112915,0.178589,1.000854
0.313110,-0.407837,0.907959
-0.570068,0.039917,0.746704
0.427002,-0.210083,1.047729
-0.064941,-0.356812,0.813110
-0.222046,0.217651,0.968506
0.343994,-0.390503,0.924927
-0.553345,0.002075,0.740723
0.374390,-0.179321,1.022461
0.001709,-0.387451,0.815552
-0.262939,0.193848,0.936890
0.385132,-0.330566,0.959961
-0.548950,-0.039307,0.715820
0.301392,-0.103882,1.014526
0.038696,-0.444946,0.794678
-0.300659,0.144653,0.889404
0.410034,-0.330444,0.963745
-0.527588,-0.062256,0.723267
0.236328,-0.049316,0.998413
0.070068,-0.458496,0.781616
-0.369141,0.111450,0.839111
0.443726,-0.308228,0.983032
-0.482666,-0.117554,0.734375
0.161743,0.021362,0.997437
0.092651,-0.443848,0.790649
-0.426392,0.113647,0.813599
0.470093,-0.305664,1.001587
-0.438599,-0.144043,0.733521
0.070435,0.113159,1.003784
0.142456,-0.430542,0.812744
-0.468872,0.072754,0.780762
0.468872,-0.289795,1.009155
-0.397461,-0.173462,0.748535
0.003662,0.150024,1.014771
0.217773,-0.475098,0.834839
-0.524902,0.082031,0.755981
0.463989,-0.229736,1.032227
-0.302612,-0.163452,0.780029
-0.080078,0.176147,0.988770
0.271729,-0.466309,0.856201
-0.550537,0.040771,0.733032
0.439209,-0.192383,1.048828
-0.211914,-0.239502,0.783569
-0.153320,0.202881,0.974731
0.324585,-0.442383,0.895874
-0.552979,0.027100,0.753296
0.394531,-0.171021,1.026611
-0.103394,-0.311768,0.796631
-0.223511,0.201904,0.945923
0.367188,-0.389404,0.923950
-0.543579,-0.002075,0.746826
0.345825,-0.127563,1.010620
-0.029785,-0.392578,0.787354
-0.291260,0.206055,0.901611
0.401611,-0.347290,0.939819
-0.533936,-0.049194,0.722656
0.272949,-0.078247,0.983887
0.027344,-0.436890,0.765625
-0.352173,0.163452,0.848877
0.425903,-0.296753,0.967529
-0.498535,-0.081177,0.737061
0.183838,-0.007690,0.997192
0.058472,-0.440918,0.784424
-0.417236,0.146484,0.816162
0.451172,-0.250122,0.989380
-0.460571,-0.088379,0.748657
0.086670,0.053345,0.998901
0.123047,-0.468628,0.804688
-0.487793,0.116333,0.779785
0.441040,-0.214844,0.995850
-0.361938,-0.115967,0.763672
-0.013794,0.137329,0.990601
0.221313,-0.421997,0.855347
-0.559326,0.052734,0.737183
0.453613,-0.213257,1.033813
-0.231934,-0.252930,0.766113
-0.131104,0.221313,0.977173
0.292114,-0.370117,0.896851
-0.573364,0.045532,0.736816
0.408447,-0.175537,1.028564
-0.106567,-0.336548,0.772827
-0.205933,0.224609,0.935791
0.337158,-0.338135,0.917969
-0.564697,0.000854,0.739990
0.350464,-0.127319,1.022095
-0.039307,-0.413696,0.756226
-0.278931,0.171265,0.862915
0.388306,-0.283325,0.937988
-0.540771,-0.011719,0.731445
0.264893,-0.086792,0.981812
0.018555,-0.433228,0.760376
-0.373047,0.137451,0.820435
0.415283,-0.251221,0.974609
-0.485596,-0.057495,0.743896
0.153320,0.034912,1.010864
0.078979,-0.446899,0.785889
-0.458374,0.137817,0.807129
0.438965,-0.238892,0.977661
-0.417358,-0.097168,0.762085
0.045532,0.148804,1.010132
0.160034,-0.400879,0.838989
-0.540405,0.113647,0.771118
0.433350,-0.212891,1.007446
-0.312256,-0.191406,0.755737
-0.049927,0.190674,1.001221
0.254761,-0.393921,0.881226
-0.570312,0.092529,0.752563
0.423828,-0.148926,1.024536
-0.178101,-0.250977,0.773560
-0.149048,0.195923,0.958740
0.317749,-0.383667,0.901733
-0.571655,0.040894,0.750488
0.372803,-0.120361,1.025879
-0.093140,-0.340576,0.748901
-0.239746,0.182373,0.891113
0.376953,-0.314209,0.928223
-0.554077,0.003906,0.735718
0.294556,-0.057129,0.993774
-0.021973,-0.419312,0.745728
-0.332764,0.159424,0.842651
0.403198,-0.258301,0.959961
-0.523315,-0.009399,0.734619
0.190552,-0.000488,0.989990
0.048218,-0.417847,0.779785
-0.451294,0.173462,0.819580
0.426636,-0.223389,0.980347
-0.445312,-0.091797,0.748047
0.086670,0.097534,1.005981
0.122803,-0.414307,0.816162
-0.530884,0.155029,0.801270
0.435303,-0.210327,0.997070
-0.338135,-0.159424,0.752808
-0.022461,0.199951,1.007202
0.207886,-0.371338,0.867676
-0.586304,0.114258,0.762817
0.430054,-0.180908,1.021362
-0.233521,-0.256592,0.733521
-0.112671,0.229492,0.977661
0.291992,-0.361572,0.886597
-0.601807,0.110962,0.765015
0.413696,-0.172729,1.021851
-0.130615,-0.327881,0.758667
-0.207764,0.194824,0.919312
0.337402,-0.327393,0.911133
-0.594727,0.095093,0.753174
0.352661,-0.114136,1.015137
-0.063477,-0.407227,0.759033
-0.284790,0.171143,0.868652
0.374634,-0.286499,0.924316
-0.578247,0.089966,0.733887
0.270386,-0.054443,0.974243
-0.017944,-0.416626,0.765137
-0.351929,0.134155,0.842651
0.402954,-0.265015,0.945679
-0.539551,0.023438,0.719360
0.168701,0.059082,0.989258
0.037598,-0.393555,0.790894
-0.441284,0.165894,0.836182
0.422852,-0.246826,0.970459
-0.472412,-0.044800,0.748657
0.081055,0.124268,1.001587
0.107422,-0.395142,0.814331
-0.517822,0.154907,0.812866
0.417725,-0.197754,1.004272
-0.373901,-0.163330,0.745728
0.005249,0.162842,1.001953
0.198730,-0.396484,0.857910
-0.597168,0.143799,0.763550
0.412109,-0.165527,1.010132
-0.241089,-0.281494,0.734497
-0.099243,0.196167,0.974731
0.272095,-0.347534,0.895386
-0.594238,0.097534,0.741943
0.393433,-0.128540,1.033569
-0.161255,-0.341553,0.734619
-0.189941,0.184570,0.932007
0.342407,-0.354370,0.907227
-0.602661,0.087280,0.740112
0.332764,-0.089600,1.016479
-0.085083,-0.365234,0.746094
-0.315918,0.205322,0.880859
0.369141,-0.310791,0.929810
-0.562012,-0.026733,0.723755
0.252808,-0.043945,1.008301
-0.039673,-0.385742,0.750610
-0.424316,0.222778,0.848633
0.405396,-0.269653,0.957031
-0.505859,-0.113159,0.720215
0.136963,0.005981,1.002686
0.027344,-0.392334,0.784546
-0.517822,0.204224,0.820190
0.433105,-0.234985,0.975586
-0.385376,-0.135010,0.760864
0.008057,0.144775,1.011719
0.156982,-0.399170,0.842651
-0.568848,0.136230,0.779663
0.403442,-0.166016,1.009033
-0.270752,-0.239990,0.727173
-0.093872,0.190186,0.983154
0.268433,-0.384644,0.889893
-0.620117,0.108032,0.748779
0.376465,-0.142090,1.007446
-0.177124,-0.340576,0.708496
-0.200562,0.185181,0.929077
0.330566,-0.325073,0.912109
-0.597656,0.070679,0.735474
0.325317,-0.103882,1.010376
-0.096802,-0.383911,0.734131
-0.349487,0.185791,0.871704
0.375610,-0.312256,0.921509
-0.547974,0.000854,0.729126
0.234009,-0.015381,1.005737
-0.029663,-0.392090,0.761963
-0.455322,0.210083,0.842163
0.400635,-0.274170,0.962769
-0.504517,-0.120361,0.710449
0.104004,0.031372,1.011963
0.077026,-0.412842,0.807373
-0.537598,0.218750,0.834106
0.403442,-0.197510,0.990356
-0.391968,-0.148926,0.730957
0.001709,0.127441,1.005005
0.181396,-0.408569,0.854980
-0.599976,0.140625,0.787109
0.422974,-0.184326,1.016113
-0.262695,-0.229370,0.747803
-0.125610,0.192627,0.974243
0.254028,-0.365479,0.888062
-0.604614,0.056641,0.734253
0.396484,-0.151733,1.030640
-0.191772,-0.342651,0.705566
-0.216064,0.220215,0.946655
0.331055,-0.351562,0.897095
-0.627563,0.066406,0.726074
0.333008,-0.172363,1.002686
-0.112061,-0.404785,0.744385
-0.326538,0.180054,0.876831
0.379028,-0.312988,0.933838
-0.572632,0.015747,0.710938
0.237793,-0.045288,1.006348
-0.046509,-0.405396,0.774658
-0.433716,0.158813,0.843628
0.402222,-0.291382,0.963623
-0.542603,-0.047974,0.694824
0.125610,0.059814,1.007080
0.050049,-0.397339,0.804688
-0.510742,0.202515,0.851929
0.404297,-0.255005,0.974609
-0.439331,-0.124512,0.728882
0.055542,0.106323,1.013916
0.124023,-0.381470,0.836670
-0.582764,0.171143,0.800415
0.406372,-0.237061,0.977417
-0.324585,-0.230591,0.743896
-0.030762,0.136841,0.993408
0.203247,-0.356445,0.881836
-0.603760,0.093750,0.755005
0.406372,-0.226929,0.997314
-0.260010,-0.326538,0.697266
-0.127197,0.183350,0.983887
0.277832,-0.368530,0.881348
-0.610596,0.115479,0.774536
0.378784,-0.191406,1.008423
-0.189819,-0.380493,0.699707
-0.233887,0.157715,0.916260
0.326172,-0.348633,0.915527
-0.608765,0.040405,0.734863
0.318970,-0.142334,1.014526
-0.124634,-0.391846,0.743652
-0.337036,0.177734,0.891846
0.359985,-0.295044,0.947998
-0.577271,0.013428,0.720459
0.225952,-0.071533,1.007080
-0.030884,-0.417358,0.780762
-0.437988,0.178711,0.869507
0.389160,-0.256714,0.978516
-0.526001,-0.084473,0.696899
0.109497,0.053101,1.008057
0.075562,-0.407227,0.821655
-0.528320,0.184570,0.845947
0.419067,-0.252075,1.003418
-0.421631,-0.175903,0.722656
0.015015,0.136719,1.028809
0.160034,-0.425537,0.832642
-0.585815,0.133789,0.797974
0.419678,-0.224854,1.009155
-0.295654,-0.298462,0.716797
-0.083496,0.160400,0.986938
0.230835,-0.382446,0.861938
-0.598633,0.087402,0.764282
0.431885,-0.229248,1.033569
-0.234497,-0.331909,0.720947
-0.156738,0.148560,0.973022
0.285034,-0.382690,0.888794
-0.615234,0.051270,0.752075
0.401611,-0.202026,1.038940
-0.185547,-0.357056,0.724365
-0.241211,0.186890,0.952515
0.330811,-0.346802,0.916260
-0.601562,0.047485,0.746460
0.349731,-0.184204,1.034668
-0.142212,-0.390869,0.744141
-0.320068,0.177979,0.907837
0.377075,-0.330811,0.948730
-0.579224,-0.001221,0.741333
0.262695,-0.102905,1.034912
-0.074951,-0.417969,0.758789
-0.383789,0.180176,0.887817
0.406006,-0.304199,0.973145
-0.546509,-0.025024,0.719116
0.197998,-0.026367,1.025269
0.015015,-0.386719,0.835449
-0.476807,0.154175,0.846191
0.421143,-0.283447,1.012207
-0.494629,-0.117432,0.716309
0.099854,0.091553,1.035889
0.097412,-0.383789,0.845703
-0.517700,0.130005,0.839844
0.426270,-0.280151,1.012573
-0.411377,-0.180420,0.735596
0.021973,0.128906,1.021118
0.168457,-0.375610,0.856567
-0.549194,0.096558,0.794312
0.449829,-0.268066,1.034912
-0.305420,-0.289062,0.735596
-0.047241,0.137329,1.001953
0.232422,-0.366943,0.879395
-0.562622,0.083984,0.783325
0.433350,-0.237549,1.034302
-0.250610,-0.345337,0.726562
-0.109985,0.120117,0.977905
0.277344,-0.358643,0.911987
-0.565796,0.046875,0.759155
0.414917,-0.208984,1.047974
-0.193359,-0.366821,0.733643
-0.217285,0.137695,0.952393
0.345581,-0.364502,0.944092
-0.551636,-0.003540,0.755615
0.356934,-0.127441,1.069946
-0.155884,-0.344360,0.760742
-0.275146,0.155029,0.937988
0.376221,-0.339111,0.974365
-0.552979,-0.056396,0.739380
0.322144,-0.105103,1.081909
-0.077759,-0.349731,0.785889
-0.380981,0.194946,0.912842
0.434082,-0.341064,0.997437
-0.494873,-0.083252,0.733643
0.235352,-0.009399,1.074219
0.000977,-0.359863,0.832397
-0.455688,0.170776,0.875122
0.467651,-0.335938,1.023071
-0.447144,-0.162720,0.743408
0.113403,0.064819,1.049438
0.117310,-0.400513,0.849243
-0.491943,0.114502,0.844360
0.476074,-0.275024,1.046387
-0.363770,-0.217773,0.759155
0.031372,0.152710,1.066162
0.210693,-0.374390,0.875000
-0.532104,0.058472,0.817261
0.467529,-0.263550,1.063843
-0.252075,-0.330933,0.754272
-0.045654,0.147949,1.018555
0.261597,-0.341675,0.909180
-0.543823,0.015015,0.770874
0.466553,-0.253906,1.082764
-0.193359,-0.378906,0.753418
-0.134766,0.135254,0.984985
0.338135,-0.377563,0.930664
-0.551392,0.055542,0.784790
0.419922,-0.199463,1.074951
-0.140015,-0.369507,0.783081
-0.215454,0.147217,0.990845
0.373779,-0.329712,0.979980
-0.547974,-0.006348,0.743164
0.375488,-0.109619,1.108887
-0.073364,-0.381836,0.825562
-0.287842,0.159180,0.974976
0.419434,-0.315674,1.008179
-0.510376,-0.056885,0.746948
0.321411,-0.050171,1.111206
-0.018555,-0.353760,0.841553
-0.351685,0.165405,0.924805
0.447266,-0.298462,1.036011
-0.464355,-0.152832,0.745850
0.244751,-0.041504,1.091553
0.073242,-0.407227,0.856201
-0.407959,0.190186,0.900635
0.471558,-0.236450,1.066284
-0.414429,-0.158325,0.772583
0.162598,0.005859,1.080933
0.167725,-0.427368,0.886108
-0.458740,0.133301,0.875854
0.493896,-0.225342,1.089966
-0.348755,-0.214966,0.777222
0.049683,0.091553,1.063965
0.254761,-0.415649,0.912354
-0.482910,0.080688,0.847534
0.488525,-0.193481,1.106934
-0.226196,-0.285889,0.784668
-0.037354,0.120972,1.034058
0.319702,-0.373291,0.950073
-0.497437,0.003784,0.811523
0.472656,-0.181885,1.118774
-0.144409,-0.327881,0.794678
-0.129517,0.149414,1.011597
0.374268,-0.352539,0.973267
-0.505493,-0.022827,0.793457
0.437500,-0.142944,1.138428
-0.082397,-0.339600,0.814575
-0.224121,0.209229,1.018677
0.433228,-0.325317,1.019043
-0.495728,-0.038940,0.792114
0.355713,-0.081787,1.130127
-0.001709,-0.369751,0.863525
-0.294434,0.164673,0.972656
0.474854,-0.280396,1.061523
-0.439087,-0.117065,0.764038
0.251709,0.012695,1.110352
0.106445,-0.417480,0.876465
-0.374390,0.121094,0.924316
0.520874,-0.288452,1.106445
-0.381470,-0.200806,0.788208
0.160156,0.119263,1.119507
0.176514,-0.380371,0.906250
-0.428467,0.095215,0.891479
0.546875,-0.281372,1.127563
-0.323853,-0.262085,0.788940
0.091431,0.142456,1.098633
0.245239,-0.352661,0.928101
-0.461182,0.070312,0.859497
0.540771,-0.258179,1.116455
-0.228149,-0.335327,0.819092
-0.002930,0.133301,1.070801
0.310425,-0.391113,0.956787
-0.455322,0.039917,0.850952
0.522339,-0.180664,1.153809
-0.152832,-0.320435,0.832031
-0.042725,0.147217,1.062744
0.355835,-0.357300,0.983032
-0.482056,0.014648,0.835815
0.519287,-0.188477,1.153198
-0.089478,-0.320557,0.840088
-0.115479,0.164429,1.050537
0.395630,-0.313477,1.017822
-0.492554,-0.024780,0.805298
0.477661,-0.149170,1.170654
-0.038696,-0.355957,0.865479
-0.179199,0.194336,1.041626
0.431641,-0.283325,1.060059
-0.487915,-0.049805,0.789429
0.423096,-0.126587,1.168213
-0.001709,-0.395142,0.877319
-0.236694,0.187866,1.040039
0.505737,-0.281250,1.106323
-0.479248,-0.054321,0.786011
0.338013,-0.077759,1.137451
0.095947,-0.414429,0.922485
-0.297729,0.180908,1.001587
0.523193,-0.255615,1.125977
-0.413452,-0.111328,0.807129
0.271729,0.023193,1.147705
0.150024,-0.407349,0.923218
-0.315674,0.119019,0.956543
0.543701,-0.257080,1.126221
-0.369141,-0.144653,0.818359
0.206665,0.067749,1.128174
0.215332,-0.428711,0.935547
-0.380859,0.111938,0.906616
0.532593,-0.207153,1.143433
-0.274780,-0.209839,0.852661
0.126465,0.115234,1.117065
0.272705,-0.400024,0.958618
-0.417603,0.055420,0.880249
0.560059,-0.209839,1.157959
-0.200073,-0.248047,0.849854
-0.001587,0.193970,1.092041
0.348511,-0.383057,0.980591
-0.426270,-0.001709,0.858521
0.534058,-0.177734,1.173706
-0.085571,-0.291016,0.888062
-0.076294,0.205688,1.081787
0.406860,-0.355835,1.024658
-0.449707,-0.054199,0.830688
0.474365,-0.119385,1.184570
-0.006348,-0.354614,0.883057
-0.141235,0.226318,1.076294
0.450928,-0.305298,1.045776
-0.464111,-0.033447,0.822510
0.425049,-0.114136,1.160645
0.055054,-0.357788,0.916382
-0.236328,0.217773,1.031372
0.504517,-0.244751,1.117676
-0.419922,-0.091553,0.808716
0.308716,-0.033203,1.142822
0.161743,-0.412354,0.951172
-0.312622,0.157104,0.972412
0.527710,-0.214111,1.134766
-0.320679,-0.176758,0.834473
0.179199,0.074951,1.115112
0.252686,-0.449463,0.952026
-0.408936,0.076050,0.892944
0.561523,-0.217041,1.164429
-0.243286,-0.251831,0.836060
0.044678,0.205566,1.118286
0.355957,-0.403931,0.989380
-0.457520,0.060181,0.875000
0.534424,-0.211548,1.156128
-0.099487,-0.326050,0.883179
-0.041260,0.216797,1.106323
0.402588,-0.347046,1.013672
-0.484253,0.029907,0.833862
0.503784,-0.162842,1.174561
0.014771,-0.402344,0.882568
-0.137451,0.208496,1.079468
0.446533,-0.326782,1.055176
-0.475586,0.000854,0.822021
0.423950,-0.100708,1.158936
0.057007,-0.405151,0.905518
-0.216064,0.201416,1.064575
0.492432,-0.281860,1.102295
-0.444702,-0.056030,0.822754
0.357300,-0.036621,1.153320
0.115601,-0.406006,0.924194
-0.287476,0.174927,1.003906
0.536987,-0.250488,1.137695
-0.384399,-0.131348,0.819214
0.256958,0.058105,1.130493
0.201050,-0.449097,0.928711
-0.352295,0.108398,0.938354
0.562744,-0.259033,1.152710
-0.334229,-0.190186,0.811157
0.142822,0.156616,1.124023
0.274292,-0.421753,0.958618
-0.383179,0.050903,0.909302
0.568848,-0.239136,1.170654
-0.267578,-0.266479,0.823486
0.034912,0.177856,1.085693
0.348267,-0.404785,0.995117
-0.429810,0.031738,0.857788
0.531616,-0.172852,1.172485
-0.168457,-0.249756,0.866211
-0.041260,0.215698,1.085083
0.397705,-0.400269,1.011719
-0.439819,-0.013062,0.853027
0.379517,-0.126221,1.092285
-0.057739,-0.290527,0.890625
-0.125366,0.238159,1.071777
0.435547,-0.352295,1.040649
-0.452881,-0.121094,0.771606
0.286987,-0.064819,1.067871
0.093994,-0.424194,0.853271
-0.318604,0.174072,0.940063
0.477661,-0.273193,1.055664
-0.418335,-0.119873,0.787598
0.176758,-0.011108,1.041260
0.177856,-0.496826,0.847534
-0.385620,0.074097,0.866211
0.508301,-0.242188,1.082275
-0.344849,-0.160522,0.783691
0.047852,0.120605,1.030518
0.264771,-0.468994,0.904419
-0.446899,-0.021118,0.787598
0.478271,-0.199097,1.098389
-0.267700,-0.222656,0.800537
-0.040039,0.196533,1.049683
0.335083,-0.428467,0.937134
-0.504272,0.005249,0.779053
0.449951,-0.208984,1.093384
-0.151123,-0.309570,0.813599
-0.106445,0.194580,1.023071
0.362915,-0.365356,0.965332
-0.524048,-0.010864,0.766479
0.407349,-0.185181,1.071655
-0.017578,-0.409424,0.825684
-0.187134,0.177124,0.989746
0.400391,-0.336792,0.987061
-0.505859,-0.037842,0.757568
0.328003,-0.117310,1.053833
0.072754,-0.440674,0.850098
-0.291504,0.141846,0.924438
0.439087,-0.317383,1.009766
-0.470215,-0.098633,0.754761
0.240234,-0.027344,1.050049
0.090454,-0.450562,0.823120
-0.356445,0.127441,0.894165
0.468628,-0.318237,1.018677
-0.426758,-0.152954,0.760986
0.149902,0.047119,1.043091
0.150024,-0.438599,0.844482
-0.429688,0.094849,0.839722
0.479248,-0.290771,1.026978
-0.367920,-0.204712,0.773315
0.063232,0.086792,1.030396
0.228760,-0.461914,0.868408
-0.467407,0.041138,0.769897
0.461914,-0.230103,1.044556
-0.291504,-0.208130,0.794556
-0.045654,0.121704,1.011597
0.295166,-0.491577,0.885498
-0.519775,0.005127,0.744385
0.443848,-0.185913,1.050537
-0.187988,-0.223877,0.811768
-0.141357,0.204346,1.001465
0.353027,-0.460571,0.928101
-0.518066,-0.038818,0.745605
0.398071,-0.125610,1.067505
-0.076294,-0.326660,0.801392
-0.200317,0.220825,0.990601
0.401001,-0.431152,0.955566
-0.526611,-0.084961,0.732544
0.329224,-0.102173,1.034912
0.011108,-0.412354,0.795532
-0.278931,0.185913,0.913208
0.436523,-0.355469,0.975830
-0.495483,-0.072266,0.751831
0.227417,-0.051147,1.009277
0.068481,-0.471802,0.797119
-0.345215,0.091797,0.853882
0.451904,-0.286865,1.010620
-0.459351,-0.103149,0.752197
0.139648,0.005981,1.006104
0.131226,-0.471924,0.826416
-0.440796,0.076172,0.799805
0.462646,-0.271729,1.015015
-0.385132,-0.153320,0.753418
0.044312,0.121216,1.029419
0.218750,-0.435425,0.861694
-0.502686,0.052856,0.765991
0.452515,-0.276367,1.007935
-0.296753,-0.216187,0.785278
-0.066040,0.160645,1.004028
0.283813,-0.447998,0.881226
-0.524048,0.040405,0.749756
0.422241,-0.188477,1.030762
-0.196655,-0.268555,0.794800
-0.134277,0.168091,0.993896
0.339722,-0.446777,0.912842
-0.552246,0.037476,0.738037
0.378662,-0.122925,1.036377
-0.057251,-0.345947,0.799072
-0.235229,0.191772,0.942749
0.385742,-0.406494,0.935669
-0.525146,-0.075317,0.718384
0.298828,-0.093750,1.001709
0.010254,-0.389160,0.790527
-0.307495,0.157104,0.878784
0.435547,-0.352295,0.970947
-0.495117,-0.106201,0.739380
0.173706,-0.020630,0.979248
0.068604,-0.453369,0.776611
-0.390869,0.115845,0.822021
0.463867,-0.277344,1.014648
-0.437988,-0.112183,0.759644
0.069092,0.066895,0.988525
0.136108,-0.467041,0.798096
-0.481445,0.069336,0.772339
0.468872,-0.239868,1.031006
-0.334595,-0.175049,0.766235
-0.039307,0.156128,1.012085
0.233887,-0.425659,0.867188
-0.540405,0.035645,0.736938
0.447388,-0.253540,1.023438
-0.201904,-0.239746,0.802856
-0.137451,0.195435,0.980103
0.309326,-0.393799,0.899048
-0.555298,0.036987,0.744507
0.403076,-0.160034,1.037842
-0.095947,-0.356934,0.782227
-0.235596,0.187500,0.926636
0.372803,-0.383911,0.932983
-0.535522,-0.026489,0.735718
0.308350,-0.080444,1.015869
-0.000122,-0.421265,0.769775
-0.321411,0.179565,0.870605
0.412964,-0.321289,0.956421
-0.492798,-0.081299,0.749512
0.200928,-0.004761,1.005249
0.049683,-0.455688,0.764526
-0.406982,0.129761,0.818115
0.450073,-0.304199,0.982422
-0.440186,-0.140259,0.746460
0.091797,0.063110,1.000366
0.124268,-0.409180,0.805298
-0.488892,0.106567,0.762939
0.442993,-0.226440,0.997192
-0.322998,-0.188110,0.772583
-0.049805,0.132568,0.989868
0.245239,-0.458740,0.854492
-0.558228,0.059692,0.741211
0.420410,-0.155396,1.033813
-0.143188,-0.267456,0.780029
-0.190918,0.235229,0.953613
0.338867,-0.373779,0.915894
-0.566040,0.015625,0.756958
0.358643,-0.139160,1.020996
-0.049194,-0.394287,0.764648
-0.254517,0.165771,0.879028
0.389160,-0.275635,0.956177
-0.531006,-0.023804,0.743774
0.247925,-0.056152,0.993286
0.033325,-0.441162,0.771851
-0.383301,0.133667,0.824463
0.426880,-0.239502,0.980713
-0.495728,-0.078735,0.726929
0.125488,0.037231,0.999390
0.094482,-0.423828,0.806885
-0.492188,0.129028,0.788818
0.462158,-0.245850,0.992188
-0.365967,-0.066040,0.786621
0.017090,0.211914,1.027222
0.179077,-0.370972,0.852539
-0.553223,0.082275,0.754761
0.453125,-0.221924,1.021484
-0.283081,-0.182861,0.766968
-0.065186,0.216309,1.001831
0.254761,-0.386353,0.860596
-0.583496,0.102051,0.743408
0.436646,-0.206665,1.010254
-0.172485,-0.277344,0.771851
-0.139404,0.214355,0.967041
0.299194,-0.338989,0.904053
-0.579102,0.060791,0.743286
0.392090,-0.152222,1.007446
-0.094604,-0.343506,0.772705
-0.230957,0.213867,0.925293
0.365356,-0.339111,0.922363
-0.569458,0.043213,0.740723
0.334351,-0.093384,1.008179
-0.027954,-0.388062,0.767822
-0.291260,0.178223,0.871826
0.376831,-0.294189,0.937012
-0.553345,0.007202,0.728027
0.293579,-0.080200,0.991699
0.006592,-0.422241,0.763184
-0.362305,0.177368,0.848877
0.402466,-0.269531,0.957275
-0.530396,-0.024658,0.720825
0.198242,-0.025024,0.987427
0.048950,-0.427979,0.789917
-0.432129,0.172974,0.820923
0.434448,-0.231934,0.977417
-0.482910,-0.059570,0.734253
0.104370,0.087891,1.012939
0.112915,-0.439453,0.807129
-0.500000,0.159668,0.810303
0.430420,-0.205811,0.980713
-0.376221,-0.121948,0.759277
0.002930,0.141968,0.988525
0.200439,-0.412109,0.858521
-0.568359,0.113037,0.751587
0.415039,-0.158447,1.015015
-0.244507,-0.226318,0.753174
-0.083984,0.214233,1.000000
0.261719,-0.370239,0.886963
-0.595337,0.082886,0.748169
0.414673,-0.166504,1.020874
-0.142822,-0.315186,0.755615
-0.202026,0.199951,0.920044
0.352295,-0.336670,0.912476
-0.587158,0.062988,0.742554
0.341431,-0.091187,1.009033
-0.037476,-0.406616,0.756714
-0.296143,0.196289,0.869385
0.371338,-0.278320,0.927368
-0.560547,-0.003662,0.716309
0.256958,-0.072510,0.985596
0.003052,-0.438477,0.755981
-0.398315,0.196167,0.844482
0.411621,-0.240601,0.953247
-0.511230,-0.028809,0.735107
0.119507,0.043457,0.994019
0.084839,-0.427246,0.799561
-0.493774,0.174805,0.819580
0.425781,-0.202881,0.990356
-0.393921,-0.110840,0.757080
-0.001221,0.159180,0.999634
0.188599,-0.432983,0.824463
-0.572510,0.132080,0.781494
0.437012,-0.154785,1.033203
-0.241333,-0.206665,0.759399
-0.133789,0.220947,0.970215
0.280273,-0.379761,0.880615
-0.593994,0.068604,0.745972
0.405884,-0.134521,1.041870
-0.134644,-0.339355,0.737427
-0.237427,0.220581,0.914795
0.353760,-0.329590,0.906738
-0.581787,0.064453,0.744751
0.311157,-0.089478,1.006592
-0.052612,-0.408203,0.739380
-0.342163,0.200562,0.862549
0.383545,-0.268799,0.935059
-0.541382,0.002441,0.720459
0.189209,-0.003418,0.998169
0.028076,-0.428467,0.775391
-0.472534,0.188477,0.840454
0.423096,-0.236206,0.981934
-0.429932,-0.071655,0.760376
0.030518,0.157227,1.009277
0.124023,-0.369263,0.831543
-0.546753,0.129272,0.795044
0.425659,-0.189575,1.023193
-0.309570,-0.188110,0.750244
-0.074463,0.194580,0.988037
0.239624,-0.378906,0.869629
-0.608398,0.113403,0.752686
0.415894,-0.161621,1.032959
-0.185181,-0.305786,0.744629
-0.171387,0.200928,0.942261
0.309937,-0.323608,0.902588
-0.606201,0.062744,0.729126
0.364746,-0.128784,1.031494
-0.102905,-0.394653,0.726562
-0.284790,0.188843,0.889404
0.362061,-0.309448,0.926880
-0.582886,0.051147,0.722656
0.281006,-0.070923,1.003418
-0.042236,-0.423462,0.746094
-0.391113,0.200073,0.862671
0.386963,-0.278320,0.942749
-0.548462,-0.018677,0.707153
0.162842,0.020142,0.993042
0.029663,-0.418945,0.785889
-0.489502,0.197388,0.833984
0.409546,-0.239868,0.965332
-0.458740,-0.078003,0.741333
0.054199,0.128296,1.015015
0.108887,-0.417603,0.810669
-0.542969,0.150146,0.812012
0.419678,-0.187622,1.013428
-0.347046,-0.169800,0.739502
-0.036133,0.192993,1.004272
0.198608,-0.375122,0.849854
-0.600830,0.102539,0.774170
0.421387,-0.187134,1.017822
-0.241577,-0.290405,0.719482
-0.129028,0.207031,0.967896
0.271484,-0.340698,0.893066
-0.618896,0.093018,0.743286
0.385742,-0.172241,1.016479
-0.166748,-0.383057,0.717529
-0.221680,0.151611,0.916626
0.333496,-0.335327,0.910645
-0.611694,0.102417,0.741333
0.325195,-0.119141,1.005371
-0.104736,-0.400757,0.732300
-0.317139,0.193848,0.889648
0.362427,-0.306030,0.926392
-0.581909,0.036133,0.719482
0.242188,-0.061890,0.989258
-0.044556,-0.401367,0.774780
-0.414673,0.168823,0.867920
0.381592,-0.262573,0.962036
-0.541260,-0.038208,0.699707
0.135620,0.051758,0.991333
0.051758,-0.401367,0.802856
-0.530396,0.207397,0.841064
0.410889,-0.266113,0.977661
-0.465210,-0.102417,0.711670
0.052490,0.118286,0.993286
0.115479,-0.365112,0.833008
-0.573486,0.168701,0.810669
0.433105,-0.235107,1.003906
-0.376465,-0.197021,0.722290
-0.022339,0.151855,0.985474
0.186035,-0.405518,0.836182
-0.587769,0.139282,0.794556
0.411621,-0.187744,1.008057
-0.304565,-0.240112,0.719604
-0.095581,0.164795,0.976807
0.245361,-0.388428,0.868896
-0.614624,0.094971,0.756592
0.411865,-0.190796,1.021362
-0.213257,-0.332031,0.712646
-0.196289,0.197144,0.958130
0.292603,-0.367798,0.892700
-0.612671,0.059814,0.748047
0.385498,-0.178833,1.016235
-0.182251,-0.338501,0.714966
-0.246094,0.183350,0.919434
0.333130,-0.321167,0.927124
-0.610840,0.005371,0.708252
0.331665,-0.149292,1.005005
-0.121338,-0.368164,0.741943
-0.330933,0.208374,0.904053
0.362061,-0.300049,0.937134
-0.581055,-0.001587,0.715698
0.255981,-0.099487,1.009888
-0.060425,-0.420044,0.759033
-0.407715,0.209106,0.874268
0.382202,-0.297974,0.952759
-0.558716,-0.034912,0.709961
0.154907,-0.007568,1.009399
0.026123,-0.420044,0.796265
-0.485840,0.208252,0.854736
0.397461,-0.246582,0.982788
-0.490967,-0.127319,0.713623
0.065063,0.065430,1.006714
0.108765,-0.416504,0.841553
-0.557617,0.161987,0.818115
0.422974,-0.236694,1.010742
-0.382690,-0.205200,0.730469
-0.035889,0.158203,1.000000
0.195190,-0.412231,0.847412
-0.583984,0.093506,0.791992
0.414551,-0.203735,1.037476
-0.280273,-0.317261,0.704346
-0.113281,0.140869,0.960449
0.260864,-0.367310,0.891113
-0.608643,0.087646,0.759033
0.412231,-0.195801,1.036499
-0.198853,-0.349731,0.728638
-0.214966,0.159302,0.948120
0.319824,-0.356323,0.915527
-0.613403,0.030396,0.729980
0.343018,-0.145630,1.030640
-0.133911,-0.386475,0.733765
-0.326294,0.168945,0.902710
0.360596,-0.296021,0.959351
-0.571899,0.008057,0.720825
0.266724,-0.093506,1.030762
-0.059692,-0.391968,0.774292
-0.406006,0.167358,0.868286
0.390137,-0.275391,0.988037
-0.535156,-0.054321,0.698975
0.155518,0.004395,1.019043
0.046875,-0.412231,0.806519
-0.488647,0.163574,0.857178
0.410278,-0.261353,0.996704
-0.461182,-0.135742,0.729858
0.056885,0.067383,1.001953
0.136841,-0.407959,0.847168
-0.549683,0.147339,0.825928
0.431274,-0.249512,1.014893
-0.350464,-0.242676,0.729614
-0.018311,0.134033,1.016602
0.196289,-0.416748,0.851685
-0.563354,0.101074,0.804321
0.431274,-0.216309,1.034180
-0.276978,-0.279785,0.736084
-0.103638,0.135864,0.971191
0.256836,-0.387207,0.878662
-0.563721,0.049072,0.771729
0.417358,-0.213867,1.040771
-0.221313,-0.335815,0.727051
-0.185791,0.128784,0.953247
0.312744,-0.375366,0.910156
-0.566162,0.037354,0.755859
0.386597,-0.133545,1.068115
-0.177368,-0.317139,0.755127
-0.270142,0.155762,0.934570
0.357788,-0.346680,0.957886
-0.556763,-0.027344,0.739868
0.335205,-0.101562,1.062988
-0.126221,-0.343384,0.773438
-0.334229,0.152344,0.911255
0.404907,-0.333618,0.987061
-0.544312,-0.070801,0.715332
0.252563,-0.042358,1.063965
-0.036011,-0.380371,0.798706
-0.412231,0.184814,0.904419
0.428345,-0.288330,1.015991
-0.502197,-0.133667,0.736816
0.162964,0.012085,1.045166
0.064087,-0.419189,0.842041
-0.499146,0.156006,0.840454
0.460571,-0.265869,1.045654
-0.430786,-0.150024,0.744873
0.054688,0.117798,1.043579
0.151489,-0.416748,0.860840
-0.519653,0.106201,0.834351
0.458862,-0.251221,1.046265
-0.360229,-0.266113,0.730469
0.003906,0.097534,1.037476
0.233765,-0.452515,0.882568
-0.552979,0.102783,0.812622
0.443359,-0.199829,1.050049
-0.270020,-0.260864,0.761108
-0.048462,0.108154,1.018921
0.281006,-0.417969,0.913330
-0.546387,0.067017,0.802124
0.437744,-0.175415,1.066650
-0.209961,-0.314331,0.754150
-0.138794,0.126953,0.994873
0.314331,-0.367310,0.945679
-0.543213,0.007568,0.779907
0.423950,-0.165527,1.083008
-0.165771,-0.337036,0.758789
-0.221436,0.160400,0.977173
0.376099,-0.365479,0.962158
-0.547729,0.001587,0.783936
0.380859,-0.143188,1.089233
-0.122314,-0.349487,0.788330
-0.288208,0.190430,0.957153
0.410889,-0.334106,0.990234
-0.526611,-0.062256,0.754028
0.339966,-0.092285,1.097168
-0.066650,-0.342896,0.805054
-0.340454,0.180298,0.940308
0.443848,-0.321655,1.027710
-0.489502,-0.113403,0.758423
0.261353,-0.042969,1.097900
0.026001,-0.385742,0.839966
-0.394287,0.173706,0.903931
0.444580,-0.268555,1.036865
-0.451904,-0.156128,0.752441
0.180420,0.001343,1.071655
0.121704,-0.401611,0.886353
-0.441528,0.144165,0.884766
0.475220,-0.225952,1.068848
-0.385864,-0.204712,0.760132
0.061401,0.078491,1.050781
0.220459,-0.416016,0.902222
-0.474243,0.065186,0.845337
0.485840,-0.198608,1.096191
-0.264282,-0.255981,0.778442
-0.036499,0.130615,1.026001
0.291260,-0.387817,0.934448
-0.496704,0.011353,0.810791
0.486694,-0.194214,1.120728
-0.176025,-0.349365,0.763062
-0.134277,0.169678,1.023804
0.347046,-0.372559,0.943604
-0.514404,-0.012329,0.798584
0.456543,-0.177246,1.120117
-0.114746,-0.337891,0.817993
-0.222778,0.181274,0.991455
0.404663,-0.324341,0.997559
-0.500000,-0.056763,0.777588
0.382690,-0.129395,1.114380
-0.049561,-0.346313,0.834229
-0.295166,0.176392,0.962769
0.456177,-0.292114,1.051880
-0.467896,-0.099976,0.767578
0.301514,-0.048950,1.114746
0.045410,-0.384644,0.860718
-0.354858,0.149902,0.921265
0.483887,-0.266846,1.075195
-0.407959,-0.168335,0.760132
0.201416,0.037842,1.108154
0.142212,-0.401611,0.889771
-0.416260,0.130493,0.903198
0.510376,-0.245483,1.101196
-0.372314,-0.183594,0.783203
0.118408,0.073853,1.090942
0.224487,-0.417847,0.921753
-0.451782,0.089478,0.890015
0.521973,-0.220215,1.118774
-0.274658,-0.256470,0.794312
0.018433,0.141968,1.072876
0.280273,-0.386353,0.940186
-0.454224,0.035767,0.845825
0.525024,-0.210205,1.143066
-0.173828,-0.318848,0.819580
-0.049438,0.168091,1.059692
0.326294,-0.358154,0.958618
-0.479614,0.027344,0.837280
0.501709,-0.194458,1.140869
-0.116455,-0.341797,0.826660
-0.124023,0.195312,1.058960
0.406860,-0.379639,0.986084
-0.499756,0.006348,0.823120
0.447144,-0.140747,1.147949
-0.084717,-0.359619,0.832275
-0.160156,0.166748,1.044434
0.424927,-0.308594,1.044189
-0.500610,-0.036011,0.790894
0.415527,-0.078125,1.169922
-0.003540,-0.379761,0.866577
-0.261475,0.210571,1.026978
0.469360,-0.319092,1.062988
-0.461548,-0.060547,0.813721
0.367554,-0.053223,1.158691
0.039673,-0.356323,0.882812
-0.310547,0.194336,0.977417
0.504639,-0.292725,1.094727
-0.413818,-0.162598,0.791504
0.308228,-0.004150,1.156738
0.117554,-0.387207,0.890625
-0.357300,0.184082,0.940186
0.528687,-0.267334,1.103882
-0.370361,-0.190063,0.799561
0.218262,0.016479,1.128662
0.208496,-0.419067,0.931885
-0.415527,0.169800,0.922852
0.538574,-0.233154,1.116089
-0.322144,-0.212158,0.808960
0.117432,0.095459,1.108398
0.284302,-0.425659,0.964233
-0.440430,0.105713,0.893188
0.536743,-0.197388,1.140137
-0.234131,-0.248901,0.828613
0.015747,0.163696,1.101807
0.361572,-0.402344,0.981323
-0.455078,0.048828,0.865112
0.514771,-0.157471,1.153931
-0.105713,-0.321167,0.848511
-0.076050,0.179443,1.069214
0.394165,-0.343384,1.023926
-0.453247,-0.023682,0.842896
0.489136,-0.133179,1.181519
-0.046631,-0.336060,0.871582
-0.158081,0.205566,1.048340
0.444580,-0.298462,1.053223
-0.455200,-0.042725,0.816162
0.419556,-0.112183,1.159790
0.018921,-0.402466,0.889526
-0.234985,0.187866,1.044556
0.496460,-0.262817,1.110352
-0.440308,-0.066528,0.802490
0.335571,-0.023438,1.151001
0.120239,-0.412598,0.929932
-0.318970,0.150757,0.983032
0.538330,-0.242798,1.145142
-0.368774,-0.157104,0.802368
0.222412,0.083252,1.147705
0.216675,-0.424194,0.944824
-0.370850,0.079102,0.932373
0.562500,-0.243896,1.164307
-0.312012,-0.191772,0.830200
0.113770,0.143066,1.117920
0.302246,-0.400391,0.984375
-0.416626,0.072388,0.899536
0.557495,-0.219971,1.164795
-0.230835,-0.251587,0.846558
0.032104,0.164185,1.102173
0.340698,-0.373291,0.989746
-0.438599,0.044800,0.865967
0.565674,-0.194092,1.181152
-0.103149,-0.300171,0.886353
-0.064697,0.198608,1.077881
0.397705,-0.366821,1.000610
-0.441284,-0.004639,0.836426
0.506958,-0.153931,1.173828
-0.022827,-0.336304,0.902222
-0.119263,0.210815,1.076172
0.440918,-0.329712,1.050293
-0.460938,-0.013428,0.832153
0.460449,-0.115723,1.172363
-0.005615,-0.355469,0.893921
-0.195190,0.222534,1.055664
0.490479,-0.293945,1.090820
-0.429688,-0.060059,0.828857
0.375000,-0.039185,1.165527
0.069458,-0.388062,0.900513
-0.254028,0.170776,1.012695
0.524170,-0.238892,1.146729
-0.399048,-0.129150,0.815186
0.297241,0.004272,1.156250
0.167603,-0.438721,0.935059
-0.333008,0.166260,0.970093
0.551392,-0.246948,1.138062
-0.356323,-0.146729,0.820068
0.208984,0.060913,1.137085
0.248657,-0.450195,0.958984
-0.383789,0.104126,0.912109
0.550049,-0.210205,1.151733
-0.285767,-0.222778,0.817627
0.123779,0.147461,1.137085
0.310425,-0.456421,0.959717
-0.421631,0.111694,0.907837
0.561279,-0.200684,1.149658
-0.233398,-0.234131,0.845581
0.035034,0.168457,1.098877
0.376465,-0.409058,1.009766
-0.451294,0.064941,0.860962
0.525146,-0.144409,1.166992
-0.148071,-0.280029,0.860107
-0.026611,0.196777,1.099365
0.395874,-0.384399,1.015137
-0.443604,-0.022095,0.847290
0.505737,-0.141113,1.176514
-0.049316,-0.317993,0.878296
-0.109497,0.237915,1.088379
0.436890,-0.343750,1.030151
-0.447998,-0.051514,0.833374
0.481079,-0.132202,1.178467
0.016968,-0.353027,0.888672
-0.162231,0.219116,1.046631
0.467773,-0.293213,1.076660
-0.442383,-0.082153,0.810669
0.427002,-0.079468,1.171631
0.046021,-0.369629,0.903687
-0.235474,0.228271,1.032837
0.500488,-0.273560,1.102783
-0.416382,-0.114746,0.808716
0.349487,-0.025269,1.155273
0.128906,-0.405273,0.913452
-0.312012,0.230103,0.996338
0.528809,-0.248901,1.127441
-0.375977,-0.160889,0.820190
0.253052,-0.001831,1.117920
0.199585,-0.460693,0.927490
-0.360229,0.119385,0.916992
0.552124,-0.234985,1.133057
-0.310791,-0.177612,0.821167
0.143433,0.112549,1.106934
0.277344,-0.453735,0.951294
-0.404541,0.043457,0.860107
0.547729,-0.211182,1.147217
-0.257690,-0.226440,0.834106
0.055664,0.192993,1.113159
0.339844,-0.424194,0.977051
-0.455444,0.050415,0.853149
0.517334,-0.195557,1.150024
-0.179077,-0.276001,0.849976
-0.014160,0.210449,1.096069
0.388672,-0.398804,0.997070
-0.470703,0.025391,0.843384
0.498779,-0.175537,1.144043
-0.078735,-0.307739,0.869141
-0.098877,0.221802,1.072754
0.429932,-0.356079,1.025391
-0.465210,-0.033325,0.817383
0.459717,-0.130005,1.150757
0.028198,-0.385742,0.885742
-0.171997,0.200684,1.034912
0.447876,-0.308716,1.050171
-0.461304,-0.058105,0.787109
0.411743,-0.129028,1.130859
0.063599,-0.422729,0.893555
-0.244751,0.199951,1.023560
0.493530,-0.280762,1.089478
-0.429443,-0.095947,0.792114
0.304810,-0.032837,1.119873
0.088257,-0.441772,0.873291
-0.279541,0.131836,0.980347
0.531006,-0.258789,1.119507
-0.416260,-0.115234,0.800049
0.220703,0.026245,1.078125
0.192505,-0.450195,0.901855
-0.361084,0.110352,0.925781
0.542358,-0.266846,1.122314
-0.361572,-0.164307,0.808105
0.139771,0.098145,1.089478
0.260498,-0.456787,0.925415
-0.416992,0.032715,0.845337
0.531860,-0.245728,1.118774
-0.265747,-0.247925,0.802490
0.027710,0.210449,1.090454
0.330322,-0.413330,0.953125
-0.475952,0.032837,0.817261
0.504517,-0.243408,1.111206
-0.160278,-0.289062,0.852905
-0.068481,0.196411,1.061157
0.382935,-0.401123,0.983887
-0.479614,0.001831,0.802002
0.460938,-0.147705,1.120972
-0.048218,-0.317749,0.861572
-0.133423,0.205078,1.037842
0.412354,-0.375732,0.998779
-0.490601,-0.049194,0.794556
0.402222,-0.138794,1.105835
0.042847,-0.380127,0.871216
-0.207275,0.203857,1.012085
0.444336,-0.300903,1.034424
-0.449585,-0.088501,0.794678
0.334351,-0.086670,1.083496
0.075928,-0.421021,0.857300
-0.286255,0.140259,0.950684
0.470337,-0.257080,1.042236
-0.422607,-0.133789,0.784546
0.069702,0.075439,1.023071
0.214600,-0.486572,0.838257
-0.481812,0.045532,0.761353
0.467773,-0.253662,1.046265
-0.300415,-0.218140,0.775391
-0.055054,0.138550,1.005371
0.292847,-0.493530,0.883667
-0.519043,0.035522,0.756348
0.434326,-0.212769,1.031616
-0.195312,-0.241455,0.810913
-0.138428,0.176392,0.990479
0.340820,-0.454346,0.919678
-0.522217,-0.002808,0.750122
0.398438,-0.151855,1.047974
-0.085205,-0.310669,0.795776
-0.214600,0.203979,0.969727
0.398560,-0.411865,0.958374
-0.512451,-0.086670,0.746948
0.319702,-0.104248,1.020142
0.002441,-0.377686,0.800537
-0.293457,0.184448,0.901245
0.445679,-0.338989,0.988770
-0.491577,-0.123779,0.740967
0.223999,-0.069092,0.998047
0.055298,-0.480591,0.769897
-0.344971,0.088623,0.826660
0.443481,-0.268799,0.991943
-0.450806,-0.093872,0.763550
0.141602,0.001709,1.007446
0.121826,-0.493652,0.812500
-0.454468,0.102661,0.801147
0.453247,-0.267822,1.003052
-0.376587,-0.143677,0.770508
0.038330,0.096680,1.013184
0.194214,-0.487915,0.836060
-0.501221,0.047607,0.759766
0.463989,-0.242310,1.024048
-0.317261,-0.167603,0.766235
-0.067627,0.172485,1.001831
0.282104,-0.475098,0.878540
-0.533569,0.015137,0.743286
0.423218,-0.189331,1.034424
-0.183716,-0.243164,0.795410
-0.153687,0.191162,0.975830
0.323486,-0.427002,0.909546
-0.545288,-0.015381,0.752808
0.386353,-0.154541,1.032837
-0.072266,-0.341064,0.788696
-0.218872,0.182495,0.941406
0.372803,-0.361328,0.952637
-0.541382,-0.034790,0.739502
0.325073,-0.109497,1.014771
-0.014038,-0.404053,0.781860
-0.281860,0.135986,0.876831
0.419922,-0.358765,0.957642
-0.513916,-0.077515,0.731445
0.224243,-0.041748,0.994263
0.050415,-0.454712,0.777466
-0.376831,0.115967,0.837891
0.445312,-0.321899,0.983643
-0.465820,-0.103638,0.752563
0.156982,0.053345,1.021973
0.067749,-0.416016,0.780396
-0.444946,0.113647,0.791260
0.467529,-0.303223,1.000610
-0.410889,-0.162964,0.760010
0.070557,0.093872,1.009277
0.141602,-0.417725,0.808960
-0.502197,0.107178,0.767456
0.456421,-0.279419,0.996094
-0.335693,-0.198608,0.770264
-0.017212,0.132690,0.994629
0.221436,-0.421509,0.847168
-0.541992,0.068237,0.734253
0.439331,-0.244141,1.010132
-0.219360,-0.237183,0.797485
-0.108765,0.166382,0.974487
0.285889,-0.415649,0.878296
-0.568481,0.061890,0.730957
0.406494,-0.141113,1.037354
-0.106567,-0.302002,0.789551
-0.203613,0.199219,0.947632
0.350586,-0.400757,0.912598
-0.562012,0.020142,0.740112
0.347412,-0.103394,1.020630
-0.035889,-0.411621,0.763916
-0.265015,0.165894,0.901123
0.399536,-0.324951,0.948486
-0.539917,-0.020874,0.737671
0.259521,-0.074829,0.988770
0.009766,-0.444458,0.760498
-0.342407,0.123779,0.834961
0.435181,-0.311401,0.962158
-0.498169,-0.052612,0.739624
0.154541,0.028442,1.000244
0.081177,-0.433594,0.787720
-0.443848,0.113770,0.810059
0.441772,-0.279541,0.983765
-0.420654,-0.115845,0.765381
0.071289,0.146973,1.029663
0.122314,-0.393188,0.813477
-0.527588,0.110229,0.768677
0.460449,-0.255737,1.011597
-0.314209,-0.212769,0.769775
-0.024292,0.225586,1.036987
0.227417,-0.384644,0.857788
-0.589966,0.095337,0.743286
0.448853,-0.268799,1.008789
-0.205444,-0.280029,0.767944
-0.105835,0.216675,0.980347
0.274048,-0.346924,0.880493
-0.592896,0.071411,0.740234
0.421509,-0.227905,1.018188
-0.116943,-0.330322,0.793579
-0.177246,0.179077,0.920654
0.334961,-0.319580,0.919556
-0.053223,-0.389282,0.778809
-0.566284,0.062134,0.725098
-0.006348,-0.395264,0.769775
0.404175,-0.323486,0.933472
-0.538696,-0.000366,0.736938
0.237915,-0.037598,0.984619
0.032471,-0.426880,0.770264
-0.394409,0.164795,0.834717
0.413208,-0.270996,0.956421
-0.497803,-0.073853,0.739746
0.163208,-0.005127,1.005005
0.083130,-0.452759,0.802612
-0.463867,0.141235,0.795410
0.428345,-0.215698,0.982666
-0.445190,-0.092407,0.733887
0.082886,0.100098,1.015991
0.154297,-0.438354,0.839355
-0.538330,0.134155,0.774536
0.423706,-0.201782,0.990845
-0.340332,-0.135986,0.750366
-0.024292,0.192261,1.003540
0.229248,-0.399048,0.871094
-0.578003,0.102173,0.766602
0.410522,-0.170776,1.011841
-0.229492,-0.246582,0.750122
-0.103516,0.205933,0.970581
0.291138,-0.367310,0.896606
-0.590942,0.071167,0.753784
0.394043,-0.150879,1.017822
-0.120239,-0.352295,0.742554
-0.195923,0.204834,0.924438
0.339355,-0.327026,0.914551
-0.558472,0.058960,0.755249
0.351318,-0.074585,1.019653
-0.070557,-0.354126,0.755127
-0.282959,0.187012,0.875977
0.379639,-0.323975,0.940918
-0.553345,-0.023926,0.734741
0.294922,-0.038696,1.016357
-0.025391,-0.401855,0.735229
-0.370483,0.199097,0.836182
0.408203,-0.297485,0.945923
-0.515259,-0.060791,0.739746
0.217773,-0.011597,1.010986
0.003784,-0.402222,0.768555
-0.436890,0.195312,0.815186
0.442993,-0.260864,0.980347
-0.468628,-0.078613,0.738159
0.115112,0.089111,1.012573
0.090576,-0.418945,0.787231
-0.510864,0.192139,0.810913
0.437500,-0.233276,0.976440
-0.401855,-0.137451,0.752319
0.048828,0.126465,1.020264
0.166260,-0.399170,0.838867
-0.566772,0.176636,0.784668
0.429199,-0.185669,0.995972
-0.293091,-0.190674,0.763550
-0.064697,0.173096,0.990112
0.249023,-0.395264,0.885254
-0.582642,0.104248,0.772339
0.411133,-0.150757,1.021851
-0.178955,-0.266846,0.759399
-0.157349,0.203979,0.943481
0.307739,-0.334595,0.903320
-0.588257,0.070068,0.746704
0.381348,-0.140869,1.013306
-0.100098,-0.372192,0.752075
-0.248779,0.184570,0.890747
0.356201,-0.308960,0.915771
-0.578491,0.048096,0.731567
0.303589,-0.074341,1.010254
-0.034180,-0.416504,0.747925
-0.334595,0.196533,0.857910
0.390747,-0.270630,0.940063
-0.552368,0.012573,0.720581
0.197998,-0.024170,0.979858
0.030029,-0.437500,0.779175
-0.423340,0.172485,0.837280
0.415527,-0.240479,0.957886
-0.499634,-0.007080,0.733521
0.102783,0.104248,1.005859
0.091431,-0.393066,0.811646
-0.514893,0.139038,0.810791
0.428955,-0.205811,1.001831
-0.394409,-0.098633,0.740845
0.022339,0.188477,1.019043
0.175781,-0.375854,0.843994
-0.607178,0.122314,0.764648
0.443604,-0.218506,1.009033
-0.260864,-0.252197,0.723267
-0.086548,0.221802,0.974365
0.251953,-0.347900,0.862915
-0.607178,0.129395,0.760376
0.419067,-0.210571,1.005005
-0.176514,-0.328735,0.744019
-0.160889,0.175415,0.931152
0.313477,-0.331543,0.907471
-0.610596,0.129883,0.752075
0.365479,-0.148071,1.003784
-0.106812,-0.368530,0.747925
-0.248657,0.168823,0.897339
0.353516,-0.301392,0.933716
-0.592407,0.069580,0.721802
0.293213,-0.062622,1.000854
-0.051758,-0.388550,0.747803
-0.350464,0.176392,0.867065
0.404907,-0.287354,0.952026
-0.568604,0.032959,0.722900
0.175659,0.008423,0.988159
0.005371,-0.405029,0.790283
-0.448120,0.160767,0.833008
0.414307,-0.240845,0.983887
-0.481567,-0.052124,0.733521
0.075317,0.135376,1.009521
0.099731,-0.380371,0.820679
-0.551514,0.159302,0.811157
0.427856,-0.221924,1.002197
-0.343506,-0.180420,0.740356
-0.031494,0.239502,1.021606
0.203125,-0.377319,0.848755
-0.593018,0.138794,0.793579
0.407715,-0.213989,0.993286
-0.244385,-0.255615,0.739624
-0.095459,0.201416,0.973755
0.257690,-0.336060,0.871704
-0.636963,0.110352,0.731445
0.409302,-0.210083,1.003174
-0.166504,-0.345581,0.730713
-0.191772,0.176758,0.921143
0.312622,-0.315308,0.900024
-0.617920,0.059204,0.725952
0.360840,-0.171021,1.006470
-0.106079,-0.409546,0.724731
-0.280029,0.177124,0.888794
0.351074,-0.306274,0.914185
-0.601196,0.057983,0.711670
0.289551,-0.099976,0.987793
-0.047363,-0.424438,0.747803
-0.378540,0.192749,0.864014
0.375122,-0.273071,0.951050
-0.553223,-0.004517,0.712280
0.192505,-0.013794,0.973877
-0.010376,-0.420898,0.763794
-0.441650,0.186279,0.847778
0.403809,-0.251709,0.976685
-0.524292,-0.034790,0.713257
0.109985,0.062134,0.992920
0.038574,-0.403320,0.785767
-0.506470,0.186768,0.833130
0.432617,-0.257935,0.982788
-0.467041,-0.098633,0.718994
0.046753,0.148682,1.018555
0.098999,-0.402954,0.803467
-0.541626,0.143066,0.822144
0.424072,-0.235474,1.007202
-0.401245,-0.146118,0.729492
-0.004395,0.167114,1.002808
0.176270,-0.406860,0.835571
-0.599121,0.156982,0.790894
0.411499,-0.212891,0.993896
-0.301270,-0.253174,0.738037
-0.069214,0.172485,0.986084
0.225098,-0.396362,0.864136
-0.607422,0.111938,0.759888
0.405640,-0.181885,1.021118
-0.244263,-0.307861,0.706421
-0.147461,0.183838,0.959961
0.269531,-0.359131,0.895874
-0.610107,0.063477,0.749146
0.393311,-0.170776,1.028564
-0.203125,-0.359741,0.714478
-0.219360,0.183472,0.934692
0.317383,-0.352661,0.905396
-0.611206,0.073242,0.737671
0.349731,-0.167480,1.019897
-0.147949,-0.385376,0.729980
-0.285156,0.157349,0.893799
0.349365,-0.326050,0.926636
-0.596802,0.064209,0.716553
0.295776,-0.091187,1.009644
-0.094971,-0.386353,0.753540
-0.360474,0.170288,0.879639
0.374390,-0.316040,0.934326
-0.585693,0.010986,0.705200
0.234009,-0.048828,1.014893
-0.041870,-0.401245,0.782959
-0.445068,0.203003,0.870850
0.402832,-0.288086,0.968872
-0.555908,-0.050293,0.707031
0.122925,0.025269,0.996338
0.043701,-0.416870,0.804688
-0.535645,0.191528,0.848145
0.425293,-0.302612,0.983154
-0.454468,-0.148315,0.712891
0.037354,0.142090,1.003418
0.099976,-0.384644,0.815063
-0.551636,0.138062,0.807617
0.437012,-0.271851,1.009644
-0.388062,-0.221436,0.717773
-0.016968,0.128418,0.996582
0.160400,-0.377686,0.838501
-0.581299,0.126465,0.793213
0.437744,-0.236572,1.023315
-0.320557,-0.264648,0.724243
-0.072021,0.146240,0.978760
0.222534,-0.394897,0.866943
-0.586182,0.096313,0.772339
0.411743,-0.192261,1.020142
-0.265137,-0.298584,0.713257
-0.138794,0.167114,0.975464
0.275879,-0.408081,0.889282
-0.601440,0.037354,0.744263
0.402100,-0.169922,1.033936
-0.213623,-0.319336,0.717773
-0.221069,0.183594,0.945435
0.322632,-0.361694,0.914673
-0.602905,0.012085,0.739868
0.366699,-0.173706,1.040039
-0.176270,-0.369263,0.710571
-0.280884,0.175293,0.922119
0.348022,-0.311523,0.946411
-0.602417,-0.005005,0.720337
0.306152,-0.142944,1.030884
-0.108154,-0.426392,0.746216
-0.356445,0.178223,0.884033
0.368164,-0.302612,0.952759
-0.565918,-0.012207,0.728271
0.234619,-0.080322,1.019287
-0.042236,-0.399048,0.793945
-0.448242,0.195801,0.878296
0.420044,-0.296509,0.985840
-0.522095,-0.080200,0.703857
0.126953,0.058594,1.019287
0.051636,-0.377075,0.831421
-0.517700,0.136108,0.836792
0.437744,-0.284180,1.021484
-0.432861,-0.179077,0.706909
0.023682,0.195923,1.038330
0.147095,-0.393799,0.833740
-0.549805,0.081055,0.801514
0.416260,-0.241455,1.023315
-0.305420,-0.301392,0.710815
-0.051636,0.205444,1.019409
0.204468,-0.348755,0.856079
-0.574829,0.069214,0.784546
0.421997,-0.278809,1.026367
-0.233765,-0.400146,0.693970
-0.116089,0.130981,0.969727
0.259521,-0.337769,0.872070
-0.597168,0.090576,0.756226
0.405151,-0.221436,1.042603
-0.184204,-0.361206,0.739014
-0.240845,0.144775,0.949097
0.352905,-0.390381,0.926880
-0.584106,0.064941,0.753540
0.339478,-0.114136,1.049805
-0.138916,-0.340088,0.778320
-0.312134,0.149902,0.913696
0.378784,-0.344971,0.955200
-0.551270,-0.002563,0.735840
0.279785,-0.052124,1.057739
-0.080444,-0.359253,0.791504
-0.384399,0.156860,0.893433
0.403687,-0.328247,0.974976
-0.524292,-0.048340,0.726807
0.230103,-0.019897,1.053223
0.005859,-0.363403,0.826172
-0.468872,0.190674,0.876221
0.424805,-0.322021,0.999878
-0.503174,-0.134521,0.719360
0.150879,-0.000854,1.037720
0.084106,-0.399292,0.844849
-0.502930,0.196167,0.867798
0.445312,-0.269165,1.018677
-0.437256,-0.166138,0.749512
0.050293,0.054443,1.029297
0.166016,-0.433838,0.862305
-0.528931,0.114014,0.821045
0.447388,-0.209839,1.055908
-0.317993,-0.248413,0.753296
-0.035522,0.144775,1.022339
0.230225,-0.394897,0.885376
-0.539673,0.037476,0.790527
0.457886,-0.228149,1.068848
-0.242676,-0.285034,0.742920
-0.110840,0.153564,0.993774
0.286133,-0.367432,0.901855
-0.551514,0.002319,0.762817
0.428223,-0.222290,1.059448
-0.172729,-0.359253,0.755981
-0.190063,0.159912,0.964722
0.322266,-0.336670,0.925659
-0.575684,0.001587,0.743652
0.397705,-0.182617,1.075439
-0.125244,-0.388916,0.783203
-0.271973,0.164429,0.948975
0.374023,-0.324829,0.962158
-0.536377,0.016113,0.751831
0.343018,-0.105225,1.079224
-0.081055,-0.353027,0.816772
-0.327881,0.145386,0.926880
0.420898,-0.341309,0.996826
-0.510254,-0.025513,0.758789
0.259399,0.018433,1.095581
-0.043335,-0.329590,0.824951
-0.373657,0.119507,0.912598
0.464966,-0.361938,1.020996
-0.483765,-0.121826,0.737915
0.209595,0.072510,1.097168
0.029907,-0.372803,0.828857
-0.431396,0.137451,0.883057
0.468628,-0.319092,1.047729
-0.461182,-0.149414,0.750732
0.151489,0.036011,1.063965
0.135620,-0.413574,0.869507
-0.483887,0.180420,0.885864
0.462524,-0.247192,1.051392
-0.394531,-0.195068,0.758057
0.101196,0.051392,1.061646
0.177490,-0.396240,0.898193
-0.499268,0.103027,0.833252
0.473145,-0.233276,1.061401
-0.325439,-0.223999,0.772339
0.024414,0.117798,1.053833
0.223267,-0.405273,0.900024
-0.499634,0.062500,0.826294
0.482788,-0.217773,1.083252
-0.265381,-0.253540,0.783081
-0.046387,0.140991,1.032837
0.299561,-0.410767,0.926392
-0.513794,0.044556,0.818359
0.468262,-0.189697,1.097168
-0.193481,-0.323975,0.759521
-0.103760,0.158691,1.015503
0.331055,-0.368408,0.944458
-0.529541,0.004639,0.790894
0.463379,-0.198608,1.112793
-0.144043,-0.346924,0.783569
-0.192505,0.193359,1.004150
0.372803,-0.346436,0.961304
-0.529419,-0.027344,0.781006
0.413208,-0.150757,1.114990
-0.084473,-0.359985,0.813965
-0.253174,0.208618,1.003540
0.419189,-0.312378,1.017456
-0.524170,-0.037842,0.768188
0.351196,-0.119385,1.104126
-0.011841,-0.365356,0.850342
-0.323486,0.187012,0.967407
0.468140,-0.289795,1.049194
-0.472900,-0.065674,0.764771
0.268311,-0.027100,1.106689
0.068604,-0.394165,0.876465
-0.374512,0.141479,0.926392
0.482300,-0.277588,1.077393
-0.394531,-0.156128,0.771484
0.165894,0.080322,1.103027
0.140625,-0.408936,0.884155
-0.435913,0.123047,0.890137
0.512939,-0.278564,1.080322
-0.348022,-0.235229,0.779053
0.088501,0.118286,1.080688
0.219360,-0.400391,0.911499
-0.466431,0.097290,0.864746
0.507202,-0.232422,1.097900
-0.285522,-0.258545,0.799927
0.020142,0.114624,1.067871
0.296021,-0.414673,0.945557
-0.472534,0.049072,0.828857
0.487915,-0.142212,1.126953
-0.186035,-0.281494,0.805786
-0.047852,0.136963,1.080811
0.360229,-0.428101,0.968506
-0.496826,0.014526,0.822388
0.472656,-0.122070,1.141357
-0.126831,-0.300049,0.812500
-0.161377,0.174927,1.038330
0.422119,-0.371460,1.024414
-0.502808,-0.058105,0.799194
0.412964,-0.091675,1.153564
-0.067627,-0.327271,0.819946
-0.251587,0.206787,1.008179
0.483276,-0.319702,1.058472
-0.467529,-0.110962,0.782715
0.331177,-0.073608,1.128174
0.019409,-0.349121,0.869629
-0.315674,0.171875,0.942017
0.531128,-0.314087,1.081055
-0.390015,-0.135864,0.811523
0.208008,0.022827,1.113281
0.147217,-0.370972,0.909058
-0.405396,0.135132,0.897461
0.531982,-0.258545,1.106445
-0.321777,-0.227905,0.807007
0.086060,0.120728,1.097534
0.261108,-0.403320,0.926514
-0.455200,0.041382,0.866211
0.524414,-0.210327,1.142700
-0.166260,-0.321411,0.834473
-0.034790,0.155884,1.054077
0.348389,-0.357666,0.976074
-0.473877,-0.017456,0.817383
0.492554,-0.196777,1.142212
-0.117188,-0.348755,0.824341
-0.111084,0.175293,1.050781
0.437988,-0.346924,1.026001
-0.485840,0.001587,0.816406
0.395508,-0.082031,1.148926
-0.022949,-0.347778,0.863770
-0.246338,0.182495,1.029541
0.508057,-0.331299,1.082275
-0.463745,-0.085693,0.793213
0.304810,-0.007935,1.147949
0.091919,-0.366821,0.893433
-0.334106,0.177368,0.957397
0.535400,-0.274658,1.102295
-0.377563,-0.160767,0.811523
0.207642,0.028442,1.114624
0.209351,-0.404297,0.940796
-0.408813,0.136108,0.903687
0.528320,-0.221436,1.119507
-0.285278,-0.221069,0.823608
0.081299,0.122803,1.102173
0.310425,-0.414185,0.972168
-0.437012,0.052124,0.880371
0.521484,-0.158936,1.147461
-0.183472,-0.265625,0.844727
-0.029663,0.162842,1.070435
0.355957,-0.347046,0.994507
-0.455078,-0.038940,0.836548
0.508911,-0.149536,1.191040
-0.061890,-0.341431,0.855225
-0.137085,0.177979,1.037476
0.425537,-0.319580,1.040894
-0.472168,-0.040283,0.810547
0.443481,-0.123901,1.167480
0.001343,-0.377441,0.881958
-0.238281,0.229492,1.044434
0.505981,-0.300537,1.088379
-0.441650,-0.055176,0.793945
0.325928,-0.017456,1.162231
0.083008,-0.392090,0.923462
-0.312622,0.144409,0.986572
0.562134,-0.289429,1.149170
-0.377441,-0.187012,0.798706
0.211548,0.122192,1.159424
0.189331,-0.392090,0.922729
-0.390381,0.092773,0.906006
0.553711,-0.286499,1.136475
-0.284912,-0.288574,0.827271
0.143799,0.110840,1.123291
0.266968,-0.378662,0.945190
-0.441162,0.103516,0.864746
0.554688,-0.232788,1.145386
-0.224487,-0.282715,0.854126
0.047974,0.118774,1.102905
0.362671,-0.394165,0.997437
-0.468384,0.069946,0.852295
0.525513,-0.143799,1.157715
-0.099609,-0.295654,0.870850
-0.059204,0.176758,1.093140
0.409302,-0.377197,1.021973
-0.452148,-0.004395,0.842041
0.479614,-0.081543,1.181763
-0.032227,-0.324829,0.861938
-0.166016,0.206543,1.062134
0.473511,-0.323364,1.073608
-0.437256,-0.076172,0.830688
0.416260,-0.032837,1.182983
0.037354,-0.352051,0.885986
-0.249512,0.176392,1.008667
0.506226,-0.269165,1.123901
-0.395020,-0.135376,0.811523
0.316650,0.015137,1.161255
0.142822,-0.371094,0.936035
-0.338257,0.151123,0.964233
0.563232,-0.284790,1.141602
-0.348145,-0.184082,0.821167
0.184448,0.086914,1.122803
0.242188,-0.385742,0.961792
-0.385010,0.091797,0.904419
0.558228,-0.239502,1.156494
-0.288086,-0.261230,0.833618
0.102173,0.142944,1.121094
0.320801,-0.395874,0.986450
-0.429443,0.077026,0.869507
0.536743,-0.191284,1.160034
-0.185547,-0.301025,0.845581
0.012329,0.158203,1.107422
0.377563,-0.375244,1.022705
-0.448120,0.025757,0.854736
0.508667,-0.119751,1.166748
-0.045410,-0.326538,0.890259
-0.094727,0.206543,1.105591
0.425171,-0.374146,1.041260
-0.439819,-0.040405,0.847778
0.479248,-0.081055,1.182861
-0.012207,-0.310425,0.877686
-0.167114,0.219849,1.064453
0.477173,-0.317627,1.070190
-0.446655,-0.084106,0.820923
0.424194,-0.103149,1.165283
0.043945,-0.328491,0.912598
-0.251709,0.239990,1.033081
0.548706,-0.282471,1.123291
-0.405518,-0.119141,0.816895
0.301514,-0.030151,1.147827
0.141479,-0.388794,0.930054
-0.306519,0.185547,0.978271
0.559814,-0.249512,1.136475
-0.347778,-0.172852,0.831787
0.186035,0.068115,1.121948
0.255615,-0.437134,0.956665
-0.377930,0.099854,0.913574
0.561646,-0.224854,1.155640
-0.266602,-0.217285,0.846680
0.070801,0.151367,1.098999
0.336914,-0.411133,0.991211
-0.438110,0.058838,0.871704
0.547485,-0.177002,1.166626
-0.146240,-0.270264,0.876221
-0.047974,0.229736,1.102661
0.400513,-0.367065,1.014404
-0.437378,-0.023315,0.837891
0.484619,-0.128296,1.173950
-0.017090,-0.365112,0.882690
-0.113770,0.192749,1.081055
0.458130,-0.330811,1.056030
-0.465454,-0.016479,0.827759
0.418091,-0.094971,1.155151
0.041992,-0.383789,0.898193
-0.203613,0.215454,1.070435
0.495361,-0.282349,1.095825
-0.435669,-0.090942,0.800781
0.349976,-0.033203,1.161011
0.128784,-0.394409,0.929688
-0.299927,0.189941,1.008545
0.541748,-0.257324,1.127319
-0.367676,-0.149292,0.817993
0.245117,0.057251,1.135254
0.202759,-0.397461,0.930542
-0.353271,0.133179,0.932739
0.569336,-0.259888,1.139526
-0.320312,-0.213257,0.828735
0.128174,0.068848,1.086182
0.285889,-0.438843,0.956299
-0.413330,0.119019,0.871582
0.564087,-0.202271,1.145630
-0.219604,-0.222290,0.864258
0.007935,0.136353,1.066406
0.360962,-0.419434,0.997925
-0.439453,0.046631,0.849854
0.533691,-0.140259,1.168945
-0.124634,-0.250977,0.879761
-0.082886,0.198364,1.062134
0.417847,-0.395142,1.020874
-0.450806,-0.013672,0.829224
0.471313,-0.107788,1.172363
0.007202,-0.338013,0.902344
-0.163940,0.238770,1.071899
0.450195,-0.355713,1.035767
-0.448120,-0.055298,0.823730
0.418457,-0.083008,1.153564
0.057251,-0.332031,0.909668
-0.238892,0.221924,1.035645
0.507935,-0.321777,1.085938
-0.427856,-0.122681,0.804321
0.321533,-0.021362,1.136353
0.145508,-0.382568,0.921875
-0.312256,0.189331,0.983276
0.537231,-0.269287,1.115723
-0.369263,-0.161865,0.812134
0.198730,0.051392,1.090088
0.232788,-0.412231,0.942505
-0.379395,0.081665,0.878418
0.542114,-0.205200,1.144775
-0.290894,-0.235596,0.809814
0.082031,0.138306,1.094238
0.330444,-0.447510,0.958984
-0.455444,0.096191,0.858765
0.514038,-0.201050,1.128052
-0.152466,-0.284546,0.848389
-0.036377,0.206543,1.086670
0.383545,-0.375244,0.992310
-0.487061,0.014404,0.821045
0.489990,-0.189941,1.134033
-0.021362,-0.344116,0.889893
-0.101440,0.213501,1.070312
0.415405,-0.315552,1.031860
-0.481934,-0.079346,0.754639
0.260742,-0.081299,1.020264
0.049072,-0.427856,0.882690
-0.331665,0.090942,0.894409
0.486938,-0.269775,1.056519
-0.447021,-0.092407,0.757202
0.161011,0.039795,1.034912
0.171021,-0.424927,0.876953
-0.396851,0.062500,0.855469
0.501709,-0.269653,1.073975
-0.387573,-0.169922,0.743896
0.076050,0.140381,1.051392
0.224121,-0.447388,0.870605
-0.461670,0.046875,0.807861
0.520996,-0.312012,1.064941
-0.313599,-0.222290,0.778076
-0.008179,0.186035,1.044556
0.251709,-0.405029,0.893311
-0.496582,0.004150,0.763794
0.495850,-0.277710,1.083862
-0.262695,-0.272461,0.790649
-0.059326,0.208252,1.042725
0.309692,-0.429199,0.907349
-0.495361,0.021118,0.769653
0.448120,-0.212158,1.072021
-0.179443,-0.286377,0.813843
-0.133057,0.192871,1.012207
0.362427,-0.445068,0.932129
-0.519897,-0.002319,0.765991
0.420532,-0.157104,1.074585
-0.082886,-0.329712,0.819214
-0.181152,0.218262,0.996094
0.379639,-0.401367,0.942261
-0.505737,-0.046875,0.762329
0.372803,-0.154297,1.054199
-0.011475,-0.409302,0.815918
-0.237671,0.174683,0.938477
0.405884,-0.352051,0.956177
-0.493896,-0.063232,0.760986
0.309814,-0.109009,1.037720
0.056519,-0.460815,0.811279
-0.299805,0.152710,0.908081
0.440308,-0.339233,0.983887
-0.475342,-0.083984,0.763184
0.211304,-0.081787,0.992188
0.104980,-0.498535,0.810913
-0.369751,0.109375,0.863525
0.465820,-0.275146,1.021606
-0.437744,-0.117065,0.742554
0.129028,0.050903,1.015625
0.167725,-0.424561,0.859497
-0.426636,0.046997,0.819946
0.469604,-0.280396,1.031616
-0.386353,-0.184082,0.754639
0.019775,0.132446,1.017578
0.249756,-0.453491,0.874634
-0.480469,-0.004517,0.774780
0.463623,-0.244751,1.048828
-0.292847,-0.214600,0.773438
-0.057373,0.192749,1.019897
0.304932,-0.408081,0.918335
-0.543335,0.020752,0.749146
0.439819,-0.247437,1.041870
-0.167725,-0.286743,0.806396
-0.143188,0.198364,0.991699
0.330811,-0.370728,0.932007
-0.539917,-0.000977,0.753662
0.409546,-0.221436,1.040039
-0.056030,-0.374512,0.820801
-0.225098,0.205933,0.959351
0.375610,-0.375122,0.946655
-0.511108,-0.053223,0.742798
0.354370,-0.135864,1.042603
-0.008423,-0.427734,0.787842
-0.282349,0.182495,0.922485
0.422852,-0.357178,0.967285
-0.492798,-0.091309,0.748413
0.257446,-0.082031,1.012207
0.044678,-0.483154,0.779175
-0.322388,0.116943,0.865967
0.445801,-0.301270,0.989746
-0.482666,-0.035767,0.762207
0.173218,-0.012817,1.001953
0.088501,-0.486450,0.805176
-0.397461,0.069580,0.827759
0.462524,-0.291016,1.008179
-0.428345,-0.108521,0.763916
0.065430,0.111206,1.024048
0.165405,-0.429810,0.845581
-0.468628,0.040527,0.778931
0.478638,-0.300537,1.019897
-0.363892,-0.180054,0.752930
-0.013306,0.207031,1.024414
0.232910,-0.393433,0.865845
-0.511597,0.008545,0.739624
0.461792,-0.297241,1.029419
-0.264893,-0.276733,0.764648
-0.083130,0.198853,1.007324
0.290527,-0.402100,0.890015
-0.557373,0.055298,0.746216
0.414917,-0.236694,1.024902
-0.146973,-0.351562,0.796753
-0.134277,0.170166,0.985718
0.317261,-0.354980,0.924194
-0.571899,0.061768,0.736816
0.393066,-0.205933,1.024902
-0.056641,-0.374390,0.797974
-0.210327,0.162231,0.942505
0.369995,-0.333130,0.945679
-0.554688,0.022583,0.753418
0.326538,-0.138184,1.009888
0.019897,-0.431519,0.793213
-0.279785,0.125366,0.873535
0.406494,-0.303711,0.963989
-0.537109,-0.001587,0.742432
0.236206,-0.045654,1.003296
0.073975,-0.458496,0.799072
-0.366821,0.096924,0.825317
0.441162,-0.293335,0.987427
-0.483765,-0.062012,0.740723
0.140503,0.066528,1.006470
0.102783,-0.434326,0.804932
-0.436646,0.066895,0.797852
0.463135,-0.281006,1.010742
-0.423096,-0.143311,0.730469
0.045166,0.156494,1.010864
0.168823,-0.429443,0.836548
-0.486816,0.026123,0.752686
0.470581,-0.249390,1.032104
-0.359131,-0.177246,0.737549
-0.021484,0.205322,1.034790
0.235474,-0.431519,0.851929
-0.545532,0.077637,0.757202
0.447510,-0.274170,1.003296
-0.257935,-0.244751,0.786987
-0.092163,0.201538,0.990234
0.281616,-0.387451,0.884399
-0.561157,0.060791,0.740967
0.417114,-0.205566,1.041626
-0.157104,-0.334839,0.779419
-0.151978,0.200439,0.984741
0.320801,-0.387573,0.903442
-0.564331,0.054443,0.755005
0.398071,-0.162231,1.031128
-0.079956,-0.354492,0.780029
-0.210938,0.179565,0.931030
0.362427,-0.345459,0.935181
-0.549438,0.002075,0.742554
0.340942,-0.140137,1.010132
-0.018799,-0.403198,0.776978
-0.258545,0.138062,0.887085
0.382935,-0.311646,0.949219
-0.542358,-0.059082,0.711182
0.285034,-0.101440,0.994507
0.028320,-0.434570,0.769775
-0.321899,0.161743,0.875244
0.416016,-0.327026,0.951782
-0.534302,-0.065430,0.720825
0.212891,-0.060059,0.979248
0.063721,-0.453125,0.788330
-0.385986,0.142334,0.827515
0.444824,-0.272949,0.982300
-0.491211,-0.041626,0.745850
0.131958,0.028320,0.994507
0.107300,-0.466919,0.795166
-0.441895,0.119507,0.807983
0.442139,-0.238892,0.989746
-0.435791,-0.111694,0.742554
0.038208,0.127808,1.003052
0.171997,-0.482544,0.814941
-0.503174,0.086060,0.774780
0.453857,-0.247681,0.997803
-0.355225,-0.127319,0.768311
-0.045044,0.188599,0.998169
0.238281,-0.434082,0.853638
-0.538940,0.050781,0.753174
0.443848,-0.208618,1.026855
-0.277222,-0.204346,0.766968
-0.111328,0.207520,0.978516
0.291870,-0.425415,0.883301
-0.561523,0.015747,0.730957
0.416870,-0.156982,1.051880
-0.143799,-0.294556,0.768188
-0.181641,0.234253,0.955566
0.336304,-0.394165,0.906372
-0.564819,0.043091,0.755859
0.383179,-0.144409,1.029663
-0.074463,-0.354614,0.771606
-0.247803,0.209351,0.905029
0.373901,-0.329712,0.938843
-0.551270,-0.007446,0.736450
0.316162,-0.112549,1.010986
-0.012207,-0.427612,0.759644
-0.318726,0.169800,0.848877
0.406616,-0.301270,0.948242
-0.523193,-0.018066,0.744873
0.226929,-0.024902,1.003418
0.044922,-0.448975,0.772339
-0.397705,0.142456,0.825439
0.429810,-0.274658,0.964600
-0.491821,-0.043579,0.746216
0.129028,0.050659,1.009888
0.094604,-0.438110,0.796387
-0.474854,0.131592,0.802490
0.449219,-0.232544,1.005249
-0.413452,-0.081177,0.759277
0.026733,0.157593,1.009521
0.186890,-0.429199,0.833618
-0.542969,0.099487,0.772949
0.438354,-0.206787,1.016113
-0.297974,-0.194580,0.756348
-0.059204,0.215698,0.997803
0.268066,-0.399414,0.878174
-0.569702,0.054810,0.745850
0.417847,-0.169189,1.020996
-0.170654,-0.277100,0.757324
-0.146851,0.236816,0.965942
0.319336,-0.338623,0.909180
-0.573608,0.040039,0.754639
0.372803,-0.141724,1.023682
-0.083618,-0.390015,0.759155
-0.234131,0.187744,0.903320
0.364502,-0.322876,0.930908
-0.573364,0.045166,0.730713
0.320068,-0.088379,0.999268
-0.022339,-0.406982,0.759766
-0.301025,0.154175,0.865723
0.396851,-0.279663,0.944580
-0.546387,0.026367,0.740845
0.228027,-0.025757,0.992065
0.037598,-0.438721,0.769531
-0.399170,0.152466,0.820190
0.433716,-0.259521,0.972534
-0.492310,-0.062256,0.726929
0.126709,0.085693,1.006714
0.069824,-0.392822,0.793091
-0.468018,0.120483,0.801025
0.461548,-0.257568,1.005371
-0.429321,-0.107056,0.744385
0.042480,0.176880,1.022217
0.144287,-0.404419,0.817993
-0.534058,0.138550,0.771484
0.453003,-0.227661,1.009888
-0.335815,-0.161377,0.768433
-0.029419,0.151367,0.986450
0.201660,-0.396851,0.847290
-0.555908,0.114746,0.755127
0.457397,-0.161621,1.041748
-0.242554,-0.208374,0.773193
-0.131592,0.196289,0.964844
0.279785,-0.411865,0.886597
-0.588867,0.081299,0.743530
0.420532,-0.147461,1.036499
-0.139771,-0.302246,0.773682
-0.205566,0.223389,0.934326
0.343018,-0.351807,0.908569
-0.584595,0.085205,0.754761
0.350708,-0.091431,1.029907
-0.062256,-0.385010,0.752563
-0.249512,0.179565,0.891724
0.371582,-0.312134,0.925659
-0.572144,0.040649,0.729736
0.292480,-0.064331,0.995605
-0.010132,-0.416870,0.762817
-0.344604,0.174683,0.846191
0.416138,-0.283081,0.955444
-0.511719,0.014771,0.750366
0.157471,0.011230,0.968262
0.022949,-0.433105,0.772827
-0.442627,0.153198,0.818481
0.444702,-0.243774,0.979370
-0.459961,-0.036987,0.759277
0.076904,0.129395,1.010132
0.115601,-0.388916,0.818848
-0.514648,0.115845,0.795532
0.427979,-0.241455,0.993286
-0.370972,-0.161987,0.747314
-0.011841,0.181396,1.004883
0.222656,-0.391846,0.850586
-0.577271,0.135376,0.763428
0.430298,-0.154785,1.023804
-0.213135,-0.246948,0.770386
-0.132080,0.194214,0.957275
0.291016,-0.371216,0.891357
-0.595459,0.053345,0.737061
0.393188,-0.123535,1.040527
-0.127075,-0.358032,0.745239
-0.193115,0.199829,0.926270
0.337646,-0.325317,0.909424
-0.586792,0.080322,0.751343
0.341919,-0.077515,1.014771
-0.043945,-0.410645,0.748413
-0.303345,0.183838,0.865112
0.381958,-0.297241,0.935791
-0.550293,0.005615,0.719360
0.255737,-0.019165,1.002441
-0.012207,-0.421509,0.743896
-0.389893,0.186157,0.845947
0.429321,-0.289795,0.959351
-0.527954,-0.014404,0.740112
0.149414,0.016357,0.988159
0.058228,-0.433105,0.785889
-0.479004,0.182739,0.823853
0.427979,-0.211060,0.987915
-0.438721,-0.111206,0.732788
0.058228,0.160889,1.017334
0.147095,-0.400879,0.829712
-0.563843,0.150146,0.778564
0.422852,-0.210327,1.002197
-0.322144,-0.196777,0.737915
-0.034424,0.189331,0.998535
0.243896,-0.396484,0.860352
-0.595459,0.171143,0.767578
0.411865,-0.143188,1.024414
-0.204224,-0.258301,0.751953
-0.121582,0.209961,0.972168
0.293335,-0.382324,0.892456
-0.618774,0.088013,0.755371
0.415649,-0.153931,1.021973
-0.139282,-0.282959,0.751465
-0.212769,0.226807,0.921021
0.342896,-0.334473,0.912476
-0.583618,0.052612,0.756104
0.343506,-0.114868,1.006592
-0.096680,-0.361206,0.735352
-0.276733,0.196411,0.895630
0.375000,-0.316040,0.928101
-0.559692,0.015991,0.736206
0.273193,-0.035278,1.002808
-0.039673,-0.401367,0.740112
-0.358398,0.194580,0.854858
0.398193,-0.288452,0.932861
-0.530518,-0.025269,0.728271
0.184448,-0.009888,0.975342
0.014160,-0.403076,0.766968
-0.445435,0.191772,0.839233
0.416138,-0.227295,0.971924
-0.479858,-0.075806,0.730225
0.087891,0.094360,1.013428
0.085693,-0.399292,0.809326
-0.525513,0.174316,0.817627
0.438110,-0.219604,0.993896
-0.389893,-0.129028,0.746826
-0.010498,0.142822,0.989990
0.189453,-0.380981,0.847534
-0.580566,0.146729,0.774170
0.420044,-0.158936,1.022827
-0.245239,-0.255127,0.738647
-0.107544,0.183350,0.973511
0.264038,-0.377563,0.883057
-0.599609,0.106079,0.746094
0.387451,-0.108765,1.024048
-0.142212,-0.343872,0.742310
-0.237793,0.200928,0.918335
0.343506,-0.352661,0.906860
-0.585815,0.062012,0.741455
0.322021,-0.081177,1.022949
-0.090210,-0.396851,0.729736
-0.313721,0.219849,0.893921
0.382690,-0.308228,0.920288
-0.571899,0.014160,0.713135
0.219727,-0.052124,0.971069
-0.008545,-0.417847,0.763306
-0.418335,0.197754,0.856323
0.415527,-0.260742,0.964722
-0.504028,-0.039429,0.737305
0.107666,0.092896,1.004028
0.050049,-0.378174,0.806274
-0.524536,0.152100,0.813354
0.450073,-0.260620,0.994873
-0.387329,-0.122803,0.743774
0.011230,0.226685,1.027954
0.145996,-0.311157,0.834717
-0.574463,0.128052,0.790039
0.433105,-0.283569,0.993896
-0.283813,-0.256714,0.729492
-0.056274,0.177246,0.969604
0.229736,-0.298584,0.864624
-0.608643,0.154907,0.769287
0.407593,-0.168091,1.007812
-0.176880,-0.358032,0.736572
-0.175659,0.171875,0.932495
0.319214,-0.367920,0.898560
-0.605835,0.122314,0.754395
0.353027,-0.091187,1.016846
-0.132202,-0.376709,0.705566
-0.252441,0.187622,0.906128
0.348999,-0.316895,0.924072
-0.591675,0.037476,0.727295
0.314087,-0.083130,1.004883
-0.081665,-0.386353,0.730713
-0.353027,0.193970,0.875488
0.374268,-0.310669,0.939209
-0.573853,-0.019165,0.706177
0.224731,-0.029297,0.987793
-0.012329,-0.408813,0.766235
-0.435425,0.212158,0.858276
0.400024,-0.252441,0.966064
-0.516357,-0.057251,0.718262
0.127441,0.039917,1.001953
0.043579,-0.420898,0.789429
-0.510986,0.208984,0.820679
0.420410,-0.220093,0.986450
-0.430664,-0.111450,0.744507
0.027344,0.148071,1.013550
0.099365,-0.411621,0.807861
-0.535767,0.152100,0.810547
0.437866,-0.212891,1.017822
-0.359741,-0.180542,0.736816
-0.047485,0.201904,1.004639
0.184937,-0.404785,0.833984
-0.580322,0.137573,0.791748
0.426392,-0.183716,1.031738
-0.265015,-0.262207,0.733521
-0.105103,0.180664,0.968506
0.249878,-0.378662,0.867310
-0.618530,0.137207,0.747681
0.411987,-0.164429,1.020874
-0.193237,-0.326538,0.726685
-0.171021,0.166382,0.943726
0.289429,-0.358032,0.884644
-0.623901,0.116211,0.737061
0.387207,-0.161499,1.009644
-0.148071,-0.322998,0.756470
-0.254517,0.191895,0.930176
0.343872,-0.354614,0.918213
-0.610596,0.079712,0.733032
0.321655,-0.109497,1.003784
-0.103882,-0.360229,0.744385
-0.317017,0.180420,0.890137
0.379883,-0.325073,0.948608
-0.596191,0.011230,0.704468
0.254517,-0.044922,1.000366
-0.063110,-0.402588,0.744995
-0.386597,0.191162,0.875244
0.396851,-0.304443,0.959473
-0.558960,-0.036499,0.703125
0.178223,-0.005249,0.992432
-0.016602,-0.403564,0.772217
-0.458984,0.191040,0.858398
0.416626,-0.266602,0.985840
-0.523926,-0.091675,0.698120
0.102417,0.075439,0.992065
0.035522,-0.397949,0.800659
-0.505249,0.191528,0.841309
0.423584,-0.256714,0.993530
-0.444336,-0.107056,0.744019
0.037598,0.140625,1.010010
0.099854,-0.397461,0.816040
-0.549683,0.179199,0.809692
0.416992,-0.205322,1.004028
-0.364624,-0.154785,0.753418
-0.010864,0.146240,1.009521
0.166992,-0.436890,0.829712
-0.585449,0.156372,0.789062
0.414917,-0.173462,1.008301
-0.313965,-0.185913,0.738647
-0.096558,0.168457,0.979370
0.262451,-0.439087,0.867676
-0.612061,0.100952,0.753906
0.400879,-0.140259,1.033325
-0.236206,-0.286133,0.709351
-0.187866,0.198975,0.953491
0.312622,-0.392090,0.899902
-0.606201,0.042480,0.726562
0.383545,-0.148193,1.031006
-0.173218,-0.341919,0.718994
-0.269165,0.206665,0.916382
0.356689,-0.344360,0.919678
-0.618286,0.032349,0.731323
0.310913,-0.123657,1.021240
-0.117432,-0.389893,0.725220
-0.344238,0.197998,0.883179
0.380127,-0.299072,0.943970
-0.584473,-0.000122,0.711304
0.222412,-0.057739,0.999390
-0.039795,-0.435059,0.761841
-0.422363,0.200195,0.862061
0.401489,-0.282837,0.965454
-0.550903,-0.026001,0.721313
0.116577,0.027832,0.988647
0.047363,-0.409790,0.808228
-0.500000,0.179199,0.850098
0.411011,-0.240845,0.989502
-0.471069,-0.109497,0.712280
0.034058,0.132690,1.003296
0.126953,-0.406982,0.828369
-0.557251,0.138672,0.803711
0.411499,-0.211914,1.005127
-0.350708,-0.224121,0.715576
-0.059082,0.177979,0.987427
0.216309,-0.407715,0.850464
-0.589233,0.114014,0.788086
0.393677,-0.196899,1.000000
-0.252319,-0.315674,0.708740
-0.147583,0.176636,0.955078
0.269409,-0.371216,0.880493
-0.594482,0.062134,0.755737
0.385864,-0.150269,1.036987
-0.189941,-0.355713,0.705811
-0.268188,0.173950,0.907715
0.327881,-0.349854,0.916748
-0.594727,0.034424,0.738403
0.348022,-0.114868,1.035645
-0.137451,-0.384033,0.721436
-0.344116,0.192749,0.885254
0.368042,-0.357788,0.920410
-0.584839,0.009521,0.721436
0.251221,-0.057007,1.017822
-0.061646,-0.365601,0.786987
-0.435425,0.215210,0.874146
0.392090,-0.299927,0.964722
-0.543213,-0.066772,0.703735
0.156860,-0.003418,1.003540
0.036621,-0.408813,0.798218
-0.520874,0.210449,0.850464
0.402710,-0.241577,0.992676
-0.455811,-0.150146,0.724976
0.051270,0.105957,1.015869
0.109375,-0.425781,0.821899
-0.568970,0.163330,0.817017
0.435913,-0.235107,1.012085
-0.361328,-0.211182,0.726807
-0.045410,0.135498,0.981567
0.200073,-0.382690,0.864868
-0.598755,0.085205,0.774780
0.424194,-0.208008,1.032349
-0.284912,-0.308960,0.698364
-0.118652,0.153076,0.959595
0.271851,-0.386475,0.887695
-0.609619,0.076416,0.744263
0.392334,-0.204590,1.006714
-0.213501,-0.352051,0.701172
-0.202637,0.148926,0.945190
0.315796,-0.364136,0.916138
-0.602661,0.043457,0.744995
0.348145,-0.141479,1.031494
-0.180298,-0.351440,0.725952
-0.283325,0.172485,0.919678
0.362183,-0.368408,0.929810
-0.584839,0.009155,0.736450
0.287842,-0.078857,1.026001
-0.126343,-0.361816,0.749023
-0.361206,0.187500,0.895996
0.388672,-0.351562,0.942993
-0.561523,0.001709,0.739136
0.235229,-0.043579,1.027100
-0.064697,-0.388184,0.764404
-0.443726,0.203613,0.875854
0.406494,-0.291748,0.978394
-0.519043,-0.082886,0.726807
0.125122,0.002197,1.002930
0.043213,-0.437378,0.809326
-0.527222,0.196655,0.830322
0.402222,-0.240601,0.993652
-0.435547,-0.166748,0.724121
0.055786,0.081421,1.024658
0.124512,-0.393799,0.844360
-0.576050,0.170288,0.799438
0.419312,-0.252808,1.001221
-0.338257,-0.265381,0.732056
-0.040649,0.137207,1.013672
0.197021,-0.411743,0.859497
-0.594482,0.119995,0.785400
0.414307,-0.214722,1.004761
-0.260742,-0.308838,0.721924
-0.129028,0.160522,0.979614
0.277344,-0.381348,0.900269
-0.600342,0.063721,0.750122
0.385986,-0.147949,1.036377
-0.203247,-0.337280,0.715088
-0.235107,0.158447,0.940918
0.328735,-0.371948,0.925903
-0.591553,0.011230,0.754883
0.335938,-0.131592,1.035400
-0.159790,-0.375732,0.719849
-0.310791,0.169556,0.899536
0.369629,-0.348511,0.949585
-0.583008,-0.003784,0.735962
0.281616,-0.099731,1.022827
-0.098267,-0.348877,0.766846
-0.398804,0.189819,0.877686
0.402344,-0.332275,0.969482
-0.542480,-0.083618,0.707764
0.189087,-0.007202,1.033203
-0.001221,-0.397705,0.803833
-0.473633,0.199585,0.867432
0.421997,-0.301147,0.986938
-0.505737,-0.089233,0.732056
0.098999,0.067871,1.025024
0.091553,-0.405762,0.834106
-0.542603,0.142944,0.838257
0.430054,-0.286011,1.001709
-0.406982,-0.178833,0.727905
0.026733,0.156860,1.034790
0.161621,-0.345337,0.863281
-0.569458,0.114746,0.805298
0.420166,-0.281250,0.996094
-0.322998,-0.292725,0.716553
-0.040161,0.114136,0.993042
0.235474,-0.378662,0.873047
-0.587280,0.097778,0.781860
0.409058,-0.202393,1.028198
-0.242676,-0.324707,0.710205
-0.143921,0.130737,0.968262
0.278442,-0.403320,0.902588
-0.588867,0.069702,0.769531
0.399536,-0.162964,1.053955
-0.206665,-0.328491,0.720581
-0.231934,0.160400,0.944580
0.331055,-0.387329,0.919189
-0.581543,0.022461,0.755493
0.369141,-0.130615,1.047241
-0.180542,-0.341309,0.726440
-0.299316,0.183105,0.930908
0.376587,-0.365601,0.953369
-0.579346,-0.016357,0.737183
0.303589,-0.087280,1.049194
-0.125000,-0.358521,0.755127
-0.364014,0.176758,0.903687
0.405518,-0.348877,0.972534
-0.549438,-0.041504,0.732666
0.247314,-0.048950,1.046387
-0.060913,-0.354004,0.790039
-0.442261,0.208740,0.880493
0.428711,-0.331787,0.988037
-0.512329,-0.098633,0.730469
0.152832,0.010742,1.037598
0.021118,-0.385376,0.820923
-0.481445,0.179321,0.866089
0.442749,-0.282715,1.009155
-0.468994,-0.137329,0.720825
0.066406,0.082886,1.020874
0.121338,-0.423950,0.839722
-0.546509,0.150757,0.822632
0.430664,-0.229248,1.023071
-0.378906,-0.194824,0.737793
0.026245,0.107788,1.034058
0.173950,-0.414551,0.862793
-0.572754,0.105469,0.799683
0.445312,-0.246704,1.020752
-0.317627,-0.249878,0.720337
-0.057495,0.142090,1.002197
0.248779,-0.395874,0.893799
-0.578491,0.089111,0.792358
0.435303,-0.236328,1.029907
-0.258301,-0.325317,0.716309
-0.131104,0.147949,0.983521
0.283936,-0.363403,0.908569
-0.576050,0.055298,0.769165
0.413208,-0.198120,1.056030
-0.213379,-0.362305,0.705933
-0.181274,0.147583,0.970825
0.306030,-0.342163,0.917969
-0.581055,0.014404,0.759888
0.403931,-0.218384,1.045776
-0.159668,-0.364624,0.748291
-0.285034,0.171265,0.921753
0.344482,-0.338257,0.940674
-0.568481,-0.028687,0.723633
0.343750,-0.143677,1.064575
-0.123535,-0.372314,0.780640
-0.330688,0.163940,0.918457
0.383301,-0.332520,0.958618
-0.546875,0.000977,0.737793
0.277710,-0.093628,1.041382
-0.066528,-0.378906,0.805298
-0.365356,0.153809,0.905396
0.401855,-0.300537,0.987549
-0.529663,-0.021240,0.721680
0.230713,-0.033447,1.042603
-0.017456,-0.365601,0.824341
-0.404663,0.171631,0.906982
0.433838,-0.312744,1.004150
-0.531738,-0.038086,0.724609
0.159668,0.040649,1.041138
0.034180,-0.378174,0.831299
-0.446411,0.147827,0.880737
0.451416,-0.322388,1.010742
-0.489990,-0.093628,0.744385
0.092651,0.097168,1.023193
0.091675,-0.407227,0.838257
-0.488647,0.135742,0.852173
0.473267,-0.260986,1.052734
-0.422485,-0.138550,0.755615
0.040161,0.119995,1.033447
0.157715,-0.429443,0.849976
-0.525391,0.090210,0.807983
0.462036,-0.229736,1.053223
-0.356567,-0.207397,0.761230
-0.023560,0.110840,1.011353
0.241211,-0.437866,0.885986
-0.544678,0.072998,0.796387
0.430908,-0.184692,1.054443
-0.270630,-0.287842,0.742310
-0.095703,0.135376,0.996460
0.291870,-0.397827,0.909912
-0.557251,0.033691,0.788940
0.427246,-0.194580,1.060913
-0.197144,-0.355835,0.729126
-0.198730,0.175171,0.971436
0.348022,-0.369751,0.934326
-0.561646,0.012939,0.770508
0.404419,-0.161865,1.077271
-0.145508,-0.349121,0.759766
-0.294312,0.194458,0.943115
0.383057,-0.341309,0.970215
-0.544678,-0.043823,0.757324
0.328735,-0.119141,1.066895
-0.098511,-0.355225,0.784546
-0.341553,0.191284,0.925171
0.428223,-0.326050,1.001953
-0.541992,-0.065796,0.734131
0.235352,-0.054565,1.062134
0.001953,-0.404785,0.821411
-0.420410,0.110962,0.890259
0.522583,-0.247925,1.097290
-0.493408,-0.094360,0.736450
0.070679,0.100342,1.081177
0.082764,-0.415649,0.839722
-0.480957,0.067017,0.854126
0.530884,-0.246216,1.118652
-0.215088,-0.301270,0.817505
0.005615,0.159180,1.062012
0.294800,-0.369995,0.928345
-0.489746,0.041138,0.825684
0.511963,-0.252686,1.117798
-0.139038,-0.401978,0.801514
-0.066406,0.147705,1.051880
0.343506,-0.313354,0.968506
-0.498291,0.018677,0.800415
0.490234,-0.188843,1.133545
-0.090332,-0.378296,0.813843
-0.163940,0.157471,1.031250
0.402466,-0.333496,1.009521
-0.510864,0.017578,0.798706
0.435181,-0.134033,1.141968
-0.037598,-0.364258,0.851929
-0.237671,0.177246,1.013306
0.450073,-0.310669,1.040649
-0.492554,-0.035645,0.786987
0.355591,-0.065674,1.138794
0.026245,-0.375488,0.885864
-0.290405,0.178833,0.982788
0.492798,-0.294067,1.084717
-0.459351,-0.100098,0.778076
0.271118,-0.013672,1.116089
0.103638,-0.415649,0.885742
-0.357300,0.159302,0.950684
0.523926,-0.269043,1.110840
-0.388550,-0.161377,0.785889
0.190430,0.074219,1.117554
0.150269,-0.380249,0.909912
-0.381226,0.096069,0.913574
0.533691,-0.261841,1.121948
-0.348389,-0.192383,0.804810
0.116699,0.098389,1.100464
0.216553,-0.411377,0.907104
-0.417847,0.073486,0.886841
0.554321,-0.243286,1.124023
-0.289307,-0.234253,0.822998
0.025146,0.142456,1.062866
0.286377,-0.388916,0.944214
-0.452759,0.042114,0.846313
0.534424,-0.213257,1.147705
-0.181030,-0.314087,0.835571
-0.025513,0.135132,1.057739
0.339844,-0.368774,0.965576
-0.485718,0.045044,0.825317
0.498901,-0.215820,1.134155
-0.108398,-0.358032,0.836426
-0.095093,0.148193,1.044556
0.384277,-0.328369,1.000000
-0.490112,-0.006226,0.805664
0.453125,-0.150757,1.144531
-0.063354,-0.373779,0.833862
-0.168579,0.182861,1.036987
0.434814,-0.313110,1.042114
-0.480957,-0.040283,0.804077
0.396606,-0.095093,1.146240
-0.008545,-0.365845,0.858643
-0.246582,0.181641,1.000366
0.482788,-0.281616,1.080811
-0.446167,-0.096802,0.790771
0.310669,-0.013672,1.139526
0.081909,-0.382690,0.901611
-0.336182,0.129639,0.945190
0.512329,-0.258911,1.121704
-0.389526,-0.187378,0.776245
0.231445,0.078613,1.146973
0.163330,-0.404175,0.915405
-0.407104,0.136841,0.930054
0.528076,-0.280640,1.112915
-0.333008,-0.232910,0.804199
0.150757,0.096069,1.120850
0.227295,-0.399658,0.919312
-0.431396,0.130981,0.894165
0.560181,-0.235962,1.124512
-0.284668,-0.219849,0.824951
0.032959,0.122559,1.072998
0.307007,-0.419556,0.952881
-0.441650,0.025269,0.849854
0.535767,-0.180176,1.163818
-0.185791,-0.281006,0.817749
-0.041748,0.176758,1.069458
0.339233,-0.387207,0.960938
-0.452515,-0.014038,0.839111
0.523438,-0.190796,1.156128
-0.113281,-0.338501,0.829712
-0.097168,0.174683,1.051758
0.396362,-0.351807,0.994873
-0.470703,-0.013550,0.822998
0.480591,-0.171387,1.146240
-0.071533,-0.346558,0.852661
-0.152832,0.187866,1.051147
0.426392,-0.322754,1.020508
-0.486816,-0.013306,0.804810
0.456665,-0.126953,1.166748
-0.017578,-0.296143,0.898804
-0.230225,0.195312,1.024048
0.463989,-0.307495,1.065308
-0.475098,-0.063599,0.795410
0.382202,-0.082642,1.159790
0.044678,-0.360474,0.890503
-0.278687,0.193481,1.000122
0.504150,-0.275757,1.097412
-0.422607,-0.105103,0.795288
0.279297,-0.028442,1.123169
0.127686,-0.416016,0.918213
-0.336182,0.143311,0.950195
0.525391,-0.256836,1.109985
-0.355225,-0.161865,0.812622
0.181519,0.068604,1.118530
0.213013,-0.420654,0.941406
-0.385498,0.106812,0.913208
0.537842,-0.220825,1.130249
-0.312378,-0.192749,0.819824
0.093384,0.103271,1.097290
0.296265,-0.408081,0.975464
-0.432007,0.081543,0.881836
0.532959,-0.173340,1.150635
-0.242554,-0.239624,0.831543
-0.007324,0.125732,1.058350
0.360474,-0.411865,0.994141
-0.464355,0.005249,0.832397
0.527954,-0.138184,1.172607
-0.095337,-0.314453,0.841797
-0.112671,0.196899,1.050659
0.421265,-0.384399,1.010864
-0.459229,-0.068604,0.811035
0.483154,-0.135742,1.176025
-0.048340,-0.287476,0.870117
-0.199097,0.221069,1.034546
0.471313,-0.318848,1.064331
-0.453857,-0.120605,0.802856
0.404663,-0.070068,1.177490
0.029053,-0.322754,0.896729
-0.287476,0.212891,1.003906
0.503784,-0.277344,1.096069
-0.400146,-0.165649,0.808594
0.303711,-0.026245,1.156494
0.127808,-0.378052,0.912598
-0.345337,0.179810,0.947144
0.525391,-0.244263,1.106934
-0.341431,-0.210205,0.812500
0.185913,0.025635,1.120361
0.244385,-0.409424,0.961060
-0.414429,0.131592,0.896484
0.533569,-0.183594,1.140259
-0.264282,-0.234375,0.816895
0.057129,0.128784,1.101685
0.331665,-0.427612,0.976562
-0.447998,0.066406,0.875732
0.536987,-0.160400,1.166748
-0.142456,-0.258545,0.851440
-0.072876,0.193726,1.087402
0.393677,-0.373535,1.008789
-0.455933,-0.036743,0.824097
0.496948,-0.128052,1.179077
-0.055786,-0.328369,0.853760
-0.162720,0.215332,1.053345
0.450317,-0.313599,1.051392
-0.456909,-0.067871,0.812866
0.411499,-0.089233,1.167236
0.018433,-0.339600,0.891357
-0.249634,0.212280,1.032959
0.504028,-0.276123,1.098999
-0.418579,-0.105225,0.795532
0.305420,-0.006348,1.161987
0.142700,-0.399658,0.931519
-0.348267,0.159546,0.964844
0.534790,-0.266357,1.118408
-0.339722,-0.172119,0.811035
0.172974,0.112671,1.132568
0.247559,-0.401978,0.942871
-0.412354,0.086548,0.894897
0.548828,-0.233521,1.131104
-0.260620,-0.260132,0.828125
0.050293,0.163940,1.104004
0.333862,-0.376953,0.977173
-0.450928,0.039673,0.850830
0.538086,-0.192871,1.165894
-0.115845,-0.333984,0.859863
-0.064087,0.181030,1.079346
0.387939,-0.359009,1.007812
-0.454590,-0.015381,0.835449
0.500854,-0.125977,1.182129
-0.058228,-0.336304,0.868774
-0.160522,0.208008,1.064209
0.456421,-0.332886,1.060913
-0.436035,-0.082031,0.825684
0.426880,-0.042969,1.186768
-0.008423,-0.317383,0.870728
-0.232544,0.225952,1.035034
0.504150,-0.293457,1.093872
-0.425171,-0.137695,0.801270
0.354126,-0.043335,1.173462
0.085327,-0.332275,0.916748
-0.301147,0.204956,0.987061
0.541992,-0.260498,1.125854
-0.370239,-0.189453,0.815430
0.219727,0.028076,1.123047
0.201904,-0.429321,0.942871
-0.370728,0.133789,0.916626
0.540283,-0.218628,1.137207
-0.289551,-0.221313,0.819214
0.100708,0.113281,1.099365
0.308594,-0.408691,0.983398
-0.434326,0.053711,0.873047
0.537842,-0.163574,1.164429
-0.186523,-0.275879,0.846313
0.005249,0.167480,1.087402
0.364380,-0.377686,0.991943
-0.458130,-0.004517,0.838013
0.530273,-0.168823,1.177368
-0.057129,-0.314575,0.873535
-0.106567,0.209595,1.079102
0.413330,-0.324463,1.030029
-0.446167,-0.080322,0.818848
0.461304,-0.134766,1.173096
-0.032471,-0.336304,0.878784
-0.190552,0.215942,1.054321
0.479248,-0.288818,1.070679
-0.441528,-0.062378,0.816406
0.370361,-0.084839,1.150391
0.079346,-0.387085,0.918091
-0.282349,0.173462,1.002808
0.512085,-0.250244,1.121948
-0.382568,-0.132324,0.813232
0.264404,0.047607,1.159302
0.189941,-0.424438,0.929199
-0.354492,0.116577,0.946289
0.534424,-0.244019,1.137207
-0.311523,-0.210083,0.824951
0.155273,0.135254,1.138306
0.258911,-0.420776,0.953735
-0.420166,0.068237,0.899658
0.553345,-0.231934,1.157227
-0.270386,-0.273560,0.820068
0.076782,0.161743,1.128418
0.336914,-0.398560,0.985962
-0.446411,0.043823,0.864624
0.541748,-0.216431,1.152466
-0.171143,-0.287720,0.857666
-0.021851,0.189331,1.096680
0.385254,-0.368896,1.007568
-0.443237,-0.007935,0.851074
0.520020,-0.159668,1.176758
-0.071655,-0.350098,0.849976
-0.084839,0.169189,1.059204
0.425903,-0.324585,1.040894
-0.462524,-0.024658,0.824341
0.477051,-0.109497,1.181396
-0.024170,-0.364868,0.875854
-0.157837,0.182007,1.062012
0.465698,-0.324951,1.057495
-0.466919,-0.020996,0.814819
0.428833,-0.079712,1.175781
-0.229858,0.189819,1.036499
0.514160,-0.304077,1.109131
-0.428833,-0.054810,0.810059
0.350342,0.012451,1.164917
0.086548,-0.375610,0.924683
-0.289307,0.183716,1.016724
0.531860,-0.299927,1.107300
-0.398071,-0.124512,0.808472
0.316040,0.020874,1.160156
0.132568,-0.362427,0.929443
-0.333130,0.165039,0.965088
0.538940,-0.264282,1.128174
-0.353149,-0.199219,0.819702
0.237305,0.042480,1.156006
0.213867,-0.421143,0.952271
-0.381836,0.150024,0.917358
0.556396,-0.235352,1.141724
-0.305298,-0.196899,0.816040
0.158447,0.094604,1.113159
0.283081,-0.443726,0.961914
-0.404297,0.115723,0.919067
0.531250,-0.181641,1.157227
-0.265137,-0.239136,0.831787
0.092529,0.110718,1.119629
0.333740,-0.435059,0.976929
-0.439575,0.100220,0.878540
0.542358,-0.152222,1.165527
-0.202759,-0.227661,0.862061
0.006958,0.151367,1.091675
0.364746,-0.410767,1.004150
-0.432983,0.023193,0.865967
0.526733,-0.120361,1.176758
-0.121460,-0.271973,0.861572
-0.070801,0.194214,1.083252
0.420288,-0.392334,1.017456
-0.435913,-0.036011,0.850464
0.504272,-0.112915,1.182861
-0.033203,-0.307983,0.882812
-0.144775,0.210327,1.057251
0.453369,-0.356445,1.041016
-0.437866,-0.083252,0.834717
0.461426,-0.108154,1.185181
0.009644,-0.296021,0.901123
-0.229126,0.257812,1.041016
0.490723,-0.270386,1.088989
-0.425781,-0.120239,0.814697
0.381714,-0.084473,1.167114
0.077148,-0.372314,0.921753
-0.292603,0.215942,0.997437
0.525635,-0.249634,1.118774
-0.372559,-0.155884,0.810547
0.281006,-0.004639,1.151733
0.173462,-0.427124,0.935669
-0.341064,0.152832,0.944946
0.548096,-0.230835,1.127930
-0.310791,-0.191162,0.825806
0.163940,0.085693,1.117554
0.271973,-0.427368,0.965210
-0.419800,0.103516,0.909912
0.553711,-0.208008,1.149414
-0.250488,-0.219238,0.844116
0.059448,0.161377,1.104614
0.352295,-0.402710,0.996826
-0.442017,0.040771,0.864746
0.535889,-0.176147,1.167603
-0.153809,-0.264771,0.864258
-0.027588,0.192627,1.092773
0.393188,-0.349976,1.026001
-0.452026,-0.005859,0.848511
0.514648,-0.165771,1.169678
-0.025024,-0.347778,0.882935
-0.117432,0.183105,1.056763
0.455322,-0.324707,1.048950
-0.458008,-0.028687,0.829224
0.445679,-0.099854,1.177856
-0.010010,-0.353882,0.887817
-0.203247,0.181152,1.044189
0.520142,-0.299561,1.116699
-0.437378,-0.069458,0.815796
0.358154,0.014648,1.184204
0.075073,-0.362793,0.912598
-0.276123,0.166626,1.009399
0.550415,-0.297729,1.130493
-0.394531,-0.149780,0.819824
0.273682,0.039307,1.153320
0.164917,-0.366577,0.929932
-0.337280,0.146851,0.939575
0.557129,-0.257324,1.133667
-0.317749,-0.195068,0.843994
0.185547,0.075195,1.130005
0.256836,-0.411011,0.953125
-0.400513,0.111450,0.898926
0.561890,-0.219971,1.144897
-0.255127,-0.226074,0.851440
0.072021,0.129639,1.099609
0.350952,-0.399170,1.007446
-0.447754,0.067627,0.867554
0.528442,-0.163208,1.155273
-0.155273,-0.272827,0.866455
-0.025513,0.181030,1.096069
0.401001,-0.372314,1.023071
-0.452515,-0.003296,0.839233
0.498169,-0.113403,1.177490
-0.019653,-0.337646,0.878906
-0.134888,0.215210,1.067505
0.443848,-0.323975,1.059692
-0.437988,-0.066284,0.828369
0.459106,-0.088013,1.185425
0.002441,-0.324463,0.885254
-0.226807,0.222412,1.032715
0.508545,-0.287842,1.108398
-0.418335,-0.134521,0.805908
0.357910,-0.029907,1.168823
0.100830,-0.366089,0.928345
-0.294434,0.193604,0.982178
0.550903,-0.257080,1.137695
-0.341064,-0.168457,0.825684
0.233887,0.041870,1.134888
0.220215,-0.423706,0.947388
-0.381104,0.132446,0.915527
0.548706,-0.221802,1.140503
-0.282837,-0.190796,0.846069
0.141968,0.100098,1.126099
0.309937,-0.418701,0.982178
-0.435181,0.116455,0.892700
0.537476,-0.172363,1.141113
-0.219482,-0.218872,0.853271
0.031128,0.155029,1.105103
0.367310,-0.390625,1.011841
-0.443359,0.027832,0.854248
0.518066,-0.117188,1.172729
-0.087402,-0.294434,0.875122
-0.081909,0.208130,1.082275
0.420044,-0.366577,1.037109
-0.445312,-0.048706,0.842896
0.485352,-0.116577,1.181030
-0.002808,-0.330444,0.881470
-0.172852,0.234009,1.061523
0.473022,-0.302734,1.068970
-0.444702,-0.071655,0.825562
0.409058,-0.089600,1.166992
0.053955,-0.356445,0.909058
-0.250610,0.203247,1.021484
0.514771,-0.250610,1.116089
-0.397461,-0.124390,0.821655
0.301270,-0.011108,1.147949
0.163330,-0.403564,0.935059
-0.319702,0.155151,0.958862
0.549805,-0.233154,1.140747
-0.344360,-0.173462,0.825439
0.165649,0.075195,1.115723
0.268799,-0.422974,0.974243
-0.386963,0.089600,0.907104
0.557251,-0.186523,1.165161
-0.255737,-0.225464,0.837158
0.061890,0.154053,1.100586
0.346436,-0.387695,1.006714
-0.433960,0.028564,0.866089
0.529419,-0.161011,1.174072
-0.139526,-0.270874,0.864990
-0.049927,0.222046,1.102661
0.406494,-0.361206,1.007812
-0.439697,-0.013062,0.852783
0.489258,-0.156616,1.166382
-0.035034,-0.352173,0.871216
-0.122437,0.182861,1.060547
0.460938,-0.307983,1.057739
-0.463379,-0.014526,0.818604
0.416870,-0.077881,1.160522
0.042969,-0.359863,0.903687
-0.231567,0.210938,1.043701
0.511841,-0.273804,1.113159
-0.415161,-0.103760,0.817017
0.328247,-0.009521,1.164062
0.134521,-0.401733,0.919556
-0.305176,0.169922,0.973267
0.546997,-0.265015,1.136230
-0.345703,-0.158691,0.832397
0.207275,0.054443,1.134399
0.243164,-0.423462,0.955444
-0.392578,0.121948,0.916138
0.547241,-0.217651,1.142090
-0.260498,-0.199707,0.857788
0.083008,0.131836,1.100464
0.326416,-0.402466,0.994141
-0.426392,0.060791,0.867554
0.537842,-0.149536,1.166504
-0.168701,-0.257202,0.857544
-0.016357,0.168701,1.082031
0.388916,-0.364380,1.012207
-0.442383,-0.015503,0.843506
0.504028,-0.131714,1.172974
-0.038940,-0.350220,0.885986
-0.116333,0.192627,1.070923
0.444336,-0.323853,1.059326
-0.442871,-0.035278,0.833008
0.443115,-0.071655,1.179932
0.006958,-0.335571,0.890747
-0.209106,0.191040,1.034546
0.495850,-0.282471,1.108276
-0.437988,-0.086426,0.812622
0.364502,-0.013672,1.171265
0.110596,-0.347046,0.929199
-0.299072,0.204102,1.003418
0.526245,-0.252441,1.124268
-0.368652,-0.185669,0.808228
0.255005,0.043335,1.163330
0.209351,-0.416870,0.938843
-0.368774,0.145264,0.927979
0.545532,-0.238647,1.134155
-0.290527,-0.213501,0.832153
0.115356,0.113037,1.119385
0.315674,-0.415039,0.982788
-0.428833,0.085571,0.885010
0.540771,-0.171143,1.157959
-0.186279,-0.260132,0.861816
-0.013428,0.171021,1.085449
0.385620,-0.363647,1.016846
-0.449829,-0.003662,0.848267
0.507935,-0.142700,1.186523
-0.039062,-0.371216,0.869751
-0.098145,0.165283,1.057617
0.417969,-0.300537,1.045288
-0.454956,-0.034424,0.812500
0.458374,-0.090942,1.194702
0.013184,-0.375732,0.895996
-0.216553,0.219482,1.053345
0.498779,-0.321655,1.090576
-0.430054,-0.055664,0.820679
0.364014,-0.015747,1.164917
0.073730,-0.354614,0.916138
-0.279053,0.168091,1.000488
0.545898,-0.267822,1.138916
-0.370117,-0.157593,0.822388
0.256958,0.076416,1.157959
0.177612,-0.394775,0.925049
-0.352661,0.127930,0.926025
0.573730,-0.278442,1.137939
-0.325562,-0.201660,0.819824
0.151611,0.119141,1.131226
0.280396,-0.416992,0.954834
-0.413452,0.103882,0.891479
0.554321,-0.214111,1.154663
-0.244263,-0.257324,0.846191
0.054443,0.119263,1.095337
0.335815,-0.388794,0.994751
-0.436523,0.063232,0.862427
0.538086,-0.145142,1.160889
-0.125977,-0.296387,0.871338
-0.045776,0.178589,1.090332
0.396729,-0.384155,1.023926
-0.463013,0.001221,0.845215
0.502686,-0.114380,1.176270
-0.041870,-0.345947,0.863647
-0.116333,0.216064,1.088867
0.443115,-0.332886,1.048218
-0.460693,-0.035156,0.836426
0.452637,-0.098389,1.183594
-0.022217,-0.356323,0.866577
-0.171387,0.197510,1.064087
0.494019,-0.306519,1.088745
-0.474731,-0.040283,0.802002
0.379395,-0.066528,1.152954
0.058838,-0.386108,0.911133
-0.247070,0.174194,1.031372
0.533447,-0.264526,1.136963
-0.439697,-0.082397,0.791748
0.306396,0.017212,1.150391
0.123901,-0.414429,0.916626
-0.311646,0.122681,0.976929
0.565796,-0.248901,1.171265
-0.395752,-0.157104,0.799072
0.217529,0.085205,1.143188
0.207397,-0.421021,0.954834
-0.364380,0.101440,0.941284
0.561035,-0.247803,1.164429
-0.340332,-0.183350,0.821899
0.145264,0.145386,1.129639
0.288696,-0.421509,0.967163
-0.431885,0.098511,0.895752
0.556152,-0.242554,1.153320
-0.267456,-0.239746,0.838135
0.088257,0.142456,1.104004
0.290039,-0.339722,0.970215
-0.437500,0.105347,0.897705
0.574951,-0.247437,1.165405
-0.219360,-0.290527,0.849854
0.009399,0.152832,1.092529
0.335449,-0.368408,0.984619
-0.441162,0.036499,0.859009
0.563477,-0.198120,1.171753
-0.116455,-0.314575,0.886108
-0.040405,0.175171,1.088257
0.357422,-0.354980,0.995117
-0.457397,0.011597,0.841064
0.545044,-0.185059,1.187744
-0.061523,-0.327026,0.885132
-0.098267,0.184937,1.075806
0.403564,-0.352661,1.010620
-0.471802,-0.005127,0.835571
0.489624,-0.150146,1.169189
-0.030396,-0.333496,0.885254
-0.156494,0.210449,1.071899
0.454834,-0.309937,1.056885
-0.471313,-0.022339,0.810303
0.432007,-0.089478,1.174561
0.000122,-0.358643,0.880737
-0.205688,0.204346,1.050293
0.503784,-0.291626,1.103638
-0.442993,-0.085205,0.812622
0.362549,-0.033813,1.156860
0.064087,-0.365967,0.892822
-0.277100,0.159912,0.991211
0.534058,-0.265381,1.121826
-0.394165,-0.148438,0.821899
0.271362,0.013184,1.144775
0.157104,-0.391479,0.919067
-0.345581,0.140625,0.922485
0.539062,-0.225098,1.128174
-0.328369,-0.207886,0.814575
0.183716,0.074829,1.125000
0.242432,-0.421631,0.943970
-0.417358,0.126343,0.912598
0.544189,-0.213501,1.141357
-0.265259,-0.234009,0.831421
0.085571,0.151001,1.128662
0.304321,-0.403076,0.970825
-0.445190,0.068970,0.871948
0.559814,-0.231445,1.145264
-0.167236,-0.276367,0.865723
-0.027710,0.221558,1.096436
0.348511,-0.375977,0.976929
-0.445312,-0.009521,0.850586
0.531006,-0.200073,1.152222
-0.084351,-0.328003,0.868530
-0.093628,0.207275,1.081543
0.400146,-0.351440,1.013794
-0.462524,-0.043335,0.821045
0.495972,-0.134033,1.175781
-0.050049,-0.333008,0.853149
-0.153076,0.214233,1.068359
0.444946,-0.332031,1.040161
-0.459717,-0.066528,0.820435
0.432251,-0.105713,1.180664
-0.008545,-0.351807,0.885132
-0.221069,0.211426,1.041870
0.483398,-0.294434,1.079346
-0.455933,-0.081055,0.801270
0.378052,-0.059204,1.169312
0.073364,-0.388428,0.889526
-0.296021,0.193481,0.996704
0.522461,-0.270874,1.105835
-0.400391,-0.142700,0.795898
0.284912,-0.015991,1.146606
0.139648,-0.406372,0.914429
-0.329590,0.138672,0.947510
0.549316,-0.243774,1.129272
-0.339478,-0.171387,0.822876
0.160767,0.095703,1.117798
0.218384,-0.403687,0.934814
-0.392456,0.083374,0.900146
0.556641,-0.234985,1.153320
-0.293213,-0.193237,0.824463
0.069824,0.176514,1.109619
0.305786,-0.388184,0.966431
-0.453369,0.025757,0.854126
0.532349,-0.227295,1.154785
-0.167114,-0.294434,0.850464
-0.006958,0.214722,1.111816
0.344604,-0.347534,0.971436
-0.490112,0.047241,0.843140
0.515381,-0.241577,1.130981
-0.064697,-0.404053,0.867188
-0.052979,0.166992,1.088257
0.365723,-0.333008,0.989136
-0.508545,0.024292,0.813599
0.502930,-0.183716,1.158447
-0.039551,-0.386475,0.871826
-0.133423,0.191162,1.080078
0.410522,-0.326172,1.020874
-0.503418,0.005371,0.822266
0.472656,-0.137329,1.173828
-0.028931,-0.368286,0.869751
-0.217773,0.211548,1.060059
0.463745,-0.335327,1.057251
-0.466797,-0.042725,0.821167
0.407349,-0.059204,1.171387
0.002563,-0.342651,0.870361
-0.249023,0.200806,1.024536
0.496948,-0.316040,1.085327
-0.461670,-0.081421,0.799927
0.358154,-0.046265,1.159546
0.047607,-0.336548,0.886108
-0.276855,0.172729,0.993530
0.522095,-0.279663,1.111206
-0.423340,-0.142456,0.798706
0.283813,-0.021118,1.134521
0.105591,-0.377319,0.899048
-0.324585,0.155151,0.943237
0.542847,-0.251587,1.125244
-0.385376,-0.173096,0.786865
0.194580,0.037842,1.117065
0.193359,-0.413330,0.931396
-0.387695,0.131104,0.915161
0.537354,-0.231689,1.133057
-0.322021,-0.223755,0.816406
0.123535,0.061401,1.089722
0.254395,-0.386963,0.958374
-0.421631,0.122314,0.890747
0.547363,-0.213257,1.136719
-0.261597,-0.236206,0.827271
0.014893,0.102051,1.066284
0.312134,-0.392700,0.978516
-0.434692,0.020874,0.856934
0.537109,-0.185425,1.155029
-0.154175,-0.265625,0.845215
-0.072510,0.171387,1.051514
0.379761,-0.380249,0.992065
-0.445190,-0.029663,0.835571
0.497070,-0.154297,1.156494
-0.083618,-0.306274,0.838501
-0.146729,0.199951,1.043091
0.424316,-0.322021,1.025513
-0.466187,-0.059692,0.811035
0.438354,-0.126221,1.156738
-0.038818,-0.341675,0.866577
-0.231812,0.202393,1.014893
0.474121,-0.302856,1.055298
-0.454102,-0.056030,0.805908
0.347290,-0.066162,1.138794
0.066528,-0.380249,0.900146
-0.316284,0.178101,0.972412
0.494141,-0.262939,1.085815
-0.404663,-0.111938,0.795166
0.249634,-0.003296,1.123413
0.169678,-0.421753,0.912109
-0.395386,0.142334,0.933960
0.521118,-0.238159,1.107788
-0.337769,-0.181641,0.808594
0.135254,0.094482,1.102417
0.246338,-0.405762,0.946777
-0.440063,0.089111,0.888428
0.528564,-0.211792,1.135376
-0.253418,-0.275391,0.805176
0.029663,0.160767,1.084473
0.289185,-0.370605,0.959839
-0.462769,0.020630,0.848999
0.520264,-0.212769,1.146362
-0.169678,-0.342285,0.811401
-0.036011,0.173096,1.074463
0.336060,-0.348511,0.969971
-0.484619,-0.005005,0.815674
0.439453,-0.120850,1.167358
-0.113159,-0.341675,0.832520
-0.197876,0.191895,1.048218
0.486694,-0.264038,1.100708
-0.453369,-0.046875,0.802979
0.382690,-0.054932,1.161377
0.102661,-0.419922,0.922607
-0.261108,0.181274,1.033081
0.515991,-0.268311,1.124756
-0.419312,-0.058472,0.819580
0.306519,0.009888,1.143188
0.169434,-0.415527,0.943115
-0.310913,0.122803,0.976318
0.552246,-0.268799,1.148193
-0.367432,-0.120728,0.826538
0.223145,0.102539,1.134155
0.214355,-0.406860,0.958862
-0.353760,0.082031,0.931519
0.572388,-0.255615,1.165527
-0.337402,-0.167969,0.834717
0.146973,0.155151,1.134644
0.281616,-0.444946,0.971191
-0.408325,0.094971,0.924927
0.568970,-0.242554,1.169556
-0.283936,-0.238403,0.835449
0.086548,0.180298,1.124023
0.306763,-0.394531,0.971313
-0.424194,0.071655,0.892822
0.561768,-0.212524,1.173218
-0.216431,-0.263916,0.854980
0.034790,0.199707,1.111816
0.345703,-0.391113,0.983398
-0.440063,0.026245,0.854736
0.536377,-0.163696,1.181396
-0.128052,-0.303345,0.865601
-0.020630,0.212646,1.112061
0.376709,-0.378296,0.985229
-0.465942,0.017456,0.850098
0.531616,-0.182861,1.166748
-0.047119,-0.348511,0.884399
-0.076294,0.200439,1.075073
0.395874,-0.324341,1.009644
-0.476074,-0.003540,0.825928
0.498657,-0.199585,1.159912
-0.028687,-0.403931,0.873779
-0.119019,0.190063,1.089111
0.431519,-0.267456,1.053711
-0.483154,0.001709,0.805176
0.447632,-0.109497,1.169556
0.031738,-0.395142,0.899780
-0.199463,0.179688,1.063599
0.486328,-0.292480,1.094604
-0.484131,-0.009766,0.805786
0.395386,-0.070801,1.158325
0.078125,-0.412354,0.927979
-0.260132,0.194580,1.046509
0.502319,-0.251831,1.130981
-0.441895,-0.086914,0.799805
0.347778,-0.039917,1.163574
0.097046,-0.408569,0.918701
-0.300293,0.163696,0.993042
0.541626,-0.263184,1.139771
-0.394775,-0.136108,0.815063
0.266357,0.032349,1.145142
0.137451,-0.397461,0.924072
-0.309082,0.143555,0.968994
0.571167,-0.292969,1.142334
-0.393677,-0.119141,0.817017
0.224487,0.072754,1.135376
0.198486,-0.428833,0.932495
-0.342529,0.101562,0.949951
0.566284,-0.254395,1.143555
-0.364014,-0.147949,0.810791
0.170410,0.097046,1.121338
0.255493,-0.437012,0.962769
-0.396851,0.111938,0.925537
0.559814,-0.223511,1.150269
-0.316162,-0.175903,0.817993
0.108398,0.130249,1.115234
0.287598,-0.409912,0.977539
-0.424927,0.076050,0.903931
0.559082,-0.186035,1.185059
-0.224609,-0.273804,0.842407
0.031250,0.152100,1.075195
0.326416,-0.382568,0.978516
-0.447266,0.046509,0.858521
0.541138,-0.197388,1.169312
-0.130249,-0.312866,0.862671
-0.010254,0.187988,1.099731
0.347656,-0.351562,0.978516
-0.489380,0.025757,0.827759
0.531860,-0.218506,1.145508
-0.056519,-0.379761,0.850220
-0.070435,0.211548,1.092773
0.379639,-0.304077,1.003784
-0.478271,0.040161,0.831421
0.484497,-0.164062,1.159180
-0.047974,-0.394653,0.871826
-0.111572,0.164062,1.089966
0.418701,-0.308838,1.037231
-0.506348,0.034180,0.805298
0.465210,-0.130249,1.166016
-0.012207,-0.373657,0.868652
-0.168945,0.178955,1.057739
0.453369,-0.310791,1.054688
-0.503906,0.016724,0.809814
0.420288,-0.087158,1.164673
0.032593,-0.361938,0.904297
-0.237549,0.167236,1.039795
0.496216,-0.291626,1.109375
-0.478516,-0.046387,0.799561
0.347046,-0.025635,1.166748
0.092773,-0.395020,0.897949
-0.289307,0.162720,0.994995
0.507080,-0.246460,1.122681
-0.420654,-0.112915,0.794800
0.286865,-0.004272,1.148071
0.147827,-0.417969,0.925049
-0.347046,0.159912,0.950684
0.524292,-0.253052,1.116577
-0.371826,-0.156250,0.813965
0.209961,0.042847,1.125854
0.202148,-0.403687,0.938843
-0.378906,0.137939,0.929565
0.533936,-0.246582,1.111206
-0.342896,-0.196411,0.809570
0.153076,0.070435,1.104858
0.255859,-0.409912,0.952271
-0.421631,0.119019,0.904053
0.542725,-0.221558,1.135010
-0.302856,-0.232178,0.803955
0.090332,0.104370,1.098999
0.298462,-0.403931,0.959473
-0.454834,0.078979,0.871948
0.540527,-0.182129,1.149902
-0.219360,-0.271606,0.827271
0.005005,0.174194,1.095459
0.351685,-0.401978,0.971313
-0.467651,0.039917,0.848755
0.514648,-0.205566,1.130981
-0.124390,-0.318359,0.850952
-0.046997,0.167969,1.081665
0.370483,-0.345581,0.983887
-0.480103,0.024048,0.835083
0.496216,-0.144409,1.147583
-0.065430,-0.335815,0.840576
-0.137939,0.186523,1.060547
0.413452,-0.324219,1.019653
-0.485962,-0.021973,0.817017
0.442017,-0.121826,1.149536
-0.033203,-0.335693,0.869019
-0.212646,0.188721,1.028809
0.457642,-0.277832,1.074219
-0.461792,-0.083862,0.790649
0.379761,-0.073242,1.162598
0.030273,-0.399292,0.876587
-0.301392,0.177734,0.986206
0.505371,-0.278687,1.098877
-0.439575,-0.086182,0.808105
0.267944,-0.010986,1.127319
0.111206,-0.435425,0.901733
-0.336060,0.135254,0.956909
0.512329,-0.269775,1.102539
-0.381714,-0.138550,0.800171
0.193237,0.070068,1.122681
0.174561,-0.416992,0.922974
-0.382935,0.125977,0.934326
0.520020,-0.244751,1.112793
-0.356567,-0.177979,0.797852
0.139038,0.094849,1.109985
0.222412,-0.426392,0.930542
-0.445190,0.090698,0.897583
0.559570,-0.263306,1.131348
-0.317017,-0.227051,0.803833
0.041626,0.189941,1.095947
0.265259,-0.411743,0.927612
-0.436279,0.014404,0.862305
0.543823,-0.228027,1.145752
-0.239746,-0.258545,0.823853
-0.015991,0.212036,1.080811
0.297852,-0.387451,0.930420
-0.456177,0.007812,0.848022
0.534424,-0.250366,1.134399
-0.180420,-0.298096,0.826294
-0.048340,0.194580,1.057495
0.321167,-0.338745,0.947144
-0.466553,-0.005737,0.828125
0.522095,-0.222168,1.151978
-0.135864,-0.334473,0.820435
-0.078247,0.156494,1.052490
0.347656,-0.343628,0.968506
-0.503906,-0.007568,0.800537
0.495117,-0.201782,1.149170
-0.089600,-0.367310,0.826172
-0.150024,0.189819,1.039673
0.383789,-0.325562,0.995239
-0.516602,-0.017578,0.795776
0.457031,-0.182739,1.144775
-0.062622,-0.378418,0.836182
-0.203979,0.200684,1.015259
0.415527,-0.291626,1.024292
-0.522827,-0.027832,0.771118
0.410278,-0.116089,1.150391
-0.011353,-0.388062,0.861816
-0.258057,0.187378,1.004883
0.432983,-0.289795,1.038818
-0.487915,-0.058228,0.781372
0.350830,-0.093262,1.133545
0.020020,-0.374390,0.864868
-0.323608,0.178833,0.967285
0.476318,-0.282593,1.061768
-0.446777,-0.107544,0.775024
0.271484,-0.037720,1.106934
0.086182,-0.404663,0.886353
-0.366699,0.163330,0.917480
0.484131,-0.262817,1.074585
-0.418945,-0.150757,0.776855
0.208252,0.000366,1.097656
0.149780,-0.434937,0.892334
-0.418579,0.158325,0.917603
0.501221,-0.248291,1.082031
-0.389160,-0.151001,0.787964
0.131836,0.053467,1.069946
0.202148,-0.412598,0.920532
-0.450073,0.113770,0.873169
0.510132,-0.234131,1.093384
-0.349487,-0.175293,0.787964
0.066284,0.087280,1.056152
0.244019,-0.388794,0.921875
-0.480713,0.065308,0.842285
0.504883,-0.217896,1.100830
-0.241333,-0.249756,0.804443
-0.020386,0.123413,1.040771
0.284058,-0.369141,0.936035
-0.485596,0.003296,0.801147
0.494995,-0.196655,1.125732
-0.179688,-0.324219,0.793457
-0.078369,0.144409,1.027100
0.313721,-0.360474,0.934326
-0.510132,-0.003784,0.792603
0.479980,-0.195068,1.125977
-0.134766,-0.343384,0.794434
-0.163940,0.178589,1.018311
0.369141,-0.335815,0.970703
-0.532104,-0.029541,0.772095
0.430420,-0.157349,1.111694
-0.098145,-0.343384,0.808350
-0.238525,0.205933,0.994873
0.420776,-0.322876,1.010132
-0.529053,-0.035400,0.767212
0.347534,-0.118652,1.109375
-0.042236,-0.373291,0.836792
-0.280029,0.143677,0.959473
0.435669,-0.287964,1.045776
-0.513428,-0.046509,0.746460
0.302856,-0.065186,1.095947
0.036133,-0.386719,0.857056
-0.363892,0.169434,0.940186
0.459106,-0.276245,1.060791
-0.479736,-0.079346,0.753540
0.202515,-0.016357,1.075317
0.104004,-0.422241,0.877563
-0.420044,0.153564,0.920288
0.477539,-0.239990,1.068726
-0.433105,-0.130005,0.759033
0.118408,0.080200,1.058594
0.165771,-0.409058,0.890991
-0.458496,0.094482,0.870483
0.487305,-0.244507,1.086182
-0.391235,-0.171021,0.761719
0.053589,0.117798,1.054321
0.226196,-0.398193,0.908691
-0.497437,0.079712,0.848022
0.469727,-0.232910,1.078003
-0.288818,-0.260010,0.771362
-0.014404,0.133789,1.034302
0.257080,-0.384399,0.909912
-0.518188,0.037598,0.807861
0.477417,-0.218262,1.093140
-0.222534,-0.308960,0.764038
-0.073608,0.132812,1.009766
0.289429,-0.374146,0.916382
-0.539673,0.026855,0.783691
0.468262,-0.216309,1.100464
-0.177368,-0.361450,0.752197
-0.143677,0.162476,0.989624
0.324707,-0.367554,0.924927
-0.540771,0.010010,0.779297
0.453735,-0.217896,1.087402
-0.157471,-0.352905,0.770508
-0.197754,0.167236,0.983887
0.352661,-0.346069,0.952515
-0.550415,0.005249,0.758911
0.411377,-0.172363,1.097412
-0.131958,-0.379517,0.781860
-0.269531,0.189209,0.982788
0.388184,-0.357544,0.961670
-0.547729,-0.016846,0.766968
0.353760,-0.138672,1.073853
-0.099365,-0.357178,0.798462
-0.286621,0.146973,0.938721
0.405151,-0.303589,0.998535
-0.539917,-0.043457,0.744385
0.291992,-0.088623,1.068604
-0.041870,-0.391724,0.811523
-0.348755,0.148804,0.911621
0.413208,-0.283569,1.010132
-0.504761,-0.037476,0.743652
0.233887,-0.036987,1.052612
0.000977,-0.383911,0.830811
-0.402222,0.139038,0.898438
0.432983,-0.301514,1.016235
-0.494751,-0.071289,0.734741
0.173950,0.045532,1.065186
0.056030,-0.370850,0.862793
-0.438843,0.121826,0.875610
0.436890,-0.256958,1.039429
-0.466187,-0.125366,0.711060
0.125854,0.090332,1.058228
0.120728,-0.396240,0.868042
-0.495361,0.146118,0.864258
0.450195,-0.273438,1.033691
-0.433105,-0.131348,0.750488
0.058350,0.104004,1.037842
0.167236,-0.390137,0.870483
-0.515503,0.090820,0.825806
0.462891,-0.255981,1.053345
-0.353394,-0.214111,0.756104
-0.004272,0.139648,1.027710
0.190674,-0.392334,0.862549
-0.549805,0.074219,0.806763
0.461670,-0.276733,1.037720
-0.300537,-0.301880,0.744751
-0.043213,0.131470,1.015259
0.230713,-0.397827,0.884766
-0.566406,0.101318,0.780640
0.455811,-0.246216,1.046753
-0.250488,-0.321899,0.747559
-0.083496,0.103516,0.996948
0.260986,-0.400635,0.883057
-0.571899,0.104004,0.782837
0.436401,-0.183838,1.062012
-0.228760,-0.317505,0.752930
-0.141846,0.133301,0.987549
0.298340,-0.422607,0.897949
-0.581665,0.074951,0.771606
0.415283,-0.183838,1.049438
-0.203125,-0.336914,0.741699
-0.208252,0.154785,0.965454
0.333862,-0.359375,0.930176
-0.579834,0.022583,0.766602
0.384888,-0.182739,1.042236
-0.152100,-0.360840,0.751587
-0.291016,0.168945,0.925171
0.355103,-0.349365,0.955566
-0.571167,0.014771,0.755127
0.344849,-0.112305,1.067627
-0.123779,-0.374512,0.756836
-0.330933,0.181274,0.911743
0.363525,-0.370972,0.932617
-0.567383,-0.043457,0.738037
0.312012,-0.119263,1.043823
-0.084473,-0.354858,0.788330
-0.396240,0.202026,0.878052
0.396240,-0.326782,0.962646
-0.544312,-0.077393,0.716797
0.249268,-0.073730,1.046631
-0.048706,-0.377930,0.783447
-0.420410,0.198730,0.892700
0.418823,-0.303223,0.983154
-0.527954,-0.081055,0.717407
0.156250,0.003418,1.021851
0.023438,-0.401367,0.812012
-0.476318,0.170898,0.867310
0.429688,-0.274414,1.017578
-0.514893,-0.118042,0.704590
0.076782,0.049072,1.012695
0.094238,-0.416748,0.842041
-0.524658,0.166626,0.852661
0.430542,-0.249756,1.011353
-0.449341,-0.169678,0.715332
0.018555,0.093140,1.003174
0.167358,-0.436646,0.849976
-0.550781,0.124634,0.819702
0.429565,-0.208984,1.024292
-0.356079,-0.215576,0.722656
-0.077637,0.137695,0.984253
0.238525,-0.409912,0.894043
-0.578003,0.063843,0.773438
0.418945,-0.194580,1.044189
-0.275146,-0.290039,0.718506
-0.156982,0.164062,0.958252
0.289673,-0.398315,0.896973
-0.586426,0.060303,0.773193
0.392456,-0.163086,1.048950
-0.197021,-0.363403,0.713257
-0.237915,0.169922,0.938599
0.314941,-0.391479,0.902100
-0.594238,0.054565,0.759277
0.357544,-0.142700,1.048096
-0.152344,-0.376099,0.735718
-0.313232,0.186768,0.910767
0.354858,-0.359619,0.923950
-0.584229,-0.005737,0.714600
0.292480,-0.093628,1.037720
-0.100708,-0.354370,0.763672
-0.392212,0.199097,0.886841
0.384277,-0.342041,0.945923
-0.573608,-0.053345,0.702393
0.219116,-0.070801,1.008789
-0.028564,-0.394775,0.781982
-0.475220,0.234131,0.878906
0.412109,-0.267090,0.984253
-0.530640,-0.092896,0.713867
0.090332,0.034058,1.000854
0.064087,-0.447998,0.804932
-0.524536,0.158447,0.826782
0.426636,-0.234619,1.013916
-0.445435,-0.132324,0.724487
0.003906,0.116699,0.999878
0.147339,-0.427979,0.836670
-0.559570,0.122681,0.799072
0.423462,-0.190308,1.029907
-0.337280,-0.224731,0.713135
-0.074463,0.149414,0.981079
0.221436,-0.390015,0.868408
-0.600464,0.072876,0.765747
0.397583,-0.194580,1.022339
-0.229370,-0.332031,0.712769
-0.174316,0.160889,0.948120
0.290649,-0.358276,0.894897
-0.609131,0.072266,0.746094
0.348267,-0.156616,1.017090
-0.161865,-0.392700,0.711792
-0.258179,0.158813,0.917480
0.341064,-0.327515,0.927979
-0.601196,0.072632,0.744995
0.294067,-0.101562,1.016113
-0.087402,-0.409180,0.746582
-0.381226,0.175537,0.867065
0.369141,-0.327515,0.931152
-0.566040,-0.008057,0.698730
0.203003,-0.015137,1.006348
-0.022217,-0.380615,0.786011
-0.453613,0.200562,0.863770
0.388550,-0.264038,0.977905
-0.542480,-0.083740,0.703613
0.107056,0.035645,0.986816
0.050415,-0.395752,0.809814
-0.509155,0.207397,0.847534
0.419067,-0.229248,1.001221
-0.453247,-0.133789,0.722534
0.011230,0.111328,1.012451
0.133789,-0.432007,0.836182
-0.584351,0.159668,0.803711
0.424072,-0.199219,1.024292
-0.314331,-0.214478,0.724609
-0.079834,0.198730,0.985596
0.198486,-0.387085,0.851318
-0.598267,0.111206,0.766113
0.427856,-0.206543,1.014282
-0.252197,-0.306885,0.702271
-0.144043,0.200317,0.967773
0.266357,-0.355225,0.872925
-0.617310,0.096191,0.742432
0.405762,-0.184326,1.024048
-0.183472,-0.359985,0.727661
-0.205200,0.161011,0.917480
0.299805,-0.323853,0.895142
-0.618042,0.102051,0.734741
0.368164,-0.167480,0.999634
-0.117798,-0.369385,0.739014
-0.297607,0.174561,0.887207
0.339600,-0.320435,0.909546
-0.604248,0.042236,0.708740
0.298828,-0.109619,1.006470
-0.081909,-0.406128,0.741333
-0.351562,0.189453,0.880127
0.361694,-0.305786,0.926636
-0.579956,0.009766,0.699219
0.238770,-0.056519,0.991821
-0.053955,-0.378174,0.771484
-0.395630,0.168091,0.856323
0.395142,-0.297363,0.954590
-0.567627,-0.003784,0.691162
0.161621,0.040283,0.987793
-0.005127,-0.393921,0.769531
-0.429688,0.161133,0.855591
0.407837,-0.300781,0.949707
-0.538696,-0.026123,0.706299
0.104858,0.076294,0.978516
0.045044,-0.391602,0.789551
-0.473389,0.170654,0.854370
0.413208,-0.252075,0.983887
-0.499756,-0.059814,0.723145
0.069824,0.113159,0.998657
0.070435,-0.378540,0.806152
-0.511475,0.185547,0.848755
0.423706,-0.222778,1.001343
-0.432983,-0.120483,0.734375
0.018921,0.178833,1.012939
0.113281,-0.405151,0.810547
-0.542969,0.171509,0.818970
0.440796,-0.217529,1.018921
-0.376221,-0.158325,0.740601
-0.015869,0.176880,1.008545
0.164551,-0.413086,0.823975
-0.590210,0.166870,0.797607
0.440552,-0.220459,1.001465
-0.317505,-0.217896,0.736450
-0.049805,0.191528,0.993042
0.195312,-0.368042,0.849121
-0.612549,0.155396,0.760010
0.440552,-0.211304,1.016113
-0.255859,-0.281372,0.735229
-0.108154,0.203857,0.976074
0.262085,-0.375244,0.877441
-0.624878,0.151611,0.756226
0.415894,-0.188721,1.009521
-0.197388,-0.313599,0.730713
-0.130127,0.196655,0.958008
0.289917,-0.339111,0.888184
-0.633667,0.145874,0.747070
0.409302,-0.196899,1.003662
-0.146118,-0.347656,0.755127
-0.195679,0.181519,0.923340
0.306519,-0.318481,0.903076
-0.617554,0.109863,0.734863
0.389160,-0.147461,1.035522
-0.114502,-0.376709,0.732300
-0.257202,0.203003,0.906250
0.346313,-0.343018,0.907959
-0.601074,0.104004,0.747803
0.343628,-0.114868,1.015381
-0.071167,-0.392700,0.756348
-0.307007,0.196411,0.877075
0.377808,-0.307129,0.926636
-0.584351,0.084595,0.733032
0.291748,-0.053955,0.992920
-0.030273,-0.400879,0.769775
-0.349731,0.146118,0.854004
0.388062,-0.287476,0.937378
-0.553467,0.031250,0.718750
0.232544,0.028687,1.004272
-0.013672,-0.382202,0.776855
-0.397461,0.158447,0.844971
0.414062,-0.302979,0.944824
-0.523560,0.003540,0.724976
0.162720,0.067993,0.994751
0.026123,-0.378418,0.784302
-0.444702,0.175781,0.841431
0.437256,-0.284912,0.966309
-0.498047,-0.035034,0.734985
0.111694,0.104126,0.997681
0.048950,-0.395264,0.786865
-0.468872,0.172485,0.832642
0.435425,-0.229370,0.992554
-0.488647,-0.064087,0.718750
0.089233,0.125244,1.014893
0.110107,-0.408936,0.806885
-0.525269,0.190186,0.816895
0.458618,-0.261963,0.978760
-0.426025,-0.089600,0.748657
0.021729,0.163330,0.996216
0.155396,-0.405762,0.838379
-0.560181,0.166260,0.793701
0.451416,-0.203125,1.007935
-0.348267,-0.140991,0.755981
-0.022827,0.181885,0.995728
0.189819,-0.381714,0.845459
-0.574341,0.145142,0.779541
0.452515,-0.206177,1.015503
-0.276489,-0.206787,0.759399
-0.066406,0.189087,0.983643
0.241577,-0.389771,0.873047
-0.601807,0.146118,0.758667
0.422852,-0.165649,1.017090
-0.192139,-0.256226,0.769409
-0.135986,0.211182,0.961792
0.265381,-0.371826,0.884033
-0.575806,0.046265,0.730225
0.422852,-0.141968,1.041016
-0.165649,-0.250366,0.775757
-0.184570,0.208374,0.943970
0.333740,-0.385864,0.892822
-0.582764,0.060669,0.746948
0.385986,-0.102905,1.040405
-0.100220,-0.327271,0.773071
-0.230225,0.190063,0.918091
0.370239,-0.380127,0.917114
-0.604614,0.067627,0.733398
0.339600,-0.113159,1.000977
-0.037842,-0.379639,0.765869
-0.274536,0.183105,0.884644
0.385742,-0.302368,0.930908
-0.558594,0.005005,0.727661
0.265015,-0.041138,0.987427
-0.002563,-0.424927,0.752319
-0.326782,0.182373,0.858032
0.413330,-0.275269,0.949707
-0.541260,0.000366,0.729370
0.199097,-0.027832,0.978149
0.028076,-0.428955,0.766846
-0.377563,0.139771,0.830811
0.434204,-0.253906,0.974487
-0.516113,-0.024292,0.744751
0.114258,0.029541,0.975586
0.078613,-0.460083,0.780273
-0.442261,0.142578,0.814819
0.448242,-0.212036,0.996338
-0.458374,-0.027100,0.763550
0.057861,0.130859,1.000488
0.130981,-0.413574,0.809082
-0.521729,0.080078,0.771729
0.464478,-0.235840,1.017944
-0.374146,-0.129883,0.754395
-0.026978,0.216553,1.005249
0.198486,-0.393799,0.834595
-0.557861,0.049072,0.740845
0.470947,-0.261841,1.033569
-0.273315,-0.207764,0.776855
-0.087158,0.241821,0.985962
0.243042,-0.335327,0.865967
-0.588867,0.085693,0.739868
0.439331,-0.250000,1.017578
-0.170532,-0.331177,0.776123
-0.130859,0.202759,0.960693
0.285400,-0.335815,0.886597
-0.616211,0.118286,0.737915
0.414795,-0.206665,1.019287
-0.078857,-0.366943,0.793335
-0.185547,0.205200,0.951660
0.317871,-0.323730,0.899292
-0.588013,0.122925,0.765869
0.379150,-0.165161,1.007446
-0.024048,-0.391357,0.796509
-0.232422,0.184570,0.907959
0.341919,-0.295166,0.921265
-0.573730,0.049072,0.731323
0.348267,-0.103760,1.016724
-0.014771,-0.413086,0.761841
-0.298462,0.177002,0.882202
0.391113,-0.342773,0.939697
-0.551392,-0.043701,0.713501
0.280396,-0.103271,0.987793
0.013916,-0.431885,0.762085
-0.346191,0.190918,0.859497
0.430420,-0.307739,0.950439
-0.518066,-0.076172,0.735840
0.195801,-0.037842,0.987793
0.046753,-0.453003,0.777466
-0.395996,0.158203,0.823364
0.455200,-0.314575,0.973511
-0.491577,-0.086060,0.732910
0.149414,0.026733,1.010254
0.090210,-0.450439,0.785278
-0.457397,0.137329,0.794678
0.448730,-0.276855,0.989014
-0.445312,-0.125122,0.740234
0.078003,0.076050,1.003296
0.138916,-0.483887,0.796509
-0.494263,0.113403,0.781372
0.460327,-0.264771,0.986938
-0.377686,-0.114502,0.774780
-0.006836,0.149048,1.003540
0.205200,-0.463135,0.836792
-0.522339,0.067871,0.758789
0.442627,-0.229614,1.014893
-0.306396,-0.172974,0.775391
-0.063843,0.186279,1.018311
0.269165,-0.438965,0.890625
-0.536011,0.024536,0.737427
0.417358,-0.211182,1.016235
-0.234131,-0.237427,0.776001
-0.120117,0.188843,0.999512
0.322510,-0.443848,0.902100
-0.559814,0.029419,0.751709
0.392944,-0.140991,1.046509
-0.129150,-0.295410,0.788086
-0.192993,0.192993,0.959595
0.354126,-0.418091,0.915649
-0.553101,0.014282,0.756592
0.366821,-0.115356,1.043945
-0.053467,-0.364746,0.789062
-0.259277,0.210693,0.931396
0.389648,-0.385010,0.948486
-0.517334,-0.077148,0.741577
0.311157,-0.088135,1.029053
0.008301,-0.418335,0.777100
-0.310913,0.167114,0.886963
0.422607,-0.360352,0.966187
-0.497314,-0.112061,0.744385
0.233398,-0.045776,1.010254
0.062866,-0.474854,0.766968
-0.370605,0.148315,0.844727
0.438232,-0.327515,0.980347
-0.469604,-0.060425,0.769043
0.151855,-0.002075,1.010376
0.104492,-0.471558,0.783081
-0.430420,0.145142,0.832275
0.460205,-0.305420,0.992920
-0.431152,-0.148926,0.753784
0.070068,0.046143,0.992432
0.181885,-0.462891,0.831787
-0.476685,0.087769,0.775757
0.463135,-0.262329,1.014404
-0.329956,-0.214478,0.776367
-0.033325,0.115112,0.997314
0.251099,-0.492188,0.849731
-0.515747,0.029541,0.734985
0.438843,-0.207764,1.036865
-0.241211,-0.210083,0.790771
-0.112793,0.196899,1.007324
0.333252,-0.453979,0.913208
-0.564575,0.017456,0.754517
0.338745,-0.131348,0.997681
-0.022827,-0.382568,0.781372
-0.279541,0.189209,0.884888
0.395874,-0.314453,0.952148
-0.530884,-0.050903,0.729004
0.266846,-0.072144,0.988403
0.027100,-0.444214,0.778320
-0.400635,0.103027,0.825439
0.450195,-0.266724,0.991577
0.085083,0.121582,1.017822
0.129395,-0.436401,0.801636
-0.468018,0.043091,0.772583
0.460815,-0.267212,1.006714
-0.400024,-0.144165,0.741455
0.012451,0.198242,1.028076
0.196167,-0.408569,0.832520
-0.526855,0.047852,0.751587
0.474487,-0.288940,1.022339
-0.291992,-0.219971,0.788574
-0.067261,0.215698,1.008423
0.241211,-0.371948,0.864258
-0.565796,0.040894,0.729614
0.443970,-0.286743,1.018433
-0.185669,-0.295044,0.805420
-0.112671,0.198364,0.980469
0.276978,-0.306152,0.897217
-0.572021,0.086182,0.737305
0.424438,-0.276367,1.023682
-0.100586,-0.408813,0.808105
-0.174683,0.158081,0.962769
0.322388,-0.339111,0.928467
-0.570068,0.058228,0.723267
0.372437,-0.167603,1.023560
-0.027344,-0.435547,0.809448
-0.204834,0.138428,0.945190
0.352783,-0.319824,0.942871
-0.562622,0.048462,0.742798
0.346191,-0.114624,1.030518
0.012207,-0.403809,0.813721
-0.277588,0.155396,0.918213
0.402710,-0.350220,0.957520
-0.537354,-0.000977,0.739624
0.287476,-0.066772,1.018188
0.030518,-0.424927,0.800903
-0.292480,0.128174,0.900024
0.422607,-0.337280,0.969116
-0.526245,-0.025391,0.739990
0.238281,-0.015625,1.027466
0.069092,-0.469849,0.778320
-0.339233,0.132568,0.877563
0.445557,-0.320190,0.980469
-0.504272,-0.057373,0.739990
0.192261,0.001709,1.023315
0.092285,-0.453369,0.805420
-0.406250,0.123657,0.843384
0.462402,-0.342529,0.983887
-0.470703,-0.113037,0.736816
0.139282,0.022949,1.009155
0.128662,-0.447876,0.826660
-0.439331,0.102295,0.814453
0.477783,-0.298340,1.019165
-0.415039,-0.160156,0.753906
0.080566,0.067871,1.018555
0.196289,-0.494263,0.828003
-0.469238,0.071045,0.778809
0.479370,-0.266235,1.026611
-0.358643,-0.147461,0.784668
0.015503,0.098999,1.001953
0.240967,-0.495728,0.857056
-0.491821,0.017334,0.747925
0.457764,-0.228149,1.059814
-0.267456,-0.239868,0.775391
-0.073486,0.179077,1.023438
0.297607,-0.467651,0.879150
-0.512451,0.029785,0.770874
0.447388,-0.204224,1.060913
-0.197632,-0.259155,0.802368
-0.142456,0.197998,1.004272
0.365356,-0.500977,0.913330
-0.517456,-0.009033,0.763306
0.403564,-0.146729,1.060913
-0.082886,-0.291138,0.825195
-0.188843,0.228394,1.003540
0.400513,-0.406494,0.966553
-0.513672,-0.073242,0.749512
0.363770,-0.144531,1.051758
-0.003662,-0.388062,0.822021
-0.233276,0.187866,0.960083
0.419922,-0.347656,0.977539
-0.493286,-0.092529,0.766479
0.293091,-0.108643,1.037109
0.075073,-0.490112,0.811768
-0.283813,0.128784,0.912964
0.441406,-0.278320,1.016357
-0.473877,-0.095703,0.743164
0.233887,-0.056885,1.037354
0.115356,-0.490479,0.818237
-0.351318,0.120605,0.893066
0.484375,-0.282104,1.043335
-0.421143,-0.107056,0.786499
0.116577,0.032349,1.016724
0.203369,-0.517456,0.852417
-0.411865,0.061035,0.833496
0.496460,-0.247559,1.074097
-0.352173,-0.168213,0.784058
0.034790,0.122559,1.041504
0.269775,-0.491089,0.901611
-0.461182,-0.021362,0.784546
0.483643,-0.227051,1.085938
-0.263794,-0.240723,0.794434
-0.034912,0.191528,1.052612
0.333130,-0.457764,0.935303
-0.489502,0.026123,0.806030
0.455322,-0.192993,1.090332
-0.171143,-0.272095,0.824463
-0.093140,0.194946,1.048096
0.372559,-0.414673,0.964233
-0.509521,0.015015,0.784424
0.442139,-0.142090,1.098999
-0.074707,-0.330688,0.838745
-0.161987,0.204712,1.029663
0.422119,-0.395386,0.995483
-0.483521,-0.049316,0.776855
0.384277,-0.101440,1.100098
0.017456,-0.382202,0.843994
-0.223389,0.199219,0.992065
0.471924,-0.361938,1.026733
-0.453613,-0.083130,0.778320
0.329346,-0.078369,1.078613
0.075317,-0.420898,0.845581
-0.282593,0.158081,0.950684
0.509521,-0.317505,1.069092
-0.421143,-0.125488,0.790405
0.239624,-0.011108,1.070312
0.128174,-0.428345,0.867310
-0.337280,0.124634,0.927246
0.519653,-0.260376,1.093018
-0.371216,-0.168335,0.793701
0.138062,0.067627,1.064453
0.227295,-0.463989,0.899536
-0.380981,0.054932,0.869995
0.518188,-0.222046,1.107178
-0.304565,-0.188843,0.815063
0.060059,0.134033,1.066528
0.315186,-0.481689,0.931519
-0.448853,0.015015,0.811523
0.504883,-0.177002,1.128052
-0.202759,-0.221802,0.844360
-0.033813,0.189087,1.058838
0.367065,-0.430420,0.976562
-0.457764,-0.018677,0.804688
0.480835,-0.175293,1.128296
-0.117065,-0.278442,0.859009
-0.108398,0.222656,1.064575
0.422607,-0.386719,1.009033
-0.459473,-0.035156,0.822388
0.432983,-0.130371,1.127563
0.007202,-0.349121,0.879150
-0.163574,0.204102,1.048218
0.462646,-0.345215,1.029785
-0.461670,-0.039551,0.812622
0.394043,-0.084839,1.129883
0.073120,-0.393677,0.881592
-0.234863,0.204712,1.018188
0.489258,-0.286987,1.085205
-0.419189,-0.111206,0.810669
0.335083,-0.034424,1.131104
0.116455,-0.382690,0.901367
-0.311035,0.203125,0.990234
0.532593,-0.280640,1.107300
-0.378906,-0.169434,0.818970
0.240601,-0.018188,1.109985
0.194336,-0.420288,0.928589
-0.333740,0.153687,0.944336
0.537964,-0.223633,1.123901
-0.328003,-0.181152,0.828369
0.148193,0.039429,1.098511
0.277710,-0.464966,0.951050
-0.387573,0.114136,0.889160
0.541992,-0.194214,1.131714
-0.254395,-0.173706,0.847046
0.056030,0.131348,1.079346
0.343872,-0.449829,0.980103
-0.442627,0.008911,0.831909
0.535156,-0.151489,1.172852
-0.161011,-0.234863,0.876343
-0.055664,0.234375,1.092163
0.403687,-0.430176,0.997314
-0.443726,-0.037476,0.832520
0.494873,-0.125122,1.175903
-0.044067,-0.295532,0.901367
-0.100098,0.223999,1.083496
0.443115,-0.342529,1.033691
-0.441284,-0.053711,0.832642
0.454590,-0.120117,1.161743
0.032104,-0.349121,0.898438
-0.164429,0.223511,1.062134
0.471802,-0.286621,1.071411
-0.438110,-0.070312,0.825928
0.412476,-0.084351,1.167358
0.059448,-0.381958,0.905884
-0.230347,0.212524,1.038940
0.503906,-0.250366,1.108032
-0.427490,-0.082031,0.813232
0.340576,-0.048828,1.150391
0.148438,-0.462158,0.919800
-0.287598,0.149658,0.990479
0.542725,-0.240479,1.141235
-0.375488,-0.131470,0.815552
0.238037,0.039673,1.127197
0.231689,-0.442749,0.942017
-0.352173,0.111450,0.923950
0.559326,-0.235474,1.144409
-0.303833,-0.166626,0.839966
0.136475,0.107666,1.096558
0.298340,-0.429443,0.973877
-0.398682,0.086182,0.901978
0.560669,-0.172363,1.177002
-0.250977,-0.219727,0.839966
0.046265,0.146118,1.084229
0.348999,-0.413452,1.001831
-0.434692,0.037476,0.874390
0.544556,-0.170776,1.170654
-0.125366,-0.266724,0.895752
-0.048828,0.208374,1.086792
0.390991,-0.354004,1.014648
-0.438721,0.001099,0.852173
0.511841,-0.168823,1.174683
-0.028809,-0.345459,0.889404
-0.112183,0.206787,1.073608
0.432861,-0.319214,1.052246
-0.463379,-0.040283,0.829224
0.468384,-0.121338,1.177246
-0.003540,-0.365234,0.877808
-0.150635,0.198608,1.067383
0.474854,-0.293457,1.081787
-0.466797,-0.049683,0.812744
0.401489,-0.082642,1.165771
0.064209,-0.399780,0.907227
-0.237549,0.217041,1.036133
0.498657,-0.253052,1.119751
-0.428589,-0.078003,0.804932
0.317261,-0.030273,1.141113
0.119019,-0.438843,0.917725
-0.291748,0.133911,0.985840
0.547485,-0.245850,1.147461
-0.388306,-0.118652,0.802734
0.242310,0.062988,1.136719
0.197021,-0.428955,0.941528
-0.359985,0.108521,0.935913
0.548462,-0.270752,1.137207
-0.343994,-0.172729,0.806030
0.160767,0.132690,1.136841
0.236938,-0.403687,0.945068
-0.398193,0.079834,0.916626
0.562134,-0.248901,1.146729
-0.298096,-0.214478,0.823242
0.092285,0.175537,1.121704
0.280884,-0.406128,0.951172
-0.428833,0.051758,0.878296
0.553345,-0.243042,1.151489
-0.242920,-0.287109,0.826660
0.036133,0.201660,1.116455
0.305420,-0.381226,0.948486
-0.463135,0.033691,0.855225
0.552490,-0.249390,1.150391
-0.171265,-0.337524,0.839600
-0.013184,0.179199,1.076172
0.333252,-0.343750,0.968140
-0.473511,0.026733,0.832031
0.530151,-0.218750,1.148926
-0.106934,-0.358887,0.844727
-0.065308,0.165039,1.060913
0.364014,-0.350464,0.980347
-0.486084,0.022339,0.808716
0.502808,-0.188477,1.145142
-0.084717,-0.370850,0.843750
-0.132568,0.172974,1.039795
0.389648,-0.349487,0.994507
-0.471191,-0.018555,0.815918
0.460693,-0.104492,1.160400
-0.077271,-0.353271,0.820923
-0.181274,0.179199,1.017822
0.431763,-0.352661,1.023560
-0.487061,-0.058105,0.800659
0.424683,-0.104370,1.157471
-0.051880,-0.338501,0.837402
-0.250732,0.200073,1.002075
0.456543,-0.324951,1.035278
-0.480713,-0.070435,0.786865
0.375977,-0.098022,1.146240
-0.009277,-0.352783,0.864136
-0.307861,0.204590,0.988525
0.478760,-0.309570,1.058228
-0.470215,-0.082275,0.775757
0.315552,-0.068237,1.127930
0.053223,-0.391968,0.864746
-0.347046,0.192505,0.954956
0.494141,-0.304443,1.059082
-0.443115,-0.098877,0.774780
0.243774,-0.017212,1.105835
0.105469,-0.419312,0.879028
-0.400269,0.157104,0.917114
0.487671,-0.270752,1.067871
-0.399536,-0.142944,0.778931
0.153198,0.066895,1.085571
0.161011,-0.408813,0.893677
-0.435303,0.115479,0.895020
0.505981,-0.279175,1.074219
-0.391235,-0.168701,0.779053
0.093018,0.109741,1.069580
0.208862,-0.402344,0.905518
-0.475830,0.080078,0.848145
0.493164,-0.236694,1.085083
-0.326050,-0.223999,0.791138
0.032837,0.100830,1.053833
0.233643,-0.388916,0.910278
-0.498535,0.056763,0.827637
0.491455,-0.222534,1.090820
-0.245239,-0.297729,0.773926
-0.042358,0.155762,1.042603
0.272583,-0.387085,0.911011
-0.526245,0.029053,0.803955
0.482544,-0.242065,1.085449
-0.208984,-0.350220,0.764771
-0.088013,0.145874,1.009155
0.291626,-0.375977,0.912109
-0.536987,0.046997,0.781860
0.455078,-0.237427,1.083984
-0.185059,-0.376099,0.746582
-0.149414,0.137329,0.985474
0.328613,-0.355347,0.929688
-0.557251,0.040283,0.769287
0.412109,-0.202515,1.080566
-0.138184,-0.392578,0.783569
-0.228271,0.135986,0.973755
0.355347,-0.334595,0.961548
-0.566284,0.010620,0.750122
0.370850,-0.153076,1.076172
-0.117065,-0.357422,0.806030
-0.292603,0.152100,0.944092
0.385620,-0.322510,0.979492
-0.530518,-0.047974,0.744263
0.307739,-0.077393,1.068604
-0.071289,-0.356445,0.807861
-0.346069,0.164795,0.919434
0.402954,-0.317139,0.991943
-0.533447,-0.043823,0.730225
0.263550,-0.055542,1.056152
-0.026489,-0.375000,0.795776
-0.388184,0.172729,0.905518
0.408691,-0.295898,1.006592
-0.515137,-0.085938,0.737549
0.208130,-0.033813,1.045654
0.017944,-0.413086,0.807007
-0.456177,0.184448,0.864868
0.431152,-0.263184,1.019409
-0.487183,-0.144531,0.728027
0.118896,0.012573,1.034302
0.086670,-0.422363,0.844727
-0.504150,0.177612,0.848267
0.430908,-0.240112,1.014648
-0.450806,-0.149536,0.740356
0.059814,0.052490,1.013184
0.155762,-0.441040,0.858154
-0.541748,0.143311,0.814453
0.416260,-0.186523,1.039673
-0.376709,-0.179688,0.749268
-0.009766,0.088257,1.010742
0.207275,-0.449097,0.857056
-0.577881,0.100220,0.795410
0.427368,-0.194702,1.050293
-0.292114,-0.245850,0.744629
-0.114746,0.143677,0.979492
0.263428,-0.419067,0.889160
-0.580078,0.075684,0.770142
0.416382,-0.194458,1.033569
-0.229370,-0.294312,0.738403
-0.189941,0.165771,0.957520
0.309937,-0.382690,0.908325
-0.587036,0.037598,0.742920
0.383911,-0.162231,1.044189
-0.189087,-0.317993,0.740601
-0.256470,0.185425,0.945068
0.343750,-0.364136,0.935913
-0.600952,-0.012695,0.728149
0.336670,-0.156982,1.032104
-0.143311,-0.348389,0.746460
-0.346558,0.226807,0.916870
0.399536,-0.336060,0.955444
-0.578857,-0.035156,0.727905
0.222046,-0.076904,1.003784
-0.070190,-0.413818,0.755737
-0.412354,0.196167,0.861450
0.411499,-0.291260,0.968384
-0.537354,-0.017212,0.742798
0.131226,0.012695,1.003906
0.028931,-0.421021,0.805054
-0.491455,0.165527,0.833252
0.400513,-0.241699,0.997803
-0.467407,-0.138916,0.722778
0.043457,0.101807,1.008911
0.123535,-0.434204,0.826294
-0.575073,0.161621,0.809937
0.412354,-0.207397,1.015747
-0.343750,-0.231201,0.716187
-0.048462,0.156860,0.980713
0.207275,-0.379517,0.860107
-0.601318,0.082642,0.769653
0.406128,-0.211548,1.009155
-0.261841,-0.319092,0.696411
-0.137573,0.166992,0.955933
0.275635,-0.368530,0.886475
-0.606567,0.081787,0.758667
0.379517,-0.165649,1.029541
-0.200562,-0.383545,0.682251
-0.218994,0.166748,0.922852
0.329468,-0.358765,0.900024
-0.607910,0.098877,0.772461
0.334961,-0.137207,1.024414
-0.148071,-0.399658,0.718750
-0.309082,0.171875,0.889038
0.363281,-0.335693,0.928589
-0.591675,0.040649,0.722534
0.278809,-0.087158,0.993286
-0.086304,-0.382080,0.746582
-0.385742,0.195801,0.873413
0.384277,-0.319824,0.941162
-0.572510,-0.028931,0.705078
0.218018,-0.029663,1.006226
-0.045166,-0.386475,0.763428
-0.452393,0.208618,0.857300
0.422974,-0.285278,0.973389
-0.527100,-0.036865,0.722412
0.110596,0.050903,1.007202
0.039551,-0.418945,0.799561
-0.508301,0.192017,0.838135
0.422119,-0.241699,0.976196
-0.470093,-0.082520,0.729980
0.044678,0.141602,1.015137
0.117554,-0.400757,0.832031
-0.569580,0.180176,0.809814
0.426636,-0.228882,0.982178
-0.357788,-0.178101,0.740845
-0.027466,0.203125,1.002319
0.186279,-0.382446,0.839966
-0.604858,0.137207,0.769287
0.417969,-0.192261,1.026123
-0.265137,-0.305908,0.718140
-0.100708,0.216797,0.986084
0.246582,-0.378540,0.859741
-0.603638,0.138062,0.770020
0.410034,-0.182251,1.010498
-0.197510,-0.327148,0.731445
-0.179443,0.178467,0.939087
0.297363,-0.343018,0.894409
-0.614502,0.127197,0.742798
0.385376,-0.148071,1.009277
-0.142700,-0.355957,0.737427
-0.234131,0.181519,0.912842
0.358521,-0.361816,0.907471
-0.611816,0.097900,0.731567
0.316284,-0.080811,1.002563
-0.081665,-0.391235,0.732544
-0.291382,0.178223,0.877563
0.378174,-0.318970,0.936523
-0.573608,0.056030,0.740967
0.256348,-0.037354,0.987793
-0.043823,-0.394897,0.737915
-0.377441,0.190552,0.854736
0.403198,-0.286987,0.955688
-0.535889,-0.040405,0.732910
0.171631,0.008057,0.991577
0.020874,-0.403687,0.777954
-0.462646,0.201538,0.830200
0.420410,-0.247803,0.962524
-0.469360,-0.088379,0.748291
0.089478,0.082642,1.001465
0.095703,-0.382568,0.823486
-0.523438,0.183105,0.803345
0.421875,-0.195190,0.989380
-0.394165,-0.160400,0.737427
0.009399,0.133545,0.992920
0.191528,-0.411255,0.849243
-0.578247,0.151489,0.778931
0.411987,-0.155762,1.008545
-0.291870,-0.203125,0.741455
-0.093262,0.177979,0.967773
0.272339,-0.406128,0.886719
-0.592651,0.105103,0.764648
0.403198,-0.121826,1.028320
-0.169800,-0.298584,0.754395
-0.186890,0.204346,0.940430
0.323608,-0.360596,0.903198
-0.586548,0.068604,0.754028
0.374512,-0.128662,1.022705
-0.084961,-0.366089,0.753174
-0.266479,0.210815,0.895020
0.365234,-0.315552,0.917114
-0.553833,0.050659,0.740601
0.303589,-0.060669,1.004272
-0.022339,-0.408691,0.761108
-0.347900,0.179810,0.841309
0.402832,-0.304810,0.941162
-0.543701,-0.021729,0.724976
0.213501,-0.016235,0.990723
0.028931,-0.411987,0.768311
-0.427612,0.185547,0.839111
0.427002,-0.265869,0.961792
-0.470215,-0.054932,0.757202
0.114502,0.070923,1.002197
0.086060,-0.409912,0.804565
-0.497681,0.151245,0.793457
0.438477,-0.231812,0.986938
-0.394043,-0.115601,0.758545
0.028931,0.148315,1.007080
0.166504,-0.403198,0.837158
-0.538208,0.096924,0.762939
0.435913,-0.206421,1.012573
-0.302856,-0.194458,0.762207
-0.072388,0.198730,0.997192
0.256592,-0.405151,0.874512
-0.567627,0.088867,0.751831
0.417725,-0.170898,1.021851
-0.187622,-0.272095,0.764648
-0.160156,0.198120,0.953613
0.320557,-0.402222,0.901978
-0.570435,0.061523,0.755981
0.380493,-0.115845,1.037720
-0.092773,-0.335571,0.771484
-0.248169,0.207397,0.905029
0.370483,-0.356567,0.943237
-0.545532,-0.011963,0.744141
0.321289,-0.062744,1.023804
-0.035522,-0.397583,0.747925
-0.314941,0.203247,0.880981
0.414673,-0.350952,0.943359
-0.522095,-0.072632,0.739380
0.231323,-0.051147,0.997803
0.014038,-0.411987,0.755981
-0.378174,0.143555,0.826660
0.434692,-0.303467,0.970703
-0.477295,-0.106445,0.744873
0.146484,0.032104,0.991089
0.070312,-0.432617,0.775757
-0.449707,0.131226,0.808228
0.456909,-0.299927,0.992065
-0.439209,-0.126831,0.750977
0.067993,0.080566,0.997803
0.145264,-0.422119,0.806274
-0.500244,0.098755,0.768311
0.446167,-0.261230,1.004517
-0.359497,-0.215820,0.750366
-0.018066,0.137207,1.005371
0.229492,-0.443481,0.849731
-0.544922,0.074097,0.745728
0.433350,-0.227051,1.012207
-0.236694,-0.251709,0.784424
-0.117065,0.164551,0.986694
0.301270,-0.455200,0.884277
-0.563843,0.047363,0.744629
0.413574,-0.174561,1.037964
-0.119019,-0.290649,0.794067
-0.213257,0.218140,0.962158
0.365845,-0.429443,0.921143
-0.551025,0.009033,0.753906
0.355225,-0.129883,1.022339
-0.020996,-0.381104,0.794434
-0.266113,0.189697,0.912842
0.385742,-0.343018,0.958008
-0.520874,-0.090454,0.741455
0.300903,-0.107422,1.004639
0.039185,-0.445557,0.789062
-0.344238,0.187012,0.882935
0.430176,-0.323730,0.969116
-0.491455,-0.100098,0.752441
0.201660,-0.078125,0.983887
0.071899,-0.459229,0.789673
-0.380981,0.119019,0.839233
0.462524,-0.298950,0.999146
-0.446045,-0.093628,0.774292
0.090576,0.042114,0.990356
0.156250,-0.514160,0.801758
-0.453491,0.062988,0.797729
0.465576,-0.240356,1.047729
-0.382568,-0.167114,0.748169
0.012207,0.119507,1.007324
0.224365,-0.480835,0.855469
-0.503174,0.032104,0.765503
0.464355,-0.239014,1.057251
-0.285645,-0.226685,0.784668
-0.077881,0.170044,1.009399
0.294434,-0.479126,0.877075
-0.534058,0.017334,0.761597
0.431641,-0.198853,1.051636
-0.163330,-0.270386,0.799683
-0.135132,0.220581,1.014038
0.333252,-0.387451,0.938477
-0.541504,0.017334,0.769775
0.419800,-0.207153,1.051270
-0.072754,-0.365967,0.810791
-0.185547,0.205444,1.001465
0.371216,-0.372681,0.947388
-0.527100,-0.006470,0.763672
0.371704,-0.180176,1.031006
-0.008667,-0.428833,0.816772
-0.235840,0.169800,0.958740
0.421753,-0.364258,0.977173
-0.498535,-0.036499,0.747437
0.303955,-0.078491,1.041382
0.051514,-0.416138,0.828247
-0.281860,0.146606,0.933472
0.457031,-0.373413,0.989746
-0.477661,-0.100342,0.752441
0.259399,-0.029053,1.047607
0.077271,-0.426025,0.822754
-0.316162,0.138428,0.915771
0.476074,-0.328369,1.025757
-0.445312,-0.139526,0.762695
0.212891,-0.007324,1.053467
0.089111,-0.428467,0.827026
-0.359253,0.112915,0.894897
0.508423,-0.326904,1.048950
-0.407227,-0.161133,0.775757
0.151611,0.033936,1.038330
0.170044,-0.433350,0.858643
-0.392822,0.096558,0.854492
0.504517,-0.252319,1.071411
-0.361450,-0.162964,0.782959
0.126831,0.063232,1.063232
0.216919,-0.474609,0.873657
-0.432739,0.049927,0.818115
0.503784,-0.251221,1.082397
-0.319458,-0.203247,0.790527
0.053955,0.122437,1.058105
0.282715,-0.485962,0.896973
-0.446045,0.048096,0.827515
0.495605,-0.228882,1.082520
-0.275269,-0.218628,0.810303
-0.004395,0.148071,1.045410
0.340942,-0.490234,0.934937
-0.469604,0.039307,0.815552
0.475830,-0.186890,1.109863
-0.190430,-0.244629,0.825317
-0.052856,0.201782,1.050049
0.369385,-0.435791,0.962769
-0.490723,0.008423,0.794800
0.472290,-0.135986,1.132568
-0.104858,-0.263428,0.853149
-0.116943,0.233276,1.058594
0.413574,-0.428589,0.988159
-0.492798,-0.040894,0.804810
0.438110,-0.169434,1.124268
-0.026001,-0.378418,0.859253
-0.153442,0.215088,1.035278
0.433960,-0.340454,1.015381
-0.468262,-0.031372,0.822021
0.400391,-0.122070,1.120239
0.045898,-0.442749,0.865601
-0.186768,0.150146,1.005981
0.479004,-0.313232,1.057983
-0.452637,-0.028076,0.805908
0.354126,-0.061646,1.104614
0.084473,-0.410522,0.902222
-0.242554,0.129395,0.996582
0.494385,-0.291382,1.086304
-0.425537,-0.072510,0.798706
0.312134,-0.008301,1.120483
0.133423,-0.423462,0.913086
-0.323730,0.191162,0.984131
0.532349,-0.280029,1.114868
-0.390991,-0.145264,0.816162
0.246826,0.025146,1.112549
0.184692,-0.405396,0.928345
-0.332275,0.145264,0.945801
0.538086,-0.244873,1.122437
-0.342407,-0.175537,0.817993
0.185913,0.050415,1.110718
0.265381,-0.445312,0.945435
-0.395264,0.114014,0.889160
0.528931,-0.206909,1.120972
-0.256958,-0.196167,0.845703
0.094116,0.103760,1.090210
0.322510,-0.445923,0.972534
-0.425659,0.085083,0.861328
0.525146,-0.157959,1.150757
-0.193726,-0.217651,0.853027
-0.005859,0.186890,1.093506
0.393921,-0.454102,0.991943
-0.444946,0.006592,0.841187
0.503906,-0.124146,1.156006
-0.070068,-0.272095,0.879761
-0.094482,0.236328,1.085693
0.422241,-0.383057,1.022705
-0.450195,-0.035278,0.836060
0.490356,-0.127319,1.176392
0.023193,-0.321167,0.900391
-0.153809,0.236694,1.060303
0.456177,-0.304199,1.060181
-0.433716,-0.086304,0.816162
0.435547,-0.107666,1.164429
0.028564,-0.337891,0.913208
-0.213867,0.230103,1.055908
0.513184,-0.293457,1.100586
-0.427368,-0.074097,0.813599
0.347656,-0.042358,1.150635
0.123779,-0.388184,0.932983
-0.286255,0.190918,1.007935
0.542480,-0.246338,1.138794
-0.292114,-0.188599,0.820801
0.066406,0.133057,1.076782
0.210327,-0.432861,0.946167
-0.432739,0.044434,0.849609
0.535645,-0.214478,1.135620
-0.212036,-0.230347,0.856812
-0.021973,0.187378,1.065430
0.366089,-0.393066,0.985596
-0.453735,-0.018921,0.832886
0.501709,-0.158325,1.166870
-0.098999,-0.321777,0.849609
-0.097778,0.230835,1.069336
0.421509,-0.366943,1.008667
-0.451660,-0.010986,0.831177
0.463867,-0.148560,1.147339
0.018677,-0.394897,0.888062
-0.151855,0.186157,1.039185
0.465088,-0.320923,1.054077
-0.448242,-0.026001,0.814209
0.399170,-0.082397,1.147339
0.046631,-0.395996,0.900024
-0.188477,0.178711,1.047485
0.499756,-0.294922,1.090454
-0.448242,-0.061890,0.794922
0.349609,-0.030029,1.147095
0.109253,-0.414917,0.913696
-0.273438,0.192383,1.017700
0.539307,-0.286499,1.120117
-0.391357,-0.092407,0.826294
0.274902,0.041138,1.132812
0.177368,-0.412476,0.933228
-0.337891,0.136353,0.959595
0.564575,-0.265747,1.144409
-0.335938,-0.211060,0.818970
0.181641,0.104004,1.117188
0.252319,-0.410645,0.961792
-0.378418,0.095215,0.912354
0.559937,-0.240967,1.150635
-0.285400,-0.251099,0.818970
0.104736,0.137329,1.107666
0.322388,-0.419067,0.982300
-0.416382,0.079956,0.890015
0.540894,-0.191895,1.151123
-0.221558,-0.238159,0.846558
0.028564,0.162231,1.090088
0.365967,-0.398560,1.011353
-0.421631,0.035889,0.860229
0.535767,-0.141235,1.179565
-0.121460,-0.262817,0.870728
-0.056885,0.212036,1.081177
0.411499,-0.393799,1.005371
-0.412964,-0.012207,0.855225
0.516724,-0.113037,1.184326
-0.043823,-0.310791,0.880493
-0.126587,0.204712,1.055298
0.454102,-0.363037,1.042480
-0.426880,-0.079224,0.839233
0.468994,-0.079102,1.190430
-0.020264,-0.306030,0.873657
-0.188477,0.233887,1.047974
0.473755,-0.295654,1.078125
-0.422241,-0.116455,0.818115
0.412598,-0.070435,1.173950
0.020874,-0.342163,0.889771
-0.244385,0.238037,1.041138
0.500977,-0.280640,1.089233
-0.400024,-0.124390,0.827393
0.357178,-0.054810,1.162354
0.085693,-0.372925,0.925293
-0.300659,0.200562,0.988770
0.526611,-0.276245,1.104004
-0.368530,-0.160889,0.820557
0.273071,0.017578,1.157715
0.163086,-0.410889,0.923096
-0.352173,0.152344,0.942505
0.539673,-0.240967,1.123779
-0.348145,-0.182373,0.814697
0.182983,0.067993,1.116699
0.235107,-0.429810,0.943481
-0.403198,0.120728,0.919067
0.531982,-0.214844,1.132812
-0.299194,-0.221802,0.821411
0.096924,0.116943,1.100952
0.288330,-0.412964,0.963623
-0.434570,0.075073,0.875000
0.532349,-0.184204,1.132202
-0.231689,-0.239746,0.823975
0.022583,0.151855,1.082642
0.323608,-0.400146,0.961670
-0.466919,0.043701,0.845825
0.520020,-0.185669,1.146606
-0.136719,-0.328491,0.824951
-0.050049,0.167969,1.061890
0.361816,-0.368164,0.975952
-0.484375,0.021973,0.833252
0.489014,-0.167847,1.136108
-0.114014,-0.346436,0.803955
-0.113892,0.166382,1.042480
0.403564,-0.347168,1.000122
-0.501099,-0.005737,0.810425
0.437622,-0.147461,1.137695
-0.074707,-0.348389,0.831787
-0.211060,0.192749,1.021973
0.448853,-0.316650,1.037476
-0.492065,-0.042358,0.780029
0.358276,-0.071655,1.126343
-0.015869,-0.365356,0.847900
-0.284302,0.179321,1.011353
0.468872,-0.312744,1.055786
-0.467041,-0.091919,0.767822
0.286377,-0.008057,1.121216
0.042480,-0.351685,0.869019
-0.350464,0.156860,0.932617
0.492676,-0.294189,1.071899
-0.432861,-0.124634,0.772583
0.227783,-0.004395,1.103638
0.101685,-0.395630,0.880737
-0.416504,0.142578,0.896484
0.492798,-0.280273,1.069946
-0.400269,-0.161743,0.792236
0.134644,0.029907,1.063721
0.173584,-0.418213,0.890503
-0.471069,0.146729,0.866699
0.481812,-0.231812,1.064453
-0.349976,-0.201538,0.777466
0.055908,0.119629,1.058228
0.219727,-0.387573,0.906494
-0.495361,0.071289,0.833984
0.473877,-0.229492,1.076904
-0.272461,-0.282593,0.769897
-0.008423,0.133423,1.037109
0.265625,-0.399658,0.906982
-0.533936,0.071533,0.805054
0.459595,-0.218628,1.068481
-0.208252,-0.336182,0.760986
-0.093994,0.119507,0.996338
0.305542,-0.374390,0.933472
-0.555908,0.042969,0.791626
0.435669,-0.195679,1.084717
-0.173462,-0.368042,0.745850
-0.173950,0.145142,0.975830
0.342163,-0.362061,0.927368
-0.551025,0.019287,0.761597
0.383545,-0.157349,1.073608
-0.147583,-0.335693,0.786377
-0.265625,0.152222,0.960327
0.395996,-0.369263,0.972168
-0.545532,-0.013916,0.749756
0.315674,-0.074097,1.080200
-0.106567,-0.292480,0.812134
-0.329224,0.155762,0.934204
0.425903,-0.381226,0.986938
-0.542847,-0.053589,0.750122
0.245483,-0.035278,1.061401
-0.038330,-0.346069,0.806030
-0.411987,0.187988,0.896973
0.437256,-0.318970,1.008789
-0.510376,-0.107910,0.736938
0.176392,-0.026855,1.036621
0.037842,-0.395752,0.834717
-0.484009,0.176636,0.848511
0.422363,-0.251343,1.026245
-0.462158,-0.129883,0.743042
0.097778,0.044067,1.031860
0.126221,-0.437134,0.849121
-0.525879,0.169678,0.833862
0.422119,-0.228516,1.024536
-0.398682,-0.184204,0.757690
0.007080,0.066650,1.004883
0.185791,-0.454834,0.857422
-0.560425,0.128784,0.794312
0.420898,-0.186279,1.026001
-0.303223,-0.226440,0.749756
-0.089844,0.125122,0.978271
0.251709,-0.431274,0.898315
-0.582397,0.039551,0.758057
0.407715,-0.171997,1.049927
-0.244019,-0.320679,0.699585
-0.184814,0.185669,0.979614
0.314575,-0.405151,0.890015
-0.591797,0.033691,0.765259
0.383789,-0.175171,1.028564
-0.181885,-0.352295,0.715454
-0.271729,0.187012,0.921631
0.345337,-0.354736,0.933960
-0.585449,0.010864,0.747925
0.333252,-0.112671,1.046021
-0.138916,-0.389526,0.719604
-0.346802,0.206299,0.898315
0.391602,-0.348267,0.942505
-0.595947,-0.005493,0.722900
0.264893,-0.099121,1.020996
-0.080200,-0.395508,0.766479
-0.413452,0.202759,0.878418
0.397095,-0.304932,0.964600
-0.567017,-0.054688,0.706055
0.176758,-0.036499,0.998901
-0.017700,-0.398560,0.784668
-0.472046,0.189453,0.856323
0.409180,-0.284546,0.981812
-0.510742,-0.075317,0.742554
0.083618,0.051758,0.995361
0.082031,-0.426392,0.812866
-0.528198,0.183105,0.830811
0.415894,-0.234619,1.001099
-0.420044,-0.121216,0.741455
-0.000244,0.142700,0.998901
0.157715,-0.426270,0.833374
-0.583862,0.148315,0.800537
0.413208,-0.200928,1.011963
-0.337036,-0.219971,0.715698
-0.068604,0.174438,0.983643
0.221680,-0.388306,0.863403
-0.601929,0.083740,0.757568
0.409180,-0.180054,1.031494
-0.238892,-0.308228,0.711914
-0.155518,0.199585,0.959473
0.284790,-0.360840,0.880371
-0.622925,0.090576,0.739258
0.388794,-0.176758,1.021362
-0.165161,-0.363892,0.727783
-0.216064,0.173950,0.922974
0.318848,-0.326172,0.906738
-0.623901,0.075439,0.742676
0.352661,-0.149780,1.010254
-0.113892,-0.371094,0.742432
-0.290039,0.175659,0.890625
0.363525,-0.327515,0.922119
-0.609741,0.074707,0.724854
0.290283,-0.092529,0.999512
-0.059448,-0.418579,0.745972
-0.361206,0.197876,0.878174
0.389526,-0.302979,0.938843
-0.574585,0.010986,0.710571
0.207275,-0.034180,0.982056
-0.014648,-0.412476,0.764282
-0.413818,0.183472,0.861328
0.398315,-0.254517,0.959839
-0.536499,-0.022705,0.721558
0.130005,0.032349,0.993774
0.051514,-0.413818,0.783203
-0.488037,0.183350,0.840820
0.416382,-0.242554,0.978882
-0.468262,-0.067017,0.745117
0.066406,0.135132,1.005371
0.096680,-0.370605,0.819336
-0.536621,0.171143,0.818726
0.445923,-0.249268,1.005005
-0.402100,-0.144165,0.733765
0.003906,0.185425,1.007324
0.164917,-0.382446,0.827148
-0.581909,0.139160,0.773560
0.442139,-0.216309,1.008423
-0.294922,-0.228516,0.745483
-0.050171,0.204712,0.995605
0.208984,-0.368164,0.848633
-0.607544,0.137329,0.754395
0.441772,-0.217896,1.019409
-0.234253,-0.287842,0.755737
-0.115845,0.197021,0.963013
0.263184,-0.354248,0.876831
-0.604004,0.130005,0.765015
0.399780,-0.158813,1.020630
-0.164429,-0.335693,0.748169
-0.166870,0.188232,0.930908
0.312256,-0.327637,0.905640
-0.608521,0.082275,0.746094
0.384155,-0.123657,1.029907
-0.104126,-0.366455,0.743530
-0.240967,0.182129,0.903809
0.349487,-0.334839,0.926147
-0.573975,0.043091,0.750488
0.317505,-0.065674,1.020386
-0.055664,-0.395386,0.742676
-0.320801,0.206299,0.873169
0.402466,-0.322998,0.936768
-0.568848,0.039062,0.733887
0.235352,-0.031128,0.982910
-0.008423,-0.427612,0.750122
-0.378296,0.165771,0.844360
0.410767,-0.274536,0.954590
-0.510864,-0.026489,0.730713
0.158325,0.043823,0.993286
0.053833,-0.414185,0.780029
-0.444946,0.156616,0.829590
0.421997,-0.250610,0.975342
-0.454346,-0.088135,0.754883
0.090942,0.123901,1.015991
0.115234,-0.412476,0.805542
-0.524292,0.149292,0.785522
0.448486,-0.233887,1.004761
-0.368042,-0.159424,0.750366
-0.012451,0.144897,0.993896
0.192993,-0.428711,0.839966
-0.558838,0.105103,0.753784
0.454956,-0.195068,1.026978
-0.273193,-0.195068,0.763916
-0.106201,0.193970,0.973145
0.287720,-0.441895,0.883179
-0.580688,0.082642,0.748779
0.417236,-0.159302,1.033569
-0.162964,-0.258301,0.776001
-0.182617,0.201904,0.949097
0.342896,-0.389526,0.921509
-0.584229,0.067993,0.748535
0.357056,-0.146973,1.008911
-0.050659,-0.389404,0.778809
-0.242310,0.199219,0.921387
0.366943,-0.308594,0.945801
-0.566040,0.005371,0.725464
0.298340,-0.107910,0.991211
0.003906,-0.437622,0.769043
-0.324219,0.161011,0.865723
0.411499,-0.310791,0.953735
-0.526245,-0.030884,0.735718
0.191284,-0.040527,0.980103
0.066650,-0.483887,0.765991
-0.389648,0.130615,0.816162
0.427368,-0.250732,0.980957
-0.462280,-0.076294,0.751221
0.099365,0.060791,0.994141
0.123535,-0.472412,0.799316
-0.463867,0.084473,0.785767
0.437134,-0.232788,1.007568
-0.384644,-0.152588,0.744507
-0.009277,0.130249,0.997437
0.217896,-0.483154,0.829590
-0.529419,0.050537,0.752441
0.449463,-0.209961,1.024902
-0.272949,-0.194092,0.766846
-0.127563,0.201294,0.979858
0.318237,-0.478027,0.886841
-0.542603,0.020386,0.749878
0.394165,-0.142456,1.041260
-0.137573,-0.263550,0.797119
-0.208252,0.195435,0.956665
0.361938,-0.420654,0.926147
-0.537720,-0.033203,0.751709
0.338257,-0.094971,1.044189
-0.017212,-0.387573,0.780396
-0.293823,0.202271,0.903320
0.406616,-0.353638,0.963989
-0.493652,-0.112549,0.745850
0.239868,-0.057495,1.008911
0.056519,-0.467163,0.774414
-0.365601,0.149902,0.846558
0.435913,-0.296387,0.973999
-0.449097,-0.124756,0.759766
0.141357,0.003662,1.009277
0.125854,-0.464355,0.814209
-0.451538,0.114990,0.817017
0.458008,-0.281494,1.013794
-0.383057,-0.134521,0.778931
0.015991,0.094360,1.008667
0.240112,-0.504028,0.848877
-0.506226,0.037476,0.751465
0.433838,-0.206543,1.035156
-0.241821,-0.189941,0.818481
-0.088623,0.140015,0.995239
0.313110,-0.443359,0.917725
-0.535645,-0.016113,0.744507
0.405029,-0.163940,1.055908
-0.098022,-0.324097,0.800781
-0.196533,0.217285,0.987549
0.389771,-0.389160,0.963745
-0.507568,-0.055420,0.765503
0.325684,-0.122070,1.031128
0.016235,-0.441772,0.785400
-0.258667,0.152466,0.925293
0.434448,-0.350952,0.983276
-0.483765,-0.084106,0.764771
0.247925,-0.054443,1.032471
0.084961,-0.465088,0.800781
-0.350342,0.123169,0.871094
0.456665,-0.298950,1.019165
-0.431152,-0.142212,0.759399
0.143311,-0.000122,1.011963
0.158569,-0.489990,0.832642
-0.411133,0.078247,0.836670
0.477417,-0.245361,1.056763
-0.362915,-0.194580,0.761230
0.031250,0.119385,1.028931
0.272339,-0.501221,0.876343
-0.460449,0.023438,0.795166
0.481445,-0.228882,1.069702
-0.277222,-0.219849,0.796997
-0.047363,0.161255,1.019165
0.335938,-0.454102,0.930542
-0.510010,0.006470,0.778809
0.459351,-0.192139,1.099487
-0.158936,-0.292725,0.827637
-0.126343,0.204224,1.026123
0.363525,-0.410889,0.950317
-0.497803,0.010864,0.791382
0.438965,-0.165283,1.090332
-0.037720,-0.353149,0.852295
-0.195435,0.212280,1.009521
0.409058,-0.376587,0.975830
-0.468628,-0.048828,0.780029
0.384521,-0.112183,1.087891
0.041504,-0.409790,0.852905
-0.240356,0.186523,0.991821
0.458130,-0.346680,1.019165
-0.452881,-0.077515,0.774292
0.317017,-0.045532,1.081543
0.080811,-0.407349,0.863281
-0.280884,0.157593,0.971680
0.489990,-0.316162,1.062744
-0.428955,-0.151733,0.774414
0.257690,-0.003784,1.079590
0.115112,-0.400879,0.878296
-0.327026,0.160522,0.949219
0.514648,-0.268433,1.083008
-0.395996,-0.155029,0.794678
0.173706,0.041382,1.071777
0.214844,-0.452759,0.903809
-0.371216,0.080811,0.881836
0.533691,-0.231934,1.110718
-0.310181,-0.195068,0.809082
0.096069,0.110107,1.073730
0.278076,-0.465210,0.922363
-0.432251,0.046753,0.846680
0.529541,-0.217163,1.130615
-0.242432,-0.245239,0.827881
0.025879,0.164795,1.077271
0.344238,-0.431152,0.966553
-0.468262,0.016846,0.814575
0.512451,-0.189941,1.146606
-0.157227,-0.269165,0.845703
-0.054688,0.200562,1.067261
0.396973,-0.393921,1.006104
-0.455444,0.002808,0.833496
0.482300,-0.150391,1.138794
-0.084106,-0.282471,0.864136
-0.081787,0.212280,1.086670
0.420898,-0.353760,1.025269
-0.461792,-0.026855,0.828735
0.470093,-0.144043,1.153320
0.021851,-0.382812,0.888184
-0.174805,0.224854,1.049194
0.460938,-0.320557,1.046753
-0.434937,-0.043457,0.823242
0.421753,-0.098389,1.144531
0.042725,-0.382446,0.893677
-0.209717,0.167480,1.012939
0.496582,-0.280884,1.093628
-0.436035,-0.064209,0.809204
0.364136,-0.055664,1.136230
0.091309,-0.393188,0.911865
-0.258057,0.189209,1.027954
0.529785,-0.271729,1.119873
-0.397949,-0.117920,0.828613
0.287476,-0.003174,1.125854
0.162720,-0.401611,0.938965
-0.301514,0.135498,0.962769
0.540283,-0.234497,1.138550
-0.368652,-0.142212,0.824463
0.231934,0.032593,1.122681
0.225830,-0.432983,0.951416
-0.367310,0.097534,0.916870
0.561035,-0.232300,1.149292
-0.302734,-0.204956,0.827148
0.135742,0.143188,1.122192
0.293091,-0.433350,0.961670
-0.415283,0.094238,0.902954
0.558838,-0.208984,1.161255
-0.245361,-0.259766,0.848267
0.063354,0.154419,1.099365
0.332275,-0.398804,0.988525
-0.436890,0.036743,0.869263
0.550537,-0.202393,1.162598
-0.165527,-0.261475,0.872070
0.004639,0.200928,1.104248
0.365234,-0.375122,0.993530
-0.436035,0.015991,0.859985
0.530396,-0.194336,1.165527
-0.096924,-0.338989,0.876099
-0.045776,0.190796,1.083008
0.389160,-0.338745,1.007568
-0.465332,0.022827,0.838867
0.519287,-0.173584,1.174927
-0.029663,-0.381714,0.874268
-0.102783,0.194214,1.075562
0.414185,-0.321899,1.021851
-0.463623,-0.012207,0.826294
0.490723,-0.132568,1.171753
-0.012329,-0.348145,0.879028
-0.166138,0.199951,1.048340
0.455688,-0.296997,1.066772
-0.466064,-0.040405,0.806519
0.442383,-0.093262,1.183594
0.028809,-0.356567,0.892944
-0.239502,0.232056,1.031250
0.485596,-0.278687,1.079224
-0.441284,-0.086182,0.795166
0.366699,-0.062866,1.157837
0.084961,-0.384766,0.921021
-0.306519,0.212524,1.014282
0.514038,-0.287598,1.100464
-0.406616,-0.111084,0.801270
0.285767,0.032104,1.160278
0.135376,-0.396606,0.909424
-0.343628,0.153442,0.961060
0.536987,-0.279541,1.110718
-0.362305,-0.177734,0.809692
0.192261,0.061646,1.117554
0.198120,-0.404419,0.923462
-0.400635,0.131836,0.915405
0.547363,-0.257080,1.125610
-0.335938,-0.214966,0.801392
0.117920,0.078125,1.087524
0.255615,-0.387573,0.958130
-0.433228,0.063599,0.869385
0.529541,-0.207397,1.126221
-0.276978,-0.243408,0.802368
0.026855,0.159912,1.089966
0.321045,-0.394409,0.964478
-0.459839,0.055054,0.849121
0.508423,-0.176514,1.118408
-0.175293,-0.306274,0.813477
-0.037842,0.148682,1.064453
0.343140,-0.373535,0.969849
-0.490479,-0.000488,0.811523
0.492798,-0.159790,1.150757
-0.108276,-0.351318,0.790527
-0.154541,0.201172,1.044922
0.393799,-0.355225,0.980103
-0.508057,-0.018799,0.807861
0.438721,-0.159546,1.126099
-0.066895,-0.347168,0.825562
-0.228027,0.182983,0.988770
0.410278,-0.291504,1.026123
-0.505005,-0.058228,0.777466
0.366211,-0.122681,1.117920
0.011597,-0.371460,0.862183
-0.318604,0.188965,0.964722
0.442261,-0.281494,1.040649
-0.469116,-0.091919,0.767700
0.280762,-0.060669,1.094604
0.060547,-0.388428,0.853271
-0.388184,0.164673,0.915405
0.472046,-0.266357,1.073853
-0.421875,-0.160278,0.764771
0.153320,0.024902,1.070557
0.148193,-0.421875,0.876709
-0.452881,0.145020,0.879150
0.493286,-0.218628,1.093994
-0.376343,-0.179565,0.770874
0.030151,0.105225,1.040527
0.225464,-0.408081,0.908203
-0.490112,0.078003,0.840454
0.477661,-0.228760,1.069702
-0.247681,-0.263428,0.785767
-0.065430,0.125244,1.014282
0.271118,-0.373901,0.922607
-0.522461,-0.001099,0.774292
0.453369,-0.185303,1.086548
-0.186157,-0.308228,0.758911
-0.155151,0.163330,0.990967
0.322144,-0.359253,0.929443
-0.557983,-0.027832,0.752319
0.422974,-0.192017,1.086670
-0.134155,-0.357910,0.766357
-0.242432,0.192871,0.969849
0.363159,-0.336670,0.951660
-0.573364,0.000732,0.747559
0.342285,-0.144897,1.068237
-0.075684,-0.396484,0.781738
-0.311523,0.169556,0.927612
0.385132,-0.296509,0.979858
-0.547485,-0.043213,0.733643
0.259277,-0.074097,1.052856
-0.022095,-0.391846,0.810059
-0.404419,0.179688,0.900146
0.423462,-0.269653,1.012451
-0.499390,-0.074097,0.750854
0.139160,0.000854,1.020020
0.066650,-0.433228,0.832153
-0.496094,0.129639,0.835938
0.447266,-0.256836,1.031494
-0.421143,-0.146484,0.743042
0.037964,0.148438,1.041016
0.158081,-0.418091,0.847412
-0.560059,0.098389,0.796387
0.448730,-0.265869,1.026733
-0.312500,-0.268677,0.731201
-0.050903,0.188477,1.020020
0.206543,-0.390381,0.848511
-0.578857,0.074951,0.773438
0.453369,-0.288452,1.014404
-0.256104,-0.338135,0.715698
-0.123047,0.159668,0.974365
0.264893,-0.382935,0.879150
-0.603149,0.080444,0.745361
0.412842,-0.272827,1.006836
-0.191284,-0.355469,0.737793
-0.208252,0.119629,0.935059
0.290649,-0.332153,0.907837
-0.593506,0.048584,0.737549
0.365234,-0.175781,1.018311
-0.155396,-0.362183,0.746948
-0.293945,0.155151,0.914307
0.349487,-0.354126,0.934448
-0.587036,0.010742,0.723877
0.301880,-0.108887,1.022705
-0.146484,-0.349487,0.740723
-0.325073,0.170532,0.907959
0.375122,-0.340942,0.955688
-0.585205,-0.011475,0.719482
0.265259,-0.069702,1.017944
-0.096191,-0.394043,0.740356
-0.380493,0.191650,0.885620
0.384521,-0.327881,0.950317
-0.578003,-0.024536,0.713135
0.225098,-0.062500,1.011597
-0.066040,-0.398071,0.764038
-0.427002,0.188599,0.869995
0.403198,-0.296021,0.969360
-0.550659,-0.045532,0.712891
0.140015,0.023071,1.004883
0.006470,-0.410034,0.784790
-0.473511,0.190063,0.865234
0.412720,-0.282471,0.973511
-0.522583,-0.080933,0.713257
0.082642,0.059937,0.992188
0.068970,-0.400879,0.825562
-0.538574,0.181274,0.823364
0.415894,-0.235962,0.995605
-0.457153,-0.107178,0.722900
0.038208,0.148071,1.025879
0.127808,-0.411621,0.825073
-0.562500,0.149658,0.815063
0.414429,-0.230713,0.991821
-0.369629,-0.199463,0.724609
-0.045288,0.194336,0.997803
0.194092,-0.409302,0.847534
-0.578247,0.104126,0.774048
0.395142,-0.180542,1.007324
-0.294800,-0.252686,0.718018
-0.080200,0.189575,0.981934
0.234009,-0.369141,0.863892
-0.618042,0.113403,0.769775
0.414673,-0.203857,1.017212
-0.232910,-0.307373,0.719482
-0.159912,0.199951,0.954102
0.279419,-0.356323,0.885742
-0.604858,0.083130,0.756470
0.394897,-0.151489,1.036865
-0.167236,-0.345093,0.724976
-0.217773,0.191162,0.919556
0.321167,-0.335205,0.903809
-0.616577,0.062744,0.736084
0.356689,-0.128662,1.024048
-0.107178,-0.398071,0.722290
-0.285889,0.196045,0.892090
0.356323,-0.312256,0.917725
-0.609985,0.064697,0.726196
0.303955,-0.101685,1.011841
-0.050659,-0.436401,0.753418
-0.353760,0.201782,0.870728
0.372559,-0.281372,0.935791
-0.580566,0.033325,0.711670
0.253540,-0.045410,0.994507
-0.027344,-0.409302,0.760620
-0.401855,0.190063,0.852783
0.403687,-0.270630,0.951904
-0.546509,0.001831,0.717163
0.169800,0.022095,0.979370
0.047974,-0.431763,0.783813
-0.460938,0.206909,0.830933
0.404053,-0.228882,0.975098
-0.496338,-0.078735,0.724731
0.115479,0.047363,0.988525
0.074463,-0.388672,0.812988
-0.503174,0.202759,0.832520
0.442017,-0.234619,0.984009
-0.437744,-0.080322,0.750854
0.033081,0.135620,0.990112
0.123169,-0.414551,0.811768
-0.538818,0.160522,0.804688
0.454102,-0.207520,1.004150
-0.381348,-0.145264,0.737305
-0.011353,0.190186,1.001709
0.200562,-0.417480,0.844849
-0.571899,0.123779,0.780273
0.436279,-0.187866,1.017578
-0.303955,-0.192993,0.749146
-0.065918,0.206543,0.992554
0.252075,-0.379028,0.865845
-0.595581,0.109375,0.768921
0.436646,-0.200684,1.027344
-0.218872,-0.253784,0.770264
-0.136108,0.207031,0.944946
0.285889,-0.335571,0.887207
-0.594971,0.095459,0.760742
0.421509,-0.183716,1.029541
-0.146362,-0.332275,0.763672
-0.191162,0.177124,0.918945
0.325928,-0.318237,0.913452
-0.581177,0.075317,0.748535
0.381592,-0.118164,1.039429
-0.078369,-0.368774,0.774170
-0.251221,0.178711,0.890381
0.358032,-0.316528,0.924927
-0.575562,0.043335,0.738037
0.325317,-0.102295,1.002563
-0.025757,-0.412476,0.767334
-0.316162,0.176758,0.866211
0.400635,-0.297363,0.953369
-0.547119,-0.002441,0.734619
0.230103,-0.023315,0.993286
0.018066,-0.435181,0.767090
-0.384399,0.163452,0.845093
0.433594,-0.238770,0.990356
-0.415283,-0.113892,0.737061
0.030518,0.176758,1.016113
0.050171,-0.405884,0.786743
-0.554565,0.170410,0.806152
0.445801,-0.225464,1.000610
-0.342407,-0.171021,0.757568
-0.041748,0.166626,0.987915
0.218018,-0.387817,0.869263
-0.585327,0.137573,0.766968
0.416260,-0.150269,1.025879
-0.233154,-0.265869,0.740845
-0.119629,0.196777,0.970459
0.293335,-0.403564,0.893555
-0.616089,0.112427,0.740234
0.401367,-0.131836,1.025269
-0.132202,-0.337891,0.752808
-0.209595,0.214355,0.931396
0.342041,-0.344604,0.903809
-0.584351,0.078613,0.761475
0.357056,-0.110596,1.026123
-0.078613,-0.386841,0.751587
-0.267090,0.171753,0.881470
0.377808,-0.296509,0.922607
-0.583374,0.050537,0.743774
0.288696,-0.078003,0.998901
-0.005249,-0.425537,0.774658
-0.344604,0.146484,0.843140
0.389526,-0.252197,0.956421
-0.532715,-0.016235,0.723633
0.183594,0.004272,0.986450
0.044434,-0.411987,0.796265
-0.420410,0.136719,0.814209
0.427490,-0.254395,0.967896
-0.473999,-0.056030,0.744629
0.099365,0.111084,0.995850
0.097412,-0.416138,0.788940
-0.510010,0.152588,0.803589
0.448730,-0.247681,0.986572
-0.386597,-0.139404,0.757446
0.020264,0.186890,1.020264
0.161987,-0.387573,0.821167
-0.560913,0.096680,0.761108
0.448486,-0.215576,1.031250
-0.303467,-0.224365,0.741699
-0.047852,0.221680,1.008545
0.242188,-0.390625,0.854126
-0.581055,0.105713,0.756836
0.449707,-0.218994,1.029297
-0.226807,-0.257568,0.767944
-0.134766,0.198730,0.962158
0.308228,-0.407715,0.892212
-0.576172,0.098511,0.759644
0.417114,-0.147095,1.038208
-0.141724,-0.305786,0.775879
-0.193237,0.200317,0.941284
0.340454,-0.399780,0.906250
-0.571289,0.063721,0.762695
0.379272,-0.115845,1.033813
-0.074097,-0.341187,0.779175
-0.243896,0.211792,0.911377
0.364746,-0.361572,0.925781
-0.555420,-0.002441,0.748169
0.347290,-0.119263,1.022949
-0.025024,-0.383911,0.778320
-0.297852,0.231812,0.900757
0.390991,-0.331909,0.943359
-0.525635,-0.072510,0.729370
0.294189,-0.098022,1.000366
-0.003784,-0.392090,0.777100
-0.335083,0.176514,0.864990
0.419556,-0.321777,0.953247
-0.505493,-0.084473,0.749512
0.219849,-0.072266,0.981323
0.054321,-0.446167,0.776733
-0.379395,0.141846,0.834839
0.448975,-0.298828,0.972900
-0.482300,-0.104004,0.752686
0.136353,-0.014404,0.985718
0.103271,-0.476562,0.789062
-0.434082,0.093750,0.781616
0.429932,-0.236206,0.989624
-0.414185,-0.145386,0.743408
0.069702,0.060669,0.997925
0.182129,-0.479126,0.823853
-0.505981,0.104126,0.772339
0.434204,-0.224976,1.004639
-0.333618,-0.179321,0.759399
-0.021118,0.118164,0.998291
0.250977,-0.489136,0.860474
-0.533447,0.045166,0.742065
0.431519,-0.182495,1.040527
-0.237427,-0.242432,0.771729
-0.110962,0.190552,0.995728
0.323120,-0.451172,0.904175
-0.542236,0.012329,0.759399
0.402466,-0.182007,1.032715
-0.136719,-0.307617,0.792725
-0.184937,0.186523,0.964355
0.366211,-0.370972,0.954468
-0.545410,-0.029907,0.749634
0.360352,-0.132935,1.046875
-0.027588,-0.424927,0.780640
-0.234009,0.176880,0.935669
0.398193,-0.335205,0.970581
-0.518311,-0.024536,0.770142
0.302124,-0.117188,1.019897
0.053833,-0.457275,0.822021
-0.300781,0.140137,0.901855
0.429688,-0.305420,0.989258
-0.494019,-0.018799,0.777344
0.224854,-0.049683,1.010254
0.083618,-0.477783,0.808594
-0.348877,0.101807,0.867432
0.446289,-0.272461,1.022339
-0.448120,-0.119385,0.752075
0.154785,0.015259,1.012573
0.124512,-0.470825,0.828369
-0.401123,0.062866,0.839600
0.483398,-0.268677,1.033813
-0.399048,-0.152588,0.754639
0.066895,0.104370,1.016113
0.209961,-0.453735,0.864746
-0.437622,0.028931,0.803223
0.483643,-0.267822,1.048462
-0.342529,-0.199951,0.764282
0.009888,0.145630,1.034180
0.269165,-0.459106,0.890015
-0.485596,0.036621,0.791138
0.472168,-0.274048,1.051025
-0.266113,-0.281494,0.785034
-0.042480,0.167114,1.035278
0.297852,-0.398315,0.914795
-0.505249,0.030396,0.780396
0.468750,-0.231567,1.077026
-0.176392,-0.295410,0.822754
-0.086426,0.161865,1.018066
0.340698,-0.381714,0.940918
-0.511230,0.021851,0.774780
0.441772,-0.190430,1.081055
-0.075806,-0.362549,0.826538
-0.134888,0.172729,1.015869
0.377075,-0.359741,0.966675
-0.521484,0.034180,0.774170
0.411377,-0.175781,1.071655
0.003418,-0.443237,0.843628
-0.168701,0.160522,1.014648
0.424194,-0.352539,0.995117
-0.510132,0.005127,0.755493
0.350098,-0.101807,1.059204
0.055542,-0.421265,0.861694
-0.202759,0.156372,1.017456
0.457764,-0.344727,1.022705
-0.476196,-0.039795,0.777100
0.303711,-0.063354,1.060181
0.073120,-0.441772,0.847046
-0.265381,0.122559,0.951172
0.488525,-0.283447,1.073975
-0.417236,-0.118652,0.789795
0.242676,-0.006348,1.072998
0.111572,-0.455444,0.854248
-0.310303,0.118896,0.940308
0.519653,-0.246460,1.100464
-0.390747,-0.114990,0.805542
0.159424,0.039185,1.053955
0.205322,-0.501221,0.874146
-0.360840,0.048218,0.890015
0.529297,-0.223389,1.130005
-0.328735,-0.161011,0.819702
0.077148,0.124512,1.056885
0.299683,-0.461670,0.922852
-0.433105,0.012085,0.828369
0.512573,-0.217896,1.127930
-0.240479,-0.240356,0.830322
-0.000977,0.173218,1.057495
0.348511,-0.403564,0.971069
-0.463623,0.018433,0.833984
0.506470,-0.218994,1.137207
-0.132324,-0.294434,0.854858
-0.072754,0.207520,1.054199
0.395996,-0.352417,1.003296
-0.471191,0.001831,0.820190
0.473999,-0.147583,1.152222
0.005615,-0.386597,0.882812
-0.150635,0.197021,1.036621
0.449219,-0.334961,1.036255
-0.466431,-0.017212,0.799194
0.412720,-0.099487,1.140503
0.057495,-0.412109,0.900635
-0.188232,0.177612,1.050659
0.485474,-0.304810,1.074219
-0.457764,-0.041748,0.792114
0.361694,-0.030884,1.134033
0.107910,-0.401855,0.911499
-0.274536,0.191040,1.024414
0.507446,-0.270874,1.111206
-0.410522,-0.119873,0.810425
0.302368,-0.007935,1.128052
0.161133,-0.402710,0.932617
-0.322754,0.187134,0.986816
0.550537,-0.274536,1.118042
-0.360596,-0.141724,0.825317
0.218628,0.031128,1.110962
0.230225,-0.415405,0.958008
-0.354492,0.108643,0.916504
0.553589,-0.213867,1.146240
-0.296875,-0.181274,0.843140
0.127930,0.098877,1.103760
0.305786,-0.442139,0.971558
-0.401001,0.087158,0.881470
0.546265,-0.200684,1.146240
-0.232788,-0.204346,0.855713
0.031250,0.146729,1.079102
0.373535,-0.405029,1.007080
-0.425659,0.061279,0.870728
0.522217,-0.144165,1.155640
-0.126953,-0.279419,0.877319
-0.040405,0.182617,1.084229
0.422485,-0.365845,1.034912
-0.437256,-0.005981,0.844116
0.499390,-0.091431,1.186401
-0.010498,-0.334839,0.888794
-0.137573,0.202637,1.072632
0.456909,-0.352051,1.052246
-0.434814,-0.059814,0.832153
0.449951,-0.083496,1.173584
0.012451,-0.310303,0.900635
-0.203247,0.216309,1.044556
0.496704,-0.296387,1.086182
-0.429077,-0.086182,0.813599
0.382690,-0.069702,1.157227
0.089111,-0.349976,0.925293
-0.273193,0.222412,1.029663
0.527954,-0.254883,1.114380
-0.373779,-0.148071,0.823975
0.280029,-0.010132,1.140015
0.165161,-0.385498,0.949097
-0.341187,0.132568,0.930664
0.554932,-0.243042,1.137085
-0.315552,-0.192749,0.818359
0.161377,0.088379,1.115845
0.275635,-0.407715,0.967407
-0.393188,0.096802,0.903564
0.541992,-0.186768,1.150024
-0.262329,-0.240234,0.831177
0.061523,0.117554,1.100708
0.347290,-0.405762,0.992432
-0.447632,0.064209,0.870483
0.540771,-0.135254,1.174683
-0.147461,-0.281616,0.850220
-0.038940,0.180420,1.078247
0.393066,-0.389038,0.999756
-0.459106,-0.013428,0.844360
0.511230,-0.167358,1.161865
-0.058960,-0.312622,0.870605
-0.130493,0.227905,1.073730
0.416626,-0.328369,1.027588
-0.456055,-0.070679,0.821533
0.459961,-0.117676,1.174561
-0.027344,-0.356445,0.858398
-0.213257,0.236084,1.035767
0.466431,-0.295532,1.065308
-0.458862,-0.064087,0.801392
0.391235,-0.102173,1.158936
0.039917,-0.366089,0.887939
-0.276489,0.198120,0.999634
0.489990,-0.259033,1.093750
-0.425049,-0.108154,0.784912
0.303589,-0.036377,1.132935
0.116089,-0.377075,0.913940
-0.345459,0.163696,0.940552
0.514648,-0.245850,1.101929
-0.384521,-0.163208,0.783813
0.187012,0.024902,1.103516
0.203491,-0.416504,0.931885
-0.406616,0.129028,0.908325
0.520020,-0.224976,1.107178
-0.335938,-0.196289,0.799683
0.077026,0.069580,1.057251
0.272461,-0.386597,0.962769
-0.450562,0.054688,0.857178
0.519165,-0.195312,1.132202
-0.232544,-0.254639,0.819946
-0.020264,0.134399,1.052856
0.324951,-0.395020,0.955444
-0.474243,0.019653,0.827271
0.494873,-0.179077,1.124390
-0.129883,-0.325195,0.815063
-0.122437,0.168457,1.021973
0.364502,-0.347534,0.975830
-0.510620,-0.033569,0.789917
0.458740,-0.172729,1.130371
-0.093140,-0.352539,0.813110
-0.212158,0.197144,1.008667
0.410156,-0.330811,0.995239
-0.532959,-0.020264,0.769897
0.393066,-0.137207,1.121704
-0.038208,-0.376465,0.827026
-0.283936,0.171875,0.968140
0.450684,-0.292969,1.036255
-0.493164,-0.055786,0.768677
0.280273,-0.067261,1.088745
0.037231,-0.401367,0.866089
-0.357178,0.151489,0.933228
0.449097,-0.266968,1.047119
-0.457886,-0.102173,0.760376
0.214478,-0.002930,1.083496
0.113281,-0.400269,0.881836
-0.449585,0.153198,0.883179
0.462769,-0.229980,1.073730
-0.417114,-0.190186,0.744873
0.111450,0.075928,1.055786
0.177002,-0.421021,0.877441
-0.481934,0.127808,0.866943
0.480713,-0.219482,1.082642
-0.363159,-0.195435,0.771606
0.029785,0.096436,1.044800
0.211914,-0.400879,0.903076
-0.516235,0.055664,0.815430
0.483032,-0.229980,1.084961
-0.266602,-0.293823,0.752319
-0.057007,0.139160,1.025024
0.262573,-0.410889,0.889771
-0.545288,0.071167,0.803833
0.468628,-0.236450,1.070312
-0.212158,-0.326416,0.755249
-0.130249,0.144287,0.972778
0.290527,-0.382080,0.899414
-0.536011,0.015625,0.768066
0.435913,-0.195557,1.067871
-0.197998,-0.349976,0.747437
-0.183594,0.138428,0.970337
0.329224,-0.359863,0.926270
-0.569580,0.020630,0.752930
0.414795,-0.184326,1.080811
-0.146729,-0.375244,0.755249
-0.260132,0.177246,0.950928
0.342041,-0.316406,0.949951
-0.565674,-0.029053,0.735352
0.371582,-0.165039,1.064697
-0.126953,-0.366943,0.767578
-0.315796,0.177612,0.922241
0.373291,-0.337036,0.955200
-0.566772,0.012817,0.748291
0.298218,-0.125977,1.041382
-0.085693,-0.395142,0.783813
-0.361206,0.189453,0.910400
0.403809,-0.319580,0.976562
-0.548218,-0.028198,0.720215
0.217407,-0.049194,1.023804
-0.032349,-0.373657,0.809937
-0.410522,0.170288,0.894409
0.409058,-0.286743,0.999146
-0.524658,-0.078003,0.717651
0.150269,0.042725,1.029419
0.022705,-0.405396,0.814331
-0.481201,0.166992,0.859253
0.438354,-0.296265,1.010620
-0.500000,-0.117798,0.721558
0.062988,0.098022,1.018066
0.088745,-0.421143,0.818726
-0.530396,0.167358,0.846191
0.438965,-0.281372,1.004761
-0.446655,-0.140503,0.745117
0.028931,0.115845,1.019775
0.148315,-0.418457,0.838501
-0.564087,0.152100,0.809204
0.428833,-0.267090,1.003418
-0.364014,-0.227905,0.716064
-0.022461,0.154175,1.008301
0.185181,-0.398926,0.840698
-0.592163,0.117676,0.787476
0.430420,-0.248779,1.001221
-0.311035,-0.261597,0.726074
-0.079346,0.155762,0.977539
0.220093,-0.394165,0.862915
-0.604004,0.099365,0.773071
0.420898,-0.209595,1.030029
-0.262451,-0.299561,0.716431
-0.133301,0.159546,0.961670
0.263672,-0.388916,0.882324
-0.609253,0.080444,0.757080
0.410767,-0.192871,1.023926
-0.225952,-0.335083,0.699707
-0.182251,0.188843,0.952759
0.290894,-0.357788,0.898560
-0.619873,0.066406,0.745728
0.388916,-0.203125,1.013794
-0.182861,-0.379150,0.700928
-0.241577,0.174927,0.919556
0.320190,-0.344482,0.915649
-0.614258,0.043945,0.730347
0.369751,-0.167603,1.017090
-0.158691,-0.373291,0.725708
-0.285278,0.175049,0.905273
0.348999,-0.348267,0.921265
-0.612427,0.052368,0.724121
0.319946,-0.122192,1.024048
-0.121826,-0.387573,0.741821
-0.339355,0.189331,0.892822
0.373413,-0.342896,0.918823
-0.591431,0.036255,0.714355
0.283569,-0.067993,1.015503
-0.081177,-0.400146,0.743286
-0.384521,0.199951,0.871582
0.385254,-0.323242,0.934448
-0.570190,0.004883,0.715698
0.223877,-0.030151,1.007690
-0.050415,-0.412720,0.754272
-0.437378,0.216797,0.863159
0.401001,-0.306152,0.952637
-0.547119,-0.056152,0.707642
0.166748,0.009644,1.005127
-0.004395,-0.418213,0.768799
-0.473633,0.223511,0.848267
0.418823,-0.280151,0.956909
-0.510376,-0.065308,0.728638
0.087280,0.066772,0.995972
0.060913,-0.411621,0.808716
-0.509766,0.198853,0.837646
0.429810,-0.257568,0.977295
-0.469238,-0.072876,0.736206
0.047241,0.132080,1.008667
0.135010,-0.396851,0.834961
-0.560547,0.176880,0.808350
0.422363,-0.224609,0.994141
-0.382568,-0.132446,0.746216
-0.022949,0.193970,0.996582
0.213745,-0.411377,0.854126
-0.606812,0.172241,0.791016
0.417603,-0.199707,1.006470
-0.279907,-0.246704,0.724243
-0.100708,0.201782,0.973267
0.257690,-0.365356,0.867798
-0.623657,0.128784,0.761230
0.428345,-0.182861,1.037354
-0.185547,-0.291016,0.753174
-0.170532,0.224243,0.945801
0.298218,-0.342651,0.876831
-0.614990,0.085938,0.742798
0.392700,-0.176392,1.020752
-0.135742,-0.362671,0.741089
-0.232300,0.210327,0.915161
0.345215,-0.343262,0.896118
-0.610229,0.068970,0.734131
0.338257,-0.137207,0.990845
-0.084351,-0.394287,0.738037
-0.273193,0.189575,0.888794
0.380615,-0.311035,0.919678
-0.588745,0.058350,0.734863
0.275757,-0.068481,0.990234
-0.038330,-0.427246,0.751953
-0.345581,0.174561,0.860352
0.389648,-0.280273,0.940674
-0.554688,0.017822,0.724365
0.218262,-0.033325,0.986450
0.008423,-0.417236,0.768799
-0.402344,0.171021,0.835327
0.416016,-0.255493,0.961304
-0.522339,-0.003906,0.729614
0.149902,0.055176,1.004028
0.068115,-0.424438,0.791504
-0.478394,0.188599,0.836060
0.438721,-0.242065,0.980469
-0.471436,-0.058472,0.730835
0.076172,0.124146,1.010498
0.113770,-0.410522,0.806641
-0.521606,0.126953,0.791504
0.451904,-0.216919,1.000610
-0.406860,-0.107910,0.735474
0.020996,0.189575,1.013550
0.161499,-0.401367,0.827148
-0.555786,0.131470,0.772827
0.458740,-0.244751,1.005249
-0.351074,-0.155640,0.753052
-0.029297,0.181885,1.001831
0.202759,-0.376343,0.853760
-0.567749,0.113403,0.768433
0.453369,-0.217163,1.012329
-0.272705,-0.243286,0.758789
-0.067261,0.178833,0.996826
0.242188,-0.392700,0.855713
-0.581177,0.118286,0.763428
0.425049,-0.177002,1.020508
-0.200195,-0.269653,0.766968
-0.117798,0.187500,0.978516
0.300781,-0.405884,0.894165
-0.594360,0.110352,0.748291
0.398560,-0.149048,1.020264
-0.141602,-0.307983,0.768433
-0.160400,0.204468,0.967651
0.317993,-0.369995,0.899414
-0.589478,0.071899,0.747192
0.381714,-0.134644,1.030029
-0.083130,-0.326050,0.783813
-0.226562,0.197632,0.922852
0.352051,-0.370361,0.911987
-0.574951,0.037720,0.744019
0.340454,-0.108643,1.013062
-0.036255,-0.377563,0.783203
-0.264526,0.190063,0.899536
0.377686,-0.286865,0.956177
-0.553223,-0.026245,0.724365
0.296631,-0.111084,0.982544
-0.001831,-0.420898,0.770508
-0.303467,0.159058,0.875000
0.404419,-0.267456,0.959595
-0.544800,-0.009399,0.732056
0.234497,-0.026855,1.004883
0.027710,-0.445679,0.777466
-0.352905,0.103149,0.835449
0.431396,-0.279785,0.968140
-0.531250,-0.019897,0.742798
0.177612,0.008423,0.982666
0.068115,-0.441406,0.788696
-0.412476,0.106812,0.807983
0.457764,-0.303345,0.982666
-0.497559,-0.054443,0.739868
0.100220,0.070435,0.989014
0.095947,-0.462646,0.792969
-0.446777,0.081421,0.806519
0.461548,-0.273926,0.997437
-0.444702,-0.106689,0.746704
0.039062,0.136230,0.996338
0.165527,-0.477295,0.817017
-0.496094,0.083862,0.775391
0.452759,-0.239136,1.024048
-0.378296,-0.178833,0.755005
-0.006592,0.141357,1.018555
0.220581,-0.483887,0.833984
-0.529541,0.059937,0.749268
0.448975,-0.232788,1.030151
-0.285889,-0.203857,0.769653
-0.092651,0.202393,0.999878
0.280762,-0.427246,0.888794
-0.535400,0.014648,0.756958
0.431519,-0.249634,1.021362
-0.209229,-0.241699,0.786743
-0.146240,0.236816,0.981323
0.312500,-0.351196,0.913940
-0.549683,0.014648,0.760010
0.407104,-0.231323,1.022583
-0.111206,-0.312622,0.812866
-0.194824,0.195557,0.969238
0.337646,-0.360474,0.936157
-0.554443,0.000488,0.749634
0.374512,-0.164185,1.033691
-0.029297,-0.411255,0.797485
-0.235596,0.179321,0.940430
0.382568,-0.364502,0.938843
-0.547974,-0.029541,0.730957
0.320312,-0.138184,1.014404
0.038330,-0.473022,0.802612
-0.280762,0.135376,0.899902
0.409912,-0.322998,0.968872
-0.506104,-0.049194,0.748779
0.237671,-0.052856,1.013794
0.080078,-0.507446,0.789185
-0.340698,0.117920,0.879395
0.441284,-0.314819,0.993164
-0.486206,-0.103027,0.739502
0.148804,0.013794,1.007080
0.122559,-0.487061,0.800659
-0.381714,0.089966,0.863403
0.467773,-0.286743,1.025269
-0.426880,-0.122803,0.762573
0.067993,0.075684,1.008789
0.197876,-0.489380,0.843872
-0.453857,0.012939,0.788574
0.476929,-0.242310,1.073242
-0.339722,-0.196411,0.760986
-0.011230,0.176636,1.046875
0.279175,-0.427124,0.890137
-0.499390,-0.018311,0.762939
0.458130,-0.265991,1.051270
-0.251587,-0.258911,0.796509
-0.067505,0.194092,1.016235
0.319214,-0.379272,0.936035
-0.514282,0.008667,0.778076
0.421875,-0.216919,1.061401
-0.131348,-0.341553,0.812622
-0.138306,0.181519,1.002563
0.366089,-0.377563,0.953491
-0.525146,0.001831,0.775635
0.396973,-0.178101,1.056885
-0.010742,-0.393188,0.834595
-0.206299,0.193970,0.990356
0.401611,-0.359131,0.978638
-0.495850,-0.056152,0.759033
0.334106,-0.102295,1.067749
0.054321,-0.446411,0.822754
-0.259155,0.165527,0.963623
0.446777,-0.320068,1.014038
-0.483765,-0.075928,0.755249
0.265869,-0.069702,1.037598
0.090576,-0.480713,0.826904
-0.312744,0.130615,0.936523
0.491333,-0.281738,1.056763
-0.429077,-0.082764,0.779419
0.171143,0.045166,1.051758
0.172729,-0.437744,0.874023
-0.380737,0.094116,0.898682
0.513916,-0.290283,1.071533
-0.380737,-0.152588,0.785889
0.102051,0.110229,1.063843
0.242920,-0.441650,0.909180
-0.426147,0.022461,0.830688
0.514893,-0.277222,1.098633
-0.306519,-0.246826,0.786011
0.031616,0.176880,1.059326
0.296021,-0.422241,0.931396
-0.445923,0.019043,0.822754
0.499268,-0.243408,1.100708
-0.252930,-0.270874,0.802856
-0.020630,0.135986,1.041626
0.352905,-0.438354,0.961182
-0.474854,0.042358,0.810791
0.483521,-0.155762,1.113770
-0.142578,-0.265869,0.851929
-0.095825,0.191284,1.037354
0.390869,-0.442993,0.972290
-0.460327,-0.050659,0.802612
0.455566,-0.113647,1.140381
-0.063354,-0.293091,0.858765
-0.152344,0.207886,1.023193
0.434082,-0.402100,0.997925
-0.441895,-0.099365,0.796387
0.415283,-0.075684,1.137573
0.017822,-0.333618,0.886475
-0.191528,0.202759,1.016724
0.461426,-0.350952,1.038696
-0.435547,-0.133301,0.782959
0.375732,-0.080688,1.137573
0.063232,-0.374756,0.870972
-0.243652,0.228760,1.012085
0.488647,-0.296021,1.057129
-0.411499,-0.125122,0.809570
0.333984,-0.072144,1.102905
0.101685,-0.411133,0.881714
-0.301270,0.197144,0.986694
0.516235,-0.249512,1.107788
-0.376953,-0.156494,0.813599
0.252075,-0.002075,1.115845
0.177246,-0.459473,0.898438
-0.343994,0.153442,0.927612
0.535156,-0.229858,1.123047
-0.344849,-0.165161,0.813965
0.184692,0.052612,1.105103
0.251587,-0.482300,0.932373
-0.386108,0.095459,0.879639
0.546265,-0.215210,1.136841
-0.290527,-0.189941,0.828003
0.107300,0.103638,1.090454
0.312500,-0.479858,0.949707
-0.402222,0.078979,0.880371
0.542236,-0.177734,1.154297
-0.237305,-0.213013,0.837402
0.030029,0.166138,1.077393
0.369141,-0.440918,0.995972
-0.434326,0.027954,0.863281
0.525024,-0.139160,1.180542
-0.177002,-0.237793,0.858398
-0.031860,0.193359,1.068970
0.397705,-0.401855,1.009399
-0.437134,-0.007935,0.854492
0.515503,-0.157471,1.173950
-0.071411,-0.279175,0.895874
-0.104858,0.217041,1.070557
0.424683,-0.356201,1.015869
-0.427856,-0.036865,0.843262
0.494995,-0.125854,1.178345
0.019165,-0.339844,0.906738
-0.150269,0.207397,1.044312
0.452759,-0.320068,1.041748
-0.446167,-0.047852,0.825073
0.446167,-0.117310,1.168823
0.038818,-0.357544,0.914307
-0.190918,0.218506,1.055542
0.480469,-0.261597,1.094971
-0.441772,-0.070435,0.812744
0.389038,-0.072388,1.147461
0.083252,-0.424805,0.901855
-0.253052,0.188477,1.034790
0.534058,-0.256836,1.140137
-0.409790,-0.079468,0.825317
0.312744,0.004639,1.152710
0.139893,-0.425293,0.923950
-0.292358,0.110229,0.984009
0.570557,-0.250000,1.165527
-0.364380,-0.154785,0.814331
0.218262,0.100708,1.138672
0.221680,-0.425049,0.948730
-0.366455,0.093750,0.934692
0.556152,-0.253296,1.148804
-0.306396,-0.196655,0.833130
0.150146,0.154175,1.141846
0.279175,-0.393799,0.965942
-0.408447,0.111084,0.906006
0.553101,-0.241333,1.145264
-0.274658,-0.237061,0.832520
0.103149,0.154663,1.129883
0.319824,-0.411499,0.972412
-0.447388,0.087402,0.880371
0.561768,-0.209473,1.154785
-0.195435,-0.258179,0.859131
0.000610,0.182373,1.097534
0.351440,-0.394897,0.990723
-0.436157,0.033325,0.874023
0.538208,-0.188232,1.163574
-0.137085,-0.290527,0.862915
-0.051514,0.198486,1.085693
0.377075,-0.367065,0.996826
-0.430054,-0.013550,0.859009
0.519653,-0.157349,1.165894
-0.072876,-0.342651,0.865723
-0.126709,0.198608,1.054199
0.417969,-0.368408,1.013672
-0.447266,-0.050781,0.833740
0.392700,-0.080688,1.156494
-0.053345,-0.311279,0.845703
-0.258911,0.224121,1.030640
0.518433,-0.259277,1.114868
-0.373657,-0.163086,0.823120
0.316528,-0.031372,1.152954
0.139893,-0.375244,0.938354
-0.308838,0.203369,0.986084
0.535889,-0.244263,1.121338
-0.338501,-0.185791,0.834717
0.248169,0.016724,1.142700
0.215942,-0.402710,0.957397
-0.355469,0.147705,0.934326
0.545776,-0.221680,1.131470
-0.282104,-0.218628,0.840576
0.138794,0.070923,1.109497
0.285522,-0.408447,0.982788
-0.385010,0.098267,0.902832
0.548218,-0.163452,1.153931
-0.245605,-0.193726,0.847534
0.035889,0.146118,1.080933
0.364868,-0.412109,1.001465
-0.419800,0.026733,0.867188
0.528198,-0.135620,1.180176
-0.115356,-0.246704,0.884033
-0.042480,0.195068,1.076050
0.393066,-0.370728,1.008545
-0.458740,-0.008423,0.847656
0.500122,-0.155029,1.169312
-0.017456,-0.316284,0.899048
-0.121948,0.208008,1.066772
0.442749,-0.319824,1.041626
-0.469604,-0.032104,0.833008
0.455444,-0.139282,1.168213
0.003052,-0.361084,0.889038
-0.200195,0.207886,1.046021
0.483276,-0.285400,1.078735
-0.449341,-0.070435,0.811035
0.359009,-0.070190,1.153564
0.070068,-0.394653,0.907104
-0.269653,0.176270,1.007080
0.512451,-0.260498,1.107178
-0.404785,-0.111572,0.809204
0.264648,-0.005737,1.132324
0.171875,-0.429688,0.926880
-0.358398,0.155029,0.948975
0.520630,-0.250122,1.115479
-0.342041,-0.154785,0.817993
0.166748,0.073730,1.102295
0.226074,-0.408447,0.946411
-0.398560,0.082886,0.897339
0.536621,-0.218750,1.143799
-0.301025,-0.197388,0.814087
0.066162,0.142456,1.091675
0.295776,-0.411865,0.946045
-0.438721,0.066162,0.890991
0.530273,-0.196777,1.142090
-0.215332,-0.260498,0.829834
-0.012939,0.143555,1.045654
0.335205,-0.386230,0.971924
-0.469482,0.009644,0.840088
0.516479,-0.174194,1.153564
-0.118652,-0.345825,0.821289
-0.072632,0.172607,1.041626
0.362671,-0.357422,0.969849
-0.484497,0.001587,0.819580
0.495239,-0.196289,1.135254
-0.096680,-0.364990,0.823730
-0.142456,0.172729,1.021851
0.396240,-0.328369,0.998779
-0.493042,0.008179,0.801025
0.435425,-0.165649,1.127441
-0.075317,-0.363159,0.836914
-0.225220,0.188354,1.014648
0.427124,-0.309570,1.026733
-0.494385,-0.042114,0.777100
0.382568,-0.102417,1.138916
-0.027832,-0.362671,0.846924
-0.284546,0.183594,0.988892
0.465454,-0.308228,1.044067
-0.476074,-0.082153,0.772827
0.295044,-0.051514,1.114868
0.029297,-0.390869,0.868286
-0.340454,0.146973,0.945068
0.483765,-0.302979,1.062988
-0.421265,-0.141113,0.773682
0.201172,0.049927,1.089111
0.092529,-0.395142,0.866455
-0.418213,0.145630,0.910034
0.503662,-0.288696,1.075073
-0.409546,-0.159424,0.779297
0.124023,0.120728,1.083984
0.156128,-0.407471,0.883301
-0.458252,0.109863,0.877563
0.484375,-0.258545,1.066162
-0.355225,-0.217529,0.770142
0.051880,0.148315,1.059204
0.206665,-0.399292,0.903564
-0.495605,0.059082,0.820190
0.492920,-0.241943,1.077515
-0.301392,-0.266113,0.765869
-0.009033,0.134888,1.039673
0.253906,-0.396851,0.897583
-0.519775,0.049561,0.802612
0.471558,-0.236816,1.073486
-0.228882,-0.311768,0.764648
-0.067139,0.136963,1.009277
0.287354,-0.389404,0.901855
-0.532349,0.040649,0.798584
0.447510,-0.200806,1.074951
-0.200317,-0.349854,0.743774
-0.172241,0.147827,0.956543
0.346191,-0.384766,0.938354
-0.533569,-0.002197,0.778931
0.407959,-0.141357,1.088623
-0.166138,-0.336548,0.754517
-0.247314,0.150879,0.951904
0.370483,-0.390503,0.945557
-0.538208,-0.026611,0.764893
0.369751,-0.126343,1.076538
-0.125122,-0.320435,0.791992
-0.315063,0.175781,0.921509
0.396484,-0.340210,0.977783
-0.551636,-0.058838,0.743774
0.309937,-0.122559,1.055298
-0.072021,-0.353394,0.801270
-0.366211,0.181274,0.911743
0.406250,-0.302368,0.992310
-0.540894,-0.096191,0.717041
0.226562,-0.063477,1.047119
0.008789,-0.399902,0.817261
-0.436523,0.188965,0.884399
0.421509,-0.266968,1.009033
-0.501953,-0.127441,0.722290
0.121216,0.021362,1.023804
0.083984,-0.428223,0.841675
-0.492188,0.147217,0.848145
0.434326,-0.251953,1.020020
-0.453491,-0.125000,0.752075
0.033203,0.079102,0.993042
0.162842,-0.433960,0.847046
-0.550659,0.104736,0.807007
0.436401,-0.225220,1.043213
-0.335938,-0.230103,0.735596
-0.067505,0.141357,0.987305
0.234009,-0.408936,0.875732
-0.578369,0.065552,0.774292
0.413086,-0.199707,1.033569
-0.250000,-0.315430,0.702881
-0.137329,0.163086,0.970581
0.288452,-0.375732,0.893677
-0.609131,0.045532,0.747681
0.385620,-0.204468,1.021973
-0.182373,-0.372314,0.728271
-0.224365,0.173096,0.940918
0.313843,-0.348145,0.907104
-0.611328,0.029419,0.722290
0.350098,-0.172974,1.034058
-0.139038,-0.383545,0.747803
-0.307251,0.178955,0.914673
0.358887,-0.348022,0.933838
-0.599243,0.065308,0.742798
0.275635,-0.108398,1.006958
-0.090332,-0.375244,0.780518
-0.378174,0.165894,0.884399
0.393433,-0.327026,0.958496
-0.570068,0.041626,0.725830
0.185059,-0.014404,0.998413
-0.029175,-0.378418,0.789429
-0.432617,0.164429,0.861206
0.402466,-0.287720,0.968018
-0.531006,-0.062012,0.694702
0.113647,0.074951,1.005981
0.040039,-0.378174,0.801636
-0.520752,0.181274,0.849365
0.423706,-0.294800,0.983032
-0.466553,-0.124634,0.721069
0.035522,0.165161,1.011719
0.107788,-0.351196,0.841553
-0.564819,0.171997,0.817505
0.421509,-0.266479,0.996582
-0.386963,-0.194702,0.720093
0.004150,0.153687,1.007202
0.153442,-0.365112,0.841675
-0.592163,0.154175,0.802246
0.419800,-0.233398,1.001099
-0.309814,-0.281616,0.716919
-0.059814,0.165771,0.970947
0.201050,-0.368652,0.860229
-0.606445,0.134155,0.779785
0.408691,-0.185547,1.010254
-0.262695,-0.277100,0.723389
-0.114868,0.166992,0.974487
0.266968,-0.404541,0.888916
-0.637573,0.114014,0.754517
0.391846,-0.161621,1.019653
-0.199097,-0.351074,0.706055
-0.200439,0.203125,0.953369
0.317383,-0.392944,0.900879
-0.609985,0.091187,0.762329
0.376587,-0.152222,1.010010
-0.150635,-0.335205,0.723145
-0.262451,0.206299,0.908325
0.365234,-0.354126,0.926758
-0.632446,0.063477,0.735718
0.318237,-0.132568,0.995972
-0.102661,-0.377441,0.732910
-0.306396,0.204956,0.891357
0.381226,-0.306030,0.935913
-0.582275,0.053589,0.738159
0.245605,-0.090820,0.987915
-0.045654,-0.410156,0.768555
-0.384766,0.172729,0.856812
0.395630,-0.269531,0.962646
-0.552856,0.006226,0.715454
0.172974,0.019531,0.989502
0.019897,-0.419678,0.766479
-0.460571,0.209595,0.844727
0.414795,-0.250732,0.964111
-0.483276,-0.060791,0.729614
0.085083,0.070068,0.986694
0.069092,-0.385254,0.819580
-0.526855,0.178223,0.806885
0.433350,-0.235596,1.000732
-0.417725,-0.107422,0.748413
0.004517,0.169189,1.007324
0.144775,-0.398315,0.824829
-0.568359,0.144653,0.797607
0.443481,-0.220093,1.003662
-0.322021,-0.176880,0.753662
-0.055298,0.199463,0.987915
0.218506,-0.364258,0.859985
-0.594116,0.127686,0.764771
0.427246,-0.174561,1.030029
-0.235107,-0.259033,0.755371
-0.128540,0.185547,0.963745
0.279419,-0.383667,0.873169
-0.607788,0.120239,0.753296
0.406372,-0.137085,1.029419
-0.152466,-0.298584,0.752686
-0.206787,0.218994,0.930054
0.340210,-0.351929,0.914673
-0.610107,0.076782,0.736816
0.343506,-0.120239,1.018555
-0.074463,-0.401611,0.754639
-0.285034,0.200806,0.898560
0.376953,-0.324097,0.923950
-0.578125,0.087524,0.739502
0.282227,-0.016357,1.001587
-0.030640,-0.416992,0.741699
-0.340576,0.183105,0.863770
0.401489,-0.315430,0.942139
-0.552612,-0.023315,0.726807
0.208862,0.003784,0.997681
0.011353,-0.408936,0.762451
-0.402344,0.190552,0.840698
0.422729,-0.271118,0.961060
-0.493530,-0.059814,0.749390
0.121948,0.047607,0.985107
0.068237,-0.424072,0.796021
-0.486328,0.183716,0.820801
0.437744,-0.247925,0.983276
-0.436768,-0.093872,0.749634
0.061035,0.120850,1.005371
0.137207,-0.406738,0.830933
-0.560425,0.138794,0.770874
0.434326,-0.211060,1.015625
-0.337891,-0.179443,0.736206
-0.022339,0.194580,1.005371
0.214478,-0.370239,0.857544
-0.586182,0.087646,0.758911
0.441040,-0.228516,1.019287
-0.235107,-0.253296,0.760864
-0.111084,0.217529,0.971924
0.277344,-0.370605,0.879761
-0.594238,0.089478,0.742798
0.420044,-0.186035,1.032349
-0.146973,-0.306641,0.768188
-0.168457,0.187622,0.941895
0.311279,-0.319824,0.912598
-0.574219,0.053955,0.749756
0.379150,-0.128418,1.031860
-0.082275,-0.404541,0.747314
-0.224365,0.184692,0.917847
0.372925,-0.323364,0.932739
-0.579590,0.028442,0.728027
0.302002,-0.122681,0.968628
-0.023560,-0.437012,0.753418
-0.282959,0.142456,0.877686
0.411987,-0.290039,0.951782
-0.559082,0.005249,0.718872
0.218872,-0.028442,0.974487
0.033447,-0.433228,0.772217
-0.354614,0.112549,0.832886
0.430542,-0.297119,0.962280
-0.510376,-0.022461,0.727539
0.150391,0.032837,0.984741
0.067261,-0.447876,0.772095
-0.430664,0.144165,0.819946
0.446533,-0.269653,0.989380
-0.457642,-0.088989,0.745117
0.088501,0.094971,1.003052
0.125854,-0.462524,0.798462
-0.502075,0.135620,0.790161
0.453613,-0.233887,1.017334
-0.386963,-0.148071,0.752686
-0.000732,0.142578,0.999756
0.199097,-0.468262,0.832275
-0.553467,0.082642,0.749268
0.454712,-0.222046,1.026245
-0.295288,-0.200562,0.759521
-0.076416,0.205444,0.996582
0.260498,-0.425415,0.880859
-0.564209,0.038696,0.739380
0.432739,-0.218384,1.040039
-0.216797,-0.260986,0.773438
-0.131470,0.212036,0.985962
0.311157,-0.391113,0.903931
-0.572510,0.059814,0.755005
0.395264,-0.197754,1.024780
-0.126587,-0.337402,0.792603
-0.170166,0.186279,0.959961
0.338257,-0.354126,0.925171
-0.560791,0.057129,0.753906
0.360718,-0.183105,1.006104
-0.056152,-0.384644,0.806885
-0.232300,0.150146,0.928223
0.371094,-0.345093,0.932129
-0.541016,0.014648,0.757324
0.319214,-0.121460,1.014038
-0.006104,-0.426880,0.800415
-0.274170,0.125732,0.885254
0.401489,-0.310913,0.960205
-0.530884,-0.025269,0.729492
0.262817,-0.074463,1.006470
0.046387,-0.462402,0.790039
-0.331299,0.110229,0.860352
0.429810,-0.332642,0.970825
-0.509521,-0.071655,0.734131
0.194092,-0.018311,1.001343
0.085205,-0.470825,0.798462
-0.384033,0.105347,0.844604
0.456543,-0.307373,0.995605
-0.463745,-0.086548,0.752930
0.116211,0.046509,1.008057
0.127563,-0.473755,0.812378
-0.442993,0.092529,0.813354
0.475464,-0.284668,1.035034
-0.416504,-0.141357,0.752686
0.044556,0.103760,1.009277
0.198364,-0.445679,0.862549
-0.468384,0.033081,0.789185
0.459595,-0.263062,1.033691
-0.328979,-0.220093,0.766235
-0.019165,0.174927,1.029297
0.268188,-0.447998,0.872559
-0.525391,0.036255,0.746216
0.437134,-0.214966,1.057129
-0.226196,-0.250977,0.798828
-0.091064,0.162720,1.003418
0.309082,-0.446777,0.906372
-0.551758,0.026123,0.754028
0.422363,-0.173584,1.076782
-0.086426,-0.331665,0.813232
-0.169678,0.204834,0.995605
0.341919,-0.386230,0.930786
-0.532959,0.019897,0.767578
0.381958,-0.179932,1.042847
-0.005127,-0.430542,0.818604
-0.214233,0.165527,0.956421
0.398682,-0.324341,0.976807
-0.525757,-0.026367,0.737549
0.316528,-0.142456,1.018677
0.054443,-0.446289,0.830566
-0.267944,0.144897,0.944580
0.428223,-0.317749,0.996094
-0.468628,-0.082397,0.768921
0.248779,-0.049683,1.038086
0.090698,-0.469604,0.802124
-0.323120,0.124023,0.901733
0.460449,-0.300415,1.017090
-0.436035,-0.129761,0.765503
0.190186,-0.022217,1.027954
0.138428,-0.442017,0.849243
-0.392944,0.115479,0.874023
0.475708,-0.263916,1.045044
-0.367554,-0.177856,0.789062
0.095825,0.049194,1.034424
0.220581,-0.486328,0.870850
-0.440796,0.055176,0.818359
0.484253,-0.230347,1.064697
-0.311768,-0.199219,0.777954
0.016724,0.130859,1.040283
0.291748,-0.482666,0.910278
-0.485840,0.036255,0.795654
0.490112,-0.243408,1.085938
-0.239258,-0.239136,0.810059
-0.058838,0.193970,1.043579
0.339355,-0.437256,0.938721
-0.481812,0.005737,0.801025
0.464966,-0.185791,1.105103
-0.139648,-0.289429,0.833862
-0.112793,0.208008,1.039429
0.371582,-0.411499,0.960571
-0.509888,-0.010498,0.793579
0.445557,-0.172485,1.103271
-0.037231,-0.352417,0.851807
-0.150024,0.205322,1.029541
0.401611,-0.376221,0.992676
-0.504761,-0.021606,0.797974
0.415894,-0.161011,1.093018
0.015503,-0.397217,0.851440
-0.185547,0.172363,1.009155
0.443115,-0.333740,1.021973
-0.462524,-0.062744,0.780273
0.370117,-0.075439,1.104858
0.055176,-0.406372,0.856934
-0.238403,0.189453,1.007080
0.478882,-0.353760,1.046143
-0.455200,-0.127075,0.767578
0.325195,-0.049194,1.098145
0.078979,-0.371216,0.869263
-0.267822,0.186157,0.982544
0.490601,-0.321899,1.058228
-0.415771,-0.153320,0.796875
0.266357,-0.031616,1.088257
0.128174,-0.399048,0.889893
-0.315918,0.156982,0.945435
0.522217,-0.276001,1.095215
-0.383423,-0.155151,0.805908
0.205688,0.000000,1.078125
0.202759,-0.451538,0.907104
-0.356812,0.108887,0.907349
0.532227,-0.224243,1.115845
-0.329224,-0.180786,0.808228
0.122925,0.068848,1.075562
0.273438,-0.472168,0.926758
-0.399048,0.064819,0.866699
0.530029,-0.201416,1.134277
-0.259033,-0.214478,0.823975
0.037231,0.143433,1.067261
0.350830,-0.453979,0.967163
-0.447388,0.039917,0.836670
0.509155,-0.163574,1.153809
-0.165894,-0.238647,0.857910
-0.036255,0.204224,1.079712
0.395752,-0.406372,0.993164
-0.438599,-0.024780,0.833740
0.484009,-0.125854,1.156616
-0.038086,-0.286499,0.896729
-0.120972,0.220947,1.066284
0.425293,-0.357910,1.023682
-0.442261,-0.065430,0.822754
0.443359,-0.099121,1.157837
0.048584,-0.333008,0.896362
-0.201660,0.223389,1.039429
0.471802,-0.303589,1.068115
-0.425171,-0.122681,0.803589
0.371704,-0.082397,1.138794
0.077148,-0.370728,0.912109
-0.262817,0.199829,1.021118
0.544434,-0.268433,1.119141
-0.391357,-0.121338,0.821655
0.262451,-0.001953,1.125244
0.196777,-0.429321,0.932861
-0.331177,0.148193,0.951660
0.549438,-0.212158,1.147461
-0.333984,-0.181396,0.823730
0.162109,0.070190,1.109863
0.293091,-0.434692,0.975220
-0.390381,0.104248,0.903564
0.539185,-0.178833,1.154419
-0.244263,-0.214233,0.852783
0.058105,0.124756,1.092651
0.338745,-0.407593,0.992676
-0.443237,0.021362,0.848755
0.526001,-0.148315,1.180420
-0.104736,-0.281738,0.881104
-0.053467,0.219849,1.093384
0.416382,-0.362915,1.019531
-0.468140,0.011353,0.839600
0.484741,-0.150024,1.169434
0.005859,-0.345093,0.898560
-0.113892,0.197876,1.080322
0.451172,-0.315308,1.048340
-0.471924,0.000244,0.816772
0.422729,-0.099609,1.157227
0.061035,-0.392456,0.910645
-0.216064,0.221069,1.063965
0.493530,-0.276978,1.102661
-0.446533,-0.051758,0.807861
0.339722,-0.027466,1.151367
0.116577,-0.389404,0.940186
-0.309692,0.189087,1.008789
0.549438,-0.272583,1.149902
-0.354492,-0.173340,0.801270
0.226807,0.118042,1.157837
0.191528,-0.405151,0.935547
-0.349731,0.109253,0.947754
0.563721,-0.284058,1.127441
-0.325073,-0.183960,0.840454
0.179199,0.095215,1.126099
0.272583,-0.392456,0.971069
-0.424927,0.119385,0.882446
0.546631,-0.201294,1.150635
-0.258423,-0.257690,0.836548
0.095703,0.120117,1.119263
0.309814,-0.401001,0.965332
-0.434204,0.099854,0.888306
0.535767,-0.164673,1.154297
-0.175293,-0.294067,0.841553
0.001953,0.157837,1.087158
0.356812,-0.370972,0.990112
-0.444336,0.026733,0.852783
0.536377,-0.172241,1.158691
-0.071289,-0.323730,0.861938
-0.093384,0.200195,1.067871
0.400391,-0.350220,1.004272
-0.469360,-0.024658,0.828369
0.493042,-0.165771,1.169067
-0.043579,-0.336060,0.862183
-0.159302,0.202148,1.045166
0.433594,-0.319214,1.028320
-0.469849,-0.053101,0.825684
0.434326,-0.126099,1.165039
-0.001343,-0.354370,0.876099
-0.238281,0.215698,1.029663
0.479614,-0.295410,1.070190
-0.454834,-0.073608,0.795044
0.359985,-0.078979,1.140015
0.070801,-0.362671,0.897461
-0.299316,0.193970,0.991089
0.505615,-0.271851,1.094238
-0.405640,-0.145386,0.804688
0.249023,-0.023438,1.126587
0.139771,-0.390991,0.917236
-0.379150,0.170898,0.930298
0.518188,-0.242676,1.104614
-0.352051,-0.192139,0.806152
0.154541,0.056885,1.101318
0.223999,-0.412842,0.930298
-0.432007,0.130737,0.882202
0.521362,-0.202271,1.109863
-0.310913,-0.203369,0.804077
0.074951,0.101318,1.091187
0.286621,-0.436401,0.942993
-0.468384,0.076660,0.859009
0.527222,-0.208984,1.121948
-0.234009,-0.257935,0.808594
-0.029419,0.148926,1.054932
0.326294,-0.389893,0.945557
-0.467896,0.029663,0.833374
0.498535,-0.187622,1.127197
-0.161255,-0.313232,0.809692
-0.107178,0.138550,1.025024
0.363525,-0.376709,0.972168
-0.500366,-0.007446,0.797363
0.475586,-0.154907,1.135010
-0.133179,-0.325195,0.784790
-0.173828,0.177734,1.020386
0.411499,-0.350098,0.995605
-0.516602,-0.008911,0.788940
0.416504,-0.137939,1.119995
-0.092896,-0.344604,0.810791
-0.253540,0.191528,0.988037
0.433472,-0.318481,1.015015
-0.507812,-0.056030,0.765991
0.350464,-0.097656,1.114502
-0.032715,-0.373535,0.828125
-0.306274,0.178467,0.959106
0.450195,-0.310059,1.027832
-0.493896,-0.064453,0.765381
0.275879,-0.059326,1.094482
0.034058,-0.377075,0.858887
-0.381592,0.182373,0.926025
0.455933,-0.303467,1.027222
-0.436035,-0.142456,0.785034
0.183716,-0.006714,1.070557
0.099854,-0.376953,0.879150
-0.442383,0.147339,0.867676
0.478882,-0.265137,1.064575
-0.414795,-0.184692,0.770996
0.095459,0.035645,1.041992
0.186646,-0.415527,0.889648
-0.501709,0.128296,0.835449
0.473267,-0.221313,1.062744
-0.315552,-0.211304,0.796387
-0.020874,0.081909,1.012085
0.260254,-0.429810,0.917480
-0.528687,0.054565,0.797607
0.442871,-0.190308,1.069336
-0.220581,-0.293457,0.769775
-0.117798,0.140991,0.992920
0.308716,-0.402222,0.925415
-0.539917,0.005493,0.772461
0.424683,-0.175049,1.074951
0.270508,-0.093506,1.054199
-0.040405,-0.393799,0.795410
-0.404419,0.187744,0.878662
0.425171,-0.294312,1.003052
-0.502930,-0.084839,0.743530
0.163574,-0.009155,1.051758
0.071777,-0.423462,0.841797
-0.493774,0.181519,0.855713
0.422974,-0.253418,1.012695
-0.452881,-0.152344,0.743286
0.071777,0.034790,1.016602
0.163696,-0.427734,0.860596
-0.554688,0.138306,0.820679
0.424805,-0.210571,1.027588
-0.327148,-0.239990,0.737183
-0.048340,0.127075,0.998291
0.236206,-0.404907,0.878906
-0.573730,0.081909,0.786621
0.411011,-0.207275,1.029663
-0.254028,-0.336060,0.708984
-0.148193,0.143066,0.960571
0.282349,-0.370728,0.897095
-0.573608,0.036499,0.768311
0.395752,-0.166870,1.061768
-0.200317,-0.363281,0.711670
-0.252441,0.182739,0.939087
0.346680,-0.345825,0.931885
-0.586548,-0.005493,0.745850
0.339478,-0.145508,1.050293
-0.137695,-0.382080,0.733765
-0.342407,0.190430,0.891357
0.375977,-0.333618,0.942871
-0.570557,-0.023438,0.730225
0.262207,-0.101196,1.029053
-0.082886,-0.408081,0.769287
-0.410400,0.177979,0.874634
0.383057,-0.293945,0.968140
-0.540283,-0.074463,0.712891
0.170654,-0.006714,1.011963
0.005127,-0.433838,0.796631
-0.486938,0.193604,0.858887
0.397949,-0.246826,0.993652
-0.494507,-0.125610,0.715576
0.079956,0.080933,1.014893
0.094849,-0.425903,0.826538
-0.547729,0.178833,0.832520
0.406494,-0.241821,0.993408
-0.415771,-0.152222,0.730469
0.012451,0.125122,1.004761
0.169556,-0.401855,0.854736
-0.593018,0.141113,0.779663
0.419678,-0.212646,1.020508
-0.327271,-0.250488,0.719116
-0.076294,0.170654,0.992188
0.221924,-0.408936,0.862793
-0.607910,0.106445,0.776245
0.405884,-0.193726,1.020142
-0.250488,-0.304321,0.714111
-0.145630,0.186035,0.975464
0.270508,-0.369995,0.880859
-0.614136,0.088867,0.758301
0.397339,-0.181641,1.029541
-0.190063,-0.356445,0.714722
-0.225952,0.193237,0.931763
0.316162,-0.351196,0.907104
-0.615601,0.085815,0.746582
0.361694,-0.157227,1.017090
-0.130615,-0.393921,0.728638
-0.292358,0.203247,0.911011
0.346436,-0.333618,0.919678
-0.601562,0.064209,0.735352
0.288208,-0.112671,1.001709
-0.086304,-0.408203,0.738281
-0.353760,0.197021,0.888794
0.361816,-0.295776,0.936768
-0.579102,0.013306,0.712524
0.222900,-0.052246,0.983154
-0.031982,-0.416504,0.766113
-0.425903,0.201416,0.860107
0.401978,-0.268188,0.960205
-0.541626,-0.026611,0.713501
0.128418,0.025757,0.985840
0.029663,-0.411621,0.793823
-0.489502,0.179077,0.841797
0.413330,-0.233765,0.991089
-0.474976,-0.071411,0.738525
0.052124,0.121704,1.008667
0.101196,-0.419067,0.812866
-0.548950,0.168945,0.815308
0.418701,-0.199097,1.001953
-0.385498,-0.139893,0.732788
-0.008301,0.180542,1.009644
0.178467,-0.404541,0.851318
-0.588135,0.151123,0.782471
0.423584,-0.175537,1.013428
-0.298340,-0.205566,0.729126
-0.069336,0.212036,0.981323
0.238159,-0.370483,0.875854
-0.615601,0.105713,0.737061
0.419800,-0.181152,1.025146
-0.222778,-0.330811,0.712524
-0.141846,0.217529,0.963501
0.280396,-0.358643,0.873657
-0.622681,0.120239,0.749390
0.399414,-0.154297,1.024292
-0.162476,-0.357910,0.733643
-0.195679,0.196289,0.936646
0.381104,-0.339355,0.938477
-0.601807,0.048584,0.723145
0.252197,-0.074463,1.004272
-0.096680,-0.386108,0.740845
-0.405640,0.200195,0.869019
0.383179,-0.310059,0.942627
-0.574219,-0.015381,0.704590
0.194580,-0.027588,1.010132
-0.006104,-0.417358,0.781006
-0.472412,0.210571,0.859253
0.395996,-0.263794,0.971436
-0.529297,-0.087891,0.700928
0.112427,0.049316,1.008911
0.047607,-0.423340,0.805420
-0.526245,0.197754,0.838867
0.424438,-0.248657,1.003906
-0.463379,-0.084229,0.740356
0.036499,0.113892,1.002197
0.117432,-0.414551,0.832031
-0.566162,0.177002,0.807251
0.432983,-0.224731,1.006348
-0.380737,-0.162964,0.735474
-0.031494,0.161621,0.994873
0.181763,-0.408936,0.843994
-0.588257,0.156250,0.780518
0.418335,-0.188721,1.016968
-0.310059,-0.213745,0.731323
-0.103149,0.186035,0.972290
0.251831,-0.379272,0.887939
-0.608398,0.106812,0.761719
0.414185,-0.172485,1.024780
-0.231689,-0.284302,0.741211
-0.176147,0.217407,0.949829
0.316284,-0.393921,0.902222
-0.607788,0.088013,0.746094
0.375366,-0.116699,1.029907
-0.149536,-0.327759,0.728760
-0.249634,0.225952,0.932983
0.354004,-0.353516,0.912598
-0.608887,0.039551,0.734375
0.338135,-0.105713,1.022461
-0.097168,-0.378784,0.734741
-0.323608,0.223877,0.883667
0.383423,-0.328369,0.928223
-0.574463,0.009399,0.718750
0.255981,-0.062500,0.995972
-0.043579,-0.418091,0.740479
-0.390747,0.217163,0.862061
0.409302,-0.289307,0.944580
-0.541870,-0.018799,0.725464
0.178345,0.002197,0.991943
0.015747,-0.431763,0.765503
-0.466675,0.204468,0.839478
0.419067,-0.251465,0.970337
-0.481445,-0.042358,0.749268
0.096558,0.069092,0.994629
0.090210,-0.417236,0.806641
-0.530396,0.208618,0.819458
0.412720,-0.189697,0.988647
-0.399048,-0.116455,0.754517
0.014160,0.125488,0.996460
0.173096,-0.416626,0.842896
-0.580078,0.162964,0.797363
0.424194,-0.164917,1.013428
-0.303223,-0.214600,0.742432
-0.081299,0.182251,0.973755
0.252808,-0.392090,0.882080
-0.591675,0.117920,0.771973
0.416504,-0.134033,1.030273
-0.204712,-0.266479,0.744141
-0.178589,0.194336,0.934448
0.327637,-0.373291,0.906616
-0.582886,0.084473,0.752319
0.374390,-0.095215,1.028931
-0.128296,-0.347412,0.737427
-0.263672,0.205200,0.903931
0.371216,-0.362671,0.915771
-0.566528,0.053101,0.764160
0.324829,-0.045166,1.029907
-0.063354,-0.377930,0.738647
-0.339722,0.194458,0.866699
0.394165,-0.337036,0.929688
-0.540161,-0.010620,0.736694
0.253784,-0.014282,1.008301
0.001587,-0.408569,0.754028
-0.410278,0.190918,0.827881
0.415039,-0.266724,0.961792
-0.504883,-0.086548,0.720215
0.169434,0.010254,0.998047
0.051147,-0.420288,0.775024
-0.472656,0.188110,0.822388
0.427246,-0.227905,0.983398
-0.452759,-0.120605,0.741943
0.087524,0.074829,1.000122
0.117554,-0.416748,0.814087
-0.527466,0.164917,0.799316
0.440186,-0.196167,1.000732
-0.362671,-0.180176,0.749390
-0.011597,0.156250,1.001099
0.208496,-0.424805,0.849854
-0.563599,0.130249,0.762695
0.426392,-0.190430,1.006348
-0.267578,-0.216797,0.755859
-0.082031,0.190430,0.986938
0.274902,-0.413940,0.883545
-0.597534,0.107422,0.748779
0.421997,-0.148926,1.032104
-0.168823,-0.281860,0.766724
-0.190430,0.204468,0.947998
0.340698,-0.419800,0.903809
-0.577026,0.066650,0.754272
0.381958,-0.111938,1.037598
-0.082397,-0.342896,0.769043
-0.250000,0.217285,0.909302
0.365967,-0.335205,0.928833
-0.551880,0.009766,0.744141
0.333618,-0.088135,1.026855
-0.029419,-0.404663,0.761475
-0.307495,0.191650,0.873657
0.394775,-0.302002,0.940674
-0.537476,-0.024658,0.734619
0.264160,-0.075684,0.990845
0.028320,-0.454956,0.764771
-0.374878,0.150024,0.830811
0.420654,-0.273682,0.962891
-0.504272,-0.021851,0.741455
0.171387,0.013062,1.007812
0.071045,-0.466187,0.772949
-0.434204,0.125977,0.809692
0.444092,-0.255737,0.990234
-0.463135,-0.067749,0.742676
0.093384,0.087891,1.004517
0.115601,-0.447876,0.791260
-0.479614,0.098999,0.785645
0.462158,-0.270874,1.000000
-0.407227,-0.138184,0.750122
0.014404,0.161011,1.009888
0.197144,-0.423340,0.848022
-0.521118,0.080566,0.764893
0.455566,-0.263306,1.010742
-0.344849,-0.216553,0.751709
-0.058716,0.183105,1.005615
0.249268,-0.451782,0.856812
-0.541870,0.067871,0.762817
0.443359,-0.231934,1.020996
-0.274170,-0.211670,0.777832
-0.104126,0.198608,0.994141
0.283325,-0.435181,0.884521
-0.561890,0.060059,0.745728
0.428955,-0.218018,1.027466
-0.175903,-0.289062,0.782471
-0.164917,0.209595,0.973511
0.321289,-0.416138,0.900513
-0.542480,0.036011,0.753784
0.401733,-0.180786,1.037231
-0.119507,-0.318970,0.793091
-0.205566,0.197510,0.950562
0.360596,-0.385620,0.929688
-0.536377,-0.005005,0.761719
0.362183,-0.126831,1.039429
-0.066772,-0.374146,0.785767
-0.244507,0.186401,0.922363
0.394775,-0.375000,0.956299
-0.524902,-0.044189,0.748657
0.320312,-0.106201,1.021118
-0.011963,-0.402222,0.783569
-0.283081,0.185669,0.907471
0.425903,-0.366943,0.959839
-0.510986,-0.081299,0.750610
0.257202,-0.078125,1.012085
0.044556,-0.462769,0.785889
-0.341187,0.160156,0.876343
0.439697,-0.336670,0.970825
-0.478394,-0.082764,0.748047
0.195435,-0.018311,1.019287
0.095825,-0.481323,0.793823
-0.380737,0.094116,0.836304
0.442383,-0.303345,0.994141
-0.450562,-0.097900,0.758545
0.142822,0.027954,1.009399
0.130005,-0.470581,0.808838
-0.424316,0.094849,0.817017
0.450684,-0.265991,1.018311
-0.401978,-0.159424,0.766357
0.069092,0.061646,1.006592
0.202148,-0.502197,0.822144
-0.462646,0.070923,0.793823
0.464478,-0.249023,1.033325
-0.342285,-0.195801,0.764648
-0.025024,0.123779,0.993530
0.263794,-0.519409,0.862915
-0.489746,0.014404,0.754517
0.458252,-0.213745,1.047119
-0.257446,-0.200806,0.788208
-0.086914,0.178223,1.009277
0.322998,-0.466553,0.912109
-0.509644,0.008423,0.760132
0.420410,-0.180054,1.058716
-0.170532,-0.261108,0.805420
-0.155273,0.227295,1.015503
0.356567,-0.454712,0.929810
-0.515869,-0.010132,0.765991
0.420288,-0.166748,1.065674
-0.090332,-0.283569,0.825806
-0.209717,0.238770,0.996704
0.391235,-0.418213,0.949829
-0.499268,-0.071045,0.765137
0.373169,-0.129028,1.066895
-0.022705,-0.368652,0.816528
-0.242065,0.206055,0.968872
0.428589,-0.375977,0.977173
-0.467407,-0.095581,0.777222
0.314819,-0.080200,1.066895
0.035645,-0.439209,0.803101
-0.260986,0.149658,0.931519
0.454590,-0.340332,0.996948
-0.458008,-0.088013,0.782349
0.268188,-0.070068,1.040405
0.087280,-0.457397,0.822510
-0.307129,0.101196,0.907349
0.477661,-0.313354,1.032959
-0.447388,-0.112915,0.766235
0.209961,-0.022217,1.038696
0.116577,-0.449219,0.850098
-0.368164,0.113647,0.899902
0.499878,-0.300171,1.061035
-0.402954,-0.140869,0.772217
0.136475,0.064941,1.047852
0.197144,-0.473145,0.869141
-0.397705,0.052124,0.858765
0.513916,-0.276001,1.085815
-0.357788,-0.191406,0.785522
0.076050,0.094604,1.037598
0.257446,-0.452026,0.890259
-0.433228,0.043701,0.825562
0.496460,-0.247314,1.083374
-0.290771,-0.209229,0.801025
0.020752,0.119385,1.043457
0.316528,-0.472046,0.915527
-0.475830,0.058838,0.822266
0.476929,-0.191772,1.092773
-0.208984,-0.217529,0.826050
-0.056763,0.174316,1.038208
0.376953,-0.463989,0.955078
-0.475342,-0.015869,0.797363
0.456543,-0.127930,1.134888
-0.120605,-0.244873,0.837036
-0.119873,0.203125,1.043701
0.427979,-0.450317,0.982666
-0.478394,-0.038086,0.803589
0.431519,-0.112915,1.121826
0.005859,-0.337036,0.858032
-0.187622,0.233887,1.035767
0.453735,-0.367188,1.021240
-0.456787,-0.074463,0.804321
0.372803,-0.106201,1.102173
0.060913,-0.387573,0.868530
-0.241333,0.200562,0.998535
0.477417,-0.294434,1.057373
-0.405396,-0.145752,0.799683
0.299194,-0.032227,1.095947
0.092529,-0.374756,0.868896
-0.282959,0.160767,0.959717
0.513184,-0.275513,1.093628
-0.384033,-0.176392,0.802734
0.225464,-0.023560,1.076416
0.185059,-0.427002,0.914062
-0.343872,0.119507,0.908325
0.526001,-0.219971,1.111938
-0.328613,-0.178223,0.819336
0.140869,0.039917,1.078369
0.269165,-0.475586,0.931396
-0.417725,0.097656,0.868042
0.527100,-0.187378,1.128296
-0.261963,-0.182617,0.849609
0.041260,0.123535,1.075684
0.342407,-0.491821,0.953247
-0.458130,0.044678,0.834595
0.526611,-0.144897,1.164795
-0.173096,-0.232666,0.848633
-0.047974,0.211670,1.087524
0.408691,-0.446411,0.990112
-0.462524,0.007690,0.827515
0.482788,-0.125488,1.140015
-0.049438,-0.275513,0.892700
-0.107788,0.237671,1.084106
0.443481,-0.384766,1.029541
-0.456543,-0.063477,0.818237
0.447266,-0.102295,1.155273
0.035645,-0.340820,0.901489
-0.194336,0.256104,1.067261
0.478271,-0.315796,1.059814
-0.418579,-0.097412,0.822632
0.389893,-0.073242,1.151367
0.042114,-0.355347,0.893066
-0.222900,0.191040,1.028931
0.513916,-0.253418,1.111328
-0.408081,-0.118042,0.815063
0.316772,-0.028931,1.141357
0.145630,-0.421143,0.912476
-0.304443,0.173462,0.976318
0.535278,-0.230225,1.124512
-0.358765,-0.138550,0.819702
0.229126,0.027344,1.120483
0.233276,-0.453613,0.941284
-0.359131,0.106445,0.928101
0.540283,-0.199829,1.142090
-0.287964,-0.201172,0.829346
0.111084,0.123901,1.107056
0.314087,-0.451660,0.971191
-0.409058,0.084229,0.903809
0.542236,-0.168457,1.160156
-0.220093,-0.224609,0.846558
0.023193,0.173950,1.088623
0.375366,-0.418213,0.998535
-0.440918,0.009155,0.859863
0.536133,-0.150513,1.189575
-0.115112,-0.258057,0.869995
-0.060913,0.218506,1.084595
0.420654,-0.374634,1.026367
-0.458008,-0.017700,0.849487
0.506470,-0.161377,1.175293
-0.004639,-0.343750,0.901367
-0.143799,0.228516,1.068359
0.447021,-0.323364,1.041016
-0.449585,-0.060791,0.837646
0.449951,-0.115234,1.180054
0.013428,-0.335938,0.906494
-0.198364,0.216553,1.046509
0.493286,-0.282349,1.098999
-0.434326,-0.076172,0.810669
0.382812,-0.066895,1.169189
0.064697,-0.358154,0.914307
-0.256958,0.187744,1.009644
0.541260,-0.270874,1.126831
-0.409790,-0.098389,0.813354
0.290894,-0.013550,1.135010
0.154663,-0.411011,0.933228
-0.310547,0.135010,0.966431
0.539917,-0.243774,1.144165
-0.387817,-0.136230,0.804443
0.228271,0.041382,1.131714
0.234741,-0.418457,0.961060
-0.379761,0.128906,0.931641
0.547852,-0.233154,1.140747
-0.309937,-0.185669,0.834106
0.122559,0.078369,1.097168
0.275391,-0.427734,0.963013
-0.402588,0.110474,0.905029
0.566406,-0.199829,1.163574
-0.259644,-0.223633,0.829468
0.035278,0.143921,1.078857
0.335938,-0.417236,0.974609
-0.435913,0.061646,0.873291
0.544678,-0.190430,1.163574
-0.174194,-0.247681,0.859497
-0.032959,0.189331,1.074463
0.361206,-0.384644,0.982300
-0.445435,-0.021973,0.848145
0.520386,-0.182129,1.162354
-0.111572,-0.287476,0.866577
-0.075317,0.209229,1.082520
0.390747,-0.364014,0.995605
-0.464844,-0.034058,0.827881
0.502808,-0.178589,1.169067
-0.072144,-0.343872,0.853027
-0.129761,0.204712,1.055420
0.403809,-0.326782,0.999634
-0.469604,-0.045410,0.821411
0.471680,-0.164307,1.165405
-0.057007,-0.345703,0.854492
-0.188843,0.219849,1.045654
0.435547,-0.316650,1.035400
-0.483398,-0.051147,0.804932
0.433716,-0.123169,1.167236
-0.014404,-0.357056,0.874512
-0.256348,0.197876,1.001343
0.456787,-0.300049,1.050415
-0.475952,-0.047729,0.793579
0.386963,-0.112305,1.133667
0.027954,-0.380615,0.885620
-0.292603,0.215210,0.999390
0.471558,-0.281128,1.068848
-0.449951,-0.083862,0.765625
0.330200,-0.060669,1.137329
0.059570,-0.379639,0.876709
-0.318359,0.201050,0.980957
0.493896,-0.278076,1.062744
-0.453735,-0.099121,0.771118
0.264526,-0.009766,1.127197
0.124634,-0.407837,0.894287
-0.369385,0.172607,0.937744
0.484985,-0.255737,1.069336
-0.424927,-0.130737,0.767212
0.194580,-0.000488,1.085815
0.164551,-0.418823,0.916748
-0.403931,0.105957,0.906982
0.499512,-0.250122,1.086670
-0.403809,-0.131348,0.775269
0.106201,0.071411,1.062012
0.226929,-0.426636,0.934448
-0.438477,0.089844,0.882568
0.493042,-0.212280,1.100952
-0.350830,-0.183594,0.777466
0.041870,0.118408,1.050049
0.264526,-0.392212,0.935791
-0.480103,0.042480,0.841797
0.493774,-0.236206,1.095947
-0.239624,-0.252930,0.801880
-0.042725,0.171265,1.037109
0.303955,-0.377808,0.936890
-0.491699,0.006714,0.815308
0.467529,-0.188965,1.099609
-0.174683,-0.321289,0.785156
-0.121582,0.150024,0.995972
0.358643,-0.386353,0.955200
-0.523071,0.009766,0.790771
0.438110,-0.154175,1.105469
-0.140381,-0.345215,0.768799
-0.222412,0.153198,0.966187
0.399170,-0.341553,0.990601
-0.517822,-0.057617,0.770142
0.379028,-0.111572,1.107300
-0.101196,-0.342041,0.786987
-0.294678,0.190308,0.957642
0.421753,-0.332886,1.001587
-0.507202,-0.099365,0.760498
0.303345,-0.092163,1.087402
-0.012451,-0.367432,0.829468
-0.378052,0.190063,0.909302
0.430298,-0.281372,1.017090
-0.467773,-0.102661,0.764893
0.222778,-0.072510,1.057983
0.060791,-0.409424,0.856689
-0.451904,0.165527,0.877930
0.455200,-0.243530,1.048828
-0.446777,-0.121216,0.761230
0.105469,0.048950,1.054077
0.162109,-0.429321,0.886108
-0.511353,0.117188,0.832642
0.466064,-0.225952,1.061646
-0.355957,-0.212036,0.765259
-0.003296,0.094849,1.018921
0.223755,-0.418457,0.891357
-0.534546,0.076172,0.803833
0.461304,-0.219482,1.072876
-0.257690,-0.283936,0.753784
-0.110718,0.154663,0.984863
0.283936,-0.398315,0.905884
-0.541260,0.026855,0.784058
0.432251,-0.208252,1.055786
-0.204346,-0.303589,0.754517
-0.180664,0.145996,0.957153
0.325439,-0.378418,0.920410
-0.563843,0.005981,0.748535
0.408813,-0.173584,1.061646
-0.151733,-0.338257,0.761719
-0.269409,0.183472,0.947021
0.354126,-0.344238,0.953125
-0.572510,-0.021606,0.743530
0.345703,-0.137573,1.056641
-0.112793,-0.344360,0.782104
-0.338989,0.178833,0.910156
0.388916,-0.312134,0.980591
-0.538940,-0.059814,0.739014
0.255127,-0.077881,1.042358
-0.033691,-0.395264,0.795898
-0.416260,0.184814,0.879639
0.401611,-0.283447,0.992798
-0.502563,-0.089844,0.737183
0.152832,0.002563,1.023438
0.050049,-0.435791,0.812866
-0.495239,0.179688,0.860718
0.425537,-0.258789,1.009888
-0.464355,-0.117065,0.748291
0.029175,0.078003,0.993896
0.148193,-0.428589,0.857422
-0.543091,0.114746,0.810547
0.434326,-0.200806,1.039429
-0.336548,-0.212036,0.751953
-0.075317,0.145874,0.979614
0.220093,-0.429321,0.866089
-0.571533,0.049561,0.762817
0.429810,-0.189453,1.055908
-0.252075,-0.304199,0.728149
-0.166504,0.160645,0.952515
0.288818,-0.389771,0.899414
-0.594360,0.053955,0.759766
0.392944,-0.181641,1.040161
-0.170166,-0.357056,0.736450
-0.267090,0.173706,0.932495
0.331665,-0.358765,0.919922
-0.601196,0.013428,0.734009
0.317383,-0.126221,1.033203
-0.107422,-0.383789,0.754395
-0.351440,0.187866,0.902100
0.373901,-0.326172,0.952148
-0.573853,-0.042969,0.716553
0.207520,-0.064209,1.007812
-0.039062,-0.401367,0.776367
-0.444336,0.211304,0.873047
0.414917,-0.277710,0.987671
-0.528564,-0.081055,0.724487
0.093140,0.021851,0.985596
0.061523,-0.418457,0.814575
-0.520264,0.169312,0.818848
0.416016,-0.232422,1.010376
-0.420288,-0.143555,0.755981
-0.001709,0.122681,1.003296
0.163208,-0.425659,0.838745
-0.590820,0.152710,0.789185
0.413452,-0.201904,1.023193
-0.300049,-0.236938,0.735840
-0.096558,0.177612,0.988281
0.230469,-0.404663,0.857910
-0.592896,0.088013,0.770630
0.414429,-0.191650,1.029663
-0.211914,-0.326904,0.724487
-0.211182,0.203979,0.942505
0.305176,-0.361328,0.903809
-0.598267,0.042114,0.735840
0.365112,-0.155762,1.037720
-0.147339,-0.375732,0.730591
-0.288208,0.178589,0.897583
0.353149,-0.327881,0.931885
-0.616455,0.020996,0.711426
0.281006,-0.109253,0.998657
-0.068359,-0.411377,0.753052
-0.368530,0.207153,0.881714
0.391846,-0.296387,0.954712
-0.563965,-0.012695,0.712402
0.161621,0.000000,0.988281
-0.017944,-0.417236,0.769409
-0.447998,0.161743,0.852417
0.421997,-0.249023,1.002197
-0.505859,-0.059326,0.726074
0.048584,0.101196,0.979248
0.088257,-0.410034,0.814331
-0.528931,0.158203,0.816772
0.419678,-0.221558,1.016602
-0.387695,-0.146484,0.753052
-0.011108,0.160889,0.992188
0.150146,-0.380981,0.832031
-0.587402,0.147461,0.783203
0.430176,-0.207886,1.021362
-0.277954,-0.236084,0.741821
-0.076294,0.203979,1.001343
0.202148,-0.362549,0.843750
-0.618652,0.140869,0.771118
0.439331,-0.225830,1.020996
-0.206909,-0.315308,0.744873
-0.147583,0.208252,0.963379
0.274780,-0.355469,0.876099
-0.632812,0.134888,0.728149
0.403320,-0.177979,1.032104
-0.146606,-0.358032,0.736450
-0.195557,0.185669,0.942261
0.316528,-0.341309,0.890747
-0.638306,0.105469,0.730103
0.356445,-0.142822,1.017456
-0.093018,-0.403442,0.739990
-0.278320,0.203491,0.905029
0.354736,-0.331421,0.914307
-0.603882,0.088135,0.730835
0.305420,-0.084961,1.006470
-0.052734,-0.399658,0.752319
-0.334839,0.190918,0.882935
0.377075,-0.299805,0.936279
-0.584595,0.021240,0.712402
0.248779,-0.031006,0.993408
-0.019531,-0.403809,0.759766
-0.393066,0.188599,0.861694
0.395752,-0.277954,0.953491
-0.553345,-0.030640,0.703613
0.173950,-0.006348,0.982178
0.034668,-0.429443,0.781372
-0.470215,0.206787,0.845703
0.418091,-0.238770,0.967773
-0.495117,-0.039185,0.738770
0.086792,0.068604,0.989746
0.094727,-0.427002,0.814331
-0.526611,0.188232,0.816040
0.428589,-0.194214,0.998535
-0.413452,-0.102173,0.744873
0.017334,0.156738,1.006592
0.162720,-0.402466,0.841187
-0.572388,0.123779,0.778320
0.439209,-0.211304,1.005249
-0.321777,-0.172363,0.738525
-0.058228,0.246460,1.004150
0.227539,-0.373413,0.858154
-0.596436,0.090576,0.751465
0.428589,-0.201660,1.027466
-0.234863,-0.269531,0.740234
-0.124634,0.226440,0.962402
0.280396,-0.354248,0.885986
-0.603027,0.103882,0.751831
0.408936,-0.163086,1.042725
-0.147339,-0.322021,0.763916
-0.184692,0.181641,0.923950
0.331665,-0.334961,0.919312
-0.616821,0.111328,0.747070
0.366577,-0.110840,1.039551
-0.074829,-0.400635,0.752563
-0.267212,0.182617,0.889160
0.366333,-0.312744,0.932861
-0.583374,0.048584,0.736450
0.300171,-0.063965,1.010132
-0.031128,-0.449097,0.741211
-0.335693,0.163574,0.858643
0.402710,-0.291138,0.944092
-0.557129,0.044800,0.735962
0.201294,-0.006470,0.977783
0.031128,-0.424072,0.772461
-0.396729,0.142456,0.842896
0.425659,-0.264160,0.963257
-0.512817,0.009033,0.733398
0.124512,0.091919,0.985229
0.087646,-0.417480,0.784546
-0.477661,0.157959,0.820801
0.422485,-0.230225,0.978882
-0.434448,-0.109497,0.743042
0.047729,0.135742,1.002808
0.151123,-0.395752,0.836914
-0.538574,0.132446,0.785278
0.428833,-0.198608,1.019531
-0.330322,-0.190674,0.755615
-0.026855,0.197998,1.009766
0.209229,-0.367310,0.852173
-0.581177,0.084351,0.753540
0.443604,-0.222900,1.031860
-0.213135,-0.271729,0.762817
-0.097290,0.197632,0.969360
0.257568,-0.328125,0.882935
-0.604736,0.118652,0.742798
0.429810,-0.192505,1.040894
-0.115967,-0.345459,0.775024
-0.178711,0.184814,0.929077
0.324951,-0.330566,0.904541
-0.593262,0.145874,0.758179
0.379395,-0.150879,1.010864
-0.056152,-0.364136,0.777710
-0.247681,0.171753,0.891602
0.369263,-0.312500,0.931030
-0.566528,0.061890,0.736328
0.318604,-0.073730,1.006836
-0.036133,-0.418091,0.737671
-0.289307,0.145630,0.871826
0.410645,-0.303101,0.955444
-0.547852,-0.020020,0.723633
0.249878,-0.063721,0.984985
0.016357,-0.444214,0.760010
-0.353760,0.139771,0.838135
0.420532,-0.280518,0.966431
-0.513550,-0.051758,0.731567
0.178101,-0.022217,0.987427
0.068726,-0.466187,0.771851
-0.412109,0.143921,0.817505
0.438721,-0.283447,0.973145
-0.477661,-0.084839,0.751099
0.110596,0.050781,1.001465
0.098755,-0.456055,0.793335
-0.479248,0.137939,0.797363
0.458252,-0.269531,0.995972
-0.416626,-0.134888,0.743042
0.020142,0.130127,0.998291
0.169434,-0.449951,0.822632
-0.496338,0.083984,0.773682
0.458130,-0.235718,1.019287
-0.370239,-0.138916,0.755249
-0.048096,0.172119,1.001587
0.255859,-0.482056,0.855591
-0.559326,0.063843,0.749268
0.427490,-0.176147,1.041382
-0.239746,-0.219238,0.780884
-0.115967,0.202026,0.971924
0.300171,-0.427979,0.897583
-0.578613,0.042725,0.747192
0.402832,-0.182129,1.034302
-0.124512,-0.298584,0.792969
-0.183472,0.217163,0.956665
0.333008,-0.349365,0.924805
-0.565552,0.001831,0.745850
0.372070,-0.161987,1.027954
-0.042969,-0.397583,0.779297
-0.256592,0.205811,0.924561
0.377930,-0.350952,0.938354
-0.526001,-0.033569,0.751831
0.283081,-0.096558,1.000244
0.031860,-0.455322,0.788452
-0.312866,0.143066,0.866943
0.410400,-0.337280,0.951660
-0.516357,-0.057251,0.735352
0.204956,-0.032104,0.996338
0.077026,-0.476807,0.766357
-0.375122,0.127197,0.836548
0.437378,-0.301270,0.988770
-0.468872,-0.102051,0.746826
0.108765,0.031738,0.994141
0.127319,-0.466064,0.790405
-0.428833,0.081421,0.806763
0.457397,-0.276245,1.002197
-0.399170,-0.171997,0.750610
0.003052,0.101318,0.988525
0.212524,-0.458374,0.826660
-0.485962,0.051514,0.774170
0.463257,-0.252563,1.044556
-0.285400,-0.202637,0.800049
-0.115967,0.155396,0.984131
0.280029,-0.452148,0.871094
-0.514404,0.012939,0.761353
0.422729,-0.184326,1.061401
-0.133179,-0.285645,0.808960
-0.185181,0.201050,0.985107
0.342896,-0.384399,0.932373
-0.529419,-0.030151,0.744385
0.231812,-0.064453,0.982178
0.034668,-0.479126,0.757935
-0.362183,0.147705,0.843140
0.429077,-0.292480,0.973022
-0.504517,-0.069946,0.732788
0.109131,0.056641,0.983887
0.094360,-0.453735,0.780640
-0.441772,0.107544,0.806641
0.438843,-0.238037,0.996460
-0.407715,-0.149048,0.745605
0.005615,0.116943,0.985352
0.196533,-0.461182,0.820068
-0.531128,0.088867,0.759277
0.449097,-0.203125,1.043213
-0.263062,-0.216553,0.772949
-0.102905,0.178955,0.979126
0.269775,-0.427246,0.866821
-0.569580,0.043335,0.744873
0.422119,-0.171509,1.049927
-0.112427,-0.326782,0.788818
-0.191895,0.221069,0.957153
0.330688,-0.359741,0.916260
-0.552734,0.003540,0.750122
0.342163,-0.135864,1.022339
-0.008423,-0.441650,0.771118
-0.285400,0.166626,0.882690
0.391357,-0.304321,0.963379
-0.526001,-0.073486,0.713257
0.237549,-0.057373,1.001221
0.053589,-0.483154,0.763916
-0.362549,0.130249,0.841187
0.431519,-0.310913,0.971558
-0.498169,-0.059692,0.739624
0.126465,0.015381,0.993774
0.122437,-0.480225,0.784790
-0.454346,0.131958,0.816528
0.449951,-0.242188,1.009521
-0.368896,-0.143921,0.786011
-0.017090,0.115112,0.988159
0.211914,-0.497437,0.819336
-0.528809,0.046387,0.743164
0.445435,-0.201538,1.047974
-0.248291,-0.207031,0.783203
-0.116699,0.205688,0.989746
0.300537,-0.384521,0.910400
-0.536621,-0.005493,0.745117
0.402222,-0.203003,1.033813
-0.127808,-0.319580,0.790283
-0.189209,0.201050,0.967041
0.356934,-0.374756,0.942749
-0.538208,-0.035889,0.752563
0.342407,-0.137817,1.030273
-0.017822,-0.423828,0.783813
-0.267334,0.173828,0.912964
0.411011,-0.350098,0.964844
-0.523438,-0.069092,0.731567
0.258911,-0.091309,1.003052
0.055908,-0.481445,0.789307
-0.328125,0.117188,0.864258
0.437256,-0.299683,0.981323
-0.489380,-0.093384,0.737915
0.161743,-0.013916,0.999878
0.122314,-0.508789,0.806641
-0.406860,0.091553,0.833618
0.459229,-0.281616,1.005371
-0.430298,-0.114868,0.745239
0.068359,0.086792,1.012329
0.205078,-0.462524,0.846680
-0.477295,0.055664,0.803223
0.457153,-0.263428,1.022461
-0.344238,-0.202148,0.759033
-0.026367,0.170898,1.020386
0.275269,-0.445923,0.896484
-0.511841,0.014771,0.759521
0.445801,-0.241943,1.048340
-0.235718,-0.231445,0.789429
-0.123047,0.190918,0.986450
0.337402,-0.417725,0.933960
-0.528076,-0.019531,0.757935
0.407593,-0.174561,1.069946
-0.124268,-0.324829,0.790527
-0.168823,0.212158,0.999634
0.367188,-0.392090,0.948120
-0.529541,-0.032959,0.764404
0.362549,-0.156494,1.043335
-0.009033,-0.415405,0.808960
-0.228638,0.162964,0.946899
0.400513,-0.347778,0.969849
-0.507812,-0.047241,0.748901
0.305908,-0.107666,1.033936
0.046997,-0.470215,0.805542
-0.296387,0.126099,0.908203
0.451294,-0.339111,0.993652
-0.477173,-0.100464,0.744385
0.208862,-0.011108,1.020264
0.093628,-0.450562,0.822021
-0.343140,0.099854,0.879272
0.482910,-0.312134,1.028198
-0.431885,-0.109497,0.772217
0.120239,0.049927,1.015869
0.156128,-0.471191,0.834717
-0.402710,0.034546,0.841919
0.488403,-0.298828,1.046753
-0.368774,-0.161499,0.781250
0.051147,0.149780,1.041992
0.248535,-0.433960,0.883667
-0.468750,0.032471,0.793213
0.468140,-0.291992,1.046509
-0.291382,-0.259155,0.786621
-0.017334,0.143433,1.039673
0.299194,-0.440308,0.916016
-0.490845,0.040527,0.779419
0.457275,-0.187500,1.081299
-0.190918,-0.268433,0.821899
-0.111206,0.157959,1.017212
0.355835,-0.468994,0.932495
-0.504639,0.010254,0.774536
0.430908,-0.136597,1.099121
-0.080078,-0.292480,0.835205
-0.181152,0.201416,1.008423
0.400513,-0.427368,0.966309
-0.479370,-0.047119,0.779053
0.370117,-0.089478,1.081665
0.010864,-0.380615,0.835571
-0.218994,0.185547,0.995483
0.443848,-0.372559,1.000854
-0.470703,-0.090088,0.765503
0.316650,-0.059937,1.076172
0.070435,-0.404663,0.834961
-0.274658,0.165039,0.956177
0.470703,-0.311035,1.040649
-0.437012,-0.133301,0.774902
0.238159,-0.030518,1.050537
0.130371,-0.418335,0.859009
-0.338013,0.134766,0.919922
0.488159,-0.263184,1.059814
-0.372925,-0.144409,0.803589
0.134399,0.038696,1.052979
0.215454,-0.467163,0.878540
-0.415649,0.071533,0.852783
0.509399,-0.244507,1.086182
-0.294067,-0.212646,0.809692
0.020996,0.126709,1.050903
0.305908,-0.454468,0.917236
-0.463623,0.026855,0.818237
0.483398,-0.183350,1.118042
-0.178467,-0.250366,0.845947
-0.080933,0.182495,1.030151
0.379272,-0.422241,0.968262
-0.473877,-0.033569,0.794556
0.443115,-0.138184,1.115479
-0.042114,-0.326904,0.853027
-0.158447,0.189819,1.020508
0.426636,-0.355835,0.998657
-0.461792,-0.065063,0.791260
0.366211,-0.086548,1.105835
0.070312,-0.426270,0.856079
-0.242310,0.169556,0.988159
0.468140,-0.305542,1.050293
-0.421631,-0.084473,0.806641
0.270386,-0.022827,1.078491
0.135986,-0.444702,0.878906
-0.338867,0.159546,0.950562
0.527710,-0.278931,1.095459
-0.368652,-0.140747,0.794922
0.165283,0.092163,1.096313
0.224121,-0.462524,0.910400
-0.392090,0.080444,0.885376
0.542725,-0.276611,1.112427
-0.306396,-0.193115,0.816040
0.071655,0.159424,1.087280
0.314087,-0.424438,0.947632
-0.439819,0.056641,0.843018
0.506958,-0.209961,1.127319
-0.199951,-0.282349,0.838989
-0.018799,0.174683,1.078857
0.389648,-0.407593,0.996094
-0.474121,0.052246,0.823975
0.478760,-0.132812,1.133179
-0.059082,-0.314941,0.871338
-0.110718,0.210815,1.069580
0.427002,-0.402100,1.012573
-0.454956,-0.028931,0.811157
0.446411,-0.100220,1.144897
0.037231,-0.329956,0.892822
-0.183472,0.231689,1.050659
0.466553,-0.331421,1.053589
-0.427734,-0.098633,0.810425
0.377808,-0.070312,1.138672
0.054321,-0.348389,0.904419
-0.240967,0.182983,1.010864
0.509277,-0.272583,1.095947
-0.388306,-0.126465,0.817993
0.285767,0.000366,1.121704
0.163208,-0.425781,0.919678
-0.323364,0.166992,0.962158
0.525391,-0.238159,1.118652
-0.340210,-0.175171,0.818726
0.198486,0.057495,1.104004
0.242676,-0.418701,0.949951
-0.364136,0.083496,0.901123
0.544189,-0.215698,1.150757
-0.287720,-0.207153,0.829102
0.090454,0.126587,1.084351
0.318604,-0.440918,0.965088
-0.416748,0.075562,0.871704
0.541748,-0.159180,1.167236
-0.197632,-0.239014,0.846924
0.004395,0.203735,1.093384
0.374512,-0.408325,0.990967
-0.464600,-0.000977,0.830444
0.524536,-0.173706,1.178467
-0.081299,-0.338989,0.864746
-0.050293,0.233276,1.114746
0.403076,-0.364258,1.001343
-0.462280,0.021606,0.854004
0.485962,-0.172241,1.162109
0.005737,-0.376099,0.924683
-0.116821,0.192017,1.088257
0.456787,-0.319824,1.058228
-0.477173,0.017700,0.838745
0.448975,-0.124146,1.164673
0.028442,-0.393677,0.899780
-0.182983,0.195312,1.056885
0.491699,-0.316772,1.076904
-0.448975,-0.031616,0.827393
0.411255,-0.085449,1.162354
0.031128,-0.382446,0.898560
-0.218384,0.197510,1.035767
0.518188,-0.291138,1.108032
-0.423340,-0.078857,0.804688
0.357788,-0.043945,1.155273
0.082397,-0.417847,0.909180
-0.267212,0.190430,1.020508
0.544678,-0.275269,1.133057
-0.413940,-0.082153,0.804565
0.308716,0.012939,1.148438
0.144409,-0.432007,0.927612
-0.302490,0.134155,0.970337
0.549072,-0.256836,1.145874
-0.391479,-0.124878,0.810791
0.262085,0.051392,1.150879
0.197876,-0.429443,0.947144
-0.338745,0.155151,0.966553
0.551270,-0.255615,1.141602
-0.357910,-0.158691,0.817749
0.219727,0.059692,1.122070
0.220947,-0.405518,0.958618
-0.353638,0.095581,0.935181
0.572144,-0.262451,1.147949
-0.329590,-0.198853,0.820068
0.153076,0.113403,1.112427
0.251953,-0.410034,0.960938
-0.366333,0.076660,0.916504
0.578369,-0.231934,1.166138
-0.310303,-0.195801,0.823242
0.107666,0.121094,1.100586
0.296143,-0.420166,0.968506
-0.387085,0.084961,0.904053
0.551270,-0.190674,1.161743
-0.267822,-0.207031,0.839966
0.071655,0.128662,1.087891
0.320557,-0.400513,0.982666
-0.431763,0.063477,0.876221
0.551758,-0.167480,1.185547
-0.193970,-0.270752,0.849365
-0.001343,0.171021,1.092163
0.365112,-0.399292,0.996704
-0.443359,0.011841,0.858765
0.537231,-0.156494,1.172852
-0.127441,-0.289062,0.857422
-0.049316,0.192993,1.080566
0.397339,-0.378662,1.009155
-0.464600,-0.008057,0.842041
0.506226,-0.154907,1.172852
-0.051392,-0.322021,0.874268
-0.089966,0.198486,1.075439
0.417603,-0.324829,1.026001
-0.482910,-0.010132,0.826904
0.472900,-0.168457,1.165771
-0.016235,-0.372925,0.870728
-0.162354,0.228638,1.067627
0.451538,-0.302612,1.043457
-0.478638,-0.036987,0.803833
0.417969,-0.127441,1.156494
0.027588,-0.388306,0.891602
-0.236694,0.213867,1.031128
0.484985,-0.287231,1.081421
-0.447876,-0.073853,0.793335
0.333618,-0.060547,1.138306
0.089355,-0.382812,0.909546
-0.287598,0.177246,0.999512
0.522095,-0.268311,1.105835
-0.392944,-0.126709,0.802734
0.238525,0.029907,1.113403
0.149048,-0.410767,0.916992
-0.328979,0.066650,0.925049
0.528198,-0.246948,1.132935
-0.359497,-0.171631,0.804321
0.161011,0.116333,1.116089
0.237061,-0.415649,0.922485
-0.431885,0.094971,0.889771
0.533325,-0.233521,1.127930
-0.284546,-0.245850,0.817627
0.082153,0.130859,1.083130
0.285400,-0.390625,0.951172
-0.473022,0.059937,0.855347
0.539062,-0.225830,1.135498
-0.208618,-0.304199,0.817505
-0.001465,0.147705,1.066284
0.331177,-0.348267,0.959717
-0.474121,0.047729,0.835449
0.510132,-0.194458,1.133301
-0.117432,-0.382324,0.819580
-0.096924,0.143311,1.039307
0.382080,-0.362061,0.989624
-0.496460,0.027222,0.814453
0.470337,-0.131592,1.152344
-0.087646,-0.347168,0.833008
-0.163574,0.158325,1.034912
0.420044,-0.361328,1.011841
-0.507324,-0.010254,0.812988
0.420288,-0.082153,1.153687
-0.039795,-0.338867,0.836304
-0.242798,0.183960,1.007446
0.454102,-0.314087,1.046997
-0.474487,-0.054810,0.789185
0.352173,-0.072388,1.126099
0.022339,-0.360596,0.863525
-0.306152,0.198853,0.981567
0.471558,-0.288940,1.053223
-0.447754,-0.085083,0.783936
0.278931,-0.042847,1.106567
0.082520,-0.385010,0.881958
-0.356934,0.160278,0.937866
0.484497,-0.267578,1.065552
-0.407104,-0.127197,0.787720
0.196045,0.019653,1.095947
0.150757,-0.407959,0.892944
-0.422852,0.140991,0.902710
0.495850,-0.269409,1.078979
-0.368530,-0.188354,0.780884
0.117676,0.078979,1.071411
0.210449,-0.379395,0.921631
-0.469482,0.093872,0.857788
0.501343,-0.249878,1.088623
-0.286011,-0.253540,0.805542
0.025879,0.121094,1.060303
0.265625,-0.388428,0.920532
-0.492920,0.064331,0.834717
0.476074,-0.213867,1.088135
-0.193359,-0.330688,0.793091
-0.071533,0.146484,1.027344
0.320923,-0.382568,0.938232
-0.494263,0.008789,0.796387
0.453125,-0.159424,1.107300
-0.169189,-0.312256,0.784180
-0.136597,0.145752,1.002197
0.369751,-0.366089,0.971313
-0.517456,-0.013062,0.778564
0.424438,-0.133301,1.107788
-0.123169,-0.319336,0.788452
-0.230835,0.165039,0.977295
0.400024,-0.330566,1.006836
-0.521118,-0.062622,0.762695
0.368652,-0.110718,1.108154
-0.072510,-0.350952,0.807495
-0.310303,0.185059,0.946289
0.434692,-0.324585,1.018066
-0.512573,-0.070068,0.768311
0.284790,-0.099121,1.078369
0.004028,-0.393311,0.836304
-0.366821,0.185425,0.912964
0.462036,-0.281128,1.042480
-0.468384,-0.087769,0.773438
0.182861,-0.000977,1.061279
0.080200,-0.419312,0.858032
-0.432373,0.117676,0.872803
0.477661,-0.261353,1.058960
-0.418091,-0.150391,0.758911
0.063599,0.085205,1.020020
0.185303,-0.403442,0.891357
-0.498901,0.054443,0.814941
0.469482,-0.240356,1.070801
-0.289551,-0.244385,0.770508
-0.044067,0.151123,1.017334
0.251587,-0.375977,0.894165
-0.525269,0.035522,0.796509
0.449097,-0.229248,1.059326
-0.205322,-0.339600,0.747192
-0.129517,0.149536,0.982788
0.319946,-0.342529,0.924316
-0.570801,0.010742,0.751465
0.399170,-0.191895,1.069702
-0.147949,-0.389526,0.753540
-0.222168,0.142822,0.973511
0.359985,-0.336914,0.959229
-0.569214,0.039307,0.759277
0.331177,-0.099243,1.070190
-0.079102,-0.382080,0.793335
-0.334106,0.158813,0.928711
0.400879,-0.328613,0.987305
-0.513916,-0.030884,0.737549
0.231079,0.016357,1.068481
-0.029053,-0.343384,0.811523
-0.403931,0.146118,0.905029
0.434204,-0.337524,1.007446
-0.502075,-0.105835,0.735718
0.163940,0.061646,1.057617
0.049438,-0.384033,0.822876
-0.481934,0.186523,0.866211
0.435791,-0.297363,1.018799
-0.451660,-0.186401,0.732178
0.100342,0.033936,1.015137
0.113281,-0.382080,0.847534
-0.543457,0.183960,0.834595
0.436157,-0.246704,1.034180
-0.366211,-0.236572,0.761719
0.017090,0.057007,1.001831
0.177368,-0.426270,0.859619
-0.563477,0.121704,0.786377
0.439453,-0.224121,1.024780
-0.296021,-0.233643,0.770386
-0.080200,0.109497,0.976440
0.255005,-0.436279,0.887451
-0.567627,0.062622,0.765259
0.404541,-0.165405,1.044556
-0.230957,-0.304932,0.728149
-0.159790,0.139160,0.959106
0.312622,-0.397827,0.916626
-0.596069,0.022095,0.742920
0.401733,-0.182251,1.045166
-0.173950,-0.340576,0.745117
-0.271729,0.166992,0.928223
0.350830,-0.358887,0.942993
-0.573730,-0.010620,0.753052
0.321289,-0.145508,1.039185
-0.109863,-0.371704,0.753418
-0.357544,0.183228,0.889038
0.396484,-0.316772,0.960571
-0.545898,-0.058350,0.728149
0.214478,-0.063965,1.018311
-0.025146,-0.406738,0.795166
-0.453857,0.200684,0.872070
0.413452,-0.272095,0.998657
-0.503418,-0.101318,0.722046
0.091553,0.035767,1.006836
0.092163,-0.434570,0.836304
-0.542603,0.152954,0.822021
0.419800,-0.245605,1.005371
-0.404541,-0.173340,0.733887
-0.008423,0.132690,1.001465
0.183228,-0.392944,0.861572
-0.573364,0.102173,0.791504
0.420288,-0.234131,1.015747
-0.300537,-0.272583,0.724121
-0.092407,0.134888,0.968872
0.246582,-0.381226,0.886841
-0.593872,0.063110,0.753662
0.406006,-0.172607,1.040894
-0.223022,-0.339722,0.710815
-0.209839,0.157593,0.941284
0.313721,-0.382935,0.910522
-0.593018,0.023071,0.742798
0.358521,-0.118896,1.053833
-0.159912,-0.350342,0.738159
-0.315674,0.185547,0.900635
0.370605,-0.360840,0.945312
-0.589966,0.018433,0.747925
0.272339,-0.083252,1.020264
-0.099365,-0.367310,0.764893
-0.386230,0.187622,0.877197
0.396484,-0.320312,0.962769
-0.551758,-0.044189,0.721436
0.156616,-0.013916,0.999512
-0.014526,-0.405518,0.784058
-0.460205,0.203613,0.866821
0.403931,-0.289307,0.971436
-0.498779,-0.097656,0.737915
0.070190,0.062988,0.988525
0.087036,-0.409546,0.815063
-0.541748,0.170654,0.826294
0.422607,-0.229370,1.018188
-0.415405,-0.162476,0.739136
-0.033081,0.152222,0.980591
0.175659,-0.413818,0.843506
-0.583130,0.134155,0.782959
0.414307,-0.188843,1.023438
-0.294189,-0.262573,0.725220
-0.121094,0.158936,0.958008
0.263550,-0.417725,0.874268
-0.618164,0.107178,0.764282
0.393921,-0.180054,1.016968
-0.194702,-0.337524,0.730713
-0.209839,0.185059,0.941650
0.314941,-0.364136,0.906982
-0.605347,0.066284,0.733398
0.350464,-0.123169,1.029785
-0.145752,-0.336182,0.736816
-0.300537,0.184082,0.913208
0.370605,-0.354004,0.935181
-0.595825,0.029053,0.726562
0.248169,-0.064087,1.000122
-0.067505,-0.396606,0.754150
-0.398804,0.191040,0.872681
0.402344,-0.308472,0.961548
-0.551392,-0.015625,0.712769
0.130127,0.040405,0.994263
0.028931,-0.416992,0.789917
-0.494751,0.196777,0.848022
0.414062,-0.241943,0.985474
-0.463257,-0.109497,0.724243
0.030884,0.128662,0.995117
0.123413,-0.404053,0.831177
-0.570435,0.148926,0.799072
0.426514,-0.204834,1.013672
-0.338379,-0.189575,0.736450
-0.058716,0.189087,0.986572
0.215088,-0.374634,0.857666
-0.613525,0.089966,0.746338
0.421753,-0.203247,1.020386
-0.223267,-0.294922,0.724487
-0.168823,0.219727,0.948120
0.290161,-0.355835,0.880005
-0.598267,0.081909,0.763672
0.368408,-0.164307,1.024048
-0.162964,-0.373291,0.714233
-0.231323,0.161377,0.905396
0.345215,-0.312134,0.924927
-0.622925,0.085815,0.723511
0.296753,-0.113403,1.002686
-0.067749,-0.408569,0.756958
-0.339111,0.169067,0.871094
0.365356,-0.285645,0.931274
-0.562378,0.040039,0.723145
0.212524,-0.017090,0.996094
-0.027222,-0.394653,0.776489
-0.452148,0.188721,0.848022
0.419434,-0.293091,0.959229
-0.508667,-0.034180,0.711182
0.103271,0.121582,1.001221
0.058105,-0.367065,0.803955
-0.516602,0.165771,0.821045
0.423950,-0.265625,0.975098
-0.421875,-0.124878,0.733276
0.027588,0.196167,1.007324
0.140137,-0.366211,0.821411
-0.562744,0.149170,0.798340
0.420776,-0.222290,0.996216
-0.340698,-0.205200,0.732788
-0.028931,0.191528,0.996704
0.201050,-0.368408,0.842407
-0.603271,0.123535,0.777832
0.429443,-0.214478,1.018921
-0.248291,-0.302490,0.722168
-0.111206,0.183594,0.964355
0.263672,-0.345093,0.882690
-0.614502,0.133789,0.763794
0.414185,-0.171021,1.035034
-0.170044,-0.357056,0.730469
-0.184692,0.183716,0.930786
0.309326,-0.330322,0.893555
-0.619141,0.116943,0.749390
0.383789,-0.153442,1.024658
-0.108032,-0.368896,0.761353
-0.253296,0.178833,0.898682
0.351929,-0.320801,0.909424
-0.590210,0.083496,0.734375
0.308716,-0.088013,0.997070
-0.058960,-0.384399,0.761597
-0.332764,0.187866,0.878052
0.396240,-0.317383,0.940918
-0.556274,0.027466,0.734497
0.224609,0.004150,0.988281
-0.015381,-0.413574,0.752563
-0.386597,0.171631,0.852783
0.402466,-0.270386,0.961792
-0.521362,-0.040894,0.731567
0.145630,0.032227,0.988037
0.040771,-0.407104,0.788330
-0.468994,0.202637,0.831543
0.417969,-0.239502,0.976807
-0.458984,-0.083008,0.753052
0.059448,0.069214,0.985352
0.118042,-0.424683,0.818604
-0.527344,0.179199,0.798096
0.427979,-0.164795,1.002319
-0.376465,-0.127563,0.748047
-0.017944,0.146851,0.992432
0.206909,-0.446899,0.841309
-0.588989,0.132812,0.769775
0.436890,-0.152100,1.041016
-0.246704,-0.237549,0.731812
-0.121460,0.222656,0.972046
0.270386,-0.390381,0.877563
-0.605347,0.088745,0.755127
0.419434,-0.157959,1.033569
-0.139404,-0.328369,0.759521
-0.195435,0.234985,0.940430
0.325195,-0.336548,0.895752
-0.600952,0.088257,0.743774
0.365967,-0.135498,1.013672
-0.067261,-0.377197,0.770996
-0.265869,0.188232,0.885010
0.355957,-0.300903,0.922974
-0.557495,0.034668,0.745972
0.295532,-0.065308,1.004883
-0.027954,-0.428711,0.753418
-0.340088,0.167725,0.850830
0.407715,-0.284424,0.943970
-0.543823,0.007935,0.730591
0.207642,-0.004272,0.994751
0.026733,-0.433228,0.776611
-0.404297,0.150879,0.836304
0.429810,-0.262085,0.968384
-0.486572,-0.041626,0.750977
0.106445,0.113281,1.002075
0.081299,-0.391235,0.805420
-0.484985,0.136963,0.804443
0.442749,-0.246704,0.987549
-0.430176,-0.094482,0.750122
0.050781,0.169067,1.016724
0.146973,-0.397583,0.817383
-0.548584,0.133667,0.771729
0.443604,-0.215820,1.010742
-0.339844,-0.176392,0.751953
-0.015625,0.155273,0.999756
0.226685,-0.401123,0.856934
-0.590820,0.144043,0.756348
0.433594,-0.189209,1.011719
-0.222900,-0.270630,0.761230
-0.100342,0.180908,0.977173
0.272339,-0.402832,0.885742
-0.594360,0.106079,0.747803
0.427490,-0.145020,1.045654
-0.150146,-0.296387,0.771851
-0.203369,0.212891,0.939697
0.343750,-0.385986,0.918091
-0.578613,0.041992,0.765381
0.367188,-0.114990,1.026001
-0.072510,-0.360596,0.770386
-0.254395,0.213013,0.907593
0.364136,-0.308472,0.934448
-0.560913,0.007568,0.751587
0.309937,-0.096558,1.010742
-0.024292,-0.407104,0.765259
-0.312744,0.154297,0.845215
0.404419,-0.276489,0.950928
-0.539795,-0.026855,0.723145
0.233276,-0.046387,1.000488
0.037354,-0.439819,0.782227
-0.383179,0.152222,0.827881
0.429199,-0.269043,0.959351
-0.514160,-0.001709,0.750122
0.150879,0.010620,0.988647
0.076294,-0.462402,0.782593
-0.446411,0.154663,0.810303
0.433716,-0.218994,0.992554
-0.449707,-0.068115,0.759033
0.070801,0.078979,0.993530
0.132935,-0.470703,0.799561
-0.510010,0.119507,0.784790
0.451416,-0.217041,1.013062
-0.356567,-0.150024,0.750854
-0.014648,0.182129,1.004761
0.196777,-0.403564,0.843018
-0.550537,0.063599,0.750732
0.455933,-0.256104,1.025635
-0.271362,-0.226929,0.765503
-0.094971,0.236694,1.010254
0.250732,-0.366821,0.872437
-0.571045,0.031738,0.728638
0.449463,-0.238281,1.037964
-0.176880,-0.306030,0.783569
-0.150269,0.232178,0.977051
0.296997,-0.330444,0.900391
-0.565430,0.057495,0.748901
0.410889,-0.205566,1.035400
-0.109375,-0.375977,0.774048
-0.209351,0.183960,0.928101
0.358154,-0.342651,0.934448
-0.561646,0.034668,0.743286
0.347656,-0.122803,1.020508
-0.025635,-0.420044,0.774780
-0.279541,0.171997,0.896606
0.387817,-0.379883,0.928833
-0.532104,-0.027100,0.739258
0.278198,-0.054443,1.008301
0.021484,-0.432007,0.769897
-0.332397,0.157715,0.857178
0.412109,-0.332642,0.961304
-0.519653,-0.071777,0.728149
0.209106,-0.047607,0.985107
0.066895,-0.457153,0.776733
-0.390381,0.151855,0.828247
0.451050,-0.307861,0.982178
-0.467896,-0.104614,0.756348
0.101318,0.041748,0.994507
0.091309,-0.458740,0.784180
-0.429077,0.088745,0.807129
0.461304,-0.265625,1.009888
-0.411865,-0.109985,0.765015
0.009033,0.104614,0.990112
0.191284,-0.500610,0.825562
-0.506958,0.037598,0.765747
0.441772,-0.222656,1.039673
-0.314209,-0.174316,0.767700
-0.079468,0.178589,0.994019
0.286865,-0.472778,0.875854
-0.533813,0.010986,0.756714
0.410156,-0.175781,1.056152
-0.175903,-0.260864,0.794312
-0.181152,0.196167,0.955444
0.349243,-0.442383,0.910278
-0.542847,-0.013306,0.752075
0.275757,-0.054199,1.015259
-0.056641,-0.346558,0.797119
-0.245850,0.181763,0.933228
0.408813,-0.280884,0.948608
-0.530273,-0.068359,0.726440
0.169434,-0.036987,0.984497
0.065796,-0.459839,0.779785
-0.428467,0.130127,0.809448
0.440308,-0.240356,0.979370
-0.431763,-0.079346,0.776855
0.040161,0.111084,0.996460
0.158813,-0.463623,0.819336
-0.500854,0.085938,0.768677
0.423462,-0.184570,1.014160
-0.334961,-0.173584,0.740967
-0.043823,0.177490,1.006348
0.259766,-0.432983,0.873779
-0.563965,0.057861,0.750000
0.412842,-0.192505,1.019531
-0.193359,-0.245850,0.780884
-0.152710,0.201904,0.961304
0.314453,-0.375854,0.908813
-0.571533,0.037964,0.742310
0.382568,-0.130371,1.044922
-0.092407,-0.374268,0.758057
-0.233765,0.186646,0.920410
0.361694,-0.343994,0.926270
-0.547974,0.013428,0.761108
0.318115,-0.102051,1.010742
-0.005981,-0.422485,0.781860
-0.316528,0.158569,0.858643
0.396362,-0.304688,0.947510
-0.511841,-0.035522,0.746460
0.218628,-0.040894,1.001099
0.066650,-0.462036,0.779785
-0.396973,0.138550,0.817871
0.419434,-0.266846,0.966797
-0.463989,-0.112061,0.732056
0.123657,0.020386,0.991821
0.129883,-0.485474,0.801270
-0.476440,0.104492,0.794067
0.439087,-0.230347,1.006348
-0.383179,-0.115112,0.760986
0.007812,0.139282,1.001587
0.206177,-0.457886,0.846436
-0.531006,0.035522,0.748413
0.437866,-0.218750,1.038208
-0.285889,-0.221313,0.758545
-0.083252,0.225342,1.007324
0.279541,-0.406250,0.884155
-0.561768,0.019775,0.739502
0.416870,-0.226685,1.028076
-0.164307,-0.292969,0.785767
-0.150635,0.204956,0.967529
0.327148,-0.337769,0.932007
-0.564819,0.042725,0.749268
0.380249,-0.175659,1.024902
-0.060303,-0.360107,0.801514
-0.222656,0.170044,0.932007
0.376831,-0.336792,0.934937
-0.540771,0.012207,0.751221
0.310059,-0.116699,0.996948
-0.004395,-0.416260,0.796997
-0.282471,0.136719,0.882446
0.408936,-0.338989,0.955566
-0.525391,-0.039673,0.729858
0.241333,-0.060547,0.988281
0.045776,-0.459351,0.776978
-0.344971,0.141479,0.863647
0.431274,-0.324585,0.963379
-0.480591,-0.093994,0.737305
0.162598,0.005371,0.998291
0.064697,-0.422363,0.795776
-0.398438,0.092041,0.820435
0.477539,-0.347778,0.987305
-0.449707,-0.113403,0.744507
0.088989,0.117554,1.015747
0.124268,-0.417236,0.812378
-0.445435,0.068726,0.805786
0.474854,-0.304077,0.999023
-0.401245,-0.148682,0.760620
0.022705,0.153931,1.018066
0.204224,-0.443726,0.858643
-0.488403,0.054565,0.784302
0.450439,-0.251587,1.020996
-0.343018,-0.189331,0.771240
-0.025757,0.126343,1.008667
0.264526,-0.489624,0.874756
-0.522827,0.029907,0.749512
0.430664,-0.196777,1.047119
-0.233765,-0.205566,0.796875
-0.108765,0.194824,1.010986
0.310303,-0.477783,0.895752
-0.545166,0.023315,0.755615
0.418945,-0.193359,1.045776
-0.139893,-0.275757,0.808105
-0.170776,0.228638,0.995728
0.340942,-0.411743,0.934448
-0.531494,-0.033203,0.745361
0.377319,-0.157471,1.048950
-0.054443,-0.350586,0.795776
-0.208496,0.193604,0.968018
0.394043,-0.374268,0.961060
-0.544312,-0.066040,0.732666
0.305664,-0.127441,1.024414
0.034912,-0.481079,0.785767
-0.261841,0.150391,0.909302
0.419922,-0.336304,0.964355
-0.510376,-0.039795,0.763062
0.242920,-0.088501,0.999756
0.080811,-0.488770,0.798462
-0.339722,0.103516,0.856812
0.447632,-0.302124,1.002930
-0.457886,-0.096436,0.760254
0.167114,-0.013428,1.009888
0.110474,-0.476074,0.808350
-0.395874,0.087524,0.848755
0.481079,-0.280029,1.039917
-0.416626,-0.150269,0.754639
0.057983,0.097534,1.017578
0.212769,-0.499023,0.841675
-0.442871,0.045898,0.822632
0.480347,-0.266113,1.040161
-0.340088,-0.194824,0.774536
-0.023682,0.145630,1.015991
0.287598,-0.482788,0.890747
-0.496582,0.013184,0.769043
0.451050,-0.214233,1.065552
-0.248291,-0.251221,0.786865
-0.079956,0.179199,1.014648
0.323608,-0.420044,0.937988
-0.521973,-0.010986,0.777100
0.433960,-0.208008,1.069702
-0.139893,-0.325073,0.805908
-0.150757,0.203857,1.017212
0.369507,-0.378418,0.958984
-0.517334,-0.003784,0.778931
0.387085,-0.164795,1.065308
-0.021118,-0.419922,0.817261
-0.206543,0.164795,0.970947
0.405640,-0.350220,0.973511
-0.505859,-0.043701,0.760864
0.338989,-0.126709,1.045654
0.057495,-0.449585,0.825562
-0.281006,0.176147,0.942993
0.433960,-0.331299,0.989502
-0.471924,-0.093506,0.754761
0.259399,-0.080078,1.036743
0.086914,-0.475342,0.823853
-0.325806,0.121704,0.908813
0.469971,-0.286377,1.042847
-0.433472,-0.092773,0.773315
0.160034,0.016724,1.029541
0.151489,-0.489624,0.842041
-0.369385,0.076538,0.888794
0.492554,-0.265869,1.057129
-0.389282,-0.148315,0.758545
0.097656,0.091187,1.044312
0.237549,-0.474121,0.888794
-0.437866,0.034790,0.823853
0.497559,-0.249878,1.083008
-0.311646,-0.198364,0.794434
0.004761,0.141235,1.032104
0.300903,-0.482544,0.904785
-0.491211,0.006348,0.792480
0.476929,-0.220581,1.093750
-0.199951,-0.261963,0.817139
-0.073120,0.197144,1.042236
0.341797,-0.399902,0.952393
-0.491821,-0.003784,0.794189
0.451050,-0.171387,1.114746
-0.095337,-0.342651,0.836426
-0.140015,0.208618,1.031494
0.392212,-0.392334,0.965332
-0.500000,-0.023193,0.780640
0.413818,-0.155884,1.088135
0.008057,-0.392090,0.836426
-0.214600,0.210449,0.994751
0.429932,-0.346191,1.000732
-0.463989,-0.078979,0.774536
0.350342,-0.122314,1.076294
0.067383,-0.445557,0.842407
-0.259766,0.175293,0.968750
0.469116,-0.289795,1.045532
-0.442261,-0.093262,0.781494
0.259766,-0.046631,1.058716
0.120361,-0.463379,0.878662
-0.308594,0.107910,0.929443
0.494385,-0.253662,1.077759
-0.408203,-0.108521,0.790894
0.179688,0.033569,1.061646
0.198364,-0.484741,0.890747
-0.365601,0.064697,0.905518
0.504639,-0.240845,1.101807
-0.342773,-0.150146,0.805908
0.099243,0.114502,1.064087
0.270874,-0.456543,0.921509
-0.428589,0.036255,0.851196
0.506714,-0.221436,1.121582
-0.255615,-0.256836,0.805420
0.010498,0.191528,1.080933
0.338257,-0.442383,0.943115
-0.480103,0.031250,0.818970
0.483032,-0.189575,1.124146
-0.164673,-0.278931,0.831421
-0.044556,0.202148,1.080200
0.382935,-0.414795,0.977417
-0.493164,0.023804,0.814453
0.462402,-0.159790,1.102905
-0.065308,-0.288086,0.865845
-0.119873,0.205811,1.051147
0.429321,-0.385742,1.016724
-0.466919,-0.068115,0.796387
0.416626,-0.091064,1.135742
0.023315,-0.355713,0.859375
-0.192505,0.189941,1.031006
0.470093,-0.359497,1.047485
-0.441528,-0.115723,0.802490
0.360962,-0.067505,1.108398
0.078735,-0.362183,0.883789
-0.250488,0.173340,0.977051
0.500244,-0.292236,1.077759
-0.418945,-0.141724,0.796509
0.291992,-0.054810,1.088989
0.125977,-0.388306,0.896729
-0.297974,0.157837,0.965820
0.532837,-0.257812,1.107544
-0.371704,-0.145386,0.811401
0.194214,0.046143,1.081421
0.213135,-0.466187,0.904541
-0.351929,0.077515,0.901611
0.539917,-0.220947,1.130005
-0.316162,-0.175171,0.818848
0.116943,0.093384,1.091309
0.300171,-0.493408,0.928833
-0.439087,0.096802,0.871948
0.527588,-0.216675,1.134277
-0.220581,-0.216187,0.853516
0.021851,0.184692,1.085571
0.358887,-0.441162,0.965820
-0.465820,0.063965,0.855103
0.521240,-0.182495,1.145752
-0.133911,-0.252808,0.868774
-0.053589,0.239136,1.102783
0.392090,-0.413208,0.998779
-0.464844,0.001709,0.843628
0.496948,-0.153076,1.166748
-0.045288,-0.293701,0.890869
-0.123901,0.244141,1.081543
0.440796,-0.349487,1.022583
-0.455444,-0.020874,0.830444
0.449951,-0.119141,1.161987
0.036499,-0.394653,0.883789
-0.161865,0.218750,1.062744
0.460449,-0.316406,1.050293
-0.453613,-0.035767,0.810181
0.405273,-0.099731,1.137329
0.053101,-0.393921,0.879639
-0.215576,0.209106,1.038086
0.516724,-0.286377,1.108276
-0.440186,-0.068359,0.815430
0.325073,-0.041992,1.112305
0.104492,-0.407227,0.907104
-0.261353,0.143433,1.003174
0.537476,-0.247559,1.140625
-0.388916,-0.129639,0.815430
0.257446,0.044556,1.123535
0.180542,-0.428467,0.919922
-0.336914,0.129761,0.949829
0.571167,-0.249268,1.151733
-0.334351,-0.168823,0.829712
0.187622,0.080566,1.109253
0.232910,-0.408691,0.948730
-0.364746,0.075195,0.899292
0.565430,-0.231567,1.158447
-0.272949,-0.209961,0.848267
0.101196,0.143311,1.109131
0.306763,-0.423096,0.971924
-0.422852,0.075928,0.876587
0.542969,-0.193848,1.162231
-0.211548,-0.252930,0.849121
0.027954,0.186890,1.104614
0.368286,-0.393921,1.002197
-0.448853,0.052979,0.856689
0.526978,-0.179199,1.155640
-0.127075,-0.280029,0.872437
-0.031860,0.191772,1.093384
0.407227,-0.348267,1.028809
-0.442993,-0.023560,0.838623
0.495117,-0.109741,1.174805
-0.012939,-0.336548,0.892334
-0.095825,0.197144,1.079224
0.435181,-0.326172,1.046875
-0.446411,-0.021729,0.847900
0.461914,-0.110107,1.171021
-0.008911,-0.348755,0.883423
-0.164917,0.189087,1.054443
0.484985,-0.291016,1.086792
-0.440308,-0.043823,0.815308
0.397705,-0.061523,1.155518
0.049316,-0.383301,0.899048
-0.233276,0.177368,1.036133
0.516357,-0.259888,1.121460
-0.391235,-0.086060,0.823486
0.318237,0.000000,1.138916
0.132446,-0.410645,0.917847
-0.293701,0.140503,0.976440
0.545044,-0.270142,1.134399
-0.349365,-0.165894,0.824829
0.231201,0.086182,1.144775
0.213745,-0.391602,0.947998
-0.365601,0.128052,0.925659
0.547852,-0.251099,1.137573
-0.290527,-0.239990,0.834717
0.151855,0.099121,1.126343
0.287720,-0.407959,0.970459
-0.423340,0.141235,0.911255
0.542358,-0.199341,1.147461
-0.223022,-0.251831,0.850220
0.051025,0.141968,1.101807
0.354736,-0.418091,0.988159
-0.438721,0.085205,0.867432
0.520020,-0.139282,1.152222
-0.113281,-0.291260,0.864380
-0.031616,0.190674,1.092651
0.401733,-0.370239,1.022827
-0.464233,-0.010986,0.839600
0.502197,-0.124512,1.179199
-0.031006,-0.344482,0.862671
-0.134033,0.206909,1.063354
0.442017,-0.331665,1.051758
-0.440796,-0.070679,0.830322
0.458008,-0.085693,1.180664
-0.020752,-0.322144,0.870605
-0.193604,0.195679,1.041382
0.475952,-0.302490,1.077881
-0.443848,-0.089233,0.815796
0.402954,-0.062744,1.163818
0.063232,-0.360352,0.911255
-0.255371,0.211304,1.018921
0.508789,-0.263428,1.100220
-0.416992,-0.099609,0.812500
0.308472,-0.037476,1.136963
0.139648,-0.404053,0.929565
-0.310059,0.162109,0.971924
0.520020,-0.222290,1.124146
-0.361572,-0.161255,0.794800
0.212646,0.037354,1.122925
0.223511,-0.434204,0.942383
-0.385254,0.141235,0.934937
0.545166,-0.226807,1.134033
-0.318481,-0.194702,0.810913
0.117554,0.096802,1.099731
0.282959,-0.393677,0.970581
-0.421753,0.088623,0.895752
0.545898,-0.200317,1.147339
-0.244385,-0.219482,0.838013
0.021118,0.132446,1.062378
0.344971,-0.395752,0.984253
-0.427490,0.024902,0.860596
0.522217,-0.163696,1.155029
-0.123169,-0.287598,0.852783
-0.071411,0.171875,1.056152
0.390381,-0.382080,0.996216
-0.448730,-0.022583,0.839111
0.474121,-0.119019,1.164673
-0.063965,-0.312134,0.845581
-0.148193,0.193237,1.057007
0.439819,-0.329468,1.035156
-0.476440,-0.047852,0.815308
0.426514,-0.116211,1.155151
-0.009888,-0.328613,0.877075
-0.232788,0.186279,1.016479
0.486938,-0.291626,1.080200
-0.446289,-0.071777,0.805786
0.337891,-0.043213,1.145630
0.063477,-0.359253,0.890381
-0.304199,0.157837,0.964966
0.521973,-0.277710,1.100830
-0.394775,-0.142700,0.795654
0.228760,0.012817,1.111694
0.167847,-0.392578,0.920166
-0.393433,0.143555,0.911743
0.526855,-0.250122,1.116333
-0.331299,-0.207886,0.810547
0.116455,0.091797,1.085327
0.260498,-0.390747,0.947144
-0.466675,0.081665,0.866821
0.526001,-0.218018,1.130371
-0.216431,-0.286011,0.822144
0.009888,0.136353,1.064819
0.315308,-0.366089,0.957764
-0.482788,0.025269,0.827148
0.514771,-0.205444,1.131958
-0.118652,-0.356201,0.813843
-0.085083,0.154663,1.048096
0.366455,-0.326050,0.982178
-0.501099,0.019897,0.806519
0.455566,-0.164185,1.133911
-0.083252,-0.378662,0.830200
-0.201660,0.153442,1.010620
0.447510,-0.348755,1.026245
-0.502563,0.029907,0.806152
0.368164,-0.067993,1.136108
-0.021606,-0.358887,0.854858
-0.286377,0.169678,0.992676
0.487671,-0.310425,1.076416
-0.454590,-0.076294,0.776978
0.285767,0.009766,1.135742
0.082520,-0.390625,0.873047
-0.365234,0.148560,0.928345
0.489380,-0.272095,1.076050
-0.404175,-0.145508,0.783936
0.188354,0.029419,1.094849
0.178467,-0.412720,0.903076
-0.430908,0.144775,0.900635
0.494873,-0.230347,1.092041
-0.344360,-0.208374,0.798706
0.073486,0.068359,1.051025
0.247437,-0.389160,0.938599
-0.460571,0.083008,0.846191
0.500122,-0.203125,1.104492
-0.265381,-0.255127,0.802368
-0.030640,0.128906,1.025635
0.332764,-0.411499,0.943726
-0.488525,0.004639,0.816284
0.463257,-0.165039,1.110596
-0.144165,-0.298584,0.800781
-0.127441,0.151855,1.004639
0.358765,-0.337402,0.971680
-0.508301,-0.033325,0.778564
0.439209,-0.173950,1.115845
-0.109619,-0.345947,0.805420
-0.223999,0.178345,0.994873
0.404785,-0.323608,1.000000
-0.511841,-0.013916,0.775391
0.369019,-0.118408,1.117676
-0.032349,-0.377808,0.842773
-0.316284,0.172852,0.961792
0.455200,-0.321533,1.036621
-0.484863,-0.036987,0.765991
0.255371,-0.002563,1.090088
0.058105,-0.379517,0.856567
-0.393066,0.155151,0.917603
0.477295,-0.287720,1.061768
-0.421265,-0.146973,0.768921
0.160889,0.049805,1.072388
0.130249,-0.387573,0.871948
-0.448242,0.138916,0.872437
0.477173,-0.275635,1.054199
-0.383057,-0.217163,0.773193
0.063843,0.053223,1.023438
0.221558,-0.402832,0.898193
-0.486084,0.098145,0.839478
0.460083,-0.189453,1.077393
-0.272705,-0.250854,0.782959
-0.023071,0.069702,0.998901
0.270386,-0.390869,0.924561
-0.515137,0.033203,0.795288
0.467529,-0.157715,1.104126
-0.199463,-0.302002,0.772461
-0.149292,0.146973,0.975586
0.341797,-0.413086,0.927734
-0.516724,-0.016968,0.781128
0.416870,-0.180542,1.083008
-0.136963,-0.346558,0.767578
-0.258789,0.185913,0.952271
0.387085,-0.335327,0.975830
-0.523682,-0.040405,0.776245
0.357056,-0.133057,1.081787
-0.078735,-0.339844,0.818237
-0.331299,0.164062,0.908447
0.423218,-0.291260,1.014526
-0.490234,-0.079590,0.758667
0.238770,-0.043457,1.073853
0.034546,-0.386719,0.850708
-0.445557,0.155151,0.881470
0.449585,-0.277466,1.033691
-0.438110,-0.167236,0.745361
0.095337,0.093994,1.048340
0.161377,-0.378418,0.886597
-0.520630,0.097778,0.842651
0.452271,-0.285767,1.041870
-0.313599,-0.277954,0.755981
0.000244,0.134888,1.020386
0.228516,-0.329956,0.896484
-0.570801,0.086426,0.794312
0.452393,-0.252319,1.053101
-0.208618,-0.384644,0.745850
-0.105225,0.095337,0.977905
0.294922,-0.371338,0.908813
-0.574707,0.086548,0.773193
0.405029,-0.166260,1.061768
-0.164307,-0.350708,0.768799
-0.213623,0.135254,0.981445
0.344971,-0.358643,0.947754
-0.565186,0.024536,0.760620
0.347900,-0.097900,1.071045
-0.120850,-0.328979,0.775879
-0.315918,0.163086,0.933472
0.387695,-0.361572,0.974609
-0.536377,-0.071289,0.743530
0.299438,-0.066772,1.069824
-0.065186,-0.353882,0.781250
-0.395996,0.194458,0.894775
0.413208,-0.311279,0.997803
-0.506226,-0.128052,0.719849
0.208252,-0.059570,1.048340
0.011963,-0.396851,0.812622
-0.466919,0.195190,0.869751
0.438477,-0.282349,1.017212
-0.477173,-0.116943,0.735718
0.111328,0.034668,1.027344
0.100342,-0.396851,0.849609
-0.510498,0.165649,0.847290
0.431763,-0.258911,1.025024
-0.379761,-0.204468,0.764771
0.015991,0.077759,1.009155
0.176392,-0.406616,0.865234
-0.551025,0.124390,0.803101
0.417114,-0.204468,1.022705
-0.287842,-0.262939,0.760742
-0.060303,0.117432,0.992432
0.252075,-0.429199,0.883667
-0.593384,0.088867,0.765137
0.416382,-0.186768,1.033691
-0.214844,-0.323120,0.738892
-0.177856,0.162720,0.966675
0.316162,-0.384155,0.926880
-0.587769,0.016479,0.749268
0.372925,-0.155518,1.040771
-0.170654,-0.347290,0.747192
-0.294800,0.182983,0.936401
0.360107,-0.333374,0.955078
-0.574585,-0.027222,0.732544
0.302734,-0.105957,1.049316
-0.087891,-0.378906,0.772583
-0.361206,0.196533,0.912720
0.395020,-0.316162,0.971313
-0.551270,-0.044434,0.729980
0.186401,-0.048706,1.020874
-0.009399,-0.422241,0.786499
-0.444824,0.179932,0.874512
0.421875,-0.270386,1.008179
-0.503540,-0.097900,0.733276
0.067017,0.064819,0.999023
0.102783,-0.421753,0.848511
-0.529785,0.138062,0.808838
0.431885,-0.243896,1.021484
-0.367310,-0.184692,0.750244
-0.029297,0.162476,0.999634
0.204956,-0.425171,0.844971
-0.574829,0.057251,0.770752
0.421265,-0.223267,1.021240
-0.257080,-0.303589,0.718262
-0.119629,0.186646,0.981934
0.268066,-0.393555,0.866455
-0.606689,0.051392,0.735840
0.405518,-0.213989,1.022583
-0.188965,-0.355591,0.716797
-0.228271,0.166870,0.931152
0.321045,-0.338501,0.922729
-0.609985,0.030151,0.731812
0.343140,-0.172852,1.026733
-0.128662,-0.395020,0.743164
-0.298218,0.165405,0.905273
0.354736,-0.306152,0.946045
-0.593140,0.036621,0.729492
0.254028,-0.099731,1.013428
-0.056641,-0.416992,0.769287
-0.392944,0.186157,0.898804
0.388306,-0.311401,0.967285
-0.561035,-0.012085,0.732788
0.152710,-0.000366,0.995972
0.025024,-0.399292,0.814819
-0.475220,0.180542,0.870972
0.407471,-0.255859,0.995972
-0.502197,-0.105713,0.709839
0.048462,0.092163,0.993408
0.119385,-0.403564,0.838013
-0.555542,0.160767,0.822021
0.424927,-0.238037,1.008667
-0.395264,-0.166016,0.738281
-0.027344,0.130981,0.982422
0.191162,-0.404297,0.863403
-0.610107,0.117432,0.777832
0.423706,-0.221924,1.015381
-0.272583,-0.281250,0.735107
-0.117065,0.180054,0.960693
0.254150,-0.374756,0.880859
-0.620483,0.060791,0.732422
0.394531,-0.188110,1.034302
-0.195679,-0.350464,0.721069
-0.202759,0.179810,0.943115
0.317505,-0.358887,0.903809
-0.631348,0.079468,0.737549
0.335327,-0.141357,1.023315
-0.144775,-0.403564,0.721802
-0.274292,0.164185,0.916260
0.355469,-0.329102,0.944336
-0.612183,0.046021,0.745483
0.252563,-0.101318,0.996216
-0.084473,-0.425293,0.735596
-0.373901,0.180664,0.886841
0.381348,-0.284424,0.968872
-0.561890,-0.039551,0.713989
0.169678,-0.021362,0.986572
-0.013794,-0.406372,0.790649
-0.468018,0.190674,0.854248
0.402588,-0.263306,0.992920
-0.500610,-0.103760,0.727783
0.063477,0.085449,0.997803
0.094604,-0.402832,0.828369
-0.551636,0.175781,0.826294
0.418091,-0.241211,1.001465
-0.369507,-0.165405,0.739868
-0.019897,0.190186,0.995728
0.144043,-0.351685,0.839966
-0.595703,0.086182,0.761963
0.449463,-0.252808,1.018311
-0.295288,-0.275757,0.722534
-0.098877,0.219116,0.970459
0.210327,-0.372314,0.837769
-0.596191,0.080200,0.753296
0.409668,-0.222778,1.011108
-0.230713,-0.351562,0.702148
-0.145386,0.156738,0.938110
0.282959,-0.337280,0.890381
-0.638794,0.099976,0.725708
0.371216,-0.166504,1.015625
-0.156250,-0.386475,0.724731
-0.212402,0.141602,0.933228
0.318848,-0.343628,0.905518
-0.644043,0.115967,0.743530
0.317261,-0.136963,1.000854
-0.092651,-0.403076,0.747681
-0.286133,0.162598,0.902344
0.354980,-0.315308,0.933105
-0.611450,0.086060,0.702515
0.258179,-0.037720,0.991211
-0.038452,-0.419556,0.757568
-0.389038,0.159302,0.864868
0.373657,-0.281494,0.956177
-0.562256,-0.021118,0.701538
0.197876,-0.005005,0.991333
-0.011597,-0.397949,0.767212
-0.479248,0.213257,0.842651
0.403198,-0.273438,0.969482
-0.494263,-0.089233,0.720337
0.095703,0.083008,1.000366
0.066895,-0.401855,0.815308
-0.537842,0.223389,0.824951
0.423218,-0.257935,0.988403
-0.441895,-0.124634,0.722046
0.044800,0.153076,1.026367
0.129028,-0.387329,0.831543
-0.583008,0.178467,0.809570
0.433472,-0.237305,0.996704
-0.391602,-0.161987,0.723022
-0.024292,0.169067,0.984985
0.220947,-0.426880,0.847412
-0.608398,0.197632,0.792847
0.403931,-0.178833,1.000977
-0.307617,-0.228394,0.743530
-0.074463,0.119629,0.963623
0.242676,-0.420532,0.873413
-0.614014,0.169312,0.772095
0.399414,-0.115601,1.018799
-0.226685,-0.258179,0.744141
-0.149902,0.175781,0.963257
0.283569,-0.407104,0.882202
-0.627441,0.133911,0.750732
0.405884,-0.141113,1.035278
-0.160767,-0.348022,0.737427
-0.239746,0.226807,0.936523
0.334717,-0.355347,0.899170
-0.598022,0.066772,0.738525
0.352905,-0.121582,1.024292
-0.099243,-0.373901,0.738037
-0.308105,0.216797,0.898193
0.357056,-0.323120,0.908325
-0.584351,0.043579,0.727295
0.282227,-0.057617,1.014526
-0.052246,-0.418579,0.753174
-0.371704,0.186279,0.851074
0.387329,-0.291992,0.936768
-0.552612,0.020020,0.720825
0.190308,0.008301,0.992676
0.013672,-0.431641,0.774170
-0.439209,0.177612,0.837769
0.404419,-0.237793,0.973022
-0.508911,-0.024658,0.734375
0.100220,0.096436,0.995605
0.071533,-0.402954,0.809082
-0.512329,0.154419,0.818726
0.421387,-0.224609,0.988770
-0.426636,-0.093750,0.747559
0.007568,0.180420,0.987549
0.149414,-0.394531,0.812378
-0.563477,0.131836,0.792480
0.437378,-0.206299,1.012695
-0.332764,-0.183716,0.742676
-0.037720,0.179077,0.986816
0.202637,-0.372314,0.848877
-0.597778,0.130005,0.770264
0.439697,-0.209961,1.032715
-0.242798,-0.276245,0.729492
-0.115112,0.210571,0.966431
0.258301,-0.355103,0.870972
-0.616333,0.132446,0.767578
0.422974,-0.208008,1.021851
-0.184204,-0.330322,0.742798
-0.182251,0.181519,0.921021
0.312988,-0.321045,0.901367
-0.595337,0.111084,0.753418
0.273804,-0.059570,1.012939
-0.118408,-0.344482,0.758667
-0.404541,0.181885,0.863892
0.392822,-0.341309,0.944336
-0.543579,-0.036377,0.728149
0.195435,0.006958,1.017700
-0.030640,-0.386719,0.767578
-0.486328,0.225830,0.844971
0.405640,-0.319946,0.952637
-0.492310,-0.128052,0.738281
0.109863,0.010498,0.990234
0.045532,-0.408325,0.798950
-0.538818,0.237305,0.819946
0.402832,-0.236206,0.975220
-0.407593,-0.165894,0.740479
0.018433,0.071533,0.987549
0.134399,-0.435913,0.823242
-0.595703,0.180420,0.779175
0.419312,-0.209717,0.987915
-0.307739,-0.213379,0.743408
-0.084106,0.189575,0.967529
0.238281,-0.410034,0.868896
-0.609863,0.113281,0.764404
0.384155,-0.173950,1.020874
-0.220825,-0.338745,0.715820
-0.174927,0.164307,0.938110
0.289795,-0.352295,0.903198
-0.606201,0.063599,0.740234
0.368286,-0.128174,1.031372
-0.155518,-0.357300,0.724731
-0.282227,0.193237,0.904541
0.353149,-0.348877,0.916382
-0.595703,0.072632,0.749390
0.284546,-0.083130,1.013306
-0.075317,-0.418701,0.736328
-0.363770,0.197632,0.863770
0.384766,-0.291504,0.953735
-0.544067,-0.017334,0.716919
0.151001,0.023560,0.983643
-0.012329,-0.432007,0.755371
-0.449341,0.191895,0.870972
0.415283,-0.247559,0.979126
-0.495850,-0.037354,0.743530
0.053467,0.088257,0.980225
0.096924,-0.412476,0.814209
-0.552002,0.187988,0.821533
0.415894,-0.208862,1.004517
-0.347534,-0.202026,0.742310
-0.028198,0.171509,1.005371
0.175171,-0.383667,0.841797
-0.600708,0.151245,0.776733
0.429810,-0.213135,1.015381
-0.249756,-0.282837,0.739746
-0.141235,0.186157,0.949341
0.258301,-0.362915,0.880737
-0.603394,0.104248,0.753784
0.409302,-0.150024,1.041016
-0.152588,-0.348022,0.740845
-0.238770,0.199097,0.929077
0.332275,-0.360107,0.910645
-0.606934,0.054565,0.731445
0.335327,-0.094727,1.019165
-0.099121,-0.361938,0.737915
-0.324585,0.194580,0.887695
0.389526,-0.343994,0.930420
-0.578369,0.010864,0.727173
0.230835,-0.031006,0.988647
-0.036865,-0.396606,0.765381
-0.411255,0.187744,0.863525
0.403564,-0.265991,0.967773
-0.517456,-0.069214,0.716064
0.142456,0.071411,1.003784
0.031494,-0.409180,0.775513
-0.488647,0.180786,0.822998
0.427490,-0.233398,0.992432
-0.462402,-0.100098,0.734009
0.057861,0.121948,1.006714
0.111572,-0.416626,0.809204
-0.543213,0.173096,0.807861
0.426270,-0.197266,1.000977
-0.352417,-0.169678,0.750366
-0.018555,0.189331,1.006226
0.175537,-0.395264,0.839966
-0.583252,0.134399,0.773438
0.449829,-0.204346,1.026367
-0.287354,-0.221802,0.743286
-0.106567,0.190674,0.967651
0.254761,-0.399170,0.872803
-0.599243,0.102905,0.758911
0.408447,-0.137939,1.032104
-0.202026,-0.288330,0.739258
-0.166626,0.196411,0.939819
0.317383,-0.361328,0.914062
-0.614746,0.086914,0.741455
0.364624,-0.132812,1.023315
-0.114380,-0.385742,0.733276
-0.231812,0.213501,0.928101
0.339966,-0.315063,0.902466
-0.614502,0.099854,0.739868
0.307007,-0.100342,1.006836
-0.031738,-0.447876,0.741577
-0.300659,0.182129,0.889160
0.376465,-0.273682,0.942627
-0.592163,0.080566,0.727905
0.208984,-0.036499,0.969604
0.020386,-0.447510,0.764282
-0.388184,0.191284,0.865112
0.394653,-0.248169,0.953003
-0.522095,0.035278,0.754517
0.106934,0.081177,0.973145
0.070312,-0.388916,0.805786
-0.497070,0.140991,0.827637
0.425415,-0.224609,0.997192
-0.434326,-0.067261,0.754639
0.030029,0.191284,1.007812
0.164795,-0.406372,0.823853
-0.566040,0.155762,0.785400
0.427490,-0.191895,1.003662
-0.303955,-0.197144,0.750854
-0.053833,0.211060,0.991699
0.218994,-0.373291,0.854614
-0.597290,0.118530,0.758423
0.426636,-0.161011,1.031494
-0.193115,-0.284180,0.754395
-0.131104,0.200195,0.953613
0.283203,-0.323242,0.887695
-0.618652,0.098511,0.745117
0.394897,-0.182861,1.017090
-0.107788,-0.381470,0.752930
-0.213379,0.188110,0.925049
0.338867,-0.317993,0.908813
-0.614990,0.110229,0.742676
0.341064,-0.118774,0.995728
-0.046997,-0.373291,0.774292
-0.322266,0.168213,0.861816
0.397461,-0.317017,0.932861
-0.575317,0.053223,0.722534
0.234741,-0.021484,0.974365
-0.001099,-0.399414,0.775146
-0.372559,0.158081,0.854004
0.417969,-0.261597,0.969727
-0.531860,-0.001709,0.718384
0.124023,0.070190,0.980225
0.069702,-0.415161,0.794067
-0.453857,0.154175,0.841431
0.427002,-0.234497,0.984863
-0.464966,-0.028442,0.756836
0.071655,0.146729,1.009033
0.106689,-0.408203,0.789429
-0.521606,0.141846,0.810303
0.448120,-0.227905,1.013062
-0.372559,-0.137573,0.752319
0.008789,0.195923,1.018433
0.162109,-0.384521,0.813843
-0.585571,0.161865,0.784668
0.464478,-0.260132,1.011230
-0.264893,-0.223022,0.770386
-0.055054,0.228882,1.003906
0.207520,-0.359253,0.841553
-0.601318,0.138306,0.762573
0.463989,-0.248657,1.023193
-0.225586,-0.230957,0.781982
-0.124390,0.204224,0.953247
0.285034,-0.387939,0.875854
-0.602295,0.141724,0.761108
0.419678,-0.147461,1.025757
-0.158569,-0.303223,0.760986
-0.176270,0.198486,0.927124
0.324951,-0.369629,0.900269
-0.602051,0.093140,0.743286
0.388428,-0.127930,1.025024
-0.097412,-0.351685,0.760742
-0.235352,0.194702,0.907593
0.355347,-0.361572,0.913330
-0.568848,0.070801,0.755493
0.347656,-0.077759,1.026855
-0.083496,-0.365601,0.758179
-0.272095,0.196411,0.901489
0.374512,-0.344727,0.936646
-0.573730,0.026123,0.745972
0.307983,-0.062744,1.014893
-0.021729,-0.401611,0.753296
-0.332031,0.206055,0.868896
0.397827,-0.298828,0.951172
-0.544556,-0.037598,0.734497
0.216187,-0.031372,0.992432
0.006470,-0.454468,0.746094
-0.374634,0.157349,0.845703
0.426025,-0.259644,0.968018
-0.529785,-0.012695,0.739746
0.140991,0.040527,0.997437
0.079834,-0.455566,0.782715
-0.455444,0.162354,0.821289
0.422974,-0.245605,0.979370
-0.436035,-0.072510,0.761353
0.057129,0.136597,0.996338
0.156372,-0.409058,0.835693
-0.563965,0.131836,0.775757
0.442749,-0.236938,1.011475
-0.338013,-0.185791,0.747192
-0.024658,0.209595,1.015503
0.215088,-0.378418,0.854004
-0.588623,0.103638,0.744873
0.458374,-0.223511,1.034546
-0.217651,-0.285400,0.749268
-0.110352,0.255981,0.989502
0.273315,-0.344238,0.885132
-0.606445,0.085938,0.746948
0.442383,-0.225708,1.026123
-0.136841,-0.341309,0.760742
-0.168823,0.190186,0.932495
0.321899,-0.293091,0.921387
-0.597046,0.093140,0.743164
0.391846,-0.161865,1.016846
-0.059692,-0.381470,0.774048
-0.245605,0.168091,0.893433
0.385132,-0.313354,0.932861
-0.575073,0.076904,0.733887
0.296753,-0.077881,0.979980
-0.010498,-0.409668,0.769409
-0.322388,0.143677,0.852417
0.425903,-0.323853,0.950317
-0.545654,0.000977,0.722046
0.200439,0.025635,0.986816
0.024048,-0.424438,0.749512
-0.380249,0.159668,0.840332
0.437744,-0.321411,0.963623
-0.497070,-0.043823,0.760376
0.131226,0.038940,0.994385
0.057861,-0.424316,0.774536
-0.455078,0.159424,0.807739
0.442505,-0.234497,0.994263
-0.430786,-0.114258,0.760376
0.068115,0.072998,1.002808
0.133423,-0.443481,0.810059
-0.526733,0.147949,0.780884
0.440308,-0.225708,0.997925
-0.355835,-0.149536,0.759766
-0.019409,0.141968,0.999390
0.231201,-0.440430,0.861816
-0.563599,0.110352,0.764648
0.420654,-0.199951,1.008423
-0.255249,-0.236328,0.771851
-0.100098,0.183838,0.978027
0.294189,-0.404907,0.905029
-0.593262,0.077637,0.738403
0.397095,-0.133057,1.048462
-0.134888,-0.334473,0.764893
-0.194702,0.201660,0.956665
0.343384,-0.406982,0.901245
-0.570679,0.055908,0.771240
0.356689,-0.108032,1.028198
-0.054565,-0.380371,0.770386
-0.259399,0.166626,0.894165
0.381348,-0.344116,0.953247
-0.572632,-0.026123,0.714233
0.291748,-0.069214,1.018677
0.012695,-0.421143,0.759888
-0.326660,0.177246,0.863403
0.411011,-0.297974,0.950806
-0.525391,-0.019043,0.744995
0.175537,-0.038208,0.980591
0.059570,-0.477417,0.766602
-0.407837,0.160278,0.835693
0.444946,-0.246460,0.990112
-0.450195,-0.037720,0.768921
0.052490,0.116943,0.986694
0.157959,-0.457275,0.812622
-0.498169,0.070923,0.770996
0.423584,-0.203857,1.012085
-0.349854,-0.165283,0.754761
-0.023926,0.178467,1.004272
0.238403,-0.418091,0.856812
-0.567139,0.066895,0.740967
0.422363,-0.197876,1.020142
-0.192139,-0.275146,0.775146
-0.116577,0.212280,0.987671
0.296875,-0.351807,0.899292
-0.598022,0.072144,0.761230
0.385498,-0.210327,1.011841
-0.078247,-0.369995,0.802979
-0.187622,0.153564,0.934937
0.347046,-0.297119,0.941040
-0.564575,0.089233,0.749390
0.321045,-0.095337,1.001343
-0.012939,-0.417236,0.766846
-0.284302,0.115112,0.869995
0.410156,-0.319092,0.958862
-0.548096,0.017578,0.734253
0.244019,-0.022339,0.991089
0.046265,-0.415649,0.786133
-0.362671,0.104248,0.829102
0.419556,-0.313965,0.968628
-0.514771,-0.098389,0.716309
0.183350,-0.004150,1.011963
0.083740,-0.437622,0.802002
-0.454956,0.170410,0.810913
0.440552,-0.270386,0.993652
-0.416992,-0.172607,0.754883
0.036499,0.085571,0.994263
0.131226,-0.433105,0.813965
-0.479614,0.123413,0.802612
0.461670,-0.257690,1.005005
-0.374268,-0.183594,0.754517
-0.029297,0.114014,0.988037
0.238159,-0.502075,0.840942
-0.548340,0.076660,0.747681
0.428833,-0.206787,1.009399
-0.222900,-0.193726,0.805420
-0.108887,0.188721,0.992310
0.272461,-0.411377,0.895386
-0.572144,0.043945,0.746216
0.415527,-0.173096,1.026123
-0.140137,-0.284058,0.790649
-0.169067,0.192627,0.963379
0.348022,-0.396973,0.921387
-0.570679,0.046509,0.744507
0.361572,-0.156616,1.007446
-0.037720,-0.373169,0.792847
-0.239014,0.188843,0.927612
0.382324,-0.318970,0.942017
-0.537720,-0.020386,0.751831
0.300659,-0.129883,1.004028
0.011108,-0.468384,0.775146
-0.300293,0.151245,0.884644
0.415039,-0.301392,0.978882
-0.521240,-0.005371,0.748413
0.218506,-0.036499,0.998779
0.071655,-0.491211,0.776611
-0.388306,0.122437,0.831299
0.437988,-0.310181,0.972412
-0.472046,-0.112671,0.746338
0.109131,0.030640,0.987915
0.116943,-0.463013,0.786255
-0.441040,0.130005,0.817139
0.455444,-0.289795,0.987427
-0.394531,-0.153198,0.762939
0.008545,0.107788,0.983032
0.203491,-0.478760,0.815430
-0.512451,0.075928,0.770386
0.458984,-0.245728,1.033203
-0.289062,-0.200684,0.779541
-0.091797,0.172485,0.981812
0.257935,-0.445679,0.860840
-0.541382,0.032837,0.750854
0.415527,-0.189453,1.042358
-0.171143,-0.249390,0.813232
-0.161621,0.168213,0.964844
0.327026,-0.421631,0.902466
-0.556519,0.050659,0.752197
0.378052,-0.121216,1.045410
-0.050415,-0.345215,0.810547
-0.249390,0.181030,0.937012
0.373535,-0.402588,0.929810
-0.521362,-0.052612,0.744629
0.314331,-0.085205,1.018311
0.029541,-0.410889,0.797485
-0.314209,0.173340,0.882324
0.418213,-0.311035,0.972656
-0.495361,-0.122925,0.736938
0.195679,-0.074463,0.978149
0.065796,-0.499878,0.788330
-0.364380,0.103638,0.832275
0.450806,-0.257812,1.003418
-0.439697,-0.117310,0.759155
0.100098,0.060913,1.007935
0.116699,-0.454468,0.802124
-0.441162,0.068604,0.804932
0.467407,-0.292725,1.010742
-0.389160,-0.161987,0.757202
0.025269,0.135742,1.012451
0.187988,-0.421387,0.833008
-0.484863,0.071899,0.791748
0.466675,-0.284790,1.021606
-0.328369,-0.211060,0.773315
-0.069336,0.142334,0.995850
0.262329,-0.450562,0.871094
-0.524780,0.021118,0.759766
0.433838,-0.217651,1.052124
-0.196899,-0.249023,0.803101
-0.147339,0.195435,0.980225
0.320068,-0.401611,0.908936
-0.532471,-0.003052,0.746338
0.389526,-0.184692,1.048706
-0.091553,-0.355225,0.802856
-0.199219,0.160522,0.955444
0.368652,-0.354492,0.941528
-0.531494,0.002197,0.741211
0.329468,-0.110962,1.030640
0.012695,-0.419678,0.808960
-0.277832,0.137573,0.914185
0.417603,-0.387329,0.959229
-0.518066,-0.072388,0.743408
0.228638,-0.004395,1.032349
0.079956,-0.457397,0.779663
-0.356812,0.145386,0.870483
0.435425,-0.341064,0.973755
-0.456787,-0.137451,0.761230
0.130859,0.000977,1.003418
0.135864,-0.475342,0.795410
-0.429077,0.133545,0.833740
0.453125,-0.270508,1.019409
-0.382080,-0.177124,0.767578
0.026367,0.072632,0.997192
0.226196,-0.492920,0.843018
-0.515625,0.045776,0.759766
0.452637,-0.238403,1.045654
-0.237671,-0.253418,0.785400
-0.104248,0.222778,1.022827
0.294556,-0.410522,0.900757
-0.538208,0.012207,0.764160
0.414307,-0.210327,1.047729
-0.130493,-0.281128,0.818115
-0.164062,0.195801,0.993530
0.346924,-0.361206,0.948120
-0.541260,-0.025635,0.747314
0.359375,-0.169922,1.034668
0.012939,-0.448120,0.804077
-0.248535,0.196777,0.955078
0.393066,-0.349121,0.957886
-0.509155,-0.072144,0.741943
0.283081,-0.096191,1.015991
0.055054,-0.479004,0.796631
-0.309692,0.136108,0.896606
0.443481,-0.324097,0.980225
-0.472168,-0.077271,0.769531
0.176392,-0.010742,1.013428
0.124146,-0.500977,0.816650
-0.384155,0.082275,0.847290
0.448853,-0.270752,1.013062
-0.428467,-0.141113,0.744263
0.078369,0.094604,1.020508
0.223511,-0.462524,0.869629
-0.448486,0.046387,0.815308
0.450928,-0.274170,1.027466
-0.350342,-0.215088,0.768433
-0.020752,0.109131,1.007446
0.294800,-0.480103,0.888916
-0.516479,0.033691,0.774292
0.436646,-0.197388,1.068359
-0.179688,-0.260010,0.824585
-0.138306,0.190063,0.988647
0.336304,-0.414307,0.934814
-0.514038,-0.022461,0.766357
0.398193,-0.146973,1.071533
-0.058594,-0.357666,0.809326
-0.213013,0.198242,0.979492
0.387085,-0.389526,0.941162
-0.501099,-0.043091,0.768066
0.314453,-0.119629,1.024170
0.037842,-0.445923,0.818604
-0.267090,0.147827,0.928833
0.438110,-0.341553,0.992432
-0.482544,-0.075073,0.747803
0.227417,-0.014404,1.033203
-0.327148,0.092041,0.893311
0.143555,-0.429932,0.842529
0.477295,-0.293457,1.036011
-0.377197,-0.192627,0.761719
0.056152,0.057129,1.028931
0.246704,-0.456543,0.883057
-0.481567,0.082153,0.792480
0.460327,-0.213623,1.060181
-0.249756,-0.238403,0.812866
-0.072998,0.143921,1.017578
0.313110,-0.493652,0.906616
-0.527954,0.025635,0.766479
0.431396,-0.151611,1.087524
-0.107178,-0.271973,0.819214
-0.162231,0.220825,1.021484
0.371948,-0.387573,0.962402
-0.503296,-0.060669,0.783325
0.364380,-0.164673,1.045288
0.000244,-0.411499,0.814697
-0.217407,0.189209,0.970459
0.422729,-0.320435,1.000732
-0.500610,-0.085938,0.756104
0.288818,-0.114258,1.025269
0.070923,-0.460205,0.822632
-0.296143,0.125000,0.914917
0.461304,-0.274536,1.033325
-0.441650,-0.093872,0.782593
0.190063,-0.010498,1.033325
0.126099,-0.483765,0.823975
-0.370850,0.105225,0.885254
0.470947,-0.259521,1.040161
-0.388306,-0.153198,0.778198
0.095459,0.074097,1.026245
0.216431,-0.489014,0.864868
-0.441528,0.035645,0.817627
0.484863,-0.248169,1.070435
-0.317017,-0.199829,0.779907
0.012329,0.157227,1.056763
0.273804,-0.446289,0.908691
-0.493896,0.009033,0.782837
0.484497,-0.251221,1.069214
-0.228882,-0.253418,0.819458
-0.063599,0.209717,1.050049
0.323853,-0.394043,0.930786
-0.512817,0.026611,0.786743
0.456909,-0.244263,1.083496
-0.125977,-0.331055,0.840698
-0.132568,0.183228,1.008911
0.378052,-0.407471,0.950195
-0.499146,0.014648,0.788818
0.397095,-0.129761,1.072998
-0.023071,-0.338745,0.862793
-0.201050,0.182129,1.000488
0.404419,-0.390137,0.975830
-0.486816,-0.080078,0.759888
0.360474,-0.083740,1.088135
0.048828,-0.413208,0.834229
-0.249268,0.182129,0.958862
0.443237,-0.365234,1.001465
-0.447266,-0.109497,0.781372
0.301147,-0.047729,1.075928
0.070068,-0.413330,0.816040
-0.309448,0.166870,0.940430
0.477417,-0.327026,1.024536
-0.430786,-0.120117,0.776978
0.218262,-0.041382,1.035522
0.126953,-0.455322,0.847290
-0.373657,0.107300,0.889404
0.496582,-0.273438,1.066040
-0.381226,-0.141724,0.771973
0.125610,0.071655,1.052002
0.229492,-0.491455,0.879272
-0.428955,0.071777,0.858643
0.500244,-0.286621,1.064453
-0.318848,-0.186646,0.789551
0.036377,0.163818,1.049805
0.292847,-0.434692,0.922485
-0.466431,0.029297,0.825073
0.479126,-0.265381,1.073242
-0.236328,-0.236938,0.809814
-0.023315,0.190796,1.061401
0.322632,-0.386475,0.950317
-0.511719,0.036499,0.804077
0.466309,-0.218872,1.106201
-0.132568,-0.320190,0.841919
-0.106079,0.201904,1.033813
0.372314,-0.369751,0.977661
-0.497437,-0.003784,0.789307
0.411621,-0.165039,1.097412
-0.014282,-0.387817,0.861694
-0.156860,0.165649,1.004883
0.408813,-0.357788,0.986084
-0.482300,-0.001953,0.792603
0.371338,-0.102051,1.090942
0.046265,-0.396851,0.867310
-0.219727,0.158081,0.987427
0.445679,-0.364014,1.024902
-0.463501,-0.101929,0.770142
0.333130,-0.048340,1.090088
0.057251,-0.383667,0.843750
-0.273926,0.146851,0.965210
0.481323,-0.350708,1.041382
-0.431030,-0.162476,0.782593
0.269897,-0.010620,1.077759
0.082031,-0.361694,0.856445
-0.322998,0.142334,0.921875
0.510620,-0.309448,1.063965
-0.395630,-0.165405,0.796875
0.186768,0.003662,1.052368
0.183350,-0.424316,0.890137
-0.355591,0.087646,0.887329
0.510132,-0.248413,1.089355
-0.353882,-0.152832,0.805786
0.101807,0.062012,1.047852
0.265991,-0.505493,0.886353
-0.412231,0.040894,0.842407
0.503052,-0.205322,1.108765
-0.286011,-0.192993,0.807373
0.000610,0.120728,1.031128
0.338745,-0.497437,0.923584
-0.455322,0.014160,0.821045
0.475830,-0.156860,1.119873
-0.170898,-0.231689,0.837280
-0.086182,0.188477,1.038452
0.384644,-0.437622,0.966064
-0.482178,-0.015381,0.805176
0.450073,-0.132690,1.125610
-0.044800,-0.312500,0.857666
-0.163452,0.224609,1.033447
0.430786,-0.373901,0.999390
-0.467896,-0.065552,0.781616
0.371582,-0.104004,1.100342
0.058472,-0.405640,0.865112
-0.223511,0.163330,0.989502
0.465820,-0.293945,1.044556
-0.449585,-0.081055,0.782104
0.293091,-0.052490,1.070312
0.112183,-0.448120,0.860840
-0.304565,0.151367,0.950317
0.498291,-0.252197,1.084839
-0.396729,-0.136475,0.787964
0.187866,0.030640,1.069214
0.198730,-0.462158,0.899048
-0.366455,0.039307,0.873779
0.540771,-0.240845,1.119263
-0.322632,-0.190918,0.799438
0.063110,0.149048,1.071655
0.292480,-0.436157,0.933228
-0.457886,0.011841,0.822388
0.519775,-0.224854,1.134766
-0.223022,-0.282104,0.818726
-0.018799,0.214478,1.079712
0.349121,-0.403687,0.960938
-0.487793,0.051758,0.829468
0.487427,-0.219238,1.115601
-0.113647,-0.316650,0.867065
-0.090332,0.197144,1.060059
0.393188,-0.371094,0.998779
-0.474487,0.003296,0.809814
0.451172,-0.150879,1.120239
-0.006470,-0.391724,0.855713
-0.144653,0.196777,1.051270
0.445923,-0.353760,1.030273
-0.471924,-0.031860,0.803589
0.393921,-0.102173,1.116943
0.052124,-0.405151,0.860352
-0.211548,0.175293,1.001953
0.476685,-0.303955,1.051147
-0.443604,-0.050171,0.797119
0.330444,-0.056885,1.097168
0.080200,-0.419922,0.873535
-0.271729,0.160645,0.991211
0.516357,-0.295166,1.098511
-0.428833,-0.092041,0.796509
0.245972,-0.000488,1.086060
0.146851,-0.456421,0.894287
-0.312378,0.106689,0.949829
0.544189,-0.244873,1.134277
-0.386230,-0.146240,0.790894
0.178223,0.067627,1.091675
0.223511,-0.447632,0.922119
-0.384644,0.097046,0.894653
0.540039,-0.256470,1.110474
-0.307983,-0.195801,0.821289
0.092285,0.114380,1.076660
0.285034,-0.438110,0.947388
-0.421875,0.089844,0.858765
0.527100,-0.204224,1.126587
-0.231934,-0.225342,0.827515
0.014160,0.179321,1.084106
0.348389,-0.448730,0.957764
-0.457520,0.038818,0.831177
0.503540,-0.174927,1.138916
-0.148071,-0.249390,0.859009
-0.054199,0.196533,1.067627
0.402588,-0.394287,0.998657
-0.459595,0.026367,0.835815
0.459839,-0.113159,1.137329
-0.037109,-0.332642,0.869995
-0.122559,0.184448,1.063110
0.438354,-0.371826,1.031006
-0.465210,-0.026611,0.812012
0.421265,-0.072144,1.146851
0.044067,-0.374756,0.872681
-0.192749,0.204224,1.038208
0.467896,-0.321167,1.062134
-0.428589,-0.104614,0.799438
0.364258,-0.043579,1.133545
0.074585,-0.368286,0.886841
-0.258179,0.200195,1.007568
0.497803,-0.284546,1.085693
-0.391846,-0.145630,0.807373
0.298462,-0.011719,1.115845
0.138428,-0.408447,0.906006
-0.320801,0.157104,0.957520
0.540527,-0.299438,1.100342
-0.362427,-0.165283,0.802246
0.194946,0.050415,1.091431
0.221558,-0.411377,0.937622
-0.364136,0.092407,0.903564
0.536377,-0.216431,1.129883
-0.295532,-0.204956,0.822510
0.098267,0.140747,1.097046
0.315430,-0.464478,0.947144
-0.413696,0.079712,0.874512
0.526123,-0.188843,1.136719
-0.217285,-0.217407,0.844604
0.010010,0.174072,1.078369
0.352051,-0.391235,0.984985
-0.440918,-0.006714,0.829224
0.520508,-0.184204,1.160034
-0.098145,-0.285400,0.887817
-0.104248,0.200928,1.061768
0.402954,-0.354858,1.010742
-0.460083,-0.019653,0.821411
0.472656,-0.135742,1.165894
0.037842,-0.349976,0.905151
-0.157959,0.220703,1.044067
0.444702,-0.298706,1.040039
-0.441772,-0.045410,0.822144
0.393188,-0.099365,1.128418
0.052124,-0.416870,0.872559
-0.211304,0.176514,1.032349
0.518799,-0.291870,1.101807
-0.434692,-0.045532,0.810669
0.308838,-0.010376,1.122314
0.132446,-0.436279,0.898438
-0.287231,0.118896,0.980469
0.552734,-0.269531,1.136841
-0.380615,-0.106201,0.830566
0.199585,0.064575,1.099365
0.223633,-0.430176,0.933105
-0.353882,0.074463,0.919067
0.554321,-0.224854,1.155884
-0.288086,-0.185425,0.838745
0.079956,0.140137,1.081665
0.308960,-0.441772,0.951904
-0.494995,0.000244,0.802002
0.446899,-0.173584,1.103271
-0.198486,-0.219849,0.867188
-0.158691,0.213989,1.033569
0.410645,-0.365234,0.995972
-0.482422,-0.043091,0.785522
0.374390,-0.109863,1.090210
0.065430,-0.431274,0.855835
-0.231079,0.194702,0.994751
0.442139,-0.312256,1.024780
-0.439453,-0.098145,0.776245
0.285522,-0.057129,1.062256
0.096924,-0.431641,0.854858
-0.305420,0.130615,0.946411
0.500122,-0.286621,1.078003
-0.401855,-0.131470,0.794922
0.178345,0.042603,1.059570
0.201904,-0.444702,0.878540
-0.380737,0.069092,0.867188
0.509888,-0.261230,1.090698
-0.308838,-0.216919,0.804077
0.045776,0.111694,1.048218
0.297485,-0.443970,0.925537
-0.447021,0.041260,0.830200
0.485718,-0.187378,1.107422
-0.193970,-0.241455,0.837402
-0.057861,0.180420,1.048706
0.364746,-0.406128,0.971924
-0.471802,-0.004639,0.801147
0.445923,-0.147827,1.116943
-0.049438,-0.340820,0.848022
-0.156372,0.194580,1.025024
0.411621,-0.341309,1.001465
-0.464111,-0.057251,0.778198
0.375366,-0.102539,1.099365
0.057739,-0.418701,0.846802
-0.220337,0.169312,0.991577
0.473633,-0.309204,1.050293
-0.459473,-0.092407,0.792969
0.275879,-0.057861,1.067383
0.104736,-0.416382,0.862793
-0.306519,0.125122,0.929077
0.507690,-0.238281,1.100098
-0.381592,-0.176514,0.787598
0.170044,0.032104,1.066650
0.215332,-0.454956,0.885132
-0.388916,0.085083,0.873535
0.517700,-0.255615,1.092896
-0.298462,-0.203369,0.814575
0.055664,0.119019,1.047729
0.304810,-0.442261,0.938843
-0.444458,0.047607,0.833496
0.504517,-0.216797,1.115479
-0.187744,-0.233398,0.846191
-0.071045,0.191650,1.033447
0.365723,-0.392334,0.979126
-0.460815,-0.011841,0.812744
0.458740,-0.137817,1.130371
-0.057373,-0.318237,0.864380
-0.146118,0.206421,1.032959
0.426758,-0.373657,1.003052
-0.468872,-0.048340,0.783447
0.389038,-0.090698,1.125854
0.060791,-0.394531,0.864990
-0.202881,0.177734,1.002563
0.462891,-0.316650,1.035278
-0.434326,-0.067749,0.809204
0.298340,-0.060059,1.079468
0.103394,-0.429321,0.862915
-0.288818,0.151245,0.969971
0.505981,-0.273804,1.084351
-0.409058,-0.114258,0.803345
0.198242,0.029541,1.068726
0.203613,-0.464722,0.897339
-0.372070,0.068970,0.890625
0.526245,-0.232788,1.125610
-0.313843,-0.204102,0.809082
0.074829,0.121460,1.059570
0.288208,-0.447144,0.924561
-0.442261,0.033569,0.827148
0.528442,-0.217529,1.135864
-0.206665,-0.265381,0.835449
-0.024414,0.211670,1.071777
0.353516,-0.392578,0.966064
-0.482910,0.015625,0.814209
0.480591,-0.208496,1.122681
-0.098267,-0.335938,0.873047
-0.083252,0.167236,1.050659
0.405640,-0.350708,1.007690
-0.486084,0.045410,0.809814
0.426025,-0.125488,1.120605
0.026489,-0.387817,0.897217
-0.168335,0.156738,1.047119
0.450806,-0.352905,1.044922
-0.474976,-0.003906,0.795776
0.368896,-0.051392,1.118530
0.068359,-0.370361,0.888550
-0.237793,0.156616,1.015015
0.496826,-0.321533,1.081299
-0.425781,-0.103760,0.794678
0.298218,0.024658,1.116089
0.103027,-0.366699,0.898804
-0.307373,0.167114,0.981567
0.522827,-0.293091,1.115112
-0.383057,-0.179321,0.797241
0.233887,0.016235,1.097656
0.184570,-0.389648,0.909424
-0.352417,0.130981,0.919556
0.532959,-0.245850,1.113037
-0.322632,-0.219727,0.805298
0.136230,0.063232,1.077393
0.265381,-0.441040,0.932861
-0.399414,0.077271,0.870117
0.528809,-0.205566,1.133423
-0.255981,-0.219360,0.831299
0.040771,0.138184,1.075806
0.337769,-0.473145,0.953003
-0.448120,0.060059,0.838867
0.508301,-0.149414,1.143066
-0.172363,-0.234131,0.844604
-0.047729,0.205688,1.081421
0.387573,-0.435669,0.982544
-0.470459,-0.021973,0.812988
0.486694,-0.144653,1.149536
-0.073486,-0.280029,0.879028
-0.127930,0.229858,1.068237
0.431030,-0.359741,1.019531
-0.454224,-0.051392,0.813354
0.433105,-0.119995,1.138916
0.043457,-0.384521,0.882935
-0.194092,0.194946,1.023315
0.467896,-0.316040,1.054443
-0.437622,-0.059326,0.805420
0.360352,-0.078491,1.106079
0.064819,-0.385742,0.886353
-0.246582,0.188599,1.017578
0.511353,-0.297974,1.089478
-0.420288,-0.089111,0.810425
0.294189,0.001099,1.116577
0.137817,-0.398193,0.901489
-0.308594,0.156372,0.965088
0.527588,-0.255859,1.109253
-0.370972,-0.172363,0.809448
0.218018,0.027588,1.089844
0.214355,-0.402222,0.940674
-0.371460,0.103882,0.893188
0.538452,-0.246826,1.110107
-0.299927,-0.206055,0.819946
0.125854,0.088745,1.090332
0.286743,-0.421509,0.950684
-0.413452,0.071289,0.862305
0.533813,-0.199707,1.140259
-0.222534,-0.221069,0.858276
0.020386,0.171753,1.084595
0.341675,-0.428589,0.975220
-0.444336,0.033569,0.840454
0.506592,-0.144653,1.163452
-0.131836,-0.244385,0.860107
-0.059937,0.217407,1.081909
0.405029,-0.387085,1.005981
-0.449829,-0.012695,0.831055
0.471191,-0.128418,1.147339
-0.012573,-0.314575,0.884277
-0.129395,0.236816,1.072021
0.434082,-0.327515,1.031860
-0.442017,-0.072144,0.825806
0.426636,-0.089722,1.157227
0.042969,-0.359375,0.874756
-0.197388,0.233154,1.052490
0.476196,-0.298828,1.062256
-0.440918,-0.081421,0.808472
0.354858,-0.079102,1.121704
0.096802,-0.415649,0.900879
-0.264526,0.181152,1.001953
0.526978,-0.260864,1.114014
-0.413330,-0.099854,0.806152
0.269409,-0.010254,1.113403
0.181030,-0.448486,0.923828
-0.330566,0.120850,0.950073
0.542847,-0.239258,1.129761
-0.347778,-0.154419,0.820312
0.173828,0.063232,1.091675
0.263794,-0.446777,0.951538
-0.375610,0.077759,0.900635
0.534912,-0.202515,1.139038
-0.282227,-0.184692,0.839844
0.094971,0.128906,1.090576
0.314087,-0.426636,0.966431
-0.434448,0.050537,0.854614
0.541626,-0.217041,1.155029
-0.194336,-0.259033,0.854492
-0.013550,0.188599,1.076050
0.372803,-0.398193,0.996338
-0.449707,0.013550,0.845337
0.524292,-0.164917,1.163574
-0.103516,-0.278809,0.889771
-0.067139,0.199341,1.068726
0.406494,-0.358032,1.015747
-0.455322,-0.016479,0.822388
0.490967,-0.142944,1.171875
0.008545,-0.360107,0.891846
-0.131104,0.228516,1.071045
0.440430,-0.326416,1.036499
-0.454956,-0.020508,0.814209
0.442627,-0.123047,1.158813
0.038818,-0.384155,0.893555
-0.190552,0.207642,1.049316
0.476562,-0.282959,1.078003
-0.438232,-0.056519,0.808105
0.366821,-0.075806,1.139404
0.086060,-0.405640,0.895264
-0.260620,0.202148,1.018799
0.529419,-0.271729,1.114746
-0.404541,-0.109863,0.822266
0.283936,-0.010742,1.125854
0.158936,-0.388184,0.934082
-0.298706,0.119019,0.952393
0.551270,-0.242920,1.135864
-0.345825,-0.147583,0.832397
0.188843,0.047852,1.108643
0.250000,-0.427490,0.954834
-0.367676,0.080322,0.908081
0.548096,-0.223022,1.144897
-0.261353,-0.188110,0.853149
0.072388,0.141968,1.092529
0.336426,-0.414917,0.983032
-0.434326,0.064575,0.865723
0.532104,-0.150513,1.164429
-0.155762,-0.229126,0.871216
-0.036865,0.213867,1.097168
0.415405,-0.396240,1.012695
-0.447021,0.007446,0.854370
0.485474,-0.120239,1.163086
-0.002075,-0.322388,0.889771
-0.132080,0.220093,1.072876
0.445068,-0.299316,1.052368
-0.439697,-0.053101,0.837280
0.434326,-0.097778,1.159912
0.046387,-0.361572,0.895142
-0.232300,0.210327,1.028809
0.506104,-0.267090,1.097534
-0.392578,-0.105225,0.818481
0.313354,-0.025635,1.138550
0.137939,-0.394653,0.931519
-0.293701,0.126587,0.963135
0.548828,-0.250732,1.128418
-0.339600,-0.151855,0.830811
0.191528,0.075562,1.117920
0.258179,-0.418091,0.958374
-0.365112,0.092773,0.916992
0.545288,-0.209961,1.150879
-0.262573,-0.205200,0.852539
0.061157,0.139893,1.083740
0.344971,-0.414429,0.988770
-0.429321,0.058594,0.873657
0.531250,-0.146362,1.173706
-0.138428,-0.273315,0.870605
-0.056641,0.191895,1.069458
0.405151,-0.364624,1.018188
-0.432129,-0.037354,0.830688
0.495361,-0.123657,1.181152
-0.013550,-0.323120,0.904785
-0.129883,0.197998,1.063843
0.458130,-0.334106,1.055664
-0.438721,-0.059326,0.824829
0.417114,-0.093628,1.166016
0.040039,-0.348267,0.907104
-0.215698,0.214966,1.047729
0.492798,-0.265991,1.093140
-0.414551,-0.094482,0.818726
0.342285,-0.036499,1.148438
0.131592,-0.372192,0.939819
-0.281128,0.175537,0.996704
0.530518,-0.234497,1.127319
-0.350708,-0.159790,0.829468
0.218262,0.041748,1.127686
0.221680,-0.420288,0.957520
-0.339722,0.108398,0.943726
0.552002,-0.228882,1.139648
-0.286743,-0.189819,0.846069
0.096069,0.123047,1.098999
0.320435,-0.416138,0.990723
-0.409546,0.078857,0.890625
0.544556,-0.183838,1.163818
-0.186157,-0.231079,0.876953
-0.012207,0.188354,1.076416
0.381226,-0.371216,1.008789
-0.422363,-0.010254,0.852661
0.509888,-0.132690,1.180420
-0.033325,-0.328491,0.883667
-0.104614,0.218628,1.080200
0.429565,-0.346802,1.030029
-0.448120,-0.028687,0.839722
0.466919,-0.117554,1.168579
0.022949,-0.344971,0.896118
-0.175171,0.213745,1.048218
0.483765,-0.285767,1.074097
-0.440430,-0.040527,0.819214
0.386230,-0.059082,1.158691
0.085327,-0.388550,0.918091
-0.251221,0.182129,1.018555
0.518433,-0.255981,1.116821
-0.396362,-0.093750,0.820068
0.286377,-0.007935,1.133179
0.184570,-0.413452,0.938354
-0.317505,0.140259,0.974487
0.539062,-0.225342,1.140381
-0.332520,-0.176025,0.822876
0.179443,0.067383,1.117798
0.267578,-0.405762,0.978638
-0.379395,0.100220,0.917114
0.545776,-0.194336,1.158691
-0.266724,-0.216797,0.846558
0.070190,0.117920,1.083862
0.333862,-0.400391,0.998047
-0.421875,0.060791,0.879150
0.542603,-0.142944,1.185425
-0.131104,-0.265381,0.858643
-0.043823,0.196167,1.080200
0.386230,-0.371704,1.008911
-0.438721,-0.039429,0.844604
0.508057,-0.152100,1.167236
-0.026489,-0.321655,0.891479
-0.114014,0.234863,1.083130
0.445190,-0.333862,1.044678
-0.457886,-0.046387,0.834595
0.448975,-0.128662,1.173584
0.000366,-0.350586,0.886597
-0.179443,0.218018,1.067749
0.485229,-0.285400,1.087524
-0.447144,-0.054565,0.816772
0.386353,-0.066040,1.164307
0.080933,-0.366943,0.921143
-0.243774,0.189575,1.021118
0.522217,-0.269897,1.115112
-0.416504,-0.099487,0.819092
0.297485,-0.025757,1.129883
0.162598,-0.411133,0.934814
-0.301147,0.156128,0.973999
0.540161,-0.242432,1.130127
-0.365234,-0.154907,0.814453
0.196533,0.047974,1.121704
0.246216,-0.426392,0.976318
-0.374390,0.106079,0.922363
0.537354,-0.222534,1.136108
-0.286987,-0.188965,0.849365
0.121216,0.126709,1.116943
0.322632,-0.407959,0.981812
-0.421509,0.104126,0.897217
0.539795,-0.186035,1.146606
-0.218994,-0.257324,0.852417
0.033936,0.127808,1.085938
0.362793,-0.386597,1.001831
-0.433472,0.053711,0.875488
0.527954,-0.137329,1.178223
-0.100098,-0.307983,0.872803
-0.076538,0.175293,1.060425
0.406372,-0.357300,1.027466
-0.440674,-0.014282,0.843018
0.505615,-0.121216,1.180908
-0.031128,-0.324951,0.875610
-0.126465,0.194458,1.065308
0.447754,-0.315918,1.053711
-0.451904,-0.052368,0.832886
0.438721,-0.095581,1.176636
0.005615,-0.364990,0.893677
-0.186279,0.218384,1.054321
0.484131,-0.298462,1.073853
-0.450439,-0.052368,0.820190
0.380005,-0.054688,1.160034
0.081787,-0.366455,0.918335
-0.250244,0.200928,1.027100
0.510620,-0.264038,1.118774
-0.425171,-0.089111,0.809448
0.304810,-0.026978,1.138550
0.148315,-0.399902,0.939331
-0.304932,0.153320,0.992188
0.545776,-0.246338,1.143433
-0.368530,-0.137085,0.813721
0.213257,0.038696,1.127808
0.226685,-0.432495,0.951294
-0.360474,0.123413,0.941040
0.551025,-0.202026,1.154907
-0.311279,-0.190063,0.816162
0.126587,0.095581,1.113037
0.291870,-0.434448,0.977051
-0.409912,0.097046,0.917847
0.548584,-0.189575,1.160522
-0.237915,-0.207031,0.843628
0.030273,0.168091,1.089844
0.344238,-0.387817,0.994751
-0.425659,0.026123,0.873535
0.532104,-0.172607,1.166870
-0.134766,-0.263794,0.878662
-0.036377,0.175781,1.070435
0.384033,-0.357666,1.005493
-0.441650,-0.027100,0.834595
0.512085,-0.149170,1.176636
-0.031372,-0.322266,0.877319
-0.125000,0.210693,1.062744
0.433228,-0.333618,1.026611
-0.468628,-0.033936,0.834473
0.462769,-0.135010,1.167236
-0.002808,-0.338745,0.900024
-0.180176,0.209351,1.050049
0.458008,-0.276367,1.071289
-0.463745,-0.051147,0.804565
0.406616,-0.097168,1.158203
0.062622,-0.375977,0.909424
-0.261719,0.204956,1.030640
0.505371,-0.270752,1.106323
-0.419067,-0.091309,0.812256
0.316772,-0.047241,1.138916
0.138550,-0.396118,0.928589
-0.307129,0.155151,0.972168
0.531494,-0.239624,1.125610
-0.368652,-0.156128,0.797119
0.211304,0.026245,1.111206
0.218750,-0.427368,0.956177
-0.387573,0.109497,0.930908
0.558838,-0.214111,1.159424
-0.296875,-0.206299,0.828857
0.090942,0.112305,1.094849
0.294922,-0.408081,0.973022
-0.421265,0.057861,0.888916
0.552246,-0.183960,1.174561
-0.212646,-0.242188,0.840576
-0.004395,0.195312,1.084229
0.349365,-0.382202,0.968994
-0.438110,0.007690,0.854492
0.530884,-0.187744,1.162354
-0.090820,-0.328247,0.861694
-0.066772,0.199463,1.072876
0.389526,-0.357910,0.993530
-0.460815,-0.026001,0.840088
0.498047,-0.171143,1.163452
-0.040527,-0.341675,0.878296
-0.143555,0.192017,1.038452
0.419556,-0.303711,1.041504
-0.471313,-0.072021,0.804810
0.458740,-0.129272,1.174561
0.000854,-0.362427,0.879639
-0.222046,0.220947,1.037109
0.470581,-0.292480,1.066040
-0.451904,-0.068848,0.803589
0.374878,-0.083008,1.149902
0.076904,-0.381836,0.910156
-0.267456,0.194458,1.005615
0.513672,-0.258423,1.103638
-0.410889,-0.112305,0.796997
0.275635,-0.016968,1.132324
0.157227,-0.376465,0.936401
-0.334351,0.131348,0.941406
0.527710,-0.241089,1.119141
-0.358643,-0.162109,0.809814
0.160645,0.066162,1.102905
0.244751,-0.411377,0.952026
-0.390015,0.090210,0.915527
0.536255,-0.217285,1.151611
-0.302368,-0.207275,0.814819
0.078491,0.132446,1.088013
0.316406,-0.398193,0.976685
-0.430176,0.052368,0.891846
0.535400,-0.185547,1.156372
-0.178223,-0.265259,0.847046
-0.042358,0.179932,1.068359
0.369141,-0.392822,0.980591
-0.434448,-0.006958,0.846558
0.504028,-0.154541,1.153198
-0.064575,-0.307861,0.856323
-0.128784,0.171875,1.022217
0.412109,-0.328735,1.020020
-0.463501,-0.046387,0.820679
0.470215,-0.136719,1.167114
-0.033447,-0.336304,0.857300
-0.208130,0.193359,1.025269
0.465088,-0.302368,1.058960
-0.464478,-0.058472,0.811279
0.371094,-0.072998,1.139404
0.068481,-0.370117,0.898804
-0.282104,0.178101,0.986694
0.496582,-0.249756,1.109619
-0.390625,-0.158936,0.789673
0.245972,0.035278,1.132080
0.162842,-0.414307,0.913452
-0.369507,0.138794,0.932861
0.528442,-0.240112,1.130493
-0.339966,-0.208130,0.811279
0.129028,0.077271,1.082275
0.252319,-0.393188,0.947632
-0.431274,0.107178,0.900635
0.541260,-0.208130,1.148438
-0.229370,-0.282837,0.835449
0.000000,0.127319,1.050781
0.323730,-0.375122,0.963135
-0.456909,0.024414,0.851196
0.535278,-0.207642,1.155273
-0.111084,-0.326294,0.864502
-0.074219,0.158203,1.040161
0.361694,-0.331299,0.985596
-0.469971,0.004150,0.813232
0.492676,-0.174072,1.155151
-0.042480,-0.369873,0.859741
-0.177979,0.170410,1.027100
0.413452,-0.305908,1.034302
-0.494141,-0.020874,0.796753
0.449219,-0.130005,1.162109
-0.003418,-0.321411,0.894165
-0.268799,0.207642,1.000488
0.470947,-0.291992,1.064453
-0.457275,-0.104370,0.775513
0.347290,-0.073364,1.133789
0.076294,-0.337402,0.910278
-0.313110,0.179199,0.966919
0.514404,-0.270752,1.101929
-0.408203,-0.140259,0.782104
0.220581,0.012085,1.112183
0.168091,-0.412964,0.923462
-0.377930,0.121094,0.928467
0.518555,-0.250000,1.119995
-0.342896,-0.180176,0.803955
0.124390,0.103516,1.095337
0.232544,-0.396729,0.933228
-0.422607,0.068481,0.889893
0.550171,-0.218018,1.147705
-0.272217,-0.233154,0.811890
0.017822,0.151489,1.075684
0.297485,-0.390015,0.947998
-0.451172,0.019409,0.850708
0.523193,-0.222656,1.136597
-0.155151,-0.299438,0.841309
-0.049927,0.196411,1.066284
0.349976,-0.365234,0.963623
-0.476807,0.001343,0.822876
0.502319,-0.216431,1.139282
-0.094849,-0.346680,0.846680
-0.123413,0.176270,1.032837
0.380493,-0.321045,0.989258
-0.480103,-0.026367,0.798706
0.458740,-0.159790,1.148315
-0.053711,-0.366089,0.852905
-0.199707,0.182495,1.032349
0.423096,-0.310425,1.033081
-0.492554,-0.040649,0.792236
0.400513,-0.106445,1.138184
0.018677,-0.358643,0.876099
-0.272705,0.211548,1.016235
0.461670,-0.260864,1.071655
-0.454590,-0.088013,0.776978
0.313965,-0.066772,1.122559
0.083618,-0.399170,0.895264
-0.335205,0.169434,0.957031
0.509644,-0.279785,1.097168
-0.410278,-0.124634,0.789673
0.204468,0.026367,1.098511
0.153320,-0.400024,0.914307
-0.384521,0.104980,0.912354
0.530151,-0.246582,1.126221
-0.366211,-0.169067,0.796875
0.113770,0.092773,1.069946
0.226196,-0.396362,0.917603
-0.434570,0.061157,0.875732
0.539795,-0.239868,1.129150
-0.273315,-0.243164,0.815430
0.028442,0.159668,1.071533
0.281372,-0.368774,0.934692
-0.456787,0.036743,0.841064
0.523315,-0.229370,1.124512
-0.172852,-0.317871,0.829224
-0.052124,0.149536,1.038940
0.331055,-0.348877,0.967163
-0.475342,-0.009766,0.807861
0.493652,-0.195557,1.133667
-0.110840,-0.345703,0.819336
-0.129272,0.169800,1.025757
0.376099,-0.330078,0.979736
-0.489990,-0.028687,0.792969
0.468994,-0.174316,1.140381
-0.083862,-0.345093,0.827271
-0.200684,0.192139,1.020020
0.434570,-0.335205,1.019287
-0.492432,-0.028564,0.801758
0.390259,-0.116455,1.128906
-0.025146,-0.363770,0.860352
-0.275757,0.179321,0.987793
0.457764,-0.306274,1.050659
-0.469727,-0.059937,0.780884
0.333618,-0.060547,1.142822
0.033569,-0.365967,0.880127
-0.336060,0.166016,0.953735
0.492065,-0.300293,1.068359
-0.420898,-0.144897,0.779907
0.238647,0.009644,1.116943
0.113892,-0.373291,0.895264
-0.387817,0.154541,0.920776
0.513672,-0.270508,1.086914
-0.379272,-0.173218,0.792847
0.147217,0.053467,1.078613
0.196899,-0.412842,0.914429
-0.431641,0.099976,0.886963
0.513184,-0.211792,1.121094
-0.337891,-0.214600,0.785767
0.054077,0.099731,1.066162
0.269287,-0.410645,0.947266
-0.469360,0.064209,0.858887
0.509888,-0.181274,1.130493
-0.235718,-0.266846,0.800903
-0.028931,0.134644,1.038208
0.325806,-0.385498,0.959229
-0.475220,0.007690,0.814453
0.476196,-0.166870,1.123413
-0.146729,-0.331787,0.794922
-0.106812,0.164673,1.024536
0.365479,-0.355591,0.968872
-0.492676,-0.004761,0.798828
0.451904,-0.150635,1.130615
-0.103394,-0.351562,0.807251
-0.218750,0.184204,1.002441
0.416382,-0.328003,1.012085
-0.490234,-0.036621,0.791748
0.393555,-0.096558,1.137207
-0.051758,-0.339111,0.831665
-0.289062,0.175049,0.969727
0.468750,-0.329590,1.047607
-0.468628,-0.112061,0.775513
0.299561,-0.034668,1.114990
0.035400,-0.320801,0.880493
-0.352905,0.176147,0.930542
0.496460,-0.274902,1.078979
-0.419556,-0.174927,0.782959
0.209839,-0.021973,1.092651
0.137573,-0.396973,0.895020
-0.443359,0.144897,0.877441
0.500488,-0.232788,1.088623
-0.350098,-0.198486,0.788330
0.079224,0.082153,1.064819
0.239624,-0.426758,0.916626
-0.477173,0.089844,0.848755
0.504761,-0.220581,1.090576
-0.255005,-0.250244,0.797729
-0.026978,0.155518,1.036743
0.316162,-0.387207,0.954468
-0.492432,-0.000732,0.802002
0.469482,-0.178345,1.114258
-0.150269,-0.325562,0.795044
-0.138428,0.138550,0.986816
0.383057,-0.354614,0.972290
-0.510376,-0.010498,0.796509
0.418213,-0.137817,1.116089
-0.089966,-0.350830,0.813599
-0.230347,0.165283,0.981689
0.417114,-0.310425,1.015625
-0.504883,-0.042236,0.769653
0.349609,-0.081665,1.121948
-0.005981,-0.371582,0.838745
-0.331299,0.181885,0.951782
0.445923,-0.281738,1.046021
-0.444214,-0.145386,0.768188
0.247314,-0.013672,1.110962
0.087036,-0.415283,0.867310
-0.421631,0.173340,0.905762
0.493652,-0.277588,1.062866
-0.386475,-0.149902,0.784424
0.128540,0.087769,1.087891
0.177490,-0.427002,0.893188
-0.479980,0.117920,0.875610
0.506470,-0.265259,1.062744
-0.324341,-0.215454,0.795776
0.044800,0.139771,1.081543
0.231079,-0.391724,0.906494
-0.493164,0.066895,0.829224
0.499878,-0.227661,1.088379
-0.244995,-0.281616,0.790527
-0.021240,0.126587,1.051392
0.292969,-0.399902,0.927368
-0.515259,0.055176,0.808960
0.477661,-0.198975,1.093018
-0.177734,-0.316162,0.784424
-0.105835,0.119141,1.007324
0.339111,-0.381836,0.947266
-0.512451,0.020996,0.801147
0.456543,-0.154907,1.108887
-0.144043,-0.321533,0.777588
-0.190063,0.151978,0.989502
0.392822,-0.348877,0.988037
-0.528687,-0.032959,0.784058
0.391968,-0.148071,1.099854
-0.099976,-0.337524,0.805176
-0.261597,0.192261,0.981934
0.427002,-0.311890,1.026611
-0.504395,-0.076172,0.774780
0.331909,-0.104492,1.103760
-0.046997,-0.343384,0.819946
-0.326050,0.185181,0.945435
0.452271,-0.298706,1.040161
-0.456055,-0.159302,0.763306
0.265869,-0.078369,1.091064
0.036499,-0.382080,0.851440
-0.395020,0.172607,0.905640
0.473022,-0.264282,1.048828
-0.421631,-0.165649,0.771484
0.178345,-0.016846,1.064819
0.133057,-0.399902,0.895752
-0.460938,0.152344,0.871826
0.477173,-0.241333,1.072876
-0.374390,-0.227173,0.773315
0.064697,0.066895,1.035400
0.215820,-0.403076,0.911865
-0.485962,0.083618,0.834717
0.487915,-0.214600,1.086548
-0.258301,-0.255737,0.805908
-0.047485,0.128662,1.013550
0.289917,-0.408325,0.927490
-0.461060,-0.069214,0.813232
0.468384,-0.118286,1.177856
-0.188232,-0.322998,0.766968
-0.192871,0.193604,1.037598
0.454712,-0.318115,1.040283
-0.477173,-0.067505,0.795410
0.397461,-0.105713,1.146362
0.039307,-0.357544,0.888428
-0.259399,0.207520,1.016602
0.495239,-0.284058,1.078979
-0.440186,-0.078247,0.796509
0.307251,-0.041870,1.130005
0.116333,-0.394409,0.910034
-0.336182,0.149292,0.945435
0.522461,-0.246582,1.112793
-0.368164,-0.169922,0.796753
0.197388,0.032715,1.107300
0.219604,-0.412720,0.940796
-0.409058,0.126709,0.911621
0.526123,-0.223022,1.122192
-0.289185,-0.222412,0.818481
0.076172,0.110596,1.067993
0.292725,-0.386108,0.962646
-0.449829,0.060425,0.867554
0.530396,-0.187744,1.152710
-0.166748,-0.307129,0.827271
-0.027710,0.153809,1.051636
0.362671,-0.371948,0.967285
-0.478027,-0.004028,0.817749
0.503662,-0.180420,1.156860
-0.082153,-0.341919,0.843628
-0.105835,0.187622,1.053223
0.404419,-0.328369,1.002563
-0.491699,-0.019531,0.799805
0.443970,-0.145996,1.148071
-0.037842,-0.339111,0.871948
-0.200684,0.192261,1.024292
0.457886,-0.281250,1.061768
-0.458252,-0.033813,0.793457
0.359131,-0.062988,1.139038
0.030273,-0.379517,0.890381
-0.295532,0.156372,1.000732
0.517334,-0.299072,1.107910
-0.408325,-0.126221,0.791260
0.258423,0.094849,1.158569
0.122681,-0.363281,0.901245
-0.368774,0.132935,0.945190
0.535767,-0.298096,1.118774
-0.342896,-0.214111,0.811890
0.166748,0.130249,1.123657
0.192139,-0.376099,0.911621
-0.411987,0.118530,0.887451
0.527100,-0.230225,1.123047
-0.303955,-0.254883,0.811279
0.093506,0.088013,1.090820
0.282349,-0.401001,0.962524
-0.459717,0.097778,0.851440
0.520020,-0.168457,1.134033
-0.221069,-0.264648,0.818848
0.010254,0.119385,1.063110
0.333984,-0.398804,0.964355
-0.458130,0.040894,0.854492
0.512329,-0.151489,1.148682
-0.131958,-0.301147,0.841309
-0.087158,0.140503,1.035278
0.392578,-0.378784,0.992798
-0.470825,-0.011597,0.822021
0.483032,-0.124146,1.167114
-0.071777,-0.322144,0.828735
-0.186035,0.177368,1.026978
0.430664,-0.332275,1.023804
-0.479980,-0.059814,0.812500
0.423096,-0.110718,1.147949
-0.010742,-0.328125,0.862427
-0.267578,0.208862,1.001709
0.476074,-0.316650,1.065430
-0.455444,-0.108154,0.787354
0.345825,-0.076538,1.130859
0.063110,-0.335327,0.894409
-0.306519,0.174805,0.959961
0.507690,-0.275024,1.098999
-0.409302,-0.152588,0.786865
0.229736,-0.025391,1.105957
0.164185,-0.399658,0.924072
-0.374634,0.162964,0.925659
0.507080,-0.228760,1.099243
-0.342285,-0.171753,0.811646
0.115356,0.040283,1.066650
0.247925,-0.400757,0.949951
-0.426270,0.079956,0.877441
0.516846,-0.178345,1.132690
-0.255127,-0.214233,0.825439
0.004272,0.154785,1.058472
0.337524,-0.408447,0.959106
-0.474976,0.021606,0.840820
0.505249,-0.175537,1.141846
-0.113281,-0.307495,0.830322
-0.091797,0.167603,1.038452
0.384888,-0.350464,0.992065
-0.494141,-0.024414,0.811279
0.453857,-0.153809,1.140625
-0.059204,-0.352295,0.837646
-0.189697,0.193481,1.035156
0.437744,-0.313965,1.030518
-0.496460,-0.020264,0.802124
0.372070,-0.097534,1.131470
0.035156,-0.375000,0.868408
-0.283691,0.190186,0.992798
0.490479,-0.279785,1.083252
-0.432129,-0.109253,0.792725
0.252808,-0.004028,1.103516
0.133667,-0.376465,0.911865
-0.370483,0.135376,0.931641
0.509888,-0.245728,1.104736
-0.333374,-0.200073,0.790161
0.143555,0.102295,1.091431
0.222046,-0.402466,0.928101
-0.456177,0.076050,0.868652
0.531616,-0.240356,1.119141
-0.272949,-0.278687,0.789673
0.034180,0.171021,1.093872
0.284424,-0.391846,0.946899
-0.481567,0.052612,0.855713
0.513794,-0.239868,1.122314
-0.181396,-0.367188,0.808716
-0.009033,0.151611,1.088379
0.339478,-0.371582,0.951172
-0.512695,0.071777,0.818115
0.493774,-0.209229,1.131470
-0.115234,-0.340698,0.827393
-0.106812,0.138672,1.040161
0.403442,-0.365967,0.991943
-0.526611,0.027710,0.793213
0.443604,-0.118042,1.141235
-0.076782,-0.327026,0.845825
-0.175171,0.185059,1.040771
0.434082,-0.346558,1.024048
-0.516602,0.027954,0.800415
0.402100,-0.106445,1.137085
-0.038086,-0.358154,0.851440
-0.247314,0.184570,1.011719
0.467651,-0.346069,1.045898
-0.490112,-0.025391,0.805542
0.360840,-0.052002,1.148315
0.013428,-0.361084,0.862305
-0.301025,0.201172,0.978882
0.500977,-0.324219,1.071289
-0.460083,-0.109985,0.781128
0.302002,-0.071899,1.114624
0.084717,-0.361694,0.897461
-0.359741,0.205322,0.940674
0.519653,-0.291382,1.076294
-0.409790,-0.151123,0.794312
0.225342,-0.027710,1.094727
0.145752,-0.389160,0.909546
-0.381104,0.158203,0.927368
0.514404,-0.254395,1.083862
-0.374268,-0.149414,0.799316
0.132324,0.032593,1.077515
0.215820,-0.429810,0.922485
-0.421509,0.116333,0.890747
0.518677,-0.208130,1.108032
-0.334351,-0.185791,0.808716
0.057129,0.094482,1.061157
0.281860,-0.432129,0.940674
-0.453857,0.077637,0.866455
0.510864,-0.179688,1.114380
-0.253540,-0.215454,0.823853
-0.023804,0.141113,1.043091
0.343994,-0.419556,0.966064
-0.476562,0.014404,0.828979
0.489624,-0.161621,1.135132
-0.147095,-0.283081,0.816406
-0.104370,0.153442,1.021973
0.381470,-0.366333,0.986938
-0.496948,-0.031616,0.808716
0.472778,-0.172729,1.134521
-0.079224,-0.331177,0.827026
-0.191162,0.200195,0.998657
0.423828,-0.313110,1.019531
-0.491333,-0.057373,0.795898
0.416504,-0.127686,1.143188
-0.039795,-0.370117,0.831177
-0.262695,0.183716,0.983521
0.461548,-0.315796,1.042480
-0.465942,-0.052490,0.792725
0.332886,-0.071045,1.125122
0.025146,-0.378174,0.865723
-0.332275,0.143311,0.936157
0.489746,-0.280151,1.077271
-0.400513,-0.156982,0.773926
0.234741,0.027710,1.114868
0.128662,-0.386353,0.895508
-0.421021,0.151001,0.907104
0.507568,-0.287720,1.083252
-0.363525,-0.211182,0.782959
0.155762,0.048706,1.085083
0.214966,-0.378784,0.924805
-0.456787,0.123779,0.860474
0.523071,-0.224487,1.113403
-0.293701,-0.264893,0.803589
0.034668,0.089722,1.045898
0.281738,-0.401978,0.942139
-0.472412,0.085449,0.847290
0.498779,-0.155273,1.131592
-0.186646,-0.289062,0.824829
-0.048706,0.097534,1.012573
0.331421,-0.393311,0.960693
-0.472290,-0.006836,0.809570
0.498291,-0.149292,1.144287
-0.133667,-0.289917,0.817505
-0.134155,0.171509,1.016235
0.383667,-0.338135,0.994873
-0.493164,-0.035889,0.792236
0.461182,-0.172485,1.130615
-0.090698,-0.331543,0.819336
-0.207031,0.190918,1.014038
0.435669,-0.319336,1.017944
-0.499634,-0.047363,0.786499
0.376831,-0.139771,1.111328
-0.025635,-0.358643,0.855713
-0.278442,0.177002,0.973145
0.461304,-0.276733,1.060669
-0.467163,-0.104492,0.767578
0.292114,-0.065796,1.112061
0.084839,-0.404419,0.880615
-0.361816,0.146240,0.919556
0.471191,-0.248413,1.065063
-0.382935,-0.139160,0.781372
0.197266,0.028931,1.096802
0.173340,-0.419678,0.910400
-0.445557,0.142090,0.895142
0.507080,-0.239624,1.095093
-0.354980,-0.191162,0.778564
0.089111,0.087769,1.065308
0.248779,-0.406494,0.941528
-0.471436,0.074097,0.863159
0.519287,-0.211426,1.122559
-0.242554,-0.254395,0.797485
-0.022217,0.133057,1.045044
0.308228,-0.361694,0.952515
-0.491699,0.026855,0.822754
0.508545,-0.207764,1.133545
-0.145996,-0.336304,0.807373
-0.099365,0.143555,1.018311
0.355835,-0.368164,0.955444
-0.506348,0.004639,0.797607
0.473389,-0.184570,1.125610
-0.088623,-0.339844,0.817505
-0.182373,0.174438,1.015747
0.402466,-0.337036,0.990723
-0.503052,-0.016357,0.788208
0.409058,-0.138672,1.116211
-0.060425,-0.340942,0.843750
-0.240601,0.174683,0.996826
0.435181,-0.308228,1.033325
-0.496094,-0.037231,0.781128
0.348633,-0.073608,1.125732
0.000977,-0.365601,0.845947
-0.307373,0.162598,0.965820
0.472656,-0.309814,1.059814
-0.464355,-0.088379,0.767700
0.294434,-0.023682,1.121338
0.076172,-0.375244,0.873535
-0.369629,0.176392,0.930176
0.486084,-0.300171,1.068970
-0.409424,-0.186401,0.775635
0.208984,-0.001953,1.098511
0.159790,-0.400513,0.898193
-0.427490,0.175903,0.901367
0.498779,-0.234985,1.082275
-0.367676,-0.213867,0.786621
0.111938,0.014893,1.055420
0.241211,-0.428223,0.931274
-0.464600,0.150024,0.881714
0.499512,-0.200806,1.091064
-0.314697,-0.195435,0.806274
0.024048,0.085083,1.043457
0.299805,-0.406372,0.951050
-0.468140,0.062134,0.845215
0.493652,-0.179688,1.110962
-0.200806,-0.277588,0.803955
-0.060425,0.115967,1.022217
0.347046,-0.387085,0.959473
-0.475586,0.018677,0.814087
0.470337,-0.129395,1.128418
-0.131348,-0.333984,0.795898
-0.161133,0.153320,1.012207
0.393188,-0.369751,0.984863
-0.498291,-0.036987,0.792480
0.432007,-0.143555,1.113892
-0.076416,-0.297729,0.837280
-0.245605,0.189941,0.993652
0.441040,-0.300537,1.038818
-0.491455,-0.094238,0.770020
0.353394,-0.105835,1.108521
0.007202,-0.357056,0.870850
-0.304688,0.172241,0.952393
0.455811,-0.275757,1.046021
-0.449097,-0.089600,0.769287
0.266479,-0.043701,1.108154
0.091064,-0.393555,0.888062
-0.369019,0.154175,0.920776
0.486572,-0.260010,1.065308
-0.410278,-0.131226,0.777954
0.159546,0.033081,1.070190
0.199463,-0.417847,0.926147
-0.444580,0.101196,0.879272
0.499268,-0.207275,1.102417
-0.331055,-0.199219,0.786987
0.041382,0.089111,1.029907
0.266968,-0.390625,0.937134
-0.468140,0.021240,0.840942
0.499878,-0.185181,1.126221
-0.181152,-0.321655,0.783936
-0.078857,0.156860,1.014771
0.325806,-0.361572,0.942139
-0.496704,-0.011841,0.794434
0.487549,-0.198120,1.135498
-0.118530,-0.353027,0.809570
-0.154907,0.161133,1.006592
0.376221,-0.332886,0.970825
-0.509644,0.005371,0.807739
0.393921,-0.178589,1.098267
-0.063354,-0.381226,0.834229
-0.238159,0.189087,0.993164
0.427612,-0.298096,1.026978
-0.484619,-0.051270,0.777588
0.332031,-0.081787,1.112305
0.016602,-0.362183,0.848877
-0.318970,0.172607,0.946777
0.487793,-0.279297,1.071655
-0.441650,-0.118652,0.780640
0.234009,-0.035767,1.086304
0.101562,-0.388062,0.880981
-0.406738,0.135620,0.906860
0.526611,-0.307373,1.090332
-0.393066,-0.149292,0.795532
0.104126,0.098389,1.069946
0.209473,-0.400635,0.908203
-0.451660,0.080200,0.870972
0.513184,-0.248291,1.105469
-0.290161,-0.247559,0.798950
0.030762,0.139893,1.059814
0.262695,-0.362427,0.917725
-0.498291,0.032959,0.800903
0.502930,-0.225342,1.103516
-0.173584,-0.346680,0.803101
-0.039429,0.144165,1.042969
0.315674,-0.374512,0.937622
-0.496826,0.050903,0.815430
0.469727,-0.206543,1.099487
-0.147095,-0.332275,0.792969
-0.122192,0.140869,1.028564
0.375732,-0.351440,0.984619
-0.506836,-0.014526,0.800903
0.434814,-0.144165,1.120605
-0.091675,-0.323120,0.818237
-0.232300,0.173218,0.981934
0.424316,-0.320557,1.029907
-0.509521,-0.067383,0.781250
0.375488,-0.113770,1.122803
-0.020020,-0.353516,0.846680
-0.286987,0.184326,0.973755
0.452148,-0.302124,1.042114
-0.484253,-0.052979,0.775146
0.302979,-0.085815,1.101685
0.054077,-0.398071,0.882446
-0.371338,0.176270,0.933105
0.489746,-0.300659,1.061035
-0.421509,-0.114990,0.784546
0.197021,0.018921,1.085571
0.140503,-0.403687,0.902832
-0.427979,0.142090,0.895264
0.493408,-0.250122,1.072632
-0.365479,-0.176270,0.782471
0.119873,0.115479,1.089722
0.202026,-0.381348,0.921997
-0.464355,0.068237,0.858521
0.516724,-0.256714,1.097168
-0.331543,-0.231689,0.773926
0.059204,0.160522,1.090698
0.254395,-0.400269,0.908936
-0.478516,0.078613,0.858032
0.507446,-0.238281,1.098022
-0.252686,-0.288696,0.794312
-0.005127,0.135498,1.061401
0.310059,-0.404297,0.939697
-0.495850,0.074951,0.844238
0.498413,-0.181152,1.129272
-0.192993,-0.319824,0.797607
-0.066528,0.111450,1.035034
0.355713,-0.422607,0.952026
-0.524170,0.057983,0.819580
0.478516,-0.125488,1.128052
-0.144043,-0.279663,0.807739
-0.135620,0.158569,1.034302
0.396973,-0.402832,0.991333
-0.514771,-0.008667,0.789917
0.446533,-0.124023,1.128540
-0.108521,-0.320312,0.804688
-0.211060,0.198975,1.008179
0.422363,-0.353638,1.014893
-0.499268,-0.068726,0.790527
0.408081,-0.135864,1.124268
-0.060669,-0.337158,0.833496
-0.282593,0.191895,0.979004
0.455322,-0.309692,1.036987
-0.486572,-0.073242,0.783569
0.332153,-0.094604,1.111694
0.014893,-0.379028,0.856934
-0.318359,0.170898,0.944092
0.466187,-0.282959,1.045166
-0.445190,-0.103394,0.776978
0.255615,-0.034180,1.100586
0.101929,-0.402832,0.888916
-0.382324,0.159790,0.916748
0.485474,-0.256714,1.070312
-0.401245,-0.132080,0.783569
0.158081,0.035522,1.080933
0.196411,-0.417114,0.926392
-0.440796,0.109253,0.892334
0.491333,-0.246216,1.082031
-0.346191,-0.198486,0.780518
0.066772,0.107788,1.063354
0.268311,-0.404297,0.929688
-0.460938,0.076538,0.855225
0.491577,-0.174316,1.114136
-0.228638,-0.267212,0.806030
-0.030029,0.125977,1.037720
0.319946,-0.405396,0.944458
-0.478516,0.018188,0.821411
0.483521,-0.133057,1.134766
-0.154053,-0.311401,0.781982
-0.118286,0.153442,1.025879
0.367065,-0.402344,0.968628
-0.503784,-0.009888,0.817383
0.467651,-0.151978,1.125854
-0.113525,-0.311890,0.806030
-0.201538,0.194458,1.013794
0.412964,-0.345215,1.000366
-0.499878,-0.051025,0.787720
0.409180,-0.127686,1.122925
-0.055176,-0.325195,0.840332
-0.265137,0.185669,0.978271
0.458984,-0.297729,1.046753
-0.483154,-0.075562,0.778931
0.334595,-0.095703,1.118286
0.019409,-0.375366,0.857666
-0.320801,0.181519,0.955200
0.483154,-0.288208,1.061401
-0.441284,-0.101196,0.786621
0.229004,-0.027832,1.098267
0.111084,-0.401611,0.890991
-0.379517,0.136841,0.920288
0.493530,-0.238647,1.088501
-0.391846,-0.141846,0.791016
0.139893,0.038818,1.069458
0.199829,-0.402954,0.923462
-0.442993,0.093628,0.875366
0.517334,-0.204102,1.100830
-0.313721,-0.203247,0.802734
0.024658,0.121338,1.042969
0.294312,-0.418091,0.938232
-0.465332,0.043457,0.838989
0.495361,-0.181763,1.113281
-0.194580,-0.263550,0.807617
-0.070679,0.141357,1.022705
0.359619,-0.389526,0.972290
-0.484863,-0.024780,0.817505
0.464233,-0.139526,1.136475
-0.125488,-0.308960,0.803589
-0.181030,0.164429,1.004883
0.412720,-0.336426,1.004395
-0.495117,-0.053955,0.789062
0.402100,-0.124146,1.126221
-0.045532,-0.342773,0.844604
-0.264160,0.190186,0.990112
0.453003,-0.287964,1.040283
-0.484863,-0.060059,0.776489
0.323975,-0.090210,1.115723
0.049805,-0.387207,0.882935
-0.334595,0.162109,0.950317
0.481812,-0.266479,1.070557
-0.417114,-0.124634,0.778564
0.196411,0.015991,1.088501
0.165527,-0.410522,0.913208
-0.423584,0.121338,0.900024
0.501343,-0.237427,1.099854
-0.345581,-0.203613,0.776367
0.086426,0.112061,1.075562
0.244873,-0.392456,0.925415
-0.471924,0.071655,0.851807
0.509888,-0.216553,1.117920
-0.215088,-0.301636,0.810303
-0.020020,0.135742,1.036621
0.309814,-0.370728,0.950684
-0.485107,0.022461,0.817139
0.497681,-0.184937,1.131470
-0.139038,-0.304688,0.804932
-0.117798,0.149902,1.020630
0.391968,-0.364990,0.980835
-0.492676,-0.018188,0.808960
0.439331,-0.131592,1.130615
-0.094238,-0.317139,0.822021
-0.213989,0.187378,1.009399
0.447998,-0.338379,1.026978
-0.493652,-0.039673,0.788574
0.363647,-0.096313,1.125610
-0.010376,-0.354492,0.852539
-0.277222,0.158203,0.979980
0.466919,-0.290649,1.064209
-0.468872,-0.087769,0.770020
0.299194,-0.048706,1.122437
0.088989,-0.399780,0.888306
-0.371338,0.155884,0.924805
0.502441,-0.273682,1.078735
-0.400513,-0.138184,0.783447
0.170532,0.038086,1.082886
0.178955,-0.383545,0.921997
-0.416138,0.104126,0.901123
0.517334,-0.226440,1.107544
-0.342041,-0.207153,0.791260
0.062622,0.087402,1.058594
0.275146,-0.408203,0.939697
-0.470215,0.059082,0.846680
0.513794,-0.190063,1.124023
-0.173950,-0.288696,0.821777
-0.035645,0.138794,1.028809
0.313843,-0.344604,0.952881
-0.490112,-0.003418,0.802368
0.492432,-0.201782,1.129150
-0.114868,-0.354858,0.813110
-0.124512,0.157715,1.034424
0.378906,-0.337402,0.975342
-0.510376,-0.004150,0.800903
0.441284,-0.178589,1.117432
-0.076904,-0.375000,0.831299
-0.219604,0.176758,1.014893
0.435059,-0.303589,1.042358
-0.496094,-0.038818,0.774902
0.362549,-0.082275,1.130981
0.014526,-0.368774,0.869507
-0.312500,0.180054,0.976318
0.473511,-0.304199,1.061035
-0.441895,-0.095581,0.789673
0.293579,-0.022949,1.127563
0.085938,-0.368774,0.885986
-0.360718,0.160767,0.930298
0.497925,-0.293701,1.073364
-0.384277,-0.164917,0.787476
0.185791,0.040161,1.101196
0.186279,-0.395996,0.919922
-0.432739,0.145508,0.908447
0.508911,-0.250366,1.094604
-0.338989,-0.216431,0.805908
0.112305,0.063110,1.066772
0.259033,-0.373779,0.948608
-0.458984,0.098511,0.855225
0.511963,-0.215088,1.111206
-0.224121,-0.308350,0.810669
0.002808,0.115356,1.046997
0.320557,-0.373169,0.955200
-0.473267,0.047607,0.836182
0.497314,-0.143799,1.131836
-0.137695,-0.321533,0.803589
-0.099854,0.160278,1.023804
0.375122,-0.360962,0.993774
-0.484375,-0.028687,0.804932
0.457031,-0.107788,1.148926
-0.085449,-0.304199,0.820557
-0.208862,0.200195,1.019409
0.436157,-0.355591,1.027222
-0.480835,-0.090088,0.798340
0.390381,-0.100708,1.137939
-0.022949,-0.325806,0.854736
-0.264893,0.199097,0.994385
0.486816,-0.296997,1.058716
-0.460938,-0.089111,0.789795
0.297119,-0.073120,1.108276
0.087158,-0.377686,0.892212
-0.343872,0.167358,0.943237
0.499146,-0.246704,1.094360
-0.376343,-0.151611,0.797974
0.175781,0.032349,1.087891
0.196533,-0.416382,0.923218
-0.424438,0.094604,0.883423
0.518799,-0.230347,1.113403
-0.301147,-0.208862,0.813232
0.042603,0.136719,1.063477
0.293091,-0.388916,0.945557
-0.463013,0.031006,0.839478
0.518066,-0.200439,1.137695
-0.179810,-0.298584,0.818970
-0.050903,0.156982,1.056641
0.346313,-0.371094,0.957397
-0.464966,-0.010986,0.824219
0.480591,-0.172363,1.140503
-0.106445,-0.332520,0.828857
-0.134521,0.153442,1.023438
0.401001,-0.330933,1.009766
-0.501221,-0.008545,0.804688
0.438477,-0.151978,1.150391
-0.034302,-0.371094,0.850098
-0.235229,0.220337,1.029419
0.440674,-0.304688,1.030029
-0.470581,-0.047241,0.800171
0.377075,-0.097534,1.137695
0.027100,-0.366577,0.888916
-0.309692,0.174316,0.969482
0.489624,-0.305298,1.068237
-0.419189,-0.117554,0.802979
0.269043,-0.007935,1.129395
0.107300,-0.396240,0.897583
-0.381592,0.165405,0.926636
0.521851,-0.291138,1.090332
-0.378296,-0.174194,0.803711
0.180908,0.081665,1.135864
0.175537,-0.410034,0.913086
-0.424561,0.116333,0.899902
0.535645,-0.253174,1.119873
-0.341064,-0.213135,0.802612
0.102417,0.107178,1.093506
0.256958,-0.414917,0.942261
-0.447388,0.086792,0.875488
0.525391,-0.212280,1.123169
-0.287720,-0.237915,0.810913
0.031616,0.104370,1.066284
0.325073,-0.409912,0.960571
-0.448486,0.067993,0.861572
0.521484,-0.131226,1.155762
-0.173218,-0.258301,0.832397
-0.057739,0.133179,1.037231
0.364258,-0.411133,0.978149
-0.475952,-0.036011,0.811157
0.509399,-0.160278,1.160034
-0.097534,-0.322998,0.819580
-0.137939,0.200073,1.030518
0.401611,-0.349731,0.986450
-0.477295,-0.039673,0.816284
0.461426,-0.161743,1.145874
-0.062744,-0.348511,0.838989
-0.194946,0.205444,1.028564
0.455811,-0.299561,1.058472
-0.464722,-0.055298,0.789551
0.384033,-0.097412,1.141113
0.011230,-0.374146,0.864990
-0.261841,0.185425,0.991333
0.478149,-0.268188,1.080322
-0.437500,-0.098145,0.797363
0.301880,-0.059570,1.126709
0.115479,-0.390991,0.901245
-0.324463,0.151001,0.942749
0.500610,-0.239014,1.099609
-0.377075,-0.128784,0.802368
0.188354,0.039551,1.099976
0.211548,-0.423096,0.939697
-0.405396,0.105713,0.905762
0.524780,-0.228027,1.115845
-0.292725,-0.228027,0.808350
0.067871,0.151733,1.081177
0.297852,-0.383545,0.950806
-0.452515,0.040894,0.855835
0.527344,-0.220825,1.139404
-0.148193,-0.325439,0.856201
-0.052612,0.155884,1.049805
0.348145,-0.358154,0.978638
-0.461304,-0.008301,0.829346
0.501831,-0.175171,1.151978
-0.073853,-0.352661,0.832886
-0.134888,0.188965,1.049927
0.398926,-0.324463,1.003540
-0.488647,-0.022827,0.808716
0.455566,-0.163330,1.148682
-0.020142,-0.357788,0.877075
-0.214478,0.219116,1.036621
0.448486,-0.295166,1.044312
-0.482544,-0.022095,0.795532
0.376343,-0.074585,1.147949
0.048828,-0.391602,0.895630
-0.283081,0.173218,1.004395
0.498779,-0.291626,1.098633
-0.446045,-0.082397,0.790161
0.289429,0.011230,1.144653
0.134521,-0.397705,0.905640
-0.345581,0.170166,0.960327
0.522583,-0.258789,1.112671
-0.376099,-0.171387,0.799561
0.194946,0.042114,1.119873
0.191284,-0.417480,0.923950
-0.395142,0.108887,0.915527
0.557007,-0.248291,1.139526
-0.327271,-0.185913,0.807007
0.105225,0.115967,1.097900
0.263428,-0.400879,0.953613
-0.433594,0.095581,0.892090
0.550903,-0.218018,1.146362
-0.246338,-0.271729,0.827393
0.015503,0.124878,1.065674
0.317627,-0.398926,0.963867
-0.448486,0.082153,0.874146
0.528564,-0.166992,1.153320
-0.148926,-0.278809,0.856689
-0.042236,0.129517,1.058105
0.364624,-0.381470,0.985229
-0.455078,-0.006836,0.825928
0.504883,-0.131470,1.161255
-0.070923,-0.305420,0.850098
-0.138550,0.182251,1.037598
0.424927,-0.353027,1.026978
-0.459717,-0.043945,0.821411
0.463135,-0.102783,1.164429
-0.021240,-0.331787,0.854492
-0.219849,0.214600,1.031616
0.461548,-0.300659,1.058228
-0.367432,-0.159058,0.825073
0.262817,-0.003540,1.129761
0.188232,-0.399902,0.950806
-0.326538,0.152466,0.952637
0.552979,-0.228516,1.136108
-0.321167,-0.181396,0.824829
0.149292,0.072876,1.090088
0.279907,-0.418579,0.969116
-0.382446,0.102173,0.924683
0.546143,-0.200928,1.149780
-0.248901,-0.206177,0.849854
0.048462,0.137085,1.078979
0.354248,-0.406860,0.998779
-0.431885,0.057739,0.872437
0.520752,-0.134644,1.178345
-0.114990,-0.248169,0.885498
-0.062500,0.203613,1.080566
0.396851,-0.373169,1.006592
-0.442993,-0.010254,0.849243
0.497192,-0.130005,1.182495
0.017822,-0.339844,0.903564
-0.158325,0.233032,1.070435
0.453003,-0.323242,1.040405
-0.439209,-0.063843,0.816895
0.432739,-0.100220,1.163818
0.055908,-0.349121,0.911377
-0.234985,0.230347,1.038818
0.499146,-0.272217,1.103638
-0.401367,-0.130859,0.807495
0.326050,-0.051880,1.131958
0.146851,-0.373779,0.940430
-0.288818,0.170654,0.982910
0.542969,-0.234009,1.142944
-0.353882,-0.165283,0.827881
0.190430,0.029907,1.104370
0.234131,-0.438965,0.947754
-0.366211,0.082153,0.916260
0.554932,-0.189697,1.171875
-0.255859,-0.226196,0.841064
0.061035,0.155151,1.100342
0.340210,-0.421387,0.989380
-0.445190,0.041870,0.852539
0.537598,-0.168457,1.169434
-0.139160,-0.261963,0.870117
-0.045044,0.206665,1.082764
0.387085,-0.387573,1.007324
-0.447021,-0.029053,0.829102
0.512451,-0.146729,1.180420
-0.021118,-0.293823,0.899414
-0.122070,0.236206,1.078491
0.430542,-0.326660,1.036621
-0.447144,-0.043091,0.830688
0.433960,-0.126953,1.150757
0.027588,-0.366943,0.893555
-0.172363,0.215332,1.061523
0.493164,-0.284180,1.081543
-0.445679,-0.044312,0.817383
0.357178,-0.069214,1.130005
0.099609,-0.417114,0.909790
-0.260620,0.154175,1.014526
0.534790,-0.260132,1.119263
-0.399902,-0.089722,0.818237
0.264038,0.039795,1.129028
0.191040,-0.446289,0.924438
-0.332031,0.121460,0.959717
0.550171,-0.255005,1.148682
-0.334595,-0.153564,0.835571
0.155884,0.108521,1.101685
0.276733,-0.430542,0.960205
-0.399048,0.066284,0.889771
0.545044,-0.213013,1.152710
-0.243530,-0.231201,0.834839
0.049072,0.191284,1.106934
0.344727,-0.392212,0.991455
-0.428589,0.040039,0.864380
0.531738,-0.177856,1.162964
-0.161499,-0.236694,0.866821
-0.036499,0.203735,1.084961
0.418335,-0.391357,1.018188
-0.456055,0.011597,0.837280
0.474365,-0.110962,1.160400
-0.018799,-0.314575,0.884399
-0.119263,0.201050,1.071289
0.455078,-0.337280,1.048584
-0.453613,-0.061035,0.817383
0.414307,-0.082275,1.151123
0.035522,-0.365723,0.879883
-0.200073,0.191162,1.039062
0.501709,-0.289185,1.092041
-0.421997,-0.098999,0.814941
0.340332,-0.036133,1.136108
0.111816,-0.385986,0.915283
-0.287720,0.171509,0.982056
0.530396,-0.251953,1.114136
-0.366211,-0.154175,0.814209
0.247437,0.013916,1.114136
0.202148,-0.424561,0.931396
-0.353149,0.134033,0.932373
0.540161,-0.240845,1.127197
-0.310059,-0.211182,0.816650
0.149170,0.089844,1.106201
0.283203,-0.422852,0.958862
-0.402832,0.080322,0.881104
0.526123,-0.183472,1.145630
-0.238892,-0.231445,0.850830
0.046143,0.142700,1.093628
0.348267,-0.416992,0.986816
-0.437988,0.077515,0.859375
0.508911,-0.152344,1.149170
-0.141235,-0.247192,0.877686
-0.048218,0.174805,1.080933
0.395630,-0.386597,1.015137
-0.438354,-0.003784,0.837036
0.473389,-0.072754,1.176758
-0.020508,-0.309937,0.882812
-0.142456,0.218262,1.065796
0.452881,-0.371704,1.033936
-0.447754,-0.057129,0.816772
0.410645,-0.054810,1.152954
0.053833,-0.330933,0.895874
-0.209229,0.204834,1.032715
0.474487,-0.291748,1.066162
-0.414307,-0.098755,0.817505
0.350586,-0.054443,1.125610
0.106445,-0.367065,0.908325
-0.281372,0.183838,0.988892
0.527100,-0.263916,1.105103
-0.372314,-0.143188,0.824097
0.224609,0.013794,1.099609
0.210083,-0.420532,0.939087
-0.348022,0.118774,0.920898
0.535278,-0.236206,1.113770
-0.306885,-0.184692,0.827271
0.109619,0.085693,1.080811
0.301514,-0.444336,0.958618
-0.409668,0.074219,0.879028
0.508057,-0.155518,1.145020
-0.190674,-0.231934,0.852295
-0.011353,0.190552,1.093994
0.359253,-0.406372,0.987183
-0.444824,0.012085,0.849243
0.500122,-0.145874,1.154297
-0.057617,-0.292114,0.881104
-0.127686,0.220947,1.064819
0.427246,-0.357666,1.018188
-0.448486,-0.063477,0.808228
0.411255,-0.088745,1.151978
0.057007,-0.377197,0.883911
-0.196167,0.205566,1.033569
0.476562,-0.305054,1.060425
-0.440430,-0.069824,0.801514
0.325806,-0.072144,1.102295
0.100952,-0.405884,0.893677
-0.271973,0.148071,0.982666
0.528198,-0.235229,1.115723
-0.370605,-0.120728,0.822510
0.201782,0.048706,1.092896
0.207397,-0.466553,0.907837
-0.359253,0.046021,0.906006
0.548340,-0.224365,1.151611
-0.294434,-0.201050,0.810669
0.063477,0.190674,1.098511
0.323364,-0.433472,0.956177
-0.454834,0.004395,0.835327
0.520508,-0.216431,1.160645
-0.178345,-0.293457,0.855225
-0.031860,0.210693,1.093628
0.371094,-0.375488,0.990479
-0.488525,0.024780,0.822998
0.482056,-0.189941,1.140381
-0.018066,-0.349121,0.906494
-0.125854,0.203247,1.052856
0.424072,-0.337402,1.020386
-0.470459,-0.011719,0.819458
0.416870,-0.132446,1.120972
0.050049,-0.398804,0.881714
-0.181763,0.187012,1.047363
0.454590,-0.284912,1.061279
-0.456543,-0.051636,0.795044
0.343872,-0.065186,1.112915
0.075928,-0.419678,0.877075
-0.249634,0.179932,1.030273
0.524048,-0.283325,1.105713
-0.425903,-0.080200,0.808472
0.226685,0.009033,1.076172
0.179810,-0.440430,0.919189
-0.327515,0.092285,0.941162
0.540283,-0.251099,1.144287
-0.361450,-0.166626,0.802734
0.153320,0.127686,1.099487
0.247437,-0.407227,0.927734
-0.411621,0.041138,0.870239
0.542236,-0.273682,1.136963
-0.283325,-0.256714,0.804810
0.062622,0.184814,1.077271
0.314209,-0.407837,0.941162
-0.467773,0.048218,0.834351
0.529907,-0.299683,1.107056
-0.213257,-0.323120,0.839478
0.002930,0.182129,1.075806
0.345581,-0.379150,0.967163
-0.477783,0.052734,0.815674
0.499512,-0.200317,1.123047
-0.125122,-0.293701,0.866089
-0.075562,0.162231,1.060669
0.399780,-0.401245,0.998169
-0.489502,0.027222,0.799805
0.450562,-0.122314,1.129517
-0.040894,-0.324707,0.872925
-0.127441,0.195068,1.050659
0.412231,-0.379150,1.005615
-0.475342,-0.024902,0.802490
0.424561,-0.122803,1.127686
0.017700,-0.368896,0.872681
-0.183350,0.189941,1.028809
0.446533,-0.342651,1.028687
-0.458496,-0.059326,0.797119
0.365234,-0.084229,1.110840
0.070312,-0.415283,0.863770
-0.233154,0.154907,0.991211
0.488525,-0.320557,1.060181
-0.439819,-0.100708,0.792847
0.302124,-0.026489,1.098755
0.105347,-0.395630,0.873779
-0.302002,0.173462,0.954834
0.512695,-0.298096,1.079834
-0.395508,-0.145508,0.806885
0.221069,-0.008911,1.077026
0.177490,-0.428711,0.893433
-0.352417,0.118286,0.903198
0.522461,-0.262695,1.095825
-0.343018,-0.162598,0.807861
0.136230,0.063843,1.066040
0.237305,-0.477539,0.893555
-0.405273,0.064819,0.863159
0.518311,-0.232178,1.115112
-0.299316,-0.196655,0.807739
0.053223,0.129395,1.067871
0.312378,-0.471924,0.927124
-0.437134,0.051880,0.838379
0.489868,-0.188110,1.110107
-0.221313,-0.213379,0.831665
-0.024780,0.168823,1.051147
0.356689,-0.435913,0.960938
-0.474731,0.005859,0.809814
0.470215,-0.161743,1.109863
-0.125244,-0.246704,0.848999
-0.109009,0.192017,1.041382
0.397827,-0.388062,0.990112
-0.475586,-0.039673,0.797729
0.430176,-0.114746,1.115723
-0.005005,-0.349854,0.854492
-0.182495,0.192261,1.017822
0.433838,-0.339844,1.012329
-0.454956,-0.080078,0.782593
0.360718,-0.077393,1.109741
0.072754,-0.422852,0.857666
-0.252075,0.172729,0.972290
0.467651,-0.288818,1.041870
-0.415161,-0.092163,0.794922
0.266968,-0.030518,1.072876
0.109131,-0.445435,0.868164
-0.324951,0.126709,0.937500
0.498901,-0.274048,1.081543
-0.382202,-0.139893,0.800903
0.172241,0.058228,1.072510
0.192139,-0.462036,0.882568
-0.397949,0.072266,0.883545
0.521118,-0.270264,1.105591
-0.328979,-0.202026,0.789429
0.088379,0.138062,1.067383
0.259521,-0.435059,0.897339
-0.443115,0.031006,0.834351
0.518311,-0.274780,1.096802
-0.255981,-0.266846,0.814453
-0.006836,0.201416,1.071045
0.322998,-0.413818,0.941650
-0.476562,0.004517,0.799805
0.471436,-0.228760,1.100220
-0.179443,-0.291382,0.823364
-0.064819,0.195190,1.051880
0.356323,-0.397827,0.953125
-0.502930,-0.006104,0.802856
0.451050,-0.223633,1.085815
-0.080200,-0.335571,0.851685
-0.138184,0.193604,1.029053
0.408813,-0.362305,0.994263
-0.504028,0.003784,0.791382
0.388916,-0.127319,1.083130
0.036621,-0.410645,0.865112
-0.187866,0.135498,0.978516
0.426636,-0.325439,1.010742
-0.473267,-0.038452,0.772217
0.339111,-0.092529,1.081177
0.063477,-0.402588,0.870972
-0.259644,0.135254,0.971191
0.464478,-0.307495,1.042236
-0.455078,-0.076660,0.772461
0.271362,-0.022217,1.081909
0.090698,-0.394043,0.881958
-0.311157,0.086426,0.932861
0.491333,-0.290161,1.073975
-0.437500,-0.099487,0.778076
0.194336,0.053467,1.068604
0.150146,-0.407837,0.872681
-0.362793,0.077759,0.905518
0.518188,-0.308716,1.072144
-0.403931,-0.142090,0.768066
0.132690,0.104736,1.057983
0.212158,-0.402222,0.889893
-0.416382,0.071045,0.865967
0.519775,-0.343506,1.065430
-0.347412,-0.230225,0.797241
0.062378,0.123779,1.043579
0.243652,-0.415894,0.903198
-0.445557,0.022339,0.810547
0.510986,-0.267212,1.097168
-0.293945,-0.261230,0.792114
0.004272,0.143555,1.047363
0.283569,-0.437012,0.910034
-0.473999,0.038696,0.810669
0.491455,-0.252686,1.083374
-0.237549,-0.260254,0.813843
-0.070801,0.159790,1.016602
0.353271,-0.441284,0.947388
-0.483154,0.041138,0.793945
0.439575,-0.149414,1.085693
-0.149048,-0.254761,0.837036
-0.119263,0.165161,1.014038
0.370361,-0.465576,0.939819
-0.489990,-0.027710,0.778198
0.417603,-0.101562,1.101562
-0.072510,-0.277588,0.835815
-0.167969,0.183594,1.000366
0.392578,-0.417358,0.964355
-0.489136,-0.110474,0.760132
0.378906,-0.087158,1.102905
0.010986,-0.380859,0.819580
-0.227417,0.205566,0.989868
0.437256,-0.391235,0.981934
-0.461060,-0.116943,0.770996
0.319702,-0.085693,1.059082
0.055298,-0.409424,0.830688
-0.248779,0.144775,0.948364
0.446899,-0.320435,1.014648
-0.466919,-0.120117,0.758911
0.252930,-0.071289,1.036865
0.097412,-0.441406,0.824463
-0.307617,0.122070,0.916382
0.461670,-0.268799,1.031006
-0.435059,-0.135132,0.761841
0.168335,-0.011230,1.018921
0.149536,-0.474854,0.844116
-0.396118,0.078003,0.863525
0.508179,-0.284668,1.073730
-0.387939,-0.146851,0.769287
0.066528,0.101562,1.037964
0.240601,-0.497803,0.879395
-0.440063,-0.006714,0.804565
0.474854,-0.236084,1.073730
-0.298340,-0.214844,0.791992
-0.028564,0.177490,1.033813
0.304810,-0.460693,0.905396
-0.489990,-0.008911,0.781250
0.446167,-0.219971,1.079956
-0.187866,-0.281250,0.819458
-0.115845,0.197388,1.021118
0.336670,-0.422119,0.925903
-0.506958,-0.004883,0.773071
0.422729,-0.178833,1.093140
-0.081543,-0.351318,0.816528
-0.166992,0.190552,0.999146
0.381592,-0.368164,0.972168
-0.519409,-0.038330,0.748901
0.357422,-0.137695,1.064209
0.036865,-0.445312,0.806152
-0.233643,0.180664,0.963745
0.416016,-0.331909,0.978271
-0.490723,-0.086426,0.751465
0.268799,-0.064819,1.045166
0.059814,-0.479736,0.786865
-0.298828,0.125488,0.899780
0.463135,-0.304932,1.005371
-0.450806,-0.115723,0.761475
0.160278,-0.009888,1.015259
0.127930,-0.486572,0.821533
-0.368164,0.084106,0.859497
0.470215,-0.255127,1.034546
-0.387695,-0.128296,0.773560
0.067871,0.090820,1.028442
0.224487,-0.490723,0.862671
-0.455322,-0.001221,0.797119
0.479370,-0.255127,1.062500
-0.307983,-0.191528,0.789307
-0.041260,0.208740,1.040283
0.291626,-0.412964,0.899902
-0.500122,-0.019775,0.756958
0.445312,-0.231445,1.074707
-0.195312,-0.276489,0.818970
-0.130005,0.200073,1.004639
0.333862,-0.411621,0.923096
-0.516846,0.013794,0.777588
0.410645,-0.175293,1.070923
-0.074341,-0.353394,0.819214
-0.180786,0.173462,0.980347
0.368408,-0.360962,0.950195
-0.521362,-0.011963,0.761841
0.348511,-0.140381,1.041138
0.030640,-0.455200,0.815186
-0.242188,0.117432,0.932861
0.419312,-0.302856,0.993896
-0.511963,-0.036621,0.734741
0.257080,-0.057739,1.023071
0.072144,-0.438354,0.820312
-0.312012,0.087158,0.892212
0.459839,-0.317261,1.012695
-0.471436,-0.062134,0.755493
0.115601,0.057739,1.010376
0.140015,-0.441040,0.836304
-0.397705,0.030151,0.841675
0.485107,-0.311279,1.046021
-0.403198,-0.150513,0.766846
0.023682,0.138672,1.005615
0.215454,-0.424316,0.855469
-0.457642,-0.007202,0.776367
0.482544,-0.277710,1.058594
-0.311646,-0.260132,0.754639
-0.058716,0.209595,1.019287
0.284302,-0.404907,0.894653
-0.515137,0.015381,0.763794
0.437012,-0.274902,1.047485
-0.179321,-0.308716,0.816162
-0.118896,0.212158,1.010254
0.301514,-0.350342,0.924805
-0.520508,-0.020142,0.761230
0.400269,-0.217773,1.047119
-0.103760,-0.371216,0.805176
-0.157104,0.156738,0.979248
0.369751,-0.334595,0.953735
-0.542969,0.025757,0.744995
0.349243,-0.152344,1.036987
-0.002075,-0.471924,0.794189
-0.216919,0.101318,0.938232
0.407349,-0.332886,0.967041
-0.531372,0.000366,0.753540
0.268677,-0.087280,1.007202
0.053833,-0.467041,0.807373
-0.314941,0.061768,0.869995
0.457275,-0.310669,1.009521
-0.487305,-0.046509,0.739624
0.168091,0.047241,1.016724
0.090698,-0.400391,0.826050
-0.376587,0.052734,0.846802
0.478760,-0.314331,1.035645
-0.469727,-0.104980,0.733032
0.097656,0.106323,1.022949
0.153198,-0.442261,0.824219
-0.430054,0.058350,0.810791
0.488281,-0.288574,1.037354
-0.399048,-0.141724,0.748169
0.037231,0.158081,1.027588
0.193237,-0.435425,0.831665
-0.484863,0.056885,0.781372
0.486572,-0.291992,1.039551
-0.344238,-0.202881,0.764771
-0.023438,0.157837,1.008911
0.233643,-0.416016,0.872925
-0.515991,0.035400,0.755981
0.466064,-0.267700,1.052002
-0.274170,-0.247681,0.773071
-0.073486,0.211304,1.025757
0.274780,-0.427856,0.883301
-0.537354,0.034912,0.765747
0.430298,-0.231567,1.035767
-0.186157,-0.278442,0.801636
-0.134277,0.202271,0.994873
0.326172,-0.430908,0.902832
-0.540039,0.010010,0.760254
0.381470,-0.152466,1.048218
-0.104736,-0.299805,0.810669
-0.172974,0.157593,0.958374
0.346191,-0.378662,0.931885
-0.541504,-0.008545,0.757446
0.345459,-0.119751,1.049683
-0.013184,-0.438232,0.794434
-0.225342,0.123535,0.926025
0.388794,-0.353638,0.951294
-0.555786,-0.030151,0.729736
0.284912,-0.084961,1.009277
0.049561,-0.486450,0.774048
-0.279419,0.104492,0.879028
0.425659,-0.312988,0.974121
-0.519165,-0.026855,0.742798
0.191650,-0.037354,0.979858
0.098022,-0.489258,0.788696
-0.373169,0.088013,0.846313
0.443359,-0.293945,1.000244
-0.461792,-0.085815,0.748901
0.103271,0.070801,0.992920
0.123901,-0.422119,0.827393
-0.454224,0.060059,0.799561
0.468262,-0.289917,1.023560
-0.378540,-0.187378,0.746338
0.011230,0.174072,1.023682
0.186035,-0.407715,0.837524
-0.496216,0.053467,0.772949
0.469482,-0.289917,1.030151
-0.286133,-0.227295,0.789551
-0.072144,0.181274,1.004028
0.256348,-0.438354,0.857910
-0.543701,0.057983,0.754761
0.420654,-0.226562,1.029663
-0.197998,-0.278320,0.806274
-0.117676,0.166260,1.004517
0.297607,-0.415771,0.901733
-0.571167,0.046021,0.736938
0.381958,-0.161255,1.044922
-0.064697,-0.362061,0.793579
-0.178467,0.186523,0.978027
0.343506,-0.365112,0.917236
-0.578613,0.051025,0.751953
0.352173,-0.166138,1.010254
0.010010,-0.434814,0.793335
-0.277588,0.153198,0.900879
0.404785,-0.342773,0.964355
-0.539673,-0.050415,0.728760
0.230835,-0.059570,0.990845
0.057007,-0.484985,0.768677
-0.341309,0.097168,0.842407
0.436890,-0.325928,0.975098
-0.490479,-0.083008,0.738525
0.124634,0.071655,0.998413
0.101318,-0.452393,0.772339
-0.418579,0.066040,0.801270
0.441895,-0.280762,1.011597
-0.426392,-0.160156,0.737793
0.052979,0.065674,0.993408
0.175781,-0.480469,0.808594
-0.505859,0.121216,0.780884
0.451782,-0.233154,1.021240
-0.325684,-0.171631,0.786255
-0.054443,0.113159,0.983521
0.239624,-0.487549,0.847900
-0.516357,0.043091,0.750488
0.432861,-0.179688,1.043945
-0.240479,-0.205933,0.782471
-0.130737,0.196899,0.987427
0.303833,-0.437378,0.892944
-0.547485,0.020020,0.755615
0.396851,-0.168579,1.034424
-0.119507,-0.292725,0.798950
-0.207275,0.208008,0.950073
0.352539,-0.372192,0.928345
-0.541260,-0.032349,0.740356
0.349609,-0.126587,1.045410
-0.030518,-0.398560,0.775269
-0.272095,0.183960,0.901855
0.381836,-0.319702,0.949341
-0.523438,-0.075806,0.737915
0.279053,-0.104126,0.998779
0.035034,-0.473633,0.768311
-0.340820,0.163940,0.859375
0.419556,-0.293823,0.964722
-0.506348,-0.054688,0.743286
0.168335,-0.036499,0.982910
0.101318,-0.495972,0.789551
-0.407593,0.117310,0.826172
0.444214,-0.284180,0.982056
-0.465576,-0.065308,0.742065
0.076294,0.096924,0.997192
0.148071,-0.447998,0.815552
-0.472778,0.057861,0.782349
0.445557,-0.265259,1.007446
-0.392090,-0.148804,0.747559
0.004028,0.192993,1.016235
0.204468,-0.395386,0.843262
-0.536499,0.062378,0.755371
0.446899,-0.266235,1.019531
-0.279175,-0.216797,0.776001
-0.092163,0.203857,0.989746
0.264771,-0.399658,0.878662
-0.562378,0.041138,0.748901
0.422729,-0.222778,1.036743
-0.204224,-0.283936,0.772095
-0.141113,0.213135,0.979126
0.326904,-0.386353,0.910767
-0.569336,0.051147,0.749634
0.370483,-0.154541,1.029175
-0.085938,-0.360107,0.783936
-0.213623,0.167114,0.930054
0.362793,-0.373901,0.923706
-0.562744,0.012207,0.747559
0.319092,-0.097046,1.010376
-0.014526,-0.433716,0.752686
-0.276123,0.157349,0.881104
0.399414,-0.319946,0.947998
-0.546143,0.021362,0.742188
0.230713,-0.061890,0.972656
0.030884,-0.478638,0.743652
-0.341187,0.139282,0.846680
0.422119,-0.251831,0.978638
-0.501953,0.003418,0.776855
0.140869,-0.024414,0.966797
0.077271,-0.500122,0.767090
-0.435913,0.102539,0.800293
0.447144,-0.220215,1.003784
-0.424438,-0.048584,0.772949
0.036255,0.124878,0.999878
0.161621,-0.430176,0.832031
-0.516235,0.064941,0.766235
0.436157,-0.223511,1.008301
-0.328613,-0.180054,0.755371
-0.042847,0.208618,1.014038
0.249512,-0.390137,0.879395
-0.591309,0.092896,0.738647
0.424438,-0.222412,1.022583
-0.191040,-0.290039,0.775879
-0.114624,0.206177,0.991943
0.275879,-0.354614,0.884033
-0.583252,0.074463,0.753296
0.402466,-0.182983,1.039062
-0.074829,-0.390137,0.792725
-0.206665,0.205200,0.942505
0.326660,-0.329224,0.916016
-0.570312,0.053345,0.741821
0.352173,-0.140747,1.015381
-0.016724,-0.418091,0.799316
-0.262939,0.175781,0.892822
0.362427,-0.289673,0.936890
-0.557129,0.030640,0.729126
0.270020,-0.069946,0.986938
0.027588,-0.434692,0.776489
-0.326782,0.143677,0.863281
0.408813,-0.290283,0.946045
-0.540894,0.020630,0.734253
0.205200,-0.011108,0.977661
0.059570,-0.439941,0.773804
-0.401733,0.148071,0.832886
0.433105,-0.285767,0.967285
-0.496948,-0.053101,0.733276
0.129639,0.055542,0.993042
0.091553,-0.441406,0.796387
-0.458374,0.133301,0.804443
0.437988,-0.248169,0.989746
-0.443237,-0.105347,0.738159
0.057495,0.155640,1.010742
0.134155,-0.420166,0.813843
-0.528931,0.118042,0.779419
0.470703,-0.273438,1.013672
-0.374146,-0.170166,0.757935
-0.012939,0.210327,1.016968
0.179932,-0.392944,0.826172
-0.543091,0.090088,0.754517
0.452759,-0.229614,1.029541
-0.307129,-0.210449,0.760498
-0.069092,0.172485,0.983032
0.240479,-0.426147,0.850220
-0.562622,0.095703,0.752319
0.439087,-0.177490,1.036743
-0.223633,-0.224243,0.772461
-0.131958,0.180420,0.954712
0.300903,-0.427979,0.879639
-0.599365,0.076416,0.731812
0.403442,-0.130371,1.041504
-0.117920,-0.311523,0.774170
-0.210693,0.208374,0.941650
0.342896,-0.391724,0.907227
-0.583984,0.064087,0.749268
0.359131,-0.088623,1.029175
-0.054810,-0.352905,0.780518
-0.271606,0.214844,0.903198
0.383057,-0.362183,0.932861
-0.550903,-0.000854,0.738037
0.282593,-0.062134,0.992676
-0.006470,-0.387695,0.770508
-0.317871,0.168579,0.866089
0.393555,-0.292603,0.952271
-0.528809,-0.057129,0.749878
0.205200,-0.006958,0.998779
0.029175,-0.448242,0.751465
-0.393066,0.158081,0.843384
0.416748,-0.257568,0.966431
-0.496216,-0.046997,0.749878
0.112915,0.045166,0.987549
0.100830,-0.457764,0.789062
-0.475098,0.149902,0.794800
0.430420,-0.212891,0.992310
-0.422852,-0.124756,0.745239
0.039429,0.117798,0.989014
0.177246,-0.446045,0.828125
-0.559814,0.137451,0.765137
0.438965,-0.204834,1.006226
-0.319214,-0.148926,0.757812
-0.060181,0.188721,0.986450
0.234375,-0.420776,0.861816
-0.579590,0.099243,0.754517
0.436523,-0.161133,1.043945
-0.219849,-0.221924,0.765747
-0.142578,0.225586,0.974976
0.310547,-0.410767,0.896362
-0.609619,0.075317,0.750610
0.397705,-0.160645,1.026001
-0.102295,-0.341919,0.772217
-0.208862,0.234009,0.936523
0.350342,-0.338745,0.916138
-0.586914,0.081055,0.747925
0.333984,-0.101074,1.012329
-0.035645,-0.409912,0.758545
-0.265869,0.148193,0.874023
0.397217,-0.252808,0.975342
-0.534790,-0.015381,0.719727
0.119873,0.065674,0.979736
0.058838,-0.396606,0.790771
-0.512817,0.177979,0.826172
0.431396,-0.258911,0.989014
-0.445801,-0.071167,0.739014
0.018799,0.182495,0.995850
0.130859,-0.387207,0.818237
-0.564697,0.138428,0.798340
0.452515,-0.214478,1.017700
-0.338989,-0.159424,0.746216
-0.062134,0.229492,0.980835
0.203857,-0.380249,0.843750
-0.604248,0.097046,0.757324
0.419556,-0.191772,1.027100
-0.236084,-0.317993,0.718750
-0.132324,0.203491,0.958984
0.259766,-0.343018,0.868042
-0.616211,0.133789,0.749756
0.398682,-0.173584,1.022705
-0.144409,-0.359741,0.753174
-0.216064,0.170410,0.919678
0.311157,-0.316406,0.905640
-0.613770,0.100708,0.746094
0.344604,-0.125977,1.013306
-0.096436,-0.385742,0.746460
-0.284302,0.185059,0.895752
0.369385,-0.320435,0.930786
-0.596436,0.057861,0.729126
0.258545,-0.066162,1.003174
-0.048584,-0.435791,0.749878
-0.368530,0.177368,0.862427
0.384888,-0.277710,0.952393
-0.565186,0.011719,0.729614
0.159912,0.004150,0.979858
0.017090,-0.428589,0.791870
-0.456665,0.187866,0.849487
0.386841,-0.228149,0.971924
-0.493164,-0.070435,0.730225
0.055786,0.110474,0.985474
0.108032,-0.415894,0.822876
-0.534790,0.176880,0.827515
0.418335,-0.208740,0.997925
-0.388550,-0.120728,0.753418
-0.027588,0.197021,0.993530
0.173096,-0.388550,0.843384
-0.582153,0.121094,0.786987
0.425293,-0.184448,1.032593
-0.292969,-0.216797,0.734619
-0.096802,0.199707,0.967651
0.235962,-0.369263,0.863281
-0.598633,0.094238,0.762329
0.390381,-0.152588,1.027710
-0.214966,-0.316650,0.724976
-0.151611,0.188354,0.943115
0.278076,-0.328857,0.900635
-0.626709,0.085693,0.747925
0.383789,-0.178711,1.025391
-0.156860,-0.391602,0.713379
-0.238525,0.177856,0.912964
0.344849,-0.347656,0.910400
-0.630127,0.114990,0.746948
0.314331,-0.126709,0.997437
-0.097412,-0.397705,0.755615
-0.308472,0.159546,0.890869
0.361816,-0.327881,0.931885
-0.605957,0.072998,0.711670
0.236572,-0.030396,0.989014
-0.044800,-0.389160,0.777832
-0.387939,0.164551,0.882568
0.406982,-0.316528,0.967041
-0.573242,0.032715,0.709961
0.132446,0.060303,0.977295
0.010864,-0.398926,0.787109
-0.455444,0.153809,0.854370
0.419434,-0.267822,0.981079
-0.514160,-0.065186,0.702026
0.060669,0.116455,0.983276
0.088501,-0.394653,0.811646
-0.523315,0.154785,0.821777
0.416992,-0.229248,0.991455
-0.436157,-0.095703,0.739868
-0.002319,0.148193,0.985474
0.160889,-0.416382,0.831543
-0.578369,0.156006,0.817139
0.421387,-0.214355,1.007080
-0.319092,-0.213013,0.739014
-0.091553,0.194824,0.963989
0.229980,-0.394287,0.862305
-0.614014,0.104248,0.752197
0.407593,-0.186035,1.027344
-0.224365,-0.296143,0.739136
-0.147339,0.189453,0.949707
0.280151,-0.327759,0.894653
-0.651245,0.104492,0.734497
0.397827,-0.203979,1.002197
-0.149780,-0.401367,0.728760
-0.243164,0.190186,0.910278
0.318726,-0.309814,0.907959
-0.619629,0.049316,0.708618
0.323364,-0.150146,1.009644
-0.118408,-0.392212,0.739746
-0.295410,0.150024,0.884766
0.362305,-0.314087,0.930542
-0.605103,0.059814,0.719482
0.226440,-0.071777,0.986572
-0.040649,-0.439331,0.770508
-0.375610,0.160034,0.877808
0.374634,-0.271362,0.957642
-0.559082,-0.015503,0.693726
0.135254,0.026978,0.983154
0.019287,-0.418091,0.787598
-0.468262,0.174194,0.858398
0.392212,-0.265503,0.966309
-0.500977,-0.066772,0.715088
0.060791,0.100220,0.988525
0.079102,-0.421265,0.790771
-0.530029,0.166870,0.841064
0.406128,-0.227661,0.993896
-0.407104,-0.153198,0.735474
0.010010,0.150879,0.994019
0.141113,-0.400269,0.818848
-0.587524,0.138794,0.787109
0.420898,-0.243652,1.008667
-0.309692,-0.251831,0.734009
-0.061157,0.164307,0.966064
0.191284,-0.332153,0.854736
-0.610352,0.127319,0.768433
0.431396,-0.267212,1.008667
-0.253052,-0.347290,0.706665
-0.126709,0.140625,0.945312
0.248779,-0.349243,0.877075
-0.624268,0.104614,0.745850
0.400024,-0.222534,1.000854
-0.180542,-0.359985,0.741211
-0.200317,0.127319,0.923340
0.277344,-0.326294,0.894287
-0.601074,0.107666,0.746948
0.364258,-0.183716,1.010742
-0.153564,-0.385010,0.734009
-0.259155,0.150879,0.901245
0.332275,-0.330200,0.924194
-0.614502,0.103882,0.733765
0.295776,-0.123413,1.006226
-0.099731,-0.390991,0.761353
-0.327148,0.138428,0.893433
0.366211,-0.326660,0.941650
-0.595337,0.049561,0.706909
0.214600,-0.040894,0.996338
-0.040161,-0.398438,0.785645
-0.397583,0.174316,0.901489
0.378296,-0.296021,0.962769
-0.552002,-0.031372,0.700928
0.150879,0.024902,1.000122
0.005981,-0.400269,0.789307
-0.474976,0.199463,0.859863
0.407837,-0.288330,0.974365
-0.510742,-0.077515,0.736206
0.069458,0.073608,0.998779
0.098511,-0.415894,0.830811
-0.556519,0.190430,0.823242
0.416992,-0.258789,0.992188
-0.382202,-0.193604,0.737671
-0.033325,0.170288,0.982910
0.182495,-0.411743,0.846191
-0.582764,0.132568,0.785278
0.416504,-0.210205,1.016235
-0.299316,-0.249634,0.730103
-0.103882,0.179565,0.977783
0.237427,-0.413086,0.871582
-0.604248,0.077148,0.757812
0.406738,-0.174438,1.038208
-0.206299,-0.332031,0.715454
-0.184448,0.180908,0.957397
0.293823,-0.353027,0.899048
-0.609131,0.042480,0.738403
0.377686,-0.196289,1.026978
-0.165649,-0.378052,0.727173
-0.265869,0.160400,0.928589
0.340332,-0.330688,0.928467
-0.590576,0.029785,0.742310
0.310425,-0.118530,1.024902
-0.106567,-0.389526,0.755981
-0.346802,0.147095,0.884277
0.376099,-0.333252,0.951172
-0.572388,0.022217,0.740601
0.228638,-0.065552,1.008179
-0.044189,-0.405273,0.780518
-0.416016,0.173340,0.873169
0.393799,-0.280029,0.982544
-0.542480,-0.047729,0.721313
0.134277,0.013550,1.010010
0.045532,-0.422241,0.819946
-0.490479,0.171509,0.860840
0.411865,-0.249390,1.009277
-0.490723,-0.114868,0.726562
0.044312,0.082153,0.995239
0.131592,-0.433105,0.845947
-0.550659,0.151855,0.833008
0.417480,-0.241089,1.010498
-0.392456,-0.186523,0.733643
-0.023071,0.131226,0.981812
0.206787,-0.413696,0.866943
-0.584839,0.091919,0.776978
0.432129,-0.201172,1.043823
0.410645,-0.205933,1.040161
0.332764,-0.359009,0.925415
-0.586182,0.037720,0.749390
0.355225,-0.148071,1.044678
-0.141968,-0.354004,0.751953
-0.310913,0.184448,0.917236
0.370850,-0.340576,0.949097
-0.584229,-0.014160,0.739502
0.275757,-0.119751,1.032593
-0.080688,-0.381470,0.768311
-0.376709,0.186035,0.895264
0.398315,-0.306519,0.976318
-0.539429,-0.052368,0.738525
0.173462,-0.035522,1.018555
0.027832,-0.441650,0.810181
-0.464355,0.159668,0.860352
0.418457,-0.263916,1.016357
-0.484009,-0.124390,0.717651
0.056396,0.086426,1.004883
0.140747,-0.417847,0.859131
-0.545288,0.110474,0.813599
0.430054,-0.238403,1.025024
-0.351685,-0.205811,0.737427
-0.042603,0.147217,0.997559
0.219971,-0.376709,0.879150
-0.582397,0.061401,0.780029
0.425903,-0.247314,1.023315
-0.226440,-0.347778,0.721924
-0.129272,0.163696,0.971802
0.275146,-0.335693,0.903198
-0.576050,0.065308,0.751343
0.387573,-0.177368,1.040649
-0.168091,-0.390747,0.736450
-0.218262,0.129272,0.945557
0.336060,-0.334106,0.935547
-0.583252,0.059937,0.751343
0.327515,-0.140991,1.038086
-0.120361,-0.367432,0.786743
-0.323853,0.164673,0.927246
0.388550,-0.333496,0.967041
-0.544067,-0.024658,0.729858
0.235962,-0.039551,1.037720
-0.025635,-0.364746,0.820312
-0.420898,0.173950,0.901001
0.405396,-0.314941,0.983276
-0.500977,-0.121094,0.725708
0.167969,0.007935,1.032715
0.071899,-0.373901,0.843140
-0.493408,0.172485,0.856201
0.433472,-0.275513,1.023193
-0.443359,-0.172852,0.740112
0.049194,0.055664,1.000122
0.169556,-0.431519,0.858765
-0.527100,0.148071,0.834351
0.450684,-0.235229,1.038818
-0.345215,-0.201538,0.758667
-0.057007,0.114990,0.978638
0.249023,-0.399658,0.896851
-0.541016,0.045776,0.786255
0.448853,-0.212158,1.058716
-0.254150,-0.279053,0.739990
-0.131958,0.129883,0.965210
0.310547,-0.379517,0.928101
-0.558838,0.033936,0.779785
0.425415,-0.162354,1.078003
-0.182739,-0.313110,0.755371
-0.235107,0.157959,0.942017
0.341797,-0.324829,0.968994
-0.548462,-0.038330,0.757935
0.361206,-0.132080,1.081299
-0.128174,-0.362915,0.770142
-0.310059,0.167236,0.917114
0.396240,-0.319946,0.979736
-0.532959,-0.060913,0.751587
0.287964,-0.110229,1.059326
-0.061279,-0.380005,0.806274
-0.366455,0.164917,0.896851
0.438477,-0.303345,1.016602
-0.520142,-0.057861,0.745728
0.179810,-0.031738,1.037109
0.053345,-0.425903,0.842407
-0.429443,0.150391,0.880737
0.441040,-0.240234,1.042236
-0.467407,-0.096191,0.753296
0.088135,0.036987,1.024780
0.167725,-0.461914,0.870239
-0.503052,0.122314,0.844482
0.460938,-0.232056,1.048096
-0.354736,-0.184814,0.781128
-0.036743,0.136353,0.994873
0.246826,-0.457764,0.874634
-0.519531,0.024658,0.787476
0.456421,-0.175415,1.086914
-0.246216,-0.264648,0.755737
-0.095825,0.125366,0.991211
0.308105,-0.375244,0.915405
-0.561035,0.036377,0.781738
0.424194,-0.179443,1.080200
-0.140625,-0.379639,0.767456
-0.213989,0.157349,0.970825
0.357422,-0.348999,0.947266
-0.577881,0.023926,0.762207
0.369507,-0.148804,1.080322
-0.083374,-0.373657,0.792603
-0.294800,0.143921,0.936279
0.422607,-0.312988,1.010498
-0.549438,-0.015381,0.753174
0.257324,-0.062866,1.066406
0.020996,-0.404663,0.836304
-0.379639,0.136719,0.912231
0.435669,-0.273438,1.053223
-0.467407,-0.118896,0.744873
0.151245,0.041748,1.054321
0.130859,-0.392456,0.874756
-0.470947,0.135010,0.871094
0.479736,-0.279297,1.058228
-0.387207,-0.207275,0.769531
0.037720,0.081665,1.012085
0.197876,-0.391113,0.886719
-0.505737,0.078491,0.831055
0.486450,-0.222900,1.093140
-0.251831,-0.265381,0.790283
-0.055298,0.111450,0.989746
0.259277,-0.358276,0.905884
-0.530151,0.037964,0.794922
0.484253,-0.261108,1.075195
-0.180054,-0.334351,0.785034
-0.130371,0.118896,0.978638
0.316650,-0.336182,0.940674
-0.544189,0.000488,0.758301
0.446777,-0.203125,1.090576
-0.117310,-0.387695,0.793579
-0.214111,0.130859,0.968750
0.365234,-0.337646,0.961670
-0.539307,-0.003906,0.758545
0.391968,-0.109131,1.118164
-0.076416,-0.317383,0.841187
-0.293945,0.164795,0.960815
0.423096,-0.327148,1.005249
-0.513428,-0.046875,0.754639
0.309082,-0.059082,1.097168
-0.001221,-0.349243,0.861572
-0.345825,0.160034,0.936279
0.464233,-0.292358,1.046997
-0.468262,-0.116821,0.744385
0.222656,-0.004883,1.090942
0.080811,-0.402954,0.856689
-0.409180,0.167725,0.928223
0.503052,-0.296143,1.067749
-0.426392,-0.128052,0.769409
0.124146,0.069702,1.061279
0.147583,-0.367798,0.889893
-0.458008,0.102783,0.878052
0.516724,-0.296753,1.091187
-0.326294,-0.220337,0.793701
0.033691,0.127930,1.047363
0.209229,-0.353149,0.895386
-0.495117,0.032593,0.799927
0.523315,-0.300781,1.085693
-0.229126,-0.348511,0.793091
-0.022217,0.157715,1.052002
0.279053,-0.379761,0.894775
-0.522217,0.087769,0.816040
0.486328,-0.233643,1.098877
-0.167969,-0.387817,0.790771
-0.097900,0.107422,1.011597
0.347534,-0.402954,0.931763
-0.519531,0.049316,0.792358
0.443359,-0.113770,1.125244
-0.114502,-0.321411,0.818970
-0.191895,0.149414,1.002930
0.388062,-0.374268,0.989624
-0.502808,-0.028564,0.786621
0.405518,-0.083496,1.125122
-0.063232,-0.314209,0.835449
-0.271973,0.190186,0.979370
0.436646,-0.324585,1.028931
-0.497314,-0.075073,0.766479
0.355347,-0.080322,1.123047
-0.005737,-0.342529,0.855347
-0.311890,0.174927,0.968628
0.476196,-0.319214,1.058472
-0.450073,-0.113892,0.775513
0.251099,-0.029175,1.096313
0.090332,-0.369263,0.884033
-0.374634,0.154663,0.923950
0.510620,-0.261475,1.089966
-0.387207,-0.165161,0.795166
0.120483,0.052124,1.058716
0.194336,-0.406860,0.910889
-0.442383,0.094238,0.872559
0.519165,-0.232910,1.105225
-0.296753,-0.223633,0.798584
0.019531,0.125488,1.037231
0.284180,-0.386108,0.937744
-0.477539,0.026489,0.827515
0.517578,-0.233887,1.118164
-0.161743,-0.301392,0.820679
-0.065186,0.140259,1.031982
0.340454,-0.331665,0.964111
-0.494019,0.007324,0.807983
0.465332,-0.165405,1.131348
-0.094727,-0.363159,0.820679
-0.169556,0.163574,1.018677
0.415649,-0.332397,1.010742
-0.487671,-0.017944,0.799805
0.392700,-0.084961,1.132080
-0.024658,-0.337402,0.858765
-0.265991,0.136597,0.976685
0.473022,-0.316895,1.070679
-0.475830,-0.086914,0.776489
0.323608,-0.014648,1.134033
0.069946,-0.335571,0.886597
-0.336060,0.186401,0.951660
0.508057,-0.286133,1.080688
-0.401855,-0.196655,0.791748
0.198975,-0.010010,1.089111
0.177856,-0.392700,0.924194
-0.415527,0.162842,0.909668
0.516846,-0.247070,1.095581
-0.322510,-0.217407,0.808716
0.071411,0.073486,1.059204
0.271851,-0.380859,0.953857
-0.440918,0.062378,0.871338
0.514038,-0.169067,1.134399
-0.180420,-0.286987,0.821167
-0.038086,0.132324,1.042236
0.358398,-0.383057,0.966675
-0.472168,-0.000122,0.814697
0.489990,-0.153931,1.146362
-0.081665,-0.334839,0.836792
-0.150879,0.183960,1.032349
0.420776,-0.321289,1.015137
-0.481201,-0.026733,0.803589
0.398804,-0.099854,1.133423
-0.022095,-0.342529,0.867065
-0.226685,0.150879,1.012207
0.480957,-0.287720,1.084473
-0.458496,-0.069092,0.787598
0.305420,0.006226,1.140747
0.080811,-0.355835,0.893188
-0.321533,0.104248,0.948853
0.523193,-0.273804,1.111450
-0.381348,-0.173828,0.799683
0.186401,0.095581,1.117554
0.210083,-0.396240,0.931885
-0.400269,0.125122,0.918091
0.521484,-0.223755,1.130249
-0.294922,-0.252441,0.813599
0.077271,0.093384,1.082153
0.299316,-0.389160,0.962769
-0.450562,0.079346,0.866333
0.523438,-0.176270,1.138428
-0.162842,-0.276733,0.842529
-0.055420,0.151611,1.047729
0.376099,-0.393799,0.986572
-0.462036,-0.003662,0.837524
0.492798,-0.133789,1.159180
-0.088989,-0.298828,0.838379
-0.138794,0.173462,1.039673
0.446045,-0.350342,1.037476
-0.468018,-0.058838,0.810791
0.427368,-0.096802,1.151855
-0.012573,-0.327148,0.876953
-0.222168,0.203613,1.028320
0.484009,-0.295166,1.065552
-0.455566,-0.070312,0.798706
0.329834,-0.044678,1.136597
0.087158,-0.363037,0.916992
-0.299927,0.145630,0.971436
0.531494,-0.275146,1.104004
-0.379150,-0.137573,0.812500
0.205444,0.038330,1.114502
0.210205,-0.404053,0.940186
-0.378662,0.128296,0.926636
0.547241,-0.238525,1.129150
-0.289185,-0.206665,0.828247
0.065552,0.122559,1.069580
0.316040,-0.388550,0.977051
-0.418335,0.043335,0.876953
0.525757,-0.190430,1.158569
-0.152832,-0.287109,0.858276
-0.024048,0.145264,1.050903
0.358643,-0.323242,0.992432
-0.465454,-0.001953,0.822632
0.509399,-0.174805,1.165405
-0.030396,-0.352051,0.869629
-0.145020,0.175415,1.037231
0.436279,-0.293335,1.044922
-0.462891,-0.027222,0.808960
0.417114,-0.103516,1.161377
0.030762,-0.393555,0.889404
-0.236816,0.194214,1.039062
0.504761,-0.281128,1.106934
-0.433105,-0.088867,0.808960
0.301514,0.009277,1.149780
0.133911,-0.385498,0.925049
-0.328613,0.125488,0.977417
0.551270,-0.272705,1.145264
-0.355469,-0.191895,0.809326
0.177124,0.112305,1.137939
0.228882,-0.402100,0.931396
-0.412354,0.076904,0.901611
0.576782,-0.272095,1.152588
-0.271362,-0.260010,0.835327
0.065186,0.157471,1.099365
0.326294,-0.391846,0.969238
-0.451050,0.048340,0.847168
0.532471,-0.187378,1.167725
-0.151611,-0.314331,0.856445
-0.010620,0.172607,1.104858
0.376953,-0.372437,0.999512
-0.459229,0.010498,0.846924
0.506226,-0.140259,1.173706
-0.024902,-0.337280,0.879395
-0.120483,0.190796,1.065674
0.426270,-0.350220,1.028809
-0.438721,-0.040039,0.840210
0.454224,-0.092163,1.163818
0.001465,-0.314087,0.871704
-0.211304,0.212402,1.034058
0.493042,-0.314209,1.087402
-0.433960,-0.118164,0.810059
0.376465,-0.064087,1.160767
0.077515,-0.339966,0.911987
-0.262451,0.203491,1.015869
0.530273,-0.276489,1.118286
-0.385132,-0.148926,0.823242
0.269165,-0.003784,1.135498
0.186279,-0.377319,0.951416
-0.334717,0.153320,0.953979
0.546875,-0.249390,1.124756
-0.306641,-0.180664,0.848999
0.148438,0.076294,1.109619
0.276855,-0.411377,0.966431
-0.409424,0.097656,0.904907
0.549561,-0.204346,1.151611
-0.217773,-0.234131,0.860962
0.035889,0.148804,1.089722
0.355225,-0.376709,1.001099
-0.447998,0.041016,0.855347
0.527954,-0.164185,1.174805
-0.083496,-0.291992,0.882202
-0.061157,0.194702,1.091431
0.409790,-0.345337,1.014282
-0.453369,0.019165,0.854614
0.485107,-0.129395,1.171509
0.000854,-0.357666,0.900391
-0.156372,0.181274,1.049805
0.459717,-0.301147,1.062256
-0.448486,-0.039795,0.819214
0.408936,-0.051514,1.168701
0.069092,-0.350342,0.921875
-0.253052,0.189575,1.026367
0.511841,-0.281982,1.117554
-0.408936,-0.104736,0.816284
0.316406,0.001221,1.150513
0.164673,-0.397827,0.926880
-0.320312,0.153687,0.983765
0.533813,-0.251221,1.131958
-0.328003,-0.183838,0.835083
0.210815,0.058960,1.120972
0.252075,-0.416626,0.958130
-0.384766,0.132324,0.915894
0.556519,-0.216797,1.151367
-0.274902,-0.227783,0.833374
0.096558,0.094116,1.105713
0.320557,-0.417236,0.997559
-0.436890,0.098877,0.889526
0.540771,-0.139038,1.182007
-0.187988,-0.253052,0.851440
-0.011475,0.166504,1.093384
0.382446,-0.407715,1.011108
-0.459961,0.035889,0.851318
0.537109,-0.151733,1.174805
-0.065430,-0.263428,0.902100
-0.107666,0.234985,1.077637
0.445801,-0.367065,1.030396
-0.451050,-0.033569,0.830444
0.463379,-0.121582,1.170044
0.024170,-0.320923,0.908081
-0.153931,0.217529,1.057861
0.472656,-0.289673,1.072021
-0.447876,-0.071899,0.822876
0.382690,-0.086304,1.148804
0.052246,-0.384766,0.893188
-0.213745,0.160889,1.024048
0.523804,-0.258545,1.115845
-0.408813,-0.079712,0.821289
0.281006,-0.014648,1.115967
0.168823,-0.445435,0.918335
-0.293091,0.131714,0.964722
0.538208,-0.219482,1.153931
-0.340454,-0.150757,0.832520
0.179443,0.076172,1.103027
0.272339,-0.453491,0.954102
-0.376709,0.084351,0.911377
0.534912,-0.197266,1.155884
-0.245361,-0.183960,0.870239
0.055298,0.160889,1.091675
0.340210,-0.407471,0.989014
-0.435425,0.045166,0.874023
0.524902,-0.149658,1.174683
-0.127075,-0.257324,0.890869
-0.058350,0.209839,1.080322
0.411865,-0.369507,1.016602
-0.465088,-0.009521,0.827026
0.469727,-0.135254,1.154663
0.029297,-0.346436,0.911743
-0.137329,0.217041,1.077515
0.449707,-0.292358,1.049927
-0.436890,-0.041016,0.817261
0.403931,-0.076782,1.147949
0.051636,-0.371094,0.899414
-0.225830,0.179688,1.026001
0.512695,-0.271729,1.116943
-0.394409,-0.103027,0.818115
0.291748,0.010254,1.128174
0.155273,-0.406006,0.917480
-0.333130,0.120239,0.955200
0.550781,-0.263184,1.141846
-0.315796,-0.187622,0.829956
0.156494,0.124634,1.123291
0.260498,-0.420044,0.936401
-0.405151,0.060181,0.879639
0.541870,-0.223022,1.141602
-0.223999,-0.252075,0.833862
0.058350,0.165649,1.094482
0.356323,-0.376343,0.990723
-0.478149,0.074097,0.844971
0.515503,-0.211548,1.139160
-0.117188,-0.317749,0.880127
-0.038818,0.164429,1.072388
0.401611,-0.342529,1.020386
-0.463257,0.024902,0.826416
0.459595,-0.139282,1.137695
0.007080,-0.361450,0.905518
-0.147461,0.166870,1.072144
0.466919,-0.338257,1.069336
-0.447632,-0.028320,0.822510
0.405762,-0.021851,1.147217
0.061523,-0.353638,0.885986
-0.220825,0.183228,1.035645
0.489380,-0.317627,1.085205
-0.411621,-0.109985,0.818115
0.339722,-0.019897,1.136841
0.105103,-0.347534,0.909058
-0.290283,0.173096,0.974731
0.534790,-0.282837,1.110474
-0.363159,-0.164917,0.822632
0.235352,0.028076,1.105835
0.197754,-0.401367,0.939819
-0.341919,0.113037,0.920654
0.533569,-0.222778,1.136597
-0.301025,-0.195312,0.833252
0.121094,0.100952,1.084595
0.286987,-0.454224,0.951660
-0.419189,0.067017,0.868408
0.531494,-0.216187,1.135010
-0.226807,-0.224976,0.833862
0.034668,0.191895,1.094360
0.350952,-0.388306,0.975220
-0.468506,0.037842,0.833252
0.515381,-0.209717,1.151123
-0.121338,-0.325073,0.865479
-0.060913,0.180054,1.054810
0.393921,-0.345581,1.006592
-0.471558,0.030518,0.828003
0.473999,-0.159058,1.137207
-0.012939,-0.395264,0.872192
-0.127563,0.166260,1.044800
0.445679,-0.325439,1.034424
-0.481201,0.008423,0.802124
0.410034,-0.104004,1.132202
0.062744,-0.416382,0.872314
-0.201050,0.179443,1.021851
0.475220,-0.314209,1.060913
-0.433960,-0.080811,0.797974
0.352905,-0.049316,1.125244
0.078247,-0.390747,0.886597
-0.278320,0.179810,1.000244
0.500610,-0.279785,1.087891
-0.391968,-0.115479,0.818359
0.260254,-0.015869,1.092651
0.149048,-0.424072,0.901367
-0.332642,0.119019,0.930664
0.536499,-0.246704,1.121460
-0.356323,-0.148560,0.818848
0.158813,0.065430,1.078491
0.247192,-0.484619,0.914307
-0.405518,0.044556,0.862061
0.536377,-0.226929,1.144043
-0.293701,-0.224243,0.806274
0.066772,0.174194,1.088989
0.308594,-0.418091,0.947144
-0.466919,0.005737,0.830688
0.532837,-0.281860,1.123901
-0.199219,-0.299438,0.850586
-0.024536,0.218262,1.081299
0.343994,-0.397217,0.973511
-0.481445,0.025635,0.821655
0.502930,-0.219727,1.133911
-0.132568,-0.327515,0.851807
-0.076538,0.185181,1.070068
0.398926,-0.381836,0.987793
-0.495239,-0.055664,0.738892
0.324463,-0.048584,1.068848
-0.034424,-0.359619,0.865356
-0.285278,0.160767,0.936768
0.454956,-0.392334,0.981812
-0.489014,-0.101929,0.753418
0.270142,-0.057251,1.037231
0.067139,-0.435669,0.793823
-0.332642,0.150513,0.898071
0.465332,-0.342041,0.998901
-0.454834,-0.159546,0.739380
0.199341,-0.022339,1.032471
0.111694,-0.450806,0.808594
-0.389648,0.156616,0.873047
0.473877,-0.322144,1.013184
-0.421997,-0.152588,0.758301
0.132324,0.017944,1.017578
0.158081,-0.455933,0.832520
-0.421021,0.080933,0.827881
0.466431,-0.277710,1.023560
-0.370361,-0.192871,0.751465
0.050171,0.075806,1.021729
0.231934,-0.484863,0.848022
-0.481445,0.076904,0.791260
0.460571,-0.238037,1.034180
-0.310669,-0.213257,0.781250
-0.038940,0.114258,1.010620
0.286011,-0.499023,0.879517
-0.508789,0.045776,0.779053
0.438843,-0.185059,1.064331
-0.217651,-0.203735,0.812134
-0.123779,0.182251,1.000732
0.323120,-0.472900,0.893799
-0.517700,-0.021118,0.758545
0.406006,-0.129639,1.077271
-0.090332,-0.275879,0.821411
-0.201172,0.211182,0.982056
0.370850,-0.434814,0.924316
-0.527344,-0.050049,0.750000
0.362061,-0.156982,1.036255
0.001099,-0.373657,0.834717
-0.248291,0.169556,0.941040
0.391113,-0.346680,0.966431
-0.515625,-0.096558,0.725586
0.293091,-0.104126,1.029663
0.052124,-0.465210,0.789551
-0.301758,0.134155,0.892334
0.424805,-0.309570,0.980591
-0.473511,-0.059448,0.770630
0.185791,-0.036865,1.004150
0.104614,-0.513672,0.774902
-0.359985,0.113159,0.858887
0.450073,-0.264404,1.020996
-0.464600,-0.074341,0.753784
0.096313,0.017822,0.990723
0.168579,-0.540649,0.790039
-0.436401,0.061157,0.808838
0.458984,-0.242676,1.034668
-0.366455,-0.143311,0.768799
-0.016602,0.137695,1.014893
0.248657,-0.491333,0.850220
-0.493408,0.022705,0.763550
0.452026,-0.260376,1.028442
-0.269775,-0.224121,0.776855
-0.085205,0.194214,1.008423
0.302490,-0.400024,0.902222
-0.557739,0.050049,0.757080
0.420044,-0.204346,1.053711
-0.116699,-0.311401,0.826538
-0.165649,0.188110,0.977783
0.323975,-0.394043,0.913574
-0.553711,0.007935,0.743652
0.368408,-0.159180,1.042114
-0.026245,-0.408691,0.806763
-0.226440,0.173218,0.944580
0.364868,-0.317261,0.953613
-0.544800,-0.026978,0.734009
0.311768,-0.136108,1.008301
0.034180,-0.469971,0.789795
-0.294922,0.160278,0.902100
0.420410,-0.305054,0.968140
-0.508179,-0.037964,0.748291
0.212891,-0.053833,0.994019
0.083618,-0.472168,0.794189
-0.368652,0.104004,0.836914
0.433960,-0.290039,0.980347
-0.469116,-0.075317,0.755249
0.139038,0.031250,1.005859
0.115601,-0.435547,0.822388
-0.438232,0.063721,0.801514
0.445312,-0.271851,1.005615
-0.423218,-0.153320,0.729126
0.045898,0.141235,1.024658
0.195312,-0.459595,0.827637
-0.484253,0.067017,0.786743
0.442017,-0.274292,1.005737
-0.347656,-0.203735,0.752075
-0.029541,0.185059,1.012695
0.250977,-0.424072,0.865479
-0.537354,0.056885,0.754150
0.456421,-0.282593,1.026367
-0.266235,-0.246460,0.770386
-0.098877,0.219849,1.003662
0.287598,-0.388428,0.894409
-0.557495,0.043823,0.753418
0.422241,-0.212891,1.054565
-0.157471,-0.322021,0.782715
-0.156860,0.211670,0.981445
0.306396,-0.372070,0.915894
-0.558472,0.049927,0.761230
0.398682,-0.189819,1.042725
-0.059570,-0.381348,0.805786
-0.218140,0.196289,0.936890
0.355957,-0.355957,0.931641
-0.553833,0.020386,0.751953
0.335083,-0.139526,1.005493
0.011841,-0.455566,0.778809
-0.267822,0.157104,0.892700
0.388672,-0.317993,0.953857
-0.535034,0.009766,0.751221
0.249023,-0.087769,0.983032
0.059692,-0.476318,0.778442
-0.327637,0.145142,0.869995
0.406128,-0.277588,0.968628
-0.514404,-0.027954,0.746826
0.181030,-0.032959,0.986328
0.085938,-0.483154,0.779419
-0.389648,0.106934,0.827637
0.442383,-0.267944,0.994141
-0.477295,-0.107056,0.727905
0.083984,0.055664,0.977905
0.134644,-0.482544,0.803589
-0.450073,0.076782,0.791138
0.442261,-0.222046,1.020630
-0.406982,-0.156494,0.730835
0.005493,0.141235,1.001099
0.193481,-0.445557,0.837524
-0.517456,0.073730,0.769287
0.452148,-0.248535,1.024536
-0.340454,-0.192139,0.745728
-0.050293,0.210449,1.016602
0.247803,-0.403442,0.875732
-0.557739,0.064331,0.745117
0.442139,-0.252686,1.023193
-0.234253,-0.232910,0.782593
-0.115967,0.232544,0.995728
0.279541,-0.365234,0.897461
-0.566040,0.020630,0.739990
0.427490,-0.221069,1.026978
-0.164062,-0.296021,0.772095
-0.169189,0.234863,0.961792
0.333008,-0.354370,0.913086
-0.576294,0.034058,0.745483
0.372681,-0.181885,1.020508
-0.056885,-0.389282,0.782593
-0.229736,0.213501,0.929321
0.349243,-0.328857,0.922485
-0.567627,0.007324,0.729614
0.335693,-0.141724,1.002197
-0.008179,-0.435669,0.774292
-0.276978,0.184326,0.891235
0.381470,-0.277466,0.947510
-0.543701,-0.000610,0.741211
0.252808,-0.100830,0.972656
0.027466,-0.452637,0.766235
-0.330933,0.158813,0.869507
0.424561,-0.263306,0.961792
-0.511108,0.010742,0.765381
0.161377,0.002563,0.973022
0.069336,-0.462158,0.768799
-0.380981,0.093506,0.811401
0.433838,-0.229614,0.998535
-0.492065,-0.068115,0.732422
0.097656,0.075806,0.992554
0.102905,-0.454712,0.805176
-0.468018,0.101074,0.806274
0.455566,-0.246704,1.005981
-0.417847,-0.069092,0.761230
0.009399,0.140259,0.982178
0.170898,-0.441162,0.812012
-0.523315,0.092773,0.779419
0.446777,-0.214722,1.017578
-0.339722,-0.174561,0.747314
-0.050415,0.179932,0.997681
0.238037,-0.411865,0.862305
-0.569458,0.077637,0.758179
0.444214,-0.232788,1.014160
-0.226318,-0.228516,0.778687
-0.128540,0.217041,0.971558
0.276978,-0.347534,0.897827
-0.573975,0.052734,0.744629
0.420166,-0.200928,1.033936
-0.145020,-0.309692,0.773438
-0.200806,0.204834,0.932129
0.333618,-0.335938,0.923584
-0.559204,0.036865,0.753540
0.362183,-0.128662,1.031250
-0.073242,-0.398315,0.762329
-0.252930,0.174683,0.893799
0.375122,-0.332275,0.931641
-0.556030,0.010132,0.735718
0.307251,-0.060059,1.019409
-0.003052,-0.436401,0.757568
-0.320679,0.174072,0.862305
0.395142,-0.319824,0.944458
-0.537842,-0.047729,0.733765
0.215576,-0.021729,0.989746
0.036133,-0.444214,0.769287
-0.396484,0.157349,0.837891
0.425537,-0.280640,0.971436
-0.492554,-0.044556,0.747559
0.111816,0.071289,0.999023
0.089478,-0.449219,0.779175
-0.471313,0.147095,0.809692
0.439575,-0.250610,0.988281
-0.416626,-0.109741,0.758545
0.024414,0.133545,0.985107
0.166992,-0.437256,0.826172
-0.543091,0.125610,0.777344
0.440552,-0.187866,1.026733
-0.318604,-0.175293,0.749634
-0.069336,0.205811,0.999390
0.255615,-0.404419,0.874146
-0.581299,0.069702,0.750244
0.416382,-0.161255,1.029297
-0.206177,-0.271484,0.762207
-0.153320,0.211304,0.954102
0.323486,-0.364014,0.915527
-0.592285,0.073364,0.746582
0.387817,-0.135620,1.034790
-0.083374,-0.345703,0.772217
-0.238037,0.214844,0.912842
0.351562,-0.316162,0.913330
-0.570801,0.025024,0.751099
0.327271,-0.116089,1.013428
-0.032349,-0.414673,0.758789
-0.298584,0.179932,0.861328
0.387207,-0.264648,0.948975
-0.542969,0.022583,0.738037
0.205444,-0.034180,0.981201
0.016724,-0.451172,0.766846
-0.381958,0.142700,0.844849
0.422363,-0.245850,0.972900
-0.508667,0.003418,0.743164
0.098511,0.084717,0.988159
0.100220,-0.425659,0.800293
-0.495850,0.144653,0.811890
0.426147,-0.210205,1.000122
-0.406860,-0.116577,0.748169
0.023315,0.162354,1.001221
0.185913,-0.399292,0.843018
-0.575073,0.138306,0.774048
0.416992,-0.205566,1.012329
-0.234741,-0.261108,0.766602
-0.095215,0.206055,0.978149
0.259644,-0.360962,0.871826
-0.599976,0.141724,0.770386
0.406372,-0.144165,1.036743
-0.111572,-0.361328,0.761475
-0.200684,0.187744,0.923706
0.315186,-0.329590,0.902588
-0.590454,0.081787,0.744507
0.361938,-0.113770,1.026978
-0.056641,-0.398560,0.750000
-0.284668,0.192139,0.877197
0.383057,-0.305054,0.930176
-0.563721,0.019897,0.732056
0.256470,-0.035156,0.989868
0.005249,-0.453735,0.753784
-0.386841,0.178101,0.841675
0.398560,-0.261719,0.957764
-0.503296,-0.031982,0.742920
0.134277,0.046631,0.987183
0.056885,-0.431274,0.783691
-0.482422,0.173462,0.823486
0.436035,-0.235229,0.989624
-0.444458,-0.084839,0.748169
0.027954,0.147705,0.996704
0.137695,-0.417603,0.818359
-0.540039,0.150757,0.792847
0.425903,-0.182739,1.005859
-0.320312,-0.183716,0.750977
-0.045044,0.200806,0.994385
0.228149,-0.390869,0.858398
-0.597656,0.127808,0.765381
0.423218,-0.166992,1.036743
-0.207153,-0.271240,0.756592
-0.145996,0.209106,0.956177
0.287720,-0.355591,0.896362
-0.609497,0.097168,0.745850
0.397827,-0.123657,1.046753
-0.110474,-0.378906,0.753540
-0.235229,0.213013,0.921265
0.335815,-0.328735,0.905762
-0.579834,0.075928,0.749268
0.325562,-0.088257,1.015015
-0.057129,-0.397217,0.753052
-0.307617,0.182495,0.875122
0.391479,-0.299805,0.952148
-0.572144,0.033203,0.723877
0.218628,-0.006592,0.995239
-0.020142,-0.420532,0.751465
-0.398682,0.187256,0.857910
0.424072,-0.292969,0.958740
-0.525391,-0.035278,0.738403
0.102051,0.076904,0.986572
0.063354,-0.417358,0.787842
-0.494385,0.185059,0.845581
0.432251,-0.239136,0.991089
-0.421753,-0.095093,0.757446
0.001587,0.181641,0.988647
0.156494,-0.402222,0.834839
-0.563965,0.150391,0.796753
0.434937,-0.202393,1.013550
-0.309937,-0.179199,0.751465
-0.080933,0.210083,0.979126
0.230835,-0.355957,0.871826
-0.600830,0.097290,0.758301
0.418213,-0.181030,1.032593
-0.189453,-0.312622,0.749023
-0.167358,0.198975,0.936035
0.303711,-0.329956,0.894043
-0.614014,0.111328,0.748413
0.365967,-0.120117,1.035889
-0.106323,-0.386963,0.739868
-0.281494,0.173218,0.886597
0.354248,-0.319214,0.921631
-0.577026,0.034912,0.732422
0.288574,-0.037842,1.029053
-0.047607,-0.419556,0.749878
-0.384644,0.175537,0.856689
0.388062,-0.283691,0.953003
-0.545898,-0.022217,0.719116
0.156982,0.020142,0.996948
0.034302,-0.416016,0.782471
-0.493042,0.220947,0.838257
0.409302,-0.238403,0.972046
-0.434204,-0.086792,0.750000
0.019775,0.106689,0.989868
0.145874,-0.419922,0.836060
-0.573120,0.169922,0.799316
0.421387,-0.186401,1.004761
-0.318237,-0.178711,0.738403
-0.087769,0.203247,0.971802
0.253906,-0.370483,0.887085
-0.603149,0.096313,0.762085
0.382202,-0.151367,1.018555
-0.189819,-0.325073,0.717285
-0.185303,0.204590,0.934692
0.327148,-0.352539,0.898193
-0.604492,0.115845,0.759277
0.342163,-0.118652,1.021362
-0.120117,-0.385132,0.736206
-0.295654,0.180908,0.891602
0.369629,-0.331909,0.926514
-0.584595,0.048218,0.742432
0.252808,-0.049072,1.006348
-0.040649,-0.421509,0.754395
-0.403320,0.190430,0.867798
0.387939,-0.278320,0.945435
-0.522583,-0.006958,0.750977
0.112671,0.067871,0.988525
0.035400,-0.418335,0.782715
-0.490356,0.168457,0.840698
0.421631,-0.249390,0.988770
-0.458496,-0.083862,0.722778
0.011841,0.168823,0.989624
0.161133,-0.380249,0.854004
-0.576050,0.127930,0.783325
0.408447,-0.216675,1.003052
-0.315186,-0.211792,0.733643
-0.071777,0.200195,0.979248
0.231079,-0.359009,0.867432
-0.614502,0.121826,0.781006
0.390747,-0.194458,1.018066
-0.217041,-0.335693,0.713135
-0.157227,0.189941,0.951294
0.300781,-0.350098,0.890259
-0.625000,0.119019,0.765625
0.365356,-0.165405,1.006104
-0.146851,-0.380249,0.739502
-0.275757,0.140015,0.890625
0.345459,-0.333862,0.916748
-0.583374,0.052490,0.748779
0.286743,-0.050537,1.015137
-0.080688,-0.397095,0.741577
-0.391235,0.182251,0.860229
0.383179,-0.310303,0.949951
-0.544800,-0.054565,0.711670
0.187866,0.007324,1.015381
-0.015503,-0.402466,0.769165
-0.480469,0.221191,0.857910
0.398071,-0.288208,0.967896
-0.479736,-0.104492,0.734985
0.077026,0.073608,0.992065
0.077759,-0.383911,0.826660
-0.542114,0.201416,0.819702
0.400757,-0.234497,0.985352
-0.390503,-0.172607,0.743042
-0.023071,0.104004,0.971802
0.189941,-0.417236,0.858887
-0.596191,0.155640,0.781006
0.399658,-0.172241,1.013550
-0.261597,-0.259888,0.742920
-0.142700,0.174194,0.946045
0.262817,-0.412964,0.885742
-0.591919,0.071045,0.755981
0.387451,-0.152222,1.036621
-0.193970,-0.327271,0.719116
-0.277344,0.193970,0.908203
0.348633,-0.369751,0.925293
-0.579468,0.031006,0.755249
0.315796,-0.086914,1.035889
-0.133179,-0.369507,0.723267
-0.345581,0.183838,0.886475
0.377441,-0.367432,0.927490
-0.554810,-0.029663,0.735962
0.216675,-0.030884,1.025757
-0.044800,-0.380615,0.772461
-0.444702,0.233765,0.870972
0.393311,-0.299438,0.960938
-0.511475,-0.122192,0.719727
0.083862,0.015625,0.979370
0.074341,-0.422607,0.819092
-0.542114,0.195068,0.827026
0.412842,-0.226440,0.990601
-0.413086,-0.123535,0.750488
-0.025024,0.125854,0.980835
0.193970,-0.423218,0.861572
-0.581177,0.128784,0.796509
0.419434,-0.195557,1.026367
-0.286377,-0.250732,0.731812
-0.150269,0.194092,0.953857
0.277100,-0.375977,0.902100
-0.602539,0.053833,0.753540
0.387573,-0.194214,1.022217
-0.189209,-0.346313,0.731934
-0.248169,0.187622,0.928345
0.325317,-0.331299,0.920410
-0.597412,0.015137,0.732544
0.333008,-0.132324,1.037964
-0.125732,-0.386841,0.736938
-0.334229,0.156250,0.881836
0.368774,-0.326050,0.940918
-0.572998,-0.014648,0.728760
0.239258,-0.068115,1.018799
-0.050781,-0.407959,0.774414
-0.415283,0.181030,0.874756
0.396362,-0.281250,0.980225
-0.540283,-0.076782,0.702148
0.116943,0.016602,1.000977
0.052612,-0.410645,0.820679
-0.488281,0.158447,0.846191
0.415405,-0.250854,1.010986
-0.459839,-0.126709,0.736328
0.004883,0.129272,0.985962
0.154907,-0.393799,0.863525
-0.551392,0.094604,0.811523
0.423950,-0.234375,1.026123
-0.343750,-0.233521,0.724365
-0.069946,0.161987,0.973267
0.222778,-0.387695,0.861572
-0.576538,0.062500,0.767456
0.418457,-0.214722,1.033569
-0.240234,-0.337769,0.714600
-0.158447,0.169800,0.945190
0.280029,-0.370605,0.892944
-0.592529,0.034424,0.740356
0.403687,-0.211182,1.039673
-0.189087,-0.369263,0.724487
-0.234741,0.169189,0.937744
0.321777,-0.342407,0.924438
-0.602783,0.043701,0.750366
0.359131,-0.179932,1.035156
-0.125610,-0.388062,0.755249
-0.295898,0.151855,0.905762
0.343994,-0.322632,0.937378
-0.587646,0.039307,0.749146
0.301147,-0.134888,1.029785
-0.069214,-0.409180,0.779419
-0.371582,0.176392,0.887817
0.390991,-0.296265,0.976685
-0.545776,-0.006714,0.727539
0.200562,-0.030029,1.029907
0.008179,-0.394165,0.814697
-0.436035,0.154663,0.878906
0.405029,-0.276001,0.995972
-0.499023,-0.101196,0.728149
0.106567,0.035278,1.010010
0.089600,-0.403198,0.848022
-0.512329,0.148804,0.844482
0.428223,-0.253418,1.020020
-0.441650,-0.162720,0.721924
0.020874,0.090088,0.998901
0.178955,-0.424561,0.866455
-0.545776,0.127075,0.821167
0.441772,-0.238525,1.029541
-0.319214,-0.227539,0.751465
-0.054443,0.145752,0.980957
0.226440,-0.367065,0.893799
-0.573608,0.039795,0.758789
0.436646,-0.240479,1.040161
-0.241089,-0.323486,0.737061
-0.123901,0.143921,0.968628
0.286621,-0.397583,0.893188
-0.583008,0.046997,0.764648
0.415405,-0.204956,1.040039
-0.185913,-0.343506,0.741211
-0.200806,0.144897,0.960571
0.325195,-0.363892,0.932983
-0.574707,0.018555,0.770386
0.393066,-0.190918,1.056763
-0.151001,-0.338135,0.769653
-0.266846,0.149170,0.932983
0.368286,-0.335693,0.964478
-0.571533,-0.017700,0.745972
0.341553,-0.141724,1.060547
-0.110352,-0.355347,0.788818
-0.323486,0.156616,0.909546
0.410400,-0.343018,0.976562
-0.538818,-0.001831,0.763184
0.260986,-0.080688,1.047852
-0.051880,-0.379883,0.815308
-0.377075,0.149658,0.895020
0.420532,-0.295532,1.015259
-0.502563,-0.057617,0.735474
0.208008,0.009155,1.061890
0.031616,-0.388916,0.844482
-0.436646,0.165405,0.901611
0.439453,-0.297119,1.013306
-0.470825,-0.112549,0.745361
0.147583,0.056885,1.053955
0.094604,-0.401001,0.854858
-0.469360,0.149780,0.872314
0.440796,-0.281250,1.015137
-0.441772,-0.176147,0.735962
0.092651,0.056152,1.041504
0.161377,-0.401978,0.866577
-0.506348,0.152832,0.860229
0.461670,-0.262695,1.044067
-0.354492,-0.218262,0.776978
0.010010,0.085449,1.010254
0.224365,-0.417358,0.890137
-0.516968,0.099609,0.811523
0.467773,-0.209473,1.077637
-0.283325,-0.249512,0.774780
-0.053345,0.113037,0.987793
0.283447,-0.407227,0.912964
-0.525513,0.052368,0.790894
0.459961,-0.184204,1.083496
-0.202637,-0.292847,0.778198
-0.151855,0.166260,0.974854
0.338623,-0.419800,0.930420
-0.515137,-0.010498,0.786865
0.437378,-0.143921,1.093872
-0.166748,-0.272095,0.786621
-0.225464,0.168213,0.961670
0.380005,-0.379272,0.969360
-0.530518,-0.052490,0.765869
0.390381,-0.124512,1.103760
-0.089478,-0.314697,0.806763
-0.297363,0.190918,0.953125
0.417114,-0.319458,1.001343
-0.523193,-0.069458,0.759888
0.329712,-0.130127,1.085571
-0.016479,-0.375610,0.831055
-0.334717,0.161865,0.923340
0.437378,-0.274170,1.024414
-0.484009,-0.091797,0.749023
0.239502,-0.046875,1.092163
0.077026,-0.426514,0.867432
-0.403687,0.152588,0.911377
0.458618,-0.252808,1.060669
-0.431396,-0.160645,0.758179
0.130371,0.028564,1.056274
0.172119,-0.423462,0.898071
-0.455688,0.128906,0.882446
0.490479,-0.223755,1.079712
-0.365723,-0.186401,0.776001
0.034790,0.101685,1.034302
0.249634,-0.412720,0.916870
-0.476807,0.062866,0.852905
0.494751,-0.195312,1.112549
-0.249023,-0.278320,0.787109
-0.056030,0.129761,1.006958
0.308716,-0.410767,0.926758
-0.482300,0.014404,0.815918
0.481689,-0.163452,1.120117
-0.156006,-0.288452,0.791138
-0.146851,0.159302,0.994873
0.371826,-0.365723,0.971313
-0.502075,-0.045044,0.788574
0.445190,-0.149658,1.122803
-0.097900,-0.327759,0.810669
-0.236694,0.196655,0.992920
0.432007,-0.326904,1.012573
-0.505005,-0.053467,0.789429
0.359741,-0.119751,1.114014
-0.004883,-0.369019,0.846313
-0.276245,0.168823,0.959839
0.448608,-0.280884,1.042480
-0.467896,-0.077026,0.779419
0.272705,-0.058105,1.096558
0.086426,-0.389526,0.881714
-0.362183,0.162476,0.941406
0.485840,-0.231689,1.087891
-0.410645,-0.144897,0.780640
0.146729,0.034058,1.072632
0.203491,-0.420654,0.923706
-0.427979,0.115234,0.894287
0.505859,-0.215332,1.107422
-0.314941,-0.203491,0.804199
0.026611,0.105591,1.039917
0.287964,-0.377563,0.943115
-0.465332,0.040161,0.843750
0.511841,-0.189697,1.136719
-0.166260,-0.322388,0.806885
-0.074707,0.139404,1.013794
0.336060,-0.354858,0.955200
-0.468140,-0.013062,0.806519
0.481323,-0.162842,1.146851
-0.068359,-0.342896,0.833618
-0.189697,0.190063,1.008789
0.406982,-0.330811,0.999878
-0.492432,-0.046997,0.792847
0.416382,-0.128784,1.133423
-0.007324,-0.347656,0.864990
-0.252808,0.200439,0.988770
0.462524,-0.280151,1.052979
-0.457153,-0.101807,0.785767
0.309692,-0.058838,1.126343
0.080811,-0.386719,0.881836
-0.322632,0.161255,0.958740
0.498291,-0.258911,1.088135
-0.379883,-0.178101,0.799927
0.189819,0.030396,1.103760
0.179199,-0.399414,0.922363
-0.411377,0.117188,0.899536
0.533936,-0.240845,1.127441
-0.306519,-0.224365,0.802246
0.069824,0.127319,1.072998
0.272217,-0.394409,0.939331
-0.438599,0.047729,0.861084
0.536255,-0.196167,1.155396
-0.196533,-0.278076,0.826660
-0.043213,0.172607,1.048706
0.352051,-0.398071,0.954956
-0.461182,0.011108,0.839111
0.518066,-0.184448,1.152710
-0.084717,-0.338623,0.842163
-0.115845,0.192505,1.056396
0.398071,-0.324829,1.003662
-0.492554,-0.015869,0.813843
0.459229,-0.176514,1.148193
-0.034668,-0.362549,0.864868
-0.177734,0.195190,1.045166
0.459595,-0.296997,1.060913
-0.502441,-0.013672,0.802368
0.386230,-0.105103,1.138672
0.078735,-0.379150,0.897705
-0.278320,0.190430,0.998657
0.498169,-0.262817,1.098633
-0.428101,-0.098877,0.791016
0.278687,-0.015259,1.130005
0.142212,-0.404663,0.900513
-0.325195,0.143188,0.949585
0.536865,-0.245605,1.131104
-0.351440,-0.187134,0.807129
0.147949,0.084106,1.097046
0.235962,-0.406616,0.942139
-0.396484,0.079590,0.901733
0.544434,-0.221069,1.154541
-0.257446,-0.239380,0.836426
0.051758,0.135376,1.076294
0.307861,-0.377930,0.960083
-0.453247,0.059082,0.853271
0.557373,-0.225830,1.157104
-0.123901,-0.298462,0.880981
-0.052979,0.185425,1.065430
0.364624,-0.347290,0.989136
-0.465088,-0.000854,0.824951
0.518433,-0.186890,1.165161
-0.033691,-0.337891,0.880737
-0.122681,0.205078,1.069092
0.415283,-0.329102,1.016846
-0.478271,-0.009033,0.822510
0.452637,-0.132935,1.155029
0.003784,-0.356567,0.897827
-0.192139,0.197266,1.062378
0.482910,-0.299561,1.080078
-0.471191,-0.017334,0.815918
0.370361,-0.052856,1.158081
0.082642,-0.380737,0.913330
-0.250854,0.175537,1.022339
0.515747,-0.269165,1.118042
-0.402100,-0.101929,0.808594
0.282227,0.024048,1.152954
0.171753,-0.396118,0.925293
-0.322388,0.114868,0.953369
0.541626,-0.254272,1.144043
-0.339966,-0.188965,0.827515
0.164917,0.100586,1.113403
0.231079,-0.416748,0.933594
-0.394897,0.073975,0.903564
0.577026,-0.219971,1.182861
-0.262817,-0.271484,0.821167
0.062378,0.166870,1.107422
0.310669,-0.389648,0.963623
-0.439453,0.048096,0.878662
0.569214,-0.241089,1.168457
-0.167725,-0.286865,0.864380
-0.131958,0.206543,1.067139
0.377930,-0.385620,0.981567
-0.472046,-0.008789,0.818848
0.436157,-0.139893,1.137451
-0.072876,-0.344482,0.870972
-0.165527,0.150513,1.042114
0.481689,-0.316895,1.068848
-0.471436,-0.033813,0.792603
0.370850,-0.064331,1.124634
0.079224,-0.392578,0.896484
-0.241455,0.167114,1.015381
0.510620,-0.272949,1.100098
-0.446411,-0.058960,0.808228
0.312500,-0.051147,1.110596
0.132690,-0.449829,0.904053
-0.299561,0.147949,0.987061
0.544922,-0.257690,1.126465
-0.403931,-0.077759,0.818481
0.222168,0.047485,1.108887
0.206665,-0.457397,0.929321
-0.336548,0.094238,0.937988
0.527466,-0.255249,1.118652
-0.360718,-0.156494,0.817505
0.169067,0.072388,1.089233
0.253540,-0.435547,0.935669
-0.401245,0.085205,0.879272
0.536133,-0.229370,1.121216
-0.287598,-0.195068,0.825317
0.079102,0.135864,1.072510
0.304688,-0.455566,0.937622
-0.438843,0.055786,0.851440
0.520630,-0.233276,1.122437
-0.223511,-0.236572,0.841064
0.012573,0.187012,1.080444
0.332031,-0.387207,0.964722
-0.459106,0.058960,0.841919
0.516846,-0.202393,1.131348
-0.143799,-0.287354,0.854858
-0.065552,0.177368,1.058960
0.371094,-0.370117,0.988647
-0.468628,0.004395,0.812866
0.476562,-0.131836,1.151733
-0.051270,-0.333252,0.860596
-0.142334,0.187378,1.044434
0.418579,-0.382080,1.009277
-0.466553,-0.031616,0.807373
0.430176,-0.077148,1.146118
0.028931,-0.347168,0.879272
-0.196533,0.205078,1.027344
0.459595,-0.382446,1.025146
-0.444336,-0.099731,0.781616
0.366333,-0.052612,1.112793
0.066162,-0.374878,0.868042
-0.251465,0.185181,0.985229
0.489380,-0.322021,1.058228
-0.419678,-0.148315,0.794312
0.289551,-0.036987,1.083740
0.106445,-0.384155,0.880249
-0.300537,0.153198,0.941406
0.504395,-0.265137,1.080444
-0.388794,-0.186768,0.784180
0.192505,-0.001221,1.067017
0.192505,-0.432617,0.896606
-0.365967,0.119141,0.892090
0.520752,-0.243652,1.093140
-0.325928,-0.191040,0.805298
0.090210,0.068237,1.051514
0.257568,-0.451050,0.908203
-0.404663,0.058960,0.853271
0.511597,-0.228027,1.098389
-0.255737,-0.196411,0.838257
-0.029785,0.136108,1.035767
0.331909,-0.447144,0.948608
-0.450684,0.015137,0.822144
0.463501,-0.146362,1.115845
-0.146973,-0.229614,0.864746
-0.114136,0.183350,1.033447
0.394287,-0.411499,0.979248
-0.474976,-0.060913,0.776367
0.413086,-0.103271,1.120361
0.003662,-0.333740,0.868164
-0.204468,0.196655,1.003662
0.440674,-0.363892,1.008301
-0.447876,-0.113770,0.771729
0.322144,-0.070312,1.086060
0.082642,-0.391602,0.853760
-0.269653,0.149902,0.954956
0.485352,-0.297607,1.044067
-0.424561,-0.131714,0.789307
0.186401,-0.016479,1.036499
0.153198,-0.442017,0.862061
-0.351562,0.068237,0.875122
0.504639,-0.220947,1.093384
-0.327026,-0.152466,0.812622
0.030640,0.151367,1.049194
0.292480,-0.500122,0.892578
-0.470337,0.008667,0.808960
0.479126,-0.210693,1.107788
-0.205078,-0.220703,0.829590
-0.092651,0.193115,1.032715
0.364746,-0.399292,0.958740
-0.501465,-0.005127,0.786743
0.412842,-0.137207,1.104126
0.002319,-0.399658,0.838623
-0.200195,0.192017,0.997437
0.402954,-0.315796,0.990723
-0.474854,-0.080322,0.756714
0.307129,-0.090820,1.060547
0.090332,-0.456543,0.844849
-0.294189,0.124512,0.925293
0.453735,-0.282471,1.035034
-0.417480,-0.114136,0.772705
0.166992,0.039673,1.052124
0.177612,-0.432495,0.874146
-0.400513,0.074219,0.880127
0.492920,-0.290283,1.066284
-0.357544,-0.203003,0.768555
0.043823,0.133911,1.045776
0.265015,-0.471802,0.897095
-0.461426,0.051270,0.810791
0.461304,-0.239502,1.059448
-0.253906,-0.235962,0.808350
-0.040771,0.144165,1.029785
0.323486,-0.432983,0.934448
-0.501831,0.000244,0.779785
0.428833,-0.175049,1.083008
-0.130981,-0.337891,0.802734
-0.144531,0.177856,1.011963
0.383179,-0.380859,0.972656
-0.496704,-0.017578,0.769043
0.384277,-0.125854,1.077637
-0.021973,-0.398071,0.819092
-0.218750,0.141602,0.954712
0.430054,-0.358398,0.994385
-0.471802,-0.100464,0.763916
0.301636,-0.046509,1.064697
0.043213,-0.431641,0.813477
-0.299072,0.144165,0.910645
0.472534,-0.336426,1.004639
-0.441162,-0.125488,0.769897
0.210327,-0.015747,1.040039
0.094360,-0.444458,0.810303
-0.378662,0.099976,0.851074
0.489868,-0.290527,1.051636
-0.400879,-0.149170,0.768311
0.130859,0.047974,1.041504
0.165161,-0.456177,0.829834
-0.431152,0.095581,0.817627
0.482788,-0.306152,1.031738
-0.362549,-0.216919,0.761108
0.048218,0.074707,1.010864
0.233398,-0.447021,0.861328
-0.471191,0.068604,0.790161
0.476562,-0.257935,1.052246
-0.291382,-0.273193,0.776489
-0.049683,0.116821,1.001831
0.282349,-0.438599,0.894531
-0.498779,0.042603,0.765503
0.438110,-0.201050,1.057373
-0.186890,-0.238281,0.829224
-0.118896,0.139038,0.995728
0.337646,-0.442017,0.917358
-0.518066,0.021484,0.762939
0.400635,-0.123047,1.069702
-0.094238,-0.296997,0.815552
-0.190674,0.159180,0.979614
0.392822,-0.432861,0.941895
-0.503662,-0.041016,0.751099
0.329224,-0.069824,1.047485
0.008789,-0.394287,0.808960
-0.265991,0.141846,0.931519
0.425659,-0.378540,0.977905
-0.499146,-0.089844,0.740601
0.242065,-0.047363,1.010010
0.090332,-0.458130,0.799927
-0.354858,0.126465,0.863770
0.459595,-0.297729,1.012695
-0.435181,-0.160889,0.745972
0.120117,0.042725,1.010132
0.133057,-0.462036,0.802124
-0.425049,0.083252,0.832520
0.474243,-0.293945,1.029785
-0.377319,-0.206787,0.749268
0.013550,0.086426,0.989624
0.226929,-0.473389,0.839844
-0.476196,0.059692,0.777344
0.453491,-0.229980,1.047852
-0.274902,-0.188232,0.801880
-0.087891,0.151733,1.006958
0.298950,-0.466431,0.891235
-0.534058,0.029419,0.760742
0.414551,-0.169556,1.058228
-0.130127,-0.270508,0.814697
-0.188965,0.193970,0.981934
0.354004,-0.428711,0.923828
-0.520386,-0.026367,0.749756
0.369019,-0.125000,1.045654
-0.015503,-0.367676,0.812256
-0.260010,0.183472,0.929565
0.393555,-0.343262,0.965576
-0.498657,-0.128662,0.739624
0.270386,-0.097168,1.016968
0.053223,-0.470703,0.776123
-0.330566,0.165283,0.879639
0.429810,-0.308960,0.979614
-0.470581,-0.079834,0.763550
0.155029,-0.022095,0.997559
0.096069,-0.488770,0.789185
-0.405884,0.071655,0.810059
0.456055,-0.250854,1.026733
-0.421875,-0.119873,0.755615
0.038208,0.091919,0.997437
0.204224,-0.501953,0.829468
-0.477539,0.029053,0.767090
0.452515,-0.226196,1.040894
-0.303833,-0.201416,0.770386
-0.074951,0.162231,0.998779
0.272339,-0.455444,0.874146
-0.529541,0.003174,0.740479
0.424316,-0.184570,1.056152
-0.177002,-0.280396,0.785889
-0.155640,0.220337,0.989746
0.340210,-0.382690,0.923584
-0.554688,0.019165,0.755981
0.377686,-0.179199,1.032104
-0.065186,-0.379761,0.796631
-0.212891,0.183960,0.941772
0.367310,-0.348389,0.950684
-0.552002,-0.035645,0.730225
0.328125,-0.121826,1.023071
0.014771,-0.447021,0.780151
-0.297729,0.161743,0.890015
0.409058,-0.332764,0.963867
-0.515869,-0.091797,0.719727
0.239868,-0.057617,1.002930
0.062866,-0.475342,0.778931
-0.360596,0.132690,0.839111
0.435547,-0.309937,0.969360
-0.479004,-0.085815,0.740845
0.133545,0.015015,0.988525
0.103638,-0.480591,0.796875
-0.429810,0.093018,0.814819
0.444580,-0.272095,0.991821
-0.419067,-0.131470,0.751343
0.044678,0.096924,0.995605
0.177246,-0.492554,0.810059
-0.500977,0.076782,0.766968
0.445190,-0.228516,1.030640
-0.326782,-0.190674,0.765259
-0.035522,0.157104,1.006470
0.244629,-0.442993,0.856934
-0.566284,0.087769,0.745972
0.442627,-0.245239,1.027466
-0.219360,-0.249512,0.792847
-0.133667,0.175293,0.976929
0.299561,-0.390503,0.910645
-0.563965,0.060303,0.742554
0.393799,-0.151123,1.043823
-0.096680,-0.348022,0.796509
-0.205444,0.190430,0.956787
0.347290,-0.394653,0.915527
-0.541992,0.011230,0.755493
0.345093,-0.107544,1.026855
-0.024658,-0.390625,0.781128
-0.282471,0.170166,0.891235
0.391968,-0.364380,0.941528
-0.522827,-0.041382,0.740967
0.261963,-0.060425,1.004761
0.042480,-0.448730,0.770264
-0.374023,0.173218,0.849731
0.424927,-0.314453,0.955200
-0.484985,-0.099854,0.743530
0.144775,-0.021606,0.980347
0.083862,-0.455200,0.790405
-0.438110,0.134033,0.810913
0.439941,-0.247314,0.990356
-0.415527,-0.116699,0.763184
0.018311,0.111572,0.980469
0.172485,-0.462769,0.823364
-0.501831,0.076538,0.785889
0.451538,-0.227173,1.023804
-0.327148,-0.182983,0.764038
-0.076538,0.193970,0.994141
0.258911,-0.425537,0.862793
-0.556641,0.049194,0.743774
0.422241,-0.198975,1.038452
-0.183838,-0.284546,0.774292
-0.167480,0.206421,0.962036
0.317017,-0.370239,0.908203
-0.558594,0.038452,0.750854
0.375244,-0.150879,1.029053
-0.066284,-0.360107,0.789429
-0.237915,0.186646,0.913940
0.360474,-0.346069,0.931519
-0.553223,-0.002563,0.746338
0.324951,-0.110352,1.009033
-0.011475,-0.425171,0.771973
-0.315552,0.164429,0.862427
0.406250,-0.299683,0.966553
-0.525879,-0.067749,0.729736
0.200073,-0.043823,0.985474
0.049194,-0.464844,0.765137
-0.379639,0.115356,0.826050
0.428711,-0.275024,0.972046
-0.490356,-0.069702,0.738647
0.093140,0.050293,0.974487
0.118652,-0.473389,0.797729
-0.471313,0.105225,0.793457
0.433105,-0.197754,1.006348
-0.386719,-0.122314,0.751099
-0.010132,0.148926,0.984253
0.220215,-0.468506,0.841431
-0.550171,0.084229,0.759521
0.429321,-0.174683,1.025635
-0.261108,-0.185791,0.773682
-0.116821,0.202881,0.967285
0.288696,-0.385620,0.895874
-0.569458,0.039551,0.748169
0.395630,-0.170288,1.033813
-0.126221,-0.306396,0.793335
-0.200195,0.229370,0.939697
0.343872,-0.323120,0.920654
-0.569580,0.020142,0.739380
0.330566,-0.104370,1.028320
-0.032837,-0.445435,0.750244
-0.285034,0.175293,0.883911
0.396729,-0.312622,0.944336
-0.551270,0.028931,0.739502
0.227295,-0.041382,0.989624
0.035645,-0.473145,0.758545
-0.374756,0.144043,0.844727
0.421143,-0.251099,0.981934
-0.500610,-0.020996,0.742065
0.104614,0.065308,0.995117
0.126221,-0.483276,0.793335
-0.479492,0.146484,0.813477
0.424805,-0.195923,0.996704
-0.383789,-0.116821,0.765747
-0.013428,0.163940,0.988892
0.205933,-0.417480,0.854248
-0.561035,0.099121,0.761963
0.424316,-0.197998,1.011230
-0.246826,-0.229492,0.761963
-0.101074,0.206665,0.981445
0.271362,-0.368896,0.880615
-0.595947,0.062134,0.746216
0.412598,-0.160645,1.041504
-0.118774,-0.308838,0.766968
-0.183838,0.204346,0.937256
0.328125,-0.326660,0.913696
-0.576294,0.034790,0.745117
0.346558,-0.127563,1.011963
-0.049927,-0.390625,0.759399
-0.277466,0.182129,0.876465
0.384521,-0.298584,0.937622
-0.546265,-0.005615,0.729248
0.252563,-0.048950,0.984375
0.002197,-0.422363,0.757812
-0.348022,0.129395,0.835815
0.423096,-0.261230,0.969604
-0.517456,-0.031372,0.733765
0.153076,0.034180,0.987671
0.063232,-0.429932,0.781006
-0.444214,0.138428,0.813232
0.435547,-0.234985,0.990723
-0.456299,-0.073608,0.745850
0.055786,0.149780,1.011230
0.140991,-0.426880,0.822144
-0.534912,0.137085,0.792725
0.434448,-0.224487,1.000488
-0.356812,-0.154785,0.749512
-0.020386,0.210571,0.999878
0.217651,-0.389526,0.867065
-0.567871,0.098267,0.762207
0.425049,-0.196411,1.029419
-0.239136,-0.250610,0.756714
-0.119995,0.226929,0.959961
0.282227,-0.367676,0.888428
-0.582886,0.082886,0.749023
0.399658,-0.141846,1.035889
-0.127686,-0.338379,0.762451
-0.212891,0.214966,0.936646
0.331787,-0.351318,0.910034
-0.575073,0.068848,0.751953
0.351562,-0.097656,1.024048
-0.061401,-0.377563,0.763916
-0.269531,0.204346,0.902710
0.365967,-0.310669,0.923706
-0.563477,0.025757,0.731079
0.280884,-0.074585,0.995850
-0.015747,-0.439697,0.743896
-0.339600,0.204224,0.873901
0.407593,-0.281982,0.932251
-0.537720,0.041504,0.740967
0.170410,-0.007324,0.976318
0.039917,-0.449463,0.754395
-0.424438,0.187622,0.838989
0.425415,-0.228516,0.979492
-0.481079,-0.044067,0.746338
0.069580,0.085815,0.993652
0.113525,-0.435181,0.810303
-0.515137,0.152954,0.810547
0.440918,-0.197510,1.005005
-0.356079,-0.109741,0.768799
-0.047729,0.198975,0.986816
0.223022,-0.406250,0.865234
-0.572754,0.107178,0.766846
0.423096,-0.165649,1.030518
-0.236084,-0.230225,0.759277
-0.130737,0.217651,0.963379
0.302490,-0.389282,0.900269
-0.597778,0.092285,0.748657
0.387695,-0.106934,1.041748
-0.134644,-0.332520,0.750854
-0.234131,0.186523,0.915894
0.357666,-0.368896,0.927490
-0.578125,0.065918,0.761597
0.311646,-0.033691,1.035767
-0.057373,-0.396118,0.741455
-0.339355,0.199463,0.870483
0.405151,-0.332642,0.937622
-0.541992,-0.034180,0.725830
0.198364,0.012451,0.995239
0.020020,-0.413330,0.770020
-0.434937,0.211304,0.847290
0.430176,-0.269653,0.966797
-0.479980,-0.072144,0.756104
0.070068,0.077881,0.981079
0.100098,-0.424072,0.809082
-0.517578,0.167358,0.817993
0.430786,-0.200317,0.999390
-0.377319,-0.126221,0.755005
-0.038086,0.166382,0.977905
0.218994,-0.425781,0.860962
-0.578003,0.129150,0.774902
0.401489,-0.126099,1.025391
-0.214233,-0.274048,0.755981
-0.157471,0.202515,0.942505
0.306519,-0.362549,0.913330
-0.594482,0.083740,0.736450
0.369873,-0.087646,1.043213
-0.105835,-0.376709,0.736084
-0.261230,0.195435,0.905273
0.362061,-0.325195,0.927490
-0.584351,0.049805,0.740356
0.290039,-0.066650,1.019043
-0.041138,-0.422241,0.739380
-0.367676,0.209717,0.862061
0.391602,-0.277100,0.942749
-0.521484,-0.022949,0.729980
0.150391,0.020020,0.989136
0.032593,-0.412354,0.788330
-0.485718,0.192871,0.831421
0.427246,-0.233032,0.983032
-0.419434,-0.082764,0.753418
0.025269,0.176147,0.999878
0.144897,-0.377808,0.839233
-0.569336,0.136475,0.787964
0.427612,-0.207153,1.011230
-0.294189,-0.211426,0.737427
-0.081665,0.210693,0.974976
0.240845,-0.348755,0.872437
-0.601807,0.109131,0.764282
0.406860,-0.171753,1.020020
-0.179810,-0.323608,0.756958
-0.182129,0.187866,0.932373
0.319214,-0.334839,0.904297
-0.617310,0.087891,0.745239
0.358032,-0.134644,1.015747
-0.094360,-0.392944,0.746094
-0.273193,0.183105,0.900024
0.358521,-0.302734,0.920288
-0.580566,0.049805,0.738892
0.260254,-0.057373,0.996094
-0.034668,-0.422729,0.756958
-0.385010,0.178711,0.857910
0.406128,-0.265503,0.963867
-0.534790,0.001709,0.727905
0.134399,0.041260,0.986816
0.047729,-0.404419,0.800049
-0.481323,0.167480,0.826904
0.407104,-0.214966,0.985596
-0.440552,-0.082764,0.744385
0.030029,0.145630,0.997437
0.162109,-0.415771,0.838989
-0.579468,0.182861,0.797974
0.400391,-0.165405,1.012451
-0.294678,-0.211792,0.737793
-0.057983,0.177002,0.985718
0.251587,-0.385864,0.873779
-0.642822,0.135620,0.748169
0.407837,-0.181641,1.018066
-0.170898,-0.325317,0.736938
-0.187134,0.206177,0.938721
0.321045,-0.330933,0.915771
-0.615234,0.078003,0.745483
0.340576,-0.148071,1.007812
-0.097534,-0.396362,0.747070
-0.281006,0.169556,0.885864
0.362671,-0.312012,0.925659
-0.576294,0.075562,0.726929
0.247437,-0.026367,0.991211
-0.036987,-0.382568,0.773926
-0.392578,0.169678,0.866333
0.398560,-0.297241,0.951172
-0.527100,-0.014771,0.724121
0.142578,0.077393,0.993164
0.035278,-0.383179,0.777710
-0.514038,0.211548,0.839844
0.425293,-0.272095,0.976074
-0.433960,-0.135620,0.731323
0.057861,0.103027,1.004150
0.110962,-0.382080,0.823120
-0.566162,0.208862,0.813232
0.422974,-0.208252,0.998779
-0.332275,-0.209351,0.742188
-0.042603,0.128418,0.979126
0.208130,-0.405396,0.858765
-0.615845,0.196167,0.772705
0.408569,-0.171875,1.000244
-0.236694,-0.249878,0.760742
-0.144409,0.157593,0.959839
0.278931,-0.400269,0.888550
-0.615845,0.128418,0.749146
0.382324,-0.114258,1.016602
-0.158447,-0.280640,0.760864
-0.245239,0.192139,0.931396
0.334717,-0.398438,0.905029
-0.610107,0.067871,0.726685
0.338501,-0.060547,1.038696
-0.108521,-0.361206,0.721313
-0.333252,0.205811,0.900757
0.379639,-0.358276,0.942505
-0.593750,-0.001953,0.708252
0.252686,-0.053223,1.011353
-0.036133,-0.408691,0.752686
-0.423340,0.243896,0.883179
0.406494,-0.280396,0.955444
-0.545410,-0.058228,0.711792
0.120117,-0.006226,0.975708
0.044189,-0.409058,0.802490
-0.509521,0.211548,0.828979
0.419678,-0.232056,0.985840
-0.438843,-0.153442,0.740356
0.000366,0.106323,0.983643
0.146729,-0.439453,0.825562
-0.564697,0.182129,0.811646
0.410156,-0.179810,1.002319
-0.316528,-0.194702,0.746338
-0.098511,0.163208,0.954590
0.245850,-0.437012,0.870117
-0.607788,0.084106,0.756348
0.396362,-0.132812,1.043701
-0.204834,-0.324585,0.723145
-0.205688,0.190796,0.938232
0.325073,-0.371216,0.915405
-0.612427,0.046021,0.730835
0.341675,-0.101685,1.036987
-0.121948,-0.390503,0.727417
-0.297241,0.189819,0.898926
0.370605,-0.338379,0.928955
-0.586792,0.034058,0.734985
0.233032,-0.053589,1.004272
-0.066528,-0.411621,0.748413
-0.395752,0.187744,0.876831
0.395142,-0.279785,0.964355
-0.538208,-0.063477,0.716553
0.097778,0.041626,0.979248
0.049561,-0.427002,0.803833
-0.518555,0.197510,0.836182
0.412476,-0.225586,1.006226
-0.420898,-0.100952,0.752319
0.000244,0.138184,0.985107
0.161255,-0.402832,0.845215
-0.596802,0.143188,0.777222
0.424683,-0.206177,1.023560
-0.278687,-0.280029,0.731323
-0.128906,0.180908,0.970459
0.253662,-0.383057,0.873657
-0.607178,0.111206,0.758301
0.392334,-0.162476,1.025391
-0.178101,-0.355469,0.724854
-0.235229,0.170166,0.933716
0.318604,-0.371826,0.899292
-0.611450,0.046753,0.739136
0.328491,-0.133667,1.006226
-0.122070,-0.358521,0.743286
-0.328491,0.177856,0.892456
0.374146,-0.294556,0.961060
-0.565308,-0.023438,0.715820
0.192993,-0.028076,0.991699
-0.034668,-0.400513,0.785400
-0.448364,0.191772,0.864990
0.398560,-0.257690,0.986084
-0.500977,-0.107178,0.721680
0.070068,0.100708,0.999756
0.077271,-0.399170,0.825317
-0.544800,0.166016,0.828735
0.419922,-0.262085,0.997437
-0.390625,-0.165649,0.741699
-0.017578,0.161255,0.996094
0.168457,-0.404053,0.843262
-0.595459,0.125977,0.782593
0.414795,-0.192749,1.028076
-0.291870,-0.247681,0.738525
-0.095825,0.151611,0.970337
0.254395,-0.413696,0.867676
-0.623535,0.101440,0.747192
0.396973,-0.152710,1.032959
-0.180786,-0.355957,0.727661
-0.206787,0.172363,0.949463
0.297485,-0.351196,0.900024
-0.614258,0.056396,0.744751
0.345337,-0.150269,1.022461
-0.138916,-0.386963,0.732544
-0.285278,0.161133,0.916748
0.357910,-0.345459,0.936279
-0.609985,0.048584,0.726685
0.262573,-0.080078,1.009521
-0.070190,-0.390747,0.762085
-0.383789,0.182373,0.888794
0.379517,-0.311401,0.956787
-0.554565,-0.045532,0.712769
0.173828,-0.005615,1.005371
-0.008667,-0.407104,0.785400
-0.482544,0.205078,0.854614
0.414307,-0.288818,0.982056
-0.491943,-0.093506,0.742920
0.053223,0.089355,0.999146
0.103394,-0.441284,0.823975
-0.552979,0.145020,0.808960
0.419678,-0.217529,1.027832
-0.385010,-0.194702,0.718018
-0.039551,0.159058,0.984131
0.194702,-0.410889,0.854370
-0.582520,0.099243,0.786133
0.425171,-0.218262,1.027466
-0.295532,-0.270142,0.723999
-0.120361,0.165649,0.958740
0.265991,-0.387085,0.882324
-0.606323,0.069336,0.761230
0.414551,-0.218994,1.027832
-0.232178,-0.334839,0.715210
-0.179199,0.143188,0.939453
0.296753,-0.345215,0.907837
-0.613037,0.056152,0.718018
0.380371,-0.198853,1.026123
-0.156372,-0.368774,0.751221
-0.274902,0.159790,0.922241
0.336548,-0.346069,0.922241
-0.605591,0.033081,0.726440
0.307861,-0.123413,1.021240
-0.104614,-0.402710,0.753296
-0.333984,0.180176,0.907471
0.374512,-0.322510,0.954346
-0.584473,0.017822,0.724243
0.220581,-0.049194,1.017700
-0.043579,-0.402710,0.785767
-0.418945,0.163818,0.884644
0.404541,-0.309204,0.979980
-0.525879,-0.046875,0.715332
0.119751,0.068726,1.003052
0.040771,-0.372070,0.820312
-0.507080,0.162109,0.851074
0.427002,-0.311523,0.993164
-0.487305,-0.124268,0.714722
0.049927,0.114136,1.011230
0.116455,-0.398193,0.817261
-0.550293,0.153442,0.833374
0.441772,-0.280396,1.005981
-0.393066,-0.225342,0.725464
-0.023438,0.131348,0.994263
0.169434,-0.374023,0.853882
-0.584595,0.113525,0.786743
0.451294,-0.260986,1.039307
-0.289185,-0.319946,0.722046
-0.099854,0.141479,0.963623
0.230225,-0.362671,0.878418
-0.606201,0.088013,0.757080
0.430786,-0.243164,1.037109
-0.218994,-0.358521,0.735107
-0.174316,0.135376,0.945923
0.278442,-0.352173,0.899780
-0.586792,0.049194,0.732178
0.382935,-0.189697,1.034546
-0.175781,-0.369751,0.736572
-0.256348,0.166260,0.940796
0.330322,-0.343384,0.937500
-0.591797,0.024902,0.744629
0.341309,-0.141479,1.042114
-0.132935,-0.380981,0.742065
-0.326538,0.164429,0.905884
0.374634,-0.356201,0.945190
-0.570679,0.024902,0.746338
0.264038,-0.069214,1.036621
-0.074097,-0.368774,0.787476
-0.393311,0.165649,0.876221
0.390503,-0.326050,0.974976
-0.545044,-0.039062,0.730835
0.194580,-0.018555,1.026489
0.008789,-0.410400,0.803955
-0.456177,0.196655,0.877319
0.407471,-0.289673,0.985840
-0.508789,-0.084473,0.743408
0.104370,0.013550,1.007812
0.094238,-0.417480,0.850220
-0.528687,0.160645,0.831543
0.426147,-0.231323,1.026733
-0.411133,-0.175171,0.731934
0.009888,0.109131,1.012085
0.186035,-0.413452,0.871460
-0.561035,0.114746,0.810547
0.466064,-0.195312,1.096191
-0.301147,-0.257935,0.732422
-0.156982,0.172607,0.997925
0.351807,-0.348633,0.955200
-0.519897,-0.011597,0.771606
0.438110,-0.187866,1.102661
-0.112305,-0.343262,0.799683
-0.222046,0.177856,0.985229
0.404297,-0.324707,1.003052
-0.538818,-0.023071,0.769775
0.380615,-0.163940,1.091309
-0.045532,-0.366699,0.824585
-0.282715,0.171631,0.962524
0.432373,-0.298950,1.019897
-0.496216,-0.029663,0.772949
0.284790,-0.086060,1.089111
0.021851,-0.415161,0.859985
-0.351196,0.137085,0.927246
0.468872,-0.284912,1.062256
-0.450684,-0.086182,0.771851
0.184937,0.011475,1.075073
0.125244,-0.431641,0.892090
-0.409424,0.112671,0.899658
0.494751,-0.261841,1.075928
-0.390625,-0.140869,0.788818
0.085083,0.107056,1.050537
0.205200,-0.390259,0.915771
-0.447754,0.046875,0.855225
0.498047,-0.223877,1.108032
-0.294067,-0.245361,0.795410
0.001587,0.141357,1.038086
0.273315,-0.380371,0.918335
-0.482056,0.030151,0.828613
0.497803,-0.216431,1.102905
-0.178345,-0.312866,0.799072
-0.080566,0.152344,1.003662
0.339355,-0.345459,0.953369
-0.504395,-0.003174,0.796387
0.468994,-0.196533,1.111938
-0.116577,-0.365112,0.797119
-0.174194,0.156128,0.990356
0.392090,-0.330322,0.985107
-0.518677,-0.008667,0.782104
0.405762,-0.131836,1.121704
-0.043701,-0.347168,0.842285
-0.271118,0.178833,0.988403
0.438965,-0.318359,1.034180
-0.485596,-0.067749,0.780273
0.305542,-0.091064,1.095093
0.054688,-0.370850,0.869263
-0.340698,0.177490,0.938721
0.480347,-0.257690,1.069580
-0.413208,-0.145508,0.774292
0.187378,-0.003418,1.077759
0.170654,-0.402100,0.920044
-0.433594,0.130249,0.887939
0.510742,-0.217529,1.102539
-0.334961,-0.193359,0.792969
0.058838,0.091309,1.042236
0.275146,-0.402222,0.945801
-0.459961,0.036133,0.836426
0.494751,-0.195312,1.112671
-0.182617,-0.309692,0.803345
-0.055786,0.136475,1.028198
0.338745,-0.366333,0.958130
-0.488892,-0.005981,0.803101
0.470093,-0.175659,1.122803
-0.105347,-0.327393,0.808594
-0.153564,0.167603,1.011719
0.400269,-0.307617,1.004761
-0.508301,-0.037231,0.786865
0.400024,-0.145752,1.127441
-0.035278,-0.374390,0.844727
-0.249878,0.164795,0.997192
0.462769,-0.287842,1.050781
-0.458740,-0.046753,0.781372
0.294312,-0.017700,1.124756
0.072754,-0.387695,0.877808
-0.347412,0.134766,0.950806
0.496704,-0.276367,1.094360
-0.389771,-0.143066,0.796631
0.186279,0.090332,1.108765
0.172485,-0.382568,0.915527
-0.436157,0.093384,0.883789
0.521729,-0.269897,1.104370
-0.315430,-0.246094,0.813599
0.078979,0.132202,1.082764
0.261230,-0.353271,0.929688
-0.466431,0.063843,0.840576
0.520142,-0.239380,1.117188
-0.186523,-0.341187,0.809814
-0.028687,0.132324,1.052002
0.347046,-0.359619,0.965210
-0.489746,0.042725,0.827148
0.482178,-0.182373,1.125488
-0.104858,-0.357910,0.827393
-0.125366,0.143555,1.028198
0.389526,-0.343384,1.005249
-0.478638,-0.025024,0.816162
0.445190,-0.099487,1.159790
-0.066040,-0.328125,0.837158
-0.214966,0.177612,1.010986
0.441650,-0.328979,1.038574
-0.470581,-0.076050,0.796143
0.390381,-0.098389,1.137939
0.009766,-0.348877,0.874878
-0.275879,0.189209,0.986694
0.486938,-0.279541,1.073120
-0.427979,-0.117798,0.786377
0.304077,-0.039917,1.130981
0.091553,-0.376587,0.907227
-0.344849,0.151367,0.939453
0.510986,-0.273071,1.094482
-0.379639,-0.173950,0.786987
0.207275,0.029175,1.114014
0.189697,-0.396240,0.922241
-0.407715,0.147095,0.913818
0.527100,-0.254883,1.103271
-0.323975,-0.223022,0.808472
0.108398,0.079346,1.075439
0.272461,-0.391235,0.961670
-0.435791,0.072998,0.860596
0.525513,-0.187988,1.136230
-0.228760,-0.267944,0.806030
0.013794,0.141846,1.059082
0.339233,-0.385986,0.971802
-0.461426,0.032837,0.845703
0.504883,-0.161865,1.140991
-0.129883,-0.319092,0.826660
-0.075806,0.159302,1.056152
0.392700,-0.360229,0.997681
-0.464111,-0.009766,0.831543
0.469727,-0.125366,1.155396
-0.075928,-0.313843,0.831421
-0.176758,0.184326,1.032959
0.449829,-0.347290,1.029541
-0.456543,-0.060303,0.817749
0.432861,-0.111572,1.147827
-0.005737,-0.305786,0.874268
-0.254395,0.187744,0.992065
0.487183,-0.282837,1.072021
-0.434814,-0.119751,0.800781
0.324707,-0.066772,1.132202
0.095581,-0.375854,0.918213
-0.297607,0.158691,0.967163
0.514038,-0.249390,1.107300
-0.383667,-0.128540,0.807617
0.213135,0.008301,1.113281
0.191772,-0.405518,0.941162
-0.370605,0.119019,0.938232
0.531250,-0.213745,1.131470
-0.316895,-0.176147,0.823975
0.098267,0.088257,1.071289
0.292847,-0.398926,0.975952
-0.431030,0.059814,0.881348
0.538208,-0.195557,1.158081
-0.209473,-0.263550,0.831787
-0.015381,0.168823,1.059937
0.358276,-0.363525,0.989624
-0.459229,-0.002319,0.831177
0.526855,-0.183228,1.160767
-0.064697,-0.344971,0.854004
-0.113525,0.182861,1.034668
0.392334,-0.324341,1.010132
-0.468262,-0.044800,0.817383
0.467651,-0.143188,1.168945
-0.020630,-0.377075,0.856689
-0.174072,0.203369,1.046143
0.456543,-0.294312,1.052856
-0.485229,-0.002441,0.804932
0.390381,-0.089722,1.154663
0.060547,-0.406494,0.908936
-0.261841,0.170044,1.025391
0.509277,-0.264771,1.111206
-0.419312,-0.074097,0.801392
0.282471,0.018433,1.144287
0.156982,-0.424683,0.932373
-0.352173,0.134033,0.949951
0.532227,-0.250000,1.133301
-0.353760,-0.156250,0.810303
0.195068,0.095581,1.142090
0.225220,-0.408691,0.937988
-0.405762,0.095947,0.916748
0.549927,-0.261963,1.138550
-0.277832,-0.208008,0.837891
0.089355,0.158936,1.107178
0.307251,-0.397827,0.960693
-0.441284,0.068237,0.885864
0.530884,-0.200439,1.152222
-0.196899,-0.250977,0.853638
0.002441,0.179810,1.085815
0.368530,-0.382324,0.996948
-0.461792,0.028442,0.859863
0.520630,-0.170898,1.160278
-0.076416,-0.328735,0.871948
-0.079956,0.184326,1.057617
0.402466,-0.342285,1.013916
-0.454468,-0.036987,0.828979
0.484375,-0.130859,1.185425
-0.033081,-0.336914,0.859863
-0.144043,0.183472,1.051392
0.441040,-0.308350,1.039062
-0.459473,-0.036743,0.820312
0.438110,-0.110474,1.167969
0.028687,-0.346191,0.895752
-0.224121,0.204834,1.027588
0.494263,-0.277100,1.091431
-0.434204,-0.062744,0.812622
0.343262,-0.058594,1.145630
0.112183,-0.379639,0.929077
-0.288330,0.182983,1.003906
0.517212,-0.252441,1.121704
-0.369263,-0.145752,0.823486
0.247070,0.018921,1.132812
0.189819,-0.403931,0.949951
-0.349609,0.120239,0.939453
0.546143,-0.243042,1.128906
-0.301270,-0.193726,0.834595
0.125610,0.093384,1.096924
0.278564,-0.400635,0.970215
-0.399658,0.070923,0.899902
0.544800,-0.197998,1.162476
-0.224609,-0.250366,0.851807
0.037964,0.147583,1.077271
0.337402,-0.370728,0.990601
-0.442017,0.024048,0.853027
0.541992,-0.179077,1.176025
-0.105347,-0.302002,0.876221
-0.046387,0.176392,1.074951
0.395752,-0.365723,1.005371
-0.458496,0.009277,0.847778
0.501831,-0.142944,1.171631
-0.028809,-0.347900,0.874268
-0.129639,0.199341,1.064819
0.442383,-0.319946,1.035645
-0.447632,-0.051025,0.825562
0.438110,-0.077271,1.168091
0.018188,-0.352661,0.881104
-0.213379,0.205444,1.042236
0.501587,-0.288696,1.093628
-0.429443,-0.084351,0.815674
0.362915,-0.038574,1.156128
0.094727,-0.369141,0.914917
-0.257568,0.153198,0.994873
0.532104,-0.259521,1.122192
-0.365967,-0.142578,0.826050
0.256714,0.016357,1.135376
0.187622,-0.394531,0.937866
-0.341919,0.107666,0.930298
0.534912,-0.240723,1.133667
-0.296265,-0.180176,0.846680
0.142090,0.088379,1.096069
0.292480,-0.411255,0.964600
-0.406250,0.092896,0.883545
0.538940,-0.180664,1.159912
-0.213867,-0.223877,0.863037
0.031372,0.156250,1.083740
0.368286,-0.388306,1.000366
-0.437744,0.036255,0.866577
0.525269,-0.158569,1.173706
-0.062256,-0.319336,0.882446
-0.084961,0.214844,1.093018
0.412476,-0.336182,1.026855
-0.469849,-0.019531,0.830200
0.480469,-0.125732,1.177124
0.011230,-0.360107,0.885742
-0.177856,0.223999,1.051392
0.473633,-0.295044,1.064941
-0.452271,-0.050781,0.812500
0.379883,-0.089355,1.148560
0.072266,-0.393433,0.912598
-0.251099,0.172119,1.007202
0.547729,-0.259644,1.137939
-0.392334,-0.090332,0.811890
0.248657,0.047241,1.127441
0.187500,-0.432007,0.942505
-0.317993,0.072998,0.961548
0.550781,-0.237061,1.156494
-0.328613,-0.219727,0.817871
0.146484,0.159180,1.131958
0.271606,-0.413086,0.947754
-0.406738,0.038330,0.897583
0.567383,-0.257935,1.172852
-0.245117,-0.289917,0.849365
0.052002,0.180542,1.100708
0.325073,-0.369019,0.984863
-0.436523,0.019043,0.859863
0.556274,-0.230713,1.171753
-0.129272,-0.330566,0.877441
-0.037354,0.223633,1.096313
0.386597,-0.361938,1.003906
-0.442749,-0.004272,0.846313
0.510986,-0.181641,1.171997
-0.031372,-0.375488,0.885498
-0.109131,0.187012,1.082642
0.425537,-0.328247,1.040894
-0.465576,0.001709,0.821655
0.462646,-0.095337,1.182007
0.013184,-0.355103,0.892700
-0.170044,0.188354,1.056396
0.473022,-0.327148,1.071289
-0.463257,-0.024658,0.816650
0.393555,-0.044067,1.160034
0.083130,-0.367310,0.914795
-0.248901,0.188232,1.030640
0.524414,-0.276245,1.111572
-0.422119,-0.074707,0.820679
0.307129,-0.020630,1.118896
0.156250,-0.409546,0.931152
-0.291626,0.129639,0.962036
0.539185,-0.217896,1.153442
-0.349487,-0.190796,0.807739
0.206909,0.046753,1.113892
0.219849,-0.428223,0.941895
-0.349854,0.098267,0.926514
0.563477,-0.224487,1.152588
-0.307129,-0.179565,0.832520
0.093872,0.137695,1.100220
0.321167,-0.416870,0.989258
-0.402954,0.067627,0.892700
0.543213,-0.210938,1.149048
-0.203125,-0.221558,0.870728
-0.003418,0.213257,1.098755
0.378662,-0.385010,1.003906
-0.427734,0.029541,0.865601
0.510010,-0.126953,1.181152
-0.083862,-0.298584,0.879150
-0.095581,0.204346,1.072144
0.419189,-0.366821,1.020630
-0.434937,-0.039062,0.828613
0.468384,-0.110474,1.167358
0.034302,-0.356201,0.897583
-0.172363,0.218140,1.058594
0.459473,-0.332153,1.045166
-0.439697,-0.053711,0.816284
0.404175,-0.062744,1.156250
0.061401,-0.334717,0.911377
-0.218140,0.193970,1.028198
0.494629,-0.261841,1.096680
-0.421387,-0.105835,0.808594
0.329712,-0.054565,1.126953
0.143066,-0.404053,0.924194
-0.290039,0.174072,0.993408
0.528809,-0.229614,1.135620
-0.353271,-0.140625,0.834351
0.207642,0.032349,1.109009
0.233398,-0.466797,0.931763
-0.374512,0.113525,0.931274
0.546631,-0.229614,1.126343
-0.276978,-0.177856,0.854248
0.096191,0.143921,1.092529
0.307007,-0.441528,0.962402
-0.422852,0.047241,0.877808
0.531982,-0.205933,1.162598
-0.183472,-0.232056,0.866211
0.003052,0.228638,1.099854
0.359009,-0.358887,0.996460
-0.461792,0.017456,0.855469
0.510132,-0.216553,1.162842
-0.045288,-0.373169,0.885742
-0.092163,0.224121,1.089478
0.416016,-0.344849,1.018311
-0.452637,-0.019409,0.827759
0.448730,-0.138916,1.154175
0.039185,-0.415894,0.897217
-0.156860,0.173706,1.048462
0.463135,-0.295532,1.066895
-0.462891,-0.011475,0.807861
0.396484,-0.100098,1.128784
0.076172,-0.407593,0.907959
-0.251709,0.161011,1.011353
0.524780,-0.272949,1.116211
-0.415161,-0.083008,0.815063
0.285156,-0.010010,1.109863
0.163086,-0.418579,0.920532
-0.314941,0.142700,0.969238
0.529785,-0.250977,1.126831
-0.343140,-0.157104,0.831421
0.187378,0.080811,1.111206
0.252808,-0.430176,0.937500
-0.386230,0.093628,0.909546
0.526001,-0.221680,1.131714
-0.266235,-0.217285,0.827759
0.078247,0.134521,1.088501
0.338013,-0.422852,0.979126
-0.437866,0.071899,0.860718
0.509888,-0.160645,1.143921
-0.159180,-0.250977,0.866699
-0.043213,0.184570,1.078735
0.385498,-0.394043,0.999634
-0.447998,-0.016357,0.829956
0.492432,-0.127319,1.166138
-0.033325,-0.317139,0.881470
-0.137817,0.202026,1.049438
0.428345,-0.342407,1.028564
-0.445068,-0.054077,0.813477
0.432983,-0.114502,1.155518
0.045532,-0.391113,0.885132
-0.209595,0.214966,1.041260
0.468872,-0.313965,1.043579
-0.433350,-0.049438,0.810059
0.358398,-0.065796,1.132568
0.087646,-0.406738,0.916382
-0.274414,0.189453,1.016357
0.512573,-0.273193,1.102783
-0.417358,-0.100830,0.807983
0.286499,0.006104,1.123779
0.167969,-0.420654,0.922974
-0.332520,0.151123,0.973633
0.533081,-0.259766,1.123291
-0.371460,-0.162964,0.799438
0.196777,0.044067,1.098022
0.231201,-0.433105,0.931396
-0.380249,0.092163,0.904541
0.544678,-0.239990,1.123413
-0.322266,-0.172485,0.829468
0.118042,0.078491,1.076172
0.293701,-0.459351,0.947632
-0.421997,0.088013,0.869629
0.531372,-0.213623,1.123169
-0.240601,-0.209351,0.843018
0.030029,0.147705,1.070557
0.329468,-0.432495,0.969482
-0.438477,0.058350,0.850708
0.521851,-0.162842,1.144531
-0.160889,-0.237549,0.865112
-0.069092,0.207153,1.066162
0.373291,-0.418091,0.978394
-0.440308,-0.007690,0.836548
0.483276,-0.140381,1.140381
-0.059326,-0.268433,0.883179
-0.131958,0.228271,1.059082
0.419678,-0.374146,1.012451
-0.450684,-0.057373,0.823242
0.425415,-0.106934,1.136230
0.029053,-0.361328,0.884399
-0.177490,0.210693,1.039917
0.466797,-0.314697,1.054565
-0.440674,-0.064941,0.799683
0.352173,-0.063477,1.114258
0.064819,-0.401978,0.870361
-0.244141,0.161987,1.000000
0.511719,-0.276855,1.091797
-0.424072,-0.097900,0.804688
0.258911,-0.007446,1.087524
0.152954,-0.421997,0.893921
-0.306885,0.096558,0.926025
0.522095,-0.232178,1.115601
-0.355469,-0.157959,0.807007
0.152588,0.085449,1.090332
0.257812,-0.478394,0.917603
-0.416748,0.063477,0.873291
0.520264,-0.222168,1.124023
-0.257812,-0.196045,0.833618
0.030640,0.187500,1.081787
0.330566,-0.431763,0.951416
-0.451294,0.043945,0.849121
0.500732,-0.198853,1.136597
-0.156738,-0.271362,0.855713
-0.074341,0.178467,1.047485
0.382446,-0.360718,1.001587
-0.468872,-0.030884,0.809448
0.452515,-0.140625,1.133789
-0.001831,-0.373535,0.865845
-0.163818,0.191284,1.016846
0.432861,-0.300415,1.026855
-0.458252,-0.043823,0.801270
0.364502,-0.096313,1.112061
0.074951,-0.440308,0.878662
-0.243286,0.160034,1.000488
0.483398,-0.267822,1.077515
-0.432251,-0.073853,0.791992
0.262451,-0.001343,1.098022
0.164307,-0.416992,0.911621
-0.354492,0.128052,0.960815
0.512817,-0.281982,1.098511
-0.378784,-0.159424,0.777832
0.157227,0.113037,1.093140
0.248779,-0.421631,0.929199
-0.404419,0.039795,0.872681
0.514526,-0.270264,1.108398
-0.301880,-0.197510,0.803833
0.044922,0.168457,1.077759
0.309448,-0.454468,0.933228
-0.453003,0.051392,0.851440
0.503296,-0.221191,1.117920
-0.202148,-0.264404,0.836548
-0.045044,0.202515,1.070679
0.360107,-0.422241,0.963257
-0.491699,0.019165,0.807495
0.486084,-0.165283,1.129883
-0.080444,-0.270386,0.864990
-0.133057,0.218628,1.043823
0.388428,-0.401245,0.976440
-0.479004,-0.030151,0.798950
0.442139,-0.154297,1.112549
0.015259,-0.363892,0.872681
-0.204468,0.240601,1.034058
0.431641,-0.341553,1.004272
-0.468262,-0.054810,0.775879
0.371582,-0.107300,1.098145
0.061646,-0.422607,0.860962
-0.239624,0.176758,0.998535
0.471436,-0.301392,1.049561
-0.456787,-0.078613,0.773071
0.288330,-0.050293,1.087646
0.099609,-0.441162,0.865479
-0.300781,0.162109,0.978760
0.494873,-0.294678,1.067871
-0.436523,-0.115845,0.764404
0.211914,0.014282,1.065796
0.168823,-0.449097,0.873413
-0.341797,0.087402,0.915161
0.514038,-0.252319,1.096313
-0.387329,-0.164795,0.777954
0.105835,0.072266,1.043701
0.243774,-0.490479,0.891724
-0.396362,0.043091,0.853760
0.510254,-0.227539,1.100464
-0.308716,-0.182251,0.821411
0.019409,0.116211,1.031128
0.303467,-0.478027,0.928589
-0.449951,0.005371,0.814331
0.485352,-0.169800,1.120850
-0.224976,-0.215210,0.832886
-0.065674,0.158203,1.036621
0.361328,-0.428589,0.964844
-0.468750,-0.027832,0.795898
0.442627,-0.117554,1.115723
-0.084717,-0.281494,0.846680
-0.162720,0.212280,1.020142
0.416138,-0.426514,0.965820
-0.475708,-0.068115,0.772827
0.385742,-0.112915,1.107666
0.034912,-0.390869,0.841553
-0.229980,0.199219,0.984619
0.455933,-0.355713,1.004150
-0.463623,-0.086792,0.774414
0.303955,-0.081421,1.068604
0.083862,-0.431641,0.843628
-0.277466,0.135498,0.938354
0.477417,-0.273438,1.044434
-0.425659,-0.106934,0.789429
0.192505,0.000244,1.033569
0.162720,-0.473145,0.858887
-0.354370,0.060425,0.879883
0.495483,-0.258911,1.075684
-0.385620,-0.155640,0.771240
0.082520,0.106201,1.049194
0.257935,-0.466675,0.908691
-0.438110,0.020630,0.830078
0.494019,-0.242920,1.091431
-0.273438,-0.220215,0.815796
-0.015747,0.179565,1.047974
0.313110,-0.428711,0.933105
-0.487305,0.003174,0.799683
0.464844,-0.205566,1.112427
-0.175171,-0.267090,0.817383
-0.117065,0.231934,1.043823
0.375366,-0.407104,0.951660
-0.496338,-0.027710,0.787476
0.411011,-0.148438,1.097900
-0.039429,-0.348511,0.848267
-0.191162,0.193115,0.990479
0.402222,-0.367065,0.980103
-0.483521,-0.072632,0.769897
0.351196,-0.094727,1.081787
0.068237,-0.442139,0.828613
-0.274902,0.185303,0.954590
0.446899,-0.326904,1.003906
-0.450317,-0.107056,0.762573
0.254272,-0.053101,1.040161
0.102417,-0.463989,0.826538
-0.319580,0.104126,0.893066
0.471680,-0.257812,1.043091
-0.416870,-0.121460,0.779785
0.147095,0.011475,1.035645
0.195435,-0.500732,0.850586
-0.415649,0.074219,0.847900
0.462524,-0.216675,1.063965
-0.336914,-0.184082,0.779053
0.040771,0.093018,1.028931
0.270996,-0.478638,0.889160
-0.470581,0.009521,0.780396
0.451294,-0.178711,1.087402
-0.210815,-0.214966,0.835815
-0.087036,0.158936,1.019897
0.332031,-0.460571,0.917114
-0.497070,-0.005493,0.776123
0.414795,-0.135376,1.095581
-0.077881,-0.298096,0.819946
-0.176147,0.188843,1.000366
0.391968,-0.390137,0.966919
-0.494995,-0.078125,0.759644
0.352905,-0.119751,1.068726
0.033936,-0.451538,0.815796
-0.265747,0.171387,0.938477
0.443970,-0.328369,1.005615
-0.463013,-0.096069,0.759888
0.238403,-0.052124,1.036987
0.094604,-0.479736,0.812012
-0.334717,0.104370,0.895752
0.463013,-0.287842,1.027100
-0.408325,-0.124390,0.772583
0.122192,0.048584,1.022827
0.185547,-0.465088,0.861328
-0.417480,0.050415,0.843018
0.483765,-0.265381,1.063477
-0.328125,-0.206909,0.783081
0.008667,0.140503,1.030151
0.275757,-0.436157,0.899780
-0.495850,0.020508,0.788696
0.454468,-0.237061,1.071045
-0.218384,-0.275269,0.801270
-0.093872,0.151733,1.014648
0.339233,-0.413452,0.943237
-0.503784,-0.050903,0.754517
0.035522,-0.406982,0.823486
-0.258789,0.121094,0.921387
0.431152,-0.363770,0.990601
-0.482910,-0.126587,0.752441
0.235840,-0.049438,1.021851
0.085449,-0.421143,0.809937
-0.346924,0.130249,0.892822
0.469116,-0.318726,1.011719
-0.417847,-0.186035,0.767822
0.098022,0.036987,1.008545
0.168213,-0.464355,0.833374
-0.411743,0.072998,0.823486
0.486084,-0.245728,1.055298
-0.322754,-0.143677,0.802612
-0.021362,0.139771,1.015991
0.275146,-0.511963,0.864014
-0.494385,0.008789,0.763306
0.434326,-0.198120,1.074341
-0.205566,-0.247437,0.804810
-0.120117,0.200195,1.026245
0.352905,-0.456299,0.924683
-0.533081,0.000610,0.766602
0.376831,-0.147217,1.062988
-0.063354,-0.358643,0.812134
-0.195435,0.178833,0.979248
0.403564,-0.415527,0.952148
-0.536621,-0.026367,0.745850
0.327637,-0.091309,1.053711
0.055664,-0.427734,0.820923
-0.299927,0.129639,0.906128
0.432007,-0.345215,0.992920
-0.473633,-0.123779,0.737061
0.204590,-0.019653,1.017578
0.091553,-0.444702,0.800903
-0.346069,0.126343,0.873413
0.460815,-0.286499,1.023315
-0.439819,-0.135498,0.750366
0.089478,0.023071,1.000732
0.171021,-0.507202,0.814941
-0.439941,0.051270,0.808228
0.477539,-0.264160,1.044922
-0.330322,-0.192749,0.784180
-0.030273,0.185181,1.022583
0.254883,-0.430542,0.879761
-0.503296,0.007080,0.758789
0.451782,-0.256226,1.051147
-0.232910,-0.248657,0.811035
-0.110474,0.219727,1.013184
0.317261,-0.408081,0.909546
-0.533691,0.023682,0.773926
0.413574,-0.197754,1.052124
-0.095703,-0.327026,0.825439
-0.199585,0.204224,0.974609
0.354004,-0.399414,0.934692
-0.528931,-0.056885,0.744141
0.365967,-0.120361,1.067261
0.005981,-0.401611,0.810669
-0.265503,0.184204,0.932373
0.407227,-0.381592,0.955811
-0.512329,-0.082764,0.751099
0.275513,-0.086304,1.030640
0.059814,-0.478271,0.783203
-0.316650,0.138672,0.885376
0.451416,-0.340210,0.985718
-0.486450,-0.099243,0.754150
0.146606,-0.010986,0.981323
0.103638,-0.474121,0.794556
-0.372192,0.060181,0.828125
0.468384,-0.270508,1.035400
-0.426270,-0.138672,0.742798
0.042969,0.094116,0.999390
0.197510,-0.490723,0.820435
-0.443237,0.024902,0.793335
0.459229,-0.258789,1.039917
-0.333984,-0.192505,0.785645
-0.051025,0.156616,1.003418
0.263428,-0.468750,0.870850
-0.524170,0.024292,0.753540
0.434814,-0.234497,1.050537
-0.180786,-0.269043,0.812744
-0.137085,0.215698,1.001465
0.303589,-0.368042,0.911499
-0.546631,0.026367,0.757202
0.412842,-0.219238,1.041016
-0.065186,-0.337158,0.826904
-0.204224,0.190430,0.966309
0.350220,-0.331421,0.954346
-0.542969,-0.044800,0.716064
0.202148,-0.042603,0.971924
0.060181,-0.448242,0.785278
-0.361084,0.121338,0.837036
0.423340,-0.229126,0.980103
-0.496826,-0.022705,0.740479
0.099365,0.077148,0.990601
0.107422,-0.450195,0.799683
-0.457886,0.084595,0.798096
0.440918,-0.219482,1.011963
-0.411377,-0.111084,0.738403
0.009766,0.178223,1.005737
0.191772,-0.416016,0.830811
-0.535767,0.092896,0.771973
0.438354,-0.235840,1.018921
-0.300415,-0.194214,0.758301
-0.076660,0.209473,0.982788
0.244873,-0.373901,0.874634
-0.581665,0.058472,0.739746
0.427490,-0.221069,1.033936
-0.139893,-0.322021,0.800659
-0.145264,0.212402,0.949463
0.287720,-0.295166,0.904785
-0.584106,0.073608,0.745605
0.382812,-0.162109,1.033325
-0.041504,-0.409790,0.789673
-0.210693,0.189453,0.923828
0.342163,-0.299561,0.908569
-0.579102,0.078735,0.743896
0.316772,-0.119507,0.986816
-0.009277,-0.423584,0.771484
-0.276245,0.125000,0.874634
0.385986,-0.268921,0.948975
-0.547607,0.026123,0.727539
0.213867,-0.014648,0.978394
0.041382,-0.445923,0.772949
-0.367188,0.123657,0.844971
0.439819,-0.288086,0.974365
-0.512695,-0.018555,0.731934
0.119873,0.086060,0.996704
0.086914,-0.424072,0.784912
-0.460205,0.123047,0.813477
0.462769,-0.279907,0.999268
-0.447021,-0.076050,0.760498
0.031982,0.160645,0.994507
0.147705,-0.402954,0.813354
-0.530518,0.071411,0.769531
0.464233,-0.255737,1.040527
-0.339233,-0.175537,0.764404
-0.061279,0.247803,1.005371
0.222778,-0.365845,0.842896
-0.562012,0.076172,0.755249
0.447021,-0.238770,1.030640
-0.229248,-0.273804,0.768921
-0.112793,0.219482,0.973877
0.275513,-0.339844,0.882568
-0.597290,0.095459,0.746948
0.420654,-0.195801,1.029907
-0.110229,-0.352539,0.787476
-0.176147,0.183472,0.934326
0.304688,-0.298828,0.906860
-0.580078,0.087280,0.743652
0.364990,-0.116943,1.032959
-0.050171,-0.389648,0.786499
-0.261963,0.161499,0.893311
0.365112,-0.319214,0.933228
-0.562988,0.023560,0.723389
0.275146,-0.048218,0.992554
0.007812,-0.427734,0.764893
-0.334717,0.159180,0.860840
0.413330,-0.303711,0.953491
-0.533203,-0.011719,0.724731
0.173218,0.029175,0.979736
0.042969,-0.446045,0.766724
-0.410034,0.167480,0.841675
0.432617,-0.266235,0.971680
-0.469116,-0.049683,0.761719
0.078735,0.106812,0.989502
0.105957,-0.429688,0.808105
-0.496460,0.127197,0.795898
0.454224,-0.240967,1.002075
-0.409302,-0.095947,0.756836
-0.008301,0.170654,0.991577
0.195312,-0.435669,0.841187
-0.559570,0.102905,0.771362
0.438599,-0.186279,1.030273
-0.282349,-0.196045,0.765747
-0.097412,0.193604,0.964966
0.269653,-0.393188,0.879639
-0.582275,0.107788,0.761963
0.414307,-0.127808,1.056519
-0.164429,-0.303711,0.760864
-0.191406,0.196411,0.934204
0.335449,-0.368164,0.916870
-0.587769,0.082153,0.759155
0.353882,-0.075317,1.044312
-0.059448,-0.383423,0.760498
-0.270264,0.186890,0.894775
0.370605,-0.334229,0.934082
-0.567383,0.036377,0.747559
0.274902,-0.043701,1.001099
-0.010376,-0.414062,0.746460
-0.350342,0.173950,0.858521
0.416748,-0.291504,0.960571
-0.517578,-0.038452,0.745361
0.139160,0.049438,0.989258
0.049683,-0.417480,0.773682
-0.454346,0.168091,0.833130
0.435425,-0.247681,0.991699
-0.444946,-0.107544,0.748779
0.048340,0.122192,0.994019
0.137451,-0.431641,0.805664
-0.541748,0.159180,0.787476
0.441528,-0.199951,1.020752
-0.302734,-0.178833,0.771729
-0.082275,0.191284,0.976807
0.225830,-0.403564,0.858887
-0.592773,0.103882,0.751709
0.446289,-0.182617,1.043213
-0.186890,-0.265015,0.772095
-0.149536,0.212646,0.958984
0.297119,-0.338257,0.890503
-0.608521,0.097534,0.744507
0.364868,-0.128296,1.015381
-0.077026,-0.402832,0.765381
-0.222778,0.173462,0.913818
0.364380,-0.304077,0.918701
-0.587769,0.108032,0.742920
0.272461,-0.049805,0.981079
-0.008179,-0.405640,0.770020
-0.336426,0.136230,0.859497
0.409546,-0.279175,0.955933
-0.538818,0.011719,0.719971
0.163818,0.060791,0.977173
0.033813,-0.394653,0.776123
-0.439453,0.152954,0.823242
0.439941,-0.255493,0.988647
-0.455444,-0.066895,0.751221
0.065186,0.145020,1.002930
0.118164,-0.395020,0.812622
-0.542847,0.162598,0.800293
0.444336,-0.226807,1.012939
-0.353149,-0.171265,0.749023
-0.037231,0.182373,0.980347
0.213989,-0.385376,0.856445
-0.590820,0.147949,0.762085
0.416626,-0.162842,1.028442
-0.217896,-0.270752,0.760864
-0.119507,0.189331,0.961792
0.286865,-0.364258,0.889526
-0.617798,0.142700,0.754150
0.383911,-0.140991,1.008545
-0.110718,-0.352051,0.776489
-0.197266,0.157837,0.916382
0.340698,-0.312866,0.921631
-0.598145,0.112671,0.758301
0.314575,-0.093140,1.001709
-0.063232,-0.405029,0.745117
-0.281372,0.146484,0.883667
0.391724,-0.293213,0.948730
-0.575806,0.081299,0.737305
0.206787,0.000977,0.976807
0.001099,-0.403809,0.777222
-0.407471,0.137085,0.836182
0.428955,-0.259644,0.978149
-0.485962,-0.014282,0.746094
0.081421,0.162476,0.995483
0.064819,-0.384277,0.788818
-0.484497,0.146240,0.818481
0.437134,-0.249756,1.005493
-0.403442,-0.108887,0.761963
0.024292,0.220825,1.010742
0.126465,-0.343384,0.806641
-0.576660,0.145142,0.778809
0.453369,-0.262939,1.012939
-0.286011,-0.217896,0.766724
-0.046753,0.220093,0.991943
0.200806,-0.335938,0.846313
-0.633179,0.158936,0.738281
0.446411,-0.255371,1.009033
-0.188843,-0.337158,0.756836
-0.109131,0.186768,0.977783
0.255737,-0.338745,0.864380
-0.631470,0.156982,0.739990
0.403687,-0.179321,1.006226
-0.127686,-0.375366,0.768311
-0.177979,0.156982,0.934692
0.319458,-0.318726,0.904907
-0.618286,0.150757,0.732300
0.360474,-0.132568,1.005249
-0.085938,-0.394409,0.755981
-0.277466,0.178711,0.895996
0.373169,-0.310181,0.933228
-0.577881,0.060425,0.738403
0.286011,-0.057251,1.007080
-0.054077,-0.418457,0.742310
-0.341919,0.188477,0.875732
0.392944,-0.302002,0.943481
-0.563599,0.002441,0.723511
0.208130,0.002197,1.009888
-0.003662,-0.404907,0.776611
-0.435181,0.209717,0.858643
0.421753,-0.273315,0.958496
-0.506836,-0.032349,0.737915
0.096436,0.060791,0.994995
0.097900,-0.434814,0.812134
-0.515991,0.194946,0.820557
0.409302,-0.205078,0.974731
-0.422363,-0.111084,0.735474
0.022095,0.094604,0.977539
0.178589,-0.398926,0.861450
-0.575317,0.168335,0.792847
0.399902,-0.141479,1.017212
-0.286011,-0.221558,0.734375
-0.108276,0.193604,0.961548
0.260010,-0.394409,0.885498
-0.600342,0.099121,0.767456
0.404541,-0.154297,1.035889
-0.180908,-0.306519,0.747314
-0.213501,0.205444,0.927979
0.324219,-0.348389,0.910645
-0.594971,0.065063,0.737305
0.354614,-0.099243,1.040894
-0.086914,-0.399292,0.739380
-0.302124,0.199951,0.881592
0.360107,-0.316772,0.915283
-0.592529,0.044922,0.727783
0.266602,-0.058105,1.007935
-0.031494,-0.443115,0.747559
-0.377075,0.187988,0.868164
0.380127,-0.265625,0.955444
-0.555908,-0.009155,0.707520
0.161011,0.026978,0.994263
0.050781,-0.426270,0.786011
-0.473267,0.176147,0.838013
0.410034,-0.228027,0.986938
-0.461426,-0.081665,0.731323
0.041992,0.148804,1.000244
0.129395,-0.403320,0.823242
-0.552490,0.157349,0.800171
0.424316,-0.203979,1.009521
-0.343140,-0.173950,0.741333
-0.052734,0.194702,0.975708
0.208984,-0.384521,0.855103
-0.588867,0.123291,0.780151
0.417236,-0.183350,1.032471
-0.236694,-0.299561,0.718628
-0.140503,0.220947,0.963257
0.285767,-0.359009,0.875854
-0.602783,0.133667,0.779541
0.387817,-0.156494,1.021973
-0.151123,-0.359985,0.740356
-0.242065,0.167969,0.897339
0.340698,-0.329224,0.924561
-0.605469,0.077515,0.736816
0.337891,-0.106689,1.032471
-0.085205,-0.397461,0.743652
-0.328979,0.195923,0.887695
0.369507,-0.318726,0.925415
-0.581543,0.023438,0.720703
0.243042,-0.033325,1.006958
-0.024902,-0.429810,0.762451
-0.405396,0.207520,0.870239
0.396729,-0.276978,0.953979
-0.550415,-0.032471,0.702148
0.125366,0.024658,0.985229
0.045776,-0.422729,0.786621
-0.499634,0.202271,0.851074
0.428101,-0.248779,0.987061
-0.461548,-0.077271,0.736816
0.021729,0.142822,0.991577
0.145142,-0.419556,0.824463
-0.556519,0.161255,0.817871
0.417480,-0.207642,1.006470
-0.327148,-0.182983,0.750000
-0.074463,0.185791,0.971069
0.223145,-0.372070,0.862549
-0.597778,0.121216,0.777344
0.413330,-0.183105,1.024658
-0.231689,-0.303223,0.729248
-0.169189,0.197266,0.938721
0.291382,-0.356201,0.897217
-0.602417,0.083740,0.754395
0.378052,-0.149414,1.023193
-0.148804,-0.355225,0.734131
-0.242432,0.179443,0.901489
0.329590,-0.318481,0.917236
-0.599731,0.068481,0.737793
0.331909,-0.105103,1.026367
-0.097168,-0.395386,0.755615
-0.333496,0.170654,0.879761
0.377441,-0.335571,0.936035
-0.582153,0.056152,0.735596
0.239136,-0.026855,1.012451
-0.037964,-0.423340,0.760498
-0.414185,0.197876,0.868164
0.394043,-0.292480,0.964233
-0.549194,-0.048950,0.714722
0.125610,0.053833,1.002197
0.046143,-0.428467,0.785278
-0.495239,0.203125,0.846680
0.398315,-0.242065,0.974976
-0.475708,-0.100342,0.734985
0.050293,0.085083,0.999146
0.139282,-0.431519,0.833984
-0.580444,0.207642,0.820557
0.409668,-0.224121,0.987671
-0.338623,-0.175171,0.752930
-0.063354,0.158447,0.972778
0.218384,-0.389526,0.868652
-0.591187,0.123169,0.770508
0.397461,-0.168823,1.019287
-0.251831,-0.296143,0.724365
-0.160645,0.181885,0.949219
0.284302,-0.392456,0.886841
-0.604004,0.087891,0.749268
0.371704,-0.114746,1.031738
-0.174561,-0.351196,0.710815
-0.252930,0.189209,0.921021
0.348999,-0.367798,0.915771
-0.593140,0.048950,0.754639
0.307251,-0.103271,1.013306
-0.124023,-0.397461,0.719604
-0.324829,0.172729,0.888306
0.377563,-0.331421,0.934937
-0.562866,0.030518,0.740234
0.205566,-0.024658,1.008179
-0.038208,-0.401001,0.779663
-0.436523,0.194092,0.864868
0.395020,-0.277100,0.959595
-0.528931,-0.058716,0.715088
0.108887,0.059326,1.001465
0.063721,-0.397095,0.811401
-0.529297,0.217407,0.853760
0.410645,-0.256226,0.975952
-0.435547,-0.119507,0.754761
0.020630,0.120361,0.993286
0.150269,-0.402466,0.846924
-0.579834,0.191284,0.805054
0.399414,-0.208618,0.995605
-0.314331,-0.236572,0.758423
-0.077148,0.119629,0.963501
0.229126,-0.407471,0.876465
-0.598389,0.128662,0.765625
0.390869,-0.154297,1.017456
-0.224121,-0.284912,0.731445
-0.184814,0.172607,0.944702
0.306396,-0.404297,0.907593
-0.620361,0.071289,0.751831
0.359375,-0.131958,1.032593
-0.170410,-0.359375,0.723022
-0.279297,0.183838,0.910034
0.364990,-0.360474,0.929199
-0.598511,0.017578,0.733276
0.288086,-0.088623,1.021851
-0.103882,-0.385986,0.748291
-0.371460,0.197266,0.886841
0.391602,-0.329102,0.949097
-0.561157,-0.007202,0.722412
0.182495,-0.002563,1.011108
-0.020874,-0.418091,0.776489
-0.453003,0.198120,0.868896
0.402710,-0.284790,0.962769
-0.521484,-0.082886,0.732788
0.074951,0.049927,0.994385
0.075317,-0.429565,0.808838
-0.538086,0.186890,0.823364
0.427979,-0.249146,1.005859
-0.411743,-0.132324,0.744019
-0.010498,0.137695,0.992798
0.167236,-0.383057,0.855835
-0.581055,0.119019,0.774902
0.415283,-0.212280,1.007324
-0.303345,-0.254517,0.728882
-0.089966,0.157959,0.975708
0.250732,-0.399048,0.886597
-0.611938,0.082031,0.757812
0.377197,-0.162964,1.025024
-0.212646,-0.341187,0.717529
-0.218262,0.175781,0.928467
0.331787,-0.382324,0.918823
-0.604370,0.055176,0.745361
0.338013,-0.117188,1.034790
-0.153687,-0.365479,0.730957
-0.325439,0.169556,0.890625
0.381470,-0.339233,0.951904
-0.579956,-0.004517,0.735229
0.240234,-0.070923,1.028076
-0.084717,-0.398804,0.775757
-0.414062,0.176758,0.877563
0.408203,-0.308838,0.978394
-0.548950,-0.062866,0.717529
0.101929,0.060303,1.020996
0.067749,-0.432495,0.818726
-0.523438,0.178711,0.831055
0.400391,-0.227173,0.994263
-0.427368,-0.143066,0.730591
-0.004150,0.124023,0.996460
0.184570,-0.415771,0.863281
-0.580078,0.139282,0.802490
0.397217,-0.189575,1.016602
-0.285645,-0.244629,0.738770
-0.099365,0.122925,0.947510
0.251343,-0.365601,0.903931
-0.602661,0.053101,0.735718
0.403198,-0.177490,1.035522
-0.192261,-0.346558,0.710205
-0.243774,0.190186,0.933105
0.321777,-0.344604,0.928467
-0.601807,0.000854,0.736572
0.338867,-0.158081,1.039307
-0.140259,-0.386841,0.730469
-0.318237,0.168823,0.897583
0.366089,-0.324829,0.938477
-0.572510,0.005737,0.741089
0.234497,-0.080200,1.026245
-0.054932,-0.388794,0.786987
-0.406494,0.197754,0.894287
0.394043,-0.288086,0.976929
-0.528442,-0.043945,0.728394
0.123657,0.029419,1.000244
0.059448,-0.411255,0.818848
-0.505615,0.174683,0.842773
0.414551,-0.263916,1.010376
-0.455811,-0.139038,0.732544
0.029541,0.119263,1.009399
0.138306,-0.412598,0.835938
-0.563232,0.140503,0.814209
0.434937,-0.247070,1.021484
-0.339233,-0.239014,0.740356
-0.054688,0.147583,0.984985
0.205566,-0.388184,0.871094
-0.574951,0.090576,0.778687
0.433228,-0.230225,1.036011
-0.260620,-0.320801,0.723389
-0.143555,0.145874,0.952759
0.268555,-0.382690,0.882690
-0.576782,0.063110,0.754028
0.411133,-0.209961,1.032104
-0.206055,-0.331421,0.735840
-0.233887,0.159302,0.935303
0.337158,-0.376587,0.922241
-0.586670,0.036621,0.737427
0.358398,-0.147095,1.043335
-0.168823,-0.343628,0.733887
-0.287109,0.154419,0.930420
0.358521,-0.370850,0.930542
-0.585205,-0.010132,0.730591
0.287842,-0.064697,1.042603
-0.089355,-0.378174,0.753906
-0.365845,0.193726,0.893921
0.391846,-0.329834,0.971069
-0.549438,-0.090210,0.715454
0.214844,-0.054688,1.037964
-0.034546,-0.389282,0.784302
-0.445923,0.212646,0.878540
0.444336,-0.313599,1.003174
-0.517822,-0.107544,0.736694
0.105713,0.008301,1.010376
0.077026,-0.408081,0.830200
-0.507935,0.184937,0.840942
0.433105,-0.244141,1.025513
-0.399780,-0.164185,0.769165
-0.020996,0.122925,1.000977
0.184570,-0.436768,0.858032
-0.546631,0.084839,0.788086
0.443604,-0.216431,1.046875
-0.290649,-0.253174,0.744263
-0.121948,0.153320,0.959839
0.279541,-0.396851,0.895630
-0.577393,0.038818,0.756714
0.422119,-0.200317,1.038330
-0.182007,-0.343872,0.736572
-0.242920,0.152222,0.928589
0.338623,-0.358276,0.931885
-0.581177,0.023193,0.757568
0.336182,-0.138916,1.049927
-0.113892,-0.379395,0.771973
-0.323853,0.155273,0.917847
0.387451,-0.327148,0.969849
-0.569336,-0.031860,0.730713
0.242188,-0.055542,1.037842
-0.008057,-0.383423,0.811035
-0.418701,0.175293,0.893555
0.410400,-0.281250,1.004395
-0.504883,-0.126587,0.730591
0.114014,0.021729,1.026123
0.103760,-0.410889,0.845459
-0.517700,0.165039,0.850098
0.453979,-0.277588,1.027832
-0.386597,-0.165161,0.763916
-0.017456,0.124023,0.988525
0.205078,-0.400757,0.871460
-0.541992,0.065796,0.791992
0.437134,-0.219604,1.052002
-0.259888,-0.302979,0.739746
-0.115356,0.122192,0.966919
0.272217,-0.387207,0.895020
-0.572266,0.027710,0.768066
0.418335,-0.194458,1.060303
-0.171387,-0.342407,0.745728
-0.234009,0.140747,0.941284
0.358398,-0.335938,0.960327
-0.580811,0.002563,0.745239
0.333496,-0.124512,1.066650
-0.101318,-0.375122,0.794922
-0.318481,0.151733,0.921509
0.405151,-0.320801,0.991089
-0.531982,-0.034424,0.738403
0.215332,-0.021484,1.046021
0.001221,-0.374268,0.823975
-0.437622,0.169434,0.901733
0.436279,-0.311035,1.020508
-0.475098,-0.136841,0.723389
0.132568,0.090576,1.051147
0.100342,-0.362915,0.849243
-0.501953,0.147949,0.865967
0.435303,-0.295654,1.019897
-0.392212,-0.232300,0.738770
0.037109,0.128784,1.031494
0.177856,-0.365112,0.866943
-0.538330,0.071411,0.805664
0.457642,-0.271484,1.044189
-0.276733,-0.312012,0.753418
-0.039429,0.133423,1.003296
0.239014,-0.367188,0.878784
-0.562134,0.088501,0.778320
0.452393,-0.250732,1.051025
-0.210938,-0.333374,0.764526
-0.150024,0.117798,0.953857
0.307007,-0.388306,0.921875
-0.548706,0.043335,0.779297
0.411255,-0.136230,1.085938
-0.172852,-0.341187,0.750000
-0.237793,0.150024,0.958496
0.362183,-0.379272,0.959229
-0.539795,-0.029663,0.767212
0.371948,-0.093140,1.095947
-0.112183,-0.349609,0.770752
-0.318970,0.186890,0.934814
0.410645,-0.344604,0.987915
-0.534302,-0.073242,0.744385
0.328003,-0.109741,1.081421
-0.050415,-0.350464,0.804077
-0.370728,0.191650,0.904907
0.428101,-0.316040,1.007080
-0.491089,-0.099243,0.748047
0.238037,-0.081421,1.053223
0.013916,-0.375854,0.835938
-0.399536,0.188232,0.907959
0.439819,-0.275635,1.024292
-0.459595,-0.109619,0.778931
0.143799,-0.015747,1.043213
0.110718,-0.396362,0.871826
-0.468140,0.144897,0.839844
0.450562,-0.222534,1.054443
-0.399414,-0.173706,0.768921
0.066772,0.038208,1.028198
0.193726,-0.426880,0.892212
-0.510498,0.105591,0.809814
0.472534,-0.218994,1.071533
-0.290894,-0.236450,0.781128
-0.045044,0.119385,1.000732
0.262817,-0.430298,0.907593
-0.519775,0.056274,0.810547
0.477783,-0.202759,1.090698
-0.209351,-0.295166,0.770264
-0.147827,0.139771,0.973755
0.342529,-0.389648,0.952271
-0.519287,-0.026978,0.764282
0.425415,-0.163696,1.097412
-0.136841,-0.343262,0.780151
-0.244263,0.192749,0.975708
0.399170,-0.337646,0.984009
-0.530029,-0.051147,0.755493
0.357910,-0.111328,1.097534
-0.078247,-0.345947,0.811035
-0.303223,0.171021,0.944092
0.436523,-0.313232,1.020386
-0.516724,-0.062744,0.756836
0.277100,-0.075317,1.090088
0.029663,-0.377930,0.846191
-0.384644,0.172729,0.925415
0.459839,-0.296509,1.040283
-0.452637,-0.107910,0.774902
0.156982,0.009766,1.047485
0.139893,-0.424683,0.886597
-0.448120,0.125732,0.866455
0.471191,-0.214722,1.079346
-0.373047,-0.192871,0.763794
0.050049,0.101929,1.037598
0.239136,-0.424316,0.904053
-0.502686,0.065796,0.818604
0.472900,-0.215332,1.082886
-0.226440,-0.286621,0.790405
-0.036011,0.140869,1.034668
0.289673,-0.383057,0.907959
-0.527466,0.046997,0.798950
0.467896,-0.223999,1.093628
-0.152954,-0.350708,0.787720
-0.133911,0.126465,1.006226
0.345703,-0.348267,0.956543
-0.508911,0.012939,0.783691
0.424438,-0.125488,1.109619
-0.115234,-0.326904,0.805664
-0.241577,0.171631,0.993286
0.419922,-0.349487,1.008179
-0.502075,-0.051636,0.775879
0.332397,-0.050171,1.107056
-0.040039,-0.337280,0.847412
-0.308472,0.161865,0.953369
0.457031,-0.325439,1.040283
-0.471558,-0.084961,0.762451
0.271484,-0.020508,1.108521
0.031982,-0.368286,0.848145
-0.355103,0.142090,0.929077
0.488159,-0.293701,1.072876
-0.431274,-0.136597,0.772949
0.158325,0.055542,1.069336
0.141968,-0.397461,0.884521
-0.415161,0.132568,0.896240
0.495850,-0.268066,1.082153
-0.367188,-0.213623,0.791138
0.073120,0.053467,1.037842
0.219849,-0.371094,0.917114
-0.466553,0.084961,0.837891
0.507690,-0.216553,1.096313
-0.246094,-0.259888,0.817627
-0.014038,0.108032,1.033447
0.288696,-0.389038,0.939941
-0.505615,0.044800,0.803955
0.499390,-0.216187,1.103638
-0.152222,-0.301758,0.820923
-0.115234,0.149536,1.010742
0.360596,-0.375732,0.965576
-0.505249,-0.003418,0.790161
0.453491,-0.140869,1.126099
-0.087769,-0.334839,0.824097
-0.214722,0.185181,0.997437
0.435913,-0.348633,1.017700
-0.510010,-0.025757,0.781006
0.365723,-0.098633,1.107544
-0.017334,-0.351196,0.839233
-0.266113,0.169067,0.975586
0.467651,-0.287476,1.053223
-0.470581,-0.085693,0.776611
0.271851,-0.030273,1.114258
0.059448,-0.385498,0.865967
-0.352417,0.154541,0.935425
0.493896,-0.274658,1.069336
-0.388672,-0.158081,0.793701
0.170044,0.041138,1.090088
0.182861,-0.411621,0.911621
-0.433105,0.125244,0.879517
0.492310,-0.220337,1.098145
-0.313843,-0.245239,0.787476
0.066650,0.108643,1.075317
0.275635,-0.395996,0.933716
-0.479248,0.092896,0.843262
0.512695,-0.206909,1.108887
-0.190552,-0.301758,0.816772
-0.050781,0.115479,1.024658
0.345337,-0.378418,0.965698
-0.491211,0.017578,0.799927
0.477295,-0.149414,1.130859
-0.094971,-0.317139,0.826416
-0.166870,0.169922,1.009888
0.420288,-0.366699,0.998413
-0.503540,-0.033325,0.787598
0.419067,-0.117920,1.130005
-0.038696,-0.340698,0.843384
-0.248413,0.196655,1.012817
0.467896,-0.324341,1.052246
-0.477661,-0.059204,0.781372
0.330566,-0.044434,1.125977
0.036987,-0.362183,0.867065
-0.320190,0.150635,0.965698
0.509277,-0.299561,1.090454
-0.417603,-0.125488,0.780273
0.229980,0.041626,1.121948
0.144531,-0.381104,0.896851
-0.398560,0.125000,0.902954
0.527588,-0.269409,1.109009
-0.353271,-0.188232,0.805298
0.123779,0.055298,1.069946
0.239624,-0.399048,0.935425
-0.442749,0.100098,0.883423
0.522705,-0.207520,1.129395
-0.262207,-0.239136,0.815186
0.024658,0.121826,1.042603
0.302612,-0.372314,0.966675
-0.462036,0.020996,0.835938
0.524170,-0.209595,1.140625
-0.139282,-0.303711,0.837769
-0.068726,0.152100,1.030029
0.356079,-0.343018,0.980835
-0.460327,-0.008545,0.820312
0.483276,-0.170532,1.150024
-0.073242,-0.345093,0.842163
-0.155518,0.167480,1.016113
0.416626,-0.329956,1.013672
-0.476440,-0.018311,0.809692
0.423096,-0.107666,1.145508
-0.018311,-0.352783,0.867920
-0.244385,0.168213,1.000488
0.470215,-0.301636,1.072021
-0.450439,-0.091064,0.789185
0.332275,-0.009521,1.152466
0.067749,-0.357666,0.882812
-0.313965,0.161133,0.973511
0.513062,-0.310303,1.084961
-0.405029,-0.142822,0.798584
0.233765,0.016846,1.107422
0.173340,-0.388062,0.926025
-0.427979,0.089233,0.881348
0.531372,-0.165039,1.162354
-0.324829,-0.227783,0.813477
0.004517,0.140137,1.085083
0.372803,-0.365601,1.007690
-0.438232,0.010254,0.842529
0.516235,-0.125732,1.183594
-0.028564,-0.322754,0.886108
-0.111206,0.199463,1.071777
0.423706,-0.347168,1.027954
-0.436523,-0.040771,0.832397
0.459717,-0.096680,1.171509
-0.005127,-0.335083,0.871826
-0.172607,0.218872,1.057617
0.494873,-0.313965,1.079956
-0.437622,-0.068604,0.821655
0.368530,-0.044067,1.159668
0.079834,-0.390137,0.898315
-0.258545,0.195557,1.020020
0.544800,-0.275391,1.121338
-0.388306,-0.127319,0.813965
0.272095,0.017456,1.127563
0.179199,-0.405518,0.931152
-0.322876,0.143555,0.960938
0.549438,-0.246948,1.132446
-0.322632,-0.181274,0.839966
0.173706,0.086060,1.114502
0.262207,-0.404785,0.968628
-0.391357,0.106689,0.911011
0.548096,-0.214355,1.144775
-0.250488,-0.212036,0.853027
0.062744,0.118286,1.092773
0.341309,-0.391235,1.005005
-0.438965,0.085938,0.877563
0.519653,-0.132080,1.168335
-0.123169,-0.267090,0.875122
-0.058594,0.207153,1.100342
0.409790,-0.389404,1.012695
-0.447144,0.012939,0.838867
0.491333,-0.113037,1.163940
-0.001831,-0.328857,0.902344
-0.152710,0.202271,1.058472
0.464966,-0.336426,1.059448
-0.443115,-0.030518,0.834229
0.401978,-0.062988,1.148682
0.049805,-0.346802,0.902100
-0.226074,0.194092,1.025269
0.510742,-0.276489,1.100098
-0.403809,-0.089111,0.814087
0.315186,0.007935,1.140015
0.128784,-0.367432,0.917114
-0.293213,0.143555,0.981201
0.541626,-0.256836,1.132690
-0.335815,-0.197876,0.816650
0.190186,0.085083,1.108887
0.251465,-0.422974,0.941895
-0.371948,0.089966,0.901733
0.543457,-0.211304,1.152466
-0.261353,-0.222290,0.841064
0.087036,0.124146,1.096069
0.326904,-0.413818,0.979126
-0.444580,0.082275,0.862061
0.539795,-0.180542,1.152832
-0.172363,-0.223877,0.861450
-0.017700,0.190063,1.086304
0.401733,-0.392212,1.020752
-0.465820,0.027954,0.839233
0.503906,-0.136475,1.153320
-0.047485,-0.298218,0.877930
-0.102539,0.196289,1.084351
0.429810,-0.345947,1.042725
-0.456421,-0.058960,0.830078
0.462524,-0.091553,1.173706
0.026123,-0.346680,0.883667
-0.194214,0.202637,1.041504
0.473755,-0.317749,1.070435
-0.415161,-0.120728,0.819336
0.377441,-0.052246,1.144775
0.062744,-0.333618,0.900635
-0.261841,0.239380,1.027222
0.521973,-0.284668,1.099854
-0.395996,-0.159546,0.814209
0.288086,-0.055298,1.109863
0.143311,-0.362915,0.948120
-0.295044,0.147827,0.957520
0.534912,-0.228027,1.133789
-0.338379,-0.166626,0.826538
0.188354,0.052490,1.106323
0.242310,-0.427246,0.946167
-0.369751,0.096313,0.904785
0.541138,-0.212646,1.140625
-0.282593,-0.193481,0.829834
0.075439,0.123047,1.076538
0.309082,-0.435913,0.968384
-0.425293,0.033325,0.860229
0.532593,-0.176880,1.155640
-0.180420,-0.222290,0.862793
-0.016479,0.207153,1.088135
0.363892,-0.371582,0.988647
-0.467651,0.009888,0.839600
0.501709,-0.186890,1.151855
-0.057251,-0.351929,0.887817
-0.081177,0.184937,1.065063
0.414062,-0.337280,1.020386
-0.477051,0.015137,0.813965
0.453247,-0.120361,1.140625
0.025635,-0.404175,0.883423
-0.139404,0.154785,1.053467
0.457642,-0.312500,1.055420
-0.459106,-0.014893,0.795288
0.383301,-0.052246,1.136475
0.035400,-0.403564,0.867798
-0.207520,0.179565,1.045044
0.520630,-0.338379,1.083862
-0.431152,-0.071777,0.817261
0.305542,0.007202,1.117798
0.111572,-0.388916,0.894409
-0.280884,0.151001,0.979492
0.544800,-0.279541,1.127686
-0.370239,-0.151611,0.816895
0.219116,0.043335,1.089844
0.188110,-0.429077,0.905029
-0.336060,0.105103,0.921143
0.551636,-0.239014,1.132446
-0.315918,-0.189453,0.831055
0.112915,0.120728,1.077026
0.278442,-0.463623,0.930420
-0.405396,0.040894,0.868774
0.540161,-0.226685,1.142822
-0.247681,-0.228271,0.844604
0.031494,0.161621,1.079956
0.348999,-0.422241,0.960815
-0.471313,0.071655,0.849976
0.511963,-0.198486,1.136963
-0.128296,-0.281738,0.872192
-0.051270,0.192749,1.067261
0.385376,-0.373047,1.002075
-0.477173,0.032349,0.819580
0.470703,-0.139404,1.145142
-0.004883,-0.362427,0.892212
-0.125488,0.180542,1.062256
0.412109,-0.335938,1.014893
-0.465088,-0.023315,0.803955
0.437134,-0.103638,1.147095
0.047485,-0.400757,0.885132
-0.202515,0.187134,1.013428
0.450195,-0.292603,1.048584
-0.440918,-0.082397,0.788818
0.364380,-0.063965,1.127075
0.060791,-0.395020,0.882080
-0.246338,0.166748,1.008423
0.505493,-0.279419,1.081421
-0.427002,-0.073853,0.792358
0.263306,-0.004517,1.098999
0.156982,-0.461304,0.912354
-0.307373,0.104858,0.967285
0.529053,-0.258301,1.117676
-0.376709,-0.144287,0.806030
0.166504,0.104126,1.096191
0.224121,-0.446289,0.912109
-0.371948,0.062134,0.903198
0.530029,-0.268188,1.122437
-0.311523,-0.209595,0.818115
0.082153,0.130493,1.078247
0.297607,-0.414795,0.945068
-0.446167,0.055664,0.847656
0.522217,-0.222656,1.138062
-0.203857,-0.255249,0.841675
-0.012451,0.179443,1.072876
0.355347,-0.383911,0.971436
-0.481201,0.064697,0.823486
0.492310,-0.176880,1.133423
-0.094849,-0.323242,0.854370
-0.101074,0.179443,1.052490
0.411499,-0.367310,1.006592
-0.471436,0.002563,0.816162
0.427734,-0.113647,1.122437
0.018188,-0.386719,0.874146
-0.184204,0.171387,1.024048
0.460571,-0.346069,1.048096
-0.458130,-0.060669,0.791504
0.345581,-0.042236,1.108643
0.070312,-0.405396,0.859497
-0.238525,0.142456,0.983643
0.496094,-0.291382,1.075073
-0.421875,-0.093384,0.790894
0.259399,0.000610,1.087402
0.147949,-0.435791,0.880005
-0.330566,0.094116,0.930054
0.522217,-0.284180,1.104736
-0.364136,-0.190430,0.797729
0.150024,0.060791,1.066284
0.240479,-0.433105,0.908447
-0.396973,0.064453,0.866577
0.524658,-0.246460,1.106689
-0.277222,-0.225952,0.817749
0.029419,0.119873,1.050415
0.312744,-0.427246,0.943848
-0.450073,0.025879,0.828003
0.500977,-0.206543,1.123535
-0.185913,-0.248657,0.847412
-0.068115,0.180054,1.023071
0.389893,-0.403687,0.974121
-0.465088,-0.006226,0.807739
0.442749,-0.139404,1.124023
-0.061523,-0.301270,0.866699
-0.151733,0.191772,1.039795
0.437988,-0.381104,1.010986
-0.462646,-0.047729,0.798706
0.375854,-0.096313,1.106201
0.052979,-0.386475,0.859619
-0.216553,0.169312,0.994141
0.456909,-0.300537,1.043457
-0.444214,-0.113892,0.794678
0.307983,-0.102051,1.080933
0.093628,-0.438354,0.857300
-0.295654,0.163940,0.946411
0.491699,-0.246460,1.066650
-0.387939,-0.119385,0.812622
0.197021,0.001831,1.071899
0.185059,-0.479492,0.885620
-0.372192,0.074341,0.881592
0.509155,-0.245361,1.091675
-0.326050,-0.168701,0.800659
0.090454,0.100098,1.060059
0.283936,-0.470215,0.923950
-0.437012,0.042236,0.842285
0.481445,-0.213623,1.097046
-0.249878,-0.230591,0.810913
-0.016357,0.181519,1.068848
0.359375,-0.442261,0.954590
-0.479126,0.054443,0.831543
0.442261,-0.143188,1.113892
-0.125000,-0.290039,0.827515
-0.098511,0.162354,1.036133
0.401245,-0.386353,0.993774
-0.466431,-0.035767,0.791382
0.405640,-0.071899,1.127197
0.021973,-0.363647,0.854248
-0.225342,0.176392,0.989380
0.445312,-0.381226,1.007080
-0.429077,-0.136230,0.781128
0.321533,-0.045898,1.097534
0.098267,-0.390015,0.862183
-0.313232,0.157959,0.939453
0.477539,-0.302734,1.053833
-0.392456,-0.203735,0.779419
0.187988,-0.001099,1.068726
0.194458,-0.432129,0.888062
-0.386475,0.128540,0.892212
0.490601,-0.247192,1.063843
-0.302368,-0.160522,0.837158
0.045654,0.084106,1.034790
0.284790,-0.469971,0.913086
-0.442261,0.008911,0.812134
0.474976,-0.181030,1.101929
